5.7469 5.74708 5.74736 5.74773 5.7482 5.74877 5.74943 5.75018 5.75103 5.75199 5.75303 5.75418 5.75543 5.75677 5.75822 5.75976 5.7614 5.76313 5.76496 5.76687 5.76887 5.77095 5.77311 5.77534 5.77763 5.77998 5.78237 5.7848 5.78726 5.78973 5.79221 5.79468 5.79713 5.79955 5.80193 5.80425 5.80649 5.80866 5.81072 5.81267 5.8145 5.8162 5.81775 5.81915 5.82038 5.82144 5.82232 5.82302 5.82352 5.82384 5.82396 5.82388 5.82361 5.82315 5.8225 5.82166 5.82065 5.81947 5.81813 5.81663 5.81499 5.81322 5.81133 5.80933 5.80724 5.80507 5.80283 5.80054 5.79821 5.79584 5.79347 5.79109 5.78872 5.78638 5.78407 5.7818 5.77958 5.77743 5.77534 5.77334 5.77141 5.76957 5.76783 5.76618 5.76464 5.76319 5.76185 5.76062 5.75949 5.75846 5.75754 5.75673 5.75602 5.75542 5.75491 5.75451 5.75421 5.754 5.7539 5.75389 
5.74708 5.74726 5.74754 5.74792 5.74839 5.74896 5.74962 5.75038 5.75124 5.75219 5.75325 5.7544 5.75566 5.75701 5.75846 5.76002 5.76166 5.76341 5.76525 5.76718 5.76919 5.77129 5.77346 5.7757 5.77801 5.78037 5.78278 5.78523 5.78771 5.7902 5.7927 5.79519 5.79766 5.8001 5.80249 5.80483 5.80709 5.80927 5.81135 5.81331 5.81516 5.81687 5.81843 5.81984 5.82108 5.82215 5.82303 5.82373 5.82424 5.82456 5.82468 5.8246 5.82433 5.82386 5.82321 5.82237 5.82135 5.82016 5.8188 5.81729 5.81564 5.81386 5.81195 5.80994 5.80784 5.80565 5.80339 5.80108 5.79873 5.79635 5.79396 5.79156 5.78917 5.78681 5.78448 5.7822 5.77996 5.77779 5.77569 5.77367 5.77173 5.76988 5.76812 5.76646 5.76491 5.76345 5.7621 5.76086 5.75972 5.75869 5.75776 5.75694 5.75623 5.75561 5.75511 5.7547 5.7544 5.75419 5.75408 5.75407 
5.74736 5.74754 5.74782 5.7482 5.74868 5.74926 5.74993 5.7507 5.75157 5.75255 5.75362 5.7548 5.75607 5.75745 5.75893 5.76051 5.76219 5.76397 5.76584 5.7678 5.76986 5.77199 5.77421 5.77649 5.77884 5.78125 5.78371 5.7862 5.78872 5.79126 5.79381 5.79634 5.79886 5.80134 5.80378 5.80616 5.80846 5.81068 5.8128 5.8148 5.81668 5.81842 5.82001 5.82144 5.8227 5.82379 5.82469 5.82541 5.82592 5.82625 5.82637 5.82629 5.82601 5.82553 5.82487 5.82401 5.82297 5.82175 5.82037 5.81884 5.81715 5.81534 5.8134 5.81135 5.8092 5.80697 5.80467 5.80232 5.79992 5.79749 5.79505 5.79261 5.79018 5.78777 5.7854 5.78307 5.78079 5.77858 5.77644 5.77437 5.77239 5.77051 5.76871 5.76702 5.76543 5.76395 5.76257 5.7613 5.76013 5.75908 5.75813 5.7573 5.75657 5.75594 5.75542 5.755 5.75469 5.75448 5.75436 5.75435 
5.74773 5.74792 5.7482 5.74859 5.74908 5.74967 5.75036 5.75115 5.75205 5.75305 5.75415 5.75536 5.75668 5.7581 5.75962 5.76125 5.76298 5.76481 5.76673 5.76876 5.77087 5.77307 5.77535 5.77771 5.78013 5.78261 5.78514 5.7877 5.7903 5.79292 5.79553 5.79815 5.80074 5.80329 5.8058 5.80825 5.81062 5.8129 5.81508 5.81714 5.81907 5.82085 5.82249 5.82396 5.82526 5.82638 5.8273 5.82803 5.82857 5.82889 5.82902 5.82893 5.82865 5.82816 5.82747 5.82658 5.82551 5.82426 5.82284 5.82126 5.81952 5.81765 5.81566 5.81354 5.81133 5.80904 5.80667 5.80424 5.80178 5.79928 5.79676 5.79425 5.79174 5.78926 5.78681 5.78441 5.78206 5.77978 5.77757 5.77544 5.7734 5.77145 5.7696 5.76786 5.76621 5.76468 5.76325 5.76194 5.76074 5.75965 5.75867 5.7578 5.75704 5.75639 5.75585 5.75542 5.75509 5.75486 5.75474 5.75473 
5.7482 5.74839 5.74868 5.74908 5.74958 5.75019 5.75091 5.75173 5.75266 5.7537 5.75485 5.7561 5.75747 5.75894 5.76053 5.76222 5.76402 5.76593 5.76793 5.77004 5.77224 5.77453 5.7769 5.77935 5.78187 5.78444 5.78707 5.78974 5.79244 5.79516 5.79788 5.8006 5.80329 5.80594 5.80855 5.81109 5.81355 5.81592 5.81818 5.82032 5.82232 5.82417 5.82587 5.82739 5.82874 5.8299 5.83086 5.83161 5.83216 5.8325 5.83263 5.83254 5.83224 5.83173 5.83101 5.83009 5.82898 5.82768 5.8262 5.82455 5.82275 5.82081 5.81873 5.81654 5.81424 5.81185 5.80939 5.80687 5.8043 5.8017 5.79909 5.79647 5.79386 5.79128 5.78873 5.78623 5.78378 5.7814 5.7791 5.77688 5.77476 5.77272 5.77079 5.76897 5.76725 5.76565 5.76416 5.76279 5.76153 5.76039 5.75936 5.75845 5.75765 5.75697 5.7564 5.75594 5.75559 5.75535 5.75522 5.7552 
5.74877 5.74896 5.74926 5.74967 5.75019 5.75083 5.75157 5.75243 5.75341 5.7545 5.7557 5.75702 5.75845 5.76 5.76166 5.76344 5.76533 5.76733 5.76943 5.77164 5.77395 5.77635 5.77884 5.78141 5.78406 5.78676 5.78952 5.79232 5.79515 5.798 5.80085 5.8037 5.80652 5.8093 5.81203 5.81469 5.81726 5.81974 5.8221 5.82434 5.82643 5.82837 5.83015 5.83174 5.83314 5.83435 5.83535 5.83614 5.83672 5.83707 5.8372 5.8371 5.83678 5.83625 5.83549 5.83453 5.83336 5.832 5.83045 5.82872 5.82684 5.8248 5.82262 5.82032 5.81791 5.81541 5.81283 5.81018 5.80749 5.80476 5.80202 5.79927 5.79653 5.79382 5.79114 5.78851 5.78595 5.78345 5.78103 5.77869 5.77645 5.77431 5.77228 5.77036 5.76855 5.76686 5.76529 5.76384 5.76251 5.7613 5.76021 5.75925 5.7584 5.75768 5.75707 5.75658 5.75621 5.75595 5.7558 5.75577 
5.74943 5.74962 5.74993 5.75036 5.75091 5.75157 5.75236 5.75327 5.75429 5.75544 5.75671 5.7581 5.75962 5.76126 5.76301 5.76489 5.76689 5.76901 5.77124 5.77357 5.77602 5.77856 5.78119 5.78391 5.7867 5.78956 5.79247 5.79543 5.79842 5.80143 5.80444 5.80744 5.81042 5.81335 5.81623 5.81903 5.82175 5.82436 5.82685 5.8292 5.83141 5.83345 5.83531 5.83699 5.83847 5.83974 5.84079 5.84162 5.84222 5.84259 5.84272 5.84261 5.84228 5.84171 5.84091 5.83989 5.83866 5.83722 5.83558 5.83376 5.83177 5.82962 5.82732 5.82489 5.82235 5.81971 5.81698 5.81418 5.81134 5.80846 5.80556 5.80265 5.79976 5.79689 5.79406 5.79128 5.78856 5.78591 5.78334 5.78087 5.7785 5.77623 5.77407 5.77203 5.77011 5.76831 5.76664 5.76509 5.76367 5.76239 5.76123 5.76019 5.75929 5.75851 5.75786 5.75733 5.75692 5.75664 5.75647 5.75643 
5.75018 5.75038 5.7507 5.75115 5.75173 5.75243 5.75327 5.75423 5.75532 5.75654 5.75789 5.75937 5.76098 5.76272 5.76459 5.76659 5.76872 5.77097 5.77334 5.77583 5.77843 5.78114 5.78394 5.78683 5.7898 5.79284 5.79594 5.79908 5.80226 5.80545 5.80865 5.81183 5.81499 5.8181 5.82115 5.82413 5.827 5.82977 5.83241 5.8349 5.83724 5.8394 5.84137 5.84315 5.84471 5.84605 5.84716 5.84803 5.84867 5.84905 5.84919 5.84907 5.84871 5.84811 5.84726 5.84618 5.84487 5.84334 5.8416 5.83967 5.83755 5.83527 5.83283 5.83025 5.82755 5.82474 5.82185 5.81888 5.81585 5.81279 5.80971 5.80662 5.80354 5.80049 5.79747 5.79451 5.79161 5.78879 5.78606 5.78342 5.78088 5.77846 5.77616 5.77397 5.77192 5.77 5.7682 5.76655 5.76503 5.76365 5.7624 5.76129 5.76031 5.75947 5.75877 5.75819 5.75775 5.75743 5.75725 5.75719 
5.75103 5.75124 5.75157 5.75205 5.75266 5.75341 5.75429 5.75532 5.75648 5.75778 5.75922 5.76081 5.76253 5.76439 5.7664 5.76854 5.77081 5.77322 5.77576 5.77842 5.7812 5.78409 5.78709 5.79017 5.79335 5.7966 5.7999 5.80326 5.80665 5.81006 5.81347 5.81686 5.82023 5.82355 5.8268 5.82996 5.83303 5.83597 5.83878 5.84143 5.84392 5.84621 5.84831 5.85019 5.85185 5.85328 5.85445 5.85538 5.85605 5.85645 5.8566 5.85647 5.85608 5.85543 5.85453 5.85337 5.85197 5.85034 5.84849 5.84643 5.84417 5.84174 5.83914 5.83639 5.83351 5.83051 5.82742 5.82425 5.82103 5.81776 5.81446 5.81116 5.80787 5.80461 5.80138 5.79821 5.79511 5.79209 5.78916 5.78633 5.78362 5.78102 5.77854 5.7762 5.77399 5.77192 5.76999 5.76821 5.76657 5.76508 5.76373 5.76253 5.76148 5.76056 5.75979 5.75917 5.75868 5.75833 5.75812 5.75805 
5.75199 5.75219 5.75255 5.75305 5.7537 5.7545 5.75544 5.75654 5.75778 5.75918 5.76072 5.76242 5.76427 5.76627 5.76842 5.77072 5.77317 5.77575 5.77848 5.78133 5.78432 5.78742 5.79063 5.79395 5.79735 5.80083 5.80437 5.80797 5.8116 5.81525 5.8189 5.82253 5.82613 5.82968 5.83316 5.83654 5.83981 5.84296 5.84595 5.84878 5.85143 5.85388 5.85612 5.85813 5.85989 5.86141 5.86266 5.86365 5.86436 5.86479 5.86493 5.8648 5.86438 5.86368 5.86271 5.86147 5.85997 5.85823 5.85625 5.85404 5.85163 5.84902 5.84624 5.8433 5.84021 5.83701 5.8337 5.83031 5.82685 5.82335 5.81982 5.81628 5.81275 5.80925 5.80579 5.80238 5.79905 5.79581 5.79266 5.78962 5.78669 5.78389 5.78123 5.7787 5.77632 5.77409 5.772 5.77008 5.7683 5.76669 5.76523 5.76392 5.76278 5.76178 5.76094 5.76026 5.75972 5.75933 5.7591 5.75901 
5.75303 5.75325 5.75362 5.75415 5.75485 5.7557 5.75671 5.75789 5.75922 5.76072 5.76239 5.76421 5.76621 5.76836 5.77067 5.77315 5.77578 5.77857 5.7815 5.78457 5.78778 5.79112 5.79458 5.79814 5.8018 5.80554 5.80935 5.81321 5.8171 5.82102 5.82494 5.82883 5.83269 5.8365 5.84022 5.84384 5.84735 5.85071 5.85392 5.85695 5.85978 5.8624 5.86479 5.86693 5.86882 5.87044 5.87177 5.87282 5.87358 5.87403 5.87418 5.87403 5.87358 5.87283 5.87179 5.87046 5.86885 5.86698 5.86486 5.86249 5.85991 5.85711 5.85413 5.85097 5.84766 5.84423 5.84068 5.83703 5.83332 5.82956 5.82577 5.82197 5.81817 5.81441 5.81068 5.80702 5.80343 5.79994 5.79654 5.79326 5.79011 5.78709 5.78421 5.78148 5.77891 5.77649 5.77424 5.77215 5.77022 5.76847 5.76688 5.76546 5.76421 5.76313 5.76221 5.76146 5.76087 5.76044 5.76017 5.76007 
5.75418 5.7544 5.7548 5.75536 5.7561 5.75702 5.7581 5.75937 5.76081 5.76242 5.76421 5.76618 5.76833 5.77065 5.77315 5.77582 5.77866 5.78166 5.78482 5.78814 5.7916 5.79519 5.79892 5.80275 5.80669 5.81072 5.81481 5.81897 5.82316 5.82737 5.83157 5.83576 5.8399 5.84398 5.84798 5.85187 5.85562 5.85923 5.86267 5.86591 5.86894 5.87175 5.8743 5.8766 5.87862 5.88034 5.88177 5.88289 5.88369 5.88418 5.88433 5.88417 5.88368 5.88287 5.88175 5.88032 5.8786 5.87659 5.87431 5.87177 5.86899 5.86599 5.86279 5.8594 5.85585 5.85215 5.84834 5.84442 5.84043 5.83639 5.83231 5.82822 5.82413 5.82008 5.81607 5.81212 5.80825 5.80448 5.80082 5.79728 5.79387 5.7906 5.78749 5.78454 5.78175 5.77913 5.77669 5.77442 5.77233 5.77043 5.7687 5.76716 5.76579 5.76461 5.7636 5.76278 5.76212 5.76165 5.76135 5.76122 
5.75543 5.75566 5.75607 5.75668 5.75747 5.75845 5.75962 5.76098 5.76253 5.76427 5.76621 5.76833 5.77065 5.77316 5.77585 5.77873 5.7818 5.78504 5.78845 5.79202 5.79576 5.79963 5.80365 5.80778 5.81202 5.81636 5.82077 5.82524 5.82975 5.83427 5.8388 5.8433 5.84775 5.85213 5.85642 5.86059 5.86463 5.86849 5.87218 5.87566 5.87891 5.88191 5.88465 5.8871 5.88926 5.89111 5.89264 5.89383 5.89469 5.8952 5.89536 5.89518 5.89465 5.89378 5.89258 5.89104 5.88919 5.88703 5.88458 5.88185 5.87887 5.87565 5.8722 5.86856 5.86474 5.86077 5.85667 5.85246 5.84817 5.84382 5.83942 5.83502 5.83062 5.82625 5.82193 5.81767 5.8135 5.80943 5.80547 5.80165 5.79796 5.79443 5.79106 5.78787 5.78485 5.78201 5.77936 5.7769 5.77463 5.77256 5.77068 5.76899 5.76751 5.76621 5.76511 5.76421 5.76349 5.76296 5.76263 5.76248 
5.75677 5.75701 5.75745 5.7581 5.75894 5.76 5.76126 5.76272 5.76439 5.76627 5.76836 5.77065 5.77316 5.77586 5.77877 5.78188 5.78519 5.78869 5.79237 5.79623 5.80026 5.80444 5.80876 5.81322 5.81779 5.82246 5.82721 5.83202 5.83687 5.84174 5.8466 5.85144 5.85622 5.86093 5.86553 5.87001 5.87434 5.87849 5.88244 5.88617 5.88965 5.89287 5.8958 5.89843 5.90074 5.90271 5.90435 5.90562 5.90653 5.90708 5.90725 5.90705 5.90648 5.90554 5.90424 5.90259 5.9006 5.89828 5.89565 5.89272 5.88952 5.88606 5.88236 5.87844 5.87434 5.87007 5.86566 5.86114 5.85652 5.85183 5.84711 5.84237 5.83763 5.83292 5.82826 5.82367 5.81917 5.81477 5.8105 5.80637 5.80239 5.79857 5.79493 5.79147 5.78819 5.78512 5.78224 5.77957 5.77711 5.77486 5.77281 5.77098 5.76936 5.76795 5.76674 5.76575 5.76496 5.76438 5.76401 5.76384 
5.75822 5.75846 5.75893 5.75962 5.76053 5.76166 5.76301 5.76459 5.7664 5.76842 5.77067 5.77315 5.77585 5.77877 5.78192 5.78527 5.78884 5.79262 5.79659 5.80075 5.80509 5.8096 5.81426 5.81906 5.82398 5.82901 5.83412 5.83929 5.84451 5.84974 5.85497 5.86017 5.8653 5.87035 5.8753 5.8801 5.88474 5.88919 5.89342 5.89742 5.90115 5.90459 5.90773 5.91054 5.91302 5.91513 5.91687 5.91823 5.91921 5.91979 5.91997 5.91975 5.91913 5.91812 5.91672 5.91495 5.91281 5.91033 5.9075 5.90436 5.90092 5.8972 5.89323 5.88903 5.88462 5.88004 5.8753 5.87043 5.86547 5.86043 5.85535 5.85024 5.84514 5.84007 5.83505 5.8301 5.82525 5.82051 5.8159 5.81144 5.80714 5.80302 5.79908 5.79533 5.79179 5.78846 5.78534 5.78245 5.77978 5.77733 5.77511 5.77311 5.77135 5.76981 5.7685 5.76741 5.76654 5.7659 5.76549 5.76529 
5.75976 5.76002 5.76051 5.76125 5.76222 5.76344 5.76489 5.76659 5.76854 5.77072 5.77315 5.77582 5.77873 5.78188 5.78527 5.78889 5.79274 5.79681 5.80109 5.80557 5.81025 5.8151 5.82012 5.82529 5.83059 5.83599 5.84149 5.84705 5.85265 5.85827 5.86388 5.86946 5.87497 5.88039 5.88569 5.89084 5.89581 5.90058 5.90511 5.90938 5.91338 5.91706 5.92042 5.92343 5.92607 5.92832 5.93019 5.93164 5.93268 5.93329 5.93348 5.93324 5.93257 5.93149 5.92999 5.92809 5.9258 5.92313 5.9201 5.91673 5.91304 5.90905 5.90479 5.90029 5.89556 5.89064 5.88555 5.88033 5.875 5.86958 5.86412 5.85863 5.85315 5.84769 5.84229 5.83696 5.83174 5.82663 5.82166 5.81685 5.81221 5.80776 5.8035 5.79946 5.79563 5.79202 5.78865 5.78552 5.78262 5.77997 5.77756 5.77539 5.77347 5.7718 5.77037 5.76918 5.76823 5.76753 5.76707 5.76684 
5.7614 5.76166 5.76219 5.76298 5.76402 5.76533 5.76689 5.76872 5.77081 5.77317 5.77578 5.77866 5.7818 5.78519 5.78884 5.79274 5.79689 5.80127 5.80587 5.8107 5.81573 5.82095 5.82635 5.8319 5.83759 5.8434 5.8493 5.85527 5.86128 5.86731 5.87333 5.8793 5.88521 5.89101 5.89669 5.9022 5.90752 5.91262 5.91747 5.92204 5.9263 5.93024 5.93383 5.93704 5.93986 5.94227 5.94425 5.9458 5.9469 5.94755 5.94775 5.94749 5.94677 5.94561 5.94401 5.94197 5.93951 5.93665 5.93341 5.9298 5.92585 5.92158 5.91702 5.91219 5.90713 5.90185 5.8964 5.8908 5.88508 5.87927 5.87341 5.86752 5.86163 5.85577 5.84996 5.84424 5.83861 5.83312 5.82777 5.82259 5.81759 5.81279 5.8082 5.80384 5.7997 5.79581 5.79217 5.78878 5.78564 5.78277 5.78016 5.77781 5.77573 5.77391 5.77235 5.77106 5.77003 5.76925 5.76874 5.76849 
5.76313 5.76341 5.76397 5.76481 5.76593 5.76733 5.76901 5.77097 5.77322 5.77575 5.77857 5.78166 5.78504 5.78869 5.79262 5.79681 5.80127 5.80598 5.81093 5.81611 5.82152 5.82712 5.83292 5.83888 5.84498 5.85121 5.85753 5.86393 5.87037 5.87683 5.88327 5.88967 5.89599 5.9022 5.90826 5.91415 5.91984 5.92528 5.93046 5.93534 5.93989 5.94409 5.94792 5.95134 5.95435 5.95691 5.95903 5.96067 5.96185 5.96254 5.96274 5.96246 5.96169 5.96045 5.95873 5.95655 5.95393 5.95087 5.9474 5.94355 5.93932 5.93476 5.92988 5.92472 5.9193 5.91365 5.90782 5.90182 5.8957 5.88948 5.8832 5.87688 5.87057 5.86428 5.85805 5.8519 5.84587 5.83996 5.83422 5.82865 5.82327 5.8181 5.81316 5.80846 5.80401 5.79981 5.79588 5.79222 5.78884 5.78573 5.78291 5.78037 5.77811 5.77614 5.77445 5.77305 5.77192 5.77108 5.77052 5.77024 
5.76496 5.76525 5.76584 5.76673 5.76793 5.76943 5.77124 5.77334 5.77576 5.77848 5.7815 5.78482 5.78845 5.79237 5.79659 5.80109 5.80587 5.81093 5.81624 5.8218 5.8276 5.83361 5.83982 5.8462 5.85274 5.85941 5.86618 5.87302 5.87991 5.88681 5.8937 5.90053 5.90728 5.91391 5.92038 5.92666 5.93273 5.93853 5.94405 5.94925 5.9541 5.95858 5.96265 5.96629 5.96949 5.97222 5.97447 5.97622 5.97747 5.9782 5.97841 5.97811 5.97728 5.97595 5.97412 5.97179 5.96899 5.96573 5.96203 5.95792 5.95341 5.94854 5.94333 5.93782 5.93203 5.92601 5.91977 5.91336 5.90682 5.90017 5.89345 5.88669 5.87993 5.8732 5.86653 5.85995 5.85348 5.84715 5.84098 5.835 5.82923 5.82368 5.81837 5.81332 5.80853 5.80401 5.79978 5.79584 5.79219 5.78885 5.7858 5.78306 5.78062 5.77849 5.77666 5.77514 5.77392 5.773 5.77239 5.77208 
5.76687 5.76718 5.7678 5.76876 5.77004 5.77164 5.77357 5.77583 5.77842 5.78133 5.78457 5.78814 5.79202 5.79623 5.80075 5.80557 5.8107 5.81611 5.8218 5.82776 5.83396 5.84039 5.84703 5.85386 5.86084 5.86797 5.8752 5.88251 5.88986 5.89723 5.90457 5.91185 5.91905 5.92611 5.93301 5.9397 5.94615 5.95233 5.95821 5.96374 5.96889 5.97365 5.97798 5.98185 5.98525 5.98815 5.99053 5.99239 5.99371 5.99448 5.9947 5.99438 5.9935 5.99208 5.99012 5.98765 5.98466 5.98119 5.97725 5.97287 5.96807 5.96288 5.95734 5.95146 5.9453 5.93887 5.93222 5.92539 5.91841 5.91131 5.90414 5.89693 5.88971 5.88252 5.87538 5.86834 5.86142 5.85465 5.84805 5.84165 5.83546 5.82952 5.82383 5.8184 5.81326 5.80841 5.80387 5.79963 5.79571 5.79211 5.78883 5.78588 5.78325 5.78095 5.77898 5.77733 5.77601 5.77502 5.77435 5.774 
5.76887 5.76919 5.76986 5.77087 5.77224 5.77395 5.77602 5.77843 5.7812 5.78432 5.78778 5.7916 5.79576 5.80026 5.80509 5.81025 5.81573 5.82152 5.8276 5.83396 5.84058 5.84745 5.85454 5.86182 5.86927 5.87687 5.88458 5.89236 5.9002 5.90804 5.91586 5.92361 5.93126 5.93877 5.9461 5.95321 5.96007 5.96663 5.97287 5.97874 5.98421 5.98926 5.99385 5.99796 6.00156 6.00463 6.00716 6.00912 6.01052 6.01134 6.01157 6.01121 6.01028 6.00877 6.00669 6.00406 6.00089 5.9972 5.99302 5.98836 5.98326 5.97774 5.97185 5.9656 5.95905 5.95221 5.94514 5.93787 5.93043 5.92288 5.91524 5.90755 5.89986 5.89219 5.88458 5.87707 5.86968 5.86245 5.8554 5.84856 5.84195 5.83559 5.8295 5.8237 5.81819 5.813 5.80813 5.80358 5.79938 5.79551 5.79199 5.78882 5.78599 5.78352 5.7814 5.77962 5.7782 5.77712 5.7764 5.77602 
5.77095 5.77129 5.77199 5.77307 5.77453 5.77635 5.77856 5.78114 5.78409 5.78742 5.79112 5.79519 5.79963 5.80444 5.8096 5.8151 5.82095 5.82712 5.83361 5.84039 5.84745 5.85476 5.86231 5.87007 5.878 5.88608 5.89428 5.90256 5.91088 5.91922 5.92752 5.93575 5.94387 5.95184 5.95962 5.96716 5.97443 5.98139 5.988 5.99421 6.00001 6.00535 6.01021 6.01456 6.01837 6.02162 6.02429 6.02637 6.02784 6.0287 6.02894 6.02856 6.02757 6.02597 6.02376 6.02097 6.01761 6.0137 6.00927 6.00433 5.99892 5.99307 5.98682 5.98019 5.97323 5.96598 5.95847 5.95075 5.94285 5.93483 5.92671 5.91854 5.91035 5.90219 5.8941 5.8861 5.87823 5.87053 5.86302 5.85572 5.84867 5.84188 5.83538 5.82918 5.8233 5.81775 5.81254 5.80768 5.80318 5.79904 5.79527 5.79187 5.78884 5.78619 5.78391 5.782 5.78047 5.77931 5.77852 5.77811 
5.77311 5.77346 5.77421 5.77535 5.7769 5.77884 5.78119 5.78394 5.78709 5.79063 5.79458 5.79892 5.80365 5.80876 5.81426 5.82012 5.82635 5.83292 5.83982 5.84703 5.85454 5.86231 5.87033 5.87857 5.887 5.89558 5.90428 5.91306 5.92189 5.93072 5.93952 5.94824 5.95684 5.96528 5.97351 5.9815 5.98919 5.99654 6.00353 6.0101 6.01623 6.02187 6.027 6.03159 6.03561 6.03904 6.04186 6.04405 6.04561 6.04651 6.04676 6.04636 6.04531 6.04361 6.04128 6.03833 6.03477 6.03064 6.02594 6.02072 6.015 6.00881 6.00219 5.99518 5.98781 5.98013 5.97218 5.964 5.95563 5.94712 5.93851 5.92984 5.92115 5.91249 5.9039 5.8954 5.88704 5.87885 5.87087 5.86311 5.8556 5.84838 5.84145 5.83485 5.82858 5.82266 5.81711 5.81192 5.80712 5.8027 5.79867 5.79503 5.79179 5.78895 5.78651 5.78447 5.78282 5.78158 5.78073 5.78028 
5.77534 5.7757 5.77649 5.77771 5.77935 5.78141 5.78391 5.78683 5.79017 5.79395 5.79814 5.80275 5.80778 5.81322 5.81906 5.82529 5.8319 5.83888 5.8462 5.85386 5.86182 5.87007 5.87857 5.8873 5.89623 5.90532 5.91453 5.92383 5.93317 5.94251 5.95182 5.96104 5.97013 5.97904 5.98773 5.99616 6.00428 6.01204 6.01941 6.02634 6.0328 6.03875 6.04416 6.049 6.05323 6.05685 6.05981 6.06212 6.06375 6.0647 6.06496 6.06454 6.06342 6.06163 6.05917 6.05605 6.0523 6.04794 6.04298 6.03747 6.03143 6.0249 6.01791 6.0105 6.00272 5.99461 5.9862 5.97755 5.96871 5.9597 5.95059 5.94142 5.93223 5.92306 5.91395 5.90495 5.89608 5.8874 5.87892 5.87069 5.86272 5.85505 5.8477 5.84068 5.83401 5.82772 5.8218 5.81628 5.81117 5.80646 5.80217 5.79829 5.79483 5.7918 5.7892 5.78701 5.78525 5.78392 5.78301 5.78252 
5.77763 5.77801 5.77884 5.78013 5.78187 5.78406 5.7867 5.7898 5.79335 5.79735 5.8018 5.80669 5.81202 5.81779 5.82398 5.83059 5.83759 5.84498 5.85274 5.86084 5.86927 5.878 5.887 5.89623 5.90567 5.91527 5.925 5.93482 5.94468 5.95455 5.96436 5.97409 5.98367 5.99306 6.00223 6.0111 6.01965 6.02783 6.03558 6.04288 6.04967 6.05593 6.06162 6.0667 6.07116 6.07495 6.07807 6.08049 6.08221 6.0832 6.08347 6.08302 6.08185 6.07996 6.07737 6.07408 6.07014 6.06554 6.06033 6.05452 6.04816 6.04128 6.03392 6.02611 6.01791 6.00936 6.0005 5.99137 5.98204 5.97254 5.96292 5.95324 5.94353 5.93384 5.92421 5.91469 5.90532 5.89613 5.88716 5.87845 5.87001 5.86188 5.85408 5.84664 5.83957 5.83289 5.82662 5.82076 5.81532 5.81032 5.80575 5.80163 5.79796 5.79473 5.79195 5.78962 5.78775 5.78632 5.78535 5.78483 
5.77998 5.78037 5.78125 5.78261 5.78444 5.78676 5.78956 5.79284 5.7966 5.80083 5.80554 5.81072 5.81636 5.82246 5.82901 5.83599 5.8434 5.85121 5.85941 5.86797 5.87687 5.88608 5.89558 5.90532 5.91527 5.92539 5.93565 5.946 5.95639 5.96677 5.9771 5.98734 5.99742 6.0073 6.01693 6.02626 6.03524 6.04383 6.05197 6.05964 6.06677 6.07334 6.07931 6.08464 6.08931 6.09329 6.09656 6.0991 6.10089 6.10193 6.10221 6.10174 6.1005 6.09852 6.09579 6.09235 6.0882 6.08337 6.0779 6.0718 6.06512 6.05788 6.05015 6.04194 6.03332 6.02432 6.015 6.0054 5.99558 5.98558 5.97545 5.96525 5.95501 5.9448 5.93465 5.92461 5.91472 5.90502 5.89555 5.88634 5.87743 5.86884 5.86059 5.85272 5.84524 5.83817 5.83153 5.82532 5.81956 5.81426 5.80942 5.80505 5.80115 5.79772 5.79477 5.7923 5.7903 5.78879 5.78775 5.78719 
5.78237 5.78278 5.78371 5.78514 5.78707 5.78952 5.79247 5.79594 5.7999 5.80437 5.80935 5.81481 5.82077 5.82721 5.83412 5.84149 5.8493 5.85753 5.86618 5.8752 5.88458 5.89428 5.90428 5.91453 5.925 5.93565 5.94644 5.95731 5.96823 5.97914 5.98999 6.00073 6.01131 6.02168 6.03178 6.04157 6.05099 6.05999 6.06852 6.07655 6.08402 6.0909 6.09715 6.10273 6.10762 6.11178 6.1152 6.11785 6.11973 6.12082 6.12111 6.12061 6.11931 6.11723 6.11438 6.11077 6.10642 6.10136 6.09562 6.08923 6.08222 6.07464 6.06653 6.05793 6.04888 6.03944 6.02966 6.01958 6.00926 5.99876 5.98812 5.97739 5.96664 5.95589 5.94522 5.93465 5.92424 5.91403 5.90405 5.89435 5.88496 5.8759 5.8672 5.8589 5.851 5.84354 5.83652 5.82996 5.82387 5.81827 5.81315 5.80852 5.80439 5.80077 5.79764 5.79502 5.79291 5.7913 5.79019 5.78959 
5.7848 5.78523 5.7862 5.7877 5.78974 5.79232 5.79543 5.79908 5.80326 5.80797 5.81321 5.81897 5.82524 5.83202 5.83929 5.84705 5.85527 5.86393 5.87302 5.88251 5.89236 5.90256 5.91306 5.92383 5.93482 5.946 5.95731 5.96872 5.98016 5.9916 6.00297 6.01422 6.0253 6.03616 6.04673 6.05697 6.06682 6.07623 6.08515 6.09354 6.10135 6.10854 6.11507 6.1209 6.126 6.13035 6.13392 6.13669 6.13864 6.13978 6.14008 6.13955 6.13819 6.13602 6.13303 6.12926 6.12472 6.11943 6.11343 6.10674 6.09942 6.09149 6.083 6.074 6.06453 6.05465 6.0444 6.03385 6.02304 6.01203 6.00088 5.98963 5.97835 5.96708 5.95587 5.94478 5.93385 5.92312 5.91264 5.90244 5.89256 5.88303 5.87388 5.86514 5.85682 5.84896 5.84157 5.83466 5.82824 5.82233 5.81693 5.81204 5.80769 5.80386 5.80055 5.79778 5.79555 5.79384 5.79267 5.79204 
5.78726 5.78771 5.78872 5.7903 5.79244 5.79515 5.79842 5.80226 5.80665 5.8116 5.8171 5.82316 5.82975 5.83687 5.84451 5.85265 5.86128 5.87037 5.87991 5.88986 5.9002 5.91088 5.92189 5.93317 5.94468 5.95639 5.96823 5.98016 5.99214 6.00409 6.01598 6.02774 6.03932 6.05065 6.06169 6.07238 6.08266 6.09249 6.1018 6.11054 6.11869 6.12618 6.13298 6.13906 6.14438 6.14891 6.15263 6.15551 6.15755 6.15873 6.15904 6.15849 6.15707 6.1548 6.15169 6.14775 6.14301 6.1375 6.13123 6.12426 6.11662 6.10834 6.09948 6.09008 6.08019 6.06987 6.05917 6.04814 6.03684 6.02533 6.01367 6.0019 5.9901 5.9783 5.96657 5.95495 5.9435 5.93225 5.92126 5.91057 5.9002 5.8902 5.8806 5.87142 5.86269 5.85443 5.84665 5.83939 5.83264 5.82642 5.82074 5.8156 5.81101 5.80697 5.8035 5.80058 5.79822 5.79642 5.79518 5.79451 
5.78973 5.7902 5.79126 5.79292 5.79516 5.798 5.80143 5.80545 5.81006 5.81525 5.82102 5.82737 5.83427 5.84174 5.84974 5.85827 5.86731 5.87683 5.88681 5.89723 5.90804 5.91922 5.93072 5.94251 5.95455 5.96677 5.97914 5.9916 6.00409 6.01657 6.02897 6.04123 6.0533 6.06512 6.07662 6.08775 6.09846 6.10868 6.11837 6.12748 6.13595 6.14375 6.15082 6.15714 6.16267 6.16738 6.17125 6.17424 6.17636 6.17758 6.17791 6.17733 6.17586 6.17349 6.17025 6.16616 6.16122 6.15548 6.14897 6.14171 6.13375 6.12513 6.1159 6.10611 6.09581 6.08505 6.0739 6.0624 6.05062 6.03861 6.02644 6.01416 6.00183 5.98951 5.97726 5.96512 5.95314 5.94139 5.92989 5.9187 5.90785 5.89738 5.88733 5.87771 5.86856 5.8599 5.85176 5.84413 5.83705 5.83053 5.82456 5.81917 5.81435 5.81011 5.80645 5.80338 5.8009 5.79901 5.79771 5.797 
5.79221 5.7927 5.79381 5.79553 5.79788 5.80085 5.80444 5.80865 5.81347 5.8189 5.82494 5.83157 5.8388 5.8466 5.85497 5.86388 5.87333 5.88327 5.8937 5.90457 5.91586 5.92752 5.93952 5.95182 5.96436 5.9771 5.98999 6.00297 6.01598 6.02897 6.04187 6.05463 6.06718 6.07947 6.09143 6.103 6.11413 6.12475 6.13482 6.14427 6.15307 6.16116 6.1685 6.17506 6.1808 6.18568 6.18969 6.1928 6.19499 6.19626 6.1966 6.19599 6.19446 6.19201 6.18864 6.18439 6.17927 6.17331 6.16654 6.159 6.15073 6.14178 6.13219 6.12202 6.11131 6.10012 6.08852 6.07656 6.0643 6.0518 6.03913 6.02634 6.0135 6.00066 5.98789 5.97523 5.96274 5.95048 5.93849 5.9268 5.91548 5.90454 5.89404 5.88399 5.87442 5.86537 5.85685 5.84887 5.84146 5.83463 5.82839 5.82274 5.81769 5.81325 5.80941 5.8062 5.80359 5.80161 5.80024 5.79949 
5.79468 5.79519 5.79634 5.79815 5.8006 5.8037 5.80744 5.81183 5.81686 5.82253 5.82883 5.83576 5.8433 5.85144 5.86017 5.86946 5.8793 5.88967 5.90053 5.91185 5.92361 5.93575 5.94824 5.96104 5.97409 5.98734 6.00073 6.01422 6.02774 6.04123 6.05463 6.06788 6.08091 6.09365 6.10606 6.11806 6.1296 6.14061 6.15104 6.16084 6.16995 6.17834 6.18594 6.19273 6.19867 6.20373 6.20788 6.2111 6.21337 6.21468 6.21502 6.2144 6.21281 6.21027 6.20678 6.20237 6.19707 6.19089 6.18388 6.17607 6.1675 6.15821 6.14827 6.13772 6.12661 6.115 6.10296 6.09055 6.07782 6.06484 6.05167 6.03839 6.02504 6.0117 5.99841 5.98525 5.97225 5.95949 5.947 5.93484 5.92304 5.91164 5.90069 5.89022 5.88024 5.8708 5.86191 5.85358 5.84585 5.83871 5.83219 5.82629 5.82101 5.81637 5.81236 5.809 5.80627 5.80419 5.80276 5.80197 
5.79713 5.79766 5.79886 5.80074 5.80329 5.80652 5.81042 5.81499 5.82023 5.82613 5.83269 5.8399 5.84775 5.85622 5.8653 5.87497 5.88521 5.89599 5.90728 5.91905 5.93126 5.94387 5.95684 5.97013 5.98367 5.99742 6.01131 6.0253 6.03932 6.0533 6.06718 6.08091 6.0944 6.1076 6.12044 6.13286 6.1448 6.15619 6.16698 6.17711 6.18653 6.1952 6.20306 6.21007 6.21621 6.22144 6.22572 6.22904 6.23139 6.23274 6.2331 6.23245 6.23081 6.22818 6.22458 6.22002 6.21453 6.20815 6.2009 6.19282 6.18395 6.17435 6.16406 6.15314 6.14164 6.12963 6.11716 6.1043 6.09111 6.07767 6.06402 6.05025 6.03641 6.02256 6.00878 5.99511 5.98163 5.96837 5.9554 5.94276 5.9305 5.91865 5.90726 5.89637 5.88599 5.87616 5.86691 5.85824 5.85019 5.84275 5.83596 5.8298 5.8243 5.81946 5.81528 5.81177 5.80893 5.80676 5.80526 5.80444 
5.79955 5.8001 5.80134 5.80329 5.80594 5.8093 5.81335 5.8181 5.82355 5.82968 5.8365 5.84398 5.85213 5.86093 5.87035 5.88039 5.89101 5.9022 5.91391 5.92611 5.93877 5.95184 5.96528 5.97904 5.99306 6.0073 6.02168 6.03616 6.05065 6.06512 6.07947 6.09365 6.1076 6.12124 6.1345 6.14733 6.15965 6.17141 6.18255 6.193 6.20272 6.21166 6.21977 6.22701 6.23333 6.23872 6.24314 6.24656 6.24898 6.25037 6.25074 6.25007 6.24838 6.24566 6.24195 6.23725 6.23159 6.225 6.21752 6.20918 6.20003 6.19012 6.1795 6.16822 6.15634 6.14393 6.13105 6.11776 6.10413 6.09022 6.07611 6.06186 6.04753 6.03321 6.01894 6.00479 5.99082 5.97708 5.96364 5.95053 5.93782 5.92553 5.91372 5.90241 5.89164 5.88144 5.87182 5.86282 5.85445 5.84673 5.83966 5.83327 5.82755 5.82251 5.81816 5.81451 5.81155 5.80929 5.80773 5.80687 
5.80193 5.80249 5.80378 5.8058 5.80855 5.81203 5.81623 5.82115 5.8268 5.83316 5.84022 5.84798 5.85642 5.86553 5.8753 5.88569 5.89669 5.90826 5.92038 5.93301 5.9461 5.95962 5.97351 5.98773 6.00223 6.01693 6.03178 6.04673 6.06169 6.07662 6.09143 6.10606 6.12044 6.1345 6.14817 6.16139 6.17409 6.18621 6.19767 6.20844 6.21845 6.22765 6.236 6.24345 6.24996 6.2555 6.26005 6.26357 6.26606 6.26749 6.26786 6.26718 6.26543 6.26264 6.25881 6.25398 6.24815 6.24137 6.23366 6.22507 6.21565 6.20544 6.1945 6.18287 6.17063 6.15784 6.14456 6.13085 6.11678 6.10244 6.08787 6.07316 6.05837 6.04358 6.02883 6.01421 5.99977 5.98557 5.97167 5.95812 5.94496 5.93225 5.92002 5.90831 5.89716 5.88659 5.87663 5.8673 5.85863 5.85062 5.84329 5.83666 5.83072 5.8255 5.82099 5.81719 5.81412 5.81177 5.81015 5.80926 
5.80425 5.80483 5.80616 5.80825 5.81109 5.81469 5.81903 5.82413 5.82996 5.83654 5.84384 5.85187 5.86059 5.87001 5.8801 5.89084 5.9022 5.91415 5.92666 5.9397 5.95321 5.96716 5.9815 5.99616 6.0111 6.02626 6.04157 6.05697 6.07238 6.08775 6.103 6.11806 6.13286 6.14733 6.16139 6.17499 6.18804 6.2005 6.21229 6.22335 6.23364 6.24309 6.25167 6.25932 6.26601 6.2717 6.27637 6.27999 6.28254 6.28401 6.28439 6.28369 6.28189 6.27903 6.2751 6.27012 6.26414 6.25717 6.24925 6.24042 6.23074 6.22024 6.20899 6.19704 6.18445 6.17128 6.15761 6.14351 6.12903 6.11426 6.09926 6.08411 6.06887 6.05362 6.03842 6.02335 6.00846 5.99381 5.97946 5.96548 5.9519 5.93877 5.92614 5.91404 5.90252 5.8916 5.8813 5.87166 5.86268 5.8544 5.84682 5.83996 5.83382 5.82841 5.82374 5.81981 5.81663 5.81419 5.81251 5.81158 
5.80649 5.80709 5.80846 5.81062 5.81355 5.81726 5.82175 5.827 5.83303 5.83981 5.84735 5.85562 5.86463 5.87434 5.88474 5.89581 5.90752 5.91984 5.93273 5.94615 5.96007 5.97443 5.98919 6.00428 6.01965 6.03524 6.05099 6.06682 6.08266 6.09846 6.11413 6.1296 6.1448 6.15965 6.17409 6.18804 6.20144 6.21422 6.22632 6.23767 6.24822 6.25791 6.2667 6.27455 6.2814 6.28724 6.29202 6.29573 6.29835 6.29985 6.30024 6.29952 6.29768 6.29474 6.29071 6.28562 6.27948 6.27233 6.26421 6.25516 6.24522 6.23445 6.2229 6.21064 6.19771 6.1842 6.17016 6.15567 6.1408 6.12562 6.11021 6.09463 6.07897 6.06328 6.04765 6.03214 6.01682 6.00174 5.98697 5.97257 5.95858 5.94505 5.93204 5.91957 5.90769 5.89643 5.88581 5.87586 5.86661 5.85806 5.85023 5.84315 5.83681 5.83122 5.8264 5.82234 5.81905 5.81654 5.8148 5.81384 
5.80866 5.80927 5.81068 5.8129 5.81592 5.81974 5.82436 5.82977 5.83597 5.84296 5.85071 5.85923 5.86849 5.87849 5.88919 5.90058 5.91262 5.92528 5.93853 5.95233 5.96663 5.98139 5.99654 6.01204 6.02783 6.04383 6.05999 6.07623 6.09249 6.10868 6.12475 6.14061 6.15619 6.17141 6.18621 6.2005 6.21422 6.22731 6.23969 6.25131 6.26211 6.27203 6.28103 6.28906 6.29607 6.30204 6.30694 6.31073 6.3134 6.31494 6.31535 6.3146 6.31272 6.30971 6.30559 6.30037 6.29409 6.28678 6.27846 6.2692 6.25903 6.248 6.23617 6.22361 6.21037 6.19652 6.18214 6.16728 6.15204 6.13647 6.12066 6.10468 6.08861 6.07252 6.05647 6.04055 6.02481 6.00933 5.99415 5.97935 5.96498 5.95107 5.93769 5.92487 5.91265 5.90106 5.89013 5.8799 5.87037 5.86157 5.85351 5.84621 5.83968 5.83393 5.82896 5.82478 5.82139 5.8188 5.817 5.81601 
5.81072 5.81135 5.8128 5.81508 5.81818 5.8221 5.82685 5.83241 5.83878 5.84595 5.85392 5.86267 5.87218 5.88244 5.89342 5.90511 5.91747 5.93046 5.94405 5.95821 5.97287 5.988 6.00353 6.01941 6.03558 6.05197 6.06852 6.08515 6.1018 6.11837 6.13482 6.15104 6.16698 6.18255 6.19767 6.21229 6.22632 6.23969 6.25235 6.26422 6.27525 6.28539 6.29458 6.30278 6.30994 6.31604 6.32104 6.32491 6.32764 6.32921 6.32962 6.32886 6.32694 6.32387 6.31966 6.31433 6.30792 6.30044 6.29195 6.28248 6.27209 6.26082 6.24873 6.23588 6.22235 6.20819 6.19347 6.17828 6.16268 6.14675 6.13057 6.11421 6.09776 6.08127 6.06484 6.04852 6.0324 6.01652 6.00097 5.98579 5.97105 5.95679 5.94306 5.92991 5.91736 5.90547 5.89425 5.88373 5.87395 5.86491 5.85663 5.84913 5.84242 5.83651 5.8314 5.8271 5.82362 5.82095 5.8191 5.81808 
5.81267 5.81331 5.8148 5.81714 5.82032 5.82434 5.8292 5.8349 5.84143 5.84878 5.85695 5.86591 5.87566 5.88617 5.89742 5.90938 5.92204 5.93534 5.94925 5.96374 5.97874 5.99421 6.0101 6.02634 6.04288 6.05964 6.07655 6.09354 6.11054 6.12748 6.14427 6.16084 6.17711 6.193 6.20844 6.22335 6.23767 6.25131 6.26422 6.27633 6.28758 6.29792 6.30728 6.31564 6.32295 6.32916 6.33425 6.3382 6.34099 6.34259 6.34301 6.34223 6.34028 6.33714 6.33285 6.32742 6.32088 6.31326 6.3046 6.29494 6.28434 6.27284 6.26051 6.2474 6.23359 6.21914 6.20412 6.18861 6.17268 6.15641 6.13988 6.12317 6.10635 6.0895 6.0727 6.05602 6.03953 6.0233 6.00739 5.99186 5.97677 5.96217 5.94812 5.93465 5.9218 5.90962 5.89813 5.88736 5.87733 5.86806 5.85958 5.85189 5.84501 5.83894 5.83371 5.8293 5.82572 5.82299 5.82109 5.82004 
5.8145 5.81516 5.81668 5.81907 5.82232 5.82643 5.83141 5.83724 5.84392 5.85143 5.85978 5.86894 5.87891 5.88965 5.90115 5.91338 5.9263 5.93989 5.9541 5.96889 5.98421 6.00001 6.01623 6.0328 6.04967 6.06677 6.08402 6.10135 6.11869 6.13595 6.15307 6.16995 6.18653 6.20272 6.21845 6.23364 6.24822 6.26211 6.27525 6.28758 6.29903 6.30955 6.31909 6.32759 6.33502 6.34135 6.34653 6.35055 6.35338 6.35501 6.35543 6.35465 6.35266 6.34947 6.3451 6.33957 6.33291 6.32516 6.31634 6.30652 6.29572 6.28402 6.27146 6.25811 6.24404 6.22932 6.21402 6.19821 6.18198 6.16539 6.14854 6.1315 6.11435 6.09717 6.08003 6.06301 6.04618 6.02961 6.01337 5.99751 5.9821 5.9672 5.95284 5.93908 5.92595 5.9135 5.90175 5.89074 5.88048 5.87101 5.86233 5.85447 5.84743 5.84123 5.83586 5.83135 5.82769 5.8249 5.82296 5.82188 
5.8162 5.81687 5.81842 5.82085 5.82417 5.82837 5.83345 5.8394 5.84621 5.85388 5.8624 5.87175 5.88191 5.89287 5.90459 5.91706 5.93024 5.94409 5.95858 5.97365 5.98926 6.00535 6.02187 6.03875 6.05593 6.07334 6.0909 6.10854 6.12618 6.14375 6.16116 6.17834 6.1952 6.21166 6.22765 6.24309 6.25791 6.27203 6.28539 6.29792 6.30955 6.32024 6.32993 6.33856 6.34611 6.35254 6.3578 6.36188 6.36476 6.36641 6.36684 6.36605 6.36402 6.36078 6.35635 6.35073 6.34397 6.33609 6.32714 6.31715 6.30618 6.29428 6.28152 6.26795 6.25365 6.23868 6.22312 6.20704 6.19053 6.17366 6.15651 6.13917 6.12171 6.10422 6.08677 6.06944 6.0523 6.03542 6.01888 6.00272 5.98702 5.97183 5.95719 5.94316 5.92978 5.91708 5.9051 5.89386 5.8834 5.87373 5.86488 5.85685 5.84967 5.84334 5.83786 5.83326 5.82952 5.82666 5.82468 5.82358 
5.81775 5.81843 5.82001 5.82249 5.82587 5.83015 5.83531 5.84137 5.84831 5.85612 5.86479 5.8743 5.88465 5.8958 5.90773 5.92042 5.93383 5.94792 5.96265 5.97798 5.99385 6.01021 6.027 6.04416 6.06162 6.07931 6.09715 6.11507 6.13298 6.15082 6.1685 6.18594 6.20306 6.21977 6.236 6.25167 6.2667 6.28103 6.29458 6.30728 6.31909 6.32993 6.33975 6.34851 6.35617 6.36268 6.36802 6.37215 6.37507 6.37675 6.37718 6.37638 6.37432 6.37104 6.36654 6.36085 6.35399 6.346 6.33692 6.32679 6.31566 6.30359 6.29064 6.27687 6.26236 6.24717 6.23137 6.21505 6.19829 6.18116 6.16374 6.14613 6.1284 6.11063 6.0929 6.07528 6.05786 6.04071 6.02389 6.00746 5.99149 5.97604 5.96115 5.94688 5.93326 5.92034 5.90814 5.89671 5.88606 5.87622 5.8672 5.85903 5.85171 5.84526 5.83969 5.835 5.83119 5.82828 5.82626 5.82514 
5.81915 5.81984 5.82144 5.82396 5.82739 5.83174 5.83699 5.84315 5.85019 5.85813 5.86693 5.8766 5.8871 5.89843 5.91054 5.92343 5.93704 5.95134 5.96629 5.98185 5.99796 6.01456 6.03159 6.049 6.0667 6.08464 6.10273 6.1209 6.13906 6.15714 6.17506 6.19273 6.21007 6.22701 6.24345 6.25932 6.27455 6.28906 6.30278 6.31564 6.32759 6.33856 6.34851 6.35738 6.36513 6.37172 6.37712 6.38131 6.38426 6.38596 6.3864 6.38558 6.38351 6.38019 6.37563 6.36987 6.36293 6.35484 6.34564 6.33538 6.32412 6.3119 6.29878 6.28484 6.27013 6.25474 6.23874 6.2222 6.20521 6.18785 6.1702 6.15235 6.13437 6.11635 6.09837 6.08051 6.06284 6.04543 6.02836 6.0117 5.99549 5.97981 5.9647 5.9502 5.93638 5.92326 5.91087 5.89926 5.88844 5.87845 5.86929 5.86099 5.85355 5.847 5.84133 5.83656 5.83269 5.82973 5.82768 5.82654 
5.82038 5.82108 5.8227 5.82526 5.82874 5.83314 5.83847 5.84471 5.85185 5.85989 5.86882 5.87862 5.88926 5.90074 5.91302 5.92607 5.93986 5.95435 5.96949 5.98525 6.00156 6.01837 6.03561 6.05323 6.07116 6.08931 6.10762 6.126 6.14438 6.16267 6.1808 6.19867 6.21621 6.23333 6.24996 6.26601 6.2814 6.29607 6.30994 6.32295 6.33502 6.34611 6.35617 6.36513 6.37296 6.37962 6.38508 6.38931 6.39229 6.39401 6.39446 6.39363 6.39153 6.38817 6.38357 6.37775 6.37073 6.36256 6.35326 6.3429 6.33151 6.31915 6.30589 6.29179 6.27693 6.26136 6.24518 6.22845 6.21127 6.19371 6.17585 6.15779 6.13959 6.12136 6.10316 6.08508 6.06719 6.04957 6.03229 6.01541 5.999 5.98311 5.9678 5.95312 5.93912 5.92582 5.91327 5.9015 5.89054 5.88041 5.87112 5.8627 5.85517 5.84852 5.84278 5.83794 5.83402 5.83102 5.82894 5.82778 
5.82144 5.82215 5.82379 5.82638 5.8299 5.83435 5.83974 5.84605 5.85328 5.86141 5.87044 5.88034 5.89111 5.90271 5.91513 5.92832 5.94227 5.95691 5.97222 5.98815 6.00463 6.02162 6.03904 6.05685 6.07495 6.09329 6.11178 6.13035 6.14891 6.16738 6.18568 6.20373 6.22144 6.23872 6.2555 6.2717 6.28724 6.30204 6.31604 6.32916 6.34135 6.35254 6.36268 6.37172 6.37962 6.38634 6.39185 6.39612 6.39912 6.40086 6.40131 6.40047 6.39836 6.39497 6.39033 6.38445 6.37737 6.36912 6.35975 6.34929 6.33779 6.32533 6.31195 6.29772 6.28271 6.267 6.25066 6.23378 6.21643 6.19869 6.18066 6.16242 6.14404 6.12563 6.10724 6.08898 6.0709 6.0531 6.03564 6.01858 6.00199 5.98593 5.97046 5.95562 5.94145 5.92801 5.91532 5.90342 5.89233 5.88208 5.87269 5.86418 5.85655 5.84983 5.84402 5.83913 5.83516 5.83212 5.83001 5.82884 
5.82232 5.82303 5.82469 5.8273 5.83086 5.83535 5.84079 5.84716 5.85445 5.86266 5.87177 5.88177 5.89264 5.90435 5.91687 5.93019 5.94425 5.95903 5.97447 5.99053 6.00716 6.02429 6.04186 6.05981 6.07807 6.09656 6.1152 6.13392 6.15263 6.17125 6.18969 6.20788 6.22572 6.24314 6.26005 6.27637 6.29202 6.30694 6.32104 6.33425 6.34653 6.3578 6.36802 6.37712 6.38508 6.39185 6.3974 6.40169 6.40472 6.40647 6.40692 6.40608 6.40395 6.40054 6.39586 6.38995 6.38282 6.37451 6.36506 6.35452 6.34295 6.33039 6.31691 6.30257 6.28745 6.27162 6.25516 6.23814 6.22066 6.20278 6.18461 6.16622 6.1477 6.12913 6.11059 6.09218 6.07395 6.056 6.03839 6.02118 6.00445 5.98825 5.97264 5.95767 5.94338 5.92982 5.91701 5.905 5.89381 5.88347 5.87399 5.8654 5.8577 5.85092 5.84505 5.84011 5.8361 5.83304 5.83091 5.82973 
5.82302 5.82373 5.82541 5.82803 5.83161 5.83614 5.84162 5.84803 5.85538 5.86365 5.87282 5.88289 5.89383 5.90562 5.91823 5.93164 5.9458 5.96067 5.97622 5.99239 6.00912 6.02637 6.04405 6.06212 6.08049 6.0991 6.11785 6.13669 6.15551 6.17424 6.1928 6.2111 6.22904 6.24656 6.26357 6.27999 6.29573 6.31073 6.32491 6.3382 6.35055 6.36188 6.37215 6.38131 6.38931 6.39612 6.40169 6.40602 6.40906 6.41082 6.41127 6.41043 6.40829 6.40485 6.40015 6.3942 6.38703 6.37868 6.36918 6.35858 6.34694 6.33431 6.32075 6.30633 6.29112 6.2752 6.25864 6.24152 6.22393 6.20595 6.18767 6.16917 6.15053 6.13185 6.11319 6.09466 6.07632 6.05825 6.04052 6.02321 6.00637 5.99006 5.97434 5.95927 5.94488 5.93123 5.91833 5.90624 5.89497 5.88456 5.87501 5.86636 5.8586 5.85177 5.84586 5.84088 5.83685 5.83376 5.83162 5.83043 
5.82352 5.82424 5.82592 5.82857 5.83216 5.83672 5.84222 5.84867 5.85605 5.86436 5.87358 5.88369 5.89469 5.90653 5.91921 5.93268 5.9469 5.96185 5.97747 5.99371 6.01052 6.02784 6.04561 6.06375 6.08221 6.10089 6.11973 6.13864 6.15755 6.17636 6.19499 6.21337 6.23139 6.24898 6.26606 6.28254 6.29835 6.3134 6.32764 6.34099 6.35338 6.36476 6.37507 6.38426 6.39229 6.39912 6.40472 6.40906 6.41212 6.41388 6.41434 6.41349 6.41134 6.4079 6.40318 6.3972 6.39 6.38162 6.37208 6.36144 6.34975 6.33707 6.32346 6.30898 6.29371 6.27772 6.2611 6.24391 6.22625 6.20819 6.18983 6.17125 6.15253 6.13376 6.11503 6.09642 6.07799 6.05984 6.04204 6.02464 6.00772 5.99134 5.97555 5.96041 5.94595 5.93223 5.91928 5.90713 5.8958 5.88534 5.87574 5.86705 5.85926 5.85239 5.84645 5.84145 5.83739 5.83428 5.83213 5.83093 
5.82384 5.82456 5.82625 5.82889 5.8325 5.83707 5.84259 5.84905 5.85645 5.86479 5.87403 5.88418 5.8952 5.90708 5.91979 5.93329 5.94755 5.96254 5.9782 5.99448 6.01134 6.0287 6.04651 6.0647 6.0832 6.10193 6.12082 6.13978 6.15873 6.17758 6.19626 6.21468 6.23274 6.25037 6.26749 6.28401 6.29985 6.31494 6.32921 6.34259 6.35501 6.36641 6.37675 6.38596 6.39401 6.40086 6.40647 6.41082 6.41388 6.41565 6.41611 6.41526 6.4131 6.40965 6.40492 6.39893 6.39172 6.38331 6.37375 6.36309 6.35137 6.33866 6.32502 6.31051 6.2952 6.27918 6.26251 6.24528 6.22758 6.20948 6.19107 6.17245 6.15368 6.13487 6.11609 6.09743 6.07897 6.06077 6.04292 6.02548 6.00852 5.99209 5.97626 5.96108 5.94659 5.93283 5.91984 5.90765 5.8963 5.8858 5.87618 5.86746 5.85965 5.85276 5.84681 5.84179 5.83772 5.83461 5.83245 5.83125 
