6.21409 6.21427 6.21457 6.21498 6.21549 6.21612 6.21686 6.21771 6.21868 6.21975 6.22093 6.22223 6.22363 6.22515 6.22677 6.22849 6.23032 6.23225 6.23428 6.23639 6.2386 6.24089 6.24325 6.24569 6.24818 6.25072 6.25331 6.25593 6.25857 6.26123 6.26387 6.26651 6.26912 6.27168 6.2742 6.27664 6.27901 6.28128 6.28345 6.28549 6.28741 6.28918 6.2908 6.29225 6.29353 6.29463 6.29555 6.29627 6.29679 6.29712 6.29724 6.29716 6.29687 6.29639 6.29571 6.29484 6.29379 6.29256 6.29115 6.28959 6.28788 6.28602 6.28404 6.28195 6.27975 6.27746 6.27509 6.27267 6.27019 6.26768 6.26515 6.26261 6.26007 6.25755 6.25506 6.2526 6.2502 6.24785 6.24556 6.24336 6.24123 6.2392 6.23725 6.23541 6.23367 6.23204 6.23051 6.2291 6.2278 6.22662 6.22555 6.2246 6.22376 6.22303 6.22243 6.22193 6.22156 6.22129 6.22114 6.2211 
6.21427 6.21446 6.21476 6.21516 6.21568 6.21632 6.21706 6.21791 6.21888 6.21996 6.22115 6.22245 6.22387 6.22539 6.22702 6.22875 6.23059 6.23254 6.23457 6.23671 6.23893 6.24123 6.24361 6.24606 6.24857 6.25113 6.25373 6.25637 6.25903 6.2617 6.26437 6.26702 6.26964 6.27223 6.27476 6.27722 6.2796 6.28189 6.28407 6.28613 6.28806 6.28984 6.29147 6.29293 6.29422 6.29533 6.29625 6.29697 6.2975 6.29783 6.29795 6.29787 6.29758 6.2971 6.29641 6.29554 6.29448 6.29323 6.29182 6.29025 6.28852 6.28666 6.28466 6.28255 6.28034 6.27803 6.27565 6.27321 6.27072 6.26819 6.26564 6.26308 6.26053 6.25799 6.25548 6.25301 6.25058 6.24822 6.24592 6.2437 6.24156 6.23951 6.23755 6.2357 6.23395 6.2323 6.23077 6.22935 6.22804 6.22685 6.22577 6.22481 6.22396 6.22324 6.22262 6.22213 6.22175 6.22148 6.22132 6.22128 
6.21457 6.21476 6.21506 6.21547 6.216 6.21664 6.21739 6.21826 6.21924 6.22034 6.22155 6.22287 6.2243 6.22585 6.22751 6.22927 6.23114 6.23311 6.23519 6.23735 6.23961 6.24195 6.24437 6.24686 6.24941 6.25202 6.25466 6.25734 6.26005 6.26276 6.26547 6.26817 6.27084 6.27346 6.27603 6.27854 6.28096 6.28328 6.28549 6.28759 6.28954 6.29135 6.29301 6.2945 6.29581 6.29693 6.29787 6.2986 6.29914 6.29947 6.29959 6.29951 6.29922 6.29872 6.29803 6.29714 6.29605 6.29479 6.29336 6.29175 6.29 6.2881 6.28607 6.28393 6.28168 6.27934 6.27691 6.27443 6.2719 6.26933 6.26673 6.26413 6.26153 6.25895 6.2564 6.25388 6.25142 6.24901 6.24667 6.24441 6.24224 6.24015 6.23816 6.23627 6.23449 6.23282 6.23125 6.22981 6.22847 6.22726 6.22616 6.22518 6.22432 6.22358 6.22296 6.22245 6.22206 6.22178 6.22162 6.22158 
6.21498 6.21516 6.21547 6.21589 6.21643 6.21708 6.21785 6.21874 6.21975 6.22087 6.22211 6.22347 6.22494 6.22653 6.22823 6.23004 6.23196 6.23398 6.23611 6.23834 6.24065 6.24306 6.24554 6.24809 6.25071 6.25338 6.2561 6.25885 6.26162 6.26441 6.26719 6.26995 6.27269 6.27538 6.27802 6.28059 6.28307 6.28545 6.28772 6.28986 6.29187 6.29373 6.29542 6.29694 6.29829 6.29944 6.30039 6.30115 6.30169 6.30203 6.30216 6.30207 6.30177 6.30126 6.30055 6.29963 6.29852 6.29723 6.29575 6.29411 6.29231 6.29036 6.28828 6.28608 6.28377 6.28137 6.27888 6.27633 6.27373 6.27109 6.26843 6.26576 6.26309 6.26044 6.25782 6.25523 6.2527 6.25023 6.24783 6.24551 6.24327 6.24112 6.23908 6.23714 6.2353 6.23358 6.23197 6.23048 6.22911 6.22786 6.22673 6.22572 6.22483 6.22407 6.22342 6.2229 6.22249 6.2222 6.22204 6.22199 
6.21549 6.21568 6.216 6.21643 6.21698 6.21766 6.21845 6.21937 6.22041 6.22157 6.22286 6.22426 6.22578 6.22743 6.22919 6.23106 6.23305 6.23515 6.23735 6.23965 6.24205 6.24454 6.24711 6.24976 6.25247 6.25523 6.25804 6.26089 6.26376 6.26664 6.26952 6.27238 6.27521 6.27799 6.28072 6.28337 6.28594 6.2884 6.29074 6.29296 6.29503 6.29695 6.2987 6.30027 6.30166 6.30284 6.30383 6.30461 6.30517 6.30552 6.30564 6.30555 6.30524 6.30471 6.30397 6.30303 6.30188 6.30054 6.29901 6.29731 6.29545 6.29343 6.29128 6.289 6.28661 6.28412 6.28155 6.27891 6.27622 6.27349 6.27073 6.26796 6.2652 6.26245 6.25974 6.25706 6.25443 6.25187 6.24938 6.24697 6.24465 6.24243 6.2403 6.23829 6.23638 6.23459 6.23292 6.23137 6.22995 6.22865 6.22747 6.22642 6.22549 6.22469 6.22402 6.22347 6.22304 6.22274 6.22257 6.22251 
6.21612 6.21632 6.21664 6.21708 6.21766 6.21836 6.21919 6.22014 6.22123 6.22244 6.22378 6.22524 6.22683 6.22854 6.23038 6.23234 6.23441 6.2366 6.2389 6.24131 6.24381 6.24641 6.24909 6.25185 6.25468 6.25756 6.26049 6.26346 6.26646 6.26946 6.27246 6.27544 6.27839 6.28129 6.28413 6.28689 6.28956 6.29212 6.29456 6.29687 6.29902 6.30102 6.30284 6.30447 6.30591 6.30715 6.30817 6.30898 6.30956 6.30992 6.31005 6.30995 6.30962 6.30907 6.3083 6.30731 6.30611 6.30471 6.30312 6.30135 6.29941 6.29731 6.29506 6.29269 6.29019 6.2876 6.28492 6.28216 6.27935 6.2765 6.27363 6.27074 6.26786 6.26499 6.26215 6.25936 6.25661 6.25394 6.25133 6.24881 6.24639 6.24406 6.24184 6.23973 6.23773 6.23586 6.23411 6.23248 6.23099 6.22962 6.22838 6.22728 6.22631 6.22546 6.22475 6.22417 6.22372 6.2234 6.22321 6.22314 
6.21686 6.21706 6.21739 6.21785 6.21845 6.21919 6.22005 6.22106 6.22219 6.22346 6.22487 6.22641 6.22808 6.22988 6.23181 6.23387 6.23605 6.23835 6.24077 6.24329 6.24592 6.24865 6.25147 6.25437 6.25734 6.26037 6.26345 6.26656 6.2697 6.27285 6.276 6.27913 6.28222 6.28526 6.28824 6.29113 6.29393 6.29662 6.29917 6.30159 6.30384 6.30593 6.30784 6.30954 6.31105 6.31234 6.31341 6.31425 6.31486 6.31523 6.31537 6.31526 6.31491 6.31433 6.31352 6.31248 6.31122 6.30976 6.30809 6.30623 6.30419 6.30198 6.29963 6.29713 6.29452 6.29179 6.28898 6.28609 6.28314 6.28015 6.27712 6.27409 6.27106 6.26805 6.26506 6.26212 6.25924 6.25642 6.25368 6.25103 6.24847 6.24602 6.24368 6.24145 6.23935 6.23737 6.23552 6.23381 6.23223 6.23078 6.22947 6.2283 6.22727 6.22637 6.22562 6.225 6.22452 6.22417 6.22396 6.22389 
6.21771 6.21791 6.21826 6.21874 6.21937 6.22014 6.22106 6.22211 6.22331 6.22465 6.22614 6.22776 6.22953 6.23143 6.23347 6.23565 6.23795 6.24039 6.24294 6.24561 6.24839 6.25128 6.25425 6.25732 6.26045 6.26365 6.2669 6.27019 6.27351 6.27683 6.28015 6.28345 6.28671 6.28991 6.29305 6.2961 6.29905 6.30187 6.30457 6.30711 6.30948 6.31168 6.31368 6.31548 6.31706 6.31842 6.31954 6.32042 6.32106 6.32145 6.32158 6.32147 6.3211 6.32049 6.31963 6.31853 6.3172 6.31565 6.31389 6.31193 6.30978 6.30745 6.30497 6.30234 6.29958 6.2967 6.29373 6.29068 6.28757 6.2844 6.28121 6.27801 6.27481 6.27162 6.26847 6.26536 6.2623 6.25932 6.25642 6.25361 6.25091 6.24831 6.24582 6.24346 6.24123 6.23913 6.23717 6.23535 6.23366 6.23213 6.23073 6.22948 6.22838 6.22743 6.22662 6.22595 6.22543 6.22506 6.22483 6.22474 
6.21868 6.21888 6.21924 6.21975 6.22041 6.22123 6.22219 6.22331 6.22458 6.22601 6.22758 6.22931 6.23118 6.2332 6.23537 6.23768 6.24013 6.24271 6.24543 6.24826 6.25122 6.25428 6.25744 6.26069 6.26401 6.26741 6.27086 6.27434 6.27786 6.28138 6.28489 6.28839 6.29184 6.29523 6.29855 6.30178 6.3049 6.30789 6.31073 6.31342 6.31593 6.31825 6.32036 6.32226 6.32393 6.32536 6.32655 6.32748 6.32815 6.32855 6.32869 6.32857 6.32818 6.32752 6.32661 6.32545 6.32404 6.3224 6.32053 6.31845 6.31617 6.31371 6.31107 6.30829 6.30536 6.30231 6.29916 6.29593 6.29263 6.28928 6.28589 6.28249 6.27909 6.27571 6.27236 6.26905 6.26581 6.26264 6.25956 6.25657 6.25369 6.25092 6.24828 6.24576 6.24338 6.24114 6.23905 6.2371 6.2353 6.23366 6.23217 6.23083 6.22965 6.22862 6.22775 6.22703 6.22647 6.22607 6.22581 6.22571 
6.21975 6.21996 6.22034 6.22087 6.22157 6.22244 6.22346 6.22465 6.22601 6.22752 6.2292 6.23104 6.23304 6.23519 6.2375 6.23996 6.24257 6.24533 6.24822 6.25124 6.25439 6.25765 6.26102 6.26448 6.26802 6.27163 6.2753 6.27901 6.28275 6.28649 6.29023 6.29394 6.29761 6.30121 6.30474 6.30817 6.31147 6.31465 6.31767 6.32051 6.32318 6.32563 6.32788 6.32989 6.33165 6.33317 6.33442 6.3354 6.33611 6.33654 6.33668 6.33654 6.33613 6.33543 6.33446 6.33322 6.33172 6.32997 6.32799 6.32578 6.32336 6.32074 6.31794 6.31497 6.31186 6.30862 6.30527 6.30183 6.29832 6.29475 6.29115 6.28753 6.28391 6.2803 6.27673 6.27321 6.26975 6.26637 6.26308 6.25989 6.25681 6.25385 6.25103 6.24834 6.24579 6.24339 6.24115 6.23906 6.23714 6.23537 6.23377 6.23233 6.23106 6.22996 6.22902 6.22824 6.22763 6.22719 6.22691 6.22679 
6.22093 6.22115 6.22155 6.22211 6.22286 6.22378 6.22487 6.22614 6.22758 6.2292 6.23099 6.23296 6.23509 6.23739 6.23986 6.2425 6.24529 6.24823 6.25132 6.25455 6.25791 6.26139 6.26499 6.26868 6.27246 6.27632 6.28023 6.28419 6.28817 6.29216 6.29615 6.3001 6.30401 6.30785 6.3116 6.31525 6.31877 6.32214 6.32535 6.32838 6.33121 6.33382 6.3362 6.33833 6.34021 6.34182 6.34314 6.34418 6.34493 6.34538 6.34553 6.34538 6.34493 6.34419 6.34315 6.34183 6.34023 6.33837 6.33626 6.3339 6.33132 6.32853 6.32554 6.32239 6.31907 6.31562 6.31205 6.30838 6.30463 6.30082 6.29698 6.29311 6.28925 6.2854 6.28158 6.27782 6.27412 6.27051 6.26699 6.26357 6.26028 6.25711 6.25408 6.2512 6.24847 6.24589 6.24348 6.24124 6.23917 6.23727 6.23554 6.234 6.23263 6.23143 6.23041 6.22957 6.22891 6.22843 6.22812 6.22798 
6.22223 6.22245 6.22287 6.22347 6.22426 6.22524 6.22641 6.22776 6.22931 6.23104 6.23296 6.23506 6.23734 6.23981 6.24246 6.24527 6.24826 6.25141 6.25472 6.25818 6.26178 6.2655 6.26935 6.2733 6.27734 6.28146 6.28564 6.28987 6.29413 6.29839 6.30264 6.30686 6.31103 6.31512 6.31912 6.32301 6.32676 6.33035 6.33377 6.337 6.34001 6.34279 6.34532 6.34759 6.34958 6.35129 6.3527 6.3538 6.3546 6.35507 6.35523 6.35506 6.35458 6.35378 6.35267 6.35126 6.34956 6.34757 6.34531 6.3428 6.34004 6.33706 6.33388 6.33051 6.32697 6.32328 6.31947 6.31555 6.31155 6.30748 6.30337 6.29924 6.2951 6.29099 6.2869 6.28288 6.27892 6.27504 6.27127 6.26761 6.26408 6.26068 6.25743 6.25433 6.2514 6.24863 6.24604 6.24363 6.2414 6.23935 6.23749 6.23582 6.23434 6.23305 6.23194 6.23103 6.23031 6.22978 6.22944 6.22929 
6.22363 6.22387 6.2243 6.22494 6.22578 6.22683 6.22808 6.22953 6.23118 6.23304 6.23509 6.23734 6.23979 6.24244 6.24527 6.2483 6.2515 6.25488 6.25842 6.26213 6.26598 6.26997 6.27409 6.27832 6.28264 6.28705 6.29153 6.29605 6.30059 6.30515 6.30969 6.3142 6.31865 6.32302 6.32729 6.33144 6.33544 6.33927 6.34291 6.34635 6.34956 6.35252 6.35521 6.35763 6.35975 6.36157 6.36307 6.36424 6.36508 6.36558 6.36574 6.36556 6.36504 6.36419 6.363 6.36149 6.35967 6.35755 6.35514 6.35245 6.34951 6.34633 6.34293 6.33933 6.33554 6.33161 6.32753 6.32334 6.31906 6.31471 6.31031 6.30589 6.30147 6.29706 6.29269 6.28837 6.28413 6.27998 6.27593 6.272 6.26821 6.26456 6.26107 6.25774 6.25458 6.25161 6.24882 6.24622 6.24381 6.24161 6.2396 6.2378 6.23619 6.2348 6.2336 6.23261 6.23183 6.23125 6.23087 6.2307 
6.22515 6.22539 6.22585 6.22653 6.22743 6.22854 6.22988 6.23143 6.2332 6.23519 6.23739 6.23981 6.24244 6.24528 6.24832 6.25156 6.25499 6.25861 6.26242 6.26639 6.27051 6.27479 6.2792 6.28373 6.28836 6.29308 6.29787 6.3027 6.30757 6.31244 6.31729 6.32211 6.32686 6.33153 6.33609 6.34051 6.34478 6.34887 6.35275 6.35642 6.35984 6.36299 6.36586 6.36843 6.37069 6.37262 6.37422 6.37546 6.37635 6.37688 6.37705 6.37685 6.3763 6.37538 6.37411 6.3725 6.37055 6.36828 6.36571 6.36284 6.3597 6.3563 6.35267 6.34882 6.34478 6.34057 6.33621 6.33173 6.32715 6.3225 6.31779 6.31306 6.30832 6.3036 6.29892 6.29429 6.28975 6.28529 6.28095 6.27674 6.27266 6.26874 6.26499 6.26141 6.25802 6.25482 6.25181 6.24901 6.24642 6.24404 6.24188 6.23993 6.2382 6.23669 6.23539 6.23432 6.23347 6.23283 6.23242 6.23222 
6.22677 6.22702 6.22751 6.22823 6.22919 6.23038 6.23181 6.23347 6.23537 6.2375 6.23986 6.24246 6.24527 6.24832 6.25158 6.25505 6.25874 6.26262 6.26669 6.27095 6.27537 6.27996 6.28468 6.28953 6.29449 6.29954 6.30466 6.30983 6.31503 6.32023 6.32542 6.33057 6.33564 6.34062 6.34549 6.35021 6.35477 6.35913 6.36327 6.36717 6.37082 6.37418 6.37723 6.37997 6.38238 6.38443 6.38613 6.38745 6.38839 6.38895 6.38913 6.38892 6.38832 6.38734 6.38598 6.38426 6.38218 6.37975 6.377 6.37394 6.37058 6.36695 6.36307 6.35896 6.35464 6.35014 6.34549 6.3407 6.3358 6.33083 6.32579 6.32073 6.31566 6.3106 6.30559 6.30063 6.29576 6.29098 6.28633 6.28181 6.27743 6.27323 6.26919 6.26535 6.2617 6.25826 6.25502 6.25201 6.24922 6.24665 6.24432 6.24221 6.24034 6.23871 6.23731 6.23614 6.23522 6.23453 6.23407 6.23385 
6.22849 6.22875 6.22927 6.23004 6.23106 6.23234 6.23387 6.23565 6.23768 6.23996 6.2425 6.24527 6.2483 6.25156 6.25505 6.25878 6.26273 6.26689 6.27125 6.27581 6.28055 6.28545 6.29051 6.2957 6.301 6.3064 6.31188 6.31741 6.32296 6.32852 6.33406 6.33955 6.34497 6.35029 6.35548 6.36052 6.36537 6.37002 6.37443 6.37859 6.38247 6.38605 6.3893 6.39222 6.39478 6.39696 6.39876 6.40017 6.40117 6.40176 6.40194 6.40171 6.40107 6.40002 6.39857 6.39673 6.39451 6.39192 6.38899 6.38572 6.38214 6.37826 6.37412 6.36973 6.36512 6.36032 6.35534 6.35023 6.345 6.33968 6.3343 6.32888 6.32346 6.31805 6.31268 6.30737 6.30215 6.29704 6.29205 6.2872 6.28251 6.278 6.27367 6.26954 6.26562 6.26192 6.25844 6.2552 6.25219 6.24943 6.24691 6.24465 6.24263 6.24086 6.23935 6.23809 6.23708 6.23633 6.23583 6.23559 
6.23032 6.23059 6.23114 6.23196 6.23305 6.23441 6.23605 6.23795 6.24013 6.24257 6.24529 6.24826 6.2515 6.25499 6.25874 6.26273 6.26695 6.27141 6.27608 6.28096 6.28603 6.29127 6.29668 6.30223 6.3079 6.31367 6.31952 6.32542 6.33135 6.33728 6.34319 6.34905 6.35483 6.3605 6.36603 6.37139 6.37656 6.38151 6.38621 6.39064 6.39477 6.39857 6.40204 6.40513 6.40785 6.41017 6.41209 6.41358 6.41464 6.41526 6.41545 6.4152 6.41451 6.41339 6.41184 6.40988 6.40751 6.40476 6.40163 6.39814 6.39433 6.3902 6.38578 6.3811 6.37618 6.37105 6.36575 6.36029 6.3547 6.34903 6.34328 6.33749 6.3317 6.32592 6.32018 6.3145 6.30892 6.30344 6.2981 6.29291 6.28788 6.28304 6.2784 6.27397 6.26977 6.26579 6.26206 6.25857 6.25534 6.25237 6.24966 6.24722 6.24505 6.24314 6.24151 6.24015 6.23906 6.23824 6.2377 6.23743 
6.23225 6.23254 6.23311 6.23398 6.23515 6.2366 6.23835 6.24039 6.24271 6.24533 6.24823 6.25141 6.25488 6.25861 6.26262 6.26689 6.27141 6.27617 6.28117 6.28638 6.2918 6.2974 6.30318 6.3091 6.31515 6.32131 6.32755 6.33384 6.34017 6.34649 6.35279 6.35903 6.36518 6.37122 6.37711 6.38282 6.38832 6.39358 6.39858 6.40329 6.40767 6.41172 6.41539 6.41868 6.42157 6.42403 6.42606 6.42764 6.42876 6.42943 6.42962 6.42935 6.42861 6.42742 6.42577 6.42368 6.42116 6.41822 6.41489 6.41118 6.40712 6.40272 6.39801 6.39303 6.38779 6.38233 6.37668 6.37086 6.3649 6.35885 6.35272 6.34655 6.34036 6.33419 6.32806 6.322 6.31603 6.31018 6.30447 6.29891 6.29354 6.28836 6.28339 6.27864 6.27413 6.26987 6.26587 6.26213 6.25866 6.25547 6.25256 6.24994 6.2476 6.24555 6.24379 6.24232 6.24114 6.24026 6.23967 6.23937 
6.23428 6.23457 6.23519 6.23611 6.23735 6.2389 6.24077 6.24294 6.24543 6.24822 6.25132 6.25472 6.25842 6.26242 6.26669 6.27125 6.27608 6.28117 6.2865 6.29206 6.29784 6.30382 6.30998 6.3163 6.32275 6.32931 6.33596 6.34266 6.34939 6.35613 6.36283 6.36946 6.37601 6.38243 6.38868 6.39475 6.40059 6.40618 6.41149 6.41649 6.42114 6.42543 6.42933 6.43282 6.43588 6.43849 6.44064 6.44232 6.4435 6.4442 6.44441 6.44411 6.44333 6.44205 6.4403 6.43808 6.4354 6.43228 6.42873 6.42479 6.42047 6.41579 6.41079 6.40549 6.39992 6.39411 6.38809 6.3819 6.37556 6.36912 6.36259 6.35601 6.34942 6.34284 6.33631 6.32984 6.32348 6.31723 6.31113 6.3052 6.29946 6.29392 6.28861 6.28354 6.27871 6.27415 6.26987 6.26586 6.26215 6.25873 6.2556 6.25279 6.25027 6.24807 6.24618 6.2446 6.24333 6.24237 6.24173 6.2414 
6.23639 6.23671 6.23735 6.23834 6.23965 6.24131 6.24329 6.24561 6.24826 6.25124 6.25455 6.25818 6.26213 6.26639 6.27095 6.27581 6.28096 6.28638 6.29206 6.29799 6.30415 6.31052 6.31707 6.3238 6.33066 6.33764 6.34471 6.35184 6.359 6.36615 6.37327 6.38032 6.38727 6.39408 6.40072 6.40716 6.41335 6.41928 6.42491 6.4302 6.43514 6.43968 6.44381 6.44751 6.45075 6.45351 6.45578 6.45755 6.45881 6.45954 6.45975 6.45944 6.4586 6.45725 6.45539 6.45303 6.45018 6.44687 6.44311 6.43893 6.43434 6.42938 6.42407 6.41844 6.41252 6.40635 6.39996 6.39338 6.38665 6.3798 6.37286 6.36586 6.35885 6.35185 6.3449 6.33801 6.33123 6.32458 6.31808 6.31176 6.30563 6.29973 6.29406 6.28864 6.28349 6.27862 6.27404 6.26976 6.26578 6.26212 6.25878 6.25576 6.25307 6.25071 6.24868 6.24698 6.24562 6.24459 6.24389 6.24353 
6.2386 6.23893 6.23961 6.24065 6.24205 6.24381 6.24592 6.24839 6.25122 6.25439 6.25791 6.26178 6.26598 6.27051 6.27537 6.28055 6.28603 6.2918 6.29784 6.30415 6.3107 6.31747 6.32443 6.33158 6.33887 6.34628 6.35379 6.36136 6.36895 6.37654 6.38409 6.39156 6.39893 6.40614 6.41318 6.42 6.42656 6.43283 6.43879 6.44439 6.44961 6.45441 6.45878 6.46269 6.46611 6.46903 6.47143 6.4733 6.47462 6.4754 6.47562 6.47528 6.47439 6.47295 6.47098 6.46848 6.46547 6.46196 6.45798 6.45354 6.44868 6.44343 6.4378 6.43184 6.42557 6.41903 6.41225 6.40527 6.39813 6.39086 6.38349 6.37607 6.36862 6.36119 6.3538 6.34649 6.33928 6.3322 6.32529 6.31856 6.31204 6.30575 6.29971 6.29394 6.28845 6.28326 6.27837 6.2738 6.26956 6.26565 6.26208 6.25886 6.25598 6.25345 6.25128 6.24946 6.248 6.24689 6.24614 6.24575 
6.24089 6.24123 6.24195 6.24306 6.24454 6.24641 6.24865 6.25128 6.25428 6.25765 6.26139 6.2655 6.26997 6.27479 6.27996 6.28545 6.29127 6.2974 6.30382 6.31052 6.31747 6.32465 6.33204 6.33962 6.34735 6.35521 6.36316 6.37118 6.37922 6.38725 6.39524 6.40315 6.41094 6.41858 6.42602 6.43322 6.44016 6.44679 6.45308 6.459 6.46451 6.46958 6.47419 6.47831 6.48192 6.485 6.48753 6.4895 6.49089 6.49171 6.49193 6.49158 6.49063 6.48911 6.48702 6.48438 6.48119 6.47748 6.47328 6.46859 6.46345 6.45789 6.45194 6.44563 6.439 6.43208 6.42491 6.41752 6.40996 6.40226 6.39446 6.3866 6.37871 6.37083 6.36299 6.35523 6.34758 6.34007 6.33273 6.32559 6.31866 6.31198 6.30556 6.29942 6.29358 6.28806 6.28286 6.27799 6.27347 6.26931 6.2655 6.26206 6.25899 6.25629 6.25397 6.25203 6.25046 6.24928 6.24847 6.24805 
6.24325 6.24361 6.24437 6.24554 6.24711 6.24909 6.25147 6.25425 6.25744 6.26102 6.26499 6.26935 6.27409 6.2792 6.28468 6.29051 6.29668 6.30318 6.30998 6.31707 6.32443 6.33204 6.33987 6.34789 6.35607 6.36438 6.37279 6.38127 6.38977 6.39826 6.4067 6.41505 6.42328 6.43134 6.43919 6.44679 6.45411 6.4611 6.46773 6.47397 6.47978 6.48512 6.48998 6.49432 6.49812 6.50136 6.50403 6.5061 6.50756 6.50841 6.50865 6.50827 6.50727 6.50567 6.50346 6.50067 6.49731 6.4934 6.48895 6.48401 6.47859 6.47272 6.46644 6.45978 6.45278 6.44547 6.4379 6.4301 6.42211 6.41397 6.40572 6.39741 6.38906 6.38072 6.37243 6.36422 6.35612 6.34817 6.34039 6.33282 6.32548 6.31839 6.31158 6.30507 6.29887 6.293 6.28748 6.28231 6.2775 6.27308 6.26903 6.26537 6.2621 6.25923 6.25675 6.25468 6.25301 6.25175 6.25088 6.25043 
6.24569 6.24606 6.24686 6.24809 6.24976 6.25185 6.25437 6.25732 6.26069 6.26448 6.26868 6.2733 6.27832 6.28373 6.28953 6.2957 6.30223 6.3091 6.3163 6.3238 6.33158 6.33962 6.34789 6.35636 6.365 6.37377 6.38265 6.39159 6.40056 6.40952 6.41842 6.42722 6.43589 6.44438 6.45265 6.46065 6.46835 6.47571 6.48269 6.48925 6.49536 6.50098 6.50609 6.51066 6.51465 6.51806 6.52085 6.52303 6.52456 6.52546 6.5257 6.5253 6.52425 6.52255 6.52023 6.51729 6.51375 6.50963 6.50496 6.49975 6.49404 6.48786 6.48125 6.47423 6.46686 6.45916 6.45117 6.44295 6.43452 6.42594 6.41724 6.40846 6.39965 6.39085 6.38209 6.37342 6.36486 6.35645 6.34823 6.34022 6.33246 6.32496 6.31775 6.31086 6.30429 6.29807 6.29222 6.28674 6.28164 6.27695 6.27265 6.26876 6.26529 6.26224 6.25961 6.25741 6.25563 6.25428 6.25336 6.25287 
6.24818 6.24857 6.24941 6.25071 6.25247 6.25468 6.25734 6.26045 6.26401 6.26802 6.27246 6.27734 6.28264 6.28836 6.29449 6.301 6.3079 6.31515 6.32275 6.33066 6.33887 6.34735 6.35607 6.365 6.3741 6.38335 6.3927 6.40211 6.41155 6.42098 6.43034 6.43961 6.44872 6.45765 6.46634 6.47475 6.48284 6.49057 6.4979 6.50479 6.5112 6.5171 6.52246 6.52725 6.53144 6.53501 6.53795 6.54022 6.54183 6.54277 6.54302 6.54259 6.54149 6.53971 6.53727 6.53418 6.53046 6.52613 6.52122 6.51574 6.50975 6.50325 6.4963 6.48893 6.48117 6.47307 6.46467 6.45602 6.44716 6.43812 6.42896 6.41972 6.41044 6.40117 6.39194 6.38279 6.37377 6.36491 6.35623 6.34778 6.33958 6.33166 6.32405 6.31677 6.30983 6.30325 6.29706 6.29127 6.28588 6.2809 6.27636 6.27224 6.26856 6.26533 6.26254 6.2602 6.25832 6.25688 6.2559 6.25538 
6.25072 6.25113 6.25202 6.25338 6.25523 6.25756 6.26037 6.26365 6.26741 6.27163 6.27632 6.28146 6.28705 6.29308 6.29954 6.3064 6.31367 6.32131 6.32931 6.33764 6.34628 6.35521 6.36438 6.37377 6.38335 6.39307 6.4029 6.41279 6.42271 6.43261 6.44244 6.45216 6.46173 6.47109 6.48021 6.48903 6.49752 6.50562 6.5133 6.52052 6.52724 6.53342 6.53903 6.54404 6.54843 6.55217 6.55524 6.55762 6.5593 6.56028 6.56054 6.56009 6.55893 6.55706 6.5545 6.55126 6.54736 6.54282 6.53767 6.53193 6.52564 6.51883 6.51154 6.5038 6.49567 6.48717 6.47835 6.46927 6.45996 6.45047 6.44085 6.43114 6.42139 6.41164 6.40193 6.39231 6.38282 6.37349 6.36436 6.35546 6.34682 6.33848 6.33046 6.32278 6.31546 6.30853 6.30199 6.29588 6.29019 6.28493 6.28013 6.27578 6.2719 6.26848 6.26553 6.26305 6.26105 6.25953 6.25849 6.25793 
6.25331 6.25373 6.25466 6.2561 6.25804 6.26049 6.26345 6.2669 6.27086 6.2753 6.28023 6.28564 6.29153 6.29787 6.30466 6.31188 6.31952 6.32755 6.33596 6.34471 6.35379 6.36316 6.37279 6.38265 6.3927 6.4029 6.4132 6.42358 6.43398 6.44435 6.45465 6.46484 6.47485 6.48466 6.4942 6.50343 6.51231 6.52079 6.52882 6.53637 6.5434 6.54986 6.55572 6.56096 6.56555 6.56945 6.57265 6.57514 6.5769 6.57791 6.57818 6.57771 6.57649 6.57454 6.57186 6.56847 6.56439 6.55964 6.55425 6.54825 6.54167 6.53454 6.52691 6.51881 6.51029 6.50139 6.49216 6.48264 6.47289 6.46294 6.45285 6.44267 6.43245 6.42222 6.41203 6.40194 6.39197 6.38217 6.37258 6.36323 6.35415 6.34538 6.33694 6.32886 6.32117 6.31387 6.30699 6.30055 6.29456 6.28902 6.28396 6.27938 6.27528 6.27167 6.26856 6.26595 6.26384 6.26223 6.26113 6.26053 
6.25593 6.25637 6.25734 6.25885 6.26089 6.26346 6.26656 6.27019 6.27434 6.27901 6.28419 6.28987 6.29605 6.3027 6.30983 6.31741 6.32542 6.33384 6.34266 6.35184 6.36136 6.37118 6.38127 6.39159 6.40211 6.41279 6.42358 6.43443 6.44531 6.45616 6.46693 6.47758 6.48805 6.49829 6.50826 6.5179 6.52717 6.53602 6.54441 6.55229 6.55961 6.56636 6.57247 6.57794 6.58272 6.58679 6.59013 6.59272 6.59455 6.5956 6.59588 6.59538 6.59411 6.59207 6.58927 6.58574 6.58148 6.57652 6.57089 6.56462 6.55775 6.55031 6.54234 6.53388 6.52497 6.51567 6.50603 6.49608 6.48588 6.47548 6.46492 6.45427 6.44357 6.43286 6.4222 6.41162 6.40118 6.39091 6.38086 6.37105 6.36154 6.35234 6.34348 6.335 6.32692 6.31926 6.31204 6.30527 6.29897 6.29315 6.28783 6.28301 6.2787 6.2749 6.27163 6.26887 6.26665 6.26496 6.26379 6.26317 
6.25857 6.25903 6.26005 6.26162 6.26376 6.26646 6.2697 6.27351 6.27786 6.28275 6.28817 6.29413 6.30059 6.30757 6.31503 6.32296 6.33135 6.34017 6.34939 6.359 6.36895 6.37922 6.38977 6.40056 6.41155 6.42271 6.43398 6.44531 6.45666 6.46799 6.47923 6.49033 6.50125 6.51193 6.52232 6.53237 6.54203 6.55125 6.55999 6.56819 6.57582 6.58284 6.58921 6.59489 6.59987 6.6041 6.60758 6.61027 6.61217 6.61327 6.61356 6.61304 6.61171 6.60958 6.60667 6.60298 6.59855 6.59338 6.58752 6.58099 6.57383 6.56607 6.55776 6.54894 6.53966 6.52996 6.5199 6.50952 6.49888 6.48802 6.47701 6.46589 6.45471 6.44352 6.43238 6.42133 6.41041 6.39968 6.38916 6.37891 6.36895 6.35932 6.35005 6.34117 6.3327 6.32468 6.3171 6.31001 6.30341 6.29731 6.29172 6.28666 6.28214 6.27815 6.27471 6.27182 6.26949 6.26771 6.26648 6.26582 
6.26123 6.2617 6.26276 6.26441 6.26664 6.26946 6.27285 6.27683 6.28138 6.28649 6.29216 6.29839 6.30515 6.31244 6.32023 6.32852 6.33728 6.34649 6.35613 6.36615 6.37654 6.38725 6.39826 6.40952 6.42098 6.43261 6.44435 6.45616 6.46799 6.47978 6.49148 6.50304 6.5144 6.52552 6.53633 6.54678 6.55683 6.56641 6.57549 6.58402 6.59195 6.59924 6.60586 6.61176 6.61693 6.62133 6.62493 6.62773 6.6297 6.63084 6.63114 6.63059 6.62921 6.627 6.62397 6.62014 6.61552 6.61016 6.60406 6.59727 6.58982 6.58176 6.57311 6.56394 6.55428 6.54419 6.53372 6.52291 6.51183 6.50053 6.48905 6.47747 6.46582 6.45416 6.44254 6.43102 6.41963 6.40843 6.39746 6.38675 6.37635 6.36629 6.35661 6.34733 6.33849 6.33009 6.32218 6.31476 6.30785 6.30147 6.29562 6.29033 6.28559 6.28142 6.27781 6.27478 6.27233 6.27047 6.26918 6.26848 
6.26387 6.26437 6.26547 6.26719 6.26952 6.27246 6.276 6.28015 6.28489 6.29023 6.29615 6.30264 6.30969 6.31729 6.32542 6.33406 6.34319 6.35279 6.36283 6.37327 6.38409 6.39524 6.4067 6.41842 6.43034 6.44244 6.45465 6.46693 6.47923 6.49148 6.50364 6.51565 6.52745 6.53899 6.55022 6.56107 6.57149 6.58144 6.59086 6.5997 6.60792 6.61548 6.62234 6.62847 6.63382 6.63838 6.64211 6.64501 6.64705 6.64823 6.64854 6.64797 6.64654 6.64424 6.6411 6.63712 6.63234 6.62677 6.62044 6.6134 6.60567 6.5973 6.58833 6.5788 6.56878 6.5583 6.54742 6.53619 6.52468 6.51293 6.50101 6.48896 6.47685 6.46472 6.45263 6.44064 6.42879 6.41713 6.4057 6.39455 6.38371 6.37323 6.36314 6.35347 6.34424 6.33549 6.32723 6.31949 6.31228 6.30561 6.29951 6.29398 6.28903 6.28467 6.2809 6.27774 6.27518 6.27322 6.27188 6.27114 
6.26651 6.26702 6.26817 6.26995 6.27238 6.27544 6.27913 6.28345 6.28839 6.29394 6.3001 6.30686 6.3142 6.32211 6.33057 6.33955 6.34905 6.35903 6.36946 6.38032 6.39156 6.40315 6.41505 6.42722 6.43961 6.45216 6.46484 6.47758 6.49033 6.50304 6.51565 6.5281 6.54033 6.55229 6.56392 6.57516 6.58596 6.59626 6.60601 6.61516 6.62367 6.6315 6.6386 6.64493 6.65047 6.65518 6.65905 6.66204 6.66415 6.66537 6.66568 6.6651 6.66361 6.66123 6.65798 6.65386 6.64891 6.64314 6.63659 6.6293 6.6213 6.61263 6.60333 6.59347 6.58308 6.57222 6.56094 6.54931 6.53737 6.52518 6.51281 6.50032 6.48774 6.47516 6.46261 6.45016 6.43785 6.42573 6.41386 6.40227 6.391 6.38011 6.36961 6.35955 6.34995 6.34084 6.33224 6.32418 6.31667 6.30973 6.30337 6.29761 6.29245 6.2879 6.28398 6.28067 6.278 6.27596 6.27456 6.27379 
6.26912 6.26964 6.27084 6.27269 6.27521 6.27839 6.28222 6.28671 6.29184 6.29761 6.30401 6.31103 6.31865 6.32686 6.33564 6.34497 6.35483 6.36518 6.37601 6.38727 6.39893 6.41094 6.42328 6.43589 6.44872 6.46173 6.47485 6.48805 6.50125 6.5144 6.52745 6.54033 6.55299 6.56535 6.57738 6.589 6.60016 6.6108 6.62088 6.63034 6.63913 6.64721 6.65454 6.66108 6.6668 6.67166 6.67565 6.67874 6.68092 6.68217 6.6825 6.68189 6.68035 6.6779 6.67453 6.67028 6.66516 6.65921 6.65244 6.6449 6.63663 6.62767 6.61806 6.60786 6.59712 6.58589 6.57422 6.56219 6.54983 6.53722 6.52442 6.51148 6.49846 6.48542 6.47242 6.45952 6.44676 6.4342 6.42189 6.40987 6.39818 6.38688 6.37598 6.36554 6.35557 6.34611 6.33718 6.32881 6.321 6.31379 6.30718 6.30119 6.29583 6.2911 6.28701 6.28358 6.2808 6.27867 6.27721 6.2764 
6.27168 6.27223 6.27346 6.27538 6.27799 6.28129 6.28526 6.28991 6.29523 6.30121 6.30785 6.31512 6.32302 6.33153 6.34062 6.35029 6.3605 6.37122 6.38243 6.39408 6.40614 6.41858 6.43134 6.44438 6.45765 6.47109 6.48466 6.49829 6.51193 6.52552 6.53899 6.55229 6.56535 6.57812 6.59053 6.60251 6.61403 6.62501 6.6354 6.64515 6.65421 6.66254 6.6701 6.67684 6.68273 6.68774 6.69185 6.69504 6.69728 6.69857 6.6989 6.69828 6.69669 6.69416 6.69069 6.6863 6.68103 6.67488 6.66791 6.66013 6.6516 6.64236 6.63245 6.62192 6.61083 6.59924 6.5872 6.57477 6.56202 6.54899 6.53577 6.5224 6.50894 6.49547 6.48203 6.46868 6.45549 6.44249 6.42975 6.41732 6.40522 6.39351 6.38223 6.37141 6.36109 6.35129 6.34203 6.33335 6.32526 6.31778 6.31093 6.30471 6.29915 6.29424 6.29 6.28643 6.28354 6.28134 6.27982 6.27898 
6.2742 6.27476 6.27603 6.27802 6.28072 6.28413 6.28824 6.29305 6.29855 6.30474 6.3116 6.31912 6.32729 6.33609 6.34549 6.35548 6.36603 6.37711 6.38868 6.40072 6.41318 6.42602 6.43919 6.45265 6.46634 6.48021 6.4942 6.50826 6.52232 6.53633 6.55022 6.56392 6.57738 6.59053 6.6033 6.61565 6.6275 6.6388 6.6495 6.65953 6.66886 6.67743 6.6852 6.69213 6.69819 6.70335 6.70758 6.71085 6.71316 6.71448 6.71482 6.71418 6.71254 6.70994 6.70637 6.70186 6.69643 6.6901 6.68292 6.67492 6.66614 6.65662 6.64642 6.63558 6.62416 6.61222 6.59982 6.58701 6.57386 6.56044 6.5468 6.53302 6.51914 6.50524 6.49138 6.4776 6.46399 6.45057 6.43742 6.42457 6.41208 6.39998 6.38833 6.37714 6.36647 6.35633 6.34676 6.33778 6.32942 6.32168 6.31459 6.30815 6.30239 6.29731 6.29292 6.28923 6.28624 6.28395 6.28237 6.2815 
6.27664 6.27722 6.27854 6.28059 6.28337 6.28689 6.29113 6.2961 6.30178 6.30817 6.31525 6.32301 6.33144 6.34051 6.35021 6.36052 6.37139 6.38282 6.39475 6.40716 6.42 6.43322 6.44679 6.46065 6.47475 6.48903 6.50343 6.5179 6.53237 6.54678 6.56107 6.57516 6.589 6.60251 6.61565 6.62834 6.64051 6.65213 6.66311 6.67342 6.683 6.6918 6.69978 6.7069 6.71312 6.71841 6.72275 6.72611 6.72848 6.72984 6.73018 6.72952 6.72784 6.72516 6.7215 6.71686 6.71129 6.70479 6.69742 6.68919 6.68017 6.67039 6.65991 6.64877 6.63703 6.62476 6.612 6.59883 6.58531 6.57151 6.55747 6.54329 6.52901 6.5147 6.50042 6.48624 6.47221 6.45839 6.44484 6.4316 6.41872 6.40625 6.39423 6.3827 6.37169 6.36123 6.35136 6.34209 6.33345 6.32546 6.31814 6.3115 6.30555 6.3003 6.29576 6.29195 6.28885 6.28649 6.28486 6.28396 
6.27901 6.2796 6.28096 6.28307 6.28594 6.28956 6.29393 6.29905 6.3049 6.31147 6.31877 6.32676 6.33544 6.34478 6.35477 6.36537 6.37656 6.38832 6.40059 6.41335 6.42656 6.44016 6.45411 6.46835 6.48284 6.49752 6.51231 6.52717 6.54203 6.55683 6.57149 6.58596 6.60016 6.61403 6.6275 6.64051 6.653 6.66491 6.67618 6.68674 6.69656 6.70558 6.71376 6.72106 6.72743 6.73286 6.7373 6.74074 6.74317 6.74456 6.74491 6.74423 6.74251 6.73977 6.73601 6.73126 6.72554 6.71888 6.71132 6.70289 6.69364 6.68361 6.67286 6.66143 6.64939 6.63679 6.62371 6.61019 6.59631 6.58213 6.56773 6.55316 6.53849 6.52379 6.50912 6.49454 6.48012 6.46592 6.45198 6.43836 6.42512 6.41229 6.39992 6.38805 6.37672 6.36595 6.35579 6.34624 6.33734 6.32911 6.32157 6.31472 6.30859 6.30318 6.29851 6.29457 6.29138 6.28894 6.28726 6.28633 
6.28128 6.28189 6.28328 6.28545 6.2884 6.29212 6.29662 6.30187 6.30789 6.31465 6.32214 6.33035 6.33927 6.34887 6.35913 6.37002 6.38151 6.39358 6.40618 6.41928 6.43283 6.44679 6.4611 6.47571 6.49057 6.50562 6.52079 6.53602 6.55125 6.56641 6.58144 6.59626 6.6108 6.62501 6.6388 6.65213 6.66491 6.6771 6.68863 6.69944 6.70949 6.71872 6.72708 6.73455 6.74107 6.74661 6.75116 6.75468 6.75716 6.75858 6.75894 6.75824 6.75648 6.75367 6.74983 6.74497 6.73912 6.73231 6.72457 6.71594 6.70647 6.69621 6.6852 6.6735 6.66117 6.64827 6.63487 6.62102 6.6068 6.59228 6.57751 6.56258 6.54754 6.53247 6.51742 6.50248 6.48768 6.47311 6.45881 6.44483 6.43123 6.41806 6.40536 6.39317 6.38153 6.37047 6.36002 6.35022 6.34107 6.33261 6.32486 6.31782 6.31151 6.30595 6.30114 6.29709 6.29381 6.2913 6.28957 6.28861 
6.28345 6.28407 6.28549 6.28772 6.29074 6.29456 6.29917 6.30457 6.31073 6.31767 6.32535 6.33377 6.34291 6.35275 6.36327 6.37443 6.38621 6.39858 6.41149 6.42491 6.43879 6.45308 6.46773 6.48269 6.4979 6.5133 6.52882 6.54441 6.55999 6.57549 6.59086 6.60601 6.62088 6.6354 6.6495 6.66311 6.67618 6.68863 6.7004 6.71145 6.72171 6.73114 6.73968 6.7473 6.75396 6.75962 6.76426 6.76785 6.77038 6.77183 6.7722 6.77149 6.76969 6.76682 6.7629 6.75793 6.75196 6.745 6.73709 6.72828 6.71861 6.70812 6.69687 6.68492 6.67232 6.65913 6.64543 6.63128 6.61673 6.60188 6.58678 6.5715 6.55611 6.54069 6.52529 6.50999 6.49485 6.47993 6.46528 6.45097 6.43704 6.42354 6.41053 6.39804 6.3861 6.37476 6.36405 6.35399 6.34462 6.33594 6.32798 6.32076 6.31429 6.30858 6.30365 6.29949 6.29612 6.29355 6.29177 6.29079 
6.28549 6.28613 6.28759 6.28986 6.29296 6.29687 6.30159 6.30711 6.31342 6.32051 6.32838 6.337 6.34635 6.35642 6.36717 6.37859 6.39064 6.40329 6.41649 6.4302 6.44439 6.459 6.47397 6.48925 6.50479 6.52052 6.53637 6.55229 6.56819 6.58402 6.5997 6.61516 6.63034 6.64515 6.65953 6.67342 6.68674 6.69944 6.71145 6.72271 6.73317 6.74278 6.75149 6.75926 6.76604 6.77181 6.77654 6.7802 6.78278 6.78426 6.78463 6.78391 6.78207 6.77915 6.77515 6.77009 6.76399 6.7569 6.74884 6.73986 6.72999 6.71929 6.70782 6.69563 6.68278 6.66933 6.65534 6.6409 6.62606 6.61089 6.59548 6.57988 6.56417 6.54841 6.53269 6.51706 6.50159 6.48633 6.47137 6.45673 6.44249 6.4287 6.41539 6.40261 6.39041 6.37881 6.36785 6.35755 6.34796 6.33908 6.33093 6.32354 6.31691 6.31107 6.30601 6.30176 6.29831 6.29567 6.29384 6.29284 
6.28741 6.28806 6.28954 6.29187 6.29503 6.29902 6.30384 6.30948 6.31593 6.32318 6.33121 6.34001 6.34956 6.35984 6.37082 6.38247 6.39477 6.40767 6.42114 6.43514 6.44961 6.46451 6.47978 6.49536 6.5112 6.52724 6.5434 6.55961 6.57582 6.59195 6.60792 6.62367 6.63913 6.65421 6.66886 6.683 6.69656 6.70949 6.72171 6.73317 6.74382 6.7536 6.76246 6.77036 6.77726 6.78313 6.78794 6.79167 6.79429 6.79579 6.79618 6.79543 6.79357 6.79059 6.78652 6.78137 6.77517 6.76795 6.75975 6.7506 6.74056 6.72968 6.718 6.70558 6.69249 6.6788 6.66456 6.64984 6.63473 6.61928 6.60357 6.58767 6.57166 6.5556 6.53957 6.52363 6.50786 6.4923 6.47703 6.46211 6.44758 6.4335 6.41992 6.40688 6.39442 6.38258 6.37139 6.36088 6.35107 6.342 6.33368 6.32613 6.31936 6.31339 6.30823 6.30388 6.30035 6.29765 6.29579 6.29476 
6.28918 6.28984 6.29135 6.29373 6.29695 6.30102 6.30593 6.31168 6.31825 6.32563 6.33382 6.34279 6.35252 6.36299 6.37418 6.38605 6.39857 6.41172 6.42543 6.43968 6.45441 6.46958 6.48512 6.50098 6.5171 6.53342 6.54986 6.56636 6.58284 6.59924 6.61548 6.6315 6.64721 6.66254 6.67743 6.6918 6.70558 6.71872 6.73114 6.74278 6.7536 6.76353 6.77253 6.78055 6.78757 6.79353 6.79841 6.80219 6.80486 6.80638 6.80677 6.80602 6.80412 6.8011 6.79696 6.79173 6.78543 6.7781 6.76977 6.76048 6.75027 6.73921 6.72734 6.71472 6.70142 6.6875 6.67302 6.65806 6.64269 6.62698 6.61101 6.59484 6.57855 6.56221 6.5459 6.52968 6.51363 6.49779 6.48225 6.46705 6.45226 6.43792 6.42409 6.41081 6.39812 6.38605 6.37465 6.36394 6.35395 6.34471 6.33622 6.32853 6.32163 6.31554 6.31027 6.30584 6.30224 6.29949 6.29759 6.29654 
6.2908 6.29147 6.29301 6.29542 6.2987 6.30284 6.30784 6.31368 6.32036 6.32788 6.3362 6.34532 6.35521 6.36586 6.37723 6.3893 6.40204 6.41539 6.42933 6.44381 6.45878 6.47419 6.48998 6.50609 6.52246 6.53903 6.55572 6.57247 6.58921 6.60586 6.62234 6.6386 6.65454 6.6701 6.6852 6.69978 6.71376 6.72708 6.73968 6.75149 6.76246 6.77253 6.78166 6.78979 6.7969 6.80295 6.8079 6.81173 6.81443 6.81598 6.81637 6.81561 6.81368 6.81062 6.80642 6.80112 6.79473 6.7873 6.77885 6.76942 6.75907 6.74785 6.73581 6.72301 6.70952 6.69539 6.6807 6.66552 6.64992 6.63397 6.61776 6.60134 6.5848 6.56821 6.55165 6.53518 6.51887 6.50278 6.48699 6.47155 6.45652 6.44195 6.42789 6.41438 6.40148 6.38921 6.37762 6.36673 6.35657 6.34717 6.33854 6.33071 6.32369 6.3175 6.31214 6.30762 6.30396 6.30116 6.29923 6.29816 
6.29225 6.29293 6.2945 6.29694 6.30027 6.30447 6.30954 6.31548 6.32226 6.32989 6.33833 6.34759 6.35763 6.36843 6.37997 6.39222 6.40513 6.41868 6.43282 6.44751 6.46269 6.47831 6.49432 6.51066 6.52725 6.54404 6.56096 6.57794 6.59489 6.61176 6.62847 6.64493 6.66108 6.67684 6.69213 6.7069 6.72106 6.73455 6.7473 6.75926 6.77036 6.78055 6.78979 6.79803 6.80522 6.81134 6.81635 6.82023 6.82297 6.82453 6.82493 6.82415 6.82221 6.81911 6.81486 6.80949 6.80302 6.7955 6.78694 6.7774 6.76692 6.75556 6.74337 6.73041 6.71674 6.70243 6.68755 6.67217 6.65637 6.64021 6.62378 6.60715 6.59038 6.57357 6.55678 6.54008 6.52355 6.50724 6.49123 6.47557 6.46032 6.44554 6.43128 6.41758 6.40449 6.39204 6.38028 6.36923 6.35892 6.34937 6.34062 6.33267 6.32554 6.31925 6.31381 6.30923 6.30551 6.30267 6.3007 6.29962 
6.29353 6.29422 6.29581 6.29829 6.30166 6.30591 6.31105 6.31706 6.32393 6.33165 6.34021 6.34958 6.35975 6.37069 6.38238 6.39478 6.40785 6.42157 6.43588 6.45075 6.46611 6.48192 6.49812 6.51465 6.53144 6.54843 6.56555 6.58272 6.59987 6.61693 6.63382 6.65047 6.6668 6.68273 6.69819 6.71312 6.72743 6.74107 6.75396 6.76604 6.77726 6.78757 6.7969 6.80522 6.81249 6.81868 6.82374 6.82766 6.83042 6.832 6.8324 6.83162 6.82965 6.82652 6.82223 6.8168 6.81027 6.80266 6.79401 6.78437 6.77378 6.76229 6.74997 6.73687 6.72305 6.70858 6.69354 6.67799 6.66201 6.64567 6.62905 6.61222 6.59527 6.57826 6.56127 6.54438 6.52764 6.51114 6.49494 6.47909 6.46366 6.44869 6.43426 6.42039 6.40713 6.39453 6.38261 6.37142 6.36098 6.35131 6.34244 6.33439 6.32717 6.3208 6.31529 6.31064 6.30688 6.304 6.302 6.3009 
6.29463 6.29533 6.29693 6.29944 6.30284 6.30715 6.31234 6.31842 6.32536 6.33317 6.34182 6.35129 6.36157 6.37262 6.38443 6.39696 6.41017 6.42403 6.43849 6.45351 6.46903 6.485 6.50136 6.51806 6.53501 6.55217 6.56945 6.58679 6.6041 6.62133 6.63838 6.65518 6.67166 6.68774 6.70335 6.71841 6.73286 6.74661 6.75962 6.77181 6.78313 6.79353 6.80295 6.81134 6.81868 6.82491 6.83002 6.83397 6.83676 6.83835 6.83876 6.83797 6.83599 6.83282 6.82849 6.82302 6.81643 6.80875 6.80002 6.79029 6.77961 6.76802 6.75558 6.74236 6.72842 6.71382 6.69863 6.68294 6.6668 6.65031 6.63353 6.61654 6.59942 6.58225 6.5651 6.54803 6.53113 6.51447 6.4981 6.48209 6.4665 6.45138 6.43679 6.42278 6.40939 6.39665 6.38461 6.3733 6.36274 6.35297 6.34401 6.33586 6.32857 6.32212 6.31655 6.31186 6.30805 6.30514 6.30312 6.30201 
6.29555 6.29625 6.29787 6.30039 6.30383 6.30817 6.31341 6.31954 6.32655 6.33442 6.34314 6.3527 6.36307 6.37422 6.38613 6.39876 6.41209 6.42606 6.44064 6.45578 6.47143 6.48753 6.50403 6.52085 6.53795 6.55524 6.57265 6.59013 6.60758 6.62493 6.64211 6.65905 6.67565 6.69185 6.70758 6.72275 6.7373 6.75116 6.76426 6.77654 6.78794 6.79841 6.8079 6.81635 6.82374 6.83002 6.83516 6.83915 6.84195 6.84356 6.84396 6.84317 6.84117 6.83798 6.83362 6.82811 6.82147 6.81374 6.80495 6.79515 6.78439 6.77271 6.76018 6.74686 6.73281 6.7181 6.70281 6.68699 6.67074 6.65411 6.63721 6.62009 6.60283 6.58552 6.56823 6.55104 6.534 6.5172 6.50069 6.48455 6.46883 6.45359 6.43888 6.42475 6.41124 6.3984 6.38625 6.37484 6.3642 6.35434 6.3453 6.33708 6.32972 6.32322 6.3176 6.31286 6.30902 6.30608 6.30405 6.30292 
6.29627 6.29697 6.2986 6.30115 6.30461 6.30898 6.31425 6.32042 6.32748 6.3354 6.34418 6.3538 6.36424 6.37546 6.38745 6.40017 6.41358 6.42764 6.44232 6.45755 6.4733 6.4895 6.5061 6.52303 6.54022 6.55762 6.57514 6.59272 6.61027 6.62773 6.64501 6.66204 6.67874 6.69504 6.71085 6.72611 6.74074 6.75468 6.76785 6.7802 6.79167 6.80219 6.81173 6.82023 6.82766 6.83397 6.83915 6.84315 6.84597 6.84759 6.84799 6.84719 6.84518 6.84198 6.83759 6.83205 6.82537 6.8176 6.80876 6.79891 6.78808 6.77634 6.76375 6.75035 6.73622 6.72143 6.70604 6.69013 6.67378 6.65706 6.64006 6.62283 6.60548 6.58806 6.57067 6.55336 6.53623 6.51932 6.50271 6.48647 6.47065 6.45531 6.44051 6.42629 6.41269 6.39976 6.38754 6.37605 6.36534 6.35541 6.34631 6.33804 6.33063 6.32408 6.31842 6.31365 6.30979 6.30683 6.30478 6.30365 
6.29679 6.2975 6.29914 6.30169 6.30517 6.30956 6.31486 6.32106 6.32815 6.33611 6.34493 6.3546 6.36508 6.37635 6.38839 6.40117 6.41464 6.42876 6.4435 6.45881 6.47462 6.49089 6.50756 6.52456 6.54183 6.5593 6.5769 6.59455 6.61217 6.6297 6.64705 6.66415 6.68092 6.69728 6.71316 6.72848 6.74317 6.75716 6.77038 6.78278 6.79429 6.80486 6.81443 6.82297 6.83042 6.83676 6.84195 6.84597 6.8488 6.85042 6.85083 6.85002 6.84801 6.84479 6.84039 6.83482 6.82812 6.82032 6.81144 6.80155 6.79069 6.7789 6.76625 6.7528 6.73862 6.72376 6.70832 6.69234 6.67593 6.65914 6.64206 6.62477 6.60734 6.58986 6.57239 6.55501 6.5378 6.52082 6.50414 6.48783 6.47194 6.45653 6.44166 6.42738 6.41372 6.40073 6.38845 6.37692 6.36615 6.35618 6.34703 6.33873 6.33128 6.32471 6.31902 6.31423 6.31034 6.30737 6.30531 6.30417 
6.29712 6.29783 6.29947 6.30203 6.30552 6.30992 6.31523 6.32145 6.32855 6.33654 6.34538 6.35507 6.36558 6.37688 6.38895 6.40176 6.41526 6.42943 6.4442 6.45954 6.4754 6.49171 6.50841 6.52546 6.54277 6.56028 6.57791 6.5956 6.61327 6.63084 6.64823 6.66537 6.68217 6.69857 6.71448 6.72984 6.74456 6.75858 6.77183 6.78426 6.79579 6.80638 6.81598 6.82453 6.832 6.83835 6.84356 6.84759 6.85042 6.85204 6.85246 6.85165 6.84963 6.8464 6.84199 6.83641 6.8297 6.82187 6.81298 6.80307 6.79218 6.78037 6.76769 6.75421 6.73999 6.72511 6.70962 6.69362 6.67716 6.66034 6.64322 6.62589 6.60842 6.59089 6.57338 6.55596 6.53871 6.52169 6.50497 6.48862 6.47269 6.45725 6.44234 6.42802 6.41433 6.40131 6.389 6.37743 6.36664 6.35664 6.34747 6.33914 6.33168 6.32509 6.31938 6.31458 6.31068 6.3077 6.30564 6.3045 
