5.37907 5.37925 5.37952 5.37986 5.38029 5.3808 5.3814 5.38207 5.38284 5.38369 5.38462 5.38565 5.38676 5.38796 5.38926 5.39064 5.39212 5.39368 5.39533 5.39707 5.39889 5.40079 5.40277 5.40482 5.40693 5.4091 5.41132 5.41357 5.41587 5.41818 5.4205 5.42283 5.42514 5.42742 5.42967 5.43187 5.434 5.43606 5.43803 5.43989 5.44164 5.44327 5.44476 5.4461 5.44728 5.4483 5.44915 5.44982 5.45031 5.45062 5.45073 5.45066 5.4504 5.44996 5.44934 5.44854 5.44757 5.44644 5.44515 5.44372 5.44215 5.44046 5.43865 5.43675 5.43476 5.4327 5.43058 5.42841 5.4262 5.42398 5.42174 5.41951 5.4173 5.41511 5.41297 5.41086 5.40882 5.40683 5.40492 5.40309 5.40134 5.39967 5.3981 5.39662 5.39524 5.39396 5.39278 5.39169 5.3907 5.38982 5.38903 5.38833 5.38773 5.38722 5.38681 5.38648 5.38624 5.38609 5.38602 5.38604 
5.37925 5.37944 5.3797 5.38005 5.38048 5.38099 5.38159 5.38227 5.38304 5.38389 5.38483 5.38586 5.38699 5.3882 5.3895 5.39089 5.39238 5.39395 5.39562 5.39737 5.3992 5.40112 5.40311 5.40517 5.4073 5.40949 5.41172 5.414 5.41631 5.41864 5.42099 5.42333 5.42566 5.42796 5.43023 5.43245 5.4346 5.43667 5.43866 5.44054 5.4423 5.44394 5.44544 5.44679 5.44798 5.44901 5.44987 5.45055 5.45104 5.45134 5.45146 5.45139 5.45113 5.45068 5.45005 5.44925 5.44827 5.44713 5.44583 5.44438 5.4428 5.4411 5.43928 5.43736 5.43535 5.43327 5.43113 5.42894 5.42672 5.42448 5.42223 5.41998 5.41775 5.41554 5.41337 5.41125 5.40919 5.40719 5.40527 5.40342 5.40165 5.39997 5.39839 5.3969 5.39551 5.39421 5.39302 5.39193 5.39093 5.39004 5.38924 5.38854 5.38793 5.38742 5.387 5.38667 5.38643 5.38628 5.38621 5.38622 
5.37952 5.3797 5.37997 5.38032 5.38076 5.38128 5.38188 5.38258 5.38336 5.38423 5.38519 5.38624 5.38738 5.38862 5.38995 5.39137 5.39288 5.39449 5.39619 5.39798 5.39985 5.40181 5.40384 5.40595 5.40812 5.41035 5.41263 5.41496 5.41732 5.4197 5.42209 5.42448 5.42686 5.42921 5.43153 5.43379 5.43598 5.4381 5.44012 5.44204 5.44384 5.44551 5.44704 5.44842 5.44964 5.45069 5.45156 5.45225 5.45275 5.45306 5.45318 5.45311 5.45284 5.45238 5.45174 5.45092 5.44992 5.44875 5.44742 5.44595 5.44433 5.44259 5.44073 5.43878 5.43673 5.4346 5.43242 5.43018 5.42791 5.42562 5.42332 5.42102 5.41874 5.41649 5.41428 5.41211 5.41 5.40796 5.40599 5.4041 5.4023 5.40058 5.39896 5.39744 5.39601 5.39469 5.39347 5.39235 5.39133 5.39041 5.3896 5.38888 5.38826 5.38773 5.3873 5.38696 5.38671 5.38655 5.38648 5.38649 
5.37986 5.38005 5.38032 5.38068 5.38113 5.38166 5.38229 5.383 5.3838 5.3847 5.38569 5.38677 5.38795 5.38923 5.3906 5.39207 5.39364 5.3953 5.39705 5.3989 5.40084 5.40286 5.40496 5.40714 5.40938 5.41169 5.41405 5.41645 5.41889 5.42135 5.42382 5.42629 5.42874 5.43117 5.43356 5.43589 5.43816 5.44034 5.44243 5.44441 5.44627 5.44799 5.44957 5.45099 5.45224 5.45332 5.45422 5.45493 5.45545 5.45577 5.45589 5.45581 5.45553 5.45506 5.45439 5.45354 5.45251 5.4513 5.44993 5.44841 5.44674 5.44494 5.44302 5.441 5.43888 5.43669 5.43443 5.43212 5.42977 5.42741 5.42503 5.42266 5.4203 5.41797 5.41568 5.41344 5.41126 5.40914 5.4071 5.40515 5.40328 5.4015 5.39982 5.39824 5.39677 5.39539 5.39413 5.39296 5.39191 5.39095 5.3901 5.38935 5.38871 5.38816 5.3877 5.38735 5.38708 5.38691 5.38683 5.38684 
5.38029 5.38048 5.38076 5.38113 5.38159 5.38214 5.38279 5.38353 5.38437 5.3853 5.38634 5.38747 5.3887 5.39003 5.39146 5.393 5.39464 5.39637 5.39821 5.40014 5.40216 5.40427 5.40647 5.40874 5.41109 5.4135 5.41596 5.41847 5.42102 5.42359 5.42616 5.42874 5.4313 5.43384 5.43633 5.43876 5.44113 5.4434 5.44558 5.44764 5.44958 5.45137 5.45301 5.45449 5.4558 5.45692 5.45785 5.45859 5.45913 5.45946 5.45958 5.4595 5.45921 5.45871 5.45802 5.45713 5.45605 5.45479 5.45336 5.45177 5.45003 5.44815 5.44615 5.44403 5.44182 5.43953 5.43717 5.43476 5.43231 5.42984 5.42735 5.42487 5.42241 5.41997 5.41758 5.41523 5.41295 5.41074 5.4086 5.40655 5.4046 5.40273 5.40097 5.39932 5.39777 5.39632 5.39499 5.39377 5.39265 5.39165 5.39075 5.38996 5.38928 5.38869 5.38821 5.38783 5.38755 5.38736 5.38727 5.38727 
5.3808 5.38099 5.38128 5.38166 5.38214 5.38272 5.3834 5.38418 5.38506 5.38604 5.38713 5.38832 5.38962 5.39102 5.39254 5.39416 5.39588 5.39772 5.39965 5.40169 5.40383 5.40606 5.40837 5.41077 5.41325 5.41579 5.41839 5.42103 5.42372 5.42642 5.42914 5.43185 5.43455 5.43722 5.43984 5.4424 5.44489 5.44728 5.44957 5.45174 5.45377 5.45566 5.45738 5.45893 5.4603 5.46148 5.46246 5.46323 5.46379 5.46414 5.46427 5.46417 5.46387 5.46334 5.46261 5.46167 5.46053 5.45921 5.4577 5.45602 5.45419 5.45221 5.4501 5.44788 5.44555 5.44313 5.44065 5.43811 5.43552 5.43291 5.43029 5.42767 5.42507 5.4225 5.41997 5.4175 5.41509 5.41275 5.41049 5.40832 5.40625 5.40428 5.40241 5.40065 5.39901 5.39748 5.39606 5.39476 5.39358 5.39251 5.39155 5.3907 5.38997 5.38935 5.38883 5.38842 5.38811 5.3879 5.38779 5.38779 
5.3814 5.38159 5.38188 5.38229 5.38279 5.3834 5.38412 5.38494 5.38587 5.38692 5.38807 5.38934 5.39072 5.39221 5.39382 5.39554 5.39738 5.39933 5.40139 5.40356 5.40583 5.40821 5.41067 5.41322 5.41586 5.41856 5.42132 5.42413 5.42698 5.42985 5.43274 5.43562 5.43848 5.44131 5.44409 5.44681 5.44944 5.45198 5.4544 5.4567 5.45885 5.46084 5.46267 5.46431 5.46576 5.467 5.46804 5.46885 5.46944 5.4698 5.46994 5.46984 5.46951 5.46895 5.46817 5.46717 5.46596 5.46455 5.46295 5.46118 5.45923 5.45713 5.45489 5.45253 5.45006 5.44749 5.44485 5.44215 5.43941 5.43663 5.43385 5.43106 5.4283 5.42556 5.42287 5.42023 5.41766 5.41517 5.41276 5.41045 5.40824 5.40613 5.40414 5.40226 5.4005 5.39886 5.39734 5.39595 5.39468 5.39353 5.39249 5.39158 5.39079 5.39011 5.38955 5.3891 5.38876 5.38853 5.3884 5.38838 
5.38207 5.38227 5.38258 5.383 5.38353 5.38418 5.38494 5.38582 5.38681 5.38793 5.38916 5.39051 5.39199 5.39359 5.39531 5.39716 5.39913 5.40122 5.40343 5.40575 5.40819 5.41073 5.41337 5.4161 5.41892 5.42181 5.42476 5.42777 5.43081 5.43388 5.43697 5.44004 5.4431 5.44612 5.44909 5.45198 5.45479 5.45749 5.46008 5.46252 5.46481 5.46693 5.46888 5.47062 5.47216 5.47348 5.47458 5.47545 5.47607 5.47645 5.47659 5.47648 5.47612 5.47552 5.47469 5.47362 5.47233 5.47083 5.46912 5.46722 5.46514 5.4629 5.46051 5.45799 5.45535 5.45261 5.44979 5.4469 5.44397 5.441 5.43802 5.43504 5.43208 5.42915 5.42627 5.42344 5.42069 5.41801 5.41543 5.41295 5.41057 5.40831 5.40616 5.40414 5.40224 5.40048 5.39884 5.39733 5.39595 5.39471 5.39359 5.3926 5.39174 5.391 5.39038 5.38988 5.38951 5.38924 5.3891 5.38907 
5.38284 5.38304 5.38336 5.3838 5.38437 5.38506 5.38587 5.38681 5.38788 5.38908 5.3904 5.39186 5.39345 5.39517 5.39702 5.39901 5.40113 5.40338 5.40576 5.40826 5.41088 5.41362 5.41646 5.4194 5.42243 5.42554 5.42871 5.43194 5.43521 5.43851 5.44182 5.44512 5.4484 5.45164 5.45482 5.45792 5.46093 5.46382 5.46658 5.4692 5.47165 5.47392 5.476 5.47786 5.47951 5.48092 5.48209 5.48301 5.48367 5.48408 5.48422 5.48409 5.48371 5.48307 5.48217 5.48102 5.47964 5.47803 5.47619 5.47416 5.47193 5.46952 5.46696 5.46425 5.46142 5.45848 5.45545 5.45235 5.4492 5.44601 5.44281 5.43961 5.43642 5.43327 5.43017 5.42713 5.42416 5.42127 5.41849 5.41581 5.41324 5.4108 5.40848 5.40629 5.40423 5.40232 5.40054 5.3989 5.39741 5.39605 5.39483 5.39375 5.39281 5.392 5.39132 5.39077 5.39035 5.39005 5.38988 5.38984 
5.38369 5.38389 5.38423 5.3847 5.3853 5.38604 5.38692 5.38793 5.38908 5.39036 5.3918 5.39337 5.39508 5.39695 5.39895 5.4011 5.40339 5.40582 5.40839 5.4111 5.41393 5.41688 5.41995 5.42313 5.4264 5.42975 5.43317 5.43666 5.44018 5.44374 5.4473 5.45085 5.45438 5.45786 5.46128 5.46462 5.46785 5.47096 5.47393 5.47674 5.47936 5.4818 5.48402 5.48602 5.48779 5.4893 5.49055 5.49153 5.49224 5.49267 5.49282 5.49268 5.49226 5.49157 5.4906 5.48937 5.48788 5.48614 5.48417 5.48198 5.47958 5.47699 5.47423 5.47132 5.46827 5.4651 5.46184 5.4585 5.45511 5.45167 5.44822 5.44476 5.44133 5.43792 5.43457 5.43128 5.42807 5.42495 5.42194 5.41904 5.41625 5.4136 5.41109 5.40871 5.40648 5.40439 5.40246 5.40068 5.39904 5.39756 5.39623 5.39504 5.39401 5.39311 5.39236 5.39176 5.39129 5.39095 5.39076 5.3907 
5.38462 5.38483 5.38519 5.38569 5.38634 5.38713 5.38807 5.38916 5.3904 5.3918 5.39334 5.39505 5.39691 5.39892 5.40109 5.40342 5.40591 5.40854 5.41133 5.41426 5.41732 5.42052 5.42385 5.42728 5.43082 5.43444 5.43815 5.44191 5.44572 5.44955 5.4534 5.45724 5.46104 5.4648 5.46848 5.47207 5.47556 5.4789 5.4821 5.48512 5.48794 5.49056 5.49295 5.4951 5.49699 5.49861 5.49995 5.50101 5.50176 5.50222 5.50238 5.50222 5.50177 5.50102 5.49997 5.49864 5.49703 5.49516 5.49304 5.49067 5.48809 5.4853 5.48232 5.47918 5.47589 5.47247 5.46895 5.46535 5.46168 5.45797 5.45423 5.4505 5.44678 5.4431 5.43947 5.43591 5.43243 5.42905 5.42578 5.42263 5.41961 5.41673 5.41399 5.4114 5.40897 5.4067 5.40459 5.40264 5.40086 5.39924 5.39778 5.39648 5.39534 5.39435 5.39352 5.39285 5.39232 5.39195 5.39172 5.39164 
5.38565 5.38586 5.38624 5.38677 5.38747 5.38832 5.38934 5.39051 5.39186 5.39337 5.39505 5.39689 5.39891 5.4011 5.40346 5.40599 5.40868 5.41154 5.41456 5.41774 5.42107 5.42454 5.42814 5.43186 5.43569 5.43962 5.44363 5.4477 5.45182 5.45597 5.46012 5.46426 5.46837 5.47243 5.47641 5.48028 5.48403 5.48764 5.49108 5.49434 5.49738 5.5002 5.50277 5.50508 5.50711 5.50885 5.51029 5.51142 5.51223 5.51272 5.51288 5.51271 5.51222 5.51141 5.51028 5.50884 5.5071 5.50508 5.50278 5.50023 5.49744 5.49443 5.49122 5.48782 5.48427 5.48058 5.47678 5.47288 5.46891 5.4649 5.46086 5.45682 5.45279 5.4488 5.44487 5.44101 5.43723 5.43357 5.43001 5.42659 5.4233 5.42017 5.41719 5.41437 5.41172 5.40924 5.40694 5.40481 5.40286 5.40108 5.39948 5.39805 5.39679 5.39571 5.39479 5.39404 5.39346 5.39304 5.39278 5.39267 
5.38676 5.38699 5.38738 5.38795 5.3887 5.38962 5.39072 5.39199 5.39345 5.39508 5.39691 5.39891 5.4011 5.40348 5.40604 5.40879 5.41171 5.41482 5.4181 5.42155 5.42516 5.42892 5.43283 5.43686 5.44102 5.44527 5.44961 5.45402 5.45848 5.46296 5.46746 5.47193 5.47637 5.48075 5.48504 5.48923 5.49327 5.49716 5.50087 5.50438 5.50766 5.51069 5.51346 5.51594 5.51813 5.52 5.52155 5.52276 5.52363 5.52415 5.52431 5.52413 5.5236 5.52271 5.52149 5.51994 5.51806 5.51588 5.5134 5.51064 5.50763 5.50438 5.50091 5.49724 5.49341 5.48942 5.48531 5.48109 5.4768 5.47246 5.46809 5.46371 5.45935 5.45503 5.45076 5.44657 5.44248 5.43849 5.43463 5.43091 5.42734 5.42393 5.42068 5.41761 5.41472 5.41202 5.4095 5.40717 5.40503 5.40309 5.40133 5.39976 5.39838 5.39719 5.39617 5.39534 5.39469 5.39422 5.39392 5.3938 
5.38796 5.3882 5.38862 5.38923 5.39003 5.39102 5.39221 5.39359 5.39517 5.39695 5.39892 5.4011 5.40348 5.40606 5.40884 5.41182 5.415 5.41838 5.42194 5.42568 5.4296 5.43368 5.43791 5.44229 5.44679 5.4514 5.45609 5.46087 5.46569 5.47054 5.47539 5.48023 5.48503 5.48975 5.49439 5.4989 5.50326 5.50746 5.51145 5.51523 5.51876 5.52202 5.525 5.52767 5.53002 5.53204 5.5337 5.535 5.53593 5.53648 5.53666 5.53645 5.53587 5.53492 5.5336 5.53192 5.52989 5.52754 5.52486 5.52189 5.51864 5.51513 5.51138 5.50742 5.50328 5.49897 5.49453 5.48997 5.48534 5.48064 5.47591 5.47117 5.46645 5.46177 5.45714 5.4526 5.44816 5.44383 5.43964 5.4356 5.43171 5.428 5.42447 5.42113 5.41798 5.41502 5.41228 5.40973 5.40739 5.40526 5.40334 5.40162 5.4001 5.39879 5.39767 5.39675 5.39603 5.3955 5.39516 5.39501 
5.38926 5.3895 5.38995 5.3906 5.39146 5.39254 5.39382 5.39531 5.39702 5.39895 5.40109 5.40346 5.40604 5.40884 5.41186 5.4151 5.41855 5.42221 5.42607 5.43013 5.43438 5.4388 5.44339 5.44813 5.453 5.45799 5.46307 5.46823 5.47344 5.47868 5.48393 5.48915 5.49432 5.49942 5.50442 5.50928 5.51398 5.5185 5.5228 5.52687 5.53067 5.53418 5.53738 5.54025 5.54277 5.54493 5.54672 5.54811 5.54911 5.5497 5.54988 5.54966 5.54903 5.548 5.54657 5.54476 5.54258 5.54004 5.53715 5.53395 5.53044 5.52666 5.52262 5.51835 5.51387 5.50922 5.50443 5.49951 5.4945 5.48942 5.48431 5.47919 5.47408 5.46901 5.464 5.45908 5.45427 5.44958 5.44503 5.44064 5.43642 5.43239 5.42855 5.42491 5.42148 5.41826 5.41526 5.41249 5.40994 5.40761 5.4055 5.40361 5.40195 5.40051 5.39928 5.39826 5.39746 5.39687 5.39649 5.39632 
5.39064 5.39089 5.39137 5.39207 5.393 5.39416 5.39554 5.39716 5.39901 5.4011 5.40342 5.40599 5.40879 5.41182 5.4151 5.41861 5.42235 5.42632 5.4305 5.4349 5.4395 5.44429 5.44925 5.45438 5.45964 5.46503 5.47052 5.4761 5.48172 5.48738 5.49304 5.49867 5.50425 5.50974 5.51512 5.52035 5.52541 5.53027 5.5349 5.53927 5.54335 5.54712 5.55056 5.55364 5.55635 5.55867 5.56058 5.56207 5.56314 5.56377 5.56396 5.56372 5.56304 5.56192 5.56039 5.55844 5.55608 5.55335 5.55024 5.54679 5.54302 5.53894 5.53459 5.52999 5.52517 5.52016 5.51499 5.50968 5.50428 5.4988 5.49328 5.48775 5.48223 5.47675 5.47133 5.46601 5.4608 5.45572 5.45079 5.44603 5.44146 5.43708 5.43291 5.42895 5.42522 5.42173 5.41846 5.41544 5.41266 5.41011 5.40781 5.40575 5.40393 5.40235 5.401 5.39988 5.399 5.39834 5.39791 5.39771 
5.39212 5.39238 5.39288 5.39364 5.39464 5.39588 5.39738 5.39913 5.40113 5.40339 5.40591 5.40868 5.41171 5.415 5.41855 5.42235 5.4264 5.43069 5.43522 5.43998 5.44495 5.45012 5.45549 5.46102 5.46671 5.47252 5.47845 5.48446 5.49052 5.49661 5.50271 5.50877 5.51477 5.52068 5.52646 5.53209 5.53753 5.54275 5.54772 5.5524 5.55678 5.56083 5.56452 5.56782 5.57072 5.5732 5.57525 5.57685 5.57798 5.57866 5.57886 5.57859 5.57786 5.57666 5.575 5.57291 5.57038 5.56744 5.5641 5.56039 5.55633 5.55195 5.54727 5.54232 5.53714 5.53175 5.52618 5.52047 5.51465 5.50875 5.5028 5.49683 5.49088 5.48496 5.47912 5.47337 5.46774 5.46225 5.45692 5.45177 5.44681 5.44207 5.43755 5.43326 5.42921 5.42542 5.42187 5.41858 5.41555 5.41278 5.41028 5.40803 5.40604 5.40431 5.40283 5.4016 5.40063 5.39991 5.39943 5.3992 
5.39368 5.39395 5.39449 5.3953 5.39637 5.39772 5.39933 5.40122 5.40338 5.40582 5.40854 5.41154 5.41482 5.41838 5.42221 5.42632 5.43069 5.43533 5.44022 5.44535 5.45072 5.4563 5.46209 5.46805 5.47418 5.48044 5.48682 5.49329 5.49981 5.50637 5.51292 5.51943 5.52588 5.53222 5.53843 5.54447 5.5503 5.55589 5.56122 5.56624 5.57093 5.57526 5.57921 5.58274 5.58585 5.5885 5.59069 5.59239 5.5936 5.59432 5.59453 5.59424 5.59345 5.59216 5.59039 5.58813 5.58542 5.58227 5.57869 5.57471 5.57036 5.56565 5.56063 5.55532 5.54975 5.54396 5.53798 5.53185 5.52559 5.51924 5.51284 5.50642 5.50001 5.49364 5.48735 5.48115 5.47507 5.46915 5.4634 5.45784 5.45248 5.44735 5.44246 5.43782 5.43344 5.42932 5.42548 5.42191 5.41862 5.41561 5.41289 5.41044 5.40827 5.40638 5.40477 5.40343 5.40236 5.40157 5.40104 5.40078 
5.39533 5.39562 5.39619 5.39705 5.39821 5.39965 5.40139 5.40343 5.40576 5.40839 5.41133 5.41456 5.4181 5.42194 5.42607 5.4305 5.43522 5.44022 5.44549 5.45102 5.4568 5.46281 5.46904 5.47545 5.48204 5.48878 5.49563 5.50258 5.50958 5.51661 5.52364 5.53063 5.53754 5.54433 5.55098 5.55744 5.56369 5.56967 5.57537 5.58074 5.58575 5.59038 5.59459 5.59837 5.60168 5.60451 5.60685 5.60866 5.60996 5.61071 5.61094 5.61062 5.60977 5.60839 5.60649 5.60408 5.60118 5.5978 5.59397 5.58971 5.58505 5.58001 5.57463 5.56895 5.56298 5.55678 5.55037 5.54378 5.53707 5.53026 5.52339 5.51649 5.50961 5.50276 5.49599 5.48933 5.48279 5.47641 5.47022 5.46422 5.45845 5.45292 5.44764 5.44263 5.43789 5.43344 5.42928 5.42542 5.42186 5.4186 5.41564 5.41298 5.41063 5.40858 5.40682 5.40536 5.40419 5.40332 5.40274 5.40244 
5.39707 5.39737 5.39798 5.3989 5.40014 5.40169 5.40356 5.40575 5.40826 5.4111 5.41426 5.41774 5.42155 5.42568 5.43013 5.4349 5.43998 5.44535 5.45102 5.45697 5.46318 5.46964 5.47632 5.48321 5.49028 5.4975 5.50485 5.51229 5.5198 5.52733 5.53485 5.54232 5.54971 5.55698 5.56408 5.57099 5.57766 5.58405 5.59012 5.59585 5.6012 5.60614 5.61063 5.61465 5.61818 5.62119 5.62368 5.62561 5.62698 5.62779 5.62802 5.62768 5.62677 5.62529 5.62326 5.62069 5.61759 5.61398 5.60989 5.60534 5.60036 5.59498 5.58924 5.58316 5.57678 5.57015 5.56329 5.55625 5.54906 5.54177 5.53441 5.52703 5.51964 5.5123 5.50504 5.49789 5.49087 5.48402 5.47736 5.47091 5.4647 5.45875 5.45307 5.44767 5.44256 5.43776 5.43327 5.42911 5.42526 5.42173 5.41853 5.41566 5.41311 5.41088 5.40897 5.40739 5.40612 5.40516 5.40452 5.4042 
5.39889 5.3992 5.39985 5.40084 5.40216 5.40383 5.40583 5.40819 5.41088 5.41393 5.41732 5.42107 5.42516 5.4296 5.43438 5.4395 5.44495 5.45072 5.4568 5.46318 5.46984 5.47676 5.48392 5.4913 5.49887 5.50659 5.51445 5.52241 5.53043 5.53848 5.54651 5.55449 5.56237 5.57012 5.5777 5.58506 5.59216 5.59897 5.60544 5.61154 5.61723 5.62248 5.62726 5.63153 5.63529 5.63849 5.64112 5.64318 5.64463 5.64548 5.64573 5.64536 5.64439 5.64281 5.64065 5.63791 5.6346 5.63076 5.6264 5.62156 5.61625 5.61052 5.6044 5.59791 5.59111 5.58404 5.57672 5.5692 5.56153 5.55374 5.54588 5.53798 5.53009 5.52224 5.51446 5.5068 5.49929 5.49194 5.4848 5.47789 5.47123 5.46484 5.45873 5.45293 5.44744 5.44228 5.43745 5.43296 5.42881 5.42501 5.42156 5.41846 5.4157 5.41329 5.41123 5.40951 5.40813 5.40709 5.40639 5.40603 
5.40079 5.40112 5.40181 5.40286 5.40427 5.40606 5.40821 5.41073 5.41362 5.41688 5.42052 5.42454 5.42892 5.43368 5.4388 5.44429 5.45012 5.4563 5.46281 5.46964 5.47676 5.48416 5.49181 5.49969 5.50778 5.51603 5.52441 5.5329 5.54145 5.55002 5.55858 5.56708 5.57547 5.58372 5.59178 5.5996 5.60716 5.61439 5.62126 5.62774 5.63378 5.63935 5.64442 5.64896 5.65294 5.65633 5.65913 5.6613 5.66284 5.66374 5.664 5.6636 5.66257 5.66089 5.65859 5.65567 5.65216 5.64808 5.64345 5.6383 5.63266 5.62657 5.62006 5.61316 5.60593 5.59839 5.5906 5.5826 5.57443 5.56613 5.55775 5.54933 5.54091 5.53253 5.52423 5.51605 5.50802 5.50017 5.49253 5.48514 5.47801 5.47116 5.46462 5.4584 5.45251 5.44697 5.44179 5.43696 5.43251 5.42842 5.42471 5.42137 5.4184 5.41581 5.41358 5.41172 5.41023 5.40911 5.40835 5.40795 
5.40277 5.40311 5.40384 5.40496 5.40647 5.40837 5.41067 5.41337 5.41646 5.41995 5.42385 5.42814 5.43283 5.43791 5.44339 5.44925 5.45549 5.46209 5.46904 5.47632 5.48392 5.49181 5.49997 5.50837 5.51698 5.52577 5.53469 5.54373 5.55282 5.56193 5.57103 5.58005 5.58897 5.59772 5.60628 5.61458 5.62258 5.63025 5.63754 5.6444 5.6508 5.6567 5.66206 5.66686 5.67107 5.67466 5.67762 5.67991 5.68154 5.68249 5.68276 5.68234 5.68123 5.67946 5.67702 5.67393 5.67021 5.66588 5.66097 5.65551 5.64953 5.64307 5.63616 5.62885 5.62117 5.61317 5.6049 5.5964 5.58772 5.5789 5.56999 5.56103 5.55207 5.54315 5.53431 5.52559 5.51703 5.50867 5.50052 5.49263 5.48501 5.4777 5.47071 5.46406 5.45776 5.45184 5.44628 5.44112 5.43634 5.43196 5.42798 5.42439 5.42121 5.41842 5.41602 5.41402 5.41242 5.4112 5.41037 5.40994 
5.40482 5.40517 5.40595 5.40714 5.40874 5.41077 5.41322 5.4161 5.4194 5.42313 5.42728 5.43186 5.43686 5.44229 5.44813 5.45438 5.46102 5.46805 5.47545 5.48321 5.4913 5.49969 5.50837 5.5173 5.52645 5.53578 5.54526 5.55485 5.5645 5.57416 5.5838 5.59337 5.60281 5.61208 5.62113 5.62992 5.63839 5.6465 5.6542 5.66145 5.66821 5.67444 5.68011 5.68518 5.68962 5.69341 5.69652 5.69895 5.70066 5.70166 5.70194 5.70149 5.70032 5.69844 5.69586 5.6926 5.68866 5.68409 5.6789 5.67313 5.6668 5.65997 5.65266 5.64492 5.63679 5.62832 5.61956 5.61055 5.60135 5.592 5.58254 5.57304 5.56353 5.55406 5.54467 5.53541 5.52631 5.51741 5.50874 5.50034 5.49223 5.48444 5.47699 5.46989 5.46318 5.45685 5.45092 5.44541 5.4403 5.43562 5.43136 5.42752 5.4241 5.42111 5.41855 5.4164 5.41467 5.41337 5.41248 5.412 
5.40693 5.4073 5.40812 5.40938 5.41109 5.41325 5.41586 5.41892 5.42243 5.4264 5.43082 5.43569 5.44102 5.44679 5.453 5.45964 5.46671 5.47418 5.48204 5.49028 5.49887 5.50778 5.51698 5.52645 5.53615 5.54604 5.55608 5.56622 5.57644 5.58666 5.59686 5.60697 5.61695 5.62674 5.6363 5.64557 5.65451 5.66306 5.67118 5.67883 5.68596 5.69252 5.69849 5.70383 5.70851 5.7125 5.71577 5.71832 5.72012 5.72117 5.72146 5.72099 5.71976 5.71777 5.71505 5.71161 5.70746 5.70263 5.69716 5.69107 5.6844 5.67719 5.66947 5.6613 5.65272 5.64378 5.63452 5.625 5.61527 5.60538 5.59538 5.58532 5.57525 5.56522 5.55527 5.54545 5.5358 5.52636 5.51716 5.50824 5.49963 5.49135 5.48343 5.47588 5.46874 5.462 5.45569 5.44981 5.44437 5.43937 5.43483 5.43073 5.42709 5.42389 5.42115 5.41885 5.417 5.4156 5.41464 5.41413 
5.4091 5.40949 5.41035 5.41169 5.4135 5.41579 5.41856 5.42181 5.42554 5.42975 5.43444 5.43962 5.44527 5.4514 5.45799 5.46503 5.47252 5.48044 5.48878 5.4975 5.50659 5.51603 5.52577 5.53578 5.54604 5.55649 5.5671 5.57781 5.58859 5.59938 5.61014 5.6208 5.63132 5.64164 5.65171 5.66147 5.67088 5.67988 5.68842 5.69646 5.70396 5.71086 5.71713 5.72274 5.72765 5.73184 5.73528 5.73796 5.73985 5.74095 5.74125 5.74075 5.73945 5.73736 5.7345 5.73088 5.72652 5.72144 5.71568 5.70928 5.70226 5.69466 5.68654 5.67794 5.6689 5.65947 5.64972 5.63968 5.62942 5.61899 5.60843 5.59781 5.58718 5.57658 5.56607 5.55569 5.54548 5.53549 5.52575 5.5163 5.50718 5.4984 5.49 5.482 5.47442 5.46727 5.46057 5.45432 5.44854 5.44322 5.43839 5.43403 5.43014 5.42674 5.42381 5.42136 5.41939 5.41789 5.41686 5.41631 
5.41132 5.41172 5.41263 5.41405 5.41596 5.41839 5.42132 5.42476 5.42871 5.43317 5.43815 5.44363 5.44961 5.45609 5.46307 5.47052 5.47845 5.48682 5.49563 5.50485 5.51445 5.52441 5.53469 5.54526 5.55608 5.5671 5.57827 5.58956 5.60092 5.61228 5.62359 5.63481 5.64587 5.65671 5.66729 5.67755 5.68743 5.69688 5.70585 5.71428 5.72214 5.72938 5.73596 5.74183 5.74698 5.75137 5.75498 5.75778 5.75976 5.7609 5.76122 5.76069 5.75933 5.75714 5.75413 5.75033 5.74575 5.74043 5.73439 5.72766 5.72029 5.71232 5.70379 5.69476 5.68526 5.67535 5.6651 5.65454 5.64375 5.63277 5.62166 5.61048 5.59927 5.58811 5.57702 5.56607 5.5553 5.54476 5.53448 5.5245 5.51485 5.50558 5.4967 5.48823 5.4802 5.47263 5.46553 5.45891 5.45278 5.44715 5.44201 5.43739 5.43326 5.42965 5.42654 5.42393 5.42183 5.42023 5.41914 5.41854 
5.41357 5.414 5.41496 5.41645 5.41847 5.42103 5.42413 5.42777 5.43194 5.43666 5.44191 5.4477 5.45402 5.46087 5.46823 5.4761 5.48446 5.49329 5.50258 5.51229 5.52241 5.5329 5.54373 5.55485 5.56622 5.57781 5.58956 5.60143 5.61335 5.62528 5.63716 5.64893 5.66053 5.6719 5.68299 5.69374 5.70409 5.71398 5.72337 5.7322 5.74043 5.748 5.75488 5.76102 5.76641 5.77099 5.77476 5.77769 5.77975 5.78095 5.78128 5.78072 5.77929 5.777 5.77386 5.76988 5.76509 5.75952 5.75319 5.74615 5.73844 5.73009 5.72115 5.71168 5.70173 5.69135 5.68059 5.66952 5.65819 5.64666 5.635 5.62325 5.61148 5.59974 5.58808 5.57656 5.56523 5.55413 5.5433 5.53279 5.52262 5.51284 5.50347 5.49454 5.48607 5.47807 5.47057 5.46357 5.45709 5.45113 5.4457 5.4408 5.43643 5.4326 5.42931 5.42655 5.42432 5.42262 5.42145 5.42082 
5.41587 5.41631 5.41732 5.41889 5.42102 5.42372 5.42698 5.43081 5.43521 5.44018 5.44572 5.45182 5.45848 5.46569 5.47344 5.48172 5.49052 5.49981 5.50958 5.5198 5.53043 5.54145 5.55282 5.5645 5.57644 5.58859 5.60092 5.61335 5.62585 5.63834 5.65078 5.6631 5.67524 5.68713 5.69873 5.70997 5.72078 5.73112 5.74093 5.75015 5.75873 5.76663 5.77381 5.78022 5.78584 5.79062 5.79455 5.7976 5.79975 5.801 5.80134 5.80076 5.79927 5.79687 5.79359 5.78944 5.78444 5.77862 5.77202 5.76466 5.7566 5.74788 5.73854 5.72864 5.71824 5.70738 5.69613 5.68454 5.67268 5.66061 5.64839 5.63608 5.62374 5.61143 5.5992 5.58712 5.57522 5.56356 5.55218 5.54113 5.53045 5.52016 5.5103 5.5009 5.49198 5.48356 5.47565 5.46828 5.46144 5.45516 5.44942 5.44425 5.43964 5.4356 5.43211 5.42919 5.42683 5.42504 5.4238 5.42312 
5.41818 5.41864 5.4197 5.42135 5.42359 5.42642 5.42985 5.43388 5.43851 5.44374 5.44955 5.45597 5.46296 5.47054 5.47868 5.48738 5.49661 5.50637 5.51661 5.52733 5.53848 5.55002 5.56193 5.57416 5.58666 5.59938 5.61228 5.62528 5.63834 5.6514 5.66439 5.67725 5.68993 5.70234 5.71444 5.72616 5.73743 5.74821 5.75843 5.76803 5.77697 5.7852 5.79267 5.79935 5.80519 5.81017 5.81426 5.81743 5.81967 5.82096 5.82131 5.82071 5.81915 5.81666 5.81324 5.80892 5.80371 5.79765 5.79077 5.78311 5.77471 5.76562 5.75588 5.74556 5.73471 5.72338 5.71163 5.69954 5.68715 5.67455 5.66178 5.64891 5.63601 5.62313 5.61033 5.59768 5.58522 5.57301 5.56109 5.5495 5.5383 5.5275 5.51716 5.50729 5.49792 5.48907 5.48076 5.47301 5.46582 5.45921 5.45317 5.44773 5.44288 5.43861 5.43494 5.43186 5.42937 5.42747 5.42617 5.42545 
5.4205 5.42099 5.42209 5.42382 5.42616 5.42914 5.43274 5.43697 5.44182 5.4473 5.4534 5.46012 5.46746 5.47539 5.48393 5.49304 5.50271 5.51292 5.52364 5.53485 5.54651 5.55858 5.57103 5.5838 5.59686 5.61014 5.62359 5.63716 5.65078 5.66439 5.67793 5.69133 5.70453 5.71745 5.73004 5.74224 5.75397 5.76517 5.77579 5.78578 5.79507 5.80362 5.81138 5.81831 5.82438 5.82954 5.83378 5.83708 5.8394 5.84075 5.8411 5.84047 5.83886 5.83627 5.83272 5.82822 5.82281 5.81652 5.80937 5.80141 5.79267 5.78322 5.7731 5.76236 5.75106 5.73927 5.72704 5.71445 5.70154 5.6884 5.67509 5.66167 5.64821 5.63477 5.62142 5.60821 5.59519 5.58243 5.56997 5.55785 5.54613 5.53484 5.52401 5.51367 5.50385 5.49458 5.48587 5.47774 5.4702 5.46326 5.45693 5.45121 5.44611 5.44164 5.43778 5.43454 5.43192 5.42992 5.42855 5.42779 
5.42283 5.42333 5.42448 5.42629 5.42874 5.43185 5.43562 5.44004 5.44512 5.45085 5.45724 5.46426 5.47193 5.48023 5.48915 5.49867 5.50877 5.51943 5.53063 5.54232 5.55449 5.56708 5.58005 5.59337 5.60697 5.6208 5.63481 5.64893 5.6631 5.67725 5.69133 5.70526 5.71897 5.7324 5.74547 5.75813 5.7703 5.78192 5.79294 5.80329 5.81293 5.82179 5.82983 5.83702 5.8433 5.84865 5.85305 5.85645 5.85886 5.86025 5.86062 5.85997 5.8583 5.85561 5.85193 5.84727 5.84167 5.83514 5.82772 5.81947 5.81041 5.8006 5.7901 5.77895 5.76722 5.75498 5.74228 5.72919 5.71578 5.70212 5.68827 5.67431 5.66031 5.64632 5.63241 5.61864 5.60508 5.59177 5.57878 5.56614 5.55391 5.54212 5.53081 5.52001 5.50976 5.50006 5.49096 5.48245 5.47456 5.4673 5.46067 5.45469 5.44935 5.44465 5.44061 5.43721 5.43447 5.43237 5.43092 5.43013 
5.42514 5.42566 5.42686 5.42874 5.4313 5.43455 5.43848 5.4431 5.4484 5.45438 5.46104 5.46837 5.47637 5.48503 5.49432 5.50425 5.51477 5.52588 5.53754 5.54971 5.56237 5.57547 5.58897 5.60281 5.61695 5.63132 5.64587 5.66053 5.67524 5.68993 5.70453 5.71897 5.73318 5.7471 5.76064 5.77375 5.78636 5.79839 5.80979 5.82051 5.83047 5.83964 5.84795 5.85538 5.86188 5.86741 5.87195 5.87547 5.87796 5.8794 5.87978 5.8791 5.87737 5.87459 5.87079 5.86597 5.86017 5.85342 5.84575 5.83721 5.82784 5.81768 5.80681 5.79527 5.78312 5.77043 5.75727 5.7437 5.72979 5.71562 5.70126 5.68677 5.67222 5.65769 5.64324 5.62894 5.61484 5.601 5.58748 5.57433 5.5616 5.54932 5.53754 5.52629 5.5156 5.50549 5.49599 5.48712 5.47889 5.47131 5.46439 5.45813 5.45255 5.44765 5.44342 5.43987 5.437 5.4348 5.43329 5.43245 
5.42742 5.42796 5.42921 5.43117 5.43384 5.43722 5.44131 5.44612 5.45164 5.45786 5.4648 5.47243 5.48075 5.48975 5.49942 5.50974 5.52068 5.53222 5.54433 5.55698 5.57012 5.58372 5.59772 5.61208 5.62674 5.64164 5.65671 5.6719 5.68713 5.70234 5.71745 5.7324 5.7471 5.76149 5.77549 5.78904 5.80206 5.81449 5.82626 5.83732 5.84761 5.85707 5.86565 5.87331 5.88002 5.88572 5.89041 5.89404 5.8966 5.89808 5.89848 5.89778 5.89599 5.89313 5.8892 5.88423 5.87825 5.87128 5.86336 5.85454 5.84486 5.83438 5.82314 5.81122 5.79866 5.78555 5.77194 5.7579 5.74351 5.72885 5.71398 5.69897 5.68391 5.66885 5.65387 5.63904 5.62442 5.61006 5.59603 5.58238 5.56915 5.5564 5.54416 5.53246 5.52135 5.51084 5.50095 5.49172 5.48315 5.47526 5.46805 5.46153 5.45572 5.45061 5.4462 5.44249 5.4395 5.43721 5.43563 5.43475 
5.42967 5.43023 5.43153 5.43356 5.43633 5.43984 5.44409 5.44909 5.45482 5.46128 5.46848 5.47641 5.48504 5.49439 5.50442 5.51512 5.52646 5.53843 5.55098 5.56408 5.5777 5.59178 5.60628 5.62113 5.6363 5.65171 5.66729 5.68299 5.69873 5.71444 5.73004 5.74547 5.76064 5.77549 5.78993 5.8039 5.81733 5.83014 5.84227 5.85367 5.86426 5.87401 5.88284 5.89073 5.89763 5.90351 5.90833 5.91206 5.9147 5.91623 5.91663 5.91591 5.91407 5.91112 5.90708 5.90196 5.8958 5.88862 5.88047 5.87139 5.86141 5.85061 5.83903 5.82673 5.81378 5.80025 5.78621 5.77173 5.75688 5.74173 5.72637 5.71087 5.6953 5.67973 5.66424 5.6489 5.63377 5.61891 5.60438 5.59024 5.57654 5.56332 5.55063 5.5385 5.52697 5.51607 5.50581 5.49623 5.48733 5.47913 5.47164 5.46487 5.45883 5.45351 5.44893 5.44507 5.44196 5.43957 5.43792 5.43701 
5.43187 5.43245 5.43379 5.43589 5.43876 5.4424 5.44681 5.45198 5.45792 5.46462 5.47207 5.48028 5.48923 5.4989 5.50928 5.52035 5.53209 5.54447 5.55744 5.57099 5.58506 5.5996 5.61458 5.62992 5.64557 5.66147 5.67755 5.69374 5.70997 5.72616 5.74224 5.75813 5.77375 5.78904 5.8039 5.81828 5.83209 5.84527 5.85775 5.86946 5.88035 5.89036 5.89945 5.90755 5.91464 5.92067 5.92562 5.92946 5.93217 5.93374 5.93415 5.93341 5.93152 5.92849 5.92434 5.91908 5.91275 5.90538 5.897 5.88766 5.8774 5.86629 5.85438 5.84173 5.82841 5.81448 5.80002 5.78511 5.76981 5.7542 5.73837 5.72239 5.70633 5.69028 5.6743 5.65846 5.64284 5.62749 5.61248 5.59787 5.58371 5.57005 5.55692 5.54438 5.53245 5.52116 5.51054 5.50061 5.49139 5.4829 5.47514 5.46812 5.46186 5.45634 5.45159 5.44759 5.44436 5.44188 5.44017 5.43922 
5.434 5.4346 5.43598 5.43816 5.44113 5.44489 5.44944 5.45479 5.46093 5.46785 5.47556 5.48403 5.49327 5.50326 5.51398 5.52541 5.53753 5.5503 5.56369 5.57766 5.59216 5.60716 5.62258 5.63839 5.65451 5.67088 5.68743 5.70409 5.72078 5.73743 5.75397 5.7703 5.78636 5.80206 5.81733 5.83209 5.84627 5.85979 5.8726 5.88462 5.89579 5.90606 5.91538 5.92369 5.93095 5.93714 5.94221 5.94615 5.94893 5.95053 5.95096 5.9502 5.94826 5.94516 5.9409 5.93551 5.92902 5.92145 5.91286 5.90327 5.89275 5.88135 5.86912 5.85614 5.84246 5.82815 5.8133 5.79797 5.78225 5.7662 5.74992 5.73348 5.71696 5.70043 5.68398 5.66767 5.65158 5.63577 5.6203 5.60524 5.59063 5.57654 5.563 5.55005 5.53773 5.52608 5.51511 5.50485 5.49533 5.48655 5.47853 5.47127 5.46479 5.45909 5.45417 5.45003 5.44669 5.44412 5.44235 5.44137 
5.43606 5.43667 5.4381 5.44034 5.4434 5.44728 5.45198 5.45749 5.46382 5.47096 5.4789 5.48764 5.49716 5.50746 5.5185 5.53027 5.54275 5.55589 5.56967 5.58405 5.59897 5.61439 5.63025 5.6465 5.66306 5.67988 5.69688 5.71398 5.73112 5.74821 5.76517 5.78192 5.79839 5.81449 5.83014 5.84527 5.85979 5.87365 5.88676 5.89907 5.91051 5.92102 5.93056 5.93906 5.9465 5.95283 5.95802 5.96205 5.96489 5.96653 5.96697 5.96619 5.96421 5.96103 5.95667 5.95116 5.94451 5.93677 5.92797 5.91816 5.90739 5.89571 5.88319 5.86988 5.85586 5.8412 5.82597 5.81025 5.79412 5.77766 5.76096 5.74408 5.72712 5.71014 5.69324 5.67649 5.65994 5.64369 5.62778 5.61229 5.59727 5.58276 5.56882 5.55549 5.5428 5.5308 5.5195 5.50893 5.49911 5.49006 5.48179 5.4743 5.46762 5.46173 5.45665 5.45239 5.44893 5.44628 5.44445 5.44343 
5.43803 5.43866 5.44012 5.44243 5.44558 5.44957 5.4544 5.46008 5.46658 5.47393 5.4821 5.49108 5.50087 5.51145 5.5228 5.5349 5.54772 5.56122 5.57537 5.59012 5.60544 5.62126 5.63754 5.6542 5.67118 5.68842 5.70585 5.72337 5.74093 5.75843 5.77579 5.79294 5.80979 5.82626 5.84227 5.85775 5.8726 5.88676 5.90017 5.91275 5.92444 5.93518 5.94491 5.9536 5.9612 5.96766 5.97296 5.97708 5.97998 5.98166 5.9821 5.98131 5.97929 5.97604 5.97159 5.96596 5.95917 5.95126 5.94227 5.93225 5.92124 5.9093 5.8965 5.88289 5.86856 5.85356 5.83798 5.82189 5.80538 5.78853 5.77142 5.75413 5.73675 5.71936 5.70203 5.68485 5.66789 5.65121 5.6349 5.61899 5.60357 5.58868 5.57436 5.56067 5.54763 5.53529 5.52368 5.51281 5.50271 5.4934 5.48489 5.47719 5.47031 5.46426 5.45903 5.45463 5.45107 5.44835 5.44646 5.44541 
5.43989 5.44054 5.44204 5.44441 5.44764 5.45174 5.4567 5.46252 5.4692 5.47674 5.48512 5.49434 5.50438 5.51523 5.52687 5.53927 5.5524 5.56624 5.58074 5.59585 5.61154 5.62774 5.6444 5.66145 5.67883 5.69646 5.71428 5.7322 5.75015 5.76803 5.78578 5.80329 5.82051 5.83732 5.85367 5.86946 5.88462 5.89907 5.91275 5.92558 5.9375 5.94845 5.95838 5.96724 5.97498 5.98157 5.98697 5.99117 5.99412 5.99583 5.99629 5.99548 5.99342 5.99011 5.98558 5.97984 5.97292 5.96485 5.95569 5.94546 5.93423 5.92206 5.90899 5.89511 5.88047 5.86516 5.84925 5.83282 5.81596 5.79874 5.78125 5.76358 5.74582 5.72803 5.71031 5.69273 5.67537 5.6583 5.64159 5.62531 5.60951 5.59425 5.57958 5.56555 5.55219 5.53954 5.52762 5.51648 5.50612 5.49656 5.48783 5.47993 5.47286 5.46664 5.46128 5.45676 5.4531 5.45031 5.44836 5.44728 
5.44164 5.4423 5.44384 5.44627 5.44958 5.45377 5.45885 5.46481 5.47165 5.47936 5.48794 5.49738 5.50766 5.51876 5.53067 5.54335 5.55678 5.57093 5.58575 5.6012 5.61723 5.63378 5.6508 5.66821 5.68596 5.70396 5.72214 5.74043 5.75873 5.77697 5.79507 5.81293 5.83047 5.84761 5.86426 5.88035 5.89579 5.91051 5.92444 5.9375 5.94963 5.96078 5.97089 5.9799 5.98778 5.99449 5.99998 6.00425 6.00726 6.009 6.00946 6.00864 6.00654 6.00318 5.99857 5.99272 5.98568 5.97748 5.96815 5.95774 5.94631 5.93391 5.9206 5.90646 5.89155 5.87595 5.85974 5.84299 5.8258 5.80824 5.79041 5.77238 5.75425 5.7361 5.71801 5.70007 5.68234 5.66491 5.64784 5.6312 5.61506 5.59946 5.58446 5.57011 5.55644 5.5435 5.53131 5.5199 5.5093 5.49952 5.49058 5.48249 5.47525 5.46888 5.46338 5.45876 5.45501 5.45214 5.45015 5.44904 
5.44327 5.44394 5.44551 5.44799 5.45137 5.45566 5.46084 5.46693 5.47392 5.4818 5.49056 5.5002 5.51069 5.52202 5.53418 5.54712 5.56083 5.57526 5.59038 5.60614 5.62248 5.63935 5.6567 5.67444 5.69252 5.71086 5.72938 5.748 5.76663 5.7852 5.80362 5.82179 5.83964 5.85707 5.87401 5.89036 5.90606 5.92102 5.93518 5.94845 5.96078 5.97211 5.98237 5.99153 5.99953 6.00635 6.01193 6.01626 6.01932 6.02109 6.02155 6.02072 6.01859 6.01518 6.01049 6.00456 5.99741 5.98907 5.97959 5.96902 5.9574 5.9448 5.93128 5.9169 5.90174 5.88587 5.86938 5.85235 5.83485 5.81699 5.79883 5.78048 5.76202 5.74354 5.72511 5.70683 5.68877 5.671 5.6536 5.63664 5.62017 5.60426 5.58896 5.57432 5.56037 5.54716 5.53472 5.52307 5.51225 5.50226 5.49312 5.48486 5.47746 5.47095 5.46534 5.46061 5.45678 5.45384 5.45181 5.45068 
5.44476 5.44544 5.44704 5.44957 5.45301 5.45738 5.46267 5.46888 5.476 5.48402 5.49295 5.50277 5.51346 5.525 5.53738 5.55056 5.56452 5.57921 5.59459 5.61063 5.62726 5.64442 5.66206 5.68011 5.69849 5.71713 5.73596 5.75488 5.77381 5.79267 5.81138 5.82983 5.84795 5.86565 5.88284 5.89945 5.91538 5.93056 5.94491 5.95838 5.97089 5.98237 5.99279 6.00207 6.01019 6.01709 6.02276 6.02715 6.03025 6.03204 6.03251 6.03167 6.02951 6.02605 6.0213 6.01529 6.00803 5.99958 5.98997 5.97924 5.96746 5.95468 5.94095 5.92636 5.91098 5.89487 5.87813 5.86084 5.84307 5.82492 5.80649 5.78784 5.76908 5.75029 5.73156 5.71297 5.69461 5.67654 5.65884 5.64158 5.62483 5.60863 5.59306 5.57815 5.56395 5.5505 5.53783 5.52596 5.51493 5.50475 5.49545 5.48702 5.47948 5.47285 5.46712 5.4623 5.45839 5.4554 5.45333 5.45217 
5.4461 5.44679 5.44842 5.45099 5.45449 5.45893 5.46431 5.47062 5.47786 5.48602 5.4951 5.50508 5.51594 5.52767 5.54025 5.55364 5.56782 5.58274 5.59837 5.61465 5.63153 5.64896 5.66686 5.68518 5.70383 5.72274 5.74183 5.76102 5.78022 5.79935 5.81831 5.83702 5.85538 5.87331 5.89073 5.90755 5.92369 5.93906 5.9536 5.96724 5.9799 5.99153 6.00207 6.01147 6.01969 6.02668 6.03241 6.03685 6.03999 6.0418 6.04229 6.04143 6.03925 6.03575 6.03094 6.02485 6.01751 6.00896 5.99922 5.98837 5.97643 5.96349 5.94959 5.93481 5.91923 5.90291 5.88594 5.86842 5.85041 5.83201 5.81332 5.79441 5.77539 5.75633 5.73733 5.71847 5.69983 5.68149 5.66352 5.646 5.62899 5.61255 5.59673 5.58159 5.56716 5.55349 5.54061 5.52856 5.51734 5.507 5.49753 5.48896 5.4813 5.47455 5.46873 5.46382 5.45985 5.45681 5.4547 5.45352 
5.44728 5.44798 5.44964 5.45224 5.4558 5.4603 5.46576 5.47216 5.47951 5.48779 5.49699 5.50711 5.51813 5.53002 5.54277 5.55635 5.57072 5.58585 5.60168 5.61818 5.63529 5.65294 5.67107 5.68962 5.70851 5.72765 5.74698 5.76641 5.78584 5.80519 5.82438 5.8433 5.86188 5.88002 5.89763 5.91464 5.93095 5.9465 5.9612 5.97498 5.98778 5.99953 6.01019 6.01969 6.02799 6.03505 6.04084 6.04533 6.0485 6.05034 6.05083 6.04997 6.04776 6.04422 6.03936 6.03321 6.02579 6.01715 6.00731 5.99634 5.98428 5.97119 5.95714 5.9422 5.92644 5.90994 5.89278 5.87505 5.85683 5.83822 5.8193 5.80017 5.78091 5.76162 5.74238 5.72328 5.70441 5.68583 5.66763 5.64988 5.63265 5.61598 5.59995 5.5846 5.56998 5.55612 5.54306 5.53083 5.51946 5.50897 5.49937 5.49068 5.4829 5.47606 5.47014 5.46517 5.46114 5.45805 5.4559 5.45471 
5.4483 5.44901 5.45069 5.45332 5.45692 5.46148 5.467 5.47348 5.48092 5.4893 5.49861 5.50885 5.52 5.53204 5.54493 5.55867 5.5732 5.5885 5.60451 5.62119 5.63849 5.65633 5.67466 5.69341 5.7125 5.73184 5.75137 5.77099 5.79062 5.81017 5.82954 5.84865 5.86741 5.88572 5.90351 5.92067 5.93714 5.95283 5.96766 5.98157 5.99449 6.00635 6.01709 6.02668 6.03505 6.04218 6.04802 6.05255 6.05575 6.0576 6.05809 6.05722 6.055 6.05143 6.04653 6.04032 6.03284 6.02412 6.0142 6.00312 5.99095 5.97774 5.96356 5.94848 5.93257 5.91592 5.89859 5.88069 5.8623 5.8435 5.82439 5.80507 5.78561 5.76612 5.74669 5.72739 5.70831 5.68953 5.67114 5.65319 5.63577 5.61892 5.6027 5.58718 5.57239 5.55837 5.54516 5.53279 5.52128 5.51066 5.50094 5.49215 5.48428 5.47735 5.47136 5.46632 5.46224 5.45911 5.45694 5.45573 
5.44915 5.44987 5.45156 5.45422 5.45785 5.46246 5.46804 5.47458 5.48209 5.49055 5.49995 5.51029 5.52155 5.5337 5.54672 5.56058 5.57525 5.59069 5.60685 5.62368 5.64112 5.65913 5.67762 5.69652 5.71577 5.73528 5.75498 5.77476 5.79455 5.81426 5.83378 5.85305 5.87195 5.89041 5.90833 5.92562 5.94221 5.95802 5.97296 5.98697 5.99998 6.01193 6.02276 6.03241 6.04084 6.04802 6.0539 6.05847 6.06169 6.06355 6.06405 6.06317 6.06093 6.05734 6.0524 6.04616 6.03862 6.02983 6.01984 6.00868 5.99642 5.98312 5.96883 5.95364 5.93761 5.92082 5.90337 5.88532 5.86678 5.84783 5.82857 5.80909 5.78948 5.76982 5.75022 5.73076 5.71151 5.69258 5.67402 5.65592 5.63833 5.62133 5.60497 5.5893 5.57437 5.56022 5.54689 5.5344 5.52278 5.51206 5.50225 5.49336 5.48542 5.47842 5.47237 5.46728 5.46316 5.46 5.45781 5.45658 
5.44982 5.45055 5.45225 5.45493 5.45859 5.46323 5.46885 5.47545 5.48301 5.49153 5.50101 5.51142 5.52276 5.535 5.54811 5.56207 5.57685 5.59239 5.60866 5.62561 5.64318 5.6613 5.67991 5.69895 5.71832 5.73796 5.75778 5.77769 5.7976 5.81743 5.83708 5.85645 5.87547 5.89404 5.91206 5.92946 5.94615 5.96205 5.97708 5.99117 6.00425 6.01626 6.02715 6.03685 6.04533 6.05255 6.05847 6.06305 6.06629 6.06817 6.06867 6.06779 6.06554 6.06192 6.05696 6.05068 6.0431 6.03426 6.02421 6.013 6.00067 5.98729 5.97292 5.95763 5.94151 5.92463 5.90707 5.88891 5.87026 5.8512 5.83182 5.81221 5.79247 5.77269 5.75297 5.73337 5.71401 5.69494 5.67626 5.65803 5.64033 5.62321 5.60674 5.59096 5.57592 5.56167 5.54824 5.53566 5.52395 5.51315 5.50327 5.49432 5.48631 5.47926 5.47317 5.46804 5.46388 5.4607 5.45849 5.45726 
5.45031 5.45104 5.45275 5.45545 5.45913 5.46379 5.46944 5.47607 5.48367 5.49224 5.50176 5.51223 5.52363 5.53593 5.54911 5.56314 5.57798 5.5936 5.60996 5.62698 5.64463 5.66284 5.68154 5.70066 5.72012 5.73985 5.75976 5.77975 5.79975 5.81967 5.8394 5.85886 5.87796 5.8966 5.9147 5.93217 5.94893 5.96489 5.97998 5.99412 6.00726 6.01932 6.03025 6.03999 6.0485 6.05575 6.06169 6.06629 6.06954 6.07143 6.07193 6.07104 6.06878 6.06516 6.06018 6.05387 6.04626 6.03739 6.0273 6.01604 6.00366 5.99023 5.9758 5.96045 5.94426 5.92731 5.90968 5.89145 5.87272 5.85357 5.83411 5.81441 5.79459 5.77472 5.75491 5.73523 5.71577 5.69662 5.67785 5.65953 5.64175 5.62455 5.60799 5.59213 5.57702 5.5627 5.5492 5.53656 5.5248 5.51394 5.504 5.49501 5.48696 5.47987 5.47374 5.46859 5.46441 5.46121 5.45899 5.45775 
5.45062 5.45134 5.45306 5.45577 5.45946 5.46414 5.4698 5.47645 5.48408 5.49267 5.50222 5.51272 5.52415 5.53648 5.5497 5.56377 5.57866 5.59432 5.61071 5.62779 5.64548 5.66374 5.68249 5.70166 5.72117 5.74095 5.7609 5.78095 5.801 5.82096 5.84075 5.86025 5.8794 5.89808 5.91623 5.93374 5.95053 5.96653 5.98166 5.99583 6.009 6.02109 6.03204 6.0418 6.05034 6.0576 6.06355 6.06817 6.07143 6.07331 6.07381 6.07293 6.07066 6.06703 6.06204 6.05571 6.04809 6.0392 6.02908 6.0178 6.00539 5.99192 5.97746 5.96208 5.94585 5.92886 5.91118 5.89291 5.87413 5.85494 5.83543 5.81569 5.79581 5.7759 5.75603 5.7363 5.71679 5.69759 5.67877 5.66041 5.64257 5.62533 5.60873 5.59283 5.57768 5.56331 5.54978 5.5371 5.5253 5.51441 5.50445 5.49542 5.48735 5.48024 5.4741 5.46893 5.46474 5.46153 5.4593 5.45805 
