2.66259 2.66283 2.66308 2.66332 2.66357 2.66381 2.66404 2.66428 2.66451 2.66473 2.66496 2.66518 2.66541 2.66564 2.66587 2.66611 2.66637 2.66663 2.66692 2.66722 2.66755 2.6679 2.66829 2.6687 2.66915 2.66963 2.67014 2.67069 2.67128 2.67189 2.67254 2.67321 2.67391 2.67463 2.67536 2.6761 2.67684 2.67757 2.6783 2.679 2.67968 2.68032 2.68092 2.68148 2.68197 2.68241 2.68278 2.68308 2.6833 2.68344 2.68351 2.6835 2.6834 2.68323 2.68298 2.68266 2.68228 2.68182 2.68131 2.68075 2.68015 2.6795 2.67883 2.67813 2.67742 2.6767 2.67598 2.67526 2.67456 2.67387 2.6732 2.67256 2.67196 2.67138 2.67085 2.67035 2.66989 2.66948 2.66911 2.66878 2.66849 2.66825 2.66805 2.66789 2.66776 2.66768 2.66763 2.66762 2.66764 2.66769 2.66776 2.66787 2.668 2.66815 2.66832 2.66851 2.66872 2.66893 2.66916 2.66939 
2.66283 2.66308 2.66332 2.66357 2.66381 2.66405 2.66429 2.66452 2.66475 2.66498 2.6652 2.66542 2.66565 2.66588 2.66611 2.66635 2.66661 2.66688 2.66716 2.66747 2.6678 2.66816 2.66854 2.66896 2.66941 2.6699 2.67042 2.67098 2.67157 2.6722 2.67286 2.67355 2.67426 2.67499 2.67573 2.67648 2.67724 2.67799 2.67873 2.67945 2.68014 2.68079 2.68141 2.68197 2.68248 2.68292 2.6833 2.6836 2.68383 2.68398 2.68405 2.68403 2.68394 2.68376 2.68351 2.68318 2.68279 2.68232 2.6818 2.68123 2.68061 2.67996 2.67927 2.67856 2.67783 2.67709 2.67636 2.67563 2.67491 2.67421 2.67353 2.67288 2.67226 2.67168 2.67114 2.67063 2.67017 2.66975 2.66937 2.66904 2.66875 2.6685 2.6683 2.66813 2.66801 2.66792 2.66787 2.66786 2.66788 2.66793 2.66801 2.66811 2.66824 2.66839 2.66857 2.66875 2.66896 2.66918 2.6694 2.66964 
2.66308 2.66332 2.66357 2.66381 2.66406 2.6643 2.66453 2.66477 2.665 2.66523 2.66546 2.66569 2.66592 2.66615 2.66639 2.66664 2.66691 2.66719 2.66748 2.66781 2.66816 2.66853 2.66894 2.66939 2.66987 2.67038 2.67094 2.67153 2.67217 2.67283 2.67353 2.67426 2.67502 2.6758 2.67659 2.67739 2.6782 2.679 2.67978 2.68055 2.68128 2.68198 2.68263 2.68323 2.68377 2.68424 2.68464 2.68496 2.6852 2.68536 2.68543 2.68541 2.68531 2.68512 2.68485 2.6845 2.68408 2.68359 2.68303 2.68242 2.68176 2.68106 2.68033 2.67957 2.6788 2.67802 2.67723 2.67645 2.67569 2.67494 2.67422 2.67353 2.67287 2.67225 2.67167 2.67113 2.67064 2.67019 2.66979 2.66943 2.66912 2.66885 2.66863 2.66845 2.66832 2.66822 2.66816 2.66814 2.66815 2.66819 2.66827 2.66837 2.6685 2.66865 2.66882 2.669 2.66921 2.66942 2.66965 2.66988 
2.66332 2.66357 2.66381 2.66406 2.6643 2.66455 2.66479 2.66503 2.66526 2.6655 2.66573 2.66597 2.66621 2.66645 2.66671 2.66698 2.66726 2.66756 2.66789 2.66824 2.66862 2.66904 2.66949 2.66998 2.67051 2.67108 2.6717 2.67236 2.67306 2.6738 2.67457 2.67538 2.67622 2.67708 2.67796 2.67884 2.67973 2.68061 2.68148 2.68232 2.68313 2.68389 2.68461 2.68527 2.68586 2.68638 2.68682 2.68717 2.68743 2.6876 2.68767 2.68765 2.68754 2.68733 2.68703 2.68664 2.68618 2.68563 2.68502 2.68434 2.68362 2.68284 2.68204 2.6812 2.68034 2.67948 2.67861 2.67775 2.67691 2.67608 2.67528 2.67452 2.67379 2.6731 2.67246 2.67186 2.67131 2.67081 2.67036 2.66996 2.66961 2.66931 2.66906 2.66885 2.66869 2.66857 2.6685 2.66846 2.66845 2.66849 2.66855 2.66864 2.66876 2.66891 2.66907 2.66926 2.66946 2.66967 2.6699 2.67013 
2.66357 2.66381 2.66406 2.6643 2.66455 2.6648 2.66504 2.66529 2.66553 2.66577 2.66602 2.66627 2.66652 2.66679 2.66707 2.66736 2.66767 2.66801 2.66838 2.66877 2.66921 2.66968 2.67019 2.67075 2.67136 2.67201 2.67272 2.67347 2.67427 2.67511 2.676 2.67692 2.67787 2.67885 2.67985 2.68086 2.68187 2.68287 2.68385 2.6848 2.68572 2.68658 2.68739 2.68813 2.6888 2.68938 2.68987 2.69027 2.69056 2.69075 2.69083 2.69081 2.69067 2.69043 2.69009 2.68965 2.68912 2.6885 2.68781 2.68704 2.68621 2.68534 2.68442 2.68347 2.6825 2.68152 2.68053 2.67955 2.67859 2.67765 2.67674 2.67587 2.67503 2.67425 2.67351 2.67282 2.67219 2.67162 2.6711 2.67064 2.67023 2.66988 2.66958 2.66933 2.66913 2.66898 2.66888 2.66881 2.66879 2.6688 2.66885 2.66893 2.66904 2.66918 2.66934 2.66951 2.66971 2.66992 2.67014 2.67037 
2.66381 2.66405 2.6643 2.66455 2.6648 2.66505 2.6653 2.66555 2.6658 2.66606 2.66632 2.66659 2.66687 2.66716 2.66747 2.6678 2.66815 2.66854 2.66896 2.66942 2.66992 2.67047 2.67107 2.67172 2.67243 2.67319 2.67401 2.67489 2.67582 2.67681 2.67784 2.67891 2.68002 2.68116 2.68232 2.68348 2.68465 2.68581 2.68694 2.68804 2.68909 2.69009 2.69102 2.69188 2.69264 2.69331 2.69387 2.69432 2.69466 2.69487 2.69496 2.69492 2.69476 2.69448 2.69409 2.69358 2.69296 2.69225 2.69144 2.69056 2.6896 2.68859 2.68752 2.68642 2.6853 2.68416 2.68302 2.68188 2.68077 2.67968 2.67862 2.6776 2.67663 2.67571 2.67485 2.67405 2.67331 2.67263 2.67202 2.67147 2.67098 2.67056 2.6702 2.6699 2.66965 2.66945 2.66931 2.66921 2.66916 2.66915 2.66918 2.66924 2.66933 2.66946 2.6696 2.66977 2.66996 2.67017 2.67039 2.67061 
2.66404 2.66429 2.66453 2.66479 2.66504 2.6653 2.66556 2.66582 2.66609 2.66636 2.66664 2.66693 2.66724 2.66757 2.66792 2.66829 2.6687 2.66915 2.66964 2.67018 2.67077 2.67142 2.67213 2.6729 2.67374 2.67464 2.67562 2.67665 2.67776 2.67892 2.68013 2.6814 2.6827 2.68404 2.6854 2.68677 2.68813 2.68948 2.69081 2.69209 2.69332 2.69449 2.69557 2.69656 2.69745 2.69822 2.69887 2.69939 2.69977 2.70002 2.70012 2.70007 2.69988 2.69955 2.69908 2.69849 2.69777 2.69693 2.69599 2.69495 2.69383 2.69265 2.6914 2.69012 2.6888 2.68746 2.68612 2.68479 2.68348 2.6822 2.68095 2.67975 2.67861 2.67752 2.6765 2.67555 2.67467 2.67386 2.67313 2.67247 2.67189 2.67137 2.67093 2.67055 2.67024 2.66999 2.6698 2.66966 2.66957 2.66952 2.66952 2.66956 2.66964 2.66974 2.66988 2.67004 2.67022 2.67041 2.67063 2.67085 
2.66428 2.66452 2.66477 2.66503 2.66529 2.66555 2.66582 2.6661 2.66638 2.66668 2.66698 2.66731 2.66765 2.66802 2.66842 2.66886 2.66934 2.66986 2.67044 2.67108 2.67178 2.67255 2.6734 2.67432 2.67532 2.6764 2.67756 2.67879 2.6801 2.68148 2.68293 2.68442 2.68597 2.68755 2.68915 2.69077 2.69238 2.69397 2.69552 2.69703 2.69847 2.69983 2.7011 2.70226 2.70329 2.70419 2.70495 2.70555 2.70599 2.70627 2.70638 2.70633 2.7061 2.70571 2.70516 2.70445 2.7036 2.70262 2.70151 2.7003 2.69898 2.69758 2.69612 2.69461 2.69305 2.69148 2.6899 2.68833 2.68678 2.68526 2.68378 2.68236 2.681 2.67971 2.67849 2.67736 2.67631 2.67534 2.67446 2.67367 2.67296 2.67233 2.67179 2.67132 2.67092 2.6706 2.67034 2.67015 2.67001 2.66993 2.66989 2.6699 2.66995 2.67004 2.67016 2.6703 2.67047 2.67066 2.67087 2.67109 
2.66451 2.66475 2.665 2.66526 2.66553 2.6658 2.66609 2.66638 2.66669 2.66701 2.66735 2.66771 2.6681 2.66852 2.66899 2.6695 2.67006 2.67068 2.67137 2.67213 2.67297 2.67389 2.6749 2.676 2.6772 2.67849 2.67987 2.68134 2.68291 2.68455 2.68627 2.68804 2.68988 2.69175 2.69364 2.69555 2.69745 2.69932 2.70115 2.70292 2.70462 2.70621 2.7077 2.70905 2.71026 2.71131 2.71219 2.71289 2.7134 2.71372 2.71385 2.71378 2.7135 2.71304 2.71239 2.71156 2.71056 2.7094 2.7081 2.70666 2.70512 2.70347 2.70175 2.69996 2.69813 2.69627 2.69441 2.69255 2.69071 2.68891 2.68716 2.68547 2.68385 2.68231 2.68086 2.67951 2.67825 2.67709 2.67603 2.67507 2.67421 2.67345 2.67278 2.6722 2.67171 2.6713 2.67096 2.6707 2.67051 2.67037 2.6703 2.67027 2.67029 2.67035 2.67044 2.67057 2.67073 2.67091 2.67111 2.67132 
2.66473 2.66498 2.66523 2.6655 2.66577 2.66606 2.66636 2.66668 2.66701 2.66736 2.66774 2.66815 2.6686 2.66909 2.66963 2.67023 2.67089 2.67163 2.67244 2.67335 2.67435 2.67546 2.67666 2.67798 2.67941 2.68095 2.6826 2.68436 2.68622 2.68817 2.69021 2.69232 2.69449 2.6967 2.69894 2.70119 2.70342 2.70563 2.70778 2.70986 2.71184 2.71371 2.71544 2.71702 2.71843 2.71966 2.72068 2.7215 2.72209 2.72246 2.7226 2.72251 2.72218 2.72164 2.72087 2.71989 2.71871 2.71735 2.71582 2.71414 2.71232 2.71039 2.70836 2.70625 2.7041 2.70191 2.6997 2.69751 2.69533 2.6932 2.69113 2.68913 2.68721 2.68538 2.68365 2.68203 2.68053 2.67914 2.67786 2.67671 2.67567 2.67474 2.67392 2.67321 2.6726 2.67209 2.67166 2.67132 2.67105 2.67086 2.67073 2.67066 2.67064 2.67067 2.67074 2.67085 2.67099 2.67115 2.67134 2.67155 
2.66496 2.6652 2.66546 2.66573 2.66602 2.66632 2.66664 2.66698 2.66735 2.66774 2.66817 2.66863 2.66915 2.66972 2.67035 2.67105 2.67184 2.67271 2.67369 2.67477 2.67596 2.67728 2.67872 2.68029 2.682 2.68383 2.68579 2.68788 2.69009 2.6924 2.69481 2.69731 2.69987 2.70247 2.70511 2.70775 2.71037 2.71296 2.71548 2.71791 2.72022 2.7224 2.72442 2.72626 2.7279 2.72933 2.73051 2.73146 2.73214 2.73257 2.73272 2.73261 2.73222 2.73158 2.73068 2.72954 2.72816 2.72656 2.72477 2.7228 2.72067 2.7184 2.71603 2.71356 2.71103 2.70845 2.70586 2.70328 2.70072 2.6982 2.69575 2.69339 2.69111 2.68894 2.68689 2.68497 2.68317 2.68151 2.67999 2.6786 2.67735 2.67623 2.67524 2.67437 2.67362 2.67298 2.67245 2.67201 2.67166 2.67139 2.6712 2.67108 2.67102 2.67101 2.67105 2.67113 2.67125 2.6714 2.67158 2.67178 
2.66518 2.66542 2.66569 2.66597 2.66627 2.66659 2.66693 2.66731 2.66771 2.66815 2.66863 2.66917 2.66976 2.67043 2.67117 2.672 2.67293 2.67396 2.67512 2.67641 2.67783 2.67939 2.68111 2.68298 2.685 2.68717 2.6895 2.69197 2.69457 2.6973 2.70014 2.70307 2.70608 2.70914 2.71222 2.71531 2.71838 2.72139 2.72433 2.72716 2.72985 2.73239 2.73473 2.73686 2.73876 2.7404 2.74178 2.74286 2.74365 2.74413 2.74431 2.74417 2.74372 2.74296 2.74191 2.74058 2.73897 2.73712 2.73503 2.73273 2.73025 2.72761 2.72483 2.72195 2.71899 2.71598 2.71295 2.70992 2.70692 2.70397 2.70109 2.6983 2.69562 2.69306 2.69064 2.68836 2.68623 2.68426 2.68244 2.68079 2.67929 2.67795 2.67675 2.6757 2.67478 2.674 2.67334 2.67278 2.67234 2.67199 2.67172 2.67154 2.67142 2.67137 2.67137 2.67143 2.67152 2.67165 2.67182 2.67201 
2.66541 2.66565 2.66592 2.66621 2.66652 2.66687 2.66724 2.66765 2.6681 2.6686 2.66915 2.66976 2.67045 2.67123 2.6721 2.67307 2.67417 2.6754 2.67677 2.67829 2.67997 2.68183 2.68386 2.68606 2.68845 2.69102 2.69376 2.69666 2.69972 2.70293 2.70625 2.70968 2.7132 2.71676 2.72036 2.72395 2.72752 2.73102 2.73442 2.73769 2.74081 2.74373 2.74644 2.74889 2.75108 2.75297 2.75454 2.75579 2.75669 2.75724 2.75743 2.75727 2.75674 2.75586 2.75465 2.7531 2.75124 2.74909 2.74668 2.74401 2.74114 2.73807 2.73485 2.73151 2.72807 2.72457 2.72104 2.71751 2.71401 2.71056 2.70719 2.70393 2.70078 2.69778 2.69493 2.69225 2.68974 2.68741 2.68526 2.68329 2.68151 2.67991 2.67847 2.67721 2.67611 2.67515 2.67434 2.67365 2.67309 2.67264 2.67229 2.67203 2.67186 2.67175 2.67171 2.67173 2.6718 2.67191 2.67206 2.67224 
2.66564 2.66588 2.66615 2.66645 2.66679 2.66716 2.66757 2.66802 2.66852 2.66909 2.66972 2.67043 2.67123 2.67213 2.67315 2.67429 2.67558 2.67703 2.67865 2.68044 2.68243 2.68461 2.687 2.6896 2.6924 2.69541 2.69862 2.70202 2.7056 2.70934 2.71321 2.7172 2.72128 2.72542 2.72958 2.73374 2.73785 2.74189 2.74581 2.74958 2.75316 2.75652 2.75962 2.76243 2.76493 2.7671 2.7689 2.77032 2.77134 2.77196 2.77217 2.77197 2.77136 2.77035 2.76895 2.76717 2.76503 2.76256 2.75978 2.75671 2.7534 2.74987 2.74615 2.74229 2.73832 2.73427 2.73019 2.7261 2.72203 2.71803 2.71411 2.71031 2.70665 2.70314 2.69981 2.69667 2.69373 2.69099 2.68846 2.68614 2.68404 2.68213 2.68043 2.67893 2.6776 2.67645 2.67547 2.67463 2.67394 2.67337 2.67292 2.67258 2.67233 2.67217 2.67208 2.67206 2.67209 2.67218 2.67231 2.67248 
2.66587 2.66611 2.66639 2.66671 2.66707 2.66747 2.66792 2.66842 2.66899 2.66963 2.67035 2.67117 2.6721 2.67315 2.67434 2.67568 2.67719 2.67889 2.68079 2.6829 2.68523 2.68779 2.69058 2.69362 2.6969 2.70041 2.70414 2.7081 2.71225 2.71658 2.72107 2.72568 2.73039 2.73516 2.73995 2.74473 2.74945 2.75408 2.75857 2.76288 2.76697 2.7708 2.77433 2.77754 2.78038 2.78284 2.78488 2.78649 2.78765 2.78835 2.78859 2.78835 2.78765 2.78649 2.78488 2.78285 2.7804 2.77758 2.7744 2.77089 2.7671 2.76305 2.7588 2.75437 2.74981 2.74516 2.74046 2.73575 2.73106 2.72644 2.72191 2.71752 2.71327 2.7092 2.70533 2.70167 2.69824 2.69505 2.69209 2.68937 2.6869 2.68466 2.68265 2.68087 2.67929 2.67792 2.67674 2.67573 2.67488 2.67418 2.67362 2.67318 2.67285 2.67262 2.67247 2.6724 2.6724 2.67245 2.67256 2.67272 
2.66611 2.66635 2.66664 2.66698 2.66736 2.6678 2.66829 2.66886 2.6695 2.67023 2.67105 2.672 2.67307 2.67429 2.67568 2.67725 2.67902 2.681 2.68322 2.68568 2.68839 2.69138 2.69463 2.69816 2.70197 2.70604 2.71036 2.71493 2.71972 2.72471 2.72988 2.73517 2.74057 2.74604 2.75152 2.75697 2.76236 2.76763 2.77274 2.77764 2.78228 2.78662 2.79063 2.79426 2.79747 2.80025 2.80255 2.80436 2.80567 2.80645 2.8067 2.80643 2.80563 2.80431 2.80248 2.80017 2.7974 2.79419 2.79058 2.78659 2.78228 2.77768 2.77283 2.76778 2.76258 2.75727 2.7519 2.7465 2.74114 2.73583 2.73064 2.72558 2.72069 2.716 2.71153 2.70729 2.70332 2.69961 2.69617 2.69301 2.69012 2.6875 2.68515 2.68305 2.6812 2.67957 2.67816 2.67696 2.67594 2.67509 2.67439 2.67384 2.67342 2.6731 2.67289 2.67277 2.67272 2.67274 2.67283 2.67297 
2.66637 2.66661 2.66691 2.66726 2.66767 2.66815 2.6687 2.66934 2.67006 2.67089 2.67184 2.67293 2.67417 2.67558 2.67719 2.67902 2.68107 2.68338 2.68595 2.68881 2.69196 2.69542 2.69918 2.70326 2.70765 2.71234 2.71732 2.72257 2.72806 2.73378 2.73968 2.74573 2.75188 2.7581 2.76433 2.77052 2.77663 2.78259 2.78836 2.79389 2.79913 2.80402 2.80853 2.81261 2.81622 2.81933 2.82191 2.82394 2.8254 2.82627 2.82655 2.82623 2.82532 2.82383 2.82177 2.81917 2.81604 2.81242 2.80834 2.80385 2.79898 2.79377 2.78829 2.78257 2.77668 2.77065 2.76455 2.75841 2.7523 2.74626 2.74032 2.73454 2.72894 2.72356 2.71843 2.71357 2.70899 2.70471 2.70074 2.69708 2.69373 2.69069 2.68795 2.6855 2.68333 2.68142 2.67976 2.67833 2.67711 2.67609 2.67525 2.67457 2.67404 2.67364 2.67335 2.67316 2.67307 2.67305 2.67311 2.67324 
2.66663 2.66688 2.66719 2.66756 2.66801 2.66854 2.66915 2.66986 2.67068 2.67163 2.67271 2.67396 2.6754 2.67703 2.67889 2.681 2.68338 2.68604 2.68902 2.69232 2.69595 2.69993 2.70427 2.70895 2.71398 2.71935 2.72505 2.73104 2.7373 2.7438 2.75051 2.75737 2.76434 2.77137 2.7784 2.78539 2.79226 2.79897 2.80546 2.81166 2.81753 2.823 2.82804 2.8326 2.83663 2.8401 2.84297 2.84523 2.84685 2.84781 2.84811 2.84775 2.84673 2.84506 2.84275 2.83983 2.83633 2.83227 2.8277 2.82266 2.8172 2.81135 2.80519 2.79876 2.79212 2.78532 2.77843 2.7715 2.76458 2.75773 2.751 2.74443 2.73806 2.73194 2.72608 2.72052 2.71528 2.71038 2.70582 2.70161 2.69775 2.69424 2.69107 2.68823 2.68571 2.68348 2.68154 2.67986 2.67842 2.67721 2.6762 2.67538 2.67473 2.67422 2.67385 2.67359 2.67344 2.67338 2.67341 2.67351 
2.66692 2.66716 2.66748 2.66789 2.66838 2.66896 2.66964 2.67044 2.67137 2.67244 2.67369 2.67512 2.67677 2.67865 2.68079 2.68322 2.68595 2.68902 2.69243 2.69622 2.70039 2.70495 2.7099 2.71525 2.72099 2.7271 2.73357 2.74037 2.74746 2.75482 2.76238 2.77012 2.77796 2.78586 2.79376 2.80158 2.80928 2.81677 2.82401 2.83093 2.83746 2.84355 2.84915 2.8542 2.85867 2.86251 2.8657 2.86819 2.86998 2.87104 2.87136 2.87096 2.86981 2.86795 2.86539 2.86214 2.85824 2.85373 2.84864 2.84303 2.83693 2.83042 2.82353 2.81634 2.80891 2.80129 2.79356 2.78578 2.778 2.77029 2.7627 2.75528 2.74808 2.74114 2.7345 2.72818 2.72223 2.71664 2.71143 2.70662 2.70221 2.69818 2.69453 2.69126 2.68834 2.68577 2.68351 2.68155 2.67987 2.67844 2.67725 2.67627 2.67548 2.67486 2.67439 2.67406 2.67384 2.67374 2.67373 2.67381 
2.66722 2.66747 2.66781 2.66824 2.66877 2.66942 2.67018 2.67108 2.67213 2.67335 2.67477 2.67641 2.67829 2.68044 2.6829 2.68568 2.68881 2.69232 2.69622 2.70054 2.70529 2.71048 2.71612 2.72219 2.72869 2.73561 2.74291 2.75058 2.75856 2.76683 2.77532 2.78398 2.79276 2.80158 2.81039 2.8191 2.82766 2.83598 2.84401 2.85166 2.85889 2.86562 2.8718 2.87738 2.8823 2.88653 2.89003 2.89277 2.89473 2.89589 2.89624 2.89578 2.89452 2.89246 2.88963 2.88604 2.88173 2.87675 2.87112 2.8649 2.85815 2.85093 2.84329 2.8353 2.82703 2.81856 2.80994 2.80125 2.79255 2.78392 2.77541 2.76709 2.75899 2.75118 2.7437 2.73657 2.72983 2.7235 2.7176 2.71213 2.7071 2.70251 2.69835 2.6946 2.69125 2.68829 2.68569 2.68342 2.68147 2.67981 2.67841 2.67725 2.67631 2.67556 2.67498 2.67456 2.67428 2.67412 2.67407 2.67413 
2.66755 2.6678 2.66816 2.66862 2.66921 2.66992 2.67077 2.67178 2.67297 2.67435 2.67596 2.67783 2.67997 2.68243 2.68523 2.68839 2.69196 2.69595 2.70039 2.70529 2.71068 2.71655 2.72292 2.72977 2.73709 2.74487 2.75307 2.76167 2.7706 2.77984 2.78931 2.79896 2.80871 2.81851 2.82826 2.83791 2.84736 2.85655 2.86539 2.87382 2.88176 2.88916 2.89594 2.90205 2.90744 2.91207 2.91589 2.91888 2.92102 2.92228 2.92266 2.92215 2.92076 2.9185 2.91539 2.91145 2.90673 2.90125 2.89507 2.88823 2.8808 2.87284 2.86442 2.8556 2.84646 2.83708 2.82753 2.81789 2.80823 2.79863 2.78915 2.77986 2.77081 2.76207 2.75368 2.74568 2.73811 2.73098 2.72433 2.71815 2.71246 2.70726 2.70253 2.69826 2.69445 2.69106 2.68808 2.68548 2.68323 2.68131 2.67968 2.67832 2.67721 2.67632 2.67563 2.67511 2.67475 2.67453 2.67444 2.67447 
2.6679 2.66816 2.66853 2.66904 2.66968 2.67047 2.67142 2.67255 2.67389 2.67546 2.67728 2.67939 2.68183 2.68461 2.68779 2.69138 2.69542 2.69993 2.70495 2.71048 2.71655 2.72317 2.73032 2.738 2.7462 2.7549 2.76405 2.77363 2.78357 2.79382 2.80432 2.815 2.82579 2.83659 2.84734 2.85795 2.86833 2.87841 2.8881 2.89732 2.906 2.91407 2.92146 2.92811 2.93398 2.93901 2.94317 2.94641 2.94873 2.95009 2.9505 2.94994 2.94842 2.94595 2.94256 2.93827 2.93312 2.92714 2.92039 2.91293 2.9048 2.89609 2.88685 2.87718 2.86714 2.85682 2.84631 2.83567 2.825 2.81438 2.80388 2.79357 2.78353 2.7738 2.76445 2.75553 2.74706 2.73908 2.73162 2.72468 2.71828 2.71242 2.70708 2.70226 2.69794 2.69409 2.6907 2.68773 2.68515 2.68294 2.68107 2.6795 2.67821 2.67716 2.67634 2.67571 2.67527 2.67498 2.67484 2.67484 
2.66829 2.66854 2.66894 2.66949 2.67019 2.67107 2.67213 2.6734 2.6749 2.67666 2.67872 2.68111 2.68386 2.687 2.69058 2.69463 2.69918 2.70427 2.7099 2.71612 2.72292 2.73032 2.73831 2.74688 2.75601 2.76568 2.77584 2.78644 2.79744 2.80876 2.82033 2.83209 2.84393 2.85578 2.86755 2.87915 2.89049 2.90148 2.91203 2.92205 2.93148 2.94023 2.94824 2.95545 2.96179 2.96723 2.97172 2.97522 2.97772 2.97919 2.97962 2.979 2.97736 2.97469 2.97102 2.96637 2.96079 2.95431 2.94698 2.93887 2.93004 2.92056 2.9105 2.89995 2.88899 2.87771 2.86619 2.85453 2.84282 2.83114 2.81958 2.80821 2.79711 2.78635 2.776 2.76609 2.75668 2.7478 2.73948 2.73173 2.72457 2.718 2.71201 2.70659 2.70172 2.69738 2.69354 2.69017 2.68725 2.68473 2.68258 2.68078 2.67928 2.67807 2.6771 2.67636 2.67582 2.67547 2.67528 2.67524 
2.6687 2.66896 2.66939 2.66998 2.67075 2.67172 2.6729 2.67432 2.676 2.67798 2.68029 2.68298 2.68606 2.6896 2.69362 2.69816 2.70326 2.70895 2.71525 2.72219 2.72977 2.738 2.74688 2.75639 2.7665 2.77718 2.78839 2.80008 2.81217 2.8246 2.83728 2.85014 2.86308 2.876 2.88882 2.90143 2.91374 2.92564 2.93706 2.9479 2.95808 2.96752 2.97615 2.9839 2.99072 2.99656 3.00138 3.00514 3.00782 3.00939 3.00984 3.00918 3.00741 3.00454 3.00059 2.99559 2.98957 2.98259 2.9747 2.96594 2.9564 2.94615 2.93526 2.92382 2.91192 2.89966 2.88712 2.87441 2.86162 2.84885 2.83618 2.82372 2.81153 2.79969 2.78828 2.77735 2.76694 2.75711 2.74789 2.73928 2.73132 2.724 2.71731 2.71125 2.7058 2.70093 2.69661 2.69282 2.68951 2.68666 2.68422 2.68216 2.68045 2.67905 2.67793 2.67706 2.67642 2.67599 2.67575 2.67568 
2.66915 2.66941 2.66987 2.67051 2.67136 2.67243 2.67374 2.67532 2.6772 2.67941 2.682 2.685 2.68845 2.6924 2.6969 2.70197 2.70765 2.71398 2.72099 2.72869 2.73709 2.7462 2.75601 2.7665 2.77764 2.78938 2.80168 2.81448 2.82771 2.84127 2.8551 2.86909 2.88314 2.89716 2.91103 2.92466 2.93795 2.95078 2.96307 2.97472 2.98564 2.99576 3.005 3.0133 3.02059 3.02683 3.03197 3.03598 3.03884 3.04051 3.04099 3.04028 3.03839 3.03532 3.03109 3.02575 3.01931 3.01184 3.00337 2.99398 2.98374 2.97271 2.96099 2.94866 2.93581 2.92256 2.90899 2.89521 2.88132 2.86743 2.85364 2.84004 2.82672 2.81377 2.80126 2.78926 2.77783 2.767 2.75683 2.74733 2.73852 2.7304 2.72298 2.71624 2.71017 2.70473 2.69991 2.69566 2.69195 2.68874 2.68599 2.68366 2.68171 2.68011 2.67883 2.67782 2.67707 2.67656 2.67625 2.67614 
2.66963 2.6699 2.67038 2.67108 2.67201 2.67319 2.67464 2.6764 2.67849 2.68095 2.68383 2.68717 2.69102 2.69541 2.70041 2.70604 2.71234 2.71935 2.7271 2.73561 2.74487 2.7549 2.76568 2.77718 2.78938 2.80222 2.81565 2.8296 2.84398 2.85871 2.8737 2.88884 2.90402 2.91913 2.93407 2.94873 2.96298 2.97674 2.98989 3.00234 3.014 3.02479 3.03463 3.04346 3.05121 3.05784 3.06329 3.06755 3.07057 3.07234 3.07285 3.0721 3.07008 3.06682 3.06234 3.05665 3.04981 3.04185 3.03283 3.02282 3.01188 3.00009 2.98754 2.97432 2.96054 2.94628 2.93167 2.91682 2.90182 2.8868 2.87186 2.85711 2.84264 2.82854 2.8149 2.8018 2.78929 2.77744 2.76627 2.75583 2.74614 2.73719 2.729 2.72155 2.71482 2.70879 2.70343 2.69869 2.69455 2.69096 2.68788 2.68526 2.68306 2.68125 2.67979 2.67864 2.67777 2.67716 2.67679 2.67664 
2.67014 2.67042 2.67094 2.6717 2.67272 2.67401 2.67562 2.67756 2.67987 2.6826 2.68579 2.6895 2.69376 2.69862 2.70414 2.71036 2.71732 2.72505 2.73357 2.74291 2.75307 2.76405 2.77584 2.78839 2.80168 2.81565 2.83023 2.84535 2.86091 2.87682 2.89298 2.90927 2.92559 2.9418 2.9578 2.97347 2.98869 3.00335 3.01735 3.03058 3.04296 3.0544 3.06482 3.07416 3.08236 3.08936 3.09512 3.09961 3.10279 3.10466 3.1052 3.1044 3.10228 3.09884 3.0941 3.08809 3.08085 3.07243 3.06288 3.05226 3.04064 3.02811 3.01475 3.00066 2.98594 2.9707 2.95506 2.93912 2.92302 2.90686 2.89076 2.87483 2.85919 2.84392 2.82913 2.8149 2.80129 2.78837 2.77619 2.76478 2.75416 2.74435 2.73535 2.72716 2.71974 2.71309 2.70716 2.70191 2.69732 2.69332 2.68989 2.68696 2.6845 2.68247 2.68081 2.67951 2.67852 2.67781 2.67737 2.67718 
2.67069 2.67098 2.67153 2.67236 2.67347 2.67489 2.67665 2.67879 2.68134 2.68436 2.68788 2.69197 2.69666 2.70202 2.7081 2.71493 2.72257 2.73104 2.74037 2.75058 2.76167 2.77363 2.78644 2.80008 2.81448 2.8296 2.84535 2.86165 2.8784 2.8955 2.91283 2.93028 2.94772 2.96502 2.98207 2.99873 3.0149 3.03044 3.04526 3.05926 3.07233 3.08439 3.09538 3.1052 3.11382 3.12118 3.12723 3.13194 3.13528 3.13724 3.1378 3.13697 3.13474 3.13113 3.12616 3.11984 3.11223 3.10337 3.0933 3.0821 3.06983 3.05658 3.04243 3.02749 3.01186 2.99566 2.97899 2.96199 2.94478 2.92748 2.91022 2.89311 2.87629 2.85984 2.84388 2.8285 2.81376 2.79976 2.78652 2.77411 2.76255 2.75185 2.74201 2.73304 2.72492 2.71761 2.71109 2.70531 2.70024 2.69583 2.69202 2.68877 2.68603 2.68375 2.6819 2.68043 2.67931 2.6785 2.67799 2.67775 
2.67128 2.67157 2.67217 2.67306 2.67427 2.67582 2.67776 2.6801 2.68291 2.68622 2.69009 2.69457 2.69972 2.7056 2.71225 2.71972 2.72806 2.7373 2.74746 2.75856 2.7706 2.78357 2.79744 2.81217 2.82771 2.84398 2.86091 2.8784 2.89634 2.91463 2.93313 2.95172 2.97027 2.98864 3.00671 3.02435 3.04143 3.05783 3.07344 3.08816 3.1019 3.11456 3.12607 3.13636 3.14537 3.15306 3.15938 3.1643 3.16779 3.16984 3.17043 3.16956 3.16724 3.16347 3.15828 3.15168 3.14372 3.13445 3.1239 3.11214 3.09926 3.08532 3.07041 3.05465 3.03814 3.02098 3.00332 2.98527 2.96696 2.94854 2.93012 2.91185 2.89383 2.8762 2.85906 2.84251 2.82664 2.81153 2.79723 2.7838 2.77126 2.75964 2.74895 2.73918 2.73032 2.72234 2.7152 2.70888 2.70331 2.69845 2.69426 2.69067 2.68764 2.68511 2.68305 2.68141 2.68014 2.67923 2.67864 2.67836 
2.67189 2.6722 2.67283 2.6738 2.67511 2.67681 2.67892 2.68148 2.68455 2.68817 2.6924 2.6973 2.70293 2.70934 2.71658 2.72471 2.73378 2.7438 2.75482 2.76683 2.77984 2.79382 2.80876 2.8246 2.84127 2.85871 2.87682 2.8955 2.91463 2.93408 2.95374 2.97345 2.99309 3.01251 3.03157 3.05015 3.0681 3.08532 3.10169 3.1171 3.13146 3.14467 3.15668 3.1674 3.17678 3.18478 3.19135 3.19646 3.20009 3.20222 3.20284 3.20194 3.19953 3.19562 3.19023 3.18338 3.1751 3.16544 3.15444 3.14217 3.1287 3.11411 3.09849 3.08194 3.06458 3.04652 3.02788 3.00881 2.98944 2.96991 2.95035 2.93091 2.91172 2.89291 2.87459 2.85687 2.83985 2.82362 2.80824 2.79377 2.78025 2.7677 2.75613 2.74554 2.73592 2.72725 2.71948 2.71258 2.7065 2.70119 2.69659 2.69266 2.68932 2.68654 2.68426 2.68243 2.68102 2.68 2.67933 2.679 
2.67254 2.67286 2.67353 2.67457 2.676 2.67784 2.68013 2.68293 2.68627 2.69021 2.69481 2.70014 2.70625 2.71321 2.72107 2.72988 2.73968 2.75051 2.76238 2.77532 2.78931 2.80432 2.82033 2.83728 2.8551 2.8737 2.89298 2.91283 2.93313 2.95374 2.97452 2.99533 3.01602 3.03644 3.05646 3.07594 3.09473 3.11273 3.1298 3.14586 3.1608 3.17453 3.18699 3.19811 3.20783 3.21611 3.2229 3.22819 3.23194 3.23415 3.23479 3.23388 3.2314 3.22736 3.22179 3.21471 3.20614 3.19613 3.18472 3.17198 3.15797 3.14277 3.12647 3.10918 3.09101 3.07208 3.05251 3.03245 3.01205 2.99143 2.97076 2.95018 2.92983 2.90984 2.89035 2.87148 2.85331 2.83596 2.8195 2.80398 2.78946 2.77596 2.7635 2.75209 2.7417 2.73231 2.7239 2.71642 2.70981 2.70403 2.69902 2.69472 2.69107 2.68802 2.68551 2.6835 2.68194 2.68081 2.68006 2.67967 
2.67321 2.67355 2.67426 2.67538 2.67692 2.67891 2.6814 2.68442 2.68804 2.69232 2.69731 2.70307 2.70968 2.7172 2.72568 2.73517 2.74573 2.75737 2.77012 2.78398 2.79896 2.815 2.83209 2.85014 2.86909 2.88884 2.90927 2.93028 2.95172 2.97345 2.99533 3.01719 3.0389 3.06029 3.08122 3.10154 3.12113 3.13985 3.15759 3.17424 3.18971 3.20392 3.21679 3.22827 3.23829 3.24682 3.25383 3.25927 3.26314 3.26541 3.26608 3.26515 3.2626 3.25847 3.25274 3.24545 3.23663 3.2263 3.21453 3.20135 3.18685 3.17109 3.15416 3.13618 3.11725 3.09749 3.07704 3.05604 3.03463 3.01298 2.99123 2.96953 2.94804 2.92691 2.90626 2.88623 2.86693 2.84847 2.83092 2.81436 2.79883 2.78438 2.77103 2.75877 2.74761 2.7375 2.72843 2.72035 2.71321 2.70696 2.70152 2.69685 2.69288 2.68955 2.68681 2.68461 2.6829 2.68164 2.68081 2.68037 
2.67391 2.67426 2.67502 2.67622 2.67787 2.68002 2.6827 2.68597 2.68988 2.69449 2.69987 2.70608 2.7132 2.72128 2.73039 2.74057 2.75188 2.76434 2.77796 2.79276 2.80871 2.82579 2.84393 2.86308 2.88314 2.90402 2.92559 2.94772 2.97027 2.99309 3.01602 3.0389 3.06157 3.08388 3.10566 3.12679 3.14711 3.1665 3.18485 3.20205 3.21801 3.23264 3.24589 3.25768 3.26797 3.27673 3.28391 3.28949 3.29346 3.2958 3.29649 3.29555 3.29296 3.28873 3.28287 3.27541 3.26636 3.25576 3.24366 3.2301 3.21514 3.19888 3.18138 3.16275 3.14311 3.12258 3.1013 3.0794 3.05704 3.03439 3.01159 2.98882 2.96623 2.94397 2.92219 2.90103 2.88062 2.86105 2.84243 2.82483 2.8083 2.79291 2.77865 2.76556 2.75361 2.74278 2.73305 2.72437 2.71669 2.70994 2.70408 2.69903 2.69473 2.69112 2.68815 2.68575 2.68388 2.6825 2.68158 2.68109 
2.67463 2.67499 2.6758 2.67708 2.67885 2.68116 2.68404 2.68755 2.69175 2.6967 2.70247 2.70914 2.71676 2.72542 2.73516 2.74604 2.7581 2.77137 2.78586 2.80158 2.81851 2.83659 2.85578 2.876 2.89716 2.91913 2.9418 2.96502 2.98864 3.01251 3.03644 3.06029 3.08388 3.10704 3.12963 3.1515 3.1725 3.19251 3.21141 3.2291 3.2455 3.26051 3.27408 3.28616 3.29668 3.30563 3.31297 3.31867 3.32273 3.32512 3.32584 3.32489 3.32226 3.31796 3.31199 3.30438 3.29515 3.28432 3.27193 3.25803 3.24268 3.22595 3.20793 3.18872 3.16843 3.14718 3.12512 3.10238 3.07912 3.05552 3.03173 3.00792 2.98426 2.96092 2.93804 2.91578 2.89427 2.87362 2.85394 2.83532 2.81781 2.80147 2.78632 2.77239 2.75966 2.74811 2.73772 2.72843 2.7202 2.71297 2.70668 2.70125 2.69662 2.69273 2.68951 2.68691 2.68489 2.68339 2.68238 2.68184 
2.67536 2.67573 2.67659 2.67796 2.67985 2.68232 2.6854 2.68915 2.69364 2.69894 2.70511 2.71222 2.72036 2.72958 2.73995 2.75152 2.76433 2.7784 2.79376 2.81039 2.82826 2.84734 2.86755 2.88882 2.91103 2.93407 2.9578 2.98207 3.00671 3.03157 3.05646 3.08122 3.10566 3.12963 3.15297 3.17552 3.19714 3.21771 3.2371 3.25524 3.27201 3.28736 3.30121 3.31352 3.32425 3.33336 3.34083 3.34663 3.35076 3.3532 3.35395 3.35299 3.35034 3.34598 3.33994 3.33221 3.32282 3.31179 3.29916 3.28497 3.26927 3.25214 3.23366 3.21392 3.19304 3.17113 3.14834 3.12482 3.10072 3.07622 3.05148 3.02669 3.00201 2.97762 2.95369 2.93036 2.90779 2.88609 2.86538 2.84575 2.82727 2.81001 2.79398 2.77922 2.76572 2.75345 2.7424 2.73251 2.72374 2.71602 2.70929 2.70348 2.69852 2.69435 2.69089 2.68809 2.68591 2.68428 2.68319 2.68259 
2.6761 2.67648 2.67739 2.67884 2.68086 2.68348 2.68677 2.69077 2.69555 2.70119 2.70775 2.71531 2.72395 2.73374 2.74473 2.75697 2.77052 2.78539 2.80158 2.8191 2.83791 2.85795 2.87915 2.90143 2.92466 2.94873 2.97347 2.99873 3.02435 3.05015 3.07594 3.10154 3.12679 3.1515 3.17552 3.19869 3.22087 3.24193 3.26178 3.28029 3.2974 3.31303 3.32712 3.33963 3.35053 3.35977 3.36734 3.37323 3.37742 3.3799 3.38067 3.37972 3.37705 3.37266 3.36655 3.35873 3.34922 3.33804 3.3252 3.31077 3.29478 3.27729 3.2584 3.23819 3.21677 3.19427 3.17082 3.14657 3.12169 3.09635 3.07072 3.045 3.01936 2.99397 2.96903 2.94468 2.92108 2.89836 2.87665 2.85604 2.83663 2.81845 2.80157 2.786 2.77173 2.75876 2.74706 2.73658 2.72727 2.71907 2.71191 2.70572 2.70043 2.69597 2.69228 2.68928 2.68693 2.68519 2.684 2.68335 
2.67684 2.67724 2.6782 2.67973 2.68187 2.68465 2.68813 2.69238 2.69745 2.70342 2.71037 2.71838 2.72752 2.73785 2.74945 2.76236 2.77663 2.79226 2.80928 2.82766 2.84736 2.86833 2.89049 2.91374 2.93795 2.96298 2.98869 3.0149 3.04143 3.0681 3.09473 3.12113 3.14711 3.1725 3.19714 3.22087 3.24355 3.26506 3.28528 3.30413 3.32152 3.33739 3.35168 3.36436 3.37538 3.38473 3.39239 3.39834 3.40258 3.4051 3.40589 3.40495 3.40227 3.39786 3.39171 3.38383 3.37423 3.36292 3.34992 3.33529 3.31905 3.30127 3.28202 3.26139 3.2395 3.21646 3.19241 3.1675 3.1419 3.11578 3.08932 3.06273 3.03617 3.00985 2.98394 2.95861 2.93403 2.91034 2.88767 2.86612 2.84579 2.82675 2.80903 2.79266 2.77765 2.764 2.75166 2.7406 2.73076 2.72209 2.7145 2.70794 2.70233 2.69759 2.69366 2.69046 2.68796 2.68609 2.68482 2.68412 
2.67757 2.67799 2.679 2.68061 2.68287 2.68581 2.68948 2.69397 2.69932 2.70563 2.71296 2.72139 2.73102 2.74189 2.75408 2.76763 2.78259 2.79897 2.81677 2.83598 2.85655 2.87841 2.90148 2.92564 2.95078 2.97674 3.00335 3.03044 3.05783 3.08532 3.11273 3.13985 3.1665 3.19251 3.21771 3.24193 3.26506 3.28695 3.30751 3.32664 3.34427 3.36033 3.37478 3.38758 3.39871 3.40814 3.41586 3.42186 3.42614 3.42869 3.4295 3.42857 3.4259 3.42148 3.4153 3.40738 3.39772 3.38632 3.37321 3.35841 3.34197 3.32393 3.30438 3.2834 3.26109 3.23757 3.21298 3.18747 3.16121 3.13437 3.10716 3.07975 3.05234 3.02513 2.99832 2.97207 2.94656 2.92194 2.89835 2.87591 2.8547 2.83481 2.81629 2.79916 2.78344 2.76911 2.75616 2.74453 2.73418 2.72505 2.71705 2.71013 2.7042 2.69918 2.69502 2.69163 2.68897 2.68698 2.68563 2.68488 
2.6783 2.67873 2.67978 2.68148 2.68385 2.68694 2.69081 2.69552 2.70115 2.70778 2.71548 2.72433 2.73442 2.74581 2.75857 2.77274 2.78836 2.80546 2.82401 2.84401 2.86539 2.8881 2.91203 2.93706 2.96307 2.98989 3.01735 3.04526 3.07344 3.10169 3.1298 3.15759 3.18485 3.21141 3.2371 3.26178 3.28528 3.30751 3.32835 3.34771 3.36553 3.38175 3.39633 3.40922 3.42043 3.42991 3.43768 3.44372 3.44802 3.45059 3.45143 3.45051 3.44785 3.44343 3.43726 3.42931 3.41961 3.40815 3.39495 3.38003 3.36343 3.34519 3.32539 3.3041 3.28142 3.25748 3.23241 3.20636 3.17951 3.15202 3.1241 3.09594 3.06775 3.03972 3.01206 2.98494 2.95856 2.93307 2.90861 2.88531 2.86328 2.84259 2.82329 2.80544 2.78903 2.77407 2.76052 2.74835 2.73751 2.72792 2.71953 2.71226 2.70602 2.70074 2.69635 2.69278 2.68997 2.68786 2.68642 2.68562 
2.679 2.67945 2.68055 2.68232 2.6848 2.68804 2.69209 2.69703 2.70292 2.70986 2.71791 2.72716 2.73769 2.74958 2.76288 2.77764 2.79389 2.81166 2.83093 2.85166 2.87382 2.89732 2.92205 2.9479 2.97472 3.00234 3.03058 3.05926 3.08816 3.1171 3.14586 3.17424 3.20205 3.2291 3.25524 3.28029 3.30413 3.32664 3.34771 3.36727 3.38524 3.40158 3.41625 3.42921 3.44047 3.44999 3.45779 3.46385 3.46817 3.47076 3.47161 3.47072 3.46807 3.46367 3.4575 3.44956 3.43984 3.42835 3.41509 3.40008 3.38335 3.36495 3.34494 3.32339 3.30041 3.2761 3.25061 3.22408 3.19669 3.16861 3.14006 3.11121 3.0823 3.05351 3.02506 2.99715 2.96995 2.94364 2.91837 2.89427 2.87145 2.85 2.82999 2.81144 2.79439 2.77881 2.7647 2.75202 2.7407 2.73069 2.72192 2.71431 2.70777 2.70224 2.69763 2.69388 2.69093 2.68871 2.6872 2.68635 
2.67968 2.68014 2.68128 2.68313 2.68572 2.68909 2.69332 2.69847 2.70462 2.71184 2.72022 2.72985 2.74081 2.75316 2.76697 2.78228 2.79913 2.81753 2.83746 2.85889 2.88176 2.906 2.93148 2.95808 2.98564 3.014 3.04296 3.07233 3.1019 3.13146 3.1608 3.18971 3.21801 3.2455 3.27201 3.2974 3.32152 3.34427 3.36553 3.38524 3.40334 3.41976 3.43449 3.4475 3.45879 3.46833 3.47614 3.48221 3.48655 3.48915 3.49002 3.48915 3.48652 3.48214 3.47599 3.46806 3.45835 3.44684 3.43355 3.41848 3.40166 3.38314 3.36296 3.3412 3.31795 3.29333 3.26747 3.24052 3.21265 3.18405 3.15492 3.12546 3.09588 3.06641 3.03724 3.00858 2.98063 2.95357 2.92754 2.9027 2.87916 2.857 2.83631 2.81712 2.79945 2.78331 2.76867 2.7555 2.74374 2.73333 2.72419 2.71626 2.70945 2.70367 2.69886 2.69494 2.69185 2.68953 2.68794 2.68705 
2.68032 2.68079 2.68198 2.68389 2.68658 2.69009 2.69449 2.69983 2.70621 2.71371 2.7224 2.73239 2.74373 2.75652 2.7708 2.78662 2.80402 2.823 2.84355 2.86562 2.88916 2.91407 2.94023 2.96752 2.99576 3.02479 3.0544 3.08439 3.11456 3.14467 3.17453 3.20392 3.23264 3.26051 3.28736 3.31303 3.33739 3.36033 3.38175 3.40158 3.41976 3.43625 3.45102 3.46406 3.47536 3.48491 3.49272 3.4988 3.50314 3.50575 3.50664 3.50578 3.50319 3.49883 3.49271 3.48481 3.47511 3.4636 3.4503 3.4352 3.41832 3.39969 3.37938 3.35745 3.33398 3.30909 3.28291 3.2556 3.22731 3.19825 3.1686 3.13859 3.10842 3.07832 3.0485 3.01917 2.99054 2.96278 2.93607 2.91054 2.88633 2.86353 2.84221 2.82242 2.80419 2.78751 2.77238 2.75876 2.74658 2.7358 2.72633 2.7181 2.71103 2.70503 2.70002 2.69594 2.69272 2.6903 2.68864 2.68771 
2.68092 2.68141 2.68263 2.68461 2.68739 2.69102 2.69557 2.7011 2.7077 2.71544 2.72442 2.73473 2.74644 2.75962 2.77433 2.79063 2.80853 2.82804 2.84915 2.8718 2.89594 2.92146 2.94824 2.97615 3.005 3.03463 3.06482 3.09538 3.12607 3.15668 3.18699 3.21679 3.24589 3.27408 3.30121 3.32712 3.35168 3.37478 3.39633 3.41625 3.43449 3.45102 3.46582 3.47886 3.49016 3.49971 3.50752 3.51359 3.51793 3.52056 3.52145 3.52062 3.51805 3.51373 3.50764 3.49977 3.49009 3.47861 3.46531 3.45019 3.43327 3.41458 3.39416 3.37209 3.34844 3.32333 3.29688 3.26925 3.2406 3.21113 3.18103 3.15053 3.11983 3.08917 3.05877 3.02884 2.99959 2.97121 2.94387 2.91773 2.89291 2.86951 2.84762 2.82729 2.80855 2.79139 2.77581 2.76177 2.74921 2.73808 2.72831 2.7198 2.71249 2.70628 2.7011 2.69688 2.69354 2.69103 2.6893 2.68832 
2.68148 2.68197 2.68323 2.68527 2.68813 2.69188 2.69656 2.70226 2.70905 2.71702 2.72626 2.73686 2.74889 2.76243 2.77754 2.79426 2.81261 2.8326 2.8542 2.87738 2.90205 2.92811 2.95545 2.9839 3.0133 3.04346 3.07416 3.1052 3.13636 3.1674 3.19811 3.22827 3.25768 3.28616 3.31352 3.33963 3.36436 3.38758 3.40922 3.42921 3.4475 3.46406 3.47886 3.49191 3.5032 3.51274 3.52053 3.5266 3.53094 3.53357 3.53448 3.53367 3.53112 3.52683 3.52078 3.51294 3.5033 3.49184 3.47856 3.46343 3.44649 3.42775 3.40726 3.38507 3.36128 3.33598 3.3093 3.2814 3.25244 3.22262 3.19213 3.1612 3.13004 3.0989 3.06798 3.03752 3.00772 2.97879 2.9509 2.9242 2.89884 2.87492 2.85252 2.8317 2.81249 2.7949 2.77891 2.7645 2.7516 2.74016 2.73011 2.72135 2.71382 2.70743 2.70209 2.69773 2.69428 2.69169 2.6899 2.68889 
2.68197 2.68248 2.68377 2.68586 2.6888 2.69264 2.69745 2.70329 2.71026 2.71843 2.7279 2.73876 2.75108 2.76493 2.78038 2.79747 2.81622 2.83663 2.85867 2.8823 2.90744 2.93398 2.96179 2.99072 3.02059 3.05121 3.08236 3.11382 3.14537 3.17678 3.20783 3.23829 3.26797 3.29668 3.32425 3.35053 3.37538 3.39871 3.42043 3.44047 3.45879 3.47536 3.49016 3.5032 3.51447 3.524 3.53178 3.53784 3.54218 3.54481 3.54573 3.54494 3.54242 3.53816 3.53214 3.52434 3.51474 3.50331 3.49004 3.47492 3.45797 3.4392 3.41864 3.39637 3.37246 3.34701 3.32014 3.29201 3.26279 3.23267 3.20185 3.17055 3.139 3.10743 3.07607 3.04515 3.01488 2.98546 2.95709 2.92991 2.90407 2.87969 2.85684 2.83559 2.81598 2.79801 2.78166 2.76692 2.75372 2.74201 2.73171 2.72274 2.71501 2.70845 2.70297 2.69849 2.69495 2.69228 2.69044 2.6894 
2.68241 2.68292 2.68424 2.68638 2.68938 2.69331 2.69822 2.70419 2.71131 2.71966 2.72933 2.7404 2.75297 2.7671 2.78284 2.80025 2.81933 2.8401 2.86251 2.88653 2.91207 2.93901 2.96723 2.99656 3.02683 3.05784 3.08936 3.12118 3.15306 3.18478 3.21611 3.24682 3.27673 3.30563 3.33336 3.35977 3.38473 3.40814 3.42991 3.44999 3.46833 3.48491 3.49971 3.51274 3.524 3.5335 3.54127 3.54732 3.55166 3.55429 3.55522 3.55444 3.55195 3.54772 3.54174 3.53397 3.5244 3.513 3.49975 3.48465 3.46769 3.44889 3.4283 3.40596 3.38195 3.35637 3.32935 3.30104 3.2716 3.24123 3.21013 3.17852 3.14664 3.11471 3.08298 3.05167 3.021 2.99118 2.96239 2.93481 2.90857 2.88379 2.86056 2.83895 2.81899 2.80069 2.78404 2.76901 2.75555 2.74361 2.73309 2.72393 2.71605 2.70934 2.70374 2.69915 2.69553 2.6928 2.69092 2.68985 
2.68278 2.6833 2.68464 2.68682 2.68987 2.69387 2.69887 2.70495 2.71219 2.72068 2.73051 2.74178 2.75454 2.7689 2.78488 2.80255 2.82191 2.84297 2.8657 2.89003 2.91589 2.94317 2.97172 3.00138 3.03197 3.06329 3.09512 3.12723 3.15938 3.19135 3.2229 3.25383 3.28391 3.31297 3.34083 3.36734 3.39239 3.41586 3.43768 3.45779 3.47614 3.49272 3.50752 3.52053 3.53178 3.54127 3.54903 3.55507 3.5594 3.56204 3.56298 3.56221 3.55974 3.55554 3.54958 3.54185 3.5323 3.52093 3.5077 3.49261 3.47565 3.45684 3.43621 3.41381 3.38973 3.36405 3.33691 3.30845 3.27883 3.24826 3.21693 3.18508 3.15292 3.12071 3.08867 3.05704 3.02604 2.99589 2.96677 2.93885 2.91228 2.88718 2.86364 2.84173 2.82148 2.80291 2.78601 2.77075 2.75708 2.74494 2.73425 2.72494 2.71691 2.71009 2.70438 2.69971 2.69602 2.69324 2.69132 2.69023 
2.68308 2.6836 2.68496 2.68717 2.69027 2.69432 2.69939 2.70555 2.71289 2.7215 2.73146 2.74286 2.75579 2.77032 2.78649 2.80436 2.82394 2.84523 2.86819 2.89277 2.91888 2.94641 2.97522 3.00514 3.03598 3.06755 3.09961 3.13194 3.1643 3.19646 3.22819 3.25927 3.28949 3.31867 3.34663 3.37323 3.39834 3.42186 3.44372 3.46385 3.48221 3.4988 3.51359 3.5266 3.53784 3.54732 3.55507 3.5611 3.56543 3.56807 3.56901 3.56826 3.56581 3.56162 3.55569 3.54798 3.53846 3.5271 3.51388 3.4988 3.48184 3.46301 3.44236 3.41992 3.39578 3.37003 3.34279 3.31421 3.28446 3.25373 3.22223 3.19018 3.15782 3.12538 3.0931 3.06123 3.02998 2.99957 2.97019 2.94201 2.91519 2.88984 2.86605 2.84391 2.82344 2.80466 2.78757 2.77213 2.75829 2.74599 2.73517 2.72573 2.7176 2.71068 2.70489 2.70016 2.69641 2.69359 2.69164 2.69053 
2.6833 2.68383 2.6852 2.68743 2.69056 2.69466 2.69977 2.70599 2.7134 2.72209 2.73214 2.74365 2.75669 2.77134 2.78765 2.80567 2.8254 2.84685 2.86998 2.89473 2.92102 2.94873 2.97772 3.00782 3.03884 3.07057 3.10279 3.13528 3.16779 3.20009 3.23194 3.26314 3.29346 3.32273 3.35076 3.37742 3.40258 3.42614 3.44802 3.46817 3.48655 3.50314 3.51793 3.53094 3.54218 3.55166 3.5594 3.56543 3.56976 3.5724 3.57335 3.57261 3.57016 3.56599 3.56007 3.55237 3.54286 3.53152 3.51831 3.50323 3.48626 3.46742 3.44675 3.42428 3.40009 3.37428 3.34697 3.31831 3.28846 3.25761 3.22599 3.1938 3.16129 3.12869 3.09625 3.06421 3.03278 3.00219 2.97262 2.94426 2.91726 2.89173 2.86778 2.84547 2.82485 2.80592 2.78869 2.77312 2.75916 2.74676 2.73584 2.72631 2.7181 2.71112 2.70527 2.70049 2.69671 2.69385 2.69188 2.69076 
2.68344 2.68398 2.68536 2.6876 2.69075 2.69487 2.70002 2.70627 2.71372 2.72246 2.73257 2.74413 2.75724 2.77196 2.78835 2.80645 2.82627 2.84781 2.87104 2.89589 2.92228 2.95009 2.97919 3.00939 3.04051 3.07234 3.10466 3.13724 3.16984 3.20222 3.23415 3.26541 3.2958 3.32512 3.3532 3.3799 3.4051 3.42869 3.45059 3.47076 3.48915 3.50575 3.52056 3.53357 3.54481 3.55429 3.56204 3.56807 3.5724 3.57504 3.576 3.57526 3.57282 3.56865 3.56273 3.55504 3.54553 3.53419 3.52098 3.50589 3.48891 3.47006 3.44936 3.42687 3.40265 3.3768 3.34944 3.32072 3.29081 3.2599 3.22819 3.19593 3.16333 3.13064 3.0981 3.06595 3.03442 3.00372 2.97405 2.94559 2.91848 2.89286 2.86881 2.8464 2.82569 2.80668 2.78936 2.77372 2.75969 2.74723 2.73625 2.72667 2.71841 2.71139 2.70551 2.7007 2.69689 2.69402 2.69204 2.69091 
