3.99478 3.99498 3.9952 3.99547 3.99576 3.99608 3.99644 3.99683 3.99725 3.99772 3.99822 3.99877 3.99936 4 4.00069 4.00143 4.00223 4.00309 4.00401 4.00499 4.00604 4.00715 4.00832 4.00955 4.01084 4.01219 4.0136 4.01505 4.01655 4.01809 4.01965 4.02124 4.02284 4.02444 4.02604 4.02761 4.02916 4.03067 4.03212 4.03352 4.03483 4.03606 4.0372 4.03823 4.03915 4.03994 4.0406 4.04113 4.04152 4.04177 4.04187 4.04182 4.04163 4.0413 4.04083 4.04022 4.03948 4.03862 4.03764 4.03656 4.03538 4.03412 4.03278 4.03137 4.02992 4.02842 4.0269 4.02535 4.0238 4.02226 4.02072 4.01922 4.01774 4.01631 4.01492 4.01359 4.01231 4.01111 4.00997 4.0089 4.00791 4.00699 4.00614 4.00537 4.00468 4.00406 4.00351 4.00304 4.00262 4.00228 4.00199 4.00177 4.00159 4.00147 4.0014 4.00137 4.00139 4.00145 4.00154 4.00167 
3.99498 3.99517 3.9954 3.99566 3.99596 3.99628 3.99664 3.99703 3.99746 3.99792 3.99843 3.99898 3.99958 4.00022 4.00091 4.00166 4.00247 4.00334 4.00426 4.00526 4.00631 4.00743 4.00861 4.00986 4.01117 4.01253 4.01395 4.01543 4.01694 4.01849 4.02008 4.02168 4.0233 4.02493 4.02654 4.02814 4.02971 4.03123 4.0327 4.03411 4.03545 4.03669 4.03784 4.03889 4.03981 4.04062 4.04129 4.04183 4.04222 4.04247 4.04257 4.04252 4.04233 4.04199 4.04151 4.04089 4.04015 4.03927 4.03828 4.03719 4.03599 4.03471 4.03336 4.03194 4.03046 4.02895 4.0274 4.02584 4.02427 4.02271 4.02115 4.01963 4.01813 4.01668 4.01528 4.01393 4.01264 4.01142 4.01027 4.00919 4.00818 4.00725 4.0064 4.00562 4.00492 4.0043 4.00374 4.00326 4.00284 4.00249 4.0022 4.00197 4.0018 4.00168 4.0016 4.00157 4.00159 4.00164 4.00174 4.00187 
3.9952 3.9954 3.99563 3.9959 3.99619 3.99652 3.99688 3.99728 3.99772 3.9982 3.99872 3.99928 3.99989 4.00055 4.00127 4.00204 4.00287 4.00377 4.00472 4.00575 4.00684 4.00799 4.00921 4.0105 4.01186 4.01327 4.01474 4.01626 4.01783 4.01943 4.02107 4.02273 4.0244 4.02608 4.02775 4.0294 4.03102 4.0326 4.03412 4.03557 4.03695 4.03824 4.03943 4.0405 4.04146 4.04229 4.04298 4.04353 4.04394 4.04419 4.0443 4.04425 4.04405 4.0437 4.0432 4.04256 4.04179 4.04088 4.03986 4.03873 4.03749 4.03617 4.03477 4.0333 4.03177 4.03021 4.02861 4.02699 4.02537 4.02375 4.02215 4.02057 4.01902 4.01752 4.01607 4.01467 4.01334 4.01207 4.01088 4.00976 4.00872 4.00775 4.00687 4.00606 4.00533 4.00468 4.00411 4.0036 4.00317 4.0028 4.0025 4.00225 4.00207 4.00194 4.00185 4.00182 4.00183 4.00188 4.00197 4.0021 
3.99547 3.99566 3.9959 3.99616 3.99647 3.9968 3.99718 3.99759 3.99805 3.99854 3.99908 3.99967 4.00031 4.00101 4.00176 4.00257 4.00344 4.00438 4.00539 4.00647 4.00762 4.00884 4.01013 4.01149 4.01291 4.0144 4.01595 4.01756 4.01921 4.02091 4.02263 4.02438 4.02615 4.02791 4.02967 4.03141 4.03311 4.03477 4.03637 4.0379 4.03935 4.04071 4.04195 4.04308 4.04409 4.04496 4.04569 4.04626 4.04669 4.04696 4.04706 4.04701 4.04679 4.04642 4.0459 4.04522 4.04441 4.04346 4.04238 4.04118 4.03988 4.03849 4.03701 4.03546 4.03386 4.0322 4.03052 4.02882 4.0271 4.0254 4.0237 4.02204 4.02041 4.01882 4.01729 4.01581 4.0144 4.01306 4.0118 4.01061 4.00951 4.00849 4.00755 4.00669 4.00592 4.00522 4.00461 4.00407 4.0036 4.00321 4.00288 4.00261 4.0024 4.00225 4.00216 4.00211 4.00211 4.00215 4.00224 4.00236 
3.99576 3.99596 3.99619 3.99647 3.99678 3.99713 3.99752 3.99795 3.99843 3.99896 3.99953 4.00015 4.00084 4.00158 4.00238 4.00325 4.00418 4.00519 4.00627 4.00743 4.00866 4.00997 4.01136 4.01282 4.01435 4.01595 4.01761 4.01933 4.02111 4.02292 4.02477 4.02665 4.02854 4.03043 4.03231 4.03417 4.036 4.03777 4.03948 4.04112 4.04266 4.04411 4.04544 4.04665 4.04772 4.04864 4.04942 4.05003 4.05048 4.05076 4.05087 4.05081 4.05058 4.05018 4.04962 4.0489 4.04802 4.047 4.04585 4.04457 4.04318 4.04168 4.0401 4.03844 4.03672 4.03495 4.03315 4.03132 4.02949 4.02766 4.02584 4.02405 4.0223 4.02059 4.01894 4.01736 4.01584 4.0144 4.01304 4.01176 4.01057 4.00946 4.00845 4.00752 4.00668 4.00592 4.00525 4.00466 4.00414 4.00371 4.00334 4.00304 4.0028 4.00263 4.00251 4.00244 4.00243 4.00246 4.00254 4.00265 
3.99608 3.99628 3.99652 3.9968 3.99713 3.9975 3.99791 3.99837 3.99888 3.99944 4.00006 4.00073 4.00147 4.00227 4.00314 4.00408 4.0051 4.00619 4.00737 4.00863 4.00997 4.0114 4.01291 4.0145 4.01617 4.01791 4.01972 4.02159 4.02352 4.0255 4.02751 4.02955 4.0316 4.03365 4.03569 4.03771 4.03969 4.04161 4.04346 4.04523 4.0469 4.04846 4.0499 4.0512 4.05236 4.05336 4.05419 4.05485 4.05533 4.05563 4.05575 4.05568 4.05543 4.05499 4.05438 4.0536 4.05265 4.05154 4.05029 4.0489 4.04739 4.04577 4.04405 4.04225 4.04039 4.03847 4.03651 4.03452 4.03253 4.03054 4.02856 4.02662 4.02471 4.02285 4.02105 4.01932 4.01767 4.01609 4.0146 4.0132 4.0119 4.01068 4.00956 4.00854 4.00761 4.00678 4.00603 4.00537 4.0048 4.0043 4.00389 4.00354 4.00327 4.00306 4.00291 4.00282 4.00279 4.00281 4.00287 4.00298 
3.99644 3.99664 3.99688 3.99718 3.99752 3.99791 3.99835 3.99885 3.9994 4 4.00067 4.00141 4.00221 4.00309 4.00404 4.00507 4.00619 4.0074 4.0087 4.01008 4.01156 4.01313 4.01479 4.01655 4.01838 4.0203 4.02229 4.02435 4.02647 4.02864 4.03085 4.03309 4.03534 4.03759 4.03983 4.04203 4.0442 4.0463 4.04832 4.05025 4.05208 4.05378 4.05535 4.05677 4.05803 4.05912 4.06002 4.06074 4.06126 4.06159 4.06171 4.06163 4.06135 4.06087 4.0602 4.05934 4.05829 4.05708 4.05571 4.05419 4.05254 4.05076 4.04888 4.04691 4.04487 4.04276 4.04061 4.03843 4.03624 4.03406 4.03189 4.02975 4.02765 4.0256 4.02362 4.02171 4.01989 4.01815 4.0165 4.01495 4.0135 4.01215 4.01091 4.00977 4.00873 4.0078 4.00696 4.00622 4.00557 4.005 4.00453 4.00413 4.00381 4.00356 4.00337 4.00325 4.00319 4.00319 4.00324 4.00334 
3.99683 3.99703 3.99728 3.99759 3.99795 3.99837 3.99885 3.99938 3.99998 4.00064 4.00137 4.00218 4.00307 4.00404 4.00509 4.00624 4.00748 4.00882 4.01025 4.01179 4.01344 4.01518 4.01703 4.01897 4.02101 4.02314 4.02534 4.02763 4.02998 4.03238 4.03482 4.03729 4.03978 4.04226 4.04473 4.04716 4.04955 4.05186 4.05409 4.05621 4.05822 4.06009 4.06181 4.06337 4.06475 4.06594 4.06693 4.06772 4.06829 4.06864 4.06877 4.06868 4.06836 4.06783 4.06709 4.06614 4.06499 4.06365 4.06214 4.06046 4.05864 4.05668 4.05461 4.05243 4.05017 4.04785 4.04548 4.04307 4.04065 4.03823 4.03583 4.03346 4.03113 4.02886 4.02666 4.02454 4.02251 4.02058 4.01874 4.01701 4.01539 4.01389 4.01249 4.01121 4.01004 4.00899 4.00804 4.0072 4.00645 4.00581 4.00526 4.00479 4.00441 4.00411 4.00389 4.00373 4.00364 4.00361 4.00365 4.00374 
3.99725 3.99746 3.99772 3.99805 3.99843 3.99888 3.9994 3.99998 4.00063 4.00136 4.00217 4.00307 4.00405 4.00512 4.0063 4.00758 4.00896 4.01045 4.01206 4.01378 4.01561 4.01756 4.01962 4.02179 4.02406 4.02643 4.02889 4.03143 4.03404 4.03671 4.03943 4.04217 4.04493 4.04769 4.05042 4.05312 4.05575 4.05831 4.06078 4.06313 4.06534 4.06741 4.0693 4.07102 4.07254 4.07385 4.07494 4.0758 4.07642 4.07681 4.07694 4.07684 4.07649 4.0759 4.07507 4.07402 4.07274 4.07126 4.06959 4.06773 4.06571 4.06355 4.06125 4.05884 4.05633 4.05375 4.05112 4.04845 4.04576 4.04307 4.0404 4.03776 4.03517 4.03265 4.03019 4.02783 4.02556 4.02339 4.02134 4.0194 4.01758 4.01589 4.01432 4.01287 4.01155 4.01036 4.00928 4.00832 4.00747 4.00672 4.00608 4.00554 4.00509 4.00473 4.00446 4.00426 4.00413 4.00408 4.00409 4.00417 
3.99772 3.99792 3.9982 3.99854 3.99896 3.99944 4 4.00064 4.00136 4.00217 4.00307 4.00406 4.00516 4.00636 4.00767 4.0091 4.01065 4.01232 4.01412 4.01604 4.01809 4.02028 4.02258 4.02501 4.02755 4.0302 4.03295 4.03578 4.0387 4.04167 4.0447 4.04775 4.05082 4.05389 4.05693 4.05992 4.06284 4.06568 4.06841 4.07101 4.07346 4.07575 4.07784 4.07974 4.08142 4.08286 4.08406 4.08501 4.08569 4.08611 4.08626 4.08614 4.08574 4.08508 4.08416 4.08299 4.08158 4.07994 4.07808 4.07602 4.07378 4.07137 4.06882 4.06614 4.06336 4.06049 4.05756 4.05459 4.0516 4.0486 4.04563 4.04268 4.03979 4.03697 4.03423 4.03158 4.02904 4.02661 4.0243 4.02212 4.02008 4.01817 4.0164 4.01476 4.01327 4.01191 4.01068 4.00958 4.00861 4.00775 4.00701 4.00638 4.00585 4.00542 4.00509 4.00484 4.00468 4.00459 4.00458 4.00464 
3.99822 3.99843 3.99872 3.99908 3.99953 4.00006 4.00067 4.00137 4.00217 4.00307 4.00407 4.00517 4.0064 4.00774 4.00921 4.01081 4.01255 4.01442 4.01644 4.0186 4.0209 4.02335 4.02593 4.02865 4.03149 4.03445 4.03753 4.0407 4.04395 4.04727 4.05065 4.05405 4.05747 4.06088 4.06425 4.06758 4.07083 4.07398 4.077 4.07989 4.0826 4.08513 4.08745 4.08954 4.0914 4.09299 4.09431 4.09536 4.09611 4.09657 4.09672 4.09658 4.09614 4.09541 4.09438 4.09308 4.09151 4.08969 4.08762 4.08534 4.08285 4.08017 4.07734 4.07436 4.07127 4.06808 4.06482 4.06151 4.05818 4.05484 4.05152 4.04823 4.045 4.04184 4.03878 4.03581 4.03296 4.03024 4.02764 4.02519 4.02289 4.02074 4.01874 4.01689 4.0152 4.01365 4.01225 4.011 4.00988 4.0089 4.00804 4.00731 4.00669 4.00619 4.00578 4.00548 4.00527 4.00515 4.00511 4.00516 
3.99877 3.99898 3.99928 3.99967 4.00015 4.00073 4.00141 4.00218 4.00307 4.00406 4.00517 4.00641 4.00778 4.00929 4.01093 4.01273 4.01467 4.01678 4.01904 4.02146 4.02404 4.02678 4.02968 4.03272 4.0359 4.03922 4.04265 4.04619 4.04982 4.05353 4.05729 4.06108 4.06488 4.06867 4.07243 4.07612 4.07973 4.08322 4.08657 4.08977 4.09277 4.09557 4.09813 4.10045 4.10249 4.10425 4.10571 4.10686 4.10769 4.10819 4.10836 4.10819 4.1077 4.10688 4.10574 4.1043 4.10255 4.10053 4.09824 4.0957 4.09294 4.08997 4.08682 4.08352 4.08008 4.07653 4.07291 4.06922 4.06551 4.06179 4.05809 4.05442 4.05082 4.04729 4.04386 4.04054 4.03734 4.03429 4.03138 4.02863 4.02604 4.02361 4.02135 4.01927 4.01735 4.01559 4.01401 4.01258 4.0113 4.01017 4.00919 4.00834 4.00762 4.00702 4.00654 4.00617 4.00591 4.00575 4.00569 4.00571 
3.99936 3.99958 3.99989 4.00031 4.00084 4.00147 4.00221 4.00307 4.00405 4.00516 4.0064 4.00778 4.00931 4.011 4.01284 4.01485 4.01703 4.01939 4.02193 4.02464 4.02753 4.0306 4.03384 4.03724 4.0408 4.0445 4.04833 4.05228 4.05633 4.06046 4.06464 4.06886 4.07308 4.07729 4.08146 4.08555 4.08955 4.09342 4.09713 4.10066 4.10399 4.10707 4.10991 4.11246 4.11472 4.11665 4.11826 4.11952 4.12043 4.12098 4.12116 4.12097 4.12042 4.11951 4.11825 4.11665 4.11472 4.11247 4.10993 4.10712 4.10406 4.10077 4.09728 4.09361 4.0898 4.08586 4.08184 4.07774 4.07361 4.06948 4.06535 4.06127 4.05725 4.05331 4.04948 4.04577 4.0422 4.03878 4.03552 4.03243 4.02952 4.02679 4.02425 4.0219 4.01973 4.01774 4.01594 4.01432 4.01286 4.01158 4.01045 4.00947 4.00863 4.00794 4.00737 4.00693 4.00661 4.00641 4.00631 4.00632 
4 4.00022 4.00055 4.00101 4.00158 4.00227 4.00309 4.00404 4.00512 4.00636 4.00774 4.00929 4.011 4.01288 4.01494 4.01719 4.01964 4.02227 4.02511 4.02814 4.03138 4.0348 4.03842 4.04222 4.04618 4.05031 4.05458 4.05898 4.06348 4.06806 4.07271 4.07739 4.08208 4.08674 4.09136 4.09589 4.10031 4.10458 4.10868 4.11258 4.11625 4.11965 4.12277 4.12558 4.12806 4.1302 4.13196 4.13334 4.13434 4.13494 4.13513 4.13492 4.13431 4.1333 4.1319 4.13013 4.128 4.12552 4.12271 4.11961 4.11622 4.11258 4.10872 4.10466 4.10044 4.09608 4.09162 4.08708 4.0825 4.0779 4.07332 4.06878 4.06431 4.05993 4.05566 4.05152 4.04754 4.04371 4.04007 4.03661 4.03335 4.03029 4.02744 4.02479 4.02235 4.02011 4.01807 4.01623 4.01458 4.01311 4.01182 4.0107 4.00974 4.00894 4.00828 4.00776 4.00737 4.00712 4.00698 4.00697 
4.00069 4.00091 4.00127 4.00176 4.00238 4.00314 4.00404 4.00509 4.0063 4.00767 4.00921 4.01093 4.01284 4.01494 4.01725 4.01976 4.02249 4.02543 4.0286 4.03199 4.03559 4.03941 4.04344 4.04766 4.05208 4.05667 4.06141 4.06629 4.07128 4.07637 4.08151 4.08669 4.09187 4.09703 4.10212 4.10713 4.112 4.11671 4.12123 4.12552 4.12955 4.1333 4.13672 4.13981 4.14253 4.14487 4.14681 4.14832 4.14941 4.15006 4.15027 4.15003 4.14935 4.14824 4.1467 4.14474 4.14239 4.13966 4.13657 4.13314 4.12941 4.1254 4.12114 4.11666 4.112 4.10719 4.10225 4.09724 4.09217 4.08708 4.08201 4.07697 4.07201 4.06715 4.0624 4.0578 4.05337 4.04911 4.04504 4.04118 4.03754 4.03412 4.03092 4.02795 4.02521 4.02269 4.0204 4.01832 4.01646 4.01479 4.01333 4.01205 4.01095 4.01002 4.00926 4.00866 4.0082 4.00789 4.00771 4.00767 
4.00143 4.00166 4.00204 4.00257 4.00325 4.00408 4.00507 4.00624 4.00758 4.0091 4.01081 4.01273 4.01485 4.01719 4.01976 4.02256 4.0256 4.02888 4.0324 4.03617 4.04018 4.04442 4.0489 4.05359 4.05849 4.06357 4.06882 4.07422 4.07975 4.08536 4.09104 4.09676 4.10248 4.10816 4.11376 4.11927 4.12462 4.1298 4.13476 4.13947 4.14389 4.148 4.15175 4.15514 4.15812 4.16067 4.16278 4.16444 4.16562 4.16633 4.16655 4.16629 4.16554 4.16431 4.16262 4.16047 4.15789 4.15489 4.15149 4.14773 4.14363 4.13922 4.13454 4.12961 4.12448 4.11918 4.11375 4.10822 4.10262 4.09701 4.09141 4.08584 4.08036 4.07497 4.06972 4.06462 4.05969 4.05496 4.05045 4.04615 4.04209 4.03828 4.03471 4.03139 4.02832 4.0255 4.02293 4.02059 4.01849 4.01662 4.01496 4.01351 4.01226 4.0112 4.01032 4.00962 4.00909 4.00871 4.0085 4.00843 
4.00223 4.00247 4.00287 4.00344 4.00418 4.0051 4.00619 4.00748 4.00896 4.01065 4.01255 4.01467 4.01703 4.01964 4.02249 4.0256 4.02897 4.03262 4.03653 4.0407 4.04515 4.04985 4.0548 4.05999 4.06541 4.07102 4.07682 4.08278 4.08887 4.09506 4.10131 4.10759 4.11387 4.12011 4.12627 4.1323 4.13817 4.14384 4.14927 4.15442 4.15926 4.16374 4.16784 4.17153 4.17478 4.17757 4.17987 4.18167 4.18296 4.18372 4.18396 4.18366 4.18284 4.1815 4.17964 4.17729 4.17447 4.17118 4.16747 4.16335 4.15886 4.15403 4.1489 4.1435 4.13787 4.13205 4.12608 4.12001 4.11386 4.10769 4.10152 4.09539 4.08934 4.0834 4.0776 4.07196 4.06652 4.06128 4.05628 4.05152 4.04702 4.04278 4.03881 4.03511 4.03169 4.02854 4.02567 4.02305 4.0207 4.01859 4.01672 4.01509 4.01367 4.01247 4.01147 4.01066 4.01005 4.00961 4.00934 4.00924 
4.00309 4.00334 4.00377 4.00438 4.00519 4.00619 4.0074 4.00882 4.01045 4.01232 4.01442 4.01678 4.01939 4.02227 4.02543 4.02888 4.03262 4.03664 4.04097 4.04559 4.0505 4.05569 4.06116 4.06688 4.07285 4.07903 4.08541 4.09196 4.09865 4.10544 4.11229 4.11918 4.12606 4.13289 4.13962 4.14621 4.15262 4.15881 4.16473 4.17035 4.17561 4.18049 4.18496 4.18897 4.1925 4.19553 4.19803 4.19999 4.20138 4.20221 4.20246 4.20213 4.20123 4.19976 4.19774 4.19518 4.19209 4.18851 4.18446 4.17997 4.17507 4.1698 4.16419 4.15829 4.15214 4.14578 4.13925 4.1326 4.12587 4.1191 4.11233 4.10561 4.09896 4.09243 4.08605 4.07984 4.07384 4.06807 4.06255 4.05729 4.05231 4.04761 4.04321 4.03912 4.03532 4.03182 4.02861 4.0257 4.02307 4.02071 4.01862 4.01678 4.01519 4.01383 4.0127 4.01178 4.01107 4.01056 4.01025 4.01012 
4.00401 4.00426 4.00472 4.00539 4.00627 4.00737 4.0087 4.01025 4.01206 4.01412 4.01644 4.01904 4.02193 4.02511 4.0286 4.0324 4.03653 4.04097 4.04574 4.05083 4.05624 4.06195 4.06796 4.07425 4.0808 4.08758 4.09457 4.10175 4.10907 4.11649 4.12399 4.13151 4.13901 4.14646 4.15379 4.16097 4.16795 4.17468 4.18111 4.18721 4.19293 4.19822 4.20306 4.20741 4.21124 4.21452 4.21722 4.21933 4.22084 4.22173 4.222 4.22164 4.22065 4.21906 4.21686 4.21408 4.21073 4.20684 4.20244 4.19756 4.19223 4.1865 4.1804 4.17398 4.16728 4.16035 4.15323 4.14598 4.13863 4.13123 4.12384 4.11648 4.10921 4.10205 4.09506 4.08825 4.08166 4.07532 4.06924 4.06345 4.05797 4.05279 4.04793 4.0434 4.0392 4.03533 4.03177 4.02854 4.02561 4.02299 4.02066 4.0186 4.01682 4.0153 4.01402 4.01298 4.01217 4.01159 4.01122 4.01105 
4.00499 4.00526 4.00575 4.00647 4.00743 4.00863 4.01008 4.01179 4.01378 4.01604 4.0186 4.02146 4.02464 4.02814 4.03199 4.03617 4.0407 4.04559 4.05083 4.05642 4.06235 4.06861 4.0752 4.08208 4.08925 4.09666 4.1043 4.11213 4.12011 4.12821 4.13637 4.14455 4.15271 4.1608 4.16876 4.17655 4.18411 4.1914 4.19837 4.20497 4.21115 4.21688 4.22211 4.2268 4.23093 4.23447 4.23739 4.23966 4.24128 4.24224 4.24252 4.24213 4.24106 4.23933 4.23695 4.23394 4.23032 4.22611 4.22135 4.21606 4.2103 4.20409 4.19748 4.19051 4.18325 4.17572 4.16799 4.16011 4.15211 4.14407 4.13601 4.128 4.12006 4.11226 4.10461 4.09717 4.08997 4.08302 4.07636 4.07001 4.06399 4.0583 4.05296 4.04798 4.04334 4.03907 4.03515 4.03157 4.02833 4.02542 4.02283 4.02055 4.01856 4.01686 4.01543 4.01426 4.01335 4.01268 4.01225 4.01205 
4.00604 4.00631 4.00684 4.00762 4.00866 4.00997 4.01156 4.01344 4.01561 4.01809 4.0209 4.02404 4.02753 4.03138 4.03559 4.04018 4.04515 4.0505 4.05624 4.06235 4.06883 4.07568 4.08287 4.09038 4.09819 4.10626 4.11458 4.12309 4.13176 4.14055 4.1494 4.15828 4.16711 4.17587 4.18448 4.1929 4.20107 4.20894 4.21646 4.22357 4.23023 4.2364 4.24203 4.24708 4.25152 4.25532 4.25846 4.2609 4.26264 4.26366 4.26396 4.26353 4.26238 4.26052 4.25795 4.25471 4.2508 4.24627 4.24113 4.23543 4.22921 4.22251 4.21537 4.20785 4.19999 4.19186 4.18349 4.17495 4.16629 4.15757 4.14883 4.14012 4.1315 4.12301 4.1147 4.10659 4.09874 4.09116 4.08389 4.07696 4.07037 4.06414 4.05829 4.05282 4.04774 4.04304 4.03873 4.03479 4.03122 4.028 4.02514 4.02261 4.02041 4.01852 4.01693 4.01562 4.0146 4.01384 4.01335 4.01311 
4.00715 4.00743 4.00799 4.00884 4.00997 4.0114 4.01313 4.01518 4.01756 4.02028 4.02335 4.02678 4.0306 4.0348 4.03941 4.04442 4.04985 4.05569 4.06195 4.06861 4.07568 4.08313 4.09095 4.09911 4.10759 4.11636 4.12537 4.1346 4.14399 4.15349 4.16306 4.17264 4.18218 4.19162 4.20091 4.20997 4.21877 4.22723 4.23531 4.24295 4.2501 4.25672 4.26276 4.26818 4.27294 4.27701 4.28036 4.28297 4.28483 4.28592 4.28624 4.28578 4.28454 4.28254 4.27978 4.2763 4.27211 4.26724 4.26172 4.2556 4.24891 4.2417 4.23403 4.22593 4.21747 4.20871 4.19969 4.19047 4.18113 4.1717 4.16225 4.15283 4.1435 4.1343 4.12529 4.11649 4.10796 4.09973 4.09182 4.08427 4.07709 4.0703 4.06391 4.05794 4.05238 4.04724 4.04251 4.03819 4.03427 4.03074 4.02759 4.0248 4.02237 4.02028 4.01851 4.01706 4.01592 4.01507 4.01452 4.01424 
4.00832 4.00861 4.00921 4.01013 4.01136 4.01291 4.01479 4.01703 4.01962 4.02258 4.02593 4.02968 4.03384 4.03842 4.04344 4.0489 4.0548 4.06116 4.06796 4.0752 4.08287 4.09095 4.09942 4.10826 4.11744 4.12692 4.13666 4.14662 4.15674 4.16699 4.1773 4.18761 4.19787 4.20801 4.21798 4.22771 4.23714 4.24621 4.25486 4.26304 4.27069 4.27777 4.28422 4.29 4.29508 4.29943 4.30301 4.30579 4.30777 4.30893 4.30927 4.30877 4.30744 4.3053 4.30236 4.29863 4.29415 4.28894 4.28303 4.27648 4.26932 4.2616 4.25337 4.24469 4.23562 4.22621 4.21652 4.20662 4.19656 4.18641 4.17624 4.16609 4.15602 4.14609 4.13635 4.12684 4.11761 4.10869 4.10013 4.09193 4.08414 4.07676 4.06982 4.06332 4.05726 4.05165 4.04649 4.04177 4.03749 4.03362 4.03016 4.02711 4.02443 4.02213 4.02019 4.01858 4.01732 4.01637 4.01575 4.01543 
4.00955 4.00986 4.0105 4.01149 4.01282 4.0145 4.01655 4.01897 4.02179 4.02501 4.02865 4.03272 4.03724 4.04222 4.04766 4.05359 4.05999 4.06688 4.07425 4.08208 4.09038 4.09911 4.10826 4.1178 4.1277 4.13791 4.1484 4.15911 4.16999 4.18099 4.19206 4.20311 4.21411 4.22497 4.23563 4.24603 4.25611 4.26579 4.27502 4.28375 4.2919 4.29944 4.30631 4.31247 4.31787 4.32249 4.3263 4.32926 4.33136 4.33259 4.33294 4.33241 4.33099 4.32871 4.32558 4.32161 4.31683 4.31128 4.30499 4.298 4.29036 4.28212 4.27334 4.26406 4.25436 4.24429 4.23392 4.22332 4.21254 4.20166 4.19074 4.17984 4.16902 4.15834 4.14785 4.13761 4.12766 4.11803 4.10878 4.09993 4.0915 4.08351 4.07599 4.06894 4.06237 4.05628 4.05066 4.04553 4.04086 4.03664 4.03287 4.02953 4.0266 4.02408 4.02194 4.02018 4.01879 4.01774 4.01704 4.01668 
4.01084 4.01117 4.01186 4.01291 4.01435 4.01617 4.01838 4.02101 4.02406 4.02755 4.03149 4.0359 4.0408 4.04618 4.05208 4.05849 4.06541 4.07285 4.0808 4.08925 4.09819 4.10759 4.11744 4.1277 4.13833 4.14929 4.16054 4.17202 4.18368 4.19545 4.20728 4.2191 4.23083 4.24242 4.25379 4.26487 4.2756 4.2859 4.29572 4.30499 4.31365 4.32165 4.32894 4.33547 4.34121 4.3461 4.35013 4.35327 4.35549 4.35679 4.35716 4.35659 4.35509 4.35267 4.34934 4.34513 4.34006 4.33416 4.32748 4.32006 4.31194 4.30318 4.29383 4.28396 4.27362 4.26289 4.25183 4.24052 4.22901 4.21738 4.2057 4.19403 4.18244 4.17099 4.15975 4.14875 4.13806 4.12772 4.11776 4.10822 4.09914 4.09053 4.0824 4.07479 4.06768 4.06109 4.05501 4.04944 4.04437 4.03979 4.03569 4.03206 4.02887 4.02612 4.02378 4.02186 4.02033 4.01918 4.0184 4.018 
4.01219 4.01253 4.01327 4.0144 4.01595 4.01791 4.0203 4.02314 4.02643 4.0302 4.03445 4.03922 4.0445 4.05031 4.05667 4.06357 4.07102 4.07903 4.08758 4.09666 4.10626 4.11636 4.12692 4.13791 4.14929 4.16102 4.17305 4.18531 4.19775 4.21031 4.22291 4.23549 4.24798 4.2603 4.27238 4.28414 4.29552 4.30645 4.31685 4.32667 4.33584 4.3443 4.35201 4.35891 4.36497 4.37014 4.37439 4.3777 4.38005 4.38142 4.3818 4.3812 4.37961 4.37705 4.37353 4.36908 4.36372 4.35748 4.35041 4.34255 4.33395 4.32467 4.31476 4.30429 4.29332 4.28192 4.27017 4.25813 4.24589 4.2335 4.22105 4.20861 4.19624 4.18401 4.17199 4.16023 4.14878 4.1377 4.12702 4.11679 4.10704 4.09778 4.08904 4.08084 4.07319 4.06608 4.05952 4.05351 4.04803 4.04307 4.03863 4.03469 4.03123 4.02824 4.0257 4.0236 4.02193 4.02067 4.01982 4.01937 
4.0136 4.01395 4.01474 4.01595 4.01761 4.01972 4.02229 4.02534 4.02889 4.03295 4.03753 4.04265 4.04833 4.05458 4.06141 4.06882 4.07682 4.08541 4.09457 4.1043 4.11458 4.12537 4.13666 4.1484 4.16054 4.17305 4.18586 4.19891 4.21214 4.22549 4.23887 4.25222 4.26546 4.27851 4.2913 4.30375 4.31578 4.32733 4.33831 4.34867 4.35834 4.36727 4.37539 4.38266 4.38904 4.39448 4.39896 4.40244 4.40491 4.40635 4.40675 4.40611 4.40444 4.40174 4.39804 4.39334 4.38769 4.38112 4.37367 4.36537 4.3563 4.3465 4.33603 4.32496 4.31336 4.30129 4.28885 4.27609 4.2631 4.24996 4.23673 4.22351 4.21035 4.19734 4.18453 4.17199 4.15978 4.14795 4.13654 4.1256 4.11516 4.10524 4.09588 4.08708 4.07887 4.07123 4.06418 4.0577 4.0518 4.04646 4.04167 4.03741 4.03367 4.03044 4.02769 4.02541 4.0236 4.02223 4.02129 4.02079 
4.01505 4.01543 4.01626 4.01756 4.01933 4.02159 4.02435 4.02763 4.03143 4.03578 4.0407 4.04619 4.05228 4.05898 4.06629 4.07422 4.08278 4.09196 4.10175 4.11213 4.12309 4.1346 4.14662 4.15911 4.17202 4.18531 4.19891 4.21276 4.22678 4.24092 4.25508 4.2692 4.28319 4.29698 4.31047 4.3236 4.33628 4.34844 4.36 4.3709 4.38107 4.39044 4.39897 4.40661 4.4133 4.41901 4.4237 4.42736 4.42994 4.43145 4.43187 4.4312 4.42945 4.42662 4.42273 4.4178 4.41187 4.40496 4.39713 4.38841 4.37887 4.36855 4.35753 4.34587 4.33364 4.32091 4.30777 4.2943 4.28057 4.26667 4.25267 4.23866 4.22471 4.21091 4.19731 4.18399 4.171 4.15841 4.14626 4.1346 4.12347 4.11289 4.10289 4.09348 4.08469 4.07651 4.06896 4.06202 4.05568 4.04995 4.0448 4.04022 4.03619 4.03271 4.02974 4.02728 4.02532 4.02383 4.02282 4.02227 
4.01655 4.01694 4.01783 4.01921 4.02111 4.02352 4.02647 4.02998 4.03404 4.0387 4.04395 4.04982 4.05633 4.06348 4.07128 4.07975 4.08887 4.09865 4.10907 4.12011 4.13176 4.14399 4.15674 4.16999 4.18368 4.19775 4.21214 4.22678 4.24161 4.25653 4.27147 4.28635 4.30109 4.3156 4.32979 4.34359 4.35691 4.36967 4.3818 4.39323 4.40388 4.41371 4.42264 4.43063 4.43763 4.4436 4.44851 4.45232 4.45503 4.45661 4.45704 4.45634 4.45451 4.45155 4.44748 4.44232 4.43611 4.42889 4.42068 4.41155 4.40154 4.39072 4.37915 4.36691 4.35406 4.34068 4.32685 4.31267 4.2982 4.28354 4.26878 4.25399 4.23925 4.22465 4.21026 4.19616 4.1824 4.16904 4.15615 4.14376 4.13193 4.12067 4.11003 4.10001 4.09063 4.08191 4.07384 4.06643 4.05965 4.05352 4.048 4.04309 4.03878 4.03503 4.03185 4.0292 4.02709 4.02548 4.02439 4.02379 
4.01809 4.01849 4.01943 4.02091 4.02292 4.0255 4.02864 4.03238 4.03671 4.04167 4.04727 4.05353 4.06046 4.06806 4.07637 4.08536 4.09506 4.10544 4.11649 4.12821 4.14055 4.15349 4.16699 4.18099 4.19545 4.21031 4.22549 4.24092 4.25653 4.27223 4.28794 4.30358 4.31905 4.33428 4.34916 4.36361 4.37756 4.39092 4.4036 4.41554 4.42668 4.43693 4.44625 4.45459 4.46189 4.46812 4.47323 4.47721 4.48003 4.48167 4.48213 4.4814 4.47949 4.4764 4.47216 4.46678 4.46031 4.45276 4.4442 4.43466 4.4242 4.41289 4.40079 4.38797 4.37451 4.36049 4.34599 4.3311 4.31591 4.30051 4.28498 4.26941 4.25389 4.2385 4.22333 4.20844 4.1939 4.17979 4.16615 4.15303 4.14049 4.12856 4.11727 4.10663 4.09667 4.0874 4.07881 4.07091 4.0637 4.05715 4.05127 4.04603 4.04141 4.03741 4.034 4.03117 4.02889 4.02717 4.02599 4.02534 
4.01965 4.02008 4.02107 4.02263 4.02477 4.02751 4.03085 4.03482 4.03943 4.0447 4.05065 4.05729 4.06464 4.07271 4.08151 4.09104 4.10131 4.11229 4.12399 4.13637 4.1494 4.16306 4.1773 4.19206 4.20728 4.22291 4.23887 4.25508 4.27147 4.28794 4.30442 4.3208 4.33699 4.35291 4.36847 4.38357 4.39813 4.41206 4.42529 4.43773 4.44932 4.46 4.4697 4.47837 4.48596 4.49243 4.49775 4.50189 4.50481 4.50652 4.507 4.50624 4.50425 4.50105 4.49664 4.49105 4.48432 4.47647 4.46756 4.45762 4.44673 4.43494 4.42232 4.40894 4.39489 4.38024 4.36508 4.34951 4.3336 4.31747 4.30118 4.28485 4.26856 4.25239 4.23643 4.22076 4.20546 4.19058 4.1762 4.16237 4.14912 4.13651 4.12457 4.11331 4.10277 4.09294 4.08383 4.07545 4.06779 4.06084 4.05458 4.049 4.04409 4.03982 4.03619 4.03316 4.03074 4.0289 4.02763 4.02693 
4.02124 4.02168 4.02273 4.02438 4.02665 4.02955 4.03309 4.03729 4.04217 4.04775 4.05405 4.06108 4.06886 4.07739 4.08669 4.09676 4.10759 4.11918 4.13151 4.14455 4.15828 4.17264 4.18761 4.20311 4.2191 4.23549 4.25222 4.2692 4.28635 4.30358 4.3208 4.3379 4.3548 4.37141 4.38762 4.40334 4.41849 4.43299 4.44674 4.45967 4.4717 4.48279 4.49285 4.50184 4.50971 4.51642 4.52193 4.52622 4.52925 4.53102 4.53151 4.53073 4.52868 4.52536 4.52079 4.515 4.50802 4.49988 4.49063 4.48032 4.46901 4.45676 4.44363 4.42972 4.41509 4.39983 4.38403 4.36778 4.35118 4.33432 4.31731 4.30022 4.28317 4.26623 4.24951 4.23307 4.217 4.20138 4.18626 4.17171 4.15777 4.14448 4.13189 4.12002 4.10889 4.09851 4.08888 4.08002 4.07191 4.06455 4.05792 4.052 4.04679 4.04226 4.0384 4.03518 4.0326 4.03064 4.02929 4.02854 
4.02284 4.0233 4.0244 4.02615 4.02854 4.0316 4.03534 4.03978 4.04493 4.05082 4.05747 4.06488 4.07308 4.08208 4.09187 4.10248 4.11387 4.12606 4.13901 4.15271 4.16711 4.18218 4.19787 4.21411 4.23083 4.24798 4.26546 4.28319 4.30109 4.31905 4.33699 4.3548 4.37239 4.38965 4.4065 4.42283 4.43855 4.45358 4.46784 4.48123 4.4937 4.50517 4.51558 4.52488 4.53302 4.53995 4.54565 4.55007 4.55321 4.55504 4.55555 4.55475 4.55263 4.5492 4.54448 4.5385 4.53128 4.52286 4.5133 4.50263 4.49091 4.47822 4.46461 4.45018 4.43499 4.41914 4.40272 4.38582 4.36855 4.35099 4.33326 4.31544 4.29764 4.27996 4.26247 4.24529 4.22847 4.21211 4.19627 4.181 4.16637 4.15243 4.1392 4.12671 4.115 4.10407 4.09393 4.08459 4.07604 4.06826 4.06126 4.05501 4.0495 4.04471 4.04062 4.03721 4.03448 4.03239 4.03096 4.03016 
4.02444 4.02493 4.02608 4.02791 4.03043 4.03365 4.03759 4.04226 4.04769 4.05389 4.06088 4.06867 4.07729 4.08674 4.09703 4.10816 4.12011 4.13289 4.14646 4.1608 4.17587 4.19162 4.20801 4.22497 4.24242 4.2603 4.27851 4.29698 4.3156 4.33428 4.35291 4.37141 4.38965 4.40756 4.42501 4.44192 4.45819 4.47374 4.48847 4.50231 4.51519 4.52703 4.53777 4.54736 4.55575 4.5629 4.56877 4.57334 4.57657 4.57846 4.57899 4.57816 4.57598 4.57245 4.56759 4.56143 4.55399 4.54531 4.53544 4.52442 4.51232 4.49921 4.48514 4.47021 4.45449 4.43808 4.42106 4.40353 4.38561 4.36737 4.34894 4.33042 4.3119 4.29348 4.27526 4.25734 4.2398 4.22271 4.20616 4.1902 4.1749 4.16029 4.14644 4.13335 4.12107 4.1096 4.09895 4.08913 4.08014 4.07197 4.06459 4.05801 4.0522 4.04715 4.04284 4.03924 4.03635 4.03415 4.03263 4.03178 
4.02604 4.02654 4.02775 4.02967 4.03231 4.03569 4.03983 4.04473 4.05042 4.05693 4.06425 4.07243 4.08146 4.09136 4.10212 4.11376 4.12627 4.13962 4.15379 4.16876 4.18448 4.20091 4.21798 4.23563 4.25379 4.27238 4.2913 4.31047 4.32979 4.34916 4.36847 4.38762 4.4065 4.42501 4.44305 4.46051 4.47731 4.49335 4.50853 4.5228 4.53606 4.54825 4.5593 4.56917 4.5778 4.58515 4.59119 4.59588 4.59921 4.60115 4.6017 4.60085 4.59861 4.59499 4.59 4.58366 4.57602 4.56709 4.55693 4.5456 4.53314 4.51962 4.50512 4.48971 4.47348 4.45653 4.43894 4.42081 4.40226 4.38338 4.36428 4.34507 4.32585 4.30673 4.2878 4.26916 4.25091 4.23312 4.21588 4.19924 4.18328 4.16804 4.15357 4.1399 4.12705 4.11505 4.10391 4.09362 4.0842 4.07563 4.06789 4.06098 4.05488 4.04958 4.04504 4.04126 4.03821 4.0359 4.03429 4.03339 
4.02761 4.02814 4.0294 4.03141 4.03417 4.03771 4.04203 4.04716 4.05312 4.05992 4.06758 4.07612 4.08555 4.09589 4.10713 4.11927 4.1323 4.14621 4.16097 4.17655 4.1929 4.20997 4.22771 4.24603 4.26487 4.28414 4.30375 4.3236 4.34359 4.36361 4.38357 4.40334 4.42283 4.44192 4.46051 4.4785 4.4958 4.5123 4.52792 4.54258 4.5562 4.56872 4.58007 4.5902 4.59905 4.6066 4.61279 4.6176 4.62101 4.62301 4.62357 4.62271 4.62042 4.61671 4.61159 4.6051 4.59726 4.5881 4.57768 4.56604 4.55323 4.53934 4.52443 4.50857 4.49187 4.4744 4.45626 4.43757 4.41841 4.39891 4.37917 4.35931 4.33942 4.31962 4.30001 4.28068 4.26175 4.24328 4.22537 4.20808 4.19148 4.17562 4.16055 4.1463 4.13291 4.1204 4.10877 4.09803 4.08818 4.07922 4.07114 4.06391 4.05752 4.05196 4.04721 4.04324 4.04005 4.03762 4.03593 4.03499 
4.02916 4.02971 4.03102 4.03311 4.036 4.03969 4.0442 4.04955 4.05575 4.06284 4.07083 4.07973 4.08955 4.10031 4.112 4.12462 4.13817 4.15262 4.16795 4.18411 4.20107 4.21877 4.23714 4.25611 4.2756 4.29552 4.31578 4.33628 4.35691 4.37756 4.39813 4.41849 4.43855 4.45819 4.47731 4.4958 4.51355 4.53049 4.54652 4.56155 4.57551 4.58834 4.59996 4.61033 4.6194 4.62712 4.63346 4.63838 4.64187 4.64392 4.6445 4.64362 4.64128 4.63749 4.63227 4.62563 4.6176 4.60823 4.59756 4.58563 4.57252 4.55827 4.54297 4.52669 4.50953 4.49158 4.47294 4.4537 4.43398 4.41389 4.39354 4.37305 4.35252 4.33207 4.31181 4.29183 4.27224 4.25312 4.23457 4.21665 4.19943 4.18297 4.16733 4.15253 4.13861 4.1256 4.1135 4.10232 4.09207 4.08273 4.0743 4.06676 4.0601 4.0543 4.04933 4.04519 4.04186 4.03931 4.03755 4.03655 
4.03067 4.03123 4.0326 4.03477 4.03777 4.04161 4.0463 4.05186 4.05831 4.06568 4.07398 4.08322 4.09342 4.10458 4.11671 4.1298 4.14384 4.15881 4.17468 4.1914 4.20894 4.22723 4.24621 4.26579 4.2859 4.30645 4.32733 4.34844 4.36967 4.39092 4.41206 4.43299 4.45358 4.47374 4.49335 4.5123 4.53049 4.54783 4.56424 4.57962 4.5939 4.60701 4.61889 4.62948 4.63874 4.64662 4.6531 4.65813 4.66169 4.66378 4.66438 4.66349 4.66111 4.65725 4.65192 4.64514 4.63695 4.62739 4.61648 4.6043 4.59088 4.57631 4.56065 4.54398 4.5264 4.50799 4.48886 4.46912 4.44887 4.42823 4.4073 4.38622 4.36509 4.34402 4.32314 4.30254 4.28232 4.26258 4.24342 4.2249 4.20709 4.19006 4.17387 4.15854 4.14412 4.13063 4.11808 4.10648 4.09583 4.08613 4.07737 4.06953 4.0626 4.05656 4.0514 4.04708 4.04361 4.04095 4.03911 4.03808 
4.03212 4.0327 4.03412 4.03637 4.03948 4.04346 4.04832 4.05409 4.06078 4.06841 4.077 4.08657 4.09713 4.10868 4.12123 4.13476 4.14927 4.16473 4.18111 4.19837 4.21646 4.23531 4.25486 4.27502 4.29572 4.31685 4.33831 4.36 4.3818 4.4036 4.42529 4.44674 4.46784 4.48847 4.50853 4.52792 4.54652 4.56424 4.58099 4.59669 4.61126 4.62464 4.63675 4.64755 4.65699 4.66502 4.67162 4.67674 4.68038 4.68251 4.68313 4.68223 4.6798 4.67588 4.67045 4.66356 4.65522 4.64547 4.63435 4.62193 4.60824 4.59336 4.57737 4.56034 4.54237 4.52354 4.50396 4.48374 4.463 4.44183 4.42037 4.39873 4.37704 4.35539 4.33392 4.31273 4.29193 4.27161 4.25186 4.23277 4.21441 4.19684 4.18012 4.16429 4.14939 4.13544 4.12246 4.11046 4.09944 4.08939 4.08032 4.07219 4.06501 4.05874 4.05338 4.04891 4.0453 4.04254 4.04063 4.03955 
4.03352 4.03411 4.03557 4.0379 4.04112 4.04523 4.05025 4.05621 4.06313 4.07101 4.07989 4.08977 4.10066 4.11258 4.12552 4.13947 4.15442 4.17035 4.18721 4.20497 4.22357 4.24295 4.26304 4.28375 4.30499 4.32667 4.34867 4.3709 4.39323 4.41554 4.43773 4.45967 4.48123 4.50231 4.5228 4.54258 4.56155 4.57962 4.59669 4.61268 4.62752 4.64114 4.65347 4.66446 4.67406 4.68223 4.68894 4.69415 4.69785 4.70002 4.70065 4.69974 4.69729 4.6933 4.68779 4.68078 4.67231 4.66239 4.65109 4.63844 4.6245 4.60935 4.59305 4.57569 4.55735 4.53814 4.51815 4.49749 4.47628 4.45464 4.43268 4.41052 4.3883 4.36612 4.3441 4.32236 4.301 4.28013 4.25984 4.24022 4.22133 4.20326 4.18604 4.16974 4.15439 4.14001 4.12662 4.11424 4.10286 4.09249 4.08312 4.07473 4.0673 4.06082 4.05528 4.05065 4.04691 4.04406 4.04207 4.04095 
4.03483 4.03545 4.03695 4.03935 4.04266 4.0469 4.05208 4.05822 4.06534 4.07346 4.0826 4.09277 4.10399 4.11625 4.12955 4.14389 4.15926 4.17561 4.19293 4.21115 4.23023 4.2501 4.27069 4.2919 4.31365 4.33584 4.35834 4.38107 4.40388 4.42668 4.44932 4.4717 4.4937 4.51519 4.53606 4.5562 4.57551 4.5939 4.61126 4.62752 4.6426 4.65644 4.66896 4.68012 4.68987 4.69817 4.70497 4.71027 4.71403 4.71624 4.71688 4.71596 4.71348 4.70943 4.70385 4.69674 4.68814 4.67808 4.6666 4.65376 4.6396 4.62419 4.60762 4.58995 4.57128 4.55171 4.53135 4.51029 4.48866 4.46657 4.44415 4.42152 4.3988 4.37612 4.3536 4.33135 4.30949 4.28811 4.26731 4.24719 4.22782 4.20927 4.1916 4.17485 4.15908 4.1443 4.13053 4.11779 4.10609 4.09541 4.08576 4.07711 4.06946 4.06278 4.05707 4.05229 4.04843 4.04549 4.04344 4.04228 
4.03606 4.03669 4.03824 4.04071 4.04411 4.04846 4.05378 4.06009 4.06741 4.07575 4.08513 4.09557 4.10707 4.11965 4.1333 4.148 4.16374 4.18049 4.19822 4.21688 4.2364 4.25672 4.27777 4.29944 4.32165 4.3443 4.36727 4.39044 4.41371 4.43693 4.46 4.48279 4.50517 4.52703 4.54825 4.56872 4.58834 4.60701 4.62464 4.64114 4.65644 4.67047 4.68317 4.69448 4.70436 4.71277 4.71967 4.72504 4.72885 4.73109 4.73174 4.73082 4.72831 4.72422 4.71857 4.71137 4.70266 4.69247 4.68084 4.66781 4.65345 4.63782 4.62099 4.60305 4.58409 4.5642 4.54348 4.52206 4.50005 4.47756 4.45472 4.43165 4.40849 4.38536 4.36237 4.33966 4.31732 4.29548 4.27422 4.25364 4.23382 4.21484 4.19674 4.17959 4.16343 4.14828 4.13416 4.1211 4.10908 4.09813 4.08821 4.07933 4.07147 4.06461 4.05873 4.05382 4.04986 4.04683 4.04472 4.04353 
4.0372 4.03784 4.03943 4.04195 4.04544 4.0499 4.05535 4.06181 4.0693 4.07784 4.08745 4.09813 4.10991 4.12277 4.13672 4.15175 4.16784 4.18496 4.20306 4.22211 4.24203 4.26276 4.28422 4.30631 4.32894 4.35201 4.37539 4.39897 4.42264 4.44625 4.4697 4.49285 4.51558 4.53777 4.5593 4.58007 4.59996 4.61889 4.63675 4.65347 4.66896 4.68317 4.69602 4.70747 4.71747 4.72597 4.73296 4.73839 4.74224 4.74451 4.74518 4.74425 4.74172 4.73759 4.73188 4.72461 4.7158 4.70549 4.69372 4.68054 4.66599 4.65016 4.63311 4.61493 4.5957 4.57552 4.5545 4.53275 4.51039 4.48754 4.46432 4.44087 4.4173 4.39376 4.37036 4.34722 4.32446 4.3022 4.28052 4.25953 4.2393 4.21992 4.20144 4.18392 4.1674 4.15192 4.13748 4.12412 4.11183 4.10061 4.09047 4.08137 4.07332 4.06629 4.06027 4.05523 4.05117 4.04806 4.0459 4.04468 
4.03823 4.03889 4.0405 4.04308 4.04665 4.0512 4.05677 4.06337 4.07102 4.07974 4.08954 4.10045 4.11246 4.12558 4.13981 4.15514 4.17153 4.18897 4.20741 4.2268 4.24708 4.26818 4.29 4.31247 4.33547 4.35891 4.38266 4.40661 4.43063 4.45459 4.47837 4.50184 4.52488 4.54736 4.56917 4.5902 4.61033 4.62948 4.64755 4.66446 4.68012 4.69448 4.70747 4.71904 4.72914 4.73773 4.74479 4.75027 4.75417 4.75646 4.75715 4.75621 4.75366 4.74949 4.74373 4.73639 4.7275 4.71709 4.7052 4.69188 4.67718 4.66117 4.64392 4.62552 4.60606 4.58563 4.56434 4.5423 4.51963 4.49646 4.47291 4.44911 4.42519 4.40128 4.37751 4.354 4.33086 4.30822 4.28617 4.26481 4.24422 4.22449 4.20567 4.18782 4.17098 4.15519 4.14048 4.12684 4.1143 4.10286 4.0925 4.08321 4.07499 4.06781 4.06165 4.05651 4.05235 4.04918 4.04697 4.04572 
4.03915 4.03981 4.04146 4.04409 4.04772 4.05236 4.05803 4.06475 4.07254 4.08142 4.0914 4.10249 4.11472 4.12806 4.14253 4.15812 4.17478 4.1925 4.21124 4.23093 4.25152 4.27294 4.29508 4.31787 4.34121 4.36497 4.38904 4.4133 4.43763 4.46189 4.48596 4.50971 4.53302 4.55575 4.5778 4.59905 4.6194 4.63874 4.65699 4.67406 4.68987 4.70436 4.71747 4.72914 4.73933 4.748 4.75511 4.76065 4.76458 4.7669 4.76759 4.76665 4.76408 4.75988 4.75408 4.74668 4.73772 4.72722 4.71523 4.70178 4.68695 4.67079 4.65337 4.63479 4.61512 4.59447 4.57294 4.55066 4.52772 4.50427 4.48043 4.45633 4.4321 4.40788 4.38378 4.35994 4.33648 4.31351 4.29113 4.26945 4.24855 4.22851 4.20939 4.19125 4.17413 4.15808 4.14311 4.12925 4.11649 4.10484 4.09429 4.08484 4.07647 4.06915 4.06288 4.05764 4.05341 4.05017 4.04792 4.04664 
4.03994 4.04062 4.04229 4.04496 4.04864 4.05336 4.05912 4.06594 4.07385 4.08286 4.09299 4.10425 4.11665 4.1302 4.14487 4.16067 4.17757 4.19553 4.21452 4.23447 4.25532 4.27701 4.29943 4.32249 4.3461 4.37014 4.39448 4.41901 4.4436 4.46812 4.49243 4.51642 4.53995 4.5629 4.58515 4.6066 4.62712 4.64662 4.66502 4.68223 4.69817 4.71277 4.72597 4.73773 4.748 4.75673 4.7639 4.76947 4.77343 4.77577 4.77647 4.77553 4.77294 4.76873 4.76288 4.75544 4.74641 4.73584 4.72376 4.71022 4.69527 4.67898 4.66142 4.64268 4.62284 4.602 4.58028 4.55778 4.53462 4.51093 4.48685 4.46249 4.438 4.41351 4.38914 4.36502 4.34128 4.31803 4.29538 4.27342 4.25225 4.23194 4.21257 4.19418 4.17683 4.16056 4.14538 4.13131 4.11837 4.10654 4.09584 4.08624 4.07774 4.07031 4.06395 4.05862 4.05432 4.05103 4.04874 4.04744 
4.0406 4.04129 4.04298 4.04569 4.04942 4.05419 4.06002 4.06693 4.07494 4.08406 4.09431 4.10571 4.11826 4.13196 4.14681 4.16278 4.17987 4.19803 4.21722 4.23739 4.25846 4.28036 4.30301 4.3263 4.35013 4.37439 4.39896 4.4237 4.44851 4.47323 4.49775 4.52193 4.54565 4.56877 4.59119 4.61279 4.63346 4.6531 4.67162 4.68894 4.70497 4.71967 4.73296 4.74479 4.75511 4.7639 4.77111 4.77671 4.7807 4.78305 4.78376 4.78282 4.78022 4.77598 4.77011 4.76262 4.75355 4.74292 4.73076 4.71714 4.70209 4.6857 4.66803 4.64915 4.62917 4.60819 4.5863 4.56362 4.54029 4.51641 4.49212 4.46755 4.44285 4.41813 4.39354 4.3692 4.34523 4.32175 4.29887 4.27669 4.2553 4.23478 4.21519 4.19661 4.17907 4.1626 4.14725 4.13302 4.11992 4.10796 4.09712 4.08741 4.0788 4.07128 4.06483 4.05944 4.05508 4.05175 4.04943 4.04811 
4.04113 4.04183 4.04353 4.04626 4.05003 4.05485 4.06074 4.06772 4.0758 4.08501 4.09536 4.10686 4.11952 4.13334 4.14832 4.16444 4.18167 4.19999 4.21933 4.23966 4.2609 4.28297 4.30579 4.32926 4.35327 4.3777 4.40244 4.42736 4.45232 4.47721 4.50189 4.52622 4.55007 4.57334 4.59588 4.6176 4.63838 4.65813 4.67674 4.69415 4.71027 4.72504 4.73839 4.75027 4.76065 4.76947 4.77671 4.78235 4.78636 4.78872 4.78943 4.78849 4.78588 4.78163 4.77573 4.76821 4.7591 4.74842 4.73621 4.72252 4.7074 4.69093 4.67316 4.65419 4.6341 4.61299 4.59098 4.56817 4.54469 4.52066 4.49622 4.47149 4.44662 4.42173 4.39697 4.37245 4.3483 4.32465 4.30159 4.27924 4.25768 4.23699 4.21725 4.1985 4.18081 4.16421 4.14872 4.13436 4.12114 4.10907 4.09813 4.08833 4.07964 4.07204 4.06553 4.06008 4.05568 4.05232 4.04997 4.04864 
4.04152 4.04222 4.04394 4.04669 4.05048 4.05533 4.06126 4.06829 4.07642 4.08569 4.09611 4.10769 4.12043 4.13434 4.14941 4.16562 4.18296 4.20138 4.22084 4.24128 4.26264 4.28483 4.30777 4.33136 4.35549 4.38005 4.40491 4.42994 4.45503 4.48003 4.50481 4.52925 4.55321 4.57657 4.59921 4.62101 4.64187 4.66169 4.68038 4.69785 4.71403 4.72885 4.74224 4.75417 4.76458 4.77343 4.7807 4.78636 4.79038 4.79275 4.79347 4.79252 4.78991 4.78564 4.77973 4.77219 4.76304 4.75233 4.74008 4.72634 4.71117 4.69463 4.6768 4.65776 4.63759 4.6164 4.59429 4.57139 4.54781 4.52367 4.49912 4.47428 4.44929 4.42428 4.39939 4.37475 4.35048 4.32671 4.30353 4.28105 4.25937 4.23857 4.21871 4.19986 4.18206 4.16535 4.14977 4.13532 4.12202 4.10987 4.09886 4.08899 4.08024 4.0726 4.06604 4.06056 4.05613 4.05274 4.05038 4.04904 
4.04177 4.04247 4.04419 4.04696 4.05076 4.05563 4.06159 4.06864 4.07681 4.08611 4.09657 4.10819 4.12098 4.13494 4.15006 4.16633 4.18372 4.20221 4.22173 4.24224 4.26366 4.28592 4.30893 4.33259 4.35679 4.38142 4.40635 4.43145 4.45661 4.48167 4.50652 4.53102 4.55504 4.57846 4.60115 4.62301 4.64392 4.66378 4.68251 4.70002 4.71624 4.73109 4.74451 4.75646 4.7669 4.77577 4.78305 4.78872 4.79275 4.79513 4.79585 4.7949 4.79228 4.78801 4.78208 4.77453 4.76536 4.75463 4.74235 4.72858 4.71338 4.6968 4.67893 4.65984 4.63963 4.61839 4.59623 4.57327 4.54962 4.52543 4.50081 4.4759 4.45084 4.42577 4.40081 4.3761 4.35176 4.32791 4.30466 4.28211 4.26036 4.23949 4.21957 4.20065 4.1828 4.16603 4.15039 4.13589 4.12255 4.11035 4.0993 4.0894 4.08061 4.07294 4.06636 4.06085 4.0564 4.053 4.05063 4.04928 
