3.19806 3.19828 3.19851 3.19875 3.199 3.19926 3.19952 3.1998 3.20008 3.20038 3.20068 3.20101 3.20135 3.20171 3.20209 3.2025 3.20294 3.20341 3.20392 3.20447 3.20506 3.20569 3.20637 3.20709 3.20786 3.20868 3.20954 3.21045 3.2114 3.21238 3.2134 3.21445 3.21552 3.21661 3.21771 3.2188 3.21989 3.22096 3.222 3.223 3.22396 3.22486 3.2257 3.22646 3.22715 3.22774 3.22824 3.22865 3.22895 3.22914 3.22922 3.2292 3.22906 3.22882 3.22847 3.22802 3.22748 3.22685 3.22613 3.22534 3.22449 3.22357 3.22261 3.22161 3.22058 3.21952 3.21846 3.2174 3.21634 3.21529 3.21427 3.21328 3.21232 3.2114 3.21053 3.20971 3.20893 3.20822 3.20756 3.20695 3.20641 3.20592 3.20549 3.20512 3.2048 3.20453 3.20432 3.20415 3.20403 3.20395 3.20391 3.20391 3.20395 3.20401 3.2041 3.20422 3.20437 3.20453 3.20471 3.2049 
3.19828 3.1985 3.19873 3.19897 3.19922 3.19948 3.19974 3.20002 3.2003 3.2006 3.20091 3.20123 3.20157 3.20193 3.20232 3.20273 3.20317 3.20365 3.20416 3.20471 3.20531 3.20595 3.20663 3.20736 3.20814 3.20897 3.20985 3.21077 3.21173 3.21273 3.21377 3.21484 3.21592 3.21703 3.21814 3.21925 3.22036 3.22144 3.2225 3.22352 3.2245 3.22541 3.22626 3.22704 3.22774 3.22834 3.22885 3.22926 3.22957 3.22976 3.22984 3.22982 3.22968 3.22943 3.22908 3.22862 3.22807 3.22743 3.2267 3.2259 3.22503 3.2241 3.22312 3.2221 3.22105 3.21998 3.2189 3.21782 3.21674 3.21568 3.21464 3.21363 3.21266 3.21173 3.21084 3.21001 3.20923 3.2085 3.20783 3.20722 3.20667 3.20617 3.20574 3.20536 3.20504 3.20477 3.20455 3.20438 3.20426 3.20418 3.20414 3.20413 3.20417 3.20423 3.20433 3.20444 3.20459 3.20475 3.20493 3.20512 
3.19851 3.19873 3.19897 3.19921 3.19946 3.19971 3.19998 3.20026 3.20055 3.20085 3.20117 3.2015 3.20185 3.20222 3.20262 3.20305 3.20351 3.204 3.20454 3.20511 3.20573 3.2064 3.20712 3.20788 3.2087 3.20957 3.21049 3.21145 3.21246 3.21351 3.2146 3.21571 3.21686 3.21801 3.21918 3.22035 3.2215 3.22264 3.22375 3.22482 3.22584 3.2268 3.22769 3.2285 3.22923 3.22986 3.2304 3.23082 3.23114 3.23134 3.23143 3.2314 3.23125 3.23099 3.23062 3.23014 3.22956 3.22889 3.22812 3.22728 3.22637 3.22539 3.22437 3.2233 3.2222 3.22108 3.21994 3.21881 3.21768 3.21657 3.21548 3.21442 3.2134 3.21242 3.21149 3.21062 3.20979 3.20903 3.20833 3.20768 3.2071 3.20658 3.20612 3.20572 3.20538 3.20509 3.20486 3.20468 3.20454 3.20445 3.2044 3.20439 3.20442 3.20448 3.20457 3.20468 3.20482 3.20498 3.20516 3.20535 
3.19875 3.19897 3.19921 3.19945 3.1997 3.19997 3.20024 3.20052 3.20082 3.20113 3.20146 3.20181 3.20218 3.20257 3.203 3.20345 3.20394 3.20447 3.20505 3.20566 3.20633 3.20705 3.20782 3.20865 3.20953 3.21047 3.21146 3.2125 3.21359 3.21473 3.2159 3.2171 3.21833 3.21958 3.22084 3.2221 3.22334 3.22456 3.22576 3.22691 3.228 3.22903 3.22999 3.23086 3.23164 3.23232 3.23289 3.23335 3.23369 3.2339 3.23399 3.23396 3.2338 3.23352 3.23311 3.2326 3.23197 3.23125 3.23042 3.22952 3.22853 3.22748 3.22637 3.22522 3.22404 3.22283 3.22161 3.22038 3.21917 3.21797 3.21679 3.21565 3.21455 3.21349 3.21249 3.21154 3.21065 3.20982 3.20905 3.20836 3.20772 3.20716 3.20665 3.20621 3.20584 3.20552 3.20525 3.20505 3.20489 3.20478 3.20471 3.20469 3.2047 3.20475 3.20483 3.20494 3.20507 3.20523 3.2054 3.20559 
3.199 3.19922 3.19946 3.1997 3.19996 3.20023 3.20051 3.20081 3.20112 3.20145 3.2018 3.20217 3.20257 3.20299 3.20345 3.20395 3.20448 3.20507 3.20569 3.20638 3.20711 3.20791 3.20876 3.20967 3.21065 3.21169 3.21278 3.21393 3.21514 3.21639 3.21769 3.21902 3.22038 3.22175 3.22314 3.22452 3.22589 3.22724 3.22855 3.22981 3.23101 3.23214 3.23319 3.23415 3.235 3.23574 3.23637 3.23686 3.23723 3.23746 3.23756 3.23752 3.23734 3.23703 3.23659 3.23602 3.23533 3.23452 3.23362 3.23262 3.23154 3.23038 3.22916 3.22789 3.22659 3.22526 3.22391 3.22256 3.22122 3.21989 3.2186 3.21733 3.21611 3.21494 3.21383 3.21278 3.21179 3.21087 3.21002 3.20924 3.20853 3.2079 3.20733 3.20683 3.2064 3.20604 3.20573 3.20549 3.2053 3.20516 3.20507 3.20502 3.20502 3.20505 3.20512 3.20522 3.20534 3.20549 3.20566 3.20584 
3.19926 3.19948 3.19971 3.19997 3.20023 3.20051 3.20081 3.20112 3.20145 3.2018 3.20218 3.20258 3.20301 3.20348 3.20399 3.20454 3.20514 3.20579 3.20649 3.20726 3.20809 3.20898 3.20994 3.21097 3.21207 3.21324 3.21447 3.21577 3.21712 3.21853 3.21999 3.22148 3.22301 3.22455 3.2261 3.22765 3.22918 3.23069 3.23215 3.23356 3.2349 3.23616 3.23733 3.23839 3.23934 3.24016 3.24086 3.24141 3.24181 3.24207 3.24217 3.24212 3.24192 3.24157 3.24107 3.24043 3.23966 3.23876 3.23775 3.23663 3.23542 3.23412 3.23276 3.23134 3.22988 3.22839 3.22688 3.22536 3.22386 3.22237 3.22091 3.21949 3.21812 3.2168 3.21555 3.21436 3.21324 3.2122 3.21123 3.21035 3.20954 3.20881 3.20816 3.20759 3.20709 3.20666 3.2063 3.20601 3.20577 3.2056 3.20547 3.2054 3.20537 3.20538 3.20543 3.20551 3.20562 3.20576 3.20592 3.2061 
3.19952 3.19974 3.19998 3.20024 3.20051 3.20081 3.20112 3.20145 3.20181 3.20219 3.2026 3.20304 3.20352 3.20405 3.20462 3.20523 3.20591 3.20665 3.20745 3.20832 3.20926 3.21028 3.21138 3.21256 3.21381 3.21514 3.21655 3.21803 3.21957 3.22117 3.22283 3.22453 3.22626 3.22801 3.22977 3.23152 3.23325 3.23495 3.23661 3.2382 3.23971 3.24113 3.24244 3.24364 3.2447 3.24563 3.2464 3.24702 3.24747 3.24775 3.24786 3.2478 3.24757 3.24717 3.2466 3.24588 3.24501 3.24399 3.24284 3.24158 3.24021 3.23874 3.2372 3.2356 3.23394 3.23225 3.23054 3.22882 3.22711 3.22542 3.22376 3.22215 3.22058 3.21908 3.21765 3.21629 3.21501 3.21382 3.21271 3.21169 3.21076 3.20992 3.20916 3.20849 3.2079 3.2074 3.20697 3.20661 3.20632 3.20609 3.20592 3.20581 3.20575 3.20573 3.20576 3.20582 3.20591 3.20604 3.20619 3.20637 
3.1998 3.20002 3.20026 3.20052 3.20081 3.20112 3.20145 3.20181 3.2022 3.20262 3.20307 3.20356 3.2041 3.20469 3.20534 3.20604 3.20681 3.20766 3.20858 3.20958 3.21066 3.21183 3.2131 3.21445 3.21589 3.21742 3.21904 3.22074 3.22251 3.22435 3.22624 3.22819 3.23016 3.23216 3.23417 3.23617 3.23814 3.24008 3.24196 3.24376 3.24548 3.24709 3.24858 3.24993 3.25113 3.25218 3.25305 3.25375 3.25425 3.25457 3.25469 3.25462 3.25435 3.25389 3.25324 3.25242 3.25142 3.25026 3.24896 3.24752 3.24596 3.24429 3.24253 3.2407 3.23881 3.23688 3.23493 3.23297 3.23101 3.22908 3.22718 3.22533 3.22354 3.22181 3.22017 3.2186 3.21713 3.21575 3.21447 3.21328 3.2122 3.21122 3.21033 3.20955 3.20885 3.20825 3.20773 3.20729 3.20693 3.20665 3.20643 3.20627 3.20617 3.20611 3.20611 3.20615 3.20623 3.20634 3.20648 3.20665 
3.20008 3.2003 3.20055 3.20082 3.20112 3.20145 3.20181 3.2022 3.20262 3.20308 3.20359 3.20415 3.20476 3.20542 3.20616 3.20697 3.20786 3.20883 3.20989 3.21104 3.2123 3.21365 3.21511 3.21667 3.21834 3.22011 3.22197 3.22393 3.22597 3.22808 3.23026 3.23249 3.23476 3.23705 3.23935 3.24164 3.24389 3.2461 3.24825 3.2503 3.25226 3.25409 3.25578 3.25732 3.25868 3.25987 3.26086 3.26164 3.26221 3.26256 3.2627 3.26261 3.2623 3.26177 3.26103 3.26008 3.25894 3.25762 3.25613 3.25449 3.2527 3.2508 3.24879 3.2467 3.24454 3.24233 3.24009 3.23785 3.2356 3.23338 3.2312 3.22907 3.22701 3.22502 3.22312 3.22131 3.21961 3.21801 3.21652 3.21515 3.21388 3.21273 3.2117 3.21077 3.20995 3.20923 3.2086 3.20807 3.20763 3.20727 3.20699 3.20677 3.20662 3.20653 3.20649 3.2065 3.20656 3.20665 3.20678 3.20694 
3.20038 3.2006 3.20085 3.20113 3.20145 3.2018 3.20219 3.20262 3.20308 3.2036 3.20417 3.2048 3.20549 3.20626 3.2071 3.20803 3.20905 3.21017 3.2114 3.21274 3.21419 3.21576 3.21744 3.21925 3.22118 3.22322 3.22538 3.22763 3.22999 3.23242 3.23493 3.23749 3.2401 3.24272 3.24536 3.24797 3.25056 3.25308 3.25553 3.25787 3.2601 3.26218 3.26411 3.26585 3.2674 3.26875 3.26987 3.27075 3.2714 3.27179 3.27194 3.27183 3.27147 3.27086 3.27001 3.26893 3.26763 3.26612 3.26442 3.26254 3.2605 3.25833 3.25603 3.25363 3.25116 3.24863 3.24607 3.24349 3.24092 3.23837 3.23586 3.23341 3.23103 3.22874 3.22654 3.22446 3.22248 3.22063 3.2189 3.21729 3.21582 3.21448 3.21326 3.21217 3.2112 3.21034 3.2096 3.20896 3.20842 3.20797 3.20761 3.20733 3.20712 3.20698 3.2069 3.20688 3.2069 3.20698 3.20709 3.20724 
3.20068 3.20091 3.20117 3.20146 3.2018 3.20218 3.2026 3.20307 3.20359 3.20417 3.20481 3.20552 3.20632 3.20719 3.20816 3.20923 3.21041 3.21171 3.21313 3.21467 3.21635 3.21817 3.22012 3.22222 3.22444 3.2268 3.22929 3.23189 3.2346 3.2374 3.24028 3.24322 3.24621 3.24922 3.25223 3.25523 3.25817 3.26105 3.26384 3.26652 3.26905 3.27142 3.2736 3.27559 3.27734 3.27886 3.28013 3.28113 3.28186 3.2823 3.28246 3.28233 3.28192 3.28122 3.28025 3.27902 3.27753 3.27581 3.27387 3.27172 3.2694 3.26691 3.26429 3.26155 3.25873 3.25584 3.2529 3.24995 3.247 3.24407 3.24119 3.23838 3.23564 3.233 3.23047 3.22805 3.22577 3.22362 3.22161 3.21975 3.21804 3.21647 3.21504 3.21376 3.21261 3.2116 3.21071 3.20995 3.2093 3.20875 3.2083 3.20794 3.20767 3.20747 3.20734 3.20728 3.20727 3.20732 3.20742 3.20756 
3.20101 3.20123 3.2015 3.20181 3.20217 3.20258 3.20304 3.20356 3.20415 3.2048 3.20552 3.20634 3.20724 3.20825 3.20936 3.21059 3.21196 3.21345 3.21509 3.21688 3.21882 3.22092 3.22318 3.22559 3.22816 3.23088 3.23373 3.23673 3.23984 3.24305 3.24635 3.24973 3.25314 3.25658 3.26002 3.26343 3.26679 3.27007 3.27324 3.27628 3.27915 3.28184 3.28432 3.28656 3.28855 3.29027 3.2917 3.29283 3.29364 3.29414 3.29431 3.29416 3.29368 3.29289 3.29179 3.29038 3.28869 3.28673 3.28452 3.28208 3.27944 3.27661 3.27362 3.2705 3.26728 3.26398 3.26063 3.25726 3.25388 3.25053 3.24723 3.244 3.24086 3.23783 3.23491 3.23213 3.2295 3.22702 3.2247 3.22254 3.22055 3.21872 3.21706 3.21556 3.21422 3.21302 3.21197 3.21106 3.21028 3.20961 3.20906 3.20862 3.20827 3.208 3.20782 3.20771 3.20767 3.20769 3.20776 3.20789 
3.20135 3.20157 3.20185 3.20218 3.20257 3.20301 3.20352 3.2041 3.20476 3.20549 3.20632 3.20724 3.20827 3.20943 3.21071 3.21213 3.2137 3.21542 3.21731 3.21937 3.22161 3.22403 3.22662 3.2294 3.23235 3.23547 3.23875 3.24218 3.24574 3.24942 3.25319 3.25704 3.26094 3.26485 3.26877 3.27264 3.27646 3.28018 3.28377 3.28721 3.29046 3.2935 3.2963 3.29883 3.30107 3.30301 3.30461 3.30588 3.3068 3.30735 3.30754 3.30736 3.30682 3.30591 3.30466 3.30307 3.30115 3.29893 3.29643 3.29366 3.29066 3.28745 3.28406 3.28052 3.27686 3.27311 3.2693 3.26545 3.26161 3.25779 3.25402 3.25033 3.24674 3.24326 3.23992 3.23673 3.2337 3.23085 3.22817 3.22568 3.22338 3.22126 3.21933 3.21758 3.21601 3.21462 3.21338 3.2123 3.21137 3.21057 3.20991 3.20936 3.20892 3.20858 3.20834 3.20818 3.20809 3.20808 3.20813 3.20824 
3.20171 3.20193 3.20222 3.20257 3.20299 3.20348 3.20405 3.20469 3.20542 3.20626 3.20719 3.20825 3.20943 3.21075 3.21222 3.21385 3.21565 3.21763 3.2198 3.22217 3.22474 3.22752 3.2305 3.23368 3.23706 3.24063 3.24438 3.24829 3.25235 3.25654 3.26083 3.2652 3.26963 3.27407 3.2785 3.28289 3.2872 3.29141 3.29546 3.29934 3.303 3.30642 3.30957 3.31241 3.31493 3.3171 3.3189 3.32032 3.32134 3.32196 3.32216 3.32196 3.32134 3.32032 3.3189 3.3171 3.31494 3.31244 3.30961 3.30649 3.3031 3.29948 3.29565 3.29164 3.2875 3.28325 3.27893 3.27458 3.27021 3.26587 3.26159 3.25739 3.25329 3.24933 3.24551 3.24187 3.2384 3.23513 3.23206 3.2292 3.22654 3.2241 3.22187 3.21985 3.21802 3.21639 3.21495 3.21368 3.21258 3.21164 3.21084 3.21018 3.20964 3.20922 3.2089 3.20868 3.20854 3.20849 3.20851 3.20861 
3.20209 3.20232 3.20262 3.203 3.20345 3.20399 3.20462 3.20534 3.20616 3.2071 3.20816 3.20936 3.21071 3.21222 3.2139 3.21576 3.21783 3.2201 3.22259 3.2253 3.22824 3.23141 3.23481 3.23844 3.2423 3.24636 3.25063 3.25508 3.25969 3.26444 3.2693 3.27425 3.27924 3.28426 3.28926 3.29421 3.29906 3.30379 3.30834 3.31269 3.3168 3.32064 3.32416 3.32734 3.33016 3.33258 3.33459 3.33618 3.33731 3.33799 3.33822 3.33798 3.33728 3.33613 3.33454 3.33252 3.33009 3.32728 3.32411 3.3206 3.31679 3.31272 3.30841 3.3039 3.29923 3.29445 3.28957 3.28465 3.27972 3.27481 3.26997 3.2652 3.26056 3.25606 3.25172 3.24757 3.24362 3.23989 3.23638 3.2331 3.23006 3.22726 3.2247 3.22236 3.22025 3.21837 3.21669 3.21521 3.21392 3.21281 3.21187 3.21108 3.21043 3.20991 3.20951 3.20922 3.20903 3.20894 3.20893 3.209 
3.2025 3.20273 3.20305 3.20345 3.20395 3.20454 3.20523 3.20604 3.20697 3.20803 3.20923 3.21059 3.21213 3.21385 3.21576 3.21789 3.22025 3.22284 3.22568 3.22877 3.23212 3.23573 3.2396 3.24372 3.2481 3.25271 3.25754 3.26257 3.26778 3.27314 3.27862 3.28419 3.28982 3.29546 3.30107 3.30661 3.31205 3.31734 3.32244 3.3273 3.33188 3.33616 3.34008 3.34363 3.34676 3.34946 3.35169 3.35345 3.3547 3.35546 3.3557 3.35542 3.35464 3.35335 3.35157 3.34932 3.34661 3.34346 3.33992 3.336 3.33174 3.32718 3.32236 3.31731 3.31208 3.30671 3.30124 3.29571 3.29016 3.28464 3.27917 3.2738 3.26856 3.26347 3.25857 3.25386 3.24938 3.24514 3.24115 3.23742 3.23396 3.23076 3.22782 3.22514 3.22272 3.22055 3.21861 3.2169 3.21541 3.21411 3.213 3.21206 3.21129 3.21066 3.21017 3.20981 3.20956 3.20942 3.20937 3.20942 
3.20294 3.20317 3.20351 3.20394 3.20448 3.20514 3.20591 3.20681 3.20786 3.20905 3.21041 3.21196 3.2137 3.21565 3.21783 3.22025 3.22293 3.22587 3.22909 3.2326 3.2364 3.24049 3.24487 3.24954 3.25448 3.25968 3.26512 3.27079 3.27665 3.28267 3.28882 3.29506 3.30136 3.30767 3.31394 3.32013 3.32619 3.33208 3.33775 3.34315 3.34824 3.35299 3.35734 3.36127 3.36474 3.36772 3.37019 3.37213 3.37352 3.37434 3.3746 3.37429 3.37342 3.37198 3.37 3.3675 3.36449 3.36099 3.35705 3.35269 3.34796 3.34288 3.33751 3.33188 3.32605 3.32005 3.31394 3.30775 3.30155 3.29536 3.28923 3.2832 3.27731 3.27159 3.26606 3.26076 3.25571 3.25091 3.2464 3.24217 3.23824 3.2346 3.23126 3.22821 3.22544 3.22295 3.22073 3.21876 3.21703 3.21553 3.21424 3.21314 3.21223 3.21148 3.21089 3.21044 3.21013 3.20993 3.20985 3.20988 
3.20341 3.20365 3.204 3.20447 3.20507 3.20579 3.20665 3.20766 3.20883 3.21017 3.21171 3.21345 3.21542 3.21763 3.2201 3.22284 3.22587 3.2292 3.23285 3.23681 3.2411 3.24571 3.25065 3.2559 3.26145 3.2673 3.2734 3.27975 3.28631 3.29304 3.2999 3.30687 3.31388 3.3209 3.32787 3.33474 3.34146 3.34799 3.35427 3.36025 3.36588 3.37112 3.37592 3.38025 3.38408 3.38736 3.39008 3.3922 3.39373 3.39463 3.39491 3.39456 3.39359 3.392 3.38981 3.38704 3.38371 3.37985 3.37549 3.37067 3.36543 3.3598 3.35385 3.34761 3.34113 3.33447 3.32768 3.3208 3.31389 3.30699 3.30015 3.29342 3.28683 3.28042 3.27423 3.26828 3.2626 3.25721 3.25213 3.24736 3.24292 3.23881 3.23502 3.23156 3.22842 3.22559 3.22305 3.2208 3.21881 3.21708 3.21559 3.21432 3.21325 3.21238 3.21167 3.21113 3.21074 3.21049 3.21036 3.21036 
3.20392 3.20416 3.20454 3.20505 3.20569 3.20649 3.20745 3.20858 3.20989 3.2114 3.21313 3.21509 3.21731 3.2198 3.22259 3.22568 3.22909 3.23285 3.23695 3.24141 3.24622 3.2514 3.25694 3.26282 3.26904 3.27556 3.28238 3.28946 3.29676 3.30424 3.31188 3.3196 3.32738 3.33514 3.34285 3.35045 3.35787 3.36507 3.37198 3.37856 3.38475 3.39051 3.39578 3.40054 3.40473 3.40833 3.4113 3.41363 3.41529 3.41627 3.41657 3.41618 3.41511 3.41337 3.41096 3.40791 3.40425 3.4 3.39521 3.3899 3.38413 3.37793 3.37137 3.36448 3.35733 3.34997 3.34245 3.33484 3.32718 3.31952 3.31193 3.30445 3.29711 3.28998 3.28307 3.27643 3.27008 3.26405 3.25835 3.25301 3.24802 3.24339 3.23912 3.23522 3.23167 3.22846 3.22558 3.22302 3.22076 3.21878 3.21707 3.2156 3.21437 3.21335 3.21252 3.21188 3.2114 3.21109 3.21092 3.21089 
3.20447 3.20471 3.20511 3.20566 3.20638 3.20726 3.20832 3.20958 3.21104 3.21274 3.21467 3.21688 3.21937 3.22217 3.2253 3.22877 3.2326 3.23681 3.24141 3.2464 3.25179 3.25757 3.26375 3.27031 3.27723 3.28449 3.29206 3.29991 3.308 3.31629 3.32472 3.33326 3.34183 3.35039 3.35887 3.36722 3.37537 3.38327 3.39085 3.39805 3.40483 3.41112 3.41689 3.42207 3.42665 3.43057 3.43381 3.43634 3.43815 3.43922 3.43954 3.43911 3.43793 3.43602 3.43338 3.43005 3.42605 3.4214 3.41615 3.41034 3.40402 3.39723 3.39002 3.38246 3.37461 3.36651 3.35824 3.34985 3.3414 3.33295 3.32456 3.31628 3.30816 3.30025 3.29259 3.28521 3.27815 3.27143 3.26508 3.2591 3.25353 3.24835 3.24356 3.23918 3.23519 3.23157 3.22832 3.22543 3.22286 3.22062 3.21867 3.21699 3.21557 3.21439 3.21344 3.21268 3.21212 3.21173 3.21151 3.21145 
3.20506 3.20531 3.20573 3.20633 3.20711 3.20809 3.20926 3.21066 3.2123 3.21419 3.21635 3.21882 3.22161 3.22474 3.22824 3.23212 3.2364 3.2411 3.24622 3.25179 3.25779 3.26422 3.27108 3.27836 3.28602 3.29406 3.30243 3.3111 3.32002 3.32915 3.33843 3.34781 3.35722 3.3666 3.37589 3.38503 3.39393 3.40255 3.41082 3.41867 3.42605 3.43289 3.43916 3.4448 3.44976 3.45401 3.45752 3.46027 3.46222 3.46338 3.46372 3.46324 3.46196 3.45988 3.45702 3.45339 3.44903 3.44398 3.43826 3.43193 3.42504 3.41763 3.40977 3.40151 3.39292 3.38407 3.37501 3.36581 3.35654 3.34726 3.33803 3.32891 3.31997 3.31124 3.30277 3.29461 3.28679 3.27935 3.2723 3.26566 3.25945 3.25368 3.24835 3.24345 3.23898 3.23493 3.23129 3.22803 3.22514 3.2226 3.2204 3.21849 3.21688 3.21553 3.21442 3.21355 3.21289 3.21243 3.21215 3.21206 
3.20569 3.20595 3.2064 3.20705 3.20791 3.20898 3.21028 3.21183 3.21365 3.21576 3.21817 3.22092 3.22403 3.22752 3.23141 3.23573 3.24049 3.24571 3.2514 3.25757 3.26422 3.27134 3.27893 3.28696 3.29542 3.30427 3.31348 3.323 3.3328 3.3428 3.35296 3.36322 3.3735 3.38373 3.39386 3.4038 3.41349 3.42286 3.43183 3.44034 3.44833 3.45574 3.46252 3.46861 3.47397 3.47857 3.48236 3.48531 3.48742 3.48866 3.48902 3.48851 3.48711 3.48486 3.48176 3.47784 3.47312 3.46765 3.46146 3.4546 3.44712 3.43908 3.43055 3.42157 3.41223 3.40258 3.3927 3.38267 3.37254 3.3624 3.3523 3.34231 3.3325 3.32291 3.3136 3.30462 3.29601 3.28779 3.28001 3.27267 3.2658 3.2594 3.25348 3.24803 3.24306 3.23854 3.23447 3.23083 3.22759 3.22474 3.22226 3.22011 3.21828 3.21675 3.21549 3.21448 3.21371 3.21317 3.21284 3.21271 
3.20637 3.20663 3.20712 3.20782 3.20876 3.20994 3.21138 3.2131 3.21511 3.21744 3.22012 3.22318 3.22662 3.2305 3.23481 3.2396 3.24487 3.25065 3.25694 3.26375 3.27108 3.27893 3.28727 3.2961 3.30539 3.31509 3.32518 3.33559 3.34629 3.35721 3.36828 3.37944 3.39062 3.40173 3.41271 3.42349 3.43397 3.4441 3.45379 3.46297 3.47159 3.47958 3.48687 3.49342 3.49919 3.50412 3.50819 3.51136 3.51362 3.51495 3.51533 3.51477 3.51327 3.51085 3.50751 3.50329 3.49821 3.49231 3.48564 3.47824 3.47018 3.4615 3.45227 3.44256 3.43244 3.42199 3.41128 3.40038 3.38937 3.37833 3.36733 3.35644 3.34573 3.33525 3.32507 3.31523 3.30578 3.29676 3.2882 3.28012 3.27255 3.26549 3.25895 3.25292 3.24741 3.2424 3.23788 3.23382 3.23022 3.22703 3.22425 3.22184 3.21978 3.21805 3.21662 3.21548 3.2146 3.21397 3.21357 3.2134 
3.20709 3.20736 3.20788 3.20865 3.20967 3.21097 3.21256 3.21445 3.21667 3.21925 3.22222 3.22559 3.2294 3.23368 3.23844 3.24372 3.24954 3.2559 3.26282 3.27031 3.27836 3.28696 3.2961 3.30576 3.31591 3.3265 3.33749 3.34883 3.36046 3.37232 3.38433 3.39642 3.40851 3.42052 3.43238 3.44399 3.45529 3.46618 3.4766 3.48647 3.49572 3.50428 3.51209 3.51911 3.52528 3.53055 3.5349 3.53829 3.5407 3.54211 3.54252 3.54192 3.54031 3.53771 3.53414 3.52961 3.52417 3.51785 3.5107 3.50276 3.4941 3.48477 3.47484 3.46439 3.45349 3.44221 3.43065 3.41887 3.40696 3.39501 3.38308 3.37126 3.35961 3.34821 3.33712 3.32639 3.31608 3.30622 3.29685 3.288 3.27969 3.27193 3.26474 3.25811 3.25203 3.2465 3.2415 3.23701 3.23301 3.22947 3.22637 3.22368 3.22138 3.21944 3.21784 3.21654 3.21554 3.21482 3.21436 3.21415 
3.20786 3.20814 3.2087 3.20953 3.21065 3.21207 3.21381 3.21589 3.21834 3.22118 3.22444 3.22816 3.23235 3.23706 3.2423 3.2481 3.25448 3.26145 3.26904 3.27723 3.28602 3.29542 3.30539 3.31591 3.32694 3.33845 3.35038 3.36267 3.37526 3.38807 3.40104 3.41407 3.4271 3.44002 3.45276 3.46523 3.47734 3.48901 3.50016 3.51071 3.52058 3.52972 3.53806 3.54553 3.5521 3.55772 3.56234 3.56594 3.56851 3.57001 3.57043 3.56979 3.56808 3.56531 3.5615 3.55668 3.55088 3.54414 3.5365 3.52803 3.51877 3.50879 3.49816 3.48696 3.47527 3.46317 3.45074 3.43807 3.42524 3.41235 3.39947 3.3867 3.3741 3.36175 3.34973 3.33808 3.32687 3.31614 3.30593 3.29628 3.2872 3.27873 3.27085 3.26358 3.25691 3.25083 3.24533 3.24038 3.23596 3.23205 3.22862 3.22564 3.22308 3.22092 3.21913 3.21768 3.21655 3.21573 3.21519 3.21494 
3.20868 3.20897 3.20957 3.21047 3.21169 3.21324 3.21514 3.21742 3.22011 3.22322 3.2268 3.23088 3.23547 3.24063 3.24636 3.25271 3.25968 3.2673 3.27556 3.28449 3.29406 3.30427 3.31509 3.3265 3.33845 3.35089 3.36378 3.37704 3.3906 3.4044 3.41833 3.43233 3.4463 3.46014 3.47377 3.48709 3.50002 3.51246 3.52434 3.53556 3.54606 3.55577 3.56462 3.57255 3.57951 3.58546 3.59036 3.59418 3.59689 3.59847 3.59892 3.59824 3.59642 3.59349 3.58945 3.58434 3.57818 3.57103 3.56292 3.5539 3.54405 3.53343 3.52211 3.51016 3.49768 3.48474 3.47144 3.45787 3.44412 3.43028 3.41645 3.4027 3.38913 3.37582 3.36283 3.35024 3.33811 3.32648 3.31541 3.30493 3.29507 3.28584 3.27725 3.26932 3.26204 3.25539 3.24936 3.24393 3.23908 3.23478 3.231 3.22771 3.22488 3.22248 3.22049 3.21887 3.21761 3.21669 3.21608 3.21578 
3.20954 3.20985 3.21049 3.21146 3.21278 3.21447 3.21655 3.21904 3.22197 3.22538 3.22929 3.23373 3.23875 3.24438 3.25063 3.25754 3.26512 3.2734 3.28238 3.29206 3.30243 3.31348 3.32518 3.33749 3.35038 3.36378 3.37764 3.39188 3.40644 3.42122 3.43613 3.45109 3.466 3.48076 3.49528 3.50945 3.52319 3.5364 3.549 3.56089 3.57201 3.58227 3.59163 3.6 3.60735 3.61363 3.61879 3.62282 3.62567 3.62734 3.62782 3.62709 3.62518 3.62208 3.61782 3.61243 3.60593 3.59836 3.58979 3.58025 3.56982 3.55856 3.54655 3.53386 3.52059 3.50683 3.49266 3.47819 3.46351 3.44872 3.43391 3.41919 3.40464 3.39034 3.37638 3.36283 3.34976 3.33722 3.32526 3.31393 3.30325 3.29324 3.28393 3.27531 3.26739 3.26015 3.25357 3.24765 3.24235 3.23764 3.23349 3.22988 3.22677 3.22413 3.22193 3.22014 3.21873 3.2177 3.21701 3.21666 
3.21045 3.21077 3.21145 3.2125 3.21393 3.21577 3.21803 3.22074 3.22393 3.22763 3.23189 3.23673 3.24218 3.24829 3.25508 3.26257 3.27079 3.27975 3.28946 3.29991 3.3111 3.323 3.33559 3.34883 3.36267 3.37704 3.39188 3.40712 3.42267 3.43844 3.45433 3.47026 3.48611 3.50178 3.51718 3.5322 3.54673 3.5607 3.574 3.58655 3.59826 3.60908 3.61892 3.62773 3.63545 3.64205 3.64747 3.65169 3.65469 3.65644 3.65694 3.65618 3.65417 3.65092 3.64645 3.64077 3.63394 3.62599 3.61696 3.60691 3.59591 3.58403 3.57134 3.55793 3.54388 3.5293 3.51427 3.4989 3.4833 3.46756 3.45178 3.43608 3.42053 3.40525 3.3903 3.37578 3.36175 3.34828 3.33542 3.32322 3.31171 3.30091 3.29085 3.28153 3.27295 3.26509 3.25796 3.25152 3.24575 3.24062 3.23609 3.23215 3.22874 3.22585 3.22343 3.22146 3.21991 3.21876 3.21799 3.21759 
3.2114 3.21173 3.21246 3.21359 3.21514 3.21712 3.21957 3.22251 3.22597 3.22999 3.2346 3.23984 3.24574 3.25235 3.25969 3.26778 3.27665 3.28631 3.29676 3.308 3.32002 3.3328 3.34629 3.36046 3.37526 3.3906 3.40644 3.42267 3.43921 3.45597 3.47284 3.48972 3.5065 3.52308 3.53934 3.55518 3.5705 3.5852 3.59919 3.61237 3.62467 3.63602 3.64633 3.65556 3.66364 3.67054 3.67621 3.68063 3.68376 3.68559 3.68611 3.68532 3.68322 3.67982 3.67514 3.66921 3.66206 3.65373 3.64426 3.63373 3.62218 3.60969 3.59634 3.58222 3.56742 3.55203 3.53616 3.5199 3.50338 3.4867 3.46996 3.45327 3.43674 3.42046 3.40452 3.38902 3.37403 3.35962 3.34585 3.33276 3.3204 3.3088 3.29798 3.28794 3.27868 3.27021 3.26249 3.25552 3.24927 3.24371 3.2388 3.2345 3.23079 3.22763 3.22499 3.22283 3.22113 3.21987 3.21901 3.21857 
3.21238 3.21273 3.21351 3.21473 3.21639 3.21853 3.22117 3.22435 3.22808 3.23242 3.2374 3.24305 3.24942 3.25654 3.26444 3.27314 3.28267 3.29304 3.30424 3.31629 3.32915 3.3428 3.35721 3.37232 3.38807 3.4044 3.42122 3.43844 3.45597 3.47371 3.49154 3.50936 3.52706 3.54452 3.56162 3.57827 3.59435 3.60977 3.62442 3.63822 3.65108 3.66292 3.67369 3.68332 3.69175 3.69893 3.70484 3.70944 3.7127 3.71461 3.71516 3.71433 3.71215 3.70861 3.70374 3.69757 3.69011 3.68142 3.67154 3.66053 3.64846 3.63539 3.62141 3.6066 3.59106 3.57488 3.55818 3.54106 3.52364 3.50603 3.48833 3.47067 3.45316 3.43589 3.41897 3.40249 3.38653 3.37118 3.35648 3.34251 3.3293 3.31688 3.30528 3.29451 3.28457 3.27546 3.26716 3.25965 3.2529 3.24689 3.24158 3.23693 3.23291 3.22948 3.22661 3.22426 3.2224 3.22101 3.22008 3.21958 
3.2134 3.21377 3.2146 3.2159 3.21769 3.21999 3.22283 3.22624 3.23026 3.23493 3.24028 3.24635 3.25319 3.26083 3.2693 3.27862 3.28882 3.2999 3.31188 3.32472 3.33843 3.35296 3.36828 3.38433 3.40104 3.41833 3.43613 3.45433 3.47284 3.49154 3.51032 3.52906 3.54765 3.56597 3.5839 3.60133 3.61814 3.63424 3.64953 3.66391 3.67731 3.68964 3.70083 3.71084 3.71959 3.72705 3.73319 3.73795 3.74134 3.74332 3.74389 3.74304 3.74078 3.73712 3.73207 3.72566 3.71792 3.70889 3.69862 3.68717 3.67459 3.66097 3.64638 3.63091 3.61466 3.59772 3.58022 3.56226 3.54396 3.52543 3.5068 3.48818 3.4697 3.45145 3.43355 3.4161 3.39918 3.38288 3.36727 3.3524 3.33833 3.32509 3.31271 3.3012 3.29057 3.28082 3.27192 3.26386 3.25662 3.25016 3.24444 3.23943 3.23509 3.23138 3.22827 3.22573 3.22371 3.2222 3.22118 3.22062 
3.21445 3.21484 3.21571 3.2171 3.21902 3.22148 3.22453 3.22819 3.23249 3.23749 3.24322 3.24973 3.25704 3.2652 3.27425 3.28419 3.29506 3.30687 3.3196 3.33326 3.34781 3.36322 3.37944 3.39642 3.41407 3.43233 3.45109 3.47026 3.48972 3.50936 3.52906 3.5487 3.56816 3.58731 3.60603 3.6242 3.64172 3.65848 3.67437 3.68931 3.70321 3.71599 3.72759 3.73795 3.74701 3.75473 3.76107 3.766 3.7695 3.77155 3.77214 3.77127 3.76894 3.76516 3.75995 3.75332 3.74532 3.73598 3.72534 3.71347 3.70042 3.68627 3.6711 3.655 3.63807 3.62041 3.60213 3.58336 3.5642 3.54479 3.52524 3.50569 3.48625 3.46705 3.44818 3.42977 3.4119 3.39466 3.37813 3.36238 3.34745 3.33339 3.32023 3.30798 3.29666 3.28625 3.27676 3.26815 3.2604 3.25348 3.24735 3.24197 3.23731 3.23333 3.22998 3.22723 3.22505 3.22342 3.2223 3.22169 
3.21552 3.21592 3.21686 3.21833 3.22038 3.22301 3.22626 3.23016 3.23476 3.2401 3.24621 3.25314 3.26094 3.26963 3.27924 3.28982 3.30136 3.31388 3.32738 3.34183 3.35722 3.3735 3.39062 3.40851 3.4271 3.4463 3.466 3.48611 3.5065 3.52706 3.54765 3.56816 3.58845 3.60839 3.62787 3.64676 3.66495 3.68232 3.69879 3.71425 3.72862 3.74183 3.75381 3.76449 3.77384 3.78179 3.78833 3.79341 3.79701 3.79913 3.79974 3.79885 3.79646 3.79258 3.78721 3.7804 3.77215 3.76252 3.75154 3.73928 3.72579 3.71115 3.69543 3.67874 3.66116 3.6428 3.62379 3.60423 3.58425 3.56398 3.54355 3.52309 3.50272 3.48258 3.46277 3.44341 3.42461 3.40645 3.38901 3.37238 3.3566 3.34173 3.32779 3.31481 3.30279 3.29174 3.28164 3.27248 3.26422 3.25684 3.2503 3.24455 3.23957 3.2353 3.23171 3.22876 3.22642 3.22466 3.22345 3.22279 
3.21661 3.21703 3.21801 3.21958 3.22175 3.22455 3.22801 3.23216 3.23705 3.24272 3.24922 3.25658 3.26485 3.27407 3.28426 3.29546 3.30767 3.3209 3.33514 3.35039 3.3666 3.38373 3.40173 3.42052 3.44002 3.46014 3.48076 3.50178 3.52308 3.54452 3.56597 3.58731 3.60839 3.6291 3.64929 3.66886 3.68768 3.70564 3.72264 3.73859 3.7534 3.767 3.77933 3.79031 3.79992 3.80809 3.8148 3.82002 3.82372 3.8259 3.82654 3.82563 3.82319 3.81921 3.81371 3.80672 3.79825 3.78835 3.77707 3.76444 3.75055 3.73544 3.71922 3.70197 3.68378 3.66477 3.64505 3.62474 3.60398 3.58289 3.56161 3.54027 3.519 3.49795 3.47722 3.45694 3.43722 3.41816 3.39984 3.38234 3.36572 3.35005 3.33534 3.32163 3.30892 3.29723 3.28653 3.27682 3.26806 3.26022 3.25326 3.24715 3.24184 3.23729 3.23346 3.2303 3.2278 3.22591 3.22462 3.2239 
3.21771 3.21814 3.21918 3.22084 3.22314 3.2261 3.22977 3.23417 3.23935 3.24536 3.25223 3.26002 3.26877 3.2785 3.28926 3.30107 3.31394 3.32787 3.34285 3.35887 3.37589 3.39386 3.41271 3.43238 3.45276 3.47377 3.49528 3.51718 3.53934 3.56162 3.5839 3.60603 3.62787 3.64929 3.67017 3.69037 3.70978 3.72828 3.74578 3.76218 3.7774 3.79136 3.804 3.81527 3.82511 3.83348 3.84035 3.84569 3.84949 3.85172 3.85238 3.85146 3.84897 3.84491 3.8393 3.83214 3.82348 3.81334 3.80177 3.78882 3.77455 3.75903 3.74233 3.72455 3.7058 3.68617 3.66579 3.64477 3.62326 3.60139 3.5793 3.55711 3.53499 3.51305 3.49144 3.47027 3.44966 3.42971 3.41053 3.39219 3.37475 3.35829 3.34282 3.3284 3.31502 3.30269 3.2914 3.28114 3.27188 3.26359 3.25622 3.24975 3.24411 3.23928 3.23521 3.23185 3.22919 3.22717 3.22579 3.22502 
3.2188 3.21925 3.22035 3.2221 3.22452 3.22765 3.23152 3.23617 3.24164 3.24797 3.25523 3.26343 3.27264 3.28289 3.29421 3.30661 3.32013 3.33474 3.35045 3.36722 3.38503 3.4038 3.42349 3.44399 3.46523 3.48709 3.50945 3.5322 3.55518 3.57827 3.60133 3.6242 3.64676 3.66886 3.69037 3.71116 3.73112 3.75012 3.76808 3.78489 3.80048 3.81478 3.82771 3.83922 3.84927 3.85782 3.86484 3.87029 3.87417 3.87646 3.87714 3.87621 3.87368 3.86955 3.86383 3.85654 3.8477 3.83735 3.82553 3.81228 3.79767 3.78175 3.76463 3.74637 3.72708 3.70688 3.68588 3.6642 3.64199 3.61938 3.59651 3.57352 3.55057 3.5278 3.50533 3.4833 3.46183 3.44104 3.42102 3.40186 3.38363 3.36639 3.3502 3.33507 3.32103 3.30808 3.29622 3.28542 3.27567 3.26693 3.25916 3.25232 3.24637 3.24126 3.23695 3.2334 3.23057 3.22843 3.22696 3.22614 
3.21989 3.22036 3.2215 3.22334 3.22589 3.22918 3.23325 3.23814 3.24389 3.25056 3.25817 3.26679 3.27646 3.2872 3.29906 3.31205 3.32619 3.34146 3.35787 3.37537 3.39393 3.41349 3.43397 3.45529 3.47734 3.50002 3.52319 3.54673 3.5705 3.59435 3.61814 3.64172 3.66495 3.68768 3.70978 3.73112 3.75158 3.77104 3.78942 3.80661 3.82253 3.83712 3.85031 3.86205 3.87229 3.881 3.88814 3.8937 3.89765 3.89999 3.90069 3.89976 3.8972 3.893 3.8872 3.87978 3.87079 3.86026 3.84821 3.83469 3.81977 3.80351 3.78599 3.76729 3.74752 3.72678 3.7052 3.68291 3.66004 3.63673 3.61313 3.58939 3.56566 3.54208 3.5188 3.49595 3.47366 3.45206 3.43123 3.41128 3.39229 3.37431 3.3574 3.34159 3.32691 3.31336 3.30093 3.28962 3.27939 3.27021 3.26205 3.25486 3.2486 3.24321 3.23867 3.23492 3.23194 3.22968 3.22812 3.22724 
3.22096 3.22144 3.22264 3.22456 3.22724 3.23069 3.23495 3.24008 3.2461 3.25308 3.26105 3.27007 3.28018 3.29141 3.30379 3.31734 3.33208 3.34799 3.36507 3.38327 3.40255 3.42286 3.4441 3.46618 3.48901 3.51246 3.5364 3.5607 3.5852 3.60977 3.63424 3.65848 3.68232 3.70564 3.72828 3.75012 3.77104 3.79093 3.80969 3.82722 3.84344 3.8583 3.87172 3.88365 3.89406 3.90291 3.91017 3.91581 3.91983 3.9222 3.92293 3.922 3.91941 3.91517 3.90928 3.90177 3.89265 3.88194 3.8697 3.85595 3.84075 3.82418 3.8063 3.7872 3.76699 3.74576 3.72365 3.70079 3.6773 3.65334 3.62906 3.60461 3.58014 3.55581 3.53176 3.50814 3.48507 3.46269 3.44109 3.42039 3.40066 3.38197 3.36438 3.34792 3.33262 3.31849 3.30552 3.2937 3.28301 3.27341 3.26487 3.25734 3.25077 3.24513 3.24036 3.23642 3.23328 3.2309 3.22926 3.22833 
3.222 3.2225 3.22375 3.22576 3.22855 3.23215 3.23661 3.24196 3.24825 3.25553 3.26384 3.27324 3.28377 3.29546 3.30834 3.32244 3.33775 3.35427 3.37198 3.39085 3.41082 3.43183 3.45379 3.4766 3.50016 3.52434 3.549 3.574 3.59919 3.62442 3.64953 3.67437 3.69879 3.72264 3.74578 3.76808 3.78942 3.80969 3.82878 3.84662 3.86311 3.8782 3.89182 3.90393 3.91448 3.92345 3.93081 3.93653 3.94061 3.94302 3.94376 3.94283 3.94023 3.93595 3.93 3.9224 3.91317 3.90232 3.8899 3.87595 3.86051 3.84366 3.82546 3.806 3.78538 3.76371 3.74112 3.71773 3.69368 3.66912 3.64421 3.61909 3.59394 3.5689 3.54413 3.51977 3.49597 3.47286 3.45054 3.42912 3.40869 3.38933 3.37109 3.35401 3.33812 3.32343 3.30995 3.29764 3.28651 3.2765 3.26759 3.25973 3.25288 3.24698 3.24199 3.23787 3.23458 3.23209 3.23036 3.22939 
3.223 3.22352 3.22482 3.22691 3.22981 3.23356 3.2382 3.24376 3.2503 3.25787 3.26652 3.27628 3.28721 3.29934 3.31269 3.3273 3.34315 3.36025 3.37856 3.39805 3.41867 3.44034 3.46297 3.48647 3.51071 3.53556 3.56089 3.58655 3.61237 3.63822 3.66391 3.68931 3.71425 3.73859 3.76218 3.78489 3.80661 3.82722 3.84662 3.86472 3.88145 3.89674 3.91054 3.9228 3.93348 3.94256 3.95 3.95579 3.95991 3.96236 3.96312 3.96219 3.95957 3.95526 3.94926 3.94159 3.93227 3.9213 3.90873 3.8946 3.87895 3.86185 3.84337 3.82359 3.80261 3.78054 3.75751 3.73364 3.70907 3.68396 3.65847 3.63274 3.60695 3.58126 3.55582 3.53078 3.5063 3.48249 3.45949 3.43741 3.41632 3.39633 3.37747 3.35981 3.34336 3.32814 3.31417 3.30141 3.28985 3.27946 3.2702 3.26203 3.2549 3.24875 3.24356 3.23927 3.23584 3.23323 3.23143 3.23041 
3.22396 3.2245 3.22584 3.228 3.23101 3.2349 3.23971 3.24548 3.25226 3.2601 3.26905 3.27915 3.29046 3.303 3.3168 3.33188 3.34824 3.36588 3.38475 3.40483 3.42605 3.44833 3.47159 3.49572 3.52058 3.54606 3.57201 3.59826 3.62467 3.65108 3.67731 3.70321 3.72862 3.7534 3.7774 3.80048 3.82253 3.84344 3.86311 3.88145 3.89838 3.91385 3.92781 3.94019 3.95099 3.96015 3.96767 3.97351 3.97768 3.98016 3.98094 3.98001 3.97738 3.97305 3.96701 3.95928 3.94988 3.93881 3.92612 3.91183 3.896 3.87869 3.85995 3.83989 3.81859 3.79617 3.77273 3.74843 3.7234 3.69779 3.67176 3.64548 3.61911 3.59281 3.56675 3.54109 3.51596 3.49153 3.46789 3.44519 3.42349 3.4029 3.38348 3.36526 3.34829 3.33259 3.31815 3.30496 3.29301 3.28226 3.27267 3.2642 3.25681 3.25044 3.24505 3.24059 3.23703 3.23432 3.23245 3.23139 
3.22486 3.22541 3.2268 3.22903 3.23214 3.23616 3.24113 3.24709 3.25409 3.26218 3.27142 3.28184 3.2935 3.30642 3.32064 3.33616 3.35299 3.37112 3.39051 3.41112 3.43289 3.45574 3.47958 3.50428 3.52972 3.55577 3.58227 3.60908 3.63602 3.66292 3.68964 3.71599 3.74183 3.767 3.79136 3.81478 3.83712 3.8583 3.8782 3.89674 3.91385 3.92948 3.94356 3.95606 3.96694 3.97618 3.98376 3.98966 3.99386 3.99637 3.99716 3.99624 3.99361 3.98925 3.98319 3.97541 3.96594 3.95479 3.94199 3.92758 3.91159 3.89409 3.87514 3.85483 3.83324 3.8105 3.78672 3.76203 3.73658 3.71052 3.68401 3.65722 3.63032 3.60347 3.57685 3.55062 3.52491 3.49989 3.47568 3.4524 3.43015 3.40901 3.38906 3.37034 3.35289 3.33673 3.32186 3.30828 3.29596 3.28487 3.27498 3.26624 3.2586 3.25202 3.24645 3.24184 3.23815 3.23535 3.23341 3.23231 
3.2257 3.22626 3.22769 3.22999 3.23319 3.23733 3.24244 3.24858 3.25578 3.26411 3.2736 3.28432 3.2963 3.30957 3.32416 3.34008 3.35734 3.37592 3.39578 3.41689 3.43916 3.46252 3.48687 3.51209 3.53806 3.56462 3.59163 3.61892 3.64633 3.67369 3.70083 3.72759 3.75381 3.77933 3.804 3.82771 3.85031 3.87172 3.89182 3.91054 3.92781 3.94356 3.95775 3.97034 3.9813 3.99061 3.99824 4.00417 4.00841 4.01094 4.01175 4.01084 4.0082 4.00383 3.99774 3.98993 3.98041 3.96919 3.95631 3.94178 3.92566 3.908 3.88886 3.86834 3.84651 3.82348 3.79939 3.77436 3.74854 3.72208 3.69514 3.6679 3.64053 3.61319 3.58606 3.55931 3.53308 3.50754 3.4828 3.459 3.43624 3.41461 3.39417 3.375 3.35711 3.34053 3.32527 3.31133 3.29867 3.28728 3.27711 3.26812 3.26026 3.25348 3.24774 3.24299 3.23919 3.2363 3.2343 3.23316 
3.22646 3.22704 3.2285 3.23086 3.23415 3.23839 3.24364 3.24993 3.25732 3.26585 3.27559 3.28656 3.29883 3.31241 3.32734 3.34363 3.36127 3.38025 3.40054 3.42207 3.4448 3.46861 3.49342 3.51911 3.54553 3.57255 3.6 3.62773 3.65556 3.68332 3.71084 3.73795 3.76449 3.79031 3.81527 3.83922 3.86205 3.88365 3.90393 3.9228 3.94019 3.95606 3.97034 3.98301 3.99404 4.00339 4.01106 4.01704 4.0213 4.02385 4.02467 4.02377 4.02113 4.01675 4.01065 4.00281 3.99324 3.98197 3.96901 3.9544 3.93817 3.92037 3.90107 3.88036 3.85832 3.83505 3.81069 3.78536 3.75921 3.7324 3.70509 3.67745 3.64966 3.62189 3.59431 3.5671 3.54041 3.5144 3.4892 3.46494 3.44172 3.41965 3.39878 3.37919 3.36091 3.34396 3.32836 3.31408 3.30113 3.28946 3.27904 3.26982 3.26176 3.25481 3.24892 3.24404 3.24014 3.23717 3.23511 3.23394 
3.22715 3.22774 3.22923 3.23164 3.235 3.23934 3.2447 3.25113 3.25868 3.2674 3.27734 3.28855 3.30107 3.31493 3.33016 3.34676 3.36474 3.38408 3.40473 3.42665 3.44976 3.47397 3.49919 3.52528 3.5521 3.57951 3.60735 3.63545 3.66364 3.69175 3.71959 3.74701 3.77384 3.79992 3.82511 3.84927 3.87229 3.89406 3.91448 3.93348 3.95099 3.96694 3.9813 3.99404 4.00511 4.01451 4.02222 4.02822 4.03251 4.03507 4.03591 4.03501 4.03237 4.02799 4.02187 4.01401 4.00441 3.9931 3.98008 3.96539 3.94906 3.93116 3.91173 3.89085 3.86863 3.84516 3.82057 3.79499 3.76856 3.74144 3.71381 3.68583 3.65767 3.62952 3.60156 3.57395 3.54685 3.52043 3.49483 3.47016 3.44655 3.42409 3.40285 3.3829 3.36427 3.347 3.33108 3.31652 3.3033 3.29139 3.28074 3.27133 3.26309 3.25599 3.24996 3.24498 3.24098 3.23794 3.23583 3.23463 
3.22774 3.22834 3.22986 3.23232 3.23574 3.24016 3.24563 3.25218 3.25987 3.26875 3.27886 3.29027 3.30301 3.3171 3.33258 3.34946 3.36772 3.38736 3.40833 3.43057 3.45401 3.47857 3.50412 3.53055 3.55772 3.58546 3.61363 3.64205 3.67054 3.69893 3.72705 3.75473 3.78179 3.80809 3.83348 3.85782 3.881 3.90291 3.92345 3.94256 3.96015 3.97618 3.99061 4.00339 4.01451 4.02395 4.03168 4.03771 4.04201 4.04459 4.04544 4.04455 4.04191 4.03753 4.0314 4.02352 4.0139 4.00255 3.98948 3.97473 3.95833 3.94032 3.92078 3.89978 3.87741 3.85377 3.82898 3.80318 3.77652 3.74915 3.72124 3.69297 3.66451 3.63604 3.60775 3.5798 3.55236 3.52559 3.49964 3.47463 3.45069 3.42789 3.40634 3.38608 3.36716 3.3496 3.33343 3.31862 3.30518 3.29305 3.28222 3.27264 3.26425 3.25701 3.25087 3.24579 3.24171 3.23862 3.23646 3.23524 
3.22824 3.22885 3.2304 3.23289 3.23637 3.24086 3.2464 3.25305 3.26086 3.26987 3.28013 3.2917 3.30461 3.3189 3.33459 3.35169 3.37019 3.39008 3.4113 3.43381 3.45752 3.48236 3.50819 3.5349 3.56234 3.59036 3.61879 3.64747 3.67621 3.70484 3.73319 3.76107 3.78833 3.8148 3.84035 3.86484 3.88814 3.91017 3.93081 3.95 3.96767 3.98376 3.99824 4.01106 4.02222 4.03168 4.03944 4.04549 4.04981 4.0524 4.05325 4.05236 4.04973 4.04535 4.03921 4.03132 4.02167 4.01029 3.99719 3.98239 3.96592 3.94785 3.92822 3.90711 3.88461 3.86083 3.83588 3.80991 3.78306 3.75548 3.72735 3.69884 3.67013 3.6414 3.61284 3.58462 3.5569 3.52985 3.50362 3.47833 3.4541 3.43104 3.40922 3.38871 3.36955 3.35176 3.33537 3.32037 3.30673 3.29444 3.28345 3.27372 3.26521 3.25786 3.25163 3.24647 3.24233 3.23918 3.23699 3.23575 
3.22865 3.22926 3.23082 3.23335 3.23686 3.24141 3.24702 3.25375 3.26164 3.27075 3.28113 3.29283 3.30588 3.32032 3.33618 3.35345 3.37213 3.3922 3.41363 3.43634 3.46027 3.48531 3.51136 3.53829 3.56594 3.59418 3.62282 3.65169 3.68063 3.70944 3.73795 3.766 3.79341 3.82002 3.84569 3.87029 3.8937 3.91581 3.93653 3.95579 3.97351 3.98966 4.00417 4.01704 4.02822 4.03771 4.04549 4.05155 4.05588 4.05848 4.05934 4.05846 4.05582 4.05144 4.04529 4.03739 4.02773 4.01633 4.00319 3.98835 3.97184 3.9537 3.934 3.91281 3.89021 3.86632 3.84126 3.81515 3.78815 3.76041 3.7321 3.70341 3.67451 3.64558 3.61681 3.58837 3.56044 3.53317 3.50672 3.48121 3.45677 3.4335 3.41148 3.39077 3.37142 3.35346 3.3369 3.32174 3.30796 3.29553 3.28442 3.27458 3.26597 3.25854 3.25223 3.24701 3.24282 3.23963 3.23742 3.23616 
3.22895 3.22957 3.23114 3.23369 3.23723 3.24181 3.24747 3.25425 3.26221 3.2714 3.28186 3.29364 3.3068 3.32134 3.33731 3.3547 3.37352 3.39373 3.41529 3.43815 3.46222 3.48742 3.51362 3.5407 3.56851 3.59689 3.62567 3.65469 3.68376 3.7127 3.74134 3.7695 3.79701 3.82372 3.84949 3.87417 3.89765 3.91983 3.94061 3.95991 3.97768 3.99386 4.00841 4.0213 4.03251 4.04201 4.04981 4.05588 4.06022 4.06283 4.06369 4.06281 4.06018 4.05579 4.04964 4.04173 4.03206 4.02063 4.00747 3.9926 3.97605 3.95787 3.93811 3.91686 3.89419 3.87023 3.84507 3.81886 3.79176 3.7639 3.73547 3.70665 3.67761 3.64854 3.61962 3.59103 3.56295 3.53553 3.50892 3.48326 3.45867 3.43525 3.41309 3.39224 3.37276 3.35468 3.338 3.32273 3.30884 3.29632 3.28512 3.27521 3.26653 3.25904 3.25268 3.24741 3.24318 3.23997 3.23773 3.23646 
3.22914 3.22976 3.23134 3.2339 3.23746 3.24207 3.24775 3.25457 3.26256 3.27179 3.2823 3.29414 3.30735 3.32196 3.33799 3.35546 3.37434 3.39463 3.41627 3.43922 3.46338 3.48866 3.51495 3.54211 3.57001 3.59847 3.62734 3.65644 3.68559 3.71461 3.74332 3.77155 3.79913 3.8259 3.85172 3.87646 3.89999 3.9222 3.94302 3.96236 3.98016 3.99637 4.01094 4.02385 4.03507 4.04459 4.0524 4.05848 4.06283 4.06544 4.06631 4.06543 4.0628 4.0584 4.05225 4.04432 4.03464 4.0232 4.01002 3.99513 3.97855 3.96034 3.94055 3.91925 3.89654 3.87252 3.84731 3.82104 3.79387 3.76595 3.73745 3.70855 3.67943 3.65027 3.62127 3.59259 3.56442 3.53691 3.51021 3.48447 3.45979 3.43629 3.41404 3.39312 3.37356 3.3554 3.33866 3.32332 3.30938 3.2968 3.28555 3.27559 3.26687 3.25934 3.25295 3.24766 3.24341 3.24018 3.23794 3.23665 
