0.5639 0.564427 0.564925 0.565379 0.565778 0.566117 0.566395 0.566617 0.566788 0.566915 0.567008 0.567073 0.567118 0.567148 0.567167 0.567179 0.567187 0.567191 0.567194 0.567195 0.567196 0.567197 0.567197 0.567197 0.567197 0.567197 0.567197 0.567197 0.567197 0.567197 0.567197 0.567197 0.567197 0.567197 0.567197 0.567198 0.567198 0.567198 0.567198 0.567198 0.567198 0.567199 0.567199 0.567199 0.567199 0.5672 0.5672 0.5672 0.5672 0.5672 0.567201 0.567201 0.567201 0.567201 0.5672 0.5672 0.5672 0.5672 0.5672 0.567199 0.567199 0.567199 0.567199 0.567198 0.567198 0.567198 0.567198 0.567198 0.567198 0.567197 0.567197 0.567197 0.567197 0.567197 0.567197 0.567197 0.567197 0.567197 0.567197 0.567197 0.567197 0.567198 0.567199 0.567201 0.567204 0.567211 0.567223 0.567243 0.567277 0.56733 0.567409 0.567525 0.567686 0.567901 0.568177 0.568517 0.568918 0.569376 0.569876 0.570404 
0.564427 0.564955 0.565452 0.565905 0.566304 0.566643 0.566921 0.567143 0.567314 0.567441 0.567534 0.567599 0.567644 0.567674 0.567693 0.567705 0.567713 0.567718 0.56772 0.567722 0.567723 0.567723 0.567723 0.567723 0.567723 0.567723 0.567724 0.567724 0.567724 0.567724 0.567724 0.567724 0.567724 0.567724 0.567724 0.567724 0.567724 0.567724 0.567724 0.567724 0.567724 0.567724 0.567725 0.567725 0.567725 0.567725 0.567725 0.567725 0.567725 0.567725 0.567726 0.567726 0.567726 0.567726 0.567725 0.567725 0.567725 0.567725 0.567725 0.567725 0.567725 0.567725 0.567724 0.567724 0.567724 0.567724 0.567724 0.567724 0.567724 0.567724 0.567724 0.567724 0.567724 0.567724 0.567724 0.567724 0.567724 0.567724 0.567724 0.567724 0.567724 0.567724 0.567725 0.567727 0.567731 0.567737 0.567749 0.56777 0.567803 0.567856 0.567936 0.568052 0.568213 0.568428 0.568704 0.569043 0.569445 0.569902 0.570402 0.570929 
0.564925 0.565452 0.56595 0.566402 0.566801 0.567139 0.567418 0.567639 0.56781 0.567938 0.568031 0.568096 0.568141 0.568171 0.56819 0.568202 0.56821 0.568214 0.568217 0.568219 0.568219 0.56822 0.56822 0.56822 0.56822 0.56822 0.56822 0.56822 0.56822 0.56822 0.56822 0.56822 0.56822 0.56822 0.568221 0.568221 0.568221 0.568221 0.568221 0.568221 0.568221 0.568221 0.568221 0.568221 0.568222 0.568222 0.568222 0.568222 0.568222 0.568222 0.568222 0.568222 0.568222 0.568222 0.568222 0.568222 0.568222 0.568222 0.568222 0.568222 0.568222 0.568221 0.568221 0.568221 0.568221 0.568221 0.568221 0.568221 0.568221 0.568221 0.568221 0.56822 0.56822 0.56822 0.56822 0.56822 0.56822 0.56822 0.56822 0.568221 0.568221 0.568221 0.568222 0.568224 0.568228 0.568234 0.568246 0.568267 0.5683 0.568353 0.568433 0.568549 0.568711 0.568926 0.569201 0.56954 0.569942 0.570398 0.570898 0.571425 
0.565379 0.565905 0.566402 0.566855 0.567253 0.567592 0.56787 0.568092 0.568262 0.56839 0.568483 0.568549 0.568593 0.568623 0.568643 0.568655 0.568663 0.568667 0.56867 0.568671 0.568672 0.568673 0.568673 0.568673 0.568673 0.568673 0.568673 0.568673 0.568673 0.568673 0.568673 0.568673 0.568673 0.568673 0.568673 0.568673 0.568673 0.568674 0.568674 0.568674 0.568674 0.568674 0.568675 0.568675 0.568675 0.568676 0.568676 0.568676 0.568676 0.568676 0.568677 0.568677 0.568677 0.568677 0.568676 0.568676 0.568676 0.568676 0.568676 0.568675 0.568675 0.568675 0.568674 0.568674 0.568674 0.568674 0.568674 0.568673 0.568673 0.568673 0.568673 0.568673 0.568673 0.568673 0.568673 0.568673 0.568673 0.568673 0.568673 0.568673 0.568673 0.568674 0.568675 0.568677 0.56868 0.568687 0.568699 0.56872 0.568753 0.568806 0.568886 0.569002 0.569164 0.569379 0.569654 0.569993 0.570395 0.570851 0.57135 0.571877 
0.565778 0.566304 0.566801 0.567253 0.567651 0.56799 0.568268 0.568489 0.56866 0.568788 0.568881 0.568947 0.568992 0.569022 0.569041 0.569053 0.569061 0.569065 0.569068 0.56907 0.56907 0.569071 0.569071 0.569071 0.569071 0.569071 0.569071 0.569071 0.569071 0.569071 0.569071 0.569072 0.569072 0.569072 0.569072 0.569072 0.569072 0.569073 0.569073 0.569073 0.569074 0.569075 0.569075 0.569076 0.569077 0.569077 0.569078 0.569079 0.569079 0.569079 0.56908 0.56908 0.56908 0.56908 0.569079 0.569079 0.569078 0.569078 0.569077 0.569077 0.569076 0.569075 0.569075 0.569074 0.569073 0.569073 0.569073 0.569072 0.569072 0.569072 0.569072 0.569072 0.569072 0.569072 0.569072 0.569071 0.569071 0.569071 0.569072 0.569072 0.569072 0.569072 0.569073 0.569075 0.569079 0.569085 0.569097 0.569118 0.569152 0.569205 0.569285 0.569401 0.569562 0.569778 0.570053 0.570392 0.570793 0.571249 0.571749 0.572275 
0.566117 0.566643 0.567139 0.567592 0.56799 0.568328 0.568606 0.568828 0.568999 0.569127 0.56922 0.569285 0.56933 0.56936 0.56938 0.569392 0.5694 0.569404 0.569407 0.569408 0.569409 0.56941 0.56941 0.56941 0.56941 0.56941 0.56941 0.56941 0.56941 0.56941 0.56941 0.569411 0.569411 0.569411 0.569411 0.569412 0.569412 0.569413 0.569414 0.569415 0.569417 0.569418 0.56942 0.569421 0.569423 0.569425 0.569426 0.569428 0.569429 0.56943 0.56943 0.569431 0.56943 0.56943 0.569429 0.569428 0.569427 0.569426 0.569424 0.569422 0.569421 0.569419 0.569418 0.569416 0.569415 0.569414 0.569413 0.569412 0.569412 0.569411 0.569411 0.569411 0.569411 0.56941 0.56941 0.56941 0.56941 0.56941 0.56941 0.56941 0.569411 0.569411 0.569412 0.569414 0.569417 0.569424 0.569436 0.569457 0.569491 0.569544 0.569624 0.56974 0.569902 0.570117 0.570392 0.570731 0.571132 0.571588 0.572088 0.572614 
0.566395 0.566921 0.567418 0.56787 0.568268 0.568606 0.568885 0.569106 0.569277 0.569405 0.569498 0.569564 0.569609 0.569639 0.569658 0.569671 0.569678 0.569683 0.569686 0.569687 0.569688 0.569689 0.569689 0.569689 0.569689 0.569689 0.569689 0.569689 0.569689 0.569689 0.56969 0.56969 0.56969 0.569691 0.569692 0.569693 0.569694 0.569696 0.569699 0.569702 0.569705 0.569708 0.569712 0.569716 0.56972 0.569724 0.569728 0.569731 0.569733 0.569735 0.569736 0.569737 0.569737 0.569736 0.569734 0.569732 0.569729 0.569725 0.569722 0.569718 0.569714 0.56971 0.569706 0.569703 0.5697 0.569698 0.569696 0.569694 0.569693 0.569692 0.569691 0.56969 0.56969 0.56969 0.569689 0.569689 0.569689 0.569689 0.569689 0.569689 0.569689 0.56969 0.569691 0.569693 0.569696 0.569703 0.569715 0.569736 0.56977 0.569823 0.569903 0.570019 0.570181 0.570396 0.570672 0.571011 0.571412 0.571868 0.572367 0.572893 
0.566617 0.567143 0.567639 0.568092 0.568489 0.568828 0.569106 0.569328 0.569499 0.569627 0.56972 0.569786 0.569831 0.569861 0.569881 0.569893 0.5699 0.569905 0.569908 0.569909 0.56991 0.569911 0.569911 0.569911 0.569911 0.569911 0.569911 0.569911 0.569912 0.569912 0.569912 0.569913 0.569914 0.569916 0.569918 0.569921 0.569924 0.569929 0.569935 0.569941 0.569949 0.569957 0.569966 0.569975 0.569984 0.569992 0.57 0.570007 0.570012 0.570016 0.570019 0.57002 0.570019 0.570016 0.570013 0.570007 0.570001 0.569993 0.569985 0.569976 0.569967 0.569959 0.569951 0.569943 0.569937 0.569931 0.569927 0.569923 0.56992 0.569917 0.569916 0.569914 0.569913 0.569913 0.569912 0.569912 0.569912 0.569911 0.569911 0.569911 0.569912 0.569912 0.569913 0.569915 0.569918 0.569925 0.569937 0.569958 0.569992 0.570045 0.570126 0.570242 0.570403 0.570619 0.570894 0.571233 0.571634 0.57209 0.57259 0.573116 
0.566788 0.567314 0.56781 0.568262 0.56866 0.568999 0.569277 0.569499 0.56967 0.569799 0.569892 0.569957 0.570002 0.570032 0.570052 0.570064 0.570072 0.570077 0.570079 0.570081 0.570082 0.570082 0.570082 0.570083 0.570083 0.570083 0.570083 0.570083 0.570084 0.570085 0.570086 0.570088 0.57009 0.570094 0.570099 0.570106 0.570114 0.570125 0.570137 0.570152 0.570169 0.570187 0.570206 0.570226 0.570245 0.570263 0.570279 0.570293 0.570304 0.570313 0.570318 0.570319 0.570317 0.570312 0.570303 0.570291 0.570277 0.57026 0.570242 0.570224 0.570205 0.570186 0.570169 0.570153 0.570139 0.570127 0.570117 0.570108 0.570102 0.570097 0.570093 0.57009 0.570087 0.570086 0.570085 0.570084 0.570084 0.570083 0.570083 0.570083 0.570083 0.570083 0.570084 0.570086 0.57009 0.570097 0.570109 0.570129 0.570163 0.570217 0.570297 0.570414 0.570575 0.570791 0.571066 0.571405 0.571806 0.572262 0.572762 0.573288 
0.566915 0.567441 0.567938 0.56839 0.568788 0.569127 0.569405 0.569627 0.569799 0.569927 0.57002 0.570086 0.570131 0.570161 0.57018 0.570193 0.5702 0.570205 0.570208 0.570209 0.57021 0.570211 0.570211 0.570211 0.570211 0.570212 0.570212 0.570213 0.570214 0.570216 0.570219 0.570223 0.570229 0.570238 0.570249 0.570264 0.570283 0.570306 0.570333 0.570365 0.5704 0.570439 0.570479 0.570519 0.570558 0.570595 0.570628 0.570656 0.570678 0.570694 0.570704 0.570706 0.570701 0.570689 0.570671 0.570646 0.570616 0.570582 0.570545 0.570506 0.570467 0.570429 0.570393 0.57036 0.570331 0.570306 0.570284 0.570267 0.570252 0.570241 0.570233 0.570226 0.570221 0.570218 0.570216 0.570214 0.570213 0.570212 0.570212 0.570212 0.570212 0.570212 0.570213 0.570215 0.570218 0.570225 0.570237 0.570258 0.570292 0.570345 0.570426 0.570542 0.570704 0.570919 0.571195 0.571534 0.571935 0.572391 0.572891 0.573417 
0.567008 0.567534 0.568031 0.568483 0.568881 0.56922 0.569498 0.56972 0.569892 0.57002 0.570113 0.570179 0.570224 0.570254 0.570274 0.570286 0.570294 0.570298 0.570301 0.570302 0.570303 0.570304 0.570304 0.570305 0.570305 0.570306 0.570307 0.570309 0.570311 0.570316 0.570322 0.570332 0.570346 0.570364 0.570389 0.570421 0.570461 0.57051 0.570567 0.570632 0.570704 0.570781 0.57086 0.57094 0.571017 0.571089 0.571153 0.571207 0.57125 0.57128 0.571297 0.5713 0.57129 0.571265 0.571228 0.571178 0.571119 0.571051 0.570977 0.570899 0.570822 0.570746 0.570674 0.570609 0.57055 0.570499 0.570456 0.57042 0.570391 0.570368 0.57035 0.570337 0.570327 0.57032 0.570314 0.570311 0.570309 0.570307 0.570306 0.570305 0.570305 0.570305 0.570306 0.570308 0.570312 0.570318 0.57033 0.570351 0.570385 0.570439 0.570519 0.570636 0.570797 0.571013 0.571289 0.571628 0.572029 0.572485 0.572984 0.573511 
0.567073 0.567599 0.568096 0.568549 0.568947 0.569285 0.569564 0.569786 0.569957 0.570086 0.570179 0.570245 0.57029 0.57032 0.570339 0.570352 0.570359 0.570364 0.570367 0.570368 0.570369 0.57037 0.57037 0.570371 0.570372 0.570373 0.570376 0.57038 0.570387 0.570397 0.570411 0.570432 0.570462 0.570501 0.570553 0.570619 0.5707 0.570797 0.57091 0.571038 0.571179 0.571327 0.57148 0.571632 0.571778 0.571912 0.572032 0.572132 0.57221 0.572265 0.572294 0.572297 0.572275 0.572227 0.572154 0.572059 0.571944 0.571814 0.571673 0.571526 0.571377 0.571233 0.571095 0.570969 0.570855 0.570756 0.570672 0.570601 0.570544 0.570499 0.570463 0.570436 0.570416 0.570402 0.570391 0.570384 0.570379 0.570376 0.570374 0.570372 0.570372 0.570372 0.570372 0.570374 0.570377 0.570384 0.570396 0.570417 0.570451 0.570505 0.570585 0.570702 0.570863 0.571079 0.571355 0.571694 0.572095 0.572551 0.573051 0.573577 
0.567118 0.567644 0.568141 0.568593 0.568992 0.56933 0.569609 0.569831 0.570002 0.570131 0.570224 0.57029 0.570335 0.570365 0.570384 0.570397 0.570404 0.570409 0.570412 0.570413 0.570415 0.570415 0.570416 0.570418 0.57042 0.570423 0.570429 0.570438 0.570453 0.570474 0.570505 0.570549 0.570609 0.570689 0.570792 0.570922 0.57108 0.571268 0.571484 0.571725 0.571987 0.572263 0.572544 0.572821 0.573085 0.573327 0.57354 0.573718 0.573856 0.57395 0.573999 0.574001 0.573956 0.573865 0.57373 0.573555 0.573345 0.573106 0.572848 0.572578 0.572305 0.572039 0.571785 0.571551 0.57134 0.571155 0.570996 0.570863 0.570754 0.570667 0.570599 0.570547 0.570508 0.570479 0.570458 0.570444 0.570434 0.570427 0.570423 0.57042 0.570418 0.570418 0.570418 0.570419 0.570423 0.57043 0.570442 0.570462 0.570496 0.57055 0.57063 0.570747 0.570909 0.571124 0.5714 0.571739 0.572141 0.572597 0.573096 0.573623 
0.567148 0.567674 0.568171 0.568623 0.569022 0.56936 0.569639 0.569861 0.570032 0.570161 0.570254 0.57032 0.570365 0.570395 0.570415 0.570427 0.570435 0.570439 0.570442 0.570444 0.570445 0.570446 0.570448 0.570451 0.570456 0.570463 0.570476 0.570496 0.570526 0.57057 0.570633 0.570721 0.57084 0.570995 0.571193 0.571438 0.571734 0.572081 0.572476 0.572913 0.573382 0.573872 0.574368 0.574853 0.575312 0.575731 0.576097 0.5764 0.576632 0.576789 0.576867 0.576864 0.576779 0.576615 0.576375 0.576066 0.575695 0.575276 0.574821 0.574345 0.573864 0.573392 0.572943 0.572525 0.572147 0.571813 0.571526 0.571283 0.571084 0.570923 0.570796 0.570698 0.570624 0.57057 0.57053 0.570502 0.570482 0.570469 0.57046 0.570455 0.570451 0.57045 0.570449 0.57045 0.570453 0.57046 0.570472 0.570492 0.570526 0.57058 0.57066 0.570777 0.570939 0.571154 0.57143 0.57177 0.572171 0.572627 0.573127 0.573653 
0.567167 0.567693 0.56819 0.568643 0.569041 0.56938 0.569658 0.569881 0.570052 0.57018 0.570274 0.570339 0.570384 0.570415 0.570434 0.570447 0.570454 0.570459 0.570462 0.570464 0.570466 0.570468 0.570472 0.570478 0.570488 0.570504 0.570531 0.570571 0.570632 0.570719 0.570843 0.571011 0.571235 0.571525 0.571889 0.572335 0.572865 0.57348 0.574173 0.574932 0.575741 0.576577 0.577416 0.578232 0.578998 0.579693 0.580296 0.580793 0.58117 0.58142 0.581539 0.581523 0.581373 0.58109 0.580681 0.580157 0.579531 0.578822 0.578053 0.577248 0.576431 0.575628 0.574859 0.574142 0.573489 0.57291 0.572408 0.571981 0.571628 0.571341 0.571113 0.570935 0.5708 0.570699 0.570626 0.570573 0.570536 0.570511 0.570494 0.570483 0.570476 0.570472 0.570471 0.570471 0.570474 0.57048 0.570492 0.570512 0.570546 0.5706 0.57068 0.570797 0.570958 0.571174 0.57145 0.571789 0.572191 0.572647 0.573147 0.573673 
0.567179 0.567705 0.568202 0.568655 0.569053 0.569392 0.569671 0.569893 0.570064 0.570193 0.570286 0.570352 0.570397 0.570427 0.570447 0.570459 0.570467 0.570472 0.570475 0.570478 0.570481 0.570485 0.570492 0.570505 0.570526 0.570559 0.570612 0.570692 0.570809 0.570975 0.571207 0.571517 0.571925 0.572443 0.573087 0.573864 0.574778 0.575826 0.576993 0.57826 0.579597 0.580967 0.582331 0.583648 0.584878 0.585985 0.586941 0.587721 0.588309 0.588694 0.588868 0.588827 0.588572 0.588106 0.587439 0.586587 0.585571 0.584421 0.583172 0.581861 0.580528 0.579211 0.577945 0.576758 0.575673 0.574703 0.573856 0.573132 0.572527 0.572032 0.571636 0.571325 0.571086 0.570906 0.570774 0.570678 0.570611 0.570564 0.570533 0.570512 0.570499 0.570491 0.570487 0.570485 0.570487 0.570493 0.570504 0.570525 0.570559 0.570612 0.570693 0.570809 0.570971 0.571187 0.571463 0.571802 0.572203 0.57266 0.573159 0.573686 
0.567187 0.567713 0.56821 0.568663 0.569061 0.5694 0.569678 0.5699 0.570072 0.5702 0.570294 0.570359 0.570404 0.570435 0.570454 0.570467 0.570475 0.57048 0.570484 0.570488 0.570493 0.570502 0.570517 0.570542 0.570583 0.570649 0.57075 0.570901 0.571118 0.571423 0.571839 0.57239 0.573101 0.573994 0.575087 0.57639 0.577903 0.579617 0.581508 0.583538 0.585661 0.587819 0.58995 0.591993 0.593888 0.595584 0.597039 0.598219 0.599101 0.599669 0.599914 0.59983 0.599417 0.598683 0.59764 0.59631 0.594728 0.592935 0.590984 0.588931 0.586837 0.584759 0.582751 0.580858 0.579116 0.577549 0.57617 0.574983 0.573983 0.573158 0.572491 0.571964 0.571555 0.571245 0.571014 0.570846 0.570727 0.570644 0.570587 0.57055 0.570525 0.57051 0.570501 0.570497 0.570497 0.570502 0.570513 0.570533 0.570566 0.57062 0.5707 0.570817 0.570979 0.571194 0.57147 0.57181 0.572211 0.572667 0.573167 0.573693 
0.567191 0.567718 0.568214 0.568667 0.569065 0.569404 0.569683 0.569905 0.570077 0.570205 0.570298 0.570364 0.570409 0.570439 0.570459 0.570472 0.57048 0.570486 0.570491 0.570497 0.570508 0.570525 0.570554 0.570603 0.570682 0.570806 0.570992 0.571266 0.571655 0.572192 0.572912 0.573851 0.575045 0.576523 0.578307 0.580406 0.582816 0.585512 0.588454 0.591583 0.594823 0.59809 0.601291 0.604338 0.607146 0.609643 0.611772 0.613489 0.614761 0.615569 0.6159 0.615748 0.615113 0.614003 0.612438 0.610448 0.60808 0.605394 0.602463 0.59937 0.596201 0.593042 0.589973 0.587062 0.584365 0.58192 0.579753 0.577872 0.576274 0.574943 0.573858 0.572992 0.572314 0.571795 0.571406 0.57112 0.570915 0.570771 0.570672 0.570606 0.570562 0.570534 0.570518 0.570509 0.570506 0.570509 0.570519 0.570538 0.570571 0.570625 0.570705 0.570821 0.570983 0.571199 0.571475 0.571814 0.572216 0.572672 0.573172 0.573698 
0.567194 0.56772 0.568217 0.56867 0.569068 0.569407 0.569686 0.569908 0.570079 0.570208 0.570301 0.570367 0.570412 0.570442 0.570462 0.570475 0.570484 0.570491 0.570499 0.57051 0.570529 0.570562 0.570618 0.570709 0.570855 0.571078 0.57141 0.571889 0.572558 0.573467 0.574666 0.576207 0.578136 0.580491 0.583294 0.58655 0.59024 0.594322 0.598727 0.603364 0.608122 0.612877 0.617502 0.621871 0.625873 0.629411 0.632409 0.634811 0.636578 0.637686 0.638117 0.637866 0.636932 0.635326 0.633072 0.630211 0.626805 0.622935 0.6187 0.614214 0.609596 0.604969 0.600445 0.596125 0.592093 0.588411 0.585119 0.582236 0.579765 0.577688 0.575978 0.5746 0.573511 0.57267 0.572033 0.571561 0.571219 0.570977 0.570809 0.570695 0.570619 0.570571 0.570541 0.570524 0.570516 0.570515 0.570524 0.570542 0.570575 0.570628 0.570708 0.570824 0.570986 0.571202 0.571478 0.571817 0.572218 0.572675 0.573174 0.573701 
0.567195 0.567722 0.568219 0.568671 0.56907 0.569408 0.569687 0.569909 0.570081 0.570209 0.570302 0.570368 0.570413 0.570444 0.570464 0.570478 0.570488 0.570497 0.57051 0.570531 0.570566 0.570627 0.570729 0.570894 0.571151 0.57154 0.572109 0.572916 0.574024 0.575506 0.577431 0.579866 0.58287 0.586483 0.590725 0.595587 0.601029 0.606977 0.613327 0.619942 0.626666 0.633329 0.639758 0.645789 0.651277 0.6561 0.660164 0.663401 0.665766 0.667229 0.667772 0.667387 0.666074 0.663845 0.66073 0.656778 0.652069 0.646704 0.640813 0.634546 0.628062 0.621525 0.615092 0.608905 0.603084 0.597723 0.592887 0.588614 0.584914 0.581775 0.579165 0.57704 0.575344 0.574021 0.573009 0.572252 0.571699 0.571303 0.571026 0.570837 0.570711 0.570628 0.570577 0.570545 0.570529 0.570524 0.570529 0.570546 0.570578 0.57063 0.57071 0.570826 0.570988 0.571203 0.571479 0.571819 0.57222 0.572677 0.573176 0.573702 
0.567196 0.567723 0.568219 0.568672 0.56907 0.569409 0.569688 0.56991 0.570082 0.57021 0.570303 0.570369 0.570415 0.570445 0.570466 0.570481 0.570493 0.570508 0.570529 0.570566 0.57063 0.57074 0.570919 0.571205 0.571644 0.572297 0.573237 0.574546 0.576318 0.578647 0.581626 0.585337 0.589846 0.595192 0.601379 0.608377 0.616111 0.624464 0.633281 0.642373 0.651525 0.660516 0.669122 0.677138 0.684385 0.690717 0.696023 0.700227 0.703277 0.705142 0.705803 0.705251 0.703485 0.700518 0.696381 0.691134 0.684869 0.677712 0.669821 0.661384 0.652605 0.643696 0.634866 0.626306 0.618185 0.610637 0.603764 0.597631 0.592267 0.587668 0.583805 0.580627 0.578065 0.576044 0.574484 0.573307 0.572437 0.571809 0.571366 0.57106 0.570854 0.570719 0.570633 0.57058 0.57055 0.570536 0.570536 0.57055 0.57058 0.570632 0.570711 0.570827 0.570989 0.571204 0.57148 0.57182 0.572221 0.572677 0.573177 0.573703 
0.567197 0.567723 0.56822 0.568673 0.569071 0.56941 0.569689 0.569911 0.570082 0.570211 0.570304 0.57037 0.570415 0.570446 0.570468 0.570485 0.570502 0.570525 0.570562 0.570627 0.57074 0.570928 0.571233 0.571712 0.572435 0.573493 0.574989 0.577041 0.579773 0.583307 0.587757 0.593217 0.599749 0.60738 0.61609 0.625807 0.636409 0.647722 0.659527 0.671572 0.683581 0.695272 0.706375 0.716642 0.725864 0.733875 0.740552 0.745814 0.749608 0.751904 0.752685 0.751939 0.749665 0.745872 0.740594 0.733893 0.725872 0.716675 0.706489 0.695538 0.684071 0.672352 0.660644 0.649198 0.638239 0.627956 0.618498 0.60997 0.602432 0.595899 0.590353 0.585739 0.581981 0.578986 0.576649 0.574868 0.573539 0.572571 0.571881 0.571402 0.571076 0.57086 0.57072 0.570633 0.570581 0.570555 0.570547 0.570557 0.570584 0.570634 0.570713 0.570828 0.570989 0.571205 0.571481 0.57182 0.572221 0.572678 0.573177 0.573704 
0.567197 0.567723 0.56822 0.568673 0.569071 0.56941 0.569689 0.569911 0.570082 0.570211 0.570304 0.57037 0.570416 0.570448 0.570472 0.570492 0.570517 0.570554 0.570618 0.570729 0.570919 0.571233 0.571735 0.572508 0.573658 0.575312 0.577614 0.580721 0.584791 0.589974 0.596397 0.604156 0.6133 0.623824 0.635665 0.648696 0.662728 0.677518 0.692773 0.708171 0.723372 0.738038 0.751852 0.764533 0.77585 0.785622 0.793725 0.800079 0.804635 0.807369 0.808265 0.807311 0.804503 0.799847 0.793369 0.785133 0.775243 0.763856 0.751179 0.737466 0.723006 0.708114 0.69311 0.678307 0.663995 0.650429 0.637818 0.626322 0.616046 0.607041 0.599309 0.592805 0.587449 0.583134 0.579732 0.577112 0.575138 0.573686 0.572643 0.57191 0.571408 0.571072 0.570853 0.570714 0.57063 0.570584 0.570564 0.570566 0.570589 0.570637 0.570714 0.570829 0.57099 0.571205 0.571481 0.57182 0.572222 0.572678 0.573178 0.573704 
0.567197 0.567723 0.56822 0.568673 0.569071 0.56941 0.569689 0.569911 0.570083 0.570211 0.570305 0.570371 0.570418 0.570451 0.570478 0.570505 0.570542 0.570603 0.570709 0.570894 0.571205 0.571712 0.572508 0.573715 0.575482 0.577982 0.581408 0.585958 0.591823 0.599174 0.608143 0.618809 0.631188 0.645226 0.660794 0.677688 0.695639 0.714322 0.733367 0.75238 0.77096 0.788721 0.805312 0.820428 0.833829 0.845334 0.854825 0.862231 0.867517 0.870665 0.871666 0.870509 0.867184 0.861688 0.85404 0.844291 0.832541 0.818946 0.803723 0.787144 0.76953 0.751237 0.732637 0.714107 0.696005 0.67866 0.662354 0.647318 0.63372 0.621664 0.611191 0.60228 0.594858 0.588812 0.583996 0.580246 0.577393 0.575274 0.573736 0.572647 0.571894 0.571385 0.571051 0.570836 0.570704 0.570627 0.570589 0.57058 0.570597 0.570641 0.570717 0.57083 0.570991 0.571206 0.571481 0.571821 0.572222 0.572678 0.573178 0.573704 
0.567197 0.567723 0.56822 0.568673 0.569071 0.56941 0.569689 0.569911 0.570083 0.570211 0.570305 0.570372 0.57042 0.570456 0.570488 0.570526 0.570583 0.570682 0.570855 0.571151 0.571644 0.572435 0.573658 0.575482 0.57811 0.58177 0.586705 0.593155 0.601341 0.611439 0.623567 0.637767 0.653998 0.672128 0.691941 0.71314 0.735363 0.758195 0.78119 0.803888 0.825839 0.846626 0.865876 0.883282 0.898608 0.91169 0.922427 0.930768 0.936696 0.940207 0.9413 0.939964 0.936184 0.929944 0.921248 0.910127 0.896665 0.881005 0.863355 0.843992 0.823249 0.80151 0.779191 0.756721 0.734528 0.713016 0.692553 0.673455 0.655973 0.640285 0.626491 0.614615 0.604609 0.596365 0.589725 0.584501 0.580485 0.577472 0.575265 0.573686 0.572585 0.571835 0.571337 0.571014 0.570812 0.570692 0.570627 0.570602 0.570609 0.570648 0.57072 0.570832 0.570992 0.571206 0.571482 0.571821 0.572222 0.572678 0.573178 0.573704 
0.567197 0.567723 0.56822 0.568673 0.569071 0.56941 0.569689 0.569911 0.570083 0.570212 0.570306 0.570373 0.570423 0.570463 0.570504 0.570559 0.570649 0.570806 0.571078 0.57154 0.572297 0.573493 0.575312 0.577982 0.58177 0.586962 0.593853 0.602721 0.613797 0.627247 0.64315 0.661482 0.682116 0.704817 0.72926 0.75504 0.781693 0.808719 0.835601 0.86183 0.886926 0.910458 0.932058 0.951437 0.968383 0.982761 0.994502 1.00358 1.01002 1.01381 1.01498 1.01351 1.00938 1.00256 0.993031 0.980799 0.965916 0.948497 0.928725 0.906858 0.883225 0.858214 0.832264 0.805846 0.779447 0.753546 0.728601 0.705025 0.683169 0.663307 0.645626 0.630218 0.617081 0.606131 0.597213 0.590119 0.58461 0.580433 0.577344 0.575114 0.573543 0.572464 0.57174 0.571268 0.570968 0.570785 0.570682 0.570633 0.570627 0.570658 0.570726 0.570835 0.570993 0.571207 0.571482 0.571821 0.572222 0.572679 0.573178 0.573704 
0.567197 0.567724 0.56822 0.568673 0.569071 0.56941 0.569689 0.569911 0.570083 0.570212 0.570307 0.570376 0.570429 0.570476 0.570531 0.570612 0.57075 0.570992 0.57141 0.572109 0.573237 0.574989 0.577614 0.581408 0.586705 0.593853 0.603195 0.615027 0.629578 0.646973 0.66722 0.6902 0.715667 0.743261 0.77253 0.802952 0.833964 0.864988 0.895454 0.924827 0.952621 0.978419 1.00189 1.02277 1.0409 1.05619 1.06861 1.07818 1.08493 1.08891 1.09013 1.08859 1.08425 1.07707 1.067 1.05402 1.03813 1.01941 0.997987 0.974092 0.948017 0.920132 0.890873 0.860732 0.830235 0.799931 0.770362 0.742047 0.715451 0.690966 0.668889 0.649408 0.632597 0.618418 0.606738 0.597343 0.589969 0.584321 0.580101 0.577025 0.574838 0.573321 0.572295 0.571619 0.571185 0.570917 0.57076 0.570679 0.570653 0.570672 0.570733 0.570839 0.570995 0.571208 0.571483 0.571821 0.572222 0.572679 0.573178 0.573704 
0.567197 0.567724 0.56822 0.568673 0.569071 0.56941 0.569689 0.569911 0.570083 0.570213 0.570309 0.57038 0.570438 0.570496 0.570571 0.570692 0.570901 0.571266 0.571889 0.572916 0.574546 0.577041 0.580721 0.585958 0.593155 0.602721 0.615027 0.630376 0.648959 0.670832 0.695897 0.723905 0.754465 0.787073 0.821138 0.856023 0.891077 0.925661 0.95918 0.991098 1.02096 1.04838 1.07309 1.09489 1.11367 1.12942 1.14214 1.15191 1.15879 1.16284 1.16409 1.16254 1.15816 1.15087 1.1406 1.12729 1.11089 1.09143 1.06897 1.04368 1.0158 0.985639 0.953616 0.920208 0.885961 0.851469 0.817354 0.784235 0.752702 0.723281 0.696403 0.672381 0.651391 0.633474 0.618541 0.606395 0.596757 0.589296 0.583665 0.57952 0.576545 0.574462 0.573041 0.572095 0.571482 0.571098 0.570868 0.570742 0.570689 0.570692 0.570744 0.570845 0.570999 0.57121 0.571483 0.571822 0.572223 0.572679 0.573178 0.573704 
0.567197 0.567724 0.56822 0.568673 0.569071 0.56941 0.569689 0.569912 0.570084 0.570214 0.570311 0.570387 0.570453 0.570526 0.570632 0.570809 0.571118 0.571655 0.572558 0.574024 0.576318 0.579773 0.584791 0.591823 0.601341 0.613797 0.629578 0.648959 0.672065 0.698843 0.729057 0.762295 0.798002 0.835515 0.874108 0.913038 0.951585 0.989079 1.02493 1.05863 1.08978 1.11808 1.14332 1.1654 1.18428 1.2 1.21264 1.2223 1.22909 1.23309 1.23435 1.23287 1.2286 1.22145 1.21134 1.19815 1.18178 1.16219 1.13939 1.11344 1.08451 1.05284 1.01878 0.982769 0.945342 0.907112 0.868757 0.830991 0.794526 0.760031 0.728091 0.699168 0.673575 0.651458 0.632806 0.617459 0.605145 0.595512 0.588164 0.582702 0.578743 0.575946 0.574019 0.572725 0.571879 0.571342 0.571015 0.570828 0.570739 0.57072 0.57076 0.570854 0.571003 0.571212 0.571485 0.571822 0.572223 0.572679 0.573178 0.573704 
0.567197 0.567724 0.56822 0.568673 0.569071 0.56941 0.569689 0.569912 0.570085 0.570216 0.570316 0.570397 0.570474 0.57057 0.570719 0.570975 0.571423 0.572192 0.573467 0.575506 0.578647 0.583307 0.589974 0.599174 0.611439 0.627247 0.646973 0.670832 0.698843 0.73081 0.766324 0.80479 0.845473 0.887552 0.930176 0.97252 1.01382 1.05341 1.09074 1.12537 1.15698 1.18537 1.21043 1.23215 1.25056 1.26579 1.27797 1.28725 1.29376 1.2976 1.29884 1.29748 1.29347 1.28671 1.27708 1.26443 1.24862 1.22952 1.20706 1.18122 1.15206 1.11974 1.0845 1.0467 1.00685 0.965537 0.923471 0.881439 0.840262 0.800755 0.763666 0.72963 0.699119 0.672422 0.649633 0.630663 0.61527 0.603096 0.593714 0.586667 0.58151 0.577831 0.575273 0.573541 0.572397 0.571664 0.57121 0.570944 0.570806 0.570758 0.570781 0.570865 0.571009 0.571215 0.571486 0.571823 0.572223 0.572679 0.573178 0.573705 
0.567197 0.567724 0.56822 0.568673 0.569071 0.56941 0.56969 0.569912 0.570086 0.570219 0.570322 0.570411 0.570505 0.570633 0.570843 0.571207 0.571839 0.572912 0.574666 0.577431 0.581626 0.587757 0.596397 0.608143 0.623567 0.64315 0.66722 0.695897 0.729057 0.766324 0.807092 0.850569 0.89584 0.941936 0.987906 1.03287 1.07606 1.11684 1.15475 1.18943 1.22068 1.2484 1.27261 1.29338 1.31084 1.32518 1.33658 1.34523 1.35129 1.35488 1.35608 1.35489 1.35125 1.34507 1.3362 1.32445 1.30964 1.29158 1.27011 1.24511 1.21654 1.18443 1.14891 1.11024 1.06884 1.02526 0.980198 0.934481 0.889024 0.844773 0.802641 0.763446 0.727844 0.696295 0.669031 0.646066 0.627218 0.612146 0.600407 0.591499 0.584915 0.580174 0.576847 0.574573 0.573058 0.572077 0.571463 0.571095 0.570894 0.570809 0.570809 0.570881 0.571017 0.57122 0.571488 0.571824 0.572224 0.572679 0.573178 0.573705 
0.567197 0.567724 0.56822 0.568673 0.569072 0.569411 0.56969 0.569913 0.570088 0.570223 0.570332 0.570432 0.570549 0.570721 0.571011 0.571517 0.57239 0.573851 0.576207 0.579866 0.585337 0.593217 0.604156 0.618809 0.637767 0.661482 0.6902 0.723905 0.762295 0.80479 0.850569 0.89864 0.94792 0.997316 1.04581 1.09249 1.13664 1.17771 1.2153 1.2492 1.27934 1.30575 1.32854 1.34788 1.364 1.37713 1.38751 1.39535 1.40084 1.40411 1.40524 1.40424 1.40106 1.39559 1.38767 1.3771 1.36364 1.34705 1.32711 1.30359 1.27633 1.24524 1.21032 1.17171 1.1297 1.08476 1.03755 0.988893 0.939771 0.891236 0.844356 0.800133 0.759424 0.722879 0.690903 0.663645 0.641013 0.622714 0.608307 0.597263 0.589018 0.583024 0.578779 0.575851 0.573884 0.572599 0.571784 0.571289 0.571008 0.570874 0.570846 0.570901 0.571028 0.571225 0.571491 0.571826 0.572225 0.57268 0.573179 0.573705 
0.567197 0.567724 0.56822 0.568673 0.569072 0.569411 0.56969 0.569914 0.57009 0.570229 0.570346 0.570462 0.570609 0.57084 0.571235 0.571925 0.573101 0.575045 0.578136 0.58287 0.589846 0.599749 0.6133 0.631188 0.653998 0.682116 0.715667 0.754465 0.798002 0.845473 0.89584 0.94792 1.00048 1.05235 1.10246 1.14995 1.19415 1.23462 1.27111 1.30353 1.33194 1.3565 1.37744 1.39501 1.40952 1.42123 1.43043 1.43735 1.44219 1.44509 1.44613 1.44533 1.44264 1.43796 1.43111 1.42187 1.40999 1.39519 1.37716 1.3556 1.33025 1.30088 1.26735 1.22966 1.18796 1.14259 1.09415 1.04341 0.991383 0.939187 0.888026 0.839079 0.793404 0.75186 0.715051 0.68329 0.656611 0.634798 0.61744 0.603995 0.593859 0.586419 0.581102 0.577402 0.574894 0.573241 0.572183 0.571531 0.571152 0.570958 0.570893 0.570927 0.571043 0.571233 0.571495 0.571828 0.572226 0.57268 0.573179 0.573705 
0.567197 0.567724 0.56822 0.568673 0.569072 0.569411 0.569691 0.569916 0.570094 0.570238 0.570364 0.570501 0.570689 0.570995 0.571525 0.572443 0.573994 0.576523 0.580491 0.586483 0.595192 0.60738 0.623824 0.645226 0.672128 0.704817 0.743261 0.787073 0.835515 0.887552 0.941936 0.997316 1.05235 1.10581 1.15664 1.20404 1.24746 1.28658 1.3213 1.35167 1.3779 1.40025 1.41906 1.43466 1.4474 1.4576 1.46555 1.4715 1.47566 1.47817 1.4791 1.4785 1.4763 1.4724 1.46665 1.45881 1.44862 1.43576 1.41988 1.40061 1.37759 1.35047 1.31898 1.28296 1.2424 1.19752 1.14876 1.09685 1.04275 0.987629 0.932795 0.879575 0.829225 0.78282 0.741177 0.704807 0.673898 0.648342 0.627786 0.6117 0.599453 0.59038 0.583836 0.579243 0.576104 0.574016 0.572668 0.571827 0.571329 0.571061 0.570952 0.57096 0.571061 0.571243 0.5715 0.57183 0.572227 0.572681 0.573179 0.573705 
0.567197 0.567724 0.568221 0.568673 0.569072 0.569411 0.569692 0.569918 0.570099 0.570249 0.570389 0.570553 0.570792 0.571193 0.571889 0.573087 0.575087 0.578307 0.583294 0.590725 0.601379 0.61609 0.635665 0.660794 0.691941 0.72926 0.77253 0.821138 0.874108 0.930176 0.987906 1.04581 1.10246 1.15664 1.20734 1.25387 1.29579 1.33296 1.3654 1.39334 1.4171 1.43704 1.45359 1.46715 1.47809 1.48677 1.49348 1.49847 1.50196 1.50407 1.5049 1.50446 1.50272 1.49958 1.49489 1.48842 1.4799 1.46901 1.45537 1.43854 1.4181 1.39359 1.36461 1.33085 1.29214 1.24853 1.20033 1.14813 1.09283 1.0356 0.97779 0.920867 0.866259 0.815256 0.768902 0.72792 0.692684 0.663224 0.639275 0.620344 0.60579 0.594907 0.586989 0.581384 0.577521 0.574932 0.573245 0.572182 0.571542 0.571186 0.571024 0.571001 0.571083 0.571255 0.571507 0.571834 0.572228 0.572682 0.57318 0.573705 
0.567198 0.567724 0.568221 0.568673 0.569072 0.569412 0.569693 0.569921 0.570106 0.570264 0.570421 0.570619 0.570922 0.571438 0.572335 0.573864 0.57639 0.580406 0.58655 0.595587 0.608377 0.625807 0.648696 0.677688 0.71314 0.75504 0.802952 0.856023 0.913038 0.97252 1.03287 1.09249 1.14995 1.20404 1.25387 1.29885 1.33873 1.37349 1.40334 1.42863 1.44978 1.46727 1.48157 1.49312 1.50233 1.50955 1.51509 1.51919 1.52204 1.52378 1.52449 1.5242 1.52286 1.5204 1.51668 1.51148 1.50454 1.49554 1.48408 1.46971 1.45193 1.43021 1.40403 1.37295 1.33663 1.29496 1.24806 1.19639 1.14073 1.0822 1.02217 0.962192 0.903842 0.848613 0.797776 0.752282 0.712713 0.679265 0.651788 0.62985 0.612824 0.599978 0.59055 0.583821 0.579148 0.57599 0.573917 0.572599 0.571794 0.571335 0.571111 0.571049 0.57111 0.571269 0.571514 0.571838 0.572231 0.572683 0.57318 0.573705 
0.567198 0.567724 0.568221 0.568673 0.569072 0.569412 0.569694 0.569924 0.570114 0.570283 0.570461 0.5707 0.57108 0.571734 0.572865 0.574778 0.577903 0.582816 0.59024 0.601029 0.616111 0.636409 0.662728 0.695639 0.735363 0.781693 0.833964 0.891077 0.951585 1.01382 1.07606 1.13664 1.19415 1.24746 1.29579 1.33873 1.37616 1.40826 1.43535 1.45792 1.47648 1.49157 1.50372 1.51339 1.521 1.5269 1.53138 1.53468 1.53696 1.53837 1.53896 1.53878 1.53778 1.53591 1.53303 1.52895 1.52344 1.51616 1.50674 1.49471 1.47953 1.46062 1.43736 1.4092 1.37564 1.3364 1.29142 1.24098 1.18573 1.12668 1.06518 1.00282 0.941306 0.882303 0.827302 0.77749 0.733669 0.696227 0.665152 0.6401 0.620478 0.605542 0.59449 0.586539 0.580975 0.577188 0.574683 0.573076 0.572085 0.571508 0.571211 0.571106 0.571141 0.571286 0.571524 0.571842 0.572233 0.572684 0.573181 0.573706 
0.567198 0.567724 0.568221 0.568674 0.569073 0.569413 0.569696 0.569929 0.570125 0.570306 0.57051 0.570797 0.571268 0.572081 0.57348 0.575826 0.579617 0.585512 0.594322 0.606977 0.624464 0.647722 0.677518 0.714322 0.758195 0.808719 0.864988 0.925661 0.989079 1.05341 1.11684 1.17771 1.23462 1.28658 1.33296 1.37349 1.40826 1.43756 1.46187 1.48178 1.49786 1.51073 1.52091 1.52889 1.53508 1.53981 1.54337 1.54596 1.54776 1.54887 1.54936 1.54925 1.54854 1.54715 1.54497 1.54185 1.53756 1.5318 1.52421 1.51431 1.50157 1.48535 1.465 1.43982 1.40923 1.37274 1.33013 1.28149 1.22729 1.16842 1.10616 1.04209 0.978008 0.915733 0.856957 0.803098 0.755189 0.713822 0.679149 0.650933 0.628636 0.611522 0.598758 0.589505 0.582983 0.578513 0.575535 0.573611 0.572413 0.571704 0.571326 0.571172 0.571178 0.571306 0.571534 0.571848 0.572236 0.572685 0.573181 0.573706 
0.567198 0.567724 0.568221 0.568674 0.569073 0.569414 0.569699 0.569935 0.570137 0.570333 0.570567 0.57091 0.571484 0.572476 0.574173 0.576993 0.581508 0.588454 0.598727 0.613327 0.633281 0.659527 0.692773 0.733367 0.78119 0.835601 0.895454 0.95918 1.02493 1.09074 1.15475 1.2153 1.27111 1.3213 1.3654 1.40334 1.43535 1.46187 1.48351 1.5009 1.51471 1.52556 1.53399 1.5405 1.54546 1.5492 1.55198 1.55399 1.55537 1.55623 1.55663 1.55658 1.55608 1.55507 1.55347 1.55113 1.54786 1.54339 1.53737 1.52935 1.51881 1.50509 1.48749 1.46525 1.43766 1.40409 1.36415 1.31771 1.26507 1.20697 1.14456 1.07941 1.01336 0.948331 0.886212 0.828639 0.776874 0.731725 0.693522 0.662154 0.637157 0.617816 0.603283 0.592672 0.585141 0.579946 0.576463 0.574197 0.572774 0.571922 0.571453 0.571245 0.571219 0.571329 0.571547 0.571854 0.572239 0.572687 0.573182 0.573706 
0.567198 0.567724 0.568221 0.568674 0.569073 0.569415 0.569702 0.569941 0.570152 0.570365 0.570632 0.571038 0.571725 0.572913 0.574932 0.57826 0.583538 0.591583 0.603364 0.619942 0.642373 0.671572 0.708171 0.75238 0.803888 0.86183 0.924827 0.991098 1.05863 1.12537 1.18943 1.2492 1.30353 1.35167 1.39334 1.42863 1.45792 1.48178 1.5009 1.516 1.52778 1.53685 1.54379 1.54903 1.55297 1.5559 1.55804 1.55957 1.56062 1.56127 1.56158 1.56157 1.56123 1.56052 1.55936 1.55765 1.5552 1.55178 1.54708 1.54067 1.53205 1.52057 1.5055 1.48603 1.46136 1.43073 1.39358 1.3496 1.29889 1.24201 1.17998 1.11431 1.04683 0.979565 0.914556 0.853642 0.798311 0.749586 0.707984 0.673537 0.645867 0.624298 0.607976 0.595978 0.58741 0.581462 0.577451 0.574824 0.573162 0.572156 0.571592 0.571325 0.571264 0.571354 0.57156 0.571862 0.572243 0.572689 0.573183 0.573707 
0.567198 0.567724 0.568221 0.568674 0.569074 0.569417 0.569705 0.569949 0.570169 0.5704 0.570704 0.571179 0.571987 0.573382 0.575741 0.579597 0.585661 0.594823 0.608122 0.626666 0.651525 0.683581 0.723372 0.77096 0.825839 0.886926 0.952621 1.02096 1.08978 1.15698 1.22068 1.27934 1.33194 1.3779 1.4171 1.44978 1.47648 1.49786 1.51471 1.52778 1.53777 1.54534 1.55101 1.55521 1.55831 1.56058 1.56221 1.56337 1.56415 1.56464 1.56488 1.56489 1.56466 1.56417 1.56335 1.56211 1.56031 1.55773 1.55411 1.54904 1.54205 1.53251 1.5197 1.50276 1.48083 1.45305 1.41869 1.37728 1.32872 1.27338 1.21214 1.1464 1.07798 1.00896 0.941511 0.877653 0.819086 0.767046 0.722237 0.684842 0.654581 0.630827 0.612733 0.599351 0.589738 0.583027 0.578475 0.575479 0.57357 0.572404 0.571739 0.57141 0.571313 0.571381 0.571575 0.571869 0.572247 0.572691 0.573184 0.573707 
0.567199 0.567724 0.568221 0.568674 0.569075 0.569418 0.569708 0.569957 0.570187 0.570439 0.570781 0.571327 0.572263 0.573872 0.576577 0.580967 0.587819 0.59809 0.612877 0.633329 0.660516 0.695272 0.738038 0.788721 0.846626 0.910458 0.978419 1.04838 1.11808 1.18537 1.2484 1.30575 1.3565 1.40025 1.43704 1.46727 1.49157 1.51073 1.52556 1.53685 1.54534 1.55163 1.55626 1.55962 1.56206 1.5638 1.56504 1.5659 1.56648 1.56684 1.56702 1.56704 1.5669 1.56656 1.56599 1.56511 1.5638 1.56188 1.5591 1.55512 1.54949 1.5416 1.53074 1.51606 1.49663 1.4715 1.43983 1.40097 1.35464 1.30102 1.24085 1.1754 1.10645 1.03612 0.966656 0.900256 0.83881 0.783754 0.73598 0.695819 0.663099 0.637252 0.617444 0.602711 0.59207 0.584603 0.579513 0.576145 0.573987 0.572659 0.571891 0.571499 0.571363 0.571409 0.57159 0.571877 0.572251 0.572693 0.573185 0.573708 
0.567199 0.567725 0.568221 0.568675 0.569075 0.56942 0.569712 0.569966 0.570206 0.570479 0.57086 0.57148 0.572544 0.574368 0.577416 0.582331 0.58995 0.601291 0.617502 0.639758 0.669122 0.706375 0.751852 0.805312 0.865876 0.932058 1.00189 1.07309 1.14332 1.21043 1.27261 1.32854 1.37744 1.41906 1.45359 1.48157 1.50372 1.52091 1.53399 1.54379 1.55101 1.55626 1.56004 1.56273 1.56464 1.56598 1.56692 1.56756 1.56798 1.56825 1.56838 1.56841 1.56832 1.56809 1.5677 1.56708 1.56614 1.56471 1.5626 1.55948 1.55495 1.54843 1.53923 1.5265 1.50928 1.48656 1.45737 1.42094 1.37681 1.325 1.26606 1.20115 1.132 1.06071 0.989637 0.921088 0.85713 0.799388 0.748929 0.706232 0.671231 0.643421 0.621994 0.605974 0.594347 0.58615 0.580537 0.576805 0.574402 0.572914 0.572044 0.571588 0.571414 0.571437 0.571606 0.571886 0.572256 0.572695 0.573186 0.573708 
0.567199 0.567725 0.568221 0.568675 0.569076 0.569421 0.569716 0.569975 0.570226 0.570519 0.57094 0.571632 0.572821 0.574853 0.578232 0.583648 0.591993 0.604338 0.621871 0.645789 0.677138 0.716642 0.764533 0.820428 0.883282 0.951437 1.02277 1.09489 1.1654 1.23215 1.29338 1.34788 1.39501 1.43466 1.46715 1.49312 1.51339 1.52889 1.5405 1.54903 1.55521 1.55962 1.56273 1.56491 1.56641 1.56744 1.56815 1.56862 1.56894 1.56913 1.56923 1.56925 1.5692 1.56905 1.56879 1.56836 1.56768 1.56662 1.56501 1.56257 1.55891 1.55351 1.54568 1.5346 1.51929 1.49868 1.47173 1.43753 1.39548 1.34543 1.28778 1.22357 1.15445 1.08252 1.01018 0.93985 0.873749 0.813666 0.760831 0.71586 0.678793 0.649191 0.626273 0.609059 0.596511 0.587628 0.581519 0.577442 0.574804 0.573162 0.572193 0.571676 0.571465 0.571466 0.571621 0.571894 0.57226 0.572698 0.573188 0.573709 
0.567199 0.567725 0.568222 0.568675 0.569077 0.569423 0.56972 0.569984 0.570245 0.570558 0.571017 0.571778 0.573085 0.575312 0.578998 0.584878 0.593888 0.607146 0.625873 0.651277 0.684385 0.725864 0.77585 0.833829 0.898608 0.968383 1.0409 1.11367 1.18428 1.25056 1.31084 1.364 1.40952 1.4474 1.47809 1.50233 1.521 1.53508 1.54546 1.55297 1.55831 1.56206 1.56464 1.56641 1.56761 1.56841 1.56895 1.5693 1.56953 1.56967 1.56975 1.56977 1.56974 1.56964 1.56946 1.56916 1.56867 1.56789 1.56666 1.56473 1.56175 1.55723 1.55053 1.54081 1.5271 1.5083 1.48329 1.45107 1.41091 1.3625 1.30611 1.24267 1.17373 1.1014 1.02809 0.956319 0.88843 0.826356 0.77147 0.724515 0.685628 0.654434 0.63018 0.61189 0.598506 0.588997 0.582434 0.578037 0.575183 0.573396 0.572335 0.57176 0.571513 0.571493 0.571636 0.571902 0.572264 0.5727 0.573189 0.57371 
