2.39492 2.39518 2.39543 2.39569 2.39593 2.39618 2.39641 2.39663 2.39685 2.39706 2.39726 2.39745 2.39764 2.39782 2.398 2.39818 2.39836 2.39855 2.39875 2.39896 2.39919 2.39943 2.39969 2.39997 2.40028 2.40061 2.40098 2.40137 2.40178 2.40223 2.4027 2.4032 2.40372 2.40426 2.40481 2.40537 2.40594 2.40651 2.40707 2.40762 2.40816 2.40866 2.40914 2.40958 2.40998 2.41033 2.41063 2.41087 2.41105 2.41117 2.41123 2.41122 2.41115 2.41101 2.41082 2.41056 2.41025 2.4099 2.40949 2.40905 2.40857 2.40807 2.40754 2.407 2.40645 2.40589 2.40534 2.40479 2.40426 2.40374 2.40325 2.40277 2.40233 2.40191 2.40153 2.40118 2.40086 2.40057 2.40032 2.40011 2.39992 2.39978 2.39966 2.39958 2.39953 2.39951 2.39952 2.39956 2.39962 2.39972 2.39984 2.39998 2.40014 2.40032 2.40052 2.40074 2.40097 2.4012 2.40145 2.40171 
2.39518 2.39543 2.39569 2.39594 2.39619 2.39643 2.39667 2.39689 2.39711 2.39731 2.39751 2.39771 2.39789 2.39807 2.39825 2.39843 2.39862 2.39881 2.39901 2.39922 2.39944 2.39968 2.39995 2.40023 2.40055 2.40088 2.40125 2.40165 2.40207 2.40252 2.403 2.40351 2.40404 2.40459 2.40515 2.40573 2.40631 2.40689 2.40746 2.40803 2.40857 2.40909 2.40958 2.41003 2.41044 2.41079 2.4111 2.41134 2.41153 2.41165 2.41171 2.4117 2.41163 2.41149 2.41129 2.41103 2.41072 2.41035 2.40994 2.40948 2.409 2.40848 2.40794 2.40739 2.40682 2.40625 2.40569 2.40513 2.40459 2.40406 2.40356 2.40308 2.40262 2.4022 2.40181 2.40145 2.40113 2.40084 2.40059 2.40037 2.40018 2.40003 2.39992 2.39983 2.39978 2.39976 2.39977 2.39981 2.39988 2.39997 2.40009 2.40023 2.40039 2.40058 2.40078 2.40099 2.40122 2.40146 2.40171 2.40196 
2.39543 2.39569 2.39595 2.3962 2.39645 2.39669 2.39692 2.39715 2.39737 2.39758 2.39778 2.39797 2.39816 2.39835 2.39853 2.39872 2.39891 2.3991 2.39931 2.39953 2.39977 2.40003 2.40031 2.40062 2.40095 2.40131 2.40171 2.40213 2.40259 2.40308 2.40359 2.40414 2.40471 2.4053 2.40591 2.40652 2.40715 2.40777 2.40839 2.409 2.40958 2.41014 2.41066 2.41115 2.41158 2.41197 2.41229 2.41256 2.41276 2.41289 2.41295 2.41294 2.41286 2.41271 2.41249 2.41221 2.41187 2.41148 2.41103 2.41054 2.41002 2.40946 2.40888 2.40828 2.40768 2.40707 2.40646 2.40586 2.40527 2.40471 2.40416 2.40365 2.40316 2.4027 2.40228 2.4019 2.40155 2.40124 2.40096 2.40073 2.40053 2.40036 2.40024 2.40014 2.40008 2.40005 2.40006 2.40009 2.40015 2.40024 2.40036 2.4005 2.40066 2.40084 2.40104 2.40125 2.40148 2.40172 2.40197 2.40222 
2.39569 2.39594 2.3962 2.39645 2.3967 2.39695 2.39718 2.39741 2.39763 2.39784 2.39805 2.39825 2.39844 2.39863 2.39883 2.39903 2.39923 2.39945 2.39967 2.39992 2.40018 2.40047 2.40078 2.40113 2.4015 2.40191 2.40235 2.40283 2.40335 2.4039 2.40448 2.4051 2.40574 2.4064 2.40709 2.40778 2.40848 2.40919 2.40988 2.41056 2.41121 2.41184 2.41243 2.41297 2.41345 2.41388 2.41424 2.41454 2.41476 2.4149 2.41497 2.41495 2.41486 2.41469 2.41445 2.41413 2.41375 2.4133 2.4128 2.41225 2.41166 2.41104 2.41039 2.40972 2.40903 2.40835 2.40766 2.40699 2.40633 2.40569 2.40508 2.4045 2.40395 2.40343 2.40296 2.40252 2.40213 2.40177 2.40146 2.40119 2.40096 2.40077 2.40062 2.4005 2.40042 2.40038 2.40037 2.40039 2.40044 2.40053 2.40063 2.40077 2.40092 2.4011 2.4013 2.40151 2.40174 2.40197 2.40222 2.40247 
2.39593 2.39619 2.39645 2.3967 2.39695 2.3972 2.39744 2.39767 2.39789 2.39811 2.39832 2.39853 2.39873 2.39894 2.39915 2.39937 2.39959 2.39983 2.40009 2.40037 2.40067 2.40101 2.40137 2.40177 2.40221 2.40268 2.4032 2.40376 2.40437 2.40501 2.40569 2.40641 2.40716 2.40793 2.40872 2.40953 2.41035 2.41116 2.41197 2.41275 2.41351 2.41423 2.41491 2.41553 2.41609 2.41658 2.417 2.41733 2.41759 2.41775 2.41782 2.4178 2.41769 2.41749 2.41721 2.41684 2.41639 2.41588 2.4153 2.41466 2.41398 2.41325 2.4125 2.41172 2.41093 2.41013 2.40934 2.40855 2.40779 2.40704 2.40633 2.40565 2.40501 2.40441 2.40385 2.40334 2.40287 2.40246 2.40209 2.40176 2.40149 2.40125 2.40106 2.40092 2.40081 2.40074 2.40071 2.40072 2.40075 2.40082 2.40092 2.40104 2.40119 2.40137 2.40156 2.40177 2.40199 2.40223 2.40247 2.40272 
2.39618 2.39643 2.39669 2.39695 2.3972 2.39744 2.39769 2.39792 2.39815 2.39838 2.3986 2.39882 2.39904 2.39927 2.3995 2.39974 2.4 2.40027 2.40057 2.4009 2.40126 2.40165 2.40209 2.40256 2.40309 2.40366 2.40428 2.40495 2.40567 2.40644 2.40725 2.40811 2.409 2.40992 2.41087 2.41183 2.41279 2.41376 2.41471 2.41563 2.41653 2.41738 2.41817 2.4189 2.41956 2.42014 2.42062 2.42101 2.42131 2.42149 2.42157 2.42155 2.42141 2.42117 2.42083 2.4204 2.41987 2.41926 2.41857 2.41782 2.41701 2.41615 2.41526 2.41434 2.4134 2.41245 2.41151 2.41058 2.40967 2.40879 2.40794 2.40713 2.40636 2.40564 2.40498 2.40436 2.40381 2.4033 2.40285 2.40246 2.40211 2.40182 2.40158 2.40139 2.40125 2.40115 2.40109 2.40107 2.40108 2.40113 2.40122 2.40133 2.40147 2.40163 2.40182 2.40202 2.40224 2.40247 2.40271 2.40296 
2.39641 2.39667 2.39692 2.39718 2.39744 2.39769 2.39793 2.39818 2.39841 2.39865 2.39889 2.39912 2.39936 2.39961 2.39988 2.40015 2.40045 2.40077 2.40113 2.40152 2.40195 2.40242 2.40295 2.40353 2.40416 2.40486 2.40561 2.40643 2.4073 2.40823 2.40921 2.41024 2.41132 2.41243 2.41356 2.41471 2.41587 2.41703 2.41816 2.41927 2.42033 2.42135 2.42229 2.42316 2.42394 2.42462 2.4252 2.42566 2.426 2.42622 2.42631 2.42627 2.42611 2.42582 2.42541 2.42489 2.42426 2.42353 2.42271 2.42181 2.42084 2.41981 2.41874 2.41764 2.41651 2.41538 2.41425 2.41313 2.41204 2.41097 2.40995 2.40897 2.40805 2.40718 2.40637 2.40562 2.40494 2.40432 2.40377 2.40328 2.40286 2.40249 2.40219 2.40194 2.40174 2.40159 2.4015 2.40144 2.40143 2.40146 2.40152 2.40162 2.40175 2.4019 2.40207 2.40227 2.40248 2.40271 2.40295 2.4032 
2.39663 2.39689 2.39715 2.39741 2.39767 2.39792 2.39818 2.39843 2.39868 2.39893 2.39918 2.39944 2.39971 2.39999 2.40029 2.40061 2.40096 2.40134 2.40177 2.40224 2.40276 2.40334 2.40398 2.40469 2.40546 2.40631 2.40723 2.40822 2.40929 2.41042 2.41161 2.41287 2.41417 2.41551 2.41688 2.41827 2.41966 2.42105 2.42241 2.42374 2.42502 2.42623 2.42736 2.42839 2.42932 2.43013 2.43081 2.43136 2.43176 2.43202 2.43212 2.43207 2.43187 2.43152 2.43103 2.4304 2.42964 2.42877 2.42778 2.4267 2.42553 2.4243 2.42301 2.42169 2.42033 2.41897 2.4176 2.41625 2.41493 2.41365 2.41241 2.41122 2.4101 2.40904 2.40805 2.40714 2.40631 2.40555 2.40487 2.40426 2.40373 2.40327 2.40288 2.40256 2.4023 2.4021 2.40195 2.40185 2.40181 2.4018 2.40184 2.40192 2.40203 2.40216 2.40233 2.40252 2.40272 2.40295 2.40318 2.40343 
2.39685 2.39711 2.39737 2.39763 2.39789 2.39815 2.39841 2.39868 2.39894 2.39921 2.39948 2.39977 2.40007 2.40039 2.40074 2.40112 2.40153 2.40199 2.40251 2.40308 2.40371 2.40442 2.4052 2.40607 2.40702 2.40806 2.40918 2.41039 2.41169 2.41306 2.41452 2.41604 2.41761 2.41923 2.42089 2.42257 2.42425 2.42591 2.42755 2.42914 2.43067 2.43212 2.43347 2.4347 2.43581 2.43677 2.43758 2.43823 2.4387 2.439 2.43912 2.43906 2.43881 2.43839 2.4378 2.43704 2.43613 2.43507 2.43389 2.43259 2.43119 2.42971 2.42816 2.42657 2.42494 2.42329 2.42165 2.42002 2.41842 2.41687 2.41536 2.41393 2.41256 2.41128 2.41007 2.40896 2.40794 2.40701 2.40617 2.40542 2.40476 2.40418 2.40369 2.40327 2.40293 2.40266 2.40245 2.4023 2.40221 2.40217 2.40218 2.40223 2.40231 2.40243 2.40258 2.40276 2.40296 2.40317 2.4034 2.40364 
2.39706 2.39731 2.39758 2.39784 2.39811 2.39838 2.39865 2.39893 2.39921 2.3995 2.3998 2.40012 2.40047 2.40084 2.40124 2.40169 2.40219 2.40274 2.40336 2.40406 2.40483 2.40569 2.40665 2.40771 2.40887 2.41013 2.4115 2.41298 2.41455 2.41622 2.41798 2.41982 2.42173 2.42368 2.42568 2.42769 2.42971 2.43171 2.43367 2.43557 2.4374 2.43912 2.44072 2.44219 2.44351 2.44465 2.44561 2.44637 2.44693 2.44728 2.44742 2.44733 2.44704 2.44653 2.44582 2.44491 2.44382 2.44256 2.44114 2.43959 2.43791 2.43614 2.43428 2.43237 2.43041 2.42844 2.42646 2.4245 2.42258 2.4207 2.41888 2.41715 2.41549 2.41393 2.41247 2.41111 2.40987 2.40873 2.40769 2.40677 2.40595 2.40524 2.40462 2.40409 2.40365 2.40329 2.40301 2.4028 2.40265 2.40257 2.40253 2.40255 2.40261 2.40271 2.40284 2.403 2.40319 2.40339 2.40362 2.40385 
2.39726 2.39751 2.39778 2.39805 2.39832 2.3986 2.39889 2.39918 2.39948 2.3998 2.40014 2.4005 2.4009 2.40133 2.40181 2.40234 2.40293 2.4036 2.40435 2.4052 2.40614 2.40719 2.40836 2.40964 2.41105 2.41259 2.41425 2.41604 2.41795 2.41996 2.42209 2.4243 2.42659 2.42894 2.43133 2.43374 2.43615 2.43853 2.44087 2.44313 2.4453 2.44734 2.44924 2.45098 2.45253 2.45388 2.45501 2.45591 2.45657 2.45697 2.45713 2.45702 2.45666 2.45606 2.45521 2.45412 2.45283 2.45132 2.44964 2.44779 2.4458 2.44368 2.44147 2.43919 2.43685 2.43449 2.43212 2.42978 2.42747 2.42521 2.42303 2.42094 2.41894 2.41706 2.41529 2.41365 2.41213 2.41074 2.40948 2.40835 2.40734 2.40646 2.40569 2.40503 2.40447 2.40401 2.40364 2.40335 2.40314 2.40299 2.40291 2.40289 2.40292 2.40299 2.4031 2.40324 2.40341 2.40361 2.40383 2.40406 
2.39745 2.39771 2.39797 2.39825 2.39853 2.39882 2.39912 2.39944 2.39977 2.40012 2.4005 2.40092 2.40137 2.40188 2.40244 2.40308 2.40379 2.4046 2.4055 2.40653 2.40767 2.40894 2.41035 2.41191 2.41362 2.41547 2.41748 2.41963 2.42193 2.42435 2.4269 2.42954 2.43228 2.43508 2.43793 2.4408 2.44366 2.44648 2.44925 2.45193 2.45448 2.4569 2.45914 2.46118 2.463 2.46459 2.46591 2.46696 2.46772 2.4682 2.46837 2.46824 2.46781 2.46709 2.46608 2.4648 2.46326 2.46149 2.45949 2.45731 2.45495 2.45244 2.44982 2.44711 2.44434 2.44154 2.43872 2.43593 2.43317 2.43048 2.42787 2.42537 2.42297 2.42071 2.41859 2.4166 2.41477 2.41309 2.41157 2.41019 2.40896 2.40787 2.40692 2.4061 2.4054 2.40482 2.40434 2.40396 2.40367 2.40346 2.40332 2.40325 2.40324 2.40328 2.40336 2.40348 2.40364 2.40382 2.40403 2.40425 
2.39764 2.39789 2.39816 2.39844 2.39873 2.39904 2.39936 2.39971 2.40007 2.40047 2.4009 2.40137 2.4019 2.4025 2.40316 2.40392 2.40478 2.40574 2.40684 2.40807 2.40945 2.41098 2.41268 2.41456 2.41661 2.41884 2.42125 2.42382 2.42656 2.42946 2.43249 2.43564 2.43888 2.44221 2.44557 2.44896 2.45233 2.45566 2.45892 2.46206 2.46506 2.46788 2.4705 2.47289 2.47502 2.47687 2.47841 2.47963 2.48051 2.48105 2.48125 2.48109 2.48058 2.47973 2.47854 2.47704 2.47524 2.47315 2.47081 2.46824 2.46547 2.46252 2.45944 2.45625 2.45298 2.44967 2.44634 2.44303 2.43977 2.43658 2.43348 2.4305 2.42765 2.42495 2.42241 2.42004 2.41784 2.41582 2.41398 2.41232 2.41083 2.40951 2.40835 2.40734 2.40647 2.40574 2.40514 2.40465 2.40426 2.40397 2.40377 2.40364 2.40358 2.40358 2.40363 2.40373 2.40386 2.40403 2.40423 2.40445 
2.39782 2.39807 2.39835 2.39863 2.39894 2.39927 2.39961 2.39999 2.40039 2.40084 2.40133 2.40188 2.4025 2.40319 2.40399 2.40489 2.40591 2.40707 2.40838 2.40985 2.41151 2.41335 2.41539 2.41763 2.42008 2.42274 2.42561 2.42867 2.43192 2.43535 2.43894 2.44265 2.44648 2.45039 2.45435 2.45832 2.46227 2.46616 2.46996 2.47363 2.47712 2.48041 2.48345 2.48622 2.48869 2.49082 2.4926 2.49401 2.49503 2.49565 2.49587 2.49567 2.49507 2.49408 2.4927 2.49094 2.48884 2.48641 2.48368 2.48069 2.47745 2.47401 2.47041 2.46667 2.46285 2.45897 2.45506 2.45118 2.44734 2.44358 2.43992 2.4364 2.43303 2.42983 2.42681 2.42399 2.42138 2.41897 2.41676 2.41477 2.41298 2.41138 2.40998 2.40875 2.40769 2.4068 2.40604 2.40542 2.40493 2.40454 2.40426 2.40406 2.40395 2.4039 2.40392 2.40398 2.40409 2.40424 2.40442 2.40463 
2.398 2.39825 2.39853 2.39883 2.39915 2.3995 2.39988 2.40029 2.40074 2.40124 2.40181 2.40244 2.40316 2.40399 2.40492 2.40599 2.40721 2.40859 2.41015 2.41192 2.41389 2.41608 2.41851 2.42117 2.42408 2.42723 2.43062 2.43424 2.43807 2.44211 2.44631 2.45067 2.45515 2.45972 2.46433 2.46896 2.47355 2.47807 2.48248 2.48672 2.49076 2.49455 2.49806 2.50125 2.50409 2.50654 2.50859 2.5102 2.51136 2.51207 2.51231 2.51208 2.51138 2.51022 2.50862 2.5066 2.50417 2.50136 2.4982 2.49473 2.49098 2.487 2.48282 2.47848 2.47403 2.46951 2.46497 2.46043 2.45595 2.45155 2.44727 2.44314 2.43918 2.43541 2.43185 2.42852 2.42543 2.42257 2.41996 2.41758 2.41544 2.41354 2.41185 2.41037 2.40909 2.40799 2.40707 2.4063 2.40567 2.40518 2.4048 2.40453 2.40435 2.40424 2.40421 2.40424 2.40433 2.40445 2.40462 2.40482 
2.39818 2.39843 2.39872 2.39903 2.39937 2.39974 2.40015 2.40061 2.40112 2.40169 2.40234 2.40308 2.40392 2.40489 2.40599 2.40726 2.4087 2.41034 2.41219 2.41428 2.41662 2.41922 2.42208 2.42523 2.42866 2.43237 2.43634 2.44059 2.44507 2.44978 2.45469 2.45976 2.46497 2.47026 2.47561 2.48095 2.48625 2.49146 2.49653 2.5014 2.50604 2.51038 2.5144 2.51805 2.52129 2.52409 2.52642 2.52825 2.52957 2.53037 2.53063 2.53036 2.52955 2.52823 2.52639 2.52406 2.52127 2.51805 2.51443 2.51044 2.50613 2.50155 2.49674 2.49174 2.4866 2.48138 2.47613 2.47087 2.46567 2.46056 2.45558 2.45077 2.44615 2.44174 2.43758 2.43368 2.43004 2.42668 2.4236 2.42079 2.41826 2.41599 2.41398 2.41221 2.41067 2.40935 2.40822 2.40728 2.40651 2.40589 2.4054 2.40504 2.40478 2.40461 2.40453 2.40452 2.40457 2.40467 2.40482 2.40501 
2.39836 2.39862 2.39891 2.39923 2.39959 2.4 2.40045 2.40096 2.40153 2.40219 2.40293 2.40379 2.40478 2.40591 2.40721 2.4087 2.4104 2.41234 2.41452 2.41699 2.41974 2.42279 2.42616 2.42985 2.43386 2.43819 2.44283 2.44777 2.45298 2.45844 2.46412 2.46998 2.47599 2.48208 2.48822 2.49436 2.50043 2.50639 2.51218 2.51774 2.52301 2.52796 2.53253 2.53666 2.54034 2.54351 2.54614 2.54821 2.5497 2.55059 2.55088 2.55056 2.54964 2.54813 2.54603 2.54339 2.54021 2.53654 2.53241 2.52787 2.52296 2.51772 2.51222 2.5065 2.50062 2.49463 2.48859 2.48255 2.47656 2.47067 2.46492 2.45935 2.45399 2.44888 2.44405 2.4395 2.43526 2.43133 2.42772 2.42442 2.42145 2.41877 2.41639 2.4143 2.41247 2.41089 2.40953 2.4084 2.40745 2.40668 2.40607 2.4056 2.40526 2.40502 2.40488 2.40482 2.40483 2.4049 2.40503 2.4052 
2.39855 2.39881 2.3991 2.39945 2.39983 2.40027 2.40077 2.40134 2.40199 2.40274 2.4036 2.4046 2.40574 2.40707 2.40859 2.41034 2.41234 2.41461 2.41717 2.42005 2.42327 2.42684 2.43077 2.43506 2.43973 2.44475 2.45012 2.45583 2.46184 2.46813 2.47466 2.48139 2.48826 2.49523 2.50223 2.50922 2.51613 2.5229 2.52946 2.53575 2.54172 2.5473 2.55245 2.55711 2.56125 2.56481 2.56776 2.57008 2.57175 2.57275 2.57306 2.57269 2.57165 2.56993 2.56757 2.56458 2.56099 2.55685 2.55218 2.54704 2.54148 2.53554 2.5293 2.52281 2.51612 2.5093 2.50241 2.49552 2.48867 2.48192 2.47532 2.46892 2.46276 2.45687 2.45129 2.44603 2.44111 2.43655 2.43235 2.42852 2.42504 2.42191 2.41912 2.41665 2.41449 2.41262 2.41101 2.40965 2.40851 2.40757 2.40682 2.40623 2.40578 2.40546 2.40525 2.40513 2.4051 2.40514 2.40524 2.4054 
2.39875 2.39901 2.39931 2.39967 2.40009 2.40057 2.40113 2.40177 2.40251 2.40336 2.40435 2.4055 2.40684 2.40838 2.41015 2.41219 2.41452 2.41717 2.42016 2.42352 2.42726 2.4314 2.43595 2.44092 2.4463 2.45209 2.45827 2.46481 2.4717 2.47889 2.48634 2.494 2.50182 2.50973 2.51766 2.52557 2.53337 2.54099 2.54838 2.55545 2.56215 2.56841 2.57417 2.57939 2.584 2.58798 2.59127 2.59385 2.59571 2.59681 2.59715 2.59673 2.59555 2.59363 2.59098 2.58763 2.58361 2.57896 2.57372 2.56795 2.5617 2.55503 2.548 2.54067 2.53312 2.52541 2.51762 2.5098 2.50202 2.49435 2.48683 2.47953 2.47249 2.46575 2.45934 2.4533 2.44765 2.44239 2.43754 2.4331 2.42907 2.42543 2.42218 2.4193 2.41677 2.41457 2.41267 2.41105 2.40969 2.40857 2.40765 2.40692 2.40636 2.40594 2.40565 2.40548 2.40539 2.40539 2.40547 2.40561 
2.39896 2.39922 2.39953 2.39992 2.40037 2.4009 2.40152 2.40224 2.40308 2.40406 2.4052 2.40653 2.40807 2.40985 2.41192 2.41428 2.41699 2.42005 2.42352 2.4274 2.43172 2.43649 2.44173 2.44743 2.4536 2.46023 2.46728 2.47475 2.48259 2.49075 2.49919 2.50786 2.51668 2.52559 2.53452 2.5434 2.55214 2.56067 2.56892 2.57682 2.58428 2.59125 2.59765 2.60344 2.60856 2.61296 2.61661 2.61946 2.62151 2.62272 2.62309 2.62262 2.6213 2.61916 2.61622 2.61249 2.60802 2.60284 2.59701 2.59058 2.58361 2.57615 2.56829 2.56009 2.55163 2.54298 2.53421 2.52541 2.51664 2.50797 2.49947 2.49119 2.4832 2.47553 2.46824 2.46135 2.45488 2.44886 2.4433 2.43819 2.43355 2.42935 2.42559 2.42225 2.41931 2.41674 2.41452 2.41262 2.41101 2.40968 2.40858 2.4077 2.407 2.40648 2.4061 2.40585 2.40571 2.40567 2.40571 2.40583 
2.39919 2.39944 2.39977 2.40018 2.40067 2.40126 2.40195 2.40276 2.40371 2.40483 2.40614 2.40767 2.40945 2.41151 2.41389 2.41662 2.41974 2.42327 2.42726 2.43172 2.43667 2.44214 2.44813 2.45464 2.46166 2.46919 2.4772 2.48565 2.49451 2.50371 2.51321 2.52295 2.53284 2.54281 2.55279 2.56268 2.57242 2.5819 2.59106 2.5998 2.60806 2.61576 2.62283 2.62921 2.63484 2.63968 2.64369 2.64682 2.64906 2.65039 2.65079 2.65026 2.64881 2.64644 2.64319 2.63908 2.63414 2.62843 2.62198 2.61486 2.60714 2.59888 2.59015 2.58103 2.57161 2.56197 2.55218 2.54233 2.53251 2.52279 2.51323 2.50392 2.49491 2.48625 2.47799 2.47018 2.46284 2.45599 2.44965 2.44382 2.43851 2.43369 2.42937 2.42553 2.42213 2.41915 2.41658 2.41436 2.41248 2.41091 2.40961 2.40855 2.40771 2.40707 2.40659 2.40626 2.40605 2.40596 2.40597 2.40607 
2.39943 2.39968 2.40003 2.40047 2.40101 2.40165 2.40242 2.40334 2.40442 2.40569 2.40719 2.40894 2.41098 2.41335 2.41608 2.41922 2.42279 2.42684 2.4314 2.43649 2.44214 2.44836 2.45516 2.46254 2.47049 2.47899 2.48802 2.49752 2.50746 2.51777 2.5284 2.53926 2.55027 2.56136 2.57242 2.58338 2.59414 2.60461 2.6147 2.62432 2.6334 2.64184 2.64959 2.65657 2.66273 2.66802 2.67239 2.67581 2.67825 2.67969 2.68011 2.67953 2.67793 2.67535 2.67178 2.66728 2.66187 2.6556 2.64853 2.64071 2.63222 2.62312 2.6135 2.60344 2.59302 2.58234 2.57149 2.56055 2.54962 2.53878 2.52812 2.5177 2.50761 2.49789 2.48861 2.47981 2.47153 2.46379 2.4566 2.44999 2.44395 2.43847 2.43354 2.42914 2.42524 2.42182 2.41885 2.41629 2.41411 2.41227 2.41074 2.4095 2.4085 2.40772 2.40713 2.4067 2.40643 2.40628 2.40625 2.40632 
2.39969 2.39995 2.40031 2.40078 2.40137 2.40209 2.40295 2.40398 2.4052 2.40665 2.40836 2.41035 2.41268 2.41539 2.41851 2.42208 2.42616 2.43077 2.43595 2.44173 2.44813 2.45516 2.46284 2.47115 2.48009 2.48963 2.49973 2.51035 2.52143 2.53291 2.54471 2.55674 2.56893 2.58117 2.59337 2.60542 2.61724 2.62872 2.63976 2.65027 2.66017 2.66938 2.67781 2.6854 2.69209 2.69782 2.70256 2.70626 2.7089 2.71045 2.71091 2.71026 2.70853 2.70572 2.70184 2.69695 2.69106 2.68424 2.67653 2.66801 2.65873 2.64878 2.63825 2.62722 2.61578 2.60403 2.59208 2.58001 2.56793 2.55593 2.5441 2.53253 2.52129 2.51045 2.50008 2.49024 2.48095 2.47225 2.46417 2.45671 2.44989 2.44369 2.43809 2.43309 2.42865 2.42475 2.42135 2.41841 2.41589 2.41377 2.412 2.41054 2.40936 2.40843 2.40771 2.40719 2.40684 2.40663 2.40656 2.4066 
2.39997 2.40023 2.40062 2.40113 2.40177 2.40256 2.40353 2.40469 2.40607 2.40771 2.40964 2.41191 2.41456 2.41763 2.42117 2.42523 2.42985 2.43506 2.44092 2.44743 2.45464 2.46254 2.47115 2.48046 2.49044 2.50108 2.51232 2.52411 2.53639 2.54908 2.5621 2.57535 2.58875 2.60217 2.61553 2.6287 2.64159 2.65409 2.6661 2.67751 2.68824 2.6982 2.70731 2.71551 2.72272 2.7289 2.734 2.73798 2.74082 2.74248 2.74297 2.74227 2.7404 2.73736 2.73319 2.7279 2.72155 2.71417 2.70583 2.69659 2.68654 2.67573 2.66428 2.65226 2.63978 2.62695 2.61387 2.60064 2.58737 2.57416 2.56113 2.54835 2.53591 2.5239 2.51239 2.50144 2.49109 2.48138 2.47234 2.46398 2.45632 2.44934 2.44304 2.43739 2.43237 2.42794 2.42407 2.42072 2.41785 2.41541 2.41336 2.41167 2.4103 2.40921 2.40836 2.40773 2.40728 2.40701 2.40689 2.4069 
2.40028 2.40055 2.40095 2.4015 2.40221 2.40309 2.40416 2.40546 2.40702 2.40887 2.41105 2.41362 2.41661 2.42008 2.42408 2.42866 2.43386 2.43973 2.4463 2.4536 2.46166 2.47049 2.48009 2.49044 2.50153 2.51331 2.52574 2.53875 2.55227 2.56622 2.58049 2.595 2.60963 2.62426 2.63879 2.6531 2.66707 2.68059 2.69356 2.70587 2.71742 2.72813 2.73792 2.74671 2.75444 2.76105 2.76651 2.77076 2.77379 2.77556 2.77608 2.77533 2.77332 2.77007 2.7656 2.75993 2.75312 2.7452 2.73624 2.7263 2.71546 2.70381 2.69144 2.67843 2.66491 2.65098 2.63675 2.62233 2.60785 2.59341 2.57913 2.5651 2.55143 2.53821 2.5255 2.51339 2.50192 2.49115 2.4811 2.47179 2.46324 2.45544 2.44838 2.44204 2.43639 2.4314 2.42703 2.42323 2.41997 2.41719 2.41485 2.41291 2.41133 2.41005 2.40906 2.40831 2.40777 2.40742 2.40725 2.40723 
2.40061 2.40088 2.40131 2.40191 2.40268 2.40366 2.40486 2.40631 2.40806 2.41013 2.41259 2.41547 2.41884 2.42274 2.42723 2.43237 2.43819 2.44475 2.45209 2.46023 2.46919 2.47899 2.48963 2.50108 2.51331 2.52628 2.53994 2.55421 2.56901 2.58424 2.5998 2.61558 2.63146 2.64732 2.66303 2.67847 2.69351 2.70805 2.72197 2.73516 2.74752 2.75897 2.76941 2.77878 2.787 2.79404 2.79983 2.80435 2.80756 2.80944 2.80999 2.80919 2.80706 2.8036 2.79884 2.79282 2.78555 2.77711 2.76755 2.75693 2.74533 2.73284 2.71955 2.70557 2.69101 2.67598 2.66059 2.64499 2.62928 2.61358 2.59803 2.58273 2.56778 2.5533 2.53936 2.52605 2.51342 2.50153 2.49042 2.48012 2.47063 2.46196 2.4541 2.44703 2.44071 2.43512 2.43022 2.42595 2.42226 2.41912 2.41647 2.41426 2.41244 2.41097 2.40982 2.40893 2.40829 2.40787 2.40764 2.40758 
2.40098 2.40125 2.40171 2.40235 2.4032 2.40428 2.40561 2.40723 2.40918 2.4115 2.41425 2.41748 2.42125 2.42561 2.43062 2.43634 2.44283 2.45012 2.45827 2.46728 2.4772 2.48802 2.49973 2.51232 2.52574 2.53994 2.55486 2.57042 2.58652 2.60306 2.61992 2.63698 2.65412 2.67119 2.68807 2.70464 2.72075 2.73629 2.75113 2.76518 2.77832 2.79047 2.80155 2.81147 2.82017 2.82761 2.83373 2.83849 2.84188 2.84387 2.84444 2.8436 2.84135 2.8377 2.83267 2.8263 2.81862 2.80967 2.79953 2.78825 2.77592 2.76261 2.74844 2.7335 2.71791 2.70179 2.68526 2.66846 2.65152 2.63456 2.61772 2.60113 2.58489 2.56912 2.55391 2.53936 2.52553 2.51249 2.50028 2.48894 2.47847 2.46889 2.46019 2.45234 2.44533 2.4391 2.43363 2.42885 2.42472 2.42119 2.4182 2.4157 2.41364 2.41196 2.41063 2.40961 2.40886 2.40835 2.40806 2.40796 
2.40137 2.40165 2.40213 2.40283 2.40376 2.40495 2.40643 2.40822 2.41039 2.41298 2.41604 2.41963 2.42382 2.42867 2.43424 2.44059 2.44777 2.45583 2.46481 2.47475 2.48565 2.49752 2.51035 2.52411 2.53875 2.55421 2.57042 2.58729 2.60471 2.62256 2.64073 2.65907 2.67745 2.69573 2.71377 2.73143 2.74858 2.76508 2.78083 2.7957 2.80959 2.82242 2.83408 2.84453 2.85368 2.86149 2.86791 2.87292 2.87647 2.87855 2.87915 2.87827 2.87592 2.87209 2.86681 2.86012 2.85204 2.84263 2.83194 2.82004 2.807 2.79292 2.77789 2.76202 2.74543 2.72824 2.71059 2.69261 2.67444 2.65622 2.6381 2.62019 2.60264 2.58557 2.56907 2.55325 2.5382 2.52397 2.51063 2.49821 2.48673 2.4762 2.46662 2.45797 2.45022 2.44332 2.43725 2.43194 2.42734 2.4234 2.42005 2.41724 2.41492 2.41302 2.41151 2.41034 2.40947 2.40887 2.40851 2.40837 
2.40178 2.40207 2.40259 2.40335 2.40437 2.40567 2.4073 2.40929 2.41169 2.41455 2.41795 2.42193 2.42656 2.43192 2.43807 2.44507 2.45298 2.46184 2.4717 2.48259 2.49451 2.50746 2.52143 2.53639 2.55227 2.56901 2.58652 2.60471 2.62345 2.64262 2.66208 2.68168 2.70129 2.72076 2.73992 2.75865 2.7768 2.79423 2.81084 2.82649 2.84109 2.85454 2.86677 2.8777 2.88726 2.89542 2.90212 2.90734 2.91105 2.91322 2.91385 2.91294 2.91048 2.9065 2.901 2.89401 2.88557 2.87573 2.86453 2.85205 2.83835 2.82353 2.80768 2.79092 2.77337 2.75515 2.7364 2.71726 2.69789 2.67842 2.65901 2.63981 2.62095 2.60256 2.58476 2.56766 2.55135 2.53592 2.52141 2.50789 2.49536 2.48386 2.47337 2.46388 2.45536 2.44777 2.44107 2.43521 2.43012 2.42574 2.42201 2.41888 2.41628 2.41415 2.41244 2.41111 2.41012 2.40942 2.40899 2.40881 
2.40223 2.40252 2.40308 2.4039 2.40501 2.40644 2.40823 2.41042 2.41306 2.41622 2.41996 2.42435 2.42946 2.43535 2.44211 2.44978 2.45844 2.46813 2.47889 2.49075 2.50371 2.51777 2.53291 2.54908 2.56622 2.58424 2.60306 2.62256 2.64262 2.66308 2.68382 2.70467 2.72548 2.74609 2.76634 2.78609 2.8052 2.82351 2.84092 2.85731 2.87256 2.8866 2.89934 2.91071 2.92066 2.92913 2.93608 2.94149 2.94534 2.94759 2.94825 2.94732 2.94478 2.94065 2.93496 2.92771 2.91895 2.90871 2.89705 2.88403 2.86972 2.85421 2.8376 2.82 2.80152 2.78231 2.7625 2.74225 2.72169 2.70101 2.68034 2.65985 2.63968 2.61998 2.60087 2.58248 2.56492 2.54825 2.53257 2.51791 2.50432 2.49182 2.48039 2.47004 2.46073 2.45243 2.44508 2.43863 2.43303 2.4282 2.42408 2.42061 2.41772 2.41534 2.41343 2.41194 2.41081 2.41001 2.40951 2.40928 
2.4027 2.403 2.40359 2.40448 2.40569 2.40725 2.40921 2.41161 2.41452 2.41798 2.42209 2.4269 2.43249 2.43894 2.44631 2.45469 2.46412 2.47466 2.48634 2.49919 2.51321 2.5284 2.54471 2.5621 2.58049 2.5998 2.61992 2.64073 2.66208 2.68382 2.7058 2.72786 2.74983 2.77154 2.79284 2.81356 2.83356 2.8527 2.87086 2.88792 2.90377 2.91834 2.93154 2.94331 2.9536 2.96234 2.96953 2.97511 2.97907 2.98141 2.98209 2.98113 2.97853 2.97429 2.96842 2.96095 2.9519 2.94132 2.92924 2.91574 2.90087 2.88473 2.86741 2.84902 2.82968 2.80953 2.78871 2.76738 2.74569 2.72382 2.70192 2.68016 2.65871 2.63771 2.6173 2.59763 2.5788 2.5609 2.54403 2.52823 2.51356 2.50003 2.48766 2.47642 2.4663 2.45726 2.44925 2.4422 2.43607 2.43077 2.42624 2.42242 2.41922 2.41659 2.41447 2.4128 2.41153 2.41062 2.41005 2.40978 
2.4032 2.40351 2.40414 2.4051 2.40641 2.40811 2.41024 2.41287 2.41604 2.41982 2.4243 2.42954 2.43564 2.44265 2.45067 2.45976 2.46998 2.48139 2.494 2.50786 2.52295 2.53926 2.55674 2.57535 2.595 2.61558 2.63698 2.65907 2.68168 2.70467 2.72786 2.75108 2.77416 2.79692 2.8192 2.84083 2.86167 2.88157 2.90041 2.91809 2.93449 2.94953 2.96314 2.97526 2.98583 2.99482 3.0022 3.00793 3.012 3.0144 3.01511 3.01414 3.01149 3.00715 3.00114 2.99348 2.98419 2.9733 2.96087 2.94694 2.93158 2.91486 2.8969 2.87778 2.85764 2.83661 2.81484 2.79248 2.76971 2.74669 2.7236 2.70061 2.6779 2.65562 2.63394 2.61299 2.5929 2.57378 2.55571 2.53877 2.52301 2.50845 2.49511 2.48298 2.47204 2.46225 2.45355 2.44589 2.43921 2.43344 2.42849 2.4243 2.42079 2.4179 2.41555 2.4137 2.41229 2.41127 2.41062 2.4103 
2.40372 2.40404 2.40471 2.40574 2.40716 2.409 2.41132 2.41417 2.41761 2.42173 2.42659 2.43228 2.43888 2.44648 2.45515 2.46497 2.47599 2.48826 2.50182 2.51668 2.53284 2.55027 2.56893 2.58875 2.60963 2.63146 2.65412 2.67745 2.70129 2.72548 2.74983 2.77416 2.79829 2.82203 2.84523 2.86771 2.88931 2.90991 2.92938 2.9476 2.96448 2.97993 2.9939 3.00632 3.01714 3.02633 3.03387 3.03973 3.04389 3.04634 3.04708 3.04611 3.04341 3.039 3.03288 3.02507 3.01558 3.00444 2.9917 2.9774 2.9616 2.94438 2.92584 2.90606 2.88519 2.86334 2.84068 2.81736 2.79356 2.76945 2.74521 2.72104 2.6971 2.67359 2.65065 2.62845 2.60712 2.58678 2.56754 2.54946 2.53261 2.51702 2.50271 2.48968 2.4779 2.46734 2.45796 2.44968 2.44245 2.43618 2.4308 2.42624 2.42241 2.41924 2.41668 2.41464 2.41308 2.41195 2.41121 2.41084 
2.40426 2.40459 2.4053 2.4064 2.40793 2.40992 2.41243 2.41551 2.41923 2.42368 2.42894 2.43508 2.44221 2.45039 2.45972 2.47026 2.48208 2.49523 2.50973 2.52559 2.54281 2.56136 2.58117 2.60217 2.62426 2.64732 2.67119 2.69573 2.72076 2.74609 2.77154 2.79692 2.82203 2.8467 2.87074 2.894 2.9163 2.93753 2.95754 2.97624 2.99354 3.00935 3.02361 3.03628 3.0473 3.05666 3.06433 3.07028 3.07452 3.07702 3.07779 3.07681 3.07409 3.06963 3.06343 3.0555 3.04586 3.03452 3.02153 3.00692 2.99075 2.97309 2.95403 2.93367 2.91212 2.88954 2.86605 2.84184 2.81707 2.79193 2.76661 2.7413 2.71619 2.69147 2.66732 2.6439 2.62136 2.59982 2.57941 2.5602 2.54227 2.52566 2.51039 2.49645 2.48384 2.47252 2.46244 2.45354 2.44574 2.43898 2.43316 2.42822 2.42407 2.42063 2.41783 2.4156 2.41389 2.41264 2.41183 2.4114 
2.40481 2.40515 2.40591 2.40709 2.40872 2.41087 2.41356 2.41688 2.42089 2.42568 2.43133 2.43793 2.44557 2.45435 2.46433 2.47561 2.48822 2.50223 2.51766 2.53452 2.55279 2.57242 2.59337 2.61553 2.63879 2.66303 2.68807 2.71377 2.73992 2.76634 2.79284 2.8192 2.84523 2.87074 2.89556 2.91951 2.94245 2.96422 2.98472 3.00383 3.02148 3.03758 3.05209 3.06495 3.07614 3.08562 3.09339 3.09942 3.10371 3.10625 3.10704 3.10607 3.10335 3.09885 3.0926 3.08459 3.07484 3.06335 3.05016 3.0353 3.01882 3.00079 2.98128 2.9604 2.93827 2.91501 2.89078 2.86574 2.84007 2.81397 2.78762 2.76123 2.73501 2.70914 2.68382 2.65922 2.6355 2.6128 2.59124 2.57093 2.55194 2.53431 2.51808 2.50326 2.48982 2.47774 2.46696 2.45743 2.44907 2.44181 2.43556 2.43024 2.42575 2.42204 2.419 2.41658 2.41472 2.41336 2.41245 2.41198 
2.40537 2.40573 2.40652 2.40778 2.40953 2.41183 2.41471 2.41827 2.42257 2.42769 2.43374 2.4408 2.44896 2.45832 2.46896 2.48095 2.49436 2.50922 2.52557 2.5434 2.56268 2.58338 2.60542 2.6287 2.6531 2.67847 2.70464 2.73143 2.75865 2.78609 2.81356 2.84083 2.86771 2.894 2.91951 2.94409 2.96758 2.98983 3.01074 3.0302 3.04813 3.06447 3.07916 3.09218 3.10348 3.11306 3.12089 3.12698 3.13131 3.13389 3.1347 3.13374 3.13102 3.12652 3.12024 3.11219 3.10236 3.09076 3.07742 3.06237 3.04564 3.0273 3.00743 2.9861 2.96345 2.93959 2.91469 2.8889 2.8624 2.8354 2.8081 2.7807 2.75342 2.72646 2.70002 2.67428 2.64943 2.6256 2.60294 2.58156 2.56152 2.54291 2.52574 2.51004 2.49578 2.48294 2.47148 2.46133 2.45241 2.44465 2.43797 2.43226 2.42745 2.42346 2.42019 2.41758 2.41556 2.41408 2.41309 2.41257 
2.40594 2.40631 2.40715 2.40848 2.41035 2.41279 2.41587 2.41966 2.42425 2.42971 2.43615 2.44366 2.45233 2.46227 2.47355 2.48625 2.50043 2.51613 2.53337 2.55214 2.57242 2.59414 2.61724 2.64159 2.66707 2.69351 2.72075 2.74858 2.7768 2.8052 2.83356 2.86167 2.88931 2.9163 2.94245 2.96758 2.99154 3.0142 3.03545 3.0552 3.07336 3.08988 3.10471 3.11783 3.12921 3.13884 3.14672 3.15284 3.1572 3.1598 3.16063 3.1597 3.15699 3.1525 3.14622 3.13815 3.12828 3.11662 3.10319 3.08799 3.07108 3.05249 3.03231 3.01061 2.98751 2.96313 2.93762 2.91115 2.88391 2.85609 2.8279 2.79956 2.77129 2.74329 2.71579 2.68898 2.66304 2.63814 2.61441 2.59198 2.57095 2.55137 2.53329 2.51673 2.50167 2.4881 2.47596 2.4652 2.45573 2.44748 2.44037 2.43429 2.42915 2.42488 2.42138 2.41857 2.4164 2.41481 2.41374 2.41316 
2.40651 2.40689 2.40777 2.40919 2.41116 2.41376 2.41703 2.42105 2.42591 2.43171 2.43853 2.44648 2.45566 2.46616 2.47807 2.49146 2.50639 2.5229 2.54099 2.56067 2.5819 2.60461 2.62872 2.65409 2.68059 2.70805 2.73629 2.76508 2.79423 2.82351 2.8527 2.88157 2.90991 2.93753 2.96422 2.98983 3.0142 3.03721 3.05874 3.0787 3.09704 3.11369 3.12861 3.1418 3.15322 3.16288 3.17078 3.17691 3.18128 3.1839 3.18475 3.18384 3.18115 3.17669 3.17043 3.16237 3.15251 3.14082 3.12733 3.11205 3.095 3.07623 3.0558 3.03379 3.01031 2.98547 2.95944 2.93237 2.90445 2.87588 2.84688 2.81767 2.78848 2.75952 2.73102 2.70319 2.67622 2.65029 2.62555 2.60213 2.58013 2.55963 2.54067 2.52328 2.50745 2.49316 2.48036 2.469 2.459 2.45028 2.44273 2.43628 2.43083 2.42628 2.42255 2.41956 2.41724 2.41553 2.41438 2.41375 
2.40707 2.40746 2.40839 2.40988 2.41197 2.41471 2.41816 2.42241 2.42755 2.43367 2.44087 2.44925 2.45892 2.46996 2.48248 2.49653 2.51218 2.52946 2.54838 2.56892 2.59106 2.6147 2.63976 2.6661 2.69356 2.72197 2.75113 2.78083 2.81084 2.84092 2.87086 2.90041 2.92938 2.95754 2.98472 3.01074 3.03545 3.05874 3.08049 3.10062 3.11908 3.13581 3.15079 3.164 3.17544 3.1851 3.19299 3.19912 3.2035 3.20612 3.20699 3.2061 3.20346 3.19903 3.19281 3.18479 3.17495 3.16328 3.14977 3.13444 3.11731 3.0984 3.07778 3.05552 3.03173 3.00651 2.98002 2.95242 2.9239 2.89466 2.86492 2.83491 2.80486 2.77501 2.74559 2.71681 2.68888 2.66198 2.63628 2.61192 2.589 2.56761 2.54781 2.52962 2.51305 2.49807 2.48465 2.47271 2.46219 2.453 2.44505 2.43824 2.43248 2.42766 2.42371 2.42054 2.41807 2.41624 2.41501 2.41434 
2.40762 2.40803 2.409 2.41056 2.41275 2.41563 2.41927 2.42374 2.42914 2.43557 2.44313 2.45193 2.46206 2.47363 2.48672 2.5014 2.51774 2.53575 2.55545 2.57682 2.5998 2.62432 2.65027 2.67751 2.70587 2.73516 2.76518 2.7957 2.82649 2.85731 2.88792 2.91809 2.9476 2.97624 3.00383 3.0302 3.0552 3.0787 3.10062 3.12088 3.13941 3.15619 3.17118 3.18439 3.19581 3.20545 3.21332 3.21944 3.2238 3.22643 3.22732 3.22646 3.22385 3.21948 3.21332 3.20535 3.19556 3.18393 3.17044 3.1551 3.13792 3.11893 3.09817 3.07572 3.05167 3.02613 2.99925 2.97119 2.94213 2.91229 2.88189 2.85116 2.82034 2.78967 2.75939 2.72973 2.7009 2.6731 2.6465 2.62125 2.59747 2.57525 2.55465 2.53571 2.51843 2.5028 2.48877 2.47628 2.46526 2.45563 2.44729 2.44013 2.43407 2.429 2.42484 2.42148 2.41887 2.41694 2.41563 2.41491 
2.40816 2.40857 2.40958 2.41121 2.41351 2.41653 2.42033 2.42502 2.43067 2.4374 2.4453 2.45448 2.46506 2.47712 2.49076 2.50604 2.52301 2.54172 2.56215 2.58428 2.60806 2.6334 2.66017 2.68824 2.71742 2.74752 2.77832 2.80959 2.84109 2.87256 2.90377 2.93449 2.96448 2.99354 3.02148 3.04813 3.07336 3.09704 3.11908 3.13941 3.15799 3.17477 3.18976 3.20294 3.21432 3.22392 3.23176 3.23784 3.2422 3.24482 3.24573 3.2449 3.24234 3.23802 3.23193 3.22403 3.21431 3.20273 3.18929 3.17397 3.15678 3.13774 3.11689 3.0943 3.07004 3.04424 3.01703 2.98857 2.95906 2.92869 2.8977 2.86631 2.83479 2.80338 2.77232 2.74185 2.71219 2.68355 2.65612 2.63005 2.60547 2.58247 2.56113 2.54148 2.52354 2.50729 2.49269 2.47968 2.46819 2.45814 2.44942 2.44194 2.4356 2.43029 2.42591 2.42239 2.41965 2.41761 2.41623 2.41546 
2.40866 2.40909 2.41014 2.41184 2.41423 2.41738 2.42135 2.42623 2.43212 2.43912 2.44734 2.4569 2.46788 2.48041 2.49455 2.51038 2.52796 2.5473 2.56841 2.59125 2.61576 2.64184 2.66938 2.6982 2.72813 2.75897 2.79047 2.82242 2.85454 2.8866 2.91834 2.94953 2.97993 3.00935 3.03758 3.06447 3.08988 3.11369 3.13581 3.15619 3.17477 3.19154 3.20649 3.21962 3.23096 3.24051 3.2483 3.25435 3.25868 3.2613 3.26222 3.26142 3.25891 3.25466 3.24864 3.24082 3.23118 3.21968 3.2063 3.19103 3.17386 3.15481 3.1339 3.1112 3.08679 3.06077 3.03329 3.00449 2.97458 2.94375 2.91224 2.88028 2.84813 2.81605 2.78428 2.75308 2.72267 2.69327 2.66508 2.63825 2.61292 2.58921 2.56718 2.54688 2.52832 2.51149 2.49637 2.48288 2.47095 2.4605 2.45144 2.44365 2.43704 2.4315 2.42694 2.42326 2.42038 2.41825 2.4168 2.41599 
2.40914 2.40958 2.41066 2.41243 2.41491 2.41817 2.42229 2.42736 2.43347 2.44072 2.44924 2.45914 2.4705 2.48345 2.49806 2.5144 2.53253 2.55245 2.57417 2.59765 2.62283 2.64959 2.67781 2.70731 2.73792 2.76941 2.80155 2.83408 2.86677 2.89934 2.93154 2.96314 2.9939 3.02361 3.05209 3.07916 3.10471 3.12861 3.15079 3.17118 3.18976 3.20649 3.22139 3.23446 3.24573 3.25522 3.26296 3.26898 3.27328 3.2759 3.27682 3.27606 3.2736 3.26941 3.26346 3.25573 3.24618 3.23477 3.22147 3.20626 3.18913 3.17008 3.14915 3.12638 3.10185 3.07567 3.04796 3.01888 2.98862 2.9574 2.92543 2.89297 2.86027 2.82759 2.79519 2.76333 2.73225 2.70217 2.67328 2.64577 2.61977 2.59541 2.57275 2.55185 2.53273 2.51538 2.49977 2.48583 2.47351 2.4627 2.45331 2.44524 2.43838 2.43263 2.42789 2.42406 2.42107 2.41885 2.41733 2.41649 
2.40958 2.41003 2.41115 2.41297 2.41553 2.4189 2.42316 2.42839 2.4347 2.44219 2.45098 2.46118 2.47289 2.48622 2.50125 2.51805 2.53666 2.55711 2.57939 2.60344 2.62921 2.65657 2.6854 2.71551 2.74671 2.77878 2.81147 2.84453 2.8777 2.91071 2.94331 2.97526 3.00632 3.03628 3.06495 3.09218 3.11783 3.1418 3.164 3.18439 3.20294 3.21962 3.23446 3.24747 3.25867 3.2681 3.27579 3.28176 3.28604 3.28864 3.28958 3.28885 3.28643 3.2823 3.27644 3.26879 3.25933 3.24801 3.2348 3.21966 3.20258 3.18356 3.16262 3.13981 3.1152 3.08888 3.06099 3.03168 3.00113 2.96957 2.93721 2.90431 2.87112 2.83793 2.80498 2.77254 2.74086 2.71017 2.68067 2.65255 2.62596 2.60101 2.57779 2.55635 2.53673 2.51891 2.50286 2.48852 2.47583 2.46469 2.45502 2.44669 2.43961 2.43367 2.42876 2.4248 2.4217 2.4194 2.41782 2.41694 
2.40998 2.41044 2.41158 2.41345 2.41609 2.41956 2.42394 2.42932 2.43581 2.44351 2.45253 2.463 2.47502 2.48869 2.50409 2.52129 2.54034 2.56125 2.584 2.60856 2.63484 2.66273 2.69209 2.72272 2.75444 2.787 2.82017 2.85368 2.88726 2.92066 2.9536 2.98583 3.01714 3.0473 3.07614 3.10348 3.12921 3.15322 3.17544 3.19581 3.21432 3.23096 3.24573 3.25867 3.26981 3.27917 3.28681 3.29273 3.29699 3.29959 3.30053 3.29983 3.29746 3.29339 3.2876 3.28004 3.27066 3.25943 3.2463 3.23123 3.21421 3.19523 3.1743 3.15146 3.12679 3.10037 3.07233 3.04283 3.01205 2.9802 2.94751 2.91424 2.88064 2.847 2.81357 2.78064 2.74844 2.71722 2.68719 2.65854 2.63142 2.60596 2.58225 2.56035 2.54028 2.52204 2.5056 2.49091 2.4779 2.46647 2.45654 2.44798 2.4407 2.43459 2.42954 2.42547 2.42227 2.41989 2.41827 2.41735 
2.41033 2.41079 2.41197 2.41388 2.41658 2.42014 2.42462 2.43013 2.43677 2.44465 2.45388 2.46459 2.47687 2.49082 2.50654 2.52409 2.54351 2.56481 2.58798 2.61296 2.63968 2.66802 2.69782 2.7289 2.76105 2.79404 2.82761 2.86149 2.89542 2.92913 2.96234 2.99482 3.02633 3.05666 3.08562 3.11306 3.13884 3.16288 3.1851 3.20545 3.22392 3.24051 3.25522 3.2681 3.27917 3.28848 3.29606 3.30196 3.30619 3.30878 3.30973 3.30905 3.30672 3.30271 3.29698 3.28949 3.2802 3.26905 3.25599 3.241 3.22403 3.20509 3.18418 3.16133 3.13661 3.11012 3.08196 3.05231 3.02133 2.98924 2.95628 2.9227 2.88876 2.85474 2.82092 2.78756 2.75493 2.72326 2.69278 2.66368 2.63611 2.61022 2.58609 2.56378 2.54333 2.52474 2.50797 2.49298 2.47969 2.46802 2.45786 2.44911 2.44166 2.4354 2.43023 2.42605 2.42277 2.42033 2.41865 2.41771 
2.41063 2.4111 2.41229 2.41424 2.417 2.42062 2.4252 2.43081 2.43758 2.44561 2.45501 2.46591 2.47841 2.4926 2.50859 2.52642 2.54614 2.56776 2.59127 2.61661 2.64369 2.67239 2.70256 2.734 2.76651 2.79983 2.83373 2.86791 2.90212 2.93608 2.96953 3.0022 3.03387 3.06433 3.09339 3.12089 3.14672 3.17078 3.19299 3.21332 3.23176 3.2483 3.26296 3.27579 3.28681 3.29606 3.3036 3.30947 3.31368 3.31626 3.31722 3.31656 3.31426 3.31029 3.30462 3.2972 3.28797 3.27689 3.26391 3.24897 3.23206 3.21315 3.19225 3.1694 3.14465 3.1181 3.08985 3.06008 3.02894 2.99667 2.96349 2.92966 2.89544 2.86112 2.82697 2.79327 2.76028 2.72825 2.6974 2.66793 2.64 2.61375 2.58927 2.56664 2.54588 2.52699 2.50995 2.49471 2.48119 2.46931 2.45897 2.45005 2.44246 2.43608 2.4308 2.42654 2.42319 2.42069 2.41898 2.41802 
2.41087 2.41134 2.41256 2.41454 2.41733 2.42101 2.42566 2.43136 2.43823 2.44637 2.45591 2.46696 2.47963 2.49401 2.5102 2.52825 2.54821 2.57008 2.59385 2.61946 2.64682 2.67581 2.70626 2.73798 2.77076 2.80435 2.83849 2.87292 2.90734 2.94149 2.97511 3.00793 3.03973 3.07028 3.09942 3.12698 3.15284 3.17691 3.19912 3.21944 3.23784 3.25435 3.26898 3.28176 3.29273 3.30196 3.30947 3.3153 3.3195 3.32207 3.32304 3.3224 3.32012 3.31619 3.31057 3.30319 3.29402 3.28299 3.27006 3.25517 3.23829 3.21941 3.19853 3.17568 3.1509 3.1243 3.09599 3.06612 3.03487 3.00245 2.9691 2.93507 2.90064 2.86608 2.83168 2.79772 2.76445 2.73214 2.70101 2.67125 2.64304 2.61651 2.59177 2.56888 2.54787 2.52876 2.51151 2.49607 2.48237 2.47033 2.45984 2.4508 2.4431 2.43662 2.43126 2.42693 2.42353 2.42099 2.41925 2.41827 
2.41105 2.41153 2.41276 2.41476 2.41759 2.42131 2.426 2.43176 2.4387 2.44693 2.45657 2.46772 2.48051 2.49503 2.51136 2.52957 2.5497 2.57175 2.59571 2.62151 2.64906 2.67825 2.7089 2.74082 2.77379 2.80756 2.84188 2.87647 2.91105 2.94534 2.97907 3.012 3.04389 3.07452 3.10371 3.13131 3.1572 3.18128 3.2035 3.2238 3.2422 3.25868 3.27328 3.28604 3.29699 3.30619 3.31368 3.3195 3.32368 3.32626 3.32723 3.3266 3.32434 3.32044 3.31484 3.3075 3.29836 3.28737 3.27446 3.25961 3.24275 3.22389 3.20301 3.18015 3.15536 3.12872 3.10035 3.07041 3.03907 3.00655 2.97308 2.93892 2.90433 2.86961 2.83503 2.80088 2.76742 2.73491 2.70358 2.67362 2.64521 2.61849 2.59356 2.57049 2.54931 2.53003 2.51263 2.49706 2.48323 2.47107 2.46048 2.45135 2.44357 2.43702 2.4316 2.42722 2.42378 2.42121 2.41945 2.41846 
2.41117 2.41165 2.41289 2.4149 2.41775 2.42149 2.42622 2.43202 2.439 2.44728 2.45697 2.4682 2.48105 2.49565 2.51207 2.53037 2.55059 2.57275 2.59681 2.62272 2.65039 2.67969 2.71045 2.74248 2.77556 2.80944 2.84387 2.87855 2.91322 2.94759 2.98141 3.0144 3.04634 3.07702 3.10625 3.13389 3.1598 3.1839 3.20612 3.22643 3.24482 3.2613 3.2759 3.28864 3.29959 3.30878 3.31626 3.32207 3.32626 3.32883 3.32981 3.32918 3.32694 3.32304 3.31746 3.31013 3.30101 3.29003 3.27714 3.26229 3.24544 3.22658 3.2057 3.18282 3.15801 3.13134 3.10294 3.07295 3.04156 3.00897 2.97542 2.94117 2.9065 2.87168 2.837 2.80274 2.76917 2.73654 2.70509 2.67502 2.64649 2.61966 2.59462 2.57145 2.55017 2.5308 2.51331 2.49765 2.48376 2.47153 2.46088 2.45169 2.44386 2.43727 2.43182 2.42741 2.42394 2.42136 2.41958 2.41858 
