1.49342 1.49375 1.49407 1.49438 1.49468 1.49495 1.49521 1.49544 1.49566 1.49585 1.49601 1.49616 1.49628 1.49639 1.49648 1.49655 1.49662 1.49667 1.49671 1.49675 1.49679 1.49682 1.49685 1.49688 1.49692 1.49695 1.49699 1.49704 1.49709 1.49715 1.49722 1.49729 1.49737 1.49746 1.49756 1.49766 1.49777 1.49788 1.49799 1.49811 1.49823 1.49834 1.49845 1.49855 1.49865 1.49874 1.49881 1.49888 1.49892 1.49896 1.49898 1.49898 1.49897 1.49894 1.49889 1.49883 1.49876 1.49868 1.49859 1.49849 1.49838 1.49827 1.49816 1.49805 1.49793 1.49782 1.49772 1.49762 1.49752 1.49743 1.49735 1.49728 1.49721 1.49715 1.4971 1.49706 1.49702 1.49699 1.49697 1.49696 1.49696 1.49697 1.49699 1.49702 1.49706 1.49712 1.4972 1.49729 1.49741 1.49755 1.49771 1.4979 1.49811 1.49835 1.4986 1.49888 1.49918 1.49949 1.49981 1.50014 
1.49375 1.49408 1.4944 1.49471 1.495 1.49528 1.49554 1.49577 1.49598 1.49617 1.49634 1.49648 1.49661 1.49672 1.4968 1.49688 1.49694 1.49699 1.49704 1.49708 1.49711 1.49714 1.49717 1.4972 1.49724 1.49727 1.49731 1.49736 1.49741 1.49747 1.49753 1.49761 1.49769 1.49778 1.49787 1.49797 1.49808 1.4982 1.49831 1.49843 1.49855 1.49866 1.49878 1.49888 1.49898 1.49907 1.49915 1.49921 1.49926 1.4993 1.49931 1.49932 1.4993 1.49927 1.49923 1.49917 1.4991 1.49901 1.49892 1.49882 1.49871 1.4986 1.49848 1.49837 1.49825 1.49814 1.49803 1.49793 1.49784 1.49775 1.49766 1.49759 1.49752 1.49747 1.49742 1.49737 1.49734 1.49731 1.49729 1.49728 1.49728 1.49729 1.49731 1.49734 1.49739 1.49745 1.49752 1.49762 1.49774 1.49788 1.49804 1.49823 1.49844 1.49867 1.49893 1.49921 1.4995 1.49981 1.50014 1.50046 
1.49407 1.4944 1.49472 1.49503 1.49532 1.4956 1.49586 1.49609 1.4963 1.49649 1.49666 1.4968 1.49693 1.49704 1.49713 1.4972 1.49726 1.49732 1.49736 1.4974 1.49743 1.49747 1.4975 1.49753 1.49757 1.49761 1.49765 1.4977 1.49776 1.49783 1.4979 1.49799 1.49808 1.49818 1.49829 1.49841 1.49853 1.49866 1.4988 1.49893 1.49907 1.4992 1.49933 1.49945 1.49957 1.49967 1.49976 1.49983 1.49989 1.49993 1.49995 1.49995 1.49993 1.4999 1.49984 1.49978 1.49969 1.4996 1.49949 1.49937 1.49925 1.49912 1.49898 1.49885 1.49872 1.49859 1.49847 1.49835 1.49824 1.49814 1.49805 1.49796 1.49789 1.49782 1.49777 1.49772 1.49768 1.49765 1.49762 1.49761 1.49761 1.49762 1.49763 1.49766 1.49771 1.49777 1.49785 1.49794 1.49806 1.4982 1.49836 1.49855 1.49876 1.49899 1.49925 1.49953 1.49982 1.50013 1.50046 1.50078 
1.49438 1.49471 1.49503 1.49534 1.49563 1.49591 1.49617 1.4964 1.49661 1.4968 1.49697 1.49711 1.49724 1.49735 1.49744 1.49751 1.49758 1.49763 1.49768 1.49772 1.49776 1.49779 1.49783 1.49787 1.49791 1.49796 1.49802 1.49808 1.49816 1.49824 1.49834 1.49844 1.49856 1.49869 1.49883 1.49898 1.49914 1.4993 1.49947 1.49964 1.49981 1.49998 1.50014 1.50029 1.50043 1.50056 1.50067 1.50076 1.50083 1.50088 1.5009 1.50091 1.50088 1.50084 1.50077 1.50068 1.50058 1.50046 1.50032 1.50017 1.50001 1.49985 1.49968 1.49952 1.49935 1.49919 1.49904 1.49889 1.49875 1.49862 1.49851 1.4984 1.49831 1.49822 1.49815 1.49809 1.49804 1.498 1.49797 1.49795 1.49794 1.49794 1.49795 1.49798 1.49802 1.49808 1.49816 1.49825 1.49837 1.49851 1.49867 1.49886 1.49907 1.4993 1.49956 1.49984 1.50013 1.50044 1.50077 1.50109 
1.49468 1.495 1.49532 1.49563 1.49593 1.4962 1.49646 1.4967 1.49691 1.4971 1.49726 1.49741 1.49753 1.49764 1.49773 1.49781 1.49788 1.49793 1.49798 1.49803 1.49807 1.49812 1.49816 1.49821 1.49827 1.49834 1.49841 1.4985 1.4986 1.49871 1.49884 1.49899 1.49915 1.49932 1.49951 1.49971 1.49992 1.50014 1.50036 1.50059 1.50082 1.50104 1.50125 1.50145 1.50164 1.5018 1.50195 1.50207 1.50216 1.50222 1.50225 1.50225 1.50222 1.50216 1.50207 1.50195 1.50181 1.50164 1.50146 1.50127 1.50106 1.50084 1.50062 1.5004 1.50018 1.49996 1.49976 1.49956 1.49938 1.49921 1.49905 1.49891 1.49878 1.49867 1.49857 1.49849 1.49842 1.49836 1.49832 1.49829 1.49827 1.49826 1.49827 1.49829 1.49833 1.49839 1.49846 1.49855 1.49867 1.49881 1.49897 1.49915 1.49936 1.4996 1.49986 1.50013 1.50043 1.50074 1.50106 1.50139 
1.49495 1.49528 1.4956 1.49591 1.4962 1.49648 1.49674 1.49697 1.49718 1.49737 1.49754 1.49769 1.49781 1.49792 1.49802 1.4981 1.49816 1.49823 1.49828 1.49833 1.49839 1.49844 1.4985 1.49857 1.49865 1.49874 1.49884 1.49897 1.49911 1.49926 1.49944 1.49964 1.49986 1.5001 1.50036 1.50064 1.50093 1.50123 1.50153 1.50184 1.50215 1.50245 1.50274 1.50301 1.50326 1.50348 1.50367 1.50383 1.50395 1.50403 1.50407 1.50407 1.50402 1.50394 1.50381 1.50365 1.50346 1.50324 1.50299 1.50272 1.50244 1.50214 1.50184 1.50154 1.50124 1.50095 1.50067 1.5004 1.50015 1.49992 1.4997 1.49951 1.49933 1.49918 1.49904 1.49893 1.49883 1.49875 1.49868 1.49863 1.4986 1.49858 1.49858 1.4986 1.49863 1.49868 1.49875 1.49884 1.49895 1.49909 1.49925 1.49943 1.49964 1.49988 1.50013 1.50041 1.50071 1.50102 1.50134 1.50166 
1.49521 1.49554 1.49586 1.49617 1.49646 1.49674 1.49699 1.49723 1.49744 1.49763 1.4978 1.49795 1.49808 1.49819 1.49828 1.49836 1.49844 1.49851 1.49857 1.49863 1.4987 1.49877 1.49885 1.49895 1.49906 1.49918 1.49933 1.4995 1.4997 1.49992 1.50017 1.50045 1.50076 1.50109 1.50145 1.50183 1.50223 1.50264 1.50306 1.50348 1.5039 1.50431 1.5047 1.50507 1.5054 1.5057 1.50596 1.50617 1.50633 1.50643 1.50648 1.50647 1.50641 1.50629 1.50612 1.5059 1.50564 1.50534 1.505 1.50463 1.50425 1.50385 1.50344 1.50302 1.50261 1.50222 1.50183 1.50146 1.50112 1.5008 1.5005 1.50023 1.49999 1.49977 1.49958 1.49942 1.49928 1.49916 1.49907 1.49899 1.49894 1.4989 1.49889 1.49889 1.49892 1.49896 1.49902 1.49911 1.49922 1.49935 1.49951 1.49969 1.4999 1.50013 1.50039 1.50067 1.50096 1.50127 1.50159 1.50192 
1.49544 1.49577 1.49609 1.4964 1.4967 1.49697 1.49723 1.49746 1.49768 1.49787 1.49804 1.49819 1.49832 1.49843 1.49853 1.49862 1.4987 1.49878 1.49885 1.49893 1.49902 1.49911 1.49923 1.49936 1.49951 1.49968 1.49989 1.50013 1.50041 1.50072 1.50107 1.50146 1.50188 1.50234 1.50284 1.50336 1.50391 1.50447 1.50504 1.50562 1.50618 1.50673 1.50726 1.50775 1.5082 1.5086 1.50895 1.50923 1.50944 1.50958 1.50964 1.50963 1.50954 1.50938 1.50914 1.50885 1.50849 1.50807 1.50762 1.50712 1.5066 1.50605 1.50549 1.50493 1.50438 1.50383 1.5033 1.5028 1.50233 1.50189 1.50148 1.50111 1.50077 1.50047 1.50021 1.49998 1.49978 1.49962 1.49948 1.49937 1.49929 1.49923 1.4992 1.49918 1.49919 1.49923 1.49928 1.49936 1.49947 1.4996 1.49975 1.49993 1.50014 1.50037 1.50063 1.5009 1.5012 1.50151 1.50183 1.50215 
1.49566 1.49598 1.4963 1.49661 1.49691 1.49718 1.49744 1.49768 1.49789 1.49808 1.49825 1.49841 1.49854 1.49866 1.49876 1.49886 1.49895 1.49904 1.49913 1.49923 1.49935 1.49948 1.49963 1.49981 1.50002 1.50027 1.50056 1.50089 1.50128 1.50171 1.50219 1.50273 1.50331 1.50394 1.50462 1.50533 1.50607 1.50683 1.5076 1.50838 1.50914 1.50988 1.51058 1.51124 1.51184 1.51237 1.51282 1.51319 1.51346 1.51364 1.51372 1.5137 1.51358 1.51336 1.51305 1.51264 1.51216 1.51161 1.51099 1.51033 1.50962 1.50889 1.50814 1.50738 1.50663 1.5059 1.50518 1.5045 1.50386 1.50326 1.5027 1.50219 1.50173 1.50132 1.50096 1.50064 1.50037 1.50014 1.49994 1.49979 1.49966 1.49957 1.49951 1.49947 1.49947 1.49948 1.49953 1.4996 1.4997 1.49982 1.49997 1.50015 1.50036 1.50059 1.50084 1.50112 1.50141 1.50172 1.50204 1.50237 
1.49585 1.49617 1.49649 1.4968 1.4971 1.49737 1.49763 1.49787 1.49808 1.49828 1.49845 1.4986 1.49874 1.49887 1.49898 1.49909 1.49919 1.4993 1.49942 1.49955 1.4997 1.49988 1.50009 1.50034 1.50063 1.50097 1.50137 1.50183 1.50236 1.50295 1.50361 1.50434 1.50513 1.50599 1.5069 1.50785 1.50885 1.50986 1.51089 1.51192 1.51293 1.51391 1.51484 1.5157 1.51649 1.51719 1.51778 1.51826 1.51862 1.51885 1.51895 1.51891 1.51875 1.51845 1.51803 1.5175 1.51686 1.51613 1.51531 1.51443 1.51349 1.51251 1.51151 1.51051 1.50951 1.50852 1.50757 1.50666 1.50579 1.50498 1.50423 1.50355 1.50292 1.50236 1.50187 1.50144 1.50106 1.50074 1.50047 1.50025 1.50007 1.49994 1.49984 1.49977 1.49974 1.49974 1.49977 1.49983 1.49991 1.50003 1.50018 1.50035 1.50055 1.50078 1.50103 1.50131 1.5016 1.50191 1.50223 1.50256 
1.49601 1.49634 1.49666 1.49697 1.49726 1.49754 1.4978 1.49804 1.49825 1.49845 1.49863 1.49878 1.49893 1.49906 1.49919 1.49931 1.49944 1.49957 1.49972 1.49989 1.5001 1.50034 1.50062 1.50096 1.50137 1.50184 1.50238 1.50301 1.50372 1.50453 1.50542 1.50639 1.50746 1.5086 1.50981 1.51108 1.51239 1.51374 1.51509 1.51644 1.51776 1.51904 1.52025 1.52137 1.5224 1.5233 1.52406 1.52468 1.52514 1.52543 1.52555 1.5255 1.52528 1.52489 1.52434 1.52364 1.5228 1.52184 1.52077 1.51961 1.51838 1.51711 1.51579 1.51447 1.51315 1.51185 1.51059 1.50938 1.50824 1.50716 1.50616 1.50524 1.50441 1.50366 1.50299 1.5024 1.5019 1.50146 1.50109 1.50078 1.50053 1.50034 1.50019 1.50008 1.50002 1.49999 1.5 1.50004 1.50012 1.50022 1.50036 1.50053 1.50073 1.50096 1.50121 1.50148 1.50177 1.50208 1.5024 1.50272 
1.49616 1.49648 1.4968 1.49711 1.49741 1.49769 1.49795 1.49819 1.49841 1.4986 1.49878 1.49895 1.4991 1.49925 1.49939 1.49953 1.49969 1.49986 1.50005 1.50028 1.50055 1.50088 1.50127 1.50173 1.50227 1.50291 1.50365 1.50449 1.50545 1.50652 1.5077 1.509 1.51041 1.51191 1.5135 1.51516 1.51688 1.51863 1.52039 1.52213 1.52384 1.52549 1.52704 1.52849 1.5298 1.53095 1.53192 1.53271 1.53328 1.53365 1.5338 1.53373 1.53343 1.53293 1.53221 1.53131 1.53023 1.52899 1.52761 1.52611 1.52452 1.52286 1.52116 1.51944 1.51773 1.51604 1.5144 1.51281 1.51131 1.50989 1.50858 1.50737 1.50626 1.50527 1.50438 1.5036 1.50292 1.50233 1.50183 1.50141 1.50107 1.50079 1.50058 1.50042 1.50031 1.50025 1.50023 1.50025 1.50031 1.50041 1.50054 1.5007 1.50089 1.50111 1.50136 1.50163 1.50192 1.50222 1.50254 1.50287 
1.49628 1.49661 1.49693 1.49724 1.49753 1.49781 1.49808 1.49832 1.49854 1.49874 1.49893 1.4991 1.49927 1.49943 1.49959 1.49976 1.49995 1.50017 1.50043 1.50073 1.50109 1.50153 1.50205 1.50267 1.5034 1.50425 1.50523 1.50635 1.50762 1.50903 1.51059 1.51229 1.51412 1.51608 1.51814 1.52029 1.5225 1.52475 1.527 1.52923 1.53141 1.5335 1.53548 1.5373 1.53895 1.5404 1.54163 1.54261 1.54334 1.54379 1.54397 1.54386 1.54348 1.54283 1.54192 1.54077 1.53939 1.53781 1.53606 1.53415 1.53212 1.53001 1.52783 1.52563 1.52343 1.52125 1.51913 1.51709 1.51515 1.51331 1.5116 1.51002 1.50858 1.50727 1.50611 1.50508 1.50418 1.5034 1.50273 1.50217 1.50171 1.50133 1.50103 1.5008 1.50064 1.50053 1.50047 1.50047 1.5005 1.50058 1.5007 1.50085 1.50103 1.50125 1.50149 1.50176 1.50205 1.50235 1.50267 1.50299 
1.49639 1.49672 1.49704 1.49735 1.49764 1.49792 1.49819 1.49843 1.49866 1.49887 1.49906 1.49925 1.49943 1.49961 1.4998 1.50001 1.50025 1.50053 1.50086 1.50127 1.50175 1.50233 1.50302 1.50385 1.50481 1.50594 1.50723 1.5087 1.51035 1.51219 1.51421 1.5164 1.51877 1.52128 1.52391 1.52665 1.52946 1.53231 1.53516 1.53797 1.54071 1.54333 1.5458 1.54808 1.55014 1.55194 1.55346 1.55468 1.55557 1.55612 1.55633 1.55619 1.55571 1.55489 1.55375 1.5523 1.55057 1.54858 1.54638 1.54398 1.54143 1.53876 1.53601 1.53323 1.53044 1.52768 1.52499 1.52238 1.51989 1.51754 1.51534 1.51331 1.51145 1.50976 1.50825 1.50691 1.50573 1.50471 1.50383 1.50309 1.50247 1.50196 1.50156 1.50124 1.501 1.50084 1.50073 1.50069 1.5007 1.50075 1.50085 1.50099 1.50116 1.50137 1.50161 1.50187 1.50216 1.50246 1.50278 1.5031 
1.49648 1.4968 1.49713 1.49744 1.49773 1.49802 1.49828 1.49853 1.49876 1.49898 1.49919 1.49939 1.49959 1.4998 1.50003 1.50029 1.5006 1.50096 1.50139 1.50192 1.50255 1.50332 1.50423 1.50531 1.50657 1.50804 1.50972 1.51162 1.51375 1.51611 1.5187 1.5215 1.5245 1.52768 1.53101 1.53445 1.53798 1.54154 1.54509 1.54859 1.55199 1.55523 1.55829 1.5611 1.56363 1.56584 1.5677 1.56918 1.57026 1.57093 1.57118 1.57099 1.57039 1.56937 1.56795 1.56616 1.56401 1.56156 1.55882 1.55584 1.55268 1.54936 1.54594 1.54246 1.53897 1.53552 1.53213 1.52885 1.52571 1.52274 1.51995 1.51736 1.51499 1.51283 1.51089 1.50916 1.50764 1.50632 1.50518 1.50421 1.5034 1.50273 1.50219 1.50176 1.50143 1.50118 1.50102 1.50093 1.5009 1.50093 1.501 1.50112 1.50128 1.50148 1.50171 1.50197 1.50225 1.50256 1.50287 1.50319 
1.49655 1.49688 1.4972 1.49751 1.49781 1.4981 1.49836 1.49862 1.49886 1.49909 1.49931 1.49953 1.49976 1.50001 1.50029 1.50062 1.501 1.50147 1.50203 1.50272 1.50355 1.50454 1.50573 1.50713 1.50876 1.51065 1.5128 1.51523 1.51795 1.52094 1.52421 1.52774 1.5315 1.53548 1.53963 1.5439 1.54827 1.55266 1.55704 1.56133 1.56549 1.56945 1.57317 1.57659 1.57966 1.58233 1.58458 1.58637 1.58767 1.58846 1.58874 1.58851 1.58776 1.58651 1.58478 1.58259 1.57997 1.57697 1.57362 1.56998 1.5661 1.56203 1.55782 1.55354 1.54923 1.54495 1.54076 1.53668 1.53277 1.52905 1.52555 1.5223 1.51931 1.51658 1.51412 1.51193 1.50999 1.50829 1.50683 1.50558 1.50453 1.50366 1.50294 1.50237 1.50192 1.50159 1.50135 1.5012 1.50112 1.50111 1.50116 1.50126 1.5014 1.50159 1.50181 1.50206 1.50234 1.50264 1.50295 1.50327 
1.49662 1.49694 1.49726 1.49758 1.49788 1.49816 1.49844 1.4987 1.49895 1.49919 1.49944 1.49969 1.49995 1.50025 1.5006 1.501 1.50149 1.50209 1.50282 1.5037 1.50478 1.50606 1.50758 1.50938 1.51146 1.51386 1.51659 1.51966 1.52307 1.52682 1.5309 1.53528 1.53995 1.54486 1.54996 1.5552 1.56054 1.56589 1.5712 1.57641 1.58143 1.58621 1.59068 1.59478 1.59845 1.60165 1.60433 1.60645 1.60799 1.60893 1.60925 1.60896 1.60805 1.60654 1.60445 1.60181 1.59866 1.59504 1.59101 1.58661 1.58191 1.57698 1.57188 1.56666 1.56141 1.55619 1.55104 1.54604 1.54122 1.53663 1.5323 1.52826 1.52453 1.52113 1.51804 1.51529 1.51284 1.5107 1.50885 1.50726 1.50591 1.50478 1.50386 1.50311 1.50252 1.50207 1.50173 1.50151 1.50137 1.50131 1.50132 1.50139 1.50152 1.50169 1.5019 1.50214 1.50241 1.50271 1.50301 1.50333 
1.49667 1.49699 1.49732 1.49763 1.49793 1.49823 1.49851 1.49878 1.49904 1.4993 1.49957 1.49986 1.50017 1.50053 1.50096 1.50147 1.50209 1.50285 1.50378 1.50492 1.50629 1.50792 1.50986 1.51213 1.51476 1.51778 1.52119 1.52502 1.52925 1.53389 1.53892 1.5443 1.55001 1.55599 1.56219 1.56854 1.57497 1.58141 1.58779 1.59401 1.6 1.60569 1.61099 1.61584 1.62019 1.62396 1.62711 1.6296 1.63141 1.6325 1.63286 1.6325 1.63141 1.62961 1.62713 1.62399 1.62025 1.61595 1.61115 1.60591 1.6003 1.5944 1.58828 1.58202 1.5757 1.56939 1.56317 1.55709 1.55123 1.54562 1.54033 1.53537 1.53078 1.52658 1.52276 1.51933 1.51629 1.51361 1.51128 1.50928 1.50758 1.50615 1.50497 1.504 1.50324 1.50264 1.50219 1.50186 1.50165 1.50154 1.5015 1.50154 1.50164 1.50179 1.50198 1.50222 1.50248 1.50277 1.50307 1.50339 
1.49671 1.49704 1.49736 1.49768 1.49798 1.49828 1.49857 1.49885 1.49913 1.49942 1.49972 1.50005 1.50043 1.50086 1.50139 1.50203 1.50282 1.50378 1.50497 1.5064 1.50813 1.51019 1.51263 1.51547 1.51875 1.52249 1.52671 1.53143 1.53662 1.5423 1.54842 1.55495 1.56184 1.56904 1.57648 1.58407 1.59174 1.59939 1.60693 1.61428 1.62134 1.62801 1.63423 1.63991 1.64497 1.64936 1.65302 1.65591 1.658 1.65925 1.65966 1.65922 1.65794 1.65583 1.65292 1.64925 1.64486 1.63981 1.63417 1.628 1.62139 1.61442 1.60718 1.59976 1.59224 1.58472 1.57727 1.56999 1.56294 1.55618 1.54978 1.54376 1.53818 1.53304 1.52837 1.52416 1.5204 1.51709 1.5142 1.51171 1.50958 1.50779 1.5063 1.50508 1.50409 1.50332 1.50273 1.50229 1.50198 1.5018 1.50171 1.5017 1.50177 1.50189 1.50207 1.50229 1.50254 1.50282 1.50312 1.50344 
1.49675 1.49708 1.4974 1.49772 1.49803 1.49833 1.49863 1.49893 1.49923 1.49955 1.49989 1.50028 1.50073 1.50127 1.50192 1.50272 1.5037 1.50492 1.5064 1.5082 1.51036 1.51293 1.51595 1.51947 1.52351 1.5281 1.53327 1.539 1.54531 1.55216 1.55952 1.56735 1.57558 1.58414 1.59295 1.60192 1.61094 1.61992 1.62875 1.63731 1.64552 1.65326 1.66046 1.66701 1.67284 1.67789 1.68209 1.6854 1.68778 1.68921 1.68966 1.68914 1.68765 1.6852 1.68184 1.6776 1.67252 1.66668 1.66013 1.65297 1.64528 1.63715 1.62868 1.61998 1.61115 1.60229 1.59349 1.58486 1.57648 1.56843 1.56076 1.55355 1.54683 1.54063 1.53496 1.52985 1.52527 1.52122 1.51767 1.5146 1.51198 1.50975 1.50789 1.50636 1.50512 1.50413 1.50337 1.50279 1.50237 1.5021 1.50194 1.50188 1.50191 1.502 1.50216 1.50236 1.5026 1.50287 1.50317 1.50348 
1.49679 1.49711 1.49743 1.49776 1.49807 1.49839 1.4987 1.49902 1.49935 1.4997 1.5001 1.50055 1.50109 1.50175 1.50255 1.50355 1.50478 1.50629 1.50813 1.51036 1.51303 1.5162 1.51991 1.52421 1.52914 1.53471 1.54095 1.54785 1.55541 1.56359 1.57234 1.58161 1.59132 1.60139 1.61171 1.62217 1.63266 1.64307 1.65326 1.66313 1.67256 1.68143 1.68965 1.69712 1.70376 1.70949 1.71425 1.71799 1.72068 1.72228 1.72278 1.72217 1.72046 1.71767 1.71384 1.709 1.7032 1.69652 1.68903 1.68081 1.67197 1.66261 1.65283 1.64276 1.6325 1.62218 1.61191 1.6018 1.59195 1.58245 1.57339 1.56483 1.55683 1.54942 1.54264 1.53648 1.53097 1.52606 1.52176 1.51802 1.5148 1.51207 1.50978 1.50789 1.50634 1.5051 1.50413 1.50338 1.50284 1.50245 1.50221 1.50209 1.50207 1.50213 1.50225 1.50244 1.50266 1.50292 1.50321 1.50352 
1.49682 1.49714 1.49747 1.49779 1.49812 1.49844 1.49877 1.49911 1.49948 1.49988 1.50034 1.50088 1.50153 1.50233 1.50332 1.50454 1.50606 1.50792 1.51019 1.51293 1.5162 1.52006 1.52457 1.52977 1.53571 1.54239 1.54985 1.55806 1.56702 1.57667 1.58696 1.59781 1.60914 1.62083 1.63278 1.64484 1.6569 1.66882 1.68046 1.69169 1.70239 1.71243 1.72171 1.73012 1.73758 1.74401 1.74934 1.75352 1.75652 1.75829 1.75884 1.75814 1.75621 1.75308 1.74876 1.7433 1.73677 1.72923 1.72076 1.71145 1.70142 1.69076 1.6796 1.66807 1.6563 1.64443 1.63257 1.62086 1.60941 1.59834 1.58774 1.57769 1.56826 1.55951 1.55146 1.54415 1.53756 1.53169 1.52651 1.522 1.51811 1.5148 1.51201 1.50968 1.50778 1.50624 1.50503 1.50409 1.50338 1.50287 1.50253 1.50233 1.50225 1.50227 1.50236 1.50252 1.50273 1.50297 1.50325 1.50355 
1.49685 1.49717 1.4975 1.49783 1.49816 1.4985 1.49885 1.49923 1.49963 1.50009 1.50062 1.50127 1.50205 1.50302 1.50423 1.50573 1.50758 1.50986 1.51263 1.51595 1.51991 1.52457 1.52999 1.53621 1.54328 1.55122 1.56003 1.5697 1.58019 1.59146 1.60342 1.61599 1.62905 1.64248 1.65615 1.6699 1.6836 1.69709 1.71023 1.72286 1.73486 1.74609 1.75644 1.7658 1.77408 1.7812 1.7871 1.79172 1.79502 1.79697 1.79756 1.79678 1.79463 1.79115 1.78635 1.78029 1.77302 1.76461 1.75515 1.74474 1.73348 1.72149 1.70891 1.69587 1.68252 1.669 1.65546 1.64204 1.62888 1.61611 1.60384 1.59217 1.58118 1.57095 1.56151 1.55289 1.5451 1.53814 1.53199 1.52661 1.52195 1.51796 1.51459 1.51178 1.50946 1.50758 1.50608 1.50491 1.50402 1.50336 1.50291 1.50262 1.50247 1.50243 1.50248 1.50261 1.50279 1.50303 1.50329 1.50359 
1.49688 1.4972 1.49753 1.49787 1.49821 1.49857 1.49895 1.49936 1.49981 1.50034 1.50096 1.50173 1.50267 1.50385 1.50531 1.50713 1.50938 1.51213 1.51547 1.51947 1.52421 1.52977 1.53621 1.54358 1.55192 1.56124 1.57154 1.5828 1.59497 1.60797 1.62173 1.63612 1.65102 1.66628 1.68175 1.69726 1.71264 1.72774 1.7424 1.75644 1.76974 1.78215 1.79356 1.80386 1.81295 1.82075 1.8272 1.83224 1.83583 1.83795 1.83859 1.83772 1.83537 1.83154 1.82628 1.81963 1.81164 1.80238 1.79195 1.78043 1.76794 1.75462 1.74059 1.72601 1.71103 1.69581 1.68051 1.66531 1.65034 1.63576 1.62171 1.60829 1.59562 1.58377 1.5728 1.56275 1.55365 1.54548 1.53823 1.53187 1.52634 1.5216 1.51758 1.51421 1.51141 1.50914 1.50731 1.50587 1.50476 1.50394 1.50334 1.50295 1.50271 1.50261 1.50262 1.50271 1.50287 1.50309 1.50334 1.50362 
1.49692 1.49724 1.49757 1.49791 1.49827 1.49865 1.49906 1.49951 1.50002 1.50063 1.50137 1.50227 1.5034 1.50481 1.50657 1.50876 1.51146 1.51476 1.51875 1.52351 1.52914 1.53571 1.54328 1.55192 1.56164 1.57247 1.58439 1.59737 1.61133 1.6262 1.64185 1.65816 1.67497 1.69213 1.70944 1.72674 1.74383 1.76055 1.77671 1.79215 1.80673 1.82029 1.83272 1.84392 1.85378 1.86222 1.86919 1.87463 1.87851 1.88079 1.88146 1.88052 1.87797 1.87384 1.86814 1.86092 1.85225 1.84218 1.8308 1.81821 1.80453 1.78988 1.77441 1.75828 1.74166 1.72471 1.70762 1.69057 1.67372 1.65725 1.64131 1.62605 1.61157 1.59799 1.58537 1.57377 1.56322 1.55372 1.54527 1.53782 1.53133 1.52574 1.52098 1.51698 1.51365 1.51093 1.50873 1.50698 1.50563 1.5046 1.50385 1.50333 1.503 1.50283 1.50278 1.50283 1.50296 1.50315 1.50339 1.50366 
1.49695 1.49727 1.49761 1.49796 1.49834 1.49874 1.49918 1.49968 1.50027 1.50097 1.50184 1.50291 1.50425 1.50594 1.50804 1.51065 1.51386 1.51778 1.52249 1.5281 1.53471 1.54239 1.55122 1.56124 1.57247 1.58493 1.59859 1.61339 1.62925 1.64607 1.6637 1.68199 1.70077 1.71985 1.73903 1.75812 1.77691 1.79521 1.81285 1.82964 1.84544 1.8601 1.8735 1.88553 1.89611 1.90515 1.91259 1.9184 1.92253 1.92496 1.92567 1.92466 1.92194 1.91752 1.91143 1.9037 1.89439 1.88357 1.8713 1.8577 1.84287 1.82695 1.81009 1.79244 1.77418 1.75551 1.7366 1.71767 1.6989 1.68047 1.66258 1.64537 1.629 1.61358 1.5992 1.58593 1.57383 1.56289 1.55312 1.54448 1.53693 1.5304 1.52483 1.52012 1.51619 1.51296 1.51034 1.50825 1.50661 1.50536 1.50443 1.50377 1.50333 1.50307 1.50296 1.50296 1.50306 1.50322 1.50344 1.50371 
1.49699 1.49731 1.49765 1.49802 1.49841 1.49884 1.49933 1.49989 1.50056 1.50137 1.50238 1.50365 1.50523 1.50723 1.50972 1.5128 1.51659 1.52119 1.52671 1.53327 1.54095 1.54985 1.56003 1.57154 1.58439 1.59859 1.61408 1.6308 1.64865 1.66748 1.68714 1.70746 1.72822 1.74923 1.77027 1.79112 1.81156 1.8314 1.85044 1.86852 1.88546 1.90113 1.91541 1.92821 1.93942 1.94899 1.95686 1.96299 1.96734 1.9699 1.97065 1.96959 1.96673 1.96206 1.95563 1.94745 1.93758 1.92607 1.913 1.89847 1.88257 1.86545 1.84726 1.82815 1.80831 1.78793 1.76723 1.74642 1.7257 1.7053 1.68539 1.66619 1.64784 1.63049 1.61425 1.59922 1.58545 1.57297 1.56178 1.55186 1.54315 1.5356 1.52913 1.52364 1.51905 1.51526 1.51217 1.50969 1.50773 1.50623 1.50509 1.50427 1.50371 1.50335 1.50316 1.50311 1.50317 1.5033 1.50351 1.50376 
1.49704 1.49736 1.4977 1.49808 1.4985 1.49897 1.4995 1.50013 1.50089 1.50183 1.50301 1.50449 1.50635 1.5087 1.51162 1.51523 1.51966 1.52502 1.53143 1.539 1.54785 1.55806 1.5697 1.5828 1.59737 1.61339 1.6308 1.64952 1.6694 1.69029 1.71202 1.73436 1.7571 1.78002 1.80286 1.82541 1.84743 1.86872 1.88907 1.90832 1.9263 1.94288 1.95795 1.97141 1.98318 1.9932 2.00143 2.00783 2.01237 2.01504 2.01583 2.01473 2.01174 2.00688 2.00016 1.99161 1.98126 1.96916 1.95539 1.94003 1.92318 1.90496 1.88553 1.86504 1.84369 1.82169 1.79924 1.77657 1.75393 1.73153 1.7096 1.68835 1.66797 1.64863 1.63047 1.61359 1.59806 1.58395 1.57124 1.55994 1.54999 1.54133 1.53388 1.52755 1.52223 1.51782 1.51421 1.5113 1.509 1.5072 1.50584 1.50484 1.50413 1.50367 1.5034 1.50329 1.50329 1.5034 1.50358 1.50381 
1.49709 1.49741 1.49776 1.49816 1.4986 1.49911 1.4997 1.50041 1.50128 1.50236 1.50372 1.50545 1.50762 1.51035 1.51375 1.51795 1.52307 1.52925 1.53662 1.54531 1.55541 1.56702 1.58019 1.59497 1.61133 1.62925 1.64865 1.6694 1.69135 1.71432 1.7381 1.76246 1.78714 1.81189 1.83647 1.86063 1.88413 1.90674 1.92829 1.94859 1.96748 1.98485 2.00058 2.01459 2.02681 2.0372 2.04571 2.05233 2.05702 2.05978 2.0606 2.05948 2.05641 2.0514 2.04447 2.03562 2.02489 2.01232 1.99796 1.98189 1.9642 1.94501 1.92446 1.90272 1.87997 1.85642 1.83231 1.80786 1.78332 1.75896 1.73501 1.71171 1.68928 1.6679 1.64775 1.62895 1.6116 1.59577 1.58147 1.5687 1.55743 1.54758 1.53909 1.53184 1.52573 1.52065 1.51647 1.51309 1.5104 1.50829 1.50668 1.50548 1.50461 1.50403 1.50366 1.50348 1.50344 1.5035 1.50365 1.50387 
1.49715 1.49747 1.49783 1.49824 1.49871 1.49926 1.49992 1.50072 1.50171 1.50295 1.50453 1.50652 1.50903 1.51219 1.51611 1.52094 1.52682 1.53389 1.5423 1.55216 1.56359 1.57667 1.59146 1.60797 1.6262 1.64607 1.66748 1.69029 1.71432 1.73936 1.76516 1.79147 1.81802 1.84453 1.87074 1.89639 1.92123 1.94504 1.96764 1.98884 2.0085 2.02651 2.04277 2.05722 2.06979 2.08044 2.08916 2.09593 2.10073 2.10356 2.10441 2.10328 2.10016 2.09507 2.08799 2.07894 2.06793 2.055 2.04018 2.02355 2.00517 1.98515 1.96363 1.94077 1.91675 1.89178 1.8661 1.83995 1.81361 1.78733 1.7614 1.73606 1.71157 1.68815 1.66597 1.64522 1.62599 1.60837 1.59241 1.57811 1.56544 1.55434 1.54473 1.5365 1.52955 1.52374 1.51895 1.51506 1.51195 1.5095 1.5076 1.50618 1.50515 1.50443 1.50396 1.5037 1.5036 1.50362 1.50374 1.50394 
1.49722 1.49753 1.4979 1.49834 1.49884 1.49944 1.50017 1.50107 1.50219 1.50361 1.50542 1.5077 1.51059 1.51421 1.5187 1.52421 1.5309 1.53892 1.54842 1.55952 1.57234 1.58696 1.60342 1.62173 1.64185 1.6637 1.68714 1.71202 1.7381 1.76516 1.79293 1.82112 1.84943 1.87759 1.90529 1.93229 1.95832 1.98317 2.00665 2.0286 2.04888 2.06738 2.08404 2.09879 2.11159 2.12242 2.13126 2.13812 2.14298 2.14585 2.14673 2.1456 2.14248 2.13735 2.1302 2.12104 2.10987 2.09671 2.08157 2.06451 2.04559 2.02491 2.00258 1.97875 1.95361 1.92737 1.90025 1.87253 1.84447 1.81637 1.78852 1.76119 1.73467 1.7092 1.685 1.66226 1.64111 1.62168 1.604 1.58811 1.57398 1.56157 1.55078 1.54152 1.53367 1.52709 1.52164 1.5172 1.51363 1.51081 1.50862 1.50696 1.50573 1.50486 1.50429 1.50394 1.50377 1.50375 1.50384 1.50402 
1.49729 1.49761 1.49799 1.49844 1.49899 1.49964 1.50045 1.50146 1.50273 1.50434 1.50639 1.509 1.51229 1.5164 1.5215 1.52774 1.53528 1.5443 1.55495 1.56735 1.58161 1.59781 1.61599 1.63612 1.65816 1.68199 1.70746 1.73436 1.76246 1.79147 1.82112 1.85108 1.88104 1.9107 1.93975 1.96793 1.99499 2.02071 2.04491 2.06743 2.08816 2.10701 2.12391 2.13883 2.15175 2.16265 2.17154 2.17842 2.18331 2.18619 2.18709 2.186 2.1829 2.17779 2.17065 2.16147 2.15025 2.13697 2.12166 2.10433 2.08503 2.06385 2.04088 2.01626 1.99017 1.96281 1.93442 1.90525 1.87561 1.84579 1.8161 1.78686 1.75835 1.73087 1.70466 1.67993 1.65686 1.63557 1.61615 1.59862 1.58299 1.56921 1.55721 1.54687 1.53807 1.53067 1.52453 1.51951 1.51546 1.51223 1.50972 1.5078 1.50637 1.50534 1.50464 1.5042 1.50397 1.50389 1.50395 1.50411 
1.49737 1.49769 1.49808 1.49856 1.49915 1.49986 1.50076 1.50188 1.50331 1.50513 1.50746 1.51041 1.51412 1.51877 1.5245 1.5315 1.53995 1.55001 1.56184 1.57558 1.59132 1.60914 1.62905 1.65102 1.67497 1.70077 1.72822 1.7571 1.78714 1.81802 1.84943 1.88104 1.91251 1.94351 1.97375 2.00295 2.03086 2.05727 2.08201 2.10493 2.12595 2.14499 2.162 2.17696 2.18988 2.20076 2.20961 2.21646 2.22132 2.2242 2.22512 2.22406 2.22102 2.21599 2.20893 2.19983 2.18865 2.17539 2.16003 2.14258 2.12308 2.10156 2.07813 2.0529 2.02604 1.99774 1.96823 1.93778 1.90669 1.87528 1.84387 1.8128 1.78239 1.75296 1.72477 1.69808 1.67309 1.64994 1.62875 1.60957 1.59241 1.57723 1.56396 1.5525 1.54271 1.53447 1.5276 1.52197 1.5174 1.51376 1.5109 1.50871 1.50706 1.50586 1.50503 1.50449 1.50418 1.50405 1.50407 1.5042 
1.49746 1.49778 1.49818 1.49869 1.49932 1.5001 1.50109 1.50234 1.50394 1.50599 1.5086 1.51191 1.51608 1.52128 1.52768 1.53548 1.54486 1.55599 1.56904 1.58414 1.60139 1.62083 1.64248 1.66628 1.69213 1.71985 1.74923 1.78002 1.81189 1.84453 1.87759 1.9107 1.94351 1.9757 2.00695 2.03698 2.06556 2.09248 2.11758 2.14075 2.16189 2.18097 2.19795 2.21284 2.22566 2.23642 2.24517 2.25192 2.25672 2.25958 2.2605 2.2595 2.25655 2.25163 2.24472 2.23578 2.22476 2.21162 2.19636 2.17893 2.15937 2.13769 2.11397 2.08831 2.06086 2.03179 2.00135 1.96979 1.93741 1.90455 1.87155 1.83877 1.80655 1.77524 1.74514 1.71653 1.68964 1.66465 1.64169 1.62085 1.60214 1.58554 1.57098 1.55837 1.54758 1.53845 1.53083 1.52456 1.51946 1.51537 1.51216 1.50967 1.5078 1.50642 1.50544 1.50479 1.50441 1.50422 1.5042 1.50431 
1.49756 1.49787 1.49829 1.49883 1.49951 1.50036 1.50145 1.50284 1.50462 1.5069 1.50981 1.5135 1.51814 1.52391 1.53101 1.53963 1.54996 1.56219 1.57648 1.59295 1.61171 1.63278 1.65615 1.68175 1.70944 1.73903 1.77027 1.80286 1.83647 1.87074 1.90529 1.93975 1.97375 2.00695 2.03903 2.06972 2.09879 2.12604 2.15134 2.17459 2.19571 2.21469 2.23152 2.24622 2.25884 2.26941 2.27797 2.28459 2.28929 2.29209 2.29303 2.29209 2.28925 2.2845 2.2778 2.26908 2.2583 2.24541 2.23035 2.21309 2.19361 2.17194 2.1481 2.12218 2.09431 2.06467 2.03346 2.00096 1.96747 1.93331 1.89887 1.8645 1.83059 1.79749 1.76556 1.73509 1.70635 1.67955 1.65486 1.63235 1.61209 1.59406 1.57821 1.56443 1.55261 1.54258 1.53419 1.52726 1.52161 1.51707 1.51348 1.51069 1.50857 1.507 1.50588 1.50512 1.50465 1.5044 1.50434 1.50442 
1.49766 1.49797 1.49841 1.49898 1.49971 1.50064 1.50183 1.50336 1.50533 1.50785 1.51108 1.51516 1.52029 1.52665 1.53445 1.5439 1.5552 1.56854 1.58407 1.60192 1.62217 1.64484 1.6699 1.69726 1.72674 1.75812 1.79112 1.82541 1.86063 1.89639 1.93229 1.96793 2.00295 2.03698 2.06972 2.1009 2.13028 2.15771 2.18305 2.20622 2.22719 2.24595 2.26251 2.27693 2.28926 2.29956 2.3079 2.31433 2.31889 2.32164 2.32257 2.3217 2.31901 2.31446 2.308 2.29958 2.28912 2.27655 2.26181 2.24483 2.22558 2.20405 2.18024 2.15424 2.12613 2.09608 2.06429 2.03102 1.99658 1.9613 1.92556 1.88975 1.85426 1.8195 1.78583 1.75358 1.72306 1.6945 1.6681 1.64397 1.62217 1.60272 1.58557 1.57062 1.55776 1.54683 1.53765 1.53004 1.52383 1.51882 1.51485 1.51175 1.50938 1.50761 1.50634 1.50546 1.5049 1.50459 1.50448 1.50453 
1.49777 1.49808 1.49853 1.49914 1.49992 1.50093 1.50223 1.50391 1.50607 1.50885 1.51239 1.51688 1.5225 1.52946 1.53798 1.54827 1.56054 1.57497 1.59174 1.61094 1.63266 1.6569 1.6836 1.71264 1.74383 1.77691 1.81156 1.84743 1.88413 1.92123 1.95832 1.99499 2.03086 2.06556 2.09879 2.13028 2.15983 2.18728 2.21252 2.23549 2.25618 2.27461 2.29082 2.30487 2.31685 2.32682 2.33488 2.34108 2.3455 2.34816 2.34909 2.34829 2.34575 2.34143 2.33526 2.32719 2.31711 2.30495 2.29061 2.27402 2.25511 2.23385 2.21022 2.18427 2.15608 2.12579 2.09359 2.05972 2.0245 1.98825 1.95137 1.91427 1.87735 1.84104 1.80574 1.77181 1.73959 1.70934 1.68129 1.65556 1.63227 1.61142 1.59298 1.57688 1.56298 1.55113 1.54117 1.53289 1.5261 1.52062 1.51625 1.51284 1.51021 1.50825 1.50682 1.50582 1.50517 1.50479 1.50463 1.50466 
1.49788 1.4982 1.49866 1.4993 1.50014 1.50123 1.50264 1.50447 1.50683 1.50986 1.51374 1.51863 1.52475 1.53231 1.54154 1.55266 1.56589 1.58141 1.59939 1.61992 1.64307 1.66882 1.69709 1.72774 1.76055 1.79521 1.8314 1.86872 1.90674 1.94504 1.98317 2.02071 2.05727 2.09248 2.12604 2.15771 2.18728 2.21461 2.23963 2.26229 2.28261 2.30062 2.3164 2.33002 2.34159 2.35119 2.35893 2.36489 2.36912 2.37169 2.37261 2.3719 2.36952 2.36544 2.3596 2.3519 2.34226 2.33056 2.3167 2.30058 2.2821 2.26122 2.23789 2.21213 2.184 2.15362 2.12116 2.08685 2.05101 2.01396 1.97609 1.93784 1.89963 1.86191 1.8251 1.7896 1.75577 1.72392 1.69427 1.66702 1.64227 1.62006 1.60037 1.58312 1.5682 1.55546 1.54471 1.53575 1.5284 1.52244 1.51768 1.51394 1.51106 1.50889 1.5073 1.50618 1.50544 1.50499 1.50479 1.50479 
1.49799 1.49831 1.4988 1.49947 1.50036 1.50153 1.50306 1.50504 1.5076 1.51089 1.51509 1.52039 1.527 1.53516 1.54509 1.55704 1.5712 1.58779 1.60693 1.62875 1.65326 1.68046 1.71023 1.7424 1.77671 1.81285 1.85044 1.88907 1.92829 1.96764 2.00665 2.04491 2.08201 2.11758 2.15134 2.18305 2.21252 2.23963 2.26432 2.28659 2.30645 2.32398 2.33927 2.35241 2.36353 2.37274 2.38014 2.38582 2.38987 2.39233 2.39325 2.39261 2.3904 2.38658 2.38107 2.37378 2.3646 2.3534 2.34007 2.32448 2.30652 2.2861 2.26317 2.23771 2.20976 2.17941 2.14683 2.11224 2.07592 2.03821 1.99952 1.96026 1.92091 1.8819 1.84371 1.80676 1.77143 1.73806 1.70692 1.67822 1.65207 1.62854 1.60764 1.58928 1.57337 1.55974 1.54822 1.53861 1.53069 1.52425 1.51911 1.51505 1.51192 1.50955 1.5078 1.50655 1.50571 1.5052 1.50495 1.50492 
1.49811 1.49843 1.49893 1.49964 1.50059 1.50184 1.50348 1.50562 1.50838 1.51192 1.51644 1.52213 1.52923 1.53797 1.54859 1.56133 1.57641 1.59401 1.61428 1.63731 1.66313 1.69169 1.72286 1.75644 1.79215 1.82964 1.86852 1.90832 1.94859 1.98884 2.0286 2.06743 2.10493 2.14075 2.17459 2.20622 2.23549 2.26229 2.28659 2.30839 2.32775 2.34475 2.35951 2.37214 2.38279 2.39158 2.39862 2.40403 2.40788 2.41024 2.41113 2.41058 2.40854 2.40498 2.39981 2.39294 2.38423 2.37357 2.3608 2.34578 2.32838 2.30849 2.28602 2.26095 2.23328 2.20308 2.1705 2.13574 2.09908 2.06086 2.02148 1.98137 1.941 1.90086 1.86142 1.82313 1.78642 1.75164 1.7191 1.68902 1.66155 1.63678 1.61471 1.59529 1.57842 1.56394 1.55167 1.54141 1.53295 1.52605 1.52052 1.51616 1.51277 1.51019 1.50829 1.50692 1.50599 1.50541 1.50511 1.50505 
1.49823 1.49855 1.49907 1.49981 1.50082 1.50215 1.5039 1.50618 1.50914 1.51293 1.51776 1.52384 1.53141 1.54071 1.55199 1.56549 1.58143 1.6 1.62134 1.64552 1.67256 1.70239 1.73486 1.76974 1.80673 1.84544 1.88546 1.9263 1.96748 2.0085 2.04888 2.08816 2.12595 2.16189 2.19571 2.22719 2.25618 2.28261 2.30645 2.32775 2.34656 2.36301 2.37722 2.38934 2.39951 2.40787 2.41456 2.41969 2.42334 2.42559 2.42647 2.42598 2.42411 2.42081 2.41598 2.40952 2.4013 2.39117 2.37898 2.36455 2.34774 2.32842 2.30647 2.28185 2.25453 2.22456 2.19208 2.15726 2.12038 2.08177 2.04183 2.00099 1.95975 1.91861 1.87805 1.83856 1.80059 1.76451 1.73067 1.69931 1.6706 1.64466 1.62149 1.60107 1.58328 1.56799 1.55501 1.54414 1.53514 1.5278 1.5219 1.51723 1.5136 1.51083 1.50877 1.50728 1.50626 1.50562 1.50527 1.50518 
1.49834 1.49866 1.4992 1.49998 1.50104 1.50245 1.50431 1.50673 1.50988 1.51391 1.51904 1.52549 1.5335 1.54333 1.55523 1.56945 1.58621 1.60569 1.62801 1.65326 1.68143 1.71243 1.74609 1.78215 1.82029 1.8601 1.90113 1.94288 1.98485 2.02651 2.06738 2.10701 2.14499 2.18097 2.21469 2.24595 2.27461 2.30062 2.32398 2.34475 2.36301 2.3789 2.39257 2.40417 2.41387 2.42182 2.42815 2.433 2.43646 2.4386 2.43946 2.43904 2.43734 2.43427 2.42978 2.42372 2.41598 2.40637 2.39475 2.38091 2.36471 2.34596 2.32457 2.30042 2.2735 2.24383 2.21152 2.17673 2.13973 2.10084 2.06045 2.01902 1.97703 1.93501 1.89347 1.8529 1.81379 1.77654 1.74151 1.70897 1.67913 1.65209 1.62791 1.60654 1.58791 1.57185 1.5582 1.54674 1.53724 1.52948 1.52323 1.51827 1.5144 1.51144 1.50923 1.50763 1.50653 1.50582 1.50543 1.50531 
1.49845 1.49878 1.49933 1.50014 1.50125 1.50274 1.5047 1.50726 1.51058 1.51484 1.52025 1.52704 1.53548 1.5458 1.55829 1.57317 1.59068 1.61099 1.63423 1.66046 1.68965 1.72171 1.75644 1.79356 1.83272 1.8735 1.91541 1.95795 2.00058 2.04277 2.08404 2.12391 2.162 2.19795 2.23152 2.26251 2.29082 2.3164 2.33927 2.35951 2.37722 2.39257 2.40571 2.41681 2.42606 2.43361 2.43961 2.4442 2.44747 2.4495 2.45034 2.44999 2.44843 2.4456 2.44141 2.43574 2.42844 2.41935 2.40827 2.39501 2.37939 2.36123 2.34038 2.31673 2.29024 2.2609 2.22881 2.19412 2.15707 2.11798 2.07725 2.03533 1.99272 1.94994 1.90754 1.86603 1.82591 1.78761 1.7515 1.7179 1.68702 1.65899 1.63388 1.61165 1.59222 1.57546 1.56118 1.54918 1.53921 1.53106 1.52448 1.51925 1.51516 1.51203 1.50968 1.50797 1.50678 1.50601 1.50558 1.50543 
1.49855 1.49888 1.49945 1.50029 1.50145 1.50301 1.50507 1.50775 1.51124 1.5157 1.52137 1.52849 1.5373 1.54808 1.5611 1.57659 1.59478 1.61584 1.63991 1.66701 1.69712 1.73012 1.7658 1.80386 1.84392 1.88553 1.92821 1.97141 2.01459 2.05722 2.09879 2.13883 2.17696 2.21284 2.24622 2.27693 2.30487 2.33002 2.35241 2.37214 2.38934 2.40417 2.41681 2.42745 2.43627 2.44345 2.44914 2.45348 2.45658 2.45852 2.45933 2.45904 2.45761 2.455 2.45109 2.44578 2.4389 2.43027 2.41971 2.40699 2.39193 2.37432 2.354 2.33085 2.30478 2.2758 2.24395 2.2094 2.17236 2.13315 2.09216 2.04985 2.00672 1.96331 1.92017 1.87784 1.83683 1.7976 1.76055 1.72601 1.6942 1.66528 1.63932 1.61631 1.59617 1.57877 1.56393 1.55143 1.54104 1.53252 1.52564 1.52016 1.51587 1.51257 1.51009 1.50828 1.50702 1.50619 1.50572 1.50555 
1.49865 1.49898 1.49957 1.50043 1.50164 1.50326 1.5054 1.5082 1.51184 1.51649 1.5224 1.5298 1.53895 1.55014 1.56363 1.57966 1.59845 1.62019 1.64497 1.67284 1.70376 1.73758 1.77408 1.81295 1.85378 1.89611 1.93942 1.98318 2.02681 2.06979 2.11159 2.15175 2.18988 2.22566 2.25884 2.28926 2.31685 2.34159 2.36353 2.38279 2.39951 2.41387 2.42606 2.43627 2.44471 2.45155 2.45696 2.46108 2.46403 2.46587 2.46667 2.46642 2.46512 2.46269 2.45904 2.45404 2.44754 2.43934 2.42924 2.41702 2.40247 2.38537 2.36555 2.34286 2.3172 2.28856 2.25697 2.22257 2.18558 2.14631 2.10513 2.06251 2.01896 1.97502 1.93126 1.88823 1.84646 1.80644 1.76857 1.7332 1.70058 1.67088 1.64418 1.62048 1.59971 1.58174 1.56639 1.55345 1.54268 1.53384 1.52669 1.52098 1.51651 1.51306 1.51047 1.50857 1.50723 1.50636 1.50585 1.50566 
1.49874 1.49907 1.49967 1.50056 1.5018 1.50348 1.5057 1.5086 1.51237 1.51719 1.5233 1.53095 1.5404 1.55194 1.56584 1.58233 1.60165 1.62396 1.64936 1.67789 1.70949 1.74401 1.7812 1.82075 1.86222 1.90515 1.94899 1.9932 2.0372 2.08044 2.12242 2.16265 2.20076 2.23642 2.26941 2.29956 2.32682 2.35119 2.37274 2.39158 2.40787 2.42182 2.43361 2.44345 2.45155 2.4581 2.46327 2.4672 2.47 2.47177 2.47254 2.47234 2.47114 2.46887 2.46545 2.46073 2.45455 2.44672 2.43703 2.42525 2.41115 2.39451 2.37513 2.35285 2.32757 2.29924 2.2679 2.23367 2.19674 2.15744 2.11613 2.07327 2.02938 1.98501 1.94073 1.89712 1.85472 1.81403 1.77546 1.7394 1.70609 1.67572 1.64839 1.6241 1.60279 1.58433 1.56855 1.55522 1.54412 1.535 1.52761 1.52171 1.51707 1.5135 1.5108 1.50882 1.50743 1.5065 1.50597 1.50576 
1.49881 1.49915 1.49976 1.50067 1.50195 1.50367 1.50596 1.50895 1.51282 1.51778 1.52406 1.53192 1.54163 1.55346 1.5677 1.58458 1.60433 1.62711 1.65302 1.68209 1.71425 1.74934 1.7871 1.8272 1.86919 1.91259 1.95686 2.00143 2.04571 2.08916 2.13126 2.17154 2.20961 2.24517 2.27797 2.3079 2.33488 2.35893 2.38014 2.39862 2.41456 2.42815 2.43961 2.44914 2.45696 2.46327 2.46823 2.47199 2.47469 2.47639 2.47715 2.47698 2.47586 2.47373 2.47049 2.466 2.4601 2.45259 2.44324 2.43182 2.4181 2.40184 2.38284 2.36092 2.33596 2.3079 2.27678 2.24269 2.20584 2.16653 2.12512 2.08208 2.03793 1.99322 1.94853 1.90446 1.86154 1.8203 1.78118 1.74454 1.71067 1.67976 1.6519 1.62713 1.60537 1.5865 1.57036 1.55671 1.54534 1.53598 1.52839 1.52232 1.51755 1.51387 1.51109 1.50904 1.50759 1.50663 1.50607 1.50584 
1.49888 1.49921 1.49983 1.50076 1.50207 1.50383 1.50617 1.50923 1.51319 1.51826 1.52468 1.53271 1.54261 1.55468 1.56918 1.58637 1.60645 1.6296 1.65591 1.6854 1.71799 1.75352 1.79172 1.83224 1.87463 1.9184 1.96299 2.00783 2.05233 2.09593 2.13812 2.17842 2.21646 2.25192 2.28459 2.31433 2.34108 2.36489 2.38582 2.40403 2.41969 2.433 2.4442 2.45348 2.46108 2.4672 2.47199 2.47563 2.47823 2.47988 2.48063 2.48049 2.47944 2.47742 2.47432 2.47002 2.46433 2.45706 2.44798 2.43685 2.42343 2.40748 2.38877 2.36713 2.34242 2.31459 2.28364 2.24968 2.21289 2.17357 2.1321 2.08893 2.04457 1.99961 1.95461 1.91018 1.86687 1.82521 1.78565 1.74858 1.71427 1.68293 1.65468 1.62952 1.60741 1.58823 1.5718 1.5579 1.54631 1.53677 1.52902 1.52282 1.51794 1.51417 1.51132 1.50922 1.50773 1.50674 1.50615 1.50591 
1.49892 1.49926 1.49989 1.50083 1.50216 1.50395 1.50633 1.50944 1.51346 1.51862 1.52514 1.53328 1.54334 1.55557 1.57026 1.58767 1.60799 1.63141 1.658 1.68778 1.72068 1.75652 1.79502 1.83583 1.87851 1.92253 1.96734 2.01237 2.05702 2.10073 2.14298 2.18331 2.22132 2.25672 2.28929 2.31889 2.3455 2.36912 2.38987 2.40788 2.42334 2.43646 2.44747 2.45658 2.46403 2.47 2.47469 2.47823 2.48077 2.48238 2.48312 2.483 2.482 2.48005 2.47706 2.47289 2.46735 2.46026 2.45137 2.44045 2.42724 2.4115 2.393 2.37156 2.34703 2.31935 2.28852 2.25464 2.2179 2.17858 2.13705 2.09379 2.0493 2.00415 1.95894 1.91425 1.87067 1.82872 1.78885 1.75147 1.71685 1.68522 1.65667 1.63125 1.60889 1.58948 1.57285 1.55877 1.54702 1.53734 1.52948 1.52319 1.51823 1.5144 1.51149 1.50935 1.50783 1.50682 1.50622 1.50596 
1.49896 1.4993 1.49993 1.50088 1.50222 1.50403 1.50643 1.50958 1.51364 1.51885 1.52543 1.53365 1.54379 1.55612 1.57093 1.58846 1.60893 1.6325 1.65925 1.68921 1.72228 1.75829 1.79697 1.83795 1.88079 1.92496 1.9699 2.01504 2.05978 2.10356 2.14585 2.18619 2.2242 2.25958 2.29209 2.32164 2.34816 2.37169 2.39233 2.41024 2.42559 2.4386 2.4495 2.45852 2.46587 2.47177 2.47639 2.47988 2.48238 2.48397 2.48471 2.4846 2.48363 2.48173 2.4788 2.4747 2.46926 2.46226 2.45349 2.44268 2.42959 2.41397 2.39558 2.37424 2.34981 2.32221 2.29144 2.2576 2.22087 2.18154 2.13998 2.09665 2.05207 2.00682 1.96148 1.91665 1.87291 1.83078 1.79074 1.75318 1.71839 1.68658 1.65787 1.63229 1.60979 1.59025 1.57349 1.55931 1.54747 1.53771 1.52978 1.52343 1.51842 1.51455 1.51161 1.50944 1.5079 1.50687 1.50626 1.506 
