4.10766 4.10785 4.10809 4.10835 4.10865 4.10899 4.10936 4.10977 4.11022 4.11072 4.11125 4.11184 4.11247 4.11315 4.11389 4.11469 4.11554 4.11646 4.11744 4.11849 4.1196 4.12077 4.12202 4.12332 4.12469 4.12611 4.12759 4.12912 4.13069 4.1323 4.13394 4.1356 4.13727 4.13893 4.14059 4.14223 4.14384 4.1454 4.14691 4.14835 4.14971 4.15098 4.15215 4.15322 4.15416 4.15498 4.15566 4.1562 4.1566 4.15686 4.15696 4.15691 4.15671 4.15637 4.15588 4.15525 4.15449 4.1536 4.15259 4.15147 4.15025 4.14895 4.14756 4.14611 4.1446 4.14305 4.14146 4.13986 4.13824 4.13663 4.13503 4.13346 4.13191 4.13041 4.12895 4.12755 4.12621 4.12493 4.12372 4.12259 4.12153 4.12055 4.11964 4.11881 4.11806 4.11739 4.11679 4.11626 4.11581 4.11542 4.11509 4.11483 4.11462 4.11447 4.11437 4.11432 4.11432 4.11436 4.11444 4.11456 
4.10785 4.10805 4.10828 4.10855 4.10885 4.10919 4.10956 4.10997 4.11043 4.11092 4.11146 4.11205 4.11268 4.11337 4.11412 4.11492 4.11578 4.11671 4.1177 4.11875 4.11987 4.12106 4.12232 4.12364 4.12502 4.12646 4.12795 4.1295 4.13109 4.13272 4.13437 4.13605 4.13774 4.13943 4.14111 4.14276 4.14439 4.14597 4.1475 4.14895 4.15033 4.15162 4.1528 4.15388 4.15483 4.15566 4.15635 4.1569 4.15731 4.15756 4.15767 4.15762 4.15742 4.15707 4.15657 4.15593 4.15516 4.15426 4.15324 4.15211 4.15088 4.14955 4.14815 4.14668 4.14515 4.14358 4.14197 4.14035 4.13872 4.13709 4.13547 4.13387 4.13231 4.13079 4.12932 4.1279 4.12654 4.12525 4.12403 4.12288 4.12181 4.12082 4.1199 4.11906 4.11831 4.11762 4.11702 4.11649 4.11602 4.11563 4.1153 4.11503 4.11482 4.11467 4.11457 4.11452 4.11451 4.11455 4.11463 4.11475 
4.10809 4.10828 4.10851 4.10878 4.10909 4.10943 4.10981 4.11023 4.11069 4.1112 4.11175 4.11235 4.11301 4.11372 4.11448 4.11531 4.11619 4.11715 4.11817 4.11926 4.12041 4.12164 4.12293 4.1243 4.12572 4.12721 4.12875 4.13035 4.13199 4.13367 4.13538 4.13711 4.13885 4.1406 4.14233 4.14404 4.14572 4.14735 4.14892 4.15043 4.15185 4.15317 4.1544 4.1555 4.15649 4.15734 4.15805 4.15862 4.15904 4.1593 4.1594 4.15935 4.15914 4.15878 4.15827 4.15761 4.15681 4.15588 4.15483 4.15366 4.15239 4.15102 4.14957 4.14805 4.14647 4.14485 4.1432 4.14152 4.13983 4.13815 4.13648 4.13483 4.13321 4.13164 4.13012 4.12865 4.12725 4.12591 4.12465 4.12346 4.12236 4.12133 4.12038 4.11951 4.11873 4.11802 4.11739 4.11684 4.11636 4.11594 4.1156 4.11532 4.1151 4.11494 4.11483 4.11477 4.11476 4.11479 4.11487 4.11498 
4.10835 4.10855 4.10878 4.10905 4.10937 4.10972 4.11011 4.11055 4.11103 4.11155 4.11213 4.11276 4.11344 4.11418 4.11498 4.11585 4.11678 4.11778 4.11886 4.12 4.12122 4.12251 4.12387 4.1253 4.1268 4.12837 4.13 4.13168 4.1334 4.13517 4.13697 4.13879 4.14062 4.14245 4.14427 4.14607 4.14783 4.14955 4.1512 4.15277 4.15426 4.15566 4.15694 4.1581 4.15913 4.16002 4.16077 4.16136 4.1618 4.16207 4.16218 4.16212 4.1619 4.16152 4.16098 4.16029 4.15945 4.15847 4.15736 4.15613 4.15479 4.15336 4.15183 4.15024 4.14858 4.14687 4.14513 4.14336 4.14159 4.13982 4.13806 4.13632 4.13462 4.13297 4.13136 4.12982 4.12834 4.12693 4.12559 4.12434 4.12317 4.12208 4.12108 4.12016 4.11933 4.11858 4.11791 4.11732 4.1168 4.11636 4.11599 4.11568 4.11544 4.11526 4.11514 4.11506 4.11504 4.11507 4.11514 4.11525 
4.10865 4.10885 4.10909 4.10937 4.10969 4.11006 4.11047 4.11092 4.11143 4.11198 4.11259 4.11326 4.11398 4.11477 4.11563 4.11655 4.11755 4.11862 4.11976 4.12099 4.12229 4.12367 4.12513 4.12667 4.12827 4.12995 4.13169 4.13349 4.13533 4.13722 4.13914 4.14109 4.14305 4.145 4.14695 4.14886 4.15074 4.15257 4.15433 4.15601 4.1576 4.15908 4.16044 4.16168 4.16277 4.16372 4.16451 4.16514 4.1656 4.16589 4.166 4.16594 4.1657 4.16529 4.16471 4.16397 4.16307 4.16203 4.16085 4.15953 4.15811 4.15657 4.15494 4.15324 4.15147 4.14965 4.14778 4.1459 4.144 4.14211 4.14023 4.13837 4.13655 4.13477 4.13305 4.1314 4.12981 4.1283 4.12686 4.12552 4.12426 4.12308 4.122 4.12101 4.12011 4.1193 4.11857 4.11792 4.11736 4.11688 4.11647 4.11613 4.11586 4.11565 4.1155 4.11541 4.11537 4.11539 4.11545 4.11556 
4.10899 4.10919 4.10943 4.10972 4.11006 4.11044 4.11087 4.11136 4.1119 4.11249 4.11314 4.11386 4.11464 4.11549 4.11642 4.11742 4.1185 4.11966 4.1209 4.12223 4.12364 4.12514 4.12673 4.12839 4.13014 4.13195 4.13384 4.13579 4.13779 4.13984 4.14192 4.14403 4.14614 4.14826 4.15036 4.15243 4.15446 4.15643 4.15833 4.16014 4.16185 4.16345 4.16492 4.16625 4.16743 4.16844 4.16929 4.16997 4.17046 4.17077 4.17088 4.17081 4.17055 4.17011 4.16948 4.16868 4.16771 4.16658 4.1653 4.16388 4.16234 4.16068 4.15892 4.15708 4.15516 4.15319 4.15117 4.14913 4.14708 4.14503 4.14299 4.14097 4.139 4.13707 4.1352 4.1334 4.13167 4.13003 4.12847 4.127 4.12562 4.12434 4.12316 4.12207 4.12108 4.12018 4.11938 4.11867 4.11804 4.1175 4.11704 4.11665 4.11634 4.1161 4.11592 4.11581 4.11575 4.11575 4.1158 4.1159 
4.10936 4.10956 4.10981 4.11011 4.11047 4.11087 4.11134 4.11186 4.11244 4.11308 4.11379 4.11457 4.11542 4.11635 4.11736 4.11845 4.11963 4.12091 4.12227 4.12373 4.12528 4.12693 4.12866 4.13049 4.1324 4.1344 4.13646 4.1386 4.14079 4.14303 4.14531 4.14761 4.14992 4.15223 4.15453 4.15679 4.159 4.16115 4.16322 4.16519 4.16705 4.16879 4.17038 4.17183 4.17311 4.17421 4.17513 4.17586 4.17639 4.17672 4.17684 4.17676 4.17648 4.17599 4.1753 4.17443 4.17337 4.17213 4.17074 4.16919 4.1675 4.16569 4.16377 4.16176 4.15967 4.15751 4.15531 4.15308 4.15083 4.14859 4.14635 4.14415 4.14198 4.13987 4.13782 4.13584 4.13394 4.13213 4.13041 4.12879 4.12727 4.12586 4.12454 4.12334 4.12224 4.12124 4.12034 4.11954 4.11884 4.11823 4.1177 4.11726 4.1169 4.11662 4.1164 4.11625 4.11617 4.11615 4.11618 4.11627 
4.10977 4.10997 4.11023 4.11055 4.11092 4.11136 4.11186 4.11242 4.11305 4.11375 4.11452 4.11538 4.11632 4.11734 4.11845 4.11966 4.12097 4.12237 4.12388 4.12549 4.12721 4.12903 4.13095 4.13297 4.13509 4.13729 4.13957 4.14193 4.14435 4.14682 4.14933 4.15186 4.15441 4.15695 4.15947 4.16195 4.16438 4.16674 4.16901 4.17117 4.17321 4.17511 4.17685 4.17843 4.17983 4.18104 4.18204 4.18283 4.18341 4.18377 4.1839 4.1838 4.18348 4.18295 4.18219 4.18123 4.18006 4.17871 4.17717 4.17547 4.17362 4.17163 4.16952 4.1673 4.165 4.16263 4.16021 4.15775 4.15528 4.1528 4.15034 4.14791 4.14552 4.14318 4.14091 4.13872 4.13662 4.13461 4.13271 4.1309 4.12921 4.12764 4.12617 4.12483 4.12359 4.12247 4.12146 4.12056 4.11976 4.11907 4.11847 4.11796 4.11754 4.1172 4.11694 4.11675 4.11664 4.11659 4.11661 4.11669 
4.11022 4.11043 4.11069 4.11103 4.11143 4.1119 4.11244 4.11305 4.11374 4.11451 4.11536 4.1163 4.11734 4.11847 4.11971 4.12105 4.1225 4.12407 4.12574 4.12754 4.12945 4.13147 4.13361 4.13585 4.1382 4.14064 4.14318 4.14579 4.14847 4.15121 4.15398 4.15679 4.1596 4.16241 4.1652 4.16794 4.17062 4.17321 4.17571 4.17809 4.18034 4.18242 4.18434 4.18608 4.18761 4.18894 4.19004 4.1909 4.19153 4.19192 4.19206 4.19195 4.19159 4.191 4.19016 4.1891 4.18781 4.18631 4.18462 4.18274 4.1807 4.1785 4.17617 4.17373 4.17118 4.16857 4.16589 4.16317 4.16043 4.15769 4.15496 4.15226 4.14961 4.14702 4.1445 4.14206 4.13972 4.13749 4.13536 4.13335 4.13146 4.1297 4.12806 4.12654 4.12515 4.12389 4.12275 4.12173 4.12082 4.12002 4.11933 4.11874 4.11825 4.11785 4.11754 4.11731 4.11716 4.11709 4.11708 4.11715 
4.11072 4.11092 4.1112 4.11155 4.11198 4.11249 4.11308 4.11375 4.11451 4.11536 4.1163 4.11735 4.1185 4.11976 4.12114 4.12263 4.12425 4.12599 4.12787 4.12987 4.132 4.13425 4.13664 4.13914 4.14175 4.14448 4.1473 4.1502 4.15318 4.15622 4.1593 4.16241 4.16554 4.16865 4.17173 4.17476 4.17772 4.18059 4.18335 4.18598 4.18846 4.19076 4.19287 4.19478 4.19647 4.19792 4.19913 4.20008 4.20077 4.20119 4.20134 4.20122 4.20082 4.20016 4.19923 4.19805 4.19663 4.19497 4.1931 4.19102 4.18876 4.18633 4.18375 4.18104 4.17823 4.17533 4.17236 4.16934 4.1663 4.16326 4.16023 4.15723 4.15428 4.1514 4.14859 4.14587 4.14326 4.14076 4.13839 4.13614 4.13402 4.13204 4.13019 4.12849 4.12693 4.1255 4.1242 4.12304 4.12201 4.1211 4.1203 4.11962 4.11905 4.11858 4.1182 4.11792 4.11773 4.11763 4.1176 4.11765 
4.11125 4.11146 4.11175 4.11213 4.11259 4.11314 4.11379 4.11452 4.11536 4.1163 4.11735 4.11851 4.1198 4.1212 4.12274 4.12441 4.12622 4.12817 4.13026 4.1325 4.13488 4.1374 4.14006 4.14285 4.14576 4.1488 4.15194 4.15518 4.15849 4.16187 4.1653 4.16875 4.17222 4.17567 4.17908 4.18244 4.18572 4.18889 4.19194 4.19485 4.19758 4.20012 4.20245 4.20456 4.20642 4.20802 4.20934 4.21039 4.21114 4.2116 4.21176 4.21162 4.21118 4.21044 4.20941 4.2081 4.20652 4.20469 4.20262 4.20032 4.19781 4.19512 4.19227 4.18927 4.18615 4.18293 4.17963 4.17629 4.17291 4.16953 4.16616 4.16283 4.15954 4.15633 4.1532 4.15017 4.14725 4.14446 4.1418 4.13927 4.1369 4.13467 4.1326 4.13068 4.12891 4.1273 4.12583 4.12451 4.12334 4.12229 4.12138 4.1206 4.11993 4.11938 4.11894 4.1186 4.11836 4.11822 4.11816 4.1182 
4.11184 4.11205 4.11235 4.11276 4.11326 4.11386 4.11457 4.11538 4.1163 4.11735 4.11851 4.11981 4.12124 4.12281 4.12453 4.12639 4.12841 4.13059 4.13293 4.13543 4.13809 4.14091 4.14387 4.14699 4.15024 4.15363 4.15713 4.16073 4.16442 4.16817 4.17198 4.17582 4.17966 4.18348 4.18727 4.19099 4.19461 4.19813 4.2015 4.2047 4.20772 4.21052 4.21309 4.21541 4.21746 4.21922 4.22068 4.22183 4.22266 4.22315 4.22332 4.22316 4.22267 4.22185 4.22071 4.21926 4.21751 4.21548 4.21319 4.21064 4.20787 4.20489 4.20173 4.19841 4.19495 4.19138 4.18773 4.18402 4.18027 4.17652 4.17277 4.16906 4.1654 4.16182 4.15833 4.15495 4.1517 4.14858 4.1456 4.14277 4.14011 4.13761 4.13528 4.13312 4.13113 4.12931 4.12765 4.12615 4.12481 4.12362 4.12258 4.12167 4.1209 4.12026 4.11974 4.11934 4.11904 4.11886 4.11877 4.11879 
4.11247 4.11268 4.11301 4.11344 4.11398 4.11464 4.11542 4.11632 4.11734 4.1185 4.1198 4.12124 4.12283 4.12459 4.1265 4.12859 4.13085 4.13328 4.13589 4.13869 4.14165 4.1448 4.14811 4.15158 4.15521 4.15897 4.16286 4.16687 4.17097 4.17514 4.17936 4.18362 4.18787 4.19211 4.1963 4.20041 4.20442 4.2083 4.21202 4.21556 4.21888 4.22197 4.2248 4.22735 4.22961 4.23154 4.23314 4.2344 4.23531 4.23585 4.23603 4.23585 4.2353 4.23439 4.23313 4.23153 4.2296 4.22736 4.22482 4.22201 4.21894 4.21565 4.21215 4.20848 4.20465 4.20071 4.19666 4.19255 4.18839 4.18422 4.18007 4.17594 4.17188 4.1679 4.16401 4.16025 4.15661 4.15313 4.1498 4.14665 4.14366 4.14086 4.13825 4.13582 4.13358 4.13152 4.12965 4.12796 4.12643 4.12508 4.12389 4.12286 4.12197 4.12123 4.12062 4.12014 4.11979 4.11956 4.11944 4.11943 
4.11315 4.11337 4.11372 4.11418 4.11477 4.11549 4.11635 4.11734 4.11847 4.11976 4.1212 4.12281 4.12459 4.12654 4.12868 4.13101 4.13353 4.13624 4.13916 4.14227 4.14558 4.14908 4.15276 4.15663 4.16066 4.16484 4.16917 4.17361 4.17816 4.18278 4.18746 4.19216 4.19687 4.20155 4.20618 4.21072 4.21514 4.21942 4.22352 4.22741 4.23107 4.23447 4.23758 4.24038 4.24285 4.24498 4.24673 4.24811 4.2491 4.24969 4.24989 4.24968 4.24907 4.24806 4.24667 4.2449 4.24278 4.2403 4.23751 4.23441 4.23103 4.2274 4.22354 4.21948 4.21526 4.2109 4.20642 4.20188 4.19728 4.19266 4.18806 4.18349 4.17898 4.17456 4.17024 4.16605 4.16201 4.15813 4.15442 4.1509 4.14757 4.14444 4.14151 4.13879 4.13627 4.13396 4.13185 4.12993 4.12822 4.12668 4.12533 4.12415 4.12313 4.12228 4.12157 4.12102 4.1206 4.12031 4.12016 4.12013 
4.11389 4.11412 4.11448 4.11498 4.11563 4.11642 4.11736 4.11845 4.11971 4.12114 4.12274 4.12453 4.1265 4.12868 4.13106 4.13365 4.13646 4.13948 4.14272 4.14618 4.14986 4.15375 4.15785 4.16214 4.16661 4.17125 4.17604 4.18096 4.18599 4.1911 4.19627 4.20146 4.20666 4.21182 4.21692 4.22191 4.22678 4.23148 4.23598 4.24026 4.24428 4.248 4.25142 4.25449 4.25719 4.25952 4.26144 4.26295 4.26403 4.26467 4.26487 4.26464 4.26396 4.26286 4.26133 4.25938 4.25704 4.25433 4.25125 4.24784 4.24413 4.24013 4.23588 4.23142 4.22676 4.22196 4.21703 4.21201 4.20693 4.20184 4.19675 4.19169 4.1867 4.18181 4.17702 4.17238 4.16789 4.16358 4.15946 4.15554 4.15183 4.14833 4.14506 4.14202 4.1392 4.13661 4.13424 4.13209 4.13016 4.12843 4.12689 4.12555 4.1244 4.12342 4.12261 4.12196 4.12147 4.12113 4.12094 4.12088 
4.11469 4.11492 4.11531 4.11585 4.11655 4.11742 4.11845 4.11966 4.12105 4.12263 4.12441 4.12639 4.12859 4.13101 4.13365 4.13653 4.13965 4.143 4.1466 4.15044 4.15452 4.15884 4.16337 4.16812 4.17307 4.1782 4.18349 4.18892 4.19447 4.2001 4.20579 4.21151 4.21723 4.2229 4.2285 4.23399 4.23932 4.24448 4.24942 4.2541 4.25849 4.26257 4.2663 4.26966 4.27262 4.27515 4.27725 4.27889 4.28006 4.28076 4.28098 4.28072 4.27997 4.27876 4.27708 4.27495 4.27238 4.2694 4.26603 4.2623 4.25822 4.25384 4.24918 4.24428 4.23917 4.23388 4.22846 4.22294 4.21736 4.21175 4.20614 4.20056 4.19506 4.18965 4.18437 4.17923 4.17427 4.16949 4.16492 4.16057 4.15645 4.15256 4.14892 4.14553 4.14239 4.1395 4.13685 4.13444 4.13226 4.13032 4.12859 4.12708 4.12577 4.12466 4.12373 4.12299 4.12242 4.12201 4.12177 4.12169 
4.11554 4.11578 4.11619 4.11678 4.11755 4.1185 4.11963 4.12097 4.1225 4.12425 4.12622 4.12841 4.13085 4.13353 4.13646 4.13965 4.1431 4.14682 4.1508 4.15505 4.15956 4.16433 4.16933 4.17458 4.18003 4.18568 4.19151 4.19749 4.20359 4.20978 4.21603 4.22231 4.22858 4.2348 4.24093 4.24693 4.25277 4.2584 4.26379 4.26891 4.2737 4.27815 4.28222 4.28587 4.28909 4.29185 4.29413 4.29592 4.29719 4.29795 4.29818 4.29788 4.29707 4.29574 4.2939 4.29157 4.28877 4.28552 4.28183 4.27775 4.2733 4.2685 4.26341 4.25804 4.25245 4.24666 4.24073 4.23467 4.22855 4.22239 4.21622 4.2101 4.20404 4.19809 4.19227 4.18661 4.18113 4.17586 4.17081 4.16599 4.16143 4.15713 4.15309 4.14933 4.14583 4.14261 4.13966 4.13697 4.13454 4.13236 4.13042 4.12872 4.12725 4.12599 4.12494 4.12409 4.12343 4.12296 4.12267 4.12256 
4.11646 4.11671 4.11715 4.11778 4.11862 4.11966 4.12091 4.12237 4.12407 4.12599 4.12817 4.13059 4.13328 4.13624 4.13948 4.143 4.14682 4.15092 4.15532 4.16 4.16498 4.17022 4.17574 4.1815 4.1875 4.19371 4.20011 4.20667 4.21335 4.22014 4.22698 4.23384 4.24069 4.24748 4.25417 4.26072 4.26709 4.27323 4.2791 4.28466 4.28988 4.29471 4.29913 4.3031 4.30659 4.30959 4.31206 4.31399 4.31537 4.31618 4.31643 4.3161 4.31521 4.31376 4.31176 4.30923 4.30618 4.30263 4.29862 4.29418 4.28933 4.2841 4.27855 4.2727 4.2666 4.26028 4.2538 4.24718 4.24048 4.23374 4.227 4.22029 4.21365 4.20712 4.20073 4.19451 4.18849 4.18268 4.17712 4.17181 4.16678 4.16203 4.15756 4.1534 4.14953 4.14596 4.14268 4.13969 4.13698 4.13455 4.13239 4.13049 4.12883 4.12742 4.12623 4.12527 4.12452 4.12398 4.12364 4.12349 
4.11744 4.1177 4.11817 4.11886 4.11976 4.1209 4.12227 4.12388 4.12574 4.12787 4.13026 4.13293 4.13589 4.13916 4.14272 4.1466 4.1508 4.15532 4.16015 4.1653 4.17077 4.17653 4.18258 4.1889 4.19547 4.20227 4.20927 4.21644 4.22374 4.23114 4.23861 4.24609 4.25355 4.26094 4.26822 4.27534 4.28225 4.28892 4.29529 4.30132 4.30697 4.31221 4.31699 4.32129 4.32507 4.32831 4.33098 4.33306 4.33455 4.33543 4.33569 4.33533 4.33436 4.33279 4.33062 4.32787 4.32456 4.32071 4.31637 4.31154 4.30627 4.3006 4.29457 4.28821 4.28158 4.27471 4.26765 4.26045 4.25315 4.2458 4.23844 4.23111 4.22386 4.21672 4.20973 4.20292 4.19632 4.18996 4.18385 4.17802 4.17249 4.16726 4.16235 4.15775 4.15348 4.14954 4.14591 4.1426 4.1396 4.1369 4.1345 4.13238 4.13053 4.12895 4.12762 4.12653 4.12568 4.12506 4.12467 4.12449 
4.11849 4.11875 4.11926 4.12 4.12099 4.12223 4.12373 4.12549 4.12754 4.12987 4.1325 4.13543 4.13869 4.14227 4.14618 4.15044 4.15505 4.16 4.1653 4.17095 4.17693 4.18323 4.18985 4.19675 4.20393 4.21135 4.21898 4.22679 4.23474 4.24279 4.2509 4.25903 4.26713 4.27515 4.28304 4.29075 4.29823 4.30544 4.31233 4.31885 4.32495 4.33061 4.33577 4.3404 4.34448 4.34796 4.35084 4.35308 4.35468 4.35562 4.3559 4.35551 4.35446 4.35275 4.35041 4.34744 4.34386 4.33971 4.33501 4.32979 4.3241 4.31796 4.31143 4.30455 4.29736 4.28991 4.28226 4.27444 4.26652 4.25853 4.25053 4.24256 4.23467 4.22689 4.21927 4.21184 4.20463 4.19767 4.191 4.18462 4.17856 4.17282 4.16743 4.16239 4.15769 4.15335 4.14935 4.1457 4.14239 4.13941 4.13674 4.13439 4.13234 4.13058 4.12909 4.12788 4.12692 4.12622 4.12577 4.12555 
4.1196 4.11987 4.12041 4.12122 4.12229 4.12364 4.12528 4.12721 4.12945 4.132 4.13488 4.13809 4.14165 4.14558 4.14986 4.15452 4.15956 4.16498 4.17077 4.17693 4.18345 4.19033 4.19753 4.20505 4.21286 4.22092 4.22921 4.23769 4.24632 4.25505 4.26383 4.27263 4.28139 4.29005 4.29858 4.3069 4.31497 4.32275 4.33017 4.33719 4.34376 4.34984 4.35539 4.36037 4.36475 4.36849 4.37158 4.37398 4.37569 4.3767 4.37699 4.37657 4.37544 4.3736 4.37107 4.36787 4.36403 4.35955 4.35449 4.34887 4.34274 4.33612 4.32908 4.32166 4.3139 4.30585 4.29758 4.28913 4.28056 4.27191 4.26324 4.2546 4.24604 4.2376 4.22932 4.22124 4.21339 4.20582 4.19854 4.19159 4.18497 4.17871 4.17281 4.16729 4.16215 4.15738 4.153 4.14899 4.14535 4.14206 4.13913 4.13653 4.13426 4.13231 4.13066 4.12931 4.12824 4.12745 4.12693 4.12668 
4.12077 4.12106 4.12164 4.12251 4.12367 4.12514 4.12693 4.12903 4.13147 4.13425 4.1374 4.14091 4.1448 4.14908 4.15375 4.15884 4.16433 4.17022 4.17653 4.18323 4.19033 4.1978 4.20562 4.21378 4.22224 4.23098 4.23995 4.24912 4.25845 4.26788 4.27736 4.28685 4.29629 4.30562 4.31479 4.32375 4.33243 4.34078 4.34874 4.35628 4.36332 4.36984 4.37579 4.38112 4.38581 4.38981 4.39311 4.39569 4.39751 4.39859 4.39889 4.39844 4.39722 4.39525 4.39254 4.38911 4.38498 4.38018 4.37475 4.36872 4.36213 4.35503 4.34746 4.33948 4.33113 4.32248 4.31357 4.30447 4.29523 4.2859 4.27654 4.26721 4.25795 4.24881 4.23985 4.2311 4.2226 4.21438 4.20648 4.19892 4.19172 4.1849 4.17848 4.17246 4.16685 4.16164 4.15685 4.15246 4.14847 4.14487 4.14164 4.13879 4.13629 4.13413 4.13231 4.13082 4.12963 4.12875 4.12817 4.12788 
4.12202 4.12232 4.12293 4.12387 4.12513 4.12673 4.12866 4.13095 4.13361 4.13664 4.14006 4.14387 4.14811 4.15276 4.15785 4.16337 4.16933 4.17574 4.18258 4.18985 4.19753 4.20562 4.21409 4.22291 4.23205 4.24148 4.25117 4.26105 4.27109 4.28124 4.29144 4.30164 4.31178 4.3218 4.33163 4.34123 4.35053 4.35947 4.36799 4.37604 4.38358 4.39054 4.39689 4.40258 4.40758 4.41185 4.41537 4.41811 4.42005 4.42119 4.42152 4.42103 4.41972 4.41762 4.41472 4.41105 4.40664 4.40152 4.39571 4.38926 4.38221 4.37461 4.36651 4.35796 4.34902 4.33973 4.33018 4.3204 4.31047 4.30044 4.29038 4.28033 4.27036 4.26051 4.25084 4.24139 4.23221 4.22332 4.21477 4.20659 4.19879 4.19139 4.18442 4.17788 4.17178 4.16612 4.16089 4.15611 4.15175 4.14782 4.14429 4.14117 4.13843 4.13606 4.13406 4.13241 4.1311 4.13012 4.12947 4.12914 
4.12332 4.12364 4.1243 4.1253 4.12667 4.12839 4.13049 4.13297 4.13585 4.13914 4.14285 4.14699 4.15158 4.15663 4.16214 4.16812 4.17458 4.1815 4.1889 4.19675 4.20505 4.21378 4.22291 4.23241 4.24226 4.2524 4.26281 4.27343 4.28421 4.2951 4.30603 4.31695 4.3278 4.33852 4.34903 4.35928 4.3692 4.37874 4.38783 4.39641 4.40443 4.41184 4.4186 4.42465 4.42996 4.4345 4.43824 4.44115 4.44322 4.44442 4.44476 4.44424 4.44285 4.44061 4.43752 4.43362 4.42893 4.42347 4.41728 4.41041 4.4029 4.39479 4.38615 4.37702 4.36747 4.35755 4.34733 4.33688 4.32624 4.3155 4.30471 4.29393 4.28323 4.27265 4.26225 4.25209 4.2422 4.23263 4.22341 4.21457 4.20615 4.19816 4.19062 4.18354 4.17693 4.17079 4.16512 4.15992 4.15519 4.15091 4.14707 4.14366 4.14067 4.13808 4.13589 4.13408 4.13264 4.13156 4.13084 4.13046 
4.12469 4.12502 4.12572 4.1268 4.12827 4.13014 4.1324 4.13509 4.1382 4.14175 4.14576 4.15024 4.15521 4.16066 4.16661 4.17307 4.18003 4.1875 4.19547 4.20393 4.21286 4.22224 4.23205 4.24226 4.25282 4.2637 4.27485 4.28622 4.29775 4.30938 4.32106 4.33272 4.34429 4.35571 4.36691 4.37782 4.38838 4.39851 4.40817 4.41728 4.4258 4.43366 4.44082 4.44724 4.45287 4.45768 4.46163 4.46471 4.4669 4.46817 4.46853 4.46797 4.4665 4.46412 4.46085 4.45671 4.45173 4.44594 4.43937 4.43208 4.4241 4.41548 4.40629 4.39658 4.38642 4.37586 4.36497 4.35382 4.34248 4.33101 4.31948 4.30796 4.29651 4.28518 4.27404 4.26315 4.25254 4.24226 4.23235 4.22285 4.21379 4.20518 4.19706 4.18942 4.18228 4.17565 4.16952 4.1639 4.15877 4.15412 4.14996 4.14626 4.143 4.14019 4.1378 4.13583 4.13425 4.13307 4.13227 4.13185 
4.12611 4.12646 4.12721 4.12837 4.12995 4.13195 4.1344 4.13729 4.14064 4.14448 4.1488 4.15363 4.15897 4.16484 4.17125 4.1782 4.18568 4.19371 4.20227 4.21135 4.22092 4.23098 4.24148 4.2524 4.2637 4.27532 4.28723 4.29935 4.31165 4.32404 4.33648 4.34888 4.36118 4.37331 4.3852 4.39677 4.40796 4.4187 4.42893 4.43857 4.44758 4.45589 4.46346 4.47024 4.47619 4.48126 4.48544 4.48868 4.49099 4.49233 4.49271 4.49212 4.49056 4.48804 4.48458 4.48021 4.47495 4.46882 4.46188 4.45416 4.44571 4.43659 4.42686 4.41656 4.40578 4.39457 4.38301 4.37116 4.3591 4.3469 4.33463 4.32235 4.31014 4.29806 4.28617 4.27452 4.26318 4.25218 4.24157 4.23139 4.22167 4.21244 4.20371 4.1955 4.18782 4.18068 4.17408 4.16802 4.16248 4.15746 4.15296 4.14895 4.14543 4.14238 4.13979 4.13764 4.13593 4.13464 4.13376 4.1333 
4.12759 4.12795 4.12875 4.13 4.13169 4.13384 4.13646 4.13957 4.14318 4.1473 4.15194 4.15713 4.16286 4.16917 4.17604 4.18349 4.19151 4.20011 4.20927 4.21898 4.22921 4.23995 4.25117 4.26281 4.27485 4.28723 4.29989 4.31279 4.32585 4.33901 4.3522 4.36535 4.37839 4.39123 4.40381 4.41604 4.42787 4.43921 4.45 4.46018 4.46967 4.47843 4.48641 4.49354 4.4998 4.50514 4.50953 4.51295 4.51537 4.51678 4.51718 4.51655 4.51491 4.51226 4.50862 4.50401 4.49847 4.49201 4.4847 4.47656 4.46765 4.45802 4.44774 4.43686 4.42547 4.41361 4.40137 4.38883 4.37605 4.36311 4.35008 4.33705 4.32407 4.31122 4.29857 4.28617 4.27408 4.26235 4.25103 4.24016 4.22977 4.21989 4.21055 4.20176 4.19353 4.18587 4.17878 4.17226 4.16631 4.16091 4.15606 4.15174 4.14795 4.14465 4.14185 4.13953 4.13767 4.13626 4.13531 4.1348 
4.12912 4.1295 4.13035 4.13168 4.13349 4.13579 4.1386 4.14193 4.14579 4.1502 4.15518 4.16073 4.16687 4.17361 4.18096 4.18892 4.19749 4.20667 4.21644 4.22679 4.23769 4.24912 4.26105 4.27343 4.28622 4.29935 4.31279 4.32646 4.34029 4.35422 4.36817 4.38207 4.39583 4.40938 4.42264 4.43554 4.448 4.45994 4.47129 4.48199 4.49197 4.50117 4.50954 4.51703 4.5236 4.5292 4.5338 4.53739 4.53992 4.5414 4.54181 4.54116 4.53943 4.53665 4.53283 4.528 4.52217 4.5154 4.50771 4.49916 4.48979 4.47966 4.46884 4.45739 4.44538 4.43288 4.41997 4.40673 4.39323 4.37955 4.36577 4.35198 4.33823 4.32462 4.3112 4.29803 4.28519 4.27273 4.26069 4.24911 4.23805 4.22751 4.21755 4.20816 4.19937 4.19118 4.1836 4.17662 4.17024 4.16446 4.15925 4.15461 4.15053 4.14699 4.14397 4.14147 4.13946 4.13794 4.13691 4.13634 
4.13069 4.13109 4.13199 4.1334 4.13533 4.13779 4.14079 4.14435 4.14847 4.15318 4.15849 4.16442 4.17097 4.17816 4.18599 4.19447 4.20359 4.21335 4.22374 4.23474 4.24632 4.25845 4.27109 4.28421 4.29775 4.31165 4.32585 4.34029 4.35489 4.36959 4.38429 4.39893 4.41342 4.42768 4.44162 4.45517 4.46825 4.48077 4.49268 4.50389 4.51435 4.52399 4.53275 4.54059 4.54745 4.55331 4.55813 4.56187 4.56452 4.56607 4.5665 4.56581 4.564 4.5611 4.5571 4.55204 4.54595 4.53886 4.53081 4.52184 4.51203 4.50141 4.49006 4.47804 4.46542 4.45229 4.43871 4.42478 4.41056 4.39615 4.38163 4.36707 4.35256 4.33817 4.32398 4.31006 4.29646 4.28326 4.27049 4.25821 4.24646 4.23527 4.22467 4.21469 4.20532 4.1966 4.18852 4.18107 4.17426 4.16808 4.16251 4.15755 4.15318 4.14938 4.14615 4.14346 4.1413 4.13967 4.13855 4.13794 
4.1323 4.13272 4.13367 4.13517 4.13722 4.13984 4.14303 4.14682 4.15121 4.15622 4.16187 4.16817 4.17514 4.18278 4.1911 4.2001 4.20978 4.22014 4.23114 4.24279 4.25505 4.26788 4.28124 4.2951 4.30938 4.32404 4.33901 4.35422 4.36959 4.38504 4.40049 4.41587 4.43107 4.44602 4.46063 4.47482 4.48851 4.50162 4.51407 4.52578 4.5367 4.54677 4.55591 4.56409 4.57125 4.57735 4.58237 4.58627 4.58904 4.59065 4.59109 4.59038 4.5885 4.58547 4.5813 4.57603 4.56967 4.56227 4.55387 4.54451 4.53425 4.52315 4.51128 4.4987 4.48549 4.47173 4.4575 4.44288 4.42796 4.41283 4.39756 4.38225 4.36698 4.35183 4.33687 4.32218 4.30784 4.29389 4.28039 4.26741 4.25497 4.24312 4.23189 4.2213 4.21137 4.2021 4.19351 4.18559 4.17835 4.17176 4.16583 4.16054 4.15588 4.15182 4.14837 4.14549 4.14318 4.14143 4.14023 4.13956 
4.13394 4.13437 4.13538 4.13697 4.13914 4.14192 4.14531 4.14933 4.15398 4.1593 4.1653 4.17198 4.17936 4.18746 4.19627 4.20579 4.21603 4.22698 4.23861 4.2509 4.26383 4.27736 4.29144 4.30603 4.32106 4.33648 4.3522 4.36817 4.38429 4.40049 4.41668 4.43278 4.44868 4.46432 4.47959 4.4944 4.50869 4.52236 4.53533 4.54754 4.55891 4.56939 4.5789 4.58741 4.59485 4.6012 4.60642 4.61047 4.61334 4.61502 4.61548 4.61474 4.61278 4.60963 4.60531 4.59982 4.59321 4.58551 4.57677 4.56702 4.55634 4.54477 4.53239 4.51927 4.50548 4.49111 4.47624 4.46095 4.44534 4.42949 4.41349 4.39744 4.38141 4.3655 4.34979 4.33435 4.31925 4.30456 4.29035 4.27666 4.26354 4.25103 4.23916 4.22797 4.21746 4.20765 4.19855 4.19016 4.18248 4.17549 4.16919 4.16357 4.15861 4.1543 4.15062 4.14755 4.14509 4.14322 4.14193 4.14122 
4.1356 4.13605 4.13711 4.13879 4.14109 4.14403 4.14761 4.15186 4.15679 4.16241 4.16875 4.17582 4.18362 4.19216 4.20146 4.21151 4.22231 4.23384 4.24609 4.25903 4.27263 4.28685 4.30164 4.31695 4.33272 4.34888 4.36535 4.38207 4.39893 4.41587 4.43278 4.44958 4.46617 4.48247 4.49837 4.5138 4.52867 4.54288 4.55637 4.56905 4.58086 4.59173 4.60161 4.61043 4.61815 4.62473 4.63013 4.63434 4.63731 4.63905 4.63953 4.63876 4.63674 4.63347 4.62899 4.62331 4.61645 4.60847 4.59939 4.58928 4.57818 4.56616 4.55329 4.53964 4.52529 4.51032 4.49482 4.47888 4.46259 4.44604 4.42933 4.41255 4.39578 4.37913 4.36267 4.34648 4.33064 4.31523 4.3003 4.28591 4.27211 4.25894 4.24645 4.23465 4.22357 4.21322 4.20362 4.19475 4.18663 4.17924 4.17258 4.16663 4.16137 4.1568 4.15289 4.14964 4.14702 4.14503 4.14366 4.1429 
4.13727 4.13774 4.13885 4.14062 4.14305 4.14614 4.14992 4.15441 4.1596 4.16554 4.17222 4.17966 4.18787 4.19687 4.20666 4.21723 4.22858 4.24069 4.25355 4.26713 4.28139 4.29629 4.31178 4.3278 4.34429 4.36118 4.37839 4.39583 4.41342 4.43107 4.44868 4.46617 4.48343 4.50037 4.5169 4.53292 4.54834 4.56308 4.57706 4.5902 4.60243 4.61368 4.6239 4.63302 4.64101 4.64781 4.6534 4.65774 4.66082 4.66261 4.66311 4.66232 4.66023 4.65686 4.65223 4.64635 4.63927 4.63101 4.62162 4.61115 4.59965 4.5872 4.57386 4.5597 4.54481 4.52926 4.51316 4.49658 4.47963 4.4624 4.44499 4.4275 4.41001 4.39263 4.37543 4.35852 4.34195 4.32582 4.31019 4.29511 4.28064 4.26683 4.25371 4.24132 4.22967 4.21879 4.20868 4.19934 4.19078 4.183 4.17597 4.16968 4.16413 4.1593 4.15517 4.15173 4.14896 4.14685 4.1454 4.14459 
4.13893 4.13943 4.1406 4.14245 4.145 4.14826 4.15223 4.15695 4.16241 4.16865 4.17567 4.18348 4.19211 4.20155 4.21182 4.2229 4.2348 4.24748 4.26094 4.27515 4.29005 4.30562 4.3218 4.33852 4.35571 4.37331 4.39123 4.40938 4.42768 4.44602 4.46432 4.48247 4.50037 4.51793 4.53506 4.55164 4.5676 4.58285 4.5973 4.61088 4.62351 4.63513 4.64567 4.65508 4.66332 4.67033 4.67609 4.68057 4.68374 4.68559 4.68611 4.6853 4.68315 4.67968 4.6749 4.66885 4.66154 4.65302 4.64333 4.63252 4.62065 4.60778 4.59399 4.57934 4.56393 4.54783 4.53114 4.51395 4.49637 4.47848 4.46039 4.44221 4.42402 4.40592 4.38802 4.37039 4.35312 4.33628 4.31996 4.3042 4.28908 4.27463 4.2609 4.24792 4.23572 4.22431 4.2137 4.2039 4.19491 4.18673 4.17934 4.17273 4.16689 4.1618 4.15745 4.15382 4.1509 4.14867 4.14713 4.14627 
4.14059 4.14111 4.14233 4.14427 4.14695 4.15036 4.15453 4.15947 4.1652 4.17173 4.17908 4.18727 4.1963 4.20618 4.21692 4.2285 4.24093 4.25417 4.26822 4.28304 4.29858 4.31479 4.33163 4.34903 4.36691 4.3852 4.40381 4.42264 4.44162 4.46063 4.47959 4.49837 4.5169 4.53506 4.55275 4.56988 4.58635 4.60208 4.61698 4.63098 4.64399 4.65595 4.6668 4.67649 4.68496 4.69218 4.6981 4.70271 4.70597 4.70787 4.70841 4.70757 4.70537 4.7018 4.6969 4.69067 4.68316 4.67439 4.66442 4.65329 4.64106 4.6278 4.61357 4.59846 4.58255 4.56592 4.54867 4.5309 4.5127 4.49418 4.47544 4.45659 4.43772 4.41894 4.40035 4.38202 4.36406 4.34655 4.32955 4.31314 4.29738 4.28231 4.26798 4.25443 4.24168 4.22975 4.21866 4.2084 4.19899 4.19042 4.18267 4.17574 4.16961 4.16427 4.1597 4.15589 4.15282 4.15048 4.14886 4.14795 
4.14223 4.14276 4.14404 4.14607 4.14886 4.15243 4.15679 4.16195 4.16794 4.17476 4.18244 4.19099 4.20041 4.21072 4.22191 4.23399 4.24693 4.26072 4.27534 4.29075 4.3069 4.32375 4.34123 4.35928 4.37782 4.39677 4.41604 4.43554 4.45517 4.47482 4.4944 4.5138 4.53292 4.55164 4.56988 4.58752 4.60448 4.62067 4.636 4.65038 4.66375 4.67604 4.68718 4.69713 4.70582 4.71323 4.71931 4.72404 4.72738 4.72934 4.72989 4.72904 4.72678 4.72313 4.7181 4.71172 4.70401 4.69501 4.68477 4.67334 4.66078 4.64714 4.63251 4.61696 4.60057 4.58344 4.56566 4.54733 4.52855 4.50942 4.49006 4.47057 4.45105 4.43161 4.41235 4.39336 4.37473 4.35656 4.33891 4.32187 4.30548 4.28981 4.2749 4.26079 4.24751 4.23508 4.22351 4.21282 4.20299 4.19404 4.18595 4.1787 4.1723 4.16671 4.16193 4.15793 4.15472 4.15226 4.15056 4.14961 
4.14384 4.14439 4.14572 4.14783 4.15074 4.15446 4.159 4.16438 4.17062 4.17772 4.18572 4.19461 4.20442 4.21514 4.22678 4.23932 4.25277 4.26709 4.28225 4.29823 4.31497 4.33243 4.35053 4.3692 4.38838 4.40796 4.42787 4.448 4.46825 4.48851 4.50869 4.52867 4.54834 4.5676 4.58635 4.60448 4.6219 4.63852 4.65425 4.669 4.68271 4.6953 4.70672 4.7169 4.72581 4.73339 4.73962 4.74445 4.74788 4.74989 4.75046 4.74959 4.74728 4.74355 4.7384 4.73187 4.72399 4.71478 4.70429 4.69258 4.67969 4.66571 4.65069 4.63473 4.6179 4.60029 4.582 4.56314 4.54381 4.52411 4.50416 4.48406 4.46392 4.44384 4.42395 4.40432 4.38506 4.36625 4.34798 4.33032 4.31334 4.29709 4.28162 4.26698 4.25318 4.24026 4.22824 4.21711 4.20689 4.19757 4.18914 4.18159 4.17491 4.16909 4.1641 4.15993 4.15657 4.15401 4.15223 4.15123 
4.1454 4.14597 4.14735 4.14955 4.15257 4.15643 4.16115 4.16674 4.17321 4.18059 4.18889 4.19813 4.2083 4.21942 4.23148 4.24448 4.2584 4.27323 4.28892 4.30544 4.32275 4.34078 4.35947 4.37874 4.39851 4.4187 4.43921 4.45994 4.48077 4.50162 4.52236 4.54288 4.56308 4.58285 4.60208 4.62067 4.63852 4.65554 4.67164 4.68674 4.70076 4.71364 4.72531 4.73572 4.74482 4.75256 4.75892 4.76386 4.76737 4.76942 4.77 4.76912 4.76677 4.76296 4.75771 4.75105 4.74299 4.73359 4.72287 4.71089 4.69772 4.68341 4.66804 4.65168 4.63443 4.61638 4.59762 4.57826 4.55841 4.53817 4.51765 4.49698 4.47625 4.45558 4.43508 4.41484 4.39498 4.37557 4.35671 4.33846 4.32091 4.3041 4.2881 4.27294 4.25865 4.24527 4.2328 4.22127 4.21066 4.20099 4.19223 4.18439 4.17745 4.1714 4.16621 4.16187 4.15837 4.1557 4.15385 4.15281 
4.14691 4.1475 4.14892 4.1512 4.15433 4.15833 4.16322 4.16901 4.17571 4.18335 4.19194 4.2015 4.21202 4.22352 4.23598 4.24942 4.26379 4.2791 4.29529 4.31233 4.33017 4.34874 4.36799 4.38783 4.40817 4.42893 4.45 4.47129 4.49268 4.51407 4.53533 4.55637 4.57706 4.5973 4.61698 4.636 4.65425 4.67164 4.68808 4.7035 4.71781 4.73095 4.74286 4.75348 4.76275 4.77065 4.77713 4.78217 4.78575 4.78784 4.78844 4.78754 4.78515 4.78128 4.77594 4.76915 4.76094 4.75135 4.74042 4.7282 4.71476 4.70014 4.68444 4.66773 4.65009 4.63162 4.61243 4.5926 4.57226 4.55151 4.53047 4.50925 4.48797 4.46674 4.44567 4.42486 4.40443 4.38445 4.36502 4.34623 4.32813 4.3108 4.29429 4.27864 4.26389 4.25006 4.23717 4.22524 4.21427 4.20426 4.1952 4.18708 4.17989 4.17361 4.16823 4.16374 4.16011 4.15734 4.15541 4.15433 
4.14835 4.14895 4.15043 4.15277 4.15601 4.16014 4.16519 4.17117 4.17809 4.18598 4.19485 4.2047 4.21556 4.22741 4.24026 4.2541 4.26891 4.28466 4.30132 4.31885 4.33719 4.35628 4.37604 4.39641 4.41728 4.43857 4.46018 4.48199 4.50389 4.52578 4.54754 4.56905 4.5902 4.61088 4.63098 4.65038 4.669 4.68674 4.7035 4.71921 4.73379 4.74717 4.75929 4.7701 4.77954 4.78758 4.79417 4.7993 4.80294 4.80507 4.80568 4.80478 4.80235 4.79842 4.79299 4.78609 4.77774 4.76798 4.75686 4.74442 4.73073 4.71584 4.69983 4.68279 4.66479 4.64594 4.62634 4.60608 4.58529 4.56407 4.54254 4.52082 4.49902 4.47726 4.45566 4.43432 4.41335 4.39284 4.37288 4.35357 4.33497 4.31714 4.30015 4.28404 4.26885 4.2546 4.24132 4.22902 4.21771 4.20738 4.19802 4.18964 4.18221 4.17573 4.17017 4.16552 4.16177 4.1589 4.15691 4.15578 
4.14971 4.15033 4.15185 4.15426 4.1576 4.16185 4.16705 4.17321 4.18034 4.18846 4.19758 4.20772 4.21888 4.23107 4.24428 4.25849 4.2737 4.28988 4.30697 4.32495 4.34376 4.36332 4.38358 4.40443 4.4258 4.44758 4.46967 4.49197 4.51435 4.5367 4.55891 4.58086 4.60243 4.62351 4.64399 4.66375 4.68271 4.70076 4.71781 4.73379 4.74861 4.76221 4.77453 4.78551 4.7951 4.80326 4.80996 4.81517 4.81886 4.82103 4.82166 4.82074 4.81829 4.8143 4.80879 4.80179 4.79331 4.78341 4.77211 4.75947 4.74555 4.73041 4.71413 4.69678 4.67846 4.65926 4.63928 4.61863 4.59742 4.57576 4.55378 4.5316 4.50933 4.48708 4.46499 4.44315 4.42169 4.40068 4.38024 4.36044 4.34137 4.32308 4.30564 4.2891 4.2735 4.25887 4.24522 4.23257 4.22093 4.2103 4.20068 4.19205 4.1844 4.17772 4.17199 4.1672 4.16333 4.16037 4.15832 4.15716 
4.15098 4.15162 4.15317 4.15566 4.15908 4.16345 4.16879 4.17511 4.18242 4.19076 4.20012 4.21052 4.22197 4.23447 4.248 4.26257 4.27815 4.29471 4.31221 4.33061 4.34984 4.36984 4.39054 4.41184 4.43366 4.45589 4.47843 4.50117 4.52399 4.54677 4.56939 4.59173 4.61368 4.63513 4.65595 4.67604 4.6953 4.71364 4.73095 4.74717 4.76221 4.77601 4.78851 4.79964 4.80936 4.81764 4.82443 4.82971 4.83346 4.83566 4.8363 4.83538 4.83289 4.82885 4.82328 4.81618 4.8076 4.79756 4.7861 4.77328 4.75916 4.74379 4.72726 4.70964 4.69102 4.6715 4.65118 4.63017 4.60859 4.58654 4.56415 4.54154 4.51883 4.49614 4.4736 4.45131 4.42939 4.40793 4.38704 4.3668 4.34729 4.32858 4.31073 4.2938 4.27782 4.26282 4.24883 4.23587 4.22393 4.21302 4.20315 4.19429 4.18643 4.17957 4.17369 4.16876 4.16479 4.16175 4.15964 4.15844 
4.15215 4.1528 4.1544 4.15694 4.16044 4.16492 4.17038 4.17685 4.18434 4.19287 4.20245 4.21309 4.2248 4.23758 4.25142 4.2663 4.28222 4.29913 4.31699 4.33577 4.35539 4.37579 4.39689 4.4186 4.44082 4.46346 4.48641 4.50954 4.53275 4.55591 4.5789 4.60161 4.6239 4.64567 4.6668 4.68718 4.70672 4.72531 4.74286 4.75929 4.77453 4.78851 4.80115 4.81242 4.82227 4.83064 4.83752 4.84287 4.84666 4.84889 4.84954 4.84861 4.8461 4.84202 4.83639 4.82921 4.82053 4.81037 4.79877 4.78579 4.77149 4.75592 4.73916 4.7213 4.70242 4.68261 4.66199 4.64066 4.61873 4.59632 4.57356 4.55057 4.52747 4.50439 4.48144 4.45874 4.4364 4.41454 4.39324 4.37259 4.35269 4.3336 4.31538 4.29809 4.28176 4.26644 4.25214 4.23888 4.22667 4.21552 4.20541 4.19634 4.1883 4.18128 4.17525 4.17021 4.16613 4.16302 4.16085 4.15963 
4.15322 4.15388 4.1555 4.1581 4.16168 4.16625 4.17183 4.17843 4.18608 4.19478 4.20456 4.21541 4.22735 4.24038 4.25449 4.26966 4.28587 4.3031 4.32129 4.3404 4.36037 4.38112 4.40258 4.42465 4.44724 4.47024 4.49354 4.51703 4.54059 4.56409 4.58741 4.61043 4.63302 4.65508 4.67649 4.69713 4.7169 4.73572 4.75348 4.7701 4.78551 4.79964 4.81242 4.82382 4.83376 4.84223 4.84918 4.85458 4.85842 4.86067 4.86133 4.8604 4.85787 4.85375 4.84806 4.84082 4.83205 4.82178 4.81006 4.79695 4.78248 4.76673 4.74978 4.7317 4.71258 4.69253 4.67164 4.65002 4.62779 4.60507 4.58198 4.55865 4.53521 4.51177 4.48845 4.46539 4.44269 4.42046 4.39879 4.37779 4.35754 4.3381 4.31955 4.30194 4.28531 4.26969 4.25511 4.2416 4.22915 4.21777 4.20745 4.1982 4.18999 4.18282 4.17666 4.17151 4.16735 4.16417 4.16195 4.1607 
4.15416 4.15483 4.15649 4.15913 4.16277 4.16743 4.17311 4.17983 4.18761 4.19647 4.20642 4.21746 4.22961 4.24285 4.25719 4.27262 4.28909 4.30659 4.32507 4.34448 4.36475 4.38581 4.40758 4.42996 4.45287 4.47619 4.4998 4.5236 4.54745 4.57125 4.59485 4.61815 4.64101 4.66332 4.68496 4.70582 4.72581 4.74482 4.76275 4.77954 4.7951 4.80936 4.82227 4.83376 4.8438 4.85234 4.85935 4.86481 4.86868 4.87096 4.87163 4.87069 4.86814 4.86399 4.85826 4.85095 4.84211 4.83175 4.81993 4.80669 4.79209 4.77619 4.75906 4.7408 4.72148 4.7012 4.68008 4.65821 4.63572 4.61273 4.58936 4.56574 4.54198 4.51823 4.49461 4.47123 4.44821 4.42565 4.40368 4.38236 4.3618 4.34207 4.32322 4.30533 4.28843 4.27255 4.25774 4.24399 4.23133 4.21975 4.20926 4.19984 4.19148 4.18418 4.17791 4.17266 4.16843 4.16518 4.16293 4.16165 
4.15498 4.15566 4.15734 4.16002 4.16372 4.16844 4.17421 4.18104 4.18894 4.19792 4.20802 4.21922 4.23154 4.24498 4.25952 4.27515 4.29185 4.30959 4.32831 4.34796 4.36849 4.38981 4.41185 4.4345 4.45768 4.48126 4.50514 4.5292 4.55331 4.57735 4.6012 4.62473 4.64781 4.67033 4.69218 4.71323 4.73339 4.75256 4.77065 4.78758 4.80326 4.81764 4.83064 4.84223 4.85234 4.86095 4.86801 4.87351 4.87741 4.87971 4.88039 4.87944 4.87688 4.87271 4.86693 4.85958 4.85067 4.84024 4.82833 4.81498 4.80026 4.78423 4.76696 4.74854 4.72905 4.70859 4.68727 4.6652 4.64249 4.61926 4.59565 4.57177 4.54777 4.52375 4.49986 4.47621 4.45292 4.4301 4.40785 4.38627 4.36545 4.34546 4.32637 4.30823 4.2911 4.27501 4.25999 4.24605 4.2332 4.22146 4.21081 4.20125 4.19277 4.18535 4.17899 4.17366 4.16936 4.16606 4.16377 4.16247 
4.15566 4.15635 4.15805 4.16077 4.16451 4.16929 4.17513 4.18204 4.19004 4.19913 4.20934 4.22068 4.23314 4.24673 4.26144 4.27725 4.29413 4.31206 4.33098 4.35084 4.37158 4.39311 4.41537 4.43824 4.46163 4.48544 4.50953 4.5338 4.55813 4.58237 4.60642 4.63013 4.6534 4.67609 4.6981 4.71931 4.73962 4.75892 4.77713 4.79417 4.80996 4.82443 4.83752 4.84918 4.85935 4.86801 4.87512 4.88065 4.88458 4.88689 4.88757 4.88663 4.88406 4.87986 4.87405 4.86666 4.85769 4.8472 4.83522 4.82179 4.80697 4.79084 4.77345 4.7549 4.73527 4.71466 4.69318 4.67093 4.64804 4.62463 4.60082 4.57674 4.55252 4.52829 4.50418 4.48031 4.4568 4.43375 4.41128 4.38949 4.36845 4.34825 4.32896 4.31063 4.29331 4.27704 4.26185 4.24775 4.23475 4.22287 4.2121 4.20242 4.19384 4.18633 4.17989 4.17449 4.17014 4.1668 4.16448 4.16316 
4.1562 4.1569 4.15862 4.16136 4.16514 4.16997 4.17586 4.18283 4.1909 4.20008 4.21039 4.22183 4.2344 4.24811 4.26295 4.27889 4.29592 4.31399 4.33306 4.35308 4.37398 4.39569 4.41811 4.44115 4.46471 4.48868 4.51295 4.53739 4.56187 4.58627 4.61047 4.63434 4.65774 4.68057 4.70271 4.72404 4.74445 4.76386 4.78217 4.7993 4.81517 4.82971 4.84287 4.85458 4.86481 4.87351 4.88065 4.8862 4.89015 4.89248 4.89317 4.89222 4.88964 4.88542 4.87959 4.87216 4.86316 4.85262 4.84057 4.82708 4.81219 4.79597 4.7785 4.75984 4.7401 4.71938 4.69777 4.67539 4.65236 4.6288 4.60483 4.5806 4.55622 4.53182 4.50754 4.4835 4.45981 4.4366 4.41396 4.392 4.3708 4.35044 4.33099 4.31251 4.29504 4.27863 4.26331 4.24908 4.23597 4.22398 4.21311 4.20334 4.19468 4.1871 4.1806 4.17515 4.17075 4.16738 4.16504 4.16371 
4.1566 4.15731 4.15904 4.1618 4.1656 4.17046 4.17639 4.18341 4.19153 4.20077 4.21114 4.22266 4.23531 4.2491 4.26403 4.28006 4.29719 4.31537 4.33455 4.35468 4.37569 4.39751 4.42005 4.44322 4.4669 4.49099 4.51537 4.53992 4.56452 4.58904 4.61334 4.63731 4.66082 4.68374 4.70597 4.72738 4.74788 4.76737 4.78575 4.80294 4.81886 4.83346 4.84666 4.85842 4.86868 4.87741 4.88458 4.89015 4.89411 4.89645 4.89714 4.89619 4.8936 4.88937 4.88353 4.87607 4.86704 4.85646 4.84438 4.83084 4.81589 4.79961 4.78207 4.76334 4.74353 4.72272 4.70102 4.67854 4.65541 4.63175 4.60767 4.58333 4.55883 4.53432 4.50992 4.48576 4.46195 4.43862 4.41586 4.39378 4.37246 4.35199 4.33243 4.31384 4.29627 4.27977 4.26435 4.25004 4.23685 4.22478 4.21384 4.20401 4.19529 4.18766 4.18112 4.17564 4.1712 4.16781 4.16545 4.16411 
4.15686 4.15756 4.1593 4.16207 4.16589 4.17077 4.17672 4.18377 4.19192 4.20119 4.2116 4.22315 4.23585 4.24969 4.26467 4.28076 4.29795 4.31618 4.33543 4.35562 4.3767 4.39859 4.42119 4.44442 4.46817 4.49233 4.51678 4.5414 4.56607 4.59065 4.61502 4.63905 4.66261 4.68559 4.70787 4.72934 4.74989 4.76942 4.78784 4.80507 4.82103 4.83566 4.84889 4.86067 4.87096 4.87971 4.88689 4.89248 4.89645 4.89879 4.89948 4.89853 4.89594 4.8917 4.88584 4.87837 4.86932 4.85872 4.84661 4.83304 4.81806 4.80174 4.78416 4.76539 4.74552 4.72466 4.70291 4.68038 4.65719 4.63346 4.60933 4.58492 4.56035 4.53578 4.51131 4.48708 4.4632 4.4398 4.41697 4.39482 4.37344 4.3529 4.33328 4.31463 4.29701 4.28044 4.26497 4.25061 4.23737 4.22526 4.21428 4.20442 4.19567 4.18801 4.18144 4.17593 4.17149 4.16808 4.16571 4.16437 
