3.93835 3.93854 3.93877 3.93903 3.93932 3.93964 3.93998 3.94036 3.94078 3.94123 3.94172 3.94225 3.94282 3.94343 3.9441 3.94482 3.94559 3.94642 3.94731 3.94826 3.94927 3.95034 3.95148 3.95268 3.95393 3.95525 3.95661 3.95803 3.95949 3.96099 3.96252 3.96407 3.96563 3.9672 3.96876 3.97031 3.97183 3.97331 3.97474 3.9761 3.9774 3.97861 3.97973 3.98074 3.98164 3.98242 3.98308 3.9836 3.98398 3.98422 3.98432 3.98428 3.98409 3.98377 3.9833 3.9827 3.98197 3.98113 3.98017 3.9791 3.97795 3.9767 3.97539 3.97401 3.97258 3.97111 3.96962 3.96811 3.96659 3.96508 3.96358 3.96211 3.96066 3.95927 3.95791 3.95662 3.95538 3.95421 3.9531 3.95207 3.95111 3.95022 3.94941 3.94867 3.948 3.94741 3.94689 3.94643 3.94604 3.94572 3.94545 3.94524 3.94509 3.94498 3.94492 3.94491 3.94493 3.945 3.9451 3.94523 
3.93854 3.93874 3.93897 3.93923 3.93952 3.93984 3.94019 3.94057 3.94098 3.94143 3.94193 3.94246 3.94303 3.94365 3.94432 3.94505 3.94583 3.94666 3.94756 3.94852 3.94954 3.95062 3.95177 3.95298 3.95425 3.95558 3.95697 3.9584 3.95988 3.96139 3.96294 3.96451 3.96609 3.96768 3.96926 3.97083 3.97237 3.97387 3.97531 3.9767 3.97801 3.97923 3.98037 3.98139 3.9823 3.9831 3.98376 3.98429 3.98467 3.98492 3.98502 3.98498 3.98479 3.98445 3.98398 3.98337 3.98264 3.98178 3.98081 3.97973 3.97856 3.9773 3.97596 3.97457 3.97312 3.97164 3.97012 3.96859 3.96705 3.96552 3.964 3.96251 3.96105 3.95964 3.95827 3.95696 3.9557 3.95452 3.9534 3.95235 3.95138 3.95048 3.94966 3.94891 3.94824 3.94764 3.94711 3.94666 3.94626 3.94593 3.94566 3.94545 3.94529 3.94519 3.94512 3.94511 3.94513 3.9452 3.9453 3.94543 
3.93877 3.93897 3.9392 3.93946 3.93975 3.94008 3.94043 3.94082 3.94124 3.94171 3.94221 3.94275 3.94335 3.94398 3.94468 3.94542 3.94622 3.94709 3.94801 3.949 3.95006 3.95118 3.95237 3.95362 3.95493 3.95631 3.95774 3.95922 3.96075 3.96232 3.96392 3.96555 3.96719 3.96883 3.97047 3.97208 3.97367 3.97522 3.97672 3.97815 3.9795 3.98077 3.98194 3.983 3.98394 3.98476 3.98544 3.98599 3.98639 3.98664 3.98674 3.9867 3.9865 3.98615 3.98566 3.98503 3.98427 3.98338 3.98238 3.98126 3.98005 3.97875 3.97737 3.97592 3.97443 3.97289 3.97132 3.96973 3.96814 3.96656 3.96499 3.96344 3.96193 3.96047 3.95905 3.95769 3.95639 3.95516 3.954 3.95292 3.95191 3.95098 3.95012 3.94935 3.94865 3.94803 3.94748 3.947 3.94659 3.94624 3.94596 3.94573 3.94556 3.94544 3.94538 3.94535 3.94537 3.94543 3.94553 3.94566 
3.93903 3.93923 3.93946 3.93973 3.94002 3.94036 3.94072 3.94112 3.94156 3.94205 3.94257 3.94314 3.94376 3.94443 3.94515 3.94594 3.94678 3.94769 3.94867 3.94972 3.95083 3.95201 3.95327 3.95459 3.95598 3.95743 3.95894 3.96051 3.96212 3.96378 3.96547 3.96719 3.96891 3.97065 3.97237 3.97408 3.97576 3.97739 3.97896 3.98047 3.9819 3.98323 3.98446 3.98557 3.98657 3.98742 3.98814 3.98871 3.98913 3.98939 3.9895 3.98945 3.98924 3.98887 3.98836 3.98769 3.98689 3.98595 3.98489 3.98371 3.98243 3.98106 3.9796 3.97808 3.9765 3.97487 3.97322 3.97155 3.96987 3.96819 3.96653 3.9649 3.96331 3.96175 3.96026 3.95882 3.95744 3.95614 3.95491 3.95376 3.95269 3.9517 3.95079 3.94997 3.94922 3.94856 3.94797 3.94745 3.94701 3.94664 3.94633 3.94608 3.94589 3.94576 3.94567 3.94564 3.94565 3.9457 3.94579 3.94592 
3.93932 3.93952 3.93975 3.94002 3.94033 3.94068 3.94106 3.94148 3.94194 3.94245 3.94301 3.94361 3.94427 3.94499 3.94576 3.9466 3.94751 3.94849 3.94954 3.95066 3.95186 3.95313 3.95448 3.9559 3.95739 3.95896 3.96058 3.96227 3.964 3.96578 3.9676 3.96944 3.97129 3.97315 3.975 3.97683 3.97863 3.98037 3.98206 3.98367 3.9852 3.98662 3.98794 3.98913 3.99018 3.9911 3.99186 3.99247 3.99292 3.9932 3.99331 3.99325 3.99302 3.99263 3.99207 3.99136 3.99049 3.98949 3.98835 3.98709 3.98571 3.98424 3.98268 3.98105 3.97935 3.97761 3.97583 3.97404 3.97223 3.97043 3.96865 3.9669 3.96518 3.96351 3.9619 3.96035 3.95887 3.95746 3.95614 3.95489 3.95373 3.95266 3.95168 3.95078 3.94997 3.94924 3.9486 3.94803 3.94754 3.94713 3.94678 3.9465 3.94629 3.94613 3.94602 3.94597 3.94596 3.946 3.94609 3.94621 
3.93964 3.93984 3.94008 3.94036 3.94068 3.94104 3.94144 3.94189 3.94238 3.94293 3.94352 3.94418 3.94489 3.94567 3.94651 3.94742 3.94841 3.94947 3.95062 3.95184 3.95315 3.95454 3.95601 3.95756 3.95919 3.96089 3.96267 3.9645 3.96639 3.96833 3.97031 3.97231 3.97433 3.97635 3.97836 3.98035 3.9823 3.98419 3.98602 3.98777 3.98942 3.99096 3.99239 3.99367 3.99482 3.9958 3.99663 3.99728 3.99776 3.99806 3.99818 3.99811 3.99786 3.99743 3.99682 3.99605 3.99511 3.99401 3.99278 3.99141 3.98991 3.98831 3.98662 3.98484 3.983 3.98111 3.97917 3.97722 3.97526 3.9733 3.97136 3.96944 3.96757 3.96575 3.96398 3.96229 3.96067 3.95913 3.95768 3.95631 3.95504 3.95386 3.95278 3.95179 3.95089 3.95008 3.94936 3.94873 3.94818 3.94772 3.94732 3.947 3.94674 3.94655 3.94642 3.94634 3.94632 3.94634 3.94642 3.94653 
3.93998 3.94019 3.94043 3.94072 3.94106 3.94144 3.94187 3.94235 3.94289 3.94348 3.94412 3.94484 3.94562 3.94647 3.94739 3.9484 3.94948 3.95066 3.95192 3.95327 3.95471 3.95624 3.95787 3.95958 3.96138 3.96326 3.96521 3.96724 3.96932 3.97145 3.97363 3.97583 3.97805 3.98027 3.98247 3.98465 3.98679 3.98887 3.99087 3.99278 3.99459 3.99627 3.99783 3.99923 4.00048 4.00156 4.00246 4.00317 4.00369 4.00401 4.00413 4.00405 4.00378 4.0033 4.00263 4.00178 4.00075 3.99955 3.99819 3.99669 3.99505 3.99329 3.99143 3.98948 3.98746 3.98538 3.98326 3.98111 3.97895 3.97679 3.97466 3.97255 3.97048 3.96847 3.96653 3.96466 3.96287 3.96116 3.95955 3.95804 3.95662 3.95531 3.9541 3.953 3.95199 3.95108 3.95028 3.94956 3.94894 3.9484 3.94795 3.94757 3.94727 3.94703 3.94687 3.94676 3.94671 3.94672 3.94678 3.94689 
3.94036 3.94057 3.94082 3.94112 3.94148 3.94189 3.94235 3.94287 3.94345 3.9441 3.94481 3.94559 3.94646 3.9474 3.94842 3.94954 3.95074 3.95205 3.95345 3.95495 3.95656 3.95826 3.96007 3.96198 3.96398 3.96606 3.96823 3.97048 3.97279 3.97516 3.97757 3.98001 3.98246 3.98492 3.98736 3.98976 3.99212 3.99441 3.99662 3.99873 4.00072 4.00257 4.00428 4.00583 4.0072 4.00838 4.00936 4.01014 4.01071 4.01106 4.01119 4.0111 4.01079 4.01026 4.00952 4.00858 4.00744 4.00611 4.00461 4.00295 4.00114 3.9992 3.99715 3.99499 3.99275 3.99045 3.9881 3.98572 3.98333 3.98094 3.97857 3.97623 3.97394 3.97171 3.96954 3.96746 3.96546 3.96356 3.96176 3.96007 3.95849 3.95702 3.95566 3.95441 3.95328 3.95225 3.95134 3.95052 3.94981 3.94919 3.94866 3.94822 3.94786 3.94758 3.94737 3.94723 3.94715 3.94713 3.94718 3.94727 
3.94078 3.94098 3.94124 3.94156 3.94194 3.94238 3.94289 3.94345 3.94409 3.9448 3.94559 3.94646 3.94741 3.94846 3.9496 3.95085 3.9522 3.95365 3.95522 3.9569 3.9587 3.96061 3.96263 3.96476 3.96699 3.96932 3.97175 3.97425 3.97683 3.97947 3.98215 3.98486 3.98759 3.99032 3.99303 3.9957 3.99831 4.00085 4.0033 4.00563 4.00783 4.00988 4.01177 4.01348 4.01499 4.01629 4.01737 4.01823 4.01885 4.01923 4.01937 4.01927 4.01892 4.01833 4.01751 4.01646 4.01519 4.01372 4.01206 4.01022 4.00821 4.00606 4.00377 4.00138 3.9989 3.99634 3.99373 3.99108 3.98842 3.98576 3.98312 3.98051 3.97796 3.97546 3.97304 3.97071 3.96848 3.96635 3.96433 3.96243 3.96065 3.95899 3.95746 3.95605 3.95476 3.9536 3.95255 3.95162 3.9508 3.95008 3.94947 3.94895 3.94852 3.94818 3.94792 3.94774 3.94763 3.94759 3.94761 3.94769 
3.94123 3.94143 3.94171 3.94205 3.94245 3.94293 3.94348 3.9441 3.9448 3.94559 3.94646 3.94743 3.94849 3.94967 3.95095 3.95234 3.95385 3.95549 3.95725 3.95913 3.96115 3.96329 3.96556 3.96794 3.97045 3.97306 3.97577 3.97857 3.98145 3.9844 3.98739 3.99042 3.99346 3.9965 3.99951 4.00248 4.00539 4.00821 4.01092 4.01351 4.01595 4.01822 4.02031 4.0222 4.02387 4.02531 4.02651 4.02745 4.02813 4.02855 4.0287 4.02857 4.02818 4.02753 4.02661 4.02544 4.02404 4.0224 4.02055 4.0185 4.01627 4.01388 4.01134 4.00868 4.00591 4.00306 4.00015 3.99721 3.99424 3.99127 3.98832 3.9854 3.98254 3.97975 3.97704 3.97443 3.97192 3.96953 3.96726 3.96512 3.96311 3.96124 3.9595 3.95791 3.95645 3.95512 3.95393 3.95286 3.95191 3.95109 3.95037 3.94977 3.94926 3.94886 3.94854 3.94831 3.94816 3.94808 3.94808 3.94815 
3.94172 3.94193 3.94221 3.94257 3.94301 3.94352 3.94412 3.94481 3.94559 3.94646 3.94743 3.94851 3.94971 3.95102 3.95246 3.95402 3.95572 3.95756 3.95954 3.96166 3.96392 3.96632 3.96887 3.97154 3.97435 3.97728 3.98032 3.98345 3.98668 3.98997 3.99331 3.99669 4.00008 4.00347 4.00683 4.01013 4.01337 4.0165 4.01952 4.02239 4.02509 4.02761 4.02993 4.03202 4.03387 4.03546 4.03678 4.03782 4.03857 4.03903 4.03918 4.03904 4.0386 4.03787 4.03685 4.03555 4.03399 4.03217 4.03011 4.02783 4.02535 4.02268 4.01986 4.01689 4.01381 4.01064 4.0074 4.00411 4.0008 3.99748 3.99418 3.99093 3.98772 3.9846 3.98156 3.97863 3.97581 3.97312 3.97057 3.96816 3.96589 3.96378 3.96181 3.96 3.95834 3.95683 3.95547 3.95425 3.95316 3.95221 3.95138 3.95068 3.95008 3.9496 3.94921 3.94893 3.94873 3.94862 3.94859 3.94865 
3.94225 3.94246 3.94275 3.94314 3.94361 3.94418 3.94484 3.94559 3.94646 3.94743 3.94851 3.94972 3.95106 3.95253 3.95414 3.9559 3.95781 3.95987 3.9621 3.96448 3.96702 3.96972 3.97258 3.97558 3.97873 3.98201 3.98541 3.98892 3.99252 3.9962 3.99993 4.0037 4.00748 4.01125 4.01499 4.01867 4.02226 4.02574 4.02909 4.03228 4.03528 4.03807 4.04063 4.04294 4.04499 4.04674 4.0482 4.04935 4.05018 4.05068 4.05085 4.05068 4.05019 4.04937 4.04824 4.04679 4.04505 4.04303 4.04074 4.03821 4.03545 4.03249 4.02935 4.02605 4.02262 4.01909 4.01548 4.01181 4.00811 4.00441 4.00073 3.99709 3.99351 3.99001 3.98661 3.98332 3.98016 3.97714 3.97427 3.97155 3.969 3.96661 3.96439 3.96234 3.96046 3.95874 3.95719 3.95579 3.95455 3.95346 3.9525 3.95168 3.95099 3.95041 3.94995 3.9496 3.94936 3.94921 3.94915 3.94919 
3.94282 3.94303 3.94335 3.94376 3.94427 3.94489 3.94562 3.94646 3.94741 3.94849 3.94971 3.95106 3.95256 3.95421 3.95602 3.95799 3.96013 3.96245 3.96494 3.96762 3.97047 3.9735 3.9767 3.98006 3.98358 3.98725 3.99106 3.99498 3.999 4.0031 4.00726 4.01146 4.01567 4.01986 4.02402 4.0281 4.03209 4.03595 4.03966 4.04319 4.04651 4.0496 4.05243 4.05499 4.05724 4.05918 4.06079 4.06205 4.06296 4.06351 4.06369 4.06351 4.06296 4.06205 4.06078 4.05918 4.05725 4.055 4.05247 4.04966 4.0466 4.04331 4.03982 4.03616 4.03235 4.02842 4.0244 4.02032 4.01621 4.01209 4.00798 4.00392 3.99992 3.99601 3.99221 3.98853 3.98498 3.9816 3.97837 3.97532 3.97244 3.96975 3.96725 3.96493 3.9628 3.96086 3.95909 3.9575 3.95609 3.95483 3.95373 3.95278 3.95198 3.9513 3.95076 3.95034 3.95004 3.94984 3.94975 3.94977 
3.94343 3.94365 3.94398 3.94443 3.94499 3.94567 3.94647 3.9474 3.94846 3.94967 3.95102 3.95253 3.95421 3.95605 3.95808 3.96029 3.96269 3.96529 3.96809 3.97108 3.97427 3.97766 3.98124 3.985 3.98894 3.99303 3.99728 4.00165 4.00613 4.01069 4.01532 4.01998 4.02466 4.02931 4.03392 4.03845 4.04286 4.04714 4.05124 4.05514 4.05881 4.06222 4.06534 4.06816 4.07064 4.07278 4.07454 4.07593 4.07693 4.07753 4.07772 4.07751 4.0769 4.07589 4.07449 4.07271 4.07058 4.06809 4.06529 4.06218 4.05879 4.05515 4.05128 4.04723 4.04301 4.03865 4.03419 4.02966 4.02509 4.02051 4.01594 4.01142 4.00696 4.0026 3.99836 3.99425 3.99029 3.9865 3.98289 3.97947 3.97624 3.97322 3.9704 3.96779 3.96539 3.96319 3.96119 3.95938 3.95777 3.95634 3.95508 3.95399 3.95306 3.95228 3.95164 3.95114 3.95077 3.95053 3.95041 3.9504 
3.9441 3.94432 3.94468 3.94515 3.94576 3.94651 3.94739 3.94842 3.9496 3.95095 3.95246 3.95414 3.95602 3.95808 3.96035 3.96282 3.96551 3.96841 3.97154 3.97488 3.97845 3.98223 3.98622 3.99042 3.9948 3.99936 4.00408 4.00894 4.01391 4.01898 4.02411 4.02928 4.03446 4.03961 4.0447 4.04971 4.05458 4.0593 4.06382 4.06812 4.07216 4.07591 4.07935 4.08244 4.08518 4.08752 4.08946 4.09098 4.09207 4.09272 4.09293 4.09269 4.09201 4.0909 4.08935 4.08739 4.08503 4.0823 4.0792 4.07577 4.07203 4.06801 4.06374 4.05926 4.05459 4.04978 4.04484 4.03983 4.03476 4.02968 4.02462 4.0196 4.01465 4.0098 4.00508 4.0005 3.99609 3.99186 3.98783 3.984 3.98039 3.97701 3.97385 3.97092 3.96821 3.96573 3.96348 3.96144 3.95961 3.95798 3.95655 3.9553 3.95424 3.95334 3.9526 3.95201 3.95157 3.95127 3.95111 3.95108 
3.94482 3.94505 3.94542 3.94594 3.9466 3.94742 3.9484 3.94954 3.95085 3.95234 3.95402 3.9559 3.95799 3.96029 3.96282 3.96558 3.96858 3.97182 3.9753 3.97903 3.983 3.98721 3.99165 3.99631 4.00118 4.00624 4.01147 4.01686 4.02236 4.02797 4.03365 4.03936 4.04507 4.05075 4.05637 4.06188 4.06725 4.07243 4.07741 4.08213 4.08656 4.09068 4.09445 4.09784 4.10083 4.1034 4.10552 4.10719 4.10837 4.10908 4.10931 4.10904 4.10829 4.10706 4.10536 4.1032 4.10061 4.0976 4.09419 4.09042 4.08631 4.08189 4.07719 4.07225 4.06711 4.0618 4.05636 4.05082 4.04523 4.03962 4.03402 4.02846 4.02298 4.01761 4.01237 4.00729 4.00239 3.99769 3.9932 3.98894 3.98491 3.98113 3.9776 3.97432 3.97129 3.96851 3.96597 3.96368 3.96161 3.95977 3.95815 3.95673 3.95551 3.95448 3.95363 3.95295 3.95243 3.95208 3.95187 3.95181 
3.94559 3.94583 3.94622 3.94678 3.94751 3.94841 3.94948 3.95074 3.9522 3.95385 3.95572 3.95781 3.96013 3.96269 3.96551 3.96858 3.97191 3.97551 3.97938 3.98352 3.98793 3.9926 3.99752 4.00269 4.00808 4.01368 4.01946 4.0254 4.03148 4.03767 4.04392 4.05021 4.05649 4.06274 4.06891 4.07496 4.08084 4.08653 4.09198 4.09715 4.102 4.1065 4.11062 4.11433 4.1176 4.1204 4.12271 4.12452 4.12582 4.12658 4.12682 4.12652 4.1257 4.12435 4.12248 4.12012 4.11728 4.11398 4.11025 4.10612 4.10161 4.09676 4.09161 4.08619 4.08055 4.07471 4.06873 4.06265 4.05649 4.05031 4.04414 4.03801 4.03196 4.02603 4.02024 4.01462 4.0092 4.00398 3.999 3.99427 3.9898 3.98559 3.98166 3.978 3.97462 3.97151 3.96867 3.9661 3.96378 3.96171 3.95988 3.95828 3.95689 3.95572 3.95475 3.95396 3.95336 3.95294 3.95269 3.9526 
3.94642 3.94666 3.94709 3.94769 3.94849 3.94947 3.95066 3.95205 3.95365 3.95549 3.95756 3.95987 3.96245 3.96529 3.96841 3.97182 3.97551 3.9795 3.98379 3.98837 3.99325 3.99841 4.00385 4.00955 4.0155 4.02167 4.02804 4.03458 4.04127 4.04806 4.05492 4.06182 4.06871 4.07556 4.08231 4.08892 4.09536 4.10157 4.10752 4.11316 4.11845 4.12336 4.12784 4.13188 4.13543 4.13848 4.14099 4.14296 4.14436 4.14519 4.14544 4.14511 4.14421 4.14273 4.1407 4.13812 4.13502 4.13142 4.12735 4.12284 4.11791 4.11262 4.10699 4.10106 4.09489 4.0885 4.08195 4.07528 4.06853 4.06175 4.05497 4.04824 4.04159 4.03506 4.02869 4.02249 4.0165 4.01075 4.00525 4.00001 3.99506 3.9904 3.98603 3.98197 3.97821 3.97475 3.97158 3.96871 3.96611 3.9638 3.96174 3.95994 3.95838 3.95705 3.95595 3.95505 3.95436 3.95387 3.95356 3.95344 
3.94731 3.94756 3.94801 3.94867 3.94954 3.95062 3.95192 3.95345 3.95522 3.95725 3.95954 3.9621 3.96494 3.96809 3.97154 3.9753 3.97938 3.98379 3.98852 3.99358 3.99895 4.00464 4.01063 4.0169 4.02343 4.03021 4.0372 4.04438 4.0517 4.05914 4.06665 4.07419 4.08172 4.08918 4.09655 4.10376 4.11076 4.11753 4.12399 4.13012 4.13587 4.1412 4.14607 4.15044 4.1543 4.15759 4.16032 4.16244 4.16396 4.16485 4.16512 4.16476 4.16377 4.16217 4.15996 4.15715 4.15379 4.14987 4.14544 4.14054 4.13518 4.12942 4.12329 4.11683 4.1101 4.10314 4.09599 4.08871 4.08134 4.07392 4.06651 4.05914 4.05185 4.04469 4.0377 4.03089 4.02431 4.01798 4.01192 4.00615 4.00069 3.99554 3.99072 3.98622 3.98206 3.97822 3.9747 3.97151 3.96862 3.96604 3.96374 3.96172 3.95997 3.95848 3.95723 3.95622 3.95543 3.95486 3.9545 3.95435 
3.94826 3.94852 3.949 3.94972 3.95066 3.95184 3.95327 3.95495 3.9569 3.95913 3.96166 3.96448 3.96762 3.97108 3.97488 3.97903 3.98352 3.98837 3.99358 3.99914 4.00504 4.01128 4.01785 4.02472 4.03188 4.0393 4.04694 4.05478 4.06277 4.07088 4.07907 4.08728 4.09547 4.10359 4.11159 4.11942 4.12702 4.13435 4.14136 4.148 4.15422 4.15999 4.16525 4.16998 4.17414 4.1777 4.18063 4.18293 4.18456 4.18552 4.18581 4.18541 4.18434 4.1826 4.1802 4.17717 4.17352 4.16928 4.16449 4.15917 4.15337 4.14712 4.14047 4.13347 4.12616 4.1186 4.11083 4.10291 4.09488 4.0868 4.07872 4.07068 4.06273 4.05491 4.04726 4.03982 4.03261 4.02567 4.01903 4.01269 4.00669 4.00103 3.99571 3.99076 3.98616 3.98192 3.97804 3.9745 3.9713 3.96843 3.96588 3.96363 3.96168 3.96001 3.95861 3.95746 3.95657 3.95592 3.9555 3.95531 
3.94927 3.94954 3.95006 3.95083 3.95186 3.95315 3.95471 3.95656 3.9587 3.96115 3.96392 3.96702 3.97047 3.97427 3.97845 3.983 3.98793 3.99325 3.99895 4.00504 4.01151 4.01833 4.02551 4.03301 4.04082 4.0489 4.05723 4.06576 4.07446 4.08327 4.09216 4.10107 4.10995 4.11874 4.1274 4.13587 4.14409 4.15201 4.15957 4.16674 4.17344 4.17965 4.18532 4.19041 4.19489 4.19872 4.20188 4.20434 4.20609 4.20712 4.20742 4.20699 4.20583 4.20396 4.20137 4.1981 4.19417 4.1896 4.18443 4.17869 4.17242 4.16567 4.15849 4.15092 4.14301 4.13483 4.12642 4.11783 4.10913 4.10036 4.09159 4.08285 4.07421 4.06569 4.05736 4.04925 4.04139 4.03381 4.02655 4.01962 4.01305 4.00684 4.00102 3.99558 3.99053 3.98586 3.98158 3.97768 3.97415 3.97098 3.96815 3.96566 3.96349 3.96163 3.96007 3.95879 3.95779 3.95705 3.95657 3.95634 
3.95034 3.95062 3.95118 3.95201 3.95313 3.95454 3.95624 3.95826 3.96061 3.96329 3.96632 3.96972 3.9735 3.97766 3.98223 3.98721 3.9926 3.99841 4.00464 4.01128 4.01833 4.02577 4.03358 4.04175 4.05024 4.05902 4.06805 4.0773 4.08672 4.09627 4.10588 4.11551 4.1251 4.13459 4.14393 4.15306 4.16191 4.17043 4.17857 4.18626 4.19347 4.20014 4.20622 4.21168 4.21648 4.22058 4.22397 4.2266 4.22848 4.22958 4.22989 4.22943 4.22818 4.22616 4.22339 4.21987 4.21565 4.21074 4.20518 4.19901 4.19227 4.18501 4.17728 4.16913 4.16061 4.15179 4.14271 4.13345 4.12404 4.11457 4.10507 4.09562 4.08625 4.07702 4.06798 4.05916 4.05062 4.04238 4.03447 4.02692 4.01975 4.01298 4.00662 4.00067 3.99514 3.99003 3.98533 3.98105 3.97717 3.97367 3.97056 3.96781 3.96541 3.96335 3.96162 3.9602 3.95907 3.95825 3.9577 3.95743 
3.95148 3.95177 3.95237 3.95327 3.95448 3.95601 3.95787 3.96007 3.96263 3.96556 3.96887 3.97258 3.9767 3.98124 3.98622 3.99165 3.99752 4.00385 4.01063 4.01785 4.02551 4.03358 4.04206 4.05091 4.0601 4.0696 4.07937 4.08937 4.09954 4.10983 4.12019 4.13056 4.14088 4.15109 4.16112 4.17092 4.18041 4.18955 4.19827 4.20651 4.21423 4.22136 4.22786 4.2337 4.23882 4.2432 4.24681 4.24962 4.25162 4.25279 4.25313 4.25262 4.25129 4.24913 4.24616 4.2424 4.23788 4.23263 4.22668 4.22007 4.21285 4.20507 4.19678 4.18804 4.17889 4.16941 4.15966 4.14969 4.13957 4.12937 4.11913 4.10893 4.09882 4.08885 4.07907 4.06954 4.06028 4.05135 4.04278 4.03458 4.02679 4.01943 4.0125 4.00602 3.99999 3.99441 3.98928 3.9846 3.98035 3.97652 3.9731 3.97008 3.96744 3.96517 3.96326 3.96168 3.96044 3.95951 3.9589 3.95859 
3.95268 3.95298 3.95362 3.95459 3.9559 3.95756 3.95958 3.96198 3.96476 3.96794 3.97154 3.97558 3.98006 3.985 3.99042 3.99631 4.00269 4.00955 4.0169 4.02472 4.03301 4.04175 4.05091 4.06046 4.07038 4.08063 4.09115 4.10191 4.11285 4.12391 4.13504 4.14616 4.15723 4.16816 4.1789 4.18938 4.19954 4.2093 4.2186 4.2274 4.23562 4.24323 4.25016 4.25637 4.26182 4.26648 4.27032 4.27331 4.27543 4.27667 4.27702 4.27648 4.27506 4.27276 4.26959 4.26559 4.26077 4.25517 4.24883 4.24178 4.23408 4.22577 4.21691 4.20756 4.19779 4.18764 4.17719 4.16651 4.15566 4.14471 4.13372 4.12276 4.11188 4.10115 4.09062 4.08034 4.07035 4.06071 4.05144 4.04258 4.03414 4.02616 4.01865 4.01162 4.00507 3.99901 3.99342 3.98832 3.98368 3.9795 3.97577 3.97246 3.96957 3.96708 3.96498 3.96324 3.96187 3.96084 3.96016 3.95981 
3.95393 3.95425 3.95493 3.95598 3.95739 3.95919 3.96138 3.96398 3.96699 3.97045 3.97435 3.97873 3.98358 3.98894 3.9948 4.00118 4.00808 4.0155 4.02343 4.03188 4.04082 4.05024 4.0601 4.07038 4.08105 4.09206 4.10335 4.11489 4.12661 4.13846 4.15036 4.16226 4.17408 4.18575 4.19721 4.20838 4.21919 4.22958 4.23948 4.24883 4.25757 4.26564 4.273 4.27959 4.28537 4.29031 4.29438 4.29754 4.29979 4.3011 4.30147 4.3009 4.29938 4.29694 4.29358 4.28933 4.28422 4.27827 4.27153 4.26404 4.25585 4.24701 4.23758 4.22763 4.21721 4.20639 4.19524 4.18384 4.17225 4.16054 4.14878 4.13703 4.12538 4.11387 4.10257 4.09152 4.08079 4.07041 4.06043 4.05088 4.04179 4.03317 4.02506 4.01745 4.01036 4.00379 3.99774 3.9922 3.98717 3.98262 3.97856 3.97496 3.9718 3.96908 3.96678 3.96488 3.96337 3.96224 3.96148 3.96108 
3.95525 3.95558 3.95631 3.95743 3.95896 3.96089 3.96326 3.96606 3.96932 3.97306 3.97728 3.98201 3.98725 3.99303 3.99936 4.00624 4.01368 4.02167 4.03021 4.0393 4.0489 4.05902 4.0696 4.08063 4.09206 4.10384 4.11592 4.12825 4.14077 4.15341 4.1661 4.17877 4.19135 4.20377 4.21594 4.22781 4.23929 4.25031 4.2608 4.27071 4.27996 4.2885 4.29628 4.30324 4.30936 4.31458 4.31887 4.32221 4.32458 4.32596 4.32635 4.32575 4.32414 4.32156 4.31801 4.31351 4.3081 4.30181 4.29467 4.28674 4.27807 4.2687 4.2587 4.24814 4.23707 4.22558 4.21373 4.2016 4.18925 4.17678 4.16424 4.15171 4.13926 4.12696 4.11487 4.10305 4.09155 4.08043 4.06972 4.05946 4.04969 4.04042 4.03169 4.02349 4.01585 4.00876 4.00223 3.99624 3.99079 3.98587 3.98146 3.97755 3.97413 3.97117 3.96866 3.96659 3.96494 3.9637 3.96286 3.96242 
3.95661 3.95697 3.95774 3.95894 3.96058 3.96267 3.96521 3.96823 3.97175 3.97577 3.98032 3.98541 3.99106 3.99728 4.00408 4.01147 4.01946 4.02804 4.0372 4.04694 4.05723 4.06805 4.07937 4.09115 4.10335 4.11592 4.1288 4.14194 4.15526 4.1687 4.18218 4.19563 4.20898 4.22214 4.23503 4.24759 4.25973 4.27138 4.28246 4.29292 4.30268 4.31169 4.31989 4.32723 4.33366 4.33916 4.34368 4.34719 4.34969 4.35114 4.35155 4.3509 4.34922 4.34649 4.34275 4.33802 4.33231 4.32568 4.31815 4.30979 4.30063 4.29073 4.28017 4.269 4.25729 4.24512 4.23257 4.2197 4.20661 4.19336 4.18003 4.16671 4.15347 4.14037 4.12748 4.11487 4.1026 4.09072 4.07926 4.06829 4.05782 4.04789 4.03852 4.02973 4.02151 4.01389 4.00686 4.00041 3.99454 3.98923 3.98447 3.98024 3.97654 3.97333 3.97061 3.96836 3.96657 3.96522 3.9643 3.96381 
3.95803 3.9584 3.95922 3.96051 3.96227 3.9645 3.96724 3.97048 3.97425 3.97857 3.98345 3.98892 3.99498 4.00165 4.00894 4.01686 4.0254 4.03458 4.04438 4.05478 4.06576 4.0773 4.08937 4.10191 4.11489 4.12825 4.14194 4.15588 4.17 4.18424 4.19852 4.21275 4.22686 4.24076 4.25437 4.26762 4.28041 4.29268 4.30436 4.31536 4.32562 4.33509 4.3437 4.35141 4.35816 4.36393 4.36867 4.37236 4.37497 4.37649 4.37692 4.37625 4.37447 4.37162 4.36769 4.36272 4.35673 4.34976 4.34185 4.33305 4.32341 4.313 4.30187 4.2901 4.27776 4.26492 4.25166 4.23807 4.22422 4.2102 4.19609 4.18198 4.16793 4.15402 4.14034 4.12693 4.11388 4.10122 4.08902 4.07732 4.06615 4.05554 4.04553 4.03612 4.02733 4.01916 4.01162 4.0047 3.99839 3.99268 3.98756 3.98302 3.97902 3.97557 3.97263 3.9702 3.96825 3.96678 3.96578 3.96524 
3.95949 3.95988 3.96075 3.96212 3.964 3.96639 3.96932 3.97279 3.97683 3.98145 3.98668 3.99252 3.999 4.00613 4.01391 4.02236 4.03148 4.04127 4.0517 4.06277 4.07446 4.08672 4.09954 4.11285 4.12661 4.14077 4.15526 4.17 4.18494 4.19997 4.21504 4.23005 4.24491 4.25955 4.27387 4.28779 4.30124 4.31412 4.32637 4.3379 4.34866 4.35858 4.3676 4.37566 4.38273 4.38876 4.39372 4.39757 4.40031 4.4019 4.40234 4.40164 4.39978 4.39679 4.39269 4.38748 4.38121 4.37392 4.36563 4.35641 4.34631 4.33539 4.32371 4.31134 4.29837 4.28487 4.27092 4.2566 4.24201 4.22722 4.21233 4.19742 4.18257 4.16786 4.15338 4.13918 4.12533 4.1119 4.09895 4.08651 4.07463 4.06334 4.05267 4.04264 4.03327 4.02455 4.01649 4.00909 4.00234 3.99623 3.99074 3.98586 3.98157 3.97786 3.9747 3.97208 3.96998 3.9684 3.96732 3.96672 
3.96099 3.96139 3.96232 3.96378 3.96578 3.96833 3.97145 3.97516 3.97947 3.9844 3.98997 3.9962 4.0031 4.01069 4.01898 4.02797 4.03767 4.04806 4.05914 4.07088 4.08327 4.09627 4.10983 4.12391 4.13846 4.15341 4.1687 4.18424 4.19997 4.21581 4.23165 4.24743 4.26304 4.2784 4.29342 4.30801 4.32209 4.33557 4.34838 4.36044 4.37168 4.38204 4.39145 4.39986 4.40724 4.41352 4.41869 4.42271 4.42555 4.42721 4.42768 4.42694 4.42501 4.4219 4.41761 4.41219 4.40565 4.39803 4.38939 4.37975 4.3692 4.35777 4.34556 4.33261 4.31902 4.30487 4.29023 4.27521 4.25988 4.24434 4.22867 4.21297 4.19733 4.18182 4.16653 4.15153 4.1369 4.1227 4.10899 4.09582 4.08322 4.07125 4.05992 4.04927 4.0393 4.03002 4.02144 4.01356 4.00636 3.99984 3.99398 3.98876 3.98418 3.9802 3.97682 3.97401 3.97176 3.97005 3.96889 3.96824 
3.96252 3.96294 3.96392 3.96547 3.9676 3.97031 3.97363 3.97757 3.98215 3.98739 3.99331 3.99993 4.00726 4.01532 4.02411 4.03365 4.04392 4.05492 4.06665 4.07907 4.09216 4.10588 4.12019 4.13504 4.15036 4.1661 4.18218 4.19852 4.21504 4.23165 4.24827 4.26479 4.28114 4.29721 4.31291 4.32816 4.34286 4.35692 4.37028 4.38284 4.39455 4.40533 4.41513 4.42388 4.43155 4.43808 4.44345 4.44763 4.45058 4.45231 4.45279 4.45203 4.45002 4.44679 4.44234 4.4367 4.4299 4.42198 4.41298 4.40295 4.39195 4.38005 4.3673 4.35379 4.3396 4.32481 4.30951 4.29379 4.27773 4.26145 4.24502 4.22854 4.21211 4.19581 4.17973 4.16395 4.14853 4.13356 4.1191 4.10519 4.09188 4.07922 4.06724 4.05596 4.04539 4.03556 4.02645 4.01808 4.01043 4.0035 3.99726 3.99171 3.98682 3.98258 3.97897 3.97597 3.97356 3.97174 3.97049 3.96979 
3.96407 3.96451 3.96555 3.96719 3.96944 3.97231 3.97583 3.98001 3.98486 3.99042 3.99669 4.0037 4.01146 4.01998 4.02928 4.03936 4.05021 4.06182 4.07419 4.08728 4.10107 4.11551 4.13056 4.14616 4.16226 4.17877 4.19563 4.21275 4.23005 4.24743 4.26479 4.28206 4.29912 4.31588 4.33225 4.34812 4.36342 4.37806 4.39194 4.405 4.41715 4.42834 4.4385 4.44758 4.45553 4.4623 4.46787 4.47219 4.47526 4.47705 4.47755 4.47676 4.47468 4.47133 4.46672 4.46088 4.45383 4.44562 4.43628 4.42587 4.41445 4.40208 4.38883 4.37477 4.36 4.34459 4.32864 4.31223 4.29548 4.27846 4.26128 4.24405 4.22684 4.20976 4.1929 4.17634 4.16016 4.14443 4.12921 4.11457 4.10056 4.08722 4.07458 4.06268 4.05152 4.04112 4.0315 4.02264 4.01454 4.00719 4.00058 3.99468 3.9895 3.98499 3.98115 3.97796 3.97539 3.97345 3.97211 3.97136 
3.96563 3.96609 3.96719 3.96891 3.97129 3.97433 3.97805 3.98246 3.98759 3.99346 4.00008 4.00748 4.01567 4.02466 4.03446 4.04507 4.05649 4.06871 4.08172 4.09547 4.10995 4.1251 4.14088 4.15723 4.17408 4.19135 4.20898 4.22686 4.24491 4.26304 4.28114 4.29912 4.31687 4.3343 4.35131 4.3678 4.38368 4.39886 4.41325 4.42677 4.43936 4.45094 4.46146 4.47084 4.47906 4.48606 4.49181 4.49628 4.49945 4.5013 4.50182 4.50101 4.49887 4.49541 4.49065 4.48461 4.47733 4.46883 4.45917 4.4484 4.43657 4.42375 4.41002 4.39544 4.3801 4.3641 4.34751 4.33045 4.31301 4.29528 4.27738 4.2594 4.24144 4.2236 4.20597 4.18865 4.17171 4.15522 4.13928 4.12392 4.10921 4.09519 4.08191 4.06938 4.05764 4.04669 4.03654 4.02719 4.01865 4.01088 4.0039 3.99767 3.99218 3.98741 3.98334 3.97996 3.97724 3.97517 3.97374 3.97295 
3.9672 3.96768 3.96883 3.97065 3.97315 3.97635 3.98027 3.98492 3.99032 3.9965 4.00347 4.01125 4.01986 4.02931 4.03961 4.05075 4.06274 4.07556 4.08918 4.10359 4.11874 4.13459 4.15109 4.16816 4.18575 4.20377 4.22214 4.24076 4.25955 4.2784 4.29721 4.31588 4.3343 4.35238 4.37 4.38708 4.40351 4.41921 4.43409 4.44806 4.46106 4.47301 4.48386 4.49354 4.50201 4.50923 4.51516 4.51977 4.52303 4.52494 4.52547 4.52464 4.52244 4.51888 4.51398 4.50776 4.50025 4.49149 4.48153 4.47041 4.4582 4.44495 4.43075 4.41567 4.3998 4.38322 4.36603 4.34834 4.33023 4.31182 4.29322 4.27451 4.25582 4.23724 4.21887 4.2008 4.18311 4.1659 4.14923 4.13317 4.11777 4.1031 4.08917 4.07604 4.06371 4.05222 4.04155 4.03173 4.02274 4.01457 4.00721 4.00065 3.99486 3.98982 3.98553 3.98195 3.97908 3.97689 3.97538 3.97454 
3.96876 3.96926 3.97047 3.97237 3.975 3.97836 3.98247 3.98736 3.99303 3.99951 4.00683 4.01499 4.02402 4.03392 4.0447 4.05637 4.06891 4.08231 4.09655 4.11159 4.1274 4.14393 4.16112 4.1789 4.19721 4.21594 4.23503 4.25437 4.27387 4.29342 4.31291 4.33225 4.35131 4.37 4.38822 4.40586 4.42282 4.43901 4.45435 4.46875 4.48213 4.49444 4.5056 4.51556 4.52427 4.53169 4.53778 4.54252 4.54588 4.54784 4.5484 4.54754 4.54529 4.54163 4.5366 4.53021 4.52249 4.51349 4.50324 4.49179 4.47921 4.46557 4.45093 4.43537 4.41898 4.40186 4.38409 4.36579 4.34705 4.32798 4.3087 4.2893 4.2699 4.2506 4.23151 4.21271 4.19431 4.17639 4.15901 4.14227 4.1262 4.11088 4.09633 4.0826 4.06971 4.05767 4.04651 4.03621 4.02678 4.01821 4.01049 4.0036 3.99751 3.99222 3.9877 3.98394 3.98091 3.97861 3.97701 3.97612 
3.97031 3.97083 3.97208 3.97408 3.97683 3.98035 3.98465 3.98976 3.9957 4.00248 4.01013 4.01867 4.0281 4.03845 4.04971 4.06188 4.07496 4.08892 4.10376 4.11942 4.13587 4.15306 4.17092 4.18938 4.20838 4.22781 4.24759 4.26762 4.28779 4.30801 4.32816 4.34812 4.3678 4.38708 4.40586 4.42402 4.44148 4.45814 4.47392 4.48872 4.50247 4.5151 4.52656 4.53678 4.54572 4.55333 4.55958 4.56443 4.56788 4.56989 4.57047 4.5696 4.56729 4.56355 4.55839 4.55184 4.54393 4.5347 4.52418 4.51243 4.49951 4.48548 4.47043 4.45442 4.43755 4.4199 4.40159 4.38271 4.36336 4.34367 4.32374 4.30368 4.2836 4.26361 4.24382 4.22433 4.20523 4.18662 4.16857 4.15116 4.13445 4.11849 4.10334 4.08903 4.07558 4.06303 4.05137 4.04061 4.03076 4.0218 4.01372 4.0065 4.00013 3.99458 3.98985 3.9859 3.98272 3.9803 3.97862 3.97768 
3.97183 3.97237 3.97367 3.97576 3.97863 3.9823 3.98679 3.99212 3.99831 4.00539 4.01337 4.02226 4.03209 4.04286 4.05458 4.06725 4.08084 4.09536 4.11076 4.12702 4.14409 4.16191 4.18041 4.19954 4.21919 4.23929 4.25973 4.28041 4.30124 4.32209 4.34286 4.36342 4.38368 4.40351 4.42282 4.44148 4.45942 4.47651 4.49269 4.50787 4.52196 4.53491 4.54664 4.5571 4.56625 4.57403 4.58043 4.5854 4.58892 4.59099 4.59158 4.59069 4.58834 4.58452 4.57925 4.57256 4.56447 4.55501 4.54425 4.53221 4.51897 4.5046 4.48915 4.47272 4.45539 4.43726 4.41843 4.399 4.37909 4.3588 4.33825 4.31755 4.29683 4.27618 4.25573 4.23557 4.21581 4.19654 4.17783 4.15978 4.14245 4.12589 4.11015 4.09528 4.0813 4.06824 4.05611 4.04491 4.03464 4.0253 4.01687 4.00934 4.00269 3.9969 3.99195 3.98782 3.9845 3.98196 3.98021 3.97922 
3.97331 3.97387 3.97522 3.97739 3.98037 3.98419 3.98887 3.99441 4.00085 4.00821 4.0165 4.02574 4.03595 4.04714 4.0593 4.07243 4.08653 4.10157 4.11753 4.13435 4.15201 4.17043 4.18955 4.2093 4.22958 4.25031 4.27138 4.29268 4.31412 4.33557 4.35692 4.37806 4.39886 4.41921 4.43901 4.45814 4.47651 4.49402 4.51058 4.5261 4.54051 4.55374 4.56573 4.57642 4.58576 4.59371 4.60024 4.60531 4.60891 4.61102 4.61163 4.61073 4.60833 4.60444 4.59907 4.59224 4.58399 4.57434 4.56334 4.55105 4.53751 4.52281 4.507 4.49017 4.47242 4.45384 4.43452 4.41458 4.39412 4.37327 4.35214 4.33085 4.30951 4.28824 4.26716 4.24637 4.22597 4.20607 4.18675 4.16809 4.15015 4.13302 4.11672 4.10131 4.08682 4.07328 4.06068 4.04906 4.03839 4.02868 4.01992 4.01209 4.00517 3.99914 3.99399 3.98969 3.98622 3.98358 3.98175 3.98071 
3.97474 3.97531 3.97672 3.97896 3.98206 3.98602 3.99087 3.99662 4.0033 4.01092 4.01952 4.02909 4.03966 4.05124 4.06382 4.07741 4.09198 4.10752 4.12399 4.14136 4.15957 4.17857 4.19827 4.2186 4.23948 4.2608 4.28246 4.30436 4.32637 4.34838 4.37028 4.39194 4.41325 4.43409 4.45435 4.47392 4.49269 4.51058 4.52749 4.54333 4.55804 4.57153 4.58375 4.59464 4.60416 4.61226 4.61891 4.62408 4.62775 4.6299 4.63053 4.62962 4.62719 4.62323 4.61776 4.61082 4.60241 4.59258 4.58138 4.56884 4.55503 4.54002 4.52388 4.50669 4.48855 4.46954 4.44977 4.42935 4.40839 4.38702 4.36534 4.34349 4.32157 4.29972 4.27804 4.25666 4.23566 4.21517 4.19526 4.17601 4.15752 4.13983 4.123 4.10709 4.09211 4.0781 4.06507 4.05304 4.042 4.03194 4.02286 4.01473 4.00756 4.0013 3.99595 3.99149 3.98789 3.98514 3.98324 3.98216 
3.9761 3.9767 3.97815 3.98047 3.98367 3.98777 3.99278 3.99873 4.00563 4.01351 4.02239 4.03228 4.04319 4.05514 4.06812 4.08213 4.09715 4.11316 4.13012 4.148 4.16674 4.18626 4.20651 4.2274 4.24883 4.27071 4.29292 4.31536 4.3379 4.36044 4.38284 4.405 4.42677 4.44806 4.46875 4.48872 4.50787 4.5261 4.54333 4.55947 4.57444 4.58817 4.60061 4.61169 4.62137 4.62961 4.63637 4.64163 4.64536 4.64755 4.64819 4.64728 4.64481 4.64079 4.63524 4.62819 4.61964 4.60965 4.59826 4.5855 4.57145 4.55616 4.53971 4.52219 4.50368 4.48428 4.46409 4.44323 4.42181 4.39995 4.37777 4.35539 4.33294 4.31054 4.28831 4.26637 4.24482 4.22376 4.2033 4.18352 4.16449 4.14628 4.12896 4.11256 4.09713 4.08268 4.06924 4.05682 4.04542 4.03503 4.02565 4.01725 4.00983 4.00336 3.99783 3.99321 3.98948 3.98663 3.98466 3.98354 
3.9774 3.97801 3.9795 3.9819 3.9852 3.98942 3.99459 4.00072 4.00783 4.01595 4.02509 4.03528 4.04651 4.05881 4.07216 4.08656 4.102 4.11845 4.13587 4.15422 4.17344 4.19347 4.21423 4.23562 4.25757 4.27996 4.30268 4.32562 4.34866 4.37168 4.39455 4.41715 4.43936 4.46106 4.48213 4.50247 4.52196 4.54051 4.55804 4.57444 4.58965 4.6036 4.61623 4.62748 4.63731 4.64567 4.65253 4.65787 4.66166 4.66389 4.66454 4.66362 4.66112 4.65706 4.65143 4.64428 4.63561 4.62548 4.61391 4.60096 4.58668 4.57114 4.55441 4.53659 4.51775 4.49799 4.47742 4.45616 4.43431 4.412 4.38935 4.36649 4.34355 4.32065 4.29791 4.27544 4.25337 4.2318 4.21083 4.19054 4.17102 4.15233 4.13454 4.1177 4.10183 4.08698 4.07316 4.06038 4.04864 4.03795 4.02828 4.01963 4.01198 4.00531 3.9996 3.99483 3.99098 3.98805 3.986 3.98485 
3.97861 3.97923 3.98077 3.98323 3.98662 3.99096 3.99627 4.00257 4.00988 4.01822 4.02761 4.03807 4.0496 4.06222 4.07591 4.09068 4.1065 4.12336 4.1412 4.15999 4.17965 4.20014 4.22136 4.24323 4.26564 4.2885 4.31169 4.33509 4.35858 4.38204 4.40533 4.42834 4.45094 4.47301 4.49444 4.5151 4.53491 4.55374 4.57153 4.58817 4.6036 4.61775 4.63055 4.64196 4.65191 4.66039 4.66734 4.67275 4.67659 4.67885 4.67952 4.67859 4.67606 4.67195 4.66627 4.65902 4.65025 4.63998 4.62826 4.61513 4.60065 4.58489 4.56791 4.54981 4.53067 4.51059 4.48968 4.46805 4.44581 4.4231 4.40003 4.37673 4.35333 4.32997 4.30676 4.28382 4.26128 4.23924 4.21779 4.19704 4.17707 4.15794 4.13972 4.12246 4.1062 4.09097 4.0768 4.06368 4.05164 4.04066 4.03073 4.02184 4.01398 4.00712 4.00125 3.99634 3.99239 3.98936 3.98726 3.98607 
3.97973 3.98037 3.98194 3.98446 3.98794 3.99239 3.99783 4.00428 4.01177 4.02031 4.02993 4.04063 4.05243 4.06534 4.07935 4.09445 4.11062 4.12784 4.14607 4.16525 4.18532 4.20622 4.22786 4.25016 4.273 4.29628 4.31989 4.3437 4.3676 4.39145 4.41513 4.4385 4.46146 4.48386 4.5056 4.52656 4.54664 4.56573 4.58375 4.60061 4.61623 4.63055 4.64351 4.65505 4.66512 4.67369 4.68072 4.6862 4.69008 4.69237 4.69305 4.69212 4.68957 4.68542 4.67968 4.67236 4.66349 4.65311 4.64125 4.62796 4.61331 4.59734 4.58015 4.5618 4.54239 4.52202 4.5008 4.47884 4.45626 4.43318 4.40973 4.38604 4.36224 4.33845 4.31482 4.29146 4.26849 4.24601 4.22414 4.20297 4.18259 4.16306 4.14445 4.12681 4.1102 4.09463 4.08013 4.06671 4.05438 4.04314 4.03297 4.02387 4.01582 4.00879 4.00277 3.99774 3.99368 3.99058 3.98842 3.9872 
3.98074 3.98139 3.983 3.98557 3.98913 3.99367 3.99923 4.00583 4.01348 4.0222 4.03202 4.04294 4.05499 4.06816 4.08244 4.09784 4.11433 4.13188 4.15044 4.16998 4.19041 4.21168 4.2337 4.25637 4.27959 4.30324 4.32723 4.35141 4.37566 4.39986 4.42388 4.44758 4.47084 4.49354 4.51556 4.53678 4.5571 4.57642 4.59464 4.61169 4.62748 4.64196 4.65505 4.6667 4.67688 4.68553 4.69264 4.69817 4.70209 4.70441 4.7051 4.70416 4.7016 4.69741 4.69162 4.68423 4.67528 4.6648 4.65282 4.6394 4.62458 4.60845 4.59105 4.57249 4.55285 4.53223 4.51074 4.48848 4.46559 4.44219 4.4184 4.39436 4.3702 4.34605 4.32204 4.2983 4.27494 4.25209 4.22984 4.2083 4.18754 4.16765 4.1487 4.13073 4.11379 4.09792 4.08313 4.06944 4.05686 4.04538 4.035 4.02571 4.01748 4.01029 4.00414 3.999 3.99485 3.99168 3.98948 3.98822 
3.98164 3.9823 3.98394 3.98657 3.99018 3.99482 4.00048 4.0072 4.01499 4.02387 4.03387 4.04499 4.05724 4.07064 4.08518 4.10083 4.1176 4.13543 4.1543 4.17414 4.19489 4.21648 4.23882 4.26182 4.28537 4.30936 4.33366 4.35816 4.38273 4.40724 4.43155 4.45553 4.47906 4.50201 4.52427 4.54572 4.56625 4.58576 4.60416 4.62137 4.63731 4.65191 4.66512 4.67688 4.68714 4.69587 4.70304 4.70861 4.71258 4.71491 4.71561 4.71467 4.71209 4.70788 4.70204 4.6946 4.68558 4.67501 4.66293 4.64939 4.63444 4.61815 4.60059 4.58184 4.562 4.54116 4.51943 4.49692 4.47376 4.45008 4.426 4.40165 4.37718 4.35271 4.32837 4.3043 4.28061 4.25743 4.23485 4.21298 4.1919 4.1717 4.15244 4.13418 4.11696 4.10081 4.08577 4.07185 4.05904 4.04736 4.03679 4.02733 4.01894 4.01163 4.00536 4.00012 3.99589 3.99266 3.99041 3.98914 
3.98242 3.9831 3.98476 3.98742 3.9911 3.9958 4.00156 4.00838 4.01629 4.02531 4.03546 4.04674 4.05918 4.07278 4.08752 4.1034 4.1204 4.13848 4.15759 4.1777 4.19872 4.22058 4.2432 4.26648 4.29031 4.31458 4.33916 4.36393 4.38876 4.41352 4.43808 4.4623 4.48606 4.50923 4.53169 4.55333 4.57403 4.59371 4.61226 4.62961 4.64567 4.66039 4.67369 4.68553 4.69587 4.70466 4.71188 4.7175 4.72149 4.72385 4.72456 4.72361 4.72102 4.71678 4.71091 4.70342 4.69434 4.68369 4.67153 4.65789 4.64283 4.62641 4.60871 4.5898 4.56979 4.54876 4.52683 4.50411 4.48073 4.45681 4.43248 4.40788 4.38314 4.35839 4.33378 4.30943 4.28546 4.26199 4.23913 4.21698 4.19563 4.17516 4.15564 4.13713 4.11967 4.1033 4.08804 4.07391 4.06092 4.04907 4.03834 4.02872 4.02021 4.01278 4.00641 4.00109 3.99679 3.99351 3.99122 3.98992 
3.98308 3.98376 3.98544 3.98814 3.99186 3.99663 4.00246 4.00936 4.01737 4.02651 4.03678 4.0482 4.06079 4.07454 4.08946 4.10552 4.12271 4.14099 4.16032 4.18063 4.20188 4.22397 4.24681 4.27032 4.29438 4.31887 4.34368 4.36867 4.39372 4.41869 4.44345 4.46787 4.49181 4.51516 4.53778 4.55958 4.58043 4.60024 4.61891 4.63637 4.65253 4.66734 4.68072 4.69264 4.70304 4.71188 4.71914 4.72479 4.72881 4.73118 4.7319 4.73095 4.72835 4.72409 4.71819 4.71066 4.70153 4.69082 4.67859 4.66487 4.64971 4.63319 4.61537 4.59634 4.57618 4.555 4.53291 4.51002 4.48645 4.46234 4.4378 4.41299 4.38803 4.36307 4.33823 4.31364 4.28944 4.26574 4.24265 4.22027 4.1987 4.17802 4.15828 4.13957 4.12191 4.10535 4.08992 4.07563 4.06248 4.05048 4.03962 4.02988 4.02127 4.01374 4.00729 4.0019 3.99755 3.99422 3.9919 3.99058 
3.9836 3.98429 3.98599 3.98871 3.99247 3.99728 4.00317 4.01014 4.01823 4.02745 4.03782 4.04935 4.06205 4.07593 4.09098 4.10719 4.12452 4.14296 4.16244 4.18293 4.20434 4.2266 4.24962 4.27331 4.29754 4.32221 4.34719 4.37236 4.39757 4.42271 4.44763 4.47219 4.49628 4.51977 4.54252 4.56443 4.5854 4.60531 4.62408 4.64163 4.65787 4.67275 4.6862 4.69817 4.70861 4.7175 4.72479 4.73046 4.7345 4.73689 4.73761 4.73666 4.73405 4.72977 4.72385 4.71629 4.70712 4.69637 4.68408 4.67029 4.65507 4.63846 4.62055 4.60142 4.58115 4.55986 4.53764 4.51461 4.4909 4.46663 4.44194 4.41697 4.39184 4.3667 4.34169 4.31693 4.29255 4.26867 4.2454 4.22284 4.2011 4.18024 4.16035 4.14147 4.12367 4.10696 4.09139 4.07697 4.0637 4.05159 4.04063 4.0308 4.0221 4.0145 4.00799 4.00254 3.99814 3.99478 3.99244 3.99111 
3.98398 3.98467 3.98639 3.98913 3.99292 3.99776 4.00369 4.01071 4.01885 4.02813 4.03857 4.05018 4.06296 4.07693 4.09207 4.10837 4.12582 4.14436 4.16396 4.18456 4.20609 4.22848 4.25162 4.27543 4.29979 4.32458 4.34969 4.37497 4.40031 4.42555 4.45058 4.47526 4.49945 4.52303 4.54588 4.56788 4.58892 4.60891 4.62775 4.64536 4.66166 4.67659 4.69008 4.70209 4.71258 4.72149 4.72881 4.7345 4.73855 4.74095 4.74167 4.74072 4.7381 4.73382 4.72788 4.72029 4.7111 4.70031 4.68798 4.67415 4.65887 4.6422 4.62423 4.60502 4.58468 4.5633 4.54099 4.51786 4.49405 4.46967 4.44487 4.41978 4.39454 4.36928 4.34414 4.31925 4.29475 4.27074 4.24735 4.22467 4.2028 4.18183 4.16182 4.14283 4.12492 4.10811 4.09245 4.07793 4.06458 4.05239 4.04135 4.03146 4.0227 4.01505 4.00849 4.00301 3.99858 3.99519 3.99284 3.9915 
3.98422 3.98492 3.98664 3.98939 3.9932 3.99806 4.00401 4.01106 4.01923 4.02855 4.03903 4.05068 4.06351 4.07753 4.09272 4.10908 4.12658 4.14519 4.16485 4.18552 4.20712 4.22958 4.25279 4.27667 4.3011 4.32596 4.35114 4.37649 4.4019 4.42721 4.45231 4.47705 4.5013 4.52494 4.54784 4.56989 4.59099 4.61102 4.6299 4.64755 4.66389 4.67885 4.69237 4.70441 4.71491 4.72385 4.73118 4.73689 4.74095 4.74334 4.74407 4.74312 4.7405 4.7362 4.73025 4.72265 4.71344 4.70263 4.69027 4.67641 4.6611 4.64439 4.62638 4.60713 4.58674 4.5653 4.54294 4.51976 4.49588 4.47145 4.44658 4.42142 4.39611 4.37078 4.34557 4.32061 4.29603 4.27195 4.24849 4.22574 4.20381 4.18276 4.16269 4.14364 4.12566 4.1088 4.09308 4.07851 4.06511 4.05287 4.04179 4.03187 4.02307 4.01539 4.00881 4.0033 3.99886 3.99545 3.99309 3.99174 
