3.14549e-32 1.03277e-32 3.26369e-32 2.01106e-31 1.23334e-30 7.33009e-30 4.21645e-29 2.34601e-28 1.26181e-27 6.55653e-27 3.28934e-26 1.59235e-25 7.43391e-25 3.34507e-24 1.45006e-23 6.05287e-23 2.43201e-22 9.40286e-22 3.49743e-21 1.25132e-20 4.30623e-20 1.4254e-19 4.53857e-19 1.3902e-18 4.09668e-18 1.16141e-17 3.16737e-17 8.30768e-17 2.09506e-16 5.07788e-16 1.18236e-15 2.64365e-15 5.67368e-15 1.1683e-14 2.30722e-14 4.36788e-14 7.92201e-14 1.37542e-13 2.28347e-13 3.62007e-13 5.4715e-13 7.87201e-13 1.07686e-12 1.40036e-12 1.73313e-12 2.04724e-12 2.31852e-12 2.53208e-12 2.68361e-12 2.77655e-12 2.81681e-12 2.80789e-12 2.74835e-12 2.63266e-12 2.45512e-12 2.21538e-12 1.92283e-12 1.59749e-12 1.2662e-12 9.55918e-13 6.87238e-13 4.70894e-13 3.0795e-13 1.92518e-13 1.15226e-13 6.61132e-14 3.64031e-14 1.92518e-14 9.78548e-15 4.78335e-15 2.24987e-15 1.0188e-15 4.44388e-16 1.86813e-16 7.57259e-17 2.96127e-17 1.11759e-17 4.07189e-18 1.43262e-18 4.86823e-19 1.598e-19 5.0676e-20 1.55276e-20 4.5978e-21 1.3159e-21 3.64105e-22 9.74296e-23 2.52211e-23 6.31854e-24 1.53263e-24 3.60108e-25 8.20003e-26 1.81056e-26 3.87843e-27 8.06455e-28 1.62863e-28 3.19609e-29 6.09824e-30 1.13192e-30 2.04829e-31 
1.03277e-32 3.4381e-33 1.1598e-32 7.38713e-32 4.67125e-31 2.86435e-30 1.70119e-29 9.78025e-29 5.43938e-28 2.92472e-27 1.51944e-26 7.62227e-26 3.68995e-25 1.72282e-24 7.75361e-24 3.36193e-23 1.40377e-22 5.64225e-22 2.1823e-21 8.12024e-21 2.90628e-20 1.00037e-19 3.31136e-19 1.05399e-18 3.22557e-18 9.4897e-18 2.6833e-17 7.28969e-17 1.90191e-16 4.76315e-16 1.14445e-15 2.63678e-15 5.82251e-15 1.23172e-14 2.49509e-14 4.83753e-14 8.9714e-14 1.59017e-13 2.69086e-13 4.34076e-13 6.66367e-13 9.71767e-13 1.34435e-12 1.76354e-12 2.1962e-12 2.60418e-12 2.9547e-12 3.22815e-12 3.41995e-12 3.53611e-12 3.58568e-12 3.57384e-12 3.49845e-12 3.35119e-12 3.12317e-12 2.81277e-12 2.43213e-12 2.00841e-12 1.57838e-12 1.17856e-12 8.36106e-13 5.6416e-13 3.62645e-13 2.22467e-13 1.30453e-13 7.32207e-14 3.93801e-14 2.0312e-14 1.00546e-14 4.77953e-15 2.18303e-15 9.58614e-16 4.04945e-16 1.64657e-16 6.44838e-17 2.43363e-17 8.85549e-18 3.10825e-18 1.05276e-18 3.44183e-19 1.08648e-19 3.31235e-20 9.75547e-21 2.77639e-21 7.63777e-22 2.0317e-22 5.22796e-23 1.30188e-23 3.13892e-24 7.33128e-25 1.65958e-25 3.64315e-26 7.75995e-27 1.60469e-27 3.22346e-28 6.29365e-29 1.19502e-29 2.20794e-30 3.97167e-31 6.97144e-32 
3.26369e-32 1.1598e-32 4.35083e-32 2.83616e-31 1.82557e-30 1.13868e-29 6.87537e-29 4.01608e-28 2.26801e-27 1.23749e-26 6.51953e-26 3.31423e-25 1.62467e-24 7.6753e-24 3.49236e-23 1.52966e-22 6.44634e-22 2.61266e-21 1.018e-20 3.81237e-20 1.37194e-19 4.7437e-19 1.57585e-18 5.0294e-18 1.54207e-17 4.54192e-17 1.28486e-16 3.49015e-16 9.10011e-16 2.27655e-15 5.46172e-15 1.25602e-14 2.76751e-14 5.8402e-14 1.17991e-13 2.28122e-13 4.21851e-13 7.45603e-13 1.25825e-12 2.02458e-12 3.10082e-12 4.5126e-12 6.23126e-12 8.16069e-12 1.01472e-11 1.20151e-11 1.36145e-11 1.48575e-11 1.57254e-11 1.6248e-11 1.64682e-11 1.641e-11 1.60627e-11 1.5387e-11 1.43408e-11 1.29157e-11 1.11673e-11 9.22087e-12 7.24588e-12 5.41045e-12 3.83899e-12 2.59136e-12 1.66678e-12 1.02334e-12 6.00655e-13 3.37477e-13 1.81681e-13 9.37888e-14 4.6456e-14 2.20912e-14 1.00904e-14 4.42939e-15 1.86965e-15 7.59277e-16 2.96822e-16 1.11755e-16 4.0541e-17 1.41757e-17 4.77904e-18 1.55379e-18 4.87294e-19 1.47444e-19 4.30523e-20 1.21341e-20 3.30211e-21 8.67948e-22 2.20438e-22 5.41204e-23 1.28507e-23 2.95259e-24 6.56794e-25 1.4153e-25 2.95603e-26 5.98776e-27 1.17698e-27 2.24632e-28 4.16512e-29 7.5072e-30 1.31604e-30 2.24898e-31 
2.01106e-31 7.38713e-32 2.83616e-31 1.84342e-30 1.18187e-29 7.34213e-29 4.41503e-28 2.56817e-27 1.44415e-26 7.84526e-26 4.11455e-25 2.08193e-24 1.01567e-23 4.77426e-23 2.161e-22 9.41349e-22 3.94427e-21 1.58893e-20 6.15182e-20 2.2884e-19 8.17725e-19 2.80658e-18 9.2518e-18 2.92923e-17 8.90767e-17 2.60166e-16 7.29748e-16 1.96539e-15 5.08098e-15 1.26039e-14 2.99866e-14 6.83947e-14 1.49488e-13 3.12981e-13 6.27481e-13 1.20419e-12 2.21104e-12 3.8817e-12 6.50961e-12 1.04142e-11 1.58685e-11 2.29896e-11 3.16237e-11 4.1283e-11 5.11983e-11 6.04974e-11 6.84414e-11 7.46014e-11 7.88929e-11 8.14689e-11 8.2544e-11 8.22361e-11 8.04902e-11 7.71084e-11 7.18798e-11 6.47628e-11 5.60342e-11 4.63169e-11 3.64526e-11 2.72763e-11 1.94068e-11 1.3144e-11 8.48804e-12 5.23507e-12 3.08827e-12 1.74463e-12 9.44673e-13 4.90635e-13 2.44558e-13 1.1705e-13 5.38194e-14 2.37853e-14 1.01089e-14 4.13389e-15 1.62738e-15 6.17008e-16 2.25388e-16 7.93497e-17 2.693e-17 8.81229e-18 2.78085e-18 8.46411e-19 2.48534e-19 7.04205e-20 1.92597e-20 5.08615e-21 1.29747e-21 3.19866e-22 7.62471e-23 1.7583e-23 3.92482e-24 8.4851e-25 1.77771e-25 3.61152e-26 7.11874e-27 1.36226e-27 2.53227e-28 4.57517e-29 8.03889e-30 1.37683e-30 
1.23334e-30 4.67125e-31 1.82557e-30 1.18187e-29 7.54147e-29 4.6626e-28 2.79025e-27 1.61516e-26 9.03765e-26 4.88504e-25 2.54892e-24 1.28298e-23 6.22532e-23 2.91001e-22 1.30959e-21 5.67058e-21 2.36117e-20 9.44987e-20 3.63368e-19 1.34201e-18 4.75951e-18 1.62074e-17 5.29908e-17 1.66355e-16 5.01472e-16 1.45161e-15 4.03497e-15 1.07687e-14 2.75879e-14 6.78209e-14 1.59928e-13 3.61595e-13 7.83576e-13 1.62686e-12 3.23514e-12 6.15979e-12 1.12251e-11 1.95664e-11 3.25948e-11 5.18286e-11 7.85415e-11 1.13244e-10 1.55138e-10 2.01835e-10 2.49621e-10 2.94317e-10 3.32408e-10 3.61881e-10 3.82369e-10 3.94628e-10 3.99695e-10 3.9813e-10 3.89657e-10 3.73315e-10 3.48088e-10 3.13773e-10 2.717e-10 2.24858e-10 1.7728e-10 1.32968e-10 9.48932e-11 6.45096e-11 4.18411e-11 2.59343e-11 1.53831e-11 8.74172e-12 4.76317e-12 2.49013e-12 1.24967e-12 6.02316e-13 2.78937e-13 1.2418e-13 5.31714e-14 2.19079e-14 8.69006e-15 3.31984e-15 1.22188e-15 4.33372e-16 1.48148e-16 4.88201e-17 1.55105e-17 4.75162e-18 1.40389e-18 4.0013e-19 1.10048e-19 2.92168e-20 7.49103e-21 1.85573e-21 4.44408e-22 1.0294e-22 2.30767e-23 5.00971e-24 1.05382e-24 2.14933e-25 4.25292e-26 8.16928e-27 1.52423e-27 2.76404e-28 4.87433e-29 8.3789e-30 
7.33009e-30 2.86435e-30 1.13868e-29 7.34213e-29 4.6626e-28 2.86881e-27 1.70845e-26 9.84098e-26 5.47913e-25 2.9466e-24 1.52953e-23 7.65807e-23 3.69568e-22 1.71784e-21 7.68587e-21 3.30788e-20 1.36868e-19 5.44154e-19 2.0779e-18 7.61837e-18 2.68124e-17 9.05722e-17 2.9365e-16 9.13837e-16 2.72996e-15 7.82962e-15 2.15597e-14 5.69965e-14 1.44639e-13 3.52243e-13 8.2293e-13 1.84366e-12 3.95949e-12 8.14883e-12 1.60667e-11 3.03397e-11 5.48524e-11 9.48977e-11 1.56981e-10 2.48013e-10 3.73678e-10 5.36063e-10 7.31213e-10 9.47899e-10 1.16891e-09 1.37505e-09 1.5503e-09 1.68559e-09 1.77941e-09 1.83537e-09 1.85827e-09 1.85066e-09 1.8112e-09 1.73544e-09 1.61864e-09 1.45989e-09 1.26528e-09 1.04858e-09 8.28314e-10 6.22885e-10 4.45996e-10 3.04414e-10 1.98373e-10 1.23611e-10 7.37501e-11 4.21736e-11 2.31326e-11 1.21776e-11 6.15543e-12 2.98879e-12 1.39464e-12 6.25686e-13 2.70013e-13 1.12136e-13 4.48354e-14 1.72648e-14 6.40446e-15 2.28908e-15 7.88409e-16 2.61696e-16 8.37218e-17 2.58187e-17 7.67646e-18 2.20104e-18 6.08801e-19 1.62505e-19 4.18797e-20 1.04256e-20 2.50842e-21 5.8365e-22 1.31409e-22 2.86474e-23 6.05075e-24 1.239e-24 2.4612e-25 4.74575e-26 8.88811e-27 1.61779e-27 2.86351e-28 4.94065e-29 
4.21645e-29 1.70119e-29 6.87537e-29 4.41503e-28 2.79025e-27 1.70845e-26 1.01245e-25 5.80298e-25 3.21468e-24 1.71998e-23 8.88161e-23 4.4231e-22 2.12281e-21 9.81142e-21 4.36399e-20 1.86672e-19 7.67449e-19 3.03079e-18 1.1492e-17 4.18226e-17 1.46047e-16 4.89309e-16 1.57281e-15 4.85078e-15 1.43566e-14 4.07821e-14 1.11205e-13 2.91095e-13 7.31426e-13 1.76378e-12 4.08066e-12 9.05481e-12 1.92639e-11 3.92823e-11 7.67594e-11 1.43697e-10 2.5764e-10 4.42224e-10 7.26146e-10 1.13947e-09 1.70639e-09 2.43487e-09 3.30613e-09 4.26961e-09 5.24893e-09 6.15965e-09 6.93189e-09 7.52665e-09 7.93815e-09 8.18276e-09 8.2818e-09 8.2464e-09 8.07045e-09 7.73399e-09 7.21606e-09 6.51248e-09 5.65018e-09 4.68965e-09 3.71248e-09 2.79971e-09 2.01185e-09 1.37917e-09 9.03292e-10 5.66072e-10 3.39844e-10 1.9564e-10 1.0807e-10 5.73108e-11 2.919e-11 1.42845e-11 6.71897e-12 3.03901e-12 1.32235e-12 5.53766e-13 2.23269e-13 8.66915e-14 3.24229e-14 1.16817e-14 4.05472e-15 1.35594e-15 4.36891e-16 1.35646e-16 4.05903e-17 1.17092e-17 3.25739e-18 8.74238e-19 2.26471e-19 5.66569e-20 1.36962e-20 3.20125e-21 7.23912e-22 1.58483e-22 3.36116e-23 6.91023e-24 1.37807e-24 2.66751e-25 5.0149e-26 9.16236e-27 1.62781e-27 2.81916e-28 
2.34601e-28 9.78025e-29 4.01608e-28 2.56817e-27 1.61516e-26 9.84098e-26 5.80298e-25 3.3094e-24 1.824e-23 9.7087e-23 4.98694e-22 2.47012e-21 1.17892e-20 5.41759e-20 2.39535e-19 1.01829e-18 4.15933e-18 1.63146e-17 6.14196e-17 2.21843e-16 7.68547e-16 2.55338e-15 8.13535e-15 2.48596e-14 7.2871e-14 2.04954e-13 5.53213e-13 1.43325e-12 3.56414e-12 8.5063e-12 1.94797e-11 4.27906e-11 9.01386e-11 1.82035e-10 3.52364e-10 6.53638e-10 1.1617e-09 1.97744e-09 3.22179e-09 5.01951e-09 7.46851e-09 1.05967e-08 1.43189e-08 1.84174e-08 2.25682e-08 2.64161e-08 2.96702e-08 3.21702e-08 3.38956e-08 3.49178e-08 3.53271e-08 3.51701e-08 3.44198e-08 3.2991e-08 3.07947e-08 2.78127e-08 2.41582e-08 2.00857e-08 1.59383e-08 1.20572e-08 8.69822e-09 5.99093e-09 3.94521e-09 2.48749e-09 1.50335e-09 8.71628e-10 4.85103e-10 2.59274e-10 1.33125e-10 6.56878e-11 3.11599e-11 1.42156e-11 6.23973e-12 2.63608e-12 1.07219e-12 4.19951e-13 1.5841e-13 5.75495e-14 2.01361e-14 6.78556e-15 2.20235e-15 6.88528e-16 2.07382e-16 6.01942e-17 1.68433e-17 4.54549e-18 1.18368e-18 2.97604e-19 7.22859e-20 1.6973e-20 3.85513e-21 8.47593e-22 1.80508e-22 3.72614e-23 7.4604e-24 1.44974e-24 2.736e-25 5.01781e-26 8.94847e-27 1.55566e-27 
1.26181e-27 5.43938e-28 2.26801e-27 1.44415e-26 9.03765e-26 5.47913e-25 3.21468e-24 1.824e-23 1.00013e-22 5.29557e-22 2.70556e-21 1.33277e-20 6.32512e-20 2.88975e-19 1.26999e-18 5.36495e-18 2.17702e-17 8.48037e-17 3.16949e-16 1.13604e-15 3.90386e-15 1.28592e-14 4.06019e-14 1.22895e-13 3.5668e-13 9.929e-13 2.65181e-12 6.79661e-12 1.67189e-11 3.94713e-11 8.94225e-11 1.94358e-10 4.05167e-10 8.09927e-10 1.55225e-09 2.85182e-09 5.02179e-09 8.47313e-09 1.36916e-08 2.11698e-08 3.12835e-08 4.41203e-08 5.93121e-08 7.59629e-08 9.27609e-08 1.08283e-07 1.21372e-07 1.31402e-07 1.38307e-07 1.42382e-07 1.43996e-07 1.43332e-07 1.40279e-07 1.34487e-07 1.25597e-07 1.13531e-07 9.8744e-08 8.22555e-08 6.5443e-08 4.96774e-08 3.59917e-08 2.49163e-08 1.65048e-08 1.04749e-08 6.37593e-09 3.72492e-09 2.08973e-09 1.12622e-09 5.83238e-10 2.90328e-10 1.38962e-10 6.39775e-11 2.83422e-11 1.20851e-11 4.96105e-12 1.9609e-12 7.46289e-13 2.73471e-13 9.64805e-14 3.27698e-14 1.07157e-14 3.3738e-15 1.02295e-15 2.98785e-16 8.40999e-17 2.2823e-17 5.97486e-18 1.5098e-18 3.6849e-19 8.69237e-20 1.98315e-20 4.37907e-21 9.3652e-22 1.94116e-22 3.90223e-23 7.61305e-24 1.44239e-24 2.65556e-25 4.75396e-26 8.29659e-27 
6.55653e-27 2.92472e-27 1.23749e-26 7.84526e-26 4.88504e-25 2.9466e-24 1.71998e-23 9.7087e-23 5.29557e-22 2.78899e-21 1.41717e-20 6.94218e-20 3.27579e-19 1.48776e-18 6.49838e-18 2.72769e-17 1.09948e-16 4.25297e-16 1.57781e-15 5.61131e-15 1.91236e-14 6.24431e-14 1.95338e-13 5.85501e-13 1.68196e-12 4.63236e-12 1.22363e-11 3.10106e-11 7.54188e-11 1.76035e-10 3.94313e-10 8.47488e-10 1.74738e-09 3.45556e-09 6.55349e-09 1.19182e-08 2.07824e-08 3.47402e-08 5.5647e-08 8.53497e-08 1.2521e-07 1.7546e-07 2.34586e-07 2.99074e-07 3.63865e-07 4.23528e-07 4.73688e-07 5.12025e-07 5.38344e-07 5.53824e-07 5.5988e-07 5.57213e-07 5.45374e-07 5.23011e-07 4.88721e-07 4.42205e-07 3.85185e-07 3.21557e-07 2.56582e-07 1.95509e-07 1.42312e-07 9.90685e-08 6.60424e-08 4.22109e-08 2.58905e-08 1.52492e-08 8.62836e-09 4.69145e-09 2.45184e-09 1.23195e-09 5.95309e-10 2.76742e-10 1.23801e-10 5.33077e-11 2.20969e-11 8.81778e-12 3.38723e-12 1.25238e-12 4.45631e-13 1.52592e-13 5.02806e-14 1.59451e-14 4.86747e-15 1.43077e-15 4.05145e-16 1.10572e-16 2.91026e-17 7.39164e-18 1.81288e-18 4.29655e-19 9.84702e-20 2.18392e-20 4.69059e-21 9.76307e-22 1.97068e-22 3.86022e-23 7.3428e-24 1.35721e-24 2.43916e-25 4.27363e-26 
3.28934e-26 1.51944e-26 6.51953e-26 4.11455e-25 2.54892e-24 1.52953e-23 8.88161e-23 4.98694e-22 2.70556e-21 1.41717e-20 7.16116e-20 3.48805e-19 1.63629e-18 7.38679e-18 3.20634e-17 1.33712e-16 5.35313e-16 2.05593e-15 7.57005e-15 2.67085e-14 9.02582e-14 2.92083e-13 9.05064e-13 2.68566e-12 7.63377e-12 2.07929e-11 5.42974e-11 1.35995e-10 3.26815e-10 7.53713e-10 1.66823e-09 3.54335e-09 7.22129e-09 1.41188e-08 2.64805e-08 4.76415e-08 8.2217e-08 1.36084e-07 2.15963e-07 3.28407e-07 4.78057e-07 6.6535e-07 8.84358e-07 1.12198e-06 1.35969e-06 1.57777e-06 1.76055e-06 1.89985e-06 1.99523e-06 2.05111e-06 2.0727e-06 2.06253e-06 2.0189e-06 1.9368e-06 1.81106e-06 1.64052e-06 1.43142e-06 1.19785e-06 9.58927e-07 7.33738e-07 5.36839e-07 3.7598e-07 2.52373e-07 1.62536e-07 1.00516e-07 5.97214e-08 3.41015e-08 1.8718e-08 9.87802e-09 5.013e-09 2.44711e-09 1.14935e-09 5.19515e-10 2.26024e-10 9.46535e-11 3.81512e-11 1.47978e-11 5.52229e-12 1.9824e-12 6.84488e-13 2.2732e-13 7.26203e-14 2.23218e-14 6.60398e-15 1.88144e-15 5.16446e-16 1.36671e-16 3.48933e-17 8.60058e-18 2.04811e-18 4.71565e-19 1.05055e-19 2.26622e-20 4.7371e-21 9.60194e-22 1.88862e-22 3.60712e-23 6.69411e-24 1.20788e-24 2.12487e-25 
1.59235e-25 7.62227e-26 3.31423e-25 2.08193e-24 1.28298e-23 7.65807e-23 4.4231e-22 2.47012e-21 1.33277e-20 6.94218e-20 3.48805e-19 1.68908e-18 7.87641e-18 3.53381e-17 1.52412e-16 6.31385e-16 2.51023e-15 9.57079e-15 3.49704e-14 1.22382e-13 4.10024e-13 1.31476e-12 4.03445e-12 1.18485e-11 3.3312e-11 8.96998e-11 2.31454e-10 5.72611e-10 1.3589e-09 3.09456e-09 6.76338e-09 1.4187e-08 2.8559e-08 5.51676e-08 1.02258e-07 1.81882e-07 3.10444e-07 5.08469e-07 7.98995e-07 1.20393e-06 1.73809e-06 2.40141e-06 3.17189e-06 4.0032e-06 4.83092e-06 5.58736e-06 6.21923e-06 6.6994e-06 7.0272e-06 7.21852e-06 7.29151e-06 7.2548e-06 7.10226e-06 6.81634e-06 6.37891e-06 5.78573e-06 5.05802e-06 4.24421e-06 3.41e-06 2.62129e-06 1.9287e-06 1.35973e-06 9.19547e-07 5.97107e-07 3.72547e-07 2.2343e-07 1.28834e-07 7.14348e-08 3.80922e-08 1.9538e-08 9.64126e-09 4.57811e-09 2.0922e-09 9.20254e-10 3.8955e-10 1.58666e-10 6.21662e-11 2.34235e-11 8.48547e-12 2.95507e-12 9.89293e-13 3.18424e-13 9.85662e-14 2.9354e-14 8.41482e-15 2.32339e-15 6.18281e-16 1.5869e-16 3.9313e-17 9.40764e-18 2.1763e-18 4.87061e-19 1.05538e-19 2.21573e-20 4.51055e-21 8.90946e-22 1.70876e-22 3.18428e-23 5.7693e-24 1.01915e-24 
7.43391e-25 3.68995e-25 1.62467e-24 1.01567e-23 6.22532e-23 3.69568e-22 2.12281e-21 1.17892e-20 6.32512e-20 3.27579e-19 1.63629e-18 7.87641e-18 3.65038e-17 1.62743e-16 6.97324e-16 2.86914e-15 1.13262e-14 4.28628e-14 1.5539e-13 5.39301e-13 1.79097e-12 5.68915e-12 1.72839e-11 5.02224e-11 1.39616e-10 3.71501e-10 9.46737e-10 2.31223e-09 5.41547e-09 1.2169e-08 2.62434e-08 5.43239e-08 1.07937e-07 2.05848e-07 3.76815e-07 6.62135e-07 1.117e-06 1.80916e-06 2.81304e-06 4.1975e-06 6.00632e-06 8.23374e-06 1.08025e-05 1.35573e-05 1.62866e-05 1.87704e-05 2.0838e-05 2.24044e-05 2.34705e-05 2.40902e-05 2.43236e-05 2.41984e-05 2.36938e-05 2.27516e-05 2.13113e-05 1.93583e-05 1.69606e-05 1.42753e-05 1.1516e-05 8.89784e-06 6.58754e-06 4.67779e-06 3.18925e-06 2.08944e-06 1.31614e-06 7.97322e-07 4.64601e-07 2.60416e-07 1.40419e-07 7.28462e-08 3.63643e-08 1.74699e-08 8.07745e-09 3.59417e-09 1.53876e-09 6.33654e-10 2.50889e-10 9.54782e-11 3.49142e-11 1.22662e-11 4.14033e-12 1.34291e-12 4.18682e-13 1.25529e-13 3.62132e-14 1.00586e-14 2.69195e-15 6.94676e-16 1.72991e-16 4.16047e-17 9.67126e-18 2.17467e-18 4.73387e-19 9.98348e-20 2.04134e-20 4.04979e-21 7.80073e-22 1.45988e-22 2.65626e-23 4.71244e-24 
3.34507e-24 1.72282e-24 7.6753e-24 4.77426e-23 2.91001e-22 1.71784e-21 9.81142e-21 5.41759e-20 2.88975e-19 1.48776e-18 7.38679e-18 3.53381e-17 1.62743e-16 7.20835e-16 3.06791e-15 1.25349e-14 4.91232e-14 1.84486e-13 6.63451e-13 2.28308e-12 7.51372e-12 2.36393e-11 7.10839e-11 2.04303e-10 5.6138e-10 1.47546e-09 3.71173e-09 8.94398e-09 2.06596e-08 4.57752e-08 9.7333e-08 1.98667e-07 3.89295e-07 7.32387e-07 1.32295e-06 2.29481e-06 3.82325e-06 6.11892e-06 9.40767e-06 1.38917e-05 1.96899e-05 2.67652e-05 3.48615e-05 4.34881e-05 5.19886e-05 5.96905e-05 6.60778e-05 7.0901e-05 7.41738e-05 7.60684e-05 7.67721e-05 7.63699e-05 7.47949e-05 7.1864e-05 6.73877e-05 6.13165e-05 5.3856e-05 4.54855e-05 3.68598e-05 2.86418e-05 2.13501e-05 1.52807e-05 1.05106e-05 6.95269e-06 4.42485e-06 2.70981e-06 1.59691e-06 9.05569e-07 4.94153e-07 2.59494e-07 1.31146e-07 6.37918e-08 2.98628e-08 1.34512e-08 5.82778e-09 2.42752e-09 9.71697e-10 3.73618e-10 1.3795e-10 4.89046e-11 1.66467e-11 5.44184e-12 1.7091e-12 5.15952e-13 1.49811e-13 4.1867e-14 1.12701e-14 2.92454e-15 7.32182e-16 1.77001e-16 4.13511e-17 9.34354e-18 2.04361e-18 4.33001e-19 8.89436e-20 1.77254e-20 3.42956e-21 6.44678e-22 1.17816e-22 2.09948e-23 
1.45006e-23 7.75361e-24 3.49236e-23 2.161e-22 1.30959e-21 7.68587e-21 4.36399e-20 2.39535e-19 1.26999e-18 6.49838e-18 3.20634e-17 1.52412e-16 6.97324e-16 3.06791e-15 1.29666e-14 5.25988e-14 2.04587e-13 7.62325e-13 2.71891e-12 9.27502e-12 3.02428e-11 9.42138e-11 2.80333e-10 7.96687e-10 2.16299e-09 5.61288e-09 1.39312e-08 3.31004e-08 7.53547e-08 1.64503e-07 3.44592e-07 6.92929e-07 1.33792e-06 2.48081e-06 4.41812e-06 7.55881e-06 1.24267e-05 1.96365e-05 2.98288e-05 4.35551e-05 6.11068e-05 8.23147e-05 0.000106378 0.000131838 0.00015678 0.00017927 0.000197848 0.000211829 0.000221286 0.000226737 0.000228733 0.000227519 0.000222893 0.000214312 0.000201216 0.000183446 0.000161584 0.000137001 0.000111583 8.72531e-05 6.55304e-05 4.73081e-05 3.28547e-05 2.19616e-05 1.41334e-05 8.75713e-06 5.22368e-06 2.99949e-06 1.65786e-06 8.82023e-07 4.51691e-07 2.22641e-07 1.05605e-07 4.81858e-08 2.11393e-08 8.91141e-09 3.60776e-09 1.40203e-09 5.22844e-10 1.87078e-10 6.4231e-11 2.11666e-11 6.69781e-12 2.03626e-12 5.95183e-13 1.67383e-13 4.53282e-14 1.18301e-14 2.97816e-15 7.23807e-16 1.69975e-16 3.86015e-17 8.48473e-18 1.80649e-18 3.7285e-19 7.46551e-20 1.45119e-20 2.74051e-21 5.03128e-22 9.0074e-23 
6.05287e-23 3.36193e-23 1.52966e-22 9.41349e-22 5.67058e-21 3.30788e-20 1.86672e-19 1.01829e-18 5.36495e-18 2.72769e-17 1.33712e-16 6.31385e-16 2.86914e-15 1.25349e-14 5.25988e-14 2.11778e-13 8.17354e-13 3.02099e-12 1.06833e-11 3.61178e-11 1.16651e-10 3.5973e-10 1.05884e-09 2.9745e-09 7.97633e-09 2.04269e-08 4.99956e-08 1.17057e-07 2.62451e-07 5.64047e-07 1.16296e-06 2.30176e-06 4.37497e-06 7.98767e-06 1.40118e-05 2.3622e-05 3.82859e-05 5.9679e-05 8.94922e-05 0.00012911 0.000179157 0.000238985 0.000306246 0.000376864 0.00044561 0.000507282 0.000558009 0.000596047 0.000621689 0.000636406 0.00064172 0.000638288 0.000625539 0.000601967 0.000566006 0.000517181 0.000457016 0.000389188 0.000318783 0.000251023 0.000190096 0.00013854 9.72285e-05 6.57337e-05 4.28158e-05 2.68657e-05 1.62365e-05 9.44949e-06 5.29527e-06 2.85691e-06 1.48386e-06 7.4181e-07 3.56808e-07 1.65038e-07 7.33584e-08 3.13129e-08 1.28268e-08 5.03982e-09 1.89878e-09 6.85894e-10 2.37585e-10 7.89417e-11 2.5173e-11 7.70869e-12 2.26865e-12 6.42166e-13 1.74983e-13 4.59409e-14 1.16319e-14 2.84274e-15 6.71191e-16 1.53234e-16 3.38558e-17 7.24492e-18 1.5028e-18 3.0239e-19 5.90673e-20 1.12085e-20 2.06763e-21 3.71963e-22 
2.43201e-22 1.40377e-22 6.44634e-22 3.94427e-21 2.36117e-20 1.36868e-19 7.67449e-19 4.15933e-18 2.17702e-17 1.09948e-16 5.35313e-16 2.51023e-15 1.13262e-14 4.91232e-14 2.04587e-13 8.17354e-13 3.12925e-12 1.14691e-11 4.0203e-11 1.34662e-10 4.30674e-10 1.31431e-09 3.82571e-09 1.06198e-08 2.81162e-08 7.10279e-08 1.71338e-07 3.95064e-07 8.7171e-07 1.84279e-06 3.73625e-06 7.27128e-06 1.3591e-05 2.44076e-05 4.21287e-05 6.99141e-05 0.000111602 0.00017144 0.000253546 0.000361085 0.000495152 0.00065355 0.000829849 0.00101339 0.00119085 0.00134915 0.00147877 0.0015756 0.00164065 0.00167782 0.00169104 0.00168199 0.00164914 0.00158857 0.00149619 0.00137065 0.00121565 0.00104036 0.000857579 0.000680559 0.000520108 0.000383002 0.000271886 0.000186095 0.000122805 7.81147e-05 4.788e-05 2.82725e-05 1.60796e-05 8.80661e-06 4.64378e-06 2.35671e-06 1.15046e-06 5.39824e-07 2.43265e-07 1.05195e-07 4.36191e-08 1.7334e-08 6.59986e-09 2.40749e-09 8.41542e-10 2.81997e-10 9.06402e-11 2.79649e-11 8.28845e-12 2.36199e-12 6.47779e-13 1.71129e-13 4.35889e-14 1.07149e-14 2.54423e-15 5.84078e-16 1.29749e-16 2.79139e-17 5.82061e-18 1.17729e-18 2.31147e-19 4.40847e-20 8.1732e-21 1.47785e-21 
9.40286e-22 5.64225e-22 2.61266e-21 1.58893e-20 9.44987e-20 5.44154e-19 3.03079e-18 1.63146e-17 8.48037e-17 4.25297e-16 2.05593e-15 9.57079e-15 4.28628e-14 1.84486e-13 7.62325e-13 3.02099e-12 1.14691e-11 4.16694e-11 1.44736e-10 4.80161e-10 1.52013e-09 4.58934e-09 1.3206e-08 3.62105e-08 9.4614e-08 2.35668e-07 5.60002e-07 1.27079e-06 2.75744e-06 5.72889e-06 1.14109e-05 2.18129e-05 4.00495e-05 7.06666e-05 0.000119883 0.000195627 0.000307223 0.00046461 0.000676974 0.000950771 0.00128722 0.00167967 0.00211167 0.00255729 0.00298489 0.00336404 0.00367296 0.0039028 0.00405663 0.00414415 0.00417484 0.00415261 0.00407373 0.00392869 0.00370746 0.00340642 0.00303384 0.00261089 0.0021675 0.00173499 0.00133937 0.000997577 0.000717052 0.000497409 0.000332915 0.000214906 0.000133747 8.02193e-05 4.63562e-05 2.58016e-05 1.38272e-05 7.13058e-06 3.53581e-06 1.68429e-06 7.69969e-07 3.37479e-07 1.4171e-07 5.69778e-08 2.19307e-08 8.08083e-09 2.85124e-09 9.63835e-10 3.12353e-10 9.71194e-11 2.89976e-11 8.32184e-12 2.29771e-12 6.10963e-13 1.56604e-13 3.87322e-14 9.25196e-15 2.13641e-15 4.77316e-16 1.03268e-16 2.16533e-17 4.40365e-18 8.69284e-19 1.66678e-19 3.10655e-20 5.64729e-21 
3.49743e-21 2.1823e-21 1.018e-20 6.15182e-20 3.63368e-19 2.0779e-18 1.1492e-17 6.14196e-17 3.16949e-16 1.57781e-15 7.57005e-15 3.49704e-14 1.5539e-13 6.63451e-13 2.71891e-12 1.06833e-11 4.0203e-11 1.44736e-10 4.97955e-10 1.63553e-09 5.12361e-09 1.52967e-08 4.34973e-08 1.17764e-07 3.03549e-07 7.45149e-07 1.74325e-06 3.8908e-06 8.29604e-06 1.69244e-05 3.30837e-05 6.20508e-05 0.00011178 0.000193553 0.000322337 0.000516592 0.000797228 0.00118555 0.00170005 0.00235211 0.00314084 0.00404798 0.00503448 0.00604177 0.00700034 0.00784466 0.00852894 0.00903584 0.00937383 0.00956525 0.00963139 0.00958084 0.00940506 0.00908252 0.00859037 0.00791954 0.0070868 0.00613726 0.00513555 0.00415031 0.0032397 0.0024432 0.0017802 0.00125299 0.000851559 0.000558532 0.000353361 0.000215541 0.000126708 7.17557e-05 3.9124e-05 2.05222e-05 1.03458e-05 5.00679e-06 2.32332e-06 1.03267e-06 4.39311e-07 1.7878e-07 6.95867e-08 2.59084e-08 9.23047e-09 3.14868e-09 1.02915e-09 3.2259e-10 9.70624e-11 2.80614e-11 7.80309e-12 2.08912e-12 5.39064e-13 1.34191e-13 3.22577e-14 7.49503e-15 1.68474e-15 3.6668e-16 7.73384e-17 1.58197e-17 3.14071e-18 6.0561e-19 1.13504e-19 2.07503e-20 
1.25132e-20 8.12024e-21 3.81237e-20 2.2884e-19 1.34201e-18 7.61837e-18 4.18226e-17 2.21843e-16 1.13604e-15 5.61131e-15 2.67085e-14 1.22382e-13 5.39301e-13 2.28308e-12 9.27502e-12 3.61178e-11 1.34662e-10 4.80161e-10 1.63553e-09 5.31602e-09 1.64716e-08 4.86096e-08 1.36534e-07 3.64829e-07 9.27262e-07 2.2422e-06 5.16156e-06 1.13234e-05 2.37074e-05 4.74479e-05 9.09341e-05 0.000167149 0.000295068 0.000500748 0.000817598 0.00128526 0.00194667 0.00284319 0.00400771 0.0054562 0.00717829 0.00912846 0.0112209 0.0133336 0.0153257 0.0170676 0.0184711 0.019506 0.0201933 0.0205808 0.0207128 0.0206067 0.0202445 0.0195811 0.018568 0.017184 0.0154597 0.0134832 0.0113827 0.00929687 0.00734615 0.00561598 0.004153 0.00296955 0.00205188 0.00136918 0.000881722 0.000547674 0.000327943 0.000189191 0.000105071 5.61164e-05 2.87859e-05 1.41631e-05 6.67519e-06 3.01034e-06 1.29798e-06 5.34849e-07 2.106e-07 7.92578e-08 2.85226e-08 9.82187e-09 3.23907e-09 1.02394e-09 3.10594e-10 9.04964e-11 2.53542e-11 6.83764e-12 1.77686e-12 4.45378e-13 1.07786e-13 2.52096e-14 5.7034e-15 1.24924e-15 2.65133e-16 5.45677e-17 1.08991e-17 2.1142e-18 3.98583e-19 7.33012e-20 
4.30623e-20 2.90628e-20 1.37194e-19 8.17725e-19 4.75951e-18 2.68124e-17 1.46047e-16 7.68547e-16 3.90386e-15 1.91236e-14 9.02582e-14 4.10024e-13 1.79097e-12 7.51372e-12 3.02428e-11 1.16651e-10 4.30674e-10 1.52013e-09 5.12361e-09 1.64716e-08 5.04535e-08 1.47103e-07 4.07925e-07 1.07526e-06 2.69347e-06 6.41236e-06 1.45168e-05 3.12833e-05 6.42642e-05 0.000126071 0.000236641 0.000425802 0.000735657 0.00122196 0.00195343 0.00300799 0.00446555 0.00639747 0.00885337 0.0118463 0.0153378 0.0192248 0.0233338 0.0274309 0.0312551 0.034572 0.0372278 0.0391763 0.0404649 0.0411881 0.0414311 0.0412265 0.0405392 0.039282 0.0373598 0.0347267 0.0314316 0.0276304 0.0235561 0.0194656 0.0155883 0.012095 0.0090891 0.00661095 0.00465049 0.00316132 0.0020751 0.00131434 0.000802729 0.000472356 0.000267514 0.00014562 7.60731e-05 3.80804e-05 1.82397e-05 8.35002e-06 3.65076e-06 1.52386e-06 6.07257e-07 2.31105e-07 8.40442e-08 2.92285e-08 9.72984e-09 3.10346e-09 9.49493e-10 2.78946e-10 7.87791e-11 2.1411e-11 5.6061e-12 1.41558e-12 3.45059e-13 8.12743e-14 1.85147e-14 4.08288e-15 8.72307e-16 1.80706e-16 3.63254e-17 7.09089e-18 1.34514e-18 2.4893e-19 
1.4254e-19 1.00037e-19 4.7437e-19 2.80658e-18 1.62074e-17 9.05722e-17 4.89309e-16 2.55338e-15 1.28592e-14 6.24431e-14 2.92083e-13 1.31476e-12 5.68915e-12 2.36393e-11 9.42138e-11 3.5973e-10 1.31431e-09 4.58934e-09 1.52967e-08 4.86096e-08 1.47103e-07 4.2349e-07 1.15875e-06 3.01142e-06 7.43044e-06 1.74067e-05 3.87316e-05 8.19358e-05 0.000165032 0.000317071 0.000582323 0.00102452 0.00173016 0.00280906 0.00439049 0.00661322 0.00960978 0.0134862 0.0182998 0.0240365 0.030591 0.0377517 0.0451976 0.0525194 0.0592765 0.065085 0.0697033 0.0730732 0.0752921 0.0765319 0.0769429 0.0765821 0.0753862 0.0732004 0.0698525 0.0652501 0.0594602 0.0527307 0.0454454 0.0380379 0.0309085 0.0243714 0.0186354 0.0138065 0.00990127 0.00686655 0.00460077 0.00297575 0.00185628 0.00111558 0.000645011 0.000358206 0.000190731 9.72032e-05 4.73436e-05 2.20129e-05 9.76393e-06 4.1304e-06 1.6666e-06 6.41708e-07 2.35945e-07 8.2915e-08 2.78768e-08 8.97656e-09 2.77158e-09 8.21467e-10 2.33989e-10 6.41254e-11 1.69265e-11 4.30791e-12 1.0582e-12 2.5113e-13 5.76316e-14 1.28009e-14 2.75429e-15 5.74534e-16 1.16278e-16 2.28493e-17 4.36285e-18 8.12701e-19 
4.53857e-19 3.31136e-19 1.57585e-18 9.2518e-18 5.29908e-17 2.9365e-16 1.57281e-15 8.13535e-15 4.06019e-14 1.95338e-13 9.05064e-13 4.03445e-12 1.72839e-11 7.10839e-11 2.80333e-10 1.05884e-09 3.82571e-09 1.3206e-08 4.34973e-08 1.36534e-07 4.07925e-07 1.15875e-06 3.12639e-06 8.00554e-06 1.94451e-05 4.47965e-05 9.79096e-05 0.0002032 0.000401004 0.000753927 0.00135349 0.0023258 0.00383432 0.0060767 0.00927295 0.0136435 0.0193787 0.0266051 0.0353525 0.0455266 0.0568889 0.0690468 0.0814597 0.0934779 0.10443 0.113751 0.121104 0.126439 0.129935 0.13188 0.132517 0.131937 0.130037 0.126564 0.121232 0.113869 0.104548 0.0936188 0.0816485 0.0692994 0.0572066 0.0458976 0.0357574 0.0270211 0.0197831 0.0140168 0.00960059 0.00635022 0.00405153 0.00248987 0.00147134 0.000834403 0.000453192 0.000235298 0.000116606 5.50957e-05 2.48058e-05 1.06405e-05 4.3497e-06 1.69547e-06 6.30669e-07 2.24089e-07 7.61412e-08 2.47683e-08 7.72266e-09 2.3107e-09 6.64263e-10 1.83675e-10 4.89058e-11 1.25526e-11 3.10899e-12 7.43779e-13 1.72034e-13 3.85057e-14 8.34724e-15 1.75398e-15 3.57525e-16 7.07477e-17 1.36011e-17 2.55102e-18 
1.3902e-18 1.05399e-18 5.0294e-18 2.92923e-17 1.66355e-16 9.13837e-16 4.85078e-15 2.48596e-14 1.22895e-13 5.85501e-13 2.68566e-12 1.18485e-11 5.02224e-11 2.04303e-10 7.96687e-10 2.9745e-09 1.06198e-08 3.62105e-08 1.17764e-07 3.64829e-07 1.07526e-06 3.01142e-06 8.00554e-06 2.01829e-05 4.82252e-05 0.00010918 0.000234247 0.000476626 0.000920943 0.00169305 0.00296844 0.00497692 0.00800049 0.0123605 0.0183902 0.0263936 0.0365938 0.0490848 0.0637921 0.0804503 0.0985956 0.117572 0.136558 0.154626 0.170859 0.184521 0.195208 0.20291 0.207933 0.210714 0.211617 0.210771 0.208025 0.203001 0.195262 0.184522 0.170819 0.154585 0.136564 0.117663 0.0987886 0.0807453 0.0641742 0.0495297 0.0370719 0.0268735 0.0188434 0.0127641 0.00834028 0.00524756 0.00317256 0.00183884 0.0010195 0.000539616 0.000272251 0.0001308 5.98127e-05 2.6033e-05 1.07886e-05 4.26014e-06 1.60432e-06 5.76803e-07 1.98216e-07 6.51854e-08 2.05397e-08 6.20868e-09 1.80256e-09 5.03233e-10 1.35247e-10 3.503e-11 8.75295e-12 2.11204e-12 4.92604e-13 1.11156e-13 2.42874e-14 5.14282e-15 1.05617e-15 2.10524e-16 4.07613e-17 7.69979e-18 
4.09668e-18 3.22557e-18 1.54207e-17 8.90767e-17 5.01472e-16 2.72996e-15 1.43566e-14 7.2871e-14 3.5668e-13 1.68196e-12 7.63377e-12 3.3312e-11 1.39616e-10 5.6138e-10 2.16299e-09 7.97633e-09 2.81162e-08 9.4614e-08 3.03549e-07 9.27262e-07 2.69347e-06 7.43044e-06 1.94451e-05 4.82252e-05 0.000113261 0.000251799 0.000529928 0.00105639 0.00199717 0.00358755 0.00613823 0.010032 0.0157081 0.0236302 0.0342352 0.0478659 0.0646992 0.0846872 0.107528 0.132663 0.159308 0.186484 0.21307 0.23789 0.25984 0.278084 0.292219 0.302333 0.308895 0.312513 0.313678 0.312563 0.308963 0.302367 0.292165 0.277915 0.259571 0.237573 0.212776 0.186273 0.159223 0.132723 0.107734 0.0850277 0.0651461 0.0483818 0.0347772 0.0241569 0.0161853 0.0104372 0.00646176 0.0038309 0.00216962 0.00117144 0.000602101 0.000294333 0.000136799 6.04584e-05 2.54208e-05 1.01772e-05 3.88344e-06 1.41398e-06 4.91857e-07 1.63662e-07 5.21579e-08 1.59403e-08 4.6774e-09 1.31935e-09 3.58144e-10 9.36643e-11 2.36245e-11 5.75255e-12 1.35358e-12 3.08054e-13 6.78688e-14 1.44869e-14 2.99838e-15 6.02191e-16 1.17453e-16 2.23501e-17 
1.16141e-17 9.4897e-18 4.54192e-17 2.60166e-16 1.45161e-15 7.82962e-15 4.07821e-14 2.04954e-13 9.929e-13 4.63236e-12 2.07929e-11 8.96998e-11 3.71501e-10 1.47546e-09 5.61288e-09 2.04269e-08 7.10279e-08 2.35668e-07 7.45149e-07 2.2422e-06 6.41236e-06 1.74067e-05 4.47965e-05 0.00010918 0.000251799 0.000549224 0.0011329 0.00221097 0.00408699 0.00716867 0.011961 0.0190409 0.0290148 0.0424573 0.0598329 0.0814057 0.107157 0.136736 0.169463 0.204377 0.24031 0.275969 0.310008 0.341116 0.368148 0.390304 0.407287 0.419345 0.427123 0.431394 0.432762 0.431437 0.427167 0.419325 0.407134 0.389976 0.367655 0.340514 0.309375 0.275382 0.239831 0.204052 0.169324 0.136796 0.107409 0.0818204 0.0603636 0.0430464 0.0296048 0.0195843 0.0124261 0.00754057 0.0043653 0.00240593 0.00126067 0.00062753 0.000296683 0.000133259 5.69011e-05 2.31185e-05 8.94718e-06 3.30233e-06 1.16389e-06 3.92208e-07 1.26531e-07 3.9129e-08 1.16135e-08 3.31209e-09 9.08701e-10 2.40103e-10 6.11635e-11 1.50365e-11 3.5709e-12 8.19958e-13 1.82209e-13 3.92177e-14 8.18233e-15 1.65612e-15 3.25447e-16 6.23948e-17 
3.16737e-17 2.6833e-17 1.28486e-16 7.29748e-16 4.03497e-15 2.15597e-14 1.11205e-13 5.53213e-13 2.65181e-12 1.22363e-11 5.42974e-11 2.31454e-10 9.46737e-10 3.71173e-09 1.39312e-08 4.99956e-08 1.71338e-07 5.60002e-07 1.74325e-06 5.16156e-06 1.45168e-05 3.87316e-05 9.79096e-05 0.000234247 0.000529928 0.0011329 0.00228831 0.00436847 0.00788979 0.0135043 0.0219592 0.0340289 0.0504297 0.0717277 0.0982438 0.129963 0.166469 0.206935 0.250184 0.294807 0.339296 0.382155 0.421984 0.457541 0.487843 0.512296 0.53082 0.543856 0.552213 0.556785 0.558244 0.556825 0.552251 0.543818 0.530627 0.511898 0.487233 0.456761 0.421101 0.381243 0.338423 0.29404 0.249586 0.206558 0.166347 0.130097 0.0986033 0.0722534 0.0510483 0.0346675 0.0225574 0.0140201 0.00830182 0.00467397 0.00249874 0.00126765 0.00061023 0.000278849 0.000121045 4.99639e-05 1.96332e-05 7.35341e-06 2.62853e-06 8.97903e-07 2.93498e-07 9.19164e-08 2.76143e-08 7.96806e-09 2.21082e-09 5.90501e-10 1.51993e-10 3.77403e-11 9.04893e-12 2.09705e-12 4.70142e-13 1.02055e-13 2.14678e-14 4.37951e-15 8.672e-16 1.67526e-16 
8.30768e-17 7.28969e-17 3.49015e-16 1.96539e-15 1.07687e-14 5.69965e-14 2.91095e-13 1.43325e-12 6.79661e-12 3.10106e-11 1.35995e-10 5.72611e-10 2.31223e-09 8.94398e-09 3.31004e-08 1.17057e-07 3.95064e-07 1.27079e-06 3.8908e-06 1.13234e-05 3.12833e-05 8.19358e-05 0.0002032 0.000476626 0.00105639 0.00221097 0.00436847 0.00815018 0.0143708 0.0239872 0.0379941 0.057288 0.082533 0.114054 0.151761 0.19511 0.243089 0.294286 0.34702 0.399526 0.450125 0.49734 0.539961 0.577052 0.607991 0.632532 0.650878 0.663665 0.671808 0.676245 0.67766 0.676293 0.671865 0.66366 0.650735 0.632192 0.607433 0.576291 0.539032 0.496291 0.449008 0.39841 0.345985 0.293422 0.242478 0.194803 0.151768 0.11434 0.0830322 0.0579161 0.0386658 0.024628 0.0149263 0.00859113 0.00469029 0.00242756 0.00119118 0.000554412 0.000244953 0.000102842 4.10784e-05 1.56298e-05 5.67226e-06 1.96605e-06 6.51685e-07 2.06844e-07 6.29445e-08 1.8387e-08 5.16194e-09 1.39431e-09 3.62767e-10 9.10062e-11 2.20359e-11 5.15494e-12 1.16615e-12 2.55334e-13 5.41569e-14 1.11364e-14 2.22207e-15 4.32542e-16 
2.09506e-16 1.90191e-16 9.10011e-16 5.08098e-15 2.75879e-14 1.44639e-13 7.31426e-13 3.56414e-12 1.67189e-11 7.54188e-11 3.26815e-10 1.3589e-09 5.41547e-09 2.06596e-08 7.53547e-08 2.62451e-07 8.7171e-07 2.75744e-06 8.29604e-06 2.37074e-05 6.42642e-05 0.000165032 0.000401004 0.000920943 0.00199717 0.00408699 0.00788979 0.0143708 0.0247174 0.0402077 0.0620068 0.0909452 0.12735 0.170973 0.221004 0.276139 0.334676 0.394659 0.454067 0.511026 0.56397 0.611725 0.653511 0.688887 0.717712 0.740148 0.756677 0.768075 0.775281 0.779191 0.780441 0.779252 0.775372 0.768141 0.756653 0.739978 0.717362 0.688344 0.652773 0.610797 0.562868 0.509792 0.452777 0.393415 0.333596 0.275326 0.220523 0.170843 0.127543 0.0913982 0.0626315 0.0409041 0.0253921 0.0149543 0.008346 0.00441207 0.00220955 0.00104879 0.000472235 0.000201913 8.20762e-05 3.17588e-05 1.17131e-05 4.12295e-06 1.38691e-06 4.46434e-07 1.37684e-07 4.07354e-08 1.15756e-08 3.16303e-09 8.32032e-10 2.10924e-10 5.15837e-11 1.21824e-11 2.781e-12 6.14211e-13 1.3136e-13 2.7227e-14 5.47427e-15 1.07373e-15 
5.07788e-16 4.76315e-16 2.27655e-15 1.26039e-14 6.78209e-14 3.52243e-13 1.76378e-12 8.5063e-12 3.94713e-11 1.76035e-10 7.53713e-10 3.09456e-09 1.2169e-08 4.57752e-08 1.64503e-07 5.64047e-07 1.84279e-06 5.72889e-06 1.69244e-05 4.74479e-05 0.000126071 0.000317071 0.000753927 0.00169305 0.00358755 0.00716867 0.0135043 0.0239872 0.0402077 0.0636988 0.095604 0.136378 0.185635 0.242191 0.304253 0.369662 0.43611 0.501337 0.563314 0.620414 0.671508 0.715971 0.75361 0.784547 0.809125 0.827864 0.84145 0.850708 0.856514 0.859651 0.860659 0.859724 0.856639 0.850849 0.841561 0.827903 0.809055 0.784336 0.753227 0.71538 0.670682 0.619352 0.562053 0.499962 0.434739 0.368422 0.303259 0.241528 0.185348 0.136465 0.0960121 0.0643278 0.0409326 0.0246904 0.0141026 0.00762433 0.00390198 0.00189135 0.000868992 0.000378841 0.00015689 6.17976e-05 2.31818e-05 8.29271e-06 2.83267e-06 9.25163e-07 2.89288e-07 8.67133e-08 2.49473e-08 6.89714e-09 1.83454e-09 4.69986e-10 1.16095e-10 2.76797e-11 6.37617e-12 1.42044e-12 3.06297e-13 6.39882e-14 1.2963e-14 2.56179e-15 
1.18236e-15 1.14445e-15 5.46172e-15 2.99866e-14 1.59928e-13 8.2293e-13 4.08066e-12 1.94797e-11 8.94225e-11 3.94313e-10 1.66823e-09 6.76338e-09 2.62434e-08 9.7333e-08 3.44592e-07 1.16296e-06 3.73625e-06 1.14109e-05 3.30837e-05 9.09341e-05 0.000236641 0.000582323 0.00135349 0.00296844 0.00613823 0.011961 0.0219592 0.0379941 0.0620068 0.095604 0.139596 0.193669 0.256334 0.325192 0.397374 0.46998 0.54039 0.606438 0.666509 0.71958 0.76521 0.80345 0.834711 0.85961 0.878862 0.893215 0.90344 0.910318 0.914593 0.916892 0.917636 0.916968 0.914734 0.910506 0.903652 0.893424 0.879041 0.859726 0.834717 0.803289 0.764822 0.718919 0.665562 0.605237 0.539011 0.468532 0.395985 0.324001 0.25547 0.193229 0.139607 0.0960061 0.0626694 0.0387572 0.0226831 0.0125574 0.00657615 0.00325919 0.00152981 0.000680724 0.000287472 0.000115356 4.40416e-05 1.60194e-05 5.55873e-06 1.84265e-06 5.84293e-07 1.77466e-07 5.16958e-08 1.44611e-08 3.88934e-09 1.00691e-09 2.5121e-10 6.04616e-11 1.4053e-11 3.15745e-12 6.86417e-13 1.44517e-13 2.94956e-14 5.87244e-15 
2.64365e-15 2.63678e-15 1.25602e-14 6.83947e-14 3.61595e-13 1.84366e-12 9.05481e-12 4.27906e-11 1.94358e-10 8.47488e-10 3.54335e-09 1.4187e-08 5.43239e-08 1.98667e-07 6.92929e-07 2.30176e-06 7.27128e-06 2.18129e-05 6.20508e-05 0.000167149 0.000425802 0.00102452 0.0023258 0.00497692 0.010032 0.0190409 0.0340289 0.057288 0.0909452 0.136378 0.193669 0.261337 0.336511 0.415496 0.494495 0.570208 0.640147 0.702694 0.757015 0.802937 0.840802 0.871308 0.895348 0.913872 0.927786 0.937911 0.944988 0.94968 0.952569 0.954115 0.954619 0.954184 0.952704 0.949877 0.94524 0.938209 0.928117 0.914214 0.89566 0.871532 0.840868 0.802772 0.756559 0.701915 0.63905 0.568836 0.492943 0.413915 0.335098 0.260295 0.193142 0.136394 0.0914065 0.0580167 0.0348321 0.0197695 0.0106062 0.00538048 0.00258256 0.0011739 0.00050586 0.000206904 8.04286e-05 2.97541e-05 1.04903e-05 3.52973e-06 1.13507e-06 3.49323e-07 1.03026e-07 2.9158e-08 7.92879e-09 2.0741e-09 5.2256e-10 1.26945e-10 2.97672e-11 6.74447e-12 1.47799e-12 3.13555e-13 6.44652e-14 1.29288e-14 
5.67368e-15 5.82251e-15 2.76751e-14 1.49488e-13 7.83576e-13 3.95949e-12 1.92639e-11 9.01386e-11 4.05167e-10 1.74738e-09 7.22129e-09 2.8559e-08 1.07937e-07 3.89295e-07 1.33792e-06 4.37497e-06 1.3591e-05 4.00495e-05 0.00011178 0.000295068 0.000735657 0.00173016 0.00383432 0.00800049 0.0157081 0.0290148 0.0504297 0.082533 0.12735 0.185635 0.256334 0.336511 0.421844 0.507529 0.589239 0.663764 0.729223 0.784907 0.830977 0.868158 0.897496 0.920175 0.937375 0.950173 0.959494 0.966105 0.97063 0.973584 0.975383 0.976341 0.976656 0.976396 0.975495 0.973756 0.970866 0.96641 0.959868 0.950608 0.93785 0.92065 0.89791 0.868437 0.831037 0.784665 0.728605 0.662727 0.587798 0.505797 0.420037 0.334916 0.255217 0.185146 0.127473 0.0831099 0.0512364 0.0298424 0.0164169 0.00853128 0.00419012 0.00194659 0.00085626 0.000357061 0.000141339 5.3183e-05 1.90508e-05 6.50616e-06 2.12153e-06 6.61483e-07 1.97494e-07 5.65398e-08 1.55418e-08 4.10728e-09 1.04483e-09 2.56145e-10 6.05848e-11 1.38402e-11 3.05677e-12 6.53352e-13 1.35289e-13 2.73275e-14 
1.1683e-14 1.23172e-14 5.8402e-14 3.12981e-13 1.62686e-12 8.14883e-12 3.92823e-11 1.82035e-10 8.09927e-10 3.45556e-09 1.41188e-08 5.51676e-08 2.05848e-07 7.32387e-07 2.48081e-06 7.98767e-06 2.44076e-05 7.06666e-05 0.000193553 0.000500748 0.00122196 0.00280906 0.0060767 0.0123605 0.0236302 0.0424573 0.0717277 0.114054 0.170973 0.242191 0.325192 0.415496 0.507529 0.595827 0.676081 0.745693 0.803758 0.850651 0.88752 0.915853 0.937197 0.952995 0.964502 0.972754 0.978572 0.982586 0.985272 0.986996 0.988034 0.988583 0.988765 0.988622 0.988115 0.987127 0.985461 0.982843 0.978908 0.973175 0.965004 0.953564 0.937798 0.916429 0.887991 0.850911 0.803679 0.745147 0.674985 0.594211 0.505572 0.413512 0.323541 0.241152 0.17065 0.114357 0.0724386 0.0433247 0.024452 0.0130222 0.00654642 0.00310879 0.00139599 0.000593483 0.000239201 9.15353e-05 3.33083e-05 1.15434e-05 3.81598e-06 1.20515e-06 3.64158e-07 1.05435e-07 2.92907e-08 7.81836e-09 2.00769e-09 4.966e-10 1.18454e-10 2.72779e-11 6.0708e-12 1.30704e-12 2.7254e-13 5.54368e-14 
2.30722e-14 2.49509e-14 1.17991e-13 6.27481e-13 3.23514e-12 1.60667e-11 7.67594e-11 3.52364e-10 1.55225e-09 6.55349e-09 2.64805e-08 1.02258e-07 3.76815e-07 1.32295e-06 4.41812e-06 1.40118e-05 4.21287e-05 0.000119883 0.000322337 0.000817598 0.00195343 0.00439049 0.00927295 0.0183902 0.0342352 0.0598329 0.0982438 0.151761 0.221004 0.304253 0.397374 0.494495 0.589239 0.676081 0.751317 0.813374 0.862496 0.900103 0.928139 0.9486 0.963274 0.973646 0.980885 0.985879 0.989279 0.991556 0.993044 0.993981 0.994538 0.994831 0.994929 0.994856 0.994592 0.99407 0.993177 0.991745 0.989538 0.986222 0.981324 0.974186 0.963909 0.949302 0.928853 0.900729 0.862887 0.813348 0.750706 0.674809 0.587397 0.492359 0.39534 0.302704 0.220179 0.151683 0.0987474 0.0606573 0.0351264 0.0191717 0.00986425 0.00478777 0.00219432 0.000950846 0.000390108 0.000151775 5.60864e-05 1.97186e-05 6.60648e-06 2.11272e-06 6.4592e-07 1.89079e-07 5.30728e-08 1.43046e-08 3.70713e-09 9.2493e-10 2.22442e-10 5.16248e-11 1.15747e-11 2.50969e-12 5.26856e-13 1.07896e-13 
