0.00522021 0.00525892 0.00538236 0.00559116 0.00588598 0.00626765 0.0067372 0.00729579 0.00794468 0.00868516 0.00951846 0.0104458 0.011468 0.012586 0.0138001 0.0151103 0.0165162 0.0180168 0.0196104 0.0212948 0.0230669 0.0249231 0.0268585 0.0288679 0.0309448 0.0330821 0.0352719 0.0375051 0.0397723 0.042063 0.0443662 0.0466701 0.0489627 0.0512313 0.053463 0.0556446 0.0577629 0.0598048 0.0617572 0.0636075 0.0653435 0.0669533 0.068426 0.0697514 0.0709202 0.0719242 0.0727561 0.07341 0.0738812 0.0741662 0.074263 0.074171 0.0738908 0.0734245 0.0727755 0.0719485 0.0709495 0.0697857 0.0684653 0.0669976 0.0653928 0.0636619 0.0618167 0.0598692 0.0578323 0.0557188 0.0535419 0.0513148 0.0490506 0.0467622 0.0444621 0.0421625 0.0398751 0.0376107 0.0353799 0.0331922 0.0310564 0.0289805 0.0269716 0.0250361 0.0231794 0.0214061 0.01972 0.0181241 0.0166206 0.0152113 0.0138972 0.0126787 0.0115558 0.0105281 0.00959505 0.00875554 0.00800851 0.00735275 0.00678701 0.00631008 0.00592083 0.0056183 0.00540166 0.00527059 
0.00525892 0.00529795 0.0054223 0.00563266 0.00592964 0.00631411 0.0067871 0.00734977 0.00800338 0.00874923 0.00958856 0.0105225 0.0115521 0.0126781 0.0139008 0.0152204 0.0166362 0.0181473 0.0197521 0.0214483 0.0232327 0.0251017 0.0270504 0.0290735 0.0311646 0.0333164 0.0355209 0.0377692 0.0400515 0.0423574 0.0446758 0.046995 0.0493026 0.0515859 0.0538321 0.0560278 0.0581598 0.0602147 0.0621797 0.0640418 0.0657887 0.0674087 0.0688907 0.0702245 0.0714006 0.0724108 0.0732479 0.0739059 0.07438 0.0746667 0.0747642 0.0746715 0.0743895 0.0739203 0.0732672 0.0724349 0.0714296 0.0702584 0.0689296 0.0674526 0.0658376 0.0640957 0.0622387 0.0602787 0.0582286 0.0561015 0.0539105 0.051669 0.04939 0.0470865 0.0447713 0.0424565 0.0401538 0.0378744 0.0356286 0.0334262 0.0312759 0.0291859 0.0271633 0.0252146 0.0233451 0.0215595 0.0198616 0.0182546 0.0167406 0.0153214 0.013998 0.0127708 0.01164 0.010605 0.00966521 0.00881969 0.00806729 0.00740681 0.00683698 0.00635661 0.00596456 0.00565984 0.00544165 0.00530964 
0.00538236 0.0054223 0.00554945 0.00576447 0.00606801 0.00646093 0.00694426 0.0075192 0.00818701 0.00894898 0.00980639 0.0107604 0.011812 0.0129618 0.0142104 0.0155576 0.017003 0.0185456 0.0201835 0.0219145 0.0237354 0.0256423 0.0276304 0.029694 0.0318268 0.0340213 0.0362692 0.0385615 0.0408882 0.0432388 0.0456018 0.0479654 0.0503169 0.0526436 0.0549321 0.0571689 0.0593407 0.0614339 0.0634352 0.0653316 0.0671106 0.0687603 0.0702693 0.0716273 0.0728247 0.0738532 0.0747054 0.0753751 0.0758577 0.0761495 0.0762486 0.0761541 0.0758669 0.075389 0.074724 0.0738766 0.0728529 0.0716602 0.0703071 0.068803 0.0671583 0.0653842 0.0634927 0.0614964 0.0594081 0.0572411 0.055009 0.0527251 0.0504028 0.0480555 0.0456959 0.0433365 0.0409893 0.0386655 0.0363758 0.03413 0.0319372 0.0298056 0.0277425 0.0257545 0.0238472 0.0220253 0.0202927 0.0186526 0.0171073 0.0156586 0.0143075 0.0130546 0.0118998 0.0108429 0.00988318 0.0090196 0.00825108 0.00757641 0.00699432 0.00650359 0.00610307 0.00579178 0.00556889 0.00543407 
0.00559116 0.00563266 0.00576447 0.0059873 0.00630179 0.00670882 0.00720945 0.00780487 0.00849638 0.00928528 0.0101729 0.0111603 0.0122485 0.0134382 0.0147298 0.0161232 0.0176179 0.0192127 0.0209059 0.0226948 0.0245763 0.0265463 0.0285997 0.0307308 0.0329328 0.0351981 0.0375181 0.0398835 0.042284 0.0447086 0.0471457 0.0495828 0.0520072 0.0544056 0.0567642 0.0590693 0.061307 0.0634634 0.0655249 0.0674782 0.0693103 0.071009 0.0725627 0.0739608 0.0751935 0.0762521 0.0771292 0.0778185 0.078315 0.0786153 0.078717 0.0786196 0.0783238 0.0778317 0.0771468 0.0762742 0.0752202 0.0739921 0.0725986 0.0710496 0.0693557 0.0675284 0.06558 0.0635234 0.0613718 0.0591389 0.0568385 0.0544844 0.0520906 0.0496704 0.0472373 0.044804 0.0423828 0.0399854 0.0376228 0.035305 0.0330416 0.0308409 0.0287106 0.0266574 0.0246872 0.0228048 0.0210144 0.0193192 0.0177218 0.0162239 0.0148268 0.0135309 0.0123364 0.0112429 0.0102498 0.00935612 0.00856071 0.00786234 0.00725976 0.00675172 0.00633708 0.00601481 0.00578408 0.00564455 
0.00588598 0.00592964 0.00606801 0.00630179 0.00663165 0.00705847 0.00758336 0.00820751 0.00893226 0.00975891 0.0106888 0.011723 0.0128625 0.0141081 0.01546 0.0169181 0.0184818 0.0201498 0.0219202 0.0237903 0.0257565 0.0278147 0.0299595 0.0321849 0.0344837 0.0368479 0.0392687 0.0417361 0.0442396 0.0467676 0.049308 0.0518479 0.0543739 0.0568722 0.0593287 0.061729 0.0640586 0.0663032 0.0684487 0.0704811 0.0723872 0.0741543 0.0757703 0.0772243 0.0785061 0.0796068 0.0805186 0.0812351 0.0817512 0.082063 0.0821686 0.0820671 0.0817592 0.0812472 0.0805348 0.0796272 0.0785307 0.0772532 0.0758036 0.0741921 0.0724296 0.0705281 0.0685004 0.0663596 0.0641198 0.0617949 0.0593993 0.0569474 0.0544536 0.0519319 0.0493961 0.0468596 0.0443352 0.041835 0.0393705 0.0369522 0.0345901 0.0322928 0.0300685 0.0279242 0.025866 0.023899 0.0220277 0.0202556 0.0185852 0.0170185 0.0155568 0.0142008 0.0129505 0.0118058 0.010766 0.00983004 0.0089969 0.00826532 0.00763401 0.0071017 0.00666723 0.00632956 0.00608783 0.00594171 
0.00626765 0.00631411 0.00646093 0.00670882 0.00705847 0.00751081 0.00806694 0.00872811 0.00949566 0.0103709 0.0113552 0.0124497 0.0136554 0.0149728 0.0164023 0.0179436 0.019596 0.0213581 0.0232278 0.0252021 0.0272773 0.0294488 0.0317111 0.0340574 0.0364805 0.0389718 0.0415218 0.0441202 0.0467558 0.0494164 0.0520893 0.0547609 0.0574173 0.0600438 0.0626257 0.0651479 0.0675953 0.0699529 0.0722059 0.0743398 0.0763406 0.0781952 0.0798911 0.0814166 0.0827613 0.0839158 0.0848721 0.0856234 0.0861643 0.0864912 0.0866015 0.0864947 0.0861714 0.085634 0.0848864 0.0839339 0.0827832 0.0814424 0.0799209 0.0782293 0.076379 0.0743825 0.0722531 0.0700047 0.0676518 0.065209 0.0626915 0.0601142 0.0574922 0.0548403 0.0521729 0.0495041 0.0468473 0.0442152 0.04162 0.0390727 0.0365838 0.0341626 0.0318175 0.0295561 0.0273849 0.0253093 0.023334 0.0214628 0.0196986 0.0180434 0.0164987 0.0150653 0.0137434 0.0125327 0.0114327 0.0104424 0.00956067 0.00878631 0.00811799 0.00755443 0.00709441 0.0067369 0.00648101 0.00632639 
0.0067372 0.0067871 0.00694426 0.00720945 0.00758336 0.00806694 0.00866134 0.00936784 0.0101878 0.0111226 0.0121736 0.0133418 0.0146283 0.0160337 0.017558 0.0192011 0.0209621 0.0228392 0.0248302 0.0269319 0.0291402 0.0314501 0.0338557 0.0363498 0.0389246 0.0415708 0.0442786 0.0470367 0.0498334 0.0526557 0.0554901 0.0583224 0.0611375 0.0639202 0.0666549 0.0693256 0.0719164 0.0744116 0.0767954 0.0790527 0.0811689 0.08313 0.0849229 0.0865355 0.0879567 0.0891767 0.090187 0.0909807 0.091552 0.091897 0.0920132 0.0918999 0.0915579 0.0909896 0.0901991 0.089192 0.0879753 0.0865576 0.0849486 0.0831595 0.0812024 0.0790902 0.0768371 0.0744577 0.071967 0.0693808 0.0667147 0.0639846 0.0612065 0.0583959 0.0555682 0.052738 0.0499197 0.0471269 0.0443722 0.0416675 0.0390239 0.0364514 0.033959 0.0315546 0.0292453 0.027037 0.0249347 0.0229425 0.0210635 0.0193001 0.0176539 0.0161258 0.0147162 0.0134248 0.0122512 0.0111943 0.0102532 0.00942646 0.00871283 0.00811099 0.0076197 0.00723789 0.00696465 0.00679962 
0.00729579 0.00734977 0.0075192 0.00780487 0.00820751 0.00872811 0.00936784 0.010128 0.01101 0.0120153 0.0131451 0.0144007 0.0157829 0.0172922 0.0189289 0.0206923 0.0225815 0.0245945 0.0267289 0.0289811 0.0313466 0.03382 0.0363948 0.0390633 0.041817 0.0446461 0.0475399 0.0504864 0.053473 0.0564859 0.0595106 0.0625319 0.0655341 0.0685007 0.0714152 0.0742607 0.0770203 0.0796773 0.0822151 0.0846177 0.0868695 0.0889559 0.0908629 0.0925778 0.0940889 0.0953859 0.0964598 0.0973032 0.0979102 0.0982765 0.0983996 0.0982787 0.0979147 0.0973101 0.0964692 0.0953979 0.0941036 0.0925954 0.0908836 0.0889799 0.0868971 0.084649 0.0822504 0.0797167 0.077064 0.0743088 0.0714679 0.068558 0.0655961 0.0625986 0.0595819 0.0565616 0.0535531 0.0505706 0.0476279 0.0447376 0.0419116 0.0391605 0.0364941 0.033921 0.0314487 0.0290836 0.0268312 0.024696 0.0226815 0.0207902 0.019024 0.0173839 0.0158705 0.0144837 0.0132229 0.0120873 0.0110758 0.0101871 0.00941978 0.00877261 0.00824429 0.0078337 0.00753992 0.00736257 
0.00794468 0.00800338 0.00818701 0.00849638 0.00893226 0.00949566 0.0101878 0.01101 0.0119638 0.0130505 0.0142715 0.0156279 0.0171206 0.0187501 0.0205163 0.0224186 0.0244558 0.0266257 0.0289255 0.0313512 0.0338979 0.0365597 0.0393294 0.0421989 0.0451587 0.0481983 0.0513061 0.0544694 0.0576744 0.0609064 0.06415 0.0673888 0.0706058 0.0737838 0.0769048 0.0799511 0.0829045 0.0857473 0.0884619 0.0910311 0.0934386 0.0956686 0.0977066 0.0995388 0.101153 0.102538 0.103685 0.104585 0.105233 0.105624 0.105755 0.105626 0.105236 0.10459 0.103691 0.102546 0.101163 0.0995513 0.0977215 0.0956863 0.0934593 0.0910551 0.0884895 0.0857788 0.0829401 0.079991 0.0769492 0.0738328 0.0706596 0.0674473 0.0642133 0.0609745 0.0577471 0.0545466 0.0513875 0.0482836 0.0452475 0.0422909 0.0394241 0.0366565 0.0339963 0.0314505 0.0290251 0.026725 0.024554 0.0225151 0.0206104 0.0188411 0.0172078 0.0157107 0.0143493 0.0131227 0.0120299 0.0110695 0.0102402 0.00954062 0.00896948 0.00852562 0.00820808 0.00801649 
0.00868516 0.00874923 0.00894898 0.00928528 0.00975891 0.0103709 0.0111226 0.0120153 0.0130505 0.0142297 0.0155541 0.017025 0.018643 0.0204087 0.0223218 0.0243816 0.0265865 0.0289341 0.0314212 0.0340434 0.0367952 0.0396701 0.0426604 0.045757 0.0489498 0.0522273 0.055577 0.0589851 0.0624368 0.0659163 0.0694068 0.0728909 0.0763504 0.0797666 0.0831206 0.0863931 0.089565 0.0926171 0.0955307 0.0982877 0.10087 0.103262 0.105448 0.107412 0.109142 0.110627 0.111855 0.11282 0.113514 0.113932 0.114072 0.113933 0.113515 0.112822 0.111858 0.11063 0.109147 0.107418 0.105456 0.103273 0.100883 0.0983035 0.0955497 0.0926396 0.0895913 0.0864236 0.0831554 0.0798061 0.0763946 0.0729401 0.069461 0.0659755 0.062501 0.0590542 0.0556507 0.0523054 0.049032 0.0458428 0.0427494 0.0397619 0.0368891 0.0341388 0.0315175 0.0290306 0.0266824 0.0244762 0.0224145 0.0204987 0.0187296 0.0171074 0.0156318 0.0143019 0.0131168 0.0120751 0.0111754 0.0104163 0.00979656 0.00931493 0.00897042 0.00876267 
0.00951846 0.00958856 0.00980639 0.0101729 0.0106888 0.0113552 0.0121736 0.0131451 0.0142715 0.0155541 0.0169943 0.0185932 0.0203514 0.0222693 0.0243467 0.0265824 0.0289746 0.0315207 0.0342168 0.0370583 0.0400389 0.0431516 0.0463877 0.0497376 0.0531899 0.0567325 0.0603515 0.0640322 0.0677584 0.0715131 0.0752782 0.0790351 0.082764 0.086445 0.0900577 0.0935816 0.0969959 0.10028 0.103415 0.10638 0.109157 0.111729 0.114077 0.116188 0.118047 0.119642 0.120961 0.121997 0.122742 0.123191 0.12334 0.12319 0.122741 0.121996 0.12096 0.119641 0.118046 0.116188 0.114078 0.111731 0.109162 0.106387 0.103424 0.100293 0.0970117 0.0936013 0.0900817 0.0864736 0.0827974 0.0790736 0.075322 0.0715621 0.0678128 0.0640918 0.0604164 0.0568023 0.0532644 0.0498162 0.0464702 0.0432374 0.0401275 0.037149 0.0343091 0.0316137 0.0290677 0.0266747 0.0244375 0.0223579 0.020437 0.0186749 0.0170716 0.0156263 0.0143379 0.0132051 0.0122266 0.011401 0.0107268 0.0102029 0.00982819 0.00960234 
0.0104458 0.0105225 0.0107604 0.0111603 0.011723 0.0124497 0.0133418 0.0144007 0.0156279 0.017025 0.0185932 0.0203335 0.0222467 0.0243329 0.0265917 0.0290216 0.0316207 0.0343858 0.0373127 0.0403959 0.0436289 0.0470035 0.0505106 0.0541393 0.0578776 0.0617118 0.0656272 0.0696076 0.0736356 0.0776929 0.0817598 0.0858162 0.0898411 0.0938128 0.0977095 0.101509 0.105189 0.108729 0.112105 0.115299 0.118289 0.121057 0.123585 0.125856 0.127856 0.129571 0.13099 0.132104 0.132904 0.133386 0.133547 0.133385 0.132901 0.132099 0.130984 0.129564 0.127849 0.125848 0.123577 0.12105 0.118284 0.115295 0.112104 0.10873 0.105193 0.101517 0.0977214 0.0938292 0.0898624 0.0858428 0.0817918 0.0777305 0.073679 0.0696567 0.065682 0.0617721 0.0579431 0.0542098 0.0505856 0.0470826 0.0437114 0.0404812 0.0374002 0.0344747 0.0317103 0.0291111 0.0266802 0.0244197 0.0223309 0.0204143 0.0186698 0.0170968 0.0156942 0.0144607 0.0133951 0.0124958 0.0117614 0.0111906 0.0107825 0.0105367 
0.011468 0.0115521 0.011812 0.0122485 0.0128625 0.0136554 0.0146283 0.0157829 0.0171206 0.018643 0.0203514 0.0222467 0.0243296 0.0265999 0.0290571 0.0316995 0.0345248 0.0375292 0.0407081 0.0440555 0.0475639 0.0512245 0.0550272 0.05896 0.0630099 0.067162 0.0714002 0.075707 0.0800636 0.08445 0.0888453 0.0932274 0.0975739 0.101861 0.106067 0.110166 0.114135 0.11795 0.12159 0.125031 0.128252 0.131233 0.133955 0.1364 0.138553 0.140399 0.141926 0.143124 0.143985 0.144503 0.144675 0.1445 0.143979 0.143115 0.141915 0.140386 0.138539 0.136385 0.133939 0.131217 0.128236 0.125016 0.121576 0.117939 0.114126 0.11016 0.106065 0.101865 0.0975819 0.0932407 0.0888642 0.0844749 0.0800946 0.0757442 0.0714436 0.0672115 0.0630654 0.0590212 0.0550936 0.0512957 0.0476393 0.0441345 0.0407901 0.0376133 0.0346102 0.0317855 0.0291428 0.0266844 0.024412 0.0223262 0.0204271 0.0187142 0.0171865 0.0158428 0.0146816 0.0137016 0.0129012 0.0122791 0.0118344 0.0115666 
0.012586 0.0126781 0.0129618 0.0134382 0.0141081 0.0149728 0.0160337 0.0172922 0.0187501 0.0204087 0.0222693 0.0243329 0.0265999 0.0290701 0.0317426 0.0346155 0.0376859 0.0409497 0.0444017 0.048035 0.0518416 0.0558117 0.0599341 0.0641958 0.0685824 0.073078 0.0776648 0.082324 0.0870351 0.0917767 0.0965259 0.101259 0.105952 0.11058 0.115117 0.119539 0.123818 0.127932 0.131854 0.135561 0.139031 0.142241 0.145171 0.147803 0.15012 0.152106 0.153749 0.155037 0.155963 0.15652 0.156705 0.156516 0.155955 0.155025 0.153733 0.152087 0.150098 0.147779 0.145145 0.142214 0.139003 0.135534 0.131827 0.127907 0.123796 0.119519 0.115101 0.110568 0.105945 0.101258 0.0965304 0.0917874 0.0870524 0.082348 0.0776956 0.0731155 0.0686266 0.0642464 0.0599907 0.055874 0.0519089 0.0481068 0.0444772 0.0410282 0.0377664 0.0346973 0.0318248 0.0291517 0.02668 0.0244106 0.0223437 0.0204789 0.0188154 0.0173518 0.0160868 0.015019 0.0141469 0.0134691 0.0129846 0.0126929 
0.0138001 0.0139008 0.0142104 0.0147298 0.01546 0.0164023 0.017558 0.0189289 0.0205163 0.0223218 0.0243467 0.0265917 0.0290571 0.0317426 0.0346469 0.0377679 0.0411021 0.044645 0.0483906 0.0523314 0.0564584 0.0607609 0.0652265 0.0698411 0.074589 0.0794528 0.0844133 0.08945 0.0945409 0.0996625 0.104791 0.1099 0.114963 0.119955 0.124847 0.129612 0.134224 0.138655 0.142879 0.14687 0.150604 0.154059 0.157211 0.160042 0.162534 0.164669 0.166435 0.16782 0.168815 0.169414 0.169612 0.169408 0.168804 0.167804 0.166414 0.164643 0.162504 0.160009 0.157175 0.15402 0.150564 0.146829 0.142838 0.138615 0.134186 0.129577 0.124815 0.119927 0.11494 0.109882 0.104779 0.0996578 0.094543 0.0894594 0.0844301 0.079477 0.0746207 0.0698799 0.0652722 0.0608131 0.0565165 0.0523949 0.0484587 0.0447169 0.041177 0.0378448 0.0347249 0.0318207 0.0291344 0.0266671 0.0244193 0.0223907 0.0205806 0.0189878 0.0176109 0.0164483 0.0154988 0.0147608 0.0142333 0.013916 
0.0151103 0.0152204 0.0155576 0.0161232 0.0169181 0.0179436 0.0192011 0.0206923 0.0224186 0.0243816 0.0265824 0.0290216 0.0316995 0.0346155 0.0377679 0.0411542 0.0447705 0.0486116 0.0526709 0.05694 0.0614089 0.066066 0.0708976 0.0758885 0.0810213 0.0862773 0.0916356 0.097074 0.102569 0.108095 0.113625 0.119133 0.12459 0.129968 0.135237 0.140367 0.145331 0.150098 0.154642 0.158934 0.162949 0.166662 0.170049 0.173091 0.175767 0.178061 0.179957 0.181444 0.182512 0.183154 0.183367 0.183147 0.182498 0.181423 0.17993 0.178028 0.175729 0.173048 0.170002 0.166611 0.162895 0.158879 0.154586 0.150043 0.145276 0.140315 0.135187 0.129923 0.12455 0.119098 0.113597 0.108073 0.102554 0.0970675 0.0916371 0.0862869 0.0810391 0.0759143 0.0709312 0.0661069 0.0614567 0.0569941 0.0527305 0.048676 0.0448387 0.0412253 0.037841 0.0346895 0.0317734 0.0290942 0.0266528 0.0244488 0.0224817 0.0207503 0.0192533 0.0179893 0.0169567 0.0161543 0.0155807 0.0152358 
0.0165162 0.0166362 0.017003 0.0176179 0.0184818 0.019596 0.0209621 0.0225815 0.0244558 0.0265865 0.0289746 0.0316207 0.0345248 0.0376859 0.0411021 0.0447705 0.0486865 0.0528445 0.0572368 0.0618543 0.0666861 0.0717192 0.0769388 0.0823282 0.0878688 0.0935398 0.099319 0.105182 0.111104 0.117057 0.123013 0.128942 0.134814 0.140599 0.146265 0.15178 0.157114 0.162236 0.167116 0.171725 0.176035 0.18002 0.183655 0.186918 0.189789 0.192248 0.194282 0.195876 0.197021 0.197709 0.197936 0.1977 0.197004 0.195851 0.194248 0.192207 0.189741 0.186864 0.183596 0.179956 0.175967 0.171655 0.167044 0.162164 0.157042 0.15171 0.146197 0.140535 0.134755 0.128888 0.122966 0.117017 0.111072 0.105158 0.0993038 0.0935334 0.0878713 0.0823397 0.0769589 0.0717477 0.0667224 0.061898 0.057287 0.0529004 0.0487473 0.0448351 0.0411695 0.037755 0.0345945 0.0316899 0.0290422 0.0266515 0.0245171 0.0226382 0.0210133 0.0196411 0.0185201 0.0176488 0.0170262 0.0166519 
0.0180168 0.0181473 0.0185456 0.0192127 0.0201498 0.0213581 0.0228392 0.0245945 0.0266257 0.0289341 0.0315207 0.0343858 0.0375292 0.0409497 0.044645 0.0486116 0.0528445 0.057337 0.0620811 0.0670664 0.0722809 0.0777105 0.0833391 0.0891484 0.0951181 0.101226 0.107448 0.113758 0.120128 0.12653 0.132932 0.139303 0.145611 0.151823 0.157905 0.163823 0.169546 0.175039 0.180271 0.185211 0.18983 0.194099 0.197993 0.201488 0.204561 0.207194 0.209371 0.211077 0.212302 0.213038 0.213281 0.213028 0.212282 0.211047 0.209331 0.207145 0.204504 0.201422 0.197921 0.194021 0.189747 0.185125 0.180182 0.174949 0.169455 0.163734 0.157818 0.151739 0.145532 0.13923 0.132865 0.12647 0.120077 0.113715 0.107415 0.101202 0.0951041 0.0891441 0.0833445 0.0777253 0.0723046 0.0670984 0.0621207 0.0573835 0.0528967 0.0486687 0.0447059 0.0410132 0.0375941 0.034451 0.031585 0.0289964 0.0266849 0.0246496 0.0228892 0.0214024 0.0201875 0.0192434 0.0185687 0.0181632 
0.0196104 0.0197521 0.0201835 0.0209059 0.0219202 0.0232278 0.0248302 0.0267289 0.0289255 0.0314212 0.0342168 0.0373127 0.0407081 0.0444017 0.0483906 0.0526709 0.0572368 0.0620811 0.0671945 0.0725659 0.0781821 0.0840276 0.0900849 0.0963342 0.102754 0.109319 0.116004 0.122781 0.129621 0.136491 0.143359 0.150192 0.156955 0.163612 0.170127 0.176466 0.182593 0.188472 0.194071 0.199356 0.204295 0.20886 0.213023 0.216758 0.220043 0.222857 0.225182 0.227004 0.228312 0.229098 0.229356 0.229086 0.228288 0.226968 0.225135 0.222799 0.219975 0.216682 0.212938 0.208768 0.204197 0.199252 0.193964 0.188363 0.182483 0.176357 0.17002 0.163507 0.156854 0.150098 0.143271 0.136411 0.129549 0.122719 0.115952 0.109277 0.102722 0.0963131 0.0900744 0.0840274 0.0781919 0.0725852 0.0672225 0.0621169 0.0572796 0.0527195 0.048444 0.0444587 0.0407675 0.0373731 0.0342772 0.0314802 0.0289821 0.0267819 0.0248787 0.0232709 0.0219571 0.0209361 0.0202065 0.0197682 
0.0212948 0.0214483 0.0219145 0.0226948 0.0237903 0.0252021 0.0269319 0.0289811 0.0313512 0.0340434 0.0370583 0.0403959 0.0440555 0.048035 0.0523314 0.05694 0.0618543 0.0670664 0.0725659 0.0783407 0.0843763 0.090656 0.0971605 0.103869 0.110757 0.117798 0.124966 0.132229 0.139556 0.146914 0.154267 0.161579 0.168813 0.175932 0.182897 0.189672 0.196217 0.202497 0.208475 0.214117 0.219389 0.224259 0.2287 0.232684 0.236187 0.239187 0.241665 0.243608 0.245002 0.245839 0.246114 0.245825 0.244974 0.243567 0.241611 0.23912 0.236109 0.232595 0.228602 0.224152 0.219274 0.213996 0.20835 0.202369 0.196087 0.189541 0.182768 0.175805 0.168691 0.161462 0.154156 0.146811 0.139463 0.132145 0.124892 0.117736 0.110706 0.103829 0.0971327 0.0906396 0.0843711 0.078346 0.0725811 0.0670906 0.0618866 0.0569793 0.0523765 0.0480848 0.0441085 0.0404509 0.037114 0.0340986 0.0314046 0.0290316 0.0269784 0.0252437 0.0238262 0.0227244 0.0219373 0.0214645 
0.0230669 0.0232327 0.0237354 0.0245763 0.0257565 0.0272773 0.0291402 0.0313466 0.0338979 0.0367952 0.0400389 0.0436289 0.0475639 0.0518416 0.0564584 0.0614089 0.0666861 0.0722809 0.0781821 0.0843763 0.0908478 0.0975784 0.104547 0.111731 0.119105 0.126641 0.134308 0.142075 0.149907 0.157769 0.165622 0.17343 0.181151 0.188747 0.196177 0.2034 0.210378 0.21707 0.223439 0.229448 0.235061 0.240247 0.244974 0.249214 0.25294 0.256132 0.258769 0.260834 0.262317 0.263207 0.263499 0.263191 0.262286 0.260788 0.258707 0.256056 0.252851 0.249112 0.244861 0.240125 0.23493 0.229309 0.223294 0.216921 0.210226 0.203248 0.196025 0.188597 0.181005 0.173289 0.165488 0.157643 0.14979 0.141969 0.134213 0.126557 0.119034 0.111672 0.104501 0.0975446 0.0908263 0.0843665 0.0781833 0.0722924 0.0667069 0.0614379 0.0564943 0.0518832 0.0476098 0.0436778 0.0400894 0.036846 0.0339477 0.0313942 0.0291844 0.0273172 0.0257912 0.0246052 0.0237578 0.023249 
0.0249231 0.0251017 0.0256423 0.0265463 0.0278147 0.0294488 0.0314501 0.03382 0.0365597 0.0396701 0.0431516 0.0470035 0.0512245 0.0558117 0.0607609 0.066066 0.0717192 0.0777105 0.0840276 0.090656 0.0975784 0.104775 0.112224 0.1199 0.127775 0.13582 0.144003 0.152289 0.160641 0.169021 0.17739 0.185707 0.193929 0.202015 0.209922 0.217606 0.225027 0.232142 0.238912 0.245297 0.251261 0.256769 0.261789 0.26629 0.270246 0.273634 0.276432 0.278624 0.280197 0.281141 0.28145 0.281123 0.280162 0.278572 0.276363 0.273549 0.270146 0.266176 0.261662 0.256631 0.251113 0.24514 0.238748 0.231972 0.224854 0.217431 0.209746 0.201842 0.193759 0.185542 0.177232 0.168871 0.1605 0.152159 0.143885 0.135714 0.127682 0.11982 0.112158 0.104723 0.0975393 0.0906299 0.0840139 0.0777082 0.0717274 0.0660836 0.0607866 0.0558443 0.0512626 0.0470456 0.0431962 0.0397159 0.0366053 0.0338641 0.0314916 0.0294866 0.0278479 0.0265741 0.0256642 0.0251179 
0.0268585 0.0270504 0.0276304 0.0285997 0.0299595 0.0317111 0.0338557 0.0363948 0.0393294 0.0426604 0.0463877 0.0505106 0.0550272 0.0599341 0.0652265 0.0708976 0.0769388 0.0833391 0.0900849 0.0971605 0.104547 0.112224 0.120166 0.128348 0.136739 0.145307 0.154019 0.162837 0.171722 0.180634 0.189531 0.198369 0.207104 0.215691 0.224085 0.232241 0.240114 0.247661 0.25484 0.261609 0.26793 0.273767 0.279084 0.283852 0.288042 0.291629 0.294592 0.296912 0.298577 0.299576 0.299903 0.299556 0.298538 0.296854 0.294515 0.291535 0.287931 0.283726 0.278943 0.273612 0.267764 0.261433 0.254655 0.24747 0.239918 0.232043 0.223886 0.215493 0.206909 0.198179 0.189348 0.180459 0.171556 0.162682 0.153876 0.145178 0.136623 0.128246 0.120079 0.112152 0.10449 0.0971171 0.0900551 0.083322 0.0769335 0.070903 0.0652412 0.0599568 0.0550565 0.0505451 0.0464258 0.0427006 0.0393703 0.036435 0.033894 0.0317464 0.0299909 0.0286264 0.0276516 0.0270666 
0.0288679 0.0290735 0.029694 0.0307308 0.0321849 0.0340574 0.0363498 0.0390633 0.0421989 0.045757 0.0497376 0.0541393 0.05896 0.0641958 0.0698411 0.0758885 0.0823282 0.0891484 0.0963342 0.103869 0.111731 0.1199 0.128348 0.137047 0.145965 0.155069 0.164321 0.173682 0.183112 0.192567 0.202002 0.211372 0.220629 0.229726 0.238615 0.24725 0.255583 0.263569 0.271163 0.278322 0.285006 0.291175 0.296796 0.301834 0.306261 0.31005 0.313179 0.315629 0.317387 0.318442 0.318787 0.31842 0.317344 0.315566 0.313095 0.309946 0.306138 0.301694 0.29664 0.291005 0.284822 0.278127 0.270958 0.263357 0.255365 0.247028 0.238392 0.229503 0.220408 0.211155 0.201792 0.192365 0.18292 0.173502 0.164153 0.154914 0.145825 0.136922 0.128239 0.119807 0.111654 0.103807 0.0962873 0.0891155 0.0823084 0.0758806 0.0698439 0.0642079 0.0589799 0.0541655 0.0497684 0.045791 0.0422345 0.0390992 0.0363847 0.03409 0.0322142 0.0307561 0.0297146 0.0290896 
0.0309448 0.0311646 0.0318268 0.0329328 0.0344837 0.0364805 0.0389246 0.041817 0.0451587 0.0489498 0.0531899 0.0578776 0.0630099 0.0685824 0.074589 0.0810213 0.0878688 0.0951181 0.102754 0.110757 0.119105 0.127775 0.136739 0.145965 0.155421 0.165069 0.174871 0.184785 0.194768 0.204774 0.214756 0.224664 0.234451 0.244065 0.253457 0.262577 0.271376 0.279805 0.287819 0.295372 0.302421 0.308928 0.314853 0.320164 0.32483 0.328823 0.33212 0.334702 0.336553 0.337664 0.338027 0.337641 0.336507 0.334632 0.332028 0.32871 0.324696 0.320012 0.314683 0.308741 0.30222 0.295157 0.287593 0.279571 0.271134 0.262331 0.253208 0.243816 0.234204 0.224422 0.214519 0.204546 0.19455 0.184579 0.174677 0.164889 0.155256 0.145817 0.136607 0.127661 0.119008 0.110675 0.102689 0.0950685 0.0878336 0.0809994 0.0745791 0.0685831 0.0630196 0.0578948 0.053213 0.048977 0.0451886 0.0418481 0.0389555 0.03651 0.0345107 0.0329565 0.0318464 0.0311805 
0.0330821 0.0333164 0.0340213 0.0351981 0.0368479 0.0389718 0.0415708 0.0446461 0.0481983 0.0522273 0.0567325 0.0617118 0.067162 0.073078 0.0794528 0.0862773 0.0935398 0.101226 0.109319 0.117798 0.126641 0.13582 0.145307 0.155069 0.165069 0.175269 0.185629 0.196103 0.206645 0.217208 0.227742 0.238195 0.248516 0.258652 0.268551 0.278159 0.287427 0.296303 0.30474 0.312689 0.320107 0.326951 0.333184 0.338769 0.343674 0.347872 0.351337 0.354051 0.355997 0.357164 0.357545 0.357139 0.355947 0.353976 0.351238 0.347749 0.34353 0.338603 0.332999 0.326748 0.319887 0.312455 0.304493 0.296047 0.287162 0.277889 0.268277 0.258377 0.248243 0.237926 0.227478 0.216953 0.206399 0.195869 0.185408 0.175064 0.164879 0.154896 0.145152 0.135683 0.126522 0.117697 0.109235 0.101159 0.0934884 0.0862405 0.0794294 0.0730664 0.0671608 0.0617193 0.056747 0.0522472 0.0482219 0.044672 0.0415975 0.0389979 0.0368723 0.03522 0.0340398 0.033332 
0.0352719 0.0355209 0.0362692 0.0375181 0.0392687 0.0415218 0.0442786 0.0475399 0.0513061 0.055577 0.0603515 0.0656272 0.0714002 0.0776648 0.0844133 0.0916356 0.099319 0.107448 0.116004 0.124966 0.134308 0.144003 0.154019 0.164321 0.174871 0.185629 0.19655 0.207588 0.218694 0.229818 0.240908 0.251908 0.262766 0.273426 0.283833 0.293933 0.303671 0.312995 0.321855 0.330201 0.337987 0.34517 0.35171 0.357569 0.362714 0.367116 0.37075 0.373596 0.375636 0.376859 0.377258 0.376832 0.375582 0.373515 0.370644 0.366985 0.362558 0.35739 0.35151 0.344951 0.33775 0.329947 0.321588 0.312716 0.303383 0.293638 0.283534 0.273125 0.262466 0.251611 0.240616 0.229535 0.218421 0.207326 0.196302 0.185396 0.174655 0.164123 0.153839 0.143843 0.134167 0.124844 0.115901 0.107363 0.0992506 0.0915832 0.0843756 0.0776404 0.0713874 0.0656244 0.060357 0.0555891 0.051323 0.04756 0.0443005 0.0415441 0.0392903 0.037538 0.0362866 0.0355362 
0.0375051 0.0377692 0.0385615 0.0398835 0.0417361 0.0441202 0.0470367 0.0504864 0.0544694 0.0589851 0.0640322 0.0696076 0.075707 0.082324 0.08945 0.097074 0.105182 0.113758 0.122781 0.132229 0.142075 0.152289 0.162837 0.173682 0.184785 0.196103 0.207588 0.219192 0.230864 0.24255 0.254196 0.265745 0.27714 0.288324 0.29924 0.309829 0.320037 0.329808 0.33909 0.347832 0.355985 0.363506 0.370351 0.376483 0.381867 0.386473 0.390274 0.39325 0.395384 0.396664 0.397081 0.396635 0.395326 0.393164 0.390161 0.386332 0.3817 0.376292 0.370137 0.36327 0.355731 0.347559 0.338802 0.329508 0.319726 0.30951 0.298915 0.287998 0.276814 0.265421 0.253877 0.242239 0.230562 0.218902 0.207312 0.195843 0.184543 0.173459 0.162632 0.152104 0.141911 0.132085 0.122658 0.113653 0.105096 0.0970054 0.0893975 0.082286 0.0756821 0.069594 0.0640281 0.0589888 0.0544791 0.0505005 0.0470537 0.0441385 0.0417546 0.0399012 0.0385776 0.037784 
0.0397723 0.0400515 0.0408882 0.042284 0.0442396 0.0467558 0.0498334 0.053473 0.0576744 0.0624368 0.0677584 0.0736356 0.0800636 0.0870351 0.0945409 0.102569 0.111104 0.120128 0.129621 0.139556 0.149907 0.160641 0.171722 0.183112 0.194768 0.206645 0.218694 0.230864 0.2431 0.255348 0.267548 0.279644 0.291575 0.30328 0.314701 0.325778 0.336453 0.346668 0.356369 0.365503 0.374022 0.381876 0.389025 0.395427 0.401047 0.405855 0.409823 0.412928 0.415155 0.416489 0.416925 0.416459 0.415093 0.412837 0.409702 0.405705 0.40087 0.395224 0.388797 0.381626 0.37375 0.365213 0.356061 0.346346 0.336119 0.325435 0.314352 0.302928 0.291221 0.279292 0.267202 0.255008 0.242771 0.230546 0.218391 0.206358 0.194499 0.182862 0.171492 0.160432 0.14972 0.13939 0.129476 0.120004 0.111 0.102483 0.0944729 0.0869831 0.080026 0.0736107 0.0677442 0.0624317 0.0576765 0.0534806 0.049845 0.0467698 0.0442548 0.0422994 0.040903 0.0400659 
0.042063 0.0423574 0.0432388 0.0447086 0.0467676 0.0494164 0.0526557 0.0564859 0.0609064 0.0659163 0.0715131 0.0776929 0.08445 0.0917767 0.0996625 0.108095 0.117057 0.12653 0.136491 0.146914 0.157769 0.169021 0.180634 0.192567 0.204774 0.217208 0.229818 0.24255 0.255348 0.268152 0.280904 0.293542 0.306003 0.318226 0.330148 0.341707 0.352843 0.363498 0.373613 0.383136 0.392014 0.400199 0.407646 0.414315 0.420169 0.425175 0.429306 0.43254 0.434858 0.436247 0.4367 0.436214 0.434793 0.432443 0.429179 0.425017 0.419982 0.4141 0.407405 0.399933 0.391725 0.382827 0.373286 0.363155 0.352487 0.341341 0.329774 0.317848 0.305623 0.293163 0.28053 0.267785 0.25499 0.242205 0.229487 0.216894 0.204478 0.19229 0.180379 0.168788 0.157557 0.146725 0.136325 0.126386 0.116934 0.107992 0.0995786 0.0917102 0.0843993 0.0776561 0.0714885 0.065902 0.0609006 0.0564868 0.0526617 0.0494259 0.0467793 0.0447216 0.043252 0.0423713 
0.0443662 0.0446758 0.0456018 0.0471457 0.049308 0.0520893 0.0554901 0.0595106 0.06415 0.0694068 0.0752782 0.0817598 0.0888453 0.0965259 0.104791 0.113625 0.123013 0.132932 0.143359 0.154267 0.165622 0.17739 0.189531 0.202002 0.214756 0.227742 0.240908 0.254196 0.267548 0.280904 0.2942 0.307373 0.320359 0.333091 0.345507 0.357541 0.369132 0.380219 0.390742 0.400647 0.409878 0.418388 0.426129 0.433059 0.439142 0.444344 0.448635 0.451994 0.454402 0.455845 0.456315 0.455811 0.454334 0.451893 0.448501 0.444178 0.438945 0.432833 0.425875 0.418107 0.409574 0.40032 0.390396 0.379856 0.368755 0.357152 0.345109 0.332688 0.319953 0.306968 0.293799 0.280509 0.267163 0.253823 0.240549 0.2274 0.214432 0.201699 0.18925 0.177132 0.165387 0.154055 0.143172 0.132768 0.122871 0.113505 0.10469 0.0964445 0.088781 0.081711 0.0752429 0.0693831 0.064136 0.0595045 0.0554903 0.0520941 0.0493161 0.047156 0.0456135 0.0446891 
0.0466701 0.046995 0.0479654 0.0495828 0.0518479 0.0547609 0.0583224 0.0625319 0.0673888 0.0728909 0.0790351 0.0858162 0.0932274 0.101259 0.1099 0.119133 0.128942 0.139303 0.150192 0.161579 0.17343 0.185707 0.198369 0.211372 0.224664 0.238195 0.251908 0.265745 0.279644 0.293542 0.307373 0.321073 0.334572 0.347806 0.360706 0.373206 0.385243 0.396753 0.407676 0.417953 0.427531 0.436358 0.444386 0.451572 0.457879 0.463271 0.467719 0.471201 0.473696 0.475191 0.475678 0.475155 0.473625 0.471095 0.467579 0.463097 0.457673 0.451335 0.444119 0.436063 0.427211 0.41761 0.407312 0.39637 0.384845 0.372795 0.360285 0.347378 0.334141 0.320641 0.306945 0.29312 0.279231 0.265344 0.251522 0.237826 0.224314 0.211042 0.198062 0.185424 0.173171 0.161345 0.149983 0.139118 0.128781 0.118995 0.109783 0.101163 0.0931494 0.085755 0.0789886 0.0728574 0.0673663 0.0625186 0.0583164 0.0547608 0.0518522 0.0495904 0.0479753 0.0470076 
0.0489627 0.0493026 0.0503169 0.0520072 0.0543739 0.0574173 0.0611375 0.0655341 0.0706058 0.0763504 0.082764 0.0898411 0.0975739 0.105952 0.114963 0.12459 0.134814 0.145611 0.156955 0.168813 0.181151 0.193929 0.207104 0.220629 0.234451 0.248516 0.262766 0.27714 0.291575 0.306003 0.320359 0.334572 0.348575 0.362297 0.37567 0.388626 0.401098 0.41302 0.424332 0.434973 0.444888 0.454023 0.46233 0.469766 0.47629 0.481867 0.486468 0.490068 0.492648 0.494194 0.494698 0.494157 0.492574 0.489958 0.486322 0.481686 0.476075 0.469519 0.462052 0.453716 0.444553 0.434614 0.42395 0.412619 0.400679 0.388193 0.375227 0.361846 0.34812 0.334116 0.319905 0.305555 0.291135 0.276712 0.262353 0.24812 0.234074 0.220273 0.206772 0.193621 0.180868 0.168556 0.156723 0.145406 0.134634 0.124434 0.11483 0.10584 0.097482 0.0897672 0.0827063 0.076307 0.0705747 0.0655133 0.0611253 0.0574121 0.0543743 0.052012 0.0503251 0.0493145 
0.0512313 0.0515859 0.0526436 0.0544056 0.0568722 0.0600438 0.0639202 0.0685007 0.0737838 0.0797666 0.086445 0.0938128 0.101861 0.11058 0.119955 0.129968 0.140599 0.151823 0.163612 0.175932 0.188747 0.202015 0.215691 0.229726 0.244065 0.258652 0.273426 0.288324 0.30328 0.318226 0.333091 0.347806 0.362297 0.376495 0.390328 0.403725 0.416618 0.428941 0.44063 0.451623 0.461864 0.471298 0.479876 0.487552 0.494286 0.500042 0.504791 0.508506 0.511168 0.512763 0.513283 0.512725 0.511091 0.508391 0.504639 0.499855 0.494063 0.487295 0.479587 0.470979 0.461516 0.451249 0.440232 0.428522 0.41618 0.403272 0.389862 0.376021 0.361818 0.347325 0.332612 0.317752 0.302815 0.28787 0.272987 0.258229 0.243662 0.229345 0.215334 0.201683 0.18844 0.175652 0.163359 0.151597 0.140399 0.129794 0.119805 0.110453 0.101756 0.0937263 0.086376 0.0797132 0.0737439 0.0684724 0.0639018 0.0600335 0.0568686 0.0544074 0.05265 0.0515972 
0.053463 0.0538321 0.0549321 0.0567642 0.0593287 0.0626257 0.0666549 0.0714152 0.0769048 0.0831206 0.0900577 0.0977095 0.106067 0.115117 0.124847 0.135237 0.146265 0.157905 0.170127 0.182897 0.196177 0.209922 0.224085 0.238615 0.253457 0.268551 0.283833 0.29924 0.314701 0.330148 0.345507 0.360706 0.37567 0.390328 0.404604 0.418427 0.431728 0.444437 0.456489 0.467823 0.478378 0.488099 0.496937 0.504845 0.511781 0.51771 0.5226 0.526425 0.529166 0.530809 0.531344 0.530769 0.529087 0.526307 0.522443 0.517516 0.511551 0.504579 0.496638 0.487768 0.478016 0.467434 0.456075 0.444001 0.431272 0.417955 0.404118 0.389832 0.375169 0.360201 0.345003 0.329649 0.31421 0.29876 0.283368 0.268102 0.253029 0.238209 0.223703 0.209565 0.195847 0.182595 0.169853 0.157659 0.146046 0.135044 0.12468 0.114975 0.105947 0.0976103 0.0899774 0.0830571 0.0768562 0.0713794 0.0666301 0.0626102 0.0593211 0.0567632 0.0549366 0.0538426 
0.0556446 0.0560278 0.0571689 0.0590693 0.061729 0.0651479 0.0693256 0.0742607 0.0799511 0.0863931 0.0935816 0.101509 0.110166 0.119539 0.129612 0.140367 0.15178 0.163823 0.176466 0.189672 0.2034 0.217606 0.232241 0.24725 0.262577 0.278159 0.293933 0.309829 0.325778 0.341707 0.357541 0.373206 0.388626 0.403725 0.418427 0.43266 0.446352 0.459431 0.471832 0.483491 0.494347 0.504344 0.513431 0.52156 0.52869 0.534783 0.539808 0.543739 0.546556 0.548244 0.548794 0.548203 0.546475 0.543618 0.539647 0.534583 0.528452 0.521286 0.513122 0.504002 0.493973 0.483088 0.471403 0.458979 0.445878 0.43217 0.417922 0.403209 0.388103 0.37268 0.357015 0.341184 0.325263 0.309325 0.293443 0.277686 0.262124 0.24682 0.231835 0.217226 0.203048 0.189348 0.176171 0.163557 0.151542 0.140157 0.129429 0.119381 0.110032 0.101397 0.09349 0.0863197 0.0798937 0.0742174 0.0692944 0.0651273 0.0617173 0.0590653 0.0571717 0.0560376 
0.0577629 0.0581598 0.0593407 0.061307 0.0640586 0.0675953 0.0719164 0.0770203 0.0829045 0.089565 0.0969959 0.105189 0.114135 0.123818 0.134224 0.145331 0.157114 0.169546 0.182593 0.196217 0.210378 0.225027 0.240114 0.255583 0.271376 0.287427 0.303671 0.320037 0.336453 0.352843 0.369132 0.385243 0.401098 0.416618 0.431728 0.446352 0.460415 0.473848 0.486581 0.49855 0.509692 0.519952 0.529275 0.537616 0.544929 0.551179 0.556333 0.560365 0.563253 0.564984 0.565547 0.564942 0.56317 0.56024 0.556168 0.550974 0.544686 0.537334 0.528958 0.5196 0.509308 0.498135 0.486139 0.473381 0.459926 0.445843 0.431204 0.416083 0.400554 0.384695 0.368584 0.352298 0.335914 0.319509 0.303157 0.28693 0.270899 0.25513 0.239685 0.224625 0.210003 0.195872 0.182277 0.16926 0.156858 0.145104 0.134025 0.123646 0.113987 0.105065 0.0968933 0.0894817 0.0828385 0.0769696 0.071879 0.0675696 0.0640429 0.0613001 0.0593416 0.0581688 
0.0598048 0.0602147 0.0614339 0.0634634 0.0663032 0.0699529 0.0744116 0.0796773 0.0857473 0.0926171 0.10028 0.108729 0.11795 0.127932 0.138655 0.150098 0.162236 0.175039 0.188472 0.202497 0.21707 0.232142 0.247661 0.263569 0.279805 0.296303 0.312995 0.329808 0.346668 0.363498 0.380219 0.396753 0.41302 0.428941 0.444437 0.459431 0.473848 0.487615 0.500663 0.512924 0.524338 0.534846 0.544393 0.552933 0.56042 0.566818 0.572093 0.57622 0.579176 0.580947 0.581524 0.580904 0.57909 0.576092 0.571924 0.566608 0.560171 0.552644 0.544068 0.534485 0.523943 0.512498 0.500208 0.487134 0.473344 0.458907 0.443897 0.428388 0.412458 0.396185 0.37965 0.362931 0.346107 0.329258 0.312459 0.295784 0.279306 0.263093 0.24721 0.231718 0.216675 0.202132 0.188137 0.174735 0.161963 0.149855 0.13844 0.127745 0.11779 0.108593 0.100167 0.0925242 0.0856728 0.0796193 0.074368 0.0699221 0.0662836 0.0634537 0.061433 0.060223 
0.0617572 0.0621797 0.0634352 0.0655249 0.0684487 0.0722059 0.0767954 0.0822151 0.0884619 0.0955307 0.103415 0.112105 0.12159 0.131854 0.142879 0.154642 0.167116 0.180271 0.194071 0.208475 0.223439 0.238912 0.25484 0.271163 0.287819 0.30474 0.321855 0.33909 0.356369 0.373613 0.390742 0.407676 0.424332 0.44063 0.456489 0.471832 0.486581 0.500663 0.514006 0.526543 0.538211 0.548952 0.55871 0.567436 0.575086 0.581623 0.587012 0.591227 0.594247 0.596056 0.596646 0.596012 0.59416 0.591097 0.58684 0.581409 0.574832 0.567141 0.558377 0.548582 0.537808 0.526107 0.513539 0.500169 0.486063 0.471293 0.455933 0.44006 0.423752 0.407089 0.390154 0.373027 0.355788 0.338519 0.321297 0.304199 0.287298 0.270665 0.254367 0.238467 0.223024 0.20809 0.193717 0.179949 0.166826 0.154382 0.142649 0.131654 0.121417 0.111958 0.103291 0.0954285 0.0883792 0.08215 0.0767459 0.0721702 0.0684252 0.0655124 0.0634325 0.0621872 
0.0636075 0.0640418 0.0653316 0.0674782 0.0704811 0.0743398 0.0790527 0.0846177 0.0910311 0.0982877 0.10638 0.115299 0.125031 0.135561 0.14687 0.158934 0.171725 0.185211 0.199356 0.214117 0.229448 0.245297 0.261609 0.278322 0.295372 0.312689 0.330201 0.347832 0.365503 0.383136 0.400647 0.417953 0.434973 0.451623 0.467823 0.483491 0.49855 0.512924 0.526543 0.539337 0.551243 0.5622 0.572153 0.581054 0.588856 0.595521 0.601017 0.605314 0.608393 0.610238 0.610839 0.610193 0.608305 0.605182 0.600841 0.595303 0.588596 0.580754 0.571814 0.561823 0.550831 0.538892 0.526066 0.512419 0.498019 0.482938 0.467252 0.451038 0.434377 0.41735 0.40004 0.38253 0.364904 0.347241 0.329623 0.312128 0.294831 0.277804 0.261117 0.244833 0.229013 0.213714 0.198984 0.184872 0.171418 0.158659 0.146627 0.135348 0.124846 0.11514 0.106246 0.0981766 0.0909406 0.0845458 0.0789975 0.0742994 0.070454 0.0674629 0.0653272 0.0640485 
0.0653435 0.0657887 0.0671106 0.0693103 0.0723872 0.0763406 0.0811689 0.0868695 0.0934386 0.10087 0.109157 0.118289 0.128252 0.139031 0.150604 0.162949 0.176035 0.18983 0.204295 0.219389 0.235061 0.251261 0.26793 0.285006 0.302421 0.320107 0.337987 0.355985 0.374022 0.392014 0.409878 0.427531 0.444888 0.461864 0.478378 0.494347 0.509692 0.524338 0.538211 0.551243 0.563367 0.574524 0.584659 0.593719 0.601661 0.608446 0.614039 0.618413 0.621546 0.623423 0.624035 0.623378 0.621456 0.618279 0.613861 0.608225 0.601398 0.593414 0.584314 0.574141 0.562948 0.550789 0.537725 0.523823 0.509151 0.493782 0.477793 0.461264 0.444276 0.426912 0.409255 0.391391 0.373404 0.355377 0.337391 0.319527 0.301862 0.28447 0.26742 0.250779 0.23461 0.218968 0.203908 0.189475 0.175713 0.16266 0.150348 0.138805 0.128056 0.11812 0.109014 0.100751 0.0933407 0.0867913 0.0811083 0.0762958 0.0723566 0.0692925 0.0671046 0.0657948 
0.0669533 0.0674087 0.0687603 0.071009 0.0741543 0.0781952 0.08313 0.0889559 0.0956686 0.103262 0.111729 0.121057 0.131233 0.142241 0.154059 0.166662 0.18002 0.194099 0.20886 0.224259 0.240247 0.256769 0.273767 0.291175 0.308928 0.326951 0.34517 0.363506 0.381876 0.400199 0.418388 0.436358 0.454023 0.471298 0.488099 0.504344 0.519952 0.534846 0.548952 0.5622 0.574524 0.585864 0.596163 0.60537 0.61344 0.620333 0.626015 0.630459 0.633642 0.635549 0.63617 0.635503 0.633551 0.630323 0.625835 0.620109 0.613173 0.605061 0.595813 0.585475 0.574098 0.561738 0.548457 0.534321 0.5194 0.503768 0.487503 0.470686 0.453398 0.435724 0.41775 0.399561 0.381243 0.362881 0.344558 0.326355 0.308351 0.290622 0.273239 0.256271 0.239779 0.223823 0.208457 0.19373 0.179684 0.16636 0.15379 0.142004 0.131026 0.120878 0.111577 0.103135 0.0955638 0.0888716 0.0830643 0.0781462 0.0741203 0.0709887 0.0687527 0.0674141 
