0.00389054 0.00392297 0.00402729 0.00420421 0.00445451 0.00477927 0.00517977 0.00565752 0.00621418 0.00685148 0.00757121 0.00837507 0.00926469 0.0102415 0.0113066 0.0124608 0.0137045 0.0150374 0.0164589 0.0179676 0.0195613 0.021237 0.0229913 0.0248193 0.0267157 0.0286743 0.0306876 0.0327478 0.0348458 0.0369719 0.0391158 0.0412662 0.0434115 0.0455395 0.0476377 0.0496933 0.0516933 0.0536247 0.0554747 0.0572308 0.0588807 0.0604128 0.0618161 0.0630804 0.0641964 0.0651557 0.0659513 0.066577 0.0670281 0.0673012 0.0673943 0.0673066 0.0670388 0.066593 0.0659726 0.0651824 0.0642284 0.0631178 0.0618589 0.060461 0.0589342 0.0572896 0.0555387 0.0536939 0.0517675 0.0497724 0.0477215 0.0456278 0.043504 0.0413627 0.0392159 0.0370754 0.0349521 0.0328566 0.0307985 0.0287867 0.0268292 0.0249333 0.0231053 0.0213505 0.0196737 0.0180784 0.0165675 0.0151433 0.0138071 0.0125597 0.0114013 0.0103315 0.00934965 0.00845454 0.00764483 0.00691893 0.00627515 0.00571177 0.00522706 0.00481943 0.00448739 0.00422969 0.0040453 0.00393367 
0.00392297 0.00395568 0.00406088 0.00423928 0.00449167 0.00481911 0.00522292 0.00570461 0.00626583 0.00690835 0.00763394 0.00844434 0.00934116 0.0103258 0.0113995 0.0125629 0.0138165 0.01516 0.0165928 0.0181133 0.0197194 0.0214082 0.023176 0.0250181 0.0269291 0.0289025 0.0309311 0.0330068 0.0351206 0.0372626 0.0394223 0.0415887 0.0437498 0.0458934 0.0480069 0.0500773 0.0520917 0.054037 0.0559003 0.0576689 0.0593305 0.0608735 0.0622867 0.0635599 0.0646837 0.0656498 0.0664509 0.0670809 0.0675352 0.0678102 0.0679038 0.0678155 0.0675457 0.0670968 0.066472 0.0656763 0.0647155 0.063597 0.0623292 0.0609213 0.0593836 0.0577273 0.0559639 0.0541058 0.0521655 0.0501559 0.0480902 0.0459812 0.0438418 0.0416847 0.0395221 0.0373657 0.0352266 0.0331153 0.0310417 0.0290147 0.0270424 0.025132 0.0232899 0.0215216 0.0198317 0.018224 0.0167014 0.015266 0.0139192 0.0126619 0.0114943 0.010416 0.00942624 0.00852394 0.00770769 0.00697592 0.00632693 0.00575897 0.00527033 0.00485937 0.00452463 0.00426484 0.00407894 0.00396642 
0.00402729 0.00406088 0.00416877 0.00435167 0.00461038 0.00494599 0.00535983 0.00585344 0.0064285 0.00708678 0.00783009 0.00866018 0.00957869 0.010587 0.0116864 0.0128775 0.0141607 0.0155358 0.017002 0.0185578 0.020201 0.0219285 0.0237366 0.0256204 0.0275743 0.0295919 0.0316656 0.033787 0.0359471 0.0381358 0.0403424 0.0425554 0.0447628 0.046952 0.0491103 0.0512244 0.053281 0.0552669 0.0571689 0.0589741 0.06067 0.0622446 0.0636867 0.0649858 0.0661324 0.0671181 0.0679353 0.068578 0.0690414 0.0693218 0.0694172 0.0693269 0.0690516 0.0685934 0.0679559 0.0671438 0.0661634 0.065022 0.0637281 0.0622912 0.0607218 0.0590311 0.0572311 0.0553342 0.0533533 0.0513016 0.0491922 0.0470384 0.0448535 0.0426501 0.0404409 0.0382377 0.036052 0.0338945 0.0317752 0.0297032 0.0276869 0.0257336 0.02385 0.0220415 0.020313 0.0186683 0.0171105 0.0156417 0.0142635 0.0129766 0.0117814 0.0106774 0.00966403 0.00874007 0.00790415 0.00715467 0.00648991 0.0059081 0.00540752 0.0049865 0.00464356 0.0043774 0.00418697 0.00407172 
0.00420421 0.00423928 0.00435167 0.0045421 0.00481141 0.0051607 0.00559134 0.0061049 0.00670311 0.00738776 0.00816071 0.00902373 0.00997848 0.0110264 0.0121686 0.0134059 0.0147386 0.0161664 0.0176884 0.019303 0.0210079 0.0227999 0.024675 0.0266282 0.0286536 0.0307445 0.032893 0.0350906 0.0373277 0.039594 0.0418782 0.0441686 0.0464528 0.0487178 0.0509503 0.0531368 0.0552634 0.0573166 0.0592827 0.0611485 0.0629011 0.0645281 0.0660181 0.0673601 0.0685446 0.0695625 0.0704066 0.0710702 0.0715486 0.0718381 0.0719364 0.0718429 0.0715583 0.0710849 0.0704261 0.0695871 0.068574 0.0673946 0.0660576 0.0645727 0.0629508 0.0612033 0.0593426 0.0573815 0.0553333 0.0532114 0.0510297 0.0488018 0.0465411 0.044261 0.0419744 0.0396937 0.0374306 0.0351963 0.033001 0.0308543 0.0287648 0.0267403 0.0247874 0.0229121 0.0211194 0.0194131 0.0177966 0.0162722 0.0148414 0.0135052 0.0122639 0.0111171 0.0100642 0.00910407 0.00823525 0.00745615 0.00676501 0.00616005 0.00563948 0.00520162 0.00484494 0.00456813 0.00437009 0.00425028 
0.00445451 0.00449167 0.00461038 0.00481141 0.00509561 0.00546413 0.00591838 0.00645998 0.00709069 0.00781239 0.00862695 0.00953619 0.0105418 0.0116452 0.0128476 0.0141497 0.0155517 0.0170533 0.0186535 0.0203505 0.0221419 0.0240242 0.0259931 0.0280434 0.0301688 0.0323623 0.0346155 0.0369195 0.0392643 0.0416389 0.0440317 0.0464303 0.0488217 0.0511924 0.0535286 0.0558161 0.0580405 0.0601875 0.0622431 0.0641934 0.0660251 0.0677253 0.0692819 0.0706839 0.071921 0.0729841 0.0738654 0.0745583 0.0750576 0.0753596 0.0754621 0.0753641 0.0750667 0.0745719 0.0738836 0.0730069 0.0719484 0.0707161 0.0693189 0.067767 0.0660717 0.064245 0.0622996 0.0602489 0.0581068 0.0558872 0.0536045 0.0512729 0.0489066 0.0465194 0.0441248 0.0417356 0.0393644 0.0370226 0.0347212 0.03247 0.0302782 0.0281539 0.0261042 0.0241353 0.0222525 0.02046 0.0187613 0.0171589 0.0156545 0.0142491 0.0129432 0.0117364 0.0106281 0.00961711 0.00870212 0.00788143 0.00715325 0.00651576 0.00596712 0.0055056 0.00512962 0.00483783 0.00462911 0.00450288 
0.00477927 0.00481911 0.00494599 0.0051607 0.00546413 0.00585748 0.0063422 0.00691997 0.00759264 0.00836212 0.00923035 0.0101992 0.0112704 0.0124454 0.0137253 0.0151109 0.0166022 0.0181989 0.0198997 0.0217028 0.0236054 0.0256039 0.0276934 0.0298686 0.0321226 0.0344479 0.0368357 0.0392764 0.0417594 0.0442731 0.0468052 0.0493427 0.0518717 0.0543782 0.0568473 0.0592643 0.061614 0.0638814 0.0660517 0.0681104 0.0700433 0.0718372 0.0734794 0.0749581 0.0762627 0.0773836 0.0783127 0.079043 0.0795691 0.0798872 0.0799948 0.0798912 0.0795772 0.0790551 0.0783289 0.0774041 0.0762874 0.0749872 0.073513 0.0718753 0.0700861 0.0681578 0.0661039 0.0639383 0.0616757 0.0593308 0.0569186 0.0544541 0.0519522 0.0494275 0.0468942 0.0443659 0.0418558 0.039376 0.0369382 0.0345528 0.0322295 0.0299769 0.0278027 0.0257134 0.0237148 0.0218114 0.0200069 0.0183041 0.0167049 0.0152104 0.0138211 0.012537 0.0113572 0.0102808 0.00930627 0.00843194 0.00765599 0.00697653 0.00639166 0.00589961 0.00549873 0.00518761 0.0049651 0.00483059 
0.00517977 0.00522292 0.00535983 0.00559134 0.00591838 0.0063422 0.00686431 0.00748649 0.00821063 0.00903873 0.0099728 0.0110148 0.0121664 0.0134291 0.014804 0.0162918 0.0178925 0.0196056 0.0214297 0.0233626 0.0254014 0.0275418 0.029779 0.0321067 0.0345179 0.0370042 0.0395564 0.0421641 0.0448158 0.0474994 0.0502016 0.0529084 0.0556054 0.0582773 0.0609085 0.0634834 0.0659858 0.0683999 0.0707099 0.0729006 0.074957 0.076865 0.0786113 0.0801834 0.0815701 0.0827614 0.0837486 0.0845245 0.0850833 0.0854209 0.0855349 0.0854244 0.0850902 0.0845349 0.0837626 0.0827791 0.0815916 0.0802088 0.0786407 0.0768986 0.0749949 0.0729429 0.0707568 0.0684513 0.0660419 0.0635442 0.0609741 0.0583476 0.0556803 0.0529879 0.0502853 0.0475873 0.0449076 0.0422594 0.0396549 0.0371055 0.0346215 0.0322122 0.0298858 0.0276494 0.0255091 0.0234699 0.021536 0.0197102 0.0179949 0.0163913 0.0149 0.0135211 0.0122538 0.0110971 0.0100495 0.00910943 0.00827488 0.00754393 0.00691462 0.0063851 0.00595366 0.00561882 0.00537938 0.00523472 
0.00565752 0.00570461 0.00585344 0.0061049 0.00645998 0.00691997 0.00748649 0.00816136 0.00894659 0.00984425 0.0108564 0.0119851 0.013232 0.0145987 0.0160862 0.0176952 0.0194255 0.0212764 0.0232464 0.025333 0.0275327 0.0298412 0.0322529 0.034761 0.0373579 0.0400346 0.0427809 0.0455856 0.0484366 0.0513206 0.0542234 0.05713 0.060025 0.0628919 0.0657142 0.0684751 0.0711574 0.0737443 0.0762189 0.078565 0.0807667 0.082809 0.0846777 0.0863598 0.0878431 0.0891172 0.0901728 0.0910022 0.0915994 0.09196 0.0920815 0.0919628 0.0916049 0.0910106 0.0901841 0.0891316 0.0878607 0.0863807 0.0847022 0.0828372 0.0807987 0.0786011 0.0762593 0.073789 0.0712067 0.0685291 0.065773 0.0629554 0.0600932 0.0572029 0.0543009 0.0514025 0.0485227 0.0456756 0.0428745 0.0401314 0.0374575 0.034863 0.0323566 0.0299461 0.0276383 0.0254386 0.0233514 0.0213802 0.0195273 0.0177945 0.0161824 0.0146911 0.01332 0.0120681 0.010934 0.00991588 0.00901181 0.00821977 0.00753772 0.00696373 0.00649601 0.00613302 0.00587349 0.00571678 
0.00621418 0.00626583 0.0064285 0.00670311 0.00709069 0.00759264 0.00821063 0.00894659 0.00980261 0.0107809 0.0118835 0.0131125 0.0144699 0.0159569 0.0175747 0.0193238 0.021204 0.0232143 0.0253529 0.027617 0.0300028 0.0325053 0.0351183 0.0378347 0.0406458 0.0435419 0.0465119 0.0495439 0.0526244 0.0557392 0.0588729 0.0620096 0.0651323 0.0682236 0.0712657 0.0742405 0.0771296 0.079915 0.0825787 0.0851033 0.0874719 0.0896684 0.0916778 0.093486 0.0950803 0.0964493 0.0975834 0.0984743 0.0991155 0.0995026 0.0996325 0.0995045 0.0991195 0.0984803 0.0975916 0.0964598 0.0950933 0.0935017 0.0916964 0.0896902 0.0874971 0.0851322 0.0826115 0.079952 0.077171 0.0742864 0.0713164 0.0682791 0.0651926 0.0620748 0.058943 0.0558139 0.0527037 0.0496275 0.0465997 0.0436333 0.0407405 0.0379323 0.0352182 0.0326069 0.0301056 0.0277204 0.0254562 0.0233168 0.021305 0.0194227 0.0176708 0.0160495 0.0145583 0.0131963 0.0119619 0.0108534 0.00986882 0.009006 0.00826283 0.0076373 0.00712753 0.00673191 0.00644909 0.00627841 
0.00685148 0.00690835 0.00708678 0.00738776 0.00781239 0.00836212 0.00903873 0.00984425 0.0107809 0.0118508 0.0130564 0.0143997 0.0158825 0.0175064 0.0192723 0.0211806 0.023231 0.0254223 0.0277522 0.0302178 0.0328145 0.035537 0.0383784 0.0413306 0.0443843 0.0475289 0.0507522 0.0540412 0.0573813 0.060757 0.0641519 0.0675484 0.0709284 0.0742731 0.0775633 0.0807794 0.0839019 0.0869112 0.0897881 0.092514 0.0950706 0.097441 0.0996088 0.101559 0.103278 0.104754 0.105977 0.106937 0.107628 0.108045 0.108184 0.108046 0.10763 0.10694 0.105981 0.104761 0.103286 0.101569 0.0996208 0.0974556 0.0950881 0.0925346 0.0898123 0.0869392 0.0839341 0.080816 0.0776046 0.0743193 0.0709795 0.0676046 0.0642132 0.0608234 0.0574527 0.0541174 0.050833 0.0476139 0.0444732 0.0414229 0.0384736 0.0356346 0.032914 0.0303184 0.0278533 0.0255231 0.0233309 0.0212788 0.0193681 0.017599 0.0159713 0.014484 0.0131356 0.0119243 0.010848 0.00990466 0.00909192 0.00840771 0.00785007 0.00741728 0.00710795 0.00692136 
0.00757121 0.00763394 0.00783009 0.00816071 0.00862695 0.00923035 0.0099728 0.0108564 0.0118835 0.0130564 0.0143775 0.0158488 0.0174724 0.0192497 0.0211815 0.0232682 0.0255092 0.027903 0.0304472 0.033138 0.0359707 0.038939 0.0420354 0.0452511 0.0485757 0.0519975 0.0555034 0.059079 0.0627085 0.066375 0.0700607 0.0737466 0.077413 0.0810396 0.0846057 0.0880902 0.0914721 0.0947303 0.0978441 0.100794 0.103559 0.106122 0.108466 0.110574 0.112432 0.114027 0.115347 0.116384 0.11713 0.11758 0.11773 0.11758 0.11713 0.116384 0.115348 0.114028 0.112434 0.110577 0.108471 0.106129 0.103568 0.100805 0.0978585 0.0947482 0.0914939 0.0881163 0.0846364 0.0810751 0.0774536 0.0737925 0.070112 0.0664318 0.0627707 0.0591465 0.0555761 0.052075 0.0486578 0.0453373 0.0421252 0.0390318 0.036066 0.0332351 0.0305454 0.0280016 0.0256074 0.0233653 0.0212766 0.0193421 0.0175613 0.0159336 0.0144573 0.0131307 0.0119516 0.0109178 0.010027 0.00927687 0.00866547 0.00819095 0.00785185 0.00764741 
0.00837507 0.00844434 0.00866018 0.00902373 0.00953619 0.0101992 0.0110148 0.0119851 0.0131125 0.0143997 0.0158488 0.0174623 0.0192419 0.0211891 0.0233048 0.025589 0.028041 0.030659 0.03344 0.0363799 0.0394733 0.0427132 0.0460913 0.0495978 0.0532213 0.0569489 0.0607662 0.0646576 0.0686058 0.0725926 0.0765983 0.0806025 0.0845839 0.0885205 0.0923899 0.0961693 0.099836 0.103367 0.106741 0.109936 0.112931 0.115706 0.118242 0.120523 0.122533 0.124258 0.125686 0.126807 0.127613 0.128099 0.12826 0.128097 0.127611 0.126803 0.125682 0.124253 0.122528 0.120519 0.118238 0.115703 0.11293 0.109937 0.106745 0.103374 0.0998462 0.0961835 0.0924086 0.0885441 0.0846127 0.0806368 0.0766383 0.0726384 0.0686575 0.0647152 0.0608295 0.0570177 0.0532953 0.0496767 0.0461746 0.0428003 0.0395636 0.0364728 0.0335347 0.0307547 0.028137 0.0256844 0.0233988 0.0212809 0.0193306 0.0175471 0.0159291 0.0144746 0.0131814 0.0120473 0.0110698 0.0102466 0.00957553 0.0090547 0.00868254 0.00845829 
0.00926469 0.00934116 0.00957869 0.00997848 0.0105418 0.0112704 0.0121664 0.013232 0.0144699 0.0158825 0.0174724 0.0192419 0.0211928 0.0233266 0.025644 0.0281448 0.0308281 0.0336917 0.0367322 0.0399448 0.0433235 0.0468606 0.0505467 0.054371 0.0583209 0.0623824 0.0665398 0.0707757 0.0750716 0.0794073 0.0837618 0.0881128 0.0924371 0.096711 0.10091 0.10501 0.108987 0.112815 0.116471 0.119932 0.123176 0.126181 0.128926 0.131395 0.13357 0.135436 0.13698 0.138192 0.139064 0.139588 0.139763 0.139586 0.139059 0.138185 0.136971 0.135425 0.133558 0.131382 0.128913 0.126168 0.123164 0.119922 0.116463 0.112809 0.108984 0.105011 0.100916 0.0967212 0.0924526 0.088134 0.083789 0.0794408 0.0751114 0.070822 0.0665924 0.0624413 0.0583858 0.0544414 0.0506223 0.0469409 0.0434079 0.0400326 0.0368225 0.0337838 0.0309212 0.028238 0.0257364 0.0234173 0.021281 0.0193266 0.0175528 0.0159578 0.0145393 0.013295 0.0122222 0.0113186 0.0105819 0.0100101 0.00960164 0.00935559 
0.0102415 0.0103258 0.010587 0.0110264 0.0116452 0.0124454 0.0134291 0.0145987 0.0159569 0.0175064 0.0192497 0.0211891 0.0233266 0.0256635 0.0282003 0.0309367 0.0338715 0.037002 0.0403243 0.0438331 0.0475215 0.0513808 0.0554008 0.0595695 0.0638732 0.0682962 0.0728215 0.0774301 0.0821018 0.0868147 0.0915459 0.0962711 0.100966 0.105603 0.110158 0.114604 0.118914 0.123062 0.127023 0.13077 0.134282 0.137533 0.140504 0.143175 0.145526 0.147544 0.149213 0.150524 0.151465 0.152032 0.15222 0.152028 0.151458 0.150513 0.149199 0.147527 0.145507 0.143153 0.140481 0.13751 0.134258 0.130747 0.127001 0.123042 0.118897 0.114591 0.110149 0.105599 0.100966 0.0962778 0.0915588 0.0868343 0.0821283 0.0774636 0.0728621 0.0683438 0.0639275 0.0596304 0.0554677 0.0514532 0.0475989 0.0439148 0.0404095 0.0370898 0.033961 0.0310271 0.0282905 0.0257526 0.0234137 0.0212732 0.0193299 0.0175818 0.0160267 0.0146622 0.0134855 0.0124943 0.011686 0.0110587 0.0106105 0.0103407 
0.0113066 0.0113995 0.0116864 0.0121686 0.0128476 0.0137253 0.014804 0.0160862 0.0175747 0.0192723 0.0211815 0.0233048 0.025644 0.0282003 0.0309741 0.033965 0.0371712 0.0405897 0.0442159 0.0480438 0.0520657 0.0562721 0.0606515 0.0651907 0.0698745 0.074686 0.0796064 0.0846151 0.08969 0.0948074 0.0999424 0.105069 0.110159 0.115187 0.120122 0.124938 0.129604 0.134094 0.13838 0.142434 0.146231 0.149746 0.152957 0.155842 0.158383 0.160563 0.162365 0.16378 0.164796 0.165408 0.165611 0.165403 0.164786 0.163765 0.162345 0.160538 0.158355 0.155811 0.152923 0.14971 0.146194 0.142397 0.138343 0.134059 0.129572 0.124908 0.120097 0.115166 0.110144 0.105059 0.0999397 0.0948118 0.0897018 0.0846345 0.0796335 0.0747209 0.069917 0.0652405 0.0607084 0.0563355 0.0521351 0.0481184 0.0442948 0.0406722 0.0372563 0.0340518 0.0310615 0.0282873 0.0257295 0.0233879 0.0212611 0.0193475 0.0176446 0.01615 0.0148609 0.0137747 0.012889 0.0122015 0.0117104 0.0114149 
0.0124608 0.0125629 0.0128775 0.0134059 0.0141497 0.0151109 0.0162918 0.0176952 0.0193238 0.0211806 0.0232682 0.025589 0.0281448 0.0309367 0.033965 0.0372288 0.040726 0.0444531 0.0484048 0.0525745 0.0569533 0.0615308 0.0662944 0.0712294 0.0763192 0.0815454 0.0868873 0.0923225 0.0978271 0.103375 0.10894 0.114493 0.120005 0.125447 0.130787 0.135995 0.14104 0.145892 0.150522 0.154901 0.159001 0.162796 0.166261 0.169374 0.172115 0.174466 0.17641 0.177935 0.179031 0.17969 0.179907 0.179683 0.179017 0.177915 0.176384 0.174434 0.172078 0.169333 0.166216 0.162748 0.158951 0.15485 0.150471 0.145841 0.140991 0.135948 0.130744 0.125408 0.119972 0.114466 0.10892 0.103363 0.0978226 0.0923263 0.0868995 0.0815661 0.0763485 0.071267 0.0663399 0.0615839 0.0570134 0.0526408 0.0484765 0.0445293 0.0408058 0.0373112 0.0340488 0.0310209 0.0282282 0.0256705 0.0233468 0.0212552 0.0193935 0.017759 0.0163489 0.0151606 0.0141915 0.0134392 0.012902 0.0125788 
0.0137045 0.0138165 0.0141607 0.0147386 0.0155517 0.0166022 0.0178925 0.0194255 0.021204 0.023231 0.0255092 0.028041 0.0308281 0.0338715 0.0371712 0.040726 0.0445334 0.0485892 0.0528875 0.0574208 0.0621793 0.0671514 0.0723231 0.0776784 0.0831992 0.0888651 0.0946538 0.100541 0.106501 0.112505 0.118524 0.124529 0.130486 0.136365 0.142132 0.147754 0.153199 0.158433 0.163426 0.168147 0.172566 0.176655 0.180388 0.183741 0.186692 0.189223 0.191315 0.192956 0.194135 0.194844 0.195078 0.194836 0.194118 0.192932 0.191283 0.189183 0.186646 0.183689 0.18033 0.176593 0.172501 0.16808 0.163358 0.158365 0.153131 0.147689 0.14207 0.136307 0.130434 0.124483 0.118486 0.112474 0.106478 0.100528 0.0946496 0.0888703 0.0832138 0.0777023 0.072356 0.0671929 0.0622289 0.0574777 0.0529509 0.0486581 0.0446069 0.0408031 0.0372506 0.0339521 0.0309087 0.0281204 0.0255862 0.0233045 0.021273 0.019489 0.0179496 0.0166521 0.0155938 0.0147723 0.0141856 0.0138328 
0.0150374 0.01516 0.0155358 0.0161664 0.0170533 0.0181989 0.0196056 0.0212764 0.0232143 0.0254223 0.027903 0.030659 0.0336917 0.037002 0.0405897 0.0444531 0.0485892 0.0529932 0.0576586 0.0625766 0.0677367 0.0731258 0.0787287 0.0845278 0.0905033 0.0966331 0.102893 0.109256 0.115695 0.122179 0.128676 0.135155 0.14158 0.147918 0.154133 0.16019 0.166053 0.171689 0.177062 0.182141 0.186894 0.19129 0.195303 0.198907 0.202078 0.204797 0.207045 0.208807 0.210073 0.210834 0.211084 0.210823 0.210053 0.208777 0.207005 0.204748 0.202022 0.198843 0.195233 0.191214 0.186813 0.182057 0.176976 0.171602 0.165967 0.160105 0.154051 0.147841 0.141508 0.135089 0.128618 0.122128 0.115653 0.109224 0.102871 0.0966212 0.0905018 0.0845366 0.0787475 0.0731544 0.0677745 0.0626229 0.0577124 0.0530538 0.0486554 0.0445239 0.0406638 0.0370782 0.0337687 0.0307356 0.0279779 0.0254942 0.0232822 0.0213392 0.0196623 0.0182486 0.0170954 0.0162002 0.015561 0.0151767 
0.0164589 0.0165928 0.017002 0.0176884 0.0186535 0.0198997 0.0214297 0.0232464 0.0253529 0.0277522 0.0304472 0.03344 0.0367322 0.0403243 0.0442159 0.0484048 0.0528875 0.0576586 0.0627105 0.0680336 0.0736161 0.0794437 0.0854997 0.0917649 0.0982177 0.104834 0.111588 0.11845 0.12539 0.132376 0.139374 0.146348 0.153263 0.16008 0.166762 0.173272 0.179572 0.185625 0.191395 0.196846 0.201946 0.206663 0.210967 0.214832 0.218232 0.221146 0.223555 0.225443 0.226799 0.227614 0.227882 0.227602 0.226775 0.225408 0.223508 0.221088 0.218165 0.214756 0.210883 0.206572 0.20185 0.196745 0.19129 0.185519 0.179466 0.173167 0.166659 0.159981 0.153168 0.146261 0.139294 0.132304 0.125328 0.118398 0.111546 0.104804 0.0981986 0.0917571 0.0855031 0.079458 0.0736407 0.0680679 0.0627536 0.0577097 0.0529455 0.0484684 0.0442838 0.0403954 0.0368049 0.0335131 0.0305193 0.0278221 0.0254193 0.0233081 0.0214857 0.0199491 0.0186955 0.0177223 0.0170274 0.0166098 
0.0179676 0.0181133 0.0185578 0.019303 0.0203505 0.0217028 0.0233626 0.025333 0.027617 0.0302178 0.033138 0.0363799 0.0399448 0.0438331 0.0480438 0.0525745 0.0574208 0.0625766 0.0680336 0.073781 0.0798057 0.0860921 0.0926218 0.0993741 0.106325 0.113449 0.120718 0.1281 0.135563 0.143072 0.15059 0.15808 0.165502 0.172817 0.179985 0.186965 0.193718 0.200203 0.206383 0.212221 0.217681 0.222729 0.227334 0.231468 0.235105 0.23822 0.240796 0.242815 0.244264 0.245134 0.245421 0.245121 0.244236 0.242774 0.240742 0.238154 0.235027 0.23138 0.227236 0.222622 0.217567 0.212102 0.20626 0.200077 0.19359 0.186838 0.17986 0.172695 0.165385 0.157969 0.150487 0.142977 0.135478 0.128026 0.120656 0.113399 0.106287 0.0993483 0.0926084 0.0860907 0.0798159 0.0738021 0.0680649 0.0626171 0.0574693 0.0526298 0.0481047 0.0438981 0.0400125 0.0364488 0.0332068 0.030285 0.0276813 0.0253932 0.0234176 0.0217515 0.0203921 0.0193368 0.0185833 0.0181306 
0.0195613 0.0197194 0.020201 0.0210079 0.0221419 0.0236054 0.0254014 0.0275327 0.0300028 0.0328145 0.0359707 0.0394733 0.0433235 0.0475215 0.0520657 0.0569533 0.0621793 0.0677367 0.0736161 0.0798057 0.0862911 0.0930551 0.100078 0.107336 0.114805 0.122457 0.13026 0.138181 0.146186 0.154236 0.162293 0.170316 0.178264 0.186093 0.193762 0.201228 0.208448 0.215379 0.221983 0.228218 0.234048 0.239437 0.244352 0.248763 0.252643 0.255966 0.258713 0.260866 0.262411 0.263338 0.263643 0.263323 0.262379 0.260819 0.258651 0.25589 0.252554 0.248662 0.24424 0.239315 0.233917 0.22808 0.221839 0.215232 0.208298 0.201078 0.193614 0.185948 0.178123 0.170181 0.162166 0.154118 0.146078 0.138085 0.130175 0.122385 0.114747 0.107291 0.100046 0.0930366 0.0862855 0.0798124 0.0736342 0.0677653 0.0622173 0.0569993 0.0521185 0.0475794 0.0433852 0.0395372 0.0360353 0.0328784 0.0300645 0.0275909 0.0254548 0.0236531 0.0221828 0.0210413 0.0202264 0.019737 
0.021237 0.0214082 0.0219285 0.0227999 0.0240242 0.0256039 0.0275418 0.0298412 0.0325053 0.035537 0.038939 0.0427132 0.0468606 0.0513808 0.0562721 0.0615308 0.0671514 0.0731258 0.0794437 0.0860921 0.0930551 0.100314 0.107847 0.11563 0.123634 0.131831 0.140186 0.148664 0.157227 0.165836 0.174448 0.18302 0.191508 0.199867 0.208051 0.216015 0.223714 0.231104 0.238141 0.244784 0.250993 0.256732 0.261964 0.266659 0.270787 0.274322 0.277244 0.279534 0.281177 0.282163 0.282486 0.282145 0.281141 0.279481 0.277175 0.274237 0.270686 0.266544 0.261836 0.256592 0.250844 0.244626 0.237977 0.230934 0.223542 0.215842 0.207878 0.199696 0.191342 0.18286 0.174295 0.165693 0.157095 0.148543 0.140078 0.131736 0.123554 0.115564 0.107796 0.100277 0.0930324 0.0860831 0.0794475 0.0731414 0.0671776 0.0615665 0.0563157 0.0514308 0.0469155 0.0427714 0.0389988 0.0355969 0.0325638 0.0298969 0.0275934 0.0256502 0.0240642 0.0228328 0.0219538 0.021426 
0.0229913 0.023176 0.0237366 0.024675 0.0259931 0.0276934 0.029779 0.0322529 0.0351183 0.0383784 0.0420354 0.0460913 0.0505467 0.0554008 0.0606515 0.0662944 0.0723231 0.0787287 0.0854997 0.0926218 0.100078 0.107847 0.115906 0.124229 0.132785 0.141542 0.150465 0.159515 0.168652 0.177833 0.187014 0.196149 0.20519 0.21409 0.222802 0.231275 0.239464 0.247321 0.254801 0.26186 0.268456 0.27455 0.280106 0.285089 0.28947 0.293222 0.296322 0.29875 0.300493 0.301539 0.301882 0.301519 0.300454 0.298692 0.296244 0.293127 0.289358 0.284961 0.279963 0.274394 0.268288 0.261682 0.254615 0.24713 0.239268 0.231078 0.222604 0.213894 0.204998 0.195962 0.186835 0.177663 0.168493 0.159368 0.150332 0.141423 0.132681 0.124141 0.115834 0.107791 0.100037 0.0925959 0.0854879 0.0787301 0.0723365 0.0663186 0.060685 0.055442 0.0505939 0.046143 0.0420898 0.0384337 0.0351731 0.0323056 0.0298283 0.027738 0.0260319 0.0247072 0.0237615 0.0231939 
0.0248193 0.0250181 0.0256204 0.0266282 0.0280434 0.0298686 0.0321067 0.034761 0.0378347 0.0413306 0.0452511 0.0495978 0.054371 0.0595695 0.0651907 0.0712294 0.0776784 0.0845278 0.0917649 0.0993741 0.107336 0.11563 0.124229 0.133105 0.142226 0.151557 0.161061 0.170695 0.180419 0.190185 0.199947 0.209655 0.219261 0.228713 0.23796 0.246952 0.255639 0.263971 0.2719 0.279381 0.28637 0.292825 0.298708 0.303984 0.308622 0.312592 0.315872 0.318442 0.320285 0.321392 0.321754 0.32137 0.320242 0.318377 0.315787 0.312487 0.308498 0.303843 0.29855 0.292652 0.286184 0.279184 0.271694 0.263757 0.25542 0.24673 0.237737 0.228491 0.219042 0.209442 0.199741 0.189988 0.180233 0.170523 0.160902 0.151413 0.142098 0.132994 0.124134 0.115552 0.107276 0.09933 0.0917364 0.084514 0.077678 0.0712411 0.0652131 0.059601 0.0544097 0.0496421 0.0452992 0.0413808 0.0378852 0.0348103 0.0321533 0.0299111 0.0280807 0.0266594 0.0256449 0.025036 
0.0267157 0.0269291 0.0275743 0.0286536 0.0301688 0.0321226 0.0345179 0.0373579 0.0406458 0.0443843 0.0485757 0.0532213 0.0583209 0.0638732 0.0698745 0.0763192 0.0831992 0.0905033 0.0982177 0.106325 0.114805 0.123634 0.132785 0.142226 0.151923 0.16184 0.171935 0.182165 0.192485 0.202846 0.213198 0.223489 0.233667 0.243678 0.253469 0.262986 0.272176 0.280989 0.289373 0.29728 0.304665 0.311484 0.317698 0.323269 0.328165 0.332356 0.335818 0.338529 0.340474 0.341641 0.342023 0.341618 0.340427 0.338459 0.335725 0.332241 0.328029 0.323114 0.317525 0.311294 0.30446 0.297063 0.289144 0.280752 0.271933 0.262738 0.253219 0.243429 0.233421 0.223248 0.212964 0.202621 0.192272 0.181965 0.171749 0.16167 0.15177 0.14209 0.132667 0.123535 0.114724 0.106262 0.0981714 0.0904731 0.0831839 0.0763176 0.0698849 0.063894 0.0583504 0.0532575 0.0486169 0.0444286 0.0406914 0.0374032 0.0345613 0.0321627 0.0302044 0.0286837 0.0275982 0.026947 
0.0286743 0.0289025 0.0295919 0.0307445 0.0323623 0.0344479 0.0370042 0.0400346 0.0435419 0.0475289 0.0519975 0.0569489 0.0623824 0.0682962 0.074686 0.0815454 0.0888651 0.0966331 0.104834 0.113449 0.122457 0.131831 0.141542 0.151557 0.16184 0.17235 0.183045 0.193879 0.204803 0.215765 0.226714 0.237594 0.24835 0.258925 0.269264 0.27931 0.289008 0.298304 0.307145 0.315481 0.323265 0.33045 0.336995 0.342863 0.348018 0.352431 0.356074 0.358928 0.360975 0.362203 0.362604 0.362177 0.360924 0.358852 0.355974 0.352306 0.347871 0.342695 0.336807 0.330243 0.323042 0.315244 0.306896 0.298045 0.288741 0.279038 0.268989 0.258649 0.248076 0.237325 0.226452 0.215512 0.204561 0.193651 0.182832 0.172154 0.161661 0.151396 0.1414 0.131709 0.122354 0.113366 0.104769 0.0965856 0.088834 0.0815294 0.0746836 0.0683056 0.0624018 0.0569763 0.0520311 0.0475667 0.0435821 0.0400754 0.037044 0.0344852 0.0323958 0.0307732 0.029615 0.0289203 
0.0306876 0.0309311 0.0316656 0.032893 0.0346155 0.0368357 0.0395564 0.0427809 0.0465119 0.0507522 0.0555034 0.0607662 0.0665398 0.0728215 0.0796064 0.0868873 0.0946538 0.102893 0.111588 0.120718 0.13026 0.140186 0.150465 0.161061 0.171935 0.183045 0.194346 0.205789 0.217321 0.22889 0.240439 0.251911 0.263248 0.274391 0.28528 0.295857 0.306064 0.315844 0.325143 0.333908 0.34209 0.349641 0.356518 0.362681 0.368096 0.372729 0.376555 0.379551 0.381699 0.382988 0.383409 0.38296 0.381644 0.379469 0.376447 0.372595 0.367937 0.3625 0.356315 0.349418 0.341849 0.333651 0.324872 0.315562 0.305772 0.295559 0.284978 0.274088 0.262947 0.251614 0.240148 0.228608 0.217051 0.205532 0.194105 0.182821 0.171729 0.160874 0.150298 0.14004 0.130135 0.120613 0.111503 0.102827 0.0946061 0.0868561 0.0795902 0.0728185 0.0665482 0.0607841 0.0555287 0.0507829 0.0465462 0.0428167 0.0395922 0.0368698 0.0346467 0.0329202 0.0316879 0.0309488 
0.0327478 0.0330068 0.033787 0.0350906 0.0369195 0.0392764 0.0421641 0.0455856 0.0495439 0.0540412 0.059079 0.0646576 0.0707757 0.0774301 0.0846151 0.0923225 0.100541 0.109256 0.11845 0.1281 0.138181 0.148664 0.159515 0.170695 0.182165 0.193879 0.205789 0.217842 0.229986 0.242162 0.254313 0.266379 0.278297 0.290006 0.301445 0.312552 0.323267 0.333531 0.343286 0.352479 0.361057 0.368972 0.376179 0.382637 0.388308 0.393161 0.397168 0.400304 0.402554 0.403903 0.404343 0.403873 0.402495 0.400217 0.397052 0.393018 0.388139 0.382443 0.375962 0.368733 0.360798 0.352202 0.342994 0.333226 0.322952 0.312229 0.301117 0.289676 0.277967 0.266053 0.253994 0.241851 0.229686 0.217556 0.205519 0.193627 0.181932 0.170482 0.159323 0.148494 0.138033 0.127974 0.118345 0.109171 0.100476 0.0922754 0.0845845 0.0774142 0.0707726 0.0646653 0.0590954 0.0540642 0.0495716 0.0456161 0.0421955 0.0393071 0.0369482 0.035116 0.0338083 0.0330242 
0.0348458 0.0351206 0.0359471 0.0373277 0.0392643 0.0417594 0.0448158 0.0484366 0.0526244 0.0573813 0.0627085 0.0686058 0.0750716 0.0821018 0.08969 0.0978271 0.106501 0.115695 0.12539 0.135563 0.146186 0.157227 0.168652 0.180419 0.192485 0.204803 0.217321 0.229986 0.242739 0.255523 0.268274 0.28093 0.293428 0.305702 0.317687 0.329321 0.34054 0.351284 0.361492 0.371108 0.380079 0.388355 0.395889 0.402637 0.408564 0.413634 0.417819 0.421095 0.423444 0.424853 0.425313 0.424821 0.423382 0.421002 0.417696 0.413482 0.408384 0.402431 0.395657 0.3881 0.379803 0.370813 0.361179 0.350957 0.340202 0.328974 0.317334 0.305345 0.293071 0.280576 0.267926 0.255183 0.242411 0.229671 0.217022 0.204522 0.192224 0.180178 0.168433 0.157032 0.146014 0.135414 0.125264 0.11559 0.106417 0.0977633 0.0896442 0.0820722 0.0750563 0.0686027 0.0627154 0.0573962 0.0526452 0.0484612 0.0448425 0.0417863 0.0392901 0.0373511 0.0359673 0.0351376 
0.0369719 0.0372626 0.0381358 0.039594 0.0416389 0.0442731 0.0474994 0.0513206 0.0557392 0.060757 0.066375 0.0725926 0.0794073 0.0868147 0.0948074 0.103375 0.112505 0.122179 0.132376 0.143072 0.154236 0.165836 0.177833 0.190185 0.202846 0.215765 0.22889 0.242162 0.255523 0.268909 0.282256 0.295499 0.30857 0.321403 0.33393 0.346085 0.357803 0.36902 0.379675 0.38971 0.399069 0.4077 0.415555 0.422591 0.428768 0.434051 0.438412 0.441826 0.444273 0.44574 0.446219 0.445707 0.444207 0.441728 0.438283 0.433891 0.428578 0.422373 0.41531 0.40743 0.398776 0.389396 0.379343 0.368672 0.357442 0.345714 0.333551 0.32102 0.308186 0.295117 0.281879 0.26854 0.255165 0.241818 0.228562 0.215456 0.202556 0.189917 0.177588 0.165615 0.15404 0.1429 0.132228 0.122054 0.112403 0.103294 0.0947459 0.0867709 0.0793793 0.0725782 0.0663721 0.0607633 0.0557526 0.051339 0.0475209 0.044296 0.0416616 0.0396152 0.0381547 0.0372793 
0.0391158 0.0394223 0.0403424 0.0418782 0.0440317 0.0468052 0.0502016 0.0542234 0.0588729 0.0641519 0.0700607 0.0765983 0.0837618 0.0915459 0.0999424 0.10894 0.118524 0.128676 0.139374 0.15059 0.162293 0.174448 0.187014 0.199947 0.213198 0.226714 0.240439 0.254313 0.268274 0.282256 0.296192 0.310014 0.323652 0.337036 0.350096 0.362764 0.374973 0.386656 0.39775 0.408196 0.417935 0.426915 0.435085 0.442402 0.448824 0.454317 0.45885 0.462398 0.464941 0.466465 0.466963 0.466431 0.464872 0.462295 0.458714 0.454149 0.448625 0.442173 0.434828 0.42663 0.417626 0.407864 0.397399 0.386287 0.374589 0.362369 0.349692 0.336627 0.323241 0.309604 0.295787 0.281859 0.267887 0.25394 0.240082 0.226375 0.21288 0.199651 0.186742 0.174201 0.162072 0.150394 0.139204 0.128531 0.118403 0.108841 0.0998647 0.0914874 0.0837206 0.0765721 0.0700474 0.0641492 0.0588786 0.0542353 0.0502177 0.0468238 0.0440511 0.0418972 0.0403599 0.0394386 
0.0412662 0.0415887 0.0425554 0.0441686 0.0464303 0.0493427 0.0529084 0.05713 0.0620096 0.0675484 0.0737466 0.0806025 0.0881128 0.0962711 0.105069 0.114493 0.124529 0.135155 0.146348 0.15808 0.170316 0.18302 0.196149 0.209655 0.223489 0.237594 0.251911 0.266379 0.28093 0.295499 0.310014 0.324405 0.338598 0.352523 0.366106 0.379277 0.391966 0.404105 0.415629 0.426475 0.436586 0.445906 0.454385 0.461975 0.468637 0.474334 0.479034 0.482713 0.485349 0.48693 0.487446 0.486894 0.485278 0.482606 0.478893 0.474159 0.468429 0.461736 0.454115 0.445608 0.436262 0.426127 0.415259 0.403716 0.391561 0.378859 0.365679 0.352089 0.338161 0.323968 0.309581 0.295073 0.280515 0.265977 0.251526 0.237227 0.223143 0.209333 0.195851 0.182748 0.17007 0.157861 0.146156 0.134989 0.124388 0.114376 0.104975 0.0961977 0.088058 0.0805643 0.0737226 0.0675364 0.0620072 0.0571352 0.052919 0.0493567 0.0464462 0.0441852 0.0425714 0.0416044 
0.0434115 0.0437498 0.0447628 0.0464528 0.0488217 0.0518717 0.0556054 0.060025 0.0651323 0.0709284 0.077413 0.0845839 0.0924371 0.100966 0.110159 0.120005 0.130486 0.14158 0.153263 0.165502 0.178264 0.191508 0.20519 0.219261 0.233667 0.24835 0.263248 0.278297 0.293428 0.30857 0.323652 0.338598 0.353335 0.367788 0.381881 0.395542 0.408699 0.421281 0.433223 0.44446 0.454932 0.464582 0.473359 0.481216 0.48811 0.494004 0.498867 0.502672 0.5054 0.507034 0.507568 0.506997 0.505325 0.502561 0.49872 0.493822 0.487894 0.480967 0.473078 0.464271 0.454593 0.444096 0.432836 0.420874 0.408274 0.395103 0.381431 0.36733 0.352873 0.338136 0.323192 0.308117 0.292985 0.277867 0.262834 0.247955 0.233293 0.218911 0.204866 0.19121 0.177993 0.165259 0.153048 0.141393 0.130326 0.11987 0.110049 0.100877 0.0923685 0.0845333 0.077378 0.0709068 0.0651217 0.0600231 0.0556101 0.0518811 0.0488341 0.0464668 0.0447772 0.0437649 
0.0455395 0.0458934 0.046952 0.0487178 0.0511924 0.0543782 0.0582773 0.0628919 0.0682236 0.0742731 0.0810396 0.0885205 0.096711 0.105603 0.115187 0.125447 0.136365 0.147918 0.16008 0.172817 0.186093 0.199867 0.21409 0.228713 0.243678 0.258925 0.274391 0.290006 0.305702 0.321403 0.337036 0.352523 0.367788 0.382752 0.397341 0.411477 0.425087 0.438099 0.450445 0.46206 0.47288 0.48285 0.491916 0.500029 0.507147 0.513232 0.518251 0.522179 0.524993 0.526681 0.527231 0.526642 0.524917 0.522064 0.518099 0.513043 0.506923 0.499771 0.491624 0.482527 0.472529 0.461681 0.450042 0.437674 0.424643 0.411017 0.396868 0.382271 0.367301 0.352035 0.33655 0.320923 0.305231 0.289549 0.273949 0.258503 0.243277 0.228336 0.21374 0.199544 0.185799 0.172551 0.159843 0.14771 0.136185 0.125294 0.115059 0.105499 0.0966285 0.0884574 0.0809936 0.0742418 0.0682046 0.0628828 0.058276 0.0543827 0.0512011 0.0487291 0.0469649 0.045908 
0.0476377 0.0480069 0.0491103 0.0509503 0.0535286 0.0568473 0.0609085 0.0657142 0.0712657 0.0775633 0.0846057 0.0923899 0.10091 0.110158 0.120122 0.130787 0.142132 0.154133 0.166762 0.179985 0.193762 0.208051 0.222802 0.23796 0.253469 0.269264 0.28528 0.301445 0.317687 0.33393 0.350096 0.366106 0.381881 0.397341 0.412406 0.427001 0.441048 0.454474 0.467209 0.479187 0.490343 0.500619 0.509962 0.518322 0.525655 0.531922 0.537092 0.541137 0.544035 0.545772 0.546339 0.545733 0.543956 0.541019 0.536935 0.531728 0.525424 0.518055 0.509661 0.500286 0.489979 0.478794 0.466791 0.454032 0.440586 0.426522 0.411914 0.396838 0.381372 0.365594 0.349586 0.333425 0.317191 0.300961 0.284812 0.268815 0.253042 0.237558 0.222425 0.207703 0.193444 0.179696 0.166503 0.153904 0.141932 0.130615 0.119978 0.110039 0.100814 0.0923143 0.0845485 0.0775221 0.0712381 0.0656979 0.0609012 0.056847 0.0535335 0.0509589 0.0491215 0.0480208 
0.0496933 0.0500773 0.0512244 0.0531368 0.0558161 0.0592643 0.0634834 0.0684751 0.0742405 0.0807794 0.0880902 0.0961693 0.10501 0.114604 0.124938 0.135995 0.147754 0.16019 0.173272 0.186965 0.201228 0.216015 0.231275 0.246952 0.262986 0.27931 0.295857 0.312552 0.329321 0.346085 0.362764 0.379277 0.395542 0.411477 0.427001 0.442034 0.4565 0.470323 0.48343 0.495755 0.507232 0.517801 0.527408 0.536003 0.543541 0.549983 0.555296 0.559452 0.562431 0.564216 0.564798 0.564175 0.56235 0.559331 0.555136 0.549784 0.543304 0.535729 0.527099 0.517458 0.506856 0.495349 0.482998 0.469865 0.456021 0.441537 0.426488 0.410953 0.395011 0.378743 0.36223 0.345556 0.3288 0.312043 0.295363 0.278836 0.262533 0.246524 0.230874 0.215643 0.200886 0.186653 0.172992 0.159941 0.147535 0.135805 0.124777 0.114469 0.1049 0.0960812 0.0880219 0.0807284 0.0742043 0.0684514 0.0634699 0.059259 0.0558171 0.0531426 0.0512339 0.0500906 
0.0516933 0.0520917 0.053281 0.0552634 0.0580405 0.061614 0.0659858 0.0711574 0.0771296 0.0839019 0.0914721 0.099836 0.108987 0.118914 0.129604 0.14104 0.153199 0.166053 0.179572 0.193718 0.208448 0.223714 0.239464 0.255639 0.272176 0.289008 0.306064 0.323267 0.34054 0.357803 0.374973 0.391966 0.408699 0.425087 0.441048 0.4565 0.471364 0.485564 0.499026 0.51168 0.523462 0.53431 0.544168 0.552986 0.560718 0.567326 0.572774 0.577037 0.58009 0.581921 0.582518 0.581879 0.580008 0.576913 0.57261 0.567122 0.560475 0.552705 0.543851 0.533957 0.523076 0.511264 0.498581 0.485093 0.47087 0.455986 0.440517 0.424544 0.408147 0.39141 0.374416 0.35725 0.339995 0.322734 0.305546 0.288509 0.271699 0.255187 0.239039 0.223318 0.208082 0.193384 0.179271 0.165784 0.152961 0.140833 0.129427 0.118764 0.108863 0.0997356 0.0913927 0.0838411 0.077085 0.0711265 0.0659663 0.0616037 0.0580377 0.0552665 0.0532888 0.0521044 
0.0536247 0.054037 0.0552669 0.0573166 0.0601875 0.0638814 0.0683999 0.0737443 0.079915 0.0869112 0.0947303 0.103367 0.112815 0.123062 0.134094 0.145892 0.158433 0.171689 0.185625 0.200203 0.215379 0.231104 0.247321 0.263971 0.280989 0.298304 0.315844 0.333531 0.351284 0.36902 0.386656 0.404105 0.421281 0.438099 0.454474 0.470323 0.485564 0.50012 0.513917 0.526883 0.538952 0.550062 0.560157 0.569185 0.577101 0.583864 0.589441 0.593802 0.596928 0.5988 0.599412 0.598758 0.596843 0.593676 0.589273 0.583656 0.576853 0.568899 0.559833 0.549702 0.538557 0.526456 0.51346 0.499636 0.485055 0.469793 0.453927 0.437538 0.420711 0.403529 0.386078 0.368446 0.350716 0.332974 0.315303 0.297781 0.280488 0.263495 0.246873 0.230685 0.214992 0.199849 0.185303 0.1714 0.158178 0.145669 0.133901 0.122898 0.112678 0.103255 0.0946401 0.0868409 0.0798621 0.0737062 0.0683744 0.0638663 0.0601809 0.057317 0.055273 0.054049 
0.0554747 0.0559003 0.0571689 0.0592827 0.0622431 0.0660517 0.0707099 0.0762189 0.0825787 0.0897881 0.0978441 0.106741 0.116471 0.127023 0.13838 0.150522 0.163426 0.177062 0.191395 0.206383 0.221983 0.238141 0.254801 0.2719 0.289373 0.307145 0.325143 0.343286 0.361492 0.379675 0.39775 0.415629 0.433223 0.450445 0.467209 0.48343 0.499026 0.513917 0.528027 0.541286 0.553624 0.56498 0.575297 0.584522 0.592609 0.599517 0.605213 0.609668 0.61286 0.614773 0.615397 0.61473 0.612774 0.60954 0.605043 0.599306 0.592357 0.58423 0.574966 0.564613 0.553221 0.540849 0.52756 0.513421 0.498504 0.482887 0.466647 0.449868 0.432635 0.415034 0.397153 0.379081 0.360903 0.342708 0.32458 0.3066 0.28885 0.271403 0.254331 0.237701 0.221575 0.206009 0.191054 0.176755 0.163153 0.150282 0.138171 0.126844 0.116321 0.106617 0.0977435 0.0897086 0.0825177 0.0761739 0.0706786 0.0660318 0.0622328 0.0592804 0.0571733 0.0559116 
0.0572308 0.0576689 0.0589741 0.0611485 0.0641934 0.0681104 0.0729006 0.078565 0.0851033 0.092514 0.100794 0.109936 0.119932 0.13077 0.142434 0.154901 0.168147 0.182141 0.196846 0.212221 0.228218 0.244784 0.26186 0.279381 0.29728 0.315481 0.333908 0.352479 0.371108 0.38971 0.408196 0.426475 0.44446 0.46206 0.479187 0.495755 0.51168 0.526883 0.541286 0.554815 0.567404 0.578989 0.589511 0.598919 0.607165 0.614209 0.620015 0.624556 0.62781 0.62976 0.630396 0.629716 0.627723 0.624427 0.619843 0.613994 0.606909 0.598622 0.589175 0.578615 0.566994 0.554371 0.540809 0.526376 0.511147 0.495198 0.47861 0.461467 0.443856 0.425864 0.407581 0.389096 0.3705 0.351881 0.333324 0.314916 0.296736 0.278863 0.261369 0.244324 0.22779 0.211827 0.196487 0.181817 0.167858 0.154645 0.142211 0.130579 0.11977 0.109801 0.100683 0.0924256 0.0850345 0.0785133 0.0728637 0.0680859 0.0641796 0.0611436 0.0589768 0.0576795 
0.0588807 0.0593305 0.06067 0.0629011 0.0660251 0.0700433 0.074957 0.0807667 0.0874719 0.0950706 0.103559 0.112931 0.123176 0.134282 0.146231 0.159001 0.172566 0.186894 0.201946 0.217681 0.234048 0.250993 0.268456 0.28637 0.304665 0.323265 0.34209 0.361057 0.380079 0.399069 0.417935 0.436586 0.454932 0.47288 0.490343 0.507232 0.523462 0.538952 0.553624 0.567404 0.580224 0.592019 0.602731 0.612306 0.620698 0.627866 0.633775 0.638396 0.641706 0.643689 0.644337 0.643646 0.641618 0.638265 0.633601 0.62765 0.62044 0.612006 0.60239 0.59164 0.579807 0.566952 0.553139 0.538436 0.522918 0.506664 0.489754 0.472275 0.454313 0.435959 0.417304 0.398438 0.379454 0.36044 0.341487 0.32268 0.304102 0.285832 0.267946 0.250514 0.233602 0.217269 0.20157 0.186553 0.172261 0.158731 0.145994 0.134077 0.123002 0.112785 0.103439 0.0949738 0.0873957 0.0807087 0.0749147 0.0700145 0.0660078 0.0628936 0.0606711 0.0593405 
0.0604128 0.0608735 0.0622446 0.0645281 0.0677253 0.0718372 0.076865 0.082809 0.0896684 0.097441 0.106122 0.115706 0.126181 0.137533 0.149746 0.162796 0.176655 0.19129 0.206663 0.222729 0.239437 0.256732 0.27455 0.292825 0.311484 0.33045 0.349641 0.368972 0.388355 0.4077 0.426915 0.445906 0.464582 0.48285 0.500619 0.517801 0.53431 0.550062 0.56498 0.578989 0.592019 0.604005 0.61489 0.624618 0.633144 0.640425 0.646426 0.651119 0.654481 0.656495 0.657153 0.656451 0.654392 0.650987 0.64625 0.640206 0.632882 0.624315 0.614546 0.603622 0.591597 0.578531 0.564488 0.549538 0.533757 0.517223 0.500019 0.482232 0.46395 0.445265 0.426268 0.407053 0.387713 0.368339 0.349021 0.329847 0.310903 0.292269 0.274023 0.256235 0.238974 0.222301 0.206271 0.190934 0.176335 0.162512 0.149497 0.137317 0.125996 0.11555 0.105993 0.0973362 0.0895853 0.082745 0.0768177 0.0718043 0.0677047 0.0645183 0.0622442 0.0608828 
