3.22731e-05 3.31543e-05 3.65277e-05 4.25676e-05 5.15615e-05 6.39218e-05 8.01902e-05 0.000101043 0.000127297 0.000159913 0.0002 0.000248816 0.000307769 0.000378405 0.000462404 0.000561563 0.00067777 0.000812983 0.000969188 0.00114836 0.00135242 0.00158316 0.00184223 0.00213102 0.00245062 0.00280177 0.00318477 0.00359945 0.00404509 0.00452041 0.00502348 0.00555177 0.00610211 0.00667071 0.00725316 0.00784454 0.00843939 0.00903188 0.00961583 0.0101849 0.0107325 0.0112521 0.0117375 0.0121826 0.0125815 0.0129291 0.0132208 0.0134525 0.0136213 0.0137247 0.0137613 0.0137307 0.0136333 0.0134704 0.0132443 0.0129582 0.0126159 0.0122219 0.0117815 0.0113004 0.0107845 0.0102404 0.00967428 0.00909278 0.00850225 0.00790884 0.00731841 0.00673637 0.0061677 0.0056168 0.00508749 0.00458298 0.00410583 0.00365801 0.00324083 0.00285508 0.00250097 0.00217826 0.00188625 0.0016239 0.00138985 0.00118253 0.00100016 0.000840866 0.000702694 0.000583683 0.000481895 0.000395453 0.000322567 0.000261561 0.000210883 0.000169121 0.000135007 0.000107417 8.53767e-05 6.80509e-05 5.47446e-05 4.4896e-05 3.80716e-05 3.39701e-05 
3.31543e-05 3.40633e-05 3.75359e-05 4.37516e-05 5.30066e-05 6.57253e-05 8.24654e-05 0.000103923 0.000130938 0.0001645 0.000205749 0.000255979 0.000316638 0.000389315 0.000475737 0.00057775 0.000697293 0.000836376 0.000997036 0.0011813 0.00139113 0.00162838 0.00189472 0.00219157 0.00252004 0.00288089 0.00327442 0.00370044 0.00415819 0.00464634 0.00516292 0.00570532 0.00627027 0.00685387 0.0074516 0.0080584 0.00866868 0.00927646 0.00987539 0.0104589 0.0110205 0.0115533 0.0120509 0.0125071 0.012916 0.0132723 0.0135711 0.0138086 0.0139815 0.0140874 0.0141249 0.0140935 0.0139936 0.0138266 0.0135948 0.0133015 0.0129505 0.0125466 0.0120951 0.0116018 0.0110729 0.0105148 0.00993425 0.00933781 0.00873204 0.00812324 0.00751742 0.00692014 0.0063365 0.00577102 0.00522763 0.00470962 0.00421964 0.00375971 0.00333121 0.00293492 0.0025711 0.00223948 0.00193939 0.00166974 0.00142916 0.00121603 0.00102853 0.000864738 0.000722656 0.000600269 0.000495588 0.000406684 0.00033172 0.000268972 0.000216847 0.000173893 0.000138805 0.000110428 8.77599e-05 6.99412e-05 5.62571e-05 4.61296e-05 3.91129e-05 3.48967e-05 
3.65277e-05 3.75359e-05 4.13609e-05 4.81994e-05 5.8375e-05 7.23516e-05 9.07379e-05 0.000114293 0.000143934 0.000180736 0.000225941 0.000280956 0.00034735 0.000426849 0.000521322 0.000632764 0.000763269 0.000915001 0.00109015 0.0012909 0.00151935 0.00177746 0.00206702 0.00238952 0.00274614 0.00313765 0.00356431 0.00402588 0.00452152 0.00504972 0.00560833 0.00619449 0.00680465 0.00743458 0.0080794 0.00873363 0.00939128 0.0100459 0.0106907 0.0113186 0.0119226 0.0124955 0.0130303 0.0135204 0.0139596 0.0143421 0.0146629 0.0149178 0.0151032 0.0152167 0.0152568 0.0152228 0.0151154 0.0149359 0.0146869 0.0143717 0.0139946 0.0135605 0.0130752 0.0125447 0.0119759 0.0113755 0.0107506 0.0101085 0.00945598 0.00879994 0.00814679 0.00750254 0.00687267 0.00626207 0.005675 0.00511503 0.00458505 0.00408726 0.00362321 0.00319378 0.00279928 0.00243948 0.00211367 0.00182072 0.00155919 0.00132735 0.00112326 0.000944865 0.000790016 0.000656549 0.00054232 0.00044525 0.000363351 0.00029476 0.000237748 0.000190741 0.000152323 0.000121239 9.6397e-05 7.68621e-05 6.18556e-05 5.07476e-05 4.30519e-05 3.84302e-05 
4.25676e-05 4.37516e-05 4.81994e-05 5.61369e-05 6.79354e-05 8.41269e-05 0.000105408 0.000132648 0.000166892 0.000209369 0.000261492 0.000324861 0.000401255 0.000492629 0.000601095 0.000728901 0.000878404 0.00105203 0.00125223 0.00148143 0.00174196 0.002036 0.00236549 0.00273206 0.00313696 0.00358099 0.00406437 0.00458675 0.00514709 0.00574364 0.00637391 0.00703461 0.00772171 0.00843043 0.00915526 0.00989004 0.0106281 0.0113621 0.0120846 0.0127877 0.0134635 0.0141042 0.0147019 0.0152494 0.0157398 0.0161667 0.0165245 0.0168087 0.0170153 0.0171416 0.017186 0.0171478 0.0170276 0.0168271 0.0165489 0.0161968 0.0157754 0.0152903 0.0147477 0.0141545 0.0135181 0.012846 0.0121462 0.0114265 0.0106948 0.00995864 0.00922515 0.00850108 0.0077926 0.00710522 0.00644374 0.00581223 0.00521399 0.00465156 0.00412673 0.00364058 0.00319353 0.00278539 0.00241542 0.00208243 0.00178484 0.00152076 0.00128805 0.00108442 0.000907486 0.000754826 0.000624038 0.000512781 0.00041882 0.000340048 0.000274512 0.000220425 0.000176181 0.000140353 0.000111696 8.91463e-05 7.1814e-05 5.89798e-05 5.00881e-05 4.4752e-05 
5.15615e-05 5.30066e-05 5.8375e-05 6.79354e-05 8.2129e-05 0.000101586 0.000127133 0.000159796 0.00020081 0.000251622 0.000313895 0.000389506 0.000480541 0.000589282 0.000718189 0.000869877 0.00104707 0.00125258 0.00148922 0.00175976 0.00206686 0.00241298 0.00280031 0.00323065 0.00370536 0.00422523 0.00479045 0.00540049 0.00605402 0.00674893 0.00748221 0.00825 0.00904755 0.00986926 0.0107088 0.0115589 0.0124119 0.0132596 0.0140931 0.0149036 0.015682 0.0164194 0.0171069 0.0177362 0.0182995 0.0187896 0.0192002 0.0195261 0.0197628 0.0199074 0.019958 0.0199137 0.0197754 0.0195448 0.019225 0.0188203 0.0183358 0.017778 0.0171538 0.0164711 0.0157381 0.0149637 0.0141568 0.0133264 0.0124814 0.0116304 0.0107819 0.00994343 0.00912221 0.00832462 0.00755627 0.00682192 0.00612548 0.00546995 0.00485753 0.00428956 0.00376663 0.00328862 0.00285478 0.00246381 0.00211396 0.0018031 0.00152882 0.00128851 0.00107944 0.000898822 0.000743884 0.000611919 0.00050033 0.000406665 0.000328644 0.000264179 0.000211386 0.000168589 0.000134324 0.000107338 8.65813e-05 7.12037e-05 6.05491e-05 5.41602e-05 
6.39218e-05 6.57253e-05 7.23516e-05 8.41269e-05 0.000101586 0.000125493 0.000156846 0.000196885 0.000247098 0.000309225 0.000385262 0.000477457 0.000588302 0.000720516 0.000877023 0.00106092 0.00127542 0.00152383 0.00180944 0.00213549 0.00250505 0.00292096 0.00338569 0.00390128 0.0044692 0.00509027 0.00576456 0.00649128 0.00726876 0.00809434 0.00896437 0.00987417 0.010818 0.0117893 0.0127805 0.0137831 0.014788 0.0157855 0.0167655 0.0177175 0.0186311 0.0194957 0.0203013 0.0210382 0.0216973 0.0222704 0.0227503 0.0231309 0.0234073 0.0235758 0.0236344 0.0235822 0.02342 0.0231499 0.0227755 0.0223016 0.0217343 0.0210808 0.0203493 0.0195487 0.0186888 0.0177796 0.0168315 0.015855 0.0148604 0.013858 0.0128574 0.0118676 0.0108972 0.00995358 0.00904352 0.00817268 0.00734577 0.00656647 0.00583746 0.00516049 0.00453636 0.00396508 0.00344588 0.00297735 0.00255752 0.00218395 0.0018539 0.00156431 0.00131202 0.00109377 0.000906285 0.000746384 0.00061099 0.000497192 0.000402277 0.000323754 0.000259368 0.000207113 0.000165231 0.000132214 0.000106798 8.79592e-05 7.49046e-05 6.70827e-05 
8.01902e-05 8.24654e-05 9.07379e-05 0.000105408 0.000127133 0.000156846 0.000195769 0.000245414 0.000307595 0.000384428 0.000478335 0.000592036 0.000728541 0.000891123 0.00108329 0.00130876 0.00157136 0.001875 0.00222359 0.00262094 0.00307063 0.00357595 0.00413975 0.00476431 0.00545124 0.00620136 0.00701456 0.00788975 0.00882474 0.00981621 0.0108596 0.0119493 0.0130783 0.0142387 0.0154214 0.0166163 0.0178127 0.018999 0.0201632 0.0212932 0.0223765 0.0234009 0.0243547 0.0252264 0.0260057 0.0266829 0.0272496 0.0276987 0.0280246 0.0282231 0.0282917 0.0282295 0.0280374 0.0277179 0.027275 0.0267144 0.0260432 0.0252697 0.0244036 0.0234551 0.0224357 0.021357 0.0202314 0.019071 0.0178881 0.0166947 0.0155022 0.0143214 0.0131623 0.012034 0.0109445 0.00990058 0.00890809 0.00797151 0.00709422 0.00627845 0.00552532 0.00483501 0.00420675 0.003639 0.00312954 0.00267559 0.00227393 0.00192103 0.00161313 0.0013464 0.00111695 0.000920982 0.00075482 0.000614972 0.000498173 0.00040142 0.000321988 0.000257444 0.000205655 0.000164788 0.000133304 0.000109953 9.37703e-05 8.40811e-05 
0.000101043 0.000103923 0.000114293 0.000132648 0.000159796 0.000196885 0.000245414 0.000307239 0.000384575 0.00048001 0.000596493 0.000737332 0.000906175 0.00110698 0.00134398 0.00162163 0.00194453 0.00231733 0.00274468 0.00323106 0.00378068 0.00439737 0.00508438 0.00584429 0.00667886 0.00758884 0.00857391 0.00963256 0.0107619 0.0119579 0.0132147 0.0145256 0.015882 0.0172743 0.0186917 0.020122 0.0215525 0.0229694 0.0243585 0.0257054 0.0269955 0.0282146 0.0293485 0.0303843 0.0313095 0.032113 0.0327851 0.0333174 0.0337033 0.0339381 0.0340188 0.0339445 0.033716 0.0333364 0.0328104 0.0321445 0.031347 0.0304278 0.0293978 0.0282694 0.0270557 0.0257706 0.0244284 0.0230436 0.0216306 0.0202037 0.0187763 0.0173614 0.0159709 0.0146157 0.0133055 0.0120487 0.0108521 0.00972151 0.00866104 0.00767359 0.00676071 0.0059228 0.00515914 0.00446806 0.00384704 0.0032929 0.00280189 0.00236987 0.00199241 0.00166494 0.00138286 0.0011416 0.000936755 0.000764114 0.000619735 0.00049998 0.00040154 0.000321456 0.000257128 0.000206316 0.000167139 0.000138066 0.000117914 0.000105856 
0.000127297 0.000130938 0.000143934 0.000166892 0.00020081 0.000247098 0.000307595 0.000384575 0.000480752 0.000599281 0.000743757 0.000918201 0.00112704 0.00137505 0.00166734 0.00200925 0.0024063 0.00286403 0.00338795 0.00398335 0.00465516 0.00540781 0.00624504 0.00716973 0.00818376 0.0092878 0.0104812 0.0117619 0.0131263 0.014569 0.0160832 0.0176602 0.0192901 0.0209609 0.0226597 0.024372 0.0260825 0.027775 0.0294326 0.0310383 0.0325748 0.0340255 0.0353739 0.0366046 0.0377032 0.0386567 0.0394537 0.0400846 0.0405418 0.0408196 0.0409146 0.0408258 0.0405542 0.0401032 0.0394785 0.0386875 0.0377401 0.0366475 0.0354227 0.0340801 0.0326351 0.0311039 0.0295034 0.0278506 0.0261627 0.0244562 0.0227475 0.0210518 0.0193835 0.0177556 0.0161798 0.0146663 0.0132235 0.0118584 0.0105762 0.00938074 0.00827403 0.00725677 0.00632836 0.00548699 0.00472985 0.00405329 0.00345295 0.00292399 0.00246118 0.0020591 0.00171226 0.0014152 0.00116264 0.000949492 0.000771004 0.000622767 0.000500763 0.000401393 0.000321486 0.000258307 0.000209554 0.000173356 0.000148259 0.000133253 
0.000159913 0.0001645 0.000180736 0.000209369 0.000251622 0.000309225 0.000384428 0.00048001 0.000599281 0.000746083 0.000924784 0.00114026 0.00139785 0.00170333 0.00206283 0.00248275 0.00296967 0.00353018 0.00417079 0.00489771 0.0057167 0.00663287 0.00765048 0.00877274 0.0100016 0.0113376 0.0127796 0.0143249 0.0159688 0.0177047 0.0195241 0.0214165 0.0233697 0.0253695 0.0274002 0.0294447 0.0314847 0.033501 0.0354737 0.0373828 0.039208 0.0409297 0.0425288 0.0439872 0.0452882 0.0464167 0.0473594 0.0481053 0.0486453 0.0489731 0.0490848 0.048979 0.048657 0.0481229 0.0473829 0.0464461 0.0453236 0.0440285 0.0425761 0.040983 0.0392671 0.0374476 0.0355442 0.0335768 0.0315656 0.0295304 0.0274902 0.0254634 0.0234669 0.0215165 0.0196261 0.0178081 0.0160728 0.0144288 0.0128826 0.011439 0.0101006 0.0088688 0.00774295 0.00672122 0.00580047 0.00497654 0.00424441 0.0035984 0.00303239 0.00253997 0.00211461 0.0017498 0.0014392 0.00117673 0.000956657 0.000773645 0.000622836 0.000499861 0.000400866 0.00032252 0.000262014 0.000217064 0.000185894 0.000167266 
0.0002 0.000205749 0.000225941 0.000261492 0.000313895 0.000385262 0.000478335 0.000596493 0.000743757 0.000924784 0.00114486 0.00140985 0.00172621 0.00210085 0.00254111 0.00305462 0.00364918 0.00433261 0.00511253 0.00599622 0.00699037 0.00810082 0.00933238 0.0106886 0.0121714 0.0137811 0.0155161 0.0173727 0.0193449 0.0214245 0.0236012 0.0258622 0.0281928 0.0305759 0.0329928 0.0354233 0.0378456 0.0402372 0.0425747 0.0448344 0.046993 0.0490273 0.0509152 0.0526358 0.0541697 0.0554993 0.0566095 0.0574873 0.0581225 0.0585077 0.0586384 0.058513 0.0581332 0.0575033 0.056631 0.0555264 0.0542024 0.0526743 0.0509596 0.0490777 0.0470494 0.0448968 0.0426431 0.0403116 0.0379257 0.0355089 0.0330836 0.0306714 0.0282925 0.0259657 0.0237076 0.0215332 0.019455 0.0174835 0.0156268 0.0138908 0.0122793 0.0107939 0.00943435 0.0081988 0.00708379 0.00608461 0.00519549 0.00440985 0.00372054 0.00312 0.00260053 0.00215439 0.00177404 0.0014522 0.00118199 0.000956999 0.000771373 0.000619833 0.000497711 0.000400969 0.000326198 0.000270617 0.000232067 0.000209041 
0.000248816 0.000255979 0.000280956 0.000324861 0.000389506 0.000477457 0.000592036 0.000737332 0.000918201 0.00114026 0.00140985 0.00173405 0.00212053 0.00257758 0.00311392 0.00373858 0.00446079 0.00528971 0.00623427 0.00730292 0.00850334 0.0098422 0.0113249 0.0129552 0.014735 0.0166643 0.0187408 0.0209594 0.0233129 0.0257911 0.0283813 0.0310683 0.0338341 0.0366587 0.0395198 0.0423935 0.0452542 0.0480754 0.0508298 0.05349 0.0560287 0.0584192 0.0606359 0.0626545 0.0644529 0.0660109 0.067311 0.0683384 0.0690814 0.0695315 0.0696837 0.0695361 0.0690905 0.0683521 0.0673295 0.0660344 0.0644816 0.0626886 0.0606756 0.0584648 0.0560804 0.053548 0.0508941 0.0481461 0.0453313 0.0424769 0.0396093 0.0367539 0.0339346 0.0311735 0.0284906 0.0259038 0.0234281 0.0210763 0.0188585 0.0167819 0.0148514 0.0130696 0.0114364 0.00995004 0.00860677 0.00740133 0.00632714 0.00537662 0.00454147 0.00381285 0.00318171 0.00263893 0.00217556 0.00178295 0.00145288 0.00117772 0.000950412 0.000764633 0.00061476 0.000495921 0.000403998 0.000335627 0.000288196 0.00025988 
0.000307769 0.000316638 0.00034735 0.000401255 0.000480541 0.000588302 0.000728541 0.000906175 0.00112704 0.00139785 0.00172621 0.00212053 0.00258998 0.00314435 0.00379396 0.00454946 0.00542164 0.00642123 0.00755857 0.0088434 0.0102845 0.0118894 0.0136639 0.0156123 0.0177362 0.020035 0.0225054 0.0251412 0.027933 0.0308687 0.0339327 0.0371067 0.0403696 0.0436973 0.0470638 0.0504408 0.0537986 0.0571063 0.0603322 0.0634446 0.066412 0.0692037 0.0717902 0.0741439 0.0762393 0.0780535 0.0795665 0.0807615 0.0816253 0.0821481 0.0823241 0.0821515 0.0816322 0.0807721 0.079581 0.0780721 0.0762624 0.0741718 0.0718233 0.0692424 0.0664567 0.0634957 0.0603899 0.0571708 0.0538701 0.0505194 0.0471493 0.0437896 0.0404684 0.0372115 0.0340429 0.0309835 0.0280517 0.0252628 0.022629 0.0201594 0.0178605 0.0157353 0.0137848 0.012007 0.0103981 0.0089521 0.00766174 0.00651831 0.00551223 0.00463325 0.0038708 0.0032142 0.00265289 0.00217666 0.00177578 0.00144114 0.00116438 0.000937924 0.000755037 0.000609882 0.000497512 0.000413886 0.000355859 0.000321232 
0.000378405 0.000389315 0.000426849 0.000492629 0.000589282 0.000720516 0.000891123 0.00110698 0.00137505 0.00170333 0.00210085 0.00257758 0.00314435 0.00381271 0.00459475 0.00550295 0.00654988 0.00774795 0.00910909 0.0106444 0.0123639 0.0142759 0.0163868 0.0187009 0.0212197 0.0239419 0.0268628 0.0299746 0.0332658 0.0367215 0.0403232 0.0440489 0.0478735 0.0517691 0.0557048 0.0596479 0.0635638 0.0674168 0.0711704 0.0747881 0.0782338 0.0814725 0.0844707 0.0871969 0.0896223 0.0917208 0.0934699 0.0948507 0.0958481 0.0964513 0.0966538 0.0964534 0.0958523 0.0948572 0.0934791 0.091733 0.089638 0.0872166 0.0844949 0.0815018 0.0782688 0.0748294 0.0712184 0.0674721 0.0636267 0.0597186 0.0557835 0.0518556 0.0479678 0.0441506 0.0404317 0.0368362 0.0333858 0.030099 0.0269906 0.0240718 0.0213507 0.0188318 0.0165163 0.0144029 0.0124874 0.0107634 0.00922274 0.00785553 0.00665081 0.0055968 0.00468123 0.00389167 0.00321578 0.00264157 0.00215757 0.00175305 0.00141808 0.00114367 0.000921827 0.000745582 0.000609036 0.000507358 0.000436788 0.000394694 
0.000462404 0.000475737 0.000521322 0.000601095 0.000718189 0.000877023 0.00108329 0.00134398 0.00166734 0.00206283 0.00254111 0.00311392 0.00379396 0.00459475 0.00553041 0.00661541 0.0078643 0.00929134 0.0109102 0.0127334 0.0147722 0.0170357 0.019531 0.0222622 0.0252305 0.0284334 0.031865 0.0355153 0.0393703 0.043412 0.0476182 0.051963 0.056417 0.0609472 0.0655181 0.0700917 0.074628 0.0790862 0.0834244 0.0876011 0.0915752 0.0953071 0.0987588 0.101895 0.104683 0.107094 0.109102 0.110686 0.11183 0.112521 0.112753 0.112522 0.111831 0.110688 0.109105 0.107098 0.104689 0.101904 0.0987717 0.0953244 0.0915977 0.0876296 0.0834597 0.0791289 0.0746788 0.070151 0.0655864 0.0610246 0.0565034 0.0520583 0.047722 0.0435236 0.0394891 0.0356402 0.0319949 0.0285671 0.0253667 0.0223996 0.0196682 0.0171715 0.0149052 0.0128625 0.0110343 0.00940953 0.00797583 0.00671969 0.005627 0.00468338 0.00387449 0.00318636 0.00260558 0.00211955 0.0017166 0.00138611 0.00111864 0.000905952 0.000741037 0.000618162 0.000532858 0.000481996 
0.000561563 0.00057775 0.000632764 0.000728901 0.000869877 0.00106092 0.00130876 0.00162163 0.00200925 0.00248275 0.00305462 0.00373858 0.00454946 0.00550295 0.00661541 0.00790354 0.00938402 0.0110731 0.0129864 0.0151378 0.0175399 0.0202028 0.0231336 0.0263366 0.0298121 0.0335566 0.0375622 0.0418165 0.0463025 0.0509986 0.0558786 0.0609121 0.0660645 0.0712979 0.076571 0.0818401 0.0870598 0.0921831 0.0971629 0.101952 0.106504 0.110774 0.114721 0.118303 0.121486 0.124236 0.126526 0.128331 0.129634 0.13042 0.130683 0.130419 0.12963 0.128326 0.12652 0.124231 0.121481 0.1183 0.11472 0.110777 0.106511 0.101964 0.0971819 0.0922097 0.0870948 0.0818843 0.076625 0.0713622 0.0661393 0.0609973 0.0559741 0.0511038 0.0464168 0.0419389 0.0376915 0.0336916 0.0299515 0.0264788 0.0232771 0.0203461 0.0176816 0.0152764 0.0131206 0.0112018 0.00950623 0.00801848 0.00672246 0.00560167 0.00463958 0.00382001 0.00312739 0.00254702 0.00206526 0.00166968 0.00134919 0.00109409 0.000896132 0.000748551 0.000646068 0.000584987 
0.00067777 0.000697293 0.000763269 0.000878404 0.00104707 0.00127542 0.00157136 0.00194453 0.0024063 0.00296967 0.00364918 0.00446079 0.00542164 0.00654988 0.0078643 0.00938402 0.011128 0.0131148 0.0153618 0.0178846 0.0206969 0.0238096 0.0272301 0.0309624 0.0350058 0.0393553 0.0440007 0.0489269 0.0541132 0.0595341 0.0651586 0.0709513 0.0768722 0.0828774 0.0889198 0.0949494 0.100915 0.106762 0.112439 0.117893 0.123071 0.127923 0.132404 0.136468 0.140075 0.14319 0.145782 0.147825 0.149298 0.150187 0.150483 0.150183 0.14929 0.147814 0.145768 0.143174 0.140057 0.13645 0.132386 0.127908 0.123059 0.117886 0.112438 0.106769 0.10093 0.0949744 0.0889554 0.0829245 0.0769312 0.0710224 0.0652418 0.059629 0.0542194 0.0490434 0.0441265 0.0394889 0.0351459 0.0311073 0.0273781 0.023959 0.020846 0.0180318 0.0155055 0.0132537 0.0112608 0.00950965 0.00798198 0.00665899 0.00552176 0.00455167 0.00373075 0.00304198 0.00246954 0.00199896 0.00161729 0.00131321 0.00107705 0.000900882 0.000778514 0.000705608 
0.000812983 0.000836376 0.000915001 0.00105203 0.00125258 0.00152383 0.001875 0.00231733 0.00286403 0.00353018 0.00433261 0.00528971 0.00642123 0.00774795 0.00929134 0.0110731 0.0131148 0.0154372 0.0180595 0.0209992 0.0242711 0.0278867 0.0318535 0.0361749 0.0408491 0.045869 0.0512219 0.0568891 0.0628463 0.0690629 0.0755032 0.0821258 0.0888848 0.0957299 0.102607 0.109461 0.116232 0.122861 0.129289 0.135456 0.141305 0.146781 0.151832 0.15641 0.160471 0.163974 0.166888 0.169183 0.170837 0.171835 0.172166 0.171828 0.170824 0.169164 0.166863 0.163945 0.160438 0.156375 0.151796 0.146746 0.141271 0.135426 0.129264 0.122844 0.116223 0.109462 0.10262 0.0957553 0.0889235 0.0821784 0.0755698 0.0691435 0.0629403 0.056996 0.0513405 0.045998 0.040987 0.0363199 0.0320038 0.0280403 0.0244262 0.0211538 0.0182118 0.0155855 0.0132577 0.0112093 0.00941968 0.00786762 0.00653161 0.0053904 0.00442338 0.00361099 0.00293497 0.00237859 0.00192685 0.00156659 0.00128658 0.00107758 0.00093236 0.000845868 
0.000969188 0.000997036 0.00109015 0.00125223 0.00148922 0.00180944 0.00222359 0.00274468 0.00338795 0.00417079 0.00511253 0.00623427 0.00755857 0.00910909 0.0109102 0.0129864 0.0153618 0.0180595 0.021101 0.0245052 0.028288 0.0324615 0.0370331 0.0420051 0.0473743 0.0531313 0.05926 0.0657382 0.0725367 0.07962 0.0869463 0.0944683 0.102133 0.109884 0.11766 0.125398 0.133032 0.140496 0.147724 0.154651 0.161213 0.16735 0.173006 0.178126 0.182665 0.186578 0.18983 0.19239 0.194235 0.195346 0.195715 0.195337 0.194216 0.192362 0.189794 0.186535 0.182615 0.178072 0.172948 0.167292 0.161155 0.154595 0.147673 0.140452 0.132996 0.125372 0.117646 0.109883 0.102147 0.0944977 0.0869918 0.0796816 0.0726143 0.0658312 0.0593675 0.0532519 0.0475066 0.0421472 0.0371829 0.032617 0.0284471 0.0246656 0.0212606 0.0182164 0.0155141 0.0131326 0.011049 0.00923932 0.00767937 0.00634502 0.00521284 0.00426046 0.00346697 0.00281316 0.00228174 0.00185752 0.00152754 0.00128108 0.00110979 0.00100781 
0.00114836 0.0011813 0.0012909 0.00148143 0.00175976 0.00213549 0.00262094 0.00323106 0.00398335 0.00489771 0.00599622 0.00730292 0.0088434 0.0106444 0.0127334 0.0151378 0.0178846 0.0209992 0.0245052 0.0284231 0.0327697 0.0375573 0.0427931 0.0484782 0.0546073 0.0611681 0.0681411 0.0754994 0.0832088 0.0912279 0.0995088 0.107997 0.116633 0.125352 0.134087 0.142765 0.151315 0.159663 0.167736 0.175463 0.182775 0.189606 0.195894 0.201582 0.20662 0.21096 0.214565 0.217401 0.219443 0.220674 0.221081 0.220661 0.219418 0.217364 0.214516 0.210902 0.206552 0.201508 0.195814 0.189522 0.18269 0.175379 0.167655 0.159587 0.151247 0.142707 0.134041 0.125321 0.116618 0.107999 0.0995283 0.0912659 0.0832653 0.0755741 0.0682333 0.0612765 0.0547304 0.0486141 0.0429396 0.0377122 0.0329305 0.0285874 0.0246706 0.0211635 0.0180456 0.0152936 0.0128823 0.010785 0.00897459 0.00742385 0.00610629 0.00499654 0.00407079 0.0033071 0.00268571 0.0021892 0.00180267 0.0015138 0.00131298 0.00119344 
0.00135242 0.00139113 0.00151935 0.00174196 0.00206686 0.00250505 0.00307063 0.00378068 0.00465516 0.0057167 0.00699037 0.00850334 0.0102845 0.0123639 0.0147722 0.0175399 0.0206969 0.0242711 0.028288 0.0327697 0.0377337 0.0431924 0.0491523 0.0556128 0.0625662 0.0699969 0.077881 0.0861869 0.0948744 0.103896 0.113196 0.122714 0.132382 0.142127 0.151874 0.161544 0.171056 0.180331 0.189289 0.197851 0.205943 0.213495 0.220439 0.226714 0.232267 0.237048 0.241016 0.244136 0.246382 0.247734 0.24818 0.247718 0.24635 0.244089 0.240955 0.236974 0.232181 0.226618 0.220334 0.213384 0.205829 0.197736 0.189175 0.180221 0.170954 0.161451 0.151793 0.142061 0.132332 0.122683 0.113185 0.103906 0.0949053 0.0862388 0.0779535 0.0700888 0.0626761 0.0557387 0.0492921 0.0433436 0.0378936 0.0329357 0.0284574 0.0244412 0.0208653 0.0177043 0.0149305 0.0125145 0.0104259 0.00863443 0.00711029 0.00582489 0.00475128 0.00386458 0.00314233 0.00256468 0.00211461 0.00177806 0.00154402 0.00140474 
0.00158316 0.00162838 0.00177746 0.002036 0.00241298 0.00292096 0.00357595 0.00439737 0.00540781 0.00663287 0.00810082 0.0098422 0.0118894 0.0142759 0.0170357 0.0202028 0.0238096 0.0278867 0.0324615 0.0375573 0.0431924 0.0493789 0.0561221 0.0634194 0.0712601 0.0796247 0.0884847 0.0978025 0.107532 0.117618 0.127998 0.138603 0.149358 0.160181 0.170988 0.181693 0.192208 0.202446 0.212319 0.221744 0.230641 0.238933 0.24655 0.253427 0.259506 0.264736 0.269074 0.272483 0.274936 0.276412 0.276898 0.276392 0.274898 0.272427 0.269 0.264646 0.259401 0.253308 0.24642 0.238794 0.230496 0.221596 0.21217 0.202299 0.192068 0.181561 0.170868 0.160076 0.14927 0.138536 0.127952 0.117595 0.107532 0.0978269 0.0885328 0.0796957 0.0713526 0.0635315 0.0562516 0.0495232 0.0433486 0.0377225 0.0326327 0.0280609 0.0239839 0.0203746 0.0172027 0.0144359 0.0120406 0.00998329 0.00823059 0.00675051 0.00551277 0.00448934 0.00365482 0.00298673 0.00246579 0.00207601 0.00180486 0.00164354 
0.00184223 0.00189472 0.00206702 0.00236549 0.00280031 0.00338569 0.00413975 0.00508438 0.00624504 0.00765048 0.00933238 0.0113249 0.0136639 0.0163868 0.019531 0.0231336 0.0272301 0.0318535 0.0370331 0.0427931 0.0491523 0.0561221 0.0637062 0.0718997 0.0806882 0.0900477 0.0999444 0.110334 0.121164 0.132372 0.143887 0.15563 0.167519 0.179464 0.191372 0.203148 0.214698 0.225925 0.236737 0.247045 0.256761 0.265807 0.274106 0.281592 0.288204 0.293887 0.298598 0.302297 0.304958 0.306558 0.307085 0.306535 0.304913 0.302231 0.298511 0.293781 0.288079 0.281451 0.273951 0.26564 0.256585 0.246862 0.236552 0.22574 0.214517 0.202975 0.19121 0.179317 0.16739 0.155522 0.143801 0.132311 0.12113 0.110327 0.0999637 0.0900934 0.080759 0.0719939 0.0638216 0.056256 0.0493016 0.0429548 0.0372036 0.0320298 0.0274088 0.0233116 0.0197056 0.0165555 0.0138246 0.0114756 0.00947185 0.00777755 0.00635892 0.00518456 0.00422595 0.0034578 0.00285835 0.00240956 0.00209726 0.00191151 
0.00213102 0.00219157 0.00238952 0.00273206 0.00323065 0.00390128 0.00476431 0.00584429 0.00716973 0.00877274 0.0106886 0.0129552 0.0156123 0.0187009 0.0222622 0.0263366 0.0309624 0.0361749 0.0420051 0.0484782 0.0556128 0.0634194 0.0718997 0.0810456 0.0908388 0.10125 0.112239 0.123756 0.13574 0.148119 0.160815 0.173741 0.186804 0.199906 0.212946 0.22582 0.238426 0.250662 0.262427 0.273627 0.284172 0.293975 0.30296 0.311055 0.318198 0.324333 0.329414 0.333402 0.336269 0.337992 0.338559 0.337967 0.336218 0.333327 0.329314 0.324211 0.318054 0.310892 0.302779 0.29378 0.283964 0.273411 0.262205 0.250437 0.238204 0.225604 0.21274 0.199714 0.18663 0.173588 0.160686 0.148017 0.135666 0.123712 0.112225 0.101266 0.0908836 0.0811179 0.0719971 0.0635393 0.055752 0.0486333 0.0421725 0.036351 0.0311434 0.0265192 0.0224432 0.0188773 0.0157816 0.0131151 0.0108375 0.00890909 0.00729251 0.00595274 0.00485796 0.00397986 0.00329406 0.00278032 0.00242272 0.00221005 
0.00245062 0.00252004 0.00274614 0.00313696 0.00370536 0.0044692 0.00545124 0.00667886 0.00818376 0.0100016 0.0121714 0.014735 0.0177362 0.0212197 0.0252305 0.0298121 0.0350058 0.0408491 0.0473743 0.0546073 0.0625662 0.0712601 0.0806882 0.0908388 0.101689 0.113203 0.125335 0.138027 0.15121 0.164803 0.178719 0.192862 0.20713 0.221415 0.235608 0.249597 0.263272 0.276524 0.289247 0.301341 0.312711 0.323269 0.332933 0.341631 0.349297 0.355877 0.361322 0.365594 0.368663 0.370507 0.371113 0.370479 0.368606 0.36551 0.361212 0.355741 0.349136 0.341447 0.332728 0.323046 0.312473 0.301091 0.288988 0.27626 0.263008 0.249337 0.235356 0.221176 0.206909 0.192662 0.178544 0.164656 0.151093 0.137943 0.125284 0.113185 0.101703 0.0908849 0.0807637 0.0713623 0.0626918 0.0547528 0.0475357 0.0410225 0.0351872 0.0299976 0.0254164 0.0214027 0.0179133 0.0149036 0.0123293 0.010147 0.0083153 0.00679554 0.00555237 0.00455433 0.00377424 0.00318951 0.00278236 0.00254028 
0.00280177 0.00288089 0.00313765 0.00358099 0.00422523 0.00509027 0.00620136 0.00758884 0.0092878 0.0113376 0.0137811 0.0166643 0.020035 0.0239419 0.0284334 0.0335566 0.0393553 0.045869 0.0531313 0.0611681 0.0699969 0.0796247 0.0900477 0.10125 0.113203 0.125866 0.139184 0.153091 0.16751 0.182351 0.197517 0.212902 0.228394 0.243878 0.259234 0.274345 0.28909 0.303356 0.317032 0.330011 0.342196 0.353495 0.363825 0.373112 0.381289 0.388301 0.394099 0.398645 0.401909 0.403869 0.404514 0.403839 0.401847 0.398553 0.393978 0.388151 0.381112 0.372909 0.363599 0.353247 0.341929 0.329729 0.316737 0.303054 0.288785 0.27404 0.258937 0.243592 0.228124 0.212653 0.197293 0.182156 0.167347 0.152963 0.139091 0.12581 0.113184 0.101266 0.0900976 0.0797055 0.0701055 0.0613007 0.0532838 0.0460372 0.0395348 0.033743 0.0286227 0.0241302 0.0202189 0.0168407 0.0139474 0.0114916 0.00942788 0.00771364 0.00630992 0.00518195 0.00429962 0.00363787 0.00317694 0.00290293 
0.00318477 0.00327442 0.00356431 0.00406437 0.00479045 0.00576456 0.00701456 0.00857391 0.0104812 0.0127796 0.0155161 0.0187408 0.0225054 0.0268628 0.031865 0.0375622 0.0440007 0.0512219 0.05926 0.0681411 0.077881 0.0884847 0.0999444 0.112239 0.125335 0.139184 0.153723 0.168878 0.18456 0.200673 0.217108 0.23375 0.250477 0.267164 0.283684 0.29991 0.315718 0.330985 0.345597 0.359444 0.372423 0.384442 0.395416 0.40527 0.413938 0.421364 0.427499 0.432306 0.435756 0.437828 0.438509 0.437795 0.435691 0.432209 0.42737 0.421204 0.413748 0.405052 0.39517 0.384171 0.37213 0.359131 0.345269 0.330646 0.315372 0.299563 0.28334 0.26683 0.250157 0.23345 0.216833 0.200428 0.184348 0.168702 0.153586 0.139087 0.125278 0.112222 0.0999648 0.0885406 0.0779692 0.0682577 0.0594009 0.0513823 0.044176 0.0377476 0.032056 0.027055 0.0226949 0.0189241 0.0156902 0.0129418 0.0106295 0.00870662 0.00713045 0.00586275 0.00487035 0.00412561 0.00360671 0.00329829 
0.00359945 0.00370044 0.00402588 0.00458675 0.00540049 0.00649128 0.00788975 0.00963256 0.0117619 0.0143249 0.0173727 0.0209594 0.0251412 0.0299746 0.0355153 0.0418165 0.0489269 0.0568891 0.0657382 0.0754994 0.0861869 0.0978025 0.110334 0.123756 0.138027 0.153091 0.168878 0.185302 0.202268 0.219666 0.237378 0.25528 0.27324 0.291124 0.308797 0.326124 0.342973 0.359219 0.374741 0.389427 0.403172 0.415882 0.427471 0.437864 0.446997 0.454813 0.461266 0.466318 0.469943 0.472119 0.472834 0.472085 0.469875 0.466217 0.461131 0.454645 0.446796 0.437632 0.427209 0.415591 0.402856 0.389088 0.374383 0.358846 0.34259 0.325735 0.308409 0.290743 0.272872 0.25493 0.237052 0.219369 0.202005 0.185077 0.168693 0.15295 0.137929 0.123702 0.110322 0.0978302 0.0862514 0.0755969 0.0658644 0.0570391 0.0490956 0.0419988 0.0357062 0.0301692 0.0253351 0.0211487 0.0175537 0.0144947 0.011918 0.00977287 0.00801278 0.00659587 0.00548583 0.00465233 0.0040714 0.00372614 
0.00404509 0.00415819 0.00452152 0.00514709 0.00605402 0.00726876 0.00882474 0.0107619 0.0131263 0.0159688 0.0193449 0.0233129 0.027933 0.0332658 0.0393703 0.0463025 0.0541132 0.0628463 0.0725367 0.0832088 0.0948744 0.107532 0.121164 0.13574 0.15121 0.16751 0.18456 0.202268 0.220524 0.23921 0.258199 0.277354 0.296535 0.315598 0.334401 0.352802 0.370663 0.387854 0.404251 0.419739 0.434212 0.447575 0.459743 0.470642 0.480208 0.488386 0.495133 0.500412 0.504197 0.506469 0.507216 0.506434 0.504128 0.500308 0.494994 0.488213 0.48 0.4704 0.459469 0.447269 0.433877 0.419378 0.403867 0.387451 0.370246 0.352375 0.333971 0.315172 0.296118 0.276954 0.257822 0.238862 0.220209 0.201992 0.184327 0.167321 0.151068 0.135645 0.121116 0.107528 0.0949123 0.0832843 0.0726454 0.0629832 0.0542729 0.0464796 0.0395592 0.0334612 0.02813 0.023507 0.019532 0.0161455 0.0132896 0.0109095 0.00895464 0.00737958 0.00614471 0.00521695 0.00457012 0.00418574 
0.00452041 0.00464634 0.00504972 0.00574364 0.00674893 0.00809434 0.00981621 0.0119579 0.014569 0.0177047 0.0214245 0.0257911 0.0308687 0.0367215 0.043412 0.0509986 0.0595341 0.0690629 0.07962 0.0912279 0.103896 0.117618 0.132372 0.148119 0.164803 0.182351 0.200673 0.219666 0.23921 0.259178 0.27943 0.29982 0.320198 0.340412 0.360313 0.379751 0.398584 0.416678 0.433906 0.45015 0.465306 0.479278 0.491983 0.503347 0.51331 0.521819 0.528833 0.534317 0.538247 0.540605 0.541381 0.540571 0.538178 0.534213 0.528693 0.521644 0.513099 0.503101 0.491701 0.478962 0.464958 0.449772 0.4335 0.416249 0.398137 0.37929 0.359845 0.339944 0.319736 0.299371 0.279002 0.258777 0.238844 0.219338 0.200389 0.182114 0.164616 0.147982 0.132286 0.11758 0.103904 0.0912787 0.0797087 0.0691843 0.0596825 0.0511683 0.043597 0.0369161 0.0310674 0.0259889 0.0216168 0.0178875 0.014739 0.0121122 0.00995266 0.00821116 0.00684481 0.00581769 0.00510136 0.00467572 
0.00502348 0.00516292 0.00560833 0.00637391 0.00748221 0.00896437 0.0108596 0.0132147 0.0160832 0.0195241 0.0236012 0.0283813 0.0339327 0.0403232 0.0476182 0.0558786 0.0651586 0.0755032 0.0869463 0.0995088 0.113196 0.127998 0.143887 0.160815 0.178719 0.197517 0.217108 0.237378 0.258199 0.27943 0.300921 0.322517 0.344059 0.365387 0.386342 0.406772 0.426529 0.445474 0.46348 0.48043 0.496217 0.510747 0.523941 0.535727 0.546047 0.554852 0.562103 0.567768 0.571826 0.574261 0.575062 0.574227 0.571759 0.567666 0.561965 0.554678 0.545837 0.53548 0.523657 0.510427 0.49586 0.480039 0.463059 0.445025 0.426056 0.406281 0.38584 0.36488 0.343554 0.322023 0.300444 0.278979 0.257781 0.236999 0.216773 0.19723 0.178485 0.160634 0.14376 0.127924 0.113173 0.0995324 0.0870126 0.0756067 0.0652936 0.056039 0.0477976 0.0405154 0.0341317 0.0285816 0.0237977 0.0197122 0.0162592 0.0133754 0.0110022 0.0090869 0.00758308 0.00645201 0.00566293 0.00519411 
0.00555177 0.00570532 0.00619449 0.00703461 0.00825 0.00987417 0.0119493 0.0145256 0.0176602 0.0214165 0.0258622 0.0310683 0.0371067 0.0440489 0.051963 0.0609121 0.0709513 0.0821258 0.0944683 0.107997 0.122714 0.138603 0.15563 0.173741 0.192862 0.212902 0.23375 0.25528 0.277354 0.29982 0.322517 0.345281 0.367944 0.390337 0.412297 0.433664 0.454287 0.474027 0.492753 0.510349 0.52671 0.541745 0.555376 0.567536 0.57817 0.587233 0.594689 0.600511 0.604679 0.607179 0.608003 0.607147 0.604614 0.600413 0.594556 0.587064 0.577964 0.567293 0.555094 0.541424 0.526351 0.509952 0.492321 0.473563 0.453795 0.433148 0.411765 0.389796 0.3674 0.344744 0.321995 0.29932 0.276885 0.25485 0.233364 0.212566 0.19258 0.173515 0.155462 0.138491 0.122657 0.107991 0.0945099 0.0822094 0.0710709 0.0610612 0.052135 0.0442371 0.0373046 0.0312698 0.0260618 0.0216092 0.0178416 0.0146919 0.0120977 0.0100021 0.00835563 0.00711661 0.00625195 0.00573828 
0.00610211 0.00627027 0.00680465 0.00772171 0.00904755 0.010818 0.0130783 0.015882 0.0192901 0.0233697 0.0281928 0.0338341 0.0403696 0.0478735 0.056417 0.0660645 0.0768722 0.0888848 0.102133 0.116633 0.132382 0.149358 0.167519 0.186804 0.20713 0.228394 0.250477 0.27324 0.296535 0.320198 0.344059 0.367944 0.391676 0.415079 0.437984 0.460227 0.481655 0.502125 0.521508 0.539687 0.556562 0.572044 0.586057 0.598541 0.609444 0.618726 0.626355 0.632308 0.636567 0.639121 0.639963 0.639091 0.636506 0.632216 0.62623 0.618566 0.609247 0.598306 0.585783 0.571728 0.556206 0.53929 0.521071 0.501652 0.481149 0.459693 0.437428 0.414508 0.391098 0.367368 0.343494 0.319652 0.296018 0.27276 0.250041 0.228008 0.206799 0.186532 0.167307 0.149206 0.132289 0.116596 0.102149 0.0889466 0.0769745 0.0662007 0.0565799 0.0480562 0.040565 0.0340357 0.0283944 0.0235659 0.019476 0.0160535 0.013232 0.010951 0.00915766 0.00780742 0.00686486 0.00630494 
0.00667071 0.00685387 0.00743458 0.00843043 0.00986926 0.0117893 0.0142387 0.0172743 0.0209609 0.0253695 0.0305759 0.0366587 0.0436973 0.0517691 0.0609472 0.0712979 0.0828774 0.0957299 0.109884 0.125352 0.142127 0.160181 0.179464 0.199906 0.221415 0.243878 0.267164 0.291124 0.315598 0.340412 0.365387 0.390337 0.415079 0.439431 0.463216 0.486269 0.508434 0.529566 0.549538 0.568236 0.585561 0.601429 0.61577 0.628526 0.639653 0.649114 0.656883 0.66294 0.667272 0.669869 0.670727 0.669842 0.667217 0.662856 0.656768 0.648966 0.639469 0.628305 0.615508 0.601125 0.585214 0.567845 0.549104 0.529091 0.50792 0.485723 0.462642 0.438836 0.414472 0.389727 0.364783 0.339825 0.315036 0.290597 0.266679 0.243444 0.221036 0.199588 0.179208 0.159989 0.141998 0.125283 0.109872 0.0957684 0.0829609 0.0714195 0.0610997 0.0519448 0.043889 0.0368593 0.0307786 0.0255684 0.0211507 0.0174504 0.0143971 0.0119269 0.00998357 0.00851963 0.0074974 0.00689018 
0.00725316 0.0074516 0.0080794 0.00915526 0.0107088 0.0127805 0.0154214 0.0186917 0.0226597 0.0274002 0.0329928 0.0395198 0.0470638 0.0557048 0.0655181 0.076571 0.0889198 0.102607 0.11766 0.134087 0.151874 0.170988 0.191372 0.212946 0.235608 0.259234 0.283684 0.308797 0.334401 0.360313 0.386342 0.412297 0.437984 0.463216 0.487814 0.511606 0.534436 0.556161 0.576654 0.595803 0.613514 0.629708 0.64432 0.657298 0.668602 0.678203 0.68608 0.692216 0.696602 0.699231 0.7001 0.699208 0.696554 0.692142 0.685978 0.678071 0.668436 0.657094 0.644075 0.62942 0.613181 0.595423 0.576227 0.555689 0.533921 0.511053 0.487227 0.462604 0.437353 0.411657 0.385704 0.359686 0.333797 0.308225 0.283153 0.258753 0.235182 0.212582 0.191073 0.170756 0.151708 0.133985 0.117619 0.102621 0.0889832 0.0766768 0.0656588 0.0558724 0.0472506 0.0397183 0.0331957 0.027601 0.0228526 0.0188716 0.015584 0.0129223 0.0108269 0.00924772 0.00814468 0.00748949 
0.00784454 0.0080584 0.00873363 0.00989004 0.0115589 0.0137831 0.0166163 0.020122 0.024372 0.0294447 0.0354233 0.0423935 0.0504408 0.0596479 0.0700917 0.0818401 0.0949494 0.109461 0.125398 0.142765 0.161544 0.181693 0.203148 0.22582 0.249597 0.274345 0.29991 0.326124 0.352802 0.379751 0.406772 0.433664 0.460227 0.486269 0.511606 0.536065 0.559488 0.581735 0.602678 0.622213 0.640247 0.656707 0.671535 0.684685 0.696124 0.705827 0.713779 0.719969 0.724392 0.727042 0.72792 0.727023 0.724352 0.719908 0.713693 0.705713 0.695977 0.684502 0.671312 0.656441 0.639933 0.62185 0.602266 0.581272 0.558978 0.535511 0.511013 0.485644 0.459578 0.433 0.406104 0.37909 0.352159 0.32551 0.299336 0.273818 0.249126 0.225412 0.202807 0.18142 0.16134 0.142629 0.125327 0.10945 0.0949918 0.0819291 0.0702195 0.0598064 0.0506217 0.0425888 0.0356255 0.0296466 0.0245673 0.0203053 0.0167827 0.0139287 0.0116806 0.00998552 0.00880121 0.00809778 
0.00843939 0.00866868 0.00939128 0.0106281 0.0124119 0.014788 0.0178127 0.0215525 0.0260825 0.0314847 0.0378456 0.0452542 0.0537986 0.0635638 0.074628 0.0870598 0.100915 0.116232 0.133032 0.151315 0.171056 0.192208 0.214698 0.238426 0.263272 0.28909 0.315718 0.342973 0.370663 0.398584 0.426529 0.454287 0.481655 0.508434 0.534436 0.559488 0.583433 0.60613 0.627457 0.647311 0.665607 0.682277 0.697269 0.710544 0.722075 0.731845 0.739843 0.746064 0.750507 0.753169 0.754052 0.753155 0.750477 0.746017 0.739774 0.731751 0.721951 0.710386 0.697071 0.682036 0.665317 0.64697 0.627063 0.605682 0.582933 0.558939 0.533842 0.507801 0.480993 0.453605 0.425836 0.397894 0.369986 0.342322 0.315103 0.288522 0.262758 0.237975 0.214314 0.191896 0.170816 0.151146 0.132931 0.116195 0.100935 0.0871312 0.0747422 0.0637122 0.0539728 0.0454456 0.0380463 0.031687 0.0262796 0.0217384 0.0179823 0.014937 0.0125368 0.0107263 0.00946099 0.00870946 
0.00903188 0.00927646 0.0100459 0.0113621 0.0132596 0.0157855 0.018999 0.0229694 0.027775 0.033501 0.0402372 0.0480754 0.0571063 0.0674168 0.0790862 0.0921831 0.106762 0.122861 0.140496 0.159663 0.180331 0.202446 0.225925 0.250662 0.276524 0.303356 0.330985 0.359219 0.387854 0.416678 0.445474 0.474027 0.502125 0.529566 0.556161 0.581735 0.60613 0.629209 0.650854 0.670966 0.689466 0.706292 0.721399 0.734756 0.746341 0.756145 0.764163 0.770394 0.774841 0.777506 0.778392 0.777497 0.774821 0.770361 0.764113 0.756074 0.746243 0.734625 0.72123 0.70608 0.689204 0.670651 0.650483 0.628781 0.605645 0.581195 0.555571 0.528932 0.501455 0.47333 0.444762 0.415962 0.387147 0.358534 0.330333 0.302748 0.27597 0.25017 0.225502 0.202095 0.180055 0.159461 0.140366 0.122798 0.106761 0.0922366 0.0791861 0.0675545 0.057273 0.0482621 0.0404356 0.0337029 0.0279732 0.0231574 0.0191713 0.0159374 0.0133873 0.0114628 0.0101175 0.00931853 
0.00961583 0.00987539 0.0106907 0.0120846 0.0140931 0.0167655 0.0201632 0.0243585 0.0294326 0.0354737 0.0425747 0.0508298 0.0603322 0.0711704 0.0834244 0.0971629 0.112439 0.129289 0.147724 0.167736 0.189289 0.212319 0.236737 0.262427 0.289247 0.317032 0.345597 0.374741 0.404251 0.433906 0.46348 0.492753 0.521508 0.549538 0.576654 0.602678 0.627457 0.650854 0.672756 0.693069 0.711719 0.728653 0.743831 0.75723 0.768836 0.778644 0.786658 0.792881 0.797319 0.799979 0.800865 0.799976 0.79731 0.792863 0.786628 0.778597 0.768764 0.757128 0.743693 0.728471 0.711488 0.692783 0.672412 0.65045 0.626991 0.602153 0.576072 0.548907 0.520834 0.492047 0.462753 0.433169 0.403518 0.374026 0.344911 0.316388 0.288655 0.261897 0.236276 0.211932 0.188978 0.167502 0.147565 0.1292 0.112416 0.0971982 0.0835098 0.071297 0.060491 0.0510114 0.0427702 0.0356747 0.0296314 0.0245482 0.0203378 0.01692 0.0142234 0.0121876 0.0107641 0.00991867 
0.0101849 0.0104589 0.0113186 0.0127877 0.0149036 0.0177175 0.0212932 0.0257054 0.0310383 0.0373828 0.0448344 0.05349 0.0634446 0.0747881 0.0876011 0.101952 0.117893 0.135456 0.154651 0.175463 0.197851 0.221744 0.247045 0.273627 0.301341 0.330011 0.359444 0.389427 0.419739 0.45015 0.48043 0.510349 0.539687 0.568236 0.595803 0.622213 0.647311 0.670966 0.693069 0.71353 0.732284 0.749282 0.764493 0.777899 0.789496 0.799285 0.807274 0.813473 0.817893 0.820541 0.821424 0.820542 0.817894 0.813471 0.807265 0.799262 0.789453 0.777829 0.764387 0.749133 0.732086 0.713277 0.692754 0.670588 0.646868 0.621705 0.595234 0.567612 0.539015 0.509637 0.479691 0.449397 0.418984 0.388685 0.358728 0.329335 0.300715 0.273062 0.246548 0.221322 0.197507 0.175199 0.154464 0.135343 0.117848 0.101969 0.087672 0.0749035 0.0635951 0.053666 0.0450266 0.0375824 0.0312371 0.0258962 0.0214696 0.0178742 0.0150361 0.0128927 0.0113936 0.0105033 
