0.000122271 0.000124907 0.000134465 0.000151283 0.000175893 0.00020905 0.000251725 0.000305107 0.000370598 0.000449805 0.000544534 0.000656772 0.000788673 0.000942529 0.00112074 0.00132579 0.00156017 0.00182638 0.00212681 0.00246373 0.00283921 0.00325502 0.00371259 0.00421294 0.00475657 0.00534346 0.00597293 0.00664365 0.00735357 0.00809991 0.00887911 0.00968689 0.0105182 0.0113673 0.0122279 0.0130929 0.013955 0.0148062 0.0156386 0.0164437 0.0172134 0.0179394 0.0186139 0.0192292 0.0197785 0.0202553 0.0206541 0.0209701 0.0211995 0.0213397 0.0213888 0.0213464 0.0212129 0.02099 0.0206804 0.0202879 0.0198172 0.0192737 0.0186638 0.0179945 0.0172733 0.016508 0.0157068 0.0148779 0.0140297 0.0131701 0.012307 0.0114479 0.0105996 0.00976866 0.00896069 0.00818078 0.00743325 0.00672167 0.00604887 0.00541692 0.00482722 0.00428046 0.00377674 0.0033156 0.00289607 0.00251678 0.00217599 0.00187169 0.00160166 0.00136353 0.00115485 0.000973141 0.000815951 0.000680893 0.000565684 0.000468177 0.000386381 0.000318484 0.000262869 0.000218117 0.000183021 0.000156587 0.000138039 0.000126835 
0.000124907 0.000127606 0.000137383 0.000154581 0.000179746 0.000213648 0.00025728 0.000311857 0.000378812 0.000459787 0.000556626 0.00067136 0.000806187 0.000963447 0.00114559 0.00135514 0.00159466 0.00186667 0.00217363 0.00251784 0.0029014 0.00332611 0.00379343 0.00430438 0.00485948 0.00545866 0.00610124 0.00678585 0.00751039 0.008272 0.00906706 0.00989117 0.0107392 0.0116053 0.0124829 0.013365 0.014244 0.0151119 0.0159604 0.0167811 0.0175656 0.0183055 0.0189928 0.0196199 0.0201795 0.0206653 0.0210716 0.0213935 0.0216272 0.0217699 0.0218199 0.0217766 0.0216405 0.0214134 0.0210979 0.0206979 0.0202182 0.0196643 0.0190428 0.0183607 0.0176255 0.0168455 0.0160288 0.0151838 0.0143189 0.0134425 0.0125624 0.0116862 0.010821 0.00997336 0.0091491 0.00835337 0.0075906 0.00686443 0.00617776 0.00553271 0.00493072 0.00437251 0.00385818 0.00338728 0.00295884 0.00257145 0.00222335 0.0019125 0.00163664 0.00139335 0.00118013 0.000994454 0.000833826 0.000695808 0.000578071 0.000478419 0.000394822 0.00032543 0.000268589 0.00022285 0.000186982 0.000159967 0.000141012 0.000129564 
0.000134465 0.000137383 0.0001479 0.000166383 0.000193415 0.000229817 0.00027665 0.000335209 0.000407018 0.000493828 0.000597599 0.00072049 0.000864834 0.00103311 0.00122793 0.00145194 0.00170786 0.00199835 0.00232599 0.0026932 0.00310218 0.00355481 0.00405258 0.00459655 0.00518721 0.00582446 0.00650752 0.0072349 0.00800432 0.00881272 0.00965622 0.0105301 0.011429 0.0123467 0.0132762 0.01421 0.0151402 0.0160582 0.0169555 0.0178231 0.0186521 0.0194338 0.0201598 0.0208219 0.0214127 0.0219254 0.0223541 0.0226937 0.0229402 0.0230906 0.0231431 0.0230972 0.0229535 0.0227136 0.0223804 0.021958 0.0214514 0.0208664 0.0202098 0.0194891 0.0187123 0.0178877 0.0170242 0.0161306 0.0152156 0.0142881 0.0133564 0.0124284 0.0115119 0.0106135 0.0097395 0.00889544 0.00808597 0.00731501 0.00658564 0.00590018 0.00526016 0.00466641 0.00411908 0.00361772 0.00316134 0.00274849 0.00237734 0.00204575 0.00175133 0.00149155 0.00126378 0.00106535 0.0008936 0.000745964 0.000619968 0.000513284 0.000423753 0.000349409 0.000288492 0.000239461 0.000201002 0.000172034 0.00015171 0.000139441 
0.000151283 0.000154581 0.000166383 0.000187096 0.000217364 0.000258099 0.000310472 0.000375913 0.000456108 0.000552985 0.000668702 0.000805634 0.000966341 0.00115355 0.00137009 0.00161888 0.00190287 0.00222494 0.0025879 0.00299435 0.00344665 0.00394679 0.00449636 0.00509642 0.00574746 0.00644927 0.00720092 0.0080007 0.00884605 0.00973354 0.0106589 0.0116169 0.0126016 0.0136061 0.0146229 0.0156439 0.0166602 0.0176627 0.0186419 0.0195882 0.0204921 0.021344 0.0221347 0.0228557 0.0234988 0.0240567 0.0245229 0.0248922 0.02516 0.0253233 0.0253802 0.02533 0.0251733 0.0249119 0.0245491 0.0240891 0.0235373 0.0229001 0.0221848 0.0213993 0.0205524 0.0196532 0.018711 0.0177356 0.0167364 0.0157229 0.0147043 0.0136892 0.0126859 0.011702 0.0107441 0.00981839 0.00893 0.00808326 0.00728162 0.00652767 0.00582318 0.00516911 0.00456571 0.00401255 0.00350863 0.00305241 0.00264195 0.00227494 0.00194882 0.00166084 0.00140815 0.00118783 0.000996999 0.000832834 0.00069263 0.000573832 0.000474069 0.000391176 0.000323217 0.000268491 0.000225549 0.000193198 0.000170501 0.000156809 
0.000175893 0.000179746 0.000193415 0.000217364 0.00025233 0.000299347 0.000359749 0.00043516 0.000527491 0.000638925 0.000771905 0.000929109 0.00111342 0.00132791 0.00157574 0.00186019 0.00218454 0.00255199 0.00296564 0.00342837 0.00394274 0.00451092 0.0051346 0.00581487 0.00655215 0.00734612 0.00819562 0.00909862 0.0100521 0.0110522 0.012094 0.0131715 0.0142781 0.015406 0.0165468 0.0176912 0.0188296 0.0199518 0.0210471 0.022105 0.0231147 0.0240659 0.0249483 0.0257524 0.0264693 0.027091 0.0276104 0.0280215 0.0283196 0.0285011 0.0285641 0.0285077 0.0283327 0.0280411 0.0276364 0.0271233 0.0265076 0.0257966 0.0249981 0.0241211 0.0231751 0.0221701 0.0211166 0.0200253 0.0189067 0.0177713 0.0166295 0.0154907 0.0143644 0.0132588 0.0121817 0.0111398 0.0101391 0.00918442 0.00827976 0.00742813 0.0066316 0.00589138 0.00520783 0.00458058 0.0040086 0.00349024 0.00302341 0.00260558 0.00223394 0.00190543 0.00161688 0.00136506 0.00114673 0.000958734 0.000798026 0.000661733 0.000547181 0.000451925 0.000373772 0.0003108 0.000261363 0.000224107 0.00019797 0.000182215 
0.00020905 0.000213648 0.000229817 0.000258099 0.000299347 0.000354763 0.000425892 0.000514615 0.000623138 0.000753983 0.000909961 0.00109415 0.00130986 0.0015606 0.00184999 0.00218175 0.00255959 0.00298715 0.0034679 0.00400505 0.00460143 0.00525944 0.00598086 0.00676683 0.0076177 0.00853294 0.00951109 0.0105497 0.0116452 0.012793 0.0139873 0.0152215 0.0164876 0.0177769 0.0190798 0.0203856 0.0216835 0.0229617 0.0242085 0.0254117 0.0265595 0.0276399 0.0286416 0.029554 0.0303671 0.0310717 0.0316602 0.0321257 0.032463 0.0326682 0.0327391 0.0326747 0.0324758 0.0321449 0.0316857 0.0311034 0.0304048 0.0295977 0.028691 0.0276947 0.0266196 0.0254768 0.0242781 0.0230356 0.0217612 0.0204667 0.0191638 0.0178634 0.016576 0.0153113 0.0140779 0.0128838 0.0117357 0.0106393 0.00959937 0.00861932 0.00770171 0.00684805 0.00605889 0.00533394 0.00467212 0.0040717 0.00353036 0.00304529 0.00261337 0.00223115 0.00189506 0.00160143 0.00134657 0.00112689 0.000938907 0.000779322 0.000645066 0.000533326 0.000441575 0.000367594 0.000309483 0.000265676 0.000234943 0.000216432 
0.000251725 0.00025728 0.00027665 0.000310472 0.000359749 0.000425892 0.000510713 0.000616414 0.000745576 0.00090114 0.00108638 0.00130489 0.00156049 0.00185724 0.00219933 0.00259102 0.00303658 0.00354015 0.00410567 0.00473675 0.00543656 0.00620774 0.00705221 0.00797112 0.0089647 0.0100322 0.0111717 0.0123802 0.0136535 0.0149861 0.0163712 0.017801 0.0192663 0.0207569 0.0222616 0.0237685 0.0252647 0.0267371 0.0281721 0.0295559 0.0308749 0.0321157 0.0332655 0.0343121 0.0352442 0.0360517 0.0367256 0.0372585 0.0376444 0.037879 0.0379595 0.0378852 0.0376569 0.0372772 0.0367504 0.0360825 0.035281 0.0343548 0.033314 0.0321697 0.0309343 0.0296204 0.0282414 0.026811 0.0253427 0.0238503 0.0223468 0.0208449 0.0193567 0.0178933 0.0164648 0.0150804 0.0137479 0.0124742 0.0112646 0.0101235 0.00905394 0.00805776 0.00713582 0.00628791 0.00551295 0.00480907 0.00417369 0.00360372 0.0030956 0.00264544 0.00224914 0.00190252 0.00160133 0.00134143 0.00111878 0.000929581 0.000770251 0.00063752 0.000528441 0.000440424 0.000371248 0.000319081 0.000282483 0.000260456 
0.000305107 0.000311857 0.000335209 0.000375913 0.00043516 0.000514615 0.000616414 0.000743153 0.000897867 0.00108401 0.00130543 0.0015663 0.00187111 0.00222457 0.00263154 0.00309697 0.00362574 0.00422262 0.00489209 0.00563825 0.00646465 0.00737419 0.00836895 0.00945006 0.0106176 0.0118705 0.0132063 0.0146213 0.0161105 0.0176672 0.0192835 0.0209501 0.0226562 0.0243901 0.0261387 0.027888 0.0296235 0.0313298 0.0329913 0.0345924 0.0361173 0.0375509 0.0388784 0.0400861 0.0411611 0.0420918 0.0428683 0.043482 0.0439261 0.0441957 0.0442879 0.0442016 0.0439379 0.0434997 0.042892 0.0421214 0.0411964 0.0401272 0.0389252 0.0376033 0.0361752 0.0346556 0.0330596 0.0314029 0.0297011 0.0279699 0.0262244 0.0244792 0.0227483 0.0210445 0.0193798 0.0177648 0.0162088 0.0147197 0.0133041 0.0119671 0.0107125 0.00954266 0.00845874 0.0074607 0.00654746 0.00571699 0.00496648 0.00429243 0.0036908 0.00315719 0.00268689 0.00227505 0.0019168 0.00160731 0.0013419 0.00111612 0.000925801 0.000767104 0.000636578 0.000531176 0.000448289 0.000385758 0.000341888 0.000315504 
0.000370598 0.000378812 0.000407018 0.000456108 0.000527491 0.000623138 0.000745576 0.000897867 0.00108359 0.00130681 0.00157204 0.00188419 0.00224849 0.00267043 0.00315568 0.00370995 0.00433889 0.00504797 0.0058423 0.00672652 0.00770463 0.0087798 0.00995426 0.0112291 0.0126042 0.014078 0.0156475 0.0173081 0.0190537 0.0208764 0.0227667 0.0247137 0.0267048 0.0287262 0.0307626 0.0327981 0.0348155 0.0367972 0.0387254 0.0405819 0.0423488 0.0440087 0.0455448 0.0469414 0.0481838 0.0492591 0.0501556 0.0508638 0.0513761 0.0516867 0.0517925 0.0516922 0.051387 0.0508803 0.0501776 0.0492866 0.048217 0.0469801 0.0455891 0.0440585 0.0424042 0.0406427 0.0387916 0.0368686 0.0348918 0.0328791 0.030848 0.0288156 0.0267978 0.0248098 0.0228653 0.0209769 0.0191556 0.0174107 0.0157502 0.01418 0.012705 0.011328 0.0100506 0.00887313 0.00779441 0.00681231 0.00592372 0.00512471 0.00441073 0.00377671 0.00321727 0.00272683 0.00229971 0.00193032 0.0016132 0.00134315 0.00111529 0.000925117 0.000768569 0.000642062 0.00054252 0.000467395 0.000414689 0.00038301 
0.000449805 0.000459787 0.000493828 0.000552985 0.000638925 0.000753983 0.00090114 0.00108401 0.00130681 0.00157432 0.00189184 0.00226511 0.00270024 0.00320365 0.0037819 0.0044416 0.00518927 0.00603118 0.00697316 0.00802046 0.00917753 0.0104479 0.0118338 0.0133364 0.0149551 0.016688 0.0185312 0.0204791 0.0225243 0.0246573 0.0268671 0.0291406 0.0314632 0.0338186 0.0361892 0.0385564 0.0409004 0.0432009 0.0454373 0.0475889 0.0496352 0.0515561 0.0533327 0.0549469 0.0563822 0.0576237 0.0586584 0.0594754 0.0600659 0.0604237 0.060545 0.0604286 0.0600757 0.0594901 0.0586782 0.0576486 0.0564123 0.0549822 0.0533734 0.0516023 0.0496868 0.0476461 0.0455001 0.0432692 0.040974 0.0386352 0.0362731 0.0339071 0.031556 0.0292373 0.0269671 0.0247601 0.0226292 0.0205855 0.0186383 0.0167952 0.0150617 0.0134416 0.0119369 0.0105483 0.00927466 0.00811375 0.00706214 0.00611544 0.00526849 0.00451554 0.00385039 0.00326661 0.00275764 0.00231697 0.00193827 0.00161544 0.00134278 0.00111501 0.000927358 0.000775605 0.000656128 0.000565925 0.000502636 0.00046462 
0.000544534 0.000556626 0.000597599 0.000668702 0.000771905 0.000909961 0.00108638 0.00130543 0.00157204 0.00189184 0.00227101 0.00271628 0.00323476 0.00383391 0.00452132 0.00530463 0.00619134 0.00718859 0.00830303 0.00954055 0.0109061 0.0124035 0.0140352 0.015802 0.0177032 0.0197359 0.0218955 0.0241751 0.0265657 0.0290562 0.0316334 0.034282 0.0369849 0.0397231 0.0424763 0.0452228 0.0479398 0.0506041 0.053192 0.0556797 0.0580438 0.0602617 0.0623115 0.0641728 0.065827 0.067257 0.0684483 0.0693885 0.0700677 0.0704789 0.0706178 0.070483 0.0700759 0.0694009 0.0684651 0.0672783 0.0658529 0.0642035 0.0623472 0.0603027 0.0580903 0.0557317 0.0532497 0.0506676 0.0480091 0.0452978 0.042557 0.0398092 0.0370761 0.0343779 0.0317336 0.02916 0.0266726 0.0242844 0.0220065 0.0198478 0.0178151 0.0159133 0.014145 0.0125111 0.0110108 0.00964161 0.00839992 0.0072808 0.00627844 0.0053863 0.00459729 0.00390402 0.00329893 0.00277447 0.00232328 0.00193827 0.00161277 0.00134062 0.00111622 0.000934618 0.000791559 0.00068351 0.000607695 0.000562181 
0.000656772 0.00067136 0.00072049 0.000805634 0.000929109 0.00109415 0.00130489 0.0015663 0.00188419 0.00226511 0.00271628 0.00324552 0.0038611 0.00457164 0.0053859 0.00631267 0.00736052 0.0085376 0.00985139 0.0113085 0.0129144 0.0146733 0.0165875 0.0186577 0.0208826 0.0232587 0.02578 0.0284383 0.0312229 0.0341204 0.0371155 0.0401901 0.0433244 0.0464963 0.0496823 0.0528574 0.0559956 0.0590701 0.0620538 0.0649197 0.0676412 0.0701925 0.0725489 0.0746875 0.0765869 0.0782282 0.0795948 0.0806728 0.0814512 0.0819221 0.0820806 0.0819251 0.0814574 0.0806823 0.0796077 0.0782448 0.0766074 0.0747123 0.0725783 0.0702267 0.0676807 0.0649647 0.0621045 0.0591268 0.0560585 0.0529266 0.0497578 0.0465779 0.043412 0.0402834 0.0372141 0.0342238 0.0313304 0.0285493 0.0258937 0.0233743 0.0209993 0.0187745 0.0167035 0.0147877 0.0130265 0.0114174 0.00995636 0.00863803 0.00745587 0.00640249 0.00546983 0.00464941 0.00393256 0.00331056 0.0027749 0.00231735 0.00193015 0.00160612 0.00133873 0.00112218 0.000951489 0.000822524 0.000732024 0.000677723 
0.000788673 0.000806187 0.000864834 0.000966341 0.00111342 0.00130986 0.00156049 0.00187111 0.00224849 0.00270024 0.00323476 0.0038611 0.00458882 0.00542782 0.00638821 0.00748001 0.00871297 0.0100963 0.0116385 0.0133468 0.0152273 0.0172844 0.0195204 0.0219357 0.0245284 0.0272938 0.0302248 0.0333113 0.0365407 0.0398972 0.0433627 0.0469164 0.050535 0.0541933 0.057864 0.0615185 0.0651271 0.0686593 0.0720842 0.0753712 0.0784901 0.0814119 0.0841088 0.0865548 0.0887261 0.0906013 0.092162 0.0933926 0.0942807 0.0948175 0.0949977 0.0948194 0.0942845 0.0933985 0.0921703 0.0906122 0.08874 0.0865721 0.08413 0.0814375 0.0785206 0.075407 0.0721257 0.068707 0.0651814 0.0615796 0.057932 0.0542682 0.0506169 0.047005 0.0434577 0.0399982 0.036647 0.0334224 0.0303398 0.0274119 0.0246487 0.0220572 0.019642 0.0174052 0.0153465 0.0134633 0.0117515 0.0102051 0.00881677 0.00757827 0.00648046 0.00551369 0.00466802 0.00393348 0.00330022 0.00275877 0.00230014 0.00191598 0.00159871 0.00134158 0.0011388 0.000985526 0.000877957 0.000813446 
0.000942529 0.000963447 0.00103311 0.00115355 0.00132791 0.0015606 0.00185724 0.00222457 0.00267043 0.00320365 0.00383391 0.00457164 0.00542782 0.00641384 0.0075412 0.00882131 0.0102652 0.0118833 0.013685 0.0156783 0.0178699 0.0202642 0.0228637 0.0256683 0.028675 0.0318783 0.0352691 0.0388357 0.0425628 0.0464323 0.0504228 0.0545102 0.0586677 0.0628662 0.0670747 0.0712604 0.0753895 0.0794274 0.0833392 0.0870904 0.0906471 0.0939765 0.0970475 0.0998311 0.102301 0.104433 0.106206 0.107604 0.108612 0.109221 0.109425 0.109221 0.108613 0.107605 0.106209 0.104437 0.102307 0.0998394 0.0970588 0.0939914 0.0906664 0.0871147 0.0833692 0.0794636 0.0754325 0.0713106 0.0671325 0.0629318 0.0587412 0.0545915 0.0505118 0.0465285 0.0426659 0.0389448 0.0353836 0.0319972 0.0287975 0.0257932 0.02299 0.0203907 0.0179955 0.015802 0.0138058 0.0120002 0.0103775 0.00892814 0.00764199 0.00650809 0.00551514 0.00465174 0.00390662 0.00326888 0.00272818 0.00227487 0.00190019 0.00159633 0.00135655 0.00117523 0.00104797 0.000971691 
0.00112074 0.00114559 0.00122793 0.00137009 0.00157574 0.00184999 0.00219933 0.00263154 0.00315568 0.0037819 0.00452132 0.0053859 0.00638821 0.0075412 0.00885793 0.0103513 0.0120338 0.013917 0.0160112 0.0183255 0.0208668 0.0236397 0.0266466 0.0298866 0.0333559 0.0370474 0.0409504 0.0450507 0.0493304 0.0537683 0.0583397 0.0630167 0.0677686 0.0725622 0.0773621 0.0821311 0.0868309 0.0914227 0.0958671 0.100125 0.10416 0.107933 0.111412 0.114563 0.117356 0.119767 0.121771 0.12335 0.124489 0.125176 0.125405 0.125175 0.124486 0.123347 0.121767 0.119763 0.117353 0.11456 0.111411 0.107935 0.104165 0.100136 0.0958828 0.0914446 0.0868598 0.0821675 0.0774067 0.0726155 0.0678308 0.0630878 0.0584198 0.0538571 0.0494275 0.0451555 0.0410622 0.0371653 0.0334788 0.0300133 0.026776 0.0237707 0.020998 0.0184557 0.0161393 0.0140418 0.0121544 0.0104667 0.00896737 0.00764402 0.0064839 0.00547405 0.00460164 0.00385421 0.0032199 0.00268764 0.00224735 0.00189003 0.0016079 0.00139448 0.00124467 0.00115491 
0.00132579 0.00135514 0.00145194 0.00161888 0.00186019 0.00218175 0.00259102 0.00309697 0.00370995 0.0044416 0.00530463 0.00631267 0.00748001 0.00882131 0.0103513 0.0120846 0.014035 0.0162153 0.0186372 0.0213101 0.0242416 0.0274364 0.0308964 0.03462 0.0386022 0.0428342 0.0473031 0.051992 0.0568803 0.0619432 0.0671521 0.0724753 0.0778776 0.0833211 0.0887659 0.0941701 0.0994906 0.104684 0.109705 0.114513 0.119063 0.123317 0.127235 0.130782 0.133925 0.136635 0.138888 0.140662 0.14194 0.142711 0.142968 0.142708 0.141934 0.140652 0.138876 0.136622 0.13391 0.130767 0.127221 0.123304 0.119054 0.114507 0.109704 0.104688 0.0995023 0.0941897 0.0887943 0.0833588 0.0779252 0.0725331 0.0672203 0.0620216 0.0569687 0.0520898 0.0474095 0.0429485 0.0387233 0.0347467 0.0310274 0.0275704 0.0243772 0.0214459 0.0187718 0.0163475 0.0141634 0.0122083 0.0104693 0.00893275 0.00758422 0.00640909 0.00539284 0.00452129 0.00378095 0.00315918 0.00264442 0.00222637 0.0018961 0.00164617 0.00147071 0.00136562 
0.00156017 0.00159466 0.00170786 0.00190287 0.00218454 0.00255959 0.00303658 0.00362574 0.00433889 0.00518927 0.00619134 0.00736052 0.00871297 0.0102652 0.0120338 0.014035 0.0162841 0.0187954 0.0215814 0.0246525 0.0280164 0.0316778 0.0356382 0.039895 0.0444417 0.0492675 0.054357 0.0596906 0.065244 0.0709888 0.0768922 0.0829179 0.0890261 0.095174 0.101316 0.107407 0.113396 0.119237 0.124879 0.130276 0.135381 0.140148 0.144536 0.148506 0.152022 0.155052 0.15757 0.159551 0.160978 0.161839 0.162125 0.161833 0.160967 0.159535 0.157549 0.155028 0.151995 0.148477 0.144506 0.140118 0.135352 0.130251 0.124858 0.119221 0.113388 0.107406 0.101325 0.0951928 0.0890557 0.082959 0.076945 0.0710534 0.0653204 0.0597783 0.0544554 0.0493756 0.0445586 0.0400194 0.0357688 0.0318131 0.0281548 0.0247925 0.0217215 0.018934 0.0164199 0.0141666 0.0121601 0.0103852 0.00882571 0.00746531 0.0062876 0.00527658 0.00441694 0.00369434 0.00309562 0.00260904 0.00222441 0.00193323 0.00172878 0.00160637 
0.00182638 0.00186667 0.00199835 0.00222494 0.00255199 0.00298715 0.00354015 0.00422262 0.00504797 0.00603118 0.00718859 0.0085376 0.0100963 0.0118833 0.013917 0.0162153 0.0187954 0.0216727 0.0248608 0.0283707 0.0322105 0.0363846 0.0408938 0.0457343 0.0508979 0.0563714 0.0621368 0.0681711 0.0744461 0.0809293 0.0875835 0.0943672 0.101236 0.108141 0.115032 0.121857 0.128563 0.135095 0.141399 0.147424 0.153117 0.15843 0.163316 0.167734 0.171645 0.175013 0.17781 0.18001 0.181595 0.18255 0.182866 0.182542 0.181579 0.179987 0.17778 0.174977 0.171604 0.167689 0.163269 0.158381 0.153068 0.147377 0.141356 0.135056 0.128531 0.121834 0.115018 0.108137 0.101244 0.0943879 0.0876174 0.0809767 0.0745071 0.0682453 0.0622238 0.0564704 0.0510078 0.0458539 0.0410216 0.0365191 0.0323499 0.0285134 0.0250051 0.0218168 0.0189377 0.0163543 0.0140512 0.0120115 0.0102175 0.00865075 0.007293 0.00612625 0.00513325 0.00429781 0.00360505 0.00304164 0.00259603 0.00225854 0.00202154 0.0018797 
0.00212681 0.00217363 0.00232599 0.0025879 0.00296564 0.0034679 0.00410567 0.00489209 0.0058423 0.00697316 0.00830303 0.00985139 0.0116385 0.013685 0.0160112 0.0186372 0.0215814 0.0248608 0.0284899 0.0324803 0.0368402 0.0415738 0.0466807 0.0521559 0.0579889 0.0641641 0.0706602 0.0774506 0.0845029 0.09178 0.0992396 0.106835 0.114516 0.122229 0.129918 0.137525 0.14499 0.152254 0.159258 0.165945 0.172259 0.178146 0.183557 0.188445 0.192769 0.196492 0.199582 0.202011 0.20376 0.204814 0.205162 0.204803 0.203739 0.20198 0.199542 0.196444 0.192714 0.188383 0.18349 0.178076 0.172188 0.165874 0.15919 0.15219 0.144932 0.137474 0.129878 0.1222 0.114499 0.106832 0.0992509 0.0918065 0.0845448 0.0775078 0.0707325 0.0642507 0.0580888 0.0522678 0.0468032 0.0417052 0.0369787 0.032624 0.0286368 0.0250091 0.0217292 0.0187826 0.0161528 0.013821 0.0117678 0.00997277 0.00841555 0.00707604 0.00593494 0.00497403 0.00417659 0.0035276 0.003014 0.00262486 0.00235155 0.00218804 
0.00246373 0.00251784 0.0026932 0.00299435 0.00342837 0.00400505 0.00473675 0.00563825 0.00672652 0.00802046 0.00954055 0.0113085 0.0133468 0.0156783 0.0183255 0.0213101 0.0246525 0.0283707 0.0324803 0.0369934 0.041918 0.0472579 0.0530115 0.0591719 0.0657265 0.0726565 0.0799372 0.0875377 0.0954213 0.103546 0.111863 0.120322 0.128865 0.137434 0.145965 0.154396 0.16266 0.170694 0.178432 0.185813 0.192775 0.199262 0.205219 0.210597 0.215351 0.219442 0.222835 0.225503 0.227422 0.228577 0.228959 0.228564 0.227396 0.225464 0.222784 0.21938 0.21528 0.210517 0.205132 0.199169 0.19268 0.185716 0.178336 0.170601 0.162573 0.154316 0.145895 0.137375 0.12882 0.120291 0.111848 0.103547 0.0954405 0.0875744 0.0799912 0.0727273 0.0658132 0.0592732 0.0531259 0.0473837 0.0420533 0.037136 0.0326282 0.0285217 0.0248045 0.0214611 0.0184735 0.0158216 0.0134839 0.0114379 0.00966104 0.00813111 0.00682654 0.00572702 0.00481382 0.00407009 0.00348117 0.0030348 0.00272123 0.0025337 
0.00283921 0.0029014 0.00310218 0.00344665 0.00394274 0.00460143 0.00543656 0.00646465 0.00770463 0.00917753 0.0109061 0.0129144 0.0152273 0.0178699 0.0208668 0.0242416 0.0280164 0.0322105 0.0368402 0.041918 0.0474519 0.0534445 0.059893 0.0667885 0.0741154 0.0818518 0.0899689 0.0984314 0.107198 0.11622 0.125445 0.134814 0.144265 0.153732 0.163147 0.17244 0.18154 0.190375 0.198877 0.206978 0.214613 0.22172 0.228241 0.234125 0.239322 0.243792 0.247498 0.250409 0.252504 0.253764 0.254179 0.253747 0.252472 0.250362 0.247436 0.243716 0.239234 0.234026 0.228133 0.221604 0.214492 0.206854 0.198752 0.190252 0.181421 0.172328 0.163045 0.153641 0.144187 0.134752 0.1254 0.116193 0.10719 0.0984439 0.0900011 0.0819033 0.0741854 0.0668759 0.0599963 0.0535619 0.0475814 0.0420574 0.0369871 0.0323625 0.0281712 0.0243969 0.0210203 0.0180197 0.0153715 0.0130513 0.0110343 0.0092958 0.00781197 0.00656027 0.00551983 0.00467189 0.00400008 0.00349066 0.00313275 0.00291875 
0.00325502 0.00332611 0.00355481 0.00394679 0.00451092 0.00525944 0.00620774 0.00737419 0.0087798 0.0104479 0.0124035 0.0146733 0.0172844 0.0202642 0.0236397 0.0274364 0.0316778 0.0363846 0.0415738 0.0472579 0.0534445 0.0601353 0.0673256 0.0750041 0.0831523 0.0917443 0.100747 0.11012 0.119817 0.129784 0.139961 0.150284 0.160684 0.171089 0.181423 0.191611 0.201576 0.21124 0.22053 0.229373 0.237699 0.245442 0.252542 0.258942 0.264592 0.269449 0.273473 0.276633 0.278905 0.280272 0.280722 0.280253 0.278867 0.276577 0.273399 0.269359 0.264487 0.258823 0.252411 0.245302 0.237551 0.22922 0.220375 0.211085 0.201423 0.191465 0.181285 0.170962 0.160572 0.150188 0.139883 0.129726 0.11978 0.110105 0.100754 0.0917729 0.0832022 0.0750744 0.0674147 0.0602414 0.0535655 0.0473915 0.0417174 0.0365357 0.0318338 0.0275946 0.0237977 0.0204196 0.017435 0.0148172 0.012539 0.0105735 0.00889432 0.00747657 0.00629719 0.00533534 0.00457284 0.00399442 0.00358796 0.00334501 
0.00371259 0.00379343 0.00405258 0.00449636 0.0051346 0.00598086 0.00705221 0.00836895 0.00995426 0.0118338 0.0140352 0.0165875 0.0195204 0.0228637 0.0266466 0.0308964 0.0356382 0.0408938 0.0466807 0.0530115 0.059893 0.0673256 0.0753026 0.0838098 0.0928252 0.102319 0.112253 0.122582 0.133253 0.144206 0.155376 0.166691 0.178075 0.18945 0.200734 0.211844 0.222697 0.233212 0.243309 0.252909 0.261939 0.270329 0.278016 0.28494 0.291049 0.296295 0.30064 0.304052 0.306503 0.307977 0.308463 0.307955 0.30646 0.303987 0.300556 0.296191 0.290926 0.284802 0.277863 0.270164 0.261763 0.252726 0.243121 0.233023 0.22251 0.211661 0.200559 0.189286 0.177925 0.166557 0.155262 0.144113 0.133183 0.122535 0.112231 0.102321 0.0928517 0.0838596 0.0753743 0.0674175 0.0600028 0.0531368 0.0468189 0.041042 0.0357935 0.031056 0.0268076 0.0230236 0.0196766 0.0167377 0.0141775 0.0119664 0.0100757 0.00847795 0.00714777 0.00606218 0.0052011 0.00454763 0.00408835 0.0038139 
0.00421294 0.00430438 0.00459655 0.00509642 0.00581487 0.00676683 0.00797112 0.00945006 0.0112291 0.0133364 0.015802 0.0186577 0.0219357 0.0256683 0.0298866 0.03462 0.039895 0.0457343 0.0521559 0.0591719 0.0667885 0.0750041 0.0838098 0.0931881 0.103113 0.113551 0.124458 0.135783 0.147467 0.159443 0.17164 0.183978 0.196376 0.208747 0.221003 0.233056 0.244816 0.256196 0.26711 0.277477 0.287219 0.296262 0.304539 0.311989 0.318557 0.324194 0.328861 0.332523 0.335154 0.336735 0.337255 0.33671 0.335105 0.33245 0.328765 0.324076 0.318418 0.311831 0.304364 0.296072 0.287016 0.277265 0.266891 0.255973 0.244593 0.232836 0.22079 0.208543 0.196186 0.183805 0.171486 0.159312 0.147359 0.135701 0.124403 0.113523 0.103113 0.0932141 0.0838609 0.0750786 0.0668842 0.0592863 0.0522861 0.0458774 0.0400478 0.0347793 0.0300494 0.0258315 0.0220966 0.0188136 0.0159506 0.0134756 0.0113571 0.00956545 0.00807263 0.00685348 0.00588591 0.00515132 0.00463494 0.00432644 
0.00475657 0.00485948 0.00518721 0.00574746 0.00655215 0.0076177 0.0089647 0.0106176 0.0126042 0.0149551 0.0177032 0.0208826 0.0245284 0.028675 0.0333559 0.0386022 0.0444417 0.0508979 0.0579889 0.0657265 0.0741154 0.0831523 0.0928252 0.103113 0.113987 0.125405 0.137321 0.149677 0.162406 0.175437 0.188688 0.202075 0.215509 0.228895 0.242141 0.255149 0.267826 0.280078 0.291816 0.302952 0.313406 0.323101 0.331966 0.339939 0.346963 0.352989 0.357974 0.361883 0.364691 0.366378 0.366933 0.366351 0.364637 0.361803 0.357868 0.352858 0.346809 0.339763 0.33177 0.322886 0.313176 0.30271 0.291564 0.279821 0.267566 0.25489 0.241887 0.228651 0.215277 0.201861 0.188493 0.175265 0.16226 0.149558 0.137231 0.125345 0.113956 0.103112 0.0928526 0.0832064 0.0741942 0.0658273 0.0581087 0.0510336 0.0445899 0.0387595 0.0335188 0.0288402 0.0246927 0.0210432 0.0178572 0.0151003 0.0127384 0.0107391 0.00907195 0.00770953 0.00662765 0.00580594 0.00522821 0.00488314 
0.00534346 0.00545866 0.00582446 0.00644927 0.00734612 0.00853294 0.0100322 0.0118705 0.014078 0.016688 0.0197359 0.0232587 0.0272938 0.0318783 0.0370474 0.0428342 0.0492675 0.0563714 0.0641641 0.0726565 0.0818518 0.0917443 0.102319 0.113551 0.125405 0.137838 0.150793 0.164208 0.178009 0.192117 0.206445 0.220899 0.235382 0.249796 0.264039 0.278009 0.291605 0.30473 0.317289 0.32919 0.340351 0.350691 0.360138 0.368626 0.376099 0.382505 0.387802 0.391954 0.394935 0.396726 0.397314 0.396697 0.394877 0.391867 0.387686 0.382362 0.37593 0.368433 0.359922 0.350454 0.340096 0.32892 0.317006 0.304439 0.291309 0.277712 0.263746 0.249511 0.235109 0.220641 0.206207 0.191903 0.177821 0.164049 0.150665 0.137742 0.125342 0.11352 0.10232 0.0917752 0.0819108 0.0727411 0.0642711 0.0564975 0.0494091 0.0429876 0.0372089 0.0320441 0.0274605 0.0234229 0.0198947 0.0168385 0.0142179 0.0119976 0.0101449 0.00862976 0.00742594 0.00651125 0.00586803 0.00548391 
0.00597293 0.00610124 0.00650752 0.00720092 0.00819562 0.00951109 0.0111717 0.0132063 0.0156475 0.0185312 0.0218955 0.02578 0.0302248 0.0352691 0.0409504 0.0473031 0.054357 0.0621368 0.0706602 0.0799372 0.0899689 0.100747 0.112253 0.124458 0.137321 0.150793 0.164812 0.179308 0.194201 0.209403 0.224819 0.24035 0.255892 0.271337 0.286578 0.301507 0.316018 0.330008 0.343379 0.356035 0.367891 0.378863 0.388878 0.39787 0.405779 0.412555 0.418154 0.422541 0.42569 0.427581 0.428202 0.42755 0.425628 0.422448 0.418031 0.412402 0.405598 0.397661 0.388644 0.378605 0.367612 0.355738 0.343067 0.329685 0.315687 0.301173 0.286245 0.27101 0.255575 0.240049 0.224537 0.209144 0.193969 0.179107 0.164644 0.150659 0.137222 0.124394 0.112224 0.100752 0.0900055 0.0800029 0.0707519 0.062251 0.0544899 0.0474507 0.0411087 0.0354341 0.0303926 0.0259469 0.022058 0.0186863 0.0157925 0.0133387 0.0112895 0.00961265 0.00827959 0.00726629 0.00655359 0.00612807 
0.00664365 0.00678585 0.0072349 0.0080007 0.00909862 0.0105497 0.0123802 0.0146213 0.0173081 0.0204791 0.0241751 0.0284383 0.0333113 0.0388357 0.0450507 0.051992 0.0596906 0.0681711 0.0774506 0.0875377 0.0984314 0.11012 0.122582 0.135783 0.149677 0.164208 0.179308 0.1949 0.210896 0.2272 0.243712 0.260322 0.27692 0.293393 0.309625 0.325503 0.340917 0.355758 0.369924 0.383318 0.39585 0.407436 0.418002 0.427479 0.435809 0.44294 0.448829 0.453442 0.456751 0.458738 0.45939 0.458705 0.456686 0.453344 0.448699 0.442778 0.435617 0.427258 0.417752 0.40716 0.39555 0.382997 0.369585 0.355404 0.340552 0.325133 0.309253 0.293025 0.276561 0.259977 0.243385 0.226897 0.21062 0.194655 0.179097 0.164033 0.14954 0.135684 0.122522 0.110097 0.0984432 0.0875821 0.0775246 0.0682711 0.0598127 0.052132 0.0452041 0.0389983 0.0334789 0.0286067 0.0243405 0.0206381 0.0174576 0.0147585 0.0125028 0.0106557 0.00918651 0.00806931 0.00728338 0.00681422 
0.00735357 0.00751039 0.00800432 0.00884605 0.0100521 0.0116452 0.0136535 0.0161105 0.0190537 0.0225243 0.0265657 0.0312229 0.0365407 0.0425628 0.0493304 0.0568803 0.065244 0.0744461 0.0845029 0.0954213 0.107198 0.119817 0.133253 0.147467 0.162406 0.178009 0.194201 0.210896 0.227999 0.245407 0.263011 0.280696 0.298342 0.315829 0.333037 0.349848 0.366144 0.381814 0.396753 0.410861 0.424045 0.436222 0.447315 0.457256 0.465986 0.473455 0.479619 0.484445 0.487906 0.489983 0.490666 0.489949 0.487838 0.484344 0.479484 0.473287 0.465786 0.457024 0.447052 0.435931 0.423727 0.410519 0.39639 0.381433 0.365749 0.349444 0.332629 0.315422 0.297941 0.280307 0.26264 0.245059 0.227678 0.210606 0.193946 0.177793 0.16223 0.147331 0.133159 0.119763 0.107182 0.0954422 0.0845571 0.07453 0.0653534 0.0570108 0.0494773 0.0427216 0.0367066 0.0313916 0.026733 0.0226863 0.0192069 0.0162518 0.0137804 0.0117553 0.0101437 0.00891773 0.00805512 0.00754026 
0.00809991 0.008272 0.00881272 0.00973354 0.0110522 0.012793 0.0149861 0.0176672 0.0208764 0.0246573 0.0290562 0.0341204 0.0398972 0.0464323 0.0537683 0.0619432 0.0709888 0.0809293 0.09178 0.103546 0.11622 0.129784 0.144206 0.159443 0.175437 0.192117 0.209403 0.2272 0.245407 0.263913 0.282599 0.301344 0.320021 0.338504 0.356666 0.374383 0.391536 0.408007 0.42369 0.438482 0.452289 0.465027 0.47662 0.486999 0.496106 0.503892 0.510314 0.515339 0.518942 0.521104 0.521814 0.521069 0.518873 0.515236 0.510176 0.50372 0.4959 0.486759 0.476348 0.464724 0.451956 0.438121 0.423305 0.407601 0.391113 0.373948 0.356224 0.33806 0.319581 0.300913 0.282185 0.26352 0.245041 0.226866 0.209104 0.191858 0.175219 0.159269 0.144076 0.129697 0.116175 0.103541 0.0918123 0.080995 0.0710835 0.0620624 0.0539071 0.0465857 0.0400603 0.0342883 0.0292244 0.0248215 0.0210326 0.0178121 0.0151168 0.0129068 0.0111472 0.0098081 0.0088657 0.00830332 
0.00887911 0.00906706 0.00965622 0.0106589 0.012094 0.0139873 0.0163712 0.0192835 0.0227667 0.0268671 0.0316334 0.0371155 0.0433627 0.0504228 0.0583397 0.0671521 0.0768922 0.0875835 0.0992396 0.111863 0.125445 0.139961 0.155376 0.17164 0.188688 0.206445 0.224819 0.243712 0.263011 0.282599 0.30235 0.322134 0.341818 0.361269 0.380356 0.398949 0.416924 0.434163 0.450554 0.465995 0.480391 0.493657 0.505718 0.516506 0.525964 0.534044 0.540704 0.545913 0.549646 0.551886 0.552622 0.551852 0.549577 0.54581 0.540566 0.53387 0.525756 0.516263 0.50544 0.493346 0.480047 0.465621 0.450152 0.433736 0.416477 0.398486 0.379882 0.360791 0.34134 0.321663 0.301893 0.282162 0.2626 0.243332 0.224476 0.206141 0.188428 0.171425 0.155208 0.13984 0.125369 0.111831 0.0992483 0.0876291 0.0769706 0.0672584 0.0584688 0.0505695 0.0435216 0.0372814 0.0318014 0.0270325 0.0229253 0.0194314 0.0165052 0.0141045 0.012192 0.0107361 0.00971126 0.00909975 
0.00968689 0.00989117 0.0105301 0.0116169 0.0131715 0.0152215 0.017801 0.0209501 0.0247137 0.0291406 0.034282 0.0401901 0.0469164 0.0545102 0.0630167 0.0724753 0.0829179 0.0943672 0.106835 0.120322 0.134814 0.150284 0.166691 0.183978 0.202075 0.220899 0.24035 0.260322 0.280696 0.301344 0.322134 0.342928 0.363588 0.383974 0.40395 0.42338 0.442139 0.460105 0.477166 0.493217 0.508163 0.521921 0.534415 0.54558 0.55536 0.563708 0.570586 0.575962 0.579814 0.582125 0.582885 0.582091 0.579746 0.57586 0.570449 0.563536 0.555152 0.545336 0.534135 0.521605 0.507812 0.492832 0.476751 0.459662 0.441672 0.422893 0.403448 0.383464 0.363076 0.34242 0.321637 0.300865 0.280241 0.259898 0.239963 0.220552 0.201773 0.183723 0.166485 0.150127 0.134706 0.120261 0.106819 0.0943914 0.0829784 0.0725672 0.0631347 0.0546488 0.0470699 0.040353 0.0344489 0.0293065 0.0248738 0.0211003 0.0179377 0.0153416 0.0132724 0.0116965 0.0105871 0.00992517 
0.0105182 0.0107392 0.011429 0.0126016 0.0142781 0.0164876 0.0192663 0.0226562 0.0267048 0.0314632 0.0369849 0.0433244 0.050535 0.0586677 0.0677686 0.0778776 0.0890261 0.101236 0.114516 0.128865 0.144265 0.160684 0.178075 0.196376 0.215509 0.235382 0.255892 0.27692 0.298342 0.320021 0.341818 0.363588 0.385186 0.406467 0.42729 0.447516 0.467015 0.485664 0.50335 0.519967 0.535423 0.549632 0.562523 0.574031 0.584102 0.592693 0.599765 0.605291 0.609248 0.611622 0.612404 0.61159 0.609183 0.605192 0.599631 0.592524 0.583897 0.573789 0.562244 0.549316 0.535069 0.519577 0.502926 0.485208 0.466531 0.447008 0.426764 0.40593 0.384643 0.363046 0.341284 0.319502 0.297846 0.276454 0.255461 0.234992 0.215164 0.19608 0.17783 0.160491 0.144124 0.128775 0.114474 0.101237 0.0890674 0.0779538 0.0678743 0.058797 0.050682 0.0434831 0.0371497 0.0316286 0.0268658 0.0228082 0.0194053 0.0166102 0.0143814 0.0126834 0.0114877 0.0107744 
0.0113673 0.0116053 0.0123467 0.0136061 0.015406 0.0177769 0.0207569 0.0243901 0.0287262 0.0338186 0.0397231 0.0464963 0.0541933 0.0628662 0.0725622 0.0833211 0.095174 0.108141 0.122229 0.137434 0.153732 0.171089 0.18945 0.208747 0.228895 0.249796 0.271337 0.293393 0.315829 0.338504 0.361269 0.383974 0.406467 0.428598 0.450221 0.471195 0.491386 0.510671 0.528935 0.546074 0.561994 0.576614 0.589862 0.601678 0.612009 0.620814 0.628058 0.633716 0.637766 0.640196 0.640996 0.640164 0.637703 0.633621 0.62793 0.620651 0.61181 0.601441 0.589588 0.576301 0.561641 0.545683 0.528507 0.510208 0.490891 0.470672 0.449676 0.428037 0.405896 0.3834 0.3607 0.337948 0.315293 0.292885 0.270864 0.249364 0.228509 0.208411 0.189166 0.17086 0.153558 0.137312 0.122159 0.108119 0.0951951 0.0833806 0.0726544 0.0629851 0.0543327 0.0466499 0.039885 0.0339827 0.0288873 0.0245432 0.0208976 0.0179016 0.0155114 0.0136898 0.0124069 0.0116417 
0.0122279 0.0124829 0.0132762 0.0146229 0.0165468 0.0190798 0.0222616 0.0261387 0.0307626 0.0361892 0.0424763 0.0496823 0.057864 0.0670747 0.0773621 0.0887659 0.101316 0.115032 0.129918 0.145965 0.163147 0.181423 0.200734 0.221003 0.242141 0.264039 0.286578 0.309625 0.333037 0.356666 0.380356 0.40395 0.42729 0.450221 0.472594 0.494264 0.515097 0.534968 0.553761 0.571373 0.587713 0.6027 0.616267 0.628353 0.638912 0.647904 0.655298 0.661069 0.665199 0.667676 0.668493 0.667647 0.66514 0.66098 0.655177 0.64775 0.638723 0.628126 0.616001 0.602394 0.587366 0.570985 0.553332 0.534501 0.514595 0.493731 0.472033 0.44964 0.426694 0.403348 0.379756 0.356075 0.332465 0.309078 0.286065 0.263566 0.241714 0.220627 0.200412 0.181158 0.162939 0.145813 0.12982 0.114985 0.101317 0.0888078 0.0774399 0.0671823 0.0579949 0.04983 0.0426344 0.0363514 0.0309232 0.0262923 0.0224036 0.019206 0.0166539 0.0147083 0.0133378 0.0125204 
0.0130929 0.013365 0.01421 0.0156439 0.0176912 0.0203856 0.0237685 0.027888 0.0327981 0.0385564 0.0452228 0.0528574 0.0615185 0.0712604 0.0821311 0.0941701 0.107407 0.121857 0.137525 0.154396 0.17244 0.191611 0.211844 0.233056 0.255149 0.278009 0.301507 0.325503 0.349848 0.374383 0.398949 0.42338 0.447516 0.471195 0.494264 0.516578 0.538 0.558404 0.577676 0.595713 0.612427 0.627739 0.641584 0.653906 0.664661 0.673813 0.681332 0.687199 0.691396 0.693913 0.694744 0.693887 0.691342 0.687117 0.681221 0.673669 0.664483 0.653691 0.64133 0.627444 0.612089 0.595332 0.577252 0.557939 0.537495 0.516038 0.493693 0.470598 0.4469 0.422755 0.398321 0.373762 0.349241 0.32492 0.300956 0.277497 0.254683 0.232641 0.211484 0.19131 0.172198 0.154212 0.137399 0.121786 0.107385 0.0941937 0.0821939 0.071356 0.0616403 0.0529985 0.0453763 0.0387159 0.0329575 0.0280416 0.0239112 0.0205131 0.0177998 0.0157307 0.0142729 0.0134034 
0.013955 0.014244 0.0151402 0.0166602 0.0188296 0.0216835 0.0252647 0.0296235 0.0348155 0.0409004 0.0479398 0.0559956 0.0651271 0.0753895 0.0868309 0.0994906 0.113396 0.128563 0.14499 0.16266 0.18154 0.201576 0.222697 0.244816 0.267826 0.291605 0.316018 0.340917 0.366144 0.391536 0.416924 0.442139 0.467015 0.491386 0.515097 0.538 0.559957 0.580842 0.600542 0.618957 0.635999 0.651593 0.665677 0.6782 0.689121 0.698405 0.706029 0.711974 0.716225 0.718775 0.719618 0.718752 0.716178 0.711901 0.705928 0.698274 0.688956 0.678 0.665438 0.651312 0.635674 0.618587 0.600127 0.580382 0.559454 0.537457 0.514519 0.490778 0.466384 0.441493 0.416272 0.390886 0.365506 0.3403 0.315431 0.291057 0.267323 0.244364 0.222302 0.201239 0.181264 0.162446 0.144836 0.128466 0.113353 0.0994955 0.0868782 0.0754726 0.0652391 0.0561294 0.0480883 0.0410567 0.0349732 0.0297766 0.0254078 0.0218118 0.0189394 0.0167482 0.0152041 0.0142833 
0.0148062 0.0151119 0.0160582 0.0176627 0.0199518 0.0229617 0.0267371 0.0313298 0.0367972 0.0432009 0.0506041 0.0590701 0.0686593 0.0794274 0.0914227 0.104684 0.119237 0.135095 0.152254 0.170694 0.190375 0.21124 0.233212 0.256196 0.280078 0.30473 0.330008 0.355758 0.381814 0.408007 0.434163 0.460105 0.485664 0.510671 0.534968 0.558404 0.580842 0.602157 0.622235 0.64098 0.658306 0.674142 0.688428 0.701118 0.712174 0.721567 0.729274 0.735281 0.739576 0.742151 0.743004 0.742131 0.739535 0.735217 0.729186 0.72145 0.712026 0.700935 0.688206 0.673878 0.657997 0.640624 0.621832 0.601705 0.580344 0.557862 0.534386 0.510056 0.485021 0.459443 0.43349 0.407333 0.381149 0.355111 0.329389 0.304147 0.27954 0.255709 0.232782 0.21087 0.190068 0.17045 0.152073 0.134974 0.119172 0.10467 0.0914542 0.0794977 0.0687611 0.0591962 0.0507471 0.0433536 0.0369528 0.0314819 0.0268801 0.0230906 0.0200624 0.0177516 0.0161231 0.0151519 
0.0156386 0.0159604 0.0169555 0.0186419 0.0210471 0.0242085 0.0281721 0.0329913 0.0387254 0.0454373 0.053192 0.0620538 0.0720842 0.0833392 0.0958671 0.109705 0.124879 0.141399 0.159258 0.178432 0.198877 0.22053 0.243309 0.26711 0.291816 0.317289 0.343379 0.369924 0.396753 0.42369 0.450554 0.477166 0.50335 0.528935 0.553761 0.577676 0.600542 0.622235 0.642644 0.661674 0.679242 0.69528 0.709734 0.72256 0.733724 0.743202 0.750973 0.757027 0.761354 0.763949 0.764809 0.763933 0.76132 0.756974 0.750898 0.743101 0.733594 0.722396 0.709532 0.695036 0.678951 0.661335 0.642256 0.621796 0.600053 0.577139 0.55318 0.528316 0.502698 0.476491 0.449864 0.422995 0.396063 0.369249 0.342729 0.316674 0.291245 0.26659 0.242845 0.220128 0.198539 0.17816 0.15905 0.141254 0.124793 0.109673 0.0958829 0.0833965 0.0721757 0.0621719 0.0533291 0.045586 0.0388784 0.0331421 0.0283147 0.0243376 0.0211583 0.0187316 0.0170211 0.0160011 
0.0164437 0.0167811 0.0178231 0.0195882 0.022105 0.0254117 0.0295559 0.0345924 0.0405819 0.0475889 0.0556797 0.0649197 0.0753712 0.0870904 0.100125 0.114513 0.130276 0.147424 0.165945 0.185813 0.206978 0.229373 0.252909 0.277477 0.302952 0.32919 0.356035 0.383318 0.410861 0.438482 0.465995 0.493217 0.519967 0.546074 0.571373 0.595713 0.618957 0.64098 0.661674 0.680945 0.698716 0.714921 0.729511 0.742444 0.753691 0.763232 0.771051 0.777138 0.781488 0.784097 0.784963 0.784085 0.781462 0.777096 0.77099 0.763148 0.75358 0.7423 0.729329 0.714698 0.698446 0.680626 0.661302 0.640555 0.618479 0.595184 0.570796 0.545454 0.519311 0.492532 0.465291 0.437769 0.41015 0.382619 0.355359 0.328547 0.302351 0.276926 0.252415 0.228941 0.206611 0.185513 0.165712 0.147255 0.130169 0.114462 0.100126 0.0871349 0.0754523 0.0650298 0.0558108 0.0477333 0.0407321 0.0347416 0.0296978 0.0255408 0.0222165 0.0196785 0.0178893 0.0168224 
