0.0017656 0.00178501 0.00184906 0.00195847 0.00211422 0.00231765 0.00257042 0.0028745 0.0032321 0.00364565 0.00411769 0.00465086 0.00524779 0.00591105 0.00664307 0.00744601 0.00832176 0.00927179 0.0102971 0.011398 0.0125745 0.0138255 0.0151493 0.0165435 0.0180046 0.0195285 0.0211098 0.0227426 0.0244197 0.0261334 0.0278749 0.0296348 0.0314028 0.0331682 0.0349198 0.0366458 0.0383342 0.0399731 0.0415502 0.0430538 0.044472 0.0457937 0.0470082 0.0481055 0.0490766 0.0499133 0.0506085 0.0511562 0.0515517 0.0517917 0.051874 0.0517979 0.0515643 0.051175 0.0506335 0.0499445 0.049114 0.0481489 0.0470575 0.0458489 0.0445329 0.0431203 0.0416221 0.0400501 0.0384162 0.0367324 0.0350107 0.0332632 0.0315014 0.0297365 0.0279795 0.0262403 0.0245284 0.0228526 0.0212207 0.0196396 0.0181156 0.0166537 0.0152582 0.0139326 0.0126793 0.0115001 0.010396 0.00936707 0.00841306 0.00753298 0.00672538 0.00598845 0.00532002 0.00471772 0.00417901 0.00370128 0.00328193 0.00291844 0.00260841 0.00234964 0.00214019 0.0019784 0.00186294 0.001793 
0.00178501 0.00180466 0.00186943 0.00198006 0.00213754 0.00234321 0.00259876 0.00290618 0.0032677 0.00368576 0.00416293 0.00470187 0.00530525 0.00597564 0.00671549 0.00752699 0.00841203 0.00937209 0.0104081 0.0115206 0.0127093 0.0139732 0.0153107 0.0167191 0.0181952 0.0197344 0.0213317 0.0229807 0.0246746 0.0264052 0.0281638 0.0299409 0.0317261 0.0335087 0.0352771 0.0370196 0.0387242 0.0403786 0.0419706 0.0434883 0.0449198 0.0462538 0.0474796 0.0485871 0.0495672 0.0504115 0.0511131 0.0516658 0.0520649 0.052307 0.05239 0.0523133 0.0520774 0.0516845 0.0511379 0.0504426 0.0496043 0.0486302 0.0475287 0.0463087 0.0449804 0.0435545 0.0420422 0.0404553 0.0388058 0.0371059 0.0353677 0.0336033 0.0318244 0.0300424 0.0282682 0.0265119 0.0247831 0.0230907 0.0214424 0.0198455 0.0183061 0.0168293 0.0154197 0.0140804 0.0128143 0.0116229 0.0105072 0.00946759 0.00850357 0.00761421 0.00679807 0.0060533 0.00537774 0.00476899 0.0042245 0.00374162 0.00331775 0.00295033 0.00263693 0.00237536 0.00216363 0.00200009 0.00188339 0.00181269 
0.00184906 0.00186943 0.00193645 0.00205087 0.00221371 0.00242635 0.00269053 0.00300827 0.00338187 0.00381383 0.00430678 0.00486345 0.00548655 0.00617873 0.00694247 0.00778 0.00869325 0.00968368 0.0107523 0.0118995 0.013125 0.0144278 0.0158061 0.0172573 0.0187778 0.020363 0.0220077 0.0237054 0.0254488 0.0272297 0.0290391 0.0308671 0.0327032 0.0345362 0.0363544 0.0381457 0.0398976 0.0415978 0.0432337 0.0447929 0.0462634 0.0476336 0.0488925 0.0500298 0.0510362 0.0519031 0.0526233 0.0531907 0.0536003 0.0538487 0.0539338 0.0538548 0.0536125 0.0532089 0.0526476 0.0519335 0.0510725 0.0500721 0.0489406 0.0476875 0.0463229 0.0448579 0.0433041 0.0416734 0.0399781 0.0382308 0.036444 0.0346299 0.0328006 0.0309678 0.0291427 0.0273357 0.0255568 0.0238149 0.0221182 0.0204739 0.0188886 0.0173675 0.0159152 0.0145353 0.0132303 0.0120022 0.0108519 0.00977977 0.00878541 0.00786789 0.00702575 0.00625711 0.00555977 0.00493129 0.00436904 0.00387036 0.00343254 0.00305298 0.00272921 0.00245894 0.00224018 0.00207119 0.00195062 0.00187759 
0.00195847 0.00198006 0.00205087 0.00217169 0.00234357 0.00256797 0.00284667 0.0031818 0.00357575 0.0040311 0.0045506 0.00513707 0.00579332 0.00652209 0.00732593 0.00820714 0.00916767 0.010209 0.0113322 0.0125375 0.0138246 0.0151925 0.0166391 0.0181616 0.0197562 0.0214183 0.023142 0.0249208 0.0267468 0.0286115 0.0305055 0.0324183 0.0343391 0.036256 0.0381569 0.0400292 0.04186 0.0436362 0.0453448 0.046973 0.0485083 0.0499386 0.0512525 0.0524393 0.0534892 0.0543936 0.0551448 0.0557364 0.0561635 0.0564224 0.0565109 0.0564283 0.0561753 0.055754 0.0551682 0.0544228 0.0535242 0.0524801 0.051299 0.0499907 0.048566 0.0470361 0.0454132 0.0437097 0.0419385 0.0401124 0.0382446 0.0363478 0.0344347 0.0325174 0.0306076 0.0287163 0.0268537 0.0250294 0.0232518 0.0215288 0.0198668 0.0182718 0.0167483 0.0153002 0.0139304 0.0126408 0.0114326 0.010306 0.00926083 0.0082961 0.00741034 0.00660163 0.00586772 0.00520607 0.004614 0.00408872 0.00362744 0.00322745 0.00288619 0.00260129 0.00237065 0.00219249 0.00206539 0.00198844 
0.00211422 0.00213754 0.00221371 0.00234357 0.00252825 0.00276925 0.00306848 0.00342818 0.00385085 0.00433923 0.0048962 0.00552472 0.00622772 0.00700807 0.00786843 0.00881117 0.00983829 0.0109513 0.0121512 0.0134383 0.0148121 0.0162713 0.0178138 0.0194366 0.0211354 0.0229053 0.02474 0.0266323 0.0285742 0.0305564 0.0325688 0.0346005 0.0366398 0.0386742 0.040691 0.0426767 0.0446177 0.0465002 0.0483106 0.0500353 0.0516612 0.0531755 0.0545661 0.0558221 0.0569329 0.0578896 0.058684 0.0593096 0.0597611 0.0600347 0.0601279 0.0600402 0.0597722 0.0593262 0.0587061 0.0579172 0.0569661 0.0558607 0.0546103 0.0532251 0.0517162 0.0500957 0.0483762 0.0465709 0.0446933 0.0427571 0.0407759 0.0387635 0.036733 0.0346973 0.0326689 0.0306593 0.0286796 0.0267396 0.0248487 0.023015 0.0212455 0.0195466 0.0179232 0.0163794 0.0149185 0.0135424 0.0122526 0.0110495 0.00993276 0.00890155 0.00795434 0.00708917 0.0063037 0.00559529 0.00496114 0.00439832 0.00390393 0.00347511 0.00310915 0.00280357 0.00255616 0.00236504 0.00222871 0.00214621 
0.00231765 0.00234321 0.00242635 0.00256797 0.00276925 0.00303181 0.0033577 0.00374929 0.00420924 0.00474048 0.00534604 0.00602908 0.00679268 0.00763987 0.00857343 0.00959583 0.0107092 0.0119149 0.0132141 0.0146069 0.0160926 0.0176699 0.0193364 0.0210885 0.0229218 0.0248307 0.0268085 0.0288474 0.0309385 0.033072 0.035237 0.0374218 0.0396136 0.0417993 0.0439651 0.0460966 0.0481793 0.0501986 0.0521398 0.0539885 0.0557306 0.0573528 0.0588421 0.0601868 0.0613758 0.0623996 0.0632496 0.0639188 0.0644016 0.0646939 0.0647933 0.0646989 0.0644117 0.063934 0.06327 0.0624251 0.0614065 0.0602226 0.0588832 0.0573991 0.0557821 0.0540451 0.0522016 0.0502655 0.0482511 0.0461732 0.0440464 0.041885 0.0397035 0.0375155 0.0353343 0.0331725 0.0310417 0.0289528 0.0269157 0.0249393 0.0230312 0.0211981 0.0194457 0.0177784 0.0161996 0.0147119 0.0133166 0.0120145 0.0108052 0.00968794 0.00866118 0.00772289 0.00687061 0.0061016 0.00541289 0.00480141 0.00426406 0.00379782 0.00339981 0.0030674 0.00279822 0.00259028 0.00244196 0.00235227 
0.00257042 0.00259876 0.00269053 0.00284667 0.00306848 0.0033577 0.00371652 0.0041475 0.0046535 0.00523764 0.00590318 0.00665348 0.00749183 0.00842142 0.0094452 0.0105658 0.0117852 0.0131052 0.0145265 0.0160493 0.0176728 0.0193952 0.0212139 0.0231249 0.0251232 0.0272028 0.0293561 0.0315747 0.0338488 0.0361678 0.0385197 0.0408918 0.0432704 0.0456412 0.0479892 0.050299 0.0525551 0.0547414 0.0568424 0.0588426 0.0607268 0.0624806 0.0640904 0.0655434 0.0668279 0.0679336 0.0688514 0.0695737 0.0700946 0.0704098 0.0705167 0.0704143 0.0701037 0.0695873 0.0688696 0.0679565 0.0668555 0.0655758 0.0641276 0.0625228 0.0607739 0.0588946 0.0568995 0.0548035 0.0526221 0.0503709 0.0480658 0.0457224 0.043356 0.0409815 0.0386133 0.0362649 0.0339491 0.0316777 0.0294613 0.0273097 0.0252314 0.0232338 0.0213229 0.0195038 0.0177803 0.0161552 0.0146302 0.0132062 0.011883 0.0106598 0.00953506 0.00850664 0.00757202 0.00672828 0.00597227 0.00530074 0.00471037 0.00419793 0.00376034 0.00339478 0.00309871 0.00286998 0.00270686 0.00260828 
0.0028745 0.00290618 0.00300827 0.0031818 0.00342818 0.00374929 0.0041475 0.00462557 0.00518661 0.00583398 0.00657117 0.00740179 0.00832937 0.0093573 0.0104887 0.0117263 0.0130723 0.0145282 0.016095 0.0177725 0.0195599 0.0214549 0.0234546 0.0255544 0.0277488 0.0300308 0.0323925 0.0348242 0.0373153 0.039854 0.0424274 0.0450213 0.047621 0.0502108 0.0527745 0.0552952 0.057756 0.0601399 0.0624296 0.0646087 0.0666606 0.06857 0.0703219 0.0719027 0.0732998 0.0745021 0.0754998 0.0762848 0.0768507 0.0771929 0.0773085 0.0771967 0.0768584 0.0762964 0.0755154 0.0745218 0.0733237 0.0719308 0.0703544 0.068607 0.0667023 0.0646551 0.0624809 0.060196 0.0578171 0.0553612 0.0528453 0.0502865 0.0477013 0.0451061 0.0425164 0.039947 0.0374118 0.0349239 0.0324949 0.0301356 0.0278553 0.0256621 0.0235629 0.0215633 0.0196677 0.0178792 0.0161999 0.0146308 0.0131719 0.0118224 0.0105808 0.00944495 0.00841207 0.00747913 0.00664278 0.00589952 0.0052458 0.00467815 0.00419326 0.00378807 0.00345984 0.00320625 0.00302544 0.00291622 
0.0032321 0.0032677 0.00338187 0.00357575 0.00385085 0.00420924 0.0046535 0.00518661 0.00581195 0.00653314 0.00735399 0.00827834 0.00931 0.0104526 0.0117094 0.0130833 0.0145766 0.0161909 0.0179269 0.0197844 0.0217621 0.0238576 0.0260674 0.0283863 0.0308081 0.033325 0.035928 0.0386066 0.0413489 0.0441419 0.0469714 0.0498218 0.052677 0.0555198 0.0583324 0.0610966 0.0637938 0.0664053 0.0689128 0.071298 0.0735433 0.0756317 0.0775473 0.0792753 0.080802 0.0821155 0.0832052 0.0840623 0.08468 0.0850532 0.085179 0.0850562 0.0846861 0.0840716 0.0832177 0.0821314 0.0808215 0.0792984 0.0775743 0.0756628 0.0735786 0.0713377 0.0689572 0.0664544 0.0638477 0.0611555 0.0583963 0.0555887 0.0527509 0.0499005 0.0470546 0.0442296 0.0414407 0.0387021 0.0360269 0.0334268 0.0309122 0.0284923 0.0261746 0.0239655 0.02187 0.0198916 0.0180328 0.0162949 0.0146781 0.0131816 0.0118039 0.0105428 0.00939538 0.00835841 0.00742832 0.00660135 0.00587368 0.00524156 0.00470141 0.00424991 0.00388411 0.00360147 0.00339997 0.00327834 
0.00364565 0.00368576 0.00381383 0.0040311 0.00433923 0.00474048 0.00523764 0.00583398 0.00653314 0.00733908 0.0082559 0.00928775 0.0104387 0.0117127 0.0131132 0.0146432 0.016305 0.0181003 0.0200297 0.0220928 0.0242879 0.0266123 0.0290617 0.0316303 0.0343112 0.0370956 0.0399733 0.0429327 0.0459607 0.0490427 0.052163 0.0553047 0.0584499 0.0615796 0.0646744 0.0677144 0.0706793 0.0735488 0.0763027 0.0789211 0.081385 0.083676 0.0857767 0.087671 0.0893442 0.0907832 0.0919768 0.0929154 0.0935915 0.0939998 0.0941369 0.0940019 0.0935958 0.0929219 0.0919858 0.0907948 0.0893585 0.0876882 0.0857972 0.0837 0.0814129 0.078953 0.0763389 0.0735896 0.0707249 0.067765 0.0647301 0.0616404 0.0585159 0.055376 0.0522393 0.0491239 0.0460466 0.043023 0.0400677 0.0371935 0.0344122 0.0317339 0.0291671 0.0267191 0.0243954 0.0222002 0.0201364 0.0182056 0.0164082 0.0147435 0.0132101 0.0118055 0.0105269 0.00937068 0.0083331 0.00741011 0.00659758 0.00589146 0.00528786 0.00478318 0.00437421 0.00405821 0.00383295 0.00369704 
0.00411769 0.00416293 0.00430678 0.0045506 0.0048962 0.00534604 0.00590318 0.00657117 0.00735399 0.0082559 0.00928135 0.0104348 0.0117208 0.0131433 0.014706 0.0164123 0.0182644 0.0202639 0.0224113 0.024706 0.027146 0.0297279 0.0324468 0.0352962 0.0382682 0.0413529 0.0445389 0.0478132 0.0511613 0.0545671 0.0580132 0.0614808 0.0649502 0.0684007 0.0718109 0.075159 0.0784227 0.0815799 0.0846086 0.0874872 0.0901947 0.0927113 0.0950181 0.0970976 0.0989339 0.100513 0.101822 0.102851 0.103592 0.104039 0.104189 0.104041 0.103594 0.102855 0.101827 0.100519 0.0989423 0.0971082 0.0950312 0.0927273 0.090214 0.08751 0.0846354 0.0816111 0.0784585 0.0751997 0.0718568 0.068452 0.065007 0.0615432 0.0580812 0.0546406 0.0512401 0.0478971 0.0446275 0.0414459 0.0383651 0.0353964 0.0325497 0.0298329 0.0272524 0.0248131 0.0225183 0.0203701 0.0183689 0.0165145 0.0148052 0.0132386 0.0118117 0.0105207 0.0093615 0.00832984 0.00742124 0.00663131 0.00595583 0.0053909 0.00493301 0.00457918 0.00432699 0.00417492 
0.00465086 0.00470187 0.00486345 0.00513707 0.00552472 0.00602908 0.00665348 0.00740179 0.00827834 0.00928775 0.0104348 0.0117245 0.0131613 0.0147499 0.016494 0.018397 0.0204615 0.0226888 0.0250793 0.027632 0.0303446 0.033213 0.0362316 0.0393931 0.0426883 0.0461063 0.0496343 0.0532578 0.0569606 0.0607249 0.0645313 0.0683593 0.0721871 0.075992 0.0797504 0.0834385 0.0870318 0.0905063 0.0938378 0.0970028 0.0999787 0.102744 0.105277 0.10756 0.109576 0.111308 0.112745 0.113873 0.114686 0.115176 0.11534 0.115176 0.114686 0.113873 0.112745 0.111309 0.109578 0.107563 0.105282 0.10275 0.0999881 0.0970153 0.0938538 0.0905264 0.0870564 0.0834679 0.0797852 0.0760323 0.0722333 0.0684115 0.0645895 0.0607892 0.0570309 0.0533339 0.049716 0.0461932 0.04278 0.039489 0.0363311 0.0333154 0.0304492 0.0277381 0.025186 0.0227954 0.0205671 0.0185009 0.0165952 0.0148476 0.0132549 0.0118131 0.0105179 0.00936463 0.00834845 0.00746464 0.00670862 0.00607616 0.00556343 0.00516718 0.00488479 0.00471461 
0.00524779 0.00530525 0.00548655 0.00579332 0.00622772 0.00679268 0.00749183 0.00832937 0.00931 0.0104387 0.0117208 0.0131613 0.0147655 0.0165379 0.0184828 0.0206036 0.0229028 0.0253817 0.0280407 0.0308782 0.0338914 0.0370756 0.0404243 0.0439293 0.0475801 0.0513644 0.055268 0.0592748 0.0633666 0.0675239 0.0717252 0.0759478 0.0801678 0.0843602 0.0884992 0.0925586 0.0965118 0.100332 0.103994 0.107471 0.11074 0.113775 0.116555 0.11906 0.121271 0.123171 0.124745 0.125982 0.126872 0.127409 0.127588 0.127407 0.12687 0.125978 0.12474 0.123165 0.121265 0.119055 0.116551 0.113772 0.110738 0.107472 0.103998 0.10034 0.0965236 0.0925752 0.0885211 0.0843879 0.0802016 0.075988 0.071772 0.0675774 0.0634269 0.0593416 0.0553413 0.0514438 0.0476652 0.0440196 0.0405193 0.0371744 0.0339934 0.0309826 0.0281465 0.0254882 0.023009 0.0207086 0.0185857 0.0166378 0.0148615 0.0132527 0.0118067 0.0105185 0.00938295 0.00839494 0.0075495 0.00684203 0.00626838 0.00582501 0.00550907 0.00531877 
0.00591105 0.00597564 0.00617873 0.00652209 0.00700807 0.00763987 0.00842142 0.0093573 0.0104526 0.0117127 0.0131433 0.0147499 0.0165379 0.0185124 0.0206777 0.0230375 0.0255941 0.028349 0.0313019 0.0344511 0.0377931 0.0413224 0.0450318 0.0489115 0.0529501 0.0571338 0.0614465 0.0658704 0.0703854 0.0749698 0.0795999 0.0842509 0.0888963 0.0935087 0.0980599 0.102521 0.106864 0.111059 0.115078 0.118892 0.122476 0.125803 0.12885 0.131594 0.134015 0.136095 0.137818 0.139172 0.140146 0.140733 0.140928 0.14073 0.14014 0.139164 0.137808 0.136083 0.134001 0.13158 0.128835 0.125789 0.122462 0.11888 0.115068 0.111052 0.106861 0.102524 0.0980674 0.093522 0.088916 0.0842774 0.0796336 0.0750108 0.0704339 0.0659264 0.0615099 0.0572042 0.0530273 0.048995 0.0451209 0.0414165 0.0378914 0.0345527 0.031406 0.0284546 0.0257002 0.0231431 0.0207819 0.018614 0.0166361 0.0148437 0.0132318 0.0117952 0.0105283 0.00942554 0.00848159 0.00769146 0.00705067 0.00655537 0.00620245 0.00598997 
0.00664307 0.00671549 0.00694247 0.00732593 0.00786843 0.00857343 0.0094452 0.0104887 0.0117094 0.0131132 0.014706 0.016494 0.0184828 0.0206777 0.0230834 0.0257035 0.0285405 0.0315955 0.0348681 0.0383559 0.0420549 0.0459588 0.050059 0.0543449 0.0588033 0.0634188 0.0681738 0.0730482 0.07802 0.083065 0.0881574 0.0932697 0.0983729 0.103437 0.108431 0.113325 0.118085 0.122682 0.127083 0.131259 0.135181 0.138821 0.142153 0.145153 0.147799 0.150071 0.151954 0.153432 0.154495 0.155135 0.155348 0.155131 0.154486 0.153419 0.151937 0.150051 0.147776 0.145128 0.142127 0.138794 0.135154 0.131233 0.127059 0.12266 0.118067 0.113311 0.108423 0.103434 0.0983768 0.0932808 0.0881762 0.0830918 0.0780551 0.0730916 0.0682256 0.0634787 0.058871 0.05442 0.050141 0.0460469 0.0421483 0.0384538 0.0349694 0.0316993 0.0286458 0.0258091 0.0231882 0.0207806 0.0185827 0.0165899 0.014797 0.0131982 0.0117877 0.0105595 0.00950778 0.00862722 0.00791294 0.00736079 0.00696739 0.00673064 
0.00744601 0.00752699 0.00778 0.00820714 0.00881117 0.00959583 0.0105658 0.0117263 0.0130833 0.0146432 0.0164123 0.018397 0.0206036 0.0230375 0.0257035 0.0286054 0.0317457 0.0351251 0.038743 0.0425964 0.0466804 0.0509879 0.0555091 0.0602319 0.0651417 0.0702213 0.0754511 0.0808088 0.0862701 0.0918085 0.0973956 0.103001 0.108594 0.11414 0.119607 0.124961 0.130167 0.135191 0.14 0.144561 0.148842 0.152815 0.156449 0.159721 0.162605 0.165082 0.167133 0.168744 0.169902 0.170599 0.170829 0.170592 0.16989 0.168726 0.16711 0.165054 0.162573 0.159685 0.15641 0.152774 0.148801 0.144519 0.139959 0.135153 0.130131 0.12493 0.119581 0.11412 0.10858 0.102995 0.0973976 0.0918193 0.0862899 0.0808378 0.0754894 0.070269 0.0651984 0.0602971 0.0555824 0.0510685 0.0467677 0.0426893 0.0388405 0.0352262 0.0318492 0.0287102 0.0258083 0.023141 0.0207047 0.0184947 0.0165053 0.0147305 0.013164 0.0117994 0.0106306 0.00965172 0.00885753 0.00824354 0.00780611 0.00754297 
0.00832176 0.00841203 0.00869325 0.00916767 0.00983829 0.0107092 0.0117852 0.0130723 0.0145766 0.016305 0.0182644 0.0204615 0.0229028 0.0255941 0.0285405 0.0317457 0.035212 0.03894 0.0429286 0.0471741 0.0516709 0.0564107 0.0613824 0.0665726 0.0719647 0.0775398 0.0832759 0.0891488 0.0951315 0.101195 0.107308 0.113438 0.11955 0.125608 0.131576 0.137418 0.143095 0.148572 0.153812 0.158779 0.16344 0.167763 0.171717 0.175274 0.178411 0.181103 0.183332 0.185082 0.186339 0.187096 0.187346 0.187088 0.186323 0.185058 0.183302 0.181066 0.178368 0.175227 0.171665 0.167707 0.163382 0.15872 0.153753 0.148515 0.143041 0.137367 0.13153 0.125568 0.119516 0.113413 0.107291 0.101188 0.0951341 0.0891616 0.0832991 0.0775733 0.0720085 0.0666262 0.0614455 0.0564824 0.0517506 0.0472607 0.0430211 0.0390373 0.0353127 0.0318487 0.0286444 0.0256976 0.0230046 0.0205603 0.0183589 0.0163942 0.0146594 0.0131476 0.0118522 0.010767 0.0098864 0.00920554 0.0087205 0.00842883 
0.00927179 0.00937209 0.00968368 0.010209 0.0109513 0.0119149 0.0131052 0.0145282 0.0161909 0.0181003 0.0202639 0.0226888 0.0253817 0.028349 0.0315955 0.0351251 0.03894 0.0430405 0.0474248 0.0520887 0.0570254 0.0622255 0.0676766 0.0733636 0.0792681 0.085369 0.0916422 0.0980609 0.104596 0.111214 0.117883 0.124567 0.131227 0.137824 0.144321 0.150676 0.156849 0.162802 0.168494 0.173887 0.178947 0.183637 0.187926 0.191784 0.195183 0.198101 0.200516 0.202411 0.203773 0.204593 0.204863 0.204583 0.203754 0.202382 0.200478 0.198055 0.19513 0.191723 0.18786 0.183566 0.178872 0.173811 0.168416 0.162725 0.156774 0.150604 0.144254 0.137763 0.131172 0.12452 0.117846 0.111187 0.104579 0.0980555 0.0916482 0.0853866 0.0792972 0.0734039 0.0677277 0.0622867 0.0570959 0.0521675 0.0475109 0.0431327 0.0390369 0.0352254 0.0316977 0.0284516 0.0254835 0.0227881 0.0203595 0.018191 0.0162753 0.0146053 0.013174 0.0119745 0.011001 0.0102483 0.00971204 0.00938969 
0.0102971 0.0104081 0.0107523 0.0113322 0.0121512 0.0132141 0.0145265 0.016095 0.0179269 0.0200297 0.0224113 0.0250793 0.0280407 0.0313019 0.0348681 0.038743 0.0429286 0.0474248 0.0522292 0.0573368 0.0627399 0.0684275 0.0743859 0.0805981 0.0870438 0.0936997 0.100539 0.107533 0.114649 0.121852 0.129105 0.136369 0.143604 0.150767 0.157817 0.164709 0.171401 0.17785 0.184015 0.189853 0.195328 0.200401 0.205039 0.209209 0.212883 0.216035 0.218644 0.22069 0.222161 0.223045 0.223336 0.223033 0.222137 0.220656 0.218598 0.215979 0.212818 0.209135 0.204958 0.200314 0.195236 0.189758 0.183917 0.177752 0.171304 0.164615 0.157727 0.150683 0.143526 0.1363 0.129045 0.121803 0.114611 0.107507 0.100526 0.0936995 0.0870564 0.0806233 0.0744233 0.0684765 0.0627997 0.0574065 0.0523076 0.0475106 0.0430204 0.0388394 0.0349675 0.0314028 0.0281416 0.0251785 0.0225075 0.0201213 0.0180126 0.0161736 0.0145968 0.0132753 0.0122024 0.0113727 0.0107817 0.0104265 
0.011398 0.0115206 0.0118995 0.0125375 0.0134383 0.0146069 0.0160493 0.0177725 0.0197844 0.0220928 0.024706 0.027632 0.0308782 0.0344511 0.0383559 0.0425964 0.0471741 0.0520887 0.0573368 0.0629127 0.0688074 0.0750087 0.0815011 0.0882656 0.0952799 0.102518 0.109952 0.117548 0.125272 0.133086 0.140949 0.14882 0.156655 0.164407 0.172033 0.179484 0.186715 0.193681 0.200335 0.206636 0.212541 0.218011 0.22301 0.227503 0.231461 0.234855 0.237664 0.239867 0.24145 0.242401 0.242714 0.242387 0.241422 0.239826 0.23761 0.234789 0.231383 0.227416 0.222913 0.217907 0.21243 0.20652 0.200217 0.19356 0.186595 0.179366 0.171918 0.164299 0.156553 0.148727 0.140866 0.133013 0.125212 0.117501 0.109918 0.102498 0.0952741 0.0882738 0.081523 0.0750438 0.0688549 0.0629716 0.057406 0.0521667 0.0472597 0.0426878 0.0384516 0.0345494 0.0309774 0.0277304 0.024802 0.0221847 0.0198708 0.0178522 0.0161209 0.0146693 0.0134907 0.0125791 0.0119298 0.0115398 
0.0125745 0.0127093 0.013125 0.0138246 0.0148121 0.0160926 0.0176728 0.0195599 0.0217621 0.0242879 0.027146 0.0303446 0.0338914 0.0377931 0.0420549 0.0466804 0.0516709 0.0570254 0.0627399 0.0688074 0.0752178 0.0819574 0.0890089 0.0963512 0.10396 0.111807 0.11986 0.128084 0.136441 0.14489 0.153388 0.161889 0.170346 0.178709 0.186931 0.194961 0.202749 0.210248 0.217409 0.224185 0.230534 0.236413 0.241783 0.246609 0.250859 0.254502 0.257516 0.25988 0.261578 0.262598 0.262933 0.262582 0.261546 0.259833 0.257454 0.254426 0.250769 0.246507 0.241671 0.236291 0.230404 0.224049 0.217268 0.210104 0.202605 0.194818 0.186791 0.178575 0.170218 0.16177 0.153279 0.144793 0.136356 0.128013 0.119803 0.111765 0.103934 0.0963407 0.0890135 0.0819768 0.0752513 0.0688539 0.0627982 0.0570943 0.0517488 0.0467656 0.0421457 0.0378877 0.0339879 0.0304413 0.0272411 0.0243796 0.0218488 0.0196401 0.0177452 0.0161561 0.0148655 0.0138672 0.0131562 0.0127291 
0.0138255 0.0139732 0.0144278 0.0151925 0.0162713 0.0176699 0.0193952 0.0214549 0.0238576 0.0266123 0.0297279 0.033213 0.0370756 0.0413224 0.0459588 0.0509879 0.0564107 0.0622255 0.0684275 0.0750087 0.0819574 0.0892584 0.0968923 0.104836 0.113063 0.121542 0.130238 0.139113 0.148126 0.157233 0.166387 0.175538 0.184637 0.19363 0.202466 0.211091 0.219453 0.227499 0.235179 0.242444 0.249248 0.255545 0.261296 0.266462 0.27101 0.274908 0.278132 0.28066 0.282475 0.283565 0.283924 0.283547 0.282439 0.280606 0.278061 0.274821 0.270907 0.266346 0.261167 0.255405 0.249098 0.242286 0.235015 0.227331 0.219283 0.210922 0.202299 0.193468 0.184481 0.175391 0.16625 0.157108 0.148015 0.139016 0.130156 0.121477 0.113015 0.104805 0.096878 0.0892604 0.0819752 0.0750412 0.0684736 0.0622837 0.0564795 0.0510656 0.0460435 0.0414123 0.0371686 0.0333072 0.0298213 0.0267031 0.0239441 0.0215353 0.0194681 0.017734 0.0163255 0.0152358 0.0144597 0.0139937 
0.0151493 0.0153107 0.0158061 0.0166391 0.0178138 0.0193364 0.0212139 0.0234546 0.0260674 0.0290617 0.0324468 0.0362316 0.0404243 0.0450318 0.050059 0.0555091 0.0613824 0.0676766 0.0743859 0.0815011 0.0890089 0.0968923 0.10513 0.113697 0.122563 0.131695 0.141055 0.150602 0.160292 0.170076 0.179904 0.189724 0.199481 0.20912 0.218585 0.22782 0.236767 0.245373 0.253583 0.261347 0.268614 0.275338 0.281476 0.286988 0.291839 0.295996 0.299433 0.302128 0.304062 0.305224 0.305605 0.305204 0.304022 0.302068 0.299354 0.295898 0.291724 0.286857 0.28133 0.275179 0.268444 0.261167 0.253397 0.245181 0.236572 0.227624 0.218391 0.20893 0.199297 0.189548 0.179738 0.169922 0.160152 0.150478 0.140948 0.131605 0.122491 0.113643 0.105095 0.0968753 0.0890093 0.081518 0.0744182 0.0677228 0.0614409 0.055578 0.0501365 0.0451158 0.0405128 0.0363224 0.0325377 0.0291508 0.0261528 0.0235345 0.0212868 0.0194008 0.0178685 0.016683 0.0158386 0.0153318 
0.0165435 0.0167191 0.0172573 0.0181616 0.0194366 0.0210885 0.0231249 0.0255544 0.0283863 0.0316303 0.0352962 0.0393931 0.0439293 0.0489115 0.0543449 0.0602319 0.0665726 0.0733636 0.0805981 0.0882656 0.0963512 0.104836 0.113697 0.122906 0.13243 0.142234 0.152276 0.162513 0.172896 0.183373 0.193892 0.204395 0.214825 0.225123 0.235229 0.245084 0.254628 0.263802 0.272551 0.28082 0.288557 0.295713 0.302243 0.308105 0.313262 0.317681 0.321334 0.324197 0.326252 0.327485 0.32789 0.327463 0.326207 0.32413 0.321246 0.317573 0.313134 0.307959 0.30208 0.295536 0.288366 0.280618 0.272341 0.263585 0.254406 0.244861 0.235007 0.224904 0.214612 0.20419 0.193697 0.18319 0.172727 0.162361 0.152141 0.142118 0.132333 0.122828 0.113639 0.104798 0.0963328 0.0882654 0.0806151 0.0733963 0.0666193 0.0602908 0.0544139 0.0489886 0.0440121 0.0394795 0.0353839 0.0317172 0.0284702 0.0256334 0.0231973 0.0211528 0.0194914 0.0182058 0.0172902 0.0167408 
0.0180046 0.0181952 0.0187778 0.0197562 0.0211354 0.0229218 0.0251232 0.0277488 0.0308081 0.0343112 0.0382682 0.0426883 0.0475801 0.0529501 0.0588033 0.0651417 0.0719647 0.0792681 0.0870438 0.0952799 0.10396 0.113063 0.122563 0.13243 0.142629 0.153121 0.163861 0.174801 0.185891 0.197076 0.208297 0.219496 0.230609 0.241576 0.252332 0.262815 0.272962 0.282711 0.292004 0.300783 0.308993 0.316585 0.323509 0.329724 0.335189 0.339871 0.34374 0.346772 0.348948 0.350254 0.350682 0.35023 0.348899 0.346699 0.343644 0.339752 0.335049 0.329563 0.32333 0.316389 0.308783 0.300559 0.29177 0.282469 0.272714 0.262564 0.252081 0.241327 0.230366 0.219259 0.208071 0.196862 0.185693 0.174619 0.163697 0.152976 0.142505 0.132327 0.122482 0.113003 0.103921 0.0952612 0.0870441 0.0792859 0.0719984 0.0651893 0.0588627 0.0530191 0.0476563 0.0427694 0.0383517 0.0343949 0.0308897 0.0278263 0.0251947 0.0229856 0.0211901 0.0198006 0.0188109 0.0182172 
0.0195285 0.0197344 0.020363 0.0214183 0.0229053 0.0248307 0.0272028 0.0300308 0.033325 0.0370956 0.0413529 0.0461063 0.0513644 0.0571338 0.0634188 0.0702213 0.0775398 0.085369 0.0936997 0.102518 0.111807 0.121542 0.131695 0.142234 0.153121 0.164312 0.175762 0.187419 0.199227 0.211128 0.223061 0.234963 0.246768 0.258409 0.269821 0.280937 0.291691 0.302019 0.311858 0.321148 0.329834 0.337861 0.345181 0.351748 0.357521 0.362466 0.366551 0.369752 0.372049 0.373427 0.373879 0.373401 0.371996 0.369673 0.366447 0.362337 0.357369 0.351573 0.344986 0.337648 0.329603 0.320903 0.3116 0.301751 0.291417 0.280658 0.269541 0.25813 0.246493 0.234695 0.222804 0.210883 0.198997 0.187206 0.175568 0.164139 0.152969 0.142105 0.131589 0.121458 0.111746 0.10248 0.0936818 0.0853705 0.0775591 0.0702564 0.0634674 0.0571936 0.051433 0.0461812 0.0414314 0.0371754 0.0334037 0.0301063 0.0272728 0.0248936 0.0229595 0.0214625 0.0203963 0.0197569 
0.0211098 0.0213317 0.0220077 0.023142 0.02474 0.0268085 0.0293561 0.0323925 0.035928 0.0399733 0.0445389 0.0496343 0.055268 0.0614465 0.0681738 0.0754511 0.0832759 0.0916422 0.100539 0.109952 0.11986 0.130238 0.141055 0.152276 0.163861 0.175762 0.18793 0.200311 0.212844 0.225468 0.238119 0.250729 0.263228 0.275548 0.287618 0.299369 0.31073 0.321636 0.332021 0.341823 0.350983 0.359444 0.367157 0.374075 0.380155 0.385361 0.389661 0.39303 0.395447 0.396897 0.397371 0.396868 0.39539 0.392945 0.389549 0.385223 0.379991 0.373887 0.366947 0.359213 0.350733 0.341557 0.331741 0.321344 0.31043 0.299062 0.287309 0.27524 0.262923 0.25043 0.23783 0.225191 0.212582 0.200066 0.187705 0.175558 0.16368 0.152119 0.140922 0.130129 0.119776 0.109892 0.100502 0.0916263 0.0832797 0.0754724 0.0682105 0.0614961 0.055328 0.049702 0.0446117 0.0400486 0.0360032 0.0324652 0.0294242 0.0268701 0.0247934 0.0231859 0.022041 0.0213544 
0.0227426 0.0229807 0.0237054 0.0249208 0.0266323 0.0288474 0.0315747 0.0348242 0.0386066 0.0429327 0.0478132 0.0532578 0.0592748 0.0658704 0.0730482 0.0808088 0.0891488 0.0980609 0.107533 0.117548 0.128084 0.139113 0.150602 0.162513 0.174801 0.187419 0.200311 0.213419 0.226681 0.240032 0.253402 0.266721 0.279916 0.292914 0.30564 0.318023 0.329991 0.341472 0.3524 0.362709 0.372338 0.381231 0.389334 0.396598 0.402982 0.408446 0.412958 0.416493 0.419028 0.420549 0.421046 0.420518 0.418967 0.416402 0.412839 0.408298 0.402807 0.396397 0.389108 0.380983 0.37207 0.362422 0.352097 0.341156 0.329664 0.31769 0.305303 0.292575 0.27958 0.26639 0.253081 0.239722 0.226387 0.213142 0.200054 0.187184 0.174591 0.162327 0.150442 0.138979 0.127976 0.117466 0.107475 0.0980264 0.0891359 0.0808154 0.073072 0.0659088 0.0593253 0.0533176 0.0478794 0.0430026 0.0386776 0.0348937 0.0316404 0.0289073 0.0266846 0.024964 0.0237385 0.0230037 
0.0244197 0.0246746 0.0254488 0.0267468 0.0285742 0.0309385 0.0338488 0.0373153 0.0413489 0.0459607 0.0511613 0.0569606 0.0633666 0.0703854 0.07802 0.0862701 0.0951315 0.104596 0.114649 0.125272 0.136441 0.148126 0.160292 0.172896 0.185891 0.199227 0.212844 0.226681 0.240673 0.254749 0.268837 0.282862 0.296749 0.310421 0.3238 0.336811 0.349378 0.361428 0.372893 0.383703 0.393796 0.403114 0.4116 0.419207 0.425888 0.431606 0.436327 0.440024 0.442675 0.444266 0.444786 0.444234 0.442612 0.439929 0.436201 0.43145 0.425703 0.418994 0.411361 0.40285 0.39351 0.383396 0.372568 0.361089 0.349026 0.33645 0.323434 0.310053 0.296383 0.2825 0.268483 0.254407 0.240346 0.226372 0.212555 0.198961 0.18565 0.17268 0.160103 0.147966 0.136308 0.125166 0.114569 0.104542 0.095101 0.086261 0.0780299 0.0704118 0.0634068 0.0570116 0.0512202 0.0460246 0.0414151 0.0373811 0.0339117 0.0309963 0.0286251 0.0267892 0.0254815 0.0246977 
0.0261334 0.0264052 0.0272297 0.0286115 0.0305564 0.033072 0.0361678 0.039854 0.0441419 0.0490427 0.0545671 0.0607249 0.0675239 0.0749698 0.083065 0.0918085 0.101195 0.111214 0.121852 0.133086 0.14489 0.157233 0.170076 0.183373 0.197076 0.211128 0.225468 0.240032 0.254749 0.269545 0.284346 0.299072 0.313644 0.327982 0.342006 0.355636 0.368794 0.381406 0.393397 0.4047 0.415249 0.424983 0.433845 0.441786 0.448759 0.454725 0.45965 0.463506 0.466271 0.467929 0.468472 0.467896 0.466204 0.463406 0.459518 0.454561 0.448564 0.441562 0.433593 0.424704 0.414946 0.404375 0.393053 0.381044 0.368419 0.35525 0.341613 0.327586 0.313248 0.298679 0.283961 0.269171 0.254389 0.23969 0.225147 0.21083 0.196803 0.183128 0.169858 0.157045 0.144732 0.132956 0.12175 0.11114 0.101146 0.0917828 0.0830602 0.0749833 0.0675528 0.0607663 0.054618 0.0491 0.0442027 0.0399155 0.0362274 0.0331274 0.0306055 0.0286528 0.027262 0.0264284 
0.0278749 0.0281638 0.0290391 0.0305055 0.0325688 0.035237 0.0385197 0.0424274 0.0469714 0.052163 0.0580132 0.0645313 0.0717252 0.0795999 0.0881574 0.0973956 0.107308 0.117883 0.129105 0.140949 0.153388 0.166387 0.179904 0.193892 0.208297 0.223061 0.238119 0.253402 0.268837 0.284346 0.29985 0.315267 0.330515 0.345508 0.360165 0.374403 0.388141 0.401301 0.413809 0.425593 0.436586 0.446726 0.455955 0.464221 0.471478 0.477685 0.482808 0.486818 0.489693 0.491418 0.491982 0.491383 0.489624 0.486714 0.48267 0.477514 0.471274 0.463986 0.45569 0.446433 0.436267 0.425251 0.413445 0.400919 0.387743 0.373992 0.359746 0.345084 0.330089 0.314845 0.299434 0.28394 0.268445 0.253028 0.237766 0.222731 0.207993 0.193616 0.179658 0.166171 0.153203 0.140795 0.12898 0.117788 0.10724 0.0973525 0.0881372 0.0795998 0.0717423 0.0645626 0.0580554 0.0522131 0.0470262 0.0424841 0.0385755 0.0352896 0.032616 0.0305455 0.0290707 0.028187 
0.0296348 0.0299409 0.0308671 0.0324183 0.0346005 0.0374218 0.0408918 0.0450213 0.0498218 0.0553047 0.0614808 0.0683593 0.0759478 0.0842509 0.0932697 0.103001 0.113438 0.124567 0.136369 0.14882 0.161889 0.175538 0.189724 0.204395 0.219496 0.234963 0.250729 0.266721 0.282862 0.299072 0.315267 0.331362 0.347271 0.362907 0.378182 0.393013 0.407317 0.421012 0.434021 0.446273 0.457697 0.46823 0.477814 0.486395 0.493927 0.500367 0.505681 0.50984 0.512822 0.51461 0.515195 0.514574 0.51275 0.509733 0.505538 0.50019 0.493716 0.486152 0.477539 0.467926 0.457364 0.445914 0.43364 0.42061 0.406897 0.39258 0.377738 0.362456 0.346818 0.330911 0.314821 0.298635 0.282439 0.266315 0.250344 0.234601 0.219161 0.204089 0.189448 0.175294 0.161677 0.148641 0.136221 0.124449 0.11335 0.10294 0.0932334 0.0842366 0.0759525 0.0683798 0.0615138 0.0553471 0.0498703 0.0450729 0.0409435 0.0374712 0.0346454 0.0324569 0.0308979 0.0299639 
0.0314028 0.0317261 0.0327032 0.0343391 0.0366398 0.0396136 0.0432704 0.047621 0.052677 0.0584499 0.0649502 0.0721871 0.0801678 0.0888963 0.0983729 0.108594 0.11955 0.131227 0.143604 0.156655 0.170346 0.184637 0.199481 0.214825 0.230609 0.246768 0.263228 0.279916 0.296749 0.313644 0.330515 0.347271 0.363824 0.380084 0.395962 0.411369 0.42622 0.440433 0.453928 0.466631 0.478472 0.489384 0.49931 0.508194 0.515989 0.522654 0.528151 0.532454 0.535538 0.537387 0.537992 0.53735 0.535464 0.532343 0.528005 0.522471 0.515772 0.507943 0.499025 0.489069 0.478126 0.466258 0.45353 0.440013 0.425781 0.410913 0.395494 0.379609 0.363345 0.346791 0.330039 0.313178 0.296295 0.279479 0.262812 0.246375 0.230244 0.214489 0.199176 0.184365 0.170107 0.15645 0.143432 0.131087 0.119441 0.108514 0.0983201 0.0888673 0.0801596 0.0721964 0.0649736 0.0584841 0.0527187 0.047667 0.0433177 0.0396596 0.0366822 0.0343759 0.0327331 0.031749 
0.0331682 0.0335087 0.0345362 0.036256 0.0386742 0.0417993 0.0456412 0.0502108 0.0555198 0.0615796 0.0684007 0.075992 0.0843602 0.0935087 0.103437 0.11414 0.125608 0.137824 0.150767 0.164407 0.178709 0.19363 0.20912 0.225123 0.241576 0.258409 0.275548 0.292914 0.310421 0.327982 0.345508 0.362907 0.380084 0.396949 0.413407 0.429371 0.44475 0.459462 0.473424 0.486561 0.4988 0.510077 0.52033 0.529504 0.537552 0.54443 0.550103 0.554542 0.557723 0.559631 0.560256 0.559593 0.557648 0.554429 0.549953 0.544243 0.537328 0.529246 0.520037 0.509752 0.498444 0.486175 0.473011 0.459025 0.444292 0.428895 0.412918 0.396449 0.379579 0.3624 0.345005 0.327487 0.309937 0.292447 0.275102 0.257986 0.24118 0.224758 0.208787 0.19333 0.178444 0.164177 0.150572 0.137663 0.125479 0.114042 0.103367 0.0934647 0.0843387 0.0759897 0.0684141 0.0616053 0.0555544 0.050251 0.0456838 0.0418417 0.038714 0.0362911 0.0345651 0.0335313 
0.0349198 0.0352771 0.0363544 0.0381569 0.040691 0.0439651 0.0479892 0.0527745 0.0583324 0.0646744 0.0718109 0.0797504 0.0884992 0.0980599 0.108431 0.119607 0.131576 0.144321 0.157817 0.172033 0.186931 0.202466 0.218585 0.235229 0.252332 0.269821 0.287618 0.30564 0.3238 0.342006 0.360165 0.378182 0.395962 0.413407 0.430425 0.446922 0.462808 0.477997 0.492405 0.505956 0.518577 0.5302 0.540765 0.550215 0.558502 0.565583 0.571423 0.575991 0.579265 0.581228 0.581871 0.58119 0.579188 0.575876 0.57127 0.565393 0.558274 0.549951 0.540465 0.529867 0.518211 0.505559 0.49198 0.477545 0.462334 0.446428 0.429916 0.412886 0.395433 0.377651 0.359636 0.341483 0.323288 0.305144 0.287142 0.269369 0.251907 0.234835 0.218223 0.202138 0.186639 0.171777 0.157598 0.144138 0.131427 0.119491 0.108345 0.0980008 0.0884642 0.0797363 0.0718141 0.0646914 0.0583596 0.0528085 0.0480269 0.0440036 0.0407278 0.03819 0.0363821 0.0352994 
0.0366458 0.0370196 0.0381457 0.0400292 0.0426767 0.0460966 0.050299 0.0552952 0.0610966 0.0677144 0.075159 0.0834385 0.0925586 0.102521 0.113325 0.124961 0.137418 0.150676 0.164709 0.179484 0.194961 0.211091 0.22782 0.245084 0.262815 0.280937 0.299369 0.318023 0.336811 0.355636 0.374403 0.393013 0.411369 0.429371 0.446922 0.463928 0.480296 0.495939 0.510772 0.524716 0.537698 0.549649 0.560508 0.570219 0.578733 0.586006 0.592002 0.596693 0.600054 0.602069 0.602729 0.60203 0.599976 0.596576 0.591847 0.585813 0.578502 0.569951 0.560204 0.549309 0.537324 0.52431 0.510335 0.495474 0.479807 0.463417 0.446394 0.428829 0.410819 0.392459 0.373849 0.355087 0.336272 0.3175 0.298864 0.280456 0.262362 0.244661 0.22743 0.210737 0.194643 0.179204 0.164467 0.150471 0.137249 0.124826 0.113221 0.102447 0.09251 0.0834124 0.0751518 0.0677225 0.0611163 0.055323 0.0503317 0.0461312 0.0427105 0.0400602 0.0381722 0.0370416 
0.0383342 0.0387242 0.0398976 0.04186 0.0446177 0.0481793 0.0525551 0.057756 0.0637938 0.0706793 0.0784227 0.0870318 0.0965118 0.106864 0.118085 0.130167 0.143095 0.156849 0.171401 0.186715 0.202749 0.219453 0.236767 0.254628 0.272962 0.291691 0.31073 0.329991 0.349378 0.368794 0.388141 0.407317 0.42622 0.44475 0.462808 0.480296 0.497121 0.513193 0.528427 0.542742 0.556064 0.568324 0.57946 0.589416 0.598141 0.605594 0.611737 0.616542 0.619985 0.622049 0.622726 0.62201 0.619907 0.616425 0.611581 0.605399 0.597908 0.589144 0.579151 0.567978 0.555683 0.542327 0.52798 0.512717 0.496619 0.479771 0.462264 0.444191 0.42565 0.406741 0.387564 0.368221 0.348814 0.329441 0.310199 0.291183 0.272481 0.254178 0.236351 0.219072 0.202407 0.186411 0.171136 0.156623 0.142906 0.130014 0.117965 0.106774 0.0964497 0.0869938 0.0784051 0.0706784 0.0638058 0.0577775 0.0525826 0.0482098 0.0446485 0.0418889 0.0399229 0.0387457 
0.0399731 0.0403786 0.0415978 0.0436362 0.0465002 0.0501986 0.0547414 0.0601399 0.0664053 0.0735488 0.0815799 0.0905063 0.100332 0.111059 0.122682 0.135191 0.148572 0.162802 0.17785 0.193681 0.210248 0.227499 0.245373 0.263802 0.282711 0.302019 0.321636 0.341472 0.361428 0.381406 0.401301 0.421012 0.440433 0.459462 0.477997 0.495939 0.513193 0.529668 0.545277 0.55994 0.57358 0.586129 0.597523 0.607707 0.61663 0.62425 0.630531 0.635442 0.63896 0.64107 0.641762 0.641031 0.638882 0.635324 0.630374 0.624055 0.616396 0.607433 0.597211 0.585779 0.573194 0.559519 0.544823 0.529183 0.51268 0.495401 0.477437 0.458886 0.439844 0.420416 0.400703 0.38081 0.360841 0.340897 0.32108 0.301485 0.282205 0.263326 0.244931 0.227094 0.209881 0.193354 0.177563 0.162554 0.148364 0.13502 0.122545 0.110954 0.100257 0.0904565 0.081552 0.073539 0.0664098 0.060155 0.0547637 0.050225 0.0465279 0.0436629 0.0416218 0.0403997 
0.0415502 0.0419706 0.0432337 0.0453448 0.0483106 0.0521398 0.0568424 0.0624296 0.0689128 0.0763027 0.0846086 0.0938378 0.103994 0.115078 0.127083 0.14 0.153812 0.168494 0.184015 0.200335 0.217409 0.235179 0.253583 0.272551 0.292004 0.311858 0.332021 0.3524 0.372893 0.393397 0.413809 0.434021 0.453928 0.473424 0.492405 0.510772 0.528427 0.545277 0.561236 0.576222 0.590157 0.602974 0.614608 0.625003 0.634109 0.641884 0.648291 0.6533 0.656889 0.65904 0.659746 0.659001 0.65681 0.653182 0.648134 0.641688 0.633874 0.624728 0.614294 0.602621 0.589767 0.575795 0.560775 0.544784 0.527904 0.510222 0.491833 0.472833 0.453323 0.433408 0.413191 0.392781 0.372283 0.351802 0.331441 0.3113 0.291473 0.272051 0.253118 0.23475 0.217019 0.199986 0.183706 0.168226 0.153584 0.139811 0.126931 0.114959 0.103906 0.0937765 0.0845706 0.0762841 0.0689098 0.0624385 0.0568596 0.0521621 0.0483352 0.0453694 0.0432564 0.0419914 
0.0430538 0.0434883 0.0447929 0.046973 0.0500353 0.0539885 0.0588426 0.0646087 0.071298 0.0789211 0.0874872 0.0970028 0.107471 0.118892 0.131259 0.144561 0.158779 0.173887 0.189853 0.206636 0.224185 0.242444 0.261347 0.28082 0.300783 0.321148 0.341823 0.362709 0.383703 0.4047 0.425593 0.446273 0.466631 0.486561 0.505956 0.524716 0.542742 0.55994 0.576222 0.591505 0.605713 0.618775 0.63063 0.641219 0.650493 0.658409 0.664932 0.670031 0.673684 0.675874 0.676593 0.675836 0.673606 0.669914 0.664776 0.658214 0.650257 0.640943 0.630315 0.618421 0.60532 0.591074 0.575756 0.55944 0.542211 0.524157 0.505373 0.485957 0.466012 0.445643 0.424958 0.404065 0.383073 0.36209 0.341221 0.320568 0.300229 0.280297 0.260858 0.241993 0.223774 0.206266 0.189525 0.173601 0.158534 0.144356 0.131092 0.11876 0.107371 0.0969304 0.0874393 0.078894 0.0712877 0.0646114 0.0588547 0.0540068 0.0500569 0.0469954 0.0448143 0.0435086 
0.044472 0.0449198 0.0462634 0.0485083 0.0516612 0.0557306 0.0607268 0.0666606 0.0735433 0.081385 0.0901947 0.0999787 0.11074 0.122476 0.135181 0.148842 0.16344 0.178947 0.195328 0.212541 0.230534 0.249248 0.268614 0.288557 0.308993 0.329834 0.350983 0.372338 0.393796 0.415249 0.436586 0.457697 0.478472 0.4988 0.518577 0.537698 0.556064 0.57358 0.590157 0.605713 0.620169 0.633457 0.645512 0.656277 0.665704 0.673749 0.680377 0.685558 0.689269 0.691495 0.692225 0.691456 0.689192 0.685442 0.680222 0.673555 0.665469 0.656002 0.645196 0.633102 0.619775 0.60528 0.589687 0.573075 0.555526 0.537131 0.517984 0.498186 0.477839 0.457053 0.435935 0.414597 0.393149 0.371701 0.350361 0.329233 0.308419 0.288013 0.268104 0.248776 0.230102 0.212151 0.194981 0.178643 0.163178 0.148621 0.134999 0.12233 0.110627 0.0998956 0.0901376 0.0813498 0.073526 0.0666575 0.0607341 0.055745 0.0516798 0.0485286 0.0462835 0.0449396 
