0.00125527 0.00127062 0.00132181 0.00140956 0.00153484 0.001699 0.00190373 0.00215104 0.00244319 0.0027827 0.00317222 0.00361454 0.00411249 0.00466887 0.00528638 0.00596756 0.00671467 0.00752962 0.00841391 0.00936853 0.0103939 0.0114896 0.0126549 0.0138878 0.0151857 0.0165452 0.0179619 0.0194304 0.0209446 0.0224973 0.0240806 0.0256858 0.0273034 0.0289232 0.0305347 0.0321266 0.0336876 0.0352061 0.0366704 0.0380689 0.0393903 0.0406237 0.0417586 0.0427854 0.043695 0.0444795 0.0451318 0.0456461 0.0460178 0.0462435 0.0463211 0.04625 0.0460309 0.0456657 0.0451578 0.0445119 0.0437337 0.0428303 0.0418097 0.0406807 0.039453 0.0381372 0.036744 0.0352848 0.0337711 0.0322145 0.0306266 0.0290188 0.0274023 0.0257875 0.0241847 0.0226032 0.0210519 0.0195385 0.0180703 0.0166534 0.0152932 0.0139939 0.0127593 0.0115918 0.0104933 0.00946488 0.00850676 0.00761861 0.00679947 0.00604791 0.00536203 0.00473961 0.00417817 0.00367504 0.00322743 0.00283256 0.00248766 0.00219008 0.00193735 0.0017272 0.00155765 0.00142699 0.0013339 0.00127749 
0.00127062 0.00128617 0.00133801 0.00142685 0.00155368 0.00171986 0.00192711 0.00217745 0.00247318 0.00281682 0.00321108 0.00365875 0.0041627 0.00472577 0.00535067 0.00603996 0.00679592 0.00762049 0.00851516 0.00948093 0.0105182 0.0116266 0.0128052 0.0140522 0.0153649 0.0167398 0.0181724 0.0196573 0.0211883 0.0227581 0.0243588 0.0259815 0.0276167 0.029254 0.0308828 0.0324917 0.0340693 0.0356039 0.0370836 0.0384967 0.0398319 0.0410781 0.0422248 0.0432621 0.0441811 0.0449736 0.0456326 0.0461521 0.0465276 0.0467555 0.0468339 0.046762 0.0465406 0.0461716 0.0456585 0.0450058 0.0442196 0.0433068 0.0422756 0.0411348 0.0398944 0.0385647 0.0371569 0.0356822 0.0341525 0.0325793 0.0309745 0.0293494 0.0277154 0.0260831 0.0244628 0.022864 0.0212955 0.0197654 0.0182808 0.0168481 0.0154725 0.0141585 0.0129098 0.011729 0.0106179 0.00957754 0.00860829 0.00770977 0.00688104 0.00612062 0.00542663 0.00479683 0.0042287 0.00371955 0.00326657 0.00286695 0.00251789 0.00221672 0.00196093 0.00174824 0.00157663 0.00144439 0.00135017 0.00129309 
0.00132181 0.00133801 0.00139187 0.00148414 0.00161584 0.00178837 0.00200349 0.00226329 0.00257014 0.00292664 0.00333556 0.00379979 0.00432227 0.0049059 0.00555348 0.00626761 0.00705063 0.00790449 0.00883073 0.00983032 0.0109036 0.0120503 0.0132693 0.0145587 0.0159157 0.0173366 0.0188168 0.0203507 0.0219319 0.0235528 0.0252052 0.02688 0.0285672 0.0302563 0.0319363 0.0335956 0.0352222 0.0368041 0.0383293 0.0397856 0.0411615 0.0424454 0.0436266 0.0446951 0.0456416 0.0464577 0.0471362 0.0476711 0.0480576 0.0482922 0.0483727 0.0482986 0.0480704 0.0476902 0.0471616 0.0464893 0.0456794 0.044739 0.0436765 0.0425011 0.0412229 0.0398526 0.0384016 0.0368815 0.0353044 0.0336822 0.0320271 0.0303509 0.0286652 0.0269809 0.0253086 0.0236582 0.0220388 0.0204587 0.0189252 0.0174449 0.0160234 0.0146653 0.0133743 0.0121532 0.0110039 0.00992761 0.00892461 0.00799458 0.00713658 0.00634914 0.00563033 0.00497785 0.00438914 0.00386144 0.00339187 0.00297754 0.00261557 0.00230321 0.00203788 0.00181724 0.0016392 0.00150201 0.00140427 0.00134506 
0.00140956 0.00142685 0.00148414 0.00158222 0.00172214 0.0019054 0.00213383 0.00240962 0.00273525 0.00311345 0.00354711 0.00403925 0.00459294 0.00521119 0.00589692 0.00665283 0.00748131 0.00838439 0.0093636 0.0104199 0.0115537 0.0127644 0.014051 0.0154114 0.0168424 0.0183403 0.0199001 0.0215159 0.0231808 0.0248869 0.0266255 0.028387 0.0301611 0.0319366 0.0337018 0.0354448 0.037153 0.0388138 0.0404146 0.0419428 0.0433861 0.0447327 0.0459714 0.0470916 0.0480837 0.0489391 0.0496501 0.0502105 0.0506153 0.0508609 0.0509451 0.050867 0.0506276 0.0502289 0.0496746 0.0489696 0.0481203 0.0471342 0.0460198 0.0447869 0.0434459 0.042008 0.0404851 0.0388894 0.0372335 0.0355298 0.0337911 0.0320297 0.0302578 0.0284868 0.026728 0.0249915 0.0232871 0.0216234 0.0200083 0.0184487 0.0169504 0.0155184 0.0141566 0.0128681 0.0116549 0.0105183 0.00945865 0.00847574 0.00756861 0.00673576 0.0059752 0.00528458 0.00466123 0.00410229 0.00360475 0.0031656 0.00278184 0.0024506 0.00216916 0.00193508 0.00174618 0.00160061 0.00149692 0.00143413 
0.00153484 0.00155368 0.00161584 0.00172214 0.00187373 0.00207219 0.00231947 0.00261791 0.00297013 0.00337904 0.00384771 0.00437933 0.00497713 0.00564432 0.00638394 0.00719882 0.00809146 0.00906396 0.0101179 0.0112542 0.0124731 0.0137741 0.0151558 0.016616 0.0181513 0.0197574 0.021429 0.0231597 0.0249422 0.0267679 0.0286276 0.0305108 0.0324066 0.0343031 0.036188 0.0380482 0.0398707 0.0416419 0.0433486 0.0449773 0.0465151 0.0479495 0.0492685 0.0504611 0.0515171 0.0524272 0.0531837 0.0537798 0.0542102 0.0544712 0.0545603 0.054477 0.0542219 0.0537972 0.053207 0.0524563 0.0515519 0.0505017 0.0493148 0.0480013 0.0465725 0.0450401 0.0434166 0.041715 0.0399486 0.0381308 0.0362749 0.0343942 0.0325013 0.0306089 0.0287285 0.0268713 0.0250476 0.0232666 0.0215368 0.0198656 0.0182594 0.0167235 0.0152621 0.0138787 0.0125755 0.0113539 0.0102145 0.00915701 0.00818057 0.00728364 0.00646415 0.00571966 0.00504737 0.00444426 0.00390718 0.00343292 0.00301833 0.00266035 0.00235611 0.002103 0.00189871 0.00174127 0.00162914 0.00156128 
0.001699 0.00171986 0.00178837 0.0019054 0.00207219 0.00229044 0.00256227 0.00289018 0.00327702 0.00372588 0.00424008 0.00482302 0.00547816 0.00620891 0.00701851 0.00790994 0.00888584 0.00994836 0.0110991 0.012339 0.0136682 0.0150861 0.016591 0.0181803 0.0198503 0.0215963 0.0234124 0.0252917 0.0272259 0.029206 0.0312218 0.033262 0.0353148 0.0373673 0.0394061 0.0414175 0.043387 0.0453005 0.0471434 0.0489014 0.0505608 0.052108 0.0535304 0.054816 0.055954 0.0569347 0.0577495 0.0583914 0.0588547 0.0591354 0.0592311 0.0591409 0.0588655 0.0584076 0.0577712 0.0569618 0.0559866 0.054854 0.0535738 0.0521568 0.0506149 0.0489609 0.047208 0.0453702 0.0434617 0.0414968 0.03949 0.0374554 0.0354068 0.0333576 0.0313206 0.0293076 0.0273298 0.0253974 0.0235195 0.0217042 0.0199584 0.0182881 0.016698 0.0151918 0.013772 0.0124404 0.0111976 0.0100435 0.00897715 0.00799707 0.00710111 0.00628667 0.00555081 0.00489032 0.00430183 0.00378194 0.00332724 0.00293447 0.00260055 0.00232267 0.00209834 0.00192546 0.00180233 0.00172787 
0.00190373 0.00192711 0.00200349 0.00213383 0.00231947 0.00256227 0.00286453 0.00322898 0.0036587 0.00415705 0.0047276 0.00537406 0.00610013 0.00690949 0.00780558 0.00879159 0.0098703 0.011044 0.0123142 0.0136819 0.0151471 0.0167089 0.0183654 0.0201137 0.0219495 0.0238676 0.0258613 0.027923 0.0300438 0.0322134 0.0344207 0.0366536 0.0388989 0.0411426 0.0433702 0.0455666 0.0477163 0.0498038 0.0518134 0.0537297 0.0555377 0.0572229 0.0587716 0.060171 0.0614093 0.0624761 0.0633622 0.06406 0.0645636 0.0648684 0.064972 0.0648733 0.0645733 0.0640747 0.0633818 0.0625007 0.0614389 0.0602057 0.0588114 0.0572679 0.0555878 0.0537849 0.0518737 0.0498691 0.0477866 0.0456417 0.04345 0.0412268 0.0389873 0.036746 0.0345167 0.0323125 0.0301456 0.0280272 0.0259673 0.0239748 0.0220574 0.0202218 0.0184731 0.0168156 0.0152523 0.013785 0.0124147 0.0111414 0.00996412 0.00888139 0.00789095 0.00699007 0.00617561 0.00544414 0.00479206 0.00421567 0.00371132 0.00327547 0.00290478 0.0025962 0.00234704 0.002155 0.00201825 0.00193561 
0.00215104 0.00217745 0.00226329 0.00240962 0.00261791 0.00289018 0.00322898 0.00363728 0.00411844 0.00467614 0.00531426 0.00603682 0.00684786 0.00775132 0.00875092 0.00985006 0.0110517 0.0123581 0.0137711 0.0152913 0.0169187 0.0186522 0.0204895 0.0224272 0.0244604 0.0265832 0.0287883 0.031067 0.0334093 0.035804 0.0382389 0.0407003 0.0431739 0.0456443 0.0480956 0.0505112 0.0528743 0.0551679 0.0573748 0.0594783 0.0614621 0.0633105 0.0650085 0.0665422 0.0678991 0.0690676 0.0700379 0.0708018 0.0713528 0.0716862 0.071799 0.0716904 0.0713613 0.0708146 0.070055 0.0690891 0.0679251 0.0665729 0.0650438 0.0633506 0.0615071 0.0595283 0.0574297 0.0552278 0.0529392 0.0505811 0.0481703 0.0457237 0.0432578 0.0407885 0.038331 0.0358998 0.0335083 0.0311688 0.0288925 0.0266893 0.0245677 0.0225352 0.0205977 0.0187599 0.0170253 0.0153962 0.0138737 0.012458 0.0111482 0.00994279 0.00883936 0.00783506 0.00692652 0.00611006 0.00538177 0.00473768 0.0041738 0.00368628 0.00327148 0.00292607 0.0026471 0.00243208 0.00227898 0.00218652 
0.00244319 0.00247318 0.00257014 0.00273525 0.00297013 0.00327702 0.0036587 0.00411844 0.00465994 0.00528721 0.00600451 0.00681622 0.00772674 0.00874031 0.00986097 0.0110924 0.0124376 0.0138991 0.0154786 0.0171768 0.0189933 0.0209269 0.0229747 0.0251327 0.0273955 0.0297564 0.032207 0.0347376 0.0373371 0.039993 0.0426916 0.0454178 0.0481559 0.0508888 0.0535989 0.0562681 0.0588779 0.0614095 0.0638444 0.0661642 0.0683509 0.0703875 0.0722578 0.0739465 0.07544 0.0767258 0.0777932 0.0786333 0.079239 0.0796051 0.0797287 0.0796086 0.0792459 0.0786438 0.0778073 0.0767437 0.0754618 0.0739724 0.0722878 0.0704219 0.0683898 0.0662077 0.0638928 0.0614629 0.0589362 0.0563315 0.0536673 0.0509621 0.0482341 0.0455007 0.0427789 0.0400845 0.0374324 0.0348364 0.0323087 0.0298606 0.0275017 0.0252401 0.0230828 0.0210352 0.0191011 0.0172833 0.0155834 0.0140015 0.012537 0.0111882 0.0099527 0.00882745 0.00780884 0.0068929 0.00607539 0.00535198 0.00471833 0.00417023 0.0037037 0.00331509 0.00300116 0.00275915 0.00258687 0.00248289 
0.0027827 0.00281682 0.00292664 0.00311345 0.00337904 0.00372588 0.00415705 0.00467614 0.00528721 0.00599468 0.00680321 0.00771758 0.00874258 0.00988284 0.0111427 0.012526 0.0140362 0.0156757 0.0174462 0.0193483 0.0213816 0.0235442 0.0258328 0.0282429 0.0307682 0.0334009 0.0361317 0.0389497 0.0418424 0.0447959 0.0477948 0.0508225 0.0538613 0.0568926 0.0598969 0.0628541 0.0657439 0.0685457 0.071239 0.0738039 0.0762206 0.0784705 0.0805358 0.0824001 0.0840482 0.0854666 0.0866439 0.0875701 0.0882376 0.0886409 0.0887765 0.0886435 0.0882428 0.0875779 0.0866545 0.0854803 0.0840649 0.0824202 0.0805596 0.0784981 0.0762523 0.0738399 0.0712797 0.0685911 0.0657943 0.0629096 0.0599576 0.0569586 0.0539325 0.0508988 0.0478761 0.044882 0.041933 0.0390444 0.0362301 0.0335024 0.0308723 0.0283491 0.0259405 0.0236526 0.0214902 0.0194563 0.0175529 0.0157805 0.0141384 0.012625 0.0112378 0.00997353 0.00882833 0.00779791 0.00687768 0.00606291 0.00534887 0.00473095 0.00420477 0.00376633 0.00341205 0.00313892 0.00294451 0.00282723 
0.00317222 0.00321108 0.00333556 0.00354711 0.00384771 0.00424008 0.0047276 0.00531426 0.00600451 0.00680321 0.00771546 0.0087465 0.00990153 0.0111856 0.0126033 0.014159 0.015856 0.017697 0.0196836 0.0218165 0.0240946 0.0265158 0.0290762 0.0317706 0.0345916 0.0375306 0.0405768 0.0437181 0.0469404 0.0502281 0.0535641 0.05693 0.0603062 0.0636718 0.0670055 0.0702851 0.0734881 0.076592 0.0795743 0.082413 0.0850865 0.0875745 0.0898575 0.0919174 0.093738 0.0953044 0.096604 0.0976263 0.0983627 0.0988073 0.0989564 0.0988088 0.0983658 0.097631 0.0966107 0.0953131 0.0937489 0.091931 0.0898739 0.0875942 0.0851098 0.0824402 0.0796059 0.0766282 0.0735292 0.0703314 0.0670571 0.063729 0.0603689 0.0569984 0.053638 0.0503074 0.0470249 0.0438074 0.0406707 0.0376284 0.0346929 0.0318748 0.0291827 0.0266238 0.0242035 0.0219255 0.019792 0.017804 0.0159608 0.014261 0.0127018 0.0112798 0.009991 0.00883059 0.00779367 0.00687508 0.00606963 0.00537227 0.00477822 0.00428305 0.00388285 0.00357428 0.00335466 0.00322225 
0.00361454 0.00365875 0.00379979 0.00403925 0.00437933 0.00482302 0.00537406 0.00603682 0.00681622 0.00771758 0.0087465 0.00990868 0.0112098 0.0126553 0.0142502 0.015999 0.0179054 0.0199721 0.0222007 0.0245914 0.0271432 0.0298532 0.032717 0.0357283 0.0388789 0.0421588 0.0455561 0.0490568 0.0526453 0.0563041 0.0600142 0.0637552 0.067505 0.071241 0.0749392 0.0785754 0.0821247 0.0855624 0.0888637 0.0920045 0.0949614 0.0977119 0.100235 0.10251 0.104521 0.10625 0.107685 0.108813 0.109625 0.110115 0.110279 0.110115 0.109625 0.108814 0.107687 0.106253 0.104525 0.102516 0.100243 0.0977226 0.0949751 0.0920217 0.0888848 0.0855878 0.082155 0.0786108 0.0749802 0.0712877 0.0675578 0.063814 0.0600792 0.0563752 0.0527223 0.0491395 0.0456441 0.0422518 0.0389763 0.0358295 0.0328214 0.0299601 0.0272517 0.0247009 0.0223102 0.0200809 0.0180126 0.0161039 0.0143519 0.0127531 0.011303 0.00999659 0.00882853 0.00779319 0.00688491 0.00609817 0.0054277 0.00486865 0.00441672 0.00406821 0.0038202 0.00367075 
0.00411249 0.0041627 0.00432227 0.00459294 0.00497713 0.00547816 0.00610013 0.00684786 0.00772674 0.00874258 0.00990153 0.0112098 0.0126735 0.0142987 0.0160906 0.018054 0.0201929 0.0225099 0.0250067 0.0276832 0.0305379 0.0335674 0.0367664 0.0401278 0.0436421 0.047298 0.051082 0.0549785 0.0589699 0.0630368 0.0671579 0.0713106 0.0754705 0.0796124 0.08371 0.0877365 0.0916647 0.0954674 0.0991174 0.102588 0.105854 0.108891 0.111676 0.114187 0.116404 0.118311 0.119892 0.121135 0.12203 0.12257 0.12275 0.122569 0.122028 0.121133 0.119889 0.118308 0.116401 0.114184 0.111675 0.108892 0.105857 0.102594 0.0991265 0.0954805 0.0916825 0.0877595 0.0837386 0.079647 0.0755114 0.0713581 0.0672123 0.0630979 0.0590378 0.055053 0.0511628 0.0473847 0.0437343 0.0402248 0.0368676 0.033672 0.0306452 0.0277923 0.0251167 0.02262 0.020302 0.0181614 0.0161952 0.0143998 0.0127703 0.0113015 0.00998736 0.00882195 0.00779905 0.00691261 0.00615688 0.00552654 0.00501685 0.00462376 0.00434404 0.00417557 
0.00466887 0.00472577 0.0049059 0.00521119 0.00564432 0.00620891 0.00690949 0.00775132 0.00874031 0.00988284 0.0111856 0.0126553 0.0142987 0.016122 0.0181312 0.0203312 0.0227261 0.0253187 0.0281104 0.0311009 0.0342881 0.0376681 0.0412347 0.0449794 0.0488918 0.0529589 0.0571654 0.061494 0.0659249 0.0704366 0.0750054 0.079606 0.0842118 0.0887949 0.0933262 0.0977764 0.102115 0.106314 0.110341 0.114169 0.11777 0.121117 0.124184 0.126949 0.12939 0.131489 0.133228 0.134595 0.135579 0.136172 0.13637 0.13617 0.135574 0.134588 0.133219 0.131478 0.129379 0.126937 0.124173 0.121106 0.117761 0.114162 0.110337 0.106313 0.102119 0.0977851 0.0933406 0.0888155 0.0842392 0.0796405 0.0750473 0.070486 0.065982 0.0615586 0.0572374 0.0530378 0.0489773 0.0450709 0.0413314 0.0377694 0.0343932 0.0312088 0.0282201 0.0254293 0.0228366 0.0204406 0.0182384 0.0162262 0.0143988 0.0127505 0.0112751 0.0099659 0.00881622 0.00781948 0.00696937 0.00626007 0.0056864 0.00524392 0.00492907 0.00473953 
0.00528638 0.00535067 0.00555348 0.00589692 0.00638394 0.00701851 0.00780558 0.00875092 0.00986097 0.0111427 0.0126033 0.0142502 0.0160906 0.0181312 0.0203783 0.0228372 0.0255121 0.0284057 0.0315194 0.0348524 0.0384021 0.0421637 0.0461302 0.0502918 0.0546365 0.0591498 0.0638146 0.0686113 0.073518 0.0785107 0.0835633 0.0886478 0.0937347 0.0987933 0.103792 0.108698 0.113479 0.118102 0.122536 0.126747 0.130707 0.134386 0.137757 0.140794 0.143474 0.145778 0.147687 0.149187 0.150266 0.150916 0.151132 0.150912 0.150258 0.149175 0.147672 0.14576 0.143454 0.140772 0.137733 0.134363 0.130684 0.126726 0.122516 0.118086 0.113467 0.108691 0.10379 0.0987981 0.0937466 0.0886672 0.0835908 0.0785466 0.0735624 0.0686641 0.0638759 0.0592192 0.0547137 0.0503761 0.0462211 0.0422604 0.0385037 0.0349579 0.0316278 0.0285161 0.0256232 0.022948 0.0204876 0.018238 0.0161937 0.0143488 0.0126964 0.0112293 0.0099404 0.00882243 0.00786857 0.00707245 0.0064284 0.00593157 0.00557808 0.00536537 
0.00596756 0.00603996 0.00626761 0.00665283 0.00719882 0.00790994 0.00879159 0.00985006 0.0110924 0.012526 0.014159 0.015999 0.018054 0.0203312 0.0228372 0.0255775 0.0285565 0.031777 0.0352398 0.0389439 0.0428861 0.0470606 0.0514592 0.0560709 0.0608821 0.0658764 0.0710346 0.076335 0.0817532 0.0872626 0.0928343 0.0984375 0.10404 0.109607 0.115106 0.120499 0.125752 0.130829 0.135695 0.140316 0.144658 0.14869 0.152383 0.15571 0.158645 0.161167 0.163256 0.164897 0.166077 0.166788 0.167023 0.166782 0.166065 0.16488 0.163234 0.16114 0.158614 0.155676 0.152347 0.148653 0.14462 0.140278 0.135659 0.130796 0.125722 0.120474 0.115086 0.109594 0.104034 0.0984399 0.0928454 0.0872828 0.0817828 0.0763742 0.0710833 0.0659345 0.0609492 0.0561465 0.0515427 0.0471512 0.0429829 0.0390459 0.0353459 0.0318861 0.0286674 0.0256889 0.0229479 0.02044 0.0181598 0.0161006 0.0142552 0.012616 0.0111751 0.00992481 0.0088576 0.00796661 0.00724563 0.00668939 0.00629364 0.00605561 
0.00671467 0.00679592 0.00705063 0.00748131 0.00809146 0.00888584 0.0098703 0.0110517 0.0124376 0.0140362 0.015856 0.0179054 0.0201929 0.0227261 0.0255121 0.0285565 0.0318639 0.0354369 0.039276 0.0433799 0.0477443 0.0523627 0.0572254 0.0623201 0.0676313 0.0731407 0.078827 0.0846658 0.0906302 0.0966909 0.102816 0.108972 0.115122 0.121231 0.12726 0.133171 0.138925 0.144482 0.149806 0.15486 0.159606 0.164012 0.168046 0.171678 0.174882 0.177633 0.179912 0.181702 0.182989 0.183763 0.184019 0.183755 0.182973 0.181679 0.179883 0.177598 0.17484 0.171632 0.167996 0.16396 0.159552 0.154805 0.149752 0.14443 0.138876 0.133126 0.127221 0.121199 0.115097 0.108955 0.102809 0.0966934 0.0906431 0.0846892 0.0788611 0.0731855 0.0676865 0.0623852 0.0572998 0.0524456 0.0478349 0.043477 0.0393786 0.0355436 0.0319735 0.0286677 0.0256234 0.0228363 0.0203006 0.0180094 0.015955 0.0141292 0.0125234 0.0111295 0.0099392 0.00894513 0.00814057 0.00751976 0.00707808 0.00681252 
0.00752962 0.00762049 0.00790449 0.00838439 0.00906396 0.00994836 0.011044 0.0123581 0.0138991 0.0156757 0.017697 0.0199721 0.0225099 0.0253187 0.0284057 0.031777 0.0354369 0.0393879 0.0436304 0.0481622 0.0529783 0.058071 0.0634293 0.0690391 0.0748832 0.080941 0.0871888 0.0935997 0.100144 0.106789 0.113501 0.120241 0.126972 0.133652 0.140242 0.146698 0.152979 0.159043 0.164849 0.170357 0.175528 0.180326 0.184717 0.18867 0.192155 0.195147 0.197625 0.199571 0.200969 0.20181 0.202088 0.201801 0.20095 0.199542 0.197588 0.195102 0.192102 0.188611 0.184653 0.180258 0.175456 0.170283 0.164775 0.15897 0.152909 0.146632 0.140181 0.133598 0.126925 0.120203 0.113473 0.106772 0.100138 0.0936053 0.0872064 0.0809705 0.0749245 0.0690918 0.0634928 0.0581445 0.053061 0.0482529 0.043728 0.039491 0.0355441 0.0318869 0.0285168 0.0254296 0.0226191 0.020078 0.0177984 0.0157713 0.0139877 0.0124387 0.0111155 0.0100101 0.00911525 0.00842465 0.00793333 0.00763804 
0.00841391 0.00851516 0.00883073 0.0093636 0.0101179 0.0110991 0.0123142 0.0137711 0.0154786 0.0174462 0.0196836 0.0222007 0.0250067 0.0281104 0.0315194 0.0352398 0.039276 0.0436304 0.0483028 0.0532902 0.0585868 0.0641835 0.0700679 0.0762241 0.0826328 0.0892711 0.0961126 0.103128 0.110284 0.117546 0.124874 0.13223 0.13957 0.146851 0.154029 0.161056 0.16789 0.174483 0.180793 0.186776 0.19239 0.197598 0.202362 0.206648 0.210426 0.213669 0.216354 0.218461 0.219976 0.220886 0.221187 0.220875 0.219952 0.218427 0.216309 0.213614 0.210362 0.206575 0.202282 0.197512 0.1923 0.186683 0.180699 0.174389 0.167797 0.160967 0.153944 0.146774 0.1395 0.132169 0.124824 0.117506 0.110257 0.103114 0.0961115 0.0892832 0.0826582 0.0762624 0.0701186 0.0642459 0.0586599 0.053373 0.0483939 0.0437286 0.0393797 0.0353473 0.0316293 0.028221 0.0251164 0.0223079 0.0197869 0.017544 0.0155696 0.0138541 0.0123882 0.0111632 0.0101712 0.00940558 0.0088609 0.00853365 
0.00936853 0.00948093 0.00983032 0.0104199 0.0112542 0.012339 0.0136819 0.0152913 0.0171768 0.0193483 0.0218165 0.0245914 0.0276832 0.0311009 0.0348524 0.0389439 0.0433799 0.0481622 0.0532902 0.0587601 0.0645651 0.0706945 0.0771344 0.0838669 0.0908705 0.0981198 0.105586 0.113236 0.121034 0.128942 0.136917 0.144916 0.152893 0.160801 0.168591 0.176215 0.183623 0.190767 0.1976 0.204076 0.210151 0.215783 0.220932 0.225564 0.229646 0.233148 0.236047 0.238322 0.239956 0.240938 0.241262 0.240924 0.239928 0.238281 0.235993 0.233082 0.229569 0.225477 0.220836 0.215679 0.210042 0.203963 0.197484 0.19065 0.183507 0.176101 0.168482 0.160698 0.152798 0.14483 0.136842 0.128879 0.120984 0.113199 0.105564 0.0981125 0.0908779 0.0838888 0.0771703 0.0707438 0.0646268 0.0588332 0.0533733 0.0482539 0.0434786 0.0390479 0.0349599 0.0312103 0.0277927 0.0246992 0.0219208 0.0194478 0.0172697 0.0153765 0.0137581 0.0124052 0.0113094 0.0104635 0.00986175 0.00950033 
0.0103939 0.0105182 0.0109036 0.0115537 0.0124731 0.0136682 0.0151471 0.0169187 0.0189933 0.0213816 0.0240946 0.0271432 0.0305379 0.0342881 0.0384021 0.0428861 0.0477443 0.0529783 0.0585868 0.0645651 0.0709049 0.0775945 0.0846178 0.091955 0.0995821 0.107471 0.11559 0.123903 0.132371 0.140952 0.149601 0.15827 0.166909 0.175467 0.183893 0.192133 0.200136 0.20785 0.215224 0.222209 0.228758 0.234826 0.240373 0.245361 0.249754 0.253523 0.256642 0.259089 0.260846 0.261902 0.262249 0.261886 0.260814 0.259041 0.25658 0.253447 0.249664 0.245259 0.240261 0.234704 0.228628 0.222073 0.215084 0.207709 0.199995 0.191994 0.183757 0.175337 0.166786 0.158157 0.1495 0.140863 0.132296 0.123843 0.115545 0.107442 0.0995694 0.0919585 0.0846371 0.0776289 0.0709536 0.0646268 0.0586603 0.0530621 0.0478367 0.0429853 0.0385062 0.0343953 0.0306462 0.0272507 0.0241994 0.0214821 0.0190878 0.0170056 0.0152251 0.0137362 0.01253 0.0115987 0.0109362 0.0105384 
0.0114896 0.0116266 0.0120503 0.0127644 0.0137741 0.0150861 0.0167089 0.0186522 0.0209269 0.0235442 0.0265158 0.0298532 0.0335674 0.0376681 0.0421637 0.0470606 0.0523627 0.058071 0.0641835 0.0706945 0.0775945 0.0848698 0.0925027 0.100471 0.108748 0.117303 0.126101 0.135104 0.144267 0.153546 0.162892 0.172253 0.181576 0.190806 0.199887 0.208763 0.217378 0.225677 0.233606 0.241113 0.248148 0.254665 0.260619 0.26597 0.270682 0.274724 0.278067 0.280689 0.282572 0.283703 0.284075 0.283685 0.282535 0.280635 0.277995 0.274636 0.270579 0.265853 0.260489 0.254524 0.247998 0.240956 0.233443 0.225511 0.217211 0.208596 0.199724 0.190648 0.181426 0.172112 0.162763 0.15343 0.144165 0.135017 0.126032 0.117251 0.108713 0.100454 0.0925033 0.0848874 0.0776281 0.0707431 0.0642458 0.0581453 0.0524473 0.0471536 0.0422632 0.0377719 0.0336735 0.0299596 0.0266203 0.023645 0.0210222 0.0187404 0.0167883 0.0151555 0.0138324 0.0128108 0.012084 0.0116477 
0.0126549 0.0128052 0.0132693 0.014051 0.0151558 0.016591 0.0183654 0.0204895 0.0229747 0.0258328 0.0290762 0.032717 0.0367664 0.0412347 0.0461302 0.0514592 0.0572254 0.0634293 0.0700679 0.0771344 0.0846178 0.0925027 0.100769 0.109393 0.118344 0.127589 0.13709 0.146805 0.156686 0.166686 0.17675 0.186823 0.196849 0.206768 0.216521 0.226048 0.235289 0.244186 0.252682 0.260722 0.268252 0.275225 0.281592 0.287313 0.29235 0.296668 0.300239 0.303039 0.305049 0.306257 0.306653 0.306236 0.305008 0.302978 0.300158 0.296569 0.292234 0.287181 0.281445 0.275065 0.268081 0.260541 0.252495 0.243994 0.235094 0.225853 0.216328 0.20658 0.196668 0.186652 0.17659 0.16654 0.156556 0.146691 0.136994 0.127511 0.118285 0.109354 0.100749 0.0925016 0.0846347 0.0771682 0.0701172 0.0634926 0.0573008 0.0515447 0.0462237 0.041334 0.0368693 0.0328213 0.0291797 0.0259333 0.0230702 0.0205784 0.0184459 0.0166615 0.0152153 0.0140985 0.0133039 0.0128271 
0.0138878 0.0140522 0.0145587 0.0154114 0.016616 0.0181803 0.0201137 0.0224272 0.0251327 0.0282429 0.0317706 0.0357283 0.0401278 0.0449794 0.0502918 0.0560709 0.0623201 0.0690391 0.0762241 0.0838669 0.091955 0.100471 0.109393 0.118693 0.12834 0.138296 0.148521 0.158968 0.169587 0.180325 0.191124 0.201927 0.212671 0.223293 0.233732 0.243921 0.2538 0.263305 0.272377 0.280956 0.288989 0.296423 0.303209 0.309304 0.314668 0.319265 0.323066 0.326045 0.328184 0.329469 0.32989 0.329446 0.328139 0.325978 0.322977 0.319155 0.314538 0.309157 0.303045 0.296244 0.288797 0.280753 0.272165 0.263087 0.253578 0.243698 0.23351 0.223076 0.21246 0.201725 0.190934 0.180148 0.169426 0.158824 0.148396 0.138191 0.128256 0.11863 0.10935 0.100449 0.0919533 0.0838842 0.0762589 0.0690898 0.0623848 0.0561475 0.0503781 0.0450731 0.0402264 0.0358295 0.031872 0.0283423 0.0252279 0.0225162 0.0201946 0.0182516 0.0166763 0.0154597 0.0145941 0.0140748 
0.0151857 0.0153649 0.0159157 0.0168424 0.0181513 0.0198503 0.0219495 0.0244604 0.0273955 0.0307682 0.0345916 0.0388789 0.0436421 0.0488918 0.0546365 0.0608821 0.0676313 0.0748832 0.0826328 0.0908705 0.0995821 0.108748 0.118344 0.12834 0.138701 0.149387 0.160352 0.171548 0.182921 0.194412 0.205961 0.217506 0.22898 0.240317 0.25145 0.262312 0.272835 0.282954 0.292607 0.301731 0.31027 0.318168 0.325375 0.331846 0.337538 0.342416 0.346447 0.349607 0.351875 0.353236 0.353683 0.353211 0.351825 0.349533 0.346349 0.342295 0.337396 0.331684 0.325194 0.31797 0.310057 0.301505 0.29237 0.28271 0.272585 0.262059 0.251198 0.240068 0.228737 0.217272 0.205739 0.194203 0.182728 0.171374 0.160198 0.149253 0.138589 0.128251 0.118278 0.108704 0.0995602 0.0908696 0.0826514 0.0749198 0.0676838 0.0609485 0.0547144 0.0489787 0.0437355 0.0389762 0.0346903 0.0308657 0.0274897 0.024549 0.0220305 0.019922 0.0182122 0.0168914 0.0159518 0.0153882 
0.0165452 0.0167398 0.0173366 0.0183403 0.0197574 0.0215963 0.0238676 0.0265832 0.0297564 0.0334009 0.0375306 0.0421588 0.047298 0.0529589 0.0591498 0.0658764 0.0731407 0.080941 0.0892711 0.0981198 0.107471 0.117303 0.127589 0.138296 0.149387 0.160816 0.172537 0.184495 0.196633 0.208889 0.221199 0.233495 0.245707 0.257766 0.2696 0.281138 0.292309 0.303046 0.313282 0.322953 0.331998 0.340361 0.347989 0.354835 0.360855 0.366012 0.370274 0.373613 0.376009 0.377448 0.377919 0.377421 0.375956 0.373533 0.370168 0.365882 0.360701 0.354658 0.347792 0.340144 0.331764 0.322704 0.313021 0.302776 0.292032 0.280856 0.269318 0.257486 0.245433 0.233228 0.220944 0.208648 0.196408 0.184289 0.172351 0.160653 0.149246 0.13818 0.127497 0.117236 0.107427 0.0980991 0.089272 0.080962 0.0731797 0.0659311 0.0592179 0.0530377 0.047385 0.0422511 0.0376255 0.0334958 0.0298488 0.0266708 0.0239481 0.021668 0.0198186 0.0183897 0.0173732 0.0167636 
0.0179619 0.0181724 0.0188168 0.0199001 0.021429 0.0234124 0.0258613 0.0287883 0.032207 0.0361317 0.0405768 0.0455561 0.051082 0.0571654 0.0638146 0.0710346 0.078827 0.0871888 0.0961126 0.105586 0.11559 0.126101 0.13709 0.148521 0.160352 0.172537 0.185023 0.197753 0.210665 0.223693 0.236769 0.249822 0.262777 0.27556 0.288097 0.300313 0.312134 0.323487 0.334305 0.344521 0.35407 0.362896 0.370943 0.378161 0.384507 0.389941 0.39443 0.397947 0.400471 0.401985 0.402481 0.401956 0.400413 0.397861 0.394317 0.389801 0.384341 0.37797 0.370729 0.362661 0.353817 0.34425 0.334021 0.323191 0.311829 0.300003 0.287785 0.275249 0.26247 0.249522 0.236481 0.223418 0.210406 0.197513 0.184805 0.172342 0.160182 0.148376 0.136971 0.126009 0.115523 0.105544 0.0960945 0.0871927 0.078851 0.0710765 0.0638717 0.0572352 0.0511615 0.0456424 0.0406672 0.0362233 0.032297 0.0288743 0.025941 0.0234836 0.0214901 0.0199497 0.0188538 0.0181967 
0.0194304 0.0196573 0.0203507 0.0215159 0.0231597 0.0252917 0.027923 0.031067 0.0347376 0.0389497 0.0437181 0.0490568 0.0549785 0.061494 0.0686113 0.076335 0.0846658 0.0935997 0.103128 0.113236 0.123903 0.135104 0.146805 0.158968 0.171548 0.184495 0.197753 0.21126 0.22495 0.238754 0.252599 0.26641 0.280108 0.293615 0.306854 0.319744 0.332211 0.344178 0.355574 0.366329 0.376378 0.385661 0.394121 0.401707 0.408374 0.414082 0.418796 0.422488 0.425136 0.426726 0.427246 0.426695 0.425075 0.422396 0.418675 0.413932 0.408197 0.401504 0.393893 0.385409 0.376106 0.366037 0.355266 0.343857 0.33188 0.319406 0.306511 0.293273 0.279769 0.266077 0.252277 0.238445 0.224658 0.210987 0.197502 0.184268 0.171347 0.158793 0.146658 0.134985 0.123812 0.113171 0.103089 0.0935854 0.0846736 0.0763627 0.0686563 0.0615535 0.0550495 0.0491363 0.043803 0.0390371 0.0348245 0.0311507 0.0280012 0.025362 0.0232204 0.0215654 0.0203879 0.0196821 
0.0209446 0.0211883 0.0219319 0.0231808 0.0249422 0.0272259 0.0300438 0.0334093 0.0373371 0.0418424 0.0469404 0.0526453 0.0589699 0.0659249 0.073518 0.0817532 0.0906302 0.100144 0.110284 0.121034 0.132371 0.144267 0.156686 0.169587 0.182921 0.196633 0.210665 0.22495 0.239419 0.253999 0.268611 0.283176 0.297614 0.311841 0.325775 0.339335 0.35244 0.365013 0.376979 0.388266 0.398808 0.40854 0.417406 0.425354 0.432336 0.438311 0.443244 0.447108 0.449879 0.451542 0.452086 0.451509 0.449815 0.447012 0.443117 0.438153 0.432148 0.425138 0.417164 0.408273 0.398517 0.387955 0.37665 0.364668 0.352083 0.338969 0.325404 0.311468 0.297243 0.282811 0.268255 0.253656 0.239093 0.224643 0.21038 0.196373 0.182687 0.169382 0.15651 0.144121 0.132255 0.120946 0.110224 0.10011 0.0906208 0.0817658 0.0735499 0.0659732 0.0590315 0.052717 0.047019 0.0419249 0.0374203 0.0334903 0.03012 0.027295 0.0250021 0.0232299 0.021969 0.0212134 
0.0224973 0.0227581 0.0235528 0.0248869 0.0267679 0.029206 0.0322134 0.035804 0.039993 0.0447959 0.0502281 0.0563041 0.0630368 0.0704366 0.0785107 0.0872626 0.0966909 0.106789 0.117546 0.128942 0.140952 0.153546 0.166686 0.180325 0.194412 0.208889 0.223693 0.238754 0.253999 0.269348 0.284722 0.300036 0.315204 0.330142 0.344763 0.358982 0.372716 0.385885 0.39841 0.410219 0.421242 0.431414 0.440677 0.448977 0.456265 0.462501 0.467649 0.471679 0.47457 0.476303 0.476871 0.47627 0.474502 0.471579 0.467516 0.462336 0.456069 0.44875 0.440422 0.431132 0.420935 0.409889 0.39806 0.385518 0.372335 0.35859 0.344364 0.32974 0.314803 0.299638 0.284333 0.268972 0.253638 0.238413 0.223375 0.208596 0.194146 0.180088 0.16648 0.153372 0.140809 0.128829 0.117463 0.106735 0.0966633 0.087259 0.0785285 0.0704727 0.0630881 0.0563672 0.0502997 0.0448727 0.0400718 0.0358817 0.0322872 0.0292734 0.0268268 0.0249355 0.0235898 0.0227835 
0.0240806 0.0243588 0.0252052 0.0266255 0.0286276 0.0312218 0.0344207 0.0382389 0.0426916 0.0477948 0.0535641 0.0600142 0.0671579 0.0750054 0.0835633 0.0928343 0.102816 0.113501 0.124874 0.136917 0.149601 0.162892 0.17675 0.191124 0.205961 0.221199 0.236769 0.252599 0.268611 0.284722 0.300847 0.316898 0.332787 0.348423 0.363718 0.378583 0.392933 0.406683 0.419754 0.432071 0.443562 0.454162 0.46381 0.472451 0.480037 0.486525 0.49188 0.496072 0.499077 0.50088 0.50147 0.500845 0.499007 0.495967 0.491742 0.486353 0.479832 0.472215 0.463543 0.453867 0.44324 0.431724 0.419385 0.406295 0.392528 0.378166 0.363292 0.347992 0.332355 0.31647 0.300426 0.284312 0.268217 0.252225 0.236417 0.220873 0.205663 0.190856 0.176513 0.162689 0.149431 0.136779 0.124769 0.113425 0.102769 0.0928137 0.0835661 0.0750285 0.0671981 0.0600681 0.053628 0.0478653 0.0427653 0.0383127 0.0344917 0.0312871 0.0286851 0.0266734 0.0252419 0.0243844 
0.0256858 0.0259815 0.02688 0.028387 0.0305108 0.033262 0.0366536 0.0407003 0.0454178 0.0508225 0.05693 0.0637552 0.0713106 0.079606 0.0886478 0.0984375 0.108972 0.120241 0.13223 0.144916 0.15827 0.172253 0.186823 0.201927 0.217506 0.233495 0.249822 0.26641 0.283176 0.300036 0.316898 0.333673 0.350266 0.366585 0.382537 0.398032 0.41298 0.427295 0.440896 0.453705 0.465649 0.476662 0.486681 0.495651 0.503523 0.510255 0.515808 0.520155 0.523271 0.52514 0.525752 0.525104 0.523199 0.520048 0.515666 0.510077 0.503312 0.495407 0.486405 0.476355 0.465314 0.453343 0.440509 0.426887 0.412554 0.397591 0.382086 0.366127 0.349805 0.333214 0.316446 0.299594 0.28275 0.266002 0.249436 0.233135 0.217175 0.201627 0.186556 0.172021 0.158072 0.144753 0.132101 0.120144 0.108905 0.0983991 0.0886349 0.0796155 0.071339 0.063799 0.0569856 0.0508862 0.0454861 0.0407698 0.0367212 0.033325 0.0305667 0.0284339 0.0269162 0.0260072 
0.0273034 0.0276167 0.0285672 0.0301611 0.0324066 0.0353148 0.0388989 0.0431739 0.0481559 0.0538613 0.0603062 0.067505 0.0754705 0.0842118 0.0937347 0.10404 0.115122 0.126972 0.13957 0.152893 0.166909 0.181576 0.196849 0.212671 0.22898 0.245707 0.262777 0.280108 0.297614 0.315204 0.332787 0.350266 0.367545 0.384527 0.401118 0.417222 0.432748 0.447609 0.461721 0.475004 0.487384 0.498793 0.509168 0.518454 0.5266 0.533563 0.539307 0.543802 0.547023 0.548956 0.549589 0.548919 0.54695 0.543692 0.539161 0.533381 0.526383 0.518202 0.508883 0.498476 0.487036 0.474628 0.461319 0.447184 0.432303 0.41676 0.400643 0.384044 0.367057 0.349779 0.332305 0.314732 0.297155 0.279667 0.262359 0.245315 0.228617 0.21234 0.196552 0.181315 0.166683 0.152704 0.139417 0.126852 0.115036 0.103983 0.0937056 0.0842071 0.0754865 0.0675383 0.0603528 0.0539177 0.0482182 0.0432386 0.0389628 0.035375 0.0324606 0.0302067 0.0286029 0.0276423 
0.0289232 0.029254 0.0302563 0.0319366 0.0343031 0.0373673 0.0411426 0.0456443 0.0508888 0.0568926 0.0636718 0.071241 0.0796124 0.0887949 0.0987933 0.109607 0.121231 0.133652 0.146851 0.160801 0.175467 0.190806 0.206768 0.223293 0.240317 0.257766 0.27556 0.293615 0.311841 0.330142 0.348423 0.366585 0.384527 0.402151 0.419356 0.436047 0.45213 0.467515 0.482116 0.495852 0.508649 0.520436 0.531151 0.540737 0.549143 0.556327 0.562251 0.566886 0.570208 0.5722 0.572853 0.572163 0.570134 0.566775 0.562103 0.556142 0.548922 0.54048 0.530859 0.520111 0.508291 0.495465 0.481701 0.467074 0.451667 0.435566 0.41886 0.401644 0.384014 0.366071 0.347912 0.32964 0.311351 0.293144 0.275111 0.257342 0.239923 0.222932 0.206441 0.190515 0.175214 0.160586 0.146673 0.133511 0.121124 0.109532 0.0987476 0.0887754 0.0796157 0.0712633 0.0637092 0.0569412 0.0509447 0.0457039 0.0412025 0.0374245 0.0343549 0.0319808 0.0302913 0.0292796 
0.0305347 0.0308828 0.0319363 0.0337018 0.036188 0.0394061 0.0433702 0.0480956 0.0535989 0.0598969 0.0670055 0.0749392 0.08371 0.0933262 0.103792 0.115106 0.12726 0.140242 0.154029 0.168591 0.183893 0.199887 0.216521 0.233732 0.25145 0.2696 0.288097 0.306854 0.325775 0.344763 0.363718 0.382537 0.401118 0.419356 0.437151 0.454404 0.471019 0.486904 0.501971 0.516138 0.52933 0.541476 0.552512 0.562382 0.571035 0.578427 0.584521 0.589288 0.592705 0.594754 0.595425 0.594716 0.59263 0.589176 0.584371 0.578239 0.57081 0.562121 0.552216 0.541144 0.528965 0.515741 0.501544 0.486449 0.470541 0.453905 0.436635 0.418827 0.400581 0.381998 0.36318 0.344232 0.325256 0.306352 0.287617 0.269145 0.251025 0.233339 0.216164 0.199568 0.183612 0.16835 0.153826 0.140077 0.127132 0.115012 0.103729 0.0932918 0.0837002 0.0749502 0.0670332 0.0599373 0.0536482 0.0481498 0.0434259 0.0394601 0.0362374 0.0337445 0.0319705 0.0309082 
0.0321266 0.0324917 0.0335956 0.0354448 0.0380482 0.0414175 0.0455666 0.0505112 0.0562681 0.0628541 0.0702851 0.0785754 0.0877365 0.0977764 0.108698 0.120499 0.133171 0.146698 0.161056 0.176215 0.192133 0.208763 0.226048 0.243921 0.262312 0.281138 0.300313 0.319744 0.339335 0.358982 0.378583 0.398032 0.417222 0.436047 0.454404 0.472192 0.489311 0.50567 0.521178 0.535753 0.549318 0.561802 0.57314 0.583277 0.59216 0.599748 0.606002 0.610893 0.614397 0.616499 0.617188 0.616461 0.614322 0.61078 0.605851 0.599559 0.591934 0.583013 0.57284 0.561465 0.548946 0.535348 0.520741 0.505204 0.488819 0.471677 0.453871 0.435499 0.416663 0.397469 0.37802 0.358425 0.338788 0.319214 0.299803 0.280654 0.261857 0.2435 0.225662 0.208416 0.191826 0.175948 0.16083 0.146511 0.133023 0.120387 0.108619 0.0977269 0.0877135 0.0785748 0.0703029 0.0628862 0.0563105 0.0505598 0.0456178 0.041468 0.0380952 0.0354858 0.0336288 0.032517 
0.0336876 0.0340693 0.0352222 0.037153 0.0398707 0.043387 0.0477163 0.0528743 0.0588779 0.0657439 0.0734881 0.0821247 0.0916647 0.102115 0.113479 0.125752 0.138925 0.152979 0.16789 0.183623 0.200136 0.217378 0.235289 0.2538 0.272835 0.292309 0.312134 0.332211 0.35244 0.372716 0.392933 0.41298 0.432748 0.45213 0.471019 0.489311 0.506907 0.523712 0.539635 0.554592 0.568507 0.581307 0.592928 0.603314 0.612412 0.620181 0.626583 0.63159 0.635176 0.637327 0.638033 0.63729 0.635101 0.631477 0.626433 0.619992 0.612185 0.603049 0.592625 0.580967 0.56813 0.554181 0.53919 0.523236 0.506404 0.488783 0.47047 0.451564 0.43217 0.412395 0.392346 0.372134 0.351867 0.331653 0.311596 0.291797 0.272352 0.25335 0.234876 0.217004 0.199803 0.183331 0.16764 0.15277 0.138756 0.125621 0.113383 0.102051 0.0916284 0.0821126 0.073496 0.0657675 0.0589132 0.0529172 0.0477629 0.043434 0.039915 0.0371922 0.0352544 0.0340943 
0.0352061 0.0356039 0.0368041 0.0388138 0.0416419 0.0453005 0.0498038 0.0551679 0.0614095 0.0685457 0.076592 0.0855624 0.0954674 0.106314 0.118102 0.130829 0.144482 0.159043 0.174483 0.190767 0.20785 0.225677 0.244186 0.263305 0.282954 0.303046 0.323487 0.344178 0.365013 0.385885 0.406683 0.427295 0.447609 0.467515 0.486904 0.50567 0.523712 0.540933 0.557244 0.572558 0.586797 0.599891 0.611775 0.622391 0.631689 0.639626 0.646165 0.651277 0.65494 0.657136 0.657857 0.657099 0.654865 0.651165 0.646015 0.639438 0.631462 0.622126 0.611471 0.59955 0.586418 0.572142 0.556793 0.54045 0.523198 0.50513 0.486341 0.466933 0.447014 0.426691 0.406075 0.38528 0.364416 0.343595 0.322924 0.302507 0.282444 0.262829 0.243746 0.225277 0.207491 0.190452 0.174211 0.158813 0.144294 0.13068 0.11799 0.106234 0.0954179 0.0855387 0.07659 0.0685609 0.0614377 0.0552048 0.0498457 0.0453438 0.0416835 0.0388512 0.0368353 0.0356286 
0.0366704 0.0370836 0.0383293 0.0404146 0.0433486 0.0471434 0.0518134 0.0573748 0.0638444 0.071239 0.0795743 0.0888637 0.0991174 0.110341 0.122536 0.135695 0.149806 0.164849 0.180793 0.1976 0.215224 0.233606 0.252682 0.272377 0.292607 0.313282 0.334305 0.355574 0.376979 0.39841 0.419754 0.440896 0.461721 0.482116 0.501971 0.521178 0.539635 0.557244 0.573913 0.589557 0.604097 0.617462 0.629587 0.640415 0.649896 0.657987 0.664651 0.669861 0.673593 0.675831 0.676566 0.675794 0.673519 0.66975 0.664503 0.6578 0.64967 0.640151 0.629283 0.617119 0.603716 0.589138 0.573458 0.556754 0.539114 0.520628 0.501396 0.481521 0.46111 0.440274 0.419128 0.397785 0.37636 0.354967 0.333718 0.312718 0.292072 0.271875 0.252217 0.233181 0.214841 0.197262 0.180498 0.164598 0.149599 0.135528 0.122407 0.110247 0.0990551 0.0888288 0.0795625 0.0712459 0.0638655 0.0574059 0.0518506 0.047183 0.0433874 0.0404501 0.0383594 0.037108 
0.0380689 0.0384967 0.0397856 0.0419428 0.0449773 0.0489014 0.0537297 0.0594783 0.0661642 0.0738039 0.082413 0.0920045 0.102588 0.114169 0.126747 0.140316 0.15486 0.170357 0.186776 0.204076 0.222209 0.241113 0.260722 0.280956 0.301731 0.322953 0.344521 0.366329 0.388266 0.410219 0.432071 0.453705 0.475004 0.495852 0.516138 0.535753 0.554592 0.572558 0.589557 0.605503 0.620319 0.633932 0.646277 0.657299 0.666946 0.675177 0.681956 0.687254 0.691049 0.693325 0.694073 0.693289 0.690977 0.687145 0.68181 0.674993 0.666723 0.657036 0.645975 0.63359 0.619938 0.605083 0.589099 0.572064 0.554065 0.535195 0.515554 0.495245 0.474379 0.453068 0.431427 0.409575 0.387627 0.365701 0.34391 0.322366 0.301172 0.280431 0.260233 0.240665 0.221803 0.203716 0.18646 0.170086 0.154633 0.140132 0.126603 0.114062 0.102514 0.0919586 0.0823916 0.0738025 0.0661783 0.0595038 0.0537623 0.0489374 0.0450134 0.0419764 0.0398146 0.0385208 
0.0393903 0.0398319 0.0411615 0.0433861 0.0465151 0.0505608 0.0555377 0.0614621 0.0683509 0.0762206 0.0850865 0.0949614 0.105854 0.11777 0.130707 0.144658 0.159606 0.175528 0.19239 0.210151 0.228758 0.248148 0.268252 0.288989 0.31027 0.331998 0.35407 0.376378 0.398808 0.421242 0.443562 0.465649 0.487384 0.508649 0.52933 0.549318 0.568507 0.586797 0.604097 0.620319 0.635384 0.649222 0.661767 0.672963 0.682761 0.691119 0.698001 0.703379 0.70723 0.709541 0.7103 0.709505 0.707159 0.703271 0.697856 0.690937 0.682541 0.672704 0.661467 0.648882 0.635004 0.619899 0.603638 0.586301 0.567975 0.548754 0.528738 0.508032 0.486747 0.464999 0.442903 0.420581 0.39815 0.375731 0.35344 0.33139 0.309689 0.288441 0.267742 0.247679 0.228331 0.20977 0.192055 0.175239 0.159363 0.144458 0.130548 0.117649 0.105768 0.094905 0.0850559 0.0762114 0.0683584 0.061482 0.0555658 0.0505932 0.0465486 0.0434178 0.0411893 0.0398557 
