2.93518e-24 1.79439e-24 4.81695e-24 1.90667e-23 7.58396e-23 2.94115e-22 1.10965e-21 4.07091e-21 1.45165e-20 5.02975e-20 1.69277e-19 5.532e-19 1.75503e-18 5.40381e-18 1.61454e-17 4.68022e-17 1.31617e-16 3.59059e-16 9.50224e-16 2.43953e-15 6.07628e-15 1.46843e-14 3.44343e-14 7.8358e-14 1.73042e-13 3.70852e-13 7.71298e-13 1.55663e-12 3.04822e-12 5.79087e-12 1.0671e-11 1.90697e-11 3.30421e-11 5.54962e-11 9.03238e-11 1.42408e-10 2.17417e-10 3.21285e-10 4.59347e-10 6.35162e-10 8.49211e-10 1.09781e-09 1.37265e-09 1.66122e-09 1.94831e-09 2.21814e-09 2.45663e-09 2.65305e-09 2.80056e-09 2.89571e-09 2.93721e-09 2.92468e-09 2.85802e-09 2.73771e-09 2.56594e-09 2.34784e-09 2.09245e-09 1.81256e-09 1.52346e-09 1.24084e-09 9.78616e-10 7.47061e-10 5.52e-10 3.94874e-10 2.73576e-10 1.83654e-10 1.19517e-10 7.54344e-11 4.61961e-11 2.74603e-11 1.58496e-11 8.88557e-12 4.83979e-12 2.56185e-12 1.31817e-12 6.5942e-13 3.20779e-13 1.51761e-13 6.98347e-14 3.12587e-14 1.36107e-14 5.7652e-15 2.37566e-15 9.52368e-16 3.71445e-16 1.40956e-16 5.20491e-17 1.87041e-17 6.54226e-18 2.22776e-18 7.38679e-19 2.38563e-19 7.50646e-20 2.30188e-20 6.88159e-21 2.00632e-21 5.70657e-22 1.58407e-22 4.29408e-23 1.14385e-23 
1.79439e-24 1.09159e-24 3.02553e-24 1.23087e-23 5.02295e-23 1.99847e-22 7.73659e-22 2.91266e-21 1.06595e-20 3.79063e-20 1.30934e-19 4.39144e-19 1.42964e-18 4.51639e-18 1.38416e-17 4.11456e-17 1.18613e-16 3.31562e-16 8.98649e-16 2.36155e-15 6.01708e-15 1.48652e-14 3.56094e-14 8.27146e-14 1.86307e-13 4.06909e-13 8.6172e-13 1.76929e-12 3.52165e-12 6.79427e-12 1.27033e-11 2.30135e-11 4.03878e-11 6.86462e-11 1.12969e-10 1.79942e-10 2.77314e-10 4.13328e-10 5.9554e-10 8.29181e-10 1.11531e-09 1.44921e-09 1.81966e-09 2.2095e-09 2.59767e-09 2.96235e-09 3.28415e-09 3.54848e-09 3.74635e-09 3.87349e-09 3.92854e-09 3.91117e-09 3.82118e-09 3.65892e-09 3.42695e-09 3.132e-09 2.78631e-09 2.40746e-09 2.01664e-09 1.63556e-09 1.28329e-09 9.73773e-10 7.14597e-10 5.07279e-10 3.48491e-10 2.31792e-10 1.49341e-10 9.32473e-11 5.6448e-11 3.31422e-11 1.88791e-11 1.04371e-11 5.60139e-12 2.91908e-12 1.47751e-12 7.26514e-13 3.47108e-13 1.61161e-13 7.27258e-14 3.19002e-14 1.36022e-14 5.63861e-15 2.27253e-15 8.90549e-16 3.39359e-16 1.25767e-16 4.53361e-17 1.58991e-17 5.42558e-18 1.80207e-18 5.82736e-19 1.83518e-19 5.63038e-20 1.68345e-20 4.90712e-21 1.39503e-21 3.86934e-22 1.04754e-22 2.76983e-23 7.19626e-24 
4.81695e-24 3.02553e-24 8.70267e-24 3.58872e-23 1.47956e-22 5.94322e-22 2.32168e-21 8.81553e-21 3.25214e-20 1.16515e-19 4.05245e-19 1.36775e-18 4.47822e-18 1.42192e-17 4.37729e-17 1.30616e-16 3.77729e-16 1.05853e-15 2.87434e-15 7.56279e-15 1.92816e-14 4.76376e-14 1.1406e-13 2.64682e-13 5.95328e-13 1.2979e-12 2.74275e-12 5.6179e-12 1.11526e-11 2.14559e-11 3.99973e-11 7.22381e-11 1.2638e-10 2.14129e-10 3.51283e-10 5.57826e-10 8.57138e-10 1.27392e-09 1.83063e-09 2.54249e-09 3.41199e-09 4.42415e-09 5.54436e-09 6.72035e-09 7.88849e-09 8.98315e-09 9.94653e-09 1.07356e-08 1.13243e-08 1.17008e-08 1.18615e-08 1.1806e-08 1.15333e-08 1.10443e-08 1.03461e-08 9.45835e-09 8.41758e-09 7.27652e-09 6.09877e-09 4.94975e-09 3.88695e-09 2.95239e-09 2.16913e-09 1.54189e-09 1.06084e-09 7.06752e-10 4.56148e-10 2.8533e-10 1.73046e-10 1.01786e-10 5.80844e-11 3.21656e-11 1.72897e-11 9.02282e-12 4.57236e-12 2.25038e-12 1.07584e-12 4.99647e-13 2.25443e-13 9.88301e-14 4.20959e-14 1.74221e-14 7.00632e-15 2.73797e-15 1.0398e-15 3.83797e-16 1.37704e-16 4.80353e-17 1.62945e-17 5.37648e-18 1.72606e-18 5.39327e-19 1.64073e-19 4.86143e-20 1.40346e-20 3.94928e-21 1.08365e-21 2.90064e-22 7.57907e-23 1.94502e-23 
1.90667e-23 1.23087e-23 3.58872e-23 1.47804e-22 6.07816e-22 2.43486e-21 9.48433e-21 3.59036e-20 1.32031e-19 4.71442e-19 1.63387e-18 5.49384e-18 1.79162e-17 5.66482e-17 1.73611e-16 5.15602e-16 1.48363e-15 4.13577e-15 1.11681e-14 2.92139e-14 7.40297e-14 1.81745e-13 4.32321e-13 9.96515e-13 2.22609e-12 4.81967e-12 1.01142e-11 2.05727e-11 4.05586e-11 7.7496e-11 1.43496e-10 2.57463e-10 4.47549e-10 7.53609e-10 1.22897e-09 1.9405e-09 2.96574e-09 4.38575e-09 6.27309e-09 8.67547e-09 1.15977e-08 1.49868e-08 1.87251e-08 2.26377e-08 2.65136e-08 3.01367e-08 3.33179e-08 3.59177e-08 3.78523e-08 3.90847e-08 3.96048e-08 3.94108e-08 3.85003e-08 3.68749e-08 3.45574e-08 3.16122e-08 2.81586e-08 2.437e-08 2.04561e-08 1.66327e-08 1.30903e-08 9.96891e-09 7.34618e-09 5.23962e-09 3.61847e-09 2.42059e-09 1.56919e-09 9.86173e-10 6.01045e-10 3.55359e-10 2.03869e-10 1.13516e-10 6.13594e-11 3.22034e-11 1.6413e-11 8.12454e-12 3.9064e-12 1.82453e-12 8.27822e-13 3.64873e-13 1.56231e-13 6.49851e-14 2.62596e-14 1.03087e-14 3.93182e-15 1.45713e-15 5.2479e-16 1.8371e-16 6.25228e-17 2.06928e-17 6.66199e-18 2.08707e-18 6.36461e-19 1.89004e-19 5.4677e-20 1.54151e-20 4.2372e-21 1.13602e-21 2.97274e-22 7.64136e-23 
7.58396e-23 5.02295e-23 1.47956e-22 6.07816e-22 2.49065e-21 9.94059e-21 3.85741e-20 1.45456e-19 5.32742e-19 1.89435e-18 6.53689e-18 2.18815e-17 7.10253e-17 2.23476e-16 6.81403e-16 2.01291e-15 5.75981e-15 1.59625e-14 4.28421e-14 1.11357e-13 2.80326e-13 6.83514e-13 1.61446e-12 3.69461e-12 8.19283e-12 1.76067e-11 3.6673e-11 7.40392e-11 1.44888e-10 2.74819e-10 5.05223e-10 9.00124e-10 1.55403e-09 2.59952e-09 4.21239e-09 6.61108e-09 1.00463e-08 1.47772e-08 2.10318e-08 2.89548e-08 3.85501e-08 4.9634e-08 6.18171e-08 7.45283e-08 8.7085e-08 9.87932e-08 1.0905e-07 1.17413e-07 1.23621e-07 1.27561e-07 1.29204e-07 1.28547e-07 1.25579e-07 1.20306e-07 1.12798e-07 1.03258e-07 9.20699e-08 7.97881e-08 6.70864e-08 5.46604e-08 4.31258e-08 3.29377e-08 2.43529e-08 1.74346e-08 1.20901e-08 8.12416e-09 5.29209e-09 3.34296e-09 2.04844e-09 1.21793e-09 7.02792e-10 3.93666e-10 2.14093e-10 1.13062e-10 5.79864e-11 2.88848e-11 1.39757e-11 6.56818e-12 2.99838e-12 1.3295e-12 5.72577e-13 2.39505e-13 9.73036e-14 3.8396e-14 1.47167e-14 5.47964e-15 1.98231e-15 6.96879e-16 2.38128e-16 7.9114e-17 2.55636e-17 8.0365e-18 2.45894e-18 7.32543e-19 2.12569e-19 6.01074e-20 1.65692e-20 4.45466e-21 1.16886e-21 3.0133e-22 
2.94115e-22 1.99847e-22 5.94322e-22 2.43486e-21 9.94059e-21 3.95232e-20 1.52768e-19 5.73744e-19 2.09267e-18 7.40935e-18 2.54544e-17 8.48139e-17 2.73981e-16 8.57761e-16 2.60178e-15 7.64396e-15 2.1748e-14 5.99122e-14 1.59798e-13 4.12651e-13 1.03176e-12 2.49806e-12 5.85768e-12 1.33053e-11 2.92806e-11 6.24409e-11 1.2905e-10 2.58518e-10 5.01994e-10 9.44905e-10 1.72407e-09 3.04913e-09 5.22661e-09 8.68247e-09 1.39761e-08 2.17957e-08 3.29226e-08 4.81542e-08 6.81799e-08 9.34179e-08 1.23842e-07 1.5884e-07 1.97165e-07 2.37021e-07 2.76276e-07 3.12784e-07 3.44689e-07 3.70645e-07 3.89864e-07 4.02016e-07 4.07023e-07 4.04877e-07 3.9555e-07 3.79046e-07 3.55578e-07 3.25768e-07 2.90793e-07 2.52369e-07 2.12584e-07 1.73599e-07 1.37334e-07 1.05219e-07 7.80739e-08 5.61187e-08 3.90882e-08 2.63923e-08 1.72806e-08 1.09756e-08 6.76395e-09 4.04558e-09 2.34885e-09 1.32403e-09 7.24719e-10 3.85232e-10 1.98881e-10 9.97248e-11 4.85688e-11 2.29746e-11 1.05549e-11 4.70922e-12 2.04035e-12 8.58421e-13 3.50692e-13 1.39119e-13 5.3593e-14 2.0051e-14 7.2869e-15 2.57285e-15 8.82801e-16 2.94452e-16 9.55025e-17 3.01314e-17 9.25112e-18 2.76514e-18 8.04951e-19 2.28317e-19 6.31263e-20 1.7021e-20 4.47893e-21 1.1582e-21 
1.10965e-21 7.73659e-22 2.32168e-21 9.48433e-21 3.85741e-20 1.52768e-19 5.88125e-19 2.19969e-18 7.98913e-18 2.81627e-17 9.63136e-17 3.19409e-16 1.02678e-15 3.19822e-15 9.64939e-15 2.81922e-14 7.97445e-14 2.18346e-13 5.78663e-13 1.48436e-12 3.68561e-12 8.85914e-12 2.06187e-11 4.64743e-11 1.01471e-10 2.1466e-10 4.40072e-10 8.74446e-10 1.68433e-09 3.14515e-09 5.69355e-09 9.99201e-09 1.69994e-08 2.80349e-08 4.48129e-08 6.94204e-08 1.042e-07 1.51507e-07 2.1334e-07 2.90847e-07 3.83824e-07 4.9031e-07 6.06466e-07 7.26839e-07 8.45038e-07 9.54661e-07 1.05023e-06 1.12779e-06 1.18508e-06 1.22116e-06 1.23584e-06 1.22912e-06 1.2009e-06 1.15117e-06 1.08054e-06 9.9084e-07 8.85547e-07 7.69768e-07 6.49721e-07 5.31872e-07 4.2199e-07 3.24405e-07 2.41641e-07 1.74438e-07 1.22077e-07 8.28493e-08 5.4544e-08 3.4844e-08 2.1604e-08 1.30032e-08 7.59888e-09 4.31208e-09 2.37634e-09 1.27189e-09 6.61189e-10 3.3384e-10 1.63709e-10 7.79644e-11 3.60555e-11 1.61903e-11 7.05834e-12 2.98734e-12 1.2274e-12 4.89559e-13 1.89571e-13 7.12744e-14 2.60235e-14 9.22915e-15 3.18009e-15 1.06497e-15 3.46738e-16 1.09799e-16 3.38301e-17 1.01461e-17 2.96327e-18 8.43168e-19 2.33842e-19 6.32409e-20 1.66903e-20 4.32966e-21 
4.07091e-21 2.91266e-21 8.81553e-21 3.59036e-20 1.45456e-19 5.73744e-19 2.19969e-18 8.1925e-18 2.96253e-17 1.03965e-16 3.53903e-16 1.16803e-15 3.73606e-15 1.15767e-14 3.47391e-14 1.00921e-13 2.83773e-13 7.72164e-13 2.03309e-12 5.17967e-12 1.27695e-11 3.04669e-11 7.03641e-11 1.57343e-10 3.40748e-10 7.14873e-10 1.45327e-09 2.86338e-09 5.46897e-09 1.0127e-08 1.81818e-08 3.16512e-08 5.34252e-08 8.74363e-08 1.3874e-07 2.1342e-07 3.18217e-07 4.59813e-07 6.43733e-07 8.72965e-07 1.14653e-06 1.45839e-06 1.79716e-06 2.14695e-06 2.48931e-06 2.80592e-06 3.08123e-06 3.30412e-06 3.46831e-06 3.57132e-06 3.61272e-06 3.59251e-06 3.51041e-06 3.36634e-06 3.16193e-06 2.90234e-06 2.59744e-06 2.26181e-06 1.91328e-06 1.57042e-06 1.24992e-06 9.64399e-07 7.21342e-07 5.2314e-07 3.67966e-07 2.51095e-07 1.66276e-07 1.06877e-07 6.66938e-08 4.04113e-08 2.37788e-08 1.3589e-08 7.5426e-09 4.06637e-09 2.12931e-09 1.08292e-09 5.34859e-10 2.56518e-10 1.19445e-10 5.39927e-11 2.36897e-11 1.00879e-11 4.16907e-12 1.67215e-12 6.50933e-13 2.45967e-13 9.0235e-14 3.21466e-14 1.11245e-14 3.74076e-15 1.22272e-15 3.88646e-16 1.20178e-16 3.61685e-17 1.0599e-17 3.02567e-18 8.41792e-19 2.28361e-19 6.04515e-20 1.57335e-20 
1.45165e-20 1.06595e-20 3.25214e-20 1.32031e-19 5.32742e-19 2.09267e-18 7.98913e-18 2.96253e-17 1.06651e-16 3.72554e-16 1.26218e-15 4.14526e-15 1.31913e-14 4.06585e-14 1.21332e-13 3.50445e-13 9.79426e-13 2.64818e-12 6.92624e-12 1.7523e-11 4.2885e-11 1.01542e-10 2.32662e-10 5.16009e-10 1.1081e-09 2.30477e-09 4.64452e-09 9.07074e-09 1.71726e-08 3.15211e-08 5.61045e-08 9.68418e-08 1.62114e-07 2.63194e-07 4.14406e-07 6.32768e-07 9.36887e-07 1.34489e-06 1.87136e-06 2.52357e-06 3.29765e-06 4.17576e-06 5.12549e-06 6.10231e-06 7.05513e-06 7.93366e-06 8.69549e-06 9.31072e-06 9.76272e-06 1.00452e-05 1.01572e-05 1.0099e-05 9.86968e-06 9.4688e-06 8.9006e-06 8.17892e-06 7.33068e-06 6.3958e-06 5.42325e-06 4.46437e-06 3.56545e-06 2.76187e-06 2.07505e-06 1.51238e-06 1.06956e-06 7.34129e-07 4.89175e-07 3.16493e-07 1.98855e-07 1.21348e-07 7.19256e-08 4.14109e-08 2.31597e-08 1.25814e-08 6.63855e-09 3.4019e-09 1.69282e-09 8.17831e-10 3.83532e-10 1.7456e-10 7.70954e-11 3.30372e-11 1.37355e-11 5.54054e-12 2.1685e-12 8.23617e-13 3.03624e-13 1.08668e-13 3.77711e-14 1.27544e-14 4.18572e-15 1.33558e-15 4.14526e-16 1.25202e-16 3.68169e-17 1.05454e-17 2.94353e-18 8.01074e-19 2.12728e-19 5.55558e-20 
5.02975e-20 3.79063e-20 1.16515e-19 4.71442e-19 1.89435e-18 7.40935e-18 2.81627e-17 1.03965e-16 3.72554e-16 1.29525e-15 4.36678e-15 1.42692e-14 4.51711e-14 1.3847e-13 4.1088e-13 1.17974e-12 3.27675e-12 8.80229e-12 2.28657e-11 5.74369e-11 1.3952e-10 3.27776e-10 7.44926e-10 1.63822e-09 3.4874e-09 7.18897e-09 1.43558e-08 2.77802e-08 5.21104e-08 9.47768e-08 1.67169e-07 2.85987e-07 4.74591e-07 7.64019e-07 1.1932e-06 1.80778e-06 2.6569e-06 3.78751e-06 5.23625e-06 7.01951e-06 9.12367e-06 1.14981e-05 1.40544e-05 1.66728e-05 1.92177e-05 2.15567e-05 2.35793e-05 2.52085e-05 2.64021e-05 2.71449e-05 2.74358e-05 2.72753e-05 2.66609e-05 2.55911e-05 2.40759e-05 2.21511e-05 1.98866e-05 1.73873e-05 1.47822e-05 1.22071e-05 9.78549e-06 7.61251e-06 5.74705e-06 4.21107e-06 2.99544e-06 2.06891e-06 1.38776e-06 9.04156e-07 5.72233e-07 3.5183e-07 2.10154e-07 1.21952e-07 6.87497e-08 3.76487e-08 2.0025e-08 1.03434e-08 5.18722e-09 2.52515e-09 1.19294e-09 5.46811e-10 2.43144e-10 1.04868e-10 4.38685e-11 1.77989e-11 7.00487e-12 2.67449e-12 9.90858e-13 3.56313e-13 1.24407e-13 4.21905e-14 1.39032e-14 4.45387e-15 1.38764e-15 4.20666e-16 1.24145e-16 3.56826e-17 9.99388e-18 2.72884e-18 7.27026e-19 1.90547e-19 
1.69277e-19 1.30934e-19 4.05245e-19 1.63387e-18 6.53689e-18 2.54544e-17 9.63136e-17 3.53903e-16 1.26218e-15 4.36678e-15 1.46482e-14 4.7617e-14 1.49929e-13 4.57041e-13 1.3483e-12 3.84789e-12 1.062e-11 2.83393e-11 7.31053e-11 1.82296e-10 4.39431e-10 1.02411e-09 2.30802e-09 5.03169e-09 1.06152e-08 2.16805e-08 4.28867e-08 8.21996e-08 1.52712e-07 2.75091e-07 4.80611e-07 8.14543e-07 1.33939e-06 2.13711e-06 3.30907e-06 4.97239e-06 7.25104e-06 1.0261e-05 1.40892e-05 1.87694e-05 2.42576e-05 3.04164e-05 3.7014e-05 4.37428e-05 5.02578e-05 5.62258e-05 6.13713e-05 6.55045e-05 6.8524e-05 7.03957e-05 7.11187e-05 7.06957e-05 6.91196e-05 6.63845e-05 6.25137e-05 5.75946e-05 5.18014e-05 4.53968e-05 3.87061e-05 3.20739e-05 2.5815e-05 2.01756e-05 1.53108e-05 1.12833e-05 8.07623e-06 5.61553e-06 3.79349e-06 2.48997e-06 1.58811e-06 9.84252e-07 5.92739e-07 3.46841e-07 1.97181e-07 1.08895e-07 5.84085e-08 3.04204e-08 1.53801e-08 7.54633e-09 3.59229e-09 1.65867e-09 7.42704e-10 3.22461e-10 1.35744e-10 5.54053e-11 2.19288e-11 8.41754e-12 3.1345e-12 1.13264e-12 3.97298e-13 1.35334e-13 4.4787e-14 1.44062e-14 4.5061e-15 1.37127e-15 4.06184e-16 1.17171e-16 3.29328e-17 9.02343e-18 2.41226e-18 6.3459e-19 
5.532e-19 4.39144e-19 1.36775e-18 5.49384e-18 2.18815e-17 8.48139e-17 3.19409e-16 1.16803e-15 4.14526e-15 1.42692e-14 4.7617e-14 1.53962e-13 4.82091e-13 1.46118e-12 4.28492e-12 1.21527e-11 3.33235e-11 8.83201e-11 2.26215e-10 5.59883e-10 1.33905e-09 3.0951e-09 6.9156e-09 1.49419e-08 3.12306e-08 6.31765e-08 1.2375e-07 2.34832e-07 4.31909e-07 7.70237e-07 1.3323e-06 2.23586e-06 3.64125e-06 5.75568e-06 8.83166e-06 1.31561e-05 1.90274e-05 2.67172e-05 3.64207e-05 4.81974e-05 6.19163e-05 7.72207e-05 9.35292e-05 0.000110085 0.000126051 0.000140624 0.00015315 0.000163183 0.000170492 0.000175003 0.000176723 0.000175658 0.000171791 0.000165102 0.000155642 0.000143612 0.000129427 0.000113716 9.72613e-05 8.08989e-05 6.53983e-05 5.13679e-05 3.92009e-05 2.90676e-05 2.09452e-05 1.4668e-05 9.9839e-06 6.60531e-06 4.24766e-06 2.65493e-06 1.61278e-06 9.52055e-07 5.46071e-07 3.04259e-07 1.64638e-07 8.64917e-08 4.40995e-08 2.18151e-08 1.04667e-08 4.86928e-09 2.196e-09 9.59954e-10 4.0672e-10 1.67026e-10 6.6491e-11 2.56638e-11 9.6067e-12 3.4887e-12 1.22957e-12 4.2075e-13 1.39854e-13 4.51759e-14 1.41885e-14 4.33491e-15 1.28901e-15 3.73241e-16 1.05292e-16 2.89535e-17 7.76784e-18 2.05146e-18 
1.75503e-18 1.42964e-18 4.47822e-18 1.79162e-17 7.10253e-17 2.73981e-16 1.02678e-15 3.73606e-15 1.31913e-14 4.51711e-14 1.49929e-13 4.82091e-13 1.50093e-12 4.52235e-12 1.31806e-11 3.71439e-11 1.01174e-10 2.66284e-10 6.77067e-10 1.66294e-09 3.9453e-09 9.04253e-09 2.00265e-08 4.28717e-08 8.87519e-08 1.77764e-07 3.44673e-07 6.47308e-07 1.17811e-06 2.07896e-06 3.55855e-06 5.91045e-06 9.52838e-06 1.49132e-05 2.26656e-05 3.34556e-05 4.79654e-05 6.67987e-05 9.0364e-05 0.000118743 0.000151569 0.000187959 0.000226518 0.00026547 0.000302872 0.000336885 0.000366024 0.000389294 0.000406195 0.000416585 0.000420491 0.000417937 0.000408876 0.000393251 0.000371159 0.000343048 0.000309852 0.000273004 0.000234305 0.000195686 0.000158946 0.000125523 9.63718e-05 7.19352e-05 5.22069e-05 3.68411e-05 2.52794e-05 1.68664e-05 1.09414e-05 6.90053e-06 4.23046e-06 2.52065e-06 1.45934e-06 8.20719e-07 4.48205e-07 2.37595e-07 1.22209e-07 6.0968e-08 2.94902e-08 1.3826e-08 6.28149e-09 2.76512e-09 1.17933e-09 4.87354e-10 1.95167e-10 7.57561e-11 2.85105e-11 1.04069e-11 3.68592e-12 1.26726e-12 4.23144e-13 1.37287e-13 4.33017e-14 1.32845e-14 3.96616e-15 1.15295e-15 3.26502e-16 9.01219e-17 2.42689e-17 6.43562e-18 
5.40381e-18 4.51639e-18 1.42192e-17 5.66482e-17 2.23476e-16 8.57761e-16 3.19822e-15 1.15767e-14 4.06585e-14 1.3847e-13 4.57041e-13 1.46118e-12 4.52235e-12 1.35428e-11 3.92217e-11 1.09805e-10 2.97044e-10 7.76224e-10 1.95892e-09 4.7736e-09 1.12322e-08 2.5522e-08 5.60127e-08 1.18777e-07 2.43468e-07 4.82677e-07 9.26053e-07 1.72049e-06 3.09723e-06 5.40568e-06 9.15178e-06 1.5036e-05 2.39823e-05 3.71466e-05 5.58898e-05 8.17008e-05 0.000116058 0.000160225 0.000214996 0.000280408 0.000355503 0.000438186 0.000525275 0.000612789 0.000696435 0.000772203 0.000836888 0.000888386 0.000925673 0.000948501 0.000956965 0.000951131 0.000930885 0.000896071 0.000846858 0.000784176 0.000710027 0.000627519 0.000540592 0.000453507 0.000370266 0.000294123 0.000227291 0.00017087 0.000124965 8.89084e-05 6.15342e-05 4.1426e-05 2.71244e-05 1.72707e-05 1.06914e-05 6.4331e-06 3.76126e-06 2.13605e-06 1.17779e-06 6.30238e-07 3.27129e-07 1.64633e-07 8.03021e-08 3.79496e-08 1.73724e-08 7.70238e-09 3.30746e-09 1.37563e-09 5.54263e-10 2.16397e-10 8.18927e-11 3.00514e-11 1.06978e-11 3.69608e-12 1.23998e-12 4.04149e-13 1.2804e-13 3.94514e-14 1.18282e-14 3.4526e-15 9.8169e-16 2.72043e-16 7.35459e-17 1.95869e-17 
1.61454e-17 1.38416e-17 4.37729e-17 1.73611e-16 6.81403e-16 2.60178e-15 9.64939e-15 3.47391e-14 1.21332e-13 4.1088e-13 1.3483e-12 4.28492e-12 1.31806e-11 3.92217e-11 1.12849e-10 3.13789e-10 8.42885e-10 2.18642e-09 5.4754e-09 1.32356e-08 3.08806e-08 6.95469e-08 1.51218e-07 3.17549e-07 6.44319e-07 1.26393e-06 2.39859e-06 4.40662e-06 7.84287e-06 1.35318e-05 2.26471e-05 3.67858e-05 5.80173e-05 8.88829e-05 0.000132315 0.00019145 0.000269315 0.000368392 0.000490077 0.000634123 0.000798159 0.000977462 0.00116511 0.00135261 0.00153095 0.00169181 0.00182864 0.00193722 0.00201559 0.00206337 0.00208085 0.00206818 0.00202511 0.00195123 0.0018468 0.00171362 0.00155577 0.00137963 0.0011934 0.00100602 0.000825972 0.000660278 0.000513837 0.000389254 0.00028703 0.000206006 0.000143894 9.78029e-05 6.46736e-05 4.15976e-05 2.60167e-05 1.58172e-05 9.34392e-06 5.361e-06 2.98578e-06 1.61336e-06 8.4535e-07 4.29297e-07 2.11208e-07 1.00635e-07 4.64277e-08 2.07368e-08 8.96688e-09 3.75425e-09 1.5222e-09 5.97875e-10 2.27559e-10 8.3965e-11 3.00485e-11 1.04347e-11 3.51799e-12 1.15212e-12 3.66708e-13 1.13502e-13 3.41806e-14 1.00204e-14 2.86124e-15 7.96205e-16 2.16139e-16 5.78239e-17 
4.68022e-17 4.11456e-17 1.30616e-16 5.15602e-16 2.01291e-15 7.64396e-15 2.81922e-14 1.00921e-13 3.50445e-13 1.17974e-12 3.84789e-12 1.21527e-11 3.71439e-11 1.09805e-10 3.13789e-10 8.66411e-10 2.31038e-09 5.94768e-09 1.4777e-08 3.54252e-08 8.19374e-08 1.82859e-07 3.93812e-07 8.18739e-07 1.64394e-06 3.18986e-06 5.98551e-06 1.08694e-05 1.91173e-05 3.25908e-05 5.38916e-05 8.64939e-05 0.000134813 0.000204159 0.000300525 0.000430158 0.00059889 0.000811245 0.00106939 0.00137208 0.0017138 0.00208442 0.00246962 0.00285219 0.00321417 0.0035392 0.00381461 0.00403242 0.00418912 0.00428425 0.00431857 0.00429248 0.00420537 0.00405629 0.00384549 0.00357629 0.00325647 0.00289848 0.00251846 0.00213424 0.00176293 0.00141893 0.0011126 0.000849791 0.000632169 0.000457974 0.00032304 0.000221812 0.000148222 9.63612e-05 6.0925e-05 3.74459e-05 2.23619e-05 1.29678e-05 7.29812e-06 3.98364e-06 2.10773e-06 1.08039e-06 5.36277e-07 2.57684e-07 1.19835e-07 5.39306e-08 2.34884e-08 9.90144e-09 4.04081e-09 1.59699e-09 6.11457e-10 2.26908e-10 8.16518e-11 2.85058e-11 9.66022e-12 3.17954e-12 1.01697e-12 3.16268e-13 9.5687e-14 2.81798e-14 8.08246e-15 2.25899e-15 6.15896e-16 1.65557e-16 
1.31617e-16 1.18613e-16 3.77729e-16 1.48363e-15 5.75981e-15 2.1748e-14 7.97445e-14 2.83773e-13 9.79426e-13 3.27675e-12 1.062e-11 3.33235e-11 1.01174e-10 2.97044e-10 8.42885e-10 2.31038e-09 6.11445e-09 1.56175e-08 3.84858e-08 9.14781e-08 2.09705e-07 4.63636e-07 9.88755e-07 2.03459e-06 4.04151e-06 7.75446e-06 1.4382e-05 2.58049e-05 4.48307e-05 7.5477e-05 0.000123247 0.000195339 0.000300707 0.000449877 0.000654432 0.000926084 0.00127534 0.00170977 0.0022321 0.00283835 0.00351642 0.0042457 0.00499804 0.00574041 0.00643887 0.00706303 0.00758971 0.00800476 0.00830235 0.00848228 0.00854634 0.00849538 0.00832816 0.00804253 0.00763843 0.00712148 0.00650567 0.00581392 0.00507633 0.00432654 0.00359732 0.00291677 0.00230571 0.00177666 0.00133419 0.000976232 0.000695821 0.000482972 0.000326343 0.000214576 0.000137227 8.53136e-05 5.15287e-05 3.02165e-05 1.7191e-05 9.48249e-06 5.06786e-06 2.62278e-06 1.31381e-06 6.36788e-07 2.98579e-07 1.35424e-07 5.94195e-08 2.52251e-08 1.03639e-08 4.12245e-09 1.5882e-09 5.92892e-10 2.1458e-10 7.53317e-11 2.56674e-11 8.49269e-12 2.73034e-12 8.53381e-13 2.59459e-13 7.67779e-14 2.2125e-14 6.21239e-15 1.7015e-15 4.59674e-16 
3.59059e-16 3.31562e-16 1.05853e-15 4.13577e-15 1.59625e-14 5.99122e-14 2.18346e-13 7.72164e-13 2.64818e-12 8.80229e-12 2.83393e-11 8.83201e-11 2.66284e-10 7.76224e-10 2.18642e-09 5.94768e-09 1.56175e-08 3.9567e-08 9.66829e-08 2.27794e-07 5.17416e-07 1.133e-06 2.39201e-06 4.87039e-06 9.56814e-06 1.81477e-05 3.32562e-05 5.89333e-05 0.000101086 0.000167992 0.000270739 0.000423506 0.000643516 0.000950501 0.00136555 0.00190924 0.0025991 0.00344654 0.00445351 0.00560954 0.00688964 0.00825404 0.00965033 0.0110185 0.012298 0.0134354 0.014391 0.0151413 0.0156773 0.0160001 0.0161135 0.0160194 0.0157152 0.0151964 0.0144618 0.0135201 0.0123948 0.0111258 0.00976584 0.0083751 0.00701298 0.00573149 0.00457039 0.00355506 0.0026967 0.00199425 0.00143727 0.00100913 0.000689931 0.000459094 0.000297156 0.00018697 0.000114274 6.77917e-05 3.90049e-05 2.17493e-05 1.17449e-05 6.13876e-06 3.10407e-06 1.51797e-06 7.17798e-07 3.28192e-07 1.45106e-07 6.20525e-08 2.56735e-08 1.02808e-08 3.98639e-09 1.49747e-09 5.45246e-10 1.92541e-10 6.59781e-11 2.19519e-11 7.09568e-12 2.22954e-12 6.81374e-13 2.02652e-13 5.86879e-14 1.65589e-14 4.55711e-15 1.23764e-15 
9.50224e-16 8.98649e-16 2.87434e-15 1.11681e-14 4.28421e-14 1.59798e-13 5.78663e-13 2.03309e-12 6.92624e-12 2.28657e-11 7.31053e-11 2.26215e-10 6.77067e-10 1.95892e-09 5.4754e-09 1.4777e-08 3.84858e-08 9.66829e-08 2.34186e-07 5.46763e-07 1.2302e-06 2.66725e-06 5.57311e-06 1.1225e-05 2.18031e-05 4.08656e-05 7.39678e-05 0.00012941 0.000219064 0.000359178 0.000571008 0.000881047 0.00132063 0.0019246 0.00272899 0.00376741 0.00506665 0.00664141 0.00848916 0.0105857 0.0128823 0.0153064 0.0177658 0.0201576 0.0223797 0.0243442 0.0259869 0.0272714 0.0281859 0.0287343 0.0289247 0.0287604 0.0282368 0.0273448 0.0260803 0.0244554 0.0225069 0.0202994 0.0179207 0.0154718 0.0130546 0.0107603 0.00866089 0.00680502 0.00521762 0.00390233 0.00284574 0.00202244 0.0014 0.000943385 0.000618377 0.00039399 0.000243792 0.000146378 8.52064e-05 4.80455e-05 2.62239e-05 1.38466e-05 7.06958e-06 3.4891e-06 1.66433e-06 7.67315e-07 3.41957e-07 1.47347e-07 6.14082e-08 2.47635e-08 9.66719e-09 3.65527e-09 1.3394e-09 4.75903e-10 1.64059e-10 5.49053e-11 1.7849e-11 5.63973e-12 1.73299e-12 5.18172e-13 1.50847e-13 4.27796e-14 1.18327e-14 3.23139e-15 
2.43953e-15 2.36155e-15 7.56279e-15 2.92139e-14 1.11357e-13 4.12651e-13 1.48436e-12 5.17967e-12 1.7523e-11 5.74369e-11 1.82296e-10 5.59883e-10 1.66294e-09 4.7736e-09 1.32356e-08 3.54252e-08 9.14781e-08 2.27794e-07 5.46763e-07 1.26456e-06 2.81745e-06 6.04653e-06 1.24999e-05 2.48974e-05 4.77994e-05 8.85056e-05 0.000158175 0.00027311 0.000456069 0.000737416 0.00115582 0.00175812 0.00259806 0.00373342 0.00522147 0.00711282 0.00944397 0.0122293 0.0154536 0.0190661 0.0229777 0.0270634 0.0311701 0.0351311 0.0387855 0.0419968 0.0446686 0.0467489 0.0482246 0.0491058 0.0494082 0.0491379 0.0482864 0.0468368 0.0447786 0.0421262 0.038933 0.035297 0.0313545 0.0272656 0.0231949 0.0192934 0.0156846 0.0124566 0.0096604 0.0073122 0.00539918 0.00388667 0.00272591 0.00186126 0.00123625 0.00079802 0.000500165 0.000304073 0.00017914 0.000102182 5.6389e-05 3.00876e-05 1.55152e-05 7.73018e-06 3.72077e-06 1.73023e-06 7.77464e-07 3.37662e-07 1.41799e-07 5.76028e-08 2.26473e-08 8.62235e-09 3.18067e-09 1.1375e-09 3.94625e-10 1.32886e-10 4.34606e-11 1.38131e-11 4.26897e-12 1.28362e-12 3.75732e-13 1.07128e-13 2.97881e-14 8.18197e-15 
6.07628e-15 6.01708e-15 1.92816e-14 7.40297e-14 2.80326e-13 1.03176e-12 3.68561e-12 1.27695e-11 4.2885e-11 1.3952e-10 4.39431e-10 1.33905e-09 3.9453e-09 1.12322e-08 3.08806e-08 8.19374e-08 2.09705e-07 5.17416e-07 1.2302e-06 2.81745e-06 6.21383e-06 1.31954e-05 2.69804e-05 5.31268e-05 0.000100781 0.000184288 0.000325091 0.000553759 0.000911864 0.00145333 0.00224477 0.00336434 0.00489855 0.00693669 0.00956288 0.012846 0.0168282 0.021514 0.0268602 0.0327694 0.0390886 0.0456146 0.0521081 0.0583163 0.0640001 0.0689627 0.0730691 0.0762521 0.0785013 0.0798391 0.0802933 0.0798743 0.0785679 0.0763442 0.0731808 0.0690905 0.0641441 0.0584795 0.0522947 0.0458276 0.0393284 0.0330326 0.02714 0.0218013 0.0171128 0.0131182 0.00981436 0.00716099 0.00509174 0.00352502 0.00237376 0.00155326 0.000986518 0.000607511 0.000362363 0.000209157 0.000116736 6.29618e-05 3.28024e-05 1.65039e-05 8.01838e-06 3.76221e-06 1.70509e-06 7.46684e-07 3.16075e-07 1.29393e-07 5.12541e-08 1.96557e-08 7.30203e-09 2.6294e-09 9.18317e-10 3.11254e-10 1.02445e-10 3.27622e-11 1.01865e-11 3.08102e-12 9.07042e-13 2.60066e-13 7.27134e-14 2.0093e-14 
1.46843e-14 1.48652e-14 4.76376e-14 1.81745e-13 6.83514e-13 2.49806e-12 8.85914e-12 3.04669e-11 1.01542e-10 3.27776e-10 1.02411e-09 3.0951e-09 9.04253e-09 2.5522e-08 6.95469e-08 1.82859e-07 4.63636e-07 1.133e-06 2.66725e-06 6.04653e-06 1.31954e-05 2.77163e-05 5.60309e-05 0.000109034 0.000204306 0.000368829 0.000641989 0.00107847 0.00175054 0.00274901 0.00418232 0.00617298 0.00885097 0.0123438 0.0167638 0.0221926 0.0286661 0.0361597 0.0445776 0.0537475 0.0634226 0.073293 0.0830076 0.0922066 0.100559 0.107801 0.113759 0.118355 0.121589 0.123505 0.12415 0.123539 0.12165 0.118434 0.113849 0.107897 0.100662 0.0923237 0.0831495 0.0734694 0.0636397 0.054006 0.0448729 0.0364825 0.0290041 0.0225323 0.0170918 0.0126486 0.00912358 0.00640782 0.00437718 0.00290471 0.0018703 0.00116711 0.000705067 0.000411957 0.000232615 0.000126862 6.67978e-05 3.39502e-05 1.66555e-05 7.88794e-06 3.60716e-06 1.59337e-06 6.80153e-07 2.80707e-07 1.1207e-07 4.33085e-08 1.62091e-08 5.87918e-09 2.06781e-09 7.05687e-10 2.33821e-10 7.52644e-11 2.35498e-11 7.16684e-12 2.12256e-12 6.12135e-13 1.72132e-13 4.78635e-14 
3.44343e-14 3.56094e-14 1.1406e-13 4.32321e-13 1.61446e-12 5.85768e-12 2.06187e-11 7.03641e-11 2.32662e-10 7.44926e-10 2.30802e-09 6.9156e-09 2.00265e-08 5.60127e-08 1.51218e-07 3.93812e-07 9.88755e-07 2.39201e-06 5.57311e-06 1.24999e-05 2.69804e-05 5.60309e-05 0.000111948 0.000215205 0.000398172 0.000709404 0.00121799 0.00201719 0.00322634 0.00499025 0.00747507 0.0108603 0.0153267 0.0210401 0.0281325 0.0366818 0.0466924 0.0580795 0.0706604 0.0841528 0.0981842 0.112311 0.126052 0.138929 0.150517 0.160488 0.168639 0.174895 0.179279 0.181866 0.182729 0.181892 0.179322 0.174943 0.16868 0.160515 0.150533 0.138946 0.126089 0.112386 0.0983122 0.0843425 0.0709124 0.0583875 0.0470442 0.0370613 0.0285216 0.0214209 0.0156834 0.0111807 0.0077512 0.0052188 0.003408 0.0021558 0.00131949 0.000780667 0.000446122 0.000246106 0.000131013 6.72922e-05 3.33481e-05 1.5948e-05 7.36193e-06 3.28166e-06 1.41322e-06 5.88261e-07 2.36818e-07 9.2257e-08 3.48009e-08 1.27191e-08 4.50679e-09 1.54915e-09 5.16895e-10 1.67517e-10 5.27617e-11 1.61599e-11 4.81581e-12 1.39725e-12 3.95236e-13 1.10611e-13 
7.8358e-14 8.27146e-14 2.64682e-13 9.96515e-13 3.69461e-12 1.33053e-11 4.64743e-11 1.57343e-10 5.16009e-10 1.63822e-09 5.03169e-09 1.49419e-08 4.28717e-08 1.18777e-07 3.17549e-07 8.18739e-07 2.03459e-06 4.87039e-06 1.1225e-05 2.48974e-05 5.31268e-05 0.000109034 0.000215205 0.000408523 0.000746046 0.00131132 0.00222005 0.00362361 0.00570905 0.00869428 0.0128179 0.018324 0.0254416 0.0343618 0.0452124 0.0580335 0.0727578 0.0891974 0.10704 0.125859 0.145126 0.164252 0.182618 0.199637 0.214805 0.227749 0.238258 0.246279 0.251875 0.255166 0.256256 0.255181 0.251893 0.246281 0.238227 0.227676 0.214694 0.199505 0.18249 0.164156 0.14509 0.1259 0.10717 0.0894158 0.0730571 0.0583983 0.0456219 0.0347925 0.0258698 0.0187288 0.0131831 0.00900916 0.00596885 0.00382878 0.00237511 0.00142343 0.000823535 0.000459719 0.000247529 0.000128537 6.43754e-05 3.11017e-05 1.44996e-05 6.52544e-06 2.83633e-06 1.19131e-06 4.838e-07 1.9008e-07 7.22946e-08 2.66345e-08 9.51095e-09 3.29394e-09 1.10711e-09 3.61338e-10 1.14589e-10 3.53298e-11 1.05963e-11 3.09354e-12 8.80379e-13 2.48016e-13 
1.73042e-13 1.86307e-13 5.95328e-13 2.22609e-12 8.19283e-12 2.92806e-11 1.01471e-10 3.40748e-10 1.1081e-09 3.4874e-09 1.06152e-08 3.12306e-08 8.87519e-08 2.43468e-07 6.44319e-07 1.64394e-06 4.04151e-06 9.56814e-06 2.18031e-05 4.77994e-05 0.000100781 0.000204306 0.000398172 0.000746046 0.0013442 0.00233005 0.00388836 0.00625287 0.00970117 0.0145418 0.0210939 0.0296611 0.0405015 0.0537976 0.0696274 0.0879407 0.108544 0.131094 0.155108 0.179986 0.205036 0.229523 0.252717 0.273948 0.292672 0.308508 0.321271 0.330954 0.337679 0.341619 0.342916 0.34162 0.337667 0.330905 0.321162 0.308326 0.292418 0.273641 0.252386 0.229207 0.204772 0.179804 0.155032 0.131135 0.108705 0.0882122 0.0699901 0.0542254 0.0409645 0.0301295 0.0215411 0.0149468 0.0100503 0.00653964 0.00411296 0.00249778 0.00146363 0.000827116 0.000450643 0.000236697 0.000119861 5.85308e-05 2.75713e-05 1.25337e-05 5.50123e-06 2.33259e-06 9.56018e-07 3.78968e-07 1.45384e-07 5.40109e-08 1.94433e-08 6.78668e-09 2.29833e-09 7.55622e-10 2.41322e-10 7.49114e-11 2.26159e-11 6.6446e-12 1.90269e-12 5.39637e-13 
3.70852e-13 4.06909e-13 1.2979e-12 4.81967e-12 1.76067e-11 6.24409e-11 2.1466e-10 7.14873e-10 2.30477e-09 7.18897e-09 2.16805e-08 6.31765e-08 1.77764e-07 4.82677e-07 1.26393e-06 3.18986e-06 7.75446e-06 1.81477e-05 4.08656e-05 8.85056e-05 0.000184288 0.000368829 0.000709404 0.00131132 0.00233005 0.00398146 0.00654683 0.010369 0.0158371 0.0233601 0.0333313 0.0460885 0.0618748 0.0808046 0.102837 0.127763 0.155198 0.184598 0.215279 0.246459 0.277299 0.306953 0.334626 0.359627 0.381423 0.39968 0.414277 0.42528 0.432885 0.437324 0.43878 0.437315 0.43285 0.425192 0.414106 0.399406 0.381044 0.359158 0.334099 0.306409 0.276781 0.246009 0.214934 0.184385 0.155134 0.12785 0.103066 0.0811515 0.062309 0.046574 0.0338316 0.0238425 0.0162757 0.0107464 0.00685477 0.00421998 0.00250554 0.00143403 0.000790982 0.000420437 0.000215379 0.00010636 5.06491e-05 2.32688e-05 1.03181e-05 4.41859e-06 1.82843e-06 7.31557e-07 2.83179e-07 1.06119e-07 3.85225e-08 1.35552e-08 4.62633e-09 1.53243e-09 4.92952e-10 1.54089e-10 4.68315e-11 1.38481e-11 3.99033e-12 1.13947e-12 
7.71298e-13 8.6172e-13 2.74275e-12 1.01142e-11 3.6673e-11 1.2905e-10 4.40072e-10 1.45327e-09 4.64452e-09 1.43558e-08 4.28867e-08 1.2375e-07 3.44673e-07 9.26053e-07 2.39859e-06 5.98551e-06 1.4382e-05 3.32562e-05 7.39678e-05 0.000158175 0.000325091 0.000641989 0.00121799 0.00222005 0.00388836 0.00654683 0.0106033 0.0165345 0.0248541 0.0360658 0.0506081 0.0687997 0.0907953 0.116555 0.145834 0.178185 0.212977 0.249431 0.286663 0.323734 0.359705 0.393686 0.424894 0.452689 0.476622 0.49646 0.512183 0.523953 0.532045 0.536752 0.538293 0.536741 0.532004 0.523851 0.511986 0.496142 0.476174 0.452118 0.424226 0.392959 0.358962 0.323024 0.286032 0.248921 0.212622 0.178006 0.145836 0.116728 0.0911147 0.0692301 0.0511075 0.0365911 0.0253655 0.0170002 0.0110021 0.00686893 0.00413419 0.00239761 0.00133953 0.000720923 0.000373799 0.000186769 8.99586e-05 4.17865e-05 1.87284e-05 8.10347e-06 3.38689e-06 1.36821e-06 5.34561e-07 2.0212e-07 7.40057e-08 2.6257e-08 9.03288e-09 3.01497e-09 9.76981e-10 3.07543e-10 9.41031e-11 2.80073e-11 8.12134e-12 2.33506e-12 
1.55663e-12 1.76929e-12 5.6179e-12 2.05727e-11 7.40392e-11 2.58518e-10 8.74446e-10 2.86338e-09 9.07074e-09 2.77802e-08 8.21996e-08 2.34832e-07 6.47308e-07 1.72049e-06 4.40662e-06 1.08694e-05 2.58049e-05 5.89333e-05 0.00012941 0.00027311 0.000553759 0.00107847 0.00201719 0.00362361 0.00625287 0.010369 0.0165345 0.0253768 0.0375311 0.0535664 0.0739078 0.0987712 0.128121 0.161661 0.198847 0.238927 0.280989 0.324022 0.366977 0.408824 0.448604 0.48548 0.518766 0.54796 0.572763 0.593088 0.609046 0.620902 0.629009 0.633708 0.635245 0.633704 0.628982 0.62082 0.608872 0.592792 0.572326 0.547379 0.518056 0.484667 0.447725 0.407923 0.366105 0.32323 0.280325 0.238433 0.19855 0.161571 0.12823 0.0990552 0.0743286 0.0540758 0.0380777 0.0259126 0.0170211 0.0107816 0.00658111 0.00386936 0.00219081 0.00119447 0.000627189 0.000317233 0.00015462 7.26512e-05 3.29248e-05 1.43993e-05 6.08059e-06 2.48086e-06 9.78549e-07 3.73391e-07 1.3792e-07 4.93463e-08 1.71132e-08 5.75617e-09 1.87907e-09 5.95703e-10 1.83514e-10 5.49738e-11 1.60415e-11 4.64402e-12 
3.04822e-12 3.52165e-12 1.11526e-11 4.05586e-11 1.44888e-10 5.01994e-10 1.68433e-09 5.46897e-09 1.71726e-08 5.21104e-08 1.52712e-07 4.31909e-07 1.17811e-06 3.09723e-06 7.84287e-06 1.91173e-05 4.48307e-05 0.000101086 0.000219064 0.000456069 0.000911864 0.00175054 0.00322634 0.00570905 0.00970117 0.0158371 0.0248541 0.0375311 0.0545978 0.0766292 0.103947 0.136554 0.174105 0.21594 0.261137 0.308601 0.357145 0.405573 0.45275 0.497653 0.539416 0.577351 0.610965 0.639963 0.664244 0.683896 0.699168 0.710423 0.718072 0.72249 0.723937 0.722501 0.718076 0.71039 0.699062 0.683684 0.6639 0.639473 0.610329 0.576578 0.538528 0.496682 0.451739 0.404575 0.356216 0.307797 0.260507 0.215521 0.173917 0.136596 0.104197 0.0770442 0.0551209 0.0380999 0.0254111 0.0163378 0.0101189 0.00603454 0.00346437 0.00191447 0.0010185 0.000521739 0.00025744 0.000122406 5.61108e-05 2.48106e-05 1.05883e-05 4.36391e-06 1.73806e-06 6.69376e-07 2.49449e-07 9.00094e-08 3.14685e-08 1.06668e-08 3.50791e-09 1.11995e-09 3.47349e-10 1.04727e-10 3.07511e-11 8.96336e-12 
5.79087e-12 6.79427e-12 2.14559e-11 7.7496e-11 2.74819e-10 9.44905e-10 3.14515e-09 1.0127e-08 3.15211e-08 9.47768e-08 2.75091e-07 7.70237e-07 2.07896e-06 5.40568e-06 1.35318e-05 3.25908e-05 7.5477e-05 0.000167992 0.000359178 0.000737416 0.00145333 0.00274901 0.00499025 0.00869428 0.0145418 0.0233601 0.0360658 0.0535664 0.0766292 0.105745 0.141015 0.182101 0.228234 0.2783 0.330959 0.384778 0.438352 0.490395 0.5398 0.585677 0.62736 0.66441 0.696593 0.723865 0.746346 0.764299 0.778095 0.788173 0.794978 0.798894 0.80018 0.798924 0.795022 0.788206 0.778085 0.764213 0.746156 0.723548 0.696133 0.663799 0.6266 0.58478 0.538793 0.489318 0.437257 0.383727 0.330018 0.277533 0.227693 0.181821 0.141003 0.105977 0.0770541 0.0541137 0.03666 0.0239344 0.0150483 0.00910701 0.00530368 0.00297204 0.00160265 0.000831793 0.000415644 0.000200046 9.27778e-05 4.14855e-05 1.78952e-05 7.45132e-06 2.99685e-06 1.16498e-06 4.38016e-07 1.59394e-07 5.61779e-08 1.91895e-08 6.35713e-09 2.04385e-09 6.38136e-10 1.9363e-10 5.72081e-11 1.67879e-11 
1.0671e-11 1.27033e-11 3.99973e-11 1.43496e-10 5.05223e-10 1.72407e-09 5.69355e-09 1.81818e-08 5.61045e-08 1.67169e-07 4.80611e-07 1.3323e-06 3.55855e-06 9.15178e-06 2.26471e-05 5.38916e-05 0.000123247 0.000270739 0.000571008 0.00115582 0.00224477 0.00418232 0.00747507 0.0128179 0.0210939 0.0333313 0.0506081 0.0739078 0.103947 0.141015 0.184864 0.234688 0.289203 0.346796 0.405719 0.464268 0.520925 0.574442 0.623878 0.668593 0.708222 0.742637 0.771901 0.796226 0.815942 0.831458 0.843238 0.851761 0.857476 0.860752 0.861833 0.860799 0.857558 0.85186 0.843328 0.83151 0.815929 0.796121 0.771678 0.742274 0.7077 0.667902 0.62302 0.573434 0.519803 0.463085 0.404546 0.345715 0.2883 0.234038 0.184516 0.140981 0.104193 0.0743663 0.0511915 0.0339514 0.0216783 0.0133191 0.00787178 0.00447471 0.00244662 0.00128693 0.000651403 0.000317411 0.000148961 6.73644e-05 2.93732e-05 1.23568e-05 5.01858e-06 1.96912e-06 7.4693e-07 2.74102e-07 9.73809e-08 3.35176e-08 1.11844e-08 3.62068e-09 1.1379e-09 3.47446e-10 1.03277e-10 3.05086e-11 
1.90697e-11 2.30135e-11 7.22381e-11 2.57463e-10 9.00124e-10 3.04913e-09 9.99201e-09 3.16512e-08 9.68418e-08 2.85987e-07 8.14543e-07 2.23586e-06 5.91045e-06 1.5036e-05 3.67858e-05 8.64939e-05 0.000195339 0.000423506 0.000881047 0.00175812 0.00336434 0.00617298 0.0108603 0.018324 0.0296611 0.0460885 0.0687997 0.0987712 0.136554 0.182101 0.234688 0.292949 0.355034 0.41885 0.482312 0.543564 0.601117 0.653909 0.701288 0.742965 0.778935 0.809404 0.834726 0.855344 0.87175 0.88446 0.893984 0.900802 0.905339 0.907929 0.908789 0.907988 0.905448 0.90095 0.894153 0.884631 0.871899 0.855445 0.834751 0.80932 0.778709 0.742567 0.700694 0.653107 0.600114 0.542389 0.481026 0.417541 0.353813 0.29193 0.233968 0.181736 0.136546 0.0990691 0.0693139 0.0467142 0.0303015 0.0189066 0.0113432 0.00654271 0.00362805 0.00193438 0.000991933 0.000489387 0.000232409 0.000106296 4.68494e-05 1.99109e-05 8.16534e-06 3.23338e-06 1.23724e-06 4.57805e-07 1.63929e-07 5.68453e-08 1.91035e-08 6.22616e-09 1.96936e-09 6.05014e-10 1.80905e-10 5.37885e-11 
3.30421e-11 4.03878e-11 1.2638e-10 4.47549e-10 1.55403e-09 5.22661e-09 1.69994e-08 5.34252e-08 1.62114e-07 4.74591e-07 1.33939e-06 3.64125e-06 9.52838e-06 2.39823e-05 5.80173e-05 0.000134813 0.000300707 0.000643516 0.00132063 0.00259806 0.00489855 0.00885097 0.0153267 0.0254416 0.0405015 0.0618748 0.0907953 0.128121 0.174105 0.228234 0.289203 0.355034 0.423333 0.491602 0.557554 0.619337 0.675648 0.725742 0.769358 0.806608 0.83786 0.863638 0.88454 0.901183 0.914166 0.924053 0.931355 0.936524 0.939934 0.941874 0.942521 0.941936 0.940056 0.936697 0.931572 0.924302 0.914432 0.901446 0.884774 0.863811 0.837931 0.806533 0.769091 0.725241 0.674885 0.618309 0.556295 0.490189 0.421885 0.353697 0.288117 0.227509 0.173788 0.128192 0.0911771 0.0624561 0.0411652 0.0260894 0.0158922 0.00930226 0.00523182 0.00282763 0.00146894 0.000733762 0.000352594 0.00016308 7.26438e-05 3.11857e-05 1.29115e-05 5.15918e-06 1.99108e-06 7.42733e-07 2.68004e-07 9.36142e-08 3.16783e-08 1.03925e-08 3.30776e-09 1.02226e-09 3.07427e-10 9.19867e-11 
5.54962e-11 6.86462e-11 2.14129e-10 7.53609e-10 2.59952e-09 8.68247e-09 2.80349e-08 8.74363e-08 2.63194e-07 7.64019e-07 2.13711e-06 5.75568e-06 1.49132e-05 3.71466e-05 8.88829e-05 0.000204159 0.000449877 0.000950501 0.0019246 0.00373342 0.00693669 0.0123438 0.0210401 0.0343618 0.0537976 0.0808046 0.116555 0.161661 0.21594 0.2783 0.346796 0.41885 0.491602 0.562295 0.628609 0.688866 0.742093 0.787963 0.826653 0.858681 0.884754 0.905656 0.92216 0.934987 0.944782 0.952102 0.957424 0.961144 0.963576 0.964953 0.965415 0.965011 0.963693 0.961318 0.957653 0.952383 0.945108 0.935348 0.922537 0.906022 0.885072 0.8589 0.826714 0.787801 0.741647 0.688094 0.627508 0.560915 0.490051 0.417287 0.345397 0.277221 0.215283 0.161452 0.116744 0.0812861 0.0544429 0.0350492 0.0216771 0.0128759 0.00734456 0.00402341 0.0021172 0.00107059 0.000520457 0.000243381 0.000109548 4.74935e-05 1.98471e-05 8.00055e-06 3.11345e-06 1.17058e-06 4.25545e-07 1.49696e-07 5.0996e-08 1.68365e-08 5.39123e-09 1.67575e-09 5.0676e-10 1.5256e-10 
9.03238e-11 1.12969e-10 3.51283e-10 1.22897e-09 4.21239e-09 1.39761e-08 4.48129e-08 1.3874e-07 4.14406e-07 1.1932e-06 3.30907e-06 8.83166e-06 2.26656e-05 5.58898e-05 0.000132315 0.000300525 0.000654432 0.00136555 0.00272899 0.00522147 0.00956288 0.0167638 0.0281325 0.0452124 0.0696274 0.102837 0.145834 0.198847 0.261137 0.330959 0.405719 0.482312 0.557554 0.628609 0.693309 0.750308 0.799073 0.839743 0.872932 0.899518 0.92048 0.936778 0.949284 0.958752 0.965814 0.970986 0.974681 0.977229 0.978878 0.979806 0.98012 0.979857 0.97898 0.977385 0.974895 0.971259 0.966149 0.959147 0.94973 0.937258 0.920966 0.899964 0.873275 0.839905 0.798966 0.749857 0.692468 0.627389 0.556035 0.480643 0.404093 0.329572 0.260144 0.198327 0.145779 0.103164 0.0702065 0.0459056 0.0288222 0.0173701 0.0100467 0.00557713 0.00297205 0.00152095 0.000747818 0.000353467 0.000160716 7.03459e-05 2.96631e-05 1.20597e-05 4.73092e-06 1.79227e-06 6.56243e-07 2.32424e-07 7.96895e-08 2.64708e-08 8.52547e-09 2.66461e-09 8.10102e-10 2.4532e-10 
