4.8901e-06 5.06328e-06 5.78497e-06 7.11329e-06 9.1481e-06 1.20364e-05 1.59771e-05 2.12272e-05 2.81083e-05 3.70149e-05 4.84214e-05 6.28905e-05 8.10795e-05 0.000103746 0.000131752 0.000166062 0.000207744 0.000257959 0.000317951 0.000389028 0.000472538 0.000569842 0.000682275 0.000811109 0.000957504 0.00112246 0.00130676 0.00151093 0.00173518 0.00197936 0.00224291 0.00252483 0.00282367 0.00313752 0.00346397 0.00380019 0.0041429 0.00448847 0.00483294 0.00517211 0.0055016 0.00581698 0.00611383 0.00638785 0.00663498 0.00685144 0.0070339 0.00717947 0.00728585 0.00735134 0.00737488 0.00735611 0.00729535 0.00719358 0.00705246 0.00687425 0.00666177 0.00641834 0.00614768 0.00585382 0.00554103 0.00521372 0.00487629 0.00453313 0.00418841 0.00384611 0.00350989 0.00318302 0.00286838 0.00256838 0.00228499 0.00201969 0.00177353 0.0015471 0.00134061 0.00115388 0.000986445 0.000837555 0.00070625 0.000591403 0.000491774 0.000406052 0.000332897 0.000270974 0.000218984 0.000175691 0.000139932 0.000110637 8.68359e-05 6.76573e-05 5.23334e-05 4.0195e-05 3.0667e-05 2.32617e-05 1.75715e-05 1.32618e-05 1.0063e-05 7.76406e-06 6.20629e-06 5.28016e-06 
5.06328e-06 5.24373e-06 5.99354e-06 7.37318e-06 9.48657e-06 1.24866e-05 1.65802e-05 2.20346e-05 2.91844e-05 3.84397e-05 5.0294e-05 6.53322e-05 8.42375e-05 0.000107798 0.000136907 0.00017257 0.000215893 0.000268084 0.000330431 0.000404292 0.000491065 0.000592159 0.000708957 0.000842773 0.000994805 0.00116608 0.00135742 0.00156935 0.00180207 0.00205543 0.00232883 0.00262124 0.00293114 0.00325653 0.00359493 0.00394338 0.00429851 0.00465652 0.00501334 0.0053646 0.00570578 0.0060323 0.00633959 0.00662322 0.00687896 0.00710295 0.00729173 0.00744232 0.00755235 0.00762006 0.00764437 0.00762489 0.00756196 0.0074566 0.00731052 0.00712605 0.00690611 0.00665411 0.00637389 0.00606965 0.00574577 0.00540681 0.00505734 0.00470186 0.00434474 0.00399007 0.00364163 0.00330283 0.00297665 0.0026656 0.00237172 0.00209656 0.0018412 0.00160628 0.001392 0.00119821 0.00102441 0.000869838 0.000733507 0.00061425 0.000510784 0.000421752 0.000345767 0.000281444 0.000227437 0.000182463 0.000145315 0.000114883 9.01582e-05 7.02364e-05 5.43199e-05 4.17133e-05 3.18189e-05 2.41297e-05 1.82224e-05 1.37489e-05 1.04291e-05 8.04365e-06 6.42763e-06 5.46721e-06 
5.78497e-06 5.99354e-06 6.85108e-06 8.42633e-06 1.08373e-05 1.42573e-05 1.89208e-05 2.51302e-05 3.32639e-05 4.37849e-05 5.72498e-05 7.43174e-05 9.57561e-05 0.00012245 0.000155404 0.000195739 0.000244695 0.000303616 0.000373938 0.000457167 0.000554853 0.000668551 0.000799786 0.000949997 0.00112049 0.00131239 0.00152655 0.00176354 0.00202355 0.00230634 0.00261124 0.00293705 0.00328205 0.003644 0.00402011 0.0044071 0.0048012 0.00519824 0.00559367 0.00598269 0.00636033 0.00672154 0.00706129 0.00737472 0.00765721 0.00790452 0.00811286 0.00827898 0.00840029 0.00847486 0.00850152 0.00847986 0.00841022 0.00829375 0.00813229 0.00792842 0.00768532 0.00740673 0.00709687 0.00676032 0.0064019 0.00602663 0.00563953 0.00524557 0.00484954 0.00445599 0.0040691 0.00369266 0.00332997 0.00298385 0.00265657 0.0023499 0.00206507 0.00180281 0.00156339 0.00134668 0.00115216 0.00097901 0.000826156 0.000692328 0.000576119 0.000476035 0.000390543 0.00031811 0.000257243 0.000206513 0.000164577 0.000130195 0.000102239 7.96963e-05 6.16727e-05 4.73871e-05 3.61672e-05 2.74425e-05 2.07356e-05 1.56539e-05 1.18813e-05 9.16969e-06 7.33274e-06 6.24173e-06 
7.11329e-06 7.37318e-06 8.42633e-06 1.03562e-05 1.33058e-05 1.74848e-05 2.31765e-05 3.07455e-05 4.06474e-05 5.34385e-05 6.97862e-05 9.0479e-05 0.000116434 0.000148706 0.000188485 0.000237104 0.000296025 0.000366833 0.000451214 0.000550931 0.000667791 0.0008036 0.000960118 0.001139 0.00134173 0.00156957 0.00182348 0.00210403 0.0024114 0.00274525 0.00310469 0.00348827 0.00389392 0.00431896 0.0047601 0.00521346 0.00567464 0.00613875 0.00660052 0.00705437 0.00749455 0.00791521 0.00831057 0.00867504 0.00900332 0.00929052 0.0095323 0.00972498 0.00986556 0.00995186 0.00998253 0.0099571 0.00987599 0.00974049 0.00955275 0.00931567 0.00903294 0.00870883 0.00834818 0.00795626 0.00753864 0.00710108 0.00664937 0.00618929 0.00572638 0.00526593 0.00481281 0.00437147 0.00394578 0.00353907 0.00315405 0.00279282 0.00245689 0.00214719 0.00186409 0.0016075 0.00137687 0.0011713 0.000989566 0.000830237 0.000691691 0.000572202 0.000469991 0.000383273 0.0003103 0.000249397 0.000198982 0.000157593 0.000123894 9.66859e-05 7.49035e-05 5.76168e-05 4.40234e-05 3.34405e-05 2.52963e-05 1.91195e-05 1.45299e-05 1.12292e-05 8.9927e-06 7.66544e-06 
9.1481e-06 9.48657e-06 1.08373e-05 1.33058e-05 1.70725e-05 2.24017e-05 2.96494e-05 3.92733e-05 5.18438e-05 6.80562e-05 8.87425e-05 0.000114883 0.000147616 0.000188243 0.000238235 0.000299228 0.000373015 0.000461529 0.000566823 0.000691031 0.000836331 0.00100489 0.00119881 0.00142003 0.00167032 0.00195112 0.00226349 0.00260808 0.00298496 0.00339364 0.00383294 0.00430101 0.00479527 0.00531238 0.00584831 0.00639835 0.00695713 0.00751875 0.00807688 0.00862483 0.00915569 0.00966253 0.0101384 0.0105768 0.0109713 0.0113162 0.0116063 0.0118374 0.0120058 0.012109 0.0121455 0.0121146 0.0120169 0.0118539 0.0116281 0.011343 0.0110029 0.0106129 0.0101787 0.00970655 0.00920309 0.00867516 0.00812969 0.00757354 0.0070134 0.0064556 0.00590605 0.00537009 0.00485248 0.00435727 0.00388781 0.00344673 0.00303594 0.00265663 0.00230937 0.00199413 0.00171033 0.00145695 0.0012326 0.00103558 0.000863972 0.000715726 0.000588705 0.000480759 0.000389774 0.000313712 0.000250647 0.000198788 0.000156497 0.000122297 9.48743e-05 7.30784e-05 5.59137e-05 4.25314e-05 3.22189e-05 2.43879e-05 1.85631e-05 1.43707e-05 1.15293e-05 9.84428e-06 
1.20364e-05 1.24866e-05 1.42573e-05 1.74848e-05 2.24017e-05 2.93479e-05 3.87805e-05 5.12859e-05 6.75936e-05 8.85903e-05 0.000115335 0.000149071 0.00019124 0.000243483 0.000307652 0.000385797 0.000480157 0.00059314 0.000727288 0.000885238 0.00106966 0.00128321 0.00152842 0.00180765 0.00212297 0.00247608 0.0028682 0.00329998 0.0037714 0.0042817 0.00482932 0.00541185 0.00602597 0.00666749 0.00733137 0.00801172 0.00870194 0.00939476 0.0100824 0.0107567 0.0114092 0.0120316 0.0126154 0.0131527 0.0136358 0.0140578 0.0144126 0.0146949 0.0149005 0.0150263 0.0150704 0.0150322 0.0149122 0.0147124 0.0144358 0.0140864 0.0136696 0.0131914 0.0126587 0.012079 0.0114605 0.0108113 0.0101399 0.00945462 0.00876366 0.00807477 0.0073952 0.00673158 0.00608977 0.00547486 0.00489106 0.00434171 0.00382927 0.00335535 0.00292077 0.00252559 0.00216923 0.00185052 0.00156784 0.00131916 0.00110218 0.000914413 0.000753248 0.000616046 0.0005002 0.000403186 0.000322611 0.00025624 0.000202023 0.000158105 0.000122832 9.47513e-05 7.26021e-05 5.53075e-05 4.1961e-05 3.18128e-05 2.42558e-05 1.8812e-05 1.51212e-05 1.2934e-05 
1.59771e-05 1.65802e-05 1.89208e-05 2.31765e-05 2.96494e-05 3.87805e-05 5.11614e-05 6.755e-05 8.88865e-05 0.000116312 0.000151184 0.000195095 0.000249883 0.000317638 0.000400705 0.000501677 0.000623375 0.000768817 0.000941182 0.00114375 0.00137982 0.00165265 0.00196536 0.00232078 0.0027214 0.0031692 0.00366556 0.00421115 0.00480576 0.00544831 0.00613667 0.00686768 0.0076371 0.00843958 0.00926877 0.0101173 0.0109769 0.0118386 0.0126927 0.0135293 0.014338 0.0151084 0.0158305 0.0164943 0.0170908 0.0176114 0.0180488 0.0183965 0.0186495 0.0188041 0.0188579 0.0188103 0.018662 0.0184151 0.0180734 0.0176419 0.0171269 0.0165358 0.0158769 0.0151596 0.0143934 0.0135885 0.0127553 0.011904 0.0110447 0.0101868 0.00933951 0.00851095 0.00770849 0.00693854 0.00620644 0.00551646 0.00487181 0.00427466 0.00372615 0.00322654 0.00277523 0.00237091 0.00201167 0.00169508 0.00141837 0.00117849 0.000972231 0.000796332 0.00064755 0.000522738 0.000418894 0.000333209 0.000263095 0.000206204 0.000160436 0.00012394 9.51084e-05 7.25612e-05 5.5136e-05 4.18688e-05 3.19777e-05 2.48465e-05 2.00097e-05 1.71452e-05 
2.12272e-05 2.20346e-05 2.51302e-05 3.07455e-05 3.92733e-05 5.12859e-05 6.755e-05 8.90454e-05 0.000116985 0.000152839 0.000198349 0.000255556 0.000326806 0.00041476 0.000522396 0.000652993 0.000810105 0.000997523 0.00121922 0.00147927 0.00178178 0.00213074 0.00252994 0.00298284 0.00349239 0.00406091 0.00468994 0.0053801 0.00613096 0.00694093 0.00780718 0.00872558 0.00969065 0.0106956 0.0117324 0.0127919 0.0138636 0.0149366 0.0159987 0.0170378 0.0180411 0.0189959 0.0198899 0.0207111 0.0214482 0.0220912 0.0226309 0.0230597 0.0233715 0.0235617 0.0236276 0.0235683 0.0233846 0.0230794 0.0226569 0.0221234 0.0214864 0.020755 0.0199393 0.0190505 0.0181005 0.0171016 0.0160665 0.0150077 0.0139377 0.0128683 0.0118105 0.0107748 0.00977031 0.00880507 0.00788588 0.00701822 0.00620626 0.00545289 0.00475974 0.00412731 0.00355505 0.00304149 0.00258439 0.00218086 0.00182754 0.0015207 0.00125641 0.00103062 0.000839313 0.000678544 0.000544552 0.000433802 0.000343024 0.000269243 0.000209789 0.000162304 0.00012473 9.53026e-05 7.2527e-05 5.51632e-05 4.22032e-05 3.28512e-05 2.65055e-05 2.27496e-05 
2.81083e-05 2.91844e-05 3.32639e-05 4.06474e-05 5.18438e-05 6.75936e-05 8.88865e-05 0.000116985 0.000153451 0.000200166 0.000259365 0.000333648 0.000426003 0.000539808 0.000678828 0.000847196 0.00104938 0.00129012 0.00157436 0.00190716 0.00229356 0.00273848 0.00324651 0.00382181 0.00446787 0.00518739 0.00598205 0.00685237 0.00779757 0.0088154 0.0099021 0.0110523 0.012259 0.0135136 0.0148059 0.0161245 0.0174566 0.0187883 0.020105 0.0213914 0.0226322 0.0238117 0.024915 0.0259276 0.0268358 0.0276273 0.0282913 0.0288184 0.0292013 0.0294346 0.029515 0.0294414 0.0292149 0.0288387 0.0283182 0.0276608 0.0268756 0.0259736 0.024967 0.0238693 0.0226951 0.0214594 0.0201775 0.0188649 0.0175367 0.0162076 0.0148914 0.0136007 0.0123472 0.0111408 0.00999028 0.00890251 0.00788294 0.00693537 0.00606209 0.00526395 0.00454051 0.00389015 0.00331028 0.00279748 0.00234769 0.0019564 0.00161876 0.00132982 0.00108457 0.000878109 0.000705745 0.000563034 0.000445862 0.00035047 0.000273476 0.000211882 0.000163068 0.00012478 9.51037e-05 7.24497e-05 5.55218e-05 4.32959e-05 3.49967e-05 3.00869e-05 
3.70149e-05 3.84397e-05 4.37849e-05 5.34385e-05 6.80562e-05 8.85903e-05 0.000116312 0.000152839 0.000200166 0.000260698 0.000337276 0.0004332 0.000552253 0.000698696 0.000877263 0.00109314 0.00135189 0.00165942 0.00202185 0.00244541 0.00293628 0.00350043 0.00414342 0.00487018 0.00568484 0.00659045 0.00758882 0.00868028 0.00986354 0.0111355 0.0124912 0.0139237 0.015424 0.0169815 0.0185833 0.0202153 0.0218615 0.0235051 0.025128 0.0267117 0.0282374 0.0296862 0.0310401 0.0322814 0.0333939 0.0343628 0.0351749 0.0358192 0.0362869 0.0365714 0.036669 0.0365783 0.0363006 0.0358397 0.0352022 0.0343968 0.0334346 0.0323285 0.0310935 0.0297458 0.0283028 0.0267828 0.0252043 0.0235862 0.021947 0.0203045 0.0186757 0.0170763 0.0155206 0.0140212 0.012589 0.0112327 0.00995945 0.00877411 0.00767985 0.00667804 0.00576841 0.00494926 0.0042176 0.00356944 0.00299992 0.00250358 0.00207456 0.00170677 0.00139404 0.00113033 0.000909788 0.000726876 0.000576443 0.000453768 0.000354592 0.000275125 0.000212049 0.000162499 0.000124039 9.46419e-05 7.26503e-05 5.67532e-05 4.59572e-05 3.95734e-05 
4.84214e-05 5.0294e-05 5.72498e-05 6.97862e-05 8.87425e-05 0.000115335 0.000151184 0.000198349 0.000259365 0.000337276 0.000435672 0.000558717 0.00071116 0.000898342 0.00112618 0.00140111 0.00173004 0.00212027 0.0025793 0.00311476 0.00373415 0.00444468 0.00525298 0.00616489 0.00718518 0.00831729 0.00956305 0.0109225 0.0123936 0.0139723 0.0156518 0.0174236 0.0192762 0.0211961 0.0231677 0.0251733 0.0271936 0.0292077 0.0311939 0.0331296 0.0349923 0.0367593 0.0384087 0.0399196 0.0412726 0.0424499 0.0434361 0.044218 0.0447851 0.0451298 0.0452474 0.0451365 0.0447985 0.0442381 0.043463 0.0424835 0.0413129 0.0399666 0.0384622 0.0368194 0.0350588 0.0332023 0.0312725 0.0292919 0.0272829 0.0252673 0.0232658 0.0212976 0.0193803 0.0175296 0.0157589 0.0140795 0.0125001 0.0110274 0.0096655 0.0084165 0.00728043 0.00625556 0.00533853 0.0045247 0.00380835 0.00318294 0.0026414 0.00217632 0.00178018 0.00144554 0.0011652 0.000932297 0.000740425 0.000583697 0.000456781 0.000354925 0.000273951 0.000210244 0.000160727 0.000122828 9.44441e-05 7.39083e-05 5.99557e-05 5.1709e-05 
6.28905e-05 6.53322e-05 7.43174e-05 9.0479e-05 0.000114883 0.000149071 0.000195095 0.000255556 0.000333648 0.0004332 0.000558717 0.000715404 0.000909186 0.0011467 0.00143528 0.00178287 0.00219798 0.00268951 0.00326664 0.00393859 0.00471441 0.00560269 0.00661129 0.00774703 0.00901535 0.01042 0.0119629 0.0136434 0.0154586 0.017403 0.0194681 0.0216426 0.0239126 0.0262612 0.0286691 0.0311148 0.0335747 0.0360236 0.0384352 0.0407827 0.0430387 0.0451765 0.04717 0.0489943 0.0506266 0.0520459 0.0532338 0.054175 0.0548572 0.0552713 0.0554121 0.0552776 0.0548697 0.0541939 0.0532591 0.0520777 0.050665 0.0490394 0.0472218 0.0452351 0.0431041 0.0408548 0.038514 0.0361087 0.0336659 0.0312117 0.0287712 0.0263678 0.024023 0.021756 0.0195835 0.0175195 0.0155753 0.0137592 0.0120768 0.0105311 0.00912273 0.00784989 0.00670896 0.0056946 0.00480011 0.00401779 0.00333916 0.0027553 0.00225711 0.00183553 0.00148173 0.0011873 0.000944319 0.000745512 0.000584257 0.000454632 0.00035142 0.000270096 0.000206795 0.000158282 0.000121908 9.55682e-05 7.76639e-05 6.70856e-05 
8.10795e-05 8.42375e-05 9.57561e-05 0.000116434 0.000147616 0.00019124 0.000249883 0.000326806 0.000426003 0.000552253 0.00071116 0.000909186 0.00115366 0.00145277 0.00181552 0.00225166 0.00277153 0.00338597 0.00410605 0.00494284 0.00590712 0.00700908 0.00825792 0.00966147 0.0112259 0.0129552 0.0148509 0.016912 0.0191342 0.02151 0.0240288 0.0266764 0.0294354 0.0322851 0.035202 0.0381599 0.0411305 0.0440835 0.0469875 0.0498105 0.0525202 0.0550849 0.057474 0.0596583 0.0616108 0.0633072 0.0647261 0.0658495 0.0666631 0.0671566 0.0673236 0.0671621 0.0666741 0.0658662 0.0647486 0.0633357 0.0616455 0.0596994 0.0575218 0.0551396 0.052582 0.0498794 0.0470637 0.0441669 0.041221 0.0382572 0.0353056 0.0323945 0.0295499 0.0267952 0.024151 0.0216346 0.01926 0.0170379 0.0149759 0.0130779 0.0113454 0.00977683 0.00836819 0.00711353 0.00600512 0.00503392 0.00418992 0.00346247 0.00284065 0.00231351 0.00187035 0.0015009 0.00119549 0.000945183 0.000741815 0.000578073 0.000447489 0.000344441 0.000264116 0.000202476 0.000156206 0.00012267 9.98639e-05 8.63943e-05 
0.000103746 0.000107798 0.00012245 0.000148706 0.000188243 0.000243483 0.000317638 0.00041476 0.000539808 0.000698696 0.000898342 0.0011467 0.00145277 0.00182657 0.00227906 0.00282208 0.00346815 0.00423029 0.00512175 0.00615572 0.00734492 0.00870127 0.0102354 0.0119563 0.0138706 0.0159826 0.0182934 0.0208009 0.0234993 0.0263789 0.029426 0.0326232 0.0359489 0.0393781 0.0428822 0.0464298 0.0499869 0.0535176 0.0569849 0.0603508 0.0635775 0.066628 0.0694664 0.0720589 0.0743743 0.0763843 0.0780642 0.0793934 0.0803554 0.0809383 0.0811348 0.0809426 0.0803641 0.0794067 0.0780824 0.0764075 0.0744031 0.0720936 0.0695074 0.0666758 0.0636325 0.0604132 0.0570551 0.0535959 0.0500732 0.046524 0.0429841 0.0394873 0.0360648 0.0327449 0.0295527 0.0265095 0.0236326 0.0209357 0.0184284 0.0161164 0.014002 0.012084 0.0103585 0.00881863 0.00745576 0.0062594 0.00521779 0.00431839 0.00354818 0.00289407 0.00234319 0.00188313 0.00150216 0.00118938 0.000934836 0.00072955 0.000565577 0.000435982 0.000334819 0.000257084 0.000198666 0.000156288 0.000127454 0.00011043 
0.000131752 0.000136907 0.000155404 0.000188485 0.000238235 0.000307652 0.000400705 0.000522396 0.000678828 0.000877263 0.00112618 0.00143528 0.00181552 0.00227906 0.00283915 0.00351003 0.00430671 0.00524473 0.00633979 0.00760743 0.00906253 0.0107189 0.0125886 0.0146818 0.0170057 0.0195645 0.0223587 0.0253847 0.0286348 0.0320964 0.0357525 0.0395815 0.0435572 0.0476492 0.0518234 0.0560423 0.0602656 0.0644511 0.0685553 0.072534 0.0763431 0.0799398 0.0832826 0.0863327 0.0890541 0.0914147 0.0933861 0.0949449 0.0960723 0.0967547 0.096984 0.0967574 0.0960779 0.0949536 0.0933983 0.0914307 0.0890746 0.0863582 0.0833138 0.0799773 0.0763877 0.0725862 0.0686158 0.0645203 0.0603437 0.0561295 0.0519198 0.0477544 0.0436708 0.0397029 0.0358807 0.0322303 0.0287732 0.0255263 0.022502 0.0197081 0.017148 0.0148214 0.0127242 0.0108492 0.0091865 0.00772419 0.00644865 0.0053452 0.00439851 0.00359306 0.00291349 0.00234495 0.00187333 0.00148545 0.00116926 0.000913834 0.000709484 0.00054773 0.000421279 0.000323985 0.000250783 0.000197632 0.000161451 0.000140096 
0.000166062 0.00017257 0.000195739 0.000237104 0.000299228 0.000385797 0.000501677 0.000652993 0.000847196 0.00109314 0.00140111 0.00178287 0.00225166 0.00282208 0.00351003 0.00433251 0.00530735 0.0064529 0.00778763 0.00932966 0.0110962 0.0131031 0.015364 0.0178899 0.0206886 0.023764 0.0271156 0.030738 0.0346208 0.0387482 0.0430991 0.047647 0.0523603 0.0572026 0.0621332 0.0671081 0.0720798 0.0769992 0.0818156 0.0864779 0.0909355 0.0951391 0.0990415 0.102598 0.105769 0.108517 0.11081 0.112621 0.113931 0.114723 0.114988 0.114723 0.113932 0.112624 0.110814 0.108523 0.105778 0.102612 0.0990594 0.0951627 0.0909657 0.0865157 0.0818618 0.0770546 0.0721451 0.0671837 0.0622194 0.0572993 0.0524674 0.0477639 0.043225 0.038882 0.0347613 0.0308837 0.027265 0.0239155 0.0208404 0.0180403 0.0155114 0.013246 0.0112333 0.00945969 0.00790971 0.00656631 0.00541161 0.00442736 0.00359543 0.00289816 0.00231873 0.00184136 0.00145155 0.00113613 0.000883372 0.000682993 0.00052612 0.000405256 0.000314216 0.000248053 0.000202991 0.000176402 
0.000207744 0.000215893 0.000244695 0.000296025 0.000373015 0.000480157 0.000623375 0.000810105 0.00104938 0.00135189 0.00173004 0.00219798 0.00277153 0.00346815 0.00430671 0.00530735 0.00649105 0.00787932 0.00949366 0.011355 0.0134831 0.0158957 0.0186082 0.0216325 0.0249765 0.0286435 0.0326316 0.0369332 0.0415346 0.0464162 0.0515518 0.0569093 0.0624509 0.0681334 0.0739091 0.079726 0.0855293 0.091262 0.0968657 0.102282 0.107453 0.112324 0.116839 0.120951 0.124612 0.127782 0.130425 0.132512 0.13402 0.134931 0.135235 0.134929 0.134016 0.132508 0.13042 0.127777 0.124608 0.120949 0.116841 0.112329 0.107465 0.102301 0.096893 0.0912988 0.0855767 0.0797848 0.0739799 0.0682167 0.0625465 0.0570169 0.0516708 0.0465457 0.0416734 0.0370797 0.0327842 0.0288004 0.0251357 0.0217921 0.0187662 0.0160504 0.0136327 0.0114982 0.0096291 0.00800604 0.00660832 0.00541469 0.00440392 0.00355522 0.00284868 0.00226558 0.00178861 0.00140201 0.00109172 0.000845348 0.000652184 0.00050316 0.000390778 0.00030903 0.000253325 0.000220464 
0.000257959 0.000268084 0.000303616 0.000366833 0.000461529 0.00059314 0.000768817 0.000997523 0.00129012 0.00165942 0.00212027 0.00268951 0.00338597 0.00423029 0.00524473 0.0064529 0.00787932 0.00954895 0.0114866 0.0137162 0.0162601 0.0191382 0.0223673 0.0259602 0.0299245 0.0342627 0.0389709 0.0440385 0.0494482 0.0551753 0.0611881 0.0674482 0.0739105 0.0805242 0.0872335 0.0939784 0.100695 0.107319 0.113784 0.120022 0.12597 0.131563 0.136743 0.141454 0.145644 0.14927 0.15229 0.154673 0.156393 0.157432 0.157778 0.157427 0.156384 0.15466 0.152273 0.149251 0.145624 0.141434 0.136725 0.131548 0.125959 0.120018 0.113787 0.107332 0.10072 0.0940149 0.0872835 0.0805883 0.073989 0.0675412 0.0612952 0.0552957 0.0495808 0.0441818 0.039123 0.0344218 0.0300884 0.0261267 0.0225343 0.0193034 0.0164215 0.013872 0.0116352 0.00968907 0.00800991 0.00657323 0.00535436 0.00432905 0.00347395 0.002767 0.0021877 0.00171739 0.00133929 0.0010386 0.000802509 0.000620123 0.00048242 0.000382161 0.000313807 0.000273494 
0.000317951 0.000330431 0.000373938 0.000451214 0.000566823 0.000727288 0.000941182 0.00121922 0.00157436 0.00202185 0.0025793 0.00326664 0.00410605 0.00512175 0.00633979 0.00778763 0.00949366 0.0114866 0.0137947 0.0164452 0.0194631 0.0228705 0.0266853 0.0309208 0.0355844 0.0406768 0.0461918 0.0521152 0.0584249 0.0650908 0.0720746 0.0793304 0.0868055 0.0944403 0.10217 0.109927 0.117637 0.125226 0.132621 0.139745 0.146527 0.152896 0.158787 0.164137 0.168892 0.173001 0.176422 0.179119 0.181064 0.182238 0.182628 0.18223 0.181048 0.179096 0.176392 0.172966 0.168853 0.164096 0.158745 0.152855 0.146489 0.139712 0.132595 0.12521 0.117632 0.109935 0.102194 0.0944794 0.0868611 0.0794031 0.0721641 0.0651967 0.0585462 0.0522504 0.0463392 0.0408343 0.0357497 0.0310915 0.0268588 0.0230443 0.0196349 0.0166128 0.013956 0.0116399 0.00963762 0.00792122 0.00646231 0.00523279 0.00420552 0.00335471 0.00265632 0.00208836 0.00163101 0.00126673 0.00098028 0.000758697 0.000591204 0.000469144 0.000385882 0.000336788 
0.000389028 0.000404292 0.000457167 0.000550931 0.000691031 0.000885238 0.00114375 0.00147927 0.00190716 0.00244541 0.00311476 0.00393859 0.00494284 0.00615572 0.00760743 0.00932966 0.011355 0.0137162 0.0164452 0.0195726 0.0231261 0.0271296 0.0316024 0.0365577 0.0420021 0.0479343 0.0543447 0.0612149 0.0685173 0.0762151 0.0842628 0.0926062 0.101184 0.109926 0.11876 0.127607 0.136384 0.145008 0.153395 0.161463 0.169131 0.176322 0.182963 0.188988 0.194336 0.198953 0.202794 0.20582 0.208001 0.209316 0.209752 0.209304 0.207978 0.205786 0.20275 0.198901 0.194276 0.188923 0.182895 0.176252 0.169063 0.161398 0.153337 0.144958 0.136345 0.127582 0.118751 0.109934 0.10121 0.0926523 0.0843286 0.0763005 0.0686216 0.0613368 0.0544825 0.0480858 0.0421649 0.0367292 0.0317796 0.0273098 0.0233064 0.0197505 0.0166182 0.0138821 0.0115121 0.00947657 0.00774309 0.00627947 0.00505435 0.00403786 0.00320202 0.00252111 0.00197191 0.00153379 0.00118877 0.000921522 0.000719273 0.000571749 0.000471063 0.000411705 
0.000472538 0.000491065 0.000554853 0.000667791 0.000836331 0.00106966 0.00137982 0.00178178 0.00229356 0.00293628 0.00373415 0.00471441 0.00590712 0.00734492 0.00906253 0.0110962 0.0134831 0.0162601 0.0194631 0.0231261 0.0272793 0.0319485 0.0371538 0.0429081 0.0492164 0.0560748 0.0634696 0.0713773 0.0797638 0.0885849 0.0977866 0.107306 0.117071 0.127003 0.137018 0.147026 0.156937 0.166657 0.176092 0.185152 0.193749 0.201799 0.209223 0.215949 0.221913 0.227057 0.231332 0.234697 0.237122 0.238582 0.239065 0.238567 0.237091 0.234652 0.231273 0.226986 0.221832 0.215859 0.209126 0.201698 0.193647 0.185052 0.175996 0.166568 0.156859 0.146962 0.13697 0.126974 0.117062 0.107319 0.0978225 0.0886437 0.0798451 0.0714801 0.0635924 0.0562153 0.0493722 0.0430763 0.0373313 0.0321322 0.0274658 0.0233124 0.0196464 0.0164377 0.0136528 0.0112562 0.00921138 0.00748163 0.00603108 0.00482538 0.00383222 0.00302177 0.00236701 0.00184387 0.00143128 0.00111127 0.000868805 0.000691784 0.0005709 0.000499648 
0.000569842 0.000592159 0.000668551 0.0008036 0.00100489 0.00128321 0.00165265 0.00213074 0.00273848 0.00350043 0.00444468 0.00560269 0.00700908 0.00870127 0.0107189 0.0131031 0.0158957 0.0191382 0.0228705 0.0271296 0.0319485 0.0373545 0.0433679 0.0500009 0.0572564 0.0651269 0.0735939 0.0826276 0.0921866 0.102218 0.112659 0.123436 0.134467 0.145662 0.156927 0.168161 0.179262 0.190128 0.200656 0.210747 0.220307 0.229243 0.237473 0.244919 0.251513 0.257195 0.261912 0.265623 0.268295 0.269903 0.270435 0.269884 0.268257 0.265567 0.261838 0.257105 0.251409 0.244803 0.237346 0.229109 0.220168 0.210608 0.200519 0.189997 0.179141 0.168053 0.156835 0.145591 0.134417 0.12341 0.112659 0.102244 0.0922388 0.0827054 0.0736959 0.0652511 0.0574004 0.0501615 0.0435418 0.0375382 0.0321385 0.0273222 0.0230623 0.0193262 0.0160772 0.0132757 0.0108807 0.00885098 0.00714573 0.00572575 0.00455402 0.00359624 0.00282117 0.00220092 0.00171104 0.00133057 0.00104196 0.000831053 0.00068695 0.000602025 
0.000682275 0.000708957 0.000799786 0.000960118 0.00119881 0.00152842 0.00196536 0.00252994 0.00324651 0.00414342 0.00525298 0.00661129 0.00825792 0.0102354 0.0125886 0.015364 0.0186082 0.0223673 0.0266853 0.0316024 0.0371538 0.0433679 0.050265 0.0578559 0.0661404 0.0751066 0.0847304 0.0949746 0.10579 0.117113 0.128871 0.14098 0.153346 0.165869 0.178441 0.190951 0.203289 0.215339 0.226993 0.238143 0.248685 0.258525 0.267573 0.275748 0.282978 0.289201 0.294363 0.29842 0.301339 0.303095 0.303675 0.303072 0.301293 0.298352 0.294273 0.289091 0.28285 0.275604 0.267415 0.258357 0.24851 0.237963 0.226813 0.215164 0.203121 0.190796 0.178301 0.165749 0.15325 0.14091 0.128829 0.1171 0.105806 0.0950211 0.0848057 0.0752089 0.0662671 0.058004 0.0504311 0.043548 0.0373439 0.0317985 0.0268836 0.0225641 0.0188002 0.0155483 0.012763 0.0103979 0.0084073 0.00674667 0.00537396 0.00424997 0.00333891 0.0026087 0.00203113 0.00158194 0.00124082 0.000991305 0.000820731 0.000720218 
0.000811109 0.000842773 0.000949997 0.001139 0.00142003 0.00180765 0.00232078 0.00298284 0.00382181 0.00487018 0.00616489 0.00774703 0.00966147 0.0119563 0.0146818 0.0178899 0.0216325 0.0259602 0.0309208 0.0365577 0.0429081 0.0500009 0.0578559 0.0664814 0.0758737 0.0860154 0.0968755 0.108409 0.120556 0.133244 0.146389 0.159894 0.173654 0.187555 0.20148 0.215306 0.228911 0.242172 0.25497 0.267191 0.278725 0.289472 0.299338 0.308239 0.316102 0.322861 0.328463 0.332862 0.336025 0.337927 0.338553 0.3379 0.335971 0.332783 0.328359 0.322733 0.315952 0.30807 0.299151 0.28927 0.278512 0.26697 0.254746 0.241949 0.228694 0.2151 0.201289 0.187383 0.173506 0.159773 0.146299 0.133186 0.120531 0.108418 0.0969181 0.0860898 0.0759777 0.066612 0.0580093 0.0501732 0.0430947 0.0367543 0.0311229 0.0261636 0.0218334 0.0180849 0.014868 0.0121312 0.00982345 0.0078948 0.00629772 0.0049878 0.0039243 0.00307058 0.00239433 0.00186771 0.00146731 0.00117418 0.000973677 0.000855539 
0.000957504 0.000994805 0.00112049 0.00134173 0.00167032 0.00212297 0.0027214 0.00349239 0.00446787 0.00568484 0.00718518 0.00901535 0.0112259 0.0138706 0.0170057 0.0206886 0.0249765 0.0299245 0.0355844 0.0420021 0.0492164 0.0572564 0.0661404 0.0758737 0.0864476 0.0978388 0.110008 0.122901 0.136448 0.150564 0.165153 0.180106 0.195304 0.210623 0.225932 0.241097 0.255987 0.270468 0.284415 0.297706 0.310226 0.321871 0.332543 0.342158 0.350639 0.357921 0.363949 0.36868 0.372079 0.374122 0.374794 0.374092 0.372019 0.368591 0.363832 0.357776 0.350468 0.341964 0.332328 0.321636 0.309977 0.297445 0.284147 0.270198 0.25572 0.240839 0.225687 0.210397 0.195101 0.179931 0.16501 0.150456 0.136376 0.122867 0.110012 0.0978797 0.0865234 0.0759814 0.0662764 0.0574164 0.0493956 0.0421958 0.0357875 0.0301323 0.0251845 0.0208929 0.0172027 0.0140573 0.0114001 0.0091754 0.00732995 0.00581374 0.00458076 0.00358945 0.00280309 0.0021899 0.00172316 0.00138115 0.00114708 0.00100918 
0.00112246 0.00116608 0.00131239 0.00156957 0.00195112 0.00247608 0.0031692 0.00406091 0.00518739 0.00659045 0.00831729 0.01042 0.0129552 0.0159826 0.0195645 0.023764 0.0286435 0.0342627 0.0406768 0.0479343 0.0560748 0.0651269 0.0751066 0.0860154 0.0978388 0.110546 0.124089 0.138402 0.153405 0.169001 0.185079 0.201518 0.218186 0.234945 0.251654 0.268167 0.284341 0.300038 0.315122 0.329466 0.342952 0.355472 0.366927 0.377229 0.386304 0.394087 0.400523 0.405569 0.409192 0.411369 0.412085 0.411336 0.409127 0.405472 0.400395 0.393928 0.386116 0.377014 0.366685 0.355208 0.342669 0.329167 0.314811 0.299721 0.284024 0.267855 0.251353 0.234662 0.217925 0.201285 0.184879 0.168837 0.153281 0.13832 0.124049 0.110548 0.0978809 0.086095 0.0752202 0.06527 0.0562425 0.0481214 0.0408778 0.0344722 0.0288565 0.0239759 0.019771 0.0161802 0.0131411 0.0105921 0.00847391 0.00673072 0.00531085 0.00416755 0.00325931 0.00255017 0.00200978 0.00161345 0.00134205 0.00118216 
0.00130676 0.00135742 0.00152655 0.00182348 0.00226349 0.0028682 0.00366556 0.00468994 0.00598205 0.00758882 0.00956305 0.0119629 0.0148509 0.0182934 0.0223587 0.0271156 0.0326316 0.0389709 0.0461918 0.0543447 0.0634696 0.0735939 0.0847304 0.0968755 0.110008 0.124089 0.139059 0.154843 0.171346 0.188459 0.206057 0.224005 0.242159 0.260366 0.278473 0.296325 0.313769 0.330659 0.346853 0.362219 0.376637 0.389995 0.402195 0.41315 0.422786 0.431038 0.437855 0.443195 0.447027 0.449327 0.450084 0.449293 0.446958 0.443092 0.437718 0.430868 0.422583 0.412917 0.401932 0.389705 0.376323 0.361885 0.346503 0.330299 0.313404 0.295961 0.278117 0.260025 0.241839 0.223713 0.205798 0.188237 0.171166 0.154708 0.13897 0.124046 0.110011 0.0969219 0.0848166 0.0737155 0.0636216 0.0545214 0.0463873 0.0391793 0.0328472 0.0273331 0.0225732 0.0185009 0.0150478 0.0121464 0.0097313 0.00774039 0.00611617 0.00480632 0.00376431 0.00294967 0.0023282 0.00187199 0.00155942 0.00137529 
0.00151093 0.00156935 0.00176354 0.00210403 0.00260808 0.00329998 0.00421115 0.0053801 0.00685237 0.00868028 0.0109225 0.0136434 0.016912 0.0208009 0.0253847 0.030738 0.0369332 0.0440385 0.0521152 0.0612149 0.0713773 0.0826276 0.0949746 0.108409 0.122901 0.138402 0.154843 0.172134 0.190169 0.208822 0.227956 0.247421 0.267058 0.286703 0.306192 0.325357 0.34404 0.362084 0.379346 0.395688 0.410989 0.425137 0.438034 0.449595 0.459748 0.468431 0.475596 0.481204 0.485224 0.487637 0.488431 0.487602 0.485153 0.481097 0.475454 0.468253 0.459535 0.449348 0.437754 0.424826 0.41065 0.395325 0.378961 0.361685 0.34363 0.324945 0.305783 0.286306 0.266679 0.247068 0.227635 0.20854 0.18993 0.171943 0.154701 0.138311 0.122861 0.108417 0.0950288 0.0827232 0.0715092 0.0613773 0.0523017 0.0442428 0.0371488 0.030959 0.0256057 0.0210169 0.0171189 0.0138378 0.011102 0.00884297 0.0069971 0.00550629 0.00431866 0.00338899 0.00267899 0.00215734 0.00179973 0.00158908 
0.00173518 0.00180207 0.00202355 0.0024114 0.00298496 0.0037714 0.00480576 0.00613096 0.00779757 0.00986354 0.0123936 0.0154586 0.0191342 0.0234993 0.0286348 0.0346208 0.0415346 0.0494482 0.0584249 0.0685173 0.0797638 0.0921866 0.10579 0.120556 0.136448 0.153405 0.171346 0.190169 0.209751 0.229953 0.250623 0.271596 0.292699 0.313757 0.334592 0.35503 0.374903 0.394049 0.412321 0.42958 0.445703 0.46058 0.474115 0.486226 0.496844 0.505913 0.513388 0.519231 0.523418 0.525931 0.526757 0.525895 0.523347 0.519124 0.513243 0.505732 0.496626 0.485971 0.473824 0.460254 0.445345 0.429192 0.411908 0.393615 0.374453 0.354573 0.334134 0.313305 0.292263 0.271182 0.25024 0.229609 0.20945 0.189918 0.171148 0.153262 0.13636 0.120522 0.105807 0.092252 0.0798715 0.0686615 0.058599 0.0496452 0.0417476 0.0348431 0.0288602 0.0237223 0.0193499 0.0156632 0.0125838 0.010037 0.00795276 0.00626692 0.00492208 0.00386805 0.00306219 0.00246961 0.00206315 0.00182373 
0.00197936 0.00205543 0.00230634 0.00274525 0.00339364 0.0042817 0.00544831 0.00694093 0.0088154 0.0111355 0.0139723 0.017403 0.02151 0.0263789 0.0320964 0.0387482 0.0464162 0.0551753 0.0650908 0.0762151 0.0885849 0.102218 0.117113 0.133244 0.150564 0.169001 0.188459 0.208822 0.229953 0.251698 0.273887 0.296343 0.31888 0.341308 0.36344 0.385094 0.406094 0.426276 0.445487 0.463591 0.480463 0.495998 0.510103 0.522701 0.533727 0.54313 0.55087 0.556916 0.561244 0.56384 0.564695 0.563805 0.561174 0.55681 0.550728 0.54295 0.533509 0.522444 0.509808 0.495665 0.480093 0.463186 0.445052 0.425814 0.405611 0.384597 0.362937 0.340806 0.318389 0.295872 0.273444 0.251291 0.229591 0.20851 0.188202 0.168802 0.150425 0.133164 0.11709 0.102249 0.0886646 0.0763375 0.065249 0.0553619 0.0466238 0.0389695 0.0323244 0.0266074 0.0217334 0.0176167 0.0141724 0.0113193 0.00898078 0.00708653 0.0055734 0.00438602 0.00347725 0.00280842 0.00234943 0.00207906 
0.00224291 0.00232883 0.00261124 0.00310469 0.00383294 0.00482932 0.00613667 0.00780718 0.0099021 0.0124912 0.0156518 0.0194681 0.0240288 0.029426 0.0357525 0.0430991 0.0515518 0.0611881 0.0720746 0.0842628 0.0977866 0.112659 0.128871 0.146389 0.165153 0.185079 0.206057 0.227956 0.250623 0.273887 0.297566 0.321465 0.345385 0.369126 0.392492 0.415291 0.437343 0.45848 0.47855 0.497415 0.514957 0.53107 0.54567 0.558684 0.570054 0.579736 0.587695 0.593905 0.598348 0.601012 0.60189 0.600979 0.598282 0.593804 0.587559 0.579563 0.569842 0.558432 0.545377 0.530737 0.514582 0.497002 0.4781 0.457998 0.436834 0.414761 0.391949 0.36858 0.344844 0.320939 0.297065 0.27342 0.250199 0.227582 0.20574 0.184822 0.16496 0.14626 0.128805 0.112653 0.0978348 0.0843599 0.0722136 0.0613614 0.0517513 0.043317 0.0359811 0.0296583 0.0242585 0.0196898 0.0158613 0.0126848 0.0100773 0.00796219 0.00627042 0.00494127 0.00392294 0.00317286 0.00265784 0.00235446 
0.00252483 0.00262124 0.00293705 0.00348827 0.00430101 0.00541185 0.00686768 0.00872558 0.0110523 0.0139237 0.0174236 0.0216426 0.0266764 0.0326232 0.0395815 0.047647 0.0569093 0.0674482 0.0793304 0.0926062 0.107306 0.123436 0.14098 0.159894 0.180106 0.201518 0.224005 0.247421 0.271596 0.296343 0.321465 0.346752 0.371994 0.396978 0.4215 0.445361 0.468379 0.490383 0.51122 0.530757 0.548878 0.565486 0.580499 0.593855 0.605503 0.615405 0.623534 0.629869 0.634399 0.637113 0.638009 0.637083 0.634338 0.629777 0.623407 0.615243 0.605303 0.593614 0.580216 0.565159 0.548508 0.530343 0.510764 0.489889 0.467851 0.444807 0.420925 0.396393 0.371407 0.346176 0.320909 0.295818 0.271111 0.246986 0.223627 0.201203 0.179857 0.159714 0.140868 0.123389 0.107319 0.092675 0.0794473 0.0676052 0.0570981 0.0478591 0.0398086 0.0328575 0.026911 0.0218713 0.0176413 0.0141264 0.0112368 0.00888967 0.00700988 0.0055313 0.00439734 0.00356142 0.00298716 0.00264889 
0.00282367 0.00293114 0.00328205 0.00389392 0.00479527 0.00602597 0.0076371 0.00969065 0.012259 0.015424 0.0192762 0.0239126 0.0294354 0.0359489 0.0435572 0.0523603 0.0624509 0.0739105 0.0868055 0.101184 0.117071 0.134467 0.153346 0.173654 0.195304 0.218186 0.242159 0.267058 0.292699 0.31888 0.345385 0.371994 0.398481 0.424627 0.450218 0.47505 0.498938 0.521711 0.543219 0.563332 0.58194 0.598952 0.614296 0.627918 0.639774 0.649837 0.658085 0.664507 0.669095 0.671844 0.672752 0.671818 0.669042 0.664426 0.657973 0.649691 0.639591 0.627695 0.61403 0.59864 0.581581 0.562926 0.542767 0.521214 0.498401 0.474479 0.449619 0.424011 0.397857 0.371372 0.344778 0.3183 0.292157 0.266564 0.241721 0.217812 0.194999 0.17342 0.153185 0.134377 0.117047 0.101221 0.0868974 0.0740487 0.0626265 0.0525644 0.0437808 0.0361836 0.0296733 0.024147 0.0195013 0.0156351 0.0124523 0.00986342 0.00778747 0.00615275 0.00489782 0.003972 0.00333566 0.00296081 
0.00313752 0.00325653 0.003644 0.00431896 0.00531238 0.00666749 0.00843958 0.0106956 0.0135136 0.0169815 0.0211961 0.0262612 0.0322851 0.0393781 0.0476492 0.0572026 0.0681334 0.0805242 0.0944403 0.109926 0.127003 0.145662 0.165869 0.187555 0.210623 0.234945 0.260366 0.286703 0.313757 0.341308 0.369126 0.396978 0.424627 0.451844 0.478408 0.504112 0.52877 0.552211 0.574288 0.594878 0.613878 0.631204 0.646796 0.660606 0.672603 0.682767 0.691086 0.697555 0.702173 0.704939 0.705854 0.704918 0.702129 0.697488 0.690991 0.682641 0.672442 0.660406 0.646553 0.630915 0.613539 0.594488 0.573847 0.551719 0.528231 0.503532 0.477793 0.451203 0.423971 0.396318 0.368475 0.340677 0.31316 0.286152 0.25987 0.234513 0.210262 0.187268 0.165658 0.145527 0.12694 0.109931 0.0945052 0.0806413 0.0682937 0.0573965 0.0478674 0.0396114 0.032525 0.0265002 0.0214276 0.0172001 0.013715 0.0108766 0.00859779 0.00680136 0.00542099 0.00440186 0.00370104 0.00328819 
0.00346397 0.00359493 0.00402011 0.0047601 0.00584831 0.00733137 0.00926877 0.0117324 0.0148059 0.0185833 0.0231677 0.0286691 0.035202 0.0428822 0.0518234 0.0621332 0.0739091 0.0872335 0.10217 0.11876 0.137018 0.156927 0.178441 0.20148 0.225932 0.251654 0.278473 0.306192 0.334592 0.36344 0.392492 0.4215 0.450218 0.478408 0.505844 0.532318 0.55764 0.581645 0.604191 0.625159 0.644456 0.662008 0.677765 0.691689 0.70376 0.713968 0.722311 0.72879 0.733411 0.736179 0.737096 0.736163 0.733379 0.728739 0.722237 0.713867 0.703627 0.691519 0.677552 0.661748 0.644144 0.624793 0.603769 0.581167 0.557109 0.531737 0.505221 0.477751 0.449538 0.420808 0.391802 0.362765 0.333946 0.305587 0.277921 0.251165 0.225515 0.20114 0.17818 0.156746 0.136914 0.11873 0.102206 0.0873275 0.074052 0.0623152 0.0520344 0.0431125 0.0354424 0.0289114 0.0234046 0.0188087 0.0150148 0.0119211 0.00943439 0.00747202 0.00596277 0.00484768 0.00408051 0.00362855 
0.00380019 0.00394338 0.0044071 0.00521346 0.00639835 0.00801172 0.0101173 0.0127919 0.0161245 0.0202153 0.0251733 0.0311148 0.0381599 0.0464298 0.0560423 0.0671081 0.079726 0.0939784 0.109927 0.127607 0.147026 0.168161 0.190951 0.215306 0.241097 0.268167 0.296325 0.325357 0.35503 0.385094 0.415291 0.445361 0.47505 0.504112 0.532318 0.559455 0.585339 0.609805 0.632719 0.653969 0.673472 0.691166 0.707009 0.720977 0.73306 0.743259 0.751581 0.758036 0.762635 0.765389 0.766304 0.76538 0.762616 0.758003 0.75153 0.743186 0.732958 0.72084 0.706831 0.690941 0.673195 0.653635 0.632324 0.609349 0.584823 0.558883 0.531695 0.503448 0.474354 0.444645 0.414568 0.38438 0.354339 0.324703 0.295721 0.267624 0.240627 0.214913 0.190641 0.167934 0.146882 0.12754 0.109932 0.0940478 0.07985 0.0672765 0.0562446 0.0466557 0.0383996 0.0313592 0.0254145 0.0204465 0.0163402 0.0129876 0.0102899 0.00815882 0.0065184 0.00530555 0.00447074 0.00397892 
0.0041429 0.00429851 0.0048012 0.00567464 0.00695713 0.00870194 0.0109769 0.0138636 0.0174566 0.0218615 0.0271936 0.0335747 0.0411305 0.0499869 0.0602656 0.0720798 0.0855293 0.100695 0.117637 0.136384 0.156937 0.179262 0.203289 0.228911 0.255987 0.284341 0.313769 0.34404 0.374903 0.406094 0.437343 0.468379 0.498938 0.52877 0.55764 0.585339 0.611681 0.636509 0.659695 0.681137 0.700761 0.718516 0.734373 0.74832 0.760359 0.7705 0.778761 0.785161 0.789717 0.792444 0.793351 0.792442 0.78971 0.785147 0.778736 0.770457 0.760292 0.748221 0.734235 0.718331 0.700523 0.68084 0.659334 0.636083 0.611188 0.584783 0.557025 0.528104 0.498233 0.467645 0.436595 0.405346 0.374172 0.343341 0.313117 0.283748 0.255464 0.228467 0.202929 0.178989 0.156751 0.136281 0.117611 0.100739 0.0856331 0.0722334 0.0604579 0.0502071 0.0413681 0.0338201 0.0274381 0.0220977 0.0176783 0.0140659 0.011156 0.0088551 0.00708249 0.00577103 0.00486796 0.00433588 
0.00448847 0.00465652 0.00519824 0.00613875 0.00751875 0.00939476 0.0118386 0.0149366 0.0187883 0.0235051 0.0292077 0.0360236 0.0440835 0.0535176 0.0644511 0.0769992 0.091262 0.107319 0.125226 0.145008 0.166657 0.190128 0.215339 0.242172 0.270468 0.300038 0.330659 0.362084 0.394049 0.426276 0.45848 0.490383 0.521711 0.552211 0.581645 0.609805 0.636509 0.661606 0.684975 0.706525 0.726191 0.743937 0.759744 0.773613 0.785557 0.795598 0.803764 0.810081 0.814574 0.817263 0.818159 0.817267 0.814582 0.810088 0.803765 0.795588 0.785526 0.773554 0.759649 0.743796 0.725997 0.70627 0.684654 0.661215 0.636046 0.609272 0.581045 0.551552 0.521004 0.489638 0.457713 0.425501 0.393285 0.361346 0.329962 0.299398 0.269897 0.24168 0.214933 0.189811 0.16643 0.144869 0.125169 0.107337 0.0913448 0.0771369 0.0646324 0.0537311 0.0443181 0.036269 0.0294546 0.0237455 0.0190153 0.0151447 0.0120236 0.00955357 0.0076491 0.0062392 0.00526795 0.00469567 
0.00483294 0.00501334 0.00559367 0.00660052 0.00807688 0.0100824 0.0126927 0.0159987 0.020105 0.025128 0.0311939 0.0384352 0.0469875 0.0569849 0.0685553 0.0818156 0.0968657 0.113784 0.132621 0.153395 0.176092 0.200656 0.226993 0.25497 0.284415 0.315122 0.346853 0.379346 0.412321 0.445487 0.47855 0.51122 0.543219 0.574288 0.604191 0.632719 0.659695 0.684975 0.708447 0.730029 0.74967 0.767344 0.783045 0.796787 0.808594 0.818501 0.826542 0.832754 0.837169 0.83981 0.840693 0.839822 0.837191 0.832783 0.826571 0.818523 0.808602 0.796771 0.782995 0.76725 0.749523 0.72982 0.708169 0.684623 0.659266 0.632213 0.603612 0.573643 0.542516 0.510471 0.47777 0.444692 0.411528 0.378573 0.346117 0.314439 0.283799 0.254432 0.226542 0.200296 0.175825 0.15322 0.132532 0.113775 0.0969272 0.0819368 0.0687247 0.0571907 0.0472181 0.0386798 0.0314424 0.0253718 0.0203366 0.0162122 0.0128832 0.0102464 0.00821187 0.00670477 0.00566616 0.00505415 
