0.00313713 0.00316547 0.00325724 0.00341319 0.00363417 0.00392136 0.00427622 0.00470043 0.00519587 0.00576454 0.00640851 0.00712984 0.00793051 0.00881235 0.00977694 0.0108255 0.011959 0.0131777 0.0144815 0.0158695 0.0173402 0.0188913 0.0205197 0.0222214 0.0239916 0.0258246 0.0277137 0.0296514 0.0316293 0.0336382 0.035668 0.0377083 0.0397475 0.0417739 0.0437754 0.0457392 0.0476528 0.0495033 0.0512781 0.0529647 0.0545511 0.0560256 0.0573774 0.0585963 0.0596729 0.0605989 0.0613673 0.0619719 0.062408 0.0626722 0.0627623 0.0626778 0.0624193 0.0619888 0.0613898 0.0606271 0.0597067 0.0586357 0.0574224 0.0560762 0.0546072 0.0530262 0.0513449 0.0495753 0.0477298 0.0458211 0.0438619 0.0418649 0.0398425 0.0378071 0.0357703 0.0337434 0.0317372 0.0297615 0.0278255 0.0259376 0.0241054 0.0223353 0.0206332 0.019004 0.0174514 0.0159788 0.0145883 0.0132815 0.0120593 0.0109219 0.00986896 0.00889958 0.00801258 0.0072064 0.00647925 0.00582918 0.00525417 0.00475218 0.00432124 0.0039595 0.00366532 0.00343726 0.00327418 0.00317543 
0.00316547 0.00319408 0.0032867 0.00344406 0.00366704 0.00395682 0.00431486 0.00474286 0.00524272 0.00581645 0.00646612 0.00719382 0.00800154 0.0088911 0.00986411 0.0109218 0.0120651 0.0132943 0.0146093 0.0160091 0.0174923 0.0190564 0.0206985 0.0224144 0.0241994 0.0260475 0.0279521 0.0299057 0.0318997 0.0339248 0.035971 0.0380276 0.0400831 0.0421256 0.0441428 0.0461221 0.0480506 0.0499155 0.0517041 0.0534037 0.0550023 0.0564882 0.0578503 0.0590784 0.0601632 0.0610962 0.0618704 0.0624795 0.0629189 0.063185 0.0632758 0.0631906 0.0629301 0.0624963 0.0618927 0.0611242 0.0601967 0.0591175 0.057895 0.0565384 0.055058 0.0534648 0.0517705 0.0499871 0.0481272 0.0462035 0.0442289 0.0422161 0.0401777 0.038126 0.0360729 0.0340298 0.0320073 0.0300155 0.0280637 0.0261604 0.024313 0.0225283 0.020812 0.0191691 0.0176035 0.0161184 0.0147161 0.0133982 0.0121655 0.0110183 0.00995627 0.00897849 0.00808377 0.00727055 0.00653703 0.00588125 0.00530118 0.00479476 0.00436001 0.00399507 0.00369829 0.00346822 0.0033037 0.00320408 
0.00325724 0.0032867 0.0033819 0.0035436 0.00377268 0.00407035 0.00443811 0.00487768 0.00539099 0.00598008 0.00664707 0.00739406 0.00822308 0.00913598 0.0101344 0.0112195 0.0123922 0.0136529 0.0150013 0.0164365 0.0179569 0.0195601 0.0212429 0.0230011 0.0248297 0.0267227 0.0286733 0.0306737 0.0327152 0.0347883 0.0368826 0.0389873 0.0410905 0.0431803 0.0452438 0.0472684 0.0492407 0.0511478 0.0529767 0.0547144 0.0563487 0.0578675 0.0592598 0.060515 0.0616236 0.0625772 0.0633682 0.0639906 0.0644395 0.0647113 0.064804 0.0647168 0.0644504 0.0640069 0.06339 0.0626044 0.0616564 0.0605532 0.0593034 0.0579166 0.0564031 0.0547742 0.0530417 0.051218 0.0493159 0.0473484 0.0453286 0.0432694 0.0411839 0.0390845 0.0369834 0.0348921 0.0328218 0.0307826 0.0287841 0.0268349 0.0249427 0.0231145 0.0213561 0.0196726 0.0180681 0.0165458 0.0151082 0.0137569 0.0124929 0.0113163 0.0102269 0.00922374 0.00830572 0.00747121 0.00671841 0.00604531 0.00544986 0.00492996 0.00448362 0.00410893 0.0038042 0.00356797 0.00339906 0.00329681 
0.00341319 0.00344406 0.0035436 0.00371257 0.0039519 0.00426282 0.00464687 0.00510583 0.00564168 0.00625652 0.00695251 0.00773181 0.00859648 0.00954842 0.0105892 0.0117202 0.0129421 0.0142554 0.0156596 0.0171539 0.0187364 0.0204047 0.0221552 0.0239838 0.025885 0.0278528 0.0298799 0.0319581 0.0340786 0.0362314 0.0384057 0.0405902 0.0427729 0.0449409 0.0470814 0.049181 0.0512261 0.0532032 0.0550988 0.0568997 0.0585931 0.0601667 0.0616089 0.062909 0.0640572 0.0650446 0.0658636 0.066508 0.0669726 0.0672539 0.0673496 0.0672591 0.066983 0.0665236 0.0658844 0.0650706 0.0640885 0.0629456 0.0616508 0.0602138 0.0586454 0.0569573 0.0551615 0.053271 0.0512989 0.0492587 0.0471638 0.0450278 0.042864 0.0406853 0.0385044 0.0363334 0.0341835 0.0320656 0.0299893 0.0279638 0.0259971 0.0240963 0.0222677 0.0205166 0.0188472 0.017263 0.0157666 0.0143596 0.0130431 0.0118174 0.0106822 0.00963675 0.00867975 0.00780963 0.00702453 0.00632243 0.00570121 0.00515874 0.00469295 0.0043019 0.00398385 0.0037373 0.00356103 0.00345435 
0.00363417 0.00366704 0.00377268 0.0039519 0.00420564 0.00453521 0.00494219 0.00542844 0.00599599 0.00664704 0.00738381 0.00820852 0.0091233 0.0101301 0.0112305 0.0124258 0.0137168 0.0151038 0.0165864 0.0181634 0.019833 0.0215925 0.023438 0.0253652 0.0273682 0.0294406 0.0315747 0.033762 0.0359929 0.0382571 0.0405433 0.0428395 0.045133 0.0474105 0.0496585 0.0518629 0.0540096 0.0560844 0.0580732 0.0599622 0.0617381 0.0633881 0.0649001 0.0662628 0.0674661 0.0685007 0.0693588 0.0700338 0.0705204 0.0708148 0.0709148 0.0708197 0.0705301 0.0700483 0.0693782 0.068525 0.0674954 0.0662971 0.0649394 0.0634324 0.0617875 0.0600167 0.0581327 0.0561489 0.0540791 0.0519372 0.0497375 0.0474941 0.0452209 0.0429315 0.0406391 0.0383564 0.0360954 0.0338671 0.0316821 0.0295498 0.0274787 0.0254764 0.0235496 0.0217037 0.0199434 0.0182723 0.0166933 0.0152082 0.0138181 0.0125235 0.0113241 0.0102192 0.00920739 0.00828722 0.00745673 0.00671386 0.00605641 0.00548218 0.00498905 0.00457498 0.00423819 0.00397711 0.00379047 0.00367758 
0.00392136 0.00395682 0.00407035 0.00426282 0.00453521 0.00488888 0.00532551 0.00584701 0.00645554 0.00715336 0.0079428 0.00882616 0.00980562 0.0108832 0.0120605 0.0133388 0.0147189 0.016201 0.0177845 0.0194683 0.0212501 0.0231269 0.0250948 0.0271488 0.0292828 0.0314897 0.0337615 0.036089 0.0384619 0.0408693 0.0432992 0.0457388 0.0481746 0.0505928 0.0529787 0.0553177 0.0575947 0.0597948 0.0619031 0.0639052 0.065787 0.0675349 0.0691363 0.0705793 0.0718532 0.0729484 0.0738565 0.0745707 0.0750854 0.0753967 0.0755022 0.0754011 0.0750942 0.0745838 0.0738741 0.0729704 0.0718798 0.0706105 0.0691722 0.0675756 0.0658325 0.0639556 0.0619584 0.059855 0.0576597 0.0553876 0.0530534 0.0506721 0.0482584 0.0458268 0.0433912 0.0409651 0.038561 0.0361911 0.0338662 0.0315966 0.0293912 0.0272584 0.025205 0.0232371 0.0213597 0.0195768 0.0178913 0.0163055 0.0148206 0.0134371 0.0121548 0.0109731 0.0098907 0.00890591 0.00801683 0.00722129 0.00651704 0.00590179 0.00537332 0.00492951 0.0045685 0.00428863 0.0040886 0.00396766 
0.00427622 0.00431486 0.00443811 0.00464687 0.00494219 0.00532551 0.00579857 0.00636342 0.00702231 0.0077776 0.00863174 0.00958712 0.010646 0.0118104 0.0130821 0.0144623 0.0159516 0.0175503 0.0192576 0.0210721 0.0229913 0.025012 0.0271296 0.0293389 0.0316331 0.0340047 0.0364448 0.0389436 0.0414901 0.0440725 0.0466779 0.0492926 0.0519023 0.054492 0.0570462 0.0595493 0.0619853 0.0643382 0.0665924 0.0687323 0.070743 0.0726102 0.0743205 0.0758613 0.0772213 0.0783902 0.0793593 0.0801213 0.0806703 0.0810021 0.0811142 0.0810059 0.0806778 0.0801327 0.0793746 0.0784095 0.0772446 0.0758889 0.0743523 0.0726465 0.0707837 0.0687776 0.0666424 0.064393 0.0620449 0.0596137 0.0571154 0.0545659 0.0519808 0.0493755 0.0467651 0.0441637 0.041585 0.0390418 0.036546 0.0341084 0.0317389 0.0294462 0.0272379 0.0251207 0.0230999 0.0211799 0.0193641 0.0176548 0.0160536 0.0145611 0.0131772 0.0119014 0.0107322 0.00966807 0.00870702 0.0078468 0.00708506 0.0064194 0.0058475 0.00536714 0.00497634 0.00467339 0.00445689 0.00432607 
0.00470043 0.00474286 0.00487768 0.00510583 0.00542844 0.00584701 0.00636342 0.00697982 0.00769857 0.00852218 0.00945321 0.0104942 0.0116474 0.012915 0.0142986 0.0157996 0.0174186 0.0191556 0.0210096 0.022979 0.0250611 0.0272521 0.0295471 0.0319401 0.0344239 0.0369902 0.0396294 0.0423307 0.0450823 0.0478714 0.050684 0.0535055 0.0563203 0.0591125 0.0618653 0.064562 0.0671854 0.0697185 0.0721444 0.0744467 0.0766093 0.0786171 0.0804556 0.0821116 0.0835728 0.0848286 0.0858694 0.0866876 0.0872769 0.0876329 0.0877528 0.0876359 0.0872831 0.0866969 0.085882 0.0848446 0.0835923 0.0821347 0.0804825 0.078648 0.0766443 0.074486 0.0721881 0.0697668 0.0672384 0.0646197 0.0619279 0.0591798 0.0563925 0.0535823 0.0507653 0.047957 0.045172 0.0424241 0.0397262 0.03709 0.0345263 0.0320445 0.0296529 0.0273588 0.0251682 0.0230858 0.0211155 0.0192599 0.0175208 0.015899 0.0143945 0.0130069 0.0117347 0.0105764 0.00952984 0.00859277 0.0077627 0.00703713 0.00641359 0.00588977 0.00546356 0.00513315 0.00489707 0.0047545 
0.00519587 0.00524272 0.00539099 0.00564168 0.00599599 0.00645554 0.00702231 0.00769857 0.00848684 0.00938976 0.01041 0.0115503 0.0128129 0.0142001 0.0157136 0.0173547 0.0191239 0.0210209 0.0230448 0.0251936 0.027464 0.0298519 0.0323519 0.0349572 0.0376601 0.0404512 0.0433202 0.0462552 0.0492434 0.0522707 0.0553223 0.058382 0.0614332 0.0644584 0.0674399 0.0703593 0.0731983 0.0759386 0.0785621 0.081051 0.0833883 0.0855576 0.0875435 0.0893317 0.0909093 0.0922648 0.093388 0.0942707 0.0949063 0.09529 0.095419 0.0952923 0.0949109 0.0942777 0.0933975 0.0922769 0.0909243 0.0893496 0.0875646 0.0855822 0.0834166 0.0810832 0.0785984 0.0759793 0.0732435 0.0704092 0.0674946 0.064518 0.0614977 0.0584514 0.0553965 0.0523497 0.0493268 0.0463428 0.0434117 0.0405463 0.0377582 0.035058 0.0324546 0.0299561 0.0275691 0.0252989 0.0231498 0.0211248 0.0192259 0.0174543 0.0158102 0.0142929 0.0129014 0.0116338 0.0104881 0.00946181 0.00855244 0.0077573 0.00707381 0.00649951 0.00603217 0.00566987 0.00541105 0.00525482 
0.00576454 0.00581645 0.00598008 0.00625652 0.00664704 0.00715336 0.0077776 0.00852218 0.00938976 0.0103831 0.0115052 0.0127586 0.0141459 0.0156694 0.0173308 0.0191313 0.0210713 0.0231505 0.0253676 0.0277201 0.0302045 0.0328161 0.0355487 0.0383951 0.0413464 0.0443924 0.0475218 0.0507215 0.0539777 0.0572748 0.0605967 0.063926 0.0672444 0.0705332 0.0737729 0.076944 0.0800265 0.0830008 0.0858472 0.0885468 0.0910811 0.0934325 0.0955846 0.0975219 0.0992307 0.100699 0.101915 0.10287 0.103558 0.103973 0.104112 0.103974 0.10356 0.102874 0.10192 0.100706 0.0992404 0.0975339 0.0955991 0.0934499 0.0911016 0.0885708 0.085875 0.0830326 0.0800627 0.0769848 0.0738185 0.0705837 0.0673 0.0639868 0.0606627 0.0573459 0.0540536 0.0508022 0.0476069 0.0444817 0.0414394 0.0384913 0.0356476 0.0329171 0.030307 0.0278234 0.0254711 0.0232535 0.021173 0.019231 0.0174278 0.015763 0.0142354 0.0128433 0.0115846 0.0104567 0.00945686 0.00858238 0.0078305 0.0071986 0.00668433 0.00628563 0.00600085 0.00582905 
0.00640851 0.00646612 0.00664707 0.00695251 0.00738381 0.0079428 0.00863174 0.00945321 0.01041 0.0115052 0.0127416 0.0141222 0.0156497 0.0173262 0.0191537 0.0211331 0.0232649 0.0255484 0.0279819 0.0305628 0.0332869 0.0361489 0.039142 0.042258 0.045487 0.048818 0.0522383 0.0557337 0.0592889 0.0628871 0.0665105 0.0701402 0.0737564 0.0773388 0.0808662 0.0843174 0.087671 0.0909055 0.0939998 0.0969336 0.0996868 0.102241 0.104577 0.10668 0.108535 0.110127 0.111446 0.112483 0.113228 0.113678 0.113828 0.113678 0.113229 0.112484 0.111448 0.11013 0.108539 0.106686 0.104584 0.10225 0.0996985 0.0969483 0.0940179 0.0909272 0.0876969 0.0843478 0.0809014 0.077379 0.0738019 0.070191 0.0665668 0.0629489 0.0593562 0.0558063 0.0523159 0.0489004 0.0455738 0.0423487 0.0392362 0.036246 0.0333862 0.0306636 0.0280835 0.02565 0.0233658 0.0212325 0.0192508 0.0174204 0.0157401 0.0142081 0.0128223 0.0115801 0.0104786 0.00951488 0.00868604 0.00798934 0.00742224 0.00698259 0.00666859 0.00647927 
0.00712984 0.00719382 0.00739406 0.00773181 0.00820852 0.00882616 0.00958712 0.0104942 0.0115503 0.0127586 0.0141222 0.0156443 0.0173274 0.019174 0.0211858 0.0233638 0.0257082 0.0282182 0.0308917 0.0337256 0.0367151 0.0398543 0.0431354 0.0465494 0.0500855 0.0537312 0.0574726 0.0612944 0.0651794 0.0691095 0.0730652 0.0770259 0.0809701 0.0848756 0.0887195 0.0924788 0.0961303 0.0996508 0.103018 0.106208 0.109202 0.111978 0.114517 0.116802 0.118816 0.120546 0.121978 0.123102 0.123911 0.124399 0.124562 0.124398 0.12391 0.1231 0.121975 0.120543 0.118813 0.1168 0.114516 0.111978 0.109204 0.106213 0.103025 0.0996612 0.0961446 0.0924974 0.0887428 0.084904 0.081004 0.0770654 0.0731106 0.0691608 0.0652367 0.0613575 0.0575415 0.0538056 0.050165 0.0466337 0.0432239 0.0399464 0.0368102 0.0338229 0.0309906 0.0283178 0.0258078 0.0234625 0.0212827 0.0192684 0.0174184 0.0157311 0.0142041 0.0128348 0.0116202 0.0105572 0.0096428 0.00887398 0.0082481 0.00776286 0.00741635 0.00720753 
0.00793051 0.00800154 0.00822308 0.00859648 0.0091233 0.00980562 0.010646 0.0116474 0.0128129 0.0141459 0.0156497 0.0173274 0.0191819 0.0212155 0.02343 0.0258263 0.0284043 0.031163 0.0341 0.0372113 0.0404919 0.0439348 0.0475316 0.0512719 0.0551439 0.0591338 0.0632265 0.0674047 0.07165 0.0759425 0.0802607 0.0845824 0.0888841 0.0931416 0.0973302 0.101425 0.105401 0.109232 0.112895 0.116366 0.11962 0.122638 0.125397 0.127879 0.130067 0.131945 0.133499 0.13472 0.135598 0.136127 0.136303 0.136124 0.135594 0.134714 0.133492 0.131935 0.130057 0.127869 0.125386 0.122628 0.119611 0.116358 0.11289 0.10923 0.105402 0.10143 0.0973403 0.0931568 0.0889048 0.0846091 0.0802936 0.0759818 0.0716959 0.0674571 0.0632853 0.0591989 0.0552149 0.0513485 0.0476132 0.044021 0.0405819 0.0373045 0.0341955 0.0312601 0.028502 0.0259237 0.0235263 0.0213097 0.0192732 0.0174149 0.0157325 0.0142233 0.0128841 0.0117118 0.010703 0.00985468 0.009164 0.00862849 0.00824614 0.00801582 
0.00881235 0.0088911 0.00913598 0.00954842 0.0101301 0.0108832 0.0118104 0.012915 0.0142001 0.0156694 0.0173262 0.019174 0.0212155 0.0234532 0.0258888 0.028523 0.0313556 0.0343852 0.0376089 0.0410222 0.0446192 0.0483923 0.0523318 0.0564264 0.0606629 0.0650262 0.0694994 0.0740639 0.0786993 0.0833839 0.0880943 0.0928062 0.0974941 0.102132 0.106693 0.111149 0.115474 0.119641 0.123624 0.127395 0.130932 0.134209 0.137205 0.139899 0.142273 0.144311 0.145997 0.147321 0.148273 0.148846 0.149036 0.148843 0.148266 0.147311 0.145984 0.144295 0.142255 0.139879 0.137184 0.134188 0.130911 0.127375 0.123605 0.119625 0.115462 0.11114 0.106688 0.102132 0.0975003 0.0928185 0.0881132 0.0834096 0.0787322 0.074104 0.0695467 0.0650805 0.0607241 0.056494 0.0524054 0.0484714 0.0447032 0.0411102 0.0377001 0.0344788 0.0314507 0.0286185 0.0259838 0.0235468 0.0213066 0.0192617 0.0174097 0.0157477 0.0142724 0.0129805 0.0118686 0.0109334 0.0101718 0.00958134 0.00915979 0.00890598 
0.00977694 0.00986411 0.0101344 0.0105892 0.0112305 0.0120605 0.0130821 0.0142986 0.0157136 0.0173308 0.0191537 0.0211858 0.02343 0.0258888 0.0285637 0.0314555 0.0345635 0.0378859 0.0414194 0.0451588 0.0490975 0.0532266 0.0575357 0.0620121 0.0666412 0.0714063 0.076289 0.0812687 0.0863233 0.0914289 0.0965603 0.101691 0.106793 0.111838 0.116797 0.121641 0.126341 0.130867 0.13519 0.139284 0.143121 0.146675 0.149924 0.152845 0.155418 0.157626 0.159453 0.160887 0.161918 0.162538 0.162744 0.162533 0.161908 0.160873 0.159434 0.157603 0.155392 0.152816 0.149892 0.146642 0.143087 0.13925 0.135157 0.130836 0.126312 0.121616 0.116777 0.111822 0.106783 0.101687 0.0965636 0.0914396 0.0863417 0.081295 0.0763232 0.0714485 0.0666911 0.0620695 0.0576001 0.0532975 0.0491741 0.0452406 0.0415054 0.0379752 0.0346551 0.0315484 0.0286569 0.0259812 0.0235205 0.0212734 0.0192374 0.0174097 0.0157867 0.0143652 0.0131413 0.0121117 0.0112732 0.010623 0.0101589 0.00987956 
0.0108255 0.0109218 0.0112195 0.0117202 0.0124258 0.0133388 0.0144623 0.0157996 0.0173547 0.0191313 0.0211331 0.0233638 0.0258263 0.028523 0.0314555 0.0346241 0.0380281 0.0416651 0.0455311 0.0496204 0.0539253 0.0584361 0.063141 0.068026 0.0730751 0.0782698 0.08359 0.0890131 0.094515 0.10007 0.10565 0.111226 0.116769 0.122248 0.127631 0.132887 0.137985 0.142891 0.147577 0.152012 0.156168 0.160017 0.163534 0.166695 0.169479 0.171867 0.173843 0.175394 0.176508 0.177178 0.1774 0.177172 0.176495 0.175374 0.173818 0.171836 0.169443 0.166655 0.16349 0.159971 0.15612 0.151963 0.147529 0.142844 0.137939 0.132845 0.127593 0.122215 0.116742 0.111205 0.105636 0.100064 0.0945173 0.089024 0.0836096 0.0782983 0.0731123 0.0680717 0.0631948 0.0584974 0.0539935 0.0496948 0.0456107 0.0417491 0.0381154 0.0347136 0.0315461 0.0286135 0.0259156 0.0234508 0.0212167 0.0192103 0.0174283 0.0158669 0.0145223 0.0133909 0.0124694 0.0117548 0.0112447 0.0109378 
0.011959 0.0120651 0.0123922 0.0129421 0.0137168 0.0147189 0.0159516 0.0174186 0.0191239 0.0210713 0.0232649 0.0257082 0.0284043 0.0313556 0.0345635 0.0380281 0.0417482 0.045721 0.0499419 0.0544043 0.0590995 0.0640168 0.0691431 0.0744628 0.0799583 0.0856095 0.0913941 0.0972878 0.103264 0.109295 0.11535 0.121399 0.127408 0.133346 0.139177 0.144868 0.150385 0.155694 0.160762 0.165557 0.170049 0.174207 0.178006 0.18142 0.184426 0.187004 0.189137 0.19081 0.192012 0.192735 0.192974 0.192727 0.191996 0.190786 0.189105 0.186965 0.184381 0.181369 0.17795 0.174147 0.169986 0.165492 0.160696 0.155628 0.150321 0.144807 0.13912 0.133293 0.127362 0.121359 0.115318 0.109271 0.103249 0.0972817 0.0913977 0.0856228 0.0799813 0.0744953 0.0691848 0.0640672 0.059158 0.05447 0.0500141 0.0457986 0.0418302 0.0381133 0.0346507 0.0314436 0.0284918 0.025794 0.0233478 0.0211502 0.0191976 0.0174862 0.0160122 0.0147716 0.0137611 0.0129774 0.012418 0.0120817 
0.0131777 0.0132943 0.0136529 0.0142554 0.0151038 0.016201 0.0175503 0.0191556 0.0210209 0.0231505 0.0255484 0.0282182 0.031163 0.0343852 0.0378859 0.0416651 0.045721 0.0500503 0.0546477 0.0595057 0.0646147 0.0699625 0.0755346 0.0813142 0.0872816 0.093415 0.09969 0.10608 0.112557 0.119089 0.125645 0.13219 0.13869 0.145109 0.151411 0.157559 0.163516 0.169247 0.174716 0.179888 0.184731 0.189215 0.193309 0.196987 0.200225 0.203002 0.205299 0.2071 0.208394 0.209171 0.209428 0.209161 0.208374 0.20707 0.20526 0.202954 0.200169 0.196924 0.193239 0.18914 0.184653 0.179806 0.174632 0.169163 0.163433 0.157478 0.151334 0.145036 0.138623 0.132129 0.125592 0.119045 0.112522 0.106055 0.0996757 0.0934114 0.0872888 0.081332 0.0755628 0.0700005 0.064662 0.0595616 0.0547112 0.0501204 0.0457966 0.0417449 0.0379688 0.0344698 0.0312479 0.0283021 0.02563 0.0232286 0.0210944 0.0192232 0.0176111 0.0162541 0.0151486 0.0142912 0.0136793 0.0133114 
0.0144815 0.0146093 0.0150013 0.0156596 0.0165864 0.0177845 0.0192576 0.0210096 0.0230448 0.0253676 0.0279819 0.0308917 0.0341 0.0376089 0.0414194 0.0455311 0.0499419 0.0546477 0.0596425 0.0649178 0.0704628 0.0762641 0.0823057 0.0885689 0.0950325 0.101672 0.108462 0.115373 0.122374 0.129432 0.136512 0.143577 0.15059 0.157513 0.164307 0.170931 0.177348 0.183518 0.189404 0.19497 0.20018 0.205001 0.209402 0.213355 0.216835 0.219818 0.222285 0.224219 0.225608 0.226443 0.226718 0.226431 0.225584 0.224183 0.222238 0.219761 0.216768 0.21328 0.209319 0.204911 0.200084 0.19487 0.189302 0.183414 0.177244 0.170829 0.164207 0.157418 0.150501 0.143494 0.136437 0.129366 0.122319 0.115328 0.108429 0.10165 0.0950223 0.0885705 0.0823188 0.0762884 0.0704976 0.0649625 0.0596961 0.0547092 0.05001 0.0456046 0.041497 0.0376891 0.0341815 0.0309731 0.0280617 0.0254444 0.0231175 0.0210769 0.0193184 0.0178378 0.0166314 0.0156958 0.0150281 0.0146268 
0.0158695 0.0160091 0.0164365 0.0171539 0.0181634 0.0194683 0.0210721 0.022979 0.0251936 0.0277201 0.0305628 0.0337256 0.0372113 0.0410222 0.0451588 0.0496204 0.0544043 0.0595057 0.0649178 0.070631 0.0766333 0.0829099 0.0894432 0.0962127 0.103195 0.110365 0.117692 0.125147 0.132695 0.1403 0.147926 0.155532 0.163079 0.170526 0.17783 0.18495 0.191843 0.198469 0.204788 0.210761 0.21635 0.22152 0.226239 0.230477 0.234206 0.237402 0.240045 0.242117 0.243604 0.244498 0.244792 0.244484 0.243577 0.242076 0.239991 0.237336 0.234128 0.230389 0.226142 0.221414 0.216237 0.210642 0.204666 0.198345 0.191717 0.184825 0.177708 0.170407 0.162966 0.155426 0.147828 0.140212 0.132617 0.12508 0.117638 0.110323 0.103166 0.0961965 0.0894398 0.0829189 0.0766542 0.0706631 0.0649601 0.0595573 0.0544638 0.0496865 0.0452302 0.0410973 0.0372887 0.0338036 0.0306401 0.0277951 0.0252649 0.0230455 0.0211324 0.0195214 0.0182086 0.0171903 0.0164636 0.0160271 
0.0173402 0.0174923 0.0179569 0.0187364 0.019833 0.0212501 0.0229913 0.0250611 0.027464 0.0302045 0.0332869 0.0367151 0.0404919 0.0446192 0.0490975 0.0539253 0.0590995 0.0646147 0.0704628 0.0766333 0.0831128 0.0898851 0.0969308 0.104228 0.11175 0.11947 0.127357 0.135376 0.143491 0.151665 0.159856 0.168023 0.176122 0.18411 0.191942 0.199573 0.206959 0.214055 0.22082 0.227212 0.233192 0.238722 0.243769 0.248299 0.252284 0.2557 0.258523 0.260736 0.262325 0.263279 0.263593 0.263263 0.262293 0.260689 0.258461 0.255624 0.252195 0.248197 0.243656 0.2386 0.233061 0.227075 0.220677 0.213909 0.20681 0.199425 0.191796 0.183967 0.175985 0.167892 0.159733 0.151552 0.143389 0.135286 0.12728 0.119407 0.111701 0.104192 0.0969093 0.0898774 0.0831184 0.0766515 0.0704926 0.0646551 0.0591492 0.0539829 0.0491616 0.0446882 0.0405642 0.0367891 0.033361 0.030277 0.0275335 0.0251263 0.0230508 0.0213028 0.019878 0.0187728 0.0179843 0.0175106 
0.0188913 0.0190564 0.0195601 0.0204047 0.0215925 0.0231269 0.025012 0.0272521 0.0298519 0.0328161 0.0361489 0.0398543 0.0439348 0.0483923 0.0532266 0.0584361 0.0640168 0.0699625 0.0762641 0.0829099 0.0898851 0.0971718 0.104749 0.112592 0.120674 0.128964 0.137428 0.146031 0.154732 0.163492 0.172267 0.181011 0.189679 0.198224 0.206599 0.214755 0.222646 0.230226 0.237448 0.24427 0.25065 0.256549 0.26193 0.26676 0.271008 0.274647 0.277655 0.280013 0.281705 0.282721 0.283054 0.282703 0.281669 0.27996 0.277585 0.274561 0.270906 0.266644 0.261802 0.25641 0.250501 0.244113 0.237284 0.230057 0.222475 0.214583 0.206428 0.198056 0.189516 0.180854 0.172118 0.163354 0.154606 0.145916 0.137328 0.128878 0.120603 0.112536 0.104708 0.097146 0.089874 0.0829128 0.0762801 0.0699905 0.0640556 0.0584841 0.0532824 0.0484542 0.0440012 0.0399233 0.036219 0.0328855 0.029919 0.0273154 0.0250702 0.0231788 0.021637 0.0204409 0.0195875 0.0190751 
0.0205197 0.0206985 0.0212429 0.0221552 0.023438 0.0250948 0.0271296 0.0295471 0.0323519 0.0355487 0.039142 0.0431354 0.0475316 0.0523318 0.0575357 0.063141 0.0691431 0.0755346 0.0823057 0.0894432 0.0969308 0.104749 0.112875 0.121282 0.12994 0.138817 0.147876 0.157078 0.166383 0.175744 0.185117 0.194454 0.203705 0.21282 0.22175 0.230444 0.238851 0.246924 0.254613 0.261874 0.268662 0.274936 0.280658 0.285793 0.290308 0.294175 0.297371 0.299876 0.301673 0.302752 0.303105 0.302732 0.301633 0.299816 0.297293 0.294079 0.290195 0.285664 0.280515 0.27478 0.268494 0.261696 0.254427 0.246732 0.238656 0.230247 0.221553 0.212626 0.203515 0.19427 0.184942 0.175579 0.166229 0.156938 0.14775 0.138706 0.129845 0.121203 0.112813 0.104704 0.0969016 0.0894294 0.0823065 0.075549 0.0691696 0.0631783 0.0575821 0.0523856 0.0475911 0.0431988 0.0392074 0.0356144 0.032416 0.0296082 0.0271862 0.0251455 0.0234818 0.0221911 0.0212702 0.0207175 
0.0222214 0.0224144 0.0230011 0.0239838 0.0253652 0.0271488 0.0293389 0.0319401 0.0349572 0.0383951 0.042258 0.0465494 0.0512719 0.0564264 0.0620121 0.068026 0.0744628 0.0813142 0.0885689 0.0962127 0.104228 0.112592 0.121282 0.130267 0.139517 0.148996 0.158664 0.168481 0.178401 0.188378 0.198362 0.208303 0.218149 0.227846 0.237341 0.246581 0.255514 0.264087 0.272251 0.279957 0.287159 0.293814 0.299881 0.305324 0.31011 0.314208 0.317594 0.320247 0.322151 0.323293 0.323668 0.323271 0.322107 0.320182 0.317508 0.314102 0.309985 0.305182 0.299722 0.29364 0.286972 0.279758 0.272043 0.263872 0.255294 0.246358 0.237118 0.227624 0.217931 0.208092 0.198159 0.188185 0.178221 0.168314 0.158512 0.14886 0.139398 0.130166 0.121198 0.112526 0.104179 0.0961811 0.0885534 0.0813137 0.074476 0.0680515 0.0620481 0.0564712 0.0513237 0.0466062 0.0423179 0.0384562 0.0350178 0.0319984 0.0293933 0.027198 0.0254079 0.0240191 0.0230282 0.0224336 
0.0239916 0.0241994 0.0248297 0.025885 0.0273682 0.0292828 0.0316331 0.0344239 0.0376601 0.0413464 0.045487 0.0500855 0.0551439 0.0606629 0.0666412 0.0730751 0.0799583 0.0872816 0.0950325 0.103195 0.11175 0.120674 0.12994 0.139517 0.149371 0.159464 0.169754 0.180196 0.190744 0.201347 0.211952 0.222507 0.232955 0.243242 0.25331 0.263104 0.272568 0.281648 0.290291 0.298447 0.306067 0.313106 0.319522 0.325276 0.330334 0.334664 0.338242 0.341044 0.343055 0.344262 0.344657 0.344238 0.343007 0.340973 0.338148 0.334548 0.330197 0.325119 0.319347 0.312914 0.305861 0.298228 0.290061 0.28141 0.272323 0.262855 0.25306 0.242993 0.23271 0.222267 0.21172 0.201125 0.190535 0.180001 0.169574 0.159301 0.149226 0.139391 0.129833 0.120586 0.111681 0.103144 0.0949994 0.0872651 0.0799571 0.0730876 0.0666658 0.0606977 0.055187 0.0501349 0.0455407 0.0414024 0.0377165 0.0344789 0.031685 0.02933 0.0274096 0.0259195 0.0248564 0.0242186 
0.0258246 0.0260475 0.0267227 0.0278528 0.0294406 0.0314897 0.0340047 0.0369902 0.0404512 0.0443924 0.048818 0.0537312 0.0591338 0.0650262 0.0714063 0.0782698 0.0856095 0.093415 0.101672 0.110365 0.11947 0.128964 0.138817 0.148996 0.159464 0.17018 0.181101 0.192178 0.203361 0.214598 0.225832 0.237007 0.248065 0.258946 0.269593 0.279944 0.289944 0.299534 0.308659 0.317266 0.325306 0.332731 0.339496 0.345562 0.350893 0.355457 0.359226 0.362179 0.364297 0.365567 0.365983 0.365541 0.364245 0.362102 0.359125 0.355331 0.350745 0.345392 0.339306 0.332522 0.325081 0.317027 0.308407 0.299272 0.289674 0.27967 0.269316 0.25867 0.247791 0.236738 0.225571 0.214347 0.203123 0.191954 0.180893 0.16999 0.159292 0.148844 0.138685 0.128853 0.119379 0.110294 0.101621 0.0933814 0.0855928 0.0782685 0.0714186 0.0650501 0.0591675 0.0537724 0.0488648 0.0444426 0.0405028 0.0370413 0.0340535 0.0315347 0.0294803 0.0278862 0.026749 0.0260668 
0.0277137 0.0279521 0.0286733 0.0298799 0.0315747 0.0337615 0.0364448 0.0396294 0.0433202 0.0475218 0.0522383 0.0574726 0.0632265 0.0694994 0.076289 0.08359 0.0913941 0.09969 0.108462 0.117692 0.127357 0.137428 0.147876 0.158664 0.169754 0.181101 0.192658 0.204376 0.216201 0.228076 0.239943 0.251742 0.263413 0.274892 0.286119 0.29703 0.307566 0.317666 0.327274 0.336334 0.344793 0.352603 0.359717 0.366095 0.371698 0.376495 0.380455 0.383557 0.385782 0.387116 0.387552 0.387088 0.385726 0.383474 0.380346 0.376359 0.371539 0.365912 0.359512 0.352378 0.34455 0.336074 0.327001 0.317381 0.307272 0.29673 0.285815 0.274588 0.26311 0.251445 0.239653 0.227795 0.215933 0.204123 0.192422 0.180882 0.169555 0.158486 0.147719 0.137293 0.127243 0.1176 0.108391 0.0996384 0.091361 0.0835738 0.0762879 0.0695116 0.0632498 0.057505 0.0522774 0.0475655 0.0433664 0.0396761 0.0364902 0.0338038 0.0316125 0.029912 0.0286989 0.0279714 
0.0296514 0.0299057 0.0306737 0.0319581 0.033762 0.036089 0.0389436 0.0423307 0.0462552 0.0507215 0.0557337 0.0612944 0.0674047 0.0740639 0.0812687 0.0890131 0.0972878 0.10608 0.115373 0.125147 0.135376 0.146031 0.157078 0.168481 0.180196 0.192178 0.204376 0.216738 0.229206 0.241722 0.254223 0.266648 0.278931 0.291009 0.302814 0.314285 0.325355 0.335965 0.346053 0.355563 0.36444 0.372632 0.380094 0.386781 0.392655 0.397681 0.401832 0.405082 0.407412 0.40881 0.409267 0.408781 0.407353 0.404993 0.401715 0.397537 0.392484 0.386585 0.379874 0.372391 0.364178 0.355284 0.345758 0.335657 0.325037 0.313959 0.302484 0.290676 0.2786 0.266321 0.253903 0.241411 0.228908 0.216454 0.20411 0.19193 0.179969 0.168275 0.156895 0.145871 0.135239 0.125033 0.115281 0.10601 0.0972373 0.0889812 0.0812536 0.0740635 0.067417 0.061317 0.0557645 0.0507582 0.0462955 0.0423726 0.0389851 0.0361283 0.0337976 0.0319888 0.0306985 0.0299248 
0.0316293 0.0318997 0.0327152 0.0340786 0.0359929 0.0384619 0.0414901 0.0450823 0.0492434 0.0539777 0.0592889 0.0651794 0.07165 0.0786993 0.0863233 0.094515 0.103264 0.112557 0.122374 0.132695 0.143491 0.154732 0.166383 0.178401 0.190744 0.203361 0.216201 0.229206 0.242317 0.255472 0.268607 0.281655 0.294549 0.307221 0.319603 0.331628 0.34323 0.354345 0.36491 0.374865 0.384155 0.392726 0.400531 0.407524 0.413665 0.418919 0.423257 0.426653 0.429088 0.430548 0.431026 0.430517 0.429025 0.426559 0.423133 0.418766 0.413483 0.407315 0.400297 0.392469 0.383876 0.374566 0.364594 0.354014 0.342888 0.331277 0.319246 0.306861 0.294189 0.281299 0.268257 0.255132 0.241989 0.228893 0.215905 0.203084 0.190488 0.178168 0.166173 0.154547 0.14333 0.132558 0.122261 0.112466 0.103196 0.0944666 0.0862933 0.0786856 0.0716505 0.0651918 0.0593107 0.0540067 0.0492773 0.0451189 0.0415273 0.0384979 0.0360261 0.0341076 0.0327391 0.0319186 
0.0336382 0.0339248 0.0347883 0.0362314 0.0382571 0.0408693 0.0440725 0.0478714 0.0522707 0.0572748 0.0628871 0.0691095 0.0759425 0.0833839 0.0914289 0.10007 0.109295 0.119089 0.129432 0.1403 0.151665 0.163492 0.175744 0.188378 0.201347 0.214598 0.228076 0.241722 0.255472 0.269263 0.283026 0.296692 0.310191 0.323452 0.336404 0.348978 0.361105 0.372718 0.383753 0.394148 0.403845 0.412789 0.420931 0.428225 0.434628 0.440106 0.444628 0.448168 0.450706 0.452227 0.452725 0.452194 0.45064 0.448069 0.444498 0.439945 0.434437 0.428005 0.420684 0.412517 0.403549 0.393831 0.383417 0.372366 0.36074 0.348603 0.336022 0.323065 0.309803 0.296307 0.282647 0.268893 0.255114 0.241378 0.22775 0.214291 0.201062 0.188117 0.175507 0.16328 0.151479 0.14014 0.129297 0.118978 0.109208 0.100004 0.0913834 0.0833563 0.0759306 0.069111 0.0628995 0.0572957 0.0522977 0.0479022 0.044105 0.0409016 0.0382875 0.0362585 0.0348111 0.0339434 
0.035668 0.035971 0.0368826 0.0384057 0.0405433 0.0432992 0.0466779 0.050684 0.0553223 0.0605967 0.0665105 0.0730652 0.0802607 0.0880943 0.0965603 0.10565 0.11535 0.125645 0.136512 0.147926 0.159856 0.172267 0.185117 0.198362 0.211952 0.225832 0.239943 0.254223 0.268607 0.283026 0.29741 0.311686 0.325782 0.339623 0.353137 0.366251 0.378893 0.390996 0.402492 0.413318 0.423414 0.432724 0.441196 0.448784 0.455444 0.461141 0.465843 0.469523 0.472161 0.473743 0.474259 0.473708 0.472092 0.469419 0.465706 0.460972 0.455244 0.448553 0.440936 0.432437 0.423102 0.412983 0.402137 0.390623 0.378506 0.365851 0.352729 0.33921 0.325367 0.311273 0.297002 0.282626 0.268219 0.25385 0.239587 0.225496 0.211638 0.198073 0.184853 0.172029 0.159645 0.147742 0.136354 0.125513 0.115244 0.105567 0.0964987 0.0880523 0.080236 0.0730553 0.0665129 0.060609 0.055342 0.0507087 0.0467054 0.0433276 0.0405707 0.0384308 0.0369042 0.0359893 
0.0377083 0.0380276 0.0389873 0.0405902 0.0428395 0.0457388 0.0492926 0.0535055 0.058382 0.063926 0.0701402 0.0770259 0.0845824 0.0928062 0.101691 0.111226 0.121399 0.13219 0.143577 0.155532 0.168023 0.181011 0.194454 0.208303 0.222507 0.237007 0.251742 0.266648 0.281655 0.296692 0.311686 0.326562 0.341243 0.355653 0.369717 0.383359 0.396507 0.409088 0.421034 0.432281 0.442766 0.452432 0.461226 0.4691 0.47601 0.48192 0.486796 0.490613 0.493348 0.494989 0.495524 0.494953 0.493277 0.490505 0.486654 0.481744 0.475801 0.468859 0.460954 0.452132 0.442439 0.431929 0.420661 0.408695 0.396098 0.382937 0.369285 0.355215 0.340801 0.326121 0.31125 0.296264 0.281238 0.266245 0.251357 0.236642 0.222164 0.207985 0.194162 0.180747 0.167787 0.155324 0.143397 0.132038 0.121273 0.111125 0.101613 0.0927493 0.0845443 0.0770042 0.0701323 0.0639293 0.0583941 0.0535238 0.0493149 0.045763 0.0428637 0.0406131 0.0390076 0.0380455 
0.0397475 0.0400831 0.0410905 0.0427729 0.045133 0.0481746 0.0519023 0.0563203 0.0614332 0.0672444 0.0737564 0.0809701 0.0888841 0.0974941 0.106793 0.116769 0.127408 0.13869 0.15059 0.163079 0.176122 0.189679 0.203705 0.218149 0.232955 0.248065 0.263413 0.278931 0.294549 0.310191 0.325782 0.341243 0.356495 0.371461 0.386061 0.400218 0.413856 0.426903 0.439287 0.450942 0.461804 0.471815 0.480921 0.489073 0.496225 0.502341 0.507386 0.511334 0.514164 0.515861 0.516415 0.515824 0.51409 0.511223 0.507239 0.502158 0.496008 0.488822 0.480639 0.471503 0.461463 0.450575 0.438896 0.426491 0.413427 0.399774 0.385606 0.370998 0.356028 0.340775 0.325318 0.309734 0.294103 0.2785 0.262999 0.247671 0.232584 0.217803 0.203386 0.189389 0.175861 0.162847 0.150388 0.138516 0.127262 0.11665 0.106698 0.0974221 0.0888324 0.0809363 0.0737379 0.0672385 0.0614373 0.056332 0.0519191 0.0481944 0.0451539 0.0427934 0.0411094 0.0401005 
0.0417739 0.0421256 0.0431803 0.0449409 0.0474105 0.0505928 0.054492 0.0591125 0.0644584 0.0705332 0.0773388 0.0848756 0.0931416 0.102132 0.111838 0.122248 0.133346 0.145109 0.157513 0.170526 0.18411 0.198224 0.21282 0.227846 0.243242 0.258946 0.274892 0.291009 0.307221 0.323452 0.339623 0.355653 0.371461 0.386965 0.402085 0.41674 0.430854 0.44435 0.457157 0.469207 0.480433 0.490778 0.500184 0.508602 0.515988 0.522301 0.527509 0.531585 0.534505 0.536256 0.536828 0.536218 0.534429 0.53147 0.527358 0.522113 0.515763 0.508343 0.499892 0.490454 0.48008 0.468825 0.456751 0.443922 0.430406 0.416276 0.401608 0.386479 0.37097 0.35516 0.339133 0.322968 0.306747 0.290549 0.27445 0.258524 0.242843 0.227472 0.212475 0.197908 0.183824 0.17027 0.157288 0.144914 0.13318 0.12211 0.111727 0.102044 0.0930761 0.0848295 0.0773094 0.0705178 0.0644544 0.0591172 0.0545031 0.050608 0.047428 0.044959 0.0431977 0.0421425 
0.0437754 0.0441428 0.0452438 0.0470814 0.0496585 0.0529787 0.0570462 0.0618653 0.0674399 0.0737729 0.0808662 0.0887195 0.0973302 0.106693 0.116797 0.127631 0.139177 0.151411 0.164307 0.17783 0.191942 0.206599 0.22175 0.237341 0.25331 0.269593 0.286119 0.302814 0.319603 0.336404 0.353137 0.369717 0.386061 0.402085 0.417706 0.432841 0.447412 0.461341 0.474555 0.486983 0.498559 0.509222 0.518917 0.527591 0.5352 0.541703 0.547067 0.551263 0.55427 0.556073 0.556662 0.556034 0.554192 0.551145 0.546911 0.541509 0.534969 0.527324 0.518616 0.508888 0.498194 0.486588 0.474134 0.460896 0.446946 0.432358 0.417208 0.401577 0.385546 0.3692 0.352621 0.335894 0.319103 0.302327 0.285649 0.269143 0.252884 0.236941 0.221378 0.206257 0.191631 0.17755 0.164059 0.151195 0.138991 0.127475 0.116669 0.10659 0.0972508 0.088661 0.0808258 0.073748 0.0674276 0.0618631 0.0570515 0.0529893 0.0496724 0.047097 0.0452597 0.0441592 
0.0457392 0.0461221 0.0472684 0.049181 0.0518629 0.0553177 0.0595493 0.064562 0.0703593 0.076944 0.0843174 0.0924788 0.101425 0.111149 0.121641 0.132887 0.144868 0.157559 0.170931 0.18495 0.199573 0.214755 0.230444 0.246581 0.263104 0.279944 0.29703 0.314285 0.331628 0.348978 0.366251 0.383359 0.400218 0.41674 0.432841 0.448437 0.463445 0.477788 0.49139 0.504179 0.516089 0.527057 0.537026 0.545944 0.553765 0.560448 0.56596 0.570272 0.573362 0.575214 0.575819 0.575174 0.573281 0.570152 0.5658 0.56025 0.553528 0.54567 0.536717 0.526714 0.515713 0.503773 0.490956 0.477328 0.462963 0.447935 0.432324 0.416212 0.399682 0.382819 0.365711 0.348444 0.331102 0.313772 0.296534 0.279468 0.262651 0.246155 0.230046 0.214388 0.199238 0.184647 0.170662 0.157322 0.144663 0.132713 0.121496 0.111031 0.101332 0.0924079 0.084266 0.0769094 0.0703387 0.0645527 0.0595487 0.0553235 0.0518731 0.0491939 0.0472826 0.0461379 
0.0476528 0.0480506 0.0492407 0.0512261 0.0540096 0.0575947 0.0619853 0.0671854 0.0731983 0.0800265 0.087671 0.0961303 0.105401 0.115474 0.126341 0.137985 0.150385 0.163516 0.177348 0.191843 0.206959 0.222646 0.238851 0.255514 0.272568 0.289944 0.307566 0.325355 0.34323 0.361105 0.378893 0.396507 0.413856 0.430854 0.447412 0.463445 0.47887 0.493606 0.507577 0.520709 0.532935 0.544191 0.55442 0.563569 0.57159 0.578444 0.584096 0.588517 0.591685 0.593584 0.594204 0.593543 0.591603 0.588395 0.583934 0.578242 0.571349 0.563289 0.554104 0.54384 0.53255 0.520292 0.50713 0.493133 0.478373 0.462928 0.446878 0.430306 0.413299 0.395945 0.378331 0.360547 0.34268 0.324818 0.307044 0.289442 0.27209 0.255062 0.238429 0.222255 0.2066 0.191518 0.177057 0.163259 0.150161 0.137792 0.126179 0.115341 0.105294 0.0960471 0.0876087 0.0799824 0.0731694 0.067169 0.0619788 0.0575958 0.0540162 0.0512364 0.0492534 0.0480658 
0.0495033 0.0499155 0.0511478 0.0532032 0.0560844 0.0597948 0.0643382 0.0697185 0.0759386 0.0830008 0.0909055 0.0996508 0.109232 0.119641 0.130867 0.142891 0.155694 0.169247 0.183518 0.198469 0.214055 0.230226 0.246924 0.264087 0.281648 0.299534 0.317666 0.335965 0.354345 0.372718 0.390996 0.409088 0.426903 0.44435 0.461341 0.477788 0.493606 0.508713 0.523032 0.536487 0.549011 0.560539 0.571012 0.580378 0.588588 0.595602 0.601386 0.605909 0.60915 0.611093 0.611727 0.611051 0.609067 0.605785 0.60122 0.595397 0.588343 0.580093 0.57069 0.56018 0.548618 0.536061 0.522574 0.508228 0.493095 0.477256 0.46079 0.443785 0.426327 0.408506 0.390413 0.372138 0.353772 0.335404 0.317121 0.299008 0.281146 0.263612 0.246478 0.229811 0.213674 0.198122 0.183206 0.16897 0.155451 0.142682 0.130689 0.119494 0.109112 0.0995555 0.0908325 0.0829472 0.0759015 0.0696951 0.064326 0.0597912 0.0560873 0.0532109 0.0511589 0.0499301 
0.0512781 0.0517041 0.0529767 0.0550988 0.0580732 0.0619031 0.0665924 0.0721444 0.0785621 0.0858472 0.0939998 0.103018 0.112895 0.123624 0.13519 0.147577 0.160762 0.174716 0.189404 0.204788 0.22082 0.237448 0.254613 0.272251 0.290291 0.308659 0.327274 0.346053 0.36491 0.383753 0.402492 0.421034 0.439287 0.457157 0.474555 0.49139 0.507577 0.523032 0.537676 0.551434 0.564236 0.576018 0.586719 0.596287 0.604674 0.611838 0.617743 0.622362 0.625671 0.627655 0.628303 0.627613 0.625587 0.622236 0.617576 0.611629 0.604425 0.595999 0.586392 0.575653 0.563835 0.550999 0.537209 0.522535 0.507054 0.490844 0.473989 0.456576 0.438694 0.420434 0.401889 0.383152 0.364315 0.34547 0.326706 0.308111 0.289766 0.271753 0.254145 0.237012 0.220417 0.20442 0.189073 0.17442 0.160501 0.147351 0.134997 0.123462 0.112762 0.102911 0.0939164 0.0857845 0.078517 0.0721142 0.0665744 0.0618949 0.0580725 0.0551039 0.0529861 0.051718 
0.0529647 0.0534037 0.0547144 0.0568997 0.0599622 0.0639052 0.0687323 0.0744467 0.081051 0.0885468 0.0969336 0.106208 0.116366 0.127395 0.139284 0.152012 0.165557 0.179888 0.19497 0.210761 0.227212 0.24427 0.261874 0.279957 0.298447 0.317266 0.336334 0.355563 0.374865 0.394148 0.413318 0.432281 0.450942 0.469207 0.486983 0.504179 0.520709 0.536487 0.551434 0.565473 0.578534 0.590551 0.601464 0.611219 0.619769 0.627071 0.63309 0.637797 0.641169 0.64319 0.643851 0.643148 0.641084 0.63767 0.632921 0.62686 0.619517 0.610927 0.601132 0.59018 0.578127 0.565031 0.550959 0.535981 0.520175 0.503621 0.486404 0.468611 0.450333 0.431664 0.412697 0.393528 0.374251 0.35496 0.335745 0.316697 0.297901 0.279437 0.261384 0.243813 0.226789 0.210373 0.194619 0.179574 0.16528 0.151771 0.139076 0.12722 0.11622 0.10609 0.0968402 0.0884752 0.0809983 0.0744099 0.0687088 0.0638926 0.0599581 0.0569023 0.0547223 0.0534171 
0.0545511 0.0550023 0.0563487 0.0585931 0.0617381 0.065787 0.070743 0.0766093 0.0833883 0.0910811 0.0996868 0.109202 0.11962 0.130932 0.143121 0.156168 0.170049 0.184731 0.20018 0.21635 0.233192 0.25065 0.268662 0.287159 0.306067 0.325306 0.344793 0.36444 0.384155 0.403845 0.423414 0.442766 0.461804 0.480433 0.498559 0.516089 0.532935 0.549011 0.564236 0.578534 0.591832 0.604065 0.615172 0.6251 0.633799 0.641228 0.647351 0.652139 0.655569 0.657625 0.658297 0.657582 0.655484 0.652011 0.647181 0.641016 0.633545 0.624805 0.614837 0.603691 0.59142 0.578085 0.563754 0.548497 0.532392 0.51552 0.497968 0.479824 0.461181 0.442133 0.422777 0.403208 0.383523 0.363818 0.344185 0.324717 0.305501 0.28662 0.268153 0.250174 0.23275 0.215944 0.199811 0.184401 0.169755 0.155911 0.142899 0.130743 0.119463 0.109073 0.0995839 0.091001 0.0833282 0.0765663 0.0707143 0.06577 0.0617307 0.0585933 0.0563551 0.055015 
0.0560256 0.0564882 0.0578675 0.0601667 0.0633881 0.0675349 0.0726102 0.0786171 0.0855576 0.0934325 0.102241 0.111978 0.122638 0.134209 0.146675 0.160017 0.174207 0.189215 0.205001 0.22152 0.238722 0.256549 0.274936 0.293814 0.313106 0.332731 0.352603 0.372632 0.392726 0.412789 0.432724 0.452432 0.471815 0.490778 0.509222 0.527057 0.544191 0.560539 0.576018 0.590551 0.604065 0.616495 0.627779 0.637863 0.646698 0.654242 0.660459 0.66532 0.668803 0.670891 0.671573 0.670848 0.668717 0.665192 0.660288 0.654028 0.646442 0.637565 0.627441 0.616117 0.603648 0.590097 0.575529 0.560018 0.54364 0.526479 0.508621 0.490157 0.47118 0.451786 0.432072 0.412137 0.392078 0.371993 0.351978 0.332124 0.312522 0.293256 0.274409 0.256055 0.238263 0.221098 0.204616 0.188868 0.173899 0.159746 0.146441 0.134008 0.12247 0.111839 0.102129 0.0933446 0.0854906 0.0785681 0.0725765 0.0675139 0.0633775 0.0601646 0.0578725 0.0565003 
