1.44809e-35 3.58681e-36 1.12795e-35 8.37281e-35 6.17244e-34 4.39899e-33 3.02747e-32 2.01072e-31 1.28791e-30 7.95025e-30 4.72657e-29 2.70447e-28 1.48831e-27 7.87213e-27 3.99949e-26 1.95062e-25 9.12785e-25 4.09632e-24 1.76235e-23 7.26693e-23 2.87148e-22 1.08727e-21 3.94513e-21 1.37189e-20 4.57251e-20 1.46077e-19 4.4727e-19 1.31228e-18 3.688e-18 9.92304e-18 2.55469e-17 6.28943e-17 1.47987e-16 3.32626e-16 7.13855e-16 1.46212e-15 2.85645e-15 5.31876e-15 9.42829e-15 1.58844e-14 2.53783e-14 3.83522e-14 5.46931e-14 7.35065e-14 9.31647e-14 1.11713e-13 1.27472e-13 1.39508e-13 1.47717e-13 1.52558e-13 1.54612e-13 1.54204e-13 1.51221e-13 1.45161e-13 1.35422e-13 1.21746e-13 1.04617e-13 8.53721e-14 6.5894e-14 4.8035e-14 3.3092e-14 2.15859e-14 1.33646e-14 7.87225e-15 4.42038e-15 2.36976e-15 1.21432e-15 5.95296e-16 2.79392e-16 1.2562e-16 5.41422e-17 2.23837e-17 8.88255e-18 3.38569e-18 1.24035e-18 4.36998e-19 1.4814e-19 4.83383e-20 1.51867e-20 4.59496e-21 1.33913e-21 3.75976e-22 1.01711e-22 2.65182e-23 6.66512e-24 1.61549e-24 3.77753e-25 8.5254e-26 1.85799e-26 3.91228e-27 7.96389e-28 1.56815e-28 2.98872e-29 5.51676e-30 9.8686e-31 1.71186e-31 2.8813e-32 4.70841e-33 7.47452e-34 1.15475e-34 
3.58681e-36 9.07875e-37 3.1133e-36 2.3926e-35 1.82061e-34 1.34027e-33 9.53591e-33 6.55323e-32 4.34701e-31 2.78152e-30 1.71567e-29 1.01942e-28 5.83102e-28 3.20859e-27 1.69738e-26 8.62724e-26 4.21057e-25 1.97226e-24 8.86233e-24 3.81888e-23 1.57765e-22 6.24719e-22 2.37084e-21 8.62228e-21 3.00465e-20 1.0031e-19 3.20741e-19 9.81848e-19 2.87591e-18 8.05488e-18 2.15567e-17 5.50852e-17 1.34315e-16 3.12317e-16 6.92178e-16 1.46137e-15 2.93743e-15 5.61681e-15 1.02052e-14 1.7588e-14 2.86829e-14 4.41355e-14 6.38985e-14 8.68921e-14 1.11032e-13 1.33774e-13 1.52946e-13 1.67395e-13 1.77082e-13 1.82687e-13 1.85014e-13 1.84504e-13 1.80995e-13 1.738e-13 1.62071e-13 1.45394e-13 1.24349e-13 1.00666e-13 7.6809e-14 5.51632e-14 3.73272e-14 2.3854e-14 1.44367e-14 8.29595e-15 4.53593e-15 2.3635e-15 1.17503e-15 5.57877e-16 2.53139e-16 1.09854e-16 4.56261e-17 1.81498e-17 6.92034e-18 2.5312e-18 8.88807e-19 2.99839e-19 9.72413e-20 3.03347e-20 9.10668e-21 2.63199e-21 7.32599e-22 1.9645e-22 5.07676e-23 1.26484e-23 3.03927e-24 7.04672e-25 1.57727e-25 3.41002e-26 7.12512e-27 1.4397e-27 2.81495e-28 5.32918e-29 9.77518e-30 1.73837e-30 2.9991e-31 5.0228e-32 8.17102e-33 1.29195e-33 1.98659e-34 2.97643e-35 
1.12795e-35 3.1133e-36 1.27207e-35 1.006e-34 7.81979e-34 5.87613e-33 4.2649e-32 2.98789e-31 2.01917e-30 1.31533e-29 8.25366e-29 4.9854e-28 2.89657e-27 1.61768e-26 8.67809e-26 4.46881e-25 2.20764e-24 1.04566e-23 4.74641e-23 2.06388e-22 8.59446e-22 3.42671e-21 1.308e-20 4.77946e-20 1.67174e-19 5.59675e-19 1.79307e-18 5.4956e-18 1.61059e-17 4.51078e-17 1.20649e-16 3.07974e-16 7.49805e-16 1.74017e-15 3.84804e-15 8.10391e-15 1.62456e-14 3.09783e-14 5.61318e-14 9.64907e-14 1.56995e-13 2.41084e-13 3.48421e-13 4.73053e-13 6.03589e-13 7.26199e-13 8.29186e-13 9.06454e-13 9.57992e-13 9.87626e-13 9.99777e-13 9.96817e-13 9.77826e-13 9.38986e-13 8.75628e-13 7.85455e-13 6.71594e-13 5.4348e-13 4.14503e-13 2.97588e-13 2.0134e-13 1.28683e-13 7.79105e-14 4.47965e-14 2.45091e-14 1.27785e-14 6.35566e-15 3.01804e-15 1.36919e-15 5.9381e-16 2.46352e-16 9.78328e-17 3.72173e-17 1.35724e-17 4.74821e-18 1.59458e-18 5.14336e-19 1.59417e-19 4.74974e-20 1.36078e-20 3.74984e-21 9.94167e-22 2.53664e-22 6.23099e-23 1.47409e-23 3.36009e-24 7.38335e-25 1.56483e-25 3.2007e-26 6.32193e-27 1.20658e-27 2.2266e-28 3.9755e-29 6.87204e-30 1.15081e-30 1.86819e-31 2.94177e-32 4.49603e-33 6.67332e-34 9.63724e-35 
8.37281e-35 2.3926e-35 1.006e-34 7.92065e-34 6.12391e-33 4.57717e-32 3.30434e-31 2.30253e-30 1.54763e-29 1.00268e-28 6.25715e-28 3.75834e-27 2.1712e-26 1.2055e-25 6.42816e-25 3.2897e-24 1.61471e-23 7.59702e-23 3.42437e-22 1.47816e-21 6.10844e-21 2.41609e-20 9.14575e-20 3.31309e-19 1.14855e-18 3.81027e-18 1.20949e-17 3.6727e-17 1.06642e-16 2.95941e-16 7.84402e-16 1.98448e-15 4.78922e-15 1.10197e-14 2.41638e-14 5.0475e-14 1.00393e-13 1.90009e-13 3.41878e-13 5.83902e-13 9.44545e-13 1.44316e-12 2.07684e-12 2.80993e-12 3.57541e-12 4.29253e-12 4.89349e-12 5.34344e-12 5.64293e-12 5.81465e-12 5.88448e-12 5.8661e-12 5.75389e-12 5.52536e-12 5.15312e-12 4.62384e-12 3.95593e-12 3.20459e-12 2.44801e-12 1.76158e-12 1.1955e-12 7.67028e-13 4.66516e-13 2.69628e-13 1.48362e-13 7.78264e-14 3.89588e-14 1.86243e-14 8.50786e-15 3.71605e-15 1.55286e-15 6.21237e-16 2.38102e-16 8.74899e-17 3.08416e-17 1.04366e-17 3.39189e-18 1.05916e-18 3.17869e-19 9.17107e-20 2.54435e-20 6.78933e-21 1.74298e-21 4.30649e-22 1.02445e-22 2.34742e-23 5.18384e-24 1.10386e-24 2.26801e-25 4.49896e-26 8.62187e-27 1.59735e-27 2.86282e-28 4.96677e-29 8.34686e-30 1.35963e-30 2.14803e-31 3.29343e-32 4.90345e-33 7.10259e-34 
6.17244e-34 1.82061e-34 7.81979e-34 6.12391e-33 4.70638e-32 3.49668e-31 2.50931e-30 1.73816e-29 1.16134e-28 7.47917e-28 4.63926e-27 2.76961e-26 1.59012e-25 8.77317e-25 4.64803e-24 2.36294e-23 1.15189e-22 5.38108e-22 2.40764e-21 1.03129e-20 4.22753e-20 1.65811e-19 6.22169e-19 2.2334e-18 7.67015e-18 2.52018e-17 7.92206e-17 2.38206e-16 6.84916e-16 1.88229e-15 4.94138e-15 1.23837e-14 2.96098e-14 6.75132e-14 1.46733e-13 3.03876e-13 5.99402e-13 1.12552e-12 2.01012e-12 3.40971e-12 5.48191e-12 8.33102e-12 1.1935e-11 1.60884e-11 2.04113e-11 2.44502e-11 2.7827e-11 3.03499e-11 3.20257e-11 3.29839e-11 3.33703e-11 3.32607e-11 3.26223e-11 3.13273e-11 2.92213e-11 2.62297e-11 2.24566e-11 1.82131e-11 1.39385e-11 1.00559e-11 6.84765e-12 4.41194e-12 2.69673e-12 1.56736e-12 8.67741e-13 4.58191e-13 2.30954e-13 1.11204e-13 5.11778e-14 2.2524e-14 9.48567e-15 3.82498e-15 1.47784e-15 5.47466e-16 1.94579e-16 6.63864e-17 2.17518e-17 6.84686e-18 2.07097e-18 6.02052e-19 1.68251e-19 4.52112e-20 1.16847e-20 2.90553e-21 6.95417e-22 1.60283e-22 3.55949e-23 7.62082e-24 1.57399e-24 3.13817e-25 6.04389e-26 1.12517e-26 2.0262e-27 3.53184e-28 5.96304e-29 9.75815e-30 1.54874e-30 2.38547e-31 3.56791e-32 5.19189e-33 
4.39899e-33 1.34027e-33 5.87613e-33 4.57717e-32 3.49668e-31 2.58247e-30 1.84227e-29 1.26855e-28 8.42546e-28 5.39372e-27 3.32555e-26 1.97325e-25 1.12591e-24 6.17281e-24 3.24924e-23 1.64085e-22 7.94389e-22 3.68455e-21 1.63632e-20 6.95458e-20 2.82769e-19 1.09962e-18 4.08937e-18 1.45435e-17 4.94671e-17 1.6093e-16 5.00788e-16 1.49052e-15 4.24217e-15 1.15407e-14 2.99944e-14 7.44309e-14 1.76249e-13 3.98063e-13 8.57156e-13 1.75919e-12 3.44e-12 6.40608e-12 1.13521e-11 1.91182e-11 3.05389e-11 4.61497e-11 6.57999e-11 8.83533e-11 1.11748e-10 1.33544e-10 1.51723e-10 1.65275e-10 1.74257e-10 1.79378e-10 1.81425e-10 1.808e-10 1.7732e-10 1.70289e-10 1.58873e-10 1.42669e-10 1.22245e-10 9.92769e-11 7.6129e-11 5.50774e-11 3.76433e-11 2.43634e-11 1.49708e-11 8.75318e-12 4.87766e-12 2.59348e-12 1.31683e-12 6.38874e-13 2.96322e-13 1.31462e-13 5.5817e-14 2.26954e-14 8.84298e-15 3.30394e-15 1.18438e-15 4.07554e-16 1.3467e-16 4.27426e-17 1.30328e-17 3.81827e-18 1.07503e-18 2.90935e-19 7.57026e-20 1.89461e-20 4.5626e-21 1.05781e-21 2.36243e-22 5.08544e-23 1.05586e-23 2.11587e-24 4.09526e-25 7.66109e-26 1.38619e-26 2.42764e-27 4.11784e-28 6.76976e-29 1.07939e-29 1.67018e-30 2.50953e-31 3.66865e-32 
3.02747e-32 9.53591e-33 4.2649e-32 3.30434e-31 2.50931e-30 1.84227e-29 1.30645e-28 8.9428e-28 5.90441e-27 3.75729e-26 2.30266e-25 1.35799e-24 7.70051e-24 4.19514e-23 2.19393e-22 1.10053e-21 5.29126e-21 2.43659e-20 1.07399e-19 4.5288e-19 1.82622e-18 7.04035e-18 2.59448e-17 9.13956e-17 3.07799e-16 9.91159e-16 3.0522e-15 8.98857e-15 2.53116e-14 6.81338e-14 1.75233e-13 4.30372e-13 1.00881e-12 2.25584e-12 4.81053e-12 9.78001e-12 1.89507e-11 3.49847e-11 6.14894e-11 1.02774e-10 1.63052e-10 2.44938e-10 3.47476e-10 4.64658e-10 5.85783e-10 6.98292e-10 7.91886e-10 8.61499e-10 9.07536e-10 9.33705e-10 9.44065e-10 9.40669e-10 9.22522e-10 8.86011e-10 8.26815e-10 7.42871e-10 6.37109e-10 5.18173e-10 3.98234e-10 2.88997e-10 1.98306e-10 1.28973e-10 7.97021e-11 4.68974e-11 2.63145e-11 1.40949e-11 7.21204e-12 3.52709e-12 1.64945e-12 7.37961e-13 3.16034e-13 1.29629e-13 5.09584e-14 1.92103e-14 6.94846e-15 2.41241e-15 8.04169e-16 2.57426e-16 7.91447e-17 2.33722e-17 6.63055e-18 1.80741e-18 4.7353e-19 1.19284e-19 2.89045e-20 6.74106e-21 1.51402e-21 3.2769e-22 6.83941e-23 1.37756e-23 2.67951e-24 5.03699e-25 9.1574e-26 1.61128e-26 2.74584e-27 4.53503e-28 7.26404e-29 1.12914e-29 1.70437e-30 2.50308e-31 
2.01072e-31 6.55323e-32 2.98789e-31 2.30253e-30 1.73816e-29 1.26855e-28 8.9428e-28 6.08522e-27 3.99386e-26 2.52632e-25 1.53893e-24 9.02034e-24 5.08324e-23 2.75171e-22 1.4297e-21 7.12362e-21 3.40116e-20 1.55489e-19 6.80177e-19 2.84542e-18 1.13784e-17 4.34798e-17 1.58748e-16 5.53792e-16 1.84613e-15 5.88236e-15 1.79187e-14 5.21904e-14 1.45342e-13 3.86919e-13 9.84245e-13 2.39125e-12 5.54577e-12 1.22723e-11 2.59044e-11 5.21442e-11 1.00075e-10 1.83062e-10 3.18984e-10 5.28909e-10 8.33093e-10 1.2436e-09 1.75482e-09 2.33639e-09 2.93527e-09 3.4898e-09 3.94987e-09 4.29123e-09 4.51645e-09 4.64407e-09 4.6941e-09 4.67649e-09 4.58616e-09 4.40514e-09 4.11207e-09 3.69681e-09 3.17383e-09 2.58565e-09 1.99204e-09 1.45048e-09 9.99613e-10 6.5355e-10 4.06343e-10 2.40724e-10 1.3607e-10 7.34552e-11 3.7894e-11 1.86899e-11 8.81673e-12 3.97986e-12 1.71992e-12 7.12008e-13 2.82524e-13 1.07512e-13 3.92548e-14 1.37561e-14 4.62752e-15 1.4945e-15 4.63406e-16 1.37966e-16 3.94437e-17 1.0831e-17 2.85739e-18 7.24532e-19 1.76664e-19 4.14466e-20 9.36178e-21 2.0373e-21 4.27461e-22 8.65372e-23 1.69163e-23 3.19542e-24 5.83716e-25 1.03191e-25 1.76671e-26 2.93141e-27 4.71702e-28 7.36593e-29 1.11694e-29 1.64794e-30 
1.28791e-30 4.34701e-31 2.01917e-30 1.54763e-29 1.16134e-28 8.42546e-28 5.90441e-27 3.99386e-26 2.60563e-25 1.63831e-24 9.9194e-24 5.7785e-23 3.23601e-22 1.74057e-21 8.98412e-21 4.44618e-20 2.10795e-19 9.56644e-19 4.15282e-18 1.72333e-17 6.83301e-17 2.58775e-16 9.35895e-16 3.23242e-15 1.06633e-14 3.36079e-14 1.01229e-13 2.91469e-13 8.02319e-13 2.11118e-12 5.30882e-12 1.27518e-11 2.92445e-11 6.40079e-11 1.33664e-10 2.66258e-10 5.05865e-10 9.16443e-10 1.58238e-09 2.60166e-09 4.06671e-09 6.03008e-09 8.46075e-09 1.12125e-08 1.4035e-08 1.66398e-08 1.87947e-08 2.03896e-08 2.14393e-08 2.20322e-08 2.22622e-08 2.21754e-08 2.17469e-08 2.08916e-08 1.95089e-08 1.75512e-08 1.50864e-08 1.23136e-08 9.51255e-09 6.95212e-09 4.81375e-09 3.1652e-09 1.98089e-09 1.18207e-09 6.73441e-10 3.66584e-10 1.90764e-10 9.49364e-11 4.52002e-11 2.05965e-11 8.98684e-12 3.75681e-12 1.50547e-12 5.78597e-13 2.1335e-13 7.54943e-14 2.56379e-14 8.35609e-15 2.61379e-15 7.84686e-16 2.26112e-16 6.25523e-17 1.66186e-17 4.24193e-18 1.04084e-18 2.45652e-19 5.58044e-20 1.22108e-20 2.57561e-21 5.24096e-22 1.02962e-22 1.95443e-23 3.58735e-24 6.37186e-25 1.09602e-25 1.82701e-26 2.95349e-27 4.6333e-28 7.05809e-29 1.04618e-29 
7.95025e-30 2.78152e-30 1.31533e-29 1.00268e-28 7.47917e-28 5.39372e-27 3.75729e-26 2.52632e-25 1.63831e-24 1.02387e-23 6.16134e-23 3.56704e-22 1.98499e-21 1.06079e-20 5.43918e-20 2.67344e-19 1.25851e-18 5.66933e-18 2.44205e-17 1.00516e-16 3.95122e-16 1.48278e-15 5.31104e-15 1.81566e-14 5.92543e-14 1.84658e-13 5.49735e-13 1.56397e-12 4.25303e-12 1.10554e-11 2.74646e-11 6.51833e-11 1.47733e-10 3.19619e-10 6.59914e-10 1.30011e-09 2.44385e-09 4.38231e-09 7.49394e-09 1.22111e-08 1.8933e-08 2.78742e-08 3.88741e-08 5.1263e-08 6.39164e-08 7.55532e-08 8.51513e-08 9.22364e-08 9.68874e-08 9.95056e-08 1.0051e-07 1.00104e-07 9.81713e-08 9.43285e-08 8.81248e-08 7.9347e-08 6.82977e-08 5.58631e-08 4.32866e-08 3.17646e-08 2.21079e-08 1.46267e-08 9.21876e-09 5.54434e-09 3.18534e-09 1.74939e-09 9.18818e-10 4.61654e-10 2.21963e-10 1.0216e-10 4.50319e-11 1.90205e-11 7.70199e-12 2.99118e-12 1.11444e-12 3.98371e-13 1.36626e-13 4.49534e-14 1.41887e-14 4.29603e-15 1.24791e-15 3.47843e-16 9.30725e-17 2.39168e-17 5.90577e-18 1.40226e-18 3.20388e-19 7.04936e-20 1.49484e-20 3.0575e-21 6.0369e-22 1.15157e-22 2.12393e-23 3.79051e-24 6.55079e-25 1.0971e-25 1.78179e-26 2.80816e-27 4.29761e-28 6.39987e-29 
4.72657e-29 1.71567e-29 8.25366e-29 6.25715e-28 4.63926e-27 3.32555e-26 2.30266e-25 1.53893e-24 9.9194e-24 6.16134e-23 3.68481e-22 2.11992e-21 1.17217e-20 6.22338e-20 3.16965e-19 1.54717e-18 7.23104e-18 3.23308e-17 1.38173e-16 5.64033e-16 2.19783e-15 8.17148e-15 2.8981e-14 9.80427e-14 3.16433e-13 9.74691e-13 2.86664e-12 8.05396e-12 2.16241e-11 5.54925e-11 1.36104e-10 3.18956e-10 7.13926e-10 1.52576e-09 3.11266e-09 6.06107e-09 1.1265e-08 1.99826e-08 3.38222e-08 5.45888e-08 8.39096e-08 1.22599e-07 1.69877e-07 2.22831e-07 2.76672e-07 3.26004e-07 3.66564e-07 3.96422e-07 4.1597e-07 4.26935e-07 4.31096e-07 4.29295e-07 4.21025e-07 4.04644e-07 3.78234e-07 3.40888e-07 2.93881e-07 2.40951e-07 1.87339e-07 1.38094e-07 9.66563e-08 6.43788e-08 4.08874e-08 2.4798e-08 1.4376e-08 7.97071e-09 4.22798e-09 2.14608e-09 1.04266e-09 4.85032e-10 2.1613e-10 9.22963e-11 3.7789e-11 1.48386e-11 5.58898e-12 2.01919e-12 6.99633e-13 2.32458e-13 7.40533e-14 2.26182e-14 6.62411e-15 1.86064e-15 5.01453e-16 1.29735e-16 3.22415e-17 7.70214e-18 1.77003e-18 3.91627e-19 8.34934e-20 1.71666e-20 3.40673e-21 6.53085e-22 1.21042e-22 2.17062e-23 3.76918e-24 6.34231e-25 1.0349e-25 1.63869e-26 2.51961e-27 3.76983e-28 
2.70447e-28 1.01942e-28 4.9854e-28 3.75834e-27 2.76961e-26 1.97325e-25 1.35799e-24 9.02034e-24 5.7785e-23 3.56704e-22 2.11992e-21 1.21187e-20 6.65749e-20 3.51125e-19 1.77618e-18 8.60905e-18 3.99436e-17 1.77237e-16 7.51436e-16 3.04169e-15 1.17471e-14 4.32634e-14 1.51897e-13 5.08373e-13 1.62215e-12 4.93673e-12 1.43371e-11 3.97571e-11 1.05324e-10 2.66653e-10 6.45221e-10 1.49192e-09 3.29553e-09 6.95215e-09 1.40037e-08 2.69326e-08 4.94591e-08 8.67286e-08 1.45201e-07 2.31983e-07 3.53304e-07 5.12016e-07 7.04557e-07 9.18937e-07 1.13586e-06 1.33382e-06 1.49605e-06 1.61512e-06 1.69286e-06 1.73631e-06 1.7526e-06 1.74506e-06 1.71156e-06 1.64548e-06 1.53907e-06 1.38867e-06 1.19934e-06 9.85996e-07 7.69522e-07 5.70078e-07 4.01498e-07 2.69386e-07 1.72511e-07 1.0558e-07 6.18039e-08 3.46179e-08 1.8558e-08 9.52298e-09 4.67855e-09 2.20128e-09 9.92289e-10 4.28727e-10 1.77604e-10 7.05574e-11 2.68814e-11 9.82008e-12 3.43899e-12 1.15423e-12 3.71215e-13 1.14397e-13 3.37837e-14 9.56381e-15 2.59642e-15 6.76375e-16 1.69186e-16 4.06665e-17 9.40066e-18 2.09171e-18 4.4838e-19 9.26771e-20 1.84867e-20 3.56188e-21 6.63432e-22 1.19554e-22 2.08605e-23 3.52701e-24 5.78265e-25 9.20004e-26 1.4213e-26 2.13673e-27 
1.48831e-27 5.83102e-28 2.89657e-27 2.1712e-26 1.59012e-25 1.12591e-24 7.70051e-24 5.08324e-23 3.23601e-22 1.98499e-21 1.17217e-20 6.65749e-20 3.63323e-19 1.90331e-18 9.56131e-18 4.60123e-17 2.11903e-16 9.32989e-16 3.92357e-15 1.57463e-14 6.02625e-14 2.19803e-13 7.638e-13 2.52828e-12 7.97317e-12 2.39643e-11 6.86889e-11 1.8789e-10 4.90804e-10 1.22497e-09 2.92193e-09 6.66085e-09 1.45083e-08 3.0187e-08 5.99898e-08 1.13865e-07 2.06447e-07 3.57597e-07 5.91758e-07 9.35213e-07 1.41027e-06 2.02598e-06 2.76709e-06 3.587e-06 4.41232e-06 5.16234e-06 5.77479e-06 6.22295e-06 6.51469e-06 6.67713e-06 6.73729e-06 6.70752e-06 6.57952e-06 6.32789e-06 5.92318e-06 5.35137e-06 4.63141e-06 3.81925e-06 2.99344e-06 2.22993e-06 1.58127e-06 1.06947e-06 6.91064e-07 4.27112e-07 2.52645e-07 1.43071e-07 7.75734e-08 4.02738e-08 2.00237e-08 9.53648e-09 4.35221e-09 1.90397e-09 7.98624e-10 3.21205e-10 1.23856e-10 4.57739e-11 1.62081e-11 5.49699e-12 1.78528e-12 5.55211e-13 1.65367e-13 4.71867e-14 1.2906e-14 3.38559e-15 8.52457e-16 2.06187e-16 4.79487e-17 1.07303e-17 2.31292e-18 4.8064e-19 9.63791e-20 1.86652e-20 3.49414e-21 6.32805e-22 1.10961e-22 1.88527e-23 3.10603e-24 4.96559e-25 7.70847e-26 1.16452e-26 
7.87213e-27 3.20859e-27 1.61768e-26 1.2055e-25 8.77317e-25 6.17281e-24 4.19514e-23 2.75171e-22 1.74057e-21 1.06079e-20 6.22338e-20 3.51125e-19 1.90331e-18 9.90199e-18 4.93911e-17 2.35953e-16 1.07842e-15 4.71075e-15 1.96466e-14 7.81597e-14 2.9636e-13 1.07032e-12 3.68019e-12 1.20449e-11 3.7528e-11 1.1135e-10 3.1484e-10 8.48987e-10 2.18519e-09 5.37232e-09 1.26216e-08 2.83407e-08 6.08151e-08 1.24692e-07 2.44257e-07 4.57151e-07 8.17639e-07 1.39784e-06 2.28453e-06 3.56868e-06 5.32453e-06 7.57738e-06 1.02661e-05 1.32201e-05 1.6177e-05 1.8852e-05 2.10282e-05 2.26154e-05 2.36456e-05 2.42169e-05 2.44258e-05 2.43154e-05 2.38551e-05 2.29535e-05 2.15049e-05 1.94587e-05 1.6881e-05 1.39694e-05 1.10014e-05 8.24608e-06 5.89159e-06 4.01976e-06 2.62301e-06 1.63846e-06 9.80181e-07 5.61658e-07 3.08271e-07 1.62063e-07 8.1614e-08 3.93795e-08 1.82107e-08 8.07329e-09 3.43151e-09 1.39825e-09 5.46022e-10 2.04255e-10 7.31594e-11 2.50805e-11 8.22771e-12 2.58278e-12 7.75978e-13 2.23221e-13 6.15162e-14 1.62524e-14 4.11974e-15 1.00283e-15 2.34631e-16 5.28156e-17 1.1449e-17 2.39229e-18 4.82285e-19 9.38933e-20 1.7668e-20 3.21612e-21 5.66792e-22 9.6784e-23 1.6025e-23 2.57465e-24 4.01666e-25 6.09834e-26 
3.99949e-26 1.69738e-26 8.67809e-26 6.42816e-25 4.64803e-24 3.24924e-23 2.19393e-22 1.4297e-21 8.98412e-21 5.43918e-20 3.16965e-19 1.77618e-18 9.56131e-18 4.93911e-17 2.44574e-16 1.15964e-15 5.25904e-15 2.27868e-14 9.423e-14 3.71528e-13 1.39541e-12 4.98886e-12 1.6969e-11 5.48966e-11 1.68922e-10 4.94579e-10 1.37873e-09 3.66277e-09 9.28227e-09 2.24601e-08 5.19242e-08 1.14731e-07 2.42307e-07 4.8909e-07 9.43465e-07 1.7395e-06 3.06619e-06 5.16895e-06 8.33578e-06 1.28596e-05 1.89683e-05 2.67206e-05 3.58875e-05 4.58829e-05 5.58275e-05 6.47801e-05 7.20343e-05 7.73074e-05 8.07188e-05 8.26032e-05 8.3283e-05 8.28997e-05 8.13473e-05 7.83172e-05 7.34532e-05 6.65829e-05 5.79223e-05 4.81228e-05 3.81029e-05 2.87572e-05 2.07179e-05 1.4272e-05 9.41285e-06 5.94793e-06 3.60195e-06 2.09043e-06 1.16254e-06 6.19465e-07 3.16283e-07 1.54761e-07 7.25889e-08 3.26409e-08 1.40706e-08 5.81294e-09 2.30034e-09 8.71451e-10 3.15868e-10 1.09495e-10 3.62923e-11 1.15021e-11 3.48651e-12 1.01126e-12 2.80845e-13 7.47385e-14 1.90753e-14 4.67367e-15 1.10034e-15 2.49177e-16 5.43293e-17 1.14165e-17 2.31429e-18 4.52998e-19 8.56959e-20 1.56814e-20 2.77802e-21 4.76821e-22 7.93555e-23 1.28149e-23 2.00945e-24 3.06656e-25 
1.95062e-25 8.62724e-26 4.46881e-25 3.2897e-24 2.36294e-23 1.64085e-22 1.10053e-21 7.12362e-21 4.44618e-20 2.67344e-19 1.54717e-18 8.60905e-18 4.60123e-17 2.35953e-16 1.15964e-15 5.456e-15 2.45457e-14 1.0547e-13 4.32354e-13 1.68906e-12 6.28238e-12 2.22287e-11 7.47725e-11 2.39029e-10 7.26139e-10 2.09694e-09 5.76022e-09 1.5066e-08 3.7563e-08 8.93734e-08 2.03114e-07 4.41168e-07 9.16015e-07 1.81823e-06 3.45021e-06 6.25992e-06 1.08635e-05 1.80401e-05 2.86784e-05 4.36507e-05 6.35956e-05 8.86051e-05 0.00011788 0.000149538 0.000180827 0.000208847 0.000231454 0.000247828 0.000258387 0.000264195 0.000266261 0.000265019 0.000260127 0.000250609 0.000235343 0.000213776 0.000186561 0.000155703 0.000124034 9.4334e-05 6.85914e-05 4.77522e-05 3.18634e-05 2.03884e-05 1.25113e-05 7.36181e-06 4.15264e-06 2.24518e-06 1.16347e-06 5.77941e-07 2.75229e-07 1.25656e-07 5.49846e-08 2.30486e-08 9.24897e-09 3.5503e-09 1.3028e-09 4.56809e-10 1.53022e-10 4.89744e-11 1.49805e-11 4.38193e-12 1.22659e-12 3.28854e-13 8.45246e-14 2.08486e-14 4.94006e-15 1.12564e-15 2.46904e-16 5.21865e-17 1.06395e-17 2.09426e-18 3.9837e-19 7.32951e-20 1.30546e-20 2.2527e-21 3.76905e-22 6.11879e-23 9.64527e-24 1.47977e-24 
9.12785e-25 4.21057e-25 2.20764e-24 1.61471e-23 1.15189e-22 7.94389e-22 5.29126e-21 3.40116e-20 2.10795e-19 1.25851e-18 7.23104e-18 3.99436e-17 2.11903e-16 1.07842e-15 5.25904e-15 2.45457e-14 1.09516e-13 4.66534e-13 1.89531e-12 7.33448e-12 2.70079e-11 9.4546e-11 3.1442e-10 9.92857e-10 2.97655e-09 8.47414e-09 2.29253e-08 5.89946e-08 1.44589e-07 3.37957e-07 7.54227e-07 1.6085e-06 3.27956e-06 6.39384e-06 1.19208e-05 2.12592e-05 3.62802e-05 5.92814e-05 9.27967e-05 0.000139209 0.000200124 0.000275511 0.000362777 0.00045629 0.000548049 0.00062975 0.000695366 0.000742711 0.000773134 0.000789799 0.000795643 0.000791905 0.000777555 0.000749722 0.000705108 0.000642054 0.000562377 0.00047179 0.000378423 0.000290293 0.000213243 0.00015019 0.000101503 6.5842e-05 4.09888e-05 2.4481e-05 1.4023e-05 7.70184e-06 4.05559e-06 2.04756e-06 9.91157e-07 4.59924e-07 2.04484e-07 8.7043e-08 3.54424e-08 1.37926e-08 5.12619e-09 1.81875e-09 6.15908e-10 1.99111e-10 6.14744e-11 1.81382e-11 5.11862e-12 1.38285e-12 3.58016e-13 8.892e-14 2.12099e-14 4.86396e-15 1.07354e-15 2.28288e-16 4.68191e-17 9.26963e-18 1.77342e-18 3.28142e-19 5.87743e-20 1.01987e-20 1.71582e-21 2.80087e-22 4.43935e-23 6.84849e-24 
4.09632e-24 1.97226e-24 1.04566e-23 7.59702e-23 5.38108e-22 3.68455e-21 2.43659e-20 1.55489e-19 9.56644e-19 5.66933e-18 3.23308e-17 1.77237e-16 9.32989e-16 4.71075e-15 2.27868e-14 1.0547e-13 4.66534e-13 1.96971e-12 7.92759e-12 3.03788e-11 1.10711e-10 3.83319e-10 1.25983e-09 3.92822e-09 1.16171e-08 3.25905e-08 8.67818e-08 2.19564e-07 5.28545e-07 1.21243e-06 2.65408e-06 5.55073e-06 1.10988e-05 2.12252e-05 3.88307e-05 6.7979e-05 0.000113939 0.000182963 0.000281676 0.000415982 0.000589413 0.000800965 0.00104286 0.00129947 0.00154927 0.0017703 0.00194694 0.00207387 0.00215515 0.00219947 0.00221479 0.00220438 0.00216537 0.00208993 0.00196904 0.00179807 0.00158162 0.00133473 0.00107893 0.000835663 0.000620853 0.000442901 0.000303536 0.00019985 0.000126373 7.671e-05 4.4678e-05 2.49596e-05 1.33727e-05 6.87086e-06 3.38487e-06 1.59818e-06 7.22667e-07 3.12637e-07 1.29259e-07 5.10235e-08 1.92151e-08 6.90072e-09 2.36318e-09 7.71899e-10 2.40612e-10 7.16296e-11 2.03838e-11 5.55058e-12 1.44787e-12 3.62199e-13 8.69939e-14 2.00837e-14 4.46167e-15 9.54809e-16 1.9704e-16 3.92505e-17 7.55452e-18 1.40617e-18 2.53346e-19 4.42181e-20 7.48235e-21 1.22844e-21 1.95823e-22 3.03834e-23 
1.76235e-23 8.86233e-24 4.74641e-23 3.42437e-22 2.40764e-21 1.63632e-20 1.07399e-19 6.80177e-19 4.15282e-18 2.44205e-17 1.38173e-16 7.51436e-16 3.92357e-15 1.96466e-14 9.423e-14 4.32354e-13 1.89531e-12 7.92759e-12 3.15975e-11 1.19854e-10 4.32119e-10 1.47918e-09 4.80271e-09 1.47807e-08 4.31005e-08 1.19087e-07 3.11937e-07 7.75405e-07 1.8318e-06 4.11962e-06 8.83522e-06 1.80966e-05 3.5436e-05 6.63784e-05 0.000118988 0.000204196 0.000335674 0.000529003 0.000799916 0.00116146 0.00162005 0.00217059 0.00279154 0.00344297 0.00407151 0.00462385 0.00506288 0.00537701 0.00557739 0.00568619 0.00572324 0.00569654 0.00559872 0.00541006 0.00510777 0.00467976 0.00413662 0.00351456 0.00286605 0.00224388 0.00168816 0.00122137 0.00084995 0.000568787 0.000365836 0.000226009 0.000134033 7.62719e-05 4.16378e-05 2.18018e-05 1.0945e-05 5.26438e-06 2.42344e-06 1.06641e-06 4.47987e-07 1.7947e-07 6.85139e-08 2.49155e-08 8.6313e-09 2.84945e-09 8.97034e-10 2.69522e-10 7.73671e-11 2.12413e-11 5.58439e-12 1.40753e-12 3.40524e-13 7.91688e-14 1.77083e-14 3.81502e-15 7.92461e-16 1.58878e-16 3.07737e-17 5.76404e-18 1.04494e-18 1.83502e-19 3.12404e-20 5.16001e-21 8.27486e-22 1.29165e-22 
7.26693e-23 3.81888e-23 2.06388e-22 1.47816e-21 1.03129e-20 6.95458e-20 4.5288e-19 2.84542e-18 1.72333e-17 1.00516e-16 5.64033e-16 3.04169e-15 1.57463e-14 7.81597e-14 3.71528e-13 1.68906e-12 7.33448e-12 3.03788e-11 1.19854e-10 4.49802e-10 1.60363e-09 5.42464e-09 1.73921e-08 5.28064e-08 1.51756e-07 4.12752e-07 1.0629e-06 2.59403e-06 6.00867e-06 1.32346e-05 2.77742e-05 5.56366e-05 0.000106531 0.000195158 0.000342246 0.000574854 0.000925428 0.0014292 0.00211958 0.00302162 0.00414346 0.0054666 0.00693646 0.00845932 0.00991427 0.0111831 0.0121857 0.0128998 0.0133535 0.0135988 0.013681 0.0136183 0.0133933 0.0129602 0.0122661 0.0112818 0.0100289 0.00858672 0.00707204 0.00560387 0.00427515 0.00314133 0.00222298 0.00151425 0.000992148 0.000624768 0.000377851 0.000219363 0.000122208 6.53077e-05 3.34561e-05 1.64127e-05 7.6998e-06 3.44917e-06 1.47322e-06 5.99304e-07 2.32031e-07 8.54772e-08 2.99658e-08 1.00022e-08 3.1812e-09 9.65044e-10 2.79541e-10 7.74123e-11 2.05201e-11 5.21316e-12 1.27091e-12 2.97678e-13 6.70678e-14 1.45515e-14 3.04372e-15 6.14405e-16 1.19809e-16 2.25899e-17 4.12214e-18 7.28586e-19 1.24836e-19 2.07506e-20 3.34867e-21 5.26016e-22 
2.87148e-22 1.57765e-22 8.59446e-22 6.10844e-21 4.22753e-20 2.82769e-19 1.82622e-18 1.13784e-17 6.83301e-17 3.95122e-16 2.19783e-15 1.17471e-14 6.02625e-14 2.9636e-13 1.39541e-12 6.28238e-12 2.70079e-11 1.10711e-10 4.32119e-10 1.60363e-09 5.65048e-09 1.88785e-08 5.9736e-08 1.78839e-07 5.06245e-07 1.35462e-06 3.4273e-06 8.20617e-06 1.86218e-05 4.01285e-05 8.23022e-05 0.000161008 0.000300984 0.000538339 0.000922037 0.00151326 0.0023818 0.0035989 0.00522671 0.00730457 0.00983316 0.0127574 0.0159511 0.0192139 0.0222969 0.0249629 0.0270559 0.0285391 0.0294776 0.0299826 0.0301496 0.0300155 0.029543 0.0286354 0.0271798 0.0251111 0.0224678 0.0194066 0.0161628 0.0129804 0.0100563 0.00751614 0.0054172 0.00376217 0.00251516 0.00161708 0.000999034 0.000592716 0.000337535 0.000184386 9.65256e-05 4.83558e-05 2.3142e-05 1.05617e-05 4.5897e-06 1.89695e-06 7.45209e-07 2.78221e-07 9.8747e-08 3.33397e-08 1.07177e-08 3.28417e-09 9.60421e-10 2.68393e-10 7.17669e-11 1.83862e-11 4.51896e-12 1.06686e-12 2.42229e-13 5.29541e-14 1.11586e-14 2.26891e-15 4.45612e-16 8.46141e-17 1.55478e-17 2.76697e-18 4.77313e-19 7.9873e-20 1.29753e-20 2.05174e-21 
1.08727e-21 6.24719e-22 3.42671e-21 2.41609e-20 1.65811e-19 1.09962e-18 7.04035e-18 4.34798e-17 2.58775e-16 1.48278e-15 8.17148e-15 4.32634e-14 2.19803e-13 1.07032e-12 4.98886e-12 2.22287e-11 9.4546e-11 3.83319e-10 1.47918e-09 5.42464e-09 1.88785e-08 6.22576e-08 1.94301e-07 5.73231e-07 1.59734e-06 4.20241e-06 1.04394e-05 2.45047e-05 5.44296e-05 0.000114635 0.00022949 0.000437804 0.000797704 0.00139057 0.00232191 0.00371694 0.00570982 0.00842688 0.011965 0.016367 0.0215966 0.0275133 0.0338533 0.0402291 0.0461789 0.0512749 0.0552472 0.058047 0.0598109 0.0607558 0.061064 0.0608043 0.0599044 0.0581779 0.0554059 0.0514549 0.0463817 0.0404627 0.0341235 0.0278161 0.0219185 0.0166902 0.0122721 0.00870413 0.00594782 0.00391128 0.00247284 0.001502 0.000875876 0.000489894 0.00026245 0.000134425 6.56921e-05 3.05698e-05 1.35246e-05 5.68248e-06 2.26627e-06 8.57935e-07 3.08438e-07 1.05391e-07 3.42625e-08 1.06108e-08 3.13449e-09 8.84439e-10 2.38701e-10 6.17052e-11 1.52985e-11 3.6425e-12 8.33892e-13 1.83779e-13 3.90344e-14 7.99891e-15 1.58302e-15 3.02853e-16 5.60615e-17 1.00498e-17 1.74609e-18 2.94258e-19 4.81357e-20 7.66463e-21 
3.94513e-21 2.37084e-21 1.308e-20 9.14575e-20 6.22169e-19 4.08937e-18 2.59448e-17 1.58748e-16 9.35895e-16 5.31104e-15 2.8981e-14 1.51897e-13 7.638e-13 3.68019e-12 1.6969e-11 7.47725e-11 3.1442e-10 1.25983e-09 4.80271e-09 1.73921e-08 5.9736e-08 1.94301e-07 5.97656e-07 1.73628e-06 4.75943e-06 1.23025e-05 2.9985e-05 6.895e-05 0.00014978 0.000307997 0.00060111 0.00111666 0.00197984 0.00335765 0.00545545 0.00850219 0.012724 0.0183098 0.0253735 0.0339176 0.0438012 0.0547141 0.06616 0.0774668 0.0878702 0.0966855 0.103502 0.108279 0.111274 0.112871 0.113386 0.112934 0.111388 0.108425 0.103659 0.0968393 0.08803 0.0776585 0.0664091 0.05503 0.0441745 0.0343272 0.0257941 0.0187169 0.0130967 0.00882524 0.00572083 0.00356422 0.00213217 0.00122306 0.000671486 0.000352052 0.000175846 8.35023e-05 3.76361e-05 1.60852e-05 6.51646e-06 2.5029e-06 9.12016e-07 3.1558e-07 1.03821e-07 3.25171e-08 9.70968e-09 2.76819e-09 7.54595e-10 1.96958e-10 4.92914e-11 1.18436e-11 2.73565e-12 6.08167e-13 1.30277e-13 2.69195e-14 5.37114e-15 1.03582e-15 1.93253e-16 3.49111e-17 6.1116e-18 1.03763e-18 1.70981e-19 2.74239e-20 
1.37189e-20 8.62228e-21 4.77946e-20 3.31309e-19 2.2334e-18 1.45435e-17 9.13956e-17 5.53792e-16 3.23242e-15 1.81566e-14 9.80427e-14 5.08373e-13 2.52828e-12 1.20449e-11 5.48966e-11 2.39029e-10 9.92857e-10 3.92822e-09 1.47807e-08 5.28064e-08 1.78839e-07 5.73231e-07 1.73628e-06 4.9629e-06 1.33714e-05 3.39319e-05 8.10794e-05 0.000182494 0.000387371 0.000776979 0.00147664 0.00266743 0.00459455 0.00756694 0.0119409 0.0180829 0.0263156 0.0368569 0.0497667 0.0649054 0.0819098 0.100183 0.118893 0.137007 0.153408 0.167137 0.177659 0.184983 0.189554 0.191982 0.192754 0.192051 0.189672 0.185109 0.177751 0.167174 0.153406 0.137018 0.118974 0.100368 0.0822053 0.0652965 0.0502268 0.0373532 0.0268133 0.0185503 0.0123534 0.00790967 0.00486279 0.00286533 0.00161434 0.000867325 0.000443197 0.000214924 9.87587e-05 4.29639e-05 1.76928e-05 6.89967e-06 2.55009e-06 8.94267e-07 2.9795e-07 9.4453e-08 2.85323e-08 8.22562e-09 2.26653e-09 5.97795e-10 1.5113e-10 3.66728e-11 8.55241e-12 1.91918e-12 4.14883e-13 8.64959e-14 1.7409e-14 3.386e-15 6.36996e-16 1.16012e-16 2.04714e-17 3.50275e-18 5.816e-19 9.3992e-20 
4.57251e-20 3.00465e-20 1.67174e-19 1.14855e-18 7.67015e-18 4.94671e-17 3.07799e-16 1.84613e-15 1.06633e-14 5.92543e-14 3.16433e-13 1.62215e-12 7.97317e-12 3.7528e-11 1.68922e-10 7.26139e-10 2.97655e-09 1.16171e-08 4.31005e-08 1.51756e-07 5.06245e-07 1.59734e-06 4.75943e-06 1.33714e-05 3.53758e-05 8.80496e-05 0.000206079 0.000453634 0.000940078 0.00183749 0.00339688 0.00595932 0.00995718 0.015898 0.024321 0.0357225 0.050461 0.0686709 0.090205 0.114614 0.141158 0.168837 0.196427 0.222537 0.24575 0.264914 0.279453 0.289501 0.29574 0.299039 0.300081 0.299108 0.295842 0.289574 0.279428 0.264755 0.245479 0.22223 0.196175 0.168706 0.141181 0.114799 0.0905389 0.0691259 0.0509961 0.0362904 0.024875 0.016399 0.0103792 0.00629163 0.00364214 0.00200727 0.00105024 0.000520529 0.000244035 0.00010815 4.5309e-05 1.79551e-05 6.73707e-06 2.39658e-06 8.09432e-07 2.59963e-07 7.95193e-08 2.32033e-08 6.46867e-09 1.72551e-09 4.41041e-10 1.08167e-10 2.54879e-11 5.77732e-12 1.26119e-12 2.65448e-13 5.39228e-14 1.05826e-14 2.00837e-15 3.68903e-16 6.56389e-17 1.13224e-17 1.89487e-18 3.08631e-19 
1.46077e-19 1.0031e-19 5.59675e-19 3.81027e-18 2.52018e-17 1.6093e-16 9.91159e-16 5.88236e-15 3.36079e-14 1.84658e-13 9.74691e-13 4.93673e-12 2.39643e-11 1.1135e-10 4.94579e-10 2.09694e-09 8.47414e-09 3.25905e-08 1.19087e-07 4.12752e-07 1.35462e-06 4.20241e-06 1.23025e-05 3.39319e-05 8.80496e-05 0.000214716 0.000491739 0.0010576 0.00213778 0.00406825 0.00730851 0.0124382 0.0201333 0.0311165 0.0460718 0.0655217 0.089694 0.118424 0.151132 0.186859 0.22436 0.26219 0.298791 0.332553 0.361958 0.385854 0.403776 0.416063 0.423651 0.427647 0.4289 0.42771 0.423731 0.416078 0.403632 0.385497 0.361406 0.331892 0.298128 0.261615 0.223935 0.186628 0.151115 0.118624 0.0900848 0.0660565 0.0466873 0.0317451 0.0207163 0.0129359 0.0077026 0.00435869 0.0023371 0.00118485 0.000567238 0.000256322 0.000109354 4.40821e-05 1.68101e-05 6.07266e-06 2.08144e-06 6.78007e-07 2.10236e-07 6.21563e-08 1.75492e-08 4.73897e-09 1.22573e-09 3.04086e-10 7.24528e-11 1.66002e-11 3.66173e-12 7.78495e-13 1.59692e-13 3.16375e-14 6.05934e-15 1.1229e-15 2.01524e-16 3.50531e-17 5.91409e-18 9.71013e-19 
4.4727e-19 3.20741e-19 1.79307e-18 1.20949e-17 7.92206e-17 5.00788e-16 3.0522e-15 1.79187e-14 1.01229e-13 5.49735e-13 2.86664e-12 1.43371e-11 6.86889e-11 3.1484e-10 1.37873e-09 5.76022e-09 2.29253e-08 8.67818e-08 3.11937e-07 1.0629e-06 3.4273e-06 1.04394e-05 2.9985e-05 8.10794e-05 0.000206079 0.000491739 0.00110065 0.00231037 0.0045507 0.00842389 0.0146932 0.0242357 0.0379644 0.0567282 0.0811832 0.111637 0.147906 0.189246 0.234416 0.281824 0.32971 0.376304 0.419928 0.45904 0.492324 0.518896 0.538569 0.551935 0.56014 0.564444 0.56579 0.564507 0.560214 0.551929 0.538378 0.518451 0.491626 0.458157 0.418953 0.375325 0.328804 0.281064 0.23387 0.188967 0.147917 0.111923 0.0816892 0.0573701 0.0386506 0.0248879 0.0152574 0.00887236 0.00487949 0.00253276 0.00123944 0.000571701 0.000248671 0.000102097 3.96187e-05 1.45531e-05 5.06864e-06 1.67665e-06 5.2765e-07 1.58241e-07 4.52957e-08 1.23946e-08 3.247e-09 8.15486e-10 1.96613e-10 4.55634e-11 1.01613e-11 2.18326e-12 4.5243e-13 9.05166e-14 1.75008e-14 3.27294e-15 5.92582e-16 1.03955e-16 1.76844e-17 2.92722e-18 
1.31228e-18 9.81848e-19 5.4956e-18 3.6727e-17 2.38206e-16 1.49052e-15 8.98857e-15 5.21904e-14 2.91469e-13 1.56397e-12 8.05396e-12 3.97571e-11 1.8789e-10 8.48987e-10 3.66277e-09 1.5066e-08 5.89946e-08 2.19564e-07 7.75405e-07 2.59403e-06 8.20617e-06 2.45047e-05 6.895e-05 0.000182494 0.000453634 0.0010576 0.00231037 0.00472734 0.00906352 0.0163049 0.0275906 0.0440753 0.0667679 0.0963817 0.133201 0.176954 0.226719 0.280949 0.337655 0.394677 0.44995 0.50168 0.548416 0.589032 0.622717 0.649078 0.668313 0.681251 0.68914 0.693264 0.694554 0.693333 0.689232 0.681282 0.668185 0.648716 0.6221 0.58819 0.547398 0.500537 0.44874 0.393478 0.336567 0.28008 0.226163 0.176764 0.133367 0.0968367 0.0674102 0.0447965 0.0282953 0.0169225 0.00955452 0.00508295 0.00254563 0.00120013 0.000532961 0.000223189 8.82636e-05 3.30154e-05 1.17008e-05 3.9358e-06 1.25867e-06 3.83335e-07 1.11363e-07 3.09082e-08 8.20775e-09 2.08838e-09 5.09817e-10 1.19564e-10 2.69709e-11 5.85874e-12 1.22689e-12 2.47943e-13 4.84036e-14 9.13672e-15 1.66909e-15 2.95336e-16 5.06602e-17 8.45432e-18 
3.688e-18 2.87591e-18 1.61059e-17 1.06642e-16 6.84916e-16 4.24217e-15 2.53116e-14 1.45342e-13 8.02319e-13 4.25303e-12 2.16241e-11 1.05324e-10 4.90804e-10 2.18519e-09 9.28227e-09 3.7563e-08 1.44589e-07 5.28545e-07 1.8318e-06 6.00867e-06 1.86218e-05 5.44296e-05 0.00014978 0.000387371 0.000940078 0.00213778 0.0045507 0.00906352 0.0168939 0.0295059 0.0484031 0.074848 0.109608 0.152809 0.20389 0.261613 0.324108 0.38902 0.453799 0.516053 0.573819 0.625691 0.670801 0.708703 0.739262 0.762655 0.779449 0.790618 0.797381 0.800902 0.802007 0.800981 0.797505 0.790726 0.779463 0.76251 0.738922 0.708157 0.670046 0.624719 0.572639 0.514709 0.452384 0.387668 0.322972 0.260822 0.203513 0.15284 0.109982 0.075463 0.049141 0.0302501 0.0175516 0.00958157 0.00491775 0.00237331 0.00107778 0.00046112 0.000186143 7.10134e-05 2.56475e-05 8.78447e-06 2.85827e-06 8.84998e-07 2.61182e-07 7.35857e-08 1.98221e-08 5.11258e-09 1.26435e-09 3.00197e-10 6.85173e-11 1.50511e-11 3.18572e-12 6.50406e-13 1.28217e-13 2.44296e-14 4.50296e-15 8.03662e-16 1.39003e-16 2.33868e-17 
9.92304e-18 8.05488e-18 4.51078e-17 2.95941e-16 1.88229e-15 1.15407e-14 6.81338e-14 3.86919e-13 2.11118e-12 1.10554e-11 5.54925e-11 2.66653e-10 1.22497e-09 5.37232e-09 2.24601e-08 8.93734e-08 3.37957e-07 1.21243e-06 4.11962e-06 1.32346e-05 4.01285e-05 0.000114635 0.000307997 0.000776979 0.00183749 0.00406825 0.00842389 0.0163049 0.0295059 0.0499794 0.0794272 0.11885 0.168247 0.226588 0.292011 0.362093 0.434082 0.505139 0.572643 0.634502 0.689335 0.736479 0.775859 0.807775 0.832736 0.851387 0.864539 0.873177 0.878365 0.881056 0.881905 0.881139 0.878512 0.873354 0.864699 0.851485 0.832736 0.807643 0.775552 0.735941 0.688515 0.633386 0.571271 0.50362 0.432577 0.360775 0.291022 0.226012 0.168111 0.11912 0.08001 0.0507354 0.0302852 0.0169889 0.00895026 0.0044292 0.00206055 0.000902264 0.000372411 0.000145131 5.34917e-05 1.86793e-05 6.1906e-06 1.9505e-06 5.85227e-07 1.67481e-07 4.57877e-08 1.19762e-08 3.00125e-09 7.2159e-10 1.66668e-10 3.70276e-11 7.92184e-12 1.63396e-12 3.25264e-13 6.25532e-14 1.16332e-14 2.09404e-15 3.65174e-16 6.19372e-17 
2.55469e-17 2.15567e-17 1.20649e-16 7.84402e-16 4.94138e-15 2.99944e-14 1.75233e-13 9.84245e-13 5.30882e-12 2.74646e-11 1.36104e-10 6.45221e-10 2.92193e-09 1.26216e-08 5.19242e-08 2.03114e-07 7.54227e-07 2.65408e-06 8.83522e-06 2.77742e-05 8.23022e-05 0.00022949 0.00060111 0.00147664 0.00339688 0.00730851 0.0146932 0.0275906 0.0484031 0.0794272 0.122198 0.176903 0.242157 0.315277 0.392874 0.471452 0.5478 0.619205 0.683618 0.739787 0.787265 0.826285 0.857534 0.881918 0.900378 0.913815 0.923105 0.929123 0.932705 0.934555 0.935144 0.934632 0.932853 0.929329 0.923351 0.914081 0.90064 0.882144 0.85767 0.826254 0.78698 0.739176 0.682651 0.617918 0.546298 0.469883 0.391401 0.314063 0.241349 0.176596 0.122394 0.080015 0.0491985 0.0284031 0.0153861 0.00782191 0.0037346 0.00167657 0.000708707 0.000282531 0.000106402 3.79208e-05 1.28116e-05 4.11043e-06 1.25449e-06 3.64815e-07 1.01252e-07 2.6862e-08 6.82222e-09 1.66107e-09 3.88259e-10 8.72346e-11 1.88637e-11 3.93051e-12 7.90016e-13 1.53337e-13 2.87687e-14 5.22233e-15 9.18105e-16 1.56962e-16 
6.28943e-17 5.50852e-17 3.07974e-16 1.98448e-15 1.23837e-14 7.44309e-14 4.30372e-13 2.39125e-12 1.27518e-11 6.51833e-11 3.18956e-10 1.49192e-09 6.66085e-09 2.83407e-08 1.14731e-07 4.41168e-07 1.6085e-06 5.55073e-06 1.80966e-05 5.56366e-05 0.000161008 0.000437804 0.00111666 0.00266743 0.00595932 0.0124382 0.0242357 0.0440753 0.074848 0.11885 0.176903 0.247752 0.328129 0.413489 0.499086 0.580848 0.655785 0.722002 0.778578 0.825427 0.863127 0.892699 0.915372 0.932377 0.944816 0.953619 0.959576 0.963376 0.965616 0.966768 0.967137 0.966831 0.965742 0.963568 0.959833 0.953941 0.945199 0.932803 0.915803 0.893068 0.863344 0.825396 0.778213 0.721256 0.654661 0.579401 0.497425 0.411796 0.32665 0.246736 0.176506 0.119064 0.0755047 0.0449313 0.0250704 0.0131163 0.00643805 0.00296779 0.00128653 0.000525257 0.000202308 7.36374e-05 2.53751e-05 8.29315e-06 2.5752e-06 7.61098e-07 2.14461e-07 5.77092e-08 1.48531e-08 3.66202e-09 8.66123e-10 1.96782e-10 4.30037e-11 9.05045e-12 1.83648e-12 3.59693e-13 6.80706e-14 1.24594e-14 2.20788e-15 3.80427e-16 
1.47987e-16 1.34315e-16 7.49805e-16 4.78922e-15 2.96098e-14 1.76249e-13 1.00881e-12 5.54577e-12 2.92445e-11 1.47733e-10 7.13926e-10 3.29553e-09 1.45083e-08 6.08151e-08 2.42307e-07 9.16015e-07 3.27956e-06 1.10988e-05 3.5436e-05 0.000106531 0.000300984 0.000797704 0.00197984 0.00459455 0.00995718 0.0201333 0.0379644 0.0667679 0.109608 0.168247 0.242157 0.328129 0.420818 0.514061 0.602344 0.681775 0.750295 0.807344 0.853385 0.889506 0.917127 0.937776 0.952911 0.963805 0.971491 0.976771 0.980261 0.982451 0.983728 0.984381 0.984592 0.984425 0.983821 0.982601 0.980476 0.977062 0.971868 0.964268 0.953447 0.938347 0.917672 0.889938 0.853603 0.807242 0.749778 0.680772 0.600849 0.512195 0.418853 0.326435 0.241067 0.167915 0.109953 0.0675416 0.038878 0.020964 0.0105931 0.00502005 0.00223378 0.000934665 0.000368359 0.000136982 4.81545e-05 1.6033e-05 5.06541e-06 1.52139e-06 4.35185e-07 1.18761e-07 3.09713e-08 7.73084e-09 1.84983e-09 4.24911e-10 9.38245e-11 1.99409e-11 4.08424e-12 8.07075e-13 1.54036e-13 2.84238e-14 5.07619e-15 8.81374e-16 
3.32626e-16 3.12317e-16 1.74017e-15 1.10197e-14 6.75132e-14 3.98063e-13 2.25584e-12 1.22723e-11 6.40079e-11 3.19619e-10 1.52576e-09 6.95215e-09 3.0187e-08 1.24692e-07 4.8909e-07 1.81823e-06 6.39384e-06 2.12252e-05 6.63784e-05 0.000195158 0.000538339 0.00139057 0.00335765 0.00756694 0.015898 0.0311165 0.0567282 0.0963817 0.152809 0.226588 0.315277 0.413489 0.514061 0.609882 0.695535 0.768082 0.826895 0.872923 0.907912 0.933847 0.952651 0.966024 0.975381 0.981834 0.986218 0.989135 0.991017 0.992176 0.992843 0.993182 0.993293 0.99321 0.992903 0.992276 0.991169 0.989353 0.986517 0.982227 0.975876 0.966616 0.953314 0.934532 0.908536 0.87337 0.827009 0.767687 0.694492 0.608187 0.511923 0.411316 0.31354 0.225622 0.152689 0.0969244 0.0576197 0.0320556 0.016689 0.00813577 0.00371767 0.00159464 0.000643135 0.000244342 8.76195e-05 2.97153e-05 9.55006e-06 2.9143e-06 8.46052e-07 2.34097e-07 6.18435e-08 1.56251e-08 3.78161e-09 8.78022e-10 1.95853e-10 4.20272e-11 8.68679e-12 1.73154e-12 3.33227e-13 6.19784e-14 1.11531e-14 1.95105e-15 
7.13855e-16 6.92178e-16 3.84804e-15 2.41638e-14 1.46733e-13 8.57156e-13 4.81053e-12 2.59044e-11 1.33664e-10 6.59914e-10 3.11266e-09 1.40037e-08 5.99898e-08 2.44257e-07 9.43465e-07 3.45021e-06 1.19208e-05 3.88307e-05 0.000118988 0.000342246 0.000922037 0.00232191 0.00545545 0.0119409 0.024321 0.0460718 0.0811832 0.133201 0.20389 0.292011 0.392874 0.499086 0.602344 0.695535 0.774217 0.836969 0.88475 0.919839 0.944893 0.962386 0.974375 0.982467 0.98786 0.991419 0.993742 0.995237 0.996175 0.996742 0.997064 0.997226 0.99728 0.997242 0.997099 0.996802 0.99627 0.995378 0.993946 0.991703 0.988244 0.982965 0.974996 0.963119 0.945698 0.920624 0.885356 0.837168 0.773766 0.694288 0.600376 0.49674 0.390669 0.290436 0.203206 0.133364 0.0819215 0.0470401 0.0252394 0.0126585 0.00594002 0.00261158 0.00107767 0.000418194 0.000152928 5.28129e-05 1.72608e-05 5.35011e-06 1.57589e-06 4.41974e-07 1.18246e-07 3.02316e-08 7.39855e-09 1.73591e-09 3.91067e-10 8.47077e-11 1.7665e-11 3.5511e-12 6.88927e-13 1.29128e-13 2.34092e-14 4.12503e-15 
