1.93836e-05 1.99558e-05 2.21949e-05 2.62326e-05 3.22889e-05 4.06813e-05 5.183e-05 6.62644e-05 8.46294e-05 0.000107692 0.000136348 0.000171625 0.000214686 0.000266825 0.000329466 0.000404153 0.000492531 0.000596329 0.000717329 0.000857333 0.00101812 0.00120141 0.0014088 0.00164169 0.00190127 0.00218842 0.00250364 0.00284705 0.00321827 0.00361641 0.00404002 0.00448708 0.004955 0.00544056 0.00594001 0.00644906 0.00696294 0.00747648 0.00798417 0.00848026 0.0089589 0.00941419 0.00984033 0.0102318 0.0105832 0.0108899 0.0111475 0.0113525 0.0115018 0.0115935 0.0116261 0.0115992 0.0115132 0.0113694 0.0111698 0.0109173 0.0106156 0.0102688 0.00988163 0.00945939 0.0090076 0.00853202 0.00803851 0.00753293 0.007021 0.00650824 0.0059998 0.00550049 0.00501459 0.00454589 0.00409761 0.0036724 0.00327232 0.00289885 0.00255293 0.00223498 0.00194496 0.00168238 0.00144643 0.00123597 0.00104963 0.000885852 0.000742958 0.000619194 0.000512782 0.000421955 0.000344999 0.000280275 0.000226241 0.000181474 0.00014467 0.000114659 9.0402e-05 7.09888e-05 5.5637e-05 4.36849e-05 3.45855e-05 2.79005e-05 2.3294e-05 2.05323e-05 
1.99558e-05 2.05476e-05 2.28583e-05 2.7024e-05 3.32716e-05 4.19291e-05 5.34301e-05 6.8321e-05 8.72674e-05 0.000111061 0.000140625 0.00017702 0.000221444 0.000275233 0.000339854 0.000416898 0.000508058 0.000615115 0.000739903 0.000884276 0.00105007 0.00123903 0.00145281 0.00169285 0.00196036 0.00225623 0.00258098 0.00293472 0.00331703 0.003727 0.00416314 0.00462334 0.00510493 0.00560459 0.00611847 0.00664214 0.0071707 0.00769883 0.00822086 0.00873091 0.00922294 0.0096909 0.0101289 0.0105311 0.0108922 0.0112073 0.011472 0.0116825 0.0118359 0.01193 0.0119634 0.0119357 0.0118473 0.0116995 0.0114944 0.0112349 0.0109248 0.0105684 0.0101705 0.00973647 0.00927204 0.0087831 0.00827569 0.0077558 0.00722933 0.00670193 0.00617891 0.0056652 0.00516522 0.00468287 0.00422147 0.00378375 0.00337183 0.00298726 0.00263101 0.00230352 0.00200475 0.00173422 0.00149109 0.0012742 0.00108214 0.000913327 0.000766023 0.000638428 0.000528714 0.000435064 0.000355711 0.000288968 0.000233249 0.000187084 0.000149132 0.000118185 9.31715e-05 7.31542e-05 5.73256e-05 4.5003e-05 3.56223e-05 2.87314e-05 2.39836e-05 2.11379e-05 
2.21949e-05 2.28583e-05 2.54285e-05 3.00557e-05 3.69908e-05 4.65952e-05 5.93471e-05 7.58482e-05 9.68308e-05 0.000123165 0.000155866 0.000196095 0.000245165 0.000304539 0.000375819 0.000460739 0.000561146 0.000678974 0.000816213 0.000974871 0.00115693 0.00136427 0.00159867 0.00186165 0.00215451 0.00247817 0.00283316 0.00321954 0.00363683 0.00408399 0.00455935 0.0050606 0.00558478 0.00612829 0.0066869 0.00725581 0.0078297 0.0084028 0.00896899 0.00952189 0.010055 0.0105618 0.011036 0.0114713 0.0118619 0.0122026 0.0124888 0.0127163 0.012882 0.0129835 0.0130195 0.0129893 0.0128936 0.0127336 0.0125116 0.0122308 0.0118951 0.0115093 0.0110784 0.0106084 0.0101052 0.0095753 0.00902516 0.00846125 0.00788993 0.00731732 0.00674917 0.00619083 0.0056471 0.00512223 0.00461984 0.00414294 0.00369386 0.00327432 0.0028854 0.00252764 0.00220103 0.00190508 0.00163893 0.00140133 0.00119079 0.00100559 0.000843878 0.000703708 0.000583097 0.000480076 0.000392725 0.000319206 0.000257791 0.000206874 0.00016499 0.000130817 0.000103181 8.10526e-05 6.35465e-05 4.99123e-05 3.95298e-05 3.19014e-05 2.66457e-05 2.34974e-05 
2.62326e-05 2.7024e-05 3.00557e-05 3.55032e-05 4.36583e-05 5.49414e-05 6.99078e-05 8.92551e-05 0.000113831 0.000144643 0.00018286 0.000229823 0.000287041 0.000356191 0.000439108 0.000537774 0.000654291 0.000790856 0.000949725 0.00113316 0.00134339 0.00158254 0.00185254 0.00215512 0.00249165 0.00286314 0.00327011 0.00371255 0.00418985 0.00470073 0.00524322 0.00581466 0.00641161 0.00702995 0.00766486 0.00831087 0.00896194 0.00961156 0.0102528 0.0108786 0.0114815 0.0120543 0.0125898 0.0130811 0.0135218 0.013906 0.0142285 0.0144847 0.0146713 0.0147854 0.0148257 0.0147914 0.0146832 0.0145025 0.0142519 0.0139349 0.0135559 0.0131202 0.0126335 0.0121022 0.0115333 0.0109338 0.0103111 0.00967231 0.00902468 0.00837509 0.00773004 0.00709558 0.00647718 0.00587967 0.00530722 0.00476325 0.00425051 0.00377099 0.003326 0.00291622 0.00254171 0.00220198 0.00189611 0.00162274 0.00138024 0.00116668 0.000979994 0.000817992 0.000678437 0.0005591 0.000457802 0.00037245 0.000301071 0.00024183 0.000193047 0.000153205 0.000120952 9.51026e-05 7.46348e-05 5.86816e-05 4.65254e-05 3.759e-05 3.14336e-05 2.77484e-05 
3.22889e-05 3.32716e-05 3.69908e-05 4.36583e-05 5.36265e-05 6.74022e-05 8.56533e-05 0.000109218 0.000139114 0.000176545 0.000222909 0.000279804 0.000349025 0.00043256 0.000532581 0.000651423 0.000791561 0.000955568 0.00114608 0.00136572 0.00161707 0.00190257 0.00222443 0.00258459 0.00298459 0.00342551 0.00390785 0.00443149 0.0049956 0.00559859 0.00623806 0.00691077 0.00761264 0.00833877 0.00908349 0.00984037 0.0106024 0.0113619 0.0121109 0.0128411 0.013544 0.0142113 0.0148347 0.0154062 0.0159186 0.0163649 0.0167393 0.0170367 0.017253 0.0173852 0.0174315 0.0173913 0.0172652 0.0170549 0.0167634 0.0163947 0.0159538 0.0154466 0.01488 0.0142611 0.013598 0.0128987 0.0121718 0.0114256 0.0106684 0.00990814 0.0091525 0.0084085 0.00768254 0.00698032 0.00630676 0.00566597 0.0050612 0.00449491 0.00396873 0.00348354 0.00303952 0.00263621 0.00227259 0.00194717 0.00165809 0.00140317 0.00118001 0.000986094 0.000818815 0.000675573 0.000553817 0.000451088 0.000365062 0.00029357 0.000234622 0.000186416 0.000147345 0.000115994 9.11436e-05 7.17553e-05 5.69696e-05 4.60954e-05 3.86021e-05 3.41204e-05 
4.06813e-05 4.19291e-05 4.65952e-05 5.49414e-05 6.74022e-05 8.46011e-05 0.000107359 0.000136705 0.000173885 0.000220369 0.000277864 0.000348312 0.000433892 0.000537009 0.000660285 0.000806528 0.000978704 0.00117989 0.00141321 0.00168178 0.00198864 0.00233662 0.00272832 0.00316594 0.0036512 0.00418528 0.00476864 0.005401 0.00608123 0.00680728 0.00757616 0.00838389 0.00922549 0.0100951 0.0109857 0.0118899 0.012799 0.0137042 0.014596 0.0154645 0.0162998 0.017092 0.0178315 0.018509 0.0191159 0.0196442 0.0200872 0.0204387 0.0206942 0.0208502 0.0209045 0.0208565 0.0207068 0.0204575 0.020112 0.0196749 0.0191522 0.0185508 0.0178784 0.0171438 0.016356 0.0155248 0.0146599 0.0137714 0.0128688 0.0119618 0.0110593 0.0101696 0.00930058 0.00845891 0.00765059 0.00688059 0.00615292 0.00547061 0.00483575 0.00424952 0.00371227 0.00322356 0.00278231 0.00238684 0.002035 0.00172428 0.00145187 0.0012148 0.00100999 0.000834353 0.00068484 0.000558509 0.000452564 0.000364393 0.00029159 0.000231972 0.000183587 0.000144715 0.000113865 8.9771e-05 7.13804e-05 5.78466e-05 4.85189e-05 4.29444e-05 
5.183e-05 5.34301e-05 5.93471e-05 6.99078e-05 8.56533e-05 0.000107359 0.000136046 0.000172988 0.000219726 0.000278078 0.000350145 0.000438314 0.000545257 0.000673914 0.00082748 0.00100937 0.00122316 0.00147258 0.00176136 0.00209325 0.00247183 0.00290046 0.00338216 0.00391947 0.00451434 0.00516801 0.00588089 0.00665247 0.0074812 0.00836445 0.00929844 0.0102782 0.0112977 0.0123496 0.0134257 0.0145167 0.0156124 0.0167021 0.0177744 0.0188177 0.0198202 0.0207701 0.021656 0.0224671 0.0231931 0.0238247 0.0243539 0.0247736 0.0250784 0.0252642 0.0253285 0.0252706 0.0250912 0.0247927 0.0243792 0.0238562 0.0232304 0.0225101 0.0217045 0.0208237 0.0198787 0.0188807 0.0178414 0.0167727 0.0156861 0.014593 0.0135041 0.0124295 0.0113785 0.0103594 0.00937937 0.00844455 0.00755992 0.00672927 0.0059553 0.00523958 0.00458268 0.00398427 0.00344314 0.00295744 0.00252467 0.00214189 0.0018058 0.00151286 0.00125941 0.00104173 0.000856152 0.000699111 0.000567218 0.000457293 0.000366398 0.000291861 0.000231286 0.000182557 0.000143839 0.000113567 9.04399e-05 7.34095e-05 6.16695e-05 5.46583e-05 
6.62644e-05 6.8321e-05 7.58482e-05 8.92551e-05 0.000109218 0.000136705 0.000172988 0.00021965 0.000278607 0.00035211 0.000442756 0.000553489 0.000687595 0.000848681 0.00104065 0.00126767 0.00153408 0.00184439 0.0022031 0.00261469 0.00308343 0.00361329 0.00420779 0.00486986 0.0056017 0.00640462 0.00727891 0.00822373 0.009237 0.0103153 0.0114539 0.0126467 0.013886 0.015163 0.0164677 0.0177888 0.019114 0.0204304 0.0217244 0.0229821 0.0241894 0.0253324 0.0263974 0.0273717 0.0282432 0.029001 0.0296354 0.0301382 0.0305031 0.0307253 0.0308018 0.0307318 0.0305161 0.0301576 0.029661 0.0290329 0.0282812 0.0274156 0.0264471 0.0253875 0.0242497 0.0230473 0.0217942 0.0205043 0.0191915 0.0178694 0.016551 0.0152484 0.0139728 0.0127343 0.0115418 0.0104028 0.00932341 0.00830849 0.00736146 0.00648444 0.00567831 0.00494285 0.00427682 0.00367809 0.0031438 0.00267052 0.00225434 0.00189104 0.00157624 0.00130546 0.00107426 0.000878328 0.00071353 0.000575981 0.000462083 0.000368552 0.00029244 0.000231134 0.000182364 0.000144192 0.000115003 9.34944e-05 7.86642e-05 6.98133e-05 
8.46294e-05 8.72674e-05 9.68308e-05 0.000113831 0.000139114 0.000173885 0.000219726 0.000278607 0.000352902 0.000445398 0.000559303 0.000698243 0.000866255 0.00106776 0.00130753 0.00159062 0.00192233 0.00230806 0.00275326 0.00326327 0.00384316 0.00449763 0.00523077 0.00604595 0.00694561 0.00793109 0.00900251 0.0101586 0.0113966 0.012712 0.0140991 0.0155499 0.0170554 0.0186045 0.0201852 0.0217836 0.0233852 0.0249743 0.0265346 0.0280496 0.0295024 0.0308765 0.032156 0.0333255 0.0343708 0.0352791 0.0360391 0.0366411 0.0370776 0.0373431 0.0374341 0.0373495 0.0370904 0.0366603 0.0360646 0.0353109 0.0344088 0.0333695 0.032206 0.0309324 0.0295638 0.0281163 0.0266064 0.0250507 0.0234659 0.0218681 0.020273 0.0186951 0.017148 0.015644 0.014194 0.0128071 0.011491 0.0102518 0.0090938 0.00801985 0.00703126 0.006128 0.00530877 0.00457122 0.00391207 0.00332728 0.00281228 0.00236204 0.00197131 0.00163472 0.0013469 0.00110263 0.000896875 0.000724893 0.000582281 0.000465011 0.000369453 0.000292386 0.000231006 0.000182912 0.000146104 0.000118963 0.000100245 8.90805e-05 
0.000107692 0.000111061 0.000123165 0.000144643 0.000176545 0.000220369 0.000278078 0.00035211 0.000445398 0.00056138 0.000704003 0.000877719 0.00108747 0.00133865 0.00163707 0.00198886 0.00240042 0.00287825 0.00342889 0.00405867 0.00477362 0.00557922 0.00648023 0.00748048 0.00858265 0.00978808 0.0110966 0.0125063 0.0140136 0.015613 0.0172968 0.0190556 0.020878 0.0227508 0.0246591 0.0265866 0.0285154 0.0304269 0.0323018 0.0341203 0.0358625 0.0375088 0.0390404 0.0404392 0.0416887 0.0427736 0.0436808 0.0443991 0.0449195 0.0452356 0.0453435 0.0452418 0.0449318 0.0444176 0.0437055 0.0428045 0.0417257 0.0404824 0.0390897 0.0375642 0.0359237 0.0341873 0.0323744 0.0305048 0.0285982 0.0266739 0.0247505 0.0228457 0.0209758 0.0191556 0.0173984 0.0157154 0.0141161 0.0126081 0.0111969 0.00988619 0.0086779 0.00757224 0.00656795 0.00566242 0.00485192 0.00413178 0.00349661 0.00294049 0.00245714 0.00204015 0.00168305 0.00137954 0.00112351 0.0009092 0.000731242 0.000584706 0.000465143 0.000368596 0.000291609 0.000231224 0.000184967 0.000150838 0.000127293 0.000113257 
0.000136348 0.000140625 0.000155866 0.00018286 0.000222909 0.000277864 0.000350145 0.000442756 0.000559303 0.000704003 0.000881689 0.0010978 0.00135834 0.00166988 0.00203944 0.00247443 0.00298251 0.0035715 0.00424914 0.00502296 0.00590002 0.00688672 0.00798853 0.00920975 0.0105533 0.0120204 0.0136105 0.0153209 0.017147 0.0190816 0.0211153 0.0232367 0.0254317 0.0276842 0.0299765 0.0322887 0.0345997 0.0368874 0.0391286 0.0413001 0.0433785 0.0453407 0.0471645 0.048829 0.0503147 0.0516039 0.0526812 0.0535337 0.0541509 0.0545254 0.0546527 0.0545312 0.0541624 0.0535509 0.0527043 0.0516329 0.0503497 0.0488701 0.0472118 0.0453941 0.0434381 0.0413659 0.0392004 0.036965 0.034683 0.0323773 0.03007 0.0277822 0.0255334 0.0233417 0.0212228 0.0191907 0.017257 0.015431 0.0137197 0.0121279 0.0106584 0.00931161 0.00808648 0.00698016 0.00598844 0.00510595 0.0043264 0.00364284 0.00304784 0.00253376 0.00209287 0.00171758 0.00140055 0.0011348 0.000913823 0.000731614 0.000582748 0.000462388 0.000366302 0.000290856 0.000233011 0.000190303 0.000160833 0.000143274 
0.000171625 0.00017702 0.000196095 0.000229823 0.000279804 0.000348312 0.000438314 0.000553489 0.000698243 0.000877719 0.0010978 0.00136507 0.00168683 0.00207098 0.00252598 0.00306069 0.00368429 0.00440605 0.00523512 0.00618036 0.00725001 0.00845144 0.00979089 0.0112731 0.0129012 0.0146762 0.016597 0.01866 0.020859 0.0231852 0.0256271 0.0281703 0.030798 0.033491 0.0362277 0.0389846 0.0417367 0.0444577 0.0471205 0.0496976 0.0521616 0.0544858 0.0566442 0.0586124 0.0603679 0.0618903 0.0631617 0.0641671 0.0648946 0.0653356 0.0654849 0.0653407 0.0649047 0.0641823 0.0631822 0.0619162 0.0603995 0.0586498 0.0566875 0.0545353 0.0522175 0.0497598 0.0471892 0.0445329 0.0418183 0.0390724 0.0363213 0.0335901 0.0309021 0.0282787 0.025739 0.0233 0.0209757 0.0187776 0.0167147 0.0147929 0.013016 0.0113852 0.00989932 0.00855552 0.00734907 0.00627386 0.00532264 0.00448727 0.00375903 0.00312888 0.00258765 0.00212628 0.00173596 0.00140832 0.00113548 0.000910211 0.000725921 0.000576735 0.000457497 0.000363774 0.000291851 0.000238716 0.00020204 0.000180197 
0.000214686 0.000221444 0.000245165 0.000287041 0.000349025 0.000433892 0.000545257 0.000687595 0.000866255 0.00108747 0.00135834 0.00168683 0.00208169 0.00255241 0.00310907 0.00376225 0.00452281 0.00540169 0.00640965 0.00755698 0.00885324 0.0103069 0.0119248 0.0137124 0.0156727 0.0178065 0.0201119 0.022584 0.025215 0.0279939 0.0309065 0.0339356 0.0370607 0.0402589 0.0435046 0.0467698 0.0500253 0.05324 0.0563822 0.05942 0.0623216 0.0650558 0.0675927 0.0699042 0.0719644 0.0737497 0.0752398 0.0764175 0.0772692 0.077785 0.0779589 0.077789 0.0772773 0.0764299 0.0752566 0.0737711 0.0719908 0.0699359 0.06763 0.0650991 0.0623713 0.0594763 0.0564454 0.0533102 0.0501026 0.0468542 0.0435958 0.0403568 0.0371647 0.0340452 0.031021 0.0281125 0.0253368 0.0227079 0.0202369 0.0179316 0.0157968 0.0138344 0.0120437 0.0104217 0.00896324 0.00766143 0.00650796 0.00549343 0.00460767 0.00384005 0.00317977 0.00261607 0.00213849 0.00173702 0.00140225 0.00112546 0.00089872 0.000714943 0.000567886 0.000452176 0.000363302 0.0002976 0.000252236 0.000225231 
0.000266825 0.000275233 0.000304539 0.000356191 0.00043256 0.000537009 0.000673914 0.000848681 0.00106776 0.00133865 0.00166988 0.00207098 0.00255241 0.00312544 0.00380205 0.00459475 0.00551629 0.0065795 0.0077969 0.0091804 0.0107409 0.0124881 0.0144295 0.016571 0.0189157 0.0214636 0.024212 0.0271545 0.0302811 0.0335782 0.0370287 0.0406117 0.0443028 0.0480748 0.0518973 0.0557378 0.0595616 0.0633329 0.0670148 0.0705703 0.0739627 0.0771563 0.0801168 0.082812 0.0852122 0.0872909 0.0890248 0.0903943 0.0913842 0.0919831 0.0921844 0.0919858 0.0913896 0.0904028 0.0890365 0.0873062 0.0852316 0.0828359 0.0801457 0.0771908 0.0740034 0.0706177 0.0670693 0.0633949 0.0596314 0.0558156 0.051983 0.0481683 0.0444039 0.0407198 0.0371432 0.0336983 0.0304059 0.0272829 0.024343 0.0215959 0.019048 0.0167022 0.0145584 0.0126135 0.0108619 0.00929601 0.00790639 0.00668226 0.00561186 0.00468282 0.00388247 0.00319819 0.0026176 0.00212883 0.00172068 0.00138276 0.00110558 0.00088064 0.000700433 0.00055849 0.000449369 0.000368645 0.000312893 0.000279718 
0.000329466 0.000339854 0.000375819 0.000439108 0.000532581 0.000660285 0.00082748 0.00104065 0.00130753 0.00163707 0.00203944 0.00252598 0.00310907 0.00380205 0.00461904 0.00557467 0.00668388 0.00796153 0.0094221 0.0110792 0.0129453 0.0150311 0.0173451 0.0198933 0.0226785 0.0257003 0.0289545 0.0324327 0.0361226 0.0400076 0.0440668 0.0482754 0.0526045 0.0570217 0.0614918 0.0659765 0.0704358 0.0748282 0.0791112 0.0832424 0.0871798 0.0908826 0.094312 0.0974313 0.100207 0.102609 0.104612 0.106193 0.107335 0.108025 0.108256 0.108026 0.107337 0.106196 0.104617 0.102617 0.100217 0.0974451 0.0943299 0.0909055 0.0872084 0.0832776 0.0791536 0.0748785 0.0704945 0.066044 0.0615683 0.0571074 0.0526991 0.0483787 0.0441782 0.0401264 0.0362479 0.0325633 0.0290893 0.025838 0.0228177 0.0200326 0.0174832 0.0151666 0.013077 0.0112059 0.00954289 0.0080756 0.00679058 0.00567354 0.00470979 0.00388455 0.00318333 0.00259215 0.00209778 0.00168792 0.00135128 0.00107774 0.000858342 0.000685348 0.000552236 0.000453699 0.000385623 0.00034513 
0.000404153 0.000416898 0.000460739 0.000537774 0.000651423 0.000806528 0.00100937 0.00126767 0.00159062 0.00198886 0.00247443 0.00306069 0.00376225 0.00459475 0.00557467 0.00671908 0.00804526 0.00957036 0.0113109 0.0132825 0.015499 0.0179723 0.0207117 0.0237231 0.0270092 0.0305684 0.0343948 0.038478 0.0428025 0.0473482 0.0520901 0.0569987 0.0620399 0.0671761 0.0723659 0.0775653 0.0827282 0.0878067 0.0927526 0.0975174 0.102054 0.106315 0.110258 0.113841 0.117028 0.119783 0.122079 0.12389 0.125197 0.125987 0.126251 0.125986 0.125195 0.123887 0.122076 0.119781 0.117027 0.113843 0.110262 0.106323 0.102067 0.0975368 0.0927791 0.0878414 0.0827717 0.0776185 0.0724292 0.0672498 0.0621242 0.0570933 0.0521948 0.0474622 0.042925 0.0386079 0.034531 0.0307093 0.0271534 0.023869 0.0208577 0.0181169 0.0156407 0.01342 0.0114429 0.00969582 0.00816335 0.00682914 0.00567624 0.00468755 0.00384619 0.00313582 0.00254094 0.00204706 0.00164088 0.00131041 0.00104504 0.00083557 0.000674251 0.000554752 0.000472168 0.000423062 
0.000492531 0.000508058 0.000561146 0.000654291 0.000791561 0.000978704 0.00122316 0.00153408 0.00192233 0.00240042 0.00298251 0.00368429 0.00452281 0.00551629 0.00668388 0.00804526 0.00962033 0.0114287 0.0134891 0.0158191 0.0184342 0.0213472 0.0245681 0.028103 0.0319536 0.0361171 0.0405856 0.0453458 0.050379 0.0556607 0.0611613 0.066846 0.072675 0.0786045 0.0845869 0.0905715 0.0965055 0.102335 0.108004 0.113459 0.118647 0.123515 0.128015 0.1321 0.13573 0.138867 0.141478 0.143537 0.145023 0.14592 0.146219 0.145916 0.145016 0.143528 0.141466 0.138853 0.135716 0.132086 0.128002 0.123505 0.118641 0.113459 0.108011 0.10235 0.0965297 0.090606 0.0846325 0.0786619 0.0727445 0.0669277 0.0612551 0.055766 0.0504951 0.0454717 0.04072 0.0362585 0.0321003 0.0282534 0.0247204 0.0214996 0.0185849 0.0159666 0.0136319 0.0115654 0.00974985 0.00816673 0.00679662 0.00561986 0.00461696 0.00376895 0.00305779 0.00246654 0.00197964 0.00158299 0.0012641 0.00101212 0.000817891 0.000673913 0.000574378 0.000515213 
0.000596329 0.000615115 0.000678974 0.000790856 0.000955568 0.00117989 0.00147258 0.00184439 0.00230806 0.00287825 0.0035715 0.00440605 0.00540169 0.0065795 0.00796153 0.00957036 0.0114287 0.0135587 0.0159816 0.0187169 0.0217816 0.0251897 0.0289514 0.0330726 0.0375543 0.0423917 0.0475744 0.053086 0.0589034 0.0649979 0.0713342 0.0778716 0.084564 0.091361 0.0982078 0.105047 0.111818 0.11846 0.124912 0.131112 0.137 0.14252 0.147617 0.15224 0.156344 0.159888 0.162837 0.16516 0.166836 0.167846 0.168182 0.16784 0.166823 0.165142 0.162814 0.159862 0.156315 0.152209 0.147585 0.14249 0.136973 0.131089 0.124895 0.118451 0.111818 0.105058 0.098231 0.0913972 0.084614 0.0779356 0.0714124 0.06509 0.0590089 0.0532038 0.0477034 0.0425302 0.0377007 0.033225 0.0291078 0.025348 0.0219399 0.0188734 0.0161344 0.0137062 0.0115694 0.00970324 0.00808563 0.00669416 0.00550646 0.00450073 0.00365606 0.00295285 0.00237296 0.00189996 0.00151924 0.00121808 0.000985731 0.000813381 0.000694191 0.000623365 
0.000717329 0.000739903 0.000816213 0.000949725 0.00114608 0.00141321 0.00176136 0.0022031 0.00275326 0.00342889 0.00424914 0.00523512 0.00640965 0.0077969 0.0094221 0.0113109 0.0134891 0.0159816 0.0188121 0.022002 0.0255699 0.0295307 0.033895 0.0386679 0.043849 0.0494316 0.0554021 0.0617402 0.0684184 0.0754024 0.082651 0.0901169 0.0977471 0.105484 0.113264 0.121024 0.128696 0.13621 0.143498 0.150493 0.157128 0.163341 0.169071 0.174264 0.17887 0.182844 0.186148 0.188751 0.190626 0.191757 0.192131 0.191747 0.190608 0.188724 0.186114 0.182803 0.178823 0.174214 0.169018 0.163287 0.157075 0.150443 0.143454 0.136173 0.128668 0.121008 0.113261 0.105494 0.0977726 0.0901584 0.0827089 0.0754767 0.0685087 0.0618456 0.0555216 0.0495635 0.0439917 0.0388192 0.0340529 0.0296929 0.0257341 0.022166 0.0189738 0.0161391 0.0136406 0.011455 0.00955755 0.0079228 0.00652534 0.00534021 0.00434344 0.00351243 0.00282623 0.00226581 0.00181418 0.00145656 0.0011804 0.000975409 0.000833596 0.000749352 
0.000857333 0.000884276 0.000974871 0.00113316 0.00136572 0.00168178 0.00209325 0.00261469 0.00326327 0.00405867 0.00502296 0.00618036 0.00755698 0.0091804 0.0110792 0.0132825 0.0158191 0.0187169 0.022002 0.0256979 0.0298246 0.0343977 0.0394277 0.0449189 0.0508691 0.0572688 0.064101 0.0713409 0.0789555 0.0869046 0.0951404 0.103608 0.112248 0.120992 0.129773 0.138515 0.147145 0.155585 0.16376 0.171595 0.179017 0.185959 0.192354 0.198144 0.203275 0.207698 0.211373 0.214266 0.216349 0.217604 0.21802 0.217592 0.216325 0.214229 0.211326 0.207641 0.203209 0.198072 0.192277 0.185878 0.178936 0.171515 0.163685 0.155516 0.147085 0.138466 0.129737 0.120972 0.112243 0.103622 0.0951727 0.0869559 0.0790257 0.0714292 0.0642066 0.0573901 0.0510042 0.0450658 0.0395841 0.0345611 0.0299924 0.0258676 0.0221712 0.0188833 0.0159806 0.0134373 0.0112258 0.00931754 0.00768374 0.00629612 0.00512735 0.00415157 0.00334474 0.00268495 0.00215263 0.00173066 0.00140451 0.00116225 0.000994598 0.000895028 
0.00101812 0.00105007 0.00115693 0.00134339 0.00161707 0.00198864 0.00247183 0.00308343 0.00384316 0.00477362 0.00590002 0.00725001 0.00885324 0.0107409 0.0129453 0.015499 0.0184342 0.0217816 0.0255699 0.0298246 0.0345669 0.0398129 0.0455726 0.0518492 0.0586381 0.0659266 0.0736935 0.0819086 0.0905333 0.0995205 0.108815 0.118354 0.12807 0.137887 0.147727 0.157508 0.167148 0.176561 0.185665 0.194378 0.202622 0.210322 0.217408 0.223816 0.22949 0.234377 0.238434 0.241626 0.243924 0.245307 0.245764 0.245291 0.243892 0.24158 0.238374 0.234303 0.229405 0.223722 0.217305 0.210214 0.202511 0.194267 0.185556 0.176457 0.167052 0.157423 0.147655 0.13783 0.128031 0.118335 0.108817 0.0995438 0.0905783 0.0819749 0.0737803 0.0660327 0.0587616 0.051988 0.0457242 0.0399745 0.0347358 0.0299979 0.0257449 0.0219556 0.0186047 0.0156639 0.0131026 0.0108891 0.00899105 0.00737658 0.00601475 0.00487619 0.0039335 0.00316163 0.00253814 0.00204338 0.00166063 0.00137613 0.00117917 0.00106222 
0.00120141 0.00123903 0.00136427 0.00158254 0.00190257 0.00233662 0.00290046 0.00361329 0.00449763 0.00557922 0.00688672 0.00845144 0.0103069 0.0124881 0.0150311 0.0179723 0.0213472 0.0251897 0.0295307 0.0343977 0.0398129 0.0457925 0.0523459 0.0594743 0.0671704 0.0754176 0.0841898 0.093451 0.103156 0.11325 0.12367 0.134345 0.145197 0.156143 0.167096 0.177966 0.188659 0.199085 0.209153 0.218775 0.227866 0.236346 0.244141 0.251183 0.257411 0.262771 0.267218 0.270714 0.27323 0.274744 0.275243 0.274724 0.273191 0.270658 0.267144 0.262681 0.257305 0.251064 0.244012 0.236208 0.227722 0.218629 0.209008 0.198943 0.188524 0.17784 0.166984 0.156047 0.145119 0.134288 0.123636 0.11324 0.103171 0.0934903 0.0842531 0.0755039 0.0672779 0.0596008 0.0524889 0.0459491 0.03998 0.0345722 0.0297094 0.0253695 0.0215254 0.0181462 0.0151984 0.0126468 0.0104555 0.0085888 0.00701191 0.00569169 0.00459711 0.00369974 0.00297403 0.00239754 0.00195116 0.00161913 0.00138919 0.00125269 
0.0014088 0.00145281 0.00159867 0.00185254 0.00222443 0.00272832 0.00338216 0.00420779 0.00523077 0.00648023 0.00798853 0.00979089 0.0119248 0.0144295 0.0173451 0.0207117 0.0245681 0.0289514 0.033895 0.0394277 0.0455726 0.0523459 0.0597555 0.0678005 0.07647 0.0857429 0.0955875 0.105961 0.116812 0.128076 0.139681 0.151549 0.163591 0.175716 0.187826 0.199823 0.211605 0.223075 0.234132 0.244684 0.254639 0.263913 0.272427 0.28011 0.286898 0.292736 0.297575 0.301376 0.30411 0.305755 0.306297 0.305732 0.304065 0.30131 0.297487 0.292628 0.286773 0.279968 0.272271 0.263745 0.254462 0.244502 0.233948 0.222892 0.211428 0.199654 0.18767 0.175576 0.16347 0.15145 0.139607 0.128028 0.116791 0.105969 0.0956223 0.0858045 0.0765568 0.0679104 0.0598859 0.0524938 0.0457347 0.0396005 0.034075 0.0291352 0.0247524 0.0208934 0.0175216 0.0145983 0.012084 0.00993887 0.00812417 0.00660271 0.0053396 0.00430274 0.00346324 0.00279567 0.00227829 0.0018932 0.00162641 0.00146806 
0.00164169 0.00169285 0.00186165 0.00215512 0.00258459 0.00316594 0.00391947 0.00486986 0.00604595 0.00748048 0.00920975 0.0112731 0.0137124 0.016571 0.0198933 0.0237231 0.028103 0.0330726 0.0386679 0.0449189 0.0518492 0.0594743 0.0678005 0.0768238 0.0865293 0.0968906 0.10787 0.119417 0.131471 0.143961 0.156805 0.169914 0.183191 0.196533 0.209836 0.222989 0.235886 0.248418 0.26048 0.271973 0.2828 0.292872 0.302107 0.310431 0.317778 0.32409 0.329318 0.333423 0.336374 0.338148 0.338732 0.338122 0.336322 0.333347 0.329218 0.323966 0.317633 0.310266 0.301925 0.292674 0.28259 0.271755 0.260257 0.248194 0.235665 0.222776 0.209633 0.196347 0.183024 0.16977 0.156687 0.143871 0.131411 0.119387 0.107871 0.0969228 0.0865908 0.0769127 0.0679142 0.0596097 0.0520028 0.045087 0.0388466 0.0332581 0.0282915 0.0239112 0.0200777 0.016749 0.0138815 0.0114314 0.00935569 0.00761295 0.00616421 0.00497348 0.00400827 0.00323993 0.00264392 0.00220001 0.00189234 0.00170978 
0.00190127 0.00196036 0.00215451 0.00249165 0.00298459 0.0036512 0.00451434 0.0056017 0.00694561 0.00858265 0.0105533 0.0129012 0.0156727 0.0189157 0.0226785 0.0270092 0.0319536 0.0375543 0.043849 0.0508691 0.0586381 0.0671704 0.07647 0.0865293 0.0973286 0.108836 0.121005 0.13378 0.147089 0.160852 0.174979 0.189368 0.203913 0.218502 0.23302 0.247349 0.261373 0.274976 0.288048 0.300482 0.312178 0.323043 0.332992 0.341948 0.349845 0.356623 0.362233 0.366634 0.369796 0.371696 0.372321 0.371667 0.369739 0.366549 0.36212 0.356484 0.349681 0.341762 0.332784 0.322817 0.311936 0.300228 0.287786 0.27471 0.261107 0.247089 0.23277 0.218266 0.203696 0.189174 0.174812 0.160715 0.146984 0.133709 0.120969 0.108834 0.0973603 0.0865928 0.0765628 0.0672894 0.0587797 0.0510292 0.0440236 0.037739 0.0321443 0.0272019 0.0228696 0.0191018 0.015851 0.0130693 0.0107092 0.00872499 0.00707329 0.00571406 0.00461098 0.00373199 0.00304955 0.00254092 0.00218826 0.00197903 
0.00218842 0.00225623 0.00247817 0.00286314 0.00342551 0.00418528 0.00516801 0.00640462 0.00793109 0.00978808 0.0120204 0.0146762 0.0178065 0.0214636 0.0257003 0.0305684 0.0361171 0.0423917 0.0494316 0.0572688 0.0659266 0.0754176 0.0857429 0.0968906 0.108836 0.121539 0.134947 0.148995 0.163601 0.178676 0.194117 0.209814 0.225651 0.241504 0.257249 0.272761 0.287913 0.302585 0.316658 0.330023 0.342575 0.354218 0.364864 0.374437 0.382867 0.390096 0.396073 0.40076 0.404125 0.406147 0.406812 0.406116 0.404063 0.400667 0.395951 0.389944 0.382687 0.374231 0.364634 0.353965 0.342303 0.329736 0.31636 0.302278 0.287604 0.272454 0.256951 0.241218 0.225383 0.209569 0.193899 0.178489 0.163448 0.148878 0.134869 0.121499 0.108833 0.0969244 0.0858107 0.0755163 0.0660525 0.0574177 0.049599 0.0425731 0.0363078 0.030764 0.0258966 0.0216567 0.0179931 0.0148535 0.0121859 0.00994003 0.00806809 0.0065257 0.00527255 0.00427295 0.0034962 0.00291689 0.00251507 0.00227671 
0.00250364 0.00258098 0.00283316 0.00327011 0.00390785 0.00476864 0.00588089 0.00727891 0.00900251 0.0110966 0.0136105 0.016597 0.0201119 0.024212 0.0289545 0.0343948 0.0405856 0.0475744 0.0554021 0.064101 0.0736935 0.0841898 0.0955875 0.10787 0.121005 0.134947 0.149635 0.164991 0.180926 0.19734 0.214118 0.231141 0.248279 0.265402 0.282374 0.299061 0.315332 0.331057 0.346114 0.360388 0.373771 0.386167 0.397486 0.407649 0.416589 0.424247 0.430575 0.435532 0.43909 0.441226 0.441929 0.441193 0.439024 0.435434 0.430444 0.424085 0.416396 0.407426 0.397235 0.385891 0.373473 0.36007 0.34578 0.330712 0.314981 0.29871 0.282027 0.265065 0.247959 0.230842 0.213847 0.1971 0.180723 0.164826 0.14951 0.134865 0.120965 0.10787 0.0956262 0.0842643 0.0738 0.0642353 0.0555594 0.0477497 0.0407739 0.0345912 0.0291541 0.0244107 0.0203057 0.0167826 0.013785 0.0112578 0.0091486 0.0074086 0.00599331 0.00486323 0.00398433 0.0033284 0.00287328 0.00260332 
0.00284705 0.00293472 0.00321954 0.00371255 0.00443149 0.005401 0.00665247 0.00822373 0.0101586 0.0125063 0.0153209 0.01866 0.022584 0.0271545 0.0324327 0.038478 0.0453458 0.053086 0.0617402 0.0713409 0.0819086 0.093451 0.105961 0.119417 0.13378 0.148995 0.164991 0.181682 0.198968 0.216736 0.234862 0.253214 0.271654 0.290038 0.308224 0.32607 0.343435 0.360186 0.376197 0.391347 0.405529 0.418643 0.4306 0.441322 0.450742 0.458802 0.465456 0.470666 0.474402 0.476645 0.477383 0.476611 0.474334 0.470563 0.465319 0.458632 0.450538 0.441086 0.430333 0.418347 0.405207 0.391002 0.375832 0.359806 0.343045 0.325675 0.307831 0.289652 0.271282 0.252863 0.234537 0.216443 0.198711 0.181466 0.164818 0.148866 0.133697 0.11938 0.105967 0.0934977 0.0819922 0.0714572 0.0618842 0.0532524 0.0455293 0.038673 0.032634 0.0273573 0.0227839 0.018853 0.0155038 0.0126763 0.0103134 0.00836184 0.00677266 0.00550248 0.00451378 0.00377542 0.0032629 0.00295895 
0.00321827 0.00331703 0.00363683 0.00418985 0.0049956 0.00608123 0.0074812 0.009237 0.0113966 0.0140136 0.017147 0.020859 0.025215 0.0302811 0.0361226 0.0428025 0.050379 0.0589034 0.0684184 0.0789555 0.0905333 0.103156 0.116812 0.131471 0.147089 0.163601 0.180926 0.198968 0.217615 0.236742 0.256214 0.275888 0.295614 0.31524 0.334615 0.353589 0.372014 0.389754 0.406676 0.422661 0.437598 0.451386 0.463939 0.47518 0.485044 0.493475 0.500428 0.505867 0.509767 0.512107 0.512876 0.512072 0.509697 0.505762 0.500287 0.493299 0.484833 0.474935 0.463661 0.451075 0.437257 0.422293 0.406284 0.389342 0.371588 0.353154 0.334178 0.314807 0.295191 0.275483 0.255835 0.236394 0.217303 0.198698 0.180702 0.163425 0.146962 0.131393 0.116781 0.103171 0.0905908 0.0790507 0.0685462 0.0590583 0.0505551 0.042994 0.0363238 0.0304864 0.0254197 0.0210585 0.0173373 0.0141917 0.0115597 0.00938323 0.00760899 0.00618949 0.00508365 0.00425728 0.00368346 0.00334317 
0.00361641 0.003727 0.00408399 0.00470073 0.00559859 0.00680728 0.00836445 0.0103153 0.012712 0.015613 0.0190816 0.0231852 0.0279939 0.0335782 0.0400076 0.0473482 0.0556607 0.0649979 0.0754024 0.0869046 0.0995205 0.11325 0.128076 0.143961 0.160852 0.178676 0.19734 0.216736 0.236742 0.25722 0.278024 0.299 0.319987 0.340824 0.361351 0.38141 0.400851 0.41953 0.437314 0.454081 0.46972 0.484133 0.497233 0.508947 0.519213 0.527977 0.535198 0.540843 0.544887 0.547314 0.548112 0.547279 0.544818 0.540738 0.535058 0.5278 0.519 0.508698 0.496948 0.483812 0.469366 0.453695 0.4369 0.419092 0.400393 0.380939 0.360873 0.340346 0.319517 0.298545 0.277592 0.256818 0.236376 0.216412 0.197062 0.178449 0.160678 0.14384 0.128006 0.113231 0.0995487 0.0869756 0.075511 0.0651384 0.055827 0.047534 0.0402066 0.0337845 0.0282019 0.02339 0.0192785 0.0157985 0.012883 0.0104693 0.00849958 0.00692217 0.00569231 0.00477268 0.00413386 0.00375506 
0.00404002 0.00416314 0.00455935 0.00524322 0.00623806 0.00757616 0.00929844 0.0114539 0.0140991 0.0172968 0.0211153 0.0256271 0.0309065 0.0370287 0.0440668 0.0520901 0.0611613 0.0713342 0.082651 0.0951404 0.108815 0.12367 0.139681 0.156805 0.174979 0.194117 0.214118 0.234862 0.256214 0.278024 0.300135 0.322381 0.344591 0.366596 0.388226 0.40932 0.42972 0.44928 0.467867 0.485356 0.501638 0.516618 0.530212 0.542348 0.552969 0.562027 0.569482 0.575305 0.579475 0.581976 0.582799 0.581942 0.579407 0.575203 0.569344 0.561853 0.552759 0.5421 0.529925 0.516294 0.501277 0.484959 0.467437 0.448822 0.429237 0.408818 0.387713 0.366078 0.344076 0.321878 0.299652 0.277569 0.255793 0.234484 0.213787 0.193838 0.174755 0.156638 0.139571 0.123614 0.108811 0.0951845 0.0827379 0.0714579 0.0613155 0.0522681 0.0442619 0.0372343 0.0311165 0.0258359 0.021318 0.017489 0.0142773 0.0116152 0.00944059 0.00769745 0.0063373 0.00531961 0.00461241 0.0041931 
0.00448708 0.00462334 0.0050606 0.00581466 0.00691077 0.00838389 0.0102782 0.0126467 0.0155499 0.0190556 0.0232367 0.0281703 0.0339356 0.0406117 0.0482754 0.0569987 0.066846 0.0778716 0.0901169 0.103608 0.118354 0.134345 0.151549 0.169914 0.189368 0.209814 0.231141 0.253214 0.275888 0.299 0.322381 0.345854 0.36924 0.392359 0.415035 0.437101 0.458397 0.478773 0.498095 0.51624 0.533102 0.548586 0.562613 0.575118 0.586046 0.595353 0.603006 0.608979 0.613254 0.615817 0.616662 0.615785 0.61319 0.608882 0.602875 0.595186 0.585842 0.574875 0.562331 0.548263 0.532739 0.515839 0.497656 0.478301 0.457895 0.436575 0.414492 0.391805 0.368685 0.345306 0.321849 0.298493 0.275414 0.252782 0.230756 0.209483 0.189094 0.1697 0.151395 0.13425 0.118316 0.103623 0.0901797 0.0779762 0.0669859 0.0571668 0.0484645 0.0408149 0.0341461 0.028382 0.023444 0.0192537 0.0157347 0.0128148 0.010427 0.00851131 0.00701533 0.00589535 0.00511678 0.00465518 
0.004955 0.00510493 0.00558478 0.00641161 0.00761264 0.00922549 0.0112977 0.013886 0.0170554 0.020878 0.0254317 0.030798 0.0370607 0.0443028 0.0526045 0.0620399 0.072675 0.084564 0.0977471 0.112248 0.12807 0.145197 0.163591 0.183191 0.203913 0.225651 0.248279 0.271654 0.295614 0.319987 0.344591 0.36924 0.393743 0.417914 0.441571 0.464541 0.486661 0.507781 0.527767 0.546497 0.563868 0.579791 0.59419 0.607006 0.61819 0.627703 0.635517 0.64161 0.645968 0.648581 0.649443 0.648552 0.64591 0.641521 0.635395 0.627547 0.617997 0.606775 0.593918 0.579476 0.563511 0.546097 0.527326 0.507302 0.486146 0.463997 0.441004 0.417331 0.393153 0.368651 0.344015 0.319432 0.29509 0.271169 0.247842 0.225268 0.203588 0.182929 0.163392 0.145062 0.127996 0.112231 0.0977837 0.0846476 0.0727986 0.0621963 0.052786 0.0445021 0.0372704 0.0310114 0.0256426 0.0210811 0.017246 0.0140604 0.0114527 0.00935872 0.0077223 0.00649645 0.00564399 0.0051386 
0.00544056 0.00560459 0.00612829 0.00702995 0.00833877 0.0100951 0.0123496 0.015163 0.0186045 0.0227508 0.0276842 0.033491 0.0402589 0.0480748 0.0570217 0.0671761 0.0786045 0.091361 0.105484 0.120992 0.137887 0.156143 0.175716 0.196533 0.218502 0.241504 0.265402 0.290038 0.31524 0.340824 0.366596 0.392359 0.417914 0.443068 0.467633 0.491432 0.514301 0.536088 0.556662 0.575903 0.593713 0.610006 0.624715 0.637785 0.649172 0.658846 0.666784 0.672968 0.677389 0.680039 0.680914 0.680013 0.677337 0.672889 0.666674 0.658705 0.648995 0.637569 0.624458 0.609706 0.593367 0.575512 0.556225 0.535608 0.51378 0.490877 0.467048 0.442461 0.417294 0.391735 0.365979 0.340225 0.314669 0.289504 0.264914 0.24107 0.218127 0.196223 0.175472 0.155966 0.137775 0.120943 0.105492 0.0914216 0.0787101 0.067319 0.0571941 0.0482686 0.0404664 0.0337049 0.0278978 0.0229581 0.0188004 0.0153431 0.0125104 0.0102337 0.00845326 0.00711875 0.00619041 0.00564005 
0.00594001 0.00611847 0.0066869 0.00766486 0.00908349 0.0109857 0.0134257 0.0164677 0.0201852 0.0246591 0.0299765 0.0362277 0.0435046 0.0518973 0.0614918 0.0723659 0.0845869 0.0982078 0.113264 0.129773 0.147727 0.167096 0.187826 0.209836 0.23302 0.257249 0.282374 0.308224 0.334615 0.361351 0.388226 0.415035 0.441571 0.467633 0.493029 0.517579 0.541117 0.563493 0.584577 0.604254 0.62243 0.639027 0.653982 0.667248 0.678789 0.68858 0.696605 0.702851 0.707314 0.709988 0.710873 0.709967 0.70727 0.702784 0.696511 0.688456 0.678632 0.667053 0.653746 0.638747 0.622103 0.603878 0.584151 0.563019 0.540597 0.517018 0.492433 0.467009 0.440927 0.414382 0.387574 0.360711 0.333999 0.307643 0.281837 0.256765 0.232596 0.209477 0.187537 0.166877 0.147577 0.12969 0.113244 0.0982442 0.084673 0.0724939 0.0616535 0.0520843 0.0437086 0.0364409 0.0301916 0.0248697 0.0203854 0.0166528 0.0135917 0.0111295 0.0092025 0.0077574 0.0067518 0.00615564 
0.00644906 0.00664214 0.00725581 0.00831087 0.00984037 0.0118899 0.0145167 0.0177888 0.0217836 0.0265866 0.0322887 0.0389846 0.0467698 0.0557378 0.0659765 0.0775653 0.0905715 0.105047 0.121024 0.138515 0.157508 0.177966 0.199823 0.222989 0.247349 0.272761 0.299061 0.32607 0.353589 0.38141 0.40932 0.437101 0.464541 0.491432 0.517579 0.542798 0.566925 0.589811 0.611327 0.631367 0.649839 0.666673 0.681813 0.69522 0.706866 0.716732 0.724809 0.73109 0.735575 0.738262 0.739152 0.738246 0.735541 0.731036 0.724732 0.716629 0.706732 0.69505 0.681603 0.666417 0.649535 0.631011 0.610919 0.589349 0.566413 0.542239 0.516978 0.490796 0.463879 0.436423 0.408637 0.380735 0.352933 0.325445 0.298478 0.272229 0.246878 0.222585 0.199489 0.177705 0.15732 0.138398 0.120974 0.105058 0.090637 0.0776773 0.0661264 0.0559169 0.0469693 0.0391962 0.0325045 0.0267996 0.0219876 0.0179783 0.0146874 0.0120382 0.00996359 0.00840692 0.00732333 0.00668096 
0.00696294 0.0071707 0.0078297 0.00896194 0.0106024 0.012799 0.0156124 0.019114 0.0233852 0.0285154 0.0345997 0.0417367 0.0500253 0.0595616 0.0704358 0.0827282 0.0965055 0.111818 0.128696 0.147145 0.167148 0.188659 0.211605 0.235886 0.261373 0.287913 0.315332 0.343435 0.372014 0.400851 0.42972 0.458397 0.486661 0.514301 0.541117 0.566925 0.59156 0.614877 0.636752 0.657082 0.675782 0.69279 0.708058 0.721555 0.733259 0.743161 0.751257 0.757548 0.762037 0.764726 0.765619 0.764715 0.762013 0.75751 0.7512 0.743081 0.733151 0.721413 0.707877 0.692564 0.675506 0.656752 0.636367 0.614435 0.591062 0.566373 0.540517 0.513659 0.485987 0.4577 0.429012 0.400145 0.371323 0.34277 0.314706 0.287337 0.260856 0.235436 0.211228 0.188357 0.166922 0.146994 0.128615 0.111803 0.0965497 0.0828231 0.0705729 0.0597318 0.0502192 0.0419457 0.0348153 0.02873 0.0235922 0.0193074 0.0157874 0.0129516 0.0107295 0.00906126 0.00789968 0.00721107 
0.00747648 0.00769883 0.0084028 0.00961156 0.0113619 0.0137042 0.0167021 0.0204304 0.0249743 0.0304269 0.0368874 0.0444577 0.05324 0.0633329 0.0748282 0.0878067 0.102335 0.11846 0.13621 0.155585 0.176561 0.199085 0.223075 0.248418 0.274976 0.302585 0.331057 0.360186 0.389754 0.41953 0.44928 0.478773 0.507781 0.536088 0.563493 0.589811 0.614877 0.638551 0.660713 0.681264 0.70013 0.717254 0.732596 0.746135 0.757856 0.767759 0.775846 0.782123 0.786599 0.789281 0.790173 0.789276 0.786587 0.782101 0.77581 0.767704 0.757777 0.746024 0.732448 0.71706 0.699886 0.680965 0.660355 0.638133 0.614398 0.589272 0.5629 0.535447 0.507101 0.478063 0.448553 0.418798 0.389031 0.359486 0.330392 0.301967 0.274417 0.247925 0.222655 0.198743 0.176298 0.1554 0.136099 0.118419 0.102357 0.0878841 0.0749518 0.0634933 0.0534276 0.0446632 0.037102 0.0306425 0.0251836 0.0206271 0.0168808 0.0138606 0.0114925 0.00971389 0.00847506 0.00774066 
0.00798417 0.00822086 0.00896899 0.0102528 0.0121109 0.014596 0.0177744 0.0217244 0.0265346 0.0323018 0.0391286 0.0471205 0.0563822 0.0670148 0.0791112 0.0927526 0.108004 0.124912 0.143498 0.16376 0.185665 0.209153 0.234132 0.26048 0.288048 0.316658 0.346114 0.376197 0.406676 0.437314 0.467867 0.498095 0.527767 0.556662 0.584577 0.611327 0.636752 0.660713 0.683094 0.703806 0.722779 0.739966 0.755336 0.768874 0.780577 0.790449 0.798501 0.804745 0.809195 0.811861 0.812749 0.811862 0.809195 0.804741 0.798487 0.790421 0.780528 0.768797 0.755223 0.739809 0.722571 0.703541 0.682768 0.660322 0.636296 0.610807 0.583996 0.556026 0.527085 0.497377 0.467124 0.436561 0.405927 0.375465 0.345414 0.316003 0.287449 0.259948 0.233673 0.208773 0.185366 0.163541 0.143358 0.124845 0.108005 0.0928122 0.0792209 0.067165 0.0565629 0.047322 0.0393416 0.0325177 0.0267456 0.0219238 0.0179563 0.0147557 0.0122447 0.0103579 0.00904334 0.00826405 
0.00848026 0.00873091 0.00952189 0.0108786 0.0128411 0.0154645 0.0188177 0.0229821 0.0280496 0.0341203 0.0413001 0.0496976 0.05942 0.0705703 0.0832424 0.0975174 0.113459 0.131112 0.150493 0.171595 0.194378 0.218775 0.244684 0.271973 0.300482 0.330023 0.360388 0.391347 0.422661 0.454081 0.485356 0.51624 0.546497 0.575903 0.604254 0.631367 0.657082 0.681264 0.703806 0.724622 0.743653 0.760857 0.776214 0.789716 0.801368 0.811184 0.81918 0.825376 0.829788 0.832431 0.833313 0.832437 0.829799 0.825389 0.81919 0.811184 0.801351 0.789673 0.776137 0.760737 0.743482 0.724394 0.703514 0.680905 0.656652 0.630868 0.603689 0.575277 0.545818 0.515519 0.484604 0.453311 0.42189 0.390589 0.359657 0.329334 0.299847 0.271403 0.244187 0.218358 0.194045 0.171344 0.150324 0.13102 0.113438 0.0975593 0.0833381 0.0707099 0.0595934 0.0498945 0.041511 0.0343359 0.0282617 0.0231836 0.0190024 0.0156272 0.0129777 0.0109861 0.00959816 0.00877535 
