2.31129e-05 2.37776e-05 2.63585e-05 3.10012e-05 3.79471e-05 4.75444e-05 6.02525e-05 7.66485e-05 9.74329e-05 0.000123436 0.000155624 0.0001951 0.000243108 0.000301026 0.000370364 0.000452751 0.000549916 0.000663665 0.000795853 0.000948343 0.00112297 0.00132147 0.00154547 0.00179638 0.00207536 0.00238324 0.00272047 0.00308707 0.00348256 0.00390591 0.00435553 0.00482923 0.00532422 0.0058371 0.0063639 0.00690011 0.00744074 0.00798039 0.00851334 0.00903361 0.00953513 0.0100118 0.0104576 0.0108669 0.0112341 0.0115545 0.0118234 0.0120373 0.0121931 0.0122887 0.0123226 0.0122945 0.0122047 0.0120546 0.0118462 0.0115825 0.0112672 0.0109047 0.0104999 0.0100581 0.00958501 0.00908666 0.0085691 0.00803838 0.00750046 0.00696105 0.00642556 0.00589899 0.00538586 0.00489015 0.0044153 0.00396413 0.00353886 0.00314114 0.00277203 0.00243206 0.00212127 0.00183925 0.00158522 0.00135807 0.00115643 0.000978719 0.000823233 0.000688168 0.000571686 0.000471953 0.000387175 0.000315633 0.000255702 0.000205873 0.000164761 0.000131114 0.000103817 8.18919e-05 6.44921e-05 5.08998e-05 4.05201e-05 3.28745e-05 2.75957e-05 2.44281e-05 
2.37776e-05 2.44644e-05 2.71256e-05 3.19112e-05 3.90704e-05 4.89622e-05 6.20604e-05 7.89599e-05 0.000100383 0.000127186 0.000160364 0.000201053 0.000250535 0.000310231 0.000381694 0.000466601 0.000566731 0.000683942 0.000820139 0.000977239 0.00115712 0.00136158 0.00159227 0.00185064 0.00213787 0.0024548 0.00280191 0.00317918 0.00358611 0.00402164 0.00448413 0.00497131 0.00548029 0.00600759 0.00654912 0.00710024 0.00765581 0.0082103 0.00875782 0.00929225 0.00980735 0.0102969 0.0107547 0.0111749 0.0115519 0.0118807 0.0121568 0.0123763 0.0125362 0.0126342 0.012669 0.0126401 0.0125478 0.0123936 0.0121796 0.0119089 0.0115852 0.0112129 0.0107972 0.0103435 0.00985761 0.00934573 0.00881405 0.0082688 0.00771608 0.00716177 0.00661141 0.00607014 0.00554262 0.00503294 0.00454463 0.0040806 0.00364316 0.00323399 0.0028542 0.00250435 0.00218448 0.00189419 0.00163267 0.0013988 0.00119116 0.00100816 0.00084802 0.000708904 0.000588919 0.000486179 0.000398841 0.000325136 0.000263391 0.000212053 0.000169695 0.00013503 0.000106907 8.43197e-05 6.63949e-05 5.23934e-05 4.17018e-05 3.38273e-05 2.83912e-05 2.513e-05 
2.63585e-05 2.71256e-05 3.00755e-05 3.53736e-05 4.3294e-05 5.42315e-05 6.87065e-05 8.73721e-05 0.00011102 0.00014059 0.000177169 0.000222001 0.000276485 0.00034217 0.000420749 0.000514045 0.000623989 0.000752595 0.000901926 0.00107405 0.00127098 0.00149466 0.00174685 0.00202909 0.00234262 0.00268832 0.00306666 0.00347758 0.0039205 0.00439422 0.00489691 0.00542608 0.00597858 0.0065506 0.0071377 0.00773484 0.00833648 0.00893661 0.0095289 0.0101067 0.0106634 0.0111923 0.0116866 0.0121402 0.012547 0.0129017 0.0131994 0.0134361 0.0136084 0.0137139 0.0137512 0.0137198 0.0136202 0.0134537 0.0132226 0.0129304 0.0125809 0.0121789 0.0117299 0.0112397 0.0107147 0.0101613 0.00958638 0.00899649 0.00839826 0.00779801 0.00720174 0.00661501 0.00604286 0.00548974 0.0049595 0.00445532 0.00397973 0.00353459 0.00312114 0.00274003 0.00239135 0.0020747 0.00178924 0.00153378 0.00130682 0.00110665 0.000931378 0.000779008 0.000647505 0.000534828 0.00043898 0.000358041 0.000290195 0.000233749 0.000187149 0.00014899 0.000118017 9.31264e-05 7.33653e-05 5.79231e-05 4.61277e-05 3.74386e-05 3.14404e-05 2.7844e-05 
3.10012e-05 3.19112e-05 3.53736e-05 4.15801e-05 5.08485e-05 6.36352e-05 8.0542e-05 0.000102322 0.000129889 0.000164322 0.000206872 0.000258964 0.0003222 0.00039835 0.000489342 0.000597249 0.000724261 0.000872657 0.00104476 0.00124289 0.00146932 0.0017262 0.00201546 0.00233881 0.00269759 0.00309274 0.00352469 0.00399331 0.00449786 0.00503691 0.00560832 0.00620921 0.00683596 0.00748422 0.00814893 0.0088244 0.00950437 0.0101821 0.0108504 0.0115019 0.0121292 0.0127246 0.0132809 0.0137911 0.0142484 0.0146469 0.0149812 0.0152468 0.01544 0.0155583 0.0155999 0.0155644 0.0154521 0.0152648 0.0150049 0.0146762 0.014283 0.0138308 0.0133254 0.0127734 0.012182 0.0115583 0.0109098 0.0102441 0.00956852 0.00889014 0.00821574 0.00755158 0.00690336 0.00627615 0.00567431 0.00510151 0.00456065 0.00405391 0.00358277 0.00314802 0.00274983 0.00238784 0.00206115 0.00176847 0.00150817 0.00127833 0.00107686 0.000901518 0.000750024 0.000620076 0.000509417 0.00041587 0.000337371 0.000271994 0.000217966 0.00017368 0.000137699 0.000108759 8.57624e-05 6.77786e-05 5.40335e-05 4.39041e-05 3.69113e-05 3.27217e-05 
3.79471e-05 3.90704e-05 4.3294e-05 5.08485e-05 6.2115e-05 7.7641e-05 9.81462e-05 0.000124531 0.000157884 0.000199491 0.000250838 0.000313616 0.000389718 0.000481232 0.000590429 0.000719739 0.000871726 0.00104904 0.00125439 0.00149046 0.00175985 0.00206502 0.00240818 0.00279122 0.00321564 0.00368242 0.00419197 0.00474403 0.00533762 0.00597097 0.00664147 0.00734568 0.0080793 0.0088372 0.00961346 0.0104014 0.0111938 0.0119827 0.01276 0.0135171 0.0142453 0.0149361 0.015581 0.0161719 0.0167014 0.0171624 0.017549 0.0178559 0.0180791 0.0182155 0.0182632 0.0182217 0.0180915 0.0178744 0.0175733 0.0171925 0.016737 0.0162128 0.0156268 0.0149865 0.0143 0.0135756 0.0128219 0.0120475 0.011261 0.0104705 0.00968391 0.00890847 0.00815085 0.00741698 0.00671201 0.00604027 0.00540522 0.00480952 0.00425496 0.00374259 0.00327271 0.00284498 0.00245845 0.0021117 0.0018029 0.00152987 0.00129021 0.00108136 0.000900663 0.000745461 0.000613121 0.000501098 0.000406972 0.000328479 0.000263529 0.000210225 0.000166865 0.00013195 0.000104177 8.24375e-05 6.58088e-05 5.35478e-05 4.50825e-05 4.00148e-05 
4.75444e-05 4.89622e-05 5.42315e-05 6.36352e-05 7.7641e-05 9.69186e-05 0.000122348 0.000155027 0.000196282 0.000247676 0.00031101 0.000388331 0.000481924 0.000594301 0.000728189 0.000886495 0.00107228 0.00128868 0.00153891 0.00182613 0.00215338 0.00252351 0.00293908 0.00340225 0.00391466 0.00447738 0.00509073 0.00575428 0.00646672 0.00722579 0.00802829 0.00886999 0.00974569 0.0106492 0.0115735 0.0125106 0.0134518 0.014388 0.0153094 0.0162059 0.0170676 0.0178842 0.0186459 0.0193434 0.019968 0.0205114 0.0209669 0.0213282 0.0215908 0.021751 0.0218067 0.0217573 0.0216034 0.0213471 0.0209918 0.0205423 0.0200046 0.0193856 0.0186933 0.0179364 0.0171244 0.0162669 0.0153741 0.014456 0.0135226 0.0125836 0.0116482 0.0107251 0.00982218 0.00894654 0.00810435 0.00730084 0.00654024 0.0058258 0.00515982 0.00454366 0.0039778 0.00346197 0.00299516 0.0025758 0.00220179 0.00187062 0.00157951 0.00132545 0.00110532 0.000915977 0.000754291 0.000617231 0.000501906 0.0004056 0.000325801 0.000260223 0.000206811 0.000163748 0.000129454 0.000102583 8.20117e-05 6.68347e-05 5.63545e-05 5.00855e-05 
6.02525e-05 6.20604e-05 6.87065e-05 8.0542e-05 9.81462e-05 0.000122348 0.000154233 0.000195157 0.000246751 0.000310935 0.000389917 0.0004862 0.000602568 0.00074208 0.000908038 0.00110396 0.00133352 0.00160051 0.00190874 0.00226196 0.00266379 0.00311755 0.00362622 0.00419226 0.00481752 0.00550309 0.00624923 0.00705523 0.00791932 0.00883864 0.00980918 0.0108257 0.0118819 0.0129702 0.0140821 0.015208 0.0163376 0.0174599 0.0185632 0.0196358 0.0206656 0.0216407 0.0225496 0.0233812 0.0241253 0.0247724 0.0253143 0.025744 0.0260559 0.026246 0.0263118 0.0262524 0.0260687 0.0257631 0.0253397 0.0248039 0.0241627 0.0234244 0.0225983 0.0216946 0.0207244 0.0196991 0.0186307 0.017531 0.016412 0.0152851 0.0141614 0.0130511 0.0119639 0.0109081 0.00989148 0.00892024 0.00799964 0.00713375 0.00632545 0.00557656 0.00488783 0.00425907 0.00368925 0.00317658 0.00271867 0.00231262 0.00195515 0.00164272 0.00137161 0.00113808 0.000938358 0.000768812 0.000625947 0.000506473 0.000407339 0.000325761 0.000259228 0.00020552 0.0001627 0.000129112 0.000103376 8.43769e-05 7.12552e-05 6.34117e-05 
7.66485e-05 7.89599e-05 8.73721e-05 0.000102322 0.000124531 0.000155027 0.000195157 0.000246597 0.000311365 0.000391824 0.000490694 0.000611043 0.000756281 0.000930141 0.00113664 0.00138005 0.0016648 0.00199546 0.00237659 0.00281268 0.00330798 0.00386644 0.00449148 0.00518593 0.00595184 0.00679035 0.00770154 0.00868435 0.00973645 0.0108542 0.0120325 0.0132649 0.0145436 0.0158595 0.0172022 0.0185602 0.0199211 0.0212715 0.0225978 0.0238858 0.0251212 0.02629 0.0273785 0.0283738 0.0292636 0.0300369 0.0306841 0.0311971 0.0315691 0.0317956 0.0318736 0.031802 0.031582 0.0312163 0.0307097 0.0300687 0.0293014 0.0284176 0.0274281 0.0263451 0.0251815 0.023951 0.0226676 0.0213456 0.0199989 0.0186413 0.0172861 0.0159455 0.0146312 0.0133535 0.0121214 0.0109428 0.00982419 0.00877059 0.00778569 0.00687188 0.00603027 0.00526082 0.00456248 0.00393325 0.0033704 0.00287055 0.00242984 0.00204409 0.00170887 0.00141968 0.001172 0.000961436 0.000783751 0.000634947 0.000511305 0.00040942 0.000326218 0.000258969 0.00020529 0.000163141 0.000130817 0.00010694 9.04461e-05 8.05931e-05 
9.74329e-05 0.000100383 0.00011102 0.000129889 0.000157884 0.000196282 0.000246751 0.000311365 0.000392612 0.000493406 0.000617089 0.000767425 0.000948583 0.00116511 0.00142191 0.00172413 0.00207715 0.00248645 0.00295748 0.00349559 0.00410582 0.00479277 0.00556043 0.00641202 0.00734979 0.00837487 0.00948712 0.010685 0.0119654 0.0133237 0.0147536 0.0162471 0.0177946 0.019385 0.0210057 0.0226428 0.0242815 0.0259057 0.0274992 0.0290451 0.0305266 0.0319269 0.0332299 0.0344203 0.0354839 0.0364077 0.0371804 0.0377923 0.0382359 0.0385056 0.038598 0.038512 0.0382486 0.0378113 0.0372056 0.0364392 0.0355216 0.034464 0.0332795 0.0319823 0.0305876 0.0291115 0.0275707 0.025982 0.024362 0.0227273 0.0210936 0.0194757 0.0178876 0.0163417 0.0148492 0.0134196 0.0120609 0.0107794 0.00957973 0.0084651 0.00743706 0.00649581 0.00564028 0.00486829 0.00417671 0.00356163 0.00301853 0.00254245 0.00212813 0.00177016 0.00146314 0.00120175 0.000980859 0.000795611 0.000641477 0.000514293 0.000410297 0.000326137 0.000258882 0.000206019 0.000165443 0.000135452 0.000114729 0.000102358 
0.000123436 0.000127186 0.00014059 0.000164322 0.000199491 0.000247676 0.000310935 0.000391824 0.000493406 0.000619259 0.000773474 0.000960653 0.00118588 0.00145469 0.00177299 0.00214704 0.00258329 0.0030883 0.00366859 0.00433049 0.00507992 0.00592227 0.00686212 0.00790312 0.00904769 0.0102969 0.0116503 0.0131057 0.0146591 0.0163046 0.0180343 0.0198385 0.0217053 0.0236214 0.0255714 0.0275388 0.0295056 0.0314531 0.0333615 0.035211 0.0369817 0.0386539 0.0402087 0.0416281 0.0428953 0.0439953 0.0449147 0.0456425 0.0461697 0.0464899 0.0465991 0.0464959 0.0461819 0.0456608 0.0449391 0.0440257 0.0429318 0.0416707 0.0402574 0.0387086 0.0370423 0.0352773 0.0334334 0.0315303 0.0295879 0.0276256 0.0256624 0.023716 0.021803 0.0199386 0.0181362 0.0164074 0.0147622 0.0132083 0.0117516 0.0103962 0.00914429 0.00799639 0.00695151 0.00600726 0.00516012 0.00440557 0.00373834 0.00315258 0.00264206 0.00220034 0.00182093 0.00149745 0.0012237 0.000993799 0.000802252 0.000643986 0.000514408 0.000409416 0.000325419 0.000259328 0.000208556 0.000171004 0.000145052 0.000129567 
0.000155624 0.000160364 0.000177169 0.000206872 0.000250838 0.00031101 0.000389917 0.000490694 0.000617089 0.000773474 0.000964839 0.00119678 0.00147545 0.00180756 0.00220024 0.00266099 0.00319753 0.00381768 0.00452918 0.00533947 0.00625551 0.0072835 0.00842872 0.00969521 0.0110856 0.0126007 0.0142397 0.0159996 0.0178752 0.019859 0.0219415 0.0241104 0.0263517 0.0286489 0.0309839 0.0333366 0.0356859 0.0380094 0.0402838 0.0424857 0.0445918 0.0465789 0.048425 0.0501089 0.0516113 0.0529146 0.0540033 0.0548646 0.0554881 0.0558663 0.0559947 0.0558719 0.0554993 0.0548814 0.0540259 0.0529429 0.0516456 0.0501491 0.0484713 0.0466313 0.0446503 0.0425504 0.0403544 0.0380859 0.0357682 0.0334243 0.0310765 0.0287461 0.0264528 0.0242149 0.0220486 0.0199681 0.0179853 0.01611 0.0143495 0.0127091 0.0111917 0.00979831 0.0085281 0.00737855 0.00634568 0.00542434 0.00460842 0.00389106 0.00326492 0.00272238 0.0022557 0.00185724 0.00151956 0.00123558 0.000998643 0.000802618 0.000641918 0.000511552 0.000407136 0.000324895 0.000261662 0.000214865 0.000182515 0.000163222 
0.0001951 0.000201053 0.000222001 0.000258964 0.000313616 0.000388331 0.0004862 0.000611043 0.000767425 0.000960653 0.00119678 0.00148256 0.00182543 0.00223344 0.00271514 0.00327948 0.00393566 0.00469292 0.00556038 0.00654674 0.00766009 0.00890757 0.0102951 0.0118272 0.0135065 0.0153338 0.0173073 0.0194232 0.0216748 0.0240528 0.0265454 0.0291379 0.031813 0.0345512 0.0373307 0.0401279 0.0429175 0.0456732 0.0483678 0.0509738 0.0534638 0.0558111 0.0579898 0.0599757 0.0617462 0.063281 0.0645625 0.0655756 0.0663086 0.0667528 0.0669031 0.0667577 0.0663184 0.0655904 0.0645823 0.0633062 0.0617768 0.0600119 0.0580319 0.0558593 0.0535182 0.0510346 0.0484351 0.045747 0.0429977 0.0402143 0.037423 0.034649 0.0319159 0.0292452 0.0266565 0.024167 0.021791 0.0195406 0.017425 0.0154508 0.013622 0.0119401 0.0104047 0.009013 0.00776071 0.00664197 0.00564976 0.00477612 0.00401245 0.00334976 0.00277891 0.0022908 0.00187656 0.00152771 0.00123626 0.000994808 0.000796615 0.000635637 0.000506556 0.000404786 0.000326469 0.000268473 0.000228371 0.000204467 
0.000243108 0.000250535 0.000276485 0.0003222 0.000389718 0.000481924 0.000602568 0.000756281 0.000948583 0.00118588 0.00147545 0.00182543 0.00224472 0.00274291 0.00333021 0.00401721 0.00481479 0.00573382 0.00678494 0.00797827 0.0093231 0.0108276 0.0124984 0.0143403 0.016356 0.0185459 0.0209074 0.0234354 0.0261214 0.028954 0.0319186 0.0349976 0.0381702 0.0414132 0.0447007 0.0480047 0.0512958 0.0545429 0.0577144 0.0607783 0.063703 0.0664574 0.0690118 0.0713383 0.0734109 0.0752065 0.0767048 0.0778887 0.0787447 0.079263 0.0794377 0.0792668 0.0787524 0.0779004 0.0767208 0.075227 0.0734362 0.0713687 0.0690477 0.0664992 0.063751 0.0608329 0.0577757 0.0546112 0.0513711 0.0480872 0.04479 0.0415092 0.0382725 0.0351056 0.0320317 0.0290714 0.0262422 0.0235586 0.0210321 0.0186708 0.0164803 0.0144627 0.012618 0.0109435 0.0094344 0.00808424 0.00688497 0.00582744 0.00490165 0.00409709 0.00340302 0.00280869 0.0023036 0.00187764 0.00152127 0.00122565 0.000982687 0.000785101 0.000626487 0.000501304 0.000404889 0.000333445 0.00028403 0.000254588 
0.000301026 0.000310231 0.00034217 0.00039835 0.000481232 0.000594301 0.00074208 0.000930141 0.00116511 0.00145469 0.00180756 0.00223344 0.00274291 0.00334737 0.00405886 0.00488988 0.00585316 0.00696138 0.00822691 0.00966138 0.0112754 0.0130782 0.015077 0.0172771 0.019681 0.0222883 0.0250957 0.0280962 0.0312793 0.0346311 0.0381337 0.0417661 0.0455035 0.0493185 0.0531805 0.0570568 0.060913 0.064713 0.0684202 0.0719977 0.0754091 0.0786188 0.0815929 0.0842992 0.0867086 0.0887945 0.090534 0.0919077 0.0929003 0.0935008 0.0937026 0.0935033 0.0929053 0.0919155 0.0905448 0.0888088 0.0867267 0.0843217 0.0816202 0.0786516 0.0754479 0.072043 0.0684725 0.0647727 0.0609804 0.0571322 0.0532638 0.0494097 0.0456023 0.041872 0.0382462 0.0347494 0.0314026 0.0282233 0.0252257 0.0224199 0.019813 0.0174083 0.0152062 0.0132043 0.0113974 0.00977824 0.0083379 0.00706586 0.00595061 0.00497997 0.00414138 0.00342227 0.00281024 0.00229338 0.00186037 0.00150069 0.0012047 0.000963691 0.000770001 0.00061698 0.000499023 0.00041156 0.000351049 0.000315011 
0.000370364 0.000381694 0.000420749 0.000489342 0.000590429 0.000728189 0.000908038 0.00113664 0.00142191 0.00177299 0.00220024 0.00271514 0.00333021 0.00405886 0.00491524 0.00591394 0.0070698 0.00839749 0.00991123 0.0116243 0.0135488 0.0156948 0.0180704 0.0206809 0.0235286 0.0266124 0.0299275 0.0334649 0.0372118 0.041151 0.0452612 0.0495172 0.0538899 0.0583467 0.0628522 0.0673683 0.071855 0.0762708 0.0805737 0.0847213 0.0886722 0.0923857 0.0958235 0.0989492 0.10173 0.104136 0.10614 0.107723 0.108866 0.109556 0.109788 0.109557 0.108867 0.107726 0.106145 0.104142 0.101739 0.0989615 0.0958397 0.0924067 0.0886987 0.0847542 0.0806137 0.0763186 0.071911 0.0674331 0.062926 0.0584296 0.0539818 0.0496178 0.0453701 0.0412674 0.0373349 0.0335937 0.0300607 0.0267488 0.0236669 0.0208196 0.0182082 0.0158305 0.013681 0.0117519 0.0100332 0.00851306 0.00717823 0.00601473 0.00500803 0.00414349 0.00340663 0.00278347 0.00226068 0.00182584 0.00146753 0.00117543 0.000940413 0.000754551 0.000611154 0.000504761 0.00043113 0.000387296 
0.000452751 0.000466601 0.000514045 0.000597249 0.000719739 0.000886495 0.00110396 0.00138005 0.00172413 0.00214704 0.00266099 0.00327948 0.00401721 0.00488988 0.00591394 0.00710636 0.00848424 0.0100645 0.0118633 0.0138956 0.0161751 0.0187128 0.0215174 0.0245943 0.0279454 0.0315683 0.0354565 0.0395988 0.0439793 0.0485774 0.0533675 0.0583198 0.0634003 0.0685708 0.0737903 0.0790147 0.0841982 0.0892932 0.0942517 0.0990258 0.103568 0.107834 0.111779 0.115363 0.118548 0.121302 0.123596 0.125406 0.126712 0.127501 0.127764 0.127499 0.126709 0.125403 0.123593 0.121299 0.118546 0.115362 0.111781 0.10784 0.10358 0.0990428 0.0942757 0.089325 0.0842388 0.0790649 0.0738504 0.0686413 0.0634813 0.0584113 0.0534691 0.0486884 0.0440991 0.0397262 0.0355904 0.0317073 0.028088 0.0247391 0.0216627 0.0188571 0.0163169 0.0140336 0.0119961 0.0101911 0.00860384 0.00721817 0.00601745 0.00498476 0.00410331 0.00335679 0.00272966 0.00220732 0.00177635 0.00142459 0.00114124 0.000916933 0.000743722 0.000615125 0.000526102 0.000473123 
0.000549916 0.000566731 0.000623989 0.000724261 0.000871726 0.00107228 0.00133352 0.0016648 0.00207715 0.00258329 0.00319753 0.00393566 0.00481479 0.00585316 0.0070698 0.00848424 0.0101161 0.0119846 0.0141081 0.0165035 0.0191857 0.0221669 0.0254561 0.0290587 0.0329756 0.0372034 0.0417332 0.046551 0.0516376 0.0569681 0.0625123 0.0682352 0.0740971 0.0800538 0.086058 0.0920594 0.0980053 0.103842 0.109515 0.114971 0.120156 0.12502 0.129514 0.133593 0.137216 0.140346 0.142951 0.145005 0.146486 0.147381 0.147678 0.147377 0.146479 0.144994 0.142938 0.140331 0.1372 0.133577 0.1295 0.125008 0.120149 0.114969 0.10952 0.103854 0.0980264 0.0920906 0.0861002 0.0801077 0.074163 0.0683134 0.0626025 0.0570699 0.0517504 0.0466738 0.0418646 0.0373422 0.0331202 0.0292073 0.025607 0.0223183 0.019336 0.016651 0.0142513 0.0121222 0.0102468 0.00860724 0.00718432 0.0059587 0.00491104 0.00402249 0.00327499 0.00265156 0.0021365 0.0017156 0.00137617 0.00110718 0.000899292 0.000744849 0.000637899 0.000574275 
0.000663665 0.000683942 0.000752595 0.000872657 0.00104904 0.00128868 0.00160051 0.00199546 0.00248645 0.0030883 0.00381768 0.00469292 0.00573382 0.00696138 0.00839749 0.0100645 0.0119846 0.0141797 0.0166703 0.0194751 0.0226105 0.0260897 0.0299218 0.034112 0.0386602 0.0435609 0.0488029 0.0543689 0.0602355 0.0663731 0.0727464 0.0793145 0.0860312 0.0928461 0.0997049 0.10655 0.113323 0.119962 0.126406 0.132596 0.138472 0.143978 0.14906 0.153669 0.157759 0.161289 0.164226 0.16654 0.168209 0.169215 0.16955 0.169209 0.168196 0.166522 0.164203 0.161262 0.157728 0.153636 0.149027 0.143946 0.138443 0.132571 0.126387 0.11995 0.11332 0.106558 0.0997246 0.0928787 0.0860773 0.0793746 0.0728207 0.0664613 0.0603371 0.054483 0.0489284 0.0436963 0.0388038 0.034262 0.0300763 0.0262465 0.0227679 0.0196311 0.016823 0.0143276 0.0121262 0.0101986 0.00852315 0.00707785 0.00584059 0.00478972 0.00390442 0.00316506 0.00255343 0.00205299 0.00164895 0.00132844 0.00108052 0.000896209 0.000768538 0.00069261 
0.000795853 0.000820139 0.000901926 0.00104476 0.00125439 0.00153891 0.00190874 0.00237659 0.00295748 0.00366859 0.00452918 0.00556038 0.00678494 0.00822691 0.00991123 0.0118633 0.0141081 0.0166703 0.0195726 0.0228356 0.0264772 0.0305111 0.0349468 0.0397886 0.045035 0.0506784 0.0567044 0.0630919 0.0698128 0.0768323 0.0841092 0.091596 0.0992397 0.106983 0.114764 0.122517 0.130177 0.137676 0.144945 0.151917 0.158529 0.164716 0.170422 0.175591 0.180174 0.184128 0.187415 0.190003 0.191868 0.192992 0.193365 0.192983 0.19185 0.189976 0.18738 0.184086 0.180127 0.175539 0.170367 0.164661 0.158474 0.151866 0.144898 0.137636 0.130147 0.122497 0.114756 0.106989 0.0992612 0.0916333 0.0841628 0.0769023 0.0698987 0.0631931 0.0568198 0.0508066 0.0451742 0.0399369 0.0351021 0.0306711 0.0266398 0.0229986 0.0197337 0.0168277 0.0142601 0.0120082 0.010048 0.0083544 0.00690247 0.00566748 0.00462561 0.00375429 0.00303256 0.0024413 0.00196339 0.0015839 0.00129009 0.00107153 0.000920077 0.000830035 
0.000948343 0.000977239 0.00107405 0.00124289 0.00149046 0.00182613 0.00226196 0.00281268 0.00349559 0.00433049 0.00533947 0.00654674 0.00797827 0.00966138 0.0116243 0.0138956 0.0165035 0.0194751 0.0228356 0.0266076 0.0308099 0.035457 0.0405582 0.0461168 0.0521295 0.0585857 0.0654677 0.0727497 0.0803986 0.0883735 0.0966265 0.105103 0.113743 0.122481 0.131247 0.139969 0.148573 0.156983 0.165124 0.172923 0.180309 0.187213 0.193573 0.199329 0.204428 0.208823 0.212475 0.215348 0.217418 0.218665 0.219078 0.218652 0.217393 0.215312 0.212427 0.208766 0.204362 0.199256 0.193495 0.187132 0.180227 0.172842 0.165047 0.156912 0.14851 0.139917 0.131208 0.122457 0.113735 0.105113 0.0966544 0.0884202 0.0804641 0.0728335 0.0655687 0.0587027 0.0522606 0.0462601 0.0407113 0.0356176 0.0309754 0.0267756 0.0230037 0.019641 0.016665 0.0140509 0.0117718 0.00979983 0.00810666 0.00666437 0.00544589 0.00442549 0.00357916 0.00288496 0.00232322 0.00187668 0.00153067 0.00127311 0.00109458 0.000988465 
0.00112297 0.00115712 0.00127098 0.00146932 0.00175985 0.00215338 0.00266379 0.00330798 0.00410582 0.00507992 0.00625551 0.00766009 0.0093231 0.0112754 0.0135488 0.0161751 0.0191857 0.0226105 0.0264772 0.0308099 0.0356286 0.0409483 0.0467777 0.0531185 0.0599653 0.0673041 0.0751129 0.083361 0.0920091 0.10101 0.110308 0.119842 0.129543 0.139337 0.149147 0.158892 0.16849 0.177857 0.186912 0.195574 0.203767 0.211417 0.218455 0.224819 0.230451 0.235302 0.23933 0.242497 0.244777 0.24615 0.246604 0.246134 0.244746 0.242451 0.239269 0.235229 0.230366 0.224723 0.218352 0.211308 0.203655 0.195461 0.186801 0.177751 0.168391 0.158804 0.149072 0.139278 0.129501 0.119819 0.110306 0.101029 0.0920493 0.0834224 0.0751948 0.0674053 0.0600841 0.053253 0.0469253 0.0411065 0.0357946 0.0309809 0.0266504 0.0227834 0.0193556 0.0163399 0.0137066 0.0114246 0.00946228 0.00778832 0.00637212 0.0051845 0.0041982 0.00338819 0.00273198 0.00220982 0.00180486 0.00150322 0.00129406 0.00116978 
0.00132147 0.00136158 0.00149466 0.0017262 0.00206502 0.00252351 0.00311755 0.00386644 0.00479277 0.00592227 0.0072835 0.00890757 0.0108276 0.0130782 0.0156948 0.0187128 0.0221669 0.0260897 0.0305111 0.035457 0.0409483 0.0469999 0.0536197 0.0608075 0.0685549 0.0768442 0.0856484 0.0949311 0.104646 0.11474 0.125148 0.135801 0.146622 0.157528 0.168432 0.179247 0.189881 0.200243 0.210246 0.219801 0.228826 0.237243 0.244977 0.251963 0.258141 0.263457 0.267867 0.271334 0.273828 0.275329 0.275824 0.275309 0.273789 0.271277 0.267793 0.263367 0.258035 0.251845 0.244848 0.237105 0.228682 0.219654 0.210099 0.2001 0.189743 0.179119 0.168317 0.157428 0.146541 0.135741 0.12511 0.114725 0.104656 0.0949653 0.0857065 0.0769252 0.0686572 0.0609291 0.0537581 0.0471524 0.0411118 0.0356284 0.0306873 0.0262677 0.0223439 0.0188862 0.0158621 0.0132375 0.0109773 0.00904634 0.00741038 0.00603661 0.00489422 0.00395485 0.00319299 0.00258613 0.00211508 0.00176398 0.00152044 0.00137576 
0.00154547 0.00159227 0.00174685 0.00201546 0.00240818 0.00293908 0.00362622 0.00449148 0.00556043 0.00686212 0.00842872 0.0102951 0.0124984 0.015077 0.0180704 0.0215174 0.0254561 0.0299218 0.0349468 0.0405582 0.0467777 0.0536197 0.0610907 0.0691883 0.0779006 0.0872053 0.0970699 0.107451 0.118297 0.129544 0.14112 0.152948 0.164939 0.177004 0.189046 0.200969 0.212673 0.22406 0.235035 0.245504 0.255378 0.264574 0.273015 0.280632 0.28736 0.293145 0.29794 0.301707 0.304416 0.306045 0.306582 0.306023 0.304371 0.30164 0.297852 0.293037 0.287234 0.28049 0.27286 0.264407 0.255202 0.245322 0.234851 0.223877 0.212494 0.200799 0.188888 0.176861 0.164815 0.152845 0.141042 0.129491 0.118272 0.107454 0.0970994 0.0872614 0.0779819 0.0692929 0.061216 0.0537628 0.0469355 0.0407273 0.0351237 0.0301032 0.0256386 0.021698 0.0182463 0.0152459 0.0126582 0.0104442 0.00856581 0.00698629 0.0056711 0.00458832 0.00370913 0.00300812 0.00246351 0.00205732 0.00177547 0.00160806 
0.00179638 0.00185064 0.00202909 0.00233881 0.00279122 0.00340225 0.00419226 0.00518593 0.00641202 0.00790312 0.00969521 0.0118272 0.0143403 0.0172771 0.0206809 0.0245943 0.0290587 0.034112 0.0397886 0.0461168 0.0531185 0.0608075 0.0691883 0.0782557 0.0879934 0.0983742 0.109359 0.120898 0.132931 0.145385 0.15818 0.171229 0.184434 0.197695 0.210909 0.223968 0.236766 0.249198 0.26116 0.272553 0.283283 0.293264 0.302414 0.31066 0.317937 0.324189 0.329367 0.333432 0.336354 0.338111 0.338689 0.338085 0.336303 0.333356 0.329267 0.324066 0.317793 0.310496 0.302232 0.293067 0.283075 0.272335 0.260937 0.248974 0.236545 0.223754 0.210706 0.197507 0.184264 0.171081 0.158058 0.14529 0.132866 0.120864 0.109355 0.0984008 0.0880493 0.0783389 0.0692965 0.0609376 0.0532673 0.0462806 0.0399636 0.0342945 0.0292448 0.0247807 0.0208643 0.0174547 0.0145096 0.0119862 0.00984231 0.00803706 0.00653196 0.00529131 0.00428281 0.00347788 0.002852 0.00238489 0.00206066 0.00186811 
0.00207536 0.00213787 0.00234262 0.00269759 0.00321564 0.00391466 0.00481752 0.00595184 0.00734979 0.00904769 0.0110856 0.0135065 0.016356 0.019681 0.0235286 0.0279454 0.0329756 0.0386602 0.045035 0.0521295 0.0599653 0.0685549 0.0779006 0.0879934 0.0988125 0.110325 0.122484 0.135232 0.1485 0.162208 0.176264 0.190571 0.205022 0.219509 0.233916 0.24813 0.262035 0.275519 0.288472 0.300791 0.312375 0.323136 0.332987 0.341856 0.349674 0.356384 0.361938 0.366295 0.369425 0.371306 0.371925 0.371277 0.369368 0.36621 0.361826 0.356246 0.349511 0.34167 0.332781 0.322911 0.312135 0.300538 0.288212 0.275254 0.261771 0.24787 0.233666 0.219272 0.204804 0.190375 0.176094 0.162067 0.148391 0.135157 0.122442 0.110317 0.0988384 0.088051 0.0779875 0.0686682 0.0601014 0.0522847 0.0452052 0.0388412 0.0331633 0.0281358 0.0237181 0.0198662 0.0165341 0.013675 0.0112423 0.00919123 0.00747894 0.00606581 0.0049158 0.00399702 0.00328201 0.00274803 0.00237724 0.00215709 
0.00238324 0.0024548 0.00268832 0.00309274 0.00368242 0.00447738 0.00550309 0.00679035 0.00837487 0.0102969 0.0126007 0.0153338 0.0185459 0.0222883 0.0266124 0.0315683 0.0372034 0.0435609 0.0506784 0.0585857 0.0673041 0.0768442 0.0872053 0.0983742 0.110325 0.123016 0.136396 0.150398 0.164942 0.179939 0.195288 0.21088 0.2266 0.242328 0.257941 0.273316 0.28833 0.302863 0.316801 0.330035 0.342461 0.353987 0.364525 0.374 0.382344 0.389498 0.395415 0.400053 0.403384 0.405385 0.406043 0.405354 0.403322 0.399961 0.395293 0.389347 0.382165 0.373795 0.364296 0.353736 0.342191 0.329749 0.316504 0.302558 0.288022 0.27301 0.257643 0.242042 0.226331 0.210633 0.195068 0.179749 0.164786 0.150277 0.136313 0.122971 0.110316 0.098402 0.0872669 0.0769368 0.0674241 0.0587292 0.0508409 0.043738 0.0373904 0.0317609 0.0268065 0.02248 0.0187317 0.0155109 0.0127667 0.0104498 0.00851308 0.00691284 0.00560914 0.00456652 0.00375446 0.00314762 0.00272608 0.00247583 
0.00272047 0.00280191 0.00306666 0.00352469 0.00419197 0.00509073 0.00624923 0.00770154 0.00948712 0.0116503 0.0142397 0.0173073 0.0209074 0.0250957 0.0299275 0.0354565 0.0417332 0.0488029 0.0567044 0.0654677 0.0751129 0.0856484 0.0970699 0.109359 0.122484 0.136396 0.151035 0.166325 0.182176 0.198488 0.215151 0.232044 0.249043 0.266018 0.282836 0.299366 0.315479 0.331048 0.345953 0.360081 0.373326 0.385593 0.396794 0.406852 0.415699 0.423278 0.42954 0.434446 0.437967 0.440081 0.440776 0.440048 0.437901 0.434348 0.429409 0.423116 0.415507 0.406631 0.396545 0.385319 0.373029 0.359764 0.345621 0.330705 0.31513 0.299016 0.28249 0.265682 0.248723 0.231746 0.214878 0.198247 0.181969 0.166156 0.150907 0.136309 0.122437 0.109353 0.0971024 0.0857165 0.0752132 0.065596 0.0568561 0.0489733 0.0419172 0.0356492 0.0301244 0.0252924 0.0211 0.0174923 0.0144143 0.011812 0.00963413 0.00783243 0.00636298 0.00518667 0.00426972 0.00358406 0.0031076 0.00282478 
0.00308707 0.00317918 0.00347758 0.00399331 0.00474403 0.00575428 0.00705523 0.00868435 0.010685 0.0131057 0.0159996 0.0194232 0.0234354 0.0280962 0.0334649 0.0395988 0.046551 0.0543689 0.0630919 0.0727497 0.083361 0.0949311 0.107451 0.120898 0.135232 0.150398 0.166325 0.182927 0.200105 0.217748 0.235735 0.253934 0.27221 0.290424 0.308435 0.326103 0.343293 0.359871 0.375715 0.390706 0.404739 0.417715 0.429546 0.440156 0.449478 0.457455 0.46404 0.469196 0.472895 0.475115 0.475845 0.47508 0.472826 0.469094 0.463904 0.457285 0.449275 0.439921 0.429281 0.417421 0.404419 0.390363 0.375352 0.359493 0.342905 0.325711 0.308043 0.29004 0.271839 0.253583 0.235409 0.217454 0.199846 0.182708 0.166148 0.150265 0.135144 0.120855 0.107451 0.0949712 0.0834381 0.0728597 0.0632299 0.0545298 0.0467296 0.0397896 0.0336628 0.0282964 0.0236334 0.0196151 0.016182 0.0132758 0.0108404 0.00882339 0.00717654 0.00585696 0.00482748 0.00405719 0.00352173 0.00320393 
0.00348256 0.00358611 0.0039205 0.00449786 0.00533762 0.00646672 0.00791932 0.00973645 0.0119654 0.0146591 0.0178752 0.0216748 0.0261214 0.0312793 0.0372118 0.0439793 0.0516376 0.0602355 0.0698128 0.0803986 0.0920091 0.104646 0.118297 0.132931 0.1485 0.164942 0.182176 0.200105 0.21862 0.237598 0.256906 0.276403 0.295943 0.315378 0.334557 0.353335 0.371568 0.38912 0.405863 0.421678 0.436456 0.450099 0.462521 0.473645 0.483407 0.491752 0.498634 0.50402 0.50788 0.510197 0.510959 0.510162 0.50781 0.503915 0.498495 0.491577 0.483197 0.473401 0.462244 0.44979 0.436117 0.421312 0.405473 0.388711 0.371145 0.352903 0.334122 0.314947 0.295523 0.276 0.256527 0.237249 0.218308 0.199833 0.181948 0.164762 0.148368 0.132847 0.118261 0.104655 0.0920599 0.080487 0.0699341 0.0603843 0.0518082 0.044166 0.0374089 0.0314815 0.0263236 0.0218726 0.0180647 0.0148369 0.0121288 0.00988332 0.008048 0.006576 0.00542669 0.00456622 0.00396786 0.00361276 
0.00390591 0.00402164 0.00439422 0.00503691 0.00597097 0.00722579 0.00883864 0.0108542 0.0133237 0.0163046 0.019859 0.0240528 0.028954 0.0346311 0.041151 0.0485774 0.0569681 0.0663731 0.0768323 0.0883735 0.10101 0.11474 0.129544 0.145385 0.162208 0.179939 0.198488 0.217748 0.237598 0.257903 0.278519 0.299295 0.320074 0.340698 0.361011 0.380858 0.400091 0.41857 0.436164 0.452753 0.468227 0.482489 0.495455 0.50705 0.517212 0.525889 0.53304 0.53863 0.542636 0.545039 0.545829 0.545004 0.542566 0.538526 0.5329 0.525713 0.517 0.506801 0.495171 0.48217 0.467874 0.452369 0.435753 0.418135 0.399637 0.380391 0.360537 0.340224 0.319606 0.298842 0.278088 0.257501 0.237231 0.217423 0.198209 0.179709 0.162029 0.145258 0.129469 0.114714 0.101031 0.0884375 0.0769342 0.0665072 0.0571284 0.0487578 0.0413454 0.0348336 0.0291591 0.0242554 0.0200547 0.0164895 0.0134946 0.0110085 0.00897441 0.0073415 0.00606555 0.00510968 0.00444475 0.00405018 
0.00435553 0.00448413 0.00489691 0.00560832 0.00664147 0.00802829 0.00980918 0.0120325 0.0147536 0.0180343 0.0219415 0.0265454 0.0319186 0.0381337 0.0452612 0.0533675 0.0625123 0.0727464 0.0841092 0.0966265 0.110308 0.125148 0.14112 0.15818 0.176264 0.195288 0.215151 0.235735 0.256906 0.278519 0.300418 0.322442 0.344424 0.366198 0.387597 0.408464 0.428644 0.447994 0.466383 0.483687 0.499801 0.514628 0.528085 0.540103 0.550621 0.559593 0.566978 0.572748 0.57688 0.579359 0.580175 0.579325 0.576813 0.572646 0.566841 0.559419 0.550411 0.539854 0.527799 0.514304 0.499441 0.483293 0.465956 0.447539 0.428165 0.407966 0.387088 0.365683 0.343913 0.321942 0.299937 0.278065 0.256486 0.235356 0.214818 0.195006 0.176036 0.158008 0.141004 0.125086 0.110298 0.0966636 0.0841891 0.0728633 0.0626601 0.0535396 0.0454511 0.0383349 0.0321251 0.0267515 0.0221422 0.0182254 0.0149313 0.0121938 0.00995169 0.00815017 0.0067414 0.0056854 0.00495056 0.00451454 
0.00482923 0.00497131 0.00542608 0.00620921 0.00734568 0.00886999 0.0108257 0.0132649 0.0162471 0.0198385 0.0241104 0.0291379 0.0349976 0.0417661 0.0495172 0.0583198 0.0682352 0.0793145 0.091596 0.105103 0.119842 0.135801 0.152948 0.171229 0.190571 0.21088 0.232044 0.253934 0.276403 0.299295 0.322442 0.345673 0.368812 0.391683 0.414114 0.435941 0.457007 0.477166 0.496284 0.514242 0.530933 0.546265 0.560158 0.572545 0.583373 0.592598 0.600184 0.606107 0.610345 0.612887 0.613725 0.612855 0.610281 0.606009 0.600053 0.592431 0.583169 0.572302 0.559875 0.545943 0.530572 0.513843 0.495848 0.476696 0.456508 0.435419 0.413575 0.391133 0.368261 0.345129 0.321914 0.29879 0.275931 0.253502 0.231659 0.210547 0.190294 0.17101 0.152788 0.1357 0.119798 0.105111 0.0916515 0.079412 0.0683683 0.0584816 0.0497006 0.0419643 0.035204 0.0293463 0.0243153 0.020035 0.016431 0.0134326 0.0109746 0.00899776 0.00745076 0.00629047 0.00548278 0.00500356 
0.00532422 0.00548029 0.00597858 0.00683596 0.0080793 0.00974569 0.0118819 0.0145436 0.0177946 0.0217053 0.0263517 0.031813 0.0381702 0.0455035 0.0538899 0.0634003 0.0740971 0.0860312 0.0992397 0.113743 0.129543 0.146622 0.164939 0.184434 0.205022 0.2266 0.249043 0.27221 0.295943 0.320074 0.344424 0.368812 0.393051 0.41696 0.44036 0.463082 0.484965 0.505863 0.525643 0.544186 0.561389 0.577162 0.59143 0.604134 0.615223 0.624658 0.63241 0.638456 0.642781 0.645374 0.646229 0.645345 0.642722 0.638366 0.632287 0.6245 0.615029 0.603901 0.591157 0.576847 0.561032 0.543787 0.525204 0.505386 0.484453 0.462541 0.439796 0.416381 0.392465 0.368228 0.343852 0.319522 0.295421 0.271727 0.248607 0.226216 0.204696 0.184168 0.164736 0.146481 0.129463 0.11372 0.099269 0.0861074 0.0742134 0.0635498 0.0540652 0.0456973 0.0383752 0.0320226 0.0265597 0.0219064 0.0179839 0.0147173 0.0120366 0.00987901 0.00818928 0.00692122 0.00603822 0.00551435 
0.0058371 0.00600759 0.0065506 0.00748422 0.0088372 0.0106492 0.0129702 0.0158595 0.019385 0.0236214 0.0286489 0.0345512 0.0414132 0.0493185 0.0583467 0.0685708 0.0800538 0.0928461 0.106983 0.122481 0.139337 0.157528 0.177004 0.197695 0.219509 0.242328 0.266018 0.290424 0.315378 0.340698 0.366198 0.391683 0.41696 0.44184 0.466139 0.489683 0.512311 0.533875 0.554244 0.573301 0.590946 0.607096 0.62168 0.634644 0.645944 0.655547 0.663428 0.66957 0.673961 0.676593 0.677463 0.676567 0.673908 0.669489 0.663317 0.655403 0.645765 0.634427 0.621422 0.606794 0.5906 0.57291 0.553808 0.533397 0.511793 0.48913 0.465557 0.441237 0.416344 0.391064 0.365585 0.340103 0.314809 0.289892 0.265531 0.241894 0.219133 0.197382 0.176756 0.157345 0.13922 0.122425 0.106984 0.0928992 0.0801519 0.0687065 0.0585124 0.0495063 0.0416155 0.0347608 0.028859 0.0238261 0.019579 0.0160385 0.0131304 0.0107877 0.0089518 0.00757328 0.00661306 0.00604339 
0.0063639 0.00654912 0.0071377 0.00814893 0.00961346 0.0115735 0.0140821 0.0172022 0.0210057 0.0255714 0.0309839 0.0373307 0.0447007 0.0531805 0.0628522 0.0737903 0.086058 0.0997049 0.114764 0.131247 0.149147 0.168432 0.189046 0.210909 0.233916 0.257941 0.282836 0.308435 0.334557 0.361011 0.387597 0.414114 0.44036 0.466139 0.491262 0.515553 0.538849 0.561004 0.581887 0.601386 0.619405 0.635866 0.650706 0.663875 0.675337 0.685065 0.69304 0.699251 0.703688 0.706347 0.707227 0.706325 0.703643 0.699181 0.692944 0.684938 0.675176 0.663677 0.650467 0.635583 0.619075 0.601008 0.581461 0.560531 0.538332 0.514995 0.490669 0.465518 0.439721 0.413466 0.38695 0.360376 0.333945 0.307857 0.282301 0.257458 0.233492 0.210549 0.188754 0.168209 0.148992 0.131158 0.114736 0.0997337 0.0861364 0.0739108 0.0630069 0.053361 0.044899 0.0375391 0.0311951 0.0257789 0.0212037 0.0173858 0.0142472 0.0117168 0.00973236 0.00824158 0.00720282 0.00658658 
0.00690011 0.00710024 0.00773484 0.0088244 0.0104014 0.0125106 0.015208 0.0185602 0.0226428 0.0275388 0.0333366 0.0401279 0.0480047 0.0570568 0.0673683 0.0790147 0.0920594 0.10655 0.122517 0.139969 0.158892 0.179247 0.200969 0.223968 0.24813 0.273316 0.299366 0.326103 0.353335 0.380858 0.408464 0.435941 0.463082 0.489683 0.515553 0.540513 0.564401 0.587069 0.608392 0.628261 0.646586 0.663294 0.67833 0.691652 0.703229 0.713042 0.721078 0.727329 0.731794 0.734469 0.735356 0.734452 0.731758 0.727273 0.720998 0.712935 0.703091 0.691478 0.678115 0.663035 0.646278 0.627903 0.607982 0.586608 0.563889 0.539956 0.514954 0.48905 0.462424 0.435268 0.407786 0.380188 0.352683 0.325482 0.298786 0.272786 0.247659 0.223562 0.200632 0.178982 0.158699 0.139846 0.12246 0.106554 0.092117 0.0791189 0.0675108 0.057229 0.0481981 0.0403342 0.033548 0.0277483 0.0228441 0.0187479 0.0153775 0.0126582 0.0105243 0.00892041 0.00780248 0.00713929 
0.00744074 0.00765581 0.00833648 0.00950437 0.0111938 0.0134518 0.0163376 0.0199211 0.0242815 0.0295056 0.0356859 0.0429175 0.0512958 0.060913 0.071855 0.0841982 0.0980053 0.113323 0.130177 0.148573 0.16849 0.189881 0.212673 0.236766 0.262035 0.28833 0.315479 0.343293 0.371568 0.400091 0.428644 0.457007 0.484965 0.512311 0.538849 0.564401 0.588801 0.611909 0.633599 0.653768 0.672333 0.689229 0.704405 0.717829 0.729477 0.739336 0.747401 0.75367 0.758144 0.760825 0.761715 0.760813 0.758118 0.753628 0.74734 0.739252 0.729364 0.717682 0.704218 0.688997 0.672053 0.653435 0.63321 0.611464 0.588302 0.56385 0.538251 0.511673 0.484295 0.456315 0.427942 0.399391 0.370881 0.342632 0.314857 0.287757 0.26152 0.236316 0.212294 0.189575 0.168259 0.148415 0.13009 0.1133 0.0980415 0.0842851 0.0719844 0.0610758 0.0514832 0.0431207 0.0358967 0.0297163 0.0244853 0.0201122 0.016511 0.0136034 0.0113203 0.00960347 0.00840647 0.00769638 
0.00798039 0.0082103 0.00893661 0.0101821 0.0119827 0.014388 0.0174599 0.0212715 0.0259057 0.0314531 0.0380094 0.0456732 0.0545429 0.064713 0.0762708 0.0892932 0.103842 0.119962 0.137676 0.156983 0.177857 0.200243 0.22406 0.249198 0.275519 0.302863 0.331048 0.359871 0.38912 0.41857 0.447994 0.477166 0.505863 0.533875 0.561004 0.587069 0.611909 0.635382 0.65737 0.677774 0.696518 0.713544 0.72881 0.742289 0.753967 0.763839 0.771905 0.778168 0.782636 0.785313 0.786203 0.785307 0.782621 0.778143 0.771864 0.763779 0.753882 0.742171 0.728654 0.713344 0.696268 0.67747 0.657007 0.63496 0.611427 0.58653 0.560412 0.533237 0.505186 0.476461 0.447272 0.417844 0.388403 0.359176 0.330387 0.302249 0.274962 0.248706 0.22364 0.199898 0.177589 0.156792 0.137558 0.119914 0.103856 0.0893624 0.0763864 0.0648657 0.0547235 0.0458726 0.0382187 0.0316642 0.0261115 0.0214655 0.0176366 0.0145431 0.0121126 0.010284 0.00900877 0.00825227 
0.00851334 0.00875782 0.0095289 0.0108504 0.01276 0.0153094 0.0185632 0.0225978 0.0274992 0.0333615 0.0402838 0.0483678 0.0577144 0.0684202 0.0805737 0.0942517 0.109515 0.126406 0.144945 0.165124 0.186912 0.210246 0.235035 0.26116 0.288472 0.316801 0.345953 0.375715 0.405863 0.436164 0.466383 0.496284 0.525643 0.554244 0.581887 0.608392 0.633599 0.65737 0.679591 0.70017 0.719037 0.736141 0.75145 0.764944 0.776617 0.786471 0.794512 0.800752 0.8052 0.807865 0.808752 0.807864 0.805196 0.800743 0.794493 0.786436 0.776561 0.764858 0.751328 0.735975 0.718821 0.699898 0.679258 0.656974 0.633139 0.60787 0.581306 0.55361 0.524964 0.49557 0.465645 0.435417 0.405119 0.374989 0.345258 0.31615 0.287876 0.260628 0.234575 0.209863 0.186608 0.1649 0.144798 0.126332 0.109508 0.094303 0.0806752 0.0685624 0.0578878 0.0485627 0.040491 0.0335725 0.0277063 0.0227941 0.0187429 0.0154676 0.0128928 0.0109549 0.00960304 0.0088011 
0.00903361 0.00929225 0.0101067 0.0115019 0.0135171 0.0162059 0.0196358 0.0238858 0.0290451 0.035211 0.0424857 0.0509738 0.0607783 0.0719977 0.0847213 0.0990258 0.114971 0.132596 0.151917 0.172923 0.195574 0.219801 0.245504 0.272553 0.300791 0.330035 0.360081 0.390706 0.421678 0.452753 0.483687 0.514242 0.544186 0.573301 0.601386 0.628261 0.653768 0.677774 0.70017 0.720869 0.73981 0.756948 0.77226 0.785734 0.797371 0.807181 0.815178 0.821377 0.825794 0.828439 0.829322 0.828444 0.825802 0.821385 0.815181 0.807173 0.797345 0.785681 0.772173 0.756819 0.73963 0.720632 0.69987 0.677408 0.653334 0.627759 0.60082 0.572676 0.543509 0.513524 0.48294 0.451989 0.420912 0.389953 0.359355 0.32935 0.300159 0.271984 0.245007 0.219383 0.195237 0.172668 0.151742 0.132497 0.114942 0.0990593 0.0848086 0.0721292 0.060944 0.0511637 0.0426904 0.0354214 0.029253 0.0240839 0.0198179 0.0163668 0.0136525 0.0116088 0.0101827 0.00933673 
