3.14643e-07 3.29084e-07 3.98595e-07 5.3247e-07 7.4756e-07 1.06979e-06 1.53609e-06 2.1969e-06 3.1194e-06 4.39125e-06 6.1251e-06 8.46351e-06 1.15844e-05 1.57067e-05 2.1096e-05 2.80703e-05 3.70041e-05 4.83323e-05 6.25517e-05 8.02208e-05 0.000101956 0.000128424 0.000160333 0.000198414 0.000243406 0.000296027 0.000356949 0.000426767 0.000505964 0.000594875 0.000693657 0.000802253 0.000920365 0.00104743 0.00118262 0.0013248 0.00147258 0.0016243 0.00177804 0.00193172 0.00208308 0.00222975 0.00236934 0.00249946 0.00261782 0.00272228 0.00281089 0.002882 0.00293425 0.00296662 0.0029785 0.00296966 0.00294028 0.00289093 0.00282259 0.00273656 0.00263448 0.00251826 0.00239001 0.002252 0.00210661 0.00195621 0.00180317 0.00164976 0.00149807 0.00135004 0.00120733 0.00107139 0.000943345 0.000824082 0.000714191 0.000614004 0.000523614 0.000442897 0.000371549 0.000309117 0.00025503 0.000208638 0.000169238 0.000136107 0.00010852 8.57748e-05 6.72051e-05 5.21929e-05 4.01754e-05 3.06497e-05 2.3173e-05 1.73624e-05 1.2891e-05 9.48416e-06 6.91417e-06 4.99486e-06 3.5761e-06 2.53839e-06 1.788e-06 1.25248e-06 8.76809e-07 6.20141e-07 4.53156e-07 3.56187e-07 
3.29084e-07 3.44345e-07 4.1748e-07 5.58302e-07 7.84609e-07 1.12378e-06 1.61481e-06 2.31101e-06 3.28334e-06 4.62448e-06 6.45349e-06 8.92109e-06 1.22154e-05 1.65679e-05 2.22594e-05 2.9626e-05 3.90636e-05 5.10318e-05 6.60555e-05 8.47243e-05 0.000107689 0.000135653 0.000169364 0.000209592 0.000257114 0.000312686 0.000377016 0.000450726 0.000534322 0.000628152 0.000732378 0.000846933 0.000971498 0.00110548 0.00124798 0.00139783 0.00155354 0.00171335 0.00187527 0.00203709 0.00219642 0.00235079 0.00249768 0.00263457 0.00275908 0.00286894 0.00296212 0.00303688 0.00309178 0.00312579 0.00313824 0.00312891 0.00309797 0.00304604 0.00297412 0.0028836 0.00277619 0.00265389 0.00251891 0.00237366 0.00222061 0.00206228 0.00190114 0.00173957 0.0015798 0.00142385 0.00127348 0.0011302 0.000995235 0.000869496 0.000753617 0.000647952 0.000552602 0.000467443 0.000392158 0.000326271 0.000269184 0.000220214 0.000178622 0.000143645 0.000114521 9.05073e-05 7.09029e-05 5.5055e-05 4.23697e-05 3.23159e-05 2.4426e-05 1.82954e-05 1.3579e-05 9.98637e-06 7.27712e-06 5.25456e-06 3.76006e-06 2.66744e-06 1.87772e-06 1.31441e-06 9.19459e-07 6.49757e-07 4.74387e-07 3.72612e-07 
3.98595e-07 4.1748e-07 5.06376e-07 6.7715e-07 9.51283e-07 1.36177e-06 1.95555e-06 2.79668e-06 3.97038e-06 5.58771e-06 7.79118e-06 1.07609e-05 1.47211e-05 1.99476e-05 2.6774e-05 3.55988e-05 4.68906e-05 6.1192e-05 7.91214e-05 0.000101372 0.000128705 0.000161945 0.000201961 0.000249647 0.000305904 0.000371601 0.000447546 0.000534449 0.000632876 0.000743208 0.000865605 0.000999963 0.00114588 0.00130264 0.00146918 0.0016441 0.00182567 0.00201184 0.00220028 0.00238842 0.00257351 0.00275268 0.00292304 0.0030817 0.0032259 0.00335306 0.00346085 0.00354727 0.00361069 0.00364991 0.00366419 0.00365326 0.00361734 0.00355712 0.00347376 0.00336885 0.00324434 0.00310254 0.00294598 0.00277742 0.0025997 0.00241574 0.00222838 0.00204038 0.00185432 0.00167254 0.0014971 0.00132978 0.001172 0.00102485 0.000889085 0.000765151 0.000653186 0.00055307 0.000464455 0.000386809 0.000319452 0.000261601 0.000212406 0.000170985 0.000136452 0.000107945 8.4645e-05 6.57875e-05 5.06759e-05 3.86857e-05 2.9266e-05 2.1939e-05 1.62963e-05 1.1994e-05 8.74654e-06 6.31997e-06 4.52544e-06 3.21242e-06 2.26271e-06 1.58483e-06 1.10929e-06 7.84438e-07 5.732e-07 4.50703e-07 
5.3247e-07 5.58302e-07 6.7715e-07 9.04714e-07 1.26932e-06 1.81439e-06 2.60155e-06 3.71478e-06 5.26544e-06 7.39841e-06 1.02991e-05 1.4201e-05 1.93946e-05 2.62353e-05 3.51526e-05 4.66571e-05 6.13479e-05 7.99161e-05 0.000103146 0.000131915 0.000167183 0.000209982 0.000261396 0.000322539 0.00039452 0.000478408 0.000575184 0.000685699 0.000810621 0.000950381 0.00110513 0.00127468 0.00145849 0.00165561 0.00186467 0.0020839 0.00231111 0.00254372 0.00277884 0.00301327 0.00324361 0.00346633 0.00367786 0.00387466 0.00405336 0.00421079 0.00434413 0.00445094 0.00452924 0.00457757 0.00459503 0.00458129 0.00453664 0.00446192 0.00435854 0.00422843 0.00407398 0.00389799 0.00370359 0.00349413 0.00327312 0.00304412 0.00281065 0.00257612 0.00234373 0.00211638 0.00189667 0.00168681 0.00148862 0.00130349 0.00113241 0.000975975 0.000834401 0.000707584 0.000595134 0.000496421 0.000410629 0.000336807 0.000273911 0.000220854 0.000176536 0.000139882 0.000109865 8.55263e-05 6.59858e-05 5.04527e-05 3.82274e-05 2.87009e-05 2.13514e-05 1.5738e-05 1.14936e-05 8.31682e-06 5.9637e-06 4.23929e-06 2.99014e-06 2.09731e-06 1.47019e-06 1.04138e-06 7.62416e-07 6.00759e-07 
7.4756e-07 7.84609e-07 9.51283e-07 1.26932e-06 1.77781e-06 2.53655e-06 3.63018e-06 5.17376e-06 7.31949e-06 1.02648e-05 1.42616e-05 1.96264e-05 2.67512e-05 3.61147e-05 4.82927e-05 6.39681e-05 8.39385e-05 0.000109121 0.000140553 0.000179387 0.000226881 0.00028438 0.000353293 0.000435052 0.00053108 0.000642733 0.000771246 0.000917672 0.00108282 0.00126718 0.00147087 0.00169359 0.00193455 0.00219244 0.00246545 0.00275121 0.00304686 0.00334904 0.00365398 0.00395759 0.00425548 0.00454314 0.00481601 0.0050696 0.00529961 0.00550206 0.00567337 0.00581045 0.00591082 0.00597265 0.00599481 0.00597689 0.00591925 0.00582295 0.00568979 0.00552219 0.00532318 0.00509632 0.00484554 0.00457513 0.00428953 0.00399329 0.00369091 0.00338678 0.00308498 0.00278932 0.00250314 0.00222935 0.00197033 0.00172795 0.00150356 0.00129797 0.00111156 0.000944243 0.000795577 0.000664802 0.000550906 0.000452692 0.000368835 0.000297942 0.000238598 0.000189411 0.000149043 0.000116241 8.98491e-05 6.8825e-05 5.22432e-05 3.9295e-05 2.9285e-05 2.16241e-05 1.58199e-05 1.14672e-05 8.23687e-06 5.86518e-06 4.14406e-06 2.9118e-06 2.04496e-06 1.45151e-06 1.06517e-06 8.41418e-07 
1.06979e-06 1.12378e-06 1.36177e-06 1.81439e-06 2.53655e-06 3.61202e-06 5.15914e-06 7.33832e-06 1.03612e-05 1.45016e-05 2.01078e-05 2.7616e-05 3.75648e-05 5.06095e-05 6.75359e-05 8.92723e-05 0.000116899 0.000151653 0.000194928 0.000248266 0.000313342 0.000391938 0.000485908 0.00059713 0.000727451 0.00087862 0.00105221 0.00124954 0.00147159 0.00171893 0.00199161 0.00228912 0.00261033 0.00295344 0.00331594 0.00369468 0.00408581 0.00448491 0.00488701 0.00528673 0.00567837 0.00605605 0.00641386 0.00674602 0.00704697 0.0073116 0.0075353 0.00771414 0.00784494 0.00792536 0.00795395 0.00793022 0.00785461 0.00772849 0.00755417 0.00733476 0.00707415 0.00677689 0.00644807 0.0060932 0.00571803 0.00532845 0.00493033 0.00452934 0.00413088 0.00373991 0.00336088 0.00299764 0.00265339 0.00233067 0.00203131 0.00175652 0.00150685 0.00128229 0.00108234 0.000906084 0.000752244 0.000619294 0.00050553 0.00040914 0.000328274 0.000261099 0.000205847 0.00016085 0.000124567 9.56004e-05 7.27045e-05 5.47876e-05 4.0907e-05 3.02613e-05 2.21793e-05 1.6106e-05 1.15896e-05 8.26736e-06 5.8519e-06 4.11946e-06 2.89881e-06 2.06204e-06 1.51688e-06 1.2013e-06 
1.53609e-06 1.61481e-06 1.95555e-06 2.60155e-06 3.63018e-06 5.15914e-06 7.35433e-06 1.04401e-05 1.47115e-05 2.05495e-05 2.84369e-05 3.89768e-05 5.29111e-05 7.11399e-05 9.47384e-05 0.000124972 0.000163309 0.000211423 0.00027119 0.00034468 0.000434128 0.000541901 0.000670447 0.000822231 0.000999659 0.00120499 0.00144022 0.00170701 0.00200654 0.00233944 0.00270565 0.00310436 0.00353393 0.00399187 0.00447476 0.00497833 0.00549745 0.00602624 0.00655816 0.00708611 0.00760264 0.00810011 0.00857082 0.00900727 0.0094023 0.00974932 0.0100424 0.0102765 0.0104475 0.0105524 0.0105895 0.010558 0.0104585 0.0102929 0.010064 0.0097759 0.00943357 0.00904287 0.00861037 0.00814319 0.00764879 0.00713483 0.00660894 0.00607855 0.00555074 0.00503205 0.00452838 0.00404486 0.00358581 0.00315467 0.00275397 0.00238542 0.00204989 0.00174748 0.00147765 0.00123928 0.00103077 0.000850181 0.000695313 0.000563806 0.000453233 0.000361176 0.000285291 0.000223353 0.000173301 0.000133254 0.000101531 7.66536e-05 5.73396e-05 4.24958e-05 3.12031e-05 2.27e-05 1.6364e-05 1.16942e-05 8.29259e-06 5.84852e-06 4.1237e-06 2.93975e-06 2.16779e-06 1.72108e-06 
2.1969e-06 2.31101e-06 2.79668e-06 3.71478e-06 5.17376e-06 7.33832e-06 1.04401e-05 1.47913e-05 2.08021e-05 2.89997e-05 4.0051e-05 5.4786e-05 7.4223e-05 9.95924e-05 0.00013236 0.000174244 0.000227229 0.00029357 0.000375784 0.000476635 0.000599094 0.000746289 0.000921437 0.00112776 0.00136837 0.00164615 0.00196366 0.00232293 0.00272539 0.00317168 0.00366155 0.00419376 0.00476599 0.00537476 0.00601546 0.00668234 0.00736858 0.00806641 0.00876721 0.00946173 0.0101403 0.0107928 0.0114096 0.0119807 0.0124972 0.0129504 0.0133328 0.013638 0.0138607 0.0139972 0.014045 0.0140035 0.0138732 0.0136566 0.0133574 0.0129806 0.0125328 0.0120214 0.0114548 0.0108423 0.0101935 0.00951813 0.00882625 0.00812749 0.0074311 0.00674568 0.006079 0.00543789 0.00482812 0.00425433 0.00372004 0.00322764 0.00277843 0.00237272 0.00200995 0.00168878 0.00140724 0.00116286 0.000952828 0.000774079 0.00062345 0.000497767 0.000393932 0.000308995 0.000240205 0.000185046 0.000141259 0.000106846 8.00727e-05 5.94529e-05 4.37337e-05 3.18734e-05 2.30184e-05 1.64792e-05 1.1707e-05 8.27205e-06 5.84406e-06 4.17522e-06 3.08623e-06 2.45625e-06 
3.1194e-06 3.28334e-06 3.97038e-06 5.26544e-06 7.31949e-06 1.03612e-05 1.47115e-05 2.08021e-05 2.9198e-05 4.06242e-05 5.59944e-05 7.64428e-05 0.000103356 0.000138403 0.000183567 0.000241163 0.000313854 0.000404654 0.000516914 0.000654293 0.000820708 0.00102026 0.00125714 0.00153552 0.00185938 0.00223241 0.00265778 0.00313798 0.00367468 0.00426849 0.00491886 0.00562391 0.00638038 0.00718352 0.00802712 0.00890352 0.00980373 0.0107175 0.0116337 0.0125403 0.0134247 0.0142741 0.0150759 0.0158176 0.0164874 0.0170747 0.0175699 0.0179646 0.0182524 0.0184285 0.0184898 0.0184355 0.0182663 0.0179853 0.0175972 0.0171085 0.0165273 0.0158632 0.0151269 0.0143301 0.0134851 0.0126047 0.0117014 0.0107879 0.00987614 0.00897728 0.00810152 0.00725786 0.00645395 0.00569605 0.00498893 0.00433591 0.00373894 0.00319865 0.0027145 0.00228494 0.00190755 0.00157924 0.00129645 0.00105524 0.000851517 0.000681155 0.000540094 0.00042445 0.000330584 0.000255153 0.000195142 0.000147879 0.000111029 8.25891e-05 6.08636e-05 4.44381e-05 3.21503e-05 2.30583e-05 1.64107e-05 1.16173e-05 8.22373e-06 5.88808e-06 4.3627e-06 3.4805e-06 
4.39125e-06 4.62448e-06 5.58771e-06 7.39841e-06 1.02648e-05 1.45016e-05 2.05495e-05 2.89997e-05 4.06242e-05 5.64104e-05 7.75993e-05 0.000105726 0.000142662 0.000190652 0.000252352 0.000330852 0.000429693 0.000552865 0.000704785 0.000890253 0.00111438 0.00138249 0.00169998 0.00207219 0.00250418 0.00300055 0.00356522 0.0042012 0.00491035 0.00569316 0.00654862 0.00747397 0.00846467 0.00951432 0.0106146 0.0117555 0.0129252 0.0141104 0.0152968 0.0164688 0.0176104 0.0187054 0.0197376 0.0206913 0.0215518 0.0223054 0.0229402 0.0234459 0.0238142 0.0240392 0.0241171 0.0240467 0.0238293 0.0234684 0.02297 0.0223423 0.0215954 0.0207415 0.0197939 0.0187674 0.0176777 0.0165408 0.0153729 0.0141901 0.0130076 0.01184 0.0107004 0.00960053 0.00855054 0.00755869 0.00663142 0.00577334 0.00498724 0.00427423 0.00363392 0.00306453 0.00256318 0.00212606 0.00174867 0.00142605 0.00115296 0.000924061 0.000734106 0.000578027 0.000451058 0.000348801 0.00026727 0.000202917 0.000152636 0.000113749 8.39804e-05 6.14279e-05 4.45225e-05 3.19895e-05 2.28087e-05 1.6177e-05 1.14742e-05 8.23321e-06 6.11477e-06 4.88985e-06 
6.1251e-06 6.45349e-06 7.79118e-06 1.02991e-05 1.42616e-05 2.01078e-05 2.84369e-05 4.0051e-05 5.59944e-05 7.75993e-05 0.000106534 0.000144858 0.00019507 0.00026016 0.00034365 0.000449624 0.000582742 0.000748231 0.000951853 0.00119984 0.00149878 0.00185551 0.00227691 0.00276973 0.0033403 0.00399431 0.00473652 0.00557045 0.00649812 0.00751977 0.00863367 0.00983587 0.0111202 0.012478 0.0138983 0.0153682 0.0168723 0.0183936 0.0199136 0.0214129 0.022871 0.0242676 0.0255823 0.0267957 0.0278892 0.0288459 0.0296511 0.0302919 0.0307582 0.0310426 0.0311406 0.0310506 0.0307742 0.0303157 0.0296827 0.0288851 0.0279357 0.0268494 0.0256429 0.0243347 0.0229442 0.0214917 0.0199975 0.0184819 0.0169642 0.0154631 0.0139954 0.0125762 0.0112187 0.00993376 0.00873001 0.0076137 0.0065888 0.00565715 0.0048186 0.00407124 0.00341168 0.00283529 0.00233652 0.00190914 0.00154654 0.00124192 0.000988538 0.000779873 0.000609743 0.000472416 0.000362681 0.000275878 0.000207908 0.000155228 0.000114816 8.41366e-05 6.10929e-05 4.39754e-05 3.14124e-05 2.23214e-05 1.58641e-05 1.14079e-05 8.49267e-06 6.80737e-06 
8.46351e-06 8.92109e-06 1.07609e-05 1.4201e-05 1.96264e-05 2.7616e-05 3.89768e-05 5.4786e-05 7.64428e-05 0.000105726 0.000144858 0.000196571 0.00026417 0.000351595 0.000463471 0.000605137 0.000782663 0.00100282 0.00127305 0.00160134 0.00199612 0.00246603 0.00301976 0.00366571 0.00441171 0.00526469 0.00623031 0.0073126 0.00851363 0.00983318 0.0112685 0.012814 0.0144614 0.0161992 0.0180132 0.0198866 0.0217998 0.0237314 0.0256578 0.0275547 0.0293967 0.0311583 0.0328144 0.0343408 0.035715 0.0369161 0.0379259 0.0387289 0.0393127 0.0396683 0.0397901 0.0396764 0.039329 0.0387532 0.0379582 0.0369564 0.0357631 0.0343966 0.0328776 0.0312288 0.0294741 0.0276387 0.0257478 0.0238268 0.0219001 0.0199909 0.0181207 0.0163089 0.0145723 0.0129251 0.0113787 0.00994139 0.00861888 0.00741396 0.00632694 0.00535589 0.00449689 0.00374446 0.0030918 0.00253125 0.00205453 0.0016531 0.00131842 0.00104217 0.000816408 0.000633765 0.00048749 0.000371525 0.000280522 0.000209836 0.000155497 0.000114159 8.30447e-05 5.98865e-05 4.28574e-05 3.05122e-05 2.17292e-05 1.56597e-05 1.16855e-05 9.38848e-06 
1.15844e-05 1.22154e-05 1.47211e-05 1.93946e-05 2.67512e-05 3.75648e-05 5.29111e-05 7.4223e-05 0.000103356 0.000142662 0.00019507 0.00026417 0.000354288 0.000470565 0.000619006 0.000806524 0.00104093 0.00133093 0.00168599 0.00211626 0.00263236 0.00324515 0.00396541 0.00480348 0.0057689 0.00686998 0.00811331 0.00950337 0.0110421 0.0127286 0.0145585 0.0165243 0.0186148 0.0208151 0.0231069 0.0254687 0.0278757 0.0303011 0.0327157 0.035089 0.0373898 0.0395868 0.0416494 0.0435481 0.0452553 0.046746 0.047998 0.0489928 0.0497154 0.0501549 0.0503047 0.0501628 0.0497312 0.0490165 0.0480297 0.0467856 0.0453029 0.0436037 0.0417129 0.0396582 0.0374688 0.0351755 0.0328093 0.0304014 0.0279821 0.0255804 0.0232232 0.0209349 0.018737 0.0166479 0.0146821 0.012851 0.0111622 0.00961996 0.00822533 0.00697649 0.00586912 0.00489677 0.00405133 0.00332344 0.00270292 0.00217915 0.00174144 0.00137928 0.00108263 0.000842084 0.000648992 0.000495565 0.000374897 0.000280964 0.000208597 0.000153428 0.000111819 8.07859e-05 5.79222e-05 4.1317e-05 2.94834e-05 2.12947e-05 1.59282e-05 1.28267e-05 
1.57067e-05 1.65679e-05 1.99476e-05 2.62353e-05 3.61147e-05 5.06095e-05 7.11399e-05 9.95924e-05 0.000138403 0.000190652 0.00026016 0.000351595 0.000470565 0.000623702 0.000818732 0.0010645 0.00137097 0.00174917 0.00221107 0.00276938 0.00343736 0.00422843 0.00515583 0.00623213 0.00746878 0.00887554 0.0104599 0.0122268 0.0141776 0.0163104 0.0186188 0.0210927 0.0237171 0.0264729 0.0293369 0.0322818 0.0352769 0.0382887 0.0412814 0.0442175 0.0470592 0.0497684 0.0523081 0.0546428 0.0567395 0.0585684 0.060103 0.0613211 0.0622051 0.0627422 0.0629245 0.0627494 0.0622196 0.0613429 0.0601322 0.0586053 0.0567842 0.0546954 0.0523688 0.0498374 0.0471365 0.0443032 0.0413752 0.0383905 0.0353862 0.032398 0.0294592 0.0266004 0.0238486 0.021227 0.0187547 0.0164463 0.0143122 0.0123586 0.0105877 0.00899801 0.00758493 0.00634108 0.0052569 0.00432116 0.00352149 0.00284486 0.00227803 0.00180791 0.00142192 0.00110818 0.000855757 0.000654727 0.000496263 0.000372635 0.000277183 0.000204259 0.000149142 0.000107953 7.75467e-05 5.54227e-05 3.963e-05 2.86863e-05 2.15079e-05 1.73597e-05 
2.1096e-05 2.22594e-05 2.6774e-05 3.51526e-05 4.82927e-05 6.75359e-05 9.47384e-05 0.00013236 0.000183567 0.000252352 0.00034365 0.000463471 0.000619006 0.000818732 0.00107248 0.00139145 0.00178821 0.00227659 0.00287153 0.00358881 0.00444475 0.00545577 0.0066379 0.00800621 0.00957421 0.0113532 0.0133515 0.0155741 0.0180217 0.0206906 0.0235721 0.0266522 0.0299117 0.0333263 0.0368666 0.0404987 0.0441846 0.0478834 0.0515513 0.0551432 0.0586134 0.0619163 0.0650079 0.067846 0.0703917 0.0726097 0.0744689 0.0759434 0.0770125 0.0776612 0.0778804 0.0776672 0.0770245 0.0759617 0.0744936 0.0726412 0.0704304 0.0678923 0.0650621 0.0619789 0.0586848 0.0552236 0.0516409 0.0479822 0.0442925 0.0406152 0.0369912 0.033458 0.0300495 0.0267947 0.023718 0.0208383 0.0181695 0.0157204 0.0134947 0.0114917 0.00970676 0.00813158 0.00675513 0.00556414 0.00454378 0.00367827 0.00295142 0.00234711 0.00184973 0.0014445 0.00111769 0.00085682 0.000650714 0.000489555 0.000364852 0.000269373 0.000197058 0.000142904 0.000102849 7.36497e-05 5.27715e-05 3.82835e-05 2.87715e-05 2.32753e-05 
2.80703e-05 2.9626e-05 3.55988e-05 4.66571e-05 6.39681e-05 8.92723e-05 0.000124972 0.000174244 0.000241163 0.000330852 0.000449624 0.000605137 0.000806524 0.0010645 0.00139145 0.00180142 0.00231008 0.0029346 0.0036934 0.00460586 0.00569182 0.00697113 0.00846295 0.0101851 0.0121532 0.0143801 0.0168748 0.019642 0.0226812 0.0259865 0.0295455 0.0333402 0.0373457 0.0415313 0.0458605 0.0502915 0.0547781 0.0592705 0.0637163 0.0680615 0.0722516 0.0762331 0.0799538 0.0833647 0.0864201 0.089079 0.0913057 0.0930699 0.0943479 0.0951225 0.0953832 0.0951267 0.0943563 0.0930828 0.0913235 0.0891023 0.0864493 0.0834006 0.0799972 0.0762846 0.0723121 0.0681315 0.0637964 0.0593611 0.0548793 0.0504032 0.0459823 0.0416626 0.0374854 0.0334872 0.0296982 0.0261432 0.0228401 0.0198012 0.0170323 0.0145341 0.012302 0.0103272 0.00859697 0.00709604 0.00580686 0.00471054 0.00378754 0.00301824 0.00238351 0.00186512 0.00144606 0.00111076 0.000845234 0.000637142 0.000475762 0.000351931 0.000257942 0.000187412 0.000135139 9.6963e-05 6.96195e-05 5.06181e-05 3.81314e-05 3.09168e-05 
3.70041e-05 3.90636e-05 4.68906e-05 6.13479e-05 8.39385e-05 0.000116899 0.000163309 0.000227229 0.000313854 0.000429693 0.000582742 0.000782663 0.00104093 0.00137097 0.00178821 0.00231008 0.00295592 0.00374681 0.00470524 0.00585469 0.00721905 0.00882196 0.010686 0.012832 0.0152777 0.0180374 0.0211204 0.0245307 0.028266 0.0323171 0.0366677 0.0412937 0.0461641 0.0512405 0.0564779 0.0618254 0.0672274 0.0726242 0.0779536 0.0831517 0.0881549 0.0929003 0.0973278 0.10138 0.105006 0.108157 0.110793 0.11288 0.11439 0.115304 0.115611 0.115306 0.114393 0.112885 0.110801 0.108169 0.105022 0.101402 0.0973555 0.0929356 0.0881988 0.0832054 0.0780181 0.0727003 0.0673157 0.0619262 0.056591 0.0513657 0.0463006 0.0414403 0.0368228 0.0324791 0.0284328 0.0247002 0.0212903 0.0182056 0.0154421 0.0129905 0.010837 0.00896392 0.00735089 0.00597563 0.00481481 0.00384486 0.00304258 0.00238574 0.00185346 0.00142656 0.0010877 0.000821528 0.000614639 0.000455538 0.000334518 0.000243513 0.000175931 0.00012648 9.10013e-05 6.63114e-05 5.00712e-05 4.06882e-05 
4.83323e-05 5.10318e-05 6.1192e-05 7.99161e-05 0.000109121 0.000151653 0.000211423 0.00029357 0.000404654 0.000552865 0.000748231 0.00100282 0.00133093 0.00174917 0.00227659 0.0029346 0.00374681 0.00473884 0.00593781 0.00737188 0.00906944 0.0110583 0.0133649 0.0160128 0.0190221 0.0224081 0.0261801 0.0303409 0.0348853 0.0398001 0.0450635 0.050645 0.0565054 0.0625975 0.0688665 0.0752514 0.0816856 0.0880987 0.0944174 0.100568 0.106475 0.112068 0.117278 0.122038 0.126291 0.129983 0.133069 0.135508 0.137273 0.13834 0.138696 0.138338 0.13727 0.135505 0.133065 0.129981 0.12629 0.122041 0.117285 0.112082 0.106497 0.100599 0.0944595 0.0881533 0.0817539 0.0753341 0.068964 0.0627097 0.056632 0.050785 0.0452155 0.0399623 0.0350556 0.030517 0.0263595 0.0225881 0.0192003 0.0161866 0.0135323 0.0112173 0.0092185 0.00750979 0.00606377 0.0048524 0.0038479 0.00302345 0.00235371 0.00181525 0.00138684 0.00104954 0.000786769 0.000584241 0.000429854 0.000313513 0.000226941 0.000163476 0.000117864 8.60773e-05 6.5149e-05 5.30574e-05 
6.25517e-05 6.60555e-05 7.91214e-05 0.000103146 0.000140553 0.000194928 0.00027119 0.000375784 0.000516914 0.000704785 0.000951853 0.00127305 0.00168599 0.00221107 0.00287153 0.0036934 0.00470524 0.00593781 0.00742352 0.00919568 0.0112877 0.0137318 0.0165584 0.019794 0.0234608 0.0275746 0.0321443 0.0371703 0.0426439 0.0485466 0.0548501 0.0615155 0.0684946 0.0757297 0.0831551 0.0906981 0.0982803 0.105819 0.11323 0.120427 0.127326 0.133845 0.139906 0.145436 0.150369 0.154646 0.158216 0.161036 0.163074 0.164305 0.164715 0.1643 0.163063 0.161021 0.158198 0.154625 0.150348 0.145415 0.139888 0.133831 0.127319 0.120429 0.113243 0.105845 0.0983209 0.0907549 0.0832291 0.0758214 0.0686039 0.0616418 0.0549923 0.0487031 0.0428124 0.0373483 0.0323291 0.0277633 0.0236503 0.0199815 0.0167411 0.0139073 0.0114539 0.00935089 0.00756652 0.00606779 0.00482183 0.00379659 0.00296168 0.0022888 0.00175216 0.00132865 0.000997954 0.000742506 0.00054735 0.000399977 0.000290091 0.000209381 0.000151275 0.000110723 8.39986e-05 6.85579e-05 
8.02208e-05 8.47243e-05 0.000101372 0.000131915 0.000179387 0.000248266 0.00034468 0.000476635 0.000654293 0.000890253 0.00119984 0.00160134 0.00211626 0.00276938 0.00358881 0.00460586 0.00585469 0.00737188 0.00919568 0.0113651 0.0139189 0.0168943 0.0203252 0.0242413 0.0286663 0.0336162 0.0390984 0.0451102 0.0516381 0.0586571 0.0661306 0.0740103 0.0822372 0.0907418 0.0994461 0.108264 0.117105 0.125873 0.134472 0.142803 0.150773 0.158288 0.165262 0.171614 0.177271 0.18217 0.186254 0.189477 0.191804 0.193208 0.193675 0.193199 0.191785 0.18945 0.186219 0.182129 0.177226 0.171566 0.165213 0.158241 0.150731 0.142769 0.134448 0.125863 0.11711 0.108287 0.0994883 0.0908046 0.082321 0.0741151 0.0662555 0.0588007 0.0517983 0.0452844 0.0392837 0.0338093 0.0288637 0.0244397 0.0205212 0.0170849 0.0141016 0.0115375 0.00935599 0.00751887 0.0059876 0.00472439 0.00369309 0.00285989 0.00219377 0.00166685 0.00125445 0.000935166 0.000690706 0.000505707 0.000367486 0.00026577 0.000192415 0.000141148 0.000107328 8.77876e-05 
0.000101956 0.000107689 0.000128705 0.000167183 0.000226881 0.000313342 0.000434128 0.000599094 0.000820708 0.00111438 0.00149878 0.00199612 0.00263236 0.00343736 0.00444475 0.00569182 0.00721905 0.00906944 0.0112877 0.0139189 0.0170077 0.0205958 0.0247214 0.0294166 0.0347062 0.0406055 0.0471197 0.0542415 0.0619513 0.0702161 0.0789896 0.0882124 0.097813 0.107709 0.117808 0.128011 0.138212 0.148304 0.158175 0.167716 0.176823 0.185392 0.193328 0.200544 0.206961 0.21251 0.217129 0.220772 0.223399 0.224983 0.225508 0.224969 0.223371 0.220731 0.217076 0.212446 0.206889 0.200466 0.193246 0.185308 0.176741 0.167641 0.158108 0.14825 0.138175 0.127992 0.11781 0.107734 0.0978626 0.088287 0.0790888 0.0703388 0.0620957 0.0544051 0.0472993 0.0407977 0.0349071 0.0296223 0.024928 0.0207997 0.0172055 0.0141078 0.0114651 0.00923368 0.00736884 0.00582648 0.00456409 0.00354166 0.00272226 0.00207254 0.00156285 0.00116735 0.000863865 0.000633707 0.000461395 0.000334348 0.000242568 0.000178331 0.000135915 0.000111405 
0.000128424 0.000135653 0.000161945 0.000209982 0.00028438 0.000391938 0.000541901 0.000746289 0.00102026 0.00138249 0.00185551 0.00246603 0.00324515 0.00422843 0.00545577 0.00697113 0.00882196 0.0110583 0.0137318 0.0168943 0.0205958 0.0248834 0.0297987 0.035376 0.0416403 0.0486056 0.0562731 0.06463 0.073649 0.0832873 0.0934872 0.104176 0.11527 0.12667 0.13827 0.149956 0.161607 0.1731 0.184314 0.195126 0.205421 0.215087 0.224021 0.23213 0.239328 0.245542 0.25071 0.254781 0.257714 0.259481 0.260066 0.259462 0.257677 0.254726 0.250638 0.245455 0.239227 0.232018 0.223902 0.214963 0.205296 0.195004 0.184199 0.172997 0.161518 0.149887 0.138224 0.126649 0.115277 0.104212 0.0935519 0.0833807 0.0737695 0.0647754 0.0564402 0.0487908 0.0418394 0.0355846 0.0300124 0.0250978 0.0208068 0.0170982 0.0139257 0.0112396 0.00898886 0.00712245 0.00559093 0.00434741 0.00334839 0.00255434 0.00192997 0.00144438 0.00107094 0.000787125 0.000574207 0.000416922 0.000303101 0.000223323 0.000170593 0.000140122 
0.000160333 0.000169364 0.000201961 0.000261396 0.000353293 0.000485908 0.000670447 0.000921437 0.00125714 0.00169998 0.00227691 0.00301976 0.00396541 0.00515583 0.0066379 0.00846295 0.010686 0.0133649 0.0165584 0.0203252 0.0247214 0.0297987 0.0356019 0.0421669 0.0495179 0.0576663 0.0666081 0.0763233 0.086775 0.097909 0.109654 0.121925 0.134619 0.147624 0.160816 0.174066 0.187238 0.200196 0.212804 0.224929 0.236445 0.247233 0.257183 0.266195 0.274182 0.281067 0.286785 0.291284 0.294523 0.296473 0.297117 0.296449 0.294476 0.291214 0.286694 0.280956 0.274053 0.266051 0.257025 0.247067 0.236274 0.224757 0.212636 0.200038 0.187094 0.173941 0.160714 0.147549 0.134574 0.121912 0.109676 0.0979642 0.0868631 0.0764423 0.0667551 0.0578376 0.0497091 0.0423731 0.0358182 0.03002 0.0249429 0.0205424 0.0167675 0.0135626 0.0108699 0.00863116 0.00678939 0.00529019 0.00408281 0.00312083 0.00236265 0.00177164 0.00131612 0.000969185 0.000708384 0.00051536 0.000375437 0.000277222 0.000212244 0.00017469 
0.000198414 0.000209592 0.000249647 0.000322539 0.000435052 0.00059713 0.000822231 0.00112776 0.00153552 0.00207219 0.00276973 0.00366571 0.00480348 0.00623213 0.00800621 0.0101851 0.012832 0.0160128 0.019794 0.0242413 0.0294166 0.035376 0.0421669 0.0498256 0.0583747 0.0678214 0.078155 0.0893464 0.101347 0.11409 0.127489 0.141442 0.15583 0.170523 0.185382 0.200258 0.215003 0.229465 0.243496 0.256955 0.269704 0.281618 0.292583 0.302494 0.311261 0.318807 0.325064 0.329982 0.33352 0.335647 0.336349 0.335619 0.333463 0.329899 0.324955 0.318672 0.311104 0.302316 0.292388 0.28141 0.269486 0.256732 0.243274 0.229249 0.214799 0.200072 0.185218 0.170388 0.155726 0.141374 0.127459 0.114099 0.101394 0.0894306 0.0782738 0.0679713 0.0585513 0.0500235 0.0423807 0.0356 0.0296452 0.0244692 0.0200165 0.0162258 0.0130322 0.0103701 0.00817427 0.00638238 0.00493571 0.00378032 0.00286755 0.00215442 0.00160355 0.0011831 0.000866395 0.000631551 0.000461021 0.000341152 0.00026177 0.000215886 
0.000243406 0.000257114 0.000305904 0.00039452 0.00053108 0.000727451 0.000999659 0.00136837 0.00185938 0.00250418 0.0033403 0.00441171 0.0057689 0.00746878 0.00957421 0.0121532 0.0152777 0.0190221 0.0234608 0.0286663 0.0347062 0.0416403 0.0495179 0.0583747 0.0682303 0.0790857 0.090922 0.103699 0.117355 0.131808 0.146954 0.162674 0.178831 0.195275 0.211851 0.228394 0.244739 0.260722 0.276183 0.29097 0.304942 0.317965 0.329922 0.340707 0.350229 0.35841 0.365186 0.370504 0.374326 0.376623 0.37738 0.376591 0.374262 0.370409 0.36506 0.358255 0.350047 0.340499 0.329691 0.317716 0.304678 0.290697 0.275906 0.260447 0.244472 0.228143 0.211621 0.195073 0.178661 0.162543 0.146864 0.131761 0.117353 0.10374 0.0910045 0.0792065 0.0683849 0.0585578 0.0497235 0.0418621 0.0349378 0.0289017 0.0236943 0.0192487 0.0154933 0.0123545 0.00975876 0.00763517 0.00591646 0.00454048 0.00345092 0.0025977 0.00193718 0.00143196 0.00105063 0.000767338 0.000561277 0.000416227 0.000320075 0.00026449 
0.000296027 0.000312686 0.000371601 0.000478408 0.000642733 0.00087862 0.00120499 0.00164615 0.00223241 0.00300055 0.00399431 0.00526469 0.00686998 0.00887554 0.0113532 0.0143801 0.0180374 0.0224081 0.0275746 0.0336162 0.0406055 0.0486056 0.0576663 0.0678214 0.0790857 0.0914528 0.104893 0.119354 0.134758 0.151005 0.167974 0.185525 0.203503 0.22174 0.24006 0.258284 0.276231 0.293725 0.310596 0.326684 0.341842 0.355934 0.36884 0.380456 0.39069 0.399468 0.406726 0.412416 0.416502 0.418956 0.419764 0.418921 0.416431 0.412312 0.406587 0.399296 0.390486 0.380222 0.368578 0.355648 0.341536 0.326363 0.310265 0.293391 0.275902 0.257966 0.239762 0.221468 0.203264 0.185325 0.167817 0.150895 0.134697 0.119343 0.104931 0.0915365 0.0792109 0.0679827 0.0578575 0.0488198 0.0408358 0.0338555 0.0278163 0.0226462 0.0182669 0.0145967 0.0115538 0.00905804 0.00703312 0.0054081 0.00411831 0.00310601 0.00232062 0.00171862 0.00126333 0.000924457 0.000677554 0.000503512 0.00038803 0.00032126 
0.000356949 0.000377016 0.000447546 0.000575184 0.000771246 0.00105221 0.00144022 0.00196366 0.00265778 0.00356522 0.00473652 0.00623031 0.00811331 0.0104599 0.0133515 0.0168748 0.0211204 0.0261801 0.0321443 0.0390984 0.0471197 0.0562731 0.0666081 0.078155 0.090922 0.104893 0.120027 0.136254 0.153481 0.171588 0.190435 0.20986 0.229688 0.249732 0.269798 0.289689 0.309213 0.328182 0.346417 0.363752 0.380037 0.395135 0.408927 0.421311 0.432199 0.441519 0.449214 0.455239 0.45956 0.462154 0.463008 0.462117 0.459486 0.455128 0.449066 0.441334 0.431978 0.421056 0.40864 0.394818 0.379694 0.363388 0.346037 0.327794 0.308824 0.289307 0.26943 0.249388 0.229376 0.209587 0.190206 0.17141 0.153356 0.136185 0.120012 0.104932 0.0910103 0.0782875 0.0667784 0.056474 0.0473434 0.0393373 0.0323907 0.0264271 0.0213619 0.0171056 0.0135675 0.0106583 0.00829207 0.00638862 0.00487433 0.00368316 0.00275696 0.00204556 0.00150646 0.00110446 0.000811076 0.000603983 0.00046644 0.0003869 
0.000426767 0.000450726 0.000534449 0.000685699 0.000917672 0.00124954 0.00170701 0.00232293 0.00313798 0.0042012 0.00557045 0.0073126 0.00950337 0.0122268 0.0155741 0.019642 0.0245307 0.0303409 0.0371703 0.0451102 0.0542415 0.06463 0.0763233 0.0893464 0.103699 0.119354 0.136254 0.154314 0.17342 0.193433 0.214188 0.235506 0.257187 0.279026 0.300811 0.32233 0.343379 0.363759 0.383286 0.40179 0.41912 0.43514 0.449735 0.462807 0.474274 0.484072 0.492147 0.498461 0.502985 0.505699 0.506593 0.505661 0.502909 0.498347 0.491994 0.48388 0.474044 0.462539 0.44943 0.4348 0.418748 0.401391 0.382864 0.363322 0.342934 0.321886 0.300376 0.278611 0.2568 0.235156 0.213885 0.193181 0.173225 0.154179 0.136181 0.119341 0.103743 0.0894431 0.0764662 0.0648117 0.0544535 0.0453442 0.0374177 0.0305938 0.0247819 0.0198853 0.0158044 0.0124403 0.00969753 0.00748589 0.00572235 0.00433201 0.00324862 0.00241475 0.00178161 0.00130863 0.000962872 0.000718477 0.000556004 0.000462031 
0.000505964 0.000534322 0.000632876 0.000810621 0.00108282 0.00147159 0.00200654 0.00272539 0.00367468 0.00491035 0.00649812 0.00851363 0.0110421 0.0141776 0.0180217 0.0226812 0.028266 0.0348853 0.0426439 0.0516381 0.0619513 0.073649 0.086775 0.101347 0.117355 0.134758 0.153481 0.17342 0.194441 0.21638 0.239052 0.262253 0.285765 0.30936 0.332811 0.355892 0.378387 0.40009 0.420814 0.440386 0.458658 0.475497 0.490795 0.504461 0.516421 0.526618 0.535008 0.541559 0.546248 0.549059 0.549985 0.549022 0.546173 0.541446 0.534856 0.526426 0.516189 0.504187 0.490481 0.475143 0.458266 0.43996 0.420359 0.399613 0.377894 0.355393 0.332314 0.308877 0.285306 0.261829 0.238672 0.216052 0.194172 0.173215 0.153343 0.134686 0.117349 0.101402 0.0868841 0.0738053 0.0621462 0.0518624 0.0428882 0.0351407 0.0285243 0.022935 0.0182649 0.0144055 0.0112512 0.00870175 0.00666421 0.00505429 0.00379713 0.00282754 0.00208992 0.0015379 0.00113372 0.000847639 0.000657278 0.000547153 
0.000594875 0.000628152 0.000743208 0.000950381 0.00126718 0.00171893 0.00233944 0.00317168 0.00426849 0.00569316 0.00751977 0.00983318 0.0127286 0.0163104 0.0206906 0.0259865 0.0323171 0.0398001 0.0485466 0.0586571 0.0702161 0.0832873 0.097909 0.11409 0.131808 0.151005 0.171588 0.193433 0.21638 0.240244 0.264816 0.289867 0.315159 0.340447 0.365485 0.390036 0.413875 0.436791 0.458593 0.479114 0.498206 0.515747 0.531634 0.545787 0.558143 0.568654 0.577287 0.584017 0.588829 0.591713 0.592663 0.591678 0.588758 0.58391 0.577141 0.568469 0.557916 0.545517 0.53132 0.515389 0.497805 0.478672 0.458115 0.436282 0.413342 0.389489 0.364933 0.339901 0.314632 0.28937 0.264359 0.239839 0.216034 0.193154 0.17138 0.15087 0.131745 0.114096 0.0979783 0.0834126 0.0703885 0.0588669 0.0487837 0.0400546 0.0325796 0.0262485 0.0209451 0.0165514 0.0129519 0.0100358 0.00769996 0.00585035 0.00440299 0.00328446 0.00243193 0.00179278 0.00132406 0.000991874 0.000770626 0.000642606 
0.000693657 0.000732378 0.000865605 0.00110513 0.00147087 0.00199161 0.00270565 0.00366155 0.00491886 0.00654862 0.00863367 0.0112685 0.0145585 0.0186188 0.0235721 0.0295455 0.0366677 0.0450635 0.0548501 0.0661306 0.0789896 0.0934872 0.109654 0.127489 0.146954 0.167974 0.190435 0.214188 0.239052 0.264816 0.291245 0.318089 0.345088 0.371978 0.398501 0.424409 0.449468 0.473467 0.496214 0.517547 0.537326 0.555437 0.571789 0.586315 0.598962 0.609697 0.618496 0.625345 0.630236 0.633166 0.634133 0.633135 0.630173 0.625248 0.618363 0.609526 0.598749 0.586058 0.571486 0.555086 0.536927 0.517102 0.495725 0.472938 0.448908 0.423824 0.397903 0.371378 0.344498 0.317522 0.290715 0.264334 0.23863 0.213834 0.190154 0.167771 0.14683 0.127442 0.109679 0.093576 0.0791343 0.0663211 0.0550756 0.0453133 0.0369313 0.0298134 0.0238359 0.0188718 0.0147952 0.011485 0.0088277 0.00671901 0.00506552 0.00378518 0.0028075 0.00207326 0.00153399 0.0011513 0.000896185 0.00074854 
0.000802253 0.000846933 0.000999963 0.00127468 0.00169359 0.00228912 0.00310436 0.00419376 0.00562391 0.00747397 0.00983587 0.012814 0.0165243 0.0210927 0.0266522 0.0333402 0.0412937 0.050645 0.0615155 0.0740103 0.0882124 0.104176 0.121925 0.141442 0.162674 0.185525 0.20986 0.235506 0.262253 0.289867 0.318089 0.346645 0.375254 0.403638 0.431524 0.458656 0.484796 0.509731 0.533277 0.555275 0.575596 0.594139 0.610827 0.625605 0.638438 0.649303 0.65819 0.665096 0.670022 0.672971 0.673945 0.672945 0.669969 0.665013 0.658074 0.649151 0.638247 0.625371 0.610545 0.593807 0.575212 0.554838 0.532789 0.509196 0.484219 0.458045 0.43089 0.402992 0.37461 0.346016 0.31749 0.289312 0.261755 0.235075 0.209505 0.185252 0.162485 0.141336 0.121899 0.104224 0.0883246 0.074177 0.0617254 0.0508864 0.0415553 0.0336113 0.0269233 0.0213558 0.0167732 0.0130437 0.0100433 0.00765737 0.00578271 0.00432833 0.00321573 0.00237877 0.00176312 0.00132569 0.00103383 0.000864876 
0.000920365 0.000971498 0.00114588 0.00145849 0.00193455 0.00261033 0.00353393 0.00476599 0.00638038 0.00846467 0.0111202 0.0144614 0.0186148 0.0237171 0.0299117 0.0373457 0.0461641 0.0565054 0.0684946 0.0822372 0.097813 0.11527 0.134619 0.15583 0.178831 0.203503 0.229688 0.257187 0.285765 0.315159 0.345088 0.375254 0.40536 0.435109 0.46422 0.492429 0.519498 0.545216 0.569403 0.591913 0.612628 0.631463 0.648355 0.663266 0.676175 0.687078 0.695976 0.702878 0.707796 0.710739 0.711712 0.710719 0.707755 0.702813 0.695883 0.686953 0.676014 0.663062 0.648104 0.63116 0.61227 0.591497 0.568929 0.544686 0.518917 0.491805 0.463561 0.434428 0.40467 0.374571 0.344426 0.314535 0.285193 0.256681 0.229259 0.203158 0.178574 0.155663 0.134539 0.115272 0.0978885 0.0823759 0.0686848 0.0567349 0.0464206 0.0376173 0.030188 0.0239888 0.0188745 0.0147034 0.0113404 0.00866074 0.00655116 0.00491147 0.0036549 0.00270808 0.00201062 0.00151445 0.00118312 0.00099128 
0.00104743 0.00110548 0.00130264 0.00165561 0.00219244 0.00295344 0.00399187 0.00537476 0.00718352 0.00951432 0.012478 0.0161992 0.0208151 0.0264729 0.0333263 0.0415313 0.0512405 0.0625975 0.0757297 0.0907418 0.107709 0.12667 0.147624 0.170523 0.195275 0.22174 0.249732 0.279026 0.30936 0.340447 0.371978 0.403638 0.435109 0.466084 0.49627 0.525401 0.553239 0.579578 0.604249 0.627117 0.648079 0.667065 0.684032 0.698959 0.711842 0.722693 0.731529 0.73837 0.743238 0.746149 0.747114 0.746136 0.743211 0.738326 0.731463 0.722601 0.711717 0.698794 0.68382 0.666801 0.647757 0.626733 0.603802 0.579068 0.552668 0.524776 0.495599 0.465379 0.434384 0.402909 0.371262 0.33976 0.308721 0.278449 0.24923 0.221323 0.194951 0.170293 0.147488 0.126623 0.107744 0.0908488 0.0758967 0.0628117 0.0514887 0.0418009 0.0336055 0.0267514 0.0210844 0.0164524 0.0127103 0.00972257 0.00736601 0.00553103 0.0041224 0.00305933 0.00227513 0.0017166 0.00134332 0.00112714 
0.00118262 0.00124798 0.00146918 0.00186467 0.00246545 0.00331594 0.00447476 0.00601546 0.00802712 0.0106146 0.0138983 0.0180132 0.0231069 0.0293369 0.0368666 0.0458605 0.0564779 0.0688665 0.0831551 0.0994461 0.117808 0.13827 0.160816 0.185382 0.211851 0.24006 0.269798 0.300811 0.332811 0.365485 0.398501 0.431524 0.46422 0.49627 0.527376 0.557269 0.585715 0.612516 0.637515 0.660589 0.681654 0.700659 0.717579 0.732412 0.745174 0.75589 0.764595 0.771322 0.776102 0.778959 0.779908 0.778955 0.776091 0.771302 0.76456 0.755834 0.74509 0.732292 0.717415 0.700443 0.681379 0.660248 0.637105 0.612036 0.585166 0.556655 0.526705 0.495553 0.463471 0.430759 0.397739 0.364743 0.332109 0.300166 0.269226 0.239573 0.211458 0.185087 0.160622 0.138172 0.1178 0.0995183 0.0832958 0.0690624 0.0567151 0.0461254 0.0371465 0.0296204 0.0233842 0.0182766 0.0141419 0.0108345 0.00822092 0.00618228 0.00461473 0.00342993 0.00255475 0.00193072 0.00151333 0.00127155 
0.0013248 0.00139783 0.0016441 0.0020839 0.00275121 0.00369468 0.00497833 0.00668234 0.00890352 0.0117555 0.0153682 0.0198866 0.0254687 0.0322818 0.0404987 0.0502915 0.0618254 0.0752514 0.0906981 0.108264 0.128011 0.149956 0.174066 0.200258 0.228394 0.258284 0.289689 0.32233 0.355892 0.390036 0.424409 0.458656 0.492429 0.525401 0.557269 0.587766 0.616662 0.64377 0.668946 0.692085 0.713121 0.732021 0.748782 0.763422 0.775975 0.786484 0.794998 0.801564 0.806223 0.809006 0.809933 0.80901 0.806229 0.801569 0.794996 0.786468 0.775936 0.763352 0.748671 0.73186 0.7129 0.691796 0.668584 0.643331 0.616145 0.587175 0.55661 0.524684 0.491668 0.457866 0.42361 0.389248 0.355135 0.321624 0.289052 0.25773 0.227934 0.1999 0.173813 0.149805 0.127958 0.108299 0.0908099 0.0754263 0.0620491 0.0505495 0.0407773 0.0325684 0.0257525 0.0201589 0.0156221 0.0119862 0.00910815 0.00685938 0.00512753 0.00381665 0.00284707 0.00215499 0.00169172 0.00142331 
0.00147258 0.00155354 0.00182567 0.00231111 0.00304686 0.00408581 0.00549745 0.00736858 0.00980373 0.0129252 0.0168723 0.0217998 0.0278757 0.0352769 0.0441846 0.0547781 0.0672274 0.0816856 0.0982803 0.117105 0.138212 0.161607 0.187238 0.215003 0.244739 0.276231 0.309213 0.343379 0.378387 0.413875 0.449468 0.484796 0.519498 0.553239 0.585715 0.616662 0.645858 0.673129 0.698344 0.721418 0.742304 0.76099 0.777495 0.791855 0.804123 0.814363 0.822635 0.829001 0.83351 0.836202 0.837101 0.836215 0.833534 0.829031 0.822667 0.814387 0.804133 0.791838 0.777441 0.760889 0.742143 0.721188 0.698038 0.67274 0.645384 0.616104 0.585078 0.552532 0.518734 0.483991 0.448642 0.413048 0.377582 0.342617 0.308515 0.275613 0.244215 0.214582 0.186926 0.161403 0.138113 0.117101 0.0983611 0.0818375 0.0674355 0.0550271 0.04446 0.035565 0.0281647 0.0220798 0.0171355 0.0131661 0.0100186 0.00755542 0.00565559 0.00421556 0.00314914 0.00238715 0.00187672 0.00158091 
0.0016243 0.00171335 0.00201184 0.00254372 0.00334904 0.00448491 0.00602624 0.00806641 0.0107175 0.0141104 0.0183936 0.0237314 0.0303011 0.0382887 0.0478834 0.0592705 0.0726242 0.0880987 0.105819 0.125873 0.148304 0.1731 0.200196 0.229465 0.260722 0.293725 0.328182 0.363759 0.40009 0.436791 0.473467 0.509731 0.545216 0.579578 0.612516 0.64377 0.673129 0.70043 0.725561 0.748456 0.769089 0.787468 0.803633 0.817642 0.829566 0.839484 0.847474 0.853608 0.857946 0.860535 0.861402 0.860557 0.857988 0.853665 0.84754 0.839551 0.829624 0.81768 0.803639 0.78743 0.768992 0.748291 0.725317 0.700099 0.672706 0.643255 0.611912 0.578892 0.544459 0.508922 0.472623 0.435935 0.399246 0.362949 0.327428 0.293048 0.260137 0.228984 0.199827 0.172844 0.148157 0.12583 0.105868 0.0882259 0.0728149 0.0595088 0.0481537 0.0385767 0.0305937 0.0240178 0.0186651 0.0143606 0.010942 0.00826255 0.00619295 0.00462217 0.00345756 0.0026246 0.00206625 0.0017426 
