0.000212663 0.000216751 0.000231268 0.00025664 0.000293525 0.00034285 0.000405802 0.000483821 0.000578589 0.000692018 0.000826229 0.00098353 0.00116639 0.00137739 0.00161922 0.00189456 0.00220612 0.0025565 0.00294816 0.00338334 0.00386401 0.00439176 0.00496773 0.00559258 0.00626636 0.00698848 0.00775765 0.00857184 0.00942824 0.0103232 0.0112523 0.0122104 0.0131915 0.0141888 0.0151951 0.0162025 0.0172025 0.0181865 0.0191454 0.0200702 0.0209518 0.0217813 0.0225502 0.0232503 0.0238741 0.0244147 0.0248663 0.0252237 0.0254829 0.025641 0.0256962 0.0256478 0.0254966 0.0252441 0.0248933 0.0244482 0.0239139 0.0232961 0.0226018 0.0218384 0.0210141 0.0201372 0.0192168 0.0182618 0.0172813 0.0162842 0.0152793 0.0142749 0.013279 0.0122988 0.011341 0.0104116 0.00951588 0.00865824 0.00784232 0.00707098 0.00634629 0.00566958 0.00504148 0.00446199 0.00393051 0.00344595 0.00300675 0.002611 0.00225652 0.00194087 0.00166149 0.00141573 0.00120091 0.00101438 0.000853563 0.000716004 0.0005994 0.000501626 0.000420766 0.000355125 0.000303246 0.000263923 0.000236206 0.000219442 
0.000216751 0.000220926 0.000235738 0.000261618 0.000299238 0.000349544 0.000413745 0.000493309 0.000589949 0.000705615 0.000842465 0.00100285 0.00118929 0.00140441 0.00165093 0.00193161 0.00224918 0.00260628 0.00300543 0.00344889 0.00393866 0.00447634 0.00506311 0.0056996 0.00638586 0.00712128 0.00790454 0.00873356 0.00960544 0.0105165 0.0114622 0.0124374 0.0134357 0.0144506 0.0154745 0.0164993 0.0175166 0.0185174 0.0194927 0.0204332 0.0213297 0.0221732 0.022955 0.0236668 0.0243009 0.0248505 0.0253095 0.0256728 0.0259362 0.0260969 0.0261529 0.0261037 0.0259499 0.0256932 0.0253365 0.024884 0.0243407 0.0237126 0.0230066 0.0222303 0.021392 0.0205003 0.0195642 0.0185928 0.0175954 0.0165812 0.0155588 0.0145369 0.0135235 0.012526 0.0115512 0.0106053 0.0096935 0.00882039 0.00798968 0.00720428 0.00646631 0.00577713 0.0051374 0.00454712 0.0040057 0.00351203 0.00306454 0.00266129 0.00230006 0.00197838 0.00169365 0.00144316 0.00122419 0.00103405 0.000870116 0.000729885 0.000611012 0.000511334 0.000428897 0.000361975 0.000309084 0.000268995 0.000240741 0.000223654 
0.000231268 0.000235738 0.000251527 0.000279092 0.000319146 0.000372687 0.000440995 0.00052562 0.000628373 0.000751309 0.000896707 0.00106704 0.00126496 0.00149324 0.00175473 0.00205232 0.00238887 0.00276716 0.00318979 0.00365914 0.00417726 0.00474581 0.00536599 0.00603842 0.00676311 0.00753937 0.00836577 0.00924006 0.0101592 0.0111192 0.0121154 0.013142 0.0141928 0.0152606 0.0163374 0.0174148 0.018484 0.0195356 0.02056 0.0215475 0.0224887 0.0233739 0.0241942 0.0249408 0.0256059 0.0261823 0.0266635 0.0270443 0.0273203 0.0274886 0.0275471 0.0274954 0.0273339 0.0270645 0.0266903 0.0262156 0.0256455 0.0249864 0.0242456 0.0234308 0.0225508 0.0216145 0.0206314 0.019611 0.018563 0.017497 0.0164221 0.0153474 0.0142812 0.0132314 0.0122052 0.011209 0.0102483 0.00932809 0.0084522 0.00762374 0.006845 0.00611744 0.00544181 0.00481815 0.00424587 0.00372384 0.00325044 0.00282367 0.00244121 0.00210048 0.00179877 0.00153324 0.00130103 0.00109932 0.000925339 0.000776465 0.000650223 0.000544335 0.000456738 0.000385612 0.000329389 0.000286772 0.000256737 0.000238581 
0.00025664 0.000261618 0.000279092 0.000309563 0.000353809 0.000412921 0.000488293 0.000581618 0.000694867 0.000830275 0.00099032 0.00117769 0.00139525 0.00164601 0.00193304 0.00225946 0.00262835 0.00304268 0.00350523 0.00401854 0.00458476 0.00520565 0.00588241 0.00661565 0.00740532 0.00825058 0.0091498 0.0101005 0.0110992 0.0121417 0.0132227 0.0143362 0.0154751 0.0166316 0.0177974 0.0189632 0.0201194 0.021256 0.0223627 0.0234291 0.024445 0.0254001 0.0262848 0.0270899 0.0278068 0.0284278 0.0289462 0.0293562 0.0296534 0.0298343 0.0298971 0.029841 0.0296667 0.0293762 0.0289727 0.0284607 0.0278459 0.0271351 0.0263358 0.0254567 0.0245068 0.0234958 0.022434 0.0213314 0.0201985 0.0190456 0.0178826 0.0167191 0.0155643 0.0144266 0.0133139 0.012233 0.01119 0.0101904 0.00923826 0.00833713 0.00748952 0.00669709 0.00596072 0.00528052 0.00465593 0.00408579 0.00356841 0.00310167 0.00268309 0.00230994 0.00197928 0.00168809 0.00143327 0.00121176 0.0010206 0.000856916 0.00071804 0.000601492 0.000505033 0.000426678 0.000364723 0.000317753 0.000284654 0.000264657 
0.000293525 0.000299238 0.000319146 0.000353809 0.0004041 0.000471239 0.000556789 0.000662638 0.000790988 0.00094433 0.00112542 0.00133725 0.001583 0.00186598 0.0021896 0.0025573 0.00297245 0.0034383 0.00395788 0.00453392 0.00516876 0.00586424 0.0066216 0.00744142 0.00832351 0.00926685 0.0102695 0.0113286 0.0124403 0.0135998 0.0148011 0.0160374 0.0173011 0.0185833 0.0198748 0.0211654 0.0224446 0.0237013 0.0249242 0.0261019 0.0272232 0.0282769 0.0292525 0.0301399 0.0309297 0.0316137 0.0321844 0.0326356 0.0329625 0.0331614 0.0332301 0.0331679 0.0329756 0.0326552 0.0322104 0.031646 0.0309682 0.0301844 0.0293028 0.0283328 0.0272844 0.0261682 0.0249951 0.0237765 0.0225238 0.0212481 0.0199605 0.0186715 0.0173913 0.0161292 0.0148938 0.0136929 0.0125334 0.011421 0.0103607 0.0093563 0.00841079 0.00752609 0.00670326 0.00594255 0.00524342 0.00460467 0.00402452 0.00350069 0.00303051 0.00261098 0.0022389 0.00191095 0.00162371 0.00137383 0.001158 0.000973051 0.000816018 0.000684143 0.00057493 0.00048617 0.00041596 0.000362719 0.000325204 0.000302555 
0.00034285 0.000349544 0.000372687 0.000412921 0.000471239 0.000549036 0.000648089 0.000770546 0.000918908 0.001096 0.00130495 0.00154913 0.00183212 0.00215767 0.00252959 0.00295173 0.00342784 0.00396153 0.00455616 0.00521471 0.00593972 0.00673313 0.00759624 0.00852957 0.00953277 0.0106045 0.0117426 0.0129435 0.0142028 0.0155149 0.0168732 0.0182698 0.019696 0.021142 0.0225972 0.0240503 0.0254894 0.0269022 0.0282761 0.0295984 0.0308565 0.0320382 0.0331316 0.0341257 0.0350102 0.0357757 0.0364142 0.0369188 0.0372842 0.0375062 0.0375826 0.0375126 0.0372968 0.0369378 0.0364394 0.0358071 0.0350476 0.0341691 0.0331808 0.0320929 0.0309166 0.0296637 0.0283462 0.0269769 0.0255683 0.0241329 0.0226832 0.0212308 0.0197872 0.018363 0.0169677 0.0156102 0.0142983 0.0130386 0.0118369 0.0106974 0.00962376 0.00861818 0.00768202 0.00681568 0.00601869 0.00528981 0.00462714 0.00402821 0.00349008 0.00300945 0.00258277 0.00220632 0.00187629 0.00158891 0.00134047 0.00112739 0.000946325 0.000794148 0.000668036 0.000565481 0.000484321 0.000422762 0.000379387 0.000353221 
0.000405802 0.000413745 0.000440995 0.000488293 0.000556789 0.000648089 0.000764241 0.000907717 0.00108139 0.00128851 0.00153264 0.00181765 0.00214762 0.00252681 0.00295956 0.00345019 0.00400294 0.00462187 0.0053107 0.00607273 0.00691073 0.00782679 0.00882222 0.00989746 0.0110519 0.012284 0.0135909 0.0149685 0.0164117 0.0179139 0.0194673 0.0210632 0.0226912 0.0243404 0.0259987 0.0276531 0.0292904 0.0308964 0.0324571 0.0339581 0.0353854 0.0367252 0.0379642 0.0390901 0.0400913 0.0409575 0.0416796 0.0422501 0.0426628 0.0429135 0.0429993 0.0429195 0.0426749 0.0422682 0.0417037 0.0409875 0.0401272 0.0391318 0.0380117 0.0367782 0.0354439 0.0340219 0.0325258 0.0309699 0.0293683 0.0277352 0.0260844 0.0244295 0.0227831 0.0211574 0.0195634 0.0180112 0.0165097 0.0150667 0.0136886 0.0123807 0.0111471 0.00999054 0.00891271 0.00791424 0.00699473 0.00615293 0.0053868 0.00469362 0.00407016 0.00351274 0.00301738 0.00257988 0.00219596 0.00186131 0.00157173 0.00132314 0.00111172 0.00093388 0.000786397 0.000666387 0.000571369 0.000499277 0.000448484 0.000417866 
0.000483821 0.000493309 0.00052562 0.000581618 0.000662638 0.000770546 0.000907717 0.00107702 0.00128176 0.00152571 0.00181297 0.002148 0.00253547 0.00298026 0.00348731 0.00406155 0.0047078 0.00543059 0.00623411 0.00712202 0.00809734 0.00916233 0.0103183 0.0115655 0.0129032 0.0143293 0.0158402 0.0174314 0.0190964 0.0208278 0.0226164 0.0244521 0.026323 0.0282164 0.0301186 0.0320148 0.0338897 0.0357274 0.0375119 0.0392269 0.0408566 0.0423855 0.0437985 0.0450818 0.0462225 0.0472089 0.0480309 0.0486799 0.0491492 0.049434 0.0495311 0.0494396 0.0491605 0.0486968 0.0480534 0.0472371 0.0462564 0.0451213 0.0438436 0.042436 0.0409126 0.0392882 0.0375784 0.0357989 0.0339659 0.0320955 0.0302035 0.0283051 0.026415 0.024547 0.0227138 0.020927 0.0191969 0.0175325 0.0159415 0.01443 0.0130028 0.0116634 0.0104139 0.00925519 0.00818695 0.00720795 0.00631598 0.0055081 0.0047807 0.00412966 0.00355049 0.00303844 0.00258864 0.00219618 0.00185624 0.00156415 0.00131551 0.0011062 0.000932481 0.000791037 0.000678992 0.000593957 0.000534047 0.000497958 
0.000578589 0.000589949 0.000628373 0.000694867 0.000790988 0.000918908 0.00108139 0.00128176 0.00152388 0.00181208 0.00215113 0.00254615 0.00300254 0.00352587 0.00412183 0.00479601 0.00555389 0.00640059 0.0073408 0.00837858 0.00951726 0.0107592 0.0121057 0.013557 0.0151118 0.0167674 0.0185197 0.020363 0.02229 0.0242916 0.0263573 0.0284752 0.0306317 0.0328122 0.0350007 0.0371805 0.0393339 0.041443 0.0434894 0.0454549 0.0473212 0.049071 0.0506873 0.0521544 0.0534577 0.0545843 0.0555227 0.0562633 0.0567986 0.057123 0.0572332 0.0571281 0.0568088 0.0562787 0.0555432 0.0546101 0.0534888 0.0521907 0.050729 0.0491181 0.0473738 0.0455128 0.0435527 0.0415115 0.0394074 0.0372589 0.0350838 0.0328996 0.0307231 0.0285701 0.0264553 0.024392 0.0223924 0.0204668 0.0186243 0.016872 0.0152158 0.0136598 0.0122068 0.0108578 0.00961286 0.0084707 0.00742898 0.00648444 0.00563309 0.00487031 0.00419101 0.00358982 0.00306118 0.00259947 0.00219915 0.00185487 0.00156154 0.00131441 0.00110916 0.000941927 0.000809391 0.000708774 0.000637885 0.000595212 
0.000692018 0.000705615 0.000751309 0.000830275 0.00094433 0.001096 0.00128851 0.00152571 0.00181208 0.00215265 0.00255293 0.00301881 0.00355652 0.00417246 0.00487312 0.0056649 0.00655398 0.00754616 0.00864669 0.00986009 0.0111899 0.0126388 0.0142079 0.0158972 0.0177049 0.0196279 0.0216609 0.0237972 0.0260281 0.028343 0.0307297 0.0331742 0.0356609 0.0381728 0.0406917 0.0431984 0.0456727 0.0480941 0.0504418 0.0526949 0.0548331 0.0568363 0.0586857 0.0603635 0.0618533 0.0631404 0.064212 0.0650575 0.0656681 0.0660379 0.066163 0.0660423 0.065677 0.0650708 0.0642299 0.063163 0.0618806 0.0603958 0.058723 0.0568788 0.0548808 0.0527481 0.0505004 0.0481581 0.0457421 0.0432731 0.0407716 0.0382576 0.0357503 0.0332679 0.0308272 0.0284439 0.0261317 0.023903 0.0217682 0.019736 0.0178132 0.0160048 0.0143143 0.0127432 0.0112918 0.00995869 0.00874155 0.00763679 0.00663997 0.0057459 0.00494886 0.00424274 0.0036212 0.00307782 0.00260624 0.0022003 0.00185413 0.00156225 0.00131966 0.00112188 0.000965053 0.00084596 0.000762054 0.000711577 
0.000826229 0.000842465 0.000896707 0.00099032 0.00112542 0.00130495 0.00153264 0.00181297 0.00215113 0.00255293 0.00302471 0.00357329 0.0042058 0.00492959 0.00575205 0.00668047 0.00772185 0.00888273 0.0101689 0.0115855 0.0131363 0.014824 0.0166497 0.0186131 0.0207119 0.0229419 0.0252971 0.0277693 0.0303482 0.0330215 0.0357749 0.0385921 0.0414553 0.0443448 0.0472396 0.0501179 0.0529566 0.0557324 0.0584216 0.0610007 0.0634464 0.0657365 0.0678494 0.0697652 0.0714655 0.0729338 0.0741558 0.0751194 0.0758151 0.076236 0.0763779 0.0762395 0.0758222 0.0751301 0.0741703 0.0729523 0.0714882 0.0697922 0.0678811 0.065773 0.0634881 0.0610476 0.058474 0.0557904 0.0530203 0.0501873 0.0473148 0.0444254 0.0415413 0.0386833 0.0358707 0.0331215 0.0304519 0.0278761 0.0254063 0.0230528 0.0208237 0.0187251 0.0167612 0.0149341 0.0132443 0.0116907 0.0102707 0.00898042 0.00781499 0.0067686 0.00583481 0.00500669 0.00427702 0.00363849 0.00308382 0.00260591 0.00219802 0.00185383 0.00156754 0.001334 0.00114873 0.00100799 0.000908832 0.000849213 
0.00098353 0.00100285 0.00106704 0.00117769 0.00133725 0.00154913 0.00181765 0.002148 0.00254615 0.00301881 0.00357329 0.00421739 0.00495931 0.00580742 0.00677013 0.00785572 0.00907208 0.0104265 0.0119256 0.0135747 0.0153781 0.0173385 0.019457 0.0217326 0.0241625 0.0267416 0.0294625 0.0323155 0.0352885 0.0383671 0.0415348 0.0447727 0.0480601 0.0513746 0.0546923 0.057988 0.0612357 0.0644089 0.0674807 0.0704245 0.0732143 0.0758247 0.0782319 0.0804133 0.0823484 0.0840187 0.0854081 0.0865034 0.0872937 0.0877715 0.0879321 0.087774 0.0872987 0.086511 0.0854186 0.0840322 0.0823653 0.0804339 0.0782565 0.0758538 0.0732481 0.0704634 0.067525 0.064459 0.0612918 0.0580502 0.0547607 0.0514493 0.0481409 0.0448594 0.0416272 0.0384648 0.0353909 0.032422 0.0295725 0.0268544 0.0242772 0.0218484 0.019573 0.0174539 0.015492 0.0136864 0.0120342 0.0105314 0.00917256 0.00795126 0.00686025 0.00589172 0.0050375 0.00428924 0.00363863 0.00307757 0.0025983 0.00219355 0.00185665 0.00158166 0.0013634 0.00119755 0.00108069 0.00101047 
0.00116639 0.00118929 0.00126496 0.00139525 0.001583 0.00183212 0.00214762 0.00253547 0.00300254 0.00355652 0.0042058 0.00495931 0.00582638 0.00681654 0.00793934 0.00920411 0.0106197 0.0121943 0.0139351 0.015848 0.0179377 0.0202067 0.022656 0.025284 0.0280872 0.0310592 0.0341912 0.0374717 0.0408867 0.0444193 0.0480503 0.0517581 0.0555189 0.0593071 0.0630955 0.0668554 0.0705574 0.0741715 0.0776673 0.0810151 0.0841855 0.0871503 0.0898825 0.0923571 0.0945512 0.0964442 0.0980182 0.0992585 0.100153 0.100693 0.100875 0.100695 0.100156 0.0992624 0.0980238 0.0964517 0.0945611 0.0923698 0.0898985 0.0871701 0.0842097 0.0810441 0.0777016 0.0742115 0.0706037 0.0669082 0.063155 0.0593736 0.0555923 0.0518384 0.0481372 0.0445126 0.0409859 0.0375763 0.0343005 0.0311724 0.0282035 0.0254025 0.0227757 0.0203267 0.018057 0.0159658 0.0140504 0.0123062 0.0107276 0.00930718 0.00803703 0.00690834 0.00591186 0.00503815 0.00427776 0.00362144 0.00306032 0.00258607 0.00219106 0.00186843 0.00161223 0.00141749 0.00128028 0.00119786 
0.00137739 0.00140441 0.00149324 0.00164601 0.00186598 0.00215767 0.00252681 0.00298026 0.00352587 0.00417246 0.00492959 0.00580742 0.00681654 0.00796776 0.00927184 0.0107392 0.0123799 0.0142028 0.016216 0.0184258 0.0208371 0.0234525 0.0262724 0.0292949 0.0325153 0.0359258 0.0395161 0.0432726 0.0471788 0.0512153 0.05536 0.0595881 0.0638725 0.0681839 0.0724914 0.0767627 0.0809646 0.0850632 0.0890248 0.0928157 0.0964032 0.0997558 0.102844 0.105639 0.108116 0.110252 0.112027 0.113426 0.114434 0.115043 0.115246 0.115042 0.114433 0.113425 0.112027 0.110252 0.108117 0.105642 0.102849 0.0997646 0.0964157 0.0928326 0.0890468 0.0850909 0.0809986 0.0768036 0.0725395 0.0682396 0.063936 0.0596595 0.0554392 0.0513021 0.0472727 0.0433732 0.0396228 0.0360378 0.0326317 0.0294148 0.0263947 0.0235762 0.0209611 0.0185491 0.0163375 0.0143216 0.012495 0.0108498 0.00937718 0.0080672 0.00690954 0.00589353 0.00500848 0.00424387 0.00358962 0.00303623 0.00257498 0.00219801 0.00189852 0.00167081 0.00151035 0.00141401 
0.00161922 0.00165093 0.00175473 0.00193304 0.0021896 0.00252959 0.00295956 0.00348731 0.00412183 0.00487312 0.00575205 0.00677013 0.00793934 0.00927184 0.0107797 0.0124746 0.0143676 0.0164687 0.0187864 0.0213278 0.0240977 0.0270988 0.0303311 0.0337917 0.0374746 0.0413709 0.0454679 0.04975 0.0541979 0.0587894 0.0634989 0.0682984 0.0731568 0.0780411 0.0829163 0.0877463 0.0924935 0.0971202 0.101588 0.105861 0.109902 0.113675 0.117148 0.120291 0.123074 0.125473 0.127466 0.129036 0.130167 0.130849 0.131076 0.130847 0.130163 0.12903 0.127459 0.125465 0.123066 0.120283 0.117142 0.113671 0.1099 0.105864 0.101596 0.0971331 0.0925127 0.0877726 0.0829504 0.0780834 0.0732077 0.0683582 0.0635677 0.058867 0.0542841 0.0498444 0.0455699 0.0414796 0.0375893 0.0339113 0.0304546 0.027225 0.0242254 0.0214557 0.0189135 0.0165937 0.0144896 0.0125925 0.0108926 0.00937895 0.00803997 0.0068637 0.00583809 0.00495127 0.00419181 0.00354893 0.00301271 0.00257421 0.00222567 0.00196057 0.00177375 0.00166165 
0.00189456 0.00193161 0.00205232 0.00225946 0.0025573 0.00295173 0.00345019 0.00406155 0.00479601 0.0056649 0.00668047 0.00785572 0.00920411 0.0107392 0.0124746 0.0144232 0.0165972 0.0190075 0.0216635 0.0245725 0.0277397 0.0311673 0.0348548 0.0387984 0.0429907 0.0474208 0.0520741 0.0569322 0.0619729 0.0671708 0.0724967 0.0779186 0.0834016 0.0889083 0.0943996 0.0998347 0.105172 0.110369 0.115385 0.120177 0.124705 0.128931 0.132819 0.136334 0.139446 0.142127 0.144353 0.146106 0.147368 0.148129 0.148382 0.148125 0.14736 0.146094 0.144339 0.14211 0.139427 0.136314 0.132799 0.128912 0.124688 0.120163 0.115375 0.110365 0.105174 0.0998437 0.0944167 0.0889343 0.083437 0.077964 0.0725523 0.0672366 0.0620488 0.0570177 0.0521689 0.0475241 0.0431016 0.0389159 0.0349777 0.0312944 0.0278697 0.0247041 0.0217953 0.0191382 0.0167256 0.014548 0.0125949 0.0108539 0.00931235 0.00795682 0.0067738 0.00574997 0.00487244 0.00412905 0.00350855 0.00300084 0.00259708 0.00228988 0.00207338 0.00194352 
0.00220612 0.00224918 0.00238887 0.00262835 0.00297245 0.00342784 0.00400294 0.0047078 0.00555389 0.00655398 0.00772185 0.00907208 0.0106197 0.0123799 0.0143676 0.0165972 0.019082 0.021834 0.024863 0.0281771 0.0317811 0.0356771 0.0398638 0.0443362 0.0490853 0.0540982 0.0593577 0.0648425 0.0705274 0.0763831 0.0823766 0.0884716 0.094629 0.100807 0.106961 0.113047 0.119018 0.124827 0.130428 0.135775 0.140824 0.145533 0.149863 0.153775 0.157236 0.160217 0.162692 0.164639 0.16604 0.166885 0.167166 0.166879 0.166028 0.164621 0.162669 0.16019 0.157206 0.153741 0.149828 0.145498 0.14079 0.135742 0.130398 0.124802 0.118999 0.113036 0.106958 0.100813 0.0946458 0.0884994 0.0824158 0.0764339 0.0705899 0.0649164 0.0594426 0.0541934 0.04919 0.0444493 0.0399842 0.0358034 0.0319118 0.0283108 0.0249983 0.0219693 0.019216 0.0167284 0.0144948 0.0125018 0.0107354 0.00918065 0.00782251 0.00664607 0.00563691 0.00478133 0.0040667 0.00348161 0.00301609 0.00266178 0.00241207 0.00226234 
0.0025565 0.00260628 0.00276716 0.00304268 0.0034383 0.00396153 0.00462187 0.00543059 0.00640059 0.00754616 0.00888273 0.0104265 0.0121943 0.0142028 0.0164687 0.0190075 0.021834 0.0249608 0.0283988 0.0321559 0.0362373 0.0406443 0.0453748 0.0504223 0.055776 0.0614207 0.0673363 0.0734985 0.0798783 0.0864424 0.0931538 0.0999715 0.106852 0.113748 0.120611 0.12739 0.134036 0.140496 0.146719 0.152655 0.158257 0.163477 0.168273 0.172605 0.176435 0.179732 0.182468 0.18462 0.186168 0.187101 0.18741 0.187093 0.186152 0.184595 0.182436 0.179694 0.176391 0.172556 0.168221 0.163423 0.158202 0.152602 0.146668 0.140449 0.133995 0.127356 0.120585 0.113732 0.106847 0.0999785 0.0931733 0.086475 0.0799242 0.0735576 0.0674083 0.061505 0.0558719 0.0505286 0.0454904 0.0407677 0.036367 0.0322904 0.0285363 0.0250997 0.0219726 0.0191443 0.0166022 0.0143317 0.0123172 0.0105424 0.00899063 0.00764528 0.00649026 0.00551027 0.00469114 0.00402009 0.00348592 0.00307924 0.00279257 0.00262076 
0.00294816 0.00300543 0.00318979 0.00350523 0.00395788 0.00455616 0.0053107 0.00623411 0.0073408 0.00864669 0.0101689 0.0119256 0.0139351 0.016216 0.0187864 0.0216635 0.024863 0.0283988 0.032282 0.036521 0.0411205 0.0460815 0.0514004 0.0570693 0.0630752 0.0694001 0.0760212 0.0829103 0.0900346 0.0973565 0.104834 0.112423 0.120072 0.127731 0.135346 0.14286 0.150219 0.157366 0.164245 0.170802 0.176984 0.182741 0.188027 0.192797 0.197014 0.200642 0.203651 0.206016 0.207718 0.208743 0.209081 0.208732 0.207696 0.205984 0.203609 0.200591 0.196956 0.192732 0.187956 0.182667 0.176908 0.170725 0.16417 0.157294 0.150152 0.1428 0.135294 0.12769 0.120042 0.112406 0.104831 0.0973677 0.0900607 0.0829514 0.0760772 0.0694706 0.0631594 0.0571662 0.0515087 0.0461997 0.0412471 0.0366542 0.0324201 0.0285398 0.0250052 0.021805 0.0189255 0.0163511 0.0140648 0.0120485 0.0102839 0.00875275 0.0074371 0.00631996 0.00538555 0.00461959 0.00400958 0.003545 0.0032175 0.00302127 
0.00338334 0.00344889 0.00365914 0.00401854 0.00453392 0.00521471 0.00607273 0.00712202 0.00837858 0.00986009 0.0115855 0.0135747 0.015848 0.0184258 0.0213278 0.0245725 0.0281771 0.0321559 0.036521 0.0412806 0.0464391 0.0519966 0.0579483 0.0642842 0.070989 0.0780418 0.0854161 0.0930802 0.100997 0.109124 0.117415 0.125818 0.134281 0.142744 0.15115 0.159438 0.167546 0.175412 0.182977 0.190182 0.196969 0.203286 0.209081 0.214308 0.218926 0.222896 0.226188 0.228775 0.230636 0.231755 0.232125 0.231742 0.230609 0.228735 0.226136 0.222833 0.218852 0.214226 0.208991 0.20319 0.19687 0.190081 0.182876 0.175313 0.167451 0.15935 0.15107 0.142675 0.134223 0.125774 0.117385 0.10911 0.101 0.0931001 0.085453 0.0780953 0.0710585 0.0643688 0.0580467 0.0521073 0.0465604 0.0414106 0.0366579 0.0322976 0.0283214 0.0247176 0.0214716 0.0185665 0.0159839 0.0137042 0.0117073 0.0099729 0.00848141 0.007214 0.00615317 0.00528306 0.00458976 0.00406157 0.00368918 0.00346614 
0.00386401 0.00393866 0.00417726 0.00458476 0.00516876 0.00593972 0.00691073 0.00809734 0.00951726 0.0111899 0.0131363 0.0153781 0.0179377 0.0208371 0.0240977 0.0277397 0.0317811 0.0362373 0.0411205 0.0464391 0.0521969 0.0583929 0.0650207 0.0720681 0.079517 0.0873433 0.095517 0.104002 0.112756 0.121732 0.130879 0.14014 0.149456 0.158762 0.167996 0.17709 0.185978 0.194593 0.20287 0.210746 0.21816 0.225054 0.231375 0.237073 0.242104 0.246427 0.25001 0.252824 0.254848 0.256065 0.256466 0.256049 0.254816 0.252777 0.249948 0.246351 0.242015 0.236973 0.231265 0.224937 0.218036 0.210619 0.202741 0.194465 0.185853 0.176971 0.167885 0.158661 0.149367 0.140066 0.130821 0.121691 0.112733 0.103997 0.0955314 0.0873767 0.0795688 0.0721374 0.0651064 0.0584935 0.0523105 0.0465638 0.0412542 0.0363778 0.0319261 0.027887 0.0242451 0.0209824 0.018079 0.0155137 0.0132644 0.0113092 0.00962642 0.00819535 0.0069967 0.00601296 0.00522874 0.00463109 0.00420968 0.00395735 
0.00439176 0.00447634 0.00474581 0.00520565 0.00586424 0.00673313 0.00782679 0.00916233 0.0107592 0.0126388 0.014824 0.0173385 0.0202067 0.0234525 0.0270988 0.0311673 0.0356771 0.0406443 0.0460815 0.0519966 0.0583929 0.065268 0.0726136 0.0804151 0.0886513 0.0972946 0.106311 0.115659 0.125293 0.13516 0.145202 0.155358 0.165562 0.175746 0.185838 0.195767 0.205462 0.21485 0.223861 0.232428 0.240485 0.247972 0.254831 0.26101 0.266462 0.271146 0.275025 0.278071 0.280261 0.281577 0.282011 0.281558 0.280223 0.278016 0.274952 0.271056 0.266357 0.260891 0.2547 0.247831 0.240336 0.232273 0.223703 0.214691 0.205305 0.195615 0.185693 0.175611 0.16544 0.155251 0.145111 0.135087 0.12524 0.115627 0.1063 0.0973047 0.0886822 0.0804662 0.0726837 0.0653557 0.0584963 0.0521137 0.04621 0.0407818 0.0358212 0.0313155 0.0272486 0.0236015 0.0203528 0.0174795 0.014958 0.0127642 0.0108744 0.00926616 0.00791816 0.0068112 0.00592833 0.00525526 0.00478061 0.00449649 
0.00496773 0.00506311 0.00536599 0.00588241 0.0066216 0.00759624 0.00882222 0.0103183 0.0121057 0.0142079 0.0166497 0.019457 0.022656 0.0262724 0.0303311 0.0348548 0.0398638 0.0453748 0.0514004 0.0579483 0.0650207 0.0726136 0.0807166 0.0893123 0.0983762 0.107877 0.117775 0.128026 0.138578 0.149371 0.160344 0.171428 0.182552 0.193641 0.204618 0.215407 0.225929 0.236109 0.24587 0.255142 0.263855 0.271945 0.279351 0.286018 0.291897 0.296945 0.301124 0.304404 0.306761 0.308178 0.308644 0.308156 0.306718 0.30434 0.30104 0.296842 0.291776 0.285881 0.279199 0.27178 0.263681 0.25496 0.245683 0.235918 0.22574 0.215221 0.204439 0.193471 0.182394 0.171285 0.160218 0.149265 0.138492 0.127963 0.117735 0.10786 0.0983833 0.0893421 0.0807683 0.0726856 0.0651113 0.0580553 0.0515215 0.0455073 0.0400052 0.0350023 0.0304819 0.026424 0.0228057 0.0196026 0.016789 0.0143389 0.0122267 0.0104277 0.00891882 0.00767901 0.00668972 0.00593527 0.00540316 0.00508473 
0.00559258 0.0056996 0.00603842 0.00661565 0.00744142 0.00852957 0.00989746 0.0115655 0.013557 0.0158972 0.0186131 0.0217326 0.025284 0.0292949 0.0337917 0.0387984 0.0443362 0.0504223 0.0570693 0.0642842 0.0720681 0.0804151 0.0893123 0.0987393 0.108668 0.119062 0.129879 0.141067 0.15257 0.164322 0.176255 0.188295 0.200364 0.212381 0.224264 0.23593 0.247296 0.25828 0.268804 0.278789 0.288165 0.296863 0.304819 0.311977 0.318286 0.323699 0.328178 0.331693 0.334218 0.335735 0.336233 0.33571 0.33417 0.331621 0.328084 0.323583 0.318149 0.311822 0.304647 0.296675 0.287965 0.278579 0.268586 0.258058 0.247072 0.235709 0.224048 0.212174 0.200168 0.188115 0.176092 0.164179 0.152449 0.140971 0.129808 0.119017 0.108648 0.098745 0.0893426 0.0804687 0.0721432 0.0643787 0.0571806 0.0505478 0.0444729 0.0389435 0.0339421 0.0294478 0.0254364 0.021882 0.0187569 0.0160332 0.0136832 0.0116802 0.00999903 0.00861687 0.00751346 0.00667169 0.00607793 0.00572268 
0.00626636 0.00638586 0.00676311 0.00740532 0.00832351 0.00953277 0.0110519 0.0129032 0.0151118 0.0177049 0.0207119 0.0241625 0.0280872 0.0325153 0.0374746 0.0429907 0.0490853 0.055776 0.0630752 0.070989 0.079517 0.0886513 0.0983762 0.108668 0.119494 0.130815 0.142581 0.154736 0.167218 0.179955 0.192873 0.20589 0.218924 0.231886 0.244689 0.257244 0.269463 0.28126 0.29255 0.303253 0.313293 0.322599 0.331106 0.338754 0.345489 0.351265 0.356044 0.359791 0.362482 0.364098 0.364629 0.364072 0.362429 0.359712 0.35594 0.351137 0.345338 0.338581 0.330913 0.322389 0.313067 0.303014 0.292301 0.281005 0.269205 0.256987 0.244436 0.23164 0.218689 0.20567 0.192671 0.179774 0.16706 0.154604 0.142475 0.130737 0.119445 0.108647 0.0983825 0.0886838 0.0795741 0.0710685 0.0631745 0.0558923 0.0492155 0.0431317 0.0376231 0.032668 0.0282411 0.0243147 0.0208594 0.0178453 0.0152427 0.0130227 0.0111582 0.00962436 0.00839931 0.00746443 0.0068049 0.0064104 
0.00698848 0.00712128 0.00753937 0.00825058 0.00926685 0.0106045 0.012284 0.0143293 0.0167674 0.0196279 0.0229419 0.0267416 0.0310592 0.0359258 0.0413709 0.0474208 0.0540982 0.0614207 0.0694001 0.0780418 0.0873433 0.0972946 0.107877 0.119062 0.130815 0.143089 0.15583 0.168977 0.18246 0.196202 0.210123 0.224133 0.238144 0.252062 0.265793 0.279243 0.292318 0.304928 0.316984 0.328402 0.339103 0.349013 0.358065 0.366197 0.373354 0.379489 0.384561 0.388537 0.391391 0.393105 0.393668 0.393076 0.391334 0.388451 0.384448 0.379349 0.373189 0.366008 0.357854 0.348782 0.338853 0.328137 0.316706 0.304642 0.292027 0.27895 0.265502 0.251777 0.237869 0.223873 0.20988 0.195981 0.182262 0.168806 0.155688 0.142976 0.130733 0.119012 0.107856 0.0973035 0.0873799 0.0781038 0.0694851 0.0615257 0.0542199 0.0475559 0.0415158 0.0360771 0.0312134 0.0268955 0.0230923 0.0197719 0.0169024 0.014453 0.0123945 0.0107001 0.00934621 0.00831263 0.00758336 0.00714725 
0.00775765 0.00790454 0.00836577 0.0091498 0.0102695 0.0117426 0.0135909 0.0158402 0.0185197 0.0216609 0.0252971 0.0294625 0.0341912 0.0395161 0.0454679 0.0520741 0.0593577 0.0673363 0.0760212 0.0854161 0.095517 0.106311 0.117775 0.129879 0.142581 0.15583 0.169567 0.183724 0.198225 0.212986 0.22792 0.242933 0.257927 0.272805 0.287465 0.301809 0.315737 0.329155 0.34197 0.354095 0.365448 0.375953 0.385539 0.394145 0.401715 0.4082 0.413558 0.417757 0.420771 0.42258 0.423174 0.422549 0.42071 0.417666 0.413437 0.40805 0.401537 0.393941 0.38531 0.375701 0.365175 0.353804 0.341664 0.328838 0.315412 0.30148 0.287137 0.272481 0.257613 0.242631 0.227636 0.212723 0.197986 0.183513 0.169386 0.155681 0.142465 0.129796 0.117726 0.106294 0.0955306 0.0854585 0.0760897 0.0674279 0.059469 0.0522015 0.0456077 0.0396645 0.0343445 0.029617 0.0254494 0.0218078 0.0186582 0.0159678 0.0137053 0.0118419 0.0103522 0.00921462 0.00841186 0.00793189 
0.00857184 0.00873356 0.00924006 0.0101005 0.0113286 0.0129435 0.0149685 0.0174314 0.020363 0.0237972 0.0277693 0.0323155 0.0374717 0.0432726 0.04975 0.0569322 0.0648425 0.0734985 0.0829103 0.0930802 0.104002 0.115659 0.128026 0.141067 0.154736 0.168977 0.183724 0.198903 0.214431 0.230219 0.246171 0.262188 0.278165 0.293999 0.309583 0.324812 0.339584 0.353799 0.36736 0.380179 0.392169 0.403254 0.413362 0.422429 0.430398 0.437221 0.442857 0.447271 0.450438 0.452339 0.452963 0.452307 0.450373 0.447175 0.442729 0.437063 0.43021 0.422211 0.413117 0.402984 0.391876 0.379865 0.367029 0.353453 0.339228 0.32445 0.309219 0.293637 0.277811 0.261845 0.245845 0.229913 0.21415 0.198651 0.183503 0.168789 0.154584 0.140951 0.127945 0.115614 0.10399 0.0931007 0.0829602 0.0735747 0.0649416 0.0570502 0.049883 0.0434166 0.0376228 0.0324695 0.0279225 0.0239461 0.0205043 0.0175622 0.0150863 0.0130461 0.0114144 0.0101679 0.00928814 0.00876224 
0.00942824 0.00960544 0.0101592 0.0110992 0.0124403 0.0142028 0.0164117 0.0190964 0.02229 0.0260281 0.0303482 0.0352885 0.0408867 0.0471788 0.0541979 0.0619729 0.0705274 0.0798783 0.0900346 0.100997 0.112756 0.125293 0.138578 0.15257 0.167218 0.18246 0.198225 0.214431 0.230989 0.247804 0.264772 0.281788 0.298742 0.315522 0.332017 0.348118 0.363717 0.378711 0.393001 0.406493 0.419102 0.430748 0.441358 0.450868 0.459222 0.466369 0.47227 0.47689 0.480203 0.482192 0.482845 0.482159 0.480136 0.47679 0.472137 0.466204 0.459025 0.45064 0.441101 0.430462 0.418791 0.406158 0.392645 0.378338 0.363331 0.347723 0.331618 0.315123 0.298348 0.281405 0.264405 0.247456 0.230666 0.214137 0.197962 0.182233 0.167027 0.152417 0.138464 0.125217 0.112717 0.100993 0.0900639 0.0799372 0.0706124 0.0620799 0.0543227 0.0473171 0.0410342 0.0354409 0.0305013 0.0261781 0.0224333 0.0192299 0.0165325 0.0143084 0.0125288 0.011169 0.0102091 0.00963541 
0.0103232 0.0105165 0.0111192 0.0121417 0.0135998 0.0155149 0.0179139 0.0208278 0.0242916 0.028343 0.0330215 0.0383671 0.0444193 0.0512153 0.0587894 0.0671708 0.0763831 0.0864424 0.0973565 0.109124 0.121732 0.13516 0.149371 0.164322 0.179955 0.196202 0.212986 0.230219 0.247804 0.265639 0.283614 0.301618 0.319533 0.337242 0.354631 0.371583 0.387987 0.403737 0.418731 0.432874 0.446077 0.45826 0.469351 0.479284 0.488002 0.495457 0.501609 0.506423 0.509875 0.511947 0.512627 0.511913 0.509807 0.506321 0.501472 0.495287 0.487798 0.479047 0.469083 0.457962 0.44575 0.432521 0.418355 0.403341 0.387575 0.371158 0.354199 0.336808 0.319101 0.301195 0.283206 0.265249 0.247439 0.229882 0.212682 0.195934 0.179725 0.164133 0.149223 0.135052 0.121665 0.109095 0.0973636 0.0864823 0.0764522 0.0672651 0.0589044 0.0513465 0.044562 0.0385168 0.0331736 0.0284934 0.0244363 0.0209633 0.0180371 0.0156231 0.0136907 0.0122136 0.0111708 0.0105477 
0.0112523 0.0114622 0.0121154 0.0132227 0.0148011 0.0168732 0.0194673 0.0226164 0.0263573 0.0307297 0.0357749 0.0415348 0.0480503 0.05536 0.0634989 0.0724967 0.0823766 0.0931538 0.104834 0.117415 0.130879 0.145202 0.160344 0.176255 0.192873 0.210123 0.22792 0.246171 0.264772 0.283614 0.302581 0.321554 0.340409 0.359026 0.377283 0.395059 0.412242 0.42872 0.444389 0.459153 0.472923 0.485617 0.497162 0.507493 0.516555 0.524299 0.530686 0.535682 0.539264 0.541413 0.542119 0.541378 0.539194 0.535578 0.530547 0.524126 0.516347 0.507251 0.496886 0.485309 0.472584 0.458786 0.443995 0.428302 0.411805 0.394608 0.37682 0.358559 0.339943 0.321093 0.302133 0.283184 0.264365 0.245792 0.227574 0.209813 0.192603 0.176028 0.16016 0.145062 0.130782 0.117359 0.104818 0.0931731 0.0824284 0.0725769 0.0636028 0.0554828 0.048187 0.0416806 0.035925 0.0308795 0.0265026 0.0227534 0.0195924 0.0169835 0.0148942 0.0132966 0.0121686 0.0114946 
0.0122104 0.0124374 0.013142 0.0143362 0.0160374 0.0182698 0.0210632 0.0244521 0.0284752 0.0331742 0.0385921 0.0447727 0.0517581 0.0595881 0.0682984 0.0779186 0.0884716 0.0999715 0.112423 0.125818 0.14014 0.155358 0.171428 0.188295 0.20589 0.224133 0.242933 0.262188 0.281788 0.301618 0.321554 0.34147 0.36124 0.380735 0.399829 0.418399 0.436327 0.4535 0.469811 0.485164 0.499469 0.512642 0.524613 0.535317 0.544699 0.552712 0.559316 0.564481 0.568182 0.570402 0.571132 0.570368 0.568113 0.564377 0.559177 0.552538 0.54449 0.535073 0.524333 0.512328 0.499121 0.484785 0.469403 0.453065 0.43587 0.417924 0.39934 0.380238 0.36074 0.340974 0.321067 0.301148 0.28134 0.261767 0.242545 0.223783 0.205581 0.188029 0.171208 0.155184 0.140012 0.125734 0.112381 0.0999691 0.0885049 0.0779833 0.0683897 0.0597012 0.0518877 0.0449136 0.0387393 0.0333226 0.0286204 0.0245897 0.0211896 0.0183819 0.0161323 0.0144117 0.0131966 0.0124707 
0.0131915 0.0134357 0.0141928 0.0154751 0.0173011 0.019696 0.0226912 0.026323 0.0306317 0.0356609 0.0414553 0.0480601 0.0555189 0.0638725 0.0731568 0.0834016 0.094629 0.106852 0.120072 0.134281 0.149456 0.165562 0.182552 0.200364 0.218924 0.238144 0.257927 0.278165 0.298742 0.319533 0.340409 0.36124 0.381891 0.402231 0.422127 0.441454 0.46009 0.47792 0.494838 0.510744 0.525548 0.539169 0.551535 0.562583 0.572259 0.580518 0.587322 0.59264 0.59645 0.598736 0.599487 0.598702 0.596382 0.592538 0.587184 0.580345 0.572051 0.562338 0.551253 0.538851 0.525195 0.510357 0.494419 0.477472 0.459616 0.440958 0.421614 0.401706 0.381361 0.360711 0.339888 0.319025 0.298255 0.277705 0.257499 0.237753 0.218574 0.20006 0.182295 0.165353 0.149295 0.134167 0.120004 0.106826 0.0946425 0.0834497 0.0732346 0.0639748 0.0556404 0.0481952 0.0415986 0.0358071 0.030776 0.0264608 0.0228185 0.0198093 0.0173973 0.015552 0.0142486 0.0134701 
0.0141888 0.0144506 0.0152606 0.0166316 0.0185833 0.021142 0.0243404 0.0282164 0.0328122 0.0381728 0.0443448 0.0513746 0.0593071 0.0681839 0.0780411 0.0889083 0.100807 0.113748 0.127731 0.142744 0.158762 0.175746 0.193641 0.212381 0.231886 0.252062 0.272805 0.293999 0.315522 0.337242 0.359026 0.380735 0.402231 0.423375 0.444034 0.464077 0.483381 0.501829 0.519312 0.535732 0.550999 0.565032 0.577761 0.589123 0.599068 0.60755 0.614534 0.619991 0.623899 0.626243 0.627015 0.626211 0.623833 0.619891 0.6144 0.607381 0.598863 0.588882 0.577481 0.564715 0.550645 0.535342 0.518887 0.50137 0.482893 0.463564 0.4435 0.422827 0.401673 0.380176 0.358471 0.336699 0.314997 0.2935 0.272337 0.251632 0.231498 0.212039 0.193347 0.175502 0.158569 0.142601 0.127636 0.113699 0.1008 0.0889389 0.0781044 0.0682746 0.0594196 0.051503 0.0444834 0.0383161 0.032955 0.0283538 0.0244681 0.0212561 0.0186807 0.0167097 0.0153174 0.0144858 
0.0151951 0.0154745 0.0163374 0.0177974 0.0198748 0.0225972 0.0259987 0.0301186 0.0350007 0.0406917 0.0472396 0.0546923 0.0630955 0.0724914 0.0829163 0.0943996 0.106961 0.120611 0.135346 0.15115 0.167996 0.185838 0.204618 0.224264 0.244689 0.265793 0.287465 0.309583 0.332017 0.354631 0.377283 0.399829 0.422127 0.444034 0.465411 0.486127 0.506055 0.525078 0.543086 0.55998 0.575671 0.59008 0.603137 0.614784 0.624969 0.633651 0.640796 0.646376 0.650371 0.652768 0.653557 0.652737 0.650308 0.646281 0.640667 0.633488 0.62477 0.614548 0.602863 0.589766 0.575318 0.559588 0.542657 0.524614 0.505559 0.485602 0.464862 0.443465 0.421546 0.399243 0.376698 0.354055 0.331458 0.309047 0.28696 0.265325 0.244263 0.223884 0.204288 0.18556 0.16777 0.150977 0.135224 0.120537 0.106933 0.094412 0.0829645 0.0725697 0.0631981 0.0548132 0.0473729 0.0408315 0.0351414 0.030255 0.0261262 0.0227118 0.0199729 0.0178763 0.0163951 0.0155105 
0.0162025 0.0164993 0.0174148 0.0189632 0.0211654 0.0240503 0.0276531 0.0320148 0.0371805 0.0431984 0.0501179 0.057988 0.0668554 0.0767627 0.0877463 0.0998347 0.113047 0.12739 0.14286 0.159438 0.17709 0.195767 0.215407 0.23593 0.257244 0.279243 0.301809 0.324812 0.348118 0.371583 0.395059 0.418399 0.441454 0.464077 0.486127 0.50747 0.527976 0.547529 0.566017 0.583344 0.59942 0.614168 0.62752 0.63942 0.649819 0.658678 0.665964 0.671652 0.675723 0.678166 0.678971 0.678137 0.675664 0.671562 0.665842 0.658522 0.649629 0.639192 0.627254 0.613861 0.599072 0.582956 0.565589 0.547062 0.527474 0.506935 0.485565 0.463492 0.440852 0.417789 0.394447 0.370977 0.347526 0.324242 0.301268 0.278738 0.256781 0.235514 0.215041 0.195455 0.176832 0.159235 0.142711 0.127293 0.112997 0.0998285 0.0877787 0.076828 0.0669477 0.0581009 0.0502452 0.043334 0.0373185 0.0321497 0.0277801 0.024165 0.0212641 0.0190428 0.0174733 0.016536 
0.0172025 0.0175166 0.018484 0.0201194 0.0224446 0.0254894 0.0292904 0.0338897 0.0393339 0.0456727 0.0529566 0.0612357 0.0705574 0.0809646 0.0924935 0.105172 0.119018 0.134036 0.150219 0.167546 0.185978 0.205462 0.225929 0.247296 0.269463 0.292318 0.315737 0.339584 0.363717 0.387987 0.412242 0.436327 0.46009 0.483381 0.506055 0.527976 0.549015 0.569051 0.587977 0.605694 0.622115 0.637165 0.65078 0.662903 0.673489 0.682501 0.689909 0.69569 0.699827 0.702309 0.703128 0.702282 0.699772 0.695606 0.689795 0.682355 0.673308 0.662685 0.650524 0.636869 0.621776 0.605312 0.587553 0.568586 0.54851 0.527436 0.505484 0.482783 0.459472 0.435696 0.411606 0.387354 0.363096 0.338982 0.315162 0.291779 0.268965 0.246845 0.225529 0.205116 0.185689 0.167314 0.150043 0.133914 0.118946 0.105147 0.0925098 0.0810165 0.0706388 0.0613401 0.0530775 0.0458037 0.0394688 0.0340227 0.0294164 0.0256038 0.0225434 0.0201995 0.018543 0.0175539 
0.0181865 0.0185174 0.0195356 0.021256 0.0237013 0.0269022 0.0308964 0.0357274 0.041443 0.0480941 0.0557324 0.0644089 0.0741715 0.0850632 0.0971202 0.110369 0.124827 0.140496 0.157366 0.175412 0.194593 0.21485 0.236109 0.25828 0.28126 0.304928 0.329155 0.353799 0.378711 0.403737 0.42872 0.4535 0.47792 0.501829 0.525078 0.547529 0.569051 0.589526 0.608845 0.626911 0.643639 0.658956 0.672799 0.685115 0.695862 0.705005 0.712517 0.718377 0.72257 0.725085 0.725916 0.72506 0.72252 0.718301 0.712413 0.70487 0.695694 0.684911 0.672555 0.658671 0.643311 0.626539 0.608428 0.589065 0.568548 0.546986 0.5245 0.501221 0.477289 0.452852 0.428063 0.40308 0.378063 0.353167 0.328549 0.304356 0.280728 0.257796 0.235676 0.214472 0.194273 0.175152 0.157164 0.14035 0.124734 0.110325 0.0971204 0.0851016 0.0742418 0.0645044 0.0558465 0.0482201 0.0415744 0.0358582 0.0310212 0.0270161 0.0238001 0.0213363 0.019595 0.0185553 
0.0191454 0.0194927 0.02056 0.0223627 0.0249242 0.0282761 0.0324571 0.0375119 0.0434894 0.0504418 0.0584216 0.0674807 0.0776673 0.0890248 0.101588 0.115385 0.130428 0.146719 0.164245 0.182977 0.20287 0.223861 0.24587 0.268804 0.29255 0.316984 0.34197 0.36736 0.393001 0.418731 0.444389 0.469811 0.494838 0.519312 0.543086 0.566017 0.587977 0.608845 0.628514 0.646888 0.663886 0.679434 0.693474 0.705956 0.71684 0.726094 0.733693 0.739618 0.743856 0.746399 0.747239 0.746377 0.743812 0.73955 0.733599 0.725971 0.716685 0.705766 0.693246 0.679164 0.663571 0.646528 0.628107 0.608391 0.587478 0.565476 0.542505 0.518698 0.494196 0.46915 0.443715 0.418053 0.392328 0.366703 0.341336 0.316382 0.291987 0.268288 0.245407 0.223453 0.202522 0.182689 0.164017 0.146549 0.130314 0.115322 0.101573 0.0890497 0.0777265 0.0675673 0.0585287 0.0505625 0.0436171 0.0376401 0.0325803 0.0283891 0.0250227 0.0224431 0.0206197 0.019531 
0.0200702 0.0204332 0.0215475 0.0234291 0.0261019 0.0295984 0.0339581 0.0392269 0.0454549 0.0526949 0.0610007 0.0704245 0.0810151 0.0928157 0.105861 0.120177 0.135775 0.152655 0.170802 0.190182 0.210746 0.232428 0.255142 0.278789 0.303253 0.328402 0.354095 0.380179 0.406493 0.432874 0.459153 0.485164 0.510744 0.535732 0.55998 0.583344 0.605694 0.626911 0.646888 0.665533 0.682763 0.698511 0.712719 0.725341 0.736338 0.745683 0.753352 0.759331 0.763606 0.76617 0.76702 0.766152 0.763568 0.759271 0.753269 0.745573 0.736198 0.725166 0.712507 0.698257 0.682464 0.665187 0.646494 0.626467 0.605202 0.582806 0.5594 0.535115 0.510095 0.484492 0.458464 0.432178 0.4058 0.379497 0.353435 0.327773 0.302662 0.278245 0.25465 0.231992 0.21037 0.189868 0.170549 0.152463 0.135641 0.120096 0.10583 0.0928272 0.0810632 0.0705021 0.0611007 0.0528102 0.0455786 0.0393525 0.0340796 0.0297104 0.0262 0.0235095 0.0216075 0.0204719 
