7.92434e-08 8.32097e-08 1.03967e-07 1.44948e-07 2.12549e-07 3.16857e-07 4.72649e-07 7.00756e-07 1.02982e-06 1.49852e-06 2.1582e-06 3.07609e-06 4.33889e-06 6.0568e-06 8.36793e-06 1.14427e-05 1.54885e-05 2.07533e-05 2.75295e-05 3.61555e-05 4.70165e-05 6.05425e-05 7.72041e-05 9.75047e-05 0.00012197 0.000151132 0.000185513 0.000225601 0.000271829 0.000324544 0.000383983 0.000450244 0.000523264 0.000602792 0.000688377 0.000779357 0.000874857 0.000973794 0.0010749 0.00117672 0.0012777 0.00137615 0.00147036 0.00155861 0.00163922 0.00171063 0.0017714 0.0018203 0.00185632 0.00187871 0.00188701 0.00188104 0.00186094 0.00182714 0.00178034 0.00172152 0.00165188 0.00157283 0.00148592 0.00139281 0.00129521 0.00119482 0.00109334 0.000992329 0.000893249 0.00079739 0.000705855 0.000619544 0.000539146 0.000465141 0.000397807 0.00033724 0.000283367 0.000235979 0.00019475 0.000159269 0.000129064 0.000103625 8.24289e-05 6.49564e-05 5.07062e-05 3.92073e-05 3.0027e-05 2.27754e-05 1.71081e-05 1.27261e-05 9.37384e-06 6.83669e-06 4.93694e-06 3.52968e-06 2.4984e-06 1.75081e-06 1.21477e-06 8.34698e-07 5.68353e-07 3.84129e-07 2.58759e-07 1.75474e-07 1.22551e-07 9.2276e-08 
8.32097e-08 8.74283e-08 1.09387e-07 1.52735e-07 2.24273e-07 3.3473e-07 4.99828e-07 7.4174e-07 1.09097e-06 1.58872e-06 2.28973e-06 3.26566e-06 4.60897e-06 6.43724e-06 8.89776e-06 1.21724e-05 1.64823e-05 2.20921e-05 2.93135e-05 3.85075e-05 5.00845e-05 6.4503e-05 8.22639e-05 0.000103903 0.00012998 0.00016106 0.000197698 0.000240412 0.000289659 0.000345807 0.000409104 0.000479651 0.000557375 0.000642008 0.000733065 0.000829838 0.000931394 0.00103658 0.00114404 0.00125225 0.00135952 0.00146409 0.00156414 0.00165783 0.0017434 0.00181918 0.00188366 0.00193553 0.00197373 0.00199746 0.00200624 0.00199987 0.00197851 0.0019426 0.0018929 0.00183044 0.0017565 0.00167255 0.00158025 0.00148135 0.00137767 0.00127102 0.00116317 0.00105582 0.000950499 0.000848582 0.000751243 0.000659443 0.000573916 0.000495176 0.000423521 0.000359057 0.000301709 0.000251258 0.000207358 0.000169575 0.000137408 0.000110315 8.77409e-05 6.91323e-05 5.39562e-05 4.17112e-05 3.19363e-05 2.42163e-05 1.81842e-05 1.35213e-05 9.9552e-06 7.25717e-06 5.23777e-06 3.74255e-06 2.64738e-06 1.85392e-06 1.28534e-06 8.82462e-07 6.00344e-07 4.05358e-07 2.7277e-07 1.84759e-07 1.28875e-07 9.69339e-08 
1.03967e-07 1.09387e-07 1.36962e-07 1.91258e-07 2.80756e-07 4.18814e-07 6.24986e-07 9.26809e-07 1.36211e-06 1.9819e-06 2.85385e-06 4.06639e-06 5.7334e-06 7.99939e-06 1.10451e-05 1.50931e-05 2.04134e-05 2.73286e-05 3.62174e-05 4.75174e-05 6.17248e-05 7.93919e-05 0.000101121 0.000127553 0.000159356 0.000197202 0.000241745 0.000293595 0.000353283 0.000421232 0.000497719 0.000582842 0.000676493 0.000778326 0.000887742 0.00100388 0.0011256 0.00125152 0.00138003 0.00150928 0.00163729 0.00176196 0.00188112 0.00199263 0.00209438 0.00218443 0.002261 0.00232255 0.00236783 0.00239591 0.00240623 0.00239857 0.00237309 0.00233033 0.00227118 0.00219685 0.00210883 0.00200889 0.00189894 0.00178107 0.00165741 0.00153013 0.00140132 0.00127298 0.00114695 0.00102487 0.000908153 0.00079795 0.000695158 0.000600407 0.000514074 0.000436304 0.000367028 0.000306 0.000252825 0.000206996 0.000167924 0.00013497 0.000107474 8.47767e-05 6.62406e-05 5.12642e-05 3.9293e-05 2.98261e-05 2.24195e-05 1.6687e-05 1.22977e-05 8.97296e-06 6.48173e-06 4.6352e-06 3.28135e-06 2.29954e-06 1.59537e-06 1.096e-06 7.46052e-07 5.0402e-07 3.39347e-07 2.29997e-07 1.60562e-07 1.20908e-07 
1.44948e-07 1.52735e-07 1.91258e-07 2.66829e-07 3.91136e-07 5.82542e-07 8.67865e-07 1.28478e-06 1.88492e-06 2.73771e-06 3.93502e-06 5.59653e-06 7.87591e-06 1.09676e-05 1.51139e-05 2.06122e-05 2.78224e-05 3.71722e-05 4.91626e-05 6.43695e-05 8.3444e-05 0.000107107 0.000136142 0.000171377 0.000213672 0.000263885 0.000322846 0.000391322 0.000469973 0.00055931 0.000659655 0.000771094 0.000893445 0.00102622 0.00116861 0.00131946 0.0014773 0.0016403 0.00180637 0.00197317 0.00213812 0.00229855 0.00245171 0.00259486 0.00272536 0.00284072 0.00293872 0.00301741 0.00307523 0.00311102 0.00312405 0.00311407 0.00308129 0.00302638 0.00295045 0.00285505 0.00274206 0.00261369 0.00247238 0.00232076 0.00216156 0.00199752 0.00183131 0.0016655 0.00150245 0.00134428 0.00119282 0.00104958 0.00091575 0.000792165 0.000679353 0.000577535 0.000486661 0.000406446 0.000336411 0.000275925 0.000224248 0.000180571 0.000144049 0.000113837 8.91108e-05 6.90904e-05 5.30532e-05 4.0344e-05 3.038e-05 2.26521e-05 1.67229e-05 1.22228e-05 8.84417e-06 6.33508e-06 4.49199e-06 3.15293e-06 2.19082e-06 1.50735e-06 1.0276e-06 6.95273e-07 4.68852e-07 3.18327e-07 2.22689e-07 1.68104e-07 
2.12549e-07 2.24273e-07 2.80756e-07 3.91136e-07 5.7228e-07 8.50618e-07 1.26465e-06 1.8683e-06 2.73529e-06 3.96444e-06 5.68607e-06 8.06946e-06 1.13312e-05 1.57444e-05 2.16481e-05 2.94572e-05 3.96713e-05 5.28822e-05 6.97799e-05 9.11548e-05 0.000117895 0.000150982 0.000191472 0.000240481 0.000299155 0.000368634 0.000450011 0.000544281 0.000652289 0.000774673 0.00091181 0.00106376 0.0012302 0.00141044 0.00160332 0.00180724 0.00202019 0.00223971 0.00246298 0.00268683 0.00290788 0.00312255 0.00332722 0.00351827 0.00369223 0.00384585 0.0039762 0.00408077 0.0041575 0.00420489 0.00422199 0.00420849 0.00416465 0.00409136 0.00399008 0.00386281 0.00371203 0.00354064 0.00335183 0.00314907 0.00293595 0.00271608 0.00249302 0.00227019 0.00205073 0.00183749 0.00163294 0.00143915 0.00125773 0.00108988 0.000936341 0.000797475 0.000673265 0.000563381 0.000467224 0.000383986 0.000312704 0.000252314 0.000201698 0.000159726 0.000125292 9.7345e-05 7.49046e-05 5.70785e-05 4.30699e-05 3.21796e-05 2.38046e-05 1.74336e-05 1.26396e-05 9.07139e-06 6.4446e-06 4.53205e-06 3.155e-06 2.17477e-06 1.48533e-06 1.00686e-06 6.8031e-07 4.62904e-07 3.2465e-07 2.45777e-07 
3.16857e-07 3.3473e-07 4.18814e-07 5.82542e-07 8.50618e-07 1.26165e-06 1.87174e-06 2.75925e-06 4.03097e-06 5.82964e-06 8.34292e-06 1.18137e-05 1.65519e-05 2.29465e-05 3.14791e-05 4.27365e-05 5.74226e-05 7.6368e-05 0.000100537 0.000131028 0.000169072 0.00021602 0.00027332 0.000342493 0.00042509 0.000522641 0.000636601 0.00076828 0.00091877 0.00108887 0.00127902 0.0014892 0.00171892 0.00196711 0.00223214 0.00251179 0.00280323 0.0031031 0.00340754 0.00371228 0.00401272 0.00430406 0.00458145 0.00484005 0.00507525 0.00528272 0.00545859 0.00559951 0.0057028 0.00576645 0.00578924 0.00577074 0.00571131 0.00561213 0.00547514 0.00530298 0.00509895 0.00486687 0.00461103 0.00433603 0.00404665 0.00374775 0.00344412 0.00314034 0.0028407 0.00254906 0.00226881 0.00200281 0.00175331 0.00152199 0.00130997 0.00111778 0.0009455 0.000792741 0.000658756 0.000542499 0.000442703 0.000357953 0.000286746 0.000227555 0.000178878 0.000139273 0.000107394 8.2009e-05 6.2012e-05 4.64289e-05 3.44167e-05 2.52574e-05 1.83492e-05 1.31958e-05 9.39336e-06 6.61873e-06 4.61664e-06 3.18845e-06 2.18188e-06 1.48196e-06 1.0034e-06 6.84305e-07 4.81188e-07 3.65344e-07 
4.72649e-07 4.99828e-07 6.24986e-07 8.67865e-07 1.26465e-06 1.87174e-06 2.77087e-06 4.07593e-06 5.94165e-06 8.57424e-06 1.22439e-05 1.72994e-05 2.41836e-05 3.34514e-05 4.57866e-05 6.20192e-05 8.3141e-05 0.000110318 0.000144897 0.000188407 0.000242551 0.00030919 0.000390309 0.000487978 0.000604295 0.000741314 0.000900968 0.00108498 0.00129474 0.00153126 0.00179501 0.00208588 0.00240304 0.00274496 0.00310929 0.00349292 0.00389194 0.00430174 0.00471703 0.00513203 0.00554054 0.0059361 0.00631219 0.00666238 0.0069805 0.00726081 0.00749819 0.00768822 0.00782732 0.00791288 0.00794328 0.00791796 0.00783741 0.00770318 0.00751785 0.00728492 0.00700874 0.00669442 0.00634763 0.00597451 0.00558145 0.00517496 0.00476146 0.00434716 0.00393784 0.00353878 0.00315463 0.00278931 0.00244599 0.00212703 0.00183406 0.00156792 0.00132881 0.00111632 0.000929501 0.000767021 0.000627214 0.000508197 0.000407956 0.000324428 0.000255567 0.000199404 0.000154087 0.000117913 8.93484e-05 6.70357e-05 4.97952e-05 3.66184e-05 2.66571e-05 1.9209e-05 1.37012e-05 9.67323e-06 6.7604e-06 4.67813e-06 3.20753e-06 2.18293e-06 1.4811e-06 1.01242e-06 7.13782e-07 5.43492e-07 
7.00756e-07 7.4174e-07 9.26809e-07 1.28478e-06 1.8683e-06 2.75925e-06 4.07593e-06 5.98278e-06 8.70257e-06 1.25312e-05 1.78554e-05 2.51723e-05 3.51115e-05 4.84586e-05 6.61782e-05 8.94371e-05 0.000119624 0.000158363 0.000207524 0.000269221 0.000345795 0.000439789 0.000553906 0.000690943 0.000853715 0.00104496 0.00126722 0.00152272 0.00181327 0.00214005 0.00250358 0.00290352 0.00333863 0.00380664 0.00430426 0.00482715 0.00536994 0.00592632 0.00648916 0.00705065 0.00760247 0.00813602 0.0086426 0.0091137 0.00954117 0.00991744 0.0102357 0.0104903 0.0106764 0.0107907 0.010831 0.0107967 0.0106883 0.0105078 0.0102588 0.00994576 0.00957443 0.00915153 0.00868456 0.00818164 0.00765124 0.00710202 0.00654256 0.00598116 0.00542561 0.00488305 0.00435981 0.00386126 0.00339179 0.00295475 0.00255244 0.00218618 0.00185637 0.00156259 0.00130371 0.00107801 0.00088334 0.000717215 0.000576955 0.000459793 0.000362967 0.000283801 0.000219768 0.000168529 0.000127971 9.6214e-05 7.16175e-05 5.27745e-05 3.84966e-05 2.77966e-05 1.98661e-05 1.40535e-05 9.84095e-06 6.82313e-06 4.6874e-06 3.19645e-06 2.17332e-06 1.48902e-06 1.05253e-06 8.03681e-07 
1.02982e-06 1.09097e-06 1.36211e-06 1.88492e-06 2.73529e-06 4.03097e-06 5.94165e-06 8.70257e-06 1.26315e-05 1.81492e-05 2.58037e-05 3.62975e-05 5.05169e-05 6.95639e-05 9.47867e-05 0.000127809 0.000170557 0.000225273 0.000294527 0.00038121 0.000488509 0.000619869 0.000778925 0.000969419 0.00119509 0.00145953 0.00176605 0.00211752 0.00251616 0.0029634 0.0034597 0.00400441 0.00459562 0.00523009 0.00590323 0.00660905 0.00734025 0.00808831 0.00884368 0.00959592 0.010334 0.0110466 0.0117222 0.0123497 0.0129184 0.0134185 0.0138411 0.0141787 0.0144254 0.0145765 0.0146295 0.0145833 0.0144389 0.0141989 0.0138676 0.0134512 0.0129569 0.0123936 0.011771 0.0110999 0.0103912 0.00965641 0.00890685 0.0081535 0.00740677 0.00667621 0.00597033 0.00529645 0.00466058 0.00406736 0.00352009 0.00302074 0.00257005 0.00216765 0.0018122 0.00150156 0.00123297 0.0010032 0.000808723 0.000645866 0.000510943 0.000400354 0.000310683 0.000238753 0.000181678 0.00013688 0.0001021 7.53924e-05 5.51081e-05 3.98717e-05 2.85534e-05 2.02392e-05 1.42004e-05 9.86506e-06 6.79051e-06 4.63991e-06 3.16141e-06 2.17099e-06 1.5386e-06 1.17809e-06 
1.49852e-06 1.58872e-06 1.9819e-06 2.73771e-06 3.96444e-06 5.82964e-06 8.57424e-06 1.25312e-05 1.81492e-05 2.60202e-05 3.69131e-05 5.18097e-05 7.19448e-05 9.88478e-05 0.000134383 0.000180786 0.000240698 0.000317182 0.000413731 0.000534254 0.000683042 0.000864701 0.00108407 0.00134609 0.00165565 0.00201742 0.00243566 0.00291395 0.00345502 0.00406051 0.00473073 0.0054645 0.00625901 0.00710969 0.00801016 0.00895231 0.00992631 0.0109208 0.0119231 0.0129195 0.0138955 0.0148364 0.0157271 0.0165534 0.0173013 0.0179582 0.0185128 0.0189555 0.0192785 0.0194762 0.019545 0.0194838 0.0192937 0.0189782 0.0185427 0.017995 0.0173448 0.0166031 0.0157827 0.0148973 0.0139612 0.0129893 0.0119964 0.0109968 0.0100043 0.00903157 0.00808983 0.00718896 0.00633711 0.00554066 0.00480424 0.00413075 0.00352145 0.00297612 0.00249324 0.00207019 0.00170348 0.00138898 0.00112212 0.000898083 0.000712003 0.0005591 0.000434806 0.000334856 0.000255351 0.000192794 0.00014411 0.000106635 7.81063e-05 5.6627e-05 4.06346e-05 2.88603e-05 2.02896e-05 1.41231e-05 9.74078e-06 6.66928e-06 4.55378e-06 3.13442e-06 2.22719e-06 1.71003e-06 
2.1582e-06 2.28973e-06 2.85385e-06 3.93502e-06 5.68607e-06 8.34292e-06 1.22439e-05 1.78554e-05 2.58037e-05 3.69131e-05 5.22501e-05 7.31721e-05 0.000101381 0.000138974 0.000188501 0.000253008 0.000336072 0.00044183 0.000574973 0.000740726 0.000944793 0.00119326 0.00149248 0.00184889 0.00226882 0.00275824 0.0033225 0.00396604 0.00469213 0.00550252 0.00639723 0.00737432 0.00842967 0.00955693 0.0107474 0.0119902 0.0132723 0.0145786 0.0158927 0.0171967 0.0184718 0.0196989 0.020859 0.0219337 0.0229052 0.0237577 0.0244766 0.0250499 0.0254678 0.0257231 0.0258114 0.0257314 0.0254843 0.0250746 0.0245093 0.0237981 0.0229531 0.0219886 0.0209207 0.0197668 0.0185453 0.0172753 0.0159758 0.0146654 0.0133619 0.0120819 0.0108402 0.00964987 0.00852186 0.00746485 0.00648522 0.00558717 0.00477273 0.00404198 0.00339328 0.00282352 0.00232837 0.00190262 0.00154043 0.00123557 0.000981707 0.000772571 0.000602131 0.000464725 0.00035515 0.00026872 0.00020129 0.000149261 0.000109557 7.95929e-05 5.72315e-05 4.07305e-05 2.86921e-05 2.00118e-05 1.38299e-05 9.48838e-06 6.49257e-06 4.47937e-06 3.19117e-06 2.45689e-06 
3.07609e-06 3.26566e-06 4.06639e-06 5.59653e-06 8.06946e-06 1.18137e-05 1.72994e-05 2.51723e-05 3.62975e-05 5.18097e-05 7.31721e-05 0.000102241 0.000141333 0.000193298 0.000261578 0.000350275 0.000464183 0.000608817 0.000790406 0.00101585 0.00129263 0.0016287 0.00203227 0.00251164 0.00307486 0.00372944 0.00448202 0.00533798 0.00630109 0.00737312 0.00855358 0.00983936 0.0112246 0.0127006 0.0142557 0.0158753 0.0175424 0.0192375 0.0209392 0.0226246 0.0242698 0.0258505 0.0273426 0.0287228 0.029969 0.0310612 0.0319814 0.0327144 0.0332482 0.0335738 0.0336859 0.0335826 0.0332657 0.0327405 0.0320159 0.0311041 0.03002 0.0287816 0.0274089 0.0259239 0.0243499 0.0227109 0.021031 0.0193341 0.0176429 0.0159789 0.0143613 0.0128073 0.0113313 0.00994493 0.00865698 0.00747336 0.00639723 0.00542922 0.00456767 0.00380897 0.0031479 0.00257798 0.00209185 0.00168159 0.00133906 0.00105613 0.000824958 0.000638106 0.000488719 0.000370587 0.000278195 0.000206728 0.000152058 0.000110701 7.9765e-05 5.68835e-05 4.01523e-05 2.80615e-05 1.94323e-05 1.33595e-05 9.16127e-06 6.33548e-06 4.52533e-06 3.49355e-06 
4.33889e-06 4.60897e-06 5.7334e-06 7.87591e-06 1.13312e-05 1.65519e-05 2.41836e-05 3.51115e-05 5.05169e-05 7.19448e-05 0.000101381 0.000141333 0.000194925 0.000265976 0.000359089 0.000479718 0.000634214 0.000829846 0.00107478 0.00137802 0.00174925 0.00219873 0.00273696 0.00337444 0.00412127 0.00498678 0.00597904 0.00710441 0.0083671 0.00976871 0.0113079 0.0129799 0.0147765 0.016686 0.0186927 0.0207779 0.0229192 0.0250917 0.0272681 0.0294195 0.0315156 0.0335261 0.0354209 0.0371711 0.0387494 0.0401309 0.0412936 0.042219 0.0428921 0.0433021 0.0434424 0.0433109 0.0429097 0.0422454 0.0413287 0.0401746 0.0388016 0.0372317 0.0354898 0.0336029 0.0316 0.0295111 0.0273665 0.0251961 0.0230289 0.020892 0.0188102 0.0168057 0.0148973 0.0131005 0.011427 0.00988519 0.00847975 0.00721217 0.00608098 0.00508216 0.00420951 0.00345514 0.00280993 0.00226394 0.00180686 0.00142831 0.00111818 0.000866844 0.000665381 0.000505659 0.00038042 0.000283304 0.000208829 0.000152354 0.000110008 7.86132e-05 5.56045e-05 3.894e-05 2.70207e-05 1.86153e-05 1.27933e-05 8.86825e-06 6.35112e-06 4.91634e-06 
6.0568e-06 6.43724e-06 7.99939e-06 1.09676e-05 1.57444e-05 2.29465e-05 3.34514e-05 4.84586e-05 6.95639e-05 9.88478e-05 0.000138974 0.000193298 0.000265976 0.000362077 0.000487681 0.000649959 0.000857225 0.00111895 0.0014457 0.00184908 0.0023415 0.00293598 0.00364577 0.00448399 0.00546313 0.00659454 0.00788786 0.00935043 0.0109867 0.0127979 0.0147812 0.0169298 0.0192323 0.0216729 0.0242314 0.0268832 0.0296 0.0323501 0.0350993 0.0378111 0.0404483 0.0429733 0.0453491 0.0475402 0.0495135 0.0512386 0.052689 0.0538421 0.05468 0.0551897 0.0553633 0.0551981 0.0546968 0.0538674 0.0527228 0.051281 0.0495645 0.0475999 0.0454174 0.0430502 0.0405338 0.0379049 0.035201 0.0324594 0.0297161 0.0270053 0.0243585 0.0218039 0.0193659 0.0170645 0.0149157 0.0129306 0.0111162 0.00947542 0.00800713 0.00670706 0.00556804 0.00458068 0.00373384 0.00301525 0.002412 0.00191104 0.0014995 0.00116509 0.000896324 0.000682686 0.000514738 0.000384172 0.000283795 0.00020749 0.000150136 0.000107514 7.62044e-05 5.34762e-05 3.71842e-05 2.56712e-05 1.76813e-05 1.22859e-05 8.82196e-06 6.84739e-06 
8.36793e-06 8.89776e-06 1.10451e-05 1.51139e-05 2.16481e-05 3.14791e-05 4.57866e-05 6.61782e-05 9.47867e-05 0.000134383 0.000188501 0.000261578 0.000359089 0.000487681 0.000655294 0.00087125 0.0011463 0.00149264 0.0019238 0.00245453 0.00310052 0.00387809 0.00480374 0.00589363 0.00716294 0.00862526 0.0102918 0.0121709 0.014267 0.0165803 0.0191062 0.0218347 0.0247506 0.027833 0.0310556 0.0343873 0.0377923 0.0412308 0.0446604 0.0480363 0.0513128 0.054444 0.0573852 0.0600935 0.0625291 0.0646557 0.0664416 0.0678601 0.0688898 0.0695153 0.0697274 0.0695228 0.0689047 0.0678826 0.0664719 0.064694 0.0625756 0.0601486 0.057449 0.0545169 0.0513949 0.0481278 0.0447612 0.0413406 0.0379107 0.0345136 0.031189 0.0279722 0.0248944 0.0219815 0.0192544 0.0167283 0.0144129 0.0123132 0.0104289 0.00875574 0.00728567 0.00600768 0.00490846 0.00397306 0.00318561 0.00252983 0.00198962 0.00154946 0.00119475 0.000912035 0.000689205 0.000515524 0.000381662 0.000279647 0.00020278 0.000145521 0.000103359 7.26828e-05 5.06448e-05 3.50384e-05 2.41868e-05 1.68467e-05 1.21288e-05 9.43931e-06 
1.14427e-05 1.21724e-05 1.50931e-05 2.06122e-05 2.94572e-05 4.27365e-05 6.20192e-05 8.94371e-05 0.000127809 0.000180786 0.000253008 0.000350275 0.000479718 0.000649959 0.00087125 0.00115557 0.00151667 0.00197006 0.00253284 0.00322355 0.00406177 0.0050677 0.00626159 0.00766302 0.0092902 0.0111591 0.0132825 0.0156693 0.0183238 0.0212445 0.024424 0.0278487 0.0314979 0.0353447 0.0393556 0.0434911 0.0477067 0.0519536 0.0561794 0.06033 0.0643499 0.0681842 0.0717793 0.0750845 0.0780524 0.0806405 0.0828115 0.0845339 0.0857831 0.086541 0.0867967 0.0865468 0.0857947 0.0845517 0.0828356 0.0806715 0.0780907 0.0751307 0.071834 0.068248 0.0644234 0.0604137 0.0562736 0.0520584 0.047822 0.0436165 0.0394903 0.0354878 0.0316481 0.0280043 0.0245834 0.0214056 0.0184847 0.015828 0.013437 0.0113077 0.00943139 0.00779544 0.00638421 0.00517984 0.00416302 0.00331382 0.00261231 0.00203913 0.00157595 0.00120578 0.000913248 0.000684637 0.000507985 0.000373019 0.000271071 0.000194943 0.000138755 9.77784e-05 6.82745e-05 4.73366e-05 3.27494e-05 2.2866e-05 1.6506e-05 1.288e-05 
1.54885e-05 1.64823e-05 2.04134e-05 2.78224e-05 3.96713e-05 5.74226e-05 8.3141e-05 0.000119624 0.000170557 0.000240698 0.000336072 0.000464183 0.000634214 0.000857225 0.0011463 0.00151667 0.00198572 0.00257291 0.00329965 0.00418891 0.00526484 0.00655211 0.00807519 0.00985752 0.0119205 0.0142825 0.0169578 0.0199556 0.0232791 0.0269247 0.0308813 0.0351299 0.0396438 0.0443881 0.0493208 0.0543928 0.0595494 0.0647309 0.0698742 0.0749143 0.0797851 0.0844217 0.0887611 0.0927437 0.0963145 0.0994241 0.102029 0.104094 0.10559 0.106497 0.106801 0.1065 0.105597 0.104105 0.102044 0.0994441 0.0963403 0.0927762 0.0888013 0.0844707 0.0798438 0.0749837 0.0699552 0.064824 0.059655 0.0545108 0.0494508 0.0445294 0.0397951 0.0352898 0.0310478 0.0270958 0.0234525 0.0201289 0.0171287 0.0144487 0.0120801 0.0100087 0.00821658 0.00668257 0.00538364 0.00429568 0.00339435 0.00265581 0.00205734 0.00157775 0.00119771 0.000899919 0.000669211 0.000492494 0.000358673 0.000258498 0.000184383 0.000130206 9.11102e-05 6.33054e-05 4.38959e-05 3.07231e-05 2.22363e-05 1.73972e-05 
2.07533e-05 2.20921e-05 2.73286e-05 3.71722e-05 5.28822e-05 7.6368e-05 0.000110318 0.000158363 0.000225273 0.000317182 0.00044183 0.000608817 0.000829846 0.00111895 0.00149264 0.00197006 0.00257291 0.0033254 0.00425393 0.00538669 0.00675302 0.00838266 0.0103048 0.012547 0.0151341 0.0180866 0.0214201 0.0251435 0.0292582 0.0337574 0.0386249 0.0438355 0.0493544 0.0551376 0.0611328 0.0672798 0.0735119 0.0797577 0.0859418 0.0919871 0.0978164 0.103354 0.108526 0.113264 0.117506 0.121195 0.124282 0.126725 0.128494 0.129565 0.129923 0.129565 0.128495 0.126727 0.124285 0.1212 0.117515 0.113278 0.108546 0.103381 0.0978534 0.0920351 0.086002 0.0798314 0.0736001 0.0673827 0.0612507 0.05527 0.0495002 0.0439935 0.0387931 0.0339336 0.0294401 0.0253282 0.0216049 0.0182689 0.0153112 0.0127168 0.0104652 0.00853215 0.00689041 0.00551124 0.00436531 0.00342364 0.00265841 0.00204346 0.00155482 0.00117091 0.000872689 0.000643668 0.000469798 0.00033932 0.000242551 0.000171648 0.000120364 8.3813e-05 5.82474e-05 4.08671e-05 2.96563e-05 2.3263e-05 
2.75295e-05 2.93135e-05 3.62174e-05 4.91626e-05 6.97799e-05 0.000100537 0.000144897 0.000207524 0.000294527 0.000413731 0.000574973 0.000790406 0.00107478 0.0014457 0.0019238 0.00253284 0.00329965 0.00425393 0.00542791 0.00685571 0.00857255 0.0106138 0.0130138 0.0158044 0.0190138 0.0226646 0.026773 0.0313469 0.036385 0.0418757 0.0477968 0.0541149 0.0607856 0.0677541 0.074956 0.0823184 0.0897616 0.0972004 0.104546 0.11171 0.1186 0.125132 0.13122 0.136788 0.141763 0.146084 0.149695 0.15255 0.154615 0.155864 0.15628 0.15586 0.154608 0.15254 0.149683 0.146071 0.141751 0.136777 0.131214 0.125132 0.118609 0.111728 0.104578 0.0972463 0.0898236 0.0823977 0.0750531 0.0678692 0.060918 0.0542636 0.04796 0.0420512 0.0365701 0.0315387 0.0269684 0.0228603 0.0192067 0.0159917 0.0131929 0.0107825 0.00872914 0.00699899 0.00555716 0.00436888 0.00340044 0.00262001 0.00199814 0.00150822 0.00112665 0.000832839 0.000609213 0.000440974 0.000315894 0.000224029 0.000157431 0.000109862 7.65241e-05 5.38212e-05 3.91596e-05 3.0797e-05 
3.61555e-05 3.85075e-05 4.75174e-05 6.43695e-05 9.11548e-05 0.000131028 0.000188407 0.000269221 0.00038121 0.000534254 0.000740726 0.00101585 0.00137802 0.00184908 0.00245453 0.00322355 0.00418891 0.00538669 0.00685571 0.00863677 0.0107717 0.0133019 0.0162671 0.0197036 0.0236428 0.028109 0.033118 0.038676 0.0447773 0.0514047 0.0585276 0.066103 0.0740751 0.0823763 0.0909286 0.0996447 0.10843 0.117185 0.125807 0.134193 0.14224 0.14985 0.156929 0.163389 0.169153 0.17415 0.178321 0.181616 0.183996 0.185433 0.185911 0.185425 0.183979 0.181592 0.178291 0.174116 0.169115 0.16335 0.156891 0.149816 0.142213 0.134175 0.125802 0.117195 0.108457 0.0996909 0.0909956 0.0824648 0.074185 0.0662338 0.0586777 0.051572 0.0449592 0.0388692 0.0333191 0.0283142 0.0238486 0.0199064 0.0164635 0.0134892 0.0109475 0.00879932 0.00700371 0.00551947 0.0043063 0.00332583 0.00254238 0.00192347 0.00144011 0.00106696 0.000782199 0.000567428 0.000407358 0.000289514 0.000203886 0.000142591 9.9547e-05 7.01844e-05 5.1199e-05 4.03681e-05 
4.70165e-05 5.00845e-05 6.17248e-05 8.3444e-05 0.000117895 0.000169072 0.000242551 0.000345795 0.000488509 0.000683042 0.000944793 0.00129263 0.00174925 0.0023415 0.00310052 0.00406177 0.00526484 0.00675302 0.00857255 0.0107717 0.0133992 0.0165032 0.0201289 0.024317 0.0291015 0.0345077 0.0405503 0.0472321 0.0545419 0.0624546 0.0709299 0.0799128 0.0893344 0.0991124 0.109153 0.119354 0.129604 0.139788 0.149789 0.159489 0.168774 0.177532 0.185662 0.193067 0.199661 0.205369 0.210126 0.21388 0.216588 0.218223 0.218765 0.218209 0.216562 0.213841 0.210076 0.20531 0.199594 0.192995 0.185587 0.177459 0.168704 0.159427 0.149738 0.139753 0.129587 0.119358 0.10918 0.0991643 0.089412 0.0800161 0.0710578 0.0626053 0.0547128 0.0474198 0.0407512 0.0347175 0.0293161 0.0245322 0.0203406 0.0167079 0.0135937 0.0109535 0.00873979 0.00690446 0.00539989 0.00418039 0.00320317 0.00242903 0.0018228 0.00135354 0.000994502 0.000723021 0.000520184 0.000370495 0.000261477 0.000183267 0.000128235 9.06303e-05 6.62863e-05 5.23953e-05 
6.05425e-05 6.4503e-05 7.93919e-05 0.000107107 0.000150982 0.00021602 0.00030919 0.000439789 0.000619869 0.000864701 0.00119326 0.0016287 0.00219873 0.00293598 0.00387809 0.0050677 0.00655211 0.00838266 0.0106138 0.0133019 0.0165032 0.0202726 0.024661 0.0297128 0.0354644 0.0419408 0.0491545 0.0571032 0.0657685 0.0751153 0.0850915 0.0956282 0.106641 0.118031 0.129688 0.141492 0.153314 0.165025 0.17649 0.187578 0.198163 0.208124 0.217348 0.225731 0.233183 0.239622 0.244981 0.249204 0.252249 0.254084 0.254691 0.254065 0.252212 0.24915 0.24491 0.239537 0.233085 0.225623 0.217233 0.208007 0.198047 0.187467 0.176387 0.164936 0.153244 0.141444 0.129666 0.118037 0.106676 0.0956937 0.0851871 0.0752397 0.0659194 0.0572773 0.049348 0.0421491 0.0356827 0.0299363 0.0248848 0.0204924 0.016715 0.0135023 0.0108003 0.00855321 0.00670561 0.00520368 0.00399669 0.00303784 0.00228491 0.00170052 0.00125223 0.000912395 0.000657854 0.000469555 0.0003321 0.000233274 0.000163596 0.000115902 8.49885e-05 6.73449e-05 
7.72041e-05 8.22639e-05 0.000101121 0.000136142 0.000191472 0.00027332 0.000390309 0.000553906 0.000778925 0.00108407 0.00149248 0.00203227 0.00273696 0.00364577 0.00480374 0.00626159 0.00807519 0.0103048 0.0130138 0.0162671 0.0201289 0.024661 0.0299193 0.035952 0.0427963 0.0504762 0.059 0.0683587 0.0785243 0.0894499 0.101069 0.113297 0.126031 0.139156 0.15254 0.166047 0.179531 0.192843 0.205836 0.218365 0.230292 0.241485 0.251825 0.261202 0.26952 0.276696 0.282659 0.287352 0.290732 0.292767 0.29344 0.292743 0.290684 0.287282 0.282567 0.276584 0.269391 0.261058 0.251669 0.241321 0.230124 0.218199 0.205677 0.192696 0.179401 0.165939 0.152459 0.139105 0.126014 0.113314 0.101122 0.0895381 0.0786457 0.0685102 0.0591779 0.0506757 0.0430122 0.0361787 0.0301512 0.0248928 0.0203559 0.0164848 0.0132188 0.0104944 0.00824756 0.00641567 0.00493925 0.00376305 0.00283688 0.0021161 0.00156173 0.0011404 0.000824028 0.000589427 0.000417774 0.000294091 0.000206713 0.000146801 0.000107922 8.57258e-05 
9.75047e-05 0.000103903 0.000127553 0.000171377 0.000240481 0.000342493 0.000487978 0.000690943 0.000969419 0.00134609 0.00184889 0.00251164 0.00337444 0.00448399 0.00589363 0.00766302 0.00985752 0.012547 0.0158044 0.0197036 0.024317 0.0297128 0.035952 0.0430851 0.0511494 0.0601659 0.0701369 0.0810446 0.0928492 0.105489 0.118882 0.132924 0.147495 0.162456 0.17766 0.192947 0.208155 0.22312 0.237679 0.251674 0.264957 0.277389 0.288844 0.299207 0.308382 0.316281 0.322835 0.327987 0.331693 0.333923 0.334659 0.333894 0.331636 0.327902 0.322723 0.316144 0.308221 0.299027 0.288646 0.277178 0.264738 0.251452 0.237459 0.222909 0.20796 0.192773 0.177512 0.162341 0.147415 0.132884 0.118883 0.105531 0.092931 0.081164 0.0702903 0.0603484 0.0513556 0.0433089 0.036187 0.0299529 0.0245562 0.0199367 0.0160268 0.0127552 0.0100488 0.00783562 0.00604675 0.00461758 0.0034891 0.00260849 0.00192941 0.00141196 0.00102246 0.000732925 0.00052059 0.00036726 0.000258722 0.000184175 0.00013574 0.000108081 
0.00012197 0.00012998 0.000159356 0.000213672 0.000299155 0.00042509 0.000604295 0.000853715 0.00119509 0.00165565 0.00226882 0.00307486 0.00412127 0.00546313 0.00716294 0.0092902 0.0119205 0.0151341 0.0190138 0.0236428 0.0291015 0.0354644 0.0427963 0.0511494 0.0605591 0.0710418 0.0825917 0.0951795 0.108751 0.123229 0.13851 0.154472 0.17097 0.187848 0.204935 0.222054 0.239022 0.255661 0.271793 0.28725 0.301876 0.315525 0.328068 0.339388 0.349386 0.357979 0.365096 0.370683 0.374698 0.377112 0.377907 0.377079 0.374632 0.370585 0.364966 0.357819 0.349198 0.339174 0.327831 0.31527 0.301606 0.286972 0.271512 0.255385 0.238758 0.221809 0.204716 0.187661 0.170821 0.154365 0.138449 0.123214 0.108784 0.0952569 0.0827112 0.0711987 0.0607478 0.0513633 0.0430285 0.0357077 0.0293491 0.0238884 0.0192517 0.0153597 0.0121302 0.00948137 0.00733411 0.00561373 0.00425153 0.00318565 0.00236153 0.00173196 0.00125687 0.000902867 0.000642657 0.000454348 0.000320784 0.000228895 0.00016912 0.000134974 
0.000151132 0.00016106 0.000197202 0.000263885 0.000368634 0.000522641 0.000741314 0.00104496 0.00145953 0.00201742 0.00275824 0.00372944 0.00498678 0.00659454 0.00862526 0.0111591 0.0142825 0.0180866 0.0226646 0.028109 0.0345077 0.0419408 0.0504762 0.0601659 0.0710418 0.0831133 0.0963641 0.110751 0.126204 0.142624 0.159888 0.17785 0.196345 0.215191 0.234197 0.253166 0.271899 0.2902 0.307882 0.324767 0.340692 0.355509 0.369085 0.381307 0.392077 0.401313 0.408951 0.414937 0.419235 0.421817 0.422667 0.42178 0.419162 0.414829 0.408807 0.401135 0.391865 0.381064 0.368813 0.355212 0.340375 0.324436 0.307542 0.289859 0.271565 0.252848 0.233902 0.214927 0.196119 0.177669 0.159756 0.142543 0.126177 0.110777 0.0964403 0.0832356 0.0712046 0.0603624 0.0506991 0.042182 0.0347593 0.0283636 0.0229155 0.018328 0.0145096 0.0113685 0.00881458 0.00676257 0.00513328 0.00385495 0.00286397 0.00210499 0.00153082 0.00110198 0.000786028 0.00055689 0.000394048 0.000281829 0.00020874 0.000166977 
0.000185513 0.000197698 0.000241745 0.000322846 0.000450011 0.000636601 0.000900968 0.00126722 0.00176605 0.00243566 0.0033225 0.00448202 0.00597904 0.00788786 0.0102918 0.0132825 0.0169578 0.0214201 0.026773 0.033118 0.0405503 0.0491545 0.059 0.0701369 0.0825917 0.0963641 0.111425 0.127714 0.145142 0.163588 0.182905 0.202923 0.223452 0.244288 0.265217 0.286022 0.30649 0.32641 0.345585 0.363831 0.380982 0.396889 0.41142 0.424466 0.435934 0.445748 0.453848 0.460188 0.464734 0.467463 0.468361 0.467424 0.464657 0.460073 0.453695 0.445556 0.435705 0.424201 0.411121 0.396558 0.380625 0.363453 0.345191 0.326009 0.306089 0.285632 0.264846 0.243945 0.223146 0.202662 0.182696 0.163434 0.145047 0.12768 0.111449 0.0964428 0.0827201 0.0703083 0.0592065 0.0493874 0.0408009 0.0333777 0.0270338 0.021675 0.017201 0.0135093 0.0104991 0.00807347 0.00614221 0.00462288 0.00344197 0.00253522 0.00184759 0.00133277 0.000952621 0.000676335 0.000479606 0.00034381 0.000255259 0.000204646 
0.000225601 0.000240412 0.000293595 0.000391322 0.000544281 0.00076828 0.00108498 0.00152272 0.00211752 0.00291395 0.00396604 0.00533798 0.00710441 0.00935043 0.0121709 0.0156693 0.0199556 0.0251435 0.0313469 0.038676 0.0472321 0.0571032 0.0683587 0.0810446 0.0951795 0.110751 0.127714 0.14599 0.165465 0.185995 0.207409 0.229508 0.252079 0.274892 0.297714 0.320309 0.342447 0.363909 0.38449 0.404001 0.422276 0.439168 0.454552 0.468323 0.480397 0.490706 0.499199 0.505835 0.510589 0.51344 0.514378 0.513401 0.510511 0.505718 0.499041 0.490508 0.480158 0.468044 0.454233 0.438813 0.421887 0.403584 0.38405 0.363454 0.341986 0.319851 0.297269 0.274471 0.251691 0.229164 0.207117 0.185763 0.165296 0.145887 0.127677 0.110778 0.0952651 0.0811828 0.0685414 0.0573213 0.047476 0.038936 0.031614 0.0254092 0.0202129 0.0159124 0.0123954 0.00955346 0.00728444 0.0054946 0.00409982 0.00302616 0.00220994 0.00159743 0.00114413 0.000813977 0.000578445 0.000415599 0.000309285 0.000248499 
0.000271829 0.000289659 0.000353283 0.000469973 0.000652289 0.00091877 0.00129474 0.00181327 0.00251616 0.00345502 0.00469213 0.00630109 0.0083671 0.0109867 0.014267 0.0183238 0.0232791 0.0292582 0.036385 0.0447773 0.0545419 0.0657685 0.0785243 0.0928492 0.108751 0.126204 0.145142 0.165465 0.187035 0.209682 0.233204 0.25738 0.281967 0.306713 0.331365 0.355669 0.379383 0.402279 0.424146 0.444798 0.464069 0.481819 0.497932 0.512312 0.524885 0.535594 0.544398 0.551267 0.556181 0.559126 0.560096 0.559088 0.556105 0.551152 0.544243 0.535398 0.524645 0.512029 0.497605 0.481451 0.463661 0.444353 0.423671 0.40178 0.378869 0.355149 0.330851 0.306217 0.281499 0.256953 0.232828 0.209366 0.186786 0.165287 0.145037 0.12617 0.108786 0.0929465 0.078676 0.0659652 0.0547733 0.0450328 0.0366542 0.0295316 0.0235481 0.0185814 0.0145078 0.0112067 0.00856391 0.00647369 0.00484062 0.00358039 0.00262003 0.00189768 0.0013619 0.000970878 0.000691393 0.000497848 0.000371346 0.000298992 
0.000324544 0.000345807 0.000421232 0.00055931 0.000774673 0.00108887 0.00153126 0.00214005 0.0029634 0.00406051 0.00550252 0.00737312 0.00976871 0.0127979 0.0165803 0.0212445 0.0269247 0.0337574 0.0418757 0.0514047 0.0624546 0.0751153 0.0894499 0.105489 0.123229 0.142624 0.163588 0.185995 0.209682 0.234447 0.260063 0.286277 0.312824 0.339427 0.365813 0.391715 0.41688 0.441073 0.464084 0.485727 0.505846 0.524309 0.54101 0.555867 0.56882 0.579825 0.588852 0.595883 0.600906 0.603915 0.604907 0.60388 0.600836 0.595776 0.588706 0.579638 0.568589 0.555591 0.540687 0.523939 0.50543 0.485268 0.463585 0.440541 0.416323 0.391144 0.365238 0.338861 0.31228 0.285769 0.259603 0.234046 0.209349 0.185737 0.163408 0.142523 0.123206 0.105539 0.0895635 0.0752839 0.0626675 0.0516503 0.0421426 0.0340347 0.0272027 0.0215147 0.016836 0.0130341 0.00998197 0.0075617 0.00566595 0.0041994 0.00307917 0.00223464 0.00160688 0.0011478 0.000819061 0.00059105 0.000441852 0.000356488 
0.000383983 0.000409104 0.000497719 0.000659655 0.00091181 0.00127902 0.00179501 0.00250358 0.0034597 0.00473073 0.00639723 0.00855358 0.0113079 0.0147812 0.0191062 0.024424 0.0308813 0.0386249 0.0477968 0.0585276 0.0709299 0.0850915 0.101069 0.118882 0.13851 0.159888 0.182905 0.207409 0.233204 0.260063 0.287725 0.315912 0.34433 0.372684 0.400681 0.428042 0.454506 0.479837 0.503827 0.526296 0.547097 0.566112 0.58325 0.598445 0.611651 0.622841 0.631999 0.639118 0.644198 0.647238 0.648242 0.647208 0.644136 0.639023 0.631868 0.622671 0.611439 0.598186 0.582942 0.565754 0.546687 0.525836 0.503319 0.479287 0.453921 0.427431 0.400056 0.372058 0.343718 0.315328 0.287184 0.259577 0.232787 0.207068 0.182647 0.159716 0.138423 0.118877 0.101138 0.0852257 0.0711183 0.0587581 0.0480569 0.0389025 0.0311652 0.0247046 0.0193752 0.0150325 0.011537 0.00875788 0.00657563 0.00488337 0.0035877 0.00260873 0.00187949 0.00134512 0.000961789 0.000695504 0.000521067 0.000421229 
0.000450244 0.000479651 0.000582842 0.000771094 0.00106376 0.0014892 0.00208588 0.00290352 0.00400441 0.0054645 0.00737432 0.00983936 0.0129799 0.0169298 0.0218347 0.0278487 0.0351299 0.0438355 0.0541149 0.066103 0.0799128 0.0956282 0.113297 0.132924 0.154472 0.17785 0.202923 0.229508 0.25738 0.286277 0.315912 0.345976 0.376152 0.406123 0.435583 0.464242 0.491835 0.518127 0.542915 0.56603 0.587339 0.606738 0.624156 0.639543 0.652874 0.664136 0.673331 0.680466 0.685548 0.688589 0.689594 0.688565 0.685499 0.680388 0.673222 0.663992 0.652688 0.639313 0.623875 0.606404 0.586949 0.565583 0.542412 0.517572 0.491235 0.463604 0.43492 0.405448 0.375479 0.345322 0.315294 0.285711 0.256878 0.229084 0.202584 0.177602 0.154316 0.132859 0.113315 0.0957221 0.0800712 0.0663131 0.0543635 0.0441094 0.0354166 0.028137 0.0221151 0.0171948 0.013224 0.0100589 0.00756753 0.00563094 0.00414483 0.0030195 0.0021795 0.00156278 0.00111959 0.000811267 0.000609072 0.000493305 
0.000523264 0.000557375 0.000676493 0.000893445 0.0012302 0.00171892 0.00240304 0.00333863 0.00459562 0.00625901 0.00842967 0.0112246 0.0147765 0.0192323 0.0247506 0.0314979 0.0396438 0.0493544 0.0607856 0.0740751 0.0893344 0.106641 0.126031 0.147495 0.17097 0.196345 0.223452 0.252079 0.281967 0.312824 0.34433 0.376152 0.407948 0.439383 0.470139 0.499918 0.528455 0.555519 0.580916 0.604492 0.626129 0.645744 0.663283 0.67872 0.692048 0.703273 0.712414 0.719492 0.724527 0.727537 0.728534 0.72752 0.724492 0.719435 0.712332 0.70316 0.691898 0.678527 0.663041 0.645447 0.625773 0.604073 0.580434 0.554975 0.527854 0.499269 0.469451 0.438671 0.407226 0.375438 0.343643 0.312181 0.281384 0.251572 0.223032 0.196019 0.170743 0.147365 0.125994 0.10669 0.0894576 0.07426 0.0610183 0.0496206 0.0399299 0.0317913 0.0250403 0.0195096 0.0150346 0.0114588 0.00863736 0.00643915 0.00474852 0.0034656 0.00250603 0.0018002 0.00129211 0.000938118 0.000705732 0.000572634 
0.000602792 0.000642008 0.000778326 0.00102622 0.00141044 0.00196711 0.00274496 0.00380664 0.00523009 0.00710969 0.00955693 0.0127006 0.016686 0.0216729 0.027833 0.0353447 0.0443881 0.0551376 0.0677541 0.0823763 0.0991124 0.118031 0.139156 0.162456 0.187848 0.215191 0.244288 0.274892 0.306713 0.339427 0.372684 0.406123 0.439383 0.472113 0.503984 0.534695 0.563984 0.591627 0.617443 0.641295 0.663084 0.682748 0.700257 0.715606 0.72881 0.739895 0.748897 0.755851 0.760791 0.763742 0.764721 0.763734 0.760772 0.755819 0.748846 0.73982 0.728703 0.71546 0.700063 0.682499 0.662773 0.640917 0.616995 0.591109 0.563399 0.534049 0.503286 0.471377 0.438625 0.405361 0.371937 0.338715 0.306056 0.274306 0.243787 0.214787 0.187547 0.162259 0.13906 0.11803 0.0991959 0.0825316 0.0679667 0.0553925 0.0446703 0.0356403 0.0281298 0.0219607 0.0169567 0.0129486 0.00977858 0.00730326 0.0053954 0.00394465 0.00285743 0.00205625 0.00147857 0.00107553 0.000810677 0.000658932 
0.000688377 0.000733065 0.000887742 0.00116861 0.00160332 0.00223214 0.00310929 0.00430426 0.00590323 0.00801016 0.0107474 0.0142557 0.0186927 0.0242314 0.0310556 0.0393556 0.0493208 0.0611328 0.074956 0.0909286 0.109153 0.129688 0.15254 0.17766 0.204935 0.234197 0.265217 0.297714 0.331365 0.365813 0.400681 0.435583 0.470139 0.503984 0.536783 0.568234 0.598081 0.626112 0.652161 0.676111 0.697884 0.717442 0.73478 0.749915 0.762884 0.773735 0.782521 0.789292 0.794094 0.796961 0.797914 0.796961 0.794093 0.789286 0.782505 0.773702 0.762825 0.749821 0.734641 0.71725 0.697629 0.675786 0.651761 0.625634 0.597526 0.567606 0.536089 0.503238 0.469357 0.434783 0.399884 0.365041 0.330638 0.297053 0.264639 0.233716 0.204559 0.177393 0.152383 0.129634 0.109193 0.0910504 0.0751448 0.0613727 0.0495959 0.0396507 0.0313573 0.0245279 0.0189748 0.0145164 0.0109824 0.00821677 0.00608074 0.00445325 0.00323128 0.00232921 0.00167776 0.00122265 0.000923277 0.000751698 
0.000779357 0.000829838 0.00100388 0.00131946 0.00180724 0.00251179 0.00349292 0.00482715 0.00660905 0.00895231 0.0119902 0.0158753 0.0207779 0.0268832 0.0343873 0.0434911 0.0543928 0.0672798 0.0823184 0.0996447 0.119354 0.141492 0.166047 0.192947 0.222054 0.253166 0.286022 0.320309 0.355669 0.391715 0.428042 0.464242 0.499918 0.534695 0.568234 0.600238 0.630456 0.658692 0.684799 0.70868 0.730284 0.749595 0.766634 0.781443 0.794082 0.804618 0.813121 0.819658 0.824286 0.827047 0.827968 0.827057 0.824304 0.819681 0.813141 0.804628 0.794074 0.781406 0.766557 0.749467 0.730093 0.708418 0.684457 0.658265 0.629942 0.59964 0.567559 0.533954 0.499125 0.463417 0.427206 0.390891 0.354881 0.31958 0.285372 0.25261 0.221605 0.192612 0.165827 0.141383 0.119348 0.0997299 0.0824801 0.0675015 0.0546579 0.0437832 0.0346915 0.0271866 0.0210698 0.0161478 0.0122377 0.00917141 0.00679842 0.00498692 0.00362434 0.00261678 0.00188803 0.00137827 0.00104264 0.000850208 
0.000874857 0.000931394 0.0011256 0.0014773 0.00202019 0.00280323 0.00389194 0.00536994 0.00734025 0.00992631 0.0132723 0.0175424 0.0229192 0.0296 0.0377923 0.0477067 0.0595494 0.0735119 0.0897616 0.10843 0.129604 0.153314 0.179531 0.208155 0.239022 0.271899 0.30649 0.342447 0.379383 0.41688 0.454506 0.491835 0.528455 0.563984 0.598081 0.630456 0.66087 0.689143 0.715149 0.738814 0.760112 0.779054 0.795687 0.810075 0.822302 0.832456 0.840624 0.846886 0.851311 0.853948 0.854831 0.853968 0.851348 0.846936 0.840681 0.832512 0.822347 0.810098 0.795674 0.778994 0.759991 0.738621 0.714873 0.688777 0.66041 0.629901 0.597437 0.563259 0.527664 0.490997 0.453643 0.416015 0.378543 0.341657 0.305771 0.271272 0.238503 0.207752 0.179247 0.153149 0.12955 0.108476 0.0898935 0.0737129 0.0598019 0.0479934 0.038097 0.0299085 0.0232195 0.0178254 0.0135313 0.0101573 0.00754103 0.0055402 0.00403262 0.00291604 0.00210729 0.00154086 0.00116759 0.00095351 
0.000973794 0.00103658 0.00125152 0.0016403 0.00223971 0.0031031 0.00430174 0.00592632 0.00808831 0.0109208 0.0145786 0.0192375 0.0250917 0.0323501 0.0412308 0.0519536 0.0647309 0.0797577 0.0972004 0.117185 0.139788 0.165025 0.192843 0.22312 0.255661 0.2902 0.32641 0.363909 0.402279 0.441073 0.479837 0.518127 0.555519 0.591627 0.626112 0.658692 0.689143 0.717303 0.743068 0.766391 0.787269 0.805742 0.82188 0.835774 0.847527 0.857247 0.865039 0.870996 0.875196 0.877698 0.878537 0.877726 0.875251 0.871073 0.865132 0.857348 0.847624 0.835856 0.821933 0.805752 0.787222 0.766272 0.742865 0.717005 0.688744 0.65819 0.625509 0.59093 0.554741 0.517287 0.478957 0.440178 0.401396 0.363066 0.325631 0.289508 0.255074 0.22265 0.192497 0.164803 0.139685 0.117191 0.0973007 0.0799358 0.0649686 0.0522327 0.041534 0.0326619 0.025399 0.0195298 0.0148484 0.0111629 0.00829996 0.00610669 0.0044514 0.00322357 0.00233301 0.00170856 0.00129671 0.00106043 
