6.36374e-08 6.6859e-08 8.3958e-08 1.17854e-07 1.74008e-07 2.61073e-07 3.91779e-07 5.84164e-07 8.63166e-07 1.26262e-06 1.82773e-06 2.61795e-06 3.71036e-06 5.20349e-06 7.22139e-06 9.91796e-06 1.34812e-05 1.81374e-05 2.41542e-05 3.1843e-05 4.15601e-05 5.37049e-05 6.87167e-05 8.70677e-05 0.000109253 0.000135779 0.000167142 0.000203814 0.000246212 0.000294682 0.000349464 0.00041067 0.00047826 0.000552019 0.000631542 0.000716222 0.00080525 0.000897616 0.000992127 0.00108743 0.00118204 0.00127438 0.00136281 0.00144571 0.00152149 0.00158865 0.00164584 0.00169188 0.0017258 0.0017469 0.00175473 0.00174913 0.00173023 0.00169842 0.00165439 0.00159906 0.00153358 0.00145929 0.00137766 0.00129026 0.00119872 0.00110465 0.00100965 0.000915205 0.000822681 0.000733287 0.000648055 0.000567818 0.000493209 0.000424663 0.000362422 0.000306556 0.000256977 0.000213471 0.000175716 0.00014331 0.000115799 9.26977e-05 7.35078e-05 5.77389e-05 4.49205e-05 3.46125e-05 2.64121e-05 1.99584e-05 1.4934e-05 1.10643e-05 8.11607e-06 5.89408e-06 4.23753e-06 3.01589e-06 2.12477e-06 1.48182e-06 1.02304e-06 6.99358e-07 4.73665e-07 3.18342e-07 2.13159e-07 1.43604e-07 9.95773e-08 7.4457e-08 
6.6859e-08 7.02886e-08 8.83911e-08 1.24274e-07 1.8375e-07 2.76031e-07 4.14677e-07 6.1891e-07 9.15319e-07 1.34e-06 1.94119e-06 2.78236e-06 3.94585e-06 5.53687e-06 7.68795e-06 1.05635e-05 1.43645e-05 1.93325e-05 2.57534e-05 3.396e-05 4.43324e-05 5.72971e-05 7.33225e-05 9.29122e-05 0.000116594 0.000144907 0.000178378 0.00021751 0.000262746 0.000314449 0.000372874 0.000438138 0.000510192 0.000588804 0.00067354 0.000763749 0.000858565 0.000956912 0.00105752 0.00115895 0.00125961 0.00135783 0.00145188 0.00154003 0.00162059 0.00169197 0.00175274 0.00180165 0.00183768 0.00186007 0.00186837 0.00186238 0.00184226 0.00180842 0.00176159 0.00170275 0.00163312 0.00155411 0.00146728 0.00137431 0.00127692 0.00117683 0.00107573 0.000975196 0.000876694 0.000781509 0.000690737 0.000605269 0.000525782 0.000452741 0.000386407 0.000326858 0.000274003 0.000227616 0.000187356 0.000152798 0.000123458 9.88187e-05 7.83516e-05 6.15336e-05 4.78632e-05 3.68711e-05 2.81277e-05 2.12479e-05 1.5893e-05 1.17699e-05 8.62963e-06 6.2638e-06 4.50077e-06 3.20124e-06 2.25382e-06 1.57066e-06 1.08351e-06 7.40058e-07 5.00764e-07 3.36213e-07 2.24874e-07 1.5131e-07 1.04785e-07 7.8261e-08 
8.3958e-08 8.83911e-08 1.11245e-07 1.56426e-07 2.31224e-07 3.47168e-07 5.21215e-07 7.77362e-07 1.14876e-06 1.68033e-06 2.43202e-06 3.48257e-06 4.9339e-06 6.91605e-06 9.59243e-06 1.31654e-05 1.78815e-05 2.40366e-05 3.19802e-05 4.21174e-05 5.49102e-05 7.08751e-05 9.05779e-05 0.000114625 0.000143648 0.00017829 0.000219181 0.000266909 0.000321997 0.000384863 0.000455795 0.00053491 0.00062213 0.000717155 0.000819441 0.00092819 0.00104235 0.00116061 0.00128146 0.00140315 0.00152381 0.00164142 0.00175394 0.0018593 0.00195552 0.00204071 0.00211318 0.00217146 0.00221435 0.00224097 0.00225075 0.00224352 0.00221941 0.00217894 0.00212296 0.00205263 0.00196939 0.00187491 0.00177103 0.00165974 0.00154308 0.0014231 0.0013018 0.00118109 0.00106269 0.000948166 0.000838829 0.000735764 0.000639796 0.000551501 0.000471212 0.000399039 0.000334894 0.00027852 0.000229524 0.000187408 0.000151601 0.000121488 9.64384e-05 7.58259e-05 5.90478e-05 4.55381e-05 3.47776e-05 2.62994e-05 1.96918e-05 1.45978e-05 1.07133e-05 7.78339e-06 5.59754e-06 3.98463e-06 2.80754e-06 1.95797e-06 1.35161e-06 9.23746e-07 6.25418e-07 4.20134e-07 2.81156e-07 1.89295e-07 1.31196e-07 9.81025e-08 
1.17854e-07 1.24274e-07 1.56426e-07 2.1975e-07 3.24363e-07 4.86225e-07 7.28752e-07 1.08501e-06 1.60055e-06 2.33695e-06 3.37613e-06 4.82539e-06 6.82322e-06 9.54572e-06 1.32135e-05 1.80987e-05 2.4532e-05 3.29087e-05 4.36936e-05 5.74238e-05 7.47092e-05 9.62285e-05 0.000122722 0.000154978 0.000193817 0.000240065 0.000294524 0.000357942 0.00043097 0.000514122 0.000607734 0.000711923 0.000826545 0.00095117 0.00108506 0.00122713 0.00137601 0.00152998 0.00168705 0.00184497 0.00200132 0.00215353 0.00229895 0.00243497 0.00255905 0.00266879 0.00276205 0.00283698 0.00289205 0.00292615 0.00293858 0.0029291 0.00289791 0.00284565 0.0027734 0.00268263 0.00257517 0.00245314 0.00231888 0.00217493 0.00202389 0.00186839 0.001711 0.00155416 0.00140011 0.00125088 0.00110819 0.000973451 0.000847778 0.000731942 0.000626411 0.000531364 0.000446721 0.000372182 0.000307262 0.000251341 0.000203694 0.000163538 0.000130061 0.000102455 7.99339e-05 6.1761e-05 4.72548e-05 3.58008e-05 2.68549e-05 1.99438e-05 1.46627e-05 1.06713e-05 7.68756e-06 5.48161e-06 3.86863e-06 2.7023e-06 1.86835e-06 1.27887e-06 8.67166e-07 5.83419e-07 3.91046e-07 2.63746e-07 1.8318e-07 1.37318e-07 
1.74008e-07 1.8375e-07 2.31224e-07 3.24363e-07 4.77869e-07 7.14876e-07 1.06923e-06 1.5886e-06 2.33847e-06 3.40708e-06 4.91146e-06 7.0044e-06 9.88242e-06 1.37945e-05 1.90516e-05 2.60356e-05 3.52089e-05 4.71219e-05 6.24192e-05 8.18426e-05 0.00010623 0.00013651 0.000173689 0.000218836 0.000273052 0.000337439 0.000413064 0.000500902 0.000601796 0.000716394 0.000845095 0.000987997 0.00114485 0.00131502 0.00149743 0.00169061 0.00189264 0.00210118 0.00231354 0.00252671 0.00273741 0.00294223 0.00313765 0.0033202 0.00348652 0.00363347 0.00375822 0.00385833 0.00393182 0.00397722 0.00399363 0.00398072 0.00393877 0.00386863 0.00377172 0.00364996 0.00350576 0.00334192 0.00316153 0.00296794 0.0027646 0.002555 0.00234258 0.00213059 0.00192207 0.00171972 0.0015259 0.00134256 0.00117122 0.00101297 0.000868498 0.0007381 0.00062172 0.000519 0.000429331 0.000351908 0.000285786 0.000229925 0.000183243 0.000144652 0.000113094 8.75671e-05 6.7141e-05 5.09737e-05 3.83162e-05 2.85145e-05 2.10069e-05 1.53195e-05 1.10583e-05 7.9007e-06 5.58678e-06 3.90996e-06 2.70845e-06 1.85738e-06 1.26179e-06 8.50528e-07 5.71214e-07 3.86108e-07 2.68852e-07 2.0213e-07 
2.61073e-07 2.76031e-07 3.47168e-07 4.86225e-07 7.14876e-07 1.06714e-06 1.59266e-06 2.36114e-06 3.46806e-06 5.04173e-06 7.25172e-06 1.03187e-05 1.45255e-05 2.02293e-05 2.78742e-05 3.80039e-05 5.1274e-05 6.84617e-05 9.04732e-05 0.000118347 0.000153249 0.000196469 0.000249393 0.000313485 0.000390247 0.000481169 0.000587678 0.000711069 0.000852438 0.00101261 0.00119205 0.00139081 0.00160847 0.00184408 0.0020961 0.00236243 0.0026404 0.0029268 0.00321791 0.00350963 0.00379752 0.00407694 0.00434318 0.00459157 0.0048176 0.00501709 0.00518627 0.00532188 0.00542131 0.00548261 0.00550458 0.0054868 0.00542964 0.00533423 0.00520246 0.0050369 0.00484076 0.00461776 0.00437205 0.00410811 0.00383057 0.00354415 0.00325347 0.00296295 0.00267673 0.00239852 0.00213155 0.00187853 0.00164161 0.00142235 0.00122175 0.00104029 0.00087798 0.000734386 0.000608742 0.0005 0.000406903 0.000328061 0.000262012 0.000207276 0.000162406 0.000126019 9.68311e-05 7.36722e-05 5.54966e-05 4.13875e-05 3.05548e-05 2.23289e-05 1.61512e-05 1.1563e-05 8.19297e-06 5.74536e-06 3.9877e-06 2.74002e-06 1.86505e-06 1.25966e-06 8.47758e-07 5.74357e-07 4.00995e-07 3.02373e-07 
3.91779e-07 4.14677e-07 5.21215e-07 7.28752e-07 1.06923e-06 1.59266e-06 2.3718e-06 3.50857e-06 5.14215e-06 7.45901e-06 1.07048e-05 1.51981e-05 2.13458e-05 2.966e-05 4.07751e-05 5.54649e-05 7.46582e-05 9.94522e-05 0.00013112 0.000171115 0.000221062 0.000282744 0.000358074 0.000449056 0.000557733 0.000686118 0.000836117 0.00100944 0.00120752 0.00143137 0.00168154 0.001958 0.00226003 0.00258623 0.00293439 0.00330156 0.00368401 0.0040773 0.00447634 0.00487553 0.00526886 0.00565005 0.00601275 0.0063507 0.00665787 0.00692868 0.0071581 0.00734182 0.00747636 0.00755913 0.00758858 0.00756413 0.00748628 0.00735655 0.00717744 0.00695238 0.00668563 0.00638216 0.00604753 0.0056877 0.00530893 0.00491754 0.00451977 0.00412164 0.00372876 0.00334622 0.00297847 0.00262928 0.00230164 0.0019978 0.00171922 0.00146668 0.00124026 0.00103949 0.0008634 0.000710634 0.000579529 0.000468228 0.000374756 0.000297103 0.000233286 0.000181408 0.000139691 0.000106509 8.0403e-05 6.00889e-05 4.44547e-05 3.25545e-05 2.35964e-05 1.69277e-05 1.20184e-05 8.44488e-06 5.87299e-06 4.0434e-06 2.75765e-06 1.86628e-06 1.25866e-06 8.54721e-07 5.98319e-07 4.52482e-07 
5.84164e-07 6.1891e-07 7.77362e-07 1.08501e-06 1.5886e-06 2.36114e-06 3.50857e-06 5.17888e-06 7.5736e-06 1.09618e-05 1.5697e-05 2.2236e-05 3.11603e-05 4.3199e-05 5.9252e-05 8.04128e-05 0.000107989 0.000143518 0.000188777 0.000245783 0.000316784 0.000404231 0.000510741 0.000639037 0.000791875 0.00097195 0.00118179 0.00142363 0.0016993 0.00201006 0.0023565 0.00273842 0.0031547 0.00360326 0.00408098 0.00458371 0.00510631 0.00564269 0.00618592 0.00672842 0.00726208 0.00777851 0.0082692 0.00872582 0.00914037 0.00950545 0.00981441 0.0100616 0.0102424 0.0103534 0.0103926 0.0103593 0.0102541 0.0100789 0.00983721 0.00953343 0.00917322 0.00876315 0.00831059 0.00782347 0.0073101 0.00677895 0.00623839 0.0056965 0.00516087 0.00463843 0.00413526 0.00365655 0.00320648 0.00278822 0.00240391 0.00205472 0.00174094 0.00146205 0.00121687 0.00100364 0.000820199 0.000664081 0.000532646 0.000423182 0.000332999 0.000259504 0.000200257 0.000153015 0.000115757 8.66939e-05 6.42725e-05 4.71655e-05 3.42576e-05 2.46262e-05 1.75197e-05 1.23351e-05 8.59552e-06 5.92949e-06 4.052e-06 2.74778e-06 1.85709e-06 1.26402e-06 8.87175e-07 6.72855e-07 
8.63166e-07 9.15319e-07 1.14876e-06 1.60055e-06 2.33847e-06 3.46806e-06 5.14215e-06 7.5736e-06 1.10514e-05 1.59603e-05 2.28039e-05 3.22311e-05 4.5065e-05 6.23336e-05 8.53011e-05 0.000115498 0.000154746 0.000205178 0.000269251 0.000349738 0.000449713 0.000572513 0.000721677 0.000900866 0.00111376 0.00136391 0.00165465 0.00198884 0.00236878 0.00279599 0.00327107 0.00379351 0.00436161 0.00497233 0.00562131 0.00630281 0.00700978 0.00773397 0.00846605 0.00919585 0.00991259 0.0106051 0.0112622 0.0118729 0.0124266 0.0129137 0.0133256 0.0136547 0.0138952 0.0140427 0.0140944 0.0140494 0.0139087 0.0136748 0.013352 0.0129462 0.0124648 0.0119164 0.0113106 0.0106579 0.00996916 0.00925564 0.00852842 0.00779825 0.0070753 0.00636887 0.00568721 0.00503739 0.00442518 0.00385501 0.00332995 0.00285178 0.00242109 0.00203739 0.00169923 0.00140442 0.00115016 0.000933232 0.000750139 0.000597267 0.000471004 0.000367845 0.000284477 0.000217836 0.000165148 0.000123948 9.20865e-05 6.77183e-05 4.9288e-05 3.55039e-05 2.53099e-05 1.78559e-05 1.24675e-05 8.61758e-06 5.90068e-06 4.00954e-06 2.71562e-06 1.85269e-06 1.30377e-06 9.91615e-07 
1.26262e-06 1.34e-06 1.68033e-06 2.33695e-06 3.40708e-06 5.04173e-06 7.45901e-06 1.09618e-05 1.59603e-05 2.29986e-05 3.27868e-05 4.62366e-05 6.45004e-05 8.90121e-05 0.000121529 0.000164167 0.00021944 0.000290274 0.000380023 0.000492457 0.000631733 0.000802337 0.001009 0.00125658 0.00154992 0.00189367 0.00229209 0.00274883 0.00326674 0.00384756 0.00449181 0.00519851 0.00596509 0.00678725 0.00765891 0.00857223 0.00951768 0.0104842 0.0114594 0.0124298 0.0133812 0.0142991 0.0151687 0.0159758 0.0167068 0.0173491 0.0178916 0.0183247 0.0186409 0.0188344 0.0189018 0.018842 0.0186561 0.0183473 0.0179214 0.0173858 0.0167501 0.0160254 0.015224 0.0143597 0.0134465 0.0124991 0.0115321 0.0105595 0.0095949 0.00865054 0.00773751 0.00686534 0.00604188 0.00527325 0.00456381 0.00391622 0.00333152 0.00280933 0.00234797 0.00194474 0.0015961 0.00129787 0.00104552 0.000834276 0.000659352 0.000516071 0.000399983 0.000306951 0.000233214 0.000175411 0.000130599 9.62429e-05 7.01964e-05 5.067e-05 3.61958e-05 2.55878e-05 1.79021e-05 1.23988e-05 8.50686e-06 5.79228e-06 3.93147e-06 2.68848e-06 1.89693e-06 1.44682e-06 
1.82773e-06 1.94119e-06 2.43202e-06 3.37613e-06 4.91146e-06 7.25172e-06 1.07048e-05 1.5697e-05 2.28039e-05 3.27868e-05 4.66357e-05 6.56173e-05 9.13268e-05 0.000125742 0.000171276 0.000230827 0.000307815 0.00040621 0.000530538 0.000685863 0.000877735 0.00111211 0.00139523 0.00173346 0.00213307 0.00260006 0.00313983 0.00375692 0.00445474 0.00523524 0.00609871 0.00704344 0.00806566 0.00915932 0.0103161 0.0115254 0.0127745 0.0140488 0.0153321 0.0166066 0.017854 0.0190555 0.0201921 0.0212455 0.0221984 0.0230348 0.0237405 0.0243033 0.0247137 0.0249645 0.0250514 0.0249729 0.0247303 0.0243281 0.0237732 0.0230753 0.0222463 0.0213005 0.0202537 0.0191233 0.0179275 0.0166851 0.0154148 0.0141352 0.0128636 0.0116164 0.010408 0.00925127 0.00815671 0.00713268 0.00618527 0.00531835 0.00453369 0.00383113 0.00320884 0.00266354 0.00219082 0.00178541 0.00144146 0.00115278 0.000913101 0.000716269 0.000556379 0.000427915 0.000325833 0.000245609 0.000183259 0.00013534 9.8922e-05 7.15551e-05 5.12212e-05 3.62841e-05 2.54373e-05 1.76534e-05 1.21366e-05 8.28086e-06 5.63275e-06 3.86098e-06 2.73144e-06 2.08915e-06 
2.61795e-06 2.78236e-06 3.48257e-06 4.82539e-06 7.0044e-06 1.03187e-05 1.51981e-05 2.2236e-05 3.22311e-05 4.62366e-05 6.56173e-05 9.21132e-05 0.000127908 0.000175697 0.000238759 0.000321009 0.000427055 0.000562214 0.000732522 0.000944694 0.00120605 0.00152439 0.00190785 0.00236463 0.00290279 0.00352989 0.00425267 0.00507666 0.00600586 0.00704232 0.00818584 0.00943369 0.0107804 0.0122176 0.0137341 0.0153157 0.0169457 0.0186049 0.0202724 0.0219254 0.0235403 0.0250931 0.0265597 0.0279172 0.0291435 0.0302186 0.0311248 0.0318468 0.0323727 0.0326936 0.0328041 0.0327024 0.0323903 0.0318731 0.0311596 0.0302618 0.0291948 0.0279764 0.0266264 0.0251668 0.0236207 0.0220118 0.0203642 0.0187014 0.017046 0.0154189 0.0138392 0.0123236 0.0108862 0.0095382 0.008288 0.00714114 0.00610044 0.00516621 0.00433653 0.00360757 0.00297394 0.00242906 0.00196554 0.00157546 0.00125073 0.000983332 0.000765547 0.000590107 0.000450334 0.000340206 0.000254399 0.000188286 0.000137917 9.99743e-05 7.1715e-05 5.09072e-05 3.57626e-05 2.48699e-05 1.7133e-05 1.17143e-05 7.9857e-06 5.48686e-06 3.89199e-06 2.98509e-06 
3.71036e-06 3.94585e-06 4.9339e-06 6.82322e-06 9.88242e-06 1.45255e-05 2.13458e-05 3.11603e-05 4.5065e-05 6.45004e-05 9.13268e-05 0.000127908 0.000177197 0.000242829 0.000329202 0.00044155 0.000585999 0.000769592 0.00100028 0.00128684 0.00163883 0.00206633 0.00257977 0.00318961 0.00390601 0.00473837 0.00569494 0.00678234 0.00800506 0.00936509 0.0108614 0.0124899 0.0142426 0.0161083 0.0180719 0.0201149 0.0222155 0.024349 0.0264885 0.0286053 0.0306694 0.0326506 0.0345189 0.0362456 0.0378033 0.0391674 0.0403159 0.0412301 0.0418952 0.0423005 0.0424393 0.0423095 0.0419131 0.0412568 0.0403514 0.0392117 0.0378562 0.0363069 0.0345884 0.032728 0.0307545 0.0286975 0.0265874 0.0244538 0.0223254 0.0202291 0.0181893 0.0162277 0.0143629 0.0126097 0.0109797 0.00948041 0.00811634 0.00688854 0.00579517 0.0048319 0.00399231 0.00326832 0.00265073 0.00212955 0.0016945 0.00133529 0.00104193 0.000804979 0.000615699 0.000466174 0.000349369 0.000259144 0.000190233 0.000138194 9.93424e-05 7.06671e-05 4.97474e-05 3.46669e-05 2.39318e-05 1.63974e-05 1.12028e-05 7.71581e-06 5.48766e-06 4.22061e-06 
5.20349e-06 5.53687e-06 6.91605e-06 9.54572e-06 1.37945e-05 2.02293e-05 2.966e-05 4.3199e-05 6.23336e-05 8.90121e-05 0.000125742 0.000175697 0.000242829 0.000331979 0.000448982 0.000600751 0.000795339 0.00104196 0.00135094 0.00173367 0.00220239 0.00276999 0.00344968 0.0042546 0.00519733 0.0062894 0.00754071 0.00895896 0.010549 0.0123125 0.0142473 0.0163468 0.0186005 0.0209929 0.0235044 0.0261108 0.0287842 0.0314933 0.034204 0.0368803 0.0394849 0.0419803 0.0443297 0.0464976 0.0484508 0.050159 0.0515956 0.052738 0.0535683 0.0540735 0.0542457 0.0540821 0.0535855 0.0527638 0.0516301 0.0502022 0.0485027 0.0465583 0.0443991 0.0420584 0.0395714 0.0369751 0.0343068 0.0316035 0.0289011 0.0262336 0.023632 0.0211242 0.0187341 0.0164813 0.0143812 0.0124444 0.0106775 0.00908264 0.00765845 0.00640018 0.00530035 0.00434928 0.00353567 0.00284716 0.0022708 0.00179359 0.00140279 0.00108628 0.000832755 0.000631949 0.000474673 0.000352872 0.000259608 0.000189002 0.000136158 9.70621e-05 6.84726e-05 4.78155e-05 3.30779e-05 2.27124e-05 1.55519e-05 1.07371e-05 7.65694e-06 5.90525e-06 
7.22139e-06 7.68795e-06 9.59243e-06 1.32135e-05 1.90516e-05 2.78742e-05 4.07751e-05 5.9252e-05 8.53011e-05 0.000121529 0.000171276 0.000238759 0.000329202 0.000448982 0.000605751 0.000808532 0.00106779 0.00139542 0.0018047 0.00231018 0.00292739 0.00367257 0.00456222 0.00561257 0.00683902 0.00825543 0.00987344 0.0117017 0.0137454 0.0160052 0.0184771 0.0211518 0.0240147 0.0270455 0.0302185 0.0335028 0.0368632 0.0402602 0.0436514 0.0469924 0.0502372 0.0533403 0.0562566 0.0589434 0.0613605 0.0634718 0.0652454 0.0666543 0.0676773 0.0682989 0.0685097 0.0683065 0.0676927 0.0666775 0.0652765 0.0635111 0.0614082 0.0589997 0.0563219 0.0534147 0.050321 0.0470854 0.0437538 0.0403715 0.036983 0.0336304 0.0303529 0.0271856 0.0241591 0.021299 0.0186253 0.0161528 0.0138907 0.0118431 0.0100093 0.0083844 0.00696001 0.0057247 0.00466487 0.00376539 0.00301029 0.0023833 0.0018684 0.00145021 0.00111433 0.000847573 0.000638083 0.00047542 0.000350545 0.000255769 0.000184659 0.000131919 9.32604e-05 6.52628e-05 4.52431e-05 3.11323e-05 2.13653e-05 1.47866e-05 1.05731e-05 8.17658e-06 
9.91796e-06 1.05635e-05 1.31654e-05 1.80987e-05 2.60356e-05 3.80039e-05 5.54649e-05 8.04128e-05 0.000115498 0.000164167 0.000230827 0.000321009 0.00044155 0.000600751 0.000808532 0.00107654 0.00141819 0.00184869 0.00238491 0.00304516 0.00384892 0.00481637 0.00596782 0.00732307 0.00890062 0.0107168 0.0127851 0.0151149 0.0177111 0.020573 0.0236941 0.0270613 0.0306547 0.034448 0.0384081 0.0424962 0.046668 0.0508747 0.0550644 0.0591825 0.0631739 0.0669832 0.0705569 0.0738438 0.0767965 0.0793721 0.0815331 0.0832481 0.0844921 0.0852469 0.0855017 0.0852529 0.0845042 0.0832666 0.0815582 0.0794043 0.0768362 0.0738916 0.0706133 0.0670489 0.0632493 0.0592683 0.0551606 0.0509816 0.0467853 0.0426235 0.0385446 0.0345927 0.0308062 0.027218 0.0238542 0.0207345 0.0178719 0.0152732 0.0129388 0.0108643 0.00904033 0.00745374 0.00608849 0.00492639 0.00394795 0.00313317 0.00246212 0.00191557 0.00147537 0.00112479 0.000848735 0.000633813 0.000468386 0.000342509 0.000247826 0.000177429 0.000125703 8.81535e-05 6.12424e-05 4.2233e-05 2.90491e-05 2.01537e-05 1.44495e-05 1.12048e-05 
1.34812e-05 1.43645e-05 1.78815e-05 2.4532e-05 3.52089e-05 5.1274e-05 7.46582e-05 0.000107989 0.000154746 0.00021944 0.000307815 0.000427055 0.000585999 0.000795339 0.00106779 0.00141819 0.00186359 0.00242316 0.00311804 0.00397106 0.00500631 0.00624851 0.00772235 0.00945158 0.0114581 0.0137607 0.0163746 0.0193097 0.0225699 0.0261526 0.0300475 0.0342365 0.0386935 0.0433844 0.0482676 0.0532944 0.0584102 0.0635555 0.0686672 0.0736799 0.0785276 0.0831447 0.087468 0.0914375 0.0949978 0.0980992 0.100698 0.102759 0.104252 0.105156 0.105461 0.10516 0.104259 0.10277 0.100714 0.0981206 0.0950252 0.0914717 0.0875101 0.0831957 0.0785885 0.0737517 0.0687507 0.0636512 0.0585183 0.0534149 0.0484001 0.043528 0.0388469 0.0343981 0.0302154 0.0263247 0.0227439 0.0194831 0.0165452 0.0139263 0.0116166 0.00960136 0.00786199 0.00637697 0.00512292 0.00407553 0.00321039 0.00250372 0.00193295 0.00147711 0.00111718 0.0008362 0.000619354 0.000453922 0.000329167 0.000236181 0.000167689 0.00011785 8.2049e-05 5.6705e-05 3.90922e-05 2.71881e-05 1.95453e-05 1.51972e-05 
1.81374e-05 1.93325e-05 2.40366e-05 3.29087e-05 4.71219e-05 6.84617e-05 9.94522e-05 0.000143518 0.000205178 0.000290274 0.00040621 0.000562214 0.000769592 0.00104196 0.00139542 0.00184869 0.00242316 0.00314271 0.00403354 0.00512376 0.00644273 0.00802039 0.00988628 0.0120684 0.0145923 0.0174793 0.0207458 0.0244016 0.0284494 0.032883 0.0376875 0.0428385 0.0483018 0.0540342 0.0599837 0.0660904 0.0722878 0.0785041 0.0846639 0.0906897 0.0965036 0.102029 0.107193 0.111926 0.116164 0.11985 0.122935 0.125379 0.127147 0.128218 0.128576 0.128218 0.127148 0.125381 0.122939 0.119857 0.116174 0.111941 0.107215 0.102059 0.0965431 0.0907403 0.0847269 0.0785808 0.0723789 0.0661964 0.0601046 0.0541695 0.0484504 0.042999 0.037858 0.0330611 0.0286326 0.0245873 0.020931 0.0176615 0.0147689 0.0122372 0.0100453 0.00816812 0.00657808 0.00524606 0.00414254 0.00323852 0.00250624 0.00191976 0.00145538 0.00109187 0.000810578 0.000595414 0.000432736 0.000311176 0.000221417 0.000155945 0.000108807 7.53626e-05 5.20738e-05 3.6306e-05 2.61701e-05 2.04027e-05 
2.41542e-05 2.57534e-05 3.19802e-05 4.36936e-05 6.24192e-05 9.04732e-05 0.00013112 0.000188777 0.000269251 0.000380023 0.000530538 0.000732522 0.00100028 0.00135094 0.0018047 0.00238491 0.00311804 0.00403354 0.0051635 0.00654203 0.00820454 0.0101867 0.0125235 0.0152473 0.0183873 0.0219672 0.0260041 0.0305071 0.0354762 0.0409009 0.0467599 0.0530209 0.0596402 0.0665635 0.0737267 0.081057 0.0884745 0.0958937 0.103226 0.11038 0.117266 0.123796 0.129886 0.135457 0.140437 0.144763 0.148378 0.151238 0.153306 0.154557 0.154974 0.154553 0.153299 0.151229 0.148367 0.144751 0.140426 0.135448 0.129882 0.123798 0.117277 0.110402 0.10326 0.0959428 0.0885398 0.0811397 0.0738273 0.0666821 0.0597761 0.0531729 0.0469262 0.0410791 0.0356636 0.0307007 0.0262006 0.0221635 0.0185803 0.0154342 0.0127016 0.010354 0.00835933 0.00668321 0.00529043 0.00414604 0.00321634 0.0024696 0.00187665 0.00141122 0.00105007 0.000773092 0.000563131 0.00040584 0.000289407 0.000204274 0.000142836 9.91508e-05 6.86683e-05 4.7994e-05 3.46876e-05 2.71147e-05 
3.1843e-05 3.396e-05 4.21174e-05 5.74238e-05 8.18426e-05 0.000118347 0.000171115 0.000245783 0.000349738 0.000492457 0.000685863 0.000944694 0.00128684 0.00173367 0.00231018 0.00304516 0.00397106 0.00512376 0.00654203 0.00826682 0.0103403 0.0128044 0.0156996 0.0190633 0.0229278 0.0273187 0.0322534 0.0377391 0.0437717 0.050335 0.0573997 0.0649237 0.0728517 0.0811167 0.0896407 0.0983362 0.107109 0.115857 0.124479 0.132869 0.140925 0.148546 0.155638 0.162113 0.167891 0.172902 0.177085 0.180389 0.182777 0.184218 0.184698 0.18421 0.182761 0.180366 0.177056 0.172868 0.167855 0.162076 0.155602 0.148514 0.1409 0.132854 0.124476 0.11587 0.107139 0.0983861 0.0897115 0.0812091 0.0729657 0.0650584 0.0575536 0.0505058 0.0439566 0.0379349 0.0324566 0.0275255 0.0231344 0.0192663 0.0158957 0.0129907 0.0105147 0.00842753 0.00668787 0.00525415 0.00408593 0.00314488 0.00239551 0.00180563 0.00134668 0.00099373 0.000725481 0.000524007 0.000374494 0.000264908 0.000185637 0.000129146 8.96483e-05 6.28122e-05 4.55184e-05 3.5674e-05 
4.15601e-05 4.43324e-05 5.49102e-05 7.47092e-05 0.00010623 0.000153249 0.000221062 0.000316784 0.000449713 0.000631733 0.000877735 0.00120605 0.00163883 0.00220239 0.00292739 0.00384892 0.00500631 0.00644273 0.00820454 0.0103403 0.0128993 0.0159305 0.0194802 0.0235902 0.028296 0.0336244 0.0395917 0.0462021 0.0534462 0.0612999 0.0697241 0.0786646 0.0880531 0.0978074 0.107834 0.118029 0.128282 0.138476 0.148493 0.158214 0.167523 0.176308 0.184465 0.191897 0.198516 0.204247 0.209024 0.212794 0.215515 0.217156 0.217701 0.217143 0.215489 0.212756 0.208976 0.204189 0.19845 0.191826 0.184392 0.176236 0.167455 0.158154 0.148445 0.138444 0.128268 0.118037 0.107865 0.0978636 0.0881351 0.0787723 0.0698563 0.0614547 0.0536209 0.0463933 0.0397955 0.0338366 0.0285123 0.0238064 0.0196922 0.0161349 0.0130929 0.0105206 0.00836986 0.00659193 0.00513889 0.00396495 0.00302742 0.00228735 0.00170993 0.00126468 0.000925383 0.000669886 0.000479805 0.000340144 0.00023888 0.000166555 0.000115882 8.1393e-05 5.91397e-05 4.64691e-05 
5.37049e-05 5.72971e-05 7.08751e-05 9.62285e-05 0.00013651 0.000196469 0.000282744 0.000404231 0.000572513 0.000802337 0.00111211 0.00152439 0.00206633 0.00276999 0.00367257 0.00481637 0.00624851 0.00802039 0.0101867 0.0128044 0.0159305 0.0196211 0.0239282 0.0288981 0.0345686 0.0409667 0.0481067 0.0559878 0.0645933 0.0738895 0.0838253 0.0943324 0.105327 0.11671 0.12837 0.140187 0.152031 0.163771 0.175271 0.186399 0.197026 0.20703 0.216296 0.22472 0.232209 0.238682 0.24407 0.248316 0.251377 0.253222 0.253833 0.253204 0.25134 0.248262 0.243999 0.238597 0.232112 0.224613 0.216182 0.206913 0.196911 0.186289 0.175171 0.163685 0.151964 0.140142 0.128351 0.116719 0.105366 0.0944027 0.0839257 0.0740187 0.0647488 0.0561661 0.0483039 0.0411782 0.0347895 0.0291235 0.0241532 0.0198413 0.016142 0.0130038 0.0103716 0.00818894 0.00639968 0.00494979 0.0037885 0.00286918 0.00214991 0.00159376 0.00116882 0.000848002 0.00060872 0.000432476 0.000304387 0.000212698 0.000148326 0.000104437 7.6083e-05 5.99343e-05 
6.87167e-05 7.33225e-05 9.05779e-05 0.000122722 0.000173689 0.000249393 0.000358074 0.000510741 0.000721677 0.001009 0.00139523 0.00190785 0.00257977 0.00344968 0.00456222 0.00596782 0.00772235 0.00988628 0.0125235 0.0156996 0.0194802 0.0239282 0.0291015 0.0350501 0.0418131 0.0494166 0.057871 0.0671689 0.0772843 0.0881713 0.0997644 0.111979 0.124714 0.137851 0.15126 0.164801 0.178329 0.191692 0.204741 0.21733 0.229318 0.240572 0.250971 0.260403 0.268771 0.275991 0.281991 0.286713 0.290115 0.292163 0.29284 0.292139 0.290067 0.286643 0.281899 0.275879 0.268642 0.260259 0.250815 0.240409 0.229151 0.217165 0.204584 0.191547 0.178201 0.164697 0.151182 0.137804 0.124701 0.112001 0.0998226 0.0882646 0.0774108 0.0673254 0.0580534 0.0496201 0.0420323 0.0352794 0.0293354 0.0241613 0.0197075 0.015917 0.0127274 0.0100742 0.00789261 0.00611946 0.00469507 0.00356423 0.00267697 0.00198906 0.00146203 0.0010631 0.000764807 0.000544556 0.000384105 0.000268995 0.000188015 0.000132705 9.69283e-05 7.65461e-05 
8.70677e-05 9.29122e-05 0.000114625 0.000154978 0.000218836 0.000313485 0.000449056 0.000639037 0.000900866 0.00125658 0.00173346 0.00236463 0.00318961 0.0042546 0.00561257 0.00732307 0.00945158 0.0120684 0.0152473 0.0190633 0.0235902 0.0288981 0.0350501 0.0420988 0.0500839 0.0590287 0.0689378 0.0797952 0.0915627 0.10418 0.117565 0.131615 0.146207 0.161204 0.176456 0.191803 0.207079 0.222118 0.236756 0.250832 0.264196 0.276707 0.288236 0.298669 0.307905 0.315859 0.322458 0.327646 0.331378 0.333623 0.334364 0.333595 0.33132 0.327561 0.322346 0.315721 0.307745 0.298488 0.288038 0.276495 0.263976 0.25061 0.236537 0.221908 0.206885 0.19163 0.176311 0.161092 0.146131 0.131579 0.117571 0.104227 0.0916499 0.07992 0.0690964 0.0592161 0.0502944 0.0423262 0.0352879 0.0291401 0.0238305 0.0192966 0.0154692 0.0122754 0.00964103 0.00749343 0.00576314 0.00438546 0.00330149 0.00245874 0.00181136 0.00132005 0.000951739 0.000679127 0.000480063 0.000336933 0.000236037 0.000167004 0.000122294 9.68152e-05 
0.000109253 0.000116594 0.000143648 0.000193817 0.000273052 0.000390247 0.000557733 0.000791875 0.00111376 0.00154992 0.00213307 0.00290279 0.00390601 0.00519733 0.00683902 0.00890062 0.0114581 0.0145923 0.0183873 0.0229278 0.028296 0.0345686 0.0418131 0.0500839 0.0594194 0.0698382 0.081337 0.0938883 0.10744 0.121914 0.137209 0.153201 0.169747 0.186687 0.203849 0.221053 0.238115 0.254852 0.271086 0.286646 0.301372 0.315118 0.32775 0.339152 0.349224 0.35788 0.36505 0.370678 0.374723 0.377155 0.377956 0.377121 0.374657 0.37058 0.36492 0.357719 0.349035 0.338937 0.327512 0.314861 0.301101 0.286367 0.270805 0.254576 0.237851 0.220808 0.203631 0.186503 0.169601 0.153098 0.137152 0.121904 0.107478 0.0939715 0.0814621 0.0700006 0.0596131 0.0503023 0.042049 0.0348148 0.0285456 0.0231744 0.0186254 0.0148172 0.0116663 0.00908984 0.00700781 0.00534525 0.00403345 0.00301075 0.00222303 0.00162365 0.00117319 0.000838952 0.000594317 0.000418032 0.000293511 0.000208167 0.000152824 0.000121275 
0.000135779 0.000144907 0.00017829 0.000240065 0.000337439 0.000481169 0.000686118 0.00097195 0.00136391 0.00189367 0.00260006 0.00352989 0.00473837 0.0062894 0.00825543 0.0107168 0.0137607 0.0174793 0.0219672 0.0273187 0.0336244 0.0409667 0.0494166 0.0590287 0.0698382 0.0818569 0.0950708 0.109439 0.124891 0.14133 0.158634 0.176653 0.195223 0.214159 0.233268 0.252349 0.271201 0.289626 0.307432 0.32444 0.340483 0.355412 0.369092 0.381408 0.39226 0.401568 0.409264 0.415296 0.419626 0.422228 0.423084 0.422191 0.419553 0.415187 0.409119 0.401388 0.392047 0.381163 0.368819 0.355114 0.340165 0.324107 0.307091 0.289284 0.270867 0.252031 0.232973 0.213897 0.195 0.176475 0.158505 0.141255 0.12487 0.10947 0.095153 0.0819851 0.0700067 0.0592306 0.049644 0.0412117 0.0338789 0.0275753 0.022219 0.0177206 0.013987 0.0109246 0.00844261 0.0064549 0.00488209 0.00365253 0.00270294 0.00197851 0.00143269 0.00102672 0.000728882 0.000513788 0.00036155 0.00025703 0.000189167 0.000150469 
0.000167142 0.000178378 0.000219181 0.000294524 0.000413064 0.000587678 0.000836117 0.00118179 0.00165465 0.00229209 0.00313983 0.00425267 0.00569494 0.00754071 0.00987344 0.0127851 0.0163746 0.0207458 0.0260041 0.0322534 0.0395917 0.0481067 0.057871 0.0689378 0.081337 0.0950708 0.110112 0.126403 0.143854 0.162346 0.181729 0.201834 0.222467 0.243421 0.264481 0.285426 0.306038 0.326105 0.345425 0.363813 0.381098 0.39713 0.411776 0.424925 0.436482 0.446373 0.454535 0.460924 0.465504 0.468254 0.469159 0.468215 0.465427 0.460808 0.454381 0.44618 0.436252 0.424658 0.411475 0.396797 0.380739 0.363432 0.34503 0.325702 0.305636 0.285035 0.26411 0.243079 0.222162 0.201575 0.181523 0.162196 0.143765 0.126374 0.110142 0.0951557 0.0814716 0.0691151 0.0580827 0.0483442 0.039846 0.0325158 0.0262666 0.0210013 0.0166175 0.0130108 0.0100788 0.007724 0.00585543 0.00439065 0.00325638 0.00238881 0.00173351 0.00124493 0.000885654 0.000625627 0.000441221 0.000314401 0.000231958 0.000184929 
0.000203814 0.00021751 0.000266909 0.000357942 0.000500902 0.000711069 0.00100944 0.00142363 0.00198884 0.00274883 0.00375692 0.00507666 0.00678234 0.00895896 0.0117017 0.0151149 0.0193097 0.0244016 0.0305071 0.0377391 0.0462021 0.0559878 0.0671689 0.0797952 0.0938883 0.109439 0.126403 0.144704 0.164229 0.184833 0.206343 0.228558 0.251263 0.274225 0.297205 0.319966 0.342273 0.363902 0.384646 0.404313 0.422735 0.439762 0.455268 0.469148 0.481316 0.491704 0.500261 0.506947 0.511735 0.514608 0.515553 0.514569 0.511657 0.506829 0.500103 0.491505 0.481076 0.468867 0.454948 0.439405 0.422344 0.403893 0.384203 0.363444 0.341809 0.319505 0.296759 0.273803 0.250876 0.228216 0.206053 0.184604 0.164064 0.144606 0.126372 0.109472 0.0939804 0.0799397 0.0673576 0.0562113 0.0464506 0.0380027 0.0307767 0.0246688 0.0195673 0.0153573 0.0119248 0.00915994 0.00695985 0.00523047 0.00388775 0.00285811 0.00207847 0.00149577 0.00106632 0.000754829 0.000533495 0.000381024 0.000281785 0.000225156 
0.000246212 0.000262746 0.000321997 0.00043097 0.000601796 0.000852438 0.00120752 0.0016993 0.00236878 0.00326674 0.00445474 0.00600586 0.00800506 0.010549 0.0137454 0.0177111 0.0225699 0.0284494 0.0354762 0.0437717 0.0534462 0.0645933 0.0772843 0.0915627 0.10744 0.124891 0.143854 0.164229 0.185878 0.208628 0.232277 0.2566 0.281351 0.306274 0.331111 0.355604 0.379507 0.402588 0.424633 0.445452 0.464878 0.48277 0.499008 0.513498 0.526166 0.536954 0.545822 0.552739 0.557687 0.560653 0.561629 0.560615 0.557611 0.552624 0.545666 0.536757 0.525925 0.513214 0.49868 0.482399 0.464467 0.445004 0.424154 0.402085 0.378989 0.355081 0.330594 0.305776 0.280882 0.256173 0.231902 0.208314 0.185631 0.164055 0.143754 0.124864 0.107481 0.0916667 0.0774425 0.0647961 0.0536829 0.0440316 0.0357487 0.0287249 0.02284 0.0179687 0.0139852 0.0107673 0.00819958 0.00617577 0.0046003 0.00338912 0.00246975 0.00178101 0.00127225 0.000902465 0.000639198 0.000457542 0.000339167 0.000271594 
0.000294682 0.000314449 0.000384863 0.000514122 0.000716394 0.00101261 0.00143137 0.00201006 0.00279599 0.00384756 0.00523524 0.00704232 0.00936509 0.0123125 0.0160052 0.020573 0.0261526 0.032883 0.0409009 0.050335 0.0612999 0.0738895 0.0881713 0.10418 0.121914 0.14133 0.162346 0.184833 0.208628 0.233528 0.259301 0.285694 0.312432 0.339239 0.365834 0.391945 0.417315 0.441707 0.464905 0.486723 0.507001 0.525606 0.542432 0.557398 0.570442 0.581522 0.59061 0.597686 0.602741 0.605768 0.606766 0.605734 0.60267 0.597578 0.590463 0.581334 0.57021 0.55712 0.542108 0.525234 0.506582 0.486261 0.464403 0.441171 0.416755 0.39137 0.365255 0.33867 0.311887 0.285184 0.258841 0.233127 0.208297 0.184578 0.162171 0.141236 0.121897 0.104236 0.0882918 0.0740648 0.0615187 0.0505858 0.041172 0.0331634 0.0264324 0.0208439 0.0162605 0.0125474 0.00957634 0.00722836 0.00539582 0.00398346 0.00290879 0.00210184 0.00150444 0.00106932 0.000758954 0.000544455 0.000404514 0.000324601 
0.000349464 0.000372874 0.000455795 0.000607734 0.000845095 0.00119205 0.00168154 0.0023565 0.00327107 0.00449181 0.00609871 0.00818584 0.0108614 0.0142473 0.0184771 0.0236941 0.0300475 0.0376875 0.0467599 0.0573997 0.0697241 0.0838253 0.0997644 0.117565 0.137209 0.158634 0.181729 0.206343 0.232277 0.259301 0.287152 0.315545 0.344183 0.372763 0.400989 0.428576 0.455258 0.480796 0.504977 0.527622 0.548581 0.567735 0.584993 0.600289 0.61358 0.624839 0.634051 0.64121 0.646318 0.649375 0.650384 0.649345 0.646256 0.641116 0.63392 0.624669 0.613368 0.60003 0.584684 0.567375 0.548169 0.52716 0.504466 0.480242 0.454668 0.42796 0.400359 0.372133 0.343567 0.314958 0.286609 0.258815 0.231861 0.206004 0.181475 0.158466 0.137128 0.117566 0.0998404 0.0839665 0.0699191 0.0576361 0.047025 0.0379689 0.030334 0.023976 0.0187463 0.0144977 0.0110889 0.00838784 0.00627436 0.00464148 0.00339606 0.00245875 0.00176335 0.00125581 0.000893128 0.000642076 0.000478099 0.000384426 
0.00041067 0.000438138 0.00053491 0.000711923 0.000987997 0.00139081 0.001958 0.00273842 0.00379351 0.00519851 0.00704344 0.00943369 0.0124899 0.0163468 0.0211518 0.0270613 0.0342365 0.0428385 0.0530209 0.0649237 0.0786646 0.0943324 0.111979 0.131615 0.153201 0.176653 0.201834 0.228558 0.2566 0.285694 0.315545 0.345842 0.376261 0.406479 0.436183 0.465079 0.492897 0.519399 0.544378 0.567665 0.589125 0.608655 0.626182 0.641661 0.655066 0.666388 0.675628 0.682795 0.687901 0.690955 0.691964 0.690931 0.687852 0.682718 0.67552 0.666244 0.654882 0.641431 0.625902 0.608321 0.588734 0.567217 0.543873 0.518841 0.492293 0.464437 0.435515 0.405798 0.375584 0.345185 0.314924 0.285125 0.256098 0.228135 0.201498 0.17641 0.153051 0.131555 0.112005 0.0944336 0.0788301 0.0651404 0.0532752 0.0431169 0.0345265 0.0273516 0.021433 0.0166115 0.0127327 0.00965124 0.00723408 0.00536205 0.00393091 0.00285144 0.00204886 0.00146194 0.00104178 0.000750491 0.000560023 0.000451176 
0.00047826 0.000510192 0.00062213 0.000826545 0.00114485 0.00160847 0.00226003 0.0031547 0.00436161 0.00596509 0.00806566 0.0107804 0.0142426 0.0186005 0.0240147 0.0306547 0.0386935 0.0483018 0.0596402 0.0728517 0.0880531 0.105327 0.124714 0.146207 0.169747 0.195223 0.222467 0.251263 0.281351 0.312432 0.344183 0.376261 0.408319 0.440017 0.471027 0.50105 0.529814 0.557085 0.582668 0.606406 0.628183 0.647914 0.66555 0.681064 0.694452 0.705725 0.7149 0.722002 0.727053 0.730073 0.731072 0.730056 0.727019 0.721947 0.714819 0.705614 0.694305 0.680873 0.665309 0.647618 0.627826 0.605987 0.582184 0.556539 0.52921 0.500396 0.470335 0.439299 0.407592 0.375543 0.343492 0.311786 0.280767 0.250756 0.222048 0.1949 0.169524 0.146083 0.124684 0.105383 0.0881837 0.0730437 0.0598793 0.0485734 0.0389837 0.0309508 0.0243059 0.018878 0.0144998 0.0110129 0.00827097 0.00614243 0.00451151 0.00327867 0.00236018 0.00168721 0.0012046 0.000869525 0.000650185 0.000524793 
0.000552019 0.000588804 0.000717155 0.00095117 0.00131502 0.00184408 0.00258623 0.00360326 0.00497233 0.00678725 0.00915932 0.0122176 0.0161083 0.0209929 0.0270455 0.034448 0.0433844 0.0540342 0.0665635 0.0811167 0.0978074 0.11671 0.137851 0.161204 0.186687 0.214159 0.243421 0.274225 0.306274 0.339239 0.372763 0.406479 0.440017 0.473019 0.505151 0.536106 0.565618 0.59346 0.61945 0.64345 0.665363 0.685127 0.702714 0.718124 0.731372 0.742489 0.751512 0.758481 0.763429 0.766385 0.767366 0.766377 0.763412 0.75845 0.751464 0.742416 0.731268 0.71798 0.702523 0.68488 0.665053 0.643074 0.619003 0.592941 0.565031 0.535457 0.504449 0.472278 0.439253 0.405711 0.372011 0.338523 0.305614 0.273637 0.242921 0.213757 0.186389 0.161012 0.137761 0.116716 0.0978985 0.0812795 0.066783 0.054295 0.0436714 0.034747 0.0273444 0.0212815 0.0163786 0.0124642 0.00937883 0.00697817 0.0051347 0.00373826 0.00269581 0.00193059 0.0013809 0.000998705 0.000748259 0.000605031 
0.000631542 0.00067354 0.000819441 0.00108506 0.00149743 0.0020961 0.00293439 0.00408098 0.00562131 0.00765891 0.0103161 0.0137341 0.0180719 0.0235044 0.0302185 0.0384081 0.0482676 0.0599837 0.0737267 0.0896407 0.107834 0.12837 0.15126 0.176456 0.203849 0.233268 0.264481 0.297205 0.331111 0.365834 0.400989 0.436183 0.471027 0.505151 0.538211 0.569902 0.599964 0.628181 0.654388 0.678467 0.700343 0.71998 0.737375 0.752551 0.765546 0.776412 0.785206 0.79198 0.796783 0.799649 0.800603 0.799651 0.796783 0.791977 0.785193 0.776382 0.765491 0.752461 0.737241 0.719792 0.700091 0.678144 0.653989 0.627702 0.599407 0.569271 0.537514 0.504401 0.47024 0.435378 0.400186 0.365056 0.33038 0.296542 0.263903 0.232787 0.203476 0.176194 0.151108 0.128323 0.107882 0.0897702 0.0739228 0.0602301 0.0485481 0.0387074 0.0305228 0.0238022 0.018354 0.0139938 0.0105492 0.00786303 0.00579596 0.00422696 0.00305345 0.00219047 0.00156956 0.00113724 0.000853671 0.000691439 
0.000716222 0.000763749 0.00092819 0.00122713 0.00169061 0.00236243 0.00330156 0.00458371 0.00630281 0.00857223 0.0115254 0.0153157 0.0201149 0.0261108 0.0335028 0.0424962 0.0532944 0.0660904 0.081057 0.0983362 0.118029 0.140187 0.164801 0.191803 0.221053 0.252349 0.285426 0.319966 0.355604 0.391945 0.428576 0.465079 0.50105 0.536106 0.569902 0.602136 0.632555 0.660959 0.687204 0.711193 0.732875 0.752243 0.769316 0.784144 0.796789 0.807322 0.815819 0.822348 0.826967 0.829723 0.830642 0.829734 0.826987 0.822373 0.815843 0.807337 0.796785 0.784112 0.769245 0.752119 0.732689 0.710934 0.686865 0.660534 0.632042 0.601537 0.569225 0.535361 0.500252 0.464248 0.427734 0.391116 0.354812 0.319233 0.284774 0.251793 0.220605 0.191471 0.164586 0.140084 0.118031 0.0984293 0.0812263 0.0663192 0.0535655 0.0427931 0.0338104 0.0264161 0.0204074 0.0155875 0.0117713 0.00878904 0.00648943 0.00474053 0.00343003 0.00246468 0.00176902 0.00128403 0.000965591 0.000783351 
0.00080525 0.000858565 0.00104235 0.00137601 0.00189264 0.0026404 0.00368401 0.00510631 0.00700978 0.00951768 0.0127745 0.0169457 0.0222155 0.0287842 0.0368632 0.046668 0.0584102 0.0722878 0.0884745 0.107109 0.128282 0.152031 0.178329 0.207079 0.238115 0.271201 0.306038 0.342273 0.379507 0.417315 0.455258 0.492897 0.529814 0.565618 0.599964 0.632555 0.663151 0.691572 0.717691 0.741438 0.76279 0.781763 0.798406 0.81279 0.825003 0.835137 0.843283 0.849525 0.853933 0.856561 0.85744 0.856581 0.853972 0.849578 0.843344 0.835198 0.825054 0.812819 0.7984 0.781709 0.762676 0.741251 0.71742 0.691209 0.662693 0.632 0.599318 0.56489 0.529019 0.492054 0.454389 0.416445 0.378662 0.341478 0.305317 0.270573 0.237596 0.206678 0.17805 0.151872 0.128235 0.107163 0.0886144 0.0724962 0.0586692 0.04696 0.0371718 0.0290952 0.0225169 0.0172285 0.0130323 0.00974656 0.00720795 0.00527368 0.00382175 0.00275045 0.0019773 0.00143761 0.00108293 0.000879882 
0.000897616 0.000956912 0.00116061 0.00152998 0.00210118 0.0029268 0.0040773 0.00564269 0.00773397 0.0104842 0.0140488 0.0186049 0.024349 0.0314933 0.0402602 0.0508747 0.0635555 0.0785041 0.0958937 0.115857 0.138476 0.163771 0.191692 0.222118 0.254852 0.289626 0.326105 0.363902 0.402588 0.441707 0.480796 0.519399 0.557085 0.59346 0.628181 0.660959 0.691572 0.719855 0.745708 0.769086 0.789991 0.808468 0.824592 0.838458 0.850177 0.85986 0.867615 0.87354 0.877716 0.880202 0.881037 0.880232 0.877773 0.873621 0.867713 0.859966 0.85028 0.838547 0.824652 0.808486 0.789951 0.768974 0.745512 0.719563 0.691177 0.660459 0.627578 0.592762 0.556304 0.518554 0.47991 0.440806 0.401699 0.363053 0.325322 0.288931 0.254265 0.22165 0.19135 0.163555 0.13838 0.115871 0.0960022 0.07869 0.0638003 0.0511597 0.0405679 0.0318081 0.0246579 0.0188975 0.0143176 0.0107244 0.00794314 0.00582024 0.00422405 0.00304448 0.002192 0.00159623 0.00120436 0.000979938 
