2.4129e-05 2.48183e-05 2.74902e-05 3.22936e-05 3.94755e-05 4.9392e-05 6.25125e-05 7.94261e-05 0.000100848 0.000127624 0.000160737 0.000201312 0.00025061 0.000310033 0.000381111 0.000465495 0.000564933 0.000681252 0.000816322 0.000972023 0.0011502 0.0013526 0.00158086 0.00183637 0.00212029 0.00243345 0.00277628 0.00314877 0.00355041 0.00398014 0.00443634 0.00491678 0.0054186 0.00593837 0.00647206 0.00701511 0.00756247 0.00810868 0.00864797 0.00917431 0.00968157 0.0101636 0.0106144 0.0110281 0.0113993 0.011723 0.0119948 0.012211 0.0123684 0.0124649 0.0124992 0.0124708 0.01238 0.0122283 0.0120177 0.0117512 0.0114326 0.0110661 0.0106568 0.0102101 0.00973173 0.00922768 0.00870408 0.00816705 0.00762259 0.00707648 0.00653418 0.00600074 0.00548074 0.00497822 0.00449666 0.00403892 0.00360727 0.0032034 0.00282841 0.00248284 0.00216676 0.00187978 0.00162114 0.00138972 0.00118415 0.00100287 0.000844145 0.00070617 0.000587089 0.000485053 0.000398248 0.000324936 0.000263471 0.000212322 0.000170084 0.000135484 0.00010739 8.48041e-05 6.68645e-05 5.28391e-05 4.21206e-05 3.42206e-05 2.87635e-05 2.54882e-05 
2.48183e-05 2.55305e-05 2.82849e-05 3.32351e-05 4.0636e-05 5.08547e-05 6.4375e-05 8.18043e-05 0.000103879 0.000131473 0.000165597 0.000207409 0.000258211 0.000319443 0.000392683 0.000479628 0.000582077 0.000701908 0.000841044 0.00100142 0.00118491 0.00139334 0.00162836 0.0018914 0.00218366 0.00250596 0.00285874 0.00324198 0.00365515 0.00409716 0.00456631 0.0050603 0.0055762 0.00611047 0.00665896 0.00721698 0.00777935 0.00834046 0.00889438 0.00943493 0.00995581 0.0104507 0.0109135 0.0113382 0.0117192 0.0120514 0.0123304 0.0125521 0.0127137 0.0128127 0.0128478 0.0128185 0.0127254 0.0125695 0.0123533 0.0120798 0.0117527 0.0113765 0.0109563 0.0104976 0.0100063 0.00948871 0.00895095 0.00839933 0.00784001 0.00727894 0.0067217 0.00617349 0.00563902 0.00512245 0.00462734 0.00415667 0.00371276 0.00329736 0.0029116 0.00255607 0.00223083 0.0019355 0.00166929 0.00143107 0.00121945 0.0010328 0.00086937 0.000727288 0.000604654 0.000499565 0.000410159 0.000334647 0.000271336 0.000218649 0.000175141 0.000139502 0.000110564 8.73005e-05 6.88235e-05 5.43789e-05 4.33407e-05 3.52058e-05 2.95872e-05 2.62158e-05 
2.74902e-05 2.82849e-05 3.13357e-05 3.68115e-05 4.49928e-05 5.62825e-05 7.1212e-05 9.04474e-05 0.000114796 0.000145213 0.000182806 0.00022884 0.000284733 0.000352058 0.000432529 0.000527991 0.000640398 0.000771781 0.00092422 0.0010998 0.00130055 0.0015284 0.00178513 0.00207228 0.00239107 0.00274238 0.00312663 0.00354378 0.00399318 0.00447361 0.0049832 0.00551942 0.00607906 0.00665826 0.00725252 0.00785675 0.00846536 0.00907227 0.0096711 0.0102552 0.0108178 0.0113521 0.0118515 0.0123097 0.0127206 0.0130787 0.0133793 0.0136183 0.0137922 0.0138987 0.0139364 0.0139047 0.0138041 0.0136359 0.0134027 0.0131075 0.0127546 0.0123486 0.011895 0.0113998 0.0108693 0.0103101 0.00972891 0.00913251 0.00852751 0.00792032 0.00731699 0.00672312 0.00614381 0.00558358 0.00504632 0.00453525 0.00405296 0.00360134 0.00318168 0.00279464 0.00244035 0.00211843 0.00182805 0.00156803 0.00133688 0.00113288 0.000954124 0.000798619 0.00066431 0.000549142 0.000451098 0.000368237 0.000298721 0.000240836 0.000193007 0.000153806 0.000121959 9.63441e-05 7.599e-05 6.00714e-05 4.79032e-05 3.89337e-05 3.2739e-05 2.9024e-05 
3.22936e-05 3.32351e-05 3.68115e-05 4.32186e-05 5.27808e-05 6.59638e-05 8.33809e-05 0.0001058 0.00013415 0.000169529 0.000213209 0.000266637 0.000331436 0.000409398 0.000502478 0.000612769 0.000742484 0.00089392 0.00106942 0.00127131 0.00150188 0.00176328 0.00205745 0.00238608 0.00275051 0.00315166 0.00358993 0.00406518 0.00457661 0.00512277 0.00570146 0.00630977 0.00694401 0.00759978 0.00827197 0.00895483 0.00964204 0.0103268 0.0110019 0.0116598 0.0122932 0.0128943 0.0134558 0.0139706 0.0144321 0.0148341 0.0151714 0.0154393 0.0156343 0.0157535 0.0157955 0.0157596 0.0156464 0.0154574 0.0151952 0.0148635 0.0144668 0.0140105 0.0135004 0.0129433 0.0123462 0.0117164 0.0110616 0.0103891 0.00970653 0.00902094 0.00833918 0.00766756 0.00701185 0.00637717 0.00576794 0.00518787 0.00463992 0.00412631 0.00364855 0.00320748 0.0028033 0.00243565 0.00210367 0.00180608 0.00154123 0.00130724 0.00110198 0.000923217 0.000768656 0.000635977 0.000522904 0.00042724 0.000346898 0.000279928 0.000224536 0.000179092 0.000142138 0.000112388 8.87289e-05 7.02117e-05 5.60484e-05 4.56043e-05 3.83908e-05 3.40681e-05 
3.94755e-05 4.0636e-05 4.49928e-05 5.27808e-05 6.43889e-05 8.03745e-05 0.000101471 0.000128593 0.000162849 0.000205544 0.000258187 0.000322491 0.000400374 0.000493949 0.00060551 0.000737513 0.000892542 0.00107327 0.00128242 0.00152267 0.00179666 0.00210683 0.0024554 0.00284425 0.00327485 0.00374817 0.00426459 0.00482382 0.00542483 0.00606581 0.00674411 0.00745623 0.00819782 0.00896368 0.00974783 0.0105436 0.0113435 0.0121398 0.0129241 0.0136879 0.0144224 0.0151191 0.0157693 0.0163651 0.0168988 0.0173635 0.0177531 0.0180625 0.0182873 0.0184248 0.0184728 0.018431 0.0182997 0.0180809 0.0177775 0.0173937 0.0169345 0.0164061 0.0158153 0.0151697 0.0144773 0.0137467 0.0129863 0.0122049 0.011411 0.010613 0.00981862 0.00903532 0.00826977 0.00752796 0.00681511 0.00613559 0.00549293 0.00488981 0.0043281 0.00380887 0.00333245 0.00289853 0.0025062 0.00215404 0.00184021 0.00156257 0.0013187 0.00110603 0.000921903 0.000763633 0.000628572 0.000514155 0.000417938 0.000337633 0.000271128 0.000216499 0.000172023 0.000136178 0.000107641 8.52855e-05 6.81733e-05 5.5548e-05 4.68272e-05 4.16053e-05 
4.9392e-05 5.08547e-05 5.62825e-05 6.59638e-05 8.03745e-05 0.000100196 0.000126323 0.000159871 0.000202187 0.000254855 0.000319703 0.000398801 0.000494461 0.000609222 0.000745836 0.000907235 0.0010965 0.00131679 0.00157133 0.00186329 0.00219572 0.00257147 0.00299309 0.00346271 0.00398198 0.00455191 0.00517281 0.00584421 0.00656473 0.00733209 0.008143 0.00899321 0.00987744 0.0107895 0.0117221 0.0126674 0.0136167 0.0145606 0.0154893 0.0163929 0.017261 0.0180837 0.018851 0.0195535 0.0201823 0.0207296 0.0211881 0.0215519 0.0218162 0.0219774 0.0220335 0.0219838 0.0218288 0.0215708 0.0212131 0.0207605 0.020219 0.0195957 0.0188984 0.018136 0.0173179 0.016454 0.0155542 0.0146287 0.0136876 0.0127407 0.0117971 0.0108656 0.00995428 0.00907014 0.00821947 0.00740756 0.0066387 0.0059162 0.0052424 0.00461869 0.00404563 0.00352295 0.00304969 0.00262428 0.00224464 0.00190828 0.00161241 0.00135402 0.00112998 0.000937134 0.000772328 0.000632514 0.000514775 0.000416371 0.000334766 0.000267644 0.000212927 0.000168774 0.000133584 0.000105988 8.48463e-05 6.92392e-05 5.8457e-05 5.20059e-05 
6.25125e-05 6.4375e-05 7.1212e-05 8.33809e-05 0.000101471 0.000126323 0.000159041 0.000200999 0.000253853 0.000319547 0.000400315 0.000498688 0.00061748 0.000759777 0.000928909 0.00112842 0.001362 0.00163346 0.00194663 0.00230527 0.00271297 0.00317309 0.00368857 0.00426186 0.00489476 0.00558835 0.00634283 0.00715745 0.0080304 0.00895874 0.00993841 0.0109641 0.0120294 0.0131268 0.0142476 0.0153822 0.0165203 0.0176506 0.0187616 0.0198415 0.020878 0.0218594 0.022774 0.0236107 0.0243592 0.0250101 0.0255552 0.0259873 0.0263011 0.0264922 0.0265584 0.0264987 0.0263139 0.0260065 0.0255806 0.0250416 0.0243966 0.0236539 0.0228227 0.0219133 0.0209369 0.0199049 0.0188292 0.0177219 0.0165948 0.0154595 0.0143271 0.013208 0.0121117 0.0110468 0.010021 0.0090407 0.00811111 0.00723639 0.0064195 0.00566228 0.00496555 0.00432916 0.0037521 0.00323263 0.00276837 0.00235643 0.00199354 0.00167615 0.00140055 0.00116297 0.000959643 0.000786897 0.000641217 0.000519288 0.000418033 0.000334637 0.000266564 0.000211566 0.00016768 0.000133229 0.000106814 8.73015e-05 7.3819e-05 6.5758e-05 
7.94261e-05 8.18043e-05 9.04474e-05 0.0001058 0.000128593 0.000159871 0.000200999 0.000253678 0.000319947 0.000402202 0.000503189 0.000626008 0.0007741 0.000951226 0.00116144 0.00140901 0.00169843 0.00203426 0.00242107 0.00286335 0.00336536 0.00393102 0.00456375 0.00526634 0.00604079 0.00688822 0.00780864 0.00880094 0.00986273 0.0109903 0.0121784 0.0134207 0.0147093 0.0160348 0.017387 0.0187541 0.0201238 0.0214827 0.0228169 0.0241124 0.0253548 0.02653 0.0276243 0.0286247 0.029519 0.0302962 0.0309466 0.0314619 0.0318358 0.0320633 0.0321416 0.0320697 0.0318486 0.0314812 0.0309721 0.0303279 0.0295568 0.0286684 0.0276738 0.026585 0.025415 0.0241776 0.0228868 0.0215567 0.0202016 0.0188353 0.0174709 0.016121 0.0147971 0.0135095 0.0122676 0.0110792 0.00995079 0.00888753 0.00789318 0.00697016 0.00611966 0.00534169 0.00463523 0.00399833 0.00342828 0.00292172 0.00247482 0.00208338 0.00174298 0.00144911 0.00119723 0.000982935 0.000801955 0.000650267 0.000524124 0.000420089 0.000335059 0.000266275 0.000211326 0.000168146 0.000135008 0.000110515 9.35876e-05 8.34737e-05 
0.000100848 0.000103879 0.000114796 0.00013415 0.000162849 0.000202187 0.000253853 0.000319947 0.000402986 0.000505915 0.000632108 0.000785361 0.000969879 0.00119024 0.00145137 0.00175845 0.00211688 0.00253214 0.0030097 0.00355489 0.00417275 0.00486786 0.00564419 0.0065049 0.0074522 0.00848717 0.0096096 0.0108179 0.0121089 0.0134778 0.0149183 0.0164224 0.0179803 0.0195809 0.0212115 0.0228582 0.024506 0.026139 0.0277406 0.0292942 0.0307826 0.0321894 0.0334982 0.0346938 0.0357619 0.0366895 0.0374653 0.0380797 0.038525 0.0387957 0.0388884 0.038802 0.0385376 0.0380986 0.0374905 0.0367209 0.0357994 0.0347374 0.0335478 0.0322447 0.0308436 0.0293605 0.027812 0.0262151 0.0245865 0.0229427 0.0212994 0.0196717 0.0180734 0.0165171 0.0150141 0.0135739 0.0122046 0.0109125 0.00970253 0.00857776 0.00753986 0.00658911 0.00572448 0.00494385 0.00424413 0.00362143 0.00307125 0.00258864 0.00216835 0.00180497 0.00149307 0.00122732 0.00100257 0.000813934 0.00065685 0.000527123 0.000420958 0.000334971 0.0002662 0.000212104 0.000170553 0.000139822 0.00011858 0.000105895 
0.000127624 0.000131473 0.000145213 0.000169529 0.000205544 0.000254855 0.000319547 0.000402202 0.000505915 0.000634299 0.000791482 0.000982099 0.00121127 0.00148456 0.00180791 0.0021876 0.00263009 0.00314196 0.00372972 0.00439969 0.00515778 0.00600933 0.0069589 0.00801008 0.00916523 0.0104254 0.0117899 0.0132567 0.0148215 0.0164784 0.0182195 0.0200349 0.0219127 0.0238394 0.0257998 0.027777 0.0297532 0.0317094 0.0336261 0.0354832 0.0372609 0.0389395 0.0405 0.0419244 0.0431959 0.0442996 0.045222 0.0459522 0.046481 0.0468021 0.0469116 0.0468082 0.0464931 0.0459703 0.0452463 0.0443299 0.0432323 0.0419668 0.0405485 0.038994 0.0373213 0.0355494 0.0336978 0.0317864 0.0298352 0.0278637 0.0258906 0.023934 0.0220104 0.020135 0.0183214 0.0165814 0.0149247 0.0133594 0.0118914 0.0105249 0.00926215 0.00810372 0.00704869 0.00609476 0.00523843 0.00447525 0.00379996 0.00320674 0.00268936 0.00224139 0.00185634 0.00152779 0.00124953 0.00101566 0.000820645 0.000659379 0.000527233 0.000420073 0.000334272 0.00026671 0.000214772 0.000176336 0.00014976 0.0001339 
0.000160737 0.000165597 0.000182806 0.000213209 0.000258187 0.000319703 0.000400315 0.000503189 0.000632108 0.000791482 0.000986338 0.00122231 0.00150559 0.00184292 0.00224145 0.0027087 0.00325242 0.00388042 0.00460043 0.00541986 0.00634565 0.00738397 0.00854002 0.00981778 0.0112198 0.0127469 0.014398 0.0161701 0.018058 0.020054 0.0221484 0.0243291 0.0265818 0.02889 0.0312355 0.0335982 0.0359569 0.038289 0.0405716 0.042781 0.0448938 0.046887 0.0487385 0.0504272 0.0519336 0.0532403 0.0543319 0.0551953 0.0558203 0.0561994 0.0563281 0.056205 0.0558314 0.055212 0.0543543 0.0532685 0.0519677 0.0504672 0.0487845 0.0469392 0.0449521 0.0428453 0.040642 0.0383653 0.0360388 0.0336856 0.0313279 0.028987 0.0266828 0.0244335 0.0222555 0.0201631 0.0181681 0.0162806 0.0145079 0.0128554 0.0113261 0.00992117 0.00863974 0.0074794 0.00643624 0.00550518 0.00468014 0.00395429 0.00332032 0.00277061 0.00229741 0.00189308 0.00155017 0.00126155 0.00102056 0.000821009 0.000657284 0.000524355 0.000417801 0.000333813 0.000269193 0.000221342 0.000188248 0.000168509 
0.000201312 0.000207409 0.00022884 0.000266637 0.000322491 0.000398801 0.000498688 0.000626008 0.000785361 0.000982099 0.00122231 0.00151279 0.00186102 0.00227506 0.0027635 0.00333531 0.00399968 0.00476586 0.00564293 0.00663959 0.00776385 0.0090228 0.0104223 0.0119668 0.0136588 0.015499 0.0174856 0.0196145 0.0218791 0.0242699 0.026775 0.0293796 0.0320663 0.0348156 0.0376056 0.0404127 0.0432115 0.0459756 0.0486779 0.0512909 0.0537873 0.0561402 0.0583239 0.060314 0.0620882 0.063626 0.0649099 0.0659249 0.0666592 0.0671042 0.0672547 0.067109 0.0666689 0.0659395 0.0649296 0.0636509 0.0621185 0.06035 0.0583657 0.0561881 0.0538414 0.0513514 0.0487449 0.046049 0.0432912 0.0404987 0.0376976 0.0349131 0.0321689 0.0294866 0.0268859 0.0243839 0.0219952 0.0197319 0.0176033 0.0156161 0.0137744 0.0120799 0.0105322 0.00912856 0.00786484 0.00673524 0.00573277 0.00484954 0.00407698 0.0034061 0.00282779 0.00233293 0.00191264 0.00155842 0.00126224 0.00101667 0.00081493 0.00065094 0.000519339 0.000415505 0.000335547 0.000276302 0.000235318 0.000210883 
0.00025061 0.000258211 0.000284733 0.000331436 0.000400374 0.000494461 0.00061748 0.0007741 0.000969879 0.00121127 0.00150559 0.00186102 0.00228648 0.00279161 0.00338662 0.00408213 0.004889 0.00581808 0.00687999 0.0080848 0.00944174 0.0109589 0.0126428 0.0144981 0.0165276 0.0187313 0.0211067 0.0236484 0.026348 0.0291938 0.0321712 0.0352623 0.0384466 0.0417005 0.0449982 0.0483117 0.0516114 0.0548664 0.058045 0.0611153 0.0640455 0.0668048 0.0693635 0.0716935 0.0737692 0.0755672 0.0770675 0.0782528 0.0791098 0.0796287 0.0798036 0.0796325 0.0791174 0.0782644 0.0770832 0.0755875 0.0737942 0.0717236 0.069399 0.0668462 0.0640931 0.0611694 0.0581059 0.0549342 0.0516863 0.0483937 0.0450871 0.0417961 0.0385484 0.03537 0.0322839 0.0293109 0.0264685 0.0237715 0.0212312 0.0188562 0.0166519 0.0146207 0.0127626 0.011075 0.00955334 0.00819113 0.00698044 0.00591216 0.00497634 0.00416252 0.00345996 0.00285791 0.00234588 0.00191372 0.00155189 0.00125149 0.00100439 0.000803287 0.000641721 0.000514116 0.000415769 0.000342852 0.000292398 0.00026233 
0.000310033 0.000319443 0.000352058 0.000409398 0.000493949 0.000609222 0.000759777 0.000951226 0.00119024 0.00148456 0.00184292 0.00227506 0.00279161 0.00340399 0.00412424 0.00496487 0.0059386 0.00705807 0.0083356 0.00978276 0.0114101 0.0132267 0.0152397 0.0174543 0.0198728 0.0224948 0.0253166 0.0283314 0.0315284 0.0348935 0.0384089 0.0420533 0.0458021 0.0496275 0.0534991 0.0573841 0.0612481 0.065055 0.0687683 0.0723512 0.0757671 0.0789807 0.081958 0.084667 0.0870785 0.0891662 0.0909069 0.0922816 0.0932749 0.0938758 0.0940776 0.0938782 0.0932798 0.0922892 0.0909176 0.0891801 0.0870963 0.0846891 0.0819849 0.079013 0.0758054 0.072396 0.0688201 0.0651142 0.061315 0.0574589 0.0535818 0.0497181 0.0459003 0.0421588 0.038521 0.0350114 0.0316513 0.0284582 0.0254463 0.0226262 0.0200047 0.0175854 0.015369 0.0133529 0.0115323 0.00989992 0.00844695 0.00716296 0.00603651 0.00505545 0.00420728 0.00347941 0.00285947 0.00233552 0.00189623 0.00153104 0.00123026 0.000985172 0.000788048 0.000632201 0.000511986 0.000422799 0.000361069 0.000324298 
0.000381111 0.000392683 0.000432529 0.000502478 0.00060551 0.000745836 0.000928909 0.00116144 0.00145137 0.00180791 0.00224145 0.0027635 0.00338662 0.00412424 0.0049905 0.00599998 0.00716749 0.00850766 0.0100346 0.0117616 0.0137005 0.0158614 0.0182522 0.0208781 0.0237412 0.0268403 0.0301703 0.0337223 0.0374831 0.0414355 0.0455582 0.0498257 0.054209 0.0586754 0.0631895 0.0677131 0.0722064 0.0766278 0.0809354 0.085087 0.0890409 0.092757 0.0961967 0.0993239 0.102106 0.104512 0.106517 0.1081 0.109243 0.109934 0.110165 0.109935 0.109245 0.108103 0.106522 0.104518 0.102114 0.0993358 0.0962125 0.0927775 0.089067 0.0851193 0.0809748 0.0766749 0.0722617 0.0677772 0.0632625 0.0587576 0.0543002 0.0499257 0.0456664 0.0415513 0.0376056 0.0338505 0.0303031 0.0269764 0.0238793 0.0210168 0.0183901 0.0159972 0.0138329 0.0118895 0.0101569 0.00862358 0.00727633 0.00610123 0.00508379 0.00420939 0.00346358 0.00283236 0.00230241 0.00186126 0.00149746 0.00120065 0.00096166 0.000772522 0.000626503 0.000518104 0.000443055 0.000398367 
0.000465495 0.000479628 0.000527991 0.000612769 0.000737513 0.000907235 0.00112842 0.00140901 0.00175845 0.0021876 0.0027087 0.00333531 0.00408213 0.00496487 0.00599998 0.00720439 0.00859516 0.0101891 0.0120023 0.0140498 0.0163448 0.0188984 0.0217192 0.0248122 0.0281792 0.0318177 0.035721 0.0398778 0.044272 0.0488827 0.0536846 0.0586475 0.0637374 0.0689162 0.0741428 0.0793732 0.0845615 0.0896604 0.0946219 0.0993981 0.103942 0.108208 0.112154 0.115737 0.118923 0.121677 0.12397 0.125779 0.127085 0.127873 0.128137 0.127872 0.127082 0.125776 0.123966 0.121673 0.11892 0.115737 0.112156 0.108214 0.103953 0.0994146 0.0946452 0.0896916 0.0846014 0.0794226 0.0742022 0.068986 0.0638177 0.0587382 0.0537854 0.0489931 0.0443911 0.0400046 0.0358544 0.0319562 0.0283214 0.0249566 0.0218642 0.0190426 0.0164866 0.0141879 0.0121354 0.0103161 0.00871511 0.00731662 0.00610396 0.00506026 0.00416876 0.00341316 0.0027779 0.00224839 0.00181116 0.00145401 0.0011661 0.000938019 0.000761784 0.00063087 0.000540206 0.000486239 
0.000564933 0.000582077 0.000640398 0.000742484 0.000892542 0.0010965 0.001362 0.00169843 0.00211688 0.00263009 0.00325242 0.00399968 0.004889 0.0059386 0.00716749 0.00859516 0.0102412 0.0121246 0.0142638 0.0166753 0.0193741 0.022372 0.025678 0.0292972 0.0332305 0.0374739 0.0420186 0.0468506 0.0519501 0.0572924 0.0628472 0.0685793 0.0744489 0.0804122 0.0864216 0.0924268 0.0983755 0.104214 0.109888 0.115343 0.120528 0.125391 0.129883 0.13396 0.137581 0.140709 0.143313 0.145365 0.146846 0.14774 0.148037 0.147736 0.146839 0.145355 0.1433 0.140694 0.137565 0.133944 0.129868 0.125379 0.12052 0.115341 0.109891 0.104225 0.0983959 0.0924572 0.0864629 0.0804652 0.074514 0.0686565 0.0629365 0.0573933 0.0520621 0.0469725 0.0421494 0.0376121 0.0333745 0.0294454 0.0258286 0.0225232 0.0195242 0.0168228 0.014407 0.0122623 0.0103722 0.00871851 0.00728243 0.00604461 0.00498576 0.00408704 0.00333041 0.00269888 0.00217673 0.0017497 0.00140507 0.00113177 0.000920414 0.000763311 0.000654477 0.000589717 
0.000681252 0.000701908 0.000771781 0.00089392 0.00107327 0.00131679 0.00163346 0.00203426 0.00253214 0.00314196 0.00388042 0.00476586 0.00581808 0.00705807 0.00850766 0.0101891 0.0121246 0.0143358 0.0168431 0.0196651 0.022818 0.0263145 0.030164 0.0343711 0.0389355 0.0438517 0.0491081 0.0546873 0.0605657 0.0667137 0.0730959 0.0796713 0.0863938 0.0932129 0.100074 0.106921 0.113694 0.120332 0.126774 0.132962 0.138834 0.144337 0.149415 0.15402 0.158106 0.161633 0.164567 0.166879 0.168546 0.169551 0.169885 0.169545 0.168533 0.166861 0.164544 0.161606 0.158075 0.153987 0.149381 0.144304 0.138804 0.132936 0.126754 0.120319 0.11369 0.106928 0.100093 0.0932445 0.0864389 0.0797305 0.0731693 0.066801 0.0606664 0.0548005 0.0492327 0.0439862 0.0390784 0.0345205 0.0303179 0.026471 0.0229751 0.0198209 0.0169958 0.0144838 0.0122664 0.0103235 0.00863368 0.00717497 0.00592533 0.00486317 0.00396769 0.00321924 0.00259963 0.00209227 0.00168234 0.00135694 0.00110506 0.000917726 0.000787903 0.00071068 
0.000816322 0.000841044 0.00092422 0.00106942 0.00128242 0.00157133 0.00194663 0.00242107 0.0030097 0.00372972 0.00460043 0.00564293 0.00687999 0.0083356 0.0100346 0.0120023 0.0142638 0.0168431 0.0197631 0.0230442 0.0267038 0.0307556 0.0352088 0.0400675 0.0453298 0.050988 0.0570274 0.0634268 0.070158 0.077186 0.0844696 0.0919612 0.0996081 0.107352 0.115133 0.122885 0.130542 0.138036 0.1453 0.152267 0.158873 0.165054 0.170753 0.175916 0.180494 0.184443 0.187725 0.19031 0.192172 0.193295 0.193667 0.193286 0.192154 0.190283 0.18769 0.184401 0.180446 0.175864 0.170698 0.164998 0.158818 0.152215 0.145253 0.137996 0.130511 0.122864 0.115125 0.107358 0.0996286 0.0919975 0.0845221 0.0772549 0.0702429 0.063527 0.0571418 0.0511152 0.0454682 0.040215 0.0353635 0.0309152 0.026866 0.0232068 0.0199241 0.0170005 0.0144158 0.0121475 0.0101716 0.00846346 0.00699796 0.00575052 0.00469736 0.00381594 0.00308529 0.00248626 0.00200174 0.00161671 0.00131844 0.00109645 0.000942561 0.000851051 
0.000972023 0.00100142 0.0010998 0.00127131 0.00152267 0.00186329 0.00230527 0.00286335 0.00355489 0.00439969 0.00541986 0.00663959 0.0080848 0.00978276 0.0117616 0.0140498 0.0166753 0.0196651 0.0230442 0.0268348 0.0310557 0.0357209 0.0408395 0.0464145 0.0524423 0.0589123 0.0658062 0.0730984 0.0807554 0.0887363 0.0969932 0.105472 0.114112 0.122847 0.13161 0.140327 0.148924 0.157326 0.165459 0.173249 0.180626 0.187521 0.193871 0.199619 0.20471 0.209099 0.212744 0.215613 0.217679 0.218924 0.219336 0.218911 0.217654 0.215576 0.212696 0.209041 0.204644 0.199546 0.193793 0.187439 0.180543 0.173168 0.165381 0.157254 0.148861 0.140274 0.13157 0.122822 0.114103 0.10548 0.0970201 0.0887819 0.0808197 0.073181 0.0659061 0.0590281 0.0525724 0.0465568 0.0409918 0.0358808 0.0312207 0.0270024 0.023212 0.0198308 0.0168368 0.0142052 0.0119093 0.00992151 0.00821357 0.00675766 0.00552676 0.00449519 0.00363896 0.00293612 0.00236698 0.00191425 0.00156323 0.00130181 0.00112053 0.00101276 
0.0011502 0.00118491 0.00130055 0.00150188 0.00179666 0.00219572 0.00271297 0.00336536 0.00417275 0.00515778 0.00634565 0.00776385 0.00944174 0.0114101 0.0137005 0.0163448 0.0193741 0.022818 0.0267038 0.0310557 0.0358931 0.0412308 0.0470771 0.0534336 0.0602943 0.0676452 0.075464 0.0837199 0.0923735 0.101377 0.110677 0.120209 0.129906 0.139694 0.149496 0.159232 0.168819 0.178175 0.187217 0.195867 0.204047 0.211685 0.218711 0.225063 0.230686 0.235528 0.239548 0.242709 0.244985 0.246355 0.246808 0.246339 0.244954 0.242663 0.239487 0.235454 0.2306 0.224968 0.218607 0.211575 0.203935 0.195754 0.187106 0.178068 0.16872 0.159143 0.14942 0.139634 0.129863 0.120185 0.110673 0.101395 0.0924125 0.0837801 0.0755448 0.0677453 0.060412 0.0535669 0.0472237 0.0413881 0.0360584 0.031226 0.0268766 0.0229905 0.0195438 0.0165096 0.0138584 0.0115594 0.00958122 0.00789247 0.0064627 0.00526284 0.00426563 0.00344606 0.00278163 0.00225258 0.00184203 0.00153607 0.00132383 0.00119769 
0.0013526 0.00139334 0.0015284 0.00176328 0.00210683 0.00257147 0.00317309 0.00393102 0.00486786 0.00600933 0.00738397 0.0090228 0.0109589 0.0132267 0.0158614 0.0188984 0.022372 0.0263145 0.0307556 0.0357209 0.0412308 0.0472999 0.0539358 0.0611379 0.0688977 0.077197 0.0860088 0.0952964 0.105014 0.115107 0.125512 0.136159 0.146972 0.157867 0.16876 0.179561 0.19018 0.200527 0.210513 0.220052 0.229061 0.237461 0.245181 0.252153 0.258318 0.263624 0.268024 0.271484 0.273973 0.27547 0.275964 0.275451 0.273934 0.271427 0.26795 0.263533 0.258213 0.252035 0.245052 0.237323 0.228917 0.219905 0.210366 0.200383 0.190042 0.179433 0.168644 0.157767 0.14689 0.136098 0.125473 0.115091 0.105023 0.0953294 0.0860656 0.0772768 0.0689987 0.0612584 0.054073 0.0474514 0.0413934 0.0358916 0.0309313 0.0264922 0.0225487 0.0190717 0.0160288 0.0133861 0.0111088 0.0091619 0.00751124 0.00612412 0.00496978 0.00401991 0.00324898 0.00263451 0.00215725 0.00180135 0.00155439 0.00140765 
0.00158086 0.00162836 0.00178513 0.00205745 0.0024554 0.00299309 0.00368857 0.00456375 0.00564419 0.0069589 0.00854002 0.0104223 0.0126428 0.0152397 0.0182522 0.0217192 0.025678 0.030164 0.0352088 0.0408395 0.0470771 0.0539358 0.0614216 0.0695319 0.0782544 0.0875666 0.0974357 0.107819 0.118663 0.129905 0.141474 0.153291 0.16527 0.17732 0.189345 0.201249 0.212934 0.224301 0.235255 0.245703 0.255558 0.264735 0.273158 0.280757 0.287471 0.293243 0.298027 0.301786 0.304489 0.306114 0.30665 0.306092 0.304444 0.301719 0.29794 0.293136 0.287345 0.280616 0.273002 0.264567 0.255381 0.245521 0.235071 0.224118 0.212755 0.201079 0.189187 0.177177 0.165146 0.153188 0.141395 0.129852 0.118636 0.10782 0.0974639 0.0876213 0.0783344 0.0696352 0.0615457 0.0540777 0.0472339 0.0410077 0.035385 0.0303448 0.0258601 0.0218995 0.0184281 0.0154086 0.0128027 0.0105717 0.00867744 0.00708347 0.00575529 0.00466103 0.00377192 0.00306253 0.00251109 0.0020996 0.00181396 0.00164427 
0.00183637 0.0018914 0.00207228 0.00238608 0.00284425 0.00346271 0.00426186 0.00526634 0.0065049 0.00801008 0.00981778 0.0119668 0.0144981 0.0174543 0.0208781 0.0248122 0.0292972 0.0343711 0.0400675 0.0464145 0.0534336 0.0611379 0.0695319 0.0786098 0.0883551 0.0987403 0.109726 0.121263 0.13329 0.145735 0.158518 0.171551 0.184738 0.19798 0.211172 0.224207 0.236981 0.249388 0.261325 0.272693 0.2834 0.293358 0.302487 0.310714 0.317974 0.324211 0.329377 0.333432 0.336347 0.338099 0.338676 0.338073 0.336296 0.333356 0.329276 0.324088 0.317829 0.31055 0.302305 0.293162 0.283191 0.272476 0.261102 0.249164 0.23676 0.223993 0.210968 0.197791 0.184568 0.171403 0.158395 0.145639 0.133223 0.121227 0.109721 0.0987655 0.0884095 0.0786916 0.0696387 0.0612668 0.0535811 0.0465772 0.0402415 0.0345527 0.0294828 0.0249981 0.0210613 0.0176318 0.0146675 0.012126 0.00996514 0.00814436 0.00662522 0.00537213 0.00435282 0.00353874 0.00290538 0.00243245 0.00210406 0.001909 
0.00212029 0.00218366 0.00239107 0.00275051 0.00327485 0.00398198 0.00489476 0.00604079 0.0074522 0.00916523 0.0112198 0.0136588 0.0165276 0.0198728 0.0237412 0.0281792 0.0332305 0.0389355 0.0453298 0.0524423 0.0602943 0.0688977 0.0782544 0.0883551 0.0991786 0.110691 0.122848 0.13559 0.148847 0.16254 0.176579 0.190865 0.205294 0.219755 0.234135 0.24832 0.262196 0.275651 0.288575 0.300864 0.312422 0.323156 0.332984 0.341831 0.349629 0.356323 0.361863 0.366209 0.369331 0.371207 0.371825 0.371179 0.369274 0.366124 0.361751 0.356185 0.349467 0.341645 0.332778 0.322931 0.312182 0.300612 0.288314 0.275386 0.261932 0.24806 0.233884 0.219518 0.205075 0.190669 0.176409 0.162399 0.148737 0.135513 0.122805 0.110683 0.0992031 0.0884112 0.0783398 0.0690095 0.0604291 0.0525963 0.0454989 0.0391156 0.0334174 0.028369 0.0239303 0.0200578 0.0167056 0.0138273 0.0113767 0.00930904 0.00758169 0.00615513 0.00499343 0.00406471 0.00334155 0.00280123 0.0024259 0.00220301 
0.00243345 0.00250596 0.00274238 0.00315166 0.00374817 0.00455191 0.00558835 0.00688822 0.00848717 0.0104254 0.0127469 0.015499 0.0187313 0.0224948 0.0268403 0.0318177 0.0374739 0.0438517 0.050988 0.0589123 0.0676452 0.077197 0.0875666 0.0987403 0.110691 0.12338 0.136753 0.150743 0.165272 0.180249 0.195575 0.211141 0.226832 0.242529 0.258109 0.273451 0.28843 0.30293 0.316834 0.330035 0.342431 0.353927 0.364439 0.37389 0.382212 0.389349 0.39525 0.399877 0.403199 0.405195 0.405851 0.405164 0.403137 0.399785 0.395128 0.389198 0.382034 0.373685 0.36421 0.353677 0.342161 0.32975 0.316537 0.302625 0.288123 0.273145 0.257811 0.242243 0.226563 0.210894 0.195354 0.180058 0.165114 0.150621 0.136668 0.123333 0.110682 0.0987665 0.0876267 0.0772881 0.0677638 0.0590543 0.0511492 0.0440276 0.03766 0.0320096 0.0270338 0.022686 0.018917 0.0156761 0.0129129 0.0105784 0.00862566 0.00701104 0.00569474 0.0046414 0.00382053 0.0032068 0.00278034 0.00252712 
0.00277628 0.00285874 0.00312663 0.00358993 0.00426459 0.00517281 0.00634283 0.00780864 0.0096096 0.0117899 0.014398 0.0174856 0.0211067 0.0253166 0.0301703 0.035721 0.0420186 0.0491081 0.0570274 0.0658062 0.075464 0.0860088 0.0974357 0.109726 0.122848 0.136753 0.151379 0.166652 0.182482 0.19877 0.215403 0.232265 0.249229 0.266167 0.282948 0.299439 0.315513 0.331043 0.345911 0.360003 0.373214 0.38545 0.396622 0.406653 0.415478 0.423037 0.429283 0.434176 0.437688 0.439797 0.44049 0.439764 0.437622 0.434078 0.429152 0.422875 0.415286 0.406432 0.396373 0.385176 0.372918 0.359687 0.345579 0.330701 0.315164 0.299089 0.282602 0.265832 0.248909 0.231966 0.215131 0.198528 0.182275 0.166483 0.15125 0.136664 0.1228 0.109719 0.0974667 0.0860754 0.0755628 0.0659331 0.0571778 0.0492772 0.0422015 0.0359129 0.0303665 0.0255128 0.021299 0.0176704 0.0145726 0.0119518 0.00975682 0.00793979 0.00645688 0.00526907 0.00434263 0.00364955 0.00316777 0.00288175 
0.00314877 0.00324198 0.00354378 0.00406518 0.00482382 0.00584421 0.00715745 0.00880094 0.0108179 0.0132567 0.0161701 0.0196145 0.0236484 0.0283314 0.0337223 0.0398778 0.0468506 0.0546873 0.0634268 0.0730984 0.0837199 0.0952964 0.107819 0.121263 0.13559 0.150743 0.166652 0.183232 0.200384 0.217996 0.235947 0.254109 0.272345 0.290517 0.308484 0.326109 0.343255 0.359791 0.375594 0.390546 0.404542 0.417484 0.429284 0.439867 0.449164 0.457121 0.463689 0.468832 0.472521 0.474735 0.475463 0.474701 0.472453 0.46873 0.463553 0.456951 0.448962 0.439632 0.429019 0.417191 0.404223 0.390204 0.375232 0.359414 0.342868 0.325717 0.308093 0.290133 0.271974 0.253758 0.235622 0.217701 0.200124 0.183012 0.166474 0.150609 0.1355 0.121218 0.107817 0.095335 0.0837954 0.0732067 0.0635633 0.0548468 0.0470279 0.0400675 0.0339193 0.0285309 0.023846 0.0198062 0.0163524 0.0134268 0.0109735 0.00894018 0.00727902 0.00594716 0.00490753 0.00412929 0.00358811 0.00326687 
0.00355041 0.00365515 0.00399318 0.00457661 0.00542483 0.00656473 0.0080304 0.00986273 0.0121089 0.0148215 0.018058 0.0218791 0.026348 0.0315284 0.0374831 0.044272 0.0519501 0.0605657 0.070158 0.0807554 0.0923735 0.105014 0.118663 0.13329 0.148847 0.165272 0.182482 0.200384 0.218866 0.237807 0.257074 0.276527 0.296022 0.315409 0.334541 0.35327 0.371456 0.388962 0.40566 0.421433 0.436172 0.44978 0.462169 0.473265 0.483002 0.491325 0.498191 0.503562 0.507413 0.509724 0.510484 0.509689 0.507343 0.503458 0.498051 0.491151 0.482792 0.473021 0.461893 0.449471 0.435834 0.421068 0.405272 0.388553 0.371033 0.352839 0.334106 0.314979 0.295602 0.276125 0.256695 0.237458 0.218553 0.200111 0.182254 0.16509 0.148714 0.133205 0.118625 0.105021 0.0924226 0.0808422 0.0702777 0.060713 0.0521194 0.0444575 0.0376792 0.0317297 0.0265496 0.0220765 0.0182472 0.0149992 0.0122723 0.0100097 0.00815927 0.00667424 0.00551414 0.00464518 0.00404071 0.00368192 
0.00398014 0.00409716 0.00447361 0.00512277 0.00606581 0.00733209 0.00895874 0.0109903 0.0134778 0.0164784 0.020054 0.0242699 0.0291938 0.0348935 0.0414355 0.0488827 0.0572924 0.0667137 0.077186 0.0887363 0.101377 0.115107 0.129905 0.145735 0.16254 0.180249 0.19877 0.217996 0.237807 0.258069 0.278638 0.299365 0.320093 0.340665 0.360925 0.38072 0.399902 0.418332 0.435879 0.452423 0.467857 0.482082 0.495014 0.50658 0.516717 0.525373 0.532506 0.538083 0.542079 0.544476 0.545265 0.544442 0.542009 0.537978 0.532366 0.525197 0.516505 0.506332 0.494731 0.481764 0.467505 0.452041 0.435469 0.417898 0.399449 0.380253 0.360452 0.340191 0.319626 0.298913 0.278208 0.257667 0.23744 0.21767 0.198489 0.180018 0.16236 0.145607 0.129829 0.11508 0.101397 0.0887987 0.0772862 0.0668462 0.0574512 0.0490618 0.0416288 0.035095 0.0293981 0.0244719 0.0202492 0.0166631 0.0136486 0.0111446 0.00909464 0.00744797 0.00616059 0.00519572 0.0045243 0.00412581 
0.00443634 0.00456631 0.0049832 0.00570146 0.00674411 0.008143 0.00993841 0.0121784 0.0149183 0.0182195 0.0221484 0.026775 0.0321712 0.0384089 0.0455582 0.0536846 0.0628472 0.0730959 0.0844696 0.0969932 0.110677 0.125512 0.141474 0.158518 0.176579 0.195575 0.215403 0.235947 0.257074 0.278638 0.300486 0.322455 0.344381 0.366097 0.38744 0.408251 0.428377 0.447676 0.466015 0.483275 0.499346 0.514135 0.527559 0.539547 0.550041 0.558991 0.56636 0.572116 0.576239 0.578712 0.579526 0.578678 0.576171 0.572014 0.566222 0.558817 0.54983 0.539299 0.527274 0.513813 0.498987 0.48288 0.465589 0.447221 0.427899 0.407754 0.386932 0.365584 0.343871 0.321956 0.300005 0.278184 0.256654 0.235568 0.215071 0.195293 0.176351 0.158345 0.141357 0.125449 0.110664 0.0970286 0.0845477 0.0732112 0.0629933 0.0538552 0.0457467 0.038609 0.0323767 0.0269804 0.0223487 0.0184103 0.0150959 0.0123397 0.010081 0.00826501 0.0068442 0.00577869 0.005037 0.00459683 
0.00491678 0.0050603 0.00551942 0.00630977 0.00745623 0.00899321 0.0109641 0.0134207 0.0164224 0.0200349 0.0243291 0.0293796 0.0352623 0.0420533 0.0498257 0.0586475 0.0685793 0.0796713 0.0919612 0.105472 0.120209 0.136159 0.153291 0.171551 0.190865 0.211141 0.232265 0.254109 0.276527 0.299365 0.322455 0.345626 0.368704 0.391514 0.413885 0.435653 0.456663 0.476768 0.495837 0.513748 0.530397 0.545691 0.559551 0.571909 0.582713 0.591917 0.599487 0.605396 0.609626 0.612163 0.612998 0.612131 0.609562 0.605299 0.599355 0.591749 0.582508 0.571666 0.559268 0.545369 0.530036 0.513349 0.495401 0.476299 0.456165 0.435132 0.413347 0.390966 0.368154 0.345083 0.321927 0.298861 0.276056 0.253677 0.23188 0.210807 0.190588 0.171331 0.153131 0.136057 0.120162 0.105478 0.092015 0.079767 0.0687106 0.0588077 0.0500077 0.0422503 0.0354677 0.0295872 0.0245334 0.0202309 0.016606 0.0135884 0.011113 0.00912104 0.00756141 0.00639114 0.00557623 0.00509265 
0.0054186 0.0055762 0.00607906 0.00694401 0.00819782 0.00987744 0.0120294 0.0147093 0.0179803 0.0219127 0.0265818 0.0320663 0.0384466 0.0458021 0.054209 0.0637374 0.0744489 0.0863938 0.0996081 0.114112 0.129906 0.146972 0.16527 0.184738 0.205294 0.226832 0.249229 0.272345 0.296022 0.320093 0.344381 0.368704 0.392879 0.416723 0.44006 0.46272 0.484545 0.505389 0.525118 0.543615 0.560776 0.576512 0.590748 0.603424 0.614489 0.623905 0.631641 0.637676 0.641992 0.644581 0.645434 0.644551 0.641933 0.637585 0.631518 0.623747 0.614295 0.603191 0.590475 0.576197 0.560419 0.543217 0.524679 0.504912 0.484035 0.46218 0.439497 0.416145 0.392294 0.368121 0.343809 0.319542 0.295501 0.271862 0.248793 0.226447 0.204966 0.184472 0.165065 0.146829 0.129824 0.114087 0.0996355 0.0864681 0.0745635 0.0638852 0.0543827 0.0459944 0.0386504 0.0322749 0.026789 0.0221132 0.0181693 0.0148827 0.0121841 0.0100108 0.00830785 0.00702935 0.00613879 0.00561034 
0.00593837 0.00611047 0.00665826 0.00759978 0.00896368 0.0107895 0.0131268 0.0160348 0.0195809 0.0238394 0.02889 0.0348156 0.0417005 0.0496275 0.0586754 0.0689162 0.0804122 0.0932129 0.107352 0.122847 0.139694 0.157867 0.17732 0.19798 0.219755 0.242529 0.266167 0.290517 0.315409 0.340665 0.366097 0.391514 0.416723 0.441535 0.465768 0.48925 0.511819 0.533328 0.553647 0.572658 0.590263 0.606376 0.62093 0.633868 0.645146 0.654731 0.662598 0.668729 0.673113 0.675741 0.676609 0.675715 0.67306 0.668648 0.662486 0.654586 0.644966 0.63365 0.620671 0.606074 0.589916 0.572267 0.553211 0.53285 0.511301 0.488698 0.465188 0.440933 0.416108 0.390896 0.365486 0.340071 0.314841 0.289985 0.265681 0.242094 0.219378 0.197666 0.177071 0.157684 0.139575 0.12279 0.107352 0.0932641 0.0805084 0.0690502 0.0588394 0.0498138 0.0419015 0.0350241 0.0290992 0.0240434 0.0197745 0.0162135 0.0132868 0.0109279 0.00907827 0.00768889 0.00672078 0.00614634 
0.00647206 0.00665896 0.00725252 0.00827197 0.00974783 0.0117221 0.0142476 0.017387 0.0212115 0.0257998 0.0312355 0.0376056 0.0449982 0.0534991 0.0631895 0.0741428 0.0864216 0.100074 0.115133 0.13161 0.149496 0.16876 0.189345 0.211172 0.234135 0.258109 0.282948 0.308484 0.334541 0.360925 0.38744 0.413885 0.44006 0.465768 0.490824 0.515052 0.538289 0.560389 0.581223 0.600677 0.618657 0.635084 0.649895 0.663041 0.674483 0.684195 0.692158 0.698359 0.70279 0.705446 0.706324 0.705424 0.702745 0.698289 0.692061 0.684068 0.674322 0.662842 0.649656 0.634801 0.618327 0.600299 0.580797 0.559916 0.537772 0.514494 0.490232 0.465149 0.439421 0.413238 0.386794 0.360291 0.33393 0.307907 0.282413 0.257627 0.233711 0.210811 0.189052 0.168535 0.14934 0.131519 0.115104 0.100101 0.086498 0.0742615 0.0633423 0.053678 0.0451951 0.0378128 0.0314457 0.0260065 0.021409 0.0175702 0.0144124 0.0118652 0.00986668 0.00836463 0.00731768 0.00669649 
0.00701511 0.00721698 0.00785675 0.00895483 0.0105436 0.0126674 0.0153822 0.0187541 0.0228582 0.027777 0.0335982 0.0404127 0.0483117 0.0573841 0.0677131 0.0793732 0.0924268 0.106921 0.122885 0.140327 0.159232 0.179561 0.201249 0.224207 0.24832 0.273451 0.299439 0.326109 0.35327 0.38072 0.408251 0.435653 0.46272 0.48925 0.515052 0.539948 0.563777 0.586392 0.607667 0.627493 0.645781 0.662459 0.677469 0.690769 0.702329 0.712128 0.720154 0.726398 0.730857 0.73353 0.734415 0.733512 0.730821 0.726341 0.720073 0.71202 0.702189 0.690593 0.677253 0.662198 0.645473 0.627134 0.607256 0.58593 0.563265 0.539391 0.514454 0.488618 0.462064 0.434982 0.407575 0.380051 0.35262 0.325489 0.29886 0.272921 0.24785 0.223801 0.200912 0.179295 0.159037 0.140202 0.122826 0.106923 0.0924825 0.0794755 0.0678537 0.0575546 0.0485035 0.0406176 0.0338085 0.0279856 0.0230588 0.0189413 0.0155514 0.0128148 0.0106663 0.0090508 0.00792441 0.00725609 
0.00756247 0.00777935 0.00846536 0.00964204 0.0113435 0.0136167 0.0165203 0.0201238 0.024506 0.0297532 0.0359569 0.0432115 0.0516114 0.0612481 0.0722064 0.0845615 0.0983755 0.113694 0.130542 0.148924 0.168819 0.19018 0.212934 0.236981 0.262196 0.28843 0.315513 0.343255 0.371456 0.399902 0.428377 0.456663 0.484545 0.511819 0.538289 0.563777 0.58812 0.611175 0.632819 0.652949 0.67148 0.688347 0.703501 0.716906 0.72854 0.738389 0.746445 0.752708 0.757179 0.759858 0.760746 0.759845 0.757152 0.752666 0.746383 0.738303 0.728425 0.716758 0.703313 0.688115 0.671198 0.652614 0.63243 0.61073 0.58762 0.563226 0.537692 0.511181 0.483876 0.455972 0.427676 0.399203 0.37077 0.342596 0.314891 0.287857 0.261681 0.236531 0.212554 0.189873 0.168587 0.148765 0.130453 0.113669 0.0984097 0.0846465 0.0723338 0.0614091 0.0517972 0.0434132 0.0361664 0.0299628 0.024709 0.0203143 0.0166932 0.013768 0.0114699 0.00974106 0.00853533 0.00781995 
0.00810868 0.00834046 0.00907227 0.0103268 0.0121398 0.0145606 0.0176506 0.0214827 0.026139 0.0317094 0.038289 0.0459756 0.0548664 0.065055 0.0766278 0.0896604 0.104214 0.120332 0.138036 0.157326 0.178175 0.200527 0.224301 0.249388 0.275651 0.30293 0.331043 0.359791 0.388962 0.418332 0.447676 0.476768 0.505389 0.533328 0.560389 0.586392 0.611175 0.634598 0.656543 0.676911 0.695624 0.712625 0.727872 0.741336 0.753003 0.762867 0.770927 0.777187 0.781652 0.784328 0.785217 0.784321 0.781637 0.77716 0.770885 0.762805 0.752916 0.741217 0.727714 0.712424 0.695373 0.676605 0.656179 0.634176 0.610693 0.585853 0.559797 0.53269 0.504713 0.476064 0.446955 0.417607 0.388246 0.359097 0.330384 0.302316 0.275094 0.248896 0.22388 0.200181 0.177906 0.157134 0.137917 0.120282 0.104226 0.0897276 0.0767414 0.0652059 0.0550453 0.0461734 0.038497 0.0319194 0.0263438 0.0216759 0.0178269 0.0147153 0.0122694 0.0104286 0.00914439 0.00838246 
0.00864797 0.00889438 0.0096711 0.0110019 0.0129241 0.0154893 0.0187616 0.0228169 0.0277406 0.0336261 0.0405716 0.0486779 0.058045 0.0687683 0.0809354 0.0946219 0.109888 0.126774 0.1453 0.165459 0.187217 0.210513 0.235255 0.261325 0.288575 0.316834 0.345911 0.375594 0.40566 0.435879 0.466015 0.495837 0.525118 0.553647 0.581223 0.607667 0.632819 0.656543 0.678724 0.69927 0.71811 0.735194 0.750486 0.763969 0.775635 0.785483 0.793522 0.79976 0.804207 0.806871 0.807758 0.80687 0.804202 0.799749 0.793501 0.785447 0.775576 0.763882 0.750362 0.735026 0.717892 0.698996 0.67839 0.656146 0.632359 0.607144 0.580641 0.553013 0.52444 0.495124 0.465279 0.435133 0.404918 0.374869 0.345217 0.316184 0.287979 0.260793 0.234795 0.21013 0.186913 0.165234 0.145152 0.126699 0.109878 0.0946712 0.0810348 0.0689086 0.0582165 0.0488712 0.0407774 0.0338359 0.0279467 0.0230124 0.0189407 0.0156471 0.0130567 0.0111062 0.00974518 0.00893767 
0.00917431 0.00943493 0.0102552 0.0116598 0.0136879 0.0163929 0.0198415 0.0241124 0.0292942 0.0354832 0.042781 0.0512909 0.0611153 0.0723512 0.085087 0.0993981 0.115343 0.132962 0.152267 0.173249 0.195867 0.220052 0.245703 0.272693 0.300864 0.330035 0.360003 0.390546 0.421433 0.452423 0.483275 0.513748 0.543615 0.572658 0.600677 0.627493 0.652949 0.676911 0.69927 0.71994 0.738857 0.755979 0.771278 0.784745 0.796378 0.806186 0.814183 0.820382 0.8248 0.827446 0.828329 0.82745 0.824807 0.820389 0.814184 0.806176 0.796349 0.78469 0.771189 0.755847 0.738675 0.719701 0.698968 0.676543 0.652514 0.626991 0.60011 0.572033 0.542939 0.513031 0.482528 0.451661 0.420669 0.389795 0.359278 0.329351 0.300233 0.272125 0.245207 0.219633 0.195529 0.172993 0.152091 0.132861 0.115313 0.0994296 0.0851721 0.0724806 0.0612791 0.0514792 0.0429841 0.0356923 0.029501 0.0243096 0.0200229 0.0165532 0.013823 0.0117665 0.0103311 0.0094794 
