4.85962e-07 5.0754e-07 6.08878e-07 8.02577e-07 1.11131e-06 1.56968e-06 2.22655e-06 3.14808e-06 4.42144e-06 6.15926e-06 8.50472e-06 1.16372e-05 1.57781e-05 2.11972e-05 2.82185e-05 3.72259e-05 4.86671e-05 6.3057e-05 8.09781e-05 0.000103078 0.000130066 0.0001627 0.000201778 0.000248112 0.000302516 0.000365767 0.000438581 0.000521577 0.000615238 0.000719875 0.000835592 0.000962251 0.00109944 0.00124647 0.00140233 0.00156571 0.001735 0.0019083 0.00208346 0.00225813 0.00242978 0.00259579 0.00275352 0.00290032 0.00303367 0.00315123 0.00325085 0.00333072 0.00338936 0.00342565 0.00343892 0.00342894 0.00339588 0.00334039 0.00326352 0.00316672 0.00305177 0.00292076 0.00277603 0.00262006 0.00245549 0.00228494 0.00211105 0.00193632 0.00176314 0.00159365 0.00142978 0.00127317 0.00112515 0.000986768 0.000858752 0.000741548 0.000635331 0.000540032 0.000455375 0.000380907 0.000316038 0.000260078 0.000212267 0.00017181 0.000137903 0.000109756 8.66147e-05 6.77694e-05 5.25691e-05 4.04257e-05 3.08171e-05 2.3287e-05 1.74422e-05 1.29492e-05 9.52877e-06 6.95029e-06 5.0259e-06 3.60458e-06 2.56666e-06 1.8187e-06 1.28908e-06 9.24135e-07 6.85031e-07 5.45584e-07 
5.0754e-07 5.30297e-07 6.36718e-07 8.40086e-07 1.16428e-06 1.64577e-06 2.33605e-06 3.30483e-06 4.64399e-06 6.47227e-06 8.94065e-06 1.22382e-05 1.65984e-05 2.23058e-05 2.9702e-05 3.91914e-05 5.12461e-05 6.64086e-05 8.52924e-05 0.00010858 0.000137017 0.000171401 0.00021257 0.000261381 0.000318683 0.000385295 0.000461966 0.000549342 0.000647926 0.000758042 0.000879791 0.00101302 0.00115731 0.0013119 0.00147573 0.00164744 0.00182531 0.00200735 0.00219131 0.00237471 0.00255491 0.00272916 0.00289467 0.00304869 0.00318858 0.00331187 0.00341635 0.00350009 0.00356154 0.00359957 0.00361345 0.00360293 0.00356822 0.00350998 0.00342932 0.00332774 0.00320712 0.00306964 0.00291774 0.00275404 0.00258128 0.00240223 0.00221963 0.00203614 0.00185422 0.00167617 0.00150398 0.00133938 0.00118379 0.0010383 0.000903687 0.000780418 0.000668685 0.000568421 0.000479338 0.000400967 0.000332689 0.000273782 0.000223448 0.000180852 0.000145152 0.000115516 9.11493e-05 7.13073e-05 5.53039e-05 4.25201e-05 3.24061e-05 2.44811e-05 1.8331e-05 1.36044e-05 1.00071e-05 7.29615e-06 5.27357e-06 3.78029e-06 2.69027e-06 1.90511e-06 1.3494e-06 9.66651e-07 7.16001e-07 5.69901e-07 
6.08878e-07 6.36718e-07 7.64781e-07 1.00896e-06 1.3978e-06 1.97479e-06 2.8013e-06 3.96029e-06 5.56096e-06 7.74425e-06 1.0689e-05 1.4619e-05 1.98101e-05 2.65976e-05 3.53835e-05 4.66429e-05 6.09292e-05 7.88766e-05 0.000101201 0.000128697 0.000162231 0.000202725 0.000251148 0.000308483 0.000375706 0.000453748 0.000543459 0.000645565 0.000760623 0.000888978 0.00103072 0.00118564 0.00135322 0.00153256 0.00172243 0.00192119 0.00212688 0.0023372 0.00254953 0.00276103 0.00296866 0.00316928 0.0033597 0.00353678 0.00369752 0.00383909 0.00395899 0.00405503 0.00412546 0.00416897 0.00418477 0.00417256 0.00413259 0.0040656 0.00397285 0.00385606 0.00371735 0.00355922 0.00338444 0.003196 0.00299702 0.00279067 0.00258008 0.00236831 0.0021582 0.00195236 0.00175313 0.00156251 0.00138214 0.00121331 0.00105693 0.000913584 0.000783505 0.000666647 0.000562703 0.000471151 0.000391298 0.000322323 0.000263318 0.000213326 0.000171377 0.000136514 0.000107818 8.44235e-05 6.55344e-05 5.04293e-05 3.84661e-05 2.90826e-05 2.17936e-05 1.61863e-05 1.19148e-05 8.69301e-06 6.28728e-06 4.50976e-06 3.21132e-06 2.27543e-06 1.61269e-06 1.15605e-06 8.57007e-07 6.8283e-07 
8.02577e-07 8.40086e-07 1.00896e-06 1.32995e-06 1.84017e-06 2.59609e-06 3.6772e-06 5.19077e-06 7.27766e-06 1.01192e-05 1.39452e-05 1.90419e-05 2.57617e-05 3.45315e-05 4.58619e-05 6.03543e-05 7.87067e-05 0.000101717 0.000130283 0.000165395 0.000208132 0.000259637 0.000321101 0.000393734 0.000478723 0.000577197 0.000690174 0.000818512 0.000962855 0.00112358 0.00130075 0.00149404 0.00170277 0.00192577 0.00216147 0.00240784 0.00266242 0.00292235 0.00318441 0.00344512 0.00370075 0.00394747 0.0041814 0.00439873 0.00459582 0.00476927 0.00491604 0.00503351 0.00511955 0.00517262 0.00519175 0.00517658 0.00512742 0.00504517 0.00493135 0.00478803 0.00461778 0.00442361 0.00420888 0.0039772 0.00373237 0.00347824 0.00321865 0.0029573 0.0026977 0.00244307 0.00219629 0.00195984 0.00173578 0.00152573 0.00133088 0.00115197 0.000989351 0.000843014 0.000712624 0.000597576 0.000497051 0.000410063 0.000335513 0.000272237 0.000219044 0.000174755 0.000138234 0.000108407 8.42806e-05 6.49529e-05 4.96186e-05 3.75701e-05 2.81949e-05 2.09707e-05 1.54584e-05 1.1294e-05 8.17967e-06 5.87507e-06 4.18919e-06 2.97243e-06 2.10977e-06 1.51485e-06 1.12508e-06 8.98234e-07 
1.11131e-06 1.16428e-06 1.3978e-06 1.84017e-06 2.5419e-06 3.57966e-06 5.06112e-06 7.13122e-06 9.97983e-06 1.38507e-05 1.90518e-05 2.59658e-05 3.50621e-05 4.69078e-05 6.21785e-05 8.16676e-05 0.000106293 0.000137098 0.000175254 0.00022205 0.000278875 0.000347205 0.000428563 0.000524487 0.000636478 0.000765948 0.000914159 0.00108216 0.0012707 0.00148021 0.00171067 0.00196161 0.00223204 0.00252044 0.00282471 0.00314219 0.00346969 0.00380354 0.00413963 0.00447349 0.00480041 0.00511554 0.00541398 0.00569095 0.00594187 0.00616248 0.00634898 0.00649811 0.00660723 0.00667439 0.00669841 0.00667884 0.00661608 0.00651124 0.00636624 0.00618365 0.00596669 0.00571912 0.00544516 0.00514936 0.00483647 0.00451138 0.00417891 0.00384378 0.00351045 0.00318304 0.00286524 0.00256026 0.00227079 0.00199895 0.00174633 0.00151395 0.00130234 0.00111154 0.000941202 0.000790606 0.000658752 0.00054442 0.000446234 0.000362722 0.000292372 0.000233676 0.000185173 0.000145478 0.000113303 8.74748e-05 6.69413e-05 5.07751e-05 3.81707e-05 2.84391e-05 2.09993e-05 1.5368e-05 1.11488e-05 8.02095e-06 5.72888e-06 4.07193e-06 2.89547e-06 2.0832e-06 1.55072e-06 1.24099e-06 
1.56968e-06 1.64577e-06 1.97479e-06 2.59609e-06 3.57966e-06 5.03152e-06 7.10018e-06 9.9851e-06 1.39469e-05 1.93192e-05 2.65222e-05 3.60768e-05 4.86195e-05 6.49168e-05 8.58792e-05 0.000112572 0.000146221 0.000188219 0.000240118 0.00030362 0.000380555 0.000472849 0.000582487 0.000711454 0.000861678 0.00103495 0.00123286 0.00145669 0.00170735 0.00198528 0.00229036 0.00262187 0.00297842 0.00335792 0.00375755 0.00417378 0.00460241 0.00503864 0.00547709 0.005912 0.00633729 0.0067467 0.00713397 0.00749298 0.00781787 0.00810326 0.0083443 0.00853686 0.0086776 0.00876406 0.00879474 0.0087691 0.00868763 0.00855176 0.0083639 0.00812733 0.00784615 0.00752514 0.00716966 0.00678552 0.00637881 0.00595577 0.00552263 0.00508546 0.00465003 0.0042217 0.00380529 0.00340504 0.00302448 0.00266647 0.00233315 0.00202597 0.00174568 0.00149247 0.00126595 0.00106526 0.00088919 0.000736192 0.000604521 0.000492288 0.000397539 0.000318317 0.000252713 0.000198906 0.0001552 0.000120041 9.20311e-05 6.99323e-05 5.26669e-05 3.93097e-05 2.90775e-05 2.13172e-05 1.54917e-05 1.11649e-05 7.9885e-06 5.68835e-06 4.05271e-06 2.92202e-06 2.18027e-06 1.74904e-06 
2.22655e-06 2.33605e-06 2.8013e-06 3.6772e-06 5.06112e-06 7.10018e-06 1e-05 1.40362e-05 1.95677e-05 2.7053e-05 3.70678e-05 5.03234e-05 6.76864e-05 9.01973e-05 0.000119087 0.000155791 0.000201955 0.000259442 0.000330318 0.000416839 0.00052142 0.000646591 0.000794939 0.00096904 0.00117137 0.00140422 0.00166958 0.00196903 0.00230363 0.00267383 0.00307935 0.0035191 0.00399111 0.00449253 0.00501956 0.00556749 0.00613078 0.00670309 0.00727743 0.00784629 0.00840178 0.00893584 0.00944042 0.00990765 0.0103301 0.0107007 0.0110135 0.0112632 0.0114455 0.0115573 0.0115967 0.011563 0.0114568 0.0112801 0.0110358 0.0107281 0.0103622 0.00994431 0.00948122 0.00898035 0.00844954 0.00789681 0.00733021 0.00675758 0.00618644 0.00562376 0.00507589 0.00454839 0.00404598 0.0035725 0.00313085 0.00272304 0.00235022 0.00201273 0.0017102 0.00144163 0.0012055 0.000999874 0.000822536 0.000671054 0.000542897 0.00043551 0.000346391 0.000273142 0.000213516 0.000165449 0.000127075 9.67365e-05 7.29848e-05 5.45719e-05 4.04386e-05 2.96985e-05 2.16203e-05 1.56092e-05 1.11883e-05 7.98142e-06 5.69752e-06 4.1167e-06 3.07892e-06 2.47583e-06 
3.14808e-06 3.30483e-06 3.96029e-06 5.19077e-06 7.13122e-06 9.9851e-06 1.40362e-05 1.96637e-05 2.73607e-05 3.77549e-05 5.16322e-05 6.99609e-05 9.39169e-05 0.000124907 0.000164591 0.000214895 0.000278023 0.000356455 0.000452934 0.000570439 0.000712145 0.000881359 0.00108145 0.00131573 0.00158738 0.00189929 0.00225396 0.0026533 0.00309855 0.0035901 0.00412742 0.0047089 0.00533179 0.0059922 0.00668502 0.00740403 0.0081419 0.00889035 0.00964028 0.0103819 0.0111052 0.0117996 0.0124549 0.013061 0.0136084 0.0140884 0.014493 0.0148157 0.015051 0.0151951 0.0152455 0.0152015 0.0150637 0.0148345 0.0145179 0.014119 0.0136446 0.0131024 0.0125011 0.0118502 0.0111596 0.0104398 0.00970097 0.0089533 0.0082065 0.00746966 0.00675106 0.00605802 0.00539679 0.0047725 0.00418909 0.00364935 0.00315494 0.00270648 0.00230365 0.00194529 0.00162956 0.00135404 0.0011159 0.000912056 0.000739225 0.000594093 0.000473391 0.000373972 0.000292871 0.000227354 0.000174939 0.000133413 0.000100837 7.55316e-05 5.60689e-05 4.12498e-05 3.00822e-05 2.17564e-05 1.56221e-05 1.11648e-05 7.98545e-06 5.78208e-06 4.33452e-06 3.4936e-06 
4.42144e-06 4.64399e-06 5.56096e-06 7.27766e-06 9.97983e-06 1.39469e-05 1.95677e-05 2.73607e-05 3.79981e-05 5.23337e-05 7.14328e-05 9.66044e-05 0.000129433 0.000171808 0.00022595 0.000294428 0.00038017 0.000486455 0.000616897 0.000775404 0.000966115 0.00119332 0.00146136 0.00177449 0.00213673 0.00255172 0.00302252 0.00355144 0.00413987 0.00478809 0.00549515 0.00625873 0.00707504 0.00793882 0.00884327 0.00978019 0.01074 0.0117119 0.0126842 0.0136444 0.0145793 0.0154759 0.0163209 0.0171016 0.0178059 0.0184229 0.0189426 0.0193567 0.0196584 0.0198429 0.019907 0.0198499 0.0196724 0.0193775 0.0189701 0.0184568 0.0178461 0.0171476 0.0163724 0.0155325 0.0146405 0.0137097 0.0127531 0.0117837 0.010814 0.00985583 0.00891981 0.00801554 0.00715124 0.00633372 0.00556828 0.00485875 0.00420751 0.0036156 0.0030828 0.00260783 0.00218846 0.00182172 0.00150407 0.00123156 0.00100002 0.000805162 0.000642758 0.000508702 0.000399113 0.000310394 0.000239268 0.000182802 0.000138414 0.000103863 7.7236e-05 5.69221e-05 4.1584e-05 3.01276e-05 2.16713e-05 1.55164e-05 1.11194e-05 8.06835e-06 6.06234e-06 4.89737e-06 
6.15926e-06 6.47227e-06 7.74425e-06 1.01192e-05 1.38507e-05 1.93192e-05 2.7053e-05 3.77549e-05 5.23337e-05 7.19403e-05 9.80069e-05 0.000132288 0.0001769 0.000234358 0.000307608 0.000400045 0.000515523 0.000658343 0.000833222 0.00104523 0.00129973 0.00160222 0.00195825 0.0023732 0.00285212 0.00339952 0.00401911 0.00471362 0.00548454 0.00633194 0.00725427 0.00824821 0.00930861 0.0104284 0.0115987 0.0128087 0.014046 0.0152969 0.0165462 0.0177779 0.0189757 0.0201227 0.0212024 0.0221988 0.0230968 0.0238827 0.0245441 0.0250707 0.025454 0.025688 0.0257689 0.0256955 0.025469 0.025093 0.0245737 0.0239194 0.0231403 0.0222488 0.0212586 0.0201848 0.0190432 0.0178503 0.0166229 0.0153773 0.0141295 0.0128945 0.011686 0.0105165 0.00939668 0.00833543 0.00733986 0.00641516 0.00556471 0.00479011 0.00409141 0.00346721 0.00291489 0.00243083 0.00201065 0.00164939 0.00134177 0.00108232 0.000865613 0.000686343 0.000539478 0.000420327 0.000324601 0.000248446 0.000188456 0.000141666 0.000105535 7.79149e-05 5.70199e-05 4.13834e-05 2.98208e-05 2.13905e-05 1.53588e-05 1.1168e-05 8.4106e-06 6.80966e-06 
8.50472e-06 8.94065e-06 1.0689e-05 1.39452e-05 1.90518e-05 2.65222e-05 3.70678e-05 5.16322e-05 7.14328e-05 9.80069e-05 0.000133262 0.000179527 0.000239603 0.000316806 0.000415007 0.000538651 0.000692762 0.000882921 0.00111522 0.00139619 0.00173267 0.00213168 0.00260018 0.00314494 0.00377221 0.00448748 0.00529521 0.00619853 0.00719895 0.00829614 0.00948771 0.010769 0.0121332 0.0135708 0.0150702 0.0166175 0.0181969 0.0197907 0.0213799 0.0229443 0.0244633 0.0259159 0.0272816 0.0285404 0.0296738 0.0306646 0.0314978 0.0321605 0.0326425 0.0329364 0.0330374 0.0329442 0.0326582 0.0321839 0.0315288 0.0307032 0.0297197 0.0285935 0.0273415 0.0259824 0.024536 0.0230228 0.0214636 0.0198791 0.0182892 0.016713 0.0151681 0.0136702 0.0122333 0.0108689 0.00958639 0.00839274 0.00729262 0.00628851 0.00538082 0.00456813 0.00384745 0.00321444 0.00266374 0.00218921 0.00178424 0.00144193 0.00115537 0.000917801 0.000722749 0.000564161 0.000436479 0.000334687 0.000254334 0.000191531 0.000142936 0.000105715 7.75012e-05 5.63476e-05 4.06767e-05 2.92313e-05 2.10296e-05 1.5324e-05 1.15668e-05 9.38592e-06 
1.16372e-05 1.22382e-05 1.4619e-05 1.90419e-05 2.59658e-05 3.60768e-05 5.03234e-05 6.99609e-05 9.66044e-05 0.000132288 0.000179527 0.000241384 0.000321529 0.000424293 0.000554711 0.000718542 0.000922269 0.00117307 0.00147872 0.00184754 0.00228817 0.00280943 0.00342002 0.00412828 0.00494188 0.0058674 0.00691009 0.00807341 0.0093588 0.0107653 0.0122893 0.0139245 0.0156616 0.0174885 0.0193899 0.0213483 0.0233435 0.0253533 0.0273538 0.0293199 0.0312259 0.0330462 0.0347552 0.0363286 0.0377437 0.0389796 0.0400179 0.0408431 0.0414428 0.0418078 0.0419328 0.0418157 0.0414586 0.0408668 0.0400494 0.0390188 0.0377906 0.0363831 0.0348171 0.0331153 0.031302 0.0294026 0.0274427 0.0254479 0.0234432 0.0214523 0.0194974 0.0175985 0.0157734 0.0140368 0.0124012 0.0108756 0.00946659 0.0081777 0.00701 0.00596218 0.00503088 0.00421103 0.00349616 0.00287877 0.00235068 0.00190329 0.00152793 0.00121605 0.000959409 0.000750293 0.000581563 0.000446758 0.000340119 0.000256598 0.000191839 0.000142137 0.000104388 7.60308e-05 5.49847e-05 3.95869e-05 2.85356e-05 2.08377e-05 1.57645e-05 1.28204e-05 
1.57781e-05 1.65984e-05 1.98101e-05 2.57617e-05 3.50621e-05 4.86195e-05 6.76864e-05 9.39169e-05 0.000129433 0.0001769 0.000239603 0.000321529 0.00042744 0.000562935 0.000734498 0.000949516 0.00121627 0.00154388 0.0019422 0.00242167 0.00299311 0.00366748 0.00445549 0.00536733 0.00641222 0.00759797 0.00893058 0.0104138 0.0120488 0.0138335 0.015763 0.0178285 0.0200178 0.0223152 0.0247015 0.0271542 0.0296481 0.0321556 0.034647 0.0370915 0.0394576 0.0417138 0.0438294 0.0457747 0.0475222 0.0490469 0.0503267 0.051343 0.0520808 0.0525294 0.0526822 0.052537 0.052096 0.0513658 0.0503572 0.0490851 0.0475681 0.0458284 0.0438909 0.0417831 0.0395345 0.0371759 0.0347386 0.032254 0.0297528 0.0272646 0.0248167 0.0224343 0.0201398 0.0179523 0.0158874 0.0139573 0.0121707 0.0105327 0.00904542 0.00770773 0.00651604 0.00546453 0.00454553 0.00375001 0.00306797 0.00248884 0.00200183 0.00159625 0.00126177 0.000988612 0.000767726 0.000590867 0.00045066 0.000340617 0.000255116 0.00018936 0.000139319 0.000101655 7.36494e-05 5.31241e-05 3.83694e-05 2.80785e-05 2.12909e-05 1.73526e-05 
2.11972e-05 2.23058e-05 2.65976e-05 3.45315e-05 4.69078e-05 6.49168e-05 9.01973e-05 0.000124907 0.000171808 0.000234358 0.000316806 0.000424293 0.000562935 0.000739899 0.00096345 0.00124297 0.00158892 0.00201277 0.00252687 0.00314419 0.00387812 0.00474209 0.00574917 0.0069116 0.00824032 0.00974441 0.0114306 0.0133028 0.0153614 0.0176033 0.0200211 0.0226034 0.0253342 0.0281934 0.0311567 0.0341962 0.0372805 0.0403756 0.0434451 0.0464517 0.0493571 0.0521233 0.0547134 0.0570921 0.0592264 0.0610867 0.0626467 0.0638843 0.0647821 0.0653273 0.0655122 0.0653341 0.0647958 0.0639049 0.0626743 0.0611216 0.0592688 0.0571422 0.0547715 0.0521895 0.0494314 0.0465343 0.043536 0.0404744 0.037387 0.0343098 0.0312768 0.028319 0.0254643 0.0227369 0.0201566 0.0177395 0.0154969 0.0134361 0.0115605 0.00986959 0.00835967 0.00702418 0.00585422 0.00483906 0.00396666 0.00322414 0.00259828 0.00207586 0.00164404 0.00129059 0.00100413 0.000774266 0.000591642 0.000448 0.000336158 0.000249967 0.000184242 0.000134677 9.77524e-05 7.06427e-05 5.1124e-05 3.74924e-05 2.84939e-05 2.32736e-05 
2.82185e-05 2.9702e-05 3.53835e-05 4.58619e-05 6.21785e-05 8.58792e-05 0.000119087 0.000164591 0.00022595 0.000307608 0.000415007 0.000554711 0.000734498 0.00096345 0.001252 0.00161194 0.00205635 0.00259951 0.00325669 0.00404388 0.00497744 0.00607364 0.00734818 0.0088156 0.0104887 0.0123778 0.0144902 0.0168298 0.0193959 0.0221834 0.0251825 0.0283777 0.0317488 0.0352703 0.0389119 0.0426389 0.046413 0.0501927 0.053934 0.057592 0.0611209 0.0644755 0.0676119 0.0704884 0.0730664 0.0753109 0.0771913 0.0786819 0.0797622 0.0804175 0.0806387 0.080423 0.0797733 0.0786987 0.0772141 0.0753401 0.0731024 0.0705316 0.0676628 0.0645345 0.0611885 0.0576685 0.0540197 0.0502875 0.046517 0.0427517 0.0390329 0.0353989 0.0318839 0.0285181 0.0253268 0.0223302 0.0195435 0.0169766 0.0146347 0.0125183 0.0106238 0.00894413 0.00746906 0.00618607 0.00508083 0.00413789 0.0033412 0.00267463 0.00212237 0.0016693 0.00130128 0.00100529 0.000769624 0.000583857 0.000438908 0.000326969 0.000241436 0.000176806 0.000128568 9.30884e-05 6.75026e-05 4.96103e-05 3.77892e-05 3.09323e-05 
3.72259e-05 3.91914e-05 4.66429e-05 6.03543e-05 8.16676e-05 0.000112572 0.000155791 0.000214895 0.000294428 0.000400045 0.000538651 0.000718542 0.000949516 0.00124297 0.00161194 0.00207108 0.0026366 0.00332608 0.00415823 0.00515249 0.00632863 0.00770615 0.00930366 0.0111382 0.0132244 0.0155738 0.0181942 0.0210888 0.0242556 0.027687 0.0313693 0.0352829 0.0394018 0.0436943 0.0481228 0.0526451 0.0572146 0.0617813 0.0662928 0.0706955 0.0749354 0.0789592 0.0827155 0.0861559 0.0892354 0.0919136 0.0941551 0.0959303 0.0972159 0.0979948 0.0982567 0.0979984 0.0972232 0.0959417 0.0941708 0.0919343 0.0892617 0.0861884 0.0827551 0.0790066 0.0749914 0.0707609 0.0663681 0.0618669 0.0573109 0.052752 0.0482399 0.0438211 0.0395375 0.0354263 0.031519 0.0278414 0.024413 0.0212473 0.0183519 0.0157288 0.0133749 0.0112827 0.00944079 0.00783475 0.00644781 0.00526166 0.00425706 0.00341451 0.0027148 0.00213943 0.00167098 0.00129339 0.000992058 0.000754015 0.000567877 0.000423826 0.00031353 0.000230022 0.000167575 0.000121563 8.83277e-05 6.50553e-05 4.96665e-05 4.0741e-05 
4.86671e-05 5.12461e-05 6.09292e-05 7.87067e-05 0.000106293 0.000146221 0.000201955 0.000278023 0.00038017 0.000515523 0.000692762 0.000922269 0.00121627 0.00158892 0.00205635 0.0026366 0.00334954 0.00421659 0.0052604 0.00650439 0.00797215 0.00968674 0.01167 0.0139414 0.0165177 0.0194113 0.0226302 0.0261764 0.0300459 0.0342278 0.0387039 0.0434489 0.0484305 0.0536091 0.0589392 0.0643694 0.069844 0.0753035 0.080686 0.0859284 0.0909676 0.0957419 0.100192 0.104262 0.1079 0.11106 0.113703 0.115793 0.117306 0.118222 0.118529 0.118223 0.117309 0.115797 0.113709 0.111069 0.107913 0.104279 0.100215 0.0957726 0.0910066 0.0859768 0.0807449 0.0753739 0.0699264 0.0644642 0.0590464 0.0537285 0.0485614 0.0435904 0.0388545 0.0343859 0.0302097 0.0263437 0.0227989 0.0195792 0.0166826 0.0141014 0.0118233 0.0098318 0.00810773 0.00662957 0.00537457 0.00431947 0.00344113 0.00271716 0.00212636 0.00164904 0.00126727 0.000965013 0.000728148 0.000544451 0.000403506 0.000296579 0.000216466 0.00015733 0.000114547 8.4548e-05 6.46942e-05 5.318e-05 
6.3057e-05 6.64086e-05 7.88766e-05 0.000101717 0.000137098 0.000188219 0.000259442 0.000356455 0.000486455 0.000658343 0.000882921 0.00117307 0.00154388 0.00201277 0.00259951 0.00332608 0.00421659 0.00529686 0.00659404 0.008136 0.00995056 0.0120647 0.0145035 0.0172894 0.0204405 0.0239703 0.0278861 0.0321885 0.0368705 0.0419169 0.047304 0.0529998 0.058964 0.0651484 0.071498 0.0779514 0.0844424 0.090901 0.0972548 0.103431 0.109356 0.11496 0.120175 0.124937 0.129188 0.132876 0.135957 0.138392 0.140153 0.141218 0.141573 0.141216 0.140149 0.138387 0.135951 0.132871 0.129184 0.124935 0.120178 0.114969 0.109372 0.103456 0.097291 0.0909493 0.084504 0.0780273 0.0715886 0.0652538 0.0590838 0.0531333 0.04745 0.0420737 0.0370363 0.0323609 0.0280627 0.0241486 0.020618 0.0174636 0.0146723 0.012226 0.0101027 0.00827771 0.00672435 0.00541516 0.00432266 0.00342 0.00268164 0.00208372 0.0016044 0.00122406 0.000925351 0.000693194 0.000514696 0.000379005 0.000277143 0.000201818 0.000147234 0.000108909 8.35224e-05 6.88001e-05 
8.09781e-05 8.52924e-05 0.000101201 0.000130283 0.000175254 0.000240118 0.000330318 0.000452934 0.000616897 0.000833222 0.00111522 0.00147872 0.0019422 0.00252687 0.00325669 0.00415823 0.0052604 0.00659404 0.00819133 0.0100851 0.0123077 0.0148903 0.0178615 0.0212462 0.0250642 0.0293293 0.0340477 0.0392176 0.044828 0.0508584 0.0572785 0.0640481 0.0711178 0.0784295 0.0859172 0.0935084 0.101125 0.108687 0.116109 0.123308 0.130202 0.136709 0.142754 0.148266 0.153179 0.157437 0.16099 0.163795 0.165822 0.167046 0.167454 0.16704 0.165811 0.163779 0.160969 0.157414 0.153155 0.148241 0.142732 0.136691 0.13019 0.123305 0.116116 0.108706 0.101159 0.0935578 0.0859835 0.0785133 0.0712193 0.0641667 0.0574133 0.0510079 0.0449903 0.0393903 0.0342281 0.0295146 0.0252516 0.0214327 0.0180444 0.0150671 0.0124761 0.0102434 0.00833824 0.0067285 0.00538187 0.00426654 0.00335204 0.00260974 0.00201331 0.00153897 0.00116561 0.000874812 0.000650754 0.000480083 0.000351714 0.000256615 0.000187588 0.000139057 0.000106882 8.82234e-05 
0.000103078 0.00010858 0.000128697 0.000165395 0.00022205 0.00030362 0.000416839 0.000570439 0.000775404 0.00104523 0.00139619 0.00184754 0.00242167 0.00314419 0.00404388 0.00515249 0.00650439 0.008136 0.0100851 0.0123897 0.0150874 0.0182135 0.0218001 0.0258745 0.0304576 0.035563 0.0411951 0.0473487 0.0540077 0.061145 0.0687222 0.0766898 0.0849878 0.0935466 0.102288 0.111128 0.119975 0.128737 0.137318 0.145623 0.153558 0.161035 0.167968 0.174279 0.179897 0.184759 0.188811 0.192008 0.194315 0.195708 0.19617 0.195698 0.194296 0.191979 0.188774 0.184716 0.179849 0.174228 0.167916 0.160984 0.153512 0.145584 0.137289 0.128721 0.119974 0.111143 0.102322 0.0936009 0.085063 0.0767858 0.0688385 0.0612803 0.0541601 0.0475159 0.0413743 0.035751 0.0306512 0.0260703 0.0219949 0.0184042 0.0152713 0.0125644 0.0102486 0.00828703 0.00664193 0.00527606 0.00415342 0.00324002 0.0025044 0.00191803 0.00145547 0.0010944 0.000815619 0.000602829 0.000442467 0.000323452 0.000236924 0.000176006 0.000135582 0.00011214 
0.000130066 0.000137017 0.000162231 0.000208132 0.000278875 0.000380555 0.00052142 0.000712145 0.000966115 0.00129973 0.00173267 0.00228817 0.00299311 0.00387812 0.00497744 0.00632863 0.00797215 0.00995056 0.0123077 0.0150874 0.0183323 0.0220822 0.0263725 0.0312325 0.0366839 0.042739 0.0493997 0.0566559 0.0644855 0.0728532 0.0817111 0.0909987 0.100644 0.110565 0.12067 0.130861 0.141035 0.151085 0.160904 0.170386 0.179426 0.187926 0.195794 0.202943 0.209298 0.21479 0.219362 0.222966 0.225564 0.227131 0.227651 0.227117 0.225536 0.222924 0.219308 0.214725 0.209224 0.202862 0.195709 0.18784 0.179341 0.170306 0.160833 0.151026 0.140991 0.130835 0.120664 0.110582 0.100685 0.0910639 0.0818008 0.0729665 0.0646208 0.056811 0.0495716 0.0429245 0.0368793 0.031434 0.0265763 0.0222847 0.0185301 0.0152775 0.0124875 0.0101182 0.00812615 0.0064681 0.00510198 0.00398782 0.00308843 0.00236987 0.00180175 0.00135733 0.00101345 0.00075044 0.000551845 0.000404185 0.000296656 0.000220851 0.000170502 0.000141304 
0.0001627 0.000171401 0.000202725 0.000259637 0.000347205 0.000472849 0.000646591 0.000881359 0.00119332 0.00160222 0.00213168 0.00280943 0.00366748 0.00474209 0.00607364 0.00770615 0.00968674 0.0120647 0.0148903 0.0182135 0.0220822 0.0265405 0.0316269 0.0373722 0.0437981 0.0509148 0.0587203 0.0671986 0.0763197 0.0860389 0.096297 0.107021 0.118126 0.129515 0.141084 0.152718 0.164302 0.175715 0.186837 0.197552 0.207745 0.217309 0.226144 0.234158 0.24127 0.247408 0.252512 0.25653 0.259426 0.26117 0.261747 0.261151 0.259388 0.256475 0.252439 0.24732 0.241169 0.234046 0.226023 0.217183 0.207617 0.197427 0.186719 0.175607 0.164208 0.152643 0.14103 0.129486 0.118124 0.107047 0.0963517 0.086122 0.0764301 0.0673341 0.0588782 0.0510917 0.04399 0.037575 0.031836 0.0267518 0.0222917 0.0184175 0.0150856 0.0122486 0.00985725 0.00786188 0.0062138 0.00486644 0.00377623 0.00290322 0.00221144 0.00166908 0.00124854 0.000926237 0.000682394 0.000500761 0.000368275 0.000274751 0.000212577 0.00017652 
0.000201778 0.00021257 0.000251148 0.000321101 0.000428563 0.000582487 0.000794939 0.00108145 0.00146136 0.00195825 0.00260018 0.00342002 0.00445549 0.00574917 0.00734818 0.00930366 0.01167 0.0145035 0.0178615 0.0218001 0.0263725 0.0316269 0.0376044 0.0443368 0.0518445 0.0601348 0.0692001 0.0790174 0.089547 0.100733 0.112504 0.124772 0.137438 0.15039 0.163506 0.176661 0.189721 0.202554 0.215028 0.227015 0.238392 0.249043 0.258862 0.267753 0.275629 0.282417 0.288054 0.292487 0.295679 0.297601 0.298235 0.297577 0.295632 0.292418 0.287962 0.282306 0.2755 0.267608 0.258704 0.248876 0.23822 0.226842 0.214859 0.202393 0.189573 0.17653 0.163398 0.150307 0.137385 0.12475 0.112515 0.100778 0.0896242 0.0791256 0.0693367 0.0602963 0.0520269 0.0445354 0.0378145 0.0318435 0.0265909 0.0220159 0.0180708 0.0147028 0.0118566 0.00947571 0.00750431 0.00588874 0.00457841 0.00352671 0.00269145 0.00203518 0.00152522 0.00113358 0.000836709 0.000615173 0.00045332 0.00033891 0.000262783 0.00021863 
0.000248112 0.000261381 0.000308483 0.000393734 0.000524487 0.000711454 0.00096904 0.00131573 0.00177449 0.0023732 0.00314494 0.00412828 0.00536733 0.0069116 0.0088156 0.0111382 0.0139414 0.0172894 0.0212462 0.0258745 0.0312325 0.0373722 0.0443368 0.0521579 0.0608538 0.0704271 0.0808637 0.0921313 0.104179 0.116939 0.130323 0.14423 0.158544 0.173136 0.18787 0.202602 0.217187 0.231478 0.245331 0.258609 0.27118 0.282923 0.293725 0.303487 0.31212 0.319548 0.325709 0.33055 0.334031 0.336125 0.336816 0.336097 0.333975 0.330467 0.3256 0.319415 0.311964 0.30331 0.293531 0.282715 0.270963 0.258387 0.245109 0.23126 0.21698 0.202412 0.187701 0.172994 0.158433 0.144153 0.130283 0.116936 0.104215 0.092204 0.0809712 0.070566 0.06102 0.0523466 0.0445427 0.0375899 0.0314564 0.0260994 0.0214675 0.0175027 0.0141435 0.0113263 0.00898779 0.00706675 0.00550498 0.00424855 0.00324845 0.00246094 0.0018477 0.00137578 0.00101736 0.000749412 0.000553332 0.000414542 0.000322109 0.000268496 
0.000302516 0.000318683 0.000375706 0.000478723 0.000636478 0.000861678 0.00117137 0.00158738 0.00213673 0.00285212 0.00377221 0.00494188 0.00641222 0.00824032 0.0104887 0.0132244 0.0165177 0.0204405 0.0250642 0.0304576 0.0366839 0.0437981 0.0518445 0.0608538 0.0708405 0.0818015 0.0937139 0.106535 0.1202 0.134627 0.149713 0.165338 0.181369 0.19766 0.214059 0.230405 0.24654 0.262304 0.277542 0.292108 0.305863 0.318681 0.330446 0.341056 0.350422 0.358468 0.365132 0.370362 0.37412 0.37638 0.377124 0.376348 0.374057 0.370268 0.365008 0.358315 0.350241 0.34085 0.330218 0.318434 0.305602 0.291836 0.277266 0.262029 0.246273 0.230152 0.213826 0.197454 0.181194 0.165199 0.149614 0.13457 0.120187 0.106564 0.0937844 0.0819103 0.0709836 0.0610261 0.0520406 0.0440118 0.0369092 0.0306885 0.025295 0.0206662 0.016734 0.0134278 0.0106767 0.00841116 0.00656494 0.00507624 0.00388858 0.00295134 0.00221996 0.00165598 0.00122681 0.000905395 0.000669812 0.000502837 0.000391534 0.000326969 
0.000365767 0.000385295 0.000453748 0.000577197 0.000765948 0.00103495 0.00140422 0.00189929 0.00255172 0.00339952 0.00448748 0.0058674 0.00759797 0.00974441 0.0123778 0.0155738 0.0194113 0.0239703 0.0293293 0.035563 0.042739 0.0509148 0.0601348 0.0704271 0.0818015 0.0942469 0.10773 0.122196 0.137565 0.153738 0.170595 0.187998 0.205795 0.223823 0.241911 0.259885 0.277571 0.294798 0.311403 0.32723 0.342137 0.355992 0.36868 0.380098 0.390158 0.398786 0.40592 0.411514 0.415529 0.417942 0.418736 0.417907 0.41546 0.41141 0.405783 0.398615 0.389956 0.379867 0.368422 0.35571 0.341834 0.326912 0.311075 0.294467 0.277243 0.259568 0.241611 0.223548 0.205552 0.187792 0.170431 0.15362 0.137495 0.122174 0.107756 0.094318 0.0819142 0.0705765 0.060315 0.0511194 0.0429611 0.0357959 0.0295666 0.024206 0.0196402 0.0157916 0.0125811 0.00993078 0.0077659 0.00601622 0.00461722 0.00351078 0.00264556 0.00197702 0.00146731 0.0010849 0.00080416 0.000604918 0.000471987 0.000394867 
0.000438581 0.000461966 0.000543459 0.000690174 0.000914159 0.00123286 0.00166958 0.00225396 0.00302252 0.00401911 0.00529521 0.00691009 0.00893058 0.0114306 0.0144902 0.0181942 0.0226302 0.0278861 0.0340477 0.0411951 0.0493997 0.0587203 0.0692001 0.0808637 0.0937139 0.10773 0.122867 0.139055 0.156198 0.174178 0.192857 0.212076 0.231665 0.251443 0.271221 0.29081 0.310024 0.328681 0.346609 0.363647 0.37965 0.394485 0.408037 0.420205 0.430904 0.440063 0.447626 0.453548 0.457796 0.460346 0.461185 0.460309 0.457723 0.453438 0.44748 0.439881 0.430686 0.419953 0.407753 0.394173 0.379312 0.363288 0.346234 0.328297 0.309638 0.29043 0.270855 0.251098 0.231351 0.211799 0.192623 0.173993 0.156064 0.138975 0.122841 0.107756 0.0937892 0.0809833 0.0693582 0.05891 0.0496137 0.041426 0.0342881 0.0281292 0.0228697 0.018425 0.0147079 0.0116321 0.00911362 0.00707351 0.00543864 0.00414287 0.00312747 0.00234133 0.00174081 0.00128948 0.000957621 0.000721793 0.000564312 0.000472937 
0.000521577 0.000549342 0.000645565 0.000818512 0.00108216 0.00145669 0.00196903 0.0026533 0.00355144 0.00471362 0.00619853 0.00807341 0.0104138 0.0133028 0.0168298 0.0210888 0.0261764 0.0321885 0.0392176 0.0473487 0.0566559 0.0671986 0.0790174 0.0921313 0.106535 0.122196 0.139055 0.157026 0.175994 0.195822 0.21635 0.237402 0.258785 0.280301 0.301744 0.322911 0.343604 0.363631 0.382816 0.400993 0.418015 0.433753 0.448091 0.460935 0.472205 0.481834 0.489773 0.495982 0.50043 0.5031 0.503978 0.503062 0.500355 0.495869 0.489622 0.481645 0.471977 0.46067 0.44779 0.433417 0.417649 0.400599 0.3824 0.3632 0.343164 0.322472 0.301313 0.279888 0.258399 0.237051 0.216043 0.195565 0.175791 0.156881 0.138971 0.12217 0.106566 0.0922145 0.0791471 0.0673677 0.0568568 0.0475731 0.0394574 0.0324359 0.0264242 0.0213308 0.0170607 0.0135186 0.0106116 0.0082514 0.00635583 0.0048502 0.00366791 0.00275075 0.00204884 0.00152038 0.00113121 0.000854301 0.000669224 0.000561822 
0.000615238 0.000647926 0.000760623 0.000962855 0.0012707 0.00170735 0.00230363 0.00309855 0.00413987 0.00548454 0.00719895 0.0093588 0.0120488 0.0153614 0.0193959 0.0242556 0.0300459 0.0368705 0.044828 0.0540077 0.0644855 0.0763197 0.089547 0.104179 0.1202 0.137565 0.156198 0.175994 0.196819 0.218514 0.240899 0.263774 0.286929 0.310146 0.333204 0.355887 0.377985 0.399301 0.419653 0.438875 0.456821 0.473365 0.488397 0.50183 0.513589 0.523617 0.531871 0.538317 0.542932 0.545699 0.54661 0.545662 0.542857 0.538205 0.53172 0.523427 0.513358 0.501559 0.488086 0.473015 0.456435 0.438455 0.419204 0.39883 0.377498 0.355393 0.332713 0.309667 0.286473 0.263351 0.240517 0.218183 0.196544 0.175781 0.15605 0.137482 0.120181 0.10422 0.0896422 0.0764625 0.0646679 0.0542209 0.0450631 0.0371188 0.0302992 0.0245067 0.0196385 0.0155906 0.0122608 0.0095511 0.00737011 0.00563411 0.00426815 0.00320642 0.00239238 0.00177845 0.00132565 0.00100306 0.000787265 0.000662016 
0.000719875 0.000758042 0.000888978 0.00112358 0.00148021 0.00198528 0.00267383 0.0035901 0.00478809 0.00633194 0.00829614 0.0107653 0.0138335 0.0176033 0.0221834 0.027687 0.0342278 0.0419169 0.0508584 0.061145 0.0728532 0.0860389 0.100733 0.116939 0.134627 0.153738 0.174178 0.195822 0.218514 0.242073 0.266296 0.290963 0.315843 0.340701 0.3653 0.389412 0.412821 0.435322 0.456732 0.476887 0.495645 0.512885 0.528505 0.542427 0.554585 0.564933 0.573435 0.580065 0.584806 0.587648 0.588584 0.587613 0.584736 0.579958 0.57329 0.564749 0.55436 0.542159 0.528194 0.51253 0.495249 0.476452 0.456261 0.43482 0.412296 0.388873 0.364755 0.340162 0.315321 0.290469 0.265841 0.241667 0.218165 0.195537 0.173962 0.153593 0.134552 0.116931 0.100788 0.0861499 0.073012 0.0613424 0.0510848 0.0421626 0.0344838 0.0279449 0.0224361 0.0178446 0.0140589 0.0109714 0.00848099 0.00649452 0.00492834 0.00370866 0.00277181 0.00206408 0.00154132 0.00116842 0.000918762 0.000773834 
0.000835592 0.000879791 0.00103072 0.00130075 0.00171067 0.00229036 0.00307935 0.00412742 0.00549515 0.00725427 0.00948771 0.0122893 0.015763 0.0200211 0.0251825 0.0313693 0.0387039 0.047304 0.0572785 0.0687222 0.0817111 0.096297 0.112504 0.130323 0.149713 0.170595 0.192857 0.21635 0.240899 0.266296 0.292318 0.318721 0.345256 0.371671 0.397715 0.423151 0.447755 0.47132 0.493663 0.514625 0.534069 0.551882 0.567976 0.582279 0.59474 0.605322 0.614 0.620757 0.625585 0.628477 0.62943 0.628445 0.625521 0.620659 0.613866 0.60515 0.594527 0.582022 0.567674 0.551534 0.533674 0.514185 0.49318 0.470799 0.447202 0.422575 0.397126 0.371079 0.344674 0.318161 0.291791 0.265816 0.240475 0.215992 0.192569 0.170383 0.149577 0.130262 0.112513 0.096371 0.0818413 0.0688991 0.0574919 0.0475435 0.0389595 0.0316316 0.0254431 0.0202731 0.0160007 0.0125087 0.00968589 0.00742973 0.0056474 0.00425679 0.00318675 0.00237708 0.00177815 0.00135041 0.00106378 0.000897366 
0.000962251 0.00101302 0.00118564 0.00149404 0.00196161 0.00262187 0.0035191 0.0047089 0.00625873 0.00824821 0.010769 0.0139245 0.0178285 0.0226034 0.0283777 0.0352829 0.0434489 0.0529998 0.0640481 0.0766898 0.0909987 0.107021 0.124772 0.14423 0.165338 0.187998 0.212076 0.237402 0.263774 0.290963 0.318721 0.346785 0.374885 0.402753 0.430129 0.456764 0.482432 0.506925 0.530065 0.551695 0.571691 0.589949 0.606393 0.620966 0.633629 0.644358 0.653139 0.659966 0.664838 0.667755 0.668718 0.667728 0.664783 0.659881 0.653022 0.644205 0.633437 0.620731 0.606111 0.589618 0.571308 0.551262 0.529582 0.506397 0.481863 0.456162 0.429504 0.402116 0.374249 0.346164 0.318128 0.290412 0.263277 0.23697 0.211717 0.187717 0.165139 0.144112 0.124732 0.107054 0.0910958 0.0768419 0.0642446 0.0532296 0.0437011 0.035547 0.0286443 0.0228644 0.0180774 0.0141563 0.01098 0.00843627 0.00642289 0.00484911 0.00363604 0.00271667 0.00203563 0.00154866 0.00122209 0.00103245 
0.00109944 0.00115731 0.00135322 0.00170277 0.00223204 0.00297842 0.00399111 0.00533179 0.00707504 0.00930861 0.0121332 0.0156616 0.0200178 0.0253342 0.0317488 0.0394018 0.0484305 0.058964 0.0711178 0.0849878 0.100644 0.118126 0.137438 0.158544 0.181369 0.205795 0.231665 0.258785 0.286929 0.315843 0.345256 0.374885 0.404442 0.433644 0.462221 0.48992 0.516509 0.541786 0.565575 0.587731 0.608139 0.62671 0.643382 0.658112 0.670876 0.681664 0.690475 0.697314 0.702189 0.705106 0.706071 0.705085 0.702146 0.697246 0.690379 0.681536 0.670711 0.657905 0.643128 0.626406 0.60778 0.587316 0.565104 0.541261 0.515935 0.489303 0.461572 0.432973 0.403762 0.374211 0.344603 0.315226 0.286362 0.258281 0.231234 0.205445 0.181104 0.158366 0.137345 0.118113 0.100704 0.0851112 0.0712937 0.0591806 0.0486761 0.0396651 0.0320192 0.0256025 0.0202766 0.0159048 0.0123563 0.00950886 0.00725089 0.00548277 0.00411761 0.00308137 0.00231269 0.00176244 0.00139313 0.00117863 
0.00124647 0.0013119 0.00153256 0.00192577 0.00252044 0.00335792 0.00449253 0.0059922 0.00793882 0.0104284 0.0135708 0.0174885 0.0223152 0.0281934 0.0352703 0.0436943 0.0536091 0.0651484 0.0784295 0.0935466 0.110565 0.129515 0.15039 0.173136 0.19766 0.223823 0.251443 0.280301 0.310146 0.340701 0.371671 0.402753 0.433644 0.464049 0.493687 0.522302 0.549664 0.575574 0.599864 0.622401 0.643082 0.661835 0.678612 0.693388 0.706156 0.716919 0.72569 0.732487 0.737325 0.74022 0.741179 0.740206 0.737296 0.732439 0.72562 0.716821 0.706025 0.693218 0.678395 0.661567 0.642757 0.622016 0.599417 0.575066 0.549098 0.521684 0.493025 0.463353 0.43293 0.402035 0.370964 0.340023 0.309513 0.279727 0.250941 0.223403 0.197329 0.172896 0.150241 0.129454 0.110585 0.0936378 0.0785813 0.0653487 0.0538453 0.0439541 0.0355423 0.0284673 0.0225824 0.0177419 0.0138052 0.0106403 0.00812601 0.00615376 0.0046285 0.00346901 0.00260775 0.00199054 0.00157598 0.00133515 
0.00140233 0.00147573 0.00172243 0.00216147 0.00282471 0.00375755 0.00501956 0.00668502 0.00884327 0.0115987 0.0150702 0.0193899 0.0247015 0.0311567 0.0389119 0.0481228 0.0589392 0.071498 0.0859172 0.102288 0.12067 0.141084 0.163506 0.18787 0.214059 0.241911 0.271221 0.301744 0.333204 0.3653 0.397715 0.430129 0.462221 0.493687 0.524241 0.553622 0.581605 0.607997 0.632641 0.655416 0.676236 0.695044 0.711811 0.72653 0.739209 0.749868 0.758536 0.765239 0.770005 0.772854 0.773801 0.772848 0.76999 0.765213 0.758494 0.749805 0.739117 0.726402 0.711639 0.694821 0.675954 0.655071 0.632229 0.607517 0.581058 0.553013 0.523577 0.492979 0.461483 0.429375 0.396964 0.364569 0.332511 0.301105 0.270651 0.241423 0.213661 0.187568 0.163301 0.140972 0.120647 0.102345 0.086042 0.071679 0.0591632 0.0483767 0.0391833 0.0314343 0.0249756 0.0196525 0.0153151 0.0118216 0.00904137 0.00685688 0.00516484 0.00387669 0.00291865 0.00223135 0.00176937 0.00150094 
0.00156571 0.00164744 0.00192119 0.00240784 0.00314219 0.00417378 0.00556749 0.00740403 0.00978019 0.0128087 0.0166175 0.0213483 0.0271542 0.0341962 0.0426389 0.0526451 0.0643694 0.0779514 0.0935084 0.111128 0.130861 0.152718 0.176661 0.202602 0.230405 0.259885 0.29081 0.322911 0.355887 0.389412 0.423151 0.456764 0.48992 0.522302 0.553622 0.583621 0.612076 0.638804 0.66366 0.686539 0.70737 0.726117 0.742768 0.757333 0.76984 0.780326 0.78883 0.795395 0.800056 0.802842 0.803769 0.802844 0.800059 0.795394 0.788821 0.780301 0.769792 0.757253 0.742646 0.725945 0.70714 0.686243 0.663292 0.638362 0.611559 0.583032 0.552968 0.521593 0.489168 0.455986 0.422364 0.388636 0.35514 0.322213 0.290177 0.259332 0.229943 0.202238 0.176397 0.152555 0.130793 0.111147 0.0936038 0.0781107 0.0645789 0.052891 0.0429078 0.0344758 0.0274337 0.0216189 0.016872 0.0130419 0.00998864 0.0075858 0.00572183 0.00430082 0.00324267 0.00248278 0.00197164 0.00167459 
0.001735 0.00182531 0.00212688 0.00266242 0.00346969 0.00460241 0.00613078 0.0081419 0.01074 0.014046 0.0181969 0.0233435 0.0296481 0.0372805 0.046413 0.0572146 0.069844 0.0844424 0.101125 0.119975 0.141035 0.164302 0.189721 0.217187 0.24654 0.277571 0.310024 0.343604 0.377985 0.412821 0.447755 0.482432 0.516509 0.549664 0.581605 0.612076 0.640861 0.667787 0.692724 0.715583 0.736312 0.754891 0.771331 0.78566 0.797923 0.808173 0.816466 0.822853 0.827383 0.830088 0.830991 0.830098 0.827402 0.822878 0.816489 0.808188 0.797921 0.785631 0.771264 0.754776 0.736138 0.715342 0.692409 0.667392 0.640384 0.611518 0.580972 0.548964 0.515754 0.481638 0.446941 0.412006 0.377191 0.342852 0.309332 0.276956 0.246015 0.216762 0.1894 0.164086 0.140922 0.119956 0.10119 0.084578 0.070037 0.0574504 0.0466774 0.0375604 0.0299317 0.0236208 0.0184599 0.0142887 0.0109582 0.00833312 0.00629383 0.00473712 0.00357656 0.00274232 0.00218078 0.00185439 
0.0019083 0.00200735 0.0023372 0.00292235 0.00380354 0.00503864 0.00670309 0.00889035 0.0117119 0.0152969 0.0197907 0.0253533 0.0321556 0.0403756 0.0501927 0.0617813 0.0753035 0.090901 0.108687 0.128737 0.151085 0.175715 0.202554 0.231478 0.262304 0.294798 0.328681 0.363631 0.399301 0.435322 0.47132 0.506925 0.541786 0.575574 0.607997 0.638804 0.667787 0.694787 0.719687 0.742415 0.762941 0.781263 0.797412 0.811434 0.823393 0.833358 0.841398 0.847578 0.851953 0.854565 0.85544 0.854585 0.85199 0.847628 0.841455 0.833414 0.823438 0.811458 0.797402 0.781209 0.762829 0.742236 0.71943 0.694445 0.667357 0.638285 0.607392 0.574891 0.541037 0.506126 0.470488 0.434479 0.398469 0.362832 0.327936 0.294126 0.26172 0.230994 0.202178 0.175448 0.150926 0.128678 0.108719 0.0910115 0.0754783 0.0620054 0.0504511 0.0406542 0.0324417 0.025636 0.0200612 0.0155482 0.0119392 0.0090905 0.00687446 0.00518071 0.00391658 0.00300706 0.00239446 0.00203832 
