1.09812e-05 1.13323e-05 1.27416e-05 1.53039e-05 1.91798e-05 2.46026e-05 3.18843e-05 4.14214e-05 5.37027e-05 6.93165e-05 8.89581e-05 0.000113436 0.000143678 0.00018073 0.000225762 0.000280055 0.000345 0.000422079 0.000512844 0.000618893 0.000741834 0.000883247 0.00104464 0.00122739 0.00143271 0.00166156 0.00191462 0.00219221 0.00249425 0.00282021 0.00316908 0.00353932 0.00392886 0.00433508 0.00475485 0.00518453 0.00562003 0.00605684 0.00649016 0.0069149 0.00732587 0.00771779 0.00808548 0.00842391 0.00872832 0.00899438 0.00921819 0.00939646 0.00952653 0.00960644 0.00963499 0.00961176 0.00953712 0.00941222 0.00923896 0.00901994 0.00875842 0.00845824 0.00812371 0.00775954 0.00737072 0.00696243 0.0065399 0.00610833 0.00567278 0.00523808 0.00480872 0.00438882 0.00398203 0.00359151 0.00321991 0.00286934 0.00254137 0.00223707 0.00195702 0.00170133 0.00146974 0.00126161 0.00107602 0.000911821 0.000767653 0.000642048 0.000533454 0.000440283 0.000360957 0.000293933 0.000237738 0.000190985 0.000152387 0.000120771 9.50827e-05 7.43829e-05 5.78507e-05 4.47768e-05 3.45579e-05 2.66899e-05 2.07606e-05 1.64425e-05 1.34865e-05 1.172e-05 
1.13323e-05 1.16967e-05 1.3155e-05 1.58059e-05 1.98154e-05 2.54253e-05 3.29586e-05 4.28258e-05 5.55329e-05 7.16889e-05 9.20135e-05 0.000117343 0.000148637 0.000186979 0.000233576 0.000289755 0.000356953 0.000436699 0.000530597 0.000640295 0.000767454 0.0009137 0.00108059 0.00126954 0.00148178 0.00171832 0.00197983 0.00226665 0.00257867 0.00291535 0.00327563 0.00365791 0.00406004 0.00447932 0.00491251 0.00535585 0.00580512 0.00625567 0.00670255 0.00714051 0.00756421 0.00796822 0.0083472 0.00869597 0.00900967 0.00928379 0.00951437 0.009698 0.00983196 0.00991424 0.0099436 0.00991961 0.00984265 0.00971391 0.00953532 0.00930959 0.00904005 0.00873064 0.00838581 0.0080104 0.00760954 0.00718856 0.00675285 0.00630777 0.00585852 0.00541009 0.0049671 0.00453381 0.00411397 0.00371088 0.00332725 0.00296527 0.00262658 0.00231228 0.00202298 0.00175881 0.0015195 0.00130441 0.0011126 0.000942858 0.000793814 0.000663947 0.000551658 0.00045531 0.000373273 0.000303956 0.000245836 0.00019748 0.000157559 0.00012486 9.82912e-05 7.68835e-05 5.97869e-05 4.62677e-05 3.57016e-05 2.75672e-05 2.14377e-05 1.69745e-05 1.39197e-05 1.20946e-05 
1.27416e-05 1.3155e-05 1.47955e-05 1.77729e-05 2.22728e-05 2.8565e-05 3.70093e-05 4.80629e-05 6.22886e-05 8.03632e-05 0.000103085 0.000131383 0.000166317 0.000209086 0.000261024 0.000323592 0.00039837 0.00048704 0.00059136 0.000713132 0.000854166 0.00101624 0.00120102 0.00141006 0.00164467 0.00190592 0.00219451 0.00251076 0.00285453 0.00322517 0.00362147 0.00404165 0.00448333 0.0049435 0.00541861 0.00590452 0.00639661 0.0068898 0.00737867 0.00785754 0.00832055 0.00876184 0.00917559 0.00955621 0.0098984 0.0101973 0.0104487 0.0106487 0.0107946 0.0108841 0.010916 0.0108896 0.0108056 0.010665 0.0104701 0.0102237 0.00992954 0.00959177 0.00921524 0.00880519 0.00836719 0.00790703 0.00743056 0.00694361 0.00645185 0.00596071 0.00547526 0.00500013 0.00453948 0.0040969 0.0036754 0.00327742 0.00290477 0.0025587 0.00223992 0.00194862 0.00168453 0.00144698 0.00123497 0.00104722 0.000882229 0.000738358 0.000613863 0.000506962 0.000415871 0.000338846 0.000274216 0.000220404 0.000175948 0.00013951 0.000109884 8.59968e-05 6.69086e-05 5.18058e-05 3.99959e-05 3.08997e-05 2.4043e-05 1.9049e-05 1.56311e-05 1.35903e-05 
1.53039e-05 1.58059e-05 1.77729e-05 2.13352e-05 2.67126e-05 3.42237e-05 4.4293e-05 5.74593e-05 7.43847e-05 9.58639e-05 0.000122833 0.000156378 0.000197738 0.000248309 0.000309639 0.000383425 0.000471494 0.000575783 0.000698314 0.00084115 0.00100636 0.00119595 0.00141183 0.00165571 0.00192907 0.00223306 0.00256843 0.00293548 0.00333396 0.00376306 0.00422131 0.00470661 0.00521614 0.00574642 0.00629333 0.00685209 0.0074174 0.00798343 0.00854401 0.00909265 0.00962271 0.0101275 0.0106005 0.0110353 0.011426 0.0117671 0.0120537 0.0122818 0.0124479 0.0125498 0.0125858 0.0125555 0.0124593 0.0122986 0.0120759 0.0117945 0.0114583 0.0110723 0.0106418 0.0101727 0.00967141 0.00914443 0.00859841 0.00803997 0.00747557 0.00691141 0.00635328 0.00580651 0.00527589 0.00476555 0.00427902 0.00381913 0.00338803 0.00298724 0.00261761 0.00227944 0.00197249 0.00169605 0.00144903 0.00123 0.00103729 0.000869038 0.000723264 0.000597934 0.000491007 0.000400481 0.000324429 0.000261031 0.000208592 0.000165561 0.000130533 0.00010226 7.96418e-05 6.17275e-05 4.77055e-05 3.68961e-05 2.87422e-05 2.28004e-05 1.87335e-05 1.6307e-05 
1.91798e-05 1.98154e-05 2.22728e-05 2.67126e-05 3.34048e-05 4.27404e-05 5.52395e-05 7.15612e-05 9.25138e-05 0.000119065 0.000152354 0.000193697 0.000244592 0.000306725 0.000381959 0.000472328 0.000580017 0.000707335 0.000856682 0.0010305 0.00123121 0.00146118 0.00172262 0.00201749 0.00234749 0.00271388 0.00311748 0.00355852 0.00403663 0.0045507 0.00509892 0.00567866 0.00628653 0.00691833 0.0075691 0.00823316 0.0089042 0.00957535 0.0102393 0.0108885 0.0115151 0.0121113 0.0126695 0.0131822 0.0136426 0.0140443 0.0143816 0.0146498 0.014845 0.0149645 0.0150065 0.0149704 0.0148568 0.0146673 0.0144048 0.0140729 0.0136764 0.0132209 0.0127128 0.0121588 0.0115664 0.0109432 0.010297 0.00963545 0.00896622 0.0082966 0.00763344 0.00698305 0.00635112 0.00574261 0.00516175 0.00461199 0.00409595 0.00361553 0.00317185 0.00276535 0.00239585 0.0020626 0.00176437 0.00149954 0.00126619 0.00106215 0.000885097 0.000732652 0.000602397 0.000491956 0.000399036 0.000321463 0.000257207 0.000204402 0.000161358 0.000126566 9.86959e-05 7.65936e-05 5.92729e-05 4.5906e-05 3.58136e-05 2.84545e-05 2.34165e-05 2.0413e-05 
2.46026e-05 2.54253e-05 2.8565e-05 3.42237e-05 4.27404e-05 5.46053e-05 7.04694e-05 9.11559e-05 0.000117672 0.000151223 0.000193221 0.000245296 0.000309299 0.000387304 0.000481598 0.000594671 0.000729186 0.00088795 0.00107386 0.00128987 0.00153887 0.00182369 0.00214692 0.00251088 0.0029175 0.00336823 0.0038639 0.00440469 0.00498998 0.00561832 0.00628736 0.00699383 0.00773349 0.00850118 0.00929083 0.0100956 0.0109077 0.0117191 0.0125208 0.0133038 0.0140589 0.0147766 0.0154479 0.0160641 0.016617 0.017099 0.0175035 0.0178249 0.0180587 0.0182015 0.0182514 0.0182077 0.018071 0.0178432 0.0175277 0.0171289 0.0166524 0.0161048 0.0154935 0.0148267 0.0141132 0.0133619 0.0125822 0.0117833 0.0109743 0.0101639 0.00936044 0.00857148 0.00780394 0.00706388 0.0063565 0.00568604 0.00505583 0.00446824 0.00392478 0.00342612 0.00297214 0.00256205 0.00219449 0.00186758 0.00157906 0.00132638 0.00110678 0.000917391 0.000755313 0.000617672 0.000501684 0.000404701 0.000324242 0.000258021 0.000203959 0.000160196 0.00012509 9.72115e-05 7.53357e-05 5.84338e-05 4.56597e-05 3.63387e-05 2.99559e-05 2.61536e-05 
3.18843e-05 3.29586e-05 3.70093e-05 4.4293e-05 5.52395e-05 7.04694e-05 9.08052e-05 0.000117285 0.000151177 0.000193994 0.000247506 0.000313751 0.000395034 0.000493935 0.000613287 0.000756164 0.000925845 0.00112577 0.00135948 0.00163055 0.00194249 0.00229867 0.0027022 0.00315581 0.00366172 0.00422156 0.00483621 0.00550569 0.00622909 0.00700447 0.00782879 0.0086979 0.00960649 0.0105482 0.0115154 0.0124998 0.0134921 0.0144821 0.0154592 0.0164125 0.0173308 0.0182028 0.0190178 0.0197652 0.0204352 0.021019 0.0215086 0.0218973 0.0221798 0.0223522 0.022412 0.0223586 0.0221925 0.0219163 0.0215337 0.0210502 0.0204722 0.0198077 0.0190656 0.0182556 0.0173882 0.0164741 0.0155246 0.0145507 0.0135635 0.0125736 0.0115908 0.0106247 0.00968356 0.00877492 0.00790518 0.00707967 0.00630257 0.00557695 0.0049048 0.0042871 0.00372387 0.00321429 0.00275682 0.0023493 0.00198905 0.00167303 0.00139794 0.00116032 0.000956627 0.000783371 0.000637138 0.000514671 0.000412911 0.000329027 0.000260441 0.000204839 0.00016017 0.000124648 9.6738e-05 7.51484e-05 5.88152e-05 4.68883e-05 3.87188e-05 3.38554e-05 
4.14214e-05 4.28258e-05 4.80629e-05 5.74593e-05 7.15612e-05 9.11559e-05 0.000117285 0.000151261 0.000194683 0.000249457 0.000317806 0.00040228 0.000505764 0.000631467 0.000782912 0.000963901 0.00117848 0.00143087 0.00172541 0.00206644 0.00245823 0.00290481 0.00340989 0.00397667 0.00460776 0.00530493 0.00606908 0.00690004 0.00779647 0.00875578 0.00977405 0.010846 0.011965 0.0131231 0.0143109 0.0155182 0.0167336 0.0179447 0.0191387 0.0203022 0.0214218 0.0224841 0.0234759 0.0243847 0.0251989 0.0259077 0.0265017 0.0269731 0.0273154 0.0275239 0.027596 0.0275305 0.0273284 0.0269926 0.0265276 0.0259398 0.0252371 0.0244288 0.0235257 0.0225392 0.021482 0.0203671 0.0192078 0.0180177 0.0168099 0.0155974 0.0143924 0.0132061 0.0120491 0.0109305 0.00985833 0.00883919 0.00787841 0.00697993 0.0061464 0.00537918 0.00467853 0.00404361 0.00347271 0.00296331 0.00251228 0.00211599 0.00177047 0.00147152 0.00121485 0.000996179 0.000811321 0.000656262 0.000527219 0.00042068 0.00033344 0.000262608 0.000205623 0.000160244 0.000124543 9.68943e-05 7.5956e-05 6.06551e-05 5.01713e-05 4.39341e-05 
5.37027e-05 5.55329e-05 6.22886e-05 7.43847e-05 9.25138e-05 0.000117672 0.000151177 0.000194683 0.000250206 0.000320138 0.000407266 0.00051478 0.000646276 0.000805745 0.00099755 0.00122639 0.00149725 0.00181529 0.00218582 0.0026141 0.00310528 0.00366421 0.00429527 0.00500224 0.00578807 0.00665475 0.00760312 0.00863271 0.00974162 0.0109264 0.0121821 0.013502 0.0148777 0.0162994 0.0177556 0.0192337 0.0207197 0.0221987 0.023655 0.0250727 0.0264354 0.0277271 0.028932 0.0300351 0.0310226 0.0318817 0.0326013 0.0331718 0.0335858 0.0338378 0.0339243 0.0338444 0.033599 0.0331915 0.0326275 0.0319143 0.0310615 0.0300802 0.028983 0.0277839 0.0264977 0.0251402 0.0237274 0.0222755 0.0208005 0.019318 0.0178428 0.0163889 0.0149689 0.0135941 0.0122746 0.0110185 0.00983258 0.00872191 0.00768993 0.00673859 0.00586841 0.00507863 0.00436733 0.00373165 0.0031679 0.00267178 0.00223851 0.00186304 0.00154015 0.00126463 0.00103134 0.000835355 0.000671995 0.000536918 0.000426142 0.000336069 0.000263501 0.000205632 0.000160047 0.000124703 9.79097e-05 7.83158e-05 6.48863e-05 5.69012e-05 
6.93165e-05 7.16889e-05 8.03632e-05 9.58639e-05 0.000119065 0.000151223 0.000193994 0.000249457 0.000320138 0.00040903 0.00051961 0.000655848 0.000822208 0.00102363 0.0012655 0.00155359 0.001894 0.00229304 0.00275715 0.00329269 0.00390584 0.00460236 0.00538745 0.00626547 0.0072398 0.00831257 0.0094845 0.0107547 0.0121206 0.0135776 0.0151193 0.0167373 0.0184214 0.0201591 0.0219366 0.0237383 0.0255472 0.0273454 0.029114 0.0308337 0.0324849 0.0340485 0.0355058 0.0368389 0.0380313 0.039068 0.0399357 0.0406233 0.0411218 0.0414248 0.0415285 0.0414313 0.0411348 0.0406427 0.0399616 0.0391003 0.0380701 0.036884 0.0355571 0.0341059 0.0325482 0.0309027 0.0291885 0.027425 0.0256315 0.0238268 0.0220288 0.0202544 0.0185191 0.0168368 0.0152198 0.0136783 0.0122207 0.0108535 0.00958127 0.00840659 0.00733043 0.00635213 0.00546965 0.0046797 0.00397801 0.0033595 0.00281848 0.00234887 0.00194439 0.0015987 0.00130553 0.00105885 0.000852917 0.000682379 0.000542311 0.000428255 0.000336233 0.000262752 0.000204794 0.000159804 0.000125666 0.000100681 8.35517e-05 7.33717e-05 
8.89581e-05 9.20135e-05 0.000103085 0.000122833 0.000152354 0.000193221 0.000247506 0.000317806 0.000407266 0.00051961 0.000659149 0.000830798 0.00104006 0.00129302 0.00159627 0.00195688 0.00238226 0.00288008 0.00345808 0.00412391 0.00488493 0.00574796 0.00671906 0.00780328 0.00900437 0.0103246 0.0117644 0.0133224 0.014995 0.0167763 0.0186583 0.0206303 0.0226796 0.0247912 0.026948 0.0291312 0.0313202 0.0334935 0.0356284 0.0377019 0.0396908 0.0415723 0.0433242 0.0449254 0.0463566 0.0476 0.04864 0.0494636 0.0500603 0.0504227 0.050546 0.0504288 0.0500727 0.0494821 0.0486647 0.047631 0.046394 0.0449692 0.0433742 0.0416287 0.0397535 0.0377708 0.0357033 0.0335742 0.0314064 0.0292225 0.0270439 0.0248911 0.0227829 0.0207362 0.0187661 0.0168852 0.0151041 0.0134308 0.0118713 0.0104291 0.00910573 0.00790079 0.0068121 0.005836 0.00496754 0.00420077 0.00352899 0.00294495 0.00244109 0.00200977 0.00164341 0.00133466 0.00107652 0.000862414 0.0006863 0.000542682 0.000426644 0.00033386 0.000260585 0.000203638 0.000160384 0.000128705 0.000106978 9.40722e-05 
0.000113436 0.000117343 0.000131383 0.000156378 0.000193697 0.000245296 0.000313751 0.00040228 0.00051478 0.000655848 0.000830798 0.00104567 0.00130721 0.00162284 0.0020006 0.00244907 0.0029772 0.00359423 0.00430941 0.00513187 0.00607028 0.00713266 0.00832603 0.0096561 0.011127 0.0127411 0.0144984 0.0163968 0.0184314 0.0205948 0.0228766 0.025264 0.027741 0.0302896 0.0328889 0.0355163 0.0381473 0.0407559 0.0433153 0.0457982 0.0481772 0.0504255 0.0525169 0.0544269 0.0561326 0.0576134 0.0588513 0.0598309 0.0605403 0.0609706 0.0611164 0.0609761 0.0605514 0.0598477 0.0588739 0.0576419 0.0561671 0.0544676 0.0525639 0.050479 0.0482373 0.0458649 0.0433886 0.0408356 0.0382333 0.0356084 0.0329866 0.0303924 0.0278483 0.025375 0.0229906 0.0207109 0.0185487 0.0165142 0.0146151 0.012856 0.0112393 0.00976478 0.00843037 0.007232 0.00616403 0.00521958 0.00439076 0.00366902 0.00304537 0.00251064 0.00205573 0.00167174 0.00135019 0.00108309 0.000863056 0.000683357 0.00053796 0.000421543 0.000329487 0.000257861 0.000203404 0.00016349 0.000136106 0.000119846 
0.000143678 0.000148637 0.000166317 0.000197738 0.000244592 0.000309299 0.000395034 0.000505764 0.000646276 0.000822208 0.00104006 0.00130721 0.00163185 0.002023 0.00249038 0.0030443 0.00369552 0.00445504 0.00533389 0.00634282 0.00749201 0.00879074 0.0102471 0.0118674 0.0136562 0.0156157 0.0177455 0.0200423 0.0224997 0.0251084 0.0278554 0.0307248 0.0336974 0.0367511 0.039861 0.0429999 0.0461388 0.0492469 0.0522926 0.0552437 0.0580682 0.0607346 0.0632126 0.0654737 0.0674914 0.0692418 0.070704 0.0718605 0.0726974 0.0732045 0.0733757 0.0732091 0.0727067 0.0718747 0.0707232 0.0692662 0.0675213 0.0655095 0.0632545 0.0607828 0.0581231 0.0553055 0.0523615 0.049323 0.046222 0.0430901 0.0399579 0.0368542 0.0338063 0.0308388 0.0279737 0.0252301 0.0226238 0.0201677 0.0178712 0.0157405 0.013779 0.0119872 0.0103629 0.00890171 0.00759739 0.00644201 0.00542641 0.00454057 0.00377386 0.00311541 0.00255434 0.00208 0.00168216 0.00135118 0.00107811 0.000854774 0.00067381 0.000528717 0.000413838 0.000324352 0.000256248 0.000206294 0.000172008 0.00015166 
0.00018073 0.000186979 0.000209086 0.000248309 0.000306725 0.000387304 0.000493935 0.000631467 0.000805745 0.00102363 0.00129302 0.00162284 0.002023 0.00250435 0.00307855 0.00375792 0.00455527 0.00548363 0.00655597 0.00778489 0.00918219 0.0107586 0.0125231 0.0144829 0.0166427 0.0190044 0.0215668 0.0243254 0.0272719 0.0303944 0.033677 0.0371002 0.0406409 0.0442724 0.0479652 0.051687 0.0554034 0.0590784 0.062675 0.0661556 0.069483 0.0726209 0.0755342 0.0781901 0.080558 0.0826108 0.0843245 0.085679 0.0866586 0.0872516 0.0874512 0.087255 0.0866654 0.0856895 0.0843389 0.0826295 0.0805814 0.0782185 0.0755683 0.0726611 0.0695298 0.0662095 0.0627363 0.0591475 0.0554805 0.051772 0.0480581 0.044373 0.0407487 0.0372146 0.0337972 0.0305195 0.027401 0.0244572 0.0217002 0.019138 0.0167753 0.0146133 0.0126502 0.0108812 0.00929947 0.00789597 0.00666021 0.00558054 0.00464452 0.00383936 0.00315215 0.00257025 0.00208143 0.00167412 0.00133757 0.0010619 0.000838211 0.000658619 0.000516243 0.000405209 0.00032062 0.000258528 0.000215896 0.000190603 
0.000225762 0.000233576 0.000261024 0.000309639 0.000381959 0.000481598 0.000613287 0.000782912 0.00099755 0.0012655 0.00159627 0.0020006 0.00249038 0.00307855 0.00377899 0.00460632 0.00557566 0.00670232 0.00800143 0.0094876 0.0111744 0.013074 0.0151965 0.0175497 0.0201384 0.0229641 0.0260245 0.0293133 0.03282 0.0365297 0.0404231 0.0444763 0.0486617 0.0529477 0.0572991 0.0616781 0.0660444 0.0703559 0.0745699 0.0786428 0.0825319 0.0861954 0.0895933 0.092688 0.095445 0.0978331 0.0998254 0.101399 0.102537 0.103225 0.103455 0.103226 0.10254 0.101405 0.0998335 0.0978442 0.0954595 0.0927067 0.0896168 0.0862245 0.0825673 0.0786852 0.07462 0.0704143 0.0661114 0.0617541 0.0573843 0.0530419 0.0487648 0.0445877 0.0405421 0.0366555 0.0329515 0.0294493 0.0261636 0.023105 0.0202797 0.01769 0.0153343 0.013208 0.0113035 0.00961074 0.00811774 0.00681111 0.00567645 0.00469879 0.00386299 0.00315412 0.00255769 0.00205994 0.00164803 0.00131013 0.00103555 0.000814794 0.00063956 0.000502741 0.000398405 0.000321759 0.000269114 0.000237892 
0.000280055 0.000289755 0.000323592 0.000383425 0.000472328 0.000594671 0.000756164 0.000963901 0.00122639 0.00155359 0.00195688 0.00244907 0.0030443 0.00375792 0.00460632 0.00560671 0.00677678 0.00813435 0.00969696 0.0114814 0.0135031 0.0157757 0.0183104 0.0211155 0.0241956 0.0275517 0.0311799 0.0350719 0.0392144 0.0435889 0.0481719 0.0529349 0.057845 0.0628647 0.0679529 0.0730653 0.0781553 0.0831743 0.0880728 0.0928014 0.097311 0.101554 0.105485 0.109063 0.112247 0.115003 0.1173 0.119114 0.120424 0.121216 0.12148 0.121215 0.120423 0.119114 0.1173 0.115004 0.11225 0.109069 0.105495 0.101569 0.0973314 0.0928285 0.0881077 0.0832177 0.0782081 0.0731281 0.068026 0.0629483 0.0579392 0.0530393 0.0482859 0.0437118 0.0393451 0.0352092 0.0313224 0.0276978 0.0243439 0.0212641 0.0184578 0.0159204 0.0136436 0.0116164 0.00982544 0.00825532 0.00688954 0.00571076 0.00470137 0.00384386 0.00312121 0.00251719 0.00201654 0.00160524 0.00127053 0.00100106 0.000786878 0.000619455 0.000491652 0.000397695 0.000333133 0.000294857 
0.000345 0.000356953 0.00039837 0.000471494 0.000580017 0.000729186 0.000925845 0.00117848 0.00149725 0.001894 0.00238226 0.0029772 0.00369552 0.00455527 0.00557566 0.00677678 0.00817916 0.00980339 0.0116696 0.0137969 0.0162026 0.018902 0.0219072 0.0252267 0.0288651 0.032822 0.037092 0.0416639 0.0465212 0.0516413 0.0569958 0.0625508 0.0682674 0.0741017 0.0800059 0.0859287 0.0918164 0.0976133 0.103263 0.108709 0.113897 0.118773 0.123285 0.127386 0.131034 0.134189 0.136817 0.13889 0.140387 0.141291 0.141592 0.141288 0.140381 0.138883 0.136807 0.134179 0.131024 0.127377 0.123278 0.118769 0.113899 0.108717 0.103278 0.0976374 0.0918503 0.0859735 0.0800622 0.0741701 0.0683481 0.0626437 0.0571005 0.0517572 0.0466474 0.0417991 0.0372347 0.0329707 0.029018 0.0253819 0.0220628 0.0190562 0.0163538 0.0139434 0.0118101 0.00993659 0.00830414 0.00689282 0.00568228 0.00465219 0.0037827 0.00305478 0.00245051 0.00195332 0.00154813 0.00122147 0.000961489 0.000758027 0.000602558 0.000488174 0.000409544 0.000362941 
0.000422079 0.000436699 0.00048704 0.000575783 0.000707335 0.00088795 0.00112577 0.00143087 0.00181529 0.00229304 0.00288008 0.00359423 0.00445504 0.00548363 0.00670232 0.00813435 0.00980339 0.011733 0.0139461 0.0164642 0.0193067 0.0224902 0.0260277 0.0299281 0.0341949 0.0388266 0.0438152 0.0491468 0.0548005 0.0607489 0.0669584 0.0733888 0.0799944 0.0867242 0.0935232 0.100332 0.10709 0.113734 0.120199 0.126423 0.132344 0.137901 0.143039 0.147704 0.151849 0.155431 0.158413 0.160764 0.16246 0.163484 0.163824 0.163478 0.162449 0.160748 0.158393 0.155408 0.151824 0.147678 0.143013 0.137877 0.132323 0.126408 0.120191 0.113734 0.1071 0.100354 0.0935576 0.0867722 0.0800564 0.0734652 0.067049 0.0608533 0.0549178 0.0492758 0.0439546 0.0389745 0.0343495 0.0300873 0.0261895 0.0226524 0.0194673 0.0166213 0.014098 0.0118782 0.0099406 0.00826259 0.00682087 0.00559202 0.00455306 0.00368187 0.00295754 0.00236066 0.00187352 0.00148023 0.00116683 0.00092127 0.000733441 0.000595142 0.000500033 0.000443679 
0.000512844 0.000530597 0.00059136 0.000698314 0.000856682 0.00107386 0.00135948 0.00172541 0.00218582 0.00275715 0.00345808 0.00430941 0.00533389 0.00655597 0.00800143 0.00969696 0.0116696 0.0139461 0.0165523 0.0195122 0.0228472 0.0265753 0.0307101 0.0352603 0.0402286 0.0456113 0.0513979 0.0575703 0.0641032 0.0709637 0.0781117 0.0855003 0.0930764 0.100781 0.108552 0.11632 0.124018 0.131573 0.138915 0.145972 0.152676 0.158961 0.164765 0.170029 0.174702 0.178737 0.182093 0.184737 0.186644 0.187794 0.188175 0.187785 0.186627 0.184712 0.182061 0.178698 0.174659 0.169982 0.164716 0.158913 0.152629 0.145929 0.138878 0.131545 0.124 0.116314 0.108559 0.100804 0.0931146 0.085555 0.078183 0.0710514 0.0642068 0.0576887 0.0515296 0.0457547 0.0403816 0.0354206 0.0308755 0.0267434 0.0230156 0.0196787 0.0167148 0.0141028 0.0118188 0.0098374 0.00813211 0.00667618 0.0054432 0.00440766 0.00354532 0.00283364 0.00225195 0.00178168 0.00140644 0.00111208 0.000886701 0.000720622 0.000606361 0.000538677 
0.000618893 0.000640295 0.000713132 0.00084115 0.0010305 0.00128987 0.00163055 0.00206644 0.0026141 0.00329269 0.00412391 0.00513187 0.00634282 0.00778489 0.0094876 0.0114814 0.0137969 0.0164642 0.0195122 0.0229674 0.0268532 0.0311887 0.035988 0.0412592 0.0470037 0.0532152 0.0598796 0.0669746 0.0744693 0.0823246 0.0904935 0.0989212 0.107547 0.116302 0.125117 0.133914 0.142615 0.151142 0.159415 0.167356 0.174888 0.181941 0.188445 0.194339 0.199565 0.204073 0.20782 0.210771 0.212897 0.214179 0.214603 0.214167 0.212873 0.210736 0.207775 0.204018 0.199502 0.194269 0.188371 0.181865 0.174812 0.167282 0.159346 0.151081 0.142564 0.133875 0.125092 0.116294 0.107555 0.0989485 0.0905399 0.0823904 0.074554 0.0670773 0.0599991 0.0533497 0.0471511 0.0414173 0.0361541 0.0313601 0.0270273 0.0231416 0.019684 0.0166314 0.0139575 0.0116338 0.00963038 0.00791707 0.00646373 0.00524113 0.00422143 0.00337858 0.00268867 0.00213013 0.00168388 0.0013334 0.00106478 0.000866679 0.000730331 0.000649584 
0.000741834 0.000767454 0.000854166 0.00100636 0.00123121 0.00153887 0.00194249 0.00245823 0.00310528 0.00390584 0.00488493 0.00607028 0.00749201 0.00918219 0.0111744 0.0135031 0.0162026 0.0193067 0.0228472 0.0268532 0.0313498 0.0363572 0.0418895 0.047954 0.0545499 0.0616679 0.0692898 0.077388 0.0859255 0.094856 0.104125 0.113669 0.123418 0.133295 0.14322 0.153108 0.162871 0.172423 0.181674 0.19054 0.198939 0.206792 0.214025 0.220571 0.22637 0.231368 0.23552 0.238786 0.241139 0.242555 0.243024 0.24254 0.241108 0.23874 0.23546 0.231296 0.226287 0.220478 0.213924 0.206686 0.198831 0.190433 0.18157 0.172325 0.162783 0.153031 0.143158 0.13325 0.123391 0.113663 0.104141 0.0948942 0.0859858 0.0774698 0.0693921 0.0617889 0.0546875 0.0481058 0.0420528 0.036529 0.0315271 0.0270331 0.0230268 0.0194833 0.0163738 0.0136669 0.0113291 0.00932634 0.00762469 0.00619087 0.0049931 0.00400157 0.00318875 0.00252979 0.00200262 0.00158811 0.00127008 0.00103537 0.000873753 0.000778059 
0.000883247 0.0009137 0.00101624 0.00119595 0.00146118 0.00182369 0.00229867 0.00290481 0.00366421 0.00460236 0.00574796 0.00713266 0.00879074 0.0107586 0.013074 0.0157757 0.018902 0.0224902 0.0265753 0.0311887 0.0363572 0.0421016 0.0484359 0.0553656 0.0628875 0.0709886 0.0796457 0.0888251 0.0984829 0.108565 0.119008 0.129739 0.140679 0.151742 0.162837 0.17387 0.184745 0.195364 0.205633 0.215459 0.224752 0.233429 0.241411 0.248627 0.255012 0.26051 0.265072 0.26866 0.271243 0.272797 0.27331 0.272778 0.271204 0.268604 0.264998 0.260419 0.254907 0.248509 0.241283 0.233293 0.224611 0.215315 0.205491 0.195226 0.184615 0.173752 0.162734 0.151656 0.140613 0.129695 0.118988 0.10857 0.0985132 0.0888806 0.0797254 0.0710911 0.0630107 0.055507 0.0485926 0.0422705 0.0365348 0.0313718 0.0267606 0.0226746 0.0190827 0.0159501 0.01324 0.0109145 0.00893517 0.00726472 0.00586707 0.00470829 0.00375698 0.00298467 0.00236601 0.00187899 0.00150496 0.0012287 0.00103839 0.000925729 
0.00104464 0.00108059 0.00120102 0.00141183 0.00172262 0.00214692 0.0027022 0.00340989 0.00429527 0.00538745 0.00671906 0.00832603 0.0102471 0.0125231 0.0151965 0.0183104 0.0219072 0.0260277 0.0307101 0.035988 0.0418895 0.0484359 0.0556401 0.0635057 0.0720263 0.0811843 0.0909507 0.101285 0.112136 0.123439 0.135124 0.147106 0.159297 0.171601 0.183916 0.196138 0.208162 0.219884 0.231198 0.242007 0.252214 0.261729 0.270471 0.278364 0.285341 0.291342 0.296319 0.300229 0.303042 0.304734 0.305292 0.304711 0.302997 0.300162 0.29623 0.291234 0.285214 0.278222 0.270315 0.261562 0.252037 0.241826 0.231016 0.219704 0.207989 0.195975 0.183766 0.171469 0.159186 0.147019 0.135062 0.123406 0.11213 0.101309 0.0910025 0.0812631 0.0721302 0.0636321 0.055786 0.048598 0.0420643 0.0361716 0.0308989 0.0262181 0.0220958 0.0184944 0.0153732 0.0126903 0.010403 0.00846955 0.00684925 0.00550382 0.00439766 0.00349838 0.0027771 0.00220862 0.00177159 0.00144855 0.00122592 0.00109414 
0.00122739 0.00126954 0.00141006 0.00165571 0.00201749 0.00251088 0.00315581 0.00397667 0.00500224 0.00626547 0.00780328 0.0096561 0.0118674 0.0144829 0.0175497 0.0211155 0.0252267 0.0299281 0.0352603 0.0412592 0.047954 0.0553656 0.0635057 0.0723753 0.0819638 0.0922482 0.103193 0.11475 0.126859 0.139448 0.152433 0.165721 0.179213 0.192801 0.206375 0.21982 0.233021 0.245866 0.258243 0.270047 0.281175 0.291534 0.301037 0.309606 0.317171 0.323673 0.32906 0.333289 0.33633 0.338158 0.33876 0.338132 0.336277 0.333212 0.328958 0.323548 0.317024 0.309439 0.300852 0.291334 0.280964 0.269827 0.25802 0.245643 0.232802 0.219609 0.206177 0.192621 0.179053 0.165586 0.152325 0.139371 0.126814 0.114737 0.103212 0.0922982 0.0820433 0.072482 0.0636366 0.0555171 0.0481223 0.0414402 0.0354499 0.0301222 0.0254217 0.0213077 0.0177361 0.0146607 0.0120346 0.00981092 0.00794455 0.00639242 0.00511447 0.00407409 0.00323855 0.00257927 0.00207193 0.00169662 0.00143785 0.00128471 
0.00143271 0.00148178 0.00164467 0.00192907 0.00234749 0.0029175 0.00366172 0.00460776 0.00578807 0.0072398 0.00900437 0.011127 0.0136562 0.0166427 0.0201384 0.0241956 0.0288651 0.0341949 0.0402286 0.0470037 0.0545499 0.0628875 0.0720263 0.0819638 0.0926845 0.104159 0.116346 0.129186 0.142611 0.156538 0.170872 0.185511 0.200342 0.215248 0.230106 0.244794 0.259188 0.273165 0.286609 0.299407 0.311452 0.322647 0.332903 0.342138 0.350281 0.357272 0.363059 0.3676 0.370862 0.372822 0.373467 0.372793 0.370803 0.367513 0.362945 0.357131 0.350115 0.341948 0.332692 0.322418 0.311207 0.29915 0.286345 0.272898 0.258922 0.244534 0.229858 0.215015 0.20013 0.185324 0.170715 0.156412 0.14252 0.129131 0.116326 0.104175 0.0927347 0.082046 0.0721376 0.0630242 0.0547079 0.0471787 0.0404162 0.0343905 0.0290643 0.0243945 0.0203332 0.0168303 0.013834 0.0112928 0.00915659 0.00737734 0.00591026 0.00471427 0.00375255 0.00299281 0.0024076 0.00197436 0.0016755 0.00149867 
0.00166156 0.00171832 0.00190592 0.00223306 0.00271388 0.00336823 0.00422156 0.00530493 0.00665475 0.00831257 0.0103246 0.0127411 0.0156157 0.0190044 0.0229641 0.0275517 0.032822 0.0388266 0.0456113 0.0532152 0.0616679 0.0709886 0.0811843 0.0922482 0.104159 0.116882 0.130364 0.144539 0.159328 0.174636 0.190358 0.206379 0.222575 0.238817 0.254974 0.270912 0.286499 0.301606 0.316107 0.329886 0.342833 0.354846 0.365834 0.375715 0.384417 0.39188 0.398051 0.40289 0.406364 0.408451 0.409137 0.408419 0.4063 0.402795 0.397926 0.391725 0.384234 0.375504 0.365599 0.354589 0.342556 0.329594 0.315803 0.301295 0.286187 0.270604 0.254674 0.238532 0.222309 0.206138 0.190147 0.174459 0.159187 0.144437 0.130301 0.116859 0.104175 0.0923013 0.0812714 0.0711063 0.0618119 0.0533808 0.0457938 0.0390208 0.0330233 0.0277553 0.0231659 0.0192007 0.0158033 0.0129173 0.0104875 0.00846058 0.00678691 0.00542065 0.00432062 0.00345064 0.00277985 0.00228288 0.0019399 0.00173699 
0.00191462 0.00197983 0.00219451 0.00256843 0.00311748 0.0038639 0.00483621 0.00606908 0.00760312 0.0094845 0.0117644 0.0144984 0.0177455 0.0215668 0.0260245 0.0311799 0.037092 0.0438152 0.0513979 0.0598796 0.0692898 0.0796457 0.0909507 0.103193 0.116346 0.130364 0.145187 0.160739 0.176929 0.193649 0.210784 0.228206 0.24578 0.263365 0.28082 0.298001 0.314768 0.330986 0.346523 0.361258 0.375078 0.387879 0.39957 0.410067 0.419301 0.42721 0.433744 0.438863 0.442537 0.444743 0.445468 0.444709 0.44247 0.438763 0.433611 0.427044 0.419104 0.40984 0.399314 0.387597 0.374773 0.360933 0.346182 0.330634 0.314411 0.297644 0.280469 0.263026 0.245459 0.22791 0.210518 0.193417 0.176734 0.160587 0.145077 0.130298 0.116323 0.103213 0.0910094 0.0797402 0.0694158 0.0600323 0.051572 0.0440054 0.0372929 0.0313864 0.0262317 0.0217705 0.0179419 0.0146845 0.0119375 0.00964274 0.00774515 0.00619402 0.00494357 0.00395353 0.00318944 0.0026229 0.00223175 0.00200035 
0.00219221 0.00226665 0.00251076 0.00293548 0.00355852 0.00440469 0.00550569 0.00690004 0.00863271 0.0107547 0.0133224 0.0163968 0.0200423 0.0243254 0.0293133 0.0350719 0.0416639 0.0491468 0.0575703 0.0669746 0.077388 0.0888251 0.101285 0.11475 0.129186 0.144539 0.160739 0.177699 0.195313 0.213466 0.232026 0.250854 0.269804 0.288724 0.307461 0.325865 0.343786 0.361083 0.377621 0.393274 0.407928 0.421477 0.433831 0.444907 0.454636 0.46296 0.46983 0.475208 0.479065 0.48138 0.482142 0.481345 0.478995 0.475104 0.469691 0.462787 0.454429 0.444667 0.433559 0.421175 0.407598 0.392921 0.377248 0.360695 0.343388 0.325463 0.307061 0.288333 0.269429 0.250502 0.231702 0.213176 0.195063 0.177492 0.160579 0.144426 0.129121 0.114732 0.101311 0.0888924 0.0774922 0.0671107 0.0577328 0.04933 0.041862 0.0352791 0.0295242 0.0245351 0.0202465 0.0165918 0.0135052 0.0109228 0.0087844 0.0070341 0.00562136 0.00450159 0.00363654 0.00299469 0.00255133 0.00228907 
0.00249425 0.00257867 0.00285453 0.00333396 0.00403663 0.00498998 0.00622909 0.00779647 0.00974162 0.0121206 0.014995 0.0184314 0.0224997 0.0272719 0.03282 0.0392144 0.0465212 0.0548005 0.0641032 0.0744693 0.0859255 0.0984829 0.112136 0.126859 0.142611 0.159328 0.176929 0.195313 0.214366 0.233956 0.25394 0.274167 0.294477 0.314709 0.334701 0.354292 0.373328 0.39166 0.409151 0.425673 0.441109 0.455357 0.468325 0.479934 0.490117 0.498818 0.505992 0.511604 0.515625 0.518038 0.518832 0.518003 0.515554 0.511497 0.50585 0.49864 0.489903 0.479685 0.468041 0.45504 0.440761 0.425296 0.40875 0.391239 0.372892 0.353848 0.334255 0.314268 0.294049 0.273758 0.253559 0.233609 0.214059 0.195051 0.176715 0.159165 0.1425 0.1268 0.112125 0.0985191 0.0860042 0.0745854 0.0642509 0.0549738 0.0467138 0.03942 0.0330327 0.0274861 0.0227105 0.0186344 0.0151867 0.012298 0.00990266 0.00793947 0.00635299 0.00509413 0.00412073 0.00339795 0.00289848 0.00260304 
0.00282021 0.00291535 0.00322517 0.00376306 0.0045507 0.00561832 0.00700447 0.00875578 0.0109264 0.0135776 0.0167763 0.0205948 0.0251084 0.0303944 0.0365297 0.0435889 0.0516413 0.0607489 0.0709637 0.0823246 0.094856 0.108565 0.123439 0.139448 0.156538 0.174636 0.193649 0.213466 0.233956 0.254975 0.276369 0.297972 0.319615 0.341123 0.362327 0.383058 0.403155 0.422467 0.440852 0.458183 0.474343 0.48923 0.502756 0.514845 0.525433 0.534469 0.541911 0.547727 0.551893 0.554391 0.555214 0.554357 0.551823 0.547622 0.54177 0.534291 0.525218 0.514593 0.502467 0.488904 0.473982 0.45779 0.44043 0.422019 0.402687 0.382576 0.361838 0.340636 0.319136 0.29751 0.275932 0.254571 0.233591 0.213146 0.19338 0.17442 0.156377 0.139343 0.123389 0.108567 0.0949058 0.0824174 0.0710935 0.0609095 0.0518259 0.0437907 0.0367422 0.0306114 0.0253243 0.0208048 0.0169762 0.0137638 0.0110964 0.00890744 0.00713642 0.00572963 0.00464086 0.00383183 0.0032725 0.00294169 
0.00316908 0.00327563 0.00362147 0.00422131 0.00509892 0.00628736 0.00782879 0.00977405 0.0121821 0.0151193 0.0186583 0.0228766 0.0278554 0.033677 0.0404231 0.0481719 0.0569958 0.0669584 0.0781117 0.0904935 0.104125 0.119008 0.135124 0.152433 0.170872 0.190358 0.210784 0.232026 0.25394 0.276369 0.299145 0.322089 0.345021 0.367757 0.390118 0.41193 0.433026 0.453251 0.472463 0.490533 0.507349 0.522809 0.53683 0.54934 0.560281 0.569605 0.577276 0.583266 0.587553 0.590124 0.590971 0.59009 0.587486 0.583164 0.577139 0.569432 0.56007 0.54909 0.536541 0.522481 0.506982 0.49013 0.472025 0.452782 0.432532 0.411417 0.389593 0.367228 0.344495 0.321576 0.298654 0.275908 0.253517 0.231649 0.210459 0.190088 0.170661 0.152281 0.135031 0.118972 0.104143 0.0905599 0.0782208 0.0671035 0.0571698 0.0483676 0.0406334 0.0338952 0.0280752 0.0230924 0.0188653 0.0153136 0.0123605 0.00993402 0.00796856 0.00640569 0.00519505 0.00429482 0.00367219 0.00330394 
0.00353932 0.00365791 0.00404165 0.00470661 0.00567866 0.00699383 0.0086979 0.010846 0.013502 0.0167373 0.0206303 0.025264 0.0307248 0.0371002 0.0444763 0.0529349 0.0625508 0.0733888 0.0855003 0.0989212 0.113669 0.129739 0.147106 0.165721 0.185511 0.206379 0.228206 0.250854 0.274167 0.297972 0.322089 0.346328 0.370495 0.394399 0.417853 0.440675 0.462696 0.483759 0.503722 0.522457 0.539853 0.555815 0.570264 0.583133 0.59437 0.603933 0.611792 0.617922 0.622307 0.624936 0.625803 0.624905 0.622245 0.617827 0.611663 0.603768 0.594167 0.582891 0.569981 0.555491 0.539487 0.52205 0.503276 0.483278 0.462183 0.440137 0.417296 0.393833 0.369927 0.345768 0.321547 0.297458 0.273688 0.25042 0.227824 0.206054 0.185247 0.16552 0.146969 0.129664 0.113652 0.0989587 0.085586 0.0735158 0.062712 0.0531224 0.0446826 0.0373179 0.0309469 0.0254844 0.0208436 0.016939 0.0136882 0.0110138 0.00884517 0.00711897 0.00578063 0.00478477 0.00409571 0.00368818 
0.00392886 0.00406004 0.00448333 0.00521614 0.00628653 0.00773349 0.00960649 0.011965 0.0148777 0.0184214 0.0226796 0.027741 0.0336974 0.0406409 0.0486617 0.057845 0.0682674 0.0799944 0.0930764 0.107547 0.123418 0.140679 0.159297 0.179213 0.200342 0.222575 0.24578 0.269804 0.294477 0.319615 0.345021 0.370495 0.395834 0.420836 0.445307 0.469062 0.491928 0.513748 0.534378 0.553697 0.571595 0.587984 0.60279 0.615954 0.627429 0.637181 0.645185 0.651422 0.655881 0.658554 0.659436 0.658526 0.655825 0.651336 0.645067 0.637029 0.62724 0.615726 0.60252 0.587671 0.571237 0.553294 0.533932 0.513261 0.491404 0.468506 0.444727 0.420239 0.395229 0.369893 0.344432 0.319049 0.293945 0.269315 0.245342 0.222195 0.200025 0.178962 0.159114 0.140562 0.123364 0.107553 0.0931363 0.0801011 0.0684134 0.0580222 0.048862 0.0408563 0.0339204 0.0279649 0.0228982 0.0186295 0.0150711 0.0121402 0.00976089 0.00786516 0.00639415 0.00529884 0.00454065 0.00409225 
0.00433508 0.00447932 0.0049435 0.00574642 0.00691833 0.00850118 0.0105482 0.0131231 0.0162994 0.0201591 0.0247912 0.0302896 0.0367511 0.0442724 0.0529477 0.0628647 0.0741017 0.0867242 0.100781 0.116302 0.133295 0.151742 0.171601 0.192801 0.215248 0.238817 0.263365 0.288724 0.314709 0.341123 0.367757 0.394399 0.420836 0.446858 0.472266 0.496869 0.520494 0.542984 0.564197 0.584015 0.602335 0.619074 0.634166 0.647558 0.659214 0.669104 0.677211 0.683522 0.688031 0.690733 0.691627 0.69071 0.687983 0.683448 0.677108 0.668969 0.659043 0.647349 0.633915 0.618779 0.601992 0.583624 0.563758 0.542499 0.519966 0.496303 0.471668 0.446237 0.420201 0.393761 0.367126 0.340511 0.314127 0.288182 0.262873 0.238383 0.214878 0.1925 0.17137 0.151582 0.133204 0.116276 0.100814 0.0868088 0.0742307 0.0630298 0.0531403 0.0444841 0.0369736 0.0305156 0.025014 0.0203729 0.0164992 0.0133051 0.0107093 0.00863907 0.00703137 0.00583352 0.005004 0.00451343 
0.00475485 0.00491251 0.00541861 0.00629333 0.0075691 0.00929083 0.0115154 0.0143109 0.0177556 0.0219366 0.026948 0.0328889 0.039861 0.0479652 0.0572991 0.0679529 0.0800059 0.0935232 0.108552 0.125117 0.14322 0.162837 0.183916 0.206375 0.230106 0.254974 0.28082 0.307461 0.334701 0.362327 0.390118 0.417853 0.445307 0.472266 0.498523 0.523887 0.548182 0.571252 0.592961 0.613194 0.631855 0.648868 0.664174 0.677732 0.68951 0.699489 0.707658 0.714011 0.718547 0.721265 0.722164 0.721246 0.718508 0.71395 0.707572 0.699374 0.689362 0.677547 0.663948 0.648595 0.631533 0.612821 0.592537 0.570776 0.547657 0.523318 0.497915 0.471628 0.444648 0.417183 0.389451 0.361672 0.334072 0.30687 0.280276 0.254488 0.229685 0.206024 0.183638 0.162634 0.14309 0.125056 0.108555 0.0935838 0.0801162 0.0681042 0.0574825 0.0481716 0.0400817 0.033116 0.027174 0.0221551 0.0179613 0.0144992 0.0116828 0.00943459 0.00768729 0.00638462 0.00548218 0.00494846 
0.00518453 0.00535585 0.00590452 0.00685209 0.00823316 0.0100956 0.0124998 0.0155182 0.0192337 0.0237383 0.0291312 0.0355163 0.0429999 0.051687 0.0616781 0.0730653 0.0859287 0.100332 0.11632 0.133914 0.153108 0.17387 0.196138 0.21982 0.244794 0.270912 0.298001 0.325865 0.354292 0.383058 0.41193 0.440675 0.469062 0.496869 0.523887 0.54992 0.574795 0.598357 0.620476 0.64104 0.659963 0.677176 0.69263 0.70629 0.718137 0.728158 0.73635 0.742715 0.747256 0.749976 0.750878 0.749963 0.747228 0.74267 0.736285 0.728067 0.718016 0.706134 0.692433 0.676933 0.65967 0.640693 0.620073 0.597898 0.574281 0.549355 0.523276 0.496221 0.468386 0.439981 0.411231 0.382366 0.353621 0.325228 0.297409 0.270376 0.244323 0.21942 0.195813 0.173623 0.152938 0.133817 0.116293 0.100368 0.086019 0.0732015 0.0618509 0.0518869 0.0432177 0.0357433 0.0293594 0.0239607 0.0194444 0.0157121 0.0126729 0.0102448 0.00835621 0.00694738 0.00597101 0.00539358 
0.00562003 0.00580512 0.00639661 0.0074174 0.0089042 0.0109077 0.0134921 0.0167336 0.0207197 0.0255472 0.0313202 0.0381473 0.0461388 0.0554034 0.0660444 0.0781553 0.0918164 0.10709 0.124018 0.142615 0.162871 0.184745 0.208162 0.233021 0.259188 0.286499 0.314768 0.343786 0.373328 0.403155 0.433026 0.462696 0.491928 0.520494 0.548182 0.574795 0.600161 0.624129 0.646573 0.66739 0.686499 0.703843 0.71938 0.733087 0.744951 0.754971 0.763152 0.7695 0.774026 0.776737 0.777637 0.776729 0.77401 0.769472 0.763108 0.754907 0.74486 0.732963 0.719217 0.703634 0.686239 0.667073 0.646197 0.623693 0.599664 0.574241 0.547575 0.519843 0.491241 0.461984 0.432301 0.402432 0.37262 0.343107 0.314131 0.285916 0.258668 0.232574 0.207792 0.184454 0.162661 0.142484 0.12396 0.1071 0.0918857 0.0782753 0.0662054 0.0555957 0.0463525 0.0383731 0.0315497 0.0257728 0.0209347 0.0169325 0.0136704 0.011062 0.00903179 0.00751643 0.00646587 0.00584455 
0.00605684 0.00625567 0.0068898 0.00798343 0.00957535 0.0117191 0.0144821 0.0179447 0.0221987 0.0273454 0.0334935 0.0407559 0.0492469 0.0590784 0.0703559 0.0831743 0.0976133 0.113734 0.131573 0.151142 0.172423 0.195364 0.219884 0.245866 0.273165 0.301606 0.330986 0.361083 0.39166 0.422467 0.453251 0.483759 0.513748 0.542984 0.571252 0.598357 0.624129 0.648421 0.671111 0.692106 0.711333 0.728743 0.744306 0.758007 0.769844 0.779825 0.787962 0.794269 0.798763 0.801453 0.802349 0.801452 0.798759 0.79426 0.787942 0.779789 0.769785 0.757918 0.74418 0.728572 0.71111 0.691825 0.670768 0.648013 0.623656 0.597821 0.570656 0.542335 0.513056 0.483035 0.452507 0.421717 0.39092 0.360367 0.330308 0.300979 0.272601 0.245373 0.219469 0.195032 0.172174 0.150975 0.131484 0.113717 0.0976611 0.0832774 0.0705045 0.0592621 0.0494556 0.0409797 0.0337234 0.0275733 0.0224173 0.018148 0.0146651 0.011878 0.00970715 0.00808597 0.00696166 0.00629671 
0.00649016 0.00670255 0.00737867 0.00854401 0.0102393 0.0125208 0.0154592 0.0191387 0.023655 0.029114 0.0356284 0.0433153 0.0522926 0.062675 0.0745699 0.0880728 0.103263 0.120199 0.138915 0.159415 0.181674 0.205633 0.231198 0.258243 0.286609 0.316107 0.346523 0.377621 0.409151 0.440852 0.472463 0.503722 0.534378 0.564197 0.592961 0.620476 0.646573 0.671111 0.693977 0.715082 0.734364 0.751785 0.767322 0.780972 0.792743 0.802652 0.810718 0.816964 0.82141 0.824072 0.82496 0.824077 0.821419 0.816973 0.810722 0.802645 0.792718 0.780921 0.767235 0.751654 0.734182 0.71484 0.69367 0.670736 0.646128 0.619961 0.592381 0.563557 0.533687 0.502991 0.471705 0.440082 0.408383 0.376872 0.345808 0.31544 0.286003 0.257708 0.230742 0.20526 0.181388 0.159214 0.138796 0.120156 0.103289 0.0881586 0.0747053 0.0628494 0.0524955 0.0435364 0.035858 0.0293434 0.0238766 0.0193458 0.0156465 0.0126839 0.010375 0.00864978 0.00745295 0.00674509 
