1.57503e-29 6.45505e-30 1.97369e-29 1.04763e-28 5.54851e-28 2.85321e-27 1.42247e-26 6.87161e-26 3.2147e-25 1.45566e-24 6.37658e-24 2.7009e-23 1.10565e-22 4.37239e-22 1.66974e-21 6.15538e-21 2.18988e-20 7.51719e-20 2.48943e-19 7.95292e-19 2.45095e-18 7.28692e-18 2.09019e-17 5.78481e-17 1.54481e-16 3.98047e-16 9.89536e-16 2.37298e-15 5.48805e-15 1.2237e-14 2.62982e-14 5.44529e-14 1.08595e-13 2.08518e-13 3.85344e-13 6.85059e-13 1.17092e-12 1.92276e-12 3.03058e-12 4.58005e-12 6.62975e-12 9.18376e-12 1.21689e-11 1.54287e-11 1.87426e-11 2.18693e-11 2.45982e-11 2.67892e-11 2.83836e-11 2.9385e-11 2.98228e-11 2.9716e-11 2.90548e-11 2.78077e-11 2.59509e-11 2.35075e-11 2.05775e-11 1.73407e-11 1.40294e-11 1.08794e-11 8.08203e-12 5.7529e-12 3.92677e-12 2.57286e-12 1.61997e-12 9.81186e-13 5.72194e-13 3.21522e-13 1.74193e-13 9.10409e-14 4.59243e-14 2.2369e-14 1.05254e-14 4.78641e-15 2.10442e-15 8.94887e-16 3.68177e-16 1.46594e-16 5.64978e-17 2.10802e-17 7.61544e-18 2.664e-18 9.02472e-19 2.961e-19 9.41044e-20 2.89749e-20 8.64508e-21 2.50016e-21 7.0105e-22 1.90663e-22 5.03137e-23 1.28881e-23 3.20602e-24 7.7485e-25 1.82032e-25 4.15876e-26 9.24439e-27 2.00034e-27 4.21561e-28 8.677e-29 
6.45505e-30 2.66062e-30 8.55991e-30 4.69023e-29 2.55874e-28 1.35595e-27 6.97057e-27 3.47413e-26 1.67776e-25 7.84661e-25 3.55187e-24 1.55533e-23 6.58494e-23 2.6942e-22 1.06478e-21 4.06311e-21 1.4965e-20 5.31837e-20 1.82333e-19 6.02918e-19 1.92269e-18 5.91266e-18 1.75332e-17 5.01328e-17 1.38208e-16 3.67321e-16 9.40975e-16 2.32285e-15 5.52379e-15 1.26494e-14 2.7884e-14 5.91461e-14 1.20676e-13 2.36746e-13 4.46415e-13 8.08706e-13 1.40666e-12 2.34752e-12 3.75528e-12 5.75184e-12 8.42547e-12 1.17913e-11 1.57569e-11 2.01102e-11 2.45463e-11 2.87286e-11 3.23654e-11 3.52673e-11 3.73623e-11 3.86668e-11 3.92306e-11 3.90844e-11 3.82129e-11 3.65652e-11 3.40983e-11 3.08352e-11 2.69095e-11 2.25705e-11 1.81424e-11 1.39525e-11 1.02612e-11 7.21913e-12 4.86297e-12 3.14012e-12 1.94593e-12 1.15855e-12 6.63288e-13 3.65446e-13 1.93889e-13 9.91131e-14 4.88394e-14 2.32102e-14 1.0643e-14 4.71114e-15 2.01403e-15 8.31897e-16 3.3213e-16 1.28212e-16 4.78696e-17 1.72906e-17 6.04323e-18 2.04422e-18 6.69373e-19 2.12219e-19 6.51595e-20 1.93806e-20 5.58579e-21 1.56057e-21 4.22796e-22 1.11124e-22 2.83473e-23 7.02176e-24 1.68975e-24 3.95242e-25 8.99059e-26 1.98986e-26 4.28733e-27 8.99722e-28 1.83999e-28 3.67749e-29 
1.97369e-29 8.55991e-30 2.96217e-29 1.65529e-28 9.16865e-28 4.92979e-27 2.5699e-26 1.29811e-25 6.34971e-25 3.00602e-24 1.37649e-23 6.09329e-23 2.60607e-22 1.07634e-21 4.29073e-21 1.65021e-20 6.1208e-20 2.18876e-19 7.54395e-19 2.50573e-18 8.01969e-18 2.47312e-17 7.34836e-17 2.10376e-16 5.80304e-16 1.54223e-15 3.94847e-15 9.73674e-15 2.31203e-14 5.2849e-14 1.16251e-13 2.45997e-13 5.00601e-13 9.79359e-13 1.84134e-12 3.32583e-12 5.76786e-12 9.59813e-12 1.5312e-11 2.33934e-11 3.4188e-11 4.77453e-11 6.36817e-11 8.1136e-11 9.88779e-11 1.15559e-10 1.3002e-10 1.41518e-10 1.49785e-10 1.54906e-10 1.57091e-10 1.56465e-10 1.52963e-10 1.46372e-10 1.36509e-10 1.23459e-10 1.07752e-10 9.03884e-11 7.26668e-11 5.58996e-11 4.11277e-11 2.89524e-11 1.9519e-11 1.26166e-11 7.82765e-12 4.66625e-12 2.67498e-12 1.47567e-12 7.83834e-13 4.01082e-13 1.97792e-13 9.40464e-14 4.31336e-14 1.90904e-14 8.1567e-15 3.36573e-15 1.34169e-15 5.16834e-16 1.92431e-16 6.92632e-17 2.41047e-17 8.11216e-18 2.64043e-18 8.31375e-19 2.53277e-19 7.4677e-20 2.13158e-20 5.89244e-21 1.57811e-21 4.09649e-22 1.03115e-22 2.51815e-23 5.96903e-24 1.37409e-24 3.07358e-25 6.68371e-26 1.41373e-26 2.91015e-27 5.83314e-28 1.14178e-28 
1.04763e-28 4.69023e-29 1.65529e-28 9.23041e-28 5.09609e-27 2.73082e-26 1.41864e-25 7.14013e-25 3.47965e-24 1.64096e-23 7.48404e-23 3.29907e-22 1.4048e-21 5.77528e-21 2.29109e-20 8.76644e-20 3.23399e-19 1.14985e-18 3.93927e-18 1.30012e-17 4.13328e-17 1.26571e-16 3.73342e-16 1.06079e-15 2.9035e-15 7.65568e-15 1.94444e-14 4.75662e-14 1.12049e-13 2.54105e-13 5.54599e-13 1.16459e-12 2.35215e-12 4.56803e-12 8.52773e-12 1.52977e-11 2.63578e-11 4.35926e-11 6.91485e-11 1.05095e-10 1.52873e-10 2.1262e-10 2.82585e-10 3.58959e-10 4.36367e-10 5.08959e-10 5.71739e-10 6.21546e-10 6.57275e-10 6.79328e-10 6.88639e-10 6.85751e-10 6.70366e-10 6.41542e-10 5.98474e-10 5.41522e-10 4.72988e-10 3.97205e-10 3.19813e-10 2.4651e-10 1.81825e-10 1.28391e-10 8.68701e-11 5.63815e-11 3.51405e-11 2.10523e-11 1.21326e-11 6.73056e-12 3.59595e-12 1.85113e-12 9.18542e-13 4.39516e-13 2.0288e-13 9.03777e-14 3.88691e-14 1.61441e-14 6.47757e-15 2.51129e-15 9.40897e-16 3.40728e-16 1.19274e-16 4.03647e-17 1.32081e-17 4.17957e-18 1.2793e-18 3.78856e-19 1.08587e-19 3.01328e-20 8.09917e-21 2.10946e-21 5.32652e-22 1.30459e-22 3.10088e-23 7.15667e-24 1.60467e-24 3.49735e-25 7.41326e-26 1.52906e-26 3.07062e-27 6.02145e-28 
5.54851e-28 2.55874e-28 9.16865e-28 5.09609e-27 2.80193e-26 1.49514e-25 7.73389e-25 3.87557e-24 1.8803e-23 8.82677e-23 4.00676e-22 1.75767e-21 7.44693e-21 3.04554e-20 1.20162e-19 4.57168e-19 1.67649e-18 5.92363e-18 2.0161e-17 6.6083e-17 2.08579e-16 6.33933e-16 1.85532e-15 5.22919e-15 1.41947e-14 3.71125e-14 9.34595e-14 2.26677e-13 5.29434e-13 1.19053e-12 2.57682e-12 5.36686e-12 1.0753e-11 2.07206e-11 3.83901e-11 6.83675e-11 1.16982e-10 1.92214e-10 3.03051e-10 4.58041e-10 6.62966e-10 9.18038e-10 1.21553e-09 1.53914e-09 1.86613e-09 2.17197e-09 2.43585e-09 2.64473e-09 2.79423e-09 2.88618e-09 2.9246e-09 2.91176e-09 2.84633e-09 2.72431e-09 2.54224e-09 2.30163e-09 2.0121e-09 1.69186e-09 1.36457e-09 1.05418e-09 7.79752e-10 5.52477e-10 3.75297e-10 2.4468e-10 1.53262e-10 9.23157e-11 5.35102e-11 2.98655e-11 1.60575e-11 8.32033e-12 4.15642e-12 2.00253e-12 9.30848e-13 4.17617e-13 1.80893e-13 7.56715e-14 3.05783e-14 1.19382e-14 4.5036e-15 1.64178e-15 5.78418e-16 1.96958e-16 6.48287e-17 2.06296e-17 6.34804e-18 1.88944e-18 5.44149e-19 1.5169e-19 4.09487e-20 1.07095e-20 2.71494e-21 6.67486e-22 1.59238e-22 3.6882e-23 8.29821e-24 1.81467e-24 3.85914e-25 7.98552e-26 1.60872e-26 3.16477e-27 
2.85321e-27 1.35595e-27 4.92979e-27 2.73082e-26 1.49514e-25 7.94403e-25 4.09131e-24 2.04112e-23 9.85796e-23 4.60618e-22 2.08091e-21 9.08351e-21 3.82889e-20 1.55759e-19 6.11158e-19 2.3118e-18 8.42641e-18 2.95846e-17 1.0002e-16 3.25545e-16 1.01998e-15 3.07617e-15 8.9309e-15 2.49626e-14 6.71823e-14 1.74117e-13 4.34597e-13 1.0447e-12 2.41836e-12 5.39022e-12 1.15652e-11 2.38814e-11 4.74481e-11 9.06843e-11 1.66687e-10 2.94586e-10 5.00398e-10 8.16571e-10 1.27923e-09 1.92219e-09 2.76759e-09 3.81472e-09 5.03079e-09 6.34879e-09 7.67633e-09 8.91454e-09 9.98024e-09 1.08219e-08 1.14228e-08 1.17912e-08 1.19434e-08 1.18887e-08 1.16214e-08 1.1125e-08 1.03855e-08 9.40865e-09 8.23327e-09 6.93263e-09 5.60218e-09 4.33854e-09 3.21899e-09 2.28916e-09 1.56169e-09 1.0231e-09 6.44271e-10 3.90312e-10 2.27633e-10 1.27869e-10 6.92124e-11 3.61119e-11 1.81683e-11 8.81706e-12 4.12883e-12 1.86624e-12 8.14457e-13 3.43268e-13 1.39746e-13 5.4958e-14 2.08806e-14 7.66458e-15 2.71825e-15 9.31473e-16 3.08446e-16 9.8716e-17 3.05416e-17 9.13729e-18 2.64434e-18 7.40571e-19 2.00799e-19 5.27373e-20 1.34233e-20 3.31302e-21 7.93328e-22 1.84413e-22 4.16381e-23 9.1368e-24 1.94961e-24 4.04755e-25 8.18049e-26 1.61463e-26 
1.42247e-26 6.97057e-27 2.5699e-26 1.41864e-25 7.73389e-25 4.09131e-24 2.09777e-23 1.04185e-22 5.00863e-22 2.32927e-21 1.04718e-20 4.54827e-20 1.90727e-19 7.7171e-19 3.01103e-18 1.1323e-17 4.10186e-17 1.43085e-16 4.80462e-16 1.55265e-15 4.82814e-15 1.44466e-14 4.1597e-14 1.15272e-13 3.07493e-13 7.89719e-13 1.95299e-12 4.65109e-12 1.06668e-11 2.35554e-11 5.00794e-11 1.02483e-10 2.01826e-10 3.82431e-10 6.97105e-10 1.22213e-09 2.06011e-09 3.33751e-09 5.19337e-09 7.75559e-09 1.11048e-08 1.52317e-08 2.00029e-08 2.51539e-08 3.03248e-08 3.51338e-08 3.92622e-08 4.2515e-08 4.48315e-08 4.62465e-08 4.68247e-08 4.66014e-08 4.5554e-08 4.36175e-08 4.07363e-08 3.6932e-08 3.23542e-08 2.72858e-08 2.20957e-08 1.71581e-08 1.2773e-08 9.11971e-09 6.2503e-09 4.11601e-09 2.60678e-09 1.58897e-09 9.32768e-10 5.27563e-10 2.87593e-10 1.51157e-10 7.66221e-11 3.74709e-11 1.7684e-11 8.05627e-12 3.54373e-12 1.50534e-12 6.17601e-13 2.44736e-13 9.36725e-14 3.46295e-14 1.23652e-14 4.26482e-15 1.42097e-15 4.57429e-16 1.42306e-16 4.2797e-17 1.24468e-17 3.50223e-18 9.53845e-19 2.51584e-19 6.42982e-20 1.59319e-20 3.82951e-21 8.93466e-22 2.02455e-22 4.45806e-23 9.54513e-24 1.9883e-24 4.03187e-25 7.98466e-26 
6.87161e-26 3.47413e-26 1.29811e-25 7.14013e-25 3.87557e-24 2.04112e-23 1.04185e-22 5.15053e-22 2.46449e-21 1.14062e-20 5.10267e-20 2.205e-19 9.19782e-19 3.70125e-18 1.43592e-17 5.36768e-17 1.93236e-16 6.69644e-16 2.23305e-15 7.16372e-15 2.21055e-14 6.561e-14 1.87317e-13 5.14511e-13 1.35993e-12 3.45982e-12 8.47419e-12 1.99859e-11 4.53898e-11 9.92643e-11 2.09018e-10 4.23703e-10 8.26719e-10 1.5524e-09 2.80501e-09 4.87617e-09 8.15337e-09 1.31085e-08 2.02528e-08 3.00479e-08 4.27718e-08 5.83644e-08 7.6305e-08 9.55944e-08 1.1489e-07 1.32781e-07 1.48098e-07 1.60136e-07 1.68688e-07 1.73892e-07 1.75994e-07 1.75124e-07 1.71194e-07 1.63959e-07 1.53208e-07 1.39017e-07 1.21938e-07 1.03015e-07 8.36143e-08 6.51219e-08 4.86556e-08 3.48897e-08 2.40313e-08 1.59138e-08 1.01404e-08 6.22181e-09 3.67783e-09 2.09533e-09 1.15089e-09 6.09618e-10 3.11489e-10 1.53571e-10 7.30749e-11 3.35678e-11 1.48886e-11 6.37681e-12 2.6375e-12 1.05345e-12 4.06299e-13 1.51309e-13 5.44079e-14 1.88906e-14 6.33374e-15 2.05107e-15 6.41673e-16 1.94002e-16 5.67059e-17 1.60317e-17 4.38611e-18 1.16188e-18 2.98179e-19 7.41786e-20 1.78989e-20 4.19164e-21 9.53265e-22 2.10656e-22 4.52607e-23 9.46037e-24 1.92485e-24 3.82505e-25 
3.2147e-25 1.67776e-25 6.34971e-25 3.47965e-24 1.8803e-23 9.85796e-23 5.00863e-22 2.46449e-21 1.1736e-20 5.40509e-20 2.40587e-19 1.03425e-18 4.29112e-18 1.71717e-17 6.6233e-17 2.46089e-16 8.80295e-16 3.03022e-15 1.00337e-14 3.19494e-14 9.78153e-14 2.8792e-13 8.14873e-13 2.2179e-12 5.80685e-12 1.46292e-11 3.54738e-11 8.28156e-11 1.86167e-10 4.02999e-10 8.40041e-10 1.68598e-09 3.25764e-09 6.05909e-09 1.08472e-08 1.86889e-08 3.09838e-08 4.9413e-08 7.57707e-08 1.11642e-07 1.5793e-07 2.14322e-07 2.78878e-07 3.47984e-07 4.16856e-07 4.80506e-07 5.34848e-07 5.77448e-07 6.0763e-07 6.25929e-07 6.3323e-07 6.29993e-07 6.15897e-07 5.9005e-07 5.5169e-07 5.01071e-07 4.40129e-07 3.72552e-07 3.03166e-07 2.36886e-07 1.77693e-07 1.28018e-07 8.86515e-08 5.90593e-08 3.78802e-08 2.34059e-08 1.39386e-08 8.00286e-09 4.43111e-09 2.36659e-09 1.21949e-09 6.06428e-10 2.91085e-10 1.34889e-10 6.03526e-11 2.60733e-11 1.08757e-11 4.37974e-12 1.70261e-12 6.38883e-13 2.31388e-13 8.08874e-14 2.72951e-14 8.89269e-15 2.79799e-15 8.50506e-16 2.49869e-16 7.09845e-17 1.95102e-17 5.19103e-18 1.33782e-18 3.34167e-19 8.09502e-20 1.90297e-20 4.34384e-21 9.63409e-22 2.07732e-22 4.35724e-23 8.89614e-24 1.77407e-24 
1.45566e-24 7.84661e-25 3.00602e-24 1.64096e-23 8.82677e-23 4.60618e-22 2.32927e-21 1.14062e-20 5.40509e-20 2.47687e-19 1.09682e-18 4.69013e-18 1.93529e-17 7.7005e-17 2.95262e-16 1.09028e-15 3.87483e-15 1.32475e-14 4.35502e-14 1.37622e-13 4.17961e-13 1.21985e-12 3.42163e-12 9.22569e-12 2.39184e-11 5.96476e-11 1.43134e-10 3.30618e-10 7.35289e-10 1.57471e-09 3.24767e-09 6.45003e-09 1.2335e-08 2.27129e-08 4.02658e-08 6.87237e-08 1.12911e-07 1.78537e-07 2.71594e-07 3.97244e-07 5.58238e-07 7.53154e-07 9.7508e-07 1.21155e-06 1.44628e-06 1.66249e-06 1.84653e-06 1.99042e-06 2.09208e-06 2.15348e-06 2.17768e-06 2.16621e-06 2.11795e-06 2.02982e-06 1.89918e-06 1.7268e-06 1.51918e-06 1.28871e-06 1.05168e-06 8.24698e-07 6.21315e-07 4.49913e-07 3.13378e-07 2.10126e-07 1.35724e-07 8.44956e-08 5.07191e-08 2.9362e-08 1.6397e-08 8.83467e-09 4.59351e-09 2.3052e-09 1.11674e-09 5.22302e-10 2.35848e-10 1.02816e-10 4.32674e-11 1.75735e-11 6.88783e-12 2.6048e-12 9.50386e-13 3.34554e-13 1.13637e-13 3.7252e-14 1.17893e-14 3.60329e-15 1.06411e-15 3.03791e-16 8.38895e-17 2.24206e-17 5.80312e-18 1.45556e-18 3.5402e-19 8.3548e-20 1.91439e-20 4.26173e-21 9.22289e-22 1.9415e-22 3.97804e-23 7.96183e-24 
6.37658e-24 3.55187e-24 1.37649e-23 7.48404e-23 4.00676e-22 2.08091e-21 1.04718e-20 5.10267e-20 2.40587e-19 1.09682e-18 4.83136e-18 2.05474e-17 8.43104e-17 3.33522e-16 1.27111e-15 4.66409e-15 1.64666e-14 5.59057e-14 1.8244e-13 5.72055e-13 1.7231e-12 4.98539e-12 1.38557e-11 3.69984e-11 9.49529e-11 2.34306e-10 5.56166e-10 1.27045e-09 2.79385e-09 5.91623e-09 1.20655e-08 2.36985e-08 4.48303e-08 8.16745e-08 1.43305e-07 2.42157e-07 3.94069e-07 6.17489e-07 9.31404e-07 1.35171e-06 1.88619e-06 2.52898e-06 3.25661e-06 4.0281e-06 4.7907e-06 5.49058e-06 6.08449e-06 6.54754e-06 6.87378e-06 7.07003e-06 7.14637e-06 7.10776e-06 6.95039e-06 6.66413e-06 6.24017e-06 5.68082e-06 5.00667e-06 4.25741e-06 3.48529e-06 2.74384e-06 2.07701e-06 1.5124e-06 1.06009e-06 7.15785e-07 4.65849e-07 2.92363e-07 1.76987e-07 1.03368e-07 5.82541e-08 3.16823e-08 1.6631e-08 8.42736e-09 4.12264e-09 1.94708e-09 8.87755e-10 3.90699e-10 1.65937e-10 6.79972e-11 2.68777e-11 1.02464e-11 3.76695e-12 1.33553e-12 4.56688e-13 1.50655e-13 4.79618e-14 1.47413e-14 4.37643e-15 1.25571e-15 3.48418e-16 9.35471e-17 2.43198e-17 6.12596e-18 1.49611e-18 3.54499e-19 8.15478e-20 1.82235e-20 3.95868e-21 8.36433e-22 1.72011e-22 3.45564e-23 
2.7009e-23 1.55533e-23 6.09329e-23 3.29907e-22 1.75767e-21 9.08351e-21 4.54827e-20 2.205e-19 1.03425e-18 4.69013e-18 2.05474e-17 8.68996e-17 3.54516e-16 1.39408e-15 5.2802e-15 1.92496e-14 6.75015e-14 2.27546e-13 7.36998e-13 2.29262e-12 6.84771e-12 1.96361e-11 5.40601e-11 1.42921e-10 3.62967e-10 8.85904e-10 2.07914e-09 4.6945e-09 1.02025e-08 2.13497e-08 4.30281e-08 8.35305e-08 1.56206e-07 2.814e-07 4.88367e-07 8.16558e-07 1.3154e-06 2.04143e-06 3.05159e-06 4.39201e-06 6.08275e-06 8.1016e-06 1.03728e-05 1.27681e-05 1.51252e-05 1.72803e-05 1.9103e-05 2.052e-05 2.15154e-05 2.21118e-05 2.23407e-05 2.22173e-05 2.17294e-05 2.08453e-05 1.9537e-05 1.78108e-05 1.57285e-05 1.34109e-05 1.1017e-05 8.711e-06 6.6284e-06 4.85582e-06 3.42694e-06 2.3314e-06 1.52973e-06 9.68385e-07 5.91577e-07 3.48784e-07 1.98483e-07 1.0903e-07 5.78185e-08 2.96013e-08 1.46315e-08 6.98194e-09 3.2159e-09 1.42944e-09 6.12965e-10 2.53501e-10 1.01083e-10 3.88552e-11 1.43962e-11 5.14142e-12 1.7702e-12 5.87737e-13 1.88245e-13 5.81892e-14 1.7369e-14 5.00927e-15 1.39675e-15 3.76782e-16 9.8398e-17 2.48945e-17 6.10576e-18 1.45275e-18 3.3554e-19 7.52815e-20 1.64172e-20 3.48216e-21 7.18829e-22 1.44973e-22 
1.10565e-22 6.58494e-23 2.60607e-22 1.4048e-21 7.44693e-21 3.82889e-20 1.90727e-19 9.19782e-19 4.29112e-18 1.93529e-17 8.43104e-17 3.54516e-16 1.43772e-15 5.61895e-15 2.1147e-14 7.6583e-14 2.66689e-13 8.92458e-13 2.86841e-12 8.85054e-12 2.62082e-11 7.44681e-11 2.03037e-10 5.3129e-10 1.33474e-09 3.22096e-09 7.47064e-09 1.66643e-08 3.57704e-08 7.39236e-08 1.47136e-07 2.82122e-07 5.21191e-07 9.27779e-07 1.59157e-06 2.63142e-06 4.19355e-06 6.44188e-06 9.53751e-06 1.36057e-05 1.86927e-05 2.47202e-05 3.14559e-05 3.85196e-05 4.54372e-05 5.17361e-05 5.70454e-05 6.116e-05 6.40418e-05 6.57613e-05 6.64123e-05 6.60389e-05 6.46042e-05 6.20132e-05 5.81824e-05 5.31261e-05 4.70208e-05 4.02131e-05 3.31631e-05 2.63472e-05 2.01629e-05 1.48686e-05 1.05715e-05 7.25073e-06 4.7994e-06 3.06661e-06 1.89169e-06 1.12664e-06 6.47844e-07 3.59684e-07 1.92818e-07 9.98038e-08 4.98758e-08 2.40605e-08 1.12014e-08 5.03095e-09 2.17903e-09 9.09805e-10 3.66074e-10 1.41916e-10 5.30024e-11 1.90713e-11 6.6125e-12 2.20995e-12 7.12215e-13 2.21447e-13 6.64674e-14 1.92708e-14 5.40051e-15 1.4639e-15 3.84095e-16 9.76164e-17 2.40475e-17 5.74625e-18 1.33279e-18 3.0026e-19 6.5746e-20 1.40009e-20 2.90167e-21 5.87585e-22 
4.37239e-22 2.6942e-22 1.07634e-21 5.77528e-21 3.04554e-20 1.55759e-19 7.7171e-19 3.70125e-18 1.71717e-17 7.7005e-17 3.33522e-16 1.39408e-15 5.61895e-15 2.18213e-14 8.15862e-14 2.93446e-13 1.0146e-12 3.36993e-12 1.07459e-11 3.28811e-11 9.65098e-11 2.7166e-10 7.33329e-10 1.89872e-09 4.71702e-09 1.12499e-08 2.57747e-08 5.67688e-08 1.20283e-07 2.45331e-07 4.81907e-07 9.11993e-07 1.66319e-06 2.92345e-06 4.95365e-06 8.093e-06 1.27504e-05 1.93741e-05 2.8392e-05 4.01209e-05 5.46497e-05 7.17225e-05 9.06647e-05 0.000110408 0.000129643 0.000147082 0.000161727 0.00017304 0.000180939 0.000185632 0.000187385 0.000186317 0.000182323 0.000175136 0.000164515 0.000150489 0.000133532 0.000114584 9.49026e-05 7.57965e-05 5.83693e-05 4.33539e-05 3.10735e-05 2.15012e-05 1.43673e-05 9.27234e-06 5.7799e-06 3.47981e-06 2.02338e-06 1.13625e-06 6.16193e-07 3.22681e-07 1.63141e-07 7.96099e-08 3.74812e-08 1.70179e-08 7.44791e-09 3.14057e-09 1.27548e-09 4.98808e-10 1.87825e-10 6.81032e-11 2.37832e-11 8.00231e-12 2.59538e-12 8.11835e-13 2.45066e-13 7.14391e-14 2.01249e-14 5.48263e-15 1.44551e-15 3.69101e-16 9.13441e-17 2.19248e-17 5.1076e-18 1.15563e-18 2.54114e-19 5.43409e-20 1.13087e-20 2.29973e-21 
1.66974e-21 1.06478e-21 4.29073e-21 2.29109e-20 1.20162e-19 6.11158e-19 3.01103e-18 1.43592e-17 6.6233e-17 2.95262e-16 1.27111e-15 5.2802e-15 2.1147e-14 8.15862e-14 3.02968e-13 1.08203e-12 3.71365e-12 1.22397e-11 3.87139e-11 1.17448e-10 3.41607e-10 9.52346e-10 2.54458e-09 6.51704e-09 1.60047e-08 3.77088e-08 8.52995e-08 1.854e-07 3.8752e-07 7.79524e-07 1.51006e-06 2.81838e-06 5.06992e-06 8.79264e-06 1.47048e-05 2.3721e-05 3.69189e-05 5.54496e-05 8.03759e-05 0.000112435 0.000151747 0.00019753 0.000247932 0.000300118 0.00035068 0.000396308 0.000434476 0.000463862 0.000484312 0.00049641 0.000500863 0.000497986 0.00048749 0.000468659 0.000440844 0.000404086 0.000359575 0.000309716 0.000257744 0.000207056 0.000160548 0.000120188 8.69009e-05 6.07069e-05 4.09808e-05 2.67343e-05 1.68529e-05 1.02648e-05 6.04024e-06 3.43346e-06 1.88507e-06 9.99448e-07 5.11561e-07 2.52673e-07 1.20371e-07 5.52757e-08 2.44542e-08 1.04174e-08 4.27163e-09 1.68561e-09 6.40072e-10 2.33915e-10 8.22926e-11 2.78812e-11 9.10196e-12 2.86476e-12 8.6988e-13 2.5501e-13 7.22273e-14 1.97797e-14 5.24135e-15 1.34493e-15 3.34434e-16 8.06486e-17 1.88742e-17 4.2897e-18 9.47466e-19 2.03499e-19 4.25334e-20 8.6881e-21 
6.15538e-21 4.06311e-21 1.65021e-20 8.76644e-20 4.57168e-19 2.3118e-18 1.1323e-17 5.36768e-17 2.46089e-16 1.09028e-15 4.66409e-15 1.92496e-14 7.6583e-14 2.93446e-13 1.08203e-12 3.83614e-12 1.3066e-11 4.27217e-11 1.34e-10 4.02951e-10 1.16112e-09 3.20509e-09 8.47397e-09 2.14612e-08 5.20814e-08 1.21175e-07 2.70499e-07 5.79874e-07 1.19488e-06 2.36886e-06 4.52189e-06 8.31667e-06 1.47448e-05 2.5209e-05 4.15762e-05 6.61683e-05 0.000101653 0.000150794 0.000216041 0.000298953 0.000399515 0.000515494 0.000642102 0.000772253 0.0008976 0.00101015 0.00110391 0.00117583 0.00122572 0.0012551 0.00126576 0.00125847 0.00123249 0.00118602 0.00111738 0.00102659 0.000916436 0.000792687 0.000663172 0.000536188 0.000418897 0.000316292 0.000230878 0.000162959 0.000111226 7.34048e-05 4.68349e-05 2.88841e-05 1.7215e-05 9.91367e-06 5.51491e-06 2.96266e-06 1.53629e-06 7.68549e-07 3.70672e-07 1.72238e-07 7.70568e-08 3.31741e-08 1.37381e-08 5.47147e-09 2.09568e-09 7.72082e-10 2.73689e-10 9.33912e-11 3.06942e-11 9.72274e-12 2.97038e-12 8.75892e-13 2.49483e-13 6.86948e-14 1.82995e-14 4.71985e-15 1.17956e-15 2.85851e-16 6.7221e-17 1.53504e-17 3.40632e-18 7.34992e-19 1.54322e-19 3.16705e-20 
2.18988e-20 1.4965e-20 6.1208e-20 3.23399e-19 1.67649e-18 8.42641e-18 4.10186e-17 1.93236e-16 8.80295e-16 3.87483e-15 1.64666e-14 6.75015e-14 2.66689e-13 1.0146e-12 3.71365e-12 1.3066e-11 4.41518e-11 1.43173e-10 4.45203e-10 1.32662e-09 3.78609e-09 1.03449e-08 2.7056e-08 6.77363e-08 1.62376e-07 3.72908e-07 8.21098e-07 1.73508e-06 3.52239e-06 6.87715e-06 1.29258e-05 2.34065e-05 4.08627e-05 6.88098e-05 0.000111814 0.000175409 0.000265766 0.000389058 0.00055048 0.000752947 0.00099561 0.00127253 0.00157207 0.0018776 0.00216993 0.00243101 0.00264752 0.00281299 0.00292735 0.00299442 0.0030184 0.00300108 0.00294069 0.00283292 0.00267377 0.00246296 0.0022066 0.00191761 0.00161376 0.00131404 0.00103512 0.000788923 0.000581859 0.000415306 0.00028685 0.000191688 0.0001239 7.74402e-05 4.67907e-05 2.73227e-05 1.54137e-05 8.39678e-06 4.41447e-06 2.23816e-06 1.09347e-06 5.14375e-07 2.32808e-07 1.01324e-07 4.23898e-08 1.70439e-08 6.58642e-09 2.44681e-09 8.74154e-10 3.00496e-10 9.94541e-11 3.17135e-11 9.75057e-12 2.89283e-12 8.2885e-13 2.2953e-13 6.14848e-14 1.59443e-14 4.00585e-15 9.75812e-16 2.30643e-16 5.29334e-17 1.18041e-17 2.5594e-18 5.39966e-19 1.11362e-19 
7.51719e-20 5.31837e-20 2.18876e-19 1.14985e-18 5.92363e-18 2.95846e-17 1.43085e-16 6.69644e-16 3.03022e-15 1.32475e-14 5.59057e-14 2.27546e-13 8.92458e-13 3.36993e-12 1.22397e-11 4.27217e-11 1.43173e-10 4.60298e-10 1.4185e-09 4.18716e-09 1.18316e-08 3.19896e-08 8.27365e-08 2.0469e-07 4.84515e-07 1.09787e-06 2.38327e-06 4.96145e-06 9.91667e-06 1.90533e-05 3.5231e-05 6.27576e-05 0.000107783 0.000178594 0.000285665 0.000441316 0.000658828 0.000950928 0.00132762 0.00179346 0.00234462 0.00296639 0.00363223 0.00430562 0.00494537 0.00551338 0.00598218 0.00633902 0.00658475 0.00672821 0.00677877 0.00674031 0.00660882 0.00637472 0.00602885 0.00556996 0.00501036 0.00437705 0.00370757 0.00304264 0.00241862 0.00186228 0.001389 0.00100347 0.000702036 0.00047548 0.000311646 0.0001976 0.000121156 7.18053e-05 4.11161e-05 2.2732e-05 1.21255e-05 6.23463e-06 3.08719e-06 1.47086e-06 6.73746e-07 2.96544e-07 1.2537e-07 5.09042e-08 1.98524e-08 7.43864e-09 2.67914e-09 9.28045e-10 3.09394e-10 9.93456e-11 3.07488e-11 9.18142e-12 2.64703e-12 7.37461e-13 1.98707e-13 5.18249e-14 1.30936e-14 3.20711e-15 7.62127e-16 1.75839e-16 3.94167e-17 8.59043e-18 1.82156e-18 3.77636e-19 
2.48943e-19 1.82333e-19 7.54395e-19 3.93927e-18 2.0161e-17 1.0002e-16 4.80462e-16 2.23305e-15 1.00337e-14 4.35502e-14 1.8244e-13 7.36998e-13 2.86841e-12 1.07459e-11 3.87139e-11 1.34e-10 4.45203e-10 1.4185e-09 4.33062e-09 1.26585e-08 3.54022e-08 9.46823e-08 2.42075e-07 5.91603e-07 1.38223e-06 3.08892e-06 6.60758e-06 1.35439e-05 2.66353e-05 5.03235e-05 9.1467e-05 0.000160127 0.000270283 0.000440241 0.000692443 0.0010524 0.00154651 0.00219874 0.0030262 0.00403392 0.00520957 0.00651927 0.00790649 0.00929643 0.0106067 0.0117627 0.0127118 0.0134311 0.0139246 0.0142115 0.0143111 0.0142315 0.0139642 0.0134891 0.0127867 0.0118528 0.0107103 0.00941116 0.00802937 0.00664623 0.00533576 0.00415432 0.00313646 0.00229571 0.00162845 0.00111898 0.000744482 0.000479356 0.000298554 0.000179768 0.000104578 5.87293e-05 3.1808e-05 1.65967e-05 8.33392e-06 4.02338e-06 1.86594e-06 8.30845e-07 3.55076e-07 1.45637e-07 5.73378e-08 2.16765e-08 7.87304e-09 2.74905e-09 9.23484e-10 2.98698e-10 9.31018e-11 2.79886e-11 8.12234e-12 2.27737e-12 6.17462e-13 1.62022e-13 4.1179e-14 1.01452e-14 2.42469e-15 5.62577e-16 1.26807e-16 2.77865e-17 5.92359e-18 1.23482e-18 
7.95292e-19 6.02918e-19 2.50573e-18 1.30012e-17 6.6083e-17 3.25545e-16 1.55265e-15 7.16372e-15 3.19494e-14 1.37622e-13 5.72055e-13 2.29262e-12 8.85054e-12 3.28811e-11 1.17448e-10 4.02951e-10 1.32662e-09 4.18716e-09 1.26585e-08 3.66242e-08 1.01335e-07 2.67977e-07 6.77018e-07 1.63375e-06 3.76615e-06 8.29683e-06 1.74805e-05 3.52599e-05 6.81822e-05 0.000126581 0.000225962 0.00038841 0.000643692 0.00102956 0.0015907 0.00237592 0.00343326 0.00480329 0.00651086 0.00855612 0.010906 0.013488 0.0161902 0.0188701 0.021375 0.0235696 0.0253613 0.026713 0.0276367 0.0281711 0.0283543 0.0282011 0.0276951 0.0267972 0.0254681 0.0236964 0.0215203 0.0190326 0.0163678 0.0136766 0.0110993 0.00874661 0.00669108 0.00496699 0.00357612 0.00249576 0.00168735 0.00110448 0.000699506 0.00042835 0.000253401 0.00014467 7.96153e-05 4.21824e-05 2.14913e-05 1.05181e-05 4.94084e-06 2.22645e-06 9.62198e-07 3.988e-07 1.58559e-07 6.0501e-08 2.21682e-08 7.80552e-09 2.64317e-09 8.61525e-10 2.7053e-10 8.19141e-11 2.39379e-11 6.75751e-12 1.84433e-12 4.8709e-13 1.24583e-13 3.0884e-14 7.42619e-15 1.73332e-15 3.92985e-16 8.66082e-17 1.85679e-17 3.89309e-18 
2.45095e-18 1.92269e-18 8.01969e-18 4.13328e-17 2.08579e-16 1.01998e-15 4.82814e-15 2.21055e-14 9.78153e-14 4.17961e-13 1.7231e-12 6.84771e-12 2.62082e-11 9.65098e-11 3.41607e-10 1.16112e-09 3.78609e-09 1.18316e-08 3.54022e-08 1.01335e-07 2.77261e-07 7.24644e-07 1.80822e-06 4.30679e-06 9.79117e-06 2.1254e-05 4.40833e-05 8.74562e-05 0.000166183 0.000302938 0.00053068 0.000894825 0.00145452 0.00228208 0.00345972 0.00507293 0.00720067 0.00990296 0.0132071 0.0170937 0.0214853 0.0262388 0.0311482 0.0359626 0.0404207 0.0442968 0.047442 0.0498031 0.0514098 0.0523353 0.0526484 0.0523755 0.0514867 0.0499106 0.047574 0.0444495 0.0405939 0.0361586 0.0313686 0.0264822 0.0217458 0.0173617 0.0134715 0.010153 0.00742762 0.00527067 0.00362517 0.002415 0.00155702 0.000970651 0.000584469 0.000339503 0.000189981 0.000102272 5.28956e-05 2.62559e-05 1.24976e-05 5.70167e-06 2.49272e-06 1.04442e-06 4.19522e-07 1.61635e-07 5.9773e-08 2.12327e-08 7.25106e-09 2.38279e-09 7.54151e-10 2.30103e-10 6.77451e-11 1.92629e-11 5.29465e-12 1.408e-12 3.62558e-13 9.04717e-14 2.1895e-14 5.14278e-15 1.17322e-15 2.60132e-16 5.61018e-17 1.18346e-17 
7.28692e-18 5.91266e-18 2.47312e-17 1.26571e-16 6.33933e-16 3.07617e-15 1.44466e-14 6.561e-14 2.8792e-13 1.21985e-12 4.98539e-12 1.96361e-11 7.44681e-11 2.7166e-10 9.52346e-10 3.20509e-09 1.03449e-08 3.19896e-08 9.46823e-08 2.67977e-07 7.24644e-07 1.8708e-06 4.60849e-06 1.08284e-05 2.42663e-05 5.18792e-05 0.000105877 0.000206478 0.000385313 0.000689211 0.00118385 0.00195641 0.00311603 0.0047906 0.00711859 0.0102355 0.0142558 0.0192525 0.0252366 0.0321391 0.0397978 0.047952 0.0562526 0.0642922 0.0716603 0.0780128 0.083133 0.0869563 0.0895466 0.0910321 0.0915287 0.0910797 0.0896347 0.0870733 0.0832676 0.0781594 0.0718214 0.0644771 0.0564716 0.0482109 0.0400946 0.0324648 0.0255773 0.0195925 0.0145802 0.0105317 0.0073777 0.00500771 0.00329026 0.00209027 0.00128229 0.000758447 0.000431854 0.000236346 0.000124155 6.2532e-05 3.01738e-05 1.39431e-05 6.16938e-06 2.61431e-06 1.06142e-06 4.1313e-07 1.5427e-07 5.5314e-08 1.90605e-08 6.31816e-09 2.01658e-09 6.20332e-10 1.84089e-10 5.27506e-11 1.46088e-11 3.91354e-12 1.01498e-12 2.55055e-13 6.21489e-14 1.46955e-14 3.37441e-15 7.52966e-16 1.63405e-16 3.46905e-17 
2.09019e-17 1.75332e-17 7.34836e-17 3.73342e-16 1.85532e-15 8.9309e-15 4.1597e-14 1.87317e-13 8.14873e-13 3.42163e-12 1.38557e-11 5.40601e-11 2.03037e-10 7.33329e-10 2.54458e-09 8.47397e-09 2.7056e-08 8.27365e-08 2.42075e-07 6.77018e-07 1.80822e-06 4.60849e-06 1.12005e-05 2.59479e-05 5.72892e-05 0.000120565 0.000241981 0.000463637 0.000849199 0.00148948 0.0025068 0.00405668 0.006325 0.00951873 0.0138488 0.0195052 0.026628 0.0352766 0.0454048 0.0568417 0.0692826 0.0822921 0.0953256 0.107778 0.11906 0.128698 0.136409 0.142134 0.145995 0.148199 0.148928 0.148248 0.14608 0.142236 0.136509 0.128787 0.119144 0.107876 0.0954623 0.0824861 0.0695419 0.0571626 0.0457745 0.0356764 0.0270368 0.0199023 0.014216 0.00984259 0.00659745 0.00427539 0.00267433 0.0016119 0.000934482 0.000520225 0.000277702 0.000141991 6.94902e-05 3.25399e-05 1.45792e-05 6.25162e-06 2.56692e-06 1.00991e-06 3.81031e-07 1.37982e-07 4.80049e-08 1.60609e-08 5.17248e-09 1.60509e-09 4.80382e-10 1.38794e-10 3.87477e-11 1.04615e-11 2.73394e-12 6.92121e-13 1.69869e-13 4.04498e-14 9.35193e-15 2.10074e-15 4.58867e-16 9.8065e-17 
5.78481e-17 5.01328e-17 2.10376e-16 1.06079e-15 5.22919e-15 2.49626e-14 1.15272e-13 5.14511e-13 2.2179e-12 9.22569e-12 3.69984e-11 1.42921e-10 5.3129e-10 1.89872e-09 6.51704e-09 2.14612e-08 6.77363e-08 2.0469e-07 5.91603e-07 1.63375e-06 4.30679e-06 1.08284e-05 2.59479e-05 5.92308e-05 0.000128762 0.000266591 0.000525924 0.000989486 0.00177784 0.00305593 0.00503587 0.00797397 0.01216 0.0178964 0.0254674 0.0350997 0.0469195 0.0609157 0.076915 0.0945707 0.113367 0.13264 0.151614 0.16947 0.185447 0.198955 0.209676 0.217585 0.222892 0.22591 0.226899 0.225953 0.22296 0.217645 0.2097 0.198929 0.18538 0.169393 0.151567 0.13266 0.113477 0.0947795 0.0772179 0.0612972 0.0473561 0.035564 0.0259306 0.0183324 0.0125486 0.00830252 0.00529969 0.00325726 0.00192383 0.00109001 0.000591582 0.000307229 0.000152578 7.24422e-05 3.28851e-05 1.42781e-05 5.9328e-06 2.36097e-06 9.00609e-07 3.29612e-07 1.15855e-07 3.91477e-08 1.27296e-08 3.98718e-09 1.20417e-09 3.50986e-10 9.8826e-11 2.69041e-11 7.0877e-12 1.80837e-12 4.4721e-13 1.07277e-13 2.49798e-14 5.65026e-15 1.24254e-15 2.67374e-16 
1.54481e-16 1.38208e-16 5.80304e-16 2.9035e-15 1.41947e-14 6.71823e-14 3.07493e-13 1.35993e-12 5.80685e-12 2.39184e-11 9.49529e-11 3.62967e-10 1.33474e-09 4.71702e-09 1.60047e-08 5.20814e-08 1.62376e-07 4.84515e-07 1.38223e-06 3.76615e-06 9.79117e-06 2.42663e-05 5.72892e-05 0.000128762 0.00027542 0.00056065 0.0010865 0.00200617 0.003534 0.00594977 0.00959436 0.014855 0.0221395 0.0318382 0.0442758 0.0596571 0.0780151 0.0991754 0.122743 0.148113 0.1745 0.200983 0.22656 0.250234 0.271123 0.288586 0.302322 0.312386 0.319105 0.322909 0.324147 0.322942 0.319144 0.31239 0.302248 0.288412 0.270858 0.249917 0.226244 0.200723 0.17434 0.148079 0.122847 0.0994146 0.0783732 0.0601062 0.0447799 0.032358 0.0226386 0.0153048 0.0099763 0.00625629 0.00376665 0.00217317 0.0011998 0.000633237 0.000319318 0.000153819 7.07951e-05 3.11456e-05 1.31062e-05 5.27945e-06 2.03764e-06 7.54251e-07 2.68033e-07 9.15353e-08 3.00717e-08 9.51329e-09 2.90092e-09 8.53468e-10 2.42487e-10 6.65929e-11 1.76922e-11 4.55105e-12 1.1344e-12 2.74206e-13 6.43232e-14 1.46538e-14 3.2449e-15 7.0319e-16 
3.98047e-16 3.67321e-16 1.54223e-15 7.65568e-15 3.71125e-14 1.74117e-13 7.89719e-13 3.45982e-12 1.46292e-11 5.96476e-11 2.34306e-10 8.85904e-10 3.22096e-09 1.12499e-08 3.77088e-08 1.21175e-07 3.72908e-07 1.09787e-06 3.08892e-06 8.29683e-06 2.1254e-05 5.18792e-05 0.000120565 0.000266591 0.00056065 0.00112128 0.0021332 0.00386335 0.00666878 0.0109911 0.0173348 0.0262297 0.0381818 0.0536152 0.0728091 0.095836 0.122515 0.152391 0.18475 0.218666 0.253067 0.286798 0.318703 0.347702 0.3729 0.393704 0.409907 0.421689 0.429511 0.433921 0.435349 0.433945 0.429526 0.421643 0.409747 0.393398 0.372451 0.347148 0.318102 0.286215 0.252559 0.218283 0.184525 0.152346 0.122653 0.0961422 0.0732494 0.0541432 0.0387461 0.0267825 0.0178383 0.0114204 0.00701246 0.00412211 0.00231641 0.00124325 0.000637001 0.000311555 0.000145496 6.49111e-05 2.7685e-05 1.12978e-05 4.4155e-06 1.65436e-06 5.94821e-07 2.05447e-07 6.82364e-08 2.18159e-08 6.72049e-09 1.99673e-09 5.72709e-10 1.58722e-10 4.25415e-11 1.10363e-11 2.77346e-12 6.75695e-13 1.59711e-13 3.66516e-14 8.17359e-15 1.78404e-15 
9.89536e-16 9.40975e-16 3.94847e-15 1.94444e-14 9.34595e-14 4.34597e-13 1.95299e-12 8.47419e-12 3.54738e-11 1.43134e-10 5.56166e-10 2.07914e-09 7.47064e-09 2.57747e-08 8.52995e-08 2.70499e-07 8.21098e-07 2.38327e-06 6.60758e-06 1.74805e-05 4.40833e-05 0.000105877 0.000241981 0.000525924 0.0010865 0.0021332 0.00398123 0.00706757 0.0119481 0.0192685 0.0297096 0.043914 0.0624085 0.0855301 0.113363 0.145691 0.181976 0.221374 0.262793 0.304983 0.346634 0.386465 0.423294 0.45611 0.484149 0.506981 0.524571 0.537256 0.545627 0.550328 0.551846 0.55035 0.545636 0.537195 0.524378 0.506614 0.483601 0.455407 0.422486 0.385611 0.345797 0.304224 0.26217 0.220938 0.181761 0.145709 0.113599 0.0859439 0.0629438 0.0445085 0.0303045 0.0198162 0.012416 0.00744022 0.00425834 0.00232582 0.00121178 0.000602267 0.000285635 0.000129342 5.59626e-05 2.31562e-05 9.17195e-06 3.48111e-06 1.26731e-06 4.43005e-07 1.48848e-07 4.812e-08 1.49828e-08 4.49748e-09 1.30276e-09 3.64481e-10 9.85807e-11 2.5798e-11 6.53758e-12 1.60558e-12 3.82442e-13 8.84184e-14 1.98595e-14 4.36629e-15 
2.37298e-15 2.32285e-15 9.73674e-15 4.75662e-14 2.26677e-13 1.0447e-12 4.65109e-12 1.99859e-11 8.28156e-11 3.30618e-10 1.27045e-09 4.6945e-09 1.66643e-08 5.67688e-08 1.854e-07 5.79874e-07 1.73508e-06 4.96145e-06 1.35439e-05 3.52599e-05 8.74562e-05 0.000206478 0.000463637 0.000989486 0.00200617 0.00386335 0.00706757 0.0122898 0.0203362 0.0320757 0.0483324 0.0697671 0.0967738 0.129411 0.167368 0.209966 0.256189 0.304754 0.354213 0.403081 0.449953 0.493587 0.532958 0.56729 0.596088 0.619187 0.636771 0.649336 0.657574 0.662181 0.663669 0.662211 0.6576 0.649303 0.636617 0.618864 0.595574 0.566592 0.532104 0.492616 0.448915 0.402035 0.353229 0.303907 0.255549 0.209581 0.167258 0.129562 0.0971438 0.0702935 0.0489441 0.0327025 0.0209187 0.0127866 0.00745892 0.00414909 0.00220012 0.0011122 0.000536193 0.000246673 0.000108372 4.55083e-05 1.82834e-05 7.03486e-06 2.59497e-06 9.18628e-07 3.12413e-07 1.02176e-07 3.21688e-08 9.75932e-09 2.85575e-09 8.06761e-10 2.20236e-10 5.81477e-11 1.4861e-11 3.67949e-12 8.8328e-13 2.05737e-13 4.65428e-14 1.03077e-14 
5.48805e-15 5.52379e-15 2.31203e-14 1.12049e-13 5.29434e-13 2.41836e-12 1.06668e-11 4.53898e-11 1.86167e-10 7.35289e-10 2.79385e-09 1.02025e-08 3.57704e-08 1.20283e-07 3.8752e-07 1.19488e-06 3.52239e-06 9.91667e-06 2.66353e-05 6.81822e-05 0.000166183 0.000385313 0.000849199 0.00177784 0.003534 0.00666878 0.0119481 0.0203362 0.0329177 0.0507569 0.0747209 0.105314 0.142572 0.186032 0.234781 0.28754 0.342773 0.398811 0.453988 0.50677 0.555866 0.600277 0.639311 0.672564 0.699906 0.721476 0.737681 0.749146 0.756609 0.760767 0.762112 0.760812 0.756671 0.749178 0.737627 0.721289 0.699553 0.672032 0.638599 0.599393 0.554831 0.505625 0.452795 0.397654 0.341742 0.28672 0.234234 0.185787 0.142624 0.105627 0.0752306 0.0513816 0.033572 0.020946 0.012463 0.0070668 0.00381743 0.00196474 0.000963805 0.000450901 0.000201331 8.58731e-05 3.50213e-05 1.36701e-05 5.11236e-06 1.83374e-06 6.31507e-07 2.09022e-07 6.65623e-08 2.04139e-08 6.03554e-09 1.72193e-09 4.74494e-10 1.26403e-10 3.25816e-11 8.13293e-12 1.96759e-12 4.6172e-13 1.05201e-13 2.34683e-14 
1.2237e-14 1.26494e-14 5.2849e-14 2.54105e-13 1.19053e-12 5.39022e-12 2.35554e-11 9.92643e-11 4.02999e-10 1.57471e-09 5.91623e-09 2.13497e-08 7.39236e-08 2.45331e-07 7.79524e-07 2.36886e-06 6.87715e-06 1.90533e-05 5.03235e-05 0.000126581 0.000302938 0.000689211 0.00148948 0.00305593 0.00594977 0.0109911 0.0192685 0.0320757 0.0507569 0.0764759 0.109963 0.151322 0.199958 0.254651 0.31373 0.375278 0.43732 0.49798 0.555609 0.60888 0.656845 0.698931 0.734901 0.764786 0.788831 0.807463 0.821259 0.830914 0.83715 0.84061 0.841733 0.840671 0.837251 0.831021 0.82133 0.807456 0.788712 0.764526 0.734475 0.698317 0.656029 0.607868 0.554436 0.496713 0.436048 0.374102 0.312746 0.253937 0.199567 0.151271 0.110225 0.0769806 0.051404 0.0327585 0.0198981 0.0115115 0.00634103 0.00332599 0.00166176 0.000791311 0.000359397 0.000155819 6.45488e-05 2.55748e-05 9.70156e-06 3.52724e-06 1.23043e-06 4.12257e-07 1.3281e-07 4.11811e-08 1.2303e-08 3.5449e-09 9.86049e-10 2.65034e-10 6.8898e-11 1.73379e-11 4.22703e-12 9.99266e-13 2.29294e-13 5.15204e-14 
2.62982e-14 2.7884e-14 1.16251e-13 5.54599e-13 2.57682e-12 1.15652e-11 5.00794e-11 2.09018e-10 8.40041e-10 3.24767e-09 1.20655e-08 4.30281e-08 1.47136e-07 4.81907e-07 1.51006e-06 4.52189e-06 1.29258e-05 3.5231e-05 9.1467e-05 0.000225962 0.00053068 0.00118385 0.0025068 0.00503587 0.00959436 0.0173348 0.0297096 0.0483324 0.0747209 0.109963 0.154404 0.207462 0.267663 0.332864 0.400601 0.468418 0.534115 0.595889 0.652399 0.702779 0.746607 0.783843 0.814734 0.839722 0.859365 0.87429 0.885171 0.892693 0.897511 0.900173 0.901041 0.900242 0.897639 0.892858 0.885346 0.874448 0.859476 0.839754 0.814648 0.783595 0.746156 0.702095 0.651477 0.594755 0.532827 0.467062 0.399283 0.331701 0.266771 0.206933 0.154278 0.110212 0.075253 0.0490188 0.0304211 0.0179728 0.0101048 0.00540651 0.00275362 0.00133571 0.000617503 0.000272295 0.000114634 4.61206e-05 1.77515e-05 6.54339e-06 2.31246e-06 7.84383e-07 2.55647e-07 8.01458e-08 2.41941e-08 7.0401e-09 1.97663e-09 5.36007e-10 1.40517e-10 3.56442e-11 8.75661e-12 2.08515e-12 4.81808e-13 1.09029e-13 
5.44529e-14 5.91461e-14 2.45997e-13 1.16459e-12 5.36686e-12 2.38814e-11 1.02483e-10 4.23703e-10 1.68598e-09 6.45003e-09 2.36985e-08 8.35305e-08 2.82122e-07 9.11993e-07 2.81838e-06 8.31667e-06 2.34065e-05 6.27576e-05 0.000160127 0.00038841 0.000894825 0.00195641 0.00405668 0.00797397 0.014855 0.0262297 0.043914 0.0697671 0.105314 0.151322 0.207462 0.272213 0.34305 0.416887 0.490589 0.561406 0.627221 0.686619 0.73883 0.783629 0.821212 0.852071 0.876877 0.89638 0.911333 0.922458 0.930429 0.935869 0.939321 0.941219 0.941842 0.941288 0.939455 0.936059 0.930664 0.922722 0.91161 0.896643 0.877088 0.852182 0.821166 0.783371 0.738316 0.685824 0.626151 0.560099 0.489127 0.415397 0.341697 0.271167 0.206851 0.151192 0.105612 0.0703642 0.0446504 0.0269614 0.0154845 0.00845761 0.00439416 0.00217256 0.00102285 0.00045892 0.000196401 8.02545e-05 3.13456e-05 1.17151e-05 4.19445e-06 1.44032e-06 4.74892e-07 1.50512e-07 4.59063e-08 1.34885e-08 3.82215e-09 1.04554e-09 2.76368e-10 7.06581e-11 1.74887e-11 4.19425e-12 9.75789e-13 2.22358e-13 
1.08595e-13 1.20676e-13 5.00601e-13 2.35215e-12 1.0753e-11 4.74481e-11 2.01826e-10 8.26719e-10 3.25764e-09 1.2335e-08 4.48303e-08 1.56206e-07 5.21191e-07 1.66319e-06 5.06992e-06 1.47448e-05 4.08627e-05 0.000107783 0.000270283 0.000643692 0.00145452 0.00311603 0.006325 0.01216 0.0221395 0.0381818 0.0624085 0.0967738 0.142572 0.199958 0.267663 0.34305 0.422534 0.502226 0.578601 0.648957 0.711595 0.765751 0.811396 0.849009 0.879373 0.903421 0.922117 0.936378 0.947023 0.954765 0.96021 0.963873 0.966174 0.967432 0.967849 0.967493 0.966296 0.964056 0.960453 0.955066 0.947376 0.93677 0.922523 0.9038 0.879672 0.849163 0.811336 0.765408 0.710913 0.647909 0.577214 0.500601 0.420851 0.34154 0.266542 0.199366 0.142527 0.0971786 0.0630923 0.0389626 0.0228723 0.0127602 0.00676586 0.00341084 0.00163578 0.000746874 0.000324957 0.000134866 5.34517e-05 2.02535e-05 7.34577e-06 2.55324e-06 8.51497e-07 2.72788e-07 8.4047e-08 2.49323e-08 7.12893e-09 1.96682e-09 5.24118e-10 1.35033e-10 3.36674e-11 8.13075e-12 1.90427e-12 4.36905e-13 
2.08518e-13 2.36746e-13 9.79359e-13 4.56803e-12 2.07206e-11 9.06843e-11 3.82431e-10 1.5524e-09 6.05909e-09 2.27129e-08 8.16745e-08 2.814e-07 9.27779e-07 2.92345e-06 8.79264e-06 2.5209e-05 6.88098e-05 0.000178594 0.000440241 0.00102956 0.00228208 0.0047906 0.00951873 0.0178964 0.0318382 0.0536152 0.0855301 0.129411 0.186032 0.254651 0.332864 0.416887 0.502226 0.584501 0.660179 0.72697 0.783869 0.83092 0.868867 0.898828 0.922049 0.939749 0.953031 0.962839 0.969954 0.975003 0.978484 0.980789 0.982221 0.982999 0.983259 0.983047 0.982319 0.980941 0.978697 0.975283 0.970304 0.96326 0.953513 0.940271 0.922572 0.899295 0.869203 0.83103 0.783648 0.726325 0.659064 0.582959 0.50041 0.415051 0.331292 0.253578 0.18557 0.129526 0.0860714 0.0543813 0.0326411 0.0186047 0.0100694 0.00517636 0.00252884 0.00117495 0.000519665 0.000219024 8.8069e-05 3.38255e-05 1.2425e-05 4.37041e-06 1.47391e-06 4.77175e-07 1.48481e-07 4.44592e-08 1.28247e-08 3.56781e-09 9.58275e-10 2.48743e-10 6.24605e-11 1.51868e-11 3.57995e-12 8.2684e-13 
3.85344e-13 4.46415e-13 1.84134e-12 8.52773e-12 3.83901e-11 1.66687e-10 6.97105e-10 2.80501e-09 1.08472e-08 4.02658e-08 1.43305e-07 4.88367e-07 1.59157e-06 4.95365e-06 1.47048e-05 4.15762e-05 0.000111814 0.000285665 0.000692443 0.0015907 0.00345972 0.00711859 0.0138488 0.0254674 0.0442758 0.0728091 0.113363 0.167368 0.234781 0.31373 0.400601 0.490589 0.578601 0.660179 0.732185 0.793052 0.842633 0.881796 0.911963 0.934732 0.951632 0.963998 0.972932 0.979306 0.983789 0.986888 0.988978 0.990339 0.991173 0.991624 0.991776 0.991658 0.991244 0.990452 0.989143 0.987114 0.984087 0.979684 0.973397 0.964546 0.952246 0.935376 0.912572 0.882273 0.842848 0.792861 0.731472 0.658909 0.576866 0.488617 0.398706 0.312223 0.233872 0.167115 0.11367 0.0734826 0.0450983 0.0262612 0.0145067 0.00760344 0.00378314 0.00178823 0.000803784 0.000343934 0.000140266 5.45916e-05 2.0303e-05 7.22488e-06 2.46325e-06 8.05668e-07 2.53119e-07 7.64798e-08 2.22505e-08 6.24021e-09 1.6889e-09 4.41578e-10 1.11648e-10 2.73245e-11 6.48158e-12 1.50667e-12 
