0.00233456 0.00235796 0.00243447 0.00256483 0.00274998 0.00299119 0.00329007 0.00364848 0.00406853 0.00455246 0.00510265 0.00572151 0.00641141 0.00717462 0.00801322 0.00892899 0.00992338 0.0109974 0.0121514 0.0133855 0.0146986 0.0160893 0.0175553 0.0190934 0.0206995 0.0223686 0.0240949 0.0258715 0.0276909 0.0295445 0.031423 0.0333162 0.0352135 0.0371036 0.0389747 0.0408147 0.0426112 0.0443518 0.0460241 0.0476159 0.0491153 0.0505109 0.0517918 0.052948 0.0539702 0.0548503 0.055581 0.0561563 0.0565716 0.0568233 0.0569094 0.0568293 0.0565836 0.0561743 0.0556049 0.0548802 0.054006 0.0529897 0.0518393 0.0505641 0.0491742 0.0476803 0.0460939 0.0444268 0.0426912 0.0408994 0.039064 0.0371971 0.0353109 0.0334171 0.0315269 0.0296512 0.0277998 0.0259822 0.0242068 0.0224812 0.0208123 0.0192059 0.017667 0.0161997 0.014807 0.0134915 0.0122546 0.0110972 0.0100195 0.00902091 0.00810059 0.00725711 0.0064887 0.00579333 0.00516877 0.00461266 0.00412264 0.00369636 0.00333158 0.00302625 0.00277852 0.00258681 0.00244986 0.0023669 
0.00235796 0.00238162 0.00245891 0.00259059 0.0027776 0.00302123 0.0033231 0.00368509 0.00410931 0.00459803 0.00515365 0.0057786 0.00647526 0.00724593 0.00809267 0.00901731 0.0100213 0.0111056 0.0122706 0.0135164 0.0148419 0.0162457 0.0177254 0.0192778 0.0208987 0.0225832 0.0243253 0.0261181 0.0279539 0.0298242 0.0317194 0.0336295 0.0355437 0.0374504 0.0393379 0.0411939 0.043006 0.0447616 0.0464483 0.0480538 0.049566 0.0509734 0.0522651 0.0534311 0.0544619 0.0553494 0.0560862 0.0566663 0.057085 0.0573388 0.0574256 0.0573448 0.0570969 0.0566842 0.05611 0.0553791 0.0544975 0.0534725 0.0523123 0.0510263 0.0496245 0.0481178 0.0465177 0.0448362 0.0430856 0.0412783 0.0394268 0.0375435 0.0356407 0.0337301 0.0318231 0.0299306 0.0280626 0.0262285 0.024437 0.0226957 0.0210115 0.0193903 0.0178371 0.0163561 0.0149505 0.0136225 0.012374 0.0112056 0.0101175 0.00910942 0.00818025 0.00732863 0.00655278 0.00585064 0.00521998 0.00465844 0.00416361 0.00373314 0.00336478 0.00305644 0.00280626 0.00261266 0.00247436 0.0023906 
0.00243447 0.00245891 0.00253863 0.00267437 0.00286713 0.00311821 0.00342927 0.00380223 0.00423924 0.00474264 0.00531485 0.00595837 0.00667561 0.00746891 0.00834037 0.00929182 0.0103247 0.0114401 0.0126383 0.0139192 0.015282 0.0167249 0.0182455 0.0198405 0.0215057 0.0232358 0.0250248 0.0268655 0.0287501 0.0306697 0.0326146 0.0345744 0.0365381 0.0384938 0.0404296 0.0423328 0.0441907 0.0459905 0.0477194 0.0493648 0.0509145 0.0523567 0.0536802 0.0548747 0.0559307 0.0568397 0.0575944 0.0581885 0.0586173 0.0588771 0.0589659 0.0588829 0.0586289 0.0582059 0.0576176 0.0568687 0.0559655 0.0549152 0.0537264 0.0524085 0.0509718 0.0494276 0.0477875 0.0460638 0.044269 0.0424159 0.0405173 0.0385858 0.036634 0.0346739 0.0327173 0.0307752 0.028858 0.0269753 0.025136 0.0233479 0.0216182 0.0199528 0.0183571 0.0168353 0.0153906 0.0140256 0.0127419 0.0115405 0.0104214 0.00938443 0.00842848 0.00755217 0.0067537 0.00603099 0.00538176 0.0048036 0.00429407 0.00385077 0.00347139 0.0031538 0.00289612 0.00269671 0.00255427 0.00246802 
0.00256483 0.00259059 0.00267437 0.00281697 0.00301939 0.003283 0.00360951 0.0040009 0.00445942 0.00498745 0.00558753 0.00626219 0.00701395 0.00784518 0.00875805 0.00975442 0.0108358 0.012003 0.0132567 0.0145964 0.0160213 0.0175295 0.0191185 0.0207846 0.0225235 0.0243297 0.0261968 0.0281173 0.0300831 0.0320847 0.0341123 0.0361548 0.0382007 0.040238 0.0422539 0.0442355 0.0461694 0.0480425 0.0498415 0.0515532 0.0531651 0.0546649 0.0560411 0.057283 0.0583807 0.0593255 0.0601097 0.0607271 0.0611725 0.0614424 0.0615344 0.0614479 0.0611836 0.0607438 0.060132 0.0593533 0.0584141 0.0573219 0.0560856 0.0547148 0.0532205 0.051614 0.0499075 0.0481137 0.0462456 0.0443164 0.0423394 0.0403279 0.0382947 0.0362524 0.0342133 0.0321887 0.0301896 0.0282259 0.026307 0.024441 0.0226354 0.0208965 0.0192298 0.0176398 0.01613 0.014703 0.0133607 0.012104 0.0109331 0.0098478 0.00884701 0.00792934 0.00709297 0.00633576 0.00565537 0.00504932 0.00451511 0.00405024 0.00365235 0.00331923 0.00304892 0.00283973 0.00269033 0.00259989 
0.00274998 0.0027776 0.00286713 0.00301939 0.00323544 0.00351672 0.00386501 0.0042824 0.00477122 0.00533397 0.00597329 0.00669182 0.00749216 0.00837679 0.00934792 0.0104075 0.0115569 0.0127972 0.0141286 0.015551 0.017063 0.0186629 0.0203478 0.0221138 0.0239561 0.0258689 0.0278454 0.0298778 0.0319571 0.0340737 0.0362169 0.0383751 0.0405362 0.0426875 0.0448155 0.0469066 0.0489469 0.0509224 0.0528192 0.0546236 0.0563224 0.0579026 0.0593524 0.0606604 0.0618163 0.0628111 0.0636367 0.0642864 0.0647551 0.0650389 0.0651355 0.0650441 0.0647655 0.0643021 0.0636576 0.0628372 0.0618478 0.0606971 0.0593944 0.0579499 0.0563749 0.0546814 0.0528822 0.0509904 0.0490199 0.0469844 0.044898 0.0427744 0.0406274 0.0384701 0.0363154 0.0341754 0.0320616 0.0299846 0.0279541 0.0259789 0.0240669 0.0222249 0.0204587 0.0187731 0.0171719 0.0156579 0.0142332 0.0128988 0.0116551 0.0105018 0.00943798 0.00846214 0.00757242 0.00676664 0.00604238 0.00539706 0.00482808 0.00433283 0.00390884 0.00355382 0.0032657 0.00304274 0.00288352 0.00278718 
0.00299119 0.00302123 0.00311821 0.003283 0.00351672 0.00382089 0.00419741 0.00464846 0.00517652 0.00578422 0.00647432 0.00724962 0.00811282 0.00906649 0.0101129 0.0112541 0.0124915 0.0138261 0.015258 0.016787 0.0184116 0.0201297 0.0219382 0.0238328 0.0258084 0.0278586 0.0299761 0.0321524 0.034378 0.0366424 0.0389343 0.0412414 0.0435506 0.0458483 0.0481203 0.0503522 0.052529 0.0546361 0.0566585 0.0585819 0.0603922 0.0620757 0.0636198 0.0650126 0.0662433 0.0673021 0.0681807 0.068872 0.0693705 0.0696721 0.0697745 0.0696769 0.06938 0.0688863 0.0681998 0.0673261 0.0662722 0.0650465 0.0636586 0.0621195 0.060441 0.0586358 0.0567175 0.0547 0.0525979 0.0504259 0.0481988 0.0459313 0.0436379 0.0413328 0.0390295 0.0367411 0.0344797 0.0322567 0.0300826 0.0279669 0.0259179 0.023943 0.0220484 0.0202395 0.0185204 0.0168942 0.0153631 0.0139285 0.0125908 0.0113497 0.0102043 0.00915327 0.00819458 0.00732599 0.00654496 0.00584882 0.00523482 0.00470024 0.00424246 0.00385907 0.0035479 0.00330709 0.00313514 0.00303117 
0.00329007 0.0033231 0.00342927 0.00360951 0.00386501 0.00419741 0.0046087 0.00510124 0.00567764 0.0063407 0.00709334 0.0079385 0.00887905 0.00991766 0.0110567 0.0122983 0.0136438 0.0150942 0.0166496 0.0183094 0.0200722 0.0219354 0.0238954 0.0259478 0.0280867 0.0303052 0.0325953 0.0349478 0.0373524 0.0397978 0.0422716 0.0447607 0.0472509 0.0497276 0.0521756 0.0545794 0.056923 0.0591906 0.0613664 0.0634349 0.0653812 0.0671907 0.0688499 0.0703462 0.0716679 0.0728048 0.0737479 0.0744899 0.0750247 0.0753481 0.0754576 0.0753523 0.0750331 0.0745025 0.0737648 0.072826 0.0716936 0.0703763 0.0688847 0.0672302 0.0654254 0.063484 0.0614203 0.0592494 0.0569867 0.0546479 0.052249 0.0498057 0.0473334 0.0448475 0.0423626 0.0398925 0.0374506 0.035049 0.0326991 0.0304111 0.0281942 0.0260564 0.0240046 0.0220445 0.0201807 0.0184168 0.0167552 0.0151974 0.0137441 0.0123951 0.0111496 0.0100061 0.00896254 0.00801666 0.00716577 0.00640706 0.00573763 0.0051546 0.0046552 0.00423686 0.00389727 0.00363447 0.00344684 0.00333345 
0.00364848 0.00368509 0.00380223 0.0040009 0.0042824 0.00464846 0.00510124 0.00564325 0.00627727 0.0070063 0.00783346 0.00876184 0.00979449 0.0109342 0.0121835 0.0135444 0.0150185 0.0166065 0.0183086 0.0201239 0.0220507 0.024086 0.0262259 0.0284653 0.0307978 0.0332158 0.0357104 0.0382715 0.040888 0.0435475 0.0462365 0.0489407 0.0516448 0.0543331 0.056989 0.0595957 0.0621361 0.0645932 0.06695 0.0691898 0.0712964 0.0732545 0.0750494 0.0766675 0.0780966 0.0793255 0.0803447 0.0811463 0.0817239 0.082073 0.0821909 0.0820765 0.0817309 0.0811569 0.080359 0.0793435 0.0781184 0.0766933 0.0750793 0.0732887 0.0713351 0.069233 0.0669978 0.0646458 0.0621936 0.059658 0.0570561 0.054405 0.0517215 0.0490219 0.0463222 0.0436373 0.0409817 0.0383687 0.0358106 0.0333186 0.0309028 0.0285719 0.0263336 0.0241941 0.0221587 0.0202312 0.0184145 0.0167105 0.0151198 0.0136426 0.0122779 0.0110244 0.00987986 0.00884196 0.00790788 0.00707464 0.00633916 0.00569839 0.00514937 0.00468936 0.00431589 0.00402685 0.00382054 0.00369592 
0.00406853 0.00410931 0.00423924 0.00445942 0.00477122 0.00517652 0.00567764 0.00627727 0.00697841 0.00778426 0.00869814 0.00972336 0.0108631 0.0121204 0.0134978 0.0149974 0.0166208 0.0183687 0.020241 0.0222366 0.0243535 0.0265883 0.0289366 0.0313926 0.0339491 0.0365979 0.039329 0.0421313 0.0449927 0.0478994 0.0508368 0.0537893 0.0567403 0.0596725 0.0625681 0.0654087 0.068176 0.0708513 0.0734164 0.0758533 0.0781446 0.0802735 0.0822245 0.0839828 0.0855353 0.08687 0.0879767 0.0888468 0.0894736 0.0898522 0.0899796 0.0898549 0.089479 0.088855 0.0879878 0.0868841 0.0855526 0.0840035 0.0822487 0.0803016 0.0781766 0.0758896 0.0734571 0.0708966 0.0682259 0.0654635 0.0626278 0.0597372 0.0568099 0.0538638 0.0509161 0.0479832 0.0450808 0.0422235 0.0394247 0.0366968 0.0340509 0.0314965 0.0290422 0.0266949 0.0244605 0.0223434 0.0203469 0.0184731 0.0167231 0.0150969 0.0135938 0.0122124 0.0109505 0.00980555 0.00877469 0.00785471 0.00704236 0.00633436 0.00572755 0.005219 0.00480606 0.00448646 0.00425837 0.00412068 
0.00455246 0.00459803 0.00474264 0.00498745 0.00533397 0.00578422 0.0063407 0.0070063 0.00778426 0.00867801 0.00969108 0.010827 0.0120892 0.0134808 0.0150045 0.0166625 0.0184562 0.0203864 0.0224527 0.0246538 0.0269872 0.0294491 0.0320345 0.0347369 0.0375482 0.0404591 0.0434588 0.046535 0.0496741 0.0528613 0.0560804 0.0593143 0.0625449 0.0657533 0.0689201 0.0720254 0.0750492 0.0779713 0.0807719 0.0834315 0.0859313 0.0882532 0.0903803 0.0922969 0.0939886 0.0954427 0.0966481 0.0975956 0.0982778 0.0986897 0.0988279 0.0986914 0.0982814 0.097601 0.0966556 0.0954524 0.0940008 0.0923117 0.090398 0.0882741 0.0859557 0.0834597 0.0808042 0.078008 0.0750904 0.0720715 0.0689711 0.0658094 0.0626062 0.0593808 0.056152 0.0529379 0.0497556 0.046621 0.0435491 0.0405532 0.0376457 0.0348373 0.0321373 0.0295537 0.0270928 0.0247598 0.0225584 0.0204911 0.0185592 0.0167631 0.015102 0.0135745 0.0121785 0.0109113 0.00976982 0.00875066 0.00785037 0.00706544 0.00639251 0.0058284 0.00537027 0.00501568 0.00476265 0.00460999 
0.00510265 0.00515365 0.00531485 0.00558753 0.00597329 0.00647432 0.00709334 0.00783346 0.00869814 0.00969108 0.0108161 0.0120769 0.0134771 0.0150201 0.0167085 0.0185448 0.0205302 0.0226653 0.0249498 0.0273818 0.0299584 0.0326753 0.0355267 0.0385052 0.041602 0.0448067 0.0481071 0.0514897 0.0549396 0.0584403 0.0619742 0.0655224 0.0690651 0.0725818 0.0760511 0.0794516 0.0827612 0.0859582 0.0890211 0.0919286 0.0946604 0.0971971 0.0995202 0.101613 0.103459 0.105046 0.106361 0.107394 0.108138 0.108587 0.108737 0.108588 0.10814 0.107397 0.106365 0.105051 0.103466 0.101621 0.0995304 0.0972098 0.0946761 0.0919476 0.0890437 0.085985 0.0827924 0.0794874 0.076092 0.0726279 0.0691167 0.0655794 0.0620368 0.0585085 0.0550132 0.0515685 0.0481908 0.0448949 0.0416945 0.0386013 0.0356259 0.0327769 0.0300618 0.0274863 0.0250547 0.0227699 0.0206335 0.0186462 0.0168073 0.0151154 0.0135683 0.0121633 0.010897 0.00976597 0.00876645 0.00789471 0.00714712 0.00652027 0.00601111 0.005617 0.0053358 0.00516625 
0.00572151 0.0057786 0.00595837 0.00626219 0.00669182 0.00724962 0.0079385 0.00876184 0.00972336 0.010827 0.0120769 0.013477 0.0150311 0.0167426 0.0186146 0.0206493 0.022848 0.0252112 0.027738 0.0304265 0.0332732 0.036273 0.0394194 0.0427041 0.0461172 0.049647 0.0532803 0.0570019 0.0607953 0.0646424 0.0685238 0.0724189 0.0763059 0.0801625 0.0839653 0.0876908 0.0913152 0.0948149 0.0981662 0.101346 0.104333 0.107106 0.109644 0.11193 0.113947 0.115679 0.117115 0.118242 0.119054 0.119543 0.119707 0.119543 0.119053 0.118241 0.117114 0.115678 0.113946 0.111931 0.109646 0.10711 0.104339 0.101355 0.098178 0.0948304 0.091335 0.0877151 0.0839946 0.0801972 0.0763463 0.0724651 0.068576 0.0647006 0.0608595 0.057072 0.0533561 0.0497282 0.0462034 0.0427948 0.039514 0.0363709 0.0333737 0.0305289 0.0278416 0.025315 0.0229513 0.0207512 0.0187144 0.0168393 0.015124 0.0135653 0.0121599 0.0109041 0.00979386 0.00882522 0.00799427 0.00729736 0.0067312 0.00629294 0.00598029 0.00579186 
0.00641141 0.00647526 0.00667561 0.00701395 0.00749216 0.00811282 0.00887905 0.00979449 0.0108631 0.0120892 0.0134771 0.0150311 0.0167551 0.0186528 0.0207273 0.0229808 0.0254146 0.0280289 0.0308226 0.0337933 0.0369369 0.0402476 0.043718 0.0473389 0.051099 0.0549854 0.0589833 0.0630761 0.0672455 0.0714715 0.0757329 0.0800071 0.0842702 0.0884977 0.0926643 0.0967443 0.100712 0.104541 0.108207 0.111684 0.114948 0.117978 0.12075 0.123246 0.125447 0.127338 0.128904 0.130135 0.13102 0.131553 0.13173 0.131551 0.131016 0.13013 0.128898 0.127331 0.12544 0.123238 0.120743 0.117971 0.114943 0.111681 0.108206 0.104544 0.100719 0.0967556 0.0926806 0.0885194 0.0842978 0.0800409 0.0757732 0.0715184 0.067299 0.0631362 0.0590499 0.0550582 0.0511777 0.047423 0.043807 0.0403408 0.0370336 0.0338928 0.0309241 0.0281314 0.0255172 0.0230827 0.0208276 0.0187506 0.0168494 0.0151211 0.0135621 0.0121684 0.0109357 0.00985994 0.00893678 0.00816236 0.00753311 0.007046 0.00669853 0.00648922 
0.00717462 0.00724593 0.00746891 0.00784518 0.00837679 0.00906649 0.00991766 0.0109342 0.0121204 0.0134808 0.0150201 0.0167426 0.0186528 0.0207544 0.0230504 0.0255433 0.028234 0.0311227 0.0342079 0.0374865 0.0409539 0.0446035 0.0484269 0.0524136 0.0565512 0.0608253 0.0652194 0.0697152 0.0742925 0.0789295 0.0836028 0.0882875 0.0929577 0.0975866 0.102147 0.10661 0.110948 0.115133 0.119138 0.122935 0.126499 0.129805 0.13283 0.135552 0.137952 0.140014 0.141721 0.143061 0.144025 0.144606 0.144798 0.144602 0.144019 0.143052 0.141709 0.14 0.137937 0.135535 0.132812 0.129787 0.126482 0.122919 0.119124 0.115122 0.11094 0.106607 0.102148 0.0975938 0.092971 0.0883073 0.0836295 0.0789634 0.0743337 0.0697637 0.0652752 0.0608882 0.056621 0.0524897 0.0485089 0.0446908 0.0410457 0.0375821 0.0343063 0.0312231 0.0283354 0.0256446 0.0231508 0.0208528 0.0187482 0.0168341 0.0151067 0.0135619 0.012195 0.0110016 0.00997729 0.00911777 0.00841928 0.00787852 0.00749282 0.00726059 
0.00801322 0.00809267 0.00834037 0.00875805 0.00934792 0.0101129 0.0110567 0.0121835 0.0134978 0.0150045 0.0167085 0.0186146 0.0207273 0.0230504 0.0255873 0.02834 0.0313096 0.0344959 0.037897 0.0415092 0.0453271 0.0493433 0.0535483 0.0579303 0.0624755 0.0671678 0.0719892 0.0769193 0.081936 0.0870153 0.0921315 0.0972575 0.102365 0.107425 0.112407 0.117281 0.122016 0.126583 0.13095 0.13509 0.138975 0.142576 0.145871 0.148835 0.151448 0.153691 0.155548 0.157006 0.158055 0.158686 0.158895 0.158681 0.158045 0.156993 0.155531 0.15367 0.151423 0.148808 0.145842 0.142546 0.138944 0.13506 0.130922 0.126556 0.121993 0.117262 0.112392 0.107416 0.102362 0.0972616 0.0921429 0.0870345 0.0819632 0.0769546 0.0720327 0.0672194 0.0625349 0.0579971 0.0536221 0.0494235 0.0454129 0.0415998 0.0379914 0.0345933 0.0314089 0.0284401 0.0256871 0.0231489 0.0208233 0.0187072 0.0167966 0.0150872 0.0135742 0.0122527 0.0111181 0.0101659 0.00939189 0.00879264 0.00836526 0.00810805 
0.00892899 0.00901731 0.00929182 0.00975442 0.0104075 0.0112541 0.0122983 0.0135444 0.0149974 0.0166625 0.0185448 0.0206493 0.0229808 0.0255433 0.02834 0.0313731 0.0346434 0.0381504 0.0418916 0.0458628 0.0500577 0.0544679 0.0590826 0.0638888 0.0688712 0.0740118 0.0792907 0.0846857 0.0901723 0.0957243 0.101314 0.106911 0.112485 0.118004 0.123436 0.128747 0.133905 0.138877 0.143631 0.148135 0.152359 0.156275 0.159855 0.163076 0.165914 0.16835 0.170367 0.17195 0.173087 0.173772 0.173999 0.173766 0.173075 0.171931 0.170343 0.168321 0.16588 0.163038 0.159814 0.156231 0.152314 0.148089 0.143586 0.138834 0.133865 0.12871 0.123403 0.117977 0.112464 0.106897 0.101308 0.095727 0.0901837 0.0847061 0.0793203 0.0740504 0.0689186 0.0639449 0.0591468 0.0545396 0.0501362 0.0459472 0.041981 0.0382438 0.0347397 0.0314711 0.0284385 0.0256412 0.0230769 0.0207424 0.0186338 0.0167464 0.0150753 0.0136152 0.0123613 0.0113086 0.0104528 0.0097902 0.00931767 0.00903339 
0.00992338 0.0100213 0.0103247 0.0108358 0.0115569 0.0124915 0.0136438 0.0150185 0.0166208 0.0184562 0.0205302 0.022848 0.0254146 0.028234 0.0313096 0.0346434 0.0382361 0.0420864 0.0461917 0.0505469 0.0551447 0.0599757 0.0650278 0.0702865 0.0757347 0.0813528 0.0871188 0.0930081 0.0989941 0.105048 0.111139 0.117236 0.123304 0.12931 0.135218 0.140992 0.146597 0.151997 0.157158 0.162046 0.166629 0.170876 0.174758 0.178249 0.181325 0.183964 0.186148 0.187862 0.189094 0.189835 0.19008 0.189827 0.189078 0.187839 0.186117 0.183926 0.181281 0.1782 0.174704 0.170818 0.166569 0.161985 0.157096 0.151936 0.146538 0.140936 0.135166 0.129264 0.123265 0.117204 0.111115 0.105033 0.098988 0.0930118 0.0871326 0.0813767 0.0757687 0.0703302 0.0650809 0.0600375 0.0552145 0.0506239 0.0462749 0.0421748 0.0383283 0.0347384 0.0314061 0.0283307 0.0255101 0.0229412 0.0206198 0.018541 0.0166998 0.0150906 0.0137081 0.0125473 0.0116035 0.0108726 0.0103515 0.0100381 
0.0109974 0.0111056 0.0114401 0.012003 0.0127972 0.0138261 0.0150942 0.0166065 0.0183687 0.0203864 0.0226653 0.0252112 0.0280289 0.0311227 0.0344959 0.0381504 0.0420864 0.0463026 0.0507953 0.0555588 0.0605849 0.0658628 0.0713791 0.0771176 0.0830595 0.0891831 0.0954643 0.101876 0.10839 0.114974 0.121595 0.128218 0.134807 0.141325 0.147733 0.153994 0.160068 0.165918 0.171507 0.176798 0.181757 0.186351 0.190549 0.194323 0.197647 0.200498 0.202858 0.204709 0.206039 0.206839 0.207103 0.206829 0.206019 0.20468 0.202819 0.200451 0.197592 0.194261 0.190481 0.186278 0.18168 0.176719 0.171426 0.165838 0.159989 0.153917 0.147661 0.141258 0.134746 0.128165 0.12155 0.114938 0.108365 0.101862 0.0954607 0.0891906 0.0830782 0.0771473 0.0714194 0.0659132 0.0606446 0.055627 0.050871 0.0463846 0.0421736 0.0382414 0.0345894 0.0312173 0.0281232 0.0253038 0.0227549 0.0204716 0.0184484 0.0166796 0.0151596 0.013883 0.0128449 0.0120409 0.0114676 0.011123 
0.0121514 0.0122706 0.0126383 0.0132567 0.0141286 0.015258 0.0166496 0.0183086 0.020241 0.0224527 0.0249498 0.027738 0.0308226 0.0342079 0.037897 0.0418916 0.0461917 0.0507953 0.0556982 0.0608937 0.0663724 0.0721224 0.0781285 0.0843731 0.0908352 0.0974912 0.104315 0.111276 0.118344 0.125484 0.132661 0.139836 0.14697 0.154024 0.160956 0.167725 0.174289 0.180609 0.186644 0.192355 0.197705 0.202661 0.207187 0.211256 0.214838 0.217911 0.220453 0.222446 0.223879 0.224739 0.225023 0.224727 0.223855 0.222411 0.220406 0.217854 0.214772 0.211181 0.207105 0.202572 0.197612 0.192257 0.186543 0.180508 0.174189 0.167626 0.160861 0.153934 0.146887 0.13976 0.132594 0.125427 0.118298 0.111241 0.104292 0.0974806 0.0908369 0.0843871 0.0781544 0.0721597 0.0664205 0.0609517 0.0557651 0.0508699 0.0462726 0.0419776 0.0379865 0.0342995 0.0309149 0.0278293 0.0250387 0.0225378 0.020321 0.0183823 0.0167158 0.0153159 0.0141772 0.0132954 0.0126666 0.0122887 
0.0133855 0.0135164 0.0139192 0.0145964 0.015551 0.016787 0.0183094 0.0201239 0.0222366 0.0246538 0.0273818 0.0304265 0.0337933 0.0374865 0.0415092 0.0458628 0.0505469 0.0555588 0.0608937 0.0665437 0.0724985 0.0787444 0.0852649 0.0920404 0.0990479 0.106261 0.113652 0.121188 0.128835 0.136556 0.144312 0.152063 0.159766 0.167377 0.174854 0.182151 0.189225 0.196031 0.202529 0.208675 0.214432 0.219761 0.224628 0.229001 0.232851 0.236152 0.238882 0.241023 0.242561 0.243485 0.243789 0.243471 0.242533 0.240982 0.238828 0.236086 0.232773 0.228913 0.224531 0.219656 0.21432 0.208558 0.202408 0.195909 0.189102 0.18203 0.174736 0.167264 0.159658 0.151963 0.144222 0.136476 0.128766 0.121132 0.113608 0.106231 0.0990309 0.092037 0.0852748 0.0787672 0.0725334 0.06659 0.0609503 0.0556246 0.0506203 0.0459426 0.0415938 0.0375743 0.0338826 0.0305158 0.0274694 0.0247382 0.0223164 0.0201978 0.0183761 0.0168454 0.0156002 0.0146358 0.0139482 0.0135351 
0.0146986 0.0148419 0.015282 0.0160213 0.017063 0.0184116 0.0200722 0.0220507 0.0243535 0.0269872 0.0299584 0.0332732 0.0369369 0.0409539 0.0453271 0.0500577 0.0551447 0.0605849 0.0663724 0.0724985 0.0789512 0.0857157 0.0927736 0.100103 0.10768 0.115474 0.123456 0.13159 0.139839 0.148163 0.156521 0.164868 0.173159 0.181348 0.189388 0.197231 0.204831 0.212141 0.219115 0.225711 0.231886 0.2376 0.242817 0.247504 0.251628 0.255164 0.258088 0.26038 0.262026 0.263015 0.26334 0.262999 0.261994 0.260333 0.258025 0.255087 0.251538 0.247402 0.242705 0.237478 0.231755 0.225574 0.218974 0.211996 0.204685 0.197086 0.189245 0.18121 0.173026 0.164743 0.156405 0.148058 0.139745 0.131509 0.123389 0.115422 0.107642 0.100081 0.0927659 0.0857223 0.0789715 0.0725316 0.0664174 0.0606405 0.0552095 0.0501301 0.0454056 0.0410368 0.0370224 0.0333596 0.030044 0.0270703 0.0244325 0.0221242 0.0201389 0.0184703 0.0171128 0.0160612 0.0153115 0.0148612 
0.0160893 0.0162457 0.0167249 0.0175295 0.0186629 0.0201297 0.0219354 0.024086 0.0265883 0.0294491 0.0326753 0.036273 0.0402476 0.0446035 0.0493433 0.0544679 0.0599757 0.0658628 0.0721224 0.0787444 0.0857157 0.0930197 0.100636 0.108541 0.116708 0.125105 0.133699 0.142451 0.151323 0.160271 0.16925 0.178212 0.187111 0.195895 0.204514 0.212919 0.221059 0.228885 0.23635 0.243406 0.250009 0.256118 0.261693 0.2667 0.271106 0.274881 0.278003 0.28045 0.282207 0.283262 0.283608 0.283244 0.282171 0.280397 0.277932 0.274795 0.271004 0.266584 0.261565 0.255978 0.249859 0.243248 0.236186 0.228717 0.220889 0.212748 0.204345 0.195729 0.186951 0.178061 0.169107 0.16014 0.151204 0.142346 0.133608 0.12503 0.116649 0.108498 0.100609 0.0930085 0.0857198 0.0787629 0.0721543 0.0659069 0.0600305 0.0545318 0.0494147 0.0446805 0.0403284 0.0363557 0.0327581 0.0295303 0.026666 0.0241587 0.0220017 0.0201884 0.0187128 0.0175697 0.0167548 0.0162655 
0.0175553 0.0177254 0.0182455 0.0191185 0.0203478 0.0219382 0.0238954 0.0262259 0.0289366 0.0320345 0.0355267 0.0394194 0.043718 0.0484269 0.0535483 0.0590826 0.0650278 0.0713791 0.0781285 0.0852649 0.0927736 0.100636 0.10883 0.117331 0.126107 0.135126 0.14435 0.153741 0.163253 0.172842 0.182459 0.192053 0.201574 0.210967 0.22018 0.22916 0.237853 0.246206 0.25417 0.261696 0.268736 0.275247 0.281187 0.28652 0.291211 0.295231 0.298554 0.301158 0.303027 0.30415 0.304518 0.30413 0.302987 0.301098 0.298475 0.295134 0.291097 0.28639 0.281043 0.275089 0.268567 0.261517 0.253984 0.246014 0.237657 0.228963 0.219985 0.210775 0.201387 0.191874 0.182289 0.172683 0.163107 0.153609 0.144234 0.135026 0.126024 0.117265 0.108783 0.100606 0.09276 0.0852673 0.078146 0.0714103 0.0650713 0.0591368 0.0536113 0.0484969 0.0437931 0.0394975 0.0356059 0.032113 0.0290124 0.0262974 0.023961 0.0219964 0.0203976 0.0191588 0.0182757 0.0177456 
0.0190934 0.0192778 0.0198405 0.0207846 0.0221138 0.0238328 0.0259478 0.0284653 0.0313926 0.0347369 0.0385052 0.0427041 0.0473389 0.0524136 0.0579303 0.0638888 0.0702865 0.0771176 0.0843731 0.0920404 0.100103 0.108541 0.117331 0.126443 0.135845 0.145503 0.155375 0.165419 0.175587 0.185832 0.196101 0.206341 0.216496 0.226511 0.236329 0.245894 0.255148 0.264038 0.27251 0.280512 0.287995 0.294913 0.301223 0.306886 0.311866 0.316133 0.319659 0.322422 0.324405 0.325596 0.325986 0.325573 0.324361 0.322356 0.319572 0.316026 0.31174 0.306742 0.301062 0.294737 0.287806 0.280311 0.2723 0.263822 0.254928 0.245671 0.236106 0.226291 0.216281 0.206133 0.195902 0.185644 0.175413 0.165259 0.155232 0.145377 0.135738 0.126354 0.117261 0.10849 0.10007 0.0920253 0.0843747 0.0771346 0.0703175 0.063932 0.0579839 0.0524756 0.0474073 0.0427768 0.0385801 0.0348119 0.0314658 0.0285349 0.026012 0.0238903 0.0221631 0.0208249 0.0198709 0.0192983 
0.0206995 0.0208987 0.0215057 0.0225235 0.0239561 0.0258084 0.0280867 0.0307978 0.0339491 0.0375482 0.041602 0.0461172 0.051099 0.0565512 0.0624755 0.0688712 0.0757347 0.0830595 0.0908352 0.0990479 0.10768 0.116708 0.126107 0.135845 0.145889 0.156199 0.166732 0.177442 0.18828 0.199193 0.210125 0.221021 0.231821 0.242467 0.252898 0.263054 0.272877 0.282309 0.291294 0.299777 0.307706 0.315035 0.321718 0.327714 0.332985 0.3375 0.341231 0.344153 0.346251 0.347509 0.347922 0.347485 0.346202 0.344081 0.341135 0.337383 0.332847 0.327555 0.321541 0.314842 0.307498 0.299555 0.291062 0.282069 0.272631 0.262804 0.252647 0.242218 0.231577 0.220783 0.209896 0.198975 0.188076 0.177254 0.166561 0.156046 0.145755 0.135731 0.126013 0.116635 0.107626 0.0990139 0.0908196 0.0830611 0.0757519 0.0689022 0.0625185 0.0566042 0.0511598 0.0461836 0.0416717 0.0376191 0.0340192 0.030865 0.0281492 0.0258647 0.0240047 0.0225634 0.021536 0.0209196 
0.0223686 0.0225832 0.0232358 0.0243297 0.0258689 0.0278586 0.0303052 0.0332158 0.0365979 0.0404591 0.0448067 0.049647 0.0549854 0.0608253 0.0671678 0.0740118 0.0813528 0.0891831 0.0974912 0.106261 0.115474 0.125105 0.135126 0.145503 0.156199 0.167172 0.178377 0.189764 0.20128 0.21287 0.224474 0.236033 0.247485 0.258767 0.269816 0.28057 0.290965 0.300943 0.310442 0.319408 0.327787 0.335528 0.342584 0.348912 0.354475 0.359239 0.363174 0.366257 0.368468 0.369795 0.37023 0.369769 0.368416 0.366178 0.363071 0.359111 0.354325 0.34874 0.342391 0.335316 0.327559 0.319166 0.310188 0.300678 0.290693 0.280293 0.269538 0.258489 0.247211 0.235765 0.224215 0.212622 0.201046 0.189546 0.178176 0.166991 0.156038 0.145363 0.135007 0.125008 0.115399 0.106207 0.0974572 0.089168 0.0813551 0.0740297 0.0671993 0.0608682 0.0550377 0.0497062 0.0448704 0.0405252 0.036664 0.03328 0.0303655 0.0279133 0.0259165 0.024369 0.0232659 0.0226042 
0.0240949 0.0243253 0.0250248 0.0261968 0.0278454 0.0299761 0.0325953 0.0357104 0.039329 0.0434588 0.0481071 0.0532803 0.0589833 0.0652194 0.0719892 0.0792907 0.0871188 0.0954643 0.104315 0.113652 0.123456 0.133699 0.14435 0.155375 0.166732 0.178377 0.190261 0.202332 0.214533 0.226805 0.239086 0.251313 0.26342 0.275342 0.287011 0.298363 0.309332 0.319855 0.329871 0.33932 0.348146 0.356297 0.363726 0.370386 0.37624 0.381251 0.38539 0.388631 0.390957 0.392352 0.392808 0.392324 0.3909 0.388547 0.385279 0.381114 0.376078 0.370201 0.363518 0.356069 0.347899 0.339056 0.329594 0.319567 0.309035 0.29806 0.286705 0.275035 0.263116 0.251015 0.238796 0.226526 0.214268 0.202083 0.190031 0.178166 0.166542 0.155207 0.144206 0.133578 0.123358 0.113577 0.104261 0.0954314 0.087105 0.0792943 0.0720081 0.0652514 0.0590261 0.0533314 0.0481641 0.0435193 0.0393907 0.035771 0.0326529 0.0300288 0.0278917 0.0262353 0.0250545 0.0243464 
0.0258715 0.0261181 0.0268655 0.0281173 0.0298778 0.0321524 0.0349478 0.0382715 0.0421313 0.046535 0.0514897 0.0570019 0.0630761 0.0697152 0.0769193 0.0846857 0.0930081 0.101876 0.111276 0.121188 0.13159 0.142451 0.153741 0.165419 0.177442 0.189764 0.202332 0.21509 0.227979 0.240936 0.253896 0.266791 0.279554 0.292115 0.304404 0.316353 0.327894 0.338961 0.349489 0.359418 0.368689 0.377249 0.385046 0.392036 0.398177 0.403433 0.407774 0.411173 0.413611 0.415073 0.415552 0.415043 0.413551 0.411083 0.407656 0.403287 0.398004 0.391838 0.384824 0.377004 0.368424 0.359134 0.34919 0.338648 0.327571 0.316023 0.30407 0.291779 0.27922 0.266462 0.253575 0.240626 0.227683 0.21481 0.202071 0.189523 0.177224 0.165223 0.153569 0.142305 0.131468 0.121091 0.111202 0.101825 0.0929773 0.084674 0.0769247 0.0697353 0.0631086 0.0570442 0.0515393 0.0465893 0.042188 0.0383282 0.0350023 0.0322027 0.0299223 0.0281548 0.0268948 0.0261393 
0.0276909 0.0279539 0.0287501 0.0300831 0.0319571 0.034378 0.0373524 0.040888 0.0449927 0.0496741 0.0549396 0.0607953 0.0672455 0.0742925 0.081936 0.0901723 0.0989941 0.10839 0.118344 0.128835 0.139839 0.151323 0.163253 0.175587 0.18828 0.20128 0.214533 0.227979 0.241555 0.255196 0.268833 0.282395 0.29581 0.309007 0.321912 0.334454 0.346562 0.358167 0.369203 0.379607 0.389318 0.398281 0.406443 0.413757 0.420182 0.42568 0.430219 0.433773 0.436322 0.43785 0.43835 0.437819 0.436258 0.433678 0.430094 0.425525 0.419999 0.413547 0.406206 0.39802 0.389035 0.379304 0.368883 0.357832 0.346215 0.334098 0.321551 0.308643 0.295447 0.282036 0.268481 0.254855 0.241228 0.227668 0.214241 0.201009 0.188032 0.175363 0.163054 0.15115 0.139692 0.128715 0.118248 0.108319 0.0989454 0.0901445 0.081927 0.0742999 0.0672668 0.060828 0.0549811 0.0497217 0.0450437 0.0409401 0.0374033 0.0344256 0.0319998 0.0301193 0.0287787 0.0279751 
0.0295445 0.0298242 0.0306697 0.0320847 0.0340737 0.0366424 0.0397978 0.0435475 0.0478994 0.0528613 0.0584403 0.0646424 0.0714715 0.0789295 0.0870153 0.0957243 0.105048 0.114974 0.125484 0.136556 0.148163 0.160271 0.172842 0.185832 0.199193 0.21287 0.226805 0.240936 0.255196 0.269517 0.283825 0.298048 0.31211 0.325936 0.33945 0.352578 0.365245 0.377382 0.388918 0.399789 0.409932 0.419291 0.427811 0.435444 0.442147 0.447881 0.452615 0.456321 0.458978 0.460572 0.461093 0.460538 0.458912 0.456222 0.452484 0.447719 0.441954 0.435222 0.427561 0.419015 0.409633 0.399467 0.388577 0.377025 0.364875 0.352197 0.339062 0.325544 0.311718 0.297659 0.283443 0.269145 0.254837 0.240593 0.226482 0.212568 0.198914 0.185579 0.172615 0.160072 0.147991 0.136412 0.125366 0.114882 0.104981 0.0956796 0.0869911 0.0789235 0.0714811 0.0646649 0.058473 0.0529014 0.0479443 0.0435946 0.0398447 0.036687 0.0341141 0.0321194 0.0306975 0.0298453 
0.031423 0.0317194 0.0326146 0.0341123 0.0362169 0.0389343 0.0422716 0.0462365 0.0508368 0.0560804 0.0619742 0.0685238 0.0757329 0.0836028 0.0921315 0.101314 0.111139 0.121595 0.132661 0.144312 0.156521 0.16925 0.182459 0.196101 0.210125 0.224474 0.239086 0.253896 0.268833 0.283825 0.298798 0.313673 0.328372 0.342818 0.356931 0.370634 0.38385 0.396508 0.408534 0.419862 0.430429 0.440175 0.449044 0.456988 0.463962 0.469928 0.474851 0.478705 0.481468 0.483125 0.483666 0.48309 0.481398 0.478601 0.474714 0.469757 0.46376 0.456755 0.448782 0.439885 0.430114 0.419524 0.408174 0.39613 0.383457 0.370228 0.356517 0.342399 0.327952 0.313255 0.298385 0.283423 0.268443 0.253522 0.238732 0.224141 0.209817 0.195819 0.182204 0.169023 0.156323 0.144144 0.13252 0.121482 0.111053 0.101251 0.0920916 0.0835827 0.0757301 0.0685355 0.0619976 0.0561126 0.0508751 0.0462781 0.0423142 0.0389755 0.0362548 0.0341453 0.0326415 0.0317404 
0.0333162 0.0336295 0.0345744 0.0361548 0.0383751 0.0412414 0.0447607 0.0489407 0.0537893 0.0593143 0.0655224 0.0724189 0.0800071 0.0882875 0.0972575 0.106911 0.117236 0.128218 0.139836 0.152063 0.164868 0.178212 0.192053 0.206341 0.221021 0.236033 0.251313 0.266791 0.282395 0.298048 0.313673 0.329188 0.344513 0.359565 0.374264 0.38853 0.402283 0.415448 0.427952 0.439726 0.450705 0.460826 0.470035 0.478281 0.485519 0.491708 0.496815 0.500812 0.503677 0.505395 0.505957 0.505359 0.503605 0.500704 0.496672 0.491531 0.485308 0.478039 0.469762 0.460523 0.450374 0.439371 0.427575 0.41505 0.401868 0.388101 0.373826 0.35912 0.344065 0.328742 0.313231 0.297616 0.281975 0.266387 0.250928 0.23567 0.220682 0.206029 0.19177 0.177959 0.164644 0.15187 0.139673 0.128084 0.11713 0.10683 0.0972013 0.0882529 0.0799913 0.0724193 0.065536 0.0593381 0.0538205 0.0489765 0.0447985 0.0412789 0.0384103 0.036186 0.0346003 0.0336502 
0.0352135 0.0355437 0.0365381 0.0382007 0.0405362 0.0435506 0.0472509 0.0516448 0.0567403 0.0625449 0.0690651 0.0763059 0.0842702 0.0929577 0.102365 0.112485 0.123304 0.134807 0.14697 0.159766 0.173159 0.187111 0.201574 0.216496 0.231821 0.247485 0.26342 0.279554 0.29581 0.31211 0.328372 0.344513 0.360447 0.376091 0.39136 0.406173 0.420447 0.434106 0.447073 0.459279 0.470655 0.481141 0.490678 0.499215 0.506707 0.513112 0.518396 0.522531 0.525495 0.527272 0.527853 0.527235 0.525421 0.52242 0.518249 0.512929 0.506489 0.498964 0.490394 0.480826 0.470312 0.458908 0.446679 0.43369 0.420013 0.405723 0.390899 0.375621 0.359973 0.344039 0.327903 0.311649 0.295361 0.27912 0.263005 0.247092 0.231453 0.216156 0.201262 0.18683 0.17291 0.159548 0.146784 0.134651 0.123178 0.112386 0.102292 0.0929081 0.0842412 0.0762946 0.0690685 0.06256 0.0567641 0.0516745 0.0472837 0.0435842 0.0405685 0.0382299 0.0365628 0.035564 
0.0371036 0.0374504 0.0384938 0.040238 0.0426875 0.0458483 0.0497276 0.0543331 0.0596725 0.0657533 0.0725818 0.0801625 0.0884977 0.0975866 0.107425 0.118004 0.12931 0.141325 0.154024 0.167377 0.181348 0.195895 0.210967 0.226511 0.242467 0.258767 0.275342 0.292115 0.309007 0.325936 0.342818 0.359565 0.376091 0.392308 0.40813 0.423471 0.438249 0.452383 0.465797 0.478418 0.490178 0.501014 0.510866 0.519684 0.527419 0.53403 0.539484 0.543752 0.546811 0.548645 0.549244 0.548606 0.546734 0.543638 0.539333 0.533842 0.527195 0.519425 0.510574 0.500689 0.489823 0.478035 0.465388 0.45195 0.437796 0.423001 0.407646 0.391815 0.375593 0.359065 0.342321 0.325447 0.308528 0.291651 0.274897 0.258345 0.24207 0.226142 0.210628 0.195587 0.181073 0.167135 0.153814 0.141147 0.129164 0.117887 0.107335 0.0975218 0.0884551 0.0801392 0.0725747 0.0657594 0.0596887 0.0543563 0.0497552 0.0458778 0.0427166 0.040265 0.0385173 0.0374704 
0.0389747 0.0393379 0.0404296 0.0422539 0.0448155 0.0481203 0.0521756 0.056989 0.0625681 0.0689201 0.0760511 0.0839653 0.0926643 0.102147 0.112407 0.123436 0.135218 0.147733 0.160956 0.174854 0.189388 0.204514 0.22018 0.236329 0.252898 0.269816 0.287011 0.304404 0.321912 0.33945 0.356931 0.374264 0.39136 0.40813 0.424483 0.440333 0.455595 0.470186 0.484028 0.497047 0.509174 0.520343 0.530497 0.539581 0.547549 0.554358 0.559974 0.564368 0.567517 0.569404 0.570022 0.569365 0.567439 0.564251 0.559819 0.554166 0.54732 0.539316 0.530196 0.520009 0.508807 0.496651 0.483604 0.469737 0.455124 0.439844 0.423979 0.407615 0.390839 0.37374 0.356408 0.338934 0.321406 0.303913 0.286538 0.269365 0.252472 0.235932 0.219814 0.20418 0.189087 0.174587 0.160723 0.147534 0.135051 0.1233 0.1123 0.102067 0.092608 0.0839299 0.0760334 0.068917 0.0625764 0.0570057 0.0521979 0.0481456 0.0448414 0.0422787 0.0404517 0.0393574 
0.0408147 0.0411939 0.0423328 0.0442355 0.0469066 0.0503522 0.0545794 0.0595957 0.0654087 0.0720254 0.0794516 0.0876908 0.0967443 0.10661 0.117281 0.128747 0.140992 0.153994 0.167725 0.182151 0.197231 0.212919 0.22916 0.245894 0.263054 0.28057 0.298363 0.316353 0.334454 0.352578 0.370634 0.38853 0.406173 0.423471 0.440333 0.456669 0.472392 0.487419 0.501669 0.515067 0.527543 0.539031 0.54947 0.558808 0.566996 0.573992 0.579762 0.584275 0.587509 0.589448 0.590082 0.589408 0.58743 0.584156 0.579604 0.573796 0.566762 0.558537 0.549163 0.538688 0.527167 0.51466 0.501233 0.486956 0.471906 0.456163 0.43981 0.422936 0.405629 0.387982 0.370087 0.352036 0.333922 0.315835 0.297863 0.280091 0.262601 0.245469 0.228766 0.212559 0.196905 0.18186 0.167469 0.153773 0.140805 0.128593 0.117157 0.106514 0.0966743 0.0876432 0.0794232 0.072013 0.0654091 0.0596057 0.0545961 0.050373 0.0469292 0.0442579 0.0423535 0.041213 
0.0426112 0.043006 0.0441907 0.0461694 0.0489469 0.052529 0.056923 0.0621361 0.068176 0.0750492 0.0827612 0.0913152 0.100712 0.110948 0.122016 0.133905 0.146597 0.160068 0.174289 0.189225 0.204831 0.221059 0.237853 0.255148 0.272877 0.290965 0.309332 0.327894 0.346562 0.365245 0.38385 0.402283 0.420447 0.438249 0.455595 0.472392 0.488554 0.503993 0.51863 0.532387 0.545192 0.55698 0.567689 0.577266 0.585662 0.592834 0.598748 0.603373 0.606688 0.608675 0.609325 0.608635 0.606607 0.603253 0.598588 0.592635 0.585424 0.57699 0.567376 0.55663 0.544808 0.53197 0.518183 0.503518 0.488054 0.47187 0.455055 0.437695 0.419883 0.401714 0.383281 0.364679 0.346005 0.32735 0.308806 0.290461 0.272398 0.254698 0.237433 0.220674 0.204481 0.188911 0.174012 0.159827 0.146391 0.133733 0.121876 0.110837 0.100628 0.0912555 0.0827221 0.0750275 0.0681684 0.0621394 0.0569342 0.0525455 0.0489661 0.0461895 0.04421 0.0430246 
0.0443518 0.0447616 0.0459905 0.0480425 0.0509224 0.0546361 0.0591906 0.0645932 0.0708513 0.0779713 0.0859582 0.0948149 0.104541 0.115133 0.126583 0.138877 0.151997 0.165918 0.180609 0.196031 0.212141 0.228885 0.246206 0.264038 0.282309 0.300943 0.319855 0.338961 0.358167 0.377382 0.396508 0.415448 0.434106 0.452383 0.470186 0.487419 0.503993 0.519822 0.534822 0.548915 0.56203 0.5741 0.585062 0.594863 0.603453 0.61079 0.616839 0.621569 0.624959 0.626991 0.627656 0.62695 0.624878 0.621448 0.616678 0.610589 0.603212 0.594583 0.584744 0.573745 0.56164 0.548491 0.534365 0.519336 0.503481 0.486883 0.46963 0.451812 0.433523 0.414859 0.395917 0.376793 0.357587 0.338393 0.319305 0.300413 0.281805 0.263563 0.245763 0.228476 0.211767 0.195695 0.18031 0.165656 0.151772 0.138687 0.126426 0.115008 0.104444 0.0947432 0.0859086 0.0779404 0.0708358 0.0645898 0.0591963 0.0546481 0.0509382 0.0480602 0.0460083 0.0447797 
0.0460241 0.0464483 0.0477194 0.0498415 0.0528192 0.0566585 0.0613664 0.06695 0.0734164 0.0807719 0.0890211 0.0981662 0.108207 0.119138 0.13095 0.143631 0.157158 0.171507 0.186644 0.202529 0.219115 0.23635 0.25417 0.27251 0.291294 0.310442 0.329871 0.349489 0.369203 0.388918 0.408534 0.427952 0.447073 0.465797 0.484028 0.501669 0.51863 0.534822 0.550161 0.564569 0.577972 0.590304 0.601502 0.611511 0.620282 0.627772 0.633946 0.638774 0.642233 0.644307 0.644985 0.644266 0.642151 0.638652 0.633783 0.627569 0.620039 0.611228 0.601181 0.589945 0.577576 0.564137 0.549696 0.534326 0.518106 0.501121 0.483458 0.465211 0.446474 0.427345 0.407924 0.388309 0.368601 0.348899 0.329297 0.30989 0.290766 0.272011 0.253703 0.235917 0.21872 0.202171 0.186324 0.171226 0.156915 0.143424 0.130778 0.118998 0.108097 0.0980829 0.0889611 0.080732 0.0733931 0.06694 0.0613666 0.0566662 0.0528317 0.0498567 0.0477358 0.0464659 
0.0476159 0.0480538 0.0493648 0.0515532 0.0546236 0.0585819 0.0634349 0.0691898 0.0758533 0.0834315 0.0919286 0.101346 0.111684 0.122935 0.13509 0.148135 0.162046 0.176798 0.192355 0.208675 0.225711 0.243406 0.261696 0.280512 0.299777 0.319408 0.33932 0.359418 0.379607 0.399789 0.419862 0.439726 0.459279 0.478418 0.497047 0.515067 0.532387 0.548915 0.564569 0.579268 0.592938 0.605512 0.616927 0.627128 0.636066 0.643697 0.649986 0.654904 0.658427 0.660539 0.661231 0.660499 0.658346 0.654782 0.649823 0.643493 0.635822 0.626844 0.616603 0.605149 0.592538 0.578831 0.564097 0.548412 0.531854 0.514508 0.496465 0.477818 0.458664 0.439102 0.419234 0.399161 0.378985 0.358807 0.338724 0.318834 0.299227 0.27999 0.261207 0.242952 0.225294 0.208297 0.192016 0.176498 0.161786 0.147912 0.134903 0.122782 0.111561 0.101252 0.0918587 0.0833829 0.0758225 0.0691734 0.0634299 0.0585853 0.0546328 0.0515661 0.0493797 0.0480707 
0.0491153 0.049566 0.0509145 0.0531651 0.0563224 0.0603922 0.0653812 0.0712964 0.0781446 0.0859313 0.0946604 0.104333 0.114948 0.126499 0.138975 0.152359 0.166629 0.181757 0.197705 0.214432 0.231886 0.250009 0.268736 0.287995 0.307706 0.327787 0.348146 0.368689 0.389318 0.409932 0.430429 0.450705 0.470655 0.490178 0.509174 0.527543 0.545192 0.56203 0.577972 0.592938 0.606853 0.619649 0.631263 0.64164 0.650729 0.658489 0.664884 0.669884 0.673465 0.675613 0.676316 0.675572 0.673384 0.669761 0.664721 0.658285 0.650484 0.641354 0.630937 0.619283 0.606449 0.592497 0.577495 0.56152 0.544651 0.526974 0.508581 0.489566 0.470027 0.450066 0.429785 0.409288 0.388678 0.368059 0.347531 0.327192 0.307136 0.287453 0.268226 0.249535 0.231449 0.214035 0.197348 0.18144 0.166352 0.15212 0.138773 0.126332 0.114814 0.104228 0.0945811 0.0858743 0.0781066 0.071274 0.0653711 0.0603914 0.0563284 0.0531757 0.050928 0.0495824 
