0.00241989 0.00244385 0.0025221 0.00265537 0.0028446 0.00309107 0.00339634 0.00376229 0.00419096 0.00468461 0.00524558 0.00587622 0.00657889 0.0073558 0.00820897 0.00914013 0.0101507 0.0112415 0.012413 0.013665 0.0149966 0.0164061 0.0178912 0.0194485 0.0210739 0.0227624 0.024508 0.0263037 0.0281419 0.030014 0.0319105 0.0338213 0.0357356 0.037642 0.0395288 0.0413836 0.0431942 0.0449481 0.0466327 0.048236 0.0497459 0.0511511 0.0524406 0.0536044 0.0546332 0.0555188 0.0562541 0.056833 0.0572508 0.0575041 0.0575907 0.05751 0.0572627 0.0568509 0.0562779 0.0555486 0.0546688 0.0536458 0.0524878 0.051204 0.0498045 0.0483001 0.0467022 0.0450227 0.0432739 0.0414681 0.0396178 0.0377353 0.0358327 0.033922 0.0320143 0.0301206 0.0282508 0.0264144 0.0246199 0.0228752 0.021187 0.0195613 0.0180032 0.0165168 0.0151054 0.0137715 0.0125167 0.0113419 0.0102473 0.00923264 0.00829695 0.00743891 0.00665681 0.00594866 0.00531229 0.00474538 0.00424561 0.00381065 0.0034383 0.00312652 0.00287347 0.00267761 0.00253768 0.00245291 
0.00244385 0.00246807 0.00254711 0.00268171 0.00287283 0.00312173 0.00343002 0.00379957 0.00423245 0.00473093 0.00529736 0.00593413 0.0066436 0.00742799 0.00828935 0.0092294 0.0102495 0.0113507 0.0125333 0.013797 0.015141 0.0165636 0.0180624 0.019634 0.0212743 0.0229781 0.0247394 0.0265513 0.0284059 0.0302946 0.0322079 0.0341355 0.0360665 0.0379895 0.0398926 0.0417634 0.0435895 0.0453583 0.0470573 0.0486742 0.0501968 0.0516137 0.052914 0.0540875 0.0551249 0.0560179 0.0567592 0.0573429 0.0577641 0.0580194 0.0581067 0.0580253 0.057776 0.0573606 0.0567829 0.0560474 0.0551603 0.0541287 0.0529609 0.0516663 0.050255 0.0487379 0.0471264 0.0454326 0.0436688 0.0418475 0.0399812 0.0380824 0.0361633 0.0342358 0.0323114 0.0304009 0.0285145 0.0266617 0.0248512 0.0230907 0.0213872 0.0197467 0.0181744 0.0166743 0.0152499 0.0139036 0.0126371 0.0114512 0.0103464 0.0093221 0.00837753 0.00751131 0.00672172 0.00600678 0.00536428 0.0047919 0.00428728 0.0038481 0.00347213 0.00315732 0.00290181 0.00270405 0.00256275 0.00247717 
0.0025221 0.00254711 0.00262859 0.0027673 0.0029642 0.00322061 0.00353816 0.00391875 0.00436452 0.00487776 0.00546088 0.00611632 0.00684647 0.00765359 0.00853975 0.00950672 0.0105559 0.0116881 0.0129039 0.0142029 0.0155841 0.0170458 0.0185855 0.0201998 0.0218842 0.0236336 0.0254417 0.0273014 0.0292047 0.0311425 0.0331053 0.0350824 0.0370628 0.0390346 0.0409857 0.0429035 0.0447753 0.046588 0.048329 0.0499856 0.0515455 0.052997 0.0543288 0.0555307 0.0565931 0.0575075 0.0582666 0.0588642 0.0592954 0.0595567 0.059646 0.0595625 0.059307 0.0588815 0.0582897 0.0575364 0.0566277 0.055571 0.0543747 0.0530485 0.0516025 0.050048 0.0483968 0.046661 0.0448533 0.0429863 0.0410731 0.0391263 0.0371584 0.0351817 0.0332078 0.0312479 0.0293125 0.0274112 0.0255529 0.0237458 0.0219968 0.0203123 0.0186974 0.0171565 0.0156931 0.0143096 0.013008 0.011789 0.0106531 0.00959989 0.00862845 0.00773745 0.00692515 0.00618953 0.00552836 0.00493928 0.00441987 0.00396777 0.00358071 0.00325658 0.00299351 0.00278989 0.00264442 0.00255633 
0.00265537 0.00268171 0.0027673 0.00291291 0.00311956 0.00338859 0.0037217 0.00412085 0.00458826 0.00512629 0.00573742 0.00642416 0.00718898 0.00803419 0.00896191 0.00997393 0.0110716 0.0122559 0.0135272 0.014885 0.0163284 0.0178554 0.0194634 0.0211488 0.0229069 0.0247322 0.0266182 0.0285576 0.0305417 0.0325614 0.0346065 0.036666 0.0387284 0.0407813 0.0428122 0.044808 0.0467554 0.0486411 0.0504517 0.0521743 0.053796 0.0553048 0.056689 0.057938 0.0590419 0.0599919 0.0607804 0.061401 0.0618488 0.06212 0.0622125 0.0621255 0.0618598 0.0614176 0.0608025 0.0600195 0.059075 0.0579767 0.0567332 0.0553544 0.0538511 0.0522347 0.0505174 0.0487119 0.0468312 0.0448886 0.0428975 0.0408709 0.038822 0.0367634 0.0347073 0.0326652 0.0306481 0.0286661 0.0267284 0.0248435 0.0230188 0.0212608 0.019575 0.017966 0.0164374 0.014992 0.0136316 0.0123573 0.0111695 0.0100678 0.0090514 0.0081189 0.00726855 0.00649828 0.0058058 0.00518868 0.00464444 0.00417065 0.00376495 0.00342518 0.00314939 0.00293592 0.00278344 0.00269114 
0.0028446 0.00287283 0.0029642 0.00311956 0.00333994 0.00362677 0.00398181 0.00440713 0.00490502 0.00547797 0.00612855 0.00685937 0.00767298 0.0085718 0.00955797 0.0106333 0.0117993 0.0130567 0.0144059 0.0158464 0.017377 0.0189957 0.0206995 0.0224845 0.0243459 0.0262777 0.0282729 0.0303237 0.0324212 0.0345554 0.0367157 0.0388905 0.0410676 0.043234 0.0453765 0.0474813 0.0495344 0.051522 0.05343 0.0552447 0.0569528 0.0585416 0.0599989 0.0613136 0.0624753 0.0634749 0.0643045 0.0649573 0.0654282 0.0657133 0.0658103 0.0657185 0.0654385 0.0649729 0.0643252 0.0635009 0.0625065 0.06135 0.0600406 0.0585885 0.057005 0.0553021 0.0534925 0.0515896 0.0496071 0.0475587 0.0454586 0.0433206 0.0411584 0.0389852 0.036814 0.0346569 0.0325255 0.0304304 0.0283815 0.0263877 0.0244568 0.0225958 0.0208106 0.019106 0.0174861 0.0159536 0.0145108 0.0131587 0.011898 0.0107282 0.00964851 0.00865764 0.00775375 0.00693471 0.00619814 0.00554155 0.00496234 0.00445798 0.00402602 0.0036642 0.00337049 0.00314314 0.00298077 0.00288253 
0.00309107 0.00312173 0.00322061 0.00338859 0.00362677 0.00393665 0.0043201 0.0047793 0.00531666 0.0059348 0.00663642 0.00742427 0.00830099 0.00926909 0.0103308 0.011488 0.0127421 0.014094 0.0155438 0.0170909 0.0187341 0.020471 0.0222983 0.0242119 0.0262062 0.0282751 0.030411 0.0326054 0.0348486 0.0371302 0.0394387 0.0417617 0.0440861 0.0463984 0.0486842 0.050929 0.053118 0.0552364 0.0572693 0.0592023 0.0610213 0.0627127 0.0642638 0.0656628 0.0668987 0.067962 0.0688442 0.0695383 0.0700388 0.0703417 0.0704444 0.0703464 0.0700482 0.0695525 0.0688631 0.0679858 0.0669273 0.0656963 0.0643023 0.0627561 0.0610697 0.0592558 0.0573279 0.0552999 0.0531865 0.0510024 0.0487623 0.046481 0.0441731 0.0418527 0.0395335 0.0372286 0.0349501 0.0327095 0.0305174 0.0283833 0.0263156 0.024322 0.0224086 0.0205809 0.0188431 0.0171984 0.0156491 0.0141967 0.0128417 0.011584 0.0104226 0.00935631 0.00838321 0.00750109 0.00670752 0.00599984 0.00537538 0.00483146 0.00436551 0.00397514 0.00365821 0.00341289 0.00323771 0.00313178 
0.00339634 0.00343002 0.00353816 0.0037217 0.00398181 0.0043201 0.00473855 0.00523948 0.00582546 0.00649924 0.0072637 0.00812171 0.00907607 0.0101294 0.011284 0.0125418 0.0139042 0.015372 0.0169454 0.0186235 0.0204048 0.0222866 0.0242654 0.0263364 0.0284938 0.0307306 0.0330387 0.0354088 0.0378304 0.0402923 0.042782 0.0452862 0.0477908 0.0502813 0.0527422 0.055158 0.0575129 0.0597909 0.0619763 0.0640536 0.0660077 0.0678243 0.0694898 0.0709916 0.072318 0.0734589 0.0744052 0.0751497 0.0756862 0.0760107 0.0761205 0.0760148 0.0756945 0.0751621 0.074422 0.0734799 0.0723434 0.0710215 0.0695243 0.0678634 0.0660516 0.0641022 0.0620298 0.0598493 0.0575761 0.0552261 0.0528151 0.0503588 0.047873 0.0453726 0.0428725 0.0403866 0.0379282 0.0355096 0.0331422 0.0308363 0.0286012 0.026445 0.0243745 0.0223958 0.0205134 0.018731 0.0170511 0.0154755 0.0140048 0.012639 0.0113772 0.0102182 0.00915994 0.00820025 0.00733652 0.00656599 0.00588582 0.00529319 0.00478537 0.00435984 0.00401432 0.00374686 0.00355589 0.00344048 
0.00376229 0.00379957 0.00391875 0.00412085 0.00440713 0.0047793 0.00523948 0.00579015 0.00643406 0.00717414 0.00801343 0.00895499 0.0100018 0.0111565 0.0124216 0.013799 0.0152902 0.0168958 0.0186159 0.0204495 0.0223947 0.0244485 0.0266069 0.0288647 0.0312153 0.033651 0.036163 0.0387411 0.0413739 0.044049 0.0467529 0.0494713 0.052189 0.0548899 0.0575576 0.0601753 0.0627259 0.0651924 0.0675576 0.0698051 0.0719187 0.0738829 0.0756832 0.0773061 0.0787391 0.0799714 0.0809933 0.081797 0.0823761 0.082726 0.0828441 0.0827295 0.082383 0.0818074 0.0810074 0.0799891 0.0787607 0.0773316 0.0757128 0.0739168 0.0719569 0.0698479 0.067605 0.0652445 0.0627829 0.0602371 0.0576242 0.0549613 0.0522651 0.0495521 0.0468381 0.0441383 0.0414671 0.0388378 0.0362629 0.0337536 0.03132 0.0289711 0.0267145 0.0245566 0.0225026 0.0205568 0.0187219 0.0169999 0.0153917 0.0138974 0.0125163 0.0112469 0.0100874 0.00903542 0.00808817 0.00724279 0.00649626 0.0058456 0.00528789 0.00482045 0.00444084 0.00414698 0.00393721 0.0038105 
0.00419096 0.00423245 0.00436452 0.00458826 0.00490502 0.00531666 0.00582546 0.00643406 0.00714541 0.00796265 0.00888902 0.00992777 0.011082 0.0123546 0.0137481 0.0152644 0.0169051 0.0186707 0.020561 0.0225748 0.02471 0.0269632 0.0293296 0.0318035 0.0343777 0.0370436 0.0397913 0.0426097 0.0454864 0.0484078 0.0513592 0.0543247 0.057288 0.0602316 0.0631377 0.0659881 0.0687642 0.0714476 0.0740199 0.0764633 0.0787603 0.0808943 0.0828496 0.0846118 0.0861674 0.0875047 0.0886135 0.0894853 0.0901132 0.0904924 0.0906201 0.0904951 0.0901185 0.0894933 0.0886245 0.0875186 0.0861844 0.0846321 0.0828736 0.080922 0.0787919 0.0764991 0.0740601 0.0714923 0.0688136 0.0660423 0.0631968 0.0602957 0.057357 0.0543987 0.0514378 0.0484911 0.0455741 0.0427014 0.0398866 0.0371421 0.034479 0.0319071 0.0294349 0.0270696 0.0248169 0.0226816 0.0206669 0.0187751 0.0170074 0.015364 0.0138442 0.0124467 0.0111695 0.0100102 0.0089658 0.00803334 0.0072096 0.00649138 0.0058756 0.00535935 0.00494005 0.00461546 0.00438377 0.00424392 
0.00468461 0.00473093 0.00487776 0.00512629 0.00547797 0.0059348 0.00649924 0.00717414 0.00796265 0.00886813 0.00989407 0.0110439 0.0123209 0.0137281 0.0152682 0.0169431 0.0187542 0.0207021 0.0227864 0.0250057 0.0273572 0.0298371 0.0324402 0.0351599 0.0379882 0.0409154 0.0439309 0.0470221 0.0501755 0.0533762 0.0566079 0.0598535 0.0630949 0.0663133 0.0694891 0.0726027 0.0756338 0.0785625 0.0813688 0.0840335 0.0865376 0.0888633 0.0909937 0.092913 0.0946069 0.0960628 0.0972696 0.0982181 0.0989011 0.0993133 0.0994517 0.099315 0.0989046 0.0982234 0.0972769 0.0960723 0.0946188 0.0929274 0.091011 0.0888838 0.0865616 0.0840612 0.0814006 0.0785985 0.0756744 0.0726481 0.0695395 0.0663687 0.0631555 0.0599193 0.0566788 0.0534522 0.0502564 0.0471076 0.0440206 0.0410091 0.0380852 0.0352599 0.0325426 0.0299413 0.0274625 0.0251114 0.0228919 0.0208067 0.0188571 0.0170436 0.0153656 0.0138219 0.0124103 0.0111283 0.00997294 0.00894094 0.00802892 0.00723345 0.00655122 0.00597914 0.00551441 0.00515464 0.00489788 0.00474297 
0.00524558 0.00529736 0.00546088 0.00573742 0.00612855 0.00663642 0.0072637 0.00801343 0.00888902 0.00989407 0.0110323 0.0123073 0.0137227 0.0152815 0.0169866 0.0188399 0.0208428 0.0229958 0.0252981 0.027748 0.0303424 0.0330769 0.0359454 0.0389406 0.0420535 0.0452735 0.0485886 0.0519851 0.0554479 0.0589607 0.0625056 0.0660639 0.0696158 0.0731407 0.0766174 0.0800243 0.0833395 0.0865414 0.0896083 0.0925193 0.095254 0.0977929 0.100118 0.102212 0.10406 0.105647 0.106963 0.107997 0.108741 0.10919 0.10934 0.10919 0.108742 0.107999 0.106966 0.105652 0.104066 0.10222 0.100128 0.0978053 0.0952692 0.0925378 0.0896305 0.0865676 0.0833701 0.0800595 0.0766576 0.0731862 0.0696667 0.0661203 0.0625675 0.0590281 0.0555208 0.0520632 0.0486716 0.0453612 0.0421453 0.0390361 0.036044 0.033178 0.0304454 0.0278522 0.0254027 0.0231 0.020946 0.0189412 0.0170852 0.0153768 0.0138138 0.0123937 0.0111132 0.00996901 0.00895741 0.00807478 0.00731758 0.00668248 0.00616647 0.00576698 0.00548192 0.00531003 
0.00587622 0.00593413 0.00611632 0.00642416 0.00685937 0.00742427 0.00812171 0.00895499 0.00992777 0.0110439 0.0123073 0.0137219 0.0152915 0.0170192 0.018908 0.0209598 0.0231761 0.0255569 0.0281015 0.0308076 0.0336716 0.0366883 0.0398511 0.0431516 0.0465798 0.0501239 0.0537705 0.0575045 0.0613092 0.0651667 0.0690575 0.0729608 0.0768552 0.080718 0.0845262 0.0882561 0.0918842 0.0953867 0.0987402 0.101922 0.10491 0.107683 0.110222 0.112508 0.114525 0.116257 0.117692 0.11882 0.119631 0.12012 0.120283 0.120119 0.11963 0.118818 0.117691 0.116256 0.114524 0.112508 0.110224 0.107687 0.104915 0.10193 0.0987515 0.0954016 0.0919032 0.0882798 0.0845548 0.080752 0.0768948 0.0730063 0.0691089 0.0652242 0.0613727 0.0575738 0.0538455 0.0502043 0.0466652 0.0432416 0.039945 0.0367856 0.0337715 0.0309095 0.0282046 0.0256603 0.023279 0.0210614 0.0190074 0.0171157 0.0153842 0.0138101 0.0123903 0.0111209 0.00999826 0.00901839 0.00817751 0.00747206 0.00689881 0.00645497 0.0061383 0.00594745 
0.00657889 0.0066436 0.00684647 0.00718898 0.00767298 0.00830099 0.00907607 0.0100018 0.011082 0.0123209 0.0137227 0.0152915 0.0170312 0.0189453 0.0210366 0.0233073 0.0257586 0.0283904 0.0312016 0.0341894 0.0373497 0.0406766 0.0441625 0.0477981 0.051572 0.0554713 0.059481 0.0635845 0.0677635 0.071998 0.0762667 0.080547 0.0848152 0.0890468 0.0932165 0.0972987 0.101268 0.105098 0.108763 0.11224 0.115503 0.118532 0.121303 0.123797 0.125997 0.127887 0.129452 0.130681 0.131565 0.132098 0.132275 0.132096 0.131561 0.130676 0.129445 0.127879 0.125989 0.123789 0.121295 0.118525 0.115498 0.112236 0.108762 0.1051 0.101274 0.0973093 0.093232 0.0890677 0.084842 0.0805799 0.076306 0.0720439 0.0678161 0.0636437 0.0595467 0.0555432 0.0516498 0.0478813 0.0442506 0.040769 0.0374456 0.0342882 0.0313023 0.0284923 0.0258607 0.0234088 0.0211365 0.0190427 0.0171252 0.0153813 0.0138075 0.0123999 0.0111545 0.0100671 0.00913376 0.00835051 0.00771394 0.00722105 0.00686942 0.0066576 
0.0073558 0.00742799 0.00765359 0.00803419 0.0085718 0.00926909 0.0101294 0.0111565 0.0123546 0.0137281 0.0152815 0.0170192 0.0189453 0.0210633 0.0233763 0.0258863 0.0285943 0.0315002 0.0346023 0.0378975 0.0413808 0.0450456 0.0488834 0.0528835 0.0570335 0.0613188 0.065723 0.0702276 0.0748124 0.0794557 0.0841339 0.0888224 0.0934953 0.0981258 0.102686 0.107149 0.111486 0.11567 0.119672 0.123467 0.127027 0.13033 0.133352 0.136071 0.138469 0.140527 0.142232 0.14357 0.144533 0.145113 0.145305 0.145109 0.144527 0.143561 0.14222 0.140513 0.138453 0.136054 0.133334 0.130312 0.12701 0.12345 0.119658 0.115658 0.111478 0.107145 0.102687 0.0981322 0.0935077 0.0888413 0.0841597 0.0794885 0.0748526 0.0702751 0.0657778 0.0613808 0.0571023 0.0529587 0.0489645 0.045132 0.0414717 0.0379922 0.0346999 0.0315998 0.028695 0.025987 0.0234761 0.0211612 0.0190402 0.0171103 0.0153679 0.0138089 0.012429 0.0112238 0.0101889 0.00932029 0.00861423 0.00806751 0.00767751 0.00744269 
0.00820897 0.00828935 0.00853975 0.00896191 0.00955797 0.0103308 0.011284 0.0124216 0.0137481 0.0152682 0.0169866 0.018908 0.0210366 0.0233763 0.02593 0.0286997 0.0316863 0.0348893 0.0383067 0.0419346 0.0457676 0.0497978 0.0540158 0.0584097 0.0629656 0.0676673 0.0724966 0.0774333 0.0824552 0.0875383 0.0926569 0.0977841 0.102892 0.10795 0.11293 0.117801 0.122532 0.127094 0.131457 0.135592 0.139471 0.143067 0.146357 0.149316 0.151924 0.154163 0.156017 0.157472 0.158519 0.159149 0.159357 0.159144 0.158509 0.157459 0.155999 0.154142 0.151899 0.149288 0.146327 0.143037 0.13944 0.135561 0.131428 0.127067 0.122509 0.117781 0.112915 0.10794 0.102888 0.0977872 0.0926673 0.0875564 0.0824813 0.0774676 0.072539 0.0677178 0.0630239 0.0584755 0.0540886 0.0498769 0.0458523 0.0420242 0.0384002 0.0349858 0.0317847 0.028799 0.026029 0.0234741 0.0211321 0.019 0.0170742 0.0153504 0.0138241 0.0124906 0.0113452 0.0103836 0.00960182 0.00899643 0.00856462 0.00830474 
0.00914013 0.0092294 0.00950672 0.00997393 0.0106333 0.011488 0.0125418 0.013799 0.0152644 0.0169431 0.0188399 0.0209598 0.0233073 0.0258863 0.0286997 0.0317495 0.0350363 0.0385594 0.0423161 0.046302 0.0505108 0.0549337 0.0595599 0.0643762 0.0693672 0.0745151 0.0797996 0.0851987 0.0906878 0.0962408 0.10183 0.107425 0.112996 0.118511 0.123937 0.129242 0.134394 0.139358 0.144104 0.1486 0.152817 0.156725 0.160298 0.163512 0.166344 0.168774 0.170786 0.172365 0.1735 0.174183 0.174409 0.174177 0.173488 0.172347 0.170762 0.168745 0.16631 0.163474 0.160257 0.156681 0.152771 0.148555 0.144059 0.139315 0.134353 0.129205 0.123904 0.118483 0.112975 0.107411 0.101823 0.0962425 0.0906982 0.085218 0.079828 0.0745525 0.0694135 0.0644311 0.0596228 0.0550042 0.0505881 0.0463853 0.0424044 0.0386517 0.0351316 0.0318465 0.0287973 0.0259834 0.0234027 0.0210523 0.0189284 0.0170265 0.0153418 0.0138695 0.0126045 0.0115422 0.0106785 0.0100096 0.00953251 0.00924549 
0.0101507 0.0102495 0.0105559 0.0110716 0.0117993 0.0127421 0.0139042 0.0152902 0.0169051 0.0187542 0.0208428 0.0231761 0.0257586 0.0285943 0.0316863 0.0350363 0.0386448 0.0425105 0.0466303 0.050999 0.0556093 0.0604514 0.0655131 0.0707799 0.0762346 0.0818574 0.0876263 0.0935169 0.0995025 0.105554 0.111642 0.117734 0.123796 0.129794 0.135693 0.141457 0.147052 0.152442 0.157592 0.16247 0.167042 0.171279 0.175151 0.178633 0.181701 0.184333 0.186511 0.18822 0.189449 0.190187 0.190432 0.190179 0.189432 0.188196 0.18648 0.184295 0.181657 0.178584 0.175097 0.171221 0.166982 0.162408 0.15753 0.15238 0.146993 0.141401 0.13564 0.129747 0.123755 0.1177 0.111617 0.105538 0.0994953 0.0935195 0.0876389 0.08188 0.0762672 0.0708223 0.0655648 0.0605118 0.0556778 0.0510747 0.0467122 0.0425976 0.0387359 0.0351302 0.0317817 0.02869 0.0258532 0.0232684 0.0209317 0.0188384 0.0169835 0.0153618 0.0139682 0.0127976 0.0118456 0.0111083 0.0105825 0.0102663 
0.0112415 0.0113507 0.0116881 0.0122559 0.0130567 0.014094 0.015372 0.0168958 0.0186707 0.0207021 0.0229958 0.0255569 0.0283904 0.0315002 0.0348893 0.0385594 0.0425105 0.046741 0.051247 0.0560227 0.0610595 0.0663466 0.0718705 0.0776147 0.0835605 0.0896862 0.0959675 0.102378 0.108888 0.115466 0.12208 0.128695 0.135274 0.14178 0.148176 0.154424 0.160485 0.166321 0.171896 0.177173 0.182118 0.186699 0.190885 0.194648 0.197962 0.200805 0.203157 0.205002 0.206328 0.207125 0.207388 0.207115 0.206308 0.204973 0.203118 0.200757 0.197907 0.194586 0.190817 0.186626 0.182041 0.177093 0.171815 0.16624 0.160405 0.154347 0.148103 0.141712 0.135212 0.12864 0.122034 0.11543 0.108861 0.102362 0.0959625 0.0896924 0.0835779 0.077643 0.0719093 0.0663955 0.0611178 0.0560894 0.0513213 0.0468216 0.0425964 0.0386491 0.0349816 0.0315937 0.0284836 0.0256486 0.0230845 0.0207866 0.0187497 0.0169683 0.015437 0.0141505 0.0131041 0.0122936 0.0117156 0.0113681 
0.012413 0.0125333 0.0129039 0.0135272 0.0144059 0.0155438 0.0169454 0.0186159 0.020561 0.0227864 0.0252981 0.0281015 0.0312016 0.0346023 0.0383067 0.0423161 0.0466303 0.051247 0.0561618 0.0613677 0.0668553 0.0726124 0.0786237 0.0848715 0.0913347 0.0979896 0.10481 0.111766 0.118827 0.125958 0.133124 0.140286 0.147407 0.154446 0.161362 0.168114 0.174661 0.180963 0.18698 0.192674 0.198009 0.202948 0.20746 0.211515 0.215085 0.218147 0.22068 0.222667 0.224094 0.224952 0.225234 0.22494 0.22407 0.222632 0.220634 0.21809 0.215019 0.21144 0.207378 0.202859 0.197914 0.192576 0.18688 0.180862 0.17456 0.168015 0.161266 0.154355 0.147323 0.14021 0.133056 0.1259 0.118779 0.11173 0.104786 0.0979777 0.091335 0.084884 0.0786481 0.0726482 0.0669019 0.0614242 0.0562271 0.05132 0.0467097 0.0424006 0.0383949 0.0346927 0.0312926 0.0281917 0.025386 0.0228706 0.0206402 0.0186889 0.017011 0.0156011 0.0144541 0.0135656 0.012932 0.0125513 
0.013665 0.013797 0.0142029 0.014885 0.0158464 0.0170909 0.0186235 0.0204495 0.0225748 0.0250057 0.027748 0.0308076 0.0341894 0.0378975 0.0419346 0.046302 0.050999 0.0560227 0.0613677 0.0670264 0.0729878 0.0792384 0.0857615 0.0925373 0.0995427 0.106752 0.114136 0.121663 0.129299 0.137007 0.144749 0.152483 0.160167 0.16776 0.175216 0.182492 0.189545 0.196331 0.202807 0.208933 0.21467 0.21998 0.22483 0.229187 0.233022 0.236311 0.239031 0.241164 0.242695 0.243616 0.243918 0.243602 0.242668 0.241122 0.238977 0.236245 0.232945 0.229099 0.224733 0.219875 0.214558 0.208816 0.202686 0.196208 0.189422 0.182371 0.175097 0.167645 0.160059 0.152382 0.144657 0.136926 0.129229 0.121605 0.114091 0.10672 0.0995243 0.0925323 0.0857698 0.0792596 0.0730211 0.067071 0.0614227 0.0560867 0.0510709 0.0463803 0.0420177 0.0379838 0.0342773 0.0308956 0.0278345 0.025089 0.0226537 0.0205225 0.0186895 0.0171488 0.0158952 0.0149241 0.0142316 0.0138156 
0.0149966 0.015141 0.0155841 0.0163284 0.017377 0.0187341 0.0204048 0.0223947 0.02471 0.0273572 0.0303424 0.0336716 0.0373497 0.0413808 0.0457676 0.0505108 0.0556093 0.0610595 0.0668553 0.0729878 0.0794449 0.0862114 0.0932689 0.100596 0.108167 0.115953 0.123924 0.132045 0.140279 0.148586 0.156925 0.165251 0.17352 0.181686 0.189701 0.19752 0.205094 0.212379 0.219329 0.2259 0.232052 0.237744 0.242941 0.247609 0.251717 0.255238 0.25815 0.260433 0.262073 0.263057 0.263381 0.263041 0.262041 0.260386 0.258088 0.255162 0.251627 0.247507 0.242829 0.237622 0.231921 0.225763 0.219187 0.212234 0.204948 0.197374 0.189558 0.181547 0.173387 0.165125 0.156808 0.14848 0.140185 0.131964 0.123857 0.1159 0.108128 0.100572 0.0932595 0.0862163 0.0794634 0.0730192 0.0668985 0.0611133 0.0556723 0.0505815 0.0458444 0.0414621 0.0374337 0.0337565 0.0304267 0.0274391 0.024788 0.0224673 0.0204707 0.0187922 0.0174262 0.0163679 0.0156133 0.0151601 
0.0164061 0.0165636 0.0170458 0.0178554 0.0189957 0.020471 0.0222866 0.0244485 0.0269632 0.0298371 0.0330769 0.0366883 0.0406766 0.0450456 0.0497978 0.0549337 0.0604514 0.0663466 0.0726124 0.0792384 0.0862114 0.0935145 0.101127 0.109026 0.117184 0.125569 0.134148 0.142884 0.151736 0.160662 0.169617 0.178554 0.187426 0.196182 0.204772 0.213148 0.221259 0.229056 0.236491 0.24352 0.250096 0.25618 0.261733 0.266719 0.271105 0.274865 0.277973 0.280409 0.282158 0.283209 0.283554 0.283191 0.282123 0.280356 0.277903 0.274778 0.271004 0.266603 0.261604 0.25604 0.249947 0.243362 0.236327 0.228887 0.221088 0.212977 0.204603 0.196016 0.187266 0.178402 0.169474 0.16053 0.151616 0.142777 0.134056 0.125493 0.117123 0.108982 0.101099 0.0935016 0.0862137 0.0792551 0.0726424 0.0663888 0.0605042 0.0549957 0.0498674 0.0451209 0.0407557 0.0367694 0.0331582 0.0299169 0.0270397 0.0245202 0.022352 0.0205289 0.019045 0.0178952 0.0170754 0.0165832 
0.0178912 0.0180624 0.0185855 0.0194634 0.0206995 0.0222983 0.0242654 0.0266069 0.0293296 0.0324402 0.0359454 0.0398511 0.0441625 0.0488834 0.0540158 0.0595599 0.0655131 0.0718705 0.0786237 0.0857615 0.0932689 0.101127 0.109315 0.117805 0.126568 0.135571 0.144777 0.154145 0.163634 0.173196 0.182784 0.192349 0.201837 0.211198 0.220378 0.229324 0.237983 0.246303 0.254234 0.261728 0.268739 0.275221 0.281136 0.286445 0.291116 0.295117 0.298425 0.301017 0.302878 0.303995 0.304361 0.303975 0.302838 0.300958 0.298346 0.29502 0.291002 0.286315 0.280991 0.275064 0.26857 0.26155 0.254048 0.246111 0.237787 0.229127 0.220182 0.211006 0.20165 0.192169 0.182614 0.173036 0.163487 0.154013 0.144659 0.13547 0.126484 0.117738 0.109265 0.101095 0.0932534 0.085762 0.0786392 0.0718997 0.0655546 0.059612 0.0540769 0.0489515 0.0442358 0.0399275 0.036023 0.0325172 0.0294041 0.0266772 0.0243299 0.0223557 0.0207486 0.0195033 0.0186154 0.0180824 
0.0194485 0.019634 0.0201998 0.0211488 0.0224845 0.0242119 0.0263364 0.0288647 0.0318035 0.0351599 0.0389406 0.0431516 0.0477981 0.0528835 0.0584097 0.0643762 0.0707799 0.0776147 0.0848715 0.0925373 0.100596 0.109026 0.117805 0.126903 0.136288 0.145925 0.155774 0.165791 0.175931 0.186145 0.19638 0.206585 0.216704 0.226681 0.236461 0.245987 0.255203 0.264056 0.272491 0.280457 0.287907 0.294794 0.301075 0.306712 0.311669 0.315916 0.319425 0.322175 0.324149 0.325333 0.325722 0.325311 0.324105 0.322109 0.319338 0.315809 0.311543 0.306568 0.300915 0.294618 0.287718 0.280258 0.272282 0.26384 0.254983 0.245764 0.236238 0.226461 0.216488 0.206376 0.196181 0.185956 0.175756 0.165631 0.15563 0.145798 0.136179 0.126812 0.117733 0.108973 0.100561 0.0925202 0.084871 0.0776297 0.0708088 0.0644173 0.0584613 0.0529435 0.0478645 0.0432225 0.0390137 0.0352333 0.0318753 0.028933 0.0263995 0.0242683 0.0225331 0.0211884 0.0202297 0.0196544 
0.0210739 0.0212743 0.0218842 0.0229069 0.0243459 0.0262062 0.0284938 0.0312153 0.0343777 0.0379882 0.0420535 0.0465798 0.051572 0.0570335 0.0629656 0.0693672 0.0762346 0.0835605 0.0913347 0.0995427 0.108167 0.117184 0.126568 0.136288 0.14631 0.156595 0.1671 0.177779 0.188583 0.199459 0.210354 0.221209 0.231968 0.242571 0.252959 0.263072 0.272853 0.282243 0.291186 0.29963 0.307523 0.314818 0.321469 0.327435 0.332681 0.337174 0.340887 0.343795 0.345882 0.347135 0.347545 0.34711 0.345834 0.343723 0.340792 0.337057 0.332543 0.327277 0.321292 0.314624 0.307315 0.299409 0.290955 0.282003 0.272607 0.262823 0.252708 0.242322 0.231723 0.220971 0.210124 0.199242 0.188379 0.17759 0.166928 0.156441 0.146175 0.136173 0.126473 0.117109 0.108111 0.0995068 0.091317 0.08356 0.0762496 0.0693961 0.0630065 0.0570844 0.0516307 0.0466442 0.0421214 0.0380573 0.0344461 0.031281 0.0285551 0.0262615 0.0243937 0.0229461 0.0219141 0.0212949 
0.0227624 0.0229781 0.0236336 0.0247322 0.0262777 0.0282751 0.0307306 0.033651 0.0370436 0.0409154 0.0452735 0.0501239 0.0554713 0.0613188 0.0676673 0.0745151 0.0818574 0.0896862 0.0979896 0.106752 0.115953 0.125569 0.135571 0.145925 0.156595 0.167539 0.178711 0.190062 0.201539 0.213086 0.224647 0.236161 0.247566 0.258801 0.269802 0.280508 0.290856 0.300787 0.310242 0.319166 0.327504 0.335207 0.342228 0.348526 0.354061 0.358801 0.362716 0.365783 0.367984 0.369304 0.369736 0.369278 0.367931 0.365705 0.362613 0.358673 0.353911 0.348354 0.342036 0.334996 0.327276 0.318924 0.309988 0.300523 0.290584 0.280231 0.269523 0.258523 0.247292 0.235893 0.224388 0.212838 0.201304 0.189843 0.178509 0.167356 0.156433 0.145784 0.135451 0.125471 0.115876 0.106696 0.0979535 0.0896689 0.0818574 0.0745307 0.0676965 0.0613595 0.0555213 0.050181 0.0453353 0.0409797 0.037108 0.0337137 0.0307896 0.0283287 0.0263244 0.0247708 0.0236633 0.0229989 
0.024508 0.0247394 0.0254417 0.0266182 0.0282729 0.030411 0.0330387 0.036163 0.0397913 0.0439309 0.0485886 0.0537705 0.059481 0.065723 0.0724966 0.0797996 0.0876263 0.0959675 0.10481 0.114136 0.123924 0.134148 0.144777 0.155774 0.1671 0.178711 0.190557 0.202586 0.214743 0.226968 0.2392 0.251376 0.263431 0.2753 0.286917 0.298217 0.309135 0.319607 0.329574 0.338976 0.347759 0.35587 0.363261 0.369888 0.375711 0.380697 0.384814 0.388039 0.390352 0.39174 0.392194 0.391712 0.390296 0.387955 0.384703 0.38056 0.375549 0.369702 0.363053 0.355642 0.347512 0.338714 0.329297 0.319319 0.308837 0.297914 0.286611 0.274994 0.263128 0.251078 0.23891 0.226689 0.214477 0.202337 0.190325 0.178499 0.16691 0.155605 0.144631 0.134025 0.123824 0.114059 0.104754 0.0959323 0.0876103 0.0798009 0.0725132 0.0657526 0.0595215 0.0538194 0.0486435 0.0439894 0.0398512 0.0362221 0.0330949 0.0304625 0.0283182 0.026656 0.025471 0.0247603 
0.0263037 0.0265513 0.0273014 0.0285576 0.0303237 0.0326054 0.0354088 0.0387411 0.0426097 0.0470221 0.0519851 0.0575045 0.0635845 0.0702276 0.0774333 0.0851987 0.0935169 0.102378 0.111766 0.121663 0.132045 0.142884 0.154145 0.165791 0.177779 0.190062 0.202586 0.215298 0.228137 0.241041 0.253947 0.266786 0.279492 0.291995 0.304227 0.316119 0.327604 0.338616 0.349092 0.358971 0.368195 0.376711 0.384469 0.391422 0.397532 0.40276 0.407078 0.41046 0.412885 0.414339 0.414815 0.414309 0.412825 0.41037 0.40696 0.402615 0.397359 0.391224 0.384246 0.376467 0.36793 0.358688 0.348794 0.338305 0.327282 0.31579 0.303893 0.29166 0.279159 0.266458 0.253626 0.240731 0.22784 0.215017 0.202324 0.18982 0.17756 0.165595 0.153973 0.142736 0.131922 0.121564 0.11169 0.102324 0.0934838 0.0851846 0.0774362 0.0702452 0.0636146 0.0575444 0.0520325 0.0470744 0.0426645 0.038796 0.0354617 0.0326544 0.0303673 0.0285942 0.0273302 0.0265723 
0.0281419 0.0284059 0.0292047 0.0305417 0.0324212 0.0348486 0.0378304 0.0413739 0.0454864 0.0501755 0.0554479 0.0613092 0.0677635 0.0748124 0.0824552 0.0906878 0.0995025 0.108888 0.118827 0.129299 0.140279 0.151736 0.163634 0.175931 0.188583 0.201539 0.214743 0.228137 0.241658 0.255241 0.268818 0.282319 0.295673 0.308807 0.32165 0.33413 0.346178 0.357724 0.368704 0.379055 0.388715 0.397631 0.405751 0.413027 0.419418 0.424887 0.429402 0.432937 0.435472 0.436993 0.43749 0.436961 0.435409 0.432843 0.429277 0.424732 0.419235 0.412817 0.405515 0.397371 0.388433 0.378752 0.368385 0.35739 0.345831 0.333775 0.321289 0.308443 0.29531 0.281961 0.268467 0.2549 0.241331 0.227825 0.21445 0.201267 0.188334 0.175706 0.163434 0.151562 0.140131 0.129177 0.118729 0.108814 0.0994514 0.0906575 0.0824437 0.0748173 0.0677824 0.0613396 0.0554871 0.0502209 0.0455354 0.0414241 0.0378797 0.0348949 0.0324627 0.0305771 0.0292328 0.0284268 
0.030014 0.0302946 0.0311425 0.0325614 0.0345554 0.0371302 0.0402923 0.044049 0.0484078 0.0533762 0.0589607 0.0651667 0.071998 0.0794557 0.0875383 0.0962408 0.105554 0.115466 0.125958 0.137007 0.148586 0.160662 0.173196 0.186145 0.199459 0.213086 0.226968 0.241041 0.255241 0.269499 0.283743 0.297899 0.311894 0.325653 0.3391 0.352162 0.364765 0.376838 0.388315 0.399129 0.40922 0.418529 0.427004 0.434597 0.441264 0.446968 0.451676 0.455362 0.458005 0.45959 0.460109 0.459557 0.457939 0.455263 0.451545 0.446805 0.441071 0.434374 0.426754 0.418253 0.40892 0.398808 0.387975 0.376482 0.364395 0.351781 0.338713 0.325262 0.311503 0.297511 0.283361 0.269127 0.254883 0.240699 0.226644 0.212784 0.19918 0.185891 0.172968 0.160461 0.148413 0.136861 0.125838 0.115372 0.105485 0.0961936 0.0875115 0.0794471 0.072005 0.0651867 0.058991 0.053414 0.0484506 0.0440941 0.0403375 0.0371733 0.0345947 0.0325952 0.0311698 0.0303154 
0.0319105 0.0322079 0.0331053 0.0346065 0.0367157 0.0394387 0.042782 0.0467529 0.0513592 0.0566079 0.0625056 0.0690575 0.0762667 0.0841339 0.0926569 0.10183 0.111642 0.12208 0.133124 0.144749 0.156925 0.169617 0.182784 0.19638 0.210354 0.224647 0.2392 0.253947 0.268818 0.283743 0.298645 0.313449 0.328076 0.34245 0.356491 0.370124 0.383272 0.395863 0.407827 0.419095 0.429606 0.439299 0.448122 0.456023 0.46296 0.468894 0.47379 0.477624 0.480372 0.48202 0.482558 0.481985 0.480302 0.47752 0.473653 0.468723 0.462758 0.455791 0.44786 0.43901 0.429291 0.418757 0.407467 0.395486 0.38288 0.36972 0.356078 0.342032 0.327657 0.313031 0.298233 0.28334 0.268429 0.253573 0.238845 0.224314 0.210044 0.196097 0.182528 0.169389 0.156726 0.144578 0.132981 0.121965 0.111553 0.101765 0.0926143 0.0841112 0.0762612 0.0690666 0.0625265 0.0566377 0.0513952 0.0467926 0.0428227 0.0394783 0.0367524 0.0346386 0.0331316 0.0322285 
0.0338213 0.0341355 0.0350824 0.036666 0.0388905 0.0417617 0.0452862 0.0494713 0.0543247 0.0598535 0.0660639 0.0729608 0.080547 0.0888224 0.0977841 0.107425 0.117734 0.128695 0.140286 0.152483 0.165251 0.178554 0.192349 0.206585 0.221209 0.236161 0.251376 0.266786 0.282319 0.297899 0.313449 0.328888 0.344136 0.359112 0.373735 0.387926 0.401607 0.414703 0.427141 0.438852 0.449771 0.459839 0.468999 0.4772 0.484399 0.490555 0.495634 0.49961 0.50246 0.504169 0.504728 0.504133 0.502388 0.499502 0.495492 0.490378 0.484189 0.476958 0.468725 0.459536 0.449442 0.438497 0.426763 0.414306 0.401193 0.387499 0.373297 0.358668 0.343689 0.328442 0.313008 0.297467 0.281899 0.266382 0.250991 0.235797 0.22087 0.206273 0.192064 0.178299 0.165026 0.152288 0.140121 0.128558 0.117625 0.107342 0.0977252 0.0887851 0.0805286 0.0729586 0.066075 0.0598749 0.0543537 0.0495051 0.0453221 0.0417976 0.0389244 0.0366962 0.0351077 0.0341558 
0.0357356 0.0360665 0.0370628 0.0387284 0.0410676 0.0440861 0.0477908 0.052189 0.057288 0.0630949 0.0696158 0.0768552 0.0848152 0.0934953 0.102892 0.112996 0.123796 0.135274 0.147407 0.160167 0.17352 0.187426 0.201837 0.216704 0.231968 0.247566 0.263431 0.279492 0.295673 0.311894 0.328076 0.344136 0.359989 0.375552 0.390742 0.405476 0.419674 0.43326 0.446158 0.458298 0.469613 0.480042 0.489529 0.49802 0.505471 0.511842 0.517098 0.521211 0.524159 0.525927 0.526505 0.52589 0.524085 0.5211 0.51695 0.511659 0.505254 0.497769 0.489245 0.479728 0.46927 0.457928 0.445764 0.432844 0.41924 0.405027 0.390281 0.375083 0.359516 0.343663 0.327607 0.311433 0.295223 0.279058 0.263016 0.247173 0.231599 0.216363 0.201525 0.187143 0.173269 0.159948 0.147219 0.135116 0.123667 0.112895 0.102816 0.093443 0.0847835 0.0768412 0.0696166 0.0631075 0.0573094 0.0522165 0.0478218 0.0441181 0.0410985 0.0387565 0.0370868 0.0360865 
0.037642 0.0379895 0.0390346 0.0407813 0.043234 0.0463984 0.0502813 0.0548899 0.0602316 0.0663133 0.0731407 0.080718 0.0890468 0.0981258 0.10795 0.118511 0.129794 0.14178 0.154446 0.16776 0.181686 0.196182 0.211198 0.226681 0.242571 0.258801 0.2753 0.291995 0.308807 0.325653 0.34245 0.359112 0.375552 0.391684 0.407422 0.422682 0.43738 0.451439 0.464781 0.477334 0.48903 0.499807 0.509607 0.518377 0.526071 0.532647 0.538072 0.542317 0.545359 0.547183 0.54778 0.547145 0.545283 0.542203 0.537921 0.532459 0.525846 0.518118 0.509314 0.499482 0.488675 0.47695 0.464371 0.451006 0.436928 0.422212 0.406939 0.391192 0.375054 0.358613 0.341954 0.325164 0.308329 0.291532 0.274856 0.258378 0.242173 0.226312 0.210858 0.195872 0.181409 0.167515 0.154234 0.141601 0.129645 0.118391 0.107858 0.0980583 0.0890014 0.080692 0.073131 0.0663168 0.0602453 0.0549109 0.0503069 0.0464262 0.0432618 0.0408073 0.0390574 0.0380091 
0.0395288 0.0398926 0.0409857 0.0428122 0.0453765 0.0486842 0.0527422 0.0575576 0.0631377 0.0694891 0.0766174 0.0845262 0.0932165 0.102686 0.11293 0.123937 0.135693 0.148176 0.161362 0.175216 0.189701 0.204772 0.220378 0.236461 0.252959 0.269802 0.286917 0.304227 0.32165 0.3391 0.356491 0.373735 0.390742 0.407422 0.423688 0.439453 0.454632 0.469144 0.482912 0.495861 0.507922 0.519032 0.529131 0.538167 0.546092 0.552865 0.558452 0.562822 0.565954 0.567832 0.568446 0.567793 0.565876 0.562705 0.558297 0.552673 0.545863 0.537901 0.528831 0.518698 0.507556 0.495465 0.482489 0.468696 0.454162 0.438965 0.423185 0.406908 0.390221 0.373212 0.35597 0.338584 0.321144 0.303736 0.286445 0.269351 0.252533 0.236064 0.220011 0.204437 0.189399 0.174948 0.161127 0.147975 0.135524 0.123799 0.112821 0.102604 0.0931574 0.0844879 0.076597 0.0694834 0.0631435 0.057572 0.0527624 0.0487077 0.045401 0.0428359 0.0410071 0.0399117 
0.0413836 0.0417634 0.0429035 0.044808 0.0474813 0.050929 0.055158 0.0601753 0.0659881 0.0726027 0.0800243 0.0882561 0.0972987 0.107149 0.117801 0.129242 0.141457 0.154424 0.168114 0.182492 0.19752 0.213148 0.229324 0.245987 0.263072 0.280508 0.298217 0.316119 0.33413 0.352162 0.370124 0.387926 0.405476 0.422682 0.439453 0.455701 0.471339 0.486284 0.500458 0.513784 0.526192 0.537618 0.548002 0.557291 0.565435 0.572395 0.578134 0.582623 0.58584 0.587769 0.5884 0.587729 0.585761 0.582504 0.577976 0.572198 0.565201 0.557019 0.547695 0.537276 0.525816 0.513377 0.500022 0.485822 0.470853 0.455195 0.438931 0.422147 0.404933 0.387379 0.369578 0.351621 0.333599 0.315602 0.297717 0.28003 0.262619 0.245562 0.22893 0.212787 0.197192 0.1822 0.167856 0.154201 0.141269 0.129086 0.117675 0.107051 0.0972259 0.0882057 0.0799931 0.0725876 0.0659859 0.060183 0.0551727 0.0509481 0.0475024 0.0448293 0.0429235 0.0417821 
0.0431942 0.0435895 0.0447753 0.0467554 0.0495344 0.053118 0.0575129 0.0627259 0.0687642 0.0756338 0.0833395 0.0918842 0.101268 0.111486 0.122532 0.134394 0.147052 0.160485 0.174661 0.189545 0.205094 0.221259 0.237983 0.255203 0.272853 0.290856 0.309135 0.327604 0.346178 0.364765 0.383272 0.401607 0.419674 0.43738 0.454632 0.471339 0.487413 0.502769 0.517326 0.531009 0.543746 0.555471 0.566124 0.57565 0.584002 0.591137 0.59702 0.601621 0.604918 0.606895 0.607542 0.606855 0.604838 0.601501 0.59686 0.590937 0.583764 0.575374 0.56581 0.555121 0.543362 0.530593 0.516879 0.502294 0.486913 0.470818 0.454093 0.436827 0.419111 0.401039 0.382704 0.3642 0.345621 0.327061 0.308609 0.290352 0.272374 0.254753 0.237563 0.220872 0.204743 0.18923 0.174382 0.160241 0.146844 0.134219 0.12239 0.111373 0.101181 0.0918216 0.0832977 0.0756094 0.068754 0.0627269 0.057522 0.0531326 0.0495521 0.0467743 0.0447938 0.0436077 
0.0449481 0.0453583 0.046588 0.0486411 0.051522 0.0552364 0.0597909 0.0651924 0.0714476 0.0785625 0.0865414 0.0953867 0.105098 0.11567 0.127094 0.139358 0.152442 0.166321 0.180963 0.196331 0.212379 0.229056 0.246303 0.264056 0.282243 0.300787 0.319607 0.338616 0.357724 0.376838 0.395863 0.414703 0.43326 0.451439 0.469144 0.486284 0.502769 0.518512 0.533431 0.547449 0.560494 0.5725 0.583405 0.593154 0.6017 0.608999 0.615016 0.619723 0.623095 0.625116 0.625778 0.625076 0.623014 0.619601 0.614855 0.608797 0.601458 0.592874 0.583086 0.572144 0.560103 0.547024 0.532974 0.518026 0.502256 0.485749 0.468589 0.450868 0.432678 0.414115 0.395273 0.376251 0.357145 0.338049 0.319057 0.300258 0.281739 0.26358 0.245859 0.228646 0.212004 0.195993 0.180662 0.166057 0.152215 0.139166 0.126936 0.115542 0.104998 0.0953121 0.0864889 0.0785288 0.0714295 0.0651866 0.0597944 0.0552465 0.0515363 0.0486575 0.046605 0.045376 
0.0466327 0.0470573 0.048329 0.0504517 0.05343 0.0572693 0.0619763 0.0675576 0.0740199 0.0813688 0.0896083 0.0987402 0.108763 0.119672 0.131457 0.144104 0.157592 0.171896 0.18698 0.202807 0.219329 0.236491 0.254234 0.272491 0.291186 0.310242 0.329574 0.349092 0.368704 0.388315 0.407827 0.427141 0.446158 0.464781 0.482912 0.500458 0.517326 0.533431 0.548688 0.563019 0.576352 0.588619 0.599758 0.609715 0.618441 0.625893 0.632036 0.636839 0.640281 0.642344 0.643019 0.642303 0.640199 0.636717 0.631873 0.62569 0.618198 0.609432 0.599436 0.588259 0.575955 0.562587 0.548223 0.532935 0.516803 0.49991 0.482343 0.464195 0.445559 0.426534 0.407217 0.387707 0.368103 0.348503 0.329001 0.30969 0.290659 0.271992 0.253767 0.236058 0.218932 0.202448 0.186659 0.171613 0.157347 0.143895 0.131283 0.11953 0.10865 0.098654 0.0895456 0.0813261 0.073994 0.0675453 0.0619743 0.057275 0.0534409 0.0504658 0.0483445 0.0470744 
0.048236 0.0486742 0.0499856 0.0521743 0.0552447 0.0592023 0.0640536 0.0698051 0.0764633 0.0840335 0.0925193 0.101922 0.11224 0.123467 0.135592 0.1486 0.16247 0.177173 0.192674 0.208933 0.2259 0.24352 0.261728 0.280457 0.29963 0.319166 0.338976 0.358971 0.379055 0.399129 0.419095 0.438852 0.458298 0.477334 0.495861 0.513784 0.531009 0.547449 0.563019 0.577641 0.591239 0.603748 0.615104 0.625252 0.634145 0.641737 0.647995 0.652888 0.656394 0.658496 0.659184 0.658455 0.656312 0.652766 0.647831 0.641533 0.633899 0.624967 0.614779 0.603384 0.590838 0.577203 0.562547 0.546945 0.530476 0.513224 0.495279 0.476734 0.457684 0.438229 0.418468 0.398502 0.378434 0.358361 0.338382 0.318592 0.299081 0.279937 0.261239 0.243065 0.225482 0.208554 0.192334 0.176872 0.162207 0.148375 0.135402 0.12331 0.112114 0.101825 0.0924466 0.0839821 0.0764298 0.0697863 0.0640463 0.0592037 0.0552523 0.0521859 0.0499996 0.0486907 
0.0497459 0.0501968 0.0515455 0.053796 0.0569528 0.0610213 0.0660077 0.0719187 0.0787603 0.0865376 0.095254 0.10491 0.115503 0.127027 0.139471 0.152817 0.167042 0.182118 0.198009 0.21467 0.232052 0.250096 0.268739 0.287907 0.307523 0.327504 0.347759 0.368195 0.388715 0.40922 0.429606 0.449771 0.469613 0.48903 0.507922 0.526192 0.543746 0.560494 0.576352 0.591239 0.605082 0.617811 0.629366 0.63969 0.648734 0.656456 0.662819 0.667794 0.671358 0.673495 0.674194 0.673454 0.671276 0.667671 0.662655 0.656251 0.648488 0.639403 0.629039 0.617445 0.604676 0.590797 0.575874 0.559983 0.543205 0.525623 0.50733 0.488418 0.468986 0.449133 0.428962 0.408576 0.388076 0.367566 0.347145 0.32691 0.306954 0.287366 0.268229 0.249622 0.231615 0.214272 0.19765 0.1818 0.166763 0.152576 0.139267 0.126858 0.115366 0.104802 0.0951718 0.0864779 0.0787196 0.0718938 0.0659954 0.0610186 0.0569572 0.0538054 0.0515582 0.0502128 
0.0511511 0.0516137 0.052997 0.0553048 0.0585416 0.0627127 0.0678243 0.0738829 0.0808943 0.0888633 0.0977929 0.107683 0.118532 0.13033 0.143067 0.156725 0.171279 0.186699 0.202948 0.21998 0.237744 0.25618 0.275221 0.294794 0.314818 0.335207 0.35587 0.376711 0.397631 0.418529 0.439299 0.459839 0.480042 0.499807 0.519032 0.537618 0.555471 0.5725 0.588619 0.603748 0.617811 0.630742 0.642476 0.652959 0.662141 0.669979 0.676437 0.681486 0.685103 0.687271 0.687982 0.687231 0.685021 0.681363 0.676273 0.669773 0.661894 0.652671 0.642148 0.630373 0.617403 0.603301 0.588136 0.571983 0.554922 0.537041 0.51843 0.499184 0.479403 0.459187 0.438641 0.417869 0.396976 0.376065 0.355238 0.334594 0.314229 0.294234 0.274693 0.255687 0.237289 0.219565 0.202572 0.186364 0.170985 0.15647 0.14285 0.130149 0.118383 0.107565 0.0977018 0.0887958 0.0808468 0.0738522 0.0678071 0.0627061 0.058543 0.055312 0.0530083 0.0516292 
