0.00116282 0.00117737 0.00122601 0.00130944 0.00142864 0.00158496 0.00178007 0.00201599 0.00229498 0.00261956 0.00299239 0.00341629 0.00389411 0.00442868 0.00502276 0.00567893 0.00639952 0.00718655 0.00804158 0.00896573 0.00995949 0.0110227 0.0121546 0.0133535 0.0146169 0.0159416 0.0173232 0.0187566 0.0202359 0.0217541 0.0233034 0.0248752 0.0264602 0.0280485 0.0296295 0.0311922 0.0327255 0.0342176 0.0356572 0.0370327 0.0383328 0.0395467 0.0406642 0.0416753 0.0425713 0.0433443 0.0439871 0.044494 0.0448604 0.045083 0.0451596 0.0450896 0.0448736 0.0445138 0.0440133 0.0433769 0.0426103 0.0417205 0.0407155 0.039604 0.0383958 0.0371012 0.035731 0.0342965 0.0328091 0.0312803 0.0297215 0.0281441 0.026559 0.0249767 0.0234072 0.0218597 0.0203427 0.0188642 0.0174309 0.016049 0.0147235 0.0134587 0.0122579 0.0111237 0.0100577 0.00906071 0.008133 0.00727405 0.00648281 0.00575774 0.00509687 0.00449791 0.00395831 0.00347535 0.00304623 0.00266812 0.00233825 0.00205394 0.00181272 0.00161233 0.00145076 0.00132633 0.0012377 0.001184 
0.00117737 0.00119211 0.00124138 0.00132587 0.00144659 0.00160488 0.00180245 0.00204133 0.00232382 0.00265245 0.00302992 0.00345907 0.00394279 0.00448394 0.0050853 0.00574947 0.00647881 0.00727535 0.00814067 0.00907587 0.0100815 0.0111573 0.0123025 0.0135154 0.0147936 0.0161335 0.017531 0.0189809 0.020477 0.0220123 0.023579 0.0251684 0.026771 0.0283769 0.0299753 0.0315551 0.033105 0.0346133 0.0360684 0.0374586 0.0387727 0.0399995 0.0411288 0.0421506 0.0430561 0.0438371 0.0444866 0.0449988 0.045369 0.0455938 0.0456712 0.0456004 0.0453821 0.0450185 0.0445127 0.0438695 0.0430948 0.0421956 0.0411798 0.0400565 0.0388354 0.0375269 0.036142 0.0346919 0.0331884 0.0316429 0.0300671 0.0284723 0.0268697 0.0252698 0.0236827 0.0221178 0.0205838 0.0190884 0.0176388 0.016241 0.0149002 0.0136207 0.012406 0.0112585 0.0101799 0.00917113 0.00823238 0.00736316 0.00656242 0.00582861 0.00515974 0.00455349 0.00400731 0.00351844 0.00308405 0.00270128 0.00236733 0.00207951 0.0018353 0.00163242 0.00146884 0.00134287 0.00125315 0.00119879 
0.00122601 0.00124138 0.00129262 0.00138046 0.00150593 0.00167042 0.00187569 0.00212384 0.00241722 0.00275846 0.00315034 0.00359578 0.00409773 0.00465915 0.00528288 0.0059716 0.00672771 0.00755327 0.00844989 0.00941867 0.0104601 0.011574 0.0127594 0.0140146 0.0153369 0.0167229 0.018168 0.0196669 0.0212133 0.0227998 0.0244183 0.0260599 0.0277149 0.0293728 0.0310227 0.0326531 0.0342523 0.0358084 0.0373092 0.038743 0.040098 0.0413629 0.042527 0.0435802 0.0445134 0.0453182 0.0459875 0.0465153 0.0468966 0.0471281 0.0472076 0.0471345 0.0469094 0.0465345 0.0460131 0.0453501 0.0445515 0.0436244 0.0425772 0.0414189 0.0401598 0.0388103 0.0373819 0.035886 0.0343348 0.03274 0.0311136 0.0294675 0.0278129 0.0261608 0.0245215 0.0229049 0.0213198 0.0197744 0.0182758 0.0168305 0.0154438 0.0141203 0.0128634 0.0116758 0.0105592 0.00951467 0.0085424 0.00764193 0.00681221 0.00605165 0.00535824 0.00472962 0.00416315 0.00365602 0.00320531 0.00280809 0.00246147 0.00216268 0.00190913 0.00169846 0.0015286 0.00139779 0.00130463 0.0012482 
0.00130944 0.00132587 0.00138046 0.00147398 0.00160749 0.00178246 0.00200076 0.00226457 0.00257637 0.00293891 0.0033551 0.003828 0.0043607 0.00495627 0.00561767 0.00634769 0.0071488 0.00802313 0.00897231 0.00999745 0.011099 0.0122767 0.0135295 0.0148554 0.0162517 0.0177146 0.0192393 0.0208201 0.0224503 0.0241223 0.0258273 0.027556 0.0292982 0.0310429 0.0327786 0.0344932 0.0361745 0.03781 0.0393871 0.0408932 0.0423162 0.0436444 0.0448664 0.0459719 0.0469511 0.0477956 0.0484976 0.0490511 0.049451 0.0496936 0.0497768 0.0496998 0.0494634 0.0490697 0.0485224 0.0478264 0.046988 0.0460147 0.0449152 0.0436989 0.0423764 0.0409588 0.039458 0.037886 0.0362553 0.0345785 0.032868 0.0311362 0.029395 0.0276558 0.0259297 0.0242267 0.0225564 0.0209273 0.019347 0.0178223 0.0163589 0.0149616 0.0136341 0.0123793 0.0111991 0.0100946 0.00906608 0.00811314 0.00723472 0.00642921 0.00569453 0.00502823 0.00442759 0.00388967 0.00341144 0.00298983 0.00262181 0.00230449 0.00203516 0.00181134 0.00163085 0.00149184 0.00139286 0.00133292 
0.00142864 0.00144659 0.00150593 0.00160749 0.0017524 0.00194225 0.00217901 0.00246501 0.00280291 0.00319562 0.00364623 0.00415799 0.00473417 0.00537802 0.00609267 0.00688102 0.00774568 0.00868883 0.00971216 0.0108168 0.012003 0.0132706 0.0146182 0.0160438 0.0175442 0.0191152 0.0207519 0.0224478 0.0241959 0.0259877 0.0278142 0.0296652 0.0315297 0.0333961 0.035252 0.0370847 0.0388811 0.0406278 0.0423116 0.0439191 0.0454374 0.046854 0.0481571 0.0493357 0.0503794 0.0512792 0.0520271 0.0526166 0.0530423 0.0533005 0.0533888 0.0533064 0.0530541 0.0526343 0.0520507 0.0513085 0.0504146 0.0493766 0.0482038 0.0469063 0.0454952 0.0439823 0.04238 0.0407014 0.0389595 0.0371677 0.0353393 0.0334874 0.0316246 0.0297634 0.0279152 0.0260911 0.0243011 0.0225544 0.0208593 0.019223 0.0176517 0.0161506 0.0147237 0.0133743 0.0121044 0.0109154 0.0098076 0.00878065 0.00783351 0.00696452 0.00617154 0.00545202 0.00480307 0.00422162 0.00370445 0.00324831 0.00285 0.00250644 0.00221474 0.00197227 0.00177671 0.0016261 0.00151885 0.00145396 
0.00158496 0.00160488 0.00167042 0.00178246 0.00194225 0.00215149 0.0024123 0.00272722 0.0030991 0.00353108 0.00402649 0.0045888 0.00522152 0.00592814 0.00671196 0.00757608 0.00852323 0.0095557 0.0106752 0.0118828 0.0131789 0.0145629 0.0160333 0.0175878 0.0192228 0.0209338 0.0227151 0.0245598 0.0264601 0.0284068 0.03039 0.0323987 0.034421 0.0364443 0.0384552 0.04044 0.0423846 0.0442746 0.0460957 0.0478336 0.0494745 0.0510051 0.0524125 0.0536849 0.0548115 0.0557825 0.0565894 0.0572251 0.0576841 0.0579622 0.058057 0.0579677 0.0576951 0.0572416 0.0566113 0.0558099 0.0548444 0.0537233 0.0524563 0.0510543 0.0495292 0.0478936 0.0461609 0.0443449 0.0424598 0.0405199 0.0385395 0.0365328 0.0345134 0.0324946 0.030489 0.0285085 0.026564 0.0246655 0.022822 0.0210414 0.0193306 0.0176952 0.0161398 0.0146678 0.0132818 0.0119833 0.0107726 0.0096497 0.00861339 0.00766202 0.00679334 0.00600466 0.00529293 0.00465488 0.00408706 0.003586 0.00314827 0.00277054 0.00244972 0.00218296 0.00196777 0.00180202 0.00168402 0.00161266 
0.00178007 0.00180245 0.00187569 0.00200076 0.00217901 0.0024123 0.00270297 0.00305375 0.00346776 0.00394841 0.00449932 0.00512424 0.00582697 0.00661125 0.00748064 0.00843843 0.00948752 0.0106303 0.0118685 0.0132033 0.0146348 0.0161623 0.0177841 0.0194974 0.0212982 0.0231813 0.0251405 0.0271681 0.0292554 0.0313924 0.0335681 0.0357704 0.0379862 0.0402019 0.0424029 0.0445741 0.0467002 0.0487657 0.0507549 0.0526525 0.0544434 0.0561132 0.0576481 0.0590354 0.0602633 0.0613213 0.0622002 0.0628926 0.0633921 0.0636947 0.0637974 0.0636996 0.0634021 0.0629075 0.0622202 0.0613462 0.0602933 0.0590706 0.0576884 0.0561586 0.054494 0.0527083 0.0508158 0.0488316 0.0467711 0.0446498 0.0424833 0.0402867 0.0380752 0.0358632 0.0336644 0.0314918 0.0293575 0.0272724 0.0252465 0.0232885 0.0214059 0.0196052 0.0178914 0.0162685 0.0147394 0.0133057 0.0119682 0.0107268 0.00958035 0.00852718 0.00756492 0.00669072 0.00590132 0.00519321 0.00456268 0.00400598 0.00351939 0.00309932 0.00274239 0.00244551 0.00220597 0.00202145 0.0018901 0.00181072 
0.00201599 0.00204133 0.00212384 0.00226457 0.00246501 0.00272722 0.00305375 0.00344761 0.00391222 0.00445129 0.00506878 0.00576878 0.00655543 0.00743276 0.00840462 0.00947453 0.0106456 0.0119203 0.0133004 0.0147871 0.0163803 0.018079 0.0198814 0.0217839 0.0237822 0.0258704 0.0280413 0.0302865 0.0325962 0.0349593 0.0373636 0.0397957 0.0422413 0.0446852 0.0471115 0.0495036 0.0518448 0.0541181 0.0563064 0.0583929 0.0603613 0.0621958 0.0638816 0.0654046 0.0667523 0.0679131 0.0688772 0.0696363 0.0701838 0.0705152 0.0706274 0.0705195 0.0701925 0.0696493 0.0688946 0.067935 0.0667788 0.0654358 0.0639175 0.0622366 0.060407 0.0584435 0.056362 0.0541788 0.0519105 0.0495742 0.0471869 0.0447653 0.0423259 0.0398845 0.0374563 0.0350556 0.0326957 0.0303887 0.0281458 0.0259766 0.0238896 0.0218919 0.0199893 0.0181864 0.0164864 0.0148915 0.0134025 0.0120194 0.0107413 0.00956639 0.00849214 0.00751553 0.00663309 0.00584102 0.00513531 0.00451187 0.00396666 0.00349576 0.00309548 0.00276243 0.00249364 0.00228657 0.00213918 0.00205018 
0.00229498 0.00232382 0.00241722 0.00257637 0.00280291 0.0030991 0.00346776 0.00391222 0.00443621 0.00504383 0.00573942 0.00652746 0.00741243 0.00839875 0.00949055 0.0106916 0.0120053 0.0134342 0.0149801 0.016644 0.0184258 0.0203243 0.0223369 0.02446 0.0266881 0.0290148 0.0314319 0.03393 0.0364979 0.0391234 0.0417929 0.0444915 0.0472033 0.0499116 0.0525987 0.0552465 0.0578365 0.06035 0.0627683 0.0650731 0.0672465 0.0692712 0.071131 0.0728108 0.0742965 0.0755759 0.0766381 0.0774742 0.0780771 0.0784416 0.0785647 0.0784452 0.0780842 0.077485 0.0766526 0.0755942 0.0743188 0.0728372 0.0711617 0.0693063 0.0672862 0.0651175 0.0628176 0.0604042 0.0578957 0.0553107 0.052668 0.0499858 0.0472824 0.0445752 0.041881 0.0392157 0.0365939 0.0340293 0.0315342 0.0291194 0.0267945 0.0245676 0.0224452 0.0204325 0.0185334 0.0167503 0.0150845 0.0135361 0.0121041 0.0107868 0.00958153 0.00848509 0.0074937 0.00660327 0.00580944 0.00510775 0.00449378 0.00396324 0.00351206 0.00313655 0.0028334 0.00259984 0.00243363 0.00233331 
0.00261956 0.00265245 0.00275846 0.00293891 0.00319562 0.00353108 0.00394841 0.00445129 0.00504383 0.00573055 0.00651621 0.00740571 0.00840397 0.00951577 0.0107456 0.0120976 0.0135751 0.0151811 0.0169173 0.0187846 0.0207827 0.02291 0.0251635 0.0275388 0.0300299 0.0326291 0.0353275 0.0381141 0.0409766 0.0439013 0.046873 0.049875 0.0528899 0.0558988 0.0588825 0.0618208 0.0646934 0.0674796 0.070159 0.0727113 0.0751171 0.0773574 0.0794144 0.0812715 0.0829136 0.0843272 0.0855006 0.0864238 0.0870893 0.0874913 0.0876266 0.087494 0.0870946 0.0864319 0.0855116 0.0843413 0.0829309 0.0812923 0.0794388 0.0773857 0.0751496 0.0727483 0.0702006 0.067526 0.0647448 0.0618774 0.0589443 0.0559659 0.0529621 0.0499524 0.0469553 0.0439884 0.0410681 0.0382096 0.0354266 0.0327313 0.0301346 0.0276455 0.0252715 0.0230187 0.0208914 0.0188926 0.0170239 0.0152857 0.013677 0.0121961 0.0108402 0.00960585 0.00848905 0.00748533 0.00658996 0.00579806 0.00510479 0.00450542 0.00399551 0.00357096 0.00322815 0.00296399 0.00277603 0.00266265 
0.00299239 0.00302992 0.00315034 0.0033551 0.00364623 0.00402649 0.00449932 0.00506878 0.00573942 0.00651621 0.00740438 0.0084093 0.00953634 0.0107907 0.0121773 0.0137005 0.0153639 0.0171706 0.0191223 0.0212198 0.0234625 0.0258484 0.0283739 0.0310339 0.0338215 0.036728 0.0397431 0.0428545 0.0460485 0.0493095 0.0526206 0.0559633 0.0593181 0.0626642 0.0659802 0.0692439 0.0724327 0.0755241 0.0784954 0.0813244 0.0839898 0.0864708 0.0887479 0.090803 0.0926196 0.0941829 0.0954801 0.0965005 0.0972357 0.0976796 0.0978285 0.0976812 0.097239 0.0965056 0.0954871 0.0941921 0.0926312 0.0908173 0.0887651 0.0864913 0.084014 0.0813527 0.078528 0.0755613 0.072475 0.0692913 0.0660331 0.0627226 0.0593821 0.056033 0.0526957 0.04939 0.0461341 0.042945 0.039838 0.0368268 0.0339237 0.0311389 0.028481 0.0259569 0.0235718 0.021329 0.0192308 0.0172776 0.0154687 0.0138023 0.0122755 0.0108846 0.00962535 0.00849288 0.00748203 0.0065875 0.00580396 0.00512623 0.0045494 0.00406898 0.00368095 0.00338192 0.00316917 0.00304091 
0.00341629 0.00345907 0.00359578 0.003828 0.00415799 0.0045888 0.00512424 0.00576878 0.00652746 0.00740571 0.0084093 0.0095441 0.010816 0.0122306 0.0137932 0.0155085 0.0173805 0.0194121 0.0216052 0.0239603 0.0264766 0.0291515 0.0319809 0.0349587 0.038077 0.0413258 0.0446936 0.0481664 0.0517289 0.0553636 0.0590516 0.0627723 0.066504 0.0702237 0.0739077 0.0775314 0.0810701 0.0844987 0.0877924 0.0909271 0.0938789 0.0966255 0.0991453 0.101419 0.103428 0.105156 0.106589 0.107717 0.108529 0.109019 0.109183 0.109019 0.10853 0.107718 0.106592 0.105159 0.103433 0.101425 0.0991543 0.096637 0.0938936 0.0909452 0.0878146 0.0845253 0.0811015 0.0775682 0.07395 0.0702719 0.0665581 0.0628326 0.059118 0.0554361 0.0518073 0.0482505 0.0447829 0.04142 0.0381755 0.035061 0.0320863 0.0292592 0.0265858 0.0240703 0.0217152 0.0195212 0.0174879 0.0156135 0.0138949 0.0123282 0.0109089 0.00963169 0.00849095 0.0074809 0.00659571 0.00582969 0.00517745 0.00463403 0.00419502 0.00385666 0.00361594 0.0034709 
0.00389411 0.00394279 0.00409773 0.0043607 0.00473417 0.00522152 0.00582697 0.00655543 0.00741243 0.00840397 0.00953634 0.010816 0.0122493 0.0138423 0.0156009 0.0175299 0.0196336 0.021915 0.0243759 0.0270168 0.0298362 0.0328311 0.0359966 0.0393256 0.042809 0.0464358 0.0501924 0.0540635 0.0580317 0.0620775 0.0661798 0.0703158 0.0744612 0.0785908 0.0826781 0.0866963 0.0906179 0.0944155 0.0980619 0.10153 0.104795 0.107832 0.110616 0.113128 0.115346 0.117254 0.118837 0.120081 0.120976 0.121516 0.121696 0.121515 0.120974 0.120078 0.118834 0.117251 0.115344 0.113126 0.110616 0.107833 0.104799 0.101537 0.0980721 0.0944299 0.090637 0.0867206 0.0827082 0.0786269 0.0745038 0.070365 0.0662358 0.0621403 0.0581012 0.0541396 0.0502748 0.046524 0.0429026 0.0394239 0.036099 0.0329369 0.0299445 0.0271268 0.0244867 0.0220257 0.0197432 0.0176376 0.0157058 0.0139436 0.012346 0.0109075 0.009622 0.00848309 0.00748446 0.00661987 0.0058834 0.0052696 0.0047736 0.00439127 0.00411929 0.0039555 
0.00442868 0.00448394 0.00465915 0.00495627 0.00537802 0.00592814 0.00661125 0.00743276 0.00839875 0.00951577 0.0107907 0.0122306 0.0138423 0.0156326 0.0176074 0.0197723 0.0221314 0.024688 0.0274437 0.0303987 0.0335512 0.0368975 0.0404317 0.0441457 0.0480292 0.0520694 0.0562513 0.0605575 0.0649686 0.0694628 0.0740167 0.0786048 0.0832005 0.0877757 0.0923013 0.0967477 0.101085 0.105282 0.109311 0.113141 0.116745 0.120095 0.123166 0.125935 0.12838 0.130482 0.132224 0.133594 0.13458 0.135174 0.135372 0.135172 0.134575 0.133587 0.132216 0.130472 0.128369 0.125923 0.123155 0.120085 0.116736 0.113135 0.109308 0.105283 0.10109 0.0967579 0.0923173 0.087798 0.0832296 0.0786411 0.0740603 0.0695141 0.0650275 0.060624 0.056325 0.0521501 0.0481164 0.0442388 0.0405301 0.0370003 0.0336576 0.0305078 0.0275546 0.0247995 0.0222427 0.0198823 0.0177152 0.0157371 0.0139427 0.012326 0.0108803 0.00959879 0.00847455 0.00750076 0.00667094 0.0059791 0.0054199 0.0049888 0.00468215 0.00449756 
0.00502276 0.0050853 0.00528288 0.00561767 0.00609267 0.00671196 0.00748064 0.00840462 0.00949055 0.0107456 0.0121773 0.0137932 0.0156009 0.0176074 0.0198194 0.0222425 0.0248812 0.0277388 0.0308167 0.0341147 0.0376306 0.0413599 0.0452956 0.0494285 0.0537468 0.0582361 0.0628795 0.0676575 0.0725483 0.0775279 0.08257 0.0876468 0.0927285 0.0977844 0.102782 0.10769 0.112474 0.117102 0.121541 0.12576 0.129727 0.133414 0.136792 0.139836 0.142524 0.144834 0.146749 0.148253 0.149335 0.149987 0.150204 0.149983 0.149327 0.148241 0.146734 0.144816 0.142504 0.139815 0.136769 0.133391 0.129705 0.125739 0.121523 0.117087 0.112463 0.107684 0.102782 0.0977909 0.0927422 0.0876681 0.0825994 0.0775657 0.0725947 0.0677124 0.0629428 0.0583076 0.053826 0.0495148 0.0453884 0.0414583 0.0377339 0.0342219 0.0309266 0.0278504 0.0249935 0.0223542 0.0199295 0.0177149 0.0157046 0.0138922 0.0122706 0.0108324 0.00957005 0.00847614 0.00754358 0.00676582 0.00613702 0.00565221 0.00530736 0.00509987 
0.00567893 0.00574947 0.0059716 0.00634769 0.00688102 0.00757608 0.00843843 0.00947453 0.0106916 0.0120976 0.0137005 0.0155085 0.0175299 0.0197723 0.0222425 0.0249467 0.0278894 0.0310739 0.0345016 0.0381717 0.0420813 0.0462251 0.0505952 0.0551808 0.0599686 0.0649424 0.070083 0.075369 0.0807759 0.086277 0.0918435 0.0974444 0.103047 0.108618 0.114121 0.119522 0.124784 0.129871 0.134749 0.139381 0.143736 0.147781 0.151486 0.154823 0.157769 0.1603 0.162397 0.164045 0.165229 0.165943 0.166179 0.165937 0.165218 0.164028 0.162375 0.160274 0.157739 0.15479 0.15145 0.147744 0.143699 0.139345 0.134714 0.129839 0.124756 0.119498 0.114104 0.108607 0.103043 0.0974488 0.0918566 0.0862993 0.0808077 0.0754104 0.070134 0.0650027 0.060038 0.0552587 0.0506809 0.0463178 0.0421801 0.0382756 0.0346094 0.0311846 0.0280017 0.0250594 0.0223544 0.019882 0.0176365 0.0156107 0.0137972 0.0121879 0.0107747 0.00954947 0.00850455 0.00763279 0.00692783 0.00638421 0.00599756 0.00576502 
0.00639952 0.00647881 0.00672771 0.0071488 0.00774568 0.00852323 0.00948752 0.0106456 0.0120053 0.0135751 0.0153639 0.0173805 0.0196336 0.0221314 0.0248812 0.0278894 0.0311607 0.0346983 0.0385033 0.0425744 0.0469081 0.051498 0.0563349 0.0614067 0.0666981 0.0721911 0.0778643 0.0836935 0.089652 0.09571 0.101836 0.107995 0.114153 0.120271 0.126312 0.132236 0.138005 0.143579 0.148921 0.153992 0.158756 0.163179 0.16723 0.170877 0.174095 0.176859 0.179149 0.180947 0.18224 0.183018 0.183276 0.183011 0.182225 0.180925 0.17912 0.176824 0.174055 0.170832 0.167181 0.163128 0.158703 0.153938 0.148868 0.143528 0.137957 0.132193 0.126274 0.12024 0.11413 0.107981 0.101831 0.0957147 0.0896671 0.0837193 0.0779008 0.0722383 0.0667558 0.0614742 0.0564117 0.0515833 0.0470009 0.0426737 0.0386079 0.034807 0.0312721 0.0280022 0.024994 0.0222429 0.0197425 0.0174855 0.0154638 0.0136688 0.0120917 0.0107238 0.00955669 0.00858271 0.00779489 0.00718729 0.00675515 0.00649534 
0.00718655 0.00727535 0.00755327 0.00802313 0.00868883 0.0095557 0.0106303 0.0119203 0.0134342 0.0151811 0.0171706 0.0194121 0.021915 0.024688 0.0277388 0.0310739 0.0346983 0.038615 0.0428246 0.0473255 0.0521131 0.0571801 0.0625158 0.0681066 0.0739351 0.0799812 0.0862211 0.0926281 0.0991724 0.105821 0.11254 0.119291 0.126035 0.132732 0.139341 0.145818 0.152121 0.158208 0.164038 0.169569 0.174764 0.179585 0.183998 0.187971 0.191474 0.194482 0.196974 0.19893 0.200336 0.201182 0.201461 0.201172 0.200317 0.198902 0.196937 0.194438 0.191422 0.187912 0.183934 0.179517 0.174693 0.169497 0.163965 0.158136 0.152052 0.145753 0.139281 0.13268 0.125991 0.119255 0.112514 0.105806 0.0991687 0.0926362 0.0862412 0.0800133 0.0739791 0.0681619 0.062582 0.0572563 0.0521984 0.0474187 0.0429245 0.0387203 0.0348077 0.0311858 0.0278517 0.0248004 0.0220255 0.0195193 0.017273 0.0152776 0.0135235 0.0120015 0.0107023 0.00961781 0.00874035 0.00806352 0.00758215 0.00729285 
0.00804158 0.00814067 0.00844989 0.00897231 0.00971216 0.0106752 0.0118685 0.0133004 0.0149801 0.0169173 0.0191223 0.0216052 0.0243759 0.0274437 0.0308167 0.0345016 0.0385033 0.0428246 0.0474659 0.0524247 0.0576957 0.06327 0.0691358 0.0752773 0.0816753 0.0883073 0.0951469 0.102164 0.109327 0.1166 0.123943 0.131317 0.138678 0.145983 0.153187 0.160243 0.167106 0.17373 0.18007 0.186084 0.191728 0.196964 0.201755 0.206066 0.209867 0.213129 0.215831 0.217951 0.219475 0.220391 0.220693 0.220379 0.219451 0.217916 0.215785 0.213074 0.209802 0.205994 0.201675 0.196879 0.191639 0.185991 0.179977 0.173636 0.167014 0.160155 0.153104 0.145907 0.13861 0.131258 0.123894 0.116563 0.109303 0.102153 0.0951483 0.0883221 0.0817035 0.0753184 0.0691893 0.0633353 0.0577716 0.0525102 0.0475597 0.0429253 0.0386093 0.0346114 0.0309287 0.0275562 0.0244874 0.0217139 0.0192268 0.0170162 0.0150721 0.0133843 0.0119432 0.0107398 0.00976585 0.00901452 0.00848017 0.00815914 
0.00896573 0.00907587 0.00941867 0.00999745 0.0108168 0.0118828 0.0132033 0.0147871 0.016644 0.0187846 0.0212198 0.0239603 0.0270168 0.0303987 0.0341147 0.0381717 0.0425744 0.0473255 0.0524247 0.0578689 0.0636516 0.0697626 0.0761884 0.0829112 0.0899098 0.0971588 0.104629 0.112289 0.120101 0.128027 0.136025 0.14405 0.152057 0.159997 0.167821 0.175481 0.182927 0.190109 0.196981 0.203494 0.209605 0.215271 0.220454 0.225115 0.229223 0.232749 0.235668 0.237958 0.239603 0.240592 0.240918 0.240578 0.239575 0.237917 0.235614 0.232684 0.229147 0.225028 0.220358 0.215168 0.209496 0.203381 0.196865 0.189993 0.182811 0.175369 0.167713 0.159895 0.151963 0.143966 0.135952 0.127966 0.120053 0.112255 0.10461 0.0971543 0.0899201 0.0829361 0.0762274 0.069815 0.0637164 0.0579451 0.0525108 0.0474201 0.0426758 0.0382783 0.0342248 0.0305104 0.0271282 0.0240699 0.0213258 0.0188855 0.0167382 0.0148733 0.0132803 0.0119496 0.0108725 0.0100414 0.00945028 0.00909529 
0.00995949 0.0100815 0.0104601 0.011099 0.012003 0.0131789 0.0146348 0.0163803 0.0184258 0.0207827 0.0234625 0.0264766 0.0298362 0.0335512 0.0376306 0.0420813 0.0469081 0.0521131 0.0576957 0.0636516 0.0699731 0.0766489 0.0836632 0.0909964 0.0986247 0.10652 0.114651 0.122981 0.131471 0.140079 0.148759 0.157462 0.166139 0.174739 0.183208 0.191493 0.199542 0.207302 0.214721 0.221751 0.228343 0.234453 0.240038 0.24506 0.249485 0.253281 0.256423 0.258887 0.260657 0.261721 0.262071 0.261705 0.260625 0.258839 0.25636 0.253205 0.249395 0.244959 0.239925 0.234331 0.228214 0.221616 0.214582 0.207161 0.199401 0.191354 0.183073 0.17461 0.166018 0.157351 0.148659 0.139992 0.131398 0.122923 0.114609 0.106494 0.098615 0.0910029 0.0836856 0.0766865 0.0700251 0.0637166 0.0577724 0.0522001 0.0470035 0.0421834 0.0377375 0.033661 0.0299468 0.0265862 0.0235692 0.0208849 0.0185217 0.0164684 0.0147139 0.0132477 0.0120605 0.0111445 0.010493 0.0101018 
0.0110227 0.0111573 0.011574 0.0122767 0.0132706 0.0145629 0.0161623 0.018079 0.0203243 0.02291 0.0258484 0.0291515 0.0328311 0.0368975 0.0413599 0.0462251 0.051498 0.0571801 0.06327 0.0697626 0.0766489 0.0839155 0.0915452 0.0995158 0.107801 0.11637 0.125188 0.134215 0.14341 0.152725 0.16211 0.171516 0.180886 0.190166 0.199299 0.208229 0.216899 0.225252 0.233235 0.240794 0.24788 0.254443 0.260441 0.265833 0.270581 0.274653 0.278022 0.280665 0.282563 0.283703 0.284078 0.283684 0.282526 0.28061 0.277951 0.274566 0.270478 0.265716 0.260312 0.254303 0.24773 0.240637 0.233072 0.225086 0.216732 0.208063 0.199137 0.190009 0.180736 0.171376 0.161982 0.15261 0.14331 0.134131 0.125121 0.116321 0.107769 0.099502 0.0915491 0.0839365 0.076686 0.0698147 0.0633358 0.0572578 0.0515859 0.0463214 0.0414624 0.0370042 0.0329399 0.0292603 0.0259551 0.0230128 0.0204213 0.0181687 0.016243 0.0146333 0.0133297 0.0123236 0.011608 0.0111785 
0.0121546 0.0123025 0.0127594 0.0135295 0.0146182 0.0160333 0.0177841 0.0198814 0.0223369 0.0251635 0.0283739 0.0319809 0.0359966 0.0404317 0.0452956 0.0505952 0.0563349 0.0625158 0.0691358 0.0761884 0.0836632 0.0915452 0.0998148 0.108448 0.117415 0.126682 0.136211 0.14596 0.155881 0.165925 0.176039 0.186166 0.196249 0.206228 0.216043 0.225633 0.234938 0.243898 0.252456 0.260555 0.268143 0.275169 0.281587 0.287354 0.29243 0.296783 0.300383 0.303206 0.305233 0.306451 0.306851 0.30643 0.305192 0.303145 0.300303 0.296684 0.292314 0.287221 0.28144 0.275009 0.267972 0.260375 0.252268 0.243706 0.234743 0.225439 0.215851 0.206041 0.19607 0.185996 0.175881 0.165781 0.155752 0.145848 0.136117 0.126607 0.117359 0.108412 0.0997982 0.0915475 0.0836836 0.0762258 0.0691888 0.0625828 0.0564139 0.0506842 0.0453925 0.0405342 0.0361025 0.032088 0.0284799 0.0252663 0.0224345 0.0199719 0.017866 0.0161051 0.0146786 0.0135775 0.0127944 0.0123245 
0.0133535 0.0135154 0.0140146 0.0148554 0.0160438 0.0175878 0.0194974 0.0217839 0.02446 0.0275388 0.0310339 0.0349587 0.0393256 0.0441457 0.0494285 0.0551808 0.0614067 0.0681066 0.0752773 0.0829112 0.0909964 0.0995158 0.108448 0.117765 0.127435 0.137423 0.147685 0.158175 0.168843 0.179636 0.190496 0.201362 0.212173 0.222866 0.233376 0.243638 0.253589 0.263166 0.272308 0.280955 0.289052 0.296546 0.303389 0.309534 0.314943 0.319579 0.323412 0.326417 0.328574 0.32987 0.330295 0.329847 0.328529 0.326349 0.323323 0.319469 0.314813 0.309386 0.303224 0.296367 0.288859 0.280751 0.272095 0.262948 0.253367 0.243415 0.233154 0.222648 0.211963 0.201161 0.190306 0.179461 0.168684 0.158033 0.147562 0.13732 0.127354 0.117705 0.108409 0.0994977 0.0909984 0.0829322 0.0753159 0.0681611 0.0614752 0.0552612 0.0495185 0.0442429 0.0394275 0.035063 0.0311382 0.0276408 0.0245574 0.0218749 0.01958 0.0176605 0.0161052 0.0149045 0.0140505 0.0135382 
0.0146169 0.0147936 0.0153369 0.0162517 0.0175442 0.0192228 0.0212982 0.0237822 0.0266881 0.0300299 0.0338215 0.038077 0.042809 0.0480292 0.0537468 0.0599686 0.0666981 0.0739351 0.0816753 0.0899098 0.0986247 0.107801 0.117415 0.127435 0.137829 0.148554 0.159567 0.170816 0.182248 0.193805 0.205425 0.217044 0.228595 0.240013 0.251227 0.262171 0.272776 0.282976 0.292707 0.301906 0.310516 0.318482 0.325751 0.332277 0.338019 0.342939 0.347006 0.350193 0.352481 0.353855 0.354305 0.35383 0.352432 0.350119 0.346908 0.342818 0.337876 0.332114 0.325569 0.318283 0.310303 0.30168 0.29247 0.282731 0.272526 0.261918 0.250975 0.239764 0.228353 0.21681 0.205203 0.193597 0.182057 0.170644 0.159414 0.148423 0.13772 0.127349 0.117352 0.107761 0.0986066 0.0899127 0.0816979 0.0739757 0.0667547 0.060039 0.0538286 0.0481198 0.042906 0.0381776 0.0339233 0.0301303 0.0267848 0.023873 0.0213811 0.0192961 0.0176063 0.0163016 0.0153736 0.014817 
0.0159416 0.0161335 0.0167229 0.0177146 0.0191152 0.0209338 0.0231813 0.0258704 0.0290148 0.0326291 0.036728 0.0413258 0.0464358 0.0520694 0.0582361 0.0649424 0.0721911 0.0799812 0.0883073 0.0971588 0.10652 0.11637 0.126682 0.137423 0.148554 0.160034 0.171811 0.183833 0.196041 0.208373 0.220764 0.233145 0.245446 0.257595 0.26952 0.28115 0.292412 0.303239 0.313561 0.323314 0.332438 0.340874 0.34857 0.355477 0.361551 0.366754 0.371054 0.374423 0.376841 0.378293 0.378769 0.378266 0.376788 0.374343 0.370948 0.366623 0.361396 0.355299 0.348372 0.340657 0.332204 0.323065 0.313299 0.302967 0.292134 0.280868 0.269238 0.257315 0.245171 0.232879 0.220509 0.208133 0.195817 0.183628 0.171627 0.159872 0.148417 0.137309 0.126593 0.116306 0.10648 0.0971421 0.0883123 0.0800063 0.0722342 0.0650013 0.0583084 0.0521523 0.0465266 0.0414218 0.0368264 0.0327272 0.0291101 0.0259604 0.023264 0.0210073 0.0191778 0.017765 0.0167602 0.0161576 
0.0173232 0.017531 0.018168 0.0192393 0.0207519 0.0227151 0.0251405 0.0280413 0.0314319 0.0353275 0.0397431 0.0446936 0.0501924 0.0562513 0.0628795 0.070083 0.0778643 0.0862211 0.0951469 0.104629 0.114651 0.125188 0.136211 0.147685 0.159567 0.171811 0.184364 0.197168 0.210161 0.223277 0.236445 0.249593 0.262647 0.275531 0.28817 0.300487 0.312408 0.323859 0.334772 0.345077 0.354712 0.363617 0.371737 0.379021 0.385424 0.390908 0.395439 0.398988 0.401535 0.403064 0.403564 0.403035 0.401477 0.398902 0.395325 0.390768 0.385258 0.37883 0.371522 0.363382 0.354458 0.344806 0.334486 0.323562 0.312102 0.300176 0.287857 0.27522 0.26234 0.249294 0.236156 0.223002 0.209904 0.19693 0.184148 0.171618 0.159399 0.147542 0.136095 0.125099 0.114588 0.104591 0.0951329 0.0862294 0.0778927 0.0701293 0.062941 0.0563253 0.050276 0.0447838 0.0398371 0.0354224 0.031525 0.02813 0.0252225 0.0227883 0.0208145 0.01929 0.0182057 0.0175557 
0.0187566 0.0189809 0.0196669 0.0208201 0.0224478 0.0245598 0.0271681 0.0302865 0.03393 0.0381141 0.0428545 0.0481664 0.0540635 0.0605575 0.0676575 0.075369 0.0836935 0.0926281 0.102164 0.112289 0.122981 0.134215 0.14596 0.158175 0.170816 0.183833 0.197168 0.210761 0.224543 0.238445 0.252393 0.26631 0.280118 0.293736 0.307086 0.320088 0.332663 0.344736 0.356234 0.367087 0.377228 0.386596 0.395134 0.402791 0.409519 0.41528 0.420037 0.423764 0.426437 0.428042 0.428567 0.428011 0.426376 0.423673 0.419916 0.41513 0.409342 0.402586 0.394905 0.386344 0.376954 0.366794 0.355926 0.344414 0.332331 0.319748 0.306743 0.293393 0.279778 0.265977 0.252071 0.238137 0.224251 0.210488 0.196919 0.183608 0.170617 0.158003 0.145816 0.1341 0.122893 0.112228 0.10213 0.0926182 0.0837059 0.0754013 0.0677071 0.0606215 0.0541389 0.0482501 0.0429434 0.0382051 0.0340202 0.0303733 0.0272489 0.0246323 0.0225102 0.0208709 0.0197049 0.019006 
0.0202359 0.020477 0.0212133 0.0224503 0.0241959 0.0264601 0.0292554 0.0325962 0.0364979 0.0409766 0.0460485 0.0517289 0.0580317 0.0649686 0.0725483 0.0807759 0.089652 0.0991724 0.109327 0.120101 0.131471 0.14341 0.155881 0.168843 0.182248 0.196041 0.210161 0.224543 0.239116 0.253804 0.26853 0.283213 0.29777 0.312118 0.326173 0.339853 0.353076 0.365763 0.377839 0.38923 0.399869 0.409693 0.418642 0.426663 0.433711 0.439742 0.444722 0.448622 0.451419 0.453097 0.453647 0.453065 0.451354 0.448525 0.444594 0.439584 0.433523 0.426447 0.418399 0.409425 0.399578 0.388918 0.377508 0.365418 0.352718 0.339486 0.325801 0.311744 0.297398 0.282847 0.268174 0.253461 0.238789 0.224237 0.209878 0.195783 0.182017 0.168641 0.155708 0.143267 0.131358 0.120017 0.109271 0.0991431 0.0896472 0.0807931 0.0725849 0.0650216 0.0580979 0.051805 0.0461313 0.0410629 0.0365846 0.0326804 0.0293344 0.0265315 0.0242577 0.0225009 0.0212513 0.0205025 
0.0217541 0.0220123 0.0227998 0.0241223 0.0259877 0.0284068 0.0313924 0.0349593 0.0391234 0.0439013 0.0493095 0.0553636 0.0620775 0.0694628 0.0775279 0.086277 0.09571 0.105821 0.1166 0.128027 0.140079 0.152725 0.165925 0.179636 0.193805 0.208373 0.223277 0.238445 0.253804 0.269274 0.284772 0.300214 0.315513 0.330581 0.345333 0.359681 0.37354 0.386831 0.399473 0.411392 0.422518 0.432786 0.442136 0.450514 0.457871 0.464166 0.469362 0.47343 0.476348 0.478098 0.478671 0.478064 0.47628 0.47333 0.469228 0.464 0.457674 0.450287 0.44188 0.432503 0.42221 0.411061 0.399122 0.386462 0.373158 0.359287 0.344932 0.330178 0.315109 0.299815 0.284382 0.268897 0.253443 0.238105 0.222959 0.208081 0.193541 0.179402 0.165722 0.152553 0.139939 0.127918 0.116521 0.105772 0.0956871 0.0862782 0.0775505 0.0695038 0.0621336 0.0554314 0.0493856 0.0439823 0.039206 0.0350404 0.0314692 0.0284767 0.0260487 0.0241724 0.0228378 0.0220381 
0.0233034 0.023579 0.0244183 0.0258273 0.0278142 0.03039 0.0335681 0.0373636 0.0417929 0.046873 0.0526206 0.0590516 0.0661798 0.0740167 0.08257 0.0918435 0.101836 0.11254 0.123943 0.136025 0.148759 0.16211 0.176039 0.190496 0.205425 0.220764 0.236445 0.252393 0.26853 0.284772 0.301032 0.317222 0.333251 0.349027 0.364462 0.379464 0.393947 0.407826 0.42102 0.433453 0.445053 0.455753 0.465492 0.474214 0.481872 0.488421 0.493826 0.498057 0.501091 0.502911 0.503507 0.502876 0.501021 0.497953 0.493688 0.488249 0.481667 0.473978 0.465225 0.455457 0.44473 0.433105 0.42065 0.407436 0.393541 0.379045 0.364034 0.348595 0.332817 0.316792 0.30061 0.284361 0.268135 0.252018 0.236093 0.220438 0.205128 0.19023 0.175805 0.16191 0.148591 0.135891 0.123841 0.112469 0.101794 0.0918278 0.0825778 0.0740448 0.066225 0.0591102 0.0526892 0.0469479 0.0418707 0.037441 0.0336422 0.0304581 0.0278739 0.0258768 0.0244561 0.023605 
0.0248752 0.0251684 0.0260599 0.027556 0.0296652 0.0323987 0.0357704 0.0397957 0.0444915 0.049875 0.0559633 0.0627723 0.0703158 0.0786048 0.0876468 0.0974444 0.107995 0.119291 0.131317 0.14405 0.157462 0.171516 0.186166 0.201362 0.217044 0.233145 0.249593 0.26631 0.283213 0.300214 0.317222 0.334144 0.350887 0.367356 0.383456 0.399095 0.414184 0.428635 0.442364 0.455295 0.467352 0.478469 0.488583 0.497638 0.505584 0.512378 0.517984 0.522371 0.525516 0.527402 0.52802 0.527366 0.525444 0.522263 0.517841 0.512201 0.505372 0.497393 0.488306 0.478162 0.467016 0.454932 0.441977 0.428226 0.413757 0.398654 0.383003 0.366896 0.350425 0.333684 0.316768 0.299771 0.282785 0.265902 0.249208 0.232786 0.216714 0.201064 0.185902 0.171286 0.157267 0.14389 0.131191 0.119198 0.107934 0.0974111 0.087639 0.0786195 0.0703493 0.0628211 0.0560237 0.0499433 0.044564 0.039869 0.0358414 0.0324646 0.0297234 0.0276046 0.0260973 0.0251945 
0.0264602 0.026771 0.0277149 0.0292982 0.0315297 0.034421 0.0379862 0.0422413 0.0472033 0.0528899 0.0593181 0.066504 0.0744612 0.0832005 0.0927285 0.103047 0.114153 0.126035 0.138678 0.152057 0.166139 0.180886 0.196249 0.212173 0.228595 0.245446 0.262647 0.280118 0.29777 0.315513 0.333251 0.350887 0.368325 0.385465 0.402211 0.418468 0.434141 0.449144 0.463389 0.476798 0.489296 0.500812 0.511285 0.520658 0.52888 0.535908 0.541704 0.54624 0.549492 0.551442 0.552081 0.551405 0.549419 0.546131 0.541559 0.535726 0.528663 0.520407 0.511 0.500495 0.488948 0.476422 0.462987 0.448718 0.433695 0.418004 0.401735 0.38498 0.367836 0.350398 0.332767 0.315038 0.29731 0.279677 0.262229 0.245054 0.228233 0.211844 0.195954 0.180627 0.165917 0.151871 0.138528 0.12592 0.114071 0.102996 0.0927046 0.083201 0.0744826 0.0665425 0.0593698 0.052951 0.04727 0.0423101 0.0380537 0.0344843 0.0315861 0.0293457 0.0277518 0.0267972 
0.0280485 0.0283769 0.0293728 0.0310429 0.0333961 0.0364443 0.0402019 0.0446852 0.0499116 0.0558988 0.0626642 0.0702237 0.0785908 0.0877757 0.0977844 0.108618 0.120271 0.132732 0.145983 0.159997 0.174739 0.190166 0.206228 0.222866 0.240013 0.257595 0.275531 0.293736 0.312118 0.330581 0.349027 0.367356 0.385465 0.403254 0.420623 0.437473 0.453709 0.469241 0.48398 0.497847 0.510764 0.522662 0.533476 0.543151 0.551635 0.558884 0.564863 0.56954 0.572892 0.574902 0.575561 0.574865 0.572818 0.569429 0.564715 0.5587 0.551414 0.542895 0.533185 0.522337 0.510407 0.497459 0.483564 0.468799 0.453245 0.43699 0.420125 0.402746 0.38495 0.36684 0.348515 0.330077 0.311627 0.293264 0.275081 0.257171 0.239619 0.222505 0.205903 0.189878 0.174488 0.159785 0.145809 0.132595 0.120168 0.108548 0.097744 0.0877616 0.0785995 0.0702514 0.0627068 0.0559523 0.0499721 0.044749 0.0402656 0.0365047 0.0334505 0.0310891 0.0294091 0.0284031 
0.0296295 0.0299753 0.0310227 0.0327786 0.035252 0.0384552 0.0424029 0.0471115 0.0525987 0.0588825 0.0659802 0.0739077 0.0826781 0.0923013 0.102782 0.114121 0.126312 0.139341 0.153187 0.167821 0.183208 0.199299 0.216043 0.233376 0.251227 0.26952 0.28817 0.307086 0.326173 0.345333 0.364462 0.383456 0.402211 0.420623 0.438588 0.456006 0.472779 0.488815 0.504025 0.518326 0.531641 0.5439 0.555038 0.564998 0.573729 0.581187 0.587337 0.592146 0.595593 0.59766 0.598338 0.597623 0.595518 0.592034 0.587187 0.581001 0.573505 0.564738 0.554742 0.543569 0.531276 0.517929 0.503598 0.48836 0.4723 0.455505 0.43807 0.420093 0.401673 0.382914 0.363922 0.3448 0.325653 0.306583 0.287689 0.269065 0.250802 0.232984 0.215688 0.198982 0.18293 0.167583 0.152988 0.13918 0.126188 0.114032 0.102725 0.0922724 0.0826739 0.0739241 0.0660133 0.058928 0.0526527 0.04717 0.0424624 0.0385125 0.0353042 0.0328233 0.0310582 0.0300014 
0.0311922 0.0315551 0.0326531 0.0344932 0.0370847 0.04044 0.0445741 0.0495036 0.0552465 0.0618208 0.0692439 0.0775314 0.0866963 0.0967477 0.10769 0.119522 0.132236 0.145818 0.160243 0.175481 0.191493 0.208229 0.225633 0.243638 0.262171 0.28115 0.300487 0.320088 0.339853 0.359681 0.379464 0.399095 0.418468 0.437473 0.456006 0.473963 0.491246 0.50776 0.523414 0.538125 0.551816 0.564414 0.575856 0.586084 0.595046 0.602701 0.609009 0.613943 0.617478 0.619598 0.620294 0.619561 0.617403 0.613831 0.60886 0.602513 0.594821 0.585821 0.575557 0.564079 0.551445 0.537721 0.522978 0.507294 0.490754 0.473447 0.455471 0.436923 0.417908 0.39853 0.378899 0.359121 0.339305 0.319556 0.299976 0.280665 0.261716 0.243217 0.225248 0.207884 0.191188 0.175217 0.16002 0.145635 0.132092 0.119414 0.107616 0.0967037 0.0866788 0.0775364 0.0692672 0.0618582 0.0552937 0.0495567 0.0446293 0.040494 0.0371345 0.0345364 0.0326878 0.0315811 
0.0327255 0.033105 0.0342523 0.0361745 0.0388811 0.0423846 0.0467002 0.0518448 0.0578365 0.0646934 0.0724327 0.0810701 0.0906179 0.101085 0.112474 0.124784 0.138005 0.152121 0.167106 0.182927 0.199542 0.216899 0.234938 0.253589 0.272776 0.292412 0.312408 0.332663 0.353076 0.37354 0.393947 0.414184 0.434141 0.453709 0.472779 0.491246 0.509009 0.525972 0.542044 0.55714 0.571182 0.584098 0.595823 0.6063 0.615478 0.623314 0.629771 0.63482 0.638437 0.640606 0.641318 0.640569 0.638363 0.634708 0.629622 0.623127 0.615253 0.606037 0.595522 0.583759 0.570807 0.55673 0.5416 0.525497 0.508505 0.490717 0.472229 0.453142 0.433562 0.413597 0.393358 0.372956 0.352502 0.332104 0.311869 0.291899 0.272292 0.253139 0.234525 0.216526 0.19921 0.182638 0.166859 0.151916 0.137841 0.124658 0.112383 0.101026 0.0905872 0.0810636 0.0724462 0.0647224 0.0578768 0.0518923 0.046751 0.0424351 0.0389284 0.036216 0.034286 0.0331307 
0.0342176 0.0346133 0.0358084 0.03781 0.0406278 0.0442746 0.0487657 0.0541181 0.06035 0.0674796 0.0755241 0.0844987 0.0944155 0.105282 0.117102 0.129871 0.143579 0.158208 0.17373 0.190109 0.207302 0.225252 0.243898 0.263166 0.282976 0.303239 0.323859 0.344736 0.365763 0.386831 0.407826 0.428635 0.449144 0.469241 0.488815 0.50776 0.525972 0.543355 0.559816 0.575271 0.589639 0.602849 0.614837 0.625544 0.634922 0.642925 0.649519 0.654674 0.658367 0.660581 0.661308 0.660545 0.658293 0.654563 0.649371 0.642739 0.634697 0.625281 0.614535 0.602509 0.589261 0.574856 0.559367 0.542873 0.525459 0.507219 0.488251 0.468658 0.448547 0.428029 0.407216 0.386224 0.365165 0.344152 0.323294 0.302698 0.282465 0.262689 0.243459 0.224853 0.206945 0.189796 0.17346 0.157982 0.143395 0.129727 0.116995 0.105209 0.0943717 0.0844808 0.0755277 0.0675003 0.0603833 0.0541598 0.0488118 0.0443216 0.0406725 0.0378497 0.0358411 0.0346388 
0.0356572 0.0360684 0.0373092 0.0393871 0.0423116 0.0460957 0.0507549 0.0563064 0.0627683 0.070159 0.0784954 0.0877924 0.0980619 0.109311 0.121541 0.134749 0.148921 0.164038 0.18007 0.196981 0.214721 0.233235 0.252456 0.272308 0.292707 0.313561 0.334772 0.356234 0.377839 0.399473 0.42102 0.442364 0.463389 0.48398 0.504025 0.523414 0.542044 0.559816 0.576638 0.592423 0.607092 0.620574 0.632803 0.643722 0.653282 0.661439 0.668158 0.67341 0.677172 0.679428 0.680169 0.679392 0.677099 0.673301 0.668012 0.661255 0.653059 0.643461 0.632502 0.620234 0.606714 0.592007 0.576185 0.559328 0.541524 0.522864 0.50345 0.483384 0.462777 0.441741 0.420391 0.398845 0.377218 0.355626 0.334182 0.312995 0.29217 0.271805 0.251991 0.232811 0.21434 0.196644 0.179779 0.163791 0.148717 0.134586 0.121418 0.109223 0.0980053 0.0877633 0.0784892 0.0701714 0.0627947 0.0563424 0.0507964 0.0461391 0.0423535 0.0394249 0.0373409 0.0360936 
0.0370327 0.0374586 0.038743 0.0408932 0.0439191 0.0478336 0.0526525 0.0583929 0.0650731 0.0727113 0.0813244 0.0909271 0.10153 0.113141 0.12576 0.139381 0.153992 0.169569 0.186084 0.203494 0.221751 0.240794 0.260555 0.280955 0.301906 0.323314 0.345077 0.367087 0.38923 0.411392 0.433453 0.455295 0.476798 0.497847 0.518326 0.538125 0.55714 0.575271 0.592423 0.608511 0.623456 0.637185 0.649635 0.660747 0.670473 0.678769 0.685602 0.690941 0.694766 0.697059 0.697813 0.697024 0.694694 0.690834 0.685457 0.678587 0.670252 0.660488 0.649336 0.636847 0.623078 0.608094 0.591968 0.574779 0.556614 0.537568 0.517741 0.497239 0.476173 0.454656 0.432807 0.410745 0.388589 0.366457 0.344465 0.322726 0.301346 0.280429 0.260067 0.240347 0.221347 0.203135 0.185771 0.169303 0.15377 0.139202 0.125621 0.113039 0.101461 0.090887 0.0813089 0.0727156 0.0650927 0.0584233 0.0526895 0.0478735 0.0439584 0.0409292 0.0387736 0.0374835 
0.0383328 0.0387727 0.040098 0.0423162 0.0454374 0.0494745 0.0544434 0.0603613 0.0672465 0.0751171 0.0839898 0.0938789 0.104795 0.116745 0.129727 0.143736 0.158756 0.174764 0.191728 0.209605 0.228343 0.24788 0.268143 0.289052 0.310516 0.332438 0.354712 0.377228 0.399869 0.422518 0.445053 0.467352 0.489296 0.510764 0.531641 0.551816 0.571182 0.589639 0.607092 0.623456 0.638651 0.652604 0.665252 0.676539 0.686414 0.694836 0.701771 0.707189 0.71107 0.713397 0.714163 0.713363 0.711 0.707084 0.701629 0.694657 0.686197 0.676282 0.664956 0.652268 0.638274 0.623039 0.606636 0.589144 0.570652 0.551253 0.531049 0.510147 0.488658 0.4667 0.444392 0.421855 0.39921 0.376578 0.354079 0.331828 0.309935 0.288504 0.267632 0.24741 0.227918 0.209226 0.191396 0.174479 0.158516 0.14354 0.129573 0.116629 0.104714 0.0938284 0.0839651 0.0751136 0.0672595 0.0603862 0.054476 0.0495109 0.0454741 0.0423505 0.0401275 0.0387972 
