0.00174207 0.00176131 0.00182481 0.00193329 0.00208773 0.00228948 0.00254019 0.00284185 0.00319666 0.00360705 0.00407559 0.0046049 0.00519765 0.0058564 0.0065836 0.00738143 0.00825179 0.00919617 0.0102156 0.0113105 0.0124806 0.0137252 0.0150425 0.01643 0.0178845 0.0194016 0.0209762 0.0226023 0.0242728 0.0259799 0.027715 0.0294686 0.0312306 0.0329901 0.034736 0.0364566 0.03814 0.039774 0.0413467 0.042846 0.0442604 0.0455785 0.0467899 0.0478844 0.0488531 0.0496877 0.0503812 0.0509275 0.0513221 0.0515615 0.0516436 0.0515678 0.0513347 0.0509464 0.0504062 0.049719 0.0488905 0.0479279 0.0468393 0.0456339 0.0443214 0.0429126 0.0414187 0.0398512 0.038222 0.0365433 0.0348271 0.0330851 0.0313292 0.0295704 0.0278196 0.0260868 0.0243814 0.0227122 0.021087 0.0195127 0.0179953 0.0165401 0.0151512 0.0138321 0.0125853 0.0114123 0.0103142 0.00929122 0.00834284 0.00746814 0.00666566 0.00593354 0.00526963 0.00467152 0.00413667 0.00366246 0.00324628 0.00288559 0.00257801 0.00232132 0.00211357 0.00195312 0.00183862 0.00176925 
0.00176131 0.00178078 0.001845 0.00195469 0.00211086 0.00231484 0.00256833 0.00287331 0.00323202 0.00364691 0.00412056 0.00465564 0.00525481 0.00592068 0.00665569 0.00746206 0.0083417 0.00929609 0.0103263 0.0114326 0.012615 0.0138725 0.0152034 0.0166053 0.0180746 0.0196071 0.0211976 0.02284 0.0245272 0.0262513 0.0280035 0.0297744 0.0315535 0.0333302 0.035093 0.0368302 0.0385296 0.0401793 0.0417668 0.0432803 0.044708 0.0460385 0.0472611 0.0483659 0.0493435 0.0501858 0.0508857 0.0514371 0.0518352 0.0520768 0.0521596 0.0520831 0.0518477 0.0514558 0.0509106 0.0502169 0.0493807 0.0484091 0.0473103 0.0460935 0.0447687 0.0433466 0.0418385 0.040256 0.0386114 0.0369165 0.0351837 0.0334249 0.0316519 0.0298759 0.0281079 0.026358 0.0246357 0.0229499 0.0213083 0.0197181 0.0181854 0.0167153 0.0153123 0.0139796 0.0127198 0.0115347 0.0104251 0.00939137 0.008433 0.00754903 0.00673802 0.00599809 0.00532706 0.00472252 0.0041819 0.00370256 0.00328186 0.00291726 0.00260632 0.00234683 0.00213683 0.00197462 0.00185888 0.00178877 
0.00182481 0.001845 0.00191145 0.00202492 0.00218643 0.00239736 0.00265944 0.00297471 0.00334547 0.00377422 0.00426361 0.00481637 0.00543523 0.00612283 0.00688169 0.00771406 0.00862185 0.0096066 0.0106693 0.0118104 0.0130296 0.0143259 0.0156977 0.0171422 0.018656 0.0202345 0.0218725 0.0235635 0.0253003 0.0270747 0.0288778 0.0306996 0.0325297 0.0343569 0.0361695 0.0379555 0.0397024 0.0413979 0.0430293 0.0445844 0.0460512 0.047418 0.0486738 0.0498084 0.0508123 0.0516773 0.0523958 0.0529619 0.0533706 0.0536185 0.0537034 0.0536246 0.0533828 0.0529802 0.0524202 0.0517077 0.0508487 0.0498507 0.048722 0.0474719 0.0461108 0.0446496 0.0430998 0.0414735 0.039783 0.0380407 0.0362592 0.0344506 0.0326271 0.0308003 0.0289813 0.0271807 0.0254083 0.0236729 0.0219829 0.0203453 0.0187667 0.0172523 0.0158067 0.0144332 0.0131347 0.0119128 0.0107687 0.00970245 0.00871379 0.00780171 0.00696473 0.00620097 0.00550821 0.00488397 0.00432565 0.00383054 0.00339594 0.00301924 0.00269795 0.0024298 0.00221277 0.00204515 0.00192555 0.00185311 
0.00193329 0.00195469 0.00202492 0.00214477 0.00231529 0.00253793 0.0028145 0.00314711 0.00353815 0.00399023 0.00450611 0.00508859 0.00574053 0.00646465 0.00726354 0.00813951 0.00909453 0.0101301 0.0112473 0.0124465 0.0137273 0.0150886 0.0165286 0.0180445 0.0196325 0.0212878 0.0230049 0.024777 0.0265965 0.0284548 0.0303424 0.0322492 0.034164 0.0360753 0.0379708 0.0398379 0.0416638 0.0434354 0.0451397 0.0467639 0.0482956 0.0497226 0.0510334 0.0522176 0.0532653 0.0541677 0.0549173 0.0555077 0.0559339 0.0561923 0.0562807 0.0561982 0.0559457 0.0555253 0.0549407 0.054197 0.0533003 0.0522585 0.05108 0.0497748 0.0483533 0.0468272 0.0452082 0.043509 0.0417424 0.0399212 0.0380585 0.0361672 0.0342598 0.0323484 0.0304446 0.0285596 0.0267034 0.0248856 0.0231147 0.0213982 0.019743 0.0181546 0.0166378 0.0151963 0.0138329 0.0125496 0.0113475 0.0102269 0.00918748 0.00822825 0.00734772 0.00654396 0.00581469 0.00515736 0.00456928 0.00404764 0.00358964 0.00319257 0.00285385 0.00257111 0.00234225 0.00216548 0.00203937 0.00196303 
0.00208773 0.00211086 0.00218643 0.00231529 0.00249856 0.00273775 0.00303478 0.00339188 0.00381158 0.0042966 0.00484985 0.00547429 0.00617288 0.00694849 0.0078038 0.00874121 0.00976274 0.0108699 0.0120638 0.0133446 0.0147121 0.0161648 0.0177007 0.0193168 0.021009 0.0227721 0.0246002 0.026486 0.0284215 0.0303973 0.0324036 0.0344293 0.0364628 0.0384918 0.0405033 0.0424839 0.0444202 0.0462983 0.0481046 0.0498255 0.0514479 0.052959 0.0543468 0.0556003 0.056709 0.0576638 0.0584567 0.0590812 0.0595318 0.0598049 0.059898 0.0598104 0.0595429 0.0590978 0.0584789 0.0576915 0.0567422 0.055639 0.0543911 0.0530087 0.051503 0.049886 0.0481703 0.0463691 0.044496 0.0425644 0.0405883 0.0385811 0.0365561 0.0345262 0.0325037 0.0305003 0.0285269 0.0265934 0.024709 0.0228818 0.021119 0.0194267 0.01781 0.0162728 0.0148183 0.0134486 0.012165 0.0109679 0.00985702 0.00883139 0.00788951 0.00702938 0.00624864 0.00554465 0.00491458 0.0043555 0.00386447 0.00343864 0.00307529 0.00277194 0.00252636 0.00233667 0.00220137 0.00211949 
0.00228948 0.00231484 0.00239736 0.00253793 0.00273775 0.00299844 0.00332205 0.00371095 0.00416783 0.0046956 0.00529733 0.00597617 0.00673524 0.00757757 0.00850597 0.00952294 0.0106306 0.0118304 0.0131235 0.0145099 0.0159893 0.0175601 0.0192199 0.0209654 0.022792 0.0246943 0.0266656 0.028698 0.0307828 0.0329102 0.0350692 0.0372481 0.0394344 0.0416148 0.0437755 0.0459022 0.0479805 0.0499955 0.0519328 0.053778 0.0555168 0.057136 0.0586227 0.0599651 0.0611521 0.0621742 0.0630229 0.063691 0.064173 0.0644648 0.0645641 0.0644699 0.0641832 0.0637063 0.0630433 0.0621998 0.0611829 0.060001 0.0586639 0.0571824 0.0555685 0.0538348 0.0519948 0.0500626 0.0480524 0.045979 0.0438569 0.0417006 0.0395244 0.037342 0.0351666 0.0330107 0.0308861 0.0288035 0.0267729 0.0248029 0.0229014 0.0210749 0.0193291 0.0176684 0.0160962 0.0146148 0.0132258 0.0119298 0.0107264 0.00961486 0.00859354 0.00766039 0.00681297 0.0060485 0.00536399 0.00475635 0.00422247 0.00375932 0.00336401 0.0030339 0.00276661 0.00256015 0.0024129 0.00232385 
0.00254019 0.00256833 0.00265944 0.0028145 0.00303478 0.00332205 0.00367849 0.00410667 0.00460948 0.00519003 0.0058516 0.00659757 0.00743125 0.00835585 0.00937434 0.0104893 0.011703 0.0130169 0.014432 0.0159485 0.0175655 0.0192814 0.0210935 0.0229979 0.0249896 0.0270626 0.0292095 0.0314218 0.0336898 0.0360028 0.0383489 0.0407154 0.0430887 0.0454544 0.0477977 0.0501031 0.0523549 0.0545373 0.0566347 0.0586316 0.0605128 0.062264 0.0638714 0.0653222 0.066605 0.0677091 0.0686257 0.069347 0.0698673 0.0701821 0.0702888 0.0701866 0.0698764 0.0693607 0.0686439 0.0677321 0.0666326 0.0653547 0.0639087 0.0623062 0.06056 0.0586838 0.0566919 0.0545995 0.052422 0.0501751 0.0478745 0.0455358 0.0431745 0.0408053 0.0384426 0.0361 0.0337901 0.0315248 0.0293148 0.0271696 0.0250978 0.0231067 0.0212024 0.0193899 0.0176729 0.0160543 0.0145357 0.0131178 0.0118007 0.0105832 0.00946403 0.0084409 0.00751127 0.00667219 0.00592052 0.00525296 0.00466619 0.00415695 0.00372218 0.003359 0.00306491 0.00283772 0.00267572 0.0025778 
0.00284185 0.00287331 0.00297471 0.00314711 0.00339188 0.00371095 0.00410667 0.00458184 0.00513955 0.00578317 0.00651625 0.00734239 0.00826515 0.00928793 0.0104139 0.0116458 0.0129858 0.0144357 0.0159962 0.0176673 0.0194481 0.0213366 0.0233297 0.0254229 0.0276108 0.0298865 0.0322418 0.0346674 0.0371526 0.0396856 0.0422534 0.0448421 0.0474368 0.0500219 0.0525811 0.0550977 0.0575547 0.059935 0.0622215 0.0643976 0.0664469 0.0683539 0.0701037 0.0716827 0.0730782 0.0742792 0.0752758 0.07606 0.0766254 0.0769672 0.0770828 0.0769711 0.0766331 0.0760717 0.0752915 0.074299 0.0731022 0.0717109 0.0701364 0.0683911 0.0664888 0.0644442 0.062273 0.0599913 0.057616 0.0551639 0.0526521 0.0500977 0.0475173 0.044927 0.0423426 0.0397787 0.0372493 0.0347673 0.0323444 0.0299913 0.0277174 0.0255307 0.023438 0.021445 0.0195559 0.0177739 0.016101 0.0145382 0.0130854 0.0117418 0.0105059 0.00937544 0.0083477 0.00741958 0.00658771 0.00584857 0.00519859 0.00463428 0.00415232 0.00374962 0.00342345 0.00317148 0.00299183 0.00288331 
0.00319666 0.00323202 0.00334547 0.00353815 0.00381158 0.00416783 0.00460948 0.00513955 0.00576141 0.00647871 0.00729527 0.00821497 0.00924165 0.0103789 0.0116302 0.0129983 0.0144855 0.0160935 0.0178232 0.0196742 0.0216454 0.0237344 0.0259376 0.0282501 0.0306655 0.0331762 0.0357731 0.0384458 0.0411824 0.04397 0.0467943 0.0496398 0.0524904 0.0553289 0.0581375 0.0608979 0.0635917 0.0662002 0.0687048 0.0710875 0.0733305 0.0754169 0.0773308 0.0790573 0.0805828 0.0818952 0.082984 0.0838405 0.0844577 0.0848307 0.0849563 0.0848337 0.0844639 0.0838498 0.0829966 0.0819112 0.0806023 0.0790805 0.077358 0.0754482 0.073366 0.0711274 0.0687494 0.0662495 0.0636459 0.060957 0.0582016 0.055398 0.0525644 0.0497187 0.0468777 0.0440579 0.0412744 0.0385414 0.0358721 0.0332781 0.0307697 0.0283561 0.0260449 0.0238423 0.0217533 0.0197814 0.0179291 0.0161975 0.0145869 0.0130965 0.0117246 0.010469 0.00932692 0.00829493 0.00736949 0.00654679 0.00582301 0.00519438 0.00465728 0.0042084 0.00384475 0.00356381 0.00336352 0.00324262 
0.00360705 0.00364691 0.00377422 0.00399023 0.0042966 0.0046956 0.00519003 0.00578317 0.00647871 0.00728059 0.00819296 0.00921999 0.0103658 0.0116343 0.0130291 0.0145531 0.0162088 0.0179978 0.0199207 0.0219773 0.0241659 0.0264838 0.0289267 0.0314891 0.0341637 0.0369421 0.039814 0.0427678 0.0457904 0.0488674 0.051983 0.0551202 0.0582612 0.0613871 0.0644784 0.0675152 0.0704772 0.0733441 0.0760956 0.0787121 0.0811742 0.0834636 0.0855629 0.0874561 0.0891284 0.0905667 0.0917596 0.0926977 0.0933735 0.0937816 0.0939187 0.0937838 0.0933779 0.0927043 0.0917686 0.0905783 0.0891428 0.0874735 0.0855836 0.0834878 0.0812022 0.0787441 0.076132 0.0733851 0.070523 0.067566 0.0645343 0.0614481 0.0583274 0.0551916 0.0520595 0.0489488 0.0458765 0.0428583 0.0399085 0.0370402 0.0342649 0.0315927 0.0290323 0.0265907 0.0242734 0.0220848 0.0200274 0.018103 0.0163119 0.0146534 0.0131259 0.0117271 0.0104539 0.00930284 0.00827007 0.00735152 0.00654305 0.00584056 0.00524016 0.00473822 0.00433151 0.00401728 0.0037933 0.00365817 
0.00407559 0.00412056 0.00426361 0.00450611 0.00484985 0.00529733 0.0058516 0.00651625 0.00729527 0.00819296 0.00921378 0.0103623 0.0116429 0.0130597 0.0146166 0.0163168 0.0181626 0.0201557 0.0222967 0.0245849 0.0270184 0.0295939 0.0323065 0.0351498 0.0381157 0.0411947 0.0443752 0.0476443 0.0509875 0.0543887 0.0578304 0.0612941 0.0647599 0.0682072 0.0716145 0.0749599 0.0782214 0.0813766 0.0844035 0.0872806 0.0899869 0.0925025 0.0948084 0.0968872 0.0987229 0.100301 0.10161 0.102639 0.10338 0.103827 0.103977 0.103828 0.103382 0.102643 0.101615 0.100308 0.0987314 0.0968979 0.0948217 0.0925186 0.0900063 0.0873036 0.0844305 0.0814079 0.0782574 0.0750009 0.0716606 0.0682587 0.064817 0.0613568 0.0578987 0.0544624 0.0510665 0.0477284 0.044464 0.0412879 0.0382128 0.0352502 0.0324096 0.029699 0.0271249 0.0246921 0.0224038 0.020262 0.0182672 0.016419 0.0147158 0.0131551 0.0117337 0.0104481 0.00929388 0.00826683 0.00736245 0.00657632 0.00590419 0.00534212 0.00488661 0.00453463 0.00428378 0.00413252 
0.0046049 0.00465564 0.00481637 0.00508859 0.00547429 0.00597617 0.00659757 0.00734239 0.00821497 0.00921999 0.0103623 0.0116467 0.0130781 0.0146608 0.016399 0.0182958 0.0203539 0.0225747 0.0249588 0.0275051 0.0302112 0.0330734 0.0360859 0.0392415 0.042531 0.0459436 0.0494665 0.0530852 0.0567836 0.0605438 0.0643465 0.0681712 0.0719961 0.0757983 0.0795545 0.0832406 0.0868324 0.0903055 0.0936359 0.0968001 0.0997753 0.10254 0.105073 0.107356 0.109371 0.111104 0.11254 0.113669 0.114481 0.114971 0.115135 0.114971 0.114481 0.113669 0.11254 0.111105 0.109373 0.107359 0.105078 0.102547 0.0997849 0.0968128 0.0936522 0.0903258 0.0868572 0.0832703 0.0795895 0.0758389 0.0720424 0.0682236 0.064405 0.0606083 0.0568541 0.0531616 0.0495484 0.0460307 0.0426229 0.0393376 0.0361856 0.033176 0.0303161 0.0276113 0.0250657 0.0226815 0.0204596 0.0183997 0.0165002 0.0147586 0.0131717 0.0117354 0.0104453 0.00929684 0.00828505 0.0074052 0.00665267 0.0060232 0.00551296 0.00511867 0.00483769 0.00466835 
0.00519765 0.00525481 0.00543523 0.00574053 0.00617288 0.00673524 0.00743125 0.00826515 0.00924165 0.0103658 0.0116429 0.0130781 0.0146766 0.0164431 0.0183819 0.0204963 0.0227891 0.0252617 0.0279142 0.0307453 0.0337522 0.0369303 0.0402732 0.0437726 0.047418 0.0511974 0.0550964 0.0590989 0.0631869 0.0673408 0.071539 0.0757591 0.0799768 0.0841674 0.0883049 0.0923631 0.0963155 0.100136 0.103797 0.107274 0.110542 0.113578 0.116359 0.118864 0.121075 0.122975 0.12455 0.125787 0.126677 0.127214 0.127393 0.127213 0.126675 0.125783 0.124545 0.12297 0.121069 0.118859 0.116354 0.113575 0.110541 0.107275 0.103801 0.100143 0.0963276 0.09238 0.0883271 0.0841953 0.0800109 0.0757995 0.0715861 0.0673946 0.0632475 0.0591661 0.05517 0.0512771 0.0475034 0.0438632 0.0403684 0.0370294 0.0338545 0.0308499 0.0280202 0.0253683 0.0228955 0.0206015 0.0184848 0.0165431 0.0147727 0.0131695 0.0117288 0.0104456 0.0093146 0.0083307 0.0074889 0.00678456 0.00621351 0.00577219 0.00545773 0.00526831 
0.0058564 0.00592068 0.00612283 0.00646465 0.00694849 0.00757757 0.00835585 0.00928793 0.0103789 0.0116343 0.0130597 0.0146608 0.0164431 0.0184116 0.0205707 0.0229241 0.0254743 0.0282227 0.0311693 0.0343122 0.0376482 0.0411717 0.0448755 0.04875 0.0527838 0.0569629 0.0612716 0.0656919 0.0702038 0.0747854 0.0794134 0.0840625 0.0887065 0.093318 0.0978686 0.10233 0.106672 0.110868 0.114887 0.118702 0.122287 0.125615 0.128663 0.131408 0.13383 0.13591 0.137634 0.138989 0.139963 0.14055 0.140745 0.140547 0.139957 0.13898 0.137624 0.135898 0.133816 0.131393 0.128648 0.1256 0.122273 0.11869 0.114877 0.110861 0.10667 0.102332 0.0978764 0.0933316 0.0887265 0.0840894 0.0794474 0.0748268 0.0702526 0.0657482 0.0613353 0.0570337 0.0528613 0.0488338 0.0449649 0.0412661 0.0377468 0.0344142 0.0312736 0.0283286 0.0255806 0.0230299 0.020675 0.0185133 0.0165414 0.0147547 0.0131484 0.0117169 0.0104547 0.00935618 0.00841602 0.00762916 0.00699109 0.00649792 0.00614654 0.00593498 
0.0065836 0.00665569 0.00688169 0.00726354 0.0078038 0.00850597 0.00937434 0.0104139 0.0116302 0.0130291 0.0146166 0.016399 0.0183819 0.0205707 0.0229701 0.0255838 0.0284144 0.0314631 0.0347294 0.0382112 0.0419044 0.0458028 0.0498979 0.054179 0.0586331 0.0632448 0.0679963 0.0728679 0.0778373 0.0828805 0.0879715 0.0930829 0.0981857 0.10325 0.108245 0.113139 0.1179 0.122498 0.126901 0.131079 0.135002 0.138644 0.141977 0.144979 0.147626 0.1499 0.151783 0.153263 0.154326 0.154967 0.15518 0.154963 0.154318 0.15325 0.151767 0.14988 0.147603 0.144954 0.141951 0.138617 0.134975 0.131052 0.126876 0.122476 0.117882 0.113125 0.108236 0.103247 0.0981899 0.0930943 0.0879907 0.0829077 0.0778727 0.0729117 0.0680485 0.063305 0.0587012 0.0542545 0.0499802 0.0458912 0.0419982 0.0383094 0.0348311 0.0315672 0.0285199 0.0256896 0.0230751 0.0206738 0.0184819 0.016495 0.0147077 0.0131142 0.0117085 0.0104847 0.00943695 0.00855978 0.00784833 0.0072984 0.00690661 0.00667082 
0.00738143 0.00746206 0.00771406 0.00813951 0.00874121 0.00952294 0.0104893 0.0116458 0.0129983 0.0145531 0.0163168 0.0182958 0.0204963 0.0229241 0.0255838 0.0284794 0.0316133 0.0349866 0.0385984 0.042446 0.0465246 0.050827 0.0553435 0.0600622 0.0649683 0.0700448 0.0752719 0.0806276 0.0860875 0.091625 0.0972117 0.102817 0.108411 0.113958 0.119427 0.124782 0.12999 0.135017 0.139828 0.144392 0.148676 0.15265 0.156287 0.159561 0.162448 0.164927 0.166979 0.168591 0.16975 0.170447 0.170678 0.170441 0.169738 0.168573 0.166956 0.164898 0.162415 0.159525 0.156249 0.15261 0.148634 0.14435 0.139788 0.134978 0.129955 0.124751 0.119401 0.113938 0.108397 0.102812 0.0972141 0.0916361 0.0861076 0.080657 0.0753107 0.0700928 0.0650254 0.0601278 0.0554172 0.0509081 0.0466123 0.0425393 0.0386963 0.035088 0.0317171 0.0285844 0.0256888 0.0230279 0.0205977 0.0183936 0.0164099 0.0146405 0.013079 0.011719 0.0105543 0.00957887 0.00878761 0.00817593 0.00774017 0.00747803 
0.00825179 0.0083417 0.00862185 0.00909453 0.00976274 0.0106306 0.011703 0.0129858 0.0144855 0.0162088 0.0181626 0.0203539 0.0227891 0.0254743 0.0284144 0.0316133 0.0350734 0.0387955 0.0427783 0.0470184 0.0515102 0.0562454 0.061213 0.0663997 0.0717889 0.0773616 0.0830961 0.0889679 0.0949502 0.101014 0.107128 0.113259 0.119372 0.125433 0.131404 0.137249 0.142929 0.148409 0.153652 0.158623 0.163288 0.167614 0.171571 0.175132 0.178271 0.180966 0.183197 0.184948 0.186207 0.186965 0.187215 0.186957 0.186191 0.184925 0.183167 0.180929 0.178228 0.175084 0.171519 0.167559 0.16323 0.158565 0.153594 0.148352 0.142875 0.137198 0.131358 0.125393 0.11934 0.113234 0.107111 0.101007 0.0949532 0.0889811 0.0831197 0.0773956 0.0718331 0.0664538 0.0612765 0.0563176 0.0515903 0.0471055 0.0428712 0.0388931 0.0351746 0.0317166 0.0285186 0.0255781 0.0228912 0.0204529 0.0182574 0.0162982 0.0145684 0.0130613 0.01177 0.0106885 0.00981091 0.00913244 0.00864913 0.00835849 
0.00919617 0.00929609 0.0096066 0.0101301 0.0108699 0.0118304 0.0130169 0.0144357 0.0160935 0.0179978 0.0201557 0.0225747 0.0252617 0.0282227 0.0314631 0.0349866 0.0387955 0.0428903 0.0472691 0.051928 0.0568602 0.0620563 0.0675041 0.0731883 0.0790907 0.0851902 0.0914627 0.0978814 0.104417 0.111037 0.117708 0.124394 0.131057 0.137658 0.144159 0.150518 0.156696 0.162653 0.16835 0.173748 0.178812 0.183507 0.1878 0.191661 0.195065 0.197985 0.200403 0.2023 0.203664 0.204484 0.204755 0.204474 0.203644 0.202271 0.200365 0.197939 0.195011 0.191601 0.187734 0.183436 0.178738 0.173672 0.168272 0.162576 0.156621 0.150446 0.144092 0.137597 0.131003 0.124348 0.117671 0.11101 0.104401 0.0978765 0.0914692 0.0852083 0.0791203 0.0732291 0.0675557 0.062118 0.0569312 0.0520074 0.0473557 0.0429829 0.0388928 0.0350872 0.0315656 0.0283258 0.0253637 0.0226744 0.0202516 0.0180886 0.0161782 0.014513 0.0130859 0.0118901 0.0109197 0.0101694 0.00963498 0.0093137 
0.0102156 0.0103263 0.0106693 0.0112473 0.0120638 0.0131235 0.014432 0.0159962 0.0178232 0.0199207 0.0222967 0.0249588 0.0279142 0.0311693 0.0347294 0.0385984 0.0427783 0.0472691 0.0520686 0.0571717 0.0625709 0.0682552 0.074211 0.0804213 0.0868659 0.0935215 0.100361 0.107356 0.114474 0.12168 0.128936 0.136204 0.143444 0.150612 0.157667 0.164565 0.171263 0.177718 0.183888 0.189733 0.195213 0.200292 0.204935 0.20911 0.212788 0.215944 0.218555 0.220604 0.222077 0.222962 0.223254 0.22295 0.222053 0.22057 0.21851 0.215888 0.212722 0.209036 0.204854 0.200205 0.195121 0.189637 0.183791 0.17762 0.171166 0.164471 0.157577 0.150528 0.143366 0.136136 0.128877 0.121631 0.114437 0.107331 0.100349 0.0935217 0.086879 0.0804471 0.074249 0.0683048 0.0626312 0.0572419 0.0521475 0.0473554 0.0428706 0.0386953 0.0348293 0.0312706 0.0280154 0.0250584 0.0223932 0.0200126 0.0179091 0.016075 0.0145026 0.0131848 0.0121151 0.0112879 0.0106987 0.0103447 
0.0113105 0.0114326 0.0118104 0.0124465 0.0133446 0.0145099 0.0159485 0.0176673 0.0196742 0.0219773 0.0245849 0.0275051 0.0307453 0.0343122 0.0382112 0.042446 0.0470184 0.051928 0.0571717 0.0627438 0.0686352 0.074834 0.0813247 0.0880883 0.0951026 0.102342 0.109777 0.117376 0.125103 0.132921 0.140789 0.148665 0.156506 0.164265 0.171897 0.179356 0.186594 0.193567 0.200229 0.206537 0.212449 0.217925 0.22293 0.227429 0.231392 0.234791 0.237603 0.239809 0.241393 0.242346 0.242659 0.242332 0.241366 0.239768 0.237549 0.234725 0.231314 0.227342 0.222834 0.217821 0.212338 0.206421 0.20011 0.193447 0.186474 0.179238 0.171783 0.164156 0.156404 0.148572 0.140706 0.132849 0.125043 0.117329 0.109744 0.102322 0.0950973 0.0880971 0.0813472 0.0748697 0.0686833 0.0628032 0.0572414 0.0520066 0.0471045 0.042538 0.0383074 0.034411 0.0308449 0.0276039 0.0246812 0.0220696 0.019761 0.0177472 0.0160203 0.0145725 0.0133972 0.0124882 0.0118407 0.0114518 
0.0124806 0.012615 0.0130296 0.0137273 0.0147121 0.0159893 0.0175655 0.0194481 0.0216454 0.0241659 0.0270184 0.0302112 0.0337522 0.0376482 0.0419044 0.0465246 0.0515102 0.0568602 0.0625709 0.0686352 0.0750433 0.0817813 0.088832 0.0961746 0.103784 0.111633 0.119689 0.127917 0.136279 0.144734 0.153239 0.161746 0.17021 0.178582 0.186812 0.194851 0.202648 0.210155 0.217325 0.22411 0.230467 0.236353 0.241731 0.246563 0.250818 0.254467 0.257485 0.259853 0.261553 0.262574 0.26291 0.262558 0.261521 0.259805 0.257423 0.254391 0.250729 0.246461 0.241618 0.236231 0.230337 0.223973 0.217184 0.210012 0.202504 0.194708 0.186672 0.178448 0.170083 0.161627 0.153129 0.144637 0.136195 0.127847 0.119633 0.111592 0.103759 0.0961646 0.0888373 0.0818013 0.0750773 0.0686824 0.0626298 0.0569297 0.0515887 0.0466104 0.0419958 0.0377433 0.0338493 0.0303084 0.0271139 0.024258 0.0217325 0.0195287 0.0176382 0.0160529 0.0147656 0.01377 0.0130608 0.0126349 
0.0137252 0.0138725 0.0143259 0.0150886 0.0161648 0.0175601 0.0192814 0.0213366 0.0237344 0.0264838 0.0295939 0.0330734 0.0369303 0.0411717 0.0458028 0.050827 0.0562454 0.0620563 0.0682552 0.074834 0.0817813 0.0890816 0.096716 0.104661 0.11289 0.121373 0.130073 0.138954 0.147974 0.157088 0.166249 0.175409 0.184517 0.19352 0.202366 0.211001 0.219373 0.22743 0.23512 0.242395 0.249208 0.255514 0.261273 0.266447 0.271001 0.274905 0.278134 0.280666 0.282484 0.283575 0.283934 0.283557 0.282447 0.280612 0.278063 0.274818 0.270898 0.26633 0.261144 0.255374 0.249058 0.242237 0.234956 0.227262 0.219204 0.210832 0.2022 0.193358 0.184362 0.175263 0.166113 0.156963 0.147863 0.138858 0.129992 0.121308 0.112843 0.104631 0.0967022 0.0890843 0.0817997 0.0748672 0.068302 0.0621152 0.0563149 0.0509053 0.0458881 0.0412621 0.0370239 0.0331681 0.0296878 0.026575 0.0238212 0.0214174 0.0193546 0.0176244 0.0162191 0.0151321 0.0143579 0.0138931 
0.0150425 0.0152034 0.0156977 0.0165286 0.0177007 0.0192199 0.0210935 0.0233297 0.0259376 0.0289267 0.0323065 0.0360859 0.0402732 0.0448755 0.0498979 0.0553435 0.061213 0.0675041 0.074211 0.0813247 0.088832 0.096716 0.104955 0.113525 0.122395 0.131532 0.140898 0.150452 0.16015 0.169942 0.17978 0.189611 0.199379 0.20903 0.218506 0.227752 0.236712 0.24533 0.253552 0.261326 0.268604 0.275338 0.281485 0.287006 0.291864 0.296028 0.29947 0.302169 0.304107 0.30527 0.305652 0.30525 0.304066 0.302109 0.299391 0.29593 0.291749 0.286875 0.281339 0.275179 0.268434 0.261147 0.253365 0.245137 0.236517 0.227557 0.218312 0.20884 0.199195 0.189435 0.179615 0.16979 0.160011 0.150329 0.140791 0.131442 0.122324 0.113472 0.104921 0.0966996 0.0888331 0.0813423 0.074244 0.067551 0.0612722 0.0554131 0.049976 0.0449601 0.0403623 0.0361772 0.0323979 0.0290164 0.0260235 0.02341 0.0211667 0.0192845 0.0177556 0.0165727 0.0157302 0.0152246 
0.01643 0.0166053 0.0171422 0.0180445 0.0193168 0.0209654 0.0229979 0.0254229 0.0282501 0.0314891 0.0351498 0.0392415 0.0437726 0.04875 0.054179 0.0600622 0.0663997 0.0731883 0.0804213 0.0880883 0.0961746 0.104661 0.113525 0.122738 0.132268 0.142078 0.152128 0.162373 0.172766 0.183254 0.193784 0.2043 0.214743 0.225054 0.235174 0.245042 0.254599 0.263787 0.272549 0.28083 0.288579 0.295746 0.302286 0.308158 0.313323 0.317749 0.321408 0.324276 0.326334 0.32757 0.327975 0.327547 0.326289 0.324209 0.32132 0.317641 0.313196 0.308012 0.302124 0.295569 0.288388 0.280628 0.272338 0.26357 0.254377 0.244818 0.234951 0.224835 0.214529 0.204094 0.193589 0.183072 0.172598 0.162221 0.151994 0.141962 0.132171 0.122661 0.113468 0.104624 0.0961568 0.0880889 0.080439 0.0732217 0.0664471 0.0601218 0.0542487 0.0488277 0.043856 0.0393285 0.035238 0.0315764 0.0283344 0.0255024 0.0230707 0.02103 0.0193719 0.0180889 0.0171752 0.0166269 
0.0178845 0.0180746 0.018656 0.0196325 0.021009 0.022792 0.0249896 0.0276108 0.0306655 0.0341637 0.0381157 0.042531 0.047418 0.0527838 0.0586331 0.0649683 0.0717889 0.0790907 0.0868659 0.0951026 0.103784 0.11289 0.122395 0.132268 0.142474 0.152973 0.163723 0.174674 0.185776 0.196973 0.208207 0.21942 0.230548 0.24153 0.252301 0.262799 0.272961 0.282726 0.292033 0.300826 0.309049 0.316653 0.323589 0.329814 0.335288 0.339978 0.343854 0.346891 0.34907 0.350379 0.350807 0.350354 0.349021 0.346818 0.343757 0.339859 0.335148 0.329653 0.32341 0.316457 0.308839 0.300602 0.291799 0.282483 0.272713 0.262548 0.25205 0.241281 0.230304 0.219184 0.207981 0.196759 0.185577 0.174492 0.163559 0.152829 0.14235 0.132165 0.122314 0.112831 0.103746 0.0950846 0.0868669 0.0791092 0.0718233 0.0650167 0.0586932 0.0528535 0.0474949 0.0426127 0.0381999 0.034248 0.0307476 0.0276888 0.0250615 0.0228562 0.0210639 0.019677 0.0186893 0.0180967 
0.0194016 0.0196071 0.0202345 0.0212878 0.0227721 0.0246943 0.0270626 0.0298865 0.0331762 0.0369421 0.0411947 0.0459436 0.0511974 0.0569629 0.0632448 0.0700448 0.0773616 0.0851902 0.0935215 0.102342 0.111633 0.121373 0.131532 0.142078 0.152973 0.164175 0.175636 0.187305 0.199126 0.211042 0.222991 0.234908 0.246729 0.258388 0.269817 0.28095 0.291721 0.302065 0.31192 0.321226 0.329926 0.337966 0.345298 0.351877 0.35766 0.362613 0.366706 0.369912 0.372213 0.373594 0.374046 0.373567 0.37216 0.369833 0.366601 0.362484 0.357508 0.351702 0.345104 0.337753 0.329695 0.32098 0.311662 0.301797 0.291446 0.280671 0.269537 0.258109 0.246455 0.234641 0.222733 0.210797 0.198896 0.187092 0.175442 0.164002 0.152822 0.141949 0.131426 0.12129 0.111573 0.102304 0.0935043 0.0851926 0.0773817 0.0700806 0.0632942 0.0570235 0.0512667 0.0460191 0.0412739 0.0370226 0.0332555 0.0299624 0.0271331 0.0247576 0.0228266 0.0213323 0.020268 0.0196296 
0.0209762 0.0211976 0.0218725 0.0230049 0.0246002 0.0266656 0.0292095 0.0322418 0.0357731 0.039814 0.0443752 0.0494665 0.0550964 0.0612716 0.0679963 0.0752719 0.0830961 0.0914627 0.100361 0.109777 0.119689 0.130073 0.140898 0.152128 0.163723 0.175636 0.187817 0.200212 0.21276 0.225401 0.238069 0.250697 0.263215 0.275554 0.287642 0.299411 0.310792 0.321715 0.332118 0.341936 0.351111 0.359588 0.367314 0.374244 0.380335 0.38555 0.389858 0.393232 0.395653 0.397106 0.397582 0.397077 0.395596 0.393147 0.389746 0.385411 0.380171 0.374056 0.367104 0.359357 0.350861 0.34167 0.331837 0.321423 0.310491 0.299105 0.287333 0.275245 0.262909 0.250398 0.23778 0.225124 0.212499 0.199967 0.187592 0.175433 0.163542 0.151971 0.140766 0.129966 0.119606 0.109718 0.100325 0.0914476 0.0831006 0.0752941 0.0680339 0.0613221 0.0551572 0.049535 0.0444487 0.0398899 0.0358489 0.0323152 0.0292781 0.0267276 0.024654 0.023049 0.0219059 0.0212204 
0.0226023 0.02284 0.0235635 0.024777 0.026486 0.028698 0.0314218 0.0346674 0.0384458 0.0427678 0.0476443 0.0530852 0.0590989 0.0656919 0.0728679 0.0806276 0.0889679 0.0978814 0.107356 0.117376 0.127917 0.138954 0.150452 0.162373 0.174674 0.187305 0.200212 0.213336 0.226616 0.239985 0.253374 0.266713 0.279928 0.292947 0.305694 0.318097 0.330085 0.341585 0.352532 0.362859 0.372505 0.381414 0.389531 0.396808 0.403203 0.408677 0.413198 0.416738 0.419278 0.420802 0.4213 0.420771 0.419217 0.416648 0.413078 0.408529 0.403028 0.396607 0.389305 0.381166 0.372237 0.362572 0.352229 0.341269 0.329758 0.317764 0.305356 0.292608 0.279592 0.266383 0.253053 0.239676 0.226322 0.21306 0.199955 0.18707 0.174463 0.162188 0.150292 0.13882 0.12781 0.117294 0.107299 0.0978478 0.0889558 0.080635 0.0728925 0.0657312 0.0591502 0.0531457 0.0477113 0.0428384 0.0385174 0.0347375 0.0314881 0.0287584 0.0265387 0.0248205 0.0235967 0.022863 
0.0242728 0.0245272 0.0253003 0.0265965 0.0284215 0.0307828 0.0336898 0.0371526 0.0411824 0.0457904 0.0509875 0.0567836 0.0631869 0.0702038 0.0778373 0.0860875 0.0949502 0.104417 0.114474 0.125103 0.136279 0.147974 0.16015 0.172766 0.185776 0.199126 0.21276 0.226616 0.240627 0.254723 0.268832 0.28288 0.296789 0.310483 0.323884 0.336917 0.349506 0.361577 0.373061 0.383891 0.394003 0.403336 0.411838 0.419458 0.426152 0.43188 0.43661 0.440314 0.44297 0.444563 0.445085 0.444531 0.442906 0.440218 0.436484 0.431724 0.425967 0.419245 0.411599 0.403073 0.393716 0.383584 0.372737 0.361238 0.349154 0.336556 0.323518 0.310114 0.296422 0.282518 0.268479 0.254381 0.2403 0.226307 0.212472 0.19886 0.185534 0.172551 0.159962 0.147813 0.136147 0.124998 0.114396 0.104364 0.0949204 0.0860792 0.0778481 0.070231 0.0632279 0.0568354 0.0510472 0.0458551 0.0412493 0.037219 0.0337532 0.0308411 0.0284727 0.0266392 0.0253332 0.0245504 
0.0259799 0.0262513 0.0270747 0.0284548 0.0303973 0.0329102 0.0360028 0.0396856 0.04397 0.0488674 0.0543887 0.0605438 0.0673408 0.0747854 0.0828805 0.091625 0.101014 0.111037 0.12168 0.132921 0.144734 0.157088 0.169942 0.183254 0.196973 0.211042 0.225401 0.239985 0.254723 0.269542 0.284366 0.299116 0.313712 0.328074 0.342122 0.355775 0.368957 0.38159 0.393604 0.404927 0.415494 0.425246 0.434124 0.44208 0.449065 0.455042 0.459976 0.463839 0.466609 0.468271 0.468814 0.468237 0.466542 0.463739 0.459844 0.454878 0.448871 0.441855 0.433872 0.424967 0.415191 0.404601 0.393259 0.381229 0.368581 0.355389 0.341728 0.327677 0.313315 0.298723 0.28398 0.269168 0.254364 0.239643 0.22508 0.210744 0.1967 0.183009 0.169726 0.1569 0.144576 0.132792 0.121579 0.110963 0.100966 0.0916001 0.0828766 0.0747998 0.0673706 0.0605861 0.0544404 0.0489255 0.0440315 0.0397477 0.0360629 0.032966 0.0304469 0.0284964 0.0271072 0.0262746 
0.027715 0.0280035 0.0288778 0.0303424 0.0324036 0.0350692 0.0383489 0.0422534 0.0467943 0.051983 0.0578304 0.0643465 0.071539 0.0794134 0.0879715 0.0972117 0.107128 0.117708 0.128936 0.140789 0.153239 0.166249 0.17978 0.193784 0.208207 0.222991 0.238069 0.253374 0.268832 0.284366 0.299895 0.315338 0.330611 0.34563 0.360313 0.374576 0.388338 0.401522 0.414053 0.425858 0.436871 0.447029 0.456275 0.464556 0.471826 0.478045 0.483177 0.487195 0.490075 0.491803 0.492368 0.491768 0.490006 0.487091 0.483039 0.477874 0.471623 0.464322 0.456011 0.446737 0.436552 0.425515 0.413689 0.401139 0.38794 0.374165 0.359893 0.345206 0.330185 0.314915 0.299479 0.28396 0.268441 0.253 0.237716 0.222661 0.207904 0.193509 0.179535 0.166034 0.153054 0.140635 0.128812 0.117613 0.10706 0.0971695 0.0879522 0.0794142 0.0715571 0.0643787 0.0578736 0.0520339 0.0468499 0.0423108 0.0384053 0.0351223 0.0324512 0.0303828 0.0289096 0.0280268 
0.0294686 0.0297744 0.0306996 0.0322492 0.0344293 0.0372481 0.0407154 0.0448421 0.0496398 0.0551202 0.0612941 0.0681712 0.0757591 0.0840625 0.0930829 0.102817 0.113259 0.124394 0.136204 0.148665 0.161746 0.175409 0.189611 0.2043 0.21942 0.234908 0.250697 0.266713 0.28288 0.299116 0.315338 0.33146 0.347396 0.363059 0.378362 0.39322 0.407549 0.421269 0.434302 0.446576 0.458021 0.468574 0.478175 0.486772 0.494317 0.500769 0.506093 0.51026 0.513247 0.515039 0.515625 0.515003 0.513175 0.510152 0.50595 0.500592 0.494106 0.486528 0.4779 0.468269 0.457689 0.446218 0.43392 0.420866 0.407129 0.392786 0.377918 0.362608 0.346943 0.331008 0.314891 0.298679 0.282456 0.266307 0.250312 0.234547 0.219085 0.203994 0.189336 0.175166 0.161535 0.148486 0.136057 0.124277 0.113171 0.102757 0.0930475 0.0840491 0.0757647 0.0681926 0.0613281 0.0551634 0.0496891 0.0448944 0.0407678 0.0372981 0.0344747 0.0322881 0.0307306 0.0297975 
0.0312306 0.0315535 0.0325297 0.034164 0.0364628 0.0394344 0.0430887 0.0474368 0.0524904 0.0582612 0.0647599 0.0719961 0.0799768 0.0887065 0.0981857 0.108411 0.119372 0.131057 0.143444 0.156506 0.17021 0.184517 0.199379 0.214743 0.230548 0.246729 0.263215 0.279928 0.296789 0.313712 0.330611 0.347396 0.363979 0.380268 0.396174 0.411609 0.426487 0.440726 0.454246 0.466972 0.478835 0.489767 0.499711 0.508612 0.516421 0.523097 0.528605 0.532915 0.536005 0.537858 0.538464 0.537821 0.535931 0.532805 0.528458 0.522915 0.516203 0.50836 0.499427 0.489452 0.478489 0.466599 0.453848 0.440305 0.426047 0.411153 0.395706 0.379792 0.363498 0.346916 0.330135 0.313245 0.296335 0.279491 0.262799 0.246337 0.230183 0.214407 0.199075 0.184245 0.169972 0.156302 0.143273 0.130918 0.119265 0.108332 0.0981338 0.0886785 0.0799696 0.0720063 0.0647843 0.0582963 0.052533 0.0474836 0.0431367 0.039481 0.0365057 0.0342013 0.0325598 0.0315765 
0.0329901 0.0333302 0.0343569 0.0360753 0.0384918 0.0416148 0.0454544 0.0500219 0.0553289 0.0613871 0.0682072 0.0757983 0.0841674 0.093318 0.10325 0.113958 0.125433 0.137658 0.150612 0.164265 0.178582 0.19352 0.20903 0.225054 0.24153 0.258388 0.275554 0.292947 0.310483 0.328074 0.34563 0.363059 0.380268 0.397162 0.413651 0.429644 0.445051 0.45979 0.473778 0.486939 0.499201 0.510498 0.52077 0.529961 0.538023 0.544914 0.550597 0.555044 0.558231 0.560142 0.560768 0.560104 0.558155 0.554931 0.550447 0.544727 0.5378 0.529703 0.520477 0.510173 0.498845 0.486553 0.473365 0.459353 0.444594 0.429168 0.413162 0.396663 0.379762 0.362553 0.345127 0.327578 0.309999 0.292479 0.275107 0.257965 0.241134 0.224688 0.208696 0.193221 0.178317 0.164036 0.150417 0.137498 0.125305 0.113861 0.103181 0.0932749 0.0841469 0.075797 0.0682215 0.0614137 0.0553643 0.0500628 0.0454978 0.0416578 0.038532 0.0361107 0.034386 0.033353 
0.034736 0.035093 0.0361695 0.0379708 0.0405033 0.0437755 0.0477977 0.0525811 0.0581375 0.0644784 0.0716145 0.0795545 0.0883049 0.0978686 0.108245 0.119427 0.131404 0.144159 0.157667 0.171897 0.186812 0.202366 0.218506 0.235174 0.252301 0.269817 0.287642 0.305694 0.323884 0.342122 0.360313 0.378362 0.396174 0.413651 0.4307 0.447227 0.463143 0.478359 0.492795 0.506371 0.519014 0.530659 0.541242 0.550709 0.559011 0.566105 0.571955 0.576532 0.579812 0.581778 0.582422 0.58174 0.579735 0.576417 0.571803 0.565915 0.558784 0.550446 0.540943 0.530325 0.518648 0.505974 0.492369 0.477908 0.462668 0.446733 0.43019 0.41313 0.395645 0.377831 0.359783 0.341598 0.323372 0.305198 0.287166 0.269365 0.251876 0.234779 0.218145 0.202039 0.186521 0.171643 0.157449 0.143976 0.131256 0.119311 0.108159 0.0978104 0.0882709 0.0795414 0.0716186 0.0644963 0.0581656 0.052616 0.0478362 0.0438147 0.0405406 0.0380043 0.0361975 0.0351155 
0.0364566 0.0368302 0.0379555 0.0398379 0.0424839 0.0459022 0.0501031 0.0550977 0.0608979 0.0675152 0.0749599 0.0832406 0.0923631 0.10233 0.113139 0.124782 0.137249 0.150518 0.164565 0.179356 0.194851 0.211001 0.227752 0.245042 0.262799 0.28095 0.299411 0.318097 0.336917 0.355775 0.374576 0.39322 0.411609 0.429644 0.447227 0.464265 0.480663 0.496335 0.511195 0.525165 0.53817 0.550144 0.561022 0.57075 0.579279 0.586565 0.592572 0.59727 0.600637 0.602656 0.603317 0.602617 0.60056 0.597154 0.592417 0.586372 0.579048 0.570482 0.560717 0.549803 0.537796 0.524758 0.510758 0.49587 0.480174 0.463754 0.446699 0.429102 0.411058 0.392665 0.374021 0.355226 0.336378 0.317573 0.298907 0.280469 0.262346 0.244619 0.227363 0.210647 0.194533 0.179076 0.164323 0.150314 0.13708 0.124648 0.113036 0.102256 0.0923156 0.0832156 0.0749537 0.0675242 0.0609185 0.0551264 0.0501365 0.0459374 0.0425183 0.0398693 0.0379823 0.0368523 
0.03814 0.0385296 0.0397024 0.0416638 0.0444202 0.0479805 0.0523549 0.0575547 0.0635917 0.0704772 0.0782214 0.0868324 0.0963155 0.106672 0.1179 0.12999 0.142929 0.156696 0.171263 0.186594 0.202648 0.219373 0.236712 0.254599 0.272961 0.291721 0.310792 0.330085 0.349506 0.368957 0.388338 0.407549 0.426487 0.445051 0.463143 0.480663 0.497519 0.513621 0.528882 0.543224 0.55657 0.568852 0.580008 0.589981 0.598722 0.606187 0.612342 0.617155 0.620603 0.622671 0.623349 0.622632 0.620525 0.617038 0.612186 0.605993 0.598489 0.589709 0.579699 0.568507 0.556189 0.542809 0.528436 0.513145 0.497017 0.480138 0.462598 0.444492 0.425917 0.406972 0.387761 0.368383 0.348941 0.329534 0.31026 0.291212 0.272481 0.254149 0.236296 0.218993 0.202306 0.186291 0.170998 0.15647 0.142741 0.129838 0.117781 0.106584 0.0962545 0.0867954 0.0782048 0.0704773 0.0636047 0.057577 0.0523831 0.0480116 0.0444516 0.0416931 0.039728 0.0385514 
0.039774 0.0401793 0.0413979 0.0434354 0.0462983 0.0499955 0.0545373 0.059935 0.0662002 0.0733441 0.0813766 0.0903055 0.100136 0.110868 0.122498 0.135017 0.148409 0.162653 0.177718 0.193567 0.210155 0.22743 0.24533 0.263787 0.282726 0.302065 0.321715 0.341585 0.361577 0.38159 0.401522 0.421269 0.440726 0.45979 0.478359 0.496335 0.513621 0.530126 0.545764 0.560453 0.574117 0.586688 0.598103 0.608304 0.617243 0.624876 0.631167 0.636087 0.639611 0.641725 0.642417 0.641686 0.639533 0.635969 0.631011 0.624681 0.617009 0.608031 0.597791 0.586339 0.573731 0.560032 0.54531 0.529641 0.513108 0.495797 0.4778 0.459214 0.440137 0.420673 0.400924 0.380995 0.360989 0.341011 0.321159 0.301531 0.282219 0.263311 0.244888 0.227025 0.209789 0.19324 0.177431 0.162406 0.148202 0.134846 0.122362 0.110764 0.100061 0.0902567 0.0813497 0.0733353 0.0662056 0.059951 0.0545604 0.0500226 0.0463266 0.0434625 0.0414222 0.0402006 
0.0413467 0.0417668 0.0430293 0.0451397 0.0481046 0.0519328 0.0566347 0.0622215 0.0687048 0.0760956 0.0844035 0.0936359 0.103797 0.114887 0.126901 0.139828 0.153652 0.16835 0.183888 0.200229 0.217325 0.23512 0.253552 0.272549 0.292033 0.31192 0.332118 0.352532 0.373061 0.393604 0.414053 0.434302 0.454246 0.473778 0.492795 0.511195 0.528882 0.545764 0.561752 0.576764 0.590724 0.603563 0.615217 0.62563 0.634752 0.64254 0.648957 0.653975 0.657569 0.659725 0.660431 0.659686 0.657491 0.653858 0.648801 0.642344 0.634517 0.625356 0.614904 0.603211 0.590334 0.576338 0.561291 0.545271 0.52836 0.510646 0.492222 0.473187 0.453641 0.433688 0.413435 0.392987 0.372452 0.351934 0.331538 0.311362 0.291502 0.272049 0.253086 0.234691 0.216935 0.19988 0.18358 0.168083 0.153426 0.13964 0.126749 0.114769 0.10371 0.0935756 0.0843665 0.076078 0.0687028 0.0622313 0.0566527 0.0519558 0.0481298 0.0451647 0.0430523 0.0417877 
0.042846 0.0432803 0.0445844 0.0467639 0.0498255 0.053778 0.0586316 0.0643976 0.0710875 0.0787121 0.0872806 0.0968001 0.107274 0.118702 0.131079 0.144392 0.158623 0.173748 0.189733 0.206537 0.22411 0.242395 0.261326 0.28083 0.300826 0.321226 0.341936 0.362859 0.383891 0.404927 0.425858 0.446576 0.466972 0.486939 0.506371 0.525165 0.543224 0.560453 0.576764 0.592074 0.606307 0.619392 0.631267 0.641874 0.651163 0.659093 0.665626 0.670733 0.674392 0.676586 0.677306 0.676548 0.674315 0.670617 0.66547 0.658897 0.650928 0.641599 0.630952 0.619038 0.605914 0.591644 0.576298 0.559953 0.542693 0.524606 0.505787 0.486335 0.466353 0.445946 0.425222 0.404291 0.383261 0.36224 0.341334 0.320645 0.300272 0.280307 0.260838 0.241944 0.223699 0.206167 0.189405 0.173462 0.158379 0.144187 0.130912 0.118571 0.107174 0.0967287 0.0872338 0.078686 0.0710782 0.0644012 0.0586445 0.053797 0.0498477 0.0467868 0.0446062 0.0433007 
0.0442604 0.044708 0.0460512 0.0482956 0.0514479 0.0555168 0.0605128 0.0664469 0.0733305 0.0811742 0.0899869 0.0997753 0.110542 0.122287 0.135002 0.148676 0.163288 0.178812 0.195213 0.212449 0.230467 0.249208 0.268604 0.288579 0.309049 0.329926 0.351111 0.372505 0.394003 0.415494 0.436871 0.458021 0.478835 0.499201 0.519014 0.53817 0.55657 0.574117 0.590724 0.606307 0.620788 0.634098 0.646174 0.656957 0.6664 0.674458 0.681096 0.686285 0.690002 0.692231 0.692963 0.692193 0.689925 0.686169 0.680941 0.674263 0.666165 0.656683 0.645859 0.633744 0.620394 0.605874 0.590255 0.573613 0.556032 0.537603 0.518421 0.498586 0.478202 0.457377 0.43622 0.414842 0.393354 0.371867 0.350489 0.329325 0.308475 0.288035 0.268094 0.248736 0.230035 0.212059 0.194867 0.178508 0.163027 0.148456 0.134821 0.122142 0.110431 0.0996933 0.0899308 0.0811399 0.0733142 0.0664447 0.0605209 0.055532 0.051467 0.0483164 0.0460716 0.044728 
