5.04139e-14 5.06826e-14 8.83814e-14 1.89309e-13 4.18771e-13 9.18027e-13 1.97838e-12 4.18474e-12 8.68547e-12 1.76868e-11 3.53367e-11 6.9267e-11 1.33216e-10 2.51384e-10 4.65467e-10 8.45752e-10 1.50812e-09 2.6394e-09 4.53421e-09 7.64665e-09 1.26609e-08 2.05841e-08 3.28642e-08 5.15334e-08 7.93733e-08 1.20094e-07 1.78512e-07 2.60704e-07 3.74102e-07 5.27497e-07 7.309e-07 9.9523e-07 1.33179e-06 1.75151e-06 2.26402e-06 2.87651e-06 3.59259e-06 4.4112e-06 5.3257e-06 6.32336e-06 7.38534e-06 8.48715e-06 9.5997e-06 1.06908e-05 1.17268e-05 1.26747e-05 1.35036e-05 1.41863e-05 1.47004e-05 1.50292e-05 1.51622e-05 1.50951e-05 1.483e-05 1.43756e-05 1.37468e-05 1.29642e-05 1.20537e-05 1.10453e-05 9.9715e-06 8.86586e-06 7.76107e-06 6.68712e-06 5.66981e-06 4.72958e-06 3.88089e-06 3.13215e-06 2.48609e-06 1.94057e-06 1.48956e-06 1.12434e-06 8.34515e-07 6.09069e-07 4.37106e-07 3.08454e-07 2.14026e-07 1.46016e-07 9.79442e-08 6.4592e-08 4.18771e-08 2.66898e-08 1.67207e-08 1.02961e-08 6.2312e-09 3.70607e-09 2.16607e-09 1.244e-09 7.01988e-10 3.89211e-10 2.12016e-10 1.13468e-10 5.96616e-11 3.08202e-11 1.56424e-11 7.80041e-12 3.82207e-12 1.84034e-12 8.71074e-13 4.05895e-13 1.87621e-13 8.9574e-14 
5.06826e-14 5.1006e-14 8.98396e-14 1.94373e-13 4.33805e-13 9.58891e-13 2.08292e-12 4.43977e-12 9.28323e-12 1.90394e-11 3.8301e-11 7.55733e-11 1.46263e-10 2.77666e-10 5.17079e-10 9.44637e-10 1.69311e-09 2.97752e-09 5.13837e-09 8.70252e-09 1.44666e-08 2.36072e-08 3.78209e-08 5.94954e-08 9.19067e-08 1.39435e-07 2.07778e-07 3.04138e-07 4.37337e-07 6.17829e-07 8.57536e-07 1.16948e-06 1.56715e-06 2.06362e-06 2.67042e-06 3.39618e-06 4.24526e-06 5.21644e-06 6.30183e-06 7.48627e-06 8.74729e-06 1.00557e-05 1.13767e-05 1.26721e-05 1.39018e-05 1.50265e-05 1.60095e-05 1.68187e-05 1.74277e-05 1.78167e-05 1.79732e-05 1.78923e-05 1.75766e-05 1.70363e-05 1.6289e-05 1.53593e-05 1.42777e-05 1.30799e-05 1.18045e-05 1.04915e-05 9.17981e-06 7.90512e-06 6.69814e-06 5.58317e-06 4.57738e-06 3.69069e-06 2.92624e-06 2.28138e-06 1.74882e-06 1.31809e-06 9.76739e-07 7.1161e-07 5.09711e-07 3.58934e-07 2.48484e-07 1.69106e-07 1.13129e-07 7.43914e-08 4.80808e-08 3.05417e-08 1.90656e-08 1.16953e-08 7.04925e-09 4.17454e-09 2.42872e-09 1.3881e-09 7.7932e-10 4.29775e-10 2.328e-10 1.23861e-10 6.47277e-11 3.32245e-11 1.67514e-11 8.29628e-12 4.03632e-12 1.92932e-12 9.0632e-13 4.19018e-13 1.92077e-13 9.08568e-14 
8.83814e-14 8.98396e-14 1.59528e-13 3.46413e-13 7.74676e-13 1.71482e-12 3.72915e-12 7.95569e-12 1.66453e-11 3.41517e-11 6.87116e-11 1.35563e-10 2.62275e-10 4.9761e-10 9.25898e-10 1.6897e-09 3.02462e-09 5.31117e-09 9.14997e-09 1.54673e-08 2.56588e-08 4.17778e-08 6.67735e-08 1.04779e-07 1.61441e-07 2.44277e-07 3.6302e-07 5.29916e-07 7.59896e-07 1.07056e-06 1.48188e-06 2.01553e-06 2.69383e-06 3.53824e-06 4.56743e-06 5.7951e-06 7.22768e-06 8.86223e-06 1.06847e-05 1.2669e-05 1.47771e-05 1.69599e-05 1.91596e-05 2.13125e-05 2.33526e-05 2.52154e-05 2.68408e-05 2.81765e-05 2.91794e-05 2.98178e-05 3.00715e-05 2.99326e-05 2.94055e-05 2.8507e-05 2.72657e-05 2.57218e-05 2.39254e-05 2.19348e-05 1.98136e-05 1.76277e-05 1.54415e-05 1.33142e-05 1.1297e-05 9.43062e-06 7.7442e-06 6.2548e-06 4.96828e-06 3.8808e-06 2.98081e-06 2.25126e-06 1.67178e-06 1.22062e-06 8.76214e-07 6.18374e-07 4.29023e-07 2.92599e-07 1.96154e-07 1.29247e-07 8.36962e-08 5.32615e-08 3.33043e-08 2.0461e-08 1.23495e-08 7.32197e-09 4.26409e-09 2.439e-09 1.37011e-09 7.55848e-10 4.0948e-10 2.17842e-10 1.13804e-10 5.83825e-11 2.94126e-11 1.45521e-11 7.07109e-12 3.37496e-12 1.58275e-12 7.30368e-13 3.3414e-13 1.57856e-13 
1.89309e-13 1.94373e-13 3.46413e-13 7.51552e-13 1.67723e-12 3.70402e-12 8.03502e-12 1.70971e-11 3.56739e-11 7.29846e-11 1.46404e-10 2.87947e-10 5.55288e-10 1.04999e-09 1.94686e-09 3.54002e-09 6.31299e-09 1.10426e-08 1.89485e-08 3.19007e-08 5.27004e-08 8.54448e-08 1.35983e-07 2.1246e-07 3.25936e-07 4.9104e-07 7.26593e-07 1.05612e-06 1.5081e-06 2.1159e-06 2.91708e-06 3.9521e-06 5.26225e-06 6.88676e-06 8.85922e-06 1.12035e-05 1.39297e-05 1.70301e-05 2.04764e-05 2.42178e-05 2.81819e-05 3.22761e-05 3.63922e-05 4.04121e-05 4.42137e-05 4.76781e-05 5.06955e-05 5.31703e-05 5.50245e-05 5.62004e-05 5.66618e-05 5.63947e-05 5.54072e-05 5.37301e-05 5.14159e-05 4.85377e-05 4.51875e-05 4.14721e-05 3.75089e-05 3.34194e-05 2.93228e-05 2.53295e-05 2.15354e-05 1.80173e-05 1.48308e-05 1.20093e-05 9.5653e-06 7.4933e-06 5.77314e-06 4.37411e-06 3.259e-06 2.38767e-06 1.72002e-06 1.21825e-06 8.48308e-07 5.80698e-07 3.9074e-07 2.58419e-07 1.67963e-07 1.07277e-07 6.73221e-08 4.15065e-08 2.51382e-08 1.49544e-08 8.73726e-09 5.01325e-09 2.82468e-09 1.56279e-09 8.48978e-10 4.52841e-10 2.37162e-10 1.21955e-10 6.15779e-11 3.05307e-11 1.4865e-11 7.1083e-12 3.3395e-12 1.54369e-12 7.07587e-13 3.35338e-13 
4.18771e-13 4.33805e-13 7.74676e-13 1.67723e-12 3.73209e-12 8.21632e-12 1.77663e-11 3.76791e-11 7.83533e-11 1.59746e-10 3.19301e-10 6.25704e-10 1.20209e-09 2.26426e-09 4.18173e-09 7.57289e-09 1.34489e-08 2.34249e-08 4.00219e-08 6.70824e-08 1.10327e-07 1.78068e-07 2.821e-07 4.38737e-07 6.69987e-07 1.00476e-06 1.48001e-06 2.14159e-06 3.04465e-06 4.25328e-06 5.83911e-06 7.87867e-06 1.04492e-05 1.36234e-05 1.74622e-05 2.20074e-05 2.72742e-05 3.32438e-05 3.98582e-05 4.70179e-05 5.45825e-05 6.23755e-05 7.01918e-05 7.78084e-05 8.49969e-05 9.15355e-05 9.72204e-05 0.000101874 0.000105354 0.000107554 0.000108407 0.000107887 0.000106012 0.000102838 9.84609e-05 9.30178e-05 8.66788e-05 7.96429e-05 7.2129e-05 6.43646e-05 5.65737e-05 4.8965e-05 4.17204e-05 3.49873e-05 2.88731e-05 2.34442e-05 1.87278e-05 1.47165e-05 1.13752e-05 8.64801e-06 6.46621e-06 4.75477e-06 3.43815e-06 2.44457e-06 1.70892e-06 1.17447e-06 7.93438e-07 5.26852e-07 3.43807e-07 2.20462e-07 1.38897e-07 8.59683e-08 5.22653e-08 3.12084e-08 1.83006e-08 1.0538e-08 5.95822e-09 3.3076e-09 1.80273e-09 9.64627e-10 5.06753e-10 2.61365e-10 1.32351e-10 6.58042e-11 3.21263e-11 1.54029e-11 7.25494e-12 3.3622e-12 1.54547e-12 7.35411e-13 
9.18027e-13 9.58891e-13 1.71482e-12 3.70402e-12 8.21632e-12 1.80293e-11 3.88541e-11 8.21198e-11 1.70168e-10 3.4569e-10 6.88426e-10 1.34396e-09 2.57202e-09 4.82549e-09 8.87584e-09 1.60071e-08 2.8307e-08 4.90915e-08 8.35046e-08 1.39339e-07 2.28123e-07 3.66501e-07 5.77929e-07 8.94641e-07 1.35982e-06 2.0298e-06 2.97607e-06 4.28672e-06 6.06693e-06 8.43795e-06 1.15343e-05 1.54982e-05 2.04721e-05 2.65877e-05 3.39538e-05 4.26417e-05 5.2672e-05 6.40011e-05 7.65133e-05 9.0016e-05 0.000104242 0.000118859 0.000133485 0.000147705 0.000161098 0.000173258 0.000183811 0.000192436 0.000198871 0.000202926 0.00020448 0.00020349 0.000199983 0.000194065 0.000185912 0.000175771 0.000163955 0.000150827 0.00013679 0.000122263 0.000107661 9.33717e-05 7.97362e-05 6.70321e-05 5.5465e-05 4.51647e-05 3.61883e-05 2.85287e-05 2.2126e-05 1.68808e-05 1.26683e-05 9.35064e-06 6.78774e-06 4.84536e-06 3.40093e-06 2.34687e-06 1.59201e-06 1.06147e-06 6.95528e-07 4.47822e-07 2.8328e-07 1.76031e-07 1.07439e-07 6.44004e-08 3.79066e-08 2.19079e-08 1.24312e-08 6.92503e-09 3.78714e-09 2.03316e-09 1.07152e-09 5.54378e-10 2.81579e-10 1.40413e-10 6.87483e-11 3.30536e-11 1.56113e-11 7.25471e-12 3.3447e-12 1.59838e-12 
1.97838e-12 2.08292e-12 3.72915e-12 8.03502e-12 1.77663e-11 3.88541e-11 8.34455e-11 1.75748e-10 3.62878e-10 7.34473e-10 1.45719e-09 2.83383e-09 5.40201e-09 1.00942e-08 1.84906e-08 3.32065e-08 5.84701e-08 1.00957e-07 1.70959e-07 2.83971e-07 4.62763e-07 7.39996e-07 1.16138e-06 1.78928e-06 2.70669e-06 4.02106e-06 5.86774e-06 8.41229e-06 1.18508e-05 1.64076e-05 2.23292e-05 2.98742e-05 3.92981e-05 5.08343e-05 6.46706e-05 8.09245e-05 9.96181e-05 0.000120657 0.000143814 0.000168726 0.000194896 0.000221713 0.000248477 0.000274441 0.000298844 0.000320957 0.000340114 0.000355741 0.000367379 0.000374688 0.00037746 0.000375616 0.000369209 0.000358423 0.000343575 0.000325104 0.000303566 0.000279613 0.000253968 0.000227384 0.000200613 0.000174361 0.00014925 0.000125794 0.000104376 8.52463e-05 6.85207e-05 5.4199e-05 4.21831e-05 3.23015e-05 2.43332e-05 1.80313e-05 1.31419e-05 9.41981e-06 6.6393e-06 4.60086e-06 3.13422e-06 2.09859e-06 1.3809e-06 8.92824e-07 5.67114e-07 3.53842e-07 2.16831e-07 1.30481e-07 7.7097e-08 4.47248e-08 2.54709e-08 1.42396e-08 7.81434e-09 4.20936e-09 2.22571e-09 1.1552e-09 5.88575e-10 2.9439e-10 1.44563e-10 6.97048e-11 3.30148e-11 1.53857e-11 7.11541e-12 3.4152e-12 
4.18474e-12 4.43977e-12 7.95569e-12 1.70971e-11 3.76791e-11 8.21198e-11 1.75748e-10 3.68824e-10 7.58756e-10 1.53e-09 3.02393e-09 5.85775e-09 1.11217e-08 2.06972e-08 3.77545e-08 6.75117e-08 1.18355e-07 2.03444e-07 3.42941e-07 5.67001e-07 9.19642e-07 1.46356e-06 2.28589e-06 3.50467e-06 5.27574e-06 7.79941e-06 1.1326e-05 1.61594e-05 2.26563e-05 3.12215e-05 4.22957e-05 5.63363e-05 7.37898e-05 9.50574e-05 0.000120453 0.000150162 0.000184194 0.000222352 0.000264206 0.000309082 0.000356081 0.000404106 0.000451914 0.00049818 0.000541572 0.000580813 0.000614745 0.000642377 0.000662913 0.000675771 0.000680595 0.00067725 0.000665831 0.000646657 0.000620275 0.000587447 0.000549141 0.000506492 0.000460761 0.000413276 0.000365362 0.000318269 0.00027311 0.000230812 0.000192074 0.000157362 0.000126908 0.000100735 7.86905e-05 6.04879e-05 4.57475e-05 3.40382e-05 2.49122e-05 1.79325e-05 1.26938e-05 8.83475e-06 6.04472e-06 4.06501e-06 2.68643e-06 1.74437e-06 1.11271e-06 6.97154e-07 4.28958e-07 2.59167e-07 1.53734e-07 8.95243e-08 5.11747e-08 2.87134e-08 1.5813e-08 8.54733e-09 4.53459e-09 2.36126e-09 1.20689e-09 6.05526e-10 2.98248e-10 1.44234e-10 6.85128e-11 3.20216e-11 1.48561e-11 7.16241e-12 
8.68547e-12 9.28323e-12 1.66453e-11 3.56739e-11 7.83533e-11 1.70168e-10 3.62878e-10 7.58756e-10 1.55511e-09 3.12389e-09 6.15008e-09 1.18661e-08 2.24378e-08 4.15822e-08 7.55287e-08 1.3447e-07 2.34691e-07 4.01584e-07 6.73803e-07 1.10877e-06 1.78972e-06 2.83438e-06 4.40511e-06 6.72023e-06 1.00657e-05 1.48063e-05 2.13939e-05 3.03724e-05 4.23752e-05 5.81139e-05 7.83557e-05 0.000103888 0.000135469 0.000173767 0.000219289 0.000272309 0.000332794 0.000400346 0.000474168 0.000553052 0.000635402 0.000719302 0.000802597 0.000883008 0.000958252 0.00102616 0.00108477 0.00113241 0.00116774 0.0011898 0.00119799 0.00119208 0.00117224 0.00113902 0.00109332 0.00103643 0.000969996 0.000895937 0.000816404 0.000733666 0.00065 0.000567571 0.000488317 0.000413865 0.000345464 0.000283961 0.000229804 0.000183081 0.000143566 0.000110798 8.41444e-05 6.28735e-05 4.62164e-05 3.34149e-05 2.37589e-05 1.66102e-05 1.14158e-05 7.71145e-06 5.11893e-06 3.33852e-06 2.13884e-06 1.34579e-06 8.31535e-07 5.04456e-07 3.00435e-07 1.75637e-07 1.00782e-07 5.67573e-08 3.13702e-08 1.70162e-08 9.0585e-09 4.73273e-09 2.42687e-09 1.22149e-09 6.03505e-10 2.92742e-10 1.3947e-10 6.5381e-11 3.04323e-11 1.4739e-11 
1.76868e-11 1.90394e-11 3.41517e-11 7.29846e-11 1.59746e-10 3.4569e-10 7.34473e-10 1.53e-09 3.12389e-09 6.25083e-09 1.22573e-08 2.35537e-08 4.43533e-08 8.18478e-08 1.48021e-07 2.62367e-07 4.55834e-07 7.76376e-07 1.2965e-06 2.12317e-06 3.41034e-06 5.3741e-06 8.31022e-06 1.26132e-05 1.87958e-05 2.7506e-05 3.95404e-05 5.58486e-05 7.75264e-05 0.000105792 0.000141947 0.000187307 0.000243123 0.000310472 0.000390143 0.000482511 0.000587426 0.000704121 0.000831157 0.000966414 0.00110715 0.00125008 0.00139159 0.00152784 0.00165504 0.0017696 0.00186827 0.00194833 0.00200759 0.00204447 0.00205802 0.00204787 0.0020143 0.00195819 0.00188104 0.00178497 0.00167266 0.00154729 0.00141242 0.00127185 0.00112937 0.00098863 0.000852932 0.000725057 0.000607179 0.000500804 0.000406774 0.000325315 0.000256128 0.000198494 0.000151393 0.000113623 8.38971e-05 6.09359e-05 4.35272e-05 3.05717e-05 2.11086e-05 1.43248e-05 9.55246e-06 6.25819e-06 4.0272e-06 2.54506e-06 1.57927e-06 9.62094e-07 5.75333e-07 3.37688e-07 1.94523e-07 1.09965e-07 6.10033e-08 3.32093e-08 1.77409e-08 9.30067e-09 4.78516e-09 2.41631e-09 1.19763e-09 5.82743e-10 2.78486e-10 1.3095e-10 6.11576e-11 2.97584e-11 
3.53367e-11 3.8301e-11 6.87116e-11 1.46404e-10 3.19301e-10 6.88426e-10 1.45719e-09 3.02393e-09 6.15008e-09 1.22573e-08 2.39381e-08 4.58091e-08 8.58972e-08 1.57827e-07 2.84168e-07 5.01412e-07 8.67128e-07 1.46993e-06 2.44288e-06 3.9809e-06 6.36239e-06 9.97517e-06 1.53458e-05 2.31708e-05 3.43475e-05 5.00004e-05 7.14987e-05 0.000100459 0.000138729 0.00018834 0.000251435 0.000330155 0.000426498 0.000542141 0.000678257 0.00083531 0.00101289 0.00120956 0.00142279 0.00164897 0.00188348 0.0021209 0.00235524 0.00258028 0.00278985 0.00297817 0.00314005 0.00327115 0.00336799 0.00342809 0.00344993 0.00343297 0.00337764 0.00328533 0.00315845 0.00300035 0.00281533 0.00260849 0.00238559 0.00215274 0.00191616 0.00168183 0.00145521 0.00124094 0.00104272 0.000863152 0.000703772 0.000565102 0.000446786 0.000347756 0.000266426 0.000200875 0.000149016 0.000108746 7.80487e-05 5.50804e-05 3.82125e-05 2.60549e-05 1.74563e-05 1.14893e-05 7.42717e-06 4.71473e-06 2.93844e-06 1.79777e-06 1.07956e-06 6.36231e-07 3.67954e-07 2.08814e-07 1.16278e-07 6.35332e-08 3.40624e-08 1.79198e-08 9.25124e-09 4.68711e-09 2.33073e-09 1.13772e-09 5.45412e-10 2.57278e-10 1.20572e-10 5.89491e-11 
6.9267e-11 7.55733e-11 1.35563e-10 2.87947e-10 6.25704e-10 1.34396e-09 2.83383e-09 5.85775e-09 1.18661e-08 2.35537e-08 4.58091e-08 8.72923e-08 1.62977e-07 2.98132e-07 5.34373e-07 9.38561e-07 1.61549e-06 2.7254e-06 4.50716e-06 7.30813e-06 1.16207e-05 1.81251e-05 2.77374e-05 4.16588e-05 6.14228e-05 8.89332e-05 0.000126486 0.000176763 0.000242798 0.000327887 0.000435462 0.0005689 0.000731289 0.000925149 0.00115213 0.00141272 0.00170596 0.00202927 0.00237832 0.0027471 0.00312807 0.00351246 0.00389069 0.00425288 0.00458931 0.00489093 0.00514968 0.0053588 0.00551297 0.00560838 0.0056427 0.00561513 0.00552632 0.00537845 0.00517519 0.00492175 0.0046248 0.00429231 0.00393328 0.00355736 0.00317443 0.00279403 0.00242494 0.00207476 0.00174955 0.00145375 0.00119007 0.000959598 0.000762007 0.000595797 0.000458585 0.000347402 0.000258963 0.000189905 0.00013697 9.71381e-05 6.77213e-05 4.64003e-05 3.1237e-05 2.06571e-05 1.34159e-05 8.55536e-06 5.35598e-06 3.2912e-06 1.98482e-06 1.17462e-06 6.82085e-07 3.88619e-07 2.17239e-07 1.19145e-07 6.41132e-08 3.38504e-08 1.75369e-08 8.91549e-09 4.44824e-09 2.17849e-09 1.04773e-09 4.95837e-10 2.33201e-10 1.14571e-10 
1.33216e-10 1.46263e-10 2.62275e-10 5.55288e-10 1.20209e-09 2.57202e-09 5.40201e-09 1.11217e-08 2.24378e-08 4.43533e-08 8.58972e-08 1.62977e-07 3.02942e-07 5.51681e-07 9.84296e-07 1.72069e-06 2.94756e-06 4.94834e-06 8.14256e-06 1.31356e-05 2.07787e-05 3.22383e-05 4.90713e-05 7.33009e-05 0.000107486 0.00015477 0.000218907 0.000304234 0.000415597 0.000558199 0.000737375 0.000958289 0.00122555 0.0015428 0.00191221 0.0023341 0.00280647 0.00332483 0.00388197 0.00446818 0.00507142 0.00567791 0.00627275 0.00684068 0.00736681 0.00783737 0.00824017 0.00856507 0.00880412 0.00895163 0.00900419 0.0089606 0.00882185 0.00859119 0.00827412 0.00787847 0.00741428 0.00689361 0.00633019 0.00573882 0.00513471 0.00453273 0.00394663 0.00338846 0.00286802 0.00239258 0.00196682 0.00159288 0.00127066 0.000998184 0.00077202 0.000587733 0.000440307 0.000324522 0.00023525 0.000167684 0.000117493 8.09045e-05 5.47344e-05 3.63719e-05 2.37349e-05 1.52066e-05 9.56351e-06 5.90298e-06 3.57547e-06 2.12498e-06 1.23908e-06 7.08835e-07 3.9781e-07 2.19023e-07 1.18303e-07 6.26916e-08 3.25956e-08 1.66295e-08 8.32563e-09 4.09119e-09 1.97419e-09 9.37412e-10 4.42499e-10 2.18482e-10 
2.51384e-10 2.77666e-10 4.9761e-10 1.04999e-09 2.26426e-09 4.82549e-09 1.00942e-08 2.06972e-08 4.15822e-08 8.18478e-08 1.57827e-07 2.98132e-07 5.51681e-07 1.00005e-06 1.77591e-06 3.08972e-06 5.2669e-06 8.79801e-06 1.44037e-05 2.31157e-05 3.63728e-05 5.61298e-05 8.49717e-05 0.000126226 0.000184059 0.000263538 0.000370642 0.000512202 0.000695752 0.000929269 0.0012208 0.00157799 0.00200747 0.00251425 0.00310097 0.00376735 0.00450958 0.00532001 0.00618704 0.00709532 0.00802621 0.00895863 0.00987001 0.0107375 0.0115388 0.0122538 0.0128644 0.0133559 0.0137168 0.0139389 0.0140173 0.0139503 0.0137393 0.0133891 0.0129076 0.0123062 0.0115996 0.0108055 0.00994424 0.00903786 0.00810917 0.00718064 0.00627331 0.00540576 0.00459338 0.00384784 0.00317695 0.0025847 0.00207164 0.00163537 0.00127118 0.000972688 0.000732472 0.000542672 0.000395444 0.000283338 0.000199557 0.000138117 9.3913e-05 6.27171e-05 4.11266e-05 2.64752e-05 1.67283e-05 1.03726e-05 6.31081e-06 3.767e-06 2.2059e-06 1.26716e-06 7.14032e-07 3.94683e-07 2.14008e-07 1.13837e-07 5.9407e-08 3.04177e-08 1.52827e-08 7.53595e-09 3.64889e-09 1.73859e-09 8.23783e-10 4.0881e-10 
4.65467e-10 5.17079e-10 9.25898e-10 1.94686e-09 4.18173e-09 8.87584e-09 1.84906e-08 3.77545e-08 7.55287e-08 1.48021e-07 2.84168e-07 5.34373e-07 9.84296e-07 1.77591e-06 3.13866e-06 5.43403e-06 9.21711e-06 1.53185e-05 2.4949e-05 3.98281e-05 6.23332e-05 9.56652e-05 0.000144018 0.000212734 0.000308435 0.000439081 0.000613958 0.000843539 0.00113921 0.00151285 0.00197623 0.00254025 0.0032141 0.00400427 0.00491363 0.00594049 0.00707796 0.00831348 0.00962883 0.0110004 0.0124002 0.0137968 0.0151569 0.0164473 0.0176359 0.0186935 0.0195947 0.0203186 0.0208491 0.0211746 0.0212885 0.0211884 0.0208763 0.0203588 0.0196471 0.0187572 0.0177099 0.0165306 0.0152484 0.0138952 0.0125042 0.0111084 0.00973923 0.0084245 0.00718775 0.00604725 0.00501566 0.00410007 0.00330242 0.00262021 0.00204728 0.00157482 0.00119223 0.000888039 0.000650588 0.000468643 0.000331822 0.000230865 0.000157789 0.000105911 6.97974e-05 4.51516e-05 2.86654e-05 1.78574e-05 1.09142e-05 6.54389e-06 3.84868e-06 2.22023e-06 1.25628e-06 6.97229e-07 3.79558e-07 2.02681e-07 1.06173e-07 5.45647e-08 2.75146e-08 1.3616e-08 6.61602e-09 3.16352e-09 1.50474e-09 7.50617e-10 
8.45752e-10 9.44637e-10 1.6897e-09 3.54002e-09 7.57289e-09 1.60071e-08 3.32065e-08 6.75117e-08 1.3447e-07 2.62367e-07 5.01412e-07 9.38561e-07 1.72069e-06 3.08972e-06 5.43403e-06 9.36134e-06 1.57981e-05 2.61202e-05 4.23175e-05 6.7192e-05 0.000104584 0.000159616 0.000238931 0.000350908 0.000505812 0.000715839 0.000995034 0.00135902 0.00182453 0.00240871 0.0031282 0.00399801 0.00503027 0.00623289 0.00760821 0.00915187 0.010852 0.0126885 0.0146336 0.0166522 0.018703 0.0207406 0.0227176 0.0245867 0.0263031 0.0278262 0.029121 0.0301587 0.0309176 0.0313822 0.0315433 0.0313979 0.0309487 0.0302047 0.029181 0.0278994 0.0263885 0.0246834 0.0228245 0.0208566 0.0188269 0.0167825 0.0147686 0.0128261 0.01099 0.00928802 0.00774018 0.00635855 0.00514776 0.00410582 0.00322529 0.00249449 0.00189886 0.00142219 0.00104766 0.000758807 0.000540193 0.000377858 0.00025962 0.000175167 0.000116027 7.54323e-05 4.81235e-05 3.01222e-05 1.84963e-05 1.11404e-05 6.58125e-06 3.81313e-06 2.16677e-06 1.20755e-06 6.60042e-07 3.53861e-07 1.86089e-07 9.60006e-08 4.85898e-08 2.41334e-08 1.17688e-08 5.64786e-09 2.6971e-09 1.35251e-09 
1.50812e-09 1.69311e-09 3.02462e-09 6.31299e-09 1.34489e-08 2.8307e-08 5.84701e-08 1.18355e-07 2.34691e-07 4.55834e-07 8.67128e-07 1.61549e-06 2.94756e-06 5.2669e-06 9.21711e-06 1.57981e-05 2.65231e-05 4.36218e-05 7.02928e-05 0.000111001 0.00017181 0.00026073 0.000388043 0.000566572 0.000811843 0.00114207 0.00157794 0.00214213 0.00285849 0.00375102 0.00484241 0.00615252 0.00769654 0.00948318 0.011513 0.0137768 0.016255 0.0189167 0.0217205 0.0246153 0.0275425 0.0304382 0.0332366 0.0358728 0.0382857 0.0404207 0.0422311 0.0436789 0.0447354 0.0453806 0.0456026 0.0453974 0.0447687 0.043728 0.0422953 0.0404992 0.0383777 0.0359777 0.0333537 0.0305669 0.0276818 0.0247641 0.0218772 0.0190792 0.0164208 0.0139432 0.0116769 0.00964186 0.00784726 0.00629298 0.00497079 0.00386608 0.0029596 0.00222921 0.00165144 0.00120284 0.000861066 0.000605612 0.000418355 0.000283765 0.000188939 0.00012346 7.9157e-05 4.97889e-05 3.07183e-05 1.85881e-05 1.10311e-05 6.41982e-06 3.6639e-06 2.05062e-06 1.12553e-06 6.05884e-07 3.19897e-07 1.65676e-07 8.41768e-08 4.19659e-08 2.05408e-08 9.89432e-09 4.74418e-09 2.39184e-09 
2.6394e-09 2.97752e-09 5.31117e-09 1.10426e-08 2.34249e-08 4.90915e-08 1.00957e-07 2.03444e-07 4.01584e-07 7.76376e-07 1.46993e-06 2.7254e-06 4.94834e-06 8.79801e-06 1.53185e-05 2.61202e-05 4.36218e-05 7.13589e-05 0.00011436 0.000179584 0.000276389 0.000417015 0.000617003 0.000895512 0.00127545 0.00178332 0.0024488 0.00330384 0.00438147 0.00571412 0.00733166 0.00925911 0.0115143 0.0141054 0.0170289 0.0202679 0.023791 0.0275522 0.0314916 0.035537 0.0396073 0.0436154 0.0474725 0.0510922 0.0543941 0.0573068 0.0597702 0.0617358 0.0631671 0.0640389 0.0643367 0.0640554 0.0631996 0.0617838 0.0598331 0.057384 0.054485 0.0511968 0.0475909 0.0437476 0.0397532 0.0356961 0.0316627 0.0277336 0.0239801 0.0204617 0.0172238 0.0142977 0.0117003 0.00943556 0.00749567 0.0058635 0.00451476 0.00342035 0.00254854 0.00186693 0.00134406 0.000950617 0.000660308 0.000450307 0.000301421 0.000197986 0.000127586 8.06507e-05 5.00018e-05 3.04013e-05 1.81257e-05 1.05969e-05 6.07483e-06 3.41482e-06 1.88233e-06 1.01752e-06 5.39433e-07 2.80496e-07 1.43075e-07 7.16039e-08 3.51806e-08 1.70109e-08 8.1904e-09 4.15181e-09 
4.53421e-09 5.13837e-09 9.14997e-09 1.89485e-08 4.00219e-08 8.35046e-08 1.70959e-07 3.42941e-07 6.73803e-07 1.2965e-06 2.44288e-06 4.50716e-06 8.14256e-06 1.44037e-05 2.4949e-05 4.23175e-05 7.02928e-05 0.00011436 0.000182255 0.000284579 0.000435457 0.000653161 0.000960637 0.00138582 0.00196168 0.0027258 0.00371956 0.00498675 0.00657162 0.00851653 0.0108591 0.0136293 0.0168461 0.0205148 0.0246244 0.0291459 0.0340313 0.0392136 0.0446087 0.0501178 0.0556317 0.0610349 0.0662115 0.0710499 0.0754477 0.0793149 0.0825765 0.0851727 0.0870593 0.0882058 0.0885947 0.08822 0.0870874 0.0852141 0.0826306 0.0793815 0.0755268 0.0711422 0.066318 0.061157 0.0557704 0.0502738 0.0447817 0.0394027 0.0342342 0.0293596 0.0248448 0.0207374 0.0170663 0.0138425 0.0110612 0.00870393 0.00674176 0.00513792 0.003851 0.00283763 0.00205476 0.0014616 0.00102096 0.000700109 0.000471172 0.000311131 0.000201543 0.00012805 7.97841e-05 4.87457e-05 2.92017e-05 1.7152e-05 9.87764e-06 5.57733e-06 3.08782e-06 1.67632e-06 8.92424e-07 4.65952e-07 2.38627e-07 1.19895e-07 5.91359e-08 2.87056e-08 1.38798e-08 7.07468e-09 
7.64665e-09 8.70252e-09 1.54673e-08 3.19007e-08 6.70824e-08 1.39339e-07 2.83971e-07 5.67001e-07 1.10877e-06 2.12317e-06 3.9809e-06 7.30813e-06 1.31356e-05 2.31157e-05 3.98281e-05 6.7192e-05 0.000111001 0.000179584 0.000284579 0.000441789 0.000672051 0.00100203 0.0014648 0.00210013 0.00295427 0.00407914 0.00553088 0.00736768 0.0096469 0.0124218 0.0157375 0.0196275 0.0241093 0.0291815 0.0348206 0.0409798 0.0475879 0.0545508 0.0617536 0.069065 0.0763418 0.0834361 0.0902009 0.0964969 0.102198 0.107194 0.111396 0.114732 0.117152 0.118618 0.119113 0.118628 0.117171 0.11476 0.111432 0.107239 0.102252 0.0965619 0.0902791 0.0835304 0.076455 0.0691994 0.0619107 0.0547307 0.0477894 0.0412001 0.0350557 0.0294262 0.0243581 0.0198743 0.0159768 0.0126485 0.0098568 0.00755764 0.00569894 0.00422448 0.00307712 0.00220161 0.00154671 0.00106662 0.000721807 0.000479221 0.000312077 0.000199309 0.000124816 7.66395e-05 4.61361e-05 2.72282e-05 1.57537e-05 8.93594e-06 4.96945e-06 2.70965e-06 1.44873e-06 7.59586e-07 3.90604e-07 1.97043e-07 9.75724e-08 4.75519e-08 2.30917e-08 1.18358e-08 
1.26609e-08 1.44666e-08 2.56588e-08 5.27004e-08 1.10327e-07 2.28123e-07 4.62763e-07 9.19642e-07 1.78972e-06 3.41034e-06 6.36239e-06 1.16207e-05 2.07787e-05 3.63728e-05 6.23332e-05 0.000104584 0.00017181 0.000276389 0.000435457 0.000672051 0.00101623 0.001506 0.00218797 0.00311736 0.00435744 0.00597803 0.00805315 0.0106577 0.0138636 0.0177347 0.0223225 0.0276608 0.0337614 0.0406102 0.0481649 0.0563532 0.0650738 0.0741979 0.0835734 0.0930301 0.102387 0.111459 0.120068 0.128043 0.135236 0.141518 0.146784 0.150955 0.153973 0.155799 0.156411 0.155802 0.153979 0.150963 0.146794 0.141529 0.135251 0.128064 0.120099 0.111506 0.102453 0.0931206 0.083692 0.0743467 0.065253 0.056561 0.0483977 0.0408629 0.0340275 0.0279333 0.0225941 0.0179984 0.0141134 0.0108886 0.00826141 0.00616143 0.00451511 0.00324969 0.00229639 0.00159272 0.00108391 0.000723612 0.000473786 0.000304193 0.000191491 0.000118178 7.14967e-05 4.24014e-05 2.465e-05 1.40476e-05 7.8479e-06 4.29832e-06 2.30819e-06 1.21539e-06 6.27611e-07 3.17901e-07 1.58053e-07 7.73388e-08 3.77212e-08 1.94429e-08 
2.05841e-08 2.36072e-08 4.17778e-08 8.54448e-08 1.78068e-07 3.66501e-07 7.39996e-07 1.46356e-06 2.83438e-06 5.3741e-06 9.97517e-06 1.81251e-05 3.22383e-05 5.61298e-05 9.56652e-05 0.000159616 0.00026073 0.000417015 0.000653161 0.00100203 0.001506 0.00221808 0.00320233 0.00453364 0.00629636 0.00858189 0.011485 0.015099 0.0195103 0.0247924 0.0309995 0.0381608 0.0462756 0.0553097 0.0651932 0.0758203 0.0870507 0.0987136 0.110613 0.122536 0.13426 0.145562 0.156229 0.166065 0.174898 0.182583 0.189006 0.194079 0.197741 0.199952 0.20069 0.199947 0.197729 0.194061 0.18898 0.182551 0.174861 0.166027 0.156196 0.14554 0.134257 0.122559 0.110668 0.0988053 0.087182 0.0759911 0.0654012 0.0555501 0.0465418 0.0384449 0.0312928 0.0250862 0.0197963 0.0153698 0.0117348 0.00880641 0.00649305 0.00470162 0.00334222 0.00233166 0.00159592 0.00107144 0.000705407 0.00045536 0.000288174 0.000178771 0.000108706 6.479e-05 3.78493e-05 2.16726e-05 1.21643e-05 6.69283e-06 3.61007e-06 1.90919e-06 9.90072e-07 5.03583e-07 2.51393e-07 1.23517e-07 6.05114e-08 3.1366e-08 
3.28642e-08 3.78209e-08 6.67735e-08 1.35983e-07 2.821e-07 5.77929e-07 1.16138e-06 2.28589e-06 4.40511e-06 8.31022e-06 1.53458e-05 2.77374e-05 4.90713e-05 8.49717e-05 0.000144018 0.000238931 0.000388043 0.000617003 0.000960637 0.0014648 0.00218797 0.00320233 0.00459397 0.00646196 0.0089159 0.0120721 0.0160483 0.0209568 0.0268971 0.0339486 0.0421627 0.0515565 0.062108 0.073753 0.086384 0.0998517 0.113969 0.128515 0.143246 0.157902 0.172219 0.185936 0.19881 0.210621 0.221179 0.230329 0.23795 0.243953 0.248276 0.250881 0.251747 0.250866 0.248245 0.243904 0.237884 0.230245 0.22108 0.210511 0.198696 0.185827 0.172125 0.157833 0.143212 0.128523 0.114024 0.0999576 0.0865399 0.0739556 0.0623514 0.0518324 0.0424616 0.0342601 0.0272107 0.0212626 0.0163378 0.0123385 0.00915422 0.00666946 0.00476986 0.00334749 0.00230464 0.00155614 0.0010303 0.000668762 0.000425517 0.000265373 0.000162204 9.71669e-05 5.70456e-05 3.28232e-05 1.85103e-05 1.02317e-05 5.54391e-06 2.94486e-06 1.53374e-06 7.83396e-07 3.92694e-07 1.93742e-07 9.53398e-08 4.96991e-08 
5.15334e-08 5.94954e-08 1.04779e-07 2.1246e-07 4.38737e-07 8.94641e-07 1.78928e-06 3.50467e-06 6.72023e-06 1.26132e-05 2.31708e-05 4.16588e-05 7.33009e-05 0.000126226 0.000212734 0.000350908 0.000566572 0.000895512 0.00138582 0.00210013 0.00311736 0.00453364 0.00646196 0.00903016 0.012377 0.0166465 0.0219801 0.0285078 0.0363389 0.0455523 0.0561884 0.0682421 0.0816587 0.0963321 0.112106 0.128778 0.146105 0.163812 0.181604 0.199174 0.216216 0.232439 0.247575 0.261385 0.273672 0.284276 0.293075 0.299986 0.304951 0.307937 0.308926 0.307911 0.304899 0.299906 0.292966 0.284137 0.273507 0.261198 0.247373 0.232233 0.216017 0.198995 0.181459 0.163712 0.146058 0.12879 0.11218 0.0964676 0.0818512 0.0684844 0.0564708 0.0458633 0.0366661 0.0288388 0.0223034 0.0169522 0.0126572 0.00927946 0.00667744 0.00471467 0.00326525 0.00221766 0.00147671 0.000963918 0.000616698 0.000386679 0.000237599 0.000143067 8.44171e-05 4.88121e-05 2.76597e-05 1.5361e-05 8.36132e-06 4.4613e-06 2.33365e-06 1.19703e-06 6.02538e-07 2.98511e-07 1.47558e-07 7.73542e-08 
7.93733e-08 9.19067e-08 1.61441e-07 3.25936e-07 6.69987e-07 1.35982e-06 2.70669e-06 5.27574e-06 1.00657e-05 1.87958e-05 3.43475e-05 6.14228e-05 0.000107486 0.000184059 0.000308435 0.000505812 0.000811843 0.00127545 0.00196168 0.00295427 0.00435744 0.00629636 0.0089159 0.012377 0.0168509 0.0225104 0.0295199 0.0380237 0.0481343 0.0599214 0.073403 0.0885389 0.105228 0.123311 0.142569 0.162737 0.183511 0.204557 0.225529 0.246076 0.265859 0.284561 0.301898 0.317628 0.33155 0.343511 0.353399 0.36114 0.366689 0.370019 0.371119 0.369985 0.366619 0.361033 0.353251 0.343322 0.331322 0.317365 0.301608 0.284254 0.265549 0.245778 0.225259 0.204329 0.183337 0.162629 0.142532 0.123349 0.10534 0.0887185 0.0736421 0.0602086 0.0484559 0.0383652 0.0298667 0.0228491 0.0171702 0.0126682 0.00917308 0.00651666 0.00454059 0.00310217 0.00207774 0.00136399 0.000877546 0.00055325 0.000341773 0.000206872 0.000122691 7.12973e-05 4.05981e-05 2.26534e-05 1.23878e-05 6.63947e-06 3.48825e-06 1.79692e-06 9.08276e-07 4.51863e-07 2.24367e-07 1.18282e-07 
1.20094e-07 1.39435e-07 2.44277e-07 4.9104e-07 1.00476e-06 2.0298e-06 4.02106e-06 7.79941e-06 1.48063e-05 2.7506e-05 5.00004e-05 8.89332e-05 0.00015477 0.000263538 0.000439081 0.000715839 0.00114207 0.00178332 0.0027258 0.00407914 0.00597803 0.00858189 0.0120721 0.0166465 0.0225104 0.0298652 0.0388949 0.0497519 0.0625422 0.0773144 0.0940499 0.112659 0.132979 0.154781 0.177778 0.201631 0.225971 0.250407 0.274543 0.297993 0.320394 0.341416 0.360772 0.378226 0.39359 0.406726 0.417542 0.425981 0.432014 0.435629 0.436821 0.435589 0.431932 0.425853 0.417365 0.406498 0.393311 0.377899 0.360405 0.341017 0.319979 0.297577 0.274144 0.250042 0.225657 0.201383 0.177606 0.154694 0.132979 0.112745 0.0942159 0.0775502 0.0628342 0.0500839 0.03925 0.0302265 0.0228625 0.0169768 0.0123711 0.00884348 0.0061997 0.00426123 0.00287092 0.00189562 0.0012265 0.000777542 0.000482936 0.000293866 0.000175186 0.000102316 5.8547e-05 3.2825e-05 1.80335e-05 9.70907e-06 5.12338e-06 2.65051e-06 1.34533e-06 6.7209e-07 3.35217e-07 1.77705e-07 
1.78512e-07 2.07778e-07 3.6302e-07 7.26593e-07 1.48001e-06 2.97607e-06 5.86774e-06 1.1326e-05 2.13939e-05 3.95404e-05 7.14987e-05 0.000126486 0.000218907 0.000370642 0.000613958 0.000995034 0.00157794 0.0024488 0.00371956 0.00553088 0.00805315 0.011485 0.0160483 0.0219801 0.0295199 0.0388949 0.0503028 0.0638941 0.0797563 0.0979016 0.118259 0.140671 0.1649 0.190636 0.217509 0.245106 0.272991 0.300718 0.327853 0.353985 0.378739 0.401789 0.422859 0.441734 0.458251 0.472302 0.48382 0.492776 0.499161 0.50298 0.504238 0.502937 0.499073 0.492638 0.483628 0.472052 0.457941 0.441364 0.422435 0.401319 0.378237 0.353466 0.327335 0.300221 0.272534 0.244708 0.217185 0.190401 0.164762 0.140634 0.118321 0.0980563 0.0799913 0.064193 0.0506468 0.039264 0.0298947 0.0223435 0.0163865 0.0117881 0.00831536 0.00575027 0.00389731 0.00258842 0.00168435 0.00107378 0.000670583 0.000410227 0.000245826 0.000144301 8.29782e-05 4.67456e-05 2.58008e-05 1.39537e-05 7.39549e-06 3.84224e-06 1.95834e-06 9.82392e-07 4.9217e-07 2.62345e-07 
2.60704e-07 3.04138e-07 5.29916e-07 1.05612e-06 2.14159e-06 4.28672e-06 8.41229e-06 1.61594e-05 3.03724e-05 5.58486e-05 0.000100459 0.000176763 0.000304234 0.000512202 0.000843539 0.00135902 0.00214213 0.00330384 0.00498675 0.00736768 0.0106577 0.015099 0.0209568 0.0285078 0.0380237 0.0497519 0.0638941 0.0805867 0.0998831 0.121742 0.146021 0.17248 0.20079 0.230549 0.2613 0.292553 0.323808 0.354576 0.384394 0.412841 0.439551 0.464215 0.486588 0.506488 0.523794 0.538435 0.550381 0.559634 0.566213 0.570141 0.571434 0.5701 0.566128 0.5595 0.550192 0.538184 0.523477 0.506104 0.486137 0.463704 0.43899 0.412245 0.383779 0.353962 0.323217 0.292006 0.260819 0.230153 0.200494 0.172295 0.145951 0.121786 0.100032 0.0808261 0.0642042 0.0501103 0.0384075 0.0288952 0.021329 0.0154416 0.0109609 0.00762643 0.0052001 0.00347406 0.00227372 0.00145768 0.000915335 0.000562954 0.000339106 0.000200066 0.000115612 6.54411e-05 3.62872e-05 1.97131e-05 1.04935e-05 5.47482e-06 2.80193e-06 1.41135e-06 7.10194e-07 3.80608e-07 
3.74102e-07 4.37337e-07 7.59896e-07 1.5081e-06 3.04465e-06 6.06693e-06 1.18508e-05 2.26563e-05 4.23752e-05 7.75264e-05 0.000138729 0.000242798 0.000415597 0.000695752 0.00113921 0.00182453 0.00285849 0.00438147 0.00657162 0.0096469 0.0138636 0.0195103 0.0268971 0.0363389 0.0481343 0.0625422 0.0797563 0.0998831 0.122924 0.148765 0.177175 0.207814 0.240252 0.273984 0.308465 0.343133 0.377433 0.410843 0.442891 0.473164 0.501321 0.527091 0.550275 0.570743 0.588421 0.603289 0.61536 0.624672 0.631273 0.635207 0.636503 0.635172 0.6312 0.624556 0.615191 0.603061 0.588126 0.570375 0.549833 0.526576 0.50074 0.472527 0.442213 0.410142 0.37673 0.342453 0.307833 0.273424 0.239787 0.207464 0.176951 0.148672 0.12296 0.100036 0.0800076 0.0628688 0.0485101 0.0367378 0.0272953 0.0198881 0.0142064 0.00994575 0.00682266 0.00458509 0.00301825 0.00194593 0.00122865 0.000759695 0.000459997 0.00027276 0.000158392 9.00822e-05 5.01804e-05 2.7382e-05 1.46385e-05 7.66925e-06 3.94095e-06 1.99312e-06 1.00729e-06 5.42688e-07 
5.27497e-07 6.17829e-07 1.07056e-06 2.1159e-06 4.25328e-06 8.43795e-06 1.64076e-05 3.12215e-05 5.81139e-05 0.000105792 0.00018834 0.000327887 0.000558199 0.000929269 0.00151285 0.00240871 0.00375102 0.00571412 0.00851653 0.0124218 0.0177347 0.0247924 0.0339486 0.0455523 0.0599214 0.0773144 0.0979016 0.121742 0.148765 0.178765 0.211405 0.246234 0.282706 0.320217 0.358135 0.395832 0.432714 0.468245 0.50196 0.533476 0.562496 0.588805 0.612266 0.632811 0.650428 0.665149 0.677037 0.686168 0.69262 0.696458 0.697725 0.696434 0.692568 0.686082 0.676907 0.664966 0.650181 0.632491 0.611868 0.588325 0.561936 0.532841 0.50126 0.467496 0.431935 0.395046 0.357371 0.319505 0.282075 0.245711 0.211012 0.178515 0.148662 0.121782 0.0980689 0.0775861 0.0602698 0.0459475 0.0343618 0.0251984 0.0181136 0.0127599 0.00880623 0.00595322 0.00394152 0.00255549 0.00162236 0.00100847 0.000613789 0.000365775 0.000213436 0.000121957 6.82443e-05 3.74022e-05 2.00801e-05 1.05632e-05 5.4497e-06 2.7671e-06 1.40438e-06 7.60537e-07 
7.309e-07 8.57536e-07 1.48188e-06 2.91708e-06 5.83911e-06 1.15343e-05 2.23292e-05 4.22957e-05 7.83557e-05 0.000141947 0.000251435 0.000435462 0.000737375 0.0012208 0.00197623 0.0031282 0.00484241 0.00733166 0.0108591 0.0157375 0.0223225 0.0309995 0.0421627 0.0561884 0.073403 0.0940499 0.118259 0.146021 0.177175 0.211405 0.248255 0.287149 0.327427 0.368384 0.409311 0.449528 0.488422 0.525459 0.560206 0.592329 0.621595 0.64786 0.671061 0.691202 0.708338 0.722559 0.733975 0.742703 0.748848 0.752498 0.753705 0.752487 0.748823 0.742656 0.733896 0.722437 0.708161 0.690958 0.67074 0.647453 0.621098 0.591742 0.559531 0.524707 0.487608 0.448675 0.408446 0.367542 0.326642 0.286457 0.247687 0.210985 0.176916 0.145926 0.118318 0.094244 0.0737034 0.0565627 0.0425778 0.0314245 0.022732 0.0161123 0.0111871 0.00760738 0.00506565 0.00330267 0.0021081 0.00131731 0.000805846 0.000482599 0.000282949 0.000162422 9.12925e-05 5.02491e-05 2.7089e-05 1.43074e-05 7.41006e-06 3.77705e-06 1.9249e-06 1.04764e-06 
9.9523e-07 1.16948e-06 2.01553e-06 3.9521e-06 7.87867e-06 1.54982e-05 2.98742e-05 5.63363e-05 0.000103888 0.000187307 0.000330155 0.0005689 0.000958289 0.00157799 0.00254025 0.00399801 0.00615252 0.00925911 0.0136293 0.0196275 0.0276608 0.0381608 0.0515565 0.0682421 0.0885389 0.112659 0.140671 0.17248 0.207814 0.246234 0.287149 0.329858 0.373585 0.417534 0.460934 0.503072 0.543333 0.581213 0.616329 0.648416 0.677321 0.702984 0.725424 0.744723 0.761004 0.774414 0.785112 0.793248 0.798956 0.802339 0.803461 0.802343 0.798961 0.793246 0.785092 0.774366 0.760913 0.744575 0.725205 0.702681 0.676924 0.647917 0.615724 0.580505 0.542531 0.502195 0.460008 0.416594 0.37267 0.329011 0.286412 0.245639 0.207388 0.172234 0.140603 0.112754 0.0887708 0.0685774 0.0519585 0.0385937 0.0280932 0.0200346 0.0139938 0.00957153 0.00640974 0.00420203 0.0026965 0.00169372 0.0010413 0.000626624 0.000369108 0.000212836 0.000120149 6.64089e-05 3.59451e-05 1.90587e-05 9.90821e-06 5.06939e-06 2.59388e-06 1.41858e-06 
1.33179e-06 1.56715e-06 2.69383e-06 5.26225e-06 1.04492e-05 2.04721e-05 3.92981e-05 7.37898e-05 0.000135469 0.000243123 0.000426498 0.000731289 0.00122555 0.00200747 0.0032141 0.00503027 0.00769654 0.0115143 0.0168461 0.0241093 0.0337614 0.0462756 0.062108 0.0816587 0.105228 0.132979 0.1649 0.20079 0.240252 0.282706 0.327427 0.373585 0.420299 0.466695 0.511956 0.555362 0.596318 0.634371 0.669209 0.700654 0.728642 0.753207 0.774455 0.792546 0.807667 0.820022 0.829809 0.837212 0.842384 0.845444 0.846462 0.845462 0.842418 0.837254 0.829851 0.82005 0.807669 0.792504 0.774354 0.753029 0.728371 0.700275 0.668712 0.633749 0.595574 0.554507 0.511013 0.465697 0.419288 0.372609 0.326536 0.281944 0.239655 0.200383 0.164689 0.132957 0.105373 0.0819366 0.0624811 0.0467036 0.0342075 0.0245427 0.0172439 0.0118623 0.00798811 0.00526509 0.00339638 0.00214413 0.00132466 0.000800904 0.000473913 0.000274466 0.000155593 8.63491e-05 4.69208e-05 2.49719e-05 1.30298e-05 6.69067e-06 3.43672e-06 1.88827e-06 
1.75151e-06 2.06362e-06 3.53824e-06 6.88676e-06 1.36234e-05 2.65877e-05 5.08343e-05 9.50574e-05 0.000173767 0.000310472 0.000542141 0.000925149 0.0015428 0.00251425 0.00400427 0.00623289 0.00948318 0.0141054 0.0205148 0.0291815 0.0406102 0.0553097 0.073753 0.0963321 0.123311 0.154781 0.190636 0.230549 0.273984 0.320217 0.368384 0.417534 0.466695 0.514933 0.561409 0.605417 0.646409 0.684001 0.71797 0.748237 0.774837 0.7979 0.817619 0.834225 0.847968 0.859098 0.867848 0.874426 0.879002 0.881703 0.882605 0.881734 0.879063 0.87451 0.867947 0.8592 0.84806 0.834291 0.817641 0.797858 0.774709 0.748002 0.71761 0.683501 0.645763 0.604629 0.560495 0.513922 0.465628 0.416463 0.367363 0.319302 0.273223 0.229977 0.190272 0.154627 0.12335 0.0965355 0.0740811 0.0557194 0.0410595 0.0296338 0.0209414 0.0144867 0.00980856 0.00649907 0.00421376 0.00267323 0.00165938 0.00100787 0.000599003 0.000348381 0.000198299 0.00011048 6.02592e-05 3.2187e-05 1.68534e-05 8.68424e-06 4.47732e-06 2.47098e-06 
2.26402e-06 2.67042e-06 4.56743e-06 8.85922e-06 1.74622e-05 3.39538e-05 6.46706e-05 0.000120453 0.000219289 0.000390143 0.000678257 0.00115213 0.00191221 0.00310097 0.00491363 0.00760821 0.011513 0.0170289 0.0246244 0.0348206 0.0481649 0.0651932 0.086384 0.112106 0.142569 0.177778 0.217509 0.2613 0.308465 0.358135 0.409311 0.460934 0.511956 0.561409 0.608456 0.652428 0.692845 0.729414 0.762012 0.790666 0.815514 0.836779 0.854735 0.869681 0.881917 0.891731 0.899383 0.905096 0.909052 0.91138 0.912162 0.911422 0.909134 0.905214 0.899529 0.891897 0.88209 0.869846 0.854874 0.836869 0.815531 0.790584 0.761806 0.729061 0.69233 0.651745 0.607612 0.560428 0.510874 0.459803 0.408191 0.35709 0.307553 0.260568 0.216989 0.177482 0.14249 0.11222 0.086652 0.0655708 0.0486061 0.0352834 0.0250741 0.0174403 0.0118707 0.00790559 0.00515096 0.00328333 0.00204742 0.00124903 0.000745472 0.00043533 0.000248759 0.000139113 7.61497e-05 4.08157e-05 2.14432e-05 1.10861e-05 5.73595e-06 3.17901e-06 
2.87651e-06 3.39618e-06 5.7951e-06 1.12035e-05 2.20074e-05 4.26417e-05 8.09245e-05 0.000150162 0.000272309 0.000482511 0.00083531 0.00141272 0.0023341 0.00376735 0.00594049 0.00915187 0.0137768 0.0202679 0.0291459 0.0409798 0.0563532 0.0758203 0.0998517 0.128778 0.162737 0.201631 0.245106 0.292553 0.343133 0.395832 0.449528 0.503072 0.555362 0.605417 0.652428 0.695788 0.735102 0.770182 0.801015 0.827736 0.850583 0.869868 0.885936 0.899142 0.909828 0.918309 0.924861 0.929718 0.933061 0.935024 0.935686 0.935074 0.933159 0.92986 0.925044 0.918525 0.910067 0.899391 0.886177 0.87008 0.850739 0.827806 0.80097 0.76999 0.73474 0.695239 0.65169 0.604505 0.554306 0.501922 0.448345 0.394684 0.342089 0.291672 0.244433 0.20119 0.162531 0.128789 0.100046 0.0761527 0.056775 0.0414439 0.029612 0.020705 0.0141645 0.00947957 0.00620573 0.00397369 0.00248877 0.00152467 0.000913667 0.000535622 0.000307208 0.000172413 9.47014e-05 5.09266e-05 2.68405e-05 1.39204e-05 7.22673e-06 4.02129e-06 
