3.75628e-07 3.92643e-07 4.73718e-07 6.2938e-07 8.78658e-07 1.25073e-06 1.78702e-06 2.54388e-06 3.59604e-06 5.04067e-06 7.00202e-06 9.63671e-06 1.31393e-05 1.77484e-05 2.37522e-05 3.14939e-05 4.13768e-05 5.38669e-05 6.94945e-05 8.88534e-05 0.000112596 0.000141426 0.000176087 0.000217343 0.000265963 0.000322688 0.000388211 0.000463135 0.000547946 0.00064297 0.000748344 0.000863981 0.00098954 0.00112441 0.00126768 0.00141817 0.00157438 0.00173456 0.00189672 0.00205864 0.00221798 0.00237226 0.00251899 0.00265568 0.00277996 0.00288958 0.00298254 0.0030571 0.00311187 0.00314579 0.00315822 0.00314893 0.00311809 0.00306633 0.00299462 0.00290435 0.00279719 0.00267515 0.0025404 0.00239532 0.00224238 0.00208406 0.00192283 0.00176104 0.00160092 0.00144448 0.00129348 0.00114945 0.0010136 0.000886874 0.000769916 0.000663103 0.000566558 0.00048018 0.000403672 0.000336582 0.000278329 0.000228247 0.00018561 0.000149664 0.000119654 9.48423e-05 7.45274e-05 5.80554e-05 4.48287e-05 3.43109e-05 2.60284e-05 1.95695e-05 1.45817e-05 1.07677e-05 7.87978e-06 5.7148e-06 4.10816e-06 2.92836e-06 2.0718e-06 1.45807e-06 1.02589e-06 7.29578e-07 5.36244e-07 4.23775e-07 
3.92643e-07 4.1061e-07 4.95847e-07 6.59462e-07 9.21532e-07 1.31285e-06 1.8771e-06 2.67378e-06 3.78179e-06 5.3037e-06 7.37071e-06 1.01482e-05 1.38418e-05 1.87033e-05 2.50371e-05 3.32057e-05 4.36347e-05 5.68161e-05 7.33095e-05 9.37411e-05 0.000118799 0.000149225 0.000185801 0.000229333 0.000280628 0.000340467 0.000409575 0.000488585 0.000578002 0.000678168 0.000789221 0.000911062 0.00104333 0.00118537 0.00133623 0.00149464 0.00165904 0.00182758 0.00199817 0.00216847 0.00233601 0.00249821 0.00265244 0.00279609 0.00292666 0.00304182 0.00313946 0.00321776 0.00327526 0.00331085 0.00332387 0.00331407 0.00328164 0.00322722 0.00315185 0.00305696 0.00294434 0.00281605 0.00267441 0.00252189 0.00236108 0.00219459 0.00202501 0.00185483 0.00168636 0.00152174 0.00136281 0.00121119 0.00106816 0.000934701 0.000811511 0.000698985 0.00059726 0.000506231 0.000425593 0.00035487 0.000293456 0.000240651 0.000195691 0.000157785 0.000126137 9.99705e-05 7.85468e-05 6.11766e-05 4.72297e-05 3.61404e-05 2.74091e-05 2.06015e-05 1.53456e-05 1.13275e-05 8.28607e-06 6.00674e-06 4.31588e-06 3.07475e-06 2.17406e-06 1.52903e-06 1.07502e-06 7.63905e-07 5.61013e-07 4.43054e-07 
4.73718e-07 4.95847e-07 5.99028e-07 7.96638e-07 1.11281e-06 1.58448e-06 2.26405e-06 3.22272e-06 4.55482e-06 6.38279e-06 8.86305e-06 1.21924e-05 1.6615e-05 2.24296e-05 2.99964e-05 3.97437e-05 5.2173e-05 6.78631e-05 8.74706e-05 0.000111729 0.00014144 0.000177469 0.000220723 0.000272134 0.000332632 0.000403112 0.000484401 0.000577214 0.000682117 0.000799478 0.000929429 0.00107183 0.00122623 0.00139184 0.00156753 0.00175182 0.00194287 0.00213855 0.00233639 0.00253374 0.00272772 0.00291536 0.00309364 0.00325958 0.00341031 0.00354317 0.00365575 0.00374597 0.00381217 0.00385309 0.00386797 0.00385654 0.00381901 0.00375612 0.00366904 0.00355944 0.00342932 0.00328106 0.0031173 0.00294089 0.00275478 0.00256199 0.00236548 0.00216812 0.00197259 0.00178135 0.00159656 0.0014201 0.00125346 0.00109782 0.000953993 0.000822474 0.000703443 0.000596806 0.000502229 0.000419184 0.000346982 0.000284827 0.000231843 0.000187117 0.000149731 0.000118785 9.34175e-05 7.28261e-05 5.62743e-05 4.30994e-05 3.27148e-05 2.46097e-05 1.83458e-05 1.35525e-05 9.92083e-06 7.19679e-06 5.17434e-06 3.68864e-06 2.60968e-06 1.83648e-06 1.29197e-06 9.18691e-07 6.75256e-07 5.33832e-07 
6.2938e-07 6.59462e-07 7.96638e-07 1.0585e-06 1.4767e-06 2.09959e-06 2.99557e-06 4.25746e-06 6.00788e-06 8.40568e-06 1.16532e-05 1.60045e-05 2.17737e-05 2.93442e-05 3.91768e-05 5.18179e-05 6.79051e-05 8.81717e-05 0.000113447 0.000144653 0.000182796 0.000228954 0.000284254 0.000349849 0.000426879 0.000516438 0.000619524 0.000736993 0.000869503 0.00101747 0.001181 0.00135987 0.00155346 0.00176076 0.00198031 0.00221024 0.00244824 0.00269164 0.0029374 0.00318222 0.00342257 0.00365479 0.00387519 0.00408013 0.00426612 0.0044299 0.00456857 0.00467961 0.00476098 0.00481119 0.00482931 0.00481501 0.00476857 0.00469087 0.00458334 0.00444799 0.00428728 0.00410409 0.00390163 0.00368337 0.00345293 0.00321399 0.00297019 0.00272507 0.00248193 0.00224382 0.00201344 0.00179311 0.00158474 0.00138983 0.00120942 0.00104417 0.00089436 0.000759914 0.000640462 0.000535384 0.000443861 0.000364926 0.000297514 0.000240502 0.000192757 0.000153162 0.000120645 9.42005e-05 7.2905e-05 5.59232e-05 4.2514e-05 3.20296e-05 2.39127e-05 1.76909e-05 1.29689e-05 9.42128e-06 6.78314e-06 4.84217e-06 3.43051e-06 2.4175e-06 1.70324e-06 1.21314e-06 8.93377e-07 7.07743e-07 
8.78658e-07 9.21532e-07 1.11281e-06 1.4767e-06 2.05664e-06 2.91882e-06 4.15667e-06 5.89663e-06 8.30536e-06 1.15981e-05 1.60483e-05 2.19982e-05 2.98698e-05 4.01762e-05 5.35324e-05 7.06645e-05 9.24174e-05 0.000119759 0.000153778 0.000195683 0.000246784 0.00030848 0.000382223 0.000469492 0.00057174 0.000690347 0.000826562 0.000981436 0.00115576 0.00135 0.00156422 0.00179805 0.00205063 0.00232056 0.00260592 0.00290423 0.00321249 0.00352721 0.00384451 0.00416012 0.00446953 0.00476811 0.00505114 0.00531403 0.00555236 0.00576203 0.00593939 0.00608127 0.00618512 0.00624908 0.00627198 0.00625341 0.00619372 0.00609403 0.00595615 0.00578258 0.00557643 0.00534133 0.00508134 0.00480083 0.00450439 0.0041967 0.00388239 0.00356596 0.00325167 0.00294344 0.00264475 0.00235864 0.0020876 0.00183361 0.00159809 0.00138197 0.00118565 0.00100913 0.00085197 0.000713442 0.000592534 0.000488036 0.000398604 0.00032281 0.000259199 0.000206334 0.000162826 0.000127369 9.87552e-05 7.58896e-05 5.77967e-05 4.36212e-05 3.26245e-05 2.41781e-05 1.77553e-05 1.29204e-05 9.31823e-06 6.66309e-06 4.7286e-06 3.3381e-06 2.35622e-06 1.68167e-06 1.24127e-06 9.85763e-07 
1.25073e-06 1.31285e-06 1.58448e-06 2.09959e-06 2.91882e-06 4.13444e-06 5.87632e-06 8.31985e-06 1.16955e-05 1.63003e-05 2.25102e-05 3.07945e-05 4.17298e-05 5.60152e-05 7.44853e-05 9.81224e-05 0.000128065 0.000165611 0.000212218 0.000269492 0.00033917 0.000423093 0.000523168 0.000641319 0.000779425 0.000939255 0.00112239 0.00133014 0.00156345 0.00182285 0.00210832 0.00241927 0.00275446 0.00311198 0.00348921 0.00388283 0.00428886 0.00470272 0.00511929 0.00553302 0.00593807 0.0063284 0.00669796 0.00704083 0.00735134 0.00762426 0.00785489 0.00803921 0.00817398 0.00825682 0.00828625 0.00826175 0.0081838 0.00805379 0.00787406 0.00764779 0.00737897 0.00707223 0.00673278 0.00636623 0.00597848 0.00557557 0.00516351 0.00474812 0.00433496 0.00392915 0.00353528 0.00315736 0.00279873 0.00246204 0.00214926 0.00186168 0.00159994 0.00136409 0.0011537 0.000967852 0.000805297 0.000664503 0.000543744 0.000441178 0.00035491 0.000283057 0.000223794 0.000175391 0.000136244 0.000104895 8.00355e-05 6.05173e-05 4.53441e-05 3.36658e-05 2.47672e-05 1.80552e-05 1.30446e-05 9.34419e-06 6.64318e-06 4.69832e-06 3.32284e-06 2.37667e-06 1.7585e-06 1.40001e-06 
1.78702e-06 1.8771e-06 2.26405e-06 2.99557e-06 4.15667e-06 5.87632e-06 8.3357e-06 1.17788e-05 1.65256e-05 2.2987e-05 3.16818e-05 4.32555e-05 5.8499e-05 7.83673e-05 0.000103997 0.000136722 0.00017808 0.000229819 0.000293894 0.000372449 0.000467791 0.000582354 0.000718645 0.000879174 0.00106638 0.00128253 0.00152962 0.0018093 0.00212268 0.00247034 0.00285212 0.00326711 0.00371354 0.00418876 0.00468921 0.00521045 0.00574718 0.00629333 0.00684219 0.00738648 0.00791859 0.0084307 0.00891497 0.00936374 0.00976974 0.0101262 0.0104272 0.0106676 0.0108431 0.0109508 0.0109888 0.0109564 0.0108543 0.0106842 0.0104491 0.0101531 0.00980137 0.00939978 0.00895503 0.00847437 0.0079654 0.00743594 0.00689379 0.00634653 0.00580143 0.00526521 0.00474393 0.00424291 0.00376663 0.00331867 0.00290173 0.00251762 0.00216734 0.00185107 0.00156834 0.00131806 0.00109869 0.000908272 0.000744596 0.000605274 0.000487834 0.000389803 0.000308771 0.000242444 0.000188686 0.000145541 0.000111256 8.42794e-05 6.32644e-05 4.70563e-05 3.46809e-05 2.53275e-05 1.83313e-05 1.31547e-05 9.36908e-06 6.6385e-06 4.70426e-06 3.37202e-06 2.50093e-06 1.99597e-06 
2.54388e-06 2.67378e-06 3.22272e-06 4.25746e-06 5.89663e-06 8.31985e-06 1.17788e-05 1.66118e-05 2.3261e-05 3.22928e-05 4.44206e-05 6.05286e-05 8.16971e-05 0.000109226 0.000144658 0.000189795 0.000246708 0.000317743 0.000405508 0.000512854 0.000642834 0.000798653 0.000983587 0.0012009 0.00145373 0.00174499 0.00207718 0.00245231 0.00287173 0.00333598 0.00384471 0.00439653 0.00498894 0.0056183 0.00627981 0.00696752 0.00767441 0.0083925 0.00911298 0.0098264 0.0105229 0.0111922 0.0118244 0.0124097 0.0129386 0.0134025 0.0137939 0.0141061 0.0143339 0.0144734 0.0145223 0.0144797 0.0143465 0.0141248 0.0138186 0.0134329 0.0129744 0.0124506 0.0118701 0.0112422 0.0105766 0.0098834 0.0091727 0.00845435 0.00773779 0.0070318 0.00634437 0.00568253 0.00505223 0.00445833 0.00390449 0.00339327 0.00292612 0.00250346 0.00212484 0.00178897 0.00149393 0.00123729 0.0010162 0.0008276 0.000668272 0.000534985 0.000424568 0.000333993 0.00026042 0.000201247 0.000154124 0.000116969 8.79631e-05 6.5546e-05 4.83949e-05 3.5406e-05 2.56715e-05 1.84548e-05 1.31676e-05 9.34728e-06 6.63682e-06 4.76752e-06 3.54431e-06 2.83547e-06 
3.59604e-06 3.78179e-06 4.55482e-06 6.00788e-06 8.30536e-06 1.16955e-05 1.65256e-05 2.3261e-05 3.25085e-05 4.50434e-05 6.18388e-05 8.40979e-05 0.000113285 0.000151158 0.000199792 0.000261605 0.000339367 0.000436197 0.000555555 0.0007012 0.000877141 0.00108756 0.00133671 0.00162879 0.00196781 0.00235745 0.00280082 0.00330037 0.00385763 0.00447311 0.00514607 0.00587449 0.00665487 0.00748226 0.00835023 0.00925089 0.010175 0.0111122 0.0120509 0.012979 0.0138837 0.0147521 0.0155713 0.0163287 0.0170125 0.0176118 0.0181168 0.0185194 0.0188128 0.0189922 0.0190547 0.0189992 0.0188267 0.0185401 0.0181442 0.0176456 0.0170525 0.0163745 0.0156225 0.0148084 0.0139445 0.0130438 0.0121191 0.0111831 0.0102481 0.00932543 0.00842551 0.00755758 0.00672952 0.00594779 0.00521739 0.00454184 0.00392327 0.00336245 0.00285898 0.00241142 0.00201741 0.00167392 0.00137737 0.00112384 0.000909183 0.000729214 0.000579799 0.000456963 0.00035697 0.000276373 0.000212051 0.000161227 0.000121469 9.0677e-05 6.70705e-05 4.9157e-05 3.57052e-05 2.57136e-05 1.83798e-05 1.30715e-05 9.29935e-06 6.69447e-06 4.98856e-06 4.00027e-06 
5.04067e-06 5.3037e-06 6.38279e-06 8.40568e-06 1.15981e-05 1.63003e-05 2.2987e-05 3.22928e-05 4.50434e-05 6.22901e-05 8.53494e-05 0.000115843 0.000155739 0.000207391 0.000273569 0.000357487 0.000462812 0.00059366 0.000754569 0.000950453 0.00118652 0.00146818 0.00180088 0.00219 0.00264058 0.00315721 0.00374372 0.004403 0.00513678 0.00594538 0.00682757 0.00778037 0.00879901 0.0098768 0.0110052 0.0121739 0.0133708 0.0145824 0.0157941 0.0169903 0.0181545 0.0192705 0.0203219 0.0212929 0.0221685 0.0229352 0.0235808 0.0240949 0.0244693 0.0246979 0.0247771 0.0247055 0.0244844 0.0241174 0.0236105 0.022972 0.0222122 0.021343 0.0203782 0.0193326 0.0182219 0.0170625 0.0158706 0.0146624 0.0134537 0.0122589 0.0110916 0.00996381 0.00888579 0.00786613 0.00691152 0.00602681 0.00521501 0.00447744 0.00381388 0.0032227 0.00270111 0.00224539 0.00185107 0.00151319 0.00122648 0.000985571 0.000785113 0.000619949 0.000485204 0.000376358 0.000289305 0.000220372 0.000166333 0.000124395 9.2177e-05 6.76793e-05 4.92467e-05 3.55291e-05 2.54419e-05 1.81276e-05 1.29218e-05 9.32221e-06 6.96294e-06 5.59647e-06 
7.00202e-06 7.37071e-06 8.86305e-06 1.16532e-05 1.60483e-05 2.25102e-05 3.16818e-05 4.44206e-05 6.18388e-05 8.53494e-05 0.000116715 0.000158103 0.00021213 0.000281919 0.00037113 0.000483994 0.000625317 0.000800471 0.00101535 0.00127632 0.00159007 0.0019635 0.00240355 0.00291697 0.00351007 0.00418846 0.00495679 0.00581843 0.00677518 0.00782708 0.00897211 0.0102061 0.0115225 0.0129124 0.0143646 0.0158656 0.0174001 0.0189507 0.0204987 0.0220243 0.0235071 0.0249263 0.0262617 0.0274935 0.0286032 0.0295738 0.0303903 0.03104 0.0315127 0.0318009 0.0319002 0.0318089 0.0315285 0.0310637 0.0304217 0.0296127 0.0286495 0.027547 0.0263221 0.0249932 0.0235801 0.022103 0.0205825 0.019039 0.0174922 0.0159608 0.014462 0.0130111 0.0116217 0.0103048 0.00906943 0.00792211 0.0068671 0.00590647 0.00504031 0.00426691 0.00358302 0.00298413 0.00246476 0.00201871 0.00163935 0.00131986 0.00105342 0.000833404 0.000653505 0.000507863 0.000391126 0.000298489 0.000225712 0.000169113 0.000125541 9.23429e-05 6.7314e-05 4.86513e-05 3.49019e-05 2.49146e-05 1.7795e-05 1.28655e-05 9.63195e-06 7.75949e-06 
9.63671e-06 1.01482e-05 1.21924e-05 1.60045e-05 2.19982e-05 3.07945e-05 4.32555e-05 6.05286e-05 8.40979e-05 0.000115843 0.000158103 0.00021374 0.000286206 0.000379598 0.000498706 0.000649038 0.000836834 0.00106903 0.00135321 0.00169749 0.0021104 0.00260066 0.00317696 0.00384769 0.00462062 0.00550255 0.00649897 0.0076137 0.00884855 0.010203 0.011674 0.0132556 0.0149391 0.0167128 0.0185622 0.0204699 0.0224163 0.0243795 0.026336 0.028261 0.030129 0.0319144 0.033592 0.0351375 0.0365283 0.0377436 0.038765 0.0395771 0.0401674 0.0405268 0.0406499 0.0405348 0.0401834 0.0396011 0.038797 0.0377835 0.036576 0.0351928 0.0336547 0.0319843 0.0302059 0.0283444 0.0264256 0.0244747 0.0225164 0.0205741 0.0186697 0.0168227 0.0150504 0.0133672 0.0117849 0.0103121 0.00895486 0.00771628 0.00659696 0.00559522 0.00470737 0.00392807 0.00325066 0.00266754 0.00217046 0.00175086 0.00140012 0.00110983 0.000871934 0.000678909 0.000523849 0.00040053 0.00030344 0.000227771 0.000169397 0.000124829 9.11601e-05 6.60057e-05 4.74386e-05 3.39278e-05 2.4281e-05 1.75928e-05 1.32018e-05 1.06596e-05 
1.31393e-05 1.38418e-05 1.6615e-05 2.17737e-05 2.98698e-05 4.17298e-05 5.8499e-05 8.16971e-05 0.000113285 0.000155739 0.00021213 0.000286206 0.000382468 0.000506241 0.000663725 0.000862025 0.00110915 0.00141396 0.0017861 0.00223583 0.00277388 0.00341113 0.00415835 0.00502584 0.006023 0.00715795 0.00843706 0.00986451 0.0114419 0.0131679 0.015038 0.017044 0.0191745 0.021414 0.0237441 0.0261427 0.028585 0.0310437 0.0334895 0.0358918 0.0382192 0.0404404 0.0425245 0.0444422 0.0461659 0.0476705 0.0489339 0.0499375 0.0506663 0.0511095 0.0512606 0.0511173 0.0506818 0.0499608 0.0489651 0.0477095 0.0462128 0.0444971 0.0425872 0.0405109 0.0382974 0.0359775 0.0335823 0.0311433 0.0286907 0.0262539 0.0238599 0.0215336 0.0192966 0.0171677 0.015162 0.013291 0.0115628 0.00998209 0.00855025 0.00726581 0.0061247 0.00512073 0.00424595 0.00349114 0.00284618 0.00230046 0.00184323 0.00146392 0.00115237 0.000898996 0.000695001 0.000532405 0.00040411 0.000303905 0.000226438 0.00016717 0.000122304 8.8718e-05 6.388e-05 4.57736e-05 3.28244e-05 2.38346e-05 1.79275e-05 1.4508e-05 
1.77484e-05 1.87033e-05 2.24296e-05 2.93442e-05 4.01762e-05 5.60152e-05 7.83673e-05 0.000109226 0.000151158 0.000207391 0.000281919 0.000379598 0.000506241 0.000668698 0.000874911 0.00113395 0.00145598 0.00185221 0.00233476 0.00291648 0.00361067 0.00443077 0.00538996 0.00650069 0.00777421 0.00922 0.0108453 0.0126545 0.0146488 0.0168256 0.0191782 0.0216959 0.0243634 0.0271612 0.0300655 0.0330489 0.0360803 0.039126 0.04215 0.0451149 0.0479826 0.0507151 0.0532754 0.0556282 0.0577403 0.0595821 0.0611271 0.0623533 0.063243 0.0637834 0.0639667 0.0637904 0.0632571 0.0623746 0.0611557 0.0596182 0.0577841 0.0556798 0.0533351 0.050783 0.0480587 0.0451993 0.0422426 0.0392266 0.0361884 0.033164 0.0301869 0.0272879 0.0244944 0.02183 0.019314 0.0169616 0.0147838 0.012787 0.010974 0.00934361 0.00789168 0.00661114 0.00549267 0.00452524 0.0036966 0.00299377 0.00240352 0.0019127 0.00150859 0.0011792 0.000913396 0.000701053 0.000533134 0.000401693 0.00029986 0.000221785 0.000162561 0.000118137 8.52216e-05 6.11832e-05 4.39634e-05 3.19925e-05 2.41197e-05 1.9563e-05 
2.37522e-05 2.50371e-05 2.99964e-05 3.91768e-05 5.35324e-05 7.44853e-05 0.000103997 0.000144658 0.000199792 0.000273569 0.00037113 0.000498706 0.000663725 0.000874911 0.00114234 0.00147745 0.00189304 0.00240311 0.00302274 0.00376782 0.00465468 0.0056997 0.00691879 0.00832682 0.00993699 0.0117602 0.0138045 0.0160743 0.0185697 0.0212866 0.0242157 0.0273425 0.0306474 0.0341055 0.037687 0.0413578 0.0450797 0.0488115 0.0525095 0.0561285 0.0596228 0.0629469 0.066057 0.0689109 0.0714699 0.0736988 0.0755668 0.077048 0.0781217 0.0787732 0.0789932 0.0787789 0.0781334 0.0770657 0.0755908 0.0737294 0.0715075 0.0689559 0.0661098 0.0630081 0.0596926 0.0562074 0.0525976 0.0489088 0.0451861 0.0414728 0.0378102 0.0342359 0.0307841 0.0274843 0.024361 0.021434 0.0187175 0.0162208 0.0139482 0.0118996 0.0100706 0.0084535 0.00703753 0.00580974 0.0047555 0.00385913 0.0031045 0.00247548 0.00195637 0.00153224 0.00118918 0.000914499 0.000696794 0.000526005 0.000393399 0.000291514 0.000214067 0.000155858 0.000112643 8.10262e-05 5.834e-05 4.25474e-05 3.21521e-05 2.61359e-05 
3.14939e-05 3.32057e-05 3.97437e-05 5.18179e-05 7.06645e-05 9.81224e-05 0.000136722 0.000189795 0.000261605 0.000357487 0.000483994 0.000649038 0.000862025 0.00113395 0.00147745 0.00190684 0.00243802 0.00308832 0.00387629 0.00482135 0.00594333 0.00726194 0.00879612 0.0105634 0.012579 0.0148553 0.0174007 0.0202194 0.0233103 0.0266667 0.0302758 0.0341188 0.0381705 0.0423997 0.0467695 0.0512379 0.0557585 0.0602814 0.0647542 0.0691231 0.0733337 0.0773327 0.0810683 0.0844914 0.0875568 0.0902238 0.0924567 0.0942255 0.0955067 0.0962831 0.0965444 0.096287 0.0955147 0.0942378 0.0924736 0.090246 0.0875848 0.0845259 0.0811101 0.0773826 0.0733924 0.0691912 0.0648324 0.06037 0.0558577 0.0513477 0.0468895 0.0425293 0.0383087 0.0342644 0.0304274 0.0268225 0.0234686 0.0203784 0.0175584 0.0150097 0.0127286 0.0107065 0.00893144 0.00738837 0.00606007 0.00492787 0.00397234 0.00317391 0.00251338 0.00197243 0.00153385 0.00118187 0.000902265 0.000682423 0.000511356 0.000379636 0.0002793 0.000203733 0.000147523 0.000106322 7.67094e-05 5.6067e-05 4.24671e-05 3.45969e-05 
4.13768e-05 4.36347e-05 5.2173e-05 6.79051e-05 9.24174e-05 0.000128065 0.00017808 0.000246708 0.000339367 0.000462812 0.000625317 0.000836834 0.00110915 0.00145598 0.00189304 0.00243802 0.00311049 0.00393167 0.00492414 0.00611135 0.00751709 0.0091648 0.0110767 0.0132732 0.0157716 0.0185854 0.0217233 0.0251887 0.0289785 0.0330828 0.0374844 0.0421591 0.0470749 0.0521931 0.0574685 0.06285 0.0682819 0.0737046 0.079056 0.0842725 0.0892907 0.0940483 0.0984853 0.102545 0.106176 0.109331 0.11197 0.114059 0.11557 0.116485 0.116792 0.116486 0.115573 0.114064 0.111978 0.109342 0.106191 0.102565 0.0985113 0.0940817 0.0893327 0.0843241 0.0791182 0.0737784 0.0683678 0.0629484 0.0575793 0.052316 0.0472091 0.0423036 0.0376378 0.0332432 0.0291441 0.0253574 0.0218928 0.0187535 0.0159362 0.0134324 0.0112287 0.00930805 0.00765049 0.00623404 0.0050356 0.00403169 0.00319915 0.00251566 0.0019602 0.00151338 0.00115761 0.000877247 0.000658602 0.00048988 0.000361087 0.000263888 0.000191444 0.000138245 9.99462e-05 7.32113e-05 5.55814e-05 4.53796e-05 
5.38669e-05 5.68161e-05 6.78631e-05 8.81717e-05 0.000119759 0.000165611 0.000229819 0.000317743 0.000436197 0.00059366 0.000800471 0.00106903 0.00141396 0.00185221 0.00240311 0.00308832 0.00393167 0.00495888 0.00619709 0.00767434 0.00941883 0.0114581 0.0138179 0.0165214 0.019588 0.0230322 0.0268626 0.0310809 0.0356813 0.0406498 0.0459637 0.051592 0.057495 0.063625 0.0699273 0.0763405 0.0827983 0.0892304 0.0955639 0.101725 0.10764 0.113238 0.11845 0.123212 0.127464 0.131155 0.134239 0.136677 0.13844 0.139506 0.139862 0.139504 0.138437 0.136673 0.134234 0.131151 0.127462 0.123213 0.118455 0.11325 0.10766 0.101754 0.0956036 0.0892825 0.0828639 0.0764204 0.070022 0.0637345 0.0576188 0.0517294 0.0461133 0.0408098 0.0358498 0.0312556 0.0270409 0.0232116 0.019766 0.0166955 0.0139859 0.0116181 0.0095692 0.00781384 0.00632484 0.00507439 0.0040348 0.00317923 0.00248225 0.00192025 0.00147172 0.00111746 0.000840562 0.000626418 0.000462603 0.000338716 0.000246198 0.000178133 0.000129048 9.47364e-05 7.20893e-05 5.89844e-05 
6.94945e-05 7.33095e-05 8.74706e-05 0.000113447 0.000153778 0.000212218 0.000293894 0.000405508 0.000555555 0.000754569 0.00101535 0.00135321 0.0017861 0.00233476 0.00302274 0.00387629 0.00492414 0.00619709 0.00772746 0.00954839 0.0116929 0.0141928 0.0170778 0.0203737 0.0241017 0.0282769 0.032907 0.0379916 0.0435211 0.049476 0.0558273 0.0625355 0.069552 0.0768188 0.0842701 0.0918333 0.0994302 0.106979 0.114395 0.121593 0.128491 0.135006 0.14106 0.146583 0.151509 0.155778 0.159341 0.162156 0.164189 0.165417 0.165827 0.165412 0.164178 0.16214 0.159322 0.155757 0.151486 0.146561 0.14104 0.13499 0.128482 0.121593 0.114405 0.107002 0.099468 0.0918871 0.084341 0.0769073 0.0696581 0.0626588 0.0559665 0.0496297 0.0436871 0.0381675 0.0330901 0.0284643 0.0242904 0.0205608 0.0172606 0.0143689 0.0118601 0.00970494 0.00787208 0.00632891 0.00504272 0.00398158 0.003115 0.00241457 0.00185426 0.00141067 0.00106317 0.000793833 0.000587352 0.000430872 0.000313782 0.000227477 0.000165134 0.000121494 9.26628e-05 7.59795e-05 
8.88534e-05 9.37411e-05 0.000111729 0.000144653 0.000195683 0.000269492 0.000372449 0.000512854 0.0007012 0.000950453 0.00127632 0.00169749 0.00223583 0.00291648 0.00376782 0.00482135 0.00611135 0.00767434 0.00954839 0.0117722 0.014384 0.0174201 0.020914 0.0248943 0.0293834 0.0343966 0.0399399 0.0460097 0.0525912 0.0596588 0.067175 0.0750911 0.0833475 0.0918749 0.100595 0.109423 0.118267 0.127033 0.135625 0.143946 0.151902 0.159402 0.16636 0.172696 0.178338 0.183222 0.187293 0.190506 0.192825 0.194224 0.194689 0.194215 0.192806 0.190478 0.187257 0.18318 0.178291 0.172646 0.16631 0.159354 0.151859 0.14391 0.135599 0.12702 0.118269 0.109442 0.100634 0.0919342 0.0834278 0.0751923 0.0672964 0.059799 0.0527483 0.046181 0.0401228 0.0345877 0.0295794 0.0250917 0.0211096 0.0176109 0.0145672 0.0119456 0.00971007 0.00782301 0.00624617 0.00494195 0.00387424 0.00300915 0.00231546 0.00176501 0.0013328 0.000997069 0.000739129 0.000543244 0.000396374 0.000287916 0.00020944 0.000154428 0.00011805 9.69994e-05 
0.000112596 0.000118799 0.00014144 0.000182796 0.000246784 0.00033917 0.000467791 0.000642834 0.000877141 0.00118652 0.00159007 0.0021104 0.00277388 0.00361067 0.00465468 0.00594333 0.00751709 0.00941883 0.0116929 0.014384 0.0175357 0.0211893 0.0253816 0.0301437 0.0354992 0.0414621 0.0480361 0.055213 0.0629721 0.0712794 0.0800878 0.0893377 0.0989573 0.108864 0.118967 0.129166 0.139357 0.149432 0.159282 0.1688 0.17788 0.186421 0.19433 0.20152 0.207912 0.213437 0.218038 0.221665 0.224281 0.225858 0.226381 0.225844 0.224252 0.221624 0.217984 0.213373 0.207839 0.20144 0.194247 0.186337 0.177797 0.168723 0.159214 0.149376 0.139316 0.129143 0.118965 0.108886 0.0990033 0.0894085 0.0801832 0.0713983 0.0631128 0.0553732 0.0482126 0.0416516 0.0356979 0.0303478 0.0255872 0.0213927 0.0177336 0.0145733 0.0118714 0.0095845 0.00766864 0.00607997 0.00477616 0.00371717 0.00286597 0.00218895 0.00165615 0.00124135 0.000921969 0.000678915 0.000496313 0.000361216 0.0002633 0.000194564 0.000149068 0.00012274 
0.000141426 0.000149225 0.000177469 0.000228954 0.00030848 0.000423093 0.000582354 0.000798653 0.00108756 0.00146818 0.0019635 0.00260066 0.00341113 0.00443077 0.0056997 0.00726194 0.0091648 0.0114581 0.0141928 0.0174201 0.0211893 0.025546 0.0305308 0.0361765 0.0425068 0.049534 0.0572581 0.065665 0.0747262 0.0843982 0.0946225 0.105327 0.116426 0.127823 0.139411 0.151076 0.1627 0.174162 0.185339 0.196112 0.206366 0.215991 0.224885 0.232956 0.240119 0.246303 0.251445 0.255495 0.258413 0.260171 0.260752 0.260152 0.258375 0.255439 0.251373 0.246215 0.240018 0.232844 0.224765 0.215866 0.20624 0.195989 0.185223 0.174056 0.16261 0.151005 0.139361 0.127798 0.116429 0.105359 0.0946832 0.0844874 0.0748426 0.0658064 0.0574215 0.0497159 0.042703 0.0363828 0.0307427 0.0257593 0.0213997 0.0176242 0.0143873 0.0116405 0.00933321 0.00741508 0.00583692 0.00455195 0.00351661 0.00269119 0.0020401 0.00153207 0.00114006 0.000841104 0.000616054 0.000449241 0.000328132 0.000242997 0.000186593 0.00015395 
0.000176087 0.000185801 0.000220723 0.000284254 0.000382223 0.000523168 0.000718645 0.000983587 0.00133671 0.00180088 0.00240355 0.00317696 0.00415835 0.00538996 0.00691879 0.00879612 0.0110767 0.0138179 0.0170778 0.020914 0.0253816 0.0305308 0.036405 0.0430383 0.0504534 0.05866 0.0676527 0.0774102 0.0878945 0.0990505 0.110807 0.123078 0.135761 0.148745 0.161908 0.17512 0.188247 0.201155 0.213709 0.225778 0.237238 0.247971 0.257868 0.266831 0.274774 0.281619 0.287305 0.291777 0.294997 0.296935 0.297575 0.296911 0.29495 0.291707 0.287213 0.281508 0.274644 0.266687 0.257711 0.247804 0.237067 0.225606 0.213541 0.200996 0.188101 0.174993 0.161804 0.148668 0.135713 0.123061 0.110824 0.0991014 0.0879781 0.0775249 0.0677955 0.0588274 0.0506411 0.0432415 0.0366189 0.0307503 0.0256019 0.0211307 0.017287 0.0140163 0.0112618 0.00896594 0.00707221 0.00552646 0.00427801 0.00328032 0.00249153 0.00187467 0.00139765 0.00103309 0.000758114 0.00055391 0.000405406 0.000300867 0.000231542 0.000191417 
0.000217343 0.000229333 0.000272134 0.000349849 0.000469492 0.000641319 0.000879174 0.0012009 0.00162879 0.00219 0.00291697 0.00384769 0.00502584 0.00650069 0.00832682 0.0105634 0.0132732 0.0165214 0.0203737 0.0248943 0.0301437 0.0361765 0.0430383 0.0507634 0.0593728 0.0688717 0.079248 0.0904713 0.102492 0.115243 0.128637 0.142572 0.156931 0.171584 0.186393 0.201211 0.215892 0.230285 0.244244 0.25763 0.270307 0.282152 0.293051 0.302901 0.311614 0.319112 0.325331 0.330218 0.333732 0.335847 0.336544 0.335818 0.333676 0.330134 0.325222 0.318979 0.311458 0.302724 0.292856 0.281944 0.270089 0.257407 0.244022 0.230068 0.215686 0.201023 0.186227 0.171446 0.156824 0.142501 0.128603 0.115247 0.102535 0.0905509 0.0793623 0.0690172 0.0595452 0.0509577 0.0432489 0.036398 0.0303705 0.025121 0.0205957 0.0167346 0.0134743 0.0107497 0.0084966 0.00665297 0.00516029 0.00396461 0.0030171 0.00227446 0.0016989 0.00125814 0.000925003 0.000677153 0.000496607 0.000369335 0.000284854 0.000235953 
0.000265963 0.000280628 0.000332632 0.000426879 0.00057174 0.000779425 0.00106638 0.00145373 0.00196781 0.00264058 0.00351007 0.00462062 0.006023 0.00777421 0.00993699 0.012579 0.0157716 0.019588 0.0241017 0.0293834 0.0354992 0.0425068 0.0504534 0.0593728 0.0692825 0.0801817 0.0920499 0.104846 0.118507 0.13295 0.148073 0.163755 0.179862 0.196245 0.212749 0.229213 0.245473 0.261367 0.276739 0.291436 0.30532 0.31826 0.330139 0.340854 0.350313 0.358439 0.365169 0.370452 0.374248 0.37653 0.377281 0.376498 0.374184 0.370357 0.365044 0.358285 0.350131 0.340647 0.32991 0.318012 0.305057 0.291164 0.276462 0.261093 0.245206 0.228961 0.212518 0.196041 0.17969 0.163621 0.147979 0.132899 0.1185 0.104882 0.0921275 0.0802976 0.0694324 0.0595516 0.0506552 0.0427254 0.0357283 0.0296171 0.0243342 0.0198144 0.0159875 0.0127812 0.010123 0.00794244 0.00617268 0.00475169 0.00362303 0.00273642 0.0020478 0.00151935 0.00111915 0.000820846 0.00060319 0.000449545 0.000347463 0.000288366 
0.000322688 0.000340467 0.000403112 0.000516438 0.000690347 0.000939255 0.00128253 0.00174499 0.00235745 0.00315721 0.00418846 0.00550255 0.00715795 0.00922 0.0117602 0.0148553 0.0185854 0.0230322 0.0282769 0.0343966 0.0414621 0.049534 0.05866 0.0688717 0.0801817 0.0925816 0.106041 0.120504 0.135895 0.152113 0.169038 0.18653 0.204435 0.222588 0.240815 0.258937 0.276779 0.294165 0.310928 0.32691 0.341966 0.355963 0.36878 0.380316 0.390479 0.399196 0.406404 0.412055 0.416112 0.41855 0.419352 0.418515 0.416043 0.411951 0.406266 0.399025 0.390276 0.380083 0.36852 0.355678 0.341662 0.326591 0.310599 0.293832 0.27645 0.25862 0.240516 0.222315 0.204194 0.186327 0.168878 0.152 0.135831 0.120489 0.106074 0.0926602 0.0803018 0.0690282 0.0588468 0.0497443 0.0416891 0.0346334 0.0285168 0.0232695 0.0188147 0.0150725 0.011962 0.00940413 0.00732308 0.00564818 0.00431481 0.00326503 0.00244793 0.00181958 0.00134278 0.000986742 0.000726527 0.000542589 0.000420264 0.000349438 
0.000388211 0.000409575 0.000484401 0.000619524 0.000826562 0.00112239 0.00152962 0.00207718 0.00280082 0.00374372 0.00495679 0.00649897 0.00843706 0.0108453 0.0138045 0.0174007 0.0217233 0.0268626 0.032907 0.0399399 0.0480361 0.0572581 0.0676527 0.079248 0.0920499 0.106041 0.121177 0.137389 0.154583 0.17264 0.191419 0.210762 0.230494 0.25043 0.270379 0.290149 0.309547 0.328389 0.346499 0.363715 0.379885 0.394876 0.408571 0.420867 0.431678 0.440934 0.448575 0.454558 0.45885 0.461426 0.462274 0.461389 0.458776 0.454448 0.448428 0.44075 0.431459 0.420614 0.408285 0.394561 0.379544 0.363352 0.346122 0.328003 0.309159 0.289767 0.270012 0.250086 0.23018 0.210487 0.191188 0.172459 0.154455 0.137315 0.121158 0.106074 0.0921329 0.0793753 0.0678181 0.0574545 0.048256 0.0401756 0.0331511 0.0271081 0.0219641 0.0176316 0.0140213 0.011045 0.00861761 0.0066594 0.00509691 0.00386403 0.00290235 0.00216129 0.00159788 0.0011764 0.000867851 0.000649454 0.000504078 0.000419893 
0.000463135 0.000488585 0.000577214 0.000736993 0.000981436 0.00133014 0.0018093 0.00245231 0.00330037 0.004403 0.00581843 0.0076137 0.00986451 0.0126545 0.0160743 0.0202194 0.0251887 0.0310809 0.0379916 0.0460097 0.055213 0.065665 0.0774102 0.0904713 0.104846 0.120504 0.137389 0.155414 0.174465 0.194404 0.215068 0.236278 0.257839 0.279547 0.301194 0.322571 0.343475 0.363712 0.3831 0.401472 0.418677 0.434582 0.449073 0.462053 0.47344 0.483169 0.491189 0.49746 0.501954 0.50465 0.505537 0.504612 0.501878 0.497347 0.491037 0.482978 0.473211 0.461786 0.448769 0.434244 0.418307 0.401074 0.382681 0.363277 0.343032 0.322129 0.300761 0.279133 0.257453 0.235929 0.214763 0.19415 0.174267 0.155275 0.137311 0.120486 0.104885 0.0905626 0.0775478 0.0658416 0.0554206 0.0462398 0.038236 0.0313316 0.0254386 0.0204622 0.0163049 0.012869 0.0100602 0.00778895 0.00597255 0.00453617 0.00341338 0.00254641 0.00188601 0.00139108 0.00102819 0.000770981 0.000599613 0.000500359 
0.000547946 0.000578002 0.000682117 0.000869503 0.00115576 0.00156345 0.00212268 0.00287173 0.00385763 0.00513678 0.00677518 0.00884855 0.0114419 0.0146488 0.0185697 0.0233103 0.0289785 0.0356813 0.0435211 0.0525912 0.0629721 0.0747262 0.0878945 0.102492 0.118507 0.135895 0.154583 0.174465 0.195407 0.217249 0.239805 0.262874 0.286241 0.309683 0.332975 0.355895 0.378229 0.399775 0.420348 0.439778 0.457917 0.474637 0.489827 0.503399 0.515277 0.525406 0.533741 0.540249 0.544908 0.547701 0.548621 0.547664 0.544833 0.540137 0.533589 0.525215 0.515045 0.503126 0.489514 0.474284 0.457528 0.439355 0.419895 0.3993 0.377738 0.355398 0.332481 0.309202 0.285784 0.26245 0.239424 0.216919 0.195136 0.174257 0.154441 0.135819 0.118495 0.102541 0.0879979 0.0748771 0.0631619 0.0528111 0.0437617 0.0359339 0.0292348 0.0235631 0.0188128 0.0148773 0.0116523 0.00903843 0.00694337 0.00528303 0.00398247 0.00297621 0.00220825 0.0016317 0.00120829 0.000907806 0.000707419 0.000591338 
0.00064297 0.000678168 0.000799478 0.00101747 0.00135 0.00182285 0.00247034 0.00333598 0.00447311 0.00594538 0.00782708 0.010203 0.0131679 0.0168256 0.0212866 0.0266667 0.0330828 0.0406498 0.049476 0.0596588 0.0712794 0.0843982 0.0990505 0.115243 0.13295 0.152113 0.17264 0.194404 0.217249 0.24099 0.265421 0.290316 0.315442 0.340554 0.365415 0.389788 0.413452 0.4362 0.457843 0.478215 0.497172 0.51459 0.53037 0.544429 0.556705 0.56715 0.57573 0.58242 0.587203 0.59007 0.591014 0.590035 0.587132 0.582312 0.575585 0.566965 0.556479 0.54416 0.530057 0.514234 0.496773 0.477776 0.457368 0.435694 0.412923 0.389244 0.364866 0.340012 0.314916 0.28982 0.264964 0.240584 0.216902 0.194123 0.172429 0.151974 0.132882 0.115243 0.099114 0.0845176 0.0714462 0.0598636 0.0497088 0.0409008 0.0333427 0.0269272 0.0215404 0.0170668 0.0133922 0.0104071 0.00800921 0.0061048 0.00460996 0.00345112 0.00256507 0.0018987 0.00140859 0.00106031 0.000827848 0.000693159 
0.000748344 0.000789221 0.000929429 0.001181 0.00156422 0.00210832 0.00285212 0.00384471 0.00514607 0.00682757 0.00897211 0.011674 0.015038 0.0191782 0.0242157 0.0302758 0.0374844 0.0459637 0.0558273 0.067175 0.0800878 0.0946225 0.110807 0.128637 0.148073 0.169038 0.191419 0.215068 0.239805 0.265421 0.291685 0.31835 0.345161 0.371858 0.398187 0.423904 0.448778 0.4726 0.495184 0.516366 0.536009 0.554 0.570248 0.584683 0.597255 0.607929 0.616679 0.623491 0.628356 0.631271 0.632232 0.631239 0.628293 0.623393 0.616545 0.607757 0.597042 0.584426 0.569945 0.55365 0.535612 0.515923 0.494698 0.472075 0.44822 0.423322 0.397592 0.371261 0.344574 0.317786 0.291156 0.264939 0.239382 0.214712 0.191136 0.168831 0.147944 0.128584 0.110825 0.0947053 0.0802267 0.06736 0.056048 0.0462094 0.0377449 0.0305415 0.0244784 0.0194308 0.0152752 0.0118917 0.00916789 0.00700007 0.00529504 0.00397069 0.00295624 0.00219203 0.0016291 0.00122858 0.000961011 0.000805951 
0.000863981 0.000911062 0.00107183 0.00135987 0.00179805 0.00241927 0.00326711 0.00439653 0.00587449 0.00778037 0.0102061 0.0132556 0.017044 0.0216959 0.0273425 0.0341188 0.0421591 0.051592 0.0625355 0.0750911 0.0893377 0.105327 0.123078 0.142572 0.163755 0.18653 0.210762 0.236278 0.262874 0.290316 0.31835 0.346706 0.375109 0.403284 0.430963 0.457893 0.483842 0.508598 0.531978 0.553828 0.574017 0.592445 0.609035 0.62373 0.636494 0.647304 0.656149 0.663023 0.667927 0.670863 0.671833 0.670837 0.667873 0.662939 0.656032 0.647152 0.636302 0.623495 0.608752 0.592113 0.573634 0.553392 0.531493 0.508065 0.483268 0.457286 0.430332 0.402641 0.374468 0.34608 0.317754 0.289763 0.262376 0.235847 0.210405 0.186254 0.163562 0.142462 0.123046 0.105368 0.0894438 0.0752519 0.06274 0.0518288 0.0424169 0.0343872 0.0276119 0.0219583 0.017293 0.0134862 0.010415 0.00796573 0.0060355 0.00453342 0.00338076 0.00251102 0.00186941 0.00141234 0.00110674 0.000929602 
0.00098954 0.00104333 0.00122623 0.00155346 0.00205063 0.00275446 0.00371354 0.00498894 0.00665487 0.00879901 0.0115225 0.0149391 0.0191745 0.0243634 0.0306474 0.0381705 0.0470749 0.057495 0.069552 0.0833475 0.0989573 0.116426 0.135761 0.156931 0.179862 0.204435 0.230494 0.257839 0.286241 0.315442 0.345161 0.375109 0.404992 0.43452 0.463414 0.491416 0.51829 0.543829 0.567855 0.590222 0.610813 0.629542 0.646345 0.661183 0.674034 0.68489 0.693754 0.700631 0.705532 0.708464 0.709434 0.708444 0.705489 0.700565 0.69366 0.684765 0.673871 0.660978 0.646092 0.629238 0.610455 0.589807 0.567383 0.543302 0.517712 0.490795 0.462759 0.433842 0.404306 0.374429 0.344503 0.31482 0.285672 0.257334 0.230064 0.204088 0.179602 0.15676 0.135676 0.116422 0.0990266 0.08348 0.0697364 0.0577193 0.047327 0.0384389 0.0309214 0.0246339 0.0194339 0.0151817 0.0117439 0.00899684 0.00682776 0.00513669 0.00383678 0.00285434 0.00212857 0.00161094 0.00126455 0.00106373 
0.00112441 0.00118537 0.00139184 0.00176076 0.00232056 0.00311198 0.00418876 0.0056183 0.00748226 0.0098768 0.0129124 0.0167128 0.021414 0.0271612 0.0341055 0.0423997 0.0521931 0.063625 0.0768188 0.0918749 0.108864 0.127823 0.148745 0.171584 0.196245 0.222588 0.25043 0.279547 0.309683 0.340554 0.371858 0.403284 0.43452 0.465263 0.495227 0.524149 0.551794 0.577959 0.602476 0.62521 0.646059 0.664951 0.681842 0.696708 0.709546 0.720362 0.729172 0.735996 0.740852 0.743756 0.744719 0.743743 0.740824 0.73595 0.729104 0.720267 0.709418 0.696541 0.681628 0.664685 0.645736 0.624826 0.602029 0.57745 0.551225 0.523526 0.494559 0.464562 0.433799 0.402559 0.371146 0.339871 0.309047 0.278971 0.249928 0.22217 0.195917 0.17135 0.148604 0.12777 0.108893 0.0919755 0.0769797 0.0638336 0.0524365 0.0426654 0.0343818 0.0274379 0.0216825 0.0169662 0.0131456 0.0100866 0.00766672 0.00577676 0.00432153 0.00322001 0.00240514 0.0018233 0.00143363 0.00120768 
0.00126768 0.00133623 0.00156753 0.00198031 0.00260592 0.00348921 0.00468921 0.00627981 0.00835023 0.0110052 0.0143646 0.0185622 0.0237441 0.0300655 0.037687 0.0467695 0.0574685 0.0699273 0.0842701 0.100595 0.118967 0.139411 0.161908 0.186393 0.212749 0.240815 0.270379 0.301194 0.332975 0.365415 0.398187 0.430963 0.463414 0.495227 0.526109 0.555795 0.584053 0.610689 0.635544 0.658498 0.679465 0.698391 0.71525 0.730037 0.742766 0.753461 0.762151 0.768869 0.773644 0.776498 0.777446 0.776492 0.773631 0.768846 0.762113 0.753402 0.742679 0.729914 0.715083 0.698172 0.679187 0.658156 0.635134 0.610209 0.583505 0.555183 0.525441 0.494514 0.462669 0.430203 0.397429 0.364677 0.332277 0.300552 0.269808 0.240327 0.212354 0.186095 0.161709 0.139307 0.118952 0.100661 0.0844044 0.0701171 0.0577004 0.0470301 0.0379636 0.0303467 0.0240202 0.0188253 0.0146088 0.0112264 0.00854584 0.00644873 0.00483138 0.00360532 0.00269713 0.00204793 0.00161282 0.00136046 
0.00141817 0.00149464 0.00175182 0.00221024 0.00290423 0.00388283 0.00521045 0.00696752 0.00925089 0.0121739 0.0158656 0.0204699 0.0261427 0.0330489 0.0413578 0.0512379 0.06285 0.0763405 0.0918333 0.109423 0.129166 0.151076 0.17512 0.201211 0.229213 0.258937 0.290149 0.322571 0.355895 0.389788 0.423904 0.457893 0.491416 0.524149 0.555795 0.58609 0.614808 0.641763 0.66681 0.689844 0.710798 0.729638 0.746355 0.760966 0.773501 0.784002 0.792513 0.799079 0.803739 0.806523 0.80745 0.806526 0.803744 0.799081 0.792507 0.783982 0.773459 0.760892 0.74624 0.729472 0.710573 0.689552 0.666445 0.641322 0.614291 0.5855 0.555138 0.523435 0.490658 0.457108 0.423109 0.389004 0.355142 0.321868 0.289513 0.258383 0.228752 0.200851 0.174862 0.15092 0.129106 0.109451 0.0919385 0.0765091 0.063068 0.051491 0.0416325 0.0333327 0.0264249 0.0207416 0.0161199 0.0124057 0.00945714 0.00714654 0.00536179 0.00400689 0.00300199 0.0022829 0.00180059 0.0015208 
0.00157438 0.00165904 0.00194287 0.00244824 0.00321249 0.00428886 0.00574718 0.00767441 0.010175 0.0133708 0.0174001 0.0224163 0.028585 0.0360803 0.0450797 0.0557585 0.0682819 0.0827983 0.0994302 0.118267 0.139357 0.1627 0.188247 0.215892 0.245473 0.276779 0.309547 0.343475 0.378229 0.413452 0.448778 0.483842 0.51829 0.551794 0.584053 0.614808 0.643838 0.67097 0.696074 0.719061 0.739885 0.75853 0.775009 0.789358 0.801626 0.81187 0.820152 0.826527 0.831045 0.833743 0.834643 0.833755 0.831067 0.826555 0.82018 0.811891 0.80163 0.789336 0.77495 0.758423 0.739719 0.718827 0.695764 0.670579 0.643363 0.61425 0.583418 0.551089 0.51753 0.483041 0.447957 0.41263 0.377429 0.342717 0.308851 0.276162 0.244949 0.215469 0.187932 0.162492 0.139251 0.118257 0.0995044 0.0829436 0.0684839 0.0560022 0.0453507 0.0363651 0.0288718 0.0226953 0.0176633 0.0136125 0.0103913 0.0078631 0.00590737 0.00442066 0.00331666 0.00252587 0.00199509 0.00168711 
0.00173456 0.00182758 0.00213855 0.00269164 0.00352721 0.00470272 0.00629333 0.0083925 0.0111122 0.0145824 0.0189507 0.0243795 0.0310437 0.039126 0.0488115 0.0602814 0.0737046 0.0892304 0.106979 0.127033 0.149432 0.174162 0.201155 0.230285 0.261367 0.294165 0.328389 0.363712 0.399775 0.4362 0.4726 0.508598 0.543829 0.577959 0.610689 0.641763 0.67097 0.69815 0.723189 0.746018 0.766609 0.784967 0.801127 0.815142 0.827082 0.83702 0.845032 0.851185 0.855539 0.858137 0.859007 0.858158 0.855578 0.851239 0.845094 0.837082 0.827135 0.815175 0.801126 0.784922 0.766506 0.745847 0.72294 0.697815 0.670544 0.641246 0.610084 0.577274 0.543076 0.507792 0.471761 0.435349 0.398935 0.362906 0.327639 0.29349 0.260783 0.229803 0.200783 0.173901 0.14928 0.126983 0.107021 0.0893508 0.0738889 0.0605139 0.0490771 0.0394102 0.0313338 0.0246646 0.0192219 0.0148332 0.0113378 0.00859034 0.006462 0.00484198 0.00363761 0.0027741 0.00219412 0.00185753 
