2.62356e-07 2.74554e-07 3.33894e-07 4.48546e-07 6.33377e-07 9.11335e-07 1.31522e-06 1.89002e-06 2.69589e-06 3.81172e-06 5.33926e-06 7.40788e-06 1.01798e-05 1.38553e-05 1.86787e-05 2.49434e-05 3.29966e-05 4.32431e-05 5.61472e-05 7.22329e-05 9.20807e-05 0.000116322 0.000145629 0.000180701 0.000222245 0.000270955 0.000327484 0.000392414 0.000466226 0.000549261 0.000641694 0.000743496 0.00085441 0.000973926 0.00110127 0.00123539 0.00137497 0.00151845 0.001664 0.00180963 0.00195319 0.00209242 0.00222503 0.00234872 0.00246129 0.00256069 0.00264505 0.00271277 0.00276254 0.00279339 0.00280473 0.00279633 0.00276837 0.0027214 0.00265635 0.00257449 0.00247738 0.00236686 0.00224496 0.00211387 0.00197585 0.00183319 0.00168815 0.00154289 0.00139942 0.00125956 0.00112491 0.000996803 0.000876324 0.000764278 0.000661208 0.000567406 0.000482934 0.000407652 0.000341246 0.000283265 0.00023315 0.000190268 0.000153941 0.000123473 9.81725e-05 7.73717e-05 6.04394e-05 4.67926e-05 3.59027e-05 2.72989e-05 2.05687e-05 1.53565e-05 1.13599e-05 8.32619e-06 6.04637e-06 4.35044e-06 3.10181e-06 2.19226e-06 1.53725e-06 1.0717e-06 7.46405e-07 5.24954e-07 3.81312e-07 2.98054e-07 
2.74554e-07 2.87457e-07 3.49938e-07 4.70633e-07 6.65257e-07 9.58069e-07 1.38374e-06 1.98986e-06 2.84006e-06 4.01779e-06 5.63075e-06 7.81586e-06 1.07448e-05 1.46296e-05 1.97289e-05 2.63532e-05 3.487e-05 4.57074e-05 5.93568e-05 7.63721e-05 9.7367e-05 0.000123009 0.000154007 0.000191099 0.000235031 0.000286535 0.000346296 0.000414928 0.000492932 0.000580666 0.000678309 0.000785826 0.000902938 0.00102911 0.0011635 0.00130502 0.00145227 0.00160358 0.00175705 0.00191058 0.00206188 0.00220859 0.00234829 0.00247858 0.00259713 0.00270179 0.0027906 0.00286187 0.00291424 0.00294669 0.00295859 0.00294971 0.00292023 0.00287074 0.00280221 0.00271597 0.00261367 0.00249723 0.0023688 0.00223066 0.0020852 0.00193484 0.00178194 0.00162878 0.00147748 0.00132997 0.00118791 0.00105274 0.000925598 0.000807328 0.000698514 0.000599466 0.000510255 0.000430736 0.000360583 0.000299323 0.000246367 0.000201049 0.000162656 0.000130454 0.000103714 8.17284e-05 6.38326e-05 4.94103e-05 3.79027e-05 2.88122e-05 2.17025e-05 1.61975e-05 1.19776e-05 8.77524e-06 6.36954e-06 4.58065e-06 3.26415e-06 2.30561e-06 1.61567e-06 1.12555e-06 7.83278e-07 5.50401e-07 3.99432e-07 3.11983e-07 
3.33894e-07 3.49938e-07 4.26206e-07 5.73188e-07 8.09931e-07 1.16579e-06 1.68268e-06 2.41805e-06 3.44859e-06 4.87476e-06 6.82599e-06 9.46656e-06 1.30021e-05 1.76861e-05 2.38272e-05 3.1795e-05 4.20262e-05 5.50284e-05 7.13828e-05 9.17429e-05 0.000116831 0.000147429 0.000184368 0.000228508 0.000280715 0.000341834 0.000412654 0.000493873 0.000586059 0.000689606 0.000804695 0.000931259 0.00106894 0.00121709 0.00137472 0.00154051 0.00171282 0.0018897 0.00206893 0.00224805 0.00242442 0.0025953 0.00275788 0.00290939 0.00304716 0.00316871 0.00327179 0.00335446 0.00341515 0.00345269 0.00346638 0.00345594 0.0034216 0.00336402 0.00328432 0.00318402 0.00306504 0.00292957 0.00278009 0.00261923 0.00244975 0.00227445 0.00209606 0.00191722 0.00174041 0.00156786 0.00140154 0.00124313 0.00109396 0.00095505 0.000827105 0.00071051 0.000605371 0.000511542 0.000428663 0.0003562 0.000293483 0.000239745 0.000194162 0.000155881 0.000124053 9.78538e-05 7.65018e-05 5.92737e-05 4.55115e-05 3.46275e-05 2.61057e-05 1.95003e-05 1.44317e-05 1.05814e-05 7.68625e-06 5.53145e-06 3.9443e-06 2.78778e-06 1.95471e-06 1.36254e-06 9.48768e-07 6.67138e-07 4.84557e-07 3.78879e-07 
4.48546e-07 4.70633e-07 5.73188e-07 7.70167e-07 1.08684e-06 1.56205e-06 2.25116e-06 3.22986e-06 4.599e-06 6.49032e-06 9.07314e-06 1.25618e-05 1.72237e-05 2.33879e-05 3.14532e-05 4.18964e-05 5.52785e-05 7.22496e-05 9.35511e-05 0.000120014 0.000152552 0.000192153 0.000239858 0.000296742 0.000363879 0.000442311 0.000533005 0.000636803 0.000754378 0.00088618 0.00103239 0.00119287 0.00136714 0.00155431 0.00175312 0.00196187 0.00217849 0.00240052 0.00262518 0.00284939 0.00306988 0.00328324 0.00348601 0.00367479 0.00384628 0.00399744 0.00412552 0.00422814 0.0043034 0.00434987 0.00436667 0.0043535 0.00431062 0.00423885 0.00413956 0.00401462 0.00386636 0.00369749 0.00351104 0.00331025 0.00309853 0.00287932 0.00265602 0.0024319 0.00221004 0.00199325 0.00178399 0.00158438 0.00139613 0.00122055 0.00105855 0.000910677 0.000777095 0.000657667 0.000551984 0.000459409 0.000379133 0.00031022 0.000251651 0.000202369 0.000161316 0.000127457 9.98094e-05 7.7459e-05 5.95709e-05 4.53974e-05 3.42794e-05 2.56459e-05 1.90091e-05 1.39587e-05 1.01545e-05 7.3184e-06 5.22599e-06 3.69887e-06 2.5972e-06 1.81298e-06 1.26432e-06 8.90514e-07 6.4806e-07 5.07826e-07 
6.33377e-07 6.65257e-07 8.09931e-07 1.08684e-06 1.53105e-06 2.19638e-06 3.15931e-06 4.52415e-06 6.42952e-06 9.056e-06 1.2635e-05 1.74585e-05 2.38897e-05 3.2374e-05 4.34495e-05 5.7757e-05 7.60478e-05 9.91893e-05 0.000128166 0.000164079 0.00020813 0.000261615 0.000325891 0.000402351 0.00049238 0.000597309 0.000718359 0.000856581 0.0010128 0.00118753 0.00138094 0.00159278 0.00182235 0.00206843 0.0023293 0.00260271 0.00288593 0.00317573 0.00346849 0.00376022 0.00404671 0.00432357 0.00458636 0.00483074 0.0050525 0.00524778 0.00541308 0.00554539 0.00564231 0.00570203 0.00572345 0.00570618 0.00565056 0.00555764 0.00542915 0.00526748 0.00507556 0.00485686 0.00461523 0.0043548 0.00407993 0.00379503 0.00350446 0.00321246 0.00292299 0.00263971 0.00236584 0.00210416 0.00185695 0.00162596 0.00141244 0.00121716 0.0010404 0.000882045 0.000741627 0.000618367 0.000511254 0.000419103 0.000340614 0.000274427 0.000219169 0.000173495 0.000136119 0.000105837 8.15482e-05 6.22618e-05 4.71009e-05 3.53029e-05 2.62146e-05 1.92844e-05 1.40538e-05 1.01464e-05 7.258e-06 5.14598e-06 3.61957e-06 2.53114e-06 1.76848e-06 1.24821e-06 9.10526e-07 7.15318e-07 
9.11335e-07 9.58069e-07 1.16579e-06 1.56205e-06 2.19638e-06 3.14461e-06 4.51422e-06 6.45148e-06 9.1502e-06 1.28622e-05 1.7909e-05 2.46953e-05 3.37228e-05 4.56045e-05 6.10786e-05 8.10207e-05 0.000106454 0.000138554 0.000178652 0.000228226 0.000288887 0.000362359 0.00045044 0.000554962 0.000677737 0.000820488 0.000984782 0.00117195 0.00138299 0.00161851 0.00187863 0.00216293 0.00247037 0.00279925 0.00314722 0.00351123 0.00388761 0.00427207 0.00465982 0.00504562 0.00542393 0.00578903 0.00613514 0.00645662 0.00674805 0.00700441 0.0072212 0.00739457 0.0075214 0.0075994 0.00762716 0.00760419 0.00753091 0.00740869 0.00723976 0.00702718 0.00677476 0.00648696 0.00616874 0.00582548 0.00546282 0.0050865 0.00470222 0.00431552 0.00393163 0.00355536 0.003191 0.00284226 0.00251221 0.00220324 0.00191709 0.00165485 0.00141701 0.00120349 0.00101375 0.000846829 0.00070146 0.000576119 0.000469123 0.000378695 0.000303029 0.000240345 0.000188933 0.000147187 0.000113628 8.69214e-05 6.58816e-05 4.94731e-05 3.6806e-05 2.71264e-05 1.98052e-05 1.43249e-05 1.02657e-05 7.29164e-06 5.13815e-06 3.59982e-06 2.52014e-06 1.78264e-06 1.30358e-06 1.02677e-06 
1.31522e-06 1.38374e-06 1.68268e-06 2.25116e-06 3.15931e-06 4.51422e-06 6.46736e-06 9.22431e-06 1.30568e-05 1.83166e-05 2.54521e-05 3.50254e-05 4.77312e-05 6.44154e-05 8.60932e-05 0.000113964 0.000149425 0.000194075 0.000249715 0.000318336 0.000402102 0.000503312 0.000624352 0.000767639 0.000935544 0.0011303 0.00135393 0.00160808 0.001894 0.00221237 0.00256322 0.00294585 0.00335875 0.00379955 0.00426502 0.00475103 0.00525264 0.00576414 0.00627916 0.0067908 0.00729178 0.0077746 0.00823175 0.00865587 0.00903993 0.00937743 0.00966258 0.0098904 0.0100569 0.0101591 0.0101952 0.0101646 0.0100678 0.00990665 0.00968396 0.0094037 0.0090708 0.00869101 0.00827078 0.00781708 0.00733724 0.00683876 0.0063291 0.00581553 0.00530494 0.00480369 0.00431752 0.00385137 0.0034094 0.00299489 0.00261025 0.00225705 0.00193604 0.00164725 0.00139008 0.00116335 0.000965458 0.00079445 0.000648145 0.000524216 0.000420285 0.000333991 0.000263056 0.000205329 0.00015882 0.000121725 9.2437e-05 6.95464e-05 5.18371e-05 3.82758e-05 2.79973e-05 2.02873e-05 1.4565e-05 1.03643e-05 7.31677e-06 5.13586e-06 3.60269e-06 2.55399e-06 1.87222e-06 1.47842e-06 
1.89002e-06 1.98986e-06 2.41805e-06 3.22986e-06 4.52415e-06 6.45148e-06 9.22431e-06 1.31303e-05 1.85486e-05 2.59688e-05 3.60129e-05 4.94582e-05 6.72624e-05 9.05878e-05 0.000120824 0.000159607 0.000208835 0.000270672 0.000347544 0.000442124 0.000557298 0.00069612 0.000861741 0.00105733 0.00128598 0.00155056 0.00185363 0.00219729 0.002583 0.00301152 0.00348271 0.00399547 0.00454763 0.00513591 0.00575586 0.00640195 0.00706757 0.00774512 0.00842622 0.0091018 0.00976233 0.0103981 0.0109992 0.0115563 0.0120602 0.0125026 0.012876 0.0131741 0.0133917 0.0135251 0.0135719 0.0135313 0.0134041 0.0131926 0.0129004 0.0125326 0.0120955 0.0115966 0.0110441 0.0104471 0.00981498 0.00915757 0.00848454 0.00780541 0.00712921 0.00646433 0.00581836 0.00519791 0.00460857 0.00405478 0.0035399 0.00306613 0.00263466 0.00224569 0.00189854 0.00159183 0.00132352 0.00109116 0.000891914 0.000722762 0.000580585 0.00046227 0.000364794 0.00028529 0.000221093 0.000169778 0.000129174 9.73697e-05 7.27118e-05 5.37894e-05 3.94175e-05 2.8615e-05 2.05812e-05 1.4672e-05 1.03768e-05 7.29757e-06 5.12931e-06 3.6442e-06 2.67789e-06 2.1199e-06 
2.69589e-06 2.84006e-06 3.44859e-06 4.599e-06 6.42952e-06 9.1502e-06 1.30568e-05 1.85486e-05 2.61506e-05 3.6539e-05 5.05697e-05 6.93096e-05 9.40686e-05 0.000126431 0.000168283 0.000221841 0.000289662 0.000374649 0.000480047 0.000609412 0.000766563 0.000955521 0.00118041 0.00144535 0.00175432 0.00211099 0.00251858 0.00297966 0.00349597 0.00406827 0.00469615 0.00537793 0.00611053 0.00688943 0.00770864 0.00856073 0.00943695 0.0103273 0.0112209 0.0121057 0.0129696 0.0137999 0.0145841 0.0153099 0.0159657 0.0165409 0.017026 0.0174129 0.017695 0.0178676 0.0179278 0.0178746 0.0177089 0.0174335 0.0170533 0.0165746 0.0160055 0.0153553 0.0146349 0.0138556 0.0130297 0.0121696 0.011288 0.0103971 0.00950864 0.00863366 0.00778211 0.00696274 0.00618299 0.00544886 0.00476494 0.00413434 0.00355883 0.00303889 0.00257385 0.00216205 0.00180103 0.00148766 0.00121835 0.000989195 0.000796145 0.000635131 0.000502177 0.00039349 0.000305534 0.000235071 0.000179192 0.000135329 0.000101248 7.50392e-05 5.50913e-05 4.00667e-05 2.88704e-05 2.06187e-05 1.46096e-05 1.02937e-05 7.24968e-06 5.16192e-06 3.80233e-06 3.01741e-06 
3.81172e-06 4.01779e-06 4.87476e-06 6.49032e-06 9.056e-06 1.28622e-05 1.83166e-05 2.59688e-05 3.6539e-05 5.09521e-05 7.03755e-05 9.62599e-05 0.00013038 0.000174874 0.000232283 0.000305574 0.000398161 0.000513906 0.0006571 0.000832427 0.00104489 0.00129974 0.00160229 0.00195786 0.0023715 0.00284785 0.00339089 0.00400373 0.00468836 0.00544547 0.00627423 0.00717211 0.00813483 0.00915623 0.0102283 0.0113412 0.0124835 0.0136421 0.0148028 0.0159504 0.0170692 0.0181429 0.0191556 0.0200918 0.0209369 0.0216773 0.0223012 0.0227982 0.0231604 0.0233816 0.0234583 0.0233892 0.0231755 0.0228208 0.022331 0.0217142 0.0209806 0.020142 0.0192119 0.0182049 0.0171364 0.0160223 0.0148787 0.0137213 0.0125654 0.0114251 0.0103133 0.0092416 0.00821973 0.00725575 0.00635584 0.00552436 0.00476387 0.00407531 0.00345809 0.0029103 0.00242897 0.0020102 0.00164949 0.00134185 0.00108209 0.00086493 0.000685206 0.000537952 0.000418516 0.000322618 0.000246401 0.000186441 0.000139752 0.00010377 7.63265e-05 5.5613e-05 4.01459e-05 2.87241e-05 2.03903e-05 1.4394e-05 1.01578e-05 7.24844e-06 5.35212e-06 4.25758e-06 
5.33926e-06 5.63075e-06 6.82599e-06 9.07314e-06 1.2635e-05 1.7909e-05 2.54521e-05 3.60129e-05 5.05697e-05 7.03755e-05 9.7007e-05 0.000132416 0.000178985 0.000239571 0.000317558 0.000416882 0.000542054 0.000698153 0.0008908 0.00112609 0.00141053 0.00175084 0.00215387 0.00262633 0.00317459 0.0038044 0.00452063 0.00532695 0.00622557 0.00721696 0.00829963 0.00946994 0.010722 0.0120474 0.0134357 0.014874 0.0163473 0.017839 0.0193308 0.0208032 0.0222364 0.0236099 0.0249036 0.0260982 0.0271752 0.0281179 0.0289114 0.0295432 0.030003 0.0302835 0.0303802 0.0302915 0.030019 0.0295671 0.0289432 0.0281573 0.027222 0.0261521 0.0249645 0.0236772 0.0223098 0.0208821 0.0194146 0.0179272 0.0164391 0.0149686 0.0135323 0.0121451 0.0108198 0.00956695 0.00839495 0.00730972 0.00631496 0.00541225 0.00460122 0.00387978 0.00324437 0.00269027 0.00221186 0.00180289 0.00145675 0.00116671 0.000926102 0.000728511 0.000567878 0.00043861 0.00033564 0.000254453 0.000191096 0.000142163 0.000104762 7.64734e-05 5.53066e-05 3.96445e-05 2.81948e-05 1.99415e-05 1.41012e-05 1.00845e-05 7.46409e-06 5.9519e-06 
7.40788e-06 7.81586e-06 9.46656e-06 1.25618e-05 1.74585e-05 2.46953e-05 3.50254e-05 4.94582e-05 6.93096e-05 9.62599e-05 0.000132416 0.00018038 0.000243313 0.000324998 0.00042989 0.00056316 0.000730702 0.000939126 0.00119571 0.00150831 0.00188525 0.00233509 0.0028665 0.00348787 0.00420711 0.00503125 0.00596612 0.00701596 0.00818309 0.00946759 0.010867 0.0123762 0.013987 0.0156885 0.0174669 0.0193054 0.0211849 0.0230842 0.0249802 0.0268485 0.0286639 0.0304012 0.0320353 0.0335422 0.0348993 0.0360859 0.0370839 0.0378776 0.0384548 0.0388064 0.0389269 0.0388146 0.0384712 0.0379022 0.0371165 0.0361266 0.0349479 0.0335985 0.0320991 0.0304722 0.0287418 0.0269329 0.0250706 0.02318 0.0212854 0.0194097 0.0175742 0.015798 0.0140975 0.0124866 0.0109764 0.00957485 0.00828723 0.00711605 0.00606135 0.00512093 0.00429069 0.00356496 0.00293685 0.00239861 0.00194199 0.00155845 0.00123954 0.000977016 0.0007631 0.000590556 0.0004528 0.000343941 0.0002588 0.000192898 0.000142418 0.000104157 7.54679e-05 5.41971e-05 3.86169e-05 2.73656e-05 1.93903e-05 1.38977e-05 1.03112e-05 8.2418e-06 
1.01798e-05 1.07448e-05 1.30021e-05 1.72237e-05 2.38897e-05 3.37228e-05 4.77312e-05 6.72624e-05 9.40686e-05 0.00013038 0.000178985 0.000243313 0.00032752 0.000436556 0.000576234 0.000753267 0.000975276 0.00125077 0.00158906 0.00200017 0.00249462 0.00308319 0.00377667 0.00458548 0.00551925 0.00658646 0.00779395 0.00914648 0.0106463 0.0122929 0.0140824 0.0160075 0.0180575 0.020218 0.0224709 0.0247951 0.0271663 0.0295576 0.0319403 0.0342839 0.0365575 0.0387298 0.0407703 0.0426494 0.0443396 0.045816 0.0470564 0.0480421 0.0487582 0.0491939 0.0493425 0.0492019 0.0487743 0.0480662 0.0470886 0.0458563 0.0443879 0.0427057 0.0408346 0.038802 0.0366374 0.0343713 0.0320347 0.0296586 0.0272732 0.0249073 0.0225875 0.0203379 0.0181797 0.0161308 0.0142055 0.0124147 0.0107656 0.00926202 0.00790474 0.00669157 0.00561793 0.00467712 0.00386087 0.00315971 0.00256339 0.00206132 0.00164282 0.00129751 0.00101546 0.000787422 0.00060494 0.000460407 0.000347111 0.000259221 0.00019175 0.000140501 0.000101993 7.33838e-05 5.23871e-05 3.71959e-05 2.64099e-05 1.89709e-05 1.41091e-05 1.13042e-05 
1.38553e-05 1.46296e-05 1.76861e-05 2.33879e-05 3.2374e-05 4.56045e-05 6.44154e-05 9.05878e-05 0.000126431 0.000174874 0.000239571 0.000324998 0.000436556 0.000580662 0.000764815 0.000997638 0.00128888 0.00164937 0.00209091 0.0026261 0.00326811 0.00403035 0.00492608 0.00596802 0.00716778 0.00853538 0.0100787 0.0118028 0.0137099 0.015798 0.0180618 0.0204911 0.0230717 0.0257848 0.0286077 0.0315133 0.0344713 0.0374483 0.0404088 0.0433154 0.0461303 0.0488154 0.0513338 0.0536499 0.0557307 0.0575462 0.05907 0.0602799 0.061158 0.0616915 0.0618727 0.0616989 0.0611728 0.0603021 0.0590999 0.0575839 0.0557763 0.0537035 0.0513956 0.0488856 0.0462088 0.0434023 0.0405038 0.0375512 0.0345816 0.0316304 0.0287308 0.0259129 0.0232036 0.0206257 0.0181976 0.0159337 0.0138439 0.0119339 0.0102054 0.00865666 0.00728254 0.00607541 0.00502547 0.00412129 0.00335041 0.00269974 0.00215605 0.00170634 0.00133814 0.00103974 0.000800384 0.000610367 0.000461075 0.000344999 0.000255693 0.000187712 0.000136524 9.8415e-05 7.03906e-05 5.00769e-05 3.56291e-05 2.56504e-05 1.91228e-05 1.53571e-05 
1.86787e-05 1.97289e-05 2.38272e-05 3.14532e-05 4.34495e-05 6.10786e-05 8.60932e-05 0.000120824 0.000168283 0.000232283 0.000317558 0.00042989 0.000576234 0.000764815 0.00100521 0.00130837 0.00168665 0.00215366 0.00272419 0.00341392 0.00423912 0.00521625 0.00636145 0.00768999 0.00921565 0.0109501 0.012902 0.0150769 0.0174761 0.0200963 0.0229293 0.0259619 0.0291752 0.0325454 0.0360434 0.0396357 0.0432847 0.0469494 0.0505863 0.0541502 0.0575955 0.0608764 0.0639488 0.0667705 0.0693024 0.0715088 0.0733589 0.0748265 0.0758907 0.0765365 0.0767548 0.0765427 0.0759031 0.0748453 0.0733844 0.0715413 0.0693421 0.066818 0.0640044 0.0609405 0.0576684 0.0542323 0.0506775 0.0470498 0.0433941 0.0397537 0.0361693 0.0326782 0.029314 0.0261052 0.0230758 0.0202442 0.0176239 0.0152229 0.0130446 0.0110877 0.00934703 0.00781397 0.0064771 0.00532289 0.00433631 0.00350148 0.00280216 0.00222228 0.00174633 0.00135968 0.00104879 0.000801407 0.000606591 0.000454774 0.000337709 0.000248401 0.000181009 0.000130732 9.3685e-05 6.67805e-05 4.76123e-05 3.43543e-05 2.56733e-05 2.06657e-05 
2.49434e-05 2.63532e-05 3.1795e-05 4.18964e-05 5.7757e-05 8.10207e-05 0.000113964 0.000159607 0.000221841 0.000305574 0.000416882 0.00056316 0.000753267 0.000997638 0.00130837 0.00169925 0.00218573 0.00278476 0.00351465 0.00439468 0.00544474 0.00668477 0.00813412 0.00981091 0.0117312 0.0139082 0.0163516 0.0190666 0.0220533 0.0253064 0.0288144 0.0325596 0.0365178 0.0406586 0.0449461 0.0493386 0.0537901 0.0582509 0.0626687 0.0669892 0.071158 0.0751211 0.0788263 0.0822242 0.085269 0.0879195 0.0901395 0.0918988 0.0931734 0.0939461 0.0942062 0.0939504 0.0931823 0.0919123 0.0901581 0.0879437 0.0852995 0.0822616 0.0788712 0.0751743 0.0712202 0.0670611 0.0627508 0.0583436 0.0538933 0.0494523 0.0450698 0.0407917 0.0366591 0.032708 0.0289683 0.025464 0.0222127 0.0192259 0.0165089 0.0140617 0.0118792 0.00995187 0.00826676 0.00680808 0.00555801 0.00449748 0.00360682 0.00286642 0.00225721 0.00176107 0.00136119 0.00104223 0.000790453 0.000593795 0.000441809 0.000325603 0.000237723 0.000172024 0.000123515 8.82188e-05 6.30285e-05 4.55801e-05 3.41443e-05 2.75479e-05 
3.29966e-05 3.487e-05 4.20262e-05 5.52785e-05 7.60478e-05 0.000106454 0.000149425 0.000208835 0.000289662 0.000398161 0.000542054 0.000730702 0.000975276 0.00128888 0.00168665 0.00218573 0.00280524 0.0035661 0.00449068 0.00560246 0.00692542 0.00848342 0.0102994 0.0123944 0.014787 0.0174918 0.020519 0.0238733 0.0275531 0.0315499 0.035848 0.0404243 0.0452479 0.0502811 0.0554791 0.0607915 0.0661623 0.0715321 0.0768384 0.0820172 0.0870044 0.091737 0.0961542 0.100199 0.103818 0.106965 0.109598 0.111682 0.113191 0.114105 0.114411 0.114107 0.113195 0.111689 0.109607 0.106978 0.103836 0.100222 0.0961836 0.0917741 0.0870503 0.0820731 0.0769052 0.0716106 0.066253 0.0608946 0.0555947 0.0504086 0.0453865 0.0405728 0.0360049 0.0317133 0.027721 0.0240436 0.0206894 0.01766 0.0149509 0.0125522 0.0104492 0.008624 0.00705564 0.00572159 0.0045983 0.00366212 0.00288986 0.00225937 0.00174995 0.00134263 0.00102035 0.000768025 0.000572574 0.000422799 0.000309286 0.000224242 0.000161322 0.000115452 8.26588e-05 5.99108e-05 4.49872e-05 3.63789e-05 
4.32431e-05 4.57074e-05 5.50284e-05 7.22496e-05 9.91893e-05 0.000138554 0.000194075 0.000270672 0.000374649 0.000513906 0.000698153 0.000939126 0.00125077 0.00164937 0.00215366 0.00278476 0.0035661 0.00452313 0.00568298 0.00707383 0.00872431 0.0106626 0.0129154 0.015507 0.0184583 0.0217851 0.0254978 0.0295997 0.0340868 0.0389467 0.0441582 0.0496914 0.0555077 0.0615603 0.0677948 0.07415 0.0805595 0.0869524 0.0932553 0.0993936 0.105293 0.11088 0.116086 0.120846 0.125099 0.128792 0.131878 0.134319 0.136085 0.137153 0.13751 0.137151 0.136082 0.134316 0.131875 0.12879 0.125099 0.12085 0.116095 0.110896 0.105316 0.0994269 0.0932999 0.0870096 0.0806304 0.0742355 0.0678951 0.0616754 0.055637 0.0498339 0.0443125 0.039111 0.034259 0.0297773 0.0256782 0.0219657 0.0186366 0.0156806 0.0130821 0.0108205 0.00887197 0.00721009 0.00580707 0.0046347 0.00366511 0.00287151 0.00222871 0.00171347 0.00130482 0.000984132 0.000735144 0.000543912 0.000398659 0.000289602 0.000208751 0.000149695 0.000107401 7.80194e-05 5.87249e-05 4.75954e-05 
5.61472e-05 5.93568e-05 7.13828e-05 9.35511e-05 0.000128166 0.000178652 0.000249715 0.000347544 0.000480047 0.0006571 0.0008908 0.00119571 0.00158906 0.00209091 0.00272419 0.00351465 0.00449068 0.00568298 0.00712399 0.00884722 0.0108864 0.0132743 0.0160418 0.0192163 0.0228208 0.0268721 0.03138 0.0363459 0.0417621 0.0476111 0.0538651 0.0604861 0.0674262 0.0746282 0.0820264 0.0895479 0.0971141 0.104642 0.112047 0.119242 0.126142 0.132665 0.138731 0.144268 0.149208 0.153492 0.157069 0.159894 0.161936 0.16317 0.163581 0.163165 0.161926 0.15988 0.157051 0.153473 0.149188 0.144249 0.138714 0.132653 0.126137 0.119246 0.112062 0.104671 0.0971575 0.0896077 0.0821035 0.0747231 0.0675388 0.0606156 0.0540103 0.0477703 0.0419331 0.036526 0.0315665 0.027062 0.0230111 0.0194041 0.0162243 0.0134491 0.0110515 0.00900101 0.00726528 0.00581104 0.0046052 0.0036157 0.00281219 0.00216655 0.00165322 0.00124943 0.000935186 0.000693285 0.000509137 0.00037058 0.000267646 0.000192315 0.00013827 0.00010067 7.59541e-05 6.16968e-05 
7.22329e-05 7.63721e-05 9.17429e-05 0.000120014 0.000164079 0.000228226 0.000318336 0.000442124 0.000609412 0.000832427 0.00112609 0.00150831 0.00200017 0.0026261 0.00341392 0.00439468 0.00560246 0.00707383 0.00884722 0.010962 0.0134573 0.0163711 0.0197381 0.0235891 0.0279485 0.0328338 0.0382534 0.0442056 0.0506781 0.0576468 0.0650758 0.0729175 0.0811132 0.0895937 0.0982807 0.107088 0.115925 0.124694 0.133299 0.14164 0.149622 0.157152 0.164141 0.17051 0.176183 0.181096 0.185193 0.188426 0.190761 0.19217 0.192638 0.192161 0.190742 0.1884 0.185159 0.181056 0.176139 0.170463 0.164094 0.157107 0.149582 0.141608 0.133277 0.124686 0.115933 0.107114 0.0983263 0.0896599 0.0812006 0.0730259 0.0652042 0.0577937 0.0508414 0.0443826 0.038441 0.0330288 0.0281474 0.0237883 0.0199345 0.0165616 0.0136393 0.0111333 0.00900607 0.00721906 0.00573338 0.00451108 0.003516 0.00271442 0.00207555 0.00157179 0.00117883 0.000875639 0.000644317 0.00046989 0.000340039 0.000244825 0.000176394 0.000128716 9.73437e-05 7.92457e-05 
9.20807e-05 9.7367e-05 0.000116831 0.000152552 0.00020813 0.000288887 0.000402102 0.000557298 0.000766563 0.00104489 0.00141053 0.00188525 0.00249462 0.00326811 0.00423912 0.00544474 0.00692542 0.00872431 0.0108864 0.0134573 0.0164823 0.0200041 0.0240617 0.0286887 0.0339108 0.039745 0.0461975 0.0532624 0.0609211 0.0691416 0.0778783 0.0870723 0.0966524 0.106536 0.116631 0.126837 0.137048 0.147155 0.157046 0.166611 0.175744 0.18434 0.192304 0.199547 0.205989 0.21156 0.216199 0.219857 0.222496 0.224087 0.224615 0.224073 0.222468 0.219817 0.216147 0.211497 0.205918 0.199469 0.192223 0.184258 0.175664 0.166537 0.156981 0.147103 0.137013 0.126821 0.116636 0.106565 0.0967058 0.0871508 0.0779814 0.0692682 0.0610692 0.0534293 0.0463802 0.0399398 0.0341139 0.028896 0.0242694 0.0202084 0.0166799 0.0136455 0.0110627 0.00888702 0.00707338 0.00557734 0.00435627 0.00337016 0.00258228 0.00195951 0.00147257 0.001096 0.000808053 0.000590453 0.000428127 0.000308867 0.000223004 0.000163092 0.00012363 0.000100864 
0.000116322 0.000123009 0.000147429 0.000192153 0.000261615 0.000362359 0.000503312 0.00069612 0.000955521 0.00129974 0.00175084 0.00233509 0.00308319 0.00403035 0.00521625 0.00668477 0.00848342 0.0106626 0.0132743 0.0163711 0.0200041 0.0242213 0.0290656 0.0345729 0.0407695 0.047671 0.05528 0.063585 0.0725598 0.0821626 0.0923362 0.103009 0.114095 0.125498 0.13711 0.148814 0.160491 0.172017 0.183267 0.194119 0.204454 0.214161 0.223136 0.231283 0.238516 0.244762 0.249956 0.254048 0.256996 0.258773 0.259361 0.258754 0.256959 0.253993 0.249884 0.244675 0.238416 0.231172 0.223017 0.214038 0.20433 0.193998 0.183154 0.171915 0.160406 0.148748 0.137066 0.125481 0.114106 0.103049 0.0924051 0.0822602 0.0726845 0.0637344 0.0554508 0.0478595 0.0409715 0.0347838 0.029281 0.0244367 0.0202155 0.0165749 0.0134675 0.0108427 0.00864872 0.00683417 0.00534927 0.00414706 0.00318413 0.00242114 0.00182315 0.00135962 0.00100438 0.000735344 0.000534233 0.00038619 0.000279416 0.000204804 0.00015561 0.000127226 
0.000145629 0.000154007 0.000184368 0.000239858 0.000325891 0.00045044 0.000624352 0.000861741 0.00118041 0.00160229 0.00215387 0.0028665 0.00377667 0.00492608 0.00636145 0.00813412 0.0102994 0.0129154 0.0160418 0.0197381 0.0240617 0.0290656 0.0347963 0.041291 0.048576 0.056664 0.0655529 0.0752239 0.0856411 0.0967512 0.108484 0.120753 0.133456 0.146481 0.159703 0.172991 0.186208 0.199216 0.211877 0.224059 0.235631 0.246475 0.256479 0.265541 0.273574 0.280498 0.28625 0.290775 0.294033 0.295995 0.296643 0.295971 0.293986 0.290705 0.286159 0.280387 0.273444 0.265397 0.256322 0.246309 0.235461 0.223888 0.211711 0.199059 0.186066 0.172868 0.159604 0.14641 0.133415 0.120744 0.10851 0.0968109 0.0857337 0.0753473 0.0657042 0.0568393 0.0487707 0.0415003 0.035015 0.0292887 0.0242843 0.0199557 0.0162506 0.0131123 0.0104819 0.00830062 0.00651092 0.00505823 0.00389176 0.00296524 0.00223734 0.00167181 0.00123742 0.000907729 0.000660762 0.000478611 0.000347007 0.000254908 0.000194124 0.000159048 
0.000180701 0.000191099 0.000228508 0.000296742 0.000402351 0.000554962 0.000767639 0.00105733 0.00144535 0.00195786 0.00262633 0.00348787 0.00458548 0.00596802 0.00768999 0.00981091 0.0123944 0.015507 0.0192163 0.0235891 0.0286887 0.0345729 0.041291 0.0488812 0.057368 0.0667603 0.0770491 0.0882066 0.100186 0.112919 0.126322 0.140291 0.154708 0.169441 0.184349 0.199284 0.214093 0.228625 0.242729 0.256261 0.269083 0.281068 0.292099 0.302072 0.310894 0.318488 0.324786 0.329736 0.333296 0.335437 0.336144 0.335409 0.333239 0.329652 0.324676 0.318353 0.310737 0.301894 0.291904 0.280859 0.268865 0.256038 0.242507 0.22841 0.21389 0.199099 0.184187 0.169308 0.154607 0.140227 0.126296 0.112932 0.100237 0.0882956 0.0771726 0.0669147 0.0575487 0.0490828 0.041508 0.0347994 0.028919 0.023818 0.0194392 0.0157197 0.0125937 0.00999445 0.00785622 0.00611616 0.00471542 0.00360011 0.0027218 0.00203783 0.00151128 0.00111077 0.000810137 0.000587974 0.000427181 0.00031449 0.000240041 0.000197073 
0.000222245 0.000235031 0.000280715 0.000363879 0.00049238 0.000677737 0.000935544 0.00128598 0.00175432 0.0023715 0.00317459 0.00420711 0.00551925 0.00716778 0.00921565 0.0117312 0.014787 0.0184583 0.0228208 0.0279485 0.0339108 0.0407695 0.048576 0.057368 0.0671672 0.0779767 0.089779 0.102535 0.116185 0.130646 0.145815 0.161571 0.177778 0.194284 0.210932 0.227555 0.243985 0.260058 0.275611 0.290489 0.304549 0.317657 0.329693 0.340551 0.350137 0.358374 0.365196 0.37055 0.374398 0.376711 0.377473 0.376679 0.374334 0.370455 0.365069 0.358218 0.349954 0.340342 0.329462 0.317407 0.304285 0.290215 0.275333 0.259783 0.243719 0.227304 0.210703 0.194084 0.177611 0.161443 0.145729 0.130603 0.116187 0.102581 0.0898665 0.0781024 0.0673265 0.0575554 0.0487854 0.0409945 0.034145 0.0281857 0.0230553 0.0186851 0.0150021 0.0119314 0.00939862 0.00733222 0.0056646 0.00433352 0.00328281 0.00246268 0.00182989 0.00134754 0.000984718 0.000716088 0.000521326 0.000384631 0.000294232 0.000242051 
0.000270955 0.000286535 0.000341834 0.000442311 0.000597309 0.000820488 0.0011303 0.00155056 0.00211099 0.00284785 0.0038044 0.00503125 0.00658646 0.00853538 0.0109501 0.0139082 0.0174918 0.0217851 0.0268721 0.0328338 0.039745 0.047671 0.056664 0.0667603 0.0779767 0.0903088 0.103729 0.118184 0.1336 0.149875 0.166888 0.184499 0.20255 0.220872 0.239287 0.257612 0.275666 0.29327 0.310251 0.326447 0.341708 0.355898 0.368894 0.380592 0.390898 0.399738 0.407047 0.412777 0.416891 0.419362 0.420176 0.419327 0.416821 0.412672 0.406907 0.399565 0.390693 0.380356 0.368631 0.35561 0.3414 0.326124 0.309919 0.292936 0.275337 0.257294 0.238988 0.2206 0.202312 0.184301 0.166735 0.149769 0.133544 0.118179 0.103772 0.0903976 0.078107 0.0669265 0.0568597 0.0478891 0.0399785 0.0330755 0.0271154 0.022024 0.0177213 0.0141242 0.0111494 0.00871615 0.00674752 0.00517235 0.00392599 0.0029509 0.00219688 0.00162087 0.00118672 0.000864668 0.000630771 0.000466372 0.000357544 0.000294714 
0.000327484 0.000346296 0.000412654 0.000533005 0.000718359 0.000984782 0.00135393 0.00185363 0.00251858 0.00339089 0.00452063 0.00596612 0.00779395 0.0100787 0.012902 0.0163516 0.020519 0.0254978 0.03138 0.0382534 0.0461975 0.05528 0.0655529 0.0770491 0.089779 0.103729 0.118858 0.135099 0.152357 0.170515 0.189429 0.208938 0.228863 0.249016 0.269199 0.289215 0.308867 0.327964 0.346326 0.363784 0.380185 0.395392 0.409284 0.421756 0.432722 0.442109 0.449859 0.455926 0.460278 0.46289 0.46375 0.462853 0.460203 0.455814 0.44971 0.441923 0.4325 0.4215 0.408995 0.395073 0.37984 0.363418 0.345944 0.327574 0.308476 0.288832 0.268831 0.248672 0.228551 0.208666 0.189203 0.17034 0.152237 0.135034 0.118848 0.103773 0.0898727 0.0771869 0.0657282 0.0554854 0.0464251 0.0384953 0.0316287 0.0257462 0.0207611 0.0165822 0.0131171 0.0102755 0.00797081 0.00612222 0.00465606 0.00350638 0.00261537 0.00193328 0.00141813 0.00103526 0.000756725 0.000560673 0.000430764 0.000355749 
0.000392414 0.000414928 0.000493873 0.000636803 0.000856581 0.00117195 0.00160808 0.00219729 0.00297966 0.00400373 0.00532695 0.00701596 0.00914648 0.0118028 0.0150769 0.0190666 0.0238733 0.0295997 0.0363459 0.0442056 0.0532624 0.063585 0.0752239 0.0882066 0.102535 0.118184 0.135099 0.153193 0.172353 0.19244 0.213288 0.234713 0.256516 0.278488 0.300414 0.322079 0.343274 0.3638 0.383469 0.402108 0.419565 0.435702 0.450403 0.46357 0.475119 0.484985 0.493116 0.499474 0.504029 0.506762 0.507661 0.506724 0.503953 0.49936 0.492963 0.484792 0.474887 0.4633 0.450096 0.43536 0.419191 0.401706 0.383045 0.363361 0.342827 0.321633 0.299978 0.278072 0.25613 0.234365 0.212986 0.19219 0.172162 0.153062 0.13503 0.118177 0.102585 0.088309 0.0753722 0.0637717 0.0534789 0.0444434 0.0365963 0.0298547 0.0241257 0.0193101 0.0153068 0.0120153 0.00933898 0.00718719 0.00547653 0.0041321 0.00308786 0.00228677 0.00168055 0.00122916 0.000900219 0.000668365 0.000514583 0.000425764 
0.000466226 0.000492932 0.000586059 0.000754378 0.0010128 0.00138299 0.001894 0.002583 0.00349597 0.00468836 0.00622557 0.00818309 0.0106463 0.0137099 0.0174761 0.0220533 0.0275531 0.0340868 0.0417621 0.0506781 0.0609211 0.0725598 0.0856411 0.100186 0.116185 0.1336 0.152357 0.172353 0.193452 0.215491 0.23828 0.261615 0.285273 0.309024 0.332637 0.355883 0.378542 0.400405 0.421282 0.441 0.459405 0.476368 0.491775 0.505538 0.51758 0.527847 0.536293 0.542887 0.547606 0.550436 0.551367 0.550398 0.547531 0.542774 0.53614 0.527654 0.517347 0.505262 0.491459 0.476011 0.459011 0.440571 0.420824 0.399925 0.378046 0.355381 0.332138 0.308539 0.284812 0.26119 0.2379 0.215164 0.193186 0.172152 0.152223 0.133533 0.116184 0.100246 0.085756 0.0727217 0.0611211 0.0509068 0.0420101 0.0343451 0.0278132 0.022308 0.0177193 0.013937 0.0108541 0.00836935 0.00638945 0.0048299 0.00361596 0.00268276 0.00197516 0.00144732 0.00106204 0.000790101 0.000609557 0.000505258 
0.000549261 0.000580666 0.000689606 0.00088618 0.00118753 0.00161851 0.00221237 0.00301152 0.00406827 0.00544547 0.00721696 0.00946759 0.0122929 0.015798 0.0200963 0.0253064 0.0315499 0.0389467 0.0476111 0.0576468 0.0691416 0.0821626 0.0967512 0.112919 0.130646 0.149875 0.170515 0.19244 0.215491 0.239479 0.264194 0.289403 0.314865 0.34033 0.36555 0.390282 0.414299 0.437386 0.459351 0.480023 0.499254 0.516918 0.532916 0.547164 0.559601 0.57018 0.578866 0.585637 0.590478 0.593379 0.594335 0.593344 0.590408 0.58553 0.578721 0.569994 0.559374 0.546893 0.532601 0.516559 0.498851 0.479579 0.458871 0.436875 0.413763 0.389732 0.364995 0.339782 0.314335 0.288904 0.263736 0.239074 0.215147 0.192164 0.170311 0.149745 0.130588 0.112931 0.0968265 0.0822937 0.0693196 0.0578616 0.0478525 0.0392046 0.0318148 0.02557 0.0203513 0.0160388 0.0125152 0.00966857 0.00739509 0.00560034 0.00420033 0.00312189 0.00230258 0.00169031 0.00124268 0.000926306 0.000716063 0.00059458 
0.000641694 0.000678309 0.000804695 0.00103239 0.00138094 0.00187863 0.00256322 0.00348271 0.00469615 0.00627423 0.00829963 0.010867 0.0140824 0.0180618 0.0229293 0.0288144 0.035848 0.0441582 0.0538651 0.0650758 0.0778783 0.0923362 0.108484 0.126322 0.145815 0.166888 0.189429 0.213288 0.23828 0.264194 0.290791 0.317816 0.345006 0.372094 0.398815 0.424918 0.450166 0.474343 0.497258 0.518744 0.538661 0.556894 0.573353 0.58797 0.600694 0.611491 0.62034 0.627226 0.632144 0.635089 0.63606 0.635057 0.63208 0.627129 0.620207 0.61132 0.600481 0.587713 0.57305 0.556542 0.538261 0.518296 0.496766 0.473812 0.449602 0.424329 0.398213 0.37149 0.344413 0.317247 0.290259 0.263711 0.237858 0.212935 0.189151 0.166689 0.145696 0.12628 0.108514 0.0924312 0.0780289 0.0652718 0.0540956 0.044412 0.0361147 0.0290844 0.0231943 0.0183148 0.0143183 0.0110822 0.0084918 0.0064424 0.00484041 0.00360391 0.00266275 0.00195817 0.00144225 0.00107713 0.000834262 0.000693899 
0.000743496 0.000785826 0.000931259 0.00119287 0.00159278 0.00216293 0.00294585 0.00399547 0.00537793 0.00717211 0.00946994 0.0123762 0.0160075 0.0204911 0.0259619 0.0325596 0.0404243 0.0496914 0.0604861 0.0729175 0.0870723 0.103009 0.120753 0.140291 0.161571 0.184499 0.208938 0.234713 0.261615 0.289403 0.317816 0.346575 0.375396 0.403993 0.43209 0.459427 0.485762 0.51088 0.534593 0.556742 0.577198 0.595858 0.612646 0.627508 0.640409 0.651329 0.660259 0.667198 0.672146 0.675108 0.676087 0.675082 0.672093 0.667115 0.660145 0.651179 0.640219 0.627274 0.612364 0.595525 0.576813 0.556304 0.534104 0.510342 0.485182 0.458812 0.431452 0.403342 0.374747 0.345943 0.317215 0.288847 0.261116 0.234283 0.208585 0.184229 0.161387 0.140191 0.120733 0.103063 0.0871908 0.0730902 0.0607014 0.0499375 0.0406896 0.0328334 0.0262347 0.0207549 0.0162561 0.0126049 0.00967575 0.00735344 0.0055344 0.00412763 0.00305488 0.00225042 0.00166045 0.00124239 0.000964063 0.000803166 
0.00085441 0.000902938 0.00106894 0.00136714 0.00182235 0.00247037 0.00335875 0.00454763 0.00611053 0.00813483 0.010722 0.013987 0.0180575 0.0230717 0.0291752 0.0365178 0.0452479 0.0555077 0.0674262 0.0811132 0.0966524 0.114095 0.133456 0.154708 0.177778 0.20255 0.228863 0.256516 0.285273 0.314865 0.345006 0.375396 0.405728 0.435704 0.465036 0.493456 0.520722 0.546622 0.570973 0.593628 0.61447 0.633412 0.650394 0.665378 0.678347 0.689295 0.698228 0.705156 0.71009 0.713043 0.71402 0.713023 0.71005 0.705092 0.698137 0.689172 0.678187 0.665176 0.650144 0.63311 0.614112 0.593212 0.570499 0.546091 0.520139 0.492828 0.464373 0.435018 0.405034 0.374708 0.344341 0.314239 0.2847 0.256011 0.228435 0.202207 0.177525 0.154546 0.133382 0.114104 0.0967343 0.0812582 0.0676224 0.0557424 0.0455087 0.0367927 0.0294537 0.0233446 0.0183174 0.0142283 0.0109408 0.008329 0.00627909 0.00469075 0.00347737 0.00256593 0.00189652 0.00142157 0.00110509 0.000922091 
0.000973926 0.00102911 0.00121709 0.00155431 0.00206843 0.00279925 0.00379955 0.00513591 0.00688943 0.00915623 0.0120474 0.0156885 0.020218 0.0257848 0.0325454 0.0406586 0.0502811 0.0615603 0.0746282 0.0895937 0.106536 0.125498 0.146481 0.169441 0.194284 0.220872 0.249016 0.278488 0.309024 0.34033 0.372094 0.403993 0.435704 0.466914 0.497327 0.526671 0.554705 0.581221 0.606049 0.629051 0.650128 0.669208 0.686252 0.701239 0.714169 0.725055 0.733915 0.740774 0.745653 0.74857 0.749537 0.748558 0.745627 0.740731 0.733852 0.724965 0.714046 0.701076 0.686043 0.668946 0.649807 0.628668 0.605601 0.58071 0.554132 0.526043 0.496652 0.466205 0.434974 0.403259 0.371373 0.33964 0.308382 0.27791 0.248514 0.220456 0.193963 0.169215 0.14635 0.125457 0.106578 0.0897072 0.0748015 0.0617802 0.0505342 0.0409321 0.0328273 0.026065 0.0204878 0.0159415 0.0122787 0.0093628 0.00706983 0.00528988 0.00392776 0.00290294 0.00214918 0.00161373 0.00125664 0.00105011 
0.00110127 0.0011635 0.00137472 0.00175312 0.0023293 0.00314722 0.00426502 0.00575586 0.00770864 0.0102283 0.0134357 0.0174669 0.0224709 0.0286077 0.0360434 0.0449461 0.0554791 0.0677948 0.0820264 0.0982807 0.116631 0.13711 0.159703 0.184349 0.210932 0.239287 0.269199 0.300414 0.332637 0.36555 0.398815 0.43209 0.465036 0.497327 0.528661 0.558765 0.587401 0.614371 0.639514 0.662709 0.683874 0.702958 0.719938 0.734816 0.74761 0.758349 0.767068 0.773803 0.778588 0.781447 0.782397 0.781443 0.778578 0.773784 0.767035 0.758296 0.747529 0.7347 0.719778 0.702745 0.683601 0.662371 0.639105 0.613891 0.586851 0.558149 0.527987 0.496606 0.464282 0.431321 0.398048 0.364804 0.331932 0.299767 0.268627 0.2388 0.210541 0.184058 0.159514 0.137017 0.116629 0.0983596 0.0821736 0.0679968 0.0557218 0.0452154 0.0363266 0.0288933 0.0227493 0.0177303 0.0136785 0.0104467 0.0079005 0.00592048 0.0044027 0.00325901 0.00241664 0.00181757 0.00141771 0.0011864 
0.00123539 0.00130502 0.00154051 0.00196187 0.00260271 0.00351123 0.00475103 0.00640195 0.00856073 0.0113412 0.014874 0.0193054 0.0247951 0.0315133 0.0396357 0.0493386 0.0607915 0.07415 0.0895479 0.107088 0.126837 0.148814 0.172991 0.199284 0.227555 0.257612 0.289215 0.322079 0.355883 0.390282 0.424918 0.459427 0.493456 0.526671 0.558765 0.589466 0.618543 0.645807 0.671113 0.694356 0.715474 0.734435 0.751239 0.765907 0.778475 0.788992 0.797509 0.804074 0.80873 0.811511 0.812438 0.811516 0.808738 0.804081 0.797509 0.78898 0.778441 0.765841 0.751133 0.734278 0.715257 0.694071 0.670753 0.64537 0.618027 0.588874 0.558104 0.52595 0.49269 0.458632 0.424114 0.389489 0.355122 0.32137 0.288576 0.257058 0.227096 0.198928 0.172742 0.148669 0.12679 0.10713 0.0896663 0.0743314 0.061021 0.0496015 0.0399181 0.0318026 0.0250805 0.0195781 0.0151274 0.0115707 0.00876359 0.0065769 0.004898 0.00363102 0.0026966 0.00203134 0.00158695 0.00132981 
0.00137497 0.00145227 0.00171282 0.00217849 0.00288593 0.00388761 0.00525264 0.00706757 0.00943695 0.0124835 0.0163473 0.0211849 0.0271663 0.0344713 0.0432847 0.0537901 0.0661623 0.0805595 0.0971141 0.115925 0.137048 0.160491 0.186208 0.214093 0.243985 0.275666 0.308867 0.343274 0.378542 0.414299 0.450166 0.485762 0.520722 0.554705 0.587401 0.618543 0.647908 0.675318 0.700645 0.723804 0.744752 0.76348 0.780007 0.794377 0.806645 0.816877 0.82514 0.831494 0.835994 0.83868 0.839578 0.838694 0.83602 0.831527 0.825175 0.816907 0.806659 0.794365 0.779959 0.763384 0.744597 0.72358 0.700343 0.674932 0.647435 0.617986 0.586763 0.553996 0.519955 0.484953 0.449334 0.413468 0.377732 0.342509 0.308166 0.275047 0.243462 0.213675 0.185899 0.160293 0.136954 0.115928 0.0972018 0.080718 0.0663766 0.0540445 0.0435643 0.0347625 0.0274572 0.0214657 0.0166104 0.0127234 0.00965024 0.00725243 0.00540862 0.00401521 0.00298625 0.0022529 0.00176267 0.00147894 
0.00151845 0.00160358 0.0018897 0.00240052 0.00317573 0.00427207 0.00576414 0.00774512 0.0103273 0.0136421 0.017839 0.0230842 0.0295576 0.0374483 0.0469494 0.0582509 0.0715321 0.0869524 0.104642 0.124694 0.147155 0.172017 0.199216 0.228625 0.260058 0.29327 0.327964 0.3638 0.400405 0.437386 0.474343 0.51088 0.546622 0.581221 0.614371 0.645807 0.675318 0.702741 0.727964 0.750924 0.771596 0.789996 0.806164 0.820163 0.83207 0.841966 0.849934 0.856047 0.860368 0.862947 0.863811 0.862969 0.860412 0.856106 0.850003 0.842038 0.832133 0.820207 0.806176 0.789964 0.771507 0.750765 0.727725 0.702414 0.674898 0.645293 0.613766 0.580533 0.545863 0.510066 0.473494 0.436525 0.399555 0.362985 0.327207 0.292591 0.259473 0.228146 0.198849 0.171765 0.147014 0.124657 0.104698 0.0870865 0.0717293 0.058495 0.0472245 0.0377399 0.0298527 0.0233719 0.0181107 0.0138916 0.0105504 0.00793942 0.00592877 0.00440723 0.00328231 0.00247977 0.0019429 0.0016321 
