0.000247471 0.000252072 0.000268321 0.000296668 0.000337808 0.000392715 0.000462637 0.000549083 0.000653811 0.000778815 0.0009263 0.00109866 0.00129843 0.00152829 0.00179096 0.00208921 0.00242575 0.00280321 0.00322403 0.00369045 0.00420437 0.00476729 0.00538029 0.00604386 0.00675791 0.00752168 0.00833368 0.00919166 0.0100926 0.0110325 0.0120069 0.0130101 0.014036 0.0150775 0.0161272 0.0171767 0.0182175 0.0192406 0.0202368 0.0211967 0.0221111 0.0229709 0.0237673 0.024492 0.0251375 0.0256967 0.0261636 0.026533 0.0268008 0.0269641 0.027021 0.026971 0.0268145 0.0265535 0.0261907 0.0257304 0.0251775 0.0245382 0.0238192 0.0230284 0.0221738 0.0212643 0.0203089 0.0193168 0.0182973 0.0172595 0.0162126 0.015165 0.014125 0.0131001 0.0120973 0.0111229 0.0101823 0.0092803 0.00842072 0.00760666 0.00684041 0.00612351 0.00545675 0.00484028 0.00427364 0.00375582 0.00328537 0.00286041 0.00247879 0.00213808 0.0018357 0.00156898 0.00133517 0.00113158 0.00095555 0.000804553 0.000676199 0.000568286 0.000478814 0.000406013 0.000348359 0.000304587 0.0002737 0.000255012 
0.000252072 0.000256769 0.000273335 0.000302231 0.000344162 0.000400124 0.000471385 0.000559482 0.000666207 0.000793588 0.000943871 0.00111949 0.00132303 0.00155721 0.00182481 0.00212862 0.00247142 0.00285586 0.00328445 0.00375942 0.00428271 0.00485586 0.00547992 0.0061554 0.0068822 0.00765953 0.00848586 0.00935889 0.0102755 0.0112317 0.0122229 0.0132433 0.0142866 0.0153458 0.0164131 0.0174802 0.0185383 0.0195783 0.0205909 0.0215665 0.0224958 0.0233695 0.0241788 0.0249152 0.025571 0.0261392 0.0266135 0.0269887 0.0272608 0.0274266 0.0274844 0.0274335 0.0272745 0.0270092 0.0266406 0.0261728 0.025611 0.0249613 0.0242307 0.023427 0.0225585 0.0216341 0.020663 0.0196545 0.0186181 0.0175631 0.0164986 0.0154334 0.0143758 0.0133335 0.0123136 0.0113225 0.0103656 0.00944794 0.00857334 0.00774498 0.0069652 0.00623556 0.0055569 0.00492937 0.00435251 0.00382531 0.00334629 0.00291357 0.00252494 0.00217795 0.00186999 0.00159831 0.00136016 0.00115276 0.000973443 0.000819615 0.000688852 0.00057891 0.000487753 0.000413582 0.000354843 0.000310248 0.000278782 0.000259746 
0.000268321 0.000273335 0.000290953 0.000321657 0.000366197 0.000425619 0.000501262 0.000594748 0.000707963 0.000843044 0.00100235 0.00118845 0.00140405 0.00165201 0.00193523 0.00225665 0.00261915 0.00302553 0.00347837 0.00398001 0.00453245 0.00513725 0.0057955 0.00650768 0.00727364 0.0080925 0.00896263 0.00988154 0.0108459 0.0118516 0.0128936 0.013966 0.015062 0.0161743 0.0172948 0.0184146 0.0195247 0.0206154 0.0216771 0.0226997 0.0236735 0.0245889 0.0254366 0.0262078 0.0268944 0.0274892 0.0279856 0.0283782 0.0286629 0.0288363 0.0288965 0.0288431 0.0286764 0.0283986 0.0280125 0.0275226 0.0269342 0.0262536 0.0254883 0.0246462 0.0237361 0.0227672 0.0217491 0.0206916 0.0196045 0.0184977 0.0173806 0.0162624 0.0151518 0.0140569 0.0129851 0.0119432 0.0109371 0.00997169 0.0090513 0.00817923 0.00735799 0.00658925 0.00587394 0.00521226 0.00460376 0.00404742 0.00354172 0.00308471 0.0026741 0.00230735 0.00198172 0.00169435 0.00144234 0.0012228 0.00103291 0.000869967 0.000731408 0.000614878 0.000518235 0.000439582 0.000377285 0.000329985 0.000296613 0.000276433 
0.000296668 0.000302231 0.000321657 0.000355475 0.000404499 0.000469868 0.000553039 0.000655772 0.000780114 0.000928384 0.00110314 0.00130714 0.00154334 0.0018148 0.00212465 0.00247605 0.00287209 0.00331574 0.00380976 0.00435664 0.00495846 0.00561687 0.00633295 0.00710717 0.00793927 0.00882824 0.00977222 0.0107685 0.0118133 0.0129023 0.0140298 0.0151894 0.016374 0.0175755 0.0187851 0.0199935 0.0211906 0.0223664 0.0235103 0.0246116 0.02566 0.0266451 0.0275569 0.0283863 0.0291245 0.0297637 0.030297 0.0307188 0.0310244 0.0312104 0.0312749 0.0312171 0.0310378 0.0307388 0.0303236 0.0297966 0.0291637 0.0284316 0.0276081 0.0267018 0.0257221 0.0246787 0.023582 0.0224424 0.0212705 0.0200767 0.0188713 0.0176641 0.0164645 0.0152812 0.0141224 0.0129952 0.011906 0.0108603 0.00986276 0.008917 0.00802579 0.00719102 0.00641376 0.00569431 0.00503224 0.00442652 0.00387557 0.00337734 0.0029294 0.00252904 0.00217333 0.00185921 0.00158357 0.0013433 0.00113536 0.000956808 0.000804902 0.000677082 0.000571028 0.000484683 0.000416274 0.000364327 0.000327679 0.000305531 
0.000337808 0.000344162 0.000366197 0.000404499 0.000459978 0.000533905 0.000627902 0.000743926 0.000884254 0.00105146 0.00124837 0.00147806 0.00174376 0.00204887 0.00239682 0.00279107 0.00323502 0.00373188 0.00428466 0.00489603 0.00556821 0.00630294 0.00710131 0.00796372 0.00888981 0.00987832 0.0109271 0.012033 0.013192 0.0143988 0.0156474 0.0169307 0.0182405 0.019568 0.0209036 0.0222369 0.023557 0.0248528 0.0261126 0.027325 0.0284784 0.0295616 0.030564 0.0314752 0.032286 0.0329877 0.0335731 0.0340358 0.0343709 0.0345747 0.0346451 0.0345812 0.034384 0.0340554 0.0335991 0.03302 0.0323244 0.0315197 0.0306143 0.0296176 0.0285397 0.0273913 0.0261837 0.0249283 0.0236366 0.0223201 0.02099 0.0196571 0.0183317 0.0170235 0.0157414 0.0144934 0.0132865 0.0121271 0.0110201 0.00996976 0.0089792 0.00805062 0.0071853 0.00638366 0.00564534 0.00496929 0.00435385 0.00379682 0.00329559 0.00284722 0.00244852 0.00209616 0.0017867 0.00151673 0.0012829 0.00108198 0.000910922 0.000766891 0.000647318 0.000549918 0.000472721 0.000414089 0.000372728 0.00034775 
0.000392715 0.000400124 0.000425619 0.000469868 0.000533905 0.000619172 0.000727506 0.000861124 0.0010226 0.00121484 0.00144103 0.00170462 0.00200927 0.00235874 0.0027569 0.00320759 0.00371457 0.00428141 0.0049114 0.00560744 0.00637195 0.00720674 0.00811293 0.00909084 0.0101399 0.0112586 0.0124443 0.0136935 0.0150013 0.016362 0.0177684 0.0192126 0.0206855 0.0221771 0.0236765 0.0251722 0.0266521 0.0281036 0.029514 0.0308703 0.03216 0.0333706 0.0344902 0.0355075 0.0364123 0.0371951 0.0378478 0.0383635 0.0387367 0.0389635 0.0390415 0.0389699 0.0387493 0.0383824 0.0378729 0.0372263 0.0364495 0.0355507 0.0345392 0.0334252 0.0322201 0.0309355 0.0295841 0.0281783 0.026731 0.025255 0.0237628 0.0222664 0.0207773 0.0193065 0.0178638 0.0164583 0.0150981 0.0137901 0.0125402 0.0113532 0.0102328 0.00918144 0.00820082 0.0072915 0.00645322 0.0056849 0.00498479 0.00435052 0.00377924 0.00326772 0.00281243 0.00240968 0.00205564 0.0017465 0.00147851 0.00124805 0.00105168 0.000886216 0.000748758 0.000636727 0.000547896 0.000480411 0.000432809 0.000404082 
0.000462637 0.000471385 0.000501262 0.000553039 0.000627902 0.000727506 0.000853958 0.0010098 0.00119797 0.00142178 0.00168489 0.0019912 0.00234485 0.00275014 0.0032114 0.00373298 0.00431907 0.00497367 0.00570041 0.00650248 0.00738251 0.00834241 0.00938329 0.0105054 0.0117078 0.0129888 0.0143451 0.0157725 0.0172655 0.0188173 0.0204197 0.0220637 0.0237388 0.0254337 0.0271361 0.0288329 0.0305104 0.0321546 0.033751 0.0352853 0.0367432 0.038111 0.0393752 0.0405234 0.041544 0.0424267 0.0431624 0.0437434 0.0441637 0.0444188 0.0445061 0.0444248 0.0441756 0.0437613 0.0431863 0.0424565 0.0415797 0.0405648 0.0394223 0.0381637 0.0368014 0.0353487 0.0338194 0.0322278 0.0305882 0.0289148 0.0272219 0.0255229 0.023831 0.0221584 0.0205164 0.0189153 0.0173644 0.0158718 0.0144441 0.0130869 0.0118045 0.0106001 0.00947562 0.00843182 0.00746859 0.00658486 0.00577875 0.00504771 0.00438861 0.00379786 0.00327153 0.00280546 0.00239537 0.00203695 0.00172595 0.00145826 0.00122998 0.00103748 0.000877451 0.000746947 0.00064342 0.000564749 0.00050926 0.000475799 
0.000549083 0.000559482 0.000594748 0.000655772 0.000743926 0.000861124 0.0010098 0.00119287 0.00141374 0.00167621 0.00198447 0.00234299 0.00275651 0.0032299 0.00376812 0.00437605 0.00505845 0.00581978 0.0066641 0.00759492 0.00861508 0.00972663 0.0109306 0.0122272 0.0136151 0.015092 0.0166543 0.0182967 0.0200128 0.0217947 0.023633 0.0255171 0.0274352 0.0293742 0.03132 0.0332578 0.0351721 0.0370469 0.0388659 0.040613 0.042272 0.0438275 0.0452644 0.0465688 0.0477277 0.0487296 0.0495642 0.050223 0.0506993 0.0509882 0.0510867 0.0509937 0.0507104 0.0502397 0.0495864 0.0487574 0.0477611 0.0466077 0.0453089 0.0438774 0.0423274 0.0406737 0.0389318 0.0371178 0.0352478 0.0333381 0.0314045 0.0294626 0.0275271 0.025612 0.0237304 0.0218941 0.0201137 0.0183985 0.0167563 0.0151937 0.0137159 0.0123264 0.0110278 0.00982115 0.0087065 0.00768278 0.00674802 0.00589942 0.00513354 0.00444638 0.00383352 0.00329029 0.00281183 0.00239325 0.00202971 0.00171651 0.0014492 0.0012236 0.00103593 0.000882789 0.000761248 0.000668863 0.000603703 0.000564438 
0.000653811 0.000666207 0.000707963 0.000780114 0.000884254 0.0010226 0.00119797 0.00141374 0.00167384 0.00198265 0.00234498 0.002766 0.0032511 0.00380588 0.00443595 0.00514689 0.00594405 0.00683244 0.0078166 0.0089004 0.0100869 0.0113783 0.0127756 0.0142787 0.0158859 0.0175945 0.0193997 0.0212957 0.0232747 0.0253275 0.0274433 0.0296097 0.031813 0.0340383 0.0362696 0.0384898 0.0406812 0.0428258 0.0449051 0.0469007 0.0487945 0.050569 0.0522074 0.0536938 0.0550139 0.0561545 0.0571043 0.0578538 0.0583953 0.0587234 0.0588348 0.0587284 0.0584053 0.0578688 0.0571244 0.0561797 0.0550443 0.0537295 0.0522483 0.0506153 0.0488461 0.0469576 0.0449673 0.0428933 0.0407538 0.0385673 0.0363518 0.034125 0.0319037 0.0297041 0.0275409 0.0254278 0.0233771 0.0213997 0.0195046 0.0176996 0.0159907 0.0143825 0.0128778 0.0114782 0.010184 0.00899417 0.00790658 0.00691821 0.00602526 0.00522325 0.00450725 0.00387194 0.00331183 0.00282135 0.00239497 0.0020273 0.00171322 0.00144796 0.00122713 0.00104682 0.000903654 0.000794799 0.000718024 0.000671791 
0.000778815 0.000793588 0.000843044 0.000928384 0.00105146 0.00121484 0.00142178 0.00167621 0.00198265 0.00234616 0.00277227 0.00326692 0.0038363 0.00448679 0.00522481 0.00605666 0.0069884 0.00802567 0.00917349 0.0104362 0.011817 0.0133183 0.0149409 0.0166844 0.0185468 0.0205244 0.0226119 0.0248019 0.0270855 0.0294519 0.0318884 0.0343808 0.0369134 0.0394689 0.042029 0.0445742 0.0470844 0.049539 0.0519172 0.054198 0.0563611 0.0583867 0.0602558 0.0619507 0.0634551 0.0647545 0.065836 0.0666891 0.0673051 0.0676781 0.0678042 0.0676824 0.0673137 0.066702 0.0658534 0.0647764 0.0634817 0.0619821 0.0602921 0.0584281 0.0564078 0.05425 0.0519745 0.0496018 0.0471526 0.0446477 0.0421077 0.0395526 0.0370018 0.0344736 0.0319851 0.029552 0.0271886 0.0249073 0.022719 0.0206326 0.0186553 0.0167925 0.0150479 0.0134236 0.0119199 0.0105361 0.00926986 0.00811796 0.00707619 0.00613956 0.00530252 0.00455908 0.003903 0.00332792 0.00282752 0.00239565 0.00202643 0.00171434 0.00145435 0.00124194 0.0010732 0.00094487 0.000854358 0.000799887 
0.0009263 0.000943871 0.00100235 0.00110314 0.00124837 0.00144103 0.00168489 0.00198447 0.00234498 0.00277227 0.0032727 0.00385306 0.00452044 0.00528213 0.00614542 0.00711745 0.00820506 0.00941454 0.0107515 0.0122207 0.0138256 0.0155686 0.0174504 0.0194703 0.0216256 0.0239119 0.0263225 0.028849 0.0314808 0.0342052 0.0370076 0.0398716 0.0427789 0.0457099 0.0486435 0.0515576 0.0544294 0.0572353 0.0599517 0.0625552 0.0650227 0.0673319 0.0694615 0.0713916 0.073104 0.0745823 0.0758122 0.0767819 0.0774819 0.0779053 0.078048 0.0779087 0.0774887 0.0767922 0.0758262 0.0746 0.0731257 0.0714176 0.069492 0.0673671 0.0650629 0.0626006 0.0600025 0.0572917 0.0544914 0.0516254 0.048717 0.045789 0.0428634 0.0399612 0.037102 0.034304 0.0315835 0.0289549 0.0264311 0.0240223 0.0217373 0.0195823 0.0175621 0.0156791 0.0139343 0.0123268 0.0108544 0.0095136 0.00829973 0.00720726 0.00622997 0.00536109 0.00459357 0.00392017 0.00333369 0.00282708 0.00239359 0.00202691 0.00172122 0.00147133 0.00127272 0.00112163 0.00101506 0.000950969 
0.00109866 0.00111949 0.00118845 0.00130714 0.00147806 0.00170462 0.0019912 0.00234299 0.002766 0.00326692 0.00385306 0.00453217 0.00531237 0.00620193 0.00720912 0.008342 0.00960825 0.0110149 0.0125682 0.0142732 0.0161337 0.0181522 0.0203291 0.0226632 0.0251512 0.0277875 0.0305643 0.0334716 0.0364969 0.0396255 0.0428405 0.046123 0.049452 0.052805 0.0561581 0.059486 0.0627628 0.065962 0.0690569 0.072021 0.0748284 0.0774541 0.0798742 0.0820664 0.0840104 0.085688 0.0870831 0.0881825 0.0889758 0.0894553 0.0896164 0.0894576 0.0889805 0.0881897 0.0870929 0.0857006 0.0840263 0.0820858 0.0798975 0.0774816 0.0748606 0.0720582 0.0690994 0.0660102 0.0628169 0.0595462 0.0562245 0.0528777 0.0495308 0.0462077 0.042931 0.0397213 0.0365976 0.0335766 0.030673 0.0278992 0.0252651 0.0227785 0.0204448 0.0182676 0.0162479 0.0143854 0.0126776 0.0111208 0.00970997 0.00843896 0.00730081 0.00628793 0.00539233 0.00460582 0.0039202 0.00332745 0.00281983 0.00239011 0.00203163 0.00173841 0.00150526 0.00132784 0.0012027 0.00112747 
0.00129843 0.00132303 0.00140405 0.00154334 0.00174376 0.00200927 0.00234485 0.00275651 0.0032511 0.0038363 0.00452044 0.00531237 0.00622131 0.00725662 0.00842764 0.00974346 0.0112126 0.012843 0.0146414 0.0166134 0.018763 0.0210924 0.0236021 0.0262901 0.0291523 0.0321818 0.0353696 0.0387035 0.0421693 0.0457498 0.0494256 0.0531748 0.0569736 0.0607962 0.0646155 0.0684029 0.072129 0.0757639 0.0792777 0.0826406 0.0858236 0.0887987 0.0915393 0.0940205 0.0962198 0.0981167 0.0996936 0.100936 0.101832 0.102373 0.102554 0.102374 0.101834 0.100939 0.0996985 0.0981233 0.0962286 0.094032 0.0915539 0.0888169 0.085846 0.0826677 0.0793099 0.0758018 0.0721729 0.0684533 0.0646726 0.0608602 0.0570445 0.0532527 0.0495102 0.0458409 0.0422664 0.0388061 0.035477 0.0322934 0.0292672 0.0264075 0.023721 0.0212119 0.0188821 0.0167312 0.0147571 0.0129556 0.0113214 0.00984766 0.00852665 0.00734988 0.00630838 0.00539288 0.0045941 0.00390291 0.00331052 0.00280865 0.0023897 0.00204682 0.00177405 0.00156642 0.00141997 0.00133198 
0.00152829 0.00155721 0.00165201 0.0018148 0.00204887 0.00235874 0.00275014 0.0032299 0.00380588 0.00448679 0.00528213 0.00620193 0.00725662 0.00845676 0.00981287 0.0113351 0.013033 0.0149152 0.0169891 0.0192608 0.0217344 0.0244122 0.0272941 0.0303774 0.0336569 0.0371246 0.0407694 0.0445775 0.0485321 0.0526134 0.056799 0.0610642 0.0653816 0.0697221 0.0740548 0.0783475 0.0825673 0.0866806 0.0906537 0.0944535 0.0980476 0.101405 0.104496 0.107292 0.10977 0.111906 0.113681 0.115079 0.116087 0.116695 0.116898 0.116694 0.116086 0.115078 0.11368 0.111906 0.109771 0.107294 0.1045 0.101412 0.0980582 0.0944684 0.0906735 0.0867059 0.0825989 0.0783858 0.0741002 0.069775 0.0654423 0.0611327 0.0568754 0.0526974 0.0486234 0.0446756 0.0408737 0.0372344 0.0337714 0.0304956 0.027415 0.0245349 0.0218577 0.0193837 0.0171105 0.0150341 0.0131486 0.0114465 0.00991922 0.00855742 0.00735099 0.00628954 0.00536258 0.00455978 0.00387118 0.00328737 0.00279968 0.00240031 0.00208246 0.00184044 0.00166973 0.0015672 
0.00179096 0.00182481 0.00193523 0.00212465 0.00239682 0.0027569 0.0032114 0.00376812 0.00443595 0.00522481 0.00614542 0.00720912 0.00842764 0.00981287 0.0113765 0.0131299 0.0150837 0.0172472 0.0196286 0.0222343 0.0250686 0.0281335 0.0314284 0.0349499 0.0386914 0.0426433 0.0467927 0.0511234 0.055616 0.0602478 0.0649933 0.0698241 0.0747093 0.079616 0.0845094 0.0893534 0.094111 0.0987448 0.103217 0.107491 0.111531 0.115303 0.118773 0.121911 0.12469 0.127084 0.129073 0.130639 0.131767 0.132448 0.132675 0.132446 0.131763 0.130633 0.129066 0.127076 0.124681 0.121902 0.118765 0.115297 0.111528 0.107492 0.103222 0.0987552 0.0941276 0.0893769 0.0845405 0.0796552 0.0747571 0.0698807 0.0650589 0.0603223 0.0556991 0.0512148 0.0468918 0.0427493 0.0388036 0.0350672 0.0315499 0.028258 0.025195 0.0223613 0.0197551 0.017372 0.0152057 0.0132482 0.0114901 0.00992089 0.00852939 0.00730396 0.00623284 0.0053044 0.00450738 0.00383115 0.00326588 0.00280271 0.00243391 0.00215301 0.00195486 0.00183592 
0.00208921 0.00212862 0.00225665 0.00247605 0.00279107 0.00320759 0.00373298 0.00437605 0.00514689 0.00605666 0.00711745 0.008342 0.00974346 0.0113351 0.0131299 0.0151406 0.0173785 0.0198542 0.0225764 0.0255517 0.0287845 0.0322766 0.0360267 0.0400302 0.0442794 0.0487627 0.053465 0.0583675 0.0634479 0.0686803 0.0740356 0.0794817 0.0849838 0.0905048 0.0960057 0.101446 0.106785 0.11198 0.116991 0.121776 0.126296 0.130512 0.134389 0.137894 0.140995 0.143667 0.145885 0.14763 0.148888 0.149646 0.149898 0.149642 0.14888 0.147619 0.14587 0.143649 0.140975 0.137873 0.134368 0.130491 0.126277 0.12176 0.116979 0.111973 0.106784 0.101452 0.0960197 0.0905275 0.0850158 0.0795236 0.0740876 0.0687425 0.0635201 0.0584496 0.0535563 0.0488627 0.0443872 0.0401449 0.036147 0.0324015 0.0289126 0.0256817 0.022707 0.0199841 0.0175065 0.0152653 0.0132505 0.0114503 0.00985252 0.00844411 0.00721195 0.006143 0.00522463 0.00444485 0.00379259 0.00325783 0.00283183 0.00250727 0.00227831 0.00214092 
0.00242575 0.00247142 0.00261915 0.00287209 0.00323502 0.00371457 0.00431907 0.00505845 0.00594405 0.0069884 0.00820506 0.00960825 0.0112126 0.013033 0.0150837 0.0173785 0.0199302 0.02275 0.0258472 0.0292288 0.0328991 0.0368594 0.0411076 0.0456381 0.0504413 0.0555035 0.0608074 0.0663311 0.0720491 0.077932 0.0839468 0.0900574 0.0962246 0.102407 0.108561 0.114642 0.120604 0.126401 0.131987 0.137318 0.142349 0.14704 0.151351 0.155245 0.158689 0.161655 0.164117 0.166053 0.167447 0.168287 0.168566 0.168281 0.167435 0.166035 0.164094 0.161627 0.158658 0.15521 0.151314 0.147003 0.142313 0.137283 0.131956 0.126374 0.120583 0.114628 0.108555 0.10241 0.0962379 0.0900814 0.0839821 0.0779788 0.0721076 0.066401 0.0608883 0.055595 0.0505424 0.0457479 0.0412249 0.0369828 0.0330274 0.0293604 0.0259808 0.0228841 0.0200633 0.0175092 0.0152107 0.0131551 0.0113288 0.00971754 0.00830662 0.00708155 0.0060282 0.00513315 0.00438396 0.00376939 0.00327958 0.00290629 0.00264293 0.00248497 
0.00280321 0.00285586 0.00302553 0.00331574 0.00373188 0.00428141 0.00497367 0.00581978 0.00683244 0.00802567 0.00941454 0.0110149 0.012843 0.0149152 0.0172472 0.0198542 0.02275 0.0259467 0.029454 0.0332793 0.0374266 0.0418968 0.0466868 0.0517892 0.0571929 0.0628818 0.0688356 0.0750295 0.0814343 0.0880169 0.0947399 0.101563 0.108442 0.115331 0.122183 0.128946 0.135571 0.142007 0.148205 0.154114 0.159687 0.164879 0.169648 0.173953 0.17776 0.181036 0.183754 0.18589 0.187428 0.188355 0.188662 0.188346 0.187412 0.185866 0.183721 0.180997 0.177715 0.173904 0.169595 0.164824 0.159631 0.154058 0.148152 0.141958 0.135527 0.128909 0.122154 0.115312 0.108434 0.101566 0.0947555 0.0880454 0.081476 0.0750843 0.0689033 0.0629619 0.0572846 0.0518917 0.0467986 0.0420168 0.0375533 0.033411 0.0295892 0.0260837 0.0228872 0.01999 0.0173801 0.0150437 0.012966 0.0111312 0.00952307 0.00812559 0.00692304 0.00590045 0.00504394 0.00434091 0.00378036 0.00335302 0.0030515 0.00287071 
0.00322403 0.00328445 0.00347837 0.00380976 0.00428466 0.0049114 0.00570041 0.0066641 0.0078166 0.00917349 0.0107515 0.0125682 0.0146414 0.0169891 0.0196286 0.0225764 0.0258472 0.029454 0.0334071 0.0377139 0.0423783 0.0474001 0.0527752 0.0584947 0.064545 0.0709076 0.0775591 0.0844713 0.091611 0.0989408 0.106419 0.114001 0.121637 0.129276 0.136866 0.144352 0.151677 0.158788 0.165629 0.172146 0.178289 0.184007 0.189256 0.193992 0.198177 0.201777 0.204762 0.207109 0.208797 0.209813 0.210149 0.209802 0.208775 0.207076 0.20472 0.201726 0.198118 0.193926 0.189185 0.183932 0.178211 0.172068 0.165552 0.158714 0.151608 0.144289 0.136812 0.129232 0.121603 0.11398 0.106412 0.0989478 0.0916327 0.0845079 0.0776106 0.0709735 0.0646246 0.0585871 0.0528793 0.0475144 0.0425013 0.0378439 0.0335423 0.0295926 0.0259873 0.0227163 0.0197666 0.0171235 0.0147708 0.0126911 0.0108668 0.00928007 0.00791358 0.00675074 0.00577609 0.00497565 0.00433713 0.00385019 0.00350659 0.00330065 
0.00369045 0.00375942 0.00398001 0.00435664 0.00489603 0.00560744 0.00650248 0.00759492 0.0089004 0.0104362 0.0122207 0.0142732 0.0166134 0.0192608 0.0222343 0.0255517 0.0292288 0.0332793 0.0377139 0.0425401 0.0477611 0.0533761 0.0593793 0.0657601 0.0725023 0.0795847 0.0869803 0.0946571 0.102578 0.110701 0.118979 0.127362 0.135797 0.144228 0.152594 0.160838 0.168899 0.176715 0.184229 0.191381 0.198117 0.204384 0.210132 0.215315 0.219893 0.223829 0.227092 0.229655 0.231499 0.232608 0.232974 0.232595 0.231472 0.229615 0.22704 0.223765 0.219819 0.215232 0.210041 0.204288 0.198017 0.191279 0.184126 0.176614 0.168802 0.160747 0.152512 0.144155 0.135736 0.127315 0.118946 0.110683 0.102576 0.0946723 0.0870124 0.0796333 0.072567 0.0658399 0.0594731 0.0534823 0.0478783 0.0426663 0.0378473 0.0334179 0.0293705 0.0256946 0.0223764 0.0194003 0.0167485 0.0144023 0.0123423 0.0105492 0.00900363 0.00768745 0.00658356 0.00567645 0.00495251 0.00440024 0.00401052 0.00377701 
0.00420437 0.00428271 0.00453245 0.00495846 0.00556821 0.00637195 0.00738251 0.00861508 0.0100869 0.011817 0.0138256 0.0161337 0.018763 0.0217344 0.0250686 0.0287845 0.0328991 0.0374266 0.0423783 0.0477611 0.053578 0.0598268 0.0665002 0.0735852 0.0810631 0.0889093 0.0970934 0.105579 0.114324 0.123283 0.132403 0.141629 0.150901 0.160159 0.169337 0.178372 0.187197 0.195747 0.203959 0.21177 0.21912 0.225952 0.232215 0.23786 0.242842 0.247124 0.250671 0.253458 0.255461 0.256666 0.257063 0.25665 0.255429 0.25341 0.250609 0.247047 0.242753 0.237759 0.232105 0.225834 0.218995 0.211641 0.203829 0.195618 0.187071 0.178251 0.169224 0.160055 0.15081 0.141551 0.13234 0.123237 0.114297 0.10557 0.0971029 0.0889377 0.0811098 0.0736494 0.0665808 0.0599224 0.0536869 0.0478815 0.042508 0.0375635 0.0330409 0.0289291 0.0252138 0.0218781 0.018903 0.0162684 0.0139532 0.0119361 0.0101962 0.00871337 0.00746889 0.00644568 0.00562869 0.00500526 0.00456527 0.00430172 
0.00476729 0.00485586 0.00513725 0.00561687 0.00630294 0.00720674 0.00834241 0.00972663 0.0113783 0.0133183 0.0155686 0.0181522 0.0210924 0.0244122 0.0281335 0.0322766 0.0368594 0.0418968 0.0474001 0.0533761 0.0598268 0.0667487 0.0741326 0.081963 0.0902183 0.0988702 0.107884 0.11722 0.12683 0.136664 0.146664 0.156768 0.166913 0.17703 0.187051 0.196904 0.20652 0.215827 0.224758 0.233245 0.241225 0.248639 0.255429 0.261545 0.26694 0.271574 0.275413 0.278426 0.280592 0.281894 0.282323 0.281875 0.280555 0.27837 0.27534 0.271485 0.266835 0.261426 0.255298 0.248497 0.241076 0.23309 0.224599 0.215668 0.206362 0.196751 0.186904 0.176893 0.166788 0.156657 0.146569 0.136588 0.126773 0.117183 0.107868 0.0988751 0.0902439 0.0820087 0.0741973 0.066831 0.059925 0.0534883 0.047524 0.0420302 0.0369997 0.0324215 0.0282805 0.024559 0.0212367 0.0182918 0.0157016 0.013443 0.0114933 0.00983043 0.00843394 0.00728509 0.00636737 0.00566684 0.00517238 0.00487629 
0.00538029 0.00547992 0.0057955 0.00633295 0.00710131 0.00811293 0.00938329 0.0109306 0.0127756 0.0149409 0.0174504 0.0203291 0.0236021 0.0272941 0.0314284 0.0360267 0.0411076 0.0466868 0.0527752 0.0593793 0.0665002 0.0741326 0.0822651 0.0908797 0.0999512 0.109448 0.11933 0.129553 0.140065 0.150809 0.161722 0.172737 0.183783 0.194788 0.205676 0.216371 0.226798 0.236881 0.246547 0.255724 0.264347 0.272351 0.279676 0.286271 0.292085 0.297076 0.301208 0.304451 0.306781 0.308181 0.308642 0.30816 0.306738 0.304387 0.301124 0.296973 0.291964 0.286134 0.279525 0.272186 0.264172 0.255542 0.246359 0.23669 0.226608 0.216184 0.205495 0.194616 0.183623 0.172591 0.161593 0.150699 0.139976 0.129486 0.119285 0.109426 0.0999528 0.090904 0.0823111 0.0741989 0.0665851 0.059481 0.0528911 0.0468145 0.0412447 0.0361702 0.0315759 0.0274428 0.0237495 0.0204728 0.0175882 0.0150708 0.0128959 0.0110397 0.00947977 0.00819575 0.00716959 0.00638604 0.00583291 0.00550179 
0.00604386 0.0061554 0.00650768 0.00710717 0.00796372 0.00909084 0.0105054 0.0122272 0.0142787 0.0166844 0.0194703 0.0226632 0.0262901 0.0303774 0.0349499 0.0400302 0.0456381 0.0517892 0.0584947 0.0657601 0.0735852 0.081963 0.0908797 0.100314 0.110237 0.120613 0.131399 0.142543 0.153988 0.165673 0.177527 0.189479 0.201452 0.213366 0.225142 0.236696 0.247949 0.25882 0.269232 0.279109 0.288381 0.296981 0.304846 0.311921 0.318156 0.323506 0.327932 0.331405 0.3339 0.335398 0.335891 0.335374 0.333852 0.331334 0.327838 0.32339 0.31802 0.311767 0.304674 0.296794 0.288181 0.278899 0.269014 0.258598 0.247725 0.236474 0.224925 0.213158 0.201255 0.189296 0.177362 0.165527 0.153864 0.142442 0.131322 0.120562 0.110212 0.100314 0.0909042 0.0820107 0.0736544 0.0658488 0.0586004 0.0519095 0.04577 0.0401709 0.0350963 0.0305268 0.0264396 0.0228102 0.0196122 0.0168189 0.0144038 0.0123411 0.0106065 0.00917794 0.00803572 0.00716328 0.00654733 0.00617869 
0.00675791 0.0068822 0.00727364 0.00793927 0.00888981 0.0101399 0.0117078 0.0136151 0.0158859 0.0185468 0.0216256 0.0251512 0.0291523 0.0336569 0.0386914 0.0442794 0.0504413 0.0571929 0.064545 0.0725023 0.0810631 0.0902183 0.0999512 0.110237 0.121044 0.13233 0.144048 0.156142 0.168548 0.181198 0.194018 0.206928 0.219845 0.232685 0.245362 0.257787 0.269876 0.281543 0.292706 0.303286 0.313209 0.322405 0.33081 0.338366 0.345019 0.350726 0.355445 0.359147 0.361804 0.363401 0.363925 0.363374 0.361752 0.359068 0.355342 0.350598 0.344869 0.338194 0.330619 0.322196 0.312984 0.303048 0.292458 0.281289 0.269619 0.25753 0.245108 0.232439 0.21961 0.206706 0.193814 0.181014 0.168387 0.156005 0.143938 0.132248 0.120989 0.11021 0.0999515 0.0902447 0.081114 0.0725757 0.0646383 0.0573034 0.0505661 0.0444154 0.0388353 0.0338057 0.0293027 0.0253003 0.0217707 0.0186852 0.0160154 0.0137334 0.0118133 0.010231 0.00896535 0.00799829 0.00731547 0.0069069 
0.00752168 0.00765953 0.0080925 0.00882824 0.00987832 0.0112586 0.0129888 0.015092 0.0175945 0.0205244 0.0239119 0.0277875 0.0321818 0.0371246 0.0426433 0.0487627 0.0555035 0.0628818 0.0709076 0.0795847 0.0889093 0.0988702 0.109448 0.120613 0.13233 0.144553 0.157229 0.170295 0.183683 0.197319 0.21112 0.225003 0.238878 0.252654 0.266239 0.279541 0.292469 0.304932 0.316846 0.328127 0.338699 0.348488 0.357428 0.365458 0.372526 0.378584 0.383593 0.387519 0.390337 0.39203 0.392586 0.392001 0.39028 0.387434 0.38348 0.378445 0.372362 0.36527 0.357217 0.348257 0.33845 0.327864 0.31657 0.304647 0.292178 0.279249 0.265949 0.25237 0.238603 0.224742 0.210876 0.197095 0.183483 0.170121 0.157082 0.144436 0.132244 0.120557 0.109421 0.0988729 0.0889395 0.0796403 0.0709863 0.0629806 0.0556194 0.0488923 0.0427832 0.0372713 0.032332 0.0279378 0.0240593 0.020666 0.0177275 0.0152143 0.0130982 0.0113534 0.00995719 0.00889002 0.00813642 0.0076856 
0.00833368 0.00848586 0.00896263 0.00977222 0.0109271 0.0124443 0.0143451 0.0166543 0.0193997 0.0226119 0.0263225 0.0305643 0.0353696 0.0407694 0.0467927 0.053465 0.0608074 0.0688356 0.0775591 0.0869803 0.0970934 0.107884 0.11933 0.131399 0.144048 0.157229 0.170881 0.184937 0.199323 0.213957 0.228751 0.243615 0.258454 0.27317 0.287665 0.301843 0.315606 0.328862 0.34152 0.353495 0.364706 0.375079 0.384545 0.393042 0.400516 0.406918 0.412209 0.416354 0.41933 0.421116 0.421702 0.421085 0.419269 0.416263 0.412088 0.406769 0.400339 0.392839 0.384317 0.374829 0.364435 0.353206 0.341217 0.328547 0.315283 0.301516 0.287338 0.272847 0.258139 0.243314 0.228466 0.213692 0.199082 0.184724 0.170696 0.157075 0.143927 0.131311 0.119275 0.107861 0.0971006 0.087016 0.077621 0.0689206 0.0609123 0.0535864 0.0469269 0.0409127 0.0355182 0.0307147 0.0264713 0.0227558 0.0195358 0.0167799 0.014458 0.0125426 0.011009 0.00983659 0.00900852 0.00851326 
0.00919166 0.00935889 0.00988154 0.0107685 0.012033 0.0136935 0.0157725 0.0182967 0.0212957 0.0248019 0.028849 0.0334716 0.0387035 0.0445775 0.0511234 0.0583675 0.0663311 0.0750295 0.0844713 0.0946571 0.105579 0.11722 0.129553 0.142543 0.156142 0.170295 0.184937 0.199995 0.215387 0.231026 0.246818 0.262666 0.278467 0.29412 0.30952 0.324566 0.339157 0.353194 0.366585 0.379241 0.391079 0.402022 0.412001 0.420952 0.428819 0.435555 0.441119 0.445477 0.448603 0.45048 0.451096 0.450448 0.448539 0.445381 0.440992 0.435397 0.428632 0.420736 0.411758 0.401754 0.390788 0.378929 0.366256 0.352851 0.338803 0.324206 0.309158 0.293759 0.278114 0.262324 0.246492 0.230721 0.215106 0.199741 0.184713 0.170104 0.155985 0.142421 0.129467 0.117168 0.105561 0.0946709 0.0845143 0.0750988 0.0664233 0.0584791 0.0512504 0.0447159 0.0388494 0.0336209 0.0289982 0.0249473 0.0214341 0.0184252 0.0158885 0.0137948 0.0121178 0.0108352 0.00992929 0.00938756 
0.0100926 0.0102755 0.0108459 0.0118133 0.013192 0.0150013 0.0172655 0.0200128 0.0232747 0.0270855 0.0314808 0.0364969 0.0421693 0.0485321 0.055616 0.0634479 0.0720491 0.0814343 0.091611 0.102578 0.114324 0.12683 0.140065 0.153988 0.168548 0.183683 0.199323 0.215387 0.231789 0.248434 0.265221 0.282047 0.298804 0.315384 0.331678 0.347579 0.362982 0.377784 0.391891 0.40521 0.417657 0.429152 0.439626 0.449014 0.457261 0.464317 0.470143 0.474704 0.477976 0.479939 0.480584 0.479906 0.477909 0.474604 0.47001 0.464152 0.457064 0.448787 0.43937 0.428868 0.417347 0.404877 0.391538 0.377414 0.362598 0.347187 0.331281 0.314987 0.298412 0.281665 0.264854 0.248086 0.231466 0.215092 0.199059 0.183453 0.168354 0.153831 0.139946 0.126749 0.114279 0.102568 0.0916333 0.0814862 0.0721269 0.063548 0.0557342 0.0486642 0.0423111 0.0366441 0.0316294 0.0272316 0.0234148 0.0201435 0.017384 0.0151052 0.0132792 0.0118823 0.0108954 0.0103054 
0.0110325 0.0112317 0.0118516 0.0129023 0.0143988 0.016362 0.0188173 0.0217947 0.0253275 0.0294519 0.0342052 0.0396255 0.0457498 0.0526134 0.0602478 0.0686803 0.077932 0.0880169 0.0989408 0.110701 0.123283 0.136664 0.150809 0.165673 0.181198 0.197319 0.213957 0.231026 0.248434 0.266077 0.283851 0.301644 0.319344 0.336836 0.354006 0.370742 0.386936 0.402482 0.417282 0.431241 0.444274 0.4563 0.467248 0.477054 0.485662 0.493023 0.499098 0.503852 0.507261 0.509307 0.509979 0.509273 0.507193 0.50375 0.498961 0.492854 0.485459 0.476819 0.466981 0.456003 0.443949 0.43089 0.416908 0.402088 0.386526 0.37032 0.353577 0.336404 0.318915 0.301224 0.283444 0.265689 0.248068 0.230689 0.213651 0.197048 0.180965 0.165479 0.150656 0.136551 0.123209 0.110665 0.0989408 0.0880495 0.0779938 0.0687673 0.0603558 0.0527379 0.0458863 0.0397694 0.0343522 0.0295977 0.0254684 0.0219269 0.0189378 0.0164681 0.0144882 0.0129732 0.0119027 0.0112628 
0.0120069 0.0122229 0.0128936 0.0140298 0.0156474 0.0177684 0.0204197 0.023633 0.0274433 0.0318884 0.0370076 0.0428405 0.0494256 0.056799 0.0649933 0.0740356 0.0839468 0.0947399 0.106419 0.118979 0.132403 0.146664 0.161722 0.177527 0.194018 0.21112 0.228751 0.246818 0.265221 0.283851 0.302596 0.321339 0.339961 0.358343 0.376365 0.393912 0.410871 0.427134 0.4426 0.457172 0.470765 0.483296 0.494694 0.504896 0.513845 0.521493 0.527801 0.532736 0.536274 0.538397 0.539094 0.538362 0.536205 0.532632 0.527662 0.52132 0.513637 0.504654 0.494419 0.482989 0.470427 0.456807 0.442208 0.42672 0.410437 0.393463 0.375906 0.357879 0.339497 0.320881 0.30215 0.283422 0.264815 0.24644 0.228405 0.210809 0.193746 0.177296 0.161533 0.146518 0.132299 0.118916 0.106395 0.0947519 0.0839911 0.0741082 0.0650897 0.0569147 0.0495556 0.0429801 0.0371521 0.0320332 0.0275842 0.0237662 0.0205418 0.0178763 0.0157386 0.0141023 0.012946 0.0122549 
0.0130101 0.0132433 0.013966 0.0151894 0.0169307 0.0192126 0.0220637 0.0255171 0.0296097 0.0343808 0.0398716 0.046123 0.0531748 0.0610642 0.0698241 0.0794817 0.0900574 0.101563 0.114001 0.127362 0.141629 0.156768 0.172737 0.189479 0.206928 0.225003 0.243615 0.262666 0.282047 0.301644 0.321339 0.341008 0.360527 0.379771 0.398617 0.416944 0.434638 0.451586 0.467686 0.482841 0.496963 0.50997 0.521792 0.532364 0.541632 0.549548 0.556073 0.561177 0.564834 0.567028 0.567749 0.566994 0.564765 0.561072 0.555934 0.549373 0.541422 0.532119 0.521512 0.509657 0.496616 0.482464 0.46728 0.451154 0.434183 0.416472 0.398131 0.379277 0.360031 0.340515 0.320856 0.301177 0.281601 0.262246 0.243228 0.224652 0.206616 0.18921 0.172512 0.156589 0.141494 0.127272 0.113952 0.101553 0.0900829 0.0795386 0.0699077 0.0611697 0.0532972 0.0462572 0.0400126 0.0345238 0.02975 0.0256507 0.0221867 0.0193218 0.0170234 0.0152635 0.0140196 0.0132763 
0.014036 0.0142866 0.015062 0.016374 0.0182405 0.0206855 0.0237388 0.0274352 0.031813 0.0369134 0.0427789 0.049452 0.0569736 0.0653816 0.0747093 0.0849838 0.0962246 0.108442 0.121637 0.135797 0.150901 0.166913 0.183783 0.201452 0.219845 0.238878 0.258454 0.278467 0.298804 0.319344 0.339961 0.360527 0.380912 0.400986 0.420621 0.439694 0.458086 0.475685 0.492385 0.508088 0.522706 0.536159 0.548374 0.55929 0.568852 0.577015 0.58374 0.588998 0.592765 0.595025 0.595768 0.594991 0.592697 0.588895 0.583602 0.576841 0.568643 0.559044 0.548092 0.535841 0.522354 0.507702 0.491967 0.475239 0.457615 0.439201 0.420111 0.400465 0.380386 0.360002 0.339443 0.318839 0.298319 0.278008 0.258026 0.238487 0.219495 0.201145 0.183522 0.166699 0.150735 0.135678 0.121562 0.108409 0.0962302 0.0850238 0.0747791 0.0654761 0.0570875 0.0495799 0.0429156 0.0370537 0.031952 0.0275685 0.0238623 0.0207956 0.0183343 0.0164492 0.0151168 0.0143206 
0.0150775 0.0153458 0.0161743 0.0175755 0.019568 0.0221771 0.0254337 0.0293742 0.0340383 0.0394689 0.0457099 0.052805 0.0607962 0.0697221 0.079616 0.0905048 0.102407 0.115331 0.129276 0.144228 0.160159 0.17703 0.194788 0.213366 0.232685 0.252654 0.27317 0.29412 0.315384 0.336836 0.358343 0.379771 0.400986 0.421852 0.442239 0.462019 0.481072 0.499282 0.516543 0.532758 0.547838 0.561702 0.57428 0.585512 0.595344 0.603731 0.610639 0.616036 0.619903 0.622222 0.622985 0.622189 0.619836 0.615936 0.610503 0.603561 0.595137 0.585268 0.574 0.561384 0.547483 0.532368 0.516119 0.498825 0.480586 0.461509 0.441709 0.421307 0.400432 0.379216 0.357792 0.336296 0.314863 0.293623 0.272704 0.252224 0.232297 0.213022 0.194491 0.176782 0.159961 0.144079 0.129175 0.115275 0.102392 0.0905272 0.079671 0.0698046 0.0609007 0.0529259 0.0458415 0.0396058 0.0341754 0.0295066 0.0255572 0.0222877 0.0196627 0.0176517 0.01623 0.0153805 
0.0161272 0.0164131 0.0172948 0.0187851 0.0209036 0.0236765 0.0271361 0.03132 0.0362696 0.042029 0.0486435 0.0561581 0.0646155 0.0740548 0.0845094 0.0960057 0.108561 0.122183 0.136866 0.152594 0.169337 0.187051 0.205676 0.225142 0.245362 0.266239 0.287665 0.30952 0.331678 0.354006 0.376365 0.398617 0.420621 0.442239 0.463336 0.483781 0.503452 0.522233 0.540016 0.556704 0.572208 0.58645 0.599359 0.610877 0.620952 0.629543 0.636613 0.642137 0.646092 0.648464 0.649246 0.648433 0.646028 0.64204 0.636483 0.629377 0.620751 0.610638 0.599082 0.586134 0.571854 0.556312 0.539588 0.52177 0.502957 0.483258 0.462789 0.441674 0.420044 0.398035 0.375784 0.353434 0.331122 0.308988 0.287162 0.265772 0.244936 0.22476 0.205344 0.186769 0.169107 0.152416 0.136738 0.122102 0.108525 0.0960098 0.084549 0.0741246 0.0647098 0.0562711 0.0487694 0.0421619 0.0364041 0.031451 0.027259 0.0237873 0.0209988 0.0188619 0.0173511 0.0164486 
0.0171767 0.0174802 0.0184146 0.0199935 0.0222369 0.0251722 0.0288329 0.0332578 0.0384898 0.0445742 0.0515576 0.059486 0.0684029 0.0783475 0.0893534 0.101446 0.114642 0.128946 0.144352 0.160838 0.178372 0.196904 0.216371 0.236696 0.257787 0.279541 0.301843 0.324566 0.347579 0.370742 0.393912 0.416944 0.439694 0.462019 0.483781 0.504848 0.525094 0.544402 0.562666 0.579787 0.595678 0.610261 0.623469 0.635244 0.645537 0.654308 0.661523 0.667157 0.671191 0.673611 0.674408 0.67358 0.67113 0.667065 0.661399 0.654149 0.645343 0.635013 0.623199 0.609952 0.595328 0.579397 0.562237 0.543936 0.524592 0.504315 0.483221 0.461437 0.439097 0.416338 0.393304 0.37014 0.346991 0.324 0.301304 0.279038 0.257325 0.236279 0.216004 0.196589 0.17811 0.16063 0.144196 0.128841 0.114584 0.101432 0.0893771 0.0784041 0.0684865 0.0595906 0.0516771 0.0447025 0.0386212 0.033387 0.0289549 0.0252827 0.0223323 0.0200707 0.0184716 0.0175163 
0.0182175 0.0185383 0.0195247 0.0211906 0.023557 0.0266521 0.0305104 0.0351721 0.0406812 0.0470844 0.0544294 0.0627628 0.072129 0.0825673 0.094111 0.106785 0.120604 0.135571 0.151677 0.168899 0.187197 0.20652 0.226798 0.247949 0.269876 0.292469 0.315606 0.339157 0.362982 0.386936 0.410871 0.434638 0.458086 0.481072 0.503452 0.525094 0.545869 0.565662 0.584364 0.601878 0.618118 0.633008 0.646482 0.658485 0.66897 0.677899 0.685241 0.690971 0.695073 0.697533 0.698345 0.697505 0.695016 0.690885 0.685123 0.677749 0.668785 0.658263 0.646221 0.632707 0.617775 0.601493 0.583938 0.565196 0.545365 0.524554 0.502882 0.480476 0.457472 0.434011 0.41024 0.386307 0.362364 0.338559 0.315035 0.291932 0.269379 0.247498 0.226397 0.206172 0.186904 0.168662 0.151495 0.135442 0.120525 0.106751 0.0941186 0.0826103 0.0722015 0.0628586 0.0545421 0.0472078 0.0408092 0.035299 0.0306311 0.026762 0.0236523 0.0212682 0.0195821 0.0185749 
0.0192406 0.0195783 0.0206154 0.0223664 0.0248528 0.0281036 0.0321546 0.0370469 0.0428258 0.049539 0.0572353 0.065962 0.0757639 0.0866806 0.0987448 0.11198 0.126401 0.142007 0.158788 0.176715 0.195747 0.215827 0.236881 0.25882 0.281543 0.304932 0.328862 0.353194 0.377784 0.402482 0.427134 0.451586 0.475685 0.499282 0.522233 0.544402 0.565662 0.585894 0.604992 0.622859 0.63941 0.654572 0.668282 0.680484 0.691136 0.700202 0.707653 0.713466 0.717626 0.720121 0.720945 0.720096 0.717574 0.713387 0.707544 0.700062 0.690962 0.680274 0.668032 0.654282 0.639078 0.622483 0.604572 0.585431 0.565158 0.54386 0.521657 0.498676 0.475057 0.450942 0.426482 0.40183 0.377141 0.352567 0.32826 0.304363 0.281013 0.258337 0.236448 0.215448 0.195425 0.17645 0.15858 0.141854 0.1263 0.111928 0.0987361 0.0867099 0.0758251 0.0660487 0.0573408 0.049657 0.0429499 0.0371712 0.0322737 0.0282127 0.0249478 0.022444 0.0206731 0.0196154 
0.0202368 0.0205909 0.0216771 0.0235103 0.0261126 0.029514 0.033751 0.0388659 0.0449051 0.0519172 0.0599517 0.0690569 0.0792777 0.0906537 0.103217 0.116991 0.131987 0.148205 0.165629 0.184229 0.203959 0.224758 0.246547 0.269232 0.292706 0.316846 0.34152 0.366585 0.391891 0.417282 0.4426 0.467686 0.492385 0.516543 0.540016 0.562666 0.584364 0.604992 0.624444 0.642625 0.659452 0.674852 0.688766 0.701141 0.711936 0.721118 0.728661 0.734544 0.738753 0.741278 0.742113 0.741255 0.738706 0.734472 0.728562 0.720989 0.711775 0.700944 0.68853 0.674575 0.659131 0.642259 0.624032 0.604535 0.583863 0.562124 0.539437 0.515931 0.491746 0.467028 0.44193 0.416609 0.391224 0.365932 0.34089 0.316247 0.292146 0.268717 0.246083 0.224349 0.203608 0.183936 0.165395 0.148029 0.131866 0.11692 0.103192 0.0906693 0.0793275 0.0691343 0.06005 0.0520296 0.0450251 0.0389874 0.0338683 0.029622 0.0262071 0.0235878 0.0217349 0.0206284 
0.0211967 0.0215665 0.0226997 0.0246116 0.027325 0.0308703 0.0352853 0.040613 0.0469007 0.054198 0.0625552 0.072021 0.0826406 0.0944535 0.107491 0.121776 0.137318 0.154114 0.172146 0.191381 0.21177 0.233245 0.255724 0.279109 0.303286 0.328127 0.353495 0.379241 0.40521 0.431241 0.457172 0.482841 0.508088 0.532758 0.556704 0.579787 0.601878 0.622859 0.642625 0.661082 0.678149 0.693756 0.707845 0.720368 0.731284 0.740564 0.748183 0.754124 0.758373 0.760922 0.761766 0.760902 0.758332 0.75406 0.748094 0.740447 0.731136 0.720185 0.707624 0.693494 0.677842 0.660729 0.642224 0.62241 0.601383 0.579247 0.556124 0.532142 0.507441 0.482171 0.456488 0.43055 0.404522 0.378565 0.35284 0.327502 0.302698 0.278566 0.255232 0.232808 0.211391 0.191063 0.171888 0.153915 0.137176 0.121687 0.107451 0.0944557 0.0826792 0.0720892 0.0626461 0.0543047 0.0470164 0.0407314 0.0354005 0.0309771 0.0274188 0.0246889 0.0227576 0.0216043 
