0.000476161 0.000483749 0.00050992 0.000555237 0.000620544 0.000707013 0.000816135 0.000949698 0.00110976 0.00129864 0.00151885 0.0017731 0.00206419 0.00239503 0.00276854 0.00318758 0.00365491 0.00417309 0.00474441 0.00537084 0.0060539 0.00679463 0.00759347 0.00845023 0.00936401 0.0103331 0.0113551 0.0124266 0.0135434 0.0147006 0.0158921 0.0171112 0.0183506 0.0196019 0.0208563 0.0221046 0.0233368 0.024543 0.0257128 0.026836 0.0279024 0.0289022 0.0298259 0.0306644 0.0314096 0.0320541 0.0325912 0.0330156 0.0333229 0.03351 0.0335749 0.0335169 0.0333367 0.0330362 0.0326185 0.032088 0.03145 0.0307111 0.0298786 0.0289608 0.0279666 0.0269054 0.025787 0.0246217 0.0234197 0.0221912 0.0209461 0.0196944 0.0184453 0.0172077 0.0159897 0.0147988 0.0136417 0.0125244 0.011452 0.0104285 0.00945748 0.00854132 0.00768176 0.00687975 0.00613554 0.0054487 0.00481826 0.00424274 0.00372022 0.00324846 0.00282494 0.00244693 0.0021116 0.00181608 0.00155749 0.00133301 0.00113999 0.000975885 0.000838405 0.000725481 0.000635315 0.000566408 0.000517567 0.000487987 
0.000483749 0.000491471 0.000518078 0.00056414 0.000630514 0.000718393 0.00082929 0.000965018 0.00112767 0.0013196 0.00154335 0.00180167 0.00209741 0.00243352 0.00281295 0.00323861 0.00371329 0.00423957 0.0048198 0.00545593 0.00614953 0.00690161 0.00771264 0.00858239 0.00950995 0.0104936 0.0115308 0.0126182 0.0137514 0.0149255 0.0161343 0.0173711 0.0186283 0.0198975 0.0211698 0.0224356 0.0236852 0.0249082 0.0260943 0.0272331 0.0283142 0.0293277 0.030264 0.0311139 0.0318692 0.0325224 0.0330668 0.0334969 0.0338083 0.0339978 0.0340635 0.0340047 0.033822 0.0335174 0.033094 0.0325562 0.0319095 0.0311605 0.0303166 0.0293861 0.0283782 0.0273023 0.0261684 0.0249869 0.023768 0.0225222 0.0212595 0.01999 0.0187231 0.0174677 0.0162321 0.0150239 0.0138499 0.0127163 0.011628 0.0105893 0.00960377 0.00867386 0.00780133 0.00698716 0.00623159 0.00553423 0.00489409 0.00430967 0.00377904 0.00329992 0.00286976 0.00248582 0.0021452 0.00184501 0.00158231 0.00135427 0.00115817 0.000991445 0.000851768 0.000737036 0.000645428 0.000575419 0.0005258 0.000495753 
0.00050992 0.000518078 0.000546093 0.000594563 0.000664384 0.000756802 0.000873396 0.00101606 0.00118698 0.00138861 0.0016236 0.0018948 0.00220521 0.00255786 0.00295583 0.00340214 0.00389967 0.0044511 0.00505884 0.0057249 0.00645087 0.00723778 0.00808605 0.00899544 0.00996492 0.0109927 0.012076 0.0132114 0.0143943 0.0156193 0.0168803 0.01817 0.0194806 0.0208033 0.0221289 0.0234474 0.0247486 0.0260219 0.0272564 0.0284414 0.0295662 0.0306204 0.0315941 0.0324779 0.0332631 0.0339421 0.0345079 0.0349548 0.0352784 0.0354752 0.0355433 0.035482 0.0352919 0.0349751 0.0345348 0.0339755 0.033303 0.0325239 0.0316462 0.0306783 0.0296296 0.0285101 0.02733 0.0261001 0.0248311 0.0235336 0.0222184 0.0208957 0.0195754 0.0182667 0.0169783 0.0157181 0.0144933 0.0133101 0.0121739 0.0110892 0.0100597 0.00908793 0.00817585 0.00732449 0.00653415 0.00580446 0.00513441 0.00452248 0.0039667 0.00346471 0.00301387 0.00261133 0.00225412 0.0019392 0.00166354 0.00142419 0.0012183 0.00104322 0.00089651 0.000775983 0.000679736 0.000606179 0.00055405 0.000522493 
0.000555237 0.00056414 0.000594563 0.000647148 0.000722855 0.00082302 0.000949333 0.00110382 0.00128883 0.00150696 0.00176106 0.00205417 0.00238947 0.00277019 0.00319959 0.00368087 0.00421708 0.00481103 0.00546525 0.00618183 0.0069624 0.00780801 0.00871903 0.00969512 0.0107351 0.011837 0.0129978 0.0142138 0.0154799 0.0167905 0.0181388 0.0195172 0.0209171 0.0223294 0.0237441 0.0251507 0.0265382 0.0278953 0.0292107 0.0304729 0.0316705 0.0327927 0.0338288 0.034769 0.0356042 0.0363261 0.0369276 0.0374026 0.0377463 0.0379553 0.0380274 0.037962 0.0377596 0.0374224 0.0369539 0.0363588 0.0356432 0.0348142 0.0338799 0.0328496 0.031733 0.0305406 0.0292834 0.0279727 0.0266199 0.0252363 0.0238332 0.0224215 0.0210118 0.0196139 0.018237 0.0168897 0.0155796 0.0143134 0.0130968 0.0119349 0.0108313 0.00978923 0.00881058 0.00789659 0.00704765 0.00626342 0.00554289 0.00488451 0.0042862 0.0037455 0.00325964 0.0028256 0.00244024 0.00210033 0.00180265 0.00154405 0.00132151 0.0011322 0.000973508 0.0008431 0.000738941 0.000659329 0.000602914 0.000568782 
0.000620544 0.000630514 0.000664384 0.000722855 0.000806979 0.000918217 0.00105842 0.0012298 0.00143491 0.00167659 0.00195795 0.00228228 0.00265303 0.0030737 0.00354783 0.00407884 0.00467001 0.00532435 0.00604453 0.00683278 0.00769077 0.00861954 0.00961942 0.0106899 0.0118297 0.0130363 0.0143067 0.0156364 0.01702 0.0184513 0.0199228 0.0214261 0.022952 0.0244905 0.0260306 0.0275611 0.02907 0.0305451 0.0319742 0.0333448 0.0346448 0.0358624 0.0369862 0.0380057 0.0389109 0.0396931 0.0403447 0.040859 0.0412311 0.0414571 0.0415349 0.0414635 0.0412439 0.0408782 0.0403701 0.0397248 0.0389487 0.0380494 0.0370359 0.0359178 0.0347058 0.0334111 0.0320455 0.0306212 0.0291505 0.0276456 0.0261189 0.024582 0.0230463 0.0215227 0.0200212 0.018551 0.0171205 0.015737 0.014407 0.0131358 0.0119278 0.0107861 0.00971328 0.00871061 0.00777865 0.00691711 0.00612499 0.00540068 0.00474198 0.0041463 0.00361065 0.0031318 0.00270637 0.00233087 0.00200181 0.00171578 0.00146949 0.00125987 0.00108407 0.000939553 0.000824089 0.000735825 0.000673286 0.000635473 
0.000707013 0.000718393 0.000756802 0.00082302 0.000918217 0.00104402 0.00120248 0.00139605 0.00162757 0.00190018 0.0022173 0.00258257 0.00299979 0.00347281 0.00400548 0.00460156 0.00526461 0.00599788 0.00680423 0.00768603 0.00864502 0.00968224 0.0107979 0.0119913 0.0132609 0.014604 0.0160167 0.0174942 0.0190305 0.0206184 0.0222497 0.0239151 0.0256043 0.0273062 0.0290088 0.0306996 0.0323656 0.0339934 0.0355695 0.0370803 0.0385126 0.0398534 0.0410904 0.0422121 0.0432078 0.0440679 0.0447841 0.0453492 0.0457578 0.0460058 0.0460908 0.0460119 0.04577 0.0453674 0.0448082 0.0440981 0.0432439 0.0422541 0.0411381 0.0399067 0.0385714 0.0371444 0.0356387 0.0340675 0.0324443 0.0307826 0.0290957 0.0273966 0.0256979 0.0240113 0.0223481 0.0207185 0.0191317 0.017596 0.0161185 0.0147053 0.0133612 0.0120901 0.0108945 0.00977632 0.00873611 0.00777372 0.00688817 0.00607775 0.00534015 0.00467256 0.00407178 0.00353429 0.00305638 0.00263423 0.00226404 0.00194202 0.00166457 0.00142829 0.00123002 0.00106696 0.000936637 0.000837 0.00076641 0.000723759 
0.000816135 0.00082929 0.000873396 0.000949333 0.00105842 0.00120248 0.00138382 0.0016052 0.00186977 0.00218108 0.00254293 0.00295938 0.00343465 0.00397302 0.00457875 0.00525597 0.00600859 0.00684015 0.00775376 0.00875192 0.00983645 0.0110084 0.0122678 0.0136138 0.0150443 0.0165563 0.0181453 0.0198058 0.0215309 0.0233124 0.0251412 0.0270066 0.0288973 0.0308008 0.0327037 0.0345921 0.0364516 0.0382673 0.0400242 0.0417074 0.0433023 0.0447946 0.0461708 0.0474181 0.0485248 0.0494805 0.0502759 0.0509034 0.0513568 0.0516318 0.0517257 0.0516375 0.0513681 0.0509203 0.0502985 0.0495087 0.0485587 0.0474575 0.0462157 0.0448451 0.0433582 0.0417686 0.0400905 0.0383386 0.0365277 0.0346728 0.0327885 0.0308895 0.0289896 0.027102 0.0252391 0.0234125 0.0216326 0.0199086 0.0182486 0.0166596 0.015147 0.0137152 0.0123675 0.0111059 0.0099312 0.00884348 0.00784172 0.00692415 0.00608831 0.00533115 0.00464917 0.00403852 0.00349511 0.00301472 0.00259312 0.00222612 0.00190969 0.00164004 0.00141365 0.00122736 0.00107843 0.000964541 0.000883864 0.000835152 
0.000949698 0.000965018 0.00101606 0.00110382 0.0012298 0.00139605 0.0016052 0.00186034 0.00216505 0.0025233 0.00293938 0.00341785 0.00396343 0.00458089 0.00527497 0.00605025 0.00691104 0.00786124 0.00890419 0.0100426 0.0112783 0.0126123 0.0140446 0.0155739 0.0171978 0.0189125 0.020713 0.0225927 0.0245438 0.0265571 0.028622 0.0307266 0.0328579 0.035002 0.0371439 0.039268 0.041358 0.0433975 0.0453697 0.0472581 0.0490464 0.0507188 0.0522604 0.0536569 0.0548956 0.0559648 0.0568543 0.0575558 0.0580624 0.0583694 0.0584738 0.0583745 0.0580727 0.0575712 0.0568749 0.0559905 0.0549266 0.0536932 0.0523019 0.0507657 0.0490985 0.0473155 0.0454322 0.0434651 0.0414306 0.0393454 0.0372259 0.0350882 0.0329481 0.0308203 0.0287189 0.0266567 0.0246456 0.0226961 0.0208175 0.0190175 0.0173027 0.0156781 0.0141476 0.0127134 0.011377 0.0101384 0.00899662 0.00794985 0.00699547 0.00613016 0.00535008 0.00465097 0.00402833 0.00347744 0.00299357 0.00257205 0.00220836 0.00189822 0.00163769 0.00142321 0.00125167 0.00112047 0.00102754 0.000971465 
0.00110976 0.00112767 0.00118698 0.00128883 0.00143491 0.00162757 0.00186977 0.00216505 0.00251743 0.00293142 0.00341185 0.00396386 0.00459273 0.00530383 0.00610245 0.00699368 0.00798227 0.0090725 0.010268 0.0115717 0.0129855 0.0145103 0.0161458 0.0178905 0.0197413 0.0216939 0.0237422 0.0258788 0.0280945 0.0303788 0.0327197 0.0351035 0.0375158 0.0399405 0.0423609 0.0447594 0.0471178 0.0494177 0.0516403 0.0537671 0.0557801 0.0576616 0.0593951 0.0609648 0.0623565 0.0635572 0.0645558 0.065343 0.0659113 0.0662554 0.0663719 0.0662598 0.0659202 0.0653564 0.0645738 0.0635798 0.0623838 0.060997 0.0594322 0.0577038 0.0558274 0.0538195 0.0516979 0.0494805 0.0471858 0.0448324 0.0424388 0.0400231 0.0376029 0.0351948 0.0328146 0.0304771 0.0281957 0.0259823 0.0238475 0.0218003 0.0198483 0.0179974 0.016252 0.0146151 0.0130883 0.011672 0.0103652 0.00916609 0.0080718 0.00707876 0.00618273 0.00537901 0.00466258 0.00402818 0.00347052 0.00298435 0.00256457 0.00220637 0.00190529 0.0016573 0.00145889 0.00130711 0.00119961 0.00113479 
0.00129864 0.0013196 0.00138861 0.00150696 0.00167659 0.00190018 0.00218108 0.0025233 0.00293142 0.00341052 0.00396608 0.00460388 0.00532987 0.00615006 0.00707036 0.00809643 0.00923354 0.0104864 0.0118589 0.0133542 0.0149742 0.0167198 0.0185903 0.0205838 0.0226966 0.0249234 0.0272574 0.0296896 0.0322097 0.0348056 0.0374634 0.0401678 0.0429021 0.0456484 0.0483877 0.0511002 0.0537655 0.0563628 0.0588713 0.0612703 0.0635396 0.0656595 0.0676117 0.0693786 0.0709445 0.072295 0.0734178 0.0743025 0.0749408 0.075327 0.0754573 0.0753306 0.0749481 0.0743135 0.0734326 0.0723138 0.0709674 0.0694059 0.0676434 0.0656959 0.0635808 0.0613166 0.0589227 0.0564195 0.0538274 0.0511675 0.0484602 0.0457261 0.0429848 0.0402552 0.0375553 0.0349016 0.0323094 0.0297923 0.0273626 0.0250307 0.0228051 0.0206929 0.0186994 0.0168281 0.0150811 0.013459 0.011961 0.0105851 0.00932846 0.00818701 0.00715617 0.00623073 0.00540508 0.00467338 0.00402967 0.00346804 0.00298278 0.00256843 0.00221994 0.00193278 0.00170294 0.00152707 0.00140252 0.00132747 
0.00151885 0.00154335 0.0016236 0.00176106 0.00195795 0.0022173 0.00254293 0.00293938 0.00341185 0.00396608 0.00460826 0.00534489 0.00618267 0.00712833 0.00818847 0.00936937 0.0106769 0.0121161 0.0136913 0.0154058 0.0172615 0.0192592 0.0213979 0.023675 0.0260861 0.0286251 0.0312836 0.0340517 0.0369172 0.0398662 0.042883 0.0459501 0.0490486 0.0521582 0.0552575 0.0583242 0.0613354 0.0642679 0.0670982 0.0698033 0.0723607 0.0747485 0.0769462 0.0789345 0.0806958 0.0822143 0.0834763 0.0844703 0.0851872 0.0856206 0.0857663 0.0856232 0.0851926 0.0844785 0.0834874 0.0822286 0.0807135 0.0789558 0.0769714 0.0747779 0.0723945 0.0698419 0.0671419 0.0643168 0.0613898 0.0583842 0.0553232 0.0522295 0.0491255 0.0460324 0.0429705 0.0399586 0.0370141 0.0341525 0.0313879 0.0287322 0.0261954 0.0237858 0.0215094 0.0193707 0.0173722 0.015515 0.0137982 0.0122201 0.0107773 0.00946566 0.00828008 0.0072148 0.00626359 0.00541992 0.00467712 0.00402856 0.00346779 0.00298865 0.00258545 0.00225304 0.00198688 0.00178319 0.00163893 0.00155205 
0.0017731 0.00180167 0.0018948 0.00205417 0.00228228 0.00258257 0.00295938 0.00341785 0.00396386 0.00460388 0.00534489 0.00619421 0.00715934 0.00824782 0.00946698 0.0108238 0.0123247 0.0139753 0.0157801 0.0177427 0.0198651 0.0221475 0.0245888 0.0271857 0.0299328 0.0328229 0.0358464 0.0389915 0.0422445 0.0455893 0.0490081 0.0524809 0.0559865 0.0595018 0.0630027 0.0664643 0.0698608 0.0731662 0.0763544 0.0793997 0.0822771 0.0849622 0.0874324 0.0896662 0.0916441 0.0933487 0.0947648 0.0958798 0.0966836 0.0971692 0.097332 0.0971707 0.0966867 0.0958846 0.0947715 0.0933576 0.0916555 0.0896804 0.0874498 0.0849833 0.0823021 0.0794292 0.0763887 0.0732057 0.0699059 0.0665152 0.0630597 0.0595648 0.0560557 0.0525564 0.0490895 0.0456765 0.0423371 0.0390891 0.0359484 0.0329288 0.0300419 0.0272972 0.024702 0.0222615 0.0199791 0.0178559 0.0158917 0.0140844 0.0124306 0.0109259 0.00956451 0.00834027 0.0072462 0.00627504 0.00541933 0.00467163 0.00402467 0.00347155 0.00300583 0.00262169 0.002314 0.00207848 0.00191168 0.00181128 
0.00206419 0.00209741 0.00220521 0.00238947 0.00265303 0.00299979 0.00343465 0.00396343 0.00459273 0.00532987 0.00618267 0.00715934 0.00826828 0.00951787 0.0109163 0.0124712 0.0141896 0.0160777 0.0181404 0.0203813 0.0228022 0.0254035 0.028183 0.031137 0.034259 0.0375404 0.0409702 0.0445347 0.0482182 0.0520023 0.0558667 0.059789 0.0637449 0.0677087 0.0716533 0.0755505 0.0793718 0.083088 0.0866701 0.0900896 0.0933186 0.0963304 0.0990996 0.101603 0.103818 0.105727 0.107312 0.108559 0.109458 0.110001 0.110182 0.110001 0.109459 0.10856 0.107313 0.105729 0.103822 0.101609 0.0991079 0.0963416 0.0933332 0.0901082 0.0866933 0.0831162 0.0794056 0.0755904 0.0716995 0.0677616 0.0638046 0.0598556 0.0559402 0.0520825 0.0483048 0.0446275 0.0410685 0.0376438 0.0343666 0.0312482 0.0282969 0.0255192 0.0229189 0.0204979 0.0182562 0.0161916 0.0143008 0.0125789 0.0110197 0.00961637 0.00836121 0.00724616 0.0062629 0.00540311 0.00465867 0.0040218 0.00348526 0.00304249 0.00268772 0.00241609 0.00222373 0.002108 
0.00239503 0.00243352 0.00255786 0.00277019 0.0030737 0.00347281 0.00397302 0.00458089 0.00530383 0.00615006 0.00712833 0.00824782 0.00951787 0.0109478 0.0125466 0.0143228 0.0162841 0.018437 0.0207868 0.0233372 0.02609 0.029045 0.0321997 0.0355492 0.039086 0.0427999 0.0466781 0.0507051 0.0548627 0.0591302 0.0634844 0.0679001 0.07235 0.0768052 0.0812352 0.0856089 0.0898942 0.0940588 0.0980705 0.101898 0.10551 0.108877 0.111971 0.114767 0.11724 0.11937 0.121138 0.122529 0.123532 0.124136 0.124338 0.124135 0.123529 0.122526 0.121134 0.119365 0.117236 0.114763 0.111969 0.108876 0.105512 0.101904 0.0980806 0.0940738 0.0899147 0.0856356 0.0812686 0.0768456 0.0723979 0.0679557 0.0635478 0.0592013 0.0549414 0.0507911 0.0467709 0.042899 0.0391906 0.0356587 0.0323131 0.0291614 0.0262084 0.0234565 0.0209061 0.0185552 0.0164002 0.0144359 0.0126558 0.0110523 0.00961689 0.00834069 0.00721447 0.00622896 0.00537507 0.00464412 0.00402798 0.00351928 0.00311153 0.00279926 0.00257813 0.00244516 
0.00276854 0.00281295 0.00295583 0.00319959 0.00354783 0.00400548 0.00457875 0.00527497 0.00610245 0.00707036 0.00818847 0.00946698 0.0109163 0.0125466 0.014368 0.0163896 0.0186199 0.0210658 0.0237331 0.0266253 0.0297442 0.0330891 0.0366566 0.0404409 0.044433 0.0486212 0.0529907 0.0575237 0.0621995 0.0669946 0.0718829 0.076836 0.0818233 0.0868124 0.0917696 0.0966599 0.101448 0.106098 0.110574 0.114842 0.118867 0.122617 0.126062 0.129173 0.131924 0.134292 0.136257 0.137803 0.138916 0.139588 0.139811 0.139585 0.138911 0.137795 0.136247 0.13428 0.13191 0.129159 0.126048 0.122604 0.118856 0.114833 0.110569 0.106097 0.101453 0.0966711 0.0917877 0.0868381 0.0818571 0.0768782 0.0719338 0.0670543 0.062268 0.0576008 0.053076 0.0487141 0.0445329 0.040547 0.036768 0.0332047 0.0298631 0.0267463 0.0238551 0.0211877 0.0187404 0.0165077 0.0144827 0.0126569 0.0110213 0.00956587 0.00828054 0.00715499 0.0061791 0.00534319 0.00463819 0.00405585 0.0035889 0.00323123 0.00297793 0.00282569 
0.00318758 0.00323861 0.00340214 0.00368087 0.00407884 0.00460156 0.00525597 0.00605025 0.00699368 0.00809643 0.00936937 0.0108238 0.0124712 0.0143228 0.0163896 0.0186817 0.021208 0.0239761 0.0269919 0.0302591 0.0337791 0.0375505 0.0415692 0.0458281 0.0503167 0.0550214 0.0599252 0.0650078 0.0702458 0.0756127 0.0810791 0.0866132 0.0921807 0.0977458 0.103271 0.108717 0.114045 0.119217 0.124191 0.128931 0.133399 0.137559 0.141379 0.144826 0.147874 0.150496 0.152672 0.154383 0.155614 0.156356 0.156602 0.156351 0.155605 0.154369 0.152654 0.150475 0.14785 0.1448 0.141351 0.137532 0.133372 0.128906 0.124169 0.119199 0.114033 0.108711 0.103271 0.0977542 0.0921978 0.0866395 0.0811151 0.0756586 0.0703018 0.0650737 0.0600007 0.055106 0.0504099 0.045929 0.0416769 0.0376639 0.0338971 0.0303806 0.0271156 0.0241007 0.0213321 0.0188042 0.0165093 0.0144386 0.0125819 0.0109286 0.00946732 0.00818678 0.00707578 0.00612354 0.00531998 0.00465592 0.00412326 0.00371515 0.00342614 0.0032525 
0.00365491 0.00371329 0.00389967 0.00421708 0.00467001 0.00526461 0.00600859 0.00691104 0.00798227 0.00923354 0.0106769 0.0123247 0.0141896 0.0162841 0.0186199 0.021208 0.0240581 0.0271782 0.0305743 0.0342501 0.0382065 0.0424416 0.0469503 0.0517239 0.0567502 0.0620136 0.0674946 0.0731702 0.079014 0.0849962 0.0910839 0.0972416 0.103431 0.109613 0.115745 0.121786 0.127691 0.133417 0.138923 0.144165 0.149103 0.153699 0.157916 0.161721 0.165083 0.167974 0.170372 0.172257 0.173614 0.174431 0.174701 0.174424 0.1736 0.172237 0.170346 0.167943 0.165047 0.161681 0.157874 0.153655 0.149059 0.144122 0.138882 0.13338 0.127658 0.121759 0.115726 0.109602 0.103429 0.0972495 0.0911024 0.0850257 0.0790548 0.0732223 0.0675578 0.0620876 0.0568344 0.0518175 0.0470524 0.0425511 0.0383222 0.0343706 0.0306984 0.0273044 0.024185 0.0213342 0.018744 0.0164048 0.0143058 0.0124351 0.0107805 0.00932951 0.00806977 0.00698939 0.0060772 0.00532301 0.00471783 0.00425406 0.00392562 0.00372836 
0.00417309 0.00423957 0.0044511 0.00481103 0.00532435 0.00599788 0.00684015 0.00786124 0.0090725 0.0104864 0.0121161 0.0139753 0.0160777 0.018437 0.0210658 0.0239761 0.0271782 0.0306804 0.0344889 0.0386072 0.0430358 0.047772 0.0528092 0.0581374 0.0637424 0.0696062 0.0757068 0.0820181 0.0885104 0.0951503 0.101901 0.108724 0.115576 0.122414 0.129191 0.135862 0.142378 0.148692 0.154759 0.160531 0.165966 0.171021 0.175656 0.179837 0.183529 0.186704 0.189336 0.191404 0.192891 0.193787 0.194083 0.193778 0.192873 0.191377 0.189301 0.186662 0.183481 0.179783 0.175598 0.17096 0.165903 0.160468 0.154697 0.148633 0.142323 0.135812 0.129149 0.12238 0.115552 0.108711 0.1019 0.0951607 0.0885333 0.0820538 0.0757552 0.0696671 0.0638153 0.0582215 0.0529036 0.0478756 0.0431474 0.0387252 0.034612 0.030807 0.0273067 0.024105 0.0211936 0.0185621 0.0161988 0.0140909 0.0122251 0.0105878 0.00916529 0.00794457 0.00691334 0.00606032 0.0053756 0.00485074 0.00447903 0.00425588 
0.00474441 0.0048198 0.00505884 0.00546525 0.00604453 0.00680423 0.00775376 0.00890419 0.010268 0.0118589 0.0136913 0.0157801 0.0181404 0.0207868 0.0237331 0.0269919 0.0305743 0.0344889 0.038742 0.0433367 0.0482731 0.0535472 0.0591514 0.0650735 0.0712975 0.0778026 0.084564 0.0915523 0.0987344 0.106073 0.113528 0.121055 0.128608 0.136138 0.143596 0.15093 0.158089 0.165022 0.171677 0.178006 0.18396 0.189496 0.194569 0.199142 0.20318 0.206649 0.209525 0.211784 0.213408 0.214386 0.214709 0.214374 0.213386 0.21175 0.209481 0.206596 0.203118 0.199074 0.194494 0.189416 0.183878 0.177921 0.171593 0.164939 0.15801 0.150857 0.143529 0.13608 0.128559 0.121018 0.113503 0.106062 0.0987368 0.0915689 0.084595 0.0778478 0.0713565 0.0651457 0.0592358 0.0536428 0.0483785 0.0434505 0.0388625 0.0346145 0.0307032 0.0271225 0.0238636 0.0209155 0.0182657 0.0159005 0.0138054 0.0119655 0.0103659 0.00899237 0.00783143 0.00687068 0.00609919 0.00550769 0.00508876 0.00483735 
0.00537084 0.00545593 0.0057249 0.00618183 0.00683278 0.00768603 0.00875192 0.0100426 0.0115717 0.0133542 0.0154058 0.0177427 0.0203813 0.0233372 0.0266253 0.0302591 0.0342501 0.0386072 0.0433367 0.0484415 0.0539206 0.0597691 0.0659775 0.0725321 0.079414 0.0866 0.0940619 0.101767 0.109678 0.117754 0.125951 0.134219 0.142509 0.150766 0.158937 0.166966 0.174798 0.182375 0.189645 0.196552 0.203048 0.209082 0.21461 0.219591 0.223985 0.227761 0.230888 0.233345 0.23511 0.236173 0.236523 0.236159 0.235083 0.233304 0.230835 0.227696 0.22391 0.219506 0.214518 0.208983 0.202943 0.196445 0.189536 0.182267 0.174692 0.166866 0.158843 0.150681 0.142433 0.134156 0.1259 0.117718 0.109657 0.101762 0.0940727 0.0866269 0.0794567 0.0725899 0.0660497 0.0598544 0.0540178 0.0485491 0.043453 0.0387302 0.0343781 0.0303902 0.0267575 0.0234686 0.0205101 0.0178673 0.0155245 0.0134655 0.0116744 0.0101354 0.00883393 0.00775638 0.00689078 0.00622697 0.0057568 0.00547474 
0.0060539 0.00614953 0.00645087 0.0069624 0.00769077 0.00864502 0.00983645 0.0112783 0.0129855 0.0149742 0.0172615 0.0198651 0.0228022 0.02609 0.0297442 0.0337791 0.0382065 0.0430358 0.0482731 0.0539206 0.0599765 0.0664346 0.0732835 0.0805073 0.0880847 0.0959892 0.104189 0.112649 0.121326 0.130176 0.139149 0.148193 0.157251 0.166267 0.175181 0.183933 0.192462 0.200708 0.208613 0.21612 0.223174 0.229724 0.23572 0.24112 0.245882 0.249972 0.253359 0.256018 0.257929 0.259078 0.259457 0.259062 0.257897 0.25597 0.253296 0.249895 0.245793 0.241019 0.235609 0.229604 0.223048 0.215989 0.208479 0.200573 0.192329 0.183804 0.175058 0.166152 0.157147 0.1481 0.13907 0.130112 0.121279 0.112619 0.104177 0.0959951 0.0881083 0.0805483 0.073341 0.0665074 0.0600634 0.05402 0.0483832 0.0431547 0.038332 0.0339092 0.0298769 0.0262231 0.0229338 0.0199931 0.0173842 0.0150898 0.0130926 0.0113755 0.00992259 0.00871912 0.00775201 0.00701018 0.00648473 0.00616959 
0.00679463 0.00690161 0.00723778 0.00780801 0.00861954 0.00968224 0.0110084 0.0126123 0.0145103 0.0167198 0.0192592 0.0221475 0.0254035 0.029045 0.0330891 0.0375505 0.0424416 0.047772 0.0535472 0.0597691 0.0664346 0.0735358 0.0810598 0.0889878 0.0972958 0.105954 0.114928 0.124176 0.133653 0.143309 0.153091 0.162941 0.172798 0.1826 0.192282 0.20178 0.211029 0.219964 0.228523 0.236646 0.244273 0.25135 0.257826 0.263654 0.268793 0.273203 0.276855 0.27972 0.281779 0.283017 0.283424 0.282998 0.281742 0.279665 0.276782 0.273114 0.268688 0.263536 0.257696 0.251209 0.244123 0.236489 0.228363 0.219801 0.210866 0.201621 0.192128 0.182454 0.172662 0.162818 0.152982 0.143217 0.133577 0.124119 0.11489 0.105936 0.0972979 0.0890093 0.0811 0.0735938 0.0665089 0.0598581 0.0536492 0.0478848 0.0425631 0.0376783 0.033221 0.0291788 0.0255367 0.0222782 0.0193852 0.0168391 0.0146214 0.0127135 0.0110984 0.00975988 0.00868389 0.00785833 0.00727354 0.00692292 
0.00759347 0.00771264 0.00808605 0.00871903 0.00961942 0.0107979 0.0122678 0.0140446 0.0161458 0.0185903 0.0213979 0.0245888 0.028183 0.0321997 0.0366566 0.0415692 0.0469503 0.0528092 0.0591514 0.0659775 0.0732835 0.0810598 0.0892909 0.0979558 0.107027 0.116472 0.12625 0.136318 0.146626 0.157119 0.167738 0.17842 0.1891 0.199711 0.210183 0.220447 0.230433 0.240074 0.249301 0.258051 0.266262 0.273877 0.28084 0.287104 0.292623 0.297359 0.301278 0.304353 0.306561 0.307889 0.308325 0.307867 0.306519 0.30429 0.301196 0.297258 0.292504 0.286969 0.28069 0.273714 0.266089 0.257869 0.249113 0.239882 0.230241 0.220256 0.209997 0.199532 0.188931 0.178263 0.167596 0.156994 0.14652 0.136232 0.126185 0.116428 0.107005 0.0979553 0.0893115 0.0811004 0.073343 0.0660541 0.0592432 0.0529141 0.047066 0.0416932 0.0367865 0.0323329 0.028317 0.0247212 0.0215264 0.0187128 0.0162604 0.0141494 0.0123613 0.0108789 0.00968669 0.00877178 0.00812366 0.00773517 
0.00845023 0.00858239 0.00899544 0.00969512 0.0106899 0.0119913 0.0136138 0.0155739 0.0178905 0.0205838 0.023675 0.0271857 0.031137 0.0355492 0.0404409 0.0458281 0.0517239 0.0581374 0.0650735 0.0725321 0.0805073 0.0889878 0.0979558 0.107387 0.117251 0.127511 0.138123 0.149039 0.160204 0.171558 0.183037 0.194574 0.206098 0.217537 0.228816 0.239861 0.250598 0.260955 0.270861 0.280247 0.289049 0.297206 0.304662 0.311364 0.317267 0.32233 0.326518 0.329803 0.332162 0.333579 0.334045 0.333556 0.332115 0.329734 0.326426 0.322217 0.317134 0.311212 0.304493 0.297022 0.288852 0.28004 0.270645 0.260734 0.250375 0.239638 0.228596 0.217324 0.205895 0.194383 0.182861 0.171399 0.160065 0.148921 0.138028 0.127438 0.117202 0.107362 0.0979543 0.0890089 0.0805497 0.0725941 0.0651532 0.0582326 0.0518321 0.0459467 0.0405672 0.0356805 0.0312706 0.0273188 0.0238053 0.0207087 0.0180079 0.0156818 0.0137105 0.0120753 0.0107599 0.00975015 0.0090348 0.00860612 
0.00936401 0.00950995 0.00996492 0.0107351 0.0118297 0.0132609 0.0150443 0.0171978 0.0197413 0.0226966 0.0260861 0.0299328 0.034259 0.039086 0.044433 0.0503167 0.0567502 0.0637424 0.0712975 0.079414 0.0880847 0.0972958 0.107027 0.117251 0.127934 0.139034 0.150505 0.162292 0.174336 0.186572 0.198931 0.21134 0.223723 0.236003 0.248101 0.259938 0.271435 0.282516 0.293105 0.303132 0.312527 0.321229 0.329177 0.336319 0.342605 0.347995 0.352452 0.355947 0.358456 0.359963 0.360457 0.359937 0.358404 0.35587 0.352351 0.347871 0.342458 0.336151 0.32899 0.321024 0.312307 0.302899 0.292862 0.282266 0.271181 0.259683 0.247848 0.235756 0.223484 0.211113 0.198719 0.186377 0.174161 0.16214 0.150377 0.138931 0.127856 0.1172 0.107001 0.0972951 0.0881078 0.0794594 0.0713631 0.063826 0.0568492 0.0504283 0.0445544 0.0392141 0.034391 0.0300658 0.0262173 0.0228232 0.019861 0.0173083 0.0151438 0.0133476 0.0119021 0.0107923 0.0100059 0.00953482 
0.0103331 0.0104936 0.0109927 0.011837 0.0130363 0.014604 0.0165563 0.0189125 0.0216939 0.0249234 0.0286251 0.0328229 0.0375404 0.0427999 0.0486212 0.0550214 0.0620136 0.0696062 0.0778026 0.0866 0.0959892 0.105954 0.116472 0.127511 0.139034 0.150996 0.163345 0.176022 0.188962 0.202096 0.215349 0.228643 0.241896 0.255027 0.267951 0.280585 0.292845 0.304651 0.315925 0.326591 0.33658 0.345824 0.354262 0.36184 0.368508 0.374222 0.378945 0.382647 0.385304 0.3869 0.387423 0.386872 0.385249 0.382564 0.378835 0.374086 0.368348 0.361657 0.354057 0.345599 0.336337 0.326334 0.315655 0.304372 0.292559 0.280296 0.267664 0.254744 0.241621 0.228379 0.2151 0.201865 0.188752 0.175834 0.163183 0.15086 0.138926 0.127431 0.116419 0.105929 0.095991 0.0866266 0.0778522 0.0696763 0.0621016 0.0551244 0.0487361 0.0429236 0.0376697 0.0329546 0.0287561 0.025051 0.0218152 0.0190251 0.0166581 0.014693 0.013111 0.011896 0.0110352 0.0105196 
0.0113551 0.0115308 0.012076 0.0129978 0.0143067 0.0160167 0.0181453 0.020713 0.0237422 0.0272574 0.0312836 0.0358464 0.0409702 0.0466781 0.0529907 0.0599252 0.0674946 0.0757068 0.084564 0.0940619 0.104189 0.114928 0.12625 0.138123 0.150505 0.163345 0.176587 0.190168 0.204017 0.218059 0.232215 0.2464 0.260529 0.274514 0.288266 0.301696 0.314719 0.327248 0.339202 0.350504 0.36108 0.370861 0.379784 0.387792 0.394835 0.400867 0.405852 0.409758 0.412561 0.414244 0.414796 0.414214 0.412502 0.409669 0.405735 0.400722 0.394662 0.387594 0.379562 0.370617 0.360816 0.350223 0.338907 0.32694 0.314403 0.301376 0.287945 0.274196 0.260218 0.246099 0.231928 0.21779 0.203769 0.189944 0.176389 0.163175 0.150364 0.138013 0.12617 0.114877 0.104168 0.0940679 0.0845956 0.0757616 0.0675699 0.060018 0.0530977 0.0467959 0.0410954 0.0359757 0.0314137 0.0273849 0.0238644 0.020827 0.0182489 0.0161076 0.0143832 0.0130586 0.0121199 0.0115578 
0.0124266 0.0126182 0.0132114 0.0142138 0.0156364 0.0174942 0.0198058 0.0225927 0.0258788 0.0296896 0.0340517 0.0389915 0.0445347 0.0507051 0.0575237 0.0650078 0.0731702 0.0820181 0.0915523 0.101767 0.112649 0.124176 0.136318 0.149039 0.162292 0.176022 0.190168 0.204661 0.219426 0.234382 0.249444 0.264523 0.279527 0.294364 0.30894 0.323162 0.33694 0.350185 0.362812 0.37474 0.385893 0.396201 0.405599 0.414029 0.421439 0.427783 0.433023 0.437127 0.440072 0.44184 0.44242 0.441808 0.440009 0.437033 0.432898 0.427628 0.421255 0.413818 0.405362 0.39594 0.385609 0.374436 0.362491 0.34985 0.336595 0.322811 0.308585 0.294011 0.279179 0.264184 0.249119 0.234075 0.21914 0.204399 0.189933 0.175816 0.162117 0.148896 0.136208 0.124097 0.112602 0.101751 0.0915643 0.082056 0.0732313 0.0650889 0.0576213 0.0508158 0.0446548 0.0391174 0.0341797 0.0298164 0.0260011 0.0227076 0.0199107 0.0175867 0.0157145 0.0142759 0.0132565 0.0126461 
0.0135434 0.0137514 0.0143943 0.0154799 0.01702 0.0190305 0.0215309 0.0245438 0.0280945 0.0322097 0.0369172 0.0422445 0.0482182 0.0548627 0.0621995 0.0702458 0.079014 0.0885104 0.0987344 0.109678 0.121326 0.133653 0.146626 0.160204 0.174336 0.188962 0.204017 0.219426 0.235108 0.250978 0.266944 0.282912 0.298786 0.314468 0.329859 0.344864 0.359386 0.373334 0.386621 0.399162 0.41088 0.421702 0.431562 0.440402 0.448167 0.454813 0.4603 0.464597 0.467679 0.469529 0.470135 0.469496 0.467613 0.464498 0.460169 0.454651 0.447974 0.440179 0.431312 0.421425 0.410578 0.398838 0.386277 0.372975 0.359013 0.344482 0.329473 0.314081 0.298403 0.282537 0.266581 0.250632 0.234783 0.219125 0.203744 0.18872 0.174125 0.160028 0.146484 0.133546 0.121253 0.109638 0.0987252 0.0885298 0.0790593 0.0703137 0.0622864 0.054965 0.0483319 0.0423659 0.0370423 0.0323349 0.0282163 0.024659 0.0216365 0.0191241 0.0170994 0.0155433 0.0144405 0.0137803 
0.0147006 0.0149255 0.0156193 0.0167905 0.0184513 0.0206184 0.0233124 0.0265571 0.0303788 0.0348056 0.0398662 0.0455893 0.0520023 0.0591302 0.0669946 0.0756127 0.0849962 0.0951503 0.106073 0.117754 0.130176 0.143309 0.157119 0.171558 0.186572 0.202096 0.218059 0.234382 0.250978 0.267755 0.284618 0.301467 0.318199 0.334713 0.350906 0.366678 0.381928 0.396563 0.410492 0.42363 0.435895 0.447215 0.457522 0.466756 0.474864 0.4818 0.487524 0.492006 0.495219 0.497148 0.49778 0.497114 0.495151 0.491904 0.487389 0.481632 0.474664 0.466524 0.45726 0.446924 0.435577 0.423287 0.410128 0.396181 0.38153 0.366268 0.35049 0.334294 0.317782 0.301056 0.284218 0.267372 0.250614 0.234043 0.217748 0.201816 0.186325 0.171347 0.156945 0.143172 0.130075 0.117689 0.106041 0.0951499 0.0850243 0.0756661 0.0670696 0.0592228 0.0521086 0.0457052 0.0399875 0.0349283 0.0304993 0.0266719 0.0234183 0.0207126 0.0185315 0.0168549 0.0156664 0.0149552 
0.0158921 0.0161343 0.0168803 0.0181388 0.0199228 0.0222497 0.0251412 0.028622 0.0327197 0.0374634 0.042883 0.0490081 0.0558667 0.0634844 0.0718829 0.0810791 0.0910839 0.101901 0.113528 0.125951 0.139149 0.153091 0.167738 0.183037 0.198931 0.215349 0.232215 0.249444 0.266944 0.284618 0.302365 0.320079 0.337654 0.354983 0.371959 0.388477 0.404436 0.419737 0.434288 0.448 0.460793 0.47259 0.483326 0.492938 0.501373 0.508586 0.514536 0.519193 0.522532 0.524535 0.525192 0.5245 0.522462 0.519089 0.514397 0.508413 0.501167 0.492698 0.483054 0.472288 0.460461 0.447642 0.433905 0.419333 0.404014 0.388042 0.371514 0.354533 0.337204 0.319633 0.301929 0.284197 0.266543 0.249067 0.231866 0.215032 0.198648 0.182791 0.16753 0.152923 0.139019 0.125859 0.113472 0.10188 0.0910937 0.0811168 0.0719448 0.0635664 0.0559645 0.0491174 0.0429995 0.0375829 0.0328382 0.0287357 0.0252467 0.0223442 0.0200036 0.0182039 0.0169281 0.0161647 
0.0171112 0.0173711 0.01817 0.0195172 0.0214261 0.0239151 0.0270066 0.0307266 0.0351035 0.0401678 0.0459501 0.0524809 0.059789 0.0679001 0.076836 0.0866132 0.0972416 0.108724 0.121055 0.134219 0.148193 0.162941 0.17842 0.194574 0.21134 0.228643 0.2464 0.264523 0.282912 0.301467 0.320079 0.338639 0.357036 0.375157 0.392893 0.410135 0.426777 0.442719 0.457867 0.47213 0.485426 0.49768 0.508823 0.518794 0.527539 0.535013 0.541177 0.545999 0.549456 0.55153 0.552211 0.551495 0.549386 0.545894 0.541036 0.534837 0.527328 0.518549 0.508544 0.497369 0.485084 0.471758 0.457468 0.442297 0.426334 0.409675 0.392422 0.374678 0.356554 0.33816 0.319608 0.30101 0.282474 0.264108 0.246014 0.228288 0.211021 0.194293 0.178178 0.16274 0.148033 0.1341 0.120974 0.10868 0.097232 0.0866341 0.0768837 0.0679704 0.0598774 0.0525829 0.0460611 0.0402833 0.0352194 0.0308387 0.0271114 0.0240094 0.0215071 0.0195827 0.0182184 0.0174022 
0.0183506 0.0186283 0.0194806 0.0209171 0.022952 0.0256043 0.0288973 0.0328579 0.0375158 0.0429021 0.0490486 0.0559865 0.0637449 0.07235 0.0818233 0.0921807 0.103431 0.115576 0.128608 0.142509 0.157251 0.172798 0.1891 0.206098 0.223723 0.241896 0.260529 0.279527 0.298786 0.318199 0.337654 0.357036 0.376228 0.395116 0.413584 0.43152 0.448818 0.465373 0.48109 0.495877 0.509652 0.522337 0.533864 0.544173 0.55321 0.560929 0.567293 0.57227 0.575837 0.577977 0.57868 0.577942 0.575767 0.572164 0.567151 0.560752 0.552997 0.543924 0.533581 0.522019 0.509301 0.495495 0.480679 0.464936 0.448357 0.43104 0.413088 0.394611 0.375718 0.356526 0.337151 0.317708 0.298312 0.279076 0.260106 0.241505 0.223368 0.205782 0.188825 0.172565 0.157061 0.142361 0.128502 0.11551 0.103402 0.0921842 0.0818561 0.0724078 0.0638231 0.0560803 0.0491533 0.043013 0.0376283 0.0329679 0.0290008 0.025698 0.0230329 0.0209829 0.0195294 0.0186599 
0.0196019 0.0198975 0.0208033 0.0223294 0.0244905 0.0273062 0.0308008 0.035002 0.0399405 0.0456484 0.0521582 0.0595018 0.0677087 0.0768052 0.0868124 0.0977458 0.109613 0.122414 0.136138 0.150766 0.166267 0.1826 0.199711 0.217537 0.236003 0.255027 0.274514 0.294364 0.314468 0.334713 0.354983 0.375157 0.395116 0.414739 0.433907 0.452507 0.470429 0.487567 0.503822 0.519104 0.533328 0.546418 0.558306 0.56893 0.578238 0.586186 0.592735 0.597856 0.601526 0.603727 0.60445 0.603692 0.601455 0.597751 0.592594 0.586009 0.578025 0.56868 0.55802 0.546097 0.532972 0.518714 0.503401 0.487116 0.469953 0.452009 0.433391 0.414209 0.394579 0.374619 0.354449 0.334189 0.31396 0.293877 0.274055 0.2546 0.235612 0.217185 0.199402 0.182335 0.166047 0.150591 0.136007 0.122324 0.109563 0.097731 0.0868295 0.0768497 0.0677759 0.0595868 0.052256 0.045754 0.0400492 0.0351093 0.0309026 0.0273989 0.024571 0.0223952 0.0208524 0.0199295 
0.0208563 0.0211698 0.0221289 0.0237441 0.0260306 0.0290088 0.0327037 0.0371439 0.0423609 0.0483877 0.0552575 0.0630027 0.0716533 0.0812352 0.0917696 0.103271 0.115745 0.129191 0.143596 0.158937 0.175181 0.192282 0.210183 0.228816 0.248101 0.267951 0.288266 0.30894 0.329859 0.350906 0.371959 0.392893 0.413584 0.433907 0.453742 0.472972 0.491483 0.50917 0.525932 0.541677 0.556321 0.569788 0.58201 0.592926 0.602485 0.610643 0.617364 0.622617 0.62638 0.628637 0.629379 0.628603 0.626311 0.622513 0.617224 0.610468 0.602274 0.592678 0.581724 0.569465 0.555962 0.541282 0.525503 0.508709 0.490994 0.472458 0.453208 0.433357 0.413023 0.392328 0.371396 0.350352 0.329319 0.30842 0.287772 0.267489 0.247676 0.22843 0.209841 0.191985 0.174931 0.158734 0.143439 0.129078 0.115674 0.103237 0.0917705 0.081266 0.071709 0.0630783 0.0553478 0.0484875 0.0424653 0.0372481 0.0328034 0.0291002 0.0261104 0.0238096 0.022178 0.0212022 
0.0221046 0.0224356 0.0234474 0.0251507 0.0275611 0.0306996 0.0345921 0.039268 0.0447594 0.0511002 0.0583242 0.0664643 0.0755505 0.0856089 0.0966599 0.108717 0.121786 0.135862 0.15093 0.166966 0.183933 0.20178 0.220447 0.239861 0.259938 0.280585 0.301696 0.323162 0.344864 0.366678 0.388477 0.410135 0.43152 0.452507 0.472972 0.492794 0.511858 0.530058 0.547293 0.563469 0.578502 0.592318 0.604847 0.616032 0.62582 0.634171 0.641046 0.64642 0.650268 0.652577 0.653336 0.652543 0.650201 0.646318 0.64091 0.633999 0.625612 0.615786 0.604563 0.591996 0.578143 0.563072 0.54686 0.529591 0.51136 0.492268 0.472422 0.451939 0.430939 0.409546 0.387888 0.366094 0.344293 0.32261 0.30117 0.280089 0.259479 0.239442 0.220072 0.201452 0.183653 0.166735 0.150747 0.135725 0.121693 0.108665 0.0966443 0.0856255 0.0755943 0.06653 0.0584066 0.0511938 0.044859 0.0393687 0.0346894 0.0307894 0.0276399 0.0252157 0.0234965 0.0224683 
0.0233368 0.0236852 0.0247486 0.0265382 0.02907 0.0323656 0.0364516 0.041358 0.0471178 0.0537655 0.0613354 0.0698608 0.0793718 0.0898942 0.101448 0.114045 0.127691 0.142378 0.158089 0.174798 0.192462 0.211029 0.230433 0.250598 0.271435 0.292845 0.314719 0.33694 0.359386 0.381928 0.404436 0.426777 0.448818 0.470429 0.491483 0.511858 0.531439 0.550115 0.567787 0.58436 0.599752 0.613886 0.626696 0.638125 0.648122 0.656646 0.663662 0.669144 0.673069 0.675424 0.676199 0.675392 0.673004 0.669046 0.663531 0.656479 0.647919 0.637884 0.626417 0.613567 0.599394 0.583963 0.567352 0.549644 0.530934 0.511323 0.490921 0.469845 0.448218 0.426167 0.403823 0.381319 0.358787 0.336359 0.314162 0.292318 0.270944 0.250148 0.230028 0.210671 0.192153 0.174539 0.157881 0.142217 0.127577 0.113974 0.101416 0.0898964 0.0794034 0.0699164 0.0614095 0.0538525 0.0472124 0.0414549 0.0365461 0.0324536 0.0291477 0.0266026 0.0247975 0.0237181 
0.024543 0.0249082 0.0260219 0.0278953 0.0305451 0.0339934 0.0382673 0.0433975 0.0494177 0.0563628 0.0642679 0.0731662 0.083088 0.0940588 0.106098 0.119217 0.133417 0.148692 0.165022 0.182375 0.200708 0.219964 0.240074 0.260955 0.282516 0.304651 0.327248 0.350185 0.373334 0.396563 0.419737 0.442719 0.465373 0.487567 0.50917 0.530058 0.550115 0.569231 0.587303 0.60424 0.619958 0.634382 0.647446 0.659095 0.66928 0.677959 0.685101 0.690679 0.694673 0.697069 0.697858 0.697038 0.694612 0.690586 0.684975 0.677798 0.669083 0.658861 0.647173 0.634069 0.619604 0.603846 0.586869 0.568758 0.549606 0.529516 0.508598 0.486971 0.464758 0.442091 0.419104 0.395931 0.37271 0.349576 0.326662 0.304095 0.281995 0.260475 0.239638 0.219577 0.200371 0.18209 0.164788 0.148509 0.133282 0.119127 0.106049 0.0940467 0.0831073 0.0732115 0.0643335 0.0564431 0.0495069 0.0434903 0.0383588 0.0340793 0.0306215 0.027959 0.0260705 0.0249413 
0.0257128 0.0260943 0.0272564 0.0292107 0.0319742 0.0355695 0.0400242 0.0453697 0.0516403 0.0588713 0.0670982 0.0763544 0.0866701 0.0980705 0.110574 0.124191 0.138923 0.154759 0.171677 0.189645 0.208613 0.228523 0.249301 0.270861 0.293105 0.315925 0.339202 0.362812 0.386621 0.410492 0.434288 0.457867 0.48109 0.503822 0.525932 0.547293 0.567787 0.587303 0.605741 0.623008 0.63902 0.653704 0.666997 0.678842 0.689194 0.698012 0.705265 0.710928 0.714982 0.717415 0.718217 0.717386 0.714924 0.710839 0.705144 0.697858 0.689004 0.678616 0.666732 0.653399 0.638673 0.622618 0.60531 0.586832 0.567276 0.546746 0.525353 0.503216 0.480462 0.457223 0.433636 0.409839 0.385973 0.362178 0.33859 0.315341 0.292556 0.270352 0.248837 0.228108 0.20825 0.189334 0.17142 0.154553 0.138767 0.124083 0.110509 0.0980442 0.0866773 0.0763895 0.0671554 0.0589447 0.051724 0.0454584 0.0401126 0.0356531 0.0320491 0.0292735 0.0273046 0.0261275 
0.026836 0.0272331 0.0284414 0.0304729 0.0333448 0.0370803 0.0417074 0.0472581 0.0537671 0.0612703 0.0698033 0.0793997 0.0900896 0.101898 0.114842 0.128931 0.144165 0.160531 0.178006 0.196552 0.21612 0.236646 0.258051 0.280247 0.303132 0.326591 0.350504 0.37474 0.399162 0.42363 0.448 0.47213 0.495877 0.519104 0.541677 0.563469 0.58436 0.60424 0.623008 0.64057 0.656846 0.671763 0.685258 0.697278 0.707776 0.716715 0.724066 0.729804 0.733911 0.736375 0.737188 0.736347 0.733856 0.72972 0.723952 0.716569 0.707595 0.69706 0.685002 0.671466 0.656507 0.640188 0.622582 0.603772 0.58385 0.56292 0.541094 0.518491 0.495239 0.471473 0.447332 0.422958 0.398494 0.374084 0.349868 0.325982 0.302556 0.279712 0.257561 0.236205 0.215731 0.196218 0.177725 0.160304 0.14399 0.128805 0.114761 0.101858 0.0900849 0.0794247 0.0698521 0.0613368 0.0538454 0.0473425 0.0417926 0.0371616 0.0334181 0.0305347 0.0284892 0.0272663 
0.0279024 0.0283142 0.0295662 0.0316705 0.0346448 0.0385126 0.0433023 0.0490464 0.0557801 0.0635396 0.0723607 0.0822771 0.0933186 0.10551 0.118867 0.133399 0.149103 0.165966 0.18396 0.203048 0.223174 0.244273 0.266262 0.289049 0.312527 0.33658 0.36108 0.385893 0.41088 0.435895 0.460793 0.485426 0.509652 0.533328 0.556321 0.578502 0.599752 0.619958 0.63902 0.656846 0.673356 0.688478 0.702151 0.714323 0.724949 0.733994 0.741429 0.747231 0.751384 0.753875 0.754698 0.75385 0.751333 0.747153 0.741322 0.733856 0.724778 0.714115 0.701905 0.688191 0.673026 0.656472 0.6386 0.619494 0.599244 0.577954 0.555736 0.53271 0.509005 0.484759 0.460111 0.435207 0.410194 0.385217 0.360422 0.335947 0.311928 0.288489 0.265748 0.243807 0.222762 0.20269 0.183658 0.165719 0.14891 0.133256 0.118771 0.105456 0.0933025 0.0822923 0.0724012 0.0635993 0.055853 0.0491266 0.0433843 0.0385915 0.0347165 0.0317314 0.0296135 0.0283474 
