1.5553e-11 1.6268e-11 2.48611e-11 4.50665e-11 8.51907e-11 1.60935e-10 3.00369e-10 5.52268e-10 9.99587e-10 1.78073e-09 3.12229e-09 5.38844e-09 9.15349e-09 1.53064e-08 2.51971e-08 4.08374e-08 6.51679e-08 1.02404e-07 1.58473e-07 2.41542e-07 3.62639e-07 5.36352e-07 7.81564e-07 1.12219e-06 1.58781e-06 2.21414e-06 3.04318e-06 4.12292e-06 5.50652e-06 7.25069e-06 9.41342e-06 1.20509e-05 1.52135e-05 1.89415e-05 2.32607e-05 2.8177e-05 3.3673e-05 3.97049e-05 4.62001e-05 5.30579e-05 6.01511e-05 6.73301e-05 7.44279e-05 8.12676e-05 8.76693e-05 9.34585e-05 9.84733e-05 0.000102571 0.000105634 0.000107573 0.000108333 0.000107892 0.000106262 0.000103493 9.96638e-05 9.48869e-05 8.92989e-05 8.30576e-05 7.63349e-05 6.93096e-05 6.21592e-05 5.50528e-05 4.81438e-05 4.15643e-05 3.54206e-05 2.97916e-05 2.47278e-05 2.0253e-05 1.6367e-05 1.30494e-05 1.02642e-05 7.96428e-06 6.09577e-06 4.60198e-06 3.42664e-06 2.51637e-06 1.82235e-06 1.30141e-06 9.16403e-07 6.36236e-07 4.35488e-07 2.9385e-07 1.95449e-07 1.28134e-07 8.27919e-08 5.27196e-08 3.30817e-08 2.04555e-08 1.24628e-08 7.48141e-09 4.42485e-09 2.57839e-09 1.48023e-09 8.37218e-10 4.66556e-10 2.56227e-10 1.38802e-10 7.44347e-11 4.00744e-11 2.28247e-11 
1.6268e-11 1.70412e-11 2.61913e-11 4.77559e-11 9.07358e-11 1.72201e-10 3.22785e-10 5.95915e-10 1.0828e-09 1.93614e-09 3.40678e-09 5.89907e-09 1.00526e-08 1.68599e-08 2.78322e-08 4.5226e-08 7.2347e-08 1.13943e-07 1.76698e-07 2.69839e-07 4.0584e-07 6.01217e-07 8.77374e-07 1.26143e-06 1.78696e-06 2.49453e-06 3.43185e-06 4.65345e-06 6.21975e-06 8.19521e-06 1.06458e-05 1.36352e-05 1.72208e-05 2.14483e-05 2.63467e-05 3.19227e-05 3.81565e-05 4.49977e-05 5.23639e-05 6.01403e-05 6.81825e-05 7.63201e-05 8.4364e-05 9.21132e-05 9.93642e-05 0.000105919 0.000111596 0.000116232 0.000119695 0.000121886 0.000122741 0.000122236 0.000120385 0.000117244 0.000112903 0.000107488 0.000101155 9.40806e-05 8.64608e-05 7.84976e-05 7.03924e-05 6.23369e-05 5.45052e-05 4.70472e-05 4.00838e-05 3.37044e-05 2.79664e-05 2.28969e-05 1.84955e-05 1.47391e-05 1.15867e-05 8.98471e-06 6.87183e-06 5.18368e-06 3.8563e-06 2.82906e-06 2.04653e-06 1.45972e-06 1.0265e-06 7.11626e-07 4.8631e-07 3.27572e-07 2.17467e-07 1.42279e-07 9.17305e-08 5.82746e-08 3.6476e-08 2.24942e-08 1.36661e-08 8.17923e-09 4.82231e-09 2.80067e-09 1.60223e-09 9.02921e-10 5.01253e-10 2.74186e-10 1.4791e-10 7.89666e-11 4.23076e-11 2.39701e-11 
2.48611e-11 2.61913e-11 4.04278e-11 7.3854e-11 1.40427e-10 2.66581e-10 4.99716e-10 9.22423e-10 1.67555e-09 2.99461e-09 5.2659e-09 9.11109e-09 1.55116e-08 2.59871e-08 4.2846e-08 6.95267e-08 1.11052e-07 1.74613e-07 2.70307e-07 4.1202e-07 6.18461e-07 9.14315e-07 1.33145e-06 1.91008e-06 2.6998e-06 3.76026e-06 5.16133e-06 6.9825e-06 9.31138e-06 1.2241e-05 1.58658e-05 2.02765e-05 2.55539e-05 3.17613e-05 3.89371e-05 4.70874e-05 5.61795e-05 6.61371e-05 7.68377e-05 8.81132e-05 9.97532e-05 0.000111512 0.000123116 0.000134279 0.000144709 0.000154126 0.000162269 0.00016891 0.000173863 0.000176987 0.000178193 0.000177447 0.000174772 0.000170244 0.000163993 0.000156196 0.000147075 0.000136882 0.000125896 0.000114404 0.000102695 9.10441e-05 7.97026e-05 6.8887e-05 5.87735e-05 4.94932e-05 4.11317e-05 3.37311e-05 2.72937e-05 2.17889e-05 1.71599e-05 1.3331e-05 1.02153e-05 7.72045e-06 5.75445e-06 4.22959e-06 3.06542e-06 2.19048e-06 1.54315e-06 1.07165e-06 7.33559e-07 4.94893e-07 3.29034e-07 2.15568e-07 1.39156e-07 8.85038e-08 5.54532e-08 3.4227e-08 2.08095e-08 1.24619e-08 7.35054e-09 4.27025e-09 2.44332e-09 1.3769e-09 7.64261e-10 4.17925e-10 2.2535e-10 1.20246e-10 6.43957e-11 3.64999e-11 
4.50665e-11 4.77559e-11 7.3854e-11 1.3479e-10 2.55811e-10 4.84581e-10 9.06299e-10 1.66897e-09 3.02416e-09 5.39106e-09 9.45485e-09 1.6314e-08 2.76956e-08 4.62638e-08 7.60472e-08 1.23021e-07 1.95872e-07 3.06981e-07 4.73644e-07 7.19527e-07 1.07636e-06 1.58576e-06 2.30119e-06 3.28973e-06 4.63363e-06 6.43125e-06 8.79706e-06 1.18605e-05 1.57633e-05 2.06547e-05 2.66852e-05 3.39976e-05 4.27171e-05 5.29399e-05 6.47205e-05 7.80608e-05 9.29003e-05 0.000109108 0.000126481 0.000144742 0.000163551 0.000182511 0.000201185 0.000219116 0.00023584 0.000250915 0.000263931 0.00027453 0.000282418 0.000287377 0.000289269 0.000288042 0.000283731 0.000276458 0.000266426 0.000253917 0.000239275 0.000222902 0.000205237 0.000186737 0.000167862 0.000149052 0.000130708 0.000113181 9.67577e-05 8.16539e-05 6.80132e-05 5.59092e-05 4.53527e-05 3.63002e-05 2.86658e-05 2.23319e-05 1.71616e-05 1.30083e-05 9.72464e-06 7.16928e-06 5.21176e-06 3.73555e-06 2.63962e-06 1.83865e-06 1.26235e-06 8.54158e-07 5.69545e-07 3.74202e-07 2.42232e-07 1.54477e-07 9.70436e-08 6.00498e-08 3.6599e-08 2.19694e-08 1.29879e-08 7.56167e-09 4.33561e-09 2.44814e-09 1.36145e-09 7.45847e-10 4.02881e-10 2.15364e-10 1.15585e-10 6.57387e-11 
8.51907e-11 9.07358e-11 1.40427e-10 2.55811e-10 4.8423e-10 9.14724e-10 1.7059e-09 3.1323e-09 5.65879e-09 1.0057e-08 1.75831e-08 3.02425e-08 5.1175e-08 8.52015e-08 1.39579e-07 2.2502e-07 3.57022e-07 5.5756e-07 8.57172e-07 1.29742e-06 1.93373e-06 2.83839e-06 4.10372e-06 5.84487e-06 8.2022e-06 1.13425e-05 1.54586e-05 2.07672e-05 2.75037e-05 3.59142e-05 4.62442e-05 5.87245e-05 7.35542e-05 9.08812e-05 0.000110784 0.000133251 0.00015817 0.00018531 0.000214322 0.000244744 0.000276005 0.000307447 0.000338354 0.000367974 0.000395555 0.000420375 0.000441771 0.000459168 0.000472091 0.000480191 0.000483248 0.000481178 0.000474041 0.000462033 0.000445483 0.000424845 0.000400679 0.000373635 0.000344425 0.000313798 0.000282502 0.000251261 0.000220739 0.000191517 0.000164074 0.000138777 0.000115872 9.54925e-05 7.76684e-05 6.23385e-05 4.93697e-05 3.85757e-05 2.97353e-05 2.26096e-05 1.69561e-05 1.25409e-05 9.14644e-06 6.57725e-06 4.6629e-06 3.25863e-06 2.24456e-06 1.52368e-06 1.01923e-06 6.71768e-07 4.36207e-07 2.79029e-07 1.75813e-07 1.09111e-07 6.66913e-08 4.0145e-08 2.37977e-08 1.38922e-08 7.98596e-09 4.52075e-09 2.52026e-09 1.38401e-09 7.49379e-10 4.01578e-10 2.16148e-10 1.2344e-10 
1.60935e-10 1.72201e-10 2.66581e-10 4.84581e-10 9.14724e-10 1.7229e-09 3.20354e-09 5.86437e-09 1.05619e-08 1.8712e-08 3.26104e-08 5.59063e-08 9.42883e-08 1.56451e-07 2.55422e-07 4.10337e-07 6.48743e-07 1.0095e-06 1.54634e-06 2.33196e-06 3.46279e-06 5.0639e-06 7.29401e-06 1.035e-05 1.44703e-05 1.99365e-05 2.70719e-05 3.62373e-05 4.78217e-05 6.22284e-05 7.9856e-05 0.000101075 0.000126197 0.00015545 0.00018894 0.000226627 0.000268299 0.000313558 0.000361811 0.00041228 0.000464019 0.000515946 0.000566884 0.00061561 0.000660904 0.000701599 0.000736628 0.000765066 0.000786155 0.000799336 0.000804258 0.000800793 0.000789035 0.000769301 0.000742121 0.000708222 0.00066851 0.00062403 0.000575936 0.00052544 0.000473765 0.00042209 0.000371507 0.000322978 0.0002773 0.00023509 0.000196772 0.000162585 0.000132598 0.000106728 8.47731e-05 6.64396e-05 5.13732e-05 3.91866e-05 2.94834e-05 2.18778e-05 1.6009e-05 1.15505e-05 8.216e-06 5.76083e-06 3.98125e-06 2.7115e-06 1.81971e-06 1.20323e-06 7.83785e-07 5.02931e-07 3.17865e-07 1.97863e-07 1.21296e-07 7.32256e-08 4.35307e-08 2.54819e-08 1.4688e-08 8.33675e-09 4.6597e-09 2.56542e-09 1.39259e-09 7.48231e-10 4.03963e-10 2.31679e-10 
3.00369e-10 3.22785e-10 4.99716e-10 9.06299e-10 1.7059e-09 3.20354e-09 5.9386e-09 1.08377e-08 1.94579e-08 3.4363e-08 5.96922e-08 1.01997e-07 1.71445e-07 2.83505e-07 4.61246e-07 7.38384e-07 1.16321e-06 1.80351e-06 2.75245e-06 4.13549e-06 6.11797e-06 8.91315e-06 1.27901e-05 1.80803e-05 2.5183e-05 3.4566e-05 4.67634e-05 6.23663e-05 8.20074e-05 0.000106337 0.000135989 0.000171548 0.000213496 0.000262168 0.000317702 0.000379995 0.000448663 0.000523024 0.000602088 0.00068457 0.000768924 0.000853396 0.00093609 0.00101504 0.0010883 0.00115402 0.00121051 0.0012563 0.00129019 0.00131132 0.00131914 0.00131343 0.00129437 0.00126244 0.00121848 0.00116365 0.00109938 0.00102733 0.000949336 0.000867331 0.000783277 0.000699071 0.000616481 0.000537069 0.000462148 0.000392737 0.000329557 0.000273028 0.000223293 0.000180251 0.000143604 0.000112897 8.75738e-05 6.70171e-05 5.05894e-05 3.7665e-05 2.76542e-05 2.00202e-05 1.42889e-05 1.00529e-05 6.97088e-06 4.7635e-06 3.2074e-06 2.12772e-06 1.39046e-06 8.95046e-07 5.67453e-07 3.54306e-07 2.17852e-07 1.31902e-07 7.86382e-08 4.61629e-08 2.66824e-08 1.51856e-08 8.51029e-09 4.69762e-09 2.55666e-09 1.37739e-09 7.45963e-10 4.29654e-10 
5.52268e-10 5.95915e-10 9.22423e-10 1.66897e-09 3.1323e-09 5.86437e-09 1.08377e-08 1.97166e-08 3.52866e-08 6.21157e-08 1.07547e-07 1.83153e-07 3.06814e-07 5.056e-07 8.19691e-07 1.30752e-06 2.05234e-06 3.17039e-06 4.82056e-06 7.21558e-06 1.06342e-05 1.54337e-05 2.2062e-05 3.10678e-05 4.31067e-05 5.89424e-05 7.94402e-05 0.00010555 0.000138281 0.000178658 0.000227674 0.000286224 0.000355033 0.000434583 0.000525031 0.000626148 0.000737262 0.000857226 0.000984415 0.00111675 0.00125175 0.00138663 0.0015184 0.00164395 0.00176025 0.0018644 0.00195378 0.00202613 0.0020796 0.00211285 0.00212502 0.00211583 0.0020855 0.00203482 0.00196507 0.00187806 0.00177599 0.00166145 0.00153731 0.0014066 0.00127239 0.00113769 0.00100529 0.000877693 0.000757013 0.000644913 0.000542587 0.00045076 0.000369714 0.000299347 0.000239227 0.000188675 0.000146835 0.000112743 8.53954e-05 6.3797e-05 4.70026e-05 3.41454e-05 2.44549e-05 1.72646e-05 1.20127e-05 8.23674e-06 5.5647e-06 3.70377e-06 2.42834e-06 1.56817e-06 9.97356e-07 6.24664e-07 3.85257e-07 2.33959e-07 1.39892e-07 8.23562e-08 4.77362e-08 2.72428e-08 1.53087e-08 8.47281e-09 4.62356e-09 2.4978e-09 1.35706e-09 7.85011e-10 
9.99587e-10 1.0828e-09 1.67555e-09 3.02416e-09 5.65879e-09 1.05619e-08 1.94579e-08 3.52866e-08 6.29485e-08 1.10446e-07 1.90588e-07 3.23472e-07 5.40003e-07 8.86753e-07 1.4325e-06 2.27676e-06 3.56058e-06 5.47978e-06 8.30054e-06 1.23771e-05 1.81709e-05 2.62696e-05 3.74053e-05 5.24685e-05 7.25159e-05 9.87695e-05 0.000132603 0.000175513 0.000229071 0.000294864 0.000374403 0.000469031 0.000579807 0.000707391 0.000851929 0.00101296 0.00118932 0.00137914 0.00157979 0.00178799 0.00199984 0.00221099 0.0024168 0.00261253 0.00279349 0.00295527 0.0030939 0.00320594 0.00328861 0.00333988 0.00335848 0.00334397 0.00329671 0.00321788 0.00310944 0.0029741 0.00281523 0.00263677 0.00244309 0.00223883 0.00202873 0.00181743 0.00160929 0.00140821 0.00121754 0.00103992 0.000877312 0.000730928 0.000601307 0.000488376 0.000391548 0.00030983 0.000241938 0.000186405 0.000141683 0.000106221 7.8536e-05 5.72558e-05 4.1152e-05 2.9155e-05 2.03572e-05 1.40068e-05 9.49544e-06 6.34141e-06 4.17156e-06 2.70274e-06 1.72449e-06 1.0835e-06 6.70318e-07 4.08309e-07 2.44871e-07 1.44581e-07 8.40438e-08 4.80982e-08 2.71028e-08 1.50412e-08 8.23019e-09 4.45876e-09 2.43033e-09 1.41201e-09 
1.78073e-09 1.93614e-09 2.99461e-09 5.39106e-09 1.0057e-08 1.8712e-08 3.4363e-08 6.21157e-08 1.10446e-07 1.93136e-07 3.32152e-07 5.61796e-07 9.34572e-07 1.52922e-06 2.46143e-06 3.89771e-06 6.0728e-06 9.31073e-06 1.40494e-05 2.08681e-05 3.05165e-05 4.39435e-05 6.23226e-05 8.70715e-05 0.00011986 0.000162605 0.000217443 0.000286679 0.000372715 0.000477941 0.000604611 0.000754681 0.000929648 0.00113037 0.00135692 0.0016084 0.00188288 0.00217734 0.00248766 0.00280872 0.00313453 0.00345846 0.00377348 0.00407243 0.0043483 0.00459451 0.00480514 0.00497511 0.00510033 0.00517779 0.00520565 0.00518324 0.00511113 0.00499105 0.00482591 0.00461971 0.00437747 0.00410504 0.00380896 0.00349619 0.00317386 0.00284899 0.00252822 0.00221755 0.00192214 0.00164616 0.0013927 0.00116378 0.00096038 0.00078253 0.000629471 0.000499799 0.000391642 0.000302818 0.000230993 0.000173805 0.000128973 9.43688e-05 6.80731e-05 4.84022e-05 3.39175e-05 2.34199e-05 1.59323e-05 1.0677e-05 7.04752e-06 4.58134e-06 2.93274e-06 1.8486e-06 1.14727e-06 7.01004e-07 4.21685e-07 2.49721e-07 1.45586e-07 8.3558e-08 4.72166e-08 2.62766e-08 1.44178e-08 7.83346e-09 4.28392e-09 2.49995e-09 
3.12229e-09 3.40678e-09 5.2659e-09 9.45485e-09 1.75831e-08 3.26104e-08 5.96922e-08 1.07547e-07 1.90588e-07 3.32152e-07 5.69259e-07 9.59463e-07 1.59043e-06 2.59296e-06 4.15827e-06 6.56009e-06 1.01821e-05 1.55511e-05 2.33743e-05 3.45818e-05 5.03691e-05 7.22393e-05 0.000102038 0.000141979 0.00019465 0.000262993 0.000350263 0.000459938 0.000595602 0.000760778 0.000958732 0.00119224 0.00146335 0.0017731 0.00212132 0.00250642 0.00292525 0.00337303 0.00384341 0.00432861 0.00481962 0.00530652 0.0057789 0.00622619 0.00663814 0.00700515 0.00731861 0.00757116 0.00775691 0.00787154 0.0079124 0.00787857 0.00777084 0.00759174 0.00734546 0.00703781 0.00667604 0.0062687 0.00582531 0.00535609 0.00487154 0.00438208 0.00389759 0.00342708 0.00297839 0.0025579 0.00217046 0.00181932 0.00150619 0.00123137 0.000993932 0.000791968 0.00062282 0.000483326 0.00037005 0.000279472 0.000208158 0.000152876 0.000110688 7.89936e-05 5.55571e-05 3.85009e-05 2.62855e-05 1.76772e-05 1.17086e-05 7.63734e-06 4.90542e-06 3.10221e-06 1.9315e-06 1.18392e-06 7.14388e-07 4.24348e-07 2.48131e-07 1.4283e-07 8.0942e-08 4.51731e-08 2.48565e-08 1.35447e-08 7.43231e-09 4.35666e-09 
5.38844e-09 5.89907e-09 9.11109e-09 1.6314e-08 3.02425e-08 5.59063e-08 1.01997e-07 1.83153e-07 3.23472e-07 5.61796e-07 9.59463e-07 1.61138e-06 2.66139e-06 4.32305e-06 6.90688e-06 1.08549e-05 1.67834e-05 2.55329e-05 3.82256e-05 5.63271e-05 8.1709e-05 0.000116707 0.00016417 0.000227485 0.000310581 0.000417887 0.000554254 0.000724816 0.000934798 0.00118927 0.00149283 0.00184932 0.00226139 0.00273021 0.00325511 0.00383333 0.00445983 0.00512727 0.00582606 0.0065446 0.0072696 0.0079866 0.00868047 0.00933601 0.0099385 0.0104743 0.0109311 0.0112986 0.0115684 0.0117345 0.0117933 0.0117433 0.0115858 0.0113242 0.0109646 0.0105152 0.00998609 0.00938956 0.0087392 0.00804962 0.007336 0.00661339 0.00589624 0.00519781 0.00452971 0.00390156 0.00332078 0.0027925 0.00231961 0.00190293 0.00154147 0.00123273 0.000973041 0.000757951 0.000582516 0.000441615 0.000330185 0.000243424 0.000176918 0.000126737 8.9469e-05 6.22311e-05 4.26418e-05 2.87801e-05 1.91302e-05 1.25217e-05 8.07007e-06 5.12065e-06 3.19871e-06 1.96699e-06 1.19066e-06 7.09452e-07 4.16105e-07 2.40236e-07 1.36542e-07 7.64238e-08 4.21739e-08 2.30505e-08 1.26919e-08 7.4734e-09 
9.15349e-09 1.00526e-08 1.55116e-08 2.76956e-08 5.1175e-08 9.42883e-08 1.71445e-07 3.06814e-07 5.40003e-07 9.34572e-07 1.59043e-06 2.66139e-06 4.37945e-06 7.08722e-06 1.12802e-05 1.76597e-05 2.71977e-05 4.1212e-05 6.14506e-05 9.0181e-05 0.000130279 0.000185306 0.000259573 0.000358163 0.000486922 0.000652379 0.000861612 0.00112203 0.00144106 0.00182583 0.00228265 0.00281662 0.00343104 0.004127 0.0049029 0.00575411 0.00667282 0.00764794 0.00866528 0.00970794 0.0107568 0.0117911 0.0127894 0.0137303 0.0145933 0.0153592 0.0160111 0.0165346 0.0169185 0.0171542 0.0172369 0.0171647 0.0169393 0.0165654 0.0160514 0.0154085 0.0146508 0.0137954 0.0128611 0.0118684 0.0108388 0.00979352 0.00875328 0.00773712 0.00676194 0.00584191 0.00498817 0.00420864 0.00350806 0.0028882 0.0023482 0.00188493 0.00149354 0.0011679 0.000901084 0.000685804 0.000514772 0.000380992 0.00027798 0.000199902 0.000141659 9.89042e-05 6.80232e-05 4.6079e-05 3.07392e-05 2.01917e-05 1.30586e-05 8.31435e-06 5.21114e-06 3.21504e-06 1.95242e-06 1.16703e-06 6.86608e-07 3.97619e-07 2.26671e-07 1.27245e-07 7.0427e-08 3.86107e-08 2.13343e-08 1.26197e-08 
1.53064e-08 1.68599e-08 2.59871e-08 4.62638e-08 8.52015e-08 1.56451e-07 2.83505e-07 5.056e-07 8.86753e-07 1.52922e-06 2.59296e-06 4.32305e-06 7.08722e-06 1.14256e-05 1.81151e-05 2.82491e-05 4.33335e-05 6.53973e-05 9.7114e-05 0.000141928 0.000204175 0.000289185 0.000403354 0.000554164 0.000750134 0.00100069 0.00131593 0.00170631 0.00218215 0.00275318 0.00342781 0.00421255 0.00511129 0.00612462 0.00724935 0.008478 0.00979867 0.011195 0.0126465 0.014129 0.0156154 0.017077 0.0184838 0.0198065 0.0210168 0.0220889 0.0229997 0.0237301 0.0242646 0.0245922 0.0247062 0.0246043 0.0242885 0.0237655 0.0230462 0.0221458 0.0210836 0.0198823 0.0185678 0.0171682 0.0157129 0.0142316 0.012753 0.011304 0.00990867 0.00858749 0.00735681 0.00622858 0.00521038 0.00430561 0.00351388 0.00283157 0.00225245 0.00176834 0.00136982 0.00104674 0.00078885 0.00058618 0.000429389 0.000310002 0.000220537 0.000154569 0.000106711 7.25564e-05 4.85802e-05 3.20262e-05 2.07859e-05 1.32803e-05 8.35211e-06 5.17017e-06 3.15006e-06 1.88898e-06 1.11489e-06 6.47647e-07 3.70335e-07 2.08521e-07 1.15759e-07 6.36625e-08 3.53025e-08 2.09784e-08 
2.51971e-08 2.78322e-08 4.2846e-08 7.60472e-08 1.39579e-07 2.55422e-07 4.61246e-07 8.19691e-07 1.4325e-06 2.46143e-06 4.15827e-06 6.90688e-06 1.12802e-05 1.81151e-05 2.86087e-05 4.44355e-05 6.78878e-05 0.000102034 0.000150889 0.00021959 0.000314553 0.000443602 0.000616048 0.000842681 0.00113567 0.00150833 0.00197476 0.00254935 0.00324613 0.00407796 0.00505572 0.00618739 0.00747709 0.00892431 0.0105232 0.0122621 0.0141232 0.016083 0.0181125 0.0201777 0.0222416 0.0242646 0.0262063 0.0280272 0.0296894 0.0311587 0.0324047 0.0334021 0.0341309 0.0345766 0.0347306 0.0345898 0.034157 0.0334409 0.0324556 0.0312213 0.0297632 0.0281114 0.0263004 0.0243676 0.0223528 0.0202959 0.0182364 0.0162114 0.0142543 0.0123941 0.0106543 0.0090527 0.00760092 0.00630502 0.00516577 0.00417929 0.00333797 0.00263127 0.00204663 0.00157036 0.00118833 0.000886635 0.000652117 0.000472696 0.000337616 0.000237556 0.000164638 0.000112369 7.55186e-05 4.99685e-05 3.25482e-05 2.08692e-05 1.31706e-05 8.18081e-06 5.0011e-06 3.00887e-06 1.78159e-06 1.03823e-06 5.95525e-07 3.36349e-07 1.87297e-07 1.03335e-07 5.75101e-08 3.43342e-08 
4.08374e-08 4.5226e-08 6.95267e-08 1.23021e-07 2.2502e-07 4.10337e-07 7.38384e-07 1.30752e-06 2.27676e-06 3.89771e-06 6.56009e-06 1.08549e-05 1.76597e-05 2.82491e-05 4.44355e-05 6.87393e-05 0.000104588 0.00015654 0.000230517 0.000334038 0.000476424 0.000668946 0.000924891 0.00125952 0.00168984 0.00223428 0.00291209 0.0037426 0.00474434 0.00593388 0.00732476 0.00892621 0.010742 0.0127695 0.0149987 0.0174119 0.0199832 0.0226794 0.0254601 0.0282793 0.0310867 0.0338294 0.0364541 0.0389087 0.041144 0.0431155 0.0447842 0.0461177 0.0470905 0.0476842 0.0478878 0.0476977 0.0471173 0.0461576 0.0448368 0.0431804 0.0412209 0.0389972 0.0365538 0.0339398 0.0312071 0.028409 0.0255981 0.0228243 0.0201334 0.0175653 0.0151533 0.012923 0.0108921 0.00907062 0.00746157 0.00606142 0.00486131 0.00384813 0.00300571 0.00231596 0.00175989 0.00131858 0.000973829 0.00070879 0.000508295 0.00035908 0.000249841 0.000171184 0.000115484 7.66992e-05 5.01439e-05 3.22675e-05 2.04363e-05 1.27381e-05 7.81372e-06 4.71684e-06 2.8021e-06 1.63821e-06 9.42664e-07 5.34081e-07 2.98338e-07 1.65133e-07 9.22435e-08 5.53282e-08 
6.51679e-08 7.2347e-08 1.11052e-07 1.95872e-07 3.57022e-07 6.48743e-07 1.16321e-06 2.05234e-06 3.56058e-06 6.0728e-06 1.01821e-05 1.67834e-05 2.71977e-05 4.33335e-05 6.78878e-05 0.000104588 0.00015847 0.000236185 0.000346312 0.000499658 0.00070951 0.000991797 0.00136512 0.00185062 0.0024716 0.003253 0.00422049 0.00539943 0.0068136 0.00848369 0.0104258 0.01265 0.0151585 0.0179451 0.0209935 0.0242775 0.0277605 0.0313963 0.0351305 0.0389013 0.0426425 0.046285 0.0497597 0.0529999 0.0559432 0.0585331 0.0607209 0.0624662 0.0637372 0.0645114 0.0647753 0.0645242 0.0637626 0.0625041 0.0607711 0.0585954 0.0560175 0.0530863 0.0498582 0.0463956 0.0427652 0.0390359 0.0352762 0.0315522 0.0279249 0.0244486 0.0211689 0.0181221 0.0153344 0.0128218 0.010591 0.00863979 0.00695867 0.00553198 0.00433953 0.00335807 0.00256273 0.00192828 0.00143014 0.00104526 0.000752684 0.000533892 0.000372963 0.000256552 0.000173748 0.000115836 7.60143e-05 4.90953e-05 3.12064e-05 1.95203e-05 1.20157e-05 7.27818e-06 4.33821e-06 2.54463e-06 1.46897e-06 8.34927e-07 4.67879e-07 2.59834e-07 1.45688e-07 8.77959e-08 
1.02404e-07 1.13943e-07 1.74613e-07 3.06981e-07 5.5756e-07 1.0095e-06 1.80351e-06 3.17039e-06 5.47978e-06 9.31073e-06 1.55511e-05 2.55329e-05 4.1212e-05 6.53973e-05 0.000102034 0.00015654 0.000236185 0.000350503 0.000511701 0.000735032 0.00103909 0.00144595 0.00198116 0.00267342 0.00355401 0.00465591 0.00601257 0.0076564 0.00961703 0.0119194 0.0145818 0.0176137 0.0210147 0.0247723 0.0288615 0.0332444 0.0378704 0.042677 0.0475917 0.0525341 0.0574186 0.0621571 0.0666625 0.0708511 0.0746456 0.0779767 0.0807847 0.0830206 0.0846463 0.0856346 0.0859694 0.0856453 0.0846676 0.0830525 0.0808272 0.0780298 0.0747098 0.070927 0.0667506 0.0622584 0.0575337 0.0526637 0.0477357 0.0428349 0.0380411 0.0334262 0.0290519 0.0249684 0.0212133 0.0178113 0.0147749 0.0121049 0.00979204 0.00781857 0.00616018 0.00478788 0.00366989 0.00277332 0.00206573 0.00151623 0.00109642 0.000780935 0.000547769 0.000378312 0.000257222 0.000172153 0.000113402 7.35172e-05 4.69017e-05 2.94439e-05 1.81884e-05 1.10555e-05 6.61217e-06 3.89143e-06 2.25385e-06 1.28519e-06 7.22534e-07 4.02605e-07 2.26597e-07 1.372e-07 
1.58473e-07 1.76698e-07 2.70307e-07 4.73644e-07 8.57172e-07 1.54634e-06 2.75245e-06 4.82056e-06 8.30054e-06 1.40494e-05 2.33743e-05 3.82256e-05 6.14506e-05 9.7114e-05 0.000150889 0.000230517 0.000346312 0.000511701 0.000743743 0.00106358 0.00149675 0.00207329 0.00282759 0.00379782 0.00502509 0.00655205 0.00842123 0.0106729 0.013343 0.0164601 0.0200437 0.0241012 0.0286267 0.0335989 0.0389805 0.0447182 0.0507432 0.0569731 0.0633136 0.069662 0.0759104 0.0819491 0.0876707 0.0929733 0.0977632 0.101958 0.105486 0.10829 0.110325 0.11156 0.111977 0.111568 0.110339 0.108311 0.105515 0.101994 0.0978084 0.0930284 0.0877373 0.082029 0.0760054 0.0697737 0.063443 0.0571207 0.0509086 0.0449001 0.0391767 0.0338065 0.028842 0.0243201 0.020262 0.0166737 0.013548 0.010866 0.00859963 0.00671383 0.00516904 0.00392351 0.00293527 0.0021638 0.00157138 0.00112395 0.000791645 0.000548977 0.000374761 0.00025181 0.000166518 0.000108363 6.93911e-05 4.37222e-05 2.71058e-05 1.6534e-05 9.9231e-06 5.85986e-06 3.40527e-06 1.94814e-06 1.09885e-06 6.14381e-07 3.47119e-07 2.11169e-07 
2.41542e-07 2.69839e-07 4.1202e-07 7.19527e-07 1.29742e-06 2.33196e-06 4.13549e-06 7.21558e-06 1.23771e-05 2.08681e-05 3.45818e-05 5.63271e-05 9.0181e-05 0.000141928 0.00021959 0.000334038 0.000499658 0.000735032 0.00106358 0.00151407 0.00212096 0.00292433 0.00396957 0.00530647 0.00698783 0.00906761 0.0115985 0.0146292 0.0182015 0.0223468 0.0270839 0.0324157 0.0383273 0.0447846 0.0517342 0.0591027 0.0667992 0.0747167 0.0827357 0.0907279 0.0985602 0.1061 0.113217 0.119791 0.125712 0.130883 0.135223 0.138665 0.14116 0.142671 0.143177 0.142673 0.141164 0.138671 0.135231 0.130895 0.125728 0.119814 0.11325 0.106145 0.0986206 0.0908066 0.0828352 0.0748386 0.0669443 0.0592706 0.0519232 0.0449921 0.0385493 0.0326479 0.0273214 0.0225844 0.0184342 0.0148525 0.0118084 0.00926098 0.00716246 0.00546107 0.00410376 0.00303851 0.0022162 0.00159196 0.00112602 0.000784097 0.000537452 0.000362575 0.000240711 0.000157252 0.00010108 6.39261e-05 3.97763e-05 2.43497e-05 1.46652e-05 8.69006e-06 5.06704e-06 2.90851e-06 1.64601e-06 9.23478e-07 5.2378e-07 3.20151e-07 
3.62639e-07 4.0584e-07 6.18461e-07 1.07636e-06 1.93373e-06 3.46279e-06 6.11797e-06 1.06342e-05 1.81709e-05 3.05165e-05 5.03691e-05 8.1709e-05 0.000130279 0.000204175 0.000314553 0.000476424 0.00070951 0.00103909 0.00149675 0.00212096 0.00295731 0.00405833 0.00548277 0.0072942 0.00955904 0.0123439 0.0157124 0.0197215 0.024418 0.0298342 0.0359853 0.0428659 0.0504482 0.0586808 0.0674884 0.0767735 0.0864178 0.0962861 0.10623 0.116093 0.125714 0.134937 0.14361 0.151593 0.15876 0.165002 0.170228 0.174366 0.177358 0.179168 0.179772 0.179163 0.177349 0.174351 0.17021 0.164981 0.158739 0.151574 0.143597 0.134933 0.125725 0.116122 0.106282 0.0963649 0.0865252 0.0769103 0.067654 0.058873 0.0506637 0.0431 0.0362324 0.0300884 0.0246732 0.0199718 0.0159524 0.0125691 0.00976578 0.00748006 0.0056464 0.00419942 0.00307647 0.00221954 0.00157664 0.00110252 0.000758843 0.000514015 0.000342617 0.000224704 0.000144994 9.20456e-05 5.74852e-05 3.53184e-05 2.13471e-05 1.26936e-05 7.4268e-06 4.27739e-06 2.42884e-06 1.36742e-06 7.78607e-07 4.78161e-07 
5.36352e-07 6.01217e-07 9.14315e-07 1.58576e-06 2.83839e-06 5.0639e-06 8.91315e-06 1.54337e-05 2.62696e-05 4.39435e-05 7.22393e-05 0.000116707 0.000185306 0.000289185 0.000443602 0.000668946 0.000991797 0.00144595 0.00207329 0.00292433 0.00405833 0.00554283 0.00745235 0.00986645 0.0128668 0.0165337 0.0209417 0.0261553 0.0322241 0.0391787 0.0470265 0.0557492 0.0653006 0.0756064 0.0865643 0.098047 0.109905 0.121969 0.134062 0.145994 0.15758 0.168636 0.17899 0.188485 0.196981 0.20436 0.210522 0.215389 0.218904 0.221026 0.221732 0.221014 0.218879 0.215352 0.210473 0.2043 0.196914 0.188414 0.178919 0.16857 0.157526 0.145958 0.13405 0.121987 0.109955 0.0981334 0.0866875 0.0757653 0.0654926 0.0559698 0.0472701 0.0394387 0.0324934 0.0264265 0.0212079 0.0167887 0.0131055 0.0100847 0.00764754 0.00571357 0.00420448 0.00304674 0.00217365 0.0015265 0.00105508 0.000717628 0.000480275 0.00031624 0.000204855 0.000130545 8.1835e-05 5.04634e-05 3.06107e-05 1.82662e-05 1.07241e-05 6.19746e-06 3.53104e-06 1.99493e-06 1.14036e-06 7.03623e-07 
7.81564e-07 8.77374e-07 1.33145e-06 2.30119e-06 4.10372e-06 7.29401e-06 1.27901e-05 2.2062e-05 3.74053e-05 6.23226e-05 0.000102038 0.00016417 0.000259573 0.000403354 0.000616048 0.000924891 0.00136512 0.00198116 0.00282759 0.00396957 0.00548277 0.00745235 0.00997108 0.0131364 0.0170465 0.0217957 0.0274688 0.0341358 0.0418462 0.0506243 0.0604648 0.0713306 0.0831509 0.095822 0.109209 0.123149 0.137457 0.151929 0.166353 0.18051 0.194186 0.207176 0.219289 0.230352 0.240218 0.248759 0.255873 0.26148 0.265522 0.267959 0.268766 0.267938 0.26548 0.261418 0.25579 0.248657 0.2401 0.230223 0.219152 0.207039 0.194056 0.180395 0.166261 0.151867 0.137432 0.123165 0.109269 0.0959273 0.0832998 0.0715195 0.0606885 0.0508757 0.0421175 0.0344185 0.0277544 0.0220762 0.0173148 0.0133866 0.0101988 0.00765469 0.00565848 0.00411872 0.00295138 0.00208165 0.00144492 0.000986891 0.00066319 0.000438439 0.000285135 0.000182406 0.000114778 7.10401e-05 4.32487e-05 2.58993e-05 1.52584e-05 8.84792e-06 5.05833e-06 2.86786e-06 1.64579e-06 1.02024e-06 
1.12219e-06 1.26143e-06 1.91008e-06 3.28973e-06 5.84487e-06 1.035e-05 1.80803e-05 3.10678e-05 5.24685e-05 8.70715e-05 0.000141979 0.000227485 0.000358163 0.000554164 0.000842681 0.00125952 0.00185062 0.00267342 0.00379782 0.00530647 0.0072942 0.00986645 0.0131364 0.0172209 0.0222353 0.0282873 0.0354702 0.0438563 0.0534908 0.0643858 0.0765172 0.0898216 0.104197 0.119503 0.135567 0.152186 0.169134 0.186172 0.203052 0.219527 0.235357 0.250318 0.264206 0.276838 0.288059 0.297743 0.305786 0.312111 0.316662 0.319401 0.320307 0.319372 0.316604 0.312024 0.30567 0.297599 0.287891 0.276648 0.264 0.250105 0.235144 0.219323 0.202867 0.186016 0.169016 0.152113 0.135545 0.119534 0.104282 0.0899584 0.0767015 0.0646113 0.0537491 0.0441381 0.0357654 0.0285862 0.0225286 0.0175006 0.013396 0.0101012 0.00750131 0.0054848 0.00394779 0.00279663 0.00194955 0.00133718 0.000902311 0.000598946 0.00039107 0.00025115 0.000158638 9.85524e-05 6.02169e-05 3.61891e-05 2.13949e-05 1.24489e-05 7.14129e-06 4.06308e-06 2.34084e-06 1.45784e-06 
1.58781e-06 1.78696e-06 2.6998e-06 4.63363e-06 8.2022e-06 1.44703e-05 2.5183e-05 4.31067e-05 7.25159e-05 0.00011986 0.00019465 0.000310581 0.000486922 0.000750134 0.00113567 0.00168984 0.0024716 0.00355401 0.00502509 0.00698783 0.00955904 0.0128668 0.0170465 0.0222353 0.0285653 0.0361561 0.0451063 0.0554861 0.0673302 0.080632 0.0953405 0.111359 0.128546 0.146718 0.165658 0.185119 0.204835 0.224526 0.243914 0.262724 0.280697 0.297595 0.313203 0.327337 0.339844 0.350599 0.359505 0.366493 0.371511 0.374526 0.375522 0.37449 0.371439 0.366384 0.35936 0.350417 0.339628 0.32709 0.312931 0.297305 0.280399 0.262428 0.243631 0.224267 0.204612 0.184942 0.165535 0.146655 0.128545 0.111422 0.0954648 0.0808118 0.0675577 0.0557515 0.0453984 0.0364634 0.0288765 0.0225399 0.0173356 0.0131334 0.00979834 0.0071971 0.00520355 0.00370251 0.00259225 0.00178558 0.00120991 0.000806414 0.00052864 0.000340829 0.000216108 0.000134758 8.264e-05 4.98423e-05 2.95696e-05 1.72644e-05 9.93744e-06 5.67384e-06 3.2816e-06 2.05309e-06 
2.21414e-06 2.49453e-06 3.76026e-06 6.43125e-06 1.13425e-05 1.99365e-05 3.4566e-05 5.89424e-05 9.87695e-05 0.000162605 0.000262993 0.000417887 0.000652379 0.00100069 0.00150833 0.00223428 0.003253 0.00465591 0.00655205 0.00906761 0.0123439 0.0165337 0.0217957 0.0282873 0.0361561 0.0455304 0.05651 0.0691567 0.0834875 0.099469 0.117015 0.135986 0.156194 0.177408 0.199359 0.221754 0.244284 0.266636 0.288498 0.309577 0.329598 0.348316 0.365517 0.381021 0.394681 0.406385 0.416047 0.423608 0.429026 0.432278 0.43335 0.432238 0.428944 0.423483 0.415879 0.406173 0.394427 0.380726 0.365187 0.347958 0.329221 0.309191 0.288116 0.266271 0.24395 0.221462 0.199121 0.177233 0.15609 0.135955 0.117058 0.0995824 0.0836645 0.0693879 0.0567836 0.0458336 0.0364753 0.0286098 0.0221098 0.0168299 0.0126149 0.00930865 0.0067607 0.00483189 0.00339774 0.00235044 0.00159934 0.00107035 0.000704483 0.000455983 0.000290232 0.000181657 0.000111808 6.76747e-05 4.02886e-05 2.3603e-05 1.36321e-05 7.81055e-06 4.5349e-06 2.85002e-06 
3.04318e-06 3.43185e-06 5.16133e-06 8.79706e-06 1.54586e-05 2.70719e-05 4.67634e-05 7.94402e-05 0.000132603 0.000217443 0.000350263 0.000554254 0.000861612 0.00131593 0.00197476 0.00291209 0.00422049 0.00601257 0.00842123 0.0115985 0.0157124 0.0209417 0.0274688 0.0354702 0.0451063 0.05651 0.0697758 0.08495 0.102023 0.120927 0.141529 0.16364 0.187019 0.211377 0.236395 0.261732 0.287037 0.311963 0.336177 0.359369 0.381259 0.401604 0.420198 0.436873 0.451499 0.463982 0.474252 0.482267 0.487999 0.491435 0.492566 0.491392 0.487912 0.482134 0.474071 0.463752 0.45122 0.436545 0.419825 0.401192 0.380816 0.358905 0.335705 0.311497 0.286592 0.261322 0.236036 0.21108 0.186795 0.163498 0.141471 0.120953 0.10213 0.085128 0.0700138 0.0567942 0.0454216 0.0358014 0.0278016 0.0212636 0.0160132 0.011871 0.00866096 0.00621768 0.00439138 0.00305085 0.00208466 0.00140089 0.00092574 0.000601545 0.000384348 0.000241463 0.000149159 9.06023e-05 5.41246e-05 3.18163e-05 1.84376e-05 1.06004e-05 6.1783e-06 3.90004e-06 
4.12292e-06 4.65345e-06 6.9825e-06 1.18605e-05 2.07672e-05 3.62373e-05 6.23663e-05 0.00010555 0.000175513 0.000286679 0.000459938 0.000724816 0.00112203 0.00170631 0.00254935 0.0037426 0.00539943 0.0076564 0.0106729 0.0146292 0.0197215 0.0261553 0.0341358 0.0438563 0.0554861 0.0691567 0.08495 0.102888 0.122926 0.144949 0.168771 0.194146 0.220769 0.248296 0.276351 0.304545 0.332492 0.359816 0.386168 0.411232 0.434733 0.456438 0.47616 0.493752 0.509109 0.52216 0.53286 0.541186 0.547128 0.550684 0.551855 0.550642 0.547042 0.541054 0.532679 0.521927 0.508822 0.49341 0.475763 0.455992 0.434243 0.410708 0.385621 0.35926 0.331944 0.304021 0.275868 0.247871 0.220417 0.193878 0.168596 0.14487 0.122942 0.102994 0.0851342 0.0694057 0.0557837 0.0441852 0.0344788 0.026497 0.0200487 0.0149317 0.0109437 0.00789161 0.00559808 0.00390589 0.00268012 0.00180842 0.00119984 0.000782698 0.000501997 0.000316545 0.000196245 0.000119622 7.17055e-05 4.22922e-05 2.45899e-05 1.4186e-05 8.29922e-06 5.26158e-06 
5.50652e-06 6.21975e-06 9.31138e-06 1.57633e-05 2.75037e-05 4.78217e-05 8.20074e-05 0.000138281 0.000229071 0.000372715 0.000595602 0.000934798 0.00144106 0.00218215 0.00324613 0.00474434 0.0068136 0.00961703 0.013343 0.0182015 0.024418 0.0322241 0.0418462 0.0534908 0.0673302 0.0834875 0.102023 0.122926 0.146105 0.171388 0.19853 0.227216 0.257078 0.287707 0.318677 0.349553 0.379918 0.409375 0.43757 0.464192 0.488977 0.511717 0.532251 0.550464 0.566282 0.579663 0.590592 0.599069 0.605106 0.608714 0.609903 0.608676 0.605028 0.598948 0.590423 0.579442 0.566005 0.550128 0.531855 0.511262 0.488466 0.463632 0.436972 0.408752 0.379284 0.348928 0.318079 0.287157 0.256594 0.226815 0.198226 0.171189 0.146014 0.122941 0.102136 0.0836843 0.0675949 0.0538045 0.0421894 0.0325783 0.0247665 0.0185309 0.0136436 0.00988247 0.007041 0.00493366 0.0033995 0.00230318 0.00153417 0.00100467 0.000646796 0.000409347 0.000254684 0.000155783 9.36966e-05 5.54451e-05 3.23428e-05 1.87214e-05 1.09931e-05 6.99889e-06 
7.25069e-06 8.19521e-06 1.2241e-05 2.06547e-05 3.59142e-05 6.22284e-05 0.000106337 0.000178658 0.000294864 0.000477941 0.000760778 0.00118927 0.00182583 0.00275318 0.00407796 0.00593388 0.00848369 0.0119194 0.0164601 0.0223468 0.0298342 0.0391787 0.0506243 0.0643858 0.080632 0.099469 0.120927 0.144949 0.171388 0.20001 0.230496 0.262461 0.295468 0.329049 0.362723 0.396021 0.428497 0.459749 0.489425 0.517227 0.542922 0.566329 0.587326 0.605837 0.621825 0.635285 0.646233 0.654698 0.66071 0.664299 0.665483 0.664269 0.660647 0.654597 0.64609 0.635094 0.621579 0.605531 0.586956 0.565892 0.542418 0.516661 0.488803 0.459084 0.427802 0.395313 0.362025 0.328383 0.294857 0.261926 0.230056 0.19968 0.171176 0.144857 0.12095 0.099597 0.0808483 0.0646707 0.0509563 0.0395363 0.0301976 0.0226992 0.0167883 0.0122143 0.00874017 0.00615026 0.00425534 0.00289466 0.00193574 0.0012725 0.000822268 0.000522282 0.00032609 0.00020014 0.000120774 7.16998e-05 4.19588e-05 2.43675e-05 1.43601e-05 9.1801e-06 
9.41342e-06 1.06458e-05 1.58658e-05 2.66852e-05 4.62442e-05 7.9856e-05 0.000135989 0.000227674 0.000374403 0.000604611 0.000958732 0.00149283 0.00228265 0.00342781 0.00505572 0.00732476 0.0104258 0.0145818 0.0200437 0.0270839 0.0359853 0.0470265 0.0604648 0.0765172 0.0953405 0.117015 0.141529 0.168771 0.19853 0.230496 0.264275 0.299407 0.335384 0.371681 0.407771 0.443154 0.477371 0.51002 0.540764 0.569334 0.595531 0.619218 0.640317 0.658797 0.674664 0.687952 0.698713 0.707003 0.712877 0.716378 0.717535 0.716357 0.712833 0.706932 0.698607 0.687805 0.674466 0.65854 0.639995 0.618825 0.595063 0.568792 0.54015 0.509342 0.476642 0.442391 0.406995 0.370916 0.334657 0.298743 0.2637 0.23003 0.198188 0.16856 0.141449 0.117059 0.0954932 0.0767592 0.0607734 0.0473776 0.0363559 0.0274537 0.020396 0.0149044 0.0107109 0.00756865 0.00525813 0.00359103 0.00241072 0.0015907 0.00103164 0.000657594 0.000411985 0.000253702 0.000153593 9.14714e-05 5.36967e-05 3.12843e-05 1.85011e-05 1.18743e-05 
1.20509e-05 1.36352e-05 2.02765e-05 3.39976e-05 5.87245e-05 0.000101075 0.000171548 0.000286224 0.000469031 0.000754681 0.00119224 0.00184932 0.00281662 0.00421255 0.00618739 0.00892621 0.01265 0.0176137 0.0241012 0.0324157 0.0428659 0.0557492 0.0713306 0.0898216 0.111359 0.135986 0.16364 0.194146 0.227216 0.262461 0.299407 0.337515 0.376213 0.41492 0.453072 0.490148 0.525686 0.559297 0.590672 0.61958 0.645868 0.669449 0.690295 0.708427 0.723897 0.73678 0.747163 0.755131 0.760761 0.764112 0.765222 0.764103 0.76074 0.755094 0.747102 0.736687 0.723761 0.708238 0.690043 0.669124 0.645463 0.619091 0.590097 0.55864 0.524955 0.489358 0.452244 0.414079 0.375388 0.336735 0.298703 0.26186 0.226739 0.193808 0.163446 0.135932 0.111434 0.0900072 0.0716032 0.056083 0.0432352 0.0327965 0.0244733 0.0179614 0.0129625 0.00919744 0.00641534 0.00439846 0.00296397 0.00196296 0.00127761 0.000817203 0.000513698 0.000317366 0.000192741 0.000115139 6.77957e-05 3.96216e-05 2.35115e-05 1.51478e-05 
1.52135e-05 1.72208e-05 2.55539e-05 4.27171e-05 7.35542e-05 0.000126197 0.000213496 0.000355033 0.000579807 0.000929648 0.00146335 0.00226139 0.00343104 0.00511129 0.00747709 0.010742 0.0151585 0.0210147 0.0286267 0.0383273 0.0504482 0.0653006 0.0831509 0.104197 0.128546 0.156194 0.187019 0.220769 0.257078 0.295468 0.335384 0.376213 0.417319 0.458074 0.497887 0.536227 0.572641 0.606767 0.638333 0.667157 0.693139 0.71625 0.736518 0.754015 0.768842 0.781115 0.790955 0.798475 0.803772 0.806921 0.807966 0.806924 0.803777 0.798476 0.790945 0.781083 0.768778 0.753906 0.736352 0.716013 0.69282 0.666747 0.637826 0.606162 0.571941 0.535443 0.497038 0.457185 0.416419 0.375336 0.334564 0.294739 0.256468 0.2203 0.186702 0.156033 0.128531 0.104313 0.0833755 0.0656064 0.0508069 0.0387118 0.0290133 0.0213839 0.0154964 0.0110398 0.00773062 0.00532044 0.00359852 0.00239176 0.00156211 0.00100254 0.000632252 0.000391841 0.000238698 0.000143016 8.4458e-05 4.95081e-05 2.94748e-05 1.90595e-05 
1.89415e-05 2.14483e-05 3.17613e-05 5.29399e-05 9.08812e-05 0.00015545 0.000262168 0.000434583 0.000707391 0.00113037 0.0017731 0.00273021 0.004127 0.00612462 0.00892431 0.0127695 0.0179451 0.0247723 0.0335989 0.0447846 0.0586808 0.0756064 0.095822 0.119503 0.146718 0.177408 0.211377 0.248296 0.287707 0.329049 0.371681 0.41492 0.458074 0.500479 0.541525 0.580686 0.617531 0.651733 0.68307 0.711416 0.736732 0.759051 0.778457 0.795077 0.809057 0.820553 0.829719 0.836692 0.841587 0.844492 0.84546 0.844509 0.841618 0.836731 0.82976 0.820586 0.809069 0.795055 0.778386 0.758915 0.736517 0.711106 0.682655 0.651206 0.616891 0.57994 0.540686 0.49957 0.457126 0.413967 0.370763 0.328204 0.286971 0.247697 0.210935 0.177131 0.146605 0.11954 0.0959874 0.0758734 0.0590196 0.0451653 0.033994 0.0251589 0.0183057 0.0130924 0.00920293 0.00635717 0.00431515 0.00287803 0.00188602 0.00121436 0.000768245 0.00047757 0.000291778 0.000175321 0.000103828 6.10388e-05 3.64543e-05 2.36555e-05 
2.32607e-05 2.63467e-05 3.89371e-05 6.47205e-05 0.000110784 0.00018894 0.000317702 0.000525031 0.000851929 0.00135692 0.00212132 0.00325511 0.0049029 0.00724935 0.0105232 0.0149987 0.0209935 0.0288615 0.0389805 0.0517342 0.0674884 0.0865643 0.109209 0.135567 0.165658 0.199359 0.236395 0.276351 0.318677 0.362723 0.407771 0.453072 0.497887 0.541525 0.583374 0.622921 0.659769 0.693639 0.724366 0.751889 0.776232 0.797489 0.815806 0.831359 0.844338 0.854935 0.863333 0.869689 0.874136 0.876771 0.877652 0.876799 0.874191 0.869765 0.863423 0.85503 0.844425 0.831424 0.815834 0.797461 0.776129 0.751694 0.724062 0.693214 0.659215 0.62224 0.582575 0.540627 0.496919 0.45207 0.406776 0.361779 0.317825 0.275628 0.235829 0.198964 0.165439 0.135515 0.109305 0.086783 0.0677983 0.0521031 0.0393779 0.0292608 0.0213736 0.0153447 0.0108259 0.00750502 0.00511192 0.00342086 0.002249 0.0014526 0.000921739 0.00057466 0.000352088 0.00021214 0.000125974 7.42631e-05 4.44861e-05 2.89636e-05 
2.8177e-05 3.19227e-05 4.70874e-05 7.80608e-05 0.000133251 0.000226627 0.000379995 0.000626148 0.00101296 0.0016084 0.00250642 0.00383333 0.00575411 0.008478 0.0122621 0.0174119 0.0242775 0.0332444 0.0447182 0.0591027 0.0767735 0.098047 0.123149 0.152186 0.185119 0.221754 0.261732 0.304545 0.349553 0.396021 0.443154 0.490148 0.536227 0.580686 0.622921 0.662446 0.698909 0.732088 0.761881 0.788294 0.811418 0.83141 0.848471 0.862824 0.874701 0.884324 0.891898 0.8976 0.901574 0.903923 0.904712 0.903962 0.901649 0.897708 0.892032 0.884475 0.874858 0.862973 0.848595 0.83149 0.811432 0.78822 0.761699 0.73178 0.698462 0.661854 0.622188 0.579827 0.535267 0.489122 0.442106 0.394997 0.348602 0.303708 0.261046 0.221241 0.184791 0.152039 0.123169 0.0982087 0.0770461 0.0594523 0.0451115 0.0336514 0.0246734 0.0177785 0.0125875 0.00875614 0.00598388 0.00401721 0.00264925 0.00171622 0.00109216 0.000682808 0.000419475 0.000253404 0.000150866 8.91721e-05 5.35703e-05 3.49883e-05 
3.3673e-05 3.81565e-05 5.61795e-05 9.29003e-05 0.00015817 0.000268299 0.000448663 0.000737262 0.00118932 0.00188288 0.00292525 0.00445983 0.00667282 0.00979867 0.0141232 0.0199832 0.0277605 0.0378704 0.0507432 0.0667992 0.0864178 0.109905 0.137457 0.169134 0.204835 0.244284 0.287037 0.332492 0.379918 0.428497 0.477371 0.525686 0.572641 0.617531 0.659769 0.698909 0.734653 0.76684 0.795439 0.820525 0.842253 0.860842 0.876543 0.889623 0.900346 0.908963 0.915696 0.920734 0.92423 0.926292 0.926988 0.926339 0.924322 0.920868 0.915866 0.909162 0.900564 0.889846 0.876755 0.861023 0.84238 0.820573 0.795385 0.766659 0.734326 0.698425 0.659125 0.616736 0.571716 0.524663 0.476294 0.427415 0.378883 0.331554 0.286239 0.243657 0.204397 0.168889 0.137394 0.110003 0.086646 0.0671226 0.0511263 0.03828 0.0281684 0.0203677 0.0144695 0.0100983 0.00692289 0.00466179 0.00308339 0.00200314 0.00127824 0.000801255 0.000493498 0.000298861 0.000178364 0.000105689 6.36654e-05 4.17053e-05 
