1.62955e-12 1.68475e-12 2.71422e-12 5.25974e-12 1.05885e-11 2.12247e-11 4.19408e-11 8.15151e-11 1.5575e-10 2.92522e-10 5.40043e-10 9.80046e-10 1.74836e-09 3.06625e-09 5.28693e-09 8.96303e-09 1.49417e-08 2.44951e-08 3.94949e-08 6.26369e-08 9.77229e-08 1.49999e-07 2.26546e-07 3.36702e-07 4.92498e-07 7.09045e-07 1.00484e-06 1.40187e-06 1.92551e-06 2.604e-06 3.46757e-06 4.54705e-06 5.87199e-06 7.46836e-06 9.35589e-06 1.15453e-05 1.40358e-05 1.68127e-05 1.98458e-05 2.30893e-05 2.64819e-05 2.99492e-05 3.3406e-05 3.67606e-05 3.99188e-05 4.27887e-05 4.52845e-05 4.73309e-05 4.88653e-05 4.98411e-05 5.02284e-05 5.00156e-05 4.92093e-05 4.78345e-05 4.59334e-05 4.35646e-05 4.08003e-05 3.77237e-05 3.44255e-05 3.09995e-05 2.7538e-05 2.41278e-05 2.0846e-05 1.77571e-05 1.49107e-05 1.23408e-05 1.00661e-05 8.09131e-06 6.40883e-06 5.0017e-06 3.84602e-06 2.91368e-06 2.17465e-06 1.59894e-06 1.15812e-06 8.2628e-07 5.80672e-07 4.01918e-07 2.73979e-07 1.83924e-07 1.21583e-07 7.91373e-08 5.07146e-08 3.19959e-08 1.98716e-08 1.21484e-08 7.31013e-09 4.32938e-09 2.52349e-09 1.44755e-09 8.17172e-10 4.53974e-10 2.48192e-10 1.33532e-10 7.07042e-11 3.68496e-11 1.89148e-11 9.58653e-12 4.85158e-12 2.57295e-12 
1.68475e-12 1.74439e-12 2.83085e-12 5.52648e-12 1.11978e-11 2.25796e-11 4.48692e-11 8.76764e-11 1.68387e-10 3.17818e-10 5.8951e-10 1.07462e-09 1.92526e-09 3.39013e-09 5.86768e-09 9.98329e-09 1.66985e-08 2.74614e-08 4.44074e-08 7.06197e-08 1.10455e-07 1.69936e-07 2.57204e-07 3.83013e-07 5.61235e-07 8.09312e-07 1.14861e-06 1.60457e-06 2.20653e-06 2.98721e-06 3.98162e-06 5.22549e-06 6.75307e-06 8.59446e-06 1.07726e-05 1.32998e-05 1.61752e-05 1.93816e-05 2.28842e-05 2.66297e-05 3.05472e-05 3.45504e-05 3.85407e-05 4.24122e-05 4.6056e-05 4.9366e-05 5.22436e-05 5.46018e-05 5.63689e-05 5.74913e-05 5.79349e-05 5.76864e-05 5.67534e-05 5.51647e-05 5.2969e-05 5.02337e-05 4.70419e-05 4.34898e-05 3.96818e-05 3.57264e-05 3.17302e-05 2.77935e-05 2.40055e-05 2.04408e-05 1.71568e-05 1.41927e-05 1.15701e-05 9.29418e-06 7.35622e-06 5.73639e-06 4.40694e-06 3.33525e-06 2.48651e-06 1.82598e-06 1.32077e-06 9.40922e-07 6.6016e-07 4.56124e-07 3.10329e-07 2.0789e-07 1.37113e-07 8.90278e-08 5.6903e-08 3.57991e-08 2.21668e-08 1.35081e-08 8.10067e-09 4.7803e-09 2.77573e-09 1.58587e-09 8.91497e-10 4.93088e-10 2.68337e-10 1.4368e-10 7.56988e-11 3.92486e-11 2.00378e-11 1.00981e-11 5.0791e-12 2.67542e-12 
2.71422e-12 2.83085e-12 4.62013e-12 9.04263e-12 1.83441e-11 3.70147e-11 7.35842e-11 1.43815e-10 2.76205e-10 5.21219e-10 9.66422e-10 1.76069e-09 3.152e-09 5.545e-09 9.58654e-09 1.62893e-08 2.72062e-08 4.46688e-08 7.21046e-08 1.14446e-07 1.78636e-07 2.74239e-07 4.14135e-07 6.15265e-07 8.99389e-07 1.29376e-06 1.8316e-06 2.55229e-06 3.50104e-06 4.72798e-06 6.28646e-06 8.23057e-06 1.06117e-05 1.34746e-05 1.68525e-05 2.07623e-05 2.52004e-05 3.01383e-05 3.55209e-05 4.12651e-05 4.72614e-05 5.33775e-05 5.94635e-05 6.53584e-05 7.08981e-05 7.59227e-05 8.02844e-05 8.38532e-05 8.65225e-05 8.82125e-05 8.88727e-05 8.84836e-05 8.70572e-05 8.46366e-05 8.12947e-05 7.71322e-05 7.22742e-05 6.68649e-05 6.10616e-05 5.50278e-05 4.89253e-05 4.29062e-05 3.71067e-05 3.16408e-05 2.65972e-05 2.20373e-05 1.79954e-05 1.44812e-05 1.14828e-05 8.97133e-06 6.90566e-06 5.23677e-06 3.91205e-06 2.8787e-06 2.08647e-06 1.48942e-06 1.04707e-06 7.24856e-07 4.94089e-07 3.31586e-07 2.19069e-07 1.42469e-07 9.11942e-08 5.74493e-08 3.56151e-08 2.17259e-08 1.30403e-08 7.7007e-09 4.47391e-09 2.55704e-09 1.43771e-09 7.95206e-10 4.32675e-10 2.31592e-10 1.21951e-10 6.31848e-11 3.22296e-11 1.62256e-11 8.153e-12 4.29393e-12 
5.25974e-12 5.52648e-12 9.04263e-12 1.7682e-11 3.58002e-11 7.20762e-11 1.42946e-10 2.78687e-10 5.3385e-10 1.0047e-09 1.85767e-09 3.37459e-09 6.02301e-09 1.05627e-08 1.82025e-08 3.08267e-08 5.13105e-08 8.39493e-08 1.35025e-07 2.1353e-07 3.32054e-07 5.07844e-07 7.63986e-07 1.13068e-06 1.64649e-06 2.35939e-06 3.32755e-06 4.61944e-06 6.31316e-06 8.49471e-06 1.12549e-05 1.4685e-05 1.88706e-05 2.38853e-05 2.97818e-05 3.65847e-05 4.42829e-05 5.28231e-05 6.21063e-05 7.19872e-05 8.22766e-05 9.27475e-05 0.000103144 0.000113195 0.000122622 0.000131158 0.000138555 0.000144597 0.000149107 0.000151952 0.000153051 0.000152369 0.00014993 0.000145803 0.000140112 0.000133024 0.000124749 0.000115527 0.000105624 9.53149e-05 8.48728e-05 7.45564e-05 6.45978e-05 5.51931e-05 4.64957e-05 3.86136e-05 3.16091e-05 2.55025e-05 2.02773e-05 1.58875e-05 1.22656e-05 9.32981e-06 6.99156e-06 5.16128e-06 3.75306e-06 2.68794e-06 1.89591e-06 1.31684e-06 9.00585e-07 6.06375e-07 4.01916e-07 2.62216e-07 1.68371e-07 1.06393e-07 6.61534e-08 4.04715e-08 2.43596e-08 1.44239e-08 8.4016e-09 4.81383e-09 2.71303e-09 1.504e-09 8.20102e-10 4.39868e-10 2.32077e-10 1.20466e-10 6.15571e-11 3.10453e-11 1.56319e-11 8.26066e-12 
1.05885e-11 1.11978e-11 1.83441e-11 3.58002e-11 7.22845e-11 1.45104e-10 2.86914e-10 5.57641e-10 1.06484e-09 1.99756e-09 3.68121e-09 6.66454e-09 1.18538e-08 2.07145e-08 3.55678e-08 6.0013e-08 9.9514e-08 1.62191e-07 2.59854e-07 4.09313e-07 6.33971e-07 9.65693e-07 1.44689e-06 2.13268e-06 3.09301e-06 4.41438e-06 6.20094e-06 8.57448e-06 1.1673e-05 1.56471e-05 2.06548e-05 2.6853e-05 3.43878e-05 4.33814e-05 5.39192e-05 6.60361e-05 7.97035e-05 9.48198e-05 0.000111204 0.000128597 0.000146663 0.000165006 0.000183179 0.000200711 0.000217126 0.000231963 0.0002448 0.000255268 0.000263066 0.00026797 0.000269841 0.000268626 0.000264361 0.000257167 0.000247255 0.00023491 0.000220489 0.000204408 0.000187118 0.000169096 0.000150812 0.000132717 0.000115215 9.86506e-05 8.32962e-05 6.93457e-05 5.6915e-05 4.60464e-05 3.67183e-05 2.88566e-05 2.23483e-05 1.70545e-05 1.2823e-05 9.49856e-06 6.93101e-06 4.9815e-06 3.52616e-06 2.45793e-06 1.68698e-06 1.13992e-06 7.58232e-07 4.96416e-07 3.19854e-07 2.02802e-07 1.26521e-07 7.76566e-08 4.68905e-08 2.78517e-08 1.62724e-08 9.35118e-09 5.28545e-09 2.93827e-09 1.60655e-09 8.63969e-10 4.5701e-10 2.3782e-10 1.21824e-10 6.15941e-11 3.11027e-11 1.65046e-11 
2.12247e-11 2.25796e-11 3.70147e-11 7.20762e-11 1.45104e-10 2.90386e-10 5.72374e-10 1.10889e-09 2.11056e-09 3.94602e-09 7.24717e-09 1.30748e-08 2.31727e-08 4.03476e-08 6.9023e-08 1.16023e-07 1.91654e-07 3.11148e-07 4.96537e-07 7.79e-07 1.20169e-06 1.82301e-06 2.72022e-06 3.99309e-06 5.76743e-06 8.1978e-06 1.1469e-05 1.57958e-05 2.14193e-05 2.86014e-05 3.76136e-05 4.87233e-05 6.21758e-05 7.81726e-05 9.68488e-05 0.00011825 0.00014231 0.00016884 0.000197511 0.000227864 0.000259313 0.000291167 0.000322658 0.000352978 0.000381312 0.00040688 0.000428965 0.000446945 0.000460314 0.000468697 0.000471862 0.00046972 0.000462332 0.000449907 0.000432797 0.000411486 0.000386579 0.000358778 0.000328855 0.000297618 0.000265879 0.000234409 0.000203907 0.000174975 0.000148091 0.000123602 0.000101718 8.25281e-05 6.60059e-05 5.2035e-05 4.04292e-05 3.09554e-05 2.33547e-05 1.73603e-05 1.27128e-05 9.16998e-06 6.51456e-06 4.55759e-06 3.13949e-06 2.12911e-06 1.42133e-06 9.33873e-07 6.03846e-07 3.84198e-07 2.40507e-07 1.48115e-07 8.97286e-08 5.34678e-08 3.13369e-08 1.80635e-08 1.02404e-08 5.70946e-09 3.13066e-09 1.6883e-09 8.95483e-10 4.67235e-10 2.39973e-10 1.21656e-10 6.16187e-11 3.28392e-11 
4.19408e-11 4.48692e-11 7.35842e-11 1.42946e-10 2.86914e-10 5.72374e-10 1.12458e-09 2.1716e-09 4.11946e-09 7.67583e-09 1.40485e-08 2.52557e-08 4.46e-08 7.73713e-08 1.31865e-07 2.20811e-07 3.63335e-07 5.87547e-07 9.33873e-07 1.45919e-06 2.24174e-06 3.38677e-06 5.0326e-06 7.35674e-06 1.05815e-05 1.49781e-05 2.08688e-05 2.86247e-05 3.86603e-05 5.14209e-05 6.73646e-05 8.69377e-05 0.000110543 0.000138504 0.000171027 0.000208164 0.000249776 0.000295511 0.000344793 0.000396818 0.000450581 0.000504904 0.000558489 0.000609975 0.000657999 0.000701259 0.000738564 0.000768887 0.000791394 0.000805467 0.000810724 0.000807023 0.000794468 0.000773404 0.000744413 0.000708299 0.000666063 0.000618875 0.000568023 0.00051486 0.000460749 0.000406991 0.000354778 0.000305135 0.000258888 0.000216643 0.000178785 0.000145482 0.000116715 9.23069e-05 7.19579e-05 5.52852e-05 4.18575e-05 3.12261e-05 2.295e-05 1.66154e-05 1.18479e-05 8.31969e-06 5.75236e-06 3.91555e-06 2.62352e-06 1.73005e-06 1.12268e-06 7.16834e-07 4.50297e-07 2.78259e-07 1.69135e-07 1.01114e-07 5.94517e-08 3.4377e-08 1.95483e-08 1.09316e-08 6.01159e-09 3.25116e-09 1.72925e-09 9.04734e-10 4.6593e-10 2.36859e-10 1.20344e-10 6.44179e-11 
8.15151e-11 8.76764e-11 1.43815e-10 2.78687e-10 5.57641e-10 1.10889e-09 2.1716e-09 4.17948e-09 7.90153e-09 1.46722e-08 2.67591e-08 4.79338e-08 8.43386e-08 1.45764e-07 2.47484e-07 4.12818e-07 6.76601e-07 1.08975e-06 1.72506e-06 2.68434e-06 4.10677e-06 6.17835e-06 9.14194e-06 1.33071e-05 1.90589e-05 2.68636e-05 3.72711e-05 5.09102e-05 6.84767e-05 9.07121e-05 0.000118371 0.000152181 0.000192786 0.000240691 0.000296198 0.000359345 0.000429856 0.000507099 0.000590073 0.000677412 0.000767423 0.000858144 0.000947427 0.00103303 0.00111272 0.00118438 0.00124607 0.00129614 0.00133323 0.00135636 0.00136491 0.00135866 0.00133779 0.00130284 0.00125476 0.00119485 0.00112474 0.00104632 0.000961704 0.000873104 0.000782757 0.000692818 0.000605265 0.000521813 0.000443862 0.000372452 0.000308259 0.000251607 0.000202502 0.000160688 0.000125697 9.69158e-05 7.36439e-05 5.51427e-05 4.06803e-05 2.95637e-05 2.11614e-05 1.49165e-05 1.03529e-05 7.07382e-06 4.75747e-06 3.14892e-06 2.05092e-06 1.31425e-06 8.28503e-07 5.13752e-07 3.13338e-07 1.87949e-07 1.10868e-07 6.43118e-08 3.66846e-08 2.05768e-08 1.13495e-08 6.15587e-09 3.28356e-09 1.72275e-09 8.89655e-10 4.53542e-10 2.31176e-10 1.24295e-10 
1.5575e-10 1.68387e-10 2.76205e-10 5.3385e-10 1.06484e-09 2.11056e-09 4.11946e-09 7.90153e-09 1.48868e-08 2.75461e-08 5.00585e-08 8.93435e-08 1.56614e-07 2.69655e-07 4.56064e-07 7.57752e-07 1.23698e-06 1.9842e-06 3.12801e-06 4.84706e-06 7.38407e-06 1.10613e-05 1.62965e-05 2.36186e-05 3.36804e-05 4.7267e-05 6.52964e-05 8.88102e-05 0.000118951 0.000156923 0.000203943 0.00026116 0.000329581 0.000409966 0.000502736 0.000607871 0.00072484 0.000852536 0.000989263 0.00113275 0.0012802 0.00142844 0.00157397 0.00171319 0.00184255 0.00195864 0.00205843 0.00213927 0.00219906 0.00223624 0.00224985 0.00223955 0.00220561 0.00214891 0.00207094 0.00197375 0.00185992 0.00173246 0.00159473 0.00145027 0.00130268 0.00115543 0.00101174 0.000874426 0.000745797 0.000627603 0.000521009 0.000426614 0.0003445 0.000274311 0.000215346 0.00016665 0.00012711 9.55411e-05 7.07568e-05 5.16224e-05 3.70959e-05 2.62514e-05 1.82912e-05 1.25464e-05 8.47051e-06 5.62786e-06 3.6792e-06 2.36635e-06 1.49715e-06 9.3167e-07 5.70201e-07 3.43186e-07 2.03113e-07 1.18204e-07 6.76404e-08 3.80583e-08 2.10556e-08 1.14544e-08 6.12759e-09 3.22409e-09 1.66969e-09 8.5367e-10 4.36552e-10 2.35781e-10 
2.92522e-10 3.17818e-10 5.21219e-10 1.0047e-09 1.99756e-09 3.94602e-09 7.67583e-09 1.46722e-08 2.75461e-08 5.07883e-08 9.19598e-08 1.63519e-07 2.85558e-07 4.89773e-07 8.25098e-07 1.36543e-06 2.2199e-06 3.54616e-06 5.56688e-06 8.58949e-06 1.30289e-05 1.9432e-05 2.8503e-05 4.11267e-05 5.8387e-05 8.15768e-05 0.000112195 0.000151929 0.00020261 0.000266151 0.000344456 0.000439305 0.000552215 0.000684293 0.000836083 0.00100742 0.00119732 0.0014039 0.00162433 0.00185493 0.00209122 0.0023281 0.00256008 0.0027815 0.00298679 0.0031707 0.00332849 0.00345612 0.00355033 0.00360877 0.00362996 0.00361338 0.00355946 0.00346956 0.00334595 0.00319182 0.00301114 0.00280858 0.00258936 0.00235901 0.00212317 0.00188735 0.00165663 0.00143554 0.00122781 0.00103632 0.000863031 0.000709018 0.000574534 0.000459127 0.000361774 0.000281033 0.000215189 0.000162385 0.000120742 8.84452e-05 6.38133e-05 4.53405e-05 3.17187e-05 2.18433e-05 1.48053e-05 9.87495e-06 6.48044e-06 4.1837e-06 2.65673e-06 1.65926e-06 1.0191e-06 6.15491e-07 3.65512e-07 2.13422e-07 1.22523e-07 6.91578e-08 3.83802e-08 2.09426e-08 1.12368e-08 5.92966e-09 3.07977e-09 1.57928e-09 8.10326e-10 4.39667e-10 
5.40043e-10 5.8951e-10 9.66422e-10 1.85767e-09 3.68121e-09 7.24717e-09 1.40485e-08 2.67591e-08 5.00585e-08 9.19598e-08 1.6589e-07 2.93866e-07 5.11211e-07 8.73366e-07 1.46545e-06 2.41527e-06 3.91049e-06 6.22051e-06 9.72343e-06 1.49378e-05 2.25587e-05 3.34957e-05 4.89114e-05 7.0255e-05 9.92877e-05 0.000138093 0.000189065 0.000254871 0.00033838 0.000442555 0.000570302 0.000724293 0.000906751 0.00111922 0.00136234 0.00163562 0.00193732 0.00226427 0.00261192 0.00297441 0.0033447 0.00371486 0.00407641 0.00442068 0.00473918 0.00502394 0.00526782 0.00546475 0.00560987 0.00569964 0.00573189 0.00570585 0.00562216 0.00548286 0.00529139 0.0050525 0.00477218 0.00445749 0.00411636 0.00375721 0.00338871 0.00301931 0.00265694 0.00230866 0.00198039 0.00167675 0.00140098 0.00115495 0.000939266 0.000753402 0.00059594 0.000464766 0.000357307 0.000270731 0.000202133 0.000148679 0.000107717 7.68514e-05 5.39839e-05 3.73279e-05 2.54026e-05 1.70105e-05 1.12068e-05 7.2628e-06 4.6294e-06 2.90196e-06 1.78881e-06 1.08419e-06 6.46081e-07 3.78525e-07 2.18029e-07 1.23465e-07 6.87365e-08 3.76236e-08 2.02486e-08 1.07173e-08 5.58292e-09 2.87158e-09 1.47847e-09 8.05935e-10 
9.80046e-10 1.07462e-09 1.76069e-09 3.37459e-09 6.66454e-09 1.30748e-08 2.52557e-08 4.79338e-08 8.93435e-08 1.63519e-07 2.93866e-07 5.18568e-07 8.98573e-07 1.52903e-06 2.5552e-06 4.19393e-06 6.7617e-06 1.071e-05 1.66683e-05 2.5494e-05 3.8328e-05 5.66527e-05 8.23476e-05 0.000117737 0.000165621 0.000229283 0.000312461 0.000419277 0.000554115 0.000721446 0.000925592 0.00117045 0.00145915 0.00179376 0.0021749 0.00260148 0.00307045 0.00357669 0.00411301 0.00467027 0.00523768 0.00580321 0.00635408 0.00687731 0.00736028 0.0077912 0.00815959 0.00845654 0.00867498 0.00880975 0.00885773 0.0088178 0.00869093 0.00848008 0.00819026 0.00782845 0.00740343 0.00692562 0.00640672 0.0058593 0.00529629 0.00473044 0.00417376 0.00363705 0.00312948 0.0026583 0.00222875 0.00184398 0.00150524 0.00121207 0.000962573 0.000753766 0.000581896 0.000442758 0.000331975 0.000245224 0.00017842 0.000127835 9.01755e-05 6.26132e-05 4.27854e-05 2.8767e-05 1.90279e-05 1.23797e-05 7.92134e-06 4.98426e-06 3.08371e-06 1.87578e-06 1.12176e-06 6.59488e-07 3.81151e-07 2.16554e-07 1.20954e-07 6.64161e-08 3.5856e-08 1.90362e-08 9.9467e-09 5.13206e-09 2.65159e-09 1.45227e-09 
1.74836e-09 1.92526e-09 3.152e-09 6.02301e-09 1.18538e-08 2.31727e-08 4.46e-08 8.43386e-08 1.56614e-07 2.85558e-07 5.11211e-07 8.98573e-07 1.55084e-06 2.62824e-06 4.37398e-06 7.14898e-06 1.14767e-05 1.80991e-05 2.80437e-05 4.27e-05 6.39035e-05 9.40205e-05 0.000136027 0.000193571 0.000271011 0.000373406 0.000506458 0.000676387 0.00088973 0.00115306 0.00147262 0.00185392 0.00230123 0.00281711 0.00340195 0.00405355 0.0047668 0.00553357 0.00634276 0.0071805 0.00803062 0.00887529 0.0096957 0.0104729 0.0111886 0.0118259 0.0123696 0.0128071 0.0131284 0.0133261 0.0133959 0.0133361 0.0131483 0.0128365 0.012408 0.0118726 0.0112429 0.0105339 0.00976252 0.00894689 0.00810593 0.00725837 0.00642201 0.00561297 0.00484513 0.00412965 0.00347474 0.00288564 0.00236473 0.00191182 0.00152456 0.00119889 0.000929491 0.000710307 0.000534905 0.000396854 0.000290005 0.000208687 0.000147843 0.000103093 7.07426e-05 4.77614e-05 3.17204e-05 2.07202e-05 1.33101e-05 8.40722e-06 5.22106e-06 3.18762e-06 1.91316e-06 1.12874e-06 6.54614e-07 3.73186e-07 2.09132e-07 1.15209e-07 6.23967e-08 3.3231e-08 1.74178e-08 9.01552e-09 4.67481e-09 2.5727e-09 
3.06625e-09 3.39013e-09 5.545e-09 1.05627e-08 2.07145e-08 4.03476e-08 7.73713e-08 1.45764e-07 2.69655e-07 4.89773e-07 8.73366e-07 1.52903e-06 2.62824e-06 4.43574e-06 7.35105e-06 1.19634e-05 1.91221e-05 3.00228e-05 4.63097e-05 7.01903e-05 0.000104558 0.000153114 0.000220471 0.000312236 0.000435042 0.000596512 0.000805146 0.0010701 0.00140089 0.0018069 0.00229691 0.00287842 0.00355702 0.00433566 0.00521401 0.00618798 0.00724927 0.00838532 0.00957934 0.0108108 0.012056 0.0132892 0.0144834 0.0156117 0.0166481 0.0175688 0.0183529 0.0189827 0.0194443 0.0197277 0.0198268 0.0197397 0.0194681 0.0190179 0.0183989 0.017625 0.0167136 0.0156856 0.0145649 0.0133771 0.0121491 0.0109078 0.00967901 0.00848615 0.00734977 0.00628662 0.00530937 0.0044264 0.00364201 0.00295673 0.00236789 0.00187017 0.00145635 0.00111789 0.000845617 0.000630193 0.000462581 0.000334354 0.000237916 0.000166624 0.00011483 7.78546e-05 5.19216e-05 3.40544e-05 2.19633e-05 1.39274e-05 8.68247e-06 5.3209e-06 3.2053e-06 1.89792e-06 1.1046e-06 6.31902e-07 3.55319e-07 1.96395e-07 1.06714e-07 5.70162e-08 2.998e-08 1.55685e-08 8.1024e-09 4.48076e-09 
5.28693e-09 5.86768e-09 9.58654e-09 1.82025e-08 3.55678e-08 6.9023e-08 1.31865e-07 2.47484e-07 4.56064e-07 8.25098e-07 1.46545e-06 2.5552e-06 4.37398e-06 7.35105e-06 1.21303e-05 1.96556e-05 3.12782e-05 4.88877e-05 7.50636e-05 0.000113244 0.000167898 0.000244694 0.000350637 0.00049416 0.000685138 0.000934799 0.00125552 0.00166045 0.00216306 0.00277642 0.00351247 0.00438107 0.00538914 0.00653964 0.0078308 0.00925541 0.0108004 0.0124468 0.0141698 0.0159398 0.017723 0.0194828 0.0211817 0.0227821 0.0242484 0.0255481 0.0266526 0.0275382 0.028186 0.0285829 0.0287207 0.0285966 0.0282131 0.0275783 0.0267052 0.0256124 0.0243237 0.0228675 0.0212764 0.0195858 0.0178331 0.0160558 0.0142903 0.01257 0.0109247 0.00937892 0.00795164 0.00665602 0.00549944 0.00448391 0.00360677 0.00286144 0.00223841 0.00172608 0.00131168 0.000982026 0.000724141 0.000525792 0.000375824 0.000264379 0.000182997 0.000124608 8.34543e-05 5.49642e-05 3.55939e-05 2.26612e-05 1.41827e-05 8.72505e-06 5.27577e-06 3.13542e-06 1.83144e-06 1.05141e-06 5.93265e-07 3.29031e-07 1.79382e-07 9.61571e-08 5.07261e-08 2.64299e-08 1.38067e-08 7.67301e-09 
8.96303e-09 9.98329e-09 1.62893e-08 3.08267e-08 6.0013e-08 1.16023e-07 2.20811e-07 4.12818e-07 7.57752e-07 1.36543e-06 2.41527e-06 4.19393e-06 7.14898e-06 1.19634e-05 1.96556e-05 3.17085e-05 5.02312e-05 7.8152e-05 0.000119439 0.00017934 0.000264621 0.000383786 0.00054725 0.000767425 0.00105869 0.00143721 0.00192056 0.0025272 0.00327567 0.00418362 0.00526676 0.00653754 0.00800395 0.00966827 0.011526 0.0135652 0.0157657 0.0180995 0.0205311 0.0230185 0.0255147 0.0279693 0.030331 0.0325492 0.0345761 0.0363683 0.0378882 0.0391045 0.0399927 0.0405355 0.0407225 0.0405502 0.0400218 0.0391476 0.0379449 0.0364379 0.0346579 0.0326427 0.0304355 0.028084 0.0256387 0.0231508 0.0206703 0.0182439 0.0159134 0.0137141 0.0116738 0.00981258 0.00814259 0.00666852 0.00538842 0.00429468 0.00337529 0.00261501 0.00199658 0.00150183 0.00111264 0.000811632 0.000582805 0.000411846 0.000286347 0.000195841 0.000131729 8.7127e-05 5.66572e-05 3.62188e-05 2.27586e-05 1.40559e-05 8.53185e-06 5.08966e-06 2.98391e-06 1.71925e-06 9.7354e-07 5.41817e-07 2.96398e-07 1.59417e-07 8.43785e-08 4.41142e-08 2.3133e-08 1.29202e-08 
1.49417e-08 1.66985e-08 2.72062e-08 5.13105e-08 9.9514e-08 1.91654e-07 3.63335e-07 6.76601e-07 1.23698e-06 2.2199e-06 3.91049e-06 6.7617e-06 1.14767e-05 1.91221e-05 3.12782e-05 5.02312e-05 7.921e-05 0.000122666 0.000186584 0.000278816 0.000409397 0.00059083 0.000838273 0.0011696 0.0016053 0.00216809 0.00288236 0.00377331 0.00486578 0.0061829 0.00774455 0.00956571 0.0116548 0.0140121 0.0166286 0.019485 0.0225514 0.0257875 0.0291435 0.0325614 0.0359772 0.0393235 0.0425319 0.0455358 0.0482729 0.0506871 0.0527298 0.0543613 0.0555506 0.0562759 0.0565239 0.0562905 0.0555796 0.0544044 0.0527865 0.050757 0.0483557 0.0456312 0.0426397 0.0394434 0.0361088 0.0327041 0.0292963 0.0259489 0.0227194 0.0196572 0.0168024 0.0141846 0.0118232 0.00972721 0.00789676 0.0063238 0.00499388 0.00388768 0.00298261 0.00225435 0.00167814 0.00122996 0.000887343 0.000629958 0.000439994 0.000302275 0.000204217 0.000135657 8.85905e-05 5.68686e-05 3.58803e-05 2.22487e-05 1.35579e-05 8.11908e-06 4.77794e-06 2.7631e-06 1.57031e-06 8.77051e-07 4.8146e-07 2.59841e-07 1.38001e-07 7.24003e-08 3.8114e-08 2.13947e-08 
2.44951e-08 2.74614e-08 4.46688e-08 8.39493e-08 1.62191e-07 3.11148e-07 5.87547e-07 1.08975e-06 1.9842e-06 3.54616e-06 6.22051e-06 1.071e-05 1.80991e-05 3.00228e-05 4.88877e-05 7.8152e-05 0.000122666 0.000189065 0.000286202 0.000425592 0.000621826 0.000892903 0.00126043 0.0017496 0.00238892 0.00320962 0.00424471 0.00552766 0.00709081 0.00896346 0.0111697 0.0137266 0.0166415 0.0199109 0.0235185 0.0274346 0.0316157 0.0360054 0.0405352 0.0451272 0.0496968 0.0541554 0.0584146 0.0623892 0.066 0.0691763 0.0718578 0.0739951 0.0755503 0.0764967 0.0768183 0.0765098 0.0755765 0.074034 0.0719091 0.0692399 0.0660759 0.0624778 0.0585164 0.0542707 0.0498262 0.0452708 0.0406925 0.0361755 0.0317969 0.0276245 0.0237142 0.020109 0.0168385 0.0139189 0.0113541 0.00913682 0.00725083 0.00567258 0.00437349 0.00332189 0.00248492 0.0018301 0.00132663 0.000946272 0.000664 0.000458254 0.000310989 0.000207495 0.000136092 8.77323e-05 5.5584e-05 3.46074e-05 2.11736e-05 1.27295e-05 7.51996e-06 4.36524e-06 2.49e-06 1.39577e-06 7.68938e-07 4.16443e-07 2.21939e-07 1.16851e-07 6.17584e-08 3.48435e-08 
3.94949e-08 4.44074e-08 7.21046e-08 1.35025e-07 2.59854e-07 4.96537e-07 9.33873e-07 1.72506e-06 3.12801e-06 5.56688e-06 9.72343e-06 1.66683e-05 2.80437e-05 4.63097e-05 7.50636e-05 0.000119439 0.000186584 0.000286202 0.000431134 0.000637939 0.000927403 0.00132492 0.00186062 0.00256927 0.00348965 0.00466367 0.00613486 0.00794651 0.0101394 0.0127493 0.0158041 0.0193214 0.0233055 0.0277462 0.0326163 0.0378716 0.0434505 0.0492758 0.0552561 0.061289 0.0672651 0.0730716 0.078597 0.0837351 0.0883883 0.0924703 0.0959081 0.0986426 0.100629 0.101835 0.102242 0.101845 0.100648 0.0986721 0.0959472 0.0925192 0.0884476 0.0838059 0.0786805 0.0731695 0.0673789 0.0614201 0.055405 0.0494425 0.0436338 0.0380694 0.0328258 0.0279637 0.0235268 0.019542 0.0160197 0.0129558 0.0103333 0.00812495 0.00629586 0.00480606 0.00361308 0.00267412 0.00194791 0.00139612 0.000984299 0.000682474 0.000465275 0.000311833 0.000205428 0.000133004 8.46246e-05 5.29081e-05 3.25027e-05 1.96188e-05 1.16353e-05 6.78013e-06 3.88208e-06 2.18414e-06 1.20762e-06 6.56353e-07 3.51033e-07 1.85487e-07 9.84285e-08 5.58164e-08 
6.26369e-08 7.06197e-08 1.14446e-07 2.1353e-07 4.09313e-07 7.79e-07 1.45919e-06 2.68434e-06 4.84706e-06 8.58949e-06 1.49378e-05 2.5494e-05 4.27e-05 7.01903e-05 0.000113244 0.00017934 0.000278816 0.000425592 0.000637939 0.000939201 0.0013584 0.00193063 0.00269707 0.00370459 0.00500481 0.00665259 0.00870385 0.011213 0.0142298 0.017796 0.0219421 0.0266837 0.0320192 0.0379272 0.0443652 0.0512693 0.058555 0.0661189 0.0738418 0.0815928 0.089234 0.0966255 0.10363 0.11012 0.115978 0.121102 0.125407 0.128823 0.1313 0.132801 0.133306 0.132806 0.13131 0.128838 0.125426 0.121127 0.11601 0.110161 0.103682 0.0966906 0.0893161 0.0816947 0.0739655 0.0662657 0.0587249 0.0514609 0.0445759 0.0381534 0.0322562 0.0269262 0.0221848 0.0180335 0.0144573 0.0114262 0.00889955 0.00682845 0.00515956 0.00383792 0.00280955 0.00202354 0.00143354 0.000998674 0.00068402 0.000460539 0.000304756 0.000198184 0.000126642 7.95139e-05 4.90505e-05 2.97279e-05 1.77012e-05 1.03553e-05 5.95184e-06 3.36121e-06 1.86527e-06 1.01746e-06 5.46115e-07 2.89627e-07 1.54317e-07 8.79592e-08 
9.77229e-08 1.10455e-07 1.78636e-07 3.32054e-07 6.33971e-07 1.20169e-06 2.24174e-06 4.10677e-06 7.38407e-06 1.30289e-05 2.25587e-05 3.8328e-05 6.39035e-05 0.000104558 0.000167898 0.000264621 0.000409397 0.000621826 0.000927403 0.0013584 0.00195456 0.00276336 0.00383991 0.00524605 0.00704889 0.00931849 0.0121248 0.0155341 0.0196049 0.0243836 0.0299007 0.0361665 0.0431685 0.0508692 0.059205 0.0680864 0.0774001 0.0870113 0.0967686 0.106509 0.116062 0.12526 0.133939 0.141949 0.149154 0.155437 0.160701 0.164869 0.167886 0.16971 0.17032 0.169708 0.167882 0.164864 0.160693 0.155428 0.149147 0.141946 0.133943 0.125276 0.116094 0.106562 0.0968477 0.0871187 0.0775373 0.0682534 0.0594 0.0510889 0.0434081 0.0364203 0.0301623 0.0246465 0.0198627 0.015781 0.0123558 0.00952984 0.00723798 0.00541151 0.00398153 0.00288194 0.00205167 0.0014362 0.000988362 0.00066855 0.000444428 0.000290312 0.00018633 0.000117495 7.27871e-05 4.4297e-05 2.64834e-05 1.55546e-05 8.97507e-06 5.08787e-06 2.83401e-06 1.55156e-06 8.35814e-07 4.44912e-07 2.38031e-07 1.36374e-07 
1.49999e-07 1.69936e-07 2.74239e-07 5.07844e-07 9.65693e-07 1.82301e-06 3.38677e-06 6.17835e-06 1.10613e-05 1.9432e-05 3.34957e-05 5.66527e-05 9.40205e-05 0.000153114 0.000244694 0.000383786 0.00059083 0.000892903 0.00132492 0.00193063 0.00276336 0.00388611 0.00537102 0.00729794 0.00975208 0.0128207 0.0165888 0.0211346 0.0265238 0.0328052 0.0400049 0.0481231 0.0571305 0.0669667 0.0775404 0.08873 0.100387 0.112341 0.124404 0.136377 0.148058 0.159248 0.16976 0.17942 0.188078 0.195603 0.20189 0.206858 0.210445 0.212611 0.213333 0.212601 0.210425 0.206827 0.20185 0.195554 0.188022 0.179362 0.169703 0.159199 0.148023 0.136363 0.124418 0.112388 0.10047 0.0888508 0.0776988 0.0671604 0.0573552 0.048373 0.040273 0.0330837 0.0268049 0.0214107 0.0168532 0.0130676 0.00997712 0.00749827 0.00554522 0.00403411 0.00288624 0.00203032 0.00140397 0.000954174 0.000637252 0.00041817 0.000269594 0.000170745 0.00010623 6.49222e-05 3.89745e-05 2.29834e-05 1.33139e-05 7.57669e-06 4.23628e-06 2.32787e-06 1.25861e-06 6.72482e-07 3.61274e-07 2.08048e-07 
2.26546e-07 2.57204e-07 4.14135e-07 7.63986e-07 1.44689e-06 2.72022e-06 5.0326e-06 9.14194e-06 1.62965e-05 2.8503e-05 4.89114e-05 8.23476e-05 0.000136027 0.000220471 0.000350637 0.00054725 0.000838273 0.00126043 0.00186062 0.00269707 0.00383991 0.00537102 0.0073829 0.00997639 0.0132571 0.0173309 0.0222982 0.0282476 0.0352497 0.043351 0.0525682 0.0628841 0.0742453 0.0865612 0.0997047 0.113516 0.127805 0.142362 0.156957 0.171357 0.185327 0.19864 0.211085 0.222473 0.232638 0.241444 0.248779 0.254561 0.258728 0.261239 0.262073 0.26122 0.258689 0.254503 0.248702 0.241348 0.232527 0.222351 0.210957 0.198513 0.18521 0.171259 0.156887 0.142326 0.127811 0.113567 0.0998033 0.0867062 0.0744338 0.0631106 0.0528257 0.043631 0.0355431 0.028545 0.0225907 0.0176108 0.0135177 0.0102129 0.00759216 0.00555167 0.0039921 0.00282224 0.00196114 0.00133925 0.000898654 0.000592436 0.000383677 0.000244081 0.000152519 9.36091e-05 5.64308e-05 3.34134e-05 1.94331e-05 1.11022e-05 6.23114e-06 3.43687e-06 1.86508e-06 1.00028e-06 5.39616e-07 3.12344e-07 
3.36702e-07 3.83013e-07 6.15265e-07 1.13068e-06 2.13268e-06 3.99309e-06 7.35674e-06 1.33071e-05 2.36186e-05 4.11267e-05 7.0255e-05 0.000117737 0.000193571 0.000312236 0.00049416 0.000767425 0.0011696 0.0017496 0.00256927 0.00370459 0.00524605 0.00729794 0.00997639 0.0134059 0.0177142 0.0230263 0.0294569 0.0371026 0.0460343 0.05629 0.0678696 0.0807304 0.0947862 0.109907 0.125923 0.142629 0.159789 0.177147 0.194437 0.211388 0.227733 0.243224 0.257631 0.270752 0.282417 0.292484 0.300845 0.307417 0.312145 0.314989 0.31593 0.314961 0.312088 0.307332 0.300731 0.292342 0.282249 0.270563 0.257426 0.243012 0.227524 0.211193 0.194267 0.177012 0.159697 0.142588 0.125938 0.109979 0.0949145 0.0809109 0.0680957 0.0565534 0.0463248 0.0374094 0.0297691 0.0233336 0.0180075 0.0136779 0.0102218 0.00751356 0.00543061 0.0038586 0.00269461 0.00184911 0.00124671 0.000825751 0.000537239 0.000343311 0.00021547 0.000132817 8.04043e-05 4.78047e-05 2.7915e-05 1.60106e-05 9.0205e-06 4.99408e-06 2.7202e-06 1.46442e-06 7.93296e-07 4.61521e-07 
4.92498e-07 5.61235e-07 8.99389e-07 1.64649e-06 3.09301e-06 5.76743e-06 1.05815e-05 1.90589e-05 3.36804e-05 5.8387e-05 9.92877e-05 0.000165621 0.000271011 0.000435042 0.000685138 0.00105869 0.0016053 0.00238892 0.00348965 0.00500481 0.00704889 0.00975208 0.0132571 0.0177142 0.0232742 0.0300805 0.0382593 0.0479109 0.0590999 0.0718483 0.0861298 0.101867 0.11893 0.137141 0.15628 0.176089 0.196284 0.216564 0.236622 0.256155 0.274872 0.292506 0.308817 0.323599 0.336682 0.34793 0.35724 0.36454 0.369779 0.372926 0.373965 0.37289 0.369707 0.364431 0.357093 0.347745 0.336461 0.323346 0.308538 0.292209 0.274569 0.255857 0.236343 0.216316 0.196079 0.175937 0.156189 0.137117 0.118973 0.101976 0.0863012 0.0720735 0.0593686 0.0482113 0.0385788 0.0304062 0.0235945 0.0180188 0.013538 0.0100037 0.00726803 0.00519056 0.00364298 0.00251225 0.00170201 0.00113267 0.000740344 0.000475253 0.000299608 0.000185483 0.000112764 6.73224e-05 3.94713e-05 2.2728e-05 1.28544e-05 7.14348e-06 3.90541e-06 2.11043e-06 1.14801e-06 6.71256e-07 
7.09045e-07 8.09312e-07 1.29376e-06 2.35939e-06 4.41438e-06 8.1978e-06 1.49781e-05 2.68636e-05 4.7267e-05 8.15768e-05 0.000138093 0.000229283 0.000373406 0.000596512 0.000934799 0.00143721 0.00216809 0.00320962 0.00466367 0.00665259 0.00931849 0.0128207 0.0173309 0.0230263 0.0300805 0.0386526 0.0488766 0.0608494 0.0746214 0.0901886 0.107488 0.126395 0.146729 0.168254 0.190692 0.213729 0.237031 0.260252 0.283049 0.305093 0.326075 0.345719 0.363785 0.380071 0.394417 0.4067 0.416832 0.424753 0.430425 0.433827 0.434949 0.433786 0.430342 0.424626 0.41666 0.406482 0.394153 0.379764 0.36344 0.345345 0.325682 0.304694 0.28266 0.259886 0.236703 0.213452 0.190478 0.168112 0.146664 0.12641 0.10758 0.0903519 0.0748467 0.0611245 0.0491876 0.0389847 0.0304189 0.023358 0.0176445 0.0131077 0.00957325 0.00687219 0.00484771 0.0033597 0.00228727 0.00152943 0.00100436 0.00064769 0.000410142 0.000255023 0.000155702 9.33439e-05 5.49496e-05 3.17655e-05 1.80349e-05 1.00601e-05 5.5203e-06 2.99433e-06 1.63556e-06 9.61105e-07 
1.00484e-06 1.14861e-06 1.8316e-06 3.32755e-06 6.20094e-06 1.1469e-05 2.08688e-05 3.72711e-05 6.52964e-05 0.000112195 0.000189065 0.000312461 0.000506458 0.000805146 0.00125552 0.00192056 0.00288236 0.00424471 0.00613486 0.00870385 0.0121248 0.0165888 0.0222982 0.0294569 0.0382593 0.0488766 0.0614435 0.0760455 0.0927084 0.111391 0.131981 0.154298 0.178096 0.203077 0.228897 0.255186 0.281558 0.307628 0.333024 0.357396 0.380432 0.401855 0.421437 0.43899 0.454375 0.467489 0.478266 0.486666 0.492667 0.496262 0.497446 0.496218 0.492579 0.48653 0.478081 0.467251 0.454083 0.438646 0.421044 0.401421 0.379965 0.35691 0.332533 0.307148 0.281106 0.254778 0.228549 0.202802 0.177904 0.154195 0.13197 0.111468 0.092867 0.0762741 0.0617275 0.0491997 0.0386043 0.0298073 0.0226393 0.0169088 0.0124148 0.00895843 0.00635168 0.00442411 0.00302672 0.00203361 0.00134174 0.000869233 0.000552902 0.000345294 0.000211716 0.000127452 7.53316e-05 4.37193e-05 2.49168e-05 1.39507e-05 7.68342e-06 4.18324e-06 2.29433e-06 1.35483e-06 
1.40187e-06 1.60457e-06 2.55229e-06 4.61944e-06 8.57448e-06 1.57958e-05 2.86247e-05 5.09102e-05 8.88102e-05 0.000151929 0.000254871 0.000419277 0.000676387 0.0010701 0.00166045 0.0025272 0.00377331 0.00552766 0.00794651 0.011213 0.0155341 0.0211346 0.0282476 0.0371026 0.0479109 0.0608494 0.0760455 0.0935628 0.113391 0.135438 0.159531 0.185422 0.212792 0.241272 0.270453 0.299905 0.329197 0.357911 0.385653 0.412068 0.436847 0.45973 0.480508 0.499023 0.515163 0.528856 0.540064 0.548772 0.554978 0.558689 0.559911 0.558647 0.554892 0.548638 0.539879 0.528616 0.514864 0.498664 0.480091 0.459259 0.43633 0.411515 0.385079 0.357332 0.328631 0.29937 0.269969 0.240856 0.21246 0.185184 0.159396 0.135406 0.113459 0.0937225 0.0762823 0.061146 0.0482481 0.037461 0.0286088 0.021483 0.0158573 0.0115024 0.00819731 0.00573839 0.00394523 0.00266352 0.00176562 0.0011491 0.000734195 0.000460516 0.000283565 0.00017141 0.00010172 5.92648e-05 3.39048e-05 1.90532e-05 1.05318e-05 5.75524e-06 3.16926e-06 1.88048e-06 
1.92551e-06 2.20653e-06 3.50104e-06 6.31316e-06 1.1673e-05 2.14193e-05 3.86603e-05 6.84767e-05 0.000118951 0.00020261 0.00033838 0.000554115 0.00088973 0.00140089 0.00216306 0.00327567 0.00486578 0.00709081 0.0101394 0.0142298 0.0196049 0.0265238 0.0352497 0.0460343 0.0590999 0.0746214 0.0927084 0.113391 0.136608 0.162206 0.189939 0.21948 0.250432 0.282349 0.314756 0.34717 0.37912 0.410163 0.439897 0.467976 0.494106 0.518055 0.53965 0.55877 0.575341 0.589329 0.60073 0.609555 0.61583 0.619577 0.620811 0.61954 0.615754 0.609435 0.60056 0.589105 0.575057 0.558421 0.539236 0.517577 0.493567 0.467386 0.439267 0.409508 0.378458 0.346522 0.314143 0.281793 0.249953 0.219097 0.189664 0.162046 0.136565 0.11346 0.092877 0.0748726 0.0594132 0.0463876 0.0356214 0.0268941 0.0199575 0.0145525 0.0104243 0.00733414 0.00506716 0.00343744 0.00228934 0.00149677 0.000960595 0.000605137 0.000374187 0.000227116 0.000135314 7.91417e-05 4.54457e-05 2.56319e-05 1.4219e-05 7.7984e-06 4.31141e-06 2.57019e-06 
2.604e-06 2.98721e-06 4.72798e-06 8.49471e-06 1.56471e-05 2.86014e-05 5.14209e-05 9.07121e-05 0.000156923 0.000266151 0.000442555 0.000721446 0.00115306 0.0018069 0.00277642 0.00418362 0.0061829 0.00896346 0.0127493 0.017796 0.0243836 0.0328052 0.043351 0.05629 0.0718483 0.0901886 0.111391 0.135438 0.162206 0.191466 0.222889 0.256059 0.290497 0.325681 0.361072 0.39614 0.430383 0.463348 0.49464 0.523929 0.550958 0.575534 0.597528 0.616868 0.633527 0.647513 0.658858 0.667609 0.673813 0.677512 0.678732 0.677483 0.673753 0.667513 0.658719 0.647323 0.63328 0.616556 0.597146 0.57508 0.550432 0.523336 0.493987 0.462649 0.429654 0.3954 0.360347 0.324995 0.289876 0.255526 0.222464 0.191165 0.162035 0.135396 0.111471 0.0903751 0.0721203 0.0566236 0.0437215 0.0331889 0.0247601 0.018149 0.0130673 0.00923974 0.00641505 0.00437263 0.00292576 0.00192154 0.00123865 0.000783652 0.00048659 0.000296533 0.000177365 0.00010413 6.00147e-05 3.39701e-05 1.89108e-05 1.04085e-05 5.77676e-06 3.45946e-06 
3.46757e-06 3.98162e-06 6.28646e-06 1.12549e-05 2.06548e-05 3.76136e-05 6.73646e-05 0.000118371 0.000203943 0.000344456 0.000570302 0.000925592 0.00147262 0.00229691 0.00351247 0.00526676 0.00774455 0.0111697 0.0158041 0.0219421 0.0299007 0.0400049 0.0525682 0.0678696 0.0861298 0.107488 0.131981 0.159531 0.189939 0.222889 0.257957 0.294638 0.332364 0.370542 0.408576 0.445897 0.481989 0.5164 0.548754 0.57876 0.606203 0.630945 0.652911 0.672085 0.68849 0.702182 0.713234 0.721725 0.727727 0.7313 0.732481 0.731282 0.72769 0.721662 0.713138 0.702044 0.688299 0.671832 0.652589 0.630545 0.605723 0.578199 0.548116 0.515692 0.481226 0.445098 0.407763 0.369745 0.331613 0.293961 0.257382 0.222438 0.189627 0.159364 0.131955 0.107591 0.086343 0.0681679 0.0529244 0.040392 0.0302939 0.0223208 0.0161528 0.0114784 0.00800802 0.00548428 0.00368649 0.00243201 0.00157453 0.00100036 0.000623692 0.000381592 0.000229118 0.000135013 7.80944e-05 4.43582e-05 2.47784e-05 1.36854e-05 7.62418e-06 4.58599e-06 
4.54705e-06 5.22549e-06 8.23057e-06 1.4685e-05 2.6853e-05 4.87233e-05 8.69377e-05 0.000152181 0.00026116 0.000439305 0.000724293 0.00117045 0.00185392 0.00287842 0.00438107 0.00653754 0.00956571 0.0137266 0.0193214 0.0266837 0.0361665 0.0481231 0.0628841 0.0807304 0.101867 0.126395 0.154298 0.185422 0.21948 0.256059 0.294638 0.334614 0.375338 0.416149 0.456404 0.49551 0.532949 0.568286 0.601183 0.631395 0.658767 0.683222 0.704749 0.723392 0.739229 0.752363 0.762907 0.770972 0.776656 0.780033 0.781153 0.780029 0.776645 0.770948 0.762862 0.752286 0.739109 0.723218 0.704509 0.682904 0.658364 0.6309 0.600594 0.567607 0.532189 0.494685 0.455536 0.415268 0.374477 0.333806 0.293918 0.255458 0.21902 0.185117 0.154151 0.126399 0.102004 0.0809778 0.0632125 0.0485024 0.0365679 0.0270823 0.0196973 0.0140659 0.00986024 0.00678426 0.00458099 0.00303543 0.00197358 0.00125908 0.000788138 0.000484073 0.000291739 0.000172537 0.000100148 5.70784e-05 3.19901e-05 1.7728e-05 9.91253e-06 5.98787e-06 
5.87199e-06 6.75307e-06 1.06117e-05 1.88706e-05 3.43878e-05 6.21758e-05 0.000110543 0.000192786 0.000329581 0.000552215 0.000906751 0.00145915 0.00230123 0.00355702 0.00538914 0.00800395 0.0116548 0.0166415 0.0233055 0.0320192 0.0431685 0.0571305 0.0742453 0.0947862 0.11893 0.146729 0.178096 0.212792 0.250432 0.290497 0.332364 0.375338 0.418692 0.461706 0.503703 0.544084 0.58234 0.618073 0.650993 0.680919 0.707761 0.731513 0.752233 0.770023 0.78502 0.797372 0.80723 0.814735 0.820006 0.823133 0.824172 0.823142 0.820022 0.814752 0.80724 0.797364 0.784981 0.76994 0.752091 0.731298 0.707459 0.680519 0.650487 0.617458 0.58162 0.543271 0.502816 0.460773 0.417747 0.374421 0.331515 0.289753 0.249825 0.212344 0.177818 0.14662 0.118977 0.0949678 0.074532 0.05749 0.0435686 0.0324306 0.023704 0.0170088 0.0119792 0.00827987 0.00561568 0.00373702 0.00243987 0.00156282 0.000982083 0.000605465 0.000366226 0.00021735 0.000126588 7.23842e-05 4.0699e-05 2.26277e-05 1.26969e-05 7.70122e-06 
7.46836e-06 8.59446e-06 1.34746e-05 2.38853e-05 4.33814e-05 7.81726e-05 0.000138504 0.000240691 0.000409966 0.000684293 0.00111922 0.00179376 0.00281711 0.00433566 0.00653964 0.00966827 0.0140121 0.0199109 0.0277462 0.0379272 0.0508692 0.0669667 0.0865612 0.109907 0.137141 0.168254 0.203077 0.241272 0.282349 0.325681 0.370542 0.416149 0.461706 0.506448 0.54968 0.590809 0.629356 0.664971 0.697429 0.726618 0.752525 0.775216 0.794818 0.811497 0.825439 0.836837 0.845876 0.852721 0.857511 0.860347 0.861293 0.86037 0.857554 0.852779 0.84594 0.836897 0.825483 0.81151 0.794783 0.775116 0.752342 0.726335 0.697033 0.664452 0.628711 0.590044 0.54881 0.505497 0.46071 0.415149 0.369583 0.324807 0.281601 0.240681 0.202662 0.168023 0.137086 0.11001 0.086793 0.0672946 0.051258 0.0383436 0.0281615 0.0203025 0.0143646 0.00997272 0.00679299 0.00453936 0.00297568 0.00191347 0.00120696 0.000746815 0.000453309 0.000269943 0.000157732 9.04785e-05 5.10303e-05 2.84606e-05 1.6024e-05 9.75731e-06 
9.35589e-06 1.07726e-05 1.68525e-05 2.97818e-05 5.39192e-05 9.68488e-05 0.000171027 0.000296198 0.000502736 0.000836083 0.00136234 0.0021749 0.00340195 0.00521401 0.0078308 0.011526 0.0166286 0.0235185 0.0326163 0.0443652 0.059205 0.0775404 0.0997047 0.125923 0.15628 0.190692 0.228897 0.270453 0.314756 0.361072 0.408576 0.456404 0.503703 0.54968 0.593637 0.635002 0.673343 0.708373 0.739938 0.768005 0.792641 0.813987 0.832236 0.847612 0.860349 0.870678 0.878812 0.884937 0.889205 0.891728 0.892573 0.891763 0.889272 0.885031 0.878926 0.870803 0.860472 0.847718 0.832308 0.814006 0.792585 0.767853 0.73967 0.707973 0.672802 0.634317 0.592818 0.548748 0.50269 0.455351 0.407531 0.360087 0.313879 0.269724 0.228345 0.190333 0.156114 0.125935 0.0998699 0.0778251 0.0595723 0.0447783 0.0330422 0.0239301 0.0170064 0.0118577 0.00811062 0.0054417 0.00358109 0.00231142 0.00146327 0.000908574 0.000553353 0.000330589 0.000193774 0.000111489 6.30669e-05 3.52789e-05 1.99274e-05 1.21793e-05 
1.15453e-05 1.32998e-05 2.07623e-05 3.65847e-05 6.60361e-05 0.00011825 0.000208164 0.000359345 0.000607871 0.00100742 0.00163562 0.00260148 0.00405355 0.00618798 0.00925541 0.0135652 0.019485 0.0274346 0.0378716 0.0512693 0.0680864 0.08873 0.113516 0.142629 0.176089 0.213729 0.255186 0.299905 0.34717 0.39614 0.445897 0.49551 0.544084 0.590809 0.635002 0.676131 0.713823 0.747863 0.778178 0.804819 0.827931 0.847728 0.864467 0.878422 0.889869 0.899071 0.906262 0.911644 0.915377 0.917578 0.918319 0.917622 0.915463 0.911768 0.906418 0.899251 0.890062 0.878613 0.864639 0.847861 0.828001 0.804801 0.778048 0.747597 0.713406 0.675553 0.634265 0.589927 0.543085 0.494436 0.444796 0.395066 0.346181 0.299049 0.254501 0.213241 0.175805 0.142542 0.113604 0.0889614 0.0684225 0.0516707 0.0383013 0.0278613 0.0198849 0.0139221 0.00956082 0.00643951 0.00425355 0.00275535 0.00175036 0.00109046 0.000666263 0.000399277 0.000234733 0.000135445 7.68346e-05 4.31029e-05 2.44218e-05 1.49788e-05 
