1.60715e-10 1.69273e-10 2.44754e-10 4.1347e-10 7.31059e-10 1.29728e-09 2.2806e-09 3.95699e-09 6.76907e-09 1.14136e-08 1.89681e-08 3.10704e-08 5.01664e-08 7.98458e-08 1.25284e-07 1.9381e-07 2.95622e-07 4.44646e-07 6.59555e-07 9.64918e-07 1.39244e-06 1.98223e-06 2.78399e-06 3.85799e-06 5.27568e-06 7.1197e-06 9.48314e-06 1.24678e-05 1.61815e-05 2.07335e-05 2.62297e-05 3.27658e-05 4.04197e-05 4.92442e-05 5.92583e-05 7.04406e-05 8.27233e-05 9.59884e-05 0.000110066 0.000124738 0.000139739 0.000154769 0.000169499 0.000183588 0.000196692 0.00020848 0.000218645 0.00022692 0.000233082 0.000236966 0.000238466 0.000237542 0.000234221 0.000228594 0.000220814 0.000211092 0.000199687 0.000186897 0.000173048 0.000158482 0.000143542 0.000128556 0.000113832 9.96391e-05 8.6206e-05 7.37115e-05 6.22839e-05 5.20016e-05 4.28962e-05 3.49578e-05 2.81424e-05 2.23788e-05 1.75768e-05 1.36345e-05 1.04449e-05 7.90147e-06 5.90222e-06 4.35306e-06 3.16968e-06 2.27847e-06 1.61675e-06 1.13236e-06 7.82767e-07 5.34014e-07 3.59513e-07 2.38829e-07 1.56545e-07 1.01239e-07 6.45931e-08 4.06566e-08 2.52444e-08 1.54623e-08 9.34221e-09 5.56794e-09 3.27381e-09 1.89976e-09 1.08956e-09 6.20709e-10 3.57338e-10 2.19584e-10 
1.69273e-10 1.78527e-10 2.59223e-10 4.3984e-10 7.80672e-10 1.39006e-09 2.4514e-09 4.26595e-09 7.31802e-09 1.23719e-08 2.06121e-08 3.38428e-08 5.47637e-08 8.73431e-08 1.37312e-07 2.12797e-07 3.2512e-07 4.89758e-07 7.27483e-07 1.06565e-06 1.53957e-06 2.19395e-06 3.08422e-06 4.27757e-06 5.85372e-06 7.90485e-06 1.05348e-05 1.38572e-05 1.7992e-05 2.30612e-05 2.91828e-05 3.6463e-05 4.49887e-05 5.4818e-05 6.59719e-05 7.84258e-05 9.21035e-05 0.000106873 0.000122544 0.000138874 0.000155566 0.000172286 0.000188669 0.000204334 0.0002189 0.000231999 0.000243292 0.00025248 0.00025932 0.000263626 0.000265284 0.000264248 0.000260548 0.000254286 0.000245631 0.000234817 0.000222132 0.000207906 0.000192502 0.000176299 0.000159677 0.000143004 0.00012662 0.000110827 9.58775e-05 8.19725e-05 6.92548e-05 5.78118e-05 4.76791e-05 3.88459e-05 3.12632e-05 2.48517e-05 1.95112e-05 1.5128e-05 1.15828e-05 8.75696e-06 6.53676e-06 4.81736e-06 3.50475e-06 2.51693e-06 1.78408e-06 1.24812e-06 8.61694e-07 5.8705e-07 3.94628e-07 2.61734e-07 1.71261e-07 1.1055e-07 7.03934e-08 4.42138e-08 2.73915e-08 1.67376e-08 1.00874e-08 5.99621e-09 3.51585e-09 2.03425e-09 1.16308e-09 6.60387e-10 3.78786e-10 2.31871e-10 
2.44754e-10 2.59223e-10 3.77545e-10 6.4143e-10 1.13888e-09 2.02777e-09 3.57508e-09 6.21876e-09 1.0662e-08 1.80129e-08 2.99859e-08 4.91875e-08 7.951e-08 1.26662e-07 1.98869e-07 3.07765e-07 4.6951e-07 7.06139e-07 1.04713e-06 1.53117e-06 2.20807e-06 3.14061e-06 4.4064e-06 6.09916e-06 8.3296e-06 1.12253e-05 1.49292e-05 1.95971e-05 2.53927e-05 3.24813e-05 4.10217e-05 5.11557e-05 6.29971e-05 7.66199e-05 9.20462e-05 0.000109236 0.000128079 0.000148388 0.000169899 0.000192276 0.000215113 0.000237955 0.000260304 0.000281646 0.000301465 0.000319267 0.000334596 0.000347053 0.000356312 0.000362126 0.000364342 0.000362902 0.000357845 0.000349307 0.000337518 0.00032279 0.00030551 0.000286122 0.000265116 0.000243001 0.000220294 0.000197492 0.000175059 0.000153407 0.000132884 0.000113766 9.62523e-05 8.04683e-05 6.64674e-05 5.42402e-05 4.37244e-05 3.4816e-05 2.73809e-05 2.12664e-05 1.63111e-05 1.23531e-05 9.23703e-06 6.81893e-06 4.96921e-06 3.57442e-06 2.53765e-06 1.77797e-06 1.22927e-06 8.38604e-07 5.64444e-07 3.74802e-07 2.4551e-07 1.58631e-07 1.01097e-07 6.3546e-08 3.93933e-08 2.40837e-08 1.45205e-08 8.63375e-09 5.06315e-09 2.92963e-09 1.67491e-09 9.50898e-10 5.45453e-10 3.34186e-10 
4.1347e-10 4.3984e-10 6.4143e-10 1.08871e-09 1.9296e-09 3.42867e-09 6.03194e-09 1.0469e-08 1.79075e-08 3.01812e-08 5.01183e-08 8.20023e-08 1.32206e-07 2.10041e-07 3.28868e-07 5.07506e-07 7.71985e-07 1.15763e-06 1.7115e-06 2.49503e-06 3.58696e-06 5.08604e-06 7.11366e-06 9.81569e-06 1.33635e-05 1.79532e-05 2.38037e-05 3.11515e-05 4.02437e-05 5.13277e-05 6.46384e-05 8.03832e-05 9.87247e-05 0.000119763 0.00014352 0.00016992 0.000198784 0.000229817 0.000262611 0.000296649 0.000331316 0.000365921 0.000399719 0.000431939 0.000461814 0.000488607 0.000511647 0.000530342 0.000544212 0.000552896 0.000556169 0.000553947 0.000546289 0.000533399 0.000515613 0.000493396 0.000467319 0.000438043 0.000406294 0.000372834 0.000338432 0.000303837 0.000269746 0.000236782 0.000205478 0.000176256 0.000149428 0.000125194 0.000103644 8.4777e-05 6.85073e-05 5.46865e-05 4.31188e-05 3.3578e-05 2.58227e-05 1.96096e-05 1.47031e-05 1.08839e-05 7.95322e-06 5.73649e-06 4.08365e-06 2.86884e-06 1.98873e-06 1.36024e-06 9.17875e-07 6.11006e-07 4.01204e-07 2.59842e-07 1.65978e-07 1.04559e-07 6.49569e-08 3.97943e-08 2.40402e-08 1.43214e-08 8.41395e-09 4.87708e-09 2.79316e-09 1.58867e-09 9.13338e-10 5.61458e-10 
7.31059e-10 7.80672e-10 1.13888e-09 1.9296e-09 3.41167e-09 6.04636e-09 1.06088e-08 1.83624e-08 3.13223e-08 5.26413e-08 8.7163e-08 1.42195e-07 2.28564e-07 3.62022e-07 5.65073e-07 8.69274e-07 1.31806e-06 1.97012e-06 2.90321e-06 4.21839e-06 6.04443e-06 8.54204e-06 1.19076e-05 1.63759e-05 2.2221e-05 2.97548e-05 3.93229e-05 5.12963e-05 6.60596e-05 8.39944e-05 0.000105459 0.000130765 0.000160151 0.000193754 0.000231586 0.000273508 0.000319219 0.000368239 0.000419915 0.000473427 0.000527813 0.000581993 0.000634811 0.000685077 0.000731609 0.00077328 0.000809061 0.000838055 0.000859527 0.000872934 0.000877933 0.0008744 0.000862427 0.000842324 0.000814608 0.000779986 0.000739331 0.000693656 0.000644075 0.000591759 0.000537896 0.000483646 0.000430094 0.000378216 0.000328847 0.000282662 0.000240162 0.000201675 0.000167363 0.00013724 0.00011119 8.89966e-05 7.03646e-05 5.49496e-05 4.23796e-05 3.22764e-05 2.42718e-05 1.80202e-05 1.32071e-05 9.55431e-06 6.8216e-06 4.80641e-06 3.34162e-06 2.29218e-06 1.55115e-06 1.03547e-06 6.81794e-07 4.42766e-07 2.83575e-07 1.79106e-07 1.11552e-07 6.85097e-08 4.14883e-08 2.47744e-08 1.45891e-08 8.47581e-09 4.86532e-09 2.77397e-09 1.59938e-09 9.87088e-10 
1.29728e-09 1.39006e-09 2.02777e-09 3.42867e-09 6.04636e-09 1.06865e-08 1.86981e-08 3.22727e-08 5.48928e-08 9.19862e-08 1.51859e-07 2.46994e-07 3.95806e-07 6.24975e-07 9.72444e-07 1.49118e-06 2.25376e-06 3.35774e-06 4.93175e-06 7.14213e-06 1.01997e-05 1.43661e-05 1.99593e-05 2.73573e-05 3.69985e-05 4.93791e-05 6.50447e-05 8.45772e-05 0.000108575 0.000137626 0.000172275 0.00021299 0.000260116 0.000313838 0.00037414 0.000440772 0.000513227 0.000590726 0.000672225 0.000756426 0.000841818 0.000926717 0.00100933 0.00108781 0.00116035 0.00122522 0.00128084 0.00132585 0.00135913 0.00137985 0.0013875 0.0013819 0.00136318 0.00133181 0.0012886 0.00123461 0.00117118 0.00109987 0.00102238 0.000940514 0.000856109 0.000770959 0.000686756 0.000605027 0.000527088 0.000454012 0.000386605 0.000325408 0.000270706 0.000222547 0.000180781 0.000145091 0.000115036 9.00907e-05 6.9684e-05 5.32279e-05 4.01464e-05 2.98954e-05 2.19764e-05 1.59461e-05 1.14194e-05 8.07002e-06 5.62725e-06 3.87135e-06 2.62742e-06 1.75894e-06 1.16143e-06 7.56347e-07 4.85737e-07 3.07615e-07 1.92095e-07 1.18281e-07 7.18103e-08 4.29875e-08 2.53763e-08 1.47785e-08 8.50384e-09 4.86094e-09 2.81115e-09 1.74199e-09 
2.2806e-09 2.4514e-09 3.57508e-09 6.03194e-09 1.06088e-08 1.86981e-08 3.26239e-08 5.61479e-08 9.52256e-08 1.59105e-07 2.61882e-07 4.24651e-07 6.78407e-07 1.06786e-06 1.6563e-06 2.53171e-06 3.814e-06 5.66362e-06 8.29107e-06 1.19671e-05 1.7033e-05 2.391e-05 3.31074e-05 4.52262e-05 6.09602e-05 8.10886e-05 0.000106463 0.000137984 0.000176571 0.000223117 0.000278441 0.000343229 0.000417974 0.000502911 0.000597962 0.000702686 0.000816246 0.000937394 0.00106448 0.00119547 0.00132802 0.00145954 0.00158728 0.00170843 0.00182022 0.00192005 0.00200552 0.00207459 0.00212559 0.00215726 0.00216885 0.00216007 0.00213115 0.0020828 0.0020162 0.001933 0.00183519 0.00172513 0.0016054 0.00147876 0.00134799 0.00121585 0.00108494 0.000957617 0.000835939 0.000721587 0.000615848 0.000519601 0.000433332 0.000357167 0.000290916 0.000234128 0.000186156 0.000146211 0.000113426 8.68989e-05 6.574e-05 4.91024e-05 3.62055e-05 2.63507e-05 1.89277e-05 1.34164e-05 9.38333e-06 6.47455e-06 4.40705e-06 2.95888e-06 1.95933e-06 1.27954e-06 8.24011e-07 5.23261e-07 3.27632e-07 2.02265e-07 1.23115e-07 7.38865e-08 4.37251e-08 2.55272e-08 1.47254e-08 8.43939e-09 4.89566e-09 3.04601e-09 
3.95699e-09 4.26595e-09 6.21876e-09 1.0469e-08 1.83624e-08 3.22727e-08 5.61479e-08 9.63553e-08 1.62938e-07 2.71431e-07 4.45419e-07 7.20054e-07 1.14676e-06 1.79939e-06 2.78204e-06 4.23866e-06 6.36462e-06 9.41991e-06 1.37439e-05 1.97708e-05 2.80448e-05 3.92341e-05 5.41411e-05 7.37077e-05 9.90132e-05 0.000131263 0.000171762 0.000221884 0.000283013 0.000356482 0.000443497 0.000545044 0.000661803 0.000794053 0.000941589 0.00110365 0.00127889 0.00146533 0.00166041 0.001861 0.00206354 0.00226407 0.00245846 0.0026425 0.00281206 0.00296323 0.0030925 0.00319682 0.00327371 0.00332137 0.00333864 0.00332514 0.0032812 0.00320786 0.00310689 0.00298071 0.00283229 0.00266514 0.00248309 0.00229027 0.00209086 0.001889 0.00168864 0.00149337 0.00130632 0.00113012 0.000966771 0.000817683 0.000683673 0.000565009 0.000461473 0.000372445 0.000296992 0.000233957 0.000182042 0.000139893 0.000106156 7.95345e-05 5.88262e-05 4.29466e-05 3.09436e-05 2.20008e-05 1.54339e-05 1.06816e-05 7.29227e-06 4.91038e-06 3.261e-06 2.13566e-06 1.3792e-06 8.7823e-07 5.51381e-07 3.41304e-07 2.08289e-07 1.25324e-07 7.4353e-08 4.35168e-08 2.51662e-08 1.44618e-08 8.41546e-09 5.25733e-09 
6.76907e-09 7.31802e-09 1.0662e-08 1.79075e-08 3.13223e-08 5.48928e-08 9.52256e-08 1.62938e-07 2.74712e-07 4.56254e-07 7.46427e-07 1.20291e-06 1.90974e-06 2.98702e-06 4.6033e-06 6.99052e-06 1.04619e-05 1.54322e-05 2.24398e-05 3.21697e-05 4.54759e-05 6.34002e-05 8.71863e-05 0.000118285 0.000158346 0.0002092 0.000272816 0.000351241 0.000446524 0.000560615 0.000695244 0.000851798 0.00103118 0.00123368 0.00145885 0.00170544 0.00197128 0.00225333 0.00254766 0.00284956 0.00315367 0.00345414 0.00374483 0.00401952 0.00427218 0.00449711 0.00468918 0.00484396 0.00495789 0.00502832 0.00505364 0.00503327 0.00496769 0.00485844 0.00470808 0.0045201 0.00429886 0.00404944 0.00377748 0.00348899 0.00319016 0.00288712 0.0025857 0.0022913 0.00200864 0.00174169 0.00149354 0.00126643 0.00106168 0.000879817 0.000720634 0.000583306 0.000466524 0.000368624 0.000287713 0.000221787 0.000168829 0.00012689 9.41487e-05 6.89509e-05 4.98361e-05 3.55439e-05 2.50118e-05 1.73632e-05 1.18897e-05 8.03002e-06 5.34845e-06 3.5129e-06 2.27508e-06 1.45276e-06 9.14599e-07 5.67667e-07 3.47354e-07 2.09544e-07 1.24639e-07 7.31343e-08 4.24031e-08 2.44334e-08 1.42632e-08 8.94704e-09 
1.14136e-08 1.23719e-08 1.80129e-08 3.01812e-08 5.26413e-08 9.19862e-08 1.59105e-07 2.71431e-07 4.56254e-07 7.5545e-07 1.23208e-06 1.97933e-06 3.13235e-06 4.88346e-06 7.50121e-06 1.13534e-05 1.69342e-05 2.48943e-05 3.60742e-05 5.15368e-05 7.25993e-05 0.000100859 0.000138211 0.000186848 0.000249251 0.000328147 0.000426446 0.000547148 0.000693221 0.00086745 0.00107227 0.00130956 0.00158047 0.00188524 0.002223 0.00259168 0.00298795 0.00340714 0.00384339 0.00428972 0.00473822 0.00518035 0.00560721 0.00600983 0.00637951 0.0067081 0.00698828 0.00721377 0.00737948 0.00748171 0.00751815 0.007488 0.00739197 0.00723223 0.00701241 0.0067375 0.00641371 0.00604829 0.00564932 0.00522548 0.00478567 0.00433879 0.00389337 0.00345731 0.0030376 0.00264016 0.00226969 0.00192961 0.00162207 0.00134803 0.00110737 0.000899042 0.000721257 0.000571683 0.000447616 0.000346155 0.00026435 0.000199325 0.000148371 0.000109011 7.90433e-05 5.65544e-05 3.99222e-05 2.78004e-05 1.90953e-05 1.29357e-05 8.64172e-06 5.69267e-06 3.69747e-06 2.36776e-06 1.49482e-06 9.30352e-07 5.70821e-07 3.45268e-07 2.05909e-07 1.21134e-07 7.04177e-08 4.06884e-08 2.38288e-08 1.50091e-08 
1.89681e-08 2.06121e-08 2.99859e-08 5.01183e-08 8.7163e-08 1.51859e-07 2.61882e-07 4.45419e-07 7.46427e-07 1.23208e-06 2.00311e-06 3.20772e-06 5.05988e-06 7.86266e-06 1.20372e-05 1.81574e-05 2.69902e-05 3.95403e-05 5.70976e-05 8.12843e-05 0.000114098 0.000157946 0.000215662 0.00029051 0.000386144 0.000506554 0.00065596 0.000838666 0.00105888 0.0013205 0.00162684 0.0019804 0.00238256 0.00283333 0.00333117 0.00387278 0.00445304 0.00506503 0.00570009 0.00634807 0.00699757 0.00763637 0.00825177 0.00883109 0.00936206 0.00983326 0.0102344 0.0105569 0.0107935 0.0109391 0.0109906 0.0109469 0.0108089 0.0105797 0.0102643 0.00986973 0.00940459 0.00887907 0.00830451 0.00769313 0.00705756 0.00641044 0.00576398 0.00512956 0.00451734 0.00393599 0.00339249 0.00289203 0.00243799 0.00203206 0.00167433 0.00136355 0.00109737 0.000872594 0.000685447 0.000531817 0.000407476 0.000308261 0.000230217 0.000169703 0.000123453 8.86156e-05 6.27555e-05 4.38397e-05 3.02067e-05 2.05262e-05 1.37543e-05 9.08774e-06 5.92004e-06 3.80203e-06 2.40717e-06 1.50238e-06 9.24329e-07 5.60607e-07 3.35224e-07 1.97732e-07 1.15252e-07 6.67826e-08 3.92388e-08 2.48181e-08 
3.10704e-08 3.38428e-08 4.91875e-08 8.20023e-08 1.42195e-07 2.46994e-07 4.24651e-07 7.20054e-07 1.20291e-06 1.97933e-06 3.20772e-06 5.12012e-06 8.04998e-06 1.24674e-05 1.90223e-05 2.85958e-05 4.23592e-05 6.18381e-05 8.898e-05 0.000126219 0.000176533 0.000243487 0.000331251 0.000444582 0.000588777 0.000769559 0.000992925 0.00126493 0.00159141 0.00197767 0.00242813 0.00294597 0.00353271 0.00418792 0.00490892 0.0056906 0.00652529 0.00740283 0.00831074 0.00923452 0.0101581 0.0110642 0.0119351 0.0127533 0.0135019 0.0141651 0.0147288 0.0151813 0.0155128 0.0157165 0.0157879 0.0157257 0.0155312 0.0152085 0.0147646 0.0142088 0.0135531 0.0128113 0.0119991 0.0111333 0.0102316 0.00931145 0.00839008 0.00748354 0.00660631 0.00577087 0.00498741 0.00426365 0.00360482 0.00301371 0.00249091 0.00203504 0.00164311 0.00131087 0.00103317 0.000804301 0.000618335 0.000469361 0.000351715 0.000260135 0.000189872 0.000136743 9.71553e-05 6.80905e-05 4.7066e-05 3.20833e-05 2.15653e-05 1.42921e-05 9.33829e-06 6.01505e-06 3.81935e-06 2.39056e-06 1.47491e-06 8.97001e-07 5.37834e-07 3.18097e-07 1.85915e-07 1.08038e-07 6.36898e-08 4.04515e-08 
5.01664e-08 5.47637e-08 7.951e-08 1.32206e-07 2.28564e-07 3.95806e-07 6.78407e-07 1.14676e-06 1.90974e-06 3.13235e-06 5.05988e-06 8.04998e-06 1.26142e-05 1.94703e-05 2.96052e-05 4.43505e-05 6.54656e-05 9.523e-05 0.000136535 0.000192973 0.000268908 0.000369528 0.000500857 0.000669715 0.000883626 0.00115065 0.00147913 0.00187742 0.00235341 0.00291417 0.00356541 0.00431097 0.00515236 0.00608828 0.00711432 0.00822268 0.00940211 0.010638 0.0119127 0.0132059 0.0144952 0.0157569 0.0169669 0.0181012 0.0191369 0.0200529 0.0208305 0.0214535 0.0219094 0.0221889 0.0222862 0.0221995 0.0219305 0.0214849 0.0208716 0.0201035 0.0191963 0.0181687 0.0170418 0.0158384 0.0145823 0.0132977 0.0120082 0.0107359 0.00950126 0.00832178 0.0072121 0.00618349 0.00524383 0.00439768 0.00364648 0.00298892 0.00242136 0.00193831 0.00153292 0.00119747 0.00092378 0.000703642 0.000529092 0.00039267 0.000287585 0.000207813 0.000148144 0.000104168 7.22379e-05 4.94e-05 3.33099e-05 2.21443e-05 1.45131e-05 9.37637e-06 5.97126e-06 3.74832e-06 2.31921e-06 1.41444e-06 8.50436e-07 5.04363e-07 2.95597e-07 1.72278e-07 1.01904e-07 6.49946e-08 
7.98458e-08 8.73431e-08 1.26662e-07 2.10041e-07 3.62022e-07 6.24975e-07 1.06786e-06 1.79939e-06 2.98702e-06 4.88346e-06 7.86266e-06 1.24674e-05 1.94703e-05 2.99497e-05 4.53813e-05 6.77445e-05 9.96409e-05 0.00014442 0.000206305 0.000290506 0.000403314 0.000552148 0.000745557 0.000993139 0.00130538 0.00169342 0.00216864 0.00274227 0.0034248 0.00422534 0.00515103 0.00620629 0.00739224 0.00870612 0.0101409 0.0116849 0.013322 0.0150317 0.0167892 0.0185668 0.020334 0.0220588 0.0237088 0.0252522 0.0266587 0.0279003 0.0289525 0.0297945 0.0304096 0.0307859 0.0309161 0.0307976 0.0304328 0.029829 0.028998 0.0279563 0.0267247 0.0253277 0.0237931 0.0221511 0.0204335 0.0186726 0.0169002 0.0151466 0.0134396 0.0118036 0.0102592 0.00882256 0.00750526 0.00631451 0.00525321 0.00432048 0.00351211 0.00282125 0.00223903 0.00175523 0.00135886 0.0010387 0.000783781 0.000583726 0.000428996 0.000311066 0.000222503 0.000156979 0.000109222 7.49355e-05 5.06905e-05 3.38055e-05 2.22245e-05 1.44024e-05 9.19963e-06 5.79192e-06 3.59406e-06 2.19822e-06 1.3254e-06 7.88245e-07 4.63277e-07 2.70809e-07 1.60734e-07 1.0295e-07 
1.25284e-07 1.37312e-07 1.98869e-07 3.28868e-07 5.65073e-07 9.72444e-07 1.6563e-06 2.78204e-06 4.6033e-06 7.50121e-06 1.20372e-05 1.90223e-05 2.96052e-05 4.53813e-05 6.85218e-05 0.000101923 0.00014937 0.000215704 0.000306992 0.00043067 0.000595646 0.000812351 0.0010927 0.00144996 0.00189848 0.00245331 0.00312971 0.00394242 0.00490501 0.00602893 0.00732275 0.00879118 0.0104344 0.0122472 0.0142187 0.0163321 0.0185645 0.0208873 0.0232672 0.0256665 0.0280447 0.0303594 0.0325681 0.0346292 0.0365035 0.0381551 0.0395524 0.0406689 0.0414834 0.0419807 0.0421515 0.0419928 0.0415076 0.040705 0.0396001 0.0382141 0.0365734 0.0347096 0.0326586 0.0304594 0.0281536 0.0257835 0.0233914 0.0210175 0.0186992 0.0164698 0.0143576 0.0123854 0.0105702 0.00892269 0.00744831 0.00614711 0.0050146 0.00404257 0.00321985 0.00253323 0.00196825 0.00150994 0.00114347 0.000854646 0.000630325 0.000458651 0.000329206 0.000233053 0.000162699 0.000111996 7.60077e-05 5.08525e-05 3.35374e-05 2.18012e-05 1.39683e-05 8.82059e-06 5.4896e-06 3.36734e-06 2.03613e-06 1.21437e-06 7.15771e-07 4.1967e-07 2.49953e-07 1.60773e-07 
1.9381e-07 2.12797e-07 3.07765e-07 5.07506e-07 8.69274e-07 1.49118e-06 2.53171e-06 4.23866e-06 6.99052e-06 1.13534e-05 1.81574e-05 2.85958e-05 4.43505e-05 6.77445e-05 0.000101923 0.000151057 0.000220564 0.000317333 0.000449935 0.000628803 0.000866343 0.00117696 0.00157698 0.00208439 0.00271845 0.00349914 0.00444639 0.0055792 0.0069146 0.00846656 0.0102449 0.012254 0.0144922 0.0169506 0.0196131 0.0224554 0.025446 0.0285462 0.0317111 0.0348912 0.0380334 0.041083 0.0439851 0.0466867 0.049138 0.0512939 0.0531147 0.0545673 0.0556255 0.0562704 0.0564905 0.0562822 0.0556491 0.0546026 0.0531616 0.0513522 0.0492076 0.0467674 0.0440768 0.0411856 0.0381466 0.0350146 0.0318439 0.0286874 0.0255943 0.0226093 0.0197706 0.0171097 0.0146505 0.0124093 0.0103951 0.00860967 0.00704888 0.00570328 0.0045593 0.00360029 0.00280765 0.00216182 0.00164312 0.00123256 0.000912324 0.000666212 0.000479872 0.000340894 0.0002388 0.000164936 0.000112308 7.5385e-05 4.98766e-05 3.25251e-05 2.09039e-05 1.32406e-05 8.26518e-06 5.08484e-06 3.0836e-06 1.8444e-06 1.09029e-06 6.41219e-07 3.83246e-07 2.47557e-07 
2.95622e-07 3.2512e-07 4.6951e-07 7.71985e-07 1.31806e-06 2.25376e-06 3.814e-06 6.36462e-06 1.04619e-05 1.69342e-05 2.69902e-05 4.23592e-05 6.54656e-05 9.96409e-05 0.00014937 0.000220564 0.000320857 0.00045989 0.000649579 0.000904318 0.00124109 0.00167946 0.00224138 0.00295079 0.00383307 0.00491416 0.00621959 0.00777319 0.00959578 0.0117038 0.0141076 0.0168108 0.0198081 0.0230856 0.0266194 0.0303759 0.0343122 0.0383767 0.0425108 0.0466501 0.0507266 0.0546709 0.058414 0.0618896 0.065036 0.0677976 0.0701258 0.0719802 0.0733291 0.0741498 0.0744283 0.0741603 0.0733502 0.0720117 0.0701678 0.0678503 0.0650995 0.0619642 0.0585001 0.0547689 0.0508368 0.0467724 0.0426451 0.0385224 0.0344683 0.0305409 0.0267913 0.0232622 0.0199868 0.0169888 0.0142823 0.0118725 0.00975621 0.00792331 0.00635783 0.00503943 0.00394475 0.00304875 0.0023259 0.00175119 0.00130096 0.000953452 0.00068923 0.000491349 0.000345394 0.000239377 0.000163548 0.000110143 7.31115e-05 4.783e-05 3.08374e-05 1.9593e-05 1.22678e-05 7.56994e-06 4.60418e-06 2.76196e-06 1.63751e-06 9.66053e-07 5.79444e-07 3.75883e-07 
4.44646e-07 4.89758e-07 7.06139e-07 1.15763e-06 1.97012e-06 3.35774e-06 5.66362e-06 9.41991e-06 1.54322e-05 2.48943e-05 3.95403e-05 6.18381e-05 9.523e-05 0.00014442 0.000215704 0.000317333 0.00045989 0.000656657 0.000923927 0.00128124 0.00175145 0.00236066 0.00313786 0.00411436 0.00532291 0.00679654 0.00856715 0.0106639 0.0131115 0.0159283 0.0191247 0.0227014 0.0266486 0.0309443 0.0355547 0.040434 0.0455249 0.0507602 0.0560644 0.0613558 0.066549 0.0715576 0.0762968 0.0806856 0.0846493 0.0881206 0.0910419 0.0933649 0.0950522 0.0960769 0.0964229 0.0960848 0.0950681 0.0933889 0.0910742 0.0881618 0.0846998 0.0807464 0.0763687 0.0716418 0.0666465 0.0614674 0.0561907 0.0509012 0.04568 0.0406021 0.035734 0.0311325 0.0268429 0.0228987 0.0193216 0.0161216 0.0132981 0.010841 0.00873246 0.00694824 0.00545978 0.00423578 0.00324376 0.00245146 0.00182798 0.00134463 0.000975544 0.000697958 0.000492366 0.000342425 0.000234754 0.000158631 0.000105646 6.93397e-05 4.48485e-05 2.85848e-05 1.79532e-05 1.11118e-05 6.77861e-06 4.07842e-06 2.42525e-06 1.43529e-06 8.63976e-07 5.62844e-07 
6.59555e-07 7.27483e-07 1.04713e-06 1.7115e-06 2.90321e-06 4.93175e-06 8.29107e-06 1.37439e-05 2.24398e-05 3.60742e-05 5.70976e-05 8.898e-05 0.000136535 0.000206305 0.000306992 0.000449935 0.000649579 0.000923927 0.0012949 0.00178859 0.00243523 0.00326906 0.00432769 0.00565127 0.00728125 0.00925877 0.0116228 0.014408 0.0176427 0.0213462 0.0255275 0.0301829 0.0352947 0.0408309 0.0467444 0.0529738 0.0594444 0.0660701 0.0727556 0.0793993 0.0858962 0.0921411 0.0980318 0.103472 0.108372 0.112655 0.116251 0.119107 0.121178 0.122433 0.122855 0.122437 0.121186 0.119119 0.116269 0.112678 0.108402 0.10351 0.0980797 0.0922008 0.0859697 0.0794884 0.0728619 0.0661945 0.0595871 0.0531343 0.0469213 0.0410221 0.0354973 0.0303933 0.0257421 0.021561 0.0178537 0.0146116 0.0118157 0.00943829 0.00744538 0.0057987 0.00445778 0.00338184 0.00253129 0.00186895 0.00136095 0.000977248 0.000691863 0.00048287 0.00033219 0.000225239 0.000150511 9.91123e-05 6.43132e-05 4.11216e-05 2.59079e-05 1.60845e-05 9.84187e-06 5.93923e-06 3.54248e-06 2.10315e-06 1.27056e-06 8.31235e-07 
9.64918e-07 1.06565e-06 1.53117e-06 2.49503e-06 4.21839e-06 7.14213e-06 1.19671e-05 1.97708e-05 3.21697e-05 5.15368e-05 8.12843e-05 0.000126219 0.000192973 0.000290506 0.00043067 0.000628803 0.000904318 0.00128124 0.00178859 0.00246061 0.00333669 0.0044609 0.0058812 0.00764811 0.00981302 0.0124261 0.0155336 0.0191758 0.0233834 0.0281756 0.0335578 0.0395189 0.0460309 0.0530478 0.0605058 0.0683243 0.0764078 0.084648 0.0929271 0.101121 0.109104 0.11675 0.123938 0.130558 0.136505 0.141689 0.146035 0.149479 0.151974 0.153483 0.153989 0.153482 0.151971 0.149476 0.146032 0.141688 0.136506 0.130563 0.123952 0.116773 0.109141 0.101175 0.0929996 0.0847418 0.0765242 0.0684637 0.0606675 0.0532301 0.0462312 0.0397336 0.0337826 0.0284061 0.0236146 0.0194032 0.0157529 0.0126334 0.0100055 0.00782336 0.00603784 0.00459834 0.00345506 0.0025607 0.00187167 0.00134894 0.000958485 0.00067135 0.000463482 0.00031535 0.000211443 0.000139702 9.09494e-05 5.83402e-05 3.68725e-05 2.29628e-05 1.40936e-05 8.53075e-06 5.10374e-06 3.03979e-06 1.84307e-06 1.21089e-06 
1.39244e-06 1.53957e-06 2.20807e-06 3.58696e-06 6.04443e-06 1.01997e-05 1.7033e-05 2.80448e-05 4.54759e-05 7.25993e-05 0.000114098 0.000176533 0.000268908 0.000403314 0.000595646 0.000866343 0.00124109 0.00175145 0.00243523 0.00333669 0.0045062 0.0059996 0.00787689 0.0102004 0.0130327 0.0164333 0.020456 0.0251455 0.0305339 0.0366379 0.0434562 0.0509674 0.059129 0.0678773 0.0771276 0.0867764 0.0967038 0.106776 0.116851 0.12678 0.136414 0.145607 0.154221 0.162128 0.169213 0.175374 0.180527 0.184604 0.187552 0.189334 0.189927 0.189326 0.187537 0.184582 0.180499 0.175341 0.169178 0.162093 0.15419 0.145583 0.136401 0.126784 0.116875 0.106824 0.0967784 0.0868793 0.0772591 0.0680365 0.0593138 0.0511743 0.043681 0.0368754 0.0307786 0.0253918 0.0206985 0.0166669 0.0132531 0.0104043 0.00806169 0.00616388 0.00464942 0.00345916 0.00253797 0.00183601 0.00130938 0.000920453 0.000637723 0.000435424 0.000292958 0.000194214 0.000126858 8.16389e-05 5.17627e-05 3.2337e-05 1.99082e-05 1.20871e-05 7.25368e-06 4.33425e-06 2.63747e-06 1.74011e-06 
1.98223e-06 2.19395e-06 3.14061e-06 5.08604e-06 8.54204e-06 1.43661e-05 2.391e-05 3.92341e-05 6.34002e-05 0.000100859 0.000157946 0.000243487 0.000369528 0.000552148 0.000812351 0.00117696 0.00167946 0.00236066 0.00326906 0.0044609 0.0059996 0.00795463 0.0103997 0.0134104 0.0170609 0.0214205 0.0265498 0.0324965 0.0392917 0.0469466 0.0554498 0.0647651 0.0748313 0.0855623 0.0968485 0.108559 0.120547 0.13265 0.144699 0.156521 0.167944 0.178802 0.188939 0.198213 0.206497 0.213684 0.219682 0.224418 0.227837 0.2299 0.230586 0.229886 0.227807 0.224374 0.219625 0.213616 0.20642 0.19813 0.188854 0.17872 0.167871 0.156463 0.144661 0.132637 0.120564 0.108609 0.0969331 0.0856821 0.074985 0.0649498 0.0556614 0.0471799 0.0395405 0.0327542 0.0268099 0.0216767 0.0173073 0.0136423 0.0106133 0.0081472 0.00616971 0.00460814 0.00339398 0.00246455 0.00176419 0.00124472 0.000865497 0.000593036 0.000400389 0.000266341 0.000174552 0.000112701 7.16877e-05 4.49257e-05 2.77443e-05 1.68964e-05 1.01712e-05 6.09725e-06 3.7238e-06 2.46711e-06 
2.78399e-06 3.08422e-06 4.4064e-06 7.11366e-06 1.19076e-05 1.99593e-05 3.31074e-05 5.41411e-05 8.71863e-05 0.000138211 0.000215662 0.000331251 0.000500857 0.000745557 0.0010927 0.00157698 0.00224138 0.00313786 0.00432769 0.0058812 0.00787689 0.0103997 0.0135387 0.0173834 0.0220201 0.0275274 0.0339712 0.0414 0.0498407 0.0592952 0.0697371 0.081111 0.0933318 0.106286 0.119835 0.133817 0.148053 0.162354 0.17652 0.190354 0.203661 0.216259 0.227975 0.238657 0.24817 0.256399 0.263251 0.268651 0.272543 0.274889 0.275666 0.274867 0.272499 0.268585 0.263164 0.256293 0.248047 0.238522 0.227832 0.216113 0.203519 0.190222 0.176407 0.162266 0.147997 0.133797 0.119855 0.106349 0.093437 0.0812569 0.0699202 0.0595102 0.0500814 0.0416591 0.034241 0.0278002 0.0222886 0.0176411 0.0137803 0.0106211 0.00807522 0.00605514 0.00447704 0.00326347 0.00234487 0.00166054 0.00115883 0.000796867 0.000539891 0.000360374 0.000236974 0.00015351 9.79614e-05 6.15859e-05 3.81514e-05 2.3306e-05 1.4073e-05 8.46365e-06 5.18784e-06 3.4513e-06 
3.85799e-06 4.27757e-06 6.09916e-06 9.81569e-06 1.63759e-05 2.73573e-05 4.52262e-05 7.37077e-05 0.000118285 0.000186848 0.00029051 0.000444582 0.000669715 0.000993139 0.00144996 0.00208439 0.00295079 0.00411436 0.00565127 0.00764811 0.0102004 0.0134104 0.0173834 0.0222236 0.0280292 0.0348864 0.0428644 0.0520093 0.0623398 0.0738432 0.0864734 0.10015 0.114758 0.130152 0.14616 0.162587 0.17922 0.195837 0.212214 0.228128 0.243365 0.257727 0.27103 0.283114 0.29384 0.303092 0.310777 0.316821 0.32117 0.323788 0.324654 0.323759 0.321112 0.316733 0.310661 0.302949 0.293672 0.282925 0.270825 0.257512 0.243148 0.227916 0.212017 0.195663 0.179077 0.162483 0.146101 0.130141 0.114797 0.100239 0.0866107 0.074024 0.0625579 0.0522572 0.0431334 0.0351676 0.0283136 0.0225031 0.0176507 0.0136597 0.0104274 0.00785002 0.00582689 0.00426381 0.00307527 0.00218591 0.00153106 0.00105661 0.000718395 0.000481181 0.000317486 0.000206346 0.000132106 8.33154e-05 5.17735e-05 3.17249e-05 1.9216e-05 1.15942e-05 7.13243e-06 4.76439e-06 
5.27568e-06 5.85372e-06 8.3296e-06 1.33635e-05 2.2221e-05 3.69985e-05 6.09602e-05 9.90132e-05 0.000158346 0.000249251 0.000386144 0.000588777 0.000883626 0.00130538 0.00189848 0.00271845 0.00383307 0.00532291 0.00728125 0.00981302 0.0130327 0.0170609 0.0220201 0.0280292 0.0351967 0.0436149 0.0533526 0.0644494 0.0769105 0.0907034 0.105756 0.121956 0.139155 0.15717 0.175791 0.194786 0.213908 0.232906 0.251527 0.269529 0.28668 0.302771 0.317613 0.331042 0.342921 0.353136 0.361599 0.36824 0.373011 0.37588 0.376826 0.375844 0.37294 0.368133 0.361456 0.352959 0.342711 0.330803 0.31735 0.302489 0.286388 0.269235 0.251242 0.232639 0.21367 0.194586 0.175637 0.157069 0.139111 0.121971 0.10583 0.0908328 0.07709 0.0646715 0.0536082 0.043894 0.035489 0.0283245 0.0223093 0.017336 0.0132876 0.0100433 0.00748437 0.00549795 0.00398053 0.00283999 0.00199651 0.0013828 0.0009435 0.000634145 0.000419831 0.00027377 0.00017584 0.00011125 6.93474e-05 4.26241e-05 2.58976e-05 1.5676e-05 9.67811e-06 6.49093e-06 
7.1197e-06 7.90485e-06 1.12253e-05 1.79532e-05 2.97548e-05 4.93791e-05 8.10886e-05 0.000131263 0.0002092 0.000328147 0.000506554 0.000769559 0.00115065 0.00169342 0.00245331 0.00349914 0.00491416 0.00679654 0.00925877 0.0124261 0.0164333 0.0214205 0.0275274 0.0348864 0.0436149 0.0538075 0.0655289 0.0788066 0.0936266 0.10993 0.127612 0.146523 0.166474 0.187242 0.208575 0.230202 0.251844 0.273218 0.29405 0.314078 0.333062 0.350786 0.367061 0.381725 0.394649 0.405727 0.414878 0.422044 0.427184 0.430269 0.431286 0.430229 0.427103 0.421923 0.414716 0.405523 0.394406 0.381445 0.366746 0.350444 0.332701 0.313706 0.293677 0.272857 0.251505 0.229898 0.208316 0.187038 0.166332 0.146447 0.127604 0.10999 0.0937503 0.078987 0.0657568 0.0540723 0.0439048 0.0351897 0.0278327 0.0217178 0.0167141 0.0126842 0.00948987 0.00699837 0.00508627 0.00364255 0.00257015 0.00178655 0.0012233 0.000825052 0.00054807 0.000358577 0.000231056 0.000146646 9.1695e-05 5.65322e-05 3.44533e-05 2.09217e-05 1.29626e-05 8.72823e-06 
9.48314e-06 1.05348e-05 1.49292e-05 2.38037e-05 3.93229e-05 6.50447e-05 0.000106463 0.000171762 0.000272816 0.000426446 0.00065596 0.000992925 0.00147913 0.00216864 0.00312971 0.00444639 0.00621959 0.00856715 0.0116228 0.0155336 0.020456 0.0265498 0.0339712 0.0428644 0.0533526 0.0655289 0.0794481 0.09512 0.112504 0.131509 0.151989 0.173753 0.196566 0.220159 0.244238 0.268494 0.292614 0.316289 0.339226 0.361152 0.381822 0.40102 0.418564 0.434304 0.44812 0.459922 0.469644 0.477238 0.482674 0.485934 0.487008 0.485892 0.482589 0.477108 0.469469 0.459702 0.447854 0.433993 0.418212 0.400631 0.381402 0.360711 0.338774 0.315838 0.292177 0.268085 0.24387 0.219844 0.196314 0.173573 0.151885 0.131483 0.112555 0.0952422 0.079633 0.0657656 0.0536284 0.043166 0.0342853 0.026864 0.0207595 0.0158179 0.0118815 0.00879632 0.00641752 0.00461322 0.00326706 0.00227918 0.00156613 0.00105992 0.000706466 0.000463731 0.000299775 0.000190858 0.000119707 7.40258e-05 4.52518e-05 2.75663e-05 1.71394e-05 1.15853e-05 
1.24678e-05 1.38572e-05 1.95971e-05 3.11515e-05 5.12963e-05 8.45772e-05 0.000137984 0.000221884 0.000351241 0.000547148 0.000838666 0.00126493 0.00187742 0.00274227 0.00394242 0.0055792 0.00777319 0.0106639 0.014408 0.0191758 0.0251455 0.0324965 0.0414 0.0520093 0.0644494 0.0788066 0.09512 0.113374 0.133496 0.155352 0.178753 0.203456 0.229179 0.255604 0.282394 0.309202 0.335686 0.361514 0.386381 0.410009 0.432155 0.452612 0.471212 0.487821 0.502339 0.514696 0.524841 0.532747 0.538396 0.54178 0.542894 0.541738 0.538311 0.532618 0.524666 0.514471 0.502065 0.487496 0.470837 0.452191 0.431693 0.409514 0.385863 0.360985 0.335159 0.308693 0.281917 0.255175 0.228811 0.203162 0.17854 0.155226 0.133459 0.113422 0.0952462 0.0790006 0.0646982 0.0522983 0.041714 0.0328209 0.025467 0.0194833 0.0146929 0.0109202 0.00799756 0.00577062 0.00410174 0.00287176 0.00198025 0.00134479 0.000899339 0.000592263 0.000384084 0.000245294 0.000154317 9.57142e-05 5.86854e-05 3.58615e-05 2.23738e-05 1.51808e-05 
1.61815e-05 1.7992e-05 2.53927e-05 4.02437e-05 6.60596e-05 0.000108575 0.000176571 0.000283013 0.000446524 0.000693221 0.00105888 0.00159141 0.00235341 0.0034248 0.00490501 0.0069146 0.00959578 0.0131115 0.0176427 0.0233834 0.0305339 0.0392917 0.0498407 0.0623398 0.0769105 0.0936266 0.112504 0.133496 0.156487 0.181297 0.207685 0.235354 0.263968 0.293163 0.322556 0.351768 0.380429 0.408195 0.434752 0.459826 0.483184 0.504637 0.524038 0.541276 0.556276 0.568993 0.5794 0.587487 0.593254 0.596705 0.597841 0.596666 0.593176 0.587366 0.579234 0.568778 0.556009 0.540954 0.52366 0.504206 0.482702 0.459298 0.434187 0.407604 0.379826 0.351168 0.321977 0.292622 0.263483 0.23494 0.207354 0.18106 0.156348 0.133455 0.112557 0.0937634 0.0771188 0.0626043 0.0501448 0.0396185 0.0308676 0.0237102 0.0179514 0.0133939 0.00984658 0.00713128 0.0050874 0.00357455 0.00247345 0.00168543 0.00113088 0.000747148 0.00048605 0.000311366 0.00019647 0.000122218 7.51569e-05 4.60679e-05 2.88387e-05 1.96395e-05 
2.07335e-05 2.30612e-05 3.24813e-05 5.13277e-05 8.39944e-05 0.000137626 0.000223117 0.000356482 0.000560615 0.00086745 0.0013205 0.00197767 0.00291417 0.00422534 0.00602893 0.00846656 0.0117038 0.0159283 0.0213462 0.0281756 0.0366379 0.0469466 0.0592952 0.0738432 0.0907034 0.10993 0.131509 0.155352 0.181297 0.20911 0.23849 0.269086 0.300507 0.332338 0.364158 0.395558 0.426148 0.455575 0.483528 0.509744 0.53401 0.556161 0.576077 0.593681 0.608927 0.621796 0.632291 0.640423 0.646209 0.649667 0.650808 0.649635 0.646143 0.640319 0.632145 0.621604 0.608683 0.593382 0.575719 0.555741 0.53353 0.509207 0.482939 0.454944 0.425488 0.394885 0.363491 0.331695 0.299909 0.268553 0.238038 0.208754 0.181046 0.15521 0.131474 0.109995 0.0908578 0.074071 0.0595785 0.0472668 0.0369768 0.0285167 0.0216755 0.0162349 0.0119803 0.00870863 0.0062351 0.0043964 0.0030526 0.00208703 0.00140492 0.000931147 0.000607622 0.000390417 0.000247074 0.000154141 9.50618e-05 5.84439e-05 3.67068e-05 2.50872e-05 
2.62297e-05 2.91828e-05 4.10217e-05 6.46384e-05 0.000105459 0.000172275 0.000278441 0.000443497 0.000695244 0.00107227 0.00162684 0.00242813 0.00356541 0.00515103 0.00732275 0.0102449 0.0141076 0.0191247 0.0255275 0.0335578 0.0434562 0.0554498 0.0697371 0.0864734 0.105756 0.127612 0.151989 0.178753 0.207685 0.23849 0.270809 0.304229 0.338304 0.372575 0.406584 0.439896 0.472112 0.502878 0.531893 0.558915 0.583757 0.606288 0.626423 0.644119 0.659367 0.67218 0.682589 0.690629 0.696338 0.699745 0.700871 0.699721 0.696288 0.690549 0.682474 0.672024 0.659163 0.64386 0.626103 0.605902 0.583303 0.558393 0.531306 0.502233 0.471421 0.439173 0.405846 0.371844 0.337604 0.303582 0.270237 0.238012 0.207315 0.1785 0.151855 0.127594 0.105844 0.0866522 0.0699887 0.0557539 0.0437925 0.0339071 0.025873 0.0194528 0.0144084 0.0105119 0.00755295 0.0053441 0.00372317 0.00255388 0.00172468 0.00114664 0.000750507 0.000483645 0.000306952 0.000192037 0.000118767 7.32316e-05 4.61421e-05 3.16447e-05 
3.27658e-05 3.6463e-05 5.11557e-05 8.03832e-05 0.000130765 0.00021299 0.000343229 0.000545044 0.000851798 0.00130956 0.0019804 0.00294597 0.00431097 0.00620629 0.00879118 0.012254 0.0168108 0.0227014 0.0301829 0.0395189 0.0509674 0.0647651 0.081111 0.10015 0.121956 0.146523 0.173753 0.203456 0.235354 0.269086 0.304229 0.340309 0.37683 0.413287 0.449195 0.4841 0.5176 0.54935 0.579069 0.606543 0.631622 0.654211 0.674268 0.69179 0.706804 0.719361 0.729518 0.737338 0.742877 0.746179 0.747272 0.746166 0.742848 0.737289 0.729442 0.719251 0.706653 0.691587 0.674005 0.653881 0.631218 0.606062 0.578511 0.548718 0.516902 0.48335 0.448409 0.412489 0.376043 0.33956 0.303544 0.268489 0.234864 0.203087 0.173513 0.146411 0.121966 0.100268 0.0813199 0.0650434 0.0512928 0.0398698 0.0305396 0.0230476 0.0171337 0.0125449 0.00904518 0.0064217 0.00448874 0.00308892 0.00209253 0.00139543 0.000916041 0.000592012 0.000376778 0.000236368 0.000146584 9.06412e-05 5.7289e-05 3.94202e-05 
4.04197e-05 4.49887e-05 6.29971e-05 9.87247e-05 0.000160151 0.000260116 0.000417974 0.000661803 0.00103118 0.00158047 0.00238256 0.00353271 0.00515236 0.00739224 0.0104344 0.0144922 0.0198081 0.0266486 0.0352947 0.0460309 0.059129 0.0748313 0.0933318 0.114758 0.139155 0.166474 0.196566 0.229179 0.263968 0.300507 0.338304 0.37683 0.415536 0.453883 0.491361 0.527509 0.561929 0.594295 0.624354 0.651929 0.67691 0.699249 0.718947 0.736045 0.750611 0.762728 0.772487 0.779973 0.785261 0.78841 0.789455 0.788408 0.785255 0.779957 0.772455 0.762673 0.750522 0.735911 0.718757 0.698992 0.676577 0.651512 0.623849 0.593702 0.561252 0.526759 0.490553 0.453039 0.414682 0.375994 0.337517 0.299796 0.26336 0.228692 0.196214 0.166261 0.139078 0.114806 0.0934879 0.0750742 0.0594352 0.0463764 0.0356572 0.0270087 0.0201505 0.0148054 0.0107115 0.00762992 0.00535048 0.00369346 0.00250968 0.00167855 0.00110506 0.000716153 0.00045702 0.000287468 0.000178747 0.000110833 7.02608e-05 4.85004e-05 
4.92442e-05 5.4818e-05 7.66199e-05 0.000119763 0.000193754 0.000313838 0.000502911 0.000794053 0.00123368 0.00188524 0.00283333 0.00418792 0.00608828 0.00870612 0.0122472 0.0169506 0.0230856 0.0309443 0.0408309 0.0530478 0.0678773 0.0855623 0.106286 0.130152 0.15717 0.187242 0.220159 0.255604 0.293163 0.332338 0.372575 0.413287 0.453883 0.493792 0.53249 0.569517 0.604489 0.637105 0.667151 0.694492 0.719065 0.740872 0.75996 0.776415 0.790345 0.801868 0.811103 0.81816 0.823131 0.826087 0.827071 0.826097 0.823149 0.81818 0.811119 0.801871 0.790324 0.776358 0.759853 0.740702 0.718819 0.694158 0.666721 0.636575 0.603859 0.568794 0.531686 0.492928 0.452984 0.412384 0.371701 0.331525 0.292442 0.255002 0.219693 0.186923 0.156999 0.130122 0.10638 0.085761 0.0681559 0.0533807 0.0411933 0.0313139 0.0234441 0.0172841 0.0125462 0.00896561 0.0063068 0.00436683 0.00297597 0.0019961 0.00131775 0.000856282 0.000547871 0.000345495 0.000215376 0.000133899 8.51274e-05 5.8942e-05 
5.92583e-05 6.59719e-05 9.20462e-05 0.00014352 0.000231586 0.00037414 0.000597962 0.000941589 0.00145885 0.002223 0.00333117 0.00490892 0.00711432 0.0101409 0.0142187 0.0196131 0.0266194 0.0355547 0.0467444 0.0605058 0.0771276 0.0968485 0.119835 0.14616 0.175791 0.208575 0.244238 0.282394 0.322556 0.364158 0.406584 0.449195 0.491361 0.53249 0.572053 0.609597 0.644763 0.677284 0.706989 0.733793 0.757685 0.778715 0.796982 0.812613 0.825755 0.836561 0.845177 0.851732 0.856336 0.859069 0.859982 0.859091 0.856377 0.851787 0.84524 0.836623 0.825804 0.812635 0.796963 0.77864 0.757537 0.733558 0.706653 0.676837 0.644202 0.608924 0.571278 0.531631 0.490441 0.448246 0.405641 0.363258 0.321734 0.281682 0.243661 0.208148 0.175522 0.146044 0.11986 0.0969949 0.077371 0.0608191 0.0471007 0.035929 0.0269905 0.0199642 0.014538 0.0104213 0.00735295 0.00510608 0.00348963 0.00234706 0.00155355 0.00101211 0.000649198 0.000410398 0.000256462 0.000159846 0.000101903 7.07621e-05 
7.04406e-05 7.84258e-05 0.000109236 0.00016992 0.000273508 0.000440772 0.000702686 0.00110365 0.00170544 0.00259168 0.00387278 0.0056906 0.00822268 0.0116849 0.0163321 0.0224554 0.0303759 0.040434 0.0529738 0.0683243 0.0867764 0.108559 0.133817 0.162587 0.194786 0.230202 0.268494 0.309202 0.351768 0.395558 0.439896 0.4841 0.527509 0.569517 0.609597 0.647316 0.682344 0.714458 0.743536 0.769544 0.792525 0.812582 0.829859 0.844528 0.856773 0.866775 0.874703 0.880708 0.884912 0.887404 0.888239 0.887436 0.884974 0.880797 0.874811 0.866893 0.85689 0.84463 0.82993 0.812604 0.792481 0.769414 0.743304 0.71411 0.681871 0.646715 0.608874 0.568686 0.526592 0.483127 0.438904 0.394586 0.350857 0.30839 0.26781 0.229669 0.194416 0.162381 0.133767 0.108647 0.0869778 0.0686116 0.0533183 0.0408082 0.0307558 0.0228214 0.0166699 0.0119852 0.00848083 0.00590583 0.00404715 0.00272919 0.00181108 0.0011828 0.000760492 0.00048188 0.000301835 0.00018858 0.000120536 8.3931e-05 
8.27233e-05 9.21035e-05 0.000128079 0.000198784 0.000319219 0.000513227 0.000816246 0.00127889 0.00197128 0.00298795 0.00445304 0.00652529 0.00940211 0.013322 0.0185645 0.025446 0.0343122 0.0455249 0.0594444 0.0764078 0.0967038 0.120547 0.148053 0.17922 0.213908 0.251844 0.292614 0.335686 0.380429 0.426148 0.472112 0.5176 0.561929 0.604489 0.644763 0.682344 0.716942 0.748381 0.776592 0.801595 0.823489 0.842426 0.858597 0.872212 0.883489 0.892635 0.89984 0.90527 0.909057 0.911298 0.912052 0.911339 0.909138 0.905387 0.899987 0.892803 0.883668 0.872388 0.858753 0.842545 0.823549 0.801576 0.776472 0.748143 0.716571 0.681832 0.644111 0.603707 0.561036 0.516625 0.471091 0.425123 0.379445 0.334783 0.291831 0.251209 0.213439 0.178923 0.147924 0.120571 0.0968575 0.0766634 0.0597718 0.0458943 0.034697 0.0258239 0.0189185 0.0136407 0.00967893 0.00675816 0.00464321 0.00313896 0.00208804 0.00136686 0.000880837 0.000559375 0.000351152 0.000219895 0.0001409 9.83647e-05 
