0.0013724 0.00138874 0.00144306 0.00153608 0.00166878 0.00184252 0.00205899 0.00232018 0.00262837 0.00298603 0.00339583 0.00386051 0.00438287 0.00496566 0.00561152 0.00632291 0.00710199 0.00795059 0.00887007 0.00986129 0.0109245 0.0120592 0.0132644 0.0145379 0.0158771 0.0172782 0.0187366 0.0202468 0.0218024 0.0233962 0.0250199 0.0266646 0.0283207 0.0299778 0.0316253 0.0332517 0.0348455 0.036395 0.0378884 0.039314 0.0406605 0.0419167 0.0430722 0.0441173 0.0450428 0.0458408 0.0465043 0.0470273 0.0474051 0.0476345 0.0477134 0.047641 0.0474181 0.0470467 0.0465301 0.045873 0.0450812 0.0441619 0.0431229 0.0419733 0.0407228 0.0393819 0.0379616 0.0364733 0.0349286 0.0333393 0.0317171 0.0300734 0.0284196 0.0267664 0.0251242 0.0235025 0.0219102 0.0203556 0.0188458 0.0173873 0.0159856 0.0146453 0.01337 0.0121628 0.0110254 0.00995921 0.00896456 0.00804128 0.00718854 0.00640503 0.00568895 0.00503818 0.00445029 0.00392269 0.00345265 0.00303741 0.00267423 0.0023605 0.00209375 0.00187171 0.00169241 0.00155416 0.00145561 0.00139589 
0.00138874 0.00140528 0.00146026 0.00155441 0.00168872 0.00186454 0.00208359 0.0023479 0.00265975 0.00302165 0.00343629 0.00390644 0.00443492 0.00502451 0.00567789 0.00639751 0.00718557 0.00804389 0.00897387 0.00997634 0.0110515 0.012199 0.0134176 0.0147054 0.0160593 0.0174758 0.0189501 0.0204768 0.0220492 0.02366 0.025301 0.0269632 0.0286368 0.0303113 0.031976 0.0336193 0.0352295 0.036795 0.0383037 0.0397438 0.0411039 0.0423729 0.04354 0.0445956 0.0455304 0.0463363 0.0470064 0.0475345 0.0479161 0.0481478 0.0482274 0.0481542 0.047929 0.0475538 0.047032 0.0463683 0.0455686 0.0446399 0.0435904 0.0424291 0.041166 0.0398114 0.0383766 0.036873 0.0353124 0.0337066 0.0320675 0.0304067 0.0287355 0.0270649 0.0254052 0.0237662 0.0221569 0.0205855 0.0190593 0.0175849 0.0161679 0.0148128 0.0135235 0.0123028 0.0111527 0.0100745 0.00906862 0.00813486 0.00727241 0.00647992 0.00575561 0.00509733 0.00450264 0.0039689 0.00349338 0.00307329 0.00270586 0.00238844 0.00211855 0.00189389 0.00171248 0.0015726 0.00147289 0.00141248 
0.00144306 0.00146026 0.00151733 0.00161501 0.00175431 0.00193664 0.00216377 0.00243777 0.002761 0.00313604 0.00356564 0.00405267 0.0046 0.0052105 0.00588688 0.00663167 0.00744711 0.00833505 0.00929688 0.0103334 0.0114449 0.0126309 0.01389 0.0152202 0.0166186 0.0180811 0.0196031 0.0211787 0.0228011 0.0244629 0.0261554 0.0278694 0.0295948 0.0313208 0.0330363 0.0347295 0.0363885 0.0380009 0.0395547 0.0410376 0.0424379 0.0437442 0.0449456 0.0460319 0.0469939 0.0478232 0.0485126 0.049056 0.0494485 0.0496867 0.0497684 0.049693 0.0494611 0.0490749 0.0485378 0.0478546 0.0470314 0.0460755 0.0449951 0.0437996 0.042499 0.0411042 0.0396265 0.0380779 0.0364703 0.0348159 0.0331269 0.0314153 0.0296927 0.0279703 0.026259 0.0245686 0.0229085 0.0212871 0.0197121 0.0181903 0.0167272 0.0153279 0.0139962 0.0127351 0.0115466 0.0104322 0.00939231 0.00842676 0.00753474 0.00671491 0.00596545 0.00528416 0.00466856 0.00411595 0.00362353 0.00318842 0.0028078 0.00247894 0.00219928 0.00196648 0.00177847 0.00163351 0.00153019 0.0014676 
0.00153608 0.00155441 0.00161501 0.00171864 0.00186639 0.00205972 0.00230048 0.00259085 0.00293328 0.00333048 0.00378531 0.00430076 0.00487984 0.0055255 0.00624057 0.00702767 0.00788909 0.00882673 0.00984199 0.0109357 0.012108 0.0133583 0.0146853 0.0160867 0.0175592 0.0190987 0.0207002 0.0223575 0.0240634 0.0258101 0.0275885 0.0293888 0.0312005 0.0330123 0.0348125 0.0365888 0.0383286 0.0400193 0.0416479 0.043202 0.0446692 0.0460375 0.0472957 0.0484333 0.0494404 0.0503085 0.05103 0.0515985 0.0520091 0.0522582 0.0523435 0.0522643 0.0520213 0.0516167 0.0510542 0.0503387 0.0494766 0.0484754 0.0473437 0.0460912 0.0447285 0.0432668 0.041718 0.0400944 0.0384087 0.0366735 0.0349015 0.0331052 0.031297 0.0294885 0.0276909 0.0259149 0.02417 0.0224654 0.0208089 0.0192077 0.0176679 0.0161946 0.014792 0.0134632 0.0122105 0.0110354 0.0099385 0.00891961 0.00797798 0.00711223 0.0063205 0.00560053 0.00494976 0.00436538 0.00384448 0.00338407 0.00298121 0.00263305 0.00233692 0.00209036 0.00189122 0.00173767 0.00162823 0.00156198 
0.00166878 0.00168872 0.00175431 0.00186639 0.0020261 0.00223501 0.00249507 0.0028086 0.0031782 0.00360673 0.00409724 0.00465287 0.00527679 0.00597211 0.00674181 0.0075886 0.00851487 0.00952258 0.0106131 0.0117873 0.0130453 0.0143863 0.0158087 0.01731 0.0188868 0.0205346 0.0222477 0.0240197 0.0258429 0.0277087 0.0296076 0.0315289 0.0334616 0.0353937 0.0373126 0.0392052 0.0410583 0.0428584 0.0445919 0.0462456 0.0478062 0.0492614 0.0505991 0.0518082 0.0528784 0.0538007 0.0545671 0.0551709 0.0556068 0.0558711 0.0559613 0.0558768 0.0556183 0.0551881 0.0545901 0.0538295 0.0529129 0.0518483 0.0506448 0.0493127 0.0478631 0.0463078 0.0446594 0.0429309 0.0411358 0.0392873 0.0373991 0.0354843 0.0335561 0.0316268 0.0297084 0.0278121 0.0259484 0.0241268 0.0223559 0.0206433 0.0189956 0.0174183 0.0159159 0.0144919 0.0131488 0.0118883 0.0107111 0.00961703 0.00860545 0.00767493 0.00682356 0.006049 0.00534856 0.00471931 0.00415817 0.003662 0.00322769 0.00285223 0.00253278 0.00226675 0.00205185 0.00188613 0.00176805 0.00169659 
0.00184252 0.00186454 0.00193664 0.00205972 0.00223501 0.00246419 0.00274937 0.00309302 0.00349795 0.00396723 0.0045041 0.00511192 0.00579408 0.00655387 0.00739444 0.00831867 0.00932903 0.0104276 0.0116157 0.0128941 0.0142629 0.0157212 0.017267 0.0188977 0.0206093 0.0223968 0.0242542 0.0261743 0.0281488 0.0301683 0.0322224 0.0342999 0.0363885 0.0384754 0.0405471 0.0425896 0.0445885 0.0465294 0.0483978 0.0501795 0.0518604 0.0534272 0.054867 0.0561681 0.0573195 0.0583114 0.0591354 0.0597845 0.0602529 0.0605367 0.0606333 0.060542 0.0602636 0.0598005 0.0591568 0.0583381 0.0573516 0.0562056 0.0549099 0.0534754 0.0519139 0.0502383 0.0484618 0.0465984 0.0446625 0.0426683 0.0406304 0.038563 0.0364801 0.0343951 0.0323209 0.0302697 0.0282526 0.0262801 0.0243615 0.022505 0.0207179 0.0190061 0.0173747 0.0158276 0.0143676 0.0129965 0.0117153 0.0105239 0.00942165 0.00840716 0.00747845 0.00663306 0.00586815 0.00518063 0.00456722 0.00402458 0.0035494 0.00313843 0.00278867 0.00249731 0.00226191 0.00208038 0.00195104 0.00187282 
0.00205899 0.00208359 0.00216377 0.00230048 0.00249507 0.00274937 0.00306565 0.0034466 0.00389527 0.00441496 0.00500919 0.00568155 0.00643569 0.00727515 0.00820326 0.00922308 0.0103372 0.0115478 0.0128562 0.0142631 0.0157684 0.0173711 0.0190689 0.0208586 0.022736 0.0246953 0.02673 0.028832 0.0309921 0.0332002 0.0354449 0.0377137 0.0399935 0.0422701 0.044529 0.0467549 0.0489323 0.0510455 0.053079 0.0550172 0.0568451 0.0585483 0.060113 0.0615265 0.0627769 0.0638539 0.0647483 0.0654526 0.0659608 0.0662683 0.0663728 0.0662731 0.0659703 0.0654671 0.0647676 0.0638781 0.062806 0.0615606 0.0601522 0.0585926 0.0568945 0.0550716 0.0531385 0.0511101 0.0490018 0.0468292 0.044608 0.0423537 0.0400813 0.0378055 0.0355403 0.0332989 0.0310937 0.0289359 0.0268358 0.0248026 0.0228441 0.020967 0.019177 0.0174784 0.0158743 0.0143671 0.0129576 0.0116462 0.0104322 0.00931406 0.00828987 0.00735701 0.00651245 0.00575292 0.0050749 0.00447479 0.00394903 0.00349415 0.00310685 0.00278414 0.00252335 0.00232222 0.00217895 0.00209235 
0.00232018 0.0023479 0.00243777 0.00259085 0.0028086 0.00309302 0.0034466 0.00387229 0.00437338 0.00495347 0.00561638 0.00636602 0.0072063 0.00814104 0.00917383 0.0103079 0.011546 0.0128903 0.0143422 0.0159024 0.0175706 0.0193453 0.021224 0.0232032 0.0252777 0.0274414 0.0296868 0.0320049 0.0343856 0.0368176 0.0392883 0.0417841 0.0442904 0.0467919 0.0492725 0.0517156 0.0541043 0.0564214 0.0586501 0.0607735 0.0627752 0.0646396 0.0663518 0.067898 0.0692654 0.0704429 0.0714205 0.07219 0.0727449 0.0730806 0.0731942 0.0730848 0.0727532 0.0722025 0.0714372 0.070464 0.069291 0.067928 0.0663865 0.064679 0.0628194 0.0608225 0.0587041 0.0564804 0.0541682 0.0517845 0.0493463 0.0468704 0.0443735 0.0418715 0.0393797 0.0369127 0.0344841 0.0321063 0.0297906 0.0275472 0.0253849 0.0233112 0.0213323 0.0194532 0.0176776 0.0160079 0.0144456 0.0129909 0.0116434 0.0104016 0.00926332 0.00822588 0.00728608 0.00644038 0.00568502 0.00501611 0.00442978 0.00392226 0.00348998 0.00312969 0.00283846 0.00261384 0.00245385 0.00235722 
0.00262837 0.00265975 0.002761 0.00293328 0.0031782 0.00349795 0.00389527 0.00437338 0.00493588 0.00558672 0.00633003 0.00717009 0.00811113 0.00915727 0.0103124 0.0115798 0.0129626 0.014463 0.0160823 0.0178211 0.0196789 0.0216539 0.0237432 0.0259426 0.0282463 0.0306475 0.0331374 0.0357063 0.0383429 0.0410344 0.043767 0.0465256 0.0492943 0.0520559 0.0547929 0.0574871 0.0601198 0.0626725 0.0651266 0.0674636 0.0696659 0.0717163 0.0735986 0.0752978 0.0768001 0.0780933 0.0791666 0.0800113 0.0806202 0.0809883 0.0811124 0.0809916 0.0806269 0.0800215 0.0791804 0.0781107 0.0768213 0.0753229 0.0736278 0.0717498 0.0697039 0.0675063 0.065174 0.0627248 0.0601771 0.0575493 0.0548602 0.0521282 0.0493714 0.0466075 0.0438533 0.041125 0.0384374 0.0358043 0.0332385 0.0307511 0.0283521 0.0260497 0.0238512 0.0217622 0.0197868 0.017928 0.0161875 0.0145659 0.0130627 0.0116764 0.0104049 0.00924529 0.00819417 0.00724772 0.00640188 0.00565244 0.0049952 0.00442604 0.00394107 0.00353673 0.00320983 0.00295767 0.00277809 0.0026697 
0.00298603 0.00302165 0.00313604 0.00333048 0.00360673 0.00396723 0.00441496 0.00495347 0.00558672 0.006319 0.00715486 0.00809892 0.0091558 0.01033 0.0116255 0.0130462 0.014595 0.0162742 0.0180854 0.0200287 0.0221035 0.0243077 0.0266378 0.0290888 0.0316543 0.0343263 0.0370953 0.0399501 0.042878 0.0458651 0.0488957 0.0519533 0.0550201 0.0580773 0.0611055 0.0640846 0.0669943 0.0698141 0.0725236 0.0751028 0.0775322 0.0797931 0.081868 0.0837403 0.0853952 0.0868193 0.088001 0.0889306 0.0896004 0.0900051 0.0901411 0.0900075 0.0896054 0.0889381 0.0880112 0.0868324 0.0854114 0.0837597 0.0818909 0.0798198 0.0775629 0.0751378 0.0725631 0.0698584 0.0670435 0.0641389 0.0611649 0.058142 0.05509 0.0520284 0.0489758 0.0459499 0.0429674 0.0400437 0.0371927 0.034427 0.0317577 0.0291944 0.026745 0.0244159 0.0222119 0.0201367 0.0181922 0.0163793 0.0146975 0.0131456 0.0117212 0.0104213 0.00924227 0.00818001 0.00723012 0.00638804 0.00564917 0.00500904 0.00446339 0.0040083 0.00364029 0.0033564 0.00315425 0.0030323 
0.00339583 0.00343629 0.00356564 0.00378531 0.00409724 0.0045041 0.00500919 0.00561638 0.00633003 0.00715486 0.0080958 0.00915792 0.0103462 0.0116655 0.0131203 0.0147144 0.0164511 0.0183327 0.0203607 0.0225351 0.024855 0.0273177 0.0299192 0.0326537 0.035514 0.0384909 0.0415737 0.0447498 0.048005 0.0513238 0.0546888 0.0580816 0.0614824 0.0648706 0.0682247 0.0715227 0.074742 0.0778603 0.0808552 0.0837047 0.0863875 0.0888834 0.091173 0.0932384 0.0950633 0.0966333 0.0979356 0.0989599 0.0996976 0.100143 0.100292 0.100144 0.0997005 0.0989643 0.0979418 0.0966414 0.0950737 0.0932512 0.0911886 0.0889022 0.0864098 0.0837308 0.0808855 0.0778952 0.0747818 0.0715675 0.0682749 0.0649263 0.0615437 0.0581485 0.0547612 0.0514016 0.0480881 0.0448378 0.0416662 0.0385876 0.0356143 0.032757 0.0300249 0.0274251 0.0249634 0.0226438 0.0204688 0.0184396 0.016556 0.0148165 0.013219 0.0117602 0.0104362 0.00924257 0.00817461 0.00722735 0.00639579 0.00567502 0.00506039 0.00454762 0.00413286 0.00381288 0.00358505 0.00344769 
0.00386051 0.00390644 0.00405267 0.00430076 0.00465287 0.00511192 0.00568155 0.00636602 0.00717009 0.00809892 0.00915792 0.0103526 0.0116884 0.0131704 0.0148036 0.016592 0.018539 0.0206471 0.0229174 0.0253501 0.0279435 0.0306946 0.0335987 0.0366492 0.0398376 0.0431537 0.0465853 0.0501183 0.053737 0.0574238 0.0611596 0.0649237 0.0686945 0.072449 0.0761636 0.0798139 0.0833753 0.0868232 0.090133 0.0932807 0.096243 0.0989978 0.101524 0.103802 0.105814 0.107545 0.10898 0.110108 0.110921 0.111411 0.111575 0.111411 0.110921 0.110109 0.108981 0.107547 0.105818 0.103807 0.101531 0.0990075 0.0962556 0.0932966 0.0901528 0.0868473 0.0834041 0.0798478 0.076203 0.0724941 0.0687456 0.0649809 0.0612228 0.0574932 0.0538123 0.0501994 0.0466717 0.0432452 0.0399336 0.0367491 0.0337019 0.0308004 0.0280511 0.0254588 0.0230264 0.0207554 0.0186459 0.0166967 0.0149053 0.0132684 0.0117818 0.0104408 0.00924033 0.00817495 0.00723924 0.00642784 0.00573566 0.00515799 0.00469065 0.00433006 0.00407334 0.00391864 
0.00438287 0.00443492 0.0046 0.00487984 0.00527679 0.00579408 0.00643569 0.0072063 0.00811113 0.0091558 0.0103462 0.0116884 0.0131881 0.0148511 0.0166824 0.0186864 0.0208667 0.0232256 0.0257644 0.0284828 0.0313788 0.0344486 0.0376869 0.0410859 0.0446361 0.0483259 0.0521416 0.0560674 0.0600856 0.0641767 0.0683194 0.072491 0.0766674 0.0808232 0.0849324 0.0889682 0.0929037 0.0967118 0.100366 0.103839 0.107106 0.110143 0.112927 0.115437 0.117653 0.119559 0.121138 0.12238 0.123274 0.123813 0.123992 0.123811 0.123272 0.122377 0.121135 0.119555 0.117649 0.115434 0.112925 0.110143 0.107108 0.103843 0.100373 0.0967235 0.09292 0.0889896 0.0849593 0.080856 0.0767065 0.0725367 0.0683718 0.0642359 0.0601515 0.0561399 0.0522205 0.0484108 0.0447265 0.0411812 0.0377865 0.0345519 0.0314848 0.0285908 0.0258735 0.0233349 0.0209752 0.0187933 0.0167867 0.014952 0.0132848 0.0117801 0.0104322 0.00923538 0.00818371 0.00727136 0.00649276 0.00584277 0.0053168 0.00491093 0.00462199 0.00444797 
0.00496566 0.00502451 0.0052105 0.0055255 0.00597211 0.00655387 0.00727515 0.00814104 0.00915727 0.01033 0.0116655 0.0131704 0.0148511 0.0167135 0.018763 0.0210044 0.0234413 0.0260761 0.0289098 0.0319417 0.0351695 0.0385887 0.0421929 0.0459733 0.0499192 0.0540173 0.0582522 0.0626064 0.0670601 0.0715915 0.0761772 0.0807919 0.085409 0.0900006 0.094538 0.098992 0.103333 0.107531 0.111557 0.115383 0.11898 0.122322 0.125385 0.128145 0.130581 0.132675 0.134411 0.135775 0.136756 0.137347 0.137544 0.137345 0.136751 0.135767 0.134401 0.132664 0.130569 0.128132 0.125372 0.12231 0.118969 0.115374 0.111551 0.107529 0.103335 0.0989991 0.0945507 0.0900193 0.0854344 0.0808244 0.076217 0.0716388 0.067115 0.0626688 0.0583219 0.054094 0.0500025 0.0460628 0.0422877 0.0386883 0.0352729 0.0320481 0.0290182 0.0261855 0.0235508 0.0211129 0.0188696 0.0168171 0.0149509 0.0132655 0.0117549 0.010413 0.00923324 0.00820933 0.00733519 0.00660522 0.00601439 0.00555842 0.00523384 0.00503844 
0.00561152 0.00567789 0.00588688 0.00624057 0.00674181 0.00739444 0.00820326 0.00917383 0.0103124 0.0116255 0.0131203 0.0148036 0.0166824 0.018763 0.0210513 0.0235521 0.0262693 0.0292051 0.0323604 0.0357341 0.0393232 0.0431224 0.0471244 0.0513191 0.0556943 0.0602351 0.0649243 0.0697422 0.074667 0.0796744 0.0847384 0.0898312 0.0949235 0.0999846 0.104983 0.109887 0.114664 0.119281 0.123707 0.12791 0.131861 0.13553 0.138892 0.14192 0.144592 0.146888 0.14879 0.150285 0.15136 0.152007 0.152222 0.152003 0.151352 0.150273 0.148775 0.146869 0.14457 0.141897 0.138867 0.135506 0.131837 0.127887 0.123686 0.119263 0.11465 0.109878 0.10498 0.0999875 0.0949333 0.0898485 0.0847636 0.0797079 0.0747089 0.0697927 0.0649831 0.0603021 0.055769 0.0514011 0.047213 0.043217 0.0394228 0.0358378 0.0324672 0.0293139 0.026379 0.0236617 0.0211596 0.0188689 0.0167848 0.0149016 0.0132129 0.0117119 0.0103916 0.00924526 0.00826624 0.00744843 0.00678635 0.00627533 0.0059116 0.00569272 
0.00632291 0.00639751 0.00663167 0.00702767 0.0075886 0.00831867 0.00922308 0.0103079 0.0115798 0.0130462 0.0147144 0.016592 0.0186864 0.0210044 0.0235521 0.0263347 0.029356 0.0326182 0.0361219 0.0398655 0.0438454 0.0480553 0.0524867 0.0571284 0.0619663 0.0669839 0.0721619 0.0774784 0.0829091 0.0884273 0.0940043 0.0996094 0.10521 0.110774 0.116265 0.121649 0.126891 0.131956 0.136808 0.141413 0.145741 0.149758 0.153437 0.156749 0.159672 0.162182 0.164262 0.165895 0.16707 0.167777 0.168012 0.167771 0.167058 0.165878 0.16424 0.162155 0.159641 0.156715 0.1534 0.14972 0.145702 0.141375 0.13677 0.131921 0.12686 0.121623 0.116244 0.110759 0.105203 0.0996096 0.094013 0.0884451 0.0829362 0.077515 0.072208 0.0670393 0.0620307 0.0572013 0.0525676 0.0481434 0.0439398 0.0399653 0.0362259 0.0327254 0.0294651 0.0264446 0.0236615 0.021112 0.0187911 0.0166927 0.0148099 0.0131356 0.0116622 0.0103823 0.0092889 0.00837523 0.00763537 0.00706425 0.00665776 0.00641326 
0.00710199 0.00718557 0.00744711 0.00788909 0.00851487 0.00932903 0.0103372 0.011546 0.0129626 0.014595 0.0164511 0.018539 0.0208667 0.0234413 0.0262693 0.029356 0.0327053 0.0363193 0.0401981 0.0443397 0.0487395 0.0533905 0.0582828 0.0634035 0.0687371 0.0742649 0.0799655 0.0858146 0.0917853 0.0978481 0.103971 0.110122 0.116264 0.122361 0.128375 0.134269 0.140004 0.145542 0.150845 0.155877 0.160602 0.164987 0.169001 0.172614 0.175801 0.178538 0.180804 0.182584 0.183863 0.184633 0.184888 0.184625 0.183848 0.182561 0.180774 0.178502 0.175759 0.172568 0.168951 0.164934 0.160547 0.155821 0.15079 0.145489 0.139954 0.134223 0.128334 0.122326 0.116237 0.110103 0.103962 0.0978481 0.0917955 0.0858353 0.0799969 0.0743069 0.0687894 0.0634657 0.0583543 0.0534706 0.0488273 0.0444341 0.0402981 0.0364236 0.0328127 0.0294652 0.0263789 0.0235499 0.020973 0.0186418 0.0165491 0.0146871 0.0130478 0.0116233 0.0104057 0.00938805 0.0085638 0.00792745 0.00747455 0.00720224 
0.00795059 0.00804389 0.00833505 0.00882673 0.00952258 0.0104276 0.0115478 0.0128903 0.014463 0.0162742 0.0183327 0.0206471 0.0232256 0.0260761 0.0292051 0.0326182 0.0363193 0.0403101 0.0445905 0.0491578 0.0540065 0.0591284 0.0645122 0.0701436 0.0760049 0.0820755 0.0883314 0.0947459 0.101289 0.107929 0.114631 0.121358 0.128072 0.134733 0.141299 0.14773 0.153985 0.160021 0.165798 0.171277 0.17642 0.181191 0.185556 0.189485 0.192948 0.195922 0.198384 0.200316 0.201706 0.202541 0.202817 0.202532 0.201686 0.200288 0.198347 0.195876 0.192895 0.189426 0.185492 0.181122 0.176348 0.171203 0.165723 0.159947 0.153913 0.147663 0.141237 0.134676 0.128023 0.121318 0.114601 0.107909 0.101281 0.0947487 0.088346 0.0821019 0.076043 0.0701931 0.0645725 0.0591988 0.0540861 0.0492455 0.0446852 0.0404105 0.0364239 0.0327258 0.0293141 0.026185 0.023333 0.0207515 0.0184328 0.0163687 0.0145507 0.0129701 0.0116188 0.0104889 0.00957355 0.00886679 0.0083638 0.00806148 
0.00887007 0.00897387 0.00929688 0.00984199 0.0106131 0.0116157 0.0128562 0.0143422 0.0160823 0.0180854 0.0203607 0.0229174 0.0257644 0.0289098 0.0323604 0.0361219 0.0401981 0.0445905 0.0492985 0.0543185 0.0596442 0.0652661 0.0711714 0.0773438 0.0837639 0.0904084 0.0972512 0.104263 0.11141 0.118658 0.125969 0.133302 0.140617 0.147869 0.155014 0.162008 0.168806 0.175363 0.181636 0.187582 0.193161 0.198335 0.203067 0.207323 0.211075 0.214295 0.21696 0.219052 0.220555 0.221459 0.221757 0.221447 0.220532 0.219018 0.216915 0.214239 0.21101 0.20725 0.202986 0.198249 0.193071 0.187489 0.181541 0.175268 0.168712 0.161917 0.154928 0.147789 0.140545 0.133239 0.125916 0.118616 0.11138 0.104245 0.097247 0.0904174 0.0837859 0.0773787 0.0712187 0.0653251 0.059714 0.0543979 0.0493864 0.0446855 0.0402988 0.0362267 0.0324678 0.029018 0.025872 0.0230228 0.0204622 0.0181817 0.0161721 0.0144243 0.0129294 0.0116791 0.010666 0.00988366 0.00932689 0.00899236 
0.00986129 0.00997634 0.0103334 0.0109357 0.0117873 0.0128941 0.0142631 0.0159024 0.0178211 0.0200287 0.0225351 0.0253501 0.0284828 0.0319417 0.0357341 0.0398655 0.0443397 0.0491578 0.0543185 0.0598176 0.0656475 0.0717974 0.0782528 0.0849955 0.0920038 0.0992521 0.106711 0.114349 0.12213 0.130015 0.137963 0.145931 0.153872 0.161741 0.16949 0.17707 0.184434 0.191533 0.198321 0.204752 0.210783 0.216374 0.221485 0.226082 0.230131 0.233606 0.236482 0.238738 0.24036 0.241334 0.241655 0.24132 0.240332 0.238697 0.236428 0.23354 0.230054 0.225994 0.221389 0.21627 0.210674 0.204638 0.198204 0.191415 0.184316 0.176955 0.16938 0.161637 0.153775 0.145843 0.137886 0.12995 0.122077 0.11431 0.106686 0.0992415 0.0920077 0.0850139 0.0782851 0.0718431 0.0657057 0.0598871 0.0543981 0.049246 0.0444351 0.0399664 0.0358388 0.0320484 0.0285897 0.0254556 0.0226375 0.0201264 0.0179126 0.0159863 0.0143382 0.0129594 0.0118419 0.0109788 0.0103646 0.0099957 
0.0109245 0.0110515 0.0114449 0.012108 0.0130453 0.0142629 0.0157684 0.0175706 0.0196789 0.0221035 0.024855 0.0279435 0.0313788 0.0351695 0.0393232 0.0438454 0.0487395 0.0540065 0.0596442 0.0656475 0.0720077 0.0787122 0.0857448 0.0930854 0.10071 0.10859 0.116694 0.124986 0.133427 0.141976 0.150587 0.159214 0.167807 0.176316 0.18469 0.192877 0.200826 0.208485 0.215804 0.222736 0.229234 0.235254 0.240756 0.245702 0.250059 0.253796 0.256888 0.259313 0.261055 0.262102 0.262446 0.262086 0.261023 0.259265 0.256825 0.253719 0.249969 0.2456 0.240644 0.235132 0.229104 0.222601 0.215665 0.208343 0.200684 0.192737 0.184553 0.176185 0.167683 0.159099 0.150483 0.141884 0.133349 0.124922 0.116646 0.108558 0.100694 0.0930853 0.0857603 0.0787427 0.0720524 0.0657054 0.0597139 0.0540865 0.0488282 0.0439411 0.039424 0.0352736 0.0314842 0.0280484 0.0249575 0.0222019 0.0197715 0.0176559 0.0158451 0.0143298 0.0131014 0.0121525 0.0114772 0.0110717 
0.0120592 0.012199 0.0126309 0.0133583 0.0143863 0.0157212 0.0173711 0.0193453 0.0216539 0.0243077 0.0273177 0.0306946 0.0344486 0.0385887 0.0431224 0.0480553 0.0533905 0.0591284 0.0652661 0.0717974 0.0787122 0.0859963 0.0936317 0.101596 0.109862 0.118399 0.127173 0.136144 0.145271 0.154507 0.163805 0.173114 0.18238 0.19155 0.200568 0.209381 0.217931 0.226166 0.234031 0.241476 0.248452 0.254912 0.260814 0.266118 0.270788 0.274793 0.278105 0.280703 0.282569 0.28369 0.284058 0.283671 0.282532 0.280649 0.278034 0.274705 0.270685 0.266001 0.260685 0.254772 0.248302 0.241319 0.233868 0.225999 0.217763 0.209213 0.200404 0.191391 0.182228 0.172971 0.163674 0.154389 0.145167 0.136055 0.1271 0.118344 0.109824 0.101575 0.0936284 0.0860099 0.0787418 0.0718419 0.0653243 0.0591986 0.0534712 0.0481445 0.0432182 0.0386891 0.0345515 0.030798 0.0274195 0.0244061 0.021747 0.0194315 0.0174489 0.0157893 0.0144436 0.013404 0.0126641 0.01222 
0.0132644 0.0134176 0.01389 0.0146853 0.0158087 0.017267 0.0190689 0.021224 0.0237432 0.0266378 0.0299192 0.0335987 0.0376869 0.0421929 0.0471244 0.0524867 0.0582828 0.0645122 0.0711714 0.0782528 0.0857448 0.0936317 0.101893 0.110504 0.119436 0.128654 0.13812 0.147793 0.157627 0.167572 0.177577 0.187586 0.197544 0.207392 0.217071 0.226524 0.23569 0.244513 0.252935 0.260904 0.268367 0.275276 0.281585 0.287252 0.292241 0.296518 0.300054 0.302827 0.304818 0.306014 0.306406 0.305993 0.304777 0.302766 0.299974 0.296419 0.292125 0.28712 0.281438 0.275116 0.268196 0.260724 0.252748 0.24432 0.235495 0.226329 0.216879 0.207204 0.197363 0.187414 0.177416 0.167425 0.157494 0.147677 0.138021 0.128573 0.119374 0.110461 0.101869 0.0936265 0.0857575 0.0782823 0.0712164 0.0645711 0.0583539 0.0525681 0.0472139 0.0422884 0.0377862 0.0336996 0.0300196 0.0267355 0.0238363 0.0213107 0.0191475 0.0173361 0.015867 0.0147319 0.0139241 0.0134394 
0.0145379 0.0147054 0.0152202 0.0160867 0.01731 0.0188977 0.0208586 0.0232032 0.0259426 0.0290888 0.0326537 0.0366492 0.0410859 0.0459733 0.0513191 0.0571284 0.0634035 0.0701436 0.0773438 0.0849955 0.0930854 0.101596 0.110504 0.119783 0.129401 0.13932 0.149499 0.159894 0.170453 0.181126 0.191854 0.202581 0.213245 0.223785 0.234138 0.244242 0.254035 0.263455 0.272444 0.280944 0.288901 0.296263 0.302983 0.309019 0.314329 0.318881 0.322643 0.325593 0.32771 0.328982 0.329399 0.328959 0.327665 0.325526 0.322555 0.318771 0.3142 0.308872 0.30282 0.296084 0.288709 0.280741 0.272232 0.263237 0.253813 0.244019 0.233916 0.223566 0.213033 0.202378 0.191662 0.180947 0.17029 0.159748 0.149372 0.139212 0.129313 0.119716 0.110458 0.10157 0.0930794 0.0850083 0.0773741 0.0701897 0.0634636 0.0572005 0.051401 0.0460628 0.0411806 0.0367467 0.0327518 0.0291851 0.026035 0.0232897 0.0209375 0.0189673 0.017369 0.016134 0.0152551 0.0147277 
0.0158771 0.0160593 0.0166186 0.0175592 0.0188868 0.0206093 0.022736 0.0252777 0.0282463 0.0316543 0.035514 0.0398376 0.0446361 0.0499192 0.0556943 0.0619663 0.0687371 0.0760049 0.0837639 0.0920038 0.10071 0.109862 0.119436 0.129401 0.139722 0.15036 0.161269 0.172401 0.183702 0.195115 0.206582 0.218038 0.22942 0.240663 0.251699 0.262463 0.27289 0.282915 0.292475 0.30151 0.309965 0.317784 0.324919 0.331323 0.336957 0.341784 0.345774 0.348901 0.351145 0.352492 0.352934 0.352468 0.351096 0.348827 0.345677 0.341664 0.336816 0.331161 0.324738 0.317586 0.309752 0.301285 0.292239 0.282671 0.272641 0.262212 0.251447 0.240414 0.229177 0.217803 0.206358 0.194906 0.183508 0.172224 0.161112 0.150223 0.139607 0.129308 0.119365 0.109814 0.100683 0.0919982 0.0837778 0.0760366 0.0687848 0.0620279 0.0557674 0.0500015 0.0447252 0.0399308 0.0356089 0.0317484 0.0283374 0.0253636 0.0228146 0.020679 0.0189462 0.017607 0.016654 0.0160823 
0.0172782 0.0174758 0.0180811 0.0190987 0.0205346 0.0223968 0.0246953 0.0274414 0.0306475 0.0343263 0.0384909 0.0431537 0.0483259 0.0540173 0.0602351 0.0669839 0.0742649 0.0820755 0.0904084 0.0992521 0.10859 0.118399 0.128654 0.13932 0.15036 0.16173 0.173383 0.185265 0.197319 0.209485 0.221699 0.233894 0.246002 0.257954 0.26968 0.281109 0.292173 0.302805 0.312939 0.322512 0.331465 0.339741 0.34729 0.354064 0.360021 0.365123 0.36934 0.372643 0.375014 0.376437 0.376903 0.37641 0.37496 0.372563 0.369234 0.364993 0.359867 0.353888 0.347093 0.339525 0.331232 0.322264 0.312679 0.302536 0.291897 0.280828 0.269398 0.257674 0.245727 0.233627 0.221443 0.209242 0.197093 0.185056 0.173195 0.161564 0.150216 0.1392 0.128558 0.118328 0.108542 0.0992268 0.0904045 0.0820914 0.0742989 0.0670336 0.0602982 0.0540913 0.0484082 0.0432416 0.0385818 0.0344175 0.0307365 0.027526 0.0247733 0.0224663 0.0205941 0.0191469 0.018117 0.0174993 
0.0187366 0.0189501 0.0196031 0.0207002 0.0222477 0.0242542 0.02673 0.0296868 0.0331374 0.0370953 0.0415737 0.0465853 0.0521416 0.0582522 0.0649243 0.0721619 0.0799655 0.0883314 0.0972512 0.106711 0.116694 0.127173 0.13812 0.149499 0.161269 0.173383 0.185788 0.19843 0.211245 0.224171 0.237138 0.250077 0.262916 0.27558 0.287997 0.300093 0.311796 0.323035 0.333741 0.34385 0.353299 0.362031 0.369992 0.377133 0.383411 0.388786 0.393227 0.396706 0.399202 0.4007 0.40119 0.400671 0.399144 0.39662 0.393114 0.388646 0.383245 0.376943 0.36978 0.361798 0.353047 0.343581 0.333458 0.32274 0.311492 0.299784 0.287686 0.27527 0.262609 0.249778 0.236849 0.223895 0.210986 0.198189 0.185568 0.173185 0.161096 0.149351 0.137998 0.127076 0.116622 0.106665 0.0972281 0.0883303 0.0799844 0.0721985 0.0649762 0.0583168 0.0522161 0.0466669 0.0416596 0.0371827 0.0332237 0.0297694 0.0268068 0.0243231 0.022307 0.0207484 0.0196392 0.0189741 
0.0202468 0.0204768 0.0211787 0.0223575 0.0240197 0.0261743 0.028832 0.0320049 0.0357063 0.0399501 0.0447498 0.0501183 0.0560674 0.0626064 0.0697422 0.0774784 0.0858146 0.0947459 0.104263 0.114349 0.124986 0.136144 0.147793 0.159894 0.172401 0.185265 0.19843 0.211835 0.225416 0.239105 0.252828 0.266513 0.280082 0.293458 0.306565 0.319325 0.331663 0.343505 0.35478 0.365421 0.375362 0.384545 0.392913 0.400416 0.40701 0.412655 0.417317 0.420969 0.423588 0.42516 0.425675 0.42513 0.423527 0.420878 0.417197 0.412506 0.406834 0.400214 0.392685 0.384294 0.375091 0.365131 0.354474 0.343186 0.331333 0.318988 0.306224 0.293117 0.279743 0.266181 0.252506 0.238796 0.225123 0.211561 0.198177 0.185036 0.172197 0.159716 0.147643 0.136022 0.12489 0.11428 0.104219 0.0947264 0.0858172 0.0775008 0.0697818 0.0626605 0.0561332 0.0501928 0.04483 0.040033 0.0357892 0.0320851 0.028907 0.0262421 0.0240784 0.0224054 0.0212148 0.0205011 
0.0218024 0.0220492 0.0228011 0.0240634 0.0258429 0.0281488 0.0309921 0.0343856 0.0383429 0.042878 0.048005 0.053737 0.0600856 0.0670601 0.074667 0.0829091 0.0917853 0.101289 0.11141 0.12213 0.133427 0.145271 0.157627 0.170453 0.183702 0.197319 0.211245 0.225416 0.239764 0.254214 0.268692 0.283119 0.297415 0.311499 0.32529 0.338709 0.351676 0.364114 0.375951 0.387116 0.397542 0.407168 0.415936 0.423796 0.4307 0.436609 0.441489 0.445309 0.44805 0.449694 0.450232 0.449662 0.447985 0.445213 0.441362 0.436452 0.430514 0.423581 0.415695 0.406901 0.397252 0.386806 0.375623 0.363771 0.35132 0.338344 0.324921 0.311127 0.297045 0.282754 0.268337 0.253871 0.239437 0.225109 0.210959 0.197057 0.183466 0.170246 0.157448 0.145121 0.133306 0.122038 0.111345 0.10125 0.0917704 0.0829161 0.0746932 0.0671028 0.0601417 0.0538035 0.0480787 0.0429558 0.0384217 0.0344628 0.031065 0.0282151 0.0259006 0.0241109 0.0228372 0.0220738 
0.0233962 0.02366 0.0244629 0.0258101 0.0277087 0.0301683 0.0332002 0.0368176 0.0410344 0.0458651 0.0513238 0.0574238 0.0641767 0.0715915 0.0796744 0.0884273 0.0978481 0.107929 0.118658 0.130015 0.141976 0.154507 0.167572 0.181126 0.195115 0.209485 0.224171 0.239105 0.254214 0.269422 0.284648 0.299811 0.314827 0.32961 0.344077 0.358145 0.371731 0.384756 0.397144 0.408823 0.419723 0.429783 0.438943 0.44715 0.454358 0.460525 0.465615 0.469601 0.472459 0.474174 0.474735 0.47414 0.472392 0.4695 0.465482 0.46036 0.454162 0.446924 0.438689 0.429502 0.419417 0.408494 0.396795 0.38439 0.371351 0.357754 0.34368 0.329209 0.314426 0.299415 0.284261 0.269046 0.253854 0.238764 0.223852 0.209191 0.194848 0.180887 0.167364 0.154329 0.141828 0.129898 0.118571 0.10787 0.0978149 0.088418 0.0796863 0.0716219 0.0642223 0.0574814 0.0513902 0.0459369 0.0411086 0.0368912 0.0332705 0.0302327 0.0277652 0.0258569 0.0244987 0.0236848 
0.0250199 0.025301 0.0261554 0.0275885 0.0296076 0.0322224 0.0354449 0.0392883 0.043767 0.0488957 0.0546888 0.0611596 0.0683194 0.0761772 0.0847384 0.0940043 0.103971 0.114631 0.125969 0.137963 0.150587 0.163805 0.177577 0.191854 0.206582 0.221699 0.237138 0.252828 0.268692 0.284648 0.300614 0.316502 0.332226 0.347697 0.362828 0.377531 0.391723 0.405322 0.418248 0.430428 0.441791 0.452273 0.461813 0.470358 0.477859 0.484276 0.489571 0.493716 0.496688 0.498471 0.499055 0.498436 0.496618 0.493612 0.489433 0.484104 0.477655 0.470122 0.461547 0.451978 0.44147 0.430082 0.41788 0.404935 0.39132 0.377116 0.362403 0.347268 0.331796 0.316075 0.300194 0.28424 0.268299 0.252454 0.236786 0.221371 0.206282 0.191584 0.177338 0.163599 0.150413 0.137821 0.125858 0.114551 0.103919 0.0939779 0.0847353 0.0761944 0.0683537 0.0612076 0.0547472 0.0489611 0.043836 0.0393578 0.035512 0.0322846 0.0296625 0.0276344 0.0261908 0.025326 
0.0266646 0.0269632 0.0278694 0.0293888 0.0315289 0.0342999 0.0377137 0.0417841 0.0465256 0.0519533 0.0580816 0.0649237 0.072491 0.0807919 0.0898312 0.0996094 0.110122 0.121358 0.133302 0.145931 0.159214 0.173114 0.187586 0.202581 0.218038 0.233894 0.250077 0.266513 0.283119 0.299811 0.316502 0.333102 0.349519 0.365662 0.38144 0.396764 0.411546 0.425702 0.439151 0.451816 0.463627 0.474517 0.484424 0.493295 0.50108 0.507736 0.513229 0.517528 0.520609 0.522458 0.523063 0.522422 0.520537 0.51742 0.513086 0.507559 0.500868 0.493051 0.484148 0.47421 0.463292 0.451455 0.438765 0.425295 0.411122 0.396325 0.380991 0.365206 0.34906 0.332645 0.316051 0.299371 0.282693 0.266105 0.249692 0.233534 0.217706 0.202279 0.187317 0.172878 0.159012 0.145763 0.133168 0.121256 0.11005 0.0995652 0.0898123 0.0807953 0.0725134 0.0649616 0.0581314 0.0520116 0.0465889 0.041849 0.0377773 0.0343594 0.0315821 0.0294335 0.0279043 0.0269882 
0.0283207 0.0286368 0.0295948 0.0312005 0.0334616 0.0363885 0.0399935 0.0442904 0.0492943 0.0550201 0.0614824 0.0686945 0.0766674 0.085409 0.0949235 0.10521 0.116264 0.128072 0.140617 0.153872 0.167807 0.18238 0.197544 0.213245 0.22942 0.246002 0.262916 0.280082 0.297415 0.314827 0.332226 0.349519 0.366611 0.383408 0.399814 0.415739 0.431092 0.445786 0.45974 0.472873 0.485115 0.496397 0.506657 0.51584 0.523897 0.530784 0.536465 0.54091 0.544097 0.546008 0.546634 0.545971 0.544023 0.5408 0.536318 0.530602 0.523679 0.515589 0.506373 0.49608 0.484768 0.472499 0.459339 0.445362 0.430648 0.415279 0.399342 0.382926 0.366126 0.349034 0.331745 0.314355 0.296957 0.279642 0.262498 0.24561 0.229057 0.212912 0.197245 0.182115 0.167578 0.153679 0.140458 0.127948 0.116171 0.105148 0.0948883 0.085398 0.0766772 0.0687216 0.0615232 0.0550708 0.0493513 0.0443504 0.0400532 0.0364451 0.0335127 0.0312439 0.029629 0.0286617 
0.0299778 0.0303113 0.0313208 0.0330123 0.0353937 0.0384754 0.0422701 0.0467919 0.0520559 0.0580773 0.0648706 0.072449 0.0808232 0.0900006 0.0999846 0.110774 0.122361 0.134733 0.147869 0.161741 0.176316 0.19155 0.207392 0.223785 0.240663 0.257954 0.27558 0.293458 0.311499 0.32961 0.347697 0.365662 0.383408 0.400835 0.417849 0.434353 0.450255 0.465467 0.479904 0.493486 0.50614 0.517797 0.528394 0.537874 0.546189 0.553295 0.559156 0.56374 0.567027 0.568997 0.569643 0.56896 0.566952 0.563628 0.559007 0.55311 0.545967 0.537617 0.528102 0.517472 0.505783 0.493099 0.479489 0.465027 0.449793 0.433873 0.417354 0.400331 0.382897 0.36515 0.347188 0.329109 0.311011 0.292988 0.275131 0.25753 0.240268 0.223422 0.207063 0.191257 0.17606 0.161522 0.147686 0.134586 0.122248 0.110693 0.0999328 0.0899748 0.0808201 0.072465 0.0649019 0.05812 0.0521064 0.0468466 0.0423257 0.0385289 0.0354424 0.0330542 0.0313543 0.0303362 
0.0316253 0.031976 0.0330363 0.0348125 0.0373126 0.0405471 0.044529 0.0492725 0.0547929 0.0611055 0.0682247 0.0761636 0.0849324 0.094538 0.104983 0.116265 0.128375 0.141299 0.155014 0.16949 0.18469 0.200568 0.217071 0.234138 0.251699 0.26968 0.287997 0.306565 0.32529 0.344077 0.362828 0.38144 0.399814 0.417849 0.435444 0.452503 0.46893 0.484636 0.499535 0.513544 0.52659 0.538602 0.549518 0.559281 0.567841 0.575154 0.581183 0.5859 0.58928 0.591307 0.591972 0.59127 0.589205 0.585787 0.581033 0.574966 0.567615 0.559019 0.549221 0.53827 0.526224 0.513147 0.499108 0.484183 0.468453 0.452005 0.43493 0.417322 0.39928 0.380903 0.362292 0.343549 0.324773 0.306065 0.287518 0.269226 0.251274 0.233745 0.216713 0.200247 0.184407 0.169245 0.154807 0.14113 0.128242 0.116165 0.104914 0.0944973 0.0849161 0.0761681 0.0682462 0.0611399 0.0548365 0.0493216 0.0445801 0.0405971 0.0373588 0.0348528 0.0330689 0.0320006 
0.0332517 0.0336193 0.0347295 0.0365888 0.0392052 0.0425896 0.0467549 0.0517156 0.0574871 0.0640846 0.0715227 0.0798139 0.0889682 0.098992 0.109887 0.121649 0.134269 0.14773 0.162008 0.17707 0.192877 0.209381 0.226524 0.244242 0.262463 0.281109 0.300093 0.319325 0.338709 0.358145 0.377531 0.396764 0.415739 0.434353 0.452503 0.470089 0.487016 0.503191 0.518527 0.53294 0.546356 0.558704 0.569921 0.579949 0.588739 0.596246 0.602435 0.607275 0.610743 0.612823 0.613505 0.612785 0.610667 0.607161 0.602283 0.596056 0.588511 0.579684 0.569619 0.558367 0.545984 0.532535 0.51809 0.502726 0.486525 0.469576 0.451971 0.433806 0.415183 0.396203 0.376971 0.35759 0.338164 0.318796 0.299585 0.280626 0.262009 0.24382 0.226137 0.209032 0.192567 0.1768 0.161777 0.147539 0.134115 0.121531 0.109801 0.0989361 0.0889386 0.0798068 0.0715341 0.0641106 0.0575236 0.0517589 0.0468013 0.042636 0.0392488 0.0366273 0.0347611 0.0336437 
0.0348455 0.0352295 0.0363885 0.0383286 0.0410583 0.0445885 0.0489323 0.0541043 0.0601198 0.0669943 0.074742 0.0833753 0.0929037 0.103333 0.114664 0.126891 0.140004 0.153985 0.168806 0.184434 0.200826 0.217931 0.23569 0.254035 0.27289 0.292173 0.311796 0.331663 0.351676 0.371731 0.391723 0.411546 0.431092 0.450255 0.46893 0.487016 0.504415 0.521031 0.536778 0.551572 0.565335 0.577998 0.589496 0.599772 0.608777 0.616466 0.622802 0.627758 0.631308 0.633437 0.634136 0.633399 0.631232 0.627644 0.62265 0.616275 0.608548 0.599506 0.589192 0.577656 0.564958 0.55116 0.536333 0.520556 0.503911 0.486489 0.468382 0.449691 0.430516 0.410963 0.391139 0.371151 0.351105 0.331108 0.31126 0.291662 0.272408 0.253585 0.235276 0.217555 0.20049 0.184139 0.168552 0.153771 0.13983 0.126754 0.114561 0.103262 0.0928608 0.0833565 0.0747433 0.0670117 0.0601491 0.0541416 0.048974 0.0446312 0.0410992 0.0383652 0.0364189 0.0352537 
0.036395 0.036795 0.0380009 0.0400193 0.0428584 0.0465294 0.0510455 0.0564214 0.0626725 0.0698141 0.0778603 0.0868232 0.0967118 0.107531 0.119281 0.131956 0.145542 0.160021 0.175363 0.191533 0.208485 0.226166 0.244513 0.263455 0.282915 0.302805 0.323035 0.343505 0.364114 0.384756 0.405322 0.425702 0.445786 0.465467 0.484636 0.503191 0.521031 0.538062 0.554194 0.569342 0.583429 0.596384 0.608144 0.618651 0.627854 0.635711 0.642185 0.647247 0.650873 0.653048 0.653761 0.65301 0.650797 0.647133 0.642033 0.635521 0.627625 0.618383 0.607838 0.59604 0.583048 0.568924 0.553742 0.537578 0.520518 0.502652 0.484074 0.464887 0.445193 0.4251 0.404717 0.384153 0.36352 0.342925 0.322473 0.302268 0.282406 0.262979 0.244072 0.225764 0.208124 0.191214 0.175087 0.159786 0.145348 0.1318 0.119162 0.107445 0.0966556 0.0867928 0.0778516 0.0698229 0.0626946 0.0564528 0.0510824 0.0465684 0.0428964 0.0400539 0.0380303 0.0368188 
0.0378884 0.0383037 0.0395547 0.0416479 0.0445919 0.0483978 0.053079 0.0586501 0.0651266 0.0725236 0.0808552 0.090133 0.100366 0.111557 0.123707 0.136808 0.150845 0.165798 0.181636 0.198321 0.215804 0.234031 0.252935 0.272444 0.292475 0.312939 0.333741 0.35478 0.375951 0.397144 0.418248 0.439151 0.45974 0.479904 0.499535 0.518527 0.536778 0.554194 0.570682 0.586158 0.600545 0.613771 0.625772 0.636491 0.645877 0.653889 0.660489 0.665648 0.669344 0.671561 0.672288 0.671523 0.669269 0.665535 0.660338 0.653699 0.645649 0.636223 0.625466 0.613426 0.600162 0.585737 0.570225 0.553703 0.536257 0.517977 0.498961 0.47931 0.45913 0.438531 0.417624 0.396521 0.375335 0.354177 0.333155 0.312377 0.291941 0.271942 0.25247 0.233605 0.21542 0.197979 0.181338 0.165543 0.150632 0.136635 0.123572 0.111457 0.100297 0.0900912 0.0808365 0.0725239 0.0651415 0.0586755 0.053111 0.048433 0.0446271 0.0416806 0.0395829 0.0383272 
0.039314 0.0397438 0.0410376 0.043202 0.0462456 0.0501795 0.0550172 0.0607735 0.0674636 0.0751028 0.0837047 0.0932807 0.103839 0.115383 0.12791 0.141413 0.155877 0.171277 0.187582 0.204752 0.222736 0.241476 0.260904 0.280944 0.30151 0.322512 0.34385 0.365421 0.387116 0.408823 0.430428 0.451816 0.472873 0.493486 0.513544 0.53294 0.551572 0.569342 0.586158 0.601936 0.616598 0.630072 0.642294 0.653206 0.66276 0.670912 0.677627 0.682876 0.686635 0.68889 0.68963 0.688853 0.686561 0.682764 0.677478 0.670725 0.662534 0.65294 0.641988 0.629727 0.616214 0.601514 0.585698 0.568846 0.551044 0.532382 0.51296 0.49288 0.47225 0.451181 0.429786 0.408181 0.386479 0.364796 0.343242 0.321927 0.300953 0.280419 0.260416 0.241027 0.222329 0.204389 0.187264 0.171003 0.155646 0.141224 0.12776 0.115268 0.103757 0.0932279 0.0836764 0.0750948 0.0674715 0.060793 0.0550445 0.0502109 0.0462779 0.0432327 0.0410646 0.0397669 
0.0406605 0.0411039 0.0424379 0.0446692 0.0478062 0.0518604 0.0568451 0.0627752 0.0696659 0.0775322 0.0863875 0.096243 0.107106 0.11898 0.131861 0.145741 0.160602 0.17642 0.193161 0.210783 0.229234 0.248452 0.268367 0.288901 0.309965 0.331465 0.353299 0.375362 0.397542 0.419723 0.441791 0.463627 0.485115 0.50614 0.52659 0.546356 0.565335 0.583429 0.600545 0.616598 0.63151 0.645209 0.657631 0.668719 0.678424 0.686704 0.693522 0.698851 0.702668 0.704957 0.705709 0.704921 0.702595 0.698741 0.693375 0.686518 0.6782 0.668455 0.657327 0.644864 0.631126 0.616174 0.600083 0.58293 0.564802 0.545791 0.525997 0.505524 0.48448 0.462978 0.441134 0.419064 0.396887 0.374718 0.352671 0.330858 0.309386 0.288354 0.267857 0.247982 0.228806 0.2104 0.192823 0.176127 0.160354 0.145535 0.131696 0.118852 0.107013 0.0961797 0.0863501 0.0775162 0.069667 0.0627891 0.0568678 0.0518882 0.0478359 0.044698 0.0424638 0.0411267 
