0.000385121 0.000391586 0.000414051 0.000453044 0.00050936 0.000584114 0.00067872 0.000794882 0.00093457 0.0011 0.00129361 0.001518 0.00177592 0.00207021 0.00240375 0.00277939 0.00319989 0.00366788 0.00418572 0.00475548 0.00537884 0.00605702 0.00679071 0.00757995 0.00842414 0.00932192 0.0102712 0.0112689 0.0123113 0.0133938 0.0145109 0.0156562 0.0168227 0.0180026 0.0191875 0.0203683 0.0215357 0.02268 0.0237912 0.0248594 0.0258747 0.0268274 0.0277084 0.0285088 0.0292206 0.0298365 0.0303501 0.0307561 0.0310503 0.0312294 0.0312916 0.0312363 0.0310641 0.0307768 0.0303775 0.0298704 0.0292609 0.0285554 0.027761 0.0268858 0.0259386 0.0249284 0.023865 0.0227582 0.0216178 0.0204539 0.019276 0.0180937 0.0169158 0.0157508 0.0146064 0.0134897 0.012407 0.0113639 0.010365 0.00941403 0.00851411 0.00766736 0.00687517 0.00613819 0.00545642 0.00482921 0.00425541 0.00373338 0.00326109 0.00283622 0.00245619 0.00211829 0.00181968 0.00155753 0.001329 0.00113139 0.000962072 0.000818636 0.000698861 0.00060077 0.000522649 0.000463068 0.000420896 0.000395362 
0.000391586 0.000398171 0.000421031 0.000460701 0.00051799 0.000594032 0.000690263 0.000808415 0.000950491 0.00111874 0.00131564 0.00154383 0.00180611 0.00210535 0.00244449 0.0028264 0.0032539 0.00372963 0.004256 0.0048351 0.00546864 0.00615782 0.00690335 0.00770525 0.00856291 0.00947493 0.0104391 0.0114525 0.0125112 0.0136105 0.0147447 0.0159076 0.0170918 0.0182895 0.0194922 0.0206907 0.0218755 0.0230367 0.0241643 0.0252481 0.0262782 0.0272447 0.0281384 0.0289503 0.0296723 0.030297 0.0308179 0.0312297 0.031528 0.0317096 0.0317727 0.0317165 0.0315417 0.0312503 0.0308452 0.0303308 0.0297126 0.0289968 0.0281909 0.027303 0.0263419 0.025317 0.0242379 0.0231148 0.0219575 0.0207763 0.0195808 0.0183807 0.017185 0.0160022 0.0148404 0.0137065 0.0126071 0.0115478 0.0105333 0.00956742 0.00865328 0.00779309 0.00698825 0.00623945 0.00554668 0.00490931 0.00432617 0.0037956 0.00331555 0.00288367 0.00249736 0.00215384 0.00185025 0.00158372 0.00135136 0.00115043 0.000978261 0.000832405 0.000710608 0.000610859 0.000531418 0.000470831 0.000427949 0.000401988 
0.000414051 0.000421031 0.000445177 0.000487049 0.000547499 0.000627712 0.000729194 0.000853759 0.0010035 0.00118078 0.00138818 0.00162845 0.00190453 0.00221941 0.00257613 0.00297771 0.00342705 0.0039269 0.00447975 0.00508776 0.00575265 0.00647569 0.00725753 0.00809819 0.00899696 0.00995234 0.010962 0.0120228 0.0131306 0.0142805 0.0154666 0.0166822 0.0179197 0.019171 0.020427 0.0216783 0.022915 0.0241267 0.025303 0.0264334 0.0275075 0.0285152 0.0294467 0.0302928 0.0310451 0.0316959 0.0322386 0.0326674 0.032978 0.033167 0.0332325 0.0331738 0.0329916 0.0326877 0.0322656 0.0317294 0.031085 0.0303389 0.0294988 0.0285731 0.0275709 0.0265019 0.0253763 0.0242044 0.0229968 0.0217637 0.0205156 0.0192622 0.0180131 0.0167771 0.0155627 0.0143771 0.0132272 0.0121189 0.011057 0.0100458 0.00908841 0.00818719 0.00734367 0.0065586 0.00583203 0.00516332 0.00455128 0.00399422 0.00349004 0.00303629 0.00263027 0.00226911 0.00194983 0.00166942 0.0014249 0.00121338 0.00103209 0.000878476 0.000750169 0.000645071 0.000561358 0.000497511 0.000452325 0.000424979 
0.000453044 0.000460701 0.000487049 0.000532695 0.000598553 0.000685901 0.00079636 0.00093188 0.00109471 0.00128739 0.00151267 0.00177353 0.00207308 0.00241453 0.00280112 0.00323605 0.00372242 0.00426312 0.00486078 0.00551765 0.00623553 0.00701571 0.00785881 0.00876478 0.00973278 0.0107611 0.0118473 0.0129878 0.0141781 0.015413 0.016686 0.01799 0.0193169 0.0206578 0.0220032 0.0233429 0.0246663 0.0259624 0.0272202 0.0284285 0.0295762 0.0306525 0.0316471 0.0325504 0.0333532 0.0340476 0.0346264 0.0350837 0.0354147 0.0356161 0.0356857 0.0356227 0.035428 0.0351036 0.0346528 0.0340804 0.0333924 0.0325957 0.0316984 0.0307095 0.0296387 0.0284962 0.0272928 0.0260396 0.0247475 0.0234279 0.0220915 0.0207489 0.0194104 0.0180853 0.0167826 0.0155103 0.0142757 0.013085 0.0119437 0.0108561 0.00982593 0.00885562 0.00794691 0.00710069 0.00631705 0.0055954 0.00493453 0.00433266 0.00378761 0.00329679 0.00285735 0.00246623 0.00212028 0.00181628 0.00155105 0.0013215 0.00112467 0.000957813 0.000818391 0.000704151 0.000613136 0.000543712 0.000494583 0.000464868 
0.00050936 0.00051799 0.000547499 0.000598553 0.000672162 0.000769731 0.000893043 0.00104424 0.0012258 0.00144048 0.00169133 0.00198157 0.00231462 0.00269396 0.00312312 0.00360556 0.00414463 0.00474344 0.0054048 0.00613109 0.00692421 0.00778546 0.00871544 0.00971397 0.01078 0.0119117 0.0131061 0.0143592 0.0156663 0.0170212 0.018417 0.0198458 0.0212986 0.0227659 0.0242372 0.0257014 0.027147 0.0285621 0.0299345 0.0312523 0.0325035 0.0336763 0.0347597 0.0357432 0.036617 0.0373726 0.0380022 0.0384994 0.0388592 0.0390779 0.0391532 0.0390844 0.0388722 0.0385187 0.0380278 0.0374045 0.0366551 0.0357873 0.0348097 0.033732 0.0325647 0.0313188 0.030006 0.0286381 0.0272274 0.0257857 0.024325 0.0228568 0.0213921 0.0199413 0.0185141 0.0171194 0.015765 0.0144579 0.0132042 0.0120087 0.0108754 0.00980725 0.00880616 0.00787321 0.00700862 0.00621182 0.00548157 0.00481602 0.00421284 0.00366926 0.00318222 0.00274843 0.00236445 0.0020268 0.00173201 0.00147671 0.00125767 0.00107187 0.000916548 0.000789227 0.000687759 0.000610349 0.000555575 0.000522467 
0.000584114 0.000594032 0.000627712 0.000685901 0.000769731 0.000880773 0.00102102 0.00119287 0.00139907 0.00164272 0.00192718 0.00225605 0.00263309 0.00306218 0.00354718 0.00409192 0.00470004 0.00537494 0.00611965 0.00693673 0.00782819 0.00879534 0.00983872 0.010958 0.0121519 0.0134182 0.0147535 0.0161534 0.0176121 0.0191231 0.0206784 0.0222692 0.0238857 0.025517 0.0271515 0.0287771 0.030381 0.03195 0.033471 0.0349305 0.0363154 0.0376131 0.0388112 0.0398984 0.0408641 0.0416987 0.0423939 0.0429427 0.0433397 0.0435807 0.0436634 0.0435869 0.043352 0.0429612 0.0424184 0.0417292 0.0409006 0.0399409 0.0388595 0.0376669 0.0363748 0.0349951 0.0335406 0.0320245 0.0304599 0.0288602 0.0272384 0.0256072 0.0239789 0.0223649 0.020776 0.0192221 0.017712 0.0162536 0.0148536 0.0135175 0.01225 0.0110542 0.00993261 0.00888647 0.00791614 0.00702113 0.00620016 0.00545129 0.00477201 0.00415933 0.00360991 0.00312014 0.00268626 0.00230442 0.00197079 0.00168164 0.00143338 0.00122267 0.00104641 0.000901866 0.000786628 0.000698696 0.000636483 0.000598906 
0.00067872 0.000690263 0.000729194 0.00079636 0.000893043 0.00102102 0.00118255 0.00138033 0.00161747 0.00189745 0.00222405 0.00260132 0.00303346 0.00352479 0.00407964 0.00470223 0.00539659 0.00616646 0.00701514 0.00794539 0.00895933 0.0100583 0.0112427 0.0125121 0.0138649 0.0152983 0.0168084 0.01839 0.0200368 0.021741 0.0234937 0.0252849 0.0271035 0.0289374 0.0307735 0.0325983 0.0343973 0.0361562 0.03786 0.0394941 0.0410438 0.0424951 0.0438344 0.0450491 0.0461276 0.0470594 0.0478352 0.0484474 0.04889 0.0491585 0.0492502 0.0491643 0.0489016 0.0484648 0.0478582 0.0470881 0.0461621 0.0450893 0.0438802 0.0425464 0.0411005 0.0395561 0.0379272 0.0362283 0.0344742 0.0326795 0.0308589 0.0290265 0.027196 0.0253803 0.0235914 0.0218406 0.0201378 0.0184918 0.0169105 0.0154 0.0139657 0.0126115 0.0113402 0.0101533 0.00905135 0.00803403 0.00710002 0.00624725 0.00547301 0.00477404 0.00414668 0.00358693 0.00309062 0.00265347 0.00227119 0.00193962 0.00165473 0.00141275 0.00121023 0.00104405 0.000911522 0.000810373 0.000738814 0.000695624 
0.000794882 0.000808415 0.000853759 0.00093188 0.00104424 0.00119287 0.00138033 0.0016097 0.0018845 0.00220868 0.00258652 0.00302259 0.00352163 0.0040885 0.00472803 0.00544494 0.00624372 0.00712849 0.00810285 0.0091698 0.0103316 0.0115895 0.012944 0.0143941 0.015938 0.0175724 0.0192926 0.0210925 0.0229648 0.0249007 0.02689 0.0289212 0.0309817 0.0330578 0.0351348 0.0371974 0.0392295 0.0412148 0.0431367 0.0449788 0.0467247 0.0483589 0.0498663 0.0512328 0.0524455 0.0534928 0.0543644 0.0550521 0.0555489 0.05585 0.0559524 0.0558552 0.0555594 0.0550679 0.0543856 0.0535192 0.0524773 0.05127 0.0499089 0.0484069 0.046778 0.0450373 0.0432005 0.0412836 0.0393032 0.0372758 0.0352177 0.0331449 0.0310726 0.0290155 0.0269873 0.0250005 0.0230665 0.0211956 0.0193965 0.0176765 0.0160418 0.0144969 0.0130452 0.0116886 0.010428 0.00926313 0.00819259 0.00721425 0.00632516 0.00552176 0.00479999 0.00415542 0.00358339 0.0030791 0.00263775 0.00225462 0.00192519 0.00164519 0.00141069 0.00121817 0.00106458 0.000947323 0.000864378 0.00081435 
0.00093457 0.000950491 0.0010035 0.00109471 0.0012258 0.00139907 0.00161747 0.0018845 0.00220418 0.00258099 0.00301982 0.00352581 0.00410436 0.00476091 0.00550092 0.00632966 0.00725213 0.00827288 0.00939588 0.0106244 0.0119607 0.0134062 0.014961 0.0166241 0.0183929 0.0202635 0.0222305 0.0242867 0.0264236 0.028631 0.0308972 0.0332092 0.0355526 0.0379117 0.04027 0.0426101 0.0449139 0.0471631 0.049339 0.0514232 0.0533976 0.0552445 0.0569472 0.05849 0.0598586 0.0610399 0.0620229 0.0627979 0.0633576 0.0636966 0.0638114 0.0637012 0.0633669 0.0628119 0.0620416 0.0610635 0.059887 0.0585234 0.0569856 0.055288 0.0534464 0.0514773 0.0493983 0.0472276 0.0449835 0.0426847 0.0403495 0.0379958 0.035641 0.0333017 0.0309933 0.0287301 0.0265254 0.0243905 0.0223358 0.0203697 0.0184993 0.0167301 0.015066 0.0135095 0.0120618 0.0107227 0.00949085 0.00836403 0.00733905 0.00641197 0.00557832 0.00483316 0.00417125 0.00358722 0.00307565 0.00263121 0.00224876 0.00192347 0.00165088 0.00142697 0.00124825 0.00111179 0.00101527 0.000957087 
0.0011 0.00111874 0.00118078 0.00128739 0.00144048 0.00164272 0.00189745 0.00220868 0.00258099 0.00301951 0.00352975 0.00411759 0.0047891 0.00555045 0.00640776 0.00736694 0.00843357 0.00961266 0.0109086 0.0123248 0.0138638 0.0155269 0.017314 0.0192237 0.0212527 0.0233965 0.0256484 0.0280004 0.0304423 0.0329625 0.0355475 0.0381824 0.0408507 0.0435348 0.0462158 0.048874 0.0514891 0.0540403 0.0565068 0.0588679 0.0611031 0.0631929 0.0651185 0.0668625 0.0684088 0.0697431 0.0708528 0.0717275 0.0723588 0.0727408 0.0728698 0.0727446 0.0723665 0.0717391 0.0708685 0.069763 0.068433 0.0668911 0.0651518 0.063231 0.0611462 0.0589161 0.0565603 0.0540991 0.0515532 0.0489434 0.0462905 0.0436146 0.0409355 0.0382718 0.0356412 0.03306 0.0305433 0.0281042 0.0257545 0.0235042 0.0213614 0.0193327 0.0174227 0.0156345 0.0139696 0.0124282 0.011009 0.00970948 0.0085263 0.00745515 0.00649104 0.00562848 0.0048616 0.00418437 0.00359066 0.00307444 0.00262989 0.00225153 0.00193426 0.00167351 0.00146531 0.0013063 0.00119383 0.00112608 
0.00129361 0.00131564 0.00138818 0.00151267 0.00169133 0.00192718 0.00222405 0.00258652 0.00301982 0.00352975 0.00412261 0.00480504 0.00558391 0.00646618 0.00745871 0.00856813 0.00980062 0.0111617 0.0126563 0.0142879 0.0160593 0.0179715 0.0200243 0.0222157 0.0245419 0.0269972 0.0295739 0.0322625 0.0350513 0.0379269 0.0408738 0.0438749 0.0469115 0.0499634 0.0530094 0.0560271 0.0589937 0.0618858 0.06468 0.0673529 0.0698819 0.0722451 0.0744214 0.0763916 0.0781377 0.0796437 0.0808958 0.0818823 0.082594 0.0830243 0.0831691 0.0830272 0.0825999 0.0818912 0.0809079 0.0796592 0.0781567 0.0764145 0.0744484 0.0722764 0.0699179 0.0673938 0.064726 0.0619373 0.0590507 0.0560897 0.0530777 0.0500374 0.046991 0.0439597 0.0409637 0.0380216 0.0351503 0.0323652 0.0296798 0.0271056 0.0246522 0.0223272 0.0201361 0.0180829 0.0161695 0.0143963 0.0127621 0.0112643 0.00989937 0.00866248 0.00754817 0.00655033 0.00566241 0.00487759 0.00418899 0.0035898 0.00307341 0.0026336 0.00226458 0.00196116 0.00171877 0.00153361 0.00140265 0.00132381 
0.001518 0.00154383 0.00162845 0.00177353 0.00198157 0.00225605 0.00260132 0.00302259 0.00352581 0.00411759 0.00480504 0.00559568 0.00649726 0.0075176 0.0086644 0.00994505 0.0113664 0.0129346 0.0146547 0.0165309 0.0185657 0.0207602 0.0231137 0.0256236 0.0282853 0.031092 0.0340347 0.0371022 0.0402811 0.0435559 0.0469089 0.0503205 0.0537695 0.0572331 0.0606871 0.0641064 0.0674653 0.0707374 0.0738966 0.0769169 0.0797727 0.0824398 0.0848948 0.0871161 0.0890839 0.0907805 0.0921905 0.093301 0.0941018 0.0945856 0.0947479 0.0945873 0.0941054 0.0933065 0.0921982 0.0907907 0.0890968 0.087132 0.0849141 0.0824629 0.0798001 0.0769489 0.0739337 0.0707798 0.0675134 0.0641604 0.0607472 0.0572994 0.053842 0.0503992 0.0469935 0.0436461 0.0403766 0.0372025 0.0341392 0.0312 0.0283962 0.0257366 0.023228 0.020875 0.0186801 0.016644 0.0147658 0.0130429 0.0114712 0.0100457 0.00876024 0.00760814 0.00658204 0.00567432 0.00487723 0.00418309 0.00358445 0.00307422 0.00264587 0.00229347 0.00201185 0.00179668 0.00164448 0.00155291 
0.00177592 0.00180611 0.00190453 0.00207308 0.00231462 0.00263309 0.00303346 0.00352163 0.00410436 0.0047891 0.00558391 0.00649726 0.00753787 0.00871449 0.0100357 0.0115098 0.0131442 0.0149458 0.0169201 0.0190713 0.0214021 0.0239134 0.0266039 0.0294705 0.0325075 0.0357068 0.0390579 0.0425479 0.0461613 0.0498801 0.0536843 0.0575517 0.061458 0.0653775 0.069283 0.0731463 0.0769384 0.08063 0.0841917 0.0875945 0.0908102 0.0938116 0.0965729 0.0990702 0.101282 0.103187 0.10477 0.106017 0.106915 0.107458 0.107639 0.107458 0.106916 0.106019 0.104773 0.103191 0.101287 0.099078 0.0965833 0.0938251 0.0908274 0.0876159 0.0842179 0.0806615 0.0769756 0.0731897 0.0693329 0.0654341 0.0615215 0.0576221 0.0537616 0.049964 0.0462515 0.0426441 0.0391595 0.0358131 0.0326178 0.029584 0.0267198 0.0240306 0.0215198 0.0191886 0.0170361 0.0150596 0.0132549 0.0116166 0.010138 0.00881152 0.00762911 0.00658222 0.00566217 0.00486034 0.0041683 0.00357809 0.00308229 0.00267419 0.00234794 0.00209859 0.00192223 0.00181616 
0.00207021 0.00210535 0.00221941 0.00241453 0.00269396 0.00306218 0.00352479 0.0040885 0.00476091 0.00555045 0.00646618 0.0075176 0.00871449 0.0100666 0.0115835 0.0132743 0.0151474 0.0172099 0.019468 0.0219261 0.0245867 0.0274506 0.030516 0.0337787 0.0372319 0.0408662 0.0446693 0.0486263 0.0527192 0.0569278 0.061229 0.0655978 0.0700067 0.0744268 0.0788275 0.0831771 0.0874434 0.0915936 0.0955949 0.0994153 0.103023 0.106389 0.109484 0.112282 0.114758 0.116891 0.118662 0.120057 0.121061 0.121667 0.121869 0.121666 0.121059 0.120054 0.118659 0.116888 0.114755 0.11228 0.109484 0.106391 0.103029 0.0994242 0.0956082 0.0916119 0.0874675 0.0832076 0.0788648 0.0744714 0.0700588 0.0656577 0.0612967 0.0570032 0.0528022 0.0487164 0.0447661 0.040969 0.03734 0.0338912 0.0306321 0.0275693 0.024707 0.0220469 0.0195883 0.0173287 0.0152636 0.0133872 0.0116921 0.0101701 0.00881226 0.00760901 0.00655069 0.00562763 0.0048304 0.00415001 0.00357812 0.00310715 0.00273049 0.00244255 0.00223888 0.00211646 
0.00240375 0.00244449 0.00257613 0.00280112 0.00312312 0.00354718 0.00407964 0.00472803 0.00550092 0.00640776 0.00745871 0.0086644 0.0100357 0.0115835 0.0133184 0.0152504 0.0173885 0.0197408 0.0223136 0.0251115 0.0281371 0.0313905 0.0348695 0.0385687 0.0424802 0.0465927 0.0508922 0.0553612 0.0599795 0.0647238 0.0695682 0.0744841 0.0794409 0.0844061 0.0893453 0.0942234 0.0990042 0.103652 0.108129 0.112401 0.116434 0.120193 0.123648 0.12677 0.129531 0.131909 0.133883 0.135437 0.136555 0.13723 0.137454 0.137227 0.13655 0.135429 0.133874 0.131898 0.129519 0.126757 0.123636 0.120182 0.116425 0.112396 0.108128 0.103655 0.099013 0.0942386 0.0893677 0.0844362 0.0794793 0.0745311 0.0696239 0.0647884 0.0600529 0.0554431 0.0509821 0.0466901 0.0425843 0.0386787 0.0349844 0.0315094 0.0282587 0.0252348 0.0224374 0.0198639 0.0175099 0.0153689 0.0134331 0.0116934 0.01014 0.00876228 0.00754955 0.006491 0.00557609 0.00479476 0.00413763 0.0035962 0.00316301 0.00283177 0.00259748 0.00245671 
0.00277939 0.0028264 0.00297771 0.00323605 0.00360556 0.00409192 0.00470223 0.00544494 0.00632966 0.00736694 0.00856813 0.00994505 0.0115098 0.0132743 0.0152504 0.0174489 0.0198797 0.0225514 0.0254707 0.0286424 0.0320689 0.0357498 0.0396819 0.0438589 0.0482712 0.0529058 0.0577463 0.0627729 0.0679624 0.0732885 0.0787219 0.0842306 0.0897802 0.0953343 0.100855 0.106302 0.111637 0.116819 0.121809 0.126566 0.131053 0.135234 0.139075 0.142543 0.14561 0.14825 0.15044 0.152163 0.153404 0.154151 0.1544 0.154147 0.153394 0.15215 0.150423 0.148229 0.145587 0.142518 0.139049 0.135209 0.131029 0.126544 0.12179 0.116805 0.111628 0.1063 0.10086 0.0953474 0.0898022 0.0842621 0.0787632 0.0733398 0.0680238 0.0628442 0.0578271 0.0529957 0.0483694 0.0439645 0.039794 0.0358673 0.0321906 0.0287671 0.025597 0.0226781 0.0200055 0.0175725 0.0153707 0.0133903 0.0116203 0.0100493 0.00866528 0.00745629 0.00641061 0.00551701 0.00476501 0.00414511 0.00364893 0.00326944 0.00300101 0.00283979 
0.00319989 0.0032539 0.00342705 0.00372242 0.00414463 0.00470004 0.00539659 0.00624372 0.00725213 0.00843357 0.00980062 0.0113664 0.0131442 0.0151474 0.0173885 0.0198797 0.0226315 0.0256532 0.0289517 0.0325319 0.0363958 0.0405426 0.0449681 0.0496644 0.0546205 0.0598211 0.0652474 0.0708769 0.0766832 0.0826367 0.0887045 0.0948506 0.101037 0.107223 0.113366 0.119423 0.12535 0.131103 0.136638 0.141912 0.146883 0.151512 0.155762 0.159598 0.162989 0.165906 0.168326 0.170229 0.171598 0.172423 0.172697 0.172417 0.171585 0.170209 0.168301 0.165876 0.162954 0.15956 0.155722 0.151471 0.146842 0.141871 0.1366 0.131069 0.125321 0.1194 0.113351 0.107216 0.10104 0.0948638 0.0887284 0.0826719 0.0767298 0.0709349 0.0653166 0.059901 0.0547104 0.0497636 0.0450754 0.040657 0.036516 0.0326564 0.0290793 0.0257823 0.0227609 0.0200078 0.017514 0.015269 0.0132608 0.0114768 0.00990396 0.00852897 0.00733886 0.00632117 0.00546424 0.00475748 0.00419156 0.00375862 0.00345237 0.00326851 
0.00366788 0.00372963 0.0039269 0.00426312 0.00474344 0.00537494 0.00616646 0.00712849 0.00827288 0.00961266 0.0111617 0.0129346 0.0149458 0.0172099 0.0197408 0.0225514 0.0256532 0.0290558 0.0327666 0.0367904 0.0411289 0.0457802 0.0507392 0.0559966 0.0615392 0.0673495 0.0734059 0.0796829 0.0861508 0.0927763 0.0995226 0.10635 0.113215 0.120074 0.126879 0.133584 0.140139 0.146497 0.152609 0.158429 0.163912 0.169015 0.173696 0.177919 0.181651 0.18486 0.187521 0.189613 0.191117 0.192023 0.192323 0.192015 0.1911 0.189587 0.187487 0.184819 0.181604 0.177867 0.17364 0.168955 0.163852 0.158369 0.15255 0.146441 0.140088 0.133538 0.126841 0.120045 0.113196 0.106342 0.0995264 0.0927926 0.0861799 0.0797249 0.0734608 0.0674168 0.0616184 0.0560869 0.0508396 0.0458895 0.0412456 0.0369133 0.0328941 0.0291862 0.025785 0.022683 0.0198707 0.0173366 0.0150679 0.0130509 0.0112711 0.00971398 0.00836531 0.00721128 0.00623898 0.00543667 0.00479398 0.00430218 0.00395428 0.0037455 
0.00418572 0.004256 0.00447975 0.00486078 0.0054048 0.00611965 0.00701514 0.00810285 0.00939588 0.0109086 0.0126563 0.0146547 0.0169201 0.019468 0.0223136 0.0254707 0.0289517 0.0327666 0.0369231 0.0414257 0.0462756 0.0514702 0.0570027 0.0628623 0.0690335 0.0754963 0.0822263 0.0891943 0.0963673 0.103708 0.111175 0.118724 0.126309 0.13388 0.141385 0.148773 0.15599 0.162984 0.169704 0.176097 0.182116 0.187714 0.192847 0.197475 0.201563 0.205076 0.207989 0.210277 0.211923 0.212914 0.213241 0.212903 0.211901 0.210245 0.207946 0.205024 0.201502 0.197408 0.192773 0.187636 0.182035 0.176015 0.169622 0.162905 0.155914 0.148703 0.141322 0.133826 0.126266 0.118693 0.111156 0.103702 0.096376 0.0892175 0.082264 0.0755484 0.0690994 0.0629413 0.0570938 0.0515721 0.0463871 0.0415451 0.0370488 0.0328969 0.0290848 0.0256048 0.022447 0.019599 0.0170472 0.0147764 0.0127712 0.0110156 0.00949386 0.0081909 0.00709248 0.00618565 0.00545896 0.00490273 0.00450923 0.00427316 
0.00475548 0.0048351 0.00508776 0.00551765 0.00613109 0.00693673 0.00794539 0.0091698 0.0106244 0.0123248 0.0142879 0.0165309 0.0190713 0.0219261 0.0251115 0.0286424 0.0325319 0.0367904 0.0414257 0.0464421 0.05184 0.0576157 0.0637611 0.0702631 0.077104 0.084261 0.0917063 0.0994072 0.107327 0.115423 0.123652 0.131962 0.140304 0.148623 0.156863 0.164966 0.172876 0.180535 0.187888 0.194879 0.201456 0.207569 0.213171 0.21822 0.222676 0.226505 0.229678 0.232171 0.233963 0.235041 0.235396 0.235027 0.233935 0.23213 0.229626 0.226441 0.222601 0.218135 0.213079 0.20747 0.201353 0.194773 0.187781 0.18043 0.172773 0.164869 0.156772 0.148542 0.140234 0.131904 0.123607 0.115393 0.107312 0.0994087 0.0917241 0.0842951 0.077154 0.0703283 0.0638405 0.0577081 0.051944 0.0465561 0.0415479 0.036919 0.0326648 0.0287778 0.0252474 0.0220606 0.0192027 0.0166575 0.0144081 0.0124372 0.0107277 0.00926294 0.00802745 0.00700695 0.00618884 0.00556247 0.00511933 0.00485357 
0.00537884 0.00546864 0.00575265 0.00623553 0.00692421 0.00782819 0.00895933 0.0103316 0.0119607 0.0138638 0.0160593 0.0185657 0.0214021 0.0245867 0.0281371 0.0320689 0.0363958 0.0411289 0.0462756 0.05184 0.0578216 0.0642155 0.0710117 0.0781951 0.0857452 0.093636 0.101836 0.11031 0.119015 0.127906 0.136932 0.146041 0.155174 0.164274 0.173279 0.182127 0.190757 0.199106 0.207115 0.214724 0.221878 0.228523 0.234609 0.24009 0.244926 0.24908 0.252521 0.255222 0.257164 0.258332 0.258717 0.258316 0.257132 0.255175 0.252458 0.249004 0.244837 0.239989 0.234497 0.228403 0.221752 0.214594 0.206982 0.198973 0.190626 0.182001 0.173159 0.164163 0.155074 0.145953 0.136859 0.127848 0.118974 0.110287 0.101831 0.0936493 0.0857764 0.0782438 0.0710769 0.064296 0.0579159 0.0519465 0.0463924 0.041254 0.0365272 0.0322043 0.0282744 0.0247238 0.021537 0.0186965 0.0161841 0.0139811 0.012069 0.0104296 0.00904594 0.0079025 0.00698548 0.0062832 0.00578632 0.00548842 
0.00605702 0.00615782 0.00647569 0.00701571 0.00778546 0.00879534 0.0100583 0.0115895 0.0134062 0.0155269 0.0179715 0.0207602 0.0239134 0.0274506 0.0313905 0.0357498 0.0405426 0.0457802 0.0514702 0.0576157 0.0642155 0.0712631 0.0787465 0.0866482 0.0949447 0.103607 0.112599 0.121882 0.131409 0.141129 0.150987 0.160926 0.170882 0.180791 0.190589 0.200207 0.20958 0.21864 0.227324 0.235569 0.243314 0.250504 0.257085 0.263009 0.268233 0.272718 0.276432 0.279347 0.281442 0.282701 0.283115 0.282682 0.281404 0.279292 0.276359 0.272629 0.268129 0.262891 0.256954 0.250363 0.243165 0.235413 0.227164 0.218479 0.209419 0.20005 0.190437 0.180648 0.170749 0.160806 0.150883 0.141041 0.131339 0.121832 0.112569 0.103596 0.0949545 0.0866776 0.0787948 0.0713291 0.0642978 0.0577126 0.0515796 0.0459001 0.0406707 0.0358837 0.0315279 0.0275892 0.0240508 0.0208944 0.0181004 0.0156486 0.013519 0.0116921 0.0101492 0.00887358 0.00785014 0.00706615 0.00651141 0.00617893 
0.00679071 0.00690335 0.00725753 0.00785881 0.00871544 0.00983872 0.0112427 0.012944 0.014961 0.017314 0.0200243 0.0231137 0.0266039 0.030516 0.0348695 0.0396819 0.0449681 0.0507392 0.0570027 0.0637611 0.0710117 0.0787465 0.0869513 0.0956057 0.104683 0.114151 0.12397 0.134095 0.144476 0.155056 0.165777 0.176573 0.187378 0.198122 0.208735 0.219144 0.229278 0.239067 0.248441 0.257334 0.265682 0.273426 0.28051 0.286884 0.292501 0.297322 0.301312 0.304442 0.306691 0.308043 0.308487 0.308022 0.306649 0.304379 0.301229 0.29722 0.292382 0.286748 0.28036 0.273263 0.265508 0.257152 0.248253 0.238875 0.229086 0.218954 0.20855 0.197946 0.187212 0.17642 0.165639 0.154936 0.144375 0.134015 0.123911 0.114114 0.104669 0.0956134 0.0869802 0.0787957 0.0710797 0.0638461 0.0571028 0.050852 0.0450912 0.0398128 0.0350056 0.0306548 0.0267429 0.0232504 0.0201565 0.0174396 0.015078 0.0130507 0.0113377 0.00992068 0.00878337 0.00791192 0.00729525 0.00692575 
0.00757995 0.00770525 0.00809819 0.00876478 0.00971397 0.010958 0.0125121 0.0143941 0.0166241 0.0192237 0.0222157 0.0256236 0.0294705 0.0337787 0.0385687 0.0438589 0.0496644 0.0559966 0.0628623 0.0702631 0.0781951 0.0866482 0.0956057 0.105045 0.114935 0.125239 0.135914 0.146911 0.158174 0.169642 0.18125 0.192928 0.204603 0.216202 0.227648 0.238863 0.249773 0.260302 0.270376 0.279926 0.288884 0.297188 0.30478 0.311606 0.317619 0.322777 0.327044 0.330392 0.332796 0.33424 0.334715 0.334216 0.332749 0.330322 0.326952 0.322663 0.317485 0.311453 0.30461 0.297003 0.288686 0.279717 0.27016 0.26008 0.24955 0.238641 0.227429 0.215991 0.204402 0.192739 0.181077 0.169487 0.15804 0.146799 0.135825 0.125174 0.114894 0.105028 0.0956128 0.0866781 0.0782464 0.0703341 0.0629508 0.0561004 0.0497808 0.0439852 0.0387021 0.0339165 0.0296099 0.0257619 0.0223504 0.0193523 0.0167446 0.0145046 0.0126108 0.0110434 0.00978496 0.00882043 0.00813783 0.00772893 
0.00842414 0.00856291 0.00899696 0.00973278 0.01078 0.0121519 0.0138649 0.015938 0.0183929 0.0212527 0.0245419 0.0282853 0.0325075 0.0372319 0.0424802 0.0482712 0.0546205 0.0615392 0.0690335 0.077104 0.0857452 0.0949447 0.104683 0.114935 0.125665 0.136833 0.148391 0.160285 0.172453 0.184831 0.197346 0.209924 0.222487 0.234955 0.247246 0.259279 0.270973 0.282249 0.293029 0.303239 0.31281 0.321676 0.329775 0.337054 0.343463 0.348957 0.353501 0.357065 0.359623 0.361159 0.361664 0.361133 0.359571 0.356987 0.3534 0.348832 0.343314 0.336885 0.329587 0.321469 0.312588 0.303005 0.292784 0.281997 0.270718 0.259023 0.246993 0.234707 0.222249 0.209699 0.197136 0.18464 0.172283 0.160138 0.148269 0.136736 0.125595 0.114891 0.104666 0.0949529 0.0857775 0.0771587 0.0691084 0.0616319 0.0547283 0.0483912 0.0426094 0.0373674 0.0326461 0.0284242 0.0246782 0.0213838 0.0185164 0.0160517 0.0139668 0.0122405 0.0108539 0.00979081 0.00903842 0.00858783 
0.00932192 0.00947493 0.00995234 0.0107611 0.0119117 0.0134182 0.0152983 0.0175724 0.0202635 0.0233965 0.0269972 0.031092 0.0357068 0.0408662 0.0465927 0.0529058 0.0598211 0.0673495 0.0754963 0.084261 0.093636 0.103607 0.114151 0.125239 0.136833 0.148887 0.16135 0.17416 0.187253 0.200557 0.213995 0.227486 0.240948 0.254294 0.267438 0.280294 0.292776 0.304801 0.316287 0.327157 0.337339 0.346763 0.355368 0.363096 0.369896 0.375724 0.380542 0.384318 0.387029 0.388657 0.389191 0.388628 0.386973 0.384234 0.380431 0.375587 0.369735 0.362911 0.355161 0.346536 0.337094 0.326897 0.316015 0.304519 0.292489 0.280005 0.26715 0.25401 0.240673 0.227223 0.213747 0.200328 0.187046 0.173977 0.161192 0.148757 0.136731 0.125167 0.114107 0.103591 0.0936472 0.0842973 0.0755556 0.0674292 0.0599186 0.0530179 0.0467163 0.040998 0.0358435 0.0312304 0.0271342 0.0235292 0.0203893 0.0176887 0.0154031 0.0135096 0.0119881 0.0108214 0.00999552 0.00950104 
0.0102712 0.0104391 0.010962 0.0118473 0.0131061 0.0147535 0.0168084 0.0192926 0.0222305 0.0256484 0.0295739 0.0340347 0.0390579 0.0446693 0.0508922 0.0577463 0.0652474 0.0734059 0.0822263 0.0917063 0.101836 0.112599 0.12397 0.135914 0.148391 0.16135 0.174733 0.188475 0.202506 0.216748 0.231117 0.24553 0.259895 0.274123 0.288122 0.301801 0.315069 0.327839 0.340027 0.351551 0.362338 0.372314 0.381417 0.389588 0.396773 0.402928 0.408015 0.412 0.41486 0.416577 0.417141 0.416547 0.4148 0.41191 0.407896 0.402782 0.396599 0.389388 0.381194 0.372068 0.362071 0.351268 0.339728 0.327529 0.314751 0.301478 0.287799 0.273804 0.259583 0.245229 0.230831 0.21648 0.20226 0.188254 0.174539 0.161185 0.148257 0.135811 0.123898 0.112558 0.101824 0.0917222 0.082268 0.0734709 0.0653328 0.0578489 0.0510085 0.044796 0.0391914 0.0341715 0.0297107 0.025782 0.0223578 0.019411 0.0169156 0.0148473 0.0131848 0.0119095 0.0110068 0.0104664 
0.0112689 0.0114525 0.0120228 0.0129878 0.0143592 0.0161534 0.01839 0.0210925 0.0242867 0.0280004 0.0322625 0.0371022 0.0425479 0.0486263 0.0553612 0.0627729 0.0708769 0.0796829 0.0891943 0.0994072 0.11031 0.121882 0.134095 0.146911 0.160285 0.17416 0.188475 0.20316 0.218136 0.233321 0.248626 0.263961 0.279231 0.294338 0.309188 0.323683 0.33773 0.351238 0.364118 0.376287 0.387667 0.398185 0.407776 0.416378 0.42394 0.430414 0.435761 0.43995 0.442955 0.444759 0.445351 0.444727 0.442892 0.439855 0.435636 0.430258 0.423755 0.416166 0.407537 0.397921 0.387381 0.37598 0.363794 0.3509 0.337383 0.323329 0.308831 0.293983 0.278881 0.263622 0.248301 0.233014 0.217851 0.2029 0.188244 0.173959 0.160116 0.146775 0.133992 0.121813 0.110273 0.0994009 0.0892166 0.0797313 0.0709485 0.0628643 0.0554689 0.0487465 0.042677 0.0372364 0.0323981 0.0281339 0.0244149 0.0212125 0.0184991 0.0162492 0.0144399 0.0130518 0.012069 0.0114808 
0.0123113 0.0125112 0.0131306 0.0141781 0.0156663 0.0176121 0.0200368 0.0229648 0.0264236 0.0304423 0.0350513 0.0402811 0.0461613 0.0527192 0.0599795 0.0679624 0.0766832 0.0861508 0.0963673 0.107327 0.119015 0.131409 0.144476 0.158174 0.172453 0.187253 0.202506 0.218136 0.234059 0.250188 0.266427 0.282681 0.298848 0.314827 0.330518 0.345819 0.360632 0.374864 0.388422 0.40122 0.41318 0.424225 0.434289 0.44331 0.451235 0.458018 0.463617 0.468002 0.471147 0.473035 0.473654 0.473002 0.471081 0.467903 0.463486 0.457855 0.451042 0.443086 0.434036 0.423946 0.412875 0.400894 0.388075 0.374501 0.360257 0.345434 0.330128 0.314437 0.298462 0.282303 0.266063 0.249841 0.233735 0.217837 0.202236 0.187015 0.172248 0.158004 0.144341 0.13131 0.118951 0.107296 0.0963685 0.0861811 0.0767394 0.0680412 0.0600771 0.0528317 0.0462847 0.0404116 0.0351848 0.030575 0.026552 0.0230857 0.0201472 0.0177095 0.0157486 0.0142437 0.0131781 0.0125405 
0.0133938 0.0136105 0.0142805 0.015413 0.0170212 0.0191231 0.021741 0.0249007 0.028631 0.0329625 0.0379269 0.0435559 0.0498801 0.0569278 0.0647238 0.0732885 0.0826367 0.0927763 0.103708 0.115423 0.127906 0.141129 0.155056 0.169642 0.184831 0.200557 0.216748 0.233321 0.250188 0.267254 0.284419 0.301581 0.318634 0.335472 0.351988 0.368079 0.383642 0.398579 0.412796 0.426205 0.438725 0.450279 0.460799 0.470224 0.478498 0.485575 0.491416 0.495989 0.499267 0.501235 0.501881 0.501201 0.499199 0.495887 0.491281 0.485407 0.478297 0.469991 0.460536 0.449986 0.438405 0.42586 0.412428 0.398192 0.38324 0.367665 0.351568 0.335049 0.318213 0.301167 0.284017 0.266868 0.249824 0.232982 0.216438 0.20028 0.184589 0.169437 0.154889 0.140999 0.127814 0.115368 0.103686 0.0927869 0.0826761 0.0733532 0.06481 0.0570313 0.0499968 0.0436815 0.0380572 0.0330934 0.0287588 0.0250218 0.0218522 0.0192217 0.0171048 0.0154798 0.0143291 0.0136407 
0.0145109 0.0147447 0.0154666 0.016686 0.018417 0.0206784 0.0234937 0.02689 0.0308972 0.0355475 0.0408738 0.0469089 0.0536843 0.061229 0.0695682 0.0787219 0.0887045 0.0995226 0.111175 0.123652 0.136932 0.150987 0.165777 0.18125 0.197346 0.213995 0.231117 0.248626 0.266427 0.284419 0.302497 0.320552 0.338474 0.356151 0.373473 0.390332 0.406622 0.422241 0.437095 0.451093 0.464151 0.476192 0.487148 0.496957 0.505563 0.512921 0.518991 0.523741 0.527147 0.52919 0.52986 0.529155 0.527077 0.523637 0.518852 0.512748 0.505356 0.496716 0.486876 0.475888 0.463817 0.450732 0.43671 0.421834 0.406196 0.389892 0.373024 0.355696 0.338019 0.320103 0.302058 0.283996 0.266024 0.248249 0.230769 0.21368 0.197066 0.181009 0.165575 0.150826 0.136811 0.123569 0.11113 0.0995121 0.0887257 0.0787713 0.0696417 0.0613224 0.0537932 0.0470287 0.0410001 0.0356759 0.0310237 0.0270107 0.0236052 0.0207777 0.0185016 0.0167539 0.0155162 0.0147758 
0.0156562 0.0159076 0.0166822 0.01799 0.0198458 0.0222692 0.0252849 0.0289212 0.0332092 0.0381824 0.0438749 0.0503205 0.0575517 0.0655978 0.0744841 0.0842306 0.0948506 0.10635 0.118724 0.131962 0.146041 0.160926 0.176573 0.192928 0.209924 0.227486 0.24553 0.263961 0.282681 0.301581 0.320552 0.339479 0.358247 0.37674 0.394843 0.412444 0.429434 0.44571 0.461174 0.475733 0.489304 0.501809 0.513178 0.523349 0.53227 0.539892 0.546177 0.551094 0.554618 0.556732 0.557426 0.556697 0.554548 0.550988 0.546036 0.539716 0.532059 0.523104 0.512899 0.501496 0.48896 0.475359 0.460773 0.445285 0.428988 0.41198 0.394367 0.376256 0.357761 0.338996 0.320077 0.301121 0.28224 0.263545 0.245143 0.227133 0.209607 0.19265 0.176337 0.160732 0.145889 0.131853 0.118654 0.106317 0.0948527 0.0842636 0.0745439 0.06568 0.0576517 0.0504336 0.0439963 0.0383075 0.0333337 0.0290409 0.0253963 0.0223689 0.019931 0.0180587 0.0167326 0.0159394 
0.0168227 0.0170918 0.0179197 0.0193169 0.0212986 0.0238857 0.0271035 0.0309817 0.0355526 0.0408507 0.0469115 0.0537695 0.061458 0.0700067 0.0794409 0.0897802 0.101037 0.113215 0.126309 0.140304 0.155174 0.170882 0.187378 0.204603 0.222487 0.240948 0.259895 0.279231 0.298848 0.318634 0.338474 0.358247 0.377834 0.397114 0.415968 0.434281 0.451941 0.468843 0.484887 0.499979 0.514034 0.526976 0.538733 0.549245 0.558459 0.566327 0.572813 0.577885 0.581519 0.5837 0.584416 0.583665 0.581449 0.57778 0.572672 0.566151 0.558247 0.548998 0.53845 0.526658 0.513683 0.499595 0.484473 0.468403 0.451477 0.433797 0.415468 0.396604 0.377319 0.357733 0.337966 0.318138 0.29837 0.278777 0.259471 0.240557 0.222133 0.20429 0.187107 0.170655 0.154992 0.140166 0.126214 0.11316 0.101019 0.0897958 0.0794861 0.0700768 0.0615483 0.053875 0.0470272 0.0409718 0.0356744 0.0310998 0.0272141 0.0239852 0.0213842 0.0193861 0.0179707 0.0171243 
0.0180026 0.0182895 0.019171 0.0206578 0.0227659 0.025517 0.0289374 0.0330578 0.0379117 0.0435348 0.0499634 0.0572331 0.0653775 0.0744268 0.0844061 0.0953343 0.107223 0.120074 0.13388 0.148623 0.164274 0.180791 0.198122 0.216202 0.234955 0.254294 0.274123 0.294338 0.314827 0.335472 0.356151 0.37674 0.397114 0.417148 0.43672 0.455712 0.474008 0.491503 0.508093 0.523686 0.538196 0.551546 0.563665 0.574494 0.583979 0.592075 0.598746 0.603961 0.607697 0.609938 0.610675 0.609904 0.607628 0.603857 0.598607 0.5919 0.583767 0.574246 0.563381 0.551225 0.53784 0.523296 0.507671 0.49105 0.473529 0.455209 0.4362 0.416614 0.396572 0.376196 0.355611 0.334943 0.314315 0.293849 0.273662 0.253866 0.234564 0.215853 0.197817 0.180532 0.164061 0.148456 0.133758 0.119995 0.107184 0.0953318 0.0844358 0.074484 0.0654573 0.0573303 0.0500727 0.0436512 0.0380303 0.0331739 0.0290468 0.025616 0.0228515 0.0207273 0.0192224 0.0183226 
0.0191875 0.0194922 0.020427 0.0220032 0.0242372 0.0271515 0.0307735 0.0351348 0.04027 0.0462158 0.0530094 0.0606871 0.069283 0.0788275 0.0893453 0.100855 0.113366 0.126879 0.141385 0.156863 0.173279 0.190589 0.208735 0.227648 0.247246 0.267438 0.288122 0.309188 0.330518 0.351988 0.373473 0.394843 0.415968 0.43672 0.456974 0.476607 0.495503 0.513554 0.530657 0.546718 0.561651 0.575378 0.587832 0.598952 0.608686 0.616991 0.62383 0.629176 0.633005 0.635301 0.636057 0.635268 0.632937 0.629074 0.623694 0.616819 0.608477 0.598706 0.587549 0.575058 0.561293 0.546324 0.530228 0.513093 0.495012 0.47609 0.456435 0.436165 0.415403 0.394273 0.372905 0.351428 0.329972 0.308664 0.287626 0.266975 0.24682 0.227264 0.208396 0.190297 0.173035 0.156667 0.141237 0.126777 0.113306 0.100834 0.0893591 0.0788713 0.0693518 0.0607754 0.0531118 0.046327 0.0403848 0.0352483 0.0308814 0.0272498 0.0243224 0.0220727 0.0204788 0.0195257 
0.0203683 0.0206907 0.0216783 0.0233429 0.0257014 0.0287771 0.0325983 0.0371974 0.0426101 0.048874 0.0560271 0.0641064 0.0731463 0.0831771 0.0942234 0.106302 0.119423 0.133584 0.148773 0.164966 0.182127 0.200207 0.219144 0.238863 0.259279 0.280294 0.301801 0.323683 0.345819 0.368079 0.390332 0.412444 0.434281 0.455712 0.476607 0.496842 0.5163 0.53487 0.552449 0.568943 0.584265 0.59834 0.611099 0.622485 0.632446 0.64094 0.647932 0.653395 0.657307 0.659654 0.660427 0.659622 0.657242 0.653297 0.6478 0.640772 0.632242 0.622243 0.61082 0.598022 0.583908 0.568548 0.552017 0.534403 0.515801 0.496314 0.476054 0.455139 0.433695 0.41185 0.389737 0.36749 0.345243 0.323127 0.301271 0.279796 0.258819 0.238445 0.218772 0.199883 0.181853 0.164742 0.148599 0.133457 0.119342 0.106263 0.0942208 0.0832071 0.0732035 0.0641853 0.0561221 0.0489795 0.0427207 0.0373079 0.0327041 0.0288742 0.0257861 0.0234122 0.0217302 0.0207246 
0.0215357 0.0218755 0.022915 0.0246663 0.027147 0.030381 0.0343973 0.0392295 0.0449139 0.0514891 0.0589937 0.0674653 0.0769384 0.0874434 0.0990042 0.111637 0.12535 0.140139 0.15599 0.172876 0.190757 0.20958 0.229278 0.249773 0.270973 0.292776 0.315069 0.33773 0.360632 0.383642 0.406622 0.429434 0.451941 0.474008 0.495503 0.5163 0.53628 0.55533 0.573347 0.590238 0.605916 0.620307 0.633344 0.644969 0.655134 0.663798 0.670927 0.676495 0.680482 0.682874 0.683661 0.682843 0.68042 0.676401 0.6708 0.663637 0.654937 0.644735 0.633071 0.619994 0.605563 0.589845 0.572915 0.55486 0.535775 0.515763 0.494939 0.473421 0.451337 0.428819 0.406003 0.383026 0.360028 0.337144 0.314507 0.292246 0.270481 0.249323 0.228874 0.209225 0.190453 0.172624 0.15579 0.139989 0.125247 0.111579 0.0989852 0.0874592 0.0769838 0.0675344 0.0590809 0.0515885 0.0450199 0.0393367 0.034501 0.0304766 0.0272308 0.0247353 0.0229669 0.0219098 
0.02268 0.0230367 0.0241267 0.0259624 0.0285621 0.03195 0.0361562 0.0412148 0.0471631 0.0540403 0.0618858 0.0707374 0.08063 0.0915936 0.103652 0.116819 0.131103 0.146497 0.162984 0.180535 0.199106 0.21864 0.239067 0.260302 0.282249 0.304801 0.327839 0.351238 0.374864 0.398579 0.422241 0.44571 0.468843 0.491503 0.513554 0.53487 0.55533 0.57482 0.593238 0.61049 0.626491 0.641167 0.654453 0.666293 0.67664 0.685455 0.692705 0.698365 0.702418 0.704849 0.70565 0.70482 0.702359 0.698276 0.692584 0.6853 0.676451 0.666067 0.654188 0.640862 0.626144 0.610102 0.592809 0.574351 0.554822 0.534328 0.512981 0.490903 0.468224 0.445077 0.421602 0.39794 0.374233 0.350623 0.327248 0.30424 0.281725 0.25982 0.238632 0.218256 0.198774 0.180257 0.162759 0.146324 0.130979 0.116742 0.103616 0.0915952 0.0806634 0.0707967 0.061965 0.0541334 0.0472642 0.0413184 0.0362573 0.032044 0.0286449 0.026031 0.0241785 0.0230712 
0.0237912 0.0241643 0.025303 0.0272202 0.0299345 0.033471 0.03786 0.0431367 0.049339 0.0565068 0.06468 0.0738966 0.0841917 0.0955949 0.108129 0.121809 0.136638 0.152609 0.169704 0.187888 0.207115 0.227324 0.248441 0.270376 0.293029 0.316287 0.340027 0.364118 0.388422 0.412796 0.437095 0.461174 0.484887 0.508093 0.530657 0.552449 0.573347 0.593238 0.612019 0.629597 0.645888 0.660819 0.674326 0.686356 0.696863 0.70581 0.713165 0.718907 0.723017 0.725482 0.726295 0.725455 0.722962 0.718824 0.713052 0.705664 0.696683 0.686139 0.67407 0.660522 0.645549 0.629215 0.611595 0.592771 0.57284 0.551904 0.530078 0.507485 0.484255 0.460525 0.436437 0.412136 0.387768 0.363478 0.339409 0.315698 0.292476 0.269865 0.247977 0.226911 0.206756 0.187583 0.169454 0.152413 0.136494 0.121713 0.108078 0.0955826 0.0842131 0.0739459 0.064751 0.0565934 0.0494351 0.0432366 0.0379584 0.033563 0.0300162 0.0272882 0.0253546 0.024199 
0.0248594 0.0252481 0.0264334 0.0284285 0.0312523 0.0349305 0.0394941 0.0449788 0.0514232 0.0588679 0.0673529 0.0769169 0.0875945 0.0994153 0.112401 0.126566 0.141912 0.158429 0.176097 0.194879 0.214724 0.235569 0.257334 0.279926 0.303239 0.327157 0.351551 0.376287 0.40122 0.426205 0.451093 0.475733 0.499979 0.523686 0.546718 0.568943 0.590238 0.61049 0.629597 0.647466 0.664014 0.67917 0.692873 0.705069 0.715715 0.724776 0.732224 0.738035 0.742194 0.744689 0.745513 0.744664 0.742143 0.737958 0.732118 0.72464 0.715545 0.704862 0.692627 0.678884 0.663685 0.647092 0.629179 0.610028 0.589732 0.568397 0.546135 0.523072 0.499338 0.475072 0.450419 0.425527 0.400546 0.375624 0.350909 0.326542 0.30266 0.279388 0.256843 0.235129 0.214339 0.194549 0.175824 0.158212 0.141748 0.126452 0.112334 0.0993893 0.0876043 0.0769563 0.0674158 0.0589479 0.0515143 0.0450748 0.0395896 0.0350205 0.0313327 0.0284957 0.0264848 0.0252829 
0.0258747 0.0262782 0.0275075 0.0295762 0.0325035 0.0363154 0.0410438 0.0467247 0.0533976 0.0611031 0.0698819 0.0797727 0.0908102 0.103023 0.116434 0.131053 0.146883 0.163912 0.182116 0.201456 0.221878 0.243314 0.265682 0.288884 0.31281 0.337339 0.362338 0.387667 0.41318 0.438725 0.464151 0.489304 0.514034 0.538196 0.561651 0.584265 0.605916 0.626491 0.645888 0.664014 0.680789 0.696142 0.710014 0.722355 0.733121 0.742281 0.749806 0.755677 0.759877 0.762397 0.76323 0.762374 0.759831 0.755606 0.749708 0.742154 0.732962 0.72216 0.709781 0.695868 0.680471 0.663651 0.645478 0.626035 0.605415 0.583721 0.561067 0.537578 0.513386 0.488633 0.463464 0.438031 0.412487 0.386984 0.361673 0.3367 0.312206 0.288321 0.265166 0.24285 0.221468 0.201103 0.181821 0.163674 0.1467 0.130923 0.116351 0.102984 0.0908086 0.0798026 0.0699369 0.0611768 0.0534835 0.0468169 0.0411364 0.0364034 0.0325825 0.0296426 0.0275586 0.0263131 
