0.00114489 0.00115928 0.00120741 0.00128999 0.00140799 0.00156275 0.00175596 0.00198962 0.00226601 0.00258762 0.00295714 0.00337738 0.00385119 0.00438143 0.00497084 0.00562203 0.00633734 0.00711879 0.00796799 0.00888604 0.0098735 0.0109302 0.0120554 0.0132475 0.014504 0.0158216 0.0171962 0.0186226 0.0200949 0.0216061 0.0231485 0.0247136 0.0262921 0.027874 0.0294489 0.0310058 0.0325334 0.0340202 0.0354548 0.0368256 0.0381214 0.0393315 0.0404453 0.0414533 0.0423466 0.0431172 0.0437581 0.0442635 0.0446289 0.0448508 0.0449271 0.0448574 0.0446421 0.0442833 0.0437843 0.0431499 0.0423856 0.0414986 0.0404967 0.0393888 0.0381845 0.0368942 0.0355287 0.0340991 0.032617 0.0310938 0.0295409 0.0279697 0.0263909 0.0248152 0.0232523 0.0217116 0.0202016 0.0187301 0.0173038 0.0159289 0.0146104 0.0133525 0.0121585 0.0110309 0.00997141 0.00898074 0.0080591 0.00720599 0.00642031 0.00570052 0.00504464 0.00445035 0.00391509 0.00343615 0.0030107 0.00263592 0.00230903 0.00202735 0.00178842 0.00158995 0.00142996 0.00130677 0.00121903 0.00116586 
0.00115928 0.00117386 0.00122262 0.00130625 0.00142576 0.00158248 0.00177814 0.00201475 0.00229461 0.00262026 0.0029944 0.00341988 0.00389957 0.00443636 0.00503303 0.0056922 0.00641623 0.00720717 0.00806663 0.00899572 0.00999499 0.0110643 0.0122028 0.0134089 0.0146801 0.0160131 0.0174035 0.0188463 0.0203354 0.0218638 0.0234237 0.0250063 0.0266024 0.0282019 0.0297942 0.0313682 0.0329125 0.0344155 0.0358656 0.0372512 0.0385609 0.0397839 0.0409096 0.0419283 0.042831 0.0436097 0.0442574 0.0447681 0.0451372 0.0453614 0.0454385 0.0453679 0.0451503 0.0447877 0.0442835 0.0436422 0.0428698 0.0419733 0.0409607 0.0398409 0.0386237 0.0373195 0.0359392 0.0344941 0.0329959 0.0314559 0.029886 0.0282974 0.0267011 0.0251077 0.0235273 0.0219692 0.0204421 0.0189538 0.0175112 0.0161204 0.0147866 0.013514 0.0123061 0.0111652 0.0100932 0.00909071 0.00815805 0.00729468 0.00649953 0.00577102 0.00510715 0.0045056 0.00396378 0.00347895 0.00304825 0.00266883 0.00233788 0.00205271 0.0018108 0.00160985 0.00144787 0.00132314 0.00123431 0.00118049 
0.00120741 0.00122262 0.00127334 0.00136031 0.00148454 0.00164743 0.00185076 0.00209659 0.0023873 0.00272551 0.00311401 0.00355571 0.00405358 0.00461058 0.00522956 0.00591322 0.00666396 0.00748386 0.00837457 0.00933719 0.0103723 0.0114796 0.0126583 0.0139066 0.015222 0.0166009 0.018039 0.0195309 0.0210702 0.0226498 0.0242615 0.0258964 0.0275449 0.0291965 0.0308403 0.0324649 0.0340586 0.0356094 0.0371054 0.0385346 0.0398853 0.0411464 0.042307 0.0433572 0.0442877 0.0450902 0.0457577 0.0462839 0.0466642 0.0468951 0.0469744 0.0469015 0.0466771 0.0463032 0.0457833 0.0451221 0.0443258 0.0434014 0.0423573 0.0412025 0.0399472 0.0386019 0.0371781 0.0356872 0.0341411 0.0325518 0.0309313 0.0292912 0.0276429 0.0259973 0.0243647 0.0227549 0.0211767 0.0196382 0.0181467 0.0167084 0.0153287 0.0140121 0.012762 0.0115811 0.0104711 0.00943292 0.00846679 0.00757223 0.00674815 0.00599296 0.00530462 0.00468075 0.0041187 0.00361566 0.0031687 0.00277488 0.00243131 0.00213521 0.001884 0.00167531 0.00150707 0.00137753 0.00128527 0.00122939 
0.00128999 0.00130625 0.00136031 0.00145292 0.00158515 0.00175849 0.00197478 0.0022362 0.00254526 0.00290469 0.00331741 0.00378648 0.004315 0.00490605 0.00556261 0.00628746 0.00708311 0.00795169 0.00889487 0.00991377 0.0110089 0.0121799 0.0134259 0.014745 0.0161343 0.0175902 0.0191078 0.0206816 0.0223048 0.0239699 0.0256682 0.0273903 0.029126 0.0308645 0.0325942 0.0343031 0.035979 0.0376094 0.0391816 0.0406833 0.0421022 0.0434266 0.0446453 0.0457477 0.0467244 0.0475666 0.0482669 0.048819 0.0492178 0.0494598 0.0495428 0.049466 0.0492302 0.0488376 0.0482917 0.0475975 0.0467614 0.0457907 0.0446941 0.0434812 0.0421625 0.040749 0.0392526 0.0376854 0.0360599 0.0343885 0.0326837 0.0309578 0.0292228 0.0274901 0.0257705 0.0240743 0.0224108 0.0207887 0.0192154 0.0176977 0.0162414 0.014851 0.0135304 0.0122823 0.0111087 0.0100107 0.00898837 0.00804143 0.00716874 0.00636869 0.00563917 0.00497773 0.00438161 0.00384788 0.00337349 0.00295536 0.00259047 0.00227592 0.00200899 0.0017872 0.00160838 0.00147068 0.00137262 0.00131326 
0.00140799 0.00142576 0.00148454 0.00158515 0.00172874 0.00191689 0.00215155 0.00243509 0.00277014 0.00315962 0.00360664 0.00411445 0.00468632 0.00532552 0.00603518 0.00681824 0.00767731 0.00861459 0.0096318 0.0107301 0.0119098 0.0131706 0.0145114 0.01593 0.0174234 0.0189874 0.020617 0.022306 0.0240471 0.0258321 0.027652 0.0294964 0.0313546 0.0332149 0.035065 0.0368921 0.0386832 0.040425 0.0421041 0.0437073 0.0452217 0.0466347 0.0479346 0.0491103 0.0501515 0.0510492 0.0517954 0.0523836 0.0528083 0.0530659 0.053154 0.0530718 0.0528202 0.0524013 0.051819 0.0510786 0.0501868 0.0491513 0.0479814 0.0466871 0.0452796 0.0437706 0.0421727 0.0404986 0.0387617 0.0369752 0.0351523 0.0333062 0.0314496 0.0295946 0.0277529 0.0259355 0.0241523 0.0224125 0.0207244 0.0190951 0.0175308 0.0160367 0.0146168 0.0132742 0.012011 0.0108285 0.009727 0.00870615 0.00776487 0.00690147 0.00611378 0.00539924 0.00475495 0.00417781 0.00366461 0.00321207 0.002817 0.00247631 0.0021871 0.00194675 0.00175292 0.00160366 0.00149739 0.00143308 
0.00156275 0.00158248 0.00164743 0.00175849 0.00191689 0.00212433 0.00238296 0.00269529 0.0030642 0.00349281 0.00398447 0.00454267 0.00517093 0.00587272 0.0066514 0.00751006 0.00845146 0.00947791 0.0105912 0.0117923 0.0130817 0.0144589 0.0159225 0.0174699 0.0190979 0.0208019 0.0225761 0.0244139 0.0263073 0.0282473 0.030224 0.0322263 0.0342424 0.0362598 0.0382651 0.0402445 0.042184 0.0440693 0.0458859 0.0476198 0.049257 0.0507841 0.0521885 0.0534582 0.0545825 0.0555515 0.0563568 0.0569913 0.0574494 0.057727 0.0578216 0.0577325 0.0574604 0.0570078 0.0563788 0.055579 0.0546155 0.0534967 0.0522324 0.0508335 0.0493117 0.0476799 0.0459512 0.0441396 0.0422593 0.0403245 0.0383495 0.0363483 0.0343349 0.0323222 0.030323 0.028349 0.0264112 0.0245195 0.022683 0.0209094 0.0192056 0.0175772 0.0160287 0.0145637 0.0131845 0.0118926 0.0106884 0.00957169 0.00854138 0.00759575 0.00673252 0.00594899 0.00524208 0.0046085 0.00404481 0.0035475 0.00311314 0.00273841 0.00242019 0.00215565 0.00194227 0.00177794 0.00166096 0.00159022 
0.00175596 0.00177814 0.00185076 0.00197478 0.00215155 0.00238296 0.00267131 0.00301937 0.00343026 0.00390737 0.00445436 0.00507498 0.00577305 0.00655231 0.00741636 0.0083685 0.00941166 0.0105483 0.0117801 0.0131083 0.014533 0.0160536 0.0176684 0.0193746 0.0211684 0.0230445 0.0249967 0.0270175 0.029098 0.0312284 0.0333977 0.0355938 0.0378037 0.0400137 0.0422092 0.0443754 0.0464967 0.0485577 0.0505428 0.0524365 0.054224 0.0558907 0.0574228 0.0588076 0.0600334 0.0610896 0.0619671 0.0626583 0.0631571 0.0634591 0.0635618 0.0634641 0.063167 0.0626733 0.0619871 0.0611146 0.0600635 0.0588429 0.0574632 0.0559362 0.0542748 0.0524925 0.0506038 0.0486238 0.0465678 0.0444512 0.0422897 0.0400986 0.0378928 0.0356867 0.0334941 0.0313279 0.0292001 0.0271217 0.0251027 0.0231516 0.0212761 0.0194824 0.0177756 0.0161597 0.0146374 0.0132105 0.0118796 0.0106446 0.00950429 0.00845704 0.00750042 0.00663155 0.00584717 0.00514372 0.0045175 0.00396473 0.00348168 0.00306476 0.00271057 0.00241602 0.00217839 0.00199537 0.00186509 0.00178637 
0.00198962 0.00201475 0.00209659 0.0022362 0.00243509 0.00269529 0.00301937 0.00341036 0.00387165 0.004407 0.00502037 0.00571587 0.00649764 0.00736974 0.00833604 0.0094001 0.010565 0.0118333 0.0132069 0.0146868 0.0162731 0.0179649 0.0197602 0.0216557 0.0236469 0.0257281 0.0278921 0.0301306 0.0324337 0.0347903 0.0371884 0.0396146 0.0420546 0.0444931 0.0469143 0.0493017 0.0516384 0.0539076 0.0560921 0.0581751 0.0601404 0.0619721 0.0636554 0.0651763 0.066522 0.0676812 0.0686441 0.0694022 0.0699491 0.07028 0.070392 0.0702843 0.0699578 0.0694153 0.0686616 0.0677033 0.0665486 0.0652075 0.0636914 0.062013 0.0601862 0.0582259 0.0561479 0.0539684 0.0517043 0.0493724 0.0469899 0.0445733 0.0421393 0.0397036 0.0372813 0.0348868 0.0325332 0.0302329 0.0279967 0.0258343 0.0237543 0.0217636 0.0198681 0.0180722 0.0163792 0.0147911 0.0133088 0.0119323 0.0106606 0.00949177 0.00842336 0.00745231 0.00657509 0.0057879 0.0050867 0.00446739 0.00392592 0.00345833 0.00306094 0.00273036 0.0024636 0.00225811 0.00211187 0.00202355 
0.00226601 0.00229461 0.0023873 0.00254526 0.00277014 0.0030642 0.00343026 0.00387165 0.00439215 0.00499584 0.00568709 0.00647038 0.00735024 0.00833109 0.00941711 0.0106121 0.0119194 0.0133417 0.0148809 0.0165379 0.0183127 0.0202042 0.0222097 0.0243257 0.0265468 0.0288666 0.031277 0.0337684 0.0363299 0.0389493 0.0416129 0.0443059 0.0470124 0.0497156 0.0523981 0.0550415 0.0576275 0.0601373 0.0625523 0.0648541 0.0670247 0.069047 0.0709047 0.0725825 0.0740667 0.0753448 0.0764059 0.0772413 0.0778436 0.0782078 0.0783307 0.0782113 0.0778507 0.0772521 0.0764205 0.0753632 0.0740891 0.072609 0.0709355 0.0690822 0.0670645 0.0648986 0.0626017 0.0601917 0.0576869 0.055106 0.0524675 0.0497901 0.0470916 0.0443898 0.0417012 0.0390417 0.0364261 0.0338679 0.0313793 0.0289713 0.0266533 0.0244333 0.022318 0.0203124 0.0184203 0.0166442 0.0149852 0.0134435 0.0120181 0.0107071 0.00950793 0.00841726 0.00743134 0.00654601 0.00575692 0.00505958 0.00444955 0.00392252 0.00347441 0.00310151 0.00280052 0.00256865 0.00240365 0.00230406 
0.00258762 0.00262026 0.00272551 0.00290469 0.00315962 0.00349281 0.00390737 0.004407 0.00499584 0.0056784 0.00645948 0.00734399 0.00833689 0.00944297 0.0106668 0.0120124 0.0134835 0.0150827 0.016812 0.0186722 0.0206632 0.0227834 0.0250298 0.0273981 0.0298822 0.0324747 0.0351665 0.0379467 0.0408032 0.043722 0.0466881 0.049685 0.0526949 0.0556994 0.0586788 0.0616133 0.0644823 0.0672654 0.0699419 0.0724917 0.0748952 0.0771335 0.0791888 0.0810445 0.0826854 0.084098 0.0852705 0.0861932 0.0868582 0.08726 0.0873952 0.0872627 0.0868636 0.0862013 0.0852816 0.0841121 0.0827028 0.0810654 0.0792134 0.0771621 0.0749279 0.0725289 0.0699837 0.067312 0.064534 0.0616701 0.0587408 0.0557666 0.0527674 0.0497626 0.0467707 0.0438093 0.0408948 0.0380424 0.0352657 0.0325771 0.0299871 0.0275049 0.0251379 0.0228922 0.0207719 0.0187802 0.0169185 0.0151872 0.0135852 0.0121108 0.0107612 0.00953292 0.00842183 0.00742347 0.00653308 0.00574576 0.00505665 0.004461 0.00395434 0.00353257 0.00319205 0.00292969 0.00274302 0.00263043 
0.00295714 0.0029944 0.00311401 0.00331741 0.00360664 0.00398447 0.00445436 0.00502037 0.00568709 0.00645948 0.00734281 0.00834249 0.00946391 0.0107123 0.0120926 0.0136092 0.0152659 0.0170657 0.0190103 0.0211007 0.0233362 0.025715 0.0282335 0.0308866 0.0336674 0.0365673 0.039576 0.0426814 0.0458696 0.0491252 0.0524312 0.0557692 0.0591196 0.0624618 0.0657742 0.0690346 0.0722205 0.0753092 0.0782783 0.0811054 0.0837691 0.0862486 0.0885245 0.0905787 0.0923944 0.0939571 0.0952538 0.0962738 0.0970087 0.0974525 0.0976013 0.0974541 0.097012 0.0962789 0.0952608 0.0939663 0.0924061 0.090593 0.0885419 0.0862693 0.0837935 0.0811338 0.0783111 0.0753467 0.072263 0.0690823 0.0658273 0.0625204 0.0591839 0.0558391 0.0525066 0.049206 0.0459555 0.0427721 0.0396711 0.0366663 0.0337697 0.0309917 0.0283407 0.0258237 0.0234456 0.02121 0.0191189 0.0171727 0.0153707 0.013711 0.0121907 0.0108061 0.00955281 0.00842595 0.00742035 0.00653065 0.0057515 0.0050777 0.00450433 0.00402686 0.00364127 0.00334416 0.00313278 0.00300535 
0.00337738 0.00341988 0.00355571 0.00378648 0.00411445 0.00454267 0.00507498 0.00571587 0.00647038 0.00734399 0.00834249 0.00947178 0.0107378 0.0121462 0.0137023 0.0154109 0.0172759 0.0193004 0.0214863 0.0238342 0.0263433 0.0290112 0.0318336 0.0348046 0.0379162 0.0411588 0.0445205 0.0479878 0.0515449 0.0551747 0.0588581 0.0625747 0.0663027 0.0700191 0.0737001 0.0773213 0.0808577 0.0842845 0.0875767 0.09071 0.0936609 0.0964066 0.0989258 0.101199 0.103207 0.104935 0.106369 0.107496 0.108308 0.108798 0.108962 0.108798 0.108309 0.107497 0.106371 0.104939 0.103212 0.101206 0.0989349 0.0964183 0.0936757 0.0907284 0.0875991 0.0843113 0.0808895 0.0773583 0.0737427 0.0700675 0.0663571 0.0626353 0.0589248 0.0552474 0.0516236 0.0480721 0.0446102 0.0412533 0.038015 0.034907 0.0319391 0.029119 0.0264527 0.0239444 0.0215963 0.0194095 0.0173833 0.0155158 0.0138039 0.0122438 0.0108307 0.0095593 0.00842406 0.00741909 0.00653853 0.00577668 0.0051281 0.00458782 0.0041514 0.00381507 0.00357582 0.00343166 
0.00385119 0.00389957 0.00405358 0.004315 0.00468632 0.00517093 0.00577305 0.00649764 0.00735024 0.00833689 0.00946391 0.0107378 0.0121649 0.0137515 0.0155033 0.0174254 0.019522 0.0217962 0.0242499 0.0268835 0.0296957 0.0326836 0.0358423 0.0391647 0.0426419 0.0462627 0.0500137 0.0538797 0.0578431 0.0618846 0.065983 0.0701156 0.0742581 0.0783851 0.0824703 0.0864867 0.0904069 0.0942034 0.0978491 0.101317 0.104582 0.107618 0.110403 0.112914 0.115133 0.117041 0.118624 0.119868 0.120763 0.121304 0.121484 0.121303 0.120762 0.119865 0.118621 0.117038 0.11513 0.112913 0.110402 0.107619 0.104586 0.101324 0.0978595 0.0942181 0.0904263 0.0865113 0.0825006 0.0784215 0.0743009 0.0701651 0.0660393 0.0619477 0.057913 0.0539561 0.0500964 0.0463512 0.0427358 0.0392634 0.035945 0.0327897 0.0298043 0.0269936 0.0243608 0.021907 0.0196317 0.0175332 0.0156083 0.0138528 0.0122617 0.0108293 0.00954952 0.00841595 0.0074222 0.00656201 0.00582942 0.00521893 0.00472568 0.00434552 0.0040751 0.00391224 
0.00438143 0.00443636 0.00461058 0.00490605 0.00532552 0.00587272 0.00655231 0.00736974 0.00833109 0.00944297 0.0107123 0.0121462 0.0137515 0.0155351 0.017503 0.0196607 0.0220126 0.0245619 0.0273104 0.0302582 0.0334036 0.036743 0.0402706 0.0439784 0.047856 0.0518907 0.0560675 0.0603692 0.0647762 0.0692668 0.0738176 0.0784032 0.0829967 0.0875703 0.0920947 0.0965402 0.100877 0.105074 0.109103 0.112933 0.116538 0.119888 0.12296 0.12573 0.128175 0.130278 0.132022 0.133392 0.134378 0.134972 0.13517 0.13497 0.134373 0.133385 0.132013 0.130268 0.128165 0.125719 0.122949 0.119878 0.116529 0.112927 0.1091 0.105075 0.100882 0.0965507 0.0921109 0.0875929 0.0830262 0.0784397 0.0738616 0.0693185 0.0648354 0.060436 0.0561416 0.0519718 0.0479435 0.0440718 0.0403693 0.0368461 0.0335103 0.0303675 0.0274214 0.0246736 0.022124 0.0197708 0.0176109 0.0156397 0.013852 0.0122416 0.0108019 0.00952597 0.00840686 0.0074377 0.00661197 0.00592364 0.00536735 0.00493855 0.00463355 0.00444995 
0.00497084 0.00503303 0.00522956 0.00556261 0.00603518 0.0066514 0.00741636 0.00833604 0.00941711 0.0106668 0.0120926 0.0137023 0.0155033 0.017503 0.0197079 0.0221237 0.0247551 0.0276053 0.030676 0.0339669 0.0374759 0.0411985 0.045128 0.0492551 0.053568 0.0580524 0.0626913 0.0674655 0.072353 0.0773298 0.0823698 0.0874449 0.0925256 0.0975808 0.102579 0.107487 0.112271 0.1169 0.12134 0.12556 0.129529 0.133217 0.136597 0.139643 0.142332 0.144643 0.146559 0.148064 0.149147 0.149799 0.150016 0.149795 0.149139 0.148052 0.146544 0.144625 0.142312 0.139621 0.136574 0.133194 0.129507 0.12554 0.121322 0.116885 0.112261 0.107481 0.102579 0.0975877 0.0925396 0.0874667 0.0823996 0.077368 0.0723998 0.0675208 0.0627551 0.0581242 0.0536475 0.0493418 0.0452212 0.0412974 0.0375795 0.0340743 0.0307862 0.0277172 0.0248676 0.0222356 0.0198182 0.0176106 0.0156071 0.0138013 0.012186 0.0107536 0.00949661 0.00840755 0.00747929 0.00670523 0.00607951 0.00559711 0.00525401 0.00504758 
0.00562203 0.0056922 0.00591322 0.00628746 0.00681824 0.00751006 0.0083685 0.0094001 0.0106121 0.0120124 0.0136092 0.0154109 0.0174254 0.0196607 0.0221237 0.0248205 0.0277559 0.0309331 0.0343536 0.0380168 0.0419198 0.0460573 0.0504216 0.0550018 0.0597848 0.0647543 0.0698914 0.0751743 0.0805788 0.0860783 0.0916436 0.097244 0.102847 0.108418 0.113923 0.119325 0.124588 0.129678 0.134557 0.139192 0.143549 0.147596 0.151304 0.154644 0.157592 0.160124 0.162223 0.163872 0.165058 0.165772 0.166008 0.165766 0.165046 0.163855 0.162202 0.160098 0.157562 0.154611 0.151269 0.14756 0.143512 0.139156 0.134523 0.129646 0.12456 0.119301 0.113905 0.108407 0.102843 0.0972488 0.0916572 0.086101 0.0806111 0.0752162 0.0699428 0.0648151 0.0598546 0.0550801 0.0505077 0.0461504 0.042019 0.038121 0.0344618 0.0310441 0.0278685 0.0249335 0.0222358 0.0197707 0.0175321 0.0155132 0.0137061 0.0121029 0.0106952 0.00947506 0.00843464 0.00756677 0.00686504 0.00632397 0.00593916 0.00570772 
0.00633734 0.00641623 0.00666396 0.00708311 0.00767731 0.00845146 0.00941166 0.010565 0.0119194 0.0134835 0.0152659 0.0172759 0.019522 0.0220126 0.0247551 0.0277559 0.0310199 0.0345503 0.0383482 0.0424127 0.0467401 0.0513241 0.0561557 0.0612228 0.0665102 0.0719997 0.0776702 0.0834975 0.0894546 0.095512 0.101638 0.107798 0.113957 0.120077 0.12612 0.132047 0.137819 0.143397 0.148741 0.153816 0.158584 0.163011 0.167064 0.170715 0.173936 0.176702 0.178994 0.180794 0.182088 0.182867 0.183125 0.18286 0.182073 0.180772 0.178965 0.176667 0.173895 0.17067 0.167015 0.162959 0.15853 0.153762 0.148689 0.143346 0.137771 0.132004 0.126083 0.120046 0.113934 0.107784 0.101633 0.0955172 0.0894702 0.0835237 0.0777073 0.0720475 0.0665683 0.0612908 0.0562331 0.0514099 0.0468334 0.0425124 0.0384532 0.0346593 0.0311316 0.027869 0.0248682 0.0221243 0.0196311 0.017381 0.0153659 0.0135772 0.0120059 0.0106433 0.00948089 0.00851097 0.00772653 0.0071216 0.00669139 0.00643274 
0.00711879 0.00720717 0.00748386 0.00795169 0.00861459 0.00947791 0.0105483 0.0118333 0.0133417 0.0150827 0.0170657 0.0193004 0.0217962 0.0245619 0.0276053 0.0309331 0.0345503 0.0384599 0.0426628 0.0471573 0.0519392 0.0570009 0.0623319 0.0679187 0.073744 0.0797877 0.0860259 0.092432 0.0989761 0.105626 0.112346 0.119099 0.125846 0.132546 0.139158 0.145639 0.151947 0.158039 0.163873 0.16941 0.174609 0.179435 0.183852 0.187829 0.191336 0.194347 0.196841 0.1988 0.200207 0.201054 0.201334 0.201045 0.200188 0.198771 0.196805 0.194302 0.191284 0.18777 0.183788 0.179367 0.174538 0.169337 0.163801 0.157967 0.151878 0.145575 0.139099 0.132494 0.125802 0.119064 0.11232 0.105611 0.0989729 0.0924406 0.0860465 0.0798203 0.0737885 0.0679746 0.0623986 0.0570776 0.0520249 0.0472511 0.0427632 0.0385657 0.03466 0.0310454 0.0277186 0.0246746 0.021907 0.0194078 0.0171683 0.0151793 0.0134313 0.0119146 0.0106204 0.00954008 0.00866615 0.0079921 0.00751275 0.00722467 
0.00796799 0.00806663 0.00837457 0.00889487 0.0096318 0.0105912 0.0117801 0.0132069 0.0148809 0.016812 0.0190103 0.0214863 0.0242499 0.0273104 0.030676 0.0343536 0.0383482 0.0426628 0.0472977 0.0522507 0.0575163 0.0630861 0.0689479 0.0750864 0.0814822 0.0881128 0.0949518 0.10197 0.109134 0.116408 0.123754 0.131132 0.138497 0.145807 0.153016 0.160078 0.166947 0.173577 0.179923 0.185943 0.191593 0.196835 0.201631 0.205947 0.209753 0.213019 0.215724 0.217847 0.219372 0.22029 0.220593 0.220278 0.219349 0.217812 0.215679 0.212964 0.209688 0.205875 0.201552 0.19675 0.191504 0.185851 0.17983 0.173484 0.166855 0.15999 0.152933 0.145731 0.138429 0.131073 0.123706 0.116372 0.10911 0.101959 0.0949538 0.0881282 0.0815109 0.0751281 0.0690021 0.0631519 0.0575929 0.0523368 0.0473921 0.042764 0.0384548 0.0344639 0.0307884 0.0274232 0.0243616 0.0215953 0.0191151 0.0169111 0.0149731 0.013291 0.0118549 0.0106558 0.00968556 0.00893712 0.00840486 0.0080851 
0.00888604 0.00899572 0.00933719 0.00991377 0.0107301 0.0117923 0.0131083 0.0146868 0.0165379 0.0186722 0.0211007 0.0238342 0.0268835 0.0302582 0.0339669 0.0380168 0.0424127 0.0471573 0.0522507 0.0576896 0.0634676 0.0695748 0.0759976 0.0827184 0.0897158 0.0969647 0.104436 0.112097 0.119912 0.127842 0.135844 0.143875 0.151887 0.159834 0.167665 0.175332 0.182785 0.189976 0.196854 0.203375 0.209494 0.215167 0.220356 0.225023 0.229137 0.232668 0.23559 0.237883 0.239531 0.240521 0.240848 0.240507 0.239503 0.237842 0.235536 0.232602 0.22906 0.224937 0.22026 0.215064 0.209385 0.203262 0.196739 0.189859 0.18267 0.17522 0.167557 0.159732 0.151794 0.143791 0.135771 0.127781 0.119865 0.112064 0.104417 0.0969607 0.0897267 0.0827439 0.0760372 0.0696279 0.0635331 0.0577663 0.0523374 0.0472525 0.0425147 0.0381239 0.0340774 0.0303702 0.0269953 0.0239442 0.021207 0.0187734 0.0166324 0.0147732 0.0131854 0.0118592 0.0107859 0.00995774 0.00936883 0.00901515 
0.0098735 0.00999499 0.0103723 0.0110089 0.0119098 0.0130817 0.014533 0.0162731 0.0183127 0.0206632 0.0233362 0.0263433 0.0296957 0.0334036 0.0374759 0.0419198 0.0467401 0.0519392 0.0575163 0.0634676 0.0697854 0.0764582 0.0834705 0.0908028 0.0984313 0.106328 0.114461 0.122794 0.131289 0.139902 0.148588 0.157298 0.165983 0.174591 0.183068 0.191363 0.199421 0.20719 0.214619 0.221657 0.228258 0.234376 0.239969 0.244998 0.249429 0.253231 0.256377 0.258845 0.260618 0.261684 0.262034 0.261667 0.260586 0.258797 0.256314 0.253154 0.24934 0.244897 0.239857 0.234254 0.228129 0.221522 0.21448 0.207049 0.19928 0.191224 0.182934 0.174462 0.165862 0.157187 0.148488 0.139815 0.131216 0.122737 0.114419 0.106302 0.0984222 0.09081 0.0834936 0.0764965 0.0698379 0.0635333 0.0575937 0.0520267 0.0468361 0.0420224 0.0375833 0.0335138 0.0298068 0.0264534 0.0234434 0.0207657 0.0184089 0.0163615 0.0146122 0.0131507 0.0119674 0.0110544 0.0104051 0.0100153 
0.0109302 0.0110643 0.0114796 0.0121799 0.0131706 0.0144589 0.0160536 0.0179649 0.0202042 0.0227834 0.025715 0.0290112 0.0326836 0.036743 0.0411985 0.0460573 0.0513241 0.0570009 0.0630861 0.0695748 0.0764582 0.083723 0.0913518 0.0993228 0.10761 0.116181 0.125003 0.134036 0.143236 0.152558 0.161952 0.171366 0.180746 0.190036 0.19918 0.20812 0.216801 0.225165 0.233159 0.240729 0.247824 0.254397 0.260404 0.265804 0.270559 0.274638 0.278012 0.280659 0.282559 0.283701 0.284077 0.283683 0.282523 0.280604 0.277941 0.27455 0.270456 0.265687 0.260275 0.254257 0.247674 0.240571 0.232996 0.224999 0.216634 0.207954 0.199017 0.189879 0.180596 0.171226 0.161824 0.152443 0.143136 0.133952 0.124936 0.116132 0.107578 0.0993097 0.0913564 0.0837446 0.076496 0.0696277 0.0631525 0.0570793 0.0514128 0.0461542 0.0413017 0.0368503 0.032793 0.0291205 0.0258222 0.0228866 0.0203016 0.0180548 0.0161345 0.0145295 0.0132299 0.0122269 0.0115136 0.0110855 
0.0120554 0.0122028 0.0126583 0.0134259 0.0145114 0.0159225 0.0176684 0.0197602 0.0222097 0.0250298 0.0282335 0.0318336 0.0358423 0.0402706 0.045128 0.0504216 0.0561557 0.0623319 0.0689479 0.0759976 0.0834705 0.0913518 0.0996219 0.108256 0.117226 0.126498 0.136033 0.145788 0.155718 0.165771 0.175895 0.186033 0.196127 0.206118 0.215945 0.225548 0.234866 0.243838 0.252409 0.26052 0.26812 0.275157 0.281585 0.28736 0.292445 0.296805 0.300411 0.303239 0.305269 0.306489 0.306889 0.306468 0.305228 0.303178 0.300331 0.296706 0.292329 0.287228 0.281437 0.274997 0.267948 0.26034 0.252221 0.243646 0.234671 0.225354 0.215754 0.205931 0.195948 0.185863 0.175737 0.165627 0.155589 0.145677 0.135939 0.126424 0.117171 0.108221 0.099606 0.0913549 0.0834917 0.0760358 0.0690017 0.0623996 0.0562354 0.0505113 0.0452256 0.0403738 0.0359488 0.0319412 0.0283399 0.025133 0.0223077 0.0198511 0.0177506 0.0159944 0.014572 0.0134741 0.0126934 0.0122249 
0.0132475 0.0134089 0.0139066 0.014745 0.01593 0.0174699 0.0193746 0.0216557 0.0243257 0.0273981 0.0308866 0.0348046 0.0391647 0.0439784 0.0492551 0.0550018 0.0612228 0.0679187 0.0750864 0.0827184 0.0908028 0.0993228 0.108256 0.117577 0.127252 0.137246 0.147515 0.158014 0.168692 0.179496 0.190368 0.201247 0.212072 0.222778 0.233303 0.24358 0.253545 0.263137 0.272292 0.280953 0.289063 0.29657 0.303423 0.309579 0.314997 0.319641 0.323481 0.326491 0.328652 0.32995 0.330375 0.329927 0.328606 0.326423 0.323391 0.319531 0.314867 0.309431 0.303259 0.29639 0.288871 0.28075 0.27208 0.262918 0.253323 0.243356 0.233081 0.222561 0.211861 0.201046 0.190179 0.179321 0.168533 0.157873 0.147393 0.137144 0.127171 0.117517 0.108218 0.0993054 0.0908056 0.0827402 0.0751257 0.067974 0.0612921 0.055083 0.0493458 0.0440763 0.0392673 0.0349095 0.0309914 0.0275006 0.0244236 0.021747 0.0194576 0.0175429 0.0159917 0.0147942 0.0139426 0.0134317 
0.014504 0.0146801 0.015222 0.0161343 0.0174234 0.0190979 0.0211684 0.0236469 0.0265468 0.0298822 0.0336674 0.0379162 0.0426419 0.047856 0.053568 0.0597848 0.0665102 0.073744 0.0814822 0.0897158 0.0984313 0.10761 0.117226 0.127252 0.137652 0.148386 0.159408 0.170668 0.182112 0.193681 0.205315 0.216949 0.228517 0.23995 0.251181 0.262141 0.272762 0.282979 0.292725 0.30194 0.310565 0.318544 0.325825 0.332363 0.338114 0.343043 0.347117 0.350311 0.352603 0.353979 0.35443 0.353954 0.352553 0.350236 0.347019 0.342922 0.337972 0.3322 0.325643 0.318345 0.310351 0.301714 0.292488 0.282734 0.272512 0.261888 0.250929 0.239701 0.228274 0.216716 0.205094 0.193474 0.181921 0.170495 0.159255 0.148255 0.137544 0.127167 0.117164 0.10757 0.0984139 0.0897196 0.0815056 0.0737854 0.0665676 0.059856 0.0536505 0.0479473 0.0427395 0.0380175 0.0337698 0.0299832 0.026644 0.0237382 0.0212517 0.0191715 0.0174858 0.0161843 0.0152588 0.0147036 
0.0158216 0.0160131 0.0166009 0.0175902 0.0189874 0.0208019 0.0230445 0.0257281 0.0288666 0.0324747 0.0365673 0.0411588 0.0462627 0.0518907 0.0580524 0.0647543 0.0719997 0.0797877 0.0881128 0.0969647 0.106328 0.116181 0.126498 0.137246 0.148386 0.159875 0.171664 0.183698 0.195921 0.208268 0.220675 0.233073 0.245392 0.257559 0.269503 0.281151 0.292432 0.303276 0.313616 0.323386 0.332526 0.340977 0.348686 0.355605 0.36169 0.366903 0.37121 0.374586 0.377008 0.378462 0.378939 0.378435 0.376954 0.374505 0.371104 0.366772 0.361535 0.355428 0.348488 0.340759 0.332291 0.323137 0.313354 0.303005 0.292154 0.280869 0.26922 0.257279 0.245117 0.232807 0.22042 0.208027 0.195697 0.183494 0.17148 0.159714 0.148248 0.137133 0.12641 0.116118 0.106289 0.0969488 0.0881186 0.0798136 0.0720437 0.0648141 0.0581254 0.0519744 0.0463542 0.0412555 0.0366663 0.0325734 0.0289624 0.0258186 0.0231276 0.0208757 0.0190503 0.0176408 0.0166383 0.0160372 
0.0171962 0.0174035 0.018039 0.0191078 0.020617 0.0225761 0.0249967 0.0278921 0.031277 0.0351665 0.039576 0.0445205 0.0500137 0.0560675 0.0626913 0.0698914 0.0776702 0.0860259 0.0949518 0.104436 0.114461 0.125003 0.136033 0.147515 0.159408 0.171664 0.18423 0.197049 0.210059 0.223192 0.236378 0.249546 0.26262 0.275524 0.288183 0.300521 0.312462 0.323933 0.334864 0.345188 0.354841 0.363761 0.371896 0.379193 0.385608 0.391102 0.395641 0.399197 0.401749 0.40328 0.403782 0.403251 0.401691 0.399111 0.395527 0.390962 0.385442 0.379002 0.371681 0.363526 0.354586 0.344917 0.334579 0.323636 0.312156 0.30021 0.28787 0.275212 0.262312 0.249246 0.23609 0.222917 0.209801 0.196811 0.184014 0.171471 0.15924 0.147373 0.135918 0.124914 0.114399 0.104399 0.0949387 0.086035 0.0776995 0.0699385 0.0627537 0.0561424 0.0500982 0.0446116 0.0396708 0.0352621 0.0313707 0.0279814 0.0250792 0.0226497 0.02068 0.0191588 0.0180768 0.0174283 
0.0186226 0.0188463 0.0195309 0.0206816 0.022306 0.0244139 0.0270175 0.0301306 0.0337684 0.0379467 0.0426814 0.0479878 0.0538797 0.0603692 0.0674655 0.0751743 0.0834975 0.092432 0.10197 0.112097 0.122794 0.134036 0.145788 0.158014 0.170668 0.183698 0.197049 0.210659 0.22446 0.238382 0.25235 0.266289 0.280118 0.293759 0.307132 0.320156 0.332753 0.344848 0.356366 0.367238 0.377398 0.386783 0.395337 0.403008 0.409749 0.41552 0.420287 0.424021 0.426699 0.428306 0.428833 0.428275 0.426638 0.423929 0.420166 0.41537 0.409571 0.402804 0.395108 0.386531 0.377125 0.366946 0.356058 0.344526 0.332421 0.319816 0.306788 0.293416 0.279778 0.265956 0.252028 0.238073 0.224168 0.210387 0.1968 0.183473 0.170469 0.157842 0.145645 0.133921 0.122707 0.112038 0.101936 0.0924229 0.0835108 0.0752076 0.067516 0.0604341 0.053956 0.0480723 0.042771 0.0380384 0.0338593 0.0302179 0.0270987 0.0244868 0.0223687 0.0207326 0.019569 0.0188715 
0.0200949 0.0203354 0.0210702 0.0223048 0.0240471 0.0263073 0.029098 0.0324337 0.0363299 0.0408032 0.0458696 0.0515449 0.0578431 0.0647762 0.072353 0.0805788 0.0894546 0.0989761 0.109134 0.119912 0.131289 0.143236 0.155718 0.168692 0.182112 0.195921 0.210059 0.22446 0.239053 0.253763 0.268512 0.283219 0.2978 0.312173 0.326253 0.339957 0.353203 0.365914 0.378011 0.389424 0.400083 0.409924 0.41889 0.426927 0.433987 0.44003 0.445019 0.448926 0.451729 0.45341 0.453961 0.453378 0.451664 0.44883 0.444891 0.439871 0.433799 0.42671 0.418647 0.409656 0.399791 0.389111 0.377681 0.365568 0.352845 0.339589 0.32588 0.311799 0.297428 0.282853 0.268156 0.25342 0.238727 0.224153 0.209775 0.195662 0.181881 0.16849 0.155545 0.143093 0.131176 0.119829 0.109079 0.0989477 0.0894507 0.0805971 0.0723906 0.0648301 0.0579102 0.0516219 0.0459533 0.0408903 0.0364174 0.0325185 0.0291775 0.0263792 0.0241093 0.0223557 0.0211084 0.020361 
0.0216061 0.0218638 0.0226498 0.0239699 0.0258321 0.0282473 0.0312284 0.0347903 0.0389493 0.043722 0.0491252 0.0551747 0.0618846 0.0692668 0.0773298 0.0860783 0.095512 0.105626 0.116408 0.127842 0.139902 0.152558 0.165771 0.179496 0.193681 0.208268 0.223192 0.238382 0.253763 0.269257 0.28478 0.300248 0.315573 0.330669 0.345446 0.35982 0.373706 0.38702 0.399686 0.411627 0.422775 0.433062 0.44243 0.450823 0.458194 0.464501 0.469707 0.473782 0.476705 0.478459 0.479033 0.478425 0.476638 0.473682 0.469573 0.464335 0.457997 0.450596 0.442174 0.432779 0.422466 0.411297 0.399335 0.386652 0.373323 0.359427 0.345046 0.330265 0.31517 0.29985 0.284391 0.26888 0.253403 0.238041 0.222874 0.207976 0.193418 0.179262 0.165568 0.152387 0.139763 0.127734 0.116331 0.105577 0.09549 0.0860804 0.0773535 0.0693088 0.0619417 0.0552434 0.0492022 0.0438038 0.0390326 0.0348721 0.0313058 0.0283177 0.0258935 0.0240203 0.022688 0.0218897 
0.0231485 0.0234237 0.0242615 0.0256682 0.027652 0.030224 0.0333977 0.0371884 0.0416129 0.0466881 0.0524312 0.0588581 0.065983 0.0738176 0.0823698 0.0916436 0.101638 0.112346 0.123754 0.135844 0.148588 0.161952 0.175895 0.190368 0.205315 0.220675 0.236378 0.25235 0.268512 0.28478 0.301068 0.317286 0.333343 0.349148 0.36461 0.37964 0.39415 0.408055 0.421274 0.433731 0.445353 0.456073 0.46583 0.474569 0.482241 0.488803 0.494218 0.498457 0.501496 0.503319 0.503917 0.503284 0.501426 0.498352 0.494079 0.488631 0.482036 0.474333 0.465563 0.455777 0.44503 0.433383 0.420904 0.407665 0.393744 0.379222 0.364183 0.348715 0.332909 0.316856 0.300646 0.28437 0.268118 0.251975 0.236026 0.22035 0.205019 0.190102 0.175661 0.161752 0.148421 0.135711 0.123654 0.112276 0.101597 0.0916289 0.0823786 0.0738468 0.0660292 0.0589177 0.0525007 0.0467639 0.0416915 0.0372666 0.0334724 0.0302926 0.0277121 0.025718 0.0242995 0.0234498 
0.0247136 0.0250063 0.0258964 0.0273903 0.0294964 0.0322263 0.0355938 0.0396146 0.0443059 0.049685 0.0557692 0.0625747 0.0701156 0.0784032 0.0874449 0.097244 0.107798 0.119099 0.131132 0.143875 0.157298 0.171366 0.186033 0.201247 0.216949 0.233073 0.249546 0.266289 0.283219 0.300248 0.317286 0.334238 0.351011 0.36751 0.38364 0.399309 0.414426 0.428904 0.44266 0.455615 0.467695 0.478833 0.488966 0.498038 0.505999 0.512805 0.518421 0.522817 0.525968 0.527858 0.528477 0.527822 0.525896 0.522709 0.518279 0.512628 0.505787 0.497793 0.488689 0.478526 0.467359 0.455252 0.442272 0.428495 0.413999 0.398867 0.383187 0.36705 0.350549 0.333778 0.316832 0.299805 0.282791 0.26588 0.24916 0.232714 0.21662 0.200949 0.185769 0.171136 0.157104 0.143715 0.131007 0.119007 0.107737 0.0972117 0.0874382 0.0784188 0.0701502 0.0626246 0.0558306 0.0497542 0.0443792 0.0396887 0.0356654 0.0322927 0.0295551 0.0274392 0.0259341 0.0250326 
0.0262921 0.0266024 0.0275449 0.029126 0.0313546 0.0342424 0.0378037 0.0420546 0.0470124 0.0526949 0.0591196 0.0663027 0.0742581 0.0829967 0.0925256 0.102847 0.113957 0.125846 0.138497 0.151887 0.165983 0.180746 0.196127 0.212072 0.228517 0.245392 0.26262 0.280118 0.2978 0.315573 0.333343 0.351011 0.368481 0.385653 0.402431 0.418718 0.434422 0.449452 0.463725 0.47716 0.489681 0.501219 0.511711 0.521101 0.529339 0.53638 0.542187 0.546731 0.549989 0.551942 0.552583 0.551906 0.549916 0.546622 0.542042 0.536198 0.529122 0.52085 0.511427 0.500902 0.489333 0.476783 0.463322 0.449026 0.433975 0.418254 0.401954 0.385168 0.367991 0.350522 0.332859 0.315099 0.29734 0.279677 0.262201 0.245 0.228155 0.211742 0.195832 0.180487 0.165761 0.151702 0.138348 0.125732 0.113876 0.102796 0.0925028 0.0829983 0.0742805 0.0663422 0.0591724 0.052757 0.04708 0.0421242 0.0378719 0.0343063 0.0314115 0.0291739 0.027582 0.0266287 
0.027874 0.0282019 0.0291965 0.0308645 0.0332149 0.0362598 0.0400137 0.0444931 0.0497156 0.0556994 0.0624618 0.0700191 0.0783851 0.0875703 0.0975808 0.108418 0.120077 0.132546 0.145807 0.159834 0.174591 0.190036 0.206118 0.222778 0.23995 0.257559 0.275524 0.293759 0.312173 0.330669 0.349148 0.36751 0.385653 0.403476 0.420877 0.43776 0.454027 0.469588 0.484356 0.498248 0.51119 0.52311 0.533945 0.543637 0.552137 0.559399 0.565389 0.570074 0.573432 0.575446 0.576106 0.575409 0.573358 0.569963 0.565241 0.559215 0.551916 0.543381 0.533653 0.522785 0.510832 0.49786 0.48394 0.469146 0.453563 0.437276 0.420379 0.402967 0.385138 0.366994 0.348635 0.330164 0.311682 0.293286 0.275074 0.257135 0.239556 0.222418 0.205793 0.189748 0.174341 0.159622 0.145634 0.13241 0.119975 0.108349 0.0975414 0.0875573 0.0783949 0.0700478 0.0625054 0.0557539 0.0497771 0.0445578 0.0400781 0.0363208 0.0332698 0.0309111 0.029233 0.0282282 
0.0294489 0.0297942 0.0308403 0.0325942 0.035065 0.0382651 0.0422092 0.0469143 0.0523981 0.0586788 0.0657742 0.0737001 0.0824703 0.0920947 0.102579 0.113923 0.12612 0.139158 0.153016 0.167665 0.183068 0.19918 0.215945 0.233303 0.251181 0.269503 0.288183 0.307132 0.326253 0.345446 0.36461 0.38364 0.402431 0.420877 0.438877 0.456328 0.473133 0.4892 0.504438 0.518766 0.532106 0.544388 0.555546 0.565524 0.574271 0.581743 0.587903 0.592721 0.596174 0.598245 0.598924 0.598208 0.5961 0.59261 0.587754 0.581557 0.574048 0.565265 0.55525 0.544057 0.531741 0.518369 0.504011 0.488745 0.472654 0.455827 0.438359 0.420347 0.401892 0.383098 0.36407 0.344913 0.325732 0.306628 0.287702 0.269048 0.250756 0.232911 0.21559 0.198863 0.182791 0.167428 0.152818 0.138999 0.125998 0.113835 0.102522 0.0920668 0.0824671 0.0737177 0.0658083 0.0587254 0.052453 0.0469737 0.0422696 0.038323 0.0351177 0.0326393 0.0308761 0.0298204 
0.0310058 0.0313682 0.0324649 0.0343031 0.0368921 0.0402445 0.0443754 0.0493017 0.0550415 0.0616133 0.0690346 0.0773213 0.0864867 0.0965402 0.107487 0.119325 0.132047 0.145639 0.160078 0.175332 0.191363 0.20812 0.225548 0.24358 0.262141 0.281151 0.300521 0.320156 0.339957 0.35982 0.37964 0.399309 0.418718 0.43776 0.456328 0.47432 0.491636 0.50818 0.523864 0.538603 0.552319 0.56494 0.576403 0.586649 0.595627 0.603295 0.609615 0.614557 0.618098 0.620222 0.620919 0.620185 0.618024 0.614445 0.609465 0.603108 0.595403 0.586387 0.576104 0.564605 0.551948 0.538199 0.523428 0.507714 0.491143 0.473804 0.455793 0.437209 0.418158 0.398743 0.379075 0.359261 0.339408 0.319623 0.300009 0.280666 0.261686 0.243158 0.225164 0.207775 0.191058 0.175069 0.159856 0.145457 0.131904 0.119218 0.107413 0.0964974 0.0864704 0.0773275 0.069059 0.0616517 0.0550898 0.0493557 0.0444314 0.0402992 0.0369425 0.0343467 0.0324999 0.0313942 
0.0325334 0.0329125 0.0340586 0.035979 0.0386832 0.042184 0.0464967 0.0516384 0.0576275 0.0644823 0.0722205 0.0808577 0.0904069 0.100877 0.112271 0.124588 0.137819 0.151947 0.166947 0.182785 0.199421 0.216801 0.234866 0.253545 0.272762 0.292432 0.312462 0.332753 0.353203 0.373706 0.39415 0.414426 0.434422 0.454027 0.473133 0.491636 0.509433 0.526427 0.542529 0.557653 0.571721 0.58466 0.596406 0.606901 0.616095 0.623945 0.630413 0.63547 0.639093 0.641266 0.641979 0.641229 0.639019 0.635358 0.630264 0.623758 0.61587 0.606638 0.596105 0.584322 0.571346 0.557243 0.542086 0.525952 0.508929 0.491106 0.472583 0.453459 0.433842 0.413839 0.393562 0.373121 0.352628 0.332193 0.311922 0.291918 0.272279 0.253096 0.234453 0.216428 0.19909 0.182497 0.166701 0.151743 0.137655 0.124463 0.112181 0.100819 0.0903774 0.0808524 0.0722351 0.0645125 0.0576689 0.0516869 0.0465483 0.0422353 0.0387311 0.0360209 0.0340926 0.0329383 
0.0340202 0.0344155 0.0356094 0.0376094 0.040425 0.0440693 0.0485577 0.0539076 0.0601373 0.0672654 0.0753092 0.0842845 0.0942034 0.105074 0.1169 0.129678 0.143397 0.158039 0.173577 0.189976 0.20719 0.225165 0.243838 0.263137 0.282979 0.303276 0.323933 0.344848 0.365914 0.38702 0.408055 0.428904 0.449452 0.469588 0.4892 0.50818 0.526427 0.543843 0.560335 0.575817 0.590211 0.603444 0.615453 0.626179 0.635572 0.643589 0.650194 0.655357 0.659056 0.661275 0.662003 0.661238 0.658983 0.655247 0.650046 0.643404 0.635348 0.625917 0.615152 0.603105 0.589834 0.575403 0.559885 0.54336 0.525914 0.50764 0.488636 0.469005 0.448855 0.428298 0.407445 0.386413 0.365314 0.344263 0.323368 0.302736 0.282468 0.26266 0.243399 0.224767 0.206834 0.189663 0.173308 0.157813 0.143213 0.129534 0.116794 0.105002 0.0941608 0.0842677 0.075314 0.0672872 0.0601717 0.0539503 0.0486047 0.044117 0.0404703 0.0376495 0.0356425 0.0344411 
0.0354548 0.0358656 0.0371054 0.0391816 0.0421041 0.0458859 0.0505428 0.0560921 0.0625523 0.0699419 0.0782783 0.0875767 0.0978491 0.109103 0.12134 0.134557 0.148741 0.163873 0.179923 0.196854 0.214619 0.233159 0.252409 0.272292 0.292725 0.313616 0.334864 0.356366 0.378011 0.399686 0.421274 0.44266 0.463725 0.484356 0.504438 0.523864 0.542529 0.560335 0.577187 0.593 0.607695 0.6212 0.63345 0.644388 0.653964 0.662134 0.668864 0.674124 0.677892 0.680152 0.680894 0.680115 0.677819 0.674015 0.668718 0.66195 0.653741 0.644127 0.63315 0.620861 0.607317 0.592584 0.576734 0.559847 0.542009 0.523315 0.503863 0.483759 0.463112 0.442036 0.420645 0.399058 0.37739 0.355758 0.334274 0.31305 0.292189 0.27179 0.251944 0.232735 0.214238 0.196518 0.179632 0.163627 0.148539 0.134396 0.121218 0.109016 0.0977936 0.0875487 0.0782733 0.0699554 0.0625798 0.0561291 0.0505852 0.0459301 0.0421467 0.0392199 0.0371374 0.0358909 
0.0368256 0.0372512 0.0385346 0.0406833 0.0437073 0.0476198 0.0524365 0.0581751 0.0648541 0.0724917 0.0811054 0.09071 0.101317 0.112933 0.12556 0.139192 0.153816 0.16941 0.185943 0.203375 0.221657 0.240729 0.26052 0.280953 0.30194 0.323386 0.345188 0.367238 0.389424 0.411627 0.433731 0.455615 0.47716 0.498248 0.518766 0.538603 0.557653 0.575817 0.593 0.609117 0.624088 0.63784 0.65031 0.661441 0.671182 0.679492 0.686335 0.691683 0.695513 0.69781 0.698565 0.697775 0.695442 0.691576 0.686191 0.679311 0.670962 0.661182 0.650012 0.637502 0.62371 0.6087 0.592545 0.575325 0.557128 0.538046 0.518182 0.497641 0.476534 0.454976 0.433085 0.41098 0.388782 0.366608 0.344576 0.322797 0.30138 0.280427 0.260032 0.240281 0.221254 0.203017 0.185631 0.169144 0.153595 0.139014 0.125422 0.112832 0.101249 0.0906712 0.081091 0.0724972 0.0648747 0.0582065 0.0524745 0.0476604 0.0437473 0.0407198 0.0385655 0.0372762 
0.0381214 0.0385609 0.0398853 0.0421022 0.0452217 0.049257 0.054224 0.0601404 0.0670247 0.0748952 0.0837691 0.0936609 0.104582 0.116538 0.129529 0.143549 0.158584 0.174609 0.191593 0.209494 0.228258 0.247824 0.26812 0.289063 0.310565 0.332526 0.354841 0.377398 0.400083 0.422775 0.445353 0.467695 0.489681 0.51119 0.532106 0.552319 0.571721 0.590211 0.607695 0.624088 0.639308 0.653285 0.665954 0.677258 0.687149 0.695584 0.702529 0.707955 0.711842 0.714173 0.714939 0.714138 0.711772 0.70785 0.702388 0.695405 0.686932 0.677002 0.665658 0.652949 0.638932 0.623671 0.60724 0.589717 0.571191 0.551756 0.531514 0.510572 0.489043 0.467043 0.444692 0.422111 0.399423 0.376748 0.354207 0.331915 0.309983 0.288515 0.267609 0.247355 0.227833 0.209115 0.191262 0.174325 0.158345 0.143355 0.129376 0.116423 0.104502 0.0936115 0.0837456 0.0748929 0.0670388 0.0601663 0.0542575 0.0492941 0.045259 0.0421369 0.0399152 0.0385857 
