1.19346e-12 1.23142e-12 1.99824e-12 3.9077e-12 7.93443e-12 1.6034e-11 3.19327e-11 6.25389e-11 1.20386e-10 2.27754e-10 4.23467e-10 7.7383e-10 1.38983e-09 2.45353e-09 4.25759e-09 7.26295e-09 1.21808e-08 2.00863e-08 3.25705e-08 5.19398e-08 8.14657e-08 1.25689e-07 1.90774e-07 2.84896e-07 4.18643e-07 6.05392e-07 8.61597e-07 1.20694e-06 1.66423e-06 2.25902e-06 3.01881e-06 3.97185e-06 5.14541e-06 6.56369e-06 8.24544e-06 1.02013e-05 1.24316e-05 1.49237e-05 1.76513e-05 2.05732e-05 2.36342e-05 2.67668e-05 2.98935e-05 3.29306e-05 3.57923e-05 3.83943e-05 4.06584e-05 4.25156e-05 4.39087e-05 4.47951e-05 4.51476e-05 4.49554e-05 4.42246e-05 4.29779e-05 4.1254e-05 3.91062e-05 3.66005e-05 3.38131e-05 3.08269e-05 2.77273e-05 2.45989e-05 2.15205e-05 1.85622e-05 1.57822e-05 1.32252e-05 1.09214e-05 8.8868e-06 7.12473e-06 5.62752e-06 4.37891e-06 3.35656e-06 2.53444e-06 1.885e-06 1.38091e-06 9.96373e-07 7.08045e-07 4.95516e-07 3.41496e-07 2.31749e-07 1.54853e-07 1.01874e-07 6.59803e-08 4.20666e-08 2.63998e-08 1.63069e-08 9.9133e-09 5.93084e-09 3.49173e-09 2.02288e-09 1.15316e-09 6.46827e-10 3.56992e-10 1.93866e-10 1.03591e-10 5.44674e-11 2.81846e-11 1.43611e-11 7.223e-12 3.62508e-12 1.904e-12 
1.23142e-12 1.27243e-12 2.08038e-12 4.09946e-12 8.37957e-12 1.70377e-11 3.41293e-11 6.72135e-11 1.30076e-10 2.47347e-10 4.62147e-10 8.48451e-10 1.53061e-09 2.7134e-09 4.72723e-09 8.09424e-09 1.36227e-08 2.25376e-08 3.66573e-08 5.86232e-08 9.21907e-08 1.42582e-07 2.16899e-07 3.24573e-07 4.7784e-07 6.92172e-07 9.86623e-07 1.384e-06 1.91077e-06 2.59659e-06 3.47341e-06 4.57403e-06 5.93015e-06 7.56993e-06 9.51515e-06 1.17782e-05 1.43594e-05 1.72442e-05 2.04018e-05 2.37844e-05 2.7328e-05 3.09539e-05 3.45724e-05 3.80865e-05 4.13965e-05 4.44053e-05 4.70223e-05 4.91679e-05 5.07765e-05 5.17987e-05 5.22033e-05 5.19782e-05 5.11304e-05 4.9686e-05 4.76898e-05 4.52033e-05 4.23028e-05 3.90763e-05 3.56197e-05 3.2032e-05 2.84111e-05 2.48485e-05 2.14255e-05 1.82094e-05 1.5252e-05 1.25884e-05 1.0237e-05 8.20155e-06 6.47304e-06 5.03246e-06 3.8538e-06 2.90679e-06 2.15938e-06 1.57985e-06 1.13829e-06 8.07627e-07 5.6424e-07 3.88134e-07 2.62865e-07 1.7526e-07 1.15026e-07 7.4308e-08 4.72462e-08 2.95633e-08 1.82037e-08 1.10295e-08 6.57531e-09 3.85667e-09 2.22548e-09 1.26339e-09 7.05567e-10 3.87637e-10 2.09506e-10 1.11393e-10 5.82682e-11 2.99901e-11 1.51961e-11 7.59825e-12 3.78929e-12 1.97639e-12 
1.99824e-12 2.08038e-12 3.42137e-12 6.75981e-12 1.38349e-11 2.81505e-11 5.64164e-11 1.11133e-10 2.15084e-10 4.08935e-10 7.63799e-10 1.4015e-09 2.52646e-09 4.47469e-09 7.78708e-09 1.33164e-08 2.23788e-08 3.69638e-08 6.00144e-08 9.57919e-08 1.50333e-07 2.32001e-07 3.52122e-07 5.25684e-07 7.72043e-07 1.11557e-06 1.58615e-06 2.21939e-06 3.05639e-06 4.143e-06 5.5283e-06 7.26239e-06 9.39327e-06 1.19631e-05 1.50039e-05 1.85329e-05 2.25485e-05 2.70263e-05 3.1917e-05 3.71454e-05 4.26119e-05 4.81951e-05 5.3757e-05 5.91494e-05 6.42207e-05 6.88234e-05 7.28209e-05 7.6093e-05 7.85414e-05 8.00922e-05 8.06991e-05 8.03438e-05 7.90374e-05 7.68196e-05 7.37576e-05 6.99445e-05 6.54955e-05 6.05439e-05 5.5235e-05 4.97198e-05 4.41473e-05 3.86578e-05 3.33759e-05 2.84061e-05 2.38288e-05 1.96989e-05 1.60466e-05 1.28789e-05 1.01835e-05 7.93239e-06 6.08653e-06 4.60011e-06 3.4243e-06 2.51045e-06 1.8125e-06 1.28861e-06 9.02076e-07 6.2174e-07 4.21869e-07 2.8178e-07 1.85252e-07 1.19865e-07 7.63239e-08 4.78215e-08 2.94811e-08 1.78807e-08 1.06688e-08 6.26197e-09 3.6153e-09 2.05306e-09 1.14675e-09 6.29996e-10 3.40418e-10 1.80925e-10 9.45839e-11 4.86439e-11 2.46246e-11 1.22992e-11 6.1271e-12 3.19493e-12 
3.9077e-12 4.09946e-12 6.75981e-12 1.33434e-11 2.72556e-11 5.53336e-11 1.1063e-10 2.17385e-10 4.19628e-10 7.95671e-10 1.48195e-09 2.71128e-09 4.87276e-09 8.60316e-09 1.4923e-08 2.54337e-08 4.25951e-08 7.01066e-08 1.13413e-07 1.80354e-07 2.81978e-07 4.33502e-07 6.55421e-07 9.7469e-07 1.42592e-06 2.05242e-06 2.90697e-06 4.05204e-06 5.5593e-06 7.5081e-06 9.98274e-06 1.30685e-05 1.68462e-05 2.13859e-05 2.67389e-05 3.29311e-05 3.99549e-05 4.77639e-05 5.62691e-05 6.53378e-05 7.47957e-05 8.44332e-05 9.40134e-05 0.000103283 0.000111984 0.000119867 0.000126702 0.000132287 0.000136457 0.00013909 0.000140107 0.00013948 0.000137227 0.000133415 0.000128158 0.000121612 0.000113971 0.00010546 9.63266e-05 8.68259e-05 7.72123e-05 6.77259e-05 5.85814e-05 4.99595e-05 4.20007e-05 3.48027e-05 2.84206e-05 2.28702e-05 1.81337e-05 1.41659e-05 1.0902e-05 8.26505e-06 6.172e-06 4.53955e-06 3.28828e-06 2.34562e-06 1.64753e-06 1.13935e-06 7.75671e-07 5.19817e-07 3.42868e-07 2.22565e-07 1.42166e-07 8.9351e-08 5.52488e-08 3.36068e-08 2.01085e-08 1.18345e-08 6.85039e-09 3.89992e-09 2.18353e-09 1.20232e-09 6.51082e-10 3.46751e-10 1.81629e-10 9.35844e-11 4.74588e-11 2.37462e-11 1.1854e-11 6.20199e-12 
7.93443e-12 8.37957e-12 1.38349e-11 2.72556e-11 5.55191e-11 1.12382e-10 2.24008e-10 4.38804e-10 8.4435e-10 1.59579e-09 2.96229e-09 5.40112e-09 9.67306e-09 1.70174e-08 2.94104e-08 4.9938e-08 8.33157e-08 1.36597e-07 2.20106e-07 3.48626e-07 5.42866e-07 8.31185e-07 1.25154e-06 1.85356e-06 2.70055e-06 3.87124e-06 5.46092e-06 7.58164e-06 1.0361e-05 1.39394e-05 1.84645e-05 2.40844e-05 3.09379e-05 3.91428e-05 4.87835e-05 5.98973e-05 7.24629e-05 8.63906e-05 0.000101516 0.0001176 0.000134332 0.000151341 0.000168213 0.000184504 0.000199768 0.000213572 0.000225522 0.00023527 0.000242534 0.000247105 0.000248851 0.000247724 0.000243755 0.000237061 0.000227836 0.000216349 0.000202935 0.000187982 0.000171917 0.000155183 0.000138225 0.00012146 0.000105268 8.99681e-05 7.58114e-05 6.29751e-05 5.15628e-05 4.16089e-05 3.30884e-05 2.59276e-05 2.00175e-05 1.52256e-05 1.14083e-05 8.41997e-06 6.12062e-06 4.38158e-06 3.08865e-06 2.14368e-06 1.4647e-06 9.85108e-07 6.52095e-07 4.24793e-07 2.72289e-07 1.71721e-07 1.06539e-07 6.50195e-08 3.90297e-08 2.30425e-08 1.3379e-08 7.63941e-09 4.28966e-09 2.36869e-09 1.28622e-09 6.86835e-10 3.60699e-10 1.86319e-10 9.47211e-11 4.75132e-11 2.37863e-11 1.24968e-11 
1.6034e-11 1.70377e-11 2.81505e-11 5.53336e-11 1.12382e-10 2.26779e-10 4.50602e-10 8.79825e-10 1.68739e-09 3.17838e-09 5.87981e-09 1.0683e-08 1.90641e-08 3.3416e-08 5.75363e-08 9.73237e-08 1.61745e-07 2.6414e-07 4.23924e-07 6.6874e-07 1.03708e-06 1.58133e-06 2.3712e-06 3.49722e-06 5.07414e-06 7.24375e-06 1.01765e-05 1.40714e-05 1.91534e-05 2.5668e-05 3.38715e-05 4.40182e-05 5.63431e-05 7.10423e-05 8.82507e-05 0.00010802 0.000130298 0.000154913 0.000181568 0.000209833 0.000239161 0.000268906 0.000298343 0.000326711 0.00035324 0.000377192 0.000397891 0.000414749 0.000427288 0.000435155 0.000438128 0.000436126 0.000429206 0.000417563 0.00040153 0.000381565 0.000358236 0.000332209 0.000304213 0.000275011 0.000245368 0.00021601 0.000187596 0.000160686 0.000135726 0.000113034 9.28022e-05 7.51029e-05 5.99039e-05 4.70879e-05 3.64732e-05 2.78358e-05 2.09293e-05 1.55017e-05 1.13091e-05 8.1254e-06 5.74881e-06 4.00469e-06 2.74637e-06 1.85391e-06 1.23169e-06 8.05255e-07 5.18005e-07 3.27831e-07 2.04094e-07 1.24979e-07 7.52705e-08 4.45827e-08 2.59678e-08 1.48734e-08 8.37691e-09 4.63923e-09 2.52638e-09 1.35286e-09 7.12414e-10 3.68984e-10 1.8808e-10 9.4597e-11 4.75017e-11 2.50642e-11 
3.19327e-11 3.41293e-11 5.64164e-11 1.1063e-10 2.24008e-10 4.50602e-10 8.9244e-10 1.73681e-09 3.3198e-09 6.23183e-09 1.14883e-08 2.07987e-08 3.6981e-08 6.45811e-08 1.10777e-07 1.8666e-07 3.09002e-07 5.0261e-07 8.03389e-07 1.26215e-06 1.94923e-06 2.95976e-06 4.41949e-06 6.49069e-06 9.37768e-06 1.33311e-05 1.86503e-05 2.56822e-05 3.48158e-05 4.6472e-05 6.10866e-05 7.90868e-05 0.000100862 0.000126731 0.000156902 0.000191438 0.000230225 0.000272945 0.000319063 0.000367829 0.000418297 0.000469355 0.000519772 0.000568256 0.000613512 0.0006543 0.00068949 0.000718104 0.000739348 0.000752638 0.000757609 0.000754128 0.00074229 0.000722425 0.000695083 0.000661029 0.000621215 0.000576752 0.000528865 0.000478842 0.000427974 0.000377498 0.000328539 0.000282062 0.000238841 0.000199438 0.000164204 0.000133283 0.000106642 8.40994e-05 6.53613e-05 5.00565e-05 3.7771e-05 2.80777e-05 2.05595e-05 1.4827e-05 1.05297e-05 7.36284e-06 5.0684e-06 3.43422e-06 2.29009e-06 1.50274e-06 9.70193e-07 6.16203e-07 3.84972e-07 2.36552e-07 1.42948e-07 8.49478e-08 4.96387e-08 2.8521e-08 1.61128e-08 8.95032e-09 4.88839e-09 2.62521e-09 1.38631e-09 7.19994e-10 3.67996e-10 1.856e-10 9.34903e-11 4.95467e-11 
6.25389e-11 6.72135e-11 1.11133e-10 2.17385e-10 4.38804e-10 8.79825e-10 1.73681e-09 3.36874e-09 6.41717e-09 1.20042e-08 2.20511e-08 3.97777e-08 7.04657e-08 1.22594e-07 2.09481e-07 3.51598e-07 5.7973e-07 9.39153e-07 1.49501e-06 2.33894e-06 3.59696e-06 5.43849e-06 8.08591e-06 1.18243e-05 1.70101e-05 2.40774e-05 3.35408e-05 4.59917e-05 6.20888e-05 8.25375e-05 0.000108061 0.000139361 0.000177066 0.000221676 0.000273503 0.000332609 0.000398754 0.000471364 0.000549503 0.000631887 0.000716912 0.000802712 0.000887238 0.000968349 0.00104391 0.00111189 0.00117044 0.00121797 0.0012532 0.00127517 0.00128331 0.00127739 0.00125759 0.00122442 0.0011788 0.00112196 0.00105546 0.00098112 0.000900945 0.00081706 0.000731602 0.000646627 0.000564015 0.000485396 0.000412086 0.000345058 0.000284933 0.000231995 0.000186226 0.000147357 0.000114926 8.83318e-05 6.68982e-05 4.99169e-05 3.66903e-05 2.65619e-05 1.89366e-05 1.32925e-05 9.1856e-06 6.24784e-06 4.1822e-06 2.75464e-06 1.78504e-06 1.13788e-06 7.13432e-07 4.39919e-07 2.66757e-07 1.59055e-07 9.32484e-08 5.37501e-08 3.04613e-08 1.69725e-08 9.29767e-09 5.00777e-09 2.65207e-09 1.38125e-09 7.07935e-10 3.58063e-10 1.80941e-10 9.63206e-11 
1.20386e-10 1.30076e-10 2.15084e-10 4.19628e-10 8.4435e-10 1.68739e-09 3.3198e-09 6.41717e-09 1.21817e-08 2.2707e-08 4.15612e-08 7.46959e-08 1.31827e-07 2.2847e-07 3.88875e-07 6.50109e-07 1.06759e-06 1.72237e-06 2.73034e-06 4.25351e-06 6.51325e-06 9.80512e-06 1.45145e-05 2.11318e-05 3.02659e-05 4.26524e-05 5.91566e-05 8.07652e-05 0.000108567 0.000143717 0.000187386 0.000240696 0.000304635 0.000379963 0.000467123 0.000566138 0.000676541 0.000797309 0.000926851 0.00106301 0.00120313 0.00134416 0.00148276 0.00161546 0.00173883 0.00184961 0.00194487 0.00202207 0.00207918 0.00211471 0.00212774 0.00211792 0.00208553 0.00203141 0.00195699 0.00186424 0.00175564 0.00163409 0.00150282 0.00136524 0.0012248 0.00108485 0.000948461 0.000818319 0.000696617 0.000585002 0.000484553 0.000395802 0.000318791 0.00025314 0.000198144 0.000152862 0.000116212 8.70497e-05 6.42356e-05 4.66876e-05 3.34171e-05 2.35505e-05 1.63387e-05 1.11569e-05 7.49736e-06 4.9572e-06 3.22449e-06 2.06311e-06 1.29827e-06 8.0341e-07 4.88878e-07 2.92496e-07 1.72056e-07 9.95014e-08 5.65703e-08 3.16188e-08 1.73741e-08 9.38581e-09 4.98522e-09 2.60388e-09 1.33837e-09 6.78898e-10 3.44194e-10 1.84057e-10 
2.27754e-10 2.47347e-10 4.08935e-10 7.95671e-10 1.59579e-09 3.17838e-09 6.23183e-09 1.20042e-08 2.2707e-08 4.21739e-08 7.69082e-08 1.37706e-07 2.42103e-07 4.1796e-07 7.08583e-07 1.1798e-06 1.92948e-06 3.09986e-06 4.89309e-06 7.5899e-06 1.15714e-05 1.73427e-05 2.55579e-05 3.70432e-05 5.2816e-05 7.40965e-05 0.000102307 0.000139057 0.000186103 0.000245291 0.000318472 0.000407388 0.000513546 0.000638065 0.000781531 0.000943856 0.00112415 0.00132066 0.00153072 0.00175081 0.00197664 0.00220329 0.00242547 0.0026377 0.0028346 0.00301107 0.00316254 0.00328509 0.00337559 0.00343174 0.00345212 0.00343623 0.00338449 0.0032982 0.00317956 0.00303165 0.0028583 0.00266405 0.00245393 0.0022333 0.00200763 0.00178221 0.00156197 0.00135122 0.00115354 0.000971653 0.000807395 0.000661738 0.000534859 0.000426264 0.000334913 0.000259375 0.000197967 0.000148884 0.00011031 8.05025e-05 5.78562e-05 4.09404e-05 2.85188e-05 1.95527e-05 1.31916e-05 8.75648e-06 5.71785e-06 3.67233e-06 2.31954e-06 1.44065e-06 8.7978e-07 5.28216e-07 3.11778e-07 1.80908e-07 1.0319e-07 5.78604e-08 3.18931e-08 1.72821e-08 9.20684e-09 4.82309e-09 2.48626e-09 1.26493e-09 6.43461e-10 3.45677e-10 
4.23467e-10 4.62147e-10 7.63799e-10 1.48195e-09 2.96229e-09 5.87981e-09 1.14883e-08 2.20511e-08 4.15612e-08 7.69082e-08 1.39725e-07 2.49228e-07 4.3647e-07 7.50529e-07 1.26727e-06 2.10137e-06 3.42227e-06 5.47475e-06 8.60444e-06 1.32882e-05 2.01686e-05 3.00918e-05 4.41447e-05 6.36895e-05 9.03907e-05 0.000126227 0.000173486 0.000234728 0.000312724 0.000410351 0.000530454 0.000675671 0.000848223 0.00104969 0.0012808 0.00154118 0.00182923 0.00214199 0.00247512 0.00282299 0.00317881 0.0035349 0.00388305 0.0042148 0.00452191 0.00479661 0.00503197 0.00522207 0.00536219 0.00544889 0.00548007 0.00545498 0.00537424 0.00523983 0.00505507 0.00482459 0.00455422 0.00425082 0.0039221 0.00357628 0.00322175 0.00286674 0.00251892 0.00218511 0.00187099 0.00158098 0.00131811 0.00108411 0.000879462 0.00070356 0.000554945 0.000431502 0.000330687 0.000249728 0.0001858 0.000136164 9.82712e-05 6.98306e-05 4.88462e-05 3.36275e-05 2.278e-05 1.5182e-05 9.95279e-06 6.41708e-06 4.06862e-06 2.53643e-06 1.55461e-06 9.36718e-07 5.54828e-07 3.23038e-07 1.84877e-07 1.04003e-07 5.75111e-08 3.12616e-08 1.67054e-08 8.77772e-09 4.53837e-09 2.31604e-09 1.1822e-09 6.38074e-10 
7.7383e-10 8.48451e-10 1.4015e-09 2.71128e-09 5.40112e-09 1.0683e-08 2.07987e-08 3.97777e-08 7.46959e-08 1.37706e-07 2.49228e-07 4.42824e-07 7.72446e-07 1.32291e-06 2.22458e-06 3.67335e-06 5.95694e-06 9.48836e-06 1.48469e-05 2.28262e-05 3.44883e-05 5.12209e-05 7.47928e-05 0.000107403 0.000151715 0.000210867 0.000288452 0.000388454 0.000515133 0.000672862 0.000865897 0.00109811 0.00137268 0.00169173 0.00205603 0.00246466 0.00291483 0.00340167 0.00391829 0.00445587 0.00500394 0.00555078 0.00608394 0.00659071 0.00705875 0.00747655 0.00783384 0.00812192 0.00833388 0.00846469 0.00851131 0.00847264 0.00834961 0.00814513 0.00786408 0.00751325 0.00710125 0.00663824 0.00613569 0.00560588 0.00506145 0.00451484 0.00397774 0.00346064 0.00297239 0.00251996 0.00210832 0.00174038 0.00141722 0.00113823 0.000901436 0.000703825 0.000541661 0.000410799 0.000306954 0.000225924 0.000163756 0.000116864 8.20948e-05 5.67558e-05 3.86079e-05 2.58363e-05 1.70058e-05 1.1008e-05 7.00653e-06 4.3846e-06 2.6974e-06 1.63123e-06 9.69644e-07 5.66529e-07 3.25338e-07 1.83633e-07 1.01877e-07 5.55552e-08 2.97808e-08 1.56964e-08 8.14044e-09 4.16727e-09 2.13464e-09 1.15762e-09 
1.38983e-09 1.53061e-09 2.52646e-09 4.87276e-09 9.67306e-09 1.90641e-08 3.6981e-08 7.04657e-08 1.31827e-07 2.42103e-07 4.3647e-07 7.72446e-07 1.342e-06 2.28893e-06 3.83296e-06 6.30231e-06 1.0176e-05 1.61373e-05 2.51378e-05 3.84722e-05 5.78601e-05 8.55306e-05 0.000124302 0.000177648 0.000249739 0.000345441 0.00047027 0.000630273 0.000831842 0.00108145 0.00138528 0.00174886 0.00217654 0.00267104 0.00323296 0.00386037 0.00454851 0.00528962 0.00607298 0.00688513 0.0077103 0.00853103 0.00932889 0.0100853 0.0107822 0.0114029 0.0119328 0.0123592 0.0126724 0.0128652 0.0129333 0.0128752 0.0126922 0.0123884 0.0119708 0.0114492 0.0108359 0.0101457 0.00939495 0.00860175 0.0077846 0.00696186 0.00615095 0.00536762 0.00462532 0.00393485 0.00330404 0.00273782 0.00223826 0.00180499 0.00143548 0.0011256 0.000870032 0.000662742 0.000497403 0.000367723 0.000267716 0.000191897 0.000135393 9.40074e-05 6.42206e-05 4.31566e-05 2.85234e-05 1.85381e-05 1.18462e-05 7.44203e-06 4.59575e-06 2.7896e-06 1.66426e-06 9.75839e-07 5.6235e-07 3.18497e-07 1.77289e-07 9.69968e-08 5.21633e-08 2.75805e-08 1.43487e-08 7.36896e-09 3.78828e-09 2.06433e-09 
2.45353e-09 2.7134e-09 4.47469e-09 8.60316e-09 1.70174e-08 3.3416e-08 6.45811e-08 1.22594e-07 2.2847e-07 4.1796e-07 7.50529e-07 1.32291e-06 2.28893e-06 3.88773e-06 6.4826e-06 1.06129e-05 1.70607e-05 2.69341e-05 4.17655e-05 6.36246e-05 9.52391e-05 0.000140116 0.000202652 0.000288218 0.000403197 0.000554969 0.000751802 0.00100266 0.00131688 0.00170379 0.00217213 0.0027295 0.00338163 0.00413174 0.00497985 0.00592225 0.00695113 0.00805438 0.00921574 0.0104151 0.0116294 0.0128332 0.0139998 0.0151027 0.0161164 0.0170173 0.0177847 0.0184013 0.0188532 0.0191308 0.019228 0.0191428 0.018877 0.0184364 0.0178306 0.0170733 0.0161816 0.0151763 0.0140807 0.0129203 0.0117217 0.0105113 0.00931432 0.00815395 0.00705019 0.00601931 0.00507347 0.00422063 0.00346468 0.00280582 0.00224112 0.0017651 0.00137045 0.00104866 0.000790626 0.00058716 0.000429416 0.00030919 0.000219124 0.000152816 0.00010485 7.07615e-05 4.6965e-05 3.06499e-05 1.96652e-05 1.24031e-05 7.68916e-06 4.68504e-06 2.80548e-06 1.651e-06 9.54825e-07 5.42675e-07 3.03113e-07 1.66393e-07 8.97786e-08 4.76229e-08 2.48552e-08 1.28067e-08 6.60803e-09 3.61854e-09 
4.25759e-09 4.72723e-09 7.78708e-09 1.4923e-08 2.94104e-08 5.75363e-08 1.10777e-07 2.09481e-07 3.88875e-07 7.08583e-07 1.26727e-06 2.22458e-06 3.83296e-06 6.4826e-06 1.07627e-05 1.75425e-05 2.80743e-05 4.41196e-05 6.80978e-05 0.000103251 0.000153818 0.000225203 0.000324121 0.000458695 0.000638487 0.000874427 0.00117862 0.00156402 0.00204394 0.00263141 0.00333844 0.00417507 0.00514851 0.00626214 0.00751468 0.00889948 0.0104041 0.0120101 0.0136934 0.0154249 0.0171712 0.0188964 0.020563 0.0221341 0.0235743 0.0248513 0.0259368 0.0268072 0.0274442 0.0278344 0.02797 0.0278481 0.0274714 0.0268474 0.0259894 0.0249157 0.0236496 0.0222196 0.0206576 0.0189992 0.017281 0.0155404 0.0138132 0.0121325 0.0105273 0.00902163 0.00763394 0.00637675 0.00525687 0.00427584 0.00343057 0.00271424 0.00211711 0.00162754 0.0012328 0.000919818 0.000675831 0.00048886 0.000348039 0.000243816 0.00016803 0.000113896 7.59183e-05 4.97539e-05 3.20543e-05 2.02989e-05 1.2634e-05 7.72788e-06 4.6452e-06 2.74385e-06 1.59265e-06 9.08422e-07 5.09181e-07 2.80475e-07 1.51843e-07 8.08117e-08 4.23158e-08 2.18767e-08 1.13305e-08 6.23535e-09 
7.26295e-09 8.09424e-09 1.33164e-08 2.54337e-08 4.9938e-08 9.73237e-08 1.8666e-07 3.51598e-07 6.50109e-07 1.1798e-06 2.10137e-06 3.67335e-06 6.30231e-06 1.06129e-05 1.75425e-05 2.84652e-05 4.53471e-05 7.09347e-05 0.000108971 0.000164434 0.000243778 0.000355157 0.000508609 0.000716161 0.000991812 0.00135138 0.00181218 0.00239244 0.00311064 0.00398448 0.00502986 0.00625957 0.00768209 0.00930031 0.0111104 0.0131012 0.0152533 0.0175395 0.0199249 0.022368 0.0248225 0.0272383 0.0295644 0.0317504 0.0337488 0.0355165 0.0370158 0.0382159 0.0390924 0.0396282 0.0398129 0.039643 0.0391218 0.0382594 0.0370729 0.0355865 0.0338311 0.0318444 0.0296693 0.0273533 0.0249468 0.0225004 0.020064 0.0176836 0.0154005 0.0132492 0.011257 0.00944313 0.00781897 0.00638856 0.00514933 0.00409323 0.0032079 0.00247788 0.00188589 0.00141383 0.00104374 0.000758549 0.000542561 0.000381836 0.000264341 0.000179978 0.000120491 7.93047e-05 5.1308e-05 3.26259e-05 2.03885e-05 1.25206e-05 7.55533e-06 4.47981e-06 2.60999e-06 1.49414e-06 8.40485e-07 4.64596e-07 2.52389e-07 1.34779e-07 7.08121e-08 3.67347e-08 1.9099e-08 1.05633e-08 
1.21808e-08 1.36227e-08 2.23788e-08 4.25951e-08 8.33157e-08 1.61745e-07 3.09002e-07 5.7973e-07 1.06759e-06 1.92948e-06 3.42227e-06 5.95694e-06 1.0176e-05 1.70607e-05 2.80743e-05 4.53471e-05 7.19069e-05 0.000111952 0.00017116 0.000257021 0.00037916 0.000549632 0.000783126 0.00109706 0.00151147 0.00204874 0.00273298 0.00358926 0.00464245 0.00591589 0.00742986 0.00919991 0.0112352 0.0135368 0.0160968 0.0188967 0.0219077 0.0250901 0.0283949 0.0317647 0.0351359 0.0384413 0.0416128 0.0445837 0.0472919 0.0496813 0.0517036 0.0533189 0.0544966 0.0552148 0.0554606 0.0552297 0.054526 0.0533626 0.0517611 0.0497522 0.0473758 0.0446802 0.0417216 0.0385623 0.0352685 0.0319082 0.0285483 0.0252519 0.0220758 0.0190688 0.01627 0.0137084 0.0114022 0.00935974 0.00758008 0.00605455 0.00476813 0.00370111 0.00283069 0.00213252 0.00158196 0.00115524 0.000830232 0.000587033 0.000408277 0.000279241 0.000187781 0.000124135 8.06572e-05 5.15047e-05 3.23193e-05 1.99276e-05 1.20727e-05 7.18617e-06 4.2027e-06 2.41491e-06 1.36341e-06 7.56363e-07 4.12336e-07 2.20955e-07 1.16488e-07 6.06416e-08 3.16521e-08 1.75952e-08 
2.00863e-08 2.25376e-08 3.69638e-08 7.01066e-08 1.36597e-07 2.6414e-07 5.0261e-07 9.39153e-07 1.72237e-06 3.09986e-06 5.47475e-06 9.48836e-06 1.61373e-05 2.69341e-05 4.41196e-05 7.09347e-05 0.000111952 0.000173464 0.000263915 0.000394349 0.000578834 0.000834817 0.00118334 0.00164908 0.00226009 0.00304726 0.00404339 0.00528199 0.0067956 0.00861398 0.010762 0.0132573 0.0161086 0.0193134 0.0228566 0.0267097 0.0308303 0.0351627 0.0396392 0.0441824 0.0487076 0.0531266 0.0573507 0.0612945 0.0648787 0.0680325 0.0706954 0.0728183 0.0743631 0.0753032 0.0756228 0.0753166 0.0743898 0.072858 0.0707479 0.0680974 0.0649562 0.0613848 0.0574542 0.0532437 0.0488388 0.0443276 0.0397981 0.0353342 0.0310126 0.0269004 0.0230527 0.0195114 0.016305 0.0134486 0.0109447 0.00878541 0.00695335 0.00542441 0.00416953 0.00315683 0.00235345 0.00172707 0.00124722 0.000886094 0.000619176 0.000425449 0.000287403 0.00019084 0.000124543 7.98707e-05 5.03303e-05 3.11612e-05 1.89548e-05 1.13275e-05 6.65045e-06 3.83599e-06 2.17383e-06 1.21036e-06 6.62209e-07 3.56105e-07 1.88397e-07 9.84273e-08 5.15792e-08 2.88195e-08 
3.25705e-08 3.66573e-08 6.00144e-08 1.13413e-07 2.20106e-07 4.23924e-07 8.03389e-07 1.49501e-06 2.73034e-06 4.89309e-06 8.60444e-06 1.48469e-05 2.51378e-05 4.17655e-05 6.80978e-05 0.000108971 0.00017116 0.000263915 0.000399549 0.000594023 0.000867483 0.00124466 0.00175507 0.00243291 0.00331653 0.00444759 0.00586959 0.00762607 0.00975832 0.0123029 0.0152887 0.0187347 0.0226466 0.0270155 0.0318158 0.0370045 0.0425213 0.0482896 0.0542186 0.0602062 0.0661427 0.071915 0.0774113 0.0825246 0.0871569 0.0912216 0.0946453 0.0973688 0.099347 0.100548 0.100954 0.100559 0.0993676 0.0973994 0.0946858 0.0912722 0.0872181 0.0825974 0.0774971 0.0720153 0.066259 0.0603397 0.05437 0.0484586 0.0427067 0.0372042 0.0320267 0.0272339 0.0228682 0.0189551 0.0155035 0.012508 0.00995036 0.00780226 0.00602803 0.00458723 0.00343714 0.00253497 0.00183971 0.00131341 0.000922178 0.00063664 0.000432064 0.000288205 0.000188924 0.00012169 7.70122e-05 4.78818e-05 2.9246e-05 1.75483e-05 1.03437e-05 5.98945e-06 3.40711e-06 1.90413e-06 1.04559e-06 5.64294e-07 2.99603e-07 1.57097e-07 8.2657e-08 4.64224e-08 
5.19398e-08 5.86232e-08 9.57919e-08 1.80354e-07 3.48626e-07 6.6874e-07 1.26215e-06 2.33894e-06 4.25351e-06 7.5899e-06 1.32882e-05 2.28262e-05 3.84722e-05 6.36246e-05 0.000103251 0.000164434 0.000257021 0.000394349 0.000594023 0.000878658 0.00127652 0.00182195 0.00255547 0.00352342 0.00477708 0.00637124 0.00836209 0.0108046 0.0137494 0.0172396 0.0213071 0.0259692 0.0312262 0.0370584 0.043425 0.0502634 0.0574902 0.0650027 0.0726818 0.0803966 0.0880083 0.0953763 0.102363 0.108838 0.114685 0.1198 0.124098 0.127509 0.129982 0.131481 0.131985 0.131486 0.129993 0.127525 0.124119 0.119827 0.114719 0.108881 0.102417 0.0954441 0.0880933 0.0805015 0.0728088 0.0651527 0.0576633 0.050458 0.0436384 0.0372867 0.0314648 0.0262127 0.02155 0.0174766 0.0139757 0.0110161 0.00855554 0.00654449 0.00492898 0.00365381 0.00266504 0.00191208 0.00134909 0.000935843 0.000638123 0.000427629 0.000281596 0.000182192 0.000115806 7.23111e-05 4.43533e-05 2.67229e-05 1.58152e-05 9.19398e-06 5.25031e-06 2.94539e-06 1.62339e-06 8.79328e-07 4.68555e-07 2.46595e-07 1.30279e-07 7.35476e-08 
8.14657e-08 9.21907e-08 1.50333e-07 2.81978e-07 5.42866e-07 1.03708e-06 1.94923e-06 3.59696e-06 6.51325e-06 1.15714e-05 2.01686e-05 3.44883e-05 5.78601e-05 9.52391e-05 0.000153818 0.000243778 0.00037916 0.000578834 0.000867483 0.00127652 0.00184482 0.00261908 0.00365375 0.00501027 0.00675561 0.00896007 0.0116942 0.0150255 0.0190137 0.0237071 0.0291382 0.0353195 0.0422406 0.0498662 0.0581342 0.0669566 0.0762209 0.0857927 0.0955201 0.105239 0.114779 0.12397 0.132647 0.140657 0.147864 0.15415 0.159417 0.163588 0.166606 0.168432 0.169042 0.16843 0.166603 0.163583 0.159411 0.154143 0.147859 0.140656 0.132653 0.123988 0.114815 0.105296 0.0956028 0.0859039 0.0763621 0.0671276 0.0583329 0.0500892 0.0424831 0.0355755 0.0294013 0.0239707 0.0192713 0.0152714 0.0119236 0.00916918 0.00694204 0.00517279 0.00379232 0.00273463 0.00193904 0.00135167 0.000926092 0.000623538 0.000412506 0.000268104 0.000171174 0.000107351 6.61277e-05 4.00093e-05 2.37757e-05 1.38774e-05 7.95608e-06 4.48053e-06 2.47884e-06 1.34767e-06 7.20749e-07 3.80741e-07 2.01984e-07 1.14621e-07 
1.25689e-07 1.42582e-07 2.32001e-07 4.33502e-07 8.31185e-07 1.58133e-06 2.95976e-06 5.43849e-06 9.80512e-06 1.73427e-05 3.00918e-05 5.12209e-05 8.55306e-05 0.000140116 0.000225203 0.000355157 0.000549632 0.000834817 0.00124466 0.00182195 0.00261908 0.00369827 0.00513113 0.00699731 0.00938225 0.0123739 0.0160584 0.0205156 0.0258135 0.032003 0.0391131 0.0471463 0.0560758 0.0658436 0.0763598 0.0875042 0.0991287 0.111062 0.123116 0.135089 0.146779 0.157984 0.168514 0.178194 0.186871 0.194413 0.200716 0.205695 0.209291 0.211462 0.212185 0.211452 0.209271 0.205665 0.200676 0.194365 0.186816 0.178137 0.168459 0.157937 0.146747 0.135079 0.123133 0.111113 0.0992159 0.0876296 0.0765229 0.0660419 0.0563047 0.0473997 0.039384 0.0322835 0.0260957 0.0207919 0.016322 0.0126191 0.00960505 0.00719491 0.00530229 0.00384311 0.00273882 0.00191867 0.001321 0.000893701 0.000594021 0.000387862 0.000248758 0.0001567 9.69472e-05 5.89061e-05 3.51515e-05 2.0601e-05 1.1858e-05 6.70405e-06 3.72318e-06 2.03177e-06 1.09065e-06 5.7832e-07 3.08081e-07 1.75737e-07 
1.90774e-07 2.16899e-07 3.52122e-07 6.55421e-07 1.25154e-06 2.3712e-06 4.41949e-06 8.08591e-06 1.45145e-05 2.55579e-05 4.41447e-05 7.47928e-05 0.000124302 0.000202652 0.000324121 0.000508609 0.000783126 0.00118334 0.00175507 0.00255547 0.00365375 0.00513113 0.0070798 0.00960075 0.0128004 0.0167857 0.0216591 0.0275117 0.0344168 0.0424238 0.0515527 0.0617891 0.0730823 0.0853437 0.0984477 0.112235 0.126516 0.141078 0.155692 0.17012 0.184126 0.19748 0.209967 0.221397 0.2316 0.24044 0.247804 0.253607 0.25779 0.260311 0.261147 0.260292 0.257752 0.25355 0.247727 0.240345 0.23149 0.221275 0.20984 0.197355 0.184011 0.170025 0.155624 0.141046 0.126526 0.112291 0.0985515 0.0854941 0.073276 0.0620205 0.0518144 0.0427073 0.0347126 0.0278105 0.0219521 0.0170649 0.0130594 0.00983497 0.00728625 0.00530864 0.00380268 0.00267742 0.00185255 0.00125942 0.000841113 0.000551777 0.000355515 0.00022496 0.000139792 8.53065e-05 5.11209e-05 3.00841e-05 1.73865e-05 9.86847e-06 5.50175e-06 3.01371e-06 1.62379e-06 8.64301e-07 4.6236e-07 2.65109e-07 
2.84896e-07 3.24573e-07 5.25684e-07 9.7469e-07 1.85356e-06 3.49722e-06 6.49069e-06 1.18243e-05 2.11318e-05 3.70432e-05 6.36895e-05 0.000107403 0.000177648 0.000288218 0.000458695 0.000716161 0.00109706 0.00164908 0.00243291 0.00352342 0.00501027 0.00699731 0.00960075 0.0129458 0.0171616 0.0223752 0.028704 0.0362479 0.0450812 0.0552458 0.0667448 0.079539 0.0935442 0.108633 0.124635 0.141345 0.158528 0.175925 0.193266 0.210277 0.22669 0.24225 0.256726 0.269912 0.281635 0.291753 0.300155 0.30676 0.311511 0.314369 0.315315 0.314341 0.311455 0.306676 0.300042 0.291611 0.281467 0.269723 0.256521 0.242039 0.226482 0.210083 0.193098 0.175792 0.15844 0.141309 0.124655 0.108711 0.0936785 0.0797253 0.0669765 0.055514 0.0453756 0.0365575 0.0290178 0.0226829 0.0174543 0.0132162 0.00984384 0.00721002 0.00519158 0.00367406 0.00255495 0.00174552 0.00117141 0.000772115 0.0004998 0.000317703 0.000198306 0.000121543 7.31472e-05 4.32261e-05 2.50836e-05 1.4294e-05 7.99996e-06 4.39883e-06 2.379e-06 1.27111e-06 6.82843e-07 3.93549e-07 
4.18643e-07 4.7784e-07 7.72043e-07 1.42592e-06 2.70055e-06 5.07414e-06 9.37768e-06 1.70101e-05 3.02659e-05 5.2816e-05 9.03907e-05 0.000151715 0.000249739 0.000403197 0.000638487 0.000991812 0.00151147 0.00226009 0.00331653 0.00477708 0.00675561 0.00938225 0.0128004 0.0171616 0.022619 0.029319 0.0373916 0.046941 0.0580362 0.0707032 0.0849195 0.10061 0.117648 0.135857 0.155016 0.174865 0.19512 0.215476 0.235621 0.255249 0.274066 0.291798 0.308204 0.323074 0.336234 0.347548 0.356912 0.364253 0.369521 0.372686 0.373731 0.37265 0.369449 0.364144 0.356765 0.347362 0.336012 0.322819 0.307924 0.291501 0.273762 0.254951 0.235342 0.215229 0.194917 0.174717 0.15493 0.135838 0.117698 0.100726 0.0850972 0.0709344 0.0583102 0.0472457 0.0377142 0.0296466 0.0229399 0.0174656 0.0130796 0.0096314 0.0069717 0.00495945 0.0034664 0.00238007 0.0016051 0.00106306 0.000691375 0.000441507 0.000276827 0.000170416 0.000103002 6.11245e-05 3.56152e-05 2.03766e-05 1.14487e-05 6.31913e-06 3.43039e-06 1.83988e-06 9.92531e-07 5.74955e-07 
6.05392e-07 6.92172e-07 1.11557e-06 2.05242e-06 3.87124e-06 7.24375e-06 1.33311e-05 2.40774e-05 4.26524e-05 7.40965e-05 0.000126227 0.000210867 0.000345441 0.000554969 0.000874427 0.00135138 0.00204874 0.00304726 0.00444759 0.00637124 0.00896007 0.0123739 0.0167857 0.0223752 0.029319 0.0377806 0.0478984 0.0597744 0.0734638 0.0889669 0.106224 0.125114 0.145457 0.167016 0.189513 0.212632 0.236034 0.25937 0.282292 0.304465 0.325577 0.345347 0.36353 0.379923 0.394362 0.406723 0.416918 0.424887 0.430593 0.434016 0.435144 0.433975 0.43051 0.42476 0.416746 0.406504 0.394096 0.379614 0.363183 0.344971 0.325182 0.304065 0.281901 0.259004 0.235707 0.212358 0.189303 0.166879 0.145398 0.125135 0.106323 0.0891369 0.0736955 0.0600552 0.048214 0.038116 0.0296594 0.0227074 0.0170987 0.0126591 0.00921219 0.00658764 0.00462813 0.0031938 0.00216455 0.00144054 0.000941325 0.000603916 0.000380376 0.0002352 0.000142773 8.50828e-05 4.97785e-05 2.85938e-05 1.61282e-05 8.93585e-06 4.86908e-06 2.62145e-06 1.42005e-06 8.26761e-07 
8.61597e-07 9.86623e-07 1.58615e-06 2.90697e-06 5.46092e-06 1.01765e-05 1.86503e-05 3.35408e-05 5.91566e-05 0.000102307 0.000173486 0.000288452 0.00047027 0.000751802 0.00117862 0.00181218 0.00273298 0.00404339 0.00586959 0.00836209 0.0116942 0.0160584 0.0216591 0.028704 0.0373916 0.0478984 0.0603648 0.074882 0.0914808 0.110124 0.130704 0.153039 0.176887 0.201945 0.227868 0.254282 0.280796 0.30702 0.332575 0.357108 0.380299 0.40187 0.421586 0.439259 0.454747 0.467947 0.478792 0.487244 0.493281 0.496896 0.498087 0.496853 0.493193 0.487108 0.478606 0.467708 0.454454 0.438913 0.421191 0.401432 0.37983 0.356619 0.332081 0.306538 0.280343 0.253875 0.227522 0.201673 0.176699 0.152943 0.130699 0.110209 0.0916465 0.0751173 0.0606548 0.0482263 0.03774 0.0290563 0.0220008 0.0163775 0.0119822 0.00861381 0.00608304 0.00421918 0.00287374 0.00192186 0.00126184 0.000813321 0.000514602 0.000319609 0.000194851 0.000116607 6.85016e-05 3.95056e-05 2.23694e-05 1.24407e-05 6.80408e-06 3.67706e-06 2.00011e-06 1.17025e-06 
1.20694e-06 1.384e-06 2.21939e-06 4.05204e-06 7.58164e-06 1.40714e-05 2.56822e-05 4.59917e-05 8.07652e-05 0.000139057 0.000234728 0.000388454 0.000630273 0.00100266 0.00156402 0.00239244 0.00358926 0.00528199 0.00762607 0.0108046 0.0150255 0.0205156 0.0275117 0.0362479 0.046941 0.0597744 0.074882 0.0923335 0.112123 0.134164 0.158285 0.184238 0.211703 0.240306 0.269635 0.299256 0.328729 0.35763 0.385561 0.412161 0.437114 0.460158 0.481081 0.499721 0.515967 0.529748 0.541024 0.549782 0.556023 0.559755 0.560984 0.559713 0.555937 0.549649 0.540839 0.529506 0.515667 0.49936 0.48066 0.459684 0.436593 0.411604 0.384983 0.357048 0.32816 0.29872 0.269151 0.239892 0.211373 0.184005 0.158156 0.134139 0.112199 0.0925005 0.0751258 0.0600772 0.0472831 0.0366096 0.0278747 0.0208642 0.0153475 0.0110917 0.00787378 0.00548916 0.00375746 0.00252516 0.00166587 0.00107875 0.000685647 0.000427729 0.00026189 0.000157383 9.28328e-05 5.37496e-05 3.05519e-05 1.7055e-05 9.36209e-06 5.07834e-06 2.77359e-06 1.63071e-06 
1.66423e-06 1.91077e-06 3.05639e-06 5.5593e-06 1.0361e-05 1.91534e-05 3.48158e-05 6.20888e-05 0.000108567 0.000186103 0.000312724 0.000515133 0.000831842 0.00131688 0.00204394 0.00311064 0.00464245 0.0067956 0.00975832 0.0137494 0.0190137 0.0258135 0.0344168 0.0450812 0.0580362 0.0734638 0.0914808 0.112123 0.135336 0.160967 0.188772 0.218422 0.249517 0.281604 0.314204 0.346825 0.37899 0.410248 0.440193 0.46847 0.494783 0.518898 0.540637 0.55988 0.576553 0.590623 0.602085 0.610957 0.617263 0.621028 0.622268 0.620991 0.617187 0.610838 0.601916 0.590398 0.576267 0.55953 0.540221 0.518416 0.494241 0.467876 0.439558 0.409589 0.378324 0.346174 0.313589 0.281047 0.249039 0.218041 0.188502 0.160814 0.1353 0.1122 0.0916571 0.0737222 0.0583557 0.0454394 0.0347916 0.0261853 0.0193661 0.0140706 0.0100406 0.00703557 0.00484011 0.00326864 0.00216664 0.00140954 0.000899953 0.000563891 0.000346737 0.000209238 0.000123917 7.20279e-05 4.10969e-05 2.30263e-05 1.26858e-05 6.9065e-06 3.78716e-06 2.23722e-06 
2.25902e-06 2.59659e-06 4.143e-06 7.5081e-06 1.39394e-05 2.5668e-05 4.6472e-05 8.25375e-05 0.000143717 0.000245291 0.000410351 0.000672862 0.00108145 0.00170379 0.00263141 0.00398448 0.00591589 0.00861398 0.0123029 0.0172396 0.0237071 0.032003 0.0424238 0.0552458 0.0707032 0.0889669 0.110124 0.134164 0.160967 0.190305 0.221848 0.255177 0.289805 0.325204 0.360827 0.396134 0.430618 0.463816 0.495328 0.52482 0.55203 0.576764 0.598893 0.618345 0.635093 0.649148 0.660545 0.669333 0.675562 0.679275 0.6805 0.679246 0.675503 0.669238 0.660407 0.648959 0.634845 0.618032 0.59851 0.576308 0.551501 0.524223 0.494671 0.463112 0.429884 0.395391 0.360098 0.324515 0.289182 0.254644 0.221426 0.190008 0.160802 0.13413 0.110213 0.0891613 0.0709826 0.0555856 0.0427989 0.0323896 0.0240847 0.017592 0.0126189 0.00888727 0.00614444 0.00416965 0.00277697 0.00181493 0.00116398 0.000732499 0.000452318 0.00027407 0.000162957 9.50849e-05 5.44549e-05 3.06212e-05 1.69301e-05 9.25036e-06 5.09228e-06 3.02212e-06 
3.01881e-06 3.47341e-06 5.5283e-06 9.98274e-06 1.84645e-05 3.38715e-05 6.10866e-05 0.000108061 0.000187386 0.000318472 0.000530454 0.000865897 0.00138528 0.00217213 0.00333844 0.00502986 0.00742986 0.010762 0.0152887 0.0213071 0.0291382 0.0391131 0.0515527 0.0667448 0.0849195 0.106224 0.130704 0.158285 0.188772 0.221848 0.257086 0.293973 0.331935 0.370367 0.408664 0.44625 0.482597 0.517246 0.54982 0.58002 0.60763 0.632513 0.654595 0.67386 0.690335 0.70408 0.715168 0.723683 0.729701 0.733282 0.734466 0.733266 0.729665 0.723622 0.715074 0.703942 0.690146 0.673608 0.654272 0.632113 0.607149 0.579456 0.549178 0.516535 0.481829 0.445445 0.407847 0.369566 0.33118 0.293294 0.256511 0.221399 0.188465 0.158124 0.130685 0.106336 0.0851408 0.0670505 0.0519149 0.0395044 0.0295337 0.0216862 0.0156363 0.0110681 0.00768999 0.00524357 0.00350855 0.00230351 0.00148384 0.000937796 0.000581496 0.000353759 0.000211159 0.000123675 7.10866e-05 4.01152e-05 2.22561e-05 1.22031e-05 6.74337e-06 4.01992e-06 
3.97185e-06 4.57403e-06 7.26239e-06 1.30685e-05 2.40844e-05 4.40182e-05 7.90868e-05 0.000139361 0.000240696 0.000407388 0.000675671 0.00109811 0.00174886 0.0027295 0.00417507 0.00625957 0.00919991 0.0132573 0.0187347 0.0259692 0.0353195 0.0471463 0.0617891 0.079539 0.10061 0.125114 0.153039 0.184238 0.218422 0.255177 0.293973 0.334201 0.3752 0.416296 0.456837 0.49622 0.533916 0.569486 0.602588 0.632974 0.66049 0.68506 0.706676 0.725383 0.741266 0.75443 0.764992 0.773067 0.778756 0.782136 0.783256 0.782132 0.778746 0.773045 0.764949 0.754356 0.741149 0.725212 0.706437 0.684744 0.660087 0.632479 0.601998 0.568805 0.533152 0.49539 0.455964 0.41541 0.374333 0.333389 0.293252 0.254576 0.217965 0.183938 0.1529 0.125126 0.100757 0.0797946 0.0621247 0.0475311 0.0357246 0.0263695 0.0191103 0.0135948 0.00949149 0.00650262 0.00437104 0.00288259 0.00186492 0.00118359 0.000736886 0.000450056 0.000269659 0.000158518 9.14376e-05 5.17771e-05 2.88231e-05 1.58576e-05 8.79525e-06 5.26576e-06 
5.14541e-06 5.93015e-06 9.39327e-06 1.68462e-05 3.09379e-05 5.63431e-05 0.000100862 0.000177066 0.000304635 0.000513546 0.000848223 0.00137268 0.00217654 0.00338163 0.00514851 0.00768209 0.0112352 0.0161086 0.0226466 0.0312262 0.0422406 0.0560758 0.0730823 0.0935442 0.117648 0.145457 0.176887 0.211703 0.249517 0.289805 0.331935 0.3752 0.418859 0.46218 0.504475 0.545132 0.583636 0.619584 0.652685 0.682755 0.709708 0.733542 0.754317 0.772141 0.787156 0.799513 0.80937 0.81687 0.822134 0.825257 0.826295 0.825267 0.822152 0.816889 0.809383 0.799508 0.78712 0.772062 0.754178 0.73333 0.709409 0.682356 0.652179 0.618969 0.582914 0.544315 0.503583 0.461241 0.417908 0.374277 0.331081 0.289059 0.24891 0.211258 0.176615 0.145355 0.117704 0.0937347 0.0733773 0.0564422 0.0426458 0.0316405 0.0230458 0.0164749 0.0115572 0.00795461 0.00537114 0.00355761 0.00231136 0.00147293 0.000920652 0.000564439 0.000339441 0.00020025 0.000115907 6.58516e-05 3.67774e-05 2.03005e-05 1.12996e-05 6.79318e-06 
6.56369e-06 7.56993e-06 1.19631e-05 2.13859e-05 3.91428e-05 7.10423e-05 0.000126731 0.000221676 0.000379963 0.000638065 0.00104969 0.00169173 0.00267104 0.00413174 0.00626214 0.00930031 0.0135368 0.0193134 0.0270155 0.0370584 0.0498662 0.0658436 0.0853437 0.108633 0.135857 0.167016 0.201945 0.240306 0.281604 0.325204 0.370367 0.416296 0.46218 0.50724 0.550769 0.592163 0.630937 0.666739 0.699343 0.728639 0.754618 0.777353 0.796974 0.813654 0.827584 0.838964 0.847981 0.854806 0.859579 0.862404 0.863347 0.862428 0.859623 0.854866 0.848048 0.839028 0.827633 0.813671 0.796944 0.777258 0.75444 0.72836 0.69895 0.666221 0.630292 0.591395 0.549895 0.506284 0.461178 0.415289 0.369402 0.324326 0.280854 0.239716 0.201534 0.166792 0.135811 0.108744 0.0855845 0.0661794 0.0502612 0.037479 0.0274327 0.019705 0.0138875 0.00960173 0.00651173 0.00433138 0.00282562 0.00180778 0.00113427 0.000697976 0.000421242 0.00024936 0.000144811 8.25367e-05 4.62404e-05 2.56046e-05 1.43008e-05 8.63155e-06 
8.24544e-06 9.51515e-06 1.50039e-05 2.67389e-05 4.87835e-05 8.82507e-05 0.000156902 0.000273503 0.000467123 0.000781531 0.0012808 0.00205603 0.00323296 0.00497985 0.00751468 0.0111104 0.0160968 0.0228566 0.0318158 0.043425 0.0581342 0.0763598 0.0984477 0.124635 0.155016 0.189513 0.227868 0.269635 0.314204 0.360827 0.408664 0.456837 0.504475 0.550769 0.59501 0.636618 0.675156 0.710335 0.742005 0.770137 0.794804 0.816153 0.834384 0.849728 0.862426 0.872714 0.880808 0.886899 0.891141 0.893647 0.894487 0.893682 0.891209 0.886995 0.880925 0.872842 0.862554 0.84984 0.834462 0.816177 0.794754 0.769991 0.741742 0.709939 0.674616 0.635933 0.594189 0.549832 0.503455 0.455777 0.407613 0.359836 0.313323 0.268906 0.227319 0.18916 0.154857 0.124656 0.0986223 0.0766534 0.0585088 0.0438434 0.0322447 0.0232692 0.0164736 0.0114395 0.00779096 0.00520351 0.00340799 0.00218869 0.00137833 0.000851165 0.00051545 0.000306133 0.000178344 0.000101962 5.72944e-05 3.18214e-05 1.78312e-05 1.0803e-05 
1.02013e-05 1.17782e-05 1.85329e-05 3.29311e-05 5.98973e-05 0.00010802 0.000191438 0.000332609 0.000566138 0.000943856 0.00154118 0.00246466 0.00386037 0.00592225 0.00889948 0.0131012 0.0188967 0.0267097 0.0370045 0.0502634 0.0669566 0.0875042 0.112235 0.141345 0.174865 0.212632 0.254282 0.299256 0.346825 0.396134 0.44625 0.49622 0.545132 0.592163 0.636618 0.677958 0.715808 0.749955 0.78033 0.806992 0.830092 0.849853 0.866539 0.880433 0.891817 0.900957 0.908093 0.913429 0.917128 0.919308 0.920042 0.919352 0.917214 0.913554 0.908252 0.90114 0.892014 0.880629 0.866718 0.849993 0.830169 0.806982 0.780208 0.749696 0.715396 0.677382 0.63588 0.591278 0.544128 0.495138 0.445141 0.395055 0.345831 0.298397 0.253598 0.212148 0.174588 0.141267 0.112333 0.0877449 0.0673011 0.0506713 0.0374384 0.0271384 0.0192964 0.0134561 0.00920167 0.00616986 0.00405621 0.00261452 0.00165229 0.0010238 0.000622018 0.000370584 0.000216545 0.000124163 6.9969e-05 3.89728e-05 2.19064e-05 1.33194e-05 
