0.00211617 0.0021381 0.00221001 0.00233266 0.00250699 0.00273431 0.00301624 0.00335471 0.00375184 0.00420997 0.00473155 0.00531907 0.00597501 0.00670176 0.00750151 0.00837623 0.00932749 0.0103565 0.0114639 0.0126497 0.0139135 0.0152538 0.0166685 0.0181548 0.0197087 0.0213257 0.023 0.0247251 0.0264936 0.0282972 0.0301267 0.0319724 0.0338237 0.0356694 0.037498 0.0392976 0.0410557 0.0427603 0.0443989 0.0459595 0.0474302 0.0487996 0.0500571 0.0511926 0.0521968 0.0530615 0.0537797 0.0543453 0.0547536 0.0550012 0.055086 0.0550073 0.0547658 0.0543636 0.0538041 0.0530919 0.0522332 0.0512349 0.0501053 0.0488537 0.0474899 0.0460247 0.0444695 0.0428361 0.0411365 0.0393831 0.037588 0.0357635 0.0339216 0.0320737 0.030231 0.028404 0.0266025 0.0248356 0.0231116 0.0214379 0.019821 0.0182666 0.0167793 0.015363 0.0140207 0.0127545 0.0115656 0.0104548 0.00942197 0.00846647 0.00758717 0.00678251 0.00605057 0.00538919 0.00479602 0.0042686 0.00380447 0.00340121 0.00305653 0.0027683 0.00253463 0.00235392 0.00222487 0.0021467 
0.0021381 0.00216027 0.00223295 0.00235688 0.00253303 0.00276271 0.00304756 0.00338952 0.00379074 0.00425357 0.00478048 0.00537398 0.00603657 0.00677066 0.00757846 0.00846194 0.00942269 0.0104619 0.0115802 0.0127777 0.0140538 0.0154071 0.0168356 0.0183361 0.019905 0.0215373 0.0232274 0.0249688 0.0267538 0.0285742 0.0304207 0.0322834 0.0341516 0.0360142 0.0378594 0.0396751 0.041449 0.0431688 0.044822 0.0463964 0.0478801 0.0492616 0.0505301 0.0516754 0.0526883 0.0535606 0.054285 0.0548554 0.0552673 0.0555169 0.0556024 0.055523 0.0552794 0.0548736 0.0543092 0.0535908 0.0527245 0.0517175 0.050578 0.0493152 0.0479394 0.0464613 0.0448923 0.0432443 0.0415295 0.0397602 0.037949 0.0361079 0.0342492 0.0323844 0.0305247 0.0286808 0.0268626 0.0250792 0.023339 0.0216494 0.0200172 0.0184479 0.0169464 0.0155165 0.0141612 0.0128826 0.0116821 0.0105604 0.00951737 0.00855239 0.00766435 0.00685164 0.00611237 0.00544433 0.00484517 0.00431241 0.00384357 0.00343621 0.00308802 0.00279684 0.00256079 0.00237824 0.00224788 0.00216891 
0.00221001 0.00223295 0.00230799 0.0024359 0.00261766 0.00285462 0.00314847 0.00350118 0.00391495 0.0043922 0.00493543 0.00554721 0.0062301 0.00698654 0.00781879 0.00872883 0.00971829 0.0107883 0.0119396 0.0131722 0.0144854 0.0158778 0.0173471 0.0188904 0.0205036 0.0221817 0.023919 0.0257085 0.0275426 0.0294127 0.0313093 0.0332222 0.0351405 0.0370526 0.0389466 0.0408101 0.0426304 0.044395 0.0460909 0.0477059 0.0492276 0.0506444 0.0519451 0.0531195 0.054158 0.0550522 0.0557947 0.0563794 0.0568015 0.0570573 0.0571448 0.0570632 0.0568133 0.0563972 0.0558183 0.0550817 0.0541933 0.0531606 0.051992 0.050697 0.0492858 0.0477696 0.04616 0.0444692 0.0427096 0.040894 0.039035 0.0371452 0.035237 0.0333222 0.0314124 0.0295185 0.0276507 0.0258183 0.02403 0.0222935 0.0206156 0.0190021 0.017458 0.0159872 0.0145929 0.0132774 0.0120419 0.0108873 0.00981347 0.00881985 0.00790527 0.00706815 0.00630653 0.0056182 0.00500074 0.00445164 0.00396835 0.0035484 0.0031894 0.00288917 0.00264577 0.00245753 0.00232312 0.00224172 
0.00233266 0.00235688 0.0024359 0.0025705 0.00276171 0.00301094 0.00331993 0.00369072 0.0041256 0.00462706 0.00519771 0.0058402 0.00655715 0.00735109 0.00822432 0.00917887 0.0102164 0.0113381 0.0125445 0.0138357 0.0152109 0.0166685 0.0182063 0.0198208 0.021508 0.0232625 0.0250782 0.0269481 0.0288639 0.0308168 0.0327967 0.0347931 0.0367945 0.0387891 0.0407642 0.042707 0.0446045 0.0464433 0.0482103 0.0498926 0.0514774 0.0529527 0.054307 0.0555294 0.0566104 0.0575409 0.0583136 0.0589219 0.0593609 0.0596269 0.0597177 0.0596325 0.0593722 0.0589389 0.0583362 0.0575693 0.0566443 0.0555691 0.0543522 0.0530035 0.0515337 0.0499542 0.0482772 0.0465154 0.0446815 0.0427889 0.0408506 0.0388797 0.0368892 0.0348913 0.0328982 0.0309211 0.0289707 0.0270568 0.0251884 0.0233736 0.0216195 0.0199322 0.018317 0.016778 0.0153187 0.0139413 0.0126473 0.0114377 0.0103124 0.00927077 0.00831174 0.00743368 0.0066346 0.00591221 0.00526403 0.00468747 0.00417992 0.00373878 0.00336162 0.00304616 0.00279039 0.00259258 0.00245135 0.00236586 
0.00250699 0.00253303 0.00261766 0.00276171 0.00296627 0.0032328 0.00356315 0.00395945 0.00442411 0.00495972 0.00556902 0.00625477 0.0070197 0.00786644 0.00879737 0.00981457 0.0109197 0.012114 0.0133979 0.0147715 0.0162338 0.0177831 0.0194168 0.0211314 0.0229223 0.0247839 0.0267097 0.0286921 0.0307225 0.0327912 0.0348878 0.0370011 0.039119 0.0412288 0.0433174 0.0453712 0.0473764 0.0493191 0.0511854 0.0529618 0.0546348 0.0561919 0.0576209 0.0589105 0.0600507 0.061032 0.0618467 0.062488 0.0629506 0.0632308 0.0633262 0.0632361 0.0629613 0.062504 0.061868 0.0610587 0.0600827 0.058948 0.0576637 0.05624 0.0546883 0.0530205 0.0512494 0.0493882 0.0474504 0.04545 0.0434009 0.0413166 0.0392109 0.0370968 0.034987 0.0328934 0.0308273 0.0287992 0.0268185 0.0248939 0.023033 0.0212422 0.0195273 0.0178926 0.0163418 0.0148775 0.0135015 0.0122145 0.0110167 0.00990761 0.00888604 0.00795036 0.00709851 0.00632815 0.0056367 0.00502145 0.00447967 0.00400868 0.00360589 0.00326894 0.00299572 0.00278441 0.00263356 0.00254229 
0.00273431 0.00276271 0.00285462 0.00301094 0.0032328 0.00352178 0.00387982 0.00430919 0.00481243 0.00539229 0.00605164 0.00679341 0.00762046 0.00853552 0.00954108 0.0106393 0.0118319 0.0131199 0.0145041 0.015984 0.0175587 0.0192263 0.0209838 0.0228274 0.0247521 0.0267518 0.0288195 0.0309468 0.0331245 0.0353425 0.0375893 0.039853 0.0421206 0.0443787 0.0466132 0.0488096 0.0509532 0.0530293 0.0550232 0.0569203 0.0587066 0.0603686 0.0618935 0.0632694 0.0644855 0.0655321 0.0664006 0.0670842 0.0675772 0.0678756 0.0679769 0.0678804 0.0675869 0.0670988 0.0664202 0.0655566 0.064515 0.063304 0.0619331 0.0604133 0.0587564 0.0569752 0.0550832 0.0530944 0.0510232 0.0488844 0.0466927 0.0444627 0.0422089 0.0399453 0.0376853 0.0354418 0.0332269 0.0310516 0.0289264 0.0268603 0.0248616 0.0229374 0.0210938 0.0193357 0.017667 0.0160905 0.0146083 0.0132214 0.0119301 0.0107337 0.00963127 0.00862105 0.00770094 0.00686849 0.006121 0.00545565 0.00486955 0.00435986 0.00392387 0.00355907 0.00326322 0.00303441 0.00287109 0.00277233 
0.00301624 0.00304756 0.00314847 0.00331993 0.00356315 0.00387982 0.00427201 0.00474216 0.00529297 0.00592737 0.00664841 0.00745919 0.00836273 0.00936192 0.0104593 0.0116572 0.0129573 0.0143607 0.0158679 0.0174785 0.0191914 0.0210041 0.0229136 0.0249155 0.0270042 0.0291732 0.0314146 0.0337195 0.0360778 0.0384783 0.040909 0.0433566 0.0458074 0.0482467 0.0506595 0.0530302 0.055343 0.057582 0.0597316 0.0617761 0.0637007 0.0654907 0.0671326 0.0686138 0.0699225 0.0710485 0.0719828 0.0727179 0.0732479 0.0735685 0.073677 0.0735728 0.0732565 0.0727309 0.0720002 0.0710703 0.0699489 0.0686447 0.0671683 0.0655311 0.0637459 0.0618263 0.0597867 0.0576421 0.0554079 0.0531 0.0507341 0.048326 0.0458911 0.0434446 0.041001 0.038574 0.0361768 0.0338214 0.031519 0.0292796 0.0271121 0.0250243 0.0230228 0.0211132 0.0192996 0.0175855 0.015973 0.0144633 0.0130568 0.0117532 0.0105512 0.00944928 0.00844514 0.00753623 0.00671973 0.00599264 0.00535191 0.00479453 0.00431761 0.00391847 0.00359472 0.00334432 0.00316562 0.00305762 
0.00335471 0.00338952 0.00350118 0.00369072 0.00395945 0.00430919 0.00474216 0.00526098 0.00586855 0.00656801 0.00736262 0.00825567 0.00925037 0.0103498 0.0115566 0.0128731 0.0143011 0.0158418 0.0174953 0.0192613 0.0211382 0.0231234 0.0252132 0.0274029 0.0296862 0.0320559 0.0345033 0.0370186 0.0395907 0.0422074 0.0448556 0.0475209 0.0501882 0.0528418 0.0554653 0.0580418 0.0605544 0.0629859 0.0653192 0.0675378 0.0696253 0.0715664 0.0733464 0.0749515 0.0763695 0.0775892 0.0786009 0.0793968 0.0799704 0.0803171 0.0804341 0.0803207 0.0799776 0.0794077 0.0786157 0.0776078 0.0763921 0.0749782 0.0733773 0.0716017 0.0696651 0.0675822 0.0653683 0.0630398 0.0606132 0.0581055 0.0555338 0.0529152 0.0502663 0.0476034 0.0449425 0.0422984 0.0396854 0.0371167 0.0346044 0.0321595 0.0297919 0.02751 0.0253213 0.0232317 0.0212462 0.0193685 0.017601 0.0159453 0.014402 0.0129707 0.0116503 0.0104391 0.00933489 0.00833488 0.00743612 0.00663543 0.00592955 0.00531527 0.0047895 0.00434938 0.00399232 0.00371616 0.0035191 0.00340008 
0.00375184 0.00379074 0.00391495 0.0041256 0.00442411 0.00481243 0.00529297 0.00586855 0.00654231 0.00731759 0.00819791 0.00918678 0.0102876 0.0115037 0.0128377 0.0142923 0.015869 0.017569 0.0193926 0.0213389 0.0234061 0.0255914 0.0278903 0.0302976 0.0328064 0.0354084 0.0380942 0.0408528 0.0436721 0.0465388 0.0494382 0.0523548 0.0552722 0.0581731 0.0610396 0.0638536 0.0665964 0.0692495 0.0717946 0.0742135 0.0764889 0.0786038 0.0805425 0.0822904 0.083834 0.0851614 0.0862623 0.087128 0.0877516 0.0881284 0.0882552 0.0881312 0.0877573 0.0871366 0.0862739 0.0851762 0.0838521 0.082312 0.0805678 0.0786329 0.0765221 0.0742511 0.0718366 0.0692962 0.0666478 0.0639099 0.0611009 0.0582393 0.0553434 0.0524309 0.0495189 0.046624 0.0437616 0.0409462 0.0381911 0.0355085 0.032909 0.0304024 0.0279966 0.0256985 0.0235136 0.021446 0.0194987 0.0176735 0.0159711 0.0143914 0.0129333 0.0115951 0.0103744 0.00926831 0.00827376 0.00738732 0.00660553 0.00592494 0.00534223 0.00485431 0.00445843 0.0041522 0.00393374 0.00380186 
0.00420997 0.00425357 0.0043922 0.00462706 0.00495972 0.00539229 0.00592737 0.00656801 0.00731759 0.00817974 0.0091582 0.0102567 0.011479 0.0128285 0.014308 0.0159202 0.0176668 0.0195488 0.0215663 0.0237183 0.0260026 0.0284157 0.0309528 0.0336078 0.036373 0.0392392 0.0421959 0.045231 0.0483311 0.0514814 0.0546659 0.0578675 0.0610683 0.0642493 0.0673911 0.0704737 0.0734771 0.076381 0.0791655 0.081811 0.0842985 0.0866098 0.0887279 0.0906369 0.0923224 0.0937714 0.0949728 0.0959173 0.0965975 0.0970081 0.097146 0.09701 0.0966013 0.0959232 0.0949809 0.0937818 0.0923353 0.0906526 0.0887467 0.0866319 0.0843241 0.0818405 0.0791992 0.0764192 0.0735199 0.0705214 0.0674437 0.0643071 0.0611313 0.0579357 0.0547392 0.0515597 0.0484142 0.0453187 0.0422877 0.0393348 0.0364719 0.0337095 0.0310567 0.0285211 0.0261089 0.0238249 0.0216725 0.0196538 0.01777 0.0160208 0.0144054 0.012922 0.011568 0.0103407 0.00923649 0.0082519 0.00738318 0.00662663 0.00597868 0.005436 0.0049956 0.00465492 0.00441191 0.0042653 
0.00473155 0.00478048 0.00493543 0.00519771 0.00556902 0.00605164 0.00664841 0.00736262 0.00819791 0.0091582 0.0102475 0.0114699 0.0128292 0.0143291 0.0159727 0.0177626 0.0197006 0.0217875 0.0240232 0.0264065 0.0289347 0.0316038 0.0344084 0.0373414 0.0403943 0.0435567 0.046817 0.0501617 0.053576 0.0570436 0.0605468 0.064067 0.0675843 0.0710781 0.0745271 0.0779096 0.0812035 0.084387 0.0874383 0.090336 0.0930597 0.0955897 0.0979074 0.0999957 0.101839 0.103423 0.104736 0.105768 0.106512 0.10696 0.10711 0.106961 0.106513 0.105771 0.10474 0.103429 0.101846 0.100005 0.0979187 0.0956036 0.0930767 0.0903564 0.0874624 0.0844153 0.0812364 0.0779472 0.0745698 0.0711261 0.0676378 0.064126 0.0606114 0.0571137 0.0536515 0.0502423 0.0469025 0.0436468 0.0404884 0.0374391 0.034509 0.0317068 0.0290393 0.0265121 0.024129 0.0218927 0.0198045 0.0178644 0.0160717 0.0144246 0.0129204 0.0115562 0.0103283 0.00923284 0.00826593 0.00742355 0.00670186 0.00609726 0.00560653 0.0052269 0.00495613 0.00479287 
0.00531907 0.00537398 0.00554721 0.0058402 0.00625477 0.00679341 0.00745919 0.00825567 0.00918678 0.0102567 0.0114699 0.0128306 0.0143429 0.0160106 0.0178371 0.019825 0.0219761 0.0242911 0.0267697 0.0294102 0.0322095 0.035163 0.0382644 0.0415059 0.0448777 0.0483684 0.0519649 0.0556523 0.0594142 0.0632326 0.0670881 0.0709601 0.0748269 0.0786658 0.0824536 0.0861665 0.0897805 0.0932719 0.0966168 0.0997922 0.102776 0.105546 0.108083 0.110369 0.112385 0.114118 0.115554 0.116682 0.117494 0.117984 0.118147 0.117983 0.117494 0.116681 0.115553 0.114118 0.112385 0.11037 0.108086 0.105551 0.102783 0.0998022 0.0966301 0.093289 0.089802 0.0861926 0.0824848 0.0787025 0.0748693 0.0710085 0.0671425 0.063293 0.0594806 0.0557246 0.0520428 0.0484517 0.0449658 0.0415985 0.0383609 0.0352626 0.0323116 0.029514 0.0268745 0.024396 0.0220803 0.0199277 0.0179375 0.0161078 0.0144361 0.0129191 0.0115531 0.0103339 0.00925724 0.00831894 0.00751481 0.00684098 0.00629396 0.00587076 0.00556896 0.00538706 
0.00597501 0.00603657 0.0062301 0.00655715 0.0070197 0.00762046 0.00836273 0.00925037 0.0102876 0.011479 0.0128292 0.0143429 0.0160243 0.0178775 0.0199061 0.0221126 0.0244988 0.0270653 0.0298115 0.0327353 0.0358331 0.0390994 0.0425272 0.0461076 0.0498296 0.0536805 0.0576457 0.0617087 0.0658514 0.0700539 0.0742948 0.0785515 0.0828001 0.087016 0.0911736 0.095247 0.0992102 0.103037 0.106702 0.11018 0.113446 0.116478 0.119254 0.121753 0.123959 0.125853 0.127422 0.128655 0.129542 0.130076 0.130254 0.130075 0.129539 0.12865 0.127416 0.125846 0.123952 0.121746 0.119247 0.116473 0.113442 0.110178 0.106703 0.103042 0.0992188 0.0952602 0.0911919 0.0870398 0.0828299 0.0785876 0.0743374 0.0701031 0.0659073 0.0617713 0.0577147 0.0537557 0.0499106 0.0461939 0.0426184 0.0391947 0.0359317 0.0328366 0.0299146 0.0271693 0.0246028 0.0222157 0.0200074 0.0179762 0.0161193 0.0144335 0.0129147 0.0115585 0.0103605 0.00931596 0.00842052 0.00767 0.0070606 0.00658911 0.00625291 0.00605038 
0.00670176 0.00677066 0.00698654 0.00735109 0.00786644 0.00853552 0.00936192 0.0103498 0.0115037 0.0128285 0.0143291 0.0160106 0.0178775 0.0199342 0.0221841 0.0246299 0.0272735 0.0301151 0.0331538 0.0363871 0.0398106 0.0434182 0.0472019 0.0511515 0.0552548 0.0594977 0.0638638 0.068335 0.0728912 0.0775105 0.0821694 0.0868431 0.0915054 0.0961294 0.100687 0.10515 0.109491 0.11368 0.117691 0.121495 0.125066 0.12838 0.131414 0.134144 0.136552 0.13862 0.140333 0.141679 0.142646 0.143229 0.143423 0.143226 0.14264 0.14167 0.140322 0.138607 0.136537 0.134128 0.131397 0.128364 0.12505 0.12148 0.117678 0.113671 0.109485 0.105149 0.100691 0.0961388 0.091521 0.0868653 0.0821986 0.0775469 0.072935 0.0683863 0.0639224 0.0595633 0.0553272 0.0512303 0.0472865 0.043508 0.0399048 0.0364849 0.0332544 0.0302174 0.0273766 0.0247329 0.0222859 0.0200338 0.0179741 0.0161031 0.0144166 0.0129101 0.0115787 0.0104176 0.00942182 0.00858699 0.00790903 0.00738445 0.00701042 0.00678522 
0.00750151 0.00757846 0.00781879 0.00822432 0.00879737 0.00954108 0.0104593 0.0115566 0.0128377 0.014308 0.0159727 0.0178371 0.0199061 0.0221841 0.0246748 0.0273809 0.030304 0.0334443 0.0368004 0.0403693 0.0441459 0.0481231 0.0522918 0.0566407 0.0611561 0.0658223 0.0706211 0.0755326 0.0805344 0.0856026 0.0907114 0.0958336 0.100941 0.106003 0.11099 0.115872 0.120617 0.125195 0.129575 0.133729 0.137627 0.141243 0.144551 0.147529 0.150154 0.152407 0.154274 0.155739 0.156793 0.157428 0.157638 0.157423 0.156784 0.155726 0.154256 0.152386 0.15013 0.147502 0.144523 0.141214 0.137598 0.1337 0.129548 0.12517 0.120596 0.115855 0.110978 0.105996 0.10094 0.0958402 0.0907255 0.0856245 0.0805644 0.0755708 0.0706676 0.0658768 0.0612185 0.0567105 0.0523686 0.0482061 0.0442344 0.0404626 0.0368975 0.0335441 0.0304055 0.027483 0.0247764 0.0222842 0.0200036 0.017931 0.016062 0.0143916 0.0129149 0.0116265 0.0105212 0.0095944 0.00884159 0.00825905 0.00784373 0.00759377 
0.00837623 0.00846194 0.00872883 0.00917887 0.00981457 0.0106393 0.0116572 0.0128731 0.0142923 0.0159202 0.0177626 0.019825 0.0221126 0.0246299 0.0273809 0.0303681 0.033593 0.0370555 0.0407538 0.0446842 0.0488408 0.0532156 0.0577982 0.062576 0.0675338 0.072654 0.0779167 0.0832996 0.0887785 0.0943268 0.0999165 0.105518 0.111099 0.116629 0.122075 0.127402 0.132578 0.137569 0.142343 0.146868 0.151113 0.155049 0.15865 0.161889 0.164744 0.167195 0.169224 0.170817 0.171962 0.172651 0.172879 0.172645 0.171949 0.170798 0.1692 0.167166 0.164711 0.161852 0.158609 0.155007 0.151069 0.146824 0.1423 0.137528 0.132539 0.127367 0.122044 0.116605 0.111081 0.105507 0.0999136 0.0943324 0.0887929 0.0833231 0.0779494 0.0726958 0.0675846 0.0626354 0.0578657 0.0532905 0.0489224 0.0447717 0.0408462 0.0371517 0.0336919 0.0304686 0.0274817 0.02473 0.0222106 0.0199199 0.0178532 0.0160055 0.0143712 0.0129449 0.011721 0.0106943 0.00986034 0.00921492 0.00875481 0.008478 
0.00932749 0.00942269 0.00971829 0.0102164 0.0109197 0.0118319 0.0129573 0.0143011 0.015869 0.0176668 0.0197006 0.0219761 0.0244988 0.0272735 0.030304 0.033593 0.0371417 0.0409497 0.0450146 0.0493321 0.0538953 0.0586951 0.06372 0.0689557 0.0743854 0.0799896 0.0857463 0.091631 0.0976172 0.103676 0.109776 0.115886 0.121971 0.127996 0.133926 0.139725 0.145357 0.150785 0.155975 0.160892 0.165503 0.169777 0.173685 0.177201 0.180298 0.182956 0.185157 0.186884 0.188125 0.188871 0.189118 0.188863 0.188109 0.18686 0.185126 0.182919 0.180254 0.177152 0.173632 0.16972 0.165444 0.160831 0.155914 0.150725 0.145299 0.139671 0.133877 0.127952 0.121933 0.115856 0.109755 0.103663 0.0976142 0.091638 0.0857634 0.0800169 0.0744228 0.069003 0.0637766 0.0587605 0.0539686 0.0494125 0.0451012 0.0410413 0.0372371 0.0336909 0.0304032 0.0273727 0.0245967 0.0220714 0.019792 0.0177533 0.0159494 0.0143745 0.0130227 0.0118885 0.0109669 0.0102537 0.00974525 0.0094395 
0.0103565 0.0104619 0.0107883 0.0113381 0.012114 0.0131199 0.0143607 0.0158418 0.017569 0.0195488 0.0217875 0.0242911 0.0270653 0.0301151 0.0334443 0.0370555 0.0409497 0.045126 0.0495816 0.054311 0.0593068 0.0645585 0.0700532 0.0757749 0.081705 0.087822 0.0941018 0.100518 0.10704 0.113638 0.120277 0.126923 0.133538 0.140086 0.146526 0.152821 0.158931 0.164819 0.170445 0.175773 0.180768 0.185397 0.189627 0.193432 0.196783 0.199658 0.202038 0.203905 0.205246 0.206053 0.206319 0.206043 0.205227 0.203876 0.201999 0.199611 0.196728 0.19337 0.18956 0.185325 0.180692 0.175695 0.170365 0.164739 0.158854 0.152746 0.146456 0.14002 0.13348 0.126872 0.120235 0.113605 0.107018 0.100506 0.0941016 0.0878331 0.0817273 0.0758083 0.0700973 0.0646128 0.0593704 0.0543831 0.049661 0.0452118 0.0410404 0.0371499 0.033541 0.0302127 0.0271624 0.0243862 0.0218793 0.0196361 0.0176506 0.0159164 0.0144275 0.0131779 0.0121625 0.0113765 0.0108162 0.0104794 
0.0114639 0.0115802 0.0119396 0.0125445 0.0133979 0.0145041 0.0158679 0.0174953 0.0193926 0.0215663 0.0240232 0.0267697 0.0298115 0.0331538 0.0368004 0.0407538 0.0450146 0.0495816 0.054451 0.0596168 0.0650702 0.0707997 0.0767905 0.0830252 0.0894831 0.0961406 0.102971 0.109946 0.117032 0.124196 0.131401 0.138609 0.14578 0.152874 0.159849 0.166662 0.173273 0.179639 0.185721 0.191478 0.196873 0.201871 0.206437 0.210542 0.214158 0.217259 0.219824 0.221837 0.223283 0.224152 0.224438 0.22414 0.223259 0.221802 0.219778 0.217202 0.214092 0.210468 0.206355 0.201783 0.19678 0.191381 0.185622 0.179539 0.173174 0.166565 0.159756 0.152786 0.145699 0.138536 0.131337 0.124142 0.116989 0.109914 0.102952 0.0961337 0.0894887 0.0830431 0.0768205 0.0708412 0.0651225 0.059679 0.054522 0.0496602 0.0450995 0.0408436 0.0368936 0.0332489 0.0299069 0.0268639 0.0241148 0.0216539 0.0194748 0.0175709 0.0159357 0.0145632 0.0134475 0.0125839 0.0119684 0.0115984 
0.0126497 0.0127777 0.0131722 0.0138357 0.0147715 0.015984 0.0174785 0.0192613 0.0213389 0.0237183 0.0264065 0.0294102 0.0327353 0.0363871 0.0403693 0.0446842 0.0493321 0.054311 0.0596168 0.0652422 0.0711774 0.0774092 0.0839215 0.0906948 0.0977065 0.104931 0.112338 0.119897 0.127573 0.135328 0.143124 0.150918 0.158669 0.166332 0.173862 0.181215 0.188345 0.195209 0.201763 0.207965 0.213775 0.219155 0.224069 0.228485 0.232373 0.235708 0.238466 0.240629 0.242183 0.243116 0.243424 0.243103 0.242155 0.240588 0.238412 0.235641 0.232296 0.228397 0.223972 0.21905 0.213663 0.207849 0.201643 0.195088 0.188224 0.181095 0.173745 0.16622 0.158564 0.150821 0.143036 0.135251 0.127507 0.119844 0.112298 0.104904 0.0976935 0.0906955 0.0839357 0.0774364 0.0712168 0.065293 0.0596779 0.0543812 0.0494099 0.0447682 0.0404579 0.0364787 0.0328283 0.0295028 0.0264972 0.0238055 0.0214212 0.0193373 0.0175471 0.0160439 0.014822 0.0138759 0.0132017 0.0127966 
0.0139135 0.0140538 0.0144854 0.0152109 0.0162338 0.0175587 0.0191914 0.0211382 0.0234061 0.0260026 0.0289347 0.0322095 0.0358331 0.0398106 0.0441459 0.0488408 0.0538953 0.0593068 0.0650702 0.0711774 0.077617 0.0843746 0.091432 0.098768 0.106358 0.114172 0.122181 0.130349 0.138638 0.147008 0.155417 0.16382 0.172171 0.180423 0.188528 0.196439 0.204106 0.211484 0.218525 0.225185 0.231422 0.237196 0.242468 0.247204 0.251373 0.254947 0.257903 0.260221 0.261886 0.262885 0.263214 0.262869 0.261854 0.260174 0.257841 0.254871 0.251283 0.247102 0.242355 0.237073 0.231292 0.225049 0.218383 0.211339 0.203961 0.196294 0.188386 0.180285 0.17204 0.163696 0.155303 0.146905 0.138547 0.130272 0.122118 0.114124 0.106324 0.0987498 0.0914287 0.0843857 0.077642 0.0712153 0.06512 0.0593672 0.0539648 0.0489178 0.0442288 0.0398978 0.0359226 0.0322997 0.0290238 0.0260889 0.023488 0.0212142 0.0192602 0.0176192 0.0162849 0.0152518 0.0145155 0.0140733 
0.0152538 0.0154071 0.0158778 0.0166685 0.0177831 0.0192263 0.0210041 0.0231234 0.0255914 0.0284157 0.0316038 0.035163 0.0390994 0.0434182 0.0481231 0.0532156 0.0586951 0.0645585 0.0707997 0.0774092 0.0843746 0.0916795 0.0993041 0.107225 0.115415 0.123843 0.132474 0.141272 0.150196 0.159202 0.168244 0.177275 0.186245 0.195104 0.203802 0.212285 0.220505 0.22841 0.235951 0.243082 0.249757 0.255933 0.261572 0.266635 0.271091 0.274911 0.278069 0.280545 0.282322 0.28339 0.283741 0.283372 0.282286 0.280491 0.277998 0.274824 0.270989 0.266519 0.261443 0.255793 0.249607 0.242924 0.235788 0.228242 0.220335 0.212115 0.203634 0.19494 0.186087 0.177125 0.168103 0.159072 0.15008 0.14117 0.132387 0.123771 0.115359 0.107186 0.0992816 0.091673 0.0843835 0.0774327 0.0708366 0.0646077 0.058755 0.0532845 0.0481993 0.0434999 0.0391846 0.0352499 0.0316905 0.0285003 0.0256723 0.023199 0.0210729 0.019287 0.0178345 0.0167099 0.0159084 0.0154272 
0.0166685 0.0168356 0.0173471 0.0182063 0.0194168 0.0209838 0.0229136 0.0252132 0.0278903 0.0309528 0.0344084 0.0382644 0.0425272 0.0472019 0.0522918 0.0577982 0.06372 0.0700532 0.0767905 0.0839215 0.091432 0.0993041 0.107516 0.116042 0.124852 0.133913 0.143187 0.152635 0.162212 0.171871 0.181564 0.19124 0.200846 0.210327 0.219631 0.228701 0.237485 0.245929 0.253981 0.261592 0.268713 0.2753 0.281311 0.286707 0.291455 0.295524 0.298888 0.301524 0.303417 0.304553 0.304926 0.304533 0.303376 0.301464 0.298809 0.295427 0.291341 0.286577 0.281165 0.275141 0.268543 0.261412 0.253795 0.245737 0.23729 0.228505 0.219436 0.210136 0.20066 0.191062 0.181396 0.171714 0.162068 0.152506 0.143074 0.133816 0.124773 0.115981 0.107473 0.0992784 0.0914234 0.0839291 0.0768132 0.0700897 0.0637689 0.0578577 0.0523601 0.047277 0.0426071 0.0383472 0.0344919 0.0310352 0.0279697 0.0252878 0.0229819 0.0210443 0.0194683 0.0182479 0.0173782 0.0168561 
0.0181548 0.0183361 0.0188904 0.0198208 0.0211314 0.0228274 0.0249155 0.0274029 0.0302976 0.0336078 0.0373414 0.0415059 0.0461076 0.0511515 0.0566407 0.062576 0.0689557 0.0757749 0.0830252 0.0906948 0.098768 0.107225 0.116042 0.12519 0.134638 0.144349 0.154284 0.164397 0.174644 0.184972 0.195331 0.205666 0.21592 0.226036 0.235957 0.245625 0.254983 0.263975 0.272545 0.280642 0.288216 0.295219 0.301607 0.307341 0.312385 0.316706 0.320277 0.323075 0.325084 0.32629 0.326685 0.326267 0.32504 0.323009 0.320189 0.316598 0.312258 0.307196 0.301446 0.295042 0.288026 0.280442 0.272335 0.263758 0.254762 0.245402 0.235734 0.225816 0.215705 0.205458 0.195134 0.184786 0.174471 0.16424 0.154143 0.144227 0.134534 0.125105 0.115976 0.107179 0.0987403 0.090685 0.0830323 0.0757975 0.0689923 0.0626249 0.0566998 0.0512189 0.0461812 0.0415835 0.037421 0.0336871 0.0303747 0.0274759 0.0249827 0.0228874 0.0211827 0.0198625 0.0189217 0.0183571 
0.0197087 0.019905 0.0205036 0.021508 0.0229223 0.0247521 0.0270042 0.0296862 0.0328064 0.036373 0.0403943 0.0448777 0.0498296 0.0552548 0.0611561 0.0675338 0.0743854 0.081705 0.0894831 0.0977065 0.106358 0.115415 0.124852 0.134638 0.144739 0.155115 0.165723 0.176517 0.187446 0.198456 0.209492 0.220497 0.231409 0.24217 0.252717 0.26299 0.272928 0.282474 0.291568 0.300156 0.308186 0.315608 0.322377 0.328451 0.333791 0.338366 0.342146 0.345107 0.347233 0.348508 0.348926 0.348484 0.347184 0.345035 0.34205 0.338248 0.333652 0.328292 0.3222 0.315414 0.307977 0.299934 0.291335 0.282233 0.272682 0.26274 0.252466 0.241921 0.231165 0.220259 0.209265 0.19824 0.187244 0.176331 0.165555 0.154965 0.144609 0.134528 0.124763 0.115346 0.106309 0.0976779 0.0894731 0.0817123 0.0744085 0.0675708 0.061205 0.0553135 0.0498959 0.0449493 0.040469 0.0364486 0.0328806 0.0297572 0.02707 0.0248111 0.0229731 0.0215495 0.0205349 0.0199263 
0.0213257 0.0215373 0.0221817 0.0232625 0.0247839 0.0267518 0.0291732 0.0320559 0.0354084 0.0392392 0.0435567 0.0483684 0.0536805 0.0594977 0.0658223 0.072654 0.0799896 0.087822 0.0961406 0.104931 0.114172 0.123843 0.133913 0.144349 0.155115 0.166168 0.177461 0.188946 0.200567 0.212268 0.22399 0.235672 0.24725 0.258661 0.269839 0.280722 0.291245 0.301347 0.310968 0.32005 0.328537 0.33638 0.34353 0.349944 0.355582 0.36041 0.364398 0.367523 0.369765 0.37111 0.371551 0.371084 0.369712 0.367445 0.364295 0.360282 0.35543 0.349771 0.343337 0.336168 0.328309 0.319806 0.310712 0.301082 0.290972 0.280444 0.26956 0.258382 0.246976 0.235404 0.223732 0.212021 0.200334 0.188729 0.177263 0.165989 0.154957 0.144213 0.133798 0.123751 0.114103 0.104882 0.0961124 0.0878128 0.0799979 0.072678 0.0658599 0.0595467 0.0537386 0.0484332 0.0436258 0.0393103 0.0354791 0.0321242 0.029237 0.0268095 0.0248339 0.0233036 0.022213 0.0215589 
0.023 0.0232274 0.023919 0.0250782 0.0267097 0.0288195 0.0314146 0.0345033 0.0380942 0.0421959 0.046817 0.0519649 0.0576457 0.0638638 0.0706211 0.0779167 0.0857463 0.0941018 0.102971 0.112338 0.122181 0.132474 0.143187 0.154284 0.165723 0.177461 0.189448 0.20163 0.21395 0.226349 0.238762 0.251126 0.263373 0.275437 0.287249 0.298743 0.309852 0.320511 0.330658 0.340233 0.349178 0.35744 0.364969 0.371722 0.377656 0.382736 0.386932 0.390219 0.392577 0.393992 0.394455 0.393963 0.392521 0.390135 0.386821 0.382599 0.377493 0.371535 0.364761 0.35721 0.34893 0.339968 0.33038 0.320221 0.309553 0.298438 0.286942 0.275129 0.263068 0.250827 0.238472 0.226071 0.213686 0.201383 0.189219 0.177253 0.165537 0.15412 0.143047 0.132358 0.122088 0.112268 0.102924 0.094075 0.0857387 0.0779266 0.0706464 0.0639021 0.0576947 0.052022 0.0468797 0.0422618 0.0381607 0.0345683 0.031476 0.0288754 0.0267586 0.0251187 0.02395 0.0232492 
0.0247251 0.0249688 0.0257085 0.0269481 0.0286921 0.0309468 0.0337195 0.0370186 0.0408528 0.045231 0.0501617 0.0556523 0.0617087 0.068335 0.0755326 0.0832996 0.091631 0.100518 0.109946 0.119897 0.130349 0.141272 0.152635 0.164397 0.176517 0.188946 0.20163 0.214514 0.227537 0.240634 0.253741 0.266787 0.279704 0.292421 0.304866 0.31697 0.328662 0.339877 0.350547 0.360611 0.37001 0.378688 0.386595 0.393682 0.39991 0.40524 0.409642 0.413089 0.415561 0.417045 0.41753 0.417015 0.415501 0.412999 0.409523 0.405093 0.399736 0.393483 0.386371 0.378442 0.369744 0.360327 0.350247 0.339563 0.328339 0.316638 0.304531 0.292084 0.27937 0.266458 0.25342 0.240325 0.227241 0.214235 0.20137 0.188707 0.176301 0.164205 0.152467 0.14113 0.130232 0.119805 0.109877 0.100472 0.0916066 0.0832945 0.0755445 0.0683617 0.0617477 0.0557008 0.0502173 0.045291 0.0409146 0.0370798 0.033778 0.0310006 0.0287395 0.0269877 0.0257392 0.0249906 
0.0264936 0.0267538 0.0275426 0.0288639 0.0307225 0.0331245 0.0360778 0.0395907 0.0436721 0.0483311 0.053576 0.0594142 0.0658514 0.0728912 0.0805344 0.0887785 0.0976172 0.10704 0.117032 0.127573 0.138638 0.150196 0.162212 0.174644 0.187446 0.200567 0.21395 0.227537 0.241262 0.255058 0.268856 0.282583 0.296167 0.309532 0.322606 0.335315 0.347587 0.35935 0.370539 0.381087 0.390935 0.400023 0.408301 0.41572 0.422236 0.427812 0.432416 0.436021 0.438606 0.440157 0.440664 0.440125 0.438543 0.435926 0.43229 0.427657 0.422052 0.415508 0.408064 0.399762 0.39065 0.380783 0.370217 0.359014 0.347238 0.334958 0.322243 0.309167 0.295802 0.282223 0.268503 0.254717 0.240934 0.227226 0.213659 0.200297 0.1872 0.174423 0.162016 0.150027 0.138496 0.127458 0.116942 0.106975 0.097575 0.0887573 0.0805321 0.0729054 0.0658795 0.0594535 0.0536237 0.0483845 0.0437286 0.0396477 0.036133 0.0331759 0.0307681 0.0289024 0.0275728 0.0267757 
0.0282972 0.0285742 0.0294127 0.0308168 0.0327912 0.0353425 0.0384783 0.0422074 0.0465388 0.0514814 0.0570436 0.0632326 0.0700539 0.0775105 0.0856026 0.0943268 0.103676 0.113638 0.124196 0.135328 0.147008 0.159202 0.171871 0.184972 0.198456 0.212268 0.226349 0.240634 0.255058 0.269548 0.284032 0.298435 0.312679 0.326687 0.340382 0.353689 0.366531 0.378836 0.390535 0.401559 0.411847 0.421339 0.429982 0.437724 0.444524 0.450341 0.455142 0.458902 0.461597 0.463214 0.463743 0.463181 0.461531 0.458802 0.45501 0.450177 0.44433 0.437501 0.429731 0.421063 0.411546 0.401237 0.390193 0.378478 0.366159 0.353306 0.339993 0.326293 0.312285 0.298045 0.283649 0.269176 0.254699 0.240292 0.226026 0.211968 0.19818 0.184722 0.171648 0.159006 0.146841 0.135189 0.124084 0.113552 0.103615 0.0942889 0.0855853 0.0775114 0.0700704 0.0632619 0.0570828 0.0515276 0.0465894 0.0422597 0.0385298 0.0353909 0.0328347 0.0308539 0.0294422 0.028596 
0.0301267 0.0304207 0.0313093 0.0327967 0.0348878 0.0375893 0.040909 0.0448556 0.0494382 0.0546659 0.0605468 0.0670881 0.0742948 0.0821694 0.0907114 0.0999165 0.109776 0.120277 0.131401 0.143124 0.155417 0.168244 0.181564 0.195331 0.209492 0.22399 0.238762 0.253741 0.268856 0.284032 0.299194 0.314262 0.329157 0.343798 0.358104 0.371998 0.3854 0.398236 0.410434 0.421925 0.432643 0.442529 0.451527 0.459586 0.466661 0.472713 0.477707 0.481617 0.48442 0.486101 0.48665 0.486066 0.48435 0.481513 0.477569 0.472542 0.466458 0.459352 0.451264 0.442239 0.432327 0.421585 0.410073 0.397857 0.385005 0.371591 0.357689 0.343377 0.328735 0.313843 0.298781 0.283629 0.268465 0.253367 0.238408 0.223659 0.209186 0.195051 0.181312 0.168021 0.155223 0.14296 0.131266 0.12017 0.109696 0.0998611 0.0906785 0.0821565 0.0742991 0.0671068 0.060577 0.0547045 0.0494824 0.0449026 0.0409563 0.0376346 0.0349291 0.0328323 0.0313379 0.0304424 
0.0319724 0.0322834 0.0332222 0.0347931 0.0370011 0.039853 0.0433566 0.0475209 0.0523548 0.0578675 0.064067 0.0709601 0.0785515 0.0868431 0.0958336 0.105518 0.115886 0.126923 0.138609 0.150918 0.16382 0.177275 0.19124 0.205666 0.220497 0.235672 0.251126 0.266787 0.282583 0.298435 0.314262 0.329984 0.345517 0.360777 0.375681 0.390148 0.404097 0.417451 0.430135 0.442079 0.453216 0.463485 0.472828 0.481193 0.488536 0.494814 0.499995 0.50405 0.506957 0.508701 0.509271 0.508665 0.506885 0.503943 0.499853 0.494637 0.488325 0.48095 0.472554 0.463181 0.452885 0.441723 0.429756 0.417052 0.403681 0.389718 0.375241 0.36033 0.345067 0.329536 0.313819 0.298001 0.282162 0.266383 0.250741 0.23531 0.22016 0.205356 0.190959 0.177024 0.1636 0.15073 0.138451 0.126795 0.115786 0.105444 0.0957845 0.0868157 0.078543 0.0709677 0.0640876 0.057898 0.0523922 0.0475623 0.0433994 0.0398947 0.0370398 0.0348269 0.0332499 0.0323049 
0.0338237 0.0341516 0.0351405 0.0367945 0.039119 0.0421206 0.0458074 0.0501882 0.0552722 0.0610683 0.0675843 0.0748269 0.0828001 0.0915054 0.100941 0.111099 0.121971 0.133538 0.14578 0.158669 0.172171 0.186245 0.200846 0.21592 0.231409 0.24725 0.263373 0.279704 0.296167 0.312679 0.329157 0.345517 0.361672 0.377535 0.393021 0.408045 0.422525 0.43638 0.449536 0.461919 0.473461 0.484099 0.493775 0.502436 0.510036 0.516534 0.521894 0.526089 0.529096 0.530899 0.531489 0.530862 0.529022 0.525978 0.521747 0.516351 0.509818 0.502185 0.493491 0.483784 0.473117 0.461548 0.44914 0.435963 0.422088 0.407593 0.392557 0.377063 0.361196 0.345041 0.328686 0.312215 0.295715 0.279269 0.262957 0.246857 0.231042 0.215581 0.200536 0.185967 0.171925 0.158456 0.145599 0.133388 0.121851 0.111008 0.100875 0.0914632 0.0827785 0.0748229 0.0675949 0.0610902 0.0553024 0.0502237 0.0458454 0.0421586 0.0391549 0.0368265 0.035167 0.0341729 
0.0356694 0.0360142 0.0370526 0.0387891 0.0412288 0.0443787 0.0482467 0.0528418 0.0581731 0.0642493 0.0710781 0.0786658 0.087016 0.0961294 0.106003 0.116629 0.127996 0.140086 0.152874 0.166332 0.180423 0.195104 0.210327 0.226036 0.24217 0.258661 0.275437 0.292421 0.309532 0.326687 0.343798 0.360777 0.377535 0.393982 0.410031 0.425594 0.440586 0.454926 0.468535 0.48134 0.493272 0.504265 0.51426 0.523205 0.531052 0.537759 0.543292 0.547621 0.550723 0.552584 0.553192 0.552546 0.550647 0.547507 0.543141 0.537571 0.530828 0.522946 0.513967 0.503939 0.492916 0.480956 0.468124 0.454491 0.440131 0.425122 0.409545 0.393487 0.377034 0.360275 0.343299 0.326195 0.309052 0.291956 0.274991 0.258238 0.241773 0.225668 0.20999 0.194799 0.180151 0.166094 0.152669 0.139914 0.127856 0.116519 0.10592 0.096072 0.0869809 0.07865 0.0710784 0.0642623 0.0581958 0.0528711 0.0482797 0.0444128 0.0412617 0.038819 0.037078 0.0360351 
0.037498 0.0378594 0.0389466 0.0407642 0.0433174 0.0466132 0.0506595 0.0554653 0.0610396 0.0673911 0.0745271 0.0824536 0.0911736 0.100687 0.11099 0.122075 0.133926 0.146526 0.159849 0.173862 0.188528 0.203802 0.219631 0.235957 0.252717 0.269839 0.287249 0.304866 0.322606 0.340382 0.358104 0.375681 0.393021 0.410031 0.426621 0.442701 0.458185 0.472989 0.487034 0.500243 0.512546 0.523878 0.534179 0.543394 0.551476 0.558383 0.564079 0.568535 0.571729 0.573644 0.57427 0.573605 0.571651 0.568419 0.563925 0.558191 0.551247 0.543129 0.533878 0.523544 0.51218 0.499846 0.486609 0.47254 0.457713 0.44221 0.426115 0.409514 0.392497 0.375154 0.357579 0.339864 0.322098 0.304373 0.286775 0.269388 0.252291 0.235561 0.219266 0.20347 0.18823 0.173599 0.159621 0.146333 0.133766 0.121946 0.110891 0.100614 0.0911249 0.0824257 0.0745169 0.0673951 0.0610547 0.0554882 0.0506873 0.0466431 0.0433472 0.0407919 0.0389707 0.0378799 
0.0392976 0.0396751 0.0408101 0.042707 0.0453712 0.0488096 0.0530302 0.0580418 0.0638536 0.0704737 0.0779096 0.0861665 0.095247 0.10515 0.115872 0.127402 0.139725 0.152821 0.166662 0.181215 0.196439 0.212285 0.228701 0.245625 0.26299 0.280722 0.298743 0.31697 0.335315 0.353689 0.371998 0.390148 0.408045 0.425594 0.442701 0.459276 0.475229 0.490476 0.504934 0.518527 0.531184 0.542838 0.553428 0.562899 0.571204 0.5783 0.58415 0.588727 0.592007 0.593974 0.594617 0.593934 0.591928 0.58861 0.583994 0.578105 0.570971 0.562629 0.553121 0.542496 0.530809 0.51812 0.504498 0.490012 0.474742 0.458768 0.442177 0.425056 0.407499 0.389598 0.371448 0.353144 0.334781 0.31645 0.298241 0.280243 0.262537 0.245201 0.228309 0.211927 0.196116 0.180928 0.166412 0.152606 0.139545 0.127255 0.115756 0.105063 0.0951846 0.0861265 0.0778887 0.0704686 0.0638608 0.0580582 0.0530526 0.0488353 0.0453978 0.0427325 0.0408329 0.0396952 
0.0410557 0.041449 0.0426304 0.0446045 0.0473764 0.0509532 0.055343 0.0605544 0.0665964 0.0734771 0.0812035 0.0897805 0.0992102 0.109491 0.120617 0.132578 0.145357 0.158931 0.173273 0.188345 0.204106 0.220505 0.237485 0.254983 0.272928 0.291245 0.309852 0.328662 0.347587 0.366531 0.3854 0.404097 0.422525 0.440586 0.458185 0.475229 0.491627 0.507293 0.522143 0.536099 0.54909 0.561047 0.571909 0.581622 0.590136 0.59741 0.603406 0.608096 0.611457 0.613472 0.614131 0.613432 0.611377 0.607977 0.603248 0.597212 0.5899 0.581348 0.571597 0.560699 0.548707 0.535683 0.521696 0.506817 0.491126 0.474706 0.457644 0.44003 0.421959 0.403525 0.384828 0.365963 0.347027 0.328117 0.309324 0.29074 0.272449 0.254533 0.237067 0.220121 0.203759 0.188035 0.173 0.158695 0.145157 0.132412 0.120484 0.109388 0.0991342 0.0897285 0.0811721 0.0734628 0.0665957 0.0605642 0.05536 0.0509746 0.0473998 0.0446277 0.0426519 0.0414687 
0.0427603 0.0431688 0.044395 0.0464433 0.0493191 0.0530293 0.057582 0.0629859 0.0692495 0.076381 0.084387 0.0932719 0.103037 0.11368 0.125195 0.137569 0.150785 0.164819 0.179639 0.195209 0.211484 0.22841 0.245929 0.263975 0.282474 0.301347 0.320511 0.339877 0.35935 0.378836 0.398236 0.417451 0.43638 0.454926 0.472989 0.490476 0.507293 0.523352 0.53857 0.552868 0.566171 0.578412 0.58953 0.599468 0.608179 0.615618 0.62175 0.626545 0.629982 0.632042 0.632716 0.632002 0.629902 0.626426 0.62159 0.615418 0.60794 0.599191 0.589214 0.578059 0.565782 0.552444 0.538114 0.522866 0.50678 0.489939 0.472432 0.454353 0.435796 0.416859 0.397643 0.378246 0.358767 0.339307 0.319959 0.300816 0.281969 0.263499 0.245486 0.228002 0.211112 0.194876 0.179345 0.164562 0.150566 0.137386 0.125046 0.113562 0.102948 0.0932079 0.0843451 0.0763576 0.0692411 0.062989 0.0575936 0.0530464 0.0493392 0.0464642 0.044415 0.043188 
0.0443989 0.044822 0.0460909 0.0482103 0.0511854 0.0550232 0.0597316 0.0653192 0.0717946 0.0791655 0.0874383 0.0966168 0.106702 0.117691 0.129575 0.142343 0.155975 0.170445 0.185721 0.201763 0.218525 0.235951 0.253981 0.272545 0.291568 0.310968 0.330658 0.350547 0.370539 0.390535 0.410434 0.430135 0.449536 0.468535 0.487034 0.504934 0.522143 0.53857 0.554131 0.568746 0.582341 0.594847 0.606202 0.61635 0.625242 0.632835 0.639093 0.643986 0.647492 0.649594 0.650282 0.649554 0.647412 0.643866 0.638932 0.632634 0.625001 0.61607 0.605883 0.59449 0.581947 0.568317 0.553668 0.538075 0.521619 0.504385 0.486463 0.467947 0.448935 0.429526 0.409821 0.389923 0.369934 0.349954 0.330082 0.310413 0.291039 0.272046 0.253515 0.23552 0.218131 0.201408 0.185405 0.170168 0.155737 0.142143 0.12941 0.117558 0.1066 0.0965412 0.0873861 0.0791331 0.0717785 0.0653159 0.0597378 0.055036 0.0512022 0.0482289 0.0461096 0.0448407 
0.0459595 0.0463964 0.0477059 0.0498926 0.0529618 0.0569203 0.0617761 0.0675378 0.0742135 0.081811 0.090336 0.0997922 0.11018 0.121495 0.133729 0.146868 0.160892 0.175773 0.191478 0.207965 0.225185 0.243082 0.261592 0.280642 0.300156 0.32005 0.340233 0.360611 0.381087 0.401559 0.421925 0.442079 0.461919 0.48134 0.500243 0.518527 0.536099 0.552868 0.568746 0.583655 0.597519 0.610269 0.621842 0.632183 0.641242 0.648977 0.65535 0.660334 0.663904 0.666045 0.666746 0.666005 0.663824 0.660213 0.65519 0.648776 0.641001 0.631902 0.621521 0.609909 0.597121 0.58322 0.568277 0.552365 0.535567 0.517968 0.49966 0.480739 0.461303 0.441453 0.421294 0.400929 0.380463 0.359998 0.339635 0.319473 0.299605 0.28012 0.261103 0.242629 0.22477 0.20759 0.191143 0.175478 0.160636 0.146651 0.133549 0.121349 0.110065 0.0997055 0.0902739 0.08177 0.07419 0.0675282 0.0617772 0.0569289 0.0529753 0.0499089 0.0477231 0.0464146 
0.0474302 0.0478801 0.0492276 0.0514774 0.0546348 0.0587066 0.0637007 0.0696253 0.0764889 0.0842985 0.0930597 0.102776 0.113446 0.125066 0.137627 0.151113 0.165503 0.180768 0.196873 0.213775 0.231422 0.249757 0.268713 0.288216 0.308186 0.328537 0.349178 0.37001 0.390935 0.411847 0.432643 0.453216 0.473461 0.493272 0.512546 0.531184 0.54909 0.566171 0.582341 0.597519 0.611629 0.624602 0.636375 0.646892 0.656104 0.663967 0.670447 0.675512 0.679141 0.681316 0.682029 0.681276 0.679061 0.675392 0.670286 0.663766 0.655862 0.64661 0.636053 0.62424 0.611228 0.59708 0.581866 0.565662 0.54855 0.530616 0.511953 0.492658 0.472831 0.452576 0.431997 0.4112 0.390292 0.369378 0.34856 0.327941 0.307614 0.287673 0.268203 0.249284 0.230988 0.21338 0.196519 0.180456 0.165231 0.150881 0.137433 0.124907 0.113319 0.102678 0.0929882 0.0842492 0.0764582 0.0696097 0.0636967 0.0587112 0.0546453 0.0514915 0.0492435 0.0478977 
