0.000115168 0.00011768 0.000126811 0.000142888 0.000166433 0.00019818 0.000239079 0.000290292 0.000353192 0.000429354 0.000520548 0.000628728 0.000756012 0.000904657 0.00107704 0.00127559 0.00150281 0.00176116 0.00205302 0.00238067 0.00274616 0.00315129 0.00359751 0.00408586 0.0046169 0.00519064 0.00580647 0.00646313 0.00715864 0.00789029 0.00865464 0.00944748 0.0102639 0.0110982 0.0119441 0.0127948 0.0136429 0.0144808 0.0153003 0.0160933 0.0168516 0.017567 0.0182319 0.0188386 0.0193802 0.0198505 0.0202439 0.0205556 0.020782 0.0209203 0.0209688 0.020927 0.0207953 0.0205755 0.0202701 0.019883 0.0194187 0.0188828 0.0182816 0.0176219 0.0169111 0.0161572 0.0153681 0.014552 0.0137172 0.0128714 0.0120226 0.0111781 0.0103446 0.0095285 0.00873543 0.00797034 0.00723745 0.00654024 0.00588147 0.00526314 0.00468656 0.00415239 0.00366066 0.00321087 0.00280203 0.00243274 0.00210125 0.00180555 0.00154341 0.00131249 0.00111034 0.000934511 0.000782583 0.000652198 0.000541104 0.000447189 0.000368497 0.000303251 0.000249863 0.000206946 0.000173318 0.000148009 0.000130258 0.000119538 
0.00011768 0.000120253 0.000129596 0.000146041 0.000170123 0.000202592 0.00024442 0.000296795 0.000361119 0.000439003 0.000532255 0.000642872 0.000773015 0.000924992 0.00110122 0.0013042 0.00153647 0.00180052 0.00209881 0.00243364 0.0028071 0.00322102 0.00367688 0.00417572 0.0047181 0.00530402 0.00593286 0.0066033 0.00731332 0.00806015 0.00884026 0.00964934 0.0104823 0.0113335 0.0121965 0.0130642 0.0139293 0.0147837 0.0156193 0.0164278 0.0172009 0.0179303 0.0186079 0.0192263 0.0197784 0.0202576 0.0206585 0.0209761 0.0212068 0.0213476 0.021397 0.0213543 0.0212201 0.020996 0.0206847 0.0202901 0.0198169 0.0192706 0.0186577 0.0179852 0.0172606 0.0164919 0.0156873 0.0148551 0.0140037 0.0131412 0.0122754 0.0114138 0.0105635 0.0097308 0.00892152 0.0081407 0.00739267 0.00668098 0.00600844 0.00537712 0.00478836 0.00424285 0.00374063 0.00328119 0.00286355 0.00248627 0.00214758 0.00184543 0.00157755 0.00134155 0.00113495 0.000955239 0.000799946 0.000666666 0.000553102 0.000457095 0.000376648 0.000309946 0.000255367 0.000211492 0.000177115 0.000151242 0.000133097 0.000122141 
0.000126811 0.000129596 0.000139655 0.000157347 0.000183241 0.000218139 0.00026308 0.00031933 0.000388384 0.00047196 0.000571983 0.000690576 0.000830038 0.000992816 0.00118148 0.00139867 0.00164706 0.00192931 0.00224798 0.0026055 0.00300407 0.00344558 0.00393156 0.00446309 0.00504072 0.00566439 0.0063334 0.00704631 0.00780093 0.00859429 0.0094226 0.0102813 0.0111649 0.0120675 0.0129821 0.0139015 0.0148176 0.0157221 0.0166064 0.0174618 0.0182793 0.0190505 0.0197668 0.0204202 0.0210034 0.0215096 0.0219329 0.0222682 0.0225116 0.0226602 0.0227121 0.0226669 0.0225249 0.022288 0.0219591 0.0215421 0.0210419 0.0204645 0.0198166 0.0191055 0.0183392 0.0175261 0.0166748 0.015794 0.0148926 0.0139791 0.0130618 0.0121487 0.0112471 0.0103639 0.00950514 0.00867623 0.00788176 0.00712555 0.00641062 0.00573918 0.00511271 0.00453198 0.00399707 0.0035075 0.00306225 0.00265982 0.00229839 0.00197578 0.00168964 0.00143743 0.00121652 0.00102428 0.000858089 0.000715389 0.000593747 0.000490868 0.00040463 0.000333101 0.000274552 0.000227474 0.000190579 0.000162809 0.000143334 0.000131581 
0.000142888 0.000146041 0.000157347 0.000177203 0.000206241 0.000245351 0.000295682 0.000358636 0.000435868 0.00052927 0.000640969 0.0007733 0.000928791 0.00111013 0.00132013 0.00156167 0.00183768 0.00215105 0.00250455 0.0029008 0.00334216 0.00383065 0.0043679 0.004955 0.00559247 0.00628019 0.0070173 0.00780214 0.00863225 0.00950429 0.0104141 0.0113565 0.0123256 0.0133148 0.0143165 0.0153228 0.0163248 0.0173137 0.0182799 0.0192139 0.0201063 0.0209476 0.0217287 0.022441 0.0230764 0.0236278 0.0240887 0.0244537 0.0247185 0.02488 0.0249363 0.0248867 0.0247318 0.0244735 0.0241149 0.0236602 0.0231149 0.0224853 0.0217786 0.0210028 0.0201664 0.0192786 0.0183487 0.0173863 0.0164007 0.0154014 0.0143974 0.0133974 0.0124094 0.0114409 0.0104986 0.00958842 0.00871544 0.0078839 0.00709715 0.00635772 0.00566728 0.00502675 0.0044363 0.00389546 0.00340318 0.00295791 0.00255766 0.00220013 0.00188275 0.00160278 0.00135737 0.00114364 0.000958725 0.000799828 0.000664279 0.000549557 0.000453327 0.000373458 0.000308046 0.000255424 0.000214168 0.000183109 0.000161329 0.000148193 
0.000166433 0.000170123 0.000183241 0.000206241 0.000239844 0.000285066 0.000343215 0.000415887 0.000504959 0.000612582 0.000741162 0.000893342 0.00107197 0.00128008 0.00152082 0.00179744 0.00211318 0.00247127 0.00287479 0.00332661 0.00382934 0.00438515 0.00499578 0.00566236 0.00638538 0.00716458 0.00799887 0.00888631 0.00982399 0.0108081 0.0118338 0.0128953 0.013986 0.0150982 0.0162236 0.0173531 0.0184771 0.0195855 0.0206677 0.0217132 0.0227114 0.023652 0.0245247 0.0253202 0.0260296 0.0266448 0.0271589 0.0275658 0.0278609 0.0280406 0.028103 0.0280472 0.027874 0.0275854 0.0271848 0.026677 0.0260679 0.0253644 0.0245745 0.0237071 0.0227717 0.0217782 0.020737 0.0196587 0.0185539 0.0174329 0.0163059 0.0151825 0.0140718 0.012982 0.0119209 0.0108951 0.00991028 0.00897138 0.00808224 0.00724578 0.00646399 0.00573799 0.0050681 0.00445389 0.00389427 0.00338756 0.00293164 0.00252396 0.0021617 0.00184182 0.00156114 0.00131645 0.00110454 0.00092228 0.00076665 0.000634813 0.000524131 0.000432194 0.000356843 0.000296186 0.000248608 0.000212778 0.000187654 0.000172512 
0.00019818 0.000202592 0.000218139 0.000245351 0.000285066 0.000338466 0.000407068 0.000492724 0.000597608 0.000724205 0.000875292 0.00105391 0.00126334 0.00150705 0.00178865 0.00211182 0.00248028 0.00289765 0.0033674 0.00389277 0.00447661 0.00512135 0.00582882 0.00660023 0.00743597 0.0083356 0.00929776 0.01032 0.011399 0.0125302 0.0137079 0.0149256 0.0161753 0.0174486 0.0187358 0.0200265 0.0213098 0.0225741 0.0238077 0.0249986 0.0261349 0.0272047 0.028197 0.0291008 0.0299064 0.0306047 0.0311879 0.0316493 0.0319837 0.0321871 0.0322574 0.0321936 0.0319965 0.0316685 0.0312134 0.0306364 0.0299441 0.0291445 0.0282463 0.0272596 0.0261949 0.0250636 0.0238773 0.0226479 0.0213873 0.0201074 0.0188196 0.0175348 0.0162634 0.0150149 0.013798 0.0126205 0.011489 0.0104091 0.00938536 0.00842126 0.00751922 0.00668064 0.00590601 0.00519499 0.00454642 0.00395853 0.00342896 0.0029549 0.00253318 0.00216037 0.0018329 0.00154709 0.0012993 0.00108595 0.000903587 0.000748948 0.000618997 0.000510957 0.000422336 0.000350947 0.000294918 0.000252711 0.000223115 0.000205292 
0.000239079 0.00024442 0.00026308 0.000295682 0.000343215 0.000407068 0.000489024 0.000591256 0.00071631 0.000867093 0.00104684 0.00125911 0.0015077 0.00179663 0.00213008 0.00251229 0.00294751 0.0034399 0.0039934 0.00461166 0.00529788 0.00605473 0.00688421 0.00778752 0.00876499 0.00981593 0.0109386 0.0121299 0.013386 0.0147012 0.0160691 0.0174819 0.0189304 0.0204046 0.0218934 0.023385 0.0248666 0.026325 0.0277469 0.0291184 0.0304261 0.0316565 0.0327969 0.0338351 0.0347599 0.0355612 0.0362301 0.036759 0.0371421 0.0373749 0.0374549 0.0373812 0.0371545 0.0367777 0.0362549 0.0355921 0.0347968 0.0338779 0.0328454 0.0317106 0.0304855 0.0291829 0.0278162 0.0263989 0.0249445 0.0234667 0.0219785 0.0204924 0.0190206 0.0175738 0.0161624 0.0147951 0.0134799 0.0122234 0.0110309 0.00990665 0.00885356 0.00787346 0.00696706 0.00613411 0.00537344 0.00468313 0.00406057 0.00350261 0.00300567 0.00256586 0.00217907 0.00184112 0.00154778 0.00129493 0.00107857 0.000894916 0.000740424 0.000611862 0.000506317 0.00042123 0.000354414 0.00030406 0.000268752 0.000247506 
0.000290292 0.000296795 0.00031933 0.000358636 0.000415887 0.000492724 0.000591256 0.000714047 0.000864097 0.00104483 0.00126004 0.00151389 0.00181083 0.00215555 0.00255289 0.00300778 0.00352512 0.00410968 0.00476597 0.00549812 0.00630973 0.00720376 0.00818236 0.00924675 0.0103971 0.0116324 0.0129504 0.0143474 0.0158185 0.0173572 0.0189557 0.0206048 0.0222938 0.024011 0.0257436 0.0274776 0.0291984 0.0308909 0.0325394 0.0341285 0.0356423 0.0370658 0.0383842 0.0395838 0.0406518 0.0415766 0.0423482 0.0429581 0.0433995 0.0436675 0.0437592 0.0436735 0.0434114 0.042976 0.042372 0.0416063 0.0406873 0.0396251 0.0384312 0.0371183 0.0357003 0.0341918 0.0326078 0.0309641 0.0292761 0.0275595 0.0258293 0.0241002 0.0223858 0.0206991 0.0190519 0.0174546 0.0159165 0.0144454 0.0130477 0.0117285 0.0104915 0.00933875 0.0082715 0.00728957 0.00639179 0.00557608 0.00483955 0.00417867 0.00358935 0.00306717 0.00260741 0.00220523 0.00185575 0.00155417 0.00129583 0.0010763 0.000891446 0.000737474 0.000610961 0.000508895 0.000428697 0.000368235 0.000325838 0.000300344 
0.000353192 0.000361119 0.000388384 0.000435868 0.000504959 0.000597608 0.00071631 0.000864097 0.00104451 0.00126159 0.0015198 0.00182403 0.00217948 0.00259162 0.00306612 0.00360867 0.00422495 0.00492043 0.00570029 0.0065692 0.00753121 0.00858959 0.00974664 0.0110036 0.0123603 0.0138155 0.0153662 0.017008 0.0187348 0.0205389 0.0224109 0.02434 0.0263138 0.0283184 0.0303388 0.032359 0.0343619 0.0363301 0.0382457 0.0400905 0.0418468 0.043497 0.0450245 0.0464135 0.0476494 0.0487191 0.0496111 0.0503158 0.0508256 0.0511348 0.05124 0.0511403 0.0508366 0.0503324 0.0496333 0.0487468 0.0476827 0.0464524 0.0450691 0.0435472 0.0419024 0.0401516 0.0383121 0.0364018 0.0344385 0.0324402 0.0304244 0.0284079 0.0264068 0.0244361 0.0225095 0.0206394 0.0188366 0.0171104 0.0154686 0.0139172 0.0124607 0.011102 0.00984249 0.00868232 0.00762034 0.00665428 0.00578096 0.0049964 0.00429599 0.00367462 0.0031269 0.00264722 0.00222992 0.00186941 0.00156025 0.00129727 0.00107561 0.0008908 0.000738821 0.000616119 0.00051965 0.000446893 0.000395872 0.000365212 
0.000429354 0.000439003 0.00047196 0.00052927 0.000612582 0.000724205 0.000867093 0.00104483 0.00126159 0.00152213 0.0018317 0.00219604 0.00262123 0.00311366 0.00367991 0.00432659 0.00506025 0.00588719 0.0068133 0.00784388 0.00898348 0.0102357 0.0116029 0.0130864 0.0146856 0.0163989 0.0182224 0.0201506 0.0221764 0.0242904 0.0264815 0.028737 0.0310421 0.0333809 0.0357357 0.0380879 0.0404179 0.0427054 0.0449298 0.0470704 0.0491067 0.0510187 0.0527874 0.0543946 0.055824 0.0570605 0.0580911 0.0589049 0.0594932 0.0598497 0.0599706 0.0598547 0.0595031 0.0589198 0.058111 0.0570855 0.0558543 0.0544302 0.0528284 0.0510652 0.0491588 0.0471281 0.044993 0.0427741 0.0404919 0.0381671 0.0358199 0.0334697 0.0311352 0.0288339 0.0265817 0.0243933 0.0222814 0.020257 0.0183294 0.0165059 0.014792 0.0131912 0.0117057 0.0103356 0.00908007 0.00793656 0.00690161 0.00597074 0.00513873 0.00439976 0.00374762 0.00317583 0.00267785 0.00224715 0.00187741 0.00156257 0.00129693 0.00107526 0.000892805 0.000745393 0.000629427 0.000541933 0.000480573 0.000443723 
0.000520548 0.000532255 0.000571983 0.000640969 0.000741162 0.000875292 0.00104684 0.00126004 0.0015198 0.0018317 0.00220191 0.00263713 0.00314446 0.00373135 0.00440541 0.00517429 0.00604554 0.00702636 0.00812345 0.0093428 0.0106895 0.0121674 0.0137791 0.0155256 0.0174062 0.0194184 0.0215574 0.0238168 0.0261875 0.0286586 0.0312171 0.0338477 0.0365334 0.0392553 0.0419932 0.0447254 0.0474292 0.0500813 0.0526581 0.0551357 0.0574909 0.0597007 0.0617435 0.0635988 0.0652478 0.0666736 0.0678614 0.0687989 0.0694763 0.0698864 0.0700249 0.0698905 0.0694846 0.0688115 0.0678784 0.0666951 0.065274 0.0636299 0.0617797 0.0597422 0.0575378 0.0551883 0.0527164 0.0501454 0.047499 0.044801 0.0420744 0.0393419 0.036625 0.033944 0.0313176 0.0287628 0.0262947 0.0239263 0.0216685 0.0195302 0.0175181 0.0156367 0.0138886 0.0122746 0.0107937 0.00944336 0.00821977 0.00711794 0.00613197 0.00525524 0.00448063 0.0038007 0.00320786 0.00269457 0.00225345 0.00187744 0.00155989 0.00129464 0.00107615 0.000899494 0.000760438 0.000655483 0.000581872 0.000537689 
0.000628728 0.000642872 0.000690576 0.0007733 0.000893342 0.00105391 0.00125911 0.00151389 0.00182403 0.00219604 0.00263713 0.0031551 0.00375823 0.00445512 0.00525459 0.00616545 0.00719632 0.00835543 0.00965036 0.0110878 0.0126734 0.0144114 0.0163044 0.0183533 0.0205567 0.0229114 0.0254116 0.0280492 0.0308136 0.0336918 0.0366683 0.0397253 0.0428429 0.0459993 0.0491709 0.0523327 0.0554588 0.0585223 0.0614962 0.0643533 0.0670671 0.0696117 0.0719624 0.074096 0.0759913 0.0776292 0.0789931 0.0800691 0.0808461 0.0813162 0.0814745 0.0813193 0.0808525 0.0800788 0.0790063 0.0776462 0.0760122 0.0741212 0.0719922 0.0696465 0.0671072 0.0643989 0.0615476 0.0585797 0.0555224 0.0524026 0.0492471 0.0460816 0.0429312 0.0398193 0.0367675 0.0337957 0.0309217 0.0281606 0.0255256 0.0230272 0.0206735 0.0184701 0.0164204 0.0145257 0.0127852 0.0111963 0.00975487 0.00845532 0.00729107 0.00625461 0.00533782 0.00453217 0.00382894 0.0032194 0.00269502 0.00224758 0.00186933 0.00155311 0.0012924 0.00108146 0.000915326 0.000789881 0.000701891 0.000649106 
0.000756012 0.000773015 0.000830038 0.000928791 0.00107197 0.00126334 0.0015077 0.00181083 0.00217948 0.00262123 0.00314446 0.00375823 0.00447209 0.005296 0.00624007 0.0073144 0.00852882 0.00989265 0.0114144 0.0131017 0.0149605 0.0169954 0.0192091 0.0216021 0.0241725 0.026916 0.0298255 0.0328912 0.0361005 0.039438 0.0428855 0.0464223 0.0500252 0.0536691 0.0573267 0.0609694 0.0645674 0.0680902 0.071507 0.0747869 0.0778999 0.0808166 0.0835092 0.0859517 0.0881202 0.0899932 0.0915522 0.0927815 0.0936688 0.0942052 0.0943852 0.0942071 0.0936728 0.0927877 0.0915607 0.0900045 0.0881345 0.0859695 0.083531 0.0808428 0.077931 0.0748235 0.0715493 0.0681388 0.0646225 0.0610313 0.0573955 0.0537449 0.050108 0.0465117 0.0429813 0.0395397 0.0362076 0.0330029 0.029941 0.0270345 0.0242931 0.0217238 0.0193309 0.0171163 0.0150795 0.013218 0.0115271 0.010001 0.00863211 0.00741208 0.00633168 0.00538118 0.00455059 0.00382988 0.0032092 0.00267905 0.00223045 0.00185508 0.00154536 0.00129457 0.00109694 0.000947653 0.000842931 0.000780139 
0.000904657 0.000924992 0.000992816 0.00111013 0.00128008 0.00150705 0.00179663 0.00215555 0.00259162 0.00311366 0.00373135 0.00445512 0.005296 0.00626538 0.00737485 0.00863591 0.0100597 0.0116567 0.0134365 0.0154074 0.017576 0.0199471 0.0225233 0.0253047 0.0282887 0.0314697 0.034839 0.038385 0.0420926 0.0459437 0.0499172 0.0539889 0.0581322 0.062318 0.0665152 0.070691 0.0748116 0.0788422 0.0827481 0.0864943 0.090047 0.0933734 0.096442 0.0992239 0.101692 0.103823 0.105596 0.106994 0.108002 0.108611 0.108814 0.108611 0.108003 0.106995 0.105599 0.103828 0.101699 0.0992327 0.0964539 0.093389 0.0900671 0.0865194 0.0827789 0.0788793 0.0748555 0.0707422 0.0665739 0.0623846 0.0582067 0.0540713 0.0500072 0.0460409 0.0421965 0.038495 0.0349543 0.0315893 0.0284117 0.0254301 0.0226499 0.0200738 0.0177017 0.015531 0.0135571 0.0117734 0.0101716 0.00874226 0.00747509 0.00635902 0.00538265 0.00453454 0.00380336 0.0031782 0.0026487 0.00220523 0.00183901 0.00154228 0.0013083 0.00113148 0.00100744 0.000933094 
0.00107704 0.00110122 0.00118148 0.00132013 0.00152082 0.00178865 0.00213008 0.00255289 0.00306612 0.00367991 0.00440541 0.00525459 0.00624007 0.00737485 0.00867211 0.0101449 0.0118056 0.0136662 0.0157372 0.0180277 0.0205449 0.0232937 0.0262765 0.0294929 0.0329393 0.0366086 0.0404904 0.0445707 0.0488318 0.0532526 0.0578084 0.0624715 0.0672112 0.0719942 0.0767851 0.0815468 0.0862407 0.0908278 0.0952689 0.0995248 0.103558 0.107331 0.110809 0.11396 0.116755 0.119166 0.121171 0.122751 0.12389 0.124578 0.124807 0.124576 0.123888 0.122748 0.121167 0.119162 0.116752 0.113958 0.110809 0.107334 0.103564 0.099536 0.0952855 0.0908507 0.0862706 0.0815843 0.0768309 0.0720487 0.0672746 0.0625439 0.0578897 0.0533426 0.04893 0.0446766 0.0406031 0.0367273 0.0330629 0.0296203 0.0264065 0.023425 0.0206763 0.0181581 0.0158653 0.0137909 0.0119259 0.0102599 0.00878109 0.00747714 0.00633516 0.0053421 0.00448506 0.00375155 0.00312967 0.00260836 0.00217753 0.00182818 0.00155255 0.00134418 0.00119797 0.00111039 
0.00127559 0.0013042 0.00139867 0.00156167 0.00179744 0.00211182 0.00251229 0.00300778 0.00360867 0.00432659 0.00517429 0.00616545 0.0073144 0.00863591 0.0101449 0.0118559 0.0137831 0.0159394 0.0183367 0.0209847 0.0238912 0.0270612 0.0304967 0.0341965 0.0381559 0.0423661 0.0468147 0.0514848 0.056356 0.0614035 0.066599 0.0719105 0.0773032 0.0827389 0.0881777 0.0935776 0.0988953 0.104087 0.109108 0.113917 0.118469 0.122725 0.126645 0.130195 0.133341 0.136054 0.138309 0.140085 0.141365 0.142137 0.142394 0.142133 0.141358 0.140075 0.138297 0.136041 0.133326 0.13018 0.126631 0.122713 0.11846 0.113911 0.109108 0.104093 0.098908 0.0935983 0.0882073 0.0827779 0.077352 0.0719697 0.0666684 0.0614832 0.0564456 0.0515838 0.0469223 0.0424816 0.038278 0.0343241 0.0306285 0.0271958 0.0240273 0.0211208 0.0184715 0.0160716 0.0139114 0.0119794 0.0102625 0.00874691 0.00741808 0.00626128 0.00526188 0.00440565 0.00367904 0.00306938 0.00256512 0.00215593 0.00183291 0.00158861 0.00141718 0.00131452 
0.00150281 0.00153647 0.00164706 0.00183768 0.00211318 0.00248028 0.00294751 0.00352512 0.00422495 0.00506025 0.00604554 0.00719632 0.00852882 0.0100597 0.0118056 0.0137831 0.0160076 0.0184936 0.0212539 0.0242991 0.0276373 0.0312736 0.0352094 0.0394427 0.0439671 0.0487721 0.0538426 0.0591591 0.0646974 0.0704291 0.0763218 0.0823389 0.0884406 0.0945841 0.100724 0.106814 0.112804 0.118647 0.124293 0.129694 0.134804 0.139576 0.14397 0.147946 0.151467 0.154502 0.157023 0.159008 0.160438 0.1613 0.161586 0.161295 0.160427 0.158992 0.157003 0.154478 0.15144 0.147917 0.143941 0.139547 0.134776 0.12967 0.124273 0.118633 0.112797 0.106814 0.100734 0.0946042 0.0884716 0.0823813 0.076376 0.0704953 0.0647752 0.0592481 0.0539423 0.0488815 0.0440852 0.0395682 0.035341 0.0314097 0.0277764 0.0244397 0.0213943 0.0186324 0.0161434 0.0139146 0.0119318 0.0101793 0.00864113 0.0073006 0.00614125 0.00514697 0.0043024 0.00359313 0.00300599 0.00252923 0.00215263 0.0018677 0.00166772 0.00154802 
0.00176116 0.00180052 0.00192931 0.00215105 0.00247127 0.00289765 0.0034399 0.00410968 0.00492043 0.00588719 0.00702636 0.00835543 0.00989265 0.0116567 0.0136662 0.0159394 0.0184936 0.0213445 0.0245059 0.0279894 0.0318031 0.0359519 0.0404369 0.0452546 0.050397 0.0558512 0.0615995 0.0676188 0.0738815 0.0803547 0.0870014 0.0937802 0.100646 0.107551 0.114444 0.121273 0.127983 0.134522 0.140834 0.146867 0.152569 0.157891 0.162786 0.167213 0.171131 0.174507 0.17731 0.179515 0.181103 0.18206 0.182378 0.182052 0.181088 0.179492 0.17728 0.174471 0.171091 0.167168 0.162739 0.157842 0.152521 0.146821 0.140791 0.134484 0.127953 0.12125 0.114431 0.107549 0.100656 0.0938024 0.0870368 0.0804037 0.073944 0.0676946 0.061688 0.0559517 0.0505083 0.0453755 0.0405659 0.0360875 0.0319435 0.0281329 0.0246508 0.021489 0.0186361 0.0160785 0.0138004 0.0117847 0.0100135 0.00846817 0.00713029 0.00598173 0.00500517 0.00418432 0.00350427 0.00295165 0.00251488 0.0021843 0.00195224 0.00181339 
0.00205302 0.00209881 0.00224798 0.00250455 0.00287479 0.0033674 0.0039934 0.00476597 0.00570029 0.0068133 0.00812345 0.00965036 0.0114144 0.0134365 0.0157372 0.0183367 0.0212539 0.0245059 0.0281078 0.0320713 0.0364052 0.0411138 0.0461973 0.0516508 0.0574642 0.0636222 0.0701037 0.0768821 0.0839253 0.0911961 0.0986523 0.106247 0.11393 0.121648 0.129343 0.136958 0.144433 0.151709 0.158725 0.165425 0.171752 0.177652 0.183076 0.187976 0.192311 0.196044 0.199141 0.201578 0.203331 0.204388 0.204737 0.204377 0.203311 0.201547 0.199101 0.195995 0.192256 0.187915 0.18301 0.177583 0.171681 0.165355 0.158658 0.151645 0.144376 0.136909 0.129304 0.12162 0.113915 0.106245 0.0986652 0.0912243 0.0839689 0.0769411 0.0701777 0.0637105 0.0575657 0.0517642 0.0463212 0.0412465 0.0365449 0.0322161 0.0282556 0.0246549 0.0214021 0.0184825 0.0158789 0.0135725 0.0115436 0.00977145 0.00823559 0.00691573 0.00579244 0.00484741 0.00406383 0.00342664 0.00292274 0.00254117 0.00227329 0.00211306 
0.00238067 0.00243364 0.0026055 0.0029008 0.00332661 0.00389277 0.00461166 0.00549812 0.0065692 0.00784388 0.0093428 0.0110878 0.0131017 0.0154074 0.0180277 0.0209847 0.0242991 0.0279894 0.0320713 0.0365576 0.0414566 0.0467723 0.0525037 0.0586442 0.0651814 0.0720968 0.079366 0.0869581 0.0948366 0.102959 0.111278 0.119741 0.128291 0.136869 0.145413 0.153857 0.162137 0.170188 0.177944 0.185342 0.192322 0.198826 0.2048 0.210193 0.214962 0.219065 0.222469 0.225144 0.22707 0.228229 0.228612 0.228215 0.227043 0.225105 0.222418 0.219003 0.21489 0.210113 0.204713 0.198734 0.192227 0.185246 0.177848 0.170096 0.162051 0.153778 0.145344 0.136812 0.128247 0.119711 0.111265 0.102963 0.0948575 0.0869966 0.0794218 0.0721694 0.0652698 0.0587472 0.0526197 0.0468996 0.0415932 0.0367014 0.0322203 0.0281412 0.0244518 0.0211362 0.018176 0.0155508 0.0132387 0.011217 0.00946302 0.00795418 0.0066688 0.00558645 0.00468828 0.00395738 0.00337903 0.00294092 0.00263329 0.00244933 
0.00274616 0.0028071 0.00300407 0.00334216 0.00382934 0.00447661 0.00529788 0.00630973 0.00753121 0.00898348 0.0106895 0.0126734 0.0149605 0.017576 0.0205449 0.0238912 0.0276373 0.0318031 0.0364052 0.0414566 0.0469655 0.0529353 0.0593634 0.0662412 0.0735536 0.0812788 0.0893882 0.0978466 0.106612 0.115638 0.124869 0.134248 0.143712 0.153195 0.162628 0.171941 0.181062 0.18992 0.198445 0.206569 0.214226 0.221355 0.227897 0.2338 0.239015 0.2435 0.247218 0.25014 0.252242 0.253506 0.253923 0.25349 0.252209 0.250092 0.247156 0.243424 0.238927 0.233701 0.227789 0.221239 0.214105 0.206445 0.19832 0.189797 0.180944 0.17183 0.162526 0.153105 0.143636 0.134188 0.124826 0.115613 0.106607 0.0978609 0.0894222 0.0813321 0.0736255 0.0663305 0.0594685 0.0530544 0.0470966 0.0415973 0.0365533 0.0319562 0.027793 0.0240472 0.0206989 0.0177261 0.0151048 0.0128103 0.0108175 0.0091015 0.00763823 0.00640498 0.00538076 0.00454669 0.00388632 0.00338587 0.0030344 0.0028243 
0.00315129 0.00322102 0.00344558 0.00383065 0.00438515 0.00512135 0.00605473 0.00720376 0.00858959 0.0102357 0.0121674 0.0144114 0.0169954 0.0199471 0.0232937 0.0270612 0.0312736 0.0359519 0.0411138 0.0467723 0.0529353 0.0596051 0.0667773 0.0744411 0.0825781 0.0911628 0.100162 0.109537 0.119238 0.129214 0.139403 0.149743 0.160162 0.170589 0.180948 0.191162 0.201154 0.210847 0.220166 0.229037 0.237391 0.245161 0.252286 0.258709 0.26438 0.269254 0.273293 0.276465 0.278746 0.280118 0.28057 0.280099 0.278708 0.276409 0.273219 0.269164 0.264275 0.25859 0.252155 0.24502 0.237243 0.228884 0.220011 0.210692 0.201002 0.191016 0.180811 0.170463 0.160051 0.149648 0.139327 0.129157 0.119203 0.109523 0.100171 0.0911934 0.08263 0.0745133 0.0668684 0.0597131 0.0530581 0.0469075 0.041259 0.0361044 0.0314306 0.0272203 0.0234523 0.020103 0.0171464 0.0145555 0.0123029 0.0103612 0.00870389 0.00730586 0.00614386 0.00519693 0.00444676 0.00387801 0.00347852 0.00323977 
0.00359751 0.00367688 0.00393156 0.0043679 0.00499578 0.00582882 0.00688421 0.00818236 0.00974664 0.0116029 0.0137791 0.0163044 0.0192091 0.0225233 0.0262765 0.0304967 0.0352094 0.0404369 0.0461973 0.0525037 0.0593634 0.0667773 0.0747391 0.0832351 0.0922434 0.101734 0.11167 0.122006 0.132688 0.143656 0.154845 0.166183 0.177593 0.188997 0.200312 0.211455 0.222343 0.232893 0.243024 0.252658 0.261722 0.270144 0.27786 0.28481 0.290943 0.29621 0.300573 0.303998 0.30646 0.30794 0.308427 0.307918 0.306416 0.303933 0.300488 0.296106 0.290821 0.284672 0.277706 0.269978 0.261546 0.252476 0.242837 0.232704 0.222156 0.211273 0.200138 0.188834 0.177444 0.16605 0.154732 0.143564 0.132619 0.121961 0.11165 0.101739 0.0922719 0.0832869 0.0748129 0.0668712 0.0594752 0.0526309 0.0463372 0.0405866 0.0353661 0.0306574 0.0264385 0.0226839 0.0193658 0.016455 0.0139216 0.0117356 0.00986799 0.00829118 0.00697953 0.00590988 0.00506202 0.00441893 0.00396714 0.0036972 
0.00408586 0.00417572 0.00446309 0.004955 0.00566236 0.00660023 0.00778752 0.00924675 0.0110036 0.0130864 0.0155256 0.0183533 0.0216021 0.0253047 0.0294929 0.0341965 0.0394427 0.0452546 0.0516508 0.0586442 0.0662412 0.0744411 0.0832351 0.0926062 0.102529 0.112969 0.123884 0.135221 0.146922 0.158921 0.171144 0.183513 0.195944 0.208351 0.220646 0.232739 0.24454 0.255961 0.266917 0.277323 0.287103 0.296182 0.304493 0.311974 0.318569 0.32423 0.328916 0.332594 0.335236 0.336823 0.337346 0.336799 0.335187 0.332521 0.32882 0.324112 0.31843 0.311816 0.304318 0.295992 0.2869 0.27711 0.266697 0.255738 0.244317 0.232519 0.220433 0.208148 0.195755 0.18334 0.170992 0.158791 0.146817 0.135141 0.123831 0.112944 0.102531 0.0926344 0.0832884 0.0745177 0.0663391 0.0587606 0.0517829 0.0453994 0.039597 0.0343572 0.0296568 0.0254688 0.0217636 0.0185096 0.0156745 0.0132257 0.0111316 0.00936207 0.00788889 0.00668669 0.0057332 0.0050097 0.00450132 0.00419764 
0.0046169 0.0047181 0.00504072 0.00559247 0.00638538 0.00743597 0.00876499 0.0103971 0.0123603 0.0146856 0.0174062 0.0205567 0.0241725 0.0282887 0.0329393 0.0381559 0.0439671 0.050397 0.0574642 0.0651814 0.0735536 0.0825781 0.0922434 0.102529 0.113405 0.124832 0.136762 0.149137 0.161891 0.174951 0.188236 0.201661 0.215136 0.228566 0.241858 0.254913 0.267638 0.279938 0.291722 0.302904 0.313401 0.323137 0.332041 0.340048 0.347102 0.353154 0.358161 0.362087 0.364908 0.366602 0.367159 0.366575 0.364854 0.362007 0.358054 0.353023 0.346948 0.339872 0.331844 0.322923 0.313172 0.302662 0.291471 0.27968 0.267378 0.254655 0.241604 0.228322 0.214905 0.201447 0.188042 0.17478 0.161746 0.14902 0.136674 0.124774 0.113377 0.10253 0.0922731 0.0826345 0.0736346 0.0652844 0.0575862 0.0505346 0.0441171 0.0383148 0.0331035 0.028455 0.0243378 0.020718 0.0175608 0.0148312 0.0124947 0.0105186 0.0088722 0.0075277 0.00646074 0.00565081 0.00508158 0.00474164 
0.00519064 0.00530402 0.00566439 0.00628019 0.00716458 0.0083356 0.00981593 0.0116324 0.0138155 0.0163989 0.0194184 0.0229114 0.026916 0.0314697 0.0366086 0.0423661 0.0487721 0.0558512 0.0636222 0.0720968 0.0812788 0.0911628 0.101734 0.112969 0.124832 0.137279 0.150256 0.163697 0.17753 0.191675 0.206044 0.220544 0.235077 0.249543 0.263839 0.277863 0.291514 0.304693 0.317305 0.329257 0.340466 0.350851 0.36034 0.368866 0.376372 0.382807 0.388127 0.392298 0.395293 0.397091 0.397682 0.397062 0.395234 0.392211 0.388011 0.382664 0.376203 0.368673 0.360123 0.350614 0.340211 0.328987 0.317022 0.304401 0.291218 0.277566 0.263545 0.249257 0.234804 0.220287 0.205807 0.191462 0.177343 0.163539 0.150129 0.137185 0.124771 0.11294 0.101737 0.0911961 0.0813402 0.0721837 0.0637315 0.0559794 0.0489157 0.0425213 0.0367716 0.0316368 0.0270838 0.0230765 0.0195778 0.0165499 0.0139557 0.0117597 0.00992871 0.00843242 0.00724433 0.00634208 0.00570785 0.00532917 
0.00580647 0.00593286 0.0063334 0.0070173 0.00799887 0.00929776 0.0109386 0.0129504 0.0153662 0.0182224 0.0215574 0.0254116 0.0298255 0.034839 0.0404904 0.0468147 0.0538426 0.0615995 0.0701037 0.079366 0.0893882 0.100162 0.11167 0.123884 0.136762 0.150256 0.164303 0.178833 0.193765 0.209012 0.224479 0.240064 0.255662 0.271167 0.286469 0.301459 0.316032 0.330082 0.343511 0.356224 0.368132 0.379154 0.389214 0.398246 0.406191 0.412998 0.418622 0.42303 0.426193 0.428092 0.428716 0.428061 0.42613 0.422936 0.418499 0.412845 0.40601 0.398038 0.38898 0.378896 0.367853 0.355926 0.343198 0.329758 0.3157 0.301124 0.286135 0.270839 0.255346 0.239762 0.224197 0.208754 0.193535 0.178633 0.164135 0.150123 0.136665 0.123822 0.111644 0.10017 0.0894272 0.0794341 0.0701978 0.0617159 0.0539777 0.0469643 0.0406505 0.0350056 0.0299946 0.0255796 0.0217209 0.0183782 0.0155117 0.0130831 0.0110566 0.00939941 0.00808286 0.00708263 0.0063794 0.0059596 
0.00646313 0.0066033 0.00704631 0.00780214 0.00888631 0.01032 0.0121299 0.0143474 0.017008 0.0201506 0.0238168 0.0280492 0.0328912 0.038385 0.0445707 0.0514848 0.0591591 0.0676188 0.0768821 0.0869581 0.0978466 0.109537 0.122006 0.135221 0.149137 0.163697 0.178833 0.194466 0.21051 0.226869 0.243438 0.260111 0.276774 0.293313 0.309613 0.32556 0.341041 0.355949 0.370178 0.383633 0.396222 0.407861 0.418475 0.427996 0.436363 0.443527 0.449443 0.454076 0.4574 0.459396 0.460052 0.459363 0.457335 0.453978 0.449313 0.443365 0.436171 0.427774 0.418225 0.407585 0.395922 0.383311 0.369838 0.355594 0.340676 0.325189 0.309241 0.292945 0.276414 0.259765 0.243111 0.226565 0.210235 0.194222 0.178623 0.163524 0.149002 0.135124 0.121948 0.109515 0.0978607 0.0870051 0.0769586 0.0677213 0.0592835 0.051627 0.0447262 0.0385494 0.0330603 0.0282189 0.0239833 0.0203105 0.0171581 0.0144851 0.0122528 0.0104262 0.00897431 0.00787078 0.00709477 0.0066316 
0.00715864 0.00731332 0.00780093 0.00863225 0.00982399 0.011399 0.013386 0.0158185 0.0187348 0.0221764 0.0261875 0.0308136 0.0361005 0.0420926 0.0488318 0.056356 0.0646974 0.0738815 0.0839253 0.0948366 0.106612 0.119238 0.132688 0.146922 0.161891 0.17753 0.193765 0.21051 0.22767 0.24514 0.262811 0.280565 0.298284 0.315846 0.333129 0.350014 0.366384 0.382126 0.397133 0.411306 0.424551 0.436784 0.447927 0.457914 0.466683 0.474186 0.480378 0.485225 0.488702 0.490788 0.491474 0.490754 0.488634 0.485124 0.480243 0.474018 0.466483 0.457681 0.447664 0.436492 0.424232 0.410963 0.396769 0.381744 0.365988 0.349609 0.33272 0.315438 0.297883 0.280176 0.262439 0.244792 0.227349 0.210221 0.193512 0.177315 0.161716 0.146789 0.132595 0.119186 0.106599 0.09486 0.0839821 0.0739679 0.0648092 0.0564888 0.048981 0.0422534 0.0362683 0.0309839 0.0263561 0.0223394 0.0188888 0.0159605 0.0135133 0.0115095 0.00991577 0.00870403 0.00785175 0.00734314 
0.00789029 0.00806015 0.00859429 0.00950429 0.0108081 0.0125302 0.0147012 0.0173572 0.0205389 0.0242904 0.0286586 0.0336918 0.039438 0.0459437 0.0532526 0.0614035 0.0704291 0.0803547 0.0911961 0.102959 0.115638 0.129214 0.143656 0.158921 0.174951 0.191675 0.209012 0.226869 0.24514 0.263716 0.282477 0.301299 0.320057 0.338621 0.356865 0.374663 0.391894 0.408442 0.424197 0.439058 0.452929 0.465725 0.47737 0.487796 0.496944 0.504764 0.511215 0.516262 0.519881 0.522052 0.522765 0.522018 0.519812 0.516159 0.511077 0.504592 0.496738 0.487557 0.477098 0.465421 0.452595 0.438697 0.423812 0.408035 0.39147 0.374227 0.356421 0.338176 0.319616 0.300868 0.282062 0.263322 0.244774 0.226534 0.208714 0.191417 0.174734 0.158748 0.143528 0.129129 0.115595 0.102957 0.0912311 0.080423 0.0705265 0.0615252 0.0533938 0.0460994 0.0396031 0.0338615 0.0288283 0.0244558 0.0206961 0.017503 0.0148325 0.0126445 0.0109034 0.00957901 0.00864734 0.00809144 
0.00865464 0.00884026 0.0094226 0.0104141 0.0118338 0.0137079 0.0160691 0.0189557 0.0224109 0.0264815 0.0312171 0.0366683 0.0428855 0.0499172 0.0578084 0.066599 0.0763218 0.0870014 0.0986523 0.111278 0.124869 0.139403 0.154845 0.171144 0.188236 0.206044 0.224479 0.243438 0.262811 0.282477 0.30231 0.322179 0.341951 0.36149 0.380665 0.399344 0.417402 0.434721 0.451189 0.466701 0.481163 0.49449 0.506604 0.51744 0.526939 0.535054 0.541743 0.546974 0.550723 0.552972 0.553712 0.552938 0.550654 0.54687 0.541604 0.53488 0.526731 0.517196 0.506326 0.494177 0.480819 0.466326 0.450786 0.434294 0.416954 0.398879 0.38019 0.36101 0.341472 0.321708 0.301852 0.282039 0.262399 0.243058 0.224136 0.205742 0.187977 0.170931 0.154679 0.139284 0.124796 0.111248 0.0986637 0.0870498 0.0764029 0.066708 0.0579401 0.0500663 0.0430466 0.0368362 0.0313868 0.0266484 0.0225707 0.0191046 0.0162038 0.0138257 0.0119322 0.0104915 0.00947775 0.00887295 
0.00944748 0.00964934 0.0102813 0.0113565 0.0128953 0.0149256 0.0174819 0.0206048 0.02434 0.028737 0.0338477 0.0397253 0.0464223 0.0539889 0.0624715 0.0719105 0.0823389 0.0937802 0.106247 0.119741 0.134248 0.149743 0.166183 0.183513 0.201661 0.220544 0.240064 0.260111 0.280565 0.301299 0.322179 0.343067 0.36382 0.384301 0.404369 0.423891 0.442737 0.460787 0.477926 0.49405 0.509064 0.522883 0.535432 0.546645 0.556466 0.564849 0.571755 0.577153 0.58102 0.58334 0.584104 0.583307 0.580953 0.577051 0.571618 0.564677 0.556258 0.5464 0.535151 0.522567 0.508713 0.493665 0.47751 0.460343 0.442269 0.423402 0.403866 0.383789 0.363307 0.342557 0.321681 0.300819 0.28011 0.259686 0.239676 0.220198 0.20136 0.183259 0.165978 0.149588 0.134143 0.119683 0.106233 0.0938072 0.0824022 0.0720053 0.0625923 0.0541301 0.0465782 0.0398903 0.0340165 0.0289044 0.0245015 0.0207562 0.0176195 0.0150463 0.0129966 0.0114364 0.0103384 0.00968337 
0.0102639 0.0104823 0.0111649 0.0123256 0.013986 0.0161753 0.0189304 0.0222938 0.0263138 0.0310421 0.0365334 0.0428429 0.0500252 0.0581322 0.0672112 0.0773032 0.0884406 0.100646 0.11393 0.128291 0.143712 0.160162 0.177593 0.195944 0.215136 0.235077 0.255662 0.276774 0.298284 0.320057 0.341951 0.36382 0.385519 0.406899 0.427819 0.44814 0.46773 0.486465 0.504231 0.520924 0.536447 0.550718 0.563663 0.575219 0.585331 0.593956 0.601056 0.606603 0.610575 0.612958 0.613743 0.612926 0.61051 0.606504 0.600922 0.593787 0.585126 0.574977 0.563384 0.550401 0.536093 0.520533 0.503807 0.486009 0.467245 0.447632 0.427292 0.40636 0.384973 0.363276 0.341415 0.319537 0.297787 0.276307 0.255231 0.234687 0.214792 0.195649 0.17735 0.159971 0.143574 0.128203 0.11389 0.10065 0.0884848 0.0773823 0.0673197 0.0582642 0.0501747 0.043004 0.0367003 0.0312094 0.0264763 0.0224471 0.0190704 0.0162987 0.0140898 0.0124078 0.0112238 0.0105176 
0.0110982 0.0113335 0.0120675 0.0133148 0.0150982 0.0174486 0.0204046 0.024011 0.0283184 0.0333809 0.0392553 0.0459993 0.0536691 0.062318 0.0719942 0.0827389 0.0945841 0.107551 0.121648 0.136869 0.153195 0.170589 0.188997 0.208351 0.228566 0.249543 0.271167 0.293313 0.315846 0.338621 0.36149 0.384301 0.406899 0.429134 0.450859 0.47193 0.492215 0.511588 0.529933 0.547147 0.563135 0.577816 0.591118 0.60298 0.613351 0.622189 0.62946 0.635138 0.639202 0.641641 0.642444 0.64161 0.63914 0.635043 0.629332 0.622027 0.613153 0.602745 0.590844 0.577503 0.562783 0.546756 0.529505 0.511124 0.491719 0.471407 0.450312 0.428571 0.406326 0.383725 0.36092 0.338064 0.315309 0.292804 0.270693 0.249111 0.228181 0.208016 0.188715 0.170361 0.153023 0.136751 0.12158 0.107531 0.0946081 0.0828014 0.0720894 0.0624398 0.0538112 0.0461555 0.0394194 0.033547 0.0284812 0.0241656 0.0205465 0.0175742 0.0152043 0.013399 0.012128 0.01137 
0.0119441 0.0121965 0.0129821 0.0143165 0.0162236 0.0187358 0.0218934 0.0257436 0.0303388 0.0357357 0.0419932 0.0491709 0.0573267 0.0665152 0.0767851 0.0881777 0.100724 0.114444 0.129343 0.145413 0.162628 0.180948 0.200312 0.220646 0.241858 0.263839 0.286469 0.309613 0.333129 0.356865 0.380665 0.404369 0.427819 0.450859 0.473336 0.495107 0.516035 0.535994 0.554869 0.572556 0.588963 0.60401 0.617628 0.62976 0.640357 0.64938 0.656799 0.662589 0.666732 0.669218 0.670037 0.669189 0.666674 0.6625 0.656679 0.649227 0.640168 0.629534 0.617363 0.603705 0.588616 0.572168 0.554441 0.535527 0.515532 0.494572 0.472775 0.450276 0.427222 0.403765 0.380063 0.356273 0.332555 0.309066 0.285955 0.263366 0.241431 0.220271 0.199991 0.180684 0.162422 0.145263 0.129248 0.1144 0.100727 0.0882226 0.0768661 0.0666258 0.0574605 0.0493213 0.0421537 0.0359001 0.0305012 0.0258988 0.0220367 0.0188631 0.0163316 0.0144025 0.0130441 0.012234 
0.0127948 0.0130642 0.0139015 0.0153228 0.0173531 0.0200265 0.023385 0.0274776 0.032359 0.0380879 0.0447254 0.0523327 0.0609694 0.070691 0.0815468 0.0935776 0.106814 0.121273 0.136958 0.153857 0.171941 0.191162 0.211455 0.232739 0.254913 0.277863 0.301459 0.32556 0.350014 0.374663 0.399344 0.423891 0.44814 0.47193 0.495107 0.517523 0.539041 0.559533 0.578886 0.596997 0.613776 0.629146 0.643041 0.655406 0.666197 0.675377 0.68292 0.688804 0.693014 0.695538 0.696372 0.695512 0.692961 0.688723 0.68281 0.675235 0.66602 0.655192 0.642788 0.628852 0.61344 0.596617 0.578463 0.559068 0.538536 0.516982 0.494535 0.471332 0.447523 0.423263 0.398714 0.37404 0.349406 0.324976 0.300907 0.277351 0.254447 0.232325 0.211097 0.190862 0.1717 0.153676 0.136835 0.121204 0.106795 0.0936043 0.0816127 0.0707897 0.0610942 0.0524766 0.0448816 0.0382498 0.0325204 0.0276329 0.0235292 0.0201552 0.0174626 0.0154102 0.0139647 0.0131028 
0.0136429 0.0139293 0.0148176 0.0163248 0.0184771 0.0213098 0.0248666 0.0291984 0.0343619 0.0404179 0.0474292 0.0554588 0.0645674 0.0748116 0.0862407 0.0988953 0.112804 0.127983 0.144433 0.162137 0.181062 0.201154 0.222343 0.24454 0.267638 0.291514 0.316032 0.341041 0.366384 0.391894 0.417402 0.442737 0.46773 0.492215 0.516035 0.539041 0.561094 0.582067 0.601847 0.620333 0.637438 0.653087 0.667219 0.679782 0.690735 0.700046 0.707691 0.713652 0.717914 0.720471 0.721316 0.720448 0.717868 0.71358 0.707592 0.699917 0.690573 0.679583 0.666982 0.652808 0.637115 0.619964 0.601432 0.581607 0.56059 0.538497 0.515456 0.491606 0.467097 0.44209 0.416748 0.391243 0.365745 0.340423 0.315444 0.290965 0.267134 0.244088 0.221948 0.200819 0.180788 0.161926 0.144282 0.12789 0.112764 0.0989034 0.0862912 0.0748979 0.0646826 0.0555955 0.0475805 0.0405768 0.0345219 0.0293534 0.0250112 0.0214394 0.0185879 0.0164136 0.0148819 0.0139687 
0.0144808 0.0147837 0.0157221 0.0173137 0.0195855 0.0225741 0.026325 0.0308909 0.0363301 0.0427054 0.0500813 0.0585223 0.0680902 0.0788422 0.0908278 0.104087 0.118647 0.134522 0.151709 0.170188 0.18992 0.210847 0.232893 0.255961 0.279938 0.304693 0.330082 0.355949 0.382126 0.408442 0.434721 0.460787 0.486465 0.511588 0.535994 0.559533 0.582067 0.603468 0.623624 0.642438 0.659824 0.675712 0.690043 0.70277 0.713855 0.723272 0.730998 0.737018 0.741323 0.743904 0.744758 0.743884 0.741283 0.736956 0.730911 0.723157 0.71371 0.702589 0.689823 0.67545 0.659517 0.642084 0.623222 0.603017 0.581569 0.558992 0.535412 0.510972 0.485821 0.460123 0.434047 0.407766 0.381459 0.3553 0.329461 0.304109 0.279399 0.255474 0.232463 0.210478 0.189614 0.169946 0.15153 0.134403 0.118585 0.104076 0.0908627 0.0789158 0.0681954 0.0586515 0.0502272 0.0428608 0.0364881 0.031045 0.0264698 0.0227044 0.0196971 0.0174034 0.0157874 0.0148239 
0.0153003 0.0156193 0.0166064 0.0182799 0.0206677 0.0238077 0.0277469 0.0325394 0.0382457 0.0449298 0.0526581 0.0614962 0.071507 0.0827481 0.0952689 0.109108 0.124293 0.140834 0.158725 0.177944 0.198445 0.220166 0.243024 0.266917 0.291722 0.317305 0.343511 0.370178 0.397133 0.424197 0.451189 0.477926 0.504231 0.529933 0.554869 0.578886 0.601847 0.623624 0.644109 0.663204 0.680829 0.696916 0.711411 0.72427 0.735461 0.744959 0.752746 0.758812 0.763147 0.765747 0.766608 0.765731 0.763114 0.75876 0.752673 0.74486 0.735333 0.724108 0.711211 0.696674 0.680542 0.662868 0.643722 0.623186 0.601358 0.57835 0.554288 0.529313 0.503579 0.47725 0.450497 0.423501 0.396442 0.369502 0.34286 0.316689 0.29115 0.266396 0.242561 0.219765 0.198108 0.177673 0.15852 0.140691 0.12421 0.109079 0.095288 0.0828087 0.0716019 0.0616175 0.0527983 0.0450813 0.0384012 0.0326924 0.0278913 0.0239383 0.02078 0.0183704 0.0166725 0.0156602 
0.0160933 0.0164278 0.0174618 0.0192139 0.0217132 0.0249986 0.0291184 0.0341285 0.0400905 0.0470704 0.0551357 0.0643533 0.0747869 0.0864943 0.0995248 0.113917 0.129694 0.146867 0.165425 0.185342 0.206569 0.229037 0.252658 0.277323 0.302904 0.329257 0.356224 0.383633 0.411306 0.439058 0.466701 0.49405 0.520924 0.547147 0.572556 0.596997 0.620333 0.642438 0.663204 0.682538 0.700362 0.716612 0.731238 0.744201 0.755471 0.765029 0.772861 0.778958 0.783314 0.785927 0.786794 0.785915 0.783289 0.778918 0.772803 0.764948 0.755363 0.74406 0.73106 0.716392 0.700096 0.682222 0.662835 0.642015 0.619856 0.596469 0.571979 0.546527 0.520267 0.493365 0.465996 0.438343 0.410593 0.382932 0.355546 0.328613 0.302302 0.276771 0.252164 0.228605 0.206203 0.185043 0.165194 0.146701 0.12959 0.113869 0.0995286 0.0865422 0.0748715 0.0644667 0.05527 0.0472177 0.0402434 0.03428 0.0292623 0.0251293 0.021826 0.0193051 0.0175286 0.0164694 
