9.64514e-15 9.52606e-15 1.72304e-14 3.86647e-14 8.93638e-14 2.04288e-13 4.58576e-13 1.00949e-12 2.17868e-12 4.60951e-12 9.56021e-12 1.94369e-11 3.87381e-11 7.56855e-11 1.44967e-10 2.7223e-10 5.0124e-10 9.0498e-10 1.60236e-09 2.78266e-09 4.74008e-09 7.92117e-09 1.29874e-08 2.08946e-08 3.29889e-08 5.11173e-08 7.77441e-08 1.16064e-07 1.70094e-07 2.44712e-07 3.45633e-07 4.79272e-07 6.52479e-07 8.72128e-07 1.14456e-06 1.4749e-06 1.86631e-06 2.31924e-06 2.8308e-06 3.39432e-06 3.99926e-06 4.63145e-06 5.27366e-06 5.90657e-06 6.50988e-06 7.06352e-06 7.54874e-06 7.9491e-06 8.25114e-06 8.44482e-06 8.52378e-06 8.48546e-06 8.33111e-06 8.06583e-06 7.69847e-06 7.24143e-06 6.7103e-06 6.1232e-06 5.49989e-06 4.86068e-06 4.22526e-06 3.6115e-06 3.03448e-06 2.50586e-06 2.03345e-06 1.62132e-06 1.27007e-06 9.77445e-07 7.39015e-07 5.48918e-07 4.0055e-07 2.87147e-07 2.02233e-07 1.39927e-07 9.51142e-08 6.35154e-08 4.16667e-08 2.68509e-08 1.69968e-08 1.05679e-08 6.45352e-09 3.87043e-09 2.27954e-09 1.31835e-09 7.48648e-10 4.17414e-10 2.28494e-10 1.22796e-10 6.47869e-11 3.35563e-11 1.70627e-11 8.5176e-12 4.17443e-12 2.00867e-12 9.49039e-13 4.40321e-13 2.0067e-13 8.99328e-14 3.98839e-14 1.8152e-14 
9.52606e-15 9.41464e-15 1.72236e-14 3.90914e-14 9.12672e-14 2.10631e-13 4.77165e-13 1.05977e-12 2.30696e-12 4.92165e-12 1.02898e-11 2.10822e-11 4.23295e-11 8.32905e-11 1.60617e-10 3.03566e-10 5.62364e-10 1.02123e-09 1.81808e-09 3.17352e-09 5.43198e-09 9.11838e-09 1.50133e-08 2.42483e-08 3.84229e-08 5.97371e-08 9.11353e-08 1.36444e-07 2.00483e-07 2.89122e-07 4.0925e-07 5.68611e-07 7.75495e-07 1.03823e-06 1.36453e-06 1.76063e-06 2.23039e-06 2.77443e-06 3.38927e-06 4.0669e-06 4.79458e-06 5.55515e-06 6.32781e-06 7.0892e-06 7.81482e-06 8.48045e-06 9.06358e-06 9.54444e-06 9.90692e-06 1.0139e-05 1.02332e-05 1.01863e-05 1e-05 9.68038e-06 9.23797e-06 8.6877e-06 8.04832e-06 7.34164e-06 6.5915e-06 5.8224e-06 5.0581e-06 4.32017e-06 3.62682e-06 2.99206e-06 2.4253e-06 1.93133e-06 1.51081e-06 1.16092e-06 8.76246e-07 6.49637e-07 4.73082e-07 3.38393e-07 2.37751e-07 1.64073e-07 1.11213e-07 7.40403e-08 4.84122e-08 3.10881e-08 1.96048e-08 1.21403e-08 7.38182e-09 4.40688e-09 2.58286e-09 1.48607e-09 8.39304e-10 4.65278e-10 2.53161e-10 1.35194e-10 7.08575e-11 3.64482e-11 1.84007e-11 9.11738e-12 4.43407e-12 2.11669e-12 9.91903e-13 4.56339e-13 2.06171e-13 9.15726e-14 4.02282e-14 1.81181e-14 
1.72304e-14 1.72236e-14 3.18072e-14 7.24968e-14 1.69671e-13 3.923e-13 8.90075e-13 1.97931e-12 4.31288e-12 9.20764e-12 1.92591e-11 3.94658e-11 7.92328e-11 1.55846e-10 3.00341e-10 5.67138e-10 1.04943e-09 1.90307e-09 3.38251e-09 5.89342e-09 1.00669e-08 1.68613e-08 2.76956e-08 4.46192e-08 7.05153e-08 1.09333e-07 1.66333e-07 2.48321e-07 3.63827e-07 5.23189e-07 7.38475e-07 1.02318e-06 1.39165e-06 1.85822e-06 2.43598e-06 3.13538e-06 3.96267e-06 4.91829e-06 5.99565e-06 7.18025e-06 8.44952e-06 9.77335e-06 1.11155e-05 1.24355e-05 1.36912e-05 1.4841e-05 1.58465e-05 1.66741e-05 1.72966e-05 1.76937e-05 1.78527e-05 1.77686e-05 1.74441e-05 1.68896e-05 1.61232e-05 1.51701e-05 1.40625e-05 1.28376e-05 1.15363e-05 1.02008e-05 8.87201e-06 7.58743e-06 6.37873e-06 5.27041e-06 4.27912e-06 3.41358e-06 2.6753e-06 2.05976e-06 1.55785e-06 1.15741e-06 8.44688e-07 6.05537e-07 4.26395e-07 2.94915e-07 2.00345e-07 1.3367e-07 8.75863e-08 5.6358e-08 3.56086e-08 2.209e-08 1.34536e-08 8.04344e-09 4.72024e-09 2.71873e-09 1.53679e-09 8.52466e-10 4.64011e-10 2.47827e-10 1.29875e-10 6.67818e-11 3.36935e-11 1.66802e-11 8.10294e-12 3.86275e-12 1.80717e-12 8.2985e-13 3.74126e-13 1.65781e-13 7.2648e-14 3.26584e-14 
3.86647e-14 3.90914e-14 7.24968e-14 1.6509e-13 3.85566e-13 8.89357e-13 2.01274e-12 4.46399e-12 9.69992e-12 2.06481e-11 4.30568e-11 8.79507e-11 1.75984e-10 3.44948e-10 6.62369e-10 1.24606e-09 2.29675e-09 4.14826e-09 7.34263e-09 1.27389e-08 2.16656e-08 3.61276e-08 5.90756e-08 9.47431e-08 1.49048e-07 2.30045e-07 3.4839e-07 5.17779e-07 7.55262e-07 1.08136e-06 1.51986e-06 2.09715e-06 2.84106e-06 3.77907e-06 4.93601e-06 6.33123e-06 7.97558e-06 9.86857e-06 1.19959e-05 1.43279e-05 1.68195e-05 1.94115e-05 2.20329e-05 2.46052e-05 2.7047e-05 2.92786e-05 3.12263e-05 3.28263e-05 3.4027e-05 3.47901e-05 3.50917e-05 3.49227e-05 3.42882e-05 3.32081e-05 3.17168e-05 2.98629e-05 2.77073e-05 2.53216e-05 2.27844e-05 2.01769e-05 1.75785e-05 1.50619e-05 1.26891e-05 1.05085e-05 8.55326e-06 6.8415e-06 5.37722e-06 4.1526e-06 3.15078e-06 2.34874e-06 1.7201e-06 1.23755e-06 8.74659e-07 6.07246e-07 4.14107e-07 2.77364e-07 1.8245e-07 1.17856e-07 7.4753e-08 4.6551e-08 2.84579e-08 1.70766e-08 1.00573e-08 5.81288e-09 3.29683e-09 1.83469e-09 1.00175e-09 5.36618e-10 2.82013e-10 1.45401e-10 7.35459e-11 3.64971e-11 1.77699e-11 8.48924e-12 3.97964e-12 1.8309e-12 8.26899e-13 3.67037e-13 1.61138e-13 7.26576e-14 
8.93638e-14 9.12672e-14 1.69671e-13 3.85566e-13 8.97783e-13 2.06424e-12 4.65633e-12 1.02923e-11 2.22868e-11 4.72725e-11 9.82142e-11 1.99862e-10 3.98362e-10 7.77719e-10 1.48725e-09 2.78609e-09 5.11317e-09 9.19433e-09 1.6201e-08 2.79782e-08 4.73615e-08 7.86017e-08 1.27914e-07 2.04156e-07 3.19626e-07 4.90944e-07 7.39953e-07 1.09452e-06 1.5891e-06 2.26485e-06 3.16911e-06 4.35399e-06 5.87393e-06 7.78212e-06 1.01259e-05 1.29411e-05 1.62467e-05 2.00386e-05 2.42857e-05 2.89272e-05 3.3872e-05 3.90022e-05 4.41778e-05 4.92451e-05 5.40451e-05 5.84232e-05 6.22374e-05 6.5365e-05 6.77067e-05 6.919e-05 6.97694e-05 6.94275e-05 6.81747e-05 6.60493e-05 6.31177e-05 5.9473e-05 5.52333e-05 5.05369e-05 4.55363e-05 4.03897e-05 3.52524e-05 3.0267e-05 2.55563e-05 2.12165e-05 1.73151e-05 1.38897e-05 1.09504e-05 8.48409e-06 6.45937e-06 4.8324e-06 3.55223e-06 2.56556e-06 1.82046e-06 1.26901e-06 8.68969e-07 5.84459e-07 3.86074e-07 2.5044e-07 1.59515e-07 9.9749e-08 6.12306e-08 3.68916e-08 2.18138e-08 1.2657e-08 7.20586e-09 4.0249e-09 2.20551e-09 1.18557e-09 6.25168e-10 3.23378e-10 1.64087e-10 8.1677e-11 3.9885e-11 1.91088e-11 8.98273e-12 4.14374e-12 1.87634e-12 8.35003e-13 3.67605e-13 1.66416e-13 
2.04288e-13 2.10631e-13 3.923e-13 8.89357e-13 2.06424e-12 4.73034e-12 1.06336e-11 2.34215e-11 5.05339e-11 1.06792e-10 2.21031e-10 4.48043e-10 8.89468e-10 1.7294e-09 3.29329e-09 6.1428e-09 1.12239e-08 2.00915e-08 3.52396e-08 6.05716e-08 1.02047e-07 1.6854e-07 2.7294e-07 4.33484e-07 6.75318e-07 1.03219e-06 1.54811e-06 2.27884e-06 3.2928e-06 4.6711e-06 6.50629e-06 8.89936e-06 1.19548e-05 1.57735e-05 2.04438e-05 2.60307e-05 3.25652e-05 4.00339e-05 4.83707e-05 5.74525e-05 6.70993e-05 7.70803e-05 8.71243e-05 9.69352e-05 0.000106209 0.000114651 0.000121992 0.000128001 0.00013249 0.000135325 0.000136419 0.000135742 0.000133312 0.000129204 0.000123541 0.0001165 0.000108306 9.92196e-05 8.95325e-05 7.95473e-05 6.9562e-05 5.98521e-05 5.06559e-05 4.21624e-05 3.45055e-05 2.77624e-05 2.19575e-05 1.70698e-05 1.30425e-05 9.79379e-06 7.22719e-06 5.24066e-06 3.73393e-06 2.6138e-06 1.79746e-06 1.21416e-06 8.0551e-07 5.24788e-07 3.35702e-07 2.10823e-07 1.29961e-07 7.86285e-08 4.66829e-08 2.71953e-08 1.55433e-08 8.71494e-09 4.79321e-09 2.58587e-09 1.36833e-09 7.10195e-10 3.61551e-10 1.80544e-10 8.84377e-11 4.24979e-11 2.00361e-11 9.26901e-12 4.20882e-12 1.87818e-12 8.2932e-13 3.77011e-13 
4.58576e-13 4.77165e-13 8.90075e-13 2.01274e-12 4.65633e-12 1.06336e-11 2.38197e-11 5.22765e-11 1.12376e-10 2.36585e-10 4.87778e-10 9.84836e-10 1.94719e-09 3.77016e-09 7.14887e-09 1.32761e-08 2.41489e-08 4.30299e-08 7.51192e-08 1.28502e-07 2.15441e-07 3.54069e-07 5.70535e-07 9.01578e-07 1.39748e-06 2.1252e-06 3.17146e-06 4.64523e-06 6.67919e-06 9.42938e-06 1.30723e-05 1.77987e-05 2.38042e-05 3.12748e-05 4.03706e-05 5.12055e-05 6.38273e-05 7.8199e-05 9.41841e-05 0.00011154 0.000129919 0.000148881 0.000167913 0.000186459 0.00020395 0.000219842 0.000233635 0.000244903 0.000253305 0.000258592 0.000260611 0.000259303 0.000254707 0.000246956 0.000236281 0.000223006 0.000207545 0.000190383 0.000172062 0.000153145 0.000134191 0.00011572 9.81826e-05 8.19419e-05 6.72575e-05 5.42844e-05 4.3078e-05 3.36077e-05 2.57743e-05 1.94296e-05 1.43957e-05 1.04822e-05 7.50037e-06 5.2732e-06 3.64228e-06 2.47127e-06 1.64684e-06 1.0777e-06 6.92457e-07 4.36781e-07 2.70421e-07 1.64307e-07 9.79597e-08 5.73005e-08 3.28805e-08 1.85075e-08 1.02176e-08 5.53256e-09 2.93806e-09 1.53021e-09 7.81639e-10 3.91596e-10 1.9243e-10 9.27567e-11 4.38628e-11 2.03512e-11 9.26748e-12 4.14742e-12 1.83695e-12 8.38682e-13 
1.00949e-12 1.05977e-12 1.97931e-12 4.46399e-12 1.02923e-11 2.34215e-11 5.22765e-11 1.14308e-10 2.44798e-10 5.13391e-10 1.05432e-09 2.1201e-09 4.17447e-09 8.04838e-09 1.51948e-08 2.80924e-08 5.08663e-08 9.02136e-08 1.56739e-07 2.6682e-07 4.45122e-07 7.27863e-07 1.16688e-06 1.83447e-06 2.8288e-06 4.27962e-06 6.35358e-06 9.25843e-06 1.3245e-05 1.86058e-05 2.56685e-05 3.47841e-05 4.63079e-05 6.05735e-05 7.78617e-05 9.83642e-05 0.000122148 0.000149122 0.000179013 0.000211355 0.000245494 0.000280611 0.000315762 0.000349929 0.000382082 0.000411232 0.000436484 0.000457076 0.000472398 0.000482008 0.000485637 0.000483183 0.000474714 0.00046047 0.000440863 0.000416476 0.000388049 0.00035646 0.000322686 0.000287751 0.000252676 0.000218414 0.000185799 0.000155509 0.000128035 0.000103681 8.2567e-05 6.4655e-05 4.97785e-05 3.76774e-05 2.80333e-05 2.0501e-05 1.47343e-05 1.04059e-05 7.22035e-06 4.92153e-06 3.29481e-06 2.16607e-06 1.39813e-06 8.85881e-07 5.50911e-07 3.36196e-07 2.01298e-07 1.1824e-07 6.81264e-08 3.84988e-08 2.13367e-08 1.15966e-08 6.18088e-09 3.23057e-09 1.65587e-09 8.32362e-10 4.10356e-10 1.9843e-10 9.41236e-11 4.38024e-11 2.00056e-11 8.97929e-12 3.98965e-12 1.82958e-12 
2.17868e-12 2.30696e-12 4.31288e-12 9.69992e-12 2.22868e-11 5.05339e-11 1.12376e-10 2.44798e-10 5.22237e-10 1.09094e-09 2.23137e-09 4.46857e-09 8.76151e-09 1.68192e-08 3.16131e-08 5.81817e-08 1.04859e-07 1.85088e-07 3.20013e-07 5.42062e-07 8.99724e-07 1.46367e-06 2.33428e-06 3.65044e-06 5.59926e-06 8.42598e-06 1.24429e-05 1.80362e-05 2.56678e-05 3.58714e-05 4.92394e-05 6.63991e-05 8.79777e-05 0.000114555 0.000146607 0.000184441 0.000228139 0.000277492 0.00033197 0.000390703 0.00045249 0.000515851 0.000579093 0.000640406 0.000697967 0.00075004 0.000795061 0.000831702 0.00085891 0.000875922 0.000882275 0.000877796 0.000862606 0.000837124 0.000802064 0.000758439 0.000707544 0.000650915 0.000590269 0.00052742 0.000464178 0.000402246 0.000343128 0.000288054 0.000237936 0.000193348 0.000154544 0.000121489 9.39181e-05 7.1389e-05 5.33495e-05 3.91913e-05 2.82972e-05 2.00782e-05 1.39977e-05 9.58656e-06 6.44847e-06 4.25944e-06 2.76225e-06 1.75834e-06 1.09847e-06 6.7335e-07 4.04939e-07 2.38875e-07 1.38207e-07 7.8419e-08 4.36329e-08 2.38059e-08 1.27356e-08 6.68072e-09 3.43638e-09 1.7333e-09 8.57372e-10 4.15936e-10 1.97921e-10 9.23922e-11 4.23257e-11 1.90549e-11 8.49408e-12 3.91287e-12 
4.60951e-12 4.92165e-12 9.20764e-12 2.06481e-11 4.72725e-11 1.06792e-10 2.36585e-10 5.13391e-10 1.09094e-09 2.26979e-09 4.62352e-09 9.22023e-09 1.80004e-08 3.44027e-08 6.43709e-08 1.17923e-07 2.11524e-07 3.71555e-07 6.39228e-07 1.0773e-06 1.77889e-06 2.87872e-06 4.56659e-06 7.10296e-06 1.08358e-05 1.62172e-05 2.38179e-05 3.4337e-05 4.86031e-05 6.75639e-05 9.22603e-05 0.000123782 0.000163202 0.000211497 0.000269444 0.000337514 0.00041577 0.000503772 0.000600518 0.000704422 0.000813347 0.000924683 0.00103548 0.0011426 0.00124293 0.00133348 0.00141161 0.00147508 0.0015221 0.00155142 0.00156225 0.0015543 0.0015278 0.00148344 0.00142242 0.00134647 0.00125776 0.00115893 0.0010529 0.000942792 0.000831729 0.000722675 0.000618265 0.000520681 0.000431562 0.000351974 0.000282427 0.000222929 0.000173074 0.000132142 9.92035e-05 7.3219e-05 5.31199e-05 3.78744e-05 2.65341e-05 1.82617e-05 1.23442e-05 8.19359e-06 5.33923e-06 3.41494e-06 2.14337e-06 1.31989e-06 7.97318e-07 4.724e-07 2.74484e-07 1.5639e-07 8.73682e-08 4.78549e-08 2.56991e-08 1.3531e-08 6.98513e-09 3.53567e-09 1.7549e-09 8.54196e-10 4.0779e-10 1.90967e-10 8.77571e-11 3.96313e-11 1.77258e-11 8.20348e-12 
9.56021e-12 1.02898e-11 1.92591e-11 4.30568e-11 9.82142e-11 2.21031e-10 4.87778e-10 1.05432e-09 2.23137e-09 4.62352e-09 9.37855e-09 1.86225e-08 3.61967e-08 6.88695e-08 1.28269e-07 2.33874e-07 4.17488e-07 7.29727e-07 1.2491e-06 2.09426e-06 3.43998e-06 5.53699e-06 8.7357e-06 1.35128e-05 2.04997e-05 3.05089e-05 4.4557e-05 6.38767e-05 8.99146e-05 0.000124308 0.000168833 0.000225328 0.000295574 0.000381156 0.000483295 0.000602669 0.000739244 0.00089213 0.00105949 0.00123852 0.0014255 0.00161598 0.00180493 0.00198712 0.00215729 0.00231054 0.00244248 0.00254944 0.00262853 0.00267768 0.00269564 0.00268196 0.00263698 0.00256185 0.00245855 0.00232987 0.00217944 0.00201156 0.00183112 0.00164332 0.0014534 0.00126639 0.00108677 0.000918302 0.000763872 0.000625399 0.000503872 0.000399428 0.000311489 0.000238925 0.000180227 0.000133671 9.74604e-05 6.98394e-05 4.91764e-05 3.40169e-05 2.31105e-05 1.54169e-05 1.0096e-05 6.48893e-06 4.09229e-06 2.53188e-06 1.53648e-06 9.14418e-07 5.33633e-07 3.05334e-07 1.71281e-07 9.4194e-08 5.0782e-08 2.68392e-08 1.39065e-08 7.06447e-09 3.51872e-09 1.71861e-09 8.23207e-10 3.8677e-10 1.78308e-10 8.0783e-11 3.62568e-11 1.68596e-11 
1.94369e-11 2.10822e-11 3.94658e-11 8.79507e-11 1.99862e-10 4.48043e-10 9.84836e-10 2.1201e-09 4.46857e-09 9.22023e-09 1.86225e-08 3.68159e-08 7.12388e-08 1.34921e-07 2.50112e-07 4.53843e-07 8.06173e-07 1.40202e-06 2.38755e-06 3.98198e-06 6.50564e-06 1.04143e-05 1.63393e-05 2.51323e-05 3.791e-05 5.60969e-05 8.14563e-05 0.000116105 0.0001625 0.00022339 0.000301722 0.000400498 0.00052258 0.000670453 0.00084595 0.00104997 0.0012822 0.00154093 0.00182289 0.00212324 0.00243573 0.00275291 0.00306654 0.00336802 0.00364887 0.00390119 0.00411794 0.0042933 0.00442269 0.00450286 0.00453184 0.00450895 0.00443474 0.00431101 0.0041409 0.00392887 0.00368067 0.00340323 0.00310441 0.00279266 0.00247653 0.00216427 0.00186334 0.00158005 0.00131932 0.00108453 0.000877518 0.000698745 0.000547456 0.000421954 0.000319874 0.000238451 0.000174754 0.000125881 8.91019e-05 6.19575e-05 4.23123e-05 2.8372e-05 1.86746e-05 1.20627e-05 7.6448e-06 4.75255e-06 2.89763e-06 1.73239e-06 1.01549e-06 5.83566e-07 3.28742e-07 1.81531e-07 9.8259e-08 5.21342e-08 2.71155e-08 1.38256e-08 6.91122e-09 3.38748e-09 1.62818e-09 7.67551e-10 3.55027e-10 1.61379e-10 7.26888e-11 3.39657e-11 
3.87381e-11 4.23295e-11 7.92328e-11 1.75984e-10 3.98362e-10 8.89468e-10 1.94719e-09 4.17447e-09 8.76151e-09 1.80004e-08 3.61967e-08 7.12388e-08 1.37216e-07 2.58662e-07 4.77205e-07 8.61678e-07 1.52296e-06 2.63503e-06 4.46376e-06 7.40485e-06 1.20317e-05 1.91531e-05 2.98798e-05 4.56952e-05 6.85266e-05 0.000100806 0.000145515 0.00020619 0.000286889 0.000392096 0.000526552 0.000695009 0.000901911 0.001151 0.0014449 0.00178466 0.00216936 0.00259579 0.00305831 0.00354885 0.00405713 0.00457111 0.00507759 0.00556293 0.0060138 0.00641782 0.00676413 0.0070437 0.00724955 0.00737671 0.00742223 0.00738505 0.00726603 0.00706794 0.00679559 0.00645583 0.00605757 0.00561159 0.00513018 0.00462662 0.00411449 0.00360696 0.00311608 0.00265215 0.00222334 0.00183541 0.00149173 0.0011934 0.000939573 0.000727831 0.000554609 0.000415617 0.000306224 0.000221773 0.000157825 0.000110337 7.57555e-05 5.10662e-05 3.37876e-05 2.19368e-05 1.39725e-05 8.72902e-06 5.34764e-06 3.21213e-06 1.89147e-06 1.09179e-06 6.17699e-07 3.4253e-07 1.86164e-07 9.91697e-08 5.17801e-08 2.65019e-08 1.32971e-08 6.54112e-09 3.15512e-09 1.49254e-09 6.92727e-10 3.15958e-10 1.42839e-10 6.7079e-11 
7.56855e-11 8.32905e-11 1.55846e-10 3.44948e-10 7.77719e-10 1.7294e-09 3.77016e-09 8.04838e-09 1.68192e-08 3.44027e-08 6.88695e-08 1.34921e-07 2.58662e-07 4.85265e-07 8.90894e-07 1.60063e-06 2.81457e-06 4.84434e-06 8.16255e-06 1.34669e-05 2.17596e-05 3.44423e-05 5.3421e-05 8.12174e-05 0.000121073 0.000177037 0.000254011 0.000357749 0.000494766 0.000672161 0.000897327 0.00117754 0.00151946 0.00192849 0.00240815 0.0029594 0.00358008 0.00426448 0.00500313 0.0057829 0.00658741 0.00739772 0.00819333 0.00895325 0.0096571 0.0102862 0.0108241 0.0112574 0.0115758 0.0117719 0.0118414 0.0117828 0.0115973 0.0112891 0.0108653 0.0103361 0.00971473 0.00901757 0.00826323 0.00747198 0.00666472 0.00586191 0.00508242 0.00434262 0.00365572 0.00303128 0.00247522 0.0019899 0.00157464 0.00122618 0.00093937 0.000707803 0.000524391 0.000381887 0.000273286 0.000192117 0.00013263 8.98911e-05 5.97943e-05 3.90258e-05 2.49851e-05 1.56874e-05 9.65772e-06 5.8288e-06 3.44832e-06 1.99947e-06 1.13624e-06 6.32794e-07 3.45369e-07 1.84732e-07 9.68415e-08 4.97587e-08 2.50614e-08 1.23742e-08 5.99051e-09 2.84397e-09 1.3246e-09 6.06288e-10 2.75132e-10 1.29868e-10 
1.44967e-10 1.60617e-10 3.00341e-10 6.62369e-10 1.48725e-09 3.29329e-09 7.14887e-09 1.51948e-08 3.16131e-08 6.43709e-08 1.28269e-07 2.50112e-07 4.77205e-07 8.90894e-07 1.62742e-06 2.90903e-06 5.08862e-06 8.71174e-06 1.45991e-05 2.39523e-05 3.84822e-05 6.05593e-05 9.3376e-05 0.000141112 0.000209084 0.000303853 0.000433274 0.000606442 0.000833518 0.00112541 0.00149328 0.00194789 0.00249882 0.00315351 0.00391634 0.00478764 0.00576295 0.00683242 0.00798065 0.0091869 0.0104258 0.0116684 0.0128839 0.0140409 0.0151091 0.0160613 0.0168735 0.0175263 0.0180049 0.0182989 0.0184021 0.0183125 0.0180317 0.0175658 0.0169248 0.0161236 0.0151813 0.0141218 0.0129725 0.0117632 0.0105254 0.00928967 0.00808492 0.00693639 0.00586482 0.00488567 0.00400895 0.00323939 0.00257695 0.00201762 0.0015543 0.00117778 0.000877571 0.000642759 0.000462609 0.000327063 0.000227067 0.000154754 0.000103504 6.7917e-05 4.37107e-05 2.75857e-05 1.7068e-05 1.03516e-05 6.15323e-06 3.58448e-06 2.0462e-06 1.1446e-06 6.27399e-07 3.36999e-07 1.7739e-07 9.15118e-08 4.62716e-08 2.29346e-08 1.11447e-08 5.3104e-09 2.48232e-09 1.14031e-09 5.19493e-10 2.46496e-10 
2.7223e-10 3.03566e-10 5.67138e-10 1.24606e-09 2.78609e-09 6.1428e-09 1.32761e-08 2.80924e-08 5.81817e-08 1.17923e-07 2.33874e-07 4.53843e-07 8.61678e-07 1.60063e-06 2.90903e-06 5.17285e-06 9.00052e-06 1.53253e-05 2.55397e-05 4.16647e-05 6.65526e-05 0.000104116 0.000159572 0.000239678 0.000352928 0.000509685 0.000722188 0.00100442 0.00137176 0.00184044 0.00242678 0.00314611 0.00401163 0.00503303 0.00621516 0.00755669 0.00904911 0.0106761 0.0124133 0.0142289 0.0160849 0.0179382 0.0197438 0.0214562 0.0230322 0.0244329 0.0256246 0.0265803 0.0272795 0.0277077 0.0278568 0.0277237 0.027311 0.0266268 0.0256851 0.0245064 0.0231178 0.0215527 0.01985 0.018053 0.0162067 0.0143563 0.0125442 0.0108084 0.00918063 0.00768508 0.00633822 0.00514878 0.00411842 0.00324274 0.00251251 0.00191499 0.00143529 0.00105746 0.000765564 0.00054442 0.000380158 0.000260568 0.000175253 0.000115629 7.4818e-05 4.74657e-05 2.95189e-05 1.79926e-05 1.07475e-05 6.2906e-06 3.60767e-06 2.02721e-06 1.11611e-06 6.02092e-07 3.18268e-07 1.64866e-07 8.3699e-08 4.16495e-08 2.03172e-08 9.71775e-09 4.55945e-09 2.10231e-09 9.616e-10 4.58715e-10 
5.0124e-10 5.62364e-10 1.04943e-09 2.29675e-09 5.11317e-09 1.12239e-08 2.41489e-08 5.08663e-08 1.04859e-07 2.11524e-07 4.17488e-07 8.06173e-07 1.52296e-06 2.81457e-06 5.08862e-06 9.00052e-06 1.55755e-05 2.63738e-05 4.37036e-05 7.08855e-05 0.000112561 0.000175036 0.000266626 0.000397982 0.000582335 0.000835614 0.00117637 0.00162549 0.00220556 0.00293998 0.00385173 0.00496183 0.00628763 0.00784086 0.00962587 0.0116379 0.0138617 0.0162712 0.0188291 0.021488 0.0241922 0.0268802 0.0294879 0.0319515 0.0342112 0.0362133 0.0379123 0.0392716 0.0402638 0.0408699 0.0410791 0.0408875 0.0402984 0.0393227 0.0379789 0.0362945 0.034306 0.0320591 0.0296075 0.027011 0.0243329 0.0216373 0.0189851 0.0164316 0.0140239 0.0117989 0.00978277 0.00799088 0.00642827 0.00509109 0.00396814 0.0030427 0.00229435 0.00170065 0.00123866 0.000886138 0.000622441 0.000429125 0.000290275 0.000192595 0.000125304 7.99217e-05 4.99641e-05 3.06105e-05 1.83758e-05 1.0808e-05 6.22794e-06 3.51585e-06 1.94449e-06 1.05363e-06 5.5937e-07 2.90989e-07 1.48342e-07 7.41168e-08 3.6299e-08 1.74295e-08 8.20909e-09 3.79963e-09 1.74514e-09 8.3703e-10 
9.0498e-10 1.02123e-09 1.90307e-09 4.14826e-09 9.19433e-09 2.00915e-08 4.30299e-08 9.02136e-08 1.85088e-07 3.71555e-07 7.29727e-07 1.40202e-06 2.63503e-06 4.84434e-06 8.71174e-06 1.53253e-05 2.63738e-05 4.4406e-05 7.31604e-05 0.000117965 0.000186197 0.000287771 0.000435623 0.000646121 0.000939339 0.00133912 0.0018728 0.00257067 0.00346489 0.00458805 0.00597135 0.00764235 0.00962257 0.0119249 0.0145514 0.0174908 0.0207177 0.0241913 0.0278564 0.0316445 0.0354768 0.0392675 0.0429285 0.0463733 0.0495215 0.052302 0.0546549 0.0565329 0.0579006 0.0587341 0.0590194 0.0587518 0.0579358 0.0565847 0.0547224 0.0523844 0.0496182 0.046484 0.043053 0.0394057 0.0356283 0.0318085 0.0280314 0.0243751 0.0209075 0.0176832 0.0147427 0.0121114 0.00980063 0.00780891 0.00612392 0.00472489 0.00358503 0.00267391 0.00195961 0.00141052 0.000996781 0.000691303 0.000470362 0.000313871 0.000205354 0.000131699 8.2775e-05 5.09779e-05 3.07592e-05 1.81819e-05 1.05281e-05 5.97179e-06 3.31819e-06 1.80616e-06 9.63164e-07 5.03232e-07 2.57635e-07 1.29261e-07 6.35646e-08 3.06438e-08 1.44896e-08 6.73303e-09 3.1055e-09 1.49779e-09 
1.60236e-09 1.81808e-09 3.38251e-09 7.34263e-09 1.6201e-08 3.52396e-08 7.51192e-08 1.56739e-07 3.20013e-07 6.39228e-07 1.2491e-06 2.38755e-06 4.46376e-06 8.16255e-06 1.45991e-05 2.55397e-05 4.37036e-05 7.31604e-05 0.000119826 0.000192052 0.000301284 0.000462742 0.000696051 0.00102574 0.00148147 0.00209797 0.00291443 0.00397344 0.00531931 0.00699589 0.00904382 0.0114975 0.0143818 0.0177087 0.0214747 0.0256582 0.0302179 0.0350929 0.0402035 0.0454539 0.0507356 0.0559332 0.0609291 0.0656101 0.0698717 0.0736229 0.076788 0.0793079 0.0811389 0.0822519 0.0826302 0.082268 0.0811707 0.0793545 0.0768487 0.0736971 0.0699593 0.0657115 0.0610453 0.0560651 0.0508843 0.0456195 0.0403856 0.0352898 0.030427 0.0258758 0.0216966 0.01793 0.0145978 0.0117038 0.00923646 0.00717186 0.00547652 0.00411079 0.00303177 0.00219596 0.00156145 0.00108952 0.000745742 0.000500549 0.00032937 0.000212419 0.000134241 8.31169e-05 5.0414e-05 2.99525e-05 1.74307e-05 9.93543e-06 5.54696e-06 3.03346e-06 1.62504e-06 8.52851e-07 4.38539e-07 2.20967e-07 1.09117e-07 5.282e-08 2.50762e-08 1.16994e-08 5.41951e-09 2.6286e-09 
2.78266e-09 3.17352e-09 5.89342e-09 1.27389e-08 2.79782e-08 6.05716e-08 1.28502e-07 2.6682e-07 5.42062e-07 1.0773e-06 2.09426e-06 3.98198e-06 7.40485e-06 1.34669e-05 2.39523e-05 4.16647e-05 7.08855e-05 0.000117965 0.000192052 0.000305933 0.00047695 0.000727906 0.00108785 0.0015926 0.00228488 0.00321387 0.00443415 0.0060038 0.00798187 0.0104251 0.0133841 0.0168993 0.0209967 0.0256839 0.0309469 0.0367477 0.0430226 0.0496834 0.0566188 0.0636984 0.0707782 0.0777069 0.0843337 0.0905146 0.0961192 0.101035 0.10517 0.108454 0.110834 0.112278 0.112765 0.11229 0.110858 0.108488 0.105215 0.101089 0.0961837 0.0905909 0.0844241 0.0778142 0.070905 0.0638469 0.0567899 0.0498768 0.0432364 0.0369783 0.0311898 0.0259333 0.0212467 0.0171439 0.0136178 0.0106431 0.00818053 0.00618062 0.00458786 0.00334439 0.00239309 0.00168019 0.00115706 0.000781278 0.000517107 0.000335408 0.000213154 0.000132701 8.09204e-05 4.83294e-05 2.82692e-05 1.61941e-05 9.08557e-06 4.99246e-06 2.68704e-06 1.41668e-06 7.31732e-07 3.70316e-07 1.83653e-07 8.92739e-08 4.25574e-08 1.9937e-08 9.27626e-09 4.52496e-09 
4.74008e-09 5.43198e-09 1.00669e-08 2.16656e-08 4.73615e-08 1.02047e-07 2.15441e-07 4.45122e-07 8.99724e-07 1.77889e-06 3.43998e-06 6.50564e-06 1.20317e-05 2.17596e-05 3.84822e-05 6.65526e-05 0.000112561 0.000186197 0.000301284 0.00047695 0.000738857 0.00112035 0.00166337 0.00241891 0.00344689 0.00481509 0.00659725 0.00887013 0.0117096 0.0151862 0.0193596 0.0242739 0.0299522 0.0363919 0.0435618 0.0513994 0.0598108 0.068672 0.0778324 0.0871203 0.0963502 0.105331 0.113875 0.121806 0.128966 0.135223 0.14047 0.144624 0.147629 0.149447 0.150057 0.149453 0.14764 0.144639 0.140488 0.135245 0.128992 0.121839 0.113919 0.105392 0.096432 0.0872278 0.0779688 0.068839 0.0600079 0.0516239 0.0438093 0.0366563 0.0302265 0.0245505 0.0196311 0.0154458 0.0119516 0.00909006 0.00679223 0.0049837 0.00358911 0.00253591 0.00175723 0.00119377 0.000794854 0.000518581 0.000331452 0.000207505 0.00012723 7.63957e-05 4.49206e-05 2.58652e-05 1.45843e-05 8.05337e-06 4.35532e-06 2.30703e-06 1.19708e-06 6.08539e-07 3.0312e-07 1.47978e-07 7.08388e-08 3.33255e-08 1.55753e-08 7.64156e-09 
7.92117e-09 9.11838e-09 1.68613e-08 3.61276e-08 7.86017e-08 1.6854e-07 3.54069e-07 7.27863e-07 1.46367e-06 2.87872e-06 5.53699e-06 1.04143e-05 1.91531e-05 3.44423e-05 6.05593e-05 0.000104116 0.000175036 0.000287771 0.000462742 0.000727906 0.00112035 0.00168767 0.00248895 0.00359498 0.00508753 0.00705744 0.0096014 0.0128175 0.0167996 0.0216312 0.0273787 0.0340849 0.0417632 0.0503932 0.0599169 0.0702381 0.0812231 0.0927034 0.104482 0.116339 0.128043 0.139362 0.15007 0.159959 0.168847 0.176583 0.183047 0.188151 0.191834 0.194057 0.1948 0.194054 0.191827 0.188139 0.183029 0.176559 0.168819 0.159931 0.150048 0.139353 0.128055 0.116379 0.104556 0.0928164 0.0813766 0.0704313 0.0601461 0.0506526 0.0420453 0.0343807 0.0276791 0.0219272 0.0170829 0.0130813 0.00984056 0.00726853 0.00526899 0.00374692 0.00261287 0.00178612 0.00119652 0.000785305 0.000504868 0.000317885 0.000196002 0.000118336 6.99555e-05 4.04919e-05 2.29491e-05 1.2736e-05 6.92157e-06 3.68397e-06 1.92052e-06 9.80769e-07 4.90714e-07 2.40604e-07 1.15672e-07 5.46487e-08 2.56575e-08 1.26615e-08 
1.29874e-08 1.50133e-08 2.76956e-08 5.90756e-08 1.27914e-07 2.7294e-07 5.70535e-07 1.16688e-06 2.33428e-06 4.56659e-06 8.7357e-06 1.63393e-05 2.98798e-05 5.3421e-05 9.3376e-05 0.000159572 0.000266626 0.000435623 0.000696051 0.00108785 0.00166337 0.00248895 0.00364578 0.00522964 0.0073492 0.0101228 0.0136732 0.0181214 0.023579 0.0301395 0.0378704 0.046806 0.0569406 0.0682247 0.080563 0.0938142 0.107794 0.122283 0.137028 0.151761 0.166201 0.180074 0.19312 0.205103 0.215822 0.225112 0.232847 0.238936 0.243319 0.245959 0.246837 0.245946 0.243291 0.238892 0.232786 0.225034 0.215729 0.205 0.193014 0.179975 0.166119 0.151707 0.137012 0.122312 0.107874 0.0939457 0.080745 0.0684526 0.0572069 0.0471014 0.0381843 0.0304606 0.0238967 0.018426 0.0139564 0.0103786 0.00757388 0.00542146 0.00380506 0.00261759 0.00176444 0.00116512 0.000753527 0.000477228 0.000295937 0.000179675 0.000106799 6.21498e-05 3.54087e-05 1.97515e-05 1.0788e-05 5.76993e-06 3.02231e-06 1.55061e-06 7.79348e-07 3.83816e-07 1.85321e-07 8.79318e-08 4.14741e-08 2.05864e-08 
2.08946e-08 2.42483e-08 4.46192e-08 9.47431e-08 2.04156e-07 4.33484e-07 9.01578e-07 1.83447e-06 3.65044e-06 7.10296e-06 1.35128e-05 2.51323e-05 4.56952e-05 8.12174e-05 0.000141112 0.000239678 0.000397982 0.000646121 0.00102574 0.0015926 0.00241891 0.00359498 0.00522964 0.00744919 0.0103942 0.0142143 0.0190606 0.0250768 0.032389 0.0410953 0.051256 0.0628856 0.0759471 0.0903489 0.105945 0.122537 0.139882 0.157698 0.175677 0.193498 0.210834 0.227374 0.242829 0.256943 0.269504 0.280341 0.28933 0.296384 0.301448 0.304492 0.305501 0.304468 0.301399 0.296307 0.289224 0.280205 0.26934 0.256758 0.242629 0.227171 0.210641 0.193329 0.175546 0.157615 0.139856 0.122575 0.106047 0.0905139 0.0761685 0.0631546 0.0515613 0.0414243 0.0327284 0.0254137 0.0193836 0.0145141 0.0106639 0.00768449 0.0054289 0.00375883 0.0025498 0.00169419 0.00110238 0.000702337 0.000438078 0.000267495 0.00015989 9.3554e-05 5.35856e-05 3.00468e-05 1.64947e-05 8.86598e-06 4.66652e-06 2.40547e-06 1.21455e-06 6.00822e-07 2.91368e-07 1.38851e-07 6.57942e-08 3.28495e-08 
3.29889e-08 3.84229e-08 7.05153e-08 1.49048e-07 3.19626e-07 6.75318e-07 1.39748e-06 2.8288e-06 5.59926e-06 1.08358e-05 2.04997e-05 3.791e-05 6.85266e-05 0.000121073 0.000209084 0.000352928 0.000582335 0.000939339 0.00148147 0.00228488 0.00344689 0.00508753 0.0073492 0.0103942 0.0143994 0.0195485 0.0260211 0.0339811 0.0435631 0.0548604 0.0679141 0.082705 0.0991494 0.117098 0.136341 0.156611 0.177597 0.198953 0.220313 0.241305 0.261564 0.280751 0.298557 0.314719 0.329023 0.341306 0.351452 0.359388 0.365071 0.36848 0.369606 0.368446 0.365002 0.359281 0.351305 0.341116 0.328792 0.314452 0.298262 0.28044 0.261253 0.241008 0.220049 0.198736 0.177441 0.156526 0.136332 0.117167 0.099293 0.0829165 0.0681829 0.0551733 0.043905 0.0343365 0.026375 0.0198876 0.014713 0.0106745 0.00759181 0.00529096 0.00361231 0.00241537 0.0015814 0.00101365 0.000636024 0.000390625 0.000234817 0.000138159 7.9564e-05 4.48498e-05 2.47481e-05 1.33691e-05 7.07112e-06 3.66233e-06 1.85771e-06 9.23119e-07 4.49632e-07 2.15207e-07 1.0245e-07 5.14494e-08 
5.11173e-08 5.97371e-08 1.09333e-07 2.30045e-07 4.90944e-07 1.03219e-06 2.1252e-06 4.27962e-06 8.42598e-06 1.62172e-05 3.05089e-05 5.60969e-05 0.000100806 0.000177037 0.000303853 0.000509685 0.000835614 0.00133912 0.00209797 0.00321387 0.00481509 0.00705744 0.0101228 0.0142143 0.0195485 0.0263438 0.0348063 0.0451138 0.0574002 0.0717411 0.0881426 0.106535 0.12677 0.148625 0.171812 0.195986 0.22076 0.245725 0.27046 0.29455 0.317605 0.339267 0.359225 0.377222 0.393056 0.406584 0.417711 0.426383 0.432575 0.436283 0.437506 0.436243 0.432494 0.426255 0.417533 0.406353 0.392771 0.376886 0.358846 0.338857 0.31718 0.294127 0.270058 0.245363 0.220456 0.195753 0.171663 0.148566 0.126802 0.106655 0.0883428 0.072009 0.0577202 0.0454682 0.0351767 0.026713 0.0199011 0.0145384 0.0104102 0.00730368 0.00501918 0.00337769 0.00222541 0.00143527 0.000906014 0.000559733 0.000338417 0.000200236 0.000115946 6.57083e-05 3.64468e-05 1.97886e-05 1.0518e-05 5.47364e-06 2.7894e-06 1.39233e-06 6.81159e-07 3.27446e-07 1.56605e-07 7.91018e-08 
7.77441e-08 9.11353e-08 1.66333e-07 3.4839e-07 7.39953e-07 1.54811e-06 3.17146e-06 6.35358e-06 1.24429e-05 2.38179e-05 4.4557e-05 8.14563e-05 0.000145515 0.000254011 0.000433274 0.000722188 0.00117637 0.0018728 0.00291443 0.00443415 0.00659725 0.0096014 0.0136732 0.0190606 0.0260211 0.0348063 0.0456429 0.0587134 0.0741373 0.091956 0.112122 0.134495 0.158846 0.184861 0.212162 0.24032 0.268873 0.29735 0.325283 0.352231 0.37779 0.401603 0.423374 0.442869 0.459914 0.474396 0.486253 0.495458 0.502014 0.505931 0.507222 0.505889 0.501927 0.495321 0.486059 0.474141 0.459595 0.442487 0.422935 0.401116 0.37727 0.351696 0.324753 0.296845 0.268416 0.239928 0.211853 0.184647 0.158735 0.134491 0.11222 0.0921467 0.0744063 0.0590421 0.0460105 0.0351914 0.0264039 0.019424 0.0140044 0.00989196 0.00684314 0.0046352 0.00307347 0.00199463 0.00126682 0.000787319 0.000478793 0.000284905 0.000165888 9.45176e-05 5.27013e-05 2.87594e-05 1.53617e-05 8.03259e-06 4.11245e-06 2.06198e-06 1.01318e-06 4.89171e-07 2.35032e-07 1.19396e-07 
1.16064e-07 1.36444e-07 2.48321e-07 5.17779e-07 1.09452e-06 2.27884e-06 4.64523e-06 9.25843e-06 1.80362e-05 3.4337e-05 6.38767e-05 0.000116105 0.00020619 0.000357749 0.000606442 0.00100442 0.00162549 0.00257067 0.00397344 0.0060038 0.00887013 0.0128175 0.0181214 0.0250768 0.0339811 0.0451138 0.0587134 0.0749533 0.0939219 0.115606 0.139885 0.166526 0.195201 0.225494 0.256927 0.288984 0.321132 0.352847 0.383631 0.413031 0.440649 0.466152 0.489276 0.509826 0.527673 0.542749 0.555029 0.564526 0.571269 0.57529 0.576615 0.57525 0.571185 0.564393 0.554839 0.542494 0.527348 0.509428 0.488808 0.465621 0.440067 0.412413 0.382996 0.352217 0.32053 0.288433 0.25645 0.225109 0.194925 0.166368 0.139848 0.115687 0.0941085 0.0752283 0.0590545 0.0454965 0.0343809 0.0254715 0.0184926 0.0131517 0.00915948 0.00624513 0.00416773 0.00272189 0.00173939 0.00108754 0.000665249 0.00039812 0.000233097 0.000133528 7.48433e-05 4.10501e-05 2.20347e-05 1.15768e-05 5.95435e-06 2.99884e-06 1.47992e-06 7.17593e-07 3.46356e-07 1.76942e-07 
1.70094e-07 2.00483e-07 3.63827e-07 7.55262e-07 1.5891e-06 3.2928e-06 6.67919e-06 1.3245e-05 2.56678e-05 4.86031e-05 8.99146e-05 0.0001625 0.000286889 0.000494766 0.000833518 0.00137176 0.00220556 0.00346489 0.00531931 0.00798187 0.0117096 0.0167996 0.023579 0.032389 0.0435631 0.0574002 0.0741373 0.0939219 0.11679 0.142654 0.171295 0.202372 0.23544 0.269971 0.305385 0.341082 0.376468 0.41098 0.44411 0.475414 0.504522 0.531146 0.555073 0.576166 0.594353 0.609618 0.621986 0.63151 0.63825 0.642262 0.643584 0.642229 0.63818 0.631397 0.62182 0.609388 0.594052 0.575789 0.554617 0.530613 0.50392 0.474754 0.443409 0.410257 0.375747 0.340389 0.304746 0.269412 0.234985 0.20204 0.171097 0.142595 0.116864 0.0941134 0.0744255 0.0577586 0.0439631 0.0328032 0.023983 0.0171744 0.0120423 0.00826528 0.0055518 0.00364887 0.00234624 0.00147583 0.000908087 0.000546556 0.000321784 0.000185325 0.000104418 5.75607e-05 3.10482e-05 1.63895e-05 8.46818e-06 4.28373e-06 2.12308e-06 1.03381e-06 5.01228e-07 2.5748e-07 
2.44712e-07 2.89122e-07 5.23189e-07 1.08136e-06 2.26485e-06 4.6711e-06 9.42938e-06 1.86058e-05 3.58714e-05 6.75639e-05 0.000124308 0.00022339 0.000392096 0.000672161 0.00112541 0.00184044 0.00293998 0.00458805 0.00699589 0.0104251 0.0151862 0.0216312 0.0301395 0.0410953 0.0548604 0.0717411 0.091956 0.115606 0.142654 0.172912 0.206044 0.241584 0.278959 0.317524 0.356601 0.395514 0.433624 0.470352 0.505198 0.537753 0.567699 0.594811 0.618946 0.640039 0.658084 0.673127 0.685245 0.694533 0.701084 0.704975 0.70626 0.704954 0.701036 0.694452 0.685121 0.672947 0.657837 0.639716 0.618541 0.59432 0.567123 0.537099 0.504476 0.469579 0.432821 0.394708 0.35582 0.316801 0.278326 0.241068 0.205668 0.172688 0.142586 0.115686 0.0921638 0.0720508 0.0552407 0.0415139 0.0305662 0.0220408 0.0155598 0.0107509 0.00726849 0.00480758 0.00311049 0.00196838 0.00121826 0.00073742 0.000436552 0.000252768 0.000143154 7.93085e-05 4.29855e-05 2.27966e-05 1.18315e-05 6.0111e-06 2.99172e-06 1.46285e-06 7.12364e-07 3.67917e-07 
3.45633e-07 4.0925e-07 7.38475e-07 1.51986e-06 3.16911e-06 6.50629e-06 1.30723e-05 2.56685e-05 4.92394e-05 9.22603e-05 0.000168833 0.000301722 0.000526552 0.000897327 0.00149328 0.00242678 0.00385173 0.00597135 0.00904382 0.0133841 0.0193596 0.0273787 0.0378704 0.051256 0.0679141 0.0881426 0.112122 0.139885 0.171295 0.206044 0.243663 0.283544 0.324983 0.36722 0.409488 0.451053 0.49125 0.529507 0.565361 0.598458 0.628556 0.655509 0.679261 0.699824 0.71727 0.731705 0.743262 0.752075 0.758267 0.761939 0.763154 0.761932 0.758248 0.752036 0.743193 0.731593 0.7171 0.699585 0.678941 0.6551 0.628052 0.597859 0.56467 0.528734 0.490412 0.450174 0.408599 0.366357 0.324184 0.282847 0.2431 0.205641 0.171064 0.139826 0.112223 0.0883788 0.0682529 0.0516615 0.038307 0.0278147 0.0197697 0.0137507 0.00935718 0.00622838 0.00405463 0.00258125 0.00160688 0.000978137 0.000582217 0.000338889 0.000192906 0.000107397 5.84854e-05 3.11584e-05 1.62425e-05 8.28714e-06 4.14145e-06 2.03325e-06 9.94384e-07 5.1627e-07 
4.79272e-07 5.68611e-07 1.02318e-06 2.09715e-06 4.35399e-06 8.89936e-06 1.77987e-05 3.47841e-05 6.63991e-05 0.000123782 0.000225328 0.000400498 0.000695009 0.00117754 0.00194789 0.00314611 0.00496183 0.00764235 0.0114975 0.0168993 0.0242739 0.0340849 0.046806 0.0628856 0.082705 0.106535 0.134495 0.166526 0.202372 0.241584 0.283544 0.327499 0.372614 0.418023 0.462886 0.506434 0.548001 0.587049 0.623174 0.656103 0.685685 0.711869 0.734692 0.754254 0.770699 0.784199 0.794932 0.803072 0.80877 0.812141 0.81326 0.812149 0.808782 0.803081 0.794926 0.784164 0.770622 0.754119 0.734485 0.711575 0.685292 0.655603 0.622562 0.586328 0.54718 0.505533 0.461933 0.417055 0.371675 0.326636 0.2828 0.240996 0.201965 0.166311 0.134467 0.106674 0.0829801 0.0632589 0.0472373 0.0345364 0.0247137 0.0173034 0.0118508 0.00793781 0.00519903 0.00332941 0.00208452 0.00127593 0.00076355 0.000446737 0.000255565 0.000142966 7.82155e-05 4.18553e-05 2.19122e-05 1.1226e-05 5.63253e-06 2.77619e-06 1.36339e-06 7.11444e-07 
6.52479e-07 7.75495e-07 1.39165e-06 2.84106e-06 5.87393e-06 1.19548e-05 2.38042e-05 4.63079e-05 8.79777e-05 0.000163202 0.000295574 0.00052258 0.000901911 0.00151946 0.00249882 0.00401163 0.00628763 0.00962257 0.0143818 0.0209967 0.0299522 0.0417632 0.0569406 0.0759471 0.0991494 0.12677 0.158846 0.195201 0.23544 0.278959 0.324983 0.372614 0.420893 0.468868 0.515647 0.56045 0.602641 0.641739 0.677424 0.709522 0.737985 0.762869 0.784306 0.802481 0.81761 0.829922 0.839638 0.846963 0.852067 0.855081 0.856085 0.855104 0.85211 0.847017 0.839695 0.829968 0.817631 0.80246 0.784226 0.762711 0.737731 0.709156 0.676933 0.641116 0.601887 0.559578 0.514679 0.46784 0.419852 0.371611 0.324073 0.27819 0.234851 0.194815 0.158669 0.12679 0.0993394 0.0762685 0.05735 0.0422175 0.0304128 0.021433 0.0147727 0.00995621 0.00656021 0.00422554 0.00266046 0.00163732 0.000984943 0.000579178 0.000332942 0.000187121 0.000102833 5.52663e-05 2.90532e-05 1.49439e-05 7.52684e-06 3.72399e-06 1.83621e-06 9.62848e-07 
8.72128e-07 1.03823e-06 1.85822e-06 3.77907e-06 7.78212e-06 1.57735e-05 3.12748e-05 6.05735e-05 0.000114555 0.000211497 0.000381156 0.000670453 0.001151 0.00192849 0.00315351 0.00503303 0.00784086 0.0119249 0.0177087 0.0256839 0.0363919 0.0503932 0.0682247 0.0903489 0.117098 0.148625 0.184861 0.225494 0.269971 0.317524 0.36722 0.418023 0.468868 0.518735 0.566711 0.612033 0.654119 0.692574 0.727178 0.757871 0.784718 0.80788 0.827584 0.844095 0.857693 0.868653 0.877233 0.883659 0.888116 0.890741 0.891619 0.890777 0.888184 0.883754 0.877347 0.868774 0.857807 0.844186 0.827633 0.807865 0.784617 0.757661 0.726838 0.692086 0.653476 0.611236 0.565777 0.517695 0.467767 0.416917 0.366171 0.316591 0.269206 0.224934 0.184525 0.148511 0.117184 0.0905993 0.0685952 0.0508362 0.0368629 0.0261456 0.0181334 0.0122953 0.00814898 0.00527868 0.00334174 0.00206745 0.00125002 0.000738648 0.00042661 0.000240848 0.000132932 7.17403e-05 3.78641e-05 1.95506e-05 9.88364e-06 4.90792e-06 2.42932e-06 1.27981e-06 
1.14456e-06 1.36453e-06 2.43598e-06 4.93601e-06 1.01259e-05 2.04438e-05 4.03706e-05 7.78617e-05 0.000146607 0.000269444 0.000483295 0.00084595 0.0014449 0.00240815 0.00391634 0.00621516 0.00962587 0.0145514 0.0214747 0.0309469 0.0435618 0.0599169 0.080563 0.105945 0.136341 0.171812 0.212162 0.256927 0.305385 0.356601 0.409488 0.462886 0.515647 0.566711 0.61517 0.660309 0.701626 0.73883 0.77182 0.800654 0.825512 0.846657 0.864405 0.87909 0.891044 0.900579 0.907978 0.913478 0.917273 0.919503 0.920252 0.919548 0.917362 0.913606 0.908138 0.900763 0.891239 0.879281 0.864574 0.846781 0.825565 0.800608 0.771647 0.738503 0.701127 0.659629 0.614316 0.565707 0.514533 0.461719 0.408333 0.355528 0.304458 0.256197 0.211661 0.171551 0.136307 0.106107 0.0808778 0.0603341 0.0440317 0.0314257 0.0219279 0.0149557 0.00996871 0.00649294 0.00413222 0.00256954 0.00156121 0.000926876 0.000537742 0.000304905 0.000168988 9.15623e-05 4.85108e-05 2.51398e-05 1.27542e-05 6.35547e-06 3.15743e-06 1.67079e-06 
1.4749e-06 1.76063e-06 3.13538e-06 6.33123e-06 1.29411e-05 2.60307e-05 5.12055e-05 9.83642e-05 0.000184441 0.000337514 0.000602669 0.00104997 0.00178466 0.0029594 0.00478764 0.00755669 0.0116379 0.0174908 0.0256582 0.0367477 0.0513994 0.0702381 0.0938142 0.122537 0.156611 0.195986 0.24032 0.288984 0.341082 0.395514 0.451053 0.506434 0.56045 0.612033 0.660309 0.704637 0.744618 0.780081 0.81105 0.837705 0.860335 0.879301 0.89499 0.907795 0.918088 0.926206 0.932442 0.937042 0.940197 0.942045 0.942669 0.942096 0.940299 0.937191 0.932635 0.926435 0.918345 0.908068 0.895261 0.879547 0.860531 0.837818 0.811046 0.779927 0.744285 0.704105 0.659574 0.611108 0.559369 0.505248 0.449831 0.394332 0.340014 0.288094 0.239656 0.195571 0.156446 0.122596 0.0940579 0.0706153 0.0518561 0.0372343 0.0261336 0.0179254 0.0120137 0.00786625 0.00503169 0.00314415 0.0019193 0.0011446 0.000666927 0.000379719 0.000211286 0.000114915 6.11048e-05 3.17769e-05 1.61757e-05 8.08713e-06 4.03179e-06 2.14245e-06 
