9.76137e-24 6.18605e-24 1.633e-23 6.27591e-23 2.4259e-22 9.14699e-22 3.35656e-21 1.19814e-20 4.1587e-20 1.40313e-19 4.60034e-19 1.46525e-18 4.53265e-18 1.3615e-17 3.9704e-17 1.12395e-16 3.08829e-16 8.23633e-16 2.13205e-15 5.35706e-15 1.30663e-14 3.09393e-14 7.11279e-14 1.58771e-13 3.44137e-13 7.24311e-13 1.48029e-12 2.93746e-12 5.65925e-12 1.05841e-11 1.92128e-11 3.38444e-11 5.78435e-11 9.5893e-11 1.54156e-10 2.40236e-10 3.62792e-10 5.30704e-10 7.51724e-10 1.03072e-09 1.36778e-09 1.75674e-09 2.18455e-09 2.63213e-09 3.07646e-09 3.49382e-09 3.86293e-09 4.16739e-09 4.39647e-09 4.54444e-09 4.60887e-09 4.58895e-09 4.48465e-09 4.29709e-09 4.03009e-09 3.69193e-09 3.29659e-09 2.86348e-09 2.41562e-09 1.9767e-09 1.5678e-09 1.20477e-09 8.96927e-10 6.47021e-10 4.52406e-10 3.06736e-10 2.01751e-10 1.28787e-10 7.9818e-11 4.80471e-11 2.81004e-11 1.59722e-11 8.82564e-12 4.74196e-12 2.47796e-12 1.25962e-12 6.22962e-13 2.99788e-13 1.40391e-13 6.3983e-14 2.83797e-14 1.22513e-14 5.14747e-15 2.10502e-15 8.37885e-16 3.24641e-16 1.22448e-16 4.49653e-17 1.60785e-17 5.5993e-18 1.89948e-18 6.27847e-19 2.02259e-19 6.35217e-20 1.94551e-20 5.81277e-21 1.69481e-21 4.82398e-22 1.3413e-22 3.66831e-23 
6.18605e-24 3.89963e-24 1.06142e-23 4.19002e-23 1.66063e-22 6.41965e-22 2.41548e-21 8.84156e-21 3.14709e-20 1.08888e-19 3.66085e-19 1.19556e-18 3.7915e-18 1.16731e-17 3.48817e-17 1.01149e-16 2.84586e-16 7.76814e-16 2.05705e-15 5.28435e-15 1.31693e-14 3.18403e-14 7.46881e-14 1.69981e-13 3.75351e-13 8.04189e-13 1.67166e-12 3.37112e-12 6.59469e-12 1.25128e-11 2.30241e-11 4.10779e-11 7.10466e-11 1.19094e-10 1.93432e-10 3.04319e-10 4.63592e-10 6.83569e-10 9.75214e-10 1.34569e-09 1.7957e-09 2.31725e-09 2.89275e-09 3.49604e-09 4.09543e-09 4.65819e-09 5.15515e-09 5.56409e-09 5.87087e-09 6.0683e-09 6.15367e-09 6.12614e-09 5.98554e-09 5.733e-09 5.37313e-09 4.91681e-09 4.38291e-09 3.79805e-09 3.19399e-09 2.60336e-09 2.05502e-09 1.57042e-09 1.16174e-09 8.32108e-10 5.77269e-10 3.88049e-10 2.52869e-10 1.59805e-10 9.79806e-11 5.83044e-11 3.36831e-11 1.88972e-11 1.02985e-11 5.45307e-12 2.80606e-12 1.40354e-12 6.82495e-13 3.22685e-13 1.48359e-13 6.63354e-14 2.8847e-14 1.22014e-14 5.0199e-15 2.00904e-15 7.82217e-16 2.96317e-16 1.09229e-16 3.91869e-17 1.36853e-17 4.65348e-18 1.54109e-18 4.97194e-19 1.56319e-19 4.79106e-20 1.43198e-20 4.17529e-21 1.18808e-21 3.30055e-22 8.95777e-23 2.39089e-23 
1.633e-23 1.06142e-23 2.99124e-23 1.1962e-22 4.78735e-22 1.86755e-21 7.0874e-21 2.61525e-20 9.37927e-20 3.26799e-19 1.10582e-18 3.63267e-18 1.15815e-17 3.58244e-17 1.07488e-16 3.12768e-16 8.82474e-16 2.41411e-15 6.40278e-15 1.6464e-14 4.10462e-14 9.92231e-14 2.32589e-13 5.28737e-13 1.16572e-12 2.49274e-12 5.17e-12 1.03999e-11 2.02895e-11 3.83862e-11 7.042e-11 1.25249e-10 2.15943e-10 3.60838e-10 5.84241e-10 9.16352e-10 1.39183e-09 2.04648e-09 2.91187e-09 4.00814e-09 5.33625e-09 6.87166e-09 8.5618e-09 1.03293e-08 1.20811e-08 1.37217e-08 1.51667e-08 1.63525e-08 1.72391e-08 1.7807e-08 1.80492e-08 1.79637e-08 1.75499e-08 1.68106e-08 1.57586e-08 1.44247e-08 1.28636e-08 1.11526e-08 9.3846e-09 7.65482e-09 6.04781e-09 4.62643e-09 3.42658e-09 2.45769e-09 1.70761e-09 1.14979e-09 7.5058e-10 4.75219e-10 2.9192e-10 1.74039e-10 1.0073e-10 5.66129e-11 3.09036e-11 1.63882e-11 8.44413e-12 4.22813e-12 2.05761e-12 9.73286e-13 4.47516e-13 2.00025e-13 8.69122e-14 3.67119e-14 1.50755e-14 6.01862e-15 2.33619e-15 8.81748e-16 3.23642e-16 1.15542e-16 4.01286e-17 1.35617e-17 4.46104e-18 1.42873e-18 4.45652e-19 1.35433e-19 4.01137e-20 1.15842e-20 3.26295e-21 8.96821e-22 2.40683e-22 6.34988e-23 
6.27591e-23 4.19002e-23 1.1962e-22 4.77789e-22 1.90739e-21 7.4207e-21 2.80817e-20 1.03311e-19 3.69344e-19 1.28261e-18 4.32479e-18 1.41542e-17 4.49477e-17 1.38453e-16 4.13577e-16 1.19779e-15 3.36282e-15 9.15137e-15 2.41382e-14 6.17113e-14 1.52928e-13 3.67376e-13 8.55625e-13 1.93223e-12 4.23139e-12 8.98665e-12 1.8511e-11 3.69819e-11 7.16587e-11 1.34663e-10 2.45412e-10 4.33674e-10 7.43014e-10 1.23404e-09 1.98642e-09 3.09831e-09 4.68128e-09 6.84938e-09 9.70151e-09 1.32985e-08 1.76385e-08 2.26375e-08 2.81221e-08 3.38406e-08 3.94931e-08 4.47738e-08 4.94142e-08 5.32133e-08 5.60468e-08 5.78547e-08 5.86164e-08 5.83265e-08 5.69829e-08 5.45933e-08 5.11977e-08 4.68941e-08 4.18564e-08 3.6332e-08 3.06177e-08 2.502e-08 1.98108e-08 1.51937e-08 1.12865e-08 8.12206e-09 5.66403e-09 3.82913e-09 2.51048e-09 1.5968e-09 9.85653e-10 5.90609e-10 3.43626e-10 1.94169e-10 1.06577e-10 5.68345e-11 2.94502e-11 1.483e-11 7.25783e-12 3.4523e-12 1.59609e-12 7.17228e-13 3.13257e-13 1.32981e-13 5.48679e-14 2.20041e-14 8.57759e-15 3.25045e-15 1.19755e-15 4.29032e-16 1.49494e-16 5.06756e-17 1.67164e-17 5.36767e-18 1.67833e-18 5.11176e-19 1.51715e-19 4.38958e-20 1.23858e-20 3.40967e-21 9.16424e-22 2.42175e-22 
2.4259e-22 1.66063e-22 4.78735e-22 1.90739e-21 7.58771e-21 2.9412e-20 1.10883e-19 4.06353e-19 1.44693e-18 5.00389e-18 1.68e-17 5.47379e-17 1.73017e-16 5.30361e-16 1.57623e-15 4.54087e-15 1.26781e-14 3.43018e-14 8.99304e-14 2.28469e-13 5.62481e-13 1.34212e-12 3.10414e-12 6.9602e-12 1.51321e-11 3.1903e-11 6.52329e-11 1.2937e-10 2.48854e-10 4.64299e-10 8.40183e-10 1.47449e-09 2.50935e-09 4.14072e-09 6.62394e-09 1.02706e-08 1.54313e-08 2.24603e-08 3.16591e-08 4.32052e-08 5.70765e-08 7.29919e-08 9.03927e-08 1.08479e-07 1.26308e-07 1.42922e-07 1.57488e-07 1.69386e-07 1.78239e-07 1.83866e-07 1.86209e-07 1.85253e-07 1.8099e-07 1.73443e-07 1.62733e-07 1.49163e-07 1.33273e-07 1.15837e-07 9.77819e-08 8.00686e-08 6.35534e-08 4.88811e-08 3.64295e-08 2.6312e-08 1.84235e-08 1.25101e-08 8.24085e-09 5.26805e-09 3.26903e-09 1.96966e-09 1.15254e-09 6.55092e-10 3.6174e-10 1.94088e-10 1.01194e-10 5.12744e-11 2.52495e-11 1.20842e-11 5.62068e-12 2.54069e-12 1.11606e-12 4.76413e-13 1.9762e-13 7.96592e-14 3.12046e-14 1.188e-14 4.39632e-15 1.58166e-15 5.53329e-16 1.88284e-16 6.23349e-17 2.00853e-17 6.30098e-18 1.92522e-18 5.73146e-19 1.66317e-19 4.7062e-20 1.29914e-20 3.50114e-21 9.27923e-22 
9.14699e-22 6.41965e-22 1.86755e-21 7.4207e-21 2.9412e-20 1.13576e-19 4.26517e-19 1.5568e-18 5.52054e-18 1.90103e-17 6.35435e-17 2.06089e-16 6.48307e-16 1.97744e-15 5.84649e-15 1.67516e-14 4.65054e-14 1.2508e-13 3.259e-13 8.22616e-13 2.01167e-12 4.76669e-12 1.09458e-11 2.43628e-11 5.25707e-11 1.09995e-10 2.23193e-10 4.39261e-10 8.38547e-10 1.55279e-09 2.78918e-09 4.85965e-09 8.21241e-09 1.34597e-08 2.13915e-08 3.29624e-08 4.92349e-08 7.1268e-08 9.99461e-08 1.35762e-07 1.78596e-07 2.27542e-07 2.80859e-07 3.36099e-07 3.90391e-07 4.40855e-07 4.84993e-07 5.20967e-07 5.47665e-07 5.64571e-07 5.71525e-07 5.68488e-07 5.55438e-07 5.32431e-07 4.99823e-07 4.58516e-07 4.10132e-07 3.56994e-07 3.01902e-07 2.47764e-07 1.97181e-07 1.52127e-07 1.13774e-07 8.24998e-08 5.80166e-08 3.95807e-08 2.6205e-08 1.68415e-08 1.05096e-08 6.36936e-09 3.74962e-09 2.14451e-09 1.19172e-09 6.43533e-10 3.37712e-10 1.72233e-10 8.5365e-11 4.11172e-11 1.92452e-11 8.75278e-12 3.86779e-12 1.66053e-12 6.92602e-13 2.80655e-13 1.10493e-13 4.22677e-14 1.57129e-14 5.67749e-15 1.99441e-15 6.81312e-16 2.26406e-16 7.32133e-17 2.30467e-17 7.065e-18 2.10997e-18 6.14158e-19 1.74304e-19 4.82556e-20 1.30417e-20 3.46719e-21 
3.35656e-21 2.41548e-21 7.0874e-21 2.80817e-20 1.10883e-19 4.26517e-19 1.59532e-18 5.79911e-18 2.04773e-17 7.02074e-17 2.33616e-16 7.54141e-16 2.36082e-15 7.1644e-15 2.10704e-14 6.00381e-14 1.65714e-13 4.43008e-13 1.14698e-12 2.87604e-12 6.98492e-12 1.64329e-11 3.7457e-11 8.27392e-11 1.77154e-10 3.6775e-10 7.40292e-10 1.44537e-09 2.73736e-09 5.02922e-09 8.96403e-09 1.55004e-08 2.6002e-08 4.23131e-08 6.67893e-08 1.02246e-07 1.5178e-07 2.18436e-07 3.04695e-07 4.11857e-07 5.39401e-07 6.84517e-07 8.41988e-07 1.00458e-06 1.16389e-06 1.31157e-06 1.44042e-06 1.54519e-06 1.62275e-06 1.67167e-06 1.69154e-06 1.68228e-06 1.6438e-06 1.57625e-06 1.48061e-06 1.35948e-06 1.21753e-06 1.06147e-06 8.99462e-07 7.39958e-07 5.90584e-07 4.57158e-07 3.43199e-07 2.49912e-07 1.76563e-07 1.21062e-07 8.05822e-08 5.20838e-08 3.26959e-08 1.99383e-08 1.18129e-08 6.80054e-09 3.80446e-09 2.06837e-09 1.09286e-09 5.61165e-10 2.80021e-10 1.35777e-10 6.39673e-11 2.92776e-11 1.30171e-11 5.62159e-12 2.35802e-12 9.6068e-13 3.80163e-13 1.46138e-13 5.45789e-14 1.9808e-14 6.98749e-15 2.39658e-15 7.99453e-16 2.59467e-16 8.19643e-17 2.52113e-17 7.55397e-18 2.20571e-18 6.27919e-19 1.74357e-19 4.72605e-20 1.26046e-20 
1.19814e-20 8.84156e-21 2.61525e-20 1.03311e-19 4.06353e-19 1.5568e-18 5.79911e-18 2.09915e-17 7.38025e-17 2.51907e-16 8.34358e-16 2.68053e-15 8.34967e-15 2.52079e-14 7.37362e-14 2.08921e-13 5.73255e-13 1.52304e-12 3.91782e-12 9.75762e-12 2.35311e-11 5.49546e-11 1.24313e-10 2.72451e-10 5.78678e-10 1.19147e-09 2.37868e-09 4.60573e-09 8.65064e-09 1.57632e-08 2.78693e-08 4.78098e-08 7.95837e-08 1.28541e-07 2.0144e-07 3.06266e-07 4.51693e-07 6.46103e-07 8.96165e-07 1.20509e-06 1.57091e-06 1.98524e-06 2.43302e-06 2.89368e-06 3.34363e-06 3.75953e-06 4.12147e-06 4.41506e-06 4.63181e-06 4.768e-06 4.82264e-06 4.79551e-06 4.68637e-06 4.49555e-06 4.2257e-06 3.88389e-06 3.48308e-06 3.04198e-06 2.58331e-06 2.13081e-06 1.70597e-06 1.3253e-06 9.98991e-07 7.30749e-07 5.1884e-07 3.57659e-07 2.39433e-07 1.55693e-07 9.83565e-08 6.03737e-08 3.60123e-08 2.08759e-08 1.17613e-08 6.44e-09 3.4271e-09 1.77235e-09 8.90662e-10 4.34871e-10 2.06266e-10 9.50285e-11 4.25185e-11 1.84738e-11 7.79399e-12 3.19292e-12 1.27016e-12 4.90701e-13 1.84135e-13 6.71286e-14 2.3782e-14 8.1902e-15 2.74279e-15 8.93528e-16 2.83278e-16 8.74359e-17 2.6286e-17 7.70029e-18 2.19904e-18 6.12496e-19 1.66524e-19 4.45603e-20 
4.1587e-20 3.14709e-20 9.37927e-20 3.69344e-19 1.44693e-18 5.52054e-18 2.04773e-17 7.38025e-17 2.58323e-16 8.77684e-16 2.89329e-15 9.24974e-15 2.86659e-14 8.60861e-14 2.50426e-13 7.05464e-13 1.92406e-12 5.07972e-12 1.29807e-11 3.21062e-11 7.68679e-11 1.78168e-10 3.99892e-10 8.6936e-10 1.83121e-09 3.73848e-09 7.39965e-09 1.42039e-08 2.64481e-08 4.77807e-08 8.37618e-08 1.42501e-07 2.35287e-07 3.77049e-07 5.86425e-07 8.85165e-07 1.29656e-06 1.84271e-06 2.54069e-06 3.39788e-06 4.40751e-06 5.54548e-06 6.77003e-06 8.02503e-06 9.24672e-06 1.03726e-05 1.13498e-05 1.21404e-05 1.27226e-05 1.3087e-05 1.32312e-05 1.3155e-05 1.28577e-05 1.23397e-05 1.16079e-05 1.06809e-05 9.59304e-06 8.39429e-06 7.1456e-06 5.91089e-06 4.74835e-06 3.70316e-06 2.80363e-06 2.06081e-06 1.47099e-06 1.01984e-06 6.86897e-07 4.49538e-07 2.859e-07 1.76718e-07 1.06167e-07 6.19962e-08 3.51886e-08 1.94127e-08 1.04085e-08 5.42312e-09 2.74542e-09 1.35016e-09 6.44908e-10 2.99133e-10 1.34715e-10 5.88979e-11 2.49968e-11 1.02983e-11 4.11877e-12 1.59933e-12 6.03059e-13 2.20867e-13 7.85917e-14 2.71793e-14 9.13854e-15 2.98855e-15 9.50979e-16 2.94576e-16 8.8865e-17 2.61198e-17 7.48361e-18 2.09105e-18 5.70297e-19 1.53133e-19 
1.40313e-19 1.08888e-19 3.26799e-19 1.28261e-18 5.00389e-18 1.90103e-17 7.02074e-17 2.51907e-16 8.77684e-16 2.96799e-15 9.73644e-15 3.09707e-14 9.54818e-14 2.85188e-13 8.24942e-13 2.31025e-12 6.26216e-12 1.64263e-11 4.16927e-11 1.02394e-10 2.43338e-10 5.59673e-10 1.24609e-09 2.68649e-09 5.61035e-09 1.13534e-08 2.22719e-08 4.23675e-08 7.81787e-08 1.3997e-07 2.43199e-07 4.10145e-07 6.71447e-07 1.06713e-06 1.64653e-06 2.46643e-06 3.58671e-06 5.06308e-06 6.93699e-06 9.22394e-06 1.19022e-05 1.49056e-05 1.81227e-05 2.14065e-05 2.45918e-05 2.75181e-05 3.00509e-05 3.20948e-05 3.35955e-05 3.45311e-05 3.48967e-05 3.46918e-05 3.39143e-05 3.2565e-05 3.06601e-05 2.82466e-05 2.54116e-05 2.22831e-05 1.90178e-05 1.57808e-05 1.27235e-05 9.96453e-06 7.57975e-06 5.60066e-06 4.02051e-06 2.80452e-06 1.90126e-06 1.25281e-06 8.02469e-07 4.99686e-07 3.02482e-07 1.78005e-07 1.01829e-07 5.66213e-08 3.05983e-08 1.60675e-08 8.19665e-09 4.0613e-09 1.95402e-09 9.12707e-10 4.13803e-10 1.82077e-10 7.77473e-11 3.22166e-11 1.29559e-11 5.05711e-12 1.91634e-12 7.05164e-13 2.5205e-13 8.75413e-14 2.95554e-14 9.70371e-15 3.09958e-15 9.6367e-16 2.91751e-16 8.60515e-17 2.47382e-17 6.93516e-18 1.89762e-18 5.11375e-19 
4.60034e-19 3.66085e-19 1.10582e-18 4.32479e-18 1.68e-17 6.35435e-17 2.33616e-16 8.34358e-16 2.89329e-15 9.73644e-15 3.17805e-14 1.00568e-13 3.08391e-13 9.16002e-13 2.63435e-12 7.33307e-12 1.9752e-11 5.14707e-11 1.2974e-10 3.16329e-10 7.46066e-10 1.70237e-09 3.75903e-09 8.03488e-09 1.66315e-08 3.33511e-08 6.48195e-08 1.22151e-07 2.23279e-07 3.96006e-07 6.81672e-07 1.13911e-06 1.84817e-06 2.91182e-06 4.45522e-06 6.6203e-06 9.55415e-06 1.33905e-05 1.82246e-05 2.40849e-05 3.09066e-05 3.85144e-05 4.66244e-05 5.48671e-05 6.28327e-05 7.01264e-05 7.64207e-05 8.14863e-05 8.51954e-05 8.74981e-05 8.83861e-05 8.78589e-05 8.59107e-05 8.25414e-05 7.77882e-05 7.17631e-05 6.46783e-05 5.6847e-05 4.86547e-05 4.05106e-05 3.27919e-05 2.57979e-05 1.97238e-05 1.46558e-05 1.05852e-05 7.43216e-06 5.0735e-06 3.36753e-06 2.17343e-06 1.36399e-06 8.32339e-07 4.93834e-07 2.84844e-07 1.59703e-07 8.70188e-08 4.60682e-08 2.36896e-08 1.18293e-08 5.73431e-09 2.69784e-09 1.23161e-09 5.4549e-10 2.34384e-10 9.77002e-11 3.95115e-11 1.55052e-11 5.90543e-12 2.18357e-12 7.8409e-13 2.73533e-13 9.27414e-14 3.05735e-14 9.8044e-15 3.05986e-15 9.2981e-16 2.75236e-16 7.9404e-17 2.2337e-17 6.13275e-18 1.65888e-18 
1.46525e-18 1.19556e-18 3.63267e-18 1.41542e-17 5.47379e-17 2.06089e-16 7.54141e-16 2.68053e-15 9.24974e-15 3.09707e-14 1.00568e-13 3.1655e-13 9.65353e-13 2.85099e-12 8.15063e-12 2.25483e-11 6.03439e-11 1.56187e-10 3.90917e-10 9.46074e-10 2.21404e-09 5.01104e-09 1.09713e-08 2.32445e-08 4.76753e-08 9.47063e-08 1.823e-07 3.40194e-07 6.15738e-07 1.08135e-06 1.84328e-06 3.05066e-06 4.90315e-06 7.65445e-06 1.16084e-05 1.71041e-05 2.44858e-05 3.40585e-05 4.60282e-05 6.04361e-05 7.70994e-05 9.55755e-05 0.00011517 0.000134994 0.000154075 0.000171487 0.000186466 0.000198487 0.000207264 0.000212691 0.000214755 0.000213459 0.000208787 0.000200733 0.000189377 0.000174975 0.000158017 0.000139236 0.000119541 9.99e-05 8.12137e-05 6.42058e-05 4.93581e-05 3.68974e-05 2.68238e-05 1.89658e-05 1.30429e-05 8.72456e-06 5.67641e-06 3.59208e-06 2.21066e-06 1.32297e-06 7.6976e-07 4.35353e-07 2.39271e-07 1.27753e-07 6.62416e-08 3.33447e-08 1.62898e-08 7.72107e-09 3.54987e-09 1.58291e-09 6.84503e-10 2.87065e-10 1.16764e-10 4.60723e-11 1.76391e-11 6.55461e-12 2.36487e-12 8.28758e-13 2.82223e-13 9.34324e-14 3.00847e-14 9.42643e-15 2.87549e-15 8.54384e-16 2.47391e-16 6.98435e-17 1.92442e-17 5.226e-18 
4.53265e-18 3.7915e-18 1.15815e-17 4.49477e-17 1.73017e-16 6.48307e-16 2.36082e-15 8.34967e-15 2.86659e-14 9.54818e-14 3.08391e-13 9.65353e-13 2.92722e-12 8.59418e-12 2.44199e-11 6.71282e-11 1.78461e-10 4.58718e-10 1.13982e-09 2.73763e-09 6.35586e-09 1.42657e-08 3.09622e-08 6.50044e-08 1.32074e-07 2.59817e-07 4.95147e-07 9.14648e-07 1.63854e-06 2.84807e-06 4.80532e-06 7.87278e-06 1.25285e-05 1.93706e-05 2.91038e-05 4.24999e-05 6.03261e-05 8.32404e-05 0.000111658 0.000145605 0.000184597 0.000227563 0.000272879 0.000318507 0.000362238 0.000401995 0.000436088 0.000463367 0.000483225 0.000495453 0.000500041 0.000497002 0.000486294 0.00046789 0.00044195 0.000409024 0.000370199 0.000327108 0.00028179 0.000236439 0.00019311 0.000153479 0.000118685 8.92981e-05 6.53741e-05 4.65694e-05 3.22797e-05 2.17712e-05 1.42865e-05 9.12056e-06 5.66372e-06 3.42047e-06 2.00848e-06 1.14635e-06 6.35754e-07 3.42463e-07 1.7911e-07 9.09143e-08 4.4771e-08 2.13835e-08 9.90322e-09 4.44656e-09 1.93551e-09 8.16778e-10 3.34196e-10 1.32609e-10 5.10426e-11 1.90645e-11 6.91216e-12 2.43376e-12 8.32553e-13 2.76834e-13 8.95186e-14 2.81648e-14 8.62613e-15 2.57312e-15 7.47922e-16 2.11949e-16 5.8617e-17 1.5984e-17 
1.3615e-17 1.16731e-17 3.58244e-17 1.38453e-16 5.30361e-16 1.97744e-15 7.1644e-15 2.52079e-14 8.60861e-14 2.85188e-13 9.16002e-13 2.85099e-12 8.59418e-12 2.50789e-11 7.08125e-11 1.93387e-10 5.10628e-10 1.30322e-09 3.21422e-09 7.66004e-09 1.76395e-08 3.92542e-08 8.44377e-08 1.75625e-07 3.53375e-07 6.88202e-07 1.29803e-06 2.37254e-06 4.20495e-06 7.23066e-06 1.20694e-05 1.95649e-05 3.08117e-05 4.71567e-05 7.01576e-05 0.000101486 0.000142763 0.000195326 0.000259943 0.000336513 0.000423814 0.000519379 0.000619579 0.000719946 0.00081571 0.000902429 0.00097654 0.00103566 0.00107856 0.00110487 0.00111461 0.00110782 0.00108439 0.00104425 0.000987666 0.00091578 0.000830865 0.000736388 0.000636715 0.00053658 0.000440468 0.000352078 0.000273996 0.000207592 0.000153119 0.000109949 7.68552e-05 5.22923e-05 3.46282e-05 2.23139e-05 1.39889e-05 8.52981e-06 5.0571e-06 2.91413e-06 1.63145e-06 8.86952e-07 4.68043e-07 2.39629e-07 1.18983e-07 5.72776e-08 2.67258e-08 1.20854e-08 5.29614e-09 2.24929e-09 9.25934e-10 3.69541e-10 1.43028e-10 5.37042e-11 1.95704e-11 6.92441e-12 2.37993e-12 7.94977e-13 2.58209e-13 8.159e-14 2.50942e-14 7.51625e-15 2.19353e-15 6.2407e-16 1.7327e-16 4.74534e-17 
3.9704e-17 3.48817e-17 1.07488e-16 4.13577e-16 1.57623e-15 5.84649e-15 2.10704e-14 7.37362e-14 2.50426e-13 8.24942e-13 2.63435e-12 8.15063e-12 2.44199e-11 7.08125e-11 1.98646e-10 5.38843e-10 1.41283e-09 3.57952e-09 8.76122e-09 2.07133e-08 4.73006e-08 1.04342e-07 2.22391e-07 4.58137e-07 9.12635e-07 1.75901e-06 3.28236e-06 5.93401e-06 1.04005e-05 1.76843e-05 2.91886e-05 4.67911e-05 7.28851e-05 0.000110361 0.000162494 0.000232722 0.000324277 0.000439703 0.000580277 0.00074542 0.000932229 0.00113528 0.00134683 0.00155757 0.00175768 0.00193814 0.0020918 0.00221398 0.00230237 0.00235636 0.00237607 0.00236162 0.00231279 0.0022293 0.00211162 0.00196194 0.00178476 0.00158709 0.0013778 0.00116664 0.000962921 0.000774453 0.000606835 0.000463208 0.000344413 0.000249428 0.000175922 0.000120821 8.07834e-05 5.25727e-05 3.32911e-05 2.05058e-05 1.22809e-05 7.14796e-06 4.04125e-06 2.21819e-06 1.18142e-06 6.10261e-07 3.05599e-07 1.48308e-07 6.97346e-08 3.17649e-08 1.40168e-08 5.99225e-09 2.48223e-09 9.96591e-10 3.8793e-10 1.4646e-10 5.36531e-11 1.90803e-11 6.59023e-12 2.21188e-12 7.21758e-13 2.29097e-13 7.07735e-14 2.12899e-14 6.23951e-15 1.78254e-15 4.96951e-16 1.36722e-16 
1.12395e-16 1.01149e-16 3.12768e-16 1.19779e-15 4.54087e-15 1.67516e-14 6.00381e-14 2.08921e-13 7.05464e-13 2.31025e-12 7.33307e-12 2.25483e-11 6.71282e-11 1.93387e-10 5.38843e-10 1.45147e-09 3.77822e-09 9.50052e-09 2.30714e-08 5.40994e-08 1.22484e-07 2.67769e-07 5.65359e-07 1.15324e-06 2.27379e-06 4.33586e-06 8.00181e-06 1.43026e-05 2.47792e-05 4.16421e-05 6.79289e-05 0.000107629 0.00016573 0.000248132 0.000361373 0.000512129 0.000706467 0.000948875 0.00124116 0.00158136 0.00196295 0.00237458 0.00280056 0.00322239 0.00362088 0.00397864 0.00428211 0.0045226 0.00469603 0.0048015 0.0048395 0.00481032 0.00471344 0.00454815 0.00431512 0.00401826 0.00366607 0.00327189 0.00285291 0.00242815 0.00201602 0.00163226 0.00128842 0.000991373 0.000743478 0.000543357 0.000386909 0.000268374 0.000181285 0.000119217 7.62971e-05 4.74982e-05 2.87494e-05 1.69091e-05 9.65818e-06 5.35412e-06 2.87903e-06 1.50086e-06 7.58181e-07 3.7102e-07 1.75837e-07 8.06985e-08 3.58641e-08 1.54363e-08 6.43575e-09 2.59988e-09 1.01803e-09 3.8654e-10 1.42381e-10 5.09034e-11 1.76724e-11 5.96108e-12 1.95464e-12 6.23384e-13 1.93473e-13 5.84646e-14 1.72108e-14 4.93838e-15 1.38272e-15 3.82246e-16 
3.08829e-16 2.84586e-16 8.82474e-16 3.36282e-15 1.26781e-14 4.65054e-14 1.65714e-13 5.73255e-13 1.92406e-12 6.26216e-12 1.9752e-11 6.03439e-11 1.78461e-10 5.10628e-10 1.41283e-09 3.77822e-09 9.76127e-09 2.43548e-08 5.86668e-08 1.36409e-07 3.0612e-07 6.63072e-07 1.38651e-06 2.79977e-06 5.46212e-06 1.03016e-05 1.87958e-05 3.32033e-05 5.68373e-05 9.43586e-05 0.000152046 0.00023798 0.000362045 0.000535669 0.000771197 0.00108085 0.00147525 0.00196164 0.00254185 0.00321053 0.0039538 0.00474902 0.00556604 0.00636994 0.00712519 0.00780003 0.00837014 0.00882034 0.0091439 0.00933988 0.00940958 0.00935364 0.00917099 0.00885994 0.00842118 0.00786124 0.00719515 0.006447 0.00564828 0.00483421 0.00403942 0.003294 0.00262073 0.00203386 0.00153934 0.00113597 0.000817147 0.000572805 0.000391142 0.000260079 0.000168313 0.000105959 6.48483e-05 3.85586e-05 2.2259e-05 1.24669e-05 6.77026e-06 3.56286e-06 1.81609e-06 8.96346e-07 4.28269e-07 1.98071e-07 8.86755e-08 3.84347e-08 1.61318e-08 6.55872e-09 2.58403e-09 9.86977e-10 3.65641e-10 1.3145e-10 4.58827e-11 1.55581e-11 5.12768e-12 1.64353e-12 5.12581e-13 1.55636e-13 4.60309e-14 1.32686e-14 3.73208e-15 1.03692e-15 
8.23633e-16 7.76814e-16 2.41411e-15 9.15137e-15 3.43018e-14 1.2508e-13 4.43008e-13 1.52304e-12 5.07972e-12 1.64263e-11 5.14707e-11 1.56187e-10 4.58718e-10 1.30322e-09 3.57952e-09 9.50052e-09 2.43548e-08 6.02783e-08 1.4399e-07 3.31893e-07 7.38079e-07 1.58361e-06 3.27867e-06 6.55215e-06 1.26446e-05 2.35793e-05 4.25192e-05 7.42053e-05 0.000125453 0.00020565 0.00032717 0.000505578 0.000759469 0.00110979 0.0015785 0.00218656 0.00295119 0.00388273 0.00498133 0.00623404 0.007613 0.00907544 0.0105663 0.0120231 0.0133837 0.0145933 0.0156107 0.0164111 0.0169844 0.0173303 0.0174517 0.0173501 0.0170234 0.0164678 0.0156834 0.0146802 0.0134832 0.0121334 0.0106853 0.00920055 0.007741 0.0063613 0.0051041 0.00399758 0.00305534 0.00227811 0.00165651 0.00117422 0.000811053 0.0005456 0.000357253 0.000227548 0.000140882 8.47216e-05 4.94489e-05 2.79911e-05 1.53562e-05 8.16013e-06 4.19811e-06 2.09031e-06 1.00712e-06 4.69507e-07 2.11795e-07 9.24658e-08 3.90799e-08 1.5995e-08 6.34235e-09 2.43755e-09 9.08466e-10 3.28507e-10 1.15317e-10 3.93189e-11 1.30288e-11 4.19802e-12 1.31602e-12 4.01601e-13 1.19364e-13 3.45738e-14 9.77116e-15 2.72924e-15 
2.13205e-15 2.05705e-15 6.40278e-15 2.41382e-14 8.99304e-14 3.259e-13 1.14698e-12 3.91782e-12 1.29807e-11 4.16927e-11 1.2974e-10 3.90917e-10 1.13982e-09 3.21422e-09 8.76122e-09 2.30714e-08 5.86668e-08 1.4399e-07 3.40989e-07 7.78926e-07 1.71606e-06 3.64614e-06 7.47225e-06 1.47742e-05 2.81959e-05 5.19713e-05 9.25906e-05 0.000159583 0.000266346 0.000430916 0.000676502 0.00103157 0.00152922 0.00220565 0.00309752 0.00423821 0.00565317 0.00735472 0.00933697 0.0115717 0.014006 0.0165633 0.0191484 0.0216561 0.0239831 0.0260405 0.027763 0.0291129 0.0300763 0.0306552 0.030856 0.0306815 0.0301277 0.029187 0.0278572 0.0261525 0.0241113 0.0217992 0.0193049 0.016731 0.0141814 0.0117505 0.00951391 0.00752456 0.00581119 0.0043807 0.00322202 0.00231105 0.00161567 0.00110025 0.000729338 0.000470249 0.000294669 0.000179297 0.000105846 6.05746e-05 3.3582e-05 1.80244e-05 9.3616e-06 4.70369e-06 2.28588e-06 1.07444e-06 4.88502e-07 2.1488e-07 9.14757e-08 3.77014e-08 1.50502e-08 5.82194e-09 2.18355e-09 7.94439e-10 2.80546e-10 9.62135e-11 3.2063e-11 1.03885e-11 3.27433e-12 1.00451e-12 3.00111e-13 8.73689e-14 2.4816e-14 6.97006e-15 
5.35706e-15 5.28435e-15 1.6464e-14 6.17113e-14 2.28469e-13 8.22616e-13 2.87604e-12 9.75762e-12 3.21062e-11 1.02394e-10 3.16329e-10 9.46074e-10 2.73763e-09 7.66004e-09 2.07133e-08 5.40994e-08 1.36409e-07 3.31893e-07 7.78926e-07 1.7628e-06 3.84624e-06 8.09029e-06 1.64068e-05 3.20861e-05 6.05385e-05 0.000110262 0.000194017 0.000330119 0.000543718 0.000867817 0.00134377 0.00202086 0.00295469 0.00420396 0.00582565 0.00786863 0.0103662 0.0133281 0.0167337 0.0205263 0.0246114 0.0288596 0.0331149 0.03721 0.0409839 0.0443011 0.0470646 0.0492212 0.0507548 0.0516725 0.0519872 0.0517042 0.050816 0.0493082 0.0471735 0.0444291 0.0411299 0.0373742 0.0332978 0.0290607 0.0248284 0.0207547 0.0169673 0.0135597 0.0105885 0.00807529 0.00601162 0.00436595 0.00309127 0.0021323 0.00143171 0.000934926 0.000593202 0.000365356 0.00021823 0.000126307 7.0782e-05 3.83833e-05 2.0132e-05 1.02101e-05 5.00622e-06 2.3732e-06 1.08782e-06 4.82271e-07 2.06859e-07 8.58794e-08 3.4525e-08 1.34471e-08 5.07698e-09 1.85912e-09 6.60667e-10 2.2797e-10 7.64264e-11 2.49073e-11 7.89536e-12 2.43568e-12 7.31658e-13 2.14136e-13 6.11423e-14 1.72728e-14 
1.30663e-14 1.31693e-14 4.10462e-14 1.52928e-13 5.62481e-13 2.01167e-12 6.98492e-12 2.35311e-11 7.68679e-11 2.43338e-10 7.46066e-10 2.21404e-09 6.35586e-09 1.76395e-08 4.73006e-08 1.22484e-07 3.0612e-07 7.38079e-07 1.71606e-06 3.84624e-06 8.30838e-06 1.72953e-05 3.46968e-05 6.70952e-05 0.000125114 0.000225106 0.000391083 0.000656696 0.00106695 0.00167929 0.00256354 0.00380029 0.00547719 0.00768305 0.0104995 0.013991 0.0181934 0.0231039 0.0286711 0.0347901 0.0413017 0.0479992 0.0546427 0.0609809 0.0667788 0.0718427 0.0760391 0.0792992 0.0816088 0.0829854 0.0834526 0.0830195 0.0816733 0.0793884 0.0761473 0.0719666 0.0669183 0.0611391 0.0548238 0.0482068 0.0415365 0.0350493 0.0289487 0.0233912 0.0184806 0.0142681 0.0107579 0.00791586 0.00567983 0.00397069 0.00270195 0.00178784 0.00114911 0.000716665 0.000433274 0.000253692 0.000143753 7.87829e-05 4.17408e-05 2.13742e-05 1.05773e-05 5.05866e-06 2.33856e-06 1.04528e-06 4.51903e-07 1.8905e-07 7.65663e-08 3.0037e-08 1.14201e-08 4.21045e-09 1.5062e-09 5.23096e-10 1.76474e-10 5.78667e-11 1.84532e-11 5.72602e-12 1.72986e-12 5.09097e-13 1.46159e-13 4.15398e-14 
3.09393e-14 3.18403e-14 9.92231e-14 3.67376e-13 1.34212e-12 4.76669e-12 1.64329e-11 5.49546e-11 1.78168e-10 5.59673e-10 1.70237e-09 5.01104e-09 1.42657e-08 3.92542e-08 1.04342e-07 2.67769e-07 6.63072e-07 1.58361e-06 3.64614e-06 8.09029e-06 1.72953e-05 3.56176e-05 7.06608e-05 0.000135066 0.000248841 0.00044213 0.000758167 0.00125597 0.00201227 0.00312195 0.00469647 0.00685969 0.00974068 0.0134634 0.018134 0.0238255 0.0305636 0.038313 0.0469677 0.0563471 0.0661994 0.0762136 0.0860422 0.0953324 0.103762 0.111075 0.1171 0.121759 0.125046 0.126998 0.127654 0.127029 0.125104 0.121834 0.117184 0.111164 0.103858 0.0954419 0.0861754 0.0763803 0.0664064 0.056596 0.0472546 0.0386297 0.0308984 0.0241651 0.0184652 0.0137743 0.0100216 0.00710434 0.00490178 0.00328798 0.00214163 0.00135301 0.000828211 0.000490749 0.000281268 0.000155836 8.34295e-05 4.315e-05 2.15586e-05 1.04059e-05 4.85333e-06 2.18797e-06 9.53789e-07 4.02227e-07 1.64179e-07 6.48971e-08 2.48565e-08 9.23017e-09 3.325e-09 1.16263e-09 3.94829e-10 1.30302e-10 4.18131e-11 1.30538e-11 3.96704e-12 1.17425e-12 3.39036e-13 9.69612e-14 
7.11279e-14 7.46881e-14 2.32589e-13 8.55625e-13 3.10414e-12 1.09458e-11 3.7457e-11 1.24313e-10 3.99892e-10 1.24609e-09 3.75903e-09 1.09713e-08 3.09622e-08 8.44377e-08 2.22391e-07 5.65359e-07 1.38651e-06 3.27867e-06 7.47225e-06 1.64068e-05 3.46968e-05 7.06608e-05 0.000138574 0.000261731 0.000476262 0.000835377 0.00141349 0.00230935 0.00364733 0.00557592 0.00826275 0.0118858 0.0166209 0.0226252 0.0300193 0.0388673 0.0491592 0.060797 0.0735871 0.0872405 0.101383 0.115576 0.129347 0.142233 0.153825 0.163805 0.171978 0.178265 0.182684 0.185297 0.186169 0.185321 0.182723 0.178308 0.172012 0.163825 0.153834 0.142243 0.129374 0.115639 0.101498 0.0874159 0.073825 0.0610922 0.0495007 0.0392398 0.0304053 0.023007 0.0169822 0.0122139 0.00854873 0.00581542 0.00384008 0.00245838 0.00152415 0.000914238 0.000530167 0.000297056 0.000160757 8.40084e-05 4.23923e-05 2.06592e-05 9.7253e-06 4.42388e-06 1.94533e-06 8.27335e-07 3.40479e-07 1.35662e-07 5.23647e-08 1.95921e-08 7.10955e-09 2.50369e-09 8.56154e-10 2.84452e-10 9.18759e-11 2.88652e-11 8.82613e-12 2.62817e-12 7.63269e-13 2.19697e-13 
1.58771e-13 1.69981e-13 5.28737e-13 1.93223e-12 6.9602e-12 2.43628e-11 8.27392e-11 2.72451e-10 8.6936e-10 2.68649e-09 8.03488e-09 2.32445e-08 6.50044e-08 1.75625e-07 4.58137e-07 1.15324e-06 2.79977e-06 6.55215e-06 1.47742e-05 3.20861e-05 6.70952e-05 0.000135066 0.000261731 0.00048828 0.000877233 0.00151849 0.00253439 0.00408242 0.00635403 0.00956871 0.0139628 0.0197736 0.027219 0.0364747 0.0476505 0.060768 0.0757426 0.0923726 0.110338 0.129208 0.148462 0.167521 0.185788 0.202695 0.21776 0.230627 0.241094 0.249103 0.254707 0.25801 0.259103 0.258021 0.254719 0.2491 0.241059 0.230551 0.217645 0.202558 0.185653 0.167417 0.148413 0.129234 0.11045 0.0925734 0.0760252 0.0611186 0.0480493 0.036899 0.0276457 0.0201815 0.0143348 0.00989323 0.00662509 0.00429927 0.00270055 0.00164038 0.000962811 0.000545763 0.000298664 0.000157763 8.04412e-05 3.95971e-05 1.88224e-05 8.64304e-06 3.83556e-06 1.64578e-06 6.83164e-07 2.74493e-07 1.06817e-07 4.02818e-08 1.47298e-08 5.22587e-09 1.79993e-09 6.02199e-10 1.95824e-10 6.19265e-11 1.90555e-11 5.70904e-12 1.66798e-12 4.83283e-13 
3.44137e-13 3.75351e-13 1.16572e-12 4.23139e-12 1.51321e-11 5.25707e-11 1.77154e-10 5.78678e-10 1.83121e-09 5.61035e-09 1.66315e-08 4.76753e-08 1.32074e-07 3.53375e-07 9.12635e-07 2.27379e-06 5.46212e-06 1.26446e-05 2.81959e-05 6.05385e-05 0.000125114 0.000248841 0.000476262 0.000877233 0.00155541 0.0026561 0.00437136 0.00694022 0.010642 0.0157821 0.0226708 0.0315974 0.0428008 0.0564406 0.0725715 0.0911215 0.11188 0.134494 0.15848 0.183241 0.208103 0.232352 0.255284 0.276261 0.294762 0.310428 0.323079 0.332703 0.339406 0.343343 0.34464 0.343341 0.33939 0.33265 0.322967 0.310245 0.294509 0.275955 0.254954 0.232033 0.207831 0.183048 0.158388 0.134517 0.112021 0.0913731 0.0729162 0.0568539 0.0432541 0.0320615 0.0231191 0.0161929 0.0110004 0.00723845 0.00460813 0.00283548 0.00168511 0.000966723 0.000535193 0.000285889 0.000147359 7.3303e-05 3.52012e-05 1.63247e-05 7.31433e-06 3.16784e-06 1.32691e-06 5.37841e-07 2.11083e-07 8.02592e-08 2.95829e-08 1.05767e-08 3.67012e-09 1.23677e-09 4.0498e-10 1.28931e-10 3.99314e-11 1.20386e-11 3.5388e-12 1.03224e-12 
7.24311e-13 8.04189e-13 2.49274e-12 8.98665e-12 3.1903e-11 1.09995e-10 3.6775e-10 1.19147e-09 3.73848e-09 1.13534e-08 3.33511e-08 9.47063e-08 2.59817e-07 6.88202e-07 1.75901e-06 4.33586e-06 1.03016e-05 2.35793e-05 5.19713e-05 0.000110262 0.000225106 0.00044213 0.000835377 0.00151849 0.0026561 0.00447279 0.00725623 0.0113513 0.0171432 0.0250298 0.0353865 0.0485272 0.0646675 0.0838933 0.106138 0.131173 0.158601 0.187876 0.218326 0.249184 0.279637 0.308871 0.336123 0.360736 0.382205 0.400213 0.414642 0.42555 0.433111 0.437536 0.438988 0.437525 0.433073 0.425458 0.41447 0.399942 0.381832 0.360276 0.335604 0.308332 0.279121 0.248731 0.217972 0.18765 0.158518 0.131239 0.106344 0.084219 0.0650838 0.0489998 0.03588 0.0255116 0.0175866 0.0117378 0.00757586 0.00472392 0.00284369 0.00165179 0.000925528 0.0005002 0.00026076 0.000131147 6.36544e-05 2.98272e-05 1.34991e-05 5.90369e-06 2.49631e-06 1.02112e-06 4.04307e-07 1.55045e-07 5.76208e-08 2.07653e-08 7.26094e-09 2.46494e-09 8.12894e-10 2.60573e-10 8.12352e-11 2.46467e-11 7.28997e-12 2.14092e-12 
1.48029e-12 1.67166e-12 5.17e-12 1.8511e-11 6.52329e-11 2.23193e-10 7.40292e-10 2.37868e-09 7.39965e-09 2.22719e-08 6.48195e-08 1.823e-07 4.95147e-07 1.29803e-06 3.28236e-06 8.00181e-06 1.87958e-05 4.25192e-05 9.25906e-05 0.000194017 0.000391083 0.000758167 0.00141349 0.00253439 0.00437136 0.00725623 0.0115997 0.0178741 0.0265797 0.0381981 0.0531388 0.0716876 0.0939659 0.119905 0.149237 0.181502 0.21607 0.252175 0.288953 0.325496 0.360898 0.394309 0.424978 0.452297 0.475842 0.495391 0.510922 0.522584 0.530626 0.535317 0.536853 0.535303 0.530582 0.522479 0.510725 0.495077 0.475402 0.451738 0.424323 0.393595 0.360167 0.324793 0.288324 0.251661 0.215705 0.181306 0.149217 0.120054 0.0942615 0.0720971 0.0536226 0.0387143 0.027089 0.0183441 0.0120077 0.00759041 0.00463028 0.00272441 0.00154577 0.000845629 0.000446076 0.000226941 0.000111384 5.27594e-05 2.41291e-05 1.06601e-05 4.55186e-06 1.87964e-06 7.51046e-07 2.90554e-07 1.08898e-07 3.95646e-08 1.3943e-08 4.769e-09 1.58411e-09 5.11312e-10 1.60467e-10 4.89978e-11 1.45828e-11 4.31203e-12 
2.93746e-12 3.37112e-12 1.03999e-11 3.69819e-11 1.2937e-10 4.39261e-10 1.44537e-09 4.60573e-09 1.42039e-08 4.23675e-08 1.22151e-07 3.40194e-07 9.14648e-07 2.37254e-06 5.93401e-06 1.43026e-05 3.32033e-05 7.42053e-05 0.000159583 0.000330119 0.000656696 0.00125597 0.00230935 0.00408242 0.00694022 0.0113513 0.0178741 0.0271209 0.0397007 0.0561472 0.076846 0.101974 0.131463 0.164994 0.202012 0.241768 0.283367 0.325827 0.368131 0.409289 0.448382 0.484608 0.517312 0.546015 0.570433 0.590483 0.606268 0.618033 0.626102 0.630792 0.632327 0.630785 0.626071 0.617946 0.606092 0.590189 0.570002 0.545445 0.516616 0.483811 0.44752 0.408403 0.36727 0.325041 0.282704 0.241266 0.201699 0.164882 0.131547 0.102232 0.0772437 0.056639 0.0402368 0.0276539 0.0183649 0.0117735 0.00728115 0.00434175 0.00249564 0.00138266 0.000738393 0.000380174 0.000188767 9.04229e-05 4.18054e-05 1.86639e-05 8.05037e-06 3.35677e-06 1.35385e-06 5.2848e-07 1.99783e-07 7.31864e-08 2.59964e-08 8.95935e-09 2.99768e-09 9.7433e-10 3.07822e-10 9.45942e-11 2.83287e-11 8.43392e-12 
5.65925e-12 6.59469e-12 2.02895e-11 7.16587e-11 2.48854e-10 8.38547e-10 2.73736e-09 8.65064e-09 2.64481e-08 7.81787e-08 2.23279e-07 6.15738e-07 1.63854e-06 4.20495e-06 1.04005e-05 2.47792e-05 5.68373e-05 0.000125453 0.000266346 0.000543718 0.00106695 0.00201227 0.00364733 0.00635403 0.010642 0.0171432 0.0265797 0.0397007 0.0571943 0.0795871 0.107155 0.13986 0.177337 0.218918 0.263692 0.310586 0.358449 0.406127 0.452527 0.496668 0.53772 0.575022 0.608101 0.636673 0.66064 0.680086 0.695242 0.706449 0.714091 0.718517 0.719968 0.718525 0.71409 0.70641 0.695131 0.679871 0.660298 0.636188 0.607474 0.574262 0.536847 0.495715 0.451534 0.405144 0.35753 0.309785 0.263056 0.218485 0.177129 0.139877 0.107378 0.0799776 0.0576983 0.0402583 0.0271339 0.0176488 0.0110702 0.006693 0.00389935 0.00218889 0.00118397 0.000617178 0.000310141 0.000150294 7.02663e-05 3.17091e-05 1.38192e-05 5.8196e-06 2.36956e-06 9.3341e-07 3.55942e-07 1.31481e-07 4.70755e-08 1.63477e-08 5.50955e-09 1.80322e-09 5.73485e-10 1.77356e-10 5.3442e-11 1.60189e-11 
1.05841e-11 1.25128e-11 3.83862e-11 1.34663e-10 4.64299e-10 1.55279e-09 5.02922e-09 1.57632e-08 4.77807e-08 1.3997e-07 3.96006e-07 1.08135e-06 2.84807e-06 7.23066e-06 1.76843e-05 4.16421e-05 9.43586e-05 0.00020565 0.000430916 0.000867817 0.00167929 0.00312195 0.00557592 0.00956871 0.0157821 0.0250298 0.0381981 0.0561472 0.0795871 0.10895 0.144292 0.185246 0.231041 0.280581 0.332564 0.385603 0.438344 0.489548 0.538154 0.583303 0.624356 0.660886 0.692664 0.719643 0.741934 0.759785 0.773548 0.783639 0.790476 0.794421 0.795718 0.794448 0.790515 0.783665 0.773531 0.759692 0.741738 0.719322 0.692204 0.660279 0.623604 0.582418 0.537162 0.488488 0.437265 0.384565 0.331629 0.279812 0.230489 0.184947 0.144255 0.109155 0.0799863 0.0566748 0.0387812 0.0256024 0.0162948 0.00999322 0.00590364 0.0033592 0.00184104 0.000972004 0.000494494 0.00024249 0.00011467 5.23161e-05 2.30401e-05 9.80042e-06 4.0288e-06 1.60158e-06 6.16082e-07 2.29472e-07 8.28139e-08 2.89764e-08 9.83633e-09 3.24153e-09 1.0377e-09 3.22939e-10 9.79037e-11 2.95434e-11 
1.92128e-11 2.30241e-11 7.042e-11 2.45412e-10 8.40183e-10 2.78918e-09 8.96403e-09 2.78693e-08 8.37618e-08 2.43199e-07 6.81672e-07 1.84328e-06 4.80532e-06 1.20694e-05 2.91886e-05 6.79289e-05 0.000152046 0.00032717 0.000676502 0.00134377 0.00256354 0.00469647 0.00826275 0.0139628 0.0226708 0.0353865 0.0531388 0.076846 0.107155 0.144292 0.187975 0.237391 0.291284 0.348092 0.406132 0.463766 0.519534 0.572235 0.620959 0.665085 0.704255 0.738335 0.767378 0.79158 0.811252 0.826785 0.838621 0.847217 0.853002 0.856328 0.857426 0.856372 0.85308 0.847308 0.838701 0.826827 0.811228 0.791464 0.767145 0.737965 0.703729 0.664395 0.620108 0.571239 0.518427 0.462599 0.404973 0.34702 0.290382 0.236733 0.187609 0.144232 0.107372 0.0772777 0.0537025 0.0359968 0.0232554 0.0144723 0.0086727 0.00500383 0.00277956 0.00148672 0.000765883 0.00038012 0.000181838 8.38805e-05 3.73322e-05 1.604e-05 6.65714e-06 2.67063e-06 1.03626e-06 3.89168e-07 1.41552e-07 4.98997e-08 1.70598e-08 5.66016e-09 1.8237e-09 5.71053e-10 1.74159e-10 5.29019e-11 
3.38444e-11 4.10779e-11 1.25249e-10 4.33674e-10 1.47449e-09 4.85965e-09 1.55004e-08 4.78098e-08 1.42501e-07 4.10145e-07 1.13911e-06 3.05066e-06 7.87278e-06 1.95649e-05 4.67911e-05 0.000107629 0.00023798 0.000505578 0.00103157 0.00202086 0.00380029 0.00685969 0.0118858 0.0197736 0.0315974 0.0485272 0.0716876 0.101974 0.13986 0.185246 0.237391 0.294955 0.356154 0.418978 0.481432 0.541734 0.598452 0.650555 0.697405 0.738707 0.774442 0.804796 0.830096 0.850762 0.867263 0.880095 0.889748 0.896687 0.901323 0.903978 0.904859 0.904034 0.901429 0.896829 0.889909 0.880255 0.867399 0.850847 0.830104 0.804696 0.774202 0.738299 0.696806 0.649755 0.597457 0.540573 0.480163 0.417687 0.354947 0.293941 0.236664 0.184862 0.139824 0.102241 0.0721746 0.0491345 0.0322305 0.0203593 0.0123794 0.00724403 0.0040793 0.00221082 0.00115338 0.000579412 0.000280396 0.000130778 5.88185e-05 2.55251e-05 1.06947e-05 4.32917e-06 1.69422e-06 6.41453e-07 2.35121e-07 8.34937e-08 2.87443e-08 9.60028e-09 3.11277e-09 9.80582e-10 3.00805e-10 9.19624e-11 
5.78435e-11 7.10466e-11 2.15943e-10 7.43014e-10 2.50935e-09 8.21241e-09 2.6002e-08 7.95837e-08 2.35287e-07 6.71447e-07 1.84817e-06 4.90315e-06 1.25285e-05 3.08117e-05 7.28851e-05 0.00016573 0.000362045 0.000759469 0.00152922 0.00295469 0.00547719 0.00974068 0.0166209 0.027219 0.0428008 0.0646675 0.0939659 0.131463 0.177337 0.231041 0.291284 0.356154 0.423358 0.490513 0.555432 0.616337 0.671965 0.721581 0.764907 0.80203 0.833282 0.859154 0.88021 0.897041 0.910225 0.920307 0.927787 0.933105 0.936628 0.938638 0.939308 0.938699 0.936747 0.933275 0.927999 0.920548 0.910479 0.897289 0.880426 0.859305 0.833331 0.801933 0.764622 0.721067 0.671198 0.615314 0.554187 0.489121 0.421933 0.354834 0.290204 0.230306 0.176997 0.131503 0.0943154 0.0652225 0.0434489 0.0278631 0.0171928 0.0102049 0.00582606 0.0031994 0.00169034 0.000859453 0.000420719 0.00019838 9.01526e-05 3.95095e-05 1.6709e-05 6.82377e-06 2.69294e-06 1.0277e-06 3.79545e-07 1.35746e-07 4.70511e-08 1.58161e-08 5.15972e-09 1.63493e-09 5.04381e-10 1.5517e-10 
9.5893e-11 1.19094e-10 3.60838e-10 1.23404e-09 4.14072e-09 1.34597e-08 4.23131e-08 1.28541e-07 3.77049e-07 1.06713e-06 2.91182e-06 7.65445e-06 1.93706e-05 4.71567e-05 0.000110361 0.000248132 0.000535669 0.00110979 0.00220565 0.00420396 0.00768305 0.0134634 0.0226252 0.0364747 0.0564406 0.0838933 0.119905 0.164994 0.218918 0.280581 0.348092 0.418978 0.490513 0.56007 0.625429 0.684971 0.737737 0.78338 0.822036 0.854173 0.880452 0.901615 0.918402 0.93151 0.941566 0.949117 0.954634 0.958509 0.961054 0.962498 0.962984 0.962558 0.961171 0.958683 0.954863 0.949395 0.941886 0.931861 0.918765 0.901962 0.880747 0.854366 0.82207 0.783194 0.737273 0.684191 0.624332 0.558706 0.488988 0.417441 0.34671 0.279505 0.218248 0.164757 0.120059 0.0843425 0.0570623 0.0371508 0.023263 0.0140054 0.00810573 0.00450992 0.00241268 0.00124141 0.000614602 0.000292923 0.000134476 5.95038e-05 2.53948e-05 1.04606e-05 4.16193e-06 1.6006e-06 5.95457e-07 2.14446e-07 7.48189e-08 2.53074e-08 8.30508e-09 2.64647e-09 8.20912e-10 2.54087e-10 
1.54156e-10 1.93432e-10 5.84241e-10 1.98642e-09 6.62394e-09 2.13915e-08 6.67893e-08 2.0144e-07 5.86425e-07 1.64653e-06 4.45522e-06 1.16084e-05 2.91038e-05 7.01576e-05 0.000162494 0.000361373 0.000771197 0.0015785 0.00309752 0.00582565 0.0104995 0.018134 0.0300193 0.0476505 0.0725715 0.106138 0.149237 0.202012 0.263692 0.332564 0.406132 0.481432 0.555432 0.625429 0.689339 0.745849 0.794407 0.835105 0.86849 0.895379 0.916698 0.933365 0.946225 0.956014 0.963355 0.96876 0.972643 0.975333 0.977082 0.978071 0.978405 0.978122 0.977187 0.975492 0.972859 0.969035 0.96369 0.956405 0.946663 0.933833 0.917165 0.895801 0.868804 0.835235 0.794272 0.745377 0.688491 0.624216 0.553935 0.479791 0.404532 0.331191 0.262695 0.201471 0.149149 0.106429 0.0731202 0.0483247 0.0307031 0.0187457 0.0109962 0.00619731 0.00335624 0.00174711 0.000874558 0.000421194 0.000195281 8.72186e-05 3.75522e-05 1.55977e-05 6.25479e-06 2.42343e-06 9.07926e-07 3.29162e-07 1.15569e-07 3.93257e-08 1.2979e-08 4.15826e-09 1.29662e-09 4.03674e-10 
