0.000781673 0.000792618 0.000829717 0.000893614 0.000985243 0.00110589 0.0012572 0.0014411 0.00165982 0.00191583 0.0022118 0.00255054 0.00293495 0.00336799 0.00385254 0.00439141 0.00498718 0.00564221 0.00635848 0.00713754 0.00798046 0.00888769 0.00985903 0.0108936 0.0119896 0.0131446 0.0143552 0.015617 0.016925 0.018273 0.0196541 0.0210606 0.022484 0.0239152 0.0253443 0.026761 0.0281548 0.0295148 0.0308299 0.0320892 0.0332819 0.0343975 0.0354261 0.0363582 0.0371853 0.0378995 0.0384941 0.0389634 0.0393029 0.0395092 0.0395805 0.039516 0.0393164 0.0389836 0.038521 0.037933 0.0372252 0.0364044 0.0354785 0.0344558 0.0333459 0.0321586 0.0309045 0.0295942 0.0282388 0.026849 0.025436 0.0240101 0.0225817 0.0211606 0.0197558 0.0183759 0.0170286 0.0157208 0.0144586 0.0132472 0.0120908 0.0109929 0.00995599 0.00898188 0.00807149 0.00722506 0.00644217 0.0057218 0.00506245 0.00446216 0.00391864 0.00342933 0.00299148 0.00260221 0.00225862 0.00195782 0.00169702 0.00147356 0.00128498 0.00112908 0.00100389 0.000907795 0.000839486 0.000798098 
0.000792618 0.000803731 0.000841368 0.000906183 0.000999119 0.00112149 0.00127494 0.00146144 0.00168325 0.00194286 0.00224297 0.00258644 0.00297621 0.00341524 0.00390649 0.00445276 0.00505669 0.00572064 0.00644661 0.00723618 0.00809041 0.00900974 0.00999397 0.0110422 0.0121526 0.0133226 0.0145489 0.015827 0.0171517 0.0185169 0.0199155 0.0213397 0.022781 0.0242299 0.0256767 0.0271109 0.0285218 0.0298983 0.0312293 0.0325038 0.0337109 0.0348398 0.0358806 0.0368238 0.0376607 0.0383833 0.0389849 0.0394597 0.0398031 0.0400118 0.0400839 0.0400186 0.0398166 0.0394798 0.0390117 0.0384166 0.0377004 0.0368699 0.0359328 0.0348979 0.0337746 0.0325731 0.0313037 0.0299775 0.0286055 0.0271987 0.0257682 0.0243247 0.0228786 0.0214396 0.0200172 0.0186199 0.0172554 0.0159309 0.0146525 0.0134254 0.012254 0.0111417 0.0100912 0.00910425 0.00818178 0.00732406 0.00653068 0.00580061 0.00513234 0.00452389 0.00397296 0.00347696 0.00303308 0.00263845 0.0022901 0.00198513 0.00172071 0.00149414 0.00130293 0.00114485 0.00101791 0.000920476 0.000851216 0.000809257 
0.000829717 0.000841368 0.000880722 0.000948456 0.00104555 0.00117337 0.00133361 0.00152833 0.00175986 0.00203079 0.0023439 0.00270216 0.00310861 0.0035663 0.00407828 0.00464744 0.0052765 0.00596787 0.0067236 0.00754529 0.00843399 0.00939015 0.0104135 0.011503 0.0126569 0.0138724 0.0151459 0.0164729 0.0178479 0.0192645 0.0207154 0.0221925 0.0236868 0.0251888 0.0266882 0.0281742 0.0296357 0.0310614 0.0324396 0.0337591 0.0350085 0.0361769 0.0372539 0.0382298 0.0390955 0.0398429 0.0404651 0.0409561 0.0413111 0.0415269 0.0416012 0.0415335 0.0413244 0.0409759 0.0404915 0.0398757 0.0391346 0.0382751 0.0373054 0.0362342 0.0350715 0.0338275 0.0325133 0.0311399 0.0297188 0.0282614 0.0267792 0.0252831 0.0237841 0.0222921 0.0208169 0.0193674 0.0179517 0.016577 0.0152499 0.0139756 0.0127589 0.0116033 0.0105115 0.00948552 0.0085263 0.00763416 0.0068087 0.00604891 0.00535323 0.00471967 0.00414584 0.00362907 0.00316651 0.00275515 0.00239197 0.00207393 0.00179811 0.00156174 0.00136223 0.00119726 0.00106478 0.000963088 0.000890808 0.000847034 
0.000893614 0.000906183 0.000948456 0.00102115 0.00112531 0.00126238 0.00143416 0.00164283 0.00189084 0.00218094 0.00251608 0.00289937 0.00333401 0.00382324 0.00437022 0.00497801 0.00564943 0.006387 0.00719283 0.00806856 0.00901524 0.0100333 0.0111223 0.0122812 0.013508 0.0147996 0.0161522 0.017561 0.0190201 0.0205227 0.022061 0.0236265 0.0252095 0.0268 0.0283872 0.0299596 0.0315056 0.0330131 0.03447 0.0358644 0.0371844 0.0384184 0.0395557 0.0405859 0.0414996 0.0422884 0.0429448 0.0434627 0.0438371 0.0440645 0.0441426 0.0440709 0.04385 0.043482 0.0429704 0.0423203 0.0415378 0.0406301 0.0396059 0.0384745 0.037246 0.0359315 0.0345423 0.0330902 0.0315873 0.0300456 0.0284771 0.0268935 0.025306 0.0237255 0.0221622 0.0206255 0.019124 0.0176654 0.0162566 0.0149035 0.0136108 0.0123825 0.0112215 0.01013 0.00910901 0.008159 0.00727959 0.00646976 0.00572793 0.00505202 0.00443955 0.00388775 0.0033936 0.00295398 0.00256567 0.00222551 0.0019304 0.00167741 0.00146382 0.00128716 0.00114527 0.00103635 0.00095894 0.000912082 
0.000985243 0.000999119 0.00104555 0.00112531 0.00123953 0.00138976 0.00157795 0.00180645 0.00207789 0.00239523 0.00276164 0.00318046 0.00365511 0.00418904 0.00478565 0.00544815 0.00617956 0.0069825 0.00785919 0.0088113 0.0098399 0.0109453 0.0121271 0.0133838 0.0147133 0.0161123 0.0175765 0.0191005 0.020678 0.0223016 0.0239628 0.0256524 0.0273601 0.029075 0.0307855 0.0324792 0.0341437 0.0357661 0.0373334 0.0388328 0.0402517 0.0415779 0.0427996 0.0439059 0.0448869 0.0457335 0.0464379 0.0469935 0.047395 0.0476386 0.0477222 0.0476448 0.0474073 0.0470119 0.0464625 0.0457641 0.0449235 0.0439485 0.0428479 0.0416319 0.0403114 0.0388979 0.0374036 0.0358413 0.0342236 0.0325635 0.0308738 0.029167 0.0274554 0.0257505 0.0240633 0.0224039 0.0207817 0.019205 0.0176813 0.0162169 0.0148172 0.0134864 0.0122278 0.0110438 0.00993562 0.00890385 0.00794818 0.00706758 0.00626044 0.00552458 0.00485739 0.00425593 0.00371702 0.00323729 0.00281334 0.00244177 0.00211926 0.00184266 0.00160904 0.00141576 0.0012605 0.00114129 0.00105659 0.00100534 
0.00110589 0.00112149 0.00117337 0.00126238 0.00138976 0.00155721 0.00176687 0.00202128 0.00232336 0.00267629 0.00308354 0.00354873 0.00407558 0.00466782 0.0053291 0.0060629 0.00687241 0.00776044 0.00872931 0.00978076 0.0109158 0.0121347 0.0134369 0.0148206 0.0162834 0.0178215 0.0194302 0.0211034 0.0228342 0.0246144 0.0264347 0.0282848 0.0301537 0.0320293 0.0338989 0.0357492 0.0375667 0.0393373 0.041047 0.0426818 0.0442282 0.045673 0.0470035 0.0482079 0.0492756 0.0501966 0.0509628 0.0515668 0.0520032 0.0522678 0.0523582 0.0522736 0.0520148 0.0515842 0.0509859 0.0502255 0.0493101 0.0482482 0.0470493 0.0457244 0.0442851 0.0427441 0.0411144 0.0394097 0.0376439 0.035831 0.0339849 0.0321192 0.0302472 0.0283815 0.026534 0.024716 0.0229376 0.021208 0.0195354 0.0179269 0.0163884 0.0149247 0.0135394 0.0122353 0.0110139 0.00987585 0.00882103 0.00784839 0.00695625 0.00614232 0.00540386 0.00473769 0.0041404 0.00360836 0.0031379 0.00272531 0.00236701 0.00205956 0.00179978 0.00158477 0.00141201 0.00127936 0.00118511 0.00112813 
0.0012572 0.00127494 0.00133361 0.00143416 0.00157795 0.00176687 0.00200327 0.00228998 0.00263018 0.00302741 0.00348546 0.00400831 0.00460003 0.00526469 0.00600627 0.00682853 0.0077349 0.0087284 0.00981147 0.0109859 0.0122527 0.013612 0.0150629 0.0166036 0.018231 0.0199408 0.0217277 0.0235849 0.0255046 0.0274776 0.0294936 0.0315413 0.0336083 0.0356814 0.0377467 0.0397894 0.0417946 0.0437471 0.0456314 0.0474324 0.0491351 0.0507253 0.052189 0.0535137 0.0546874 0.0556997 0.0565414 0.0572048 0.0576839 0.0579741 0.058073 0.0579794 0.0576945 0.0572207 0.0565627 0.0557263 0.0547193 0.053551 0.0522317 0.0507733 0.0491885 0.047491 0.0456952 0.0438159 0.0418683 0.0398678 0.0378296 0.0357686 0.0336993 0.0316358 0.0295912 0.0275779 0.0256071 0.0236891 0.0218331 0.0200468 0.018337 0.0167091 0.0151673 0.0137148 0.0123533 0.0110839 0.00990629 0.00881964 0.00782216 0.00691146 0.00608456 0.00533807 0.00466829 0.00407127 0.00354298 0.0030794 0.00267657 0.00233073 0.00203837 0.00179631 0.00160176 0.00145235 0.00134621 0.00128208 
0.0014411 0.00146144 0.00152833 0.00164283 0.00180645 0.00202128 0.00228998 0.00261564 0.00300184 0.00345248 0.00397175 0.00456406 0.00523387 0.00598568 0.00682382 0.00775239 0.00877512 0.00989523 0.0111153 0.0124372 0.0138618 0.0153892 0.0170183 0.0187466 0.0205707 0.0224857 0.0244854 0.0265622 0.0287071 0.0309099 0.0331592 0.0354421 0.0377449 0.040053 0.0423507 0.044622 0.0468503 0.0490186 0.0511102 0.0531082 0.0549964 0.0567588 0.0583805 0.0598475 0.0611469 0.0622672 0.0631984 0.0639321 0.0644617 0.0647823 0.064891 0.064787 0.0644711 0.0639463 0.0632174 0.062291 0.0611756 0.0598812 0.0584192 0.0568025 0.0550452 0.0531622 0.0511693 0.0490828 0.0469194 0.0446961 0.0424295 0.0401363 0.0378325 0.0355336 0.0332543 0.0310083 0.0288082 0.0266655 0.0245905 0.022592 0.0206776 0.0188535 0.0171246 0.0154944 0.0139652 0.0125382 0.0112135 0.00999009 0.00886619 0.00783925 0.00690609 0.00606304 0.00530605 0.00463081 0.0040329 0.00350788 0.00305138 0.00265925 0.0023276 0.0020529 0.00183204 0.00166241 0.00154192 0.00146918 
0.00165982 0.00168325 0.00175986 0.00189084 0.00207789 0.00232336 0.00263018 0.00300184 0.0034423 0.00395592 0.00454736 0.00522148 0.00598325 0.00683759 0.00778928 0.00884279 0.0100022 0.0112709 0.0126516 0.0141463 0.0157559 0.0174801 0.0193174 0.0212652 0.0233191 0.0254736 0.0277215 0.0300543 0.0324617 0.0349321 0.0374527 0.0400092 0.0425861 0.045167 0.0477347 0.0502713 0.0527582 0.0551768 0.0575085 0.0597347 0.0618375 0.0637993 0.0656037 0.0672353 0.06868 0.0699251 0.0709597 0.0717746 0.0723625 0.0727181 0.0728384 0.0727221 0.0723705 0.0717866 0.0709759 0.0699455 0.0687047 0.0672645 0.0656375 0.0638378 0.0618808 0.059783 0.0575618 0.0552352 0.0528216 0.0503398 0.0478083 0.0452455 0.0426692 0.0400967 0.0375444 0.0350276 0.0325605 0.0301561 0.0278257 0.0255796 0.0234264 0.0213731 0.0194253 0.0175874 0.015862 0.0142505 0.0127533 0.0113695 0.0100973 0.00893387 0.00787587 0.0069193 0.00605973 0.00529243 0.00461254 0.00401513 0.00349537 0.00304865 0.00267065 0.00235742 0.00210552 0.00191201 0.00177458 0.00169166 
0.00191583 0.00194286 0.00203079 0.00218094 0.00239523 0.00267629 0.00302741 0.00345248 0.00395592 0.0045426 0.0052177 0.00598662 0.00685485 0.00782785 0.00891084 0.0101087 0.0114259 0.0128661 0.0144321 0.016126 0.0179485 0.0198991 0.021976 0.0241758 0.0264936 0.0289228 0.0314554 0.0340814 0.0367892 0.0395658 0.0423967 0.0452656 0.0481554 0.0510478 0.0539233 0.0567621 0.0595436 0.0622471 0.0648519 0.0673377 0.0696843 0.0718727 0.0738846 0.0757031 0.0773127 0.0786994 0.0798513 0.0807582 0.0814123 0.0818076 0.0819408 0.0818107 0.0814185 0.0807677 0.0798641 0.0787157 0.0773326 0.0757269 0.0739125 0.0719048 0.0697209 0.067379 0.0648982 0.0622984 0.0596 0.0568237 0.0539903 0.05112 0.0482328 0.045348 0.0424838 0.0396574 0.0368849 0.0341806 0.0315578 0.0290279 0.0266006 0.0242842 0.0220851 0.0200083 0.018057 0.0162332 0.0145373 0.0129686 0.0115252 0.0102042 0.009002 0.00791418 0.00693595 0.0060621 0.00528724 0.00460594 0.00401284 0.0035028 0.003071 0.00271305 0.0024251 0.00220387 0.00204675 0.00195201 
0.0022118 0.00224297 0.0023439 0.00251608 0.00276164 0.00308354 0.00348546 0.00397175 0.00454736 0.0052177 0.00598853 0.00686587 0.0078558 0.0089643 0.0101972 0.0115597 0.0130567 0.0146922 0.0164691 0.0183894 0.0204538 0.0226614 0.02501 0.0274955 0.0301121 0.0328523 0.0357067 0.038664 0.041711 0.0448331 0.0480136 0.0512346 0.0544766 0.0577192 0.0609407 0.064119 0.0672312 0.0702544 0.0731655 0.0759421 0.0785619 0.0810039 0.0832481 0.0852756 0.0870695 0.0886146 0.0898975 0.0909073 0.0916352 0.0920749 0.0922226 0.092077 0.0916395 0.0909138 0.0899064 0.0886261 0.0870839 0.0852931 0.0832689 0.0810285 0.0785906 0.0759751 0.0732033 0.0702971 0.0672791 0.0641723 0.0609996 0.0577837 0.0545467 0.0513102 0.0480947 0.0449194 0.0418022 0.0387596 0.0358063 0.0329554 0.0302181 0.0276037 0.0251197 0.022772 0.0205644 0.0184993 0.0165776 0.0147985 0.0131602 0.0116597 0.010293 0.00905545 0.00794173 0.00694613 0.00606271 0.00528545 0.00460841 0.00402585 0.00353242 0.00312322 0.00279393 0.00254091 0.00236123 0.00225295 
0.00255054 0.00258644 0.00270216 0.00289937 0.00318046 0.00354873 0.00400831 0.00456406 0.00522148 0.00598662 0.00686587 0.00786591 0.00899344 0.0102551 0.0116572 0.0132055 0.0149053 0.0167607 0.0187749 0.0209499 0.0232861 0.0257823 0.0284356 0.0312413 0.0341926 0.0372808 0.0404949 0.0438223 0.047248 0.0507552 0.0543254 0.0579383 0.0615722 0.0652041 0.06881 0.0723651 0.0758442 0.0792217 0.0824722 0.0855707 0.0884928 0.0912154 0.0937162 0.0959748 0.0979723 0.0996922 0.10112 0.102243 0.103053 0.103541 0.103705 0.103542 0.103054 0.102246 0.101124 0.0996981 0.0979802 0.0959849 0.093729 0.0912312 0.0885122 0.085594 0.0824999 0.0792542 0.0758819 0.0724084 0.0688591 0.0652591 0.0616334 0.0580056 0.0543988 0.0508346 0.0473332 0.0439129 0.0405905 0.0373808 0.0342965 0.0313484 0.0285452 0.0258935 0.0233982 0.0210621 0.0188863 0.0168705 0.0150128 0.0133099 0.0117577 0.0103511 0.00908431 0.00795109 0.00694487 0.00605899 0.00528687 0.00462215 0.00405884 0.00359151 0.00321534 0.00292623 0.00272095 0.0025973 
0.00293495 0.00297621 0.00310861 0.00333401 0.00365511 0.00407558 0.00460003 0.00523387 0.00598325 0.00685485 0.0078558 0.00899344 0.0102752 0.0117083 0.0132998 0.0150558 0.0169821 0.019083 0.0213619 0.0238207 0.0264595 0.0292767 0.0322687 0.0354299 0.0387524 0.0422261 0.0458386 0.0495754 0.0534195 0.057352 0.0613521 0.0653971 0.0694626 0.073523 0.0775516 0.0815208 0.0854027 0.0891689 0.0927915 0.0962428 0.099496 0.102526 0.105307 0.107818 0.110038 0.111949 0.113535 0.114782 0.115681 0.116223 0.116404 0.116222 0.11568 0.114781 0.113534 0.111949 0.110039 0.10782 0.105311 0.102531 0.0995046 0.0962548 0.0928075 0.0891896 0.0854285 0.0815522 0.077589 0.0735668 0.069513 0.0654543 0.0614162 0.057423 0.0534971 0.0496594 0.0459286 0.0423216 0.0388529 0.0355346 0.032377 0.0293876 0.0265723 0.0239345 0.0214758 0.019196 0.0170933 0.0151644 0.0134048 0.0118091 0.010371 0.00908361 0.00793971 0.00693198 0.00605313 0.00529611 0.00465429 0.00412161 0.00369271 0.00336302 0.00312894 0.00298801 
0.00336799 0.00341524 0.0035663 0.00382324 0.00418904 0.00466782 0.00526469 0.00598568 0.00683759 0.00782785 0.0089643 0.0102551 0.0117083 0.013332 0.0151337 0.0171202 0.0192974 0.0216702 0.0242419 0.0270143 0.0299872 0.0331584 0.0365237 0.0400764 0.0438072 0.0477046 0.0517545 0.0559403 0.0602429 0.0646411 0.0691115 0.0736285 0.0781653 0.0826931 0.0871823 0.0916025 0.0959226 0.100112 0.104138 0.107973 0.111585 0.114948 0.118034 0.120818 0.123279 0.125397 0.127154 0.128535 0.129529 0.130129 0.130329 0.130127 0.129526 0.12853 0.127147 0.125389 0.123271 0.12081 0.118026 0.114942 0.111582 0.107972 0.104141 0.100119 0.0959346 0.0916201 0.0872061 0.0827236 0.0782029 0.0736736 0.0691642 0.0647016 0.060311 0.0560159 0.0518372 0.047794 0.0439028 0.0401774 0.0366295 0.0332681 0.0300997 0.0271288 0.0243574 0.0217856 0.0194118 0.0172325 0.015243 0.0134374 0.011809 0.0103502 0.00905313 0.00790976 0.00691203 0.00605216 0.00532279 0.00471721 0.00422946 0.00385449 0.00358825 0.00342805 
0.00385254 0.00390649 0.00407828 0.00437022 0.00478565 0.0053291 0.00600627 0.00682382 0.00778928 0.00891084 0.0101972 0.0116572 0.0132998 0.0151337 0.017167 0.0194073 0.0218607 0.0245324 0.0274256 0.0305421 0.0338812 0.0374402 0.0412139 0.0451942 0.0493709 0.0537304 0.0582568 0.0629314 0.0677326 0.0726366 0.0776173 0.0826462 0.0876933 0.0927269 0.0977142 0.102621 0.107415 0.112059 0.116522 0.120768 0.124767 0.128488 0.131901 0.134979 0.137699 0.140039 0.141979 0.143504 0.144601 0.145263 0.145483 0.145259 0.144594 0.143493 0.141965 0.140023 0.137682 0.134961 0.131882 0.128469 0.12475 0.120753 0.116509 0.112051 0.107411 0.102623 0.0977223 0.092742 0.087716 0.082677 0.0776565 0.0726845 0.0677891 0.0629965 0.0583304 0.0538119 0.0494598 0.04529 0.0413156 0.0375471 0.0339923 0.0306563 0.0275419 0.0246495 0.0219776 0.0195229 0.0172802 0.0152434 0.013405 0.011757 0.0102908 0.00899751 0.00786829 0.00689458 0.00606826 0.00538192 0.00482895 0.00440377 0.00410189 0.00392033 
0.00439141 0.00445276 0.00464744 0.00497801 0.00544815 0.0060629 0.00682853 0.00775239 0.00884279 0.0101087 0.0115597 0.0132055 0.0150558 0.0171202 0.0194073 0.0219252 0.0246805 0.0276785 0.0309226 0.034414 0.0381519 0.0421326 0.0463499 0.0507945 0.0554545 0.0603146 0.0653566 0.0705593 0.0758989 0.0813484 0.0868789 0.0924587 0.0980546 0.103631 0.109153 0.114583 0.119882 0.125015 0.129943 0.134631 0.139042 0.143145 0.146906 0.150298 0.153293 0.155869 0.158004 0.159682 0.160889 0.161616 0.161858 0.161611 0.160879 0.159666 0.157984 0.155845 0.153266 0.150268 0.146874 0.143112 0.13901 0.134599 0.129914 0.124989 0.119861 0.114567 0.109143 0.103629 0.0980601 0.0924729 0.0869023 0.0813815 0.0759416 0.0706119 0.0654188 0.0603862 0.055535 0.0508833 0.046446 0.0422353 0.0382601 0.0345267 0.0310384 0.0277964 0.0247991 0.0220433 0.0195237 0.0172337 0.0151653 0.0133099 0.011658 0.0102 0.0089263 0.00782739 0.00689441 0.00611916 0.00549438 0.0050139 0.00467276 0.00446767 
0.00498718 0.00505669 0.0052765 0.00564943 0.00617956 0.00687241 0.0077349 0.00877512 0.0100022 0.0114259 0.0130567 0.0149053 0.0169821 0.0192974 0.0218607 0.0246805 0.0277638 0.0311159 0.0347403 0.0386379 0.0428072 0.0472436 0.0519399 0.0568852 0.0620658 0.0674645 0.0730606 0.0788305 0.0847474 0.0907814 0.0969002 0.103069 0.109251 0.115407 0.121499 0.127484 0.133323 0.138974 0.144396 0.149551 0.1544 0.158907 0.163038 0.166761 0.170047 0.172872 0.175214 0.177053 0.178376 0.179173 0.179436 0.179165 0.178362 0.177032 0.175186 0.172839 0.170009 0.166718 0.162992 0.158859 0.154351 0.149502 0.144348 0.138928 0.133282 0.127448 0.121469 0.115385 0.109237 0.103064 0.0969056 0.0907973 0.0847741 0.0788683 0.0731094 0.067524 0.0621358 0.056965 0.0520286 0.0473405 0.042911 0.0387476 0.0348546 0.0312335 0.0278832 0.0248004 0.0219797 0.0194142 0.0170954 0.0150138 0.0131594 0.0115216 0.01009 0.00885427 0.00780461 0.00693208 0.0062287 0.00568766 0.00530354 0.00507269 
0.00564221 0.00572064 0.00596787 0.006387 0.0069825 0.00776044 0.0087284 0.00989523 0.0112709 0.0128661 0.0146922 0.0167607 0.019083 0.0216702 0.0245324 0.0276785 0.0311159 0.0348502 0.0388845 0.0432193 0.0478525 0.0527785 0.0579887 0.0634707 0.0692087 0.0751833 0.0813713 0.0877464 0.0942785 0.100935 0.107679 0.114473 0.121277 0.128047 0.134742 0.141315 0.147723 0.153921 0.159865 0.165512 0.170822 0.175754 0.180273 0.184344 0.187936 0.191023 0.19358 0.195589 0.197033 0.197902 0.19819 0.197893 0.197015 0.195561 0.193544 0.190979 0.187885 0.184287 0.180211 0.175689 0.170754 0.165444 0.159797 0.153855 0.14766 0.141257 0.13469 0.128003 0.121241 0.114447 0.107664 0.100931 0.0942868 0.087767 0.0814043 0.0752286 0.0692659 0.0635393 0.058068 0.0528676 0.0479502 0.0433245 0.0389957 0.0349661 0.031235 0.0277991 0.0246531 0.0217895 0.0191995 0.0168729 0.0147988 0.0129659 0.0113628 0.00997835 0.00880183 0.00782345 0.0070345 0.00642755 0.00599663 0.00573775 
0.00635848 0.00644661 0.0067236 0.00719283 0.00785919 0.00872931 0.00981147 0.0111153 0.0126516 0.0144321 0.0164691 0.0187749 0.0213619 0.0242419 0.0274256 0.0309226 0.0347403 0.0388845 0.0433579 0.0481608 0.05329 0.0587389 0.0644973 0.0705511 0.0768824 0.0834692 0.0902858 0.0973025 0.104486 0.111801 0.119206 0.126661 0.13412 0.141537 0.148865 0.156056 0.163062 0.169833 0.176323 0.182486 0.188277 0.193654 0.198577 0.203011 0.206922 0.210282 0.213064 0.215249 0.21682 0.217765 0.218076 0.217753 0.216797 0.215215 0.21302 0.210227 0.206859 0.20294 0.1985 0.193571 0.18819 0.182397 0.176234 0.169745 0.162976 0.155975 0.148789 0.141468 0.13406 0.126611 0.119168 0.111775 0.104474 0.0973035 0.0903006 0.0834979 0.0769247 0.0706065 0.0645652 0.0588183 0.0533798 0.0482598 0.0434646 0.0389973 0.0348578 0.0310429 0.0275472 0.024363 0.0214809 0.0188902 0.0165792 0.0145357 0.0127474 0.0112022 0.00988844 0.00879554 0.00791398 0.00723565 0.00675406 0.00646484 
0.00713754 0.00723618 0.00754529 0.00806856 0.0088113 0.00978076 0.0109859 0.0124372 0.0141463 0.016126 0.0183894 0.0209499 0.0238207 0.0270143 0.0305421 0.034414 0.0386379 0.0432193 0.0481608 0.0534618 0.0591184 0.0651226 0.0714625 0.0781222 0.0850812 0.0923151 0.0997951 0.107488 0.115358 0.123365 0.131465 0.139612 0.147757 0.155852 0.163843 0.171679 0.179308 0.186677 0.193735 0.200433 0.206724 0.212562 0.217906 0.222715 0.226957 0.230598 0.233614 0.235981 0.237682 0.238705 0.239042 0.238691 0.237654 0.23594 0.23356 0.230533 0.22688 0.222629 0.217811 0.212461 0.206617 0.200323 0.193622 0.186564 0.179196 0.171572 0.163741 0.155757 0.147672 0.139537 0.131402 0.123315 0.115323 0.107467 0.0997893 0.0923248 0.0851062 0.0781621 0.0715168 0.0651903 0.0591984 0.0535529 0.0482613 0.0433277 0.0387524 0.0345328 0.0306633 0.0271361 0.0239413 0.0210676 0.0185024 0.0162329 0.0142456 0.0125275 0.0110662 0.00985003 0.00886876 0.00811357 0.0075774 0.00725551 
0.00798046 0.00809041 0.00843399 0.00901524 0.0098399 0.0109158 0.0122527 0.0138618 0.0157559 0.0179485 0.0204538 0.0232861 0.0264595 0.0299872 0.0338812 0.0381519 0.0428072 0.0478525 0.05329 0.0591184 0.0653326 0.0719232 0.0788766 0.0861745 0.0937941 0.101708 0.109884 0.118287 0.126875 0.135606 0.14443 0.1533 0.162161 0.170959 0.179639 0.188144 0.196419 0.204406 0.212052 0.219304 0.226111 0.232424 0.2382 0.243397 0.247978 0.25191 0.255164 0.257719 0.259554 0.260657 0.26102 0.260641 0.259522 0.257671 0.255102 0.251833 0.247888 0.243295 0.238088 0.232303 0.225983 0.219171 0.211915 0.204268 0.196281 0.18801 0.179509 0.170836 0.162047 0.153197 0.14434 0.135529 0.126814 0.118241 0.109856 0.101696 0.0937995 0.0861967 0.0789151 0.0719771 0.0654008 0.0591995 0.0533825 0.0479547 0.0429172 0.0382678 0.034001 0.0301087 0.0265808 0.0234053 0.0205691 0.018058 0.0158581 0.0139552 0.012336 0.0109879 0.00989986 0.00906234 0.0084677 0.00811082 
0.00888769 0.00900974 0.00939015 0.0100333 0.0109453 0.0121347 0.013612 0.0153892 0.0174801 0.0198991 0.0226614 0.0257823 0.0292767 0.0331584 0.0374402 0.0421326 0.0472436 0.0527785 0.0587389 0.0651226 0.0719232 0.0791298 0.0867267 0.0946934 0.103004 0.111629 0.120532 0.129674 0.13901 0.148493 0.15807 0.167688 0.17729 0.186816 0.196207 0.205403 0.214343 0.222967 0.231217 0.239037 0.246372 0.253173 0.259392 0.264984 0.269912 0.27414 0.277639 0.280384 0.282356 0.283541 0.283931 0.283522 0.282319 0.280329 0.277567 0.274052 0.269808 0.264867 0.259261 0.253032 0.246222 0.238879 0.231055 0.222802 0.214177 0.20524 0.196048 0.186664 0.177146 0.167556 0.15795 0.148387 0.138921 0.129602 0.120478 0.111593 0.102988 0.0946956 0.0867472 0.0791678 0.0719775 0.0651919 0.0588217 0.0528729 0.0473477 0.0422442 0.0375572 0.0332786 0.0293978 0.0259023 0.0227782 0.0200107 0.0175848 0.0154853 0.013698 0.0122094 0.0110076 0.0100823 0.00942537 0.00903121 
0.00985903 0.00999397 0.0104135 0.0111223 0.0121271 0.0134369 0.0150629 0.0170183 0.0193174 0.021976 0.02501 0.0284356 0.0322687 0.0365237 0.0412139 0.0463499 0.0519399 0.0579887 0.0644973 0.0714625 0.0788766 0.0867267 0.0949951 0.103659 0.112689 0.122052 0.13171 0.141617 0.151728 0.161988 0.172343 0.182733 0.193097 0.203371 0.213493 0.223396 0.233017 0.242292 0.251159 0.259558 0.267433 0.27473 0.281398 0.287393 0.292673 0.297202 0.300948 0.303887 0.305997 0.307265 0.307682 0.307244 0.305956 0.303825 0.300867 0.297102 0.292556 0.287259 0.28125 0.274568 0.267261 0.259377 0.250971 0.2421 0.232823 0.223203 0.213303 0.203188 0.192922 0.182569 0.172192 0.161852 0.151609 0.141517 0.131628 0.121991 0.112648 0.103639 0.0949954 0.0867466 0.078915 0.0715181 0.0645685 0.0580735 0.0520363 0.0464557 0.0413268 0.0366413 0.0323886 0.0285555 0.0251275 0.022089 0.019424 0.0171165 0.0151512 0.0135138 0.0121914 0.0111731 0.0104501 0.0100165 
0.0108936 0.0110422 0.011503 0.0122812 0.0133838 0.0148206 0.0166036 0.0187466 0.0212652 0.0241758 0.0274955 0.0312413 0.0354299 0.0400764 0.0451942 0.0507945 0.0568852 0.0634707 0.0705511 0.0781222 0.0861745 0.0946934 0.103659 0.113044 0.122819 0.132946 0.143382 0.15408 0.164987 0.176047 0.187199 0.19838 0.209524 0.220564 0.23143 0.242054 0.252368 0.262305 0.271798 0.280785 0.289206 0.297004 0.304127 0.310528 0.316163 0.320995 0.324991 0.328124 0.330374 0.331725 0.332169 0.331702 0.330328 0.328056 0.324901 0.320884 0.316032 0.310379 0.303961 0.296822 0.289011 0.280579 0.271584 0.262085 0.252146 0.241831 0.231209 0.220348 0.209317 0.198183 0.187015 0.175879 0.164836 0.153948 0.143271 0.132857 0.122753 0.113 0.103637 0.0946931 0.086195 0.0781621 0.0706088 0.0635443 0.0569725 0.0508932 0.0453017 0.0401902 0.0355474 0.03136 0.0276129 0.0242895 0.021373 0.0188465 0.0166937 0.0148995 0.01345 0.0123336 0.011541 0.0110656 
0.0119896 0.0121526 0.0126569 0.013508 0.0147133 0.0162834 0.018231 0.0205707 0.0233191 0.0264936 0.0301121 0.0341926 0.0387524 0.0438072 0.0493709 0.0554545 0.0620658 0.0692087 0.0768824 0.0850812 0.0937941 0.103004 0.112689 0.122819 0.133361 0.144272 0.155508 0.167015 0.178738 0.190615 0.202581 0.214568 0.226506 0.238323 0.249945 0.2613 0.272315 0.28292 0.293045 0.302623 0.311594 0.319896 0.327476 0.334284 0.340275 0.34541 0.349656 0.352984 0.355373 0.356808 0.357279 0.356782 0.355323 0.352909 0.349557 0.345288 0.340131 0.334119 0.327292 0.319695 0.311377 0.302394 0.292805 0.282673 0.272063 0.261046 0.249692 0.238074 0.226265 0.214337 0.202363 0.190413 0.178554 0.166851 0.155366 0.144154 0.133266 0.122749 0.112643 0.102982 0.0937948 0.0851036 0.0769249 0.0692693 0.0621423 0.0555444 0.0494716 0.0439159 0.0388664 0.0343092 0.0302285 0.0266072 0.0234275 0.0206717 0.0183225 0.0163638 0.014781 0.0135618 0.012696 0.012177 
0.0131446 0.0133226 0.0138724 0.0147996 0.0161123 0.0178215 0.0199408 0.0224857 0.0254736 0.0289228 0.0328523 0.0372808 0.0422261 0.0477046 0.0537304 0.0603146 0.0674645 0.0751833 0.0834692 0.0923151 0.101708 0.111629 0.122052 0.132946 0.144272 0.155987 0.168038 0.180371 0.192924 0.205631 0.218423 0.231227 0.243969 0.25657 0.268955 0.281046 0.292766 0.304042 0.3148 0.324971 0.334491 0.343296 0.351332 0.358546 0.364891 0.370328 0.374822 0.378344 0.380871 0.382388 0.382886 0.382361 0.380816 0.378262 0.374714 0.370195 0.364734 0.358366 0.351131 0.343076 0.334252 0.324718 0.314534 0.303767 0.292485 0.280761 0.26867 0.256289 0.243694 0.230962 0.218171 0.205394 0.192706 0.180173 0.167863 0.155836 0.144148 0.132847 0.12198 0.111583 0.101687 0.0923182 0.0834947 0.0752293 0.0675286 0.0603943 0.0538229 0.047807 0.0423355 0.0373941 0.0329668 0.0290356 0.025582 0.0225872 0.0200333 0.0179031 0.0161812 0.0148546 0.0139125 0.0133479 
0.0143552 0.0145489 0.0151459 0.0161522 0.0175765 0.0194302 0.0217277 0.0244854 0.0277215 0.0314554 0.0357067 0.0404949 0.0458386 0.0517545 0.0582568 0.0653566 0.0730606 0.0813713 0.0902858 0.0997951 0.109884 0.120532 0.13171 0.143382 0.155508 0.168038 0.180918 0.194088 0.207481 0.221028 0.234654 0.248281 0.26183 0.27522 0.28837 0.301197 0.313622 0.325567 0.336956 0.347717 0.357782 0.367088 0.375575 0.38319 0.389886 0.395621 0.40036 0.404073 0.406737 0.408336 0.40886 0.408306 0.406678 0.403985 0.400244 0.395478 0.389717 0.382996 0.375357 0.366848 0.357524 0.347441 0.336666 0.325265 0.313312 0.300882 0.288053 0.274905 0.261521 0.247981 0.234366 0.220756 0.207228 0.193856 0.18071 0.167855 0.155352 0.143254 0.13161 0.12046 0.10984 0.0997772 0.0902927 0.0814011 0.0731109 0.0654246 0.0583398 0.0518494 0.0459422 0.0406041 0.0358183 0.0315664 0.0278291 0.0245868 0.0218206 0.0195125 0.0176463 0.0162082 0.0151869 0.0145749 
0.015617 0.015827 0.0164729 0.017561 0.0191005 0.0211034 0.0235849 0.0265622 0.0300543 0.0340814 0.038664 0.0438223 0.0495754 0.0559403 0.0629314 0.0705593 0.0788305 0.0877464 0.0973025 0.107488 0.118287 0.129674 0.141617 0.15408 0.167015 0.180371 0.194088 0.208102 0.222341 0.236731 0.251193 0.265645 0.280002 0.29418 0.308091 0.321651 0.334777 0.347385 0.359399 0.370744 0.381347 0.391145 0.400077 0.408087 0.415128 0.421156 0.426134 0.430034 0.432832 0.434511 0.435062 0.43448 0.43277 0.429942 0.426012 0.421004 0.414948 0.40788 0.399844 0.390889 0.381069 0.370446 0.359086 0.347058 0.334439 0.321306 0.307743 0.293832 0.279659 0.26531 0.25087 0.236423 0.222051 0.207834 0.193845 0.180154 0.166827 0.153921 0.141488 0.129575 0.118218 0.107448 0.0972894 0.0877585 0.0788655 0.0706144 0.0630035 0.0560264 0.0496721 0.0439262 0.0387718 0.0341898 0.0301603 0.0266629 0.0236777 0.021186 0.0191709 0.0176177 0.0165146 0.0158537 
0.016925 0.0171517 0.0178479 0.0190201 0.020678 0.0228342 0.0255046 0.0287071 0.0324617 0.0367892 0.041711 0.047248 0.0534195 0.0602429 0.0677326 0.0758989 0.0847474 0.0942785 0.104486 0.115358 0.126875 0.13901 0.151728 0.164987 0.178738 0.192924 0.207481 0.222341 0.237427 0.252661 0.267958 0.283231 0.298392 0.31335 0.328016 0.342302 0.356118 0.369382 0.382011 0.393928 0.40506 0.415341 0.424707 0.433103 0.44048 0.446793 0.452006 0.456088 0.459016 0.460773 0.461349 0.460741 0.458951 0.455991 0.451877 0.446633 0.44029 0.432885 0.424461 0.415069 0.404764 0.39361 0.381675 0.36903 0.355754 0.341928 0.327638 0.31297 0.298015 0.282861 0.267599 0.252317 0.237102 0.222037 0.207202 0.192672 0.178516 0.164796 0.151569 0.138883 0.12678 0.115294 0.104452 0.0942716 0.0847657 0.0759396 0.0677927 0.0603191 0.0535082 0.0473457 0.0418142 0.0368944 0.0325655 0.0288065 0.0255967 0.0229167 0.0207486 0.0190772 0.0178901 0.017179 
0.018273 0.0185169 0.0192645 0.0205227 0.0223016 0.0246144 0.0274776 0.0309099 0.0349321 0.0395658 0.0448331 0.0507552 0.057352 0.0646411 0.0726366 0.0813484 0.0907814 0.100935 0.111801 0.123365 0.135606 0.148493 0.161988 0.176047 0.190615 0.205631 0.221028 0.236731 0.252661 0.268732 0.284857 0.300944 0.316899 0.332628 0.348038 0.363036 0.377532 0.391436 0.404667 0.417143 0.428791 0.439541 0.44933 0.458101 0.465803 0.472392 0.477831 0.48209 0.485144 0.486976 0.487576 0.486942 0.485076 0.481988 0.477697 0.472225 0.465604 0.457871 0.449071 0.439254 0.428479 0.416807 0.40431 0.391062 0.377142 0.362636 0.347631 0.332217 0.316489 0.30054 0.284463 0.268352 0.252299 0.236391 0.220713 0.205344 0.190358 0.175823 0.161798 0.148336 0.135483 0.123276 0.111744 0.100908 0.0907819 0.0813738 0.0726836 0.0647063 0.0574318 0.0508457 0.0449307 0.0396669 0.035033 0.0310074 0.0275686 0.0246963 0.0223721 0.02058 0.0193071 0.0185447 
0.0196541 0.0199155 0.0207154 0.022061 0.0239628 0.0264347 0.0294936 0.0331592 0.0374527 0.0423967 0.0480136 0.0543254 0.0613521 0.0691115 0.0776173 0.0868789 0.0969002 0.107679 0.119206 0.131465 0.14443 0.15807 0.172343 0.187199 0.202581 0.218423 0.234654 0.251193 0.267958 0.284857 0.301798 0.318686 0.335421 0.351907 0.368046 0.38374 0.398898 0.413427 0.427242 0.44026 0.452407 0.463611 0.473808 0.482939 0.490955 0.49781 0.503467 0.507894 0.511069 0.512974 0.513598 0.512939 0.510999 0.50779 0.503328 0.497638 0.490749 0.482701 0.473539 0.463312 0.45208 0.439908 0.426866 0.413031 0.398485 0.383314 0.36761 0.351467 0.334981 0.318249 0.30137 0.284442 0.26756 0.250818 0.234303 0.218101 0.20229 0.186942 0.172121 0.157884 0.14428 0.13135 0.119125 0.107631 0.0968819 0.0868878 0.0776501 0.0691647 0.061422 0.0544079 0.0481049 0.0424929 0.0375501 0.0332541 0.029583 0.0265156 0.0240329 0.0221182 0.0207582 0.0199438 
0.0210606 0.0213397 0.0221925 0.0236265 0.0256524 0.0282848 0.0315413 0.0354421 0.0400092 0.0452656 0.0512346 0.0579383 0.0653971 0.0736285 0.0826462 0.0924587 0.103069 0.114473 0.126661 0.139612 0.1533 0.167688 0.182733 0.19838 0.214568 0.231227 0.248281 0.265645 0.283231 0.300944 0.318686 0.336357 0.353855 0.371079 0.387926 0.404297 0.420096 0.435229 0.449608 0.46315 0.475777 0.487416 0.498004 0.507482 0.515797 0.522905 0.52877 0.533358 0.536648 0.538622 0.539269 0.538586 0.536577 0.533252 0.528628 0.522729 0.515586 0.507237 0.497726 0.487107 0.475438 0.462783 0.449216 0.434814 0.419662 0.403848 0.387465 0.370611 0.353385 0.335889 0.318225 0.300494 0.282798 0.265234 0.247895 0.23087 0.214243 0.198089 0.182479 0.167471 0.153121 0.13947 0.126555 0.114403 0.103031 0.0924503 0.0826641 0.073669 0.0654563 0.058012 0.0513188 0.0453563 0.0401024 0.035534 0.0316286 0.0283644 0.0257217 0.0236833 0.0222353 0.0213684 
0.022484 0.022781 0.0236868 0.0252095 0.0273601 0.0301537 0.0336083 0.0377449 0.0425861 0.0481554 0.0544766 0.0615722 0.0694626 0.0781653 0.0876933 0.0980546 0.109251 0.121277 0.13412 0.147757 0.162161 0.17729 0.193097 0.209524 0.226506 0.243969 0.26183 0.280002 0.298392 0.316899 0.335421 0.353855 0.372094 0.390032 0.407565 0.424589 0.441006 0.45672 0.471641 0.485684 0.498769 0.510824 0.521784 0.53159 0.54019 0.547539 0.553599 0.558341 0.561739 0.563778 0.564447 0.563742 0.561667 0.558233 0.553455 0.547359 0.539975 0.53134 0.5215 0.510507 0.49842 0.485304 0.471235 0.456289 0.440553 0.424119 0.40708 0.389538 0.371596 0.353357 0.334929 0.316417 0.297925 0.279557 0.26141 0.243577 0.226147 0.2092 0.19281 0.177042 0.161953 0.147589 0.13399 0.121184 0.109193 0.0980282 0.0876954 0.0781922 0.0695104 0.0616365 0.0545532 0.0482401 0.0426746 0.0378333 0.0336931 0.0302316 0.0274284 0.0252659 0.0237296 0.0228099 
0.0239152 0.0242299 0.0251888 0.0268 0.029075 0.0320293 0.0356814 0.040053 0.045167 0.0510478 0.0577192 0.0652041 0.073523 0.0826931 0.0927269 0.103631 0.115407 0.128047 0.141537 0.155852 0.170959 0.186816 0.203371 0.220564 0.238323 0.25657 0.27522 0.29418 0.31335 0.332628 0.351907 0.371079 0.390032 0.408659 0.426851 0.444501 0.46151 0.477779 0.493215 0.507734 0.521255 0.533704 0.545016 0.555132 0.564 0.571575 0.57782 0.582705 0.586206 0.588306 0.588995 0.588269 0.586133 0.582596 0.577675 0.571394 0.563782 0.554878 0.544727 0.53338 0.520897 0.507345 0.492797 0.477333 0.46104 0.444012 0.426344 0.408141 0.389508 0.370553 0.351385 0.332115 0.312852 0.293701 0.274766 0.256145 0.23793 0.220207 0.203053 0.186538 0.170722 0.155656 0.141382 0.127932 0.115328 0.103587 0.0927128 0.082706 0.0735588 0.0652584 0.0577876 0.0511258 0.0452503 0.0401374 0.0357633 0.0321051 0.029142 0.0268557 0.0252313 0.024259 
0.0253443 0.0256767 0.0266882 0.0283872 0.0307855 0.0338989 0.0377467 0.0423507 0.0477347 0.0539233 0.0609407 0.06881 0.0775516 0.0871823 0.0977142 0.109153 0.121499 0.134742 0.148865 0.163843 0.179639 0.196207 0.213493 0.23143 0.249945 0.268955 0.28837 0.308091 0.328016 0.348038 0.368046 0.387926 0.407565 0.426851 0.445671 0.463919 0.48149 0.498285 0.514211 0.529179 0.54311 0.55593 0.567573 0.577979 0.587098 0.594884 0.601302 0.60632 0.609916 0.612073 0.612781 0.612037 0.609844 0.606212 0.601157 0.594703 0.586879 0.577724 0.567281 0.555602 0.542747 0.528783 0.513783 0.497828 0.481007 0.463413 0.445146 0.426311 0.407017 0.387374 0.367496 0.347496 0.327487 0.307581 0.287883 0.268497 0.24952 0.231041 0.213143 0.195899 0.179373 0.16362 0.148685 0.134603 0.121399 0.10909 0.0976835 0.0871808 0.077575 0.0688539 0.0610004 0.0539942 0.0478124 0.0424308 0.0378253 0.0339724 0.0308508 0.0284419 0.0267303 0.0257059 
0.026761 0.0271109 0.0281742 0.0299596 0.0324792 0.0357492 0.0397894 0.044622 0.0502713 0.0567621 0.064119 0.0723651 0.0815208 0.0916025 0.102621 0.114583 0.127484 0.141315 0.156056 0.171679 0.188144 0.205403 0.223396 0.242054 0.2613 0.281046 0.301197 0.321651 0.342302 0.363036 0.38374 0.404297 0.424589 0.444501 0.463919 0.482732 0.500835 0.518126 0.534511 0.549901 0.564216 0.577382 0.589333 0.60001 0.609361 0.617344 0.623921 0.629063 0.632747 0.634956 0.635682 0.634921 0.632675 0.628955 0.623777 0.617163 0.609143 0.599754 0.58904 0.577052 0.56385 0.549499 0.534075 0.517659 0.50034 0.482212 0.463378 0.443943 0.42402 0.403722 0.383165 0.362467 0.341744 0.321111 0.300679 0.280557 0.260844 0.241635 0.223016 0.205065 0.187851 0.17143 0.155851 0.141153 0.127363 0.1145 0.102574 0.0915863 0.0815316 0.0723982 0.0641697 0.0568256 0.050343 0.0446975 0.0398644 0.0358202 0.0325428 0.0300132 0.0282158 0.0271401 
0.0281548 0.0285218 0.0296357 0.0315056 0.0341437 0.0375667 0.0417946 0.0468503 0.0527582 0.0595436 0.0672312 0.0758442 0.0854027 0.0959226 0.107415 0.119882 0.133323 0.147723 0.163062 0.179308 0.196419 0.214343 0.233017 0.252368 0.272315 0.292766 0.313622 0.334777 0.356118 0.377532 0.398898 0.420096 0.441006 0.46151 0.48149 0.500835 0.519436 0.537191 0.554005 0.569788 0.58446 0.597947 0.610183 0.621109 0.630675 0.638838 0.645562 0.650817 0.654582 0.65684 0.657582 0.656805 0.654511 0.650711 0.64542 0.638659 0.630459 0.620855 0.609891 0.597617 0.584092 0.569383 0.553564 0.536717 0.518931 0.500303 0.480935 0.460935 0.440418 0.419499 0.398299 0.376937 0.355533 0.334208 0.313075 0.292247 0.271829 0.251919 0.232607 0.213976 0.196097 0.179032 0.162832 0.147538 0.133181 0.119781 0.10735 0.0958916 0.0854006 0.0758663 0.0672727 0.0595995 0.0528238 0.0469209 0.0418659 0.0376348 0.0342053 0.0315579 0.0296767 0.028551 
0.0295148 0.0298983 0.0310614 0.0330131 0.0357661 0.0393373 0.0437471 0.0490186 0.0551768 0.0622471 0.0702544 0.0792217 0.0891689 0.100112 0.112059 0.125015 0.138974 0.153921 0.169833 0.186677 0.204406 0.222967 0.242292 0.262305 0.28292 0.304042 0.325567 0.347385 0.369382 0.391436 0.413427 0.435229 0.45672 0.477779 0.498285 0.518126 0.537191 0.555377 0.572589 0.588735 0.603737 0.617519 0.630016 0.641171 0.650933 0.659261 0.666118 0.671476 0.675315 0.677617 0.678374 0.677583 0.675246 0.671373 0.665979 0.659085 0.65072 0.64092 0.629726 0.61719 0.603369 0.588329 0.572145 0.554899 0.536679 0.517584 0.497718 0.47719 0.456115 0.434614 0.412807 0.390818 0.368772 0.34679 0.324993 0.303494 0.282405 0.261827 0.241854 0.222573 0.204058 0.186376 0.16958 0.153714 0.138812 0.124895 0.111979 0.100066 0.089154 0.0792328 0.0702866 0.0622953 0.0552361 0.0490842 0.0438145 0.0394025 0.0358256 0.0330641 0.0311016 0.0299274 
0.0308299 0.0312293 0.0324396 0.03447 0.0373334 0.041047 0.0456314 0.0511102 0.0575085 0.0648519 0.0731655 0.0824722 0.0927915 0.104138 0.116522 0.129943 0.144396 0.159865 0.176323 0.193735 0.212052 0.231217 0.251159 0.271798 0.293045 0.3148 0.336956 0.359399 0.382011 0.404667 0.427242 0.449608 0.471641 0.493215 0.514211 0.534511 0.554005 0.572589 0.590165 0.606645 0.621948 0.635999 0.648735 0.660097 0.670038 0.678514 0.685492 0.690944 0.694848 0.69719 0.697961 0.697157 0.694782 0.690843 0.685356 0.678343 0.669829 0.659851 0.648449 0.635674 0.621582 0.60624 0.589721 0.572107 0.553488 0.533962 0.513634 0.492615 0.471022 0.448976 0.426603 0.404028 0.381378 0.35878 0.336356 0.314226 0.292503 0.271293 0.250694 0.230797 0.211679 0.19341 0.176047 0.159637 0.144214 0.129805 0.116425 0.104078 0.092764 0.0824725 0.0731885 0.0648925 0.0575615 0.0511707 0.0456948 0.0411092 0.0373908 0.0345196 0.0324792 0.0312584 
0.0320892 0.0325038 0.0337591 0.0358644 0.0388328 0.0426818 0.0474324 0.0531082 0.0597347 0.0673377 0.0759421 0.0855707 0.0962428 0.107973 0.120768 0.134631 0.149551 0.165512 0.182486 0.200433 0.219304 0.239037 0.259558 0.280785 0.302623 0.324971 0.347717 0.370744 0.393928 0.417143 0.44026 0.46315 0.485684 0.507734 0.529179 0.549901 0.569788 0.588735 0.606645 0.623429 0.639005 0.6533 0.666251 0.6778 0.687901 0.696511 0.703597 0.709132 0.713096 0.715473 0.716256 0.715441 0.713031 0.709034 0.703465 0.696344 0.687697 0.677559 0.66597 0.652979 0.638643 0.623026 0.606202 0.588253 0.569269 0.549347 0.528595 0.507124 0.485052 0.462504 0.439605 0.416485 0.393275 0.370102 0.347094 0.324374 0.302057 0.280255 0.259069 0.238592 0.218907 0.200086 0.182188 0.165264 0.14935 0.134475 0.120656 0.107899 0.0962031 0.0855603 0.075956 0.0673706 0.0597814 0.0531637 0.0474918 0.042741 0.038888 0.0359126 0.0337978 0.0325327 
0.0332819 0.0337109 0.0350085 0.0371844 0.0402517 0.0442282 0.0491351 0.0549964 0.0618375 0.0696843 0.0785619 0.0884928 0.099496 0.111585 0.124767 0.139042 0.1544 0.170822 0.188277 0.206724 0.226111 0.246372 0.267433 0.289206 0.311594 0.334491 0.357782 0.381347 0.40506 0.428791 0.452407 0.475777 0.498769 0.521255 0.54311 0.564216 0.58446 0.603737 0.621948 0.639005 0.654826 0.66934 0.682483 0.6942 0.704443 0.713171 0.720354 0.725963 0.729979 0.732388 0.733182 0.732357 0.729917 0.725869 0.720227 0.71301 0.704245 0.693964 0.682208 0.669024 0.654469 0.638605 0.621507 0.603255 0.583939 0.563659 0.54252 0.520636 0.498127 0.475118 0.451737 0.428117 0.404389 0.380686 0.357138 0.333871 0.311004 0.288652 0.266921 0.245905 0.225691 0.206355 0.187958 0.170554 0.154181 0.138871 0.12464 0.111498 0.0994446 0.0884723 0.0785671 0.0697098 0.061878 0.0550468 0.0491906 0.0442844 0.0403047 0.037231 0.0350464 0.0337395 
