8.49707e-06 8.77813e-06 9.91937e-06 1.20023e-05 1.51655e-05 1.9611e-05 2.56102e-05 3.35096e-05 4.37383e-05 5.68162e-05 7.33607e-05 9.40945e-05 0.000119851 0.000151578 0.000190338 0.000237308 0.000293769 0.000361097 0.000440743 0.000534211 0.000643027 0.000768706 0.000912703 0.00107637 0.00126091 0.00146731 0.00169629 0.00194825 0.00222322 0.00252081 0.00284016 0.00317992 0.00353824 0.00391275 0.00430055 0.00469827 0.00510211 0.00550785 0.00591096 0.00630665 0.00669 0.00705601 0.00739974 0.00771641 0.0080015 0.00825083 0.00846071 0.00862797 0.00875007 0.00882513 0.008852 0.00883028 0.00876032 0.00864321 0.00848078 0.00827552 0.00803055 0.00774953 0.00743658 0.00709619 0.00673311 0.00635228 0.00595864 0.00555713 0.00515252 0.00474935 0.00435183 0.0039638 0.00358864 0.00322927 0.0028881 0.00256702 0.00226743 0.00199021 0.00173582 0.00150427 0.0012952 0.00110795 0.000941558 0.000794874 0.000666578 0.000555243 0.000459381 0.000377485 0.000308067 0.000249684 0.000200966 0.000160631 0.000127499 0.000100502 7.86814e-05 6.11935e-05 4.73027e-05 3.63773e-05 2.78834e-05 2.13771e-05 1.64971e-05 1.29577e-05 1.05424e-05 9.10121e-06 
8.77813e-06 9.07011e-06 1.02526e-05 1.24102e-05 1.56866e-05 2.02914e-05 2.65059e-05 3.46894e-05 4.5287e-05 5.88372e-05 7.59802e-05 9.7465e-05 0.000124155 0.000157032 0.000197197 0.000245867 0.000304369 0.000374126 0.000456639 0.000553463 0.000666174 0.000796336 0.000945449 0.00111491 0.00130595 0.00151959 0.00175656 0.00201726 0.00230173 0.00260954 0.0029398 0.00329111 0.00366153 0.00404861 0.00444937 0.00486031 0.00527749 0.00569656 0.00611285 0.00652142 0.00691718 0.00729499 0.00764975 0.00797655 0.00827071 0.00852795 0.00874446 0.00891698 0.00904289 0.00912028 0.00914794 0.00912548 0.00905324 0.00893237 0.00876473 0.00855289 0.00830006 0.00801002 0.00768699 0.00733562 0.0069608 0.00656759 0.00616113 0.00574648 0.00532858 0.00491209 0.00450139 0.00410043 0.00371271 0.00334125 0.00298854 0.00265655 0.00234672 0.00205999 0.00179683 0.00155726 0.00134093 0.00114714 0.000974915 0.000823072 0.000690248 0.000574973 0.00047571 0.000390902 0.000319012 0.000258547 0.000208089 0.000166314 0.000131999 0.000104039 8.14409e-05 6.33309e-05 4.89469e-05 3.76347e-05 2.8841e-05 2.21058e-05 1.70548e-05 1.3392e-05 1.08929e-05 9.40219e-06 
9.91937e-06 1.02526e-05 1.15897e-05 1.40255e-05 1.77215e-05 2.29126e-05 2.99139e-05 3.91275e-05 5.10511e-05 6.62861e-05 8.55466e-05 0.000109667 0.000139608 0.00017646 0.000221445 0.000275911 0.000341325 0.000419257 0.00051136 0.000619344 0.000744936 0.000889845 0.00105571 0.00124403 0.00145616 0.00169316 0.00195582 0.00224455 0.00255932 0.00289964 0.00326448 0.00365226 0.00406082 0.00448743 0.00492878 0.00538104 0.00583985 0.00630044 0.00675769 0.0072062 0.0076404 0.0080547 0.00844355 0.00880157 0.0091237 0.0094053 0.00964221 0.00983091 0.00996857 0.0100531 0.0100832 0.0100584 0.00997919 0.00984671 0.00966303 0.00943093 0.00915389 0.00883601 0.0084819 0.0080966 0.00768543 0.00725392 0.00680765 0.00635217 0.00589287 0.00543487 0.00498295 0.00454147 0.00411428 0.00370473 0.00331558 0.00294902 0.00260667 0.00228961 0.00199838 0.00173305 0.00149326 0.00127828 0.00108708 0.000918368 0.000770668 0.000642379 0.000531821 0.00043729 0.000357093 0.00028959 0.000233216 0.000186508 0.000148114 0.000116807 9.14866e-05 7.11816e-05 5.5044e-05 4.23452e-05 3.24681e-05 2.48996e-05 1.92214e-05 1.51027e-05 1.22927e-05 1.06176e-05 
1.20023e-05 1.24102e-05 1.40255e-05 1.69617e-05 2.1411e-05 2.76533e-05 3.6063e-05 4.71175e-05 6.14063e-05 7.9641e-05 0.000102665 0.00013146 0.000167158 0.000211036 0.000264525 0.000329198 0.000406763 0.000499043 0.000607951 0.000735458 0.000883549 0.00105418 0.0012492 0.00147034 0.00171908 0.0019966 0.00230376 0.00264095 0.00300807 0.00340447 0.0038289 0.00427947 0.00475361 0.00524813 0.00575917 0.00628227 0.0068124 0.00734407 0.00787138 0.00838815 0.00888804 0.00936463 0.00981162 0.0102229 0.0105927 0.0109158 0.0111875 0.0114037 0.0115614 0.011658 0.0116923 0.0116636 0.0115724 0.0114202 0.0112092 0.0109425 0.0106242 0.0102589 0.00985173 0.00940851 0.00893528 0.00843832 0.00792401 0.00739869 0.00686851 0.00633938 0.00581679 0.00530577 0.0048108 0.00433576 0.00388388 0.00345776 0.00305932 0.00268986 0.0023501 0.00204017 0.00175972 0.00150798 0.00128379 0.00108571 0.000912085 0.000761079 0.000630776 0.000519218 0.000424455 0.000344589 0.000277806 0.000222404 0.000176807 0.000139581 0.000109437 8.52365e-05 6.59808e-05 5.08119e-05 3.90018e-05 2.99437e-05 2.31428e-05 1.82072e-05 1.48395e-05 1.28333e-05 
1.51655e-05 1.56866e-05 1.77215e-05 2.1411e-05 2.69935e-05 3.48153e-05 4.53389e-05 5.91529e-05 7.69829e-05 9.97027e-05 0.000128345 0.000164113 0.000208381 0.000262708 0.000328826 0.000408637 0.000504199 0.000617701 0.000751432 0.000907739 0.00108898 0.00129745 0.00153534 0.00180462 0.00210702 0.00244388 0.00281611 0.00322408 0.00366758 0.00414573 0.00465691 0.00519879 0.00576822 0.0063613 0.00697338 0.0075991 0.00823247 0.00886693 0.0094955 0.0101109 0.0107055 0.011272 0.0118028 0.0122908 0.0127293 0.0131121 0.0134338 0.0136897 0.013876 0.0139901 0.0140303 0.0139959 0.0138876 0.0137069 0.0134565 0.0131401 0.0127624 0.0123287 0.0118451 0.0113184 0.0107556 0.0101642 0.00955163 0.00892535 0.00829268 0.00766058 0.00703562 0.00642378 0.00583043 0.00526025 0.00471717 0.00420435 0.00372418 0.00327831 0.00286768 0.00249256 0.00215261 0.001847 0.00157442 0.00133323 0.00112147 0.000937023 0.000777616 0.000640928 0.000524639 0.00042648 0.000344276 0.000275977 0.00021968 0.000173651 0.000136326 0.000106316 8.24045e-05 6.35433e-05 4.884e-05 3.75502e-05 2.90656e-05 2.29038e-05 1.86985e-05 1.61954e-05 
1.9611e-05 2.02914e-05 2.29126e-05 2.76533e-05 3.48153e-05 4.48364e-05 5.83e-05 7.59473e-05 9.86903e-05 0.000127625 0.000164043 0.000209444 0.000265542 0.000334268 0.000417765 0.000518381 0.000638642 0.000781229 0.000948933 0.0011446 0.00137108 0.00163113 0.00192736 0.0022621 0.00263735 0.00305465 0.00351497 0.00401866 0.00456531 0.00515371 0.00578177 0.00644651 0.007144 0.00786941 0.008617 0.00938022 0.0101518 0.0109237 0.0116875 0.0124345 0.0131556 0.0138418 0.0144842 0.0150743 0.0156042 0.0160664 0.0164545 0.0167631 0.0169876 0.0171248 0.0171728 0.0171309 0.0169997 0.0167812 0.0164784 0.0160959 0.0156391 0.0151144 0.014529 0.0138911 0.013209 0.0124915 0.0117477 0.0109866 0.0102168 0.00944691 0.00868479 0.00793775 0.00721234 0.00651432 0.00584854 0.00521895 0.00462858 0.00407956 0.00357314 0.00310979 0.00268923 0.00231053 0.00197223 0.00167238 0.0014087 0.00117864 0.000979494 0.000808447 0.000662688 0.000539452 0.000436079 0.000350052 0.000279032 0.000220872 0.000173636 0.000135599 0.000105248 8.12732e-05 6.25586e-05 4.81711e-05 3.73474e-05 2.9481e-05 2.41106e-05 2.09165e-05 
2.56102e-05 2.65059e-05 2.99139e-05 3.6063e-05 4.53389e-05 5.83e-05 7.56892e-05 9.84486e-05 0.000127735 0.000164934 0.000211679 0.000269857 0.00034162 0.000429386 0.000535832 0.000663875 0.000816651 0.000997468 0.00120976 0.00145701 0.00174269 0.00207013 0.00244245 0.00286245 0.00333245 0.00385421 0.00442878 0.00505641 0.00573643 0.0064672 0.00724597 0.00806893 0.00893112 0.00982649 0.0107479 0.0116873 0.0126357 0.0135833 0.0145199 0.0154348 0.016317 0.0171557 0.0179402 0.0186602 0.0193062 0.0198693 0.0203418 0.0207172 0.02099 0.0211566 0.0212145 0.0211629 0.0210027 0.0207361 0.0203669 0.0199003 0.0193429 0.0187025 0.0179877 0.017208 0.0163738 0.0154957 0.0145845 0.013651 0.012706 0.0117598 0.0108219 0.00990142 0.00900642 0.00814402 0.00732027 0.00654016 0.00580754 0.00512518 0.00449479 0.00391709 0.0033919 0.00291821 0.00249434 0.00211804 0.00178659 0.00149691 0.00124573 0.00102964 0.000845193 0.000688988 0.000557743 0.000448344 0.000357881 0.000283682 0.000223324 0.000174647 0.000135747 0.000104975 8.09222e-05 6.2408e-05 4.84651e-05 3.83238e-05 3.13982e-05 2.72819e-05 
3.35096e-05 3.46894e-05 3.91275e-05 4.71175e-05 5.91529e-05 7.59473e-05 9.84486e-05 0.000127856 0.00016564 0.000213558 0.000273674 0.00034837 0.000440354 0.000552659 0.000688631 0.000851909 0.00104638 0.00127615 0.00154544 0.00185852 0.00221961 0.00263277 0.00310174 0.00362983 0.00421975 0.00487351 0.00559221 0.00637595 0.0072237 0.00813322 0.00910093 0.0101219 0.01119 0.0122975 0.0134356 0.0145943 0.0157625 0.0169283 0.0180792 0.0192021 0.0202837 0.021311 0.022271 0.0231513 0.0239404 0.0246279 0.0252043 0.0256619 0.0259943 0.0261969 0.0262669 0.0262035 0.0260074 0.0256815 0.0252303 0.0246601 0.0239787 0.0231954 0.0223207 0.021366 0.0203437 0.0192667 0.018148 0.0170008 0.0158382 0.0146727 0.0135161 0.0123794 0.0112728 0.0102049 0.00918349 0.00821472 0.00730356 0.0064536 0.00566714 0.00494526 0.00428792 0.00369409 0.00316184 0.00268854 0.00227094 0.00190539 0.00158788 0.00131428 0.00108035 0.000881915 0.000714917 0.000575489 0.000460011 0.000365143 0.000287852 0.000225422 0.000175459 0.000135878 0.000104898 8.10233e-05 6.30243e-05 4.99225e-05 4.09722e-05 3.56557e-05 
4.37383e-05 4.5287e-05 5.10511e-05 6.14063e-05 7.69829e-05 9.86903e-05 0.000127735 0.00016564 0.000214268 0.000275845 0.000352973 0.00044865 0.000566276 0.000709646 0.000882934 0.00109066 0.00133766 0.00162897 0.00196978 0.00236533 0.00282074 0.0033409 0.00393028 0.00459281 0.00533164 0.006149 0.00704601 0.00802256 0.00907711 0.0102066 0.0114065 0.0126705 0.0139907 0.0153576 0.0167602 0.0181862 0.0196221 0.0210532 0.0224642 0.0238393 0.0251625 0.0264179 0.02759 0.028664 0.0296259 0.0304633 0.0311649 0.0317215 0.0321255 0.0323715 0.0324561 0.0323782 0.0321388 0.0317414 0.0311914 0.0304962 0.0296651 0.0287094 0.0276414 0.0264751 0.0252251 0.023907 0.0225367 0.02113 0.0197028 0.0182702 0.016847 0.0154464 0.014081 0.0127616 0.0114977 0.0102972 0.00916636 0.00810984 0.00713071 0.00623055 0.00540954 0.00466664 0.00399969 0.00340562 0.0028806 0.00242025 0.00201975 0.00167405 0.001378 0.00112645 0.000914414 0.000737096 0.000590001 0.000468969 0.000370208 0.000290317 0.000226284 0.000175485 0.000135673 0.000104953 8.177e-05 6.48813e-05 5.33402e-05 4.64884e-05 
5.68162e-05 5.88372e-05 6.62861e-05 7.9641e-05 9.97027e-05 0.000127625 0.000164934 0.000213558 0.000275845 0.000354595 0.000453078 0.000575049 0.000724752 0.000906913 0.00112672 0.00138976 0.00170197 0.00206957 0.00249889 0.00299629 0.00356795 0.00421975 0.00495701 0.00578432 0.0067053 0.00772241 0.00883673 0.0100478 0.0113534 0.0127496 0.0142303 0.0157876 0.0174117 0.0190908 0.0208112 0.0225579 0.0243142 0.0260625 0.0277842 0.0294601 0.031071 0.0325978 0.034022 0.0353257 0.0364926 0.0375076 0.0383576 0.0390314 0.0395201 0.0398173 0.039919 0.0398239 0.0395333 0.0390512 0.038384 0.0375405 0.036532 0.0353715 0.034074 0.032656 0.0311351 0.0295298 0.0278593 0.0261427 0.024399 0.0226468 0.0209036 0.0191861 0.0175092 0.0158866 0.01433 0.0128493 0.0114523 0.0101451 0.00893177 0.00781445 0.00679374 0.0058686 0.00503668 0.00429444 0.00363739 0.00306031 0.00255742 0.00212263 0.00174966 0.00143224 0.00116425 0.000939771 0.00075326 0.000599555 0.000473941 0.000372172 0.000290485 0.000225591 0.000174663 0.00013532 0.000105597 8.39283e-05 6.91149e-05 6.03248e-05 
7.33607e-05 7.59802e-05 8.55466e-05 0.000102665 0.000128345 0.000164043 0.000211679 0.000273674 0.000352973 0.000453078 0.000578069 0.00073262 0.000921999 0.00115205 0.00142918 0.00176024 0.00215253 0.0026136 0.00315114 0.00377283 0.0044861 0.00529792 0.00621456 0.00724136 0.00838242 0.00964039 0.0110162 0.012509 0.0141155 0.0158306 0.0176466 0.0195536 0.0215391 0.0235888 0.0256859 0.0278119 0.0299467 0.032069 0.0341564 0.0361859 0.0381346 0.0399797 0.0416991 0.0432717 0.0446781 0.0459006 0.0469236 0.0477341 0.0483215 0.0486782 0.0487998 0.0486846 0.0483341 0.0477531 0.0469491 0.0459325 0.0447165 0.0433165 0.0417503 0.0400374 0.0381987 0.0362562 0.0342326 0.032151 0.0300341 0.0279042 0.0257826 0.0236893 0.0216429 0.0196597 0.0177544 0.0159391 0.0142239 0.0126164 0.0111218 0.00974332 0.00848194 0.00733678 0.00630528 0.00538344 0.00456605 0.00384693 0.00321922 0.00267561 0.00220853 0.00181036 0.00147364 0.00119114 0.000956048 0.000762002 0.000603174 0.000474302 0.000370709 0.000288296 0.000223534 0.000173443 0.000135563 0.000107924 8.90225e-05 7.78118e-05 
9.40945e-05 9.7465e-05 0.000109667 0.00013146 0.000164113 0.000209444 0.000269857 0.00034837 0.00044865 0.000575049 0.00073262 0.000927142 0.0011651 0.00145369 0.00180074 0.00221462 0.0027042 0.00327861 0.00394712 0.00471891 0.00560282 0.00660708 0.007739 0.0090047 0.0104088 0.011954 0.013641 0.0154682 0.0174313 0.0195236 0.0217353 0.024054 0.0264644 0.0289488 0.0314868 0.0340562 0.0366326 0.0391905 0.0417031 0.0441431 0.0464833 0.0486968 0.0507574 0.0526405 0.0543233 0.0557848 0.0570071 0.0579748 0.0586757 0.0591009 0.0592452 0.0591067 0.0586873 0.0579923 0.0570306 0.0558144 0.0543591 0.0526827 0.0508061 0.048752 0.0465452 0.0442116 0.0417782 0.0392721 0.0367205 0.0341499 0.031586 0.0290529 0.0265728 0.0241659 0.0218499 0.01964 0.0175486 0.0155853 0.0137569 0.0120678 0.0105196 0.00911165 0.00784133 0.00670413 0.00569406 0.00480394 0.00402566 0.00335051 0.00276945 0.0022733 0.00185302 0.00149986 0.00120548 0.000962122 0.000762621 0.000600502 0.000469992 0.000366018 0.000284207 0.000220852 0.000172891 0.000137869 0.00011391 9.97053e-05 
0.000119851 0.000124155 0.000139608 0.000167158 0.000208381 0.000265542 0.00034162 0.000440354 0.000566276 0.000724752 0.000921999 0.0011651 0.00146201 0.00182147 0.00225301 0.00276678 0.00337343 0.00408396 0.00490943 0.00586074 0.00694829 0.0081817 0.00956941 0.0111183 0.0128335 0.0147178 0.0167713 0.0189915 0.0213728 0.0239064 0.02658 0.0293783 0.0322826 0.0352713 0.0383199 0.0414015 0.0444872 0.0475465 0.0505477 0.0534587 0.0562473 0.0588821 0.0613325 0.0635699 0.0655674 0.0673012 0.0687501 0.0698964 0.0707261 0.0712291 0.0713991 0.071234 0.070736 0.0699114 0.0687703 0.0673269 0.0655989 0.0636073 0.0613763 0.0589325 0.0563045 0.0535229 0.050619 0.047625 0.0445729 0.0414941 0.0384191 0.0353766 0.0323935 0.0294941 0.0266998 0.0240292 0.0214977 0.0191173 0.0168969 0.0148421 0.0129555 0.0112369 0.00968361 0.00829072 0.00705142 0.00595742 0.00499924 0.00416663 0.00344883 0.00283491 0.00231401 0.00187557 0.00150953 0.00120644 0.000957584 0.000755054 0.000591769 0.000461503 0.000358866 0.000279288 0.000218983 0.000174913 0.000144751 0.000126876 
0.000151578 0.000157032 0.00017646 0.000211036 0.000262708 0.000334268 0.000429386 0.000552659 0.000709646 0.000906913 0.00115205 0.00145369 0.00182147 0.00226599 0.00279872 0.00343186 0.00417815 0.00505068 0.00606254 0.00722654 0.00855486 0.0100586 0.0117474 0.0136289 0.0157086 0.0179891 0.02047 0.0231476 0.0260143 0.0290589 0.0322663 0.0356176 0.0390901 0.0426577 0.046291 0.0499581 0.0536247 0.0572548 0.0608112 0.0642564 0.0675529 0.070664 0.0735544 0.0761911 0.0785432 0.0805831 0.0822866 0.0836336 0.084608 0.085198 0.0853966 0.0852016 0.0846154 0.083645 0.0823022 0.0806032 0.0785682 0.0762215 0.0735908 0.0707066 0.0676023 0.0643131 0.0608755 0.0573269 0.0537048 0.0500462 0.046387 0.0427611 0.0392006 0.0357345 0.0323888 0.029186 0.0261449 0.0232806 0.0206041 0.018123 0.015841 0.0137587 0.0118733 0.0101797 0.00867023 0.00733538 0.00616425 0.00514484 0.0042645 0.00351029 0.00286928 0.00232887 0.00187695 0.00150215 0.00119394 0.000942712 0.000739869 0.000577813 0.000449959 0.000350709 0.000275418 0.000220352 0.000182649 0.000160313 
0.000190338 0.000197197 0.000221445 0.000264525 0.000328826 0.000417765 0.000535832 0.000688631 0.000882934 0.00112672 0.00142918 0.00180074 0.00225301 0.00279872 0.00345159 0.00422614 0.00513752 0.00620113 0.00743236 0.00884615 0.0104566 0.0122763 0.0143161 0.0165846 0.0190874 0.0218268 0.0248015 0.028006 0.0314307 0.0350614 0.0388795 0.042862 0.0469814 0.0512066 0.0555028 0.0598321 0.0641542 0.0684271 0.0726076 0.076652 0.0805171 0.0841607 0.0875423 0.090624 0.0933707 0.095751 0.0977375 0.0993071 0.100442 0.101128 0.101359 0.10113 0.100446 0.0993137 0.0977468 0.0957636 0.0933871 0.0906448 0.0875683 0.0841924 0.0805554 0.0766976 0.072661 0.068489 0.0642249 0.0599118 0.0555916 0.0513045 0.047088 0.0429767 0.0390017 0.03519 0.0315646 0.028144 0.0249422 0.0219688 0.0192293 0.0167249 0.0144534 0.0124093 0.0105842 0.00896742 0.00754643 0.00630737 0.00523551 0.00431564 0.00353252 0.00287118 0.00231724 0.00185709 0.00147808 0.00116868 0.000918491 0.000718323 0.000560189 0.000437284 0.00034395 0.000275633 0.000228838 0.000201125 
0.000237308 0.000245867 0.000275911 0.000329198 0.000408637 0.000518381 0.000663875 0.000851909 0.00109066 0.00138976 0.00176024 0.00221462 0.00276678 0.00343186 0.00422614 0.00516682 0.00627166 0.00755874 0.00904592 0.0107505 0.0126885 0.0148742 0.0173199 0.0200345 0.0230239 0.0262897 0.0298294 0.0336355 0.0376955 0.041992 0.0465019 0.0511977 0.0560464 0.0610112 0.0660509 0.0711213 0.0761755 0.0811647 0.0860389 0.0907482 0.095243 0.0994752 0.103399 0.106971 0.110152 0.112906 0.115203 0.117017 0.118328 0.11912 0.119385 0.11912 0.118328 0.117018 0.115205 0.112909 0.110157 0.106979 0.103411 0.0994928 0.0952666 0.0907788 0.0860774 0.081212 0.0762324 0.0711883 0.0661283 0.0610991 0.0561449 0.0513062 0.0466199 0.0421185 0.0378296 0.0337757 0.0299744 0.0264378 0.0231735 0.020184 0.0174676 0.0150186 0.0128281 0.0108841 0.00917253 0.00767744 0.00638183 0.00526801 0.00431816 0.00351467 0.00284054 0.00227963 0.0018169 0.00143857 0.00113217 0.000886691 0.000692496 0.00054138 0.000426501 0.000342346 0.000284677 0.000250536 
0.000293769 0.000304369 0.000341325 0.000406763 0.000504199 0.000638642 0.000816651 0.00104638 0.00133766 0.00170197 0.00215253 0.0027042 0.00337343 0.00417815 0.00513752 0.00627166 0.00760135 0.0091475 0.0109308 0.0129708 0.0152859 0.0178921 0.0208026 0.024027 0.0275709 0.0314352 0.0356156 0.0401019 0.0448786 0.049924 0.0552102 0.0607041 0.066367 0.072155 0.0780205 0.0839119 0.089775 0.0955537 0.101191 0.10663 0.111814 0.11669 0.121205 0.125312 0.128965 0.132126 0.134759 0.136838 0.138339 0.139245 0.139548 0.139243 0.138334 0.136831 0.134752 0.132117 0.128957 0.125305 0.121201 0.11669 0.111819 0.106641 0.10121 0.0955819 0.0898132 0.0839612 0.0780815 0.0722282 0.0664525 0.0608019 0.0553197 0.0500444 0.0450091 0.040241 0.0357617 0.0315868 0.0277261 0.0241838 0.0209592 0.0180468 0.0154369 0.0131165 0.0110698 0.00927882 0.00772402 0.00638505 0.00524121 0.00427198 0.00345743 0.00277858 0.00221765 0.0017583 0.00138575 0.00108682 0.00085003 0.000665541 0.000525143 0.00042221 0.000351642 0.000309877 
0.000361097 0.000374126 0.000419257 0.000499043 0.000617701 0.000781229 0.000997468 0.00127615 0.00162897 0.00206957 0.0026136 0.00327861 0.00408396 0.00505068 0.00620113 0.00755874 0.0091475 0.0109915 0.0131143 0.0155383 0.0182838 0.0213685 0.0248068 0.0286086 0.032779 0.0373175 0.0422176 0.0474662 0.0530437 0.0589235 0.0650725 0.071451 0.0780134 0.0847089 0.091482 0.0982733 0.105021 0.111661 0.118128 0.124359 0.130291 0.135862 0.141015 0.145696 0.149857 0.153454 0.15645 0.158812 0.160516 0.161545 0.161887 0.161539 0.160506 0.158797 0.156431 0.153432 0.149833 0.145672 0.140991 0.13584 0.130273 0.124347 0.118124 0.111665 0.105036 0.0982999 0.0915214 0.0847621 0.0780808 0.0715328 0.0651685 0.0590332 0.0531661 0.0476 0.0423612 0.0374692 0.0329368 0.0287704 0.0249705 0.021532 0.0184449 0.0156952 0.0132654 0.0111353 0.00928279 0.00768461 0.00631696 0.00515609 0.00417883 0.00336303 0.00268785 0.00213408 0.00168425 0.00132281 0.00103611 0.000812456 0.000642076 0.000517059 0.000431312 0.000380578 
0.000440743 0.000456639 0.00051136 0.000607951 0.000751432 0.000948933 0.00120976 0.00154544 0.00196978 0.00249889 0.00315114 0.00394712 0.00490943 0.00606254 0.00743236 0.00904592 0.0109308 0.0131143 0.0156233 0.0184827 0.0217152 0.0253401 0.0293725 0.0338225 0.0386942 0.0439854 0.0496869 0.0557818 0.0622458 0.0690467 0.0761452 0.0834944 0.0910413 0.098727 0.106488 0.114255 0.12196 0.129529 0.13689 0.143971 0.150703 0.157017 0.16285 0.168143 0.172844 0.176903 0.180281 0.182944 0.184863 0.186021 0.186405 0.186012 0.184846 0.182919 0.18025 0.176866 0.172802 0.168098 0.162803 0.15697 0.150659 0.143932 0.136857 0.129504 0.121946 0.114254 0.1065 0.0987546 0.0910851 0.0835548 0.0762223 0.0691404 0.0623551 0.0559057 0.0498238 0.0441335 0.0388513 0.0339864 0.0295408 0.0255104 0.021885 0.0186498 0.0157857 0.0132702 0.0110785 0.00918437 0.0075606 0.00617994 0.00501569 0.00404217 0.00323515 0.00257219 0.00203286 0.00159887 0.00125416 0.000984919 0.000779594 0.000628811 0.000525346 0.000464142 
0.000534211 0.000553463 0.000619344 0.000735458 0.000907739 0.0011446 0.00145701 0.00185852 0.00236533 0.00299629 0.00377283 0.00471891 0.00586074 0.00722654 0.00884615 0.0107505 0.0129708 0.0155383 0.0184827 0.021832 0.0256109 0.0298402 0.0345355 0.0397068 0.0453568 0.0514809 0.0580665 0.0650924 0.0725286 0.0803369 0.0884704 0.0968747 0.105488 0.114243 0.123067 0.131883 0.140612 0.149173 0.157485 0.165469 0.173047 0.180146 0.186696 0.192633 0.197899 0.202444 0.206222 0.209198 0.211342 0.212634 0.213062 0.212622 0.211318 0.209163 0.206177 0.20239 0.197837 0.192565 0.186624 0.180072 0.172974 0.165398 0.15742 0.149116 0.140565 0.131849 0.123047 0.11424 0.105503 0.0969079 0.088523 0.0804089 0.0726197 0.0652014 0.058192 0.0516211 0.0455094 0.0398694 0.0347055 0.0300147 0.0257873 0.0220077 0.0186552 0.0157054 0.0131306 0.0109013 0.00898687 0.0073562 0.00597878 0.00482507 0.00386713 0.00307895 0.00243676 0.00191926 0.00150765 0.00118577 0.000940043 0.00075944 0.000635454 0.000562128 
0.000643027 0.000666174 0.000744936 0.000883549 0.00108898 0.00137108 0.00174269 0.00221961 0.00282074 0.00356795 0.0044861 0.00560282 0.00694829 0.00855486 0.0104566 0.0126885 0.0152859 0.0182838 0.0217152 0.0256109 0.0299976 0.0348974 0.0403263 0.0462932 0.0527993 0.0598369 0.0673893 0.0754299 0.0839226 0.0928219 0.102073 0.111613 0.121371 0.131269 0.141227 0.151156 0.16097 0.170578 0.179891 0.188822 0.197286 0.205204 0.2125 0.219105 0.224958 0.230004 0.234196 0.237495 0.23987 0.241301 0.241775 0.241286 0.239839 0.237449 0.234136 0.229932 0.224875 0.219013 0.2124 0.2051 0.19718 0.188717 0.17979 0.170483 0.160885 0.151084 0.141169 0.131229 0.12135 0.111613 0.102095 0.0928667 0.0839897 0.0755185 0.0674982 0.0599643 0.052943 0.0464505 0.0404944 0.0350733 0.0301782 0.0257932 0.0218963 0.018461 0.015457 0.0128513 0.0106096 0.00869684 0.00707836 0.00572047 0.00459114 0.00366047 0.00290104 0.00228816 0.00180004 0.00141785 0.00112577 0.000910926 0.000763364 0.000676112 
0.000768706 0.000796336 0.000889845 0.00105418 0.00129745 0.00163113 0.00207013 0.00263277 0.0033409 0.00421975 0.00529792 0.00660708 0.0081817 0.0100586 0.0122763 0.0148742 0.0178921 0.0213685 0.0253401 0.0298402 0.0348974 0.0405348 0.0467682 0.0536054 0.061045 0.0690756 0.0776755 0.0868121 0.0964423 0.106512 0.116959 0.127709 0.138682 0.149791 0.160944 0.172044 0.182994 0.193695 0.20405 0.213963 0.223343 0.232105 0.240168 0.247459 0.253912 0.259469 0.264082 0.26771 0.270321 0.271893 0.272412 0.271874 0.270283 0.267654 0.264008 0.259379 0.253807 0.247341 0.24004 0.231969 0.223203 0.213821 0.203909 0.19356 0.182867 0.171929 0.160844 0.149709 0.138621 0.12767 0.116945 0.106524 0.0964796 0.0868747 0.0777624 0.0691851 0.0611749 0.0537531 0.0469307 0.0407087 0.0350793 0.0300267 0.0255279 0.0215545 0.0180734 0.0150484 0.0124412 0.0102128 0.00832386 0.00673643 0.00541404 0.00432254 0.00343051 0.00270957 0.00213462 0.00168389 0.00133907 0.00108521 0.000910778 0.000807655 
0.000912703 0.000945449 0.00105571 0.0012492 0.00153534 0.00192736 0.00244245 0.00310174 0.00393028 0.00495701 0.00621456 0.007739 0.00956941 0.0117474 0.0143161 0.0173199 0.0208026 0.0248068 0.0293725 0.0345355 0.0403263 0.0467682 0.0538766 0.0616574 0.0701059 0.0792064 0.0889314 0.0992412 0.110085 0.121399 0.133112 0.145139 0.15739 0.169767 0.182168 0.194486 0.206613 0.218442 0.229867 0.240787 0.251103 0.260724 0.269565 0.27755 0.284608 0.290682 0.295718 0.299676 0.302523 0.304236 0.304801 0.304213 0.302478 0.299609 0.295629 0.290573 0.284482 0.277407 0.269408 0.260556 0.250927 0.240606 0.229686 0.218263 0.206441 0.194324 0.182021 0.169639 0.157284 0.145057 0.133056 0.121372 0.110087 0.0992722 0.0889907 0.0792928 0.0702172 0.0617909 0.0540292 0.0469364 0.0405062 0.0347235 0.0295647 0.0249996 0.0209926 0.0175043 0.0144924 0.0119133 0.00972355 0.00788014 0.00634198 0.00507038 0.00402958 0.00318719 0.00251447 0.00198646 0.00158209 0.00128415 0.00107933 0.000958257 
0.00107637 0.00111491 0.00124403 0.00147034 0.00180462 0.0022621 0.00286245 0.00362983 0.00459281 0.00578432 0.00724136 0.0090047 0.0111183 0.0136289 0.0165846 0.0200345 0.024027 0.0286086 0.0338225 0.0397068 0.0462932 0.0536054 0.0616574 0.0704525 0.0799823 0.0902254 0.101148 0.112702 0.124828 0.137453 0.150493 0.163855 0.177437 0.191129 0.204818 0.218388 0.231721 0.244701 0.257215 0.269154 0.280414 0.290898 0.300518 0.309195 0.316856 0.323441 0.328897 0.333181 0.336261 0.338113 0.338723 0.338087 0.336209 0.333103 0.328794 0.323315 0.316708 0.309027 0.300333 0.290698 0.280202 0.268934 0.256992 0.244478 0.231502 0.218178 0.204622 0.190951 0.177281 0.163725 0.150391 0.137382 0.124789 0.112696 0.101174 0.0902832 0.0800697 0.070567 0.0617956 0.0537637 0.0464676 0.0398931 0.0340164 0.0288061 0.0242242 0.020228 0.0167712 0.0138061 0.0112841 0.00915752 0.00738015 0.00590846 0.00470206 0.00372425 0.00294233 0.00232787 0.0018568 0.00150943 0.00127051 0.00112931 
0.00126091 0.00130595 0.00145616 0.00171908 0.00210702 0.00263735 0.00333245 0.00421975 0.00533164 0.0067053 0.00838242 0.0104088 0.0128335 0.0157086 0.0190874 0.0230239 0.0275709 0.032779 0.0386942 0.0453568 0.0527993 0.061045 0.0701059 0.0799823 0.0906606 0.102114 0.114299 0.127162 0.14063 0.154622 0.169043 0.183786 0.198738 0.213779 0.228785 0.243628 0.258183 0.272324 0.28593 0.298887 0.311086 0.322426 0.332816 0.342173 0.350425 0.35751 0.363375 0.367977 0.371283 0.37327 0.373924 0.373241 0.371224 0.367889 0.36326 0.357368 0.350258 0.341982 0.332603 0.322195 0.31084 0.298629 0.285665 0.272055 0.257916 0.243369 0.228537 0.213549 0.198529 0.183603 0.16889 0.154502 0.140545 0.127113 0.114287 0.102137 0.090719 0.0800727 0.0702252 0.0611892 0.0529644 0.0455381 0.038887 0.0329788 0.0277733 0.0232248 0.0192832 0.0158963 0.0130105 0.010573 0.00853251 0.00684029 0.00545103 0.00432339 0.00342046 0.00271006 0.00216486 0.00176251 0.00148564 0.00132203 
0.00146731 0.00151959 0.00169316 0.0019966 0.00244388 0.00305465 0.00385421 0.00487351 0.006149 0.00772241 0.00964039 0.011954 0.0147178 0.0179891 0.0218268 0.0262897 0.0314352 0.0373175 0.0439854 0.0514809 0.0598369 0.0690756 0.0792064 0.0902254 0.102114 0.114836 0.128343 0.142568 0.15743 0.172834 0.188674 0.204833 0.221183 0.237594 0.25393 0.270055 0.285832 0.301129 0.315818 0.329779 0.3429 0.355076 0.366214 0.376231 0.385053 0.392619 0.398875 0.403781 0.407303 0.409419 0.410115 0.409387 0.407239 0.403685 0.398749 0.392463 0.384868 0.376019 0.365977 0.354816 0.342621 0.329485 0.315512 0.300816 0.285518 0.269745 0.25363 0.237309 0.220919 0.204595 0.188467 0.172661 0.157294 0.142472 0.128287 0.114821 0.102138 0.090287 0.0793021 0.0692015 0.0599887 0.0516537 0.0441741 0.037517 0.0316406 0.0264964 0.0220305 0.0181862 0.0149052 0.0121292 0.00980156 0.0078682 0.00627859 0.0049865 0.00395054 0.0031345 0.00250759 0.00204457 0.00172579 0.00153743 
0.00169629 0.00175656 0.00195582 0.00230376 0.00281611 0.00351497 0.00442878 0.00559221 0.00704601 0.00883673 0.0110162 0.013641 0.0167713 0.02047 0.0248015 0.0298294 0.0356156 0.0422176 0.0496869 0.0580665 0.0673893 0.0776755 0.0889314 0.101148 0.114299 0.128343 0.143219 0.15885 0.175144 0.191995 0.209282 0.226876 0.244638 0.262425 0.280091 0.297489 0.314475 0.330908 0.346657 0.361595 0.375607 0.388588 0.400442 0.411087 0.42045 0.42847 0.435095 0.440285 0.44401 0.446246 0.446982 0.446212 0.443942 0.440184 0.43496 0.428302 0.420251 0.410858 0.400184 0.388304 0.3753 0.361268 0.346314 0.330554 0.314115 0.29713 0.279739 0.262086 0.244318 0.226581 0.209018 0.191766 0.174955 0.158703 0.143115 0.128284 0.114285 0.101176 0.0889989 0.0777787 0.0675237 0.0582271 0.0498681 0.0424139 0.0358215 0.0300398 0.0250114 0.0206754 0.0169683 0.0138266 0.0111881 0.00899314 0.00718577 0.00571462 0.00453356 0.00360213 0.00288584 0.00235639 0.0019917 0.00177624 
0.00194825 0.00201726 0.00224455 0.00264095 0.00322408 0.00401866 0.00505641 0.00637595 0.00802256 0.0100478 0.012509 0.0154682 0.0189915 0.0231476 0.028006 0.0336355 0.0401019 0.0474662 0.0557818 0.0650924 0.0754299 0.0868121 0.0992412 0.112702 0.127162 0.142568 0.15885 0.17592 0.193674 0.211991 0.230738 0.249774 0.268946 0.288101 0.30708 0.325729 0.343896 0.361433 0.378203 0.394078 0.40894 0.422682 0.43521 0.446443 0.456308 0.464748 0.471713 0.477165 0.481075 0.483421 0.484193 0.483386 0.481005 0.47706 0.471573 0.464573 0.456099 0.4462 0.434936 0.422377 0.408608 0.393722 0.377827 0.361041 0.343494 0.325324 0.306677 0.287707 0.26857 0.249421 0.230415 0.211704 0.193427 0.175718 0.158695 0.142462 0.127104 0.112692 0.0992763 0.0868885 0.075543 0.065237 0.0559522 0.0476565 0.040306 0.0338475 0.0282205 0.0233597 0.019197 0.0156634 0.012691 0.0102145 0.00817232 0.00650774 0.00516968 0.0041132 0.00329995 0.00269835 0.00228377 0.00203885 
0.00222322 0.00230173 0.00255932 0.00300807 0.00366758 0.00456531 0.00573643 0.0072237 0.00907711 0.0113534 0.0141155 0.0174313 0.0213728 0.0260143 0.0314307 0.0376955 0.0448786 0.0530437 0.0622458 0.0725286 0.0839226 0.0964423 0.110085 0.124828 0.14063 0.15743 0.175144 0.193674 0.2129 0.23269 0.252897 0.273365 0.293932 0.31443 0.334694 0.354557 0.373862 0.392456 0.410198 0.426956 0.442614 0.457064 0.470215 0.481985 0.492309 0.501129 0.508399 0.514086 0.518161 0.520606 0.521411 0.520571 0.51809 0.513979 0.508257 0.50095 0.492094 0.481734 0.469929 0.456744 0.442263 0.426577 0.409793 0.392031 0.373422 0.354108 0.334243 0.313986 0.293501 0.272955 0.252516 0.232344 0.212595 0.193415 0.174935 0.157273 0.140526 0.124776 0.110083 0.0964879 0.0840107 0.0726538 0.0624021 0.0532249 0.0450781 0.0379069 0.0316479 0.0262317 0.0215856 0.0176353 0.0143071 0.01153 0.00923661 0.00736474 0.00585815 0.00466726 0.00374964 0.00307031 0.00260195 0.00232526 
0.00252081 0.00260954 0.00289964 0.00340447 0.00414573 0.00515371 0.0064672 0.00813322 0.0102066 0.0127496 0.0158306 0.0195236 0.0239064 0.0290589 0.0350614 0.041992 0.049924 0.0589235 0.0690467 0.0803369 0.0928219 0.106512 0.121399 0.137453 0.154622 0.172834 0.191995 0.211991 0.23269 0.253945 0.275597 0.297475 0.319405 0.34121 0.362712 0.38374 0.404127 0.423719 0.44237 0.459949 0.476338 0.491434 0.505147 0.5174 0.528129 0.537284 0.544823 0.550713 0.554931 0.557462 0.558295 0.557427 0.554862 0.550608 0.544681 0.537106 0.527914 0.517146 0.504855 0.491106 0.475974 0.459552 0.441943 0.423266 0.403655 0.383253 0.362219 0.340718 0.318923 0.29701 0.275158 0.25354 0.232326 0.211674 0.191729 0.172624 0.154469 0.137356 0.121358 0.106524 0.0928813 0.0804392 0.0691858 0.0590927 0.0501162 0.0422004 0.0352793 0.02928 0.0241252 0.0197352 0.016031 0.0129354 0.0103755 0.00828326 0.00659723 0.00526301 0.00423397 0.00347158 0.0029457 0.00263504 
0.00284016 0.0029398 0.00326448 0.0038289 0.00465691 0.00578177 0.00724597 0.00910093 0.0114065 0.0142303 0.0176466 0.0217353 0.02658 0.0322663 0.0388795 0.0465019 0.0552102 0.0650725 0.0761452 0.0884704 0.102073 0.116959 0.133112 0.150493 0.169043 0.188674 0.209282 0.230738 0.252897 0.275597 0.298664 0.321916 0.345165 0.368225 0.390909 0.413037 0.43444 0.454959 0.474447 0.492773 0.509823 0.525494 0.539702 0.552375 0.563455 0.572896 0.58066 0.586721 0.591059 0.593661 0.594518 0.593627 0.590993 0.58662 0.580524 0.572722 0.563244 0.552125 0.539412 0.525164 0.509453 0.492367 0.474005 0.454486 0.433942 0.412519 0.390378 0.36769 0.344635 0.321398 0.298169 0.275134 0.252474 0.230362 0.208959 0.188409 0.168837 0.150349 0.133027 0.116932 0.102101 0.0885467 0.0762639 0.0652268 0.0553927 0.0467051 0.0390961 0.0324894 0.0268034 0.0219535 0.0178549 0.0144248 0.0115843 0.00925967 0.00738412 0.00589832 0.00475129 0.00390085 0.00331397 0.00296729 
0.00317992 0.00329111 0.00365226 0.00427947 0.00519879 0.00644651 0.00806893 0.0101219 0.0126705 0.0157876 0.0195536 0.024054 0.0293783 0.0356176 0.042862 0.0511977 0.0607041 0.071451 0.0834944 0.0968747 0.111613 0.127709 0.145139 0.163855 0.183786 0.204833 0.226876 0.249774 0.273365 0.297475 0.321916 0.346492 0.371004 0.395255 0.419052 0.442208 0.46455 0.485915 0.50616 0.525154 0.542784 0.558955 0.573587 0.586614 0.597985 0.607659 0.615606 0.621804 0.626236 0.628893 0.629769 0.628863 0.626174 0.621709 0.615478 0.607495 0.597783 0.586373 0.573304 0.55863 0.542416 0.524744 0.505711 0.48543 0.464032 0.441665 0.41849 0.394683 0.37043 0.345926 0.321369 0.296957 0.272885 0.249339 0.226495 0.204511 0.183527 0.163661 0.145009 0.127642 0.111606 0.0969221 0.0835901 0.0715878 0.0608744 0.0513933 0.0430753 0.035841 0.0296049 0.0242775 0.0197688 0.0159901 0.0128566 0.010289 0.00821492 0.00657012 0.00529918 0.0043562 0.00370516 0.00332059 
0.00353824 0.00366153 0.00406082 0.00475361 0.00576822 0.007144 0.00893112 0.01119 0.0139907 0.0174117 0.0215391 0.0264644 0.0322826 0.0390901 0.0469814 0.0560464 0.066367 0.0780134 0.0910413 0.105488 0.121371 0.138682 0.15739 0.177437 0.198738 0.221183 0.244638 0.268946 0.293932 0.319405 0.345165 0.371004 0.396712 0.422082 0.446912 0.471014 0.494209 0.516335 0.53725 0.556825 0.574953 0.591545 0.606526 0.619839 0.63144 0.641294 0.649378 0.655677 0.660178 0.662876 0.663767 0.662849 0.660123 0.655592 0.649262 0.641144 0.631253 0.619613 0.606258 0.591232 0.574595 0.556421 0.536801 0.515845 0.49368 0.470453 0.446326 0.421478 0.396101 0.370396 0.344571 0.318835 0.293397 0.268455 0.2442 0.220805 0.198425 0.177191 0.157213 0.138573 0.121327 0.105504 0.0911115 0.0781304 0.0665227 0.0562325 0.0471895 0.0393121 0.0325109 0.0266921 0.0217603 0.0176213 0.0141845 0.0113649 0.00908461 0.00727443 0.00587447 0.00483503 0.00411708 0.00369298 
0.00391275 0.00404861 0.00448743 0.00524813 0.0063613 0.00786941 0.00982649 0.0122975 0.0153576 0.0190908 0.0235888 0.0289488 0.0352713 0.0426577 0.0512066 0.0610112 0.072155 0.0847089 0.098727 0.114243 0.131269 0.149791 0.169767 0.191129 0.213779 0.237594 0.262425 0.288101 0.31443 0.34121 0.368225 0.395255 0.422082 0.448488 0.474267 0.499225 0.523183 0.545979 0.567472 0.587541 0.606082 0.623013 0.638269 0.651799 0.663567 0.673548 0.681726 0.68809 0.692636 0.695359 0.69626 0.695337 0.692589 0.688018 0.681625 0.673416 0.6634 0.651593 0.638021 0.62272 0.605741 0.58715 0.567033 0.545492 0.522651 0.498654 0.473664 0.44786 0.42144 0.39461 0.367587 0.340592 0.313843 0.287556 0.261932 0.237161 0.213412 0.190832 0.169543 0.149639 0.131187 0.114226 0.0987697 0.0848039 0.0722942 0.0611858 0.0514077 0.0428766 0.0354999 0.0291794 0.0238148 0.0193066 0.0155584 0.0124796 0.00998707 0.00800636 0.0064732 0.0053341 0.00454696 0.004082 
0.00430055 0.00444937 0.00492878 0.00575917 0.00697338 0.008617 0.0107479 0.0134356 0.0167602 0.0208112 0.0256859 0.0314868 0.0383199 0.046291 0.0555028 0.0660509 0.0780205 0.091482 0.106488 0.123067 0.141227 0.160944 0.182168 0.204818 0.228785 0.25393 0.280091 0.30708 0.334694 0.362712 0.390909 0.419052 0.446912 0.474267 0.500903 0.526625 0.551252 0.574625 0.596606 0.617078 0.635947 0.653138 0.668593 0.682273 0.694149 0.704205 0.712433 0.71883 0.723395 0.72613 0.727035 0.726112 0.723358 0.718772 0.712351 0.704095 0.694006 0.682092 0.668371 0.652869 0.635629 0.616708 0.596182 0.574148 0.550725 0.526052 0.500291 0.473623 0.446247 0.418376 0.390234 0.362051 0.334059 0.306484 0.279545 0.253443 0.228365 0.20447 0.181895 0.160747 0.141105 0.123016 0.106501 0.0915534 0.0781414 0.0662123 0.0556953 0.0465055 0.0385474 0.0317192 0.0259158 0.0210325 0.0169674 0.0136245 0.0109152 0.00876014 0.00709068 0.00584951 0.00499149 0.00448464 
0.00469827 0.00486031 0.00538104 0.00628227 0.0075991 0.00938022 0.0116873 0.0145943 0.0181862 0.0225579 0.0278119 0.0340562 0.0414015 0.0499581 0.0598321 0.0711213 0.0839119 0.0982733 0.114255 0.131883 0.151156 0.172044 0.194486 0.218388 0.243628 0.270055 0.297489 0.325729 0.354557 0.38374 0.413037 0.442208 0.471014 0.499225 0.526625 0.553015 0.578217 0.602073 0.624451 0.64524 0.664354 0.681727 0.697311 0.711075 0.723003 0.733085 0.741323 0.74772 0.752282 0.755015 0.755921 0.755002 0.752257 0.747679 0.741262 0.733 0.722888 0.710926 0.69712 0.68149 0.664066 0.644897 0.62405 0.601615 0.577702 0.552448 0.526011 0.498571 0.470331 0.441507 0.412331 0.383041 0.35388 0.325087 0.296893 0.269517 0.243157 0.21799 0.194165 0.171803 0.150994 0.131796 0.114239 0.0983198 0.0840131 0.0712681 0.0600146 0.0501667 0.0416267 0.0342892 0.0280448 0.0227837 0.018399 0.0147893 0.0118607 0.00952916 0.00772152 0.00637678 0.00544678 0.00489741 
0.00510211 0.00527749 0.00583985 0.0068124 0.00823247 0.0101518 0.0126357 0.0157625 0.0196221 0.0243142 0.0299467 0.0366326 0.0444872 0.0536247 0.0641542 0.0761755 0.089775 0.105021 0.12196 0.140612 0.16097 0.182994 0.206613 0.231721 0.258183 0.285832 0.314475 0.343896 0.373862 0.404127 0.43444 0.46455 0.494209 0.523183 0.551252 0.578217 0.6039 0.628149 0.650836 0.671859 0.69114 0.708622 0.724269 0.738059 0.749985 0.760049 0.768259 0.774628 0.779166 0.781884 0.782787 0.781878 0.779153 0.774604 0.768222 0.759991 0.749901 0.737943 0.724113 0.708421 0.690887 0.671549 0.650465 0.627715 0.603404 0.577662 0.550643 0.522527 0.493516 0.463831 0.433708 0.403396 0.373146 0.34321 0.313833 0.285245 0.257662 0.231275 0.206246 0.182709 0.160768 0.14049 0.121912 0.105041 0.0898554 0.0763064 0.0643255 0.0538263 0.044709 0.0368652 0.0301816 0.0245437 0.0198397 0.015963 0.0128147 0.0103061 0.0083597 0.00691085 0.00590848 0.00531635 
0.00550785 0.00569656 0.00630044 0.00734407 0.00886693 0.0109237 0.0135833 0.0169283 0.0210532 0.0260625 0.032069 0.0391905 0.0475465 0.0572548 0.0684271 0.0811647 0.0955537 0.111661 0.129529 0.149173 0.170578 0.193695 0.218442 0.244701 0.272324 0.301129 0.330908 0.361433 0.392456 0.423719 0.454959 0.485915 0.516335 0.545979 0.574625 0.602073 0.628149 0.652705 0.675619 0.696799 0.716175 0.7337 0.749348 0.76311 0.774988 0.784994 0.793145 0.79946 0.803956 0.806648 0.807545 0.806649 0.803956 0.799455 0.793132 0.784966 0.774939 0.763031 0.749232 0.733538 0.715961 0.696526 0.675283 0.652302 0.627679 0.601537 0.574027 0.545327 0.515638 0.485185 0.454207 0.422961 0.391708 0.36071 0.330224 0.300498 0.271757 0.244209 0.21803 0.193368 0.170336 0.149015 0.12945 0.111655 0.0956128 0.081279 0.0685863 0.0574483 0.0477639 0.0394217 0.0323049 0.0262949 0.021275 0.0171337 0.0137675 0.011083 0.00899863 0.00744621 0.0063718 0.00573709 
0.00591096 0.00611285 0.00675769 0.00787138 0.0094955 0.0116875 0.0145199 0.0180792 0.0224642 0.0277842 0.0341564 0.0417031 0.0505477 0.0608112 0.0726076 0.0860389 0.101191 0.118128 0.13689 0.157485 0.179891 0.20405 0.229867 0.257215 0.28593 0.315818 0.346657 0.378203 0.410198 0.44237 0.474447 0.50616 0.53725 0.567472 0.596606 0.624451 0.650836 0.675619 0.698687 0.719954 0.73936 0.75687 0.772468 0.786155 0.797945 0.807859 0.815923 0.822162 0.826601 0.829259 0.830146 0.829266 0.826615 0.822178 0.815935 0.807862 0.797931 0.786115 0.772393 0.756751 0.739188 0.719722 0.69839 0.675252 0.650396 0.623939 0.596026 0.56683 0.536554 0.505423 0.473682 0.441591 0.409422 0.377447 0.345935 0.315146 0.285321 0.256679 0.229413 0.203681 0.179611 0.157292 0.136781 0.118096 0.101228 0.0861362 0.0727541 0.060996 0.0507599 0.0419321 0.0343926 0.0280187 0.0226895 0.0182889 0.0147087 0.0118514 0.00963131 0.00797696 0.0068316 0.00615494 
