1.08881e-07 1.14236e-07 1.41703e-07 1.95618e-07 2.84003e-07 4.19442e-07 6.20243e-07 9.12027e-07 1.32976e-06 1.92029e-06 2.74534e-06 3.88509e-06 5.44217e-06 7.54606e-06 1.03578e-05 1.40749e-05 1.89355e-05 2.5223e-05 3.32688e-05 4.3454e-05 5.62094e-05 7.20127e-05 9.13827e-05 0.000114871 0.000143047 0.000176487 0.000215745 0.000261338 0.000313713 0.000373223 0.000440095 0.000514403 0.000596041 0.000684703 0.000779865 0.000880777 0.00098646 0.00109572 0.00120715 0.00131919 0.00143011 0.00153812 0.00164134 0.00173792 0.00182605 0.00190406 0.0019704 0.00202374 0.00206302 0.00208741 0.00209643 0.0020899 0.00206794 0.00203103 0.00197992 0.00191567 0.00183956 0.00175311 0.00165798 0.00155596 0.00144889 0.00133863 0.00122699 0.0011157 0.00100632 0.000900296 0.000798829 0.000702926 0.000613364 0.000530699 0.000455266 0.000387201 0.000326461 0.000272846 0.000226028 0.000185582 0.00015101 0.000121771 9.73013e-05 7.7037e-05 6.04306e-05 4.69637e-05 3.61566e-05 2.75743e-05 2.08298e-05 1.55849e-05 1.15488e-05 8.47538e-06 6.15954e-06 4.43288e-06 3.15908e-06 2.22933e-06 1.55797e-06 1.07852e-06 7.40091e-07 5.04301e-07 3.42699e-07 2.34634e-07 1.65579e-07 1.25933e-07 
1.14236e-07 1.19923e-07 1.48946e-07 2.05905e-07 2.9932e-07 4.42551e-07 6.55046e-07 9.64031e-07 1.40668e-06 2.03281e-06 2.90809e-06 4.11783e-06 5.77126e-06 8.00624e-06 1.09942e-05 1.49454e-05 2.01133e-05 2.67997e-05 3.5357e-05 4.61909e-05 5.97595e-05 7.65706e-05 9.71756e-05 0.00012216 0.000152129 0.000187692 0.000229438 0.000277913 0.000333589 0.000396838 0.000467896 0.000546838 0.000633548 0.000727696 0.000828723 0.000935827 0.00104797 0.00116388 0.00128206 0.00140086 0.00151845 0.00163292 0.0017423 0.00184462 0.00193797 0.00202058 0.00209082 0.00214729 0.00218885 0.00221465 0.00222417 0.00221721 0.00219393 0.00215481 0.00210065 0.00203257 0.00195193 0.00186032 0.0017595 0.00165137 0.00153788 0.00142098 0.00130261 0.00118457 0.00106856 0.000956076 0.000848408 0.000746625 0.000651554 0.000563788 0.000483686 0.000411397 0.000346877 0.000289916 0.000240171 0.000197191 0.000160451 0.000129375 0.000103368 8.183e-05 6.41803e-05 4.98683e-05 3.8384e-05 2.92651e-05 2.21002e-05 1.65296e-05 1.2244e-05 8.98157e-06 6.52422e-06 4.6928e-06 3.34233e-06 2.35713e-06 1.64614e-06 1.1387e-06 7.8074e-07 5.31522e-07 3.60839e-07 2.46785e-07 1.73955e-07 1.32173e-07 
1.41703e-07 1.48946e-07 1.85116e-07 2.55924e-07 3.71913e-07 5.49593e-07 8.12966e-07 1.19559e-06 1.74321e-06 2.51703e-06 3.59764e-06 5.0895e-06 7.12614e-06 9.87574e-06 1.35471e-05 1.83955e-05 2.47285e-05 3.29108e-05 4.33679e-05 5.65877e-05 7.312e-05 9.35725e-05 0.000118603 0.000148907 0.000185202 0.000228207 0.000278611 0.000337051 0.000404074 0.0004801 0.00056539 0.00066001 0.000763797 0.000876335 0.000996939 0.00112464 0.00125818 0.00139605 0.00153648 0.00167748 0.00181692 0.00195253 0.00208199 0.00220301 0.00231334 0.00241089 0.00249378 0.00256038 0.00260934 0.00263969 0.00265081 0.00264249 0.0026149 0.00256861 0.00250455 0.00242403 0.00232864 0.00222025 0.00210091 0.00197284 0.00183834 0.00169971 0.00155921 0.001419 0.00128107 0.00114719 0.00101891 0.000897514 0.000783994 0.000679071 0.000583194 0.00049656 0.000419136 0.000350695 0.000290844 0.000239063 0.00019474 0.000157199 0.000125739 9.96498e-05 7.82421e-05 6.08597e-05 4.68935e-05 3.57898e-05 2.70545e-05 2.02547e-05 1.50173e-05 1.10258e-05 8.01597e-06 5.77048e-06 4.11304e-06 2.90275e-06 2.02854e-06 1.4041e-06 9.63281e-07 6.56162e-07 4.45708e-07 3.05022e-07 2.15184e-07 1.63687e-07 
1.95618e-07 2.05905e-07 2.55924e-07 3.5349e-07 5.12983e-07 7.56872e-07 1.11775e-06 1.64106e-06 2.38863e-06 3.44295e-06 4.91233e-06 6.93678e-06 9.69474e-06 1.34103e-05 1.83606e-05 2.48838e-05 3.33854e-05 4.43449e-05 5.83194e-05 7.59454e-05 9.79374e-05 0.000125081 0.000158224 0.000198257 0.000246095 0.000302646 0.000368779 0.000445285 0.000532833 0.000631928 0.000742865 0.000865682 0.00100013 0.00114563 0.00130127 0.00146577 0.00163751 0.00181451 0.00199451 0.002175 0.00235322 0.00252633 0.0026914 0.00284551 0.00298588 0.00310987 0.00321512 0.00329959 0.00336162 0.0034 0.00341394 0.0034032 0.00336798 0.003309 0.00322744 0.00312492 0.00300343 0.00286532 0.00271316 0.00254975 0.00237798 0.00220075 0.00202093 0.00184125 0.00166425 0.00149221 0.00132713 0.00117064 0.00102407 0.00088836 0.000764128 0.000651664 0.000550966 0.000461776 0.000383626 0.000315877 0.000257765 0.000208446 0.000167027 0.000132609 0.000104307 8.12793e-05 6.27387e-05 4.79676e-05 3.63236e-05 2.72411e-05 2.02316e-05 1.48791e-05 1.08352e-05 7.8126e-06 5.57743e-06 3.94233e-06 2.75922e-06 1.9127e-06 1.31414e-06 8.96493e-07 6.09905e-07 4.18116e-07 2.95573e-07 2.25374e-07 
2.84003e-07 2.9932e-07 3.71913e-07 5.12983e-07 7.43073e-07 1.09419e-06 1.61265e-06 2.36287e-06 3.43222e-06 4.93695e-06 7.0292e-06 9.90506e-06 1.38136e-05 1.90664e-05 2.60478e-05 3.52244e-05 4.71543e-05 6.24943e-05 8.20047e-05 0.00010655 0.000137097 0.000174704 0.000220503 0.000275683 0.000341453 0.000419006 0.000509474 0.000613873 0.000733051 0.000867628 0.00101794 0.00118396 0.00136531 0.00156116 0.00177021 0.00199073 0.00222051 0.00245691 0.00269691 0.00293716 0.00317404 0.00340379 0.00362258 0.0038266 0.00401221 0.004176 0.00431488 0.00442623 0.0045079 0.00455831 0.00457648 0.00456206 0.00451534 0.00443725 0.00432933 0.00419367 0.00403286 0.00384994 0.00364828 0.00343152 0.00320342 0.00296782 0.00272846 0.00248896 0.00225268 0.00202267 0.00180156 0.00159161 0.00139459 0.00121183 0.00104418 0.000892098 0.000755638 0.000634512 0.000528142 0.000435721 0.000356266 0.000288676 0.000231781 0.000184392 0.000145334 0.000113478 8.77704e-05 6.72416e-05 5.10212e-05 3.83401e-05 2.85309e-05 2.10238e-05 1.53396e-05 1.10816e-05 7.92607e-06 5.61287e-06 3.93565e-06 2.73317e-06 1.88127e-06 1.28576e-06 8.7644e-07 6.02133e-07 4.26721e-07 3.26282e-07 
4.19442e-07 4.42551e-07 5.49593e-07 7.56872e-07 1.09419e-06 1.60787e-06 2.36474e-06 3.45754e-06 5.01166e-06 7.19348e-06 1.022e-05 1.43701e-05 1.99966e-05 2.75397e-05 3.75399e-05 5.06516e-05 6.76538e-05 8.94601e-05 0.000117123 0.000151835 0.000194922 0.000247828 0.000312094 0.000389322 0.000481135 0.000589119 0.000714767 0.000859403 0.00102411 0.00120965 0.00141638 0.00164422 0.00189252 0.00216008 0.0024451 0.00274514 0.00305718 0.00337763 0.00370238 0.00402694 0.00434645 0.00465591 0.0049502 0.00522429 0.00547336 0.0056929 0.00587889 0.00602785 0.00613696 0.00620417 0.0062282 0.00620859 0.00614574 0.00604086 0.00589597 0.00571383 0.00549785 0.00525203 0.00498083 0.00468905 0.00438168 0.00406382 0.00374047 0.00341647 0.00309633 0.00278417 0.00248358 0.00219763 0.00192879 0.00167889 0.00144921 0.0012404 0.00105264 0.000885603 0.000738584 0.000610549 0.00050022 0.000406145 0.000326769 0.000260496 0.000205742 0.000160979 0.000124768 9.57837e-05 7.28278e-05 5.48388e-05 4.08915e-05 3.01928e-05 2.20736e-05 1.59778e-05 1.14504e-05 8.12435e-06 5.70757e-06 3.97126e-06 2.73868e-06 1.87541e-06 1.281e-06 8.82068e-07 6.26724e-07 4.80566e-07 
6.20243e-07 6.55046e-07 8.12966e-07 1.11775e-06 1.61265e-06 2.36474e-06 3.47055e-06 5.06365e-06 7.32419e-06 1.04904e-05 1.4872e-05 2.0866e-05 2.89726e-05 3.9814e-05 5.41513e-05 7.29023e-05 9.71558e-05 0.000128183 0.000167442 0.000216579 0.000277414 0.000351919 0.000442187 0.000550382 0.000678681 0.000829194 0.00100389 0.00120448 0.00143234 0.00168841 0.00197306 0.00228604 0.00262637 0.00299231 0.00338131 0.00378998 0.00421418 0.004649 0.0050889 0.00552781 0.00595924 0.00637647 0.00677273 0.00714135 0.00747592 0.00777053 0.00801986 0.00821935 0.00836532 0.00845505 0.00848689 0.00846024 0.00837563 0.00823466 0.00803999 0.00779522 0.00750488 0.00717422 0.00680914 0.00641597 0.00600136 0.00557207 0.00513479 0.00469599 0.00426175 0.00383762 0.0034285 0.00303859 0.0026713 0.00232921 0.00201413 0.00172709 0.00146841 0.00123777 0.00103431 0.000856709 0.000703311 0.000572202 0.000461316 0.000368513 0.000291656 0.000228673 0.000177602 0.000136625 0.000104094 7.85427e-05 5.86857e-05 4.34188e-05 3.18063e-05 2.30684e-05 1.65643e-05 1.17755e-05 8.28854e-06 5.77812e-06 3.99241e-06 2.73931e-06 1.87496e-06 1.294e-06 9.21782e-07 7.08779e-07 
9.12027e-07 9.64031e-07 1.19559e-06 1.64106e-06 2.36287e-06 3.45754e-06 5.06365e-06 7.37249e-06 1.06412e-05 1.5209e-05 2.15155e-05 3.0122e-05 4.17339e-05 5.7225e-05 7.76609e-05 0.000104321 0.000138718 0.000182609 0.000238004 0.000307158 0.000392554 0.00049687 0.00062293 0.000773637 0.000951886 0.00116047 0.00140194 0.00167852 0.00199194 0.0023433 0.00273295 0.00316039 0.00362414 0.00412169 0.00464947 0.00520283 0.0057761 0.00636263 0.00695497 0.00754499 0.00812405 0.00868326 0.00921364 0.0097064 0.0101532 0.0105461 0.0108784 0.011144 0.0113381 0.0114572 0.0114992 0.0114632 0.0113501 0.0111618 0.0109018 0.0105749 0.010187 0.00974492 0.00925641 0.00872982 0.00817389 0.00759756 0.00700971 0.00641893 0.00583337 0.00526046 0.00470686 0.00417826 0.00367934 0.00321372 0.00278396 0.0023916 0.00203723 0.00172055 0.00144055 0.00119557 0.000983478 0.000801771 0.000647722 0.000518485 0.000411199 0.000323068 0.000251433 0.000193821 0.000147975 0.00011188 8.37645e-05 6.20982e-05 4.55807e-05 3.3124e-05 2.38314e-05 1.69746e-05 1.19711e-05 8.36129e-06 5.78838e-06 3.9794e-06 2.7294e-06 1.88797e-06 1.34835e-06 1.03961e-06 
1.32976e-06 1.40668e-06 1.74321e-06 2.38863e-06 3.43222e-06 5.01166e-06 7.32419e-06 1.06412e-05 1.53268e-05 2.18593e-05 3.08573e-05 4.31074e-05 5.95955e-05 8.15378e-05 0.000110412 0.000147987 0.000196343 0.000257889 0.000335367 0.000431838 0.000550659 0.000695428 0.000869919 0.00107798 0.00132343 0.00160991 0.00194073 0.00231868 0.0027459 0.00322367 0.00375223 0.0043307 0.00495686 0.00562718 0.0063367 0.00707908 0.00784663 0.00863046 0.00942065 0.0102064 0.0109764 0.0117188 0.012422 0.0130745 0.0136655 0.0141847 0.0146233 0.0149735 0.0152292 0.0153859 0.0154407 0.0153928 0.0152429 0.0149938 0.0146501 0.0142177 0.0137043 0.0131189 0.0124714 0.0117728 0.0110344 0.0102679 0.00948494 0.00869693 0.00791458 0.00714782 0.00640554 0.00569542 0.00502383 0.00439576 0.00381483 0.00328329 0.00280212 0.00237116 0.00198921 0.00165424 0.00136355 0.0011139 0.000901735 0.000723314 0.000574837 0.000452574 0.000352955 0.000272644 0.000208583 0.000158028 0.000118557 8.80688e-05 6.47731e-05 4.71648e-05 3.39999e-05 2.42646e-05 1.71453e-05 1.19984e-05 8.32234e-06 5.73276e-06 3.94019e-06 2.73171e-06 1.95592e-06 1.51212e-06 
1.92029e-06 2.03281e-06 2.51703e-06 3.44295e-06 4.93695e-06 7.19348e-06 1.04904e-05 1.5209e-05 2.18593e-05 3.11096e-05 4.38209e-05 6.1085e-05 8.42649e-05 0.000115036 0.000155428 0.000207858 0.000275159 0.000360598 0.000467874 0.000601101 0.000764761 0.000963637 0.00120271 0.00148703 0.00182157 0.002211 0.00265953 0.00317066 0.00374695 0.00438981 0.00509929 0.00587387 0.00671038 0.00760384 0.00854747 0.00953271 0.0105493 0.0115854 0.0126281 0.0136631 0.0146756 0.0156505 0.0165725 0.0174271 0.0182 0.0188784 0.0194509 0.0199077 0.0202408 0.0204446 0.0205155 0.0204522 0.020256 0.0199303 0.0194808 0.0189154 0.0182436 0.017477 0.0166284 0.0157117 0.0147417 0.0137335 0.0127021 0.0116624 0.0106285 0.00961329 0.00862865 0.00768481 0.00679034 0.00595206 0.00517498 0.00446236 0.00381578 0.0032353 0.00271961 0.00226626 0.00187186 0.00153232 0.00124306 0.000999195 0.000795756 0.000627823 0.000490657 0.000379806 0.000291172 0.000221056 0.000166183 0.000123699 9.11626e-05 6.65134e-05 4.80428e-05 3.4354e-05 2.43217e-05 1.70535e-05 1.18517e-05 8.1802e-06 5.63413e-06 3.91505e-06 2.81037e-06 2.17849e-06 
2.74534e-06 2.90809e-06 3.59764e-06 4.91233e-06 7.0292e-06 1.022e-05 1.4872e-05 2.15155e-05 3.08573e-05 4.38209e-05 6.15924e-05 8.56706e-05 0.00011792 0.000160625 0.000216539 0.000288932 0.000381618 0.000498977 0.000645945 0.000827982 0.00105101 0.0013213 0.00164535 0.0020297 0.00248072 0.00300435 0.00360586 0.00428951 0.00505832 0.00591374 0.00685543 0.00788102 0.00898594 0.0101633 0.011404 0.0126966 0.0140276 0.0153814 0.0167411 0.0180885 0.0194044 0.0206694 0.0218641 0.0229699 0.0239689 0.0248448 0.0255832 0.0261718 0.0266006 0.0268625 0.0269531 0.0268708 0.0266171 0.0261963 0.0256157 0.024885 0.0240166 0.0230247 0.0219257 0.0207372 0.019478 0.0181673 0.0168245 0.0154687 0.0141179 0.0127892 0.0114979 0.0102576 0.00907973 0.00797337 0.00694545 0.00600061 0.00514129 0.00436794 0.00367923 0.00307227 0.00254292 0.00208606 0.00169585 0.00136606 0.00109025 0.000862001 0.000675105 0.00052369 0.000402324 0.000306082 0.000230581 0.000171988 0.000127009 9.28549e-05 6.72036e-05 4.81505e-05 3.41563e-05 2.3996e-05 1.67095e-05 1.15563e-05 7.97622e-06 5.5553e-06 3.99802e-06 3.10732e-06 
3.88509e-06 4.11783e-06 5.0895e-06 6.93678e-06 9.90506e-06 1.43701e-05 2.0866e-05 3.0122e-05 4.31074e-05 6.1085e-05 8.56706e-05 0.000118899 0.000163294 0.000221934 0.000298515 0.00039741 0.000523696 0.000683177 0.00088236 0.00112841 0.00142904 0.0017924 0.00222684 0.00274072 0.00334209 0.00403837 0.00483603 0.00574019 0.00675428 0.00787966 0.00911533 0.0104577 0.0119003 0.0134339 0.0150461 0.016722 0.0184439 0.0201918 0.0219439 0.0236768 0.0253664 0.0269879 0.0285172 0.0299306 0.031206 0.032323 0.0332637 0.0340128 0.034558 0.0348905 0.0350048 0.0348991 0.0345752 0.0340385 0.0332978 0.0323654 0.0312564 0.0299889 0.028583 0.0270609 0.025446 0.0237627 0.0220354 0.0202883 0.0185445 0.016826 0.0151524 0.0135415 0.0120082 0.0105647 0.00922046 0.00798188 0.00685264 0.00583385 0.00492426 0.0041206 0.00341791 0.00280986 0.0022892 0.00184801 0.00147809 0.00117117 0.000919219 0.000714585 0.000550152 0.000419435 0.000316638 0.00023667 0.000175136 0.000128302 9.30463e-05 6.68e-05 4.74798e-05 3.34223e-05 2.33196e-05 1.61606e-05 1.11779e-05 7.80331e-06 5.63029e-06 4.38747e-06 
5.44217e-06 5.77126e-06 7.12614e-06 9.69474e-06 1.38136e-05 1.99966e-05 2.89726e-05 4.17339e-05 5.95955e-05 8.42649e-05 0.00011792 0.000163294 0.000223763 0.00030343 0.000407205 0.000540864 0.000711091 0.000925486 0.00119253 0.0015215 0.00192236 0.0024055 0.00298155 0.00366104 0.00445399 0.00536955 0.0064155 0.00759784 0.0089203 0.0103839 0.0119868 0.0137235 0.0155851 0.0175592 0.0196296 0.0217767 0.0239778 0.0262074 0.0284378 0.0306396 0.0327825 0.0348357 0.036769 0.0385533 0.0401613 0.0415681 0.0427515 0.043693 0.0443776 0.0447944 0.044937 0.0448031 0.0443948 0.0437188 0.0427859 0.041611 0.0402126 0.0386129 0.0368367 0.0349114 0.0328658 0.0307303 0.0285353 0.0263111 0.024087 0.0218905 0.019747 0.0176792 0.0157065 0.013845 0.0121072 0.010502 0.00903485 0.00770778 0.00651988 0.00546757 0.00454502 0.00374464 0.00305746 0.00247364 0.00198283 0.00157456 0.00123853 0.000964912 0.000744483 0.000568813 0.000430321 0.000322321 0.000239017 0.000175462 0.000127508 9.17261e-05 6.53276e-05 4.60777e-05 3.22141e-05 2.23703e-05 1.55063e-05 1.08503e-05 7.84891e-06 6.13238e-06 
7.54606e-06 8.00624e-06 9.87574e-06 1.34103e-05 1.90664e-05 2.75397e-05 3.9814e-05 5.7225e-05 8.15378e-05 0.000115036 0.000160625 0.000221934 0.00030343 0.000410524 0.00054966 0.000728386 0.0009554 0.00124054 0.00159472 0.00202983 0.00255852 0.00319395 0.00394944 0.00483804 0.00587207 0.00706258 0.00841879 0.00994752 0.0116526 0.0135346 0.0155898 0.0178107 0.0201852 0.0226966 0.025324 0.0280422 0.0308224 0.0336323 0.0364373 0.0392007 0.0418852 0.0444529 0.0468668 0.0490915 0.0510936 0.0528431 0.0543133 0.0554817 0.0563306 0.0568467 0.0570224 0.0568549 0.0563469 0.0555063 0.0543461 0.0528843 0.0511433 0.0491496 0.0469335 0.0445282 0.041969 0.0392928 0.0365374 0.03374 0.0309371 0.0281632 0.0254503 0.0228271 0.0203186 0.0179456 0.0157249 0.0136683 0.0117836 0.0100743 0.00854021 0.00717754 0.00597968 0.00493762 0.00404052 0.0032763 0.00263209 0.00209479 0.0016514 0.00128941 0.000997035 0.00076343 0.0005788 0.000434462 0.000322855 0.000237503 0.00017295 0.000124671 8.8971e-05 6.28808e-05 4.40507e-05 3.06532e-05 2.12939e-05 1.49351e-05 1.08317e-05 8.48483e-06 
1.03578e-05 1.09942e-05 1.35471e-05 1.83606e-05 2.60478e-05 3.75399e-05 5.41513e-05 7.76609e-05 0.000110412 0.000155428 0.000216539 0.000298515 0.000407205 0.00054966 0.000734245 0.000970717 0.00127026 0.00164545 0.0021102 0.00267953 0.00336934 0.00419604 0.0051761 0.00632549 0.00765911 0.00919007 0.010929 0.0128836 0.0150573 0.0174497 0.020055 0.0228625 0.025856 0.0290138 0.032309 0.0357095 0.0391792 0.0426779 0.0461629 0.0495893 0.0529112 0.0560828 0.0590596 0.0617988 0.0642606 0.0664091 0.0682127 0.0696447 0.0706839 0.071315 0.0715288 0.0713222 0.0706982 0.0696662 0.0682418 0.0664459 0.0643054 0.0618519 0.0591214 0.0561535 0.052991 0.0496784 0.0462613 0.0427855 0.0392954 0.0358339 0.0324406 0.0291516 0.0259988 0.0230087 0.020203 0.0175978 0.015204 0.013027 0.0110678 0.00932263 0.00778428 0.00644229 0.00528379 0.00429414 0.00345763 0.00275803 0.00217915 0.00170528 0.00132154 0.00101413 0.000770549 0.000579644 0.000431663 0.000318217 0.00023221 0.000167734 0.000119948 8.49465e-05 5.96303e-05 4.1581e-05 2.89483e-05 2.03517e-05 1.47982e-05 1.1622e-05 
1.40749e-05 1.49454e-05 1.83955e-05 2.48838e-05 3.52244e-05 5.06516e-05 7.29023e-05 0.000104321 0.000147987 0.000207858 0.000288932 0.00039741 0.000540864 0.000728386 0.000970717 0.00128032 0.00167142 0.00215992 0.00276331 0.00350036 0.0043908 0.00545483 0.00671253 0.00818317 0.00988446 0.0118317 0.0140369 0.0165081 0.0192484 0.0222554 0.0255207 0.0290293 0.0327599 0.0366845 0.0407689 0.044973 0.0492519 0.0535564 0.0578343 0.062031 0.0660917 0.0699614 0.073587 0.076918 0.0799074 0.0825131 0.0846979 0.0864308 0.0876872 0.0884494 0.0887064 0.0884548 0.0876982 0.0864474 0.0847206 0.0825423 0.0799437 0.0769619 0.0736392 0.0700225 0.0661623 0.0621118 0.0579254 0.0536582 0.0493642 0.0450955 0.040901 0.0368253 0.0329081 0.0291833 0.0256789 0.0224159 0.0194092 0.0166673 0.0141925 0.0119819 0.0100277 0.00831802 0.00683794 0.00557002 0.00449529 0.00359395 0.0028461 0.00223225 0.00173381 0.00133347 0.00101542 0.000765515 0.000571312 0.000422064 0.000308639 0.000223406 0.000160089 0.000113607 7.99136e-05 5.58419e-05 3.89622e-05 2.7457e-05 2.00162e-05 1.57603e-05 
1.89355e-05 2.01133e-05 2.47285e-05 3.33854e-05 4.71543e-05 6.76538e-05 9.71558e-05 0.000138718 0.000196343 0.000275159 0.000381618 0.000523696 0.000711091 0.0009554 0.00127026 0.00167142 0.00217675 0.00280616 0.00358135 0.00452552 0.00566282 0.0070178 0.0086146 0.0104761 0.0126231 0.015073 0.0178389 0.0209291 0.0243454 0.028083 0.0321294 0.0364647 0.041061 0.0458826 0.0508865 0.0560235 0.0612384 0.0664715 0.0716598 0.0767384 0.0816419 0.0863057 0.0906675 0.0946681 0.0982533 0.101374 0.103988 0.106059 0.107559 0.108468 0.108773 0.10847 0.107565 0.106068 0.104001 0.101392 0.0982768 0.0946981 0.0907048 0.0863516 0.0816973 0.0768043 0.0717371 0.0665608 0.0613402 0.0561378 0.051013 0.0460204 0.0412092 0.0366219 0.0322937 0.0282523 0.0245176 0.0211019 0.01801 0.01524 0.0127841 0.0106293 0.00875843 0.00715108 0.00578474 0.00463561 0.00367948 0.0028925 0.00225174 0.00173571 0.00132467 0.00100086 0.000748577 0.00055421 0.000406133 0.000294594 0.00021154 0.00015043 0.000106035 7.42516e-05 5.19217e-05 3.66769e-05 2.68065e-05 2.11605e-05 
2.5223e-05 2.67997e-05 3.29108e-05 4.43449e-05 6.24943e-05 8.94601e-05 0.000128183 0.000182609 0.000257889 0.000360598 0.000498977 0.000683177 0.000925486 0.00124054 0.00164545 0.00215992 0.00280616 0.00360876 0.00459438 0.00579129 0.00722875 0.00893616 0.0109422 0.0132736 0.0159541 0.0190033 0.0224353 0.0262575 0.0304701 0.0350645 0.0400234 0.0453202 0.0509191 0.0567752 0.0628357 0.0690399 0.0753213 0.0816084 0.0878264 0.0938987 0.0997488 0.105302 0.110485 0.115231 0.119477 0.123169 0.126257 0.128701 0.13047 0.13154 0.131898 0.13154 0.130469 0.128701 0.126258 0.123172 0.119484 0.115242 0.110502 0.105326 0.0997823 0.0939428 0.0878825 0.0816778 0.075405 0.0691384 0.0629491 0.0569032 0.0510608 0.0454744 0.0401882 0.0352379 0.0306497 0.0264407 0.0226193 0.0191855 0.0161319 0.0134446 0.0111045 0.0090881 0.00736902 0.00591905 0.00470918 0.00371053 0.00289519 0.00223678 0.00171092 0.00129556 0.000971126 0.000720533 0.000529148 0.000384636 0.000276775 0.000197228 0.000139312 9.77615e-05 6.85133e-05 4.85126e-05 3.55484e-05 2.81318e-05 
3.32688e-05 3.5357e-05 4.33679e-05 5.83194e-05 8.20047e-05 0.000117123 0.000167442 0.000238004 0.000335367 0.000467874 0.000645945 0.00088236 0.00119253 0.00159472 0.0021102 0.00276331 0.00358135 0.00459438 0.00583475 0.00733652 0.00913463 0.0112639 0.0137578 0.0166471 0.0199586 0.0237137 0.0279266 0.0326038 0.037742 0.0433283 0.0493388 0.0557388 0.0624829 0.0695157 0.0767723 0.0841797 0.0916584 0.0991239 0.106488 0.113663 0.120559 0.12709 0.133175 0.138737 0.143705 0.148018 0.151621 0.15447 0.156529 0.157774 0.15819 0.15777 0.156522 0.154459 0.151607 0.148003 0.143691 0.138724 0.133166 0.127087 0.120564 0.113678 0.106515 0.0991652 0.0917156 0.084254 0.0768643 0.0696256 0.0626103 0.0558826 0.0494975 0.0434998 0.0379237 0.0327928 0.02812 0.0239082 0.0201512 0.0168348 0.013938 0.0114345 0.0092937 0.00748276 0.0059673 0.00471286 0.00368579 0.00285411 0.00218807 0.00166059 0.00124749 0.000927605 0.000682685 0.000497296 0.000358595 0.000256067 0.000181251 0.000127463 8.95278e-05 6.35441e-05 4.66825e-05 3.7035e-05 
4.3454e-05 4.61909e-05 5.65877e-05 7.59454e-05 0.00010655 0.000151835 0.000216579 0.000307158 0.000431838 0.000601101 0.000827982 0.00112841 0.0015215 0.00202983 0.00267953 0.00350036 0.00452552 0.00579129 0.00733652 0.00920173 0.0114281 0.0140564 0.017125 0.0206688 0.0247175 0.0292936 0.034411 0.0400737 0.0462744 0.0529937 0.0601999 0.0678485 0.0758828 0.0842348 0.0928262 0.10157 0.110373 0.119135 0.127756 0.136133 0.144166 0.151757 0.158815 0.165253 0.170995 0.175972 0.180125 0.183404 0.185773 0.187203 0.187679 0.187195 0.185756 0.18338 0.180094 0.175936 0.170956 0.165212 0.158774 0.15172 0.144135 0.136111 0.127746 0.11914 0.110394 0.101611 0.0928876 0.0843175 0.0759869 0.0679735 0.0603445 0.0531559 0.0464516 0.0402629 0.0346089 0.0294965 0.0249218 0.020871 0.0173218 0.0142449 0.0116059 0.00936682 0.00748757 0.00592749 0.00464655 0.00360639 0.0027711 0.00210781 0.00158698 0.00118263 0.000872255 0.000636743 0.000460117 0.00032925 0.000233542 0.000164587 0.000115861 8.24309e-05 6.07122e-05 4.82838e-05 
5.62094e-05 5.97595e-05 7.312e-05 9.79374e-05 0.000137097 0.000194922 0.000277414 0.000392554 0.000550659 0.000764761 0.00105101 0.00142904 0.00192236 0.00255852 0.00336934 0.0043908 0.00566282 0.00722875 0.00913463 0.0114281 0.0141573 0.0173688 0.0211064 0.025409 0.0303084 0.0358277 0.0419795 0.048764 0.0561683 0.0641651 0.0727128 0.0817552 0.0912225 0.101033 0.111092 0.121298 0.131542 0.141709 0.151685 0.161353 0.1706 0.179319 0.187407 0.194771 0.201327 0.207001 0.211728 0.215458 0.218149 0.219772 0.22031 0.219758 0.218122 0.215418 0.211678 0.20694 0.201259 0.194698 0.187331 0.179243 0.170528 0.161287 0.15163 0.141669 0.13152 0.121296 0.111113 0.101078 0.0912939 0.081852 0.0728342 0.0643096 0.0563333 0.0489465 0.0421759 0.036034 0.0305203 0.0256225 0.0213175 0.0175737 0.014353 0.0116119 0.00930451 0.00738336 0.00580141 0.00451318 0.00347583 0.00264983 0.00199953 0.00149334 0.00110381 0.000807502 0.000584743 0.000419308 0.000298046 0.000210495 0.000148507 0.00010591 7.82028e-05 6.23447e-05 
7.20127e-05 7.65706e-05 9.35725e-05 0.000125081 0.000174704 0.000247828 0.000351919 0.00049687 0.000695428 0.000963637 0.0013213 0.0017924 0.0024055 0.00319395 0.00419604 0.00545483 0.0070178 0.00893616 0.0112639 0.0140564 0.0173688 0.0212543 0.0257616 0.0309331 0.0368024 0.0433922 0.0507122 0.0587576 0.0675079 0.0769261 0.0869586 0.0975357 0.108573 0.119971 0.13162 0.143402 0.155191 0.166856 0.178268 0.189297 0.19982 0.209716 0.218876 0.227199 0.234595 0.240985 0.246302 0.250491 0.253511 0.255331 0.255934 0.255313 0.253474 0.250437 0.246231 0.240899 0.234497 0.227091 0.218761 0.209597 0.199701 0.189183 0.178163 0.166764 0.155116 0.143349 0.131592 0.11997 0.108601 0.0975945 0.0870473 0.0770436 0.0676521 0.0589254 0.0508999 0.0435956 0.0370168 0.0311537 0.0259836 0.0214733 0.0175809 0.014258 0.0114524 0.00910948 0.0071746 0.00559448 0.00431851 0.00329974 0.00249551 0.00186787 0.00138364 0.00101438 0.000736105 0.000528953 0.000376771 0.000266663 0.000188553 0.000134788 9.97764e-05 7.97335e-05 
9.13827e-05 9.71756e-05 0.000118603 0.000158224 0.000220503 0.000312094 0.000442187 0.00062293 0.000869919 0.00120271 0.00164535 0.00222684 0.00298155 0.00394944 0.0051761 0.00671253 0.0086146 0.0109422 0.0137578 0.017125 0.0211064 0.0257616 0.031144 0.0372991 0.044261 0.0520508 0.0606739 0.0701187 0.0803549 0.0913339 0.102988 0.115232 0.127963 0.141066 0.154413 0.167866 0.181284 0.194519 0.207428 0.219869 0.231705 0.242809 0.253062 0.262358 0.270602 0.277713 0.283621 0.288271 0.291619 0.293636 0.294302 0.293612 0.291572 0.288201 0.28353 0.277602 0.270473 0.262213 0.252905 0.242644 0.231537 0.219702 0.207267 0.19437 0.18115 0.167754 0.154327 0.14101 0.127939 0.115242 0.103034 0.0914146 0.0804688 0.070263 0.060845 0.0522442 0.0444716 0.0375215 0.0313729 0.0259916 0.0213326 0.0173431 0.0139642 0.011134 0.00878991 0.00687007 0.0053154 0.00407069 0.00308546 0.00231453 0.00171823 0.00126237 0.000917995 0.000661037 0.000471839 0.000334658 0.000237156 0.000169931 0.000126104 0.000101009 
0.000114871 0.00012216 0.000148907 0.000198257 0.000275683 0.000389322 0.000550382 0.000773637 0.00107798 0.00148703 0.0020297 0.00274072 0.00366104 0.00483804 0.00632549 0.00818317 0.0104761 0.0132736 0.0166471 0.0206688 0.025409 0.0309331 0.0372991 0.0445542 0.0527323 0.0618512 0.07191 0.0828883 0.094744 0.107414 0.120815 0.134844 0.149379 0.164285 0.179416 0.194614 0.209722 0.224576 0.239017 0.252893 0.266057 0.278373 0.289718 0.299981 0.309063 0.316883 0.323371 0.32847 0.332138 0.334345 0.335073 0.334317 0.332081 0.328385 0.32326 0.316747 0.308904 0.299801 0.289521 0.278163 0.265838 0.252671 0.238797 0.224364 0.209524 0.194437 0.179264 0.164165 0.149294 0.134797 0.120809 0.107448 0.0948179 0.0829997 0.0720557 0.0620265 0.0529321 0.0447724 0.0375297 0.03117 0.0256463 0.0209012 0.01687 0.0134833 0.0106698 0.0083589 0.00648224 0.00497557 0.00377977 0.0028416 0.00211408 0.0015565 0.00113427 0.000818473 0.000585432 0.000416104 0.00029552 0.000212246 0.000157893 0.000126764 
0.000143047 0.000152129 0.000185202 0.000246095 0.000341453 0.000481135 0.000678681 0.000951886 0.00132343 0.00182157 0.00248072 0.00334209 0.00445399 0.00587207 0.00765911 0.00988446 0.0126231 0.0159541 0.0199586 0.0247175 0.0303084 0.0368024 0.044261 0.0527323 0.0622482 0.0728213 0.0844427 0.0970804 0.110679 0.125158 0.140415 0.156328 0.172756 0.189541 0.206516 0.223508 0.240339 0.256831 0.272813 0.28812 0.302599 0.316108 0.328518 0.339717 0.349609 0.358108 0.365148 0.370675 0.374646 0.377034 0.37782 0.377001 0.374581 0.370577 0.36502 0.357949 0.349421 0.339505 0.328282 0.315853 0.302331 0.287843 0.272533 0.256555 0.240074 0.223261 0.206294 0.18935 0.172602 0.156216 0.140347 0.125136 0.110703 0.0971496 0.0845539 0.0729702 0.0624294 0.0529396 0.0444875 0.0370413 0.0305529 0.0249613 0.0201961 0.0161804 0.0128345 0.0100783 0.00783362 0.00602647 0.0045883 0.00345701 0.00257747 0.0019017 0.00138872 0.00100416 0.000719731 0.000512632 0.00036487 0.00026266 0.00019587 0.000157608 
0.000176487 0.000187692 0.000228207 0.000302646 0.000419006 0.000589119 0.000829194 0.00116047 0.00160991 0.002211 0.00300435 0.00403837 0.00536955 0.00706258 0.00919007 0.0118317 0.015073 0.0190033 0.0237137 0.0292936 0.0358277 0.0433922 0.0520508 0.0618512 0.0728213 0.0849667 0.0982679 0.112679 0.128128 0.144516 0.16172 0.179595 0.197978 0.216691 0.235546 0.254349 0.272906 0.291026 0.308525 0.325231 0.340983 0.355636 0.369061 0.381146 0.391794 0.400927 0.408479 0.414399 0.418648 0.421201 0.422042 0.421165 0.418576 0.414291 0.408336 0.40075 0.391584 0.380904 0.368791 0.355341 0.340668 0.324902 0.308188 0.290687 0.272573 0.254031 0.23525 0.216425 0.19775 0.17941 0.161582 0.144429 0.128094 0.112697 0.0983354 0.0850803 0.0729757 0.06204 0.0522668 0.0436277 0.036075 0.0295453 0.023963 0.0192445 0.0153011 0.0120432 0.00938233 0.00723419 0.00552002 0.00416806 0.00311426 0.00230258 0.00168495 0.00122085 0.000876843 0.000625834 0.000446402 0.000322086 0.000240758 0.000194155 
0.000215745 0.000229438 0.000278611 0.000368779 0.000509474 0.000714767 0.00100389 0.00140194 0.00194073 0.00265953 0.00360586 0.00483603 0.0064155 0.00841879 0.010929 0.0140369 0.0178389 0.0224353 0.0279266 0.034411 0.0419795 0.0507122 0.0606739 0.07191 0.0844427 0.0982679 0.113353 0.129636 0.147026 0.165402 0.184619 0.204508 0.224883 0.245543 0.26628 0.28688 0.307135 0.326841 0.345804 0.363844 0.380799 0.396522 0.410886 0.423783 0.435119 0.444821 0.45283 0.459099 0.463594 0.466292 0.467181 0.466254 0.463518 0.458985 0.452678 0.444631 0.434892 0.423519 0.41059 0.396195 0.380445 0.363469 0.345413 0.326443 0.306737 0.286492 0.265909 0.2452 0.224576 0.204244 0.184405 0.165243 0.146924 0.129594 0.113368 0.0983375 0.0845621 0.0720728 0.0608724 0.0509382 0.0422244 0.0346665 0.0281847 0.0226889 0.0180823 0.0142651 0.0111387 0.00860764 0.00658247 0.00498102 0.00372957 0.00276327 0.00202621 0.00147109 0.00105871 0.000757189 0.000541245 0.000391394 0.00029325 0.000236995 
0.000261338 0.000277913 0.000337051 0.000445285 0.000613873 0.000859403 0.00120448 0.00167852 0.00231868 0.00317066 0.00428951 0.00574019 0.00759784 0.00994752 0.0128836 0.0165081 0.0209291 0.0262575 0.0326038 0.0400737 0.048764 0.0587576 0.0701187 0.0828883 0.0970804 0.112679 0.129636 0.147871 0.16727 0.187689 0.208959 0.230886 0.253259 0.275855 0.298444 0.320796 0.342689 0.363906 0.384248 0.403531 0.421591 0.438286 0.453491 0.467104 0.479041 0.489235 0.497633 0.504197 0.508898 0.511719 0.512647 0.51168 0.508821 0.50408 0.497477 0.489038 0.478804 0.466827 0.453176 0.437934 0.421207 0.403118 0.383812 0.363455 0.342231 0.320341 0.298001 0.275434 0.252872 0.230541 0.208665 0.187452 0.167094 0.14776 0.129591 0.112697 0.0971567 0.0830171 0.0702925 0.0589677 0.0490011 0.0403283 0.0328669 0.0265209 0.0211856 0.0167517 0.0131098 0.0101534 0.0077814 0.00590084 0.00442754 0.00328714 0.00241522 0.00175704 0.00126702 0.000908003 0.000650406 0.00047137 0.00035398 0.000286673 
0.000313713 0.000333589 0.000404074 0.000532833 0.000733051 0.00102411 0.00143234 0.00199194 0.0027459 0.00374695 0.00505832 0.00675428 0.0089203 0.0116526 0.0150573 0.0192484 0.0243454 0.0304701 0.037742 0.0462744 0.0561683 0.0675079 0.0803549 0.094744 0.110679 0.128128 0.147026 0.16727 0.188722 0.211214 0.234549 0.258508 0.282854 0.307342 0.331722 0.35575 0.379188 0.401813 0.423422 0.443829 0.462873 0.480417 0.496346 0.510564 0.522999 0.533593 0.542304 0.549102 0.553965 0.55688 0.55784 0.556842 0.553889 0.548987 0.54215 0.533398 0.522761 0.510283 0.496022 0.480052 0.462468 0.443388 0.422951 0.401319 0.378678 0.355235 0.331212 0.306848 0.282388 0.258081 0.234172 0.210895 0.188468 0.167085 0.146913 0.128086 0.110704 0.0948316 0.0804971 0.0676956 0.0563917 0.0465232 0.0380061 0.0307399 0.0246126 0.0195057 0.0152992 0.0118749 0.0091203 0.00693071 0.005211 0.00387664 0.00285402 0.00208034 0.00150309 0.00107932 0.00077471 0.000562671 0.000423487 0.00034366 
0.000373223 0.000396838 0.0004801 0.000631928 0.000867628 0.00120965 0.00168841 0.0023433 0.00322367 0.00438981 0.00591374 0.00787966 0.0103839 0.0135346 0.0174497 0.0222554 0.028083 0.0350645 0.0433283 0.0529937 0.0641651 0.0769261 0.0913339 0.107414 0.125158 0.144516 0.165402 0.187689 0.211214 0.235781 0.261164 0.287118 0.313382 0.339688 0.365769 0.391365 0.416229 0.440132 0.46287 0.484259 0.504146 0.5224 0.538917 0.553616 0.566435 0.57733 0.586269 0.593232 0.598208 0.601189 0.602172 0.601154 0.598138 0.593125 0.586123 0.577143 0.566205 0.553341 0.538596 0.522033 0.503733 0.483804 0.462376 0.439606 0.415678 0.390799 0.365199 0.339127 0.312842 0.286612 0.260704 0.235378 0.210878 0.187426 0.165216 0.144408 0.125125 0.107454 0.0914375 0.077085 0.064369 0.0532316 0.0435889 0.0353372 0.028358 0.0225244 0.0177056 0.0137724 0.0105999 0.00807178 0.00608123 0.00453302 0.00334376 0.00244202 0.00176781 0.00127187 0.000914748 0.000665781 0.000502181 0.000408321 
0.000440095 0.000467896 0.00056539 0.000742865 0.00101794 0.00141638 0.00197306 0.00273295 0.00375223 0.00509929 0.00685543 0.00911533 0.0119868 0.0155898 0.020055 0.0255207 0.0321294 0.0400234 0.0493388 0.0601999 0.0727128 0.0869586 0.102988 0.120815 0.140415 0.16172 0.184619 0.208959 0.234549 0.261164 0.28855 0.316434 0.344532 0.372554 0.400218 0.427249 0.453395 0.478424 0.502132 0.524345 0.544915 0.563727 0.580689 0.595734 0.608815 0.619904 0.628983 0.636042 0.64108 0.644096 0.645092 0.644066 0.641018 0.635947 0.628851 0.619734 0.608603 0.595475 0.580382 0.56337 0.544508 0.523888 0.501628 0.477878 0.452814 0.426644 0.399598 0.371934 0.343924 0.315854 0.288011 0.260679 0.23413 0.208615 0.184356 0.161541 0.14032 0.1208 0.103047 0.0870826 0.0728914 0.0604216 0.0495914 0.0402952 0.0324093 0.0257989 0.0203234 0.015842 0.0122181 0.00932283 0.0070377 0.00525617 0.00388459 0.00284234 0.00206146 0.00148595 0.00107081 0.000780969 0.000590306 0.000480886 
0.000514403 0.000546838 0.00066001 0.000865682 0.00118396 0.00164422 0.00228604 0.00316039 0.0043307 0.00587387 0.00788102 0.0104577 0.0137235 0.0178107 0.0228625 0.0290293 0.0364647 0.0453202 0.0557388 0.0678485 0.0817552 0.0975357 0.115232 0.134844 0.156328 0.179595 0.204508 0.230886 0.258508 0.287118 0.316434 0.346157 0.375979 0.40559 0.434693 0.463006 0.49027 0.516255 0.540762 0.563626 0.584713 0.603921 0.621176 0.636429 0.64965 0.660825 0.669953 0.677037 0.682086 0.685107 0.686105 0.685082 0.682035 0.676958 0.669842 0.660679 0.649463 0.636197 0.620896 0.603588 0.584325 0.563182 0.540263 0.515705 0.489675 0.462375 0.434037 0.404921 0.375312 0.345509 0.31582 0.286553 0.258007 0.23046 0.204166 0.179341 0.156165 0.134769 0.11524 0.0976191 0.0819032 0.068049 0.055979 0.0455872 0.0367463 0.0293143 0.0231415 0.0180759 0.0139692 0.01068 0.00807784 0.00604444 0.00447547 0.00328068 0.00238371 0.00172141 0.00124285 0.000908243 0.000687908 0.000561419 
0.000596041 0.000633548 0.000763797 0.00100013 0.00136531 0.00189252 0.00262637 0.00362414 0.00495686 0.00671038 0.00898594 0.0119003 0.0155851 0.0201852 0.025856 0.0327599 0.041061 0.0509191 0.0624829 0.0758828 0.0912225 0.108573 0.127963 0.149379 0.172756 0.197978 0.224883 0.253259 0.282854 0.313382 0.344532 0.375979 0.407392 0.438445 0.468827 0.498251 0.526456 0.553216 0.578342 0.601679 0.623111 0.642553 0.659949 0.675271 0.688508 0.699664 0.708754 0.715794 0.720805 0.723801 0.724792 0.723783 0.720768 0.715735 0.708669 0.699549 0.688356 0.675076 0.659705 0.642254 0.622754 0.601261 0.577861 0.552676 0.52586 0.497607 0.468146 0.437739 0.406677 0.375272 0.34385 0.312743 0.282274 0.252752 0.224461 0.197648 0.172521 0.14924 0.127916 0.108611 0.0913349 0.0760574 0.0627063 0.0511774 0.0413409 0.033049 0.0261433 0.0204618 0.0158441 0.0121368 0.00919691 0.00689447 0.00511406 0.00375545 0.00273351 0.00197754 0.0014304 0.00104731 0.000794799 0.000649792 
0.000684703 0.000727696 0.000876335 0.00114563 0.00156116 0.00216008 0.00299231 0.00412169 0.00562718 0.00760384 0.0101633 0.0134339 0.0175592 0.0226966 0.0290138 0.0366845 0.0458826 0.0567752 0.0695157 0.0842348 0.101033 0.119971 0.141066 0.164285 0.189541 0.216691 0.245543 0.275855 0.307342 0.339688 0.372554 0.40559 0.438445 0.470777 0.502266 0.53262 0.561582 0.588932 0.614493 0.638126 0.659732 0.679248 0.69664 0.711899 0.725035 0.736072 0.74504 0.751972 0.756898 0.759841 0.760818 0.759832 0.756877 0.751937 0.744986 0.735993 0.724924 0.711748 0.696442 0.678995 0.659419 0.637746 0.614045 0.588416 0.561 0.531979 0.501574 0.470048 0.437694 0.404835 0.371814 0.338982 0.306688 0.27527 0.245042 0.216284 0.189233 0.16408 0.140961 0.119959 0.101105 0.0843792 0.0697182 0.0570212 0.0461575 0.0369748 0.0293073 0.0229829 0.0178302 0.0136836 0.0103879 0.00780114 0.00579668 0.00426404 0.00310899 0.00225306 0.00163258 0.00119756 0.000910537 0.00074566 
0.000779865 0.000828723 0.000996939 0.00130127 0.00177021 0.0024451 0.00338131 0.00464947 0.0063367 0.00854747 0.011404 0.0150461 0.0196296 0.025324 0.032309 0.0407689 0.0508865 0.0628357 0.0767723 0.0928262 0.111092 0.13162 0.154413 0.179416 0.206516 0.235546 0.26628 0.298444 0.331722 0.365769 0.400218 0.434693 0.468827 0.502266 0.534682 0.565783 0.595316 0.623072 0.648888 0.672645 0.694265 0.713704 0.730954 0.746027 0.758956 0.769782 0.778554 0.785319 0.790118 0.792984 0.793938 0.792984 0.790115 0.78531 0.778533 0.769743 0.758891 0.745927 0.73081 0.713507 0.694005 0.672317 0.648486 0.622593 0.594761 0.565157 0.533994 0.501527 0.468053 0.433901 0.399428 0.365003 0.331001 0.297786 0.265703 0.235063 0.206136 0.179143 0.154247 0.131556 0.111121 0.0929368 0.0769503 0.0630659 0.0511535 0.0410577 0.0326063 0.0256182 0.0199112 0.0153081 0.0116415 0.00875753 0.00651825 0.00480275 0.00350752 0.00254608 0.00184805 0.00135802 0.0010344 0.000848447 
0.000880777 0.000935827 0.00112464 0.00146577 0.00199073 0.00274514 0.00378998 0.00520283 0.00707908 0.00953271 0.0126966 0.016722 0.0217767 0.0280422 0.0357095 0.044973 0.0560235 0.0690399 0.0841797 0.10157 0.121298 0.143402 0.167866 0.194614 0.223508 0.254349 0.28688 0.320796 0.35575 0.391365 0.427249 0.463006 0.498251 0.53262 0.565783 0.597448 0.627372 0.655358 0.681261 0.704982 0.726465 0.745691 0.762676 0.777454 0.79008 0.800616 0.809127 0.815675 0.820312 0.82308 0.824003 0.823089 0.820328 0.815693 0.809142 0.80062 0.790065 0.777409 0.762591 0.745555 0.726267 0.704713 0.680914 0.654928 0.626857 0.596852 0.565111 0.531884 0.497465 0.462189 0.426421 0.390549 0.354969 0.320072 0.286232 0.253793 0.223056 0.194273 0.167638 0.143283 0.121281 0.101644 0.0843302 0.0692513 0.0562796 0.0452579 0.0360085 0.0283424 0.0220675 0.0169951 0.0129461 0.00975494 0.0072723 0.00536681 0.00392563 0.0028541 0.00207499 0.00152737 0.0011654 0.000957335 
0.00098646 0.00104797 0.00125818 0.00163751 0.00222051 0.00305718 0.00421418 0.0057761 0.00784663 0.0105493 0.0140276 0.0184439 0.0239778 0.0308224 0.0391792 0.0492519 0.0612384 0.0753213 0.0916584 0.110373 0.131542 0.155191 0.181284 0.209722 0.240339 0.272906 0.307135 0.342689 0.379188 0.416229 0.453395 0.49027 0.526456 0.561582 0.595316 0.627372 0.657516 0.68557 0.711405 0.734946 0.75616 0.775054 0.791666 0.806057 0.818301 0.828481 0.836678 0.842968 0.847414 0.850066 0.850953 0.850085 0.847449 0.843014 0.836729 0.82853 0.818338 0.806071 0.791644 0.774984 0.75603 0.734744 0.711122 0.685198 0.657053 0.626816 0.594673 0.560861 0.525671 0.489439 0.45254 0.415373 0.378356 0.341905 0.306421 0.272281 0.239818 0.209314 0.180993 0.155016 0.131477 0.110407 0.0917788 0.0755113 0.0614811 0.0495305 0.0394778 0.0311268 0.0242762 0.0187269 0.0142882 0.010783 0.00805104 0.00595046 0.00435905 0.00317399 0.00231113 0.00170394 0.00130223 0.00107126 
0.00109572 0.00116388 0.00139605 0.00181451 0.00245691 0.00337763 0.004649 0.00636263 0.00863046 0.0115854 0.0153814 0.0201918 0.0262074 0.0336323 0.0426779 0.0535564 0.0664715 0.0816084 0.0991239 0.119135 0.141709 0.166856 0.194519 0.224576 0.256831 0.291026 0.326841 0.363906 0.401813 0.440132 0.478424 0.516255 0.553216 0.588932 0.623072 0.655358 0.68557 0.713545 0.739177 0.762413 0.783246 0.801709 0.817863 0.831792 0.843592 0.853364 0.861206 0.867207 0.871442 0.873965 0.874812 0.873992 0.871494 0.86728 0.861294 0.853457 0.843681 0.831864 0.817906 0.801708 0.783188 0.762283 0.738964 0.713239 0.685165 0.654853 0.622468 0.588237 0.552444 0.515422 0.477552 0.439246 0.400939 0.36307 0.326067 0.290337 0.256244 0.224103 0.194168 0.166626 0.141596 0.119129 0.0992124 0.0817751 0.0666988 0.0538267 0.0429743 0.0339393 0.0265121 0.0204835 0.0156522 0.0118299 0.00884549 0.00654696 0.00480281 0.00350209 0.00255377 0.00188569 0.00144335 0.00118894 
