0.00461158 0.00464754 0.00476264 0.00495755 0.00523297 0.00558985 0.00602935 0.00655278 0.00716158 0.00785724 0.00864125 0.00951502 0.0104798 0.0115367 0.0126863 0.0139291 0.015265 0.0166934 0.0182129 0.0198217 0.0215172 0.0232959 0.0251537 0.0270855 0.0290853 0.0311462 0.0332608 0.0354203 0.0376156 0.0398364 0.0420719 0.0443108 0.0465411 0.0487502 0.0509256 0.053054 0.0551225 0.0571179 0.0590273 0.060838 0.0625378 0.0641151 0.0655587 0.0668586 0.0680053 0.0689906 0.0698073 0.0704495 0.0709123 0.0711923 0.0712876 0.0711974 0.0709224 0.0704646 0.0698276 0.069016 0.0680358 0.0668943 0.0655996 0.0641611 0.0625891 0.0608944 0.0590888 0.0571844 0.055194 0.0531304 0.0510067 0.0488359 0.0466311 0.0444049 0.0421698 0.0399377 0.03772 0.0355275 0.0333702 0.0312575 0.0291979 0.0271989 0.0252675 0.0234094 0.0216299 0.019933 0.0183223 0.0168003 0.015369 0.0140295 0.0127826 0.0116284 0.0105666 0.00959635 0.00871675 0.00792654 0.00722434 0.00660871 0.0060782 0.00563141 0.00526706 0.00498403 0.00478142 0.00465881 
0.00464754 0.00468381 0.00479981 0.00499624 0.0052738 0.00563344 0.00607633 0.00660378 0.00721725 0.00791822 0.0087082 0.00958859 0.0105607 0.0116255 0.0127838 0.0140359 0.0153817 0.0168206 0.0183513 0.019972 0.0216798 0.0234715 0.0253427 0.0272884 0.0293025 0.0313782 0.0335077 0.0356825 0.0378931 0.0401294 0.0423806 0.0446349 0.0468806 0.0491049 0.051295 0.0534379 0.0555204 0.0575292 0.0594514 0.0612743 0.0629854 0.0645731 0.0660264 0.0673348 0.068489 0.0694808 0.0703029 0.0709492 0.071415 0.0716969 0.0717927 0.0717019 0.071425 0.0709642 0.070323 0.069506 0.0685193 0.0673701 0.0660669 0.0646188 0.0630362 0.0613302 0.0595125 0.0575953 0.0555915 0.0535139 0.0513757 0.0491901 0.0469701 0.0447286 0.042478 0.0402304 0.0379972 0.0357893 0.0336169 0.0314892 0.0294149 0.0274016 0.0254563 0.0235849 0.0217924 0.0200832 0.0184607 0.0169275 0.0154856 0.0141363 0.0128801 0.0117173 0.0106475 0.00967002 0.00878379 0.00798761 0.0072801 0.00665981 0.00612527 0.00567508 0.00530795 0.00502278 0.00481864 0.00469511 
0.00476264 0.00479981 0.00491856 0.0051196 0.00540363 0.00577161 0.00622473 0.00676433 0.00739186 0.00810884 0.00891677 0.00981709 0.0108111 0.0118997 0.0130838 0.0143637 0.0157392 0.0172096 0.0187736 0.0204293 0.022174 0.024004 0.025915 0.0279017 0.0299581 0.0320771 0.0342508 0.0364704 0.0387263 0.0410082 0.0433049 0.0456047 0.0478953 0.0501639 0.0523975 0.0545826 0.0567059 0.058754 0.0607136 0.0625717 0.0643159 0.0659341 0.0674152 0.0687486 0.0699248 0.0709354 0.071773 0.0724315 0.072906 0.0731931 0.0732907 0.073198 0.0729157 0.0724461 0.0717925 0.0709598 0.0699542 0.0687829 0.0674546 0.0659786 0.0643654 0.0626263 0.0607732 0.0588187 0.0567755 0.054657 0.0524766 0.0502476 0.0479834 0.0456969 0.043401 0.0411079 0.0388292 0.0365761 0.0343589 0.0321871 0.0300696 0.0280142 0.0260279 0.0241168 0.0222861 0.0205403 0.0188827 0.0173163 0.015843 0.0144641 0.0131802 0.0119917 0.0108981 0.0098987 0.00899257 0.00817845 0.00745495 0.00682059 0.00627389 0.00581345 0.00543796 0.00514629 0.00493751 0.00481119 
0.00495755 0.00499624 0.0051196 0.00532834 0.00562319 0.00600513 0.00647537 0.00703526 0.0076863 0.00843002 0.00926794 0.0102015 0.011232 0.0123605 0.0135876 0.0149138 0.0163387 0.0178616 0.0194812 0.0211953 0.0230011 0.0248949 0.026872 0.0289271 0.0310538 0.0332447 0.0354918 0.0377858 0.0401169 0.0424744 0.0448468 0.0472219 0.049587 0.0519291 0.0542346 0.0564898 0.0586808 0.0607939 0.0628154 0.064732 0.0665308 0.0681995 0.0697266 0.0711013 0.0723139 0.0733556 0.0742189 0.0748976 0.0753865 0.0756823 0.0757826 0.0756869 0.0753957 0.0749114 0.0742374 0.0733788 0.0723418 0.071134 0.0697642 0.0682419 0.0665781 0.0647842 0.0628726 0.060856 0.0587478 0.0565616 0.0543112 0.0520103 0.0496726 0.0473117 0.0449405 0.0425718 0.0402177 0.0378895 0.035598 0.0333531 0.0311638 0.0290383 0.0269838 0.0250067 0.0231124 0.0213056 0.0195898 0.017968 0.0164423 0.0150141 0.0136841 0.0124526 0.0113192 0.0102834 0.00934406 0.00849998 0.00774974 0.00709187 0.00652487 0.00604728 0.0056578 0.00535527 0.00513873 0.00500776 
0.00523297 0.0052738 0.00540363 0.00562319 0.00593323 0.00633477 0.00682903 0.00741741 0.00810144 0.00888268 0.00976268 0.0107429 0.0118246 0.0130089 0.0142964 0.0156873 0.0171815 0.018778 0.0204753 0.0222712 0.0241626 0.0261456 0.0282153 0.0303659 0.0325909 0.0348824 0.037232 0.03963 0.0420662 0.0445293 0.0470073 0.0494875 0.0519568 0.0544014 0.0568072 0.0591601 0.0614456 0.0636493 0.0657572 0.0677553 0.0696303 0.0713695 0.0729608 0.0743931 0.0756563 0.0767414 0.0776405 0.0783472 0.0788563 0.0791641 0.0792684 0.0791684 0.0788648 0.07836 0.0776576 0.0767628 0.0756821 0.0744234 0.0729957 0.071409 0.0696745 0.0678043 0.065811 0.063708 0.061509 0.0592284 0.0568802 0.0544789 0.0520388 0.0495738 0.0470977 0.0446235 0.042164 0.0397309 0.0373356 0.0349884 0.0326987 0.0304752 0.0283254 0.026256 0.0242728 0.0223806 0.0205832 0.0188839 0.0172848 0.0157875 0.0143928 0.0131011 0.0119121 0.0108251 0.00983919 0.00895308 0.00816535 0.00747449 0.00687898 0.00637734 0.00596822 0.00565044 0.00542302 0.00528551 
0.00558985 0.00563344 0.00577161 0.00600513 0.00633477 0.00676157 0.00728681 0.00791192 0.00863846 0.00946805 0.0104023 0.0114426 0.0125903 0.0138464 0.0152116 0.016686 0.0182692 0.0199604 0.0217578 0.0236588 0.0256603 0.0277579 0.0299465 0.03222 0.0345712 0.0369919 0.0394731 0.0420047 0.0445757 0.0471743 0.0497878 0.0524029 0.0550057 0.0575817 0.0601163 0.0625944 0.0650009 0.0673208 0.0695393 0.0716418 0.0736145 0.0754438 0.0771174 0.0786235 0.0799515 0.0810922 0.0820372 0.0827798 0.0833147 0.0836379 0.0837471 0.0836416 0.0833222 0.0827911 0.0820524 0.0811113 0.0799747 0.0786507 0.0771489 0.0754797 0.0736547 0.0716866 0.0695887 0.0673749 0.0650597 0.0626579 0.0601845 0.0576546 0.0550831 0.0524847 0.0498738 0.0472643 0.0446695 0.0421019 0.0395733 0.0370947 0.0346762 0.0323267 0.0300544 0.0278664 0.0257688 0.0237668 0.0218646 0.0200656 0.0183721 0.0167859 0.015308 0.0139387 0.012678 0.0115252 0.0104792 0.00953897 0.00870292 0.00796955 0.0073373 0.00680465 0.00637022 0.00603277 0.00579132 0.00564539 
0.00602935 0.00607633 0.00622473 0.00647537 0.00682903 0.00728681 0.00785001 0.00852014 0.0092988 0.0101876 0.0111883 0.0123022 0.0135307 0.0148748 0.016335 0.0179116 0.0196039 0.0214108 0.0233305 0.0253602 0.0274962 0.0297339 0.0320678 0.0344913 0.0369966 0.0395751 0.042217 0.0449116 0.0476471 0.0504109 0.0531897 0.0559692 0.0587348 0.0614711 0.0641625 0.0667931 0.0693471 0.0718085 0.0741617 0.0763914 0.0784828 0.080422 0.0821956 0.0837915 0.0851985 0.0864067 0.0874075 0.0881939 0.0887601 0.089102 0.0892173 0.0891052 0.0887664 0.0882035 0.0874204 0.086423 0.0852183 0.083815 0.0822229 0.0804532 0.0785182 0.076431 0.0742057 0.071857 0.0694002 0.0668508 0.0642248 0.0615381 0.0588064 0.0560454 0.0532703 0.0504958 0.0477359 0.0450041 0.0423129 0.0396739 0.037098 0.0345947 0.0321728 0.0298399 0.0276026 0.0254664 0.023436 0.0215149 0.0197059 0.018011 0.0164312 0.0149671 0.0136186 0.0123851 0.0112657 0.0102591 0.00936385 0.0085784 0.00790112 0.00733047 0.006865 0.00650346 0.0062448 0.00608856 
0.00655278 0.00660378 0.00676433 0.00703526 0.00741741 0.00791192 0.00852014 0.00924363 0.010084 0.0110431 0.0121224 0.0133235 0.0146477 0.016096 0.0176688 0.0193662 0.0211875 0.0231314 0.0251957 0.0273774 0.0296724 0.0320757 0.0345813 0.0371819 0.0398692 0.0426339 0.0454655 0.0483523 0.0512818 0.0542405 0.0572141 0.0601875 0.0631448 0.0660698 0.068946 0.0717563 0.0744839 0.0771118 0.0796236 0.0820029 0.0842341 0.0863024 0.0881937 0.0898952 0.091395 0.0926827 0.0937491 0.0945869 0.0951899 0.0955539 0.0956764 0.0955564 0.0951949 0.0945944 0.0937594 0.0926957 0.091411 0.0899143 0.0882161 0.0863282 0.0842636 0.0820363 0.0796611 0.0771536 0.07453 0.071807 0.0690013 0.0661299 0.0632095 0.0602569 0.0572882 0.054319 0.0513646 0.0484391 0.045556 0.0427279 0.0399661 0.0372813 0.0346827 0.0321786 0.0297761 0.0274814 0.0252994 0.023234 0.0212885 0.0194649 0.0177645 0.0161882 0.0147357 0.0134067 0.0122003 0.0111151 0.0101497 0.00930254 0.0085719 0.00795621 0.00745396 0.00706385 0.0067848 0.00661633 
0.00716158 0.00721725 0.00739186 0.0076863 0.00810144 0.00863846 0.0092988 0.010084 0.0109959 0.0120362 0.0132065 0.0145085 0.0159433 0.0175119 0.0192148 0.0210518 0.0230222 0.0251242 0.0273555 0.0297126 0.0321911 0.0347854 0.0374889 0.0402937 0.0431908 0.04617 0.0492199 0.0523281 0.0554809 0.0586639 0.0618617 0.0650579 0.0682358 0.0713778 0.0744662 0.077483 0.08041 0.0832292 0.085923 0.088474 0.0908657 0.0930823 0.0951087 0.0969313 0.0985376 0.0999164 0.101058 0.101955 0.1026 0.102989 0.10312 0.102991 0.102603 0.10196 0.101065 0.0999255 0.098549 0.0969452 0.0951253 0.0931018 0.0908885 0.0885002 0.0859529 0.0832631 0.0804481 0.0775255 0.0745133 0.0714296 0.0682924 0.0651194 0.061928 0.058735 0.0555566 0.0524081 0.0493041 0.0462581 0.0432823 0.0403883 0.037586 0.0348845 0.0322916 0.0298138 0.0274569 0.0252251 0.0231218 0.0211496 0.01931 0.0176038 0.0160312 0.0145919 0.0132847 0.0121087 0.0110622 0.0101436 0.00935123 0.0086834 0.00813859 0.00771542 0.00741277 0.00723015 
0.00785724 0.00791822 0.00810884 0.00843002 0.00888268 0.00946805 0.0101876 0.0110431 0.0120362 0.0131687 0.0144425 0.0158589 0.0174194 0.0191247 0.0209752 0.0229707 0.02511 0.0273914 0.0298119 0.0323678 0.0350542 0.0378648 0.0407923 0.0438282 0.0469627 0.0501844 0.0534813 0.0568396 0.0602448 0.0636812 0.0671321 0.0705799 0.0740067 0.0773935 0.0807214 0.083971 0.0871228 0.0901577 0.0930566 0.0958012 0.0983737 0.100757 0.102936 0.104895 0.106621 0.108102 0.109329 0.110292 0.110984 0.111402 0.111542 0.111403 0.110986 0.110294 0.109332 0.108107 0.106627 0.104903 0.102946 0.100769 0.0983886 0.0958191 0.0930779 0.0901826 0.0871517 0.0840041 0.0807591 0.0774359 0.0740539 0.0706322 0.0671894 0.0637436 0.0603122 0.0569118 0.0535581 0.0502656 0.0470478 0.043917 0.0408842 0.0379592 0.0351506 0.0324657 0.0299104 0.0274899 0.0252078 0.023067 0.0210694 0.019216 0.0175071 0.0159423 0.0145209 0.0132417 0.012103 0.0111033 0.0102407 0.00951363 0.00892043 0.00845968 0.00813021 0.0079315 
0.00864125 0.0087082 0.00891677 0.00926794 0.00976268 0.0104023 0.0111883 0.0121224 0.0132065 0.0144425 0.015832 0.0173767 0.0190778 0.0209361 0.0229518 0.0251245 0.0274528 0.0299346 0.0325666 0.0353446 0.038263 0.0413151 0.0444927 0.0477864 0.0511854 0.0546776 0.0582496 0.0618867 0.0655729 0.0692913 0.0730238 0.0767517 0.0804552 0.0841143 0.0877083 0.0912165 0.0946181 0.0978924 0.101019 0.103979 0.106752 0.10932 0.111668 0.113778 0.115637 0.117232 0.118553 0.119589 0.120335 0.120784 0.120934 0.120784 0.120334 0.119588 0.118552 0.117232 0.115637 0.113779 0.11167 0.109324 0.106758 0.103987 0.101031 0.0979072 0.0946365 0.091239 0.0877352 0.0841459 0.0804918 0.0767934 0.0730709 0.0693437 0.0656307 0.0619498 0.0583179 0.0547508 0.0512632 0.0478684 0.0445784 0.0414041 0.0383547 0.0354383 0.0326616 0.0300302 0.0275482 0.025219 0.0230447 0.0210265 0.019165 0.0174599 0.0159106 0.0145157 0.0132737 0.0121831 0.0112419 0.0104485 0.00980102 0.00929814 0.0089386 0.00872187 
0.00951502 0.00958859 0.00981709 0.0102015 0.0107429 0.0114426 0.0123022 0.0133235 0.0145085 0.0158589 0.0173767 0.0190634 0.0209201 0.0229477 0.025146 0.0275146 0.0300518 0.032755 0.0356207 0.0386439 0.0418184 0.0451368 0.0485902 0.052168 0.0558587 0.0596488 0.0635238 0.0674677 0.0714631 0.0754917 0.0795339 0.0835695 0.0875772 0.0915352 0.0954215 0.0992137 0.102889 0.106426 0.109803 0.112998 0.115991 0.118763 0.121295 0.123571 0.125576 0.127295 0.128719 0.129836 0.130639 0.131123 0.131284 0.131121 0.130636 0.129832 0.128714 0.12729 0.12557 0.123565 0.121289 0.118758 0.115987 0.112996 0.109804 0.10643 0.102896 0.0992243 0.0954364 0.0915548 0.0876017 0.0835994 0.0795694 0.0755329 0.0715101 0.0675204 0.0635823 0.0597128 0.055928 0.0522422 0.0486688 0.0452194 0.0419044 0.0387326 0.0357114 0.032847 0.0301443 0.0276068 0.0252371 0.0230368 0.0210065 0.0191461 0.0174551 0.0159322 0.014576 0.0133846 0.0123564 0.0114893 0.0107818 0.0102322 0.00983937 0.00960267 
0.0104798 0.0105607 0.0108111 0.011232 0.0118246 0.0125903 0.0135307 0.0146477 0.0159433 0.0174194 0.0190778 0.0209201 0.0229475 0.0251604 0.0275589 0.030142 0.0329077 0.0358533 0.0389744 0.0422656 0.0457201 0.0493295 0.0530839 0.056972 0.0609809 0.0650959 0.0693012 0.0735794 0.0779117 0.082278 0.0866574 0.0910278 0.0953663 0.0996495 0.103853 0.107954 0.111928 0.11575 0.119398 0.122848 0.12608 0.129072 0.131805 0.13426 0.136423 0.138278 0.139813 0.141017 0.141883 0.142404 0.142577 0.142401 0.141877 0.141009 0.139803 0.138266 0.13641 0.134246 0.13179 0.129057 0.126066 0.122835 0.119386 0.115741 0.111921 0.107952 0.103855 0.0996556 0.0953775 0.0910445 0.08668 0.0823066 0.0779465 0.0736205 0.0693487 0.0651495 0.0610404 0.0570373 0.0531544 0.0494047 0.0457995 0.0423485 0.0390601 0.035941 0.0329967 0.0302312 0.0276476 0.0252477 0.0230325 0.021002 0.0191557 0.0174925 0.0160109 0.0147091 0.0135852 0.0126375 0.011864 0.0112632 0.0108338 0.0105752 
0.0115367 0.0116255 0.0118997 0.0123605 0.0130089 0.0138464 0.0148748 0.016096 0.0175119 0.0191247 0.0209361 0.0229477 0.0251604 0.0275749 0.0301907 0.0330066 0.0360206 0.039229 0.0426272 0.046209 0.0499668 0.0538914 0.0579718 0.0621956 0.0665487 0.0710151 0.0755774 0.0802168 0.0849128 0.0896439 0.0943871 0.0991186 0.103814 0.108447 0.112994 0.117427 0.12172 0.12585 0.129789 0.133515 0.137003 0.140232 0.14318 0.145829 0.148161 0.150161 0.151816 0.153114 0.154047 0.154608 0.154794 0.154604 0.154039 0.153102 0.151801 0.150143 0.148141 0.145806 0.143156 0.140206 0.136977 0.133489 0.129765 0.125827 0.1217 0.117409 0.11298 0.108439 0.10381 0.0991206 0.0943952 0.0896584 0.0849341 0.0802449 0.0756124 0.071057 0.0665973 0.0622507 0.0580329 0.0539581 0.0500386 0.0462851 0.0427069 0.0393116 0.0361051 0.0330923 0.0302765 0.0276599 0.0252437 0.0230283 0.0210132 0.0191973 0.0175793 0.0161573 0.0149295 0.0138939 0.0130486 0.0123921 0.0119228 0.0116404 
0.0126863 0.0127838 0.0130838 0.0135876 0.0142964 0.0152116 0.016335 0.0176688 0.0192148 0.0209752 0.0229518 0.025146 0.0275589 0.0301907 0.0330408 0.0361079 0.0393891 0.0428807 0.0465772 0.0504717 0.0545558 0.0588192 0.06325 0.0678344 0.072557 0.0774005 0.0823458 0.0873725 0.0924584 0.0975801 0.102713 0.107831 0.112908 0.117916 0.122828 0.127616 0.132253 0.13671 0.140961 0.14498 0.148742 0.152223 0.155402 0.158256 0.160769 0.162924 0.164706 0.166104 0.167108 0.167713 0.167913 0.167707 0.167098 0.166088 0.164685 0.162899 0.16074 0.158224 0.155366 0.152186 0.148704 0.144941 0.140922 0.136672 0.132217 0.127583 0.122799 0.117891 0.112888 0.107817 0.102705 0.0975793 0.0924647 0.0873862 0.0823671 0.0774293 0.0725934 0.0678781 0.0633006 0.0588763 0.0546188 0.05054 0.04665 0.0429572 0.0394685 0.0361891 0.033123 0.0302727 0.0276399 0.0252249 0.0230276 0.021047 0.0192817 0.0177299 0.0163897 0.0152592 0.0143363 0.0136195 0.0131073 0.012799 
0.0139291 0.0140359 0.0143637 0.0149138 0.0156873 0.016686 0.0179116 0.0193662 0.0210518 0.0229707 0.0251245 0.0275146 0.030142 0.0330066 0.0361079 0.0394437 0.0430112 0.0468057 0.0508211 0.05505 0.0594827 0.064108 0.0689128 0.073882 0.0789987 0.0842441 0.0895975 0.0950367 0.100538 0.106075 0.111622 0.117151 0.122633 0.128039 0.13334 0.138505 0.143505 0.14831 0.152891 0.157221 0.161273 0.165022 0.168443 0.171516 0.174221 0.176539 0.178456 0.179959 0.181039 0.181689 0.181904 0.181682 0.181026 0.179939 0.178429 0.176506 0.174183 0.171474 0.168397 0.164972 0.161221 0.157168 0.152837 0.148256 0.143452 0.138455 0.133294 0.127997 0.122596 0.11712 0.111597 0.106057 0.100527 0.0950345 0.0896036 0.0842585 0.0790214 0.0739129 0.0689515 0.0641542 0.0595358 0.0551094 0.0508861 0.0468753 0.0430845 0.0395198 0.0361857 0.0330851 0.03022 0.0275912 0.0251985 0.0230412 0.0211178 0.0194268 0.017966 0.0167335 0.0157274 0.0149458 0.0143874 0.0140515 
0.015265 0.0153817 0.0157392 0.0163387 0.0171815 0.0182692 0.0196039 0.0211875 0.0230222 0.02511 0.0274528 0.0300518 0.0329077 0.0360206 0.0393891 0.0430112 0.0468831 0.0509997 0.0553543 0.0599383 0.0647413 0.0697507 0.0749523 0.0803296 0.0858641 0.0915353 0.0973208 0.103196 0.109136 0.115113 0.121098 0.127061 0.132971 0.138798 0.144508 0.15007 0.155453 0.160624 0.165553 0.170211 0.174568 0.178598 0.182276 0.185578 0.188484 0.190974 0.193033 0.194647 0.195807 0.196504 0.196734 0.196495 0.19579 0.194622 0.193 0.190933 0.188436 0.185525 0.182217 0.178535 0.174502 0.170142 0.165483 0.160554 0.155383 0.150002 0.144443 0.138737 0.132915 0.127011 0.121055 0.115077 0.109108 0.103177 0.0973103 0.0915338 0.0858718 0.0803464 0.074978 0.0697848 0.0647833 0.0599877 0.0554103 0.0510614 0.0469494 0.0430812 0.0394618 0.0360947 0.0329822 0.0301255 0.0275246 0.0251788 0.0230869 0.0212472 0.0196578 0.0183165 0.0172214 0.0163708 0.0157631 0.0153977 
0.0166934 0.0168206 0.0172096 0.0178616 0.018778 0.0199604 0.0214108 0.0231314 0.0251242 0.0273914 0.0299346 0.032755 0.0358533 0.039229 0.0428807 0.0468057 0.0509997 0.0554571 0.0601702 0.0651295 0.0703234 0.0757384 0.0813586 0.0871661 0.0931409 0.0992606 0.105501 0.111836 0.118238 0.124676 0.131121 0.13754 0.1439 0.150167 0.156307 0.162286 0.16807 0.173625 0.178918 0.183918 0.188595 0.192919 0.196865 0.200406 0.203522 0.206192 0.208399 0.21013 0.211372 0.212119 0.212365 0.212109 0.211352 0.210099 0.20836 0.206143 0.203465 0.200342 0.196793 0.192842 0.188513 0.183833 0.17883 0.173536 0.167981 0.162199 0.156222 0.150086 0.143824 0.13747 0.131058 0.124621 0.118191 0.111798 0.105472 0.0992419 0.0931322 0.0871675 0.0813698 0.0757591 0.0703531 0.0651676 0.060216 0.0555097 0.0510581 0.0468687 0.0429473 0.039298 0.0359235 0.0328252 0.0300035 0.0274579 0.0251872 0.0231899 0.0214638 0.0200071 0.0188177 0.0178937 0.0172336 0.0168369 
0.0182129 0.0183513 0.0187736 0.0194812 0.0204753 0.0217578 0.0233305 0.0251957 0.0273555 0.0298119 0.0325666 0.0356207 0.0389744 0.0426272 0.0465772 0.0508211 0.0553543 0.0601702 0.0652602 0.0706139 0.0762186 0.0820594 0.0881189 0.0943777 0.100814 0.107404 0.114121 0.120936 0.127821 0.134743 0.141668 0.148563 0.155392 0.162119 0.168707 0.17512 0.181322 0.187277 0.192949 0.198306 0.203315 0.207946 0.212169 0.21596 0.219294 0.222151 0.224512 0.226363 0.227692 0.22849 0.228753 0.228478 0.227668 0.226327 0.224465 0.222094 0.219227 0.215884 0.212085 0.207854 0.203217 0.198204 0.192844 0.187169 0.181214 0.175013 0.168602 0.162017 0.155295 0.148472 0.141584 0.134666 0.127753 0.120878 0.114073 0.107366 0.100788 0.0943623 0.0881143 0.0820654 0.0762348 0.0706397 0.0652948 0.0602126 0.0554037 0.0508763 0.0466369 0.0426903 0.0390396 0.0356867 0.0326321 0.0298757 0.0274164 0.0252525 0.0233823 0.0218036 0.0205145 0.0195131 0.0187977 0.0183678 
0.0198217 0.019972 0.0204293 0.0211953 0.0222712 0.0236588 0.0253602 0.0273774 0.0297126 0.0323678 0.0353446 0.0386439 0.0422656 0.046209 0.0504717 0.05505 0.0599383 0.0651295 0.0706139 0.0763802 0.0824142 0.0886997 0.095218 0.101948 0.108865 0.115945 0.123158 0.130475 0.137862 0.145286 0.152712 0.160101 0.167417 0.174621 0.181675 0.188538 0.195173 0.201542 0.207607 0.213333 0.218686 0.223633 0.228144 0.232193 0.235753 0.238802 0.241323 0.243298 0.244716 0.245567 0.245847 0.245553 0.244688 0.243257 0.241269 0.238736 0.235675 0.232104 0.228046 0.223526 0.218571 0.213213 0.207482 0.201414 0.195044 0.188409 0.181547 0.174497 0.167297 0.159987 0.152604 0.145187 0.137772 0.130395 0.12309 0.115888 0.10882 0.101914 0.0951963 0.0886897 0.0824155 0.0763922 0.070636 0.0651607 0.0599776 0.0550962 0.0505236 0.0462653 0.042325 0.0387049 0.035406 0.0324283 0.0297708 0.0274321 0.0254104 0.0237036 0.0223097 0.0212268 0.0204533 0.0199887 
0.0215172 0.0216798 0.022174 0.0230011 0.0241626 0.0256603 0.0274962 0.0296724 0.0321911 0.0350542 0.038263 0.0418184 0.0457201 0.0499668 0.0545558 0.0594827 0.0647413 0.0703234 0.0762186 0.0824142 0.0888948 0.0956428 0.102638 0.109857 0.117274 0.124862 0.13259 0.140425 0.148333 0.156277 0.164219 0.17212 0.17994 0.187637 0.19517 0.202498 0.20958 0.216375 0.222845 0.228951 0.234658 0.239931 0.244739 0.249052 0.252844 0.256092 0.258776 0.260879 0.262388 0.263295 0.263592 0.263279 0.262357 0.260832 0.258714 0.256016 0.252755 0.248951 0.244626 0.239809 0.234527 0.228813 0.222701 0.216227 0.209429 0.202347 0.19502 0.187489 0.179796 0.171982 0.164088 0.156154 0.14822 0.140323 0.132499 0.124783 0.117208 0.109804 0.102598 0.0956156 0.0888801 0.0824114 0.0762271 0.0703422 0.0647694 0.059519 0.0545989 0.0500155 0.0457729 0.0418738 0.0383197 0.0351107 0.0322461 0.0297246 0.0275444 0.0257036 0.0242001 0.023032 0.0221977 0.0216967 
0.0232959 0.0234715 0.024004 0.0248949 0.0261456 0.0277579 0.0297339 0.0320757 0.0347854 0.0378648 0.0413151 0.0451368 0.0493295 0.0538914 0.0588192 0.064108 0.0697507 0.0757384 0.0820594 0.0886997 0.0956428 0.102869 0.110357 0.118082 0.126015 0.134128 0.142387 0.150757 0.159201 0.167681 0.176156 0.184583 0.192921 0.201124 0.20915 0.216955 0.224496 0.231729 0.238613 0.245109 0.251179 0.256786 0.261896 0.26648 0.27051 0.273961 0.276812 0.279046 0.280649 0.281611 0.281927 0.281593 0.280614 0.278994 0.276743 0.273876 0.27041 0.266366 0.261769 0.256647 0.25103 0.244952 0.238449 0.231559 0.224323 0.216781 0.208976 0.200952 0.192752 0.18442 0.176 0.167534 0.159064 0.150631 0.142273 0.134027 0.125928 0.118008 0.110298 0.102824 0.0956108 0.0886809 0.0820531 0.0757437 0.0697667 0.0641333 0.0588527 0.0539315 0.0493748 0.0451859 0.0413663 0.0379167 0.0348367 0.0321249 0.0297798 0.0277994 0.0261817 0.0249249 0.0240273 0.0234884 
0.0251537 0.0253427 0.025915 0.026872 0.0282153 0.0299465 0.0320678 0.0345813 0.0374889 0.0407923 0.0444927 0.0485902 0.0530839 0.0579718 0.06325 0.0689128 0.0749523 0.0813586 0.0881189 0.095218 0.102638 0.110357 0.118353 0.126598 0.135062 0.143714 0.152518 0.161438 0.170433 0.179462 0.188481 0.197448 0.206315 0.215037 0.223567 0.23186 0.239869 0.247549 0.254856 0.26175 0.268189 0.274136 0.279555 0.284415 0.288687 0.292345 0.295366 0.297733 0.299431 0.30045 0.300784 0.30043 0.299392 0.297674 0.295289 0.29225 0.288576 0.284288 0.279413 0.273981 0.268022 0.261573 0.254671 0.247357 0.239673 0.231662 0.223369 0.21484 0.206121 0.197259 0.1883 0.179289 0.17027 0.161286 0.15238 0.143589 0.134952 0.126502 0.118272 0.110292 0.102587 0.095182 0.0880968 0.0813494 0.0749551 0.0689262 0.0632728 0.0580025 0.053121 0.048632 0.0445378 0.0408391 0.0375358 0.034627 0.0321109 0.0299859 0.0282499 0.0269011 0.0259378 0.0253597 
0.0270855 0.0272884 0.0279017 0.0289271 0.0303659 0.03222 0.0344913 0.0371819 0.0402937 0.0438282 0.0477864 0.052168 0.056972 0.0621956 0.0678344 0.073882 0.0803296 0.0871661 0.0943777 0.101948 0.109857 0.118082 0.126598 0.135375 0.144383 0.153587 0.162949 0.172429 0.181987 0.191576 0.201152 0.210668 0.220075 0.229325 0.238368 0.247157 0.255641 0.263776 0.271513 0.27881 0.285624 0.291916 0.297649 0.302789 0.307306 0.311172 0.314366 0.316868 0.318662 0.319739 0.320091 0.319717 0.318619 0.316804 0.314282 0.311068 0.307183 0.302648 0.297492 0.291745 0.28544 0.278614 0.271308 0.263562 0.255423 0.246934 0.238145 0.229102 0.219855 0.210453 0.200944 0.191377 0.181797 0.172252 0.162785 0.153437 0.144249 0.135257 0.126495 0.117996 0.109787 0.101894 0.0943387 0.0871414 0.0803181 0.0738826 0.0678457 0.0622161 0.057 0.052202 0.0478247 0.0438692 0.0403358 0.0372236 0.0345312 0.0322569 0.0303987 0.028955 0.027924 0.0273053 
0.0290853 0.0293025 0.0299581 0.0310538 0.0325909 0.0345712 0.0369966 0.0398692 0.0431908 0.0469627 0.0511854 0.0558587 0.0609809 0.0665487 0.072557 0.0789987 0.0858641 0.0931409 0.100814 0.108865 0.117274 0.126015 0.135062 0.144383 0.153945 0.163711 0.17364 0.183692 0.193821 0.20398 0.214121 0.224194 0.234149 0.243934 0.253497 0.262787 0.271754 0.280347 0.288519 0.296224 0.303417 0.310057 0.316106 0.321528 0.326292 0.33037 0.333737 0.336375 0.338266 0.339401 0.339772 0.339378 0.338219 0.336305 0.333645 0.330256 0.326158 0.321375 0.315934 0.309869 0.303214 0.296008 0.288293 0.280112 0.271511 0.26254 0.253248 0.243685 0.233902 0.223952 0.213885 0.203753 0.193604 0.183488 0.17345 0.163535 0.153786 0.144241 0.134937 0.125907 0.117183 0.108792 0.100757 0.0930995 0.0858374 0.0789855 0.0725558 0.066558 0.060999 0.055884 0.0512162 0.0469972 0.0432275 0.0399065 0.0370329 0.0346052 0.0326216 0.0310802 0.0299796 0.0293193 
0.0311462 0.0313782 0.0320771 0.0332447 0.0348824 0.0369919 0.0395751 0.0426339 0.04617 0.0501844 0.0546776 0.0596488 0.0650959 0.0710151 0.0774005 0.0842441 0.0915353 0.0992606 0.107404 0.115945 0.124862 0.134128 0.143714 0.153587 0.163711 0.174046 0.184551 0.195181 0.205888 0.216623 0.227336 0.237972 0.24848 0.258805 0.268892 0.278688 0.28814 0.297196 0.305805 0.31392 0.321494 0.328484 0.334851 0.340556 0.345569 0.349858 0.3534 0.356173 0.358163 0.359356 0.359745 0.35933 0.358112 0.356098 0.3533 0.349735 0.345423 0.34039 0.334664 0.32828 0.321273 0.313685 0.305558 0.296938 0.287874 0.278417 0.268617 0.258529 0.248206 0.237703 0.227073 0.216369 0.205644 0.194949 0.184334 0.173844 0.163525 0.153419 0.143565 0.133997 0.12475 0.115851 0.107328 0.0992018 0.0914925 0.0842162 0.077386 0.0710124 0.0651035 0.0596649 0.0547003 0.050212 0.0462007 0.0426662 0.0396074 0.0370228 0.0349108 0.0332696 0.0320977 0.0313947 
0.0332608 0.0335077 0.0342508 0.0354918 0.037232 0.0394731 0.042217 0.0454655 0.0492199 0.0534813 0.0582496 0.0635238 0.0693012 0.0755774 0.0823458 0.0895975 0.0973208 0.105501 0.114121 0.123158 0.13259 0.142387 0.152518 0.162949 0.17364 0.184551 0.195637 0.206849 0.21814 0.229455 0.240742 0.251945 0.263009 0.273875 0.284489 0.294793 0.304732 0.314251 0.323298 0.331824 0.339779 0.347119 0.353803 0.359792 0.365052 0.369554 0.37327 0.376179 0.378266 0.379517 0.379926 0.379489 0.378211 0.376098 0.373162 0.369421 0.364896 0.359613 0.353602 0.346898 0.33954 0.331569 0.32303 0.313971 0.304442 0.294497 0.284189 0.273574 0.262708 0.251648 0.240451 0.229172 0.217867 0.20659 0.195392 0.184322 0.173429 0.162756 0.152344 0.142233 0.132455 0.123043 0.114025 0.105424 0.0972612 0.0895542 0.0823173 0.0755622 0.0692975 0.0635299 0.0582636 0.0535013 0.0492442 0.0454923 0.0422449 0.0395005 0.0372577 0.0355148 0.0342703 0.033524 
0.0354203 0.0356825 0.0364704 0.0377858 0.03963 0.0420047 0.0449116 0.0483523 0.0523281 0.0568396 0.0618867 0.0674677 0.0735794 0.0802168 0.0873725 0.0950367 0.103196 0.111836 0.120936 0.130475 0.140425 0.150757 0.161438 0.172429 0.183692 0.195181 0.206849 0.218647 0.230522 0.242419 0.254282 0.266053 0.277672 0.289081 0.300221 0.311032 0.321456 0.331438 0.340922 0.349857 0.358192 0.365881 0.372881 0.379152 0.384659 0.38937 0.393259 0.396304 0.398487 0.399796 0.400224 0.399767 0.398429 0.396218 0.393145 0.389229 0.384491 0.37896 0.372665 0.365644 0.357935 0.349583 0.340633 0.331135 0.321143 0.310711 0.299895 0.288753 0.277344 0.265728 0.253963 0.242108 0.230222 0.218359 0.206576 0.194924 0.183453 0.17221 0.161238 0.150579 0.140267 0.130338 0.12082 0.11174 0.103119 0.0949771 0.0873293 0.0801882 0.0735638 0.0674631 0.0618914 0.0568516 0.0523455 0.0483733 0.0449347 0.0420283 0.0396529 0.0378068 0.0364888 0.0356984 
0.0376156 0.0378931 0.0387263 0.0401169 0.0420662 0.0445757 0.0476471 0.0512818 0.0554809 0.0602448 0.0655729 0.0714631 0.0779117 0.0849128 0.0924584 0.100538 0.109136 0.118238 0.127821 0.137862 0.148333 0.159201 0.170433 0.181987 0.193821 0.205888 0.21814 0.230522 0.242981 0.255459 0.267896 0.280232 0.292405 0.304354 0.316016 0.327331 0.338239 0.34868 0.358598 0.367938 0.37665 0.384685 0.391998 0.398548 0.404299 0.409219 0.413279 0.416458 0.418737 0.420103 0.420549 0.420072 0.418675 0.416366 0.413158 0.409068 0.404121 0.398343 0.391768 0.384432 0.376376 0.367645 0.358288 0.348356 0.337903 0.326987 0.315665 0.303999 0.29205 0.279879 0.267548 0.255119 0.242652 0.230206 0.217838 0.205604 0.193555 0.181741 0.170208 0.158998 0.148152 0.137703 0.127684 0.118122 0.109041 0.100461 0.0923999 0.0848704 0.0778835 0.0714474 0.0655678 0.0602483 0.055491 0.0512967 0.0476651 0.0445953 0.042086 0.0401358 0.0387434 0.0379087 
0.0398364 0.0401294 0.0410082 0.0424744 0.0445293 0.0471743 0.0504109 0.0542405 0.0586639 0.0636812 0.0692913 0.0754917 0.082278 0.0896439 0.0975801 0.106075 0.115113 0.124676 0.134743 0.145286 0.156277 0.167681 0.179462 0.191576 0.20398 0.216623 0.229455 0.242419 0.255459 0.268513 0.28152 0.294417 0.307139 0.319623 0.331804 0.343618 0.355002 0.365897 0.376244 0.385985 0.395069 0.403444 0.411066 0.417892 0.423884 0.429008 0.433238 0.436548 0.438922 0.440344 0.440808 0.440312 0.438857 0.436451 0.43311 0.42885 0.423695 0.417675 0.410823 0.403177 0.394778 0.385674 0.375914 0.365552 0.354644 0.343249 0.331428 0.319243 0.306757 0.294037 0.281144 0.268145 0.255101 0.242074 0.229125 0.216311 0.203686 0.191303 0.179211 0.167453 0.156072 0.145105 0.134584 0.124541 0.114999 0.105981 0.0975057 0.089587 0.0822369 0.0754644 0.0692759 0.0636757 0.0586663 0.0542489 0.0504235 0.0471895 0.0445457 0.0424909 0.0410239 0.0401445 
0.0420719 0.0423806 0.0433049 0.0448468 0.0470073 0.0497878 0.0531897 0.0572141 0.0618617 0.0671321 0.0730238 0.0795339 0.0866574 0.0943871 0.102713 0.111622 0.121098 0.131121 0.141668 0.152712 0.164219 0.176156 0.188481 0.201152 0.214121 0.227336 0.240742 0.254282 0.267896 0.28152 0.29509 0.308541 0.321805 0.334817 0.347508 0.359813 0.371668 0.38301 0.393777 0.403913 0.413361 0.422072 0.429997 0.437093 0.443321 0.448647 0.453042 0.456481 0.458947 0.460425 0.460907 0.460391 0.458879 0.45638 0.452907 0.44848 0.443123 0.436865 0.429741 0.42179 0.413055 0.403584 0.393429 0.382644 0.371288 0.359422 0.347108 0.334411 0.321397 0.308134 0.294687 0.281124 0.26751 0.253909 0.240384 0.226995 0.2138 0.200853 0.188204 0.175902 0.16399 0.152507 0.141488 0.130965 0.120965 0.111511 0.102622 0.0943154 0.086603 0.0794947 0.0729978 0.0671172 0.061856 0.0572157 0.0531966 0.0497984 0.0470202 0.0448608 0.043319 0.0423951 
0.0443108 0.0446349 0.0456047 0.0472219 0.0494875 0.0524029 0.0559692 0.0601875 0.0650579 0.0705799 0.0767517 0.0835695 0.0910278 0.0991186 0.107831 0.117151 0.127061 0.13754 0.148563 0.160101 0.17212 0.184583 0.197448 0.210668 0.224194 0.237972 0.251945 0.266053 0.280232 0.294417 0.308541 0.322536 0.336333 0.349861 0.363054 0.375841 0.388156 0.399935 0.411115 0.421636 0.431441 0.440479 0.4487 0.456059 0.462518 0.46804 0.472597 0.476163 0.478718 0.48025 0.48075 0.480214 0.478647 0.476056 0.472456 0.467866 0.462311 0.455821 0.448432 0.440183 0.43112 0.42129 0.410748 0.39955 0.387755 0.375427 0.36263 0.349431 0.335899 0.322102 0.308111 0.293993 0.279818 0.265651 0.251559 0.237604 0.223846 0.210342 0.197145 0.184305 0.171867 0.159873 0.148361 0.137363 0.126908 0.117022 0.107724 0.0990318 0.0909596 0.083518 0.0767148 0.0705555 0.0650439 0.0601819 0.0559703 0.0524088 0.0494968 0.0472332 0.0456172 0.0446489 
0.0465411 0.0468806 0.0478953 0.049587 0.0519568 0.0550057 0.0587348 0.0631448 0.0682358 0.0740067 0.0804552 0.0875772 0.0953663 0.103814 0.112908 0.122633 0.132971 0.1439 0.155392 0.167417 0.17994 0.192921 0.206315 0.220075 0.234149 0.24848 0.263009 0.277672 0.292405 0.307139 0.321805 0.336333 0.350649 0.364684 0.378365 0.391622 0.404386 0.416591 0.428172 0.439068 0.449221 0.458577 0.467085 0.474701 0.481384 0.487097 0.49181 0.495498 0.498141 0.499725 0.500242 0.499688 0.498067 0.495387 0.491663 0.486915 0.481168 0.474453 0.466806 0.458268 0.448885 0.438707 0.427788 0.416187 0.403965 0.391186 0.377918 0.36423 0.350191 0.335873 0.321349 0.306689 0.291964 0.277243 0.262595 0.248084 0.233774 0.219722 0.205986 0.192617 0.179662 0.167166 0.155168 0.143702 0.132799 0.122486 0.112784 0.103712 0.0952843 0.0875132 0.0804072 0.0739725 0.0682133 0.063132 0.0587298 0.0550067 0.0519622 0.0495957 0.0479062 0.0468939 
0.0487502 0.0491049 0.0501639 0.0519291 0.0544014 0.0575817 0.0614711 0.0660698 0.0713778 0.0773935 0.0841143 0.0915352 0.0996495 0.108447 0.117916 0.128039 0.138798 0.150167 0.162119 0.174621 0.187637 0.201124 0.215037 0.229325 0.243934 0.258805 0.273875 0.289081 0.304354 0.319623 0.334817 0.349861 0.364684 0.379209 0.393365 0.407078 0.420278 0.432896 0.444866 0.456125 0.466614 0.476277 0.485064 0.492927 0.499826 0.505723 0.510588 0.514394 0.517121 0.518756 0.519289 0.518718 0.517045 0.514279 0.510436 0.505535 0.499603 0.49267 0.484774 0.475956 0.466264 0.455748 0.444465 0.432474 0.419837 0.406622 0.392897 0.378732 0.364202 0.349378 0.334335 0.319146 0.303886 0.288626 0.273435 0.258382 0.243532 0.228946 0.214682 0.200796 0.187335 0.174348 0.161873 0.149949 0.138606 0.127874 0.117775 0.10833 0.0995534 0.0914586 0.084055 0.0773494 0.0713467 0.0660497 0.0614599 0.0575777 0.054403 0.051935 0.050173 0.0491175 
0.0509256 0.051295 0.0523975 0.0542346 0.0568072 0.0601163 0.0641625 0.068946 0.0744662 0.0807214 0.0877083 0.0954215 0.103853 0.112994 0.122828 0.13334 0.144508 0.156307 0.168707 0.181675 0.19517 0.20915 0.223567 0.238368 0.253497 0.268892 0.284489 0.300221 0.316016 0.331804 0.347508 0.363054 0.378365 0.393365 0.407979 0.422132 0.435752 0.448768 0.461112 0.472721 0.483534 0.493493 0.502547 0.510649 0.517755 0.523829 0.528839 0.532759 0.535568 0.537251 0.5378 0.537211 0.535489 0.532641 0.528683 0.523635 0.517525 0.510383 0.502247 0.493161 0.483171 0.472331 0.460696 0.448329 0.435293 0.421656 0.40749 0.392866 0.37786 0.362546 0.347001 0.331302 0.315523 0.299739 0.284022 0.268443 0.253069 0.237964 0.223188 0.208798 0.194845 0.181378 0.16844 0.156068 0.144297 0.133157 0.122671 0.112861 0.103743 0.0953323 0.0876377 0.0806673 0.0744264 0.0689184 0.0641451 0.0601072 0.0568049 0.0542376 0.0524048 0.051307 
0.053054 0.0534379 0.0545826 0.0564898 0.0591601 0.0625944 0.0667931 0.0717563 0.077483 0.083971 0.0912165 0.0992137 0.107954 0.117427 0.127616 0.138505 0.15007 0.162286 0.17512 0.188538 0.202498 0.216955 0.23186 0.247157 0.262787 0.278688 0.294793 0.311032 0.327331 0.343618 0.359813 0.375841 0.391622 0.407078 0.422132 0.436707 0.45073 0.464127 0.476831 0.488775 0.499897 0.51014 0.51945 0.527779 0.535084 0.541327 0.546476 0.550504 0.55339 0.555119 0.555683 0.555078 0.553308 0.550382 0.546315 0.541127 0.534846 0.527505 0.51914 0.509797 0.499523 0.488371 0.4764 0.463673 0.450254 0.436214 0.421624 0.406559 0.391095 0.375311 0.359284 0.343092 0.326814 0.310525 0.294301 0.278214 0.262334 0.246727 0.231456 0.216579 0.20215 0.188219 0.174832 0.162027 0.149841 0.138304 0.127443 0.117279 0.10783 0.099112 0.0911347 0.083907 0.0774345 0.0717213 0.0667695 0.0625802 0.0591538 0.0564899 0.0545882 0.0534492 
0.0551225 0.0555204 0.0567059 0.0586808 0.0614456 0.0650009 0.0693471 0.0744839 0.08041 0.0871228 0.0946181 0.102889 0.111928 0.12172 0.132253 0.143505 0.155453 0.16807 0.181322 0.195173 0.20958 0.224496 0.239869 0.255641 0.271754 0.28814 0.304732 0.321456 0.338239 0.355002 0.371668 0.388156 0.404386 0.420278 0.435752 0.45073 0.465136 0.478897 0.491943 0.504205 0.515622 0.526134 0.535687 0.544232 0.551726 0.55813 0.56341 0.567541 0.570501 0.572274 0.572852 0.572232 0.570417 0.567417 0.563245 0.557925 0.551482 0.543951 0.535369 0.525781 0.515237 0.50379 0.491499 0.478428 0.464645 0.450219 0.435225 0.419739 0.403839 0.387605 0.371116 0.354454 0.337698 0.320926 0.304216 0.287642 0.271277 0.255188 0.239441 0.224096 0.20921 0.194833 0.181013 0.167791 0.155205 0.143286 0.132063 0.121558 0.11179 0.102775 0.0945253 0.087049 0.080353 0.0744415 0.0693173 0.0649817 0.0614353 0.0586781 0.0567097 0.0555309 
0.0571179 0.0575292 0.058754 0.0607939 0.0636493 0.0673208 0.0718085 0.0771118 0.0832292 0.0901577 0.0978924 0.106426 0.11575 0.12585 0.13671 0.14831 0.160624 0.173625 0.187277 0.201542 0.216375 0.231729 0.247549 0.263776 0.280347 0.297196 0.314251 0.331438 0.34868 0.365897 0.38301 0.399935 0.416591 0.432896 0.448768 0.464127 0.478897 0.493003 0.506371 0.518935 0.53063 0.541396 0.551179 0.559929 0.5676 0.574155 0.57956 0.583788 0.586817 0.588632 0.589224 0.588589 0.586732 0.583661 0.579392 0.573946 0.567351 0.559641 0.550854 0.541035 0.530235 0.518508 0.505915 0.49252 0.478391 0.463601 0.448224 0.432339 0.416025 0.399364 0.382437 0.365327 0.348116 0.330885 0.313712 0.296675 0.279847 0.2633 0.247099 0.231307 0.215984 0.201181 0.186948 0.173327 0.160358 0.148074 0.136504 0.125673 0.115599 0.1063 0.0977888 0.0900743 0.0831638 0.0770622 0.0717726 0.0672967 0.0636352 0.0607884 0.058756 0.057539 
0.0590273 0.0594514 0.0607136 0.0628154 0.0657572 0.0695393 0.0741617 0.0796236 0.085923 0.0930566 0.101019 0.109803 0.119398 0.129789 0.140961 0.152891 0.165553 0.178918 0.192949 0.207607 0.222845 0.238613 0.254856 0.271513 0.288519 0.305805 0.323298 0.340922 0.358598 0.376244 0.393777 0.411115 0.428172 0.444866 0.461112 0.476831 0.491943 0.506371 0.520043 0.53289 0.544846 0.555851 0.565849 0.57479 0.582629 0.589326 0.594847 0.599165 0.602259 0.604113 0.604718 0.60407 0.602173 0.599036 0.594675 0.589112 0.582375 0.574497 0.565517 0.555482 0.544442 0.532454 0.519576 0.505876 0.491423 0.47629 0.460553 0.444292 0.427589 0.410525 0.393185 0.375653 0.358014 0.340348 0.322738 0.305263 0.287998 0.271016 0.254385 0.238171 0.222433 0.207226 0.192601 0.178603 0.16527 0.15264 0.140741 0.129598 0.119234 0.109665 0.100905 0.0929639 0.0858494 0.0795669 0.0741198 0.0695103 0.0657392 0.0628071 0.0607139 0.0594605 
0.060838 0.0612743 0.0625717 0.064732 0.0677553 0.0716418 0.0763914 0.0820029 0.088474 0.0958012 0.103979 0.112998 0.122848 0.133515 0.14498 0.157221 0.170211 0.183918 0.198306 0.213333 0.228951 0.245109 0.26175 0.27881 0.296224 0.31392 0.331824 0.349857 0.367938 0.385985 0.403913 0.421636 0.439068 0.456125 0.472721 0.488775 0.504205 0.518935 0.53289 0.546 0.5582 0.569427 0.579625 0.588744 0.596737 0.603566 0.609195 0.613598 0.616752 0.618642 0.619259 0.618598 0.616665 0.613467 0.609021 0.603349 0.596479 0.588445 0.579287 0.569051 0.557788 0.545555 0.532413 0.518429 0.503673 0.48822 0.472148 0.455536 0.438468 0.421029 0.403303 0.385376 0.367335 0.349263 0.331243 0.313357 0.295682 0.278292 0.261258 0.244647 0.22852 0.212934 0.19794 0.183586 0.169912 0.156955 0.144745 0.133311 0.122673 0.112849 0.103855 0.0956996 0.0883927 0.0819395 0.0763438 0.0716082 0.0677337 0.0647211 0.0625703 0.0612826 
0.0625378 0.0629854 0.0643159 0.0665308 0.0696303 0.0736145 0.0784828 0.0842341 0.0908657 0.0983737 0.106752 0.115991 0.12608 0.137003 0.148742 0.161273 0.174568 0.188595 0.203315 0.218686 0.234658 0.251179 0.268189 0.285624 0.303417 0.321494 0.339779 0.358192 0.37665 0.395069 0.413361 0.431441 0.449221 0.466614 0.483534 0.499897 0.515622 0.53063 0.544846 0.5582 0.570623 0.582055 0.592438 0.60172 0.609857 0.616807 0.622536 0.627016 0.630226 0.632149 0.632777 0.632105 0.630137 0.626884 0.622359 0.616587 0.609595 0.601417 0.592094 0.581673 0.570204 0.557746 0.54436 0.530114 0.515079 0.499331 0.482947 0.466011 0.448606 0.430819 0.412735 0.394443 0.376029 0.35758 0.33918 0.320912 0.302856 0.285087 0.267679 0.250698 0.234209 0.218269 0.202932 0.188246 0.174254 0.160992 0.148494 0.136786 0.125893 0.115832 0.106618 0.0982637 0.090777 0.0841643 0.0784299 0.0735763 0.0696052 0.0665173 0.0643129 0.0629931 
0.0641151 0.0645731 0.0659341 0.0681995 0.0713695 0.0754438 0.080422 0.0863024 0.0930823 0.100757 0.10932 0.118763 0.129072 0.140232 0.152223 0.165022 0.178598 0.192919 0.207946 0.223633 0.239931 0.256786 0.274136 0.291916 0.310057 0.328484 0.347119 0.365881 0.384685 0.403444 0.422072 0.440479 0.458577 0.476277 0.493493 0.51014 0.526134 0.541396 0.555851 0.569427 0.582055 0.593673 0.604225 0.613657 0.621923 0.628984 0.634804 0.639355 0.642616 0.644569 0.645206 0.644524 0.642526 0.639221 0.634625 0.628762 0.621658 0.61335 0.603877 0.593286 0.58163 0.568966 0.555357 0.540872 0.525581 0.509563 0.492895 0.475662 0.457949 0.439842 0.42143 0.402803 0.384047 0.365252 0.346504 0.327885 0.309479 0.291362 0.273608 0.256288 0.239465 0.2232 0.207547 0.192556 0.17827 0.164727 0.151963 0.140003 0.128874 0.118594 0.109178 0.100639 0.0929865 0.0862266 0.0803639 0.0754015 0.0713411 0.0681837 0.0659296 0.0645802 
