0.00162745 0.00164582 0.00170657 0.00181043 0.00195838 0.00215177 0.00239227 0.00268187 0.0030228 0.00341751 0.0038686 0.00437873 0.00495061 0.00558688 0.00629002 0.00706232 0.00790576 0.00882193 0.00981194 0.0108764 0.0120152 0.0132275 0.014512 0.0158662 0.017287 0.0187703 0.0203111 0.0219034 0.0235406 0.0252148 0.0269176 0.0286397 0.030371 0.032101 0.0338184 0.0355118 0.0371694 0.0387791 0.0403289 0.0418071 0.0432019 0.0445023 0.0456976 0.0467779 0.0477342 0.0485583 0.0492432 0.0497829 0.0501727 0.0504092 0.0504904 0.0504156 0.0501854 0.0498019 0.0492685 0.0485899 0.0477719 0.0468217 0.0457474 0.044558 0.0432633 0.0418741 0.0404013 0.0388566 0.0372518 0.0355989 0.0339097 0.0321962 0.0304697 0.0287415 0.0270221 0.0253216 0.0236491 0.0220131 0.0204215 0.0188809 0.0173972 0.0159755 0.0146199 0.0133335 0.0121188 0.0109771 0.00990944 0.00891576 0.00799556 0.00714775 0.00637078 0.00566271 0.00502131 0.00444409 0.00392847 0.00347177 0.00307135 0.00272464 0.00242922 0.00218285 0.00198359 0.00182976 0.00172002 0.00165353 
0.00164582 0.00166441 0.00172587 0.00183092 0.00198056 0.00217614 0.00241936 0.00271222 0.00305699 0.00345613 0.00391225 0.00442806 0.00500628 0.00564957 0.00636045 0.00714121 0.00799384 0.00891995 0.00992065 0.0109965 0.0121475 0.0133727 0.0146708 0.0160393 0.0174749 0.0189736 0.0205303 0.022139 0.0237929 0.0254841 0.0272041 0.0289435 0.0306921 0.0324393 0.0341737 0.0358838 0.0375576 0.0391829 0.0407478 0.0422402 0.0436485 0.0449613 0.046168 0.0472586 0.048224 0.0490559 0.0497472 0.0502919 0.0506854 0.0509241 0.051006 0.0509304 0.050698 0.0503108 0.0497723 0.0490872 0.0482615 0.0473022 0.0462175 0.0450167 0.0437096 0.0423069 0.0408199 0.0392601 0.0376397 0.0359705 0.0342647 0.0325342 0.0307906 0.0290451 0.0273085 0.0255907 0.0239012 0.0222486 0.0206406 0.0190841 0.0175851 0.0161486 0.0147788 0.0134789 0.0122513 0.0110975 0.0100184 0.00901403 0.0080839 0.00722691 0.00644149 0.00572569 0.00507725 0.00449369 0.00397238 0.00351063 0.00310577 0.0027552 0.00245649 0.00220738 0.00200589 0.00185035 0.00173939 0.00167217 
0.00170657 0.00172587 0.00178952 0.00189827 0.00205316 0.00225556 0.00250723 0.00281022 0.00316685 0.00357964 0.00405129 0.00458456 0.00518224 0.00584704 0.00658153 0.00738806 0.00826864 0.0092249 0.010258 0.0113683 0.012556 0.01382 0.0151589 0.01657 0.0180501 0.0195948 0.021199 0.0228565 0.0245601 0.0263019 0.0280729 0.0298635 0.0316634 0.0334614 0.0352459 0.0370052 0.0387268 0.0403983 0.0420074 0.0435418 0.0449895 0.0463389 0.0475791 0.0486998 0.0496918 0.0505465 0.0512567 0.0518163 0.0522204 0.0524655 0.0525495 0.0524716 0.0522327 0.0518348 0.0512813 0.0505772 0.0497285 0.0487425 0.0476277 0.0463933 0.0450495 0.0436074 0.0420784 0.0404744 0.0388077 0.0370908 0.0353359 0.0335553 0.031761 0.0299644 0.0281765 0.0264079 0.024668 0.0229657 0.0213091 0.0197052 0.0181603 0.0166795 0.0152671 0.0139265 0.0126602 0.0114698 0.0103562 0.00931961 0.00835938 0.00747448 0.00666332 0.00592392 0.00525397 0.00465094 0.00411215 0.00363484 0.00321627 0.00285379 0.00254489 0.00228727 0.00207888 0.00191801 0.00180326 0.00173376 
0.00181043 0.00183092 0.00189827 0.00201329 0.00217703 0.00239095 0.00265686 0.00297691 0.00335352 0.00378932 0.0042871 0.00484975 0.00548013 0.00618108 0.00695524 0.00780502 0.0087325 0.0097393 0.0108266 0.0119948 0.0132438 0.0145727 0.0159797 0.0174622 0.0190165 0.0206382 0.0223216 0.0240604 0.025847 0.0276729 0.029529 0.031405 0.03329 0.0351726 0.0370406 0.0388815 0.0406826 0.042431 0.0441136 0.0457177 0.0472308 0.048641 0.0499368 0.0511076 0.0521436 0.0530362 0.0537778 0.054362 0.0547837 0.0550394 0.0551269 0.0550454 0.0547956 0.0543797 0.0538015 0.0530658 0.0521791 0.0511488 0.0499838 0.0486936 0.047289 0.0457814 0.0441826 0.0425051 0.0407617 0.0389653 0.0371287 0.0352648 0.033386 0.0315043 0.0296313 0.0277778 0.0259539 0.0241689 0.0224312 0.0207482 0.0191266 0.0175717 0.0160882 0.0146796 0.0133486 0.012097 0.0109257 0.009835 0.00882432 0.0078926 0.00703823 0.00625919 0.0055531 0.00491735 0.00434915 0.00384565 0.00340401 0.00302146 0.00269539 0.0024234 0.00220338 0.00203352 0.00191237 0.00183903 
0.00195838 0.00198056 0.00205316 0.00217703 0.00235329 0.00258349 0.00286954 0.00321372 0.00361856 0.00408686 0.00462155 0.00522565 0.0059022 0.00665413 0.00748423 0.00839498 0.00938852 0.0104665 0.0116301 0.0128797 0.0142151 0.0156352 0.0171381 0.0187207 0.0203793 0.022109 0.0239037 0.0257565 0.0276594 0.0296034 0.0315787 0.0335743 0.0355787 0.0375797 0.0395646 0.0415199 0.0434323 0.045288 0.0470734 0.048775 0.0503797 0.0518748 0.0532483 0.0544891 0.0555868 0.0565323 0.0573177 0.0579362 0.0583827 0.0586532 0.0587455 0.0586588 0.0583939 0.057953 0.0573401 0.0565603 0.0556204 0.0545282 0.053293 0.051925 0.0504354 0.048836 0.0471396 0.0453593 0.0435086 0.0416009 0.0396501 0.0376695 0.0356724 0.0336715 0.0316791 0.0297066 0.0277649 0.0258638 0.0240123 0.0222184 0.0204891 0.0188302 0.0172468 0.0157426 0.0143207 0.0129829 0.0117304 0.0105635 0.00948177 0.00848409 0.00756883 0.0067339 0.00597684 0.00529491 0.00468521 0.00414473 0.0036705 0.00325959 0.00290926 0.00261698 0.00238051 0.00219794 0.00206775 0.00198897 
0.00215177 0.00217614 0.00225556 0.00239095 0.00258349 0.00283484 0.00314706 0.00352257 0.00396408 0.00447457 0.00505715 0.00571505 0.00645146 0.0072695 0.00817209 0.00916183 0.0102409 0.0114111 0.0126735 0.0140284 0.0154755 0.0170134 0.0186401 0.0203522 0.0221454 0.0240144 0.0259527 0.0279526 0.0300056 0.0321017 0.0342305 0.0363802 0.0385384 0.0406919 0.042827 0.0449295 0.046985 0.0489788 0.0508964 0.0527234 0.0544457 0.0560499 0.0575232 0.0588538 0.0600307 0.0610442 0.0618858 0.0625485 0.0630266 0.0633162 0.0634147 0.0633213 0.0630369 0.062564 0.0619065 0.0610701 0.0600618 0.0588902 0.0575649 0.0560969 0.0544979 0.0527808 0.050959 0.0490465 0.0470576 0.0450069 0.042909 0.0407782 0.0386289 0.0364745 0.0343283 0.0322026 0.030109 0.0280583 0.02606 0.024123 0.0222546 0.0204615 0.0187489 0.0171213 0.0155818 0.0141326 0.0127751 0.0115096 0.0103359 0.00925281 0.00825867 0.00735132 0.00652817 0.00578637 0.00512282 0.00453437 0.00401783 0.00357011 0.00318828 0.00286964 0.0026118 0.00241272 0.00227078 0.00218494 
0.00239227 0.00241936 0.00250723 0.00265686 0.00286954 0.00314706 0.00349164 0.00390588 0.00439271 0.00495532 0.00559706 0.00632137 0.00713168 0.00803128 0.00902327 0.0101104 0.0112949 0.0125786 0.0139626 0.0154471 0.0170316 0.0187146 0.0204935 0.0223646 0.0243232 0.0263633 0.0284777 0.0306582 0.0328951 0.0351778 0.0374947 0.0398332 0.0421796 0.0445198 0.0468388 0.0491214 0.0513519 0.0535146 0.0555938 0.0575739 0.0594399 0.0611774 0.0627727 0.0642129 0.0654864 0.0665829 0.0674931 0.0682096 0.0687265 0.0690392 0.0691453 0.0690438 0.0687357 0.0682235 0.0675117 0.0666062 0.0655145 0.0642458 0.0628105 0.0612203 0.0594878 0.0576268 0.0556517 0.0535775 0.0514198 0.0491942 0.0469163 0.0446018 0.042266 0.0399236 0.037589 0.0352755 0.0329958 0.0307615 0.0285832 0.0264704 0.0244314 0.0224734 0.0206022 0.0188228 0.0171387 0.0155525 0.0140657 0.0126789 0.0113918 0.0102035 0.00911212 0.00811546 0.0072108 0.0063951 0.00566509 0.00501739 0.0044486 0.00395539 0.00353463 0.00318341 0.00289915 0.00267967 0.0025232 0.00242863 
0.00268187 0.00271222 0.00281022 0.00297691 0.00321372 0.00352257 0.00390588 0.00436647 0.00490752 0.00553247 0.00624494 0.00704863 0.00794721 0.00894422 0.0100429 0.0112462 0.0125565 0.0139756 0.0155045 0.0171434 0.0188914 0.0207469 0.0227069 0.0247671 0.0269222 0.0291656 0.0314892 0.0338838 0.036339 0.0388429 0.0413828 0.0439449 0.0465143 0.0490755 0.0516122 0.0541078 0.0565453 0.0589076 0.0611777 0.0633388 0.0653746 0.0672694 0.0690086 0.0705783 0.0719659 0.0731602 0.0741515 0.0749315 0.0754939 0.075834 0.075949 0.075838 0.0755018 0.0749434 0.0741675 0.0731804 0.0719903 0.0706071 0.0690419 0.0673073 0.0654171 0.0633861 0.0612299 0.0589647 0.0566074 0.0541748 0.051684 0.0491521 0.0465955 0.0440306 0.0414727 0.0389366 0.0364362 0.0339841 0.0315922 0.0292707 0.027029 0.024875 0.0228153 0.0208553 0.0189991 0.0172497 0.015609 0.0140776 0.0126555 0.0113416 0.0101343 0.009031 0.00802901 0.00712505 0.00631563 0.00559711 0.00496584 0.00441823 0.00395089 0.00356068 0.00324481 0.0030009 0.00282704 0.00272203 
0.0030228 0.00305699 0.00316685 0.00335352 0.00361856 0.00396408 0.00439271 0.00490752 0.00551197 0.00620979 0.00700489 0.00790129 0.00890293 0.0100136 0.0112368 0.0125756 0.0140324 0.0156091 0.0173067 0.0191252 0.0210635 0.0231196 0.0252899 0.0275697 0.0299529 0.032432 0.0349982 0.0376411 0.040349 0.0431091 0.0459071 0.0487278 0.051555 0.0543716 0.0571598 0.0599014 0.0625779 0.0651705 0.0676608 0.0700306 0.0722621 0.0743383 0.0762433 0.0779621 0.0794811 0.0807881 0.0818726 0.0827257 0.0833406 0.0837122 0.0838375 0.0837154 0.083347 0.0827353 0.0818855 0.0808045 0.0795011 0.0779859 0.0762711 0.0743702 0.0722983 0.0700713 0.0677062 0.0652207 0.0626329 0.0599614 0.0572248 0.0544416 0.05163 0.0488076 0.0459914 0.0431978 0.0404417 0.0377375 0.0350979 0.0325345 0.0300576 0.0276761 0.0253974 0.0232277 0.0211715 0.0192324 0.0174125 0.0157129 0.0141335 0.0126733 0.0113307 0.0101032 0.0089876 0.00798062 0.00707847 0.00627723 0.00557295 0.00496176 0.00443997 0.00400416 0.00365131 0.00337883 0.00318463 0.00306741 
0.00341751 0.00345613 0.00357964 0.00378932 0.00408686 0.00447457 0.00495532 0.00553247 0.00620979 0.00699132 0.00788134 0.00888417 0.0100041 0.0112451 0.012611 0.014105 0.0157296 0.0174868 0.0193774 0.0214012 0.023557 0.0258421 0.0282525 0.0307828 0.0334261 0.0361739 0.0390163 0.0419418 0.0449373 0.0479886 0.05108 0.0541946 0.0573144 0.0604208 0.0634943 0.0665148 0.069462 0.0723156 0.0750553 0.0776613 0.0801143 0.0823957 0.0844882 0.0863756 0.088043 0.0894774 0.0906672 0.091603 0.0922771 0.0926843 0.0928211 0.0926865 0.0922817 0.0916099 0.0906766 0.0894894 0.0880579 0.0863936 0.0845095 0.0824206 0.0801431 0.0776942 0.0750927 0.0723576 0.0695088 0.0665666 0.0635512 0.060483 0.0573818 0.0542671 0.0511576 0.0480711 0.0450244 0.0420332 0.0391117 0.0362728 0.0335279 0.0308871 0.0283586 0.0259494 0.0236648 0.0215089 0.0194842 0.0175921 0.0158327 0.0142051 0.0127075 0.0113375 0.0100917 0.00896656 0.00795797 0.00706175 0.00627362 0.00558937 0.00500499 0.00451677 0.0041214 0.00381606 0.00359848 0.00346721 
0.0038686 0.00391225 0.00405129 0.0042871 0.00462155 0.00505715 0.00559706 0.00624494 0.00700489 0.00788134 0.00887891 0.0100023 0.011256 0.0126446 0.0141718 0.0158413 0.0176555 0.0196164 0.0217248 0.0239802 0.026381 0.028924 0.0316047 0.0344168 0.0373525 0.0404023 0.0435549 0.0467975 0.0501156 0.0534934 0.0569134 0.060357 0.0638044 0.067235 0.0706274 0.0739595 0.0772092 0.0803541 0.0833721 0.0862415 0.0889414 0.0914515 0.093753 0.0958282 0.097661 0.0992371 0.100544 0.101572 0.102312 0.102759 0.102908 0.10276 0.102314 0.101576 0.10055 0.0992442 0.09767 0.0958395 0.0937669 0.0914685 0.0889616 0.0862655 0.0834001 0.0803864 0.0772463 0.0740016 0.0706747 0.0672878 0.0638627 0.0604209 0.0569828 0.0535683 0.0501958 0.0468827 0.0436448 0.0404965 0.0374505 0.0345181 0.0317086 0.0290299 0.0264881 0.0240878 0.0218322 0.0197229 0.0177603 0.0159436 0.0142709 0.0127398 0.0113467 0.0100878 0.00895869 0.00795487 0.00707171 0.00630464 0.00564928 0.00510161 0.004658 0.00431537 0.00407125 0.00392405 
0.00437873 0.00442806 0.00458456 0.00484975 0.00522565 0.00571505 0.00632137 0.00704863 0.00790129 0.00888417 0.0100023 0.0112607 0.0126643 0.014218 0.0159257 0.0177912 0.0198173 0.0220056 0.024357 0.0268706 0.0295444 0.0323747 0.0353562 0.0384818 0.0417425 0.0451276 0.0486245 0.0522189 0.0558947 0.0596342 0.063418 0.0672257 0.0710354 0.0748244 0.078569 0.0822452 0.0858286 0.0892948 0.0926197 0.0957795 0.0987513 0.101513 0.104045 0.106326 0.108341 0.110073 0.111509 0.112638 0.113451 0.113941 0.114105 0.113941 0.113451 0.112638 0.11151 0.110075 0.108344 0.10633 0.10405 0.101521 0.0987618 0.0957931 0.092637 0.0893162 0.0858546 0.0822761 0.0786052 0.0748662 0.0710832 0.0672795 0.0634779 0.0597001 0.0559667 0.0522967 0.0487078 0.045216 0.0418355 0.038579 0.035457 0.0324783 0.0296501 0.0269776 0.0244645 0.0221129 0.0199234 0.0178954 0.0160272 0.0143158 0.0127579 0.0113493 0.0100852 0.00896084 0.00797115 0.0071112 0.00637623 0.00576184 0.00526409 0.00487962 0.0046057 0.00444063 
0.00495061 0.00500628 0.00518224 0.00548013 0.0059022 0.00645146 0.00713168 0.00794721 0.00890293 0.0100041 0.011256 0.0126643 0.0142343 0.0159709 0.0178787 0.0199614 0.0222218 0.0246618 0.0272816 0.0300805 0.0330557 0.0362029 0.0395159 0.0429867 0.0466052 0.0503591 0.0542346 0.0582155 0.0622839 0.0664201 0.0706029 0.0748095 0.0790158 0.0831968 0.0873267 0.0913789 0.0953268 0.0991438 0.102803 0.10628 0.109548 0.112585 0.115367 0.117873 0.120086 0.121988 0.123564 0.124803 0.125694 0.126232 0.126411 0.12623 0.125692 0.124799 0.12356 0.121983 0.120081 0.117869 0.115363 0.112582 0.109548 0.106282 0.102809 0.0991528 0.0953401 0.0913971 0.0873502 0.0832262 0.0790513 0.0748515 0.0706515 0.0664755 0.062346 0.0582842 0.0543097 0.0504404 0.046692 0.0430787 0.0396125 0.0363032 0.0331591 0.0301861 0.0273886 0.0247692 0.0223289 0.0200671 0.0179822 0.0160713 0.0143307 0.0127559 0.0113421 0.0100838 0.00897583 0.00801267 0.00718921 0.00650064 0.00594268 0.00551165 0.00520461 0.00501966 
0.00558688 0.00564957 0.00584704 0.00618108 0.00665413 0.0072695 0.00803128 0.00894422 0.0100136 0.0112451 0.0126446 0.014218 0.0159709 0.0179089 0.0200365 0.0223578 0.0248755 0.0275914 0.0305057 0.033617 0.0369221 0.040416 0.0440915 0.0479394 0.0519483 0.0561046 0.0603926 0.0647944 0.0692901 0.0738579 0.0784742 0.083114 0.0877508 0.0923571 0.0969045 0.101364 0.105707 0.109903 0.113925 0.117743 0.121332 0.124665 0.127717 0.130467 0.132893 0.134978 0.136705 0.138062 0.139039 0.139627 0.139822 0.139624 0.139033 0.138054 0.136695 0.134966 0.13288 0.130452 0.127703 0.124651 0.121319 0.117733 0.113916 0.109898 0.105706 0.101368 0.0969136 0.0923722 0.0877724 0.0831425 0.0785099 0.073901 0.0693407 0.0648525 0.0604581 0.0561772 0.0520276 0.0480249 0.0441825 0.0405119 0.0370221 0.0337203 0.0306113 0.0276983 0.0249828 0.0224644 0.0201415 0.0180113 0.0160697 0.0143122 0.0127335 0.0113279 0.0100895 0.00901253 0.00809147 0.00732107 0.00669667 0.00621427 0.00587066 0.00566378 
0.00629002 0.00636045 0.00658153 0.00695524 0.00748423 0.00817209 0.00902327 0.0100429 0.0112368 0.012611 0.0141718 0.0159257 0.0178787 0.0200365 0.0224041 0.0249855 0.0277837 0.0308002 0.0340349 0.037486 0.0411497 0.04502 0.0490888 0.0533456 0.0577775 0.0623694 0.0671037 0.0719605 0.0769176 0.0819512 0.0870351 0.0921417 0.0972421 0.102306 0.107302 0.1122 0.116966 0.12157 0.12598 0.130165 0.134097 0.137747 0.141089 0.144098 0.146753 0.149033 0.150923 0.152406 0.153474 0.154116 0.154329 0.154112 0.153465 0.152394 0.150906 0.149014 0.146731 0.144074 0.141063 0.137721 0.134071 0.13014 0.125957 0.121549 0.116949 0.112187 0.107295 0.102305 0.0972479 0.0921548 0.0870559 0.0819802 0.076955 0.0720062 0.0671578 0.0624317 0.0578476 0.053423 0.049173 0.0451102 0.0412452 0.0375859 0.0341381 0.0309057 0.0278905 0.0250925 0.0225101 0.0201405 0.0179796 0.0160224 0.0142634 0.0126965 0.0113155 0.010114 0.00908604 0.00822599 0.0075288 0.0069901 0.00660641 0.00637551 
0.00706232 0.00714121 0.00738806 0.00780502 0.00839498 0.00916183 0.0101104 0.0112462 0.0125756 0.014105 0.0158413 0.0177912 0.0199614 0.0223578 0.0249855 0.0278489 0.0309508 0.0342925 0.0378736 0.0416919 0.0457426 0.0500189 0.0545116 0.0592087 0.0640959 0.0691562 0.0743699 0.079715 0.0851672 0.0906999 0.0962845 0.101891 0.107487 0.11304 0.118515 0.12388 0.129098 0.134136 0.138959 0.143535 0.147832 0.151819 0.155469 0.158754 0.161651 0.164139 0.1662 0.167818 0.168982 0.169682 0.169914 0.169676 0.16897 0.1678 0.166177 0.164112 0.161619 0.158719 0.155431 0.151779 0.147791 0.143495 0.13892 0.134098 0.129064 0.12385 0.11849 0.113021 0.107475 0.101887 0.0962887 0.0907129 0.0851893 0.0797465 0.0744108 0.0692063 0.0641551 0.0592765 0.0545874 0.0501021 0.0458322 0.041787 0.0379734 0.0343956 0.0310562 0.0279554 0.0250918 0.0224627 0.0200638 0.0178899 0.0159352 0.014193 0.0126569 0.0113199 0.0101756 0.00921799 0.00844152 0.00784152 0.00741419 0.00715712 
0.00790576 0.00799384 0.00826864 0.0087325 0.00938852 0.0102409 0.0112949 0.0125565 0.0140324 0.0157296 0.0176555 0.0198173 0.0222218 0.0248755 0.0277837 0.0309508 0.0343795 0.038071 0.0420244 0.0462368 0.0507028 0.0554144 0.0603612 0.0655296 0.0709036 0.0764642 0.0821897 0.0880557 0.0940354 0.1001 0.106217 0.112354 0.118477 0.124549 0.130533 0.136392 0.142089 0.147586 0.152847 0.157836 0.162518 0.166861 0.170835 0.174412 0.177565 0.180272 0.182513 0.184272 0.185537 0.186298 0.18655 0.18629 0.185522 0.184249 0.182483 0.180235 0.177522 0.174364 0.170784 0.166807 0.162461 0.157778 0.152789 0.14753 0.142036 0.136343 0.130488 0.12451 0.118445 0.112331 0.106203 0.100095 0.0940405 0.0880711 0.0822155 0.0765004 0.0709501 0.065586 0.060427 0.055489 0.0507852 0.046326 0.0421194 0.0381706 0.0344825 0.0310559 0.0278896 0.0249808 0.0223252 0.0199175 0.0177513 0.0158199 0.014116 0.0126325 0.0113625 0.0102992 0.00943695 0.00877057 0.00829599 0.00801061 
0.00882193 0.00891995 0.0092249 0.0097393 0.0104665 0.0114111 0.0125786 0.0139756 0.0156091 0.0174868 0.0196164 0.0220056 0.0246618 0.0275914 0.0308002 0.0342925 0.038071 0.0421365 0.0464877 0.051121 0.0560299 0.0612055 0.0666357 0.0723055 0.078197 0.084289 0.0905576 0.096976 0.103515 0.110141 0.116822 0.12352 0.130199 0.136818 0.143338 0.149718 0.155919 0.161899 0.167619 0.173041 0.178129 0.182846 0.18716 0.191041 0.194462 0.197398 0.199828 0.201736 0.203107 0.203931 0.204204 0.203922 0.203087 0.201707 0.199791 0.197352 0.194408 0.190981 0.187094 0.182775 0.178055 0.172966 0.167543 0.161823 0.155845 0.149648 0.143272 0.136758 0.130146 0.123476 0.116787 0.110116 0.103501 0.0969733 0.0905665 0.0843095 0.078229 0.0723489 0.0666898 0.0612697 0.0561034 0.0512028 0.0465767 0.0422314 0.0381705 0.0343952 0.0309047 0.0276962 0.0247654 0.0221067 0.0197136 0.0175788 0.0156947 0.0140537 0.0126482 0.0114713 0.0105167 0.00977887 0.00925341 0.00893756 
0.00981194 0.00992065 0.010258 0.0108266 0.0116301 0.0126735 0.0139626 0.0155045 0.0173067 0.0193774 0.0217248 0.024357 0.0272816 0.0305057 0.0340349 0.0378736 0.0420244 0.0464877 0.0512616 0.0563417 0.0617206 0.0673879 0.0733301 0.0795305 0.0859689 0.0926222 0.0994639 0.106464 0.113592 0.12081 0.128083 0.135371 0.142633 0.149826 0.156907 0.163833 0.170561 0.177045 0.183246 0.18912 0.194629 0.199736 0.204404 0.208603 0.212303 0.215477 0.218104 0.220166 0.221647 0.222538 0.222831 0.222526 0.221624 0.220131 0.218059 0.215421 0.212237 0.208529 0.204324 0.199649 0.194538 0.189025 0.183149 0.176948 0.170465 0.16374 0.156818 0.149743 0.142557 0.135304 0.128026 0.120764 0.113557 0.106442 0.0994538 0.092625 0.0859846 0.0795588 0.0733708 0.0674402 0.0617837 0.0564146 0.0513432 0.0465766 0.0421192 0.0379729 0.034137 0.0306091 0.0273848 0.0244583 0.0218228 0.0194706 0.0173939 0.0155843 0.014034 0.0127354 0.0116819 0.0108675 0.0102876 0.00993908 
0.0108764 0.0109965 0.0113683 0.0119948 0.0128797 0.0140284 0.0154471 0.0171434 0.0191252 0.0214012 0.0239802 0.0268706 0.0300805 0.033617 0.037486 0.0416919 0.0462368 0.051121 0.0563417 0.0618937 0.0677685 0.0739542 0.0804357 0.0871944 0.094208 0.101451 0.108894 0.116505 0.124248 0.132086 0.139978 0.147882 0.155752 0.163544 0.17121 0.178704 0.185979 0.192988 0.199687 0.206031 0.211977 0.217487 0.222523 0.22705 0.231038 0.234459 0.23729 0.23951 0.241105 0.242064 0.24238 0.24205 0.241078 0.239469 0.237236 0.234393 0.230961 0.226963 0.222426 0.217383 0.211867 0.205916 0.199569 0.192869 0.18586 0.178587 0.171097 0.163436 0.155652 0.14779 0.139897 0.132016 0.12419 0.11646 0.108863 0.101434 0.0942053 0.0872059 0.0804611 0.0739928 0.0678195 0.0619561 0.0564143 0.0512024 0.0463256 0.0417864 0.0375847 0.0337181 0.0301823 0.0269714 0.0240783 0.0214952 0.0192134 0.0172245 0.0155199 0.0140918 0.0129329 0.012037 0.011399 0.0110157 
0.0120152 0.0121475 0.012556 0.0132438 0.0142151 0.0154755 0.0170316 0.0188914 0.0210635 0.023557 0.026381 0.0295444 0.0330557 0.0369221 0.0411497 0.0457426 0.0507028 0.0560299 0.0617206 0.0677685 0.0741638 0.0808933 0.0879399 0.095283 0.102898 0.110757 0.118828 0.127075 0.135461 0.143944 0.15248 0.161022 0.169524 0.177936 0.186208 0.19429 0.202131 0.209683 0.216896 0.223724 0.230121 0.236047 0.24146 0.246326 0.25061 0.254285 0.257324 0.259708 0.26142 0.262449 0.262787 0.262433 0.261388 0.259661 0.257262 0.254208 0.25052 0.246224 0.241348 0.235925 0.229991 0.223588 0.216755 0.20954 0.201988 0.194148 0.186069 0.177803 0.169398 0.160905 0.152372 0.143848 0.135378 0.127007 0.118774 0.110718 0.102875 0.0952758 0.0879481 0.0809163 0.074201 0.0678187 0.0617827 0.0561025 0.0507843 0.0458313 0.0412438 0.0370199 0.0331552 0.0296439 0.0264785 0.023651 0.0211523 0.0189735 0.0171055 0.0155401 0.0142695 0.0132871 0.0125875 0.0121674 
0.0132275 0.0133727 0.01382 0.0145727 0.0156352 0.0170134 0.0187146 0.0207469 0.0231196 0.0258421 0.028924 0.0323747 0.0362029 0.040416 0.04502 0.0500189 0.0554144 0.0612055 0.0673879 0.0739542 0.0808933 0.0881901 0.0958259 0.103778 0.112019 0.120518 0.12924 0.138148 0.1472 0.15635 0.165552 0.174755 0.183909 0.192961 0.201857 0.210544 0.218967 0.227075 0.234817 0.242141 0.249001 0.255352 0.261152 0.266363 0.270951 0.274884 0.278137 0.280688 0.28252 0.28362 0.283982 0.283602 0.282484 0.280634 0.278066 0.274797 0.270849 0.266247 0.261023 0.255212 0.248851 0.241983 0.234653 0.226908 0.218798 0.210375 0.201691 0.1928 0.183755 0.174609 0.165417 0.156227 0.147091 0.138054 0.129162 0.120456 0.111974 0.10375 0.0958152 0.088196 0.0809149 0.0739907 0.067438 0.0612677 0.0554872 0.0501005 0.0451084 0.0405093 0.0362992 0.032472 0.0290203 0.0259354 0.0232083 0.0208293 0.0187892 0.0170789 0.0156905 0.0146169 0.0138524 0.0133934 
0.014512 0.0146708 0.0151589 0.0159797 0.0171381 0.0186401 0.0204935 0.0227069 0.0252899 0.0282525 0.0316047 0.0353562 0.0395159 0.0440915 0.0490888 0.0545116 0.0603612 0.0666357 0.0733301 0.0804357 0.0879399 0.0958259 0.104073 0.112656 0.121544 0.130706 0.140102 0.149691 0.159429 0.169266 0.179153 0.189036 0.198859 0.208567 0.218103 0.227409 0.236428 0.245105 0.253385 0.261216 0.268547 0.275332 0.281526 0.287089 0.291985 0.296181 0.299651 0.302371 0.304324 0.305497 0.305882 0.305476 0.304283 0.302311 0.299571 0.296083 0.291869 0.286957 0.28138 0.275173 0.268377 0.261036 0.253198 0.244913 0.236233 0.227213 0.217909 0.208378 0.198676 0.188861 0.178989 0.169115 0.159292 0.14957 0.139997 0.130619 0.121476 0.112606 0.104042 0.0958128 0.0879443 0.0804568 0.0733666 0.0666861 0.0604238 0.0545847 0.0491703 0.0441793 0.039608 0.0354504 0.0316988 0.0283445 0.0253779 0.0227891 0.0205683 0.0187061 0.017194 0.0160246 0.0151919 0.0146921 
0.0158662 0.0160393 0.01657 0.0174622 0.0187207 0.0203522 0.0223646 0.0247671 0.0275697 0.0307828 0.0344168 0.0384818 0.0429867 0.0479394 0.0533456 0.0592087 0.0655296 0.0723055 0.0795305 0.0871944 0.095283 0.103778 0.112656 0.121889 0.131445 0.141288 0.151376 0.161665 0.172107 0.182649 0.193237 0.203814 0.214321 0.224699 0.234886 0.244822 0.254448 0.263703 0.27253 0.280875 0.288684 0.295907 0.3025 0.308419 0.313626 0.318088 0.321777 0.324668 0.326744 0.32799 0.328398 0.327967 0.326699 0.324601 0.321689 0.31798 0.313498 0.308272 0.302337 0.29573 0.288493 0.280673 0.27232 0.263486 0.254226 0.244599 0.234664 0.22448 0.214108 0.203609 0.193043 0.182468 0.17194 0.161515 0.151244 0.141174 0.131351 0.121815 0.112602 0.103744 0.0952686 0.0871984 0.0795518 0.0723426 0.0655807 0.059272 0.0534189 0.0480206 0.0430735 0.0385719 0.034508 0.0308728 0.0276564 0.0248487 0.0224392 0.0204183 0.018777 0.0175075 0.0166035 0.0160611 
0.017287 0.0174749 0.0180501 0.0190165 0.0203793 0.0221454 0.0243232 0.0269222 0.0299529 0.0334261 0.0373525 0.0417425 0.0466052 0.0519483 0.0577775 0.0640959 0.0709036 0.078197 0.0859689 0.094208 0.102898 0.112019 0.121544 0.131445 0.141685 0.152226 0.163022 0.174027 0.185186 0.196447 0.207749 0.219032 0.230234 0.241291 0.252139 0.262714 0.272953 0.282792 0.292173 0.301036 0.309326 0.316992 0.323985 0.330262 0.335782 0.340512 0.34442 0.347483 0.349682 0.351001 0.351434 0.350977 0.349633 0.34741 0.344324 0.340393 0.335642 0.330101 0.323806 0.316796 0.309115 0.300812 0.291938 0.28255 0.272705 0.262463 0.251888 0.241042 0.22999 0.218796 0.207523 0.196234 0.184989 0.173846 0.162861 0.152084 0.141564 0.131346 0.121467 0.111963 0.102863 0.0941935 0.0859737 0.0782194 0.0709418 0.0641481 0.0578415 0.0520217 0.0466856 0.0418276 0.0374398 0.0335133 0.0300377 0.0270025 0.0243971 0.0222112 0.0204356 0.0190621 0.018084 0.0174973 
0.0187703 0.0189736 0.0195948 0.0206382 0.022109 0.0240144 0.0263633 0.0291656 0.032432 0.0361739 0.0404023 0.0451276 0.0503591 0.0561046 0.0623694 0.0691562 0.0764642 0.084289 0.0926222 0.101451 0.110757 0.120518 0.130706 0.141288 0.152226 0.163477 0.174994 0.186725 0.198615 0.210603 0.222629 0.234627 0.246531 0.258275 0.26979 0.281008 0.291864 0.302291 0.312226 0.321609 0.330382 0.338491 0.345886 0.35252 0.358354 0.36335 0.367478 0.370713 0.373034 0.374427 0.374883 0.3744 0.372981 0.370634 0.367374 0.363221 0.358201 0.352346 0.34569 0.338277 0.330151 0.321363 0.311968 0.302023 0.291589 0.280729 0.269509 0.257996 0.246257 0.23436 0.222372 0.210359 0.198386 0.186514 0.174802 0.163306 0.152077 0.141162 0.130603 0.120438 0.1107 0.101416 0.0926089 0.0842953 0.0764883 0.069196 0.0624228 0.0561692 0.0504323 0.0452067 0.0404849 0.0362575 0.0325142 0.0292441 0.026436 0.0240796 0.0221649 0.0206837 0.019629 0.0189964 
0.0203111 0.0205303 0.021199 0.0223216 0.0239037 0.0259527 0.0284777 0.0314892 0.0349982 0.0390163 0.0435549 0.0486245 0.0542346 0.0603926 0.0671037 0.0743699 0.0821897 0.0905576 0.0994639 0.108894 0.118828 0.12924 0.140102 0.151376 0.163022 0.174994 0.187241 0.199708 0.212334 0.225058 0.237812 0.25053 0.263141 0.275574 0.287757 0.299621 0.311094 0.322109 0.332599 0.342501 0.351755 0.360306 0.3681 0.37509 0.381235 0.386496 0.390843 0.394247 0.39669 0.398156 0.398636 0.398127 0.396633 0.394162 0.39073 0.386357 0.381071 0.374902 0.367889 0.360074 0.351505 0.342234 0.332317 0.321816 0.310792 0.299313 0.287447 0.275264 0.262835 0.250231 0.237523 0.224781 0.212073 0.199464 0.187018 0.174793 0.162844 0.151222 0.139972 0.129136 0.118748 0.108838 0.0994313 0.0905466 0.0821984 0.0743962 0.0671454 0.0604472 0.0542994 0.0486968 0.043632 0.0390956 0.0350771 0.0315653 0.0285488 0.0260167 0.023959 0.022367 0.0212333 0.0205535 
0.0219034 0.022139 0.0228565 0.0240604 0.0257565 0.0279526 0.0306582 0.0338838 0.0376411 0.0419418 0.0467975 0.0522189 0.0582155 0.0647944 0.0719605 0.079715 0.0880557 0.096976 0.106464 0.116505 0.127075 0.138148 0.149691 0.161665 0.174027 0.186725 0.199708 0.212914 0.226281 0.239743 0.253229 0.266668 0.279985 0.293107 0.305958 0.318464 0.330553 0.342152 0.353193 0.363611 0.373342 0.38233 0.390519 0.397862 0.404314 0.409838 0.414399 0.417972 0.420534 0.422072 0.422575 0.422042 0.420474 0.417881 0.414279 0.40969 0.404139 0.397661 0.390293 0.382081 0.373073 0.363323 0.352889 0.341835 0.330225 0.31813 0.305619 0.292767 0.279648 0.266337 0.252907 0.239433 0.225987 0.212638 0.199452 0.186493 0.173818 0.161482 0.149534 0.138018 0.126971 0.116427 0.106411 0.0969464 0.0880479 0.0797268 0.0719894 0.0648381 0.058271 0.0522835 0.0468683 0.042016 0.037716 0.0339569 0.030727 0.0280152 0.0258109 0.0241052 0.0228906 0.0221624 
0.0235406 0.0237929 0.0245601 0.025847 0.0276594 0.0300056 0.0328951 0.036339 0.040349 0.0449373 0.0501156 0.0558947 0.0622839 0.0692901 0.0769176 0.0851672 0.0940354 0.103515 0.113592 0.124248 0.135461 0.1472 0.159429 0.172107 0.185186 0.198615 0.212334 0.226281 0.240389 0.254588 0.268804 0.282961 0.296982 0.310789 0.324303 0.337447 0.350144 0.362322 0.373908 0.384834 0.395036 0.404455 0.413033 0.420723 0.427477 0.433258 0.43803 0.441768 0.444449 0.446057 0.446583 0.446024 0.444385 0.441672 0.437904 0.433101 0.427291 0.420509 0.412793 0.40419 0.394749 0.384526 0.373582 0.361981 0.349792 0.337085 0.323935 0.310419 0.296614 0.282599 0.26845 0.254246 0.240063 0.225972 0.212046 0.19835 0.184947 0.171894 0.159243 0.147042 0.135332 0.124147 0.113517 0.103465 0.09401 0.0851633 0.0769329 0.0693219 0.0623292 0.0559508 0.0501794 0.0450058 0.0404194 0.0364085 0.0329613 0.0300662 0.0277126 0.0258911 0.024594 0.0238165 
0.0252148 0.0254841 0.0263019 0.0276729 0.0296034 0.0321017 0.0351778 0.0388429 0.0431091 0.0479886 0.0534934 0.0596342 0.0664201 0.0738579 0.0819512 0.0906999 0.1001 0.110141 0.12081 0.132086 0.143944 0.15635 0.169266 0.182649 0.196447 0.210603 0.225058 0.239743 0.254588 0.26952 0.28446 0.299329 0.314046 0.32853 0.342699 0.356472 0.36977 0.382516 0.394638 0.406064 0.416727 0.426568 0.435528 0.443556 0.450606 0.456637 0.461617 0.465515 0.46831 0.469987 0.470536 0.469954 0.468243 0.465415 0.461484 0.456473 0.45041 0.443331 0.435275 0.426288 0.416423 0.405737 0.394292 0.382154 0.369393 0.356084 0.342304 0.328132 0.313649 0.298935 0.284074 0.269145 0.254229 0.239401 0.224737 0.210307 0.196176 0.182406 0.169052 0.156165 0.143789 0.131961 0.120713 0.110072 0.100056 0.0906795 0.0819519 0.0738769 0.0664545 0.0596809 0.0535494 0.0480507 0.0431743 0.0389084 0.0352409 0.0321601 0.029655 0.0277161 0.0263353 0.0255078 
0.0269176 0.0272041 0.0280729 0.029529 0.0315787 0.0342305 0.0374947 0.0413828 0.0459071 0.05108 0.0569134 0.063418 0.0706029 0.0784742 0.0870351 0.0962845 0.106217 0.116822 0.128083 0.139978 0.15248 0.165552 0.179153 0.193237 0.207749 0.222629 0.237812 0.253229 0.268804 0.28446 0.300115 0.315686 0.331089 0.346239 0.361051 0.375441 0.389328 0.402631 0.415276 0.427189 0.438303 0.448555 0.457886 0.466243 0.47358 0.479856 0.485036 0.48909 0.491997 0.493741 0.494311 0.493706 0.491927 0.488986 0.484898 0.479685 0.473377 0.466008 0.457621 0.448262 0.437984 0.426846 0.414911 0.402247 0.388928 0.375029 0.36063 0.345814 0.330663 0.315262 0.299698 0.284053 0.268412 0.252855 0.237459 0.2223 0.207446 0.192963 0.178909 0.165339 0.152298 0.139828 0.127963 0.116731 0.106154 0.0962468 0.0870204 0.0784798 0.0706256 0.0634548 0.0569609 0.0511351 0.0459666 0.0414438 0.0375543 0.0342862 0.0316284 0.0295709 0.0281058 0.0272278 
0.0286397 0.0289435 0.0298635 0.031405 0.0335743 0.0363802 0.0398332 0.0439449 0.0487278 0.0541946 0.060357 0.0672257 0.0748095 0.083114 0.0921417 0.101891 0.112354 0.12352 0.135371 0.147882 0.161022 0.174755 0.189036 0.203814 0.219032 0.234627 0.25053 0.266668 0.282961 0.299329 0.315686 0.331947 0.348021 0.363823 0.379263 0.394255 0.408715 0.422561 0.435714 0.448101 0.459652 0.470302 0.479992 0.488668 0.496282 0.502794 0.508166 0.512371 0.515386 0.517194 0.517785 0.517158 0.515314 0.512264 0.508023 0.502616 0.496071 0.488424 0.479716 0.469997 0.459318 0.447742 0.435331 0.422157 0.408294 0.39382 0.378817 0.363371 0.347567 0.331493 0.315239 0.298891 0.282537 0.266261 0.250145 0.234266 0.218698 0.203509 0.188762 0.174514 0.160814 0.147706 0.135227 0.123408 0.112271 0.101835 0.0921111 0.0831055 0.0748199 0.0672519 0.0603955 0.0542421 0.0487812 0.0440008 0.0398888 0.036433 0.0336219 0.0314456 0.0298957 0.0289672 
0.030371 0.0306921 0.0316634 0.03329 0.0355787 0.0385384 0.0421796 0.0465143 0.051555 0.0573144 0.0638044 0.0710354 0.0790158 0.0877508 0.0972421 0.107487 0.118477 0.130199 0.142633 0.155752 0.169524 0.183909 0.198859 0.214321 0.230234 0.246531 0.263141 0.279985 0.296982 0.314046 0.331089 0.348021 0.364751 0.381186 0.397237 0.412813 0.427828 0.442199 0.455844 0.468688 0.48066 0.491694 0.501729 0.510711 0.518592 0.52533 0.530888 0.535237 0.538355 0.540225 0.540837 0.540188 0.538281 0.535127 0.530741 0.525147 0.518375 0.51046 0.501445 0.491378 0.480314 0.468315 0.455445 0.441777 0.427388 0.412356 0.396767 0.380709 0.364269 0.34754 0.330613 0.313578 0.296527 0.279547 0.262724 0.246139 0.229869 0.213986 0.198556 0.183639 0.169289 0.155551 0.142465 0.130064 0.118374 0.107413 0.097195 0.0877277 0.0790135 0.0710505 0.0638335 0.0573541 0.0516018 0.0465649 0.042231 0.0385879 0.035624 0.033329 0.0316947 0.0307157 
0.032101 0.0324393 0.0334614 0.0351726 0.0375797 0.0406919 0.0445198 0.0490755 0.0543716 0.0604208 0.067235 0.0748244 0.0831968 0.0923571 0.102306 0.11304 0.124549 0.136818 0.149826 0.163544 0.177936 0.192961 0.208567 0.224699 0.241291 0.258275 0.275574 0.293107 0.310789 0.32853 0.346239 0.363823 0.381186 0.398235 0.414875 0.431015 0.446566 0.461441 0.475559 0.488842 0.501217 0.512618 0.522984 0.532259 0.540395 0.547348 0.553082 0.557569 0.560785 0.562714 0.563345 0.562676 0.56071 0.557457 0.552933 0.547161 0.540172 0.532001 0.522692 0.512293 0.50086 0.488455 0.475145 0.461003 0.446107 0.430538 0.414384 0.397734 0.380679 0.363315 0.345734 0.328033 0.310304 0.292639 0.275126 0.257852 0.240896 0.224334 0.208235 0.192663 0.177674 0.163317 0.149635 0.136661 0.124425 0.112947 0.102242 0.092319 0.0831813 0.074828 0.0672543 0.0604521 0.0544114 0.0491204 0.0445667 0.0407379 0.0376224 0.0352099 0.0334917 0.0324626 
0.0338184 0.0341737 0.0352459 0.0370406 0.0395646 0.042827 0.0468388 0.0516122 0.0571598 0.0634943 0.0706274 0.078569 0.0873267 0.0969045 0.107302 0.118515 0.130533 0.143338 0.156907 0.17121 0.186208 0.201857 0.218103 0.234886 0.252139 0.26979 0.287757 0.305958 0.324303 0.342699 0.361051 0.379263 0.397237 0.414875 0.432082 0.448762 0.464826 0.480184 0.494753 0.508454 0.521215 0.532966 0.543646 0.553199 0.561575 0.568733 0.574635 0.579253 0.582562 0.584546 0.585196 0.584508 0.582485 0.579138 0.574483 0.568543 0.561349 0.552935 0.543347 0.532633 0.520849 0.508057 0.494327 0.479732 0.46435 0.448267 0.431571 0.414352 0.396706 0.37873 0.36052 0.342174 0.323789 0.305461 0.28728 0.269337 0.251714 0.234492 0.217742 0.201531 0.185919 0.170958 0.156692 0.143159 0.130389 0.118404 0.107222 0.0968513 0.0872978 0.0785609 0.0706365 0.063517 0.0571924 0.0516512 0.046881 0.0428693 0.0396045 0.037076 0.0352753 0.0341968 
0.0355118 0.0358838 0.0370052 0.0388815 0.0415199 0.0449295 0.0491214 0.0541078 0.0599014 0.0665148 0.0739595 0.0822452 0.0913789 0.101364 0.1122 0.12388 0.136392 0.149718 0.163833 0.178704 0.19429 0.210544 0.227409 0.244822 0.262714 0.281008 0.299621 0.318464 0.337447 0.356472 0.375441 0.394255 0.412813 0.431015 0.448762 0.465958 0.48251 0.498327 0.513325 0.527423 0.540548 0.552629 0.563606 0.573422 0.582026 0.589376 0.595436 0.600176 0.603573 0.60561 0.606277 0.605571 0.603496 0.600061 0.595282 0.589184 0.581796 0.573154 0.563302 0.55229 0.540174 0.527017 0.512888 0.497862 0.48202 0.465447 0.448233 0.430472 0.412261 0.393698 0.374885 0.355921 0.336906 0.317939 0.299115 0.280527 0.262261 0.2444 0.22702 0.210191 0.193975 0.178427 0.163595 0.149518 0.136228 0.12375 0.112102 0.101296 0.0913365 0.0822253 0.0739584 0.0665287 0.0599266 0.0541407 0.0491586 0.044968 0.041557 0.038915 0.0370334 0.0359066 
0.0371694 0.0375576 0.0387268 0.0406826 0.0434323 0.046985 0.0513519 0.0565453 0.0625779 0.069462 0.0772092 0.0858286 0.0953268 0.105707 0.116966 0.129098 0.142089 0.155919 0.170561 0.185979 0.202131 0.218967 0.236428 0.254448 0.272953 0.291864 0.311094 0.330553 0.350144 0.36977 0.389328 0.408715 0.427828 0.446566 0.464826 0.48251 0.499523 0.515773 0.531175 0.545648 0.559115 0.571508 0.582763 0.592825 0.601642 0.609173 0.615381 0.620235 0.623713 0.625799 0.626483 0.625761 0.623636 0.620119 0.615226 0.60898 0.60141 0.592554 0.582456 0.571163 0.558735 0.545234 0.530729 0.515298 0.49902 0.481984 0.46428 0.446005 0.427256 0.408137 0.388748 0.369195 0.349578 0.330001 0.310561 0.291355 0.272472 0.253998 0.236013 0.218589 0.201791 0.185678 0.170299 0.155697 0.141905 0.12895 0.116852 0.105623 0.095271 0.0857969 0.0771977 0.0694671 0.0625956 0.056572 0.0513841 0.0470195 0.0434664 0.0407141 0.0387538 0.03758 
0.0387791 0.0391829 0.0403983 0.042431 0.045288 0.0489788 0.0535146 0.0589076 0.0651705 0.0723156 0.0803541 0.0892948 0.0991438 0.109903 0.12157 0.134136 0.147586 0.161899 0.177045 0.192988 0.209683 0.227075 0.245105 0.263703 0.282792 0.302291 0.322109 0.342152 0.362322 0.382516 0.402631 0.422561 0.442199 0.461441 0.480184 0.498327 0.515773 0.532431 0.548212 0.563034 0.576821 0.589504 0.601019 0.61131 0.620326 0.628024 0.634369 0.63933 0.642884 0.645016 0.645714 0.644977 0.642807 0.639214 0.634214 0.62783 0.620093 0.611038 0.600709 0.589156 0.576437 0.562614 0.547758 0.531946 0.51526 0.497788 0.479624 0.460863 0.441609 0.421963 0.402031 0.381919 0.361732 0.341576 0.321551 0.301756 0.282285 0.263227 0.244664 0.226672 0.209318 0.192664 0.176762 0.161656 0.147382 0.13397 0.121439 0.109805 0.0990747 0.0892514 0.0803324 0.0723119 0.0651807 0.058928 0.0535417 0.0490093 0.0453191 0.0424603 0.0404241 0.039205 
0.0403289 0.0407478 0.0420074 0.0441136 0.0470734 0.0508964 0.0555938 0.0611777 0.0676608 0.0750553 0.0833721 0.0926197 0.102803 0.113925 0.12598 0.138959 0.152847 0.167619 0.183246 0.199687 0.216896 0.234817 0.253385 0.27253 0.292173 0.312226 0.332599 0.353193 0.373908 0.394638 0.415276 0.435714 0.455844 0.475559 0.494753 0.513325 0.531175 0.548212 0.564345 0.579492 0.593576 0.606528 0.618283 0.628786 0.637985 0.645838 0.652309 0.657368 0.660993 0.663166 0.663879 0.663128 0.660916 0.657252 0.652154 0.645644 0.637752 0.628513 0.617972 0.606178 0.593188 0.579067 0.563885 0.547719 0.530653 0.512775 0.49418 0.474967 0.455238 0.435098 0.414656 0.394019 0.373296 0.352594 0.332017 0.311667 0.291641 0.27203 0.25292 0.234389 0.216508 0.19934 0.182941 0.167356 0.152624 0.138776 0.125833 0.113812 0.102721 0.0925647 0.0833404 0.0750429 0.0676637 0.0611919 0.0556158 0.0509229 0.0471015 0.0441408 0.0420319 0.0407694 
0.0418071 0.0422402 0.0435418 0.0457177 0.048775 0.0527234 0.0575739 0.0633388 0.0700306 0.0776613 0.0862415 0.0957795 0.10628 0.117743 0.130165 0.143535 0.157836 0.173041 0.18912 0.206031 0.223724 0.242141 0.261216 0.280875 0.301036 0.321609 0.342501 0.363611 0.384834 0.406064 0.427189 0.448101 0.468688 0.488842 0.508454 0.527423 0.545648 0.563034 0.579492 0.594938 0.609296 0.622495 0.634471 0.645167 0.654534 0.662529 0.669116 0.674265 0.677953 0.680165 0.680891 0.680127 0.677877 0.67415 0.668962 0.662336 0.654302 0.644895 0.634159 0.622143 0.608906 0.59451 0.579028 0.562535 0.545118 0.526864 0.507871 0.488237 0.468067 0.447469 0.426552 0.405426 0.384202 0.36299 0.341897 0.321028 0.300481 0.280351 0.260728 0.24169 0.223314 0.205663 0.188795 0.172759 0.157595 0.143335 0.130003 0.117617 0.106185 0.0957134 0.0862001 0.0776404 0.0700262 0.063347 0.057591 0.052746 0.0488001 0.0457428 0.043565 0.0422614 
0.0432019 0.0436485 0.0449895 0.0472308 0.0503797 0.0544457 0.0594399 0.0653746 0.0722621 0.0801143 0.0889414 0.0987513 0.109548 0.121332 0.134097 0.147832 0.162518 0.178129 0.194629 0.211977 0.230121 0.249001 0.268547 0.288684 0.309326 0.330382 0.351755 0.373342 0.395036 0.416727 0.438303 0.459652 0.48066 0.501217 0.521215 0.540548 0.559115 0.576821 0.593576 0.609296 0.623903 0.637327 0.649504 0.660377 0.669896 0.67802 0.684711 0.689941 0.693688 0.695935 0.696672 0.695897 0.693612 0.689827 0.684558 0.677828 0.669665 0.660105 0.649192 0.636975 0.623512 0.608866 0.593109 0.576318 0.558579 0.539981 0.520622 0.500602 0.480027 0.459006 0.43765 0.416073 0.394386 0.372703 0.351131 0.32978 0.30875 0.288139 0.268038 0.24853 0.229691 0.21159 0.194285 0.177828 0.162261 0.147616 0.133921 0.121192 0.109442 0.0986747 0.0888906 0.0800853 0.0722508 0.065377 0.0594522 0.0544645 0.0504019 0.0472539 0.0450115 0.0436692 
