7.01555e-05 7.18347e-05 7.80604e-05 8.90919e-05 0.000105348 0.000127425 0.000156096 0.000192315 0.000237218 0.000292122 0.000358521 0.000438083 0.000532637 0.000644157 0.000774744 0.000926597 0.00110198 0.00130318 0.00153246 0.00179201 0.00208388 0.00240992 0.00277172 0.00317051 0.00360713 0.00408194 0.00459478 0.00514487 0.0057308 0.0063505 0.00700118 0.00767935 0.00838082 0.00910074 0.0098336 0.0105734 0.0113134 0.0120469 0.0127664 0.0134645 0.0141337 0.0147666 0.0153559 0.0158946 0.0163764 0.0167952 0.017146 0.0174242 0.0176265 0.0177502 0.0177938 0.0177567 0.0176394 0.0174434 0.0171713 0.0168265 0.0164134 0.0159372 0.0154036 0.0148191 0.0141906 0.0135254 0.0128308 0.0121143 0.0113834 0.0106454 0.00990711 0.0091752 0.00845572 0.00775416 0.0070754 0.00642365 0.00580242 0.00521454 0.00466213 0.00414663 0.00366886 0.00322905 0.00282689 0.00246159 0.00213195 0.00183645 0.00157328 0.00134042 0.00113574 0.000956996 0.00080193 0.000668299 0.000553919 0.000456699 0.000374669 0.000305999 0.000249016 0.000202215 0.000164265 0.000134014 0.000110488 9.28903e-05 8.06025e-05 7.31939e-05 
7.18347e-05 7.35597e-05 7.99445e-05 9.1255e-05 0.000107921 0.000130553 0.000159944 0.000197071 0.0002431 0.000299379 0.000367439 0.000448988 0.000545898 0.000660191 0.000794018 0.000949627 0.00112933 0.00133548 0.00157037 0.00183625 0.0021352 0.00246911 0.0028396 0.00324792 0.00369492 0.00418096 0.00470586 0.0052688 0.00586835 0.00650236 0.00716798 0.00786163 0.00857901 0.00931516 0.0100645 0.0108207 0.0115772 0.0123268 0.0130621 0.0137754 0.0144592 0.0151058 0.0157077 0.016258 0.01675 0.0171777 0.0175359 0.0178201 0.0180266 0.0181529 0.0181973 0.0181593 0.0180395 0.0178393 0.0175613 0.0172091 0.0167872 0.0163006 0.0157555 0.0151584 0.0145163 0.0138366 0.0131267 0.0123945 0.0116475 0.0108931 0.0101384 0.0093901 0.00865442 0.00793698 0.00724277 0.00657611 0.00594059 0.00533911 0.00477385 0.0042463 0.00375731 0.00330712 0.00289541 0.0025214 0.00218386 0.00188126 0.00161173 0.00137323 0.00116357 0.000980469 0.00082161 0.000684702 0.000567512 0.000467901 0.000383849 0.000313485 0.000255096 0.00020714 0.000168254 0.000137257 0.000113151 9.51209e-05 8.25321e-05 7.49435e-05 
7.80604e-05 7.99445e-05 8.68786e-05 9.91497e-05 0.000117221 0.00014175 0.000173592 0.000213797 0.000263618 0.000324504 0.000398099 0.000486235 0.000590916 0.000714307 0.000858706 0.00102651 0.00122019 0.00144224 0.0016951 0.00198116 0.0023026 0.00266143 0.00305932 0.00349759 0.0039771 0.00449818 0.00506059 0.00566342 0.0063051 0.00698329 0.0076949 0.00843608 0.00920224 0.00998805 0.0107875 0.011594 0.0124004 0.0131991 0.0139823 0.0147418 0.0154695 0.0161574 0.0167977 0.0173828 0.0179058 0.0183604 0.0187409 0.0190427 0.019262 0.019396 0.019443 0.0194025 0.019275 0.019062 0.0187664 0.0183919 0.0179431 0.0174257 0.0168458 0.0162105 0.0155271 0.0148035 0.0140476 0.0132676 0.0124716 0.0116674 0.0108626 0.0100642 0.00927902 0.00851292 0.00777127 0.00705871 0.00637909 0.00573555 0.00513045 0.00456541 0.0040414 0.00355869 0.00311702 0.00271556 0.00235307 0.0020279 0.00173812 0.00148157 0.00125591 0.00105873 0.000887567 0.000739981 0.000613585 0.000506095 0.000415353 0.000339353 0.000276259 0.000224417 0.000182365 0.000148834 0.000122751 0.00010324 8.96183e-05 8.14108e-05 
8.90919e-05 9.1255e-05 9.91497e-05 0.000113099 0.000133623 0.000161462 0.000197571 0.000243132 0.000299544 0.000368427 0.000451618 0.000551156 0.000669273 0.000808373 0.000971002 0.00115982 0.00137754 0.0016269 0.00191061 0.00223123 0.00259119 0.00299262 0.00343733 0.0039267 0.00446161 0.00504236 0.0056686 0.00633924 0.00705246 0.00780561 0.0085952 0.00941692 0.0102656 0.0111355 0.0120197 0.0129111 0.0138018 0.0146833 0.0155472 0.0163845 0.0171863 0.0179439 0.0186486 0.0192923 0.0198675 0.0203672 0.0207854 0.0211169 0.0213576 0.0215046 0.021556 0.0215111 0.0213706 0.0211362 0.020811 0.0203989 0.0199051 0.0193355 0.0186971 0.0179974 0.0172446 0.016447 0.0156135 0.014753 0.0138743 0.0129861 0.0120965 0.0112136 0.0103446 0.00949609 0.00867408 0.0078837 0.00712927 0.0064143 0.00574148 0.00511268 0.00452903 0.00399093 0.00349813 0.00304981 0.00264463 0.00228086 0.00195638 0.00166885 0.00141572 0.00119434 0.001002 0.000836004 0.000693723 0.00057262 0.000470301 0.000384537 0.000313282 0.000254693 0.000207137 0.000169195 0.000139668 0.000117575 0.00010215 9.28634e-05 
0.000105348 0.000107921 0.000117221 0.000133623 0.000157731 0.0001904 0.000232737 0.000286104 0.000352115 0.000432636 0.000529777 0.000645877 0.000783492 0.000945366 0.0011344 0.00135361 0.00160609 0.00189491 0.00222311 0.00259359 0.00300901 0.00347175 0.00398377 0.00454655 0.00516099 0.00582731 0.00654501 0.00731275 0.00812833 0.00898863 0.00988961 0.0108263 0.0117928 0.0127824 0.0137874 0.0147997 0.0158102 0.0168097 0.0177883 0.0187361 0.0196431 0.0204995 0.0212957 0.0220226 0.0226717 0.0232354 0.0237069 0.0240805 0.0243516 0.0245169 0.0245744 0.0245234 0.0243646 0.0240998 0.0237325 0.0232672 0.0227094 0.022066 0.0213446 0.0205536 0.019702 0.0187995 0.0178557 0.0168807 0.0158844 0.0148765 0.0138664 0.012863 0.0118745 0.0109085 0.00997179 0.00907025 0.00820888 0.00739173 0.00662196 0.00590181 0.00523265 0.00461505 0.00404882 0.00353314 0.00306657 0.0026472 0.00227272 0.0019405 0.00164771 0.00139136 0.00116839 0.000975751 0.000810451 0.000669606 0.000550483 0.000450532 0.000367411 0.000299003 0.00024343 0.00019906 0.000164511 0.00013865 0.000120595 0.000109733 
0.000127425 0.000130553 0.00014175 0.000161462 0.0001904 0.000229576 0.000280295 0.000344161 0.000423074 0.000519224 0.000635081 0.000773382 0.000937109 0.00112945 0.00135378 0.00161359 0.00191243 0.00225385 0.00264131 0.0030781 0.00356724 0.00411139 0.00471271 0.00537279 0.00609254 0.00687208 0.00771068 0.00860664 0.00955728 0.0105589 0.0116066 0.0126946 0.013816 0.014963 0.0161267 0.0172976 0.0184654 0.0196194 0.0207483 0.0218407 0.0228854 0.0238711 0.0247868 0.0256223 0.0263681 0.0270153 0.0275564 0.0279849 0.0282956 0.0284849 0.0285504 0.0284914 0.0283085 0.0280041 0.0275819 0.027047 0.0264058 0.0256658 0.0248359 0.0239255 0.0229449 0.0219049 0.0208167 0.0196917 0.0185413 0.0173765 0.0162081 0.0150464 0.0139009 0.0127803 0.0116927 0.0106447 0.00964232 0.00869037 0.00779259 0.0069517 0.00616944 0.00544658 0.00478307 0.00417804 0.00362997 0.00313674 0.00269577 0.00230409 0.00195846 0.00165547 0.00139162 0.00116339 0.000967308 0.000800042 0.000658411 0.000539442 0.0004404 0.000358807 0.000292462 0.000239449 0.000198142 0.00016721 0.000145615 0.000132632 
0.000156096 0.000159944 0.000173592 0.000197571 0.000232737 0.000280295 0.000341804 0.000419176 0.000514669 0.000630884 0.000770749 0.000937502 0.00113466 0.00136597 0.0016354 0.00194702 0.00230497 0.00271338 0.00317624 0.00369732 0.00428007 0.00492748 0.00564194 0.00642518 0.0072781 0.00820066 0.00919183 0.0102494 0.0113702 0.0125496 0.0137818 0.0150599 0.0163757 0.0177199 0.0190824 0.0204518 0.0218163 0.0231634 0.02448 0.025753 0.0269694 0.0281162 0.0291809 0.0301517 0.0310177 0.0317689 0.0323965 0.0328933 0.0332533 0.0334723 0.0335477 0.0334787 0.033266 0.0329122 0.0324217 0.0318002 0.031055 0.0301949 0.0292298 0.0281705 0.027029 0.0258176 0.0245492 0.0232368 0.0218937 0.0205326 0.0191662 0.0178062 0.0164638 0.0151493 0.013872 0.01264 0.0114602 0.0103385 0.00927939 0.00828617 0.00736106 0.00650516 0.00571854 0.00500035 0.00434894 0.00376198 0.00323653 0.00276921 0.00235632 0.00199392 0.00167792 0.00140424 0.00116883 0.000967763 0.000797312 0.000653971 0.000534506 0.000435986 0.000355802 0.000291677 0.000241678 0.000204221 0.000178069 0.000162358 
0.000192315 0.000197071 0.000213797 0.000243132 0.000286104 0.000344161 0.000419176 0.000513436 0.000629643 0.000770903 0.000940705 0.0011429 0.00138165 0.0016614 0.00198682 0.00236269 0.00279388 0.00328517 0.00384121 0.00446635 0.00516453 0.00593911 0.00679278 0.00772736 0.00874373 0.00984164 0.0110197 0.012275 0.0136037 0.015 0.0164572 0.0179668 0.0195192 0.0211033 0.0227072 0.0243176 0.0259205 0.0275014 0.0290452 0.0305366 0.0319605 0.0333019 0.0345464 0.0356805 0.0366914 0.0375679 0.0382998 0.0388788 0.0392981 0.039553 0.0396403 0.0395591 0.0393104 0.0388972 0.0383243 0.0375984 0.0367279 0.0357228 0.0345945 0.0333556 0.0320196 0.030601 0.0291145 0.0275754 0.0259988 0.0243998 0.0227929 0.0211921 0.0196104 0.0180599 0.0165516 0.0150952 0.013699 0.0123698 0.0111133 0.00993358 0.00883339 0.00781423 0.00687637 0.00601902 0.0052404 0.0045379 0.00390821 0.00334748 0.00285142 0.00241545 0.00203483 0.00170477 0.00142051 0.00117743 0.000971116 0.000797414 0.000652486 0.000532843 0.000435374 0.00035736 0.000296492 0.00025087 0.000219015 0.000199892 
0.000237218 0.0002431 0.000263618 0.000299544 0.000352115 0.000423074 0.000514669 0.000629643 0.000771234 0.000943152 0.00114956 0.00139504 0.00168453 0.00202331 0.00241687 0.00287085 0.00339095 0.00398275 0.00465165 0.00540266 0.00624028 0.00716831 0.00818973 0.00930646 0.0105193 0.0118277 0.0132298 0.014722 0.0162993 0.0179549 0.0196805 0.0214661 0.0233001 0.0251696 0.0270602 0.0289565 0.0308422 0.0327001 0.0345127 0.0362624 0.0379314 0.0395026 0.0409593 0.0422858 0.0434676 0.0444916 0.0453463 0.046022 0.0465112 0.046808 0.0469093 0.0468138 0.0465228 0.0460395 0.0453696 0.0445207 0.0435025 0.0423265 0.0410057 0.0395547 0.0379892 0.0363256 0.0345812 0.0327736 0.0309205 0.0290393 0.0271471 0.0252601 0.0233938 0.0215624 0.0197788 0.0180546 0.0163997 0.0148225 0.0133297 0.0119264 0.0106161 0.0094007 0.00828089 0.00725591 0.00632385 0.00548185 0.00472615 0.00405235 0.00345549 0.00293028 0.00247116 0.00207254 0.0017288 0.00143451 0.00118443 0.000973648 0.000797585 0.000652091 0.000533449 0.00043841 0.000364207 0.000308567 0.000269711 0.000246402 
0.000292122 0.000299379 0.000324504 0.000368427 0.000432636 0.000519224 0.000630884 0.000770903 0.000943152 0.00115206 0.00140258 0.00170016 0.00205066 0.00246031 0.00293558 0.00348311 0.00410954 0.0048214 0.00562492 0.00652587 0.00752937 0.00863971 0.00986014 0.0111927 0.012638 0.0141952 0.0158616 0.0176329 0.0195029 0.0214632 0.0235039 0.025613 0.0277769 0.02998 0.0322056 0.0344356 0.0366507 0.0388312 0.0409566 0.0430063 0.04496 0.0467977 0.0485004 0.0500498 0.0514294 0.0526241 0.0536208 0.0544084 0.0549781 0.0553236 0.0554409 0.0553289 0.0549887 0.0544244 0.0536422 0.052651 0.0514618 0.0500878 0.0485441 0.0468471 0.0450151 0.0430671 0.0410229 0.038903 0.0367279 0.0345178 0.0322926 0.0300713 0.0278721 0.0257117 0.0236054 0.0215669 0.019608 0.0177389 0.0159676 0.0143005 0.012742 0.0112945 0.00995923 0.00873544 0.00762119 0.00661331 0.00570758 0.00489898 0.00418181 0.00354993 0.00299689 0.00251611 0.00210103 0.00174523 0.00144253 0.0011871 0.000973523 0.000796844 0.000652638 0.000537026 0.000446701 0.000378939 0.000331614 0.00030324 
0.000358521 0.000367439 0.000398099 0.000451618 0.000529777 0.000635081 0.000770749 0.000940705 0.00114956 0.00140258 0.00170565 0.00206521 0.00248819 0.00298194 0.00355404 0.00421227 0.00496437 0.0058179 0.00678007 0.00785746 0.00905589 0.0103801 0.0118338 0.0134188 0.0151357 0.0169831 0.0189575 0.0210535 0.0232633 0.0255772 0.0279829 0.0304663 0.0330111 0.0355992 0.0382108 0.0408247 0.0434186 0.0459694 0.0484535 0.050847 0.0531266 0.0552691 0.0572527 0.0590567 0.060662 0.0620514 0.0632099 0.0641249 0.0647863 0.0651871 0.0653227 0.0651917 0.0647956 0.0641389 0.0632287 0.0620752 0.0606909 0.0590909 0.0572923 0.0553143 0.0531774 0.0509037 0.0485161 0.0460379 0.0434929 0.0409046 0.0382962 0.0356897 0.0331064 0.0305659 0.0280863 0.0256837 0.0233723 0.0211642 0.0190691 0.0170947 0.0152466 0.0135282 0.0119409 0.0104842 0.00915629 0.00795359 0.00687141 0.00590406 0.005045 0.00428716 0.00362304 0.00304499 0.00254533 0.00211652 0.00175128 0.00144274 0.00118446 0.000970598 0.000795879 0.00065569 0.00054609 0.000463831 0.000406373 0.000371944 
0.000438083 0.000448988 0.000486235 0.000551156 0.000645877 0.000773382 0.000937502 0.0011429 0.00139504 0.00170016 0.00206521 0.00249779 0.00300606 0.0035986 0.00428431 0.00507223 0.00597134 0.00699037 0.00813757 0.00942045 0.0108456 0.0124182 0.0141421 0.0160195 0.0180503 0.0202326 0.0225619 0.0250314 0.0276317 0.030351 0.0331748 0.0360862 0.0390661 0.0420932 0.0451444 0.048195 0.0512192 0.0541901 0.0570806 0.0598633 0.0625112 0.0649981 0.0672988 0.0693899 0.0712494 0.072858 0.0741986 0.0752569 0.0760215 0.0764844 0.0766404 0.0764881 0.076029 0.0752682 0.0742139 0.0728776 0.0712735 0.0694187 0.0673327 0.0650373 0.062556 0.0599139 0.0571373 0.0542531 0.0512884 0.0482706 0.0452262 0.042181 0.0391597 0.0361851 0.0332785 0.030459 0.0277432 0.0251456 0.022678 0.0203498 0.0181676 0.016136 0.014257 0.0125306 0.0109546 0.00952549 0.00823794 0.00708552 0.00606084 0.00515573 0.00436159 0.00366952 0.00307058 0.00255595 0.00211712 0.00174598 0.00143498 0.0011772 0.000966414 0.000797145 0.000664722 0.000565288 0.000495824 0.000454222 
0.000532637 0.000545898 0.000590916 0.000669273 0.000783492 0.000937109 0.00113466 0.00138165 0.00168453 0.00205066 0.00248819 0.00300606 0.00361378 0.00432138 0.0051392 0.00607771 0.00714726 0.00835788 0.00971895 0.011239 0.0129253 0.0147836 0.0168181 0.0190306 0.0214208 0.0239858 0.0267201 0.0296151 0.0326597 0.0358394 0.0391372 0.0425332 0.0460049 0.0495275 0.0530741 0.0566162 0.0601239 0.0635665 0.0669125 0.0701309 0.0731908 0.0760624 0.0787171 0.0811282 0.0832711 0.0851237 0.0866669 0.0878846 0.0887639 0.0892957 0.0894744 0.0892982 0.088769 0.0878925 0.0866778 0.0851379 0.0832889 0.08115 0.0787434 0.0760936 0.0732274 0.0701733 0.0669611 0.0636215 0.0601858 0.056685 0.0531499 0.0496102 0.0460944 0.0426292 0.0392392 0.0359469 0.032772 0.0297314 0.0268395 0.0241074 0.0215436 0.0191536 0.0169403 0.014904 0.0130429 0.0113529 0.00982848 0.00846229 0.00724599 0.00617028 0.00522527 0.00440071 0.00368625 0.00307163 0.00254693 0.00210268 0.00173003 0.00142083 0.00116776 0.000964374 0.000805157 0.000685548 0.000601977 0.000551951 
0.000644157 0.000660191 0.000714307 0.000808373 0.000945366 0.00112945 0.00136597 0.0016614 0.00202331 0.00246031 0.00298194 0.0035986 0.00432138 0.0051619 0.00613211 0.00724405 0.00850961 0.00994018 0.0115464 0.0133378 0.0153225 0.0175068 0.0198948 0.0224883 0.0252864 0.0282851 0.0314774 0.034853 0.0383982 0.0420961 0.0459265 0.049866 0.0538884 0.057965 0.0620647 0.0661546 0.0702004 0.074167 0.0780187 0.0817201 0.0852361 0.0885331 0.0915788 0.0943431 0.0967984 0.09892 0.100686 0.102079 0.103085 0.103692 0.103896 0.103693 0.103087 0.102083 0.100692 0.0989274 0.0968084 0.0943562 0.0915955 0.0885541 0.0852621 0.0817516 0.0780565 0.0742114 0.070252 0.0662137 0.0621316 0.0580398 0.0539711 0.0499564 0.0460243 0.0422008 0.0385091 0.0349693 0.0315983 0.0284096 0.0254134 0.0226167 0.0200234 0.0176345 0.0154482 0.0134605 0.011665 0.0100539 0.00861776 0.00734599 0.00622735 0.00525009 0.00440228 0.0036721 0.00304802 0.00251904 0.00207483 0.0017059 0.00140366 0.00116057 0.000970139 0.000827015 0.000726999 0.000667155 
0.000774744 0.000794018 0.000858706 0.000971002 0.0011344 0.00135378 0.0016354 0.00198682 0.00241687 0.00293558 0.00355404 0.00428431 0.0051392 0.00613211 0.00727676 0.00858693 0.0100761 0.0117573 0.0136423 0.0157419 0.0180649 0.0206179 0.0234053 0.0264285 0.0296856 0.0331716 0.0368777 0.0407913 0.0448961 0.0491721 0.0535956 0.0581394 0.0627732 0.0674636 0.072175 0.07687 0.0815092 0.0860528 0.0904605 0.0946921 0.0987083 0.102471 0.105945 0.109095 0.111891 0.114306 0.116316 0.1179 0.119043 0.119733 0.119963 0.119732 0.119041 0.117898 0.116314 0.114306 0.111892 0.109097 0.10595 0.10248 0.0987211 0.0947101 0.0904845 0.0860836 0.0815474 0.0769162 0.0722299 0.0675273 0.0628459 0.0582212 0.0536863 0.0492712 0.045003 0.0409053 0.0369979 0.033297 0.0298151 0.0265607 0.0235391 0.0207519 0.0181978 0.0158727 0.0137697 0.0118802 0.0101937 0.00869837 0.00738143 0.0062295 0.00522895 0.00436619 0.00362794 0.00300149 0.00247487 0.00203706 0.00167807 0.00138909 0.00116257 0.000992236 0.000873186 0.000801984 
0.000926597 0.000949627 0.00102651 0.00115982 0.00135361 0.00161359 0.00194702 0.00236269 0.00287085 0.00348311 0.00421227 0.00507223 0.00607771 0.00724405 0.00858693 0.010122 0.0118645 0.013829 0.0160288 0.0184756 0.0211791 0.0241462 0.0273813 0.0308852 0.0346551 0.0386843 0.042962 0.0474731 0.0521984 0.0571141 0.0621928 0.0674028 0.0727092 0.078074 0.0834563 0.0888135 0.0941014 0.0992746 0.104288 0.109096 0.113656 0.117924 0.121861 0.125429 0.128595 0.131326 0.133599 0.135389 0.13668 0.137459 0.137718 0.137456 0.136674 0.135381 0.133589 0.131316 0.128584 0.125419 0.121852 0.117918 0.113653 0.109098 0.104295 0.0992885 0.0941229 0.0888436 0.0834956 0.0781231 0.0727685 0.0674725 0.0622729 0.0572044 0.0522983 0.047582 0.0430789 0.0388082 0.0347848 0.0310195 0.0275187 0.0242853 0.0213183 0.0186137 0.0161643 0.0139607 0.0119913 0.0102429 0.00870112 0.00735085 0.00617659 0.00516283 0.00429437 0.00355661 0.00293575 0.00241908 0.00199503 0.00165342 0.00138545 0.00118386 0.00104294 0.00095869 
0.00110198 0.00112933 0.00122019 0.00137754 0.00160609 0.00191243 0.00230497 0.00279388 0.00339095 0.00410954 0.00496437 0.00597134 0.00714726 0.00850961 0.0100761 0.0118645 0.0138919 0.0161745 0.018727 0.0215623 0.0246906 0.0281193 0.0318524 0.0358901 0.0402283 0.0448584 0.0497673 0.054937 0.0603446 0.0659626 0.071759 0.0776975 0.0837381 0.0898374 0.0959493 0.102025 0.108016 0.11387 0.119537 0.124968 0.130112 0.134924 0.139358 0.143375 0.146935 0.150006 0.152559 0.15457 0.156019 0.156892 0.157183 0.156888 0.156009 0.154555 0.152541 0.149985 0.146912 0.14335 0.139334 0.1349 0.130091 0.12495 0.119525 0.113864 0.108017 0.102036 0.0959694 0.0898682 0.0837803 0.0777515 0.0718249 0.0660404 0.060434 0.0550374 0.0498779 0.0449782 0.0403559 0.0360242 0.0319915 0.0282617 0.0248347 0.0217065 0.0188698 0.0163144 0.0140275 0.0119947 0.0101998 0.00862588 0.00725546 0.00607093 0.005055 0.00419098 0.00346311 0.00285677 0.00235868 0.00195709 0.00164186 0.00140461 0.00123872 0.00113958 
0.00130318 0.00133548 0.00144224 0.0016269 0.00189491 0.00225385 0.00271338 0.00328517 0.00398275 0.0048214 0.0058179 0.00699037 0.00835788 0.00994018 0.0117573 0.013829 0.0161745 0.0188116 0.0217566 0.0250233 0.0286226 0.0325621 0.0368453 0.0414714 0.0464347 0.0517247 0.0573252 0.0632149 0.0693672 0.07575 0.0823265 0.0890553 0.0958907 0.102784 0.109682 0.116532 0.123277 0.129862 0.136229 0.142324 0.148092 0.153483 0.158447 0.162939 0.166919 0.17035 0.1732 0.175443 0.17706 0.178034 0.178357 0.178026 0.177045 0.175422 0.173172 0.170316 0.166881 0.162898 0.158404 0.153439 0.14805 0.142284 0.136193 0.129832 0.123255 0.116519 0.109679 0.102792 0.0959118 0.0890895 0.0823744 0.0758117 0.0694425 0.0633034 0.0574261 0.051837 0.0465573 0.0416027 0.0369837 0.0327058 0.0287699 0.0251723 0.0219056 0.0189588 0.0163183 0.013968 0.0118902 0.0100658 0.00847544 0.0070991 0.00591729 0.00491107 0.00406249 0.00335489 0.00277308 0.00230362 0.00193487 0.00165719 0.00146301 0.001347 
0.00153246 0.00157037 0.0016951 0.00191061 0.00222311 0.00264131 0.00317624 0.00384121 0.00465165 0.00562492 0.00678007 0.00813757 0.00971895 0.0115464 0.0136423 0.0160288 0.018727 0.0217566 0.0251353 0.0288777 0.0329955 0.0374961 0.0423824 0.0476523 0.0532984 0.0593074 0.0656601 0.0723313 0.07929 0.0864994 0.0939173 0.101496 0.109185 0.116929 0.124668 0.132344 0.139893 0.147254 0.154364 0.161162 0.167591 0.173592 0.179114 0.184108 0.188528 0.192337 0.195499 0.197987 0.199779 0.200858 0.201215 0.200848 0.199758 0.197957 0.19546 0.19229 0.188475 0.184049 0.179051 0.173527 0.167525 0.161098 0.154302 0.147197 0.139844 0.132303 0.124639 0.116911 0.109181 0.101507 0.093943 0.0865409 0.0793473 0.0724041 0.0657477 0.059409 0.0534128 0.0477779 0.0425175 0.0376388 0.0331439 0.0290298 0.0252889 0.0219099 0.0188781 0.0161759 0.013784 0.0116812 0.00984577 0.00825547 0.00688833 0.005723 0.0047392 0.00391802 0.00324221 0.00269644 0.00226748 0.00194431 0.00171826 0.00158326 
0.00179201 0.00183625 0.00198116 0.00223123 0.00259359 0.0030781 0.00369732 0.00446635 0.00540266 0.00652587 0.00785746 0.00942045 0.011239 0.0133378 0.0157419 0.0184756 0.0215623 0.0250233 0.0288777 0.0331413 0.0378258 0.0429384 0.0484813 0.0544507 0.060837 0.0676238 0.0747885 0.0823015 0.090127 0.0982228 0.106541 0.115028 0.123626 0.132274 0.140905 0.149454 0.157853 0.166031 0.173923 0.18146 0.18858 0.19522 0.201325 0.206841 0.211721 0.215922 0.219409 0.22215 0.224124 0.225312 0.225705 0.225299 0.224098 0.222112 0.219359 0.215861 0.211651 0.206763 0.201241 0.195132 0.188488 0.181369 0.173833 0.165946 0.157773 0.149384 0.140845 0.132226 0.123593 0.115011 0.10654 0.0982399 0.0901621 0.0823545 0.074859 0.067711 0.0609396 0.0545674 0.0486102 0.0430775 0.037973 0.0332944 0.0290344 0.0251813 0.0217195 0.01863 0.0158917 0.0134813 0.0113748 0.00954742 0.00797461 0.00663247 0.00549819 0.00455045 0.00376977 0.00313881 0.00264256 0.0022685 0.00200681 0.00185057 
0.00208388 0.0021352 0.0023026 0.00259119 0.00300901 0.00356724 0.00428007 0.00516453 0.00624028 0.00752937 0.00905589 0.0108456 0.0129253 0.0153225 0.0180649 0.0211791 0.0246906 0.0286226 0.0329955 0.0378258 0.0431253 0.048901 0.0551535 0.0618775 0.0690604 0.0766827 0.0847175 0.0931305 0.101881 0.11092 0.120194 0.129643 0.139202 0.148802 0.158372 0.167838 0.177126 0.186159 0.194865 0.203171 0.211008 0.218311 0.225019 0.231075 0.236428 0.241034 0.244854 0.247857 0.250017 0.251317 0.251747 0.251301 0.249985 0.24781 0.244792 0.240959 0.23634 0.230977 0.224912 0.218198 0.21089 0.20305 0.194744 0.186041 0.177013 0.167734 0.158279 0.148721 0.139136 0.129594 0.120163 0.110909 0.101889 0.0931597 0.0847668 0.0767516 0.0691478 0.0619819 0.0552731 0.0490336 0.0432688 0.0379776 0.0331533 0.0287837 0.0248526 0.0213397 0.0182219 0.0154741 0.0130697 0.0109813 0.00918182 0.00764449 0.00634386 0.00525604 0.00435916 0.0036337 0.00306274 0.00263217 0.00233087 0.00215104 
0.00240992 0.00246911 0.00266143 0.00299262 0.00347175 0.00411139 0.00492748 0.00593911 0.00716831 0.00863971 0.0103801 0.0124182 0.0147836 0.0175068 0.0206179 0.0241462 0.0281193 0.0325621 0.0374961 0.0429384 0.048901 0.0553898 0.0624041 0.0699362 0.0779705 0.0864835 0.0954438 0.104812 0.114541 0.124577 0.134858 0.145317 0.155884 0.166481 0.17703 0.187451 0.197661 0.207579 0.217127 0.226225 0.234801 0.242784 0.25011 0.256718 0.262555 0.267573 0.271733 0.275002 0.277352 0.278766 0.279232 0.278747 0.277314 0.274945 0.27166 0.267483 0.262449 0.256599 0.249979 0.242645 0.234654 0.226074 0.216974 0.207428 0.197513 0.18731 0.1769 0.166363 0.155782 0.145233 0.134793 0.124533 0.11452 0.104813 0.0954681 0.0865302 0.0780387 0.0700246 0.062511 0.0555128 0.0490379 0.0430865 0.0376527 0.0327244 0.0282846 0.0243118 0.0207813 0.0176657 0.0149361 0.0125624 0.0105146 0.00876324 0.00727993 0.00603809 0.0050133 0.00418371 0.00353036 0.00303742 0.0026924 0.00248653 
0.00277172 0.0028396 0.00305932 0.00343733 0.00398377 0.00471271 0.00564194 0.00679278 0.00818973 0.00986014 0.0118338 0.0141421 0.0168181 0.0198948 0.0234053 0.0273813 0.0318524 0.0368453 0.0423824 0.0484813 0.0551535 0.0624041 0.0702304 0.0786219 0.0875595 0.0970154 0.106953 0.117328 0.128085 0.139165 0.150499 0.162013 0.173627 0.185258 0.196821 0.208226 0.219386 0.230213 0.240622 0.250531 0.259859 0.268534 0.276486 0.283654 0.28998 0.295415 0.299918 0.303454 0.305996 0.307524 0.308027 0.307502 0.305952 0.303389 0.299832 0.29531 0.289856 0.283514 0.276332 0.268368 0.259683 0.250348 0.240436 0.230026 0.219201 0.208047 0.196651 0.185101 0.173486 0.16189 0.150397 0.139085 0.12803 0.117297 0.106948 0.0970361 0.0876049 0.0786908 0.0703211 0.0625144 0.055281 0.048623 0.0425355 0.0370067 0.0320192 0.0275503 0.0235738 0.0200601 0.0169778 0.0142942 0.0119764 0.00999185 0.00830927 0.0068992 0.00573453 0.00479096 0.00404735 0.00348603 0.00309306 0.00285864 
0.00317051 0.00324792 0.00349759 0.0039267 0.00454655 0.00537279 0.00642518 0.00772736 0.00930646 0.0111927 0.0134188 0.0160195 0.0190306 0.0224883 0.0264285 0.0308852 0.0358901 0.0414714 0.0476523 0.0544507 0.0618775 0.0699362 0.0786219 0.0879209 0.0978102 0.108257 0.119219 0.130646 0.142477 0.154643 0.167069 0.179674 0.192369 0.205064 0.217666 0.230078 0.242208 0.25396 0.265244 0.275971 0.28606 0.295431 0.304014 0.311742 0.318557 0.324409 0.329254 0.333057 0.335789 0.337431 0.337972 0.337406 0.335739 0.332983 0.329157 0.324289 0.318417 0.311582 0.303836 0.295239 0.285855 0.275757 0.265023 0.253736 0.241985 0.22986 0.217455 0.204865 0.192185 0.179509 0.166926 0.154524 0.142383 0.13058 0.119182 0.108248 0.097829 0.0879667 0.078693 0.0700305 0.0619924 0.0545833 0.0477995 0.0416297 0.0360564 0.031056 0.0266006 0.0226589 0.0191967 0.0161788 0.0135692 0.0113323 0.00943372 0.00784112 0.0065245 0.00545697 0.00461513 0.00397935 0.00353415 0.00326863 
0.00360713 0.00369492 0.0039771 0.00446161 0.00516099 0.00609254 0.0072781 0.00874373 0.0105193 0.012638 0.0151357 0.0180503 0.0214208 0.0252864 0.0296856 0.0346551 0.0402283 0.0464347 0.0532984 0.060837 0.0690604 0.0779705 0.0875595 0.0978102 0.108695 0.120176 0.132205 0.144724 0.157665 0.170953 0.184504 0.198228 0.212029 0.22581 0.239469 0.252904 0.266014 0.278698 0.290862 0.302411 0.313259 0.323325 0.332534 0.340819 0.348119 0.354383 0.359565 0.363631 0.366551 0.368305 0.368882 0.368278 0.366496 0.363549 0.359457 0.35425 0.347962 0.34064 0.332335 0.323107 0.313026 0.302165 0.290607 0.278438 0.265752 0.252645 0.239216 0.225568 0.211802 0.198019 0.184317 0.170791 0.157531 0.144619 0.132131 0.120133 0.108683 0.0978292 0.0876075 0.0780454 0.0691596 0.0609575 0.0534369 0.0465877 0.040392 0.0348259 0.02986 0.0254609 0.0215924 0.0182161 0.0152932 0.012785 0.010654 0.00886462 0.00738402 0.00618261 0.00523455 0.00451823 0.00401649 0.00371732 
0.00408194 0.00418096 0.00449818 0.00504236 0.00582731 0.00687208 0.00820066 0.00984164 0.0118277 0.0141952 0.0169831 0.0202326 0.0239858 0.0282851 0.0331716 0.0386843 0.0448584 0.0517247 0.0593074 0.0676238 0.0766827 0.0864835 0.0970154 0.108257 0.120176 0.132728 0.145859 0.159503 0.173586 0.188023 0.202723 0.217587 0.232512 0.247392 0.262118 0.276581 0.290673 0.304289 0.317328 0.329693 0.341294 0.352045 0.361871 0.370702 0.378477 0.385143 0.390655 0.394977 0.398079 0.399943 0.400556 0.399913 0.39802 0.394888 0.390538 0.384998 0.378305 0.370505 0.361651 0.351804 0.341034 0.329418 0.317041 0.303993 0.290373 0.276281 0.261822 0.247105 0.232239 0.217332 0.20249 0.187816 0.173408 0.159357 0.145745 0.132649 0.120131 0.108246 0.097037 0.0865358 0.0767632 0.0677294 0.0594346 0.0518697 0.0450174 0.0388532 0.0333466 0.0284623 0.0241617 0.0204039 0.0171469 0.014349 0.0119694 0.00996938 0.00831301 0.00696792 0.00590581 0.00510292 0.00454042 0.00420508 
0.00459478 0.00470586 0.00506059 0.0056686 0.00654501 0.00771068 0.00919183 0.0110197 0.0132298 0.0158616 0.0189575 0.0225619 0.0267201 0.0314774 0.0368777 0.042962 0.0497673 0.0573252 0.0656601 0.0747885 0.0847175 0.0954438 0.106953 0.119219 0.132205 0.145859 0.16012 0.174916 0.190163 0.205768 0.221632 0.237648 0.253705 0.269688 0.285481 0.300969 0.316038 0.330576 0.344479 0.357646 0.369984 0.381405 0.391831 0.401193 0.409428 0.416482 0.422312 0.42688 0.430158 0.432127 0.432774 0.432095 0.430095 0.426785 0.422186 0.416327 0.409243 0.40098 0.391592 0.381142 0.369699 0.357343 0.344161 0.330246 0.3157 0.300629 0.285144 0.269358 0.253387 0.237347 0.221353 0.205515 0.189939 0.174725 0.159964 0.14574 0.132123 0.119175 0.106945 0.0954705 0.0847762 0.0748763 0.0657734 0.05746 0.0499194 0.0431271 0.0370515 0.0316557 0.026899 0.0227377 0.0191269 0.0160217 0.013378 0.0111539 0.00931036 0.00781212 0.00662833 0.00573303 0.00510564 0.00473168 
0.00514487 0.0052688 0.00566342 0.00633924 0.00731275 0.00860664 0.0102494 0.012275 0.014722 0.0176329 0.0210535 0.0250314 0.0296151 0.034853 0.0407913 0.0474731 0.054937 0.0632149 0.0723313 0.0823015 0.0931305 0.104812 0.117328 0.130646 0.144724 0.159503 0.174916 0.190881 0.207306 0.22409 0.241126 0.258297 0.275484 0.292565 0.309417 0.325917 0.341946 0.35739 0.372137 0.386084 0.399136 0.411204 0.422209 0.432079 0.440754 0.448179 0.454311 0.459113 0.462558 0.464626 0.465306 0.464593 0.462492 0.459014 0.454179 0.448015 0.440558 0.431853 0.421954 0.410922 0.39883 0.385756 0.37179 0.357028 0.341574 0.325539 0.309038 0.292191 0.275121 0.257949 0.240799 0.223789 0.207035 0.190643 0.174716 0.159342 0.144603 0.130566 0.117287 0.10481 0.0931648 0.0823688 0.0724281 0.063337 0.05508 0.0476324 0.0409622 0.0350309 0.0297958 0.0252106 0.0212276 0.0177985 0.0148762 0.0124153 0.0103738 0.00871346 0.00740074 0.00640746 0.00571125 0.00529633 
0.0057308 0.00586835 0.0063051 0.00705246 0.00812833 0.00955728 0.0113702 0.0136037 0.0162993 0.0195029 0.0232633 0.0276317 0.0326597 0.0383982 0.0448961 0.0521984 0.0603446 0.0693672 0.07929 0.090127 0.101881 0.114541 0.128085 0.142477 0.157665 0.173586 0.190163 0.207306 0.224915 0.242881 0.261085 0.279405 0.297712 0.315877 0.333769 0.351261 0.368227 0.384549 0.400112 0.414811 0.428548 0.441234 0.452789 0.463141 0.472231 0.480006 0.486421 0.491443 0.495044 0.497205 0.497916 0.497171 0.494976 0.491341 0.486285 0.479836 0.472028 0.462906 0.452521 0.440937 0.428223 0.414461 0.39974 0.384159 0.367823 0.350847 0.333352 0.315461 0.297305 0.279011 0.260711 0.242532 0.224596 0.207021 0.189916 0.173381 0.157503 0.142358 0.12801 0.114508 0.101888 0.0901713 0.0793678 0.0694743 0.0604763 0.0523499 0.0450624 0.0385742 0.0328407 0.0278132 0.0234411 0.0196732 0.0164588 0.0137496 0.0115001 0.00966921 0.00822079 0.00712434 0.00635562 0.00589756 
0.0063505 0.00650236 0.00698329 0.00780561 0.00898863 0.0105589 0.0125496 0.015 0.0179549 0.0214632 0.0255772 0.030351 0.0358394 0.0420961 0.0491721 0.0571141 0.0659626 0.07575 0.0864994 0.0982228 0.11092 0.124577 0.139165 0.154643 0.170953 0.188023 0.205768 0.22409 0.242881 0.26202 0.281383 0.300835 0.320243 0.339468 0.358375 0.376829 0.394701 0.411867 0.428211 0.443626 0.458013 0.471281 0.483352 0.494156 0.503633 0.511732 0.51841 0.523634 0.527379 0.529626 0.530365 0.529592 0.52731 0.523531 0.518271 0.511558 0.503425 0.493914 0.483076 0.470973 0.457673 0.443258 0.427818 0.411452 0.394268 0.376383 0.357922 0.339014 0.319793 0.300397 0.280962 0.261624 0.242514 0.223758 0.205475 0.187772 0.170747 0.154484 0.139053 0.12451 0.110897 0.0982417 0.086556 0.0758399 0.066081 0.057256 0.049332 0.0422687 0.0360195 0.0305336 0.0257577 0.0216374 0.0181191 0.015151 0.0126845 0.0106756 0.00908533 0.00788098 0.0070364 0.0065332 
0.00700118 0.00716798 0.0076949 0.0085952 0.00988961 0.0116066 0.0137818 0.0164572 0.0196805 0.0235039 0.0279829 0.0331748 0.0391372 0.0459265 0.0535956 0.0621928 0.071759 0.0823265 0.0939173 0.106541 0.120194 0.134858 0.150499 0.167069 0.184504 0.202723 0.221632 0.241126 0.261085 0.281383 0.301882 0.322444 0.342925 0.363179 0.383065 0.402444 0.421182 0.439152 0.456236 0.472325 0.48732 0.501131 0.513681 0.524901 0.534733 0.543128 0.550045 0.555454 0.559329 0.561654 0.562418 0.561619 0.55926 0.555351 0.549907 0.542954 0.534524 0.524656 0.5134 0.500816 0.48697 0.471944 0.455826 0.438716 0.420724 0.40197 0.38258 0.362688 0.342435 0.321964 0.301417 0.280939 0.260671 0.240746 0.221292 0.202426 0.184254 0.166869 0.150348 0.134756 0.12014 0.106532 0.0939505 0.0823972 0.0718622 0.0623231 0.0537475 0.0460941 0.039315 0.0333573 0.0281651 0.0236812 0.0198487 0.0166126 0.0139213 0.0117277 0.00999029 0.00867388 0.00775049 0.00720041 
0.00767935 0.00786163 0.00843608 0.00941692 0.0108263 0.0126946 0.0150599 0.0179668 0.0214661 0.025613 0.0304663 0.0360862 0.0425332 0.049866 0.0581394 0.0674028 0.0776975 0.0890553 0.101496 0.115028 0.129643 0.145317 0.162013 0.179674 0.198228 0.217587 0.237648 0.258297 0.279405 0.300835 0.322444 0.344083 0.3656 0.386845 0.407669 0.427928 0.447486 0.466213 0.483989 0.500706 0.516263 0.530574 0.543561 0.555159 0.565312 0.573973 0.581104 0.586676 0.590667 0.593061 0.593849 0.593028 0.5906 0.586576 0.580969 0.573802 0.565105 0.554915 0.54328 0.530255 0.515908 0.500316 0.483567 0.465761 0.447008 0.427429 0.407154 0.386321 0.365074 0.343562 0.321936 0.300348 0.278944 0.25787 0.237261 0.217244 0.197933 0.17943 0.161822 0.145179 0.129556 0.11499 0.101505 0.089105 0.0777837 0.06752 0.0582816 0.0500271 0.0427073 0.0362675 0.0306492 0.0257925 0.0216374 0.018126 0.0152035 0.0128198 0.0109307 0.0094987 0.00849403 0.00789558 
0.00838082 0.00857901 0.00920224 0.0102656 0.0117928 0.013816 0.0163757 0.0195192 0.0233001 0.0277769 0.0330111 0.0390661 0.0460049 0.0538884 0.0627732 0.0727092 0.0837381 0.0958907 0.109185 0.123626 0.139202 0.155884 0.173627 0.192369 0.212029 0.232512 0.253705 0.275484 0.297712 0.320243 0.342925 0.3656 0.38811 0.410299 0.432013 0.453103 0.47343 0.492862 0.511279 0.528572 0.544643 0.559406 0.572786 0.584722 0.595159 0.604055 0.611374 0.617089 0.621181 0.623635 0.624443 0.623603 0.621117 0.616993 0.611243 0.603889 0.594958 0.584483 0.572509 0.559089 0.544288 0.528179 0.51085 0.492399 0.472937 0.452585 0.431475 0.409748 0.387553 0.365043 0.342377 0.319713 0.297207 0.275011 0.253272 0.232123 0.21169 0.192083 0.173396 0.155708 0.139081 0.123558 0.109167 0.095918 0.0838059 0.0728117 0.0629043 0.0540418 0.0461742 0.039245 0.0331937 0.0279576 0.0234739 0.0196816 0.0165229 0.0139448 0.0119005 0.0103503 0.00926239 0.00861443 
0.00910074 0.00931516 0.00998805 0.0111355 0.0127824 0.014963 0.0177199 0.0211033 0.0251696 0.02998 0.0355992 0.0420932 0.0495275 0.057965 0.0674636 0.078074 0.0898374 0.102784 0.116929 0.132274 0.148802 0.166481 0.185258 0.205064 0.22581 0.247392 0.269688 0.292565 0.315877 0.339468 0.363179 0.386845 0.410299 0.43338 0.45593 0.477796 0.498835 0.518917 0.53792 0.555736 0.572269 0.587435 0.601164 0.613395 0.62408 0.633177 0.640657 0.646494 0.650671 0.653177 0.654003 0.653147 0.650612 0.646404 0.640534 0.633021 0.623887 0.613165 0.600895 0.587125 0.571918 0.555345 0.537489 0.518449 0.498333 0.477263 0.455372 0.432805 0.409713 0.386255 0.362596 0.338899 0.31533 0.292049 0.26921 0.246958 0.225427 0.204735 0.184986 0.166267 0.148646 0.132174 0.116883 0.102787 0.0898854 0.0781605 0.0675824 0.0581094 0.0496908 0.0422687 0.0357805 0.0301612 0.0253451 0.0212684 0.0178703 0.015095 0.0128931 0.0112228 0.0100503 0.00935196 
0.0098336 0.0100645 0.0107875 0.0120197 0.0137874 0.0161267 0.0190824 0.0227072 0.0270602 0.0322056 0.0382108 0.0451444 0.0530741 0.0620647 0.072175 0.0834563 0.0959493 0.109682 0.124668 0.140905 0.158372 0.17703 0.196821 0.217666 0.239469 0.262118 0.285481 0.309417 0.333769 0.358375 0.383065 0.407669 0.432013 0.45593 0.479257 0.50184 0.523534 0.544207 0.563739 0.582023 0.598965 0.614485 0.628515 0.641 0.651894 0.661162 0.668775 0.674713 0.678961 0.681508 0.682349 0.681481 0.678907 0.674631 0.668662 0.661017 0.651714 0.640783 0.628258 0.614186 0.598623 0.581638 0.563311 0.543738 0.523027 0.501298 0.478685 0.455335 0.431403 0.407051 0.382449 0.357769 0.333183 0.308859 0.28496 0.261641 0.239043 0.217294 0.196508 0.176778 0.158181 0.140774 0.124594 0.109661 0.0959765 0.0835259 0.0722805 0.0621991 0.0532304 0.0453155 0.03839 0.0323864 0.0272368 0.0228742 0.0192353 0.0162615 0.0139009 0.0121094 0.0108516 0.0101025 
0.0105734 0.0108207 0.011594 0.0129111 0.0147997 0.0172976 0.0204518 0.0243176 0.0289565 0.0344356 0.0408247 0.048195 0.0566162 0.0661546 0.07687 0.0888135 0.102025 0.116532 0.132344 0.149454 0.167838 0.187451 0.208226 0.230078 0.252904 0.276581 0.300969 0.325917 0.351261 0.376829 0.402444 0.427928 0.453103 0.477796 0.50184 0.525079 0.547367 0.568572 0.588575 0.60727 0.624569 0.640393 0.654679 0.667377 0.678444 0.68785 0.695571 0.701589 0.705892 0.708472 0.709325 0.708449 0.705844 0.701516 0.69547 0.687719 0.678279 0.667175 0.654438 0.640109 0.624241 0.606897 0.588155 0.568108 0.54686 0.524532 0.501259 0.477187 0.452474 0.427287 0.4018 0.376191 0.350639 0.325321 0.300408 0.276062 0.252436 0.229666 0.207874 0.187161 0.167612 0.149291 0.132241 0.116486 0.102031 0.0888654 0.0769612 0.0662781 0.0567647 0.0483609 0.041001 0.0346153 0.0291334 0.024486 0.0206068 0.0174347 0.0149155 0.0130029 0.0116598 0.01086 
0.0113134 0.0115772 0.0124004 0.0138018 0.0158102 0.0184654 0.0218163 0.0259205 0.0308422 0.0366507 0.0434186 0.0512192 0.0601239 0.0702004 0.0815092 0.0941014 0.108016 0.123277 0.139893 0.157853 0.177126 0.197661 0.219386 0.242208 0.266014 0.290673 0.316038 0.341946 0.368227 0.394701 0.421182 0.447486 0.47343 0.498835 0.523534 0.547367 0.570188 0.591866 0.612282 0.631334 0.648937 0.665017 0.679515 0.692385 0.703591 0.713105 0.720908 0.726986 0.73133 0.733936 0.734798 0.733916 0.73129 0.726923 0.72082 0.712989 0.703443 0.692203 0.679293 0.664752 0.648627 0.630976 0.611875 0.59141 0.569686 0.546821 0.522949 0.498217 0.472786 0.446825 0.420513 0.394034 0.367573 0.341315 0.315439 0.290116 0.265506 0.241756 0.218995 0.197334 0.176865 0.157657 0.139761 0.123206 0.108 0.094135 0.0815856 0.0703124 0.0602638 0.0513792 0.0435913 0.0368288 0.0310189 0.0260898 0.0219728 0.0186045 0.0159281 0.0138954 0.0124677 0.0116176 
0.0120469 0.0123268 0.0131991 0.0146833 0.0168097 0.0196194 0.0231634 0.0275014 0.0327001 0.0388312 0.0459694 0.0541901 0.0635665 0.074167 0.0860528 0.0992746 0.11387 0.129862 0.147254 0.166031 0.186159 0.207579 0.230213 0.25396 0.278698 0.304289 0.330576 0.35739 0.384549 0.411867 0.439152 0.466213 0.492862 0.518917 0.544207 0.568572 0.591866 0.613957 0.63473 0.654087 0.671944 0.688234 0.702902 0.715907 0.727217 0.736811 0.744673 0.750793 0.755166 0.757788 0.758658 0.757773 0.755134 0.750743 0.744601 0.736713 0.72709 0.715746 0.702702 0.687991 0.671655 0.653748 0.63434 0.613514 0.591373 0.568031 0.543622 0.518294 0.492207 0.465536 0.438463 0.411176 0.383866 0.356726 0.329943 0.303696 0.278153 0.253471 0.229786 0.207217 0.185865 0.165805 0.147094 0.129765 0.113832 0.0992897 0.0861141 0.074267 0.0636972 0.0543437 0.0461379 0.0390069 0.032876 0.027671 0.023321 0.01976 0.0169293 0.0147787 0.0132678 0.0123682 
0.0127664 0.0130621 0.0139823 0.0155472 0.0177883 0.0207483 0.02448 0.0290452 0.0345127 0.0409566 0.0484535 0.0570806 0.0669125 0.0780187 0.0904605 0.104288 0.119537 0.136229 0.154364 0.173923 0.194865 0.217127 0.240622 0.265244 0.290862 0.317328 0.344479 0.372137 0.400112 0.428211 0.456236 0.483989 0.511279 0.53792 0.563739 0.588575 0.612282 0.63473 0.655807 0.675418 0.693483 0.70994 0.724739 0.737844 0.749229 0.758877 0.766777 0.772923 0.777313 0.779945 0.780819 0.779934 0.77729 0.772885 0.766721 0.758799 0.749124 0.737706 0.724564 0.709722 0.693218 0.675101 0.655437 0.634305 0.611802 0.588042 0.563158 0.537296 0.510618 0.483301 0.45553 0.427499 0.399405 0.371445 0.343815 0.316701 0.290282 0.264719 0.24016 0.216731 0.194538 0.173666 0.154176 0.136108 0.119478 0.104285 0.0905065 0.0781064 0.0670339 0.0572273 0.0486173 0.0411295 0.0346874 0.0292147 0.0246383 0.0208901 0.0179093 0.0156439 0.0140522 0.0131044 
0.0134645 0.0137754 0.0147418 0.0163845 0.0187361 0.0218407 0.025753 0.0305366 0.0362624 0.0430063 0.050847 0.0598633 0.0701309 0.0817201 0.0946921 0.109096 0.124968 0.142324 0.161162 0.18146 0.203171 0.226225 0.250531 0.275971 0.302411 0.329693 0.357646 0.386084 0.414811 0.443626 0.472325 0.500706 0.528572 0.555736 0.582023 0.60727 0.631334 0.654087 0.675418 0.695236 0.713467 0.730052 0.744947 0.758121 0.769554 0.779233 0.787153 0.79331 0.797706 0.800342 0.801219 0.800336 0.797692 0.793285 0.787113 0.779175 0.769471 0.758008 0.744797 0.72986 0.713227 0.694944 0.67507 0.653681 0.630871 0.60675 0.581449 0.555114 0.527909 0.50001 0.471607 0.442897 0.414082 0.385367 0.356954 0.329036 0.301799 0.275414 0.250035 0.225797 0.202813 0.181175 0.160948 0.142179 0.124887 0.109075 0.0947229 0.0817955 0.0702427 0.0600029 0.0510059 0.0431762 0.0364355 0.0307057 0.0259117 0.0219835 0.0188583 0.0164824 0.0148127 0.0138186 
