1.04486e-10 1.0995e-10 1.60615e-10 2.7491e-10 4.92166e-10 8.83584e-10 1.57066e-09 2.75461e-09 4.76161e-09 8.1107e-09 1.36131e-08 2.25146e-08 3.66945e-08 5.89381e-08 9.32998e-08 1.45576e-07 2.23906e-07 3.39503e-07 5.07538e-07 7.48142e-07 1.08751e-06 1.55907e-06 2.20456e-06 3.07501e-06 4.23142e-06 5.74488e-06 7.69617e-06 1.01743e-05 1.32744e-05 1.7094e-05 2.17283e-05 2.72648e-05 3.37764e-05 4.13144e-05 4.99011e-05 5.95231e-05 7.0126e-05 8.16108e-05 9.38318e-05 0.000106599 0.00011968 0.000132811 0.000145701 0.000158047 0.000169544 0.000179896 0.000188831 0.000196109 0.000201533 0.000204954 0.00020628 0.000205473 0.000202556 0.000197612 0.000190777 0.000182238 0.000172227 0.000161008 0.000148873 0.000136125 0.000123068 0.000109994 9.71724e-05 8.48416e-05 7.31997e-05 6.24011e-05 5.25546e-05 4.37242e-05 3.59324e-05 2.91654e-05 2.33794e-05 1.85077e-05 1.44675e-05 1.11668e-05 8.50994e-06 6.40261e-06 4.75543e-06 3.48652e-06 2.5231e-06 1.80211e-06 1.27028e-06 8.83598e-07 6.06477e-07 4.1072e-07 2.74419e-07 1.8088e-07 1.17611e-07 7.54318e-08 4.77188e-08 2.97735e-08 1.83213e-08 1.11188e-08 6.65462e-09 3.92787e-09 2.28663e-09 1.3134e-09 7.45301e-10 4.1981e-10 2.38658e-10 1.44598e-10 
1.0995e-10 1.1586e-10 1.70006e-10 2.92338e-10 5.25493e-10 9.46837e-10 1.68874e-09 2.97104e-09 5.15109e-09 8.79897e-09 1.48079e-08 2.45524e-08 4.01106e-08 6.4568e-08 1.02424e-07 1.60121e-07 2.46715e-07 3.74704e-07 5.61008e-07 8.28101e-07 1.20525e-06 1.72982e-06 2.44849e-06 3.41837e-06 4.7077e-06 6.39608e-06 8.57388e-06 1.13408e-05 1.48032e-05 1.90701e-05 2.42481e-05 3.0435e-05 3.7712e-05 4.61361e-05 5.57318e-05 6.64839e-05 7.8331e-05 9.11616e-05 0.000104812 0.00011907 0.000133676 0.000148334 0.00016272 0.000176494 0.000189317 0.00020086 0.00021082 0.00021893 0.000224971 0.000228777 0.000230246 0.000229338 0.000226078 0.000220557 0.000212926 0.000203396 0.000192222 0.000179701 0.000166157 0.000151927 0.000137351 0.000122754 0.00010844 9.46717e-05 8.16724e-05 6.96147e-05 5.86201e-05 4.87606e-05 4.00615e-05 3.25075e-05 2.60496e-05 2.06133e-05 1.61061e-05 1.24251e-05 9.4632e-06 7.11503e-06 5.28058e-06 3.86829e-06 2.79675e-06 1.99549e-06 1.40498e-06 9.76073e-07 6.69034e-07 4.52411e-07 3.01788e-07 1.98575e-07 1.28875e-07 8.24916e-08 5.20737e-08 3.24171e-08 1.99003e-08 1.20464e-08 7.19053e-09 4.23226e-09 2.45657e-09 1.40663e-09 7.95587e-10 4.46555e-10 2.52877e-10 1.52587e-10 
1.60615e-10 1.70006e-10 2.50273e-10 4.30963e-10 7.75007e-10 1.39642e-09 2.49005e-09 4.37916e-09 7.58849e-09 1.2954e-08 2.17833e-08 3.6085e-08 5.88897e-08 9.46873e-08 1.50009e-07 2.34184e-07 3.60289e-07 5.46317e-07 8.16554e-07 1.20316e-06 1.74786e-06 2.50374e-06 3.53691e-06 4.92789e-06 6.77256e-06 9.18225e-06 1.22829e-05 1.62126e-05 2.11182e-05 2.71491e-05 3.44506e-05 4.31544e-05 5.33687e-05 6.51673e-05 7.85783e-05 9.35747e-05 0.000110066 0.000127892 0.000146824 0.000166564 0.000186752 0.000206982 0.000226807 0.000245764 0.000263388 0.000279234 0.000292891 0.000303996 0.000312255 0.000317446 0.000319429 0.000318152 0.00031365 0.000306046 0.000295547 0.000282436 0.00026706 0.000249823 0.000231164 0.000211545 0.000191429 0.000171263 0.000151463 0.000132393 0.000114363 9.76135e-05 8.23165e-05 6.85756e-05 5.64305e-05 4.58648e-05 3.68152e-05 2.91823e-05 2.28413e-05 1.7652e-05 1.34679e-05 1.01439e-05 7.54177e-06 5.53427e-06 4.00802e-06 2.86444e-06 2.02e-06 1.40548e-06 9.64758e-07 6.53273e-07 4.36332e-07 2.87441e-07 1.86748e-07 1.1965e-07 7.5594e-08 4.70932e-08 2.89271e-08 1.75191e-08 1.04609e-08 6.1586e-09 3.57507e-09 2.04705e-09 1.15766e-09 6.49665e-10 3.67888e-10 2.22164e-10 
2.7491e-10 2.92338e-10 4.30963e-10 7.41395e-10 1.33087e-09 2.39304e-09 4.25794e-09 7.47132e-09 1.29165e-08 2.19957e-08 3.68949e-08 6.09601e-08 9.922e-08 1.59096e-07 2.5134e-07 3.91243e-07 6.00148e-07 9.07286e-07 1.35193e-06 1.98583e-06 2.87581e-06 4.10643e-06 5.78247e-06 8.03085e-06 1.10019e-05 1.4869e-05 1.98274e-05 2.60896e-05 3.38799e-05 4.3425e-05 5.49428e-05 6.86287e-05 8.46398e-05 0.000103079 0.000123977 0.000147281 0.00017284 0.000200399 0.000229598 0.000259974 0.000290975 0.000321977 0.000352304 0.000381253 0.000408124 0.000432247 0.000453006 0.000469863 0.000482376 0.000490216 0.000493178 0.000491184 0.000484288 0.000472676 0.000456655 0.000436649 0.000413181 0.000386853 0.000358329 0.000328303 0.000297476 0.000266527 0.000236088 0.00020672 0.000178899 0.000152999 0.000129292 0.000107947 8.90337e-05 7.25373e-05 5.83697e-05 4.63866e-05 3.64027e-05 2.8208e-05 2.15807e-05 1.62994e-05 1.2152e-05 8.94226e-06 6.49427e-06 4.65425e-06 3.29125e-06 2.29626e-06 1.58046e-06 1.07302e-06 7.18547e-07 4.74554e-07 3.09075e-07 1.98499e-07 1.25702e-07 7.84849e-08 4.8314e-08 2.93214e-08 1.75433e-08 1.03481e-08 6.01814e-09 3.45207e-09 1.95565e-09 1.09949e-09 6.24007e-10 3.78104e-10 
4.92166e-10 5.25493e-10 7.75007e-10 1.33087e-09 2.38313e-09 4.27384e-09 7.58388e-09 1.32706e-08 2.28777e-08 3.88471e-08 6.49703e-08 1.07027e-07 1.7367e-07 2.77612e-07 4.3719e-07 6.78364e-07 1.0372e-06 1.56285e-06 2.32103e-06 3.39787e-06 4.90405e-06 6.97884e-06 9.79382e-06 1.35557e-05 1.85079e-05 2.49294e-05 3.31321e-05 4.34538e-05 5.62475e-05 7.18675e-05 9.06505e-05 0.000112894 0.000138832 0.000168609 0.000202257 0.000239669 0.000280588 0.000324595 0.000371104 0.000419376 0.000468535 0.000517595 0.000565495 0.000611139 0.000653439 0.000691356 0.000723937 0.000750355 0.000769932 0.000782163 0.000786734 0.000783529 0.000772633 0.000754331 0.000729099 0.000697592 0.000660614 0.000619102 0.000574081 0.000526634 0.000477852 0.0004288 0.000380471 0.000333754 0.000289404 0.000248026 0.000210062 0.000175793 0.000145349 0.000118721 9.57868e-05 7.63304e-05 6.00702e-05 4.66814e-05 3.58185e-05 2.71332e-05 2.02898e-05 1.49757e-05 1.0909e-05 7.84184e-06 5.5621e-06 3.89224e-06 2.6869e-06 1.82958e-06 1.22873e-06 8.13816e-07 5.31523e-07 3.42304e-07 2.17352e-07 1.36068e-07 8.39773e-08 5.10938e-08 3.06454e-08 1.81199e-08 1.05628e-08 6.07296e-09 3.44838e-09 1.94345e-09 1.10617e-09 6.72947e-10 
8.83584e-10 9.46837e-10 1.39642e-09 2.39304e-09 4.27384e-09 7.64337e-09 1.35249e-08 2.35988e-08 4.05647e-08 6.86767e-08 1.14514e-07 1.88066e-07 3.04223e-07 4.84768e-07 7.60982e-07 1.17695e-06 1.79361e-06 2.69362e-06 3.98695e-06 5.81697e-06 8.36691e-06 1.18661e-05 1.65955e-05 2.28917e-05 3.11481e-05 4.18139e-05 5.53869e-05 7.24027e-05 9.34168e-05 0.000118981 0.000149616 0.000185771 0.000227792 0.000275881 0.000330054 0.000390114 0.000455621 0.000525885 0.000599961 0.000676665 0.000754608 0.000832235 0.000907884 0.000979846 0.00104643 0.00110602 0.00115716 0.00119856 0.00122919 0.00124828 0.00125534 0.00125021 0.001233 0.00120417 0.00116445 0.00111484 0.0010566 0.000991155 0.00092011 0.000845141 0.000767953 0.00069021 0.000613476 0.000539155 0.00046845 0.000402331 0.00034152 0.000286488 0.000237465 0.000194466 0.000157322 0.000125715 9.92166e-05 7.73275e-05 5.95092e-05 4.5215e-05 3.39139e-05 2.51082e-05 1.83461e-05 1.32284e-05 9.41145e-06 6.60599e-06 4.57405e-06 3.12391e-06 2.10419e-06 1.39771e-06 9.15502e-07 5.91253e-07 3.7647e-07 2.36321e-07 1.46241e-07 8.92097e-08 5.36443e-08 3.17985e-08 1.85825e-08 1.07099e-08 6.09626e-09 3.44464e-09 1.96657e-09 1.20128e-09 
1.57066e-09 1.68874e-09 2.49005e-09 4.25794e-09 7.58388e-09 1.35249e-08 2.38638e-08 4.15179e-08 7.11567e-08 1.2011e-07 1.99668e-07 3.26905e-07 5.27158e-07 8.3734e-07 1.31021e-06 2.01978e-06 3.06787e-06 4.59191e-06 6.77377e-06 9.84934e-06 1.41185e-05 1.99543e-05 2.78114e-05 3.82309e-05 5.18419e-05 6.93571e-05 9.15617e-05 0.000119294 0.000153415 0.000194775 0.000244161 0.000302246 0.00036953 0.00044628 0.000532474 0.00062775 0.000731375 0.000842226 0.000958795 0.00107921 0.00120131 0.00132265 0.00144068 0.00155276 0.00165629 0.00174882 0.0018281 0.00189221 0.00193956 0.00196899 0.00197978 0.00197166 0.00194485 0.0019 0.00183825 0.00176111 0.00167048 0.00156857 0.00145782 0.0013408 0.00122013 0.0010984 0.000978013 0.000861176 0.00074978 0.000645365 0.000549091 0.000461733 0.000383699 0.000315054 0.000255577 0.000204808 0.000162108 0.000126718 9.78127e-05 7.45449e-05 5.60853e-05 4.16516e-05 3.05286e-05 2.2081e-05 1.57583e-05 1.1095e-05 7.70573e-06 5.27864e-06 3.56619e-06 2.37583e-06 1.56069e-06 1.01081e-06 6.45425e-07 4.06271e-07 2.52091e-07 1.5419e-07 9.2961e-08 5.52455e-08 3.2366e-08 1.87004e-08 1.06713e-08 6.04566e-09 3.46219e-09 2.12357e-09 
2.75461e-09 2.97104e-09 4.37916e-09 7.47132e-09 1.32706e-08 2.35988e-08 4.15179e-08 7.20204e-08 1.23067e-07 2.07105e-07 3.43231e-07 5.60201e-07 9.00511e-07 1.42578e-06 2.22371e-06 3.41669e-06 5.17234e-06 7.71569e-06 1.1343e-05 1.64365e-05 2.34792e-05 3.3069e-05 4.59295e-05 6.29171e-05 8.50206e-05 0.000113353 0.000149131 0.000193644 0.000248205 0.000314093 0.000392482 0.000484352 0.000590407 0.000710981 0.000845959 0.000994704 0.00115601 0.0013281 0.00150858 0.00169458 0.00188272 0.00206932 0.00225046 0.00242216 0.00258051 0.00272181 0.00284271 0.00294034 0.00301234 0.00305699 0.0030732 0.00306061 0.00301952 0.00295093 0.00285651 0.00273854 0.00259987 0.0024438 0.00227397 0.00209429 0.00190872 0.00172117 0.00153534 0.00135461 0.00118189 0.0010196 0.000869574 0.000733067 0.000610775 0.000502874 0.000409091 0.000328778 0.000261005 0.000204644 0.00015845 0.000121135 9.14245e-05 6.81106e-05 5.00798e-05 3.63366e-05 2.60136e-05 1.83727e-05 1.27999e-05 8.79516e-06 5.95992e-06 3.98243e-06 2.62378e-06 1.70427e-06 1.09131e-06 6.88867e-07 4.28619e-07 2.6287e-07 1.58905e-07 9.46812e-08 5.5612e-08 3.22131e-08 1.84292e-08 1.04689e-08 6.01409e-09 3.70404e-09 
4.76161e-09 5.15109e-09 7.58849e-09 1.29165e-08 2.28777e-08 4.05647e-08 7.11567e-08 1.23067e-07 2.0966e-07 3.51749e-07 5.81134e-07 9.45499e-07 1.515e-06 2.39091e-06 3.71666e-06 5.69151e-06 8.5869e-06 1.27654e-05 1.87018e-05 2.70052e-05 3.84409e-05 5.39504e-05 7.46664e-05 0.00010192 0.000137239 0.000182329 0.000239042 0.000309322 0.00039513 0.000498357 0.000620707 0.000763574 0.000927915 0.00111411 0.00132187 0.00155009 0.00179685 0.00205933 0.00233388 0.0026161 0.0029009 0.00318275 0.0034558 0.00371413 0.00395197 0.00416387 0.00434494 0.00449093 0.00459844 0.00466495 0.0046889 0.00466974 0.00460793 0.00450494 0.00436321 0.00418608 0.00397772 0.00374297 0.00348724 0.00321626 0.00293594 0.00265209 0.00237027 0.00209556 0.0018324 0.00158449 0.00135469 0.001145 0.000956578 0.000789806 0.00064438 0.000519423 0.000413613 0.000325309 0.000252674 0.000193785 0.000146727 0.000109664 8.08935e-05 5.88836e-05 4.22904e-05 2.99638e-05 2.0941e-05 1.44341e-05 9.81126e-06 6.57584e-06 4.34539e-06 2.83086e-06 1.81797e-06 1.15082e-06 7.18055e-07 4.41591e-07 2.67662e-07 1.59906e-07 9.41677e-08 5.46874e-08 3.13682e-08 1.78679e-08 1.02974e-08 6.36847e-09 
8.1107e-09 8.79897e-09 1.2954e-08 2.19957e-08 3.88471e-08 6.86767e-08 1.2011e-07 2.07105e-07 3.51749e-07 5.88298e-07 9.68879e-07 1.57131e-06 2.50956e-06 3.94743e-06 6.11575e-06 9.3336e-06 1.40334e-05 2.07899e-05 3.0351e-05 4.36712e-05 6.19424e-05 8.66217e-05 0.000119451 0.000162462 0.000217973 0.000288549 0.000376954 0.00048606 0.00061874 0.000777722 0.000965426 0.00118378 0.00143403 0.00171655 0.0020307 0.00237467 0.00274541 0.0031386 0.00354872 0.00396918 0.00439245 0.00481036 0.00521438 0.00559589 0.00594651 0.0062584 0.00652451 0.00673878 0.00689633 0.00699357 0.00702829 0.00699971 0.00690852 0.00675679 0.00654804 0.00628705 0.0059798 0.00563328 0.00525528 0.00485412 0.00443839 0.0040166 0.00359692 0.00318686 0.00279306 0.00242107 0.00207526 0.00175876 0.00147346 0.00122011 0.000998446 0.000807311 0.000644882 0.000508829 0.000396501 0.000305089 0.000231765 0.000173794 0.000128623 9.39348e-05 6.76855e-05 4.81126e-05 3.37331e-05 2.33254e-05 1.59047e-05 1.06929e-05 7.08752e-06 4.63111e-06 2.98287e-06 1.8937e-06 1.18494e-06 7.30759e-07 4.44154e-07 2.66062e-07 1.57099e-07 9.14747e-08 5.26083e-08 3.00503e-08 1.73745e-08 1.07904e-08 
1.36131e-08 1.48079e-08 2.17833e-08 3.68949e-08 6.49703e-08 1.14514e-07 1.99668e-07 3.43231e-07 5.81134e-07 9.68879e-07 1.59055e-06 2.57114e-06 4.09288e-06 6.41637e-06 9.90713e-06 1.50678e-05 2.25761e-05 3.33274e-05 4.8481e-05 6.95067e-05 9.8229e-05 0.000136864 0.000188042 0.000254811 0.00034062 0.000449255 0.00058476 0.000751296 0.000952975 0.00119365 0.00147666 0.0018046 0.002179 0.00260014 0.00306676 0.00357591 0.00412291 0.00470123 0.00530271 0.00591764 0.00653509 0.00714329 0.00772997 0.00828285 0.00879005 0.00924049 0.00962422 0.00993277 0.0101593 0.0102988 0.0103482 0.0103064 0.0101745 0.00995521 0.00965358 0.00927631 0.00883179 0.00832988 0.0077816 0.00719877 0.00659363 0.0059784 0.00536483 0.00476383 0.00418512 0.00363691 0.00312576 0.00265644 0.00223199 0.00185379 0.0015217 0.00123431 0.000989167 0.000783052 0.000612224 0.000472663 0.000360278 0.000271077 0.000201299 0.000147507 0.000106643 7.60559e-05 5.35e-05 3.71136e-05 2.53873e-05 1.7122e-05 1.13841e-05 7.46132e-06 4.82023e-06 3.06921e-06 1.92606e-06 1.19119e-06 7.26032e-07 4.36113e-07 2.58206e-07 1.5075e-07 8.69328e-08 4.97982e-08 2.88873e-08 1.80162e-08 
2.25146e-08 2.45524e-08 3.6085e-08 6.09601e-08 1.07027e-07 1.88066e-07 3.26905e-07 5.60201e-07 9.45499e-07 1.57131e-06 2.57114e-06 4.14256e-06 6.57227e-06 1.02683e-05 1.58e-05 2.39465e-05 3.5752e-05 5.2589e-05 7.62234e-05 0.000108881 0.000153306 0.00021281 0.000291294 0.000393248 0.000523706 0.000688152 0.000892382 0.0011423 0.00144367 0.00180178 0.00222116 0.00270513 0.0032555 0.00387218 0.00455294 0.00529312 0.0060856 0.00692078 0.00778674 0.00866953 0.00955357 0.0104222 0.0112582 0.0120444 0.0127642 0.0134024 0.0139453 0.0143811 0.0147007 0.014897 0.014966 0.0149062 0.0147189 0.0144082 0.0139807 0.0134457 0.0128148 0.0121016 0.0113213 0.0104904 0.00962589 0.00874506 0.00786448 0.00699969 0.00616462 0.00537119 0.00462905 0.0039454 0.00332498 0.00277016 0.00228119 0.00185642 0.00149269 0.00118566 0.000930178 0.000720615 0.000551177 0.000416149 0.000310096 0.000228012 0.000165408 0.000118366 8.35407e-05 5.81448e-05 3.99032e-05 2.69984e-05 1.80076e-05 1.18392e-05 7.67183e-06 4.89961e-06 3.0838e-06 1.91275e-06 1.16914e-06 7.04251e-07 4.18111e-07 2.44777e-07 1.41544e-07 8.13168e-08 4.73291e-08 2.96433e-08 
3.66945e-08 4.01106e-08 5.88897e-08 9.922e-08 1.7367e-07 3.04223e-07 5.27158e-07 9.00511e-07 1.515e-06 2.50956e-06 4.09288e-06 6.57227e-06 1.03916e-05 1.61796e-05 2.48088e-05 3.74668e-05 5.5737e-05 8.16876e-05 0.000117964 0.000167879 0.000235489 0.000325656 0.000444065 0.000597203 0.000792285 0.0010371 0.00133978 0.00170854 0.00215125 0.00267504 0.0032858 0.00398766 0.00478255 0.00566968 0.00664519 0.00770195 0.00882937 0.0100135 0.0112374 0.0124814 0.0137236 0.014941 0.0161099 0.0172067 0.018209 0.0190961 0.0198495 0.0204534 0.0208955 0.0211666 0.0212611 0.0211772 0.0209166 0.0204848 0.0198906 0.0191466 0.0182682 0.0172739 0.0161843 0.0150219 0.01381 0.0125722 0.0113317 0.01011 0.00892681 0.00779908 0.00674075 0.00576243 0.00487137 0.00407156 0.00336393 0.00274679 0.0022162 0.00176648 0.00139071 0.0010812 0.000829912 0.000628819 0.000470224 0.000346967 0.00025258 0.000181369 0.000128444 8.9699e-05 6.17625e-05 4.1925e-05 2.80535e-05 1.85023e-05 1.20269e-05 7.70449e-06 4.86377e-06 3.0257e-06 1.8548e-06 1.12045e-06 6.6708e-07 3.91619e-07 2.27093e-07 1.3085e-07 7.64186e-08 4.80676e-08 
5.89381e-08 6.4568e-08 9.46873e-08 1.59096e-07 2.77612e-07 4.84768e-07 8.3734e-07 1.42578e-06 2.39091e-06 3.94743e-06 6.41637e-06 1.02683e-05 1.61796e-05 2.51032e-05 3.83552e-05 5.77166e-05 8.55485e-05 0.000124916 0.000179716 0.000254795 0.000356049 0.000490486 0.000666243 0.000892524 0.00117947 0.00153792 0.00197909 0.0025141 0.00315349 0.00390658 0.00478081 0.00578109 0.00690912 0.00816284 0.00953596 0.0110177 0.0125927 0.0142411 0.0159392 0.0176597 0.0193728 0.0210471 0.0226507 0.024152 0.0255212 0.0267307 0.0277562 0.0285771 0.029177 0.0295442 0.0296713 0.029556 0.0292004 0.0286118 0.0278019 0.026787 0.0255875 0.0242277 0.0227351 0.0211395 0.0194722 0.0177652 0.0160496 0.0143552 0.0127091 0.0111349 0.00965249 0.00827713 0.00701969 0.00588658 0.00488005 0.00399859 0.00323758 0.00258982 0.00204626 0.00159661 0.00122997 0.000935318 0.000701942 0.000519803 0.000379743 0.00027364 0.000194463 0.000136269 9.41454e-05 6.41197e-05 4.30454e-05 2.84815e-05 1.85723e-05 1.19346e-05 7.55725e-06 4.71543e-06 2.89917e-06 1.75643e-06 1.04871e-06 6.1741e-07 3.59047e-07 2.07505e-07 1.21605e-07 7.68193e-08 
9.32998e-08 1.02424e-07 1.50009e-07 2.5134e-07 4.3719e-07 7.60982e-07 1.31021e-06 2.22371e-06 3.71666e-06 6.11575e-06 9.90713e-06 1.58e-05 2.48088e-05 3.83552e-05 5.83922e-05 8.75476e-05 0.000129285 0.000188072 0.000269553 0.000380699 0.000529928 0.000727171 0.000983859 0.00131281 0.00172802 0.00224427 0.00287665 0.00363996 0.00454793 0.00561239 0.00684242 0.00824345 0.00981645 0.0115572 0.0134558 0.0154963 0.017657 0.01991 0.0222229 0.0245586 0.0268772 0.0291369 0.0312954 0.0333115 0.0351462 0.0367638 0.038133 0.0392274 0.0400261 0.0405139 0.0406816 0.0405262 0.0400507 0.0392641 0.0381815 0.0368237 0.035217 0.0333928 0.0313867 0.0292377 0.0269868 0.0246761 0.0223473 0.0200401 0.0177913 0.0156333 0.0135935 0.0116939 0.00995026 0.00837259 0.00696525 0.00572753 0.00465426 0.00373669 0.00296331 0.00232072 0.00179443 0.00136959 0.00103164 0.000766744 0.000562175 0.00040655 0.000289938 0.000203882 0.000141343 9.65905e-05 6.50601e-05 4.3189e-05 2.82536e-05 1.82134e-05 1.15691e-05 7.24074e-06 4.46518e-06 2.71318e-06 1.62468e-06 9.59258e-07 5.59467e-07 3.24323e-07 1.90731e-07 1.21008e-07 
1.45576e-07 1.60121e-07 2.34184e-07 3.91243e-07 6.78364e-07 1.17695e-06 2.01978e-06 3.41669e-06 5.69151e-06 9.3336e-06 1.50678e-05 2.39465e-05 3.74668e-05 5.77166e-05 8.75476e-05 0.000130775 0.000192396 0.000278818 0.000398078 0.000560034 0.0007765 0.0010613 0.00143021 0.00190074 0.00249183 0.00322323 0.00411485 0.00518588 0.00645375 0.00793303 0.00963431 0.0115631 0.0137186 0.0160935 0.0186724 0.0214325 0.0243433 0.027367 0.0304597 0.0335723 0.0366521 0.0396447 0.0424956 0.0451518 0.0475635 0.0496857 0.0514789 0.0529098 0.0539526 0.0545882 0.0548054 0.0546004 0.0539769 0.0529461 0.0515269 0.0497454 0.0476346 0.0452341 0.042589 0.039749 0.0367669 0.0336971 0.0305938 0.0275093 0.0244924 0.0215867 0.0188297 0.0162518 0.0138758 0.0117167 0.00978231 0.00807346 0.00658496 0.0053066 0.00422419 0.0033207 0.00257735 0.00197458 0.00149293 0.00111371 0.000819582 0.000594861 0.000425763 0.000300456 0.000209023 0.000143334 9.68723e-05 6.45215e-05 4.23475e-05 2.73868e-05 1.74511e-05 1.09561e-05 6.777e-06 4.1303e-06 2.48058e-06 1.4689e-06 8.59239e-07 4.99647e-07 2.94881e-07 1.87897e-07 
2.23906e-07 2.46715e-07 3.60289e-07 6.00148e-07 1.0372e-06 1.79361e-06 3.06787e-06 5.17234e-06 8.5869e-06 1.40334e-05 2.25761e-05 3.5752e-05 5.5737e-05 8.55485e-05 0.000129285 0.000192396 0.000281977 0.000407066 0.000578917 0.000811236 0.00112032 0.00152507 0.00204685 0.00270919 0.00353716 0.00455664 0.00579332 0.00727146 0.00901259 0.011034 0.0133475 0.0159576 0.0188608 0.0220444 0.0254861 0.0291535 0.0330049 0.0369897 0.0410498 0.0451213 0.0491365 0.0530259 0.0567205 0.0601537 0.0632638 0.0659948 0.0682981 0.0701333 0.0714685 0.0722809 0.072557 0.0722919 0.0714903 0.070166 0.0683417 0.0660494 0.0633295 0.0602307 0.0568091 0.0531265 0.0492493 0.0452462 0.0411865 0.0371376 0.0331629 0.02932 0.025659 0.0222215 0.0190393 0.0161349 0.0135208 0.0112008 0.00917045 0.00741852 0.00592811 0.00467819 0.00364498 0.00280326 0.00212757 0.00159317 0.00117682 0.000857315 0.000615858 0.000436174 0.000304519 0.000209551 0.000142113 9.49749e-05 6.25428e-05 4.05799e-05 2.5941e-05 1.63377e-05 1.01373e-05 6.19708e-06 3.73304e-06 2.21714e-06 1.30081e-06 7.58806e-07 4.49439e-07 2.87626e-07 
3.39503e-07 3.74704e-07 5.46317e-07 9.07286e-07 1.56285e-06 2.69362e-06 4.59191e-06 7.71569e-06 1.27654e-05 2.07899e-05 3.33274e-05 5.2589e-05 8.16876e-05 0.000124916 0.000188072 0.000278818 0.000407066 0.000585353 0.000829185 0.0011573 0.00159177 0.00215802 0.00288447 0.00380206 0.00494341 0.0063417 0.00802929 0.0100361 0.012388 0.0151046 0.0181978 0.0216704 0.0255138 0.0297082 0.0342213 0.0390086 0.044014 0.049171 0.0544046 0.0596332 0.0647712 0.069732 0.0744301 0.078784 0.0827184 0.0861658 0.0890677 0.091376 0.0930529 0.0940715 0.0944157 0.09408 0.0930698 0.0914015 0.089102 0.0862092 0.0827716 0.0788477 0.0745052 0.0698195 0.0648722 0.0597483 0.0545344 0.0493154 0.0441723 0.0391796 0.0344032 0.0298984 0.0257095 0.0218682 0.0183946 0.0152969 0.0125728 0.0102108 0.00819157 0.0064899 0.00507646 0.00391947 0.00298631 0.00224484 0.00166451 0.00121717 0.000877618 0.000623844 0.000437117 0.000301867 0.000205437 0.000137767 9.10294e-05 5.92594e-05 3.80058e-05 2.4013e-05 1.49465e-05 9.16538e-06 5.53793e-06 3.29904e-06 1.94145e-06 1.13613e-06 6.75364e-07 4.34091e-07 
5.07538e-07 5.61008e-07 8.16554e-07 1.35193e-06 2.32103e-06 3.98695e-06 6.77377e-06 1.1343e-05 1.87018e-05 3.0351e-05 4.8481e-05 7.62234e-05 0.000117964 0.000179716 0.000269553 0.000398078 0.000578917 0.000829185 0.00116989 0.00162621 0.00222759 0.00300754 0.00400322 0.00525458 0.00680317 0.00869063 0.0109568 0.0136376 0.0167627 0.0203537 0.0244213 0.0289639 0.0339662 0.039398 0.0452139 0.0513538 0.0577441 0.0642992 0.0709238 0.077516 0.0839701 0.09018 0.0960426 0.10146 0.106343 0.110612 0.114198 0.117046 0.119111 0.120364 0.120785 0.120368 0.11912 0.11706 0.114217 0.110637 0.106376 0.101501 0.096094 0.0902436 0.0840477 0.0776095 0.0710346 0.0644281 0.0578913 0.0515186 0.0453948 0.0395926 0.0341716 0.0291765 0.0246371 0.0205688 0.0169731 0.0138396 0.0111474 0.00886715 0.00696376 0.00539807 0.00412915 0.00311609 0.00231949 0.00170263 0.00123229 0.000879222 0.000618318 0.000428544 0.000292685 0.000196962 0.000130589 8.5299e-05 5.48874e-05 3.4792e-05 2.17249e-05 1.33637e-05 8.0996e-06 4.8398e-06 2.85693e-06 1.67726e-06 1.00068e-06 6.45984e-07 
7.48142e-07 8.28101e-07 1.20316e-06 1.98583e-06 3.39787e-06 5.81697e-06 9.84934e-06 1.64365e-05 2.70052e-05 4.36712e-05 6.95067e-05 0.000108881 0.000167879 0.000254795 0.000380699 0.000560034 0.000811236 0.0011573 0.00162621 0.00225127 0.00307102 0.00412895 0.0054727 0.00715289 0.00922138 0.0117293 0.0147243 0.0182483 0.0223345 0.0270043 0.0322656 0.0381099 0.0445116 0.0514268 0.0587934 0.066532 0.0745477 0.0827324 0.0909676 0.0991286 0.107088 0.114718 0.121897 0.128512 0.134457 0.139642 0.14399 0.147436 0.149931 0.151442 0.151948 0.151442 0.14993 0.147434 0.143989 0.139643 0.134461 0.128521 0.121914 0.114745 0.107129 0.0991868 0.0910453 0.0828315 0.0746697 0.066677 0.0589605 0.0516142 0.0447164 0.0383284 0.0324933 0.0272367 0.0225666 0.0184756 0.0149423 0.0119345 0.00941086 0.00732454 0.0056253 0.00426208 0.00318501 0.00234706 0.00170522 0.00122125 0.000862048 0.000599658 0.000411027 0.000277579 0.00018468 0.000121043 7.81489e-05 4.97e-05 3.11341e-05 1.92124e-05 1.16807e-05 7.0012e-06 4.14564e-06 2.44176e-06 1.46215e-06 9.47976e-07 
1.08751e-06 1.20525e-06 1.74786e-06 2.87581e-06 4.90405e-06 8.36691e-06 1.41185e-05 2.34792e-05 3.84409e-05 6.19424e-05 9.8229e-05 0.000153306 0.000235489 0.000356049 0.000529928 0.0007765 0.00112032 0.00159177 0.00222759 0.00307102 0.00417173 0.00558511 0.00737116 0.00959276 0.0123133 0.0155941 0.0194908 0.0240507 0.0293087 0.0352844 0.0419797 0.0493759 0.0574332 0.0660898 0.0752628 0.0848494 0.0947298 0.10477 0.114826 0.124748 0.134384 0.143588 0.152217 0.160142 0.167245 0.173425 0.178594 0.182684 0.185642 0.18743 0.188026 0.187423 0.185628 0.182664 0.178568 0.173394 0.167213 0.16011 0.152189 0.143568 0.134376 0.124756 0.114855 0.104824 0.0948106 0.0849588 0.0754009 0.0662555 0.057624 0.0495883 0.0422092 0.0355257 0.029556 0.0242984 0.0197335 0.0158267 0.0125317 0.00979365 0.00755229 0.00574521 0.00431049 0.00318896 0.0023259 0.00167216 0.00118478 0.000827218 0.000569073 0.000385691 0.000257513 0.000169362 0.000109716 7.00078e-05 4.39989e-05 2.7238e-05 1.66122e-05 9.98803e-06 5.93276e-06 3.50582e-06 2.10707e-06 1.372e-06 
1.55907e-06 1.72982e-06 2.50374e-06 4.10643e-06 6.97884e-06 1.18661e-05 1.99543e-05 3.3069e-05 5.39504e-05 8.66217e-05 0.000136864 0.00021281 0.000325656 0.000490486 0.000727171 0.0010613 0.00152507 0.00215802 0.00300754 0.00412895 0.00558511 0.00744537 0.00978392 0.0126773 0.0162015 0.020428 0.0254202 0.0312292 0.0378895 0.0454159 0.0538003 0.0630098 0.0729857 0.0836438 0.0948756 0.106551 0.118521 0.130624 0.142687 0.154535 0.165993 0.176892 0.187074 0.196392 0.20472 0.211945 0.217976 0.222738 0.226177 0.228252 0.228942 0.228238 0.226148 0.222696 0.21792 0.211879 0.204644 0.196312 0.186991 0.176813 0.165924 0.154481 0.142653 0.130616 0.118544 0.106607 0.0949674 0.083771 0.0731467 0.0632016 0.0540183 0.0456547 0.0381427 0.0314901 0.0256822 0.0206846 0.0164471 0.0129072 0.00999446 0.00763416 0.0057509 0.00427159 0.0031278 0.00225738 0.00160555 0.0011252 0.000776923 0.00052847 0.000354097 0.000233697 0.000151912 9.72574e-05 6.13259e-05 3.80869e-05 2.33025e-05 1.40544e-05 8.3744e-06 4.96494e-06 2.99506e-06 1.95857e-06 
2.20456e-06 2.44849e-06 3.53691e-06 5.78247e-06 9.79382e-06 1.65955e-05 2.78114e-05 4.59295e-05 7.46664e-05 0.000119451 0.000188042 0.000291294 0.000444065 0.000666243 0.000983859 0.00143021 0.00204685 0.00288447 0.00400322 0.0054727 0.00737116 0.00978392 0.012801 0.0165138 0.0210111 0.0263746 0.0326738 0.0399615 0.0482688 0.0576014 0.0679369 0.0792227 0.0913762 0.104286 0.117812 0.131794 0.146051 0.16039 0.17461 0.18851 0.201891 0.214565 0.226359 0.237115 0.246697 0.254986 0.261889 0.26733 0.271251 0.273615 0.274398 0.273593 0.271207 0.267264 0.261803 0.254881 0.246575 0.236981 0.226217 0.214421 0.201751 0.188381 0.174501 0.160307 0.146 0.131781 0.11784 0.104356 0.0914897 0.0793768 0.0681278 0.0578237 0.0485158 0.0402257 0.0329473 0.0266495 0.0212802 0.0167707 0.0130405 0.0100021 0.00756557 0.00564218 0.00414783 0.0030053 0.00214574 0.00150948 0.00104614 0.000714196 0.000480258 0.000318076 0.000207474 0.000133278 8.4317e-05 5.25354e-05 3.22447e-05 1.95088e-05 1.16611e-05 6.93637e-06 4.19976e-06 2.75802e-06 
3.07501e-06 3.41837e-06 4.92789e-06 8.03085e-06 1.35557e-05 2.28917e-05 3.82309e-05 6.29171e-05 0.00010192 0.000162462 0.000254811 0.000393248 0.000597203 0.000892524 0.00131281 0.00190074 0.00270919 0.00380206 0.00525458 0.00715289 0.00959276 0.0126773 0.0165138 0.021209 0.0268646 0.0335711 0.0414021 0.0504087 0.0606143 0.0720108 0.0845555 0.0981709 0.112745 0.128132 0.144159 0.160629 0.177328 0.19403 0.210506 0.226529 0.241881 0.256357 0.269772 0.28196 0.292781 0.302115 0.309869 0.315966 0.320354 0.322996 0.323869 0.322966 0.320296 0.315878 0.309752 0.301972 0.292613 0.281771 0.269567 0.256142 0.241664 0.226319 0.210311 0.193859 0.177189 0.16053 0.144105 0.128128 0.112792 0.0982691 0.0847017 0.0722002 0.0608404 0.0506635 0.0416767 0.0338563 0.0271514 0.0214892 0.0167803 0.0129245 0.00981646 0.00735069 0.00542556 0.00394662 0.00282879 0.0019976 0.00138962 0.000952185 0.000642603 0.000427103 0.000279555 0.000180191 0.000114374 7.14949e-05 4.40214e-05 2.67178e-05 1.60206e-05 9.56091e-06 5.81014e-06 3.83158e-06 
4.23142e-06 4.7077e-06 6.77256e-06 1.10019e-05 1.85079e-05 3.11481e-05 5.18419e-05 8.50206e-05 0.000137239 0.000217973 0.00034062 0.000523706 0.000792285 0.00117947 0.00172802 0.00249183 0.00353716 0.00494341 0.00680317 0.00922138 0.0123133 0.0162015 0.0210111 0.0268646 0.0338754 0.0421408 0.0517352 0.0627037 0.0750569 0.0887666 0.103764 0.11994 0.137147 0.1552 0.173889 0.192979 0.212218 0.231351 0.25012 0.268275 0.285582 0.301826 0.316812 0.330374 0.342372 0.352689 0.361235 0.367942 0.372761 0.375657 0.376612 0.375621 0.372689 0.367835 0.361092 0.352511 0.342161 0.330134 0.316547 0.301543 0.285289 0.267981 0.249834 0.231085 0.211983 0.192782 0.173741 0.155106 0.13711 0.119964 0.103847 0.0889055 0.0752456 0.0629343 0.0519982 0.0424258 0.0341719 0.0271624 0.0213009 0.0164757 0.0125659 0.00944818 0.00700197 0.00511361 0.0036796 0.00260841 0.00182137 0.00125264 0.000848436 0.00056591 0.000371696 0.000240396 0.000153095 9.601e-05 5.93042e-05 3.61063e-05 2.17183e-05 1.30038e-05 7.93124e-06 5.25201e-06 
5.74488e-06 6.39608e-06 9.18225e-06 1.4869e-05 2.49294e-05 4.18139e-05 6.93571e-05 0.000113353 0.000182329 0.000288549 0.000449255 0.000688152 0.0010371 0.00153792 0.00224427 0.00322323 0.00455664 0.0063417 0.00869063 0.0117293 0.0155941 0.020428 0.0263746 0.0335711 0.0421408 0.0521846 0.0637734 0.0769411 0.0916788 0.107932 0.125599 0.144532 0.164541 0.185401 0.206857 0.228634 0.250447 0.272008 0.293035 0.313261 0.33244 0.350351 0.366799 0.381621 0.394682 0.405878 0.415125 0.422366 0.427558 0.430676 0.431703 0.430635 0.427477 0.422244 0.414962 0.405673 0.394437 0.381337 0.366481 0.350006 0.332076 0.312886 0.29266 0.271645 0.250109 0.228332 0.206602 0.185202 0.164405 0.144464 0.125601 0.108002 0.0918126 0.0771312 0.0640103 0.0524571 0.0424369 0.0338787 0.0266823 0.0207258 0.0158738 0.0119847 0.00891795 0.00653895 0.00472372 0.00336149 0.00235611 0.00162641 0.00110559 0.000740052 0.000487762 0.000316532 0.00020225 0.000127247 7.88479e-05 4.8155e-05 2.90564e-05 1.74542e-05 1.06841e-05 7.10372e-06 
7.69617e-06 8.57388e-06 1.22829e-05 1.98274e-05 3.31321e-05 5.53869e-05 9.15617e-05 0.000149131 0.000239042 0.000376954 0.00058476 0.000892382 0.00133978 0.00197909 0.00287665 0.00411485 0.00579332 0.00802929 0.0109568 0.0147243 0.0194908 0.0254202 0.0326738 0.0414021 0.0517352 0.0637734 0.0775788 0.0931673 0.110504 0.129501 0.150014 0.171854 0.194782 0.218526 0.242787 0.26725 0.291595 0.315506 0.338683 0.360847 0.381745 0.401157 0.418897 0.434811 0.448779 0.460709 0.470534 0.478207 0.4837 0.486993 0.488078 0.48695 0.483614 0.478077 0.470358 0.460487 0.448511 0.434497 0.418541 0.400763 0.38132 0.360401 0.338227 0.315052 0.291156 0.26684 0.24242 0.218213 0.194535 0.17168 0.149919 0.129485 0.110565 0.0933 0.0777738 0.0640194 0.052019 0.04171 0.0329922 0.0257366 0.0197946 0.015007 0.0112125 0.00825434 0.00598641 0.00427649 0.00300878 0.00208464 0.00142222 0.000955362 0.000631848 0.00041142 0.000263746 0.000166471 0.000103477 6.33926e-05 3.83693e-05 2.31228e-05 1.42045e-05 9.48202e-06 
1.01743e-05 1.13408e-05 1.62126e-05 2.60896e-05 4.34538e-05 7.24027e-05 0.000119294 0.000193644 0.000309322 0.00048606 0.000751296 0.0011423 0.00170854 0.0025141 0.00363996 0.00518588 0.00727146 0.0100361 0.0136376 0.0182483 0.0240507 0.0312292 0.0399615 0.0504087 0.0627037 0.0769411 0.0931673 0.111374 0.131491 0.15339 0.17688 0.201718 0.227617 0.254255 0.281286 0.308357 0.335116 0.361225 0.38637 0.410266 0.432665 0.453355 0.472164 0.488957 0.503633 0.516119 0.52637 0.534355 0.54006 0.543476 0.544601 0.543434 0.539974 0.534225 0.526193 0.515893 0.503356 0.488629 0.471785 0.452929 0.432198 0.409766 0.385847 0.360691 0.334585 0.307844 0.280808 0.253826 0.227252 0.201428 0.176673 0.153272 0.131464 0.111432 0.0933044 0.0771456 0.0629621 0.0507058 0.0402818 0.0315576 0.0243741 0.0185557 0.0139205 0.010289 0.00749137 0.0053722 0.00379394 0.00263833 0.00180646 0.00121774 0.000808142 0.000527973 0.000339568 0.000215011 0.000134065 8.23826e-05 5.00158e-05 3.02373e-05 1.86403e-05 1.24915e-05 
1.32744e-05 1.48032e-05 2.11182e-05 3.38799e-05 5.62475e-05 9.34168e-05 0.000153415 0.000248205 0.00039513 0.00061874 0.000952975 0.00144367 0.00215125 0.00315349 0.00454793 0.00645375 0.00901259 0.012388 0.0167627 0.0223345 0.0293087 0.0378895 0.0482688 0.0606143 0.0750569 0.0916788 0.110504 0.131491 0.154529 0.179439 0.205977 0.233844 0.262698 0.292166 0.321857 0.351382 0.380363 0.408445 0.435308 0.460671 0.484295 0.505989 0.525601 0.543022 0.558177 0.571019 0.581525 0.589687 0.595505 0.598986 0.600133 0.598947 0.595427 0.589566 0.581358 0.570803 0.557908 0.542698 0.525221 0.505553 0.483807 0.460137 0.434737 0.407848 0.379754 0.350778 0.321274 0.291623 0.262213 0.233432 0.205651 0.179208 0.154399 0.13146 0.110568 0.0918269 0.0752761 0.0608886 0.0485809 0.0382222 0.029646 0.0226626 0.0170707 0.0126678 0.00925948 0.00666559 0.00472499 0.00329781 0.00226607 0.00153289 0.00102075 0.000669078 0.000431707 0.000274209 0.000171501 0.000105704 6.43679e-05 3.90356e-05 2.41469e-05 1.6243e-05 
1.7094e-05 1.90701e-05 2.71491e-05 4.3425e-05 7.18675e-05 0.000118981 0.000194775 0.000314093 0.000498357 0.000777722 0.00119365 0.00180178 0.00267504 0.00390658 0.00561239 0.00793303 0.011034 0.0151046 0.0203537 0.0270043 0.0352844 0.0454159 0.0576014 0.0720108 0.0887666 0.107932 0.129501 0.15339 0.179439 0.207412 0.237008 0.267866 0.299588 0.331749 0.363918 0.395673 0.426616 0.456384 0.484659 0.511172 0.535706 0.558092 0.578212 0.595987 0.611374 0.624356 0.634938 0.643134 0.648964 0.652448 0.653597 0.652416 0.648898 0.64303 0.634793 0.624164 0.61113 0.595686 0.577851 0.557669 0.535221 0.510629 0.484064 0.455747 0.42595 0.394994 0.363245 0.331102 0.298988 0.267332 0.236558 0.207061 0.179194 0.153256 0.129476 0.108009 0.0889327 0.0722495 0.0578944 0.0457438 0.0356287 0.0273484 0.0206836 0.0154097 0.0113074 0.0081707 0.00581339 0.00407214 0.00280802 0.00190603 0.00127346 0.000837447 0.000542055 0.000345362 0.000216652 0.000133927 8.17944e-05 4.97555e-05 3.08816e-05 2.08496e-05 
2.17283e-05 2.42481e-05 3.44506e-05 5.49428e-05 9.06505e-05 0.000149616 0.000244161 0.000392482 0.000620707 0.000965426 0.00147666 0.00222116 0.0032858 0.00478081 0.00684242 0.00963431 0.0133475 0.0181978 0.0244213 0.0322656 0.0419797 0.0538003 0.0679369 0.0845555 0.103764 0.125599 0.150014 0.17688 0.205977 0.237008 0.269606 0.303351 0.337785 0.372435 0.406834 0.440534 0.473124 0.504242 0.533581 0.560894 0.585992 0.608741 0.629059 0.646905 0.662273 0.675178 0.685656 0.693746 0.699487 0.702914 0.704046 0.70289 0.699438 0.693667 0.685543 0.675024 0.66207 0.646647 0.628739 0.608354 0.585535 0.560368 0.532989 0.503591 0.472425 0.439803 0.406089 0.371699 0.337079 0.302701 0.269034 0.236532 0.205612 0.176634 0.149891 0.125592 0.103864 0.0847463 0.0681994 0.0541138 0.0423232 0.0326196 0.0247689 0.0185258 0.013646 0.00989752 0.00706775 0.00496843 0.00343796 0.0023415 0.00156955 0.00103546 0.0006723 0.000429638 0.000270312 0.000167579 0.000102642 6.26231e-05 3.8995e-05 2.6421e-05 
2.72648e-05 3.0435e-05 4.31544e-05 6.86287e-05 0.000112894 0.000185771 0.000302246 0.000484352 0.000763574 0.00118378 0.0018046 0.00270513 0.00398766 0.00578109 0.00824345 0.0115631 0.0159576 0.0216704 0.0289639 0.0381099 0.0493759 0.0630098 0.0792227 0.0981709 0.11994 0.144532 0.171854 0.201718 0.233844 0.267866 0.303351 0.339813 0.376742 0.41362 0.449947 0.485259 0.519141 0.55124 0.581272 0.609017 0.634326 0.657105 0.677315 0.694956 0.71006 0.722683 0.732886 0.740738 0.746296 0.749609 0.750706 0.749596 0.746269 0.74069 0.732813 0.722576 0.709912 0.694755 0.677054 0.656776 0.633922 0.608535 0.58071 0.550603 0.518437 0.484501 0.449154 0.412814 0.375948 0.339058 0.302662 0.267268 0.233356 0.201355 0.171621 0.14443 0.119962 0.0983019 0.0794437 0.063299 0.0497102 0.0384672 0.0293245 0.0220177 0.0162793 0.0118509 0.00849302 0.00599122 0.00415978 0.00284247 0.00191148 0.00126496 0.000823797 0.000527999 0.000333147 0.000207113 0.00012721 7.78375e-05 4.86224e-05 3.30568e-05 
3.37764e-05 3.7712e-05 5.33687e-05 8.46398e-05 0.000138832 0.000227792 0.00036953 0.000590407 0.000927915 0.00143403 0.002179 0.0032555 0.00478255 0.00690912 0.00981645 0.0137186 0.0188608 0.0255138 0.0339662 0.0445116 0.0574332 0.0729857 0.0913762 0.112745 0.137147 0.164541 0.194782 0.227617 0.262698 0.299588 0.337785 0.376742 0.415897 0.454694 0.492609 0.529168 0.563963 0.596662 0.627007 0.654821 0.679996 0.702486 0.722298 0.739477 0.754098 0.766251 0.776029 0.783526 0.788819 0.791969 0.793015 0.791969 0.788815 0.783513 0.776002 0.7662 0.754014 0.739348 0.722112 0.702233 0.679665 0.654405 0.626502 0.596066 0.563282 0.528411 0.491793 0.453842 0.415034 0.375899 0.336991 0.298874 0.262089 0.227134 0.194436 0.164337 0.137081 0.112805 0.0915452 0.0732407 0.0577497 0.0448652 0.0343341 0.0258766 0.0192031 0.0140297 0.0100897 0.0071418 0.00497507 0.00341052 0.00230063 0.0015271 0.000997433 0.000641109 0.000405636 0.000252862 0.00015573 9.55549e-05 5.9872e-05 4.08388e-05 
4.13144e-05 4.61361e-05 6.51673e-05 0.000103079 0.000168609 0.000275881 0.00044628 0.000710981 0.00111411 0.00171655 0.00260014 0.00387218 0.00566968 0.00816284 0.0115572 0.0160935 0.0220444 0.0297082 0.039398 0.0514268 0.0660898 0.0836438 0.104286 0.128132 0.1552 0.185401 0.218526 0.254255 0.292166 0.331749 0.372435 0.41362 0.454694 0.49507 0.534209 0.571637 0.606963 0.639882 0.670177 0.697714 0.722435 0.744346 0.763503 0.779997 0.793943 0.805468 0.814696 0.821741 0.826701 0.82965 0.830631 0.829661 0.826721 0.821765 0.814716 0.805477 0.793929 0.779946 0.763402 0.744182 0.722194 0.697384 0.669749 0.639352 0.606331 0.570909 0.533398 0.494197 0.453786 0.412708 0.371553 0.33093 0.291442 0.253653 0.218064 0.185089 0.15504 0.128113 0.104393 0.0838554 0.0663801 0.0517693 0.0397674 0.030082 0.0224042 0.0164257 0.011853 0.00841772 0.00588273 0.0040453 0.00273708 0.00182212 0.00119351 0.000769245 0.000488009 0.000305007 0.000188334 0.000115871 7.28146e-05 4.98228e-05 
4.99011e-05 5.57318e-05 7.85783e-05 0.000123977 0.000202257 0.000330054 0.000532474 0.000845959 0.00132187 0.0020307 0.00306676 0.00455294 0.00664519 0.00953596 0.0134558 0.0186724 0.0254861 0.0342213 0.0452139 0.0587934 0.0752628 0.0948756 0.117812 0.144159 0.173889 0.206857 0.242787 0.281286 0.321857 0.363918 0.406834 0.449947 0.492609 0.534209 0.574201 0.612125 0.647612 0.680394 0.710301 0.73725 0.761237 0.78232 0.800606 0.816232 0.829352 0.840125 0.848705 0.855227 0.859805 0.862522 0.86343 0.862545 0.859849 0.855287 0.848774 0.840194 0.829408 0.816262 0.800596 0.782254 0.761097 0.737021 0.70997 0.679951 0.647052 0.61145 0.573422 0.533342 0.49168 0.448989 0.405882 0.36301 0.321029 0.280572 0.242211 0.206435 0.173629 0.144054 0.11785 0.0950356 0.075519 0.0591177 0.0455786 0.0346013 0.0258598 0.0190234 0.0137727 0.00981232 0.0068786 0.00474432 0.00321938 0.00214923 0.0014116 0.000912215 0.000580193 0.000363531 0.000225031 0.000138806 8.74717e-05 6.00304e-05 
5.95231e-05 6.64839e-05 9.35747e-05 0.000147281 0.000239669 0.000390114 0.00062775 0.000994704 0.00155009 0.00237467 0.00357591 0.00529312 0.00770195 0.0110177 0.0154963 0.0214325 0.0291535 0.0390086 0.0513538 0.066532 0.0848494 0.106551 0.131794 0.160629 0.192979 0.228634 0.26725 0.308357 0.351382 0.395673 0.440534 0.485259 0.529168 0.571637 0.612125 0.650189 0.685495 0.717819 0.747043 0.77314 0.79616 0.816217 0.833464 0.848084 0.860268 0.870205 0.878072 0.884024 0.888187 0.890654 0.891481 0.890687 0.888252 0.884116 0.878185 0.870329 0.860392 0.848195 0.833546 0.81625 0.796127 0.773021 0.746821 0.717479 0.685026 0.649589 0.6114 0.5708 0.528243 0.484276 0.439532 0.394692 0.350464 0.30754 0.266565 0.228104 0.192616 0.160434 0.131757 0.106652 0.0850643 0.0668314 0.0517081 0.0393898 0.0295373 0.0217996 0.0158326 0.0113144 0.00795519 0.00550267 0.00374437 0.00250645 0.0016505 0.00106929 0.000681761 0.000428193 0.000265688 0.000164288 0.000103806 7.14414e-05 
7.0126e-05 7.8331e-05 0.000110066 0.00017284 0.000280588 0.000455621 0.000731375 0.00115601 0.00179685 0.00274541 0.00412291 0.0060856 0.00882937 0.0125927 0.017657 0.0243433 0.0330049 0.044014 0.0577441 0.0745477 0.0947298 0.118521 0.146051 0.177328 0.212218 0.250447 0.291595 0.335116 0.380363 0.426616 0.473124 0.519141 0.563963 0.606963 0.647612 0.685495 0.720319 0.751912 0.78021 0.805243 0.82712 0.846004 0.862097 0.875621 0.886801 0.895853 0.902974 0.908334 0.912068 0.914276 0.91502 0.914319 0.912151 0.908454 0.903126 0.896028 0.886988 0.875806 0.862264 0.846134 0.827193 0.805237 0.780102 0.751684 0.719956 0.684988 0.646961 0.606178 0.563064 0.518157 0.472093 0.425581 0.379369 0.334207 0.290808 0.249813 0.211755 0.17704 0.145934 0.118558 0.0948975 0.0748164 0.0580825 0.0443918 0.033395 0.0247235 0.0180104 0.0129085 0.00910167 0.00631295 0.00430713 0.00289054 0.00190814 0.00123917 0.000791905 0.0004985 0.000310012 0.000192142 0.000121712 8.39876e-05 
