1.47055e-05 1.51572e-05 1.69464e-05 2.01858e-05 2.50643e-05 3.1856e-05 4.09251e-05 5.27324e-05 6.78425e-05 8.69312e-05 0.000110791 0.00014034 0.000176619 0.000220799 0.000274176 0.000338162 0.000414278 0.000504128 0.000609384 0.00073175 0.000872924 0.00103456 0.00121821 0.00142529 0.00165698 0.00191422 0.00219762 0.00250738 0.0028433 0.00320467 0.00359026 0.0039983 0.00442645 0.00487182 0.00533095 0.00579989 0.00627419 0.00674903 0.00721924 0.00767941 0.008124 0.00854743 0.0089442 0.00930901 0.00963686 0.00992315 0.0101638 0.0103554 0.0104951 0.0105809 0.0106114 0.0105864 0.0105061 0.0103718 0.0101854 0.0099497 0.00966814 0.00934473 0.00898401 0.00859096 0.00817083 0.0077291 0.00727134 0.00680306 0.00632966 0.00585631 0.00538784 0.00492871 0.00448288 0.00405384 0.00364451 0.00325726 0.00289391 0.00255573 0.00224346 0.00195739 0.00169732 0.00146272 0.00125269 0.00106609 0.000901549 0.000757544 0.000632457 0.000524612 0.000432328 0.000353949 0.000287876 0.000232597 0.000186699 0.000148881 0.000117968 9.29045e-05 7.27633e-05 5.6737e-05 4.41346e-05 3.43754e-05 2.69819e-05 2.15729e-05 1.78574e-05 1.56331e-05 
1.51572e-05 1.56251e-05 1.74741e-05 2.08205e-05 2.58601e-05 3.28759e-05 4.22445e-05 5.44423e-05 7.00528e-05 8.97742e-05 0.000114426 0.000144955 0.000182438 0.000228083 0.000283229 0.000349333 0.000427961 0.000520772 0.000629486 0.000755859 0.000901641 0.00106853 0.00125813 0.00147188 0.00171101 0.00197646 0.00226886 0.00258841 0.00293488 0.00330754 0.00370511 0.00412576 0.00456706 0.00502603 0.0054991 0.00598219 0.00647074 0.00695976 0.00744394 0.00791772 0.00837539 0.00881122 0.00921956 0.00959497 0.00993229 0.0102268 0.0104744 0.0106715 0.0108151 0.0109033 0.0109347 0.0109089 0.0108262 0.0106879 0.0104961 0.0102536 0.00996383 0.00963099 0.00925972 0.00885514 0.00842266 0.0079679 0.00749657 0.00701436 0.00652682 0.00603926 0.00555667 0.00508363 0.00462422 0.00418205 0.00376012 0.0033609 0.00298626 0.00263752 0.00231545 0.00202035 0.00175205 0.00150999 0.00129325 0.00110066 0.000930824 0.00078217 0.000653031 0.000541685 0.000446398 0.000365463 0.000297234 0.000240148 0.000192749 0.000153696 0.000121772 9.58901e-05 7.50923e-05 5.85444e-05 4.55328e-05 3.54576e-05 2.78254e-05 2.22423e-05 1.84079e-05 1.61131e-05 
1.69464e-05 1.74741e-05 1.95418e-05 2.3279e-05 2.89027e-05 3.67271e-05 4.71694e-05 6.07571e-05 7.81356e-05 0.000100076 0.000127484 0.000161402 0.000203017 0.000253657 0.00031479 0.000388017 0.00047505 0.000577702 0.000697848 0.000837399 0.000998254 0.00118225 0.00139112 0.0016264 0.0018894 0.00218113 0.00250222 0.00285285 0.00323272 0.003641 0.00407624 0.00453641 0.00501884 0.00552024 0.0060367 0.00656376 0.00709644 0.00762933 0.00815664 0.00867235 0.00917028 0.00964423 0.0100881 0.010496 0.0108624 0.0111822 0.0114509 0.0116647 0.0118205 0.011916 0.0119499 0.0119217 0.0118318 0.0116815 0.0114731 0.0112095 0.0108946 0.0105328 0.0101292 0.00968922 0.00921875 0.00872386 0.00821073 0.00768552 0.00715424 0.00662266 0.00609621 0.00557988 0.00507813 0.0045949 0.00413349 0.00369663 0.00328638 0.00290423 0.00255106 0.00222723 0.00193259 0.00166657 0.0014282 0.00121625 0.00102918 0.000865334 0.00072289 0.000599984 0.000494728 0.000405262 0.000329788 0.000266598 0.000214094 0.000170807 0.000135399 0.000106676 8.3581e-05 6.51953e-05 5.07314e-05 3.95267e-05 3.10359e-05 2.48235e-05 2.05569e-05 1.8005e-05 
2.01858e-05 2.08205e-05 2.3279e-05 2.77132e-05 3.43778e-05 4.36411e-05 5.59911e-05 7.20443e-05 9.25539e-05 0.000118419 0.00015069 0.00019058 0.000239462 0.000298872 0.000370504 0.000456197 0.000557918 0.000677739 0.000817801 0.000980275 0.00116731 0.00138098 0.00162322 0.00189575 0.0022 0.00253706 0.00290758 0.0033117 0.003749 0.00421844 0.00471832 0.00524623 0.00579907 0.00637303 0.00696364 0.00756577 0.00817376 0.00878143 0.00938223 0.00996934 0.0105358 0.0110746 0.0115788 0.0120419 0.0124576 0.0128203 0.0131249 0.0133671 0.0135434 0.0136514 0.0136896 0.0136573 0.013555 0.0133844 0.0131477 0.0128485 0.0124909 0.01208 0.0116213 0.0111212 0.0105861 0.0100229 0.00943863 0.00884014 0.00823428 0.00762761 0.00702627 0.00643595 0.00586179 0.00530826 0.00477922 0.00427779 0.00380641 0.00336683 0.00296014 0.00258681 0.00224674 0.00193935 0.0016636 0.0014181 0.00120118 0.00101095 0.000845376 0.000702343 0.000579705 0.000475342 0.000387198 0.000313315 0.000251856 0.000201128 0.000159589 0.000125855 9.87033e-05 7.70667e-05 6.00296e-05 4.68207e-05 3.68043e-05 2.94724e-05 2.44366e-05 2.14268e-05 
2.50643e-05 2.58601e-05 2.89027e-05 3.43778e-05 4.25956e-05 5.40035e-05 6.91942e-05 8.89148e-05 0.000114076 0.000145764 0.000185244 0.000233974 0.0002936 0.00036596 0.000453073 0.000557127 0.000680454 0.000825501 0.000994788 0.00119086 0.00141622 0.00167328 0.00196426 0.00229112 0.00265549 0.00305853 0.00350093 0.00398274 0.00450336 0.00506146 0.00565492 0.00628082 0.00693542 0.00761418 0.00831176 0.00902212 0.00973857 0.0104539 0.0111604 0.0118501 0.012515 0.0131468 0.0137377 0.01428 0.0147664 0.0151905 0.0155465 0.0158294 0.0160352 0.0161611 0.0162052 0.0161671 0.0160472 0.0158473 0.0155702 0.0152198 0.014801 0.0143196 0.013782 0.0131955 0.0125677 0.0119064 0.0112198 0.0105159 0.00980266 0.0090878 0.00837851 0.00768147 0.00700273 0.00634763 0.00572075 0.00512584 0.00456587 0.00404299 0.00355859 0.00311331 0.00270715 0.0023395 0.00200922 0.00171476 0.00145421 0.00122539 0.00102594 0.000853391 0.000705235 0.000578977 0.000472188 0.00038255 0.000307881 0.000246165 0.000195559 0.000154408 0.000121244 9.47838e-05 7.39247e-05 5.77359e-05 4.54493e-05 3.64502e-05 3.02683e-05 2.65765e-05 
3.1856e-05 3.28759e-05 3.67271e-05 4.36411e-05 5.40035e-05 6.83702e-05 8.74761e-05 0.000112246 0.000143804 0.000183489 0.00023286 0.000293702 0.000368032 0.000458091 0.000566337 0.000695423 0.000848168 0.00102752 0.0012365 0.00147814 0.00175543 0.00207119 0.00242804 0.00282823 0.00327362 0.00376551 0.00430456 0.00489073 0.00552314 0.00620005 0.00691879 0.00767573 0.00846626 0.00928485 0.010125 0.0109796 0.0118403 0.0126988 0.0135457 0.0143717 0.0151671 0.0159223 0.0166279 0.017275 0.0178551 0.0183605 0.0187844 0.019121 0.0193657 0.0195152 0.0195673 0.0195214 0.0193781 0.0191395 0.0188089 0.0183908 0.017891 0.0173163 0.0166742 0.0159733 0.0152224 0.0144309 0.0136084 0.0127645 0.0119086 0.0110498 0.0101967 0.00935737 0.0085391 0.00774834 0.00699064 0.00627063 0.00559197 0.00495737 0.00436861 0.00382662 0.00333151 0.00288266 0.00247884 0.00211826 0.00179871 0.00151764 0.00127227 0.00105967 0.000876849 0.000720805 0.000588623 0.000477502 0.000384799 0.000308063 0.000245051 0.000193738 0.000152327 0.000119243 9.31308e-05 7.28422e-05 5.74297e-05 4.61336e-05 3.83721e-05 3.37406e-05 
4.09251e-05 4.22445e-05 4.71694e-05 5.59911e-05 6.91942e-05 8.74761e-05 0.000111757 0.000143192 0.000183187 0.000233406 0.000295786 0.000372539 0.000466158 0.000579406 0.000715301 0.000877092 0.00106822 0.00129226 0.00155289 0.00185374 0.0021984 0.00259023 0.00303229 0.00352725 0.00407719 0.00468356 0.005347 0.00606728 0.00684318 0.00767239 0.00855152 0.00947601 0.0104402 0.0114371 0.012459 0.013497 0.0145413 0.0155816 0.0166067 0.0176054 0.0185661 0.0194775 0.0203284 0.021108 0.0218063 0.0224143 0.0229239 0.0233284 0.0236221 0.0238013 0.0238635 0.0238077 0.0236349 0.0233475 0.0229492 0.0224456 0.0218435 0.0211508 0.0203766 0.0195308 0.0186241 0.0176677 0.0166729 0.0156513 0.014614 0.0135721 0.012536 0.0115154 0.0105192 0.00955519 0.00863026 0.00775012 0.00691935 0.00614139 0.00541857 0.00475218 0.00414249 0.00358894 0.00309013 0.00264405 0.00224811 0.00189931 0.00159434 0.00132968 0.00110172 0.000906858 0.000741537 0.000602342 0.000486043 0.00038963 0.000310342 0.000245683 0.000193428 0.000151625 0.000118589 9.28922e-05 7.33526e-05 5.90217e-05 4.91728e-05 4.32997e-05 
5.27324e-05 5.44423e-05 6.07571e-05 7.20443e-05 8.89148e-05 0.000112246 0.000143192 0.000183205 0.000234039 0.000297775 0.000376825 0.00047394 0.000592207 0.000735042 0.000906163 0.00110956 0.00134944 0.00163018 0.0019562 0.00233193 0.00276165 0.00324936 0.00379871 0.00441276 0.00509391 0.00584373 0.0066628 0.00755064 0.00850552 0.00952447 0.0106031 0.0117358 0.0129153 0.0141333 0.01538 0.0166447 0.0179156 0.01918 0.0204246 0.0216358 0.0227999 0.0239031 0.0249321 0.0258741 0.0267174 0.0274511 0.0280657 0.0285531 0.0289068 0.0291223 0.0291966 0.0291288 0.0289198 0.0285725 0.0280915 0.0274831 0.0267555 0.0259182 0.0249818 0.0239582 0.0228602 0.0217009 0.0204941 0.0192535 0.0179926 0.0167248 0.0154625 0.0142176 0.0130008 0.0118219 0.0106893 0.00960999 0.00858979 0.00763306 0.00674282 0.00592084 0.00516767 0.00448279 0.00386469 0.00331106 0.0028189 0.00238465 0.00200437 0.00167384 0.00138871 0.00114459 0.000937157 0.000762242 0.000615876 0.000494356 0.000394273 0.000312539 0.000246392 0.000193406 0.00015148 0.000118831 9.39817e-05 7.57438e-05 6.32065e-05 5.57351e-05 
6.78425e-05 7.00528e-05 7.81356e-05 9.25539e-05 0.000114076 0.000143804 0.000183187 0.000234039 0.000298555 0.000379329 0.00047936 0.000602062 0.000751257 0.000931159 0.00114634 0.0014017 0.00170237 0.00205367 0.00246098 0.0029296 0.00346468 0.00407098 0.00475276 0.00551361 0.00635622 0.00728227 0.00829224 0.00938526 0.010559 0.0118095 0.0131313 0.0145173 0.0159585 0.0174447 0.0189639 0.020503 0.0220476 0.0235825 0.0250917 0.0265588 0.0279674 0.0293011 0.030544 0.0316809 0.0326979 0.0335822 0.0343224 0.034909 0.0353345 0.0355933 0.0356822 0.0355998 0.0353475 0.0349284 0.0343482 0.0336144 0.0327364 0.0317255 0.0305945 0.0293574 0.0280293 0.026626 0.0251638 0.0236591 0.0221284 0.0205874 0.0190515 0.0175348 0.0160505 0.0146105 0.0132251 0.0119032 0.0106518 0.00947655 0.00838139 0.00736866 0.00643931 0.00559291 0.00482787 0.00414157 0.0035305 0.0029905 0.00251687 0.00210456 0.00174834 0.00144288 0.00118293 0.00096339 0.00077941 0.000626434 0.000500261 0.000397072 0.000313448 0.000246373 0.000193234 0.000151807 0.000120247 9.70676e-05 8.11288e-05 7.16359e-05 
8.69312e-05 8.97742e-05 0.000100076 0.000118419 0.000145764 0.000183489 0.000233406 0.000297775 0.000379329 0.000481286 0.000607365 0.000761784 0.000949253 0.00117495 0.00144448 0.00176382 0.00213922 0.00257712 0.003084 0.00366623 0.00432992 0.00508073 0.00592363 0.00686272 0.00790105 0.00904035 0.0102809 0.0116213 0.0130585 0.0145873 0.0162009 0.0178902 0.0196444 0.0214507 0.0232947 0.0251603 0.0270303 0.0288863 0.0307091 0.0324793 0.034177 0.0357829 0.0372782 0.038645 0.0398667 0.0409281 0.0418161 0.0425194 0.0430292 0.0433389 0.0434447 0.0433453 0.0430418 0.0425384 0.0418414 0.0409597 0.0399046 0.0386892 0.0373286 0.0358393 0.0342393 0.0325473 0.0307827 0.0289651 0.0271139 0.0252483 0.0233865 0.0215459 0.0197422 0.0179901 0.016302 0.014689 0.0131599 0.0117217 0.0103796 0.00913653 0.0079941 0.00695203 0.00600868 0.00516109 0.00440524 0.00373626 0.00314858 0.0026362 0.00219282 0.00181205 0.00148751 0.00121301 0.000982622 0.000790778 0.000632317 0.00050254 0.000397223 0.000312639 0.000245546 0.000193183 0.000153254 0.000123907 0.000103722 9.17064e-05 
0.000110791 0.000114426 0.000127484 0.00015069 0.000185244 0.00023286 0.000295786 0.000376825 0.00047936 0.000607365 0.000765422 0.000958714 0.00119301 0.00147465 0.00181046 0.00220767 0.00267387 0.0032168 0.00384422 0.00456373 0.00538257 0.00630735 0.00734385 0.00849676 0.0097694 0.0111635 0.0126791 0.0143141 0.0160643 0.0179233 0.0198823 0.0219302 0.0240536 0.026237 0.0284629 0.030712 0.0329634 0.0351953 0.0373847 0.0395085 0.0415433 0.0434663 0.0452552 0.046889 0.0483483 0.0496153 0.0506745 0.051513 0.0521204 0.052489 0.0526144 0.0524949 0.0521323 0.0515309 0.0506985 0.0496453 0.0483845 0.0469314 0.0453039 0.0435212 0.0416045 0.0395758 0.0374581 0.0352745 0.0330482 0.030802 0.0285577 0.026336 0.0241562 0.0220357 0.01999 0.0180324 0.016174 0.0144234 0.0127873 0.0112697 0.00987275 0.00859657 0.00743946 0.0063982 0.00546818 0.00464375 0.00391838 0.00328497 0.00273601 0.00226383 0.00186077 0.00151934 0.00123235 0.000993025 0.000795056 0.000632692 0.000500752 0.000394647 0.000310381 0.000244543 0.00019429 0.000157331 0.000131902 0.000116773 
0.00014034 0.000144955 0.000161402 0.00019058 0.000233974 0.000293702 0.000372539 0.00047394 0.000602062 0.000761784 0.000958714 0.00119918 0.00149022 0.0018395 0.00225531 0.00274637 0.00332177 0.00399077 0.00476263 0.00564632 0.00665033 0.00778237 0.00904906 0.0104557 0.0120058 0.0137012 0.0155412 0.017523 0.019641 0.0218872 0.0242505 0.0267173 0.0292714 0.0318938 0.0345635 0.0372573 0.0399505 0.0426169 0.0452295 0.047761 0.0501839 0.0524714 0.0545975 0.0565376 0.0582692 0.0597715 0.0610268 0.0620199 0.0627387 0.0631745 0.0633222 0.0631798 0.0627493 0.0620359 0.0610483 0.0597987 0.0583022 0.0565766 0.0546426 0.0525229 0.0502419 0.0478255 0.0453005 0.0426944 0.0400343 0.0373472 0.0346592 0.0319948 0.0293771 0.0268271 0.0243635 0.0220027 0.0197581 0.0176406 0.0156584 0.0138171 0.0121195 0.0105662 0.00915558 0.0078842 0.00674685 0.00573703 0.00484716 0.00406887 0.0033933 0.00281131 0.00231376 0.00189164 0.0015363 0.00123953 0.000993689 0.00079178 0.00062748 0.000495179 0.000389981 0.000307697 0.000244834 0.000198568 0.000166725 0.000147788 
0.000176619 0.000182438 0.000203017 0.000239462 0.0002936 0.000368032 0.000466158 0.000592207 0.000751257 0.000949253 0.00119301 0.00149022 0.00184936 0.00227972 0.00279121 0.0033943 0.00409982 0.00491877 0.00586206 0.00694022 0.00816315 0.0095397 0.0110774 0.0127821 0.0146577 0.0167055 0.0189243 0.0213103 0.0238561 0.0265516 0.0293833 0.0323344 0.0353852 0.0385131 0.0416928 0.0448969 0.0480959 0.0512591 0.0543548 0.0573509 0.0602154 0.0629171 0.0654258 0.0677133 0.0697531 0.0715218 0.0729987 0.0741663 0.075011 0.0755226 0.0756953 0.075527 0.0750197 0.0741795 0.0730166 0.0715447 0.0697813 0.0677469 0.0654654 0.0629629 0.0602677 0.0574099 0.0544208 0.0513322 0.0481761 0.0449842 0.0417869 0.0386137 0.0354917 0.0324463 0.0294998 0.0266719 0.0239791 0.0214351 0.0190498 0.0168305 0.0147812 0.0129032 0.0111949 0.00965275 0.00827098 0.00704217 0.0059576 0.00500751 0.00418152 0.00346884 0.00285861 0.0023401 0.00190296 0.00153733 0.00123401 0.000984537 0.000781255 0.000617351 0.000486864 0.000384687 0.000306553 0.000249007 0.000209388 0.000185836 
0.000220799 0.000228083 0.000253657 0.000298872 0.00036596 0.000458091 0.000579406 0.000735042 0.000931159 0.00117495 0.00147465 0.0018395 0.00227972 0.00280638 0.00343132 0.004167 0.00502621 0.00602191 0.00716686 0.00847333 0.00995272 0.0116151 0.013469 0.0155208 0.0177743 0.0202307 0.0228878 0.0257401 0.0287787 0.0319906 0.0353593 0.0388647 0.0424828 0.0461868 0.0499467 0.0537299 0.0575021 0.0612272 0.0648682 0.068388 0.0717495 0.0749167 0.0778548 0.0805315 0.0829166 0.0849832 0.0867076 0.0880702 0.0890553 0.0896515 0.089852 0.0896545 0.0890614 0.0880796 0.0867206 0.0850001 0.0829379 0.0805576 0.0778863 0.074954 0.0717932 0.0684386 0.0649261 0.0612927 0.0575755 0.0538113 0.050036 0.0462838 0.0425872 0.0389759 0.0354767 0.0321133 0.0289057 0.0258704 0.02302 0.0203637 0.017907 0.0156518 0.0135972 0.0117393 0.010072 0.00858683 0.00727386 0.00612187 0.00511874 0.00425186 0.00350843 0.00287578 0.00234159 0.00189412 0.00152236 0.00121616 0.000966313 0.0007646 0.000603816 0.000477776 0.000381303 0.0003102 0.00026123 0.000232132 
0.000274176 0.000283229 0.00031479 0.000370504 0.000453073 0.000566337 0.000715301 0.000906163 0.00114634 0.00144448 0.00181046 0.00225531 0.00279121 0.00343132 0.00418968 0.00508094 0.00612014 0.00732241 0.00870257 0.0102748 0.012052 0.0140457 0.0162652 0.0187174 0.021406 0.0243317 0.027491 0.0308768 0.0344775 0.0382772 0.042256 0.0463894 0.0506492 0.0550032 0.0594164 0.0638505 0.0682655 0.0726194 0.0768698 0.0809736 0.0848884 0.088573 0.0919878 0.095096 0.0978633 0.100259 0.102257 0.103835 0.104975 0.105665 0.105896 0.105666 0.104978 0.10384 0.102264 0.100269 0.0978757 0.0951121 0.0920085 0.0885989 0.0849204 0.0810123 0.076916 0.0726737 0.0683283 0.0639222 0.0594972 0.0550932 0.050748 0.0464968 0.0423712 0.0383996 0.0346059 0.0310102 0.0276281 0.0244711 0.0215464 0.0188573 0.0164033 0.0141806 0.0121825 0.0103998 0.00882128 0.00743399 0.00622403 0.00517673 0.00427717 0.00351045 0.00286207 0.00231813 0.00186555 0.00149226 0.00118724 0.000940662 0.000743874 0.00058944 0.000471121 0.000383855 0.000323732 0.00028802 
0.000338162 0.000349333 0.000388017 0.000456197 0.000557127 0.000695423 0.000877092 0.00110956 0.0014017 0.00176382 0.00220767 0.00274637 0.0033943 0.004167 0.00508094 0.00615328 0.00740154 0.00884323 0.0104954 0.0123743 0.0144945 0.0168688 0.0195075 0.0224176 0.0256028 0.0290627 0.0327926 0.0367827 0.0410189 0.0454818 0.050147 0.0549855 0.0599639 0.0650444 0.0701859 0.0753442 0.0804727 0.0855235 0.0904475 0.0951959 0.0997203 0.103974 0.107912 0.111493 0.114679 0.117436 0.119733 0.121546 0.122855 0.123646 0.12391 0.123645 0.122853 0.121544 0.119732 0.117435 0.114681 0.111497 0.107919 0.103985 0.099737 0.0952191 0.0904782 0.0855625 0.0805208 0.075402 0.070254 0.065123 0.0600531 0.055085 0.0502563 0.0456003 0.0411456 0.0369164 0.0329319 0.0292064 0.0257491 0.022565 0.0196543 0.0170136 0.0146358 0.0125107 0.0106258 0.00896661 0.00751712 0.00626048 0.00517938 0.00425649 0.00347483 0.00281808 0.00227083 0.0018188 0.00144894 0.00114954 0.0009103 0.000722345 0.000578206 0.000471821 0.0003985 0.000354963 
0.000414278 0.000427961 0.00047505 0.000557918 0.000680454 0.000848168 0.00106822 0.00134944 0.00170237 0.00213922 0.00267387 0.00332177 0.00409982 0.00502621 0.00612014 0.00740154 0.00889064 0.0106076 0.0125718 0.0148016 0.0173135 0.0201215 0.0232366 0.026666 0.0304131 0.034476 0.038848 0.0435171 0.0484653 0.0536691 0.0590997 0.0647224 0.070498 0.0763826 0.0823283 0.0882843 0.0941973 0.100012 0.105674 0.111126 0.116315 0.121187 0.125694 0.129789 0.133428 0.136574 0.139195 0.141261 0.142752 0.143653 0.143953 0.14365 0.142746 0.141252 0.139184 0.136562 0.133416 0.129777 0.125685 0.121181 0.116313 0.11113 0.105685 0.100032 0.0942262 0.0883238 0.0823792 0.0764454 0.070573 0.0648097 0.0591989 0.0537798 0.0485864 0.0436476 0.0389866 0.034621 0.0305629 0.0268189 0.0233906 0.0202749 0.0174646 0.0149488 0.0127136 0.0107427 0.00901806 0.00752046 0.00622998 0.0051266 0.00419061 0.00340299 0.00274572 0.00220202 0.00175653 0.00139543 0.00110654 0.000879318 0.000704901 0.000576075 0.000487255 0.000434532 
0.000504128 0.000520772 0.000577702 0.000677739 0.000825501 0.00102752 0.00129226 0.00163018 0.00205367 0.00257712 0.0032168 0.00399077 0.00491877 0.00602191 0.00732241 0.00884323 0.0106076 0.0126384 0.0149576 0.0175859 0.0205413 0.0238393 0.0274914 0.0315048 0.035882 0.0406196 0.0457084 0.0511332 0.056872 0.0628966 0.0691726 0.0756594 0.0823112 0.0890772 0.0959024 0.102729 0.109495 0.11614 0.1226 0.128813 0.134718 0.140258 0.145376 0.15002 0.154145 0.157709 0.160674 0.163012 0.164698 0.165715 0.166053 0.165709 0.164686 0.162995 0.160653 0.157684 0.154118 0.149991 0.145347 0.14023 0.134694 0.128793 0.122587 0.116135 0.1095 0.102745 0.0959311 0.0891192 0.0823671 0.0757296 0.0692569 0.0629948 0.0569833 0.0512566 0.0458426 0.0407628 0.0360325 0.0316607 0.0276506 0.0239997 0.020701 0.0177428 0.0151101 0.0127849 0.0107467 0.00897397 0.00744391 0.00613359 0.00502031 0.00408206 0.00329792 0.00264832 0.00211531 0.0016827 0.00133617 0.00106331 0.000853656 0.000698694 0.000591813 0.000528388 
0.000609384 0.000629486 0.000697848 0.000817801 0.000994788 0.0012365 0.00155289 0.0019562 0.00246098 0.003084 0.00384422 0.00476263 0.00586206 0.00716686 0.00870257 0.0104954 0.0125718 0.0149576 0.0176776 0.0207544 0.0242082 0.0280552 0.0323076 0.0369722 0.0420502 0.0475362 0.0534182 0.0596769 0.0662858 0.0732113 0.0804127 0.0878428 0.0954486 0.103172 0.110949 0.118715 0.126401 0.133937 0.141254 0.14828 0.154951 0.1612 0.166967 0.172196 0.176836 0.18084 0.18417 0.186794 0.188685 0.189825 0.190203 0.189816 0.188667 0.186768 0.184137 0.1808 0.176791 0.172147 0.166916 0.161149 0.154901 0.148234 0.141213 0.133905 0.126378 0.118704 0.110951 0.103188 0.0954803 0.0878907 0.0804771 0.0732922 0.0663826 0.0597887 0.0535437 0.0476739 0.042198 0.0371281 0.0324693 0.0282205 0.0243746 0.0209198 0.0178398 0.0151148 0.0127223 0.0106379 0.00883582 0.00729009 0.00597472 0.00486444 0.00393512 0.00316413 0.00253062 0.00201577 0.00160284 0.00127733 0.00102699 0.000841818 0.000714052 0.000638255 
0.00073175 0.000755859 0.000837399 0.000980275 0.00119086 0.00147814 0.00185374 0.00233193 0.0029296 0.00366623 0.00456373 0.00564632 0.00694022 0.00847333 0.0102748 0.0123743 0.0148016 0.0175859 0.0207544 0.0243324 0.0283413 0.0327986 0.0377165 0.0431011 0.048952 0.0552613 0.0620132 0.0691841 0.0767422 0.0846477 0.092853 0.101303 0.109938 0.118691 0.12749 0.136261 0.144928 0.153412 0.161636 0.169524 0.177002 0.183999 0.190449 0.19629 0.201468 0.205934 0.209645 0.212566 0.214671 0.215939 0.216359 0.215927 0.214647 0.212531 0.209598 0.205878 0.201404 0.196219 0.190373 0.183921 0.176923 0.169448 0.161564 0.153347 0.144872 0.136217 0.127459 0.118676 0.10994 0.101324 0.0928922 0.0847061 0.0768195 0.0692796 0.0621256 0.0553891 0.0490933 0.0432536 0.0378778 0.0329661 0.0285124 0.0245045 0.0209251 0.0177529 0.0149629 0.0125281 0.0104196 0.00860818 0.00706424 0.005759 0.00466483 0.00375575 0.00300774 0.002399 0.00191017 0.00152441 0.00122744 0.00100761 0.000855881 0.000765887 
0.000872924 0.000901641 0.000998254 0.00116731 0.00141622 0.00175543 0.0021984 0.00276165 0.00346468 0.00432992 0.00538257 0.00665033 0.00816315 0.00995272 0.012052 0.0144945 0.0173135 0.0205413 0.0242082 0.0283413 0.0329638 0.0380939 0.0437436 0.0499178 0.056614 0.0638211 0.0715192 0.0796794 0.0882639 0.0972258 0.10651 0.116054 0.125788 0.135637 0.145521 0.155356 0.165058 0.174541 0.183719 0.192508 0.200829 0.208604 0.215763 0.22224 0.227976 0.232918 0.237022 0.24025 0.242575 0.243975 0.244438 0.243959 0.242544 0.240204 0.236961 0.232845 0.227891 0.222146 0.215662 0.208497 0.200719 0.192398 0.183612 0.17444 0.164966 0.155275 0.145454 0.135586 0.125756 0.116042 0.106519 0.0972563 0.0883163 0.0797533 0.0716136 0.0639345 0.0567445 0.0500631 0.043901 0.0382607 0.0331371 0.028518 0.0243856 0.0207168 0.0174846 0.014659 0.0122082 0.0100991 0.00829859 0.00677409 0.00549419 0.00442923 0.00355172 0.00283664 0.00226171 0.00180749 0.00145749 0.00119822 0.00101919 0.000913033 
0.00103456 0.00106853 0.00118225 0.00138098 0.00167328 0.00207119 0.00259023 0.00324936 0.00407098 0.00508073 0.00630735 0.00778237 0.0095397 0.0116151 0.0140457 0.0168688 0.0201215 0.0238393 0.0280552 0.0327986 0.0380939 0.0439597 0.0504074 0.0574405 0.0650534 0.0732315 0.0819498 0.0911736 0.100858 0.110949 0.121382 0.132087 0.142985 0.153991 0.165015 0.175967 0.18675 0.197273 0.20744 0.217163 0.226354 0.234931 0.242819 0.249946 0.256252 0.26168 0.266184 0.269726 0.272274 0.273808 0.274314 0.273788 0.272236 0.269669 0.26611 0.26159 0.256147 0.249828 0.24269 0.234794 0.226212 0.217018 0.207296 0.197133 0.186618 0.175845 0.164907 0.153899 0.142913 0.132037 0.121355 0.110946 0.10088 0.0912208 0.0820212 0.0733257 0.0651686 0.0575743 0.0505572 0.0441224 0.0382664 0.0329775 0.0282374 0.0240216 0.0203011 0.0170432 0.0142126 0.0117727 0.00968647 0.00791728 0.00642969 0.0051901 0.00416726 0.00333265 0.00266079 0.00212939 0.00171954 0.00141571 0.00120582 0.00108139 
0.00121821 0.00125813 0.00139112 0.00162322 0.00196426 0.00242804 0.00303229 0.00379871 0.00475276 0.00592363 0.00734385 0.00904906 0.0110774 0.013469 0.0162652 0.0195075 0.0232366 0.0274914 0.0323076 0.0377165 0.0437436 0.0504074 0.0577184 0.0656779 0.074277 0.0834963 0.0933053 0.103663 0.114516 0.125802 0.137449 0.149375 0.161493 0.173707 0.185919 0.198028 0.209931 0.221525 0.232709 0.243387 0.253467 0.26286 0.271486 0.279272 0.286153 0.292071 0.296978 0.300833 0.303606 0.305274 0.305824 0.305251 0.303561 0.300766 0.29689 0.291964 0.286027 0.27913 0.27133 0.262692 0.25329 0.243206 0.232526 0.221343 0.209755 0.197862 0.185766 0.173571 0.161377 0.149282 0.137381 0.125761 0.114503 0.103678 0.0933485 0.0835663 0.0743721 0.0657959 0.0578565 0.0505624 0.043912 0.0378947 0.0324921 0.0276786 0.0234232 0.0196905 0.016442 0.0136372 0.0112352 0.00919503 0.00747697 0.00604324 0.00485855 0.00389059 0.00311041 0.00249267 0.00201577 0.00166197 0.00141747 0.00127255 
0.00142529 0.00147188 0.0016264 0.00189575 0.00229112 0.00282823 0.00352725 0.00441276 0.00551361 0.00686272 0.00849676 0.0104557 0.0127821 0.0155208 0.0187174 0.0224176 0.026666 0.0315048 0.0369722 0.0431011 0.0499178 0.0574405 0.0656779 0.0746285 0.0842795 0.0946061 0.105571 0.117127 0.129211 0.141751 0.154667 0.167866 0.18125 0.194715 0.208152 0.22145 0.234497 0.247183 0.259401 0.271046 0.282021 0.292234 0.301601 0.310046 0.3175 0.323905 0.329211 0.333377 0.336372 0.338172 0.338765 0.338146 0.33632 0.3333 0.32911 0.32378 0.317354 0.30988 0.301418 0.292036 0.281811 0.270828 0.259177 0.246959 0.234277 0.221237 0.207952 0.194531 0.181087 0.167726 0.154554 0.141667 0.129157 0.117105 0.105581 0.0946469 0.0843498 0.0747261 0.0658 0.0575838 0.0500787 0.0432757 0.0371564 0.0316948 0.0268579 0.0226079 0.018903 0.0156989 0.0129505 0.0106125 0.00864058 0.00699264 0.00562905 0.00451344 0.00361317 0.00289955 0.00234811 0.00193872 0.00165569 0.00148795 
0.00165698 0.00171101 0.0018894 0.0022 0.00265549 0.00327362 0.00407719 0.00509391 0.00635622 0.00790105 0.0097694 0.0120058 0.0146577 0.0177743 0.021406 0.0256028 0.0304131 0.035882 0.0420502 0.048952 0.056614 0.0650534 0.074277 0.0842795 0.0950434 0.106538 0.118719 0.131528 0.144897 0.158743 0.172974 0.187487 0.202174 0.21692 0.231606 0.246113 0.260318 0.274106 0.287361 0.299973 0.311841 0.322868 0.332967 0.34206 0.350078 0.356961 0.362657 0.367127 0.370338 0.372268 0.372903 0.372239 0.37028 0.367041 0.362544 0.356821 0.349913 0.341872 0.332758 0.32264 0.311598 0.299718 0.287098 0.273839 0.260053 0.245853 0.231357 0.216686 0.20196 0.187297 0.172811 0.158612 0.144799 0.131465 0.11869 0.106545 0.0950841 0.0843521 0.0743788 0.0651812 0.0567638 0.0491196 0.0422313 0.0360722 0.0306082 0.0257988 0.0215992 0.0179614 0.0148359 0.012173 0.00992372 0.00804122 0.00648137 0.00520354 0.00417109 0.00335181 0.00271814 0.00224736 0.00192175 0.00172881 
0.00191422 0.00197646 0.00218113 0.00253706 0.00305853 0.00376551 0.00468356 0.00584373 0.00728227 0.00904035 0.0111635 0.0137012 0.0167055 0.0202307 0.0243317 0.0290627 0.034476 0.0406196 0.0475362 0.0552613 0.0638211 0.0732315 0.0834963 0.0946061 0.106538 0.119254 0.132701 0.146814 0.161513 0.176704 0.192285 0.208143 0.224157 0.240203 0.256151 0.271872 0.287238 0.302123 0.316407 0.329975 0.34272 0.354545 0.365359 0.375082 0.383646 0.390989 0.397062 0.401823 0.405242 0.407295 0.407971 0.407264 0.405179 0.40173 0.396938 0.390836 0.383464 0.374874 0.365126 0.35429 0.342446 0.329685 0.316105 0.301815 0.286927 0.271564 0.255851 0.239917 0.22389 0.2079 0.192071 0.176522 0.161366 0.146705 0.13263 0.119222 0.106544 0.0946493 0.0835735 0.0733395 0.0639559 0.0554185 0.0477111 0.0408074 0.034672 0.0292625 0.0245309 0.0204256 0.0168928 0.0138781 0.011328 0.00919058 0.00741708 0.00596234 0.00478555 0.00385071 0.00312699 0.00258894 0.00221664 0.00199607 
0.00219762 0.00226886 0.00250222 0.00290758 0.00350093 0.00430456 0.005347 0.0066628 0.00829224 0.0102809 0.0126791 0.0155412 0.0189243 0.0228878 0.027491 0.0327926 0.038848 0.0457084 0.0534182 0.0620132 0.0715192 0.0819498 0.0933053 0.105571 0.118719 0.132701 0.147458 0.162913 0.178976 0.195542 0.212497 0.229717 0.24707 0.26442 0.28163 0.29856 0.315074 0.33104 0.346333 0.360833 0.37443 0.387025 0.398526 0.408853 0.417937 0.425718 0.432147 0.437184 0.440798 0.442969 0.443683 0.442936 0.440732 0.437084 0.432015 0.425554 0.417742 0.408628 0.398273 0.386746 0.374129 0.360511 0.345996 0.330692 0.31472 0.298205 0.281281 0.264083 0.24675 0.22942 0.212228 0.195306 0.178777 0.162754 0.147341 0.132627 0.118687 0.105581 0.0933538 0.0820341 0.0716353 0.0621566 0.0535838 0.0458912 0.0390427 0.0329941 0.0276947 0.0230892 0.0191197 0.0157272 0.0128532 0.0104409 0.00843654 0.00679034 0.0054571 0.00439685 0.00357529 0.00296407 0.00254097 0.00229032 
0.00250738 0.00258841 0.00285285 0.0033117 0.00398274 0.00489073 0.00606728 0.00755064 0.00938526 0.0116213 0.0143141 0.017523 0.0213103 0.0257401 0.0308768 0.0367827 0.0435171 0.0511332 0.0596769 0.0691841 0.0796794 0.0911736 0.103663 0.117127 0.131528 0.146814 0.162913 0.179739 0.197188 0.215146 0.233487 0.252074 0.270764 0.289412 0.307869 0.325988 0.343626 0.360644 0.376913 0.39231 0.406723 0.42005 0.432202 0.443097 0.452669 0.460859 0.467619 0.472911 0.476707 0.478985 0.479734 0.47895 0.476637 0.472807 0.467481 0.460687 0.452463 0.442859 0.431932 0.419752 0.406397 0.391961 0.376544 0.36026 0.343231 0.325589 0.307472 0.289023 0.270391 0.251721 0.233162 0.214855 0.196935 0.179527 0.162746 0.146693 0.131454 0.117098 0.103678 0.0912303 0.0797731 0.0693102 0.0598301 0.051308 0.0437078 0.0369839 0.031083 0.0259466 0.0215125 0.0177172 0.0144972 0.0117906 0.00953877 0.00768696 0.00618543 0.00499011 0.00406305 0.00337286 0.00289489 0.00261178 
0.0028433 0.00293488 0.00323272 0.003749 0.00450336 0.00552314 0.00684318 0.00850552 0.010559 0.0130585 0.0160643 0.019641 0.0238561 0.0287787 0.0344775 0.0410189 0.0484653 0.056872 0.0662858 0.0767422 0.0882639 0.100858 0.114516 0.129211 0.144897 0.161513 0.178976 0.197188 0.216036 0.235391 0.255116 0.275061 0.295074 0.314998 0.334676 0.353952 0.372676 0.390706 0.407907 0.424155 0.439337 0.45335 0.466107 0.477529 0.487549 0.496112 0.503174 0.508698 0.512657 0.515033 0.515815 0.514998 0.512587 0.508592 0.503033 0.495936 0.487337 0.477282 0.465826 0.453037 0.438992 0.423783 0.407511 0.39029 0.372245 0.353512 0.334234 0.314561 0.294649 0.274655 0.254735 0.235043 0.215726 0.196922 0.178756 0.161343 0.144778 0.129141 0.114495 0.100884 0.0883317 0.0768477 0.0664234 0.057036 0.0486496 0.0412176 0.0346845 0.0289887 0.024064 0.0198425 0.0162556 0.0132365 0.0107213 0.00865039 0.00696925 0.00562955 0.00458961 0.00381484 0.00327809 0.00296018 
0.00320467 0.00330754 0.003641 0.00421844 0.00506146 0.00620005 0.00767239 0.00952447 0.0118095 0.0145873 0.0179233 0.0218872 0.0265516 0.0319906 0.0382772 0.0454818 0.0536691 0.0628966 0.0732113 0.0846477 0.0972258 0.110949 0.125802 0.141751 0.158743 0.176704 0.195542 0.215146 0.235391 0.256136 0.27723 0.298514 0.319822 0.340989 0.361847 0.382235 0.401998 0.420987 0.439066 0.456109 0.472003 0.486649 0.499958 0.511857 0.52228 0.531178 0.538508 0.544237 0.548341 0.550803 0.551614 0.550769 0.548272 0.544132 0.538367 0.531001 0.522067 0.511606 0.499671 0.486326 0.471646 0.45572 0.438648 0.420544 0.401535 0.38176 0.361364 0.340506 0.319348 0.298055 0.276796 0.255733 0.235025 0.214824 0.195269 0.176483 0.158575 0.141638 0.125742 0.11094 0.0972645 0.0847293 0.0733304 0.0630471 0.0538446 0.0456756 0.0384831 0.0322024 0.0267638 0.0220947 0.018122 0.0147735 0.0119803 0.00967756 0.00780617 0.00631337 0.00515358 0.00428894 0.00368969 0.00333478 
0.00359026 0.00370511 0.00407624 0.00471832 0.00565492 0.00691879 0.00855152 0.0106031 0.0131313 0.0162009 0.0198823 0.0242505 0.0293833 0.0353593 0.042256 0.050147 0.0590997 0.0691726 0.0804127 0.092853 0.10651 0.121382 0.137449 0.154667 0.172974 0.192285 0.212497 0.233487 0.255116 0.27723 0.299668 0.322256 0.34482 0.367183 0.389172 0.410617 0.431357 0.451244 0.470137 0.487911 0.504455 0.519671 0.533474 0.545795 0.556573 0.565762 0.573324 0.579229 0.583456 0.585992 0.586827 0.585959 0.583389 0.579127 0.573186 0.565589 0.556362 0.545546 0.533187 0.519344 0.504091 0.487511 0.469703 0.45078 0.430869 0.41011 0.388652 0.366659 0.3443 0.321748 0.29918 0.276772 0.254694 0.233109 0.212169 0.192011 0.172756 0.154507 0.137347 0.121337 0.106517 0.092908 0.0805105 0.0693069 0.0592637 0.0503338 0.0424588 0.0355713 0.0295983 0.024463 0.0200874 0.0163944 0.0133099 0.010764 0.00869273 0.00703883 0.00575279 0.00479341 0.00412823 0.0037343 
0.0039983 0.00412576 0.00453641 0.00524623 0.00628082 0.00767573 0.00947601 0.0117358 0.0145173 0.0178902 0.0219302 0.0267173 0.0323344 0.0388647 0.0463894 0.0549855 0.0647224 0.0756594 0.0878428 0.101303 0.116054 0.132087 0.149375 0.167866 0.187487 0.208143 0.229717 0.252074 0.275061 0.298514 0.322256 0.346104 0.369873 0.393376 0.416434 0.43887 0.460521 0.481234 0.50087 0.519305 0.536429 0.552148 0.566383 0.579068 0.590148 0.599582 0.607337 0.613387 0.617717 0.620313 0.621168 0.620281 0.617653 0.613291 0.607206 0.599416 0.589945 0.578825 0.566101 0.551825 0.536065 0.518901 0.500428 0.480757 0.460014 0.438338 0.415884 0.392817 0.369311 0.34555 0.321719 0.298003 0.274585 0.25164 0.229333 0.207815 0.187218 0.167658 0.149229 0.132002 0.116026 0.101329 0.0879168 0.0757751 0.0648728 0.0551633 0.0465872 0.0390752 0.0325509 0.0269336 0.0221407 0.0180903 0.0147031 0.011904 0.00962431 0.00780224 0.00638429 0.00532581 0.00459164 0.00415687 
0.00442645 0.00456706 0.00501884 0.00579907 0.00693542 0.00846626 0.0104402 0.0129153 0.0159585 0.0196444 0.0240536 0.0292714 0.0353852 0.0424828 0.0506492 0.0599639 0.070498 0.0823112 0.0954486 0.109938 0.125788 0.142985 0.161493 0.18125 0.202174 0.224157 0.24707 0.270764 0.295074 0.319822 0.34482 0.369873 0.394785 0.419363 0.443419 0.466774 0.48926 0.510723 0.531025 0.550045 0.567676 0.583828 0.598428 0.611416 0.622744 0.632376 0.640284 0.646449 0.650857 0.6535 0.654372 0.653471 0.6508 0.646361 0.640164 0.632221 0.622553 0.611186 0.598157 0.583514 0.567318 0.549644 0.530582 0.51024 0.488741 0.466224 0.442846 0.418774 0.394188 0.369278 0.344237 0.319262 0.294546 0.270277 0.246632 0.223775 0.201854 0.180994 0.161301 0.142859 0.125724 0.109933 0.0954967 0.0824062 0.0706327 0.0601306 0.0508401 0.0426902 0.0356017 0.0294901 0.0242686 0.0198503 0.0161508 0.0130904 0.0105951 0.00859896 0.00704427 0.00588301 0.00507722 0.00460006 
0.00487182 0.00502603 0.00552024 0.00637303 0.00761418 0.00928485 0.0114371 0.0141333 0.0174447 0.0214507 0.026237 0.0318938 0.0385131 0.0461868 0.0550032 0.0650444 0.0763826 0.0890772 0.103172 0.118691 0.135637 0.153991 0.173707 0.194715 0.21692 0.240203 0.26442 0.289412 0.314998 0.340989 0.367183 0.393376 0.419363 0.444943 0.469921 0.494114 0.517354 0.539486 0.560374 0.5799 0.597961 0.614475 0.629373 0.642603 0.654124 0.663906 0.671928 0.678176 0.682641 0.685317 0.686201 0.685292 0.682591 0.678099 0.671821 0.663767 0.65395 0.642391 0.629119 0.614177 0.597617 0.579509 0.559937 0.539004 0.51683 0.493553 0.46933 0.444329 0.418736 0.392746 0.366559 0.340383 0.314421 0.288874 0.26393 0.239768 0.216548 0.194409 0.173469 0.153822 0.135535 0.118652 0.103192 0.0891496 0.0764997 0.0651983 0.0551857 0.0463896 0.0387282 0.0321139 0.0264554 0.0216615 0.0176428 0.0143146 0.0115983 0.00942339 0.00772815 0.00646115 0.00558167 0.00506087 
0.00533095 0.0054991 0.0060367 0.00696364 0.00831176 0.010125 0.012459 0.01538 0.0189639 0.0232947 0.0284629 0.0345635 0.0416928 0.0499467 0.0594164 0.0701859 0.0823283 0.0959024 0.110949 0.12749 0.145521 0.165015 0.185919 0.208152 0.231606 0.256151 0.28163 0.307869 0.334676 0.361847 0.389172 0.416434 0.443419 0.469921 0.495739 0.520688 0.544598 0.567315 0.588707 0.608659 0.627075 0.643878 0.659008 0.672419 0.684079 0.693964 0.702062 0.708362 0.712862 0.715558 0.71645 0.715538 0.71282 0.708298 0.701972 0.693845 0.683926 0.672229 0.658777 0.643602 0.62675 0.608285 0.588282 0.566841 0.544076 0.520123 0.495137 0.46929 0.442768 0.415772 0.388512 0.3612 0.334053 0.307282 0.28109 0.255666 0.231184 0.207797 0.185636 0.164804 0.14538 0.127417 0.11094 0.0959507 0.0824263 0.0703254 0.0595888 0.0501434 0.0419053 0.0347837 0.0286837 0.0235095 0.0191671 0.015567 0.012626 0.010269 0.00843058 0.00705573 0.00610105 0.00553573 
0.00579989 0.00598219 0.00656376 0.00756577 0.00902212 0.0109796 0.013497 0.0166447 0.020503 0.0251603 0.030712 0.0372573 0.0448969 0.0537299 0.0638505 0.0753442 0.0882843 0.102729 0.118715 0.136261 0.155356 0.175967 0.198028 0.22145 0.246113 0.271872 0.29856 0.325988 0.353952 0.382235 0.410617 0.43887 0.466774 0.494114 0.520688 0.546307 0.570802 0.594021 0.615835 0.636134 0.65483 0.671853 0.68715 0.700685 0.712432 0.722377 0.730512 0.736837 0.74135 0.744054 0.744951 0.744039 0.741319 0.736787 0.730441 0.72228 0.712304 0.700521 0.686946 0.671604 0.654531 0.635783 0.615429 0.593561 0.570289 0.545745 0.520082 0.493472 0.466105 0.438184 0.409926 0.381552 0.353288 0.325357 0.297972 0.271338 0.245641 0.221047 0.197699 0.175712 0.155177 0.136154 0.118677 0.102752 0.088362 0.0754681 0.0640117 0.0539194 0.0451056 0.0374767 0.0309342 0.0253783 0.0207105 0.0168368 0.0136692 0.0111286 0.00914549 0.00766163 0.00663089 0.00602054 
0.00627419 0.00647074 0.00709644 0.00817376 0.00973857 0.0118403 0.0145413 0.0179156 0.0220476 0.0270303 0.0329634 0.0399505 0.0480959 0.0575021 0.0682655 0.0804727 0.0941973 0.109495 0.126401 0.144928 0.165058 0.18675 0.209931 0.234497 0.260318 0.287238 0.315074 0.343626 0.372676 0.401998 0.431357 0.460521 0.48926 0.517354 0.544598 0.570802 0.595797 0.619436 0.641593 0.662164 0.681069 0.698245 0.713649 0.727252 0.739039 0.749002 0.757142 0.763463 0.767972 0.770672 0.771569 0.770663 0.767952 0.76343 0.757091 0.748929 0.738939 0.727119 0.713476 0.698027 0.680801 0.661841 0.641212 0.618997 0.5953 0.570249 0.543995 0.516708 0.488579 0.459817 0.430642 0.401283 0.371977 0.342954 0.314443 0.286658 0.259801 0.234048 0.209557 0.186454 0.16484 0.144786 0.126332 0.109492 0.0942537 0.08058 0.0684144 0.0576832 0.0482998 0.040168 0.0331862 0.0272506 0.0222588 0.018112 0.0147183 0.011994 0.00986615 0.00827313 0.00716619 0.00651071 
0.00674903 0.00695976 0.00762933 0.00878143 0.0104539 0.0126988 0.0155816 0.01918 0.0235825 0.0288863 0.0351953 0.0426169 0.0512591 0.0612272 0.0726194 0.0855235 0.100012 0.11614 0.133937 0.153412 0.174541 0.197273 0.221525 0.247183 0.274106 0.302123 0.33104 0.360644 0.390706 0.420987 0.451244 0.481234 0.510723 0.539486 0.567315 0.594021 0.619436 0.643416 0.66584 0.686613 0.70566 0.722929 0.738384 0.752006 0.763789 0.773733 0.781847 0.788142 0.792629 0.795316 0.79621 0.795313 0.792621 0.788126 0.781819 0.773688 0.763719 0.751906 0.738246 0.722746 0.705427 0.686323 0.66549 0.643002 0.61896 0.593484 0.566721 0.538842 0.510037 0.480517 0.450508 0.420247 0.389975 0.359936 0.330369 0.301501 0.273544 0.246691 0.221108 0.196935 0.174285 0.153235 0.133838 0.116111 0.100047 0.0856136 0.0727554 0.0613992 0.0514573 0.0428316 0.0354177 0.0291082 0.0237967 0.0193802 0.0157627 0.0128567 0.0105853 0.00888405 0.00770152 0.00700127 
0.00721924 0.00744394 0.00815664 0.00938223 0.0111604 0.0135457 0.0166067 0.0204246 0.0250917 0.0307091 0.0373847 0.0452295 0.0543548 0.0648682 0.0768698 0.0904475 0.105674 0.1226 0.141254 0.161636 0.183719 0.20744 0.232709 0.259401 0.287361 0.316407 0.346333 0.376913 0.407907 0.439066 0.470137 0.50087 0.531025 0.560374 0.588707 0.615835 0.641593 0.66584 0.688464 0.709373 0.728503 0.745809 0.761266 0.774864 0.786605 0.796499 0.804561 0.810809 0.815259 0.817925 0.818813 0.817928 0.815264 0.810812 0.804557 0.796482 0.786568 0.7748 0.761166 0.745665 0.728307 0.709119 0.688147 0.665457 0.641142 0.615318 0.588127 0.559737 0.530339 0.500146 0.469387 0.438304 0.407149 0.376173 0.345626 0.315746 0.286758 0.258867 0.232251 0.207064 0.183425 0.161426 0.141124 0.122545 0.105687 0.09052 0.0769922 0.0650305 0.0545466 0.0454409 0.0376062 0.030932 0.0253082 0.0206281 0.0167915 0.0137074 0.0112954 0.00948785 0.0082311 0.00748689 
