3.49581e-05 3.59005e-05 3.94958e-05 4.59261e-05 5.54907e-05 6.86188e-05 8.58731e-05 0.000107956 0.000135713 0.000170139 0.000212379 0.000263732 0.000325643 0.000399703 0.000487633 0.000591271 0.000712544 0.000853446 0.00101599 0.00120219 0.00141396 0.00165314 0.00192134 0.00221996 0.00255008 0.0029124 0.0033072 0.00373423 0.00419273 0.00468133 0.00519803 0.00574022 0.00630463 0.00688735 0.0074839 0.00808921 0.00869774 0.00930354 0.00990033 0.0104816 0.0110408 0.0115712 0.0120665 0.0125205 0.0129274 0.0132818 0.0135791 0.0138154 0.0139873 0.0140927 0.01413 0.0140988 0.0139994 0.0138334 0.0136029 0.0133112 0.012962 0.0125602 0.0121109 0.0116199 0.0110934 0.0105377 0.00995941 0.00936514 0.00876135 0.00815432 0.00754999 0.00695392 0.00637117 0.00580625 0.00526308 0.00474496 0.00425455 0.00379389 0.00336437 0.00296683 0.00260154 0.00226829 0.00196642 0.00169491 0.0014524 0.00123732 0.00104788 0.000882193 0.000738278 0.000614144 0.000507819 0.000417386 0.000341017 0.000276994 0.000223723 0.000179752 0.000143775 0.000114632 9.13132e-05 7.29558e-05 5.88383e-05 4.83774e-05 4.11229e-05 3.67612e-05 
3.59005e-05 3.68721e-05 4.05717e-05 4.71867e-05 5.70252e-05 7.05286e-05 8.82762e-05 0.00011099 0.000139541 0.000174951 0.000218398 0.000271216 0.000334893 0.000411062 0.000501491 0.000608067 0.00073277 0.000877644 0.00104476 0.00123616 0.00145384 0.00169965 0.00197527 0.0022821 0.00262125 0.00299343 0.00339891 0.00383743 0.0043082 0.00480979 0.00534016 0.0058966 0.00647576 0.00707362 0.00768557 0.00830643 0.0089305 0.00955169 0.0101636 0.0107594 0.0113326 0.0118763 0.0123839 0.012849 0.0132659 0.013629 0.0139336 0.0141756 0.0143517 0.0144596 0.0144977 0.0144657 0.0143638 0.0141937 0.0139575 0.0136585 0.0133007 0.0128889 0.0124285 0.0119252 0.0113855 0.0108159 0.010223 0.00961372 0.00899459 0.00837206 0.00775223 0.00714078 0.00654292 0.00596328 0.00540588 0.00487412 0.00437073 0.0038978 0.0034568 0.00304857 0.00267341 0.00233111 0.00202101 0.00174205 0.00149288 0.00127186 0.00107717 0.000906875 0.000758948 0.000631345 0.000522041 0.000429071 0.000350556 0.000284732 0.000229962 0.000184754 0.000147764 0.000117801 9.38276e-05 7.49551e-05 6.04423e-05 4.96894e-05 4.22331e-05 3.77511e-05 
3.94958e-05 4.05717e-05 4.46409e-05 5.19078e-05 6.27091e-05 7.75264e-05 9.6991e-05 0.00012189 0.00015317 0.000191943 0.00023949 0.000297258 0.000366859 0.000450061 0.000548778 0.000665046 0.000800999 0.000958836 0.00114078 0.00134903 0.00158571 0.00185279 0.00215204 0.00248497 0.00285271 0.00325599 0.00369506 0.0041696 0.00467869 0.00522078 0.0057936 0.00639422 0.00701898 0.00766354 0.00832293 0.00899155 0.00966328 0.0103316 0.0109895 0.01163 0.0122458 0.0128297 0.0133747 0.0138739 0.0143211 0.0147106 0.0150372 0.0152966 0.0154852 0.0156007 0.0156415 0.0156069 0.0154975 0.0153148 0.0150613 0.0147404 0.0143564 0.0139143 0.0134199 0.0128794 0.0122995 0.0116874 0.0110501 0.0103948 0.00972867 0.0090586 0.00839112 0.00773236 0.0070879 0.00646275 0.00586126 0.00528711 0.00474327 0.00423205 0.00375504 0.00331322 0.00290693 0.002536 0.00219975 0.00189709 0.00162656 0.00138645 0.00117482 0.000989579 0.000828573 0.000689603 0.00057049 0.000469117 0.000383456 0.000311599 0.000251777 0.000202373 0.000161929 0.000129153 0.000102917 8.2256e-05 6.63633e-05 5.4586e-05 4.64198e-05 4.15138e-05 
4.59261e-05 4.71867e-05 5.19078e-05 6.03241e-05 7.2821e-05 8.99493e-05 0.000112431 0.000141163 0.000177225 0.000221884 0.000276592 0.000342994 0.000422913 0.000518349 0.000631459 0.000764533 0.000919968 0.00110022 0.00130778 0.00154509 0.00181449 0.00211816 0.00245804 0.00283574 0.0032525 0.00370905 0.00420557 0.00474166 0.00531619 0.00592733 0.0065725 0.00724832 0.00795065 0.00867459 0.00941453 0.0101642 0.0109168 0.0116649 0.0124009 0.0131169 0.0138048 0.0144568 0.0150648 0.0156216 0.0161202 0.0165541 0.0169178 0.0172066 0.0174165 0.0175448 0.0175899 0.0175511 0.0174289 0.0172251 0.0169423 0.0165844 0.016156 0.0156628 0.0151109 0.0145075 0.0138598 0.0131757 0.012463 0.0117299 0.0109842 0.0102335 0.00948515 0.00874602 0.00802237 0.00731982 0.00664327 0.00599689 0.00538409 0.0048075 0.00426899 0.0037697 0.00331013 0.00289014 0.00250902 0.00216562 0.00185838 0.00158539 0.00134454 0.00113351 0.000949895 0.000791251 0.000655139 0.000539181 0.000441099 0.000358743 0.000290115 0.000233385 0.000186903 0.000149203 0.000119002 9.52019e-05 7.68848e-05 6.3306e-05 5.38906e-05 4.82382e-05 
5.54907e-05 5.70252e-05 6.27091e-05 7.2821e-05 8.78173e-05 0.00010835 0.000135271 0.000169639 0.000212726 0.00026602 0.000331227 0.00041027 0.000505282 0.000618592 0.000752709 0.000910286 0.00109409 0.00130697 0.00155175 0.00183124 0.00214809 0.00250478 0.00290346 0.00334592 0.00383348 0.00436689 0.00494627 0.005571 0.00623971 0.00695016 0.00769926 0.00848304 0.00929664 0.0101343 0.0109897 0.0118553 0.0127235 0.0135857 0.0144333 0.0152571 0.0160479 0.0167969 0.0174949 0.0181337 0.0187054 0.0192027 0.0196192 0.0199497 0.0201899 0.0203365 0.0203877 0.0203428 0.0202025 0.0199686 0.0196441 0.0192335 0.0187419 0.0181757 0.0175421 0.0168488 0.0161044 0.0153176 0.0144974 0.013653 0.0127935 0.0119275 0.0110634 0.0102092 0.00937204 0.00855846 0.00777417 0.00702404 0.00631209 0.00564144 0.00501434 0.00443224 0.00389579 0.00340493 0.00295896 0.00255663 0.0021962 0.00187556 0.00159231 0.00134381 0.00112733 0.000940052 0.00077917 0.000641941 0.000525724 0.000428022 0.00034651 0.000279053 0.00022372 0.000178793 0.000142768 0.000114354 9.24708e-05 7.62406e-05 6.4986e-05 5.82348e-05 
6.86188e-05 7.05286e-05 7.75264e-05 8.99493e-05 0.00010835 0.000133515 0.000166472 0.000208497 0.000261119 0.000326121 0.000405548 0.000501696 0.000617107 0.000754551 0.000916999 0.00110759 0.00132958 0.0015863 0.00188107 0.00221714 0.00259758 0.00302522 0.00350252 0.00403146 0.00461349 0.00524935 0.00593904 0.0066817 0.00747555 0.00831784 0.00920479 0.0101316 0.0110925 0.0120807 0.0130885 0.0141074 0.0151281 0.0161408 0.0171353 0.018101 0.0190274 0.0199038 0.0207202 0.0214668 0.0221344 0.0227148 0.0232008 0.0235861 0.0238659 0.0240365 0.0240957 0.0240429 0.0238786 0.0236052 0.023226 0.0227461 0.0221716 0.0215096 0.0207684 0.0199571 0.0190853 0.0181633 0.0172016 0.0162106 0.0152009 0.0141827 0.0131659 0.0121595 0.0111723 0.0102117 0.00928467 0.00839696 0.00755339 0.00675777 0.00601287 0.00532052 0.00468163 0.00409626 0.00356372 0.00308262 0.00265105 0.00226659 0.00192649 0.00162772 0.00136708 0.00114129 0.000947063 0.000781168 0.000640487 0.000522064 0.000423136 0.000341163 0.000273842 0.000219119 0.000175192 0.000140513 0.000113783 9.39488e-05 8.01932e-05 7.19483e-05 
8.58731e-05 8.82762e-05 9.6991e-05 0.000112431 0.000135271 0.000166472 0.000207289 0.000259273 0.000324283 0.000404483 0.000502347 0.00062065 0.000762451 0.00093108 0.00113009 0.00136324 0.0016344 0.0019475 0.00230648 0.00271514 0.00317707 0.00369553 0.00427334 0.00491272 0.00561523 0.00638161 0.00721167 0.00810421 0.00905694 0.0100664 0.011128 0.0122359 0.013383 0.0145612 0.0157614 0.0169734 0.0181862 0.0193883 0.0205675 0.0217116 0.022808 0.0238446 0.0248093 0.0256909 0.0264788 0.0271633 0.0277361 0.0281899 0.0285192 0.0287198 0.028789 0.0287262 0.028532 0.0282091 0.0277615 0.0271948 0.0265163 0.0257342 0.0248582 0.0238988 0.0228673 0.0217755 0.0206358 0.0194605 0.0182619 0.0170521 0.0158426 0.0146443 0.0134674 0.0123211 0.0112134 0.0101515 0.009141 0.00818675 0.00729216 0.00645957 0.00569023 0.00498436 0.0043413 0.00375956 0.00323697 0.00277078 0.00235779 0.00199448 0.0016771 0.00140176 0.00116459 0.000961729 0.000789467 0.000644264 0.000522805 0.000422033 0.00033917 0.000271734 0.000217544 0.000174721 0.000141687 0.000117162 0.000100151 8.99617e-05 
0.000107956 0.00011099 0.00012189 0.000141163 0.000169639 0.000208497 0.000259273 0.000323865 0.000404541 0.000503938 0.000625064 0.000771283 0.000946299 0.00115413 0.00139904 0.00168555 0.00201826 0.00240189 0.00284105 0.00334025 0.00390368 0.00453512 0.00523779 0.00601419 0.006866 0.00779388 0.00879742 0.00987497 0.0110236 0.0122389 0.0135153 0.0148455 0.0162211 0.0176322 0.0190679 0.0205161 0.0219636 0.0233967 0.0248012 0.0261625 0.027466 0.0286973 0.0298423 0.0308879 0.0318217 0.0326326 0.0333107 0.0338477 0.034237 0.0344738 0.0345552 0.0344801 0.0342497 0.0338667 0.0333359 0.032664 0.0318592 0.0309313 0.0298915 0.028752 0.0275261 0.0262277 0.0248711 0.023471 0.0220418 0.0205978 0.0191527 0.0177195 0.0163103 0.014936 0.0136065 0.0123302 0.0111143 0.00996456 0.00888525 0.00787939 0.00694867 0.00609356 0.00531346 0.00460675 0.003971 0.00340306 0.00289923 0.00245538 0.00206709 0.00172977 0.0014388 0.00118958 0.000977662 0.000798793 0.000648975 0.000524514 0.000422047 0.000338558 0.000271395 0.00021827 0.000177256 0.000146788 0.000125653 0.000113002 
0.000135713 0.000139541 0.00015317 0.000177225 0.000212726 0.000261119 0.000324283 0.000404541 0.00050466 0.000627855 0.000777781 0.000958519 0.00117455 0.00143072 0.00173217 0.00208429 0.00249261 0.00296271 0.00350008 0.00411 0.00479737 0.00556658 0.00642128 0.00736428 0.00839736 0.00952107 0.0107347 0.0120359 0.013421 0.0148845 0.0164195 0.0180171 0.0196671 0.0213576 0.0230755 0.0248062 0.0265342 0.0282433 0.0299165 0.0315366 0.0330866 0.0345494 0.0359088 0.0371492 0.0382563 0.039217 0.0400199 0.0406554 0.0411158 0.0413955 0.0414912 0.0414017 0.0411281 0.0406738 0.0400445 0.0392477 0.038293 0.0371919 0.0359574 0.0346038 0.0331466 0.0316021 0.0299871 0.0283188 0.0266142 0.0248903 0.0231633 0.0214486 0.0197607 0.0181127 0.0165164 0.0149821 0.0135186 0.0121328 0.0108302 0.00961464 0.00848833 0.00745209 0.00650542 0.00564663 0.00487298 0.00418088 0.00356604 0.00302363 0.00254845 0.00213507 0.001778 0.00147175 0.00121098 0.00099059 0.00080575 0.000652 0.000525263 0.000421881 0.000338625 0.000272706 0.000221776 0.000183921 0.000157655 0.000141944 
0.000170139 0.000174951 0.000191943 0.000221884 0.00026602 0.000326121 0.000404483 0.000503938 0.000627855 0.00078014 0.000965223 0.00118804 0.00145401 0.00176894 0.00213901 0.00257067 0.00307049 0.0036451 0.00430096 0.00504428 0.00588076 0.00681543 0.00785247 0.00899497 0.0102448 0.0116023 0.0130662 0.0146336 0.0162998 0.0180579 0.0198992 0.0218132 0.0237874 0.0258076 0.0278579 0.0299211 0.0319788 0.0340118 0.0360001 0.0379235 0.0397618 0.0414954 0.0431051 0.0445729 0.045882 0.0470173 0.0479656 0.0487158 0.0492589 0.0495885 0.0497008 0.0495943 0.0492705 0.0487332 0.0479889 0.0470465 0.0459171 0.0446139 0.0431521 0.0415483 0.0398206 0.0379879 0.0360702 0.0340873 0.0320595 0.0300065 0.0279477 0.0259013 0.0238845 0.0219131 0.0200013 0.0181613 0.016404 0.0147378 0.0131696 0.0117041 0.0103444 0.00909167 0.00794566 0.00690457 0.00596538 0.00512401 0.00437551 0.00371427 0.00313418 0.00262884 0.00219173 0.00181632 0.00149624 0.00122535 0.000997871 0.000808414 0.000652055 0.000524362 0.000421418 0.000339835 0.000276752 0.000229837 0.00019728 0.000177816 
0.000212379 0.000218398 0.00023949 0.000276592 0.000331227 0.000405548 0.000502347 0.000625064 0.000777781 0.000965223 0.00119274 0.00146628 0.00179233 0.00217788 0.00263029 0.00315723 0.0037665 0.0044659 0.00526306 0.00616517 0.00717884 0.00830985 0.00956288 0.0109413 0.012447 0.0140801 0.0158386 0.0177189 0.0197147 0.0218177 0.0240174 0.0263008 0.0286529 0.0310568 0.0334935 0.0359428 0.0383827 0.0407906 0.0431431 0.0454167 0.0475878 0.0496334 0.0515313 0.0532606 0.0548019 0.0561379 0.0572531 0.0581349 0.0587728 0.0591597 0.0592908 0.0591649 0.0587833 0.0581507 0.0572744 0.0561646 0.0548343 0.0532987 0.0515752 0.0496833 0.0476437 0.0454786 0.043211 0.0408644 0.0384622 0.0360278 0.0335838 0.0311519 0.0287523 0.0264039 0.0241235 0.0219263 0.0198248 0.0178298 0.0159495 0.01419 0.0125553 0.0110471 0.00966544 0.00840851 0.00727303 0.00625438 0.0053469 0.00454408 0.00383881 0.00322357 0.00269067 0.00223237 0.00184109 0.00150951 0.0012307 0.000998206 0.000806096 0.000649028 0.000522269 0.000421717 0.000343906 0.000286005 0.000245816 0.000221802 
0.000263732 0.000271216 0.000297258 0.000342994 0.00041027 0.000501696 0.00062065 0.000771283 0.000958519 0.00118804 0.00146628 0.00180035 0.00219801 0.00266757 0.00321779 0.00385773 0.0045966 0.00544354 0.00640742 0.00749661 0.00871871 0.0100802 0.0115864 0.0132409 0.0150455 0.0169999 0.0191015 0.0213452 0.0237234 0.0262259 0.0288398 0.0315496 0.0343373 0.0371827 0.0400633 0.0429553 0.0458329 0.0486697 0.0514384 0.0541115 0.0566617 0.0590624 0.061288 0.0633144 0.0651193 0.0666827 0.0679872 0.0690179 0.0697633 0.0702148 0.0703673 0.0702192 0.0697722 0.0690314 0.0680054 0.0667059 0.0651475 0.0633479 0.0613271 0.0591074 0.0567127 0.0541687 0.051502 0.0487397 0.0459093 0.0430379 0.0401521 0.0372771 0.0344371 0.0316542 0.0289487 0.0263382 0.0238384 0.0214619 0.0192191 0.0171175 0.0151621 0.0133557 0.0116984 0.0101886 0.00882279 0.00759576 0.0065011 0.00553133 0.0046782 0.00393296 0.00328656 0.00272989 0.00225399 0.00185017 0.00151019 0.00122632 0.000991482 0.00079926 0.000643968 0.000520666 0.000425175 0.000354078 0.000304719 0.000275241 
0.000325643 0.000334893 0.000366859 0.000422913 0.000505282 0.000617107 0.000762451 0.000946299 0.00117455 0.00145401 0.00179233 0.00219801 0.00268024 0.00324888 0.00391426 0.00468702 0.00557795 0.0065977 0.00775655 0.00906412 0.0105291 0.0121587 0.0139589 0.0159333 0.0180837 0.0204091 0.022906 0.0255679 0.0283854 0.0313459 0.0344338 0.0376307 0.0409151 0.044263 0.0476483 0.0510427 0.0544163 0.0577383 0.060977 0.0641008 0.0670782 0.0698785 0.0724725 0.0748325 0.0769332 0.0787517 0.080268 0.0814656 0.0823311 0.0828549 0.0830313 0.0828583 0.0823378 0.0814759 0.0802821 0.0787698 0.0769557 0.0748598 0.0725049 0.0699165 0.067122 0.064151 0.0610338 0.0578019 0.0544869 0.0511203 0.0477329 0.0443545 0.041013 0.0377347 0.0345433 0.0314601 0.0285035 0.0256891 0.0230292 0.0205333 0.0182079 0.0160565 0.0140799 0.0122767 0.0106431 0.00917343 0.00786043 0.00669559 0.00566941 0.00477175 0.00399207 0.00331971 0.00274413 0.00225509 0.00184282 0.00149817 0.0012127 0.000978774 0.00078959 0.000639237 0.000522705 0.000435893 0.00037561 0.000339625 
0.000399703 0.000411062 0.000450061 0.000518349 0.000618592 0.000754551 0.00093108 0.00115413 0.00143072 0.00176894 0.00217788 0.00266757 0.00324888 0.0039334 0.00473322 0.00566079 0.00672864 0.0079491 0.00933399 0.0108943 0.0126397 0.0145786 0.016717 0.0190589 0.0216057 0.0243557 0.0273042 0.0304428 0.0337601 0.0372407 0.040866 0.044614 0.0484594 0.052374 0.0563271 0.0602859 0.0642158 0.0680811 0.0718455 0.0754724 0.078926 0.0821714 0.085175 0.0879057 0.0903346 0.092436 0.0941872 0.0955695 0.0965679 0.0971717 0.0973744 0.0971737 0.0965719 0.0955757 0.094196 0.0924477 0.0903497 0.0879247 0.0851985 0.0821999 0.0789602 0.0755127 0.0718925 0.0681353 0.0642776 0.0603555 0.0564046 0.0524594 0.0485526 0.0447146 0.0409735 0.0373545 0.0338793 0.0305665 0.0274314 0.0244853 0.0217365 0.0191897 0.0168465 0.0147058 0.0127636 0.0110138 0.00944823 0.00805738 0.00683037 0.00575551 0.00482063 0.00401333 0.0033213 0.00273253 0.00223555 0.00181957 0.0014746 0.00119159 0.000962471 0.00078021 0.000638836 0.000533458 0.000460265 0.000416592 
0.000487633 0.000501491 0.000548778 0.000631459 0.000752709 0.000916999 0.00113009 0.00139904 0.00173217 0.00213901 0.00263029 0.00321779 0.00391426 0.00473322 0.00568877 0.00679534 0.0080674 0.00951909 0.0111639 0.0130143 0.0150811 0.0173735 0.0198979 0.0226585 0.0256559 0.0288877 0.0323474 0.0360247 0.0399056 0.0439717 0.0482007 0.0525665 0.0570396 0.0615871 0.0661732 0.0707601 0.0753079 0.0797757 0.0841219 0.0883051 0.0922844 0.0960202 0.0994749 0.102613 0.105403 0.107814 0.109823 0.111408 0.112552 0.113243 0.113474 0.113243 0.112552 0.111409 0.109825 0.107818 0.105408 0.102622 0.099487 0.0960366 0.0923059 0.0883326 0.0841561 0.0798172 0.0753574 0.0708181 0.0662402 0.0616631 0.0571247 0.0526605 0.0483032 0.0440821 0.0400232 0.0361486 0.0324763 0.0290206 0.0257916 0.0227955 0.0200349 0.0175091 0.0152142 0.0131436 0.0112884 0.00963786 0.00817963 0.00690043 0.00578624 0.00482278 0.00399576 0.00329122 0.00269574 0.00219667 0.00178231 0.00144199 0.00116617 0.000946561 0.000776081 0.000648935 0.000560601 0.000507915 
0.000591271 0.000608067 0.000665046 0.000764533 0.000910286 0.00110759 0.00136324 0.00168555 0.00208429 0.00257067 0.00315723 0.00385773 0.00468702 0.00566079 0.00679534 0.00810729 0.00961322 0.0113293 0.0132707 0.0154514 0.0178835 0.0205768 0.0235383 0.0267717 0.0302773 0.034051 0.0380847 0.0423657 0.0468768 0.0515961 0.0564973 0.0615498 0.066719 0.0719668 0.0772522 0.0825315 0.0877592 0.0928888 0.0978731 0.102665 0.107219 0.11149 0.115436 0.119018 0.1222 0.124948 0.127237 0.129041 0.130343 0.131129 0.131391 0.131127 0.130339 0.129036 0.127231 0.124943 0.122194 0.119014 0.115434 0.111492 0.107225 0.102676 0.0978909 0.0929141 0.0877929 0.0825743 0.0773048 0.0720296 0.0667922 0.0616335 0.0565913 0.0516999 0.0469897 0.0424868 0.0382129 0.034185 0.0304158 0.0269133 0.0236813 0.0207198 0.018025 0.01559 0.0134051 0.0114584 0.00973601 0.00822293 0.0069032 0.0057604 0.0047781 0.00394014 0.00323098 0.00263589 0.00214121 0.00173444 0.00140444 0.00114143 0.0009371 0.00078462 0.000678658 0.000615482 
0.000712544 0.00073277 0.000800999 0.000919968 0.00109409 0.00132958 0.0016344 0.00201826 0.00249261 0.00307049 0.0037665 0.0045966 0.00557795 0.00672864 0.0080674 0.00961322 0.011385 0.0134009 0.0156781 0.018232 0.021076 0.0242206 0.0276729 0.0314364 0.0355102 0.0398887 0.0445617 0.0495135 0.0547234 0.0601654 0.0658086 0.0716175 0.0775519 0.083568 0.0896188 0.0956545 0.101624 0.107473 0.11315 0.118603 0.123778 0.128628 0.133104 0.137164 0.140768 0.143879 0.146467 0.148507 0.149978 0.150866 0.151161 0.150862 0.14997 0.148496 0.146453 0.143862 0.140749 0.137145 0.133086 0.128612 0.123766 0.118595 0.113148 0.107479 0.101637 0.095678 0.0896529 0.0836135 0.0776092 0.0716869 0.0658901 0.0602587 0.0548279 0.0496284 0.044686 0.0400211 0.0356491 0.0315803 0.0278201 0.0243694 0.0212248 0.018379 0.0158218 0.0135399 0.0115181 0.00973942 0.00818579 0.00683857 0.00567897 0.00468843 0.00384903 0.00314377 0.00255678 0.00207357 0.00168113 0.00136807 0.00112466 0.000942907 0.000816572 0.000741276 
0.000853446 0.000877644 0.000958836 0.00110022 0.00130697 0.0015863 0.0019475 0.00240189 0.00296271 0.0036451 0.0044659 0.00544354 0.0065977 0.0079491 0.00951909 0.0113293 0.0134009 0.0157544 0.0184089 0.0213815 0.0246864 0.0283349 0.0323342 0.036687 0.0413913 0.0464395 0.0518186 0.0575097 0.0634879 0.0697229 0.0761785 0.0828134 0.0895817 0.0964332 0.103314 0.110169 0.116939 0.123565 0.129987 0.136148 0.141991 0.147459 0.152502 0.157072 0.161125 0.164622 0.16753 0.16982 0.171471 0.172466 0.172797 0.172459 0.171457 0.169801 0.167505 0.164593 0.161092 0.157037 0.152466 0.147423 0.141956 0.136118 0.129962 0.123546 0.116929 0.110169 0.103326 0.0964569 0.0896186 0.0828641 0.0762432 0.0698016 0.0635801 0.0576147 0.0519355 0.0465669 0.0415277 0.0368308 0.0324834 0.0284877 0.0248408 0.0215356 0.018561 0.0159028 0.013544 0.0114658 0.00964801 0.00806949 0.00670891 0.00554512 0.00455762 0.00372686 0.00303458 0.00246403 0.00200017 0.00162979 0.00134158 0.00112625 0.00097654 0.000887339 
0.00101599 0.00104476 0.00114078 0.00130778 0.00155175 0.00188107 0.00230648 0.00284105 0.00350008 0.00430096 0.00526306 0.00640742 0.00775655 0.00933399 0.0111639 0.0132707 0.0156781 0.0184089 0.0214843 0.0249227 0.0287396 0.0329466 0.0375507 0.0425538 0.0479522 0.0537359 0.0598887 0.066388 0.0732044 0.0803021 0.0876395 0.095169 0.102838 0.11059 0.118364 0.126097 0.133724 0.141179 0.148396 0.155311 0.161861 0.167985 0.173628 0.178737 0.183264 0.187167 0.19041 0.192964 0.194803 0.195912 0.196279 0.195902 0.194784 0.192936 0.190374 0.187123 0.183214 0.178682 0.17357 0.167926 0.161802 0.155255 0.148344 0.141133 0.133686 0.126069 0.118348 0.110588 0.10285 0.0951965 0.0876829 0.0803617 0.0732799 0.066479 0.0599943 0.0538547 0.0480827 0.0426944 0.0376992 0.033101 0.0288977 0.0250824 0.0216434 0.0185656 0.0158305 0.0134172 0.0113032 0.00946481 0.00787807 0.006519 0.00536426 0.00439157 0.00358003 0.00291042 0.00236546 0.00192989 0.0015907 0.00133713 0.00116078 0.00105574 
0.00120219 0.00123616 0.00134903 0.00154509 0.00183124 0.00221714 0.00271514 0.00334025 0.00411 0.00504428 0.00616517 0.00749661 0.00906412 0.0108943 0.0130143 0.0154514 0.018232 0.0213815 0.0249227 0.0288758 0.0332571 0.0380783 0.0433462 0.0490613 0.0552178 0.061803 0.0687971 0.0761728 0.0838958 0.0919246 0.100211 0.108701 0.117335 0.126049 0.134775 0.143441 0.151977 0.16031 0.168366 0.176075 0.183368 0.190181 0.196451 0.202123 0.207145 0.211472 0.215065 0.217892 0.219927 0.221153 0.221559 0.221141 0.219902 0.217855 0.215016 0.211413 0.207077 0.202048 0.196371 0.190097 0.183283 0.17599 0.168284 0.160233 0.151908 0.143382 0.134728 0.126016 0.117318 0.108701 0.100229 0.0919605 0.0839502 0.0762454 0.0688871 0.0619093 0.0553389 0.0491953 0.043491 0.0382317 0.0334166 0.0290391 0.0250874 0.0215453 0.0183928 0.0156071 0.0131634 0.0110353 0.00919592 0.00761828 0.00627606 0.005144 0.00419834 0.00341718 0.00278075 0.0022716 0.00187479 0.00157797 0.00137148 0.00124853 
0.00141396 0.00145384 0.00158571 0.00181449 0.00214809 0.00259758 0.00317707 0.00390368 0.00479737 0.00588076 0.00717884 0.00871871 0.0105291 0.0126397 0.0150811 0.0178835 0.021076 0.0246864 0.0287396 0.0332571 0.0382558 0.0437477 0.0497384 0.0562271 0.0632054 0.0706573 0.0785586 0.0868773 0.0955732 0.104599 0.113898 0.123411 0.13307 0.142802 0.152533 0.162184 0.171675 0.180927 0.18986 0.198397 0.206465 0.213992 0.220913 0.227167 0.2327 0.237464 0.241417 0.244525 0.246763 0.24811 0.248554 0.248094 0.246731 0.244479 0.241356 0.237389 0.232614 0.22707 0.220808 0.213881 0.20635 0.198281 0.189745 0.180816 0.171571 0.162089 0.152451 0.142734 0.133018 0.123378 0.113885 0.104606 0.0956018 0.0869269 0.0786287 0.0707469 0.063313 0.0563509 0.0498763 0.0438971 0.0384142 0.0334218 0.028908 0.0248558 0.0212439 0.0180476 0.0152395 0.0127906 0.0106709 0.00885041 0.00729951 0.00598976 0.00489434 0.00398844 0.00324959 0.00265795 0.00219649 0.00185111 0.00161076 0.00146768 
0.00165314 0.00169965 0.00185279 0.00211816 0.00250478 0.00302522 0.00369553 0.00453512 0.00556658 0.00681543 0.00830985 0.0100802 0.0121587 0.0145786 0.0173735 0.0205768 0.0242206 0.0283349 0.0329466 0.0380783 0.0437477 0.0499661 0.0567383 0.0640611 0.0719233 0.080305 0.0891773 0.0985024 0.108234 0.118317 0.128689 0.139282 0.150019 0.160821 0.171604 0.182282 0.192767 0.202974 0.212815 0.222208 0.231073 0.239335 0.246923 0.253773 0.259828 0.265038 0.269358 0.272753 0.275196 0.276665 0.27715 0.276646 0.275157 0.272697 0.269284 0.264947 0.259723 0.253655 0.246793 0.239196 0.230928 0.222059 0.212666 0.202827 0.192626 0.182149 0.171483 0.160715 0.14993 0.139212 0.128641 0.118292 0.108232 0.0985244 0.089223 0.0803736 0.0720134 0.0641709 0.0568655 0.0501083 0.0439021 0.038242 0.0331165 0.0285081 0.0243942 0.0207482 0.0175403 0.0147387 0.0123103 0.0102218 0.00844025 0.0069338 0.00567233 0.0046279 0.00377518 0.00309172 0.00255822 0.00215869 0.00188057 0.00171505 
0.00192134 0.00197527 0.00215204 0.00245804 0.00290346 0.00350252 0.00427334 0.00523779 0.00642128 0.00785247 0.00956288 0.0115864 0.0139589 0.016717 0.0198979 0.0235383 0.0276729 0.0323342 0.0375507 0.0433462 0.0497384 0.0567383 0.0643488 0.0725643 0.08137 0.0907416 0.100645 0.111035 0.12186 0.133057 0.144556 0.156278 0.168141 0.180056 0.19193 0.203671 0.215182 0.22637 0.237142 0.24741 0.257088 0.266097 0.274362 0.281816 0.288399 0.294058 0.298748 0.302431 0.30508 0.306672 0.307197 0.30665 0.305035 0.302365 0.298661 0.293952 0.288275 0.281675 0.274207 0.26593 0.256912 0.247228 0.236957 0.226185 0.215001 0.203497 0.191768 0.179908 0.168011 0.156168 0.144468 0.132995 0.121824 0.111025 0.100662 0.0907847 0.0814383 0.072656 0.0644617 0.0568698 0.0498857 0.043506 0.0377197 0.0325091 0.0278505 0.0237156 0.0200721 0.0168855 0.0141196 0.0117375 0.00970284 0.00798016 0.00653587 0.00533872 0.00436028 0.00357533 0.00296212 0.00250262 0.00218267 0.0019923 
0.00221996 0.0022821 0.00248497 0.00283574 0.00334592 0.00403146 0.00491272 0.00601419 0.00736428 0.00899497 0.0109413 0.0132409 0.0159333 0.0190589 0.0226585 0.0267717 0.0314364 0.036687 0.0425538 0.0490613 0.0562271 0.0640611 0.0725643 0.081728 0.0915332 0.10195 0.11294 0.12445 0.13642 0.14878 0.161451 0.174346 0.187374 0.200436 0.213433 0.226262 0.238821 0.251008 0.262726 0.273879 0.284378 0.294138 0.303083 0.311141 0.318251 0.324358 0.329415 0.333385 0.336239 0.337954 0.338518 0.337928 0.336188 0.33331 0.329316 0.324236 0.318108 0.310979 0.302903 0.293943 0.284171 0.273663 0.262504 0.250784 0.238599 0.226046 0.213227 0.200244 0.187199 0.174192 0.161321 0.148676 0.136344 0.124403 0.112923 0.101964 0.0915754 0.0817975 0.0726591 0.0641785 0.0563639 0.0492142 0.0427193 0.0368615 0.0316161 0.0269533 0.0228388 0.019235 0.0161025 0.013401 0.0110905 0.00913182 0.00748767 0.00612331 0.00500706 0.00411071 0.00340993 0.00288451 0.00251854 0.00230083 
0.00255008 0.00262125 0.00285271 0.0032525 0.00383348 0.00461349 0.00561523 0.006866 0.00839736 0.0102448 0.012447 0.0150455 0.0180837 0.0216057 0.0256559 0.0302773 0.0355102 0.0413913 0.0479522 0.0552178 0.0632054 0.0719233 0.08137 0.0915332 0.102389 0.113903 0.126027 0.138704 0.151864 0.165429 0.17931 0.193413 0.207635 0.22187 0.23601 0.249944 0.263563 0.276758 0.289426 0.301466 0.312783 0.323292 0.33291 0.341567 0.349197 0.355745 0.361163 0.365415 0.368468 0.370303 0.370907 0.370275 0.368412 0.365331 0.361053 0.355608 0.349036 0.341383 0.332706 0.323069 0.312546 0.301216 0.289167 0.276495 0.263299 0.249684 0.235758 0.221631 0.207413 0.193212 0.179134 0.16528 0.151745 0.138617 0.125973 0.113882 0.102401 0.0915766 0.0814428 0.0720228 0.0633284 0.0553608 0.0481114 0.0415628 0.0356899 0.0304615 0.0258409 0.0217881 0.0182604 0.015214 0.012605 0.0103905 0.00852939 0.00698326 0.00571698 0.00469923 0.00390292 0.00330552 0.00288929 0.00264173 
0.0029124 0.00299343 0.00325599 0.00370905 0.00436689 0.00524935 0.00638161 0.00779388 0.00952107 0.0116023 0.0140801 0.0169999 0.0204091 0.0243557 0.0288877 0.034051 0.0398887 0.0464395 0.0537359 0.061803 0.0706573 0.080305 0.0907416 0.10195 0.113903 0.126557 0.139858 0.153742 0.168128 0.182931 0.198051 0.213385 0.228822 0.244246 0.25954 0.274585 0.289266 0.303467 0.317079 0.329997 0.342123 0.353367 0.363646 0.372887 0.381024 0.388001 0.39377 0.398293 0.401541 0.403492 0.404134 0.403461 0.40148 0.398202 0.39365 0.387852 0.380848 0.372685 0.36342 0.353119 0.341856 0.329715 0.316785 0.303165 0.288961 0.274282 0.259242 0.24396 0.228552 0.213136 0.197826 0.182734 0.167964 0.153611 0.139764 0.126498 0.113881 0.101964 0.0907886 0.080383 0.0707631 0.061933 0.053886 0.0466055 0.0400663 0.0342359 0.0290757 0.0245432 0.0205924 0.017176 0.0142463 0.0117565 0.0096615 0.00791915 0.00649071 0.00534158 0.0044418 0.00376638 0.00329564 0.0030157 
0.0033072 0.00339891 0.00369506 0.00420557 0.00494627 0.00593904 0.00721167 0.00879742 0.0107347 0.0130662 0.0158386 0.0191015 0.022906 0.0273042 0.0323474 0.0380847 0.0445617 0.0518186 0.0598887 0.0687971 0.0785586 0.0891773 0.100645 0.11294 0.126027 0.139858 0.154372 0.169493 0.185134 0.201197 0.217576 0.234156 0.250816 0.267433 0.283881 0.300033 0.315767 0.330961 0.345502 0.35928 0.372195 0.384154 0.395073 0.404878 0.413502 0.42089 0.426995 0.431778 0.435211 0.437272 0.43795 0.43724 0.435146 0.431681 0.426866 0.42073 0.413312 0.404659 0.394828 0.383884 0.371903 0.358968 0.345175 0.330623 0.315422 0.299687 0.283538 0.267099 0.250497 0.233856 0.217301 0.200951 0.18492 0.169315 0.154233 0.139759 0.125967 0.112919 0.100662 0.0892302 0.0786439 0.0689109 0.0600269 0.0519765 0.0447348 0.0382682 0.0325368 0.0274952 0.0230947 0.0192842 0.0160124 0.0132284 0.0108831 0.00893048 0.007328 0.00603771 0.00502662 0.00426723 0.00373779 0.003423 
0.00373423 0.00383743 0.0041696 0.00474166 0.005571 0.0066817 0.00810421 0.00987497 0.0120359 0.0146336 0.0177189 0.0213452 0.0255679 0.0304428 0.0360247 0.0423657 0.0495135 0.0575097 0.066388 0.0761728 0.0868773 0.0985024 0.111035 0.12445 0.138704 0.153742 0.169493 0.185873 0.202786 0.220124 0.23777 0.255599 0.273482 0.291286 0.308876 0.32612 0.342887 0.359052 0.374496 0.389108 0.402783 0.415428 0.426958 0.437299 0.446386 0.454163 0.460583 0.465611 0.469218 0.471383 0.472094 0.471349 0.46915 0.46551 0.460449 0.453995 0.446186 0.437068 0.426697 0.415139 0.402468 0.38877 0.374139 0.35868 0.342505 0.325732 0.308489 0.290905 0.273114 0.255249 0.237443 0.219826 0.202522 0.185647 0.169307 0.153598 0.138604 0.124393 0.11102 0.098527 0.0869388 0.0762674 0.0665113 0.0576569 0.0496797 0.0425459 0.0362138 0.030636 0.0257607 0.0215336 0.0178994 0.0148032 0.012192 0.0100155 0.00822756 0.00678667 0.00565674 0.0048076 0.00421541 0.00386335 
0.00419273 0.0043082 0.00467869 0.00531619 0.00623971 0.00747555 0.00905694 0.0110236 0.013421 0.0162998 0.0197147 0.0237234 0.0283854 0.0337601 0.0399056 0.0468768 0.0547234 0.0634879 0.0732044 0.0838958 0.0955732 0.108234 0.12186 0.13642 0.151864 0.168128 0.185134 0.202786 0.220979 0.239594 0.258505 0.277576 0.296669 0.315643 0.334354 0.352663 0.370435 0.387539 0.403852 0.41926 0.433659 0.446954 0.45906 0.469904 0.479422 0.487561 0.494274 0.499528 0.503294 0.505555 0.506298 0.50552 0.503225 0.499424 0.494136 0.487388 0.479215 0.469664 0.458787 0.446649 0.433325 0.4189 0.403469 0.387137 0.370019 0.352238 0.333926 0.315218 0.296254 0.277177 0.258127 0.239245 0.220663 0.202509 0.184899 0.167938 0.15172 0.136323 0.12181 0.108227 0.0956079 0.0839682 0.07331 0.0636219 0.0548804 0.0470514 0.0400924 0.0339537 0.028581 0.0239165 0.0199011 0.0164761 0.0135842 0.0111712 0.00918704 0.00758665 0.00633072 0.00538636 0.00472756 0.00433595 
0.00468133 0.00480979 0.00522078 0.00592733 0.00695016 0.00831784 0.0100664 0.0122389 0.0148845 0.0180579 0.0218177 0.0262259 0.0313459 0.0372407 0.0439717 0.0515961 0.0601654 0.0697229 0.0803021 0.0919246 0.104599 0.118317 0.133057 0.14878 0.165429 0.182931 0.201197 0.220124 0.239594 0.259479 0.279642 0.299938 0.320219 0.340334 0.360134 0.379473 0.39821 0.416211 0.433349 0.44951 0.464589 0.47849 0.491131 0.50244 0.512354 0.520823 0.527803 0.533261 0.537173 0.53952 0.540292 0.539485 0.537104 0.533157 0.527663 0.520648 0.512144 0.502194 0.49085 0.478175 0.464242 0.449133 0.432945 0.415783 0.397764 0.379014 0.359668 0.339867 0.319758 0.29949 0.279215 0.259079 0.239227 0.219795 0.200912 0.182693 0.16524 0.148641 0.132968 0.118276 0.104604 0.0919722 0.0803876 0.0698412 0.0603109 0.0517631 0.0441544 0.0374333 0.0315429 0.0264224 0.0220091 0.0182401 0.0150542 0.0123931 0.0102029 0.00843482 0.00704627 0.00600163 0.00527264 0.00483936 
0.00519803 0.00534016 0.0057936 0.0065725 0.00769926 0.00920479 0.011128 0.0135153 0.0164195 0.0198992 0.0240174 0.0288398 0.0344338 0.040866 0.0482007 0.0564973 0.0658086 0.0761785 0.0876395 0.100211 0.113898 0.128689 0.144556 0.161451 0.17931 0.198051 0.217576 0.23777 0.258505 0.279642 0.301034 0.322526 0.343961 0.365181 0.386029 0.406353 0.426007 0.444854 0.462768 0.479631 0.495338 0.509797 0.522927 0.534656 0.544928 0.553692 0.56091 0.56655 0.57059 0.573013 0.573811 0.57298 0.570522 0.566447 0.560772 0.553518 0.544718 0.534409 0.522643 0.509477 0.494982 0.479241 0.462347 0.444406 0.425536 0.405864 0.385528 0.364676 0.343458 0.322033 0.300558 0.279192 0.258086 0.23739 0.21724 0.197764 0.179074 0.161268 0.144426 0.128613 0.113872 0.100232 0.0877024 0.0762788 0.0659406 0.0566547 0.0483774 0.0410559 0.0346309 0.0290385 0.0242126 0.0200865 0.0165949 0.0136756 0.0112705 0.00932737 0.00780028 0.00665079 0.00584839 0.00537151 
0.00574022 0.0058966 0.00639422 0.00724832 0.00848304 0.0101316 0.0122359 0.0148455 0.0180171 0.0218132 0.0263008 0.0315496 0.0376307 0.044614 0.0525665 0.0615498 0.0716175 0.0828134 0.095169 0.108701 0.123411 0.139282 0.156278 0.174346 0.193413 0.213385 0.234156 0.255599 0.277576 0.299938 0.322526 0.345177 0.367724 0.390002 0.411847 0.433103 0.453619 0.473257 0.491888 0.509396 0.525677 0.54064 0.554206 0.566311 0.576897 0.58592 0.593345 0.599142 0.603293 0.605782 0.606602 0.60575 0.603228 0.599044 0.593211 0.585751 0.576691 0.566067 0.553925 0.540319 0.525318 0.509 0.491457 0.472794 0.453128 0.432589 0.411317 0.389463 0.367183 0.344642 0.322005 0.29944 0.277108 0.255169 0.23377 0.213049 0.193129 0.174118 0.156107 0.139167 0.123351 0.108692 0.0952072 0.0828936 0.0717338 0.0616958 0.0527356 0.0447996 0.0378264 0.0317493 0.0264989 0.0220048 0.0181977 0.0150114 0.012384 0.0102595 0.00858871 0.00733043 0.00645182 0.0059297 
0.00630463 0.00647576 0.00701898 0.00795065 0.00929664 0.0110925 0.013383 0.0162211 0.0196671 0.0237874 0.0286529 0.0343373 0.0409151 0.0484594 0.0570396 0.066719 0.0775519 0.0895817 0.102838 0.117335 0.13307 0.150019 0.168141 0.187374 0.207635 0.228822 0.250816 0.273482 0.296669 0.320219 0.343961 0.367724 0.391333 0.414614 0.437399 0.459526 0.480844 0.50121 0.520496 0.538587 0.555382 0.570792 0.584743 0.597173 0.60803 0.617274 0.624873 0.630803 0.635046 0.63759 0.638429 0.63756 0.634985 0.63071 0.624747 0.617114 0.607833 0.596938 0.584468 0.570477 0.555025 0.53819 0.52006 0.500738 0.480339 0.458994 0.436845 0.414046 0.390758 0.367151 0.343398 0.319675 0.296154 0.273003 0.25038 0.228436 0.207303 0.1871 0.167927 0.149865 0.132974 0.117295 0.10285 0.0896401 0.0776508 0.0668518 0.0571995 0.0486393 0.0411081 0.0345369 0.0288529 0.0239824 0.0198521 0.0163919 0.0135362 0.0112253 0.00940669 0.00803639 0.00707928 0.00651055 
0.00688735 0.00707362 0.00766354 0.00867459 0.0101343 0.0120807 0.0145612 0.0176322 0.0213576 0.0258076 0.0310568 0.0371827 0.044263 0.052374 0.0615871 0.0719668 0.083568 0.0964332 0.11059 0.126049 0.142802 0.160821 0.180056 0.200436 0.22187 0.244246 0.267433 0.291286 0.315643 0.340334 0.365181 0.390002 0.414614 0.438838 0.462499 0.485433 0.507485 0.528512 0.548388 0.566998 0.584245 0.600043 0.614324 0.627029 0.638112 0.647538 0.65528 0.661316 0.665633 0.668221 0.669076 0.668194 0.665578 0.661231 0.655164 0.64739 0.637928 0.626807 0.614061 0.599739 0.583897 0.566607 0.547954 0.528037 0.506972 0.484888 0.461927 0.438246 0.41401 0.389394 0.36458 0.339748 0.315082 0.290759 0.266949 0.243812 0.221491 0.200117 0.179799 0.160627 0.14267 0.125977 0.110574 0.0964682 0.083648 0.072085 0.0617362 0.0525468 0.0444521 0.0373809 0.0312577 0.026005 0.0215463 0.0178074 0.0147191 0.0122179 0.0102485 0.00876374 0.0077264 0.00711003 
0.0074839 0.00768557 0.00832293 0.00941453 0.0109897 0.0130885 0.0157614 0.0190679 0.0230755 0.0278579 0.0334935 0.0400633 0.0476483 0.0563271 0.0661732 0.0772522 0.0896188 0.103314 0.118364 0.134775 0.152533 0.171604 0.19193 0.213433 0.23601 0.25954 0.283881 0.308876 0.334354 0.360134 0.386029 0.411847 0.437399 0.462499 0.486969 0.51064 0.533357 0.554977 0.575374 0.594438 0.612074 0.628202 0.642757 0.655687 0.666952 0.676522 0.684373 0.69049 0.694863 0.697485 0.698352 0.697461 0.694815 0.690416 0.68427 0.676388 0.666784 0.655482 0.642511 0.627913 0.61174 0.594058 0.574947 0.554505 0.532843 0.510088 0.486384 0.461889 0.436771 0.41121 0.385393 0.35951 0.333752 0.308305 0.283351 0.259059 0.235585 0.213068 0.19163 0.171369 0.152364 0.13467 0.118319 0.103325 0.0896786 0.0773544 0.0663104 0.0564916 0.0478323 0.0402593 0.0336943 0.028057 0.023267 0.0192468 0.0159233 0.0132298 0.0111075 0.00950686 0.00838819 0.00772353 
0.00808921 0.00830643 0.00899155 0.0101642 0.0118553 0.0141074 0.0169734 0.0205161 0.0248062 0.0299211 0.0359428 0.0429553 0.0510427 0.0602859 0.0707601 0.0825315 0.0956545 0.110169 0.126097 0.143441 0.162184 0.182282 0.203671 0.226262 0.249944 0.274585 0.300033 0.32612 0.352663 0.379473 0.406353 0.433103 0.459526 0.485433 0.51064 0.534977 0.558288 0.58043 0.601281 0.620733 0.638696 0.655095 0.66987 0.682977 0.694381 0.704056 0.711987 0.718162 0.722573 0.725218 0.726093 0.725198 0.722533 0.718099 0.711899 0.70394 0.694233 0.682793 0.669646 0.654826 0.63838 0.620369 0.600868 0.579968 0.557778 0.534424 0.510048 0.484809 0.458879 0.432441 0.405688 0.378815 0.352023 0.325508 0.29946 0.27406 0.249474 0.225853 0.203328 0.182007 0.161978 0.143303 0.126023 0.110154 0.0956933 0.0826168 0.0708843 0.060441 0.0512205 0.0431479 0.0361425 0.0301211 0.0249999 0.0206981 0.0171389 0.0142523 0.0119766 0.0102595 0.00905905 0.00834585 
0.00869774 0.0089305 0.00966328 0.0109168 0.0127235 0.0151281 0.0181862 0.0219636 0.0265342 0.0319788 0.0383827 0.0458329 0.0544163 0.0642158 0.0753079 0.0877592 0.101624 0.116939 0.133724 0.151977 0.171675 0.192767 0.215182 0.238821 0.263563 0.289266 0.315767 0.342887 0.370435 0.39821 0.426007 0.453619 0.480844 0.507485 0.533357 0.558288 0.582121 0.604717 0.625955 0.645731 0.66396 0.680573 0.695519 0.708756 0.720257 0.730004 0.737985 0.744193 0.748627 0.751285 0.752166 0.75127 0.748596 0.744144 0.737914 0.729908 0.720131 0.708595 0.695319 0.680329 0.663668 0.645388 0.625559 0.604268 0.58162 0.557738 0.532763 0.506854 0.480183 0.452939 0.425317 0.397522 0.36976 0.342237 0.315153 0.288698 0.26305 0.23837 0.214798 0.192454 0.171432 0.151806 0.13362 0.116898 0.101641 0.0878269 0.0754183 0.0643607 0.0545872 0.0460214 0.0385807 0.0321789 0.0267295 0.0221481 0.0183547 0.0152763 0.0128479 0.0110147 0.00973286 0.00897129 
0.00930354 0.00955169 0.0103316 0.0116649 0.0135857 0.0161408 0.0193883 0.0233967 0.0282433 0.0340118 0.0407906 0.0486697 0.0577383 0.0680811 0.0797757 0.0928888 0.107473 0.123565 0.141179 0.16031 0.180927 0.202974 0.22637 0.251008 0.276758 0.303467 0.330961 0.359052 0.387539 0.416211 0.444854 0.473257 0.50121 0.528512 0.554977 0.58043 0.604717 0.627699 0.649259 0.669299 0.687738 0.704513 0.71958 0.732904 0.744465 0.754251 0.762256 0.768478 0.772919 0.775581 0.776465 0.775571 0.772898 0.768443 0.762203 0.754177 0.744364 0.73277 0.719408 0.704297 0.687473 0.668981 0.648887 0.62727 0.604231 0.57989 0.554387 0.527879 0.500541 0.472562 0.444145 0.415497 0.386834 0.358369 0.330311 0.30286 0.276205 0.250517 0.225946 0.202622 0.180649 0.160105 0.141046 0.123498 0.107468 0.0929384 0.0798718 0.0682152 0.0579015 0.0488534 0.0409862 0.0342113 0.0284395 0.0235832 0.0195594 0.0162918 0.0137129 0.0117652 0.010403 0.00959375 
0.00990033 0.0101636 0.0109895 0.0124009 0.0144333 0.0171353 0.0205675 0.0248012 0.0299165 0.0360001 0.0431431 0.0514384 0.060977 0.0718455 0.0841219 0.0978731 0.11315 0.129987 0.148396 0.168366 0.18986 0.212815 0.237142 0.262726 0.289426 0.317079 0.345502 0.374496 0.403852 0.433349 0.462768 0.491888 0.520496 0.548388 0.575374 0.601281 0.625955 0.649259 0.671082 0.691328 0.709923 0.726813 0.741958 0.755331 0.766918 0.776714 0.784719 0.790937 0.795372 0.79803 0.798915 0.798026 0.795361 0.790917 0.784686 0.776663 0.766843 0.755226 0.741816 0.726628 0.709689 0.691039 0.670735 0.648853 0.625487 0.600755 0.574793 0.547757 0.519823 0.491184 0.462043 0.432615 0.403121 0.373783 0.344818 0.316436 0.288836 0.262197 0.236681 0.212427 0.189547 0.16813 0.148234 0.129896 0.113124 0.0979045 0.0842034 0.0719683 0.0611321 0.0516167 0.0433357 0.0361985 0.0301131 0.0249891 0.0207407 0.0172887 0.0145628 0.0125034 0.0110627 0.0102068 
0.0104816 0.0107594 0.01163 0.0131169 0.0152571 0.018101 0.0217116 0.0261625 0.0315366 0.0379235 0.0454167 0.0541115 0.0641008 0.0754724 0.0883051 0.102665 0.118603 0.136148 0.155311 0.176075 0.198397 0.222208 0.24741 0.273879 0.301466 0.329997 0.35928 0.389108 0.41926 0.44951 0.479631 0.509396 0.538587 0.566998 0.594438 0.620733 0.645731 0.669299 0.691328 0.711729 0.730435 0.747396 0.76258 0.775968 0.787552 0.797334 0.805319 0.811517 0.815936 0.818584 0.819466 0.818585 0.815935 0.811513 0.805307 0.797307 0.787505 0.775893 0.76247 0.747243 0.730232 0.711471 0.69101 0.668918 0.645285 0.620224 0.593869 0.566374 0.537915 0.508686 0.478894 0.448759 0.418508 0.388368 0.358566 0.329322 0.300841 0.273315 0.246914 0.221786 0.198052 0.175808 0.155121 0.136032 0.118555 0.102679 0.088372 0.0755839 0.0642475 0.054284 0.0456058 0.0381203 0.0317332 0.0263514 0.0218865 0.0182565 0.0153887 0.0132213 0.0117047 0.0108037 
