1.43893e-06 1.49702e-06 1.75432e-06 2.23723e-06 2.99222e-06 4.08901e-06 5.624e-06 7.72475e-06 1.05553e-05 1.43223e-05 1.92816e-05 2.57456e-05 3.40901e-05 4.47611e-05 5.82808e-05 7.52523e-05 9.63615e-05 0.000122378 0.000154149 0.000192597 0.0002387 0.000293483 0.000357986 0.000433245 0.000520254 0.000619929 0.000733065 0.000860297 0.00100205 0.00115851 0.00132956 0.00151477 0.00171335 0.00192413 0.00214559 0.00237581 0.00261252 0.00285312 0.00309472 0.0033342 0.00356828 0.00379358 0.00400669 0.00420428 0.00438316 0.00454038 0.00467328 0.00477959 0.00485747 0.00490555 0.004923 0.00490951 0.00486533 0.00479126 0.0046886 0.00455915 0.00440514 0.00422919 0.00403423 0.0038234 0.00360003 0.00336749 0.00312917 0.00288834 0.00264813 0.00241144 0.00218089 0.00195877 0.00174701 0.0015472 0.00136053 0.00118781 0.00102954 0.000885862 0.000756636 0.000641474 0.000539779 0.000450785 0.000373607 0.000307273 0.000250769 0.000203066 0.000163151 0.000130049 0.000102841 8.06757e-05 6.27797e-05 4.84591e-05 3.71019e-05 2.81758e-05 2.12239e-05 1.58594e-05 1.1759e-05 8.65643e-06 6.33517e-06 4.62205e-06 3.38112e-06 2.50831e-06 1.92688e-06 1.58444e-06 
1.49702e-06 1.55794e-06 1.82683e-06 2.33134e-06 3.12015e-06 4.26629e-06 5.87071e-06 8.06702e-06 1.1027e-05 1.49672e-05 2.01556e-05 2.69194e-05 3.5652e-05 4.68207e-05 6.09721e-05 7.87374e-05 0.000100835 0.000128069 0.000161326 0.00020157 0.000249825 0.000307157 0.000374656 0.000453399 0.000544423 0.00064868 0.000766997 0.000900032 0.00104822 0.00121175 0.0013905 0.00158399 0.00179141 0.00201153 0.00224275 0.00248307 0.00273011 0.00298115 0.00323319 0.00348297 0.00372708 0.00396197 0.00418413 0.00439007 0.00457649 0.0047403 0.00487876 0.0049895 0.0050706 0.00512065 0.00513878 0.00512468 0.0050786 0.00500137 0.00489436 0.00475942 0.00459888 0.00441546 0.0042122 0.00399238 0.00375946 0.00351695 0.00326836 0.00301713 0.0027665 0.0025195 0.00227887 0.00204699 0.00182589 0.00161723 0.00142225 0.00124182 0.00107645 0.000926301 0.000791233 0.000670847 0.000564523 0.000471467 0.000390755 0.000321379 0.000262277 0.000212378 0.000170623 0.000135995 0.000107532 8.43458e-05 6.5626e-05 5.06474e-05 3.87696e-05 2.94355e-05 2.2167e-05 1.65593e-05 1.2274e-05 9.03224e-06 6.60753e-06 4.81857e-06 3.5231e-06 2.61221e-06 2.00562e-06 1.64852e-06 
1.75432e-06 1.82683e-06 2.14257e-06 2.73383e-06 3.65737e-06 4.99818e-06 6.87368e-06 9.43906e-06 1.28937e-05 1.74882e-05 2.3533e-05 3.14058e-05 4.15607e-05 5.45355e-05 7.09587e-05 9.15547e-05 0.000117146 0.000148651 0.000187083 0.000233537 0.000289174 0.000355204 0.000432853 0.000523335 0.000627808 0.000747334 0.000882826 0.001035 0.00120433 0.00139097 0.00159477 0.00181515 0.00205114 0.00230135 0.00256391 0.00283655 0.00311657 0.00340089 0.0036861 0.00396854 0.00424436 0.0045096 0.00476029 0.00499255 0.00520267 0.00538722 0.00554312 0.00566774 0.00575894 0.00581517 0.00583543 0.0058194 0.00576735 0.00568022 0.00555952 0.00540733 0.00522624 0.0050193 0.0047899 0.00454172 0.00427861 0.00400452 0.00372341 0.00343911 0.00315531 0.0028754 0.00260249 0.0023393 0.00208813 0.00185087 0.00162897 0.00142343 0.00123487 0.00106349 0.000909165 0.000771479 0.000649752 0.000543105 0.00045051 0.000370836 0.000302892 0.000245469 0.00019737 0.000157441 0.000124588 9.78e-05 7.61518e-05 5.8814e-05 4.50531e-05 3.42298e-05 2.57947e-05 1.92815e-05 1.43006e-05 1.05299e-05 7.70763e-06 5.62413e-06 4.11463e-06 3.0529e-06 2.34586e-06 1.92991e-06 
2.23723e-06 2.33134e-06 2.73383e-06 3.48542e-06 4.65748e-06 6.3567e-06 8.73022e-06 1.19721e-05 1.63312e-05 2.21198e-05 2.97233e-05 3.96102e-05 5.2342e-05 6.8582e-05 8.91033e-05 0.000114794 0.00014666 0.000185822 0.00023351 0.00029105 0.000359841 0.000441337 0.000537005 0.000648285 0.000776548 0.000923034 0.0010888 0.00127466 0.00148113 0.00170833 0.00195601 0.00222343 0.00250937 0.00281206 0.00312926 0.00345817 0.00379554 0.00413766 0.00448045 0.00481952 0.00515029 0.00546806 0.00576811 0.00604587 0.00629695 0.00651731 0.00670333 0.00685191 0.00696054 0.0070274 0.00705134 0.00703195 0.0069696 0.00686536 0.00672101 0.00653902 0.00632243 0.00607483 0.00580022 0.00550294 0.00518756 0.00485876 0.00452123 0.00417955 0.00383811 0.00350099 0.0031719 0.00285414 0.0025505 0.0022633 0.00199431 0.0017448 0.00151555 0.00130688 0.0011187 0.000950538 0.000801631 0.000670963 0.00055733 0.000459394 0.000375742 0.000304927 0.000245515 0.000196114 0.000155403 0.000122155 9.5243e-05 7.36563e-05 5.64966e-05 4.29798e-05 3.24297e-05 2.42718e-05 1.80241e-05 1.32881e-05 9.73882e-06 7.11547e-06 5.21289e-06 3.87366e-06 2.98155e-06 2.45714e-06 
2.99222e-06 3.12015e-06 3.65737e-06 4.65748e-06 6.21423e-06 8.46746e-06 1.16096e-05 1.58939e-05 2.16444e-05 2.92667e-05 3.926e-05 5.22296e-05 6.88985e-05 9.01188e-05 0.00011688 0.000150315 0.000191704 0.000242465 0.000304151 0.000378427 0.000467047 0.000571818 0.000694556 0.000837035 0.00100093 0.00118773 0.0013987 0.00163478 0.00189653 0.00218403 0.00249686 0.00283401 0.00319387 0.00357419 0.00397207 0.004384 0.00480587 0.00523307 0.00566052 0.00608279 0.00649423 0.00688903 0.00726144 0.00760584 0.00791688 0.00818962 0.00841967 0.00860326 0.00873736 0.00881974 0.00884902 0.00882472 0.00874727 0.00861799 0.00843905 0.00821344 0.00794488 0.00763772 0.00729686 0.0069276 0.00653554 0.00612641 0.00570599 0.00527993 0.00485365 0.00443222 0.00402028 0.00362194 0.00324075 0.00287962 0.00254085 0.00222609 0.0019364 0.00167226 0.00143362 0.00121999 0.00103048 0.000863867 0.000718705 0.000593361 0.000486096 0.000395121 0.00031865 0.000254944 0.000202347 0.00015931 0.000124411 9.63658e-05 7.4032e-05 5.64077e-05 4.26274e-05 3.19532e-05 2.37647e-05 1.75472e-05 1.28804e-05 9.42602e-06 6.91758e-06 5.15015e-06 3.97227e-06 3.28035e-06 
4.08901e-06 4.26629e-06 4.99818e-06 6.3567e-06 8.46746e-06 1.15174e-05 1.57632e-05 2.15421e-05 2.92842e-05 3.95267e-05 5.29292e-05 7.02888e-05 9.2555e-05 0.000120843 0.000156444 0.000200832 0.000255662 0.000322768 0.000404145 0.000501924 0.000618338 0.000755677 0.000916229 0.00110221 0.0013157 0.00155852 0.00183221 0.00213785 0.00247604 0.00284678 0.00324942 0.00368255 0.00414401 0.00463084 0.00513929 0.00566483 0.00620221 0.00674556 0.00728846 0.00782406 0.00834525 0.00884479 0.00931548 0.00975032 0.0101427 0.0104864 0.0107761 0.0110071 0.0111757 0.011279 0.0113155 0.0112845 0.0111866 0.0110233 0.0107975 0.0105127 0.0101737 0.00978567 0.00935484 0.00888778 0.00839143 0.00787298 0.00733964 0.0067985 0.00625639 0.00571974 0.00519441 0.00468568 0.00419808 0.0037354 0.00330063 0.00289598 0.0025229 0.0021821 0.00187364 0.00159698 0.00135108 0.00113449 0.000945411 0.000781828 0.000641565 0.000522368 0.000421978 0.000338183 0.000268863 0.000212033 0.000165861 0.000128685 9.9024e-05 7.55737e-05 5.72041e-05 4.29493e-05 3.19945e-05 2.36623e-05 1.73979e-05 1.27539e-05 9.37704e-06 6.99522e-06 5.40703e-06 4.47467e-06 
5.624e-06 5.87071e-06 6.87368e-06 8.73022e-06 1.16096e-05 1.57632e-05 2.15356e-05 2.93783e-05 3.98658e-05 5.37142e-05 7.17997e-05 9.51785e-05 0.000125105 0.000163048 0.000210702 0.000269994 0.000343083 0.000432348 0.000540368 0.000669887 0.000823764 0.00100492 0.00121624 0.00146053 0.00174035 0.00205797 0.00241523 0.00281338 0.00325307 0.00373413 0.00425557 0.00481545 0.00541087 0.00603791 0.00669167 0.0073663 0.00805504 0.00875038 0.00944414 0.0101276 0.0107919 0.0114279 0.0120264 0.0125788 0.0130767 0.0135126 0.0138797 0.0141721 0.0143852 0.0145157 0.0145615 0.0145217 0.0143972 0.0141899 0.0139032 0.0135416 0.013111 0.0126179 0.0120701 0.0114757 0.0108435 0.0101825 0.00950176 0.00881022 0.00811656 0.00742893 0.00675485 0.00610106 0.00547344 0.00487691 0.00431542 0.00379192 0.00330839 0.00286589 0.00246463 0.00210406 0.00178296 0.00149958 0.00125172 0.00103686 0.000852268 0.000695091 0.000562451 0.000451519 0.000359572 0.000284044 0.000222562 0.000172964 0.000133317 0.000101913 7.7267e-05 5.81071e-05 4.33564e-05 3.21178e-05 2.36542e-05 1.73704e-05 1.27948e-05 9.56404e-06 7.40856e-06 6.14383e-06 
7.72475e-06 8.06702e-06 9.43906e-06 1.19721e-05 1.58939e-05 2.15421e-05 2.93783e-05 4.00062e-05 5.41923e-05 7.28891e-05 9.72596e-05 0.000128701 0.000168869 0.000219693 0.000283395 0.000362493 0.000459795 0.000578385 0.000721591 0.000892939 0.00109609 0.00133474 0.00161256 0.00193304 0.00229939 0.00271436 0.00318015 0.00369823 0.0042692 0.00489269 0.00556722 0.00629012 0.00705749 0.00786419 0.00870383 0.00956882 0.0104505 0.0113393 0.0122248 0.0130961 0.0139417 0.0147503 0.0155106 0.0162115 0.0168427 0.0173948 0.0178593 0.018229 0.0184983 0.0186629 0.0187203 0.0186694 0.0185113 0.0182484 0.0178849 0.0174264 0.0168801 0.0162544 0.0155587 0.0148032 0.013999 0.0131572 0.0122893 0.0114066 0.01052 0.00963989 0.00877587 0.00793659 0.0071296 0.00636133 0.00563694 0.00496037 0.00433434 0.00376038 0.00323893 0.00276948 0.00235061 0.00198023 0.00165565 0.00137372 0.00113104 0.000923986 0.000748919 0.000602215 0.000480381 0.000380109 0.000298327 0.000232228 0.00017929 0.00013728 0.00010425 7.85262e-05 5.86869e-05 4.35452e-05 3.21236e-05 2.36305e-05 1.74379e-05 1.30607e-05 1.01386e-05 8.42491e-06 
1.05553e-05 1.1027e-05 1.28937e-05 1.63312e-05 2.16444e-05 2.92842e-05 3.98658e-05 5.41923e-05 7.32805e-05 9.83913e-05 0.000131059 0.000173124 0.000226756 0.000294481 0.000379196 0.000484169 0.000613036 0.000769772 0.000958648 0.00118417 0.00145098 0.00176378 0.00212714 0.00254543 0.00302258 0.00356195 0.00416614 0.00483679 0.00557444 0.00637836 0.0072464 0.00817494 0.0091588 0.0101912 0.011264 0.0123673 0.0134901 0.0146202 0.0157445 0.0168492 0.01792 0.0189428 0.0199032 0.0207878 0.0215837 0.0222793 0.022864 0.0233291 0.0236675 0.0238741 0.0239456 0.0238811 0.0236814 0.0233499 0.0228915 0.0223133 0.0216241 0.0208343 0.0199554 0.0190004 0.0179827 0.0169163 0.0158157 0.0146949 0.0135676 0.012447 0.0113453 0.0102734 0.00924116 0.00825674 0.00732696 0.00645701 0.00565057 0.00490984 0.00423562 0.00362746 0.00308379 0.00260211 0.00217916 0.00181108 0.00149361 0.00122222 0.000992294 0.000799246 0.000638612 0.000506151 0.000397907 0.000310254 0.000239921 0.000184003 0.000139958 0.000105592 7.90421e-05 5.87438e-05 4.34074e-05 3.19859e-05 2.36469e-05 1.77461e-05 1.38046e-05 1.14939e-05 
1.43223e-05 1.49672e-05 1.74882e-05 2.21198e-05 2.92667e-05 3.95267e-05 5.37142e-05 7.28891e-05 9.83913e-05 0.000131877 0.000175357 0.000231235 0.000302337 0.000391945 0.000503803 0.000642128 0.000811588 0.00101727 0.00126461 0.00155932 0.00190726 0.0023143 0.00278615 0.00332818 0.0039452 0.00464122 0.00541928 0.00628117 0.00722724 0.00825626 0.0093652 0.0105492 0.0118013 0.0131129 0.0144733 0.0158701 0.0172894 0.0187156 0.0201324 0.0215226 0.0228684 0.0241522 0.0253564 0.0264644 0.0274604 0.02833 0.0290605 0.0296411 0.0300632 0.0303204 0.0304091 0.0303277 0.0300777 0.0296628 0.0290893 0.0283658 0.027503 0.0265136 0.025412 0.0242137 0.0229357 0.0215951 0.0202097 0.0187972 0.0173746 0.0159584 0.0145639 0.013205 0.0118942 0.010642 0.0094572 0.00834665 0.00731528 0.00636616 0.00550061 0.00471835 0.00401768 0.00339568 0.00284843 0.00237123 0.00195882 0.00160558 0.00130572 0.00105345 0.000843129 0.000669357 0.000527081 0.000411649 0.000318852 0.000244935 0.000186606 0.000141013 0.000105727 7.87033e-05 5.82522e-05 4.29985e-05 3.18464e-05 2.39465e-05 1.86664e-05 1.55722e-05 
1.92816e-05 2.01556e-05 2.3533e-05 2.97233e-05 3.926e-05 5.29292e-05 7.17997e-05 9.72596e-05 0.000131059 0.000175357 0.000232766 0.0003064 0.000399911 0.000517522 0.000664039 0.00084485 0.0010659 0.00133364 0.00165493 0.00203694 0.00248699 0.00301237 0.00362012 0.00431676 0.0051081 0.0059989 0.0069926 0.00809107 0.00929439 0.0106005 0.0120054 0.0135023 0.0150825 0.0167346 0.0184451 0.0201984 0.0219768 0.0237613 0.0255312 0.0272654 0.0289421 0.0305394 0.0320361 0.0334117 0.034647 0.0357247 0.0366292 0.0373476 0.0378694 0.0381871 0.0382959 0.0381944 0.0378842 0.0373697 0.0366586 0.0357613 0.0346908 0.0334624 0.0320937 0.0306036 0.0290126 0.027342 0.0256134 0.0238486 0.0220688 0.0202943 0.0185442 0.0168361 0.0151856 0.0136061 0.012109 0.010703 0.00939489 0.00818875 0.00708667 0.00608867 0.00519299 0.00439628 0.00369391 0.00308022 0.00254877 0.00209266 0.00170469 0.00137765 0.00110445 0.000878288 0.000692752 0.000541933 0.000420456 0.000323513 0.000246871 0.000186856 0.000140325 0.000104628 7.75688e-05 5.73555e-05 4.25574e-05 3.20633e-05 2.5045e-05 2.09335e-05 
2.57456e-05 2.69194e-05 3.14058e-05 3.96102e-05 5.22296e-05 7.02888e-05 9.51785e-05 0.000128701 0.000173124 0.000231235 0.0003064 0.000402619 0.000524568 0.000677635 0.000867931 0.00110228 0.00138819 0.00173375 0.00214755 0.0026385 0.00321565 0.00388795 0.00466398 0.0055516 0.00655771 0.00768784 0.00894583 0.0103335 0.0118505 0.0134937 0.0152575 0.0171332 0.0191093 0.0211716 0.0233028 0.0254834 0.0276915 0.0299035 0.0320941 0.0342373 0.0363066 0.0382755 0.0401181 0.0418099 0.0433276 0.0446504 0.0457599 0.0466403 0.0472793 0.0476678 0.0478003 0.047675 0.0472937 0.0466619 0.0457887 0.0446866 0.043371 0.0418605 0.040176 0.0383404 0.0363785 0.034316 0.0321793 0.0299947 0.0277884 0.0255853 0.023409 0.0212813 0.0192217 0.0172473 0.0153723 0.0136082 0.0119636 0.0104442 0.00905321 0.00779101 0.00665592 0.00564419 0.00475044 0.00396791 0.00328888 0.00270491 0.00220718 0.00178677 0.00143486 0.00114296 0.000903022 0.000707601 0.000549897 0.000423805 0.000323932 0.000245582 0.000184726 0.00013796 0.000102451 7.58846e-05 5.6409e-05 4.25828e-05 3.33301e-05 2.79113e-05 
3.40901e-05 3.5652e-05 4.15607e-05 5.2342e-05 6.88985e-05 9.2555e-05 0.000125105 0.000168869 0.000226756 0.000302337 0.000399911 0.000524568 0.000682242 0.000879744 0.00112477 0.0014259 0.00179249 0.00223463 0.00276294 0.0033884 0.00412207 0.00497483 0.00595698 0.00707793 0.00834572 0.00976668 0.011345 0.0130823 0.0149773 0.0170258 0.0192199 0.0215485 0.023997 0.0265471 0.0291777 0.0318642 0.0345799 0.0372958 0.0399811 0.0426044 0.0451336 0.0475369 0.0497834 0.0518436 0.0536901 0.0552979 0.0566453 0.0577137 0.0584886 0.0589591 0.0591189 0.0589657 0.0585019 0.0577338 0.0566723 0.0553319 0.0537312 0.0518919 0.0498391 0.0476001 0.0452042 0.0426825 0.0400665 0.0373882 0.0346791 0.0319697 0.0292887 0.0266631 0.0241169 0.0216715 0.0193447 0.0171513 0.0151025 0.0132058 0.0114658 0.00988363 0.00845785 0.00718439 0.00605706 0.00506797 0.0042079 0.0034667 0.00283365 0.00229785 0.00184843 0.0014749 0.00116725 0.000916183 0.000713179 0.000550556 0.000421506 0.000320078 0.000241156 0.0001804 0.000134192 9.95681e-05 7.41503e-05 5.60856e-05 4.39887e-05 3.69062e-05 
4.47611e-05 4.68207e-05 5.45355e-05 6.8582e-05 9.01188e-05 0.000120843 0.000163048 0.000219693 0.000294481 0.000391945 0.000517522 0.000677635 0.000879744 0.00113238 0.00144517 0.00182874 0.00229471 0.00285549 0.0035241 0.00431391 0.00523834 0.00631042 0.00754244 0.00894542 0.0105286 0.0122992 0.0142614 0.0164166 0.0187623 0.0212924 0.0239967 0.0268608 0.029866 0.0329899 0.0362059 0.0394842 0.0427922 0.0460946 0.0493545 0.0525342 0.0555953 0.0585 0.0612118 0.0636959 0.06592 0.0678548 0.0694748 0.0707584 0.0716885 0.0722528 0.0724436 0.0722585 0.0717 0.0707757 0.0694982 0.0678845 0.0659563 0.0637392 0.0612624 0.0585582 0.0556612 0.0526082 0.0494366 0.0461848 0.0428903 0.03959 0.0363188 0.0331092 0.029991 0.0269903 0.0241297 0.0214276 0.0188984 0.0165522 0.0143952 0.0124298 0.0106549 0.0090662 0.00765682 0.00641762 0.00533777 0.0044052 0.00360703 0.00293006 0.00236106 0.00188716 0.00149607 0.00117627 0.000917174 0.000709217 0.000543876 0.000413684 0.000312194 0.000233928 0.000174303 0.000129555 9.66606e-05 7.32559e-05 5.75727e-05 4.83927e-05 
5.82808e-05 6.09721e-05 7.09587e-05 8.91033e-05 0.00011688 0.000156444 0.000210702 0.000283395 0.000379196 0.000503803 0.000664039 0.000867931 0.00112477 0.00144517 0.00184099 0.00232537 0.00291251 0.00361758 0.00445637 0.00544501 0.00659954 0.00793548 0.00946722 0.0112076 0.013167 0.0153533 0.0177708 0.02042 0.023297 0.0263933 0.0296956 0.0331854 0.0368395 0.04063 0.0445245 0.0484869 0.0524775 0.0564543 0.0603733 0.0641896 0.0678581 0.0713342 0.0745753 0.0775406 0.0801926 0.0824975 0.0844258 0.0859524 0.0870578 0.0877277 0.0879533 0.0877319 0.0870664 0.0859655 0.0844437 0.0825207 0.0802215 0.0775758 0.0746173 0.0713837 0.0679154 0.0642554 0.060448 0.056538 0.0525704 0.0485889 0.0446353 0.040749 0.036966 0.0333184 0.029834 0.0265358 0.0234421 0.0205662 0.0179165 0.0154969 0.0133071 0.0113427 0.00959622 0.0080573 0.00671336 0.0055502 0.00455256 0.0037046 0.0029904 0.00239433 0.0019014 0.0014975 0.00116963 0.000905954 0.000695907 0.0005302 0.000400788 0.000300812 0.000224519 0.000167173 0.000124958 9.48883e-05 7.47252e-05 6.29257e-05 
7.52523e-05 7.87374e-05 9.15547e-05 0.000114794 0.000150315 0.000200832 0.000269994 0.000362493 0.000484169 0.000642128 0.00084485 0.00110228 0.0014259 0.00182874 0.00232537 0.00293178 0.00366525 0.00454407 0.00558723 0.00681398 0.00824331 0.00989343 0.0117811 0.0139208 0.0163243 0.0189998 0.0219515 0.0251786 0.0286751 0.0324296 0.0364249 0.0406377 0.0450394 0.0495957 0.0542673 0.0590107 0.0637788 0.0685216 0.0731872 0.0777228 0.0820759 0.0861948 0.0900299 0.0935344 0.0966652 0.0993835 0.101656 0.103453 0.104753 0.105541 0.105805 0.105543 0.104758 0.10346 0.101666 0.0993977 0.0966838 0.0935581 0.0900596 0.0862314 0.0821203 0.0777758 0.0732494 0.0685938 0.0638614 0.0591039 0.0543711 0.0497097 0.0451631 0.0407703 0.0365651 0.0325762 0.0288265 0.025333 0.0221073 0.0191551 0.0164772 0.0140698 0.0119246 0.0100301 0.00837199 0.00693379 0.00569755 0.00464453 0.00375571 0.00301235 0.00239633 0.00189056 0.00147915 0.00114763 0.000883033 0.000673891 0.000510256 0.000383615 0.000286809 0.000213929 0.000160204 0.000121893 9.61855e-05 8.11444e-05 
9.63615e-05 0.000100835 0.000117146 0.00014666 0.000191704 0.000255662 0.000343083 0.000459795 0.000613036 0.000811588 0.0010659 0.00138819 0.00179249 0.00229471 0.00291251 0.00366525 0.00457368 0.00565971 0.00694589 0.00845497 0.0102092 0.0122297 0.0145356 0.0171432 0.0200655 0.0233108 0.0268825 0.0307783 0.0349895 0.0395008 0.0442904 0.0493293 0.0545824 0.060008 0.0655591 0.0711839 0.0768267 0.0824287 0.0879294 0.0932677 0.0983828 0.103215 0.107708 0.111809 0.115468 0.118642 0.121292 0.123387 0.124902 0.125818 0.126124 0.125818 0.124901 0.123387 0.121293 0.118644 0.115473 0.111818 0.107722 0.103235 0.0984092 0.0933026 0.0879739 0.0824838 0.0768933 0.0712627 0.0656503 0.0601115 0.054698 0.0494564 0.0444278 0.0396473 0.0351434 0.0309379 0.0270457 0.0234756 0.0202298 0.017305 0.014693 0.0123809 0.0103529 0.0085898 0.00707097 0.0057744 0.00467765 0.00375842 0.00299507 0.00236702 0.00185511 0.00144178 0.00111123 0.000849466 0.000644274 0.000485185 0.000363368 0.000271514 0.000203705 0.000155296 0.000122791 0.000103775 
0.000122378 0.000128069 0.000148651 0.000185822 0.000242465 0.000322768 0.000432348 0.000578385 0.000769772 0.00101727 0.00133364 0.00173375 0.00223463 0.00285549 0.00361758 0.00454407 0.00565971 0.00699042 0.00856278 0.0104033 0.0125379 0.0149906 0.0177831 0.0209335 0.0244555 0.0283574 0.0326414 0.0373027 0.0423293 0.0477014 0.0533913 0.0593634 0.065575 0.0719761 0.078511 0.0851184 0.0917332 0.0982872 0.10471 0.110933 0.116885 0.122499 0.127712 0.132462 0.136697 0.140365 0.143426 0.145843 0.14759 0.148645 0.148997 0.148641 0.147583 0.145834 0.143415 0.140353 0.136685 0.132452 0.127704 0.122496 0.116888 0.110944 0.104731 0.0983193 0.0917777 0.0851764 0.0785832 0.072063 0.0656765 0.0594792 0.0535205 0.0478428 0.0424813 0.0374634 0.0328086 0.0285289 0.0246289 0.0211064 0.0179532 0.0151557 0.0126962 0.0105532 0.00870295 0.00711993 0.00577794 0.00465073 0.00371266 0.00293925 0.00230757 0.0017965 0.00138697 0.00106204 0.000806851 0.000608642 0.00045661 0.000341789 0.000256907 0.00019624 0.000155475 0.000131631 
0.000154149 0.000161326 0.000187083 0.00023351 0.000304151 0.000404145 0.000540368 0.000721591 0.000958648 0.00126461 0.00165493 0.00214755 0.00276294 0.0035241 0.00445637 0.00558723 0.00694589 0.00856278 0.0104688 0.0126948 0.0152702 0.0182224 0.0215754 0.0253489 0.0295571 0.0342079 0.0393014 0.0448299 0.050777 0.0571173 0.0638163 0.0708308 0.0781092 0.0855923 0.0932144 0.100904 0.108586 0.116181 0.123611 0.130794 0.137653 0.144113 0.150101 0.155551 0.160402 0.164601 0.1681 0.170862 0.172855 0.174059 0.174459 0.174052 0.172842 0.170843 0.168076 0.164572 0.160371 0.155518 0.150069 0.144084 0.137629 0.130777 0.123602 0.116184 0.108602 0.100935 0.093261 0.0856558 0.0781899 0.0709288 0.0639311 0.0572478 0.0509217 0.0449869 0.0394683 0.0343823 0.0297365 0.0255303 0.0217562 0.0184 0.0154423 0.0128593 0.0106241 0.00870739 0.00707891 0.00570807 0.0045648 0.00362021 0.00284711 0.00222035 0.00171712 0.00131706 0.00100228 0.000757341 0.00056914 0.000426777 0.000321385 0.000245972 0.000195263 0.000165607 
0.000192597 0.00020157 0.000233537 0.00029105 0.000378427 0.000501924 0.000669887 0.000892939 0.00118417 0.00155932 0.00203694 0.0026385 0.0033884 0.00431391 0.00544501 0.00681398 0.00845497 0.0104033 0.0126948 0.0153645 0.0184459 0.0219695 0.0259616 0.0304433 0.0354289 0.0409248 0.0469289 0.0534293 0.0604043 0.0678218 0.0756394 0.083805 0.0922572 0.100926 0.109736 0.118603 0.127441 0.136162 0.144674 0.152888 0.160718 0.168078 0.17489 0.181082 0.186586 0.191344 0.195306 0.19843 0.200683 0.202042 0.202493 0.202032 0.200662 0.198399 0.195266 0.191296 0.186532 0.181024 0.17483 0.168018 0.160661 0.152837 0.144631 0.136129 0.127422 0.118599 0.10975 0.100959 0.09231 0.0838783 0.075733 0.0679349 0.0605356 0.0535769 0.0470905 0.0410978 0.0356103 0.0306301 0.0261506 0.0221576 0.0186304 0.0155428 0.0128647 0.010563 0.00860305 0.0069495 0.00556746 0.00442316 0.00348463 0.00272221 0.00210883 0.00162024 0.00123507 0.000934821 0.000703722 0.000528628 0.000398823 0.000305835 0.000243262 0.000206672 
0.0002387 0.000249825 0.000289174 0.000359841 0.000467047 0.000618338 0.000823764 0.00109609 0.00145098 0.00190726 0.00248699 0.00321565 0.00412207 0.00523834 0.00659954 0.00824331 0.0102092 0.0125379 0.0152702 0.0184459 0.0221023 0.0262732 0.030987 0.0362656 0.0421227 0.0485629 0.0555805 0.0631587 0.0712693 0.0798722 0.088916 0.0983384 0.108067 0.118021 0.128111 0.138243 0.14832 0.15824 0.167902 0.177208 0.18606 0.194367 0.202044 0.209009 0.215194 0.220533 0.224975 0.228474 0.230996 0.232516 0.23302 0.232501 0.230967 0.228431 0.224919 0.220466 0.215116 0.208924 0.201953 0.194274 0.185967 0.177118 0.167819 0.158166 0.14826 0.138199 0.128085 0.118016 0.108085 0.0983795 0.088981 0.0799607 0.0713804 0.0632907 0.055731 0.0487292 0.0423017 0.0364539 0.031181 0.0264694 0.0222974 0.0186366 0.0154539 0.0127122 0.0103723 0.00839377 0.00673649 0.00536134 0.00423111 0.00331105 0.00256936 0.00197741 0.00150988 0.00114475 0.000863227 0.000649591 0.000490989 0.000377241 0.000300644 0.000255855 
0.000293483 0.000307157 0.000355204 0.000441337 0.000571818 0.000755677 0.00100492 0.00133474 0.00176378 0.0023143 0.00301237 0.00388795 0.00497483 0.00631042 0.00793548 0.00989343 0.0122297 0.0149906 0.0182224 0.0219695 0.0262732 0.0311703 0.0366909 0.042857 0.0496815 0.0571658 0.0652999 0.0740607 0.0834123 0.0933055 0.103679 0.114458 0.125558 0.136887 0.148342 0.159818 0.171202 0.182384 0.193252 0.203696 0.213612 0.2229 0.231468 0.239231 0.246113 0.252047 0.256979 0.26086 0.263655 0.265339 0.265895 0.26532 0.263617 0.260804 0.256905 0.251958 0.246009 0.239116 0.231344 0.22277 0.21348 0.203564 0.193124 0.182265 0.171095 0.159727 0.148271 0.136838 0.125534 0.114459 0.103708 0.0933623 0.0834961 0.0741703 0.065433 0.0573197 0.0498529 0.0430423 0.036886 0.0313713 0.0264762 0.0221707 0.0184185 0.0151787 0.0124074 0.0100588 0.00808714 0.00644763 0.00509726 0.00399572 0.00310594 0.0023944 0.00183135 0.00139081 0.00105057 0.00079196 0.000599697 0.000461651 0.000368623 0.00031423 
0.000357986 0.000374656 0.000432853 0.000537005 0.000694556 0.000916229 0.00121624 0.00161256 0.00212714 0.00278615 0.00362012 0.00466398 0.00595698 0.00754244 0.00946722 0.0117811 0.0145356 0.0177831 0.0215754 0.0259616 0.030987 0.0366909 0.0431045 0.0502497 0.058137 0.0667643 0.0761155 0.0861604 0.0968538 0.108136 0.119934 0.132161 0.144719 0.157502 0.170394 0.183276 0.196025 0.208517 0.220631 0.232247 0.243252 0.25354 0.263014 0.271583 0.279169 0.285702 0.291125 0.295389 0.298458 0.300305 0.300914 0.300281 0.298411 0.29532 0.291034 0.285592 0.27904 0.271439 0.262856 0.253373 0.243078 0.23207 0.220456 0.208349 0.195867 0.183134 0.170271 0.157402 0.144645 0.132116 0.11992 0.108154 0.096903 0.0862403 0.0762244 0.0668994 0.0582951 0.0504267 0.0432963 0.0368929 0.0311949 0.0261709 0.0217821 0.0179838 0.014727 0.0119609 0.00963358 0.00769409 0.00609324 0.00478467 0.00372552 0.00287687 0.00220404 0.00167666 0.00126864 0.000958019 0.000726766 0.000560534 0.000448431 0.000382887 
0.000433245 0.000453399 0.000523335 0.000648285 0.000837035 0.00110221 0.00146053 0.00193304 0.00254543 0.00332818 0.00431676 0.0055516 0.00707793 0.00894542 0.0112076 0.0139208 0.0171432 0.0209335 0.0253489 0.0304433 0.0362656 0.042857 0.0502497 0.0584641 0.0675077 0.0773732 0.0880377 0.0994621 0.111591 0.124352 0.13766 0.151415 0.165503 0.179805 0.194191 0.208528 0.222681 0.236514 0.249896 0.2627 0.274804 0.286097 0.296476 0.305848 0.314131 0.321256 0.327163 0.331803 0.33514 0.337147 0.337809 0.33712 0.335085 0.331722 0.327056 0.321125 0.313978 0.305674 0.296285 0.285892 0.274588 0.262478 0.249673 0.236294 0.222469 0.20833 0.194011 0.179649 0.165374 0.151317 0.137596 0.124324 0.111598 0.0995054 0.0881155 0.077483 0.0676462 0.0586274 0.0504332 0.0430558 0.0364746 0.0306577 0.025564 0.021145 0.0173473 0.0141144 0.0113883 0.0091115 0.00722824 0.00568563 0.00443451 0.00343009 0.00263224 0.00200574 0.00152019 0.00114997 0.000873961 0.000675331 0.000541281 0.000462906 
0.000520254 0.000544423 0.000627808 0.000776548 0.00100093 0.0013157 0.00174035 0.00229939 0.00302258 0.0039452 0.0051081 0.00655771 0.00834572 0.0105286 0.013167 0.0163243 0.0200655 0.0244555 0.0295571 0.0354289 0.0421227 0.0496815 0.058137 0.0675077 0.0777967 0.0889903 0.101057 0.113948 0.127596 0.141916 0.156806 0.172153 0.18783 0.203699 0.219618 0.23544 0.251018 0.266205 0.28086 0.294848 0.308043 0.320327 0.331595 0.341752 0.350714 0.358412 0.364786 0.369789 0.373383 0.375544 0.376256 0.375513 0.373322 0.369697 0.364665 0.358263 0.350539 0.341551 0.331373 0.320086 0.307787 0.294582 0.280587 0.265932 0.25075 0.235184 0.219378 0.203482 0.187641 0.171997 0.156686 0.141834 0.127555 0.113948 0.101097 0.0890679 0.0779092 0.0676513 0.0583068 0.0498722 0.0423289 0.035645 0.0297778 0.0246757 0.0202807 0.0165307 0.0133615 0.0107089 0.00851012 0.00670531 0.00523859 0.00405876 0.00311982 0.00238119 0.00180778 0.00136987 0.00104294 0.0008074 0.000648326 0.00055532 
0.000619929 0.00064868 0.000747334 0.000923034 0.00118773 0.00155852 0.00205797 0.00271436 0.00356195 0.00464122 0.0059989 0.00768784 0.00976668 0.0122992 0.0153533 0.0189998 0.0233108 0.0283574 0.0342079 0.0409248 0.0485629 0.0571658 0.0667643 0.0773732 0.0889903 0.101594 0.115144 0.129578 0.144816 0.160759 0.17729 0.194278 0.211582 0.229048 0.24652 0.263838 0.280841 0.297374 0.313287 0.328439 0.342698 0.355943 0.368068 0.378976 0.388586 0.396827 0.403643 0.408986 0.412823 0.415128 0.415886 0.415094 0.412756 0.408886 0.40351 0.396662 0.38839 0.378752 0.367817 0.355669 0.342404 0.32813 0.312968 0.29705 0.280518 0.263522 0.246219 0.228769 0.211329 0.194059 0.177108 0.160618 0.14472 0.129527 0.115139 0.101633 0.0890706 0.077491 0.0669148 0.0573436 0.0487619 0.0411389 0.034431 0.0285838 0.0235352 0.0192177 0.0155607 0.0124931 0.00994497 0.00784907 0.00614236 0.00476681 0.00367006 0.00280573 0.0021336 0.00161951 0.00123517 0.000957971 0.00077062 0.000661079 
0.000733065 0.000766997 0.000882826 0.0010888 0.0013987 0.00183221 0.00241523 0.00318015 0.00416614 0.00541928 0.0069926 0.00894583 0.011345 0.0142614 0.0177708 0.0219515 0.0268825 0.0326414 0.0393014 0.0469289 0.0555805 0.0652999 0.0761155 0.0880377 0.101057 0.115144 0.130245 0.146285 0.163171 0.180786 0.198998 0.217658 0.236609 0.255683 0.274708 0.29351 0.311919 0.32977 0.346906 0.36318 0.378457 0.392617 0.40555 0.417163 0.427375 0.43612 0.443342 0.448999 0.453056 0.455493 0.456295 0.455457 0.452985 0.448892 0.4432 0.435943 0.427164 0.416919 0.405276 0.392314 0.378131 0.362833 0.346543 0.329397 0.311543 0.293137 0.274346 0.25534 0.236292 0.217373 0.198751 0.180582 0.163015 0.146179 0.130189 0.115138 0.101099 0.0881238 0.0762411 0.0654594 0.0557675 0.0471369 0.0395235 0.0328711 0.0271139 0.022179 0.0179899 0.0144683 0.0115367 0.00912055 0.0071491 0.00555712 0.00428543 0.00328146 0.00249943 0.00190036 0.0014519 0.00112808 0.000909064 0.000781005 
0.000860297 0.000900032 0.001035 0.00127466 0.00163478 0.00213785 0.00281338 0.00369823 0.00483679 0.00628117 0.00809107 0.0103335 0.0130823 0.0164166 0.02042 0.0251786 0.0307783 0.0373027 0.0448299 0.0534293 0.0631587 0.0740607 0.0861604 0.0994621 0.113948 0.129578 0.146285 0.163982 0.182556 0.201875 0.221789 0.242134 0.262732 0.283403 0.303958 0.324213 0.343987 0.363108 0.381411 0.398748 0.414982 0.429991 0.44367 0.455927 0.466686 0.475884 0.48347 0.489405 0.493659 0.496212 0.497052 0.496175 0.493585 0.489295 0.483323 0.4757 0.466465 0.45567 0.443378 0.429667 0.414628 0.398368 0.38101 0.362691 0.343562 0.323786 0.303537 0.282996 0.262349 0.241781 0.221475 0.201605 0.182335 0.163815 0.146173 0.129521 0.113946 0.0995107 0.0862555 0.0741968 0.0633291 0.0536269 0.0450473 0.0375328 0.0310141 0.0254138 0.0206493 0.0166353 0.0132868 0.0105214 0.00826054 0.00643134 0.00496747 0.00380976 0.00290649 0.00221348 0.00169401 0.00131851 0.00106436 0.000915747 
0.00100205 0.00104822 0.00120433 0.00148113 0.00189653 0.00247604 0.00325307 0.0042692 0.00557444 0.00722724 0.00929439 0.0118505 0.0149773 0.0187623 0.023297 0.0286751 0.0349895 0.0423293 0.050777 0.0604043 0.0712693 0.0834123 0.0968538 0.111591 0.127596 0.144816 0.163171 0.182556 0.202842 0.223879 0.245498 0.267517 0.289743 0.311978 0.334022 0.355678 0.376756 0.397078 0.416476 0.434798 0.45191 0.46769 0.482039 0.494868 0.506108 0.5157 0.5236 0.529773 0.534194 0.536846 0.537719 0.53681 0.534121 0.529663 0.523452 0.515514 0.505883 0.494605 0.481737 0.467352 0.451536 0.434394 0.416044 0.396624 0.376287 0.355201 0.333546 0.311512 0.289296 0.267098 0.245115 0.22354 0.202554 0.182324 0.162998 0.144704 0.127544 0.111597 0.0969131 0.0835198 0.0714182 0.0605872 0.050986 0.0425564 0.0352269 0.0289159 0.0235348 0.0189916 0.0151939 0.012051 0.00947654 0.00738969 0.0057166 0.00439113 0.00335529 0.0025594 0.00196201 0.00152974 0.00123695 0.00106573 
0.00115851 0.00121175 0.00139097 0.00170833 0.00218403 0.00284678 0.00373413 0.00489269 0.00637836 0.00825626 0.0106005 0.0134937 0.0170258 0.0212924 0.0263933 0.0324296 0.0395008 0.0477014 0.0571173 0.0678218 0.0798722 0.0933055 0.108136 0.124352 0.141916 0.160759 0.180786 0.201875 0.223879 0.246628 0.269935 0.2936 0.317413 0.341161 0.364631 0.387616 0.40992 0.431357 0.45176 0.470975 0.488872 0.505333 0.520264 0.533584 0.545229 0.55515 0.563308 0.569675 0.574231 0.576963 0.577863 0.576928 0.574161 0.569569 0.563165 0.554968 0.545007 0.533321 0.51996 0.504989 0.488488 0.470554 0.451305 0.430874 0.409415 0.387096 0.364105 0.340639 0.316905 0.293116 0.269485 0.246221 0.223522 0.201576 0.180549 0.160587 0.14181 0.124311 0.108155 0.0933797 0.0799951 0.0679858 0.0573139 0.0479221 0.0397371 0.0326736 0.0266377 0.0215309 0.0172533 0.0137062 0.010795 0.00843078 0.00653195 0.00502509 0.00384563 0.00293805 0.00225596 0.00176187 0.00142698 0.00123113 
0.00132956 0.0013905 0.00159477 0.00195601 0.00249686 0.00324942 0.00425557 0.00556722 0.0072464 0.0093652 0.0120054 0.0152575 0.0192199 0.0239967 0.0296956 0.0364249 0.0442904 0.0533913 0.0638163 0.0756394 0.088916 0.103679 0.119934 0.13766 0.156806 0.17729 0.198998 0.221789 0.245498 0.269935 0.294895 0.320157 0.345497 0.370687 0.395503 0.419729 0.443162 0.465615 0.486918 0.506923 0.5255 0.542541 0.557958 0.57168 0.583651 0.593829 0.602186 0.6087 0.613357 0.616147 0.617068 0.616115 0.613291 0.608601 0.602051 0.593657 0.583438 0.571425 0.557661 0.5422 0.525114 0.506495 0.486451 0.465112 0.44263 0.419175 0.394935 0.370116 0.344934 0.319612 0.294379 0.26946 0.245073 0.221422 0.198695 0.177056 0.156643 0.137567 0.119908 0.103715 0.0890086 0.0757804 0.0639968 0.0536022 0.0445226 0.0366695 0.0299445 0.0242428 0.0194571 0.015481 0.0122115 0.00955144 0.00741127 0.00571006 0.00437639 0.0033487 0.00257535 0.00201459 0.00163426 0.00141181 
0.00151477 0.00158399 0.00181515 0.00222343 0.00283401 0.00368255 0.00481545 0.00629012 0.00817494 0.0105492 0.0135023 0.0171332 0.0215485 0.0268608 0.0331854 0.0406377 0.0493293 0.0593634 0.0708308 0.083805 0.0983384 0.114458 0.132161 0.151415 0.172153 0.194278 0.217658 0.242134 0.267517 0.2936 0.320157 0.346952 0.373742 0.400287 0.426353 0.451717 0.47617 0.499525 0.521614 0.542293 0.561439 0.578953 0.594755 0.608784 0.620996 0.631359 0.639853 0.646465 0.651187 0.654016 0.65495 0.653988 0.65113 0.646376 0.639732 0.631202 0.620799 0.608546 0.594472 0.578623 0.561062 0.541868 0.521144 0.499012 0.47562 0.451137 0.425752 0.399675 0.373129 0.346351 0.319581 0.29306 0.267025 0.241699 0.217289 0.19398 0.17193 0.151267 0.132086 0.114453 0.0983969 0.0839192 0.0709916 0.0595614 0.0495545 0.0408805 0.0334368 0.0271127 0.0217941 0.0173667 0.0137194 0.0107467 0.00835081 0.00644327 0.00494557 0.00378987 0.00291914 0.00228713 0.00185818 0.00160728 
0.00171335 0.00179141 0.00205114 0.00250937 0.00319387 0.00414401 0.00541087 0.00705749 0.0091588 0.0118013 0.0150825 0.0191093 0.023997 0.029866 0.0368395 0.0450394 0.0545824 0.065575 0.0781092 0.0922572 0.108067 0.125558 0.144719 0.165503 0.18783 0.211582 0.236609 0.262732 0.289743 0.317413 0.345497 0.373742 0.401891 0.429691 0.456898 0.483283 0.508638 0.532774 0.555527 0.57676 0.596359 0.614233 0.630316 0.644557 0.656925 0.667399 0.675968 0.682629 0.687382 0.690228 0.691169 0.690204 0.687334 0.682554 0.675864 0.667262 0.656751 0.644343 0.630056 0.613925 0.596 0.576349 0.555064 0.532262 0.508081 0.482688 0.456272 0.429044 0.401237 0.373092 0.344866 0.316813 0.289187 0.262232 0.236174 0.211219 0.187545 0.165298 0.144594 0.125509 0.108088 0.0923412 0.0782471 0.0657568 0.0547977 0.0452779 0.0370913 0.0301221 0.0242495 0.0193518 0.0153097 0.0120095 0.00934529 0.00722072 0.00555016 0.00425933 0.00328563 0.0025782 0.00209776 0.0018167 
0.00192413 0.00201153 0.00230135 0.00281206 0.00357419 0.00463084 0.00603791 0.00786419 0.0101912 0.0131129 0.0167346 0.0211716 0.0265471 0.0329899 0.04063 0.0495957 0.060008 0.0719761 0.0855923 0.100926 0.118021 0.136887 0.157502 0.179805 0.203699 0.229048 0.255683 0.283403 0.311978 0.341161 0.370687 0.400287 0.429691 0.458633 0.486863 0.514148 0.540278 0.565068 0.58836 0.610025 0.629958 0.648082 0.664342 0.678701 0.691141 0.701652 0.710236 0.716899 0.721649 0.724492 0.725433 0.724474 0.721613 0.716842 0.710155 0.701541 0.690996 0.678517 0.664113 0.647804 0.629626 0.609637 0.587916 0.564567 0.539724 0.513547 0.486222 0.457963 0.429003 0.399596 0.370006 0.340505 0.311361 0.282838 0.255183 0.228621 0.203352 0.179542 0.157323 0.136791 0.118002 0.100977 0.0857045 0.0721391 0.0602109 0.0498275 0.04088 0.0332483 0.0268052 0.0214218 0.0169711 0.0133311 0.0103878 0.00803717 0.00618617 0.00475405 0.00367253 0.00288603 0.00235155 0.00203885 
0.00214559 0.00224275 0.00256391 0.00312926 0.00397207 0.00513929 0.00669167 0.00870383 0.011264 0.0144733 0.0184451 0.0233028 0.0291777 0.0362059 0.0445245 0.0542673 0.0655591 0.078511 0.0932144 0.109736 0.128111 0.148342 0.170394 0.194191 0.219618 0.24652 0.274708 0.303958 0.334022 0.364631 0.395503 0.426353 0.456898 0.486863 0.515992 0.544049 0.570827 0.596143 0.619849 0.641824 0.661976 0.680241 0.696578 0.710965 0.723396 0.733877 0.742419 0.74904 0.753754 0.756574 0.75751 0.756564 0.753731 0.749002 0.742363 0.733796 0.723285 0.710817 0.696387 0.68 0.66168 0.641468 0.619431 0.595663 0.570286 0.543453 0.515346 0.486178 0.456186 0.425629 0.39478 0.363925 0.33335 0.303334 0.274146 0.246031 0.21921 0.19387 0.170162 0.148198 0.12805 0.109751 0.0932983 0.0786527 0.0657472 0.0544902 0.0447708 0.0364648 0.0294397 0.0235596 0.0186899 0.0147007 0.0114701 0.00888614 0.00684862 0.00527019 0.00407687 0.00320829 0.00261766 0.00227208 
0.00237581 0.00248307 0.00283655 0.00345817 0.004384 0.00566483 0.0073663 0.00956882 0.0123673 0.0158701 0.0201984 0.0254834 0.0318642 0.0394842 0.0484869 0.0590107 0.0711839 0.0851184 0.100904 0.118603 0.138243 0.159818 0.183276 0.208528 0.23544 0.263838 0.29351 0.324213 0.355678 0.387616 0.419729 0.451717 0.483283 0.514148 0.544049 0.572751 0.600049 0.625766 0.649764 0.671932 0.692194 0.710498 0.726819 0.74115 0.753499 0.763886 0.772335 0.778872 0.783521 0.786302 0.787227 0.786299 0.783513 0.778856 0.772306 0.763838 0.753426 0.741043 0.726671 0.710301 0.691941 0.671617 0.649383 0.625317 0.599531 0.57217 0.543409 0.513459 0.482557 0.450967 0.418972 0.386868 0.354956 0.323535 0.292889 0.263288 0.234972 0.208149 0.18299 0.159624 0.138139 0.118582 0.100958 0.0852368 0.0713552 0.0592228 0.0487276 0.0397421 0.0321288 0.0257455 0.0204504 0.016106 0.0125823 0.00975999 0.00753157 0.00580317 0.0044951 0.00354216 0.00289379 0.00251438 
0.00261252 0.00273011 0.00311657 0.00379554 0.00480587 0.00620221 0.00805504 0.0104505 0.0134901 0.0172894 0.0219768 0.0276915 0.0345799 0.0427922 0.0524775 0.0637788 0.0768267 0.0917332 0.108586 0.127441 0.14832 0.171202 0.196025 0.222681 0.251018 0.280841 0.311919 0.343987 0.376756 0.40992 0.443162 0.47617 0.508638 0.540278 0.570827 0.600049 0.627743 0.653742 0.677917 0.700171 0.72044 0.73869 0.75491 0.76911 0.781311 0.791549 0.799858 0.806276 0.810836 0.813562 0.814471 0.813567 0.810844 0.806283 0.799859 0.791537 0.781279 0.769048 0.75481 0.738543 0.720236 0.699903 0.67758 0.653331 0.627257 0.59949 0.570201 0.539593 0.507905 0.475404 0.442379 0.409137 0.375992 0.34326 0.311245 0.280235 0.250493 0.222246 0.195685 0.170959 0.148171 0.127382 0.108608 0.0918267 0.0769795 0.0639784 0.0527111 0.0430475 0.0348457 0.0279578 0.0222351 0.0175327 0.0137134 0.01065 0.00822822 0.00634769 0.00492304 0.00388433 0.00317721 0.00276336 
0.00285312 0.00298115 0.00340089 0.00413766 0.00523307 0.00674556 0.00875038 0.0113393 0.0146202 0.0187156 0.0237613 0.0299035 0.0372958 0.0460946 0.0564543 0.0685216 0.0824287 0.0982872 0.116181 0.136162 0.15824 0.182384 0.208517 0.236514 0.266205 0.297374 0.32977 0.363108 0.397078 0.431357 0.465615 0.499525 0.532774 0.565068 0.596143 0.625766 0.653742 0.679914 0.704161 0.726403 0.74659 0.764703 0.780749 0.794752 0.80675 0.816791 0.824922 0.831192 0.835641 0.8383 0.839189 0.838313 0.835665 0.831223 0.824954 0.816816 0.806761 0.794738 0.7807 0.764609 0.746439 0.726187 0.703873 0.679548 0.653296 0.62524 0.59554 0.564396 0.532043 0.49875 0.464813 0.430546 0.396277 0.362336 0.329047 0.296716 0.265626 0.236026 0.208126 0.182093 0.158048 0.136064 0.116171 0.0983548 0.0825618 0.0687073 0.0566794 0.046346 0.0375615 0.0301727 0.0240247 0.0189657 0.014851 0.0115465 0.008931 0.00689782 0.00535604 0.00423106 0.0034648 0.00301628 
0.00309472 0.00323319 0.0036861 0.00448045 0.00566052 0.00728846 0.00944414 0.0122248 0.0157445 0.0201324 0.0255312 0.0320941 0.0399811 0.0493545 0.0603733 0.0731872 0.0879294 0.10471 0.123611 0.144674 0.167902 0.193252 0.220631 0.249896 0.28086 0.313287 0.346906 0.381411 0.416476 0.45176 0.486918 0.521614 0.555527 0.58836 0.619849 0.649764 0.677917 0.704161 0.728389 0.750534 0.770561 0.788469 0.804279 0.818033 0.829782 0.839589 0.847512 0.853611 0.857932 0.860515 0.86138 0.860535 0.857972 0.853665 0.847575 0.839652 0.829837 0.818067 0.804283 0.78843 0.770467 0.750375 0.728156 0.703845 0.677515 0.649275 0.619275 0.587708 0.554806 0.520839 0.486105 0.450927 0.415645 0.380603 0.34614 0.312582 0.280231 0.249357 0.220189 0.192914 0.167667 0.144539 0.123569 0.104752 0.0880421 0.0733581 0.0605888 0.049601 0.0402457 0.0323653 0.025799 0.0203884 0.0159821 0.0124391 0.00963169 0.00744708 0.00578898 0.00457823 0.00375314 0.00327013 
