0.00290696 0.00293395 0.00302158 0.00317058 0.00338183 0.00365655 0.00399624 0.00440264 0.00487769 0.00542347 0.00604213 0.00673584 0.0075067 0.00835665 0.00928743 0.0103004 0.0113967 0.0125767 0.0138406 0.0151876 0.0166163 0.0181249 0.0197102 0.0213686 0.0230955 0.0248852 0.0267314 0.0286268 0.0305631 0.0325312 0.0345215 0.0365232 0.0385254 0.0405163 0.0424838 0.0444155 0.0462986 0.0481206 0.0498689 0.051531 0.0530948 0.054549 0.0558825 0.0570851 0.0581477 0.0590619 0.0598206 0.0604177 0.0608484 0.0611094 0.0611986 0.0611152 0.0608599 0.0604349 0.0598436 0.0590906 0.0581821 0.0571252 0.0559282 0.0546003 0.0531517 0.0515933 0.0499365 0.0481935 0.0463765 0.0444982 0.0425712 0.040608 0.0386212 0.0366227 0.0346243 0.032637 0.0306714 0.0287372 0.0268434 0.0249983 0.0232091 0.0214823 0.0198234 0.0182371 0.016727 0.0152961 0.0139465 0.0126796 0.011496 0.0103958 0.00937833 0.00844274 0.00758761 0.00681125 0.00611174 0.00548702 0.00493496 0.00445343 0.00404039 0.00369393 0.00341233 0.00319412 0.00303812 0.00294365 
0.00293395 0.00296121 0.00304967 0.00320006 0.00341328 0.00369055 0.00403337 0.00444351 0.00492292 0.00547369 0.00609799 0.00679801 0.00757584 0.00843346 0.00937258 0.0103946 0.0115007 0.0126912 0.0139661 0.0153249 0.0167662 0.0182878 0.0198869 0.0215595 0.0233011 0.0251061 0.0269679 0.0288792 0.0308317 0.0328162 0.0348229 0.0368412 0.0388598 0.0408669 0.0428504 0.0447976 0.0466959 0.0485325 0.0502947 0.0519699 0.0535462 0.0550118 0.0563557 0.0575678 0.0586387 0.05956 0.0603245 0.0609262 0.0613603 0.0616233 0.061713 0.061629 0.0613717 0.0609433 0.0603473 0.0595885 0.0586728 0.0576076 0.0564011 0.0550627 0.0536027 0.0520318 0.0503619 0.0486049 0.0467734 0.0448799 0.0429373 0.0409582 0.0389552 0.0369403 0.0349254 0.0329217 0.0309397 0.0289893 0.0270797 0.025219 0.0234146 0.0216731 0.02 0.0184 0.0168769 0.0154335 0.0140722 0.0127941 0.0116001 0.0104901 0.00946365 0.00851972 0.00765693 0.00687359 0.00616778 0.00553742 0.00498035 0.00449446 0.00407766 0.00372804 0.00344388 0.00322369 0.00306627 0.00297095 
0.00302158 0.00304967 0.00314066 0.00329533 0.00351456 0.00379962 0.00415203 0.0045736 0.0050663 0.00563227 0.00627372 0.00699286 0.00779183 0.00867262 0.00963697 0.0106863 0.0118217 0.0130436 0.014352 0.0157461 0.0172247 0.0187854 0.0204252 0.0221402 0.0239257 0.0257758 0.0276839 0.0296423 0.0316426 0.0336755 0.0357308 0.0377976 0.0398645 0.0419193 0.0439496 0.0459426 0.0478853 0.0497646 0.0515676 0.0532815 0.0548939 0.056393 0.0577675 0.0590071 0.0601021 0.0610442 0.0618259 0.0624411 0.0628848 0.0631535 0.0632452 0.0631591 0.0628959 0.0624577 0.0618481 0.061072 0.0601354 0.0590459 0.0578118 0.0564428 0.0549491 0.0533421 0.0516335 0.0498357 0.0479614 0.0460236 0.0440352 0.0420093 0.0399586 0.0378955 0.0358322 0.0337799 0.0317497 0.0297516 0.0277949 0.0258881 0.0240387 0.0222535 0.0205381 0.0188974 0.0173353 0.0158548 0.0144581 0.0131468 0.0119214 0.0107821 0.00972843 0.0087593 0.00787337 0.00706891 0.00634398 0.00569646 0.00512418 0.00462496 0.0041967 0.00383745 0.00354545 0.00331919 0.00315744 0.00305952 
0.00317058 0.00320006 0.00329533 0.00345716 0.0036865 0.00398463 0.00435314 0.00479386 0.00530886 0.00590031 0.0065705 0.00732168 0.00815604 0.00907562 0.0100822 0.0111772 0.0123616 0.0136359 0.0150001 0.0164533 0.017994 0.0196199 0.0213277 0.0231134 0.0249718 0.0268971 0.0288821 0.030919 0.0329989 0.0351122 0.0372482 0.0393956 0.0415427 0.0436767 0.0457848 0.0478538 0.0498701 0.0518203 0.0536909 0.0554688 0.0571412 0.0586958 0.060121 0.0614061 0.0625413 0.0635178 0.0643279 0.0649653 0.065425 0.0657034 0.0657982 0.0657087 0.0654356 0.0649812 0.0643491 0.0635443 0.0625732 0.0614433 0.0601636 0.0587436 0.0571944 0.0555273 0.0537546 0.0518891 0.0499439 0.0479324 0.0458681 0.0437645 0.0416346 0.0394915 0.0373476 0.0352148 0.0331044 0.0310268 0.0289919 0.0270083 0.0250839 0.0232259 0.0214401 0.0197315 0.0181044 0.0165619 0.0151064 0.0137394 0.0124617 0.0112735 0.0101742 0.00916297 0.00823829 0.00739847 0.0066415 0.00596524 0.00536745 0.0048459 0.00439842 0.00402301 0.00371785 0.0034814 0.00331238 0.0032101 
0.00338183 0.00341328 0.00351456 0.0036865 0.00393007 0.00424661 0.00463778 0.00510548 0.00565185 0.00627916 0.00698977 0.007786 0.00867013 0.00964423 0.0107101 0.0118692 0.0131225 0.0144705 0.0159129 0.0174489 0.0190768 0.0207941 0.0225972 0.0244819 0.0264426 0.0284731 0.0305659 0.0327126 0.0349039 0.0371295 0.0393784 0.0416387 0.0438977 0.0461425 0.0483594 0.0505344 0.0526536 0.0547028 0.0566678 0.0585351 0.0602911 0.0619232 0.0634192 0.0647679 0.065959 0.0669835 0.0678332 0.0685017 0.0689837 0.0692755 0.0693746 0.0692804 0.0689936 0.0685166 0.067853 0.0670083 0.0659889 0.0648028 0.0634592 0.0619684 0.0603414 0.0585905 0.0567283 0.0547683 0.0527241 0.0506098 0.0484394 0.046227 0.0439866 0.0417316 0.039475 0.0372296 0.0350069 0.0328182 0.0306737 0.0285826 0.0265533 0.0245933 0.0227087 0.0209052 0.0191869 0.0175575 0.0160193 0.0145743 0.0132231 0.0119662 0.0108029 0.00973244 0.00875332 0.00786378 0.00706178 0.00634509 0.0057114 0.00515842 0.00468389 0.00428573 0.00396206 0.00371125 0.003532 0.00342357 
0.00365655 0.00369055 0.00379962 0.00398463 0.00424661 0.00458697 0.00500744 0.00551003 0.00609696 0.00677062 0.00753346 0.00838791 0.00933632 0.0103808 0.0115232 0.0127651 0.0141073 0.0155502 0.0170936 0.0187364 0.0204766 0.0223116 0.0242375 0.0262496 0.028342 0.0305079 0.0327393 0.0350272 0.0373617 0.0397319 0.0421259 0.044531 0.0469341 0.049321 0.0516775 0.0539888 0.0562399 0.0584161 0.0605024 0.0624842 0.0643476 0.0660791 0.0676658 0.0690959 0.0703588 0.0714447 0.0723453 0.0730537 0.0735642 0.0738731 0.0739778 0.0738776 0.0735732 0.0730671 0.0723633 0.0714673 0.070386 0.0691279 0.0677025 0.0661206 0.0643941 0.0625356 0.0605587 0.0584773 0.0563061 0.0540597 0.0517532 0.0494013 0.0470188 0.04462 0.0422188 0.0398285 0.0374616 0.03513 0.0328446 0.0306152 0.0284509 0.0263595 0.0243478 0.0224218 0.0205862 0.0188446 0.0172 0.0156543 0.0142084 0.0128628 0.011617 0.0104701 0.00942063 0.00846688 0.00760669 0.00683776 0.0061577 0.00556409 0.00505459 0.00462701 0.00427938 0.00401002 0.00381754 0.00370116 
0.00399624 0.00403337 0.00415203 0.00435314 0.00463778 0.00500744 0.00546396 0.00600945 0.00664627 0.00737691 0.00820395 0.00912994 0.0101573 0.0112883 0.0125247 0.0138681 0.0153193 0.0168788 0.018546 0.0203196 0.0221976 0.0241769 0.0262532 0.0284213 0.0306748 0.0330064 0.0354074 0.037868 0.0403776 0.0429244 0.0454957 0.0480778 0.0506566 0.0532172 0.0557441 0.0582216 0.0606338 0.0629649 0.0651989 0.0673206 0.0693148 0.0711673 0.0728646 0.0743941 0.0757443 0.0769051 0.0778677 0.0786245 0.0791699 0.0794996 0.0796111 0.0795035 0.0791777 0.0786363 0.0778834 0.076925 0.0757683 0.0744224 0.0728973 0.0712045 0.0693565 0.067367 0.06525 0.0630208 0.0606945 0.0582871 0.0558144 0.0532922 0.0507363 0.0481619 0.0455839 0.0430166 0.0404735 0.0379671 0.0355093 0.0331108 0.0307812 0.028529 0.0263618 0.0242858 0.0223063 0.0204274 0.0186523 0.0169831 0.015421 0.0139665 0.0126194 0.0113786 0.0102429 0.00921026 0.00827858 0.00744546 0.00670838 0.00606481 0.00551231 0.00504855 0.00467147 0.00437928 0.00417052 0.00404437 
0.00440264 0.00444351 0.0045736 0.00479386 0.00510548 0.00551003 0.00600945 0.006606 0.00730216 0.00810059 0.00900398 0.010015 0.0111362 0.0123699 0.013718 0.015182 0.0167627 0.0184604 0.0202744 0.0222033 0.0242445 0.0263947 0.0286491 0.031002 0.0334463 0.035974 0.0385755 0.0412405 0.043957 0.0467126 0.0494932 0.0522845 0.0550708 0.0578362 0.0605642 0.0632378 0.06584 0.0683537 0.070762 0.0730484 0.0751968 0.077192 0.0790195 0.0806659 0.0821191 0.083368 0.0844035 0.0852175 0.0858038 0.0861581 0.0862775 0.0861613 0.0858102 0.0852271 0.0844165 0.0833846 0.0821392 0.0806898 0.0790472 0.0772238 0.0752328 0.0730888 0.0708069 0.0684032 0.0658942 0.0632968 0.060628 0.0579049 0.0551442 0.0523625 0.0495757 0.0467993 0.0440478 0.0413349 0.0386733 0.0360747 0.0335495 0.031107 0.0287556 0.026502 0.024352 0.0223103 0.0203804 0.0185647 0.0168647 0.0152811 0.0138136 0.0124615 0.0112231 0.0100968 0.00908013 0.00817068 0.00736579 0.00666282 0.00605915 0.00555235 0.00514022 0.00482086 0.00459272 0.00445494 
0.00487769 0.00492292 0.0050663 0.00530886 0.00565185 0.00609696 0.00664627 0.00730216 0.0080673 0.00894447 0.00993653 0.0110463 0.0122765 0.0136293 0.015107 0.0167108 0.0184416 0.0202994 0.0222835 0.0243921 0.0266224 0.0289703 0.0314307 0.0339972 0.036662 0.0394162 0.0422494 0.0451501 0.0481056 0.0511019 0.0541241 0.0571563 0.0601818 0.0631833 0.0661428 0.0690422 0.071863 0.0745868 0.0771956 0.0796714 0.0819971 0.0841563 0.0861334 0.0879142 0.0894856 0.0908359 0.091955 0.0928346 0.093468 0.0938505 0.0939791 0.0938528 0.0934728 0.0928419 0.0919649 0.0908485 0.0895011 0.0879329 0.0861554 0.0841818 0.0820264 0.0797047 0.0772331 0.0746287 0.0719095 0.0690934 0.0661989 0.0632442 0.0602477 0.0572271 0.0541997 0.0511821 0.0481903 0.045239 0.0423421 0.0395124 0.0367612 0.0340989 0.0315343 0.0290753 0.0267281 0.024498 0.0223889 0.0204035 0.0185438 0.0168105 0.0152035 0.013722 0.0123647 0.0111296 0.0100143 0.00901619 0.00813255 0.00736054 0.00669742 0.0061406 0.00568773 0.00533678 0.00508613 0.00493484 
0.00542347 0.00547369 0.00563227 0.00590031 0.00627916 0.00677062 0.00737691 0.00810059 0.00894447 0.00991152 0.0110048 0.0122272 0.0135816 0.0150704 0.0166956 0.0184586 0.0203603 0.0224005 0.0245782 0.0268912 0.0293362 0.0319089 0.0346033 0.0374123 0.0403274 0.0433385 0.0464345 0.0496024 0.0528285 0.0560975 0.0593931 0.0626981 0.0659942 0.0692626 0.0724839 0.0756384 0.0787062 0.0816674 0.0845024 0.0871921 0.0897178 0.092062 0.094208 0.0961403 0.097845 0.0993095 0.100523 0.101477 0.102163 0.102577 0.102716 0.102579 0.102166 0.101481 0.100529 0.0993177 0.0978553 0.096153 0.0942234 0.0920803 0.0897394 0.0872172 0.0845314 0.0817005 0.0787437 0.0756806 0.0725309 0.0693146 0.0660513 0.0627604 0.0594606 0.0561701 0.052906 0.0496846 0.046521 0.0434292 0.0404217 0.0375098 0.0347033 0.0320109 0.0294397 0.0269953 0.0246824 0.0225041 0.0204625 0.0185587 0.0167928 0.0151641 0.0136711 0.012312 0.0110841 0.00998491 0.00901139 0.00816059 0.0074296 0.00681565 0.00631624 0.00592923 0.00565287 0.00548614 
0.00604213 0.00609799 0.00627372 0.0065705 0.00698977 0.00753346 0.00820395 0.00900398 0.00993653 0.0110048 0.0122119 0.0135611 0.0150551 0.0166967 0.0184878 0.0204298 0.0225233 0.0247682 0.0271629 0.0297051 0.032391 0.0352154 0.0381719 0.0412524 0.0444474 0.047746 0.0511355 0.0546021 0.0581304 0.0617039 0.0653046 0.0689137 0.0725114 0.0760773 0.0795903 0.0830289 0.0863717 0.089597 0.0926838 0.0956112 0.0983594 0.100909 0.103243 0.105343 0.107196 0.108788 0.110106 0.111141 0.111887 0.112336 0.112487 0.112337 0.111888 0.111143 0.110108 0.108791 0.107201 0.105349 0.103251 0.100919 0.0983722 0.0956271 0.092703 0.0896201 0.086399 0.0830608 0.079627 0.0761191 0.0725585 0.0689662 0.0653626 0.0617674 0.0581994 0.0546764 0.0512148 0.04783 0.0445358 0.0413446 0.0382675 0.0353138 0.0324914 0.029807 0.0272655 0.0248707 0.022625 0.0205298 0.0185855 0.0167913 0.0151459 0.0136472 0.0122928 0.0110798 0.0100051 0.00906563 0.0082582 0.00757991 0.0070281 0.00660045 0.00629511 0.00611101 
0.00673584 0.00679801 0.00699286 0.00732168 0.007786 0.00838791 0.00912994 0.010015 0.0110463 0.0122272 0.0135611 0.0150512 0.0167006 0.018512 0.0204874 0.0226281 0.0249347 0.0274065 0.0300421 0.0328384 0.035791 0.0388943 0.0421408 0.0455217 0.0490263 0.0526425 0.0563564 0.0601527 0.0640146 0.0679239 0.071861 0.0758054 0.0797355 0.0836289 0.0874629 0.0912141 0.0948593 0.098375 0.101738 0.104927 0.10792 0.110695 0.113235 0.11552 0.117535 0.119266 0.120699 0.121825 0.122635 0.123123 0.123286 0.123122 0.122633 0.121823 0.120697 0.119263 0.117533 0.115519 0.113234 0.110696 0.107923 0.104933 0.101747 0.0983868 0.094875 0.0912342 0.0874878 0.083659 0.079771 0.0758467 0.0719082 0.0679771 0.0640738 0.0602178 0.0564272 0.0527187 0.0491076 0.0456077 0.042231 0.038988 0.0358877 0.0329372 0.0301423 0.0275074 0.0250353 0.0227277 0.0205852 0.0186071 0.0167923 0.0151385 0.0136434 0.0123038 0.0111165 0.0100783 0.00918573 0.00843579 0.00782559 0.00735269 0.00701508 0.00681161 
0.0075067 0.00757584 0.00779183 0.00815604 0.00867013 0.00933632 0.0101573 0.0111362 0.0122765 0.0135816 0.0150551 0.0167006 0.0185212 0.0205195 0.0226977 0.025057 0.0275978 0.0303192 0.0332193 0.0362945 0.0395399 0.042949 0.0465135 0.0502234 0.054067 0.0580308 0.0620996 0.0662564 0.0704828 0.0747589 0.0790632 0.0833734 0.0876659 0.0919164 0.0961001 0.100192 0.104166 0.107998 0.111662 0.115135 0.118393 0.121414 0.124177 0.126663 0.128855 0.130736 0.132294 0.133518 0.134398 0.134928 0.135104 0.134926 0.134394 0.133512 0.132287 0.130728 0.128845 0.126653 0.124167 0.121405 0.118385 0.115129 0.111658 0.107997 0.104169 0.100199 0.0961118 0.0919333 0.0876884 0.0834019 0.079098 0.0748002 0.0705307 0.0663108 0.0621605 0.0580979 0.0541401 0.050302 0.0465971 0.0430371 0.0396318 0.0363894 0.0333164 0.0304178 0.0276969 0.0251558 0.0227952 0.0206148 0.0186134 0.0167889 0.0151387 0.0136595 0.0123482 0.011201 0.0102146 0.00938557 0.00871096 0.00818811 0.00781488 0.00759006 
0.00835665 0.00843346 0.00867262 0.00907562 0.00964423 0.0103808 0.0112883 0.0123699 0.0136293 0.0150704 0.0166967 0.018512 0.0205195 0.0227221 0.0251216 0.0277195 0.0305156 0.033509 0.0366972 0.0400761 0.0436402 0.0473818 0.0512919 0.0553593 0.059571 0.063912 0.0683656 0.0729132 0.0775345 0.0822077 0.0869095 0.0916153 0.0962995 0.100936 0.105497 0.109957 0.114286 0.118459 0.122447 0.126226 0.12977 0.133056 0.13606 0.138762 0.141143 0.143187 0.144879 0.146208 0.147163 0.147738 0.147929 0.147735 0.147156 0.146198 0.144867 0.143172 0.141126 0.138743 0.13604 0.133035 0.12975 0.126207 0.12243 0.118444 0.114275 0.109949 0.105494 0.100938 0.0963076 0.0916295 0.0869304 0.0822356 0.0775696 0.0729556 0.0684152 0.0639687 0.0596345 0.0554293 0.0513678 0.0474632 0.0437262 0.0401662 0.0367904 0.0336045 0.0306124 0.0278166 0.0252182 0.022817 0.0206119 0.0186009 0.0167811 0.0151495 0.0137023 0.0124361 0.0113469 0.0104314 0.00968624 0.0091087 0.00869648 0.00844829 
0.00928743 0.00937258 0.00963697 0.0100822 0.0107101 0.0115232 0.0125247 0.013718 0.015107 0.0166956 0.0184878 0.0204874 0.0226977 0.0251216 0.0277611 0.0306173 0.03369 0.0369777 0.0404774 0.0441846 0.0480928 0.0521935 0.0564765 0.0609294 0.0655377 0.070285 0.0751528 0.0801208 0.0851667 0.0902666 0.0953951 0.100526 0.10563 0.11068 0.115646 0.120499 0.125209 0.129746 0.134082 0.138188 0.142038 0.145605 0.148867 0.151799 0.154383 0.156601 0.158436 0.159877 0.160912 0.161535 0.161742 0.16153 0.160902 0.159862 0.158417 0.156578 0.154357 0.151771 0.148836 0.145573 0.142005 0.138155 0.13405 0.129716 0.125182 0.120476 0.115627 0.110666 0.105622 0.100524 0.0954005 0.0902795 0.0851874 0.0801495 0.0751895 0.0703297 0.0655901 0.0609893 0.0565434 0.0522668 0.0481719 0.0442688 0.0405657 0.0370692 0.0337837 0.0307122 0.0278562 0.0252157 0.0227898 0.0205764 0.0185728 0.0167755 0.015181 0.0137853 0.0125846 0.011575 0.0107532 0.0101162 0.00966163 0.00938803 
0.0103004 0.0103946 0.0106863 0.0111772 0.0118692 0.0127651 0.0138681 0.015182 0.0167108 0.0184586 0.0204298 0.0226281 0.025057 0.0277195 0.0306173 0.0337514 0.0371215 0.0407255 0.0445601 0.0486197 0.0528971 0.0573829 0.0620655 0.0669312 0.0719642 0.0771461 0.0824568 0.0878739 0.0933731 0.0989283 0.104512 0.110095 0.115647 0.121138 0.126535 0.131806 0.13692 0.141845 0.146549 0.151003 0.155177 0.159044 0.162578 0.165755 0.168553 0.170955 0.172942 0.174501 0.175621 0.176295 0.176518 0.176289 0.175608 0.174481 0.172916 0.170924 0.168518 0.165715 0.162535 0.158998 0.15513 0.150955 0.146501 0.141798 0.136876 0.131765 0.126498 0.121106 0.115622 0.110076 0.1045 0.0989246 0.0933778 0.0878873 0.0824791 0.0771773 0.0720041 0.0669797 0.062122 0.0574469 0.052968 0.0486968 0.0446424 0.0408121 0.0372112 0.0338433 0.0307101 0.027812 0.0251483 0.0227168 0.0205149 0.0185391 0.0167856 0.0152502 0.013929 0.0128179 0.0119133 0.0112121 0.0107117 0.0104107 
0.0113967 0.0115007 0.0118217 0.0123616 0.0131225 0.0141073 0.0153193 0.0167627 0.0184416 0.0203603 0.0225233 0.0249347 0.0275978 0.0305156 0.03369 0.0371215 0.0408095 0.0447515 0.0489435 0.0533793 0.0580505 0.0629467 0.068055 0.0733602 0.0788448 0.0844889 0.09027 0.096164 0.102144 0.108182 0.114248 0.120311 0.126337 0.132293 0.138145 0.143859 0.1494 0.154733 0.159826 0.164646 0.169162 0.173345 0.177166 0.1806 0.183625 0.18622 0.188366 0.19005 0.19126 0.191988 0.192228 0.191979 0.191244 0.190026 0.188334 0.186181 0.18358 0.18055 0.17711 0.173285 0.1691 0.164582 0.159762 0.154669 0.149337 0.143799 0.138089 0.132242 0.126292 0.120273 0.114218 0.10816 0.102131 0.0961605 0.0902763 0.0845049 0.0788707 0.0733957 0.0680997 0.0630001 0.058112 0.053448 0.0490187 0.044832 0.0408942 0.0372093 0.0337797 0.030606 0.0276875 0.0250225 0.0226081 0.0204409 0.0185168 0.0168316 0.015381 0.0141609 0.0131674 0.0123973 0.0118478 0.0115173 
0.0125767 0.0126912 0.0130436 0.0136359 0.0144705 0.0155502 0.0168788 0.0184604 0.0202994 0.0224005 0.0247682 0.0274065 0.0303192 0.033509 0.0369777 0.0407255 0.0447515 0.0490527 0.0536243 0.0584592 0.063548 0.0688792 0.0744384 0.0802088 0.0861711 0.0923035 0.0985817 0.104979 0.111467 0.118014 0.124588 0.131155 0.137679 0.144126 0.150456 0.156634 0.162623 0.168386 0.173886 0.17909 0.183965 0.188477 0.192599 0.196303 0.199564 0.20236 0.204674 0.206488 0.207791 0.208575 0.208833 0.208565 0.207771 0.206458 0.204635 0.202313 0.199508 0.19624 0.19253 0.188403 0.183886 0.179009 0.173804 0.168303 0.162541 0.156554 0.15038 0.144054 0.137614 0.131096 0.124537 0.117972 0.111434 0.104957 0.0985702 0.0923029 0.0861813 0.0802297 0.0744697 0.0689205 0.0635987 0.0585183 0.0536911 0.0491261 0.0448303 0.0408084 0.0370634 0.0335963 0.0304067 0.0274928 0.024852 0.0224806 0.0203746 0.0185295 0.0169409 0.0156044 0.0145161 0.0136723 0.0130703 0.0127084 
0.0138406 0.0139661 0.014352 0.0150001 0.0159129 0.0170936 0.018546 0.0202744 0.0222835 0.0245782 0.0271629 0.0300421 0.0332193 0.0366972 0.0404774 0.0445601 0.0489435 0.0536243 0.0585967 0.0638529 0.0693823 0.075172 0.0812061 0.0874662 0.0939311 0.100577 0.107377 0.114303 0.121323 0.128403 0.13551 0.142605 0.149651 0.15661 0.16344 0.170103 0.176559 0.18277 0.188695 0.194299 0.199546 0.204403 0.208838 0.212821 0.216328 0.219335 0.221821 0.223771 0.225172 0.226013 0.226291 0.226001 0.225148 0.223736 0.221775 0.219278 0.216261 0.212746 0.208754 0.204313 0.199451 0.1942 0.188593 0.182666 0.176456 0.170002 0.163342 0.156516 0.149563 0.142524 0.135437 0.12834 0.12127 0.114261 0.107346 0.100558 0.093924 0.087471 0.0812226 0.0751997 0.0694207 0.0639011 0.0586539 0.0536892 0.0490151 0.0446369 0.0405583 0.0367806 0.0333037 0.0301262 0.0272452 0.0246573 0.0223582 0.0203434 0.0186082 0.0171482 0.015959 0.015037 0.0143792 0.0139839 
0.0151876 0.0153249 0.0157461 0.0164533 0.0174489 0.0187364 0.0203196 0.0222033 0.0243921 0.0268912 0.0297051 0.0328384 0.0362945 0.0400761 0.0441846 0.0486197 0.0533793 0.0584592 0.0638529 0.0695515 0.0755433 0.0818138 0.0883456 0.0951185 0.102109 0.109292 0.116638 0.124115 0.131691 0.139328 0.146989 0.154634 0.162223 0.169714 0.177064 0.184231 0.191172 0.197846 0.204212 0.210231 0.215864 0.221077 0.225835 0.230108 0.233869 0.237093 0.239759 0.241849 0.24335 0.244251 0.244548 0.244237 0.243322 0.241808 0.239705 0.237027 0.233791 0.23002 0.225737 0.220971 0.215752 0.210113 0.204091 0.197722 0.191047 0.184107 0.176943 0.169597 0.162112 0.15453 0.146893 0.139241 0.131615 0.124051 0.116586 0.109253 0.102083 0.0951057 0.0883457 0.0818264 0.0755679 0.0695874 0.063899 0.0585145 0.0534425 0.0486895 0.0442595 0.0401547 0.0363751 0.0329195 0.0297852 0.0269687 0.0244658 0.0222717 0.0203817 0.018791 0.0174952 0.0164905 0.0157738 0.0153431 
0.0166163 0.0167662 0.0172247 0.017994 0.0190768 0.0204766 0.0221976 0.0242445 0.0266224 0.0293362 0.032391 0.035791 0.0395399 0.0436402 0.0480928 0.0528971 0.0580505 0.063548 0.0693823 0.0755433 0.0820179 0.0887901 0.095841 0.103148 0.110687 0.118428 0.126341 0.134392 0.142544 0.150758 0.158994 0.167209 0.17536 0.183402 0.191289 0.198976 0.206419 0.213572 0.220392 0.226838 0.232869 0.238448 0.243539 0.24811 0.252132 0.255579 0.258429 0.260663 0.262267 0.26323 0.263547 0.263214 0.262235 0.260616 0.258367 0.255503 0.252043 0.248008 0.243426 0.238325 0.232738 0.2267 0.220249 0.213425 0.206271 0.198829 0.191143 0.18326 0.175224 0.16708 0.158874 0.150647 0.142444 0.134305 0.126267 0.118368 0.11064 0.103116 0.0958232 0.0887862 0.0820273 0.0755654 0.0694162 0.0635924 0.0581042 0.0529587 0.0481607 0.0437129 0.0396158 0.0358684 0.0324682 0.0294117 0.0266945 0.024312 0.0222591 0.020531 0.0191231 0.0180314 0.0172526 0.0167848 
0.0181249 0.0182878 0.0187854 0.0196199 0.0207941 0.0223116 0.0241769 0.0263947 0.0289703 0.0319089 0.0352154 0.0388943 0.042949 0.0473818 0.0521935 0.0573829 0.0629467 0.0688792 0.075172 0.0818138 0.0887901 0.0960835 0.103673 0.111534 0.11964 0.12796 0.13646 0.145103 0.153851 0.162661 0.17149 0.180293 0.189023 0.197631 0.206071 0.214293 0.222249 0.229894 0.23718 0.244064 0.250503 0.256457 0.261889 0.266765 0.271054 0.27473 0.277768 0.280149 0.281858 0.282884 0.283221 0.282866 0.281822 0.280095 0.277698 0.274644 0.270953 0.26665 0.261761 0.256317 0.250353 0.243906 0.237016 0.229725 0.222078 0.214121 0.2059 0.197464 0.18886 0.180138 0.171344 0.162525 0.153726 0.144991 0.136362 0.127877 0.119572 0.111482 0.103636 0.0960615 0.088783 0.0818208 0.0751922 0.0689114 0.0629896 0.0574351 0.0522534 0.0474478 0.0430192 0.0389671 0.0352889 0.0319815 0.0290403 0.0264606 0.0242373 0.0223654 0.0208401 0.0196572 0.0188134 0.0183068 
0.0197102 0.0198869 0.0204252 0.0213277 0.0225972 0.0242375 0.0262532 0.0286491 0.0314307 0.0346033 0.0381719 0.0421408 0.0465135 0.0512919 0.0564765 0.0620655 0.068055 0.0744384 0.0812061 0.0883456 0.095841 0.103673 0.111819 0.120252 0.128943 0.137859 0.146963 0.156217 0.165577 0.174999 0.184437 0.193842 0.203165 0.212354 0.221358 0.230127 0.23861 0.246757 0.254518 0.261849 0.268703 0.275039 0.280819 0.286005 0.290567 0.294474 0.297703 0.300234 0.30205 0.30314 0.303498 0.30312 0.30201 0.300175 0.297625 0.294378 0.290453 0.285876 0.280675 0.274882 0.268535 0.261671 0.254332 0.246565 0.238415 0.22993 0.221162 0.21216 0.202975 0.19366 0.184263 0.174836 0.165425 0.156079 0.14684 0.137751 0.128852 0.120177 0.111761 0.103632 0.0958159 0.0883361 0.0812113 0.0744571 0.068086 0.0621073 0.0565273 0.0513501 0.0465772 0.0422082 0.038241 0.0346724 0.031498 0.028713 0.0263121 0.0242903 0.0226426 0.0213648 0.0204533 0.0199061 
0.0213686 0.0215595 0.0221402 0.0231134 0.0244819 0.0262496 0.0284213 0.031002 0.0339972 0.0374123 0.0412524 0.0455217 0.0502234 0.0553593 0.0609294 0.0669312 0.0733602 0.0802088 0.0874662 0.0951185 0.103148 0.111534 0.120252 0.129273 0.138565 0.148092 0.157816 0.167693 0.17768 0.187728 0.197788 0.207808 0.217735 0.227516 0.237097 0.246422 0.25544 0.264096 0.272341 0.280125 0.2874 0.294124 0.300256 0.305756 0.310593 0.314735 0.318158 0.32084 0.322764 0.323919 0.324298 0.323897 0.32272 0.320775 0.318072 0.314629 0.310468 0.305613 0.300096 0.29395 0.287213 0.279926 0.272133 0.263881 0.255219 0.246199 0.236873 0.227295 0.217518 0.207598 0.197586 0.187537 0.177501 0.167528 0.157666 0.147959 0.138449 0.129175 0.120172 0.111472 0.103104 0.0950912 0.0874552 0.0802129 0.0733781 0.0669614 0.06097 0.0554087 0.0502796 0.0455827 0.0413163 0.0374772 0.0340612 0.0310633 0.0284783 0.026301 0.0245264 0.02315 0.0221682 0.021579 
0.0230955 0.0233011 0.0239257 0.0249718 0.0264426 0.028342 0.0306748 0.0334463 0.036662 0.0403274 0.0444474 0.0490263 0.054067 0.059571 0.0655377 0.0719642 0.0788448 0.0861711 0.0939311 0.102109 0.110687 0.11964 0.128943 0.138565 0.14847 0.158622 0.168977 0.179491 0.190116 0.200801 0.211493 0.222138 0.232679 0.24306 0.253224 0.263113 0.272672 0.281844 0.290577 0.298818 0.30652 0.313634 0.32012 0.325938 0.331052 0.335431 0.339048 0.341882 0.343916 0.345136 0.345535 0.345112 0.343868 0.341811 0.338954 0.335314 0.330914 0.325781 0.319945 0.313443 0.306313 0.298599 0.290346 0.281605 0.272427 0.262864 0.252974 0.242811 0.232434 0.221898 0.211262 0.20058 0.189908 0.179298 0.168799 0.158461 0.148328 0.138442 0.12884 0.119556 0.110622 0.102063 0.0939026 0.0861594 0.0788485 0.0719816 0.0655672 0.0596107 0.0541148 0.0490802 0.0445054 0.0403874 0.036722 0.0335045 0.0307295 0.0283917 0.026486 0.0250078 0.0239534 0.0233208 
0.0248852 0.0251061 0.0257758 0.0268971 0.0284731 0.0305079 0.0330064 0.035974 0.0394162 0.0433385 0.047746 0.0526425 0.0580308 0.063912 0.070285 0.0771461 0.0844889 0.0923035 0.100577 0.109292 0.118428 0.12796 0.137859 0.148092 0.158622 0.169407 0.180404 0.191563 0.202835 0.214165 0.225497 0.236773 0.247935 0.258922 0.269674 0.280131 0.290235 0.299926 0.30915 0.317851 0.32598 0.333487 0.340329 0.346464 0.351855 0.356472 0.360284 0.363271 0.365413 0.366699 0.367119 0.366673 0.365361 0.363194 0.360182 0.356345 0.351706 0.346293 0.340138 0.333278 0.325754 0.317611 0.308897 0.299664 0.289965 0.279856 0.269397 0.258645 0.247661 0.236505 0.225236 0.213915 0.202598 0.191341 0.180198 0.169219 0.158453 0.147943 0.137731 0.127853 0.118341 0.109226 0.10053 0.0922748 0.0844771 0.0771498 0.0703023 0.063941 0.0580694 0.0526885 0.0477972 0.043393 0.0394717 0.0360285 0.0330583 0.0305555 0.0285149 0.0269321 0.0258031 0.0251258 
0.0267314 0.0269679 0.0276839 0.0288821 0.0305659 0.0327393 0.0354074 0.0385755 0.0422494 0.0464345 0.0511355 0.0563564 0.0620996 0.0683656 0.0751528 0.0824568 0.09027 0.0985817 0.107377 0.116638 0.126341 0.13646 0.146963 0.157816 0.168977 0.180404 0.192048 0.20386 0.215784 0.227764 0.23974 0.251652 0.263438 0.275033 0.286376 0.297403 0.308052 0.318264 0.327978 0.33714 0.345695 0.353595 0.360791 0.367243 0.372912 0.377765 0.381772 0.38491 0.387161 0.388512 0.388954 0.388484 0.387106 0.384827 0.381662 0.377629 0.372752 0.36706 0.360586 0.353369 0.345451 0.336879 0.327704 0.317978 0.307757 0.297102 0.286071 0.274728 0.263135 0.251354 0.23945 0.227484 0.215517 0.203608 0.191813 0.180187 0.16878 0.15764 0.14681 0.136328 0.126232 0.11655 0.10731 0.098535 0.090242 0.0824458 0.075157 0.068383 0.062128 0.0563937 0.0511794 0.0464826 0.0422998 0.038626 0.035456 0.0327844 0.0306059 0.028916 0.0277106 0.0269877 
0.0286268 0.0288792 0.0296423 0.030919 0.0327126 0.0350272 0.037868 0.0412405 0.0451501 0.0496024 0.0546021 0.0601527 0.0662564 0.0729132 0.0801208 0.0878739 0.096164 0.104979 0.114303 0.124115 0.134392 0.145103 0.156217 0.167693 0.179491 0.191563 0.20386 0.216326 0.228906 0.241538 0.25416 0.266708 0.279118 0.291322 0.303255 0.31485 0.326045 0.336774 0.346978 0.356597 0.365577 0.373866 0.381416 0.388182 0.394126 0.399213 0.403413 0.406702 0.409061 0.410475 0.410938 0.410446 0.409001 0.406613 0.403296 0.399068 0.393954 0.387985 0.381195 0.373624 0.365315 0.356317 0.346681 0.336465 0.325725 0.314524 0.302923 0.290989 0.278786 0.266381 0.25384 0.241227 0.228608 0.216044 0.203595 0.191317 0.179266 0.16749 0.156037 0.144947 0.134259 0.124005 0.114216 0.104913 0.0961187 0.0878473 0.080111 0.0729182 0.066274 0.0601806 0.0546379 0.0496438 0.0451948 0.0412862 0.0379129 0.0350695 0.0327506 0.0309515 0.0296683 0.0288989 
0.0305631 0.0308317 0.0316426 0.0329989 0.0349039 0.0373617 0.0403776 0.043957 0.0481056 0.0528285 0.0581304 0.0640146 0.0704828 0.0775345 0.0851667 0.0933731 0.102144 0.111467 0.121323 0.131691 0.142544 0.153851 0.165577 0.17768 0.190116 0.202835 0.215784 0.228906 0.24214 0.255423 0.268689 0.281872 0.294903 0.307713 0.320232 0.332393 0.344127 0.35537 0.366059 0.376132 0.385532 0.394206 0.402104 0.409181 0.415397 0.420715 0.425105 0.428543 0.431008 0.432486 0.432969 0.432455 0.430945 0.428449 0.424981 0.420561 0.415215 0.408972 0.40187 0.393948 0.385252 0.375832 0.365742 0.355039 0.343784 0.33204 0.319874 0.307352 0.294543 0.281515 0.268339 0.255082 0.241812 0.228593 0.215489 0.20256 0.189862 0.177449 0.16537 0.153669 0.142386 0.131558 0.121214 0.111381 0.102081 0.0933301 0.0851421 0.0775264 0.0704888 0.0640324 0.0581575 0.0528624 0.048144 0.0439977 0.0404184 0.0374008 0.0349395 0.0330299 0.0316678 0.0308512 
0.0325312 0.0328162 0.0336755 0.0351122 0.0371295 0.0397319 0.0429244 0.0467126 0.0511019 0.0560975 0.0617039 0.0679239 0.0747589 0.0822077 0.0902666 0.0989283 0.108182 0.118014 0.128403 0.139328 0.150758 0.162661 0.174999 0.187728 0.200801 0.214165 0.227764 0.241538 0.255423 0.269353 0.283259 0.297071 0.310718 0.324127 0.337227 0.349946 0.362214 0.373964 0.38513 0.39565 0.405464 0.414517 0.422758 0.430141 0.436623 0.442168 0.446746 0.450329 0.452898 0.454439 0.454942 0.454406 0.452832 0.45023 0.446615 0.442007 0.436431 0.42992 0.42251 0.414244 0.405167 0.395332 0.384793 0.373611 0.361847 0.349569 0.336842 0.323739 0.310329 0.296685 0.282879 0.268982 0.255064 0.241194 0.227438 0.21386 0.200518 0.187469 0.174765 0.162453 0.150576 0.139172 0.128273 0.117908 0.1081 0.0988683 0.0902266 0.0821858 0.0747526 0.0679309 0.0617216 0.0561235 0.0511336 0.0467477 0.0429607 0.0397674 0.0371626 0.0351413 0.0336997 0.0328355 
0.0345215 0.0348229 0.0357308 0.0372482 0.0393784 0.0421259 0.0454957 0.0494932 0.0541241 0.0593931 0.0653046 0.071861 0.0790632 0.0869095 0.0953951 0.104512 0.114248 0.124588 0.13551 0.146989 0.158994 0.17149 0.184437 0.197788 0.211493 0.225497 0.23974 0.25416 0.268689 0.283259 0.297797 0.312231 0.326485 0.340484 0.354155 0.367423 0.380216 0.392464 0.404099 0.415057 0.425276 0.434701 0.443277 0.450958 0.457701 0.463469 0.468228 0.471954 0.474625 0.476226 0.47675 0.476192 0.474556 0.471851 0.468092 0.463299 0.4575 0.450727 0.443017 0.434413 0.424964 0.414721 0.403743 0.39209 0.379827 0.367022 0.353746 0.34007 0.326068 0.311816 0.297388 0.282859 0.268301 0.253787 0.239385 0.225162 0.211181 0.1975 0.184175 0.171256 0.158787 0.146809 0.135357 0.124461 0.114147 0.104434 0.0953392 0.0868732 0.0790442 0.0718568 0.0653125 0.0594107 0.0541486 0.0495224 0.0455271 0.0421576 0.0394086 0.0372753 0.0357538 0.0348419 
0.0365232 0.0368412 0.0377976 0.0393956 0.0416387 0.044531 0.0480778 0.0522845 0.0571563 0.0626981 0.0689137 0.0758054 0.0833734 0.0916153 0.100526 0.110095 0.120311 0.131155 0.142605 0.154634 0.167209 0.180293 0.193842 0.207808 0.222138 0.236773 0.251652 0.266708 0.281872 0.297071 0.312231 0.327274 0.342124 0.356702 0.370933 0.384738 0.398044 0.410779 0.422871 0.434256 0.444871 0.454656 0.463559 0.471531 0.478527 0.484511 0.489447 0.493311 0.496081 0.497742 0.498284 0.497706 0.496009 0.493204 0.489305 0.484334 0.478318 0.471289 0.463287 0.454355 0.444543 0.433904 0.422497 0.410385 0.397634 0.384314 0.370499 0.356262 0.341681 0.326832 0.311793 0.296642 0.281454 0.266305 0.251267 0.236409 0.221796 0.207492 0.193553 0.180032 0.166976 0.15443 0.14243 0.131007 0.12019 0.109999 0.100453 0.0915642 0.0833411 0.0757895 0.0689114 0.0627068 0.0571733 0.0523074 0.0481042 0.0445587 0.0416658 0.0394207 0.0378194 0.0368598 
0.0385254 0.0388598 0.0398645 0.0415427 0.0438977 0.0469341 0.0506566 0.0550708 0.0601818 0.0659942 0.0725114 0.0797355 0.0876659 0.0962995 0.10563 0.115647 0.126337 0.137679 0.149651 0.162223 0.17536 0.189023 0.203165 0.217735 0.232679 0.247935 0.263438 0.279118 0.294903 0.310718 0.326485 0.342124 0.357555 0.372698 0.387474 0.401803 0.415608 0.428814 0.441352 0.453151 0.464148 0.474284 0.483504 0.491756 0.498998 0.50519 0.510298 0.514295 0.517161 0.518879 0.51944 0.518841 0.517086 0.514184 0.510151 0.505007 0.498781 0.491506 0.483221 0.473971 0.463807 0.452783 0.44096 0.428402 0.415177 0.401357 0.387017 0.372234 0.357086 0.341655 0.326019 0.31026 0.294456 0.278685 0.263023 0.247541 0.232309 0.217391 0.202848 0.188734 0.175102 0.161995 0.149453 0.13751 0.126196 0.115533 0.105541 0.0962333 0.0876201 0.0797075 0.0724986 0.0659938 0.0601911 0.0550872 0.0506776 0.0469575 0.0439216 0.0415655 0.0398849 0.038878 
0.0405163 0.0408669 0.0419193 0.0436767 0.0461425 0.049321 0.0532172 0.0578362 0.0631833 0.0692626 0.0760773 0.0836289 0.0919164 0.100936 0.11068 0.121138 0.132293 0.144126 0.15661 0.169714 0.183402 0.197631 0.212354 0.227516 0.24306 0.258922 0.275033 0.291322 0.307713 0.324127 0.340484 0.356702 0.372698 0.388389 0.403693 0.418528 0.432816 0.44648 0.459446 0.471646 0.483012 0.493486 0.50301 0.511533 0.519011 0.525403 0.530676 0.534802 0.537759 0.539531 0.540111 0.539493 0.537682 0.534687 0.530524 0.525214 0.518786 0.511274 0.502717 0.493162 0.482658 0.471264 0.459039 0.44605 0.432367 0.418062 0.403214 0.387902 0.372205 0.356208 0.339992 0.323642 0.307238 0.290861 0.27459 0.2585 0.242662 0.227144 0.21201 0.197317 0.183118 0.169461 0.156388 0.143935 0.132132 0.121005 0.110574 0.100854 0.0918569 0.0835888 0.0760538 0.0692528 0.0631845 0.0578458 0.0532326 0.04934 0.046163 0.0436971 0.0419383 0.0408847 
0.0424838 0.0428504 0.0439496 0.0457848 0.0483594 0.0516775 0.0557441 0.0605642 0.0661428 0.0724839 0.0795903 0.0874629 0.0961001 0.105497 0.115646 0.126535 0.138145 0.150456 0.16344 0.177064 0.191289 0.206071 0.221358 0.237097 0.253224 0.269674 0.286376 0.303255 0.320232 0.337227 0.354155 0.370933 0.387474 0.403693 0.419506 0.434829 0.449581 0.463684 0.477062 0.489646 0.501367 0.512164 0.521979 0.530761 0.538465 0.545048 0.550479 0.554727 0.557772 0.559597 0.560194 0.559558 0.557694 0.55461 0.550323 0.544855 0.538234 0.530495 0.521678 0.511829 0.501001 0.489251 0.476641 0.463238 0.449114 0.434344 0.419007 0.403183 0.386957 0.370414 0.353638 0.336715 0.31973 0.302767 0.285905 0.269224 0.252798 0.236697 0.220988 0.20573 0.19098 0.176788 0.163196 0.150244 0.137965 0.126384 0.115524 0.1054 0.0960268 0.0874104 0.0795558 0.0724646 0.0661359 0.0605669 0.0557538 0.0516919 0.0483764 0.0458028 0.0439671 0.0428676 
0.0444155 0.0447976 0.0459426 0.0478538 0.0505344 0.0539888 0.0582216 0.0632378 0.0690422 0.0756384 0.0830289 0.0912141 0.100192 0.109957 0.120499 0.131806 0.143859 0.156634 0.170103 0.184231 0.198976 0.214293 0.230127 0.246422 0.263113 0.280131 0.297403 0.31485 0.332393 0.349946 0.367423 0.384738 0.401803 0.418528 0.434829 0.450619 0.465815 0.480337 0.49411 0.507059 0.519118 0.530223 0.540316 0.549345 0.557262 0.564029 0.569609 0.573974 0.577102 0.578977 0.57959 0.578937 0.577022 0.573854 0.569449 0.563831 0.557027 0.549072 0.540007 0.529879 0.518742 0.506652 0.493675 0.479877 0.465331 0.450116 0.43431 0.417998 0.401264 0.384196 0.366882 0.349409 0.331865 0.314336 0.296906 0.279655 0.262661 0.245996 0.229731 0.213927 0.198643 0.183931 0.169837 0.156402 0.143659 0.131637 0.12036 0.109844 0.100105 0.0911492 0.0829835 0.0756096 0.069027 0.0632335 0.0582255 0.0539985 0.0505479 0.0478692 0.0459586 0.0448143 
0.0462986 0.0466959 0.0478853 0.0498701 0.0526536 0.0562399 0.0606338 0.06584 0.071863 0.0787062 0.0863717 0.0948593 0.104166 0.114286 0.125209 0.13692 0.1494 0.162623 0.176559 0.191172 0.206419 0.222249 0.23861 0.25544 0.272672 0.290235 0.308052 0.326045 0.344127 0.362214 0.380216 0.398044 0.415608 0.432816 0.449581 0.465815 0.481433 0.496354 0.5105 0.523797 0.536175 0.547572 0.557928 0.56719 0.57531 0.582249 0.58797 0.592445 0.595652 0.597574 0.598202 0.597533 0.59557 0.592323 0.587808 0.582047 0.57507 0.566911 0.557612 0.547221 0.53579 0.52338 0.510053 0.49588 0.480935 0.465296 0.449045 0.432267 0.415049 0.397481 0.379652 0.361654 0.343575 0.325505 0.30753 0.289732 0.272193 0.254988 0.238189 0.22186 0.206062 0.19085 0.176272 0.16237 0.14918 0.136733 0.125053 0.114159 0.104065 0.0947821 0.0863154 0.0786678 0.0718396 0.0658287 0.060632 0.056245 0.0526635 0.049883 0.0478997 0.046712 
0.0481206 0.0485325 0.0497646 0.0518203 0.0547028 0.0584161 0.0629649 0.0683537 0.0745868 0.0816674 0.089597 0.098375 0.107998 0.118459 0.129746 0.141845 0.154733 0.168386 0.18277 0.197846 0.213572 0.229894 0.246757 0.264096 0.281844 0.299926 0.318264 0.336774 0.35537 0.373964 0.392464 0.410779 0.428814 0.44648 0.463684 0.480337 0.496354 0.511651 0.526149 0.539773 0.552453 0.564124 0.574726 0.584207 0.592518 0.599618 0.605472 0.61005 0.61333 0.615297 0.61594 0.615256 0.613248 0.609926 0.605307 0.599414 0.592274 0.583924 0.574405 0.563766 0.55206 0.539347 0.525692 0.511165 0.495843 0.479804 0.463132 0.445913 0.428237 0.410195 0.391879 0.373382 0.354796 0.336211 0.317717 0.2994 0.281341 0.263621 0.246311 0.229481 0.213192 0.197502 0.182461 0.168113 0.154495 0.14164 0.129574 0.118317 0.107884 0.0982859 0.0895301 0.0816197 0.0745553 0.0683355 0.0629573 0.0584165 0.054709 0.0518306 0.0497775 0.048548 
0.0498689 0.0502947 0.0515676 0.0536909 0.0566678 0.0605024 0.0651989 0.070762 0.0771956 0.0845024 0.0926838 0.101738 0.111662 0.122447 0.134082 0.146549 0.159826 0.173886 0.188695 0.204212 0.220392 0.23718 0.254518 0.272341 0.290577 0.30915 0.327978 0.346978 0.366059 0.38513 0.404099 0.422871 0.441352 0.459446 0.477062 0.49411 0.5105 0.526149 0.540976 0.554906 0.567867 0.579794 0.590627 0.600312 0.608801 0.616051 0.622029 0.626703 0.630052 0.63206 0.632716 0.632018 0.629969 0.626578 0.621862 0.615845 0.608554 0.600025 0.590302 0.579431 0.567467 0.554472 0.54051 0.525653 0.509977 0.493563 0.476496 0.458863 0.440757 0.422269 0.403495 0.384528 0.365462 0.346393 0.327409 0.3086 0.290051 0.271842 0.25405 0.236745 0.219991 0.203847 0.188367 0.173594 0.15957 0.146328 0.133894 0.122291 0.111535 0.101638 0.0926064 0.0844456 0.0771561 0.0707371 0.0651857 0.0604983 0.0566706 0.0536987 0.0515788 0.0503095 
0.051531 0.0519699 0.0532815 0.0554688 0.0585351 0.0624842 0.0673206 0.0730484 0.0796714 0.0871921 0.0956112 0.104927 0.115135 0.126226 0.138188 0.151003 0.164646 0.17909 0.194299 0.210231 0.226838 0.244064 0.261849 0.280125 0.298818 0.317851 0.33714 0.356597 0.376132 0.39565 0.415057 0.434256 0.453151 0.471646 0.489646 0.507059 0.523797 0.539773 0.554906 0.56912 0.582342 0.594506 0.605552 0.615426 0.624079 0.631469 0.63756 0.642323 0.645736 0.647781 0.64845 0.647739 0.645652 0.642197 0.637392 0.63126 0.623829 0.615136 0.605223 0.594138 0.581936 0.568678 0.554431 0.539267 0.523263 0.506501 0.489066 0.471048 0.452541 0.433637 0.414434 0.395028 0.375516 0.355992 0.33655 0.31728 0.298271 0.279605 0.261359 0.243607 0.226416 0.209846 0.193952 0.17878 0.164373 0.150766 0.137986 0.126057 0.114995 0.104815 0.0955239 0.0871264 0.0796243 0.0730169 0.0673019 0.0624757 0.0585344 0.0554741 0.0532912 0.0519842 
0.0530948 0.0535462 0.0548939 0.0571412 0.0602911 0.0643476 0.0693148 0.0751968 0.0819971 0.0897178 0.0983594 0.10792 0.118393 0.12977 0.142038 0.155177 0.169162 0.183965 0.199546 0.215864 0.232869 0.250503 0.268703 0.2874 0.30652 0.32598 0.345695 0.365577 0.385532 0.405464 0.425276 0.444871 0.464148 0.483012 0.501367 0.519118 0.536175 0.552453 0.567867 0.582342 0.595803 0.608186 0.619428 0.629475 0.638278 0.645795 0.651991 0.656836 0.660306 0.662387 0.663067 0.662344 0.660222 0.656709 0.651823 0.645585 0.638026 0.629182 0.619095 0.607813 0.595393 0.581895 0.567386 0.551939 0.535633 0.518549 0.500775 0.482402 0.463524 0.444237 0.424637 0.404825 0.384898 0.364953 0.345086 0.325389 0.305953 0.286861 0.268194 0.250027 0.232428 0.215461 0.199181 0.183638 0.168873 0.154925 0.141822 0.129588 0.118242 0.107797 0.0982626 0.0896438 0.0819427 0.0751591 0.0692909 0.0643349 0.0602872 0.0571441 0.0549021 0.0535599 
0.054549 0.0550118 0.056393 0.0586958 0.0619232 0.0660791 0.0711673 0.077192 0.0841563 0.092062 0.100909 0.110695 0.121414 0.133056 0.145605 0.159044 0.173345 0.188477 0.204403 0.221077 0.238448 0.256457 0.275039 0.294124 0.313634 0.333487 0.353595 0.373866 0.394206 0.414517 0.434701 0.454656 0.474284 0.493486 0.512164 0.530223 0.547572 0.564124 0.579794 0.594506 0.608186 0.620766 0.632186 0.64239 0.65133 0.658963 0.665253 0.670172 0.673695 0.675807 0.676498 0.675765 0.67361 0.670045 0.665084 0.658752 0.651077 0.642096 0.631851 0.620391 0.607771 0.594054 0.579307 0.563603 0.547021 0.529645 0.511562 0.492864 0.473647 0.454009 0.434047 0.413863 0.393556 0.373225 0.352968 0.332879 0.313049 0.293566 0.274512 0.255963 0.237989 0.220656 0.204021 0.188134 0.173041 0.158778 0.145376 0.132861 0.121252 0.110563 0.100803 0.0919801 0.084095 0.0771484 0.0711385 0.0660623 0.0619162 0.0586964 0.0563998 0.0550249 
