0.00094382 0.00095636 0.000998592 0.00107119 0.0011751 0.00131166 0.00148253 0.00168969 0.0019354 0.00222215 0.00255263 0.00292967 0.00335616 0.00383502 0.00436909 0.00496108 0.00561349 0.00632851 0.00710796 0.0079532 0.00886505 0.00984369 0.0108886 0.0119986 0.0131717 0.0144048 0.0156943 0.0170354 0.0184226 0.0198495 0.0213086 0.0227919 0.0242904 0.0257947 0.0272946 0.0287795 0.0302384 0.0316602 0.0330335 0.0343472 0.0355902 0.0367519 0.0378222 0.0387914 0.0396509 0.0403927 0.0410099 0.0414969 0.0418491 0.0420631 0.0421368 0.0420698 0.0418625 0.041517 0.0410366 0.0404258 0.0396904 0.0388372 0.0378741 0.0368098 0.0356539 0.0344163 0.0331079 0.0317395 0.0303223 0.0288677 0.0273866 0.0258902 0.0243888 0.0228927 0.0214114 0.0199538 0.0185279 0.0171411 0.0157999 0.0145098 0.0132755 0.0121008 0.0109887 0.00994117 0.00895954 0.00804432 0.00719536 0.00641189 0.00569258 0.00503566 0.00443899 0.00390009 0.00341631 0.00298482 0.00260275 0.00226722 0.00197543 0.00172472 0.00151259 0.0013368 0.00119536 0.00108663 0.00100925 0.000962371 
0.00095636 0.000969081 0.00101189 0.00108548 0.0011908 0.00132919 0.00150236 0.00171229 0.00196127 0.00225184 0.0025867 0.00296872 0.00340083 0.00388597 0.00442701 0.0050267 0.00568755 0.00641178 0.00720122 0.00805724 0.00898065 0.00997164 0.0110297 0.0121536 0.0133411 0.0145895 0.0158948 0.0172523 0.0186563 0.0201003 0.0215769 0.0230779 0.0245942 0.0261162 0.0276336 0.0291358 0.0306116 0.0320498 0.0334388 0.0347675 0.0360247 0.0371996 0.0382819 0.039262 0.0401311 0.0408812 0.0415053 0.0419977 0.0423537 0.04257 0.0426446 0.0425767 0.0423671 0.0420176 0.0415318 0.0409142 0.0401705 0.0393076 0.0383336 0.0372573 0.0360881 0.0348364 0.033513 0.0321288 0.0306953 0.0292238 0.0277255 0.0262115 0.0246924 0.0231786 0.0216797 0.0202046 0.0187616 0.017358 0.0160005 0.0146946 0.0134452 0.012256 0.01113 0.0100694 0.00907545 0.00814869 0.00728896 0.00649551 0.005767 0.00510164 0.00449726 0.00395139 0.00346131 0.00302419 0.00263712 0.00229719 0.00200156 0.00174755 0.00153262 0.0013545 0.0012112 0.00110103 0.00102263 0.000975139 
0.000998592 0.00101189 0.00105654 0.00113325 0.00124301 0.00138721 0.0015676 0.00178624 0.00204551 0.00234801 0.00269655 0.00309407 0.00354361 0.00404819 0.00461076 0.00523415 0.00592093 0.00667338 0.00749335 0.00838222 0.0093408 0.0103692 0.011467 0.0126327 0.0138641 0.0151583 0.016511 0.0179175 0.0193719 0.0208673 0.022396 0.0239496 0.0255187 0.0270934 0.028663 0.0302164 0.0317423 0.033229 0.0346647 0.0360377 0.0373366 0.0385503 0.0396682 0.0406804 0.0415779 0.0423523 0.0429967 0.0435049 0.0438724 0.0440955 0.0441723 0.0441021 0.0438854 0.0435245 0.0430227 0.0423847 0.0416166 0.0407253 0.0397192 0.0386071 0.0373991 0.0361057 0.0347379 0.0333072 0.0318252 0.0303036 0.0287541 0.027188 0.0256165 0.02405 0.0224985 0.0209714 0.0194771 0.0180234 0.0166169 0.0152637 0.0139686 0.0127356 0.0115679 0.0104677 0.0094364 0.00847453 0.00758201 0.00675807 0.00600138 0.0053101 0.00468203 0.00411461 0.00360507 0.00315049 0.00274786 0.00239419 0.00208657 0.00182219 0.00159847 0.00141304 0.00126384 0.00114913 0.00106752 0.00101809 
0.00107119 0.00108548 0.00113325 0.00121525 0.00133254 0.00148658 0.00167921 0.00191262 0.00218929 0.00251198 0.00288364 0.00330737 0.00378633 0.00432371 0.00492259 0.00558591 0.00631636 0.00711627 0.00798757 0.00893164 0.00994929 0.0110406 0.0122049 0.0134407 0.0147457 0.0161164 0.0175486 0.0190371 0.0205756 0.0221568 0.0237726 0.0254141 0.0270713 0.0287338 0.0303903 0.0320292 0.0336385 0.035206 0.0367193 0.0381661 0.0395344 0.0408127 0.0419899 0.0430555 0.0440001 0.044815 0.045493 0.0460276 0.046414 0.0466486 0.0467291 0.0466549 0.0464267 0.0460466 0.0455182 0.0448465 0.0440377 0.0430991 0.0420395 0.0408681 0.0395955 0.0382326 0.036791 0.0352827 0.03372 0.032115 0.0304801 0.0288273 0.0271681 0.0255136 0.0238745 0.0222605 0.0206806 0.0191429 0.0176547 0.0162222 0.0148507 0.0135444 0.0123068 0.0111402 0.0100461 0.00902533 0.00807771 0.00720252 0.00639841 0.0056635 0.0049955 0.00439176 0.00384939 0.00336532 0.00293642 0.00255954 0.00223161 0.00194971 0.00171108 0.00151327 0.00135408 0.00123169 0.00114462 0.00109191 
0.0011751 0.0011908 0.00124301 0.00133254 0.00146052 0.00162854 0.00183856 0.00209292 0.0023943 0.00274564 0.00315008 0.00361094 0.00413159 0.00471541 0.00536568 0.00608549 0.00687767 0.00774467 0.00868848 0.0097105 0.0108115 0.0119915 0.0132496 0.0145843 0.0159927 0.0174714 0.0190154 0.0206192 0.022276 0.0239779 0.0257161 0.027481 0.0292619 0.0310476 0.0328261 0.034585 0.0363113 0.037992 0.039614 0.0411643 0.0426299 0.0439987 0.0452587 0.0463991 0.0474097 0.0482814 0.0490063 0.0495779 0.0499909 0.0502414 0.0503271 0.0502474 0.0500029 0.049596 0.0490305 0.0483115 0.0474457 0.046441 0.0453064 0.044052 0.0426888 0.0412285 0.0396835 0.0380665 0.0363906 0.0346687 0.0329141 0.0311394 0.0293571 0.0275792 0.0258169 0.0240808 0.0223805 0.0207249 0.0191217 0.0175776 0.0160985 0.014689 0.0133528 0.0120925 0.01091 0.00980602 0.00878059 0.00783301 0.0069619 0.00616531 0.00544083 0.00478569 0.00419683 0.003671 0.00320487 0.00279508 0.00243837 0.00213159 0.00187183 0.00165643 0.00148306 0.00134975 0.00125492 0.00119755 
0.00131166 0.00132919 0.00138721 0.00148658 0.00162854 0.00181481 0.00204753 0.00232924 0.00266286 0.00305155 0.00349873 0.00400799 0.00458295 0.00522724 0.00594438 0.00673768 0.00761014 0.00856433 0.00960232 0.0107255 0.0119347 0.0132297 0.0146096 0.0160723 0.0176149 0.0192332 0.020922 0.022675 0.0244847 0.0263426 0.0282389 0.0301632 0.0321039 0.0340486 0.0359845 0.037898 0.0397752 0.041602 0.0433641 0.0450475 0.0466385 0.0481237 0.0494906 0.0507271 0.0518226 0.0527673 0.0535528 0.0541718 0.0546189 0.0548899 0.0549824 0.0548956 0.0546302 0.0541888 0.0535753 0.0527956 0.0518565 0.0507666 0.0495356 0.0481742 0.0466945 0.0451088 0.0434306 0.0416735 0.0398516 0.037979 0.0360699 0.034138 0.032197 0.0302596 0.0283382 0.0264443 0.0245885 0.0227802 0.0210282 0.0193397 0.0177213 0.016178 0.0147141 0.0133325 0.0120352 0.0108233 0.00969683 0.00865522 0.00769703 0.00682024 0.00602232 0.00530029 0.00465091 0.00407069 0.00355605 0.00310337 0.00270912 0.0023699 0.00208256 0.00184421 0.00165233 0.00150477 0.00139982 0.00133636 
0.00148253 0.00150236 0.0015676 0.00167921 0.00183856 0.00204753 0.00230847 0.00262419 0.00299785 0.00343294 0.00393319 0.0045025 0.00514482 0.00586409 0.00666411 0.00754843 0.00852027 0.00958235 0.0107368 0.0119852 0.013328 0.0147651 0.0162951 0.0179158 0.0196237 0.0214142 0.0232813 0.025218 0.027216 0.0292656 0.0313564 0.0334766 0.0356135 0.0377535 0.0398826 0.0419858 0.044048 0.0460538 0.0479877 0.0498343 0.0515788 0.0532066 0.0547041 0.0560584 0.0572579 0.0582918 0.0591512 0.0598284 0.0603172 0.0606133 0.060714 0.0606184 0.0603275 0.0598439 0.0591719 0.0583177 0.057289 0.0560948 0.0547457 0.0532535 0.0516309 0.0498917 0.0480502 0.0461214 0.0441205 0.0420631 0.0399644 0.0378397 0.0357036 0.0335704 0.0314536 0.0293657 0.0273184 0.0253224 0.0233871 0.0215209 0.0197307 0.0180225 0.016401 0.0148696 0.0134306 0.0120853 0.0108341 0.00967617 0.00861025 0.00763419 0.0067453 0.00594041 0.00521601 0.00456834 0.00399351 0.00348759 0.00304673 0.00266723 0.00234562 0.00207875 0.00186385 0.00169858 0.00158105 0.00151003 
0.00168969 0.00171229 0.00178624 0.00191262 0.00209292 0.00232924 0.00262419 0.00298084 0.0034027 0.00389362 0.00445768 0.00509917 0.00582242 0.00663172 0.00753121 0.00852472 0.0096157 0.0108071 0.012101 0.0134991 0.0150018 0.0166087 0.0183182 0.0201276 0.0220328 0.0240286 0.0261083 0.0282639 0.030486 0.032764 0.035086 0.0374391 0.0398092 0.0421813 0.0445397 0.0468681 0.0491498 0.0513678 0.0535052 0.0555452 0.0574715 0.0592682 0.0609204 0.0624141 0.0637364 0.0648761 0.0658229 0.0665688 0.0671069 0.0674327 0.0675431 0.0674372 0.067116 0.0665824 0.0658412 0.064899 0.0637641 0.0624466 0.0609578 0.0593106 0.0575189 0.0555977 0.0535628 0.0514304 0.0492174 0.0469406 0.044617 0.0422632 0.0398955 0.0375295 0.0351802 0.0328615 0.0305865 0.0283668 0.0262132 0.024135 0.0221401 0.0202351 0.0184254 0.016715 0.0151066 0.0136018 0.0122012 0.0109041 0.00970908 0.00861403 0.00761604 0.00671172 0.00589726 0.00516858 0.00452143 0.00395151 0.0034546 0.00302663 0.00266378 0.00236257 0.00211996 0.00193335 0.00180066 0.00172054 
0.0019354 0.00196127 0.00204551 0.00218929 0.0023943 0.00266286 0.00299785 0.0034027 0.0038813 0.00443789 0.00507699 0.00580332 0.00662163 0.00753662 0.00855281 0.00967435 0.010905 0.0122477 0.013705 0.0152782 0.0169678 0.0187731 0.0206921 0.0227217 0.024857 0.0270921 0.0294194 0.0318297 0.0343126 0.036856 0.0394468 0.0420704 0.044711 0.0473522 0.0499765 0.0525659 0.0551018 0.0575655 0.0599385 0.0622022 0.0643387 0.0663306 0.0681615 0.0698162 0.0712805 0.0725421 0.07359 0.0744151 0.0750102 0.0753701 0.0754916 0.0753738 0.0750177 0.0744265 0.0736053 0.0725615 0.0713041 0.069844 0.0681938 0.0663675 0.0643803 0.0622487 0.05999 0.057622 0.0551633 0.0526325 0.0500482 0.0474288 0.0447923 0.0421562 0.0395369 0.0369501 0.0344102 0.0319305 0.0295228 0.0271976 0.024964 0.0228296 0.0208003 0.0188809 0.0170747 0.0153835 0.0138081 0.0123481 0.0110019 0.00976747 0.00864158 0.00762062 0.00670046 0.00587665 0.00514453 0.00449938 0.00393655 0.00345155 0.00304017 0.00269855 0.0024233 0.00221156 0.00206103 0.00197019 
0.00222215 0.00225184 0.00234801 0.00251198 0.00274564 0.00305155 0.00343294 0.00389362 0.00443789 0.00507045 0.00579633 0.0066207 0.00754882 0.00858583 0.00973665 0.0110058 0.0123973 0.0139144 0.0155595 0.0173341 0.0192385 0.0212716 0.0234311 0.0257131 0.0281122 0.0306213 0.0332319 0.0359335 0.0387144 0.041561 0.0444585 0.0473906 0.0503398 0.0532876 0.0562146 0.0591009 0.0619259 0.064669 0.0673096 0.0698274 0.0722025 0.0744159 0.0764495 0.0782867 0.0799121 0.0813118 0.0824741 0.083389 0.0840486 0.0844472 0.0845814 0.0844501 0.0840544 0.0833978 0.0824861 0.0813271 0.0799308 0.0783091 0.0764758 0.0744462 0.0722372 0.0698667 0.0673537 0.0647181 0.0619801 0.0591602 0.0562792 0.0533574 0.0504148 0.0474707 0.0445435 0.0416506 0.0388082 0.0360311 0.0333329 0.0307251 0.0282183 0.0258208 0.0235398 0.0213807 0.0193472 0.0174419 0.0156655 0.014018 0.0124979 0.0111029 0.00982955 0.00867406 0.00763191 0.00669824 0.00586795 0.00513585 0.00449679 0.00394581 0.00347824 0.00308983 0.00277679 0.00253595 0.00236475 0.00226149 
0.00255263 0.0025867 0.00269655 0.00288364 0.00315008 0.00349873 0.00393319 0.00445768 0.00507699 0.00579633 0.00662124 0.00755746 0.00861075 0.00978677 0.0110909 0.012528 0.0141024 0.0158175 0.017676 0.0196791 0.0218269 0.0241181 0.0265497 0.0291172 0.0318144 0.0346331 0.0375634 0.0405936 0.0437103 0.0468984 0.050141 0.05342 0.0567159 0.0600081 0.0632749 0.0664942 0.0696434 0.0726995 0.0756398 0.0784418 0.0810839 0.0835449 0.0858052 0.0878464 0.0896515 0.0912056 0.0924956 0.0935107 0.0942422 0.094684 0.0948323 0.0946859 0.094246 0.0935165 0.0925036 0.0912159 0.0896645 0.0878623 0.0858244 0.0835676 0.0811104 0.0784726 0.0756751 0.0727396 0.0696886 0.0665448 0.063331 0.0600697 0.0567832 0.0534929 0.0502194 0.046982 0.043799 0.0406869 0.0376609 0.0347343 0.0319187 0.0292241 0.0266583 0.0242278 0.021937 0.0197888 0.0177846 0.0159244 0.0142066 0.012629 0.011188 0.00987935 0.00869827 0.00763941 0.00669718 0.00586586 0.00513978 0.00451345 0.0039817 0.0035398 0.00318357 0.00290945 0.0027146 0.00259716 
0.00292967 0.00296872 0.00309407 0.00330737 0.00361094 0.00400799 0.0045025 0.00509917 0.00580332 0.0066207 0.00755746 0.00861991 0.00981438 0.0111471 0.0126238 0.0142499 0.01603 0.0179678 0.0200657 0.0223252 0.0247459 0.0273262 0.0300625 0.0329495 0.0359797 0.039144 0.0424311 0.0458276 0.0493185 0.0528866 0.0565132 0.0601779 0.0638589 0.0675332 0.0711769 0.0747654 0.0782736 0.0816761 0.084948 0.0880644 0.0910015 0.0937361 0.0962466 0.0985128 0.100516 0.102241 0.103671 0.104797 0.105608 0.106097 0.106261 0.106098 0.105609 0.104799 0.103675 0.102245 0.100523 0.0985214 0.0962576 0.0937499 0.0910186 0.0880853 0.0849731 0.0817059 0.0783084 0.0748056 0.0712228 0.067585 0.0639168 0.060242 0.0565834 0.0529629 0.0494006 0.0459153 0.0425238 0.0392414 0.0360812 0.0330544 0.0301702 0.0274359 0.0248568 0.0224365 0.0201766 0.0180774 0.0161377 0.0143547 0.012725 0.011244 0.00990638 0.00870638 0.00763785 0.00669454 0.00587017 0.0051587 0.00455439 0.004052 0.00364689 0.00333512 0.00311354 0.00298005 
0.00335616 0.00340083 0.00354361 0.00378633 0.00413159 0.00458295 0.00514482 0.00582242 0.00662163 0.00754882 0.00861075 0.00981438 0.0111666 0.0126743 0.0143437 0.0161807 0.01819 0.0203755 0.02274 0.0252844 0.0280083 0.0309095 0.0339836 0.0372243 0.0406233 0.0441699 0.0478512 0.0516522 0.0555559 0.0595429 0.0635924 0.0676814 0.0717859 0.0758801 0.0799377 0.0839312 0.087833 0.0916151 0.09525 0.0987105 0.10197 0.105004 0.107788 0.1103 0.11252 0.11443 0.116014 0.11726 0.118158 0.118699 0.11888 0.118698 0.118157 0.117259 0.116013 0.114428 0.112519 0.1103 0.107789 0.105008 0.101976 0.09872 0.0952634 0.0916328 0.0878556 0.0839593 0.0799716 0.0759203 0.0718326 0.0677349 0.0636527 0.0596101 0.0556297 0.0517326 0.0479377 0.0442621 0.0407206 0.0373262 0.0340892 0.0310181 0.0281192 0.0253966 0.0228525 0.0204876 0.0183006 0.016289 0.0144489 0.0127755 0.0112631 0.00990537 0.00869565 0.00762704 0.00669266 0.00588582 0.00520022 0.00463003 0.00417013 0.00381614 0.00356456 0.00341307 
0.00383502 0.00388597 0.00404819 0.00432371 0.00471541 0.00522724 0.00586409 0.00663172 0.00753662 0.00858583 0.00978677 0.0111471 0.0126743 0.0143759 0.0162586 0.0183288 0.0205915 0.0230508 0.0257093 0.0285679 0.0316258 0.0348801 0.0383257 0.0419552 0.0457589 0.0497247 0.053838 0.0580819 0.062437 0.0668818 0.071393 0.0759451 0.0805111 0.0850627 0.0895705 0.0940045 0.0983339 0.102528 0.106557 0.110391 0.114 0.117358 0.120437 0.123216 0.12567 0.127781 0.129531 0.130907 0.131898 0.132495 0.132694 0.132493 0.131894 0.130901 0.129524 0.127772 0.12566 0.123206 0.120429 0.11735 0.113994 0.110387 0.106557 0.102532 0.0983426 0.0940186 0.0895906 0.0850893 0.0805447 0.075986 0.0714415 0.066938 0.0625008 0.0581532 0.0539166 0.0498101 0.0458506 0.0420526 0.0384281 0.0349866 0.0317356 0.02868 0.0258227 0.0231646 0.0207046 0.0184402 0.0163674 0.0144811 0.012775 0.0112425 0.00987613 0.00866844 0.00761186 0.00669906 0.00592307 0.00527748 0.00475661 0.00435563 0.00407067 0.00389917 
0.00436909 0.00442701 0.00461076 0.00492259 0.00536568 0.00594438 0.00666411 0.00753121 0.00855281 0.00973665 0.0110909 0.0126238 0.0143437 0.0162586 0.0183759 0.0207022 0.023243 0.0260025 0.0289832 0.0321858 0.0356089 0.039249 0.0431001 0.0471535 0.0513982 0.0558204 0.0604034 0.0651283 0.0699734 0.0749148 0.0799261 0.0849793 0.0900445 0.0950902 0.100084 0.104993 0.109784 0.114422 0.118875 0.123109 0.127095 0.1308 0.134198 0.137261 0.139966 0.142293 0.144221 0.145737 0.146828 0.147485 0.147703 0.147481 0.14682 0.145726 0.144207 0.142276 0.139948 0.137241 0.134177 0.13078 0.127075 0.123092 0.11886 0.11441 0.109777 0.104991 0.100088 0.0951013 0.0900629 0.0850057 0.0799607 0.0749579 0.0700252 0.0651887 0.0604722 0.0558972 0.0514827 0.047245 0.0431977 0.0393521 0.0357165 0.0322968 0.0290966 0.0261172 0.023358 0.0208162 0.0184879 0.0163675 0.0144485 0.0127235 0.0111846 0.00982357 0.00863223 0.00760248 0.00672669 0.00599781 0.00540958 0.00495668 0.00463483 0.00444122 
0.00496108 0.0050267 0.00523415 0.00558591 0.00608549 0.00673768 0.00754843 0.00852472 0.00967435 0.0110058 0.012528 0.0142499 0.0161807 0.0183288 0.0207022 0.0233081 0.0261521 0.0292386 0.0325699 0.0361464 0.0399663 0.0440251 0.0483158 0.0528285 0.0575503 0.0624657 0.067556 0.0727999 0.0781731 0.083649 0.0891984 0.0947901 0.100391 0.105967 0.111482 0.1169 0.122183 0.127296 0.132202 0.136864 0.14125 0.145327 0.149063 0.15243 0.155403 0.157958 0.160076 0.161739 0.162937 0.163657 0.163897 0.163652 0.162926 0.161723 0.160055 0.157933 0.155374 0.152398 0.149029 0.145292 0.141216 0.136831 0.13217 0.127267 0.122158 0.11688 0.111468 0.10596 0.100392 0.0947997 0.0892169 0.083677 0.0782107 0.0728472 0.067613 0.0625321 0.0576256 0.0529121 0.0484071 0.0441233 0.0400702 0.0362551 0.0326821 0.0293532 0.026268 0.0234239 0.0208167 0.0184408 0.016289 0.0143535 0.0126258 0.0110969 0.00975784 0.00859986 0.00761459 0.00679429 0.0061321 0.00562218 0.00525983 0.00504193 
0.00561349 0.00568755 0.00592093 0.00631636 0.00687767 0.00761014 0.00852027 0.0096157 0.010905 0.0123973 0.0141024 0.01603 0.01819 0.0205915 0.023243 0.0261521 0.0293247 0.0327652 0.0364757 0.0404564 0.0447045 0.0492149 0.0539792 0.058986 0.0642208 0.069666 0.0753006 0.0811007 0.0870393 0.0930869 0.0992111 0.105378 0.11155 0.117691 0.12376 0.129718 0.135526 0.141142 0.146528 0.151645 0.156455 0.160924 0.165018 0.168706 0.171961 0.174758 0.177076 0.178896 0.180205 0.180993 0.181254 0.180986 0.180191 0.178874 0.177047 0.174724 0.171922 0.168662 0.16497 0.160874 0.156404 0.151593 0.146478 0.141094 0.135482 0.129679 0.123726 0.117664 0.111532 0.105368 0.0992114 0.0930974 0.0870606 0.0811328 0.0753436 0.0697198 0.064285 0.0590601 0.0540624 0.0493064 0.0448033 0.0405613 0.0365856 0.0328787 0.0294406 0.0262689 0.0233594 0.020706 0.0183014 0.0161371 0.0142039 0.0124923 0.0109923 0.00969458 0.0085899 0.00766987 0.00692697 0.0063548 0.00594822 0.00570383 
0.00632851 0.00641178 0.00667338 0.00711627 0.00774467 0.00856433 0.00958235 0.0108071 0.0122477 0.0139144 0.0158175 0.0179678 0.0203755 0.0230508 0.0260025 0.0292386 0.0327652 0.0365866 0.040705 0.0451197 0.0498274 0.0548219 0.0600933 0.0656287 0.0714117 0.0774224 0.0836373 0.0900298 0.09657 0.103225 0.10996 0.116736 0.123514 0.130252 0.136908 0.143437 0.149798 0.155945 0.161837 0.167431 0.172688 0.177569 0.182039 0.186064 0.189615 0.192666 0.195193 0.197177 0.198604 0.199462 0.199746 0.199453 0.198585 0.197149 0.195156 0.192622 0.189564 0.186007 0.181976 0.177502 0.172619 0.167361 0.161767 0.155876 0.149732 0.143376 0.136852 0.130204 0.123474 0.116705 0.10994 0.103216 0.0965727 0.0900445 0.0836642 0.0774615 0.0714627 0.0656912 0.0601665 0.054905 0.0499194 0.0452194 0.0408111 0.0366977 0.0328798 0.0293553 0.0261198 0.0231671 0.0204894 0.0180778 0.0159225 0.0140129 0.0123387 0.0108895 0.00965532 0.00862708 0.00779658 0.00715685 0.00670226 0.00642911 
0.00710796 0.00720122 0.00749335 0.00798757 0.00868848 0.00960232 0.0107368 0.012101 0.013705 0.0155595 0.017676 0.0200657 0.02274 0.0257093 0.0289832 0.0325699 0.0364757 0.040705 0.0452593 0.0501377 0.0553358 0.0608461 0.0666575 0.0727552 0.0791205 0.0857312 0.0925613 0.0995811 0.106758 0.114055 0.121433 0.128852 0.136267 0.143634 0.150906 0.158035 0.164975 0.171679 0.1781 0.184194 0.189917 0.195228 0.20009 0.204467 0.208327 0.211642 0.214386 0.216541 0.21809 0.219022 0.219329 0.21901 0.218067 0.216507 0.214342 0.211587 0.208263 0.204396 0.200012 0.195145 0.189829 0.184103 0.178008 0.171588 0.164887 0.15795 0.150826 0.143562 0.136204 0.128798 0.12139 0.114024 0.106739 0.099576 0.0925698 0.0857534 0.0791562 0.0728039 0.0667188 0.060919 0.0554192 0.0502305 0.0453601 0.0408123 0.036588 0.0326855 0.0291004 0.0258265 0.0228556 0.0201782 0.0177837 0.0156612 0.0137992 0.0121867 0.0108129 0.00966794 0.00874289 0.00803021 0.00752379 0.00721961 
0.0079532 0.00805724 0.00838222 0.00893164 0.0097105 0.0107255 0.0119852 0.0134991 0.0152782 0.0173341 0.0196791 0.0223252 0.0252844 0.0285679 0.0321858 0.0361464 0.0404564 0.0451197 0.0501377 0.0555085 0.061227 0.0672842 0.0736672 0.0803595 0.08734 0.0945839 0.102062 0.109742 0.117588 0.125559 0.133614 0.141706 0.149788 0.157812 0.165727 0.173482 0.181026 0.188309 0.19528 0.201893 0.2081 0.213859 0.219127 0.223868 0.228047 0.231635 0.234605 0.236936 0.238611 0.239619 0.239951 0.239605 0.238584 0.236895 0.234551 0.231569 0.227971 0.223781 0.219032 0.213756 0.207992 0.201781 0.195166 0.188194 0.180913 0.173372 0.165622 0.157714 0.149699 0.141626 0.133546 0.125504 0.117546 0.109715 0.10205 0.0945869 0.0873581 0.0803924 0.0737144 0.0673447 0.0613 0.0555927 0.0502315 0.0452217 0.0405649 0.0362597 0.0323019 0.0286852 0.025401 0.0224393 0.0197891 0.0174384 0.0153753 0.0135877 0.0120641 0.0107938 0.00976728 0.00897625 0.00841417 0.00807666 
0.00886505 0.00898065 0.0093408 0.00994929 0.0108115 0.0119347 0.013328 0.0150018 0.0169678 0.0192385 0.0218269 0.0247459 0.0280083 0.0316258 0.0356089 0.0399663 0.0447045 0.0498274 0.0553358 0.061227 0.0674946 0.0741282 0.0811133 0.0884309 0.0960577 0.103966 0.112124 0.120495 0.12904 0.137716 0.146475 0.155268 0.164045 0.172752 0.181334 0.189738 0.197908 0.20579 0.213331 0.220479 0.227186 0.233404 0.239091 0.244207 0.248715 0.252583 0.255785 0.258297 0.260102 0.261187 0.261544 0.261171 0.26007 0.25825 0.255722 0.252507 0.248625 0.244105 0.238979 0.233283 0.227057 0.220345 0.213193 0.20565 0.197769 0.189601 0.181202 0.172626 0.163928 0.155161 0.14638 0.137634 0.128973 0.120444 0.112089 0.103948 0.096056 0.0884458 0.0811443 0.0741745 0.0675552 0.0613006 0.0554211 0.0499226 0.0448079 0.0400759 0.0357228 0.031742 0.0281249 0.0248609 0.0219384 0.0193448 0.0170673 0.015093 0.0134095 0.0120054 0.0108705 0.00999574 0.00937419 0.00900108 
0.00984369 0.00997164 0.0103692 0.0110406 0.0119915 0.0132297 0.0147651 0.0166087 0.0187731 0.0212716 0.0241181 0.0273262 0.0309095 0.0348801 0.039249 0.0440251 0.0492149 0.0548219 0.0608461 0.0672842 0.0741282 0.0813664 0.088982 0.0969538 0.105256 0.113857 0.122724 0.131815 0.141087 0.150493 0.159983 0.169503 0.178998 0.188411 0.197683 0.206755 0.215569 0.224067 0.232193 0.239891 0.24711 0.2538 0.259915 0.265414 0.270258 0.274413 0.277851 0.280548 0.282486 0.28365 0.284032 0.283631 0.282449 0.280494 0.27778 0.274325 0.270154 0.265297 0.259785 0.253659 0.24696 0.239734 0.23203 0.223902 0.215403 0.20659 0.197522 0.188256 0.178852 0.169367 0.159859 0.150383 0.140992 0.131737 0.122663 0.113815 0.105232 0.0969485 0.0889947 0.0813964 0.0741745 0.0673455 0.060921 0.0549086 0.0493116 0.0441297 0.0393594 0.0349942 0.0310251 0.0274412 0.0242304 0.0213794 0.0188744 0.0167019 0.0148488 0.0133026 0.0120524 0.0110887 0.010404 0.00999304 
0.0108886 0.0110297 0.011467 0.0122049 0.0132496 0.0146096 0.0162951 0.0183182 0.0206921 0.0234311 0.0265497 0.0300625 0.0339836 0.0383257 0.0431001 0.0483158 0.0539792 0.0600933 0.0666575 0.0736672 0.0811133 0.088982 0.0972544 0.105907 0.114911 0.124232 0.133832 0.143668 0.153693 0.163854 0.174098 0.184366 0.1946 0.204738 0.214717 0.224474 0.233948 0.243076 0.251798 0.260058 0.267798 0.274969 0.28152 0.287408 0.292593 0.297039 0.300717 0.303602 0.305673 0.306917 0.307326 0.306897 0.305632 0.30354 0.300636 0.29694 0.292476 0.287275 0.281372 0.274808 0.267627 0.259877 0.251611 0.242884 0.233753 0.22428 0.214526 0.204553 0.194423 0.1842 0.173944 0.163714 0.153569 0.143562 0.133745 0.124164 0.114863 0.105879 0.0972468 0.0889936 0.0811434 0.0737144 0.0667203 0.0601698 0.0540676 0.0484139 0.0432057 0.0384364 0.0340971 0.0301766 0.0266621 0.0235396 0.0207947 0.0184131 0.0163806 0.0146843 0.0133123 0.0122546 0.011503 0.011052 
0.0119986 0.0121536 0.0126327 0.0134407 0.0145843 0.0160723 0.0179158 0.0201276 0.0227217 0.0257131 0.0291172 0.0329495 0.0372243 0.0419552 0.0471535 0.0528285 0.058986 0.0656287 0.0727552 0.0803595 0.0884309 0.0969538 0.105907 0.115264 0.124993 0.135058 0.145415 0.156018 0.166816 0.177753 0.18877 0.199805 0.210794 0.221672 0.232373 0.242828 0.252973 0.262741 0.27207 0.280898 0.289167 0.296823 0.303815 0.310096 0.315625 0.320366 0.324285 0.327359 0.329565 0.33089 0.331325 0.330867 0.329519 0.32729 0.324195 0.320255 0.315495 0.309948 0.30365 0.296643 0.288974 0.280693 0.271857 0.262522 0.25275 0.242605 0.232151 0.221456 0.210585 0.199606 0.188583 0.177581 0.166661 0.155882 0.145299 0.134962 0.12492 0.115212 0.105877 0.0969452 0.0884428 0.0803906 0.072804 0.0656935 0.0590646 0.0529187 0.047253 0.0420614 0.0373348 0.0330617 0.0292287 0.0258215 0.0228249 0.0202235 0.0180027 0.0161485 0.0146484 0.0134917 0.0126698 0.0121768 
0.0131717 0.0133411 0.0138641 0.0147457 0.0159927 0.0176149 0.0196237 0.0220328 0.024857 0.0281122 0.0318144 0.0359797 0.0406233 0.0457589 0.0513982 0.0575503 0.0642208 0.0714117 0.0791205 0.08734 0.0960577 0.105256 0.114911 0.124993 0.135469 0.146296 0.15743 0.168819 0.180408 0.192136 0.203942 0.215758 0.227516 0.239146 0.250578 0.261741 0.272564 0.28298 0.29292 0.302321 0.311123 0.319267 0.326702 0.333378 0.339252 0.344287 0.348448 0.351711 0.354052 0.355458 0.35592 0.355433 0.354002 0.351636 0.34835 0.344165 0.339109 0.333214 0.326519 0.319067 0.310908 0.302093 0.292682 0.282734 0.272313 0.261488 0.250326 0.238898 0.227274 0.215526 0.203722 0.191932 0.18022 0.168651 0.157283 0.146171 0.135367 0.124916 0.114857 0.105225 0.0960496 0.0873533 0.0791538 0.071463 0.0642881 0.0576312 0.0514902 0.0458594 0.0407295 0.036089 0.0319242 0.0282198 0.0249602 0.0221293 0.0197115 0.0176921 0.016058 0.0147978 0.0139022 0.0133652 
0.0144048 0.0145895 0.0151583 0.0161164 0.0174714 0.0192332 0.0214142 0.0240286 0.0270921 0.0306213 0.0346331 0.039144 0.0441699 0.0497247 0.0558204 0.0624657 0.069666 0.0774224 0.0857312 0.0945839 0.103966 0.113857 0.124232 0.135058 0.146296 0.157903 0.169829 0.182018 0.194412 0.206945 0.21955 0.232157 0.244693 0.257083 0.269253 0.281128 0.292634 0.303699 0.314253 0.324229 0.333563 0.342196 0.350072 0.357142 0.36336 0.368688 0.37309 0.376541 0.379017 0.380503 0.380991 0.380476 0.378963 0.37646 0.372983 0.368555 0.363204 0.356963 0.349872 0.341976 0.333327 0.323978 0.31399 0.303426 0.292355 0.280845 0.26897 0.256802 0.244418 0.231891 0.219297 0.206706 0.194191 0.181817 0.16965 0.157748 0.146165 0.134952 0.124152 0.113803 0.103936 0.0945777 0.0857472 0.0774586 0.0697204 0.0625358 0.0559035 0.0498182 0.0442707 0.0392494 0.0347402 0.0307274 0.0271946 0.024125 0.0215023 0.0193111 0.0175375 0.0161694 0.0151971 0.0146142 
0.0156943 0.0158948 0.016511 0.0175486 0.0190154 0.020922 0.0232813 0.0261083 0.0294194 0.0332319 0.0375634 0.0424311 0.0478512 0.053838 0.0604034 0.067556 0.0753006 0.0836373 0.0925613 0.102062 0.112124 0.122724 0.133832 0.145415 0.15743 0.169829 0.182558 0.195559 0.208766 0.222112 0.235525 0.248928 0.262246 0.2754 0.28831 0.300898 0.313087 0.324801 0.335966 0.346514 0.356378 0.365495 0.37381 0.38127 0.387829 0.393447 0.398088 0.401724 0.404333 0.405899 0.406412 0.40587 0.404275 0.401637 0.397973 0.393305 0.387661 0.381077 0.373594 0.365258 0.356121 0.346241 0.335679 0.324501 0.312779 0.300585 0.287995 0.275086 0.261938 0.248628 0.235237 0.221839 0.208511 0.195324 0.182346 0.169641 0.157268 0.14528 0.133725 0.122644 0.112071 0.102035 0.0925585 0.083657 0.0753407 0.067614 0.0604765 0.0539233 0.0479456 0.0425316 0.0376669 0.0333356 0.0295204 0.026204 0.0233693 0.0210002 0.0190821 0.0176023 0.0165506 0.0159202 
0.0170354 0.0172523 0.0179175 0.0190371 0.0206192 0.022675 0.025218 0.0282639 0.0318297 0.0359335 0.0405936 0.0458276 0.0516522 0.0580819 0.0651283 0.0727999 0.0811007 0.0900298 0.0995811 0.109742 0.120495 0.131815 0.143668 0.156018 0.168819 0.182018 0.195559 0.209377 0.223404 0.237566 0.251788 0.26599 0.28009 0.294006 0.307654 0.320953 0.33382 0.346178 0.35795 0.369064 0.379451 0.389047 0.397794 0.405639 0.412533 0.418436 0.423311 0.42713 0.429869 0.431514 0.432052 0.431483 0.429808 0.427038 0.423189 0.418285 0.412354 0.405433 0.397563 0.388793 0.379175 0.368769 0.357639 0.345853 0.333485 0.320611 0.307309 0.29366 0.279749 0.265656 0.251465 0.237258 0.223113 0.209107 0.195312 0.181797 0.168625 0.155853 0.143532 0.131708 0.120417 0.109693 0.099558 0.0900316 0.0811251 0.0728444 0.06519 0.0581577 0.0517391 0.0459223 0.0406927 0.036034 0.0319286 0.0283582 0.0253054 0.022753 0.020686 0.0190911 0.0179576 0.0172783 
0.0184226 0.0186563 0.0193719 0.0205756 0.022276 0.0244847 0.027216 0.030486 0.0343126 0.0387144 0.0437103 0.0493185 0.0555559 0.062437 0.0699734 0.0781731 0.0870393 0.09657 0.106758 0.117588 0.12904 0.141087 0.153693 0.166816 0.180408 0.194412 0.208766 0.223404 0.238251 0.253229 0.268259 0.283256 0.298134 0.312807 0.327187 0.341188 0.354727 0.36772 0.380089 0.39176 0.402661 0.412727 0.421898 0.430119 0.437341 0.443523 0.448626 0.452623 0.45549 0.45721 0.457774 0.457178 0.455425 0.452526 0.448498 0.443363 0.437152 0.429902 0.421653 0.412457 0.402367 0.391445 0.379756 0.367371 0.354365 0.340818 0.326811 0.31243 0.29776 0.282888 0.267902 0.252886 0.237925 0.223099 0.208485 0.194157 0.180181 0.166619 0.153527 0.140952 0.128937 0.117514 0.106713 0.0965526 0.0870468 0.078203 0.0700226 0.0625024 0.0556342 0.0494063 0.0438041 0.0388109 0.0344086 0.0305784 0.0273021 0.0245622 0.0223426 0.0206297 0.0194122 0.0186828 
0.0198495 0.0201003 0.0208673 0.0221568 0.0239779 0.0263426 0.0292656 0.032764 0.036856 0.041561 0.0468984 0.0528866 0.0595429 0.0668818 0.0749148 0.083649 0.0930869 0.103225 0.114055 0.125559 0.137716 0.150493 0.163854 0.177753 0.192136 0.206945 0.222112 0.237566 0.253229 0.26902 0.284851 0.300636 0.316283 0.331703 0.346804 0.361497 0.375695 0.389311 0.402266 0.414481 0.425885 0.436409 0.445992 0.454579 0.46212 0.468571 0.473897 0.478066 0.481057 0.482851 0.483438 0.482817 0.480989 0.477965 0.473763 0.468405 0.461922 0.454351 0.445735 0.436124 0.425574 0.414148 0.401912 0.38894 0.375309 0.3611 0.3464 0.331296 0.315877 0.300234 0.284459 0.268641 0.252868 0.237226 0.221796 0.206656 0.191876 0.177524 0.163658 0.15033 0.137585 0.125461 0.113988 0.103188 0.0930764 0.0836631 0.0749504 0.0669358 0.0596117 0.0529667 0.0469861 0.0416528 0.0369485 0.032854 0.0293502 0.026419 0.024044 0.0222108 0.0209078 0.0201272 
0.0213086 0.0215769 0.022396 0.0237726 0.0257161 0.0282389 0.0313564 0.035086 0.0394468 0.0444585 0.050141 0.0565132 0.0635924 0.071393 0.0799261 0.0891984 0.0992111 0.10996 0.121433 0.133614 0.146475 0.159983 0.174098 0.18877 0.203942 0.21955 0.235525 0.251788 0.268259 0.284851 0.301473 0.318034 0.334438 0.350592 0.3664 0.38177 0.396611 0.410835 0.424359 0.437103 0.448994 0.459962 0.469945 0.478885 0.486733 0.493445 0.498985 0.50332 0.506429 0.508294 0.508905 0.508259 0.506359 0.503216 0.498846 0.493273 0.486528 0.478648 0.469676 0.459665 0.448669 0.436753 0.423986 0.410442 0.396201 0.381347 0.365968 0.350155 0.334001 0.3176 0.301048 0.284438 0.267863 0.251413 0.235174 0.219227 0.203648 0.188508 0.17387 0.15979 0.146316 0.13349 0.121343 0.109901 0.0991817 0.0891958 0.0799473 0.0714346 0.0636508 0.0565847 0.0502218 0.0445449 0.0395352 0.035173 0.0314388 0.028314 0.0257814 0.0238263 0.0224366 0.0216042 
0.0227919 0.0230779 0.0239496 0.0254141 0.027481 0.0301632 0.0334766 0.0374391 0.0420704 0.0473906 0.05342 0.0601779 0.0676814 0.0759451 0.0849793 0.0947901 0.105378 0.116736 0.128852 0.141706 0.155268 0.169503 0.184366 0.199805 0.215758 0.232157 0.248928 0.26599 0.283256 0.300636 0.318034 0.335354 0.352498 0.369368 0.385864 0.401892 0.417358 0.432172 0.446247 0.459502 0.471863 0.483258 0.493624 0.502904 0.511047 0.518009 0.523752 0.528247 0.53147 0.533403 0.534036 0.533367 0.531398 0.52814 0.52361 0.517832 0.510836 0.502659 0.493347 0.482949 0.471525 0.459137 0.445857 0.43176 0.416928 0.401447 0.385407 0.368904 0.352032 0.33489 0.317576 0.30019 0.282826 0.26558 0.248543 0.231799 0.215431 0.199511 0.184107 0.16928 0.155082 0.141556 0.128737 0.116655 0.105328 0.09477 0.0849852 0.0759735 0.0677287 0.0602401 0.0534933 0.0474709 0.042154 0.0375225 0.0335564 0.0302365 0.0275452 0.0254672 0.02399 0.0231054 
0.0242904 0.0245942 0.0255187 0.0270713 0.0292619 0.0321039 0.0356135 0.0398092 0.044711 0.0503398 0.0567159 0.0638589 0.0717859 0.0805111 0.0900445 0.100391 0.11155 0.123514 0.136267 0.149788 0.164045 0.178998 0.1946 0.210794 0.227516 0.244693 0.262246 0.28009 0.298134 0.316283 0.334438 0.352498 0.370361 0.387925 0.405089 0.421753 0.437822 0.453203 0.467808 0.481554 0.494364 0.506168 0.516901 0.526504 0.534928 0.542127 0.548065 0.552711 0.556041 0.558039 0.558693 0.558002 0.555969 0.552602 0.54792 0.541947 0.534712 0.526254 0.516616 0.505851 0.494016 0.481176 0.467403 0.452774 0.437372 0.421286 0.404608 0.387436 0.369867 0.352004 0.33395 0.315805 0.297671 0.279647 0.261827 0.244301 0.227155 0.210468 0.19431 0.178745 0.16383 0.149612 0.136128 0.123411 0.111481 0.100353 0.0900344 0.0805257 0.0718213 0.0639112 0.056781 0.0504135 0.0447895 0.0398885 0.0356903 0.032175 0.0293247 0.0271236 0.0255588 0.0246219 
0.0257947 0.0261162 0.0270934 0.0287338 0.0310476 0.0340486 0.0377535 0.0421813 0.0473522 0.0532876 0.0600081 0.0675332 0.0758801 0.0850627 0.0950902 0.105967 0.117691 0.130252 0.143634 0.157812 0.172752 0.188411 0.204738 0.221672 0.239146 0.257083 0.2754 0.294006 0.312807 0.331703 0.350592 0.369368 0.387925 0.406159 0.423965 0.44124 0.457887 0.473811 0.488922 0.503136 0.516374 0.528567 0.539647 0.549557 0.558247 0.56567 0.571792 0.57658 0.580012 0.58207 0.582745 0.582033 0.579938 0.57647 0.571645 0.565487 0.558027 0.549302 0.539357 0.528242 0.516017 0.502747 0.488504 0.473367 0.45742 0.440754 0.423463 0.405646 0.387405 0.368846 0.350074 0.331194 0.312312 0.29353 0.274947 0.256659 0.238753 0.221314 0.204416 0.188128 0.172509 0.157609 0.14347 0.130126 0.1176 0.10591 0.0950638 0.085063 0.0759033 0.0675751 0.0600644 0.0533542 0.047425 0.0422562 0.037827 0.0341174 0.0311088 0.028785 0.027133 0.026144 
0.0272946 0.0276336 0.028663 0.0303903 0.0328261 0.0359845 0.0398826 0.0445397 0.0499765 0.0562146 0.0632749 0.0711769 0.0799377 0.0895705 0.100084 0.111482 0.12376 0.136908 0.150906 0.165727 0.181334 0.197683 0.214717 0.232373 0.250578 0.269253 0.28831 0.307654 0.327187 0.346804 0.3664 0.385864 0.405089 0.423965 0.442385 0.460244 0.477442 0.493882 0.509473 0.52413 0.537774 0.550332 0.56174 0.571939 0.580878 0.588512 0.594805 0.599727 0.603254 0.605369 0.606063 0.605332 0.60318 0.599617 0.594658 0.588328 0.580657 0.571681 0.561446 0.550003 0.53741 0.523733 0.509045 0.493425 0.47696 0.45974 0.441863 0.42343 0.404546 0.385317 0.365855 0.346267 0.326662 0.307147 0.287826 0.268797 0.250153 0.231983 0.214364 0.19737 0.181063 0.165497 0.150717 0.136759 0.123649 0.111406 0.100041 0.0895562 0.0799481 0.071208 0.0633222 0.0562738 0.0500432 0.0446098 0.0399524 0.0360505 0.0328854 0.0304404 0.028702 0.0276614 
0.0287795 0.0291358 0.0302164 0.0320292 0.034585 0.037898 0.0419858 0.0468681 0.0525659 0.0591009 0.0664942 0.0747654 0.0839312 0.0940045 0.104993 0.1169 0.129718 0.143437 0.158035 0.173482 0.189738 0.206755 0.224474 0.242828 0.261741 0.281128 0.300898 0.320953 0.341188 0.361497 0.38177 0.401892 0.421753 0.44124 0.460244 0.478657 0.496376 0.513304 0.529348 0.544421 0.558446 0.571348 0.583062 0.593531 0.602702 0.610533 0.616986 0.622032 0.625647 0.627815 0.628527 0.627779 0.625574 0.621922 0.616839 0.610349 0.602481 0.593272 0.582766 0.571015 0.558077 0.544018 0.528911 0.512837 0.495882 0.478138 0.459705 0.440686 0.421188 0.401322 0.381199 0.360933 0.340635 0.320416 0.300384 0.280641 0.261285 0.242408 0.224092 0.206414 0.189439 0.173226 0.157822 0.143266 0.129587 0.116805 0.104933 0.0939752 0.0839287 0.0747854 0.0665322 0.0591523 0.0526262 0.0469332 0.0420517 0.0379611 0.0346421 0.032078 0.0302548 0.0291635 
0.0302384 0.0306116 0.0317423 0.0336385 0.0363113 0.0397752 0.044048 0.0491498 0.0551018 0.0619259 0.0696434 0.0782736 0.087833 0.0983339 0.109784 0.122183 0.135526 0.149798 0.164975 0.181026 0.197908 0.215569 0.233948 0.252973 0.272564 0.292634 0.313087 0.33382 0.354727 0.375695 0.396611 0.417358 0.437822 0.457887 0.477442 0.496376 0.514585 0.531971 0.548439 0.563902 0.578282 0.591504 0.603503 0.614221 0.623608 0.63162 0.638221 0.643381 0.647078 0.649295 0.650024 0.649259 0.647006 0.643273 0.638075 0.631437 0.623388 0.613963 0.603206 0.591169 0.57791 0.563495 0.547997 0.531496 0.514081 0.495845 0.476888 0.457316 0.437238 0.416766 0.396017 0.375105 0.354147 0.333256 0.312544 0.292118 0.272079 0.252523 0.233537 0.2152 0.197582 0.180744 0.164738 0.149604 0.135374 0.12207 0.109707 0.0982898 0.0878175 0.0782823 0.0696718 0.0619693 0.0551556 0.0492096 0.0441098 0.0398352 0.0363662 0.0336859 0.0317799 0.0306392 
0.0316602 0.0320498 0.033229 0.035206 0.037992 0.041602 0.0460538 0.0513678 0.0575655 0.064669 0.0726995 0.0816761 0.0916151 0.102528 0.114422 0.127296 0.141142 0.155945 0.171679 0.188309 0.20579 0.224067 0.243076 0.262741 0.28298 0.303699 0.324801 0.346178 0.36772 0.389311 0.410835 0.432172 0.453203 0.473811 0.493882 0.513304 0.531971 0.549783 0.566645 0.58247 0.597178 0.610695 0.622957 0.633905 0.643491 0.651669 0.658405 0.66367 0.667442 0.669704 0.670447 0.669669 0.667371 0.663563 0.658262 0.651488 0.643272 0.633649 0.622661 0.610361 0.596805 0.58206 0.566199 0.549302 0.531458 0.512763 0.493316 0.473225 0.452602 0.431561 0.41022 0.388699 0.367115 0.345588 0.324231 0.303156 0.282467 0.262264 0.242637 0.223671 0.205438 0.188002 0.171418 0.155729 0.14097 0.127164 0.114329 0.102469 0.0915867 0.0816737 0.0727183 0.0647044 0.0576127 0.0514223 0.0461113 0.0416587 0.0380447 0.0352518 0.0332658 0.0320772 
0.0330335 0.0334388 0.0346647 0.0367193 0.039614 0.0433641 0.0479877 0.0535052 0.0599385 0.0673096 0.0756398 0.084948 0.09525 0.106557 0.118875 0.132202 0.146528 0.161837 0.1781 0.19528 0.213331 0.232193 0.251798 0.27207 0.29292 0.314253 0.335966 0.35795 0.380089 0.402266 0.424359 0.446247 0.467808 0.488922 0.509473 0.529348 0.548439 0.566645 0.583871 0.600029 0.615038 0.628826 0.641329 0.652487 0.662253 0.670583 0.677443 0.682803 0.686642 0.688945 0.689702 0.688911 0.686573 0.682698 0.677302 0.670405 0.662037 0.652233 0.641036 0.628494 0.614666 0.599618 0.583422 0.56616 0.54792 0.528798 0.508897 0.488323 0.467191 0.445619 0.423725 0.401632 0.379462 0.357336 0.335372 0.313684 0.292381 0.271566 0.251334 0.231771 0.212954 0.19495 0.177816 0.1616 0.146336 0.132052 0.118765 0.106484 0.0952089 0.0849345 0.0756491 0.067337 0.059979 0.0535543 0.0480409 0.0434176 0.0396643 0.0367634 0.0347005 0.0334661 
0.0343472 0.0347675 0.0360377 0.0381661 0.0411643 0.0450475 0.0498343 0.0555452 0.0622022 0.0698274 0.0784418 0.0880644 0.0987105 0.110391 0.123109 0.136864 0.151645 0.167431 0.184194 0.201893 0.220479 0.239891 0.260058 0.280898 0.302321 0.324229 0.346514 0.369064 0.39176 0.414481 0.437103 0.459502 0.481554 0.503136 0.52413 0.544421 0.563902 0.58247 0.600029 0.616491 0.631775 0.64581 0.65853 0.669879 0.679808 0.688275 0.695245 0.700691 0.704592 0.706931 0.707701 0.706898 0.704524 0.700589 0.695108 0.688101 0.679596 0.669629 0.65824 0.64548 0.631405 0.61608 0.599579 0.581983 0.56338 0.543866 0.523545 0.502526 0.480925 0.458859 0.436453 0.413829 0.391113 0.368428 0.345896 0.323636 0.301758 0.28037 0.259569 0.239445 0.220079 0.20154 0.183889 0.167174 0.151434 0.136698 0.122984 0.110303 0.098657 0.0880401 0.0784419 0.0698469 0.0622362 0.0555889 0.0498833 0.0450977 0.0412121 0.0382086 0.0360726 0.0347946 
0.0355902 0.0360247 0.0373366 0.0395344 0.0426299 0.0466385 0.0515788 0.0574715 0.0643387 0.0722025 0.0810839 0.0910015 0.10197 0.114 0.127095 0.14125 0.156455 0.172688 0.189917 0.2081 0.227186 0.24711 0.267798 0.289167 0.311123 0.333563 0.356378 0.379451 0.402661 0.425885 0.448994 0.471863 0.494364 0.516374 0.537774 0.558446 0.578282 0.597178 0.615038 0.631775 0.647308 0.661564 0.67448 0.686 0.696076 0.704665 0.711735 0.717258 0.721213 0.723585 0.724366 0.723552 0.721147 0.717158 0.711601 0.704495 0.695868 0.685755 0.674195 0.661238 0.646941 0.631367 0.61459 0.59669 0.577756 0.557886 0.537182 0.515757 0.493724 0.471207 0.448328 0.425216 0.401996 0.378795 0.355739 0.332948 0.310537 0.288616 0.267287 0.246642 0.226764 0.207726 0.189592 0.172412 0.156227 0.141068 0.126955 0.1139 0.101905 0.0909668 0.081075 0.0722144 0.0643663 0.05751 0.0516236 0.0466854 0.0426753 0.0395753 0.0373706 0.0360515 
