4.5763e-05 4.6943e-05 5.13949e-05 5.93281e-05 7.10849e-05 8.71543e-05 0.000108175 0.000134941 0.000168403 0.000209674 0.000260029 0.0003209 0.000393879 0.000480701 0.00058323 0.000703444 0.000843403 0.00100522 0.001191 0.00140284 0.00164273 0.00191251 0.0022138 0.00254796 0.00291598 0.00331847 0.00375553 0.00422676 0.00473115 0.00526708 0.00583227 0.00642379 0.00703803 0.00767073 0.00831704 0.00897152 0.00962824 0.0102809 0.0109228 0.011547 0.0121467 0.012715 0.013245 0.0137303 0.0141649 0.0145431 0.0148602 0.0151121 0.0152953 0.0154074 0.0154471 0.0154137 0.0153077 0.0151305 0.0148847 0.0145733 0.0142005 0.0137711 0.0132907 0.0127652 0.0122011 0.011605 0.0109839 0.0103448 0.00969436 0.00903933 0.00838603 0.00774037 0.0071078 0.0064932 0.00590083 0.00533434 0.0047967 0.00429021 0.00381654 0.00337675 0.00297128 0.00260009 0.00226262 0.00195793 0.00168471 0.00144138 0.00122614 0.00103704 0.00087203 0.000729018 0.000605915 0.000500679 0.000411343 0.000336046 0.000273055 0.000220774 0.000177762 0.000142731 0.000114555 9.22635e-05 7.50449e-05 6.22385e-05 5.33329e-05 4.79723e-05 
4.6943e-05 4.8158e-05 5.2733e-05 6.08835e-05 7.29611e-05 8.94683e-05 0.000111062 0.000138556 0.000172929 0.000215322 0.000267045 0.00032957 0.000404527 0.000493698 0.000598996 0.000722448 0.000866165 0.00103231 0.00122305 0.00144052 0.00168676 0.00196364 0.00227283 0.0026157 0.00299327 0.00340615 0.00385443 0.00433768 0.00485486 0.0054043 0.00598367 0.00658993 0.00721938 0.00786767 0.0085298 0.00920021 0.00987283 0.0105412 0.0111984 0.0118376 0.0124515 0.0130332 0.0135756 0.0140723 0.014517 0.014904 0.0152285 0.0154861 0.0156735 0.0157882 0.0158287 0.0157944 0.0156859 0.0155046 0.015253 0.0149343 0.0145527 0.0141133 0.0136215 0.0130836 0.0125061 0.0118959 0.01126 0.0106055 0.00993938 0.0092685 0.0085993 0.00793786 0.00728974 0.00665995 0.00605287 0.00547223 0.00492108 0.00440181 0.00391613 0.00346511 0.00304926 0.0026685 0.0023223 0.00200968 0.00172933 0.00147962 0.00125872 0.00106463 0.000895251 0.000748442 0.000622063 0.000514019 0.000422297 0.000344986 0.000280308 0.000226627 0.000182463 0.000146494 0.000117564 9.46767e-05 7.69986e-05 6.38512e-05 5.47094e-05 4.92079e-05 
5.13949e-05 5.2733e-05 5.774e-05 6.665e-05 7.98451e-05 9.78708e-05 0.000121439 0.000151434 0.000188914 0.000235115 0.000291452 0.000359516 0.000441066 0.000538023 0.000652445 0.000786511 0.000942487 0.00112269 0.00132944 0.001565 0.00183156 0.00213109 0.00246536 0.0028358 0.00324348 0.00368898 0.00417238 0.00469317 0.00525019 0.00584159 0.00646482 0.00711661 0.00779295 0.00848915 0.00919984 0.00991905 0.0106403 0.0113566 0.0120607 0.0127451 0.0134023 0.0140246 0.0146049 0.015136 0.0156113 0.016025 0.0163716 0.0166467 0.0168468 0.0169692 0.0170123 0.0169755 0.0168593 0.0166654 0.0163963 0.0160555 0.0156474 0.0151774 0.0146513 0.0140757 0.0134575 0.0128042 0.0121231 0.0114219 0.010708 0.0099886 0.00927073 0.00856084 0.00786493 0.00718835 0.00653583 0.0059114 0.00531836 0.0047593 0.0042361 0.00374998 0.00330148 0.0028906 0.00251678 0.00217903 0.00187595 0.00160584 0.00136675 0.00115655 0.000973007 0.000813827 0.00067672 0.000559439 0.000459819 0.000375807 0.000305485 0.000247091 0.000199025 0.000159862 0.00012835 0.000103411 8.41436e-05 6.98117e-05 5.9847e-05 5.38533e-05 
5.93281e-05 6.08835e-05 6.665e-05 7.6894e-05 9.20502e-05 0.000112738 0.000139765 0.000174132 0.000217038 0.00026988 0.000334254 0.000411952 0.000504953 0.000615412 0.000745636 0.000898059 0.00107521 0.00127965 0.00151398 0.00178068 0.00208215 0.00242056 0.00279782 0.00321548 0.00367465 0.00417591 0.00471926 0.00530406 0.00592893 0.00659174 0.00728958 0.00801872 0.00877467 0.00955215 0.0103451 0.011147 0.0119505 0.012748 0.0135313 0.0142922 0.0150224 0.0157135 0.0163575 0.0169467 0.0174738 0.0179322 0.0183162 0.0186209 0.0188423 0.0189776 0.019025 0.018984 0.018855 0.0186398 0.0183412 0.0179631 0.0175103 0.0169887 0.0164046 0.0157654 0.0150787 0.0143525 0.0135951 0.0128148 0.01202 0.0112185 0.0104182 0.00962621 0.00884921 0.0080932 0.00736348 0.00666458 0.00600024 0.00537342 0.00478627 0.00424022 0.00373597 0.00327356 0.00285247 0.00247164 0.00212957 0.00182442 0.00155404 0.0013161 0.00110814 0.0009276 0.000771951 0.000638681 0.000525374 0.00042973 0.0003496 0.000283003 0.000228139 0.000183401 0.000147377 0.00011885 9.67981e-05 8.03903e-05 6.89823e-05 6.21253e-05 
7.10849e-05 7.29611e-05 7.98451e-05 9.20502e-05 0.000110087 0.000134681 0.000166781 0.000207555 0.000258405 0.000320959 0.000397075 0.000488835 0.000598534 0.00072866 0.000881877 0.00106098 0.00126888 0.0015085 0.00178278 0.00209456 0.00244652 0.00284112 0.00328045 0.0037662 0.00429955 0.00488108 0.00551066 0.00618744 0.00690974 0.007675 0.00847978 0.00931973 0.0101896 0.0110833 0.011994 0.0129139 0.0138349 0.014748 0.0156443 0.0165143 0.0173484 0.0181374 0.0188721 0.0195439 0.0201445 0.0206666 0.0211038 0.0214504 0.0217022 0.0218558 0.0219094 0.0218622 0.0217149 0.0214695 0.021129 0.0206978 0.0201815 0.0195865 0.01892 0.0181903 0.0174059 0.0165759 0.0157098 0.0148169 0.0139065 0.0129879 0.0120698 0.0111605 0.0102675 0.00939781 0.00855752 0.00775188 0.00698527 0.00626116 0.00558213 0.00494991 0.00436541 0.00382879 0.00333954 0.00289654 0.00249815 0.00214232 0.00182667 0.00154856 0.00130518 0.00109366 0.000911067 0.000754547 0.000621315 0.000508724 0.000414288 0.000335715 0.000270917 0.000218026 0.000175397 0.000141613 0.00011548 9.60271e-05 8.25015e-05 7.43781e-05 
8.71543e-05 8.94683e-05 9.78708e-05 0.000112738 0.000134681 0.000164572 0.00020354 0.000252985 0.000314575 0.000390247 0.000482209 0.000592925 0.000725109 0.000881695 0.00106581 0.00128074 0.00152987 0.00181662 0.00214438 0.00251642 0.00293584 0.00340539 0.00392744 0.00450387 0.00513591 0.0058241 0.00656817 0.00736696 0.00821835 0.00911925 0.0100655 0.0110519 0.0120722 0.0131193 0.014185 0.0152605 0.016336 0.0174015 0.0184462 0.0194594 0.0204301 0.0213475 0.0222012 0.0229812 0.0236782 0.0242837 0.0247905 0.025192 0.0254835 0.0256611 0.0257227 0.0256675 0.0254963 0.0252112 0.0248158 0.0243152 0.0237156 0.0230243 0.0222498 0.0214012 0.0204887 0.0195225 0.0185134 0.0174723 0.0164101 0.0153373 0.014264 0.0132 0.012154 0.0111342 0.0101478 0.009201 0.008299 0.00744599 0.00664511 0.00589851 0.0052074 0.00457209 0.00399211 0.00346628 0.00299278 0.00256931 0.00219316 0.0018613 0.00157051 0.00131744 0.00109871 0.00091097 0.000750955 0.000615559 0.000501856 0.000407137 0.000328934 0.000265032 0.000213476 0.000172581 0.000140924 0.000117349 0.000100955 9.1117e-05 
0.000108175 0.000111062 0.000121439 0.000139765 0.000166781 0.00020354 0.000251412 0.000312085 0.000387569 0.000480196 0.000592616 0.000727782 0.000888934 0.00107957 0.00130341 0.00156434 0.00186636 0.00221348 0.00260967 0.00305876 0.00356429 0.00412944 0.00475688 0.00544869 0.00620617 0.00702979 0.00791905 0.00887242 0.00988721 0.0109596 0.0120845 0.0132556 0.0144656 0.0157058 0.0169667 0.0182376 0.0195073 0.0207638 0.0219947 0.0231873 0.024329 0.0254072 0.0264097 0.027325 0.0281424 0.0288522 0.0294458 0.0299159 0.0302568 0.0304644 0.030536 0.0304708 0.0302696 0.029935 0.0294711 0.0288837 0.0281799 0.0273683 0.0264586 0.0254615 0.0243885 0.0232516 0.0220635 0.0208366 0.0195837 0.0183172 0.0170489 0.0157902 0.0145515 0.0133426 0.0121718 0.0110468 0.00997364 0.00895753 0.00800231 0.00711068 0.00628424 0.00552353 0.00482815 0.00419683 0.00362758 0.00311779 0.00266435 0.00226376 0.00191227 0.00160596 0.00134086 0.00111301 0.000918558 0.000753809 0.00061528 0.000499739 0.00040423 0.000326099 0.000262999 0.0002129 0.00017409 0.000145172 0.000125062 0.000113002 
0.000134941 0.000138556 0.000151434 0.000174132 0.000207555 0.000252985 0.000312085 0.000386903 0.000479874 0.000593817 0.000731928 0.000897763 0.00109521 0.00132846 0.00160195 0.00192031 0.00228827 0.00271057 0.00319188 0.00373666 0.00434903 0.00503263 0.0057905 0.00662491 0.00753725 0.00852785 0.00959591 0.0107394 0.0119549 0.0132377 0.0145816 0.0159789 0.0174208 0.0188969 0.0203959 0.0219052 0.0234113 0.0249003 0.0263576 0.0277682 0.0291174 0.0303905 0.0315734 0.0326527 0.0336159 0.0344517 0.0351503 0.0357034 0.0361041 0.0363478 0.0364315 0.0363541 0.0361167 0.0357222 0.0351753 0.0344828 0.033653 0.0326957 0.0316222 0.0304449 0.0291772 0.0278331 0.0264273 0.0249746 0.0234897 0.0219872 0.0204811 0.0189849 0.0175109 0.0160705 0.0146741 0.0133306 0.0120475 0.0108311 0.00968606 0.0086159 0.00762266 0.0067072 0.00586924 0.00510745 0.00441962 0.0038028 0.0032534 0.00276739 0.00234036 0.00196772 0.00164477 0.00136684 0.00112933 0.000927844 0.000758208 0.000616547 0.000499309 0.000403294 0.00032567 0.000263983 0.000216161 0.000180509 0.000155713 0.000140853 
0.000168403 0.000172929 0.000188914 0.000217038 0.000258405 0.000314575 0.000387569 0.000479874 0.00059444 0.000734677 0.000904441 0.00110801 0.00135007 0.00163562 0.00196998 0.00235864 0.00280721 0.00332131 0.0039064 0.00456771 0.00530999 0.00613743 0.00705346 0.00806057 0.00916018 0.0103524 0.0116362 0.0130087 0.0144656 0.0160012 0.0176078 0.0192762 0.0209956 0.0227538 0.0245371 0.0263306 0.0281186 0.0298843 0.0316106 0.0332802 0.0348757 0.03638 0.0377767 0.0390501 0.0401859 0.0411709 0.0419937 0.0426447 0.0431161 0.0434024 0.0435003 0.0434085 0.0431282 0.0426627 0.0420178 0.041201 0.0402219 0.0390921 0.0378245 0.0364336 0.0349349 0.0333449 0.0316805 0.0299591 0.0281981 0.0264144 0.0246247 0.0228448 0.0210894 0.0193722 0.0177054 0.0160997 0.0145645 0.0131071 0.0117335 0.0104481 0.00925346 0.00815093 0.00714036 0.00622043 0.00538868 0.00464179 0.00397563 0.00338553 0.00286634 0.00241268 0.00201898 0.00167971 0.00138941 0.00114282 0.000934949 0.000761146 0.000617139 0.000499069 0.000403517 0.000327515 0.00026855 0.000224569 0.000193974 0.000175652 
0.000209674 0.000215322 0.000235115 0.00026988 0.000320959 0.000390247 0.000480196 0.000593817 0.000734677 0.000906889 0.0011151 0.00136445 0.00166054 0.00200937 0.00241725 0.00289072 0.00343641 0.00406093 0.00477069 0.00557176 0.00646964 0.00746911 0.00857401 0.00978706 0.0111097 0.0125417 0.0140815 0.0157254 0.0174683 0.0193027 0.0212194 0.0232073 0.0252536 0.0273434 0.0294605 0.0315874 0.0337054 0.0357949 0.0378359 0.0398079 0.0416907 0.0434644 0.04511 0.0466093 0.0479457 0.0491041 0.0500712 0.0508358 0.0513893 0.0517251 0.0518393 0.0517307 0.0514005 0.0508528 0.0500938 0.0491324 0.0479799 0.0466493 0.0451558 0.043516 0.0417481 0.039871 0.0379046 0.0358691 0.0337848 0.0316717 0.0295494 0.0274363 0.0253501 0.0233069 0.0213214 0.0194064 0.017573 0.0158304 0.014186 0.012645 0.011211 0.00988585 0.00866957 0.00756086 0.00655709 0.0056545 0.00484839 0.00413334 0.00350338 0.00295219 0.00247322 0.00205993 0.00170582 0.00140465 0.00115046 0.000937664 0.000761146 0.000616262 0.000498891 0.000405449 0.0003329 0.000278759 0.000241091 0.000218545 
0.000260029 0.000267045 0.000291452 0.000334254 0.000397075 0.000482209 0.000592616 0.000731928 0.000904441 0.0011151 0.00136947 0.00167372 0.00203452 0.00245901 0.00295468 0.00352926 0.00419056 0.00494634 0.00580406 0.00677075 0.00785273 0.00905542 0.0103831 0.0118387 0.0134235 0.015137 0.0169769 0.0189386 0.0210154 0.0231985 0.0254765 0.0278362 0.030262 0.0327365 0.0352404 0.037753 0.0402523 0.0427155 0.0451189 0.0474391 0.0496523 0.0517356 0.0536669 0.0554254 0.0569918 0.0583486 0.0594808 0.0603756 0.0610228 0.0614151 0.061548 0.0614201 0.0610329 0.0603907 0.0595012 0.0583743 0.0570228 0.055462 0.0537092 0.0517837 0.0497063 0.047499 0.0451849 0.0427873 0.0403299 0.0378362 0.0353289 0.03283 0.03036 0.0279382 0.0255818 0.0233064 0.0211253 0.0190496 0.0170882 0.0152478 0.0135329 0.011946 0.0104875 0.00915629 0.00794941 0.0068627 0.00589085 0.00502762 0.0042661 0.00359889 0.00301835 0.00251675 0.00208644 0.00171999 0.00141031 0.00115075 0.0009352 0.000758082 0.000614454 0.000500007 0.000411083 0.000344687 0.000298485 0.000270847 
0.0003209 0.00032957 0.000359516 0.000411952 0.000488835 0.000592925 0.000727782 0.000897763 0.00110801 0.00136445 0.00167372 0.00204314 0.00248066 0.00299473 0.00359419 0.00428811 0.00508567 0.00599588 0.00702741 0.00818835 0.0094859 0.0109262 0.0125138 0.014252 0.0161418 0.0181822 0.02037 0.0226995 0.0251624 0.0277477 0.030442 0.0332292 0.0360909 0.0390064 0.041953 0.0449065 0.0478412 0.0507303 0.0535466 0.0562626 0.0588512 0.0612858 0.0635411 0.0655931 0.0674196 0.069001 0.0703199 0.0713616 0.0721146 0.0725707 0.0727246 0.0725748 0.072123 0.0713742 0.070337 0.0690228 0.0674463 0.0656248 0.0635782 0.0613286 0.0588999 0.0563174 0.0536076 0.0507976 0.0479149 0.0449866 0.0420392 0.0390984 0.0361884 0.0333318 0.030549 0.0278585 0.0252762 0.0228155 0.0204873 0.0182998 0.0162588 0.0143676 0.0126271 0.0110362 0.00959204 0.00828989 0.00712377 0.00608659 0.00517037 0.00436656 0.00366624 0.00306036 0.00253991 0.00209613 0.00172065 0.00140556 0.00114359 0.000928097 0.000753176 0.000613668 0.000505193 0.000424156 0.000367756 0.000334035 
0.000393879 0.000404527 0.000441066 0.000504953 0.000598534 0.000725109 0.000888934 0.00109521 0.00135007 0.00166054 0.00203452 0.00248066 0.00300836 0.00362754 0.00434859 0.00518213 0.00613881 0.00722909 0.00846295 0.00984961 0.0113972 0.0131126 0.0150009 0.0170652 0.0193064 0.0217228 0.0243101 0.0270611 0.0299656 0.0330104 0.0361793 0.0394531 0.0428102 0.0462261 0.0496743 0.0531265 0.0565529 0.0599224 0.0632036 0.0663649 0.0693752 0.0722041 0.0748224 0.0772031 0.0793209 0.0811533 0.0826806 0.0838864 0.0847576 0.0852847 0.085462 0.0852877 0.0847637 0.0838958 0.0826935 0.0811699 0.0793416 0.0772283 0.0748525 0.0722395 0.0694163 0.0664121 0.0632572 0.0599827 0.0566201 0.0532009 0.0497557 0.0463143 0.042905 0.0395542 0.036286 0.0331222 0.0300817 0.0271806 0.0244321 0.0218463 0.0194303 0.0171885 0.0151226 0.0132318 0.0115129 0.00996088 0.00856916 0.00732962 0.00623317 0.00526996 0.00442963 0.00370167 0.00307555 0.002541 0.00208815 0.00170769 0.00139099 0.0011302 0.000918303 0.000749153 0.000617533 0.000519154 0.000450671 0.000409743 
0.000480701 0.000493698 0.000538023 0.000615412 0.00072866 0.000881695 0.00107957 0.00132846 0.00163562 0.00200937 0.00245901 0.00299473 0.00362754 0.00436908 0.00523143 0.00622693 0.00736791 0.00866639 0.0101338 0.0117805 0.0136158 0.0156471 0.0178799 0.0203173 0.0229597 0.0258047 0.0288466 0.0320763 0.0354815 0.0390462 0.0427512 0.0465738 0.0504884 0.0544667 0.0584776 0.0624883 0.0664644 0.0703703 0.0741698 0.077827 0.0813061 0.0845727 0.0875939 0.0903387 0.0927788 0.0948889 0.0966467 0.0980337 0.0990353 0.0996408 0.0998439 0.0996425 0.0990386 0.098039 0.0966542 0.094899 0.092792 0.0903554 0.0876148 0.0845984 0.0813371 0.0778639 0.0742133 0.0704208 0.0665223 0.062554 0.0585511 0.0545481 0.0505777 0.0466706 0.0428551 0.0391567 0.0355977 0.0321974 0.0289716 0.0259326 0.0230893 0.0204474 0.0180093 0.0157748 0.0137406 0.0119014 0.0102499 0.00877695 0.00747226 0.00632456 0.00532195 0.00445226 0.00370327 0.003063 0.00251992 0.0020631 0.00168241 0.00136859 0.00111334 0.000909405 0.000750601 0.00063184 0.000549152 0.000499757 
0.00058323 0.000598996 0.000652445 0.000745636 0.000881877 0.00106581 0.00130341 0.00160195 0.00196998 0.00241725 0.00295468 0.00359419 0.00434859 0.00523143 0.0062567 0.00743864 0.00879139 0.0103287 0.0120635 0.0140075 0.016171 0.018562 0.0211864 0.0240471 0.0271439 0.0304733 0.0340279 0.0377967 0.0417646 0.0459125 0.0502177 0.0546535 0.0591901 0.0637944 0.0684307 0.0730611 0.0776461 0.0821451 0.0865169 0.0907206 0.0947159 0.0984638 0.101927 0.105072 0.107865 0.110279 0.112289 0.113874 0.115018 0.115709 0.11594 0.115709 0.115018 0.113874 0.11229 0.110281 0.107869 0.105078 0.101937 0.0984772 0.0947341 0.0907444 0.0865472 0.0821825 0.0776913 0.0731147 0.068493 0.0638658 0.0592706 0.0547429 0.0503157 0.0460187 0.0418782 0.037917 0.0341538 0.0306036 0.0272774 0.0241825 0.0213224 0.0186973 0.0163043 0.0141376 0.0121893 0.0104493 0.00890587 0.00754633 0.00635708 0.00532412 0.00443335 0.00367092 0.00302341 0.0024781 0.00202314 0.00164768 0.001342 0.00109755 0.000907061 0.000764527 0.000665264 0.000605993 
0.000703444 0.000722448 0.000786511 0.000898059 0.00106098 0.00128074 0.00156434 0.00192031 0.00235864 0.00289072 0.00352926 0.00428811 0.00518213 0.00622693 0.00743864 0.00883354 0.0104278 0.0122369 0.0142755 0.0165567 0.0190917 0.0218892 0.0249551 0.0282923 0.0318995 0.0357719 0.0399003 0.044271 0.0488659 0.0536625 0.0586338 0.063749 0.0689732 0.0742684 0.0795935 0.0849052 0.0901585 0.0953073 0.100305 0.105106 0.109664 0.113936 0.11788 0.121458 0.124635 0.127378 0.129661 0.131461 0.132759 0.133543 0.133804 0.133541 0.132755 0.131455 0.129654 0.127371 0.124627 0.121452 0.117876 0.113934 0.109666 0.105113 0.100319 0.0953282 0.0901875 0.0849432 0.079641 0.074326 0.0690412 0.0638274 0.0587226 0.0537612 0.0489739 0.0443875 0.0400244 0.0359023 0.0320349 0.0284313 0.0250963 0.0220309 0.0192326 0.0166954 0.0144107 0.0123673 0.0105524 0.00895142 0.00754911 0.00632946 0.00527633 0.00437377 0.00360629 0.00295917 0.00241865 0.00197209 0.00160816 0.00131687 0.00108971 0.000919648 0.000801187 0.00073048 
0.000843403 0.000866165 0.000942487 0.00107521 0.00126888 0.00152987 0.00186636 0.00228827 0.00280721 0.00343641 0.00419056 0.00508567 0.00613881 0.00736791 0.00879139 0.0104278 0.0122954 0.0144116 0.0167929 0.0194536 0.0224058 0.025659 0.0292191 0.0330883 0.0372644 0.0417408 0.0465059 0.0515432 0.0568312 0.0623432 0.0680479 0.0739093 0.0798873 0.0859383 0.0920154 0.0980695 0.10405 0.109904 0.11558 0.121026 0.126192 0.131029 0.135491 0.139536 0.143124 0.146222 0.148797 0.150827 0.15229 0.153173 0.153466 0.153168 0.152281 0.150814 0.148781 0.146203 0.143104 0.139515 0.135471 0.13101 0.126176 0.121014 0.115574 0.109905 0.104059 0.0980879 0.0920441 0.0859781 0.0799388 0.0739728 0.0681235 0.0624307 0.0569301 0.0516528 0.0466251 0.0418685 0.0373992 0.0332287 0.0293635 0.0258057 0.0225531 0.0195998 0.0169366 0.0145513 0.0124298 0.0105558 0.00891203 0.00748048 0.00624276 0.00518062 0.00427632 0.00351291 0.00287451 0.00234653 0.0019158 0.00157074 0.00130144 0.00109973 0.000959184 0.000875329 
0.00100522 0.00103231 0.00112269 0.00127965 0.0015085 0.00181662 0.00221348 0.00271057 0.00332131 0.00406093 0.00494634 0.00599588 0.00722909 0.00866639 0.0103287 0.0122369 0.0144116 0.0168724 0.0196372 0.0227218 0.0261394 0.0298997 0.0340085 0.0384673 0.0432724 0.0484153 0.0538816 0.0596514 0.0656993 0.071994 0.0784992 0.0851734 0.0919707 0.0988414 0.105732 0.112588 0.119352 0.125965 0.132369 0.138507 0.144323 0.149764 0.154779 0.159321 0.163347 0.16682 0.169707 0.17198 0.173618 0.174605 0.174933 0.174598 0.173604 0.171959 0.16968 0.166789 0.163312 0.159283 0.15474 0.149725 0.144286 0.138473 0.13234 0.125942 0.119337 0.112583 0.105738 0.0988593 0.0920015 0.0852178 0.0785575 0.0720662 0.0657851 0.0597503 0.0539925 0.0485371 0.0434037 0.0386065 0.0341538 0.0300493 0.0262914 0.0228743 0.0197884 0.0170206 0.0145553 0.0123747 0.0104594 0.00878905 0.00734295 0.00610039 0.00504115 0.00414585 0.00339629 0.0027757 0.0022689 0.00186255 0.00154518 0.00130733 0.00114157 0.0010427 
0.001191 0.00122305 0.00132944 0.00151398 0.00178278 0.00214438 0.00260967 0.00319188 0.0039064 0.00477069 0.00580406 0.00702741 0.00846295 0.0101338 0.0120635 0.0142755 0.0167929 0.0196372 0.0228281 0.0263829 0.0303155 0.0346359 0.0393495 0.0444567 0.0499522 0.0558249 0.0620573 0.0686257 0.0755 0.0826441 0.090016 0.0975682 0.105249 0.113001 0.120765 0.128479 0.13608 0.143502 0.150681 0.157554 0.164059 0.170139 0.175737 0.180803 0.185291 0.189159 0.192372 0.194901 0.196723 0.19782 0.198184 0.197811 0.196703 0.194872 0.192335 0.189114 0.185239 0.180747 0.175677 0.170077 0.163997 0.157494 0.150625 0.143452 0.136038 0.128447 0.120744 0.112993 0.105254 0.0975892 0.0900526 0.0826968 0.0755686 0.0687098 0.0621561 0.0559373 0.0500768 0.0445917 0.0394931 0.0347861 0.0304702 0.02654 0.0229855 0.0197929 0.0169451 0.0144226 0.0122039 0.0102664 0.00858676 0.00714164 0.00590817 0.00486434 0.00398941 0.00326422 0.00267142 0.00219568 0.00182385 0.00154502 0.00135066 0.00123476 
0.00140284 0.00144052 0.001565 0.00178068 0.00209456 0.00251642 0.00305876 0.00373666 0.00456771 0.00557176 0.00677075 0.00818835 0.00984961 0.0117805 0.0140075 0.0165567 0.0194536 0.0227218 0.0263829 0.0304554 0.0349539 0.0398883 0.0452635 0.0510785 0.0573259 0.0639917 0.0710546 0.0784867 0.0862529 0.0943114 0.102614 0.111107 0.119731 0.128423 0.137116 0.145742 0.154228 0.162505 0.1705 0.178146 0.185375 0.192124 0.198333 0.203946 0.208915 0.213195 0.216748 0.219543 0.221556 0.222767 0.223168 0.222755 0.22153 0.219506 0.216699 0.213136 0.208847 0.20387 0.198251 0.192038 0.185287 0.178058 0.170415 0.162424 0.154155 0.145678 0.137064 0.128385 0.119708 0.1111 0.102625 0.0943401 0.0862999 0.0785519 0.0711372 0.0640907 0.0574401 0.0512061 0.0454025 0.0400365 0.035109 0.0306151 0.0265449 0.0228837 0.0196133 0.0167123 0.0141572 0.0119228 0.00998326 0.00831231 0.00688428 0.00567433 0.00465898 0.00381649 0.00312711 0.00257337 0.00214025 0.00181529 0.00158871 0.00145364 
0.00164273 0.00168676 0.00183156 0.00208215 0.00244652 0.00293584 0.00356429 0.00434903 0.00530999 0.00646964 0.00785273 0.0094859 0.0113972 0.0136158 0.016171 0.0190917 0.0224058 0.0261394 0.0303155 0.0349539 0.0400695 0.0456722 0.0517659 0.0583478 0.065408 0.0729289 0.0808854 0.0892445 0.0979655 0.107 0.116295 0.125787 0.135412 0.145097 0.15477 0.164354 0.17377 0.182941 0.19179 0.200241 0.208222 0.215666 0.222506 0.228686 0.234151 0.238856 0.242759 0.245828 0.248036 0.249365 0.249804 0.249349 0.248004 0.245781 0.242698 0.238781 0.234065 0.228589 0.222401 0.215554 0.208106 0.200123 0.191673 0.182828 0.173663 0.164256 0.154684 0.145025 0.135355 0.125748 0.116275 0.107001 0.0979865 0.0892863 0.0809477 0.0730107 0.065508 0.0584643 0.0518969 0.0458154 0.0402224 0.035114 0.0304802 0.0263059 0.0225719 0.0192549 0.0163292 0.0137673 0.0115404 0.00961948 0.00797569 0.00658124 0.00540971 0.00443656 0.00363948 0.00299866 0.00249705 0.0021205 0.00185788 0.00170137 
0.00191251 0.00196364 0.00213109 0.00242056 0.00284112 0.00340539 0.00412944 0.00503263 0.00613743 0.00746911 0.00905542 0.0109262 0.0131126 0.0156471 0.018562 0.0218892 0.025659 0.0298997 0.0346359 0.0398883 0.0456722 0.051997 0.0588652 0.0662719 0.0742041 0.0826404 0.0915509 0.100897 0.110632 0.120702 0.131044 0.141589 0.152265 0.162993 0.17369 0.184272 0.194655 0.204754 0.214486 0.223768 0.232524 0.240681 0.24817 0.254929 0.260902 0.266039 0.270298 0.273646 0.276053 0.277502 0.277979 0.277483 0.276015 0.273589 0.270224 0.265948 0.260796 0.25481 0.24804 0.240542 0.232378 0.223618 0.214335 0.204605 0.194512 0.184137 0.173565 0.162882 0.152171 0.141514 0.130989 0.120669 0.110623 0.100911 0.0915884 0.0827006 0.0742859 0.0663736 0.0589848 0.0521321 0.0458201 0.0400463 0.034801 0.030069 0.0258298 0.0220587 0.0187279 0.0158071 0.0132649 0.0110691 0.0091877 0.00758975 0.00624569 0.00512802 0.00421164 0.00347427 0.00289666 0.00246281 0.00216014 0.00197982 
0.0022138 0.00227283 0.00246536 0.00279782 0.00328045 0.00392744 0.00475688 0.0057905 0.00705346 0.00857401 0.0103831 0.0125138 0.0150009 0.0178799 0.0211864 0.0249551 0.0292191 0.0340085 0.0393495 0.0452635 0.0517659 0.0588652 0.0665622 0.0748494 0.0837102 0.0931188 0.10304 0.113429 0.124234 0.13539 0.14683 0.158477 0.170249 0.182059 0.193817 0.205432 0.216812 0.227864 0.2385 0.248632 0.258178 0.26706 0.275207 0.282552 0.289038 0.294612 0.299231 0.302858 0.305466 0.307035 0.307551 0.307012 0.305422 0.302793 0.299144 0.294506 0.288914 0.282412 0.275052 0.266893 0.258002 0.248449 0.238314 0.227678 0.216629 0.205256 0.193652 0.181907 0.170114 0.158362 0.146737 0.135321 0.124189 0.113412 0.103049 0.0931534 0.0837698 0.0749325 0.0666668 0.0589888 0.0519058 0.0454167 0.0395127 0.0341786 0.029393 0.0251297 0.0213588 0.0180476 0.0151617 0.0126657 0.0105245 0.00870357 0.00717025 0.0058938 0.00484622 0.00400253 0.00334114 0.00284409 0.00249724 0.00229065 
0.00254796 0.0026157 0.0028358 0.00321548 0.0037662 0.00450387 0.00544869 0.00662491 0.00806057 0.00978706 0.0118387 0.014252 0.0170652 0.0203173 0.0240471 0.0282923 0.0330883 0.0384673 0.0444567 0.0510785 0.0583478 0.0662719 0.0748494 0.0840697 0.0939121 0.104346 0.11533 0.126813 0.138735 0.151025 0.163607 0.176395 0.189299 0.202225 0.215073 0.227746 0.240143 0.252166 0.263719 0.274711 0.285055 0.294667 0.303474 0.311407 0.318405 0.324415 0.329392 0.333298 0.336106 0.337793 0.338348 0.337768 0.336055 0.333224 0.329294 0.324294 0.318263 0.311246 0.303295 0.294473 0.284848 0.274496 0.263498 0.251942 0.23992 0.227528 0.214865 0.20203 0.189121 0.176237 0.163472 0.150915 0.138652 0.126759 0.115305 0.10435 0.0939453 0.0841302 0.0749352 0.0663805 0.0584764 0.0512239 0.0446155 0.0386359 0.0332632 0.0284701 0.0242247 0.0204916 0.0172337 0.0144122 0.0119887 0.00992532 0.00818578 0.00673611 0.00554519 0.00458522 0.00383213 0.00326586 0.0028706 0.00263521 
0.00291598 0.00299327 0.00324348 0.00367465 0.00429955 0.00513591 0.00620617 0.00753725 0.00916018 0.0111097 0.0134235 0.0161418 0.0193064 0.0229597 0.0271439 0.0318995 0.0372644 0.0432724 0.0499522 0.0573259 0.065408 0.0742041 0.0837102 0.0939121 0.104784 0.116291 0.128384 0.141005 0.154087 0.16755 0.181309 0.195271 0.209336 0.2234 0.237359 0.251105 0.264531 0.277532 0.290009 0.301862 0.313001 0.323341 0.332804 0.341319 0.348824 0.355264 0.360592 0.364773 0.367776 0.36958 0.370174 0.369552 0.36772 0.36469 0.360483 0.355129 0.348665 0.341137 0.332602 0.323121 0.312765 0.301614 0.289751 0.27727 0.264268 0.250845 0.237107 0.22316 0.209111 0.195067 0.181129 0.167396 0.153962 0.140912 0.128322 0.116262 0.104787 0.0939462 0.0837735 0.0742942 0.065522 0.0574606 0.0501038 0.0434371 0.0374384 0.032079 0.0273253 0.0231395 0.0194816 0.0163097 0.0135817 0.0112563 0.0092936 0.00765624 0.00630981 0.00522355 0.00437077 0.00372919 0.00328123 0.00301453 
0.00331847 0.00340615 0.00368898 0.00417591 0.00488108 0.0058241 0.00702979 0.00852785 0.0103524 0.0125417 0.015137 0.0181822 0.0217228 0.0258047 0.0304733 0.0357719 0.0417408 0.0484153 0.0558249 0.0639917 0.0729289 0.0826404 0.0931188 0.104346 0.116291 0.128911 0.142153 0.15595 0.170225 0.184892 0.199856 0.215014 0.230258 0.245476 0.260555 0.27538 0.289837 0.303816 0.31721 0.329918 0.341844 0.3529 0.363007 0.372092 0.380091 0.386949 0.392621 0.397067 0.40026 0.402178 0.402808 0.402147 0.400199 0.396977 0.392501 0.386802 0.379916 0.371892 0.362783 0.352655 0.34158 0.329638 0.316919 0.303517 0.289534 0.275078 0.260258 0.24519 0.229986 0.214762 0.199628 0.184692 0.170055 0.155813 0.142051 0.128845 0.11626 0.10435 0.0931561 0.0827086 0.0730252 0.0641125 0.0559665 0.0485736 0.0419116 0.0359511 0.0306568 0.0259887 0.0219037 0.0183569 0.0153028 0.0126962 0.0104938 0.00865444 0.00714046 0.00591799 0.00495758 0.00423464 0.00372973 0.00342917 
0.00375553 0.00385443 0.00417238 0.00471926 0.00551066 0.00656817 0.00791905 0.00959591 0.0116362 0.0140815 0.0169769 0.02037 0.0243101 0.0288466 0.0340279 0.0399003 0.0465059 0.0538816 0.0620573 0.0710546 0.0808854 0.0915509 0.10304 0.11533 0.128384 0.142153 0.156576 0.171577 0.187072 0.202964 0.21915 0.235517 0.251949 0.268326 0.284525 0.300425 0.315906 0.330851 0.345148 0.358694 0.371389 0.383143 0.393874 0.40351 0.411986 0.419247 0.425247 0.429949 0.433323 0.435349 0.436015 0.435317 0.433258 0.429853 0.42512 0.419089 0.411798 0.403294 0.393632 0.382876 0.371099 0.358386 0.344825 0.330516 0.315564 0.300081 0.284185 0.267994 0.25163 0.235217 0.218873 0.202715 0.186854 0.171394 0.15643 0.142046 0.128316 0.1153 0.103048 0.0915938 0.0809606 0.0711586 0.0621861 0.0540309 0.0466713 0.0400772 0.0342118 0.0290332 0.0244955 0.0205506 0.0171495 0.0142433 0.011785 0.00972983 0.00803658 0.0066682 0.0055924 0.00478217 0.00421613 0.00387924 
0.00422676 0.00433768 0.00469317 0.00530406 0.00618744 0.00736696 0.00887242 0.0107394 0.0130087 0.0157254 0.0189386 0.0226995 0.0270611 0.0320763 0.0377967 0.044271 0.0515432 0.0596514 0.0686257 0.0784867 0.0892445 0.100897 0.113429 0.126813 0.141005 0.15595 0.171577 0.187803 0.204534 0.221664 0.239079 0.25666 0.274279 0.291808 0.309117 0.326078 0.342564 0.358455 0.373633 0.387991 0.401429 0.413854 0.425185 0.435346 0.444276 0.451919 0.45823 0.463172 0.466717 0.468845 0.469545 0.468812 0.46665 0.463072 0.458096 0.451753 0.444078 0.435117 0.424926 0.413568 0.401117 0.387657 0.37328 0.358087 0.342186 0.325695 0.308734 0.29143 0.273912 0.25631 0.238753 0.221365 0.204267 0.187572 0.171385 0.1558 0.140897 0.126747 0.113405 0.100912 0.0892956 0.0785709 0.068739 0.0597893 0.0517009 0.0444435 0.0379792 0.0322641 0.0272498 0.0228849 0.0191172 0.015894 0.0131645 0.0108803 0.00899656 0.00747298 0.00627432 0.00537108 0.00473989 0.00436428 
0.00473115 0.00485486 0.00525019 0.00592893 0.00690974 0.00821835 0.00988721 0.0119549 0.0144656 0.0174683 0.0210154 0.0251624 0.0299656 0.0354815 0.0417646 0.0488659 0.0568312 0.0656993 0.0755 0.0862529 0.0979655 0.110632 0.124234 0.138735 0.154087 0.170225 0.187072 0.204534 0.222507 0.240877 0.259521 0.278307 0.297102 0.315767 0.334167 0.352165 0.369629 0.386435 0.402462 0.4176 0.431747 0.444809 0.456706 0.467363 0.476719 0.484718 0.491319 0.496485 0.500188 0.502411 0.503142 0.502377 0.500119 0.496381 0.491181 0.484547 0.476513 0.467124 0.456435 0.444508 0.431416 0.417244 0.402083 0.386037 0.369218 0.351744 0.333743 0.315346 0.296689 0.27791 0.259145 0.240528 0.22219 0.204254 0.186832 0.170029 0.153936 0.13863 0.124173 0.110615 0.0979897 0.0863146 0.0755951 0.0658232 0.0569788 0.049032 0.0419439 0.0356689 0.0301561 0.0253515 0.0211991 0.0176428 0.0146279 0.0121023 0.0100176 0.00833014 0.0070016 0.00599998 0.00529984 0.00488324 
0.00526708 0.0054043 0.00584159 0.00659174 0.007675 0.00911925 0.0109596 0.0132377 0.0160012 0.0193027 0.0231985 0.0277477 0.0330104 0.0390462 0.0459125 0.0536625 0.0623432 0.071994 0.0826441 0.0943114 0.107 0.120702 0.13539 0.151025 0.16755 0.184892 0.202964 0.221664 0.240877 0.26048 0.280339 0.300315 0.320263 0.34004 0.359499 0.378501 0.396908 0.41459 0.431426 0.447303 0.462118 0.475778 0.488203 0.49932 0.509068 0.517396 0.524262 0.529632 0.53348 0.53579 0.536549 0.535755 0.533411 0.529528 0.524123 0.517222 0.508859 0.499075 0.487924 0.475466 0.461774 0.446929 0.431026 0.414167 0.396467 0.378047 0.359038 0.339577 0.319807 0.299871 0.279915 0.260081 0.24051 0.221334 0.202676 0.184649 0.167355 0.150879 0.135292 0.120651 0.106995 0.094348 0.0827186 0.0721016 0.0624786 0.0538201 0.0460868 0.0392316 0.0332014 0.0279394 0.0233862 0.0194823 0.0161693 0.0133912 0.0110959 0.00923652 0.00777166 0.0066667 0.00589409 0.00543444 
0.00583227 0.00598367 0.00646482 0.00728958 0.00847978 0.0100655 0.0120845 0.0145816 0.0176078 0.0212194 0.0254765 0.030442 0.0361793 0.0427512 0.0502177 0.0586338 0.0680479 0.0784992 0.090016 0.102614 0.116295 0.131044 0.14683 0.163607 0.181309 0.199856 0.21915 0.239079 0.259521 0.280339 0.301392 0.32253 0.343602 0.364453 0.384934 0.404898 0.424203 0.442716 0.460313 0.476881 0.492318 0.506531 0.519441 0.530977 0.541082 0.549707 0.556811 0.562364 0.566342 0.568728 0.569513 0.568694 0.566273 0.562261 0.556673 0.549533 0.540872 0.530731 0.519158 0.506212 0.491965 0.476495 0.459897 0.442272 0.423737 0.404414 0.38444 0.363954 0.343104 0.322042 0.300921 0.279892 0.259104 0.238699 0.218812 0.199565 0.181068 0.163417 0.146693 0.130957 0.116258 0.102623 0.0900676 0.0785882 0.068169 0.0587812 0.0503852 0.0429329 0.0363694 0.030635 0.0256674 0.0214034 0.017781 0.0147405 0.0122263 0.0101879 0.00858101 0.00736828 0.00652009 0.00601552 
0.00642379 0.00658993 0.00711661 0.00801872 0.00931973 0.0110519 0.0132556 0.0159789 0.0192762 0.0232073 0.0278362 0.0332292 0.0394531 0.0465738 0.0546535 0.063749 0.0739093 0.0851734 0.0975682 0.111107 0.125787 0.141589 0.158477 0.176395 0.195271 0.215014 0.235517 0.25666 0.278307 0.300315 0.32253 0.344796 0.36695 0.388834 0.410289 0.431165 0.451316 0.470607 0.488913 0.50612 0.522126 0.536842 0.550189 0.562102 0.572525 0.581412 0.588726 0.594439 0.59853 0.600983 0.601791 0.600951 0.598464 0.59434 0.588592 0.581242 0.572319 0.561859 0.549908 0.536522 0.521769 0.505726 0.488485 0.470148 0.45083 0.430657 0.409765 0.3883 0.366415 0.344266 0.322015 0.299821 0.277842 0.256231 0.23513 0.214674 0.194983 0.176161 0.158298 0.141466 0.125717 0.111087 0.097595 0.085242 0.0740142 0.0638842 0.0548126 0.0467505 0.039641 0.0334223 0.0280291 0.0233948 0.0194538 0.0161428 0.0134025 0.0111791 0.00942527 0.00810099 0.00717454 0.00662345 
0.00703803 0.00721938 0.00779295 0.00877467 0.0101896 0.0120722 0.0144656 0.0174208 0.0209956 0.0252536 0.030262 0.0360909 0.0428102 0.0504884 0.0591901 0.0689732 0.0798873 0.0919707 0.105249 0.119731 0.135412 0.152265 0.170249 0.189299 0.209336 0.230258 0.251949 0.274279 0.297102 0.320263 0.343602 0.36695 0.39014 0.413004 0.43538 0.457112 0.478052 0.498063 0.517019 0.534808 0.551328 0.566494 0.58023 0.592474 0.603173 0.612287 0.619781 0.625631 0.629817 0.632328 0.633156 0.632298 0.629756 0.625537 0.619654 0.612124 0.602975 0.592237 0.579954 0.566178 0.550972 0.534412 0.516586 0.497595 0.477552 0.456585 0.434833 0.412442 0.389571 0.366383 0.343045 0.319725 0.29659 0.273802 0.251514 0.229871 0.209001 0.189021 0.170028 0.152103 0.135306 0.11968 0.105249 0.0920172 0.0799744 0.0690947 0.0593393 0.0506586 0.0429945 0.036283 0.0304559 0.0254436 0.0211769 0.017589 0.014617 0.0122039 0.0102992 0.0088603 0.0078534 0.00725451 
0.00767073 0.00786767 0.00848915 0.00955215 0.0110833 0.0131193 0.0157058 0.0188969 0.0227538 0.0273434 0.0327365 0.0390064 0.0462261 0.0544667 0.0637944 0.0742684 0.0859383 0.0988414 0.113001 0.128423 0.145097 0.162993 0.182059 0.202225 0.2234 0.245476 0.268326 0.291808 0.315767 0.34004 0.364453 0.388834 0.413004 0.436792 0.460029 0.482556 0.504223 0.524892 0.544436 0.562746 0.579724 0.595284 0.609358 0.621885 0.63282 0.642124 0.649768 0.65573 0.659996 0.662554 0.663398 0.662526 0.659939 0.655644 0.64965 0.641972 0.632633 0.62166 0.609093 0.594978 0.579375 0.562355 0.544004 0.524419 0.503715 0.482016 0.459463 0.436206 0.412407 0.388233 0.363859 0.33946 0.315212 0.291285 0.267844 0.245042 0.22302 0.201901 0.181796 0.162791 0.144956 0.128341 0.112973 0.0988644 0.0860061 0.0743747 0.0639322 0.0546289 0.0464057 0.0391964 0.0329304 0.0275351 0.022938 0.0190688 0.0158613 0.013255 0.0111966 0.0096409 0.00855197 0.00790434 
0.00831704 0.0085298 0.00919984 0.0103451 0.011994 0.014185 0.0169667 0.0203959 0.0245371 0.0294605 0.0352404 0.041953 0.0496743 0.0584776 0.0684307 0.0795935 0.0920154 0.105732 0.120765 0.137116 0.15477 0.17369 0.193817 0.215073 0.237359 0.260555 0.284525 0.309117 0.334167 0.359499 0.384934 0.410289 0.43538 0.460029 0.484064 0.507321 0.52965 0.550911 0.570981 0.589751 0.607126 0.623026 0.637385 0.65015 0.661278 0.670736 0.6785 0.684552 0.688879 0.691473 0.692331 0.691449 0.688828 0.684474 0.678393 0.670598 0.661105 0.64994 0.637135 0.622733 0.606789 0.589369 0.570554 0.55044 0.529138 0.506773 0.483484 0.459425 0.434759 0.40966 0.384306 0.358882 0.333571 0.308552 0.283999 0.260076 0.236933 0.214706 0.193512 0.173448 0.154593 0.137001 0.120709 0.105731 0.0920628 0.0796834 0.068556 0.0586309 0.0498481 0.0421399 0.0354335 0.0296532 0.0247235 0.0205708 0.0171256 0.0143243 0.0121106 0.0104368 0.00926487 0.00856792 
0.00897152 0.00920021 0.00991905 0.011147 0.0129139 0.0152605 0.0182376 0.0219052 0.0263306 0.0315874 0.037753 0.0449065 0.0531265 0.0624883 0.0730611 0.0849052 0.0980695 0.112588 0.128479 0.145742 0.164354 0.184272 0.205432 0.227746 0.251105 0.27538 0.300425 0.326078 0.352165 0.378501 0.404898 0.431165 0.457112 0.482556 0.507321 0.531241 0.554164 0.575953 0.596484 0.615652 0.633366 0.649551 0.664146 0.677102 0.688382 0.69796 0.705814 0.711932 0.716305 0.718926 0.719794 0.718905 0.716262 0.711866 0.705721 0.697838 0.688227 0.676911 0.663915 0.649277 0.633046 0.615284 0.596068 0.575489 0.553655 0.53069 0.506734 0.481939 0.456472 0.430511 0.404241 0.37785 0.351531 0.325472 0.299857 0.274857 0.250635 0.227336 0.205086 0.183992 0.16414 0.145594 0.128394 0.112561 0.0980957 0.0849779 0.0731729 0.0626316 0.0532935 0.0450894 0.0379443 0.0317802 0.0265185 0.0220825 0.0183996 0.0154029 0.0130335 0.0112413 0.00998612 0.0092397 
0.00962824 0.00987283 0.0106403 0.0119505 0.0138349 0.016336 0.0195073 0.0234113 0.0281186 0.0337054 0.0402523 0.0478412 0.0565529 0.0664644 0.0776461 0.0901585 0.10405 0.119352 0.13608 0.154228 0.17377 0.194655 0.216812 0.240143 0.264531 0.289837 0.315906 0.342564 0.369629 0.396908 0.424203 0.451316 0.478052 0.504223 0.52965 0.554164 0.577615 0.599865 0.620795 0.6403 0.658297 0.674713 0.689494 0.702598 0.713992 0.723656 0.731574 0.737737 0.742139 0.744778 0.745653 0.744762 0.742105 0.737682 0.731496 0.723552 0.713858 0.702429 0.689286 0.674461 0.657998 0.639952 0.620395 0.599414 0.577114 0.553616 0.529059 0.503597 0.477398 0.450643 0.423521 0.396228 0.368963 0.341922 0.315298 0.289274 0.26402 0.239691 0.216425 0.194337 0.17352 0.154047 0.135965 0.119299 0.104054 0.0902133 0.0777437 0.066597 0.0567122 0.0480192 0.0404412 0.0338976 0.0283073 0.0235906 0.0196718 0.0164812 0.0139572 0.0120472 0.0107092 0.00991359 
0.0102809 0.0105412 0.0113566 0.012748 0.014748 0.0174015 0.0207638 0.0249003 0.0298843 0.0357949 0.0427155 0.0507303 0.0599224 0.0703703 0.0821451 0.0953073 0.109904 0.125965 0.143502 0.162505 0.182941 0.204754 0.227864 0.252166 0.277532 0.303816 0.330851 0.358455 0.386435 0.41459 0.442716 0.470607 0.498063 0.524892 0.550911 0.575953 0.599865 0.622513 0.643779 0.663565 0.68179 0.698388 0.71331 0.72652 0.737993 0.747711 0.755667 0.761855 0.766274 0.768922 0.769801 0.76891 0.766248 0.761814 0.755607 0.747628 0.737881 0.726376 0.713127 0.698161 0.681515 0.663239 0.6434 0.622078 0.599376 0.575412 0.550323 0.524262 0.4974 0.469919 0.442014 0.413885 0.385739 0.357779 0.330207 0.303215 0.276982 0.251675 0.227439 0.204398 0.182657 0.162291 0.143358 0.125887 0.109886 0.0953438 0.082228 0.0704915 0.0600735 0.0509028 0.0429011 0.0359859 0.0300733 0.0250809 0.0209303 0.017549 0.0148727 0.0128467 0.0114272 0.0105831 
0.0109228 0.0111984 0.0120607 0.0135313 0.0156443 0.0184462 0.0219947 0.0263576 0.0316106 0.0378359 0.0451189 0.0535466 0.0632036 0.0741698 0.0865169 0.100305 0.11558 0.132369 0.150681 0.1705 0.19179 0.214486 0.2385 0.263719 0.290009 0.31721 0.345148 0.373633 0.402462 0.431426 0.460313 0.488913 0.517019 0.544436 0.570981 0.596484 0.620795 0.643779 0.665325 0.685337 0.703739 0.720473 0.735494 0.748774 0.760292 0.770039 0.77801 0.784205 0.788627 0.791278 0.792159 0.79127 0.788611 0.784178 0.777968 0.769977 0.760205 0.748656 0.735339 0.720275 0.703492 0.685037 0.664969 0.643365 0.620322 0.595955 0.5704 0.543808 0.516351 0.488215 0.459595 0.4307 0.40174 0.372928 0.344472 0.316574 0.289422 0.263192 0.238038 0.214094 0.191472 0.170256 0.150509 0.132266 0.11554 0.100323 0.086585 0.0742795 0.0633461 0.0537132 0.045301 0.0380251 0.0317994 0.026539 0.0221628 0.0185957 0.015771 0.0136319 0.0121328 0.0112414 
0.011547 0.0118376 0.0127451 0.0142922 0.0165143 0.0194594 0.0231873 0.0277682 0.0332802 0.0398079 0.0474391 0.0562626 0.0663649 0.077827 0.0907206 0.105106 0.121026 0.138507 0.157554 0.178146 0.200241 0.223768 0.248632 0.274711 0.301862 0.329918 0.358694 0.387991 0.4176 0.447303 0.476881 0.50612 0.534808 0.562746 0.589751 0.615652 0.6403 0.663565 0.685337 0.705525 0.72406 0.740888 0.755971 0.769288 0.780823 0.790574 0.798541 0.804729 0.809143 0.811789 0.812671 0.811787 0.809138 0.804717 0.798518 0.790535 0.780763 0.769198 0.755846 0.74072 0.723843 0.705254 0.685007 0.663175 0.639848 0.615139 0.58918 0.562123 0.534139 0.505415 0.476152 0.44656 0.416857 0.387261 0.357988 0.329249 0.301242 0.27415 0.248136 0.223343 0.199891 0.177872 0.157354 0.13838 0.120965 0.105106 0.0907738 0.0779249 0.0664986 0.0564229 0.047617 0.0399949 0.0334684 0.0279501 0.0233566 0.0196105 0.0166427 0.0143945 0.0128186 0.0118816 
