0.000321806 0.000327442 0.000347156 0.000381442 0.000431058 0.000497061 0.000580799 0.000683898 0.000808248 0.000955977 0.00112943 0.00133113 0.00156375 0.00183007 0.00213292 0.00247511 0.00285941 0.00328845 0.00376464 0.00429013 0.00486671 0.00549572 0.00617801 0.00691385 0.00770284 0.00854388 0.00943511 0.0103739 0.0113567 0.0123792 0.0134363 0.014522 0.0156296 0.0167517 0.01788 0.019006 0.0201207 0.0212145 0.0222778 0.023301 0.0242743 0.0251885 0.0260344 0.0268034 0.0274877 0.0280801 0.0285744 0.0289653 0.0292485 0.0294211 0.0294811 0.029428 0.0292623 0.0289859 0.0286017 0.028114 0.027528 0.0268499 0.0260868 0.0252466 0.0243378 0.0233695 0.022351 0.0212919 0.0202019 0.0190906 0.0179674 0.0168414 0.0157211 0.0146148 0.0135298 0.0124729 0.01145 0.0104663 0.0095262 0.00863312 0.0077898 0.00699812 0.00625922 0.00557355 0.00494088 0.00436043 0.00383088 0.00335051 0.00291722 0.00252862 0.00218214 0.00187505 0.00160457 0.00136788 0.00116223 0.000984972 0.000833582 0.000705719 0.000599252 0.000512284 0.000443178 0.000390566 0.000353373 0.000330858 
0.000327442 0.000333188 0.000353264 0.000388173 0.000438686 0.000505877 0.00059112 0.000696068 0.000822641 0.000973005 0.00114954 0.00135482 0.00159156 0.00186257 0.00217073 0.00251891 0.00290991 0.00334638 0.00383079 0.00436531 0.00495174 0.00559144 0.00628527 0.00703347 0.00783565 0.00869066 0.00959662 0.0105508 0.0115496 0.0125888 0.0136629 0.014766 0.0158913 0.0170311 0.0181772 0.0193209 0.0204528 0.0215636 0.0226433 0.0236822 0.0246704 0.0255984 0.0264571 0.0272377 0.0279323 0.0285336 0.0290352 0.0294319 0.0297193 0.0298944 0.0299553 0.0299013 0.0297331 0.0294524 0.0290625 0.0285674 0.0279725 0.0272841 0.0265094 0.0256565 0.0247338 0.0237506 0.0227164 0.021641 0.0205341 0.0194054 0.0182646 0.0171209 0.0159829 0.014859 0.0137567 0.0126827 0.0116433 0.0106436 0.00968809 0.00878032 0.00792305 0.0071182 0.00636695 0.00566975 0.0050264 0.0044361 0.00389753 0.00340893 0.00296818 0.00257288 0.00222039 0.00190796 0.00163275 0.00139192 0.00118267 0.0010023 0.000848239 0.000718121 0.000609773 0.000521269 0.00045094 0.0003974 0.000359552 0.000336644 
0.000347156 0.000353264 0.000374527 0.000411473 0.000464913 0.000535978 0.000626108 0.000737041 0.000870792 0.00102963 0.00121606 0.00143276 0.00168257 0.00196846 0.00229341 0.00266041 0.00307238 0.00353209 0.00404209 0.00460461 0.00522152 0.00589421 0.00662352 0.00740967 0.0082522 0.00914988 0.0101007 0.0111017 0.0121492 0.0132385 0.0143641 0.0155197 0.0166981 0.0178913 0.0190908 0.0202873 0.0214712 0.0226326 0.0237613 0.024847 0.0258795 0.0268489 0.0277457 0.0285608 0.0292859 0.0299135 0.030437 0.0308509 0.0311507 0.0313333 0.0313967 0.0313401 0.0311644 0.0308713 0.030464 0.029947 0.0293257 0.0286068 0.0277976 0.0269066 0.0259426 0.0249151 0.0238342 0.0227098 0.0215523 0.0203718 0.0191783 0.0179813 0.0167901 0.0156131 0.0144584 0.0133331 0.0122436 0.0111954 0.0101931 0.00924064 0.00834079 0.00749566 0.00670653 0.0059739 0.00529759 0.00467682 0.00411025 0.00359605 0.00313204 0.00271572 0.00234436 0.00201508 0.00172493 0.00147094 0.00125018 0.00105983 0.000897205 0.000759814 0.000645383 0.000551892 0.000477592 0.000421024 0.000381038 0.000356847 
0.000381442 0.000388173 0.000411473 0.000451916 0.000510377 0.000588079 0.00068658 0.000807756 0.000953779 0.0011271 0.0013304 0.00156658 0.00183869 0.00214988 0.00250338 0.00290236 0.00334994 0.00384906 0.00440241 0.00501235 0.00568081 0.00640924 0.00719847 0.00804866 0.00895923 0.00992878 0.0109551 0.0120349 0.0131642 0.0143379 0.01555 0.0167936 0.0180611 0.0193439 0.0206327 0.0219177 0.0231887 0.0244348 0.0256454 0.0268093 0.0279159 0.0289544 0.0299148 0.0307875 0.0315637 0.0322352 0.0327953 0.0332379 0.0335585 0.0337535 0.033821 0.0337602 0.0335718 0.0332579 0.0328218 0.0322682 0.0316029 0.0308329 0.0299661 0.0290114 0.0279783 0.0268769 0.0257177 0.0245116 0.0232694 0.0220021 0.0207202 0.019434 0.0181534 0.0168876 0.015645 0.0144335 0.0132598 0.01213 0.0110491 0.0100213 0.00904971 0.00813668 0.00728362 0.00649115 0.00575917 0.00508688 0.0044729 0.00391533 0.00341188 0.00295989 0.00255646 0.00219855 0.00188297 0.00160657 0.00136619 0.00115882 0.000981557 0.000831734 0.000706899 0.000604872 0.000523767 0.000462011 0.000418362 0.000391969 
0.000431058 0.000438686 0.000464913 0.000510377 0.000576046 0.000663274 0.000773782 0.000909641 0.00107325 0.0012673 0.00149476 0.0017588 0.00206277 0.00241012 0.00280436 0.00324896 0.0037473 0.00430256 0.00491762 0.00559502 0.00633679 0.00714441 0.00801872 0.00895978 0.00996685 0.0110383 0.0121715 0.0133629 0.0146079 0.0159009 0.0172352 0.0186033 0.0199966 0.0214058 0.0228207 0.0242305 0.0256241 0.0269897 0.0283156 0.0295898 0.0308006 0.0319364 0.0329864 0.0339401 0.0347879 0.0355213 0.0361327 0.0366157 0.0369653 0.0371779 0.0372512 0.0371844 0.0369783 0.0366351 0.0361585 0.0355534 0.0348262 0.0339844 0.0330366 0.0319923 0.0308619 0.0296563 0.028387 0.0270657 0.0257043 0.0243145 0.022908 0.021496 0.0200893 0.0186979 0.0173312 0.0159977 0.014705 0.0134598 0.0122676 0.0111331 0.0100598 0.0090505 0.00810673 0.00722932 0.00641823 0.0056727 0.00499129 0.004372 0.00381236 0.00330954 0.00286039 0.0024616 0.00210972 0.00180129 0.00153287 0.00130114 0.00110293 0.000935306 0.000795561 0.000681298 0.000590434 0.000521237 0.000472333 0.000442782 
0.000497061 0.000505877 0.000535978 0.000588079 0.000663274 0.000763084 0.000889446 0.00104468 0.00123149 0.00145288 0.00171216 0.00201288 0.00235877 0.00275367 0.00320146 0.00370598 0.00427094 0.00489983 0.00559579 0.00636154 0.00719927 0.0081105 0.00909604 0.0101558 0.0112889 0.0124933 0.0137659 0.0151028 0.0164985 0.0179468 0.0194401 0.02097 0.0225268 0.0241002 0.0256787 0.0272506 0.0288032 0.0303237 0.031799 0.033216 0.0345617 0.0358235 0.0369894 0.0380478 0.0389884 0.0398018 0.0404795 0.0410148 0.041402 0.0416372 0.041718 0.0416434 0.0414145 0.0410334 0.0405043 0.0398326 0.0390253 0.0380906 0.0370379 0.0358778 0.0346214 0.0332809 0.0318689 0.0303983 0.0288822 0.0273337 0.0257655 0.0241902 0.0226196 0.021065 0.0195369 0.0180448 0.0165972 0.0152016 0.0138644 0.0125907 0.0113849 0.0102498 0.00918752 0.00819907 0.00728452 0.00644312 0.0056734 0.00497322 0.00433992 0.00377039 0.00326122 0.00280872 0.00240912 0.00205855 0.00175322 0.00148941 0.00126361 0.00107251 0.000913099 0.000782689 0.000678946 0.000599923 0.000544081 0.000510362 
0.000580799 0.00059112 0.000626108 0.00068658 0.000773782 0.000889446 0.00103577 0.0012154 0.00143139 0.00168714 0.00198641 0.0023332 0.00273169 0.00318621 0.00370111 0.00428066 0.00492899 0.00564996 0.006447 0.00732309 0.00828055 0.00932097 0.0104451 0.0116527 0.0129425 0.0143122 0.0157581 0.0172755 0.0188583 0.0204991 0.0221895 0.0239198 0.025679 0.0274554 0.0292363 0.0310083 0.0327573 0.0344689 0.0361286 0.0377217 0.0392337 0.0406507 0.0419593 0.0431468 0.0442016 0.0451132 0.0458726 0.0464721 0.0469056 0.0471686 0.0472586 0.0471745 0.0469173 0.0464897 0.0458961 0.0451425 0.0442366 0.0431875 0.0420057 0.0407027 0.0392911 0.0377843 0.0361964 0.0345416 0.0328346 0.0310899 0.0293219 0.0275446 0.0257714 0.0240149 0.0222869 0.0205982 0.0189585 0.0173764 0.015859 0.0144125 0.0130418 0.0117503 0.0105405 0.00941373 0.00837019 0.00740921 0.00652924 0.005728 0.00500261 0.00434964 0.00376531 0.00324555 0.00278611 0.0023827 0.00203103 0.00172695 0.00146646 0.00124585 0.0010617 0.000910975 0.000791019 0.000699626 0.000635046 0.00059608 
0.000683898 0.000696068 0.000737041 0.000807756 0.000909641 0.00104468 0.0012154 0.00142482 0.00167641 0.00197408 0.00232209 0.00272497 0.00318749 0.00371453 0.00431097 0.00498163 0.00573112 0.00656371 0.00748321 0.00849286 0.00959513 0.0107917 0.0120831 0.0134691 0.014948 0.0165168 0.0181713 0.0199058 0.0217134 0.0235855 0.0255124 0.0274829 0.0294847 0.0315043 0.0335274 0.0355387 0.0375225 0.0394625 0.0413423 0.0431455 0.044856 0.046458 0.0479366 0.0492778 0.0504686 0.0514974 0.0523539 0.0530299 0.0535183 0.0538145 0.0539153 0.0538198 0.0535291 0.053046 0.0523756 0.0515244 0.0505011 0.0493158 0.04798 0.0465068 0.0449102 0.043205 0.041407 0.0395323 0.0375972 0.035618 0.0336111 0.0315921 0.0295761 0.0275776 0.0256099 0.0236853 0.0218149 0.0200085 0.0182745 0.01662 0.0150506 0.0135705 0.0121828 0.010889 0.00968959 0.008584 0.00757062 0.006647 0.00580998 0.00505581 0.00438025 0.00377877 0.00324661 0.00277892 0.00237085 0.00201769 0.00171493 0.00145833 0.00124401 0.00106847 0.00092872 0.000822217 0.000746964 0.000701591 
0.000808248 0.000822641 0.000870792 0.000953779 0.00107325 0.00123149 0.00143139 0.00167641 0.00197055 0.00231827 0.00272443 0.0031942 0.00373299 0.00434634 0.00503977 0.0058187 0.0066883 0.00765332 0.00871798 0.00988578 0.0111594 0.0125405 0.0140297 0.0156261 0.0173278 0.0191312 0.0210312 0.0230212 0.0250929 0.0272366 0.0294409 0.031693 0.0339789 0.0362832 0.0385895 0.0408805 0.0431385 0.045345 0.0474816 0.0495297 0.0514713 0.0532888 0.0549654 0.0564854 0.0578343 0.0589992 0.0599687 0.0607334 0.0612858 0.0616203 0.0617338 0.0616251 0.0612953 0.0607478 0.059988 0.0590234 0.0578635 0.0565197 0.0550049 0.0533335 0.0515213 0.049585 0.0475421 0.0454108 0.0432094 0.0409564 0.0386702 0.0363684 0.0340684 0.0317863 0.0295376 0.0273363 0.025195 0.0231251 0.0211364 0.0192371 0.0174337 0.0157313 0.0141336 0.0126426 0.011259 0.00998231 0.00881097 0.00774233 0.00677293 0.00589862 0.00511471 0.00441608 0.00379738 0.00325314 0.00277787 0.0023662 0.002013 0.00171342 0.00146304 0.00125787 0.00109444 0.000969866 0.000881848 0.000828814 
0.000955977 0.000973005 0.00102963 0.0011271 0.0012673 0.00145288 0.00168714 0.00197408 0.00231827 0.00272481 0.00319926 0.00374753 0.00437576 0.00509022 0.00589718 0.00680274 0.00781266 0.00893226 0.0101662 0.0115183 0.0129913 0.0145871 0.0163059 0.0181466 0.0201067 0.0221818 0.0243659 0.0266512 0.0290281 0.0314851 0.0340093 0.0365859 0.0391988 0.0418305 0.0444622 0.0470745 0.049647 0.052159 0.0545898 0.0569184 0.0591245 0.0611883 0.0630912 0.0648154 0.0663449 0.0676652 0.0687636 0.0696296 0.0702548 0.0706332 0.0707611 0.0706372 0.0702629 0.0696418 0.06878 0.0676859 0.0663701 0.0648452 0.0631258 0.0612278 0.059169 0.0569681 0.0546448 0.0522195 0.0497128 0.0471456 0.0445386 0.0419119 0.0392851 0.0366768 0.0341043 0.0315838 0.02913 0.0267558 0.0244726 0.0222898 0.0202154 0.0182554 0.016414 0.0146938 0.0130961 0.0116203 0.010265 0.00902731 0.00790344 0.00688883 0.00597824 0.00516595 0.00444592 0.00381197 0.00325788 0.00277753 0.00236508 0.002015 0.00172221 0.00148216 0.00129087 0.00114501 0.00104196 0.000979913 
0.00112943 0.00114954 0.00121606 0.0013304 0.00149476 0.00171216 0.00198641 0.00232209 0.00272443 0.00319926 0.00375294 0.00439219 0.00512399 0.00595544 0.00689363 0.00794539 0.00911721 0.010415 0.0118438 0.0134078 0.01511 0.0169521 0.0189342 0.0210547 0.0233105 0.0256962 0.0282048 0.0308269 0.0335515 0.0363653 0.0392533 0.0421986 0.0451827 0.0481856 0.0511861 0.054162 0.0570903 0.0599477 0.0627106 0.0653558 0.0678602 0.0702017 0.0723595 0.0743137 0.0760464 0.0775415 0.0787848 0.0797646 0.0804717 0.0808993 0.0810433 0.0809024 0.080478 0.0797741 0.0787976 0.0775578 0.0760666 0.0743379 0.0723879 0.0702347 0.0678979 0.0653986 0.0627587 0.0600012 0.0571494 0.0542267 0.0512565 0.0482617 0.0452643 0.0422855 0.0393452 0.0364618 0.0336521 0.030931 0.0283119 0.0258056 0.0234215 0.0211665 0.019046 0.0170633 0.0152198 0.0135154 0.0119485 0.0105162 0.00921438 0.00803797 0.00698116 0.00603754 0.00520035 0.00446257 0.00381716 0.0032572 0.00277601 0.00236729 0.00202524 0.00174464 0.00152094 0.00135034 0.00122981 0.00115727 
0.00133113 0.00135482 0.00143276 0.00156658 0.0017588 0.00201288 0.0023332 0.00272497 0.0031942 0.00374753 0.00439219 0.00513581 0.00598633 0.00695175 0.00804005 0.00925891 0.0106155 0.0121165 0.0137673 0.0155725 0.0175352 0.019657 0.0219377 0.0243753 0.0269657 0.0297026 0.0325775 0.0355796 0.038696 0.0419114 0.0452084 0.0485678 0.0519684 0.0553875 0.0588009 0.0621837 0.0655097 0.0687528 0.0718865 0.0748845 0.0777213 0.0803721 0.0828134 0.0850234 0.086982 0.0886712 0.0900755 0.0911817 0.0919797 0.0924618 0.0926237 0.0924638 0.0919837 0.0911879 0.0900841 0.0886824 0.0869961 0.0850408 0.0828344 0.080397 0.0777507 0.0749187 0.0719258 0.0687976 0.0655603 0.0622402 0.0588636 0.0554564 0.0520435 0.048649 0.0452955 0.042004 0.0387937 0.0356819 0.0326838 0.0298122 0.0270779 0.0244894 0.0220527 0.0197721 0.0176496 0.0156853 0.0138778 0.0122239 0.0107192 0.00935814 0.00813429 0.00704052 0.00606921 0.00521248 0.00446238 0.00381105 0.00325091 0.0027748 0.00237609 0.00204884 0.00178784 0.00158873 0.00144806 0.00136345 
0.00156375 0.00159156 0.00168257 0.00183869 0.00206277 0.00235877 0.00273169 0.00318749 0.00373299 0.00437576 0.00512399 0.00598633 0.00697172 0.00808921 0.00934772 0.0107558 0.0123216 0.0140521 0.0159536 0.0180307 0.0202868 0.0227233 0.0253396 0.0281331 0.0310986 0.0342287 0.0375134 0.04094 0.0444936 0.0481566 0.0519091 0.055729 0.0595923 0.0634732 0.0673444 0.0711776 0.0749438 0.0786132 0.0821562 0.0855436 0.0887468 0.0917383 0.0944919 0.0969832 0.0991902 0.101093 0.102674 0.103919 0.104817 0.105359 0.10554 0.105359 0.104818 0.103921 0.102677 0.101098 0.0991971 0.0969925 0.0945039 0.0917537 0.0887661 0.0855674 0.0821849 0.0786472 0.0749837 0.0712239 0.0673972 0.0635328 0.0596588 0.0558025 0.0519894 0.0482435 0.0445867 0.0410389 0.0376174 0.0343372 0.0312109 0.0282483 0.0254568 0.0228416 0.0204053 0.0181484 0.0160696 0.0141655 0.0124316 0.0108617 0.00944878 0.00818482 0.00706136 0.00606956 0.00520045 0.00444518 0.00379515 0.00324224 0.00277894 0.00239845 0.00209487 0.00186322 0.00169955 0.00160116 
0.00183007 0.00186257 0.00196846 0.00214988 0.00241012 0.00275367 0.00318621 0.00371453 0.00434634 0.00509022 0.00595544 0.00695175 0.00808921 0.00937795 0.010828 0.0124487 0.0142492 0.0162372 0.0184193 0.0208006 0.0233845 0.0261721 0.0291625 0.032352 0.0357346 0.0393013 0.0430403 0.0469372 0.0509745 0.055132 0.0593871 0.0637146 0.0680874 0.0724761 0.0768502 0.0811779 0.0854263 0.0895626 0.0935535 0.0973666 0.10097 0.104333 0.107427 0.110225 0.112703 0.114838 0.116611 0.118007 0.119013 0.11962 0.119823 0.119619 0.119011 0.118005 0.116609 0.114835 0.112701 0.110225 0.107429 0.104337 0.100977 0.0973779 0.0935695 0.0895838 0.0854535 0.0812115 0.0768909 0.0725241 0.068143 0.0637781 0.0594584 0.055211 0.0510609 0.0470307 0.0431403 0.039407 0.0358454 0.032467 0.0292807 0.0262926 0.0235061 0.0209224 0.0185402 0.0163562 0.0143653 0.0125611 0.0109358 0.00948045 0.00818573 0.00704173 0.0060384 0.00516579 0.0044142 0.00377446 0.00323805 0.0027973 0.00244548 0.00217696 0.00198723 0.00187323 
0.00213292 0.00217073 0.00229341 0.00250338 0.00280436 0.00320146 0.00370111 0.00431097 0.00503977 0.00589718 0.00689363 0.00804005 0.00934772 0.010828 0.0124918 0.0143499 0.0164119 0.0186863 0.0211805 0.0238995 0.0268469 0.0300234 0.0334274 0.0370545 0.0408971 0.0449449 0.049184 0.0535976 0.0581657 0.0628653 0.0676706 0.0725532 0.0774822 0.0824249 0.0873468 0.0922124 0.0969852 0.101628 0.106105 0.110379 0.114416 0.118181 0.121643 0.124772 0.127542 0.129927 0.131908 0.133467 0.13459 0.135267 0.135492 0.135264 0.134585 0.13346 0.131899 0.129917 0.127531 0.124761 0.121633 0.118172 0.114409 0.110376 0.106106 0.101634 0.0969971 0.092231 0.0873728 0.0824587 0.0775244 0.0726041 0.0677304 0.062934 0.0582431 0.0536834 0.0492777 0.0450459 0.0410047 0.0371676 0.0335452 0.0301447 0.0269706 0.0240245 0.0213055 0.0188103 0.0165337 0.0144685 0.0126062 0.0109372 0.00945111 0.00813683 0.0069832 0.00597905 0.00511352 0.00437628 0.00375774 0.00324923 0.00284315 0.00253313 0.00231408 0.00218251 
0.00247511 0.00251891 0.00266041 0.00290236 0.00324896 0.00370598 0.00428066 0.00498163 0.0058187 0.00680274 0.00794539 0.00925891 0.0107558 0.0124487 0.0143499 0.0164708 0.0188223 0.0214135 0.024252 0.0273435 0.0306911 0.0342952 0.0381536 0.0422605 0.0466072 0.0511811 0.0559664 0.0609437 0.0660901 0.0713795 0.0767827 0.0822675 0.0877993 0.0933415 0.0988556 0.104302 0.10964 0.114829 0.119828 0.124598 0.1291 0.133297 0.137153 0.140637 0.143719 0.146372 0.148575 0.150307 0.151555 0.152307 0.152557 0.152302 0.151546 0.150294 0.148558 0.146353 0.143697 0.140614 0.137129 0.133273 0.129078 0.124579 0.119812 0.114818 0.109634 0.104303 0.0988642 0.0933585 0.0878254 0.0823032 0.0768283 0.0714353 0.066156 0.0610194 0.0560516 0.0512752 0.0467094 0.0423699 0.0382692 0.0344159 0.0308155 0.0274705 0.0243803 0.0215417 0.0189491 0.0165951 0.0144705 0.0125646 0.010866 0.00936246 0.00804161 0.006891 0.00589847 0.00505247 0.00434224 0.00375804 0.00329133 0.00293491 0.00268307 0.00253187 
0.00285941 0.00290991 0.00307238 0.00334994 0.0037473 0.00427094 0.00492899 0.00573112 0.0066883 0.00781266 0.00911721 0.0106155 0.0123216 0.0142492 0.0164119 0.0188223 0.021492 0.0244311 0.0276474 0.0311467 0.0349321 0.0390034 0.0433574 0.0479872 0.0528821 0.0580276 0.0634055 0.0689935 0.0747655 0.080692 0.08674 0.0928736 0.0990539 0.10524 0.11139 0.117458 0.123401 0.129174 0.134731 0.14003 0.145027 0.149682 0.153958 0.157819 0.161232 0.16417 0.166608 0.168524 0.169904 0.170735 0.171011 0.170729 0.169891 0.168506 0.166583 0.164141 0.161199 0.157782 0.153919 0.149643 0.144987 0.139991 0.134696 0.129143 0.123375 0.117439 0.111378 0.105238 0.099061 0.0928912 0.0867687 0.080732 0.074817 0.0690564 0.0634796 0.0581123 0.0529766 0.0480907 0.0434689 0.0391217 0.0350557 0.0312744 0.0277776 0.0245624 0.0216231 0.0189516 0.0165382 0.0143712 0.0124382 0.0107257 0.00922 0.00790731 0.00677413 0.00580757 0.00499563 0.00432741 0.00379335 0.00338538 0.00309711 0.0029241 
0.00328845 0.00334638 0.00353209 0.00384906 0.00430256 0.00489983 0.00564996 0.00656371 0.00765332 0.00893226 0.010415 0.0121165 0.0140521 0.0162372 0.0186863 0.0214135 0.0244311 0.0277497 0.0313778 0.0353211 0.0395823 0.0441607 0.049052 0.0542475 0.059735 0.0654975 0.0715139 0.0777589 0.0842032 0.0908132 0.0975521 0.10438 0.111253 0.118126 0.124952 0.131682 0.138268 0.14466 0.150808 0.156666 0.162187 0.167327 0.172046 0.176303 0.180066 0.183303 0.185988 0.188099 0.189618 0.190532 0.190835 0.190523 0.1896 0.188073 0.185955 0.183263 0.18002 0.176252 0.171991 0.16727 0.162128 0.156608 0.150752 0.144606 0.13822 0.13164 0.124918 0.118101 0.111238 0.104376 0.0975607 0.0908345 0.0842374 0.0778062 0.0715741 0.0655701 0.0598194 0.0543429 0.0491571 0.0442745 0.0397033 0.0354478 0.0315086 0.027883 0.0245653 0.021547 0.0188177 0.0163648 0.0141748 0.0122329 0.0105242 0.0090332 0.00774518 0.00664579 0.00572169 0.00496076 0.00435235 0.00388746 0.00355894 0.00336185 
0.00376464 0.00383079 0.00404209 0.00440241 0.00491762 0.00559579 0.006447 0.00748321 0.00871798 0.0101662 0.0118438 0.0137673 0.0159536 0.0184193 0.0211805 0.024252 0.0276474 0.0313778 0.0354519 0.0398755 0.0446507 0.0497761 0.055246 0.0610501 0.0671739 0.0735979 0.080298 0.0872455 0.0944072 0.101746 0.10922 0.116784 0.124392 0.131993 0.139535 0.146965 0.154228 0.161272 0.168042 0.174488 0.180558 0.186207 0.191388 0.196061 0.20019 0.203739 0.206682 0.208995 0.210658 0.21166 0.21199 0.211648 0.210636 0.208962 0.20664 0.203687 0.20013 0.195994 0.191315 0.18613 0.180479 0.174407 0.167962 0.161194 0.154155 0.146897 0.139476 0.131943 0.124353 0.116757 0.109205 0.101745 0.0944212 0.0872742 0.0803414 0.0736557 0.0672455 0.0611347 0.0553425 0.0498833 0.0447671 0.0399994 0.0355817 0.0315116 0.0277836 0.0243887 0.021316 0.0185519 0.0160818 0.0138897 0.0119591 0.0102732 0.00881574 0.00757086 0.00652382 0.00566121 0.0049712 0.00444381 0.0040711 0.00384758 
0.00429013 0.00436531 0.00460461 0.00501235 0.00559502 0.00636154 0.00732309 0.00849286 0.00988578 0.0115183 0.0134078 0.0155725 0.0180307 0.0208006 0.0238995 0.0273435 0.0311467 0.0353211 0.0398755 0.0448154 0.0501426 0.0558544 0.0619437 0.0683983 0.0752011 0.08233 0.0897574 0.097451 0.105374 0.113483 0.121734 0.130077 0.13846 0.146826 0.15512 0.163282 0.171256 0.178981 0.186401 0.193459 0.200103 0.206279 0.211942 0.217047 0.221554 0.225427 0.228637 0.231159 0.232973 0.234064 0.234424 0.23405 0.232946 0.231119 0.228585 0.225363 0.221479 0.216963 0.211851 0.206182 0.200001 0.193355 0.186296 0.178877 0.171155 0.163188 0.155032 0.146748 0.138393 0.130023 0.121694 0.113458 0.105364 0.0974581 0.0897811 0.08237 0.0752571 0.0684695 0.062029 0.0559526 0.0502521 0.0449346 0.0400024 0.0354539 0.0312835 0.0274822 0.0240382 0.0209374 0.0181639 0.0157003 0.0135288 0.0116311 0.00998926 0.00858594 0.00740492 0.00643141 0.00565237 0.00505677 0.00463581 0.00438344 
0.00486671 0.00495174 0.00522152 0.00568081 0.00633679 0.00719927 0.00828055 0.00959513 0.0111594 0.0129913 0.01511 0.0175352 0.0202868 0.0233845 0.0268469 0.0306911 0.0349321 0.0395823 0.0446507 0.0501426 0.0560588 0.0623955 0.0691438 0.0762894 0.0838126 0.0916878 0.0998842 0.108365 0.11709 0.126011 0.135078 0.144237 0.153429 0.162596 0.171674 0.1806 0.189312 0.197745 0.205838 0.213531 0.220766 0.227489 0.233648 0.239197 0.244094 0.2483 0.251785 0.254522 0.256489 0.257672 0.258062 0.257656 0.256457 0.254474 0.251723 0.248224 0.244004 0.239096 0.233537 0.22737 0.220641 0.213401 0.205706 0.197613 0.189182 0.180476 0.171556 0.162488 0.153333 0.144153 0.135009 0.125958 0.117054 0.108348 0.0998851 0.0917072 0.0838501 0.0763445 0.0692153 0.0624822 0.0561592 0.0502549 0.044773 0.0397124 0.035068 0.0308304 0.0269876 0.0235245 0.0204241 0.0176678 0.0152362 0.0131096 0.0112683 0.00969345 0.00836726 0.0072735 0.00639787 0.00572823 0.0052549 0.00497123 
0.00549572 0.00559144 0.00589421 0.00640924 0.00714441 0.0081105 0.00932097 0.0107917 0.0125405 0.0145871 0.0169521 0.019657 0.0227233 0.0261721 0.0300234 0.0342952 0.0390034 0.0441607 0.0497761 0.0558544 0.0623955 0.0693941 0.0768394 0.0847147 0.0929972 0.101658 0.110662 0.119969 0.129533 0.139302 0.149221 0.15923 0.169265 0.179262 0.189153 0.198869 0.208343 0.217506 0.226292 0.234637 0.24248 0.249762 0.256429 0.262433 0.267727 0.272274 0.276039 0.278995 0.281119 0.282396 0.282816 0.282377 0.281082 0.278939 0.275966 0.272185 0.267623 0.262314 0.256299 0.249621 0.24233 0.234481 0.226133 0.217345 0.208183 0.198713 0.189003 0.179121 0.169136 0.159114 0.149121 0.139219 0.129469 0.119924 0.110638 0.101654 0.0930134 0.0847508 0.0768945 0.0694669 0.0624844 0.0559577 0.0498917 0.0442863 0.0391367 0.0344338 0.0301649 0.0263143 0.0228638 0.0197936 0.0170829 0.0147103 0.0126545 0.010895 0.00941235 0.00818896 0.00720913 0.0064596 0.00592976 0.0056123 
0.00617801 0.00628527 0.00662352 0.00719847 0.00801872 0.00909604 0.0104451 0.0120831 0.0140297 0.0163059 0.0189342 0.0219377 0.0253396 0.0291625 0.0334274 0.0381536 0.0433574 0.049052 0.055246 0.0619437 0.0691438 0.0768394 0.0850176 0.0936587 0.102737 0.112219 0.122067 0.132235 0.142673 0.153323 0.164124 0.175012 0.185918 0.196771 0.207498 0.218026 0.228282 0.238192 0.247687 0.256697 0.265159 0.27301 0.280194 0.286658 0.292357 0.297248 0.301296 0.304473 0.306756 0.308127 0.308579 0.308106 0.306713 0.30441 0.301213 0.297146 0.292237 0.286522 0.280043 0.272847 0.264985 0.256515 0.247499 0.238001 0.22809 0.217838 0.207315 0.196596 0.185755 0.174862 0.16399 0.153207 0.142576 0.13216 0.122014 0.112189 0.102729 0.0936731 0.0850535 0.0768957 0.0692188 0.0620356 0.0553527 0.049171 0.0434864 0.0382899 0.0335684 0.0293056 0.0254823 0.0220776 0.0190689 0.0164335 0.0141482 0.012191 0.0105409 0.00917854 0.00808695 0.00725168 0.00666119 0.00630749 
0.00691385 0.00703347 0.00740967 0.00804866 0.00895978 0.0101558 0.0116527 0.0134691 0.0156261 0.0181466 0.0210547 0.0243753 0.0281331 0.032352 0.0370545 0.0422605 0.0479872 0.0542475 0.0610501 0.0683983 0.0762894 0.0847147 0.0936587 0.103099 0.113006 0.123342 0.134066 0.145126 0.156466 0.168026 0.179737 0.191529 0.203328 0.215058 0.22664 0.237997 0.249048 0.259718 0.269932 0.279616 0.288704 0.29713 0.304834 0.311763 0.317867 0.323104 0.327437 0.330836 0.333277 0.334744 0.335226 0.33472 0.33323 0.330766 0.327344 0.32299 0.317732 0.311609 0.304663 0.296944 0.288505 0.279407 0.269715 0.259496 0.248824 0.237774 0.226423 0.214848 0.203129 0.191343 0.179567 0.167874 0.156336 0.145018 0.133982 0.123283 0.112971 0.103089 0.0936729 0.0847519 0.0763481 0.0684766 0.0611459 0.0543582 0.0481101 0.0423929 0.0371935 0.0324948 0.0282769 0.0245174 0.0211926 0.018278 0.0157488 0.0135812 0.0117526 0.0102421 0.00903135 0.00810462 0.0074494 0.00705704 
0.00770284 0.00783565 0.0082522 0.00895923 0.00996685 0.0112889 0.0129425 0.014948 0.0173278 0.0201067 0.0233105 0.0269657 0.0310986 0.0357346 0.0408971 0.0466072 0.0528821 0.059735 0.0671739 0.0752011 0.0838126 0.0929972 0.102737 0.113006 0.12377 0.13499 0.146617 0.158595 0.170864 0.183355 0.195997 0.208713 0.221424 0.234046 0.246496 0.258691 0.270548 0.281985 0.292923 0.303285 0.313001 0.322003 0.330228 0.337621 0.34413 0.349712 0.354328 0.357948 0.360548 0.362109 0.362622 0.362083 0.360495 0.357871 0.354226 0.349586 0.343981 0.337451 0.330038 0.321795 0.312778 0.30305 0.292677 0.281732 0.270292 0.258435 0.246243 0.233799 0.221187 0.20849 0.19579 0.183167 0.170697 0.158452 0.146499 0.134899 0.123706 0.112969 0.102727 0.0930129 0.0838526 0.0752636 0.0672565 0.0598351 0.052997 0.0467339 0.0410326 0.0358757 0.0312423 0.0271091 0.0234507 0.0202411 0.017454 0.0150638 0.0130462 0.0113787 0.0100416 0.0090178 0.0082939 0.00786052 
0.00854388 0.00869066 0.00914988 0.00992878 0.0110383 0.0124933 0.0143122 0.0165168 0.0191312 0.0221818 0.0256962 0.0297026 0.0342287 0.0393013 0.0449449 0.0511811 0.0580276 0.0654975 0.0735979 0.08233 0.0916878 0.101658 0.112219 0.123342 0.13499 0.147117 0.159669 0.172588 0.185804 0.199246 0.212835 0.226488 0.240121 0.253645 0.266971 0.280011 0.292676 0.304882 0.316544 0.327583 0.337925 0.347499 0.356242 0.364095 0.371005 0.376928 0.381824 0.385662 0.388417 0.390071 0.390614 0.390043 0.38836 0.385577 0.381712 0.37679 0.370842 0.363908 0.356034 0.347271 0.337679 0.327322 0.31627 0.304599 0.292388 0.27972 0.266682 0.253361 0.239846 0.226226 0.212589 0.199019 0.1856 0.172408 0.159516 0.146992 0.134895 0.123277 0.112183 0.10165 0.0917068 0.0823743 0.0736652 0.0655852 0.0581328 0.0513005 0.0450753 0.0394394 0.0343712 0.0298461 0.0258378 0.0223185 0.0192602 0.0166358 0.0144191 0.0125863 0.0111159 0.00998979 0.00919345 0.0087168 
0.00943511 0.00959662 0.0101007 0.0109551 0.0121715 0.0137659 0.0157581 0.0181713 0.0210312 0.0243659 0.0282048 0.0325775 0.0375134 0.0430403 0.049184 0.0559664 0.0634055 0.0715139 0.080298 0.0897574 0.0998842 0.110662 0.122067 0.134066 0.146617 0.159669 0.173166 0.187039 0.201218 0.215622 0.230168 0.244767 0.259328 0.273757 0.287961 0.301845 0.315317 0.328287 0.340668 0.352378 0.363339 0.373478 0.38273 0.391035 0.398339 0.404596 0.409766 0.413818 0.416725 0.418471 0.419044 0.41844 0.416665 0.413728 0.409647 0.404448 0.398164 0.390834 0.382505 0.37323 0.36307 0.352092 0.340367 0.327975 0.314997 0.30152 0.287636 0.273436 0.259015 0.244466 0.229883 0.215356 0.200974 0.186821 0.172976 0.159509 0.146488 0.133969 0.122002 0.110628 0.09988 0.0897815 0.080348 0.0715872 0.0634991 0.0560769 0.0493078 0.0431741 0.0376533 0.0327201 0.0283468 0.024504 0.0211624 0.0182929 0.0158679 0.0138618 0.0122517 0.0110183 0.010146 0.00962397 
0.0103739 0.0105508 0.0111017 0.0120349 0.0133629 0.0151028 0.0172755 0.0199058 0.0230212 0.0266512 0.0308269 0.0355796 0.04094 0.0469372 0.0535976 0.0609437 0.0689935 0.0777589 0.0872455 0.097451 0.108365 0.119969 0.132235 0.145126 0.158595 0.172588 0.187039 0.201879 0.217028 0.232401 0.247908 0.263454 0.278943 0.294275 0.309351 0.324073 0.338344 0.352069 0.365159 0.377528 0.389097 0.39979 0.40954 0.418285 0.425973 0.432555 0.437991 0.44225 0.445305 0.447139 0.447741 0.447107 0.445241 0.442154 0.437865 0.432398 0.425787 0.418071 0.409299 0.399524 0.388808 0.37722 0.364833 0.351729 0.337993 0.323716 0.308992 0.293918 0.278592 0.263114 0.247582 0.232095 0.216744 0.201622 0.186811 0.17239 0.158431 0.144996 0.132139 0.119907 0.108336 0.0974529 0.0872763 0.077816 0.0690737 0.0610435 0.0537133 0.0470651 0.0410762 0.0357203 0.0309684 0.0267899 0.0231539 0.0200295 0.0173877 0.015201 0.0134454 0.0121002 0.0111486 0.0105793 
0.0113567 0.0115496 0.0121492 0.0131642 0.0146079 0.0164985 0.0188583 0.0217134 0.0250929 0.0290281 0.0335515 0.038696 0.0444936 0.0509745 0.0581657 0.0660901 0.0747655 0.0842032 0.0944072 0.105374 0.11709 0.129533 0.142673 0.156466 0.170864 0.185804 0.201218 0.217028 0.23315 0.249491 0.265957 0.282446 0.298856 0.315083 0.331022 0.346569 0.361625 0.376091 0.389874 0.402887 0.415047 0.426277 0.43651 0.445682 0.45374 0.460635 0.466328 0.470785 0.473983 0.475902 0.476531 0.475868 0.473916 0.470686 0.466196 0.460471 0.453545 0.445457 0.436256 0.425996 0.41474 0.402558 0.389525 0.375725 0.361246 0.346181 0.330629 0.31469 0.298468 0.282067 0.265592 0.249145 0.232826 0.216731 0.20095 0.185569 0.170663 0.156302 0.142544 0.129441 0.117033 0.105352 0.0944171 0.0842423 0.0748307 0.0661778 0.0582719 0.0510952 0.0446248 0.0388336 0.0336914 0.0291665 0.0252263 0.0218385 0.0189723 0.0165988 0.0146924 0.0132313 0.0121976 0.0115792 
0.0123792 0.0125888 0.0132385 0.0143379 0.0159009 0.0179468 0.0204991 0.0235855 0.0272366 0.0314851 0.0363653 0.0419114 0.0481566 0.055132 0.0628653 0.0713795 0.080692 0.0908132 0.101746 0.113483 0.126011 0.139302 0.153323 0.168026 0.183355 0.199246 0.215622 0.232401 0.249491 0.266796 0.284212 0.301634 0.318953 0.336059 0.352844 0.3692 0.385022 0.40021 0.414666 0.428302 0.441033 0.452781 0.463478 0.473059 0.481471 0.488665 0.494603 0.49925 0.502583 0.504583 0.505239 0.504548 0.502515 0.499148 0.494467 0.488496 0.481269 0.472825 0.463213 0.452487 0.440711 0.427955 0.414296 0.39982 0.384617 0.368783 0.35242 0.335633 0.318528 0.301217 0.283808 0.266409 0.249127 0.232063 0.215315 0.198972 0.183117 0.167825 0.153161 0.139179 0.125926 0.113436 0.101733 0.0908328 0.0807407 0.0714535 0.0629606 0.0552443 0.0482816 0.0420448 0.0365027 0.0316225 0.02737 0.0237115 0.0206145 0.0180487 0.0159871 0.0144065 0.0132882 0.0126194 
0.0134363 0.0136629 0.0143641 0.01555 0.0172352 0.0194401 0.0221895 0.0255124 0.0294409 0.0340093 0.0392533 0.0452084 0.0519091 0.0593871 0.0676706 0.0767827 0.08674 0.0975521 0.10922 0.121734 0.135078 0.149221 0.164124 0.179737 0.195997 0.212835 0.230168 0.247908 0.265957 0.284212 0.302564 0.320902 0.339112 0.357079 0.374689 0.39183 0.408395 0.424279 0.439384 0.453619 0.466896 0.47914 0.490278 0.500249 0.508997 0.516475 0.522643 0.52747 0.53093 0.533006 0.533688 0.532971 0.53086 0.527365 0.522504 0.516301 0.508789 0.500008 0.490005 0.478835 0.466561 0.453256 0.438996 0.423869 0.407966 0.391387 0.374235 0.35662 0.338654 0.320449 0.302122 0.283786 0.265553 0.24753 0.229821 0.212521 0.195721 0.1795 0.163928 0.149066 0.134964 0.12166 0.109183 0.0975509 0.0867708 0.0768417 0.0677537 0.0594898 0.0520268 0.0453366 0.0393873 0.0341447 0.0295735 0.0256385 0.0223056 0.0195432 0.0173228 0.0156199 0.014415 0.0136945 
0.014522 0.014766 0.0155197 0.0167936 0.0186033 0.02097 0.0239198 0.0274829 0.031693 0.0365859 0.0421986 0.0485678 0.055729 0.0637146 0.0725532 0.0822675 0.0928736 0.10438 0.116784 0.130077 0.144237 0.15923 0.175012 0.191529 0.208713 0.226488 0.244767 0.263454 0.282446 0.301634 0.320902 0.340135 0.359211 0.378012 0.396421 0.41432 0.431599 0.448152 0.463877 0.478682 0.49248 0.505192 0.516748 0.527085 0.536149 0.543893 0.550277 0.555272 0.558851 0.560999 0.561704 0.560964 0.558781 0.555167 0.550138 0.543718 0.535939 0.52684 0.516469 0.504879 0.492135 0.478307 0.463474 0.447724 0.431149 0.413853 0.395941 0.377525 0.358721 0.339647 0.320424 0.30117 0.282003 0.263037 0.24438 0.226136 0.208399 0.191255 0.174781 0.159042 0.144092 0.129975 0.116723 0.104356 0.0928853 0.0823103 0.0726229 0.0638066 0.0558384 0.0486898 0.0423283 0.0367186 0.0318243 0.0276086 0.0240361 0.0210738 0.0186918 0.0168646 0.0155716 0.0147984 
0.0156296 0.0158913 0.0166981 0.0180611 0.0199966 0.0225268 0.025679 0.0294847 0.0339789 0.0391988 0.0451827 0.0519684 0.0595923 0.0680874 0.0774822 0.0877993 0.0990539 0.111253 0.124392 0.13846 0.153429 0.169265 0.185918 0.203328 0.221424 0.240121 0.259328 0.278943 0.298856 0.318953 0.339112 0.359211 0.379126 0.398732 0.417907 0.436532 0.454494 0.471682 0.487996 0.50334 0.517628 0.53078 0.542727 0.553407 0.562765 0.570755 0.577341 0.58249 0.58618 0.588393 0.589121 0.588359 0.58611 0.582386 0.577201 0.57058 0.562554 0.55316 0.542445 0.530463 0.517276 0.502956 0.487581 0.471239 0.454026 0.436044 0.417403 0.398217 0.378606 0.358692 0.3386 0.318453 0.298376 0.278487 0.258902 0.23973 0.221071 0.203018 0.185652 0.169044 0.153254 0.138329 0.124305 0.111206 0.0990456 0.087825 0.0775375 0.0681676 0.0596924 0.0520833 0.0453072 0.039328 0.034108 0.0296093 0.0257951 0.022631 0.0200858 0.0181329 0.0167507 0.0159244 
0.0167517 0.0170311 0.0178913 0.0193439 0.0214058 0.0241002 0.0274554 0.0315043 0.0362832 0.0418305 0.0481856 0.0553875 0.0634732 0.0724761 0.0824249 0.0933415 0.10524 0.118126 0.131993 0.146826 0.162596 0.179262 0.196771 0.215058 0.234046 0.253645 0.273757 0.294275 0.315083 0.336059 0.357079 0.378012 0.398732 0.419108 0.439015 0.458331 0.476938 0.494728 0.511595 0.527445 0.54219 0.555753 0.568063 0.579059 0.588688 0.596905 0.603675 0.608966 0.612756 0.61503 0.615778 0.614996 0.612688 0.608863 0.603537 0.596732 0.588478 0.578813 0.56778 0.555434 0.541835 0.527055 0.511172 0.494274 0.476457 0.457825 0.43849 0.418569 0.398185 0.377464 0.356534 0.335526 0.314567 0.293783 0.273294 0.253216 0.233656 0.214711 0.196469 0.179007 0.162389 0.146667 0.13188 0.118056 0.105211 0.0933493 0.0824651 0.0725439 0.0635632 0.0554946 0.0483043 0.0419555 0.0364096 0.0316274 0.0275708 0.0242042 0.0214953 0.0194162 0.0179446 0.0170649 
0.01788 0.0181772 0.0190908 0.0206327 0.0228207 0.0256787 0.0292363 0.0335274 0.0385895 0.0444622 0.0511861 0.0588009 0.0673444 0.0768502 0.0873468 0.0988556 0.11139 0.124952 0.139535 0.15512 0.171674 0.189153 0.207498 0.22664 0.246496 0.266971 0.287961 0.309351 0.331022 0.352844 0.374689 0.396421 0.417907 0.439015 0.459615 0.479582 0.498798 0.51715 0.534534 0.550854 0.566024 0.579965 0.592608 0.603893 0.61377 0.622194 0.62913 0.63455 0.638432 0.640761 0.641527 0.640728 0.638366 0.634451 0.628996 0.622025 0.613564 0.603651 0.592327 0.579646 0.565668 0.550461 0.534106 0.516688 0.498306 0.479063 0.459073 0.438456 0.417337 0.395845 0.374115 0.352279 0.330472 0.308824 0.287462 0.266506 0.24607 0.226258 0.207162 0.188865 0.171436 0.154931 0.139395 0.124858 0.111339 0.098845 0.0873713 0.0769048 0.0674238 0.0588995 0.0512983 0.0445825 0.0387126 0.0336484 0.0293506 0.0257823 0.0229102 0.0207053 0.0191445 0.0182116 
0.019006 0.0193209 0.0202873 0.0219177 0.0242305 0.0272506 0.0310083 0.0355387 0.0408805 0.0470745 0.054162 0.0621837 0.0711776 0.0811779 0.0922124 0.104302 0.117458 0.131682 0.146965 0.163282 0.1806 0.198869 0.218026 0.237997 0.258691 0.280011 0.301845 0.324073 0.346569 0.3692 0.39183 0.41432 0.436532 0.458331 0.479582 0.50016 0.519944 0.538819 0.556681 0.573434 0.588993 0.603279 0.616226 0.627774 0.637874 0.646484 0.653571 0.659106 0.663069 0.665447 0.66623 0.665415 0.663006 0.65901 0.653441 0.64632 0.637674 0.627537 0.61595 0.602965 0.588639 0.573042 0.55625 0.538352 0.519443 0.49963 0.479027 0.457754 0.435941 0.413721 0.39123 0.368606 0.345988 0.323513 0.301311 0.279511 0.25823 0.237579 0.217656 0.198549 0.180331 0.163065 0.146798 0.131565 0.117386 0.104272 0.0922207 0.0812188 0.0712458 0.0622733 0.0542672 0.0471895 0.0409999 0.0356572 0.031121 0.0273534 0.0243198 0.0219905 0.0203414 0.0193557 
0.0201207 0.0204528 0.0214712 0.0231887 0.0256241 0.0288032 0.0327573 0.0375225 0.0431385 0.049647 0.0570903 0.0655097 0.0749438 0.0854263 0.0969852 0.10964 0.123401 0.138268 0.154228 0.171256 0.189312 0.208343 0.228282 0.249048 0.270548 0.292676 0.315317 0.338344 0.361625 0.385022 0.408395 0.431599 0.454494 0.476938 0.498798 0.519944 0.540252 0.559609 0.57791 0.59506 0.610972 0.625572 0.638792 0.650576 0.660875 0.669651 0.67687 0.682507 0.686542 0.688963 0.689761 0.688933 0.686482 0.682416 0.676747 0.669494 0.660683 0.650346 0.638523 0.625263 0.610624 0.59467 0.577481 0.559141 0.539747 0.519406 0.498232 0.476348 0.453885 0.430979 0.407771 0.384402 0.361015 0.337752 0.314751 0.292143 0.270054 0.248597 0.227879 0.207991 0.189012 0.17101 0.154035 0.138127 0.123308 0.109592 0.0969771 0.0854534 0.0750004 0.06559 0.0571881 0.0497564 0.0432537 0.0376381 0.0328681 0.0289049 0.0257128 0.0232613 0.0215255 0.0204881 
0.0212145 0.0215636 0.0226326 0.0244348 0.0269897 0.0303237 0.0344689 0.0394625 0.045345 0.052159 0.0599477 0.0687528 0.0786132 0.0895626 0.101628 0.114829 0.129174 0.14466 0.161272 0.178981 0.197745 0.217506 0.238192 0.259718 0.281985 0.304882 0.328287 0.352069 0.376091 0.40021 0.424279 0.448152 0.471682 0.494728 0.51715 0.538819 0.559609 0.579407 0.598108 0.615616 0.631847 0.646727 0.660191 0.672184 0.68266 0.691581 0.698916 0.704642 0.70874 0.711199 0.71201 0.711171 0.708684 0.704557 0.6988 0.691432 0.682476 0.671963 0.659932 0.646427 0.631506 0.615232 0.597682 0.57894 0.559103 0.538276 0.516576 0.494126 0.471059 0.447514 0.423634 0.399565 0.375455 0.35145 0.327691 0.304318 0.281459 0.259236 0.237758 0.217123 0.197417 0.178708 0.161053 0.144495 0.129059 0.114762 0.101604 0.0895756 0.078658 0.0688234 0.0600379 0.0522625 0.0454558 0.0395749 0.0345776 0.0304241 0.0270778 0.0245072 0.022687 0.0215992 
0.0222778 0.0226433 0.0237613 0.0256454 0.0283156 0.031799 0.0361286 0.0413423 0.0474816 0.0545898 0.0627106 0.0718865 0.0821562 0.0935535 0.106105 0.119828 0.134731 0.150808 0.168042 0.186401 0.205838 0.226292 0.247687 0.269932 0.292923 0.316544 0.340668 0.365159 0.389874 0.414666 0.439384 0.463877 0.487996 0.511595 0.534534 0.556681 0.57791 0.598108 0.617168 0.634998 0.651514 0.666642 0.680321 0.692498 0.703127 0.712175 0.719611 0.725413 0.729566 0.732057 0.732879 0.732031 0.729514 0.725334 0.719503 0.712035 0.702955 0.692288 0.680073 0.666353 0.651182 0.634623 0.616749 0.597645 0.577405 0.556137 0.533955 0.510985 0.487361 0.463225 0.438722 0.414001 0.389215 0.364514 0.340045 0.315951 0.292367 0.269419 0.247223 0.225881 0.205482 0.186101 0.167799 0.15062 0.134596 0.119743 0.106064 0.0935527 0.0821894 0.0719474 0.062793 0.0546871 0.0475877 0.0414513 0.0362349 0.0318978 0.0284027 0.0257174 0.0238156 0.0226792 
0.023301 0.0236822 0.024847 0.0268093 0.0295898 0.033216 0.0377217 0.0431455 0.0495297 0.0569184 0.0653558 0.0748845 0.0855436 0.0973666 0.110379 0.124598 0.14003 0.156666 0.174488 0.193459 0.213531 0.234637 0.256697 0.279616 0.303285 0.327583 0.352378 0.377528 0.402887 0.428302 0.453619 0.478682 0.50334 0.527445 0.550854 0.573434 0.59506 0.615616 0.634998 0.653114 0.66988 0.685227 0.699094 0.711429 0.722192 0.731347 0.738869 0.744736 0.748935 0.751453 0.752286 0.75143 0.748888 0.744665 0.73877 0.731218 0.72203 0.711232 0.698858 0.684951 0.66956 0.652748 0.634587 0.615159 0.594559 0.572891 0.550273 0.526829 0.502697 0.478018 0.452941 0.427619 0.402207 0.37686 0.35173 0.326964 0.302703 0.279076 0.256206 0.234199 0.213148 0.193134 0.174221 0.156456 0.139875 0.124495 0.110323 0.0973522 0.0855653 0.0749359 0.0654303 0.0570095 0.0496311 0.0432509 0.0378255 0.0333131 0.0296759 0.0268808 0.0249011 0.0237183 
0.0242743 0.0246704 0.0258795 0.0279159 0.0308006 0.0345617 0.0392337 0.044856 0.0514713 0.0591245 0.0678602 0.0777213 0.0887468 0.10097 0.114416 0.1291 0.145027 0.162187 0.180558 0.200103 0.220766 0.24248 0.265159 0.288704 0.313001 0.337925 0.363339 0.389097 0.415047 0.441033 0.466896 0.49248 0.517628 0.54219 0.566024 0.588993 0.610972 0.631847 0.651514 0.66988 0.686866 0.702403 0.716431 0.728903 0.739778 0.749025 0.756619 0.762541 0.766777 0.769319 0.77016 0.769298 0.766736 0.762476 0.756529 0.748907 0.739629 0.728719 0.716209 0.70214 0.686559 0.669527 0.651113 0.631398 0.610477 0.588452 0.565442 0.541572 0.516978 0.491806 0.466206 0.440334 0.414348 0.388408 0.362669 0.337282 0.312393 0.288138 0.264642 0.242016 0.220359 0.199754 0.180269 0.161957 0.144853 0.12898 0.114344 0.100942 0.0887573 0.0777633 0.067927 0.0592095 0.0515679 0.0449578 0.0393349 0.034657 0.0308855 0.0279867 0.0259334 0.0247066 
