9.96666e-07 1.03831e-06 1.22634e-06 1.5814e-06 2.14009e-06 2.9576e-06 4.11081e-06 5.70221e-06 7.86468e-06 1.0767e-05 1.46203e-05 1.9684e-05 2.62734e-05 3.47661e-05 4.56077e-05 5.93173e-05 7.6491e-05 9.78023e-05 0.000124001 0.000155908 0.000194404 0.000240418 0.000294906 0.000358827 0.000433114 0.00051864 0.000616181 0.000726374 0.000849677 0.000986327 0.0011363 0.00129928 0.00147463 0.00166136 0.00185814 0.00206328 0.00227475 0.00249022 0.00270706 0.00292244 0.00313334 0.00333666 0.00352927 0.00370809 0.00387016 0.00401275 0.00413339 0.00422997 0.00430077 0.00434451 0.00436043 0.00434824 0.00430816 0.00424094 0.00414778 0.00403037 0.00389078 0.00373143 0.00355504 0.00336453 0.00316295 0.00295343 0.00273907 0.00252288 0.0023077 0.00209616 0.00189062 0.00169313 0.00150541 0.00132884 0.00116442 0.00101283 0.000874443 0.00074931 0.000637234 0.000537795 0.000450387 0.000374265 0.000308582 0.000252425 0.000204851 0.000164916 0.000131698 0.000104319 8.19585e-05 6.38623e-05 4.93508e-05 3.78202e-05 2.8742e-05 2.16603e-05 1.61872e-05 1.1997e-05 8.81997e-06 6.43553e-06 4.66604e-06 3.37052e-06 2.43918e-06 1.78856e-06 1.35751e-06 1.10445e-06 
1.03831e-06 1.08206e-06 1.2789e-06 1.65047e-06 2.2352e-06 3.09101e-06 4.29859e-06 5.96552e-06 8.23127e-06 1.12731e-05 1.53123e-05 2.06217e-05 2.7532e-05 3.64395e-05 4.78119e-05 6.21939e-05 8.02106e-05 0.000102569 0.000130054 0.000163526 0.000203909 0.000252173 0.00030932 0.000376353 0.000454244 0.000543907 0.000646147 0.000761628 0.000890823 0.00103397 0.00119105 0.00136171 0.00154528 0.00174073 0.00194664 0.00216126 0.00238246 0.00260778 0.00283449 0.00305963 0.00328005 0.00349251 0.00369374 0.00388052 0.00404979 0.00419869 0.00432465 0.00442546 0.00449935 0.00454498 0.00456156 0.00454878 0.00450689 0.00443665 0.00433933 0.00421667 0.00407084 0.00390435 0.00372005 0.00352097 0.00331031 0.00309132 0.00286724 0.0026412 0.00241619 0.00219494 0.00197993 0.00177331 0.00157688 0.00139206 0.00121994 0.00106123 0.000916306 0.000785243 0.000667838 0.000563653 0.000472062 0.000392287 0.000323444 0.00026458 0.000214709 0.000172844 0.000138019 0.000109316 8.58737e-05 6.69032e-05 5.16917e-05 3.96061e-05 3.00922e-05 2.26719e-05 1.69382e-05 1.25494e-05 9.22268e-06 6.72662e-06 4.87488e-06 3.51959e-06 2.54563e-06 1.86547e-06 1.41503e-06 1.1507e-06 
1.22634e-06 1.2789e-06 1.51193e-06 1.95094e-06 2.64107e-06 3.65032e-06 5.07328e-06 7.03593e-06 9.70139e-06 1.32766e-05 1.802e-05 2.42487e-05 3.23477e-05 4.27766e-05 5.60776e-05 7.28803e-05 9.39063e-05 0.000119969 0.000151972 0.000190902 0.000237812 0.000293813 0.000360041 0.000437631 0.000527684 0.000631222 0.000749144 0.000882182 0.00103085 0.00119538 0.00137571 0.00157143 0.00178173 0.0020054 0.00224081 0.00248593 0.00273833 0.0029952 0.00325345 0.00350969 0.00376037 0.00400183 0.00423036 0.00444237 0.00463438 0.00480319 0.00494591 0.00506008 0.00514369 0.00519527 0.00521391 0.00519928 0.00515166 0.0050719 0.00496143 0.0048222 0.00465665 0.00446762 0.00425828 0.00403205 0.00379255 0.00354344 0.00328837 0.00303091 0.00277443 0.00252205 0.00227658 0.00204048 0.00181582 0.00160425 0.00140702 0.00122498 0.00105859 0.000907949 0.000772867 0.000652869 0.000547263 0.000455182 0.000375633 0.000307542 0.000249791 0.000201259 0.000160847 0.000127503 0.000100244 7.81615e-05 6.04377e-05 4.63426e-05 3.52365e-05 2.65665e-05 1.98614e-05 1.47249e-05 1.08283e-05 7.90248e-06 5.73042e-06 4.13973e-06 2.99601e-06 2.19704e-06 1.66789e-06 1.35761e-06 
1.5814e-06 1.65047e-06 1.95094e-06 2.51532e-06 3.40104e-06 4.69443e-06 6.51534e-06 9.02309e-06 1.24236e-05 1.69774e-05 2.3009e-05 3.09162e-05 4.11799e-05 5.43733e-05 7.11702e-05 9.23513e-05 0.000118808 0.000151543 0.000191665 0.00024038 0.000298974 0.000368792 0.000451207 0.000547584 0.000659236 0.000787373 0.00093305 0.00109711 0.00128011 0.00148231 0.00170354 0.00194326 0.00220043 0.00247351 0.00276051 0.00305892 0.00336576 0.00367764 0.00399079 0.00430114 0.00460442 0.00489623 0.00517217 0.00542791 0.00565934 0.00586265 0.0060344 0.00617169 0.00627213 0.00633399 0.00635618 0.00633834 0.00628078 0.00618452 0.00605127 0.00588334 0.00568361 0.00545546 0.00520267 0.00492933 0.00463972 0.00433825 0.00402928 0.0037171 0.00340577 0.00309906 0.00280038 0.00251274 0.00223867 0.0019802 0.00173891 0.00151585 0.00131166 0.00112652 0.000960224 0.000812259 0.000681825 0.000567906 0.000469326 0.000384802 0.000312993 0.000252544 0.000202124 0.000160452 0.000126327 9.86383e-05 7.63776e-05 5.86458e-05 4.4652e-05 3.37105e-05 2.52357e-05 1.87337e-05 1.3794e-05 1.00797e-05 7.31867e-06 5.29412e-06 3.83687e-06 2.81806e-06 2.14309e-06 1.74759e-06 
2.14009e-06 2.2352e-06 2.64107e-06 3.40104e-06 4.59145e-06 6.32679e-06 8.76569e-06 1.21185e-05 1.66565e-05 2.27222e-05 3.07406e-05 4.12316e-05 5.48217e-05 7.22555e-05 9.44053e-05 0.000122279 0.000157021 0.000199918 0.000252383 0.00031595 0.000392245 0.000482961 0.000589819 0.000714515 0.000858672 0.00102377 0.00121108 0.00142159 0.00165595 0.00191438 0.00219661 0.00250184 0.00282868 0.00317516 0.00353867 0.003916 0.00430339 0.00469656 0.00509076 0.00548091 0.0058617 0.00622766 0.00657333 0.00689337 0.00718272 0.00743668 0.00765104 0.00782224 0.00794735 0.00802426 0.00805165 0.00802906 0.0079569 0.00783642 0.0076697 0.00745959 0.00720964 0.00692398 0.00660729 0.0062646 0.00590121 0.00552256 0.00513409 0.00474112 0.00434873 0.00396165 0.00358419 0.00322012 0.00287269 0.00254452 0.00223764 0.00195347 0.00169288 0.00145616 0.00124315 0.00105327 0.000885565 0.000738814 0.000611576 0.000502268 0.000409221 0.000330741 0.000265153 0.00021084 0.000166276 0.000130047 0.000100864 7.75749e-05 5.91604e-05 4.47359e-05 3.35429e-05 2.49401e-05 1.83928e-05 1.34615e-05 9.78972e-06 7.09334e-06 5.14994e-06 3.78981e-06 2.88826e-06 2.36036e-06 
2.9576e-06 3.09101e-06 3.65032e-06 4.69443e-06 6.32679e-06 8.70223e-06 1.20348e-05 1.66077e-05 2.27852e-05 3.10259e-05 4.18978e-05 5.6093e-05 7.44435e-05 9.79344e-05 0.000127716 0.000165114 0.000211627 0.000268932 0.000338868 0.000423415 0.000524671 0.000644803 0.000786001 0.000950413 0.00114007 0.00135682 0.0016022 0.00187741 0.00218317 0.00251964 0.00288637 0.00328222 0.00370531 0.004153 0.00462186 0.00510774 0.00560576 0.00611041 0.00661565 0.00711502 0.00760175 0.00806896 0.00850977 0.00891748 0.00928572 0.00960863 0.00988096 0.0100983 0.0102569 0.0103542 0.0103886 0.0103596 0.0102675 0.010114 0.00990174 0.00963419 0.0093158 0.00895176 0.0085479 0.00811055 0.00764636 0.00716219 0.00666491 0.00616126 0.00565769 0.00516025 0.00467444 0.00420516 0.0037566 0.00333219 0.00293463 0.00256583 0.00222701 0.00191865 0.00164065 0.00139235 0.00117262 0.000979953 0.000812574 0.00066849 0.000545594 0.000441726 0.000354745 0.00028257 0.000223232 0.000174895 0.000135882 0.000104686 7.9972e-05 6.05753e-05 4.54954e-05 3.38834e-05 2.50299e-05 1.83496e-05 1.33672e-05 9.70248e-06 7.05743e-06 5.20417e-06 3.97504e-06 3.25573e-06 
4.11081e-06 4.29859e-06 5.07328e-06 6.51534e-06 8.76569e-06 1.20348e-05 1.6613e-05 2.28837e-05 3.13383e-05 4.25947e-05 5.74152e-05 7.67267e-05 0.000101639 0.000133464 0.000173726 0.000224175 0.000286788 0.000363761 0.000457495 0.000570567 0.000705688 0.000865649 0.00105325 0.00127123 0.00152213 0.00180825 0.0021315 0.00249327 0.00289437 0.00333487 0.00381404 0.00433025 0.00488095 0.00546259 0.00607067 0.00669975 0.00734349 0.00799479 0.00864589 0.00928852 0.00991408 0.0105138 0.011079 0.0116012 0.0120724 0.0124852 0.0128331 0.0131104 0.0133127 0.0134366 0.0134801 0.0134425 0.0133244 0.0131279 0.0128562 0.0125137 0.0121059 0.0116395 0.0111217 0.0105606 0.00996442 0.00934195 0.0087019 0.00805285 0.00740304 0.00676023 0.00613153 0.00552326 0.00494088 0.00438894 0.003871 0.00338968 0.00294664 0.00254269 0.0021778 0.00185126 0.00156171 0.00130733 0.00108589 0.00089488 0.000731627 0.000593372 0.000477358 0.000380898 0.000301434 0.000236572 0.000184118 0.000142091 0.000108731 8.24985e-05 6.20651e-05 4.63013e-05 3.42602e-05 2.51586e-05 1.83586e-05 1.3349e-05 9.72816e-06 7.18832e-06 5.50279e-06 4.51687e-06 
5.70221e-06 5.96552e-06 7.03593e-06 9.02309e-06 1.21185e-05 1.66077e-05 2.28837e-05 3.14638e-05 4.30107e-05 5.8354e-05 7.85153e-05 0.000104733 0.000138485 0.000181513 0.000235834 0.000303755 0.000387873 0.000491062 0.000616449 0.000767378 0.000947348 0.00115994 0.00140873 0.00169717 0.00202848 0.00240549 0.00283051 0.0033052 0.00383041 0.00440604 0.00503096 0.0057029 0.00641837 0.00717266 0.00795985 0.00877282 0.00960338 0.0104424 0.0112799 0.0121053 0.0129078 0.0136762 0.0143995 0.0150671 0.0156689 0.0161957 0.0166393 0.0169925 0.01725 0.0174074 0.0174623 0.0174139 0.0172629 0.0170118 0.0166647 0.0162271 0.015706 0.0151096 0.014447 0.0137284 0.0129642 0.0121654 0.0113431 0.0105082 0.00967126 0.0088421 0.00802991 0.00724287 0.0064881 0.00577154 0.00509795 0.00447084 0.00389254 0.00336425 0.00288613 0.00245742 0.00207652 0.00174122 0.00144874 0.00119595 0.000979458 0.000795741 0.000641267 0.00051257 0.000406335 0.00031945 0.000249045 0.000192525 0.000147574 0.000112159 8.45199e-05 6.31578e-05 4.68106e-05 3.44323e-05 2.51684e-05 1.83329e-05 1.33852e-05 9.91077e-06 7.6035e-06 6.25449e-06 
7.86468e-06 8.23127e-06 9.70139e-06 1.24236e-05 1.66565e-05 2.27852e-05 3.13383e-05 4.30107e-05 5.86893e-05 7.94826e-05 0.000106751 0.00014214 0.000187606 0.000245446 0.000318315 0.000409236 0.0005216 0.000659142 0.000825915 0.00102623 0.00126456 0.0015455 0.00187355 0.00225307 0.00268804 0.00318197 0.00373761 0.0043569 0.00504067 0.00578857 0.0065989 0.00746848 0.00839265 0.00936516 0.0103783 0.0114228 0.0124881 0.0135626 0.0146335 0.0156876 0.0167109 0.0176896 0.0186098 0.0194582 0.0202223 0.0208905 0.0214527 0.0219001 0.0222258 0.0224247 0.0224937 0.0224317 0.0222397 0.0219209 0.0214802 0.0209246 0.0202626 0.0195046 0.0186618 0.0177469 0.0167731 0.0157542 0.014704 0.0136364 0.0125646 0.0115013 0.0104581 0.0094456 0.008473 0.00754804 0.00667698 0.00586454 0.00511393 0.00442692 0.00380394 0.00324423 0.00274596 0.00230644 0.00192229 0.00158959 0.00130407 0.0010613 0.000856746 0.000685986 0.000544745 0.000428998 0.000335021 0.000259429 0.000199193 0.000151644 0.000114465 8.56768e-05 6.36062e-05 4.68645e-05 3.43139e-05 2.50384e-05 1.83152e-05 1.35885e-05 1.04476e-05 8.61192e-06 
1.0767e-05 1.12731e-05 1.32766e-05 1.69774e-05 2.27222e-05 3.10259e-05 4.25947e-05 5.8354e-05 7.94826e-05 0.00010745 0.000144053 0.000191461 0.000252245 0.000329411 0.000426425 0.000547217 0.000696177 0.000878125 0.00109827 0.0013621 0.00167534 0.00204376 0.00247304 0.00296857 0.0035353 0.00417743 0.00489827 0.00569996 0.00658329 0.00754747 0.00859002 0.00970661 0.010891 0.012135 0.0134286 0.0147599 0.0161155 0.0174806 0.018839 0.0201742 0.0214686 0.0227051 0.0238663 0.0249358 0.025898 0.0267387 0.0274455 0.0280075 0.0284163 0.0286656 0.0287515 0.0286729 0.028431 0.0280295 0.0274746 0.0267749 0.025941 0.0249853 0.0239222 0.0227669 0.0215361 0.0202468 0.0189163 0.0175619 0.0162003 0.0148475 0.0135182 0.0122259 0.0109824 0.00979767 0.00867996 0.00763552 0.00666873 0.00578212 0.00497656 0.00425135 0.00360445 0.00303267 0.00253188 0.00209728 0.00172355 0.0014051 0.00113625 0.000911359 0.000724964 0.000571907 0.000447389 0.000347033 0.000266907 0.000203535 0.000153891 0.000115378 8.57986e-05 6.3321e-05 4.64419e-05 3.39477e-05 2.48786e-05 1.84953e-05 1.42508e-05 1.17709e-05 
1.46203e-05 1.53123e-05 1.802e-05 2.3009e-05 3.07406e-05 4.18978e-05 5.74152e-05 7.85153e-05 0.000106751 0.000144053 0.000192779 0.000255758 0.00033634 0.000438428 0.000566504 0.000725632 0.000921447 0.00116011 0.00144824 0.00179281 0.002201 0.00268003 0.00323696 0.00387845 0.00461047 0.00543809 0.00636514 0.00739394 0.0085251 0.00975723 0.0110867 0.0125078 0.0140122 0.0155893 0.0172262 0.0189079 0.0206173 0.0223357 0.0240433 0.0257189 0.0273414 0.028889 0.0303408 0.0316765 0.032877 0.033925 0.0348053 0.0355047 0.036013 0.0363225 0.0364287 0.0363301 0.0360281 0.0355273 0.0348353 0.0339624 0.0329216 0.0317281 0.0303994 0.0289542 0.0274128 0.0257963 0.0241261 0.0224236 0.0207095 0.0190038 0.0173251 0.0156903 0.0141145 0.0126105 0.0111889 0.00985788 0.00862343 0.00748912 0.00645642 0.00552482 0.00469211 0.00395456 0.00330725 0.00274431 0.00225921 0.00184502 0.0014946 0.00120087 0.000956922 0.000756199 0.000592576 0.000460439 0.000354731 0.000270964 0.000205218 0.000154116 0.000114797 8.4864e-05 6.23484e-05 4.56553e-05 3.35211e-05 2.49706e-05 1.92812e-05 1.59582e-05 
1.9684e-05 2.06217e-05 2.42487e-05 3.09162e-05 4.12316e-05 5.6093e-05 7.67267e-05 0.000104733 0.00014214 0.000191461 0.000255758 0.000338694 0.000444592 0.000578472 0.000746074 0.000953866 0.00120901 0.0015193 0.00189309 0.0023391 0.00286628 0.00348358 0.00419965 0.0050226 0.0059596 0.00701661 0.00819798 0.00950616 0.0109414 0.0125013 0.0141811 0.0159728 0.0178657 0.0198462 0.0218979 0.0240018 0.0261367 0.0282793 0.0304048 0.0324875 0.0345011 0.0364195 0.0382167 0.0398684 0.0413514 0.0426449 0.0437303 0.0445921 0.0452179 0.0455985 0.0457284 0.0456059 0.0452328 0.0446145 0.0437601 0.0426821 0.0413961 0.0399204 0.0382761 0.036486 0.0345746 0.0325677 0.0304914 0.0283718 0.0262347 0.0241046 0.0220048 0.0199563 0.0179781 0.0160865 0.0142951 0.0126146 0.0110528 0.00961485 0.00830296 0.00711705 0.00605477 0.0051119 0.00428263 0.00355991 0.00293582 0.0024018 0.00194907 0.00156878 0.00125229 0.00099134 0.000778187 0.000605705 0.000467446 0.00035767 0.000271343 0.000204119 0.000152297 0.000112776 8.29967e-05 6.08831e-05 4.47857e-05 3.34293e-05 2.58677e-05 2.14523e-05 
2.62734e-05 2.7532e-05 3.23477e-05 4.11799e-05 5.48217e-05 7.44435e-05 0.000101639 0.000138485 0.000187606 0.000252245 0.00033634 0.000444592 0.000582527 0.000756538 0.000973915 0.00124283 0.00157231 0.00197211 0.00245265 0.00302474 0.00369944 0.00448767 0.00539996 0.00644601 0.00763434 0.00897181 0.0104633 0.0121111 0.013915 0.0158714 0.0179734 0.0202108 0.0225697 0.0250328 0.0275795 0.030186 0.032826 0.0354709 0.0380904 0.0406532 0.0431274 0.0454811 0.0476836 0.0497053 0.0515187 0.0530988 0.0544236 0.0554747 0.0562372 0.0567004 0.0568579 0.0567074 0.0562512 0.0554957 0.0544518 0.0531342 0.0515615 0.0497555 0.0477414 0.0455465 0.0432003 0.0407336 0.0381781 0.0355656 0.0329273 0.0302933 0.0276922 0.0251501 0.0226906 0.0203343 0.0180984 0.0159966 0.0140393 0.0122333 0.0105823 0.0090865 0.00774379 0.00654944 0.00549671 0.00457725 0.00378154 0.00309923 0.00251952 0.00203154 0.00162456 0.00128831 0.00101308 0.000789905 0.000610654 0.000468048 0.000355685 0.000268018 0.000200311 0.000148582 0.000109537 8.04953e-05 5.93241e-05 4.43709e-05 3.44073e-05 2.85908e-05 
3.47661e-05 3.64395e-05 4.27766e-05 5.43733e-05 7.22555e-05 9.79344e-05 0.000133464 0.000181513 0.000245446 0.000329411 0.000438428 0.000578472 0.000756538 0.000980699 0.00126012 0.00160502 0.00202666 0.00253716 0.00314936 0.00387654 0.00473217 0.00572947 0.00688107 0.00819846 0.00969155 0.0113682 0.0132335 0.0152897 0.0175355 0.0199656 0.022571 0.025338 0.0282492 0.0312826 0.0344125 0.0376098 0.0408421 0.0440746 0.0472706 0.0503923 0.0534014 0.05626 0.0589315 0.0613807 0.0635751 0.0654854 0.0670857 0.0683543 0.0692739 0.0698319 0.0700208 0.069838 0.0692861 0.0683727 0.0671106 0.065517 0.0636136 0.0614264 0.0589847 0.056321 0.0534703 0.0504693 0.0473558 0.0441679 0.0409433 0.0377185 0.0345281 0.0314043 0.0283762 0.0254692 0.0227051 0.0201015 0.0176717 0.0154248 0.0133662 0.0114972 0.00981567 0.00831663 0.00699242 0.00583329 0.00482795 0.00396399 0.00322835 0.00260776 0.00208909 0.00165964 0.00130739 0.00102118 0.00079082 0.000607188 0.000462214 0.000348884 0.000261192 0.000194072 0.000143321 0.000105511 7.79081e-05 5.83889e-05 4.53736e-05 3.77771e-05 
4.56077e-05 4.78119e-05 5.60776e-05 7.11702e-05 9.44053e-05 0.000127716 0.000173726 0.000235834 0.000318315 0.000426425 0.000566504 0.000746074 0.000973915 0.00126012 0.00161608 0.00205451 0.00258927 0.00323527 0.00400817 0.00492413 0.00599936 0.0072497 0.00869008 0.0103339 0.0121926 0.0142748 0.016586 0.0191276 0.0218972 0.0248872 0.0280854 0.0314746 0.0350325 0.0387318 0.042541 0.0464242 0.0503423 0.0542534 0.0581134 0.0618774 0.0654999 0.0689362 0.0721432 0.0750797 0.0777078 0.0799933 0.0819063 0.0834214 0.0845189 0.0851841 0.0854084 0.0851888 0.0845283 0.0834358 0.0819259 0.0800186 0.0777392 0.0751177 0.0721883 0.068989 0.0655609 0.061947 0.058192 0.0543411 0.0504392 0.0465301 0.0426555 0.0388543 0.0351622 0.0316105 0.0282262 0.0250314 0.0220434 0.0192744 0.0167315 0.0144177 0.0123313 0.0104671 0.00881653 0.0073685 0.00610975 0.00502559 0.00410042 0.00331822 0.00266306 0.00211943 0.00167257 0.00130873 0.00101529 0.000780893 0.000595472 0.000450241 0.00033765 0.000251314 0.000185918 0.000137117 0.000101438 7.61785e-05 5.93229e-05 4.9487e-05 
5.93173e-05 6.21939e-05 7.28803e-05 9.23513e-05 0.000122279 0.000165114 0.000224175 0.000303755 0.000409236 0.000547217 0.000725632 0.000953866 0.00124283 0.00160502 0.00205451 0.00260688 0.00327909 0.00408926 0.00505633 0.00619972 0.00753876 0.00909215 0.0108774 0.0129099 0.0152024 0.0177645 0.0206015 0.0237139 0.0270972 0.0307413 0.0346301 0.0387415 0.0430478 0.0475155 0.052106 0.0567759 0.0614783 0.0661632 0.0707785 0.0752711 0.0795878 0.0836764 0.0874866 0.0909711 0.094086 0.0967921 0.0990549 0.100846 0.102142 0.102927 0.10319 0.102929 0.102147 0.100854 0.0990672 0.0968085 0.0941072 0.0909978 0.0875197 0.0837167 0.0796361 0.0753283 0.0708453 0.0662402 0.0615657 0.0568739 0.0522145 0.0476342 0.0431759 0.0388781 0.0347738 0.0308909 0.0272509 0.02387 0.0207582 0.01792 0.0153549 0.0130576 0.011019 0.0092263 0.00766439 0.00631605 0.00516283 0.00418566 0.00336537 0.00268324 0.00212132 0.00166283 0.00129228 0.000995681 0.000760581 0.000576075 0.000432761 0.000322662 0.000239119 0.000176674 0.000130951 9.85423e-05 7.69002e-05 6.42733e-05 
7.6491e-05 8.02106e-05 9.39063e-05 0.000118808 0.000157021 0.000211627 0.000286788 0.000387873 0.0005216 0.000696177 0.000921447 0.00120901 0.00157231 0.00202666 0.00258927 0.00327909 0.00411664 0.00512374 0.00632306 0.00773766 0.00939034 0.011303 0.0134956 0.0159859 0.018788 0.0219117 0.025362 0.0291381 0.0332329 0.0376325 0.0423163 0.0472566 0.052419 0.0577626 0.0632409 0.068802 0.0743902 0.0799465 0.0854097 0.0907181 0.0958099 0.100625 0.105106 0.109198 0.112852 0.116023 0.118672 0.120767 0.122281 0.123198 0.123504 0.123198 0.122282 0.120768 0.118674 0.116028 0.11286 0.10921 0.105123 0.100648 0.0958407 0.0907576 0.0854592 0.0800069 0.0744623 0.0688864 0.0633377 0.0578718 0.0525401 0.0473888 0.0424585 0.0377833 0.0333905 0.0293007 0.0255275 0.022078 0.0189529 0.0161475 0.0136519 0.0114524 0.00953149 0.0078694 0.00644458 0.00523451 0.00421644 0.00336796 0.0026675 0.00209472 0.00163083 0.00125875 0.000963217 0.000730822 0.000549962 0.000410758 0.000304941 0.000225716 0.000167622 0.000126394 9.88421e-05 8.27694e-05 
9.78023e-05 0.000102569 0.000119969 0.000151543 0.000199918 0.000268932 0.000363761 0.000491062 0.000659142 0.000878125 0.00116011 0.0015193 0.00197211 0.00253716 0.00323527 0.00408926 0.00512374 0.0063647 0.00783902 0.00957378 0.0115956 0.0139296 0.0165988 0.0196227 0.0230167 0.0267908 0.030949 0.0354883 0.0403984 0.045661 0.0512497 0.0571301 0.0632601 0.0695905 0.0760655 0.0826238 0.0891998 0.0957246 0.102128 0.108337 0.114283 0.119897 0.125113 0.129869 0.134112 0.137789 0.140858 0.143282 0.145035 0.146093 0.146447 0.14609 0.145029 0.143275 0.140848 0.137779 0.134102 0.129862 0.125109 0.119898 0.114291 0.108353 0.102154 0.0957623 0.0892502 0.0826879 0.0761441 0.0696838 0.0633681 0.0572521 0.0513849 0.0458079 0.0405554 0.0356533 0.0311198 0.026965 0.0231918 0.0197964 0.0167688 0.0140938 0.0117521 0.00972114 0.00797604 0.00649056 0.00523793 0.00419162 0.00332593 0.0026165 0.00204072 0.00157791 0.00120957 0.000919341 0.000693029 0.000518514 0.000385618 0.000285953 0.000212762 0.000160758 0.000125977 0.00010569 
0.000124001 0.000130054 0.000151972 0.000191665 0.000252383 0.000338868 0.000457495 0.000616449 0.000825915 0.00109827 0.00144824 0.00189309 0.00245265 0.00314936 0.00400817 0.00505633 0.00632306 0.00783902 0.00963569 0.0117446 0.0141964 0.0170198 0.0202405 0.0238799 0.0279544 0.0324735 0.0374398 0.0428474 0.0486817 0.0549189 0.0615258 0.0684602 0.0756711 0.0830997 0.0906799 0.09834 0.106004 0.113591 0.121022 0.128214 0.135088 0.141567 0.147577 0.153051 0.157925 0.162146 0.165665 0.168443 0.170449 0.17166 0.172063 0.171654 0.170436 0.168425 0.165642 0.162119 0.157896 0.153021 0.147549 0.141542 0.135068 0.128202 0.121019 0.1136 0.106026 0.0983771 0.0907333 0.0831702 0.0757591 0.0685654 0.0616476 0.0550561 0.0488327 0.0430101 0.0376118 0.0326521 0.0281368 0.0240635 0.0204224 0.0171975 0.0143676 0.0119074 0.00978838 0.0079804 0.00645231 0.00517301 0.00411219 0.00324095 0.0025323 0.00196151 0.00150627 0.00114685 0.000866043 0.000649092 0.000483583 0.000359253 0.000267812 0.000202762 0.000159223 0.00013383 
0.000155908 0.000163526 0.000190902 0.00024038 0.00031595 0.000423415 0.000570567 0.000767378 0.00102623 0.0013621 0.00179281 0.0023391 0.00302474 0.00387654 0.00492413 0.00619972 0.00773766 0.00957378 0.0117446 0.0142864 0.0172341 0.02062 0.0244725 0.0288146 0.0336631 0.0390268 0.0449057 0.0512903 0.0581605 0.065486 0.0732256 0.0813279 0.089732 0.098368 0.107159 0.116021 0.124867 0.133606 0.142145 0.150394 0.158263 0.165666 0.172522 0.178757 0.184302 0.189097 0.193091 0.196242 0.198514 0.199885 0.20034 0.199875 0.198494 0.196211 0.193053 0.189051 0.18425 0.178701 0.172465 0.16561 0.15821 0.150347 0.142107 0.133579 0.124854 0.116024 0.10718 0.0984083 0.0897925 0.0814091 0.073327 0.0656068 0.0582993 0.0514449 0.0450737 0.0392053 0.0338491 0.0290049 0.0246639 0.0208095 0.0174189 0.0144639 0.0119127 0.0097308 0.00788237 0.00633134 0.00504228 0.00398125 0.00311636 0.00241823 0.00186029 0.00141888 0.00107333 0.000805856 0.000601437 0.000447621 0.000334327 0.000253631 0.000199578 0.000168055 
0.000194404 0.000203909 0.000237812 0.000298974 0.000392245 0.000524671 0.000705688 0.000947348 0.00126456 0.00167534 0.002201 0.00286628 0.00369944 0.00473217 0.00599936 0.00753876 0.00939034 0.0115956 0.0141964 0.0172341 0.020748 0.0247739 0.0293427 0.0344788 0.0401987 0.0465096 0.0534082 0.0608801 0.0688988 0.077426 0.0864112 0.0957926 0.105498 0.115446 0.125546 0.135703 0.145818 0.155786 0.165506 0.174875 0.183795 0.192171 0.199915 0.206946 0.21319 0.218584 0.223071 0.226607 0.229156 0.230693 0.231201 0.230678 0.229127 0.226564 0.223016 0.218517 0.213114 0.206862 0.199826 0.19208 0.183704 0.174789 0.165427 0.155717 0.145763 0.135665 0.125527 0.115448 0.105523 0.095842 0.0864847 0.0775231 0.0690184 0.0610202 0.0535664 0.0466828 0.0403837 0.0346721 0.0295405 0.0249727 0.0209444 0.0174251 0.0143792 0.011768 0.00955061 0.00768569 0.00613224 0.00485073 0.00380383 0.00295698 0.00227876 0.0017411 0.00131938 0.000992319 0.00074191 0.000553173 0.00041395 0.000314666 0.00024811 0.000209297 
0.000240418 0.000252173 0.000293813 0.000368792 0.000482961 0.000644803 0.000865649 0.00115994 0.0015455 0.00204376 0.00268003 0.00348358 0.00448767 0.00572947 0.0072497 0.00909215 0.011303 0.0139296 0.0170198 0.02062 0.0247739 0.0295208 0.0348936 0.0409176 0.0476083 0.0549704 0.0629962 0.0716651 0.080943 0.0907822 0.101121 0.111887 0.122995 0.13435 0.145849 0.157384 0.168841 0.180106 0.191064 0.201604 0.211618 0.221003 0.229664 0.237515 0.244477 0.250483 0.255474 0.259403 0.262233 0.263938 0.264502 0.263919 0.262195 0.259347 0.255401 0.250394 0.244374 0.237401 0.229541 0.220874 0.211487 0.201475 0.19094 0.17999 0.168738 0.157298 0.145784 0.134308 0.122978 0.111897 0.101159 0.090848 0.081036 0.0717837 0.063138 0.0551324 0.0477871 0.0411092 0.035094 0.0297258 0.0249796 0.0208226 0.0172161 0.0141167 0.0114785 0.00925451 0.00739767 0.00586245 0.00460553 0.0035866 0.00276886 0.00211927 0.00160874 0.00121206 0.000907797 0.000678087 0.000508387 0.000387222 0.000305934 0.000258531 
0.000294906 0.00030932 0.000360041 0.000451207 0.000589819 0.000786001 0.00105325 0.00140873 0.00187355 0.00247304 0.00323696 0.00419965 0.00539996 0.00688107 0.00869008 0.0108774 0.0134956 0.0165988 0.0202405 0.0244725 0.0293427 0.0348936 0.0411599 0.0481667 0.0559279 0.0644443 0.0737028 0.0836754 0.0943187 0.105574 0.117369 0.129616 0.142217 0.155063 0.168037 0.181017 0.193876 0.206489 0.218729 0.230474 0.241609 0.252024 0.261618 0.270298 0.277985 0.284606 0.290103 0.294426 0.297537 0.29941 0.300028 0.299387 0.297491 0.294357 0.290012 0.284496 0.277856 0.270154 0.26146 0.251857 0.241436 0.230299 0.218556 0.206323 0.193722 0.180878 0.167919 0.154969 0.14215 0.129579 0.117363 0.105601 0.0943775 0.0837651 0.0738213 0.0645886 0.0560945 0.0483515 0.0413584 0.0351011 0.0295546 0.0246845 0.0204486 0.0167994 0.0136859 0.0110549 0.00885325 0.00702882 0.00553182 0.00431565 0.00333756 0.00255901 0.00194591 0.00146864 0.0011019 0.000824553 0.000619362 0.000472679 0.000374194 0.000316762 
0.000358827 0.000376353 0.000437631 0.000547584 0.000714515 0.000950413 0.00127123 0.00169717 0.00225307 0.00296857 0.00387845 0.0050226 0.00644601 0.00819846 0.0103339 0.0129099 0.0159859 0.0196227 0.0238799 0.0288146 0.0344788 0.0409176 0.0481667 0.0562505 0.0651798 0.0749507 0.0855432 0.0969203 0.109028 0.121795 0.135136 0.148948 0.16312 0.177526 0.192036 0.206512 0.220817 0.23481 0.248356 0.261324 0.27359 0.285039 0.295564 0.30507 0.313475 0.320704 0.326698 0.331408 0.334794 0.336832 0.337503 0.336804 0.334739 0.331326 0.326591 0.320572 0.31332 0.304896 0.295372 0.284833 0.273374 0.261102 0.248133 0.23459 0.220606 0.206317 0.19186 0.177375 0.162997 0.148858 0.13508 0.121775 0.109045 0.0969737 0.0856312 0.0750706 0.065328 0.0564227 0.0483582 0.0411233 0.0346934 0.0290331 0.0240976 0.0198353 0.0161898 0.013102 0.0105121 0.00836109 0.00659221 0.00515207 0.00399141 0.00306565 0.00233519 0.00176547 0.00132691 0.000994712 0.000748571 0.000572402 0.000454027 0.000384995 
0.000433114 0.000454244 0.000527684 0.000659236 0.000858672 0.00114007 0.00152213 0.00202848 0.00268804 0.0035353 0.00461047 0.0059596 0.00763434 0.00969155 0.0121926 0.0152024 0.018788 0.0230167 0.0279544 0.0336631 0.0401987 0.0476083 0.0559279 0.0651798 0.075371 0.0864913 0.0985121 0.111386 0.125047 0.13941 0.154374 0.169822 0.185625 0.201643 0.217731 0.233736 0.249507 0.264894 0.279751 0.293939 0.307327 0.319795 0.331234 0.341547 0.350649 0.358466 0.36494 0.370021 0.373672 0.375866 0.376589 0.375835 0.37361 0.369928 0.364818 0.358316 0.350471 0.341345 0.33101 0.319552 0.307069 0.293671 0.279478 0.264621 0.24924 0.233481 0.217493 0.20143 0.18544 0.169671 0.15426 0.139336 0.125015 0.111396 0.0985623 0.0865796 0.0754941 0.0653334 0.0561069 0.0478073 0.0404119 0.0338847 0.028179 0.0232392 0.0190041 0.0154083 0.0123853 0.00986894 0.00779502 0.00610288 0.00473627 0.00364402 0.0027805 0.00210573 0.00158539 0.00119058 0.000897624 0.000687699 0.000546531 0.000464204 
0.00051864 0.000543907 0.000631222 0.000787373 0.00102377 0.00135682 0.00180825 0.00240549 0.00318197 0.00417743 0.00543809 0.00701661 0.00897181 0.0113682 0.0142748 0.0177645 0.0219117 0.0267908 0.0324735 0.0390268 0.0465096 0.0549704 0.0644443 0.0749507 0.0864913 0.0990479 0.112582 0.127034 0.142324 0.158352 0.175001 0.192137 0.209615 0.227278 0.244964 0.262509 0.279749 0.296522 0.312673 0.328057 0.342539 0.355994 0.368312 0.379395 0.38916 0.397534 0.404459 0.409889 0.413787 0.416128 0.416899 0.416094 0.413719 0.409787 0.404325 0.397367 0.388962 0.379169 0.368059 0.355717 0.342242 0.327745 0.312351 0.296195 0.279424 0.262193 0.244664 0.226999 0.209365 0.191922 0.174825 0.15822 0.142237 0.126993 0.112587 0.0990978 0.0865827 0.0750795 0.0646052 0.0551576 0.0467169 0.0392478 0.032702 0.0270209 0.0221382 0.0179828 0.0144813 0.0115599 0.0091469 0.00717386 0.00557705 0.00429824 0.00328524 0.0024922 0.00187955 0.00141396 0.00106798 0.00081977 0.000652722 0.000555297 
0.000616181 0.000646147 0.000749144 0.00093305 0.00121108 0.0016022 0.0021315 0.00283051 0.00373761 0.00489827 0.00636514 0.00819798 0.0104633 0.0132335 0.016586 0.0206015 0.025362 0.030949 0.0374398 0.0449057 0.0534082 0.0629962 0.0737028 0.0855432 0.0985121 0.112582 0.127703 0.143801 0.160782 0.178528 0.196906 0.215763 0.234937 0.254255 0.27354 0.292614 0.311301 0.329429 0.346837 0.363374 0.3789 0.393291 0.406437 0.41824 0.42862 0.437507 0.444847 0.450594 0.454717 0.457193 0.458007 0.457157 0.454645 0.450486 0.444703 0.437328 0.428407 0.417994 0.40616 0.392986 0.378569 0.363022 0.34647 0.329052 0.310921 0.292239 0.273177 0.253911 0.23462 0.21548 0.196663 0.178331 0.160633 0.143704 0.127657 0.112587 0.0985653 0.0856409 0.0738397 0.0631662 0.0536049 0.045122 0.0376687 0.0311838 0.0255967 0.0208306 0.0168051 0.0134389 0.0106525 0.00836916 0.00651742 0.00503146 0.0038521 0.0029271 0.00221127 0.00166638 0.00126089 0.00096965 0.00077349 0.000659079 
0.000726374 0.000761628 0.000882182 0.00109711 0.00142159 0.00187741 0.00249327 0.0033052 0.0043569 0.00569996 0.00739394 0.00950616 0.0121111 0.0152897 0.0191276 0.0237139 0.0291381 0.0354883 0.0428474 0.0512903 0.0608801 0.0716651 0.0836754 0.0969203 0.111386 0.127034 0.143801 0.161599 0.180315 0.199814 0.219944 0.240535 0.261406 0.282368 0.30323 0.323799 0.343889 0.36332 0.381926 0.399551 0.416056 0.431315 0.44522 0.457679 0.468613 0.47796 0.485667 0.491696 0.496017 0.49861 0.499463 0.498573 0.495943 0.491585 0.485519 0.477774 0.46839 0.457419 0.444925 0.430987 0.415697 0.399167 0.38152 0.362899 0.343458 0.323367 0.302805 0.28196 0.261021 0.240183 0.219632 0.199548 0.1801 0.161439 0.143699 0.126988 0.111395 0.0969807 0.0837824 0.0718126 0.0610612 0.0514974 0.043073 0.0357248 0.0293785 0.023952 0.019358 0.0155079 0.0123139 0.00969103 0.00755955 0.00584571 0.00448287 0.003412 0.00258186 0.00194896 0.00147731 0.00113816 0.00090955 0.000776204 
0.000849677 0.000890823 0.00103085 0.00128011 0.00165595 0.00218317 0.00289437 0.00383041 0.00504067 0.00658329 0.0085251 0.0109414 0.013915 0.0175355 0.0218972 0.0270972 0.0332329 0.0403984 0.0486817 0.0581605 0.0688988 0.080943 0.0943187 0.109028 0.125047 0.142324 0.160782 0.180315 0.200792 0.222059 0.243945 0.266261 0.288808 0.311381 0.333774 0.355782 0.377211 0.397874 0.417599 0.43623 0.453627 0.46967 0.484253 0.49729 0.508709 0.518451 0.526473 0.53274 0.537228 0.53992 0.540806 0.539883 0.537155 0.53263 0.526324 0.518264 0.508482 0.497024 0.483949 0.469328 0.45325 0.43582 0.417161 0.397414 0.376736 0.3553 0.333293 0.310911 0.288358 0.26584 0.243563 0.221723 0.200508 0.180089 0.160618 0.142222 0.125006 0.109045 0.0943903 0.0810627 0.0690594 0.0583541 0.0489 0.0406332 0.0334763 0.0273421 0.0221371 0.0177653 0.0141305 0.0111395 0.00870387 0.00674161 0.00517829 0.00394767 0.00299207 0.00226237 0.00171784 0.00132583 0.00106139 0.000907137 
0.000986327 0.00103397 0.00119538 0.00148231 0.00191438 0.00251964 0.00333487 0.00440604 0.00578857 0.00754747 0.00975723 0.0125013 0.0158714 0.0199656 0.0248872 0.0307413 0.0376325 0.045661 0.0549189 0.065486 0.077426 0.0907822 0.105574 0.121795 0.13941 0.158352 0.178528 0.199814 0.222059 0.24509 0.268715 0.292726 0.316906 0.341035 0.364893 0.388265 0.410947 0.43275 0.453498 0.473036 0.491228 0.507957 0.523125 0.536653 0.548475 0.558544 0.566821 0.573279 0.577899 0.580669 0.581581 0.580634 0.577829 0.573172 0.566677 0.558361 0.548252 0.536388 0.522819 0.507609 0.49084 0.47261 0.453037 0.43226 0.410436 0.387739 0.364361 0.340508 0.316394 0.292238 0.268263 0.244683 0.221705 0.19952 0.178299 0.15819 0.139314 0.121765 0.105605 0.090869 0.0775613 0.0656616 0.055126 0.0458907 0.037876 0.0309906 0.0251349 0.0202057 0.0160987 0.0127121 0.0099488 0.00771825 0.00593786 0.00453389 0.00344187 0.00260671 0.00198264 0.00153287 0.00122925 0.00105211 
0.0011363 0.00119105 0.00137571 0.00170354 0.00219661 0.00288637 0.00381404 0.00503096 0.0065989 0.00859002 0.0110867 0.0141811 0.0179734 0.022571 0.0280854 0.0346301 0.0423163 0.0512497 0.0615258 0.0732256 0.0864112 0.101121 0.117369 0.135136 0.154374 0.175001 0.196906 0.219944 0.243945 0.268715 0.294041 0.319697 0.345447 0.371057 0.396295 0.420936 0.44477 0.467604 0.489264 0.509598 0.528473 0.545781 0.561431 0.575354 0.587495 0.597814 0.606283 0.612881 0.617598 0.620424 0.621356 0.620392 0.617533 0.612782 0.606148 0.597641 0.587282 0.575099 0.561132 0.545437 0.528085 0.509166 0.488792 0.467095 0.44423 0.420374 0.395719 0.370479 0.344877 0.319146 0.293522 0.268238 0.24352 0.21958 0.196608 0.174775 0.154219 0.135053 0.117355 0.101171 0.0865167 0.073379 0.0617179 0.0514708 0.042557 0.0348813 0.028339 0.0228197 0.0182114 0.0144037 0.0112906 0.00877298 0.00675977 0.00516944 0.00393044 0.00298146 0.0022714 0.0017591 0.00141301 0.00121107 
0.00129928 0.00136171 0.00157143 0.00194326 0.00250184 0.00328222 0.00433025 0.0057029 0.00746848 0.00970661 0.0125078 0.0159728 0.0202108 0.025338 0.0314746 0.0387415 0.0472566 0.0571301 0.0684602 0.0813279 0.0957926 0.111887 0.129616 0.148948 0.169822 0.192137 0.215763 0.240535 0.266261 0.292726 0.319697 0.346927 0.374167 0.401166 0.427681 0.45348 0.47835 0.502096 0.524546 0.545553 0.564993 0.582764 0.598789 0.613007 0.625376 0.635868 0.644462 0.65115 0.655925 0.658785 0.659729 0.658757 0.655868 0.651063 0.644342 0.635712 0.625181 0.61277 0.598506 0.582434 0.564614 0.545126 0.524072 0.501578 0.477794 0.452893 0.427071 0.400545 0.373546 0.346319 0.319115 0.292182 0.265767 0.240101 0.215397 0.191845 0.169606 0.14881 0.129553 0.111895 0.0958644 0.0814552 0.0686335 0.0573393 0.0474914 0.0389921 0.0317318 0.0255937 0.0204581 0.0162063 0.0127233 0.00990133 0.00764072 0.00585192 0.00445608 0.00338541 0.00258326 0.0020039 0.00161224 0.00138367 
0.00147463 0.00154528 0.00178173 0.00220043 0.00282868 0.00370531 0.00488095 0.00641837 0.00839265 0.010891 0.0140122 0.0178657 0.0225697 0.0282492 0.0350325 0.0430478 0.052419 0.0632601 0.0756711 0.089732 0.105498 0.122995 0.142217 0.16312 0.185625 0.209615 0.234937 0.261406 0.288808 0.316906 0.345447 0.374167 0.402798 0.431079 0.458756 0.485592 0.511371 0.535899 0.55901 0.580562 0.600441 0.618558 0.634846 0.649259 0.661766 0.672351 0.681006 0.687731 0.692527 0.695399 0.696349 0.695377 0.692481 0.687659 0.680905 0.672217 0.661595 0.649047 0.634588 0.618251 0.600082 0.580149 0.558544 0.535383 0.510808 0.484989 0.458122 0.430424 0.402135 0.373509 0.344808 0.3163 0.288248 0.260904 0.234502 0.209256 0.185346 0.162924 0.142102 0.122958 0.105532 0.0898295 0.0758222 0.0634542 0.0526451 0.0432953 0.0352912 0.0285101 0.022825 0.018109 0.0142386 0.011097 0.00857592 0.00657776 0.00501613 0.0038166 0.00291677 0.00226621 0.00182609 0.00156922 
0.00166136 0.00174073 0.0020054 0.00247351 0.00317516 0.004153 0.00546259 0.00717266 0.00936516 0.012135 0.0155893 0.0198462 0.0250328 0.0312826 0.0387318 0.0475155 0.0577626 0.0695905 0.0830997 0.098368 0.115446 0.13435 0.155063 0.177526 0.201643 0.227278 0.254255 0.282368 0.311381 0.341035 0.371057 0.401166 0.431079 0.460522 0.489236 0.516978 0.543532 0.568708 0.592346 0.614313 0.634508 0.652852 0.669294 0.683802 0.696358 0.70696 0.715613 0.722325 0.727107 0.729969 0.730917 0.729952 0.727073 0.722271 0.715535 0.706854 0.696218 0.683622 0.66907 0.652577 0.634178 0.613926 0.5919 0.568205 0.542974 0.516371 0.488587 0.459844 0.430382 0.400465 0.370368 0.340372 0.310759 0.281801 0.253754 0.226853 0.201302 0.177271 0.154894 0.134266 0.11544 0.0984328 0.0832255 0.0697665 0.0579773 0.0477574 0.0389899 0.0315469 0.0252946 0.0200982 0.0158257 0.0123516 0.00955902 0.00734213 0.00560696 0.0042723 0.00326989 0.00254444 0.00205333 0.00176667 
0.00185814 0.00194664 0.00224081 0.00276051 0.00353867 0.00462186 0.00607067 0.00795985 0.0103783 0.0134286 0.0172262 0.0218979 0.0275795 0.0344125 0.042541 0.052106 0.0632409 0.0760655 0.0906799 0.107159 0.125546 0.145849 0.168037 0.192036 0.217731 0.244964 0.27354 0.30323 0.333774 0.364893 0.396295 0.427681 0.458756 0.489236 0.518854 0.547367 0.574561 0.60025 0.624282 0.646537 0.666924 0.685381 0.701872 0.716379 0.728901 0.739448 0.748038 0.75469 0.759425 0.762257 0.763197 0.762248 0.759405 0.754657 0.747987 0.739374 0.728797 0.716238 0.701687 0.685146 0.666632 0.646184 0.623866 0.59977 0.574018 0.546767 0.518202 0.488543 0.458035 0.426946 0.395562 0.364179 0.333094 0.302601 0.272976 0.244475 0.217326 0.191721 0.167813 0.145716 0.125498 0.107188 0.0907779 0.0762208 0.0634416 0.0523399 0.0427964 0.0346785 0.0278463 0.0221574 0.0174717 0.013655 0.0105822 0.00813902 0.00622399 0.00474902 0.00363996 0.00283655 0.00229231 0.00197458 
0.00206328 0.00216126 0.00248593 0.00305892 0.003916 0.00510774 0.00669975 0.00877282 0.0114228 0.0147599 0.0189079 0.0240018 0.030186 0.0376098 0.0464242 0.0567759 0.068802 0.0826238 0.09834 0.116021 0.135703 0.157384 0.181017 0.206512 0.233736 0.262509 0.292614 0.323799 0.355782 0.388265 0.420936 0.45348 0.485592 0.516978 0.547367 0.576517 0.604216 0.630285 0.654583 0.677002 0.697467 0.71593 0.732372 0.74679 0.759201 0.769627 0.7781 0.784651 0.789308 0.792092 0.793018 0.792091 0.789303 0.78464 0.778078 0.769587 0.759136 0.746693 0.732233 0.715742 0.697221 0.676693 0.654206 0.629838 0.603698 0.575933 0.546723 0.516282 0.484857 0.452721 0.420168 0.387507 0.355052 0.323113 0.29199 0.261959 0.23327 0.206138 0.180738 0.1572 0.135611 0.116014 0.0984081 0.0827563 0.0689866 0.0569999 0.0466751 0.0378757 0.0304563 0.0242675 0.0191614 0.0149954 0.0116361 0.00896125 0.00686168 0.00524254 0.00402371 0.00313997 0.00254094 0.00219118 
0.00227475 0.00238246 0.00273833 0.00336576 0.00430339 0.00560576 0.00734349 0.00960338 0.0124881 0.0161155 0.0206173 0.0261367 0.032826 0.0408421 0.0503423 0.0614783 0.0743902 0.0891998 0.106004 0.124867 0.145818 0.168841 0.193876 0.220817 0.249507 0.279749 0.311301 0.343889 0.377211 0.410947 0.44477 0.47835 0.511371 0.543532 0.574561 0.604216 0.63229 0.658614 0.683058 0.705528 0.725963 0.744335 0.760639 0.774892 0.787122 0.797371 0.80568 0.812092 0.816645 0.819366 0.820274 0.819373 0.816657 0.812105 0.805689 0.797368 0.7871 0.774841 0.760551 0.744199 0.72577 0.705269 0.682728 0.658208 0.631807 0.603657 0.573932 0.542842 0.51063 0.477574 0.443976 0.410154 0.376436 0.343152 0.31062 0.27914 0.248982 0.220385 0.193543 0.168607 0.145681 0.124821 0.10604 0.0893078 0.074557 0.0616906 0.0505869 0.0411064 0.0330985 0.0264074 0.0208778 0.0163593 0.0127103 0.00980056 0.00751365 0.00574791 0.00441731 0.0034517 0.00279677 0.00241432 
0.00249022 0.00260778 0.0029952 0.00367764 0.00469656 0.00611041 0.00799479 0.0104424 0.0135626 0.0174806 0.0223357 0.0282793 0.0354709 0.0440746 0.0542534 0.0661632 0.0799465 0.0957246 0.113591 0.133606 0.155786 0.180106 0.206489 0.23481 0.264894 0.296522 0.329429 0.36332 0.397874 0.43275 0.467604 0.502096 0.535899 0.568708 0.60025 0.630285 0.658614 0.685077 0.709558 0.731977 0.75229 0.770486 0.786577 0.800595 0.812589 0.822611 0.830717 0.836961 0.841388 0.844033 0.844918 0.844049 0.841417 0.836998 0.830758 0.822647 0.812611 0.800594 0.786541 0.770405 0.752153 0.731774 0.709281 0.68472 0.658173 0.629761 0.599646 0.568032 0.535162 0.501313 0.466792 0.431927 0.397062 0.36254 0.328698 0.295859 0.264314 0.234323 0.206102 0.179822 0.155605 0.133521 0.113596 0.0958069 0.080094 0.0663624 0.0544903 0.0443359 0.0357443 0.0285538 0.0226023 0.0177317 0.0137928 0.0106477 0.00817273 0.00625958 0.00481643 0.00376828 0.00305698 0.00264154 
0.00270706 0.00283449 0.00325345 0.00399079 0.00509076 0.00661565 0.00864589 0.0112799 0.0146335 0.018839 0.0240433 0.0304048 0.0380904 0.0472706 0.0581134 0.0707785 0.0854097 0.102128 0.121022 0.142145 0.165506 0.191064 0.218729 0.248356 0.279751 0.312673 0.346837 0.381926 0.417599 0.453498 0.489264 0.524546 0.55901 0.592346 0.624282 0.654583 0.683058 0.709558 0.73398 0.75626 0.776372 0.79432 0.810135 0.823867 0.835577 0.845335 0.853208 0.85926 0.863545 0.866105 0.866963 0.866128 0.86359 0.859321 0.85328 0.845409 0.835645 0.823916 0.810154 0.794297 0.776294 0.756116 0.733759 0.709253 0.682664 0.654099 0.62371 0.591692 0.558284 0.523763 0.488441 0.452654 0.416756 0.381107 0.346062 0.311961 0.279119 0.247817 0.218291 0.190733 0.165281 0.142023 0.120994 0.102184 0.0855371 0.0709635 0.0583415 0.0475277 0.0383635 0.0306821 0.0243148 0.0190968 0.0148711 0.0114928 0.00883112 0.00677144 0.0052163 0.00408593 0.00331841 0.00287008 
