2.3262e-06 2.41568e-06 2.80243e-06 3.52263e-06 4.63945e-06 6.24688e-06 8.47377e-06 1.1489e-05 1.55074e-05 2.07967e-05 2.76848e-05 3.65671e-05 4.79141e-05 6.22779e-05 8.02973e-05 0.000102702 0.000130311 0.000164036 0.000204867 0.000253867 0.000312156 0.000380885 0.000461212 0.000554271 0.000661127 0.000782745 0.000919933 0.0010733 0.00124322 0.00142977 0.00163268 0.00185134 0.00208474 0.00233144 0.00258962 0.00285703 0.00313105 0.00340869 0.00368668 0.00396152 0.00422951 0.00448688 0.00472986 0.00495475 0.00515805 0.00533649 0.00548717 0.00560757 0.00569569 0.00575003 0.00576968 0.0057543 0.00570418 0.00562018 0.00550373 0.00535681 0.00518188 0.00498181 0.00475981 0.00451937 0.00426417 0.00399796 0.00372449 0.00344746 0.00317037 0.00289651 0.00262887 0.0023701 0.00212247 0.00188785 0.0016677 0.00146308 0.00127464 0.00110268 0.000947177 0.0008078 0.000683978 0.000574937 0.000479746 0.000397367 0.000326689 0.000266574 0.000215882 0.000173503 0.000138378 0.000109515 8.60026e-05 6.70131e-05 5.18093e-05 3.97423e-05 3.02491e-05 2.28477e-05 1.71309e-05 1.27591e-05 9.45346e-06 6.98857e-06 5.18561e-06 3.90644e-06 3.04841e-06 2.54108e-06 
2.41568e-06 2.50929e-06 2.91254e-06 3.66325e-06 4.82741e-06 6.50319e-06 8.8252e-06 1.19698e-05 1.61614e-05 2.16797e-05 2.88671e-05 3.81365e-05 4.99794e-05 6.49719e-05 8.3781e-05 0.000107168 0.000135988 0.000171191 0.00021381 0.000264952 0.000325784 0.000397503 0.000481316 0.000578399 0.00068986 0.000816697 0.000959748 0.00111964 0.00129676 0.00149117 0.00170259 0.00193037 0.00217345 0.00243035 0.00269913 0.00297746 0.00326261 0.00355148 0.00384067 0.00412651 0.00440518 0.00467277 0.00492535 0.0051591 0.00537037 0.00555578 0.00571231 0.00583738 0.0059289 0.00598531 0.00600567 0.00598965 0.00593752 0.00585019 0.00572914 0.00557643 0.00539458 0.0051866 0.0049558 0.00470582 0.00444046 0.00416361 0.00387918 0.00359099 0.00330271 0.00301773 0.00273919 0.00246983 0.00221201 0.0019677 0.00173842 0.00152526 0.00132894 0.00114975 0.000987689 0.000842409 0.000713323 0.000599631 0.000500368 0.000414456 0.00034074 0.000278035 0.000225156 0.000180947 0.000144305 0.000114196 8.96678e-05 6.98594e-05 5.40011e-05 4.14158e-05 3.15161e-05 2.37989e-05 1.78391e-05 1.32825e-05 9.83786e-06 7.26991e-06 5.39203e-06 4.06005e-06 3.16685e-06 2.63894e-06 
2.80243e-06 2.91254e-06 3.3811e-06 4.25179e-06 5.60072e-06 7.54101e-06 1.02275e-05 1.38631e-05 1.87053e-05 2.50749e-05 3.3364e-05 4.4045e-05 5.76788e-05 7.49225e-05 9.65351e-05 0.000123381 0.000156432 0.00019676 0.000245534 0.000304001 0.000373471 0.000455288 0.000550799 0.000661314 0.000788061 0.000932138 0.00109446 0.00127571 0.00147627 0.00169618 0.0019351 0.00219226 0.00246643 0.00275591 0.00305851 0.00337159 0.00369208 0.00401648 0.00434099 0.00466152 0.00497381 0.00527347 0.00555617 0.00581765 0.00605385 0.00626105 0.00643589 0.00657552 0.00667762 0.00674048 0.00676307 0.00674501 0.00668662 0.00658888 0.00645347 0.00628263 0.00607918 0.00584643 0.00558808 0.00530815 0.00501086 0.00470054 0.00438155 0.00405816 0.00373444 0.00341422 0.00310099 0.00279785 0.00250748 0.00223208 0.0019734 0.0017327 0.00151081 0.0013081 0.00112458 0.000959919 0.000813467 0.000684355 0.00057152 0.000473765 0.000389807 0.000318321 0.00025798 0.000207484 0.000165592 0.000131137 0.000103045 8.03375e-05 6.21429e-05 4.76916e-05 3.6315e-05 2.74397e-05 2.05805e-05 1.53325e-05 1.13628e-05 8.40167e-06 6.23528e-06 4.69819e-06 3.66744e-06 3.05865e-06 
3.52263e-06 3.66325e-06 4.25179e-06 5.34252e-06 7.02975e-06 9.4534e-06 1.28048e-05 1.73338e-05 2.33575e-05 3.12697e-05 4.15509e-05 5.47784e-05 7.16362e-05 9.29237e-05 0.000119562 0.000152596 0.000193199 0.00024266 0.000302379 0.000373847 0.000458623 0.000558299 0.000674463 0.00080865 0.000962292 0.00113666 0.00133278 0.00155142 0.00179297 0.00205743 0.0023443 0.00265262 0.00298086 0.00332694 0.00368823 0.00406155 0.00444322 0.0048291 0.00521467 0.00559511 0.00596539 0.00632038 0.00665497 0.0069642 0.00724333 0.007488 0.00769433 0.00785897 0.00797926 0.00805321 0.00807962 0.00805804 0.00798886 0.00787323 0.00771309 0.00751106 0.00727042 0.00699503 0.00668921 0.00635765 0.00600529 0.00563722 0.00525855 0.0048743 0.00448928 0.00410803 0.00373468 0.00337294 0.00302602 0.00269657 0.0023867 0.00209799 0.00183147 0.00158764 0.00136658 0.00116793 0.00099099 0.000834764 0.000698026 0.000579381 0.000477325 0.000390296 0.000316722 0.000255058 0.000203823 0.00016162 0.000127158 9.92621e-05 7.6877e-05 5.90718e-05 4.50351e-05 3.40694e-05 2.55834e-05 1.90824e-05 1.41589e-05 1.04822e-05 7.78977e-06 5.87807e-06 4.5958e-06 3.83905e-06 
4.63945e-06 4.82741e-06 5.60072e-06 7.02975e-06 9.23642e-06 1.24013e-05 1.67707e-05 2.26658e-05 3.04932e-05 4.07566e-05 5.4069e-05 7.11652e-05 9.29133e-05 0.000120324 0.00015456 0.000196936 0.000248919 0.000312121 0.000388283 0.000479252 0.000586948 0.000713327 0.000860325 0.0010298 0.00122348 0.00144286 0.00168915 0.00196321 0.00226544 0.00259573 0.0029534 0.00333715 0.00374501 0.00417434 0.00462185 0.00508356 0.00555493 0.00603084 0.00650576 0.00697378 0.00742877 0.0078645 0.00827479 0.00865362 0.00899528 0.00929453 0.00954667 0.00974773 0.00989446 0.00998452 0.0100164 0.00998973 0.00990483 0.00976315 0.00956699 0.00931952 0.0090247 0.00868716 0.00831211 0.00790521 0.00747246 0.00702002 0.00655408 0.00608078 0.00560598 0.00513526 0.0046737 0.00422589 0.0037958 0.00338677 0.00300148 0.00264192 0.00230945 0.00200479 0.00172811 0.00147906 0.00125683 0.00106028 0.000887939 0.000738134 0.000609044 0.000498763 0.000405363 0.000326942 0.000261668 0.000207805 0.000163744 0.000128015 9.92943e-05 7.64108e-05 5.83402e-05 4.41998e-05 3.32393e-05 2.48296e-05 1.8451e-05 1.36812e-05 1.01841e-05 7.69889e-06 6.03126e-06 5.04781e-06 
6.24688e-06 6.50319e-06 7.54101e-06 9.4534e-06 1.24013e-05 1.66224e-05 2.24405e-05 3.02769e-05 4.06634e-05 5.42575e-05 7.18572e-05 9.44162e-05 0.000123058 0.000159088 0.000204 0.000259479 0.0003274 0.000409814 0.000508926 0.000627068 0.000766652 0.000930118 0.00111987 0.0013382 0.00158721 0.00186871 0.00218412 0.00253442 0.00291999 0.00334057 0.00379518 0.00428207 0.00479866 0.00534153 0.00590646 0.00648842 0.00708165 0.00767975 0.00827578 0.0088624 0.009432 0.00997689 0.0104894 0.0109622 0.0113882 0.011761 0.0120749 0.0123249 0.0125073 0.012619 0.0126583 0.0126246 0.0125185 0.0123417 0.012097 0.0117882 0.0114203 0.0109989 0.0105304 0.0100217 0.00948022 0.00891359 0.00832946 0.00773542 0.00713879 0.00654651 0.00596498 0.00539996 0.00485648 0.00433882 0.00385041 0.00339387 0.00297101 0.00258285 0.00222971 0.00191126 0.0016266 0.00137436 0.00115278 0.000959813 0.000793217 0.000650628 0.000529638 0.000427862 0.000342988 0.000272822 0.000215319 0.000168603 0.000130983 0.000100955 7.72002e-05 5.85796e-05 4.41219e-05 3.30106e-05 2.45697e-05 1.82487e-05 1.36084e-05 1.03075e-05 8.09149e-06 6.78551e-06 
8.47377e-06 8.8252e-06 1.02275e-05 1.28048e-05 1.67707e-05 2.24405e-05 3.02428e-05 4.07337e-05 5.46141e-05 7.27479e-05 9.61813e-05 0.000126161 0.000164151 0.000211847 0.000271184 0.000344337 0.000433716 0.000541949 0.00067185 0.000826379 0.00100858 0.00122153 0.00146822 0.0017515 0.00207394 0.00243772 0.00284454 0.00329547 0.00379086 0.00433022 0.00491216 0.00553429 0.00619322 0.00688451 0.00760271 0.00834138 0.00909322 0.00985015 0.0106034 0.0113438 0.0120619 0.012748 0.0133927 0.0139868 0.0145217 0.0149894 0.0153828 0.015696 0.0159241 0.0160637 0.0161125 0.0160698 0.0159364 0.0157142 0.0154068 0.015019 0.0145567 0.0140269 0.0134376 0.0127973 0.0121151 0.0114005 0.0106631 0.00991227 0.00915727 0.00840678 0.00766889 0.00695091 0.00625926 0.00559942 0.00497586 0.00439201 0.00385029 0.00335217 0.00289818 0.00248804 0.00212075 0.00179468 0.0015077 0.00125732 0.00104075 0.000855034 0.000697153 0.000564094 0.000452923 0.000360846 0.000285245 0.000223714 0.000174073 0.000134378 0.00010292 7.82183e-05 5.90061e-05 4.42164e-05 3.29634e-05 2.45243e-05 1.83211e-05 1.39041e-05 1.09373e-05 9.18991e-06 
1.1489e-05 1.19698e-05 1.38631e-05 1.73338e-05 2.26658e-05 3.02769e-05 4.07337e-05 5.47703e-05 7.33096e-05 9.74865e-05 0.000128671 0.000168493 0.000218858 0.000281969 0.00036033 0.000456747 0.000574318 0.000716405 0.000886597 0.00108865 0.00132641 0.00160373 0.00192435 0.00229179 0.00270919 0.00317918 0.00370374 0.00428407 0.00492039 0.00561191 0.00635664 0.00715139 0.00799168 0.00887173 0.00978454 0.0107219 0.0116745 0.0126322 0.0135839 0.0145182 0.0154232 0.0162869 0.0170977 0.0178441 0.0185154 0.0191019 0.019595 0.0199872 0.0202726 0.0204469 0.0205075 0.0204535 0.0202857 0.0200067 0.0196208 0.0191339 0.0185532 0.0178875 0.0171464 0.0163406 0.0154814 0.0145805 0.0136498 0.0127011 0.0117459 0.0107952 0.00985908 0.0089469 0.00806684 0.00722592 0.00642993 0.00568338 0.00498951 0.00435035 0.00376678 0.00323862 0.00276476 0.00234331 0.0019717 0.00164686 0.00136535 0.0011235 0.000917514 0.000743583 0.000597993 0.000477183 0.000377808 0.000296778 0.000231288 0.000178826 0.000137176 0.000104415 7.8891e-05 5.92103e-05 4.42125e-05 3.29487e-05 2.46586e-05 1.87497e-05 1.47789e-05 1.24413e-05 
1.55074e-05 1.61614e-05 1.87053e-05 2.33575e-05 3.04932e-05 4.06634e-05 5.46141e-05 7.33096e-05 9.79598e-05 0.000130048 0.000171362 0.00022402 0.000290494 0.00037363 0.000476655 0.000603172 0.000757143 0.000942853 0.00116485 0.00142788 0.00173678 0.00209636 0.00251124 0.00298576 0.00352372 0.00412828 0.00480173 0.00554531 0.0063591 0.00724182 0.00819071 0.00920151 0.0102684 0.0113838 0.0125388 0.013723 0.0149247 0.016131 0.0173281 0.0185018 0.0196372 0.0207197 0.0217346 0.0226681 0.023507 0.0242393 0.0248544 0.0253433 0.0256988 0.0259157 0.0259906 0.0259226 0.0257126 0.025364 0.0248817 0.0242732 0.0235473 0.0227145 0.0217869 0.0207774 0.0197001 0.0185694 0.0174 0.0162066 0.0150035 0.0138043 0.012622 0.0114681 0.0103532 0.00928612 0.00827439 0.00732389 0.00643893 0.00562231 0.00487536 0.0041981 0.00358935 0.00304692 0.00256774 0.00214808 0.00178372 0.00147009 0.00120247 0.00097607 0.000786208 0.000628369 0.000498295 0.00039204 0.000306007 0.000236964 0.000182056 0.000138791 0.000105027 7.89493e-05 5.90461e-05 4.40766e-05 3.30451e-05 2.51745e-05 1.98826e-05 1.67686e-05 
2.07967e-05 2.16797e-05 2.50749e-05 3.12697e-05 4.07566e-05 5.42575e-05 7.27479e-05 9.74865e-05 0.000130048 0.00017236 0.000226738 0.000295916 0.000383082 0.000491888 0.000626462 0.000791399 0.000991732 0.00123288 0.00152058 0.00186077 0.00225949 0.00272267 0.00325604 0.00386485 0.00455368 0.00532625 0.00618516 0.00713167 0.00816556 0.00928489 0.0104859 0.011763 0.0131084 0.0145127 0.0159645 0.0174505 0.0189561 0.0204652 0.0219608 0.0234251 0.02484 0.0261873 0.0274492 0.0286086 0.0296497 0.0305577 0.0313198 0.0319251 0.0323649 0.0326328 0.0327249 0.0326399 0.0323792 0.0319464 0.0313481 0.0305929 0.0296916 0.0286572 0.0275041 0.0262483 0.0249067 0.0234973 0.0220379 0.0205468 0.0190416 0.0175394 0.016056 0.0146062 0.013203 0.0118579 0.0105804 0.00937817 0.00825686 0.00722027 0.00627039 0.00540754 0.00463054 0.00393687 0.00332293 0.00278424 0.00231564 0.00191152 0.00156603 0.0012732 0.00102717 0.00082226 0.000653079 0.000514627 0.00040232 0.000312032 0.000240101 0.000183324 0.000138941 0.000104606 7.836e-05 5.85914e-05 4.40048e-05 3.35873e-05 2.65793e-05 2.24571e-05 
2.76848e-05 2.88671e-05 3.3364e-05 4.15509e-05 5.4069e-05 7.18572e-05 9.61813e-05 0.000128671 0.000171362 0.000226738 0.000297773 0.000387977 0.000501419 0.000642752 0.000817217 0.00103063 0.00128932 0.0016001 0.00197013 0.00240679 0.00291753 0.00350967 0.00419014 0.00496528 0.00584054 0.00682023 0.00790724 0.00910276 0.0104061 0.0118144 0.0133227 0.0149235 0.0166069 0.018361 0.0201712 0.0220211 0.0238923 0.0257652 0.0276186 0.0294308 0.0311796 0.0328428 0.034399 0.0358274 0.0371087 0.0382254 0.0391619 0.0399052 0.0404448 0.040773 0.0408853 0.0407802 0.040459 0.0399266 0.0391904 0.0382609 0.0371512 0.0358768 0.0344552 0.0329056 0.0312488 0.0295061 0.0276997 0.0258516 0.0239836 0.0221165 0.0202702 0.0184628 0.0167108 0.0150285 0.013428 0.0119191 0.0105092 0.0092035 0.00800479 0.00691387 0.00592961 0.00504924 0.00426857 0.00358226 0.0029841 0.00246727 0.00202456 0.00164863 0.00133218 0.00106812 0.000849698 0.000670618 0.000525092 0.000407887 0.000314347 0.000240385 0.000182469 0.000137593 0.000103235 7.73199e-05 5.81734e-05 4.44855e-05 3.52723e-05 2.9855e-05 
3.65671e-05 3.81365e-05 4.4045e-05 5.47784e-05 7.11652e-05 9.44162e-05 0.000126161 0.000168493 0.00022402 0.000295916 0.000387977 0.000504659 0.000651122 0.000833242 0.00105762 0.00133153 0.00166291 0.00206021 0.00253229 0.00308825 0.00373721 0.00448803 0.0053491 0.00632795 0.00743097 0.00866308 0.0100274 0.0115249 0.0131542 0.0149113 0.0167895 0.0187791 0.0208676 0.0230397 0.0252775 0.0275606 0.0298663 0.0321703 0.0344471 0.0366702 0.0388126 0.0408479 0.0427499 0.044494 0.046057 0.047418 0.0485586 0.0494631 0.0501193 0.050518 0.0506538 0.0505248 0.050133 0.0494837 0.0485861 0.0474525 0.0460985 0.0445425 0.0428055 0.0409105 0.0388822 0.0367465 0.03453 0.0322595 0.0299612 0.0276608 0.0253825 0.0231486 0.0209796 0.0188932 0.0169049 0.0150269 0.013269 0.0116379 0.0101376 0.00876961 0.00753298 0.00642473 0.00544006 0.00457273 0.00381533 0.00315962 0.00259687 0.00211808 0.00171427 0.00137668 0.00109691 0.000867099 0.000680007 0.000529052 0.000408361 0.000312765 0.000237781 0.000179584 0.000134957 0.000101247 7.63103e-05 5.84649e-05 4.64466e-05 3.93823e-05 
4.79141e-05 4.99794e-05 5.76788e-05 7.16362e-05 9.29133e-05 0.000123058 0.000164151 0.000218858 0.000290494 0.000383082 0.000501419 0.000651122 0.000838672 0.00107143 0.00135762 0.00170631 0.0021273 0.00263101 0.00322831 0.00393028 0.00474797 0.00569205 0.0067725 0.00799818 0.00937647 0.0109129 0.0126106 0.0144703 0.0164895 0.0186628 0.0209812 0.0234324 0.0260007 0.0286669 0.0314087 0.0342011 0.0370166 0.0398255 0.042597 0.0452993 0.0479 0.0503675 0.0526709 0.0547807 0.0566696 0.0583131 0.0596892 0.0607798 0.0615703 0.0620501 0.0622129 0.0620564 0.0615828 0.0607986 0.0597145 0.058345 0.0567083 0.0548263 0.0527236 0.0504275 0.0479674 0.045374 0.0426791 0.0399147 0.0371127 0.0343037 0.0315172 0.0287807 0.026119 0.0235542 0.0211054 0.0187884 0.0166153 0.0145951 0.0127334 0.0110324 0.00949182 0.00810838 0.00687678 0.00578977 0.00483865 0.00401362 0.00330414 0.00269934 0.00218826 0.00176016 0.00140471 0.00111219 0.000873603 0.000680745 0.000526274 0.000403704 0.000307399 0.00023253 0.000175028 0.000131529 9.931e-05 7.62296e-05 6.06765e-05 5.15376e-05 
6.22779e-05 6.49719e-05 7.49225e-05 9.29237e-05 0.000120324 0.000159088 0.000211847 0.000281969 0.00037363 0.000491888 0.000642752 0.000833242 0.00107143 0.00136645 0.00172848 0.00216867 0.00269906 0.00333236 0.00408176 0.00496066 0.00598229 0.00715935 0.00850357 0.0100253 0.0117328 0.0136321 0.0157265 0.0180159 0.0204966 0.023161 0.0259977 0.0289909 0.0321209 0.0353641 0.0386931 0.0420776 0.0454841 0.0488772 0.0522198 0.055474 0.0586017 0.0615653 0.0643284 0.0668566 0.069118 0.0710836 0.0727282 0.0740307 0.074974 0.0755459 0.0757391 0.0755511 0.0749844 0.0740465 0.0727496 0.0711109 0.0691514 0.0668967 0.0643754 0.0616195 0.0586635 0.0555437 0.0522975 0.048963 0.0455779 0.0421792 0.0388021 0.0354799 0.0322427 0.0291178 0.0261287 0.0232949 0.0206321 0.0181517 0.0158612 0.0137644 0.0118614 0.0101491 0.00862165 0.00727077 0.00608637 0.00505692 0.00416988 0.00341221 0.00277069 0.00223228 0.00178438 0.00141508 0.00111329 0.000868896 0.000672792 0.000516911 0.00039422 0.000298678 0.000225184 0.000169505 0.000128211 9.85993e-05 7.86334e-05 6.69048e-05 
8.02973e-05 8.3781e-05 9.65351e-05 0.000119562 0.00015456 0.000204 0.000271184 0.00036033 0.000476655 0.000626462 0.000817217 0.00105762 0.00135762 0.00172848 0.00218265 0.00273377 0.00339643 0.00418602 0.00511841 0.0062096 0.0074753 0.00893043 0.0105886 0.0124617 0.014559 0.0168869 0.0194483 0.0222422 0.0252631 0.0285009 0.031941 0.0355635 0.039344 0.0432535 0.047259 0.0513236 0.0554074 0.0594683 0.0634623 0.0673448 0.0710709 0.0745968 0.0778801 0.0808809 0.0835622 0.0858907 0.0878374 0.0893779 0.0904928 0.0911681 0.0913953 0.0911717 0.0905002 0.0893893 0.0878531 0.0859111 0.0835878 0.0809123 0.077918 0.0746416 0.0711234 0.0674054 0.0635316 0.0595465 0.0554948 0.0514201 0.0473644 0.0433675 0.0394658 0.0356924 0.0320759 0.0286406 0.0254061 0.0223871 0.0195936 0.017031 0.0147004 0.012599 0.0107206 0.00905591 0.00759337 0.00631954 0.0052197 0.00427837 0.00347976 0.00280817 0.00224839 0.00178594 0.00140733 0.00110014 0.000853203 0.000656561 0.000501516 0.000380578 0.000287398 0.000216702 0.000164202 0.000126516 0.000101091 8.6159e-05 
0.000102702 0.000107168 0.000123381 0.000152596 0.000196936 0.000259479 0.000344337 0.000456747 0.000603172 0.000791399 0.00103063 0.00133153 0.00170631 0.00216867 0.00273377 0.00341806 0.00423915 0.00521545 0.00636588 0.00770934 0.00926428 0.0110481 0.0130763 0.0153624 0.0179165 0.0207452 0.0238507 0.0272308 0.0308775 0.0347778 0.0389128 0.043258 0.0477834 0.0524539 0.0572296 0.0620667 0.0669178 0.0717331 0.0764612 0.0810499 0.0854473 0.0896027 0.0934672 0.096995 0.100144 0.102876 0.105158 0.106963 0.108268 0.109057 0.109322 0.109059 0.108271 0.106968 0.105166 0.102887 0.100159 0.0970147 0.0934924 0.0896343 0.0854862 0.081097 0.0765173 0.0717989 0.0669938 0.0621533 0.0573268 0.0525615 0.047901 0.0433848 0.0390479 0.0349199 0.0310252 0.0273824 0.0240046 0.0208995 0.0180695 0.0155125 0.0132219 0.0111876 0.00939661 0.00783346 0.00648103 0.00532114 0.0043351 0.00350423 0.00281032 0.00223595 0.00176479 0.0013818 0.00107335 0.000827287 0.000632933 0.000481074 0.000363884 0.000274839 0.000208627 0.000161048 0.000128928 0.000110069 
0.000130311 0.000135988 0.000156432 0.000193199 0.000248919 0.0003274 0.000433716 0.000574318 0.000757143 0.000991732 0.00128932 0.00166291 0.0021273 0.00269906 0.00339643 0.00423915 0.00524821 0.00644546 0.0078532 0.00949359 0.011388 0.0135565 0.0160166 0.0187833 0.0218674 0.0252754 0.0290086 0.0330627 0.037427 0.0420844 0.0470113 0.0521775 0.0575466 0.0630763 0.0687193 0.0744235 0.0801335 0.085791 0.0913365 0.0967097 0.101851 0.106702 0.111208 0.115316 0.118979 0.122154 0.124803 0.126897 0.12841 0.129325 0.12963 0.129324 0.128408 0.126895 0.124802 0.122153 0.11898 0.11532 0.111216 0.106716 0.101872 0.0967383 0.0913743 0.0858391 0.0801927 0.0744947 0.0688027 0.0631722 0.0576547 0.0522973 0.0471419 0.0422247 0.0375755 0.0332177 0.0291683 0.0254377 0.0220303 0.0189448 0.0161748 0.0137096 0.0115345 0.00963208 0.00798266 0.00656511 0.00535755 0.00433796 0.00348472 0.00277708 0.00219548 0.00172181 0.00133961 0.00103415 0.000792465 0.0006033 0.000457084 0.000345819 0.000262976 0.000203384 0.00016313 0.0001395 
0.000164036 0.000171191 0.00019676 0.00024266 0.000312121 0.000409814 0.000541949 0.000716405 0.000942853 0.00123288 0.0016001 0.00206021 0.00263101 0.00333236 0.00418602 0.00521545 0.00644546 0.00790173 0.0096103 0.0115969 0.013886 0.0165003 0.0194596 0.02278 0.026473 0.0305445 0.0349944 0.0398156 0.0449939 0.0505075 0.0563271 0.0624159 0.0687301 0.0752193 0.0818276 0.0884941 0.0951543 0.101741 0.108186 0.114419 0.120374 0.125985 0.131189 0.135927 0.140148 0.143802 0.146849 0.149255 0.150993 0.152042 0.152392 0.152038 0.150985 0.149245 0.146836 0.143787 0.140133 0.135913 0.131177 0.125977 0.120372 0.114424 0.1082 0.101766 0.0951909 0.0885439 0.0818913 0.0752975 0.0688229 0.0625231 0.0564481 0.0506412 0.0451388 0.03997 0.0351563 0.0307118 0.0266433 0.022951 0.0196291 0.016666 0.014046 0.0117495 0.00975421 0.00803574 0.00656879 0.00532763 0.00428688 0.003422 0.00270977 0.00212859 0.00165877 0.0012826 0.00098442 0.000750644 0.000569653 0.00043172 0.000328886 0.000254835 0.000204783 0.000175407 
0.000204867 0.00021381 0.000245534 0.000302379 0.000388283 0.000508926 0.00067185 0.000886597 0.00116485 0.00152058 0.00197013 0.00253229 0.00322831 0.00408176 0.00511841 0.00636588 0.0078532 0.0096103 0.0116673 0.0140536 0.0167972 0.0199234 0.0234541 0.0274064 0.031792 0.0366158 0.0418756 0.047561 0.0536533 0.0601251 0.0669403 0.0740546 0.0814157 0.0889643 0.0966349 0.104357 0.112056 0.119655 0.127077 0.134242 0.141077 0.147506 0.15346 0.158875 0.163692 0.167858 0.171329 0.174068 0.176044 0.177237 0.177633 0.177229 0.17603 0.174047 0.171303 0.167827 0.163657 0.158839 0.153424 0.147472 0.141047 0.134219 0.127062 0.119651 0.112064 0.104379 0.0966724 0.0890184 0.0814868 0.0741429 0.0670455 0.0602463 0.0537892 0.0477099 0.0420355 0.0367843 0.0319665 0.0275843 0.0236327 0.0201002 0.0169698 0.0142199 0.0118254 0.00975876 0.00799086 0.00649198 0.00523253 0.00418381 0.00331847 0.002611 0.00203799 0.00157835 0.00121336 0.000926713 0.000704427 0.000534769 0.000408115 0.000316817 0.000255067 0.000218831 
0.000253867 0.000264952 0.000304001 0.000373847 0.000479252 0.000627068 0.000826379 0.00108865 0.00142788 0.00186077 0.00240679 0.00308825 0.00393028 0.00496066 0.0062096 0.00770934 0.00949359 0.0115969 0.0140536 0.0168973 0.0201592 0.0238676 0.0280459 0.0327123 0.037878 0.0435464 0.0497123 0.0563614 0.0634693 0.071002 0.0789158 0.0871577 0.0956658 0.104371 0.113197 0.122063 0.130884 0.139574 0.148043 0.156206 0.163978 0.171277 0.178027 0.184157 0.189604 0.19431 0.198227 0.201314 0.203541 0.204883 0.205329 0.204872 0.203519 0.201282 0.198185 0.19426 0.189548 0.184097 0.177964 0.171213 0.163917 0.15615 0.147994 0.139534 0.130858 0.122051 0.113202 0.104394 0.0957085 0.0872204 0.0789987 0.0711045 0.0635903 0.0564993 0.0498651 0.0437115 0.0380528 0.0328938 0.028231 0.0240533 0.0203428 0.0170761 0.0142253 0.0117595 0.00964565 0.00784968 0.00633749 0.00507575 0.00403258 0.00317805 0.00248461 0.00192734 0.00148403 0.00113527 0.000864376 0.00065731 0.000502526 0.000390833 0.000315239 0.000270885 
0.000312156 0.000325784 0.000373471 0.000458623 0.000586948 0.000766652 0.00100858 0.00132641 0.00173678 0.00225949 0.00291753 0.00373721 0.00474797 0.00598229 0.0074753 0.00926428 0.011388 0.013886 0.0167972 0.0201592 0.0240069 0.028371 0.0332765 0.038742 0.0447778 0.0513849 0.0585546 0.0662672 0.074492 0.0831872 0.0923003 0.101768 0.111519 0.121472 0.131541 0.141633 0.151652 0.1615 0.17108 0.180296 0.189054 0.197266 0.204848 0.211724 0.217825 0.223091 0.22747 0.230919 0.233404 0.234902 0.235397 0.234887 0.233374 0.230875 0.227413 0.223022 0.217746 0.211636 0.204754 0.197169 0.188957 0.180202 0.170992 0.161421 0.151585 0.141581 0.131507 0.121458 0.111527 0.101799 0.092354 0.0832643 0.0745917 0.0663881 0.0586947 0.0515417 0.0449483 0.0389231 0.0334648 0.028563 0.0241994 0.020349 0.0169814 0.0140622 0.0115542 0.00941893 0.00761726 0.00611092 0.00486301 0.00383877 0.00300603 0.00233556 0.00180124 0.00138015 0.00105255 0.000801763 0.000614049 0.000478449 0.000386616 0.000332741 
0.000380885 0.000397503 0.000455288 0.000558299 0.000713327 0.000930118 0.00122153 0.00160373 0.00209636 0.00272267 0.00350967 0.00448803 0.00569205 0.00715935 0.00893043 0.0110481 0.0135565 0.0165003 0.0199234 0.0238676 0.028371 0.0334666 0.039181 0.0455322 0.0525289 0.0601693 0.0684396 0.0773142 0.0867546 0.0967102 0.107118 0.117905 0.128988 0.140273 0.151662 0.163051 0.174332 0.185397 0.196139 0.206451 0.216233 0.225389 0.233828 0.241471 0.248244 0.254083 0.258933 0.262749 0.265497 0.267152 0.267699 0.267133 0.265459 0.262693 0.258859 0.253993 0.24814 0.241356 0.233703 0.225257 0.216098 0.206316 0.196008 0.185274 0.174219 0.162953 0.151582 0.140215 0.128953 0.117896 0.107136 0.096755 0.0868262 0.0774115 0.0685609 0.060312 0.0526901 0.0457083 0.0393685 0.0336616 0.0285696 0.0240662 0.0201186 0.016689 0.0137362 0.0112168 0.00908654 0.00730181 0.0058203 0.00460194 0.00360947 0.00280891 0.00216976 0.0016652 0.00127201 0.000970566 0.000744639 0.000581263 0.000470547 0.000405599 
0.000461212 0.000481316 0.000550799 0.000674463 0.000860325 0.00111987 0.00146822 0.00192435 0.00251124 0.00325604 0.00419014 0.0053491 0.0067725 0.00850357 0.0105886 0.0130763 0.0160166 0.0194596 0.0234541 0.0280459 0.0332765 0.039181 0.0457862 0.0531098 0.0611578 0.0699241 0.0793895 0.0895207 0.100271 0.111578 0.12337 0.135561 0.148053 0.160743 0.173519 0.186264 0.198859 0.211185 0.223125 0.234565 0.245394 0.255512 0.264823 0.273242 0.280692 0.287107 0.29243 0.296615 0.299626 0.301438 0.302036 0.301415 0.29958 0.296546 0.29234 0.286997 0.280564 0.273098 0.264666 0.255344 0.24522 0.234387 0.222949 0.211014 0.198697 0.186116 0.173389 0.160635 0.14797 0.135505 0.123345 0.111584 0.100307 0.0895877 0.0794855 0.0700467 0.061304 0.053276 0.0459686 0.0393751 0.0334782 0.0282508 0.0236583 0.0196595 0.016209 0.0132586 0.0107587 0.00865993 0.00691424 0.00547579 0.00430178 0.00335301 0.00259419 0.00199411 0.00152574 0.00116611 0.00089623 0.000700862 0.000568377 0.000490666 
0.000554271 0.000578399 0.000661314 0.00080865 0.0010298 0.0013382 0.0017515 0.00229179 0.00298576 0.00386485 0.00496528 0.00632795 0.00799818 0.0100253 0.0124617 0.0153624 0.0187833 0.02278 0.0274064 0.0327123 0.038742 0.0455322 0.0531098 0.0614906 0.0706774 0.080659 0.0914089 0.102885 0.115031 0.127775 0.141029 0.154696 0.168665 0.18282 0.197034 0.211179 0.225125 0.238741 0.251901 0.264482 0.276369 0.287453 0.297635 0.306826 0.314948 0.321933 0.327722 0.33227 0.33554 0.337507 0.338155 0.337479 0.335486 0.33219 0.327617 0.321803 0.314796 0.306654 0.297445 0.287249 0.276154 0.264261 0.251678 0.23852 0.224911 0.210978 0.19685 0.182657 0.168529 0.154589 0.140954 0.127734 0.115026 0.102916 0.091473 0.0807551 0.0708028 0.0616415 0.053282 0.0457212 0.038943 0.0329205 0.0276172 0.0229892 0.0189869 0.0155573 0.0126452 0.0101954 0.0081535 0.00646769 0.00508917 0.00397304 0.00307876 0.00237035 0.00181654 0.00139067 0.00107067 0.000838773 0.000681415 0.000589118 
0.000661127 0.00068986 0.000788061 0.000962292 0.00122348 0.00158721 0.00207394 0.00270919 0.00352372 0.00455368 0.00584054 0.00743097 0.00937647 0.0117328 0.014559 0.0179165 0.0218674 0.026473 0.031792 0.037878 0.0447778 0.0525289 0.0611578 0.0706774 0.0810862 0.0923665 0.104484 0.117386 0.131005 0.145256 0.160039 0.175243 0.190742 0.206405 0.222093 0.237667 0.252982 0.2679 0.282284 0.296005 0.30894 0.320979 0.332018 0.341966 0.350743 0.358281 0.364522 0.369419 0.372939 0.375054 0.375751 0.375023 0.372878 0.369329 0.364402 0.358133 0.350569 0.341767 0.331798 0.32074 0.308687 0.29574 0.282013 0.267628 0.252715 0.237409 0.221852 0.206184 0.190547 0.175079 0.15991 0.145164 0.130952 0.117373 0.104509 0.0924299 0.0811847 0.0708073 0.0613148 0.0527082 0.0449741 0.0380861 0.0320066 0.0266892 0.0220806 0.0181228 0.0147552 0.0119162 0.00954525 0.00758388 0.00597694 0.00467347 0.00362722 0.00279701 0.00214693 0.00164632 0.00126965 0.000996416 0.000810881 0.000702062 
0.000782745 0.000816697 0.000932138 0.00113666 0.00144286 0.00186871 0.00243772 0.00317918 0.00412828 0.00532625 0.00682023 0.00866308 0.0109129 0.0136321 0.0168869 0.0207452 0.0252754 0.0305445 0.0366158 0.0435464 0.0513849 0.0601693 0.0699241 0.080659 0.0923665 0.105021 0.118579 0.132978 0.148135 0.163954 0.180318 0.197102 0.214167 0.231366 0.248547 0.265557 0.282243 0.298455 0.31405 0.328891 0.342852 0.355818 0.367684 0.378359 0.387762 0.395827 0.402496 0.407725 0.411479 0.413735 0.414477 0.413701 0.411413 0.407626 0.402365 0.395664 0.38757 0.378138 0.367437 0.355547 0.342562 0.328585 0.313734 0.298134 0.281923 0.265243 0.248246 0.231084 0.213911 0.196877 0.180129 0.163804 0.148028 0.132915 0.118561 0.105046 0.092432 0.0807621 0.0700606 0.060334 0.0515723 0.0437506 0.036831 0.0307652 0.0254962 0.0209615 0.0170947 0.0138282 0.0110948 0.00882907 0.00696926 0.00545789 0.00424261 0.00327665 0.00251906 0.00193481 0.00149466 0.00117504 0.000957863 0.000830488 
0.000919933 0.000959748 0.00109446 0.00133278 0.00168915 0.00218412 0.00284454 0.00370374 0.00480173 0.00618516 0.00790724 0.0100274 0.0126106 0.0157265 0.0194483 0.0238507 0.0290086 0.0349944 0.0418756 0.0497123 0.0585546 0.0684396 0.0793895 0.0914089 0.104484 0.118579 0.133641 0.149594 0.166341 0.183771 0.201754 0.220146 0.238794 0.257538 0.276211 0.294649 0.312687 0.330168 0.346941 0.362865 0.37781 0.39166 0.40431 0.41567 0.425659 0.434214 0.44128 0.446815 0.450786 0.45317 0.453954 0.453134 0.450715 0.44671 0.44114 0.43404 0.425452 0.41543 0.404041 0.391363 0.377488 0.362522 0.346583 0.3298 0.312315 0.294279 0.275852 0.257195 0.238476 0.219858 0.201502 0.183561 0.166176 0.149476 0.133572 0.118559 0.10451 0.0914796 0.0795 0.0685847 0.0587284 0.0499087 0.042088 0.0352166 0.0292347 0.0240752 0.0196664 0.0159344 0.0128051 0.0102062 0.00806885 0.00632876 0.00492711 0.00381115 0.00293455 0.00225754 0.00174686 0.00137565 0.00112326 0.000975229 
0.0010733 0.00111964 0.00127571 0.00155142 0.00196321 0.00253442 0.00329547 0.00428407 0.00554531 0.00713167 0.00910276 0.0115249 0.0144703 0.0180159 0.0222422 0.0272308 0.0330627 0.0398156 0.047561 0.0563614 0.0662672 0.0773142 0.0895207 0.102885 0.117386 0.132978 0.149594 0.167144 0.185519 0.204589 0.224209 0.244219 0.26445 0.284728 0.304873 0.324709 0.344062 0.362767 0.380669 0.397622 0.413495 0.428172 0.441549 0.453537 0.464063 0.473063 0.480486 0.486295 0.490459 0.492958 0.493781 0.492922 0.490387 0.486186 0.480341 0.472881 0.463845 0.453285 0.441262 0.427853 0.413147 0.397248 0.380274 0.362357 0.343643 0.324287 0.304457 0.284325 0.264069 0.243866 0.223891 0.204314 0.185291 0.166967 0.14947 0.132908 0.117369 0.102918 0.0896 0.0774347 0.066423 0.0565457 0.047767 0.0400364 0.0332915 0.0274614 0.022469 0.0182344 0.0146765 0.011716 0.00927674 0.00728723 0.00568187 0.00440161 0.0033944 0.0026154 0.00202707 0.00159898 0.00130773 0.0011369 
0.00124322 0.00129676 0.00147627 0.00179297 0.00226544 0.00291999 0.00379086 0.00492039 0.0063591 0.00816556 0.0104061 0.0131542 0.0164895 0.0204966 0.0252631 0.0308775 0.037427 0.0449939 0.0536533 0.0634693 0.074492 0.0867546 0.100271 0.115031 0.131005 0.148135 0.166341 0.185519 0.205541 0.226263 0.247521 0.26914 0.290936 0.312718 0.334296 0.355482 0.376095 0.395963 0.414926 0.432837 0.449567 0.464999 0.479034 0.491587 0.502587 0.511978 0.519715 0.525761 0.530093 0.532691 0.533546 0.532655 0.53002 0.525652 0.519568 0.511794 0.502365 0.491327 0.478736 0.464666 0.4492 0.432439 0.414501 0.395517 0.375634 0.355013 0.333827 0.312257 0.290493 0.268723 0.247138 0.225922 0.205249 0.185279 0.166159 0.148011 0.130939 0.115022 0.100314 0.0868458 0.0746252 0.0636375 0.0538492 0.04521 0.0376557 0.031112 0.0254969 0.0207243 0.0167066 0.013357 0.0105921 0.0083329 0.00650683 0.00504817 0.00389886 0.00300873 0.00233563 0.00184539 0.00151164 0.00131588 
0.00142977 0.00149117 0.00169618 0.00205743 0.00259573 0.00334057 0.00433022 0.00561191 0.00724182 0.00928489 0.0118144 0.0149113 0.0186628 0.023161 0.0285009 0.0347778 0.0420844 0.0505075 0.0601251 0.071002 0.0831872 0.0967102 0.111578 0.127775 0.145256 0.163954 0.183771 0.204589 0.226263 0.24863 0.27151 0.294711 0.318033 0.341272 0.364225 0.386696 0.408496 0.429448 0.449391 0.468177 0.485678 0.501783 0.516396 0.529439 0.540847 0.550569 0.558567 0.564811 0.569281 0.57196 0.572843 0.571926 0.56921 0.564705 0.558424 0.550388 0.540626 0.529178 0.516096 0.501443 0.4853 0.467762 0.448943 0.428973 0.408 0.386185 0.363708 0.340758 0.317531 0.294232 0.271062 0.248223 0.225904 0.204285 0.183527 0.163771 0.145137 0.127718 0.111581 0.0967677 0.0832935 0.0711501 0.0603072 0.0507156 0.0423103 0.0350138 0.0287399 0.0233966 0.0188896 0.0151251 0.0120119 0.00946371 0.00740057 0.00574992 0.00444738 0.00343719 0.0026724 0.00211483 0.001735 0.00151221 
0.00163268 0.00170259 0.0019351 0.0023443 0.0029534 0.00379518 0.00491216 0.00635664 0.00819071 0.0104859 0.0133227 0.0167895 0.0209812 0.0259977 0.031941 0.0389128 0.0470113 0.0563271 0.0669403 0.0789158 0.0923003 0.107118 0.12337 0.141029 0.160039 0.180318 0.201754 0.224209 0.247521 0.27151 0.295978 0.320716 0.345508 0.370139 0.394394 0.418068 0.440968 0.462912 0.48374 0.503305 0.521483 0.538169 0.553272 0.566723 0.578465 0.588454 0.59666 0.603058 0.607634 0.610376 0.611281 0.610344 0.607568 0.602958 0.596524 0.588281 0.578252 0.566469 0.552976 0.53783 0.521102 0.502883 0.483279 0.462418 0.440444 0.417524 0.393836 0.369577 0.344953 0.320178 0.295468 0.271038 0.247096 0.223839 0.201445 0.180075 0.159864 0.140921 0.123328 0.107138 0.0923757 0.07904 0.0671051 0.056524 0.0472315 0.0391479 0.0321829 0.0262393 0.0212164 0.0170132 0.0135309 0.0106758 0.00836026 0.00650478 0.00503845 0.00389973 0.00303662 0.00240678 0.00197745 0.00172561 
0.00185134 0.00193037 0.00219226 0.00265262 0.00333715 0.00428207 0.00553429 0.00715139 0.00920151 0.011763 0.0149235 0.0187791 0.0234324 0.0289909 0.0355635 0.043258 0.0521775 0.0624159 0.0740546 0.0871577 0.101768 0.117905 0.135561 0.154696 0.175243 0.197102 0.220146 0.244219 0.26914 0.294711 0.320716 0.346929 0.373121 0.399063 0.424532 0.449315 0.473214 0.496047 0.517654 0.537894 0.556647 0.573814 0.589315 0.603088 0.615086 0.625275 0.633631 0.640139 0.644789 0.647576 0.648495 0.647547 0.644731 0.640049 0.633508 0.625116 0.614888 0.602849 0.589032 0.573486 0.556273 0.537474 0.51719 0.495542 0.472672 0.448745 0.423941 0.398461 0.372518 0.346337 0.320147 0.294177 0.268651 0.243784 0.219773 0.196797 0.175009 0.154535 0.135471 0.117884 0.101809 0.0872543 0.0741987 0.0625985 0.0523891 0.0434896 0.0358063 0.0292369 0.0236747 0.0190117 0.0151417 0.0119633 0.00938149 0.00730944 0.00566963 0.00439452 0.00342693 0.0027202 0.00223817 0.0019554 
0.00208474 0.00217345 0.00246643 0.00298086 0.00374501 0.00479866 0.00619322 0.00799168 0.0102684 0.0131084 0.0166069 0.0208676 0.0260007 0.0321209 0.039344 0.0477834 0.0575466 0.0687301 0.0814157 0.0956658 0.111519 0.128988 0.148053 0.168665 0.190742 0.214167 0.238794 0.26445 0.290936 0.318033 0.345508 0.373121 0.400628 0.427788 0.45437 0.480156 0.504945 0.528556 0.550831 0.571635 0.590856 0.608402 0.624205 0.638212 0.650388 0.660708 0.669158 0.67573 0.680422 0.683232 0.684161 0.683208 0.680372 0.675653 0.669051 0.660567 0.650211 0.637994 0.623943 0.608092 0.590497 0.571226 0.550372 0.52805 0.504396 0.47957 0.453755 0.427153 0.399985 0.372482 0.344886 0.31744 0.290385 0.263952 0.238358 0.213799 0.190449 0.168449 0.147913 0.128922 0.111523 0.0957319 0.081536 0.0688954 0.0577471 0.0480093 0.0395856 0.0323696 0.0262486 0.021108 0.0168343 0.0133186 0.0104583 0.00815933 0.00633742 0.00491892 0.00384133 0.00305355 0.00251592 0.00220051 
0.00233144 0.00243035 0.00275591 0.00332694 0.00417434 0.00534153 0.00688451 0.00887173 0.0113838 0.0145127 0.018361 0.0230397 0.0286669 0.0353641 0.0432535 0.0524539 0.0630763 0.0752193 0.0889643 0.104371 0.121472 0.140273 0.160743 0.18282 0.206405 0.231366 0.257538 0.284728 0.312718 0.341272 0.370139 0.399063 0.427788 0.456063 0.48365 0.510325 0.535889 0.560161 0.582989 0.604244 0.623822 0.641645 0.657654 0.671809 0.684084 0.694468 0.702956 0.709548 0.71425 0.717066 0.717998 0.717047 0.714211 0.709487 0.702869 0.694351 0.683933 0.671619 0.65742 0.641363 0.623488 0.603855 0.582545 0.559664 0.535341 0.509732 0.483019 0.455404 0.427113 0.398384 0.369469 0.340626 0.312109 0.284168 0.257039 0.230936 0.206052 0.182547 0.160552 0.140161 0.121436 0.104404 0.0890582 0.0753648 0.0632632 0.0526717 0.043492 0.0356136 0.0289189 0.0232867 0.0185966 0.014732 0.0115832 0.00904861 0.00703731 0.00546943 0.0042771 0.00340468 0.00280895 0.00245942 
0.00258962 0.00269913 0.00305851 0.00368823 0.00462185 0.00590646 0.00760271 0.00978454 0.0125388 0.0159645 0.0201712 0.0252775 0.0314087 0.0386931 0.047259 0.0572296 0.0687193 0.0818276 0.0966349 0.113197 0.131541 0.151662 0.173519 0.197034 0.222093 0.248547 0.276211 0.304873 0.334296 0.364225 0.394394 0.424532 0.45437 0.48365 0.512126 0.539574 0.565793 0.590608 0.613872 0.635466 0.655296 0.673296 0.689417 0.703635 0.715936 0.726319 0.734791 0.741363 0.746045 0.748848 0.749777 0.748835 0.746019 0.74132 0.734728 0.726231 0.715816 0.703478 0.689218 0.673047 0.654994 0.635106 0.613453 0.590129 0.565256 0.538984 0.511489 0.482976 0.453671 0.42382 0.393684 0.363532 0.333634 0.304257 0.275653 0.248058 0.221682 0.196705 0.173275 0.151503 0.131463 0.113195 0.0967002 0.081951 0.0688903 0.0574373 0.0474923 0.0389419 0.0316634 0.0255298 0.0204139 0.0161921 0.012747 0.00997018 0.00776376 0.00604177 0.00473088 0.00377093 0.00311506 0.00273021 
0.00285703 0.00297746 0.00337159 0.00406155 0.00508356 0.00648842 0.00834138 0.0107219 0.013723 0.0174505 0.0220211 0.0275606 0.0342011 0.0420776 0.0513236 0.0620667 0.0744235 0.0884941 0.104357 0.122063 0.141633 0.163051 0.186264 0.211179 0.237667 0.265557 0.294649 0.324709 0.355482 0.386696 0.418068 0.449315 0.480156 0.510325 0.539574 0.567676 0.594433 0.619674 0.643262 0.665086 0.685066 0.703145 0.719293 0.733495 0.745752 0.756075 0.764483 0.770995 0.77563 0.778403 0.779325 0.778398 0.775617 0.770972 0.764446 0.756018 0.745667 0.733376 0.719133 0.702937 0.684803 0.664763 0.642875 0.619222 0.593916 0.567098 0.538941 0.509646 0.479441 0.448578 0.417325 0.385961 0.354772 0.32404 0.294035 0.265011 0.237197 0.210795 0.185967 0.162843 0.141512 0.122024 0.104392 0.0885936 0.0745768 0.0622623 0.0515501 0.0423239 0.034457 0.0278169 0.0222699 0.0176856 0.0139394 0.0109158 0.0085103 0.00663084 0.00519868 0.00414907 0.00343157 0.00301052 
0.00313105 0.00326261 0.00369208 0.00444322 0.00555493 0.00708165 0.00909322 0.0116745 0.0149247 0.0189561 0.0238923 0.0298663 0.0370166 0.0454841 0.0554074 0.0669178 0.0801335 0.0951543 0.112056 0.130884 0.151652 0.174332 0.198859 0.225125 0.252982 0.282243 0.312687 0.344062 0.376095 0.408496 0.440968 0.473214 0.504945 0.535889 0.565793 0.594433 0.621612 0.64717 0.670974 0.692926 0.71296 0.731032 0.747125 0.76124 0.773391 0.783602 0.791902 0.79832 0.802884 0.805614 0.806523 0.805616 0.802886 0.798319 0.791893 0.783578 0.773345 0.761164 0.747011 0.73087 0.712742 0.692647 0.670627 0.646752 0.621124 0.593875 0.565172 0.535211 0.504223 0.47246 0.440198 0.407727 0.375344 0.343346 0.312021 0.281642 0.252458 0.224686 0.198511 0.174077 0.151488 0.130808 0.11206 0.0952286 0.0802675 0.0670999 0.0556256 0.0457266 0.0372724 0.0301255 0.0241464 0.0191978 0.0151484 0.0118761 0.00926957 0.00723085 0.00567587 0.00453539 0.00375537 0.00329759 
0.00340869 0.00355148 0.00401648 0.0048291 0.00603084 0.00767975 0.00985015 0.0126322 0.016131 0.0204652 0.0257652 0.0321703 0.0398255 0.0488772 0.0594683 0.0717331 0.085791 0.101741 0.119655 0.139574 0.1615 0.185397 0.211185 0.238741 0.2679 0.298455 0.330168 0.362767 0.395963 0.429448 0.462912 0.496047 0.528556 0.560161 0.590608 0.619674 0.64717 0.672938 0.69686 0.718849 0.738851 0.756838 0.772807 0.786773 0.798764 0.808816 0.816971 0.823267 0.827739 0.830414 0.831306 0.830423 0.827757 0.823289 0.816991 0.808828 0.798759 0.786742 0.77274 0.756726 0.738683 0.718618 0.696559 0.672562 0.646716 0.619145 0.590006 0.559494 0.527835 0.495284 0.462124 0.428651 0.395176 0.362009 0.329455 0.297804 0.267324 0.238251 0.210788 0.185095 0.161294 0.13946 0.119627 0.101789 0.0859048 0.0719006 0.059677 0.0491147 0.0400801 0.0324314 0.0260234 0.0207126 0.0163614 0.0128408 0.0100334 0.00783533 0.00615731 0.00492571 0.00408296 0.00358831 
0.00368668 0.00384067 0.00434099 0.00521467 0.00650576 0.00827578 0.0106034 0.0135839 0.0173281 0.0219608 0.0276186 0.0344471 0.042597 0.0522198 0.0634623 0.0764612 0.0913365 0.108186 0.127077 0.148043 0.17108 0.196139 0.223125 0.251901 0.282284 0.31405 0.346941 0.380669 0.414926 0.449391 0.48374 0.517654 0.550831 0.582989 0.613872 0.643262 0.670974 0.69686 0.720812 0.742757 0.762653 0.780488 0.796274 0.810039 0.821826 0.831683 0.839663 0.845814 0.850178 0.852787 0.85366 0.852804 0.850211 0.845859 0.839713 0.831731 0.821862 0.810054 0.796257 0.780428 0.762539 0.742578 0.720561 0.69653 0.670561 0.642766 0.613296 0.582338 0.550117 0.516889 0.482939 0.448573 0.414109 0.379874 0.346186 0.313353 0.28166 0.251362 0.22268 0.195792 0.170833 0.147892 0.127016 0.108207 0.0914294 0.0766131 0.0636605 0.0524512 0.0428494 0.034709 0.02788 0.0222132 0.0175645 0.013799 0.0107931 0.00843733 0.00663743 0.00531548 0.00441049 0.00387927 
