2.25355e-14 2.24689e-14 3.98893e-14 8.74064e-14 1.97539e-13 4.41993e-13 9.71649e-13 2.09565e-12 4.43317e-12 9.19736e-12 1.87134e-11 3.73405e-11 7.30722e-11 1.40244e-10 2.63996e-10 4.87439e-10 8.82853e-10 1.56871e-09 2.73481e-09 4.67833e-09 7.85389e-09 1.29408e-08 2.09299e-08 3.32317e-08 5.18043e-08 7.92951e-08 1.19188e-07 1.75936e-07 2.5506e-07 3.63176e-07 5.07923e-07 6.97752e-07 9.41546e-07 1.24806e-06 1.62518e-06 2.07906e-06 2.61316e-06 3.22734e-06 3.91711e-06 4.67317e-06 5.48128e-06 6.32265e-06 7.17472e-06 8.01235e-06 8.80923e-06 9.5394e-06 1.01786e-05 1.07055e-05 1.11027e-05 1.13571e-05 1.14604e-05 1.14092e-05 1.12053e-05 1.08554e-05 1.03709e-05 9.76809e-06 9.06718e-06 8.29163e-06 7.46701e-06 6.61961e-06 5.775e-06 4.95651e-06 4.18403e-06 3.47312e-06 2.83454e-06 2.27421e-06 1.79362e-06 1.39045e-06 1.05948e-06 7.93483e-07 5.84097e-07 4.22603e-07 3.00525e-07 2.1005e-07 1.44296e-07 9.7424e-08 6.46459e-08 4.21561e-08 2.70148e-08 1.70114e-08 1.05255e-08 6.3986e-09 3.82147e-09 2.24208e-09 1.29216e-09 7.31471e-10 4.06701e-10 2.2209e-10 1.19109e-10 6.27363e-11 3.24524e-11 1.64868e-11 8.22612e-12 4.03131e-12 1.94051e-12 9.17591e-13 4.26361e-13 1.94924e-13 8.82921e-14 4.11748e-14 
2.24689e-14 2.24219e-14 4.02328e-14 8.91056e-14 2.03294e-13 4.58921e-13 1.0175e-12 2.21271e-12 4.7183e-12 9.86455e-12 2.02202e-11 4.06357e-11 8.00652e-11 1.54671e-10 2.92968e-10 5.44138e-10 9.91076e-10 1.77034e-09 3.10172e-09 5.33086e-09 8.98858e-09 1.4871e-08 2.41433e-08 3.84694e-08 6.01653e-08 9.23709e-08 1.39228e-07 2.06041e-07 2.99401e-07 4.2722e-07 5.9865e-07 8.23831e-07 1.11344e-06 1.47801e-06 1.92706e-06 2.46802e-06 3.1051e-06 3.83819e-06 4.66194e-06 5.56519e-06 6.53085e-06 7.53636e-06 8.55465e-06 9.55555e-06 1.05075e-05 1.13795e-05 1.21425e-05 1.27712e-05 1.32446e-05 1.35475e-05 1.36698e-05 1.36078e-05 1.33633e-05 1.29445e-05 1.2365e-05 1.16441e-05 1.08061e-05 9.87885e-06 8.89309e-06 7.8803e-06 6.8711e-06 5.89347e-06 4.97124e-06 4.12302e-06 3.36166e-06 2.69416e-06 2.1222e-06 1.64293e-06 1.24998e-06 9.34604e-07 6.86731e-07 4.95878e-07 3.51873e-07 2.45365e-07 1.68129e-07 1.13204e-07 7.48947e-08 4.8684e-08 3.10915e-08 1.95068e-08 1.20223e-08 7.27797e-09 4.32736e-09 2.52692e-09 1.44906e-09 8.15979e-10 4.51176e-10 2.44946e-10 1.30569e-10 6.83357e-11 3.51152e-11 1.7717e-11 8.77706e-12 4.26964e-12 2.03962e-12 9.56907e-13 4.41043e-13 1.99952e-13 8.97679e-14 4.14532e-14 
3.98893e-14 4.02328e-14 7.28244e-14 1.61924e-13 3.70243e-13 8.3716e-13 1.85856e-12 4.046e-12 8.63439e-12 1.80617e-11 3.70332e-11 7.44258e-11 1.46609e-10 2.83082e-10 5.35802e-10 9.94179e-10 1.80855e-09 3.22589e-09 5.6425e-09 9.67946e-09 1.62873e-08 2.68862e-08 4.35465e-08 6.92121e-08 1.07964e-07 1.65308e-07 2.48477e-07 3.66691e-07 5.31348e-07 7.56066e-07 1.05651e-06 1.44995e-06 1.95443e-06 2.58764e-06 3.36538e-06 4.29975e-06 5.39727e-06 6.65701e-06 8.06914e-06 9.61401e-06 1.1262e-05 1.29745e-05 1.47052e-05 1.64032e-05 1.80153e-05 1.94894e-05 2.0777e-05 2.18359e-05 2.26317e-05 2.31388e-05 2.33411e-05 2.32322e-05 2.28156e-05 2.21047e-05 2.11222e-05 1.99005e-05 1.84797e-05 1.6907e-05 1.52336e-05 1.35125e-05 1.17956e-05 1.01303e-05 8.55703e-06 7.10778e-06 5.8047e-06 4.66021e-06 3.67764e-06 2.8526e-06 2.17471e-06 1.62941e-06 1.19984e-06 8.68277e-07 6.17488e-07 4.31535e-07 2.96347e-07 1.99967e-07 1.32575e-07 8.63525e-08 5.52542e-08 3.47289e-08 2.14394e-08 1.29983e-08 7.73881e-09 4.52412e-09 2.59675e-09 1.46329e-09 8.09483e-10 4.39584e-10 2.34324e-10 1.22611e-10 6.29757e-11 3.17513e-11 1.57147e-11 7.63539e-12 3.64223e-12 1.70595e-12 7.8479e-13 3.55043e-13 1.59043e-13 7.33293e-14 
8.74064e-14 8.91056e-14 1.61924e-13 3.59709e-13 8.20779e-13 1.8515e-12 4.1002e-12 8.90247e-12 1.89461e-11 3.95178e-11 8.07817e-11 1.61836e-10 3.17747e-10 6.11429e-10 1.15316e-09 2.13179e-09 3.86323e-09 6.86365e-09 1.19567e-08 2.04261e-08 3.42244e-08 5.62516e-08 9.07094e-08 1.43535e-07 2.22905e-07 3.39786e-07 5.0848e-07 7.47108e-07 1.07792e-06 1.5273e-06 2.12542e-06 2.90522e-06 3.9009e-06 5.14557e-06 6.66837e-06 8.49106e-06 1.06245e-05 1.3065e-05 1.57923e-05 1.87671e-05 2.19318e-05 2.52117e-05 2.85188e-05 3.17561e-05 3.48232e-05 3.76222e-05 4.00627e-05 4.20659e-05 4.35679e-05 4.45215e-05 4.4897e-05 4.4683e-05 4.38861e-05 4.25311e-05 4.06609e-05 3.83355e-05 3.56303e-05 3.26332e-05 2.94409e-05 2.61533e-05 2.28685e-05 1.96765e-05 1.6655e-05 1.38654e-05 1.13511e-05 9.13701e-06 7.23076e-06 5.62528e-06 4.3019e-06 3.23378e-06 2.38933e-06 1.73515e-06 1.23844e-06 8.68688e-07 5.9879e-07 4.05579e-07 2.69916e-07 1.76479e-07 1.13351e-07 7.15109e-08 4.43088e-08 2.69606e-08 1.6108e-08 9.44893e-09 5.44141e-09 3.07604e-09 1.70685e-09 9.29606e-10 4.9692e-10 2.60705e-10 1.34243e-10 6.78446e-11 3.36543e-11 1.63867e-11 7.83244e-12 3.67548e-12 1.69384e-12 7.67619e-13 3.44505e-13 1.59331e-13 
1.97539e-13 2.03294e-13 3.70243e-13 8.20779e-13 1.86728e-12 4.19891e-12 9.26841e-12 2.00568e-11 4.25383e-11 8.84144e-11 1.80082e-10 3.59432e-10 7.0301e-10 1.34747e-09 2.53111e-09 4.65981e-09 8.40878e-09 1.48749e-08 2.57982e-08 4.38737e-08 7.31758e-08 1.19716e-07 1.9215e-07 3.02624e-07 4.67756e-07 7.09682e-07 1.05708e-06 1.54601e-06 2.22046e-06 3.13223e-06 4.34003e-06 5.9075e-06 7.90005e-06 1.03803e-05 1.34025e-05 1.70059e-05 2.12081e-05 2.59988e-05 3.13348e-05 3.71376e-05 4.32933e-05 4.96565e-05 5.60569e-05 6.23082e-05 6.82187e-05 7.36022e-05 7.82876e-05 8.21264e-05 8.49987e-05 8.68161e-05 8.75234e-05 8.70993e-05 8.55569e-05 8.29431e-05 7.93388e-05 7.48571e-05 6.96408e-05 6.38569e-05 5.7689e-05 5.13279e-05 4.49614e-05 3.87629e-05 3.28829e-05 2.74412e-05 2.25239e-05 1.81813e-05 1.44313e-05 1.12627e-05 8.64189e-06 6.51893e-06 4.83415e-06 3.52382e-06 2.52481e-06 1.778e-06 1.23052e-06 8.36865e-07 5.59226e-07 3.67142e-07 2.36778e-07 1.49988e-07 9.33085e-08 5.70009e-08 3.41889e-08 2.01318e-08 1.16367e-08 6.60216e-09 3.6764e-09 2.00916e-09 1.07757e-09 5.67161e-10 2.92955e-10 1.48503e-10 7.38806e-11 3.60752e-11 1.72904e-11 8.13532e-12 3.75887e-12 1.70783e-12 7.6861e-13 3.56912e-13 
4.41993e-13 4.58921e-13 8.3716e-13 1.8515e-12 4.19891e-12 9.41066e-12 2.07019e-11 4.46431e-11 9.43466e-11 1.95381e-10 3.96466e-10 7.8829e-10 1.53576e-09 2.93177e-09 5.48438e-09 1.00542e-08 1.80648e-08 3.18151e-08 5.493e-08 9.29887e-08 1.54372e-07 2.51365e-07 4.01534e-07 6.29367e-07 9.68132e-07 1.46183e-06 2.16706e-06 3.15451e-06 4.50969e-06 6.3326e-06 8.73563e-06 1.18396e-05 1.57674e-05 2.06352e-05 2.65419e-05 3.35565e-05 4.1706e-05 5.09639e-05 6.12413e-05 7.23829e-05 8.4168e-05 9.63179e-05 0.000108509 0.000120388 0.000131597 0.000141786 0.000150639 0.000157878 0.000163284 0.000166693 0.000168005 0.000167181 0.000164246 0.000159286 0.000152452 0.000143954 0.000134057 0.000123073 0.000111345 9.92318e-05 8.70861e-05 7.5237e-05 6.39712e-05 5.35193e-05 4.40485e-05 3.56601e-05 2.83932e-05 2.22323e-05 1.71181e-05 1.29598e-05 9.64665e-06 7.05925e-06 5.07817e-06 3.59073e-06 2.49539e-06 1.70422e-06 1.14363e-06 7.53988e-07 4.88314e-07 3.10618e-07 1.94037e-07 1.19018e-07 7.16725e-08 4.23692e-08 2.45844e-08 1.40004e-08 7.82449e-09 4.29126e-09 2.30946e-09 1.21962e-09 6.32017e-10 3.21392e-10 1.60384e-10 7.85473e-11 3.7756e-11 1.78148e-11 8.25397e-12 3.7605e-12 1.69748e-12 7.91583e-13 
9.71649e-13 1.0175e-12 1.85856e-12 4.1002e-12 9.26841e-12 2.07019e-11 4.53827e-11 9.75188e-11 2.05343e-10 4.23662e-10 8.5642e-10 1.69617e-09 3.29132e-09 6.25743e-09 1.16565e-08 2.12776e-08 3.80625e-08 6.67337e-08 1.14691e-07 1.93251e-07 3.193e-07 5.17423e-07 8.2253e-07 1.28295e-06 1.96384e-06 2.95079e-06 4.35303e-06 6.30596e-06 8.97214e-06 1.254e-05 1.72198e-05 2.32351e-05 3.08111e-05 4.01576e-05 5.14496e-05 6.48045e-05 8.02594e-05 9.77515e-05 0.000117103 0.000138014 0.000160066 0.000182738 0.000205428 0.000227488 0.000248257 0.0002671 0.00028344 0.00029678 0.00030672 0.000312969 0.000315347 0.000313786 0.00030833 0.000299138 0.000286482 0.000270741 0.000252397 0.000232016 0.000210225 0.000187681 0.000165034 0.000142892 0.00012179 0.000102161 8.43226e-05 6.84738e-05 5.46979e-05 4.2977e-05 3.32108e-05 2.52383e-05 1.88598e-05 1.38571e-05 1.00097e-05 7.10768e-06 4.9607e-06 3.40256e-06 2.29325e-06 1.5185e-06 9.87696e-07 6.30972e-07 3.95826e-07 2.43804e-07 1.47419e-07 8.74964e-08 5.0968e-08 2.91362e-08 1.63441e-08 8.99624e-09 4.85862e-09 2.57461e-09 1.33862e-09 6.82915e-10 3.41866e-10 1.67941e-10 8.09662e-11 3.83143e-11 1.78024e-11 8.13383e-12 3.68292e-12 1.72492e-12 
2.09565e-12 2.21271e-12 4.046e-12 8.90247e-12 2.00568e-11 4.46431e-11 9.75188e-11 2.0879e-10 4.38013e-10 9.00282e-10 1.81283e-09 3.57614e-09 6.91106e-09 1.30846e-08 2.42704e-08 4.41092e-08 7.85525e-08 1.37095e-07 2.34519e-07 3.9328e-07 6.46661e-07 1.04278e-06 1.64945e-06 2.55989e-06 3.89883e-06 5.82881e-06 8.55569e-06 1.23326e-05 1.74608e-05 2.42868e-05 3.31933e-05 4.45835e-05 5.88584e-05 7.63865e-05 9.74674e-05 0.000122292 0.000150903 0.000183161 0.000218719 0.000257014 0.000297272 0.000338542 0.000379736 0.000419687 0.000457217 0.0004912 0.000520612 0.000544579 0.000562402 0.000573572 0.000577775 0.000574896 0.000565013 0.000548407 0.000525554 0.000497125 0.000463968 0.000427088 0.000387598 0.000346672 0.000305475 0.000265105 0.000226532 0.000190549 0.00015775 0.000128513 0.000103009 8.12284e-05 6.30076e-05 4.80711e-05 3.60691e-05 2.66131e-05 1.93067e-05 1.37695e-05 9.6529e-06 6.65058e-06 4.50246e-06 2.99469e-06 1.95654e-06 1.25541e-06 7.90974e-07 4.8927e-07 2.97084e-07 1.77048e-07 1.03546e-07 5.94236e-08 3.34607e-08 1.84857e-08 1.00195e-08 5.32797e-09 2.77961e-09 1.42274e-09 7.14518e-10 3.52105e-10 1.70273e-10 8.08161e-11 3.76604e-11 1.72572e-11 7.83874e-12 3.68765e-12 
4.43317e-12 4.7183e-12 8.63439e-12 1.89461e-11 4.25383e-11 9.43466e-11 2.05343e-10 4.38013e-10 9.15418e-10 1.87425e-09 3.75912e-09 7.38552e-09 1.42138e-08 2.67965e-08 4.94887e-08 8.95416e-08 1.58736e-07 2.75749e-07 4.69465e-07 7.83466e-07 1.28189e-06 2.05678e-06 3.23691e-06 4.99788e-06 7.57286e-06 1.12632e-05 1.64474e-05 2.35868e-05 3.32262e-05 4.59856e-05 6.25436e-05 8.36073e-05 0.000109871 0.00014196 0.000180372 0.000225402 0.000277079 0.000335109 0.000398833 0.00046722 0.00053888 0.000612118 0.000685017 0.000755539 0.000821635 0.000881357 0.000932947 0.000974907 0.00100605 0.0010255 0.00103274 0.00102758 0.00101014 0.000980917 0.000940715 0.000890684 0.000832283 0.000767243 0.00069749 0.000625062 0.000551997 0.000480222 0.000411454 0.000347113 0.000288273 0.000235639 0.000189554 0.00015004 0.000116845 8.95136e-05 6.7451e-05 4.99858e-05 3.64252e-05 2.60965e-05 1.83787e-05 1.2721e-05 8.65199e-06 5.78118e-06 3.79435e-06 2.44563e-06 1.54774e-06 9.61572e-07 5.86367e-07 3.50911e-07 2.06068e-07 1.18731e-07 6.71158e-08 3.72189e-08 2.02473e-08 1.08052e-08 5.65669e-09 2.90519e-09 1.46383e-09 7.23677e-10 3.51058e-10 1.67132e-10 7.81179e-11 3.59039e-11 1.6362e-11 7.73237e-12 
9.19736e-12 9.86455e-12 1.80617e-11 3.95178e-11 8.84144e-11 1.95381e-10 4.23662e-10 9.00282e-10 1.87425e-09 3.82223e-09 7.63517e-09 1.49389e-08 2.86291e-08 5.37399e-08 9.88098e-08 1.77971e-07 3.14039e-07 5.42951e-07 9.19908e-07 1.52761e-06 2.48689e-06 3.96981e-06 6.21527e-06 9.54634e-06 1.43885e-05 2.1287e-05 3.09207e-05 4.41096e-05 6.18126e-05 8.51109e-05 0.000115174 0.000153208 0.000200378 0.000257715 0.00032601 0.000405695 0.000496734 0.000598534 0.000709883 0.000828937 0.000953261 0.00107992 0.00120563 0.00132692 0.00144033 0.00154257 0.00163071 0.00170227 0.00175527 0.00178828 0.00180043 0.00179142 0.00176147 0.00171138 0.0016425 0.00155675 0.00145655 0.0013448 0.00122475 0.00109985 0.000973547 0.000849152 0.000729619 0.000617427 0.000514471 0.000422031 0.000340773 0.000270805 0.000211766 0.00016293 0.000123318 9.1804e-05 6.72096e-05 4.83789e-05 3.42334e-05 2.38081e-05 1.627e-05 1.09231e-05 7.20282e-06 4.6641e-06 2.9652e-06 1.85045e-06 1.13336e-06 6.81164e-07 4.01677e-07 2.32379e-07 1.31879e-07 7.34155e-08 4.00885e-08 2.14719e-08 1.12809e-08 5.81381e-09 2.9393e-09 1.4579e-09 7.09511e-10 3.38849e-10 1.58869e-10 7.32442e-11 3.34909e-11 1.5901e-11 
1.87134e-11 2.02202e-11 3.70332e-11 8.07817e-11 1.80082e-10 3.96466e-10 8.5642e-10 1.81283e-09 3.75912e-09 7.63517e-09 1.51889e-08 2.95932e-08 5.64688e-08 1.05531e-07 1.93162e-07 3.46308e-07 6.08198e-07 1.04646e-06 1.76426e-06 2.91502e-06 4.72121e-06 7.49719e-06 1.16758e-05 1.78375e-05 2.67402e-05 3.93463e-05 5.68428e-05 8.06502e-05 0.000112412 0.000153964 0.000207265 0.000274312 0.000357 0.000456971 0.000575433 0.00071297 0.000869371 0.00104349 0.00123314 0.00143514 0.00164532 0.00185874 0.00206992 0.00227311 0.00246261 0.00263308 0.00277973 0.00289855 0.00298637 0.00304091 0.00306079 0.0030455 0.00299543 0.00291187 0.00279698 0.00265385 0.00248644 0.00229945 0.0020982 0.00188835 0.00167562 0.00146551 0.00126298 0.00107225 0.00089658 0.000738227 0.000598443 0.000477544 0.000375052 0.000289857 0.000220401 0.000164855 0.000121273 8.77209e-05 6.23776e-05 4.35952e-05 2.99386e-05 2.01977e-05 1.33829e-05 8.7072e-06 5.56149e-06 3.4866e-06 2.14503e-06 1.29484e-06 7.66822e-07 4.4547e-07 2.53837e-07 1.41866e-07 7.77639e-08 4.18072e-08 2.20449e-08 1.14016e-08 5.78432e-09 2.87876e-09 1.40563e-09 6.73475e-10 3.16763e-10 1.46505e-10 6.72217e-11 3.20684e-11 
3.73405e-11 4.06357e-11 7.44258e-11 1.61836e-10 3.59432e-10 7.8829e-10 1.69617e-09 3.57614e-09 7.38552e-09 1.49389e-08 2.95932e-08 5.74097e-08 1.09066e-07 2.0291e-07 3.69697e-07 6.59693e-07 1.15301e-06 1.97411e-06 3.31151e-06 5.44346e-06 8.77028e-06 1.3853e-05 2.14577e-05 3.26025e-05 4.86048e-05 7.11212e-05 0.000102176 0.000144165 0.000199832 0.000272204 0.000364475 0.000479847 0.000621307 0.000791375 0.000991809 0.00122332 0.00148529 0.00177557 0.0020904 0.00242435 0.00277052 0.00312081 0.0034663 0.00379777 0.0041061 0.0043828 0.00462035 0.00481243 0.0049541 0.00504182 0.00507346 0.00504826 0.00496682 0.00483113 0.00464461 0.00441209 0.00413978 0.00383513 0.00350658 0.00316317 0.00281413 0.00246836 0.00213396 0.00181789 0.00152565 0.00126111 0.00102654 0.000822717 0.000649066 0.000503976 0.000385058 0.000289432 0.00021398 0.000155561 0.00011118 7.80975e-05 5.39039e-05 3.6548e-05 2.43365e-05 1.59111e-05 1.02114e-05 6.43177e-06 3.97511e-06 2.41031e-06 1.43365e-06 8.36395e-07 4.78569e-07 2.68546e-07 1.47783e-07 7.97554e-08 4.22121e-08 2.19117e-08 1.1156e-08 5.57147e-09 2.72967e-09 1.31221e-09 6.1921e-10 2.8733e-10 1.32308e-10 6.34264e-11 
7.30722e-11 8.00652e-11 1.46609e-10 3.17747e-10 7.0301e-10 1.53576e-09 3.29132e-09 6.91106e-09 1.42138e-08 2.86291e-08 5.64688e-08 1.09066e-07 2.06271e-07 3.81995e-07 6.92723e-07 1.23019e-06 2.13959e-06 3.64494e-06 6.08301e-06 9.94709e-06 1.59411e-05 2.50432e-05 3.85772e-05 5.82866e-05 8.64052e-05 0.000125715 0.000179577 0.000251929 0.000347228 0.000470326 0.000626275 0.000820051 0.00105621 0.00133845 0.00166921 0.00204918 0.00247694 0.00294864 0.00345786 0.00399572 0.00455105 0.00511094 0.00566133 0.00618775 0.0066761 0.00711328 0.00748776 0.00778995 0.00801236 0.00814969 0.00819873 0.00815836 0.0080295 0.00781517 0.00752052 0.0071529 0.00672179 0.00623862 0.00571642 0.00516923 0.00461146 0.00405712 0.00351914 0.00300869 0.00253475 0.00210384 0.00171994 0.00138469 0.00109758 0.00085638 0.000657583 0.000496799 0.000369189 0.000269799 0.000193836 0.00013687 9.49606e-05 6.47167e-05 4.33122e-05 2.84587e-05 1.83538e-05 1.16158e-05 7.2127e-06 4.39344e-06 2.62488e-06 1.53803e-06 8.83761e-07 4.97968e-07 2.7514e-07 1.49071e-07 7.92014e-08 4.12663e-08 2.10869e-08 1.05688e-08 5.19614e-09 2.50646e-09 1.18674e-09 5.52543e-10 2.55367e-10 1.23031e-10 
1.40244e-10 1.54671e-10 2.83082e-10 6.11429e-10 1.34747e-09 2.93177e-09 6.25743e-09 1.30846e-08 2.67965e-08 5.37399e-08 1.05531e-07 2.0291e-07 3.81995e-07 7.04108e-07 1.27075e-06 2.24567e-06 3.88626e-06 6.58677e-06 1.09354e-05 1.77867e-05 2.83502e-05 4.42919e-05 6.78455e-05 0.000101925 0.000150225 0.000217298 0.000308587 0.000430389 0.00058974 0.000794199 0.00105151 0.00136917 0.00175385 0.00221078 0.00274309 0.00335113 0.00403194 0.00477885 0.00558132 0.0064251 0.00729268 0.00816401 0.00901756 0.00983134 0.0105841 0.0112562 0.0118307 0.0122933 0.012633 0.0128422 0.0129162 0.0128533 0.0126551 0.0123258 0.011873 0.0113075 0.0106434 0.00989763 0.00908973 0.00824087 0.00737293 0.00650739 0.00566422 0.00486091 0.00411176 0.00342741 0.00281468 0.00227676 0.00181354 0.00142218 0.00109771 0.000833696 0.000622864 0.000457632 0.000330557 0.000234666 0.00016368 0.000112139 7.54402e-05 4.9822e-05 3.22926e-05 2.05376e-05 1.28138e-05 7.84171e-06 4.70644e-06 2.76998e-06 1.59856e-06 9.04543e-07 5.01847e-07 2.72997e-07 1.45614e-07 7.61609e-08 3.90641e-08 1.96509e-08 9.69616e-09 4.69362e-09 2.23002e-09 1.04191e-09 4.83355e-10 2.34062e-10 
2.63996e-10 2.92968e-10 5.35802e-10 1.15316e-09 2.53111e-09 5.48438e-09 1.16565e-08 2.42704e-08 4.94887e-08 9.88098e-08 1.93162e-07 3.69697e-07 6.92723e-07 1.27075e-06 2.28222e-06 4.01304e-06 6.90947e-06 1.16499e-05 1.92386e-05 3.11228e-05 4.93328e-05 7.66396e-05 0.000116724 0.000174336 0.00025544 0.000367298 0.000518487 0.00071881 0.000979065 0.00131068 0.00172516 0.00223338 0.00284477 0.00356634 0.00440174 0.00535032 0.0064064 0.0075588 0.00879068 0.0100799 0.0113996 0.0127197 0.014008 0.0152323 0.0163613 0.0173667 0.0182239 0.0189127 0.0194176 0.0197275 0.0198362 0.0197412 0.0194446 0.0189526 0.0182759 0.0174298 0.0164345 0.0153145 0.0140982 0.0128164 0.0115015 0.0101854 0.00889818 0.00766646 0.00651239 0.00545286 0.00449919 0.00365729 0.00292809 0.00230828 0.00179123 0.00136785 0.00102758 0.000759175 0.000551411 0.000393614 0.00027605 0.000190147 0.0001286 8.53738e-05 5.56193e-05 3.55504e-05 2.22891e-05 1.37056e-05 8.26426e-06 4.88608e-06 2.83229e-06 1.6096e-06 8.96797e-07 4.8986e-07 2.62342e-07 1.37755e-07 7.09298e-08 3.58155e-08 1.77375e-08 8.61733e-09 4.10885e-09 1.92661e-09 8.9726e-10 4.36761e-10 
4.87439e-10 5.44138e-10 9.94179e-10 2.13179e-09 4.65981e-09 1.00542e-08 2.12776e-08 4.41092e-08 8.95416e-08 1.77971e-07 3.46308e-07 6.59693e-07 1.23019e-06 2.24567e-06 4.01304e-06 7.02063e-06 1.20251e-05 2.01679e-05 3.31252e-05 5.3292e-05 8.3998e-05 0.000129746 0.000196453 0.000291683 0.000424815 0.000607142 0.000851827 0.00117371 0.00158888 0.00211409 0.00276587 0.00355946 0.00450757 0.00561904 0.00689749 0.00834012 0.00993668 0.011669 0.013511 0.0154291 0.0173835 0.0193302 0.0212227 0.0230147 0.0246621 0.026125 0.0273691 0.0283667 0.0290962 0.029543 0.0296982 0.0295589 0.0291276 0.0284129 0.0274294 0.0261984 0.0247476 0.0231113 0.0213294 0.0194457 0.0175066 0.0155581 0.0136441 0.0118042 0.0100717 0.00847259 0.0070252 0.00573992 0.00461986 0.00366181 0.00285738 0.00219432 0.00165783 0.0012318 0.000899792 0.000645939 0.000455551 0.000315526 0.000214559 0.0001432 9.37805e-05 6.0249e-05 3.79636e-05 2.34581e-05 1.42123e-05 8.44191e-06 4.91575e-06 2.80605e-06 1.57019e-06 8.61327e-07 4.63192e-07 2.44208e-07 1.2624e-07 6.39918e-08 3.18122e-08 1.55128e-08 7.42386e-09 3.49382e-09 1.63364e-09 7.99441e-10 
8.82853e-10 9.91076e-10 1.80855e-09 3.86323e-09 8.40878e-09 1.80648e-08 3.80625e-08 7.85525e-08 1.58736e-07 3.14039e-07 6.08198e-07 1.15301e-06 2.13959e-06 3.88626e-06 6.90947e-06 1.20251e-05 2.04879e-05 3.41757e-05 5.58234e-05 8.93047e-05 0.000139955 0.000214917 0.000323484 0.000477397 0.000691046 0.000981533 0.00136852 0.00187384 0.00252079 0.00333313 0.00433377 0.00554324 0.00697783 0.00864784 0.0105557 0.0126945 0.0150467 0.0175838 0.0202664 0.0230451 0.0258628 0.0286567 0.0313617 0.0339136 0.0362517 0.0383219 0.0400779 0.0414827 0.0425079 0.0431341 0.0433498 0.0431513 0.0425419 0.0415328 0.0401434 0.0384018 0.0363452 0.0340199 0.0314803 0.0287866 0.026003 0.0231944 0.0204229 0.0177454 0.0152109 0.0128584 0.0107164 0.00880243 0.00712375 0.0056783 0.00445634 0.00344215 0.00261582 0.00195501 0.00143642 0.00103716 0.00073566 0.000512419 0.000350386 0.000235131 0.000154809 9.9977e-05 6.3319e-05 3.9321e-05 2.39394e-05 1.42875e-05 8.3584e-06 4.79293e-06 2.69393e-06 1.48419e-06 8.01541e-07 4.24354e-07 2.20259e-07 1.12096e-07 5.59436e-08 2.73846e-08 1.31547e-08 6.2143e-09 2.91758e-09 1.43549e-09 
1.56871e-09 1.77034e-09 3.22589e-09 6.86365e-09 1.48749e-08 3.18151e-08 6.67337e-08 1.37095e-07 2.75749e-07 5.42951e-07 1.04646e-06 1.97411e-06 3.64494e-06 6.58677e-06 1.16499e-05 2.01679e-05 3.41757e-05 5.66946e-05 9.20867e-05 0.000146475 0.000228211 0.000348365 0.000521178 0.000764432 0.00109965 0.00155207 0.00215025 0.00292541 0.00391023 0.00513731 0.00663728 0.0084365 0.0105547 0.0130024 0.0157789 0.0188701 0.0222474 0.0258675 0.0296725 0.0335923 0.0375465 0.0414488 0.0452106 0.0487454 0.0519729 0.0548216 0.0572316 0.0591549 0.0605555 0.0614089 0.0617007 0.061426 0.0605894 0.0592048 0.0572969 0.0549014 0.0520668 0.0488532 0.0453321 0.0415841 0.0376953 0.0337539 0.0298457 0.0260503 0.0224371 0.0190634 0.0159722 0.0131921 0.010737 0.00860828 0.00679582 0.00528063 0.00403711 0.0030354 0.0022436 0.0016296 0.00116266 0.000814531 0.000560133 0.00037798 0.000250219 0.000162458 0.000103429 6.45572e-05 3.95e-05 2.36894e-05 1.39248e-05 8.02214e-06 4.52953e-06 2.50662e-06 1.35962e-06 7.22892e-07 3.76783e-07 1.9254e-07 9.6476e-08 4.74109e-08 2.28627e-08 1.08422e-08 5.11174e-09 2.5289e-09 
2.73481e-09 3.10172e-09 5.6425e-09 1.19567e-08 2.57982e-08 5.493e-08 1.14691e-07 2.34519e-07 4.69465e-07 9.19908e-07 1.76426e-06 3.31151e-06 6.08301e-06 1.09354e-05 1.92386e-05 3.31252e-05 5.58234e-05 9.20867e-05 0.000148717 0.000235174 0.000364232 0.000552642 0.00082171 0.00119771 0.00171202 0.00240088 0.00330469 0.00446673 0.00593141 0.00774194 0.00993755 0.0125504 0.0156026 0.0191026 0.0230433 0.0273991 0.0321252 0.0371577 0.0424146 0.0477982 0.0531998 0.0585038 0.0635934 0.0683561 0.0726886 0.0765003 0.0797158 0.0822756 0.0841357 0.0852663 0.0856501 0.0852814 0.0841656 0.0823196 0.0797732 0.0765707 0.072772 0.068453 0.0637047 0.0586308 0.0533435 0.0479591 0.0425922 0.0373509 0.0323314 0.0276149 0.0232647 0.0193249 0.015821 0.0127605 0.0101352 0.00792392 0.00609534 0.00461119 0.00342922 0.00250588 0.00179859 0.00126748 0.000876675 0.000594953 0.00039605 0.000258545 0.000165481 0.000103829 6.38533e-05 3.84863e-05 2.27332e-05 1.31592e-05 7.46483e-06 4.14991e-06 2.26104e-06 1.20743e-06 6.32031e-07 3.24329e-07 1.63179e-07 8.05131e-08 3.89789e-08 1.85585e-08 8.78717e-09 4.37151e-09 
4.67833e-09 5.33086e-09 9.67946e-09 2.04261e-08 4.38737e-08 9.29887e-08 1.93251e-07 3.9328e-07 7.83466e-07 1.52761e-06 2.91502e-06 5.44346e-06 9.94709e-06 1.77867e-05 3.11228e-05 5.3292e-05 8.93047e-05 0.000146475 0.000235174 0.000369686 0.000569103 0.000858181 0.00126803 0.00183653 0.00260824 0.00363387 0.00496888 0.00667156 0.00880025 0.01141 0.0145489 0.0182537 0.0225464 0.0274298 0.0328852 0.0388698 0.0453162 0.052133 0.059207 0.066407 0.0735896 0.080605 0.0873043 0.0935459 0.0992015 0.10416 0.108331 0.111642 0.114044 0.1155 0.115991 0.115511 0.114065 0.111674 0.108371 0.10421 0.0992608 0.0936165 0.0873885 0.0807057 0.0737095 0.0665484 0.0593711 0.0523197 0.0455239 0.0390954 0.0331243 0.0276772 0.0227961 0.0184998 0.0147858 0.0116327 0.00900485 0.00685524 0.00513 0.00377197 0.00272388 0.00193112 0.0013436 0.000917125 0.000613992 0.000403054 0.000259383 0.000163615 0.000101147 6.12762e-05 3.63758e-05 2.11595e-05 1.20606e-05 6.73627e-06 3.68703e-06 1.97776e-06 1.03981e-06 5.35871e-07 2.70744e-07 1.34135e-07 6.52014e-08 3.11691e-08 1.48226e-08 7.41574e-09 
7.85389e-09 8.98858e-09 1.62873e-08 3.42244e-08 7.31758e-08 1.54372e-07 3.193e-07 6.46661e-07 1.28189e-06 2.48689e-06 4.72121e-06 8.77028e-06 1.59411e-05 2.83502e-05 4.93328e-05 8.3998e-05 0.000139955 0.000228211 0.000364232 0.000569103 0.000870706 0.00130477 0.00191566 0.0027566 0.00388931 0.00538277 0.00731101 0.00975003 0.0127738 0.0164497 0.0208332 0.0259634 0.0318574 0.038507 0.0458749 0.0538938 0.0624657 0.071464 0.0807372 0.0901142 0.0994117 0.108442 0.117021 0.124977 0.132156 0.138428 0.143686 0.14785 0.150863 0.152686 0.153297 0.15269 0.150871 0.147861 0.1437 0.138444 0.132176 0.125004 0.117059 0.108495 0.0994855 0.090213 0.0808645 0.0716218 0.0626538 0.05411 0.0461152 0.0387657 0.0321279 0.0262382 0.0211051 0.0167117 0.0130201 0.00997579 0.00751294 0.00555903 0.00403945 0.00288139 0.00201687 0.00138485 0.000932509 0.000615629 0.000398393 0.000252673 0.000157037 9.56328e-05 5.70618e-05 3.33586e-05 1.91071e-05 1.07232e-05 5.89675e-06 3.17759e-06 1.67811e-06 8.68616e-07 4.40741e-07 2.19271e-07 1.07024e-07 5.13728e-08 2.4539e-08 1.23469e-08 
1.29408e-08 1.4871e-08 2.68862e-08 5.62516e-08 1.19716e-07 2.51365e-07 5.17423e-07 1.04278e-06 2.05678e-06 3.96981e-06 7.49719e-06 1.3853e-05 2.50432e-05 4.42919e-05 7.66396e-05 0.000129746 0.000214917 0.000348365 0.000552642 0.000858181 0.00130477 0.00194281 0.002834 0.00405133 0.00567807 0.00780551 0.0105295 0.0139461 0.0181453 0.0232058 0.0291877 0.0361269 0.0440297 0.0528684 0.0625789 0.0730597 0.0841737 0.0957509 0.107595 0.119489 0.131206 0.142519 0.153209 0.163073 0.171935 0.179647 0.186091 0.191181 0.194854 0.197072 0.197812 0.197068 0.194845 0.191165 0.186069 0.179618 0.171902 0.16304 0.153181 0.142504 0.13121 0.11952 0.107659 0.0958531 0.0843159 0.0732416 0.0627974 0.0531183 0.0443039 0.0364171 0.0294848 0.023501 0.0184304 0.0142138 0.0107744 0.00802365 0.00586743 0.00421151 0.00296604 0.00204889 0.00138783 0.000921546 0.000599755 0.000382503 0.000239025 0.00014634 8.77743e-05 5.15759e-05 2.96896e-05 1.67438e-05 9.25164e-06 5.00878e-06 2.65726e-06 1.38158e-06 7.0408e-07 3.51777e-07 1.72415e-07 8.31076e-08 3.98762e-08 2.01791e-08 
2.09299e-08 2.41433e-08 4.35465e-08 9.07094e-08 1.9215e-07 4.01534e-07 8.2253e-07 1.64945e-06 3.23691e-06 6.21527e-06 1.16758e-05 2.14577e-05 3.85772e-05 6.78455e-05 0.000116724 0.000196453 0.000323484 0.000521178 0.00082171 0.00126803 0.00191566 0.002834 0.00410687 0.00583189 0.00811844 0.011084 0.0148491 0.0195304 0.0252336 0.0320449 0.0400237 0.0491955 0.0595461 0.0710183 0.0835103 0.0968764 0.110931 0.125453 0.140195 0.154892 0.169272 0.183068 0.196028 0.207925 0.218563 0.227783 0.235462 0.241508 0.245861 0.248484 0.249356 0.248469 0.245831 0.241461 0.235397 0.227702 0.218467 0.207818 0.195918 0.182964 0.169184 0.15483 0.140169 0.125471 0.110998 0.0969949 0.083679 0.0712334 0.0598009 0.0494812 0.0403303 0.0323615 0.0255496 0.019836 0.0151359 0.0113455 0.0083503 0.00603185 0.00427467 0.00297104 0.0020246 0.00135234 0.000885234 0.000567783 0.000356783 0.000219627 0.000132435 7.82246e-05 4.52599e-05 2.56522e-05 1.4243e-05 7.74781e-06 4.12949e-06 2.15677e-06 1.10399e-06 5.53962e-07 2.72661e-07 1.31983e-07 6.3615e-08 3.23774e-08 
3.32317e-08 3.84694e-08 6.92121e-08 1.43535e-07 3.02624e-07 6.29367e-07 1.28295e-06 2.55989e-06 4.99788e-06 9.54634e-06 1.78375e-05 3.26025e-05 5.82866e-05 0.000101925 0.000174336 0.000291683 0.000477397 0.000764432 0.00119771 0.00183653 0.0027566 0.00405133 0.00583189 0.00822558 0.0113723 0.0154191 0.0205123 0.026789 0.0343666 0.0433335 0.0537397 0.0655896 0.0788369 0.0933824 0.109074 0.125712 0.143053 0.160817 0.178704 0.1964 0.213588 0.229968 0.245261 0.259221 0.271643 0.282362 0.291255 0.298237 0.303251 0.306266 0.307265 0.306242 0.303201 0.298158 0.291147 0.282225 0.271479 0.259035 0.24506 0.229763 0.213392 0.196226 0.178566 0.160725 0.143016 0.125737 0.109162 0.0935324 0.0790437 0.0658452 0.0540336 0.0436536 0.0347001 0.0271233 0.020836 0.0157223 0.0116477 0.00846826 0.00603957 0.004224 0.00289613 0.00194615 0.00128147 0.00082669 0.000522424 0.000323378 0.000196057 0.00011642 6.7709e-05 3.85706e-05 2.15219e-05 1.17639e-05 6.29953e-06 3.30525e-06 1.69943e-06 8.56461e-07 4.23349e-07 2.05798e-07 9.9646e-08 5.10077e-08 
5.18043e-08 6.01653e-08 1.07964e-07 2.22905e-07 4.67756e-07 9.68132e-07 1.96384e-06 3.89883e-06 7.57286e-06 1.43885e-05 2.67402e-05 4.86048e-05 8.64052e-05 0.000150225 0.00025544 0.000424815 0.000691046 0.00109965 0.00171202 0.00260824 0.00388931 0.00567807 0.00811844 0.0113723 0.015614 0.0210218 0.027768 0.0360063 0.0458602 0.0574109 0.0706874 0.0856596 0.102235 0.120257 0.139514 0.159737 0.180619 0.20182 0.222984 0.243751 0.263768 0.282708 0.300275 0.316216 0.330326 0.342444 0.35246 0.360297 0.365912 0.369281 0.370394 0.369247 0.365842 0.36019 0.352312 0.342255 0.330096 0.315951 0.299982 0.282399 0.263457 0.243454 0.222717 0.201598 0.180454 0.15964 0.13949 0.12031 0.102362 0.0858548 0.0709412 0.0577109 0.0461921 0.036355 0.0281187 0.0213612 0.0159309 0.0116585 0.00836872 0.00589025 0.00406382 0.00274758 0.00182007 0.00118107 0.00075068 0.000467292 0.000284873 0.000170072 9.94345e-05 5.69344e-05 3.19279e-05 1.75371e-05 9.43576e-06 4.9737e-06 2.5688e-06 1.30027e-06 6.45477e-07 3.15119e-07 1.53277e-07 7.89106e-08 
7.92951e-08 9.23709e-08 1.65308e-07 3.39786e-07 7.09682e-07 1.46183e-06 2.95079e-06 5.82881e-06 1.12632e-05 2.1287e-05 3.93463e-05 7.11212e-05 0.000125715 0.000217298 0.000367298 0.000607142 0.000981533 0.00155207 0.00240088 0.00363387 0.00538277 0.00780551 0.011084 0.0154191 0.0210218 0.0281022 0.0368552 0.0474455 0.0599929 0.0745588 0.0911364 0.109645 0.12993 0.151764 0.174859 0.198874 0.22343 0.248127 0.272557 0.296321 0.319042 0.340377 0.360027 0.377746 0.39334 0.406668 0.417636 0.42619 0.432302 0.435962 0.437169 0.435922 0.432219 0.426062 0.417458 0.406438 0.393058 0.377415 0.359654 0.339973 0.318622 0.295902 0.272157 0.247764 0.223121 0.198633 0.174698 0.15169 0.129946 0.109748 0.0913192 0.0748104 0.0602988 0.0477888 0.0372182 0.0284678 0.0213747 0.0157468 0.0113777 0.00805982 0.00559596 0.00380704 0.00253729 0.00165633 0.00105892 0.000662944 0.000406409 0.000243956 0.000143391 8.25298e-05 4.65155e-05 2.56754e-05 1.38806e-05 7.35067e-06 3.81359e-06 1.93883e-06 9.66594e-07 4.73901e-07 2.31563e-07 1.19892e-07 
1.19188e-07 1.39228e-07 2.48477e-07 5.0848e-07 1.05708e-06 2.16706e-06 4.35303e-06 8.55569e-06 1.64474e-05 3.09207e-05 5.68428e-05 0.000102176 0.000179577 0.000308587 0.000518487 0.000851827 0.00136852 0.00215025 0.00330469 0.00496888 0.00731101 0.0105295 0.0148491 0.0205123 0.027768 0.0368552 0.0479859 0.0613262 0.0769791 0.0949705 0.115241 0.13764 0.161935 0.187813 0.2149 0.242775 0.270989 0.299084 0.32661 0.353141 0.378287 0.401709 0.423121 0.442298 0.459073 0.473335 0.485019 0.494098 0.500567 0.504434 0.505708 0.504391 0.500479 0.49396 0.484826 0.473082 0.458759 0.441923 0.42269 0.401231 0.377776 0.352614 0.326086 0.298583 0.270531 0.24238 0.214583 0.187588 0.16181 0.137619 0.11532 0.0951428 0.0772308 0.0616399 0.0483418 0.0372325 0.0281472 0.0208763 0.0151843 0.0108268 0.00756546 0.0051794 0.00347328 0.00228108 0.00146697 0.000923721 0.000569474 0.000343723 0.000203116 0.000117516 6.65707e-05 3.69267e-05 2.0059e-05 1.06719e-05 5.56165e-06 2.83992e-06 1.42187e-06 7.00073e-07 3.43629e-07 1.78915e-07 
1.75936e-07 2.06041e-07 3.66691e-07 7.47108e-07 1.54601e-06 3.15451e-06 6.30596e-06 1.23326e-05 2.35868e-05 4.41096e-05 8.06502e-05 0.000144165 0.000251929 0.000430389 0.00071881 0.00117371 0.00187384 0.00292541 0.00446673 0.00667156 0.00975003 0.0139461 0.0195304 0.026789 0.0360063 0.0474455 0.0613262 0.0778027 0.096945 0.118725 0.14301 0.169565 0.198059 0.228084 0.259172 0.29082 0.322513 0.353744 0.384034 0.412946 0.440099 0.465172 0.487911 0.508128 0.525699 0.540552 0.552662 0.562035 0.568695 0.572669 0.573978 0.572629 0.568611 0.561902 0.552472 0.540299 0.525378 0.507737 0.487452 0.464651 0.439528 0.41234 0.38341 0.353123 0.321917 0.290271 0.258692 0.227693 0.197773 0.169393 0.142957 0.118787 0.0971124 0.0780596 0.0616517 0.0478162 0.0363984 0.0271804 0.0199026 0.014285 0.0100468 0.00692199 0.00467083 0.00308631 0.00199666 0.00126459 0.000784049 0.000475854 0.000282711 0.000164422 9.36155e-05 5.21844e-05 2.84827e-05 1.52236e-05 7.96934e-06 4.08702e-06 2.05491e-06 1.01601e-06 5.00944e-07 2.62265e-07 
2.5506e-07 2.99401e-07 5.31348e-07 1.07792e-06 2.22046e-06 4.50969e-06 8.97214e-06 1.74608e-05 3.32262e-05 6.18126e-05 0.000112412 0.000199832 0.000347228 0.00058974 0.000979065 0.00158888 0.00252079 0.00391023 0.00593141 0.00880025 0.0127738 0.0181453 0.0252336 0.0343666 0.0458602 0.0599929 0.0769791 0.096945 0.119908 0.145767 0.174297 0.205156 0.237906 0.272032 0.306972 0.342144 0.376975 0.410924 0.443499 0.474275 0.502896 0.529082 0.552629 0.573402 0.59133 0.606392 0.61861 0.628026 0.634696 0.638669 0.639978 0.638635 0.634625 0.627911 0.618442 0.606163 0.591031 0.573029 0.55218 0.528559 0.502305 0.473627 0.44281 0.410212 0.376263 0.341457 0.306336 0.271473 0.237446 0.204814 0.174085 0.145691 0.119962 0.0971166 0.0772485 0.0603352 0.0462483 0.0347734 0.0256351 0.0185221 0.013112 0.00909184 0.00617354 0.00410428 0.00267115 0.00170166 0.00106104 0.000647527 0.000386771 0.000226116 0.000129393 7.24811e-05 3.97483e-05 2.13424e-05 1.12219e-05 5.77978e-06 2.91814e-06 1.44879e-06 7.1748e-07 3.77667e-07 
3.63176e-07 4.2722e-07 7.56066e-07 1.5273e-06 3.13223e-06 6.3326e-06 1.254e-05 2.42868e-05 4.59856e-05 8.51109e-05 0.000153964 0.000272204 0.000470326 0.000794199 0.00131068 0.00211409 0.00333313 0.00513731 0.00774194 0.01141 0.0164497 0.0232058 0.0320449 0.0433335 0.0574109 0.0745588 0.0949705 0.118725 0.145767 0.1759 0.208787 0.243968 0.280885 0.318913 0.357398 0.39569 0.433172 0.469287 0.503554 0.535577 0.565049 0.591751 0.615542 0.636355 0.654183 0.669063 0.681065 0.690274 0.696776 0.700641 0.701917 0.700618 0.696726 0.690191 0.680938 0.668881 0.653936 0.636034 0.61514 0.591265 0.564482 0.534933 0.502844 0.468526 0.432381 0.394894 0.356626 0.318195 0.280252 0.243448 0.208402 0.175663 0.145682 0.118784 0.0951576 0.0748492 0.0577752 0.0437406 0.0324652 0.0236141 0.0168265 0.0117425 0.00802353 0.00536696 0.00351385 0.00225155 0.00141187 0.000866377 0.000520254 0.000305726 0.000175825 9.89677e-05 5.45273e-05 2.94101e-05 1.55314e-05 8.03308e-06 4.07241e-06 2.03008e-06 1.00969e-06 5.34292e-07 
5.07923e-07 5.9865e-07 1.05651e-06 2.12542e-06 4.34003e-06 8.73563e-06 1.72198e-05 3.31933e-05 6.25436e-05 0.000115174 0.000207265 0.000364475 0.000626275 0.00105151 0.00172516 0.00276587 0.00433377 0.00663728 0.00993755 0.0145489 0.0208332 0.0291877 0.0400237 0.0537397 0.0706874 0.0911364 0.115241 0.14301 0.174297 0.208787 0.246017 0.285397 0.326244 0.367827 0.409409 0.450285 0.489815 0.527448 0.562736 0.595336 0.62501 0.651612 0.675085 0.695434 0.712724 0.727052 0.738539 0.74731 0.75348 0.757142 0.758353 0.757133 0.753458 0.747267 0.738465 0.726934 0.71255 0.695193 0.674764 0.651205 0.62451 0.594743 0.562054 0.526686 0.48899 0.449419 0.408533 0.366975 0.325452 0.284702 0.245451 0.208375 0.174051 0.142933 0.11532 0.0913511 0.0710068 0.0541297 0.0404498 0.0296186 0.0212435 0.0149201 0.0102587 0.00690407 0.00454714 0.00293051 0.00184795 0.00114015 0.000688265 0.000406521 0.000234946 0.000132875 7.35451e-05 3.98433e-05 2.11311e-05 1.09743e-05 5.58572e-06 2.79549e-06 1.39625e-06 7.42633e-07 
6.97752e-07 8.23831e-07 1.44995e-06 2.90522e-06 5.9075e-06 1.18396e-05 2.32351e-05 4.45835e-05 8.36073e-05 0.000153208 0.000274312 0.000479847 0.000820051 0.00136917 0.00223338 0.00355946 0.00554324 0.0084365 0.0125504 0.0182537 0.0259634 0.0361269 0.0491955 0.0655896 0.0856596 0.109645 0.13764 0.169565 0.205156 0.243968 0.285397 0.328716 0.373122 0.417784 0.461898 0.504725 0.545625 0.584077 0.619688 0.652189 0.681427 0.707347 0.729978 0.749409 0.765773 0.77923 0.789948 0.798089 0.803793 0.807172 0.808292 0.807178 0.803801 0.798091 0.789935 0.779188 0.765689 0.749267 0.729765 0.707049 0.681031 0.651689 0.619079 0.583362 0.544814 0.503836 0.460959 0.416831 0.372195 0.327861 0.284656 0.243376 0.204739 0.169334 0.137591 0.109762 0.0859127 0.0659437 0.0496122 0.0365694 0.0263999 0.0186599 0.0129099 0.00874092 0.00579081 0.00375336 0.00237994 0.00147625 0.000895773 0.000531732 0.000308794 0.000175453 9.75474e-05 5.30748e-05 2.82655e-05 1.47384e-05 7.53068e-06 3.78339e-06 1.8974e-06 1.01419e-06 
9.41546e-07 1.11344e-06 1.95443e-06 3.9009e-06 7.90005e-06 1.57674e-05 3.08111e-05 5.88584e-05 0.000109871 0.000200378 0.000357 0.000621307 0.00105621 0.00175385 0.00284477 0.00450757 0.00697783 0.0105547 0.0156026 0.0225464 0.0318574 0.0440297 0.0595461 0.0788369 0.102235 0.12993 0.161935 0.198059 0.237906 0.280885 0.326244 0.373122 0.4206 0.467767 0.51377 0.557859 0.59942 0.637986 0.673242 0.705009 0.733234 0.75796 0.779305 0.797441 0.81257 0.824907 0.834662 0.842029 0.84717 0.850209 0.85122 0.850229 0.847208 0.842078 0.834711 0.824944 0.812581 0.797409 0.779214 0.757791 0.732971 0.704637 0.672747 0.637363 0.598671 0.556995 0.512814 0.466755 0.419574 0.372133 0.325343 0.280119 0.237313 0.197662 0.16174 0.129928 0.102401 0.0791363 0.0599372 0.0444711 0.0323112 0.0229818 0.0159975 0.010896 0.00726035 0.00473224 0.00301691 0.00188117 0.00114725 0.000684333 0.000399283 0.000227894 0.000127255 6.95282e-05 3.71769e-05 1.94601e-05 9.98062e-06 5.03285e-06 2.53398e-06 1.36091e-06 
1.24806e-06 1.47801e-06 2.58764e-06 5.14557e-06 1.03803e-05 2.06352e-05 4.01576e-05 7.63865e-05 0.00014196 0.000257715 0.000456971 0.000791375 0.00133845 0.00221078 0.00356634 0.00561904 0.00864784 0.0130024 0.0191026 0.0274298 0.038507 0.0528684 0.0710183 0.0933824 0.120257 0.151764 0.187813 0.228084 0.272032 0.318913 0.367827 0.417784 0.467767 0.516801 0.56401 0.608662 0.650191 0.688209 0.722495 0.752975 0.779702 0.802819 0.822536 0.839101 0.852777 0.863827 0.872497 0.879002 0.883522 0.886186 0.887077 0.88622 0.883586 0.879092 0.872603 0.863938 0.85288 0.839179 0.822571 0.80279 0.779587 0.752752 0.722144 0.687715 0.649547 0.607869 0.563086 0.515775 0.466683 0.416696 0.366793 0.317989 0.271269 0.227518 0.187462 0.151629 0.120319 0.0936088 0.0713673 0.0532948 0.0389674 0.0278873 0.0195289 0.0133788 0.00896509 0.00587533 0.00376544 0.00235987 0.00144626 0.000866772 0.000508029 0.00029123 0.000163304 8.95845e-05 4.80867e-05 2.52647e-05 1.30044e-05 6.58101e-06 3.32601e-06 1.79443e-06 
1.62518e-06 1.92706e-06 3.36538e-06 6.66837e-06 1.34025e-05 2.65419e-05 5.14496e-05 9.74674e-05 0.000180372 0.00032601 0.000575433 0.000991809 0.00166921 0.00274309 0.00440174 0.00689749 0.0105557 0.0157789 0.0230433 0.0328852 0.0458749 0.0625789 0.0835103 0.109074 0.139514 0.174859 0.2149 0.259172 0.306972 0.357398 0.409409 0.461898 0.51377 0.56401 0.611748 0.656294 0.697156 0.734042 0.766839 0.795587 0.820447 0.84166 0.85952 0.874343 0.886444 0.896125 0.903655 0.909266 0.913144 0.915425 0.916191 0.915469 0.91323 0.909389 0.903809 0.8963 0.886628 0.874521 0.859674 0.841767 0.820482 0.795523 0.766648 0.733701 0.696649 0.655613 0.6109 0.563017 0.512672 0.46075 0.408273 0.356339 0.306052 0.258441 0.214389 0.17458 0.139456 0.109212 0.0838012 0.0629761 0.0463307 0.0333563 0.0234953 0.0161873 0.0109065 0.00718552 0.00462865 0.00291513 0.00179502 0.00108068 0.000636176 0.000366222 0.000206183 0.000113544 6.11736e-05 3.22551e-05 1.66597e-05 8.45959e-06 4.29091e-06 2.32506e-06 
2.07906e-06 2.46802e-06 4.29975e-06 8.49106e-06 1.70059e-05 3.35565e-05 6.48045e-05 0.000122292 0.000225402 0.000405695 0.00071297 0.00122332 0.00204918 0.00335113 0.00535032 0.00834012 0.0126945 0.0188701 0.0273991 0.0388698 0.0538938 0.0730597 0.0968764 0.125712 0.159737 0.198874 0.242775 0.29082 0.342144 0.39569 0.450285 0.504725 0.557859 0.608662 0.656294 0.700132 0.73978 0.775055 0.805962 0.832659 0.855408 0.874542 0.89043 0.903444 0.913941 0.922246 0.928645 0.933377 0.936628 0.938535 0.939179 0.938586 0.936728 0.933523 0.928833 0.922469 0.914189 0.903705 0.890686 0.874771 0.855583 0.83275 0.805937 0.774881 0.739432 0.699592 0.655557 0.607743 0.556791 0.503558 0.449083 0.394525 0.341088 0.289935 0.242106 0.198445 0.15955 0.125747 0.0970949 0.0734142 0.0543331 0.0393455 0.0278703 0.0193065 0.0130768 0.00865924 0.00560533 0.0035469 0.00219394 0.0013266 0.000784206 0.000453245 0.000256157 0.000141584 7.65498e-05 4.04993e-05 2.09864e-05 1.06911e-05 5.44145e-06 2.9606e-06 
