0.00214274 0.00216485 0.00223734 0.00236095 0.00253662 0.00276567 0.00304971 0.00339066 0.00379065 0.00425199 0.00477714 0.00536856 0.00602874 0.00676004 0.00756465 0.00844449 0.00940115 0.0104358 0.011549 0.0127409 0.0140108 0.0153575 0.0167786 0.0182714 0.0198319 0.0214554 0.0231363 0.0248679 0.0266428 0.0284527 0.0302884 0.0321401 0.0339972 0.0358486 0.0376825 0.0394872 0.0412502 0.0429593 0.0446022 0.0461667 0.0476411 0.0490138 0.0502743 0.0514124 0.0524189 0.0532856 0.0540053 0.0545722 0.0549814 0.0552295 0.0553145 0.0552356 0.0549935 0.0545904 0.0540296 0.0533159 0.0524552 0.0514546 0.0503224 0.0490678 0.0477007 0.0462319 0.0446727 0.043035 0.0413309 0.0395726 0.0377724 0.0359426 0.034095 0.0322414 0.0303927 0.0285595 0.0267517 0.0249784 0.0232479 0.0215677 0.0199443 0.0183833 0.0168896 0.0154669 0.0141183 0.0128458 0.011651 0.0105343 0.00949584 0.00853495 0.00765053 0.00684102 0.00610453 0.0054389 0.00484181 0.00431082 0.00384346 0.00343734 0.00309016 0.0027998 0.00256438 0.0023823 0.00225227 0.0021735 
0.00216485 0.00218721 0.00226047 0.00238536 0.00256286 0.00279427 0.00308124 0.00342569 0.00382978 0.00429583 0.00482632 0.00542374 0.00609059 0.00682925 0.00764191 0.00853053 0.00949669 0.0105415 0.0116657 0.0128693 0.0141516 0.0155112 0.0169461 0.0184532 0.0200285 0.0216674 0.0233641 0.025112 0.0269034 0.0287301 0.0305827 0.0324514 0.0343254 0.0361936 0.0380441 0.0398649 0.0416437 0.043368 0.0450255 0.0466038 0.0480911 0.0494759 0.0507473 0.0518953 0.0529105 0.0537846 0.0545106 0.0550823 0.055495 0.0557452 0.0558309 0.0557513 0.0555071 0.0551004 0.0545347 0.0538148 0.0529465 0.0519372 0.0507951 0.0495294 0.0481503 0.0466685 0.0450956 0.0434434 0.041724 0.03995 0.0381336 0.0362872 0.0344229 0.0325524 0.0306867 0.0288367 0.0270121 0.0252224 0.0234757 0.0217796 0.0201409 0.0185651 0.0170571 0.0156207 0.0142591 0.0129743 0.0117678 0.0106402 0.00959158 0.00862121 0.00772802 0.00691045 0.00616661 0.00549432 0.00489122 0.00435488 0.0038828 0.00347256 0.00312185 0.00282855 0.00259074 0.00240681 0.00227546 0.0021959 
0.00223734 0.00226047 0.00233609 0.00246497 0.0026481 0.00288682 0.00318281 0.00353804 0.00395471 0.00443521 0.00498206 0.0055978 0.00628498 0.00704603 0.00788318 0.0087984 0.00979329 0.010869 0.0120262 0.0132648 0.0145842 0.0159829 0.0174588 0.0190085 0.0206282 0.0223129 0.0240567 0.0258527 0.0276932 0.0295695 0.0314722 0.033391 0.035315 0.0372326 0.0391319 0.0410004 0.0428256 0.0445946 0.0462947 0.0479135 0.0494388 0.0508588 0.0521624 0.0533393 0.05438 0.0552761 0.0560202 0.0566061 0.057029 0.0572853 0.057373 0.0572912 0.0570408 0.0566238 0.0560438 0.0553056 0.0544153 0.0533804 0.0522092 0.0509113 0.0494969 0.0479771 0.0463636 0.0446686 0.0429046 0.0410843 0.0392203 0.0373252 0.0354114 0.033491 0.0315753 0.0296753 0.0278012 0.0259625 0.0241678 0.0224248 0.0207403 0.0191203 0.0175697 0.0160925 0.0146919 0.0133701 0.0121286 0.0109681 0.00988867 0.00888962 0.00796987 0.00712785 0.00636163 0.005669 0.00504758 0.00449485 0.00400829 0.00358543 0.00322389 0.0029215 0.00267632 0.00248669 0.00235128 0.00226928 
0.00236095 0.00238536 0.00246497 0.00260057 0.00279317 0.00304419 0.00335536 0.00372872 0.00416655 0.00467133 0.00524565 0.00589215 0.00661345 0.00741205 0.00829024 0.00925003 0.010293 0.0114204 0.0126328 0.01393 0.0153115 0.0167755 0.0183197 0.0199407 0.0216344 0.0233954 0.0252176 0.0270939 0.029016 0.030975 0.0329609 0.0349631 0.0369702 0.0389702 0.0409504 0.0428982 0.0448002 0.0466434 0.0484145 0.0501005 0.0516888 0.0531672 0.0545242 0.0557492 0.0568322 0.0577646 0.0585387 0.0591482 0.059588 0.0598545 0.0599454 0.0598601 0.0595993 0.0591651 0.0585613 0.0577929 0.0568661 0.0557887 0.0545693 0.0532178 0.0517449 0.050162 0.0484813 0.0467154 0.0448772 0.0429799 0.0410367 0.0390607 0.0370648 0.0350613 0.0330624 0.0310793 0.0291227 0.0272026 0.0253278 0.0235065 0.0217459 0.0200522 0.0184305 0.0168851 0.0154194 0.0140358 0.0127358 0.0115202 0.0103892 0.00934211 0.00837786 0.00749485 0.0066911 0.00596436 0.00531216 0.00473193 0.00422104 0.00377695 0.0033972 0.00307954 0.00282196 0.00262273 0.00248049 0.00239438 
0.00253662 0.00256286 0.0026481 0.00279317 0.00299916 0.00326754 0.00360012 0.00399905 0.00446672 0.00500573 0.00561877 0.00630862 0.00707798 0.00792946 0.00886542 0.00988792 0.0109986 0.0121986 0.0134886 0.0148682 0.0163368 0.0178924 0.0195326 0.0212536 0.023051 0.0249191 0.0268513 0.02884 0.0308765 0.0329513 0.0350538 0.0371728 0.0392962 0.0414112 0.0435048 0.0455633 0.047573 0.0495198 0.05139 0.0531699 0.0548463 0.0564063 0.0578379 0.0591299 0.060272 0.0612551 0.0620711 0.0627135 0.0631769 0.0634576 0.0635531 0.0634629 0.0631875 0.0627295 0.0620924 0.0612817 0.060304 0.0591672 0.0578806 0.0564543 0.0548996 0.0532286 0.0514539 0.0495888 0.0476469 0.0456421 0.0435881 0.0414989 0.039388 0.0372684 0.0351529 0.0330535 0.0309814 0.0289471 0.0269601 0.0250291 0.0231617 0.0213645 0.0196431 0.0180021 0.0164449 0.0149744 0.0135922 0.0122993 0.0110958 0.00998114 0.00895427 0.00801356 0.00715698 0.00638219 0.00568663 0.00506763 0.00452245 0.00404843 0.003643 0.0033038 0.00302872 0.00281595 0.00266406 0.00257216 
0.00276567 0.00279427 0.00288682 0.00304419 0.00326754 0.00355841 0.00391875 0.00435083 0.00485717 0.00544051 0.00610371 0.00684967 0.00768124 0.00860114 0.00961183 0.0107154 0.0119136 0.0132075 0.0145977 0.0160837 0.0176647 0.0193387 0.0211026 0.0229526 0.0248837 0.0268898 0.0289638 0.0310973 0.0332811 0.0355049 0.0377574 0.0400266 0.0422995 0.0445626 0.0468018 0.0490027 0.0511506 0.0532306 0.0552281 0.0571286 0.0589179 0.0605826 0.06211 0.0634881 0.064706 0.0657541 0.066624 0.0673085 0.0678022 0.068101 0.0682025 0.0681059 0.0678119 0.0673231 0.0666435 0.0657786 0.0647355 0.0635225 0.0621495 0.0606273 0.0589676 0.0571834 0.055288 0.0532955 0.0512205 0.0490774 0.0468812 0.0446465 0.0423877 0.0401188 0.0378534 0.0356042 0.0333833 0.0312021 0.0290706 0.0269983 0.0249933 0.0230627 0.0212127 0.0194481 0.0177731 0.0161904 0.0147021 0.0133092 0.012012 0.01081 0.00970217 0.00868683 0.00776189 0.00692492 0.00617324 0.00550403 0.00491444 0.00440164 0.00396293 0.00359581 0.00329805 0.00306774 0.00290335 0.00280393 
0.00304971 0.00308124 0.00318281 0.00335536 0.00360012 0.00391875 0.00431334 0.00478628 0.00534029 0.00597828 0.00670328 0.00751836 0.00842654 0.00943067 0.0105333 0.0117367 0.0130425 0.0144518 0.015965 0.0175819 0.019301 0.0211201 0.0230359 0.0250442 0.0271392 0.0293145 0.031562 0.033873 0.0362371 0.0386433 0.0410794 0.0435323 0.0459881 0.0484322 0.0508494 0.0532243 0.055541 0.0577837 0.0599366 0.0619842 0.0639115 0.065704 0.0673481 0.0688312 0.0701416 0.071269 0.0722044 0.0729404 0.073471 0.0737919 0.0739006 0.0737962 0.0734796 0.0729533 0.0722217 0.0712908 0.0701679 0.0688621 0.0673837 0.0657443 0.0639566 0.0620342 0.0599915 0.0578436 0.0556058 0.053294 0.0509239 0.0485113 0.0460717 0.0436202 0.0411713 0.0387389 0.036336 0.0339748 0.0316664 0.0294208 0.0272471 0.025153 0.0231452 0.0212291 0.0194093 0.0176889 0.0160702 0.0145544 0.0131421 0.0118328 0.0106253 0.00951817 0.00850909 0.00759555 0.00677474 0.00604369 0.00539937 0.00483878 0.00435905 0.0039575 0.00363178 0.00337982 0.00320001 0.00309134 
0.00339066 0.00342569 0.00353804 0.00372872 0.00399905 0.00435083 0.00478628 0.005308 0.00591889 0.00662206 0.00742074 0.00831822 0.00931769 0.0104221 0.0116343 0.0129564 0.0143902 0.0159368 0.0175965 0.0193687 0.0212518 0.0232434 0.0253395 0.0275355 0.029825 0.0322008 0.0346542 0.0371752 0.039753 0.0423751 0.0450285 0.0476987 0.0503707 0.0530287 0.0556563 0.0582367 0.0607528 0.0631875 0.0655239 0.0677451 0.0698352 0.0717784 0.0735602 0.0751671 0.0765865 0.0778073 0.07882 0.0796166 0.0801907 0.0805377 0.0806549 0.0805413 0.0801979 0.0796275 0.0788347 0.0778258 0.0766089 0.0751936 0.073591 0.0718135 0.0698748 0.0677894 0.0655728 0.0632413 0.0608114 0.0583002 0.0557247 0.0531019 0.0504486 0.0477811 0.0451152 0.042466 0.0398476 0.0372733 0.0347552 0.0323043 0.0299306 0.0276425 0.0254475 0.0233517 0.0213599 0.0194759 0.0177022 0.0160404 0.0144911 0.0130541 0.0117281 0.0105116 0.00940232 0.00839756 0.00749436 0.00668959 0.00598001 0.00536241 0.00483373 0.00439111 0.004032 0.00375423 0.00355601 0.00343629 
0.00379065 0.00382978 0.00395471 0.00416655 0.00446672 0.00485717 0.00534029 0.00591889 0.00659608 0.0073752 0.00825974 0.00925317 0.0103589 0.0115801 0.0129197 0.0143799 0.0159625 0.0176685 0.0194982 0.0214507 0.0235243 0.0257157 0.028021 0.0304344 0.0329492 0.0355571 0.0382486 0.0410128 0.0438375 0.0467092 0.0496135 0.0525347 0.0554563 0.0583612 0.0612314 0.0640488 0.0667947 0.0694507 0.0719983 0.0744196 0.0766969 0.0788136 0.080754 0.0825032 0.0840479 0.0853763 0.0864779 0.0873441 0.0879682 0.0883452 0.0884721 0.088348 0.0879738 0.0873527 0.0864894 0.085391 0.0840659 0.0825246 0.0807791 0.0788427 0.07673 0.0744569 0.0720401 0.0694971 0.0668459 0.0641049 0.0612925 0.0584272 0.0555273 0.0526105 0.049694 0.0467943 0.0439268 0.0411061 0.0383455 0.0356571 0.0330518 0.0305391 0.0281272 0.0258229 0.0236317 0.0215578 0.0196043 0.017773 0.0160646 0.014479 0.0130153 0.0116716 0.0104457 0.00933479 0.00833567 0.00744503 0.0066594 0.00597537 0.00538964 0.00489914 0.00450111 0.00419321 0.00397354 0.00384093 
0.00425199 0.00429583 0.00443521 0.00467133 0.00500573 0.00544051 0.00597828 0.00662206 0.0073752 0.00824132 0.00922413 0.0103274 0.0115547 0.0129094 0.0143946 0.0160125 0.0177651 0.0196532 0.0216768 0.023835 0.0261255 0.0285448 0.031088 0.033749 0.03652 0.0393919 0.0423541 0.0453944 0.0484994 0.0516544 0.0548433 0.0580491 0.0612536 0.0644381 0.0675831 0.0706687 0.0736747 0.0765809 0.0793675 0.0820148 0.0845038 0.0868165 0.0889358 0.0908458 0.0925321 0.0939818 0.0951837 0.0961285 0.096809 0.0972198 0.0973577 0.0972217 0.0968128 0.0961344 0.0951916 0.093992 0.0925449 0.0908614 0.0889544 0.0868384 0.0845293 0.0820441 0.079401 0.0766189 0.0737173 0.0707161 0.0676356 0.0644957 0.0613164 0.0581171 0.0549164 0.0517325 0.0485823 0.0454818 0.0424457 0.0394873 0.0366187 0.0338505 0.0311917 0.0286501 0.0262317 0.0239415 0.0217829 0.0197581 0.0178682 0.0161131 0.014492 0.013003 0.0116437 0.0104114 0.00930248 0.00831355 0.00744086 0.00668075 0.00602966 0.00548428 0.00504166 0.00469924 0.00445497 0.0043076 
0.00477714 0.00482632 0.00498206 0.00524565 0.00561877 0.00610371 0.00670328 0.00742074 0.00825974 0.00922413 0.0103179 0.0115452 0.0129097 0.014415 0.0160643 0.01786 0.0198039 0.0218969 0.0241388 0.0265283 0.0290626 0.0317378 0.0345483 0.0374871 0.0405455 0.0437134 0.0469787 0.0503283 0.0537471 0.0572189 0.0607261 0.0642498 0.0677704 0.0712671 0.0747187 0.0781035 0.0813995 0.0845847 0.0876375 0.0905365 0.0932613 0.0957921 0.0981105 0.100199 0.102043 0.103628 0.104941 0.105973 0.106716 0.107165 0.107315 0.107166 0.106718 0.105976 0.104945 0.103633 0.10205 0.100208 0.0981217 0.0958059 0.0932781 0.0905567 0.0876614 0.0846128 0.0814321 0.0781409 0.0747612 0.0713149 0.0678236 0.0643086 0.0607904 0.0572887 0.0538223 0.0504087 0.047064 0.0438032 0.0406394 0.0375846 0.0346488 0.0318406 0.0291671 0.0266337 0.0242445 0.0220021 0.0199078 0.0179618 0.0161632 0.0145104 0.0130009 0.0116315 0.0103987 0.00929881 0.0083278 0.00748172 0.00675677 0.00614937 0.00565632 0.00527487 0.0050028 0.00483874 
0.00536856 0.00542374 0.0055978 0.00589215 0.00630862 0.00684967 0.00751836 0.00831822 0.00925317 0.0103274 0.0115452 0.0129108 0.0144284 0.0161017 0.0179339 0.0199277 0.0220848 0.0244059 0.0268906 0.0295372 0.0323425 0.0353019 0.0384091 0.041656 0.0450331 0.0485288 0.0521299 0.0558217 0.0595877 0.0634097 0.0672686 0.0711435 0.0750129 0.0788541 0.0826438 0.0863584 0.0899738 0.0934662 0.096812 0.099988 0.102972 0.105743 0.10828 0.110565 0.112582 0.114315 0.115751 0.116879 0.117691 0.11818 0.118344 0.11818 0.11769 0.116878 0.11575 0.114314 0.112582 0.110567 0.108283 0.105747 0.102979 0.0999978 0.0968251 0.0934832 0.089995 0.0863843 0.0826749 0.0788906 0.0750551 0.0711916 0.0673227 0.0634699 0.0596538 0.0558938 0.0522076 0.0486118 0.045121 0.0417484 0.0385053 0.0354013 0.0324444 0.0296409 0.0269953 0.0245107 0.0221889 0.0200304 0.0180342 0.0161988 0.0145216 0.0129993 0.0116283 0.0104045 0.00932364 0.00838151 0.00757401 0.00689727 0.00634784 0.00592274 0.00561957 0.00543685 
0.00602874 0.00609059 0.00628498 0.00661345 0.00707798 0.00768124 0.00842654 0.00931769 0.0103589 0.0115547 0.0129097 0.0144284 0.0161152 0.0179741 0.0200084 0.0222209 0.0246131 0.0271857 0.029938 0.0328677 0.0359713 0.0392433 0.0426765 0.046262 0.0499889 0.0538443 0.0578137 0.0618806 0.0660267 0.0702322 0.0744758 0.0787347 0.0829852 0.0872026 0.0913614 0.0954357 0.0993995 0.103227 0.106892 0.110369 0.113636 0.116667 0.119443 0.121942 0.124146 0.12604 0.127609 0.128842 0.129728 0.130263 0.130441 0.130261 0.129725 0.128837 0.127603 0.126034 0.124139 0.121935 0.119436 0.116662 0.113632 0.110368 0.106893 0.103231 0.0994079 0.0954487 0.0913794 0.0872262 0.0830148 0.0787705 0.074518 0.0702811 0.0660823 0.0619428 0.0578824 0.0539192 0.0500696 0.0463481 0.0427674 0.0393383 0.0360697 0.0329688 0.0300408 0.0272895 0.024717 0.0223239 0.0201097 0.0180726 0.0162102 0.0145189 0.012995 0.0116341 0.0104317 0.00938326 0.00848433 0.00773079 0.00711889 0.00664543 0.0063078 0.00610442 
0.00676004 0.00682925 0.00704603 0.00741205 0.00792946 0.00860114 0.00943067 0.0104221 0.0115801 0.0129094 0.014415 0.0161017 0.0179741 0.0200364 0.0222922 0.024744 0.0273935 0.0302411 0.0332858 0.0365248 0.0399539 0.0435669 0.0473556 0.0513099 0.0554177 0.0596645 0.0640343 0.0685087 0.0730676 0.0776892 0.08235 0.0870251 0.0916885 0.0963131 0.100871 0.105335 0.109675 0.113864 0.117873 0.121677 0.125247 0.12856 0.131593 0.134322 0.136729 0.138796 0.140509 0.141853 0.14282 0.143403 0.143597 0.1434 0.142814 0.141844 0.140497 0.138783 0.136714 0.134306 0.131576 0.128543 0.125231 0.121662 0.117861 0.113854 0.109669 0.105333 0.100875 0.0963222 0.0917037 0.087047 0.0823788 0.0777253 0.0731111 0.0685595 0.0640925 0.0597298 0.0554898 0.0513884 0.0474399 0.0436564 0.0400478 0.0366223 0.033386 0.0303432 0.0274965 0.0248468 0.0223938 0.0201359 0.0180705 0.016194 0.0145024 0.012991 0.0116552 0.0104899 0.00949054 0.00865259 0.00797204 0.00744541 0.00706991 0.00684382 
0.00756465 0.00764191 0.00788318 0.00829024 0.00886542 0.00961183 0.0105333 0.0116343 0.0129197 0.0143946 0.0160643 0.0179339 0.0200084 0.0222922 0.0247887 0.0275007 0.0304298 0.033576 0.0369378 0.0405122 0.0442941 0.0482763 0.0524496 0.0568028 0.061322 0.0659915 0.0707933 0.0757072 0.080711 0.0857807 0.0908905 0.0960132 0.10112 0.106182 0.111169 0.11605 0.120794 0.12537 0.129749 0.133901 0.137797 0.141412 0.144718 0.147694 0.150317 0.15257 0.154435 0.1559 0.156953 0.157587 0.157797 0.157582 0.156944 0.155886 0.154418 0.152549 0.150293 0.147667 0.14469 0.141382 0.137768 0.133872 0.129722 0.125345 0.120772 0.116032 0.111156 0.106175 0.10112 0.0960195 0.0909042 0.0858022 0.0807406 0.075745 0.0708394 0.0660457 0.061384 0.0568722 0.052526 0.048359 0.0443823 0.0406051 0.0370345 0.0336754 0.030531 0.0276026 0.0248902 0.0223921 0.0201058 0.0180276 0.0161533 0.0144781 0.0129967 0.0117041 0.0105952 0.0096651 0.00890961 0.00832496 0.00790811 0.00765723 
0.00844449 0.00853053 0.0087984 0.00925003 0.00988792 0.0107154 0.0117367 0.0129564 0.0143799 0.0160125 0.01786 0.0199277 0.0222209 0.024744 0.0275007 0.0304938 0.0337245 0.0371927 0.0408965 0.0448321 0.0489936 0.0533729 0.0579597 0.0627412 0.0677021 0.072825 0.0780898 0.0834744 0.0889543 0.0945031 0.100093 0.105694 0.111274 0.116803 0.122247 0.127572 0.132746 0.137735 0.142506 0.147028 0.151271 0.155205 0.158802 0.162039 0.164892 0.167341 0.169369 0.17096 0.172105 0.172793 0.173021 0.172787 0.172092 0.170942 0.169345 0.167312 0.164859 0.162002 0.158762 0.155162 0.151227 0.146984 0.142462 0.137693 0.132707 0.127537 0.122216 0.116778 0.111256 0.105682 0.10009 0.0945083 0.0889683 0.0834975 0.0781221 0.0728664 0.0677525 0.0628001 0.0580268 0.0534475 0.0490749 0.0449192 0.0409885 0.0372886 0.0338231 0.030594 0.0276013 0.0248438 0.0223187 0.0200224 0.0179504 0.0160976 0.0144587 0.013028 0.0118003 0.0107704 0.00993365 0.00928604 0.00882435 0.0085466 
0.00940115 0.00949669 0.00979329 0.010293 0.0109986 0.0119136 0.0130425 0.0143902 0.0159625 0.0177651 0.0198039 0.0220848 0.0246131 0.0273935 0.0304298 0.0337245 0.0372788 0.0410923 0.0451624 0.0494846 0.0540523 0.0588562 0.0638846 0.0691233 0.0745554 0.0801614 0.0859193 0.0918048 0.097791 0.103849 0.109948 0.116056 0.122139 0.128162 0.13409 0.139886 0.145514 0.150938 0.156125 0.161038 0.165646 0.169917 0.173822 0.177334 0.180429 0.183084 0.185283 0.187008 0.188248 0.188994 0.18924 0.188986 0.188232 0.186984 0.185252 0.183047 0.180385 0.177285 0.173768 0.16986 0.165586 0.160977 0.156064 0.150879 0.145456 0.139831 0.13404 0.128118 0.122102 0.116026 0.109926 0.103836 0.0977876 0.0918113 0.085936 0.0801883 0.0745924 0.0691701 0.0639408 0.0589211 0.0541252 0.0495647 0.0452485 0.0411834 0.0373738 0.0338221 0.0305287 0.0274924 0.0247107 0.0221799 0.0198952 0.0178514 0.0160427 0.0144634 0.0131077 0.0119701 0.0110458 0.0103303 0.00982023 0.0095135 
0.0104358 0.0105415 0.010869 0.0114204 0.0121986 0.0132075 0.0144518 0.0159368 0.0176685 0.0196532 0.0218969 0.0244059 0.0271857 0.0302411 0.033576 0.0371927 0.0410923 0.0452737 0.049734 0.0544679 0.0594676 0.0647227 0.0702202 0.0759441 0.0818758 0.0879937 0.0942738 0.100689 0.107211 0.113807 0.120444 0.127087 0.133699 0.140242 0.146679 0.15297 0.159076 0.164958 0.170579 0.175903 0.180894 0.185518 0.189745 0.193545 0.196893 0.199765 0.202142 0.204007 0.205347 0.206153 0.206419 0.206143 0.205328 0.203978 0.202104 0.199718 0.196838 0.193483 0.189677 0.185446 0.180818 0.175825 0.1705 0.164879 0.158998 0.152895 0.146608 0.140177 0.13364 0.127036 0.120401 0.113774 0.107188 0.100677 0.0942731 0.0880044 0.0818977 0.0759771 0.0702638 0.0647765 0.0595307 0.0545395 0.049813 0.045359 0.0411826 0.0372867 0.0336723 0.0303383 0.0272824 0.0245007 0.0219885 0.0197402 0.0177498 0.0160113 0.0145184 0.0132654 0.012247 0.0114588 0.0108969 0.0105591 
0.011549 0.0116657 0.0120262 0.0126328 0.0134886 0.0145977 0.015965 0.0175965 0.0194982 0.0216768 0.0241388 0.0268906 0.029938 0.0332858 0.0369378 0.0408965 0.0451624 0.049734 0.0546078 0.0597774 0.0652342 0.0709663 0.0769592 0.0831952 0.0896537 0.0963112 0.103141 0.110114 0.117198 0.124359 0.13156 0.138764 0.145931 0.15302 0.159989 0.166797 0.173402 0.179763 0.185838 0.191589 0.196979 0.201971 0.206533 0.210633 0.214244 0.217342 0.219905 0.221915 0.223359 0.224227 0.224513 0.224215 0.223335 0.22188 0.219859 0.217286 0.214179 0.210559 0.206451 0.201883 0.196886 0.191492 0.185739 0.179662 0.173303 0.1667 0.159896 0.152932 0.14585 0.138691 0.131496 0.124304 0.117154 0.110082 0.103121 0.0963038 0.0896588 0.0832127 0.0769887 0.0710073 0.0652859 0.0598391 0.0546782 0.0498121 0.0452468 0.0409858 0.0370306 0.0333804 0.030033 0.0269845 0.0242301 0.0217641 0.0195801 0.0176718 0.0160327 0.0146566 0.013538 0.0126721 0.0120549 0.0116839 
0.0127409 0.0128693 0.0132648 0.01393 0.0148682 0.0160837 0.0175819 0.0193687 0.0214507 0.023835 0.0265283 0.0295372 0.0328677 0.0365248 0.0405122 0.0448321 0.0494846 0.0544679 0.0597774 0.0654061 0.0713438 0.0775775 0.084091 0.0908647 0.0978759 0.105099 0.112504 0.12006 0.127733 0.135484 0.143275 0.151064 0.158808 0.166465 0.173988 0.181334 0.188457 0.195314 0.201861 0.208056 0.213859 0.219232 0.224141 0.228551 0.232435 0.235765 0.238519 0.24068 0.242232 0.243164 0.243471 0.24315 0.242204 0.240639 0.238465 0.235699 0.232357 0.228463 0.224043 0.219127 0.213747 0.207939 0.201741 0.195192 0.188335 0.181214 0.173871 0.166352 0.158703 0.150966 0.143186 0.135406 0.127666 0.120007 0.112463 0.105072 0.0978624 0.0908649 0.0841046 0.0776041 0.0713827 0.0654563 0.059838 0.0545375 0.0495619 0.0449156 0.0406003 0.0366159 0.0329602 0.0296294 0.0266186 0.0239219 0.0215327 0.0194444 0.0176502 0.0161435 0.0149186 0.0139702 0.0132942 0.0128881 
0.0140108 0.0141516 0.0145842 0.0153115 0.0163368 0.0176647 0.019301 0.0212518 0.0235243 0.0261255 0.0290626 0.0323425 0.0359713 0.0399539 0.0442941 0.0489936 0.0540523 0.0594676 0.0652342 0.0713438 0.0777852 0.0845438 0.0916014 0.0989367 0.106525 0.114337 0.122342 0.130506 0.13879 0.147154 0.155557 0.163953 0.172296 0.180541 0.188638 0.19654 0.204199 0.211568 0.218601 0.225253 0.231482 0.237248 0.242513 0.247243 0.251406 0.254976 0.257928 0.260242 0.261904 0.262903 0.263231 0.262887 0.261873 0.260195 0.257865 0.254899 0.251316 0.247141 0.2424 0.237126 0.231352 0.225116 0.218459 0.211423 0.204053 0.196395 0.188496 0.180403 0.172165 0.163829 0.155443 0.147051 0.138699 0.130428 0.122279 0.114288 0.106491 0.0989179 0.0915975 0.0845543 0.0778096 0.0713811 0.0652833 0.0595273 0.0541212 0.0490701 0.0443765 0.0400405 0.0360603 0.0324323 0.0291513 0.0262114 0.0236058 0.0213276 0.0193696 0.017725 0.0163877 0.0153523 0.0146143 0.014171 
0.0153575 0.0155112 0.0159829 0.0167755 0.0178924 0.0193387 0.0211201 0.0232434 0.0257157 0.0285448 0.0317378 0.0353019 0.0392433 0.0435669 0.0482763 0.0533729 0.0588562 0.0647227 0.0709663 0.0775775 0.0845438 0.0918487 0.0994724 0.107391 0.115578 0.124003 0.13263 0.141422 0.150339 0.159337 0.168372 0.177394 0.186355 0.195205 0.203893 0.212367 0.220576 0.228471 0.236003 0.243124 0.24979 0.255958 0.261588 0.266645 0.271094 0.274908 0.278062 0.280534 0.282309 0.283375 0.283725 0.283357 0.282273 0.28048 0.277991 0.274822 0.270992 0.266528 0.261459 0.255818 0.24964 0.242966 0.235839 0.228303 0.220406 0.212196 0.203724 0.195041 0.186197 0.177244 0.168231 0.159208 0.150222 0.141319 0.132542 0.123931 0.115523 0.107352 0.0994494 0.0918416 0.0845521 0.0776004 0.0710026 0.0647712 0.0589154 0.0534412 0.0483518 0.043648 0.0393279 0.0353883 0.031824 0.028629 0.0257963 0.0233186 0.0211886 0.0193991 0.0179437 0.0168167 0.0160135 0.0155312 
0.0167786 0.0169461 0.0174588 0.0183197 0.0195326 0.0211026 0.0230359 0.0253395 0.028021 0.031088 0.0345483 0.0384091 0.0426765 0.0473556 0.0524496 0.0579597 0.0638846 0.0702202 0.0769592 0.084091 0.0916014 0.0994724 0.107682 0.116205 0.125011 0.134066 0.143335 0.152775 0.162344 0.171995 0.181678 0.191344 0.200939 0.210409 0.219701 0.22876 0.237533 0.245965 0.254006 0.261606 0.268717 0.275294 0.281296 0.286685 0.291426 0.295488 0.298847 0.301479 0.303369 0.304503 0.304876 0.304483 0.303329 0.301419 0.298768 0.295391 0.291311 0.286555 0.281151 0.275136 0.268547 0.261427 0.25382 0.245773 0.237337 0.228564 0.219506 0.210217 0.200752 0.191165 0.181509 0.171837 0.1622 0.152646 0.143221 0.13397 0.124931 0.116143 0.107638 0.0994461 0.0915921 0.0840979 0.0769812 0.070256 0.0639328 0.0580185 0.0525172 0.0474301 0.0427558 0.0384912 0.0346313 0.0311699 0.0280999 0.0254137 0.0231038 0.0211628 0.0195839 0.0183612 0.0174897 0.0169666 
0.0182714 0.0184532 0.0190085 0.0199407 0.0212536 0.0229526 0.0250442 0.0275355 0.0304344 0.033749 0.0374871 0.041656 0.046262 0.0513099 0.0568028 0.0627412 0.0691233 0.0759441 0.0831952 0.0908647 0.0989367 0.107391 0.116205 0.125349 0.134791 0.144496 0.154422 0.164527 0.174764 0.185082 0.19543 0.205752 0.215994 0.226097 0.236005 0.24566 0.255005 0.263984 0.272542 0.280627 0.288189 0.295181 0.30156 0.307285 0.31232 0.316635 0.3202 0.322994 0.325 0.326203 0.326598 0.326181 0.324955 0.322928 0.320113 0.316527 0.312194 0.30714 0.301399 0.295005 0.288 0.280426 0.272332 0.263767 0.254784 0.245437 0.235783 0.225877 0.215779 0.205545 0.195232 0.184896 0.174591 0.16437 0.154281 0.144373 0.134687 0.125263 0.116139 0.107344 0.0989083 0.0908542 0.0832016 0.075966 0.0691592 0.0627893 0.0568612 0.0513767 0.046335 0.0417331 0.0375661 0.0338278 0.030511 0.0276081 0.025111 0.0230123 0.0213047 0.0199822 0.0190397 0.0184741 
0.0198319 0.0200285 0.0206282 0.0216344 0.023051 0.0248837 0.0271392 0.029825 0.0329492 0.03652 0.0405455 0.0450331 0.0499889 0.0554177 0.061322 0.0677021 0.0745554 0.0818758 0.0896537 0.0978759 0.106525 0.115578 0.125011 0.134791 0.144885 0.155253 0.165852 0.176635 0.187552 0.19855 0.209574 0.220564 0.231462 0.242208 0.252741 0.262999 0.272923 0.282454 0.291535 0.30011 0.308127 0.315537 0.322295 0.328359 0.333691 0.338258 0.342031 0.344988 0.34711 0.348383 0.348801 0.348359 0.347061 0.344916 0.341936 0.33814 0.333552 0.3282 0.322118 0.315343 0.307918 0.299888 0.291302 0.282213 0.272676 0.262749 0.25249 0.241959 0.231218 0.220327 0.209346 0.198334 0.18735 0.176448 0.165682 0.155102 0.144754 0.134681 0.124921 0.115509 0.106476 0.0978467 0.0896431 0.0818824 0.0745777 0.0677384 0.0613702 0.0554757 0.0500545 0.0451041 0.0406196 0.036595 0.0330229 0.0298955 0.0272046 0.0249424 0.0231016 0.0216757 0.0206595 0.0200498 
0.0214554 0.0216674 0.0223129 0.0233954 0.0249191 0.0268898 0.0293145 0.0322008 0.0355571 0.0393919 0.0437134 0.0485288 0.0538443 0.0596645 0.0659915 0.072825 0.0801614 0.0879937 0.0963112 0.105099 0.114337 0.124003 0.134066 0.144496 0.155253 0.166296 0.177578 0.18905 0.200658 0.212345 0.224053 0.235719 0.247281 0.258675 0.269838 0.280704 0.291211 0.301298 0.310903 0.31997 0.328444 0.336274 0.343412 0.349815 0.355443 0.360263 0.364245 0.367364 0.369602 0.370945 0.371385 0.370919 0.36955 0.367286 0.364141 0.360135 0.355292 0.349642 0.343219 0.336062 0.328215 0.319727 0.310647 0.301032 0.290938 0.280427 0.269558 0.258397 0.247007 0.235451 0.223794 0.212098 0.200425 0.188833 0.177379 0.166116 0.155094 0.144359 0.133952 0.12391 0.114267 0.105049 0.0962822 0.0879838 0.080169 0.0728482 0.0660284 0.0597128 0.0539017 0.0485929 0.0437818 0.0394624 0.0356273 0.0322686 0.0293779 0.0269471 0.0249688 0.0234363 0.0223441 0.0216889 
0.0231363 0.0233641 0.0240567 0.0252176 0.0268513 0.0289638 0.031562 0.0346542 0.0382486 0.0423541 0.0469787 0.0521299 0.0578137 0.0640343 0.0707933 0.0780898 0.0859193 0.0942738 0.103141 0.112504 0.122342 0.13263 0.143335 0.154422 0.165852 0.177578 0.189552 0.20172 0.214025 0.226407 0.238804 0.251151 0.26338 0.275426 0.28722 0.298696 0.309788 0.32043 0.33056 0.340119 0.349049 0.357297 0.364814 0.371554 0.377478 0.38255 0.386739 0.39002 0.392374 0.393786 0.394248 0.393758 0.392317 0.389936 0.386628 0.382412 0.377316 0.371368 0.364605 0.357068 0.348801 0.339855 0.330282 0.32014 0.309489 0.298392 0.286913 0.275118 0.263076 0.250852 0.238514 0.226129 0.213761 0.201472 0.189323 0.177369 0.165665 0.154258 0.143194 0.132512 0.122249 0.112434 0.103093 0.0942462 0.085911 0.0780989 0.0708178 0.0640718 0.0578619 0.0521863 0.0470407 0.0424193 0.0383146 0.0347187 0.031623 0.0290193 0.0268999 0.0252578 0.0240876 0.0233858 
0.0248679 0.025112 0.0258527 0.0270939 0.02884 0.0310973 0.033873 0.0371752 0.0410128 0.0453944 0.0503283 0.0558217 0.0618806 0.0685087 0.0757072 0.0834744 0.0918048 0.100689 0.110114 0.12006 0.130506 0.141422 0.152775 0.164527 0.176635 0.18905 0.20172 0.214588 0.227594 0.240674 0.253762 0.266789 0.279687 0.292384 0.304809 0.316893 0.328567 0.339762 0.350415 0.360462 0.369845 0.378508 0.3864 0.393476 0.399692 0.405013 0.409407 0.412848 0.415316 0.416797 0.417281 0.416767 0.415256 0.412759 0.409289 0.404867 0.399519 0.393277 0.386177 0.378262 0.369578 0.360177 0.350115 0.339449 0.328243 0.316562 0.304474 0.292047 0.279352 0.26646 0.253441 0.240364 0.227298 0.214309 0.20146 0.188811 0.176418 0.164335 0.152607 0.141279 0.130388 0.119968 0.110045 0.100643 0.0917796 0.0834684 0.0757183 0.0685345 0.0619187 0.0558695 0.0503831 0.0454537 0.041074 0.0372359 0.033931 0.0311507 0.028887 0.0271332 0.0258832 0.0251337 
0.0266428 0.0269034 0.0276932 0.029016 0.0308765 0.0332811 0.0362371 0.039753 0.0438375 0.0484994 0.0537471 0.0595877 0.0660267 0.0730676 0.080711 0.0889543 0.097791 0.107211 0.117198 0.127733 0.13879 0.150339 0.162344 0.174764 0.187552 0.200658 0.214025 0.227594 0.2413 0.255077 0.268854 0.282561 0.296123 0.309467 0.32252 0.335208 0.347458 0.359202 0.370372 0.380902 0.390732 0.399805 0.408068 0.415473 0.421978 0.427544 0.43214 0.435738 0.438319 0.439867 0.440373 0.439835 0.438255 0.435644 0.432014 0.427389 0.421794 0.415262 0.40783 0.399543 0.390448 0.380598 0.37005 0.358866 0.34711 0.334851 0.322157 0.309102 0.295759 0.282201 0.268502 0.254735 0.240973 0.227283 0.213734 0.200388 0.187306 0.174542 0.162148 0.15017 0.138648 0.127617 0.117107 0.107145 0.0977479 0.0889322 0.0807079 0.0730809 0.0660539 0.0596261 0.053794 0.0485521 0.0438933 0.0398094 0.0362918 0.0333319 0.0309218 0.0290541 0.0277231 0.0269252 
0.0284527 0.0287301 0.0295695 0.030975 0.0329513 0.0355049 0.0386433 0.0423751 0.0467092 0.0516544 0.0572189 0.0634097 0.0702322 0.0776892 0.0857807 0.0945031 0.103849 0.113807 0.124359 0.135484 0.147154 0.159337 0.171995 0.185082 0.19855 0.212345 0.226407 0.240674 0.255077 0.269546 0.284008 0.298387 0.312608 0.326593 0.340266 0.35355 0.36637 0.378654 0.390332 0.401337 0.411607 0.421082 0.429709 0.437438 0.444225 0.450031 0.454824 0.458577 0.461268 0.462882 0.46341 0.462848 0.461201 0.458478 0.454693 0.449868 0.444031 0.437215 0.429458 0.420805 0.411306 0.401015 0.38999 0.378295 0.365998 0.353167 0.339876 0.3262 0.312215 0.297997 0.283624 0.269173 0.254718 0.240331 0.226085 0.212044 0.198274 0.184831 0.171771 0.159141 0.146987 0.135344 0.124246 0.11372 0.103787 0.0944643 0.0857625 0.0776892 0.0702478 0.0634382 0.0572573 0.0516999 0.0467591 0.0424267 0.0386942 0.0355528 0.0329945 0.0310118 0.0295988 0.0287518 
0.0302884 0.0305827 0.0314722 0.0329609 0.0350538 0.0377574 0.0410794 0.0450285 0.0496135 0.0548433 0.0607261 0.0672686 0.0744758 0.08235 0.0908905 0.100093 0.109948 0.120444 0.13156 0.143275 0.155557 0.168372 0.181678 0.19543 0.209574 0.224053 0.238804 0.253762 0.268854 0.284008 0.299145 0.314189 0.329059 0.343675 0.357958 0.371827 0.385206 0.398019 0.410196 0.421666 0.432365 0.442233 0.451215 0.459259 0.466322 0.472362 0.477348 0.48125 0.484048 0.485726 0.486275 0.485691 0.483979 0.481146 0.47721 0.472192 0.466119 0.459026 0.450952 0.441943 0.432049 0.421326 0.409834 0.39764 0.384811 0.37142 0.357542 0.343255 0.328638 0.31377 0.298732 0.283604 0.268464 0.253388 0.23845 0.223721 0.209267 0.195149 0.181426 0.168148 0.155363 0.14311 0.131425 0.120336 0.109867 0.100037 0.0908566 0.0823361 0.0744791 0.0672864 0.0607553 0.0548811 0.0496569 0.0450748 0.0411261 0.0378022 0.0350946 0.0329962 0.0315006 0.0306043 
0.0321401 0.0324514 0.033391 0.0349631 0.0371728 0.0400266 0.0435323 0.0476987 0.0525347 0.0580491 0.0642498 0.0711435 0.0787347 0.0870251 0.0960132 0.105694 0.116056 0.127087 0.138764 0.151064 0.163953 0.177394 0.191344 0.205752 0.220564 0.235719 0.251151 0.266789 0.282561 0.298387 0.314189 0.329885 0.345391 0.360625 0.375504 0.389945 0.403869 0.417199 0.429861 0.441783 0.452901 0.463151 0.472477 0.480827 0.488156 0.494424 0.499595 0.503643 0.506545 0.508285 0.508854 0.508249 0.506473 0.503535 0.499453 0.494247 0.487946 0.480584 0.472203 0.462847 0.45257 0.441427 0.429482 0.4168 0.403453 0.389515 0.375064 0.360179 0.344942 0.329437 0.313746 0.297953 0.282139 0.266384 0.250765 0.235356 0.220227 0.205442 0.191063 0.177143 0.163733 0.150875 0.138606 0.126958 0.115956 0.105619 0.0959632 0.0869968 0.0787253 0.0711502 0.0642695 0.0580787 0.0525713 0.0477394 0.0435745 0.0400678 0.037211 0.0349966 0.0334184 0.0324728 
0.0339972 0.0343254 0.035315 0.0369702 0.0392962 0.0422995 0.0459881 0.0503707 0.0554563 0.0612536 0.0677704 0.0750129 0.0829852 0.0916885 0.10112 0.111274 0.122139 0.133699 0.145931 0.158808 0.172296 0.186355 0.200939 0.215994 0.231462 0.247281 0.26338 0.279687 0.296123 0.312608 0.329059 0.345391 0.361518 0.377354 0.392812 0.40781 0.422264 0.436095 0.449226 0.461587 0.473108 0.483727 0.493385 0.502031 0.509617 0.516103 0.521454 0.525641 0.528643 0.530443 0.531031 0.530406 0.528569 0.525531 0.521307 0.51592 0.509399 0.501779 0.493101 0.483412 0.472764 0.461216 0.448831 0.435677 0.421827 0.407358 0.392349 0.376882 0.361043 0.344916 0.328588 0.312145 0.295672 0.279252 0.262965 0.246888 0.231095 0.215654 0.200629 0.186077 0.17205 0.158594 0.145749 0.133548 0.122019 0.111182 0.101054 0.0916453 0.0829627 0.075008 0.06778 0.0612747 0.0554857 0.0504055 0.0460255 0.042337 0.0393316 0.0370018 0.0353413 0.0343466 
0.0358486 0.0361936 0.0372326 0.0389702 0.0414112 0.0445626 0.0484322 0.0530287 0.0583612 0.0644381 0.0712671 0.0788541 0.0872026 0.0963131 0.106182 0.116803 0.128162 0.140242 0.15302 0.166465 0.180541 0.195205 0.210409 0.226097 0.242208 0.258675 0.275426 0.292384 0.309467 0.326593 0.343675 0.360625 0.377354 0.393772 0.409792 0.425327 0.440292 0.454606 0.468191 0.480973 0.492882 0.503855 0.513833 0.522762 0.530595 0.53729 0.542813 0.547134 0.550231 0.552088 0.552695 0.55205 0.550155 0.54702 0.542662 0.537102 0.530371 0.522503 0.51354 0.50353 0.492527 0.480588 0.46778 0.454172 0.439837 0.424855 0.409307 0.393277 0.376853 0.360124 0.343177 0.326102 0.308987 0.291919 0.274981 0.258253 0.241812 0.225729 0.210071 0.1949 0.180268 0.166226 0.152815 0.14007 0.128021 0.116692 0.106099 0.0962548 0.0871666 0.0788373 0.0712665 0.0644503 0.0583831 0.0530573 0.0484645 0.0445961 0.0414437 0.0389997 0.0372578 0.0362144 
0.0376825 0.0380441 0.0391319 0.0409504 0.0435048 0.0468018 0.0508494 0.0556563 0.0612314 0.0675831 0.0747187 0.0826438 0.0913614 0.100871 0.111169 0.122247 0.13409 0.146679 0.159989 0.173988 0.188638 0.203893 0.219701 0.236005 0.252741 0.269838 0.28722 0.304809 0.32252 0.340266 0.357958 0.375504 0.392812 0.409792 0.426352 0.442403 0.457859 0.472637 0.486655 0.499841 0.512122 0.523433 0.533715 0.542914 0.550982 0.557876 0.563562 0.568011 0.571199 0.57311 0.573735 0.573071 0.571121 0.567895 0.563408 0.557684 0.550753 0.542649 0.533415 0.523099 0.511755 0.499444 0.486231 0.472187 0.457388 0.441913 0.425847 0.409275 0.392289 0.374977 0.357433 0.339748 0.322012 0.304316 0.286746 0.269386 0.252316 0.235609 0.219336 0.20356 0.18834 0.173725 0.159761 0.146485 0.133929 0.122117 0.111069 0.100798 0.0913117 0.082615 0.0747075 0.0675862 0.0612456 0.0556784 0.0508765 0.0468312 0.0435341 0.0409778 0.0391558 0.0380645 
0.0394872 0.0398649 0.0410004 0.0428982 0.0455633 0.0490027 0.0532243 0.0582367 0.0640488 0.0706687 0.0781035 0.0863584 0.0954357 0.105335 0.11605 0.127572 0.139886 0.15297 0.166797 0.181334 0.19654 0.212367 0.22876 0.24566 0.262999 0.280704 0.298696 0.316893 0.335208 0.35355 0.371827 0.389945 0.40781 0.425327 0.442403 0.458948 0.474872 0.490091 0.504523 0.518092 0.530726 0.542358 0.552929 0.562384 0.570674 0.577757 0.583598 0.588167 0.591441 0.593404 0.594046 0.593365 0.591362 0.588049 0.583441 0.577562 0.570441 0.562114 0.552623 0.542017 0.53035 0.517685 0.504087 0.489628 0.474385 0.45844 0.441879 0.42479 0.407264 0.389395 0.371278 0.353006 0.334674 0.316373 0.298195 0.280225 0.262546 0.245236 0.228368 0.212008 0.196216 0.181047 0.166546 0.152754 0.139704 0.127424 0.115933 0.105246 0.0953723 0.0863174 0.0780817 0.0706626 0.0640551 0.0582523 0.053246 0.0490278 0.0455894 0.0429233 0.041023 0.0398849 
0.0412502 0.0416437 0.0428256 0.0448002 0.047573 0.0511506 0.055541 0.0607528 0.0667947 0.0736747 0.0813995 0.0899738 0.0993995 0.109675 0.120794 0.132746 0.145514 0.159076 0.173402 0.188457 0.204199 0.220576 0.237533 0.255005 0.272923 0.291211 0.309788 0.328567 0.347458 0.36637 0.385206 0.403869 0.422264 0.440292 0.457859 0.474872 0.491241 0.506878 0.521701 0.535632 0.548599 0.560535 0.571378 0.581074 0.589573 0.596834 0.60282 0.607502 0.610856 0.612868 0.613526 0.612828 0.610777 0.607382 0.602661 0.596636 0.589337 0.580799 0.571066 0.560187 0.548216 0.535216 0.521254 0.506402 0.49074 0.474349 0.457318 0.439736 0.421698 0.403298 0.384634 0.365802 0.346899 0.328021 0.30926 0.290706 0.272444 0.254555 0.237115 0.220192 0.203851 0.188146 0.173128 0.158839 0.145313 0.132579 0.12066 0.109571 0.0993225 0.0899208 0.081367 0.0736594 0.0667932 0.0607618 0.0555573 0.0511714 0.0475958 0.044823 0.0428467 0.0416632 
0.0429593 0.043368 0.0445946 0.0466434 0.0495198 0.0532306 0.0577837 0.0631875 0.0694507 0.0765809 0.0845847 0.0934662 0.103227 0.113864 0.12537 0.137735 0.150938 0.164958 0.179763 0.195314 0.211568 0.228471 0.245965 0.263984 0.282454 0.301298 0.32043 0.339762 0.359202 0.378654 0.398019 0.417199 0.436095 0.454606 0.472637 0.490091 0.506878 0.522908 0.538098 0.55237 0.56565 0.577869 0.588968 0.598889 0.607584 0.61501 0.621132 0.625919 0.629349 0.631406 0.632079 0.631366 0.629269 0.625799 0.620972 0.614811 0.607345 0.598611 0.588652 0.577516 0.56526 0.551946 0.537642 0.522422 0.506365 0.489554 0.47208 0.454033 0.43551 0.416608 0.397426 0.378064 0.35862 0.339192 0.319877 0.300767 0.281949 0.263508 0.245522 0.228063 0.211196 0.19498 0.179467 0.164701 0.150719 0.13755 0.12522 0.113745 0.103136 0.0934013 0.0845418 0.0765565 0.0694413 0.0631899 0.0577945 0.0532471 0.0495394 0.0466639 0.0446143 0.0433871 
0.0446022 0.0450255 0.0462947 0.0484145 0.05139 0.0552281 0.0599366 0.0655239 0.0719983 0.0793675 0.0876375 0.096812 0.106892 0.117873 0.129749 0.142506 0.156125 0.170579 0.185838 0.201861 0.218601 0.236003 0.254006 0.272542 0.291535 0.310903 0.33056 0.350415 0.370372 0.390332 0.410196 0.429861 0.449226 0.468191 0.486655 0.504523 0.521701 0.538098 0.553632 0.568221 0.581791 0.594275 0.60561 0.615741 0.624617 0.632197 0.638445 0.64333 0.64683 0.648929 0.649616 0.648889 0.64675 0.64321 0.638284 0.631997 0.624377 0.61546 0.605291 0.593918 0.581397 0.567791 0.553168 0.537603 0.521177 0.503974 0.486085 0.467603 0.448625 0.429252 0.409583 0.389721 0.369767 0.349822 0.329984 0.310349 0.291006 0.272043 0.25354 0.235572 0.218207 0.201505 0.185522 0.170303 0.155886 0.142305 0.129583 0.11774 0.106788 0.0967354 0.0875843 0.0793342 0.0719813 0.0655197 0.0599421 0.0552403 0.0514063 0.0484326 0.046313 0.045044 
0.0461667 0.0466038 0.0479135 0.0501005 0.0531699 0.0571286 0.0619842 0.0677451 0.0744196 0.0820148 0.0905365 0.099988 0.110369 0.121677 0.133901 0.147028 0.161038 0.175903 0.191589 0.208056 0.225253 0.243124 0.261606 0.280627 0.30011 0.31997 0.340119 0.360462 0.380902 0.401337 0.421666 0.441783 0.461587 0.480973 0.499841 0.518092 0.535632 0.55237 0.568221 0.583103 0.596942 0.60967 0.621224 0.631547 0.640591 0.648312 0.654676 0.659651 0.663215 0.665352 0.666052 0.665312 0.663135 0.65953 0.654515 0.648111 0.640349 0.631265 0.620902 0.60931 0.596544 0.582668 0.567751 0.551867 0.535099 0.517533 0.499258 0.480371 0.460971 0.441158 0.421035 0.400707 0.380277 0.359849 0.339522 0.319394 0.299559 0.280105 0.261117 0.242671 0.224838 0.20768 0.191254 0.175608 0.160782 0.146811 0.13372 0.12153 0.110254 0.0999003 0.0904734 0.0819728 0.0743951 0.0677347 0.0619845 0.0571365 0.053183 0.0501163 0.0479305 0.0466218 
0.0476411 0.0480911 0.0494388 0.0516888 0.0548463 0.0589179 0.0639115 0.0698352 0.0766969 0.0845038 0.0932613 0.102972 0.113636 0.125247 0.137797 0.151271 0.165646 0.180894 0.196979 0.213859 0.231482 0.24979 0.268717 0.288189 0.308127 0.328444 0.349049 0.369845 0.390732 0.411607 0.432365 0.452901 0.473108 0.492882 0.512122 0.530726 0.548599 0.56565 0.581791 0.596942 0.611028 0.623978 0.635732 0.646231 0.655428 0.663278 0.669747 0.674804 0.678427 0.680599 0.681311 0.680559 0.678347 0.674683 0.669586 0.663077 0.655186 0.645949 0.635409 0.623616 0.610626 0.596503 0.581316 0.565141 0.548059 0.530157 0.511529 0.492269 0.472479 0.45226 0.431719 0.41096 0.390089 0.369212 0.348432 0.327847 0.307555 0.287647 0.268207 0.249317 0.231047 0.213464 0.196625 0.180581 0.165373 0.151038 0.137602 0.125087 0.113508 0.102874 0.0931887 0.0844536 0.0766653 0.0698187 0.0639067 0.0589219 0.0548562 0.0517024 0.0494544 0.0481086 
