3.0018e-09 3.1681e-09 4.27272e-09 6.59611e-09 1.0696e-08 1.75112e-08 2.85209e-08 4.59784e-08 7.3242e-08 1.15226e-07 1.79005e-07 2.74599e-07 4.15979e-07 6.22311e-07 9.19472e-07 1.34183e-06 1.93428e-06 2.75448e-06 3.87525e-06 5.38688e-06 7.39932e-06 1.00439e-05 1.34745e-05 1.78675e-05 2.34203e-05 3.03489e-05 3.88824e-05 4.92565e-05 6.17041e-05 7.64443e-05 9.3669e-05 0.000113529 0.00013612 0.000161466 0.000189508 0.000220094 0.00025297 0.00028778 0.000324065 0.000361273 0.000398772 0.000435867 0.00047182 0.000505876 0.00053729 0.000565349 0.000589403 0.00060888 0.000623313 0.000632352 0.000635779 0.000633509 0.000625602 0.000612254 0.000593791 0.000570662 0.000543418 0.0005127 0.000479207 0.000443679 0.000406868 0.000369514 0.000332316 0.000295916 0.000260877 0.000227673 0.000196675 0.000168156 0.000142285 0.000119139 9.87094e-05 8.09171e-05 6.56244e-05 5.26502e-05 4.17841e-05 3.27994e-05 2.54643e-05 1.95513e-05 1.48446e-05 1.11448e-05 8.27285e-06 6.07138e-06 4.40489e-06 3.15914e-06 2.23952e-06 1.56916e-06 1.08661e-06 7.43623e-07 5.02893e-07 3.36063e-07 2.21906e-07 1.44779e-07 9.33314e-08 5.94511e-08 3.74291e-08 2.33089e-08 1.43934e-08 8.87766e-09 5.58416e-09 3.77987e-09 
3.1681e-09 3.34704e-09 4.52605e-09 7.00708e-09 1.13909e-08 1.86899e-08 3.05009e-08 4.92602e-08 7.86034e-08 1.23858e-07 1.92701e-07 2.96019e-07 4.49005e-07 6.72519e-07 9.94743e-07 1.45313e-06 2.09664e-06 2.98816e-06 4.20713e-06 5.85209e-06 8.04303e-06 1.09233e-05 1.46608e-05 1.94479e-05 2.55e-05 3.30524e-05 4.2355e-05 5.36643e-05 6.72339e-05 8.33017e-05 0.000102076 0.000123721 0.000148337 0.000175951 0.000206497 0.000239807 0.000275604 0.000313496 0.000352985 0.000393469 0.000434259 0.000474599 0.000513687 0.000550703 0.000584839 0.000615323 0.000641447 0.000662594 0.000678258 0.000688061 0.000691766 0.000689283 0.000680676 0.000666157 0.000646082 0.000620935 0.000591316 0.000557917 0.000521499 0.000482864 0.000442829 0.000402196 0.000361729 0.000322123 0.000283994 0.000247854 0.000214113 0.000183065 0.000154897 0.000129694 0.000107447 8.80709e-05 7.14167e-05 5.72875e-05 4.54547e-05 3.56715e-05 2.76856e-05 2.12492e-05 1.6127e-05 1.21018e-05 8.97838e-06 6.58514e-06 4.77439e-06 3.42155e-06 2.42353e-06 1.69653e-06 1.17365e-06 8.02318e-07 5.41953e-07 3.61711e-07 2.3852e-07 1.55395e-07 1.00022e-07 6.36094e-08 3.99779e-08 2.48504e-08 1.53148e-08 9.42546e-09 5.91464e-09 3.99427e-09 
4.27272e-09 4.52605e-09 6.13123e-09 9.49822e-09 1.54402e-08 2.53251e-08 4.13076e-08 6.66709e-08 1.06307e-07 1.67371e-07 2.60159e-07 3.99244e-07 6.04916e-07 9.0498e-07 1.33691e-06 1.9504e-06 2.81021e-06 3.99935e-06 5.62234e-06 7.80844e-06 1.07146e-05 1.45277e-05 1.94659e-05 2.57781e-05 3.37423e-05 4.36607e-05 5.58528e-05 7.06451e-05 8.83581e-05 0.000109291 0.000133702 0.000161792 0.000193679 0.000229385 0.000268813 0.000311736 0.000357788 0.000406461 0.000457109 0.00050896 0.000561134 0.000612667 0.000662543 0.000709723 0.000753187 0.000791962 0.00082516 0.000852006 0.000871866 0.000884268 0.000888915 0.000885698 0.000874697 0.000856181 0.000830594 0.000798548 0.000760796 0.000718208 0.000671745 0.000622419 0.000571264 0.000519297 0.000467488 0.000416726 0.000367796 0.000321361 0.000277948 0.000237943 0.000201595 0.000169022 0.000140224 0.000115102 9.34711e-05 7.50888e-05 5.96673e-05 4.68947e-05 3.64501e-05 2.80172e-05 2.12944e-05 1.60022e-05 1.18887e-05 8.73149e-06 6.33883e-06 4.54841e-06 3.22556e-06 2.26055e-06 1.5655e-06 1.07126e-06 7.24293e-07 4.83818e-07 3.19285e-07 2.08156e-07 1.34062e-07 8.53014e-08 5.36342e-08 3.3351e-08 2.05598e-08 1.26576e-08 7.94715e-09 5.37318e-09 
6.59611e-09 7.00708e-09 9.49822e-09 1.46999e-08 2.38571e-08 3.90579e-08 6.35827e-08 1.02416e-07 1.62962e-07 2.56022e-07 3.97083e-07 6.07993e-07 9.19076e-07 1.37173e-06 2.02155e-06 2.94195e-06 4.22827e-06 6.00218e-06 8.41625e-06 1.16584e-05 1.59555e-05 2.15769e-05 2.8835e-05 3.80849e-05 4.97206e-05 6.41683e-05 8.18755e-05 0.000103296 0.000128873 0.000159014 0.000194068 0.000234295 0.000279842 0.000330714 0.000386753 0.000447617 0.000512774 0.000581492 0.000652855 0.000725774 0.000799016 0.000871237 0.000941025 0.00100695 0.00106759 0.00112163 0.00116783 0.00120515 0.00123272 0.00124988 0.00125625 0.00125167 0.00123626 0.00121038 0.00117465 0.0011299 0.00107716 0.00101763 0.000952638 0.000883572 0.000811862 0.000738921 0.000666097 0.000594632 0.000525631 0.00046003 0.00039858 0.00034184 0.000290177 0.000243777 0.00020266 0.000166704 0.000135672 0.000109233 8.69952e-05 6.85295e-05 5.33898e-05 4.11334e-05 3.13363e-05 2.36034e-05 1.75767e-05 1.29388e-05 9.41467e-06 6.77071e-06 4.8122e-06 3.37986e-06 2.34567e-06 1.60848e-06 1.08972e-06 7.29365e-07 4.82256e-07 3.14991e-07 2.03237e-07 1.29543e-07 8.15902e-08 5.08195e-08 3.13815e-08 1.93554e-08 1.21799e-08 8.26028e-09 
1.0696e-08 1.13909e-08 1.54402e-08 2.38571e-08 3.86339e-08 6.31015e-08 1.02477e-07 1.64663e-07 2.6136e-07 4.09576e-07 6.33616e-07 9.6764e-07 1.45888e-06 2.17155e-06 3.19158e-06 4.63194e-06 6.6387e-06 9.39746e-06 1.31399e-05 1.815e-05 2.47691e-05 3.34001e-05 4.45081e-05 5.86188e-05 7.6312e-05 9.82111e-05 0.000124966 0.000157232 0.00019564 0.000240765 0.000293091 0.000352969 0.000420578 0.00049589 0.000578636 0.000668286 0.000764031 0.000864783 0.000969189 0.00107566 0.0011824 0.00128746 0.00138882 0.00148442 0.00157225 0.0016504 0.00171714 0.00177097 0.00181068 0.00183534 0.0018444 0.00183765 0.00181525 0.00177773 0.00172595 0.0016611 0.00158465 0.0014983 0.00140394 0.00130356 0.00119922 0.00109293 0.000986642 0.000882167 0.000781109 0.000684843 0.000594482 0.000510865 0.000434556 0.000365855 0.000304826 0.000251321 0.000205019 0.000165465 0.000132104 0.000104323 8.14807e-05 6.29355e-05 4.80682e-05 3.62993e-05 2.71001e-05 2.00003e-05 1.45898e-05 1.0519e-05 7.49492e-06 5.27708e-06 3.67129e-06 2.52353e-06 1.7137e-06 1.14967e-06 7.61894e-07 4.98754e-07 3.22509e-07 2.06009e-07 1.30027e-07 8.11599e-08 5.02252e-08 3.10504e-08 1.95941e-08 1.3336e-08 
1.75112e-08 1.86899e-08 2.53251e-08 3.90579e-08 6.31015e-08 1.02811e-07 1.66549e-07 2.6694e-07 4.22619e-07 6.60573e-07 1.01923e-06 1.55242e-06 2.33423e-06 3.46509e-06 5.07871e-06 7.35025e-06 1.05052e-05 1.48287e-05 2.06751e-05 2.84767e-05 3.87508e-05 5.21042e-05 6.92341e-05 9.09242e-05 0.000118034 0.00015148 0.000192213 0.000241182 0.000299294 0.000367364 0.000446064 0.000535862 0.000636972 0.0007493 0.000872396 0.00100543 0.00114717 0.00129599 0.00144987 0.00160648 0.00176319 0.00191718 0.00206549 0.00220515 0.00233329 0.00244715 0.00254428 0.00262253 0.00268015 0.00271586 0.00272885 0.00271885 0.00268608 0.00263129 0.00255572 0.00246108 0.00234945 0.00222328 0.00208528 0.00193832 0.00178534 0.0016293 0.00147302 0.00131914 0.00117001 0.00102767 0.000893782 0.000769608 0.000656022 0.000553514 0.000462221 0.000381975 0.000312346 0.000252699 0.000202251 0.000160121 0.000125381 9.70928e-05 7.43484e-05 5.62906e-05 4.21342e-05 3.11762e-05 2.28011e-05 1.64812e-05 1.1773e-05 8.31005e-06 5.79573e-06 3.99361e-06 2.71859e-06 1.82817e-06 1.2144e-06 7.96815e-07 5.1642e-07 3.30615e-07 2.09138e-07 1.30829e-07 8.11472e-08 5.0291e-08 3.18284e-08 2.17414e-08 
2.85209e-08 3.05009e-08 4.13076e-08 6.35827e-08 1.02477e-07 1.66549e-07 2.69122e-07 4.30246e-07 6.79417e-07 1.05921e-06 1.63001e-06 2.4761e-06 3.71308e-06 5.49693e-06 8.03458e-06 1.15959e-05 1.65268e-05 2.32627e-05 3.23423e-05 4.44196e-05 6.02729e-05 8.0811e-05 0.000107072 0.000140217 0.000181509 0.000232289 0.000293936 0.000367816 0.000455218 0.000557287 0.000674944 0.000808806 0.000959109 0.00112563 0.00130764 0.00150386 0.00171241 0.00193088 0.0021563 0.00238525 0.00261391 0.00283819 0.00305385 0.00325665 0.00344243 0.00360732 0.0037478 0.00386083 0.00394396 0.00399536 0.0040139 0.0039992 0.00395157 0.0038721 0.00376252 0.00362526 0.0034633 0.00328011 0.00307954 0.0028657 0.00264283 0.00241515 0.00218676 0.00196147 0.00174272 0.00153351 0.0013363 0.00115298 0.000984894 0.000832826 0.000697049 0.000577385 0.000473269 0.000383832 0.000307973 0.000244439 0.000191895 0.000148984 0.00011438 8.6825e-05 6.51589e-05 4.83379e-05 3.5444e-05 2.56858e-05 1.83948e-05 1.3017e-05 9.10121e-06 6.28679e-06 4.29009e-06 2.8919e-06 1.92556e-06 1.26639e-06 8.22647e-07 5.27862e-07 3.34663e-07 2.09825e-07 1.30446e-07 8.10464e-08 5.14441e-08 3.52669e-08 
4.59784e-08 4.92602e-08 6.66709e-08 1.02416e-07 1.64663e-07 2.6694e-07 4.30246e-07 6.86079e-07 1.08062e-06 1.68027e-06 2.57895e-06 3.90713e-06 5.84316e-06 8.6267e-06 1.25744e-05 1.80973e-05 2.57202e-05 3.61006e-05 5.00479e-05 6.85399e-05 9.27346e-05 0.000123977 0.000163794 0.000213883 0.000276081 0.000352323 0.000444583 0.000554797 0.000684775 0.000836097 0.00101 0.00120728 0.00142815 0.00167219 0.00193821 0.00222426 0.00252755 0.00284453 0.00317087 0.00350163 0.00383134 0.00415415 0.00446404 0.00475499 0.00502117 0.0052571 0.00545786 0.00561921 0.00573771 0.00581083 0.005837 0.00581568 0.00574733 0.00563344 0.00547648 0.00527983 0.00504766 0.00478484 0.00449681 0.00418936 0.00386848 0.00354019 0.00321031 0.00288431 0.00256717 0.00226321 0.00197604 0.00170849 0.00146257 0.00123952 0.00103984 0.000863381 0.000709421 0.000576789 0.000463967 0.000369197 0.000290587 0.000226197 0.000174115 0.000132517 9.97103e-05 7.41638e-05 5.45229e-05 3.96145e-05 2.84428e-05 2.01787e-05 1.41441e-05 9.7946e-06 6.70026e-06 4.52754e-06 3.02186e-06 1.99209e-06 1.29707e-06 8.34196e-07 5.30082e-07 3.33106e-07 2.07573e-07 1.29292e-07 8.23112e-08 5.66294e-08 
7.3242e-08 7.86034e-08 1.06307e-07 1.62962e-07 2.6136e-07 4.22619e-07 6.79417e-07 1.08062e-06 1.6976e-06 2.63269e-06 4.02998e-06 6.08899e-06 9.08132e-06 1.33705e-05 1.94346e-05 2.7892e-05 3.9528e-05 5.53224e-05 7.64752e-05 0.000104429 0.000140882 0.000187798 0.000247392 0.000322109 0.000414581 0.000527558 0.000663821 0.000826073 0.00101681 0.00123816 0.00149177 0.00177859 0.00209877 0.00245153 0.00283502 0.00324629 0.00368126 0.00413477 0.00460062 0.00507178 0.0055405 0.00599857 0.00643755 0.00684905 0.00722498 0.00755775 0.00784057 0.00806761 0.00823413 0.00833668 0.0083731 0.00834265 0.00824599 0.00808518 0.0078636 0.0075859 0.00725786 0.00688621 0.00647846 0.00604268 0.00558722 0.00512048 0.00465066 0.0041855 0.00373204 0.00329649 0.00288405 0.00249886 0.00214391 0.00182112 0.00153137 0.00127459 0.00104992 0.000855798 0.000690178 0.00055064 0.000434541 0.000339152 0.000261759 0.000199753 0.000150702 0.00011239 8.28438e-05 6.03497e-05 4.34434e-05 3.09004e-05 2.17147e-05 1.50751e-05 1.03382e-05 7.00297e-06 4.68539e-06 3.09612e-06 2.02067e-06 1.30259e-06 8.29627e-07 5.22545e-07 3.26393e-07 2.03824e-07 1.30148e-07 8.98605e-08 
1.15226e-07 1.23858e-07 1.67371e-07 2.56022e-07 4.09576e-07 6.60573e-07 1.05921e-06 1.68027e-06 2.63269e-06 4.07198e-06 6.21638e-06 9.36687e-06 1.39315e-05 2.04542e-05 2.96473e-05 4.24279e-05 5.99552e-05 8.36688e-05 0.000115323 0.000157014 0.000211201 0.000280704 0.00036869 0.00047863 0.000614232 0.000779343 0.000977815 0.00121335 0.00148933 0.00180857 0.00217316 0.00258423 0.00304172 0.00354428 0.00408908 0.00467176 0.00528642 0.00592569 0.00658083 0.00724196 0.00789832 0.00853853 0.00915099 0.00972417 0.010247 0.0107092 0.0111016 0.0114162 0.0116466 0.0117883 0.0118382 0.0117954 0.0116609 0.0114373 0.0111293 0.0107432 0.0102868 0.00976926 0.00920081 0.00859246 0.00795568 0.00730205 0.00664289 0.00598895 0.00535011 0.00473511 0.00415134 0.00360475 0.00309976 0.00263928 0.00222475 0.00185634 0.00153303 0.00125284 0.00101305 0.000810395 0.000641253 0.000501844 0.000388378 0.000297186 0.000224818 0.000168116 0.000124254 9.07578e-05 6.5506e-05 4.67151e-05 3.29134e-05 2.2908e-05 1.57496e-05 1.06952e-05 7.17329e-06 4.75162e-06 3.10853e-06 2.00859e-06 1.28227e-06 8.0954e-07 5.06873e-07 3.17351e-07 2.0325e-07 1.40835e-07 
1.79005e-07 1.92701e-07 2.60159e-07 3.97083e-07 6.33616e-07 1.01923e-06 1.63001e-06 2.57895e-06 4.02998e-06 6.21638e-06 9.4642e-06 1.42214e-05 2.10926e-05 3.08807e-05 4.46322e-05 6.36884e-05 8.97367e-05 0.000124862 0.000171592 0.000232931 0.000312382 0.000413939 0.000542059 0.000701591 0.000897678 0.00113561 0.00142063 0.00175772 0.00215134 0.00260516 0.00312175 0.00370232 0.00434646 0.00505189 0.00581438 0.0066276 0.00748314 0.00837064 0.00927798 0.0101915 0.0110965 0.0119775 0.0128188 0.0136047 0.0143206 0.0149526 0.0154884 0.0159174 0.0162314 0.0164239 0.0164913 0.0164323 0.016248 0.0159421 0.0155208 0.0149924 0.0143674 0.0136579 0.0128778 0.0120417 0.0111651 0.0102638 0.00935304 0.00844763 0.00756115 0.00670571 0.00589169 0.00512751 0.00441954 0.00377214 0.00318765 0.00266661 0.00220795 0.00180922 0.0014669 0.00117666 0.000933643 0.000732691 0.000568603 0.0004363 0.00033097 0.000248177 0.000183929 0.00013471 9.74911e-05 6.97102e-05 4.9244e-05 3.43634e-05 2.3686e-05 1.61253e-05 1.08423e-05 7.19963e-06 4.72145e-06 3.05809e-06 1.95691e-06 1.2384e-06 7.77284e-07 4.87937e-07 3.13456e-07 2.17976e-07 
2.74599e-07 2.96019e-07 3.99244e-07 6.07993e-07 9.6764e-07 1.55242e-06 2.4761e-06 3.90713e-06 6.08899e-06 9.36687e-06 1.42214e-05 2.131e-05 3.15169e-05 4.60104e-05 6.63072e-05 9.43413e-05 0.000132535 0.000183864 0.000251917 0.00034094 0.000455846 0.000602208 0.000786199 0.00101449 0.00129409 0.00163215 0.00203568 0.00251126 0.00306467 0.00370052 0.00442187 0.00522987 0.00612345 0.007099 0.00815025 0.00926817 0.010441 0.0116544 0.0128917 0.0141346 0.0153631 0.0165565 0.017694 0.0187548 0.0197195 0.02057 0.02129 0.021866 0.0222868 0.0225445 0.0226341 0.0225539 0.0223055 0.0218939 0.0213268 0.0206152 0.0197728 0.0188157 0.0177618 0.0166306 0.0154428 0.014219 0.0129801 0.0117456 0.0105341 0.00936215 0.00824398 0.0071914 0.00621347 0.00531654 0.00450431 0.00377799 0.00313659 0.00257719 0.00209536 0.00168548 0.00134113 0.00105545 0.000821401 0.000632059 0.000480821 0.000361554 0.000268701 0.000197341 0.000143208 0.000102677 7.27261e-05 5.08837e-05 3.51645e-05 2.40013e-05 1.61788e-05 1.07701e-05 7.08033e-06 4.59708e-06 2.94881e-06 1.87061e-06 1.17701e-06 7.40836e-07 4.77386e-07 3.3316e-07 
4.15979e-07 4.49005e-07 6.04916e-07 9.19076e-07 1.45888e-06 2.33423e-06 3.71308e-06 5.84316e-06 9.08132e-06 1.39315e-05 2.10926e-05 3.15169e-05 4.64794e-05 6.76572e-05 9.72176e-05 0.000137911 0.000193164 0.000267167 0.000364942 0.000492394 0.000656319 0.000864372 0.00112497 0.00144714 0.00184029 0.00231391 0.0028772 0.00353866 0.00430561 0.00518369 0.00617637 0.00728451 0.00850591 0.00983503 0.0112628 0.0127765 0.0143599 0.0159935 0.0176551 0.0193199 0.0209616 0.022553 0.0240668 0.0254761 0.0267556 0.0278818 0.0288341 0.0295949 0.0301501 0.0304894 0.0306066 0.0304996 0.0301704 0.0296252 0.0288742 0.0279313 0.0268141 0.0255432 0.024142 0.0226358 0.0210512 0.0194155 0.0177559 0.0160986 0.014468 0.0128866 0.0113736 0.00994522 0.00861422 0.00738971 0.00627732 0.00527936 0.00439516 0.00362142 0.00295271 0.00238192 0.00190075 0.00150018 0.00117088 0.000903575 0.000689343 0.000519832 0.000387425 0.000285335 0.00020764 0.000149283 0.000106024 7.43801e-05 5.15383e-05 3.5269e-05 2.38352e-05 1.59071e-05 1.04835e-05 6.82349e-06 4.38765e-06 2.79017e-06 1.76001e-06 1.11079e-06 7.18009e-07 5.0288e-07 
6.22311e-07 6.72519e-07 9.0498e-07 1.37173e-06 2.17155e-06 3.46509e-06 5.49693e-06 8.6267e-06 1.33705e-05 2.04542e-05 3.08807e-05 4.60104e-05 6.76572e-05 9.81959e-05 0.000140681 0.00019897 0.000277842 0.000383111 0.000521707 0.000701724 0.000932421 0.00122415 0.00158821 0.00203663 0.00258179 0.00323609 0.00401138 0.00491841 0.0059662 0.00716145 0.00850784 0.0100055 0.0116505 0.0134346 0.0153449 0.0173637 0.0194691 0.0216351 0.0238321 0.0260276 0.0281875 0.0302766 0.0322595 0.0341021 0.0357722 0.0372399 0.0384793 0.0394683 0.040189 0.0406288 0.0407798 0.0406394 0.0402101 0.0394998 0.0385211 0.0372917 0.0358337 0.0341732 0.0323396 0.0303654 0.0282845 0.0261321 0.0239433 0.0217522 0.019591 0.017489 0.0154723 0.0135627 0.0117777 0.0101302 0.00862868 0.00727707 0.00607543 0.00502026 0.00410513 0.00332125 0.00265811 0.00210411 0.00164708 0.00127479 0.000975391 0.000737677 0.000551367 0.000407236 0.000297186 0.000214258 0.000152591 0.00010734 7.45763e-05 5.11696e-05 3.46712e-05 2.31983e-05 1.53275e-05 1.00013e-05 6.44696e-06 4.10989e-06 2.59909e-06 1.64486e-06 1.06656e-06 7.4967e-07 
9.19472e-07 9.94743e-07 1.33691e-06 2.02155e-06 3.19158e-06 5.07871e-06 8.03458e-06 1.25744e-05 1.94346e-05 2.96473e-05 4.46322e-05 6.63072e-05 9.72176e-05 0.000140681 0.000200943 0.000283339 0.000394444 0.000542209 0.000736056 0.000986923 0.00130723 0.00171078 0.00221248 0.00282809 0.00357368 0.00446511 0.00551734 0.00674367 0.00815496 0.0097588 0.0115587 0.0135536 0.015737 0.0180966 0.0206145 0.0232668 0.0260243 0.0288524 0.0317129 0.0345638 0.0373613 0.0400608 0.0426176 0.0449888 0.047134 0.0490165 0.0506039 0.0518688 0.0527896 0.0533505 0.053542 0.0533608 0.0528102 0.0518997 0.050645 0.0490678 0.0471954 0.0450601 0.0426988 0.0401517 0.0374618 0.0346733 0.0318309 0.0289782 0.0261568 0.0234049 0.0207566 0.0182412 0.0158822 0.0136978 0.0117 0.00989539 0.00828533 0.00686647 0.00563145 0.00456972 0.00366828 0.00291246 0.00228668 0.00177512 0.00136225 0.0010333 0.000774587 0.000573765 0.000419914 0.000303599 0.000216823 0.000152946 0.000106551 7.33047e-05 4.98008e-05 3.34082e-05 2.213e-05 1.44765e-05 9.35519e-06 5.97887e-06 3.79079e-06 2.40569e-06 1.56482e-06 1.10382e-06 
1.34183e-06 1.45313e-06 1.9504e-06 2.94195e-06 4.63194e-06 7.35025e-06 1.15959e-05 1.80973e-05 2.7892e-05 4.24279e-05 6.36884e-05 9.43413e-05 0.000137911 0.00019897 0.000283339 0.000398295 0.000552759 0.000757452 0.001025 0.00136998 0.00180879 0.00235954 0.00304163 0.00387534 0.00488116 0.00607901 0.00748739 0.00912239 0.0109966 0.0131184 0.0154904 0.0181094 0.0209652 0.0240405 0.0273105 0.0307434 0.0343005 0.0379376 0.0416051 0.0452502 0.0488177 0.0522516 0.0554967 0.0585 0.0612122 0.0635882 0.0655888 0.067181 0.0683385 0.0690425 0.0692816 0.0690518 0.0683571 0.0672089 0.0656262 0.0636353 0.061269 0.0585669 0.0555739 0.0523392 0.048916 0.0453592 0.0417245 0.0380669 0.034439 0.0308899 0.0274637 0.0241987 0.0211264 0.0182715 0.0156513 0.0132759 0.0111488 0.00926729 0.00762348 0.00620504 0.00499623 0.00397893 0.00313355 0.00243993 0.0018781 0.00142885 0.0010743 0.000798113 0.000585807 0.000424758 0.000304214 0.000215192 0.000150329 0.000103704 7.06421e-05 4.75144e-05 3.15559e-05 2.06955e-05 1.34081e-05 8.59085e-06 5.46109e-06 3.47539e-06 2.26782e-06 1.60542e-06 
1.93428e-06 2.09664e-06 2.81021e-06 4.22827e-06 6.6387e-06 1.05052e-05 1.65268e-05 2.57202e-05 3.9528e-05 5.99552e-05 8.97367e-05 0.000132535 0.000193164 0.000277842 0.000394444 0.000552759 0.000764721 0.00104459 0.00140904 0.0018772 0.00247043 0.00321211 0.00412709 0.00524104 0.0065796 0.00816736 0.0100267 0.0121765 0.014631 0.0173986 0.0204804 0.0238698 0.0275516 0.0315014 0.035686 0.0400635 0.0445841 0.049191 0.0538222 0.0584115 0.0628906 0.067191 0.0712454 0.0749897 0.0783644 0.0813159 0.0837972 0.0857693 0.0872013 0.0880709 0.0883647 0.0880782 0.087216 0.0857915 0.0838273 0.0813542 0.0784116 0.0750463 0.0713121 0.0672686 0.0629797 0.0585126 0.0539356 0.0493168 0.0447218 0.0402123 0.0358447 0.0316683 0.0277247 0.0240468 0.0206587 0.0175756 0.0148043 0.0123437 0.0101856 0.00831618 0.00671696 0.00536594 0.004239 0.00331089 0.00255633 0.00195079 0.00147114 0.0010962 0.000806978 0.000586832 0.000421502 0.000299004 0.000209462 0.000144896 9.89688e-05 6.67448e-05 4.4444e-05 2.92235e-05 1.89818e-05 1.21934e-05 7.7716e-06 4.95976e-06 3.24677e-06 2.3066e-06 
2.75448e-06 2.98816e-06 3.99935e-06 6.00218e-06 9.39746e-06 1.48287e-05 2.32627e-05 3.61006e-05 5.53224e-05 8.36688e-05 0.000124862 0.000183864 0.000267167 0.000383111 0.000542209 0.000757452 0.00104459 0.00142231 0.00191236 0.00253943 0.00333096 0.00431668 0.00552787 0.00699652 0.00875412 0.0108304 0.0132518 0.01604 0.0192103 0.0227702 0.0267182 0.0310429 0.0357218 0.040722 0.0459993 0.0514996 0.0571594 0.0629078 0.0686677 0.0743579 0.0798956 0.085198 0.0901848 0.0947798 0.0989128 0.102521 0.10555 0.107954 0.109697 0.110754 0.11111 0.110758 0.109706 0.107967 0.105568 0.102546 0.0989444 0.0948193 0.0902335 0.0852573 0.0799668 0.0744423 0.0687662 0.063021 0.0572876 0.0516423 0.0461557 0.0408906 0.0359007 0.0312294 0.0269098 0.0229637 0.0194027 0.0162283 0.0134333 0.0110025 0.00891487 0.00714433 0.00566171 0.004436 0.0034357 0.00262996 0.0019894 0.00148687 0.00109784 0.000800706 0.000576797 0.000410341 0.000288271 0.000199967 0.000136959 9.26148e-05 6.18342e-05 4.07646e-05 2.65469e-05 1.70972e-05 1.09261e-05 6.99283e-06 4.59236e-06 3.27408e-06 
3.87525e-06 4.20713e-06 5.62234e-06 8.41625e-06 1.31399e-05 2.06751e-05 3.23423e-05 5.00479e-05 7.64752e-05 0.000115323 0.000171592 0.000251917 0.000364942 0.000521707 0.000736056 0.001025 0.00140904 0.00191236 0.00256285 0.003392 0.00443451 0.00572757 0.00730997 0.00922087 0.0114983 0.0141773 0.0172885 0.0208559 0.024895 0.0294114 0.0343991 0.03984 0.0457025 0.0519422 0.0585018 0.0653125 0.0722949 0.0793613 0.0864178 0.0933666 0.100109 0.106546 0.112585 0.118136 0.123118 0.12746 0.131098 0.133982 0.136071 0.137335 0.137759 0.137336 0.136071 0.133984 0.131101 0.127466 0.123128 0.118151 0.112608 0.106578 0.100153 0.0934242 0.0864909 0.0794514 0.072403 0.0654389 0.0586462 0.0521034 0.0458788 0.0400289 0.0345977 0.0296163 0.0251027 0.0210627 0.0174909 0.0143721 0.0116826 0.0093925 0.00746718 0.00586924 0.00456014 0.00350163 0.00265698 0.0019919 0.0014752 0.00107915 0.000779664 0.000556274 0.000391909 0.000272624 0.000187239 0.00012696 8.49919e-05 5.61795e-05 3.66811e-05 2.36859e-05 1.51773e-05 9.74144e-06 6.41801e-06 4.59174e-06 
5.38688e-06 5.85209e-06 7.80844e-06 1.16584e-05 1.815e-05 2.84767e-05 4.44196e-05 6.85399e-05 0.000104429 0.000157014 0.000232931 0.00034094 0.000492394 0.000701724 0.000986923 0.00136998 0.0018772 0.00253943 0.003392 0.00447448 0.00583005 0.00750458 0.00954539 0.0119995 0.014912 0.0183235 0.0222683 0.0267719 0.0318488 0.037501 0.0437163 0.050467 0.0577101 0.065387 0.0734247 0.0817367 0.0902255 0.0987846 0.107301 0.11566 0.123744 0.131441 0.138641 0.145243 0.151156 0.156298 0.1606 0.164004 0.166467 0.167957 0.168454 0.167952 0.166458 0.163991 0.160583 0.15628 0.151137 0.145227 0.138629 0.131437 0.123751 0.11568 0.107338 0.09884 0.0903017 0.081835 0.0735455 0.0655298 0.0578735 0.0506489 0.0439137 0.0377103 0.0320659 0.0269926 0.0224884 0.0185389 0.015119 0.0121949 0.00972667 0.0076699 0.00597826 0.00460514 0.00350528 0.00263602 0.00195821 0.00143681 0.00104116 0.000745024 0.000526403 0.000367221 0.000252913 0.000171962 0.000115429 7.65014e-05 5.00812e-05 3.24238e-05 2.08324e-05 1.34096e-05 8.86316e-06 6.36322e-06 
7.39932e-06 8.04303e-06 1.07146e-05 1.59555e-05 2.47691e-05 3.87508e-05 6.02729e-05 9.27346e-05 0.000140882 0.000211201 0.000312382 0.000455846 0.000656319 0.000932421 0.00130723 0.00180879 0.00247043 0.00333096 0.00443451 0.00583005 0.00757057 0.00971178 0.0123104 0.0154221 0.0190989 0.023387 0.0283236 0.0339345 0.0402315 0.0472109 0.0548513 0.0631133 0.0719391 0.0812532 0.0909635 0.100964 0.111136 0.121352 0.131481 0.141386 0.150935 0.159997 0.16845 0.176181 0.183089 0.189085 0.194091 0.198048 0.200907 0.202633 0.203207 0.202622 0.200886 0.198017 0.194052 0.189038 0.183038 0.176128 0.168397 0.159948 0.150895 0.141359 0.131469 0.121361 0.111168 0.101021 0.0910478 0.0813649 0.0720776 0.0632769 0.0550372 0.0474154 0.0404503 0.0341628 0.0285564 0.0236194 0.0193262 0.01564 0.0125155 0.0099013 0.00774253 0.00598333 0.00456877 0.00344655 0.00256824 0.00189016 0.00137379 0.000985949 0.000698657 0.000488781 0.000337581 0.000230164 0.000154916 0.000102946 6.75716e-05 4.38632e-05 2.82585e-05 1.82422e-05 1.20961e-05 8.71423e-06 
1.00439e-05 1.09233e-05 1.45277e-05 2.15769e-05 3.34001e-05 5.21042e-05 8.0811e-05 0.000123977 0.000187798 0.000280704 0.000413939 0.000602208 0.000864372 0.00122415 0.00171078 0.00235954 0.00321211 0.00431668 0.00572757 0.00750458 0.00971178 0.0124157 0.0156834 0.0195792 0.0241624 0.0294838 0.0355825 0.0424827 0.0501914 0.0586964 0.0679643 0.0779404 0.0885491 0.0996946 0.111263 0.123126 0.135142 0.147162 0.159033 0.170599 0.181709 0.192219 0.201994 0.210909 0.218856 0.225737 0.231474 0.236 0.239265 0.241235 0.241889 0.241218 0.239232 0.23595 0.231409 0.22566 0.218768 0.210814 0.201894 0.192119 0.181614 0.170514 0.158963 0.147113 0.135117 0.12313 0.111298 0.0997617 0.0886493 0.0780727 0.0681264 0.058885 0.0504021 0.0427101 0.0358211 0.0297279 0.0244061 0.0198172 0.015911 0.0126291 0.00990796 0.00768157 0.00588431 0.00445299 0.00332855 0.00245726 0.00179136 0.00128947 0.000916411 0.000642966 0.000445324 0.000304467 0.000205486 0.000136918 9.01082e-05 5.86476e-05 3.78856e-05 2.45276e-05 1.63159e-05 1.17944e-05 
1.34745e-05 1.46608e-05 1.94659e-05 2.8835e-05 4.45081e-05 6.92341e-05 0.000107072 0.000163794 0.000247392 0.00036869 0.000542059 0.000786199 0.00112497 0.00158821 0.00221248 0.00304163 0.00412709 0.00552787 0.00730997 0.00954539 0.0123104 0.0156834 0.0197418 0.0245593 0.0302015 0.0367228 0.0441622 0.0525405 0.0618568 0.072087 0.0831825 0.0950699 0.107652 0.120809 0.134404 0.148283 0.162279 0.176221 0.189933 0.203242 0.21598 0.227989 0.239123 0.249248 0.258249 0.266027 0.272497 0.277594 0.281267 0.28348 0.284212 0.283457 0.281221 0.277525 0.272407 0.265917 0.258122 0.249107 0.238972 0.227833 0.215825 0.203093 0.189796 0.176103 0.162186 0.14822 0.134376 0.120818 0.1077 0.0951571 0.0833077 0.0722473 0.0620478 0.052757 0.0443981 0.0369713 0.030456 0.0248133 0.0199893 0.0159192 0.0125304 0.00974649 0.0074902 0.00568632 0.0042638 0.00315743 0.0023088 0.00166691 0.00118813 0.000836018 0.000580676 0.000398111 0.000269421 0.000180001 0.000118776 7.75114e-05 5.0207e-05 3.25982e-05 2.17536e-05 1.57781e-05 
1.78675e-05 1.94479e-05 2.57781e-05 3.80849e-05 5.86188e-05 9.09242e-05 0.000140217 0.000213883 0.000322109 0.00047863 0.000701591 0.00101449 0.00144714 0.00203663 0.00282809 0.00387534 0.00524104 0.00699652 0.00922087 0.0119995 0.0154221 0.0195792 0.0245593 0.0304444 0.0373057 0.0451996 0.0541628 0.0642093 0.0753273 0.0874772 0.100591 0.114573 0.1293 0.144628 0.16039 0.176406 0.192485 0.208431 0.224047 0.239144 0.253537 0.267057 0.27955 0.290877 0.300919 0.309575 0.316762 0.322414 0.326481 0.328928 0.329737 0.328899 0.326422 0.322326 0.316647 0.309434 0.300754 0.290691 0.279347 0.266843 0.253317 0.238925 0.223838 0.208237 0.192314 0.176266 0.160286 0.144565 0.129282 0.114601 0.100665 0.0875954 0.075486 0.0644032 0.0543856 0.045444 0.037564 0.0307089 0.0248227 0.0198349 0.0156645 0.0122244 0.009425 0.00717808 0.00539937 0.00401075 0.00294174 0.00213025 0.00152287 0.00107465 0.000748543 0.000514629 0.000349226 0.000233945 0.000154781 0.000101275 6.57765e-05 4.28296e-05 2.86716e-05 2.08648e-05 
2.34203e-05 2.55e-05 3.37423e-05 4.97206e-05 7.6312e-05 0.000118034 0.000181509 0.000276081 0.000414581 0.000614232 0.000897678 0.00129409 0.00184029 0.00258179 0.00357368 0.00488116 0.0065796 0.00875412 0.0114983 0.014912 0.0190989 0.0241624 0.0302015 0.0373057 0.0455504 0.0549913 0.06566 0.0775606 0.090666 0.104917 0.120223 0.13646 0.153479 0.171103 0.189138 0.207375 0.225598 0.243587 0.261126 0.278008 0.29404 0.309042 0.322855 0.335339 0.346375 0.355864 0.363725 0.369896 0.374331 0.376997 0.377876 0.376962 0.374261 0.369792 0.363588 0.355694 0.346175 0.335111 0.322603 0.308772 0.293757 0.277721 0.260841 0.243313 0.225344 0.20715 0.188949 0.170958 0.153382 0.136416 0.120232 0.10498 0.0907788 0.0777192 0.0658582 0.0552213 0.0458039 0.0375738 0.0304755 0.0244342 0.0193614 0.0151594 0.011726 0.00895923 0.00676048 0.00503745 0.00370609 0.00269181 0.00193 0.00136589 0.0009541 0.000657773 0.000447579 0.000300633 0.000199428 0.000130831 8.5201e-05 5.56356e-05 3.73608e-05 2.72767e-05 
3.03489e-05 3.30524e-05 4.36607e-05 6.41683e-05 9.82111e-05 0.00015148 0.000232289 0.000352323 0.000527558 0.000779343 0.00113561 0.00163215 0.00231391 0.00323609 0.00446511 0.00607901 0.00816736 0.0108304 0.0141773 0.0183235 0.023387 0.0294838 0.0367228 0.0451996 0.0549913 0.0661503 0.0786997 0.0926291 0.107892 0.124407 0.142052 0.160677 0.180097 0.200106 0.220478 0.240975 0.261354 0.281376 0.300807 0.319427 0.337033 0.353443 0.368496 0.382055 0.394005 0.404251 0.412721 0.419357 0.424119 0.426979 0.427922 0.426941 0.424042 0.419241 0.412566 0.404059 0.393776 0.381792 0.368202 0.353122 0.336692 0.319073 0.300449 0.281023 0.261016 0.240661 0.220198 0.19987 0.179912 0.160548 0.141984 0.1244 0.107946 0.0927394 0.0788609 0.0663548 0.0552302 0.045463 0.0370008 0.0297668 0.0236661 0.0185912 0.0144276 0.0110589 0.00837126 0.00625711 0.00461747 0.00336383 0.00241892 0.00171685 0.00120264 0.000831411 0.000567262 0.000382036 0.000254091 0.000167127 0.000109128 7.14608e-05 4.81359e-05 3.52556e-05 
3.88824e-05 4.2355e-05 5.58528e-05 8.18755e-05 0.000124966 0.000192213 0.000293936 0.000444583 0.000663821 0.000977815 0.00142063 0.00203568 0.0028772 0.00401138 0.00551734 0.00748739 0.0100267 0.0132518 0.0172885 0.0222683 0.0283236 0.0355825 0.0441622 0.0541628 0.06566 0.0786997 0.093292 0.109408 0.126978 0.145889 0.165992 0.187098 0.20899 0.231426 0.25415 0.276895 0.299394 0.321388 0.342628 0.362887 0.381958 0.399658 0.415831 0.430346 0.443096 0.453999 0.462989 0.470019 0.475057 0.478079 0.479074 0.478038 0.474975 0.469896 0.462824 0.453792 0.442847 0.430056 0.415503 0.399296 0.381567 0.362475 0.342203 0.320959 0.298972 0.276492 0.253777 0.231094 0.208708 0.186875 0.165834 0.145801 0.126959 0.109457 0.0934036 0.0788669 0.0658737 0.0544123 0.0444365 0.0358704 0.0286146 0.0225531 0.0175594 0.0135027 0.0102535 0.00768781 0.00569055 0.00415796 0.00299873 0.00213447 0.00149937 0.00103939 0.000711073 0.00048015 0.000320175 0.000211137 0.000138228 9.07686e-05 6.13273e-05 4.50573e-05 
4.92565e-05 5.36643e-05 7.06451e-05 0.000103296 0.000157232 0.000241182 0.000367816 0.000554797 0.000826073 0.00121335 0.00175772 0.00251126 0.00353866 0.00491841 0.00674367 0.00912239 0.0121765 0.01604 0.0208559 0.0267719 0.0339345 0.0424827 0.0525405 0.0642093 0.0775606 0.0926291 0.109408 0.127845 0.147841 0.169251 0.191889 0.215528 0.239916 0.264775 0.289815 0.314744 0.339272 0.363124 0.386043 0.407795 0.428175 0.447006 0.464142 0.479462 0.492874 0.504307 0.513711 0.521049 0.526299 0.529446 0.530482 0.529405 0.526217 0.520925 0.513543 0.504094 0.492616 0.479158 0.463794 0.446617 0.427748 0.407337 0.385561 0.362629 0.338774 0.314256 0.28935 0.264345 0.239535 0.215206 0.191634 0.169071 0.147739 0.12782 0.109458 0.0927472 0.0777379 0.064435 0.0528025 0.0427685 0.0342319 0.0270698 0.0211447 0.0163118 0.0124256 0.00934514 0.00693827 0.00508468 0.00367773 0.00262521 0.00184922 0.0012854 0.000881705 0.000596918 0.000399058 0.000263828 0.000173172 0.000114026 7.72707e-05 5.69436e-05 
6.17041e-05 6.72339e-05 8.83581e-05 0.000128873 0.00019564 0.000299294 0.000455218 0.000684775 0.00101681 0.00148933 0.00215134 0.00306467 0.00430561 0.0059662 0.00815496 0.0109966 0.014631 0.0192103 0.024895 0.0318488 0.0402315 0.0501914 0.0618568 0.0753273 0.090666 0.107892 0.126978 0.147841 0.17035 0.194322 0.21953 0.24571 0.272568 0.299793 0.327063 0.35406 0.380477 0.406026 0.430444 0.453501 0.474997 0.494766 0.512676 0.528623 0.542534 0.554354 0.564049 0.571598 0.57699 0.580219 0.581283 0.580181 0.576912 0.571479 0.563887 0.554147 0.542279 0.52832 0.512322 0.494364 0.474549 0.453012 0.429921 0.405477 0.379914 0.353496 0.326512 0.29927 0.272088 0.245285 0.219174 0.194043 0.170155 0.147732 0.126955 0.10795 0.0907959 0.0755189 0.0620975 0.0504675 0.0405291 0.032155 0.0251981 0.0195006 0.0149011 0.0112413 0.00837108 0.00615272 0.00446302 0.0031947 0.00225655 0.00157274 0.00108162 0.00073414 0.000492032 0.000326111 0.0002146 0.000141684 9.62931e-05 7.11716e-05 
7.64443e-05 8.33017e-05 0.000109291 0.000159014 0.000240765 0.000367364 0.000557287 0.000836097 0.00123816 0.00180857 0.00260516 0.00370052 0.00518369 0.00716145 0.0097588 0.0131184 0.0173986 0.0227702 0.0294114 0.037501 0.0472109 0.0586964 0.072087 0.0874772 0.104917 0.124407 0.145889 0.169251 0.194322 0.220877 0.248648 0.277327 0.306582 0.336066 0.365429 0.394331 0.42245 0.449491 0.475193 0.49933 0.521716 0.542202 0.560675 0.577054 0.591285 0.603336 0.613192 0.620849 0.626308 0.629574 0.630651 0.62954 0.626238 0.620742 0.613045 0.603145 0.591047 0.576765 0.560332 0.541805 0.521265 0.498828 0.474646 0.448906 0.421838 0.393705 0.364803 0.335457 0.306007 0.276802 0.248188 0.220495 0.194027 0.16905 0.145783 0.124393 0.104989 0.0876247 0.0722971 0.0589544 0.0475017 0.0378099 0.0297246 0.0230761 0.0176877 0.0133839 0.00999614 0.00736842 0.00535999 0.00384737 0.00272489 0.00190415 0.00131292 0.000893367 0.000600228 0.000398798 0.000263087 0.000174154 0.000118697 8.79816e-05 
9.3669e-05 0.000102076 0.000133702 0.000194068 0.000293091 0.000446064 0.000674944 0.00101 0.00149177 0.00217316 0.00312175 0.00442187 0.00617637 0.00850784 0.0115587 0.0154904 0.0204804 0.0267182 0.0343991 0.0437163 0.0548513 0.0679643 0.0831825 0.100591 0.120223 0.142052 0.165992 0.191889 0.21953 0.248648 0.278927 0.310019 0.34155 0.373141 0.404416 0.435018 0.464613 0.492907 0.519643 0.544611 0.56764 0.588605 0.607417 0.624021 0.638387 0.650509 0.660391 0.668049 0.673499 0.676757 0.677833 0.676729 0.673443 0.667961 0.660268 0.650345 0.638178 0.623761 0.607102 0.588231 0.567206 0.544116 0.519092 0.492305 0.46397 0.434345 0.40373 0.372458 0.340888 0.309398 0.278366 0.248162 0.219133 0.191589 0.165795 0.141959 0.120228 0.100685 0.0833528 0.0681959 0.0551281 0.0440217 0.0347177 0.0270362 0.0207862 0.0157753 0.0118166 0.00873511 0.00637182 0.00458606 0.00325665 0.00228162 0.00157714 0.00107579 0.000724539 0.000482546 0.000319111 0.00021178 0.00014474 0.000107582 
0.000113529 0.000123721 0.000161792 0.000234295 0.000352969 0.000535862 0.000808806 0.00120728 0.00177859 0.00258423 0.00370232 0.00522987 0.00728451 0.0100055 0.0135536 0.0181094 0.0238698 0.0310429 0.03984 0.050467 0.0631133 0.0779404 0.0950699 0.114573 0.13646 0.160677 0.187098 0.215528 0.24571 0.277327 0.310019 0.343391 0.377036 0.410543 0.443512 0.475574 0.506391 0.535674 0.563177 0.588709 0.612124 0.633323 0.652246 0.668867 0.683184 0.695217 0.704995 0.712551 0.717919 0.721124 0.722184 0.721105 0.717879 0.712487 0.704902 0.69509 0.683015 0.668649 0.651973 0.632989 0.611725 0.588242 0.562643 0.535076 0.505737 0.474875 0.442783 0.4098 0.376301 0.342685 0.309362 0.27674 0.24521 0.215128 0.186806 0.160497 0.13639 0.114604 0.0951918 0.0781377 0.0633688 0.0507628 0.0401588 0.0313688 0.0241894 0.0184117 0.0138308 0.0102526 0.00749905 0.00541169 0.00385286 0.00270612 0.00187515 0.00128213 0.000865537 0.000577795 0.000383005 0.000254816 0.000174617 0.000130135 
0.00013612 0.000148337 0.000193679 0.000279842 0.000420578 0.000636972 0.000959109 0.00142815 0.00209877 0.00304172 0.00434646 0.00612345 0.00850591 0.0116505 0.015737 0.0209652 0.0275516 0.0357218 0.0457025 0.0577101 0.0719391 0.0885491 0.107652 0.1293 0.153479 0.180097 0.20899 0.239916 0.272568 0.306582 0.34155 0.377036 0.412597 0.447794 0.482212 0.515471 0.547237 0.577231 0.605225 0.631053 0.654596 0.675787 0.694599 0.711037 0.72513 0.736926 0.746476 0.753835 0.759051 0.762164 0.763196 0.762155 0.759031 0.753799 0.74642 0.736842 0.725011 0.710873 0.694382 0.675509 0.654249 0.630631 0.604728 0.576658 0.546594 0.514766 0.481458 0.44701 0.411804 0.376256 0.340807 0.3059 0.271968 0.239415 0.2086 0.179826 0.153327 0.129262 0.107718 0.0887044 0.0721662 0.05799 0.0460162 0.0360515 0.0278816 0.0212826 0.0160319 0.0119165 0.00873921 0.00632291 0.00451291 0.00317745 0.00220699 0.00151253 0.0010234 0.000684721 0.000454923 0.00030339 0.00020844 0.000155738 
0.000161466 0.000175951 0.000229385 0.000330714 0.00049589 0.0007493 0.00112563 0.00167219 0.00245153 0.00354428 0.00505189 0.007099 0.00983503 0.0134346 0.0180966 0.0240405 0.0315014 0.040722 0.0519422 0.065387 0.0812532 0.0996946 0.120809 0.144628 0.171103 0.200106 0.231426 0.264775 0.299793 0.336066 0.373141 0.410543 0.447794 0.484434 0.520036 0.554218 0.586654 0.617079 0.645291 0.671151 0.694576 0.715532 0.734026 0.750098 0.763809 0.775232 0.784445 0.791523 0.796529 0.799513 0.800504 0.799514 0.79653 0.791519 0.78443 0.775198 0.763747 0.749997 0.733876 0.715322 0.694296 0.670793 0.644849 0.61655 0.586041 0.553528 0.51928 0.483629 0.44696 0.409704 0.372325 0.335298 0.299098 0.264175 0.230939 0.199741 0.170865 0.144515 0.120813 0.0998013 0.0814453 0.0656449 0.0522454 0.0410509 0.0318383 0.0243702 0.0184075 0.0137184 0.0100865 0.00731589 0.00523433 0.0036941 0.00257174 0.00176646 0.00119784 0.000803176 0.000534802 0.000357487 0.000246214 0.00018441 
0.000189508 0.000206497 0.000268813 0.000386753 0.000578636 0.000872396 0.00130764 0.00193821 0.00283502 0.00408908 0.00581438 0.00815025 0.0112628 0.0153449 0.0206145 0.0273105 0.035686 0.0459993 0.0585018 0.0734247 0.0909635 0.111263 0.134404 0.16039 0.189138 0.220478 0.25415 0.289815 0.327063 0.365429 0.404416 0.443512 0.482212 0.520036 0.556552 0.59138 0.624209 0.654795 0.682966 0.708615 0.731695 0.752209 0.770203 0.785748 0.798939 0.809876 0.818661 0.825387 0.830133 0.832958 0.8339 0.83297 0.830155 0.825415 0.818688 0.809894 0.798938 0.785716 0.770127 0.752077 0.731493 0.708333 0.682595 0.654329 0.623646 0.590724 0.555812 0.519228 0.481355 0.442632 0.403541 0.364587 0.326283 0.289123 0.253567 0.220019 0.188812 0.160198 0.134341 0.111316 0.0911149 0.073655 0.0587895 0.046323 0.0360261 0.0276498 0.0209393 0.0156449 0.0115315 0.00838412 0.00601265 0.00425304 0.00296741 0.00204263 0.00138803 0.000932651 0.00062233 0.000416919 0.000287825 0.000216076 
0.000220094 0.000239807 0.000311736 0.000447617 0.000668286 0.00100543 0.00150386 0.00222426 0.00324629 0.00467176 0.0066276 0.00926817 0.0127765 0.0173637 0.0232668 0.0307434 0.0400635 0.0514996 0.0653125 0.0817367 0.100964 0.123126 0.148283 0.176406 0.207375 0.240975 0.276895 0.314744 0.35406 0.394331 0.435018 0.475574 0.515471 0.554218 0.59138 0.626589 0.659549 0.690046 0.717939 0.743158 0.765695 0.785592 0.80293 0.817817 0.830377 0.840737 0.849021 0.855341 0.859789 0.862434 0.863318 0.862456 0.859832 0.8554 0.84909 0.840807 0.830437 0.817855 0.802932 0.785543 0.76558 0.742962 0.71765 0.689655 0.659052 0.625984 0.590676 0.553426 0.514609 0.474668 0.434098 0.393428 0.353205 0.313967 0.276222 0.240425 0.206962 0.176133 0.148148 0.12312 0.10107 0.0819344 0.0655799 0.0518139 0.0404032 0.0310893 0.0236032 0.0176785 0.0130613 0.00951833 0.00684136 0.00484977 0.00339092 0.00233896 0.0015926 0.00107225 0.000716926 0.000481308 0.000333026 0.000250558 
0.00025297 0.000275604 0.000357788 0.000512774 0.000764031 0.00114717 0.00171241 0.00252755 0.00368126 0.00528642 0.00748314 0.010441 0.0143599 0.0194691 0.0260243 0.0343005 0.0445841 0.0571594 0.0722949 0.0902255 0.111136 0.135142 0.162279 0.192485 0.225598 0.261354 0.299394 0.339272 0.380477 0.42245 0.464613 0.506391 0.547237 0.586654 0.624209 0.659549 0.692403 0.722588 0.749997 0.774601 0.796431 0.815568 0.832129 0.846257 0.858103 0.86782 0.875554 0.88143 0.885554 0.888003 0.888826 0.888036 0.885617 0.881519 0.875663 0.867941 0.858224 0.846365 0.83221 0.815604 0.796406 0.774498 0.7498 0.722284 0.691985 0.659011 0.623555 0.585894 0.546389 0.505478 0.463665 0.421499 0.379558 0.33842 0.298637 0.260718 0.225098 0.192132 0.162072 0.135075 0.111192 0.0903866 0.0725379 0.0574605 0.04492 0.0346503 0.0263699 0.0197968 0.0146596 0.0107066 0.00771187 0.0054782 0.00383803 0.00265255 0.00180959 0.00122065 0.000817723 0.000550081 0.000381423 0.000287565 
