7.50411e-05 7.68155e-05 8.33761e-05 9.49911e-05 0.000112093 0.000135294 0.000165391 0.000203366 0.000250386 0.000307799 0.000377139 0.00046011 0.00055858 0.000674562 0.000810194 0.00096771 0.0011494 0.00135759 0.00159455 0.0018625 0.00216347 0.00249933 0.00287164 0.00328162 0.00373008 0.00421734 0.00474317 0.00530674 0.00590657 0.0065405 0.00720567 0.00789849 0.00861468 0.00934927 0.0100967 0.0108507 0.0116047 0.0123517 0.0130841 0.0137945 0.0144753 0.0151189 0.015718 0.0162656 0.0167552 0.0171807 0.017537 0.0178197 0.0180251 0.0181507 0.0181949 0.0181572 0.018038 0.0178389 0.0175625 0.0172122 0.0167924 0.0163084 0.015766 0.0151718 0.0145326 0.0138559 0.013149 0.0124196 0.0116753 0.0109234 0.0101709 0.00942449 0.00869038 0.00797415 0.00728079 0.00661459 0.00597916 0.00537741 0.00481154 0.00428307 0.00379287 0.00334122 0.00292786 0.00255203 0.00221255 0.00190792 0.00163632 0.00139575 0.00118404 0.000998933 0.000838153 0.000699422 0.000580524 0.000479331 0.000393834 0.000322165 0.000262615 0.000213641 0.00017388 0.000142148 0.000117444 9.89494e-05 8.60274e-05 7.82345e-05 
7.68155e-05 7.86376e-05 8.53637e-05 9.72687e-05 0.000114795 0.000138572 0.000169416 0.000208331 0.000256513 0.000315345 0.000386396 0.000471411 0.000572302 0.000691129 0.00083008 0.000991438 0.00117755 0.00139078 0.00163346 0.00190784 0.00221602 0.00255987 0.002941 0.00336065 0.00381962 0.00431824 0.00485625 0.00543281 0.00604638 0.00669475 0.00737497 0.00808338 0.00881558 0.00956651 0.0103304 0.011101 0.0118715 0.0126347 0.013383 0.0141087 0.014804 0.0154614 0.0160732 0.0166323 0.0171322 0.0175666 0.0179304 0.0182189 0.0184286 0.0185568 0.0186018 0.0185633 0.0184415 0.0182382 0.0179559 0.0175982 0.0171695 0.0166752 0.0161213 0.0155144 0.0148615 0.0141702 0.0134481 0.012703 0.0119425 0.0111741 0.0104051 0.00964218 0.00889178 0.00815957 0.00745065 0.00676942 0.00611958 0.00550411 0.00492526 0.00438461 0.00388305 0.00342089 0.00299786 0.00261319 0.0022657 0.00195384 0.00167578 0.00142945 0.00121266 0.00102311 0.000858448 0.000716362 0.000594583 0.000490933 0.000403358 0.000329945 0.000268944 0.000218778 0.000178048 0.000145544 0.000120239 0.000101296 8.80617e-05 8.00819e-05 
8.33761e-05 8.53637e-05 9.266e-05 0.000105561 0.000124543 0.000150284 0.000183661 0.000225754 0.000277846 0.000341423 0.000418167 0.000509946 0.000618807 0.000746952 0.000896715 0.00107053 0.0012709 0.00150034 0.00176131 0.0020562 0.00238723 0.00275636 0.00316526 0.00361523 0.00410708 0.00464111 0.00521701 0.00583382 0.00648987 0.00718275 0.00790929 0.00866553 0.00944678 0.0102476 0.0110619 0.011883 0.0127036 0.013516 0.0143123 0.0150843 0.0158237 0.0165225 0.0171726 0.0177667 0.0182975 0.0187589 0.019145 0.0194512 0.0196736 0.0198096 0.0198572 0.0198161 0.0196866 0.0194706 0.0191706 0.0187905 0.018335 0.0178098 0.017221 0.0165758 0.0158816 0.0151463 0.0143781 0.013585 0.0127754 0.011957 0.0111376 0.0103245 0.00952431 0.00874316 0.0079865 0.00725906 0.00656479 0.00590691 0.00528786 0.00470935 0.0041724 0.00367736 0.00322399 0.00281151 0.0024387 0.00210393 0.00180528 0.00154058 0.0013075 0.00110358 0.000926361 0.000773356 0.000642152 0.000530426 0.000435982 0.000356775 0.000290932 0.000236762 0.000192765 0.000157643 0.000130294 0.000109818 9.55135e-05 8.68926e-05 
9.49911e-05 9.72687e-05 0.000105561 0.0001202 0.000141722 0.000170884 0.00020867 0.000256288 0.000315172 0.000386978 0.000473582 0.000577063 0.000699694 0.000843917 0.00101232 0.00120758 0.00143246 0.00168972 0.00198206 0.00231208 0.00268219 0.00309452 0.00355084 0.00405252 0.00460039 0.0051947 0.00583503 0.00652023 0.00724838 0.00801675 0.00882177 0.00965902 0.0105233 0.0114085 0.012308 0.0132142 0.0141194 0.0150149 0.0158921 0.016742 0.0175557 0.0183241 0.0190389 0.0196916 0.0202746 0.0207811 0.0212049 0.0215408 0.0217847 0.0219336 0.0219856 0.0219401 0.0217977 0.0215602 0.0212306 0.0208129 0.0203123 0.0197349 0.0190876 0.0183779 0.0176142 0.0168048 0.0159588 0.015085 0.0141924 0.0132897 0.0123853 0.0114873 0.0106029 0.00973891 0.00890143 0.00809567 0.00732606 0.00659619 0.00590885 0.00526599 0.0046688 0.00411775 0.00361265 0.00315271 0.00273663 0.00236268 0.00202879 0.00173258 0.00147153 0.00124294 0.00104411 0.000872294 0.000724835 0.000599163 0.000492844 0.000403608 0.000329371 0.000268252 0.00021858 0.000178905 0.000147997 0.000124851 0.000108681 9.8943e-05 
0.000112093 0.000114795 0.000124543 0.000141722 0.00016695 0.000201103 0.000245316 0.00030098 0.000369748 0.000453521 0.000554449 0.000674914 0.000817513 0.000985028 0.0011804 0.00140667 0.00166696 0.00196438 0.00230195 0.0026826 0.00310896 0.00358341 0.00410788 0.00468381 0.00531204 0.00599274 0.00672533 0.0075084 0.00833965 0.00921589 0.010133 0.0110858 0.0120684 0.0130739 0.0140946 0.0151221 0.0161475 0.0171611 0.0181533 0.0191139 0.0200329 0.0209003 0.0217066 0.0224425 0.0230995 0.02367 0.0241471 0.0245251 0.0247994 0.0249666 0.0250247 0.0249731 0.0248124 0.0245445 0.0241728 0.0237019 0.0231373 0.022486 0.0217556 0.0209546 0.020092 0.0191775 0.018221 0.0172325 0.016222 0.0151994 0.014174 0.013155 0.0121506 0.0111686 0.0102158 0.00929825 0.00842099 0.00758821 0.00680315 0.00606814 0.00538463 0.00475326 0.0041739 0.00364577 0.00316749 0.00273717 0.0023525 0.00201089 0.00170948 0.00144528 0.0012152 0.00101618 0.000845185 0.000699302 0.000575757 0.00047196 0.000385528 0.000314304 0.000256373 0.000210067 0.000173974 0.000146934 0.000128045 0.000116678 
0.000135294 0.000138572 0.000150284 0.000170884 0.000201103 0.000241973 0.000294829 0.000361308 0.000443346 0.000543174 0.000663304 0.000806517 0.000975834 0.00117449 0.00140588 0.00167354 0.00198103 0.00233192 0.00272969 0.00317762 0.00367871 0.00423559 0.00485039 0.00552465 0.00625922 0.00705415 0.00790863 0.00882086 0.00978807 0.0108064 0.011871 0.0129759 0.014114 0.0152775 0.0164573 0.0176439 0.0188269 0.0199953 0.021138 0.0222434 0.0233002 0.0242969 0.0252228 0.0260674 0.026821 0.027475 0.0280217 0.0284545 0.0287684 0.0289596 0.0290257 0.028966 0.0287813 0.0284738 0.0280472 0.0275067 0.0268587 0.0261109 0.0252719 0.0243514 0.0233597 0.0223077 0.0212066 0.0200679 0.018903 0.0177231 0.0165391 0.0153613 0.0141993 0.0130621 0.0119577 0.0108929 0.0098738 0.00890532 0.00799131 0.0071346 0.00633698 0.00559934 0.00492167 0.00430318 0.00374238 0.00323721 0.00278509 0.00238308 0.00202795 0.00171628 0.00144454 0.0012092 0.00100677 0.000833862 0.000687265 0.000563964 0.000461183 0.000376403 0.000307383 0.00025217 0.000209107 0.000176832 0.000154286 0.000140728 
0.000165391 0.000169416 0.000183661 0.00020867 0.000245316 0.000294829 0.000358799 0.000439172 0.000538248 0.000658669 0.000803407 0.000975742 0.00117923 0.00141767 0.00169505 0.00201547 0.00238309 0.00280205 0.00327633 0.00380971 0.0044056 0.00506695 0.00579611 0.00659475 0.00746367 0.00840279 0.00941095 0.0104859 0.0116242 0.0128213 0.0140712 0.0153669 0.0167001 0.0180614 0.0194405 0.0208261 0.022206 0.0235677 0.0248983 0.0261844 0.0274129 0.0285707 0.0296455 0.0306253 0.0314991 0.032257 0.0328901 0.0333912 0.0337543 0.0339751 0.0340512 0.0339815 0.0337669 0.0334101 0.0329153 0.0322883 0.0315364 0.0306685 0.0296944 0.0286251 0.0274725 0.026249 0.0249675 0.0236413 0.0222835 0.020907 0.0195245 0.0181479 0.0167885 0.0154567 0.0141619 0.0129122 0.0117148 0.0105756 0.00949917 0.00848902 0.00754741 0.00667554 0.00587356 0.0051407 0.00447537 0.00387528 0.00333753 0.00285879 0.00243534 0.00206324 0.00173841 0.00145674 0.00121416 0.00100672 0.000830631 0.000682359 0.000558628 0.000456463 0.000373212 0.00030656 0.00025454 0.000215536 0.000188287 0.000171914 
0.000203366 0.000208331 0.000225754 0.000256288 0.00030098 0.000361308 0.000439172 0.000536902 0.00065724 0.000803335 0.000978722 0.00118729 0.00143326 0.0017211 0.00205551 0.00244129 0.00288333 0.00338642 0.00395518 0.00459395 0.00530662 0.00609652 0.00696625 0.00791758 0.00895128 0.010067 0.0112632 0.0125371 0.0138844 0.0152994 0.0167751 0.0183031 0.0198735 0.0214752 0.0230961 0.0247229 0.0263414 0.0279372 0.0294949 0.0309994 0.0324353 0.0337876 0.0350421 0.0361849 0.0372035 0.0380865 0.0388237 0.0394069 0.0398292 0.0400857 0.0401736 0.0400919 0.0398414 0.0394252 0.0388481 0.0381168 0.0372399 0.0362271 0.03509 0.0338412 0.0324943 0.0310636 0.0295642 0.0280111 0.0264197 0.0248051 0.0231818 0.021564 0.0199648 0.0183964 0.0168698 0.0153949 0.01398 0.0126323 0.0113574 0.0101596 0.0090416 0.00800516 0.00705061 0.00617723 0.00538333 0.00466636 0.00402306 0.00344962 0.00294176 0.00249493 0.00210438 0.00176529 0.00147291 0.00122257 0.00100983 0.000830483 0.000680659 0.000556822 0.000455816 0.000374883 0.000311675 0.000264261 0.000231134 0.000211243 
0.000250386 0.000256513 0.000277846 0.000315172 0.000369748 0.000443346 0.000538248 0.00065724 0.000803601 0.000981087 0.00119391 0.00144669 0.00174441 0.00209238 0.00249612 0.00296129 0.00349358 0.00409857 0.00478164 0.00554776 0.00640137 0.00734622 0.00838519 0.00952013 0.0107517 0.0120793 0.0135008 0.0150127 0.0166096 0.0182848 0.0200298 0.0218344 0.0236869 0.0255744 0.0274823 0.0293952 0.0312965 0.0331692 0.0349956 0.0367581 0.0384389 0.0400207 0.0414869 0.0428219 0.044011 0.0450412 0.0459009 0.0465806 0.0470725 0.047371 0.0474729 0.0473768 0.047084 0.0465979 0.0459241 0.0450701 0.0440457 0.0428624 0.0415331 0.0400726 0.0384964 0.036821 0.0350639 0.0332425 0.0313747 0.0294778 0.0275691 0.0256649 0.0237806 0.0219307 0.0201282 0.0183847 0.0167103 0.0151135 0.0136011 0.0121784 0.010849 0.00961496 0.00847701 0.00743453 0.00648571 0.00562775 0.00485698 0.00416903 0.00355899 0.00302158 0.00255128 0.00214245 0.00178949 0.00148693 0.00122951 0.00101226 0.000830564 0.000680235 0.000557507 0.000459088 0.000382171 0.000324449 0.000284116 0.000259915 
0.000307799 0.000315345 0.000341423 0.000386978 0.000453521 0.000543174 0.000658669 0.000803335 0.000981087 0.0011964 0.00145428 0.0017602 0.00212008 0.00254016 0.00302695 0.00358707 0.00422718 0.00495377 0.00577304 0.0066907 0.00771181 0.00884057 0.0100801 0.0114324 0.0128979 0.0144755 0.0161627 0.0179547 0.0198453 0.021826 0.0238868 0.0260154 0.0281981 0.0304194 0.0326623 0.0349088 0.0371394 0.0393343 0.0414731 0.0435351 0.0455 0.0473479 0.0490595 0.0506168 0.0520032 0.0532036 0.0542049 0.0549961 0.0555683 0.0559153 0.0560332 0.0559206 0.0555789 0.055012 0.0542261 0.0532303 0.0520353 0.0506545 0.0491028 0.0473969 0.0455547 0.0435955 0.041539 0.0394058 0.0372162 0.0349906 0.032749 0.0305104 0.0282931 0.0261138 0.0239881 0.0219296 0.0199504 0.0180608 0.0162689 0.0145811 0.0130022 0.0115347 0.0101797 0.00893689 0.0078043 0.00677887 0.00585648 0.00503217 0.0043003 0.00365476 0.00308912 0.00259682 0.00217128 0.00180607 0.00149499 0.00123215 0.00101211 0.000829859 0.000680936 0.000561413 0.000467943 0.000397766 0.000348726 0.000319316 
0.000377139 0.000386396 0.000418167 0.000473582 0.000554449 0.000663304 0.000803407 0.000978722 0.00119391 0.00145428 0.00176576 0.00213483 0.00256847 0.00307402 0.00365911 0.00433147 0.00509885 0.00596878 0.00694837 0.00804417 0.00926189 0.0106062 0.0120805 0.0136868 0.0154253 0.0172944 0.0192907 0.0214084 0.0236397 0.0259745 0.0284007 0.0309039 0.0334676 0.0360738 0.0387025 0.0413324 0.0439413 0.0465059 0.0490026 0.0514077 0.0536975 0.0558493 0.0578411 0.0596522 0.0612635 0.0626579 0.0638204 0.0647385 0.0654022 0.0658043 0.0659403 0.0658088 0.0654114 0.0647524 0.063839 0.0626814 0.061292 0.0596859 0.0578802 0.055894 0.0537479 0.0514638 0.0490646 0.0465738 0.044015 0.0414118 0.0387873 0.0361638 0.0335625 0.0310031 0.0285038 0.0260808 0.0237484 0.0215189 0.0194022 0.0174062 0.0155364 0.0137965 0.012188 0.0107108 0.00936284 0.00814093 0.00704042 0.00605568 0.00518029 0.00440719 0.00372895 0.00313793 0.00262645 0.00218696 0.00181218 0.00149517 0.00122949 0.00100923 0.000829083 0.000684382 0.000571147 0.000486093 0.000426648 0.00039102 
0.00046011 0.000471411 0.000509946 0.000577063 0.000674914 0.000806517 0.000975742 0.00118729 0.00144669 0.0017602 0.00213483 0.00257822 0.00309853 0.00370437 0.00440464 0.00520835 0.00612446 0.00716162 0.00832801 0.00963105 0.0110772 0.0126715 0.0144177 0.0163177 0.0183714 0.0205766 0.0229287 0.0254207 0.0280431 0.0307837 0.0336281 0.0365592 0.0395578 0.0426025 0.0456701 0.0487359 0.0517741 0.0547578 0.0576598 0.0604528 0.0631098 0.0656048 0.0679125 0.0700095 0.0718741 0.0734868 0.0748306 0.0758914 0.0766578 0.0771217 0.0772781 0.0771253 0.0766651 0.0759025 0.0748457 0.073506 0.0718977 0.0700378 0.0679458 0.0656434 0.063154 0.0605028 0.0577158 0.05482 0.0518426 0.0488108 0.0457512 0.0426896 0.0396507 0.0366575 0.0337313 0.0308912 0.0281541 0.0255346 0.0230446 0.0206937 0.0184888 0.0164344 0.0145328 0.0127842 0.0111867 0.00973661 0.00842898 0.00725745 0.00621469 0.00529265 0.00448274 0.00377613 0.00316389 0.00263721 0.00218755 0.00180679 0.00148735 0.00122225 0.00100523 0.000830778 0.000694171 0.000591515 0.00051976 0.000476775 
0.00055858 0.000572302 0.000618807 0.000699694 0.000817513 0.000975834 0.00117923 0.00143326 0.00174441 0.00212008 0.00256847 0.00309853 0.0037198 0.0044423 0.00527637 0.00623241 0.00732075 0.0085513 0.00993336 0.0114753 0.0131843 0.015066 0.0171242 0.0193606 0.0217749 0.0243638 0.0271215 0.0300396 0.0331064 0.0363075 0.0396256 0.0430408 0.0465305 0.0500697 0.0536317 0.0571877 0.0607079 0.0641617 0.0675176 0.0707447 0.0738121 0.0766901 0.0793503 0.0817659 0.0839125 0.0857681 0.0873136 0.088533 0.0894135 0.089946 0.0901249 0.0899484 0.0894184 0.0885406 0.0873242 0.0857819 0.0839298 0.0817872 0.0793759 0.0767207 0.073848 0.0707863 0.0675654 0.0642158 0.0607689 0.0572556 0.0537065 0.0501516 0.0466191 0.043136 0.0397269 0.0364142 0.033218 0.0301553 0.0272405 0.024485 0.0218975 0.0194835 0.0172463 0.0151864 0.0133021 0.0115896 0.0100434 0.00865629 0.00742013 0.00632571 0.00536321 0.00452245 0.00379309 0.00316493 0.00262803 0.00217289 0.00179064 0.00147311 0.00121294 0.00100363 0.000839614 0.000716309 0.000630108 0.000578495 
0.000674562 0.000691129 0.000746952 0.000843917 0.000985028 0.00117449 0.00141767 0.0017211 0.00209238 0.00254016 0.00307402 0.00370437 0.0044423 0.00529942 0.00628763 0.00741893 0.0087051 0.0101574 0.0117865 0.0136015 0.0156105 0.0178196 0.0202327 0.0228513 0.0256743 0.0286975 0.0319137 0.0353124 0.0388797 0.0425985 0.0464485 0.0504062 0.0544454 0.0585371 0.0626504 0.0667524 0.0708088 0.0747845 0.078644 0.0823519 0.0858733 0.0891746 0.0922238 0.0949909 0.0974483 0.0995714 0.101339 0.102733 0.103738 0.104346 0.10455 0.104347 0.103741 0.102736 0.101344 0.0995784 0.0974577 0.0950034 0.0922399 0.089195 0.0858985 0.0823826 0.0786808 0.074828 0.0708594 0.0668104 0.0627162 0.0586108 0.054527 0.0504956 0.0465453 0.0427022 0.0389897 0.035428 0.032034 0.0288214 0.0258008 0.0229793 0.0203611 0.0179472 0.0157363 0.0137243 0.0119054 0.0102716 0.0088138 0.00752151 0.00638359 0.00538838 0.00452401 0.00377869 0.00314092 0.00259969 0.00214466 0.00176629 0.00145599 0.00120615 0.00101026 0.00086292 0.000759898 0.000698242 
0.000810194 0.00083008 0.000896715 0.00101232 0.0011804 0.00140588 0.00169505 0.00205551 0.00249612 0.00302695 0.00365911 0.00440464 0.00527637 0.00628763 0.00745211 0.00878347 0.0102951 0.0119999 0.0139095 0.0160343 0.0183831 0.0209622 0.0237758 0.0268249 0.0301076 0.0336184 0.0373484 0.0412847 0.045411 0.0497069 0.0541488 0.0587092 0.0633577 0.0680612 0.072784 0.0774885 0.0821357 0.0866858 0.0910986 0.095334 0.0993529 0.103118 0.106592 0.109743 0.11254 0.114954 0.116963 0.118547 0.119689 0.120379 0.12061 0.120379 0.119688 0.118545 0.116962 0.114953 0.11254 0.109745 0.106597 0.103125 0.0993649 0.0953511 0.0911216 0.0867155 0.0821728 0.0775336 0.0728376 0.0681237 0.0634292 0.0587897 0.0542382 0.0498048 0.0455168 0.0413977 0.0374676 0.033743 0.0302363 0.0269566 0.0239091 0.021096 0.0185159 0.0161651 0.014037 0.0121231 0.0104131 0.00889546 0.00755741 0.00638573 0.00536687 0.00448731 0.0037338 0.00309365 0.00255489 0.00210646 0.00173836 0.00144176 0.00120904 0.00103393 0.000911465 0.000838205 
0.00096771 0.000991438 0.00107053 0.00120758 0.00140667 0.00167354 0.00201547 0.00244129 0.00296129 0.00358707 0.00433147 0.00520835 0.00623241 0.00741893 0.00878347 0.0103416 0.0121084 0.0140982 0.0163242 0.0187978 0.0215283 0.0245227 0.0277848 0.0313151 0.0351107 0.0391646 0.0434657 0.0479988 0.0527442 0.0576783 0.0627733 0.0679977 0.0733164 0.0786915 0.0840822 0.0894458 0.0947384 0.0999148 0.10493 0.109739 0.114298 0.118565 0.1225 0.126066 0.129229 0.131959 0.134229 0.136018 0.137307 0.138085 0.138345 0.138083 0.137302 0.13601 0.13422 0.131949 0.129218 0.126056 0.122491 0.118558 0.114294 0.10974 0.104936 0.0999276 0.0947587 0.0894746 0.0841201 0.0787392 0.0733744 0.068066 0.062852 0.0577671 0.0528427 0.0481063 0.0435815 0.0392875 0.0352395 0.0314486 0.0279215 0.0246612 0.0216672 0.0189357 0.0164597 0.0142301 0.0122355 0.0104629 0.0088982 0.00752635 0.00633199 0.00529971 0.00441435 0.00366135 0.00302695 0.0024984 0.00206414 0.00171395 0.00143901 0.00123202 0.00108724 0.00100067 
0.0011494 0.00117755 0.0012709 0.00143246 0.00166696 0.00198103 0.00238309 0.00288333 0.00349358 0.00422718 0.00509885 0.00612446 0.00732075 0.0087051 0.0102951 0.0121084 0.0141618 0.0164714 0.0190516 0.0219149 0.0250714 0.0285281 0.0322887 0.036353 0.0407166 0.0453707 0.050302 0.055492 0.0609179 0.066552 0.0723621 0.078312 0.0843617 0.0904678 0.0965843 0.102663 0.108654 0.114508 0.120173 0.1256 0.13074 0.135547 0.139977 0.143988 0.147544 0.15061 0.153159 0.155166 0.156613 0.157485 0.157775 0.15748 0.156603 0.155152 0.153141 0.150589 0.14752 0.143963 0.139951 0.135523 0.130718 0.125581 0.120159 0.1145 0.108654 0.102672 0.096603 0.0904972 0.0844024 0.0783645 0.0724265 0.0666283 0.0610058 0.055591 0.0504111 0.0454891 0.040843 0.0364859 0.0324268 0.0286697 0.0252149 0.0220587 0.0191942 0.0166112 0.0142976 0.0122388 0.0104192 0.00882189 0.00742956 0.00622474 0.00519022 0.00430938 0.00356649 0.00294694 0.00243746 0.00202628 0.00170324 0.00145993 0.00128972 0.00118798 
0.00135759 0.00139078 0.00150034 0.00168972 0.00196438 0.00233192 0.00280205 0.00338642 0.00409857 0.00495377 0.00596878 0.00716162 0.0085513 0.0101574 0.0119999 0.0140982 0.0164714 0.019137 0.022111 0.0254068 0.029035 0.0330029 0.0373136 0.0419659 0.0469539 0.0522665 0.0578877 0.0637957 0.0699636 0.0763595 0.0829464 0.0896828 0.0965233 0.103419 0.110317 0.117165 0.123907 0.130486 0.136846 0.142934 0.148694 0.154076 0.159031 0.163515 0.167487 0.17091 0.173755 0.175993 0.177606 0.178578 0.1789 0.17857 0.177591 0.175971 0.173726 0.170877 0.167449 0.163473 0.158987 0.154032 0.148651 0.142893 0.13681 0.130455 0.123883 0.117151 0.110313 0.103426 0.0965428 0.0897155 0.0829926 0.0764195 0.0700372 0.0638825 0.057987 0.0523774 0.047075 0.0420958 0.0374507 0.0331456 0.0291815 0.0255551 0.0222595 0.0192839 0.0166151 0.0142373 0.012133 0.0102835 0.00866937 0.00727096 0.00606883 0.00504415 0.00417903 0.00345683 0.00286241 0.00238229 0.00200484 0.00172042 0.00152141 0.00140249 
0.00159455 0.00163346 0.00176131 0.00198206 0.00230195 0.00272969 0.00327633 0.00395518 0.00478164 0.00577304 0.00694837 0.00832801 0.00993336 0.0117865 0.0139095 0.0163242 0.0190516 0.022111 0.0255196 0.0292919 0.033439 0.037968 0.0428813 0.0481766 0.0538459 0.0598757 0.0662466 0.0729332 0.0799043 0.087123 0.094547 0.102129 0.109818 0.117559 0.125294 0.132962 0.140502 0.147852 0.154951 0.161737 0.168152 0.17414 0.17965 0.184631 0.18904 0.192839 0.195993 0.198474 0.200261 0.201337 0.201693 0.201327 0.200241 0.198444 0.195954 0.192792 0.188987 0.184572 0.179586 0.174075 0.168086 0.161671 0.154888 0.147795 0.140452 0.132921 0.125263 0.11754 0.109813 0.102138 0.094571 0.0871626 0.0799597 0.0730041 0.0663324 0.0599756 0.0539585 0.0483006 0.043015 0.0381094 0.0335863 0.0294431 0.0256726 0.0222638 0.0192024 0.0164712 0.0140512 0.0119215 0.0100606 0.00844642 0.00705723 0.00587177 0.00486987 0.00403266 0.00334294 0.00278541 0.00234683 0.00201617 0.00178476 0.00164654 
0.0018625 0.00190784 0.0020562 0.00231208 0.0026826 0.00317762 0.00380971 0.00459395 0.00554776 0.0066907 0.00804417 0.00963105 0.0114753 0.0136015 0.0160343 0.0187978 0.0219149 0.0254068 0.0292919 0.0335857 0.0382994 0.04344 0.0490089 0.0550021 0.0614095 0.0682147 0.0753944 0.0829192 0.0907529 0.0988534 0.107173 0.115658 0.124251 0.13289 0.141511 0.150046 0.15843 0.166592 0.174466 0.181985 0.189087 0.19571 0.201797 0.207297 0.212162 0.21635 0.219826 0.222559 0.224526 0.225711 0.226102 0.225698 0.2245 0.222521 0.219776 0.21629 0.212092 0.207219 0.201712 0.19562 0.188995 0.181893 0.174375 0.166505 0.158349 0.149975 0.141449 0.132841 0.124216 0.115639 0.107171 0.0988687 0.0907861 0.0829702 0.075463 0.0682999 0.0615103 0.055117 0.0491361 0.0435776 0.0384453 0.0337376 0.0294477 0.0255641 0.0220716 0.0189519 0.016184 0.0137451 0.0116114 0.00975841 0.00816182 0.00679788 0.0056439 0.00467867 0.00388277 0.0032389 0.00273206 0.00234976 0.00208216 0.00192236 
0.00216347 0.00221602 0.00238723 0.00268219 0.00310896 0.00367871 0.0044056 0.00530662 0.00640137 0.00771181 0.00926189 0.0110772 0.0131843 0.0156105 0.0183831 0.0215283 0.0250714 0.029035 0.033439 0.0382994 0.0436278 0.0494302 0.0557073 0.0624529 0.0696542 0.0772915 0.0853374 0.0937578 0.102511 0.11155 0.120819 0.13026 0.139807 0.149393 0.158946 0.168392 0.177658 0.186668 0.195351 0.203633 0.211447 0.218727 0.225413 0.231448 0.236783 0.241373 0.24518 0.248172 0.250324 0.25162 0.252047 0.251604 0.250292 0.248125 0.245118 0.241298 0.236695 0.23135 0.225305 0.218613 0.211328 0.203512 0.195229 0.18655 0.177545 0.168287 0.158851 0.149311 0.13974 0.130209 0.120787 0.111537 0.102518 0.093785 0.0853847 0.0773583 0.0697395 0.0625552 0.0558249 0.0495611 0.0437696 0.0384499 0.0335956 0.0291952 0.0252327 0.0216885 0.0185398 0.015762 0.0133288 0.0112132 0.0093882 0.00782741 0.00650549 0.0053987 0.00448526 0.00374571 0.00316317 0.00272357 0.00241579 0.00223205 
0.00249933 0.00255987 0.00275636 0.00309452 0.00358341 0.00423559 0.00506695 0.00609652 0.00734622 0.00884057 0.0106062 0.0126715 0.015066 0.0178196 0.0209622 0.0245227 0.0285281 0.0330029 0.037968 0.04344 0.0494302 0.0559442 0.0629809 0.0705317 0.078581 0.0871049 0.0960718 0.105442 0.115169 0.125197 0.135467 0.145912 0.15646 0.167035 0.17756 0.187954 0.198135 0.208024 0.217542 0.22661 0.235157 0.243112 0.25041 0.256994 0.262809 0.267808 0.271952 0.275208 0.277549 0.278957 0.279422 0.278938 0.277511 0.275152 0.271879 0.267718 0.262703 0.256875 0.25028 0.242972 0.23501 0.226459 0.217388 0.207872 0.197987 0.187812 0.177429 0.166917 0.156356 0.145826 0.135401 0.125152 0.115145 0.105441 0.0960939 0.0871495 0.0786471 0.070618 0.0630856 0.0560654 0.0495653 0.0435864 0.0381231 0.033164 0.0286924 0.0246875 0.0211251 0.0179782 0.0152183 0.0128158 0.0107409 0.00896446 0.00745829 0.006196 0.00515329 0.00430841 0.00364247 0.0031397 0.00278761 0.00257748 
0.00287164 0.002941 0.00316526 0.00355084 0.00410788 0.00485039 0.00579611 0.00696625 0.00838519 0.0100801 0.0120805 0.0144177 0.0171242 0.0202327 0.0237758 0.0277848 0.0322887 0.0373136 0.0428813 0.0490089 0.0557073 0.0629809 0.0708266 0.0792333 0.0881817 0.0976437 0.107583 0.117953 0.128702 0.139768 0.151084 0.162575 0.174163 0.185765 0.197295 0.208666 0.21979 0.230581 0.240953 0.250825 0.260118 0.268759 0.27668 0.283819 0.290119 0.295532 0.300017 0.303538 0.306069 0.307591 0.308092 0.307569 0.306025 0.303472 0.299931 0.295427 0.289996 0.283679 0.276526 0.268593 0.259942 0.250642 0.240766 0.230393 0.219605 0.208486 0.197124 0.185607 0.17402 0.162451 0.15098 0.139687 0.128645 0.117921 0.107576 0.0976622 0.0882249 0.0793 0.070915 0.063089 0.0558326 0.0491487 0.0430327 0.0374735 0.0324541 0.0279528 0.0239435 0.0203974 0.0172836 0.0145697 0.0122233 0.0102121 0.00850508 0.00707309 0.00588915 0.00492909 0.00417187 0.0035999 0.00319927 0.00296023 
0.00328162 0.00336065 0.00361523 0.00405252 0.00468381 0.00552465 0.00659475 0.00791758 0.00952013 0.0114324 0.0136868 0.0163177 0.0193606 0.0228513 0.0268249 0.0313151 0.036353 0.0419659 0.0481766 0.0550021 0.0624529 0.0705317 0.0792333 0.0885434 0.0984386 0.108886 0.119843 0.131259 0.143074 0.155219 0.167619 0.180193 0.192854 0.205511 0.218073 0.230443 0.242529 0.254237 0.265477 0.276162 0.28621 0.295542 0.304089 0.311784 0.31857 0.324396 0.32922 0.333006 0.335726 0.337361 0.337899 0.337336 0.335677 0.332932 0.329123 0.324277 0.318429 0.311624 0.303911 0.29535 0.286005 0.275948 0.265257 0.254014 0.242306 0.230224 0.217861 0.205312 0.19267 0.180027 0.167475 0.155098 0.142979 0.131192 0.119804 0.108875 0.0984551 0.0885868 0.079302 0.0706237 0.0625655 0.0551326 0.0483217 0.0421225 0.0365177 0.0314847 0.0269961 0.0230211 0.0195263 0.0164768 0.0138371 0.011572 0.00964761 0.00803164 0.00669442 0.00560922 0.00475275 0.0041055 0.00365204 0.00338153 
0.00373008 0.00381962 0.00410708 0.00460039 0.00531204 0.00625922 0.00746367 0.00895128 0.0107517 0.0128979 0.0154253 0.0183714 0.0217749 0.0256743 0.0301076 0.0351107 0.0407166 0.0469539 0.0538459 0.0614095 0.0696542 0.078581 0.0881817 0.0984386 0.109324 0.120799 0.132816 0.145317 0.158234 0.171493 0.185009 0.198694 0.212453 0.226187 0.239798 0.253183 0.266241 0.278875 0.290987 0.302488 0.313289 0.323311 0.332479 0.340727 0.347994 0.35423 0.359389 0.363436 0.366342 0.368089 0.368663 0.368061 0.366288 0.363354 0.359281 0.354097 0.347838 0.340548 0.33228 0.323094 0.313056 0.302242 0.290733 0.278615 0.265979 0.252923 0.239545 0.225945 0.212225 0.198484 0.184821 0.17133 0.158099 0.14521 0.13274 0.120754 0.10931 0.0984552 0.0882273 0.0786534 0.0697511 0.0615278 0.0539822 0.0471048 0.0408785 0.03528 0.0302807 0.0258479 0.0219457 0.0185367 0.0155825 0.0130448 0.0108865 0.00907236 0.00756987 0.0063496 0.00538591 0.00465729 0.00414671 0.00384219 
0.00421734 0.00431824 0.00464111 0.0051947 0.00599274 0.00705415 0.00840279 0.010067 0.0120793 0.0144755 0.0172944 0.0205766 0.0243638 0.0286975 0.0336184 0.0391646 0.0453707 0.0522665 0.0598757 0.0682147 0.0772915 0.0871049 0.0976437 0.108886 0.120799 0.133338 0.14645 0.160068 0.174119 0.188518 0.203174 0.21799 0.232864 0.247689 0.262358 0.276762 0.290796 0.304354 0.317336 0.329646 0.341194 0.351897 0.361678 0.370468 0.378207 0.384842 0.390328 0.39463 0.397718 0.399573 0.400183 0.399543 0.397659 0.394541 0.390211 0.384697 0.378035 0.370271 0.361458 0.351656 0.340935 0.329371 0.317049 0.304059 0.290496 0.276463 0.262062 0.247403 0.232591 0.217735 0.202941 0.18831 0.17394 0.15992 0.146335 0.133257 0.120752 0.108873 0.0976628 0.0871547 0.0773694 0.0683178 0.0600006 0.0524094 0.0455278 0.0393318 0.0337919 0.0288735 0.0245387 0.0207472 0.0174578 0.0146291 0.0122209 0.0101948 0.0085153 0.00715022 0.00607148 0.00525549 0.00468355 0.00434251 
0.00474317 0.00485625 0.00521701 0.00583503 0.00672533 0.00790863 0.00941095 0.0112632 0.0135008 0.0161627 0.0192907 0.0229287 0.0271215 0.0319137 0.0373484 0.0434657 0.050302 0.0578877 0.0662466 0.0753944 0.0853374 0.0960718 0.107583 0.119843 0.132816 0.14645 0.160684 0.175445 0.190651 0.20621 0.222021 0.23798 0.253976 0.269896 0.285624 0.301045 0.316047 0.330521 0.344361 0.357467 0.369747 0.381115 0.391492 0.40081 0.409006 0.416027 0.42183 0.426376 0.429639 0.431598 0.432242 0.431567 0.429576 0.426282 0.421704 0.415872 0.408822 0.400598 0.391254 0.380852 0.369463 0.357164 0.344043 0.330192 0.315711 0.300706 0.285287 0.269566 0.253659 0.237679 0.221742 0.205956 0.190426 0.175253 0.160527 0.146329 0.132732 0.119797 0.107572 0.0960958 0.0853936 0.0754796 0.0663574 0.0580201 0.0504519 0.0436288 0.0375204 0.0320906 0.0272993 0.0231036 0.0194594 0.0163223 0.0136488 0.0113974 0.00952952 0.00801019 0.00680882 0.00589964 0.00526223 0.00488222 
0.00530674 0.00543281 0.00583382 0.00652023 0.0075084 0.00882086 0.0104859 0.0125371 0.0150127 0.0179547 0.0214084 0.0254207 0.0300396 0.0353124 0.0412847 0.0479988 0.055492 0.0637957 0.0729332 0.0829192 0.0937578 0.105442 0.117953 0.131259 0.145317 0.160068 0.175445 0.191367 0.207742 0.224471 0.241444 0.258549 0.275667 0.292675 0.309453 0.32588 0.341836 0.357208 0.371886 0.385767 0.398757 0.410768 0.42172 0.431544 0.440178 0.447568 0.453671 0.458451 0.46188 0.463938 0.464614 0.463905 0.461813 0.458352 0.453539 0.447404 0.439983 0.431319 0.421466 0.410487 0.398451 0.38544 0.37154 0.356847 0.341465 0.325503 0.309076 0.292302 0.275304 0.258202 0.241118 0.224169 0.20747 0.191129 0.175244 0.159906 0.145194 0.131177 0.11791 0.105438 0.0937893 0.0829838 0.0730273 0.0639152 0.0556326 0.0481558 0.0414537 0.0354887 0.0302188 0.0255988 0.0215816 0.0181197 0.0151664 0.0126772 0.0106102 0.0089277 0.00759647 0.00658857 0.00588177 0.00546046 
0.00590657 0.00604638 0.00648987 0.00724838 0.00833965 0.00978807 0.0116242 0.0138844 0.0166096 0.0198453 0.0236397 0.0280431 0.0331064 0.0388797 0.045411 0.0527442 0.0609179 0.0699636 0.0799043 0.0907529 0.102511 0.115169 0.128702 0.143074 0.158234 0.174119 0.190651 0.207742 0.225292 0.243192 0.261326 0.27957 0.297799 0.315883 0.333694 0.351105 0.367992 0.384236 0.399725 0.414353 0.428024 0.44065 0.452149 0.462453 0.4715 0.479239 0.485625 0.490623 0.494207 0.496359 0.497066 0.496325 0.494139 0.490521 0.485488 0.479069 0.471298 0.462218 0.451883 0.440353 0.4277 0.414004 0.399353 0.383846 0.367588 0.350692 0.333278 0.315469 0.297392 0.279177 0.260952 0.242843 0.224973 0.207457 0.190404 0.173912 0.15807 0.142953 0.128624 0.115133 0.102516 0.0907944 0.0799793 0.070068 0.061047 0.0528933 0.045575 0.0390538 0.0332857 0.0282232 0.0238164 0.0200148 0.0167686 0.0140299 0.0117539 0.00989991 0.00843211 0.00732031 0.00654048 0.00607569 
0.0065405 0.00669475 0.00718275 0.00801675 0.00921589 0.0108064 0.0128213 0.0152994 0.0182848 0.021826 0.0259745 0.0307837 0.0363075 0.0425985 0.0497069 0.0576783 0.066552 0.0763595 0.087123 0.0988534 0.11155 0.125197 0.139768 0.155219 0.171493 0.188518 0.20621 0.224471 0.243192 0.262257 0.281539 0.300908 0.320229 0.339366 0.358184 0.37655 0.394336 0.411419 0.427685 0.443026 0.457343 0.470549 0.482563 0.493317 0.50275 0.510811 0.517459 0.52266 0.526388 0.528625 0.529361 0.528591 0.526319 0.522557 0.517321 0.510638 0.502542 0.493075 0.482288 0.470241 0.457005 0.442659 0.427293 0.411005 0.393904 0.376105 0.357732 0.338912 0.31978 0.30047 0.281119 0.261861 0.242825 0.224138 0.205916 0.188266 0.171286 0.155058 0.139654 0.125129 0.111525 0.0988695 0.0871767 0.0764466 0.0666676 0.0578175 0.0498644 0.042769 0.0364857 0.0309647 0.0261537 0.0219992 0.0184482 0.0154498 0.0129559 0.0109229 0.0093125 0.00809211 0.00723591 0.00672568 
0.00720567 0.00737497 0.00790929 0.00882177 0.010133 0.011871 0.0140712 0.0167751 0.0200298 0.0238868 0.0284007 0.0336281 0.0396256 0.0464485 0.0541488 0.0627733 0.0723621 0.0829464 0.094547 0.107173 0.120819 0.135467 0.151084 0.167619 0.185009 0.203174 0.222021 0.241444 0.261326 0.281539 0.30195 0.322419 0.342805 0.362964 0.382755 0.40204 0.420687 0.43857 0.455571 0.471583 0.486507 0.500254 0.512746 0.523915 0.533703 0.54206 0.548948 0.554332 0.558191 0.560506 0.561267 0.560471 0.558122 0.554229 0.548809 0.541887 0.533494 0.52367 0.512466 0.499939 0.486158 0.471203 0.455162 0.438135 0.42023 0.401567 0.382271 0.362475 0.342317 0.32194 0.301486 0.281097 0.260912 0.241064 0.221681 0.202877 0.184758 0.167417 0.150931 0.135364 0.120763 0.107161 0.0945774 0.0830142 0.0724624 0.0629008 0.054298 0.0466137 0.0398013 0.0338088 0.0285814 0.0240628 0.020197 0.0169298 0.0142102 0.0119918 0.0102334 0.00890036 0.00796488 0.00740747 
0.00789849 0.00808338 0.00866553 0.00965902 0.0110858 0.0129759 0.0153669 0.0183031 0.0218344 0.0260154 0.0309039 0.0365592 0.0430408 0.0504062 0.0587092 0.0679977 0.078312 0.0896828 0.102129 0.115658 0.13026 0.145912 0.162575 0.180193 0.198694 0.21799 0.23798 0.258549 0.27957 0.300908 0.322419 0.343957 0.365372 0.386515 0.407238 0.427398 0.446861 0.465498 0.483189 0.499826 0.515311 0.529557 0.542486 0.554033 0.564142 0.572766 0.579868 0.585417 0.589392 0.591776 0.592561 0.591743 0.589325 0.585316 0.579732 0.572595 0.563934 0.553789 0.542205 0.529239 0.514957 0.499437 0.482768 0.465047 0.446385 0.426901 0.406725 0.385993 0.364848 0.343439 0.321913 0.300421 0.27911 0.258123 0.237593 0.217647 0.198399 0.179948 0.162382 0.145772 0.130171 0.115617 0.102135 0.0897296 0.0783952 0.0681119 0.0588486 0.0505648 0.0432126 0.0367384 0.031085 0.0261934 0.0220046 0.0184614 0.0155099 0.0131006 0.0111898 0.00974064 0.00872342 0.00811738 
0.00861468 0.00881558 0.00944678 0.0105233 0.0120684 0.014114 0.0167001 0.0198735 0.0236869 0.0281981 0.0334676 0.0395578 0.0465305 0.0544454 0.0633577 0.0733164 0.0843617 0.0965233 0.109818 0.124251 0.139807 0.15646 0.174163 0.192854 0.212453 0.232864 0.253976 0.275667 0.297799 0.320229 0.342805 0.365372 0.387774 0.409855 0.431462 0.452449 0.472678 0.492017 0.510347 0.52756 0.543558 0.558256 0.57158 0.583465 0.593859 0.602719 0.610009 0.615703 0.619779 0.622224 0.623029 0.622192 0.619715 0.615606 0.609879 0.602553 0.593657 0.583226 0.571302 0.55794 0.543204 0.527168 0.509919 0.491555 0.472186 0.451933 0.430926 0.409305 0.387218 0.364817 0.342259 0.3197 0.297295 0.275195 0.253543 0.232475 0.212113 0.192566 0.17393 0.156282 0.139684 0.12418 0.109797 0.0965475 0.0844263 0.0734159 0.0634859 0.054596 0.0466972 0.0397344 0.0336482 0.0283772 0.0238594 0.0200348 0.0168465 0.0142422 0.0121757 0.0106077 0.00950683 0.00885101 
0.00934927 0.00956651 0.0102476 0.0114085 0.0130739 0.0152775 0.0180614 0.0214752 0.0255744 0.0304194 0.0360738 0.0426025 0.0500697 0.0585371 0.0680612 0.0786915 0.0904678 0.103419 0.117559 0.13289 0.149393 0.167035 0.185765 0.205511 0.226187 0.247689 0.269896 0.292675 0.315883 0.339366 0.362964 0.386515 0.409855 0.432823 0.455262 0.477022 0.497961 0.517948 0.536864 0.554599 0.57106 0.586162 0.599835 0.612018 0.622661 0.631725 0.639177 0.644994 0.649157 0.651653 0.652476 0.651624 0.649097 0.644903 0.639054 0.631568 0.622468 0.611787 0.599565 0.585852 0.570709 0.554208 0.536433 0.51748 0.497459 0.47649 0.454706 0.432249 0.40927 0.385927 0.362382 0.338798 0.315337 0.29216 0.269418 0.247255 0.225804 0.205181 0.185491 0.16682 0.149235 0.132788 0.117511 0.103419 0.0905126 0.0787748 0.0681769 0.0586786 0.0502303 0.0427755 0.0362529 0.0305987 0.0257484 0.021639 0.0182108 0.0154087 0.0131841 0.0114955 0.0103097 0.00960329 
0.0100967 0.0103304 0.0110619 0.012308 0.0140946 0.0164573 0.0194405 0.0230961 0.0274823 0.0326623 0.0387025 0.0456701 0.0536317 0.0626504 0.072784 0.0840822 0.0965843 0.110317 0.125294 0.141511 0.158946 0.17756 0.197295 0.218073 0.239798 0.262358 0.285624 0.309453 0.333694 0.358184 0.382755 0.407238 0.431462 0.455262 0.478475 0.50095 0.522542 0.543121 0.562565 0.58077 0.597641 0.613099 0.627076 0.639515 0.65037 0.659606 0.667194 0.673113 0.677347 0.679887 0.680725 0.67986 0.677293 0.67303 0.667081 0.65946 0.650189 0.639296 0.626817 0.6128 0.597299 0.580385 0.562138 0.542652 0.522036 0.500409 0.477905 0.454669 0.430854 0.406622 0.382141 0.35758 0.33311 0.308897 0.285104 0.261881 0.239371 0.217701 0.196981 0.177306 0.158753 0.141377 0.125217 0.110293 0.0966083 0.0841485 0.0728862 0.0627817 0.053785 0.0458386 0.0388793 0.0328411 0.0276571 0.0232617 0.0195922 0.0165912 0.0142074 0.0123972 0.0111258 0.0103685 
0.0108507 0.011101 0.011883 0.0132142 0.0151221 0.0176439 0.0208261 0.0247229 0.0293952 0.0349088 0.0413324 0.0487359 0.0571877 0.0667524 0.0774885 0.0894458 0.102663 0.117165 0.132962 0.150046 0.168392 0.187954 0.208666 0.230443 0.253183 0.276762 0.301045 0.32588 0.351105 0.37655 0.40204 0.427398 0.452449 0.477022 0.50095 0.524079 0.546265 0.567376 0.587293 0.605911 0.623141 0.638906 0.653142 0.665796 0.676828 0.686205 0.693903 0.699904 0.704195 0.706768 0.707619 0.706745 0.704147 0.69983 0.693801 0.686072 0.676661 0.665593 0.652899 0.638621 0.622812 0.605537 0.586873 0.566911 0.545758 0.523534 0.50037 0.476414 0.451822 0.426759 0.401397 0.375914 0.350485 0.325285 0.300485 0.276245 0.252715 0.230031 0.208312 0.187662 0.168164 0.149881 0.132857 0.117116 0.102666 0.0894943 0.0775764 0.0668727 0.057333 0.048899 0.0415061 0.0350863 0.0295702 0.0248897 0.0209797 0.01778 0.0152372 0.0133056 0.0119485 0.0111403 
0.0116047 0.0118715 0.0127036 0.0141194 0.0161475 0.0188269 0.022206 0.0263414 0.0312965 0.0371394 0.0439413 0.0517741 0.0607079 0.0708088 0.0821357 0.0947384 0.108654 0.123907 0.140502 0.15843 0.177658 0.198135 0.21979 0.242529 0.266241 0.290796 0.316047 0.341836 0.367992 0.394336 0.420687 0.446861 0.472678 0.497961 0.522542 0.546265 0.568985 0.590569 0.610901 0.62988 0.647417 0.663441 0.677892 0.690723 0.701896 0.711385 0.719168 0.725231 0.729566 0.732165 0.733025 0.732145 0.729525 0.725168 0.719079 0.711267 0.701747 0.690538 0.677668 0.663175 0.647105 0.62952 0.610493 0.590113 0.568482 0.54572 0.521958 0.497344 0.472035 0.446202 0.42002 0.393671 0.367339 0.341207 0.31545 0.29024 0.265734 0.242077 0.219398 0.197807 0.177395 0.158232 0.140368 0.123832 0.108635 0.0947686 0.0822087 0.0709174 0.0608446 0.0519311 0.0441112 0.037315 0.0314711 0.026509 0.022361 0.0189648 0.0162645 0.0142125 0.0127706 0.0119118 
0.0123517 0.0126347 0.013516 0.0150149 0.0171611 0.0199953 0.0235677 0.0279372 0.0331692 0.0393343 0.0465059 0.0547578 0.0641617 0.0747845 0.0866858 0.0999148 0.114508 0.130486 0.147852 0.166592 0.186668 0.208024 0.230581 0.254237 0.278875 0.304354 0.330521 0.357208 0.384236 0.411419 0.43857 0.465498 0.492017 0.517948 0.543121 0.567376 0.590569 0.612569 0.633262 0.652548 0.670344 0.686582 0.701207 0.714177 0.725459 0.735031 0.742876 0.748984 0.753349 0.755966 0.756834 0.75595 0.753316 0.748932 0.742802 0.734931 0.725329 0.714013 0.701005 0.686337 0.670052 0.652207 0.63287 0.612126 0.590075 0.566835 0.542536 0.517326 0.491364 0.464823 0.437883 0.41073 0.383555 0.356546 0.329889 0.303762 0.27833 0.253748 0.230152 0.207661 0.186372 0.166363 0.14769 0.130386 0.114467 0.0999265 0.0867436 0.074881 0.0642891 0.0549082 0.0466714 0.0395075 0.0333428 0.0281049 0.0237238 0.0201347 0.0172798 0.0151096 0.0135843 0.012676 
0.0130841 0.013383 0.0143123 0.0158921 0.0181533 0.021138 0.0248983 0.0294949 0.0349956 0.0414731 0.0490026 0.0576598 0.0675176 0.078644 0.0910986 0.10493 0.120173 0.136846 0.154951 0.174466 0.195351 0.217542 0.240953 0.265477 0.290987 0.317336 0.344361 0.371886 0.399725 0.427685 0.455571 0.483189 0.510347 0.536864 0.562565 0.587293 0.610901 0.633262 0.654261 0.673806 0.691814 0.708224 0.722985 0.736059 0.747421 0.75705 0.764937 0.771074 0.775457 0.778086 0.778958 0.778074 0.775433 0.771034 0.764879 0.756969 0.747312 0.735918 0.722806 0.708003 0.691546 0.673486 0.653889 0.632834 0.61042 0.58676 0.561984 0.53624 0.509688 0.482503 0.454868 0.426975 0.399019 0.371196 0.343698 0.31671 0.290408 0.264953 0.24049 0.217145 0.195022 0.174207 0.154761 0.136722 0.12011 0.104923 0.091141 0.0787282 0.0676355 0.0578032 0.0491634 0.0416433 0.0351679 0.0296624 0.0250549 0.0212785 0.0182733 0.0159881 0.0143818 0.0134252 
0.0137945 0.0141087 0.0150843 0.016742 0.0191139 0.0222434 0.0261844 0.0309994 0.0367581 0.0435351 0.0514077 0.0604528 0.0707447 0.0823519 0.095334 0.109739 0.1256 0.142934 0.161737 0.181985 0.203633 0.22661 0.250825 0.276162 0.302488 0.329646 0.357467 0.385767 0.414353 0.443026 0.471583 0.499826 0.52756 0.554599 0.58077 0.605911 0.62988 0.652548 0.673806 0.693562 0.71174 0.728283 0.743145 0.756294 0.767708 0.777373 0.785282 0.791433 0.795825 0.798459 0.799334 0.798451 0.795809 0.791406 0.78524 0.777311 0.767621 0.756177 0.742992 0.728087 0.711497 0.693266 0.673455 0.65214 0.629414 0.60539 0.580196 0.553978 0.526898 0.499132 0.470867 0.442298 0.413626 0.385052 0.356776 0.32899 0.301877 0.275606 0.25033 0.226181 0.203274 0.181698 0.16152 0.142786 0.125516 0.109714 0.0953612 0.0824237 0.0708529 0.0605889 0.0515633 0.0437021 0.0369286 0.0311662 0.0263412 0.0223847 0.0192349 0.0168391 0.0151547 0.0141517 
