0.00262633 0.00265161 0.00273394 0.00287406 0.00307288 0.00333166 0.00365194 0.00403553 0.00448444 0.00500084 0.00558701 0.00624522 0.00697771 0.00778658 0.00867374 0.00964077 0.0106889 0.0118189 0.0130309 0.0143247 0.015699 0.0171522 0.0186814 0.0202833 0.0219535 0.0236867 0.0254767 0.0273165 0.0291981 0.0311128 0.0330508 0.0350019 0.0369552 0.0388992 0.0408218 0.0427108 0.0445537 0.0463378 0.0480508 0.0496803 0.0512143 0.0526412 0.0539504 0.0551315 0.0561754 0.0570738 0.0578195 0.0584066 0.0588302 0.0590869 0.0591746 0.0590927 0.0588419 0.0584242 0.057843 0.0571031 0.0562105 0.0551724 0.053997 0.0526935 0.0512721 0.0497436 0.0481195 0.0464117 0.0446326 0.0427945 0.0409101 0.0389918 0.0370518 0.0351021 0.0331542 0.031219 0.0293068 0.0274271 0.0255887 0.0237996 0.0220668 0.0203965 0.018794 0.0172636 0.0158087 0.0144322 0.0131357 0.0119204 0.0107868 0.00973458 0.00876306 0.00787106 0.00705699 0.00631901 0.00565504 0.00506288 0.00454027 0.00408499 0.00369489 0.00336798 0.00310249 0.00289689 0.00274995 0.00266096 
0.00265161 0.00267715 0.00276029 0.00290177 0.00310251 0.00336378 0.00368713 0.00407438 0.00452756 0.00504887 0.00564058 0.006305 0.00704437 0.00786082 0.00875624 0.00973224 0.01079 0.0119304 0.0131536 0.0144591 0.0158459 0.0173121 0.0188551 0.0204712 0.0221562 0.0239047 0.0257105 0.0275663 0.0294642 0.0313954 0.0333501 0.0353179 0.0372878 0.0392481 0.0411869 0.0430917 0.04495 0.0467489 0.0484761 0.0501189 0.0516655 0.0531041 0.0544239 0.0556146 0.0566669 0.0575726 0.0583243 0.058916 0.059343 0.0596017 0.0596901 0.0596075 0.0593546 0.0589335 0.0583475 0.0576016 0.0567018 0.0556552 0.0544701 0.053156 0.0517229 0.0501819 0.0485444 0.0468224 0.0450285 0.0431751 0.0412748 0.0393404 0.037384 0.0354177 0.0334532 0.0315014 0.0295727 0.0276767 0.0258223 0.0240175 0.0222695 0.0205844 0.0189676 0.0174235 0.0159556 0.0145667 0.0132584 0.0120321 0.0108881 0.00982622 0.00884575 0.00794548 0.00712386 0.00637899 0.00570881 0.0051111 0.00458358 0.00412401 0.00373022 0.00340023 0.00313223 0.00292468 0.00277636 0.00268654 
0.00273394 0.00276029 0.00284591 0.00299157 0.00319821 0.00346711 0.00379987 0.00419834 0.0046646 0.00520087 0.00580949 0.00649279 0.00725305 0.00809243 0.00901286 0.010016 0.0111029 0.0122746 0.013531 0.0148719 0.0162959 0.0178012 0.0193851 0.0210438 0.0227728 0.0245667 0.026419 0.0283224 0.0302687 0.0322486 0.0342524 0.0362693 0.0382881 0.0402968 0.0422831 0.0442344 0.0461377 0.0479801 0.0497486 0.0514308 0.0530141 0.0544868 0.0558377 0.0570564 0.0581334 0.0590602 0.0598294 0.0604348 0.0608716 0.0611363 0.0612266 0.0611419 0.060883 0.0604519 0.0598521 0.0590886 0.0581674 0.0570961 0.055883 0.0545376 0.0530704 0.0514925 0.0498156 0.0480522 0.0462149 0.0443164 0.0423697 0.0403878 0.0383831 0.0363681 0.0343545 0.0323536 0.0303762 0.028432 0.0265302 0.024679 0.0228857 0.0211567 0.0194975 0.0179126 0.0164057 0.0149795 0.0136361 0.0123765 0.0112013 0.0101103 0.00910283 0.00817759 0.00733305 0.0065673 0.00587824 0.00526361 0.0047211 0.00424842 0.00384338 0.00350393 0.00322823 0.00301474 0.00286217 0.00276979 
0.00287406 0.00290177 0.00299157 0.00314426 0.00336081 0.00364254 0.0039911 0.00440841 0.00489661 0.00545799 0.00609496 0.0068099 0.00760518 0.00848298 0.00944527 0.0104937 0.0116295 0.0128534 0.0141655 0.0155653 0.0170515 0.0186221 0.0202741 0.0220038 0.0238062 0.0256757 0.0276055 0.0295881 0.0316146 0.0336758 0.0357612 0.0378598 0.0399598 0.0420488 0.044114 0.0461424 0.0481205 0.0500349 0.0518722 0.0536195 0.0552638 0.0567931 0.0581956 0.0594607 0.0605786 0.0615404 0.0623386 0.0629667 0.0634198 0.0636943 0.0637878 0.0636997 0.0634307 0.062983 0.0623603 0.0615676 0.0606112 0.0594988 0.0582391 0.0568419 0.0553181 0.053679 0.051937 0.0501048 0.0481954 0.0462221 0.0441984 0.0421376 0.0400527 0.0379566 0.0358615 0.0337791 0.0317207 0.0296963 0.0277156 0.025787 0.0239183 0.0221161 0.0203861 0.0187332 0.0171612 0.0156731 0.0142708 0.0129557 0.0117284 0.0105887 0.00953595 0.00856891 0.00768598 0.00688525 0.00616454 0.00552155 0.00495389 0.00445923 0.00403528 0.00367994 0.00339133 0.00316783 0.00300813 0.00291147 
0.00307288 0.00310251 0.00319821 0.00336081 0.00359132 0.00389113 0.00426195 0.0047058 0.0052249 0.00582164 0.0064985 0.00725799 0.00810251 0.00903435 0.0100555 0.0111676 0.012372 0.0136692 0.0150595 0.016542 0.0181155 0.0197777 0.0215254 0.0233544 0.0252597 0.0272352 0.0292736 0.0313669 0.033506 0.0356808 0.0378804 0.0400932 0.0423067 0.044508 0.0466836 0.0488197 0.0509022 0.0529173 0.0548507 0.0566889 0.0584184 0.0600265 0.0615012 0.0628311 0.0640059 0.0650167 0.0658553 0.0665151 0.066991 0.067279 0.067377 0.0672841 0.0670011 0.0665304 0.0658756 0.0650421 0.0640365 0.0628668 0.0615421 0.0600727 0.0584698 0.0567454 0.0549124 0.052984 0.050974 0.0488962 0.0467648 0.0445937 0.0423967 0.0401871 0.037978 0.0357817 0.0336098 0.0314732 0.0293819 0.027345 0.0253706 0.0234658 0.0216367 0.0198885 0.0182251 0.0166499 0.0151651 0.0137721 0.0124716 0.0112635 0.0101471 0.00912129 0.0081844 0.00733445 0.00656921 0.0058863 0.00528325 0.00475761 0.00430704 0.00392933 0.00362252 0.00338492 0.00321517 0.00311248 
0.00333166 0.00336378 0.00346711 0.00364254 0.00389113 0.00421434 0.00461399 0.00509218 0.00565126 0.00629373 0.00702219 0.00783925 0.00874744 0.00974909 0.0108463 0.0120407 0.0133336 0.0147255 0.0162166 0.0178059 0.0194919 0.0212721 0.023143 0.0251002 0.0271379 0.0292498 0.031428 0.0336638 0.0359476 0.0382685 0.040615 0.0429746 0.045334 0.0476795 0.0499968 0.0522713 0.054488 0.0566322 0.058689 0.0606438 0.0624826 0.064192 0.065759 0.067172 0.06842 0.0694934 0.0703839 0.0710844 0.0715894 0.0718949 0.0719986 0.0718995 0.0715986 0.0710982 0.0704024 0.0695166 0.068448 0.0672048 0.0657967 0.0642346 0.0625302 0.0606964 0.0587465 0.0566947 0.0545555 0.0523436 0.0500739 0.0477611 0.04542 0.0430647 0.0407091 0.0383661 0.0360484 0.0337674 0.0315339 0.0293576 0.0272471 0.0252102 0.0232534 0.0213822 0.0196012 0.0179138 0.0163225 0.0148289 0.0134339 0.0121375 0.010939 0.00983726 0.00883063 0.00791708 0.00709427 0.00635974 0.00571091 0.00514522 0.0046602 0.00425354 0.00392318 0.00366734 0.00348458 0.00337408 
0.00365194 0.00368713 0.00379987 0.0039911 0.00426195 0.00461399 0.00504913 0.0055696 0.00617787 0.00687661 0.00766855 0.00855642 0.00954287 0.0106303 0.011821 0.0131164 0.014518 0.0160262 0.017641 0.0193613 0.0211853 0.0231102 0.0251322 0.0272462 0.0294462 0.031725 0.0340743 0.0364846 0.0389454 0.041445 0.043971 0.0465099 0.0490476 0.0515693 0.0540597 0.0565031 0.0588836 0.0611853 0.0633925 0.0654897 0.0674618 0.0692945 0.0709743 0.0724885 0.0738256 0.0749754 0.075929 0.0766791 0.0772196 0.0775464 0.077657 0.0775505 0.0772277 0.0766912 0.0759453 0.0749959 0.0738504 0.0725176 0.0710079 0.0693328 0.0675047 0.0655373 0.063445 0.0612426 0.0589458 0.0565701 0.0541315 0.0516458 0.0491287 0.0465953 0.0440606 0.0415384 0.0390423 0.0365848 0.0341772 0.0318302 0.0295532 0.0273544 0.0252411 0.0232194 0.021294 0.019469 0.0177471 0.0161301 0.0146191 0.0132142 0.0119149 0.0107199 0.00962755 0.0086358 0.00774222 0.0069442 0.00623905 0.00562407 0.00509666 0.00465436 0.00429501 0.00401671 0.00381794 0.00369782 
0.00403553 0.00407438 0.00419834 0.00440841 0.0047058 0.00509218 0.0055696 0.00614042 0.00680728 0.00757301 0.00844049 0.00941263 0.0104922 0.0116817 0.0129834 0.014399 0.0159296 0.0175759 0.0193375 0.0212133 0.023201 0.0252975 0.0274984 0.0297984 0.0321906 0.0346672 0.0372189 0.0398356 0.0425057 0.0452167 0.0479548 0.0507057 0.053454 0.0561838 0.0588785 0.0615212 0.0640949 0.0665826 0.0689672 0.0712321 0.0733613 0.0753395 0.077152 0.0787855 0.0802276 0.0814674 0.0824954 0.0833038 0.0838861 0.084238 0.0843567 0.0842414 0.0838928 0.0833139 0.082509 0.0814846 0.0802485 0.0788103 0.0771808 0.0753724 0.0733986 0.0712738 0.0690134 0.0666335 0.0641507 0.0615818 0.0589439 0.056254 0.053529 0.0507853 0.0480389 0.0453049 0.0425979 0.0399314 0.0373179 0.0347689 0.0322947 0.0299042 0.0276055 0.0254052 0.0233088 0.0213205 0.0194436 0.0176802 0.0160315 0.0144977 0.0130785 0.0117727 0.0105785 0.0094937 0.00851591 0.00764234 0.00687016 0.0061965 0.00561861 0.00513388 0.00473999 0.00443494 0.0042171 0.00408553 
0.00448444 0.00452756 0.0046646 0.00489661 0.0052249 0.00565126 0.00617787 0.00680728 0.00754231 0.00838594 0.00934125 0.0104113 0.011599 0.0129071 0.0143377 0.0158927 0.0175732 0.0193796 0.0213114 0.0233672 0.0255446 0.0278398 0.0302479 0.032763 0.0353775 0.0380826 0.0408684 0.0437235 0.0466354 0.0495902 0.0525732 0.0555686 0.0585597 0.0615292 0.0644593 0.0673317 0.0701279 0.0728295 0.0754182 0.0778762 0.0801862 0.0823315 0.0842968 0.0860673 0.0876301 0.0889733 0.0900868 0.0909621 0.0915925 0.0919732 0.0921013 0.0919758 0.0915976 0.0909698 0.0900973 0.0889867 0.0876465 0.086087 0.0843198 0.0823583 0.0802168 0.0779109 0.0754572 0.0728729 0.070176 0.0673846 0.0645171 0.061592 0.0586274 0.0556411 0.0526505 0.0496722 0.0467217 0.043814 0.0409626 0.0381802 0.0354779 0.0328658 0.0303525 0.0279456 0.025651 0.0234737 0.0214171 0.0194839 0.0176755 0.0159923 0.014434 0.0129995 0.0116869 0.0104942 0.00941851 0.00845713 0.00760701 0.00686511 0.0062285 0.0056944 0.00526033 0.00492415 0.00468412 0.00453923 
0.00500084 0.00504887 0.00520087 0.00545799 0.00582164 0.00629373 0.00687661 0.00757301 0.00838594 0.00931859 0.0103742 0.0115561 0.0128673 0.0143106 0.0158883 0.0176022 0.0194535 0.0214423 0.023568 0.0258289 0.0282219 0.0307431 0.0333868 0.0361463 0.0390132 0.0419779 0.0450292 0.0481548 0.0513407 0.0545719 0.0578322 0.0611045 0.0643704 0.0676113 0.0708077 0.0739397 0.0769873 0.0799307 0.0827501 0.0854261 0.0879401 0.0902742 0.0924117 0.0943369 0.0960358 0.0974956 0.0987055 0.0996563 0.100341 0.100754 0.100893 0.100756 0.100344 0.0996613 0.0987124 0.0975045 0.096047 0.0943506 0.0924281 0.0902937 0.087963 0.0854526 0.0827806 0.0799655 0.0770266 0.0739836 0.0708566 0.0676653 0.0644296 0.0611688 0.0579017 0.0546464 0.0514201 0.0482388 0.0451176 0.0420702 0.0391091 0.0362452 0.0334882 0.0308464 0.0283265 0.025934 0.023673 0.0215465 0.0195561 0.0177026 0.0159857 0.0144044 0.0129568 0.0116407 0.0104534 0.00939171 0.00845254 0.00763267 0.00692894 0.0063384 0.00585839 0.00548662 0.00522122 0.0050611 
0.00558701 0.00564058 0.00580949 0.00609496 0.0064985 0.00702219 0.00766855 0.00844049 0.00934125 0.0103742 0.0115429 0.0128508 0.014301 0.0158965 0.0176396 0.0195323 0.0215754 0.0237692 0.0261126 0.0286036 0.0312387 0.0340132 0.0369209 0.0399542 0.0431038 0.0463589 0.0497073 0.0531352 0.0566274 0.0601674 0.0637375 0.0673187 0.0708913 0.0744347 0.0779278 0.0813491 0.0846769 0.0878895 0.0909655 0.0938841 0.096625 0.099169 0.101498 0.103595 0.105445 0.107035 0.108352 0.109386 0.110131 0.11058 0.110731 0.110581 0.110132 0.109388 0.108354 0.107039 0.105451 0.103602 0.101507 0.0991804 0.0966391 0.0939014 0.0909864 0.0879143 0.084706 0.0813828 0.0779665 0.0744785 0.0709404 0.0673733 0.0637977 0.0602332 0.0566986 0.0532116 0.0497887 0.046445 0.0431941 0.0400483 0.0370183 0.0341132 0.0313406 0.0287068 0.0262163 0.0238727 0.021678 0.0196331 0.0177379 0.0159915 0.014392 0.0129371 0.0116239 0.0104493 0.00940978 0.00850202 0.00772263 0.00706845 0.00653663 0.00612471 0.0058307 0.00565341 
0.00624522 0.006305 0.00649279 0.0068099 0.00725799 0.00783925 0.00855642 0.00941263 0.0104113 0.0115561 0.0128508 0.0142989 0.0159038 0.0176687 0.0195959 0.0216873 0.0239437 0.0263651 0.0289502 0.0316964 0.0346 0.0376554 0.0408556 0.0441921 0.0476545 0.0512309 0.0549077 0.0586698 0.0625003 0.0663811 0.0702928 0.0742148 0.0781254 0.0820022 0.0858222 0.0895619 0.0931979 0.0967066 0.100065 0.10325 0.10624 0.109015 0.111554 0.11384 0.115856 0.117588 0.119022 0.120149 0.12096 0.121449 0.121612 0.121448 0.120959 0.120148 0.119021 0.117586 0.115855 0.11384 0.111555 0.109017 0.106245 0.103257 0.100075 0.0967202 0.0932155 0.089584 0.0858492 0.0820344 0.0781632 0.0742584 0.0703424 0.0664367 0.0625618 0.0587372 0.0549809 0.0513095 0.0477381 0.0442803 0.0409479 0.0377511 0.0346985 0.031797 0.029052 0.0264674 0.0240457 0.0217881 0.0196947 0.0177646 0.0159961 0.0143867 0.0129335 0.011633 0.0104817 0.009476 0.00861226 0.00788711 0.00729752 0.00684082 0.00651489 0.00631846 
0.00697771 0.00704437 0.00725305 0.00760518 0.00810251 0.00874744 0.00954287 0.0104922 0.011599 0.0128673 0.014301 0.0159038 0.0176795 0.0196311 0.0217611 0.0240712 0.0265624 0.0292342 0.032085 0.0351119 0.0383103 0.041674 0.0451952 0.0488641 0.0526694 0.0565977 0.060634 0.0647616 0.0689621 0.0732155 0.0775005 0.0817945 0.0860739 0.0903143 0.0944906 0.0985774 0.102549 0.10638 0.110046 0.113521 0.116782 0.119808 0.122575 0.125066 0.127263 0.129149 0.130711 0.131938 0.13282 0.133352 0.133529 0.13335 0.132816 0.131932 0.130704 0.129141 0.127254 0.125058 0.122567 0.1198 0.116776 0.113516 0.110043 0.106381 0.102554 0.0985864 0.0945045 0.0903335 0.0860988 0.0818255 0.0775378 0.0732594 0.0690126 0.0648187 0.0606976 0.0566675 0.0527451 0.0489453 0.0452813 0.0417645 0.0384045 0.035209 0.0321843 0.0293347 0.0266632 0.0241716 0.0218599 0.0197276 0.0177728 0.015993 0.0143852 0.0129459 0.0116712 0.0105573 0.00960042 0.00879688 0.00814344 0.00763726 0.00727606 0.00705848 
0.00778658 0.00786082 0.00809243 0.00848298 0.00903435 0.00974909 0.0106303 0.0116817 0.0129071 0.0143106 0.0158965 0.0176687 0.0196311 0.0217868 0.0241384 0.0266876 0.029435 0.03238 0.0355207 0.0388534 0.0423729 0.0460723 0.0499426 0.053973 0.0581509 0.0624614 0.066888 0.0714122 0.0760137 0.0806708 0.0853599 0.0900566 0.094735 0.0993686 0.10393 0.108392 0.112726 0.116905 0.120901 0.124689 0.128243 0.131538 0.134552 0.137264 0.139655 0.141707 0.143406 0.14474 0.1457 0.146278 0.146469 0.146274 0.145693 0.144731 0.143394 0.141692 0.139638 0.137246 0.134533 0.131519 0.128224 0.124672 0.120886 0.116892 0.112716 0.108386 0.103929 0.0993731 0.0947455 0.0900735 0.0853836 0.0807014 0.0760516 0.0714574 0.0669405 0.062521 0.0582173 0.0540459 0.0500214 0.0461564 0.0424617 0.0389461 0.0356164 0.0324779 0.029534 0.0267868 0.0242368 0.0218834 0.0197249 0.0177589 0.015982 0.0143907 0.0129809 0.0117485 0.0106895 0.00980005 0.00907663 0.00851621 0.00811634 0.00787558 
0.00867374 0.00875624 0.00901286 0.00944527 0.0100555 0.0108463 0.011821 0.0129834 0.0143377 0.0158883 0.0176396 0.0195959 0.0217611 0.0241384 0.0267304 0.0295388 0.032564 0.035805 0.0392594 0.042923 0.0467897 0.0508518 0.0550992 0.0595198 0.0640995 0.068822 0.073669 0.0786202 0.0836533 0.0887444 0.0938679 0.0989971 0.104104 0.109159 0.114133 0.118997 0.123719 0.12827 0.132621 0.136744 0.14061 0.144194 0.147471 0.150419 0.153017 0.155246 0.157092 0.158541 0.159582 0.160209 0.160417 0.160204 0.159573 0.158527 0.157074 0.155224 0.152991 0.150391 0.147441 0.144163 0.140578 0.136712 0.132591 0.128242 0.123694 0.118975 0.114116 0.109147 0.104098 0.0989981 0.0938761 0.0887602 0.083677 0.078652 0.0737089 0.0688699 0.0641552 0.059583 0.0551694 0.0509284 0.046872 0.0430102 0.0393506 0.0358993 0.0326604 0.0296362 0.0268278 0.0242346 0.0218551 0.0196867 0.0177261 0.0159696 0.0144129 0.0130516 0.0118816 0.0108986 0.0100991 0.00947961 0.00903765 0.00877166 
0.00964077 0.00973224 0.010016 0.0104937 0.0111676 0.0120407 0.0131164 0.014399 0.0158927 0.0176022 0.0195323 0.0216873 0.0240712 0.0266876 0.0295388 0.0326265 0.0359507 0.0395102 0.043302 0.0473212 0.051561 0.0560124 0.0606643 0.0655032 0.0705134 0.075677 0.0809738 0.0863815 0.0918757 0.0974303 0.103017 0.108608 0.114171 0.119676 0.125089 0.13038 0.135515 0.140462 0.14519 0.149668 0.153866 0.157756 0.161312 0.16451 0.167327 0.169745 0.171746 0.173316 0.174445 0.175124 0.175348 0.175117 0.174432 0.173297 0.171721 0.169715 0.167292 0.164471 0.16127 0.157711 0.15382 0.149621 0.145144 0.140418 0.135473 0.130341 0.125055 0.119646 0.114148 0.108591 0.103009 0.0974296 0.0918836 0.0863982 0.0809995 0.0757117 0.0705569 0.0655552 0.0607244 0.0560801 0.0516355 0.0474018 0.0433877 0.0396 0.0360436 0.0327213 0.0296344 0.0267827 0.0241648 0.0217782 0.0196193 0.0176844 0.015969 0.0144685 0.0131784 0.0120943 0.0112124 0.0105291 0.0100416 0.00974832 
0.0106889 0.01079 0.0111029 0.0116295 0.012372 0.0133336 0.014518 0.0159296 0.0175732 0.0194535 0.0215754 0.0239437 0.0265624 0.029435 0.032564 0.0359507 0.0395951 0.0434952 0.0476477 0.0520468 0.0566848 0.0615516 0.0666347 0.0719193 0.0773879 0.0830209 0.0887959 0.0946887 0.100673 0.106719 0.112798 0.118877 0.124924 0.130904 0.136782 0.142525 0.148096 0.153461 0.158587 0.163439 0.167987 0.172199 0.176049 0.179511 0.182559 0.185175 0.187339 0.189037 0.190257 0.190991 0.191234 0.190983 0.190241 0.189013 0.187307 0.185136 0.182514 0.17946 0.175994 0.172141 0.167925 0.163376 0.158523 0.153398 0.148035 0.142467 0.136728 0.130855 0.124881 0.118841 0.11277 0.1067 0.100663 0.0946886 0.0888057 0.0830406 0.0774176 0.0719586 0.0666833 0.0616089 0.0567502 0.0521195 0.0477266 0.0435794 0.0396834 0.036042 0.032657 0.0295284 0.0266549 0.0240341 0.0216625 0.0195361 0.0176502 0.0160001 0.014581 0.0133883 0.0124178 0.0116658 0.0111294 0.0108068 
0.0118189 0.0119304 0.0122746 0.0128534 0.0136692 0.0147255 0.0160262 0.0175759 0.0193796 0.0214423 0.0237692 0.0263651 0.0292342 0.03238 0.035805 0.0395102 0.0434952 0.0477578 0.0522936 0.0570963 0.062157 0.0674644 0.0730047 0.0787614 0.0847153 0.0908447 0.0971253 0.10353 0.110031 0.116596 0.123193 0.129787 0.136343 0.142823 0.149191 0.155408 0.161437 0.167241 0.172783 0.178028 0.182943 0.187493 0.191651 0.195388 0.198678 0.201501 0.203836 0.205668 0.206984 0.207775 0.208036 0.207765 0.206964 0.205638 0.203797 0.201453 0.198623 0.195325 0.191583 0.18742 0.182865 0.177948 0.172702 0.167159 0.161356 0.15533 0.149116 0.142754 0.13628 0.129731 0.123145 0.116558 0.110002 0.103512 0.0971175 0.0908479 0.0847295 0.0787864 0.0730403 0.06751 0.0622119 0.0571597 0.0523646 0.0478352 0.043578 0.039597 0.0358945 0.0324708 0.0293249 0.0264544 0.0238558 0.0215249 0.019457 0.017647 0.01609 0.0147811 0.0137159 0.0128905 0.0123017 0.0119478 
0.0130309 0.0131536 0.013531 0.0141655 0.0150595 0.0162166 0.017641 0.0193375 0.0213114 0.023568 0.0261126 0.0289502 0.032085 0.0355207 0.0392594 0.043302 0.0476477 0.0522936 0.0572348 0.0624639 0.0679709 0.0737432 0.0797655 0.0860196 0.0924844 0.0991361 0.105948 0.112892 0.119935 0.127044 0.134184 0.141318 0.148406 0.15541 0.162288 0.169001 0.175508 0.18177 0.187747 0.193402 0.198697 0.2036 0.208078 0.212101 0.215644 0.218681 0.221194 0.223164 0.22458 0.22543 0.22571 0.225418 0.224556 0.223129 0.221147 0.218625 0.215577 0.212026 0.207995 0.203511 0.198603 0.193303 0.187646 0.181668 0.175407 0.168901 0.162191 0.155318 0.14832 0.141239 0.134115 0.126984 0.119885 0.112853 0.105921 0.099121 0.0924814 0.0860287 0.0797864 0.0737755 0.0680138 0.0625167 0.0572965 0.0523631 0.0477237 0.0433832 0.0393444 0.035608 0.0321732 0.0290377 0.0261981 0.02365 0.0213887 0.0194088 0.0177052 0.0162727 0.0151068 0.0142032 0.0135588 0.0131715 
0.0143247 0.0144591 0.0148719 0.0155653 0.016542 0.0178059 0.0193613 0.0212133 0.0233672 0.0258289 0.0286036 0.0316964 0.0351119 0.0388534 0.042923 0.0473212 0.0520468 0.0570963 0.0624639 0.0681412 0.074117 0.0803773 0.0869052 0.0936806 0.10068 0.107879 0.115247 0.122753 0.130362 0.13804 0.145746 0.153441 0.161084 0.168632 0.176042 0.18327 0.190274 0.19701 0.203438 0.209516 0.215208 0.220475 0.225284 0.229604 0.233406 0.236666 0.239362 0.241476 0.242994 0.243906 0.244206 0.243892 0.242967 0.241435 0.239308 0.2366 0.233329 0.229516 0.225186 0.220369 0.215095 0.209399 0.203316 0.196887 0.19015 0.183147 0.175922 0.168516 0.160975 0.153339 0.145653 0.137956 0.13029 0.122692 0.115199 0.107844 0.100659 0.0936722 0.0869099 0.0803947 0.0741465 0.0681819 0.0625149 0.0571565 0.0521149 0.0473957 0.0430024 0.0389363 0.0351966 0.0317814 0.0286872 0.0259097 0.0234439 0.0212843 0.0194256 0.0178624 0.0165898 0.0156035 0.0149001 0.0144775 
0.015699 0.0158459 0.0162959 0.0170515 0.0181155 0.0194919 0.0211853 0.023201 0.0255446 0.0282219 0.0312387 0.0346 0.0383103 0.0423729 0.0467897 0.051561 0.0566848 0.062157 0.0679709 0.074117 0.0805828 0.0873529 0.0944084 0.101727 0.109285 0.117052 0.124998 0.133089 0.141287 0.149554 0.157848 0.166125 0.174343 0.182454 0.190413 0.198173 0.205689 0.212916 0.219809 0.226325 0.232423 0.238065 0.243216 0.247841 0.251911 0.255399 0.258284 0.260545 0.262169 0.263144 0.263464 0.263128 0.262137 0.260498 0.258221 0.255323 0.251821 0.247739 0.243103 0.237943 0.232292 0.226187 0.219666 0.21277 0.205542 0.198027 0.190268 0.182313 0.174208 0.165998 0.157729 0.149446 0.141191 0.133005 0.124928 0.116996 0.109243 0.1017 0.0943953 0.0873539 0.0805973 0.0741443 0.0680099 0.0622066 0.0567437 0.0516277 0.0468627 0.0424504 0.0383907 0.0346816 0.0313198 0.028301 0.02562 0.0232713 0.0212493 0.0195484 0.0181635 0.0170901 0.0163246 0.0158648 
0.0171522 0.0173121 0.0178012 0.0186221 0.0197777 0.0212721 0.0231102 0.0252975 0.0278398 0.0307431 0.0340132 0.0376554 0.041674 0.0460723 0.0508518 0.0560124 0.0615516 0.0674644 0.0737432 0.0803773 0.0873529 0.0946527 0.102256 0.110139 0.118275 0.126632 0.135177 0.143873 0.152679 0.161554 0.170454 0.179332 0.188141 0.196832 0.205356 0.213664 0.221707 0.229437 0.236806 0.243771 0.250286 0.256313 0.261812 0.266749 0.271093 0.274815 0.277892 0.280304 0.282036 0.283075 0.283417 0.283057 0.282 0.280251 0.277822 0.274729 0.270991 0.266634 0.261684 0.256173 0.250137 0.243613 0.236642 0.229268 0.221536 0.213493 0.205186 0.196666 0.18798 0.179179 0.17031 0.16142 0.152557 0.143764 0.135082 0.126553 0.118211 0.110091 0.102224 0.0946357 0.087351 0.0803897 0.0737689 0.0675022 0.0616001 0.0560701 0.0509171 0.0461434 0.0417492 0.0377328 0.0340911 0.0308197 0.0279135 0.0253667 0.0231735 0.0213282 0.0198256 0.0186608 0.0178302 0.0173315 
0.0186814 0.0188551 0.0193851 0.0202741 0.0215254 0.023143 0.0251322 0.0274984 0.0302479 0.0333868 0.0369209 0.0408556 0.0451952 0.0499426 0.0550992 0.0606643 0.0666347 0.0730047 0.0797655 0.0869052 0.0944084 0.102256 0.110426 0.118892 0.127624 0.136589 0.145751 0.155069 0.164501 0.174002 0.183525 0.193019 0.202434 0.211719 0.220822 0.22969 0.238271 0.246514 0.254371 0.261792 0.268733 0.275151 0.281006 0.286261 0.290883 0.294843 0.298116 0.300681 0.302522 0.303627 0.30399 0.303607 0.302482 0.300621 0.298037 0.294746 0.290769 0.286131 0.280862 0.274994 0.268565 0.261614 0.254184 0.246322 0.238075 0.229493 0.220626 0.211526 0.202246 0.192838 0.183353 0.173841 0.164353 0.154934 0.145631 0.136485 0.127537 0.118822 0.110373 0.10222 0.0943886 0.0869013 0.0797765 0.0730293 0.0666716 0.0607118 0.0551558 0.0500063 0.0452642 0.040928 0.0369948 0.0334603 0.0303193 0.0275659 0.0251943 0.0231984 0.0215729 0.0203128 0.0194142 0.0188748 
0.0202833 0.0204712 0.0210438 0.0220038 0.0233544 0.0251002 0.0272462 0.0297984 0.032763 0.0361463 0.0399542 0.0441921 0.0488641 0.053973 0.0595198 0.0655032 0.0719193 0.0787614 0.0860196 0.0936806 0.101727 0.110139 0.118892 0.127957 0.137302 0.146891 0.156685 0.166641 0.176714 0.186855 0.197013 0.207136 0.217171 0.227061 0.236753 0.24619 0.255319 0.264084 0.272435 0.280321 0.287693 0.294508 0.300723 0.3063 0.311203 0.315404 0.318875 0.321595 0.323546 0.324718 0.325102 0.324696 0.323502 0.321529 0.318788 0.315297 0.311078 0.306156 0.300563 0.294333 0.287505 0.280121 0.272226 0.263869 0.255098 0.245967 0.23653 0.22684 0.216954 0.206927 0.196812 0.186665 0.176537 0.166479 0.156538 0.146761 0.13719 0.127863 0.118817 0.110082 0.101688 0.093659 0.0860145 0.0787715 0.0719433 0.0655394 0.0595666 0.0540284 0.048926 0.0442586 0.0400233 0.0362159 0.0328313 0.0298636 0.0273066 0.0251544 0.0234012 0.0220421 0.0210729 0.0204912 
0.0219535 0.0221562 0.0227728 0.0238062 0.0252597 0.0271379 0.0294462 0.0321906 0.0353775 0.0390132 0.0431038 0.0476545 0.0526694 0.0581509 0.0640995 0.0705134 0.0773879 0.0847153 0.0924844 0.10068 0.109285 0.118275 0.127624 0.137302 0.147273 0.1575 0.167939 0.178546 0.189271 0.200063 0.210868 0.22163 0.232293 0.242798 0.253087 0.263101 0.272783 0.282077 0.290927 0.299282 0.30709 0.314305 0.320882 0.326783 0.33197 0.336413 0.340083 0.342959 0.345022 0.34626 0.346666 0.346236 0.344974 0.342887 0.339989 0.336296 0.331833 0.326625 0.320706 0.314112 0.306882 0.299061 0.290696 0.281837 0.272538 0.262852 0.252836 0.242549 0.232048 0.221392 0.210638 0.199844 0.189065 0.178355 0.167764 0.157343 0.147135 0.137183 0.127525 0.118196 0.109225 0.10064 0.0924619 0.0847098 0.0773979 0.0705373 0.0641354 0.0581968 0.0527233 0.0477143 0.0431673 0.0390783 0.0354422 0.032253 0.0295046 0.0271907 0.0253056 0.023844 0.0228018 0.0221765 
0.0236867 0.0239047 0.0245667 0.0256757 0.0272352 0.0292498 0.031725 0.0346672 0.0380826 0.0419779 0.0463589 0.0512309 0.0565977 0.0624614 0.068822 0.075677 0.0830209 0.0908447 0.0991361 0.107879 0.117052 0.126632 0.136589 0.146891 0.1575 0.168374 0.179469 0.190736 0.202122 0.213574 0.225034 0.236443 0.24774 0.258865 0.269756 0.280352 0.290592 0.300417 0.309769 0.318595 0.32684 0.334456 0.341398 0.347623 0.353095 0.35778 0.36165 0.364681 0.366856 0.368161 0.368588 0.368135 0.366804 0.364604 0.361547 0.357653 0.352945 0.347452 0.341206 0.334246 0.326613 0.318353 0.309516 0.300153 0.290321 0.280076 0.269478 0.258588 0.247466 0.236174 0.224774 0.213325 0.201886 0.190515 0.179265 0.168189 0.157334 0.146746 0.136466 0.12653 0.116971 0.107818 0.0990951 0.0908223 0.0830157 0.0756874 0.068846 0.0624969 0.0566427 0.0512831 0.0464161 0.0420378 0.0381431 0.0347263 0.0317809 0.0293007 0.0272797 0.0257128 0.0245954 0.0239251 
0.0254767 0.0257105 0.026419 0.0276055 0.0292736 0.031428 0.0340743 0.0372189 0.0408684 0.0450292 0.0497073 0.0549077 0.060634 0.066888 0.073669 0.0809738 0.0887959 0.0971253 0.105948 0.115247 0.124998 0.135177 0.145751 0.156685 0.167939 0.179469 0.191226 0.20316 0.215214 0.227331 0.23945 0.251509 0.263445 0.275193 0.286689 0.297868 0.308666 0.319023 0.328878 0.338174 0.346856 0.354873 0.362178 0.368727 0.374482 0.379409 0.383478 0.386664 0.38895 0.390321 0.39077 0.390293 0.388894 0.386581 0.383367 0.379273 0.374321 0.368543 0.361971 0.354646 0.346611 0.337912 0.328603 0.318736 0.30837 0.297565 0.286383 0.274887 0.263142 0.251211 0.23916 0.227051 0.214948 0.202909 0.190993 0.179255 0.167746 0.156513 0.145602 0.13505 0.124894 0.115165 0.105888 0.0970851 0.0887746 0.0809696 0.0736801 0.0669122 0.0606692 0.0549515 0.0497574 0.0450832 0.0409241 0.0372742 0.0341272 0.0314766 0.0293166 0.0276416 0.0264472 0.0257309 
0.0273165 0.0275663 0.0283224 0.0295881 0.0313669 0.0336638 0.0364846 0.0398356 0.0437235 0.0481548 0.0531352 0.0586698 0.0647616 0.0714122 0.0786202 0.0863815 0.0946887 0.10353 0.112892 0.122753 0.133089 0.143873 0.155069 0.166641 0.178546 0.190736 0.20316 0.215763 0.228488 0.241272 0.254052 0.266763 0.279338 0.291708 0.303808 0.315569 0.326925 0.337811 0.348167 0.357931 0.367047 0.375462 0.383127 0.389998 0.396034 0.4012 0.405466 0.408806 0.411202 0.412639 0.413109 0.412609 0.411142 0.408717 0.405348 0.401055 0.395862 0.389801 0.382906 0.375218 0.366783 0.357649 0.347869 0.337501 0.326604 0.31524 0.303475 0.291374 0.279005 0.266435 0.253732 0.240962 0.228191 0.215482 0.202896 0.190492 0.178324 0.166442 0.154893 0.143721 0.132961 0.122648 0.112811 0.103471 0.0946502 0.0863619 0.0786175 0.0714242 0.0647862 0.0587044 0.0531775 0.0482022 0.0437738 0.0398865 0.036534 0.0337099 0.031408 0.0296229 0.02835 0.0275867 
0.0291981 0.0294642 0.0302687 0.0316146 0.033506 0.0359476 0.0389454 0.0425057 0.0466354 0.0513407 0.0566274 0.0625003 0.0689621 0.0760137 0.0836533 0.0918757 0.100673 0.110031 0.119935 0.130362 0.141287 0.152679 0.164501 0.176714 0.189271 0.202122 0.215214 0.228488 0.241882 0.255333 0.268772 0.282133 0.295343 0.308334 0.321033 0.333372 0.345281 0.356693 0.367544 0.377771 0.387316 0.396125 0.404147 0.411335 0.417648 0.42305 0.42751 0.431002 0.433506 0.435008 0.435499 0.434976 0.433443 0.430908 0.427385 0.422896 0.417465 0.411125 0.403911 0.395866 0.387035 0.37747 0.367225 0.35636 0.344936 0.333018 0.320673 0.307971 0.294981 0.281775 0.268422 0.254992 0.241554 0.228176 0.21492 0.201849 0.189019 0.176486 0.164298 0.152501 0.141135 0.130235 0.119833 0.109952 0.100616 0.0918398 0.083636 0.0760128 0.0689753 0.062525 0.0566612 0.051381 0.0466797 0.0425518 0.0389909 0.0359907 0.0335449 0.031648 0.0302954 0.0294846 
0.0311128 0.0313954 0.0322486 0.0336758 0.0356808 0.0382685 0.041445 0.0452167 0.0495902 0.0545719 0.0601674 0.0663811 0.0732155 0.0806708 0.0887444 0.0974303 0.106719 0.116596 0.127044 0.13804 0.149554 0.161554 0.174002 0.186855 0.200063 0.213574 0.227331 0.241272 0.255333 0.269445 0.28354 0.297544 0.311385 0.324989 0.338282 0.351191 0.363646 0.375576 0.386915 0.397599 0.407567 0.416763 0.425134 0.432634 0.439219 0.444853 0.449503 0.453144 0.455754 0.45732 0.457831 0.457286 0.455688 0.453045 0.449372 0.444691 0.439027 0.432412 0.424885 0.416488 0.407269 0.397279 0.386577 0.375221 0.363278 0.350812 0.337896 0.324599 0.310994 0.297157 0.283159 0.269074 0.254974 0.240929 0.227006 0.21327 0.199782 0.186598 0.173772 0.16135 0.149377 0.137889 0.12692 0.116497 0.106644 0.0973774 0.0887118 0.0806562 0.0732166 0.0663954 0.0601922 0.0546045 0.0496281 0.0452574 0.0414863 0.0383083 0.0357173 0.0337076 0.0322745 0.0314155 
0.0330508 0.0333501 0.0342524 0.0357612 0.0378804 0.040615 0.043971 0.0479548 0.0525732 0.0578322 0.0637375 0.0702928 0.0775005 0.0853599 0.0938679 0.103017 0.112798 0.123193 0.134184 0.145746 0.157848 0.170454 0.183525 0.197013 0.210868 0.225034 0.23945 0.254052 0.268772 0.28354 0.298281 0.312921 0.327383 0.341591 0.355468 0.368939 0.38193 0.394369 0.406187 0.417317 0.427699 0.437273 0.445987 0.453791 0.460642 0.466502 0.471338 0.475123 0.477837 0.479465 0.479997 0.47943 0.477768 0.47502 0.471201 0.466332 0.46044 0.453559 0.445726 0.436985 0.427385 0.41698 0.405829 0.393993 0.381539 0.368536 0.355056 0.341174 0.326965 0.312504 0.29787 0.283138 0.268383 0.253679 0.239095 0.2247 0.210557 0.196728 0.183266 0.170223 0.157645 0.145571 0.134037 0.123073 0.112703 0.102947 0.0938194 0.0853312 0.077489 0.070296 0.0637526 0.0578566 0.0526041 0.0479898 0.0440076 0.0406512 0.0379142 0.0357912 0.0342773 0.03337 
0.0350019 0.0353179 0.0362693 0.0378598 0.0400932 0.0429746 0.0465099 0.0507057 0.0555686 0.0611045 0.0673187 0.0742148 0.0817945 0.0900566 0.0989971 0.108608 0.118877 0.129787 0.141318 0.153441 0.166125 0.179332 0.193019 0.207136 0.22163 0.236443 0.251509 0.266763 0.282133 0.297544 0.312921 0.328184 0.343256 0.358056 0.372505 0.386525 0.40004 0.412976 0.42526 0.436827 0.447611 0.457554 0.4666 0.4747 0.481809 0.487889 0.492905 0.496832 0.499646 0.501334 0.501885 0.501298 0.499574 0.496724 0.492763 0.487712 0.481599 0.474458 0.466328 0.457252 0.447283 0.436473 0.424884 0.41258 0.399628 0.386099 0.372069 0.357613 0.342811 0.32774 0.312481 0.297113 0.281714 0.266359 0.251124 0.236079 0.22129 0.206822 0.192732 0.179074 0.165897 0.153242 0.141148 0.129646 0.118763 0.108519 0.0989322 0.0900132 0.0817699 0.0742065 0.0673238 0.0611203 0.0555922 0.0507347 0.0465416 0.0430068 0.0401241 0.0378877 0.036293 0.0353375 
0.0369552 0.0372878 0.0382881 0.0399598 0.0423067 0.045334 0.0490476 0.053454 0.0585597 0.0643704 0.0708913 0.0781254 0.0860739 0.094735 0.104104 0.114171 0.124924 0.136343 0.148406 0.161084 0.174343 0.188141 0.202434 0.217171 0.232293 0.24774 0.263445 0.279338 0.295343 0.311385 0.327383 0.343256 0.358922 0.374299 0.389305 0.40386 0.417884 0.431302 0.44404 0.456029 0.467204 0.477503 0.486871 0.495257 0.502616 0.508907 0.514098 0.51816 0.521071 0.522817 0.523387 0.52278 0.520997 0.518049 0.51395 0.508724 0.502398 0.495006 0.486588 0.477189 0.466861 0.45566 0.443647 0.430888 0.417451 0.403412 0.388846 0.373832 0.358451 0.342785 0.326915 0.310925 0.294895 0.278904 0.26303 0.247347 0.231924 0.216828 0.20212 0.187856 0.174088 0.160861 0.148213 0.13618 0.124789 0.114064 0.104022 0.0946766 0.0860359 0.0781052 0.070886 0.0643773 0.0585757 0.0534766 0.0490742 0.0453622 0.0423345 0.0399855 0.0383105 0.037307 
0.0388992 0.0392481 0.0402968 0.0420488 0.044508 0.0476795 0.0515693 0.0561838 0.0615292 0.0676113 0.0744347 0.0820022 0.0903143 0.0993686 0.109159 0.119676 0.130904 0.142823 0.15541 0.168632 0.182454 0.196832 0.211719 0.227061 0.242798 0.258865 0.275193 0.291708 0.308334 0.324989 0.341591 0.358056 0.374299 0.390236 0.405781 0.420853 0.43537 0.449253 0.462429 0.474825 0.486376 0.497019 0.506696 0.515357 0.522955 0.529451 0.534808 0.539001 0.542005 0.543807 0.544395 0.543768 0.541929 0.538886 0.534657 0.529262 0.522731 0.515098 0.506404 0.496694 0.486021 0.474442 0.46202 0.448822 0.434918 0.420385 0.4053 0.389746 0.373804 0.357559 0.341096 0.324501 0.307857 0.291246 0.274749 0.258443 0.2424 0.22669 0.211378 0.196521 0.182174 0.168384 0.155194 0.142639 0.130749 0.11955 0.109061 0.0992948 0.0902627 0.0819699 0.0744188 0.0676089 0.0615374 0.0561998 0.0515905 0.0477034 0.0445325 0.0420723 0.0403179 0.0392669 
0.0408218 0.0411869 0.0422831 0.044114 0.0466836 0.0499968 0.0540597 0.0588785 0.0644593 0.0708077 0.0779278 0.0858222 0.0944906 0.10393 0.114133 0.125089 0.136782 0.149191 0.162288 0.176042 0.190413 0.205356 0.220822 0.236753 0.253087 0.269756 0.286689 0.303808 0.321033 0.338282 0.355468 0.372505 0.389305 0.405781 0.421847 0.437416 0.452406 0.466737 0.480332 0.493119 0.50503 0.516002 0.525975 0.534899 0.542726 0.549416 0.554933 0.55925 0.562343 0.564198 0.564804 0.564159 0.562265 0.559133 0.554778 0.549223 0.542496 0.534633 0.525674 0.515667 0.504664 0.492724 0.479909 0.466289 0.451937 0.436929 0.421345 0.405269 0.388786 0.371983 0.354948 0.337768 0.320529 0.303318 0.286217 0.269306 0.252661 0.236354 0.220453 0.205019 0.190107 0.17577 0.162049 0.148985 0.136608 0.124946 0.114018 0.103841 0.0944252 0.0857776 0.0779011 0.0707959 0.0644595 0.0588877 0.0540753 0.0500163 0.0467047 0.0441351 0.0423028 0.0412052 
0.0427108 0.0430917 0.0442344 0.0461424 0.0488197 0.0522713 0.0565031 0.0615212 0.0673317 0.0739397 0.0813491 0.0895619 0.0985774 0.108392 0.118997 0.13038 0.142525 0.155408 0.169001 0.18327 0.198173 0.213664 0.22969 0.24619 0.263101 0.280352 0.297868 0.315569 0.333372 0.351191 0.368939 0.386525 0.40386 0.420853 0.437416 0.453461 0.468903 0.483661 0.497657 0.510817 0.523071 0.534355 0.54461 0.553784 0.561829 0.568703 0.574371 0.578806 0.581984 0.583889 0.584512 0.583849 0.581904 0.578687 0.574213 0.568506 0.561593 0.553512 0.544302 0.534012 0.522695 0.51041 0.497222 0.4832 0.468419 0.452956 0.436895 0.42032 0.403319 0.385981 0.368395 0.350652 0.332842 0.315052 0.297369 0.279875 0.262648 0.245765 0.229294 0.213301 0.197843 0.182974 0.16874 0.155181 0.142331 0.130218 0.118865 0.108287 0.0984982 0.0895051 0.0813116 0.0739185 0.0673237 0.0615236 0.056513 0.0522862 0.0488374 0.046161 0.0442526 0.0431095 
0.0445537 0.04495 0.0461377 0.0481205 0.0509022 0.054488 0.0588836 0.0640949 0.0701279 0.0769873 0.0846769 0.0931979 0.102549 0.112726 0.123719 0.135515 0.148096 0.161437 0.175508 0.190274 0.205689 0.221707 0.238271 0.255319 0.272783 0.290592 0.308666 0.326925 0.345281 0.363646 0.38193 0.40004 0.417884 0.43537 0.452406 0.468903 0.484775 0.499939 0.514314 0.527827 0.540405 0.551985 0.562507 0.571916 0.580166 0.587215 0.593026 0.597572 0.600829 0.602782 0.60342 0.602741 0.600748 0.597451 0.592865 0.587014 0.579927 0.571639 0.562192 0.551635 0.540021 0.52741 0.513867 0.499464 0.484276 0.468383 0.451868 0.434818 0.417323 0.399474 0.381363 0.363083 0.344726 0.326383 0.308142 0.290089 0.272305 0.254868 0.23785 0.221319 0.205336 0.189955 0.175225 0.161189 0.147883 0.135335 0.12357 0.112606 0.102456 0.0931288 0.0846286 0.0769567 0.0701118 0.0640904 0.0588878 0.0544984 0.0509165 0.0481367 0.0461543 0.0449672 
0.0463378 0.0467489 0.0479801 0.0500349 0.0529173 0.0566322 0.0611853 0.0665826 0.0728295 0.0799307 0.0878895 0.0967066 0.10638 0.116905 0.12827 0.140462 0.153461 0.167241 0.18177 0.19701 0.212916 0.229437 0.246514 0.264084 0.282077 0.300417 0.319023 0.337811 0.356693 0.375576 0.394369 0.412976 0.431302 0.449253 0.466737 0.483661 0.499939 0.515485 0.530218 0.544062 0.556946 0.568803 0.579575 0.589206 0.597648 0.60486 0.610805 0.615455 0.618787 0.620784 0.621437 0.620743 0.618705 0.615332 0.610642 0.604657 0.597405 0.588924 0.579255 0.568447 0.556554 0.543636 0.529761 0.514999 0.499427 0.483127 0.466183 0.448684 0.430722 0.412389 0.393781 0.374991 0.356116 0.337246 0.318475 0.299889 0.281574 0.263609 0.246069 0.229025 0.212539 0.196669 0.181466 0.166973 0.153229 0.140265 0.128106 0.11677 0.106274 0.0966256 0.0878305 0.0798908 0.0728054 0.0665713 0.0611839 0.056638 0.052928 0.0500486 0.0479952 0.0467656 
0.0480508 0.0484761 0.0497486 0.0518722 0.0548507 0.058689 0.0633925 0.0689672 0.0754182 0.0827501 0.0909655 0.100065 0.110046 0.120901 0.132621 0.14519 0.158587 0.172783 0.187747 0.203438 0.219809 0.236806 0.254371 0.272435 0.290927 0.309769 0.328878 0.348167 0.367544 0.386915 0.406187 0.42526 0.44404 0.462429 0.480332 0.497657 0.514314 0.530218 0.545285 0.559439 0.572608 0.584725 0.595729 0.605566 0.614188 0.621551 0.627621 0.632367 0.635768 0.637807 0.638474 0.637766 0.635686 0.632244 0.627456 0.621346 0.613942 0.605281 0.595405 0.584363 0.572209 0.559006 0.544819 0.529722 0.513791 0.49711 0.479764 0.461844 0.443443 0.424656 0.405579 0.38631 0.366945 0.347579 0.328307 0.309218 0.290401 0.271936 0.253903 0.236372 0.21941 0.203076 0.187423 0.172496 0.158337 0.144976 0.132441 0.120753 0.109926 0.0999722 0.0908962 0.0827011 0.0753863 0.0689492 0.0633856 0.0586903 0.054858 0.0518835 0.0497623 0.0484922 
0.0496803 0.0501189 0.0514308 0.0536195 0.0566889 0.0606438 0.0654897 0.0712321 0.0778762 0.0854261 0.0938841 0.10325 0.113521 0.124689 0.136744 0.149668 0.163439 0.178028 0.193402 0.209516 0.226325 0.243771 0.261792 0.280321 0.299282 0.318595 0.338174 0.357931 0.377771 0.397599 0.417317 0.436827 0.456029 0.474825 0.493119 0.510817 0.527827 0.544062 0.559439 0.57388 0.587313 0.59967 0.610889 0.620917 0.629704 0.637207 0.643392 0.648228 0.651693 0.65377 0.654449 0.653728 0.65161 0.648104 0.643227 0.637001 0.629456 0.620629 0.610562 0.599304 0.586909 0.573441 0.558966 0.543557 0.527293 0.510258 0.492538 0.474227 0.455417 0.436206 0.416692 0.396975 0.377152 0.357323 0.337582 0.318022 0.298733 0.2798 0.261303 0.243315 0.225905 0.209135 0.193058 0.177723 0.163172 0.149437 0.136549 0.124527 0.113389 0.103146 0.0938048 0.0853683 0.0778367 0.0712077 0.0654773 0.0606408 0.0566928 0.0536283 0.0514429 0.0501345 
0.0512143 0.0516655 0.0530141 0.0552638 0.0584184 0.0624826 0.0674618 0.0733613 0.0801862 0.0879401 0.096625 0.10624 0.116782 0.128243 0.14061 0.153866 0.167987 0.182943 0.198697 0.215208 0.232423 0.250286 0.268733 0.287693 0.30709 0.32684 0.346856 0.367047 0.387316 0.407567 0.427699 0.447611 0.467204 0.486376 0.50503 0.523071 0.540405 0.556946 0.572608 0.587313 0.600987 0.613564 0.624981 0.635184 0.644122 0.651754 0.658043 0.662961 0.666484 0.668596 0.669287 0.668555 0.666401 0.662836 0.657877 0.651546 0.643873 0.634894 0.624651 0.613195 0.60058 0.586868 0.572128 0.556433 0.539863 0.522502 0.504438 0.485765 0.466578 0.446975 0.427058 0.406925 0.38668 0.36642 0.346244 0.326247 0.306521 0.287153 0.268224 0.249811 0.231984 0.214807 0.198336 0.18262 0.167703 0.15362 0.140401 0.128068 0.116639 0.106126 0.0965362 0.0878739 0.0801394 0.0733307 0.0674443 0.0624754 0.0584191 0.0552703 0.0530248 0.0516804 
0.0526412 0.0531041 0.0544868 0.0567931 0.0600265 0.064192 0.0692945 0.0753395 0.0823315 0.0902742 0.099169 0.109015 0.119808 0.131538 0.144194 0.157756 0.172199 0.187493 0.2036 0.220475 0.238065 0.256313 0.275151 0.294508 0.314305 0.334456 0.354873 0.375462 0.396125 0.416763 0.437273 0.457554 0.477503 0.497019 0.516002 0.534355 0.551985 0.568803 0.584725 0.59967 0.613564 0.626341 0.637937 0.648297 0.657373 0.665121 0.671505 0.676497 0.680073 0.682217 0.682919 0.682175 0.67999 0.676372 0.671339 0.664913 0.657123 0.648006 0.637605 0.625969 0.613153 0.599221 0.58424 0.568285 0.551436 0.533777 0.515399 0.496396 0.476865 0.456904 0.436617 0.416106 0.395472 0.374818 0.354243 0.333846 0.313718 0.293949 0.274624 0.255819 0.237609 0.220057 0.203222 0.187155 0.171901 0.157496 0.143972 0.131351 0.119653 0.10889 0.0990713 0.0902002 0.0822779 0.075303 0.0692721 0.0641808 0.0600242 0.0567974 0.0544961 0.0531185 
