1.89057e-17 1.70241e-17 3.50736e-17 9.32581e-17 2.53087e-16 6.75422e-16 1.76388e-15 4.50428e-15 1.12447e-14 2.74396e-14 6.54442e-14 1.52544e-13 3.47474e-13 7.73472e-13 1.68252e-12 3.57669e-12 7.43067e-12 1.50879e-11 2.99451e-11 5.80979e-11 1.102e-10 2.0438e-10 3.70664e-10 6.57437e-10 1.14051e-09 1.93532e-09 3.21249e-09 5.21656e-09 8.28684e-09 1.28783e-08 1.95787e-08 2.91174e-08 4.23587e-08 6.02743e-08 8.38871e-08 1.14186e-07 1.52011e-07 1.97917e-07 2.52039e-07 3.13968e-07 3.82676e-07 4.56507e-07 5.33241e-07 6.10237e-07 6.84635e-07 7.53571e-07 8.14392e-07 8.64813e-07 9.03019e-07 9.27697e-07 9.38034e-07 9.33697e-07 9.14817e-07 8.82006e-07 8.36379e-07 7.79566e-07 7.13694e-07 6.41304e-07 5.65207e-07 4.88286e-07 4.13275e-07 3.4255e-07 2.77972e-07 2.20792e-07 1.71642e-07 1.30589e-07 9.72393e-08 7.08681e-08 5.05557e-08 3.53052e-08 2.41379e-08 1.61581e-08 1.05913e-08 6.79836e-09 4.27344e-09 2.63078e-09 1.58611e-09 9.3653e-10 5.41557e-10 3.06681e-10 1.70072e-10 9.23547e-11 4.91072e-11 2.55664e-11 1.3032e-11 6.50369e-12 3.17762e-12 1.51998e-12 7.11825e-13 3.26379e-13 1.46525e-13 6.44124e-14 2.77294e-14 1.16917e-14 4.82873e-15 1.9538e-15 7.74651e-16 3.01117e-16 1.15085e-16 4.42548e-17 
1.70241e-17 1.53034e-17 3.20619e-17 8.66735e-17 2.38775e-16 6.4651e-16 1.71246e-15 4.43413e-15 1.12212e-14 2.77486e-14 6.70449e-14 1.58258e-13 3.6493e-13 8.22013e-13 1.80869e-12 3.88748e-12 8.16222e-12 1.67421e-11 3.35509e-11 6.56957e-11 1.25705e-10 2.35074e-10 4.29675e-10 7.67732e-10 1.34109e-09 2.29047e-09 3.82511e-09 6.24651e-09 9.97523e-09 1.55778e-08 2.37898e-08 3.55274e-08 5.18816e-08 7.40834e-08 1.03435e-07 1.41202e-07 1.88465e-07 2.45948e-07 3.13843e-07 3.91649e-07 4.78076e-07 5.71028e-07 6.67686e-07 7.64698e-07 8.58428e-07 9.45248e-07 1.0218e-06 1.08522e-06 1.13322e-06 1.16417e-06 1.17706e-06 1.17148e-06 1.14761e-06 1.10619e-06 1.04863e-06 9.76969e-07 8.93892e-07 8.02613e-07 7.06697e-07 6.09801e-07 5.15395e-07 4.26488e-07 3.45426e-07 2.73778e-07 2.12318e-07 1.61103e-07 1.19606e-07 8.68873e-08 6.17654e-08 4.29691e-08 2.92568e-08 1.9498e-08 1.27197e-08 8.12286e-09 5.07817e-09 3.10799e-09 1.86221e-09 1.09232e-09 6.27234e-10 3.52577e-10 1.94e-10 1.04485e-10 5.50783e-11 2.84163e-11 1.43481e-11 7.09006e-12 3.42871e-12 1.6227e-12 7.51595e-13 3.40715e-13 1.51178e-13 6.56627e-14 2.79209e-14 1.16246e-14 4.73954e-15 1.89267e-15 7.40444e-16 2.83926e-16 1.07005e-16 4.05328e-17 
3.50736e-17 3.20619e-17 6.81881e-17 1.85548e-16 5.1337e-16 1.39513e-15 3.7076e-15 9.62851e-15 2.44294e-14 6.0546e-14 1.46561e-13 3.4647e-13 7.99826e-13 1.80296e-12 3.96853e-12 8.52967e-12 1.79024e-11 3.6694e-11 7.34558e-11 1.43632e-10 2.74366e-10 5.12061e-10 9.33873e-10 1.66453e-09 2.89996e-09 4.93903e-09 8.2241e-09 1.33897e-08 2.13167e-08 3.31859e-08 5.05227e-08 7.52179e-08 1.0951e-07 1.55911e-07 2.17059e-07 2.95497e-07 3.93367e-07 5.12067e-07 6.51889e-07 8.1171e-07 9.88803e-07 1.17882e-06 1.37597e-06 1.5734e-06 1.76376e-06 1.93972e-06 2.09455e-06 2.22253e-06 2.31914e-06 2.38118e-06 2.40667e-06 2.39482e-06 2.34598e-06 2.26167e-06 2.14465e-06 1.99903e-06 1.83016e-06 1.64451e-06 1.44927e-06 1.25184e-06 1.05927e-06 8.77686e-07 7.1189e-07 5.65118e-07 4.39004e-07 3.33718e-07 2.48242e-07 1.80704e-07 1.28732e-07 8.97544e-08 6.125e-08 4.09129e-08 2.67509e-08 1.7122e-08 1.07278e-08 6.57966e-09 3.95025e-09 2.32142e-09 1.33527e-09 7.51687e-10 4.14122e-10 2.23258e-10 1.17772e-10 6.07864e-11 3.06952e-11 1.51642e-11 7.32901e-12 3.46534e-12 1.60299e-12 7.25476e-13 3.21257e-13 1.39207e-13 5.90336e-14 2.45035e-14 9.9567e-15 3.96133e-15 1.54349e-15 5.8928e-16 2.21058e-16 8.33681e-17 
9.32581e-17 8.66735e-17 1.85548e-16 5.04438e-16 1.39258e-15 3.77509e-15 1.0006e-14 2.59133e-14 6.55547e-14 1.6197e-13 3.90798e-13 9.20687e-13 2.11776e-12 4.75579e-12 1.04266e-11 2.23172e-11 4.66375e-11 9.5161e-11 1.89607e-10 3.6896e-10 7.01282e-10 1.30216e-09 2.36248e-09 4.18867e-09 7.25869e-09 1.22965e-08 2.03659e-08 3.29821e-08 5.22331e-08 8.08985e-08 1.22542e-07 1.81548e-07 2.63069e-07 3.72837e-07 5.16818e-07 7.00687e-07 9.29148e-07 1.20514e-06 1.52904e-06 1.89799e-06 2.30551e-06 2.74146e-06 3.19255e-06 3.64315e-06 4.07658e-06 4.47635e-06 4.82738e-06 5.11691e-06 5.33495e-06 5.47441e-06 5.53097e-06 5.50292e-06 5.39106e-06 5.19878e-06 4.93227e-06 4.60066e-06 4.21596e-06 3.79271e-06 3.3471e-06 2.89587e-06 2.45499e-06 2.03846e-06 1.6573e-06 1.31905e-06 1.02762e-06 7.8358e-07 5.84812e-07 4.2721e-07 3.05475e-07 2.13815e-07 1.46505e-07 9.8272e-08 6.45328e-08 4.14865e-08 2.61097e-08 1.60861e-08 9.7013e-09 5.72677e-09 3.30867e-09 1.87077e-09 1.03507e-09 5.60347e-10 2.96785e-10 1.53776e-10 7.79411e-11 3.86417e-11 1.87389e-11 8.88854e-12 4.12406e-12 1.87176e-12 8.31066e-13 3.61016e-13 1.53454e-13 6.38337e-14 2.59906e-14 1.03599e-14 4.04367e-15 1.54633e-15 5.81021e-16 2.19657e-16 
2.53087e-16 2.38775e-16 5.1337e-16 1.39258e-15 3.83207e-15 1.0353e-14 2.7345e-14 7.05619e-14 1.77843e-13 4.37721e-13 1.05194e-12 2.46814e-12 5.65317e-12 1.26396e-11 2.75854e-11 5.87678e-11 1.22216e-10 2.48132e-10 4.91866e-10 9.52092e-10 1.7999e-09 3.32376e-09 5.9966e-09 1.0572e-08 1.82165e-08 3.0684e-08 5.05319e-08 8.13751e-08 1.28157e-07 1.97409e-07 2.97438e-07 4.38387e-07 6.32073e-07 8.91528e-07 1.23018e-06 1.66063e-06 2.19311e-06 2.8337e-06 3.58258e-06 4.43257e-06 5.36828e-06 6.36624e-06 7.39593e-06 8.42188e-06 9.40641e-06 1.03125e-05 1.11065e-05 1.17601e-05 1.22511e-05 1.2564e-05 1.26894e-05 1.26235e-05 1.23682e-05 1.1931e-05 1.13257e-05 1.05725e-05 9.69844e-06 8.73587e-06 7.7212e-06 6.69216e-06 5.6849e-06 4.73125e-06 3.8565e-06 3.07812e-06 2.40546e-06 1.84037e-06 1.37847e-06 1.01083e-06 7.25706e-07 5.10102e-07 3.51056e-07 2.36551e-07 1.56064e-07 1.00809e-07 6.37519e-08 3.94696e-08 2.39205e-08 1.41898e-08 8.23813e-09 4.68038e-09 2.60183e-09 1.41505e-09 7.52857e-10 3.91795e-10 1.99424e-10 9.92761e-11 4.83334e-11 2.30136e-11 1.07168e-11 4.88108e-12 2.17455e-12 9.47698e-13 4.04088e-13 1.68599e-13 6.88459e-14 2.7519e-14 1.07702e-14 4.12945e-15 1.55579e-15 5.90273e-16 
6.75422e-16 6.4651e-16 1.39513e-15 3.77509e-15 1.0353e-14 2.78708e-14 7.33452e-14 1.88552e-13 4.73387e-13 1.16051e-12 2.77755e-12 6.48936e-12 1.47988e-11 3.29387e-11 7.15533e-11 1.51705e-10 3.13931e-10 6.34111e-10 1.25038e-09 2.40728e-09 4.52578e-09 8.31043e-09 1.49075e-08 2.61297e-08 4.47611e-08 7.49541e-08 1.22717e-07 1.96472e-07 3.07649e-07 4.71224e-07 7.0609e-07 1.03512e-06 1.48475e-06 2.08382e-06 2.86174e-06 3.84573e-06 5.05736e-06 6.50872e-06 8.19859e-06 1.01094e-05 1.22057e-05 1.44344e-05 1.67272e-05 1.90057e-05 2.11869e-05 2.31899e-05 2.49416e-05 2.63804e-05 2.74589e-05 2.81437e-05 2.84148e-05 2.82643e-05 2.76963e-05 2.67272e-05 2.53866e-05 2.37186e-05 2.17817e-05 1.96465e-05 1.73928e-05 1.51034e-05 1.2858e-05 1.07273e-05 8.76785e-06 7.01924e-06 5.50333e-06 4.2254e-06 3.17689e-06 2.33899e-06 1.68636e-06 1.19061e-06 8.23167e-07 5.57315e-07 3.69483e-07 2.39855e-07 1.52452e-07 9.48655e-08 5.77866e-08 3.44536e-08 2.01036e-08 1.14784e-08 6.41203e-09 3.50395e-09 1.8729e-09 9.79085e-10 5.00537e-10 2.50229e-10 1.22324e-10 5.84729e-11 2.73326e-11 1.24944e-11 5.58592e-12 2.44269e-12 1.04495e-12 4.37367e-13 1.79142e-13 7.1819e-14 2.8189e-14 1.08385e-14 4.09524e-15 1.55965e-15 
1.76388e-15 1.71246e-15 3.7076e-15 1.0006e-14 2.7345e-14 7.33452e-14 1.92292e-13 4.92432e-13 1.23144e-12 3.00661e-12 7.16588e-12 1.66699e-11 3.7846e-11 8.38498e-11 1.81285e-10 3.82474e-10 7.87477e-10 1.58235e-09 3.10346e-09 5.94202e-09 1.11082e-08 2.02797e-08 3.6165e-08 6.30122e-08 1.07294e-07 1.78583e-07 2.90615e-07 4.62489e-07 7.19898e-07 1.09622e-06 1.63321e-06 2.38097e-06 3.39682e-06 4.74275e-06 6.48114e-06 8.66882e-06 1.13497e-05 1.45464e-05 1.82528e-05 2.24274e-05 2.69907e-05 3.1826e-05 3.67856e-05 4.17005e-05 4.63937e-05 5.06937e-05 5.44459e-05 5.75218e-05 5.9822e-05 6.12773e-05 6.18464e-05 6.15133e-05 6.02869e-05 5.82013e-05 5.53189e-05 5.1732e-05 4.75638e-05 4.29641e-05 3.81018e-05 3.31535e-05 2.82901e-05 2.36638e-05 1.93976e-05 1.55786e-05 1.22567e-05 9.44579e-06 7.13032e-06 5.272e-06 3.81797e-06 2.70815e-06 1.88143e-06 1.28016e-06 8.53043e-07 5.56645e-07 3.55666e-07 2.2249e-07 1.36245e-07 8.166e-08 4.78966e-08 2.74874e-08 1.54321e-08 8.47451e-09 4.55135e-09 2.3903e-09 1.22747e-09 6.16296e-10 3.02533e-10 1.45199e-10 6.81352e-11 3.12628e-11 1.40272e-11 6.15538e-12 2.64205e-12 1.10944e-12 4.5585e-13 1.83311e-13 7.2164e-14 2.78275e-14 1.05458e-14 4.03207e-15 
4.50428e-15 4.43413e-15 9.62851e-15 2.59133e-14 7.05619e-14 1.88552e-13 4.92432e-13 1.25608e-12 3.12839e-12 7.60635e-12 1.80513e-11 4.18075e-11 9.44856e-11 2.08358e-10 4.48297e-10 9.41096e-10 1.92765e-09 3.85284e-09 7.51524e-09 1.43081e-08 2.65936e-08 4.82641e-08 8.55517e-08 1.4815e-07 2.50702e-07 4.14678e-07 6.70618e-07 1.0606e-06 1.64075e-06 2.4833e-06 3.67779e-06 5.33064e-06 7.56239e-06 1.05019e-05 1.42773e-05 1.9003e-05 2.47649e-05 3.16029e-05 3.94961e-05 4.83498e-05 5.79912e-05 6.81718e-05 7.85808e-05 8.88664e-05 9.86624e-05 0.000107616 0.000115412 0.00012179 0.000126547 0.000129547 0.000130706 0.000129992 0.000127425 0.000123073 0.000117063 0.000109582 0.000100882 9.12691e-05 8.10912e-05 7.07129e-05 6.04892e-05 5.07382e-05 4.17194e-05 3.36196e-05 2.65481e-05 2.05409e-05 1.55713e-05 1.15647e-05 8.41452e-06 5.99787e-06 4.18807e-06 2.86453e-06 1.91901e-06 1.25903e-06 8.08861e-07 5.08774e-07 3.13266e-07 1.88783e-07 1.11323e-07 6.42251e-08 3.62441e-08 2.00037e-08 1.07958e-08 5.69672e-09 2.93881e-09 1.48207e-09 7.3064e-10 3.5211e-10 1.65885e-10 7.64055e-11 3.44089e-11 1.51531e-11 6.52657e-12 2.74977e-12 1.1335e-12 4.57252e-13 1.80558e-13 6.98356e-14 2.65474e-14 1.01913e-14 
1.12447e-14 1.12212e-14 2.44294e-14 6.55547e-14 1.77843e-13 4.73387e-13 1.23144e-12 3.12839e-12 7.75928e-12 1.87855e-11 4.43865e-11 1.02338e-10 2.30214e-10 5.05236e-10 1.08169e-09 2.25921e-09 4.60324e-09 9.15078e-09 1.77496e-08 3.35989e-08 6.20799e-08 1.11987e-07 1.97279e-07 3.39484e-07 5.70827e-07 9.38134e-07 1.50739e-06 2.36868e-06 3.64098e-06 5.47601e-06 8.05996e-06 1.16119e-05 1.63772e-05 2.26152e-05 3.05797e-05 4.04933e-05 5.25162e-05 6.67136e-05 8.30254e-05 0.000101243 0.000121003 0.000141792 0.000162976 0.000183845 0.000203667 0.00022174 0.000237441 0.000250255 0.000259793 0.000265785 0.000268072 0.000266594 0.000261388 0.000252589 0.000240444 0.000225322 0.00020772 0.000188244 0.000167586 0.000146477 0.000125631 0.000105692 8.71908e-05 7.05159e-05 5.59014e-05 4.34341e-05 3.30732e-05 2.46793e-05 1.80459e-05 1.29295e-05 9.07632e-06 6.24198e-06 4.205e-06 2.77446e-06 1.79262e-06 1.134e-06 7.02208e-07 4.25553e-07 2.52338e-07 1.46372e-07 8.30411e-08 4.60687e-08 2.49878e-08 1.32496e-08 6.86724e-09 3.47891e-09 1.72255e-09 8.3363e-10 3.94335e-10 1.8234e-10 8.24272e-11 3.64326e-11 1.57475e-11 6.65756e-12 2.75353e-12 1.11438e-12 4.41434e-13 1.71268e-13 6.53144e-14 2.51789e-14 
2.74396e-14 2.77486e-14 6.0546e-14 1.6197e-13 4.37721e-13 1.16051e-12 3.00661e-12 7.60635e-12 1.87855e-11 4.52821e-11 1.06513e-10 2.44447e-10 5.47287e-10 1.19523e-09 2.54607e-09 5.29006e-09 1.0721e-08 2.11945e-08 4.08763e-08 7.69223e-08 1.4127e-07 2.53264e-07 4.43337e-07 7.57993e-07 1.2662e-06 2.06721e-06 3.29953e-06 5.1504e-06 7.86461e-06 1.17511e-05 1.71852e-05 2.46034e-05 3.44891e-05 4.73465e-05 6.36608e-05 8.38479e-05 0.000108194 0.000136792 0.000169489 0.00020584 0.000245102 0.00028625 0.000328034 0.000369068 0.00040793 0.000443271 0.000473901 0.000498845 0.000517366 0.00052896 0.000533331 0.000530371 0.000520149 0.00050292 0.000479151 0.000449543 0.00041504 0.000376807 0.000336177 0.000294562 0.000253353 0.000213817 0.000177007 0.000143703 0.000114393 8.92758e-05 6.83013e-05 5.12209e-05 3.7649e-05 2.71211e-05 1.91452e-05 1.32421e-05 8.97281e-06 5.95522e-06 3.87059e-06 2.46303e-06 1.53417e-06 9.35151e-07 5.57684e-07 3.25304e-07 1.85562e-07 1.03491e-07 5.64224e-08 3.00663e-08 1.56583e-08 7.96919e-09 3.96352e-09 1.92643e-09 9.15061e-10 4.24826e-10 1.9279e-10 8.55339e-11 3.71058e-11 1.57428e-11 6.53357e-12 2.65307e-12 1.05439e-12 4.10401e-13 1.57029e-13 6.07982e-14 
6.54442e-14 6.70449e-14 1.46561e-13 3.90798e-13 1.05194e-12 2.77755e-12 7.16588e-12 1.80513e-11 4.43865e-11 1.06513e-10 2.4939e-10 5.69647e-10 1.26918e-09 2.75795e-09 5.84474e-09 1.20794e-08 2.43467e-08 4.78597e-08 9.17671e-08 1.71656e-07 3.1331e-07 5.58136e-07 9.70691e-07 1.64867e-06 2.73555e-06 4.43574e-06 7.03157e-06 1.09007e-05 1.65315e-05 2.4534e-05 3.56403e-05 5.06923e-05 7.06106e-05 9.63406e-05 0.000128777 0.000168664 0.000216486 0.000272351 0.000335891 0.000406196 0.000481795 0.000560705 0.00064054 0.000718679 0.000792461 0.000859378 0.000917231 0.000964236 0.000999053 0.00102077 0.00102886 0.00102314 0.00100371 0.000971063 0.000926035 0.000869912 0.00080443 0.000731747 0.000654343 0.000574862 0.000495929 0.000419949 0.000348945 0.000284443 0.000227422 0.000178323 0.000137109 0.000103363 7.63923e-05 5.5344e-05 3.92975e-05 2.73438e-05 1.8641e-05 1.2448e-05 8.14046e-06 5.21198e-06 3.26621e-06 2.00287e-06 1.20146e-06 7.04863e-07 4.04327e-07 2.26726e-07 1.24261e-07 6.65533e-08 3.48309e-08 1.78111e-08 8.89908e-09 4.34443e-09 2.07244e-09 9.66125e-10 4.40191e-10 1.96053e-10 8.53709e-11 3.63526e-11 1.51407e-11 6.16948e-12 2.46022e-12 9.60785e-13 3.68885e-13 1.43467e-13 
1.52544e-13 1.58258e-13 3.4647e-13 9.20687e-13 2.46814e-12 6.48936e-12 1.66699e-11 4.18075e-11 1.02338e-10 2.44447e-10 5.69647e-10 1.29487e-09 2.87064e-09 6.20606e-09 1.30829e-08 2.68922e-08 5.38996e-08 1.05344e-07 2.00789e-07 3.73291e-07 6.7705e-07 1.19831e-06 2.07026e-06 3.49244e-06 5.7549e-06 9.2665e-06 1.45858e-05 2.24517e-05 3.38089e-05 4.98233e-05 7.18776e-05 0.000101541 0.000140507 0.000190484 0.000253055 0.000329499 0.000420583 0.000526368 0.000646032 0.000777766 0.000918761 0.0010653 0.00121299 0.00135703 0.00149261 0.00161522 0.00172097 0.00180667 0.00187 0.00190937 0.00192386 0.00191316 0.00187747 0.00181762 0.0017351 0.00163216 0.0015119 0.00137816 0.0012354 0.00108842 0.000941985 0.000800526 0.000667805 0.00054671 0.000439148 0.000346052 0.000267476 0.000202759 0.000150719 0.000109845 7.84754e-05 5.49466e-05 3.76964e-05 2.53338e-05 1.66732e-05 1.0743e-05 6.77471e-06 4.18003e-06 2.52268e-06 1.48874e-06 8.58887e-07 4.84307e-07 2.66865e-07 1.43677e-07 7.55724e-08 3.88328e-08 1.94933e-08 9.55962e-09 4.58027e-09 2.14429e-09 9.81016e-10 4.38673e-10 1.91761e-10 8.1964e-11 3.42635e-11 1.40117e-11 5.60711e-12 2.19732e-12 8.46656e-13 3.30817e-13 
3.47474e-13 3.6493e-13 7.99826e-13 2.11776e-12 5.65317e-12 1.47988e-11 3.7846e-11 9.44856e-11 2.30214e-10 5.47287e-10 1.26918e-09 2.87064e-09 6.33157e-09 1.36166e-08 2.85503e-08 5.83604e-08 1.16303e-07 2.25971e-07 4.28099e-07 7.90919e-07 1.4253e-06 2.50599e-06 4.30013e-06 7.20387e-06 1.17868e-05 1.88429e-05 2.94444e-05 4.49928e-05 6.72585e-05 9.83985e-05 0.000140938 0.000197702 0.00027169 0.000365879 0.000482958 0.000625011 0.000793168 0.000987266 0.00120557 0.00144461 0.0016992 0.00196261 0.00222699 0.00248389 0.00272491 0.00294223 0.00312915 0.00328028 0.00339168 0.00346069 0.0034858 0.00346648 0.00340311 0.00329705 0.00315081 0.00296823 0.0027546 0.00251654 0.00226179 0.00199871 0.00173572 0.00148069 0.00124039 0.00102011 0.000823446 0.000652291 0.000506982 0.000386558 0.000289089 0.000212009 0.000152437 0.000107431 7.41908e-05 5.01908e-05 3.32515e-05 2.15658e-05 1.3688e-05 8.49937e-06 5.1614e-06 3.06444e-06 1.77838e-06 1.00852e-06 5.58789e-07 3.02453e-07 1.59908e-07 8.25782e-08 4.16525e-08 2.05218e-08 9.8769e-09 4.64417e-09 2.13373e-09 9.58059e-10 4.20485e-10 1.8043e-10 7.57129e-11 3.10774e-11 1.24817e-11 4.90892e-12 1.89849e-12 7.45383e-13 
7.73472e-13 8.22013e-13 1.80296e-12 4.75579e-12 1.26396e-11 3.29387e-11 8.38498e-11 2.08358e-10 5.05236e-10 1.19523e-09 2.75795e-09 6.20606e-09 1.36166e-08 2.91262e-08 6.07327e-08 1.23441e-07 2.44563e-07 4.72317e-07 8.89258e-07 1.63244e-06 2.92249e-06 5.10372e-06 8.69706e-06 1.44666e-05 2.34987e-05 3.72897e-05 5.78357e-05 8.77131e-05 0.000130134 0.000188958 0.000268639 0.000374085 0.000510417 0.00068261 0.000895032 0.0011509 0.00145171 0.00179668 0.00218232 0.00260221 0.00304708 0.00350518 0.00396298 0.0044061 0.00482036 0.00519274 0.00551214 0.00576974 0.00595912 0.00607606 0.00611813 0.0060845 0.00597578 0.00579417 0.00554373 0.00523074 0.00486386 0.00445413 0.00401445 0.00355894 0.00310191 0.00265687 0.00223561 0.00184748 0.00149908 0.00119408 0.000933511 0.000716136 0.000538974 0.000397861 0.000287985 0.000204342 0.000142087 9.67854e-05 6.45602e-05 4.21558e-05 2.69355e-05 1.68349e-05 1.02887e-05 6.14668e-06 3.58863e-06 2.04702e-06 1.14062e-06 6.20757e-07 3.29933e-07 1.71253e-07 8.68076e-08 4.29742e-08 2.07791e-08 9.81448e-09 4.52895e-09 2.04219e-09 9.00025e-10 3.87765e-10 1.63359e-10 6.73121e-11 2.7137e-11 1.07125e-11 4.15897e-12 1.64105e-12 
1.68252e-12 1.80869e-12 3.96853e-12 1.04266e-11 2.75854e-11 7.15533e-11 1.81285e-10 4.48297e-10 1.08169e-09 2.54607e-09 5.84474e-09 1.30829e-08 2.85503e-08 6.07327e-08 1.2592e-07 2.54449e-07 5.01105e-07 9.61818e-07 1.79942e-06 3.28175e-06 5.83581e-06 1.01212e-05 1.71252e-05 2.82795e-05 4.55955e-05 7.18091e-05 0.000110523 0.000166325 0.000244852 0.000352782 0.000497696 0.00068781 0.000931525 0.00123681 0.00161043 0.00205704 0.0025783 0.00317197 0.00383138 0.00454509 0.0052971 0.00606758 0.00683403 0.00757285 0.00826101 0.00887759 0.0094049 0.00982908 0.0101401 0.0103316 0.0103997 0.0103432 0.0101632 0.00986287 0.00944861 0.00893024 0.00832147 0.00763989 0.00690632 0.00614368 0.00537544 0.00462401 0.0039092 0.00324707 0.00264921 0.00212254 0.00166959 0.00128906 0.00097663 0.000725873 0.000529089 0.00037808 0.000264769 0.000181639 0.000122019 8.02325e-05 5.16173e-05 3.24783e-05 1.99796e-05 1.20124e-05 7.05665e-06 4.04939e-06 2.26945e-06 1.24203e-06 6.63725e-07 3.46318e-07 1.76441e-07 8.77784e-08 4.26462e-08 2.02366e-08 9.38059e-09 4.24855e-09 1.88045e-09 8.13568e-10 3.44149e-10 1.42375e-10 5.76242e-11 2.28358e-11 8.90111e-12 3.53035e-12 
3.57669e-12 3.88748e-12 8.52967e-12 2.23172e-11 5.87678e-11 1.51705e-10 3.82474e-10 9.41096e-10 2.25921e-09 5.29006e-09 1.20794e-08 2.68922e-08 5.83604e-08 1.23441e-07 2.54449e-07 5.11102e-07 1.00039e-06 1.90806e-06 3.5466e-06 6.42521e-06 1.13475e-05 1.95419e-05 3.28264e-05 5.38063e-05 8.60957e-05 0.000134547 0.000205462 0.000306746 0.000447971 0.000640288 0.000896142 0.00122876 0.00165138 0.00217618 0.00281308 0.0035683 0.004443 0.00543204 0.00652314 0.00769664 0.00892592 0.0101787 0.0114188 0.0126091 0.0137134 0.0146995 0.0155402 0.0162147 0.0167081 0.0170107 0.0171172 0.0170259 0.0167381 0.0162588 0.0155973 0.0147683 0.0137927 0.0126974 0.0115147 0.0102805 0.00903193 0.00780477 0.00663121 0.00553782 0.00454436 0.00366333 0.00290022 0.0022543 0.00171984 0.0012874 0.000945222 0.000680417 0.000480016 0.00033173 0.000224474 0.000148664 9.63186e-05 6.10237e-05 3.77925e-05 2.28707e-05 1.35206e-05 7.80631e-06 4.401e-06 2.42246e-06 1.30175e-06 6.82896e-07 3.49743e-07 1.7488e-07 8.53834e-08 4.07112e-08 1.89599e-08 8.62628e-09 3.83509e-09 1.66646e-09 7.07929e-10 2.9409e-10 1.19514e-10 4.75524e-11 1.86123e-11 7.4214e-12 
7.43067e-12 8.16222e-12 1.79024e-11 4.66375e-11 1.22216e-10 3.13931e-10 7.87477e-10 1.92765e-09 4.60324e-09 1.0721e-08 2.43467e-08 5.38996e-08 1.16303e-07 2.44563e-07 5.01105e-07 1.00039e-06 1.94578e-06 3.68732e-06 6.80843e-06 1.22506e-05 2.14846e-05 3.67335e-05 6.12497e-05 9.96364e-05 0.000158196 0.000245271 0.000371538 0.000550183 0.000796907 0.00112968 0.00156816 0.00213282 0.00284359 0.0037182 0.00477029 0.00600729 0.00742842 0.00902304 0.0107696 0.0126355 0.0145781 0.0165465 0.0184852 0.0203373 0.0220486 0.0235711 0.0248651 0.0259003 0.0266555 0.0271173 0.0272782 0.0271359 0.0266923 0.0259542 0.0249348 0.0236552 0.0221458 0.0204462 0.0186045 0.0166746 0.0147132 0.0127754 0.0109117 0.00916447 0.00756628 0.0061388 0.00489297 0.00383007 0.00294329 0.00221964 0.00164201 0.00119102 0.00084665 0.000589553 0.000401938 0.000268165 0.000175004 0.000111661 6.96294e-05 4.24197e-05 2.52404e-05 1.46647e-05 8.31802e-06 4.60558e-06 2.48907e-06 1.31302e-06 6.76088e-07 3.39834e-07 1.66768e-07 7.99111e-08 3.73963e-08 1.70949e-08 7.63519e-09 3.33268e-09 1.422e-09 5.93283e-10 2.4212e-10 9.67368e-11 3.80264e-11 1.5246e-11 
1.50879e-11 1.67421e-11 3.6694e-11 9.5161e-11 2.48132e-10 6.34111e-10 1.58235e-09 3.85284e-09 9.15078e-09 2.11945e-08 4.78597e-08 1.05344e-07 2.25971e-07 4.72317e-07 9.61818e-07 1.90806e-06 3.68732e-06 6.94142e-06 1.27301e-05 2.27463e-05 3.96065e-05 6.72212e-05 0.000111242 0.000179563 0.000282846 0.000434997 0.000653528 0.000959709 0.00137841 0.00193752 0.00266695 0.00359699 0.00475628 0.00616922 0.00785316 0.0098154 0.0120505 0.0145383 0.0172424 0.0201108 0.0230775 0.0260657 0.0289927 0.0317753 0.0343352 0.036604 0.0385258 0.0400588 0.0411741 0.0418539 0.0420887 0.0418751 0.0412158 0.0401197 0.0386045 0.036699 0.0344453 0.0318995 0.0291301 0.0262154 0.0232381 0.0202802 0.017418 0.0147167 0.0122282 0.00998834 0.00801776 0.00632229 0.00489531 0.00372031 0.00277374 0.00202778 0.00145284 0.00101959 0.000700497 0.000470909 0.0003096 0.000198974 0.000124952 7.66459e-05 4.59091e-05 2.68455e-05 1.53225e-05 8.53539e-06 4.64011e-06 2.46174e-06 1.27464e-06 6.44163e-07 3.17781e-07 1.53056e-07 7.19859e-08 3.3068e-08 1.484e-08 6.50782e-09 2.78948e-09 1.16902e-09 4.79166e-10 1.92273e-10 7.5917e-11 3.06102e-11 
2.99451e-11 3.35509e-11 7.34558e-11 1.89607e-10 4.91866e-10 1.25038e-09 3.10346e-09 7.51524e-09 1.77496e-08 4.08763e-08 9.17671e-08 2.00789e-07 4.28099e-07 8.89258e-07 1.79942e-06 3.5466e-06 6.80843e-06 1.27301e-05 2.3184e-05 4.11307e-05 7.10949e-05 0.00011976 0.000196664 0.00031495 0.000492109 0.0007506 0.00111823 0.00162815 0.00231837 0.00323058 0.00440837 0.00589462 0.00772836 0.009941 0.0125524 0.0155667 0.0189694 0.0227243 0.0267729 0.0310353 0.0354131 0.0397946 0.0440616 0.0480969 0.0517921 0.0550538 0.057807 0.0599965 0.0615852 0.0625506 0.062881 0.0625726 0.0616283 0.0600592 0.0578875 0.0551508 0.0519048 0.0482249 0.0442053 0.0399543 0.0355884 0.0312251 0.0269749 0.0229351 0.0191847 0.0157817 0.012762 0.0101404 0.00791353 0.00606234 0.00455654 0.00335825 0.00242562 0.00171597 0.0011883 0.000805058 0.00053332 0.000345302 0.000218412 0.000134916 8.13627e-05 4.78922e-05 2.7511e-05 1.54207e-05 8.43407e-06 4.50099e-06 2.3439e-06 1.19117e-06 5.9084e-07 2.86088e-07 1.35253e-07 6.24462e-08 2.81631e-08 1.24102e-08 5.3446e-09 2.25018e-09 9.26491e-10 3.73425e-10 1.48121e-10 6.0071e-11 
5.80979e-11 6.56957e-11 1.43632e-10 3.6896e-10 9.52092e-10 2.40728e-09 5.94202e-09 1.43081e-08 3.35989e-08 7.69223e-08 1.71656e-07 3.73291e-07 7.90919e-07 1.63244e-06 3.28175e-06 6.42521e-06 1.22506e-05 2.27463e-05 4.11307e-05 7.24378e-05 0.000124275 0.00020774 0.000338464 0.000537684 0.000833228 0.00126023 0.00186141 0.00268669 0.00379203 0.00523732 0.00708337 0.00938792 0.012201 0.0155599 0.0194834 0.0239677 0.0289815 0.0344644 0.0403258 0.0464475 0.0526886 0.0588927 0.0648974 0.0705447 0.0756908 0.0802135 0.084017 0.0870322 0.0892139 0.0905358 0.0909846 0.090556 0.0892531 0.0870885 0.0840886 0.080299 0.07579 0.0706587 0.0650282 0.0590425 0.0528592 0.0466395 0.0405382 0.0346944 0.0292248 0.0242185 0.0197353 0.0158063 0.0124358 0.00960573 0.00728023 0.00541064 0.00394064 0.00281078 0.00196228 0.00134002 0.000894637 0.000583644 0.000371902 0.000231382 0.000140514 8.32725e-05 4.81508e-05 2.71634e-05 1.49494e-05 8.02659e-06 4.20467e-06 2.14917e-06 1.07204e-06 5.21946e-07 2.48086e-07 1.15142e-07 5.2195e-08 2.31151e-08 1.00035e-08 4.23174e-09 1.75051e-09 7.08786e-10 2.82472e-10 1.15241e-10 
1.102e-10 1.25705e-10 2.74366e-10 7.01282e-10 1.7999e-09 4.52578e-09 1.11082e-08 2.65936e-08 6.20799e-08 1.4127e-07 3.1331e-07 6.7705e-07 1.4253e-06 2.92249e-06 5.83581e-06 1.13475e-05 2.14846e-05 3.96065e-05 7.10949e-05 0.000124275 0.000211577 0.000350909 0.000567148 0.000893591 0.00137316 0.0020591 0.00301486 0.004313 0.00603283 0.00825685 0.011066 0.0145337 0.0187196 0.0236628 0.0293751 0.0358356 0.0429868 0.0507321 0.0589374 0.0674347 0.0760297 0.0845122 0.0926683 0.100294 0.107206 0.113254 0.11832 0.122322 0.12521 0.126955 0.127543 0.12697 0.125239 0.122362 0.118369 0.113311 0.107272 0.10037 0.0927603 0.0846247 0.0761676 0.0676015 0.0591344 0.0509582 0.0432383 0.0361066 0.0296581 0.0239494 0.0190014 0.0148028 0.0113157 0.0084822 0.00623056 0.00448172 0.00315484 0.002172 0.00146165 0.000960969 0.000616976 0.000386687 0.000236513 0.000141142 8.21675e-05 4.66598e-05 2.58448e-05 1.39637e-05 7.35958e-06 3.78426e-06 1.89865e-06 9.29662e-07 4.44332e-07 2.07343e-07 9.44877e-08 4.20608e-08 1.82942e-08 7.77696e-09 3.23245e-09 1.315e-09 5.26604e-10 2.1615e-10 
2.0438e-10 2.35074e-10 5.12061e-10 1.30216e-09 3.32376e-09 8.31043e-09 2.02797e-08 4.82641e-08 1.11987e-07 2.53264e-07 5.58136e-07 1.19831e-06 2.50599e-06 5.10372e-06 1.01212e-05 1.95419e-05 3.67335e-05 6.72212e-05 0.00011976 0.00020774 0.000350909 0.000577344 0.00092549 0.00144601 0.00220308 0.00327481 0.00475232 0.00673725 0.00933767 0.0126622 0.0168131 0.0218777 0.0279206 0.0349747 0.0430347 0.0520505 0.0619244 0.0725106 0.0836181 0.0950176 0.106452 0.11765 0.128342 0.138276 0.147231 0.155027 0.161531 0.166652 0.170336 0.172555 0.173298 0.172562 0.170347 0.166665 0.161543 0.155038 0.147241 0.138289 0.128366 0.117693 0.106523 0.0951241 0.0837651 0.0726998 0.0621541 0.0523156 0.0433275 0.0352855 0.0282386 0.0221923 0.0171144 0.0129421 0.00958978 0.00695769 0.00493942 0.00342895 0.00232633 0.00154162 0.00099745 0.000629871 0.000388089 0.000233258 0.000136742 7.81798e-05 4.35913e-05 2.37045e-05 1.25725e-05 6.50457e-06 3.28314e-06 1.61701e-06 7.77276e-07 3.64735e-07 1.67118e-07 7.47869e-08 3.26966e-08 1.39695e-08 5.83484e-09 2.38512e-09 9.59878e-10 3.96432e-10 
3.70664e-10 4.29675e-10 9.33873e-10 2.36248e-09 5.9966e-09 1.49075e-08 3.6165e-08 8.55517e-08 1.97279e-07 4.43337e-07 9.70691e-07 2.07026e-06 4.30013e-06 8.69706e-06 1.71252e-05 3.28264e-05 6.12497e-05 0.000111242 0.000196664 0.000338464 0.000567148 0.00092549 0.00147119 0.00227903 0.00344205 0.00507113 0.00729266 0.0102438 0.0140658 0.0188948 0.0248523 0.0320341 0.0404997 0.0502638 0.0612884 0.0734782 0.0866792 0.100681 0.115224 0.130006 0.144702 0.158976 0.172504 0.184989 0.196177 0.205866 0.213914 0.220227 0.224755 0.227476 0.228382 0.227471 0.224744 0.220205 0.213878 0.205815 0.196111 0.184915 0.172432 0.158918 0.14467 0.130014 0.115281 0.100793 0.0868483 0.0737014 0.061559 0.0505718 0.0408329 0.0323792 0.0251962 0.0192254 0.0143729 0.0105201 0.00753322 0.00527408 0.0036079 0.00241034 0.0015719 0.00100031 0.000620986 0.000375988 0.000221998 0.000127813 7.17532e-05 3.92792e-05 2.09687e-05 1.09175e-05 5.54469e-06 2.74738e-06 1.32841e-06 6.26934e-07 2.88861e-07 1.29972e-07 5.71239e-08 2.45316e-08 1.02978e-08 4.23014e-09 1.71097e-09 7.11071e-10 
6.57437e-10 7.67732e-10 1.66453e-09 4.18867e-09 1.0572e-08 2.61297e-08 6.30122e-08 1.4815e-07 3.39484e-07 7.57993e-07 1.64867e-06 3.49244e-06 7.20387e-06 1.44666e-05 2.82795e-05 5.38063e-05 9.96364e-05 0.000179563 0.00031495 0.000537684 0.000893591 0.00144601 0.00227903 0.00349978 0.00523896 0.00764889 0.0108988 0.0151666 0.0206288 0.0274471 0.0357555 0.0456467 0.0571603 0.070274 0.0848976 0.100871 0.117966 0.135893 0.154312 0.172845 0.191095 0.208668 0.225189 0.240327 0.253807 0.265417 0.275014 0.282514 0.287876 0.29109 0.292156 0.291074 0.28784 0.282454 0.274925 0.265295 0.253654 0.240151 0.225001 0.208483 0.190931 0.172719 0.15424 0.135887 0.118031 0.101009 0.0851052 0.0705422 0.0574769 0.0459968 0.0361231 0.0278163 0.020985 0.0154977 0.0111958 0.00790629 0.00545451 0.00367429 0.00241564 0.00154943 0.000969326 0.000591336 0.000351727 0.000203963 0.000115309 6.3556e-05 3.4156e-05 1.78997e-05 9.14873e-06 4.5613e-06 2.21881e-06 1.05331e-06 4.88088e-07 2.20833e-07 9.75819e-08 4.21256e-08 1.77733e-08 7.3373e-09 2.98287e-09 1.24752e-09 
1.14051e-09 1.34109e-09 2.89996e-09 7.25869e-09 1.82165e-08 4.47611e-08 1.07294e-07 2.50702e-07 5.70827e-07 1.2662e-06 2.73555e-06 5.7549e-06 1.17868e-05 2.34987e-05 4.55955e-05 8.60957e-05 0.000158196 0.000282846 0.000492109 0.000833228 0.00137316 0.00220308 0.00344205 0.00523896 0.0077717 0.0112427 0.0158702 0.0218761 0.0294701 0.0388323 0.0500962 0.0633337 0.0785426 0.0956401 0.11446 0.134756 0.156208 0.178435 0.201011 0.223482 0.245388 0.266284 0.285764 0.303476 0.319141 0.332554 0.343585 0.35217 0.358288 0.361946 0.363155 0.361919 0.35823 0.352073 0.343444 0.332363 0.318902 0.303195 0.285453 0.265962 0.245074 0.223199 0.20078 0.178273 0.156127 0.134764 0.114559 0.0958242 0.0788017 0.0636531 0.0504585 0.0392183 0.0298609 0.0222545 0.0162217 0.0115568 0.00804207 0.00546331 0.00362164 0.00234185 0.0014767 0.000907846 0.000544081 0.000317843 0.000180989 0.000100461 5.43608e-05 2.86791e-05 1.47538e-05 7.40254e-06 3.62313e-06 1.73027e-06 8.06452e-07 3.66935e-07 1.63029e-07 7.0752e-08 3.00047e-08 1.2449e-08 5.08699e-09 2.14107e-09 
1.93532e-09 2.29047e-09 4.93903e-09 1.22965e-08 3.0684e-08 7.49541e-08 1.78583e-07 4.14678e-07 9.38134e-07 2.06721e-06 4.43574e-06 9.2665e-06 1.88429e-05 3.72897e-05 7.18091e-05 0.000134547 0.000245271 0.000434997 0.0007506 0.00126023 0.0020591 0.00327481 0.00507113 0.00764889 0.0112427 0.0161123 0.0225293 0.030758 0.041034 0.053542 0.0683953 0.0856198 0.105144 0.126796 0.150308 0.175327 0.201426 0.228128 0.25492 0.281283 0.306707 0.330718 0.352898 0.372901 0.390462 0.405404 0.417627 0.427098 0.433825 0.437837 0.43916 0.437802 0.43375 0.426975 0.417447 0.40516 0.390152 0.372529 0.352477 0.330265 0.306245 0.280837 0.254515 0.227787 0.201169 0.175167 0.150254 0.126849 0.105299 0.0858648 0.0687138 0.0539134 0.0414358 0.0311678 0.0229267 0.0164806 0.0115697 0.00792787 0.00530001 0.00345559 0.0021967 0.00136123 0.000822134 0.000483921 0.000277599 0.000155199 8.45706e-05 4.49223e-05 2.32639e-05 1.17478e-05 5.786e-06 2.77999e-06 1.30335e-06 5.96408e-07 2.66448e-07 1.16252e-07 4.95555e-08 2.06644e-08 8.48758e-09 3.59508e-09 
3.21249e-09 3.82511e-09 8.2241e-09 2.03659e-08 5.05319e-08 1.22717e-07 2.90615e-07 6.70618e-07 1.50739e-06 3.29953e-06 7.03157e-06 1.45858e-05 2.94444e-05 5.78357e-05 0.000110523 0.000205462 0.000371538 0.000653528 0.00111823 0.00186141 0.00301486 0.00475232 0.00729266 0.0108988 0.0158702 0.0225293 0.0312003 0.0421833 0.0557258 0.0719959 0.091059 0.112864 0.137237 0.163889 0.192425 0.222366 0.253173 0.284271 0.315077 0.345018 0.373564 0.400237 0.424636 0.446447 0.465446 0.481502 0.494561 0.504632 0.51176 0.516001 0.517397 0.515963 0.511679 0.504498 0.494362 0.481229 0.465094 0.446016 0.424136 0.399683 0.372978 0.344426 0.314505 0.283749 0.252724 0.222012 0.192183 0.163769 0.137242 0.112987 0.0912888 0.0723129 0.0561061 0.0426002 0.0316275 0.022943 0.0162513 0.0112342 0.0075754 0.00498106 0.00319274 0.00199452 0.00121419 0.000720228 0.000416279 0.000234445 0.000128668 6.8822e-05 3.58817e-05 1.82384e-05 9.03973e-06 4.37001e-06 2.06097e-06 9.48511e-07 4.26102e-07 1.86905e-07 8.00854e-08 3.35636e-08 1.38567e-08 5.90643e-09 
5.21656e-09 6.24651e-09 1.33897e-08 3.29821e-08 8.13751e-08 1.96472e-07 4.62489e-07 1.0606e-06 2.36868e-06 5.1504e-06 1.09007e-05 2.24517e-05 4.49928e-05 8.77131e-05 0.000166325 0.000306746 0.000550183 0.000959709 0.00162815 0.00268669 0.004313 0.00673725 0.0102438 0.0151666 0.0218761 0.030758 0.0421833 0.0564742 0.0738687 0.094489 0.118319 0.145195 0.174808 0.20672 0.240391 0.275206 0.310514 0.345656 0.379996 0.412941 0.443967 0.472628 0.498574 0.521548 0.541392 0.55804 0.571497 0.581823 0.589104 0.593426 0.594848 0.593392 0.58903 0.581697 0.571306 0.557771 0.541037 0.521102 0.498042 0.472021 0.443302 0.412242 0.379289 0.344972 0.309881 0.274652 0.239941 0.206396 0.174622 0.145151 0.118413 0.094707 0.0741881 0.0568663 0.0426166 0.0312018 0.0223034 0.0155563 0.0105824 0.00701845 0.00453676 0.00285761 0.00175367 0.00104845 0.00061064 0.000346479 0.000191536 0.000103171 5.41572e-05 2.77096e-05 1.38218e-05 6.72302e-06 3.18959e-06 1.47636e-06 6.66901e-07 2.94089e-07 1.26661e-07 5.3349e-08 2.21376e-08 9.49536e-09 
8.28684e-09 9.97523e-09 2.13167e-08 5.22331e-08 1.28157e-07 3.07649e-07 7.19898e-07 1.64075e-06 3.64098e-06 7.86461e-06 1.65315e-05 3.38089e-05 6.72585e-05 0.000130134 0.000244852 0.000447971 0.000796907 0.00137841 0.00231837 0.00379203 0.00603283 0.00933767 0.0140658 0.0206288 0.0294701 0.041034 0.0557258 0.0738687 0.0956614 0.121145 0.150185 0.182466 0.217513 0.254717 0.293378 0.332749 0.372077 0.410644 0.44779 0.482938 0.515608 0.545422 0.572109 0.595499 0.615522 0.632186 0.645566 0.655778 0.662951 0.667198 0.668597 0.667173 0.662896 0.65568 0.64541 0.631955 0.615205 0.595088 0.5716 0.544821 0.514925 0.482191 0.447001 0.409841 0.371291 0.332012 0.292723 0.254175 0.217109 0.182218 0.1501 0.121219 0.095877 0.0741984 0.0561353 0.0414861 0.0299296 0.021066 0.0144589 0.00967364 0.00630687 0.00400597 0.00247858 0.00149369 0.000876724 0.000501212 0.000279103 0.000151405 8.00217e-05 4.12144e-05 2.06896e-05 1.01255e-05 4.83235e-06 2.24952e-06 1.02174e-06 4.52948e-07 1.96073e-07 8.29937e-08 3.46126e-08 1.4938e-08 
1.28783e-08 1.55778e-08 3.31859e-08 8.08985e-08 1.97409e-07 4.71224e-07 1.09622e-06 2.4833e-06 5.47601e-06 1.17511e-05 2.4534e-05 4.98233e-05 9.83985e-05 0.000188958 0.000352782 0.000640288 0.00112968 0.00193752 0.00323058 0.00523732 0.00825685 0.0126622 0.0188948 0.0274471 0.0388323 0.053542 0.0719959 0.094489 0.121145 0.151886 0.186416 0.224239 0.264683 0.306957 0.3502 0.393546 0.436166 0.477313 0.516345 0.552739 0.586099 0.616148 0.64272 0.665757 0.685283 0.701397 0.714242 0.723988 0.730804 0.734831 0.73616 0.734821 0.730778 0.723933 0.714142 0.701235 0.685043 0.665426 0.64229 0.615614 0.585465 0.552013 0.515541 0.476454 0.435279 0.392664 0.349363 0.306203 0.264052 0.223764 0.18612 0.151776 0.121215 0.0947164 0.0723468 0.053975 0.0393047 0.0279201 0.0193371 0.0130524 0.00858379 0.00549855 0.00343025 0.00208386 0.0012327 0.000710065 0.000398307 0.000217602 0.000115796 6.00334e-05 3.03283e-05 1.49335e-05 7.1688e-06 3.35602e-06 1.53258e-06 6.82949e-07 2.97117e-07 1.26375e-07 5.29661e-08 2.29973e-08 
1.95787e-08 2.37898e-08 5.05227e-08 1.22542e-07 2.97438e-07 7.0609e-07 1.63321e-06 3.67779e-06 8.05996e-06 1.71852e-05 3.56403e-05 7.18776e-05 0.000140938 0.000268639 0.000497696 0.000896142 0.00156816 0.00266695 0.00440837 0.00708337 0.011066 0.0168131 0.0248523 0.0357555 0.0500962 0.0683953 0.091059 0.118319 0.150185 0.186416 0.226524 0.269797 0.315358 0.362229 0.409403 0.455919 0.50091 0.54364 0.583529 0.620148 0.653218 0.68259 0.70823 0.730195 0.748617 0.763679 0.775592 0.784574 0.790827 0.794512 0.795731 0.794519 0.790835 0.784572 0.775563 0.763605 0.748482 0.729981 0.707922 0.682178 0.652694 0.619511 0.582782 0.542796 0.499989 0.454952 0.408429 0.361294 0.314514 0.269091 0.225996 0.186093 0.150073 0.118406 0.0913151 0.0687783 0.0505576 0.0362477 0.0253342 0.0172537 0.0114461 0.00739469 0.00465151 0.00284859 0.00169826 0.000985645 0.000556935 0.000306409 0.000164162 8.56643e-05 4.35485e-05 2.15724e-05 1.04157e-05 4.90309e-06 2.25099e-06 1.00821e-06 4.40769e-07 1.88367e-07 7.93299e-08 3.46477e-08 
2.91174e-08 3.55274e-08 7.52179e-08 1.81548e-07 4.38387e-07 1.03512e-06 2.38097e-06 5.33064e-06 1.16119e-05 2.46034e-05 5.06923e-05 0.000101541 0.000197702 0.000374085 0.00068781 0.00122876 0.00213282 0.00359699 0.00589462 0.00938792 0.0145337 0.0218777 0.0320341 0.0456467 0.0633337 0.0856198 0.112864 0.145195 0.182466 0.224239 0.269797 0.318203 0.368367 0.419139 0.469397 0.51812 0.564445 0.607697 0.647396 0.683246 0.715113 0.742994 0.766994 0.787292 0.804122 0.817743 0.828426 0.836425 0.841966 0.845223 0.846304 0.845247 0.842009 0.836476 0.82847 0.817766 0.804103 0.787214 0.766837 0.742741 0.714747 0.682755 0.646772 0.606938 0.563561 0.517134 0.468345 0.418071 0.367341 0.317282 0.269038 0.223686 0.182146 0.145109 0.112991 0.0859203 0.0637568 0.0461375 0.0325419 0.0223613 0.0149645 0.00975026 0.00618411 0.00381759 0.00229366 0.0013412 0.000763323 0.000422881 0.00022808 0.000119783 6.12685e-05 3.05295e-05 1.48239e-05 7.016e-06 3.23774e-06 1.45737e-06 6.4017e-07 2.74846e-07 1.16294e-07 5.10833e-08 
4.23587e-08 5.18816e-08 1.0951e-07 2.63069e-07 6.32073e-07 1.48475e-06 3.39682e-06 7.56239e-06 1.63772e-05 3.44891e-05 7.06106e-05 0.000140507 0.00027169 0.000510417 0.000931525 0.00165138 0.00284359 0.00475628 0.00772836 0.012201 0.0187196 0.0279206 0.0404997 0.0571603 0.0785426 0.105144 0.137237 0.174808 0.217513 0.264683 0.315358 0.368367 0.422423 0.476232 0.528595 0.57848 0.625078 0.667816 0.706354 0.740555 0.770447 0.796184 0.818007 0.83621 0.851114 0.863046 0.872316 0.879205 0.883952 0.886734 0.887661 0.886772 0.884024 0.879303 0.872428 0.863158 0.851209 0.836269 0.81801 0.796108 0.770268 0.74025 0.705902 0.667203 0.624299 0.577547 0.527536 0.475093 0.421266 0.367265 0.314384 0.263902 0.216971 0.174524 0.137205 0.105331 0.0788988 0.0576263 0.0410164 0.0284363 0.0191957 0.0126131 0.00806559 0.00501864 0.00303839 0.00178981 0.00102588 0.000572219 0.000310646 0.000164169 8.44762e-05 4.23357e-05 2.06695e-05 9.83415e-06 4.56107e-06 2.0629e-06 9.10333e-07 3.92578e-07 1.66864e-07 7.37022e-08 
6.02743e-08 7.40834e-08 1.55911e-07 3.72837e-07 8.91528e-07 2.08382e-06 4.74275e-06 1.05019e-05 2.26152e-05 4.73465e-05 9.63406e-05 0.000190484 0.000365879 0.00068261 0.00123681 0.00217618 0.0037182 0.00616922 0.009941 0.0155599 0.0236628 0.0349747 0.0502638 0.070274 0.0956401 0.126796 0.163889 0.20672 0.254717 0.306957 0.362229 0.419139 0.476232 0.532113 0.58555 0.635556 0.681421 0.722716 0.759269 0.791119 0.818462 0.841602 0.860908 0.87677 0.889583 0.899717 0.90751 0.913255 0.917189 0.919487 0.920258 0.919536 0.917283 0.913389 0.907675 0.899902 0.889775 0.876952 0.861059 0.841698 0.818474 0.791016 0.75902 0.722292 0.680803 0.63474 0.584552 0.53097 0.475005 0.417906 0.361074 0.305964 0.253953 0.206226 0.163675 0.126842 0.0959015 0.0706903 0.0507695 0.0355088 0.024176 0.0160181 0.0103256 0.00647498 0.00394953 0.00234333 0.00135246 0.000759393 0.000414882 0.00022059 0.000114169 5.75345e-05 2.82391e-05 1.35037e-05 6.29335e-06 2.85954e-06 1.26747e-06 5.48934e-07 2.34341e-07 1.04055e-07 
8.38871e-08 1.03435e-07 2.17059e-07 5.16818e-07 1.23018e-06 2.86174e-06 6.48114e-06 1.42773e-05 3.05797e-05 6.36608e-05 0.000128777 0.000253055 0.000482958 0.000895032 0.00161043 0.00281308 0.00477029 0.00785316 0.0125524 0.0194834 0.0293751 0.0430347 0.0612884 0.0848976 0.11446 0.150308 0.192425 0.240391 0.293378 0.3502 0.409403 0.469397 0.528595 0.58555 0.639058 0.688222 0.732476 0.771566 0.805506 0.834514 0.858949 0.879253 0.895897 0.909353 0.920061 0.928419 0.934775 0.939417 0.942575 0.944413 0.945033 0.944467 0.942681 0.939572 0.934974 0.928656 0.920325 0.909631 0.896172 0.8795 0.859138 0.834609 0.805467 0.771354 0.732057 0.687574 0.638181 0.58447 0.527363 0.46809 0.408115 0.349028 0.292407 0.239684 0.192015 0.150191 0.114601 0.0852395 0.0617619 0.0435709 0.0299146 0.0199818 0.0129822 0.00820263 0.00503985 0.00301117 0.00174957 0.000988671 0.000543459 0.000290646 0.000151269 7.66377e-05 3.78069e-05 1.81668e-05 8.50575e-06 3.88189e-06 1.7279e-06 7.514e-07 3.2211e-07 1.43752e-07 
1.14186e-07 1.41202e-07 2.95497e-07 7.00687e-07 1.66063e-06 3.84573e-06 8.66882e-06 1.9003e-05 4.04933e-05 8.38479e-05 0.000168664 0.000329499 0.000625011 0.0011509 0.00205704 0.0035683 0.00600729 0.0098154 0.0155667 0.0239677 0.0358356 0.0520505 0.0734782 0.100871 0.134756 0.175327 0.222366 0.275206 0.332749 0.393546 0.455919 0.51812 0.57848 0.635556 0.688222 0.73572 0.777662 0.813987 0.8449 0.870794 0.892175 0.909595 0.92361 0.934742 0.943457 0.950162 0.955197 0.958838 0.961296 0.962722 0.963205 0.962776 0.961405 0.959 0.955411 0.950425 0.943764 0.935084 0.923974 0.90996 0.892511 0.871065 0.845061 0.813989 0.777458 0.735274 0.687515 0.634596 0.577306 0.516802 0.454552 0.392234 0.331597 0.274298 0.221757 0.175032 0.134756 0.101116 0.0738981 0.0525713 0.0363887 0.0244983 0.0160377 0.0102075 0.00631575 0.0037989 0.00222148 0.00126307 0.00069837 0.000375586 0.000196521 0.00010007 4.96059e-05 2.39465e-05 1.12612e-05 5.16101e-06 2.30647e-06 1.00689e-06 4.33339e-07 1.9432e-07 
