0.00256629 0.0025912 0.00267236 0.00281052 0.00300659 0.00326184 0.00357782 0.00395636 0.00439948 0.00490937 0.00548833 0.00613866 0.00686262 0.00766236 0.00853981 0.0094966 0.010534 0.0116528 0.0128533 0.0141352 0.0154973 0.016938 0.0184547 0.0200439 0.0217014 0.0234219 0.0251993 0.0270265 0.0288958 0.0307984 0.0327246 0.0346644 0.0366066 0.0385399 0.0404523 0.0423317 0.0441654 0.045941 0.047646 0.049268 0.0507952 0.052216 0.0535196 0.0546958 0.0557355 0.0566303 0.0573731 0.0579578 0.0583797 0.0586355 0.0587229 0.0586414 0.0583915 0.0579755 0.0573966 0.0566597 0.0557707 0.0547369 0.0535664 0.0522685 0.0508533 0.0493316 0.0477149 0.0460151 0.0442446 0.0424156 0.0405409 0.0386327 0.0367033 0.0347647 0.0328282 0.0309047 0.0290046 0.0271372 0.0253113 0.0235348 0.0218147 0.020157 0.0185671 0.0170492 0.0156068 0.0142424 0.0129578 0.011754 0.0106316 0.00959005 0.00862876 0.00774646 0.00694153 0.00621207 0.00555599 0.00497105 0.00445498 0.00400551 0.00362049 0.00329792 0.00303599 0.00283318 0.00268825 0.00260046 
0.0025912 0.00261636 0.00269832 0.00283783 0.00303582 0.00329354 0.00361258 0.00399476 0.00444214 0.00495691 0.00554139 0.00619791 0.00692873 0.00773602 0.00862171 0.00958745 0.0106345 0.0117637 0.0129753 0.0142689 0.0156435 0.0170973 0.0186277 0.0202312 0.0219034 0.0236392 0.0254324 0.0272757 0.0291614 0.0310805 0.0330234 0.0349798 0.0369387 0.0388885 0.0408171 0.0427123 0.0445615 0.0463519 0.0480711 0.0497066 0.0512463 0.0526788 0.0539931 0.055179 0.0562271 0.0571291 0.0578779 0.0584674 0.0588927 0.0591505 0.0592386 0.0591563 0.0589044 0.0584849 0.0579013 0.0571583 0.0562621 0.0552197 0.0540396 0.052731 0.051304 0.0497697 0.0481396 0.0464256 0.0446402 0.0427959 0.0409052 0.0389809 0.0370351 0.0350798 0.0331266 0.0311865 0.0292698 0.0273861 0.0255442 0.023752 0.0220166 0.0203442 0.0187401 0.0172085 0.015753 0.0143762 0.0130798 0.0118651 0.0107322 0.00968108 0.00871085 0.00782031 0.00700784 0.00627152 0.00560926 0.00501879 0.00449782 0.00404408 0.0036554 0.00332975 0.00306533 0.00286058 0.00271428 0.00262567 
0.00267236 0.00269832 0.00278276 0.00292643 0.00313028 0.0033956 0.00372401 0.00411736 0.00457776 0.00510744 0.00570877 0.0063841 0.00713576 0.00796593 0.00887657 0.00986935 0.0109455 0.012106 0.0133508 0.0146797 0.0160916 0.0175845 0.0191558 0.0208018 0.0225182 0.0242994 0.0261392 0.0280302 0.0299642 0.0319322 0.0339244 0.03593 0.0379379 0.0399362 0.0419125 0.0438543 0.0457487 0.0475827 0.0493434 0.0510183 0.052595 0.0540618 0.0554073 0.0566213 0.0576941 0.0586174 0.0593838 0.059987 0.0604222 0.0606859 0.0607759 0.0606916 0.0604336 0.0600041 0.0594066 0.0586459 0.0577283 0.0566611 0.0554527 0.0541128 0.0526515 0.0510803 0.0494107 0.0476551 0.0458261 0.0439365 0.0419994 0.0400273 0.0380331 0.0360289 0.0340266 0.0320374 0.0300718 0.0281398 0.0262504 0.0244117 0.022631 0.0209146 0.019268 0.0176956 0.0162011 0.0147871 0.0134556 0.0122076 0.0110436 0.00996341 0.00896619 0.00805072 0.00721539 0.00645825 0.00577716 0.00516984 0.00463394 0.00416715 0.00376725 0.00343218 0.0031601 0.00294943 0.0027989 0.00270775 
0.00281052 0.00283783 0.00292643 0.00307709 0.0032908 0.0035689 0.00391304 0.00432516 0.00480741 0.00536212 0.00599169 0.00669858 0.00748516 0.00835365 0.00930608 0.0103441 0.011469 0.0126816 0.0139821 0.0153699 0.016844 0.0184022 0.0200417 0.0217587 0.0235486 0.0254055 0.0273229 0.0292932 0.0313077 0.0333571 0.0354311 0.0375186 0.0396079 0.0416867 0.0437423 0.0457614 0.0477308 0.0496371 0.0514669 0.0532071 0.0548451 0.0563686 0.0577659 0.0590265 0.0601404 0.0610989 0.0618943 0.0625204 0.062972 0.0632455 0.0633387 0.0632509 0.0629829 0.0625367 0.0619161 0.0611262 0.0601732 0.0590647 0.0578096 0.0564177 0.0548996 0.053267 0.0515319 0.0497073 0.047806 0.0458414 0.0438269 0.0417758 0.0397011 0.0376156 0.0355315 0.0334606 0.0314139 0.0294015 0.027433 0.0255168 0.0236606 0.021871 0.0201536 0.0185132 0.0169535 0.0154775 0.0140872 0.0127838 0.0115677 0.0104388 0.00939643 0.00843925 0.00756562 0.00677359 0.00606094 0.00542534 0.00486439 0.00437569 0.00395696 0.00360607 0.00332113 0.0031005 0.00294286 0.00284745 
0.00300659 0.00303582 0.00313028 0.0032908 0.00351841 0.00381451 0.00418083 0.00461938 0.00513242 0.00572236 0.00639171 0.00714301 0.00797871 0.00890112 0.0099123 0.0110139 0.0122074 0.0134933 0.0148718 0.0163424 0.0179037 0.0195535 0.0212887 0.0231052 0.0249981 0.0269611 0.0289873 0.0310685 0.0331958 0.0353591 0.0375476 0.0397496 0.0419528 0.0441442 0.0463104 0.0484376 0.0505119 0.0525192 0.0544454 0.056277 0.0580005 0.0596031 0.0610729 0.0623985 0.0635696 0.0645772 0.0654133 0.0660712 0.0665456 0.0668328 0.0669305 0.0668379 0.0665558 0.0660865 0.0654337 0.0646028 0.0636004 0.0624344 0.061114 0.0596495 0.0580521 0.0563338 0.0545074 0.0525862 0.0505839 0.0485145 0.0463919 0.0442302 0.042043 0.0398437 0.0376454 0.0354602 0.0332997 0.0311749 0.0290957 0.027071 0.0251089 0.0232166 0.0214 0.0196641 0.0180131 0.0164501 0.0149772 0.0135959 0.0123067 0.0111095 0.0100036 0.00898777 0.00806029 0.00721916 0.00646211 0.00578671 0.00519047 0.00467092 0.00422567 0.0038525 0.00354943 0.00331477 0.00314713 0.00304571 
0.00326184 0.00329354 0.0033956 0.0035689 0.00381451 0.00413391 0.00452894 0.0050017 0.00555458 0.0061901 0.0069109 0.00771963 0.00861884 0.00961092 0.010698 0.0118818 0.0131636 0.0145442 0.0160235 0.0176008 0.0192747 0.0210426 0.0229011 0.0248458 0.0268713 0.0289709 0.0311371 0.0333612 0.0356335 0.0379433 0.040279 0.0426282 0.0449777 0.0473138 0.0496222 0.0518883 0.0540972 0.0562341 0.0582841 0.0602328 0.062066 0.0637703 0.0653329 0.0667419 0.0679865 0.0690571 0.0699452 0.0706439 0.0711476 0.0714524 0.0715558 0.071457 0.0711569 0.0706578 0.0699638 0.0690805 0.0680147 0.0667749 0.0653708 0.0638132 0.0621139 0.0602857 0.058342 0.056297 0.054165 0.0519609 0.0496996 0.0473958 0.045064 0.0427186 0.0403733 0.0380411 0.0357345 0.033465 0.0312432 0.0290788 0.0269805 0.0249559 0.0230114 0.0211526 0.0193839 0.0177086 0.0161293 0.0146474 0.0132638 0.0119784 0.0107905 0.00969883 0.00870176 0.00779717 0.00698271 0.00625584 0.00561397 0.0050545 0.00457492 0.00417292 0.00384639 0.00359356 0.00341297 0.00330377 
0.00357782 0.00361258 0.00372401 0.00391304 0.00418083 0.00452894 0.00495931 0.0054742 0.00607611 0.00676773 0.00755183 0.00843119 0.0094085 0.0104862 0.0116666 0.0129514 0.0143418 0.0158385 0.0174415 0.0191498 0.0209617 0.0228743 0.024884 0.0269858 0.0291738 0.0314407 0.0337783 0.0361772 0.0386269 0.0411158 0.0436315 0.0461606 0.048689 0.0512019 0.0536839 0.0561195 0.0584928 0.0607878 0.0629889 0.0650804 0.0670475 0.0688757 0.0705514 0.0720621 0.0733962 0.0745435 0.0754951 0.0762435 0.076783 0.0771091 0.0772195 0.0771132 0.0767911 0.0762558 0.0755115 0.0745642 0.0734212 0.0720915 0.0705853 0.0689142 0.0670907 0.0651284 0.0630416 0.0608454 0.0585553 0.0561868 0.053756 0.0512787 0.0487704 0.0462464 0.0437214 0.0412095 0.0387241 0.0362775 0.0338814 0.031546 0.0292809 0.0270942 0.0249931 0.0229835 0.0210704 0.0192574 0.0175475 0.0159423 0.0144427 0.013049 0.0117603 0.0105756 0.00949296 0.00851034 0.00762527 0.00683509 0.00613707 0.00552847 0.00500664 0.00456913 0.00421373 0.00393852 0.00374198 0.00362321 
0.00395636 0.00399476 0.00411736 0.00432516 0.00461938 0.0050017 0.0054742 0.00603928 0.0066996 0.00745801 0.00831747 0.00928089 0.0103511 0.0115307 0.012822 0.0142267 0.0157462 0.0173809 0.0191307 0.0209945 0.0229701 0.0250545 0.0272434 0.0295314 0.0319118 0.0343768 0.0369173 0.0395231 0.0421826 0.0448834 0.0476119 0.0503536 0.0530933 0.0558149 0.0585019 0.0611376 0.0637048 0.0661865 0.0685656 0.0708257 0.0729505 0.0749247 0.0767338 0.0783643 0.0798039 0.0810416 0.0820679 0.0828749 0.0834563 0.0838077 0.0839262 0.0838111 0.0834631 0.0828851 0.0820816 0.0810589 0.079825 0.0783893 0.0767628 0.0749579 0.072988 0.0708677 0.0686122 0.0662378 0.0637609 0.0611985 0.0585677 0.0558854 0.0531686 0.0504336 0.0476963 0.044972 0.0422751 0.0396191 0.0370166 0.0344788 0.0320161 0.0296374 0.0273506 0.0251623 0.023078 0.0211017 0.0192367 0.0174851 0.0158479 0.0143254 0.012917 0.0116216 0.0104372 0.00936179 0.00839269 0.00752716 0.00676229 0.00609519 0.00552305 0.00504325 0.00465343 0.00435157 0.00413604 0.00400585 
0.00439948 0.00444214 0.00457776 0.00480741 0.00513242 0.00555458 0.00607611 0.0066996 0.00742788 0.00826399 0.00921107 0.0102722 0.0114504 0.0127484 0.0141684 0.0157124 0.0173816 0.0191764 0.0210965 0.0231404 0.0253058 0.027589 0.0299854 0.0324888 0.0350918 0.0377859 0.0405609 0.0434057 0.0463076 0.0492529 0.052227 0.055214 0.0581972 0.0611594 0.0640828 0.0669489 0.0697395 0.072436 0.0750201 0.077474 0.0797803 0.0819225 0.083885 0.0856532 0.0872139 0.0885555 0.0896677 0.090542 0.0911717 0.091552 0.0916799 0.0915546 0.0911769 0.0905498 0.0896783 0.088569 0.0872305 0.085673 0.0839083 0.0819495 0.0798112 0.077509 0.0750594 0.0724798 0.069788 0.0670022 0.064141 0.0612226 0.0582653 0.0552869 0.0523047 0.0493353 0.0463943 0.0434965 0.0406555 0.0378837 0.0351925 0.0325918 0.0300902 0.0276951 0.0254124 0.0232469 0.0212023 0.0192808 0.017484 0.0158121 0.0142647 0.0128407 0.0115382 0.0103549 0.0092882 0.00833505 0.00749244 0.00675729 0.00612661 0.0055976 0.00516773 0.00483485 0.0045972 0.00445375 
0.00490937 0.00495691 0.00510744 0.00536212 0.00572236 0.0061901 0.00676773 0.00745801 0.00826399 0.00918892 0.0102361 0.0114089 0.0127104 0.0141434 0.0157104 0.0174133 0.0192531 0.0212304 0.0233443 0.0255934 0.0279747 0.0304842 0.0331164 0.0358646 0.0387206 0.0416747 0.0447159 0.0478317 0.0510085 0.0542311 0.0574833 0.0607481 0.0640071 0.0672417 0.0704323 0.0735591 0.0766021 0.0795414 0.0823571 0.0850299 0.0875411 0.0898729 0.0920084 0.093932 0.0956295 0.0970882 0.0982973 0.0992474 0.0999316 0.100344 0.100483 0.100346 0.0999349 0.0992525 0.0983043 0.0970973 0.0956409 0.0939459 0.0920251 0.0898927 0.0875643 0.0850568 0.082388 0.0795765 0.0766418 0.0736035 0.0704816 0.0672961 0.0640667 0.0608128 0.0575532 0.054306 0.0510883 0.0479162 0.0448046 0.0417674 0.0388168 0.0359638 0.0332181 0.0305877 0.0280794 0.0256987 0.0234495 0.0213346 0.0193558 0.0175137 0.0158079 0.0142372 0.0127999 0.0114935 0.0103152 0.00926196 0.00833051 0.00751758 0.00681997 0.00623468 0.00575902 0.00539066 0.00512772 0.00496909 
0.00548833 0.00554139 0.00570877 0.00599169 0.00639171 0.0069109 0.00755183 0.00831747 0.00921107 0.0102361 0.0113962 0.0126947 0.014135 0.0157201 0.0174524 0.0193339 0.0213657 0.0235479 0.0258797 0.028359 0.0309826 0.0337458 0.0366424 0.0396649 0.0428042 0.0460494 0.0493884 0.0528074 0.0562914 0.0598237 0.0633867 0.0669614 0.0705282 0.0740665 0.077555 0.0809722 0.0842965 0.0875061 0.0905796 0.0934961 0.0962352 0.0987779 0.101106 0.103202 0.105052 0.10664 0.107957 0.108992 0.109736 0.110185 0.110336 0.110186 0.109737 0.108994 0.10796 0.106645 0.105057 0.103209 0.101115 0.0987895 0.0962497 0.0935137 0.0906008 0.0875313 0.084326 0.0810064 0.0775941 0.0741107 0.0705779 0.0670166 0.0634473 0.0598899 0.056363 0.0528843 0.0494703 0.0461359 0.0428949 0.0397594 0.0367401 0.0338461 0.0310848 0.0284625 0.0259836 0.0236516 0.0214684 0.0194349 0.0175508 0.0158152 0.0142261 0.012781 0.0114771 0.0103111 0.00927957 0.00837895 0.00760586 0.00695711 0.00642979 0.0060214 0.00572993 0.00555418 
0.00613866 0.00619791 0.0063841 0.00669858 0.00714301 0.00771963 0.00843119 0.00928089 0.0102722 0.0114089 0.0126947 0.0141333 0.0157282 0.0174825 0.0193989 0.021479 0.0237241 0.026134 0.0287076 0.0314425 0.0343349 0.0373794 0.040569 0.0438954 0.0473481 0.0509154 0.0545837 0.0583379 0.0621612 0.0660354 0.0699413 0.073858 0.0777641 0.081637 0.0854537 0.0891907 0.0928245 0.0963315 0.0996885 0.102873 0.105862 0.108637 0.111176 0.113462 0.115478 0.11721 0.118645 0.119772 0.120582 0.121071 0.121234 0.121071 0.120581 0.11977 0.118643 0.117208 0.115477 0.113462 0.111177 0.108639 0.105867 0.10288 0.0996988 0.0963454 0.0928425 0.0892133 0.0854811 0.0816697 0.0778024 0.0739021 0.0699913 0.0660915 0.0622233 0.0584059 0.0546574 0.0509945 0.0474323 0.0439841 0.0406618 0.0374755 0.0344338 0.0315435 0.0288098 0.0262366 0.0238263 0.0215801 0.0194979 0.0175787 0.0158206 0.0142213 0.0127775 0.0114858 0.0103427 0.00934428 0.00848702 0.00776747 0.00718252 0.00672947 0.00640617 0.00621132 
0.00686262 0.00692873 0.00713576 0.00748516 0.00797871 0.00861884 0.0094085 0.0103511 0.0114504 0.0127104 0.014135 0.0157282 0.0174937 0.0194346 0.0215537 0.0238527 0.0263326 0.0289931 0.0318327 0.0348486 0.0380362 0.0413895 0.0449008 0.0485603 0.0523567 0.0562769 0.0603058 0.0644266 0.0686211 0.0728692 0.0771496 0.0814398 0.0857161 0.0899541 0.0941286 0.0982142 0.102185 0.106016 0.109681 0.113157 0.116419 0.119445 0.122214 0.124706 0.126904 0.128791 0.130354 0.131581 0.132464 0.132996 0.133173 0.132994 0.13246 0.131576 0.130347 0.128783 0.126895 0.124698 0.122206 0.119438 0.116413 0.113153 0.10968 0.106017 0.10219 0.0982236 0.0941429 0.0899738 0.0857416 0.0814713 0.0771875 0.0729136 0.0686722 0.0644843 0.0603699 0.0563473 0.052433 0.0486421 0.0449875 0.0414806 0.0381309 0.0349462 0.0319324 0.029094 0.0264338 0.0239534 0.0216529 0.0195314 0.0175872 0.0158176 0.0142194 0.0127891 0.0115227 0.0104163 0.00946609 0.00866831 0.00801965 0.00751724 0.00715875 0.00694281 
0.00766236 0.00773602 0.00796593 0.00835365 0.00890112 0.00961092 0.0104862 0.0115307 0.0127484 0.0141434 0.0157201 0.0174825 0.0194346 0.0215797 0.0239204 0.0264585 0.0291948 0.0321288 0.0352586 0.0385807 0.04209 0.0457797 0.0496408 0.0536627 0.0578328 0.0621362 0.0665565 0.0710753 0.0756722 0.0803254 0.0850115 0.089706 0.0943829 0.0990156 0.103577 0.108039 0.112374 0.116554 0.120553 0.124342 0.127898 0.131196 0.134212 0.136926 0.139318 0.141372 0.143073 0.144409 0.145369 0.145947 0.146139 0.145944 0.145363 0.144399 0.143061 0.141358 0.139302 0.136908 0.134193 0.131177 0.12788 0.124325 0.120537 0.116542 0.112365 0.108034 0.103577 0.0990207 0.0943939 0.0897234 0.0850358 0.0803567 0.0757107 0.0711211 0.0666097 0.0621965 0.0578999 0.0537363 0.0497203 0.0458645 0.0421794 0.038674 0.0353548 0.0322272 0.0292943 0.0265582 0.0240192 0.0216767 0.0195288 0.017573 0.0158059 0.0142237 0.0128223 0.0115977 0.0105455 0.00966195 0.00894345 0.00838692 0.00798984 0.00775076 
0.00853981 0.00862171 0.00887657 0.00930608 0.0099123 0.010698 0.0116666 0.012822 0.0141684 0.0157104 0.0174524 0.0193989 0.0215537 0.0239204 0.0265016 0.0292991 0.0323134 0.0355437 0.0389877 0.0426412 0.0464985 0.0505516 0.0547907 0.0592039 0.0637769 0.0684936 0.0733357 0.0782829 0.0833129 0.0884018 0.093524 0.0986527 0.10376 0.108816 0.113792 0.118657 0.123382 0.127937 0.132291 0.136417 0.140287 0.143875 0.147155 0.150106 0.152707 0.154939 0.156788 0.158238 0.159281 0.159909 0.160117 0.159904 0.159272 0.158224 0.156769 0.154917 0.152682 0.150078 0.147125 0.143844 0.140256 0.136386 0.132261 0.127909 0.123357 0.118636 0.113775 0.108805 0.103755 0.0986543 0.0935329 0.0884182 0.0833373 0.0783153 0.0733763 0.0685423 0.0638334 0.0592678 0.0548616 0.0506289 0.0465815 0.0427291 0.0390795 0.0356386 0.0324104 0.029397 0.0265995 0.0240171 0.0216481 0.01949 0.0175393 0.015792 0.0142439 0.0128905 0.0117274 0.0107505 0.00995595 0.00934047 0.00890139 0.00863713 
0.0094966 0.00958745 0.00986935 0.0103441 0.0110139 0.0118818 0.0129514 0.0142267 0.0157124 0.0174133 0.0193339 0.021479 0.0238527 0.0264585 0.0292991 0.0323761 0.0356898 0.0392391 0.043021 0.0470308 0.0512619 0.0557053 0.06035 0.0651826 0.0701875 0.0753468 0.0806402 0.0860456 0.0915384 0.0970927 0.10268 0.108272 0.113838 0.119345 0.124763 0.130058 0.135197 0.14015 0.144883 0.149366 0.153569 0.157464 0.161025 0.164227 0.167049 0.16947 0.171474 0.173047 0.174178 0.174858 0.175083 0.174851 0.174165 0.173028 0.17145 0.16944 0.167014 0.164189 0.160983 0.15742 0.153523 0.149319 0.144837 0.140105 0.135155 0.130019 0.124729 0.119316 0.113815 0.108256 0.102672 0.0970926 0.091547 0.086063 0.0806666 0.0753822 0.0702318 0.0652355 0.060411 0.0557738 0.0513372 0.0471122 0.0431074 0.0393296 0.0357833 0.0324715 0.0293953 0.0265542 0.0239468 0.0215704 0.0194214 0.0174958 0.0157891 0.0142965 0.0130135 0.0119356 0.0110588 0.0103796 0.00989504 0.00960353 
0.010534 0.0106345 0.0109455 0.011469 0.0122074 0.0131636 0.0143418 0.0157462 0.0173816 0.0192531 0.0213657 0.0237241 0.0263326 0.0291948 0.0323134 0.0356898 0.0393241 0.0432146 0.0473579 0.0517485 0.0563787 0.0612386 0.0663158 0.0715954 0.0770602 0.0826904 0.0884638 0.0943561 0.100341 0.106389 0.11247 0.118553 0.124604 0.130589 0.136474 0.142223 0.147801 0.153173 0.158305 0.163165 0.167719 0.171939 0.175796 0.179263 0.182317 0.184937 0.187105 0.188806 0.190029 0.190764 0.191007 0.190756 0.190013 0.188782 0.187074 0.184898 0.182272 0.179212 0.175741 0.171881 0.167658 0.163102 0.158242 0.15311 0.14774 0.142165 0.13642 0.130541 0.124562 0.118518 0.112443 0.10637 0.100332 0.0943567 0.0884744 0.082711 0.0770907 0.0716356 0.0663653 0.0612968 0.056445 0.051822 0.0474377 0.0432996 0.0394132 0.0357818 0.0324071 0.0292888 0.0264257 0.0238151 0.0214533 0.0193362 0.0174591 0.015817 0.014405 0.0132186 0.0122533 0.0115055 0.010972 0.0106512 
0.0116528 0.0117637 0.012106 0.0126816 0.0134933 0.0145442 0.0158385 0.0173809 0.0191764 0.0212304 0.0235479 0.026134 0.0289931 0.0321288 0.0355437 0.0392391 0.0432146 0.0474681 0.0519956 0.0567908 0.0618448 0.0671466 0.0726824 0.0784357 0.0843874 0.0905159 0.0967968 0.103203 0.109707 0.116276 0.122878 0.129478 0.13604 0.142528 0.148904 0.15513 0.161168 0.166981 0.172532 0.177787 0.18271 0.187269 0.191435 0.195179 0.198476 0.201304 0.203644 0.20548 0.206799 0.207592 0.207853 0.207581 0.206779 0.20545 0.203606 0.201257 0.198421 0.195117 0.191366 0.187196 0.182632 0.177707 0.172451 0.166899 0.161087 0.155052 0.14883 0.142459 0.135977 0.129422 0.122831 0.116238 0.109679 0.103186 0.0967898 0.0905199 0.0844024 0.0784616 0.0727189 0.0671931 0.0619007 0.0568551 0.0520676 0.0475465 0.0432982 0.0393267 0.035634 0.0322203 0.0290845 0.026224 0.0236351 0.0213135 0.0192543 0.0174524 0.0159026 0.0146 0.0135401 0.0127189 0.0121332 0.0117811 
0.0128533 0.0129753 0.0133508 0.0139821 0.0148718 0.0160235 0.0174415 0.0191307 0.0210965 0.0233443 0.0258797 0.0287076 0.0318327 0.0352586 0.0389877 0.043021 0.0473579 0.0519956 0.0569295 0.0621521 0.0676538 0.0734219 0.0794412 0.0856936 0.0921581 0.0988109 0.105625 0.112573 0.119621 0.126737 0.133884 0.141026 0.148123 0.155137 0.162026 0.16875 0.175269 0.181542 0.187531 0.193196 0.198503 0.203416 0.207904 0.211936 0.215487 0.218531 0.221049 0.223025 0.224443 0.225296 0.225577 0.225284 0.224419 0.222989 0.221003 0.218474 0.21542 0.211861 0.207821 0.203327 0.198409 0.193098 0.18743 0.18144 0.175168 0.168651 0.16193 0.155046 0.148038 0.140948 0.133815 0.126677 0.119572 0.112535 0.105599 0.0987967 0.0921561 0.0857037 0.0794631 0.0734552 0.0676977 0.0622059 0.0569922 0.0520661 0.0474348 0.0431031 0.0390735 0.0353467 0.0319217 0.0287959 0.0259658 0.023427 0.0211743 0.0192025 0.0175061 0.01608 0.0149194 0.0140201 0.0133787 0.0129932 
0.0141352 0.0142689 0.0146797 0.0153699 0.0163424 0.0176008 0.0191498 0.0209945 0.0231404 0.0255934 0.028359 0.0314425 0.0348486 0.0385807 0.0426412 0.0470308 0.0517485 0.0567908 0.0621521 0.0678242 0.0737961 0.0800539 0.0865806 0.0933562 0.100358 0.107559 0.114932 0.122444 0.130061 0.137747 0.145464 0.15317 0.160825 0.168385 0.175808 0.18305 0.190068 0.196819 0.20326 0.209352 0.215056 0.220336 0.225157 0.229487 0.233299 0.236567 0.23927 0.241389 0.242911 0.243825 0.244126 0.243811 0.242883 0.241348 0.239216 0.236501 0.233221 0.229399 0.225059 0.22023 0.214944 0.209235 0.203139 0.196695 0.189944 0.182928 0.175689 0.16827 0.160716 0.153069 0.145371 0.137665 0.12999 0.122384 0.114885 0.107525 0.100337 0.0933487 0.0865863 0.0800723 0.0738267 0.0678661 0.0622043 0.0568521 0.0518176 0.0471064 0.0427217 0.0386646 0.0349342 0.0315284 0.0284435 0.025675 0.0232177 0.0210661 0.0192146 0.0176577 0.0163904 0.0154085 0.0147081 0.0142874 
0.0154973 0.0156435 0.0160916 0.016844 0.0179037 0.0192747 0.0209617 0.0229701 0.0253058 0.0279747 0.0309826 0.0343349 0.0380362 0.04209 0.0464985 0.0512619 0.0563787 0.0618448 0.0676538 0.0737961 0.0802597 0.0870289 0.0940851 0.101406 0.108968 0.116741 0.124694 0.132794 0.141002 0.14928 0.157587 0.165878 0.17411 0.182237 0.190212 0.197989 0.205522 0.212765 0.219674 0.226206 0.232319 0.237976 0.243139 0.247776 0.251857 0.255355 0.258247 0.260515 0.262143 0.263121 0.263442 0.263105 0.262111 0.260468 0.258185 0.255279 0.251768 0.247675 0.243027 0.237853 0.232189 0.226068 0.219532 0.21262 0.205375 0.197843 0.190068 0.182097 0.173976 0.165752 0.157469 0.149173 0.140906 0.13271 0.124625 0.116685 0.108927 0.10138 0.094073 0.087031 0.0802753 0.0738246 0.067694 0.0618956 0.0564388 0.0513298 0.0465725 0.0421686 0.0381176 0.0344175 0.0310646 0.0280546 0.025382 0.0230411 0.0210262 0.0193316 0.017952 0.0168829 0.0161204 0.0156625 
0.016938 0.0170973 0.0175845 0.0184022 0.0195535 0.0210426 0.0228743 0.0250545 0.027589 0.0304842 0.0337458 0.0373794 0.0413895 0.0457797 0.0505516 0.0557053 0.0612386 0.0671466 0.0734219 0.0800539 0.0870289 0.0943298 0.101936 0.109824 0.117966 0.126331 0.134886 0.143593 0.152412 0.161302 0.170218 0.179113 0.187939 0.196649 0.205192 0.213519 0.221581 0.22933 0.236718 0.243701 0.250234 0.256277 0.261791 0.266742 0.271098 0.274831 0.277917 0.280336 0.282072 0.283115 0.283457 0.283097 0.282036 0.280282 0.277846 0.274745 0.270996 0.266627 0.261663 0.256137 0.250084 0.243543 0.236554 0.229162 0.22141 0.213348 0.205022 0.196483 0.187779 0.17896 0.170074 0.161169 0.152291 0.143485 0.134792 0.126252 0.117903 0.109777 0.101905 0.094314 0.0870282 0.0800675 0.0734488 0.0671856 0.0612883 0.0557643 0.0506181 0.045852 0.0414658 0.0374579 0.0338247 0.0305617 0.0276635 0.0251244 0.0229382 0.0210992 0.0196018 0.0184412 0.0176136 0.0171167 
0.0184547 0.0186277 0.0191558 0.0200417 0.0212887 0.0229011 0.024884 0.0272434 0.0299854 0.0331164 0.0366424 0.040569 0.0449008 0.0496408 0.0547907 0.06035 0.0663158 0.0726824 0.0794412 0.0865806 0.0940851 0.101936 0.110111 0.118584 0.127325 0.136301 0.145476 0.154808 0.164256 0.173775 0.183316 0.19283 0.202266 0.211573 0.220698 0.229587 0.238191 0.246456 0.254334 0.261776 0.268737 0.275173 0.281045 0.286315 0.290951 0.294922 0.298205 0.300778 0.302625 0.303733 0.304097 0.303713 0.302585 0.300718 0.298127 0.294826 0.290837 0.286185 0.2809 0.275015 0.268568 0.261597 0.254147 0.246264 0.237995 0.229391 0.220502 0.21138 0.202079 0.192649 0.183144 0.173614 0.164108 0.154674 0.145356 0.136198 0.127239 0.118515 0.110059 0.101901 0.0940666 0.0865779 0.0794535 0.0727083 0.066354 0.0603989 0.0548486 0.0497058 0.044971 0.0406426 0.0367174 0.0331909 0.0300576 0.0273117 0.0249468 0.022957 0.0213366 0.0200807 0.0191851 0.0186475 
0.0200439 0.0202312 0.0208018 0.0217587 0.0231052 0.0248458 0.0269858 0.0295314 0.0324888 0.0358646 0.0396649 0.0438954 0.0485603 0.0536627 0.0592039 0.0651826 0.0715954 0.0784357 0.0856936 0.0933562 0.101406 0.109824 0.118584 0.127659 0.137015 0.146618 0.156428 0.166401 0.176493 0.186655 0.196835 0.206981 0.21704 0.226955 0.236672 0.246134 0.255288 0.264078 0.272453 0.280361 0.287756 0.294591 0.300825 0.306418 0.311337 0.315551 0.319033 0.321761 0.323719 0.324894 0.325279 0.324872 0.323675 0.321695 0.318946 0.315444 0.311211 0.306275 0.300664 0.294416 0.287567 0.280162 0.272244 0.263862 0.255067 0.245911 0.236449 0.226734 0.216824 0.206772 0.196635 0.186465 0.176317 0.166239 0.156282 0.146489 0.136904 0.127566 0.11851 0.109768 0.101369 0.0933359 0.0856898 0.0784472 0.0716208 0.0652203 0.059252 0.0537194 0.0486235 0.0439631 0.0397352 0.0359353 0.0325581 0.0295975 0.0270471 0.0249007 0.0231526 0.0217975 0.0208312 0.0202513 
0.0217014 0.0219034 0.0225182 0.0235486 0.0249981 0.0268713 0.0291738 0.0319118 0.0350918 0.0387206 0.0428042 0.0473481 0.0523567 0.0578328 0.0637769 0.0701875 0.0770602 0.0843874 0.0921581 0.100358 0.108968 0.117966 0.127325 0.137015 0.147001 0.157244 0.167702 0.17833 0.189077 0.199893 0.210724 0.221512 0.232202 0.242735 0.253052 0.263095 0.272805 0.282126 0.291003 0.299382 0.307215 0.314452 0.32105 0.32697 0.332174 0.336631 0.340313 0.343198 0.345268 0.34651 0.346917 0.346486 0.34522 0.343126 0.340218 0.336514 0.332036 0.326812 0.320874 0.314259 0.307007 0.299162 0.290771 0.281886 0.272559 0.262845 0.252802 0.242486 0.231957 0.221274 0.210494 0.199674 0.188872 0.178139 0.167528 0.157088 0.146864 0.136897 0.127227 0.117888 0.10891 0.100319 0.092137 0.0843833 0.0770716 0.0702128 0.0638142 0.0578801 0.052412 0.0474092 0.0428689 0.0387869 0.0351576 0.0319752 0.029233 0.0269248 0.0250445 0.0235868 0.0225474 0.0219238 
0.0234219 0.0236392 0.0242994 0.0254055 0.0269611 0.0289709 0.0314407 0.0343768 0.0377859 0.0416747 0.0460494 0.0509154 0.0562769 0.0621362 0.0684936 0.0753468 0.0826904 0.0905159 0.0988109 0.107559 0.116741 0.126331 0.136301 0.146618 0.157244 0.168138 0.179255 0.190546 0.201958 0.213437 0.224926 0.236364 0.247692 0.258849 0.269771 0.280398 0.290669 0.300524 0.309905 0.318758 0.32703 0.334671 0.341635 0.347881 0.353371 0.358071 0.361954 0.364996 0.367178 0.368487 0.368915 0.368461 0.367125 0.364918 0.361851 0.357944 0.353221 0.34771 0.341443 0.334461 0.326803 0.318517 0.309652 0.30026 0.290398 0.280122 0.269493 0.258571 0.247418 0.236096 0.224666 0.213189 0.201723 0.190326 0.179052 0.167954 0.15708 0.146474 0.136179 0.12623 0.116661 0.1075 0.0987713 0.0904949 0.0826867 0.0753586 0.0685191 0.0621732 0.0563233 0.050969 0.0461079 0.0417358 0.0378475 0.0344369 0.0314974 0.0290226 0.0270063 0.025443 0.0243284 0.0236597 
0.0251993 0.0254324 0.0261392 0.0273229 0.0289873 0.0311371 0.0337783 0.0369173 0.0405609 0.0447159 0.0493884 0.0545837 0.0603058 0.0665565 0.0733357 0.0806402 0.0884638 0.0967968 0.105625 0.114932 0.124694 0.134886 0.145476 0.156428 0.167702 0.179255 0.191038 0.202999 0.215082 0.227229 0.239381 0.251473 0.263443 0.275225 0.286755 0.297969 0.308801 0.319191 0.329077 0.338403 0.347114 0.355158 0.362487 0.369058 0.374833 0.379776 0.383859 0.387056 0.38935 0.390726 0.391176 0.390698 0.389294 0.386973 0.383748 0.37964 0.374672 0.368873 0.36228 0.35493 0.346868 0.338141 0.328801 0.318903 0.308505 0.297666 0.28645 0.274919 0.263139 0.251175 0.239091 0.22695 0.214816 0.202748 0.190805 0.179042 0.16751 0.156257 0.145327 0.13476 0.124591 0.114851 0.105566 0.096758 0.088444 0.0806376 0.0733483 0.0665823 0.0603424 0.054629 0.0494398 0.0447712 0.0406178 0.0369736 0.0338321 0.0311866 0.0290309 0.0273595 0.0261677 0.0254529 
0.0270265 0.0272757 0.0280302 0.0292932 0.0310685 0.0333612 0.0361772 0.0395231 0.0434057 0.0478317 0.0528074 0.0583379 0.0644266 0.0710753 0.0782829 0.0860456 0.0943561 0.103203 0.112573 0.122444 0.132794 0.143593 0.154808 0.166401 0.17833 0.190546 0.202999 0.215633 0.22839 0.241208 0.254024 0.266771 0.279383 0.291792 0.303929 0.315727 0.327119 0.338042 0.348431 0.358228 0.367374 0.375818 0.38351 0.390404 0.396461 0.401644 0.405925 0.409277 0.411681 0.413123 0.413595 0.413093 0.411621 0.409188 0.405807 0.401499 0.396288 0.390206 0.383288 0.375574 0.36711 0.357945 0.348133 0.337731 0.326798 0.315398 0.303595 0.291457 0.27905 0.266443 0.253703 0.240898 0.228093 0.215352 0.202736 0.190303 0.178108 0.166203 0.154633 0.143442 0.132667 0.122341 0.112493 0.103146 0.0943191 0.0860275 0.0782817 0.0710889 0.0644527 0.058374 0.0528511 0.0478806 0.0434572 0.0395751 0.0362276 0.0334081 0.0311103 0.0293285 0.0280581 0.0272963 
0.0288958 0.0291614 0.0299642 0.0313077 0.0331958 0.0356335 0.0386269 0.0421826 0.0463076 0.0510085 0.0562914 0.0621612 0.0686211 0.0756722 0.0833129 0.0915384 0.100341 0.109707 0.119621 0.130061 0.141002 0.152412 0.164256 0.176493 0.189077 0.201958 0.215082 0.22839 0.24182 0.255309 0.268787 0.282187 0.295439 0.30847 0.32121 0.333589 0.345537 0.356987 0.367875 0.378137 0.387715 0.396554 0.404604 0.411817 0.418152 0.423573 0.428048 0.431553 0.434065 0.435573 0.436065 0.435541 0.434002 0.431458 0.427924 0.423419 0.417969 0.411607 0.404368 0.396295 0.387433 0.377835 0.367556 0.356654 0.345192 0.333234 0.32085 0.308107 0.295076 0.281829 0.268436 0.254968 0.241493 0.228078 0.214788 0.201685 0.188826 0.176266 0.164054 0.152236 0.140851 0.129936 0.11952 0.10963 0.100286 0.0915041 0.0832972 0.0756729 0.0686359 0.0621875 0.0563267 0.0510502 0.0463532 0.0422298 0.0386735 0.0356775 0.0332355 0.0313417 0.0299914 0.0291819 
0.0307984 0.0310805 0.0319322 0.0333571 0.0353591 0.0379433 0.0411158 0.0448834 0.0492529 0.0542311 0.0598237 0.0660354 0.0728692 0.0803254 0.0884018 0.0970927 0.106389 0.116276 0.126737 0.137747 0.14928 0.161302 0.173775 0.186655 0.199893 0.213437 0.227229 0.241208 0.255309 0.269462 0.283599 0.297647 0.311531 0.325179 0.338516 0.351468 0.363965 0.375936 0.387314 0.398035 0.408038 0.417266 0.425666 0.433192 0.439801 0.445455 0.450121 0.453775 0.456395 0.457966 0.458479 0.457932 0.456328 0.453676 0.44999 0.445292 0.439608 0.432971 0.425417 0.416991 0.407739 0.397715 0.386975 0.375581 0.363596 0.351089 0.338129 0.324789 0.311141 0.297259 0.283218 0.269091 0.25495 0.240865 0.226905 0.213134 0.199613 0.186399 0.173545 0.161099 0.149104 0.137598 0.126614 0.116178 0.106315 0.0970414 0.0883708 0.0803125 0.072872 0.0660513 0.05985 0.0542652 0.0492922 0.0449254 0.0411582 0.037984 0.0353964 0.0333895 0.0319585 0.0311008 
0.0327246 0.0330234 0.0339244 0.0354311 0.0375476 0.040279 0.0436315 0.0476119 0.052227 0.0574833 0.0633867 0.0699413 0.0771496 0.0850115 0.093524 0.10268 0.11247 0.122878 0.133884 0.145464 0.157587 0.170218 0.183316 0.196835 0.210724 0.224926 0.239381 0.254024 0.268787 0.283599 0.298386 0.313072 0.327581 0.341836 0.35576 0.369277 0.382313 0.394795 0.406654 0.417824 0.428242 0.43785 0.446594 0.454426 0.461301 0.467182 0.472035 0.475835 0.478558 0.480192 0.480725 0.480157 0.478489 0.475731 0.471898 0.467012 0.4611 0.454194 0.446333 0.437561 0.427927 0.417486 0.406295 0.394418 0.381921 0.368874 0.355348 0.341419 0.327163 0.312656 0.297975 0.283197 0.268398 0.253651 0.239026 0.224592 0.210413 0.19655 0.183058 0.169988 0.157385 0.14529 0.133738 0.122759 0.112377 0.102612 0.0934772 0.0849845 0.0771398 0.0699461 0.0634034 0.0575093 0.0522594 0.0476482 0.0436693 0.0403161 0.0375822 0.0354617 0.0339496 0.0330435 
0.0346644 0.0349798 0.03593 0.0375186 0.0397496 0.0426282 0.0461606 0.0503536 0.055214 0.0607481 0.0669614 0.073858 0.0814398 0.089706 0.0986527 0.108272 0.118553 0.129478 0.141026 0.15317 0.165878 0.179113 0.19283 0.206981 0.221512 0.236364 0.251473 0.266771 0.282187 0.297647 0.313072 0.328386 0.343507 0.358357 0.372856 0.386924 0.400486 0.413467 0.425796 0.437403 0.448226 0.458204 0.467283 0.475411 0.482546 0.488647 0.493681 0.497622 0.500446 0.50214 0.502694 0.502104 0.500374 0.497514 0.493539 0.48847 0.482336 0.475169 0.46701 0.457902 0.447897 0.437049 0.425419 0.413071 0.400074 0.386498 0.372419 0.357914 0.343062 0.327941 0.312632 0.297215 0.281768 0.266368 0.251088 0.236001 0.221173 0.206668 0.192544 0.178856 0.165651 0.152972 0.140857 0.129338 0.11844 0.108185 0.0985895 0.0896643 0.081417 0.0738514 0.0669682 0.0607654 0.0552391 0.0503839 0.0461936 0.0426615 0.0397813 0.0375472 0.0359542 0.0349996 
0.0366066 0.0369387 0.0379379 0.0396079 0.0419528 0.0449777 0.048689 0.0530933 0.0581972 0.0640071 0.0705282 0.0777641 0.0857161 0.0943829 0.10376 0.113838 0.124604 0.13604 0.148123 0.160825 0.17411 0.187939 0.202266 0.21704 0.232202 0.247692 0.263443 0.279383 0.295439 0.311531 0.327581 0.343507 0.359227 0.374656 0.389715 0.40432 0.418394 0.431859 0.444643 0.456675 0.467889 0.478225 0.487627 0.496043 0.503428 0.509742 0.514951 0.519027 0.521949 0.523701 0.524274 0.523664 0.521875 0.518916 0.514803 0.509559 0.50321 0.495792 0.487344 0.477911 0.467547 0.456305 0.444249 0.431444 0.417961 0.403872 0.389255 0.374189 0.358755 0.343036 0.327114 0.311071 0.29499 0.27895 0.263028 0.247299 0.231833 0.216697 0.201953 0.187655 0.173857 0.160603 0.147932 0.135879 0.124471 0.113733 0.10368 0.0943262 0.0856799 0.0777456 0.0705247 0.0640156 0.0582148 0.0531172 0.0487168 0.045007 0.0419815 0.0396344 0.0379608 0.0369581 
0.0385399 0.0388885 0.0399362 0.0416867 0.0441442 0.0473138 0.0512019 0.0558149 0.0611594 0.0672417 0.0740665 0.081637 0.0899541 0.0990156 0.108816 0.119345 0.130589 0.142528 0.155137 0.168385 0.182237 0.196649 0.211573 0.226955 0.242735 0.258849 0.275225 0.291792 0.30847 0.325179 0.341836 0.358357 0.374656 0.390649 0.406249 0.421374 0.435942 0.449875 0.463098 0.475539 0.487131 0.497812 0.507524 0.516216 0.523841 0.530359 0.535736 0.539943 0.542959 0.544767 0.545358 0.544729 0.542883 0.539829 0.535585 0.530171 0.523617 0.515957 0.507231 0.497487 0.486776 0.475156 0.462689 0.449443 0.43549 0.420905 0.405767 0.390158 0.37416 0.35786 0.341342 0.324691 0.307993 0.291329 0.274782 0.258426 0.242338 0.226584 0.211232 0.196338 0.181958 0.168139 0.154922 0.142345 0.130436 0.119222 0.108719 0.0989437 0.0899042 0.0816064 0.0740523 0.067241 0.0611692 0.0558323 0.0512243 0.0473388 0.0441696 0.0417109 0.0399577 0.0389075 
0.0404523 0.0408171 0.0419125 0.0437423 0.0463104 0.0496222 0.0536839 0.0585019 0.0640828 0.0704323 0.077555 0.0854537 0.0941286 0.103577 0.113792 0.124763 0.136474 0.148904 0.162026 0.175808 0.190212 0.205192 0.220698 0.236672 0.253052 0.269771 0.286755 0.303929 0.32121 0.338516 0.35576 0.372856 0.389715 0.406249 0.422371 0.437995 0.453039 0.467422 0.481066 0.493899 0.505853 0.516863 0.526873 0.535828 0.543683 0.550397 0.555934 0.560265 0.56337 0.565231 0.56584 0.565192 0.563292 0.560149 0.555778 0.550204 0.543453 0.535562 0.526572 0.516529 0.505487 0.493503 0.480643 0.466974 0.45257 0.437508 0.421869 0.405736 0.389195 0.372334 0.35524 0.338001 0.320706 0.303439 0.286283 0.269321 0.252626 0.236274 0.220329 0.204855 0.189908 0.175538 0.161789 0.148699 0.136301 0.124621 0.113678 0.10349 0.094065 0.0854109 0.0775301 0.0704222 0.0640846 0.0585126 0.0537008 0.0496428 0.0463325 0.0437641 0.0419327 0.0408357 
0.0423317 0.0427123 0.0438543 0.0457614 0.0484376 0.0518883 0.0561195 0.0611376 0.0669489 0.0735591 0.0809722 0.0891907 0.0982142 0.108039 0.118657 0.130058 0.142223 0.15513 0.16875 0.18305 0.197989 0.213519 0.229587 0.246134 0.263095 0.280398 0.297969 0.315727 0.333589 0.351468 0.369277 0.386924 0.40432 0.421374 0.437995 0.454098 0.469596 0.484407 0.498454 0.51166 0.523958 0.535283 0.545575 0.554781 0.562854 0.569752 0.575441 0.579891 0.58308 0.584992 0.585617 0.584952 0.583001 0.579772 0.575283 0.569556 0.562619 0.554509 0.545267 0.53494 0.523582 0.511253 0.498018 0.483946 0.469111 0.453593 0.437475 0.42084 0.403779 0.386379 0.368732 0.350929 0.333059 0.31521 0.29747 0.27992 0.262642 0.245709 0.229193 0.213157 0.19766 0.182756 0.16849 0.154904 0.14203 0.129897 0.118527 0.107936 0.0981368 0.0891357 0.0809365 0.0735396 0.0669426 0.0611415 0.0561308 0.0519044 0.0484563 0.0457808 0.043873 0.0427304 
0.0441654 0.0445615 0.0457487 0.0477308 0.0505119 0.0540972 0.0584928 0.0637048 0.0697395 0.0766021 0.0842965 0.0928245 0.102185 0.112374 0.123382 0.135197 0.147801 0.161168 0.175269 0.190068 0.205522 0.221581 0.238191 0.255288 0.272805 0.290669 0.308801 0.327119 0.345537 0.363965 0.382313 0.400486 0.418394 0.435942 0.453039 0.469596 0.485526 0.500744 0.515171 0.528732 0.541355 0.552976 0.563535 0.572978 0.581257 0.58833 0.594162 0.598723 0.601992 0.603951 0.604592 0.603911 0.601911 0.598602 0.594001 0.58813 0.581018 0.572701 0.563221 0.552626 0.540971 0.528315 0.514724 0.500269 0.485026 0.469075 0.452501 0.43539 0.417832 0.39992 0.381745 0.363402 0.344982 0.326577 0.308276 0.290165 0.272326 0.254837 0.23777 0.221194 0.205169 0.18975 0.174987 0.160921 0.147589 0.135019 0.123235 0.112256 0.102094 0.0927573 0.08425 0.0765732 0.0697251 0.0637019 0.0584984 0.0541088 0.0505271 0.0477477 0.0457658 0.044579 
0.045941 0.0463519 0.0475827 0.0496371 0.0525192 0.0562341 0.0607878 0.0661865 0.072436 0.0795414 0.0875061 0.0963315 0.106016 0.116554 0.127937 0.14015 0.153173 0.166981 0.181542 0.196819 0.212765 0.22933 0.246456 0.264078 0.282126 0.300524 0.319191 0.338042 0.356987 0.375936 0.394795 0.413467 0.431859 0.449875 0.467422 0.484407 0.500744 0.516345 0.531131 0.545025 0.557955 0.569854 0.580664 0.590328 0.5988 0.606037 0.612003 0.616668 0.620012 0.622016 0.622671 0.621975 0.61993 0.616546 0.61184 0.605834 0.598558 0.590047 0.580344 0.569498 0.557563 0.544599 0.530674 0.515859 0.500232 0.483872 0.466868 0.449306 0.431279 0.412881 0.394206 0.375351 0.356409 0.337476 0.318642 0.299996 0.281622 0.263602 0.246011 0.228919 0.212389 0.196479 0.181239 0.166714 0.152942 0.139954 0.127774 0.116422 0.105912 0.0962523 0.087449 0.0795032 0.0724136 0.0661767 0.0607878 0.0562412 0.0525309 0.0496515 0.0475983 0.0463689 
0.047646 0.0480711 0.0493434 0.0514669 0.0544454 0.0582841 0.0629889 0.0685656 0.0750201 0.0823571 0.0905796 0.0996885 0.109681 0.120553 0.132291 0.144883 0.158305 0.172532 0.187531 0.20326 0.219674 0.236718 0.254334 0.272453 0.291003 0.309905 0.329077 0.348431 0.367875 0.387314 0.406654 0.425796 0.444643 0.463098 0.481066 0.498454 0.515171 0.531131 0.546252 0.560457 0.573672 0.585832 0.596875 0.606746 0.615397 0.622786 0.628876 0.633639 0.637052 0.639097 0.639767 0.639056 0.636969 0.633516 0.628712 0.622581 0.615152 0.606461 0.596551 0.585471 0.573274 0.560024 0.545787 0.530635 0.514647 0.497906 0.480497 0.462513 0.444045 0.425191 0.406046 0.386708 0.367275 0.347843 0.328506 0.309354 0.290476 0.271954 0.253866 0.236285 0.219276 0.202899 0.187207 0.172247 0.158057 0.14467 0.132113 0.120406 0.109564 0.0995976 0.0905122 0.0823099 0.0749899 0.0685492 0.0629833 0.0582867 0.0544537 0.0514789 0.0493576 0.0480875 
0.049268 0.0497066 0.0510183 0.0532071 0.056277 0.0602328 0.0650804 0.0708257 0.077474 0.0850299 0.0934961 0.102873 0.113157 0.124342 0.136417 0.149366 0.163165 0.177787 0.193196 0.209352 0.226206 0.243701 0.261776 0.280361 0.299382 0.318758 0.338403 0.358228 0.378137 0.398035 0.417824 0.437403 0.456675 0.475539 0.493899 0.51166 0.528732 0.545025 0.560457 0.574949 0.588429 0.600829 0.612088 0.62215 0.630967 0.638496 0.644701 0.649553 0.65303 0.655114 0.655796 0.655073 0.652947 0.64943 0.644536 0.63829 0.63072 0.621863 0.611761 0.600464 0.588026 0.57451 0.559984 0.54452 0.528198 0.511101 0.493318 0.47494 0.456062 0.436782 0.417198 0.39741 0.377518 0.357619 0.33781 0.318185 0.298834 0.279841 0.261287 0.243246 0.225787 0.208971 0.192854 0.177483 0.162899 0.149137 0.136224 0.124182 0.113027 0.102771 0.0934187 0.0849739 0.0774362 0.0708028 0.0650695 0.0602311 0.0562819 0.0532168 0.051031 0.0497224 
0.0507952 0.0512463 0.052595 0.0548451 0.0580005 0.062066 0.0670475 0.0729505 0.0797803 0.0875411 0.0962352 0.105862 0.116419 0.127898 0.140287 0.153569 0.167719 0.18271 0.198503 0.215056 0.232319 0.250234 0.268737 0.287756 0.307215 0.32703 0.347114 0.367374 0.387715 0.408038 0.428242 0.448226 0.467889 0.487131 0.505853 0.523958 0.541355 0.557955 0.573672 0.588429 0.602152 0.614772 0.626228 0.636465 0.645434 0.653091 0.659402 0.664336 0.66787 0.66999 0.670683 0.669948 0.667788 0.664211 0.659236 0.652884 0.645186 0.636176 0.625899 0.614403 0.601745 0.587985 0.573193 0.557443 0.540813 0.523389 0.50526 0.486519 0.467263 0.447589 0.4276 0.407395 0.387078 0.366747 0.346501 0.326437 0.306646 0.287215 0.268227 0.249759 0.231881 0.214656 0.198142 0.182388 0.167437 0.153325 0.140079 0.127725 0.116278 0.10575 0.0961484 0.0874768 0.0797353 0.0729215 0.0670314 0.0620601 0.0580022 0.0548524 0.0526063 0.0512616 
