0.00201193 0.00203313 0.00210278 0.0022216 0.00239057 0.002611 0.00288454 0.0032131 0.00359886 0.00404418 0.00455152 0.00512344 0.00576246 0.00647101 0.00725137 0.00810556 0.00903524 0.0100417 0.0111257 0.0122873 0.0135262 0.0148411 0.01623 0.0176902 0.0192178 0.0208084 0.0224564 0.0241554 0.0258981 0.0276763 0.029481 0.0313025 0.0331304 0.0349535 0.0367605 0.0385393 0.0402779 0.041964 0.0435854 0.04513 0.046586 0.0479421 0.0491875 0.0503123 0.0513073 0.0521642 0.0528759 0.0534365 0.0538413 0.0540867 0.0541709 0.0540929 0.0538536 0.053455 0.0529005 0.0521948 0.051344 0.050355 0.0492361 0.0479965 0.0466461 0.0451956 0.0436564 0.0420402 0.0403591 0.0386252 0.0368507 0.0350479 0.0332285 0.031404 0.0295854 0.0277832 0.026007 0.0242658 0.0225678 0.0209204 0.0193298 0.0178016 0.0163403 0.0149498 0.0136328 0.0123914 0.0112267 0.0101392 0.00912886 0.00819491 0.00733612 0.00655084 0.0058371 0.00519267 0.00461512 0.00410198 0.00365072 0.0032589 0.00292419 0.00264444 0.00241775 0.00224249 0.00211736 0.00204156 
0.00203313 0.00205457 0.00212497 0.00224507 0.00241583 0.00263859 0.002915 0.00324702 0.00363682 0.00408678 0.0045994 0.00517724 0.00582286 0.00653869 0.00732704 0.00818994 0.00912906 0.0101457 0.0112405 0.0124138 0.013665 0.0149929 0.0163955 0.01787 0.0194125 0.0210185 0.0226823 0.0243976 0.0261569 0.0279519 0.0297736 0.0316122 0.0334571 0.0352971 0.0371207 0.0389159 0.0406704 0.0423718 0.0440079 0.0455663 0.0470354 0.0484036 0.0496601 0.0507949 0.0517987 0.0526631 0.0533811 0.0539466 0.0543549 0.0546025 0.0546873 0.0546086 0.0543671 0.053965 0.0534055 0.0526936 0.0518351 0.0508373 0.0497084 0.0484577 0.0470951 0.0456316 0.0440785 0.0424476 0.0407511 0.0390014 0.0372106 0.0353912 0.0335549 0.0317134 0.0298778 0.0280586 0.0262656 0.0245079 0.0227937 0.0211304 0.0195244 0.0179814 0.0165059 0.0151017 0.0137718 0.012518 0.0113417 0.0102434 0.00922289 0.00827951 0.00741203 0.00661877 0.00589775 0.00524671 0.00466323 0.0041448 0.00368888 0.00329301 0.00295483 0.00267217 0.00244313 0.00226605 0.00213963 0.00206304 
0.00210278 0.00212497 0.0021977 0.00232172 0.00249802 0.00272798 0.00301329 0.00335594 0.00375817 0.0042224 0.0047512 0.00534717 0.00601293 0.00675097 0.00756362 0.00845294 0.00942063 0.010468 0.0115957 0.012804 0.0140922 0.0154591 0.0169027 0.0184198 0.0200067 0.0216586 0.0233696 0.0251332 0.0269417 0.0287867 0.0306587 0.0325477 0.0344428 0.0363327 0.0382054 0.0400486 0.0418498 0.0435962 0.0452754 0.0468747 0.0483821 0.0497859 0.0510749 0.0522389 0.0532684 0.054155 0.0548913 0.0554712 0.0558897 0.0561435 0.0562303 0.0561495 0.0559017 0.0554891 0.0549151 0.0541847 0.053304 0.0522804 0.0511222 0.0498388 0.0484407 0.0469388 0.0453448 0.0436708 0.0419293 0.0401329 0.0382942 0.0364256 0.0345396 0.0326479 0.030762 0.0288926 0.0270498 0.025243 0.0234806 0.0217702 0.0201184 0.0185311 0.0170131 0.0155681 0.0141992 0.0129085 0.0116973 0.0105661 0.009515 0.0085431 0.00764923 0.00683169 0.00608848 0.0054173 0.00481567 0.00428104 0.00381082 0.00340247 0.0030536 0.00276199 0.00252568 0.00234298 0.00221256 0.00213357 
0.0022216 0.00224507 0.00232172 0.00245235 0.002638 0.00288008 0.00318036 0.0035409 0.00396403 0.00445226 0.00500824 0.00563468 0.00633425 0.00710954 0.00796294 0.00889655 0.00991211 0.0110109 0.0121936 0.0134604 0.0148105 0.0162427 0.0177546 0.019343 0.021004 0.0227324 0.0245221 0.0263662 0.0282567 0.0301847 0.0321405 0.0341133 0.0360921 0.0380648 0.0400191 0.0419422 0.0438209 0.0456422 0.0473929 0.04906 0.050631 0.0520937 0.0534367 0.0546492 0.0557215 0.0566447 0.0574114 0.058015 0.0584507 0.0587147 0.0588049 0.0587205 0.0584622 0.0580322 0.0574343 0.0566733 0.0557558 0.0546892 0.0534823 0.0521449 0.0506877 0.0491221 0.0474602 0.0457147 0.0438984 0.0420244 0.0401059 0.0381559 0.0361871 0.0342119 0.0322422 0.0302893 0.0283636 0.026475 0.0246322 0.0228433 0.0211153 0.0194541 0.0178649 0.0163518 0.0149178 0.0135653 0.0122958 0.0111098 0.0100073 0.00898765 0.00804955 0.00719131 0.00641086 0.00570586 0.00507376 0.00451191 0.00401763 0.00358831 0.00322146 0.00291478 0.00266623 0.00247408 0.00233691 0.00225387 
0.00239057 0.00241583 0.00249802 0.002638 0.00283684 0.00309604 0.00341745 0.00380325 0.00425587 0.00477795 0.00537226 0.00604163 0.00678885 0.00761662 0.0085274 0.00952337 0.0106063 0.0117774 0.0130375 0.0143865 0.0158236 0.0173474 0.0189552 0.0206438 0.0224087 0.0242444 0.0261445 0.0281015 0.0301069 0.0321513 0.0342242 0.0363146 0.0384104 0.040499 0.0425675 0.0446022 0.0465894 0.0485153 0.050366 0.0521279 0.0537877 0.0553328 0.0567511 0.0580314 0.0591634 0.0601378 0.0609469 0.0615838 0.0620433 0.0623217 0.0624165 0.0623271 0.0620541 0.0616 0.0609684 0.0601648 0.0591957 0.0580692 0.0567943 0.0553814 0.0538417 0.0521871 0.0504304 0.0485848 0.0466639 0.0446815 0.0426514 0.0405873 0.0385027 0.0364106 0.0343237 0.0322537 0.030212 0.0282087 0.0262533 0.0243544 0.0225193 0.0207545 0.0190654 0.0174565 0.0159312 0.014492 0.0131404 0.0118773 0.0107026 0.0096157 0.00861533 0.00769978 0.00686689 0.00611424 0.00543918 0.00483895 0.00431075 0.00385185 0.00345962 0.00313168 0.00286587 0.00266036 0.00251368 0.00242493 
0.002611 0.00263859 0.00272798 0.00288008 0.00309604 0.00337745 0.00372627 0.00414481 0.00463566 0.00520161 0.00584558 0.00657057 0.00737951 0.00827521 0.00926025 0.0103369 0.0115069 0.0127716 0.0141316 0.0155868 0.0171363 0.0187783 0.02051 0.0223278 0.0242266 0.0262007 0.028243 0.0303455 0.0324989 0.034693 0.0369169 0.0391584 0.0414048 0.0436426 0.0458578 0.048036 0.0501627 0.0522229 0.054202 0.0560856 0.0578596 0.0595105 0.0610255 0.0623927 0.0636013 0.0646415 0.0655049 0.0661845 0.0666746 0.0669713 0.0670721 0.0669763 0.0666845 0.0661993 0.0655247 0.0646663 0.0636312 0.0624277 0.0610656 0.0595557 0.05791 0.0561411 0.0542626 0.0522885 0.0502332 0.0481114 0.0459379 0.0437271 0.0414936 0.0392512 0.0370133 0.0347928 0.0326015 0.0304505 0.0283501 0.0263093 0.0243362 0.0224377 0.0206199 0.0188874 0.0172442 0.0156929 0.0142354 0.0128726 0.0116045 0.0104307 0.00934978 0.00836006 0.00745929 0.00664495 0.00591426 0.00526431 0.00469215 0.0041949 0.00376979 0.00341427 0.00312606 0.00290323 0.00274422 0.00264805 
0.00288454 0.002915 0.00301329 0.00318036 0.00341745 0.00372627 0.00410892 0.00456786 0.00510587 0.00572591 0.00643112 0.00722464 0.00810961 0.00908898 0.0101654 0.0113413 0.0126185 0.0139983 0.0154811 0.0170669 0.0187544 0.0205416 0.0224255 0.0244017 0.0264649 0.0286087 0.0308253 0.033106 0.0354406 0.0378183 0.0402268 0.0426533 0.0450838 0.047504 0.0498987 0.0522524 0.0545493 0.0567737 0.0589097 0.0609419 0.0628552 0.0646352 0.0662682 0.0677415 0.0690435 0.0701639 0.0710936 0.0718251 0.0723526 0.0726717 0.0727798 0.0726761 0.0723613 0.0718383 0.0711112 0.070186 0.0690702 0.0677729 0.0663043 0.0646761 0.062901 0.0609926 0.0589654 0.0568343 0.0546149 0.0523228 0.0499739 0.0475838 0.0451681 0.0427418 0.0403193 0.0379144 0.03554 0.0332082 0.03093 0.0287153 0.0265729 0.0245106 0.0225347 0.0206506 0.0188625 0.0171736 0.0155858 0.0141004 0.0127176 0.0114368 0.0102568 0.00917577 0.00819142 0.00730108 0.00650183 0.0057906 0.00516425 0.0046197 0.00415403 0.00376449 0.00344865 0.00320446 0.00303022 0.00292491 
0.0032131 0.00324702 0.00335594 0.0035409 0.00380325 0.00414481 0.00456786 0.00507506 0.00566936 0.00635397 0.00713223 0.00800751 0.00898312 0.0100622 0.0112476 0.0125417 0.0139465 0.0154632 0.0170922 0.0188331 0.0206847 0.0226445 0.0247089 0.0268732 0.0291315 0.0314766 0.0338999 0.0363917 0.0389411 0.041536 0.0441632 0.0468086 0.049457 0.0520928 0.0546996 0.0572606 0.0597588 0.062177 0.0644982 0.0667058 0.0687835 0.0707158 0.0724879 0.0740864 0.0754986 0.0767134 0.0777213 0.0785142 0.0790856 0.0794311 0.0795478 0.0794348 0.079093 0.0785253 0.0777363 0.0767323 0.0755215 0.0741135 0.0725193 0.0707516 0.0688238 0.0667508 0.0645479 0.0622315 0.0598182 0.0573249 0.0547688 0.0521668 0.0495357 0.0468918 0.0442507 0.0416276 0.0390364 0.0364903 0.0340014 0.0315806 0.0292375 0.0269806 0.024817 0.0227529 0.0207927 0.0189402 0.0171977 0.0155665 0.0140471 0.0126389 0.0113409 0.0101511 0.00906716 0.00808622 0.00720522 0.00642088 0.00572987 0.00512889 0.00461478 0.00418462 0.0038358 0.00356608 0.00337366 0.00325743 
0.00359886 0.00363682 0.00375817 0.00396403 0.00425587 0.00463566 0.00510587 0.00566936 0.00632934 0.00708924 0.00795266 0.0089232 0.0100044 0.0111996 0.0125118 0.0139435 0.0154967 0.0171725 0.0189713 0.0208925 0.0229345 0.0250945 0.0273684 0.0297508 0.0322351 0.0348133 0.0374759 0.0402121 0.0430099 0.0458559 0.0487358 0.051634 0.0545341 0.0574188 0.0602703 0.0630704 0.0658006 0.0684422 0.0709769 0.0733865 0.0756535 0.0777611 0.0796935 0.0814359 0.0829749 0.0842985 0.0853962 0.0862596 0.0868816 0.0872574 0.0873839 0.0872603 0.0868874 0.0862684 0.0854081 0.0843136 0.0829934 0.0814579 0.0797193 0.0777908 0.0756873 0.0734247 0.0710195 0.0684896 0.0658527 0.0631275 0.0603323 0.0574858 0.054606 0.0517108 0.0488173 0.0459419 0.0431 0.0403061 0.0375734 0.0349139 0.0323383 0.029856 0.0274749 0.0252019 0.0230421 0.0209997 0.0190773 0.0172768 0.0155986 0.0140424 0.0126071 0.0112907 0.0100908 0.00900436 0.00802811 0.00715857 0.00639217 0.00572537 0.00515477 0.00467722 0.0042899 0.0039904 0.00377677 0.0036478 
0.00404418 0.00408678 0.0042224 0.00445226 0.00477795 0.00520161 0.00572591 0.00635397 0.00708924 0.00793544 0.00889642 0.00997607 0.0111782 0.0125062 0.0139634 0.0155524 0.0172751 0.0191327 0.0211253 0.0232523 0.0255115 0.0278997 0.0304122 0.033043 0.0357845 0.0386279 0.0415625 0.0445764 0.0476564 0.0507876 0.0539543 0.0571393 0.0603246 0.0634914 0.0666202 0.069691 0.0726838 0.0755782 0.0783543 0.0809924 0.0834734 0.0857791 0.0878925 0.0897975 0.0914796 0.092926 0.0941252 0.0950681 0.0957472 0.0961572 0.0962949 0.0961592 0.0957512 0.0950742 0.0941335 0.0929367 0.091493 0.0898137 0.0879118 0.0858018 0.0834997 0.0810226 0.0783887 0.0756171 0.0727274 0.0697395 0.0666737 0.06355 0.0603885 0.0572083 0.0540285 0.0508668 0.0477403 0.0446648 0.041655 0.0387241 0.035884 0.0331452 0.0305165 0.0280055 0.0256182 0.0233592 0.0212317 0.0192378 0.0173783 0.015653 0.0140607 0.0125996 0.011267 0.0100597 0.00897443 0.00800731 0.00715453 0.0064123 0.00577694 0.00524505 0.00481358 0.00447992 0.00424196 0.00409839 
0.00455152 0.0045994 0.0047512 0.00500824 0.00537226 0.00584558 0.00643112 0.00713223 0.00795266 0.00889642 0.00996767 0.0111706 0.0125092 0.0139872 0.015608 0.0173743 0.0192881 0.0213504 0.0235614 0.0259198 0.0284232 0.0310679 0.0338485 0.0367582 0.0397884 0.0429291 0.0461687 0.0494938 0.0528897 0.0563402 0.0598276 0.0633332 0.0668373 0.0703192 0.0737575 0.0771305 0.0804162 0.0835925 0.0866376 0.0895302 0.0922495 0.0947759 0.0970907 0.0991767 0.101018 0.102601 0.103913 0.104944 0.105687 0.106135 0.106285 0.106136 0.105689 0.104947 0.103917 0.102607 0.101025 0.0991861 0.0971025 0.0947904 0.0922671 0.0895513 0.0866625 0.0836216 0.0804499 0.077169 0.0738011 0.0703681 0.0668917 0.0633932 0.0598931 0.0564112 0.0529662 0.0495754 0.0462551 0.04302 0.0398833 0.0368565 0.0339498 0.0311715 0.0285284 0.0260258 0.0236675 0.021456 0.0193922 0.0174763 0.0157071 0.0140827 0.0126003 0.0112568 0.0100483 0.0089709 0.00802049 0.00719296 0.00648436 0.00589101 0.00540959 0.00503727 0.00477177 0.00461168 
0.00512344 0.00517724 0.00534717 0.00563468 0.00604163 0.00657057 0.00722464 0.00800751 0.0089232 0.00997607 0.0111706 0.0125112 0.0140022 0.0156477 0.017451 0.0194151 0.0215418 0.0238322 0.0262861 0.028902 0.031677 0.0346068 0.0376851 0.0409043 0.0442547 0.0477252 0.0513027 0.0549724 0.0587179 0.0625214 0.0663634 0.0702233 0.0740794 0.077909 0.0816888 0.085395 0.0890035 0.0924903 0.0958317 0.0990044 0.101986 0.104755 0.107291 0.109576 0.111593 0.113325 0.114761 0.11589 0.116702 0.117192 0.117355 0.117192 0.116702 0.115889 0.114761 0.113325 0.111593 0.109578 0.107295 0.10476 0.101994 0.0990151 0.0958458 0.0925083 0.0890258 0.0854221 0.0817211 0.0779467 0.0741229 0.0702727 0.0664188 0.0625829 0.0587855 0.0550458 0.0513817 0.0478095 0.0443439 0.0409978 0.0377824 0.0347072 0.0317799 0.0290065 0.0263915 0.0239376 0.0216465 0.0195181 0.0175517 0.0157451 0.0140956 0.0125998 0.0112538 0.0100531 0.0089936 0.00807069 0.00728016 0.00661802 0.0060807 0.00566513 0.00536881 0.00519024 
0.00576246 0.00582286 0.00601293 0.00633425 0.00678885 0.00737951 0.00810961 0.00898312 0.0100044 0.0111782 0.0125092 0.0140022 0.0156619 0.0174925 0.0194976 0.02168 0.0240418 0.0265839 0.0293057 0.0322054 0.0352796 0.038523 0.0419288 0.0454882 0.0491905 0.053023 0.0569712 0.0610187 0.0651474 0.0693375 0.0735676 0.077815 0.0820559 0.0862654 0.0904181 0.0944879 0.0984485 0.102274 0.105938 0.109416 0.112683 0.115716 0.118494 0.120995 0.123201 0.125097 0.126668 0.127902 0.12879 0.129325 0.129504 0.129324 0.128787 0.127898 0.126663 0.125091 0.123195 0.120988 0.118488 0.115711 0.11268 0.109415 0.10594 0.102279 0.0984581 0.094502 0.0904374 0.0862904 0.0820868 0.0778522 0.0736113 0.0693879 0.0652045 0.0610825 0.0570414 0.0530994 0.0492727 0.0455757 0.0420211 0.0386193 0.0353792 0.0323076 0.0294096 0.0266886 0.0241465 0.0217837 0.0195994 0.0175915 0.0157573 0.0140931 0.0125948 0.0112578 0.0100773 0.00904873 0.0081674 0.00742901 0.00682971 0.00636615 0.00603567 0.00583659 
0.00647101 0.00653869 0.00675097 0.00710954 0.00761662 0.00827521 0.00908898 0.0100622 0.0111996 0.0125062 0.0139872 0.0156477 0.0174925 0.0195261 0.0217523 0.0241741 0.0267934 0.0296108 0.0326256 0.0358355 0.0392363 0.0428222 0.0465853 0.0505155 0.054601 0.0588276 0.0631791 0.0676373 0.0721823 0.0767921 0.0814433 0.086111 0.0907689 0.0953899 0.0999462 0.104409 0.108751 0.112942 0.116955 0.120762 0.124337 0.127655 0.130693 0.133427 0.135839 0.13791 0.139626 0.140974 0.141943 0.142527 0.142721 0.142524 0.141937 0.140965 0.139615 0.137897 0.135824 0.133411 0.130676 0.127639 0.124322 0.120748 0.116943 0.112933 0.108746 0.104409 0.0999509 0.0954004 0.0907856 0.0861344 0.0814738 0.0768298 0.0722274 0.0676899 0.063239 0.0588946 0.0546748 0.0505957 0.0466712 0.0429133 0.0393317 0.0359344 0.0327272 0.0297141 0.0268974 0.0242779 0.0218549 0.0196264 0.0175895 0.0157406 0.014075 0.0125882 0.0112749 0.0101302 0.00914898 0.00832673 0.00765924 0.0071429 0.00677481 0.00655319 
0.00725137 0.00732704 0.00756362 0.00796294 0.0085274 0.00926025 0.0101654 0.0112476 0.0125118 0.0139634 0.015608 0.017451 0.0194976 0.0217523 0.0242193 0.0269014 0.0298005 0.0329171 0.03625 0.0397964 0.0435515 0.0475085 0.0516583 0.0559898 0.0604896 0.0651419 0.0699289 0.0748303 0.0798241 0.0848862 0.0899908 0.0951106 0.100217 0.10528 0.11027 0.115155 0.119905 0.124488 0.128875 0.133035 0.13694 0.140563 0.143878 0.146862 0.149493 0.151752 0.153623 0.155092 0.156148 0.156785 0.156996 0.15678 0.156139 0.155079 0.153606 0.151731 0.149469 0.146836 0.14385 0.140534 0.136911 0.133007 0.128848 0.124464 0.119884 0.115139 0.110258 0.105274 0.100218 0.0951184 0.0900061 0.0849095 0.0798555 0.07487 0.0699768 0.065198 0.0605535 0.0560612 0.0517365 0.0475929 0.0436415 0.039891 0.0363483 0.0330181 0.0299031 0.0270046 0.0243219 0.0218533 0.0195958 0.0175455 0.0156978 0.0140475 0.0125893 0.0113178 0.0102276 0.00931372 0.00857173 0.00799773 0.00758856 0.00734231 
0.00810556 0.00818994 0.00845294 0.00889655 0.00952337 0.0103369 0.0113413 0.0125417 0.0139435 0.0155524 0.0173743 0.0194151 0.02168 0.0241741 0.0269014 0.0298649 0.0330663 0.0365058 0.0401818 0.0440909 0.0482275 0.0525838 0.0571496 0.0619124 0.0668572 0.0719664 0.0772203 0.0825966 0.0880709 0.0936169 0.0992063 0.104809 0.110394 0.115929 0.121381 0.126716 0.131901 0.136902 0.141686 0.146221 0.150476 0.154423 0.158033 0.161282 0.164145 0.166603 0.168639 0.170237 0.171385 0.172077 0.172305 0.17207 0.171373 0.170218 0.168615 0.166575 0.164112 0.161245 0.157993 0.154381 0.150433 0.146177 0.141643 0.136861 0.131863 0.126682 0.121352 0.115906 0.110377 0.1048 0.0992048 0.0936239 0.0880868 0.0826216 0.0772545 0.0720098 0.0669096 0.0619734 0.0572187 0.0526604 0.0483108 0.04418 0.0402757 0.0366034 0.0331666 0.0299666 0.0270034 0.0242752 0.021779 0.0195107 0.0174656 0.0156383 0.014023 0.0126139 0.0114054 0.0103922 0.00956934 0.00893272 0.00847896 0.00820598 
0.00903524 0.00912906 0.00942063 0.00991211 0.0106063 0.0115069 0.0126185 0.0139465 0.0154967 0.0172751 0.0192881 0.0215418 0.0240418 0.0267934 0.0298005 0.0330663 0.0365922 0.0403781 0.044422 0.0487197 0.0532647 0.0580481 0.0630586 0.0682819 0.0737016 0.079298 0.0850495 0.0909314 0.0969171 0.102978 0.109082 0.115197 0.12129 0.127325 0.133267 0.139078 0.144723 0.150165 0.155369 0.1603 0.164926 0.169214 0.173135 0.176662 0.179771 0.182439 0.184647 0.186381 0.187626 0.188376 0.188624 0.188368 0.18761 0.186357 0.184617 0.182401 0.179727 0.176614 0.173082 0.169157 0.164867 0.16024 0.155309 0.150106 0.144666 0.139025 0.133218 0.127283 0.121254 0.115169 0.109062 0.102966 0.0969156 0.09094 0.0850683 0.0793271 0.0737408 0.068331 0.063117 0.0581153 0.0533398 0.0488019 0.0445103 0.0404713 0.0366892 0.0331657 0.0299011 0.0268938 0.0241409 0.0216381 0.0193805 0.0173624 0.0155778 0.0140204 0.0126844 0.0115639 0.0106538 0.00994958 0.00944769 0.00914587 
0.0100417 0.0101457 0.010468 0.0110109 0.0117774 0.0127716 0.0139983 0.0154632 0.0171725 0.0191327 0.0213504 0.0238322 0.0265839 0.0296108 0.0329171 0.0365058 0.0403781 0.0445336 0.0489696 0.0536811 0.0586608 0.0638986 0.0693815 0.075094 0.0810175 0.0871305 0.093409 0.0998261 0.106353 0.112957 0.119605 0.126261 0.13289 0.139452 0.145908 0.152221 0.158349 0.164255 0.1699 0.175246 0.18026 0.184906 0.189153 0.192973 0.196338 0.199225 0.201615 0.20349 0.204837 0.205647 0.205914 0.205637 0.204817 0.20346 0.201576 0.199178 0.196283 0.192911 0.189086 0.184834 0.180184 0.175169 0.169821 0.164176 0.158272 0.152147 0.145839 0.139388 0.132832 0.126212 0.119564 0.112926 0.106332 0.0998164 0.0934105 0.0871434 0.0810417 0.0751294 0.0694276 0.0639548 0.0587264 0.0537551 0.049051 0.0446212 0.0404706 0.0366019 0.0330154 0.0297098 0.0266823 0.0239285 0.0214434 0.019221 0.0172548 0.0155385 0.0140656 0.01283 0.0118263 0.0110496 0.010496 0.0101632 
0.0111257 0.0112405 0.0115957 0.0121936 0.0130375 0.0141316 0.0154811 0.0170922 0.0189713 0.0211253 0.0235614 0.0262861 0.0293057 0.0326256 0.03625 0.0401818 0.044422 0.0489696 0.0538213 0.0589713 0.0644112 0.0701294 0.0761118 0.0823407 0.0887958 0.0954534 0.102287 0.109267 0.116363 0.123538 0.130757 0.137981 0.145171 0.152285 0.159281 0.166117 0.172751 0.17914 0.185245 0.191026 0.196443 0.201463 0.206049 0.210173 0.213804 0.21692 0.219498 0.22152 0.222973 0.223846 0.224134 0.223834 0.222949 0.221485 0.219452 0.216864 0.213739 0.210098 0.205968 0.201375 0.196351 0.190929 0.185147 0.179041 0.172652 0.166021 0.159188 0.152198 0.145091 0.137909 0.130694 0.123485 0.116321 0.109238 0.10227 0.0954484 0.0888033 0.0823607 0.0761439 0.0701731 0.0644656 0.0590356 0.0538944 0.0490502 0.0445089 0.0402735 0.036345 0.0327224 0.0294027 0.0263818 0.0236543 0.0212141 0.0190545 0.0171686 0.0155497 0.0141913 0.0130875 0.0122334 0.0116246 0.0112588 
0.0122873 0.0124138 0.012804 0.0134604 0.0143865 0.0155868 0.0170669 0.0188331 0.0208925 0.0232523 0.0259198 0.028902 0.0322054 0.0358355 0.0397964 0.0440909 0.0487197 0.0536811 0.0589713 0.0645835 0.0705079 0.0767318 0.0832391 0.0900106 0.0970236 0.104252 0.111668 0.119238 0.126928 0.1347 0.142515 0.150332 0.158106 0.165795 0.173352 0.180733 0.187892 0.194784 0.201367 0.207597 0.213434 0.218839 0.223777 0.228215 0.232123 0.235474 0.238247 0.240421 0.241983 0.242921 0.24323 0.242907 0.241955 0.24038 0.238192 0.235408 0.232045 0.228127 0.22368 0.218734 0.213322 0.20748 0.201247 0.194663 0.187771 0.180613 0.173236 0.165684 0.158002 0.150235 0.142428 0.134624 0.126863 0.119186 0.111629 0.104227 0.0970126 0.0900134 0.0832555 0.0767612 0.0705496 0.0646366 0.0590347 0.0537535 0.0487997 0.0441771 0.0398871 0.035929 0.0323001 0.0289963 0.026012 0.0233409 0.020976 0.0189102 0.0171363 0.0156474 0.0144375 0.013501 0.0128337 0.0124328 
0.0135262 0.013665 0.0140922 0.0148105 0.0158236 0.0171363 0.0187544 0.0206847 0.0229345 0.0255115 0.0284232 0.031677 0.0352796 0.0392363 0.0435515 0.0482275 0.0532647 0.0586608 0.0644112 0.0705079 0.07694 0.0836932 0.0907496 0.0980881 0.105684 0.113508 0.12153 0.129714 0.138023 0.146416 0.15485 0.163281 0.171662 0.179946 0.188084 0.196028 0.20373 0.211142 0.218217 0.22491 0.231179 0.236982 0.242282 0.247043 0.251235 0.254829 0.257801 0.260132 0.261806 0.262811 0.263142 0.262795 0.261774 0.260085 0.257739 0.254752 0.251145 0.246941 0.242169 0.23686 0.231049 0.224774 0.218076 0.210998 0.203585 0.195884 0.187943 0.179809 0.171532 0.163159 0.154737 0.146314 0.137934 0.129639 0.121469 0.113462 0.105652 0.098072 0.0907486 0.0837067 0.0769674 0.0705482 0.0644634 0.0587236 0.0533365 0.0483069 0.0436367 0.0393256 0.0353711 0.0317691 0.028514 0.0255993 0.0230178 0.020762 0.0188243 0.0171976 0.0158754 0.0148519 0.0141226 0.0136846 
0.0148411 0.0149929 0.0154591 0.0162427 0.0173474 0.0187783 0.0205416 0.0226445 0.0250945 0.0278997 0.0310679 0.0346068 0.038523 0.0428222 0.0475085 0.0525838 0.0580481 0.0638986 0.0701294 0.0767318 0.0836932 0.0909977 0.0986257 0.106554 0.114755 0.123197 0.131848 0.140668 0.149617 0.158652 0.167726 0.176791 0.185798 0.194695 0.203432 0.211956 0.220215 0.22816 0.235741 0.24291 0.249621 0.255831 0.261501 0.266594 0.271075 0.274917 0.278094 0.280585 0.282373 0.283447 0.283799 0.283428 0.282337 0.280531 0.278023 0.27483 0.270973 0.266477 0.261372 0.255691 0.249471 0.242752 0.235577 0.227992 0.220045 0.211786 0.203264 0.194532 0.185641 0.176642 0.167587 0.158524 0.149502 0.140567 0.131762 0.123128 0.114701 0.106517 0.0986055 0.0909936 0.0837046 0.0767578 0.070169 0.0639503 0.0581105 0.0526552 0.0475871 0.0429062 0.0386105 0.0346958 0.0311565 0.0279861 0.025177 0.0227214 0.0206116 0.0188399 0.0173996 0.0162847 0.0154901 0.0150131 
0.01623 0.0163955 0.0169027 0.0177546 0.0189552 0.02051 0.0224255 0.0247089 0.0273684 0.0304122 0.0338485 0.0376851 0.0419288 0.0465853 0.0516583 0.0571496 0.0630586 0.0693815 0.0761118 0.0832391 0.0907496 0.0986257 0.106846 0.115384 0.12421 0.133292 0.142591 0.152067 0.161676 0.171371 0.181102 0.190819 0.200468 0.209994 0.219343 0.22846 0.23729 0.24578 0.253876 0.26153 0.268692 0.275318 0.281365 0.286794 0.291571 0.295665 0.299049 0.301702 0.303606 0.304749 0.305125 0.304729 0.303566 0.301642 0.29897 0.295567 0.291456 0.286663 0.281219 0.275159 0.268522 0.261351 0.25369 0.245588 0.237095 0.228264 0.219148 0.209803 0.200282 0.190642 0.180935 0.171215 0.161533 0.151939 0.142479 0.133197 0.124133 0.115325 0.106805 0.0986024 0.0907436 0.0832493 0.0761372 0.0694208 0.0631101 0.0572118 0.0517292 0.0466629 0.0420112 0.0377701 0.0339342 0.0304965 0.0274495 0.024785 0.022495 0.0205717 0.0190077 0.0177969 0.0169341 0.0164162 
0.0176902 0.01787 0.0184198 0.019343 0.0206438 0.0223278 0.0244017 0.0268732 0.0297508 0.033043 0.0367582 0.0409043 0.0454882 0.0505155 0.0559898 0.0619124 0.0682819 0.075094 0.0823407 0.0900106 0.0980881 0.106554 0.115384 0.12455 0.13402 0.143758 0.153723 0.163872 0.174157 0.184528 0.194932 0.205315 0.215618 0.225786 0.235759 0.24548 0.25489 0.263933 0.272554 0.2807 0.288319 0.295365 0.301794 0.307564 0.312639 0.316988 0.320582 0.323399 0.32542 0.326634 0.327032 0.326612 0.325376 0.323332 0.320494 0.31688 0.312512 0.307419 0.301632 0.295189 0.28813 0.280499 0.272344 0.263717 0.254669 0.245257 0.235537 0.225566 0.215404 0.205108 0.194735 0.184343 0.173986 0.163716 0.153584 0.143637 0.133918 0.124467 0.11532 0.10651 0.098063 0.0900035 0.0823506 0.0751195 0.0683214 0.0619641 0.0560518 0.0505857 0.0455645 0.0409844 0.03684 0.0331244 0.0298299 0.026948 0.0244704 0.022389 0.0206962 0.0193855 0.0184516 0.0178911 
0.0192178 0.0194125 0.0200067 0.021004 0.0224087 0.0242266 0.0264649 0.0291315 0.0322351 0.0357845 0.0397884 0.0442547 0.0491905 0.054601 0.0604896 0.0668572 0.0737016 0.0810175 0.0887958 0.0970236 0.105684 0.114755 0.12421 0.13402 0.144149 0.154558 0.165204 0.17604 0.187014 0.198074 0.209163 0.220222 0.231191 0.24201 0.252616 0.262948 0.272945 0.282548 0.291698 0.30034 0.308421 0.315891 0.322704 0.328817 0.334192 0.338797 0.342602 0.345584 0.347723 0.349007 0.349428 0.348983 0.347675 0.345511 0.342506 0.338679 0.334053 0.328657 0.322526 0.315696 0.308212 0.300118 0.291465 0.282307 0.272698 0.262698 0.252365 0.241761 0.230947 0.219985 0.208935 0.197859 0.186813 0.175855 0.165037 0.15441 0.14402 0.133912 0.124123 0.114688 0.105638 0.0969978 0.0887887 0.0810277 0.0737276 0.0668971 0.0605415 0.0546627 0.0492596 0.0443291 0.0398656 0.0358624 0.0323115 0.0292044 0.0265323 0.024287 0.0224606 0.0210463 0.0200386 0.019434 
0.0208084 0.0210185 0.0216586 0.0227324 0.0242444 0.0262007 0.0286087 0.0314766 0.0348133 0.0386279 0.0429291 0.0477252 0.053023 0.0588276 0.0651419 0.0719664 0.079298 0.0871305 0.0954534 0.104252 0.113508 0.123197 0.133292 0.143758 0.154558 0.165651 0.176989 0.188522 0.200196 0.211954 0.223736 0.23548 0.247122 0.258597 0.269842 0.28079 0.291378 0.301544 0.311226 0.320367 0.32891 0.336805 0.344002 0.350459 0.356135 0.360996 0.365012 0.368158 0.370416 0.37177 0.372214 0.371744 0.370363 0.36808 0.364908 0.360868 0.355984 0.350286 0.343809 0.336592 0.328681 0.320123 0.31097 0.301278 0.291105 0.280512 0.269562 0.258319 0.246847 0.235212 0.223478 0.211708 0.199964 0.188306 0.176792 0.165473 0.154402 0.143623 0.13318 0.123108 0.113441 0.104206 0.0954281 0.0871244 0.0793095 0.0719935 0.0651827 0.0588796 0.0530841 0.0477929 0.043001 0.0387014 0.0348863 0.0315469 0.0286743 0.0262599 0.0242956 0.0227744 0.0216904 0.0210403 
0.0224564 0.0226823 0.0233696 0.0245221 0.0261445 0.028243 0.0308253 0.0338999 0.0374759 0.0415625 0.0461687 0.0513027 0.0569712 0.0631791 0.0699289 0.0772203 0.0850495 0.093409 0.102287 0.111668 0.12153 0.131848 0.142591 0.153723 0.165204 0.176989 0.189027 0.201265 0.213646 0.226108 0.238588 0.251021 0.26334 0.275476 0.287361 0.298927 0.310107 0.320836 0.33105 0.340688 0.349694 0.358012 0.365593 0.372392 0.378367 0.383483 0.387708 0.391018 0.393393 0.394817 0.395284 0.394789 0.393336 0.390934 0.387597 0.383345 0.378204 0.372205 0.365384 0.357782 0.349445 0.340423 0.330771 0.320545 0.309808 0.298622 0.287053 0.275168 0.263035 0.250723 0.238299 0.22583 0.213382 0.201019 0.188799 0.176782 0.165019 0.153561 0.142453 0.131734 0.121439 0.111601 0.102242 0.0933852 0.0850451 0.0772334 0.0699574 0.0632206 0.0570232 0.0513628 0.0462343 0.041631 0.0375449 0.0339671 0.0308887 0.0283006 0.0261947 0.0245636 0.0234013 0.0227044 
0.0241554 0.0243976 0.0251332 0.0263662 0.0281015 0.0303455 0.033106 0.0363917 0.0402121 0.0445764 0.0494938 0.0549724 0.0610187 0.0676373 0.0748303 0.0825966 0.0909314 0.0998261 0.109267 0.119238 0.129714 0.140668 0.152067 0.163872 0.17604 0.188522 0.201265 0.214213 0.227303 0.240472 0.253653 0.266776 0.279772 0.292567 0.305092 0.317274 0.329044 0.340334 0.351076 0.36121 0.370673 0.379412 0.387373 0.394511 0.400782 0.40615 0.410583 0.414055 0.416545 0.418039 0.418528 0.418008 0.416485 0.413965 0.410464 0.406003 0.400608 0.394311 0.387149 0.379165 0.370406 0.360924 0.350775 0.340019 0.32872 0.316942 0.304756 0.29223 0.279437 0.266447 0.253332 0.240163 0.227008 0.213934 0.201006 0.188284 0.175825 0.163682 0.151902 0.140528 0.1296 0.119148 0.109202 0.0997837 0.0909102 0.0825947 0.0748456 0.0676673 0.0610609 0.0550241 0.0495524 0.0446392 0.0402765 0.0364553 0.0331665 0.030401 0.0281503 0.0264069 0.0251646 0.0244198 
0.0258981 0.0261569 0.0269417 0.0282567 0.0301069 0.0324989 0.0354406 0.0389411 0.0430099 0.0476564 0.0528897 0.0587179 0.0651474 0.0721823 0.0798241 0.0880709 0.0969171 0.106353 0.116363 0.126928 0.138023 0.149617 0.161676 0.174157 0.187014 0.200196 0.213646 0.227303 0.241103 0.254978 0.268858 0.282669 0.296338 0.30979 0.32295 0.335744 0.348099 0.359943 0.371209 0.381831 0.391748 0.400901 0.409238 0.416709 0.423272 0.428888 0.433525 0.437155 0.439759 0.441321 0.441832 0.441289 0.439696 0.43706 0.433399 0.428732 0.423087 0.416497 0.408999 0.400639 0.391463 0.381526 0.370887 0.359606 0.347749 0.335386 0.322586 0.309424 0.295973 0.282309 0.268505 0.254637 0.240776 0.226993 0.213355 0.199927 0.186769 0.173938 0.161483 0.149451 0.137883 0.126815 0.116276 0.10629 0.0968781 0.0880531 0.0798253 0.0721999 0.0651789 0.0587605 0.0529406 0.0477128 0.0430691 0.0390006 0.035498 0.032552 0.030154 0.0282963 0.0269726 0.0261791 
0.0276763 0.0279519 0.0287867 0.0301847 0.0321513 0.034693 0.0378183 0.041536 0.0458559 0.0507876 0.0563402 0.0625214 0.0693375 0.0767921 0.0848862 0.0936169 0.102978 0.112957 0.123538 0.1347 0.146416 0.158652 0.171371 0.184528 0.198074 0.211954 0.226108 0.240472 0.254978 0.269555 0.284128 0.298622 0.312958 0.327059 0.340847 0.354245 0.367176 0.379567 0.391348 0.402451 0.412813 0.422373 0.431077 0.438875 0.445724 0.451582 0.456419 0.460206 0.462921 0.464549 0.465082 0.464516 0.462854 0.460106 0.456287 0.451419 0.445529 0.438652 0.430826 0.422095 0.412511 0.402128 0.391005 0.379208 0.366803 0.353861 0.340457 0.326665 0.312564 0.298231 0.283745 0.269182 0.254619 0.24013 0.225786 0.211654 0.197799 0.184279 0.171149 0.158459 0.146251 0.134563 0.123429 0.112874 0.10292 0.0935824 0.0848724 0.0767966 0.0693575 0.0625541 0.0563827 0.050837 0.0459094 0.0415909 0.037872 0.0347435 0.0321964 0.030223 0.0288169 0.0279741 
0.029481 0.0297736 0.0306587 0.0321405 0.0342242 0.0369169 0.0402268 0.0441632 0.0487358 0.0539543 0.0598276 0.0663634 0.0735676 0.0814433 0.0899908 0.0992063 0.109082 0.119605 0.130757 0.142515 0.15485 0.167726 0.181102 0.194932 0.209163 0.223736 0.238588 0.253653 0.268858 0.284128 0.299387 0.314553 0.329547 0.344287 0.358692 0.372682 0.386179 0.399107 0.411392 0.422965 0.433761 0.443718 0.452781 0.460898 0.468025 0.47412 0.479151 0.483089 0.485912 0.487605 0.488159 0.487571 0.485843 0.482985 0.479013 0.473949 0.467822 0.460665 0.452518 0.443427 0.433444 0.422624 0.41103 0.398726 0.385783 0.372274 0.358276 0.343866 0.329124 0.314133 0.298972 0.283724 0.268467 0.253279 0.238235 0.223405 0.208857 0.194653 0.180852 0.167505 0.154659 0.142354 0.130625 0.119501 0.109005 0.0991543 0.0899614 0.081434 0.0735755 0.0663856 0.0598611 0.0539961 0.048783 0.044213 0.0402765 0.0369642 0.0342671 0.0321773 0.0306882 0.0297958 
0.0313025 0.0316122 0.0325477 0.0341133 0.0363146 0.0391584 0.0426533 0.0468086 0.051634 0.0571393 0.0633332 0.0702233 0.077815 0.086111 0.0951106 0.104809 0.115197 0.126261 0.137981 0.150332 0.163281 0.176791 0.190819 0.205315 0.220222 0.23548 0.251021 0.266776 0.282669 0.298622 0.314553 0.33038 0.346019 0.361384 0.376393 0.390962 0.405011 0.418461 0.431237 0.443267 0.454485 0.464829 0.474239 0.482666 0.490061 0.496386 0.501604 0.505688 0.508617 0.510373 0.510947 0.510336 0.508545 0.505581 0.501461 0.496208 0.48985 0.482422 0.473965 0.464525 0.454154 0.44291 0.430857 0.418061 0.404594 0.390531 0.375952 0.360936 0.345568 0.329931 0.314109 0.298187 0.282248 0.266371 0.250636 0.235117 0.219885 0.205006 0.19054 0.176543 0.163063 0.150146 0.137826 0.126136 0.115101 0.104739 0.095065 0.0860872 0.0778102 0.0702345 0.0633573 0.0571731 0.0516745 0.0468528 0.0426986 0.0392023 0.036355 0.0341485 0.0325762 0.0316342 
0.0331304 0.0334571 0.0344428 0.0360921 0.0384104 0.0414048 0.0450838 0.049457 0.0545341 0.0603246 0.0668373 0.0740794 0.0820559 0.0907689 0.100217 0.110394 0.12129 0.13289 0.145171 0.158106 0.171662 0.185798 0.200468 0.215618 0.231191 0.247122 0.26334 0.279772 0.296338 0.312958 0.329547 0.346019 0.362285 0.37826 0.393856 0.408988 0.423572 0.437529 0.45078 0.463253 0.474879 0.485595 0.495341 0.504065 0.51172 0.518265 0.523664 0.527889 0.530918 0.532734 0.533329 0.532697 0.530844 0.527779 0.523517 0.518082 0.511503 0.503814 0.495057 0.485279 0.474535 0.462881 0.450384 0.43711 0.423135 0.408535 0.393391 0.377787 0.361808 0.345542 0.329075 0.312494 0.295887 0.279336 0.262924 0.246729 0.230825 0.21528 0.20016 0.185522 0.171418 0.157895 0.144992 0.132743 0.121174 0.110306 0.100155 0.0907303 0.082038 0.0740791 0.0668515 0.06035 0.0545675 0.0494955 0.0451245 0.0414451 0.0384481 0.0361254 0.0344703 0.0334788 
0.0349535 0.0352971 0.0363327 0.0380648 0.040499 0.0436426 0.047504 0.0520928 0.0574188 0.0634914 0.0703192 0.077909 0.0862654 0.0953899 0.10528 0.115929 0.127325 0.139452 0.152285 0.165795 0.179946 0.194695 0.209994 0.225786 0.24201 0.258597 0.275476 0.292567 0.30979 0.327059 0.344287 0.361384 0.37826 0.394825 0.410989 0.426664 0.441766 0.45621 0.469919 0.482818 0.494836 0.505909 0.515977 0.524987 0.53289 0.539646 0.545218 0.549578 0.552703 0.554577 0.55519 0.554539 0.552627 0.549465 0.545067 0.539458 0.532667 0.524728 0.515684 0.505584 0.49448 0.482433 0.469508 0.455775 0.44131 0.426191 0.410502 0.394329 0.377758 0.360881 0.343787 0.326567 0.309309 0.292102 0.27503 0.258175 0.241613 0.225419 0.209658 0.194392 0.179676 0.165559 0.152083 0.139283 0.127189 0.115822 0.105201 0.0953363 0.0862342 0.077897 0.0703231 0.063508 0.0574448 0.0521252 0.0475397 0.043679 0.0405339 0.0380962 0.0363591 0.0353185 
0.0367605 0.0371207 0.0382054 0.0400191 0.0425675 0.0458578 0.0498987 0.0546996 0.0602703 0.0666202 0.0737575 0.0816888 0.0904181 0.0999462 0.11027 0.121381 0.133267 0.145908 0.159281 0.173352 0.188084 0.203432 0.219343 0.235759 0.252616 0.269842 0.287361 0.305092 0.32295 0.340847 0.358692 0.376393 0.393856 0.410989 0.427699 0.443897 0.459494 0.474407 0.488554 0.501859 0.514252 0.525666 0.536041 0.545323 0.553463 0.560419 0.566156 0.570644 0.57386 0.575789 0.57642 0.57575 0.573783 0.570528 0.566002 0.560228 0.553234 0.545058 0.535741 0.525332 0.513886 0.501463 0.488129 0.473956 0.459022 0.443405 0.427192 0.410471 0.393331 0.375865 0.358166 0.340327 0.322441 0.304598 0.286886 0.26939 0.252191 0.235364 0.218979 0.203101 0.187788 0.173091 0.159055 0.145718 0.13311 0.121256 0.110174 0.0998773 0.0903732 0.0816648 0.073751 0.0666278 0.0602888 0.0547256 0.0499293 0.0458902 0.0425993 0.0400484 0.0382305 0.0371418 
0.0385393 0.0389159 0.0400486 0.0419422 0.0446022 0.048036 0.0522524 0.0572606 0.0630704 0.069691 0.0771305 0.085395 0.0944879 0.104409 0.115155 0.126716 0.139078 0.152221 0.166117 0.180733 0.196028 0.211956 0.22846 0.24548 0.262948 0.28079 0.298927 0.317274 0.335744 0.354245 0.372682 0.390962 0.408988 0.426664 0.443897 0.460593 0.476663 0.492021 0.506585 0.520278 0.533026 0.544764 0.55543 0.564969 0.573333 0.580479 0.586371 0.59098 0.594283 0.596263 0.596912 0.596224 0.594205 0.590863 0.586215 0.580285 0.573101 0.5647 0.555124 0.544423 0.532651 0.519871 0.506149 0.491558 0.476176 0.460085 0.443371 0.426126 0.408441 0.390411 0.372132 0.353699 0.335208 0.316753 0.298425 0.280311 0.262495 0.245057 0.228069 0.211598 0.195707 0.180448 0.165868 0.152008 0.138901 0.126572 0.115042 0.104325 0.0944294 0.0853589 0.0771135 0.0696896 0.0630811 0.0572802 0.0522777 0.0480643 0.0446309 0.0419692 0.0400725 0.0389365 
0.0402779 0.0406704 0.0418498 0.0438209 0.0465894 0.0501627 0.0545493 0.0597588 0.0658006 0.0726838 0.0804162 0.0890035 0.0984485 0.108751 0.119905 0.131901 0.144723 0.158349 0.172751 0.187892 0.20373 0.220215 0.23729 0.25489 0.272945 0.291378 0.310107 0.329044 0.348099 0.367176 0.386179 0.405011 0.423572 0.441766 0.459494 0.476663 0.493182 0.508962 0.52392 0.537978 0.551062 0.563105 0.574045 0.583826 0.5924 0.599725 0.605763 0.610485 0.613869 0.615898 0.616562 0.615859 0.61379 0.610367 0.605605 0.599528 0.592165 0.583553 0.573734 0.562757 0.55068 0.537562 0.523473 0.508486 0.492681 0.47614 0.458952 0.441209 0.423005 0.404438 0.385606 0.366606 0.347538 0.328497 0.309578 0.290872 0.272465 0.25444 0.236873 0.219833 0.203384 0.187583 0.17248 0.158116 0.144526 0.131739 0.119775 0.108651 0.0983764 0.0889554 0.0803886 0.0726732 0.0658035 0.0597718 0.0545693 0.0501866 0.0466149 0.0438457 0.0418723 0.0406906 
0.041964 0.0423718 0.0435962 0.0456422 0.0485153 0.0522229 0.0567737 0.062177 0.0684422 0.0755782 0.0835925 0.0924903 0.102274 0.112942 0.124488 0.136902 0.150165 0.164255 0.17914 0.194784 0.211142 0.22816 0.24578 0.263933 0.282548 0.301544 0.320836 0.340334 0.359943 0.379567 0.399107 0.418461 0.437529 0.45621 0.474407 0.492021 0.508962 0.525139 0.540467 0.554868 0.568266 0.580595 0.591791 0.601799 0.610569 0.61806 0.624234 0.629063 0.632522 0.634596 0.635276 0.634557 0.632443 0.628943 0.624075 0.617862 0.610332 0.601522 0.591476 0.580242 0.567878 0.554445 0.540012 0.524653 0.508449 0.491484 0.473849 0.455636 0.436943 0.417868 0.398512 0.378975 0.359359 0.339762 0.320282 0.301012 0.282043 0.263458 0.245337 0.227753 0.210772 0.194453 0.178848 0.164001 0.149949 0.136722 0.124342 0.112828 0.102188 0.0924303 0.0835545 0.0755586 0.0684374 0.0621835 0.0567883 0.0522426 0.0485375 0.0456647 0.0436174 0.0423915 
0.0435854 0.0440079 0.0452754 0.0473929 0.050366 0.054202 0.0589097 0.0644982 0.0709769 0.0783543 0.0866376 0.0958317 0.105938 0.116955 0.128875 0.141686 0.155369 0.1699 0.185245 0.201367 0.218217 0.235741 0.253876 0.272554 0.291698 0.311226 0.33105 0.351076 0.371209 0.391348 0.411392 0.431237 0.45078 0.469919 0.488554 0.506585 0.52392 0.540467 0.556141 0.570861 0.584552 0.597146 0.60858 0.618798 0.62775 0.635395 0.641695 0.646622 0.650151 0.652268 0.652961 0.652228 0.650072 0.646502 0.641536 0.635196 0.627511 0.618519 0.608262 0.59679 0.584159 0.570432 0.555678 0.539973 0.523397 0.506036 0.487983 0.46933 0.450178 0.430626 0.410777 0.390735 0.370603 0.350482 0.330473 0.310671 0.291169 0.272055 0.25341 0.23531 0.217824 0.201014 0.184932 0.169626 0.155134 0.141488 0.128713 0.116826 0.10584 0.0957601 0.0865894 0.0783258 0.0709644 0.0644983 0.058919 0.0542175 0.0503849 0.0474131 0.0452952 0.0440271 
0.04513 0.0455663 0.0468747 0.04906 0.0521279 0.0560856 0.0609419 0.0667058 0.0733865 0.0809924 0.0895302 0.0990044 0.109416 0.120762 0.133035 0.146221 0.1603 0.175246 0.191026 0.207597 0.22491 0.24291 0.26153 0.2807 0.30034 0.320367 0.340688 0.36121 0.381831 0.402451 0.422965 0.443267 0.463253 0.482818 0.501859 0.520278 0.537978 0.554868 0.570861 0.585875 0.599836 0.612675 0.624328 0.63474 0.64386 0.651646 0.658062 0.663079 0.666673 0.668827 0.669534 0.668788 0.666593 0.662959 0.657903 0.651447 0.64362 0.63446 0.624009 0.612317 0.59944 0.585442 0.570392 0.554366 0.537446 0.519719 0.501276 0.482216 0.462636 0.44264 0.422333 0.40182 0.381205 0.360595 0.34009 0.319789 0.299788 0.280178 0.261041 0.242457 0.224496 0.207223 0.190693 0.174954 0.160048 0.146007 0.132858 0.12062 0.109305 0.0989216 0.0894721 0.0809552 0.0733667 0.0666996 0.060946 0.056097 0.0521437 0.049078 0.0468931 0.0455851 
0.046586 0.0470354 0.0483821 0.050631 0.0537877 0.0578596 0.0628552 0.0687835 0.0756535 0.0834734 0.0922495 0.101986 0.112683 0.124337 0.13694 0.150476 0.164926 0.18026 0.196443 0.213434 0.231179 0.249621 0.268692 0.288319 0.308421 0.32891 0.349694 0.370673 0.391748 0.412813 0.433761 0.454485 0.474879 0.494836 0.514252 0.533026 0.551062 0.568266 0.584552 0.599836 0.614045 0.627107 0.63896 0.649548 0.658821 0.666737 0.673258 0.678357 0.682009 0.684199 0.684917 0.684159 0.681929 0.678237 0.673099 0.666537 0.658581 0.649268 0.63864 0.626747 0.613645 0.599399 0.584078 0.567758 0.550523 0.532458 0.513659 0.494222 0.474249 0.453844 0.433113 0.412164 0.391104 0.370039 0.349075 0.328312 0.307849 0.287776 0.268183 0.249148 0.230745 0.21304 0.196092 0.17995 0.164657 0.150247 0.136749 0.124182 0.11256 0.101893 0.092182 0.083428 0.0756266 0.0687713 0.0628544 0.057867 0.0538005 0.0506468 0.0483992 0.0470537 
