9.23683e-07 9.62539e-07 1.13871e-06 1.4718e-06 1.99662e-06 2.76573e-06 3.85246e-06 5.35472e-06 7.39966e-06 1.01491e-05 1.38057e-05 1.86192e-05 2.48934e-05 3.29929e-05 4.33488e-05 5.64643e-05 7.29177e-05 9.33644e-05 0.000118535 0.00014923 0.000186311 0.000230688 0.000283299 0.000345088 0.000416975 0.000499824 0.000594406 0.000701356 0.000821137 0.000953997 0.00109993 0.00125864 0.00142951 0.0016116 0.00180361 0.00200388 0.00221046 0.00242104 0.00263306 0.00284374 0.00305012 0.00324915 0.00343775 0.00361289 0.00377167 0.00391139 0.00402963 0.0041243 0.0041937 0.0042366 0.00425222 0.00424028 0.004201 0.00413512 0.00404383 0.00392878 0.00379202 0.00363592 0.00346316 0.00327662 0.0030793 0.00287427 0.00266458 0.00245318 0.00224287 0.00203621 0.00183552 0.0016428 0.00145972 0.00128762 0.00112748 0.000979952 0.000845369 0.000723777 0.000614968 0.000518514 0.000433812 0.00036012 0.0002966 0.000242352 0.000196448 0.000157959 0.000125984 9.96634e-05 7.81951e-05 6.08449e-05 4.69513e-05 3.59277e-05 2.72618e-05 2.05123e-05 1.53042e-05 1.13234e-05 8.31008e-06 6.0524e-06 4.37981e-06 3.15728e-06 2.2798e-06 1.66768e-06 1.2626e-06 1.02495e-06 
9.62539e-07 1.00338e-06 1.18787e-06 1.53657e-06 2.08604e-06 2.89149e-06 4.02989e-06 5.60405e-06 7.74751e-06 1.06302e-05 1.44649e-05 1.95141e-05 2.60967e-05 3.45955e-05 4.54632e-05 5.92281e-05 7.64971e-05 9.79578e-05 0.000124376 0.000156592 0.000195508 0.000242078 0.000297283 0.00036211 0.000437522 0.000524419 0.000623604 0.00073574 0.000861305 0.00100055 0.00115347 0.00131973 0.0014987 0.00168938 0.0018904 0.00210003 0.0023162 0.00253652 0.0027583 0.00297863 0.00319442 0.00340249 0.00359962 0.00378265 0.00394856 0.00409453 0.00421803 0.00431689 0.00438936 0.00443413 0.0044504 0.00443788 0.00439681 0.00432794 0.00423252 0.00411227 0.00396933 0.00380617 0.00362558 0.00343056 0.00322425 0.00300986 0.00279055 0.00256943 0.0023494 0.00213316 0.00192312 0.00172139 0.00152972 0.00134951 0.00118179 0.00102725 0.000886248 0.000758835 0.000644797 0.000543694 0.000454897 0.000377632 0.000311026 0.000254136 0.000205993 0.000165626 0.000132089 0.000104482 8.19655e-05 6.3769e-05 4.91988e-05 3.76397e-05 2.8554e-05 2.14787e-05 1.60203e-05 1.18492e-05 8.69271e-06 6.32843e-06 4.57743e-06 3.29803e-06 2.38006e-06 1.73993e-06 1.31649e-06 1.06817e-06 
1.13871e-06 1.18787e-06 1.40665e-06 1.81933e-06 2.46895e-06 3.42039e-06 4.76408e-06 6.6206e-06 9.1464e-06 1.25403e-05 1.70508e-05 2.29841e-05 3.07116e-05 4.06784e-05 5.34097e-05 6.95174e-05 8.97032e-05 0.00011476 0.00014557 0.000183097 0.000228375 0.000282493 0.000346569 0.000421722 0.000509041 0.000609537 0.000724107 0.000853483 0.000998183 0.00115846 0.00133428 0.00152523 0.00173055 0.00194907 0.00217921 0.00241897 0.00266598 0.0029175 0.00317047 0.00342158 0.00366733 0.00390412 0.00412831 0.00433633 0.00452478 0.00469048 0.00483061 0.00494272 0.00502484 0.0050755 0.00509382 0.00507947 0.00503271 0.0049544 0.00484595 0.00470928 0.00454679 0.00436127 0.00415587 0.00393396 0.00369909 0.00345488 0.00320491 0.0029527 0.00270155 0.00245454 0.00221441 0.00198358 0.00176406 0.00155747 0.00136501 0.0011875 0.00102537 0.000878715 0.000747316 0.000630696 0.000528159 0.000438842 0.000361762 0.000295855 0.00024002 0.000193153 0.000154175 0.000122056 9.58316e-05 7.46173e-05 5.7614e-05 4.41116e-05 3.34885e-05 2.52085e-05 1.88152e-05 1.39256e-05 1.02224e-05 7.44663e-06 5.38943e-06 3.88536e-06 2.80565e-06 2.05248e-06 1.55424e-06 1.26228e-06 
1.4718e-06 1.53657e-06 1.81933e-06 2.35112e-06 3.18678e-06 4.40893e-06 6.13237e-06 8.50998e-06 1.17396e-05 1.60723e-05 2.18209e-05 2.93699e-05 3.91848e-05 5.18215e-05 6.79346e-05 8.82841e-05 0.000113739 0.000145279 0.000183987 0.000231048 0.000287722 0.000355335 0.000435238 0.000528782 0.000637265 0.000761891 0.000903713 0.00106357 0.00124205 0.00143941 0.00165553 0.00188986 0.00214142 0.00240874 0.00268984 0.00298228 0.00328313 0.00358907 0.0038964 0.00420109 0.00449896 0.00478565 0.00505683 0.00530822 0.00553577 0.0057357 0.00590463 0.00603968 0.0061385 0.00619937 0.00622122 0.00620367 0.00614706 0.00605239 0.00592133 0.00575618 0.00555978 0.00533548 0.005087 0.00481838 0.00453386 0.00423777 0.00393443 0.00362804 0.00332262 0.00302187 0.00272915 0.0024474 0.00217908 0.00192621 0.0016903 0.00147238 0.00127304 0.00109243 0.000930349 0.000786263 0.000659365 0.000548644 0.000452928 0.000370948 0.000301378 0.000242882 0.00019415 0.000153924 0.000121026 9.43679e-05 7.29665e-05 5.59437e-05 4.25295e-05 3.20574e-05 2.3959e-05 1.77559e-05 1.30511e-05 9.51943e-06 6.89853e-06 4.97995e-06 3.60116e-06 2.63857e-06 2.00158e-06 1.6286e-06 
1.99662e-06 2.08604e-06 2.46895e-06 3.18678e-06 4.31267e-06 5.95641e-06 8.27036e-06 1.14569e-05 1.57772e-05 2.1562e-05 2.92223e-05 3.92616e-05 5.22879e-05 6.90249e-05 9.03222e-05 0.000117162 0.000150666 0.00019209 0.000242821 0.000304366 0.000378326 0.00046637 0.000570198 0.000691491 0.000831859 0.000992776 0.00117552 0.00138108 0.00161013 0.0018629 0.00213916 0.00243814 0.00275852 0.00309836 0.00345511 0.00382564 0.00420623 0.00459267 0.00498029 0.0053641 0.00573881 0.00609904 0.0064394 0.00675461 0.00703964 0.00728986 0.00750111 0.00766983 0.00779315 0.00786897 0.00789599 0.00787374 0.00780263 0.0076839 0.00751961 0.00731259 0.00706634 0.00678496 0.00647307 0.00613565 0.00577795 0.00540534 0.00502319 0.00463676 0.00425107 0.00387076 0.00350008 0.00314276 0.00280195 0.00248023 0.00217959 0.00190139 0.00164646 0.00141506 0.00120702 0.00102173 0.000858227 0.000715291 0.000591487 0.00048524 0.000394899 0.000318789 0.000255257 0.000202712 0.000159655 0.000124697 9.65778e-05 7.41691e-05 5.64772e-05 4.264e-05 3.19195e-05 2.36931e-05 1.74428e-05 1.27429e-05 9.24938e-06 6.68811e-06 4.84497e-06 3.55684e-06 2.70398e-06 2.20493e-06 
2.76573e-06 2.89149e-06 3.42039e-06 4.40893e-06 5.95641e-06 8.21169e-06 1.13808e-05 1.57368e-05 2.16315e-05 2.95085e-05 3.99182e-05 5.35327e-05 7.1161e-05 9.3763e-05 0.000122462 0.000158552 0.000203504 0.000258961 0.000326731 0.000408764 0.000507129 0.000623967 0.000761449 0.000921705 0.00110676 0.00131845 0.00155834 0.00182762 0.00212703 0.00245679 0.00281648 0.003205 0.00362053 0.00406048 0.00452152 0.00499954 0.00548975 0.00598671 0.00648446 0.00697661 0.00745648 0.00791724 0.00835207 0.00875435 0.00911777 0.00943651 0.00970537 0.00991992 0.0100766 0.0101727 0.0102067 0.010178 0.0100871 0.0099356 0.00972603 0.00946192 0.00914766 0.00878841 0.00838995 0.00795853 0.00750076 0.00702342 0.00653332 0.00603713 0.00554122 0.00505155 0.00457358 0.0041121 0.00367124 0.00325438 0.00286414 0.00250238 0.00217026 0.00186825 0.00159619 0.0013534 0.00113874 0.000950702 0.000787507 0.00064717 0.0005276 0.000426659 0.000342227 0.000272255 0.000214801 0.000168061 0.000130389 0.000100308 7.65115e-05 5.78638e-05 4.33888e-05 3.22606e-05 2.37898e-05 1.74089e-05 1.26577e-05 9.16872e-06 6.65445e-06 4.89529e-06 3.72988e-06 3.04833e-06 
3.85246e-06 4.02989e-06 4.76408e-06 6.13237e-06 8.27036e-06 1.13808e-05 1.57439e-05 2.17298e-05 2.98146e-05 4.05968e-05 5.48172e-05 7.33773e-05 9.73592e-05 0.000128043 0.00016692 0.000215705 0.000276338 0.000350979 0.000441991 0.000551917 0.000683439 0.000839319 0.00102234 0.00123521 0.00148049 0.00176047 0.00207707 0.00243171 0.00282522 0.00325773 0.00372855 0.00423612 0.00477795 0.00535058 0.00594957 0.00656957 0.00720433 0.00784683 0.00848939 0.00912383 0.00974162 0.0103341 0.0108926 0.0114087 0.0118745 0.0122827 0.0126267 0.012901 0.013101 0.0132236 0.0132666 0.0132295 0.0131128 0.0129184 0.0126497 0.012311 0.0119079 0.0114469 0.0109351 0.0103806 0.00979169 0.00917696 0.00854507 0.00790451 0.00726347 0.00662961 0.00600995 0.00541073 0.00483734 0.00429424 0.00378492 0.00331193 0.00287687 0.0024805 0.00212275 0.00180286 0.00151947 0.00127073 0.00105441 0.000868012 0.000708872 0.000574251 0.000461419 0.000367719 0.000290626 0.000227782 0.000177029 0.000136423 0.000104237 7.89665e-05 5.93127e-05 4.41746e-05 3.26301e-05 2.39183e-05 1.74204e-05 1.26411e-05 9.19195e-06 6.77594e-06 5.17437e-06 4.2382e-06 
5.35472e-06 5.60405e-06 6.6206e-06 8.50998e-06 1.14569e-05 1.57368e-05 2.17298e-05 2.99369e-05 4.10004e-05 5.57265e-05 7.51094e-05 0.000100356 0.00013291 0.000174475 0.000227028 0.000292833 0.000374445 0.000474694 0.000596666 0.000743667 0.000919162 0.00112671 0.00136986 0.00165205 0.00197651 0.00234607 0.00276307 0.0032292 0.00374536 0.00431151 0.00492659 0.00558838 0.0062935 0.00703732 0.00781401 0.00861655 0.00943685 0.0102658 0.0110937 0.0119099 0.0127037 0.0134639 0.0141798 0.0148406 0.0154365 0.0159582 0.0163975 0.0167474 0.0170024 0.0171584 0.0172128 0.0171649 0.0170153 0.0167666 0.0164228 0.0159895 0.0154735 0.014883 0.0142272 0.0135159 0.0127598 0.0119698 0.0111567 0.0103314 0.00950439 0.00868546 0.00788365 0.00710707 0.00636273 0.00565649 0.00499301 0.00437571 0.00380687 0.00328762 0.00281805 0.00239735 0.0020239 0.00169546 0.00140925 0.00116213 0.000950708 0.000771499 0.000620988 0.000495746 0.000392491 0.000308153 0.000239906 0.000185194 0.000141743 0.000107561 8.09265e-05 6.03728e-05 4.46697e-05 3.27985e-05 2.39288e-05 1.73946e-05 1.26723e-05 9.36066e-06 7.16394e-06 5.88042e-06 
7.39966e-06 7.74751e-06 9.1464e-06 1.17396e-05 1.57772e-05 2.16315e-05 2.98146e-05 4.10004e-05 5.6051e-05 7.6045e-05 0.000102309 0.00013645 0.000180382 0.000236356 0.00030698 0.000395227 0.000504435 0.000638293 0.000800807 0.000996241 0.00122905 0.00150378 0.00182493 0.00219684 0.00262353 0.00310849 0.00365454 0.00426364 0.0049367 0.00567344 0.00647224 0.00733003 0.00824223 0.00920271 0.0102038 0.0112365 0.0122902 0.0133534 0.0144136 0.0154574 0.016471 0.0174408 0.0183528 0.0191938 0.0199514 0.0206141 0.0211717 0.0216155 0.0219386 0.0221359 0.0222044 0.0221429 0.0219526 0.0216363 0.0211992 0.0206482 0.0199918 0.0192402 0.0184048 0.0174981 0.0165332 0.0155239 0.0144839 0.013427 0.0123664 0.0113147 0.0102833 0.00928277 0.00832216 0.00740912 0.00654981 0.00574886 0.00500937 0.00433304 0.00372022 0.00317009 0.00268078 0.00224955 0.00187301 0.00154722 0.00126794 0.00103072 0.000831079 0.000664617 0.000527102 0.000414553 0.000323296 0.000249993 0.000191664 0.000145689 0.000109797 8.20476e-05 6.0808e-05 4.47227e-05 3.26839e-05 2.38009e-05 1.7372e-05 1.28583e-05 9.86221e-06 8.11228e-06 
1.01491e-05 1.06302e-05 1.25403e-05 1.60723e-05 2.1562e-05 2.95085e-05 4.05968e-05 5.57265e-05 7.6045e-05 0.000102985 0.000138303 0.000184118 0.000242953 0.000317759 0.000411944 0.00052938 0.0006744 0.00085177 0.00106664 0.00132448 0.00163095 0.0019918 0.00241271 0.00289909 0.00345587 0.00408732 0.00479679 0.00558649 0.00645727 0.00740848 0.0084377 0.00954074 0.0107115 0.0119418 0.0132219 0.0145399 0.0158827 0.0172353 0.0185819 0.0199058 0.0211898 0.0224165 0.0235689 0.0246305 0.0255859 0.0264207 0.0271226 0.0276808 0.0280868 0.0283345 0.0284199 0.0283419 0.0281016 0.0277028 0.0271518 0.026457 0.0256289 0.0246802 0.0236249 0.0224785 0.0212573 0.0199784 0.0186591 0.0173166 0.0159674 0.0146274 0.0133113 0.0120325 0.0108025 0.00963141 0.0085272 0.00749603 0.00654216 0.00566805 0.00487445 0.00416058 0.00352434 0.00296248 0.00247086 0.00204462 0.00167847 0.00136682 0.00110401 0.000884416 0.000702642 0.000553569 0.000432454 0.000334974 0.000257255 0.000195877 0.000147869 0.000110682 8.21668e-05 6.05329e-05 4.43137e-05 3.23269e-05 2.36392e-05 1.75326e-05 1.34765e-05 1.11082e-05 
1.38057e-05 1.44649e-05 1.70508e-05 2.18209e-05 2.92223e-05 3.99182e-05 5.48172e-05 7.51094e-05 0.000102309 0.000138303 0.000185395 0.000246361 0.000324489 0.000423618 0.000548161 0.000703119 0.000894059 0.00112708 0.00140876 0.00174601 0.00214599 0.0026159 0.00316281 0.00379337 0.00451362 0.00532865 0.00624238 0.00725724 0.00837392 0.00959114 0.0109055 0.0123112 0.0138003 0.0153621 0.0169841 0.0186511 0.0203464 0.0220514 0.0237462 0.0254099 0.0270212 0.0285587 0.0300013 0.0313287 0.032522 0.033564 0.0344392 0.0351347 0.0356402 0.035948 0.0360537 0.0359556 0.0356553 0.0351574 0.0344693 0.0336015 0.0325668 0.0313805 0.0300599 0.028624 0.0270928 0.0254875 0.0238292 0.0221394 0.0204387 0.0187471 0.0170829 0.015463 0.0139023 0.0124136 0.0110072 0.00969139 0.00847177 0.00735188 0.00633307 0.00541475 0.00459458 0.00386878 0.00323237 0.00267946 0.00220348 0.00179751 0.00145443 0.00116719 0.00092892 0.000733116 0.000573711 0.000445157 0.000342459 0.000261196 0.000197511 0.000148089 0.000110121 8.12636e-05 5.95916e-05 4.35493e-05 3.19055e-05 2.37116e-05 1.82652e-05 1.50861e-05 
1.86192e-05 1.95141e-05 2.29841e-05 2.93699e-05 3.92616e-05 5.35327e-05 7.33773e-05 0.000100356 0.00013645 0.000184118 0.000246361 0.000326775 0.000429612 0.000559815 0.00072305 0.000925708 0.00117488 0.0014783 0.00184426 0.00228145 0.00279879 0.00340521 0.0041094 0.00491948 0.00584269 0.00688507 0.00805106 0.00934324 0.010762 0.0123051 0.0139678 0.0157424 0.0176184 0.0195823 0.0216178 0.023706 0.0258258 0.0279541 0.0300663 0.0321365 0.0341387 0.0360466 0.0378345 0.0394778 0.0409536 0.042241 0.0433215 0.0441794 0.0448024 0.0451814 0.0453108 0.0451889 0.0448174 0.0442019 0.0433515 0.0422785 0.0409986 0.0395301 0.0378941 0.0361134 0.0342125 0.032217 0.0301532 0.028047 0.025924 0.023809 0.0217247 0.0196924 0.0177308 0.015856 0.0140816 0.0124181 0.0108731 0.0094515 0.00815553 0.00698492 0.00593722 0.00500809 0.00419165 0.0034808 0.00286756 0.0023434 0.00189951 0.00152707 0.00121748 0.000962542 0.00075457 0.000586508 0.000451979 0.000345319 0.000261567 0.000196448 0.000146328 0.000108166 7.9456e-05 5.81697e-05 4.26973e-05 3.17963e-05 2.45456e-05 2.03144e-05 
2.48934e-05 2.60967e-05 3.07116e-05 3.91848e-05 5.22879e-05 7.1161e-05 9.73592e-05 0.00013291 0.000180382 0.000242953 0.000324489 0.000429612 0.000563763 0.000733253 0.000945282 0.00120794 0.00153018 0.0019217 0.00239285 0.00295443 0.00361745 0.00439287 0.00529124 0.00632233 0.00749472 0.00881542 0.0102894 0.0119192 0.0137046 0.0156422 0.0177255 0.0199443 0.0222849 0.0247302 0.0272596 0.0298496 0.032474 0.0351043 0.0377103 0.0402605 0.0427232 0.0450667 0.04726 0.0492737 0.0510802 0.0526544 0.0539746 0.055022 0.0557819 0.0562437 0.0564006 0.0562507 0.055796 0.0550432 0.054003 0.0526902 0.0511233 0.0493243 0.0473182 0.0451325 0.0427966 0.0403413 0.0377984 0.0351994 0.0325757 0.0299574 0.0273726 0.0248477 0.022406 0.0200679 0.0178505 0.0157674 0.0138287 0.0120411 0.010408 0.00892961 0.00760361 0.00642511 0.00538729 0.00448171 0.00369878 0.00302812 0.00245894 0.00198036 0.00158169 0.00125271 0.000983781 0.000766008 0.000591335 0.000452569 0.000343394 0.000258343 0.000192758 0.00014273 0.000105028 7.7029e-05 5.66475e-05 4.22709e-05 3.27015e-05 2.71186e-05 
3.29929e-05 3.45955e-05 4.06784e-05 5.18215e-05 6.90249e-05 9.3763e-05 0.000128043 0.000174475 0.000236356 0.000317759 0.000423618 0.000559815 0.000733253 0.000951906 0.00122484 0.00156221 0.00197517 0.00247578 0.00307684 0.00379162 0.00463358 0.00561597 0.00675148 0.00805169 0.00952664 0.0111843 0.01303 0.0150661 0.0172916 0.0197013 0.0222864 0.0250336 0.0279254 0.0309402 0.0340524 0.0372329 0.0404495 0.0436675 0.0468502 0.0499598 0.052958 0.055807 0.05847 0.0609118 0.0631001 0.0650052 0.0666013 0.0678667 0.068784 0.0693408 0.0695292 0.0693469 0.0687964 0.0678854 0.0666265 0.0650371 0.063139 0.060958 0.0585237 0.0558685 0.0530275 0.0500374 0.046936 0.0437615 0.0405514 0.0373422 0.0341685 0.0310624 0.0280528 0.0251651 0.0224208 0.0198373 0.0174277 0.0152011 0.0131625 0.0113129 0.00965029 0.0081693 0.00686218 0.00571908 0.0047286 0.00387827 0.00315502 0.00254557 0.0020368 0.00161606 0.00127139 0.000991701 0.000766908 0.000587964 0.000446897 0.000336788 0.00025172 0.000186709 0.00013763 0.000101122 7.45071e-05 5.57115e-05 4.31915e-05 3.58887e-05 
4.33488e-05 4.54632e-05 5.34097e-05 6.79346e-05 9.03222e-05 0.000122462 0.00016692 0.000227028 0.00030698 0.000411944 0.000548161 0.00072305 0.000945282 0.00122484 0.00157304 0.00200246 0.00252692 0.00316125 0.0039211 0.0048226 0.00588201 0.00711522 0.00853724 0.0101616 0.012 0.0140611 0.0163506 0.0188704 0.0216179 0.0245861 0.027763 0.0311315 0.0346695 0.0383499 0.0421414 0.0460081 0.0499111 0.0538084 0.0576561 0.0614091 0.0650219 0.0684498 0.0716495 0.0745799 0.0772029 0.0794843 0.0813939 0.0829066 0.0840023 0.0846666 0.0848905 0.0846713 0.0840119 0.0829213 0.0814139 0.07951 0.0772348 0.0746184 0.0716952 0.0685033 0.0650836 0.0614794 0.0577354 0.0538969 0.0500088 0.0461148 0.0422566 0.0384731 0.0347998 0.0312679 0.0279042 0.0247307 0.0217644 0.0190171 0.0164961 0.0142037 0.0121383 0.0102943 0.00866313 0.00723336 0.00599167 0.00492329 0.00401253 0.00324337 0.00259987 0.00206656 0.00162873 0.00127271 0.00098596 0.000757231 0.000576556 0.000435252 0.000325874 0.00024213 0.000178796 0.000131606 9.7154e-05 7.27939e-05 5.65554e-05 4.70854e-05 
5.64643e-05 5.92281e-05 6.95174e-05 8.82841e-05 0.000117162 0.000158552 0.000215705 0.000292833 0.000395227 0.00052938 0.000703119 0.000925708 0.00120794 0.00156221 0.00200246 0.0025442 0.00320432 0.00400087 0.00495281 0.00607955 0.0074005 0.00893445 0.010699 0.0127098 0.0149799 0.0175189 0.0203324 0.0234213 0.0267814 0.0304027 0.0342695 0.03836 0.0426465 0.0470958 0.0516692 0.0563238 0.0610124 0.0656851 0.0702897 0.0747731 0.079082 0.083164 0.0869689 0.090449 0.0935605 0.0962638 0.0985246 0.100314 0.101609 0.102393 0.102657 0.102396 0.101615 0.100323 0.0985372 0.0962807 0.0935822 0.0904763 0.0870027 0.0832051 0.0791312 0.0748312 0.0703574 0.0657629 0.0611008 0.0564228 0.0517787 0.0472153 0.0427754 0.0384973 0.034414 0.0305529 0.0269356 0.0235778 0.0204893 0.0176744 0.0151322 0.0128573 0.0108402 0.00906804 0.00752547 0.00619514 0.00505851 0.00409643 0.00328973 0.00261969 0.00206843 0.0016192 0.00125663 0.000966815 0.000737424 0.000557664 0.000418247 0.000311306 0.000230283 0.000169813 0.0001256 9.43001e-05 7.34198e-05 6.12447e-05 
7.29177e-05 7.64971e-05 8.97032e-05 0.000113739 0.000150666 0.000203504 0.000276338 0.000374445 0.000504435 0.0006744 0.000894059 0.00117488 0.00153018 0.00197517 0.00252692 0.00320432 0.00402782 0.00501921 0.00620118 0.00759684 0.00922909 0.0111199 0.0132897 0.0157561 0.0185337 0.0216326 0.025058 0.0288095 0.0328802 0.0372567 0.0419185 0.0468383 0.0519817 0.0573082 0.0627711 0.0683188 0.0738954 0.0794418 0.0848969 0.0901987 0.0952855 0.100097 0.104575 0.108665 0.112317 0.115487 0.118136 0.12023 0.121745 0.122662 0.122968 0.122662 0.121746 0.120232 0.118139 0.115493 0.112326 0.108677 0.104592 0.100121 0.0953171 0.0902393 0.0849474 0.0795033 0.0739686 0.0684043 0.062869 0.0574185 0.0521039 0.0469715 0.0420617 0.0374083 0.0330385 0.0289726 0.0252239 0.0217991 0.0186987 0.0159176 0.0134457 0.011269 0.00936969 0.00772792 0.00632194 0.00512915 0.00412675 0.0032923 0.00260426 0.00204236 0.00158788 0.00122385 0.000935117 0.000708403 0.000532228 0.000396836 0.000294073 0.000217249 0.000160994 0.000121121 9.45019e-05 7.89823e-05 
9.33644e-05 9.79578e-05 0.00011476 0.000145279 0.00019209 0.000258961 0.000350979 0.000474694 0.000638293 0.00085177 0.00112708 0.0014783 0.0019217 0.00247578 0.00316125 0.00400087 0.00501921 0.00624225 0.0076969 0.00941037 0.0114094 0.0137194 0.0163635 0.0193616 0.0227294 0.0264773 0.0306095 0.0351237 0.0400096 0.0452494 0.050817 0.0566781 0.062791 0.0691064 0.0755686 0.0821163 0.0886839 0.0952022 0.101601 0.107807 0.113752 0.119365 0.124581 0.129339 0.133582 0.137261 0.140331 0.142757 0.14451 0.14557 0.145924 0.145567 0.144505 0.14275 0.140322 0.137251 0.133573 0.129332 0.124578 0.119367 0.11376 0.107824 0.101628 0.095241 0.0887355 0.0821817 0.0756485 0.069201 0.0629003 0.0568015 0.0509534 0.0453975 0.0401676 0.0352896 0.030781 0.026652 0.0229049 0.0195354 0.0165334 0.0138833 0.0115655 0.00955718 0.00783325 0.00636732 0.00513255 0.00410234 0.003251 0.00255422 0.00198943 0.00153608 0.00117577 0.000892274 0.000671545 0.00050159 0.000372362 0.00027559 0.000204622 0.000154259 0.00012061 0.000100994 
0.000118535 0.000124376 0.00014557 0.000183987 0.000242821 0.000326731 0.000441991 0.000596666 0.000800807 0.00106664 0.00140876 0.00184426 0.00239285 0.00307684 0.0039211 0.00495281 0.00620118 0.0076969 0.00947156 0.0115568 0.0139836 0.0167808 0.0199745 0.0235865 0.0276334 0.0321254 0.0370654 0.0424479 0.0482587 0.0544742 0.0610618 0.0679792 0.0751757 0.0825925 0.0901636 0.0978171 0.105477 0.113062 0.120492 0.127686 0.134563 0.141045 0.14706 0.152538 0.157417 0.161642 0.165165 0.167946 0.169954 0.171167 0.17157 0.17116 0.169942 0.167928 0.165142 0.161616 0.157388 0.152508 0.147032 0.141021 0.134544 0.127674 0.12049 0.113072 0.1055 0.0978555 0.0902184 0.0826645 0.0752651 0.0680859 0.061185 0.0546128 0.0484109 0.0426117 0.0372383 0.0323048 0.0278165 0.0237704 0.0201565 0.0169585 0.0141546 0.0117192 0.00962368 0.00783758 0.00632963 0.00506862 0.0040242 0.0031675 0.00247158 0.00191179 0.00146595 0.00111445 0.000840234 0.000628691 0.000467547 0.000346673 0.000257896 0.000194817 0.000152639 0.000128054 
0.00014923 0.000156592 0.000183097 0.000231048 0.000304366 0.000408764 0.000551917 0.000743667 0.000996241 0.00132448 0.00174601 0.00228145 0.00295443 0.00379162 0.0048226 0.00607955 0.00759684 0.00941037 0.0115568 0.0140727 0.0169932 0.020351 0.0241748 0.0284883 0.0333085 0.0386448 0.0444977 0.0508581 0.0577063 0.0650124 0.0727354 0.0808241 0.0892176 0.0978463 0.106633 0.115493 0.12434 0.133082 0.141627 0.149882 0.157759 0.16517 0.172035 0.178278 0.183832 0.188634 0.192635 0.19579 0.198067 0.19944 0.199896 0.19943 0.198046 0.19576 0.192597 0.188589 0.18378 0.178223 0.171979 0.165114 0.157706 0.149836 0.141589 0.133056 0.124328 0.115498 0.106655 0.097888 0.0892797 0.0809068 0.0728384 0.0651348 0.0578466 0.051014 0.0446669 0.0388244 0.0334954 0.0286793 0.0243667 0.0205407 0.017178 0.01425 0.0117245 0.0095668 0.00774083 0.00621034 0.00493986 0.00389539 0.00304509 0.00235965 0.00181259 0.00138041 0.00104258 0.000781465 0.000582199 0.000432475 0.000322344 0.000243997 0.000191568 0.000161009 
0.000186311 0.000195508 0.000228375 0.000287722 0.000378326 0.000507129 0.000683439 0.000919162 0.00122905 0.00163095 0.00214599 0.00279879 0.00361745 0.00463358 0.00588201 0.0074005 0.00922909 0.0114094 0.0139836 0.0169932 0.020478 0.0244742 0.0290132 0.0341199 0.0398114 0.0460953 0.052969 0.0604185 0.0684178 0.0769288 0.0859013 0.0952736 0.104974 0.114919 0.125021 0.135183 0.145304 0.155282 0.165013 0.174395 0.183328 0.191718 0.199476 0.20652 0.212776 0.218181 0.222677 0.226221 0.228775 0.230315 0.230825 0.2303 0.228746 0.226178 0.222622 0.218114 0.2127 0.206436 0.199387 0.191628 0.183239 0.174309 0.164935 0.155215 0.14525 0.135146 0.125003 0.114923 0.105001 0.0953247 0.0859765 0.0770276 0.0685391 0.0605602 0.0531287 0.0462699 0.0399975 0.0343141 0.0292117 0.0246735 0.0206747 0.0171842 0.0141661 0.0115813 0.00938874 0.00754668 0.00601403 0.00475121 0.00372088 0.00288852 0.00222281 0.00169581 0.00128304 0.000963392 0.000719013 0.000535083 0.000399587 0.000303077 0.000238442 0.00020077 
0.000230688 0.000242078 0.000282493 0.000355335 0.00046637 0.000623967 0.000839319 0.00112671 0.00150378 0.0019918 0.0026159 0.00340521 0.00439287 0.00561597 0.00711522 0.00893445 0.0111199 0.0137194 0.0167808 0.020351 0.0244742 0.0291902 0.0345325 0.040527 0.0471899 0.0545263 0.0625293 0.0711787 0.0804408 0.0902681 0.1006 0.111362 0.122471 0.13383 0.145338 0.156884 0.168355 0.179637 0.190613 0.201173 0.211206 0.220611 0.229291 0.237159 0.244138 0.250158 0.255161 0.2591 0.261938 0.263647 0.264212 0.263627 0.2619 0.259044 0.255088 0.250069 0.244035 0.237045 0.229168 0.220482 0.211075 0.201044 0.19049 0.179522 0.168254 0.156799 0.145273 0.133789 0.122455 0.111374 0.100639 0.0903357 0.0805356 0.0712991 0.0626728 0.05469 0.0473701 0.0407199 0.0347339 0.029396 0.0246804 0.0205539 0.016977 0.0139062 0.011295 0.00909615 0.00726239 0.00574806 0.00450977 0.00350726 0.00270376 0.00206637 0.00156614 0.00117803 0.000880763 0.000656651 0.000491306 0.00037339 0.000294357 0.000248294 
0.000283299 0.000297283 0.000346569 0.000435238 0.000570198 0.000761449 0.00102234 0.00136986 0.00182493 0.00241271 0.00316281 0.0041094 0.00529124 0.00675148 0.00853724 0.010699 0.0132897 0.0163635 0.0199745 0.0241748 0.0290132 0.0345325 0.0407683 0.0477462 0.0554809 0.063974 0.0732127 0.0831697 0.0938019 0.105051 0.116844 0.129095 0.141704 0.154562 0.167552 0.180552 0.193433 0.20607 0.218336 0.230108 0.241269 0.251709 0.261327 0.270031 0.277738 0.284377 0.289889 0.294224 0.297344 0.299222 0.299842 0.299199 0.297297 0.294155 0.289798 0.284267 0.277609 0.269886 0.26117 0.251542 0.241096 0.229932 0.218163 0.205904 0.193279 0.180414 0.167435 0.154469 0.141638 0.129059 0.116841 0.10508 0.0938627 0.0832614 0.0733332 0.0641202 0.0556493 0.0479325 0.040968 0.0347411 0.0292259 0.0243873 0.0201827 0.0165641 0.0134796 0.010876 0.00869971 0.00689839 0.00542217 0.00422442 0.00326241 0.00249771 0.00189637 0.00142891 0.00107022 0.00079935 0.000599207 0.000456299 0.000360438 0.000304568 
0.000345088 0.00036211 0.000421722 0.000528782 0.000691491 0.000921705 0.00123521 0.00165205 0.00219684 0.00289909 0.00379337 0.00491948 0.00632233 0.00805169 0.0101616 0.0127098 0.0157561 0.0193616 0.0235865 0.0284883 0.0341199 0.040527 0.0477462 0.0558026 0.0647078 0.0744586 0.0850355 0.096402 0.108504 0.121272 0.134618 0.148442 0.16263 0.177057 0.191592 0.206096 0.220431 0.234457 0.248036 0.261038 0.273337 0.284817 0.295372 0.304906 0.313335 0.320586 0.326598 0.331322 0.334719 0.336762 0.337436 0.336735 0.334664 0.33124 0.326491 0.320454 0.313181 0.304732 0.29518 0.284611 0.273121 0.260816 0.247813 0.234238 0.220221 0.205901 0.191417 0.176907 0.162508 0.148353 0.134564 0.121254 0.108523 0.0964574 0.0851255 0.0745805 0.0648579 0.0559766 0.0479393 0.040734 0.0343356 0.0287076 0.0238046 0.0195744 0.0159599 0.0129016 0.0103393 0.00821358 0.00646765 0.00504799 0.00390533 0.00299517 0.00227801 0.00171945 0.00129009 0.000965305 0.000724969 0.000553153 0.000437808 0.00037058 
0.000416975 0.000437522 0.000509041 0.000637265 0.000831859 0.00110676 0.00148049 0.00197651 0.00262353 0.00345587 0.00451362 0.00584269 0.00749472 0.00952664 0.012 0.0149799 0.0185337 0.0227294 0.0276334 0.0333085 0.0398114 0.0471899 0.0554809 0.0647078 0.0748781 0.0859825 0.0979929 0.110862 0.124525 0.138896 0.153874 0.169342 0.185171 0.201219 0.217341 0.233383 0.249194 0.264622 0.27952 0.293749 0.307176 0.319682 0.331156 0.341501 0.350631 0.358473 0.364967 0.370064 0.373726 0.375928 0.376653 0.375897 0.373664 0.369971 0.364844 0.358322 0.350453 0.341298 0.330931 0.319438 0.306918 0.29348 0.279246 0.264348 0.248926 0.233128 0.217104 0.201007 0.184987 0.169193 0.153762 0.138824 0.124495 0.110874 0.0980453 0.086073 0.0750034 0.0648634 0.0556619 0.0473905 0.0400259 0.0335312 0.0278588 0.0229524 0.0187499 0.0151856 0.0121923 0.0097034 0.00765461 0.00598505 0.00463843 0.00356359 0.002715 0.00205283 0.0015429 0.00115652 0.000870192 0.000665247 0.000527551 0.000447294 
0.000499824 0.000524419 0.000609537 0.000761891 0.000992776 0.00131845 0.00176047 0.00234607 0.00310849 0.00408732 0.00532865 0.00688507 0.00881542 0.0111843 0.0140611 0.0175189 0.0216326 0.0264773 0.0321254 0.0386448 0.0460953 0.0545263 0.063974 0.0744586 0.0859825 0.0985285 0.112059 0.126513 0.141813 0.157858 0.17453 0.191696 0.209208 0.226911 0.244641 0.262233 0.279521 0.296342 0.312543 0.327974 0.342502 0.356 0.368357 0.379477 0.389273 0.397674 0.404622 0.410069 0.41398 0.416329 0.417103 0.416295 0.413912 0.409967 0.404487 0.397507 0.389075 0.37925 0.368104 0.355722 0.342204 0.327662 0.31222 0.296015 0.279196 0.261917 0.244341 0.226633 0.20896 0.191482 0.174356 0.157727 0.141728 0.126475 0.112066 0.0985807 0.0860762 0.0745895 0.0641369 0.0547154 0.0463042 0.0388672 0.0323549 0.026708 0.0218594 0.0177372 0.0142673 0.0113755 0.0089898 0.00704146 0.00546665 0.00420713 0.00321077 0.00243181 0.00183089 0.00137481 0.00103633 0.000793774 0.000630676 0.000535607 
0.000594406 0.000623604 0.000724107 0.000903713 0.00117552 0.00155834 0.00207707 0.00276307 0.00365454 0.00479679 0.00624238 0.00805106 0.0102894 0.01303 0.0163506 0.0203324 0.025058 0.0306095 0.0370654 0.0444977 0.052969 0.0625293 0.0732127 0.0850355 0.0979929 0.112059 0.127182 0.143292 0.160291 0.178064 0.196474 0.215371 0.23459 0.253958 0.273297 0.292426 0.31117 0.329355 0.346819 0.363409 0.378987 0.393425 0.406614 0.418457 0.428871 0.437787 0.445151 0.450917 0.455054 0.457537 0.458354 0.457501 0.454981 0.450809 0.445007 0.437608 0.428657 0.41821 0.406337 0.393119 0.378655 0.363057 0.346451 0.328977 0.310789 0.292051 0.272933 0.253614 0.234274 0.215089 0.196232 0.177867 0.160144 0.143196 0.127139 0.112066 0.0980485 0.0851354 0.0733519 0.0627015 0.0531676 0.0447156 0.0372956 0.0308453 0.0252933 0.0205618 0.0165696 0.0132351 0.010478 0.00822147 0.00639376 0.004929 0.00376802 0.00285868 0.00215592 0.00162169 0.00122464 0.000939768 0.000748069 0.000636319 
0.000701356 0.00073574 0.000853483 0.00106357 0.00138108 0.00182762 0.00243171 0.0032292 0.00426364 0.00558649 0.00725724 0.00934324 0.0119192 0.0150661 0.0188704 0.0234213 0.0288095 0.0351237 0.0424479 0.0508581 0.0604185 0.0711787 0.0831697 0.096402 0.110862 0.126513 0.143292 0.161109 0.179853 0.199389 0.219562 0.240203 0.26113 0.282152 0.303076 0.323709 0.343864 0.36336 0.382028 0.399712 0.416272 0.431582 0.445534 0.458034 0.469004 0.478381 0.486113 0.492161 0.496496 0.499097 0.499953 0.49906 0.496422 0.49205 0.485965 0.478195 0.468781 0.457774 0.445238 0.431253 0.415912 0.399326 0.38162 0.362937 0.343433 0.323277 0.302651 0.281743 0.260745 0.239852 0.219251 0.199124 0.17964 0.160951 0.143191 0.12647 0.110874 0.0964648 0.0832792 0.0713285 0.0606018 0.0510671 0.042675 0.0353614 0.0290508 0.0236599 0.0191009 0.0152842 0.0121215 0.00952745 0.00742201 0.00573129 0.00438862 0.00333502 0.00251937 0.00189832 0.00143608 0.00110405 0.000880447 0.000750085 
0.000821137 0.000861305 0.000998183 0.00124205 0.00161013 0.00212703 0.00282522 0.00374536 0.0049367 0.00645727 0.00837392 0.010762 0.0137046 0.0172916 0.0216179 0.0267814 0.0328802 0.0400096 0.0482587 0.0577063 0.0684178 0.0804408 0.0938019 0.108504 0.124525 0.141813 0.160291 0.179853 0.200369 0.221683 0.243623 0.265999 0.288612 0.311254 0.333718 0.355799 0.3773 0.398032 0.417825 0.436519 0.453975 0.470072 0.484704 0.497783 0.509238 0.519011 0.527058 0.533345 0.537846 0.540546 0.541435 0.540509 0.537773 0.533234 0.526909 0.518824 0.509011 0.497516 0.484398 0.469729 0.453597 0.436108 0.417386 0.397572 0.376824 0.355316 0.333236 0.310783 0.288161 0.265578 0.243241 0.221347 0.200086 0.179629 0.160128 0.141713 0.124486 0.108524 0.0938761 0.0805629 0.0685808 0.0579021 0.0484789 0.040246 0.0331248 0.027027 0.0218583 0.0175214 0.0139198 0.0109595 0.00855193 0.00661471 0.00507335 0.00386164 0.00292197 0.00220537 0.00167127 0.00128718 0.00102831 0.000877375 
0.000953997 0.00100055 0.00115846 0.00143941 0.0018629 0.00245679 0.00325773 0.00431151 0.00567344 0.00740848 0.00959114 0.0123051 0.0156422 0.0197013 0.0245861 0.0304027 0.0372567 0.0452494 0.0544742 0.0650124 0.0769288 0.0902681 0.105051 0.121272 0.138896 0.157858 0.178064 0.199389 0.221683 0.244772 0.268461 0.292543 0.316798 0.341005 0.364943 0.388394 0.411154 0.433031 0.45385 0.473455 0.491707 0.508491 0.523708 0.537278 0.549137 0.559235 0.567537 0.574013 0.578647 0.581424 0.582339 0.581389 0.578576 0.573907 0.567392 0.559052 0.548913 0.537013 0.523401 0.508143 0.491318 0.473028 0.453389 0.432541 0.410641 0.387866 0.364409 0.340477 0.316284 0.292054 0.268009 0.244364 0.22133 0.199096 0.177835 0.157697 0.138802 0.121244 0.105085 0.0903575 0.0770666 0.0651904 0.0546835 0.0454809 0.0375017 0.030653 0.0248345 0.0199416 0.0158694 0.0125154 0.00978206 0.00757843 0.00582181 0.0044384 0.00336378 0.00254299 0.00193039 0.00148936 0.00119189 0.00101843 
0.00109993 0.00115347 0.00133428 0.00165553 0.00213916 0.00281648 0.00372855 0.00492659 0.00647224 0.0084377 0.0109055 0.0139678 0.0177255 0.0222864 0.027763 0.0342695 0.0419185 0.050817 0.0610618 0.0727354 0.0859013 0.1006 0.116844 0.134618 0.153874 0.17453 0.196474 0.219562 0.243623 0.268461 0.293862 0.319598 0.345433 0.371129 0.396453 0.421179 0.445095 0.468008 0.489742 0.510143 0.529079 0.546441 0.562139 0.576103 0.588279 0.598626 0.607118 0.613734 0.618462 0.621295 0.62223 0.621263 0.618397 0.613635 0.606983 0.598454 0.588066 0.575848 0.56184 0.546097 0.52869 0.509709 0.489268 0.467498 0.444555 0.420615 0.395876 0.370549 0.344861 0.319046 0.293342 0.267984 0.243198 0.219199 0.196178 0.174305 0.153722 0.134538 0.116833 0.100652 0.0860095 0.0728913 0.0612562 0.0510402 0.0421609 0.034522 0.0280174 0.0225356 0.0179636 0.0141902 0.0111088 0.00861993 0.00663225 0.00506413 0.00384402 0.00291069 0.00221318 0.00171045 0.00137112 0.00117322 
0.00125864 0.00131973 0.00152523 0.00188986 0.00243814 0.003205 0.00423612 0.00558838 0.00733003 0.00954074 0.0123112 0.0157424 0.0199443 0.0250336 0.0311315 0.03836 0.0468383 0.0566781 0.0679792 0.0808241 0.0952736 0.111362 0.129095 0.148442 0.169342 0.191696 0.215371 0.240203 0.265999 0.292543 0.319598 0.346918 0.37425 0.401342 0.427949 0.453838 0.478793 0.50262 0.525144 0.546218 0.565717 0.583541 0.599611 0.613868 0.626269 0.636787 0.645402 0.652104 0.65689 0.659756 0.660703 0.659728 0.656833 0.652017 0.645282 0.636631 0.626075 0.613631 0.599329 0.583211 0.565338 0.545789 0.524668 0.5021 0.478235 0.453249 0.427337 0.400719 0.373627 0.346308 0.319015 0.291998 0.265505 0.23977 0.215006 0.191405 0.169128 0.148306 0.129034 0.111373 0.095348 0.080954 0.068155 0.0568896 0.0470751 0.0386121 0.0313898 0.02529 0.0201919 0.0159758 0.0125263 0.00973483 0.00750147 0.00573651 0.00436104 0.00330732 0.00251879 0.00194987 0.00156557 0.00134142 
0.00142951 0.0014987 0.00173055 0.00214142 0.00275852 0.00362053 0.00477795 0.0062935 0.00824223 0.0107115 0.0138003 0.0176184 0.0222849 0.0279254 0.0346695 0.0426465 0.0519817 0.062791 0.0751757 0.0892176 0.104974 0.122471 0.141704 0.16263 0.185171 0.209208 0.23459 0.26113 0.288612 0.316798 0.345433 0.37425 0.40298 0.431359 0.459133 0.486061 0.511927 0.536536 0.55972 0.581337 0.601273 0.61944 0.63577 0.650217 0.662753 0.67336 0.682032 0.68877 0.693575 0.696452 0.697403 0.696429 0.693529 0.688698 0.681932 0.673227 0.662582 0.650006 0.635512 0.619133 0.600914 0.580924 0.559254 0.536019 0.511363 0.485457 0.458497 0.430703 0.402315 0.37359 0.344792 0.316191 0.288051 0.260627 0.234156 0.208851 0.184894 0.162436 0.141591 0.122436 0.105011 0.089318 0.0753295 0.0629875 0.05221 0.0428957 0.0349295 0.0281872 0.0225407 0.0178618 0.0140264 0.0109169 0.00842478 0.00645205 0.00491225 0.00373095 0.00284584 0.00220657 0.00177444 0.00152237 
0.0016116 0.00168938 0.00194907 0.00240874 0.00309836 0.00406048 0.00535058 0.00703732 0.00920271 0.0119418 0.0153621 0.0195823 0.0247302 0.0309402 0.0383499 0.0470958 0.0573082 0.0691064 0.0825925 0.0978463 0.114919 0.13383 0.154562 0.177057 0.201219 0.226911 0.253958 0.282152 0.311254 0.341005 0.371129 0.401342 0.431359 0.460906 0.489718 0.517554 0.544195 0.569451 0.593159 0.615188 0.635435 0.653824 0.670303 0.684841 0.697421 0.708041 0.716707 0.723428 0.728217 0.731082 0.732032 0.731066 0.728183 0.723375 0.716629 0.707935 0.697281 0.684662 0.670079 0.65355 0.635106 0.614801 0.592713 0.568947 0.543636 0.516946 0.489069 0.460226 0.430661 0.400639 0.370438 0.34034 0.310631 0.281584 0.253457 0.226487 0.200879 0.176803 0.154395 0.133748 0.114916 0.0979139 0.0827212 0.069285 0.0575252 0.0473396 0.0386096 0.0312056 0.0249926 0.0198345 0.0155984 0.012158 0.00939594 0.00720601 0.0054941 0.00417894 0.00319233 0.00247903 0.00199653 0.00171503 
0.00180361 0.0018904 0.00217921 0.00268984 0.00345511 0.00452152 0.00594957 0.00781401 0.0102038 0.0132219 0.0169841 0.0216178 0.0272596 0.0340524 0.0421414 0.0516692 0.0627711 0.0755686 0.0901636 0.106633 0.125021 0.145338 0.167552 0.191592 0.217341 0.244641 0.273297 0.303076 0.333718 0.364943 0.396453 0.427949 0.459133 0.489718 0.519437 0.548044 0.575323 0.601088 0.625186 0.647497 0.667932 0.686428 0.70295 0.717481 0.730021 0.740581 0.74918 0.755838 0.760576 0.763411 0.764351 0.763402 0.760557 0.755806 0.749129 0.740507 0.729917 0.717341 0.702766 0.686194 0.667642 0.647146 0.624771 0.600608 0.57478 0.547442 0.518784 0.489024 0.45841 0.427212 0.395718 0.364226 0.333038 0.302446 0.272732 0.244152 0.216937 0.191278 0.16733 0.145206 0.124975 0.106665 0.0902645 0.0757267 0.0629743 0.0519054 0.0423986 0.0343197 0.0275273 0.0218777 0.0172296 0.0134481 0.0104072 0.00799248 0.00610209 0.00464787 0.00355565 0.00276524 0.00223023 0.00191805 
0.00200388 0.00210003 0.00241897 0.00298228 0.00382564 0.00499954 0.00656957 0.00861655 0.0112365 0.0145399 0.0186511 0.023706 0.0298496 0.0372329 0.0460081 0.0563238 0.0683188 0.0821163 0.0978171 0.115493 0.135183 0.156884 0.180552 0.206096 0.233383 0.262233 0.292426 0.323709 0.355799 0.388394 0.421179 0.453838 0.486061 0.517554 0.548044 0.577285 0.605066 0.631207 0.655566 0.678035 0.69854 0.717035 0.733501 0.747937 0.760358 0.770792 0.77927 0.785823 0.79048 0.793265 0.794192 0.793264 0.790477 0.785813 0.779249 0.770754 0.760295 0.747841 0.733364 0.716849 0.698296 0.677728 0.65519 0.63076 0.604548 0.576701 0.547398 0.516857 0.485324 0.453076 0.420409 0.387634 0.355067 0.323023 0.291801 0.261682 0.232917 0.205723 0.180274 0.156702 0.135093 0.115489 0.0978881 0.0822517 0.0685061 0.0565502 0.046261 0.0375004 0.0301211 0.0239723 0.0189049 0.0147753 0.0114494 0.00880436 0.00673076 0.00513357 0.00393261 0.0030627 0.00247351 0.00212966 
0.00221046 0.0023162 0.00266598 0.00328313 0.00420623 0.00548975 0.00720433 0.00943685 0.0122902 0.0158827 0.0203464 0.0258258 0.032474 0.0404495 0.0499111 0.0610124 0.0738954 0.0886839 0.105477 0.12434 0.145304 0.168355 0.193433 0.220431 0.249194 0.279521 0.31117 0.343864 0.3773 0.411154 0.445095 0.478793 0.511927 0.544195 0.575323 0.605066 0.633217 0.659607 0.684105 0.706618 0.727087 0.745483 0.761803 0.776065 0.7883 0.79855 0.806859 0.813269 0.81782 0.82054 0.821447 0.820547 0.817832 0.813283 0.806869 0.798549 0.78828 0.776017 0.761717 0.745348 0.726895 0.706361 0.683776 0.659202 0.632734 0.604507 0.574694 0.543504 0.511185 0.478016 0.444299 0.410358 0.376523 0.343126 0.310488 0.278911 0.248669 0.22 0.193101 0.168123 0.14517 0.124297 0.105516 0.0887948 0.074065 0.0612273 0.0501579 0.0407156 0.0327478 0.0260973 0.0206074 0.0161264 0.0125121 0.00963348 0.00737381 0.00563117 0.00431944 0.00336845 0.00272396 0.00234778 
0.00242104 0.00253652 0.0029175 0.00358907 0.00459267 0.00598671 0.00784683 0.0102658 0.0133534 0.0172353 0.0220514 0.0279541 0.0351043 0.0436675 0.0538084 0.0656851 0.0794418 0.0952022 0.113062 0.133082 0.155282 0.179637 0.20607 0.234457 0.264622 0.296342 0.329355 0.36336 0.398032 0.433031 0.468008 0.50262 0.536536 0.569451 0.601088 0.631207 0.659607 0.686129 0.710657 0.73311 0.753448 0.771659 0.787758 0.801779 0.81377 0.823788 0.831888 0.838126 0.842548 0.84519 0.846074 0.845206 0.842577 0.838165 0.83193 0.823826 0.813795 0.801781 0.787726 0.771581 0.753314 0.73291 0.710381 0.685773 0.659167 0.630683 0.600484 0.568774 0.535798 0.501834 0.467194 0.432207 0.397219 0.362577 0.328623 0.295679 0.264041 0.23397 0.205684 0.179355 0.155103 0.133001 0.113069 0.0952876 0.0795923 0.0658869 0.0540477 0.0439308 0.0353792 0.0282297 0.0223185 0.0174866 0.0135835 0.0104707 0.00802415 0.00613519 0.00471187 0.00367912 0.00297881 0.00256999 
0.00263306 0.0027583 0.00317047 0.0038964 0.00498029 0.00648446 0.00848939 0.0110937 0.0144136 0.0185819 0.0237462 0.0300663 0.0377103 0.0468502 0.0576561 0.0702897 0.0848969 0.101601 0.120492 0.141627 0.165013 0.190613 0.218336 0.248036 0.27952 0.312543 0.346819 0.382028 0.417825 0.45385 0.489742 0.525144 0.55972 0.593159 0.625186 0.655566 0.684105 0.710657 0.735117 0.757423 0.777551 0.795506 0.81132 0.825046 0.836747 0.846494 0.854356 0.860398 0.864675 0.867229 0.868086 0.867253 0.864721 0.860461 0.85443 0.846571 0.836818 0.825098 0.811343 0.795486 0.777476 0.757282 0.734899 0.710354 0.683713 0.655083 0.624614 0.592504 0.558993 0.524359 0.488917 0.453005 0.41698 0.381206 0.346042 0.311829 0.278887 0.247497 0.217899 0.190284 0.164791 0.141507 0.120467 0.10166 0.0850274 0.0704775 0.0578867 0.0471094 0.037985 0.0303448 0.0240185 0.0188399 0.0146511 0.0113062 0.00867407 0.00663961 0.00510519 0.00399096 0.00323498 0.0027936 
