0.000402243 0.000408925 0.000432108 0.000472327 0.000530388 0.000607417 0.000704845 0.000824393 0.000968052 0.00113806 0.00133686 0.00156709 0.00183151 0.00213298 0.00247437 0.00285856 0.0032883 0.00376619 0.0042946 0.00487559 0.00551079 0.00620139 0.00694803 0.00775072 0.00860878 0.0095208 0.0104846 0.0114971 0.0125544 0.0136519 0.0147839 0.015944 0.0171252 0.0183194 0.0195183 0.0207127 0.0218932 0.02305 0.024173 0.0252524 0.026278 0.0272402 0.0281298 0.0289379 0.0296565 0.0302782 0.0307966 0.0312063 0.0315031 0.0316839 0.0317466 0.0316908 0.0315169 0.0312269 0.0308239 0.0303121 0.0296969 0.0289846 0.0281825 0.0272987 0.0263419 0.0253214 0.0242469 0.0231283 0.0219755 0.0207985 0.0196071 0.0184108 0.0172186 0.016039 0.0148798 0.0137482 0.0126506 0.0115927 0.010579 0.00961359 0.00869947 0.00783888 0.00703328 0.00628337 0.00558919 0.00495016 0.00436514 0.00383253 0.00335032 0.00291621 0.00252762 0.00218183 0.00187601 0.00160732 0.00137291 0.00117004 0.000996098 0.000848633 0.00072541 0.000624433 0.000543972 0.000482579 0.000439113 0.000412792 
0.000408925 0.00041573 0.000439316 0.000480225 0.000539278 0.000617619 0.000716702 0.000838276 0.000984363 0.00115724 0.00135938 0.00159347 0.00186231 0.00216879 0.00251584 0.00290637 0.00334318 0.00382889 0.00436592 0.00495631 0.00560176 0.00630344 0.00706199 0.00787741 0.00874901 0.00967533 0.0106541 0.0116823 0.0127559 0.0138702 0.0150194 0.0161971 0.017396 0.0186082 0.0198248 0.0210369 0.0222348 0.0234085 0.0245478 0.0256428 0.0266832 0.0276592 0.0285615 0.0293811 0.0301099 0.0307403 0.031266 0.0316815 0.0319825 0.0321657 0.0322293 0.0321726 0.0319962 0.0317021 0.0312933 0.0307742 0.0301502 0.0294277 0.0286141 0.0277176 0.026747 0.0257117 0.0246216 0.0234867 0.022317 0.0211227 0.0199137 0.0186996 0.0174896 0.0162922 0.0151155 0.0139668 0.0128524 0.0117782 0.0107489 0.00976849 0.0088401 0.007966 0.00714768 0.00638587 0.00568063 0.00503136 0.00443692 0.0038957 0.00340566 0.00296446 0.00256951 0.00221804 0.00190719 0.00163405 0.00139576 0.00118952 0.00101268 0.000862753 0.000737473 0.000634809 0.000553002 0.000490584 0.000446394 0.000419639 
0.000432108 0.000439316 0.000464212 0.000507366 0.000569637 0.000652223 0.000756647 0.000884739 0.00103862 0.00122065 0.00143344 0.00167978 0.00196259 0.0022849 0.00264974 0.00306013 0.00351898 0.00402903 0.00459275 0.00521226 0.00588929 0.00662502 0.00742009 0.00827445 0.00918733 0.0101572 0.0111816 0.0122573 0.0133802 0.0145452 0.0157463 0.0169768 0.018229 0.0194947 0.0207647 0.0220296 0.0232793 0.0245034 0.0256915 0.0268329 0.0279173 0.0289344 0.0298744 0.0307282 0.0314872 0.0321437 0.032691 0.0331235 0.0334367 0.0336273 0.0336934 0.0336342 0.0334503 0.0331439 0.032718 0.0321772 0.0315271 0.0307743 0.0299265 0.0289923 0.0279807 0.0269015 0.0257649 0.0245813 0.0233612 0.0221152 0.0208535 0.0195861 0.0183227 0.0170721 0.0158427 0.0146422 0.0134773 0.0123539 0.0112772 0.0102513 0.00927947 0.00836417 0.00750698 0.00670872 0.00596946 0.00528864 0.0046651 0.00409718 0.0035828 0.00311952 0.00270466 0.00233535 0.00200862 0.00172144 0.00147081 0.00125384 0.00106775 0.000909945 0.000778049 0.000669945 0.000583793 0.000518057 0.000471521 0.000443356 
0.000472327 0.000480225 0.000507366 0.000554361 0.000622137 0.000711982 0.000825533 0.000964756 0.00113192 0.00132958 0.00156051 0.0018277 0.00213428 0.00248345 0.00287848 0.00332256 0.00381879 0.00437003 0.0049789 0.00564762 0.00637797 0.00717117 0.00802781 0.00894778 0.00993017 0.0109732 0.0120744 0.01323 0.0144355 0.0156856 0.0169738 0.0182927 0.0196343 0.0209896 0.022349 0.0237022 0.0250385 0.0263471 0.0276165 0.0288357 0.0299935 0.0310791 0.0320821 0.0329929 0.0338023 0.0345022 0.0350857 0.0355465 0.0358802 0.0360831 0.0361532 0.0360897 0.0358935 0.0355664 0.0351121 0.0345351 0.0338414 0.0330382 0.0321334 0.0311361 0.030056 0.0289034 0.0276891 0.0264242 0.0251199 0.0237873 0.0224375 0.021081 0.0197281 0.0183884 0.0170707 0.0157833 0.0145335 0.0133277 0.0121713 0.0110688 0.010024 0.00903929 0.00811663 0.00725689 0.00646025 0.00572616 0.00505344 0.00444037 0.00388477 0.00338409 0.00293548 0.00253591 0.0021822 0.00187114 0.00159954 0.00136429 0.00116243 0.000991179 0.000847992 0.000730597 0.00063702 0.00056561 0.000515062 0.000484487 
0.000530388 0.000539278 0.000569637 0.000622137 0.000697797 0.000798035 0.000924649 0.0010798 0.00126597 0.00148595 0.00174278 0.00203973 0.0023802 0.0027677 0.00320574 0.00369779 0.00424718 0.004857 0.00553004 0.00626866 0.0070747 0.00794941 0.00889335 0.00990627 0.0109871 0.0121338 0.0133434 0.0146119 0.0159344 0.0173046 0.0187157 0.0201595 0.0216271 0.0231088 0.024594 0.0260716 0.02753 0.0289572 0.0303412 0.0316697 0.0329307 0.0341126 0.0352042 0.036195 0.0370753 0.0378362 0.0384703 0.038971 0.0393333 0.0395535 0.0396293 0.03956 0.0393462 0.0389903 0.0384959 0.0378681 0.0371133 0.0362391 0.0352542 0.0341683 0.0329919 0.0317361 0.0304126 0.0290333 0.0276104 0.026156 0.0246819 0.0231998 0.0217208 0.0202553 0.0188131 0.0174032 0.0160335 0.014711 0.013442 0.0122313 0.011083 0.0100002 0.00898472 0.00803785 0.00715982 0.00635012 0.00560757 0.00493034 0.00431615 0.00376225 0.0032656 0.0028229 0.00243075 0.00208564 0.00178411 0.00152277 0.00129838 0.00110792 0.000948585 0.0008179 0.000713697 0.000634167 0.000577877 0.000543851 
0.000607417 0.000617619 0.000652223 0.000711982 0.000798035 0.000911967 0.00105578 0.00123189 0.00144307 0.00169241 0.0019833 0.00231934 0.00270432 0.00314209 0.00363653 0.00419144 0.00481047 0.00549697 0.00625396 0.00708394 0.00798888 0.00897003 0.0100279 0.011162 0.0123711 0.0136528 0.0150037 0.0164192 0.0178935 0.01942 0.0209907 0.0225966 0.0242277 0.0258733 0.0275216 0.0291604 0.0307769 0.0323579 0.03389 0.0353599 0.0367545 0.0380609 0.039267 0.0403612 0.041333 0.0421728 0.0428722 0.0434244 0.0438238 0.0440662 0.0441494 0.0440724 0.043836 0.0434428 0.0428967 0.0422033 0.0413695 0.0404036 0.0393151 0.0381147 0.0368137 0.0354244 0.0339596 0.0324323 0.0308558 0.0292435 0.0276085 0.0259636 0.024321 0.0226924 0.0210885 0.0195193 0.0179937 0.0165198 0.0151041 0.0137526 0.0124696 0.0112587 0.0101223 0.00906177 0.00807748 0.00716902 0.00633517 0.00557405 0.00488317 0.00425959 0.00369998 0.00320077 0.00275818 0.00236838 0.00202754 0.00173192 0.00147792 0.00126218 0.00108161 0.000933431 0.000815238 0.000725014 0.000661162 0.000622592 
0.000704845 0.000716702 0.000756647 0.000825533 0.000924649 0.00105578 0.00122121 0.00142363 0.00166617 0.00195232 0.00228588 0.00267089 0.00311157 0.00361223 0.00417718 0.00481062 0.00551658 0.00629874 0.00716038 0.0081042 0.00913226 0.0102458 0.0114453 0.0127301 0.0140985 0.0155477 0.0170737 0.0186713 0.0203338 0.0220536 0.0238217 0.025628 0.0274612 0.0293092 0.0311589 0.0329965 0.0348079 0.0365783 0.0382929 0.039937 0.0414959 0.0429556 0.0443024 0.0455238 0.0466081 0.0475447 0.0483245 0.0489399 0.0493847 0.0496545 0.0497467 0.0496603 0.0493962 0.0489571 0.0483475 0.0475734 0.0466424 0.0455638 0.044348 0.0430067 0.0415525 0.0399989 0.03836 0.0366503 0.0348846 0.0330777 0.0312441 0.0293982 0.0275536 0.0257233 0.0239195 0.0221534 0.020435 0.0187733 0.0171761 0.0156498 0.0141997 0.0128299 0.0115432 0.0103413 0.00922484 0.00819344 0.00724589 0.00638019 0.00559367 0.00488312 0.0042449 0.00367505 0.00316941 0.00272369 0.00233365 0.00199508 0.00170397 0.00145654 0.00124932 0.00107919 0.000943436 0.000839786 0.000766438 0.000722164 
0.000824393 0.000838276 0.000884739 0.000964756 0.0010798 0.00123189 0.00142363 0.00165808 0.00193878 0.0022697 0.00265511 0.00309958 0.00360786 0.00418478 0.00483516 0.00556371 0.00637486 0.0072727 0.00826078 0.00934204 0.0105186 0.0117919 0.013162 0.0146281 0.0161881 0.0178387 0.019575 0.0213911 0.0232794 0.025231 0.0272356 0.0292817 0.0313566 0.0334465 0.0355367 0.0376118 0.0396557 0.041652 0.0435842 0.0454358 0.0471904 0.0488324 0.0503468 0.0517194 0.0529374 0.0539892 0.0548645 0.055555 0.0560538 0.0563561 0.056459 0.0563613 0.0560643 0.0555707 0.0548855 0.0540155 0.0529691 0.0517564 0.0503891 0.0488801 0.0472434 0.0454941 0.0436478 0.0417207 0.0397292 0.0376901 0.0356195 0.0335334 0.0314473 0.0293759 0.0273328 0.0253307 0.0233811 0.0214943 0.0196791 0.017943 0.0162921 0.0147312 0.0132636 0.0118914 0.0106156 0.00943589 0.00835108 0.00735905 0.00645691 0.00564116 0.00490777 0.00425235 0.00367026 0.00315672 0.00270694 0.00231622 0.00198001 0.00169405 0.00145442 0.00125757 0.00110044 0.000980442 0.000895531 0.000844314 
0.000968052 0.000984363 0.00103862 0.00113192 0.00126597 0.00144307 0.00166617 0.00193878 0.00226494 0.00264912 0.0030962 0.00361134 0.0041999 0.00486732 0.00561902 0.00646025 0.00739594 0.00843061 0.00956815 0.0108117 0.0121636 0.0136251 0.0151962 0.0168757 0.0186611 0.0205483 0.0225318 0.0246043 0.0267572 0.0289802 0.0312616 0.0335882 0.0359456 0.0383181 0.0406891 0.0430411 0.0453561 0.0476157 0.0498012 0.0518941 0.0538763 0.0557303 0.0574394 0.0589877 0.060361 0.0615464 0.0625326 0.0633101 0.0638716 0.0642116 0.0643268 0.0642161 0.0638808 0.063324 0.0625511 0.0615697 0.0603892 0.0590209 0.0574775 0.0557737 0.0539248 0.0519478 0.0498601 0.0476798 0.0454254 0.0431154 0.0407683 0.0384019 0.0360338 0.0336804 0.0313574 0.0290792 0.0268588 0.0247081 0.0226371 0.0206546 0.0187677 0.016982 0.0153015 0.0137288 0.0122651 0.0109105 0.00966359 0.00852227 0.00748341 0.00654314 0.00569702 0.00494018 0.00426741 0.00367335 0.00315262 0.00269989 0.00231004 0.00197824 0.00170001 0.00147134 0.00128873 0.00114925 0.00105056 0.000991064 
0.00113806 0.00115724 0.00122065 0.00132958 0.00148595 0.00169241 0.00195232 0.0022697 0.00264912 0.0030957 0.00361496 0.00421276 0.00489514 0.00566824 0.00653815 0.00751073 0.00859149 0.00978539 0.0110967 0.0125289 0.0140842 0.015764 0.0175679 0.0194945 0.0215406 0.0237012 0.0259698 0.028338 0.0307959 0.0333315 0.0359314 0.0385804 0.0412623 0.0439591 0.046652 0.0493213 0.0519467 0.0545074 0.0569826 0.0593514 0.0615937 0.0636897 0.0656208 0.0673695 0.0689199 0.0702575 0.0713699 0.0722467 0.0728795 0.0732623 0.0733916 0.0732661 0.0728871 0.0722582 0.0713854 0.0702772 0.0689438 0.0673979 0.0656537 0.0637274 0.0616364 0.0593992 0.0570356 0.0545658 0.0520104 0.0493903 0.0467263 0.0440385 0.0413466 0.0386694 0.0360247 0.0334287 0.0308966 0.0284417 0.0260757 0.0238088 0.0216493 0.0196036 0.0176767 0.0158717 0.0141903 0.0126326 0.0111975 0.00988263 0.00868469 0.00759943 0.00662195 0.00574681 0.0049682 0.0042801 0.00367642 0.00315117 0.00269853 0.00231302 0.00198955 0.00172357 0.00151109 0.00134874 0.00123388 0.00116468 
0.00133686 0.00135938 0.00143344 0.00156051 0.00174278 0.0019833 0.00228588 0.00265511 0.0030962 0.00361496 0.00421766 0.00491092 0.00570157 0.00659653 0.00760262 0.0087264 0.00997396 0.0113508 0.0128616 0.01451 0.0162984 0.0182279 0.0202982 0.0225069 0.0248504 0.0273227 0.0299161 0.0326209 0.0354254 0.0383159 0.0412771 0.0442917 0.047341 0.0504048 0.0534618 0.0564896 0.0594654 0.0623658 0.0651674 0.0678471 0.070382 0.0727502 0.074931 0.076905 0.0786542 0.0801629 0.081417 0.0824051 0.0831179 0.0835488 0.0836939 0.0835517 0.0831236 0.0824138 0.0814289 0.0801781 0.078673 0.0769275 0.0749576 0.0727812 0.0704175 0.0678875 0.065213 0.0624168 0.0595219 0.0565517 0.0535295 0.0504782 0.04742 0.0443761 0.0413666 0.0384101 0.0355239 0.0327232 0.0300217 0.0274309 0.0249605 0.0226183 0.0204099 0.0183394 0.0164088 0.0146186 0.0129677 0.0114537 0.0100731 0.00882116 0.00769254 0.00668117 0.00578057 0.00498399 0.00428456 0.00367552 0.00315029 0.00270264 0.00232683 0.00201764 0.00177053 0.0015817 0.0014481 0.00136766 
0.00156709 0.00159347 0.00167978 0.0018277 0.00203973 0.00231934 0.00267089 0.00309958 0.00361134 0.00421276 0.00491092 0.00571331 0.00662763 0.00766165 0.008823 0.010119 0.0115564 0.0131412 0.0148785 0.0167721 0.0188247 0.021037 0.0234084 0.025936 0.0286151 0.0314388 0.034398 0.0374814 0.0406755 0.0439646 0.0473311 0.0507553 0.054216 0.0576902 0.0611539 0.064582 0.0679487 0.0712278 0.074393 0.0774185 0.0802789 0.0829497 0.0854079 0.0876319 0.0896018 0.0913001 0.0927114 0.0938229 0.0946243 0.0951085 0.095271 0.0951102 0.0946278 0.0938283 0.0927189 0.09131 0.0896144 0.0876474 0.0854269 0.0829725 0.0803058 0.07745 0.0744295 0.0712696 0.0679962 0.0646354 0.0612134 0.0577559 0.0542878 0.0508333 0.047415 0.0440542 0.0407704 0.0375811 0.034502 0.0315464 0.0287256 0.0260487 0.0235224 0.0211516 0.018939 0.0168853 0.0149897 0.0132497 0.0116614 0.0102199 0.0089192 0.00775259 0.00671285 0.00579241 0.00498358 0.00427873 0.00367043 0.00315165 0.00271584 0.00235712 0.00207031 0.00185108 0.00169598 0.00160265 
0.00183151 0.00186231 0.00196259 0.00213428 0.0023802 0.00270432 0.00311157 0.00360786 0.0041999 0.00489514 0.00570157 0.00662763 0.00768197 0.00887327 0.0102101 0.0117004 0.0133519 0.0151709 0.0171631 0.0193325 0.0216816 0.0242112 0.0269199 0.0298044 0.0328587 0.0360748 0.0394421 0.0429473 0.0465751 0.0503074 0.0541241 0.0580028 0.0619194 0.0658481 0.0697618 0.0736322 0.0774304 0.0811271 0.0846932 0.0880996 0.0913181 0.0943218 0.0970848 0.0995834 0.101796 0.103702 0.105286 0.106532 0.107431 0.107974 0.108155 0.107974 0.107432 0.106534 0.105288 0.103706 0.101801 0.0995907 0.0970947 0.0943348 0.0913348 0.0881204 0.0847187 0.0811579 0.0774669 0.0736748 0.0698109 0.0659039 0.0619821 0.0580724 0.0542005 0.0503906 0.0466646 0.0430428 0.0395429 0.0361805 0.0329684 0.0299174 0.0270354 0.0243282 0.0217992 0.0194497 0.0172791 0.0152847 0.0134627 0.0118075 0.0103126 0.00897063 0.00777358 0.00671299 0.00578025 0.0049668 0.00426427 0.00366472 0.00316078 0.00274575 0.00241381 0.00216001 0.00198046 0.00187247 
0.00213298 0.00216879 0.0022849 0.00248345 0.0027677 0.00314209 0.00361223 0.00418478 0.00486732 0.00566824 0.00659653 0.00766165 0.00887327 0.0102411 0.0117746 0.0134826 0.0153735 0.0174544 0.0197311 0.022208 0.0248874 0.0277699 0.0308535 0.034134 0.0376043 0.041255 0.0450736 0.0490449 0.0531512 0.057372 0.0616842 0.0660628 0.0704803 0.0749077 0.0793146 0.0836694 0.0879397 0.092093 0.0960967 0.0999187 0.103528 0.106894 0.109989 0.112786 0.115262 0.117394 0.119165 0.120559 0.121563 0.122169 0.122371 0.122168 0.121561 0.120556 0.119162 0.117391 0.115259 0.112784 0.109988 0.106896 0.103532 0.099927 0.0961094 0.0921107 0.0879631 0.0836991 0.0793511 0.0749515 0.0705316 0.0661218 0.0617511 0.0574466 0.0532333 0.0491342 0.0451695 0.041357 0.0377117 0.0342459 0.0309691 0.0278881 0.0250073 0.0223285 0.0198512 0.0175731 0.0154898 0.0135956 0.0118833 0.0103448 0.00897133 0.00775338 0.0066814 0.00574579 0.00493718 0.00424666 0.0036659 0.00318738 0.0028045 0.00251169 0.00230454 0.00218 
0.00247437 0.00251584 0.00264974 0.00287848 0.00320574 0.00363653 0.00417718 0.00483516 0.00561902 0.00653815 0.00760262 0.008823 0.0102101 0.0117746 0.013527 0.0154771 0.0176339 0.0200052 0.0225973 0.0254144 0.0284591 0.0317312 0.0352283 0.038945 0.0428731 0.0470012 0.0513151 0.0557974 0.0604277 0.0651826 0.0700361 0.0749599 0.0799232 0.0848935 0.0898366 0.0947174 0.0995 0.104148 0.108626 0.112897 0.116928 0.120686 0.124139 0.127258 0.130018 0.132394 0.134367 0.135918 0.137036 0.13771 0.137934 0.137707 0.13703 0.13591 0.134357 0.132383 0.130005 0.127245 0.124126 0.120675 0.116919 0.112891 0.108623 0.10415 0.099508 0.0947318 0.0898581 0.0849227 0.0799607 0.0750059 0.0700909 0.0652462 0.0605001 0.0558783 0.0514041 0.0470977 0.0429764 0.0390543 0.0353426 0.0318495 0.0285802 0.0255373 0.0227207 0.0201282 0.0177552 0.0155956 0.0136417 0.0118846 0.0103145 0.00892111 0.00769374 0.0066217 0.00569452 0.00490222 0.00423548 0.00368584 0.00324588 0.00290934 0.00267124 0.00252817 
0.00285856 0.00290637 0.00306013 0.00332256 0.00369779 0.00419144 0.00481062 0.00556371 0.00646025 0.00751073 0.0087264 0.010119 0.0117004 0.0134826 0.0154771 0.0176946 0.0201448 0.0228362 0.0257752 0.0289664 0.0324121 0.0361115 0.0400614 0.0442553 0.0486834 0.0533325 0.0581862 0.0632245 0.0684241 0.0737588 0.0791992 0.0847134 0.0902669 0.0958235 0.101345 0.106793 0.112127 0.117307 0.122293 0.127047 0.131531 0.135708 0.139544 0.143008 0.146071 0.148708 0.150895 0.152616 0.153854 0.154601 0.154849 0.154596 0.153845 0.152602 0.150878 0.148687 0.146048 0.142983 0.139518 0.135682 0.131506 0.127025 0.122274 0.117292 0.112117 0.10679 0.101349 0.0958357 0.0902879 0.0847438 0.0792394 0.073809 0.0684844 0.0632946 0.0582659 0.0534213 0.0487805 0.04436 0.0401727 0.0362282 0.032533 0.0290905 0.025901 0.0229625 0.0202703 0.017818 0.0155973 0.0135986 0.0118111 0.0102234 0.00882374 0.00760031 0.00654146 0.00563605 0.00487367 0.00424489 0.00374138 0.00335614 0.00308358 0.00291987 
0.0032883 0.00334318 0.00351898 0.00381879 0.00424718 0.00481047 0.00551658 0.00637486 0.00739594 0.00859149 0.00997396 0.0115564 0.0133519 0.0153735 0.0176339 0.0201448 0.0229167 0.0259585 0.029277 0.0328768 0.0367597 0.0409247 0.0453673 0.0500796 0.0550503 0.060264 0.0657017 0.0713409 0.0771552 0.0831149 0.089187 0.0953358 0.101523 0.107708 0.11385 0.119904 0.125826 0.131574 0.137103 0.142371 0.147336 0.151959 0.156202 0.160032 0.163416 0.166329 0.168744 0.170643 0.17201 0.172834 0.173106 0.172827 0.171997 0.170624 0.168719 0.166298 0.163382 0.159993 0.156161 0.151917 0.147294 0.14233 0.137065 0.13154 0.125797 0.11988 0.113834 0.107701 0.101525 0.0953479 0.0892098 0.0831489 0.0772006 0.0713977 0.0657697 0.0603426 0.055139 0.0501776 0.0454735 0.0410381 0.036879 0.0330005 0.0294038 0.026087 0.0230456 0.0202726 0.0177592 0.015495 0.0134684 0.0116668 0.0100774 0.00868704 0.00748286 0.00645251 0.00558444 0.00486813 0.0042943 0.00385515 0.00354444 0.00335789 
0.00376619 0.00382889 0.00402903 0.00437003 0.004857 0.00549697 0.00629874 0.0072727 0.00843061 0.00978539 0.0113508 0.0131412 0.0151709 0.0174544 0.0200052 0.0228362 0.0259585 0.0293815 0.0331124 0.0371556 0.0415126 0.0461815 0.0511567 0.0564288 0.0619844 0.0678059 0.0738717 0.0801561 0.0866293 0.0932581 0.100006 0.106832 0.113695 0.12055 0.12735 0.134048 0.140596 0.146945 0.153048 0.158859 0.164332 0.169425 0.174097 0.178312 0.182035 0.185238 0.187893 0.18998 0.191481 0.192385 0.192684 0.192376 0.191463 0.189953 0.187859 0.185197 0.181988 0.178259 0.17404 0.169365 0.164271 0.158798 0.152988 0.146888 0.140544 0.134002 0.127311 0.12052 0.113675 0.106823 0.100008 0.0932732 0.0866572 0.0801968 0.0739253 0.067872 0.0620623 0.0565179 0.0512559 0.0462896 0.0416283 0.0372775 0.0332389 0.0295111 0.0260896 0.0229673 0.0201347 0.0175808 0.0152929 0.0132574 0.0114601 0.00988676 0.00852315 0.00735563 0.00637142 0.00555887 0.0049077 0.00440924 0.00405654 0.00384485 
0.0042946 0.00436592 0.00459275 0.0049789 0.00553004 0.00625396 0.00716038 0.00826078 0.00956815 0.0110967 0.0128616 0.0148785 0.0171631 0.0197311 0.0225973 0.0257752 0.029277 0.0331124 0.0372887 0.0418103 0.0466781 0.0518892 0.0574366 0.0633093 0.0694916 0.0759634 0.0827002 0.0896728 0.096848 0.104189 0.111654 0.119199 0.126777 0.13434 0.141836 0.149213 0.156419 0.163401 0.170107 0.176488 0.182494 0.188079 0.1932 0.197817 0.201895 0.2054 0.208305 0.210587 0.212229 0.213217 0.213543 0.213205 0.212206 0.210554 0.208262 0.205347 0.201834 0.197749 0.193126 0.188 0.182412 0.176405 0.170025 0.16332 0.156342 0.149142 0.141772 0.134285 0.126733 0.119166 0.111633 0.104182 0.0968554 0.0896946 0.0827366 0.0760141 0.0695562 0.0633869 0.0575264 0.0519899 0.0467884 0.0419286 0.0374134 0.0332417 0.0294092 0.0259086 0.0227301 0.0198617 0.0172899 0.0149999 0.0129764 0.0112037 0.00966615 0.00834889 0.00723781 0.00632007 0.00558432 0.00502096 0.00462232 0.00438316 
0.00487559 0.00495631 0.00521226 0.00564762 0.00626866 0.00708394 0.0081042 0.00934204 0.0108117 0.0125289 0.01451 0.0167721 0.0193325 0.022208 0.0254144 0.0289664 0.0328768 0.0371556 0.0418103 0.046845 0.0522597 0.0580506 0.0642092 0.0707224 0.0775721 0.0847354 0.0921844 0.0998867 0.107805 0.115898 0.12412 0.132422 0.140754 0.149061 0.157287 0.165375 0.173269 0.180912 0.188248 0.195222 0.201783 0.20788 0.213467 0.218502 0.222946 0.226764 0.229928 0.232413 0.2342 0.235275 0.235629 0.235261 0.234173 0.232373 0.229876 0.2267 0.222871 0.218418 0.213375 0.207781 0.201679 0.195116 0.188141 0.180806 0.173166 0.165277 0.157195 0.148978 0.140682 0.132363 0.124074 0.115866 0.107789 0.0998868 0.0922008 0.084768 0.0776205 0.070786 0.0642872 0.0581416 0.0523624 0.0469577 0.0419314 0.0372831 0.0330087 0.029101 0.0255496 0.0223419 0.0194634 0.0168983 0.0146299 0.0126411 0.0109149 0.00943515 0.00818628 0.00715421 0.00632648 0.00569253 0.00524392 0.00497486 
0.00551079 0.00560176 0.00588929 0.00637797 0.0070747 0.00798888 0.00913226 0.0105186 0.0121636 0.0140842 0.0162984 0.0188247 0.0216816 0.0248874 0.0284591 0.0324121 0.0367597 0.0415126 0.0466781 0.0522597 0.0582569 0.0646642 0.0714716 0.0786637 0.0862198 0.0941139 0.102315 0.110786 0.119485 0.128368 0.137384 0.14648 0.155599 0.164682 0.173668 0.182497 0.191107 0.199435 0.207423 0.215012 0.222145 0.228771 0.234839 0.240304 0.245125 0.249266 0.252696 0.255388 0.257324 0.258488 0.258871 0.258472 0.257292 0.255341 0.252633 0.249189 0.245035 0.240202 0.234727 0.228651 0.222019 0.214881 0.20729 0.199302 0.190975 0.18237 0.173548 0.16457 0.155497 0.146391 0.13731 0.12831 0.119443 0.110761 0.102308 0.0941256 0.0862495 0.0787108 0.0715352 0.0647432 0.0583497 0.0523648 0.0467936 0.0416365 0.0368899 0.0325464 0.0285954 0.0250237 0.0218159 0.0189549 0.0164228 0.0142012 0.0122717 0.0106165 0.0092188 0.00806318 0.00713599 0.00642568 0.005923 0.00562161 
0.00620139 0.00630344 0.00662502 0.00717117 0.00794941 0.00897003 0.0102458 0.0117919 0.0136251 0.015764 0.0182279 0.021037 0.0242112 0.0277699 0.0317312 0.0361115 0.0409247 0.0461815 0.0518892 0.0580506 0.0646642 0.0717232 0.0792153 0.0871229 0.0954222 0.104084 0.113073 0.122349 0.131866 0.141574 0.151417 0.161338 0.171274 0.181162 0.190936 0.20053 0.209878 0.218913 0.227572 0.235792 0.243513 0.25068 0.25724 0.263145 0.268351 0.272821 0.276522 0.279427 0.281515 0.282769 0.283182 0.282751 0.281477 0.279372 0.27645 0.272732 0.268247 0.263026 0.257109 0.250539 0.243364 0.235636 0.227412 0.218751 0.209717 0.200372 0.190784 0.181018 0.171141 0.161218 0.151312 0.141485 0.131796 0.122297 0.113041 0.104072 0.0954304 0.0871507 0.079262 0.0717876 0.064745 0.058146 0.0519971 0.0463 0.0410514 0.0362442 0.0318675 0.0279075 0.0243478 0.0211705 0.0183562 0.0158852 0.0137376 0.0118942 0.0103366 0.00904818 0.00801405 0.00722161 0.00666076 0.00632459 
0.00694803 0.00706199 0.00742009 0.00802781 0.00889335 0.0100279 0.0114453 0.013162 0.0151962 0.0175679 0.0202982 0.0234084 0.0269199 0.0308535 0.0352283 0.0400614 0.0453673 0.0511567 0.0574366 0.0642092 0.0714716 0.0792153 0.087426 0.0960831 0.10516 0.114623 0.124435 0.134549 0.144915 0.155478 0.166178 0.176951 0.187731 0.198449 0.209033 0.219413 0.229517 0.239276 0.24862 0.257484 0.265804 0.273522 0.280582 0.286933 0.29253 0.297334 0.30131 0.304429 0.30667 0.308016 0.308459 0.307995 0.306627 0.304366 0.301227 0.297232 0.292411 0.286797 0.280432 0.273359 0.265631 0.257302 0.248432 0.239084 0.229325 0.219223 0.208848 0.198272 0.187565 0.176798 0.16604 0.155357 0.144813 0.134467 0.124374 0.114585 0.105144 0.0960891 0.0874533 0.0792628 0.0715379 0.0642926 0.057535 0.0512679 0.0454889 0.040191 0.0353632 0.0309912 0.0270579 0.0235442 0.0204296 0.0176929 0.0153127 0.0132683 0.01154 0.0101097 0.00896117 0.00808087 0.00745779 0.00708443 
0.00775072 0.00787741 0.00827445 0.00894778 0.00990627 0.011162 0.0127301 0.0146281 0.0168757 0.0194945 0.0225069 0.025936 0.0298044 0.034134 0.038945 0.0442553 0.0500796 0.0564288 0.0633093 0.0707224 0.0786637 0.0871229 0.0960831 0.105521 0.115406 0.125702 0.136365 0.147346 0.158589 0.170034 0.181616 0.193266 0.204911 0.216477 0.227889 0.23907 0.249945 0.260439 0.270479 0.279996 0.288922 0.297196 0.30476 0.311561 0.317552 0.322691 0.326942 0.330277 0.332672 0.334111 0.334583 0.334087 0.332625 0.330207 0.32685 0.322577 0.317418 0.311409 0.304591 0.297012 0.288724 0.279787 0.270263 0.260218 0.249722 0.238848 0.22767 0.216265 0.204709 0.193077 0.181443 0.169879 0.158454 0.147232 0.136274 0.125635 0.115364 0.105503 0.0960884 0.087151 0.0787132 0.0707915 0.0633961 0.0565308 0.0501944 0.0443801 0.039077 0.0342705 0.0299426 0.0260733 0.0226408 0.0196225 0.0169957 0.014738 0.0128284 0.0112472 0.00997709 0.00900332 0.00831404 0.00790111 
0.00860878 0.00874901 0.00918733 0.00993017 0.0109871 0.0123711 0.0140985 0.0161881 0.0186611 0.0215406 0.0248504 0.0286151 0.0328587 0.0376043 0.0428731 0.0486834 0.0550503 0.0619844 0.0694916 0.0775721 0.0862198 0.0954222 0.10516 0.115406 0.126127 0.137282 0.148823 0.160695 0.172839 0.185188 0.197671 0.210215 0.222742 0.235172 0.247424 0.259418 0.271072 0.282308 0.293049 0.303222 0.312757 0.32159 0.329659 0.336909 0.343293 0.348767 0.353293 0.356842 0.35939 0.360921 0.361424 0.360895 0.359339 0.356765 0.353191 0.348641 0.343145 0.33674 0.32947 0.321383 0.312536 0.302988 0.292805 0.282056 0.270817 0.259162 0.247171 0.234925 0.222504 0.20999 0.197461 0.184996 0.172668 0.160547 0.148699 0.137184 0.126056 0.115361 0.105141 0.0954286 0.0862503 0.0776249 0.0695647 0.0620753 0.0551563 0.0488017 0.0430008 0.0377383 0.032996 0.0287528 0.0249857 0.0216708 0.0187839 0.0163012 0.0142 0.0124593 0.0110607 0.00998804 0.00922871 0.00877392 
0.0095208 0.00967533 0.0101572 0.0109732 0.0121338 0.0136528 0.0155477 0.0178387 0.0205483 0.0237012 0.0273227 0.0314388 0.0360748 0.041255 0.0470012 0.0533325 0.060264 0.0678059 0.0759634 0.0847354 0.0941139 0.104084 0.114623 0.125702 0.137282 0.149318 0.161758 0.174542 0.187604 0.200873 0.214274 0.227725 0.241145 0.254447 0.267547 0.280358 0.292795 0.304775 0.316218 0.327047 0.337189 0.346577 0.355148 0.362845 0.369619 0.375423 0.380222 0.383983 0.386683 0.388304 0.388836 0.388276 0.386627 0.3839 0.380111 0.375287 0.369457 0.362661 0.354941 0.34635 0.336945 0.326787 0.315946 0.304494 0.292508 0.280068 0.267259 0.254164 0.24087 0.227462 0.214026 0.200644 0.187396 0.174358 0.161599 0.149187 0.137179 0.125628 0.114578 0.104067 0.0941231 0.0847697 0.0760208 0.0678838 0.0603595 0.0534428 0.0471231 0.0413851 0.03621 0.0315758 0.0274585 0.0238329 0.0206732 0.0179543 0.0156519 0.0137438 0.0122099 0.0110333 0.0102002 0.00970142 
0.0104846 0.0106541 0.0111816 0.0120744 0.0133434 0.0150037 0.0170737 0.019575 0.0225318 0.0259698 0.0299161 0.034398 0.0394421 0.0450736 0.0513151 0.0581862 0.0657017 0.0738717 0.0827002 0.0921844 0.102315 0.113073 0.124435 0.136365 0.148823 0.161758 0.175113 0.188823 0.202817 0.217018 0.231345 0.245711 0.260029 0.274207 0.288156 0.301784 0.315002 0.327723 0.339864 0.351343 0.362087 0.372024 0.38109 0.389227 0.396384 0.402514 0.40758 0.411549 0.414398 0.416108 0.416669 0.416078 0.414338 0.41146 0.407461 0.402368 0.39621 0.389028 0.380867 0.371778 0.361821 0.35106 0.339566 0.327414 0.314685 0.301462 0.287833 0.273888 0.259716 0.24541 0.231058 0.21675 0.202571 0.188601 0.174918 0.161592 0.148687 0.13626 0.124361 0.11303 0.102301 0.0921983 0.0827399 0.0739347 0.0657851 0.0582868 0.0514296 0.0451985 0.0395739 0.0345333 0.0300515 0.0261022 0.0226581 0.0196926 0.0171802 0.0150969 0.0134217 0.0121363 0.0112262 0.0106813 
0.0114971 0.0116823 0.0122573 0.01323 0.0146119 0.0164192 0.0186713 0.0213911 0.0246043 0.028338 0.0326209 0.0374814 0.0429473 0.0490449 0.0557974 0.0632245 0.0713409 0.0801561 0.0896728 0.0998867 0.110786 0.122349 0.134549 0.147346 0.160695 0.174542 0.188823 0.203468 0.218402 0.233541 0.248797 0.26408 0.279295 0.294348 0.309142 0.323582 0.337574 0.351028 0.363857 0.375977 0.387311 0.397787 0.407338 0.415905 0.423436 0.429883 0.435209 0.439381 0.442374 0.44417 0.44476 0.444139 0.442311 0.439286 0.435084 0.429728 0.423251 0.415693 0.407099 0.397523 0.387025 0.375671 0.363534 0.350692 0.337227 0.323228 0.308786 0.293993 0.278946 0.263741 0.248472 0.233234 0.218117 0.203208 0.188591 0.17434 0.160525 0.147208 0.134444 0.122278 0.110747 0.0998783 0.089693 0.0802024 0.0714104 0.0633138 0.0559031 0.0491633 0.0430746 0.0376139 0.032755 0.0284702 0.0247313 0.0215101 0.0187795 0.0165143 0.0146921 0.0132936 0.0123033 0.0117106 
0.0125544 0.0127559 0.0133802 0.0144355 0.0159344 0.0178935 0.0203338 0.0232794 0.0267572 0.0307959 0.0354254 0.0406755 0.0465751 0.0531512 0.0604277 0.0684241 0.0771552 0.0866293 0.096848 0.107805 0.119485 0.131866 0.144915 0.158589 0.172839 0.187604 0.202817 0.218402 0.234277 0.250352 0.266537 0.282732 0.29884 0.314759 0.330388 0.345629 0.360384 0.374557 0.38806 0.400806 0.412717 0.423717 0.433739 0.442724 0.450616 0.457371 0.462948 0.467315 0.470447 0.472327 0.472944 0.472294 0.470381 0.467216 0.462817 0.457208 0.450423 0.4425 0.433487 0.423438 0.412413 0.40048 0.387714 0.374195 0.360008 0.345245 0.329999 0.314369 0.298454 0.282355 0.266173 0.250006 0.233952 0.218103 0.202546 0.187365 0.172633 0.158418 0.144779 0.131766 0.11942 0.107773 0.0968471 0.0866574 0.0772092 0.0685007 0.0605231 0.0532617 0.0466966 0.0408041 0.0355571 0.0309271 0.0268842 0.0233991 0.0204433 0.0179902 0.0160161 0.0145007 0.0134274 0.0127852 
0.0136519 0.0138702 0.0145452 0.0156856 0.0173046 0.01942 0.0220536 0.025231 0.0289802 0.0333315 0.0383159 0.0439646 0.0503074 0.057372 0.0651826 0.0737588 0.0831149 0.0932581 0.104189 0.115898 0.128368 0.141574 0.155478 0.170034 0.185188 0.200873 0.217018 0.233541 0.250352 0.26736 0.284464 0.301562 0.31855 0.335322 0.351773 0.367799 0.383298 0.398173 0.412332 0.425686 0.438154 0.449661 0.460138 0.469523 0.477764 0.484813 0.49063 0.495184 0.49845 0.500409 0.501052 0.500375 0.498381 0.495082 0.490494 0.484644 0.477563 0.469291 0.459874 0.449369 0.437835 0.425342 0.411965 0.397788 0.382897 0.367386 0.351353 0.3349 0.31813 0.301149 0.284063 0.266975 0.249989 0.233202 0.216709 0.200596 0.184945 0.169828 0.155309 0.141443 0.128275 0.11584 0.104165 0.0932664 0.083152 0.0738212 0.0652665 0.0574733 0.050422 0.0440883 0.0384444 0.0334608 0.0291065 0.0253508 0.0221638 0.0195177 0.0173876 0.015752 0.0145935 0.0139003 
0.0147839 0.0150194 0.0157463 0.0169738 0.0187157 0.0209907 0.0238217 0.0272356 0.0312616 0.0359314 0.0412771 0.0473311 0.0541241 0.0616842 0.0700361 0.0791992 0.089187 0.100006 0.111654 0.12412 0.137384 0.151417 0.166178 0.181616 0.197671 0.214274 0.231345 0.248797 0.266537 0.284464 0.302475 0.32046 0.338312 0.355918 0.37317 0.38996 0.406182 0.421737 0.436529 0.450469 0.463473 0.475465 0.486376 0.496145 0.504716 0.512045 0.518091 0.522822 0.526214 0.528249 0.528917 0.528214 0.526144 0.522718 0.517952 0.511872 0.50451 0.495905 0.486104 0.475161 0.46314 0.450108 0.436144 0.42133 0.405757 0.38952 0.372721 0.355464 0.337858 0.320012 0.302036 0.284041 0.266134 0.248419 0.230996 0.213958 0.197391 0.181374 0.165975 0.151254 0.137261 0.124035 0.111606 0.099993 0.0892059 0.0792463 0.0701073 0.0617754 0.0542307 0.0474488 0.0414015 0.036058 0.0313865 0.0273549 0.0239321 0.0210891 0.0187996 0.0170411 0.0157955 0.0150504 
0.015944 0.0161971 0.0169768 0.0182927 0.0201595 0.0225966 0.025628 0.0292817 0.0335882 0.0385804 0.0442917 0.0507553 0.0580028 0.0660628 0.0749599 0.0847134 0.0953358 0.106832 0.119199 0.132422 0.14648 0.161338 0.176951 0.193266 0.210215 0.227725 0.245711 0.26408 0.282732 0.301562 0.32046 0.339313 0.358006 0.376423 0.394451 0.411979 0.428898 0.445107 0.460506 0.475005 0.48852 0.500974 0.512297 0.522428 0.531313 0.538905 0.545166 0.550064 0.553574 0.55568 0.556372 0.555645 0.553504 0.549958 0.545025 0.53873 0.531103 0.522183 0.512018 0.500662 0.488177 0.474632 0.460105 0.444682 0.428453 0.411516 0.393976 0.37594 0.35752 0.338831 0.319987 0.301103 0.282292 0.263664 0.245324 0.227372 0.209898 0.192988 0.176714 0.161143 0.146327 0.132311 0.119127 0.106797 0.0953355 0.0847439 0.0750173 0.0661426 0.0581004 0.0508662 0.0444111 0.0387036 0.033711 0.0293999 0.025738 0.0226952 0.0202439 0.0183608 0.0170268 0.0162288 
0.0171252 0.017396 0.018229 0.0196343 0.0216271 0.0242277 0.0274612 0.0313566 0.0359456 0.0412623 0.047341 0.054216 0.0619194 0.0704803 0.0799232 0.0902669 0.101523 0.113695 0.126777 0.140754 0.155599 0.171274 0.187731 0.204911 0.222742 0.241145 0.260029 0.279295 0.29884 0.31855 0.338312 0.358006 0.377512 0.396712 0.415488 0.433724 0.451311 0.468142 0.484119 0.49915 0.513148 0.526038 0.537749 0.54822 0.557397 0.565236 0.571697 0.57675 0.58037 0.582543 0.583256 0.582508 0.5803 0.576644 0.571556 0.565059 0.557185 0.547972 0.537466 0.52572 0.512797 0.498767 0.483707 0.467702 0.450847 0.433241 0.414989 0.396203 0.376998 0.357492 0.337805 0.318056 0.298363 0.278842 0.259604 0.240754 0.222388 0.204597 0.18746 0.171046 0.155415 0.140614 0.12668 0.113638 0.101503 0.0902801 0.0799659 0.0705479 0.0620072 0.0543191 0.0474545 0.0413813 0.0360656 0.0314731 0.0275704 0.0243261 0.0217118 0.0197028 0.0182796 0.0174283 
0.0183194 0.0186082 0.0194947 0.0209896 0.0231088 0.0258733 0.0293092 0.0334465 0.0383181 0.0439591 0.0504048 0.0576902 0.0658481 0.0749077 0.0848935 0.0958235 0.107708 0.12055 0.13434 0.149061 0.164682 0.181162 0.198449 0.216477 0.235172 0.254447 0.274207 0.294348 0.314759 0.335322 0.355918 0.376423 0.396712 0.416663 0.436153 0.455065 0.473285 0.490707 0.50723 0.52276 0.537212 0.550509 0.562581 0.573369 0.582818 0.590884 0.597531 0.602727 0.606449 0.608683 0.609417 0.608648 0.60638 0.602622 0.597391 0.590709 0.582606 0.573121 0.562297 0.550188 0.536856 0.52237 0.506807 0.490255 0.472807 0.454563 0.435633 0.41613 0.396172 0.37588 0.35538 0.334794 0.314247 0.293859 0.273746 0.254019 0.234782 0.216128 0.198143 0.180901 0.164467 0.148892 0.134216 0.120469 0.107667 0.0958186 0.0849207 0.0749624 0.0659254 0.057785 0.0505118 0.0440733 0.0384347 0.0335608 0.0294171 0.0259711 0.0231933 0.0210584 0.0195456 0.018641 
0.0195183 0.0198248 0.0207647 0.022349 0.024594 0.0275216 0.0311589 0.0355367 0.0406891 0.046652 0.0534618 0.0611539 0.0697618 0.0793146 0.0898366 0.101345 0.11385 0.12735 0.141836 0.157287 0.173668 0.190936 0.209033 0.227889 0.247424 0.267547 0.288156 0.309142 0.330388 0.351773 0.37317 0.394451 0.415488 0.436153 0.456321 0.475872 0.494691 0.512668 0.529702 0.545699 0.560573 0.574248 0.586654 0.597733 0.607432 0.615708 0.622523 0.62785 0.631666 0.633955 0.634707 0.633921 0.631598 0.627748 0.622386 0.615535 0.607223 0.597487 0.586371 0.573927 0.560215 0.545304 0.529273 0.512207 0.4942 0.475356 0.455784 0.435599 0.414923 0.393882 0.372603 0.351214 0.329844 0.308619 0.28766 0.267084 0.246998 0.227505 0.208693 0.190643 0.173423 0.15709 0.141686 0.127245 0.113787 0.101322 0.0898478 0.0793558 0.0698278 0.0612396 0.0535617 0.0467609 0.0408018 0.0356484 0.0312651 0.0276185 0.0246781 0.0224177 0.0208159 0.0198582 
0.0207127 0.0210369 0.0220296 0.0237022 0.0260716 0.0291604 0.0329965 0.0376118 0.0430411 0.0493213 0.0564896 0.064582 0.0736322 0.0836694 0.0947174 0.106793 0.119904 0.134048 0.149213 0.165375 0.182497 0.20053 0.219413 0.23907 0.259418 0.280358 0.301784 0.323582 0.345629 0.367799 0.38996 0.411979 0.433724 0.455065 0.475872 0.496024 0.515402 0.533897 0.551406 0.567836 0.5831 0.597122 0.609835 0.62118 0.631107 0.639572 0.646541 0.651986 0.655885 0.658225 0.658994 0.658192 0.65582 0.651887 0.646408 0.639403 0.630902 0.620938 0.609555 0.596803 0.582742 0.56744 0.550974 0.53343 0.514903 0.495496 0.47532 0.454493 0.433139 0.411386 0.389366 0.367211 0.345054 0.323027 0.301255 0.27986 0.258958 0.238652 0.21904 0.200206 0.182222 0.16515 0.149037 0.133919 0.11982 0.10675 0.0947122 0.0836966 0.0736866 0.0646582 0.056582 0.0494244 0.0431495 0.0377204 0.0331007 0.0292561 0.0261551 0.0237707 0.0220809 0.0210706 
0.0218932 0.0222348 0.0232793 0.0250385 0.02753 0.0307769 0.0348079 0.0396557 0.0453561 0.0519467 0.0594654 0.0679487 0.0774304 0.0879397 0.0995 0.112127 0.125826 0.140596 0.156419 0.173269 0.191107 0.209878 0.229517 0.249945 0.271072 0.292795 0.315002 0.337574 0.360384 0.383298 0.406182 0.428898 0.451311 0.473285 0.494691 0.515402 0.535301 0.554275 0.572223 0.589049 0.60467 0.619009 0.632 0.643586 0.653718 0.662354 0.66946 0.675011 0.678985 0.681369 0.682155 0.681338 0.678923 0.674916 0.669332 0.662191 0.653519 0.64335 0.631726 0.618695 0.604316 0.588655 0.57179 0.553805 0.534796 0.514866 0.494127 0.472699 0.450708 0.428285 0.405564 0.382684 0.35978 0.336989 0.314442 0.292265 0.270579 0.249495 0.229113 0.209522 0.190802 0.173016 0.156217 0.140443 0.125721 0.112065 0.0994783 0.0879528 0.0774729 0.0680151 0.0595499 0.0520436 0.0454598 0.0397609 0.0349097 0.030871 0.0276126 0.0251067 0.0233306 0.0222688 
0.02305 0.0234085 0.0245034 0.0263471 0.0289572 0.0323579 0.0365783 0.041652 0.0476157 0.0545074 0.0623658 0.0712278 0.0811271 0.092093 0.104148 0.117307 0.131574 0.146945 0.163401 0.180912 0.199435 0.218913 0.239276 0.260439 0.282308 0.304775 0.327723 0.351028 0.374557 0.398173 0.421737 0.445107 0.468142 0.490707 0.512668 0.533897 0.554275 0.57369 0.592038 0.609227 0.625171 0.639796 0.653038 0.664839 0.675154 0.683941 0.69117 0.696814 0.700855 0.703279 0.704078 0.70325 0.700796 0.696724 0.691048 0.683786 0.674963 0.664611 0.652771 0.639489 0.624822 0.608837 0.591608 0.57322 0.553767 0.533355 0.512095 0.490109 0.467524 0.444475 0.421098 0.397536 0.373928 0.350415 0.327134 0.304215 0.281784 0.259958 0.238841 0.218528 0.199102 0.180632 0.163174 0.146769 0.131448 0.117227 0.10411 0.0920919 0.0811577 0.0712842 0.0624422 0.0545979 0.0477144 0.0417535 0.0366775 0.0324502 0.0290388 0.0264146 0.0245546 0.0234427 
0.024173 0.0245478 0.0256915 0.0276165 0.0303412 0.03389 0.0382929 0.0435842 0.0498012 0.0569826 0.0651674 0.074393 0.0846932 0.0960967 0.108626 0.122293 0.137103 0.153048 0.170107 0.188248 0.207423 0.227572 0.24862 0.270479 0.293049 0.316218 0.339864 0.363857 0.38806 0.412332 0.436529 0.460506 0.484119 0.50723 0.529702 0.551406 0.572223 0.592038 0.61075 0.628265 0.6445 0.659381 0.672846 0.684839 0.695315 0.704236 0.711572 0.717298 0.721396 0.723855 0.724666 0.723828 0.721341 0.717213 0.711456 0.704088 0.695133 0.68462 0.672588 0.659083 0.644159 0.627882 0.610324 0.59157 0.571714 0.550861 0.529123 0.506622 0.483489 0.459859 0.435872 0.411674 0.387408 0.363218 0.339247 0.31563 0.292497 0.269969 0.248156 0.227159 0.207063 0.187942 0.169856 0.15285 0.136957 0.122195 0.108571 0.0960815 0.0847117 0.0744394 0.0652357 0.0570665 0.0498948 0.0436819 0.0383893 0.0339804 0.0304215 0.0276834 0.0257424 0.0245822 
0.0252524 0.0256428 0.0268329 0.0288357 0.0316697 0.0353599 0.039937 0.0454358 0.0518941 0.0593514 0.0678471 0.0774185 0.0880996 0.0999187 0.112897 0.127047 0.142371 0.158859 0.176488 0.195222 0.215012 0.235792 0.257484 0.279996 0.303222 0.327047 0.351343 0.375977 0.400806 0.425686 0.450469 0.475005 0.49915 0.52276 0.545699 0.567836 0.589049 0.609227 0.628265 0.646072 0.662566 0.677674 0.691336 0.703497 0.714114 0.723151 0.730579 0.736376 0.740525 0.743013 0.743835 0.742988 0.740473 0.736297 0.730471 0.723012 0.713941 0.703288 0.691088 0.677386 0.662235 0.645697 0.627845 0.608763 0.588543 0.567289 0.545116 0.522145 0.498509 0.474345 0.449796 0.42501 0.400133 0.375316 0.350702 0.326433 0.302643 0.279458 0.256993 0.235352 0.214626 0.194892 0.176213 0.158639 0.142205 0.126931 0.112827 0.0998898 0.0881063 0.077455 0.0679071 0.0594288 0.0519825 0.0455294 0.0400305 0.0354482 0.0317486 0.0289018 0.0268836 0.0256773 
0.026278 0.0266832 0.0279173 0.0299935 0.0329307 0.0367545 0.0414959 0.0471904 0.0538763 0.0615937 0.070382 0.0802789 0.0913181 0.103528 0.116928 0.131531 0.147336 0.164332 0.182494 0.201783 0.222145 0.243513 0.265804 0.288922 0.312757 0.337189 0.362087 0.387311 0.412717 0.438154 0.463473 0.48852 0.513148 0.537212 0.560573 0.5831 0.60467 0.625171 0.6445 0.662566 0.679288 0.694595 0.708428 0.720735 0.731474 0.740611 0.748118 0.753976 0.758167 0.760681 0.761512 0.760658 0.75812 0.753903 0.748019 0.740481 0.731312 0.720537 0.708192 0.694318 0.678967 0.6622 0.644088 0.624713 0.604167 0.582554 0.559989 0.536593 0.5125 0.48785 0.462787 0.437462 0.412025 0.386629 0.361423 0.336552 0.312154 0.28836 0.265289 0.243049 0.221735 0.201429 0.182197 0.164092 0.147151 0.131398 0.116843 0.103486 0.0913135 0.0803058 0.070434 0.0616645 0.0539597 0.0472801 0.0415864 0.0368407 0.0330082 0.0300588 0.0279676 0.0267177 
