0.00327335 0.00330246 0.00339662 0.00355655 0.0037831 0.00407744 0.00444098 0.00487539 0.00538249 0.00596425 0.00662268 0.00735978 0.00817746 0.00907748 0.0100613 0.0111302 0.0122849 0.0135255 0.014852 0.0162633 0.0177577 0.0193329 0.0209856 0.0227118 0.0245066 0.0263639 0.0282772 0.0302388 0.0322401 0.0342719 0.036324 0.0383858 0.0404459 0.0424922 0.0445127 0.0464946 0.0484251 0.0502916 0.0520812 0.0537816 0.0553805 0.0568664 0.0582284 0.0594562 0.0605406 0.0614733 0.062247 0.0628558 0.0632949 0.0635609 0.0636516 0.0635665 0.0633061 0.0628726 0.0622694 0.0615012 0.0605741 0.0594953 0.058273 0.0569166 0.0554361 0.0538425 0.0521475 0.0503631 0.0485016 0.0465759 0.0445987 0.0425827 0.0405404 0.0384842 0.0364259 0.0343769 0.0323478 0.0303487 0.0283889 0.0264769 0.0246203 0.0228259 0.0210994 0.0194458 0.0178692 0.0163729 0.0149592 0.0136298 0.0123857 0.0112272 0.0101539 0.00916532 0.00826015 0.00743695 0.00669403 0.00602948 0.00544135 0.00492765 0.00448647 0.004116 0.00381461 0.00358091 0.00341378 0.00331258 
0.00330246 0.00333185 0.00342686 0.00358822 0.00381679 0.00411373 0.00448048 0.00491871 0.00543027 0.00601711 0.00668128 0.00742479 0.00824955 0.00915733 0.0101496 0.0112276 0.0123921 0.0136433 0.014981 0.0164041 0.017911 0.0194993 0.0211657 0.0229061 0.0247155 0.026588 0.0285167 0.0304941 0.0325114 0.0345594 0.0366278 0.0387059 0.0407821 0.0428444 0.0448806 0.0468778 0.0488232 0.050704 0.0525073 0.0542205 0.0558316 0.0573287 0.0587009 0.059938 0.0610305 0.0619701 0.0627496 0.0633629 0.0638052 0.0640731 0.0641645 0.0640787 0.0638163 0.0633795 0.0627717 0.0619978 0.0610637 0.0599767 0.0587452 0.0573785 0.0558868 0.0542811 0.0525731 0.050775 0.0488993 0.0469587 0.0449662 0.0429344 0.0408762 0.0388039 0.0367293 0.034664 0.0326188 0.0306037 0.0286282 0.0267008 0.0248291 0.02302 0.0212793 0.0196121 0.0180225 0.0165137 0.0150882 0.0137477 0.0124931 0.0113247 0.0102424 0.00924531 0.00833239 0.00750212 0.00675279 0.0060825 0.00548928 0.00497112 0.0045261 0.0041524 0.00384839 0.00361266 0.00344407 0.003342 
0.00339662 0.00342686 0.00352447 0.0036902 0.00392492 0.00422982 0.00460635 0.00505622 0.00558131 0.00618361 0.00686518 0.00762807 0.00847422 0.00940541 0.0104232 0.0115287 0.0127226 0.0140054 0.0153765 0.0168349 0.0183791 0.0200064 0.0217134 0.0234959 0.0253489 0.0272661 0.0292407 0.0312647 0.0333293 0.035425 0.0375413 0.0396672 0.0417909 0.0439002 0.0459824 0.0480245 0.0500135 0.0519361 0.0537794 0.0555305 0.0571769 0.0587068 0.060109 0.0613729 0.062489 0.0634489 0.0642452 0.0648716 0.0653234 0.0655969 0.0656902 0.0656023 0.0653342 0.0648878 0.0642668 0.0634759 0.0625214 0.0614107 0.0601522 0.0587554 0.0572309 0.0555897 0.0538439 0.0520058 0.0500882 0.048104 0.0460666 0.0439888 0.0418838 0.039764 0.0376417 0.0355286 0.0334357 0.0313734 0.0293513 0.0273782 0.0254619 0.0236093 0.0218266 0.0201189 0.0184904 0.0169445 0.0154837 0.0141098 0.0128238 0.011626 0.0105162 0.00949374 0.00855744 0.0077058 0.0069371 0.0062494 0.00564071 0.005109 0.00465231 0.00426879 0.00395678 0.00371485 0.00354185 0.00343712 
0.00355655 0.00358822 0.0036902 0.00386326 0.0041083 0.00442653 0.00481947 0.00528886 0.00583661 0.0064648 0.00717551 0.00797084 0.00885278 0.00982313 0.0108834 0.0120348 0.0132781 0.0146134 0.0160404 0.0175579 0.0191641 0.0208563 0.022631 0.0244838 0.0264092 0.0284009 0.0304517 0.0325533 0.0346965 0.0368715 0.0390674 0.0412727 0.0434752 0.0456623 0.0478209 0.0499376 0.0519988 0.0539909 0.0559005 0.0577142 0.0594193 0.0610035 0.0624552 0.0637637 0.064919 0.0659125 0.0667365 0.0673847 0.0678521 0.068135 0.0682312 0.0681401 0.0678623 0.0674001 0.0667571 0.0659382 0.06495 0.0637998 0.0624966 0.0610502 0.0594712 0.0577713 0.0559627 0.0540582 0.0520711 0.0500148 0.0479028 0.0457487 0.0435658 0.0413673 0.0391657 0.0369731 0.0348011 0.0326604 0.0305609 0.0285118 0.0265211 0.0245963 0.0227436 0.0209684 0.0192751 0.0176673 0.0161477 0.014718 0.0133795 0.0121325 0.0109769 0.00991199 0.00893659 0.0080492 0.00724807 0.00653123 0.00589664 0.00534223 0.00486598 0.004466 0.00414058 0.00388826 0.00370783 0.00359865 
0.0037831 0.00381679 0.00392492 0.0041083 0.00436786 0.00470486 0.00512088 0.00561771 0.00619735 0.00686192 0.0076136 0.00845453 0.00938675 0.0104121 0.0115321 0.012748 0.0140604 0.0154695 0.0169748 0.0185751 0.0202683 0.0220516 0.0239211 0.0258722 0.0278991 0.029995 0.0321524 0.0343625 0.0366157 0.0389016 0.0412087 0.0435249 0.0458377 0.0481336 0.050399 0.0526198 0.0547818 0.0568709 0.0588729 0.0607741 0.0625611 0.064221 0.0657419 0.0671124 0.0683224 0.0693627 0.0702255 0.070904 0.0713931 0.0716891 0.0717896 0.0716938 0.0714027 0.0709183 0.0702446 0.0693867 0.0683513 0.0671463 0.0657807 0.0642649 0.06261 0.060828 0.0589319 0.0569348 0.0548507 0.0526935 0.0504774 0.0482166 0.0459251 0.0436165 0.041304 0.0390004 0.0367178 0.0344673 0.0322595 0.030104 0.0280094 0.0259834 0.0240326 0.0221628 0.0203788 0.0186842 0.017082 0.0155742 0.0141621 0.0128461 0.0116262 0.0105016 0.00947132 0.00853371 0.00768701 0.00692922 0.00625822 0.00567189 0.00516813 0.00474499 0.00440071 0.00413376 0.0039429 0.00382746 
0.00407744 0.00411373 0.00422982 0.00442653 0.00470486 0.00506613 0.00551196 0.00604425 0.00666508 0.00737665 0.00818123 0.00908102 0.0100781 0.0111744 0.0123715 0.0136705 0.0150721 0.0165764 0.0181827 0.0198895 0.0216948 0.0235953 0.0255868 0.0276644 0.0298218 0.0320519 0.0343464 0.036696 0.0390905 0.0415188 0.0439688 0.0464276 0.0488819 0.0513174 0.0537198 0.0560741 0.0583656 0.060579 0.0626997 0.064713 0.066605 0.068362 0.0699715 0.0714216 0.0727017 0.073802 0.0747143 0.0754318 0.0759488 0.0762614 0.0763673 0.0762657 0.0759574 0.0754447 0.0747317 0.0738238 0.0727279 0.0714525 0.070007 0.0684022 0.06665 0.0647629 0.0627544 0.0606386 0.05843 0.0561434 0.0537938 0.0513961 0.048965 0.046515 0.0440602 0.041614 0.0391892 0.0367977 0.0344507 0.0321584 0.02993 0.0277738 0.0256969 0.0237054 0.0218044 0.0199981 0.0182896 0.0166811 0.0151741 0.0137691 0.0124662 0.0112648 0.0101636 0.00916119 0.00825567 0.007445 0.00672699 0.00609942 0.00556013 0.00510708 0.00473843 0.00445258 0.00424824 0.0041247 
0.00444098 0.00448048 0.00460635 0.00481947 0.00512088 0.00551196 0.00599445 0.00657031 0.00724174 0.00801104 0.00888057 0.00985263 0.0109294 0.0121128 0.0134044 0.0148054 0.0163163 0.0179372 0.0196672 0.0215047 0.0234471 0.0254911 0.0276321 0.0298645 0.0321816 0.0345757 0.0370377 0.0395579 0.0421251 0.0447274 0.0473518 0.0499847 0.0526116 0.0552176 0.0577871 0.0603044 0.0627536 0.0651187 0.067384 0.069534 0.0715539 0.0734293 0.0751467 0.0766938 0.0780592 0.0792326 0.0802053 0.0809701 0.081521 0.081854 0.0819665 0.0818577 0.0815285 0.0809813 0.0802204 0.0792516 0.0780822 0.076721 0.0751781 0.073465 0.0715941 0.0695788 0.0674334 0.0651729 0.0628126 0.0603682 0.0578556 0.0552908 0.0526895 0.050067 0.0474384 0.044818 0.0422194 0.0396556 0.0371385 0.0346789 0.032287 0.0299715 0.0277402 0.0255997 0.0235556 0.0216124 0.0197737 0.0180418 0.0164185 0.0149044 0.0134998 0.012204 0.0110159 0.00993391 0.00895619 0.00808058 0.00730483 0.00662662 0.00604368 0.00555387 0.00515527 0.0048462 0.00462529 0.00449181 
0.00487539 0.00491871 0.00505622 0.00528886 0.00561771 0.00604425 0.00657031 0.00719798 0.00792954 0.00876744 0.00971413 0.010772 0.0119434 0.0132301 0.0146339 0.0161559 0.0177965 0.0195556 0.0214322 0.0234245 0.0255295 0.0277434 0.0300612 0.0324768 0.0349828 0.0375707 0.040231 0.0429526 0.0457238 0.0485316 0.0513621 0.0542004 0.0570312 0.0598381 0.0626048 0.0653142 0.0679494 0.0704932 0.0729289 0.07524 0.0774105 0.0794252 0.0812698 0.082931 0.0843968 0.0856562 0.0867 0.0875205 0.0881114 0.0884683 0.0885886 0.0884713 0.0881174 0.0875297 0.0867124 0.0856719 0.0844159 0.0829537 0.0812962 0.0794555 0.0774449 0.0752787 0.072972 0.0705409 0.0680017 0.0653713 0.0626666 0.0599048 0.0571025 0.0542765 0.0514427 0.0486166 0.0458129 0.0430454 0.0403272 0.03767 0.0350846 0.0325807 0.0301667 0.0278499 0.0256363 0.0235311 0.021538 0.0196599 0.0178987 0.0162553 0.01473 0.0133222 0.0120309 0.0108545 0.00979101 0.00883828 0.00799393 0.00725554 0.00662072 0.00608723 0.00565303 0.00531635 0.00507575 0.00493045 
0.00538249 0.00543027 0.00558131 0.00583661 0.00619735 0.00666508 0.00724174 0.00792954 0.00873092 0.00964842 0.0106846 0.0118421 0.0131231 0.0145297 0.0160635 0.0177256 0.0195164 0.0214355 0.0234818 0.0256531 0.027946 0.0303564 0.0328786 0.0355057 0.0382299 0.0410417 0.0439306 0.0468847 0.0498912 0.0529359 0.0560037 0.0590787 0.0621442 0.0651826 0.0681762 0.0711067 0.0739558 0.0767052 0.0793368 0.0818329 0.0841765 0.0863513 0.088342 0.0901343 0.0917154 0.0930736 0.0941991 0.0950834 0.0957202 0.0961046 0.0962338 0.0961068 0.0957246 0.0950902 0.0942083 0.0930854 0.0917299 0.0901518 0.0883627 0.0863754 0.0842042 0.0818645 0.0793724 0.0767451 0.0740003 0.0711558 0.0682301 0.0652414 0.0622079 0.0591474 0.0560772 0.053014 0.0499738 0.0469716 0.0440214 0.0411361 0.0383274 0.0356059 0.0329808 0.0304602 0.0280508 0.0257581 0.0235865 0.0215391 0.0196183 0.0178251 0.01616 0.0146225 0.0132116 0.0119257 0.0107628 0.00972062 0.00879668 0.00798845 0.00729342 0.00670922 0.00623368 0.00586494 0.00560148 0.00544246 
0.00596425 0.00601711 0.00618361 0.0064648 0.00686192 0.00737665 0.00801104 0.00876744 0.00964842 0.0106567 0.0117949 0.0130658 0.0144717 0.0160148 0.0176966 0.0195181 0.0214797 0.0235808 0.02582 0.0281946 0.0307011 0.0333345 0.0360886 0.0389558 0.0419273 0.0449928 0.0481408 0.0513583 0.0546311 0.0579439 0.0612803 0.064623 0.0679538 0.0712538 0.0745038 0.0776839 0.0807746 0.083756 0.0866087 0.0893136 0.0918525 0.0942079 0.0963632 0.0983033 0.100014 0.101484 0.102701 0.103658 0.104346 0.104761 0.104901 0.104763 0.104349 0.103662 0.102707 0.101491 0.100024 0.0983148 0.0963772 0.0942247 0.0918724 0.089337 0.0866357 0.0837871 0.08081 0.0777239 0.0745485 0.0713036 0.0680086 0.064683 0.0613454 0.0580141 0.0547062 0.0514381 0.0482251 0.0450813 0.0420195 0.0390513 0.0361868 0.0334349 0.0308031 0.0282975 0.0259231 0.0236834 0.0215811 0.0196175 0.0177934 0.0161082 0.0145612 0.0131505 0.0118744 0.0107302 0.00971558 0.00882772 0.00806403 0.00742199 0.00689931 0.00649401 0.00620447 0.00602981 
0.00662268 0.00668128 0.00686518 0.00717551 0.0076136 0.00818123 0.00888057 0.00971413 0.0106846 0.0117949 0.0130479 0.0144462 0.0159924 0.0176887 0.0195366 0.021537 0.0236902 0.0259953 0.0284506 0.0310532 0.0337987 0.0366817 0.0396952 0.0428309 0.0460789 0.0494279 0.0528652 0.0563766 0.0599467 0.0635586 0.0671945 0.0708355 0.074462 0.0780533 0.0815886 0.0850467 0.0884061 0.0916455 0.094744 0.0976811 0.100437 0.102993 0.105331 0.107435 0.109291 0.110884 0.112203 0.11324 0.113985 0.114435 0.114585 0.114435 0.113986 0.113241 0.112205 0.110886 0.109294 0.10744 0.105338 0.103002 0.100448 0.0976951 0.0947614 0.0916666 0.0884312 0.0850762 0.0816229 0.0780926 0.0745065 0.0708855 0.0672499 0.0636195 0.060013 0.0564483 0.0529419 0.0495094 0.0461648 0.0429208 0.0397885 0.0367779 0.0338972 0.0311532 0.0285516 0.0260964 0.0237906 0.021636 0.0196334 0.0177825 0.0160826 0.0145319 0.0131285 0.0118698 0.0107532 0.00977579 0.00893488 0.00822779 0.00765208 0.00720564 0.00688676 0.0066945 
0.00735978 0.00742479 0.00762807 0.00797084 0.00845453 0.00908102 0.00985263 0.010772 0.0118421 0.0130658 0.0144462 0.0159861 0.0176882 0.0195545 0.0215867 0.0237856 0.0261512 0.0286825 0.0313772 0.034232 0.0372421 0.0404013 0.0437017 0.0471341 0.0506876 0.0543497 0.0581064 0.0619421 0.0658399 0.0697815 0.0737474 0.077717 0.0816688 0.0855808 0.08943 0.0931936 0.0968484 0.100371 0.10374 0.106932 0.109926 0.112702 0.115241 0.117525 0.119539 0.121267 0.122699 0.123823 0.124631 0.125118 0.125281 0.125118 0.124629 0.12382 0.122696 0.121264 0.119535 0.117522 0.115239 0.112701 0.109927 0.106935 0.103746 0.100381 0.0968619 0.0932114 0.0894525 0.0856082 0.0817017 0.0777555 0.0737917 0.0698317 0.0658961 0.0620042 0.0581742 0.054423 0.0507661 0.0472173 0.0437892 0.0404924 0.0373363 0.0343286 0.0314754 0.0287814 0.0262502 0.0238837 0.0216831 0.0196484 0.0177788 0.0160726 0.0145278 0.0131418 0.0119119 0.010835 0.00990823 0.00912879 0.00849409 0.0080019 0.00765038 0.00743855 
0.00817746 0.00824955 0.00847422 0.00885278 0.00938675 0.0100781 0.0109294 0.0119434 0.0131231 0.0144717 0.0159924 0.0176882 0.0195616 0.021615 0.0238498 0.0262667 0.0288656 0.0316451 0.0346025 0.037734 0.0410341 0.0444958 0.0481104 0.0518675 0.0557552 0.0597596 0.0638653 0.0680553 0.0723109 0.0766123 0.0809381 0.0852659 0.0895725 0.0938336 0.0980247 0.102121 0.106097 0.109928 0.11359 0.117059 0.120312 0.123327 0.126084 0.128564 0.130749 0.132625 0.134178 0.135397 0.136273 0.136801 0.136977 0.136799 0.136269 0.13539 0.13417 0.132615 0.130739 0.128553 0.126073 0.123317 0.120303 0.117051 0.113585 0.109925 0.106098 0.102125 0.0980338 0.0938478 0.0895922 0.0852915 0.0809699 0.0766505 0.0723556 0.0681065 0.0639229 0.0598235 0.055825 0.051943 0.0481909 0.0445809 0.0411231 0.0378262 0.0346971 0.0317412 0.0289624 0.0263634 0.0239454 0.0217086 0.0196524 0.0177752 0.0160748 0.0145488 0.013194 0.0120075 0.0109862 0.0101271 0.00942736 0.00888474 0.00849727 0.00826387 
0.00907748 0.00915733 0.00940541 0.00982313 0.0104121 0.0111744 0.0121128 0.0132301 0.0145297 0.0160148 0.0176887 0.0195545 0.021615 0.0238723 0.026328 0.0289825 0.0318354 0.0348851 0.0381284 0.0415608 0.0451761 0.0489665 0.0529222 0.0570318 0.0612819 0.0656574 0.0701413 0.0747149 0.0793579 0.0840485 0.0887635 0.0934785 0.0981681 0.102806 0.107366 0.111821 0.116144 0.120308 0.124286 0.128053 0.131585 0.134857 0.137849 0.140539 0.142908 0.144942 0.146626 0.147947 0.148897 0.149469 0.149659 0.149465 0.14889 0.147937 0.146612 0.144926 0.14289 0.140518 0.137827 0.134836 0.131563 0.128033 0.124267 0.120291 0.11613 0.111811 0.107361 0.102806 0.0981733 0.0934897 0.0887812 0.0840731 0.0793896 0.0747537 0.0701873 0.0657104 0.0613418 0.0570981 0.0529945 0.0490443 0.0452588 0.0416476 0.0382185 0.0349776 0.0319294 0.0290771 0.0264221 0.0239651 0.0217054 0.0196416 0.0177716 0.0160925 0.0146016 0.0132954 0.0121707 0.0112244 0.0104537 0.00985596 0.00942918 0.00917222 
0.0100613 0.0101496 0.0104232 0.0108834 0.0115321 0.0123715 0.0134044 0.0146339 0.0160635 0.0176966 0.0195366 0.0215867 0.0238498 0.026328 0.0290226 0.0319341 0.0350618 0.0384034 0.0419555 0.0457127 0.0496681 0.0538129 0.0581363 0.0626255 0.0672659 0.0720407 0.0769313 0.0819173 0.0869764 0.0920848 0.0972174 0.102348 0.107448 0.11249 0.117445 0.122284 0.126978 0.131497 0.135813 0.139899 0.143729 0.147276 0.150518 0.153432 0.155999 0.158201 0.160024 0.161454 0.162482 0.163101 0.163306 0.163096 0.162472 0.161439 0.160005 0.158178 0.155972 0.153402 0.150485 0.147242 0.143694 0.139865 0.13578 0.131465 0.126948 0.122258 0.117424 0.112474 0.107437 0.102343 0.0972196 0.0920943 0.0869935 0.0819422 0.0769642 0.0720815 0.0673144 0.0626815 0.0581993 0.0538824 0.0497434 0.0457931 0.0420401 0.0384914 0.0351522 0.0320259 0.0291147 0.0264193 0.0239394 0.0216735 0.0196195 0.0177748 0.016136 0.0147 0.0134632 0.0124224 0.0115746 0.0109171 0.0104476 0.0101651 
0.0111302 0.0112276 0.0115287 0.0120348 0.012748 0.0136705 0.0148054 0.0161559 0.0177256 0.0195181 0.021537 0.0237856 0.0262667 0.0289825 0.0319341 0.0351219 0.0385446 0.0421997 0.046083 0.0501886 0.0545086 0.0590331 0.0637501 0.0686455 0.0737031 0.0789047 0.0842297 0.0896558 0.0951589 0.100713 0.106291 0.111863 0.117401 0.122873 0.128248 0.133495 0.138582 0.143479 0.148154 0.152579 0.156724 0.160562 0.164069 0.167221 0.169997 0.172378 0.174348 0.175894 0.177004 0.177672 0.177893 0.177666 0.176991 0.175874 0.174322 0.172347 0.169961 0.167181 0.164025 0.160516 0.156675 0.152529 0.148105 0.143431 0.138536 0.133452 0.128209 0.122838 0.117372 0.111841 0.106276 0.100706 0.0951599 0.0896653 0.0842479 0.0789317 0.0737388 0.0686896 0.0638022 0.0590928 0.0545752 0.0502614 0.0461612 0.0422822 0.0386304 0.03521 0.0320234 0.0290718 0.0263549 0.0238716 0.0216196 0.0195963 0.0177984 0.0162225 0.0148649 0.0137222 0.0127912 0.0120692 0.0115537 0.0112436 
0.0122849 0.0123921 0.0127226 0.0132781 0.0140604 0.0150721 0.0163163 0.0177965 0.0195164 0.0214797 0.0236902 0.0261512 0.0288656 0.0318354 0.0350618 0.0385446 0.0422823 0.046272 0.0505087 0.0549856 0.0596939 0.0646226 0.0697584 0.0750858 0.080587 0.0862417 0.0920279 0.0979209 0.103895 0.109921 0.11597 0.12201 0.12801 0.133937 0.139756 0.145434 0.150937 0.156232 0.161285 0.166066 0.170544 0.174689 0.178476 0.181878 0.184873 0.187442 0.189568 0.191234 0.192432 0.193152 0.19339 0.193144 0.192415 0.19121 0.189535 0.187403 0.184828 0.181826 0.178419 0.174629 0.170481 0.166001 0.161219 0.156166 0.150872 0.145372 0.139697 0.133883 0.127962 0.121969 0.115936 0.109895 0.103878 0.0979135 0.0920299 0.0862534 0.0806083 0.0751167 0.0697984 0.0646713 0.0597507 0.0550496 0.0505792 0.0463479 0.0423627 0.0386282 0.0351475 0.031922 0.0289518 0.0262358 0.023772 0.0215575 0.0195892 0.0178633 0.0163763 0.0151244 0.0141043 0.0133131 0.0127483 0.0124086 
0.0135255 0.0136433 0.0140054 0.0146134 0.0154695 0.0165764 0.0179372 0.0195556 0.0214355 0.0235808 0.0259953 0.0286825 0.0316451 0.0348851 0.0384034 0.0421997 0.046272 0.0506166 0.055228 0.0600986 0.0652183 0.0705749 0.0761539 0.081938 0.0879078 0.0940412 0.100314 0.106699 0.113169 0.119693 0.126238 0.132771 0.139257 0.145661 0.151946 0.158076 0.164016 0.169728 0.175179 0.180333 0.185159 0.189626 0.193704 0.197368 0.200593 0.203359 0.205646 0.20744 0.208728 0.209502 0.209758 0.209492 0.208708 0.20741 0.205607 0.203311 0.200537 0.197305 0.193634 0.189551 0.18508 0.180251 0.175094 0.169644 0.163932 0.157995 0.151867 0.145587 0.139189 0.132709 0.126184 0.119647 0.113133 0.106673 0.100298 0.094036 0.0879132 0.0819541 0.0761802 0.0706112 0.0652638 0.0601526 0.0552897 0.0506849 0.0463458 0.0422778 0.0384846 0.034968 0.0317285 0.028765 0.0260757 0.0236578 0.0215079 0.0196223 0.0179973 0.0166289 0.0155138 0.0146489 0.0140315 0.0136603 
0.014852 0.014981 0.0153765 0.0160404 0.0169748 0.0181827 0.0196672 0.0214322 0.0234818 0.02582 0.0284506 0.0313772 0.0346025 0.0381284 0.0419555 0.046083 0.0505087 0.055228 0.0602348 0.0655203 0.0710735 0.0768808 0.082926 0.0891905 0.0956528 0.102289 0.109072 0.115975 0.122964 0.130009 0.137073 0.144121 0.151116 0.158019 0.164791 0.171393 0.177788 0.183935 0.189799 0.195343 0.200531 0.205332 0.209715 0.213651 0.217115 0.220084 0.22254 0.224466 0.225848 0.226679 0.226953 0.226667 0.225824 0.22443 0.222493 0.220027 0.217048 0.213575 0.209631 0.205242 0.200435 0.195243 0.189696 0.183831 0.177683 0.17129 0.164691 0.157923 0.151025 0.144038 0.136997 0.129942 0.122907 0.115928 0.109037 0.102265 0.0956409 0.0891903 0.0829373 0.0769031 0.0711064 0.065563 0.0602864 0.0552875 0.0505748 0.0461547 0.0420312 0.0382069 0.0346824 0.031457 0.028529 0.0258955 0.0235533 0.0214984 0.0197271 0.0182352 0.0170193 0.0160761 0.015403 0.0149984 
0.0162633 0.0164041 0.0168349 0.0175579 0.0185751 0.0198895 0.0215047 0.0234245 0.0256531 0.0281946 0.0310532 0.034232 0.037734 0.0415608 0.0457127 0.0501886 0.0549856 0.0600986 0.0655203 0.0712411 0.0772487 0.0835281 0.0900616 0.0968286 0.103806 0.110967 0.118284 0.125725 0.133257 0.140845 0.14845 0.156034 0.163557 0.170979 0.178257 0.185349 0.192216 0.198815 0.205107 0.211053 0.216617 0.221764 0.226461 0.230679 0.23439 0.23757 0.2402 0.242262 0.243742 0.244631 0.244923 0.244617 0.243714 0.242221 0.240146 0.237504 0.234312 0.23059 0.226363 0.221658 0.216504 0.210935 0.204984 0.19869 0.19209 0.185224 0.178134 0.17086 0.163444 0.155927 0.148351 0.140755 0.133178 0.125657 0.118228 0.110924 0.103775 0.0968106 0.0900563 0.0835351 0.0772676 0.0712711 0.0655605 0.060148 0.055043 0.0502527 0.045782 0.041634 0.0378095 0.0343084 0.0311288 0.0282682 0.0257231 0.0234897 0.021564 0.0199419 0.0186196 0.0175938 0.0168617 0.0164219 
0.0177577 0.017911 0.0183791 0.0191641 0.0202683 0.0216948 0.0234471 0.0255295 0.027946 0.0307011 0.0337987 0.0372421 0.0410341 0.0451761 0.0496681 0.0545086 0.0596939 0.0652183 0.0710735 0.0772487 0.0837304 0.090502 0.0975441 0.104834 0.112347 0.120055 0.127926 0.135927 0.144021 0.152171 0.160337 0.168476 0.176547 0.184504 0.192305 0.199904 0.207257 0.214322 0.221056 0.227417 0.233368 0.238871 0.243892 0.248399 0.252364 0.255761 0.25857 0.260771 0.262351 0.2633 0.263612 0.263284 0.26232 0.260724 0.258508 0.255685 0.252274 0.248297 0.243779 0.238748 0.233237 0.227279 0.220912 0.214175 0.207109 0.199755 0.192158 0.184361 0.176408 0.168345 0.160214 0.152058 0.143918 0.135835 0.127847 0.11999 0.112296 0.104797 0.0975207 0.0904922 0.0837338 0.0772647 0.071101 0.0652564 0.0597413 0.054564 0.04973 0.045243 0.0411044 0.0373142 0.0338709 0.030772 0.0280141 0.0255933 0.0235055 0.0217465 0.0203125 0.0192 0.018406 0.0179292 
0.0193329 0.0194993 0.0200064 0.0208563 0.0220516 0.0235953 0.0254911 0.0277434 0.0303564 0.0333345 0.0366817 0.0404013 0.0444958 0.0489665 0.0538129 0.0590331 0.0646226 0.0705749 0.0768808 0.0835281 0.090502 0.0977843 0.105354 0.113186 0.121254 0.129526 0.13797 0.146549 0.155225 0.163955 0.172699 0.18141 0.190044 0.198553 0.20689 0.21501 0.222864 0.230406 0.237593 0.24438 0.250727 0.256595 0.261947 0.26675 0.270975 0.274594 0.277585 0.27993 0.281612 0.282622 0.282954 0.282604 0.281577 0.279877 0.277515 0.274508 0.270874 0.266635 0.261819 0.256455 0.250578 0.244222 0.237428 0.230237 0.222692 0.214837 0.206719 0.198384 0.18988 0.181253 0.17255 0.163816 0.155097 0.146434 0.137868 0.129438 0.121181 0.113128 0.105311 0.0977563 0.0904886 0.0835287 0.0768944 0.0706005 0.0646589 0.0590787 0.0538664 0.0490261 0.04456 0.0404683 0.0367498 0.0334021 0.0304219 0.0278053 0.0255481 0.0236461 0.0220952 0.020892 0.0200333 0.0195178 
0.0209856 0.0211657 0.0217134 0.022631 0.0239211 0.0255868 0.0276321 0.0300612 0.0328786 0.0360886 0.0396952 0.0437017 0.0481104 0.0529222 0.0581363 0.0637501 0.0697584 0.0761539 0.082926 0.0900616 0.0975441 0.105354 0.113468 0.121859 0.130498 0.139353 0.148386 0.157559 0.166832 0.176159 0.185495 0.194792 0.204003 0.213077 0.221965 0.230615 0.238981 0.247011 0.25466 0.261881 0.268632 0.274871 0.280561 0.285666 0.290155 0.294 0.297177 0.299667 0.301454 0.302526 0.302878 0.302506 0.301414 0.299608 0.297099 0.293904 0.290042 0.285537 0.280418 0.274715 0.268464 0.261704 0.254474 0.246819 0.238785 0.230418 0.221767 0.212882 0.203813 0.194608 0.185319 0.175993 0.166677 0.157418 0.148259 0.13924 0.130402 0.121779 0.113404 0.105306 0.0975126 0.0900455 0.0829244 0.0761657 0.0697824 0.0637848 0.0581802 0.0529736 0.0481676 0.0437628 0.0397584 0.0361522 0.0329409 0.0301207 0.0276873 0.0256364 0.0239639 0.0226662 0.0217403 0.0211844 
0.0227118 0.0229061 0.0234959 0.0244838 0.0258722 0.0276644 0.0298645 0.0324768 0.0355057 0.0389558 0.0428309 0.0471341 0.0518675 0.0570318 0.0626255 0.0686455 0.0750858 0.081938 0.0891905 0.0968286 0.104834 0.113186 0.121859 0.130824 0.14005 0.149501 0.159138 0.16892 0.178802 0.188739 0.19868 0.208576 0.218375 0.228024 0.237472 0.246664 0.255549 0.264075 0.272193 0.279855 0.287016 0.293632 0.299664 0.305074 0.309831 0.313904 0.31727 0.319906 0.321798 0.322934 0.323306 0.322912 0.321755 0.319841 0.317184 0.313798 0.309706 0.304932 0.299505 0.293458 0.286829 0.279657 0.271986 0.26386 0.255329 0.246441 0.237248 0.227803 0.218157 0.208364 0.198476 0.188545 0.178621 0.168751 0.158984 0.149363 0.139929 0.130721 0.121773 0.113118 0.104783 0.0967946 0.0891725 0.0819349 0.0750964 0.0686683 0.0626589 0.057074 0.0519168 0.0471885 0.0428885 0.0390148 0.0355644 0.0325333 0.0299174 0.0277123 0.0259139 0.0245183 0.0235226 0.022925 
0.0245066 0.0247155 0.0253489 0.0264092 0.0278991 0.0298218 0.0321816 0.0349828 0.0382299 0.0419273 0.0460789 0.0506876 0.0557552 0.0612819 0.0672659 0.0737031 0.080587 0.0879078 0.0956528 0.103806 0.112347 0.121254 0.130498 0.14005 0.149874 0.159933 0.170186 0.180588 0.191092 0.201648 0.212204 0.222708 0.233104 0.243337 0.253352 0.263092 0.272503 0.28153 0.290123 0.29823 0.305805 0.312801 0.319177 0.324896 0.329922 0.334226 0.337781 0.340565 0.342563 0.343762 0.344154 0.343738 0.342516 0.340494 0.337687 0.33411 0.329786 0.32474 0.319003 0.31261 0.305599 0.298012 0.289894 0.281292 0.272258 0.262843 0.253102 0.243088 0.232858 0.222468 0.211972 0.201426 0.190882 0.180392 0.170005 0.159769 0.149728 0.139922 0.130389 0.121164 0.112276 0.103753 0.0956171 0.0878886 0.080583 0.0737129 0.0672878 0.061314 0.0557957 0.0507345 0.0461302 0.041981 0.0382842 0.0350359 0.0322318 0.0298677 0.0279393 0.0264429 0.0253751 0.0247345 
0.0263639 0.026588 0.0272661 0.0284009 0.029995 0.0320519 0.0345757 0.0375707 0.0410417 0.0449928 0.0494279 0.0543497 0.0597596 0.0656574 0.0720407 0.0789047 0.0862417 0.0940412 0.102289 0.110967 0.120055 0.129526 0.139353 0.149501 0.159933 0.170611 0.181488 0.192518 0.203651 0.214835 0.226014 0.237132 0.248131 0.258953 0.26954 0.279832 0.289773 0.299305 0.308375 0.31693 0.32492 0.332297 0.33902 0.345048 0.350344 0.354879 0.358623 0.361557 0.363661 0.364923 0.365336 0.364897 0.363609 0.36148 0.358522 0.354753 0.350196 0.344878 0.33883 0.332089 0.324695 0.316691 0.308124 0.299044 0.289504 0.279558 0.269263 0.258677 0.247857 0.236863 0.225753 0.214584 0.203412 0.192293 0.181279 0.170419 0.15976 0.149347 0.139219 0.129413 0.119962 0.110894 0.102235 0.0940049 0.0862223 0.0789005 0.0720501 0.0656785 0.0597905 0.0543883 0.0494721 0.0450406 0.0410911 0.0376198 0.0346227 0.0320954 0.0300336 0.0284335 0.0272918 0.026607 
0.0282772 0.0285167 0.0292407 0.0304517 0.0321524 0.0343464 0.0370377 0.040231 0.0439306 0.0481408 0.0528652 0.0581064 0.0638653 0.0701413 0.0769313 0.0842297 0.0920279 0.100314 0.109072 0.118284 0.127926 0.13797 0.148386 0.159138 0.170186 0.181488 0.192996 0.204661 0.216429 0.228245 0.24005 0.251786 0.263392 0.274806 0.285966 0.296813 0.307285 0.317323 0.32687 0.335873 0.344278 0.352037 0.359105 0.365441 0.371008 0.375772 0.379707 0.382788 0.384997 0.386323 0.386756 0.386295 0.384942 0.382705 0.379597 0.375637 0.370848 0.365258 0.358901 0.351812 0.344035 0.335613 0.326597 0.317038 0.306991 0.296513 0.285663 0.274501 0.263089 0.251488 0.23976 0.227964 0.21616 0.204407 0.192758 0.181268 0.169986 0.158958 0.148227 0.137833 0.12781 0.11819 0.108998 0.10026 0.0919919 0.0842106 0.0769273 0.0701505 0.0638857 0.0581359 0.0529016 0.048182 0.0439745 0.0402756 0.0370812 0.0343871 0.032189 0.0304829 0.0292657 0.0285356 
0.0302388 0.0304941 0.0312647 0.0325533 0.0343625 0.036696 0.0395579 0.0429526 0.0468847 0.0513583 0.0563766 0.0619421 0.0680553 0.0747149 0.0819173 0.0896558 0.0979209 0.106699 0.115975 0.125725 0.135927 0.146549 0.157559 0.16892 0.180588 0.192518 0.204661 0.216963 0.229368 0.241818 0.254252 0.266607 0.278819 0.290825 0.302559 0.313959 0.32496 0.335502 0.345526 0.354974 0.363792 0.371931 0.379342 0.385985 0.391819 0.396812 0.400934 0.404162 0.406477 0.407865 0.408319 0.407836 0.406418 0.404074 0.400818 0.396668 0.391649 0.385789 0.379123 0.37169 0.363531 0.354695 0.345231 0.335195 0.324642 0.313633 0.302229 0.290493 0.278488 0.26628 0.253932 0.241508 0.22907 0.216679 0.204394 0.19227 0.180359 0.168713 0.157375 0.146387 0.135787 0.125609 0.11588 0.106626 0.0978676 0.0896209 0.0818991 0.0747115 0.0680645 0.0619618 0.0564046 0.0513923 0.0469226 0.0429923 0.0395974 0.0367336 0.0343968 0.0325829 0.0312888 0.0305128 
0.0322401 0.0325114 0.0333293 0.0346965 0.0366157 0.0390905 0.0421251 0.0457238 0.0498912 0.0546311 0.0599467 0.0658399 0.0723109 0.0793579 0.0869764 0.0951589 0.103895 0.113169 0.122964 0.133257 0.144021 0.155225 0.166832 0.178802 0.191092 0.203651 0.216429 0.229368 0.24241 0.255493 0.268553 0.281525 0.294342 0.306936 0.319241 0.33119 0.342718 0.35376 0.364255 0.374145 0.383372 0.391886 0.399638 0.406583 0.412682 0.417901 0.422209 0.425581 0.428 0.42945 0.429924 0.429419 0.427937 0.425488 0.422085 0.417748 0.412501 0.406375 0.399405 0.391629 0.383094 0.373846 0.36394 0.35343 0.342376 0.33084 0.318885 0.306577 0.293983 0.281169 0.268204 0.255153 0.242082 0.229054 0.216132 0.203374 0.190835 0.178568 0.16662 0.155037 0.143858 0.133118 0.122849 0.113076 0.103823 0.0951075 0.0869433 0.0793411 0.0723084 0.0658492 0.0599656 0.0546574 0.0499225 0.0457581 0.0421602 0.0391247 0.0366474 0.0347245 0.0333525 0.03253 
0.0342719 0.0345594 0.035425 0.0368715 0.0389016 0.0415188 0.0447274 0.0485316 0.0529359 0.0579439 0.0635586 0.0697815 0.0766123 0.0840485 0.0920848 0.100713 0.109921 0.119693 0.130009 0.140845 0.152171 0.163955 0.176159 0.188739 0.201648 0.214835 0.228245 0.241818 0.255493 0.269205 0.282887 0.296471 0.309887 0.323064 0.335934 0.348426 0.360473 0.372009 0.38297 0.393295 0.402926 0.411809 0.419895 0.427138 0.433498 0.438938 0.443429 0.446944 0.449464 0.450975 0.451469 0.450942 0.449398 0.446845 0.443298 0.438777 0.433307 0.426919 0.419649 0.411537 0.40263 0.392978 0.382635 0.371658 0.360109 0.348051 0.335552 0.322678 0.3095 0.296087 0.282509 0.268835 0.255135 0.241474 0.227918 0.214528 0.201362 0.188476 0.17592 0.163742 0.151983 0.140682 0.129871 0.119579 0.109831 0.100644 0.0920362 0.0840178 0.0765973 0.0697799 0.063568 0.057962 0.0529602 0.04856 0.0447577 0.0415493 0.0389305 0.0368975 0.0354471 0.0345776 
0.036324 0.0366278 0.0375413 0.0390674 0.0412087 0.0439688 0.0473518 0.0513621 0.0560037 0.0612803 0.0671945 0.0737474 0.0809381 0.0887635 0.0972174 0.106291 0.11597 0.126238 0.137073 0.14845 0.160337 0.172699 0.185495 0.19868 0.212204 0.226014 0.24005 0.254252 0.268553 0.282887 0.297184 0.311372 0.325378 0.33913 0.352556 0.365583 0.378141 0.390162 0.40158 0.412331 0.422358 0.431603 0.440017 0.447552 0.454166 0.459823 0.464492 0.468146 0.470766 0.472337 0.47285 0.472302 0.470697 0.468043 0.464356 0.459654 0.453966 0.447321 0.439758 0.431317 0.422047 0.411997 0.401225 0.38979 0.377754 0.365184 0.352149 0.338718 0.324964 0.310959 0.296776 0.282488 0.268166 0.253878 0.239694 0.225677 0.21189 0.198389 0.185229 0.172459 0.160124 0.148264 0.136913 0.126104 0.11586 0.106204 0.0971527 0.0887182 0.0809101 0.0737343 0.0671939 0.0612897 0.0560207 0.0513843 0.0473771 0.0439952 0.0412345 0.0390913 0.0375622 0.0366457 
0.0383858 0.0387059 0.0396672 0.0412727 0.0435249 0.0464276 0.0499847 0.0542004 0.0590787 0.064623 0.0708355 0.077717 0.0852659 0.0934785 0.102348 0.111863 0.12201 0.132771 0.144121 0.156034 0.168476 0.18141 0.194792 0.208576 0.222708 0.237132 0.251786 0.266607 0.281525 0.296471 0.311372 0.326153 0.340739 0.355055 0.369025 0.382575 0.395633 0.408128 0.419993 0.431161 0.441573 0.451172 0.459905 0.467723 0.474586 0.480454 0.485296 0.489086 0.491802 0.493431 0.493962 0.493395 0.49173 0.488978 0.485154 0.480278 0.474377 0.467483 0.459634 0.450872 0.441247 0.430811 0.41962 0.407737 0.395225 0.382154 0.368594 0.354617 0.340298 0.325713 0.310936 0.296043 0.281108 0.266204 0.251401 0.236766 0.222365 0.208257 0.194499 0.181144 0.168238 0.155824 0.143939 0.132616 0.121881 0.111759 0.102267 0.0934183 0.0852246 0.077692 0.0708245 0.0646234 0.059088 0.0542162 0.0500047 0.0464498 0.0435476 0.0412943 0.0396867 0.0387234 
0.0404459 0.0407821 0.0417909 0.0434752 0.0458377 0.0488819 0.0526116 0.0570312 0.0621442 0.0679538 0.074462 0.0816688 0.0895725 0.0981681 0.107448 0.117401 0.12801 0.139257 0.151116 0.163557 0.176547 0.190044 0.204003 0.218375 0.233104 0.248131 0.263392 0.278819 0.294342 0.309887 0.325378 0.340739 0.355891 0.370757 0.385258 0.399318 0.412863 0.425819 0.438117 0.44969 0.460477 0.470418 0.47946 0.487554 0.494656 0.500729 0.505739 0.509659 0.512469 0.514154 0.514704 0.514116 0.512395 0.509548 0.505591 0.500546 0.494439 0.487304 0.479178 0.470106 0.460137 0.449324 0.437727 0.425408 0.412434 0.398875 0.384804 0.370295 0.355425 0.340273 0.324915 0.309431 0.293896 0.278388 0.262978 0.247737 0.232733 0.218028 0.203683 0.189751 0.176283 0.163323 0.150911 0.139081 0.127861 0.117278 0.10735 0.0980928 0.0895175 0.0816317 0.0744402 0.0679448 0.0621454 0.0570401 0.0526261 0.0488996 0.0458569 0.0434944 0.0418089 0.0407991 
0.0424922 0.0428444 0.0439002 0.0456623 0.0481336 0.0513174 0.0552176 0.0598381 0.0651826 0.0712538 0.0780533 0.0855808 0.0938336 0.102806 0.11249 0.122873 0.133937 0.145661 0.158019 0.170979 0.184504 0.198553 0.213077 0.228024 0.243337 0.258953 0.274806 0.290825 0.306936 0.323064 0.33913 0.355055 0.370757 0.386156 0.401172 0.415726 0.429742 0.443144 0.455861 0.467826 0.478974 0.489245 0.498585 0.506944 0.514278 0.520547 0.525719 0.529765 0.532665 0.534404 0.534971 0.534365 0.532588 0.52965 0.525567 0.520358 0.514054 0.506685 0.498293 0.488921 0.47862 0.467445 0.455455 0.442716 0.429294 0.415263 0.400696 0.385671 0.370267 0.354563 0.338641 0.322581 0.306463 0.290365 0.274363 0.258531 0.242938 0.22765 0.21273 0.198235 0.184216 0.170721 0.157791 0.145463 0.133768 0.122732 0.112375 0.102716 0.0937647 0.0855313 0.0780206 0.0712353 0.0651757 0.0598402 0.0552263 0.0513306 0.0481493 0.0456791 0.0439167 0.0428609 
0.0445127 0.0448806 0.0459824 0.0478209 0.050399 0.0537198 0.0577871 0.0626048 0.0681762 0.0745038 0.0815886 0.08943 0.0980247 0.107366 0.117445 0.128248 0.139756 0.151946 0.164791 0.178257 0.192305 0.20689 0.221965 0.237472 0.253352 0.26954 0.285966 0.302559 0.319241 0.335934 0.352556 0.369025 0.385258 0.401172 0.416685 0.431715 0.446184 0.460015 0.473135 0.485476 0.49697 0.507559 0.517185 0.525798 0.533353 0.539811 0.545137 0.549304 0.55229 0.55408 0.554665 0.554041 0.552211 0.549186 0.544981 0.539617 0.533122 0.525531 0.516884 0.507225 0.496605 0.485082 0.472715 0.459571 0.445719 0.431232 0.416188 0.400665 0.384745 0.368509 0.352041 0.335425 0.318742 0.302073 0.285497 0.26909 0.252925 0.237071 0.221592 0.206547 0.191992 0.177975 0.164541 0.151727 0.139567 0.128089 0.117314 0.10726 0.097942 0.0893681 0.0815449 0.0744756 0.0681609 0.0625998 0.0577899 0.0537282 0.0504111 0.0478351 0.0459973 0.0448965 
0.0464946 0.0468778 0.0480245 0.0499376 0.0526198 0.0560741 0.0603044 0.0653142 0.0711067 0.0776839 0.0850467 0.0931936 0.102121 0.111821 0.122284 0.133495 0.145434 0.158076 0.171393 0.185349 0.199904 0.21501 0.230615 0.246664 0.263092 0.279832 0.296813 0.313959 0.33119 0.348426 0.365583 0.382575 0.399318 0.415726 0.431715 0.447201 0.462104 0.476346 0.489851 0.50255 0.514376 0.525267 0.535165 0.544021 0.551787 0.558423 0.563897 0.568178 0.571247 0.573086 0.573687 0.573046 0.571166 0.568058 0.563737 0.558225 0.55155 0.543747 0.534856 0.524923 0.514 0.502144 0.489417 0.475886 0.461622 0.4467 0.431199 0.415199 0.398783 0.382037 0.365044 0.347892 0.330665 0.313446 0.296317 0.279356 0.262639 0.246237 0.230217 0.214641 0.199567 0.185045 0.171122 0.157837 0.145226 0.133318 0.122136 0.1117 0.102024 0.0931193 0.084992 0.0776461 0.071083 0.0653021 0.0603013 0.0560778 0.0526282 0.0499492 0.0480379 0.0468931 
0.0484251 0.0488232 0.0500135 0.0519988 0.0547818 0.0583656 0.0627536 0.0679494 0.0739558 0.0807746 0.0884061 0.0968484 0.106097 0.116144 0.126978 0.138582 0.150937 0.164016 0.177788 0.192216 0.207257 0.222864 0.238981 0.255549 0.272503 0.289773 0.307285 0.32496 0.342718 0.360473 0.378141 0.395633 0.412863 0.429742 0.446184 0.462104 0.47742 0.492051 0.505923 0.518963 0.531102 0.54228 0.552436 0.561521 0.569487 0.576293 0.581906 0.586296 0.589442 0.591327 0.591943 0.591286 0.58936 0.586173 0.581743 0.57609 0.569245 0.561241 0.55212 0.541928 0.530717 0.518546 0.505477 0.491578 0.476923 0.461587 0.44565 0.429195 0.412307 0.395073 0.37758 0.359916 0.342169 0.324423 0.306764 0.289272 0.272025 0.255097 0.238558 0.222471 0.206897 0.191889 0.177495 0.163756 0.15071 0.138387 0.126813 0.116008 0.105987 0.0967618 0.0883404 0.0807271 0.0739238 0.0679302 0.0627446 0.0583644 0.0547865 0.0520077 0.0500252 0.0488379 
0.0502916 0.050704 0.0519361 0.0539909 0.0568709 0.060579 0.0651187 0.0704932 0.0767052 0.083756 0.0916455 0.100371 0.109928 0.120308 0.131497 0.143479 0.156232 0.169728 0.183935 0.198815 0.214322 0.230406 0.247011 0.264075 0.28153 0.299305 0.317323 0.335502 0.35376 0.372009 0.390162 0.408128 0.425819 0.443144 0.460015 0.476346 0.492051 0.507052 0.521269 0.534629 0.547065 0.558512 0.568912 0.578212 0.586365 0.593331 0.599074 0.603567 0.606785 0.608714 0.609345 0.608673 0.606702 0.603442 0.598909 0.593125 0.58612 0.577927 0.568589 0.558153 0.546671 0.534202 0.520811 0.506566 0.491541 0.475813 0.459465 0.442579 0.425244 0.407548 0.38958 0.37143 0.353188 0.334942 0.316778 0.29878 0.281029 0.263599 0.246565 0.229991 0.213939 0.198466 0.183622 0.169449 0.155987 0.143267 0.131316 0.120157 0.109805 0.100273 0.0915691 0.0836991 0.076665 0.070467 0.0651039 0.0605731 0.0568719 0.0539972 0.0519462 0.050718 
0.0520812 0.0525073 0.0537794 0.0559005 0.0588729 0.0626997 0.067384 0.0729289 0.0793368 0.0866087 0.094744 0.10374 0.11359 0.124286 0.135813 0.148154 0.161285 0.175179 0.189799 0.205107 0.221056 0.237593 0.25466 0.272193 0.290123 0.308375 0.32687 0.345526 0.364255 0.38297 0.40158 0.419993 0.438117 0.455861 0.473135 0.489851 0.505923 0.521269 0.535809 0.54947 0.562183 0.573882 0.584509 0.594011 0.602339 0.609454 0.615319 0.619906 0.623193 0.625163 0.625807 0.625121 0.623109 0.61978 0.615151 0.609245 0.60209 0.593721 0.584181 0.573517 0.561781 0.549035 0.535342 0.520772 0.5054 0.489306 0.47257 0.455281 0.437525 0.419394 0.400978 0.38237 0.363662 0.344944 0.326303 0.307828 0.289599 0.271695 0.254191 0.237155 0.220652 0.204738 0.189466 0.17488 0.161023 0.147925 0.135617 0.124121 0.113454 0.10363 0.0946572 0.0865426 0.0792885 0.0728958 0.0673634 0.0626892 0.0588704 0.0559041 0.0537879 0.0525207 
0.0537816 0.0542205 0.0555305 0.0577142 0.0607741 0.064713 0.069534 0.07524 0.0818329 0.0893136 0.0976811 0.106932 0.117059 0.128053 0.139899 0.152579 0.166066 0.180333 0.195343 0.211053 0.227417 0.24438 0.261881 0.279855 0.29823 0.31693 0.335873 0.354974 0.374145 0.393295 0.412331 0.431161 0.44969 0.467826 0.485476 0.50255 0.518963 0.534629 0.54947 0.563411 0.57638 0.588313 0.599151 0.608839 0.61733 0.624583 0.630561 0.635236 0.638585 0.640593 0.641249 0.64055 0.6385 0.635108 0.630391 0.624371 0.617078 0.608546 0.598819 0.587943 0.575972 0.562968 0.548995 0.534123 0.518429 0.501992 0.484897 0.467231 0.449083 0.430545 0.411712 0.392676 0.373532 0.354371 0.335285 0.316361 0.297685 0.279336 0.261392 0.243922 0.226993 0.210665 0.19499 0.180017 0.165787 0.152334 0.139689 0.127875 0.11691 0.10681 0.0975843 0.0892387 0.081777 0.0752003 0.0695079 0.064698 0.0607681 0.0577154 0.0555374 0.0542333 
0.0553805 0.0558316 0.0571769 0.0594193 0.0625611 0.066605 0.0715539 0.0774105 0.0841765 0.0918525 0.100437 0.109926 0.120312 0.131585 0.143729 0.156724 0.170544 0.185159 0.200531 0.216617 0.233368 0.250727 0.268632 0.287016 0.305805 0.32492 0.344278 0.363792 0.383372 0.402926 0.422358 0.441573 0.460477 0.478974 0.49697 0.514376 0.531102 0.547065 0.562183 0.57638 0.589586 0.601734 0.612765 0.622625 0.631265 0.638644 0.644726 0.649481 0.652888 0.654931 0.655598 0.654888 0.652803 0.649353 0.644555 0.638431 0.63101 0.622329 0.612429 0.601359 0.589173 0.575931 0.5617 0.54655 0.530559 0.513807 0.49638 0.478365 0.459855 0.440942 0.421722 0.40229 0.382742 0.363171 0.343671 0.324332 0.305239 0.286477 0.268123 0.25025 0.232925 0.216211 0.200161 0.184826 0.170248 0.156464 0.143504 0.131393 0.120152 0.109794 0.100331 0.0917691 0.0841132 0.0773645 0.0715225 0.0665856 0.0625517 0.059418 0.0571823 0.0558437 
0.0568664 0.0573287 0.0587068 0.0610035 0.064221 0.068362 0.0734293 0.0794252 0.0863513 0.0942079 0.102993 0.112702 0.123327 0.134857 0.147276 0.160562 0.174689 0.189626 0.205332 0.221764 0.238871 0.256595 0.274871 0.293632 0.312801 0.332297 0.352037 0.371931 0.391886 0.411809 0.431603 0.451172 0.470418 0.489245 0.507559 0.525267 0.54228 0.558512 0.573882 0.588313 0.601734 0.614079 0.625286 0.635301 0.644076 0.65157 0.657746 0.662575 0.666034 0.668108 0.668786 0.668065 0.665948 0.662446 0.657574 0.651355 0.64382 0.635003 0.624946 0.613699 0.601317 0.587859 0.573392 0.55799 0.541728 0.524688 0.506957 0.488625 0.469783 0.450527 0.430953 0.411158 0.391239 0.371293 0.351413 0.331692 0.312217 0.293075 0.274344 0.2561 0.238411 0.221341 0.204946 0.189277 0.174379 0.160289 0.147038 0.134654 0.123156 0.11256 0.102878 0.0941166 0.0862812 0.0793732 0.0733929 0.0683386 0.0642085 0.061 0.0587108 0.0573403 
