9.32807e-16 8.9412e-16 1.7006e-15 4.07072e-15 9.99994e-15 2.42387e-14 5.7609e-14 1.34119e-13 3.0578e-13 6.82659e-13 1.49228e-12 3.19397e-12 6.69335e-12 1.37338e-11 2.75922e-11 5.42814e-11 1.04572e-10 1.97296e-10 3.64587e-10 6.5995e-10 1.1703e-09 2.03336e-09 3.46187e-09 5.77609e-09 9.4456e-09 1.51404e-08 2.37896e-08 3.66447e-08 5.53383e-08 8.19304e-08 1.18926e-07 1.69249e-07 2.3615e-07 3.23048e-07 4.33274e-07 5.69747e-07 7.34589e-07 9.28711e-07 1.15144e-06 1.40026e-06 1.67062e-06 1.95608e-06 2.24855e-06 2.53875e-06 2.81685e-06 3.07304e-06 3.29823e-06 3.48443e-06 3.6252e-06 3.71575e-06 3.75307e-06 3.73594e-06 3.6649e-06 3.54233e-06 3.37237e-06 3.16095e-06 2.91555e-06 2.64497e-06 2.35884e-06 2.06703e-06 1.77903e-06 1.50335e-06 1.24696e-06 1.015e-06 8.10665e-07 6.35239e-07 4.88352e-07 3.68318e-07 2.72529e-07 1.9784e-07 1.4091e-07 9.84724e-08 6.75217e-08 4.54297e-08 2.99923e-08 1.94291e-08 1.23499e-08 7.70252e-09 4.71347e-09 2.82989e-09 1.66683e-09 9.63119e-10 5.45894e-10 3.03493e-10 1.65491e-10 8.85046e-11 4.64198e-11 2.38767e-11 1.20441e-11 5.9581e-12 2.89055e-12 1.37533e-12 6.41827e-13 2.93793e-13 1.31922e-13 5.81165e-14 2.51237e-14 1.06666e-14 4.46852e-15 1.90529e-15 
8.9412e-16 8.56963e-16 1.65186e-15 4.00698e-15 9.96126e-15 2.44196e-14 5.86797e-14 1.3808e-13 3.181e-13 7.17367e-13 1.58355e-12 3.42151e-12 7.23577e-12 1.49773e-11 3.03441e-11 6.01762e-11 1.16819e-10 2.2201e-10 4.13095e-10 7.52645e-10 1.3429e-09 2.34676e-09 4.01712e-09 6.73653e-09 1.10683e-08 1.78194e-08 2.81134e-08 4.34683e-08 6.58716e-08 9.78383e-08 1.42435e-07 2.03252e-07 2.84291e-07 3.89771e-07 5.23816e-07 6.90053e-07 8.91132e-07 1.12822e-06 1.40052e-06 1.70495e-06 2.03595e-06 2.38557e-06 2.74383e-06 3.09933e-06 3.43992e-06 3.75359e-06 4.02915e-06 4.25687e-06 4.42887e-06 4.53933e-06 4.58463e-06 4.56326e-06 4.47593e-06 4.32551e-06 4.11708e-06 3.85785e-06 3.55701e-06 3.22535e-06 2.87471e-06 2.51723e-06 2.16461e-06 1.82729e-06 1.51383e-06 1.23055e-06 9.81314e-07 7.6764e-07 5.89015e-07 4.43308e-07 3.27264e-07 2.3698e-07 1.68329e-07 1.17287e-07 8.0167e-08 5.37526e-08 3.5356e-08 2.2813e-08 1.44393e-08 8.96473e-09 5.45929e-09 3.26075e-09 1.91008e-09 1.09727e-09 6.1811e-10 3.41417e-10 1.84903e-10 9.81797e-11 5.11094e-11 2.60839e-11 1.30507e-11 6.40158e-12 3.07857e-12 1.45158e-12 6.71103e-13 3.04252e-13 1.35275e-13 5.89927e-14 2.52392e-14 1.0602e-14 4.39233e-15 1.85012e-15 
1.7006e-15 1.65186e-15 3.22042e-15 7.85161e-15 1.95793e-14 4.81174e-14 1.15873e-13 2.73162e-13 6.30263e-13 1.4231e-12 3.14433e-12 6.798e-12 1.43808e-11 2.97666e-11 6.02887e-11 1.19487e-10 2.31748e-10 4.39905e-10 8.17336e-10 1.4866e-09 2.64728e-09 4.61615e-09 7.88311e-09 1.31861e-08 2.16072e-08 3.46896e-08 5.4572e-08 8.41306e-08 1.27113e-07 1.88238e-07 2.73232e-07 3.88759e-07 5.42209e-07 7.41316e-07 9.93583e-07 1.30553e-06 1.6818e-06 2.12427e-06 2.63117e-06 3.19649e-06 3.80972e-06 4.456e-06 5.11687e-06 5.77129e-06 6.39705e-06 6.97225e-06 7.47661e-06 7.89258e-06 8.206e-06 8.40652e-06 8.48764e-06 8.44679e-06 8.28524e-06 8.00821e-06 7.62485e-06 7.14821e-06 6.59493e-06 5.98462e-06 5.33884e-06 4.67982e-06 4.02898e-06 3.40556e-06 2.82543e-06 2.3003e-06 1.83748e-06 1.43997e-06 1.10701e-06 8.34842e-07 6.176e-07 4.48191e-07 3.19062e-07 2.22817e-07 1.52645e-07 1.02582e-07 6.7625e-08 4.37295e-08 2.77365e-08 1.72548e-08 1.05274e-08 6.29857e-09 3.69522e-09 2.12557e-09 1.19869e-09 6.62674e-10 3.59106e-10 1.90743e-10 9.93012e-11 5.06676e-11 2.53379e-11 1.24188e-11 5.96578e-12 2.80904e-12 1.29653e-12 5.86646e-13 2.60248e-13 1.13208e-13 4.82993e-14 2.02268e-14 8.35266e-15 3.50853e-15 
4.07072e-15 4.00698e-15 7.85161e-15 1.91255e-14 4.75906e-14 1.16674e-13 2.80243e-13 6.58869e-13 1.51587e-12 3.41253e-12 7.51632e-12 1.61967e-11 3.41451e-11 7.04221e-11 1.42095e-10 2.80518e-10 5.41856e-10 1.02422e-09 1.8947e-09 3.43071e-09 6.08121e-09 1.05543e-08 1.79379e-08 2.98602e-08 4.86924e-08 7.77937e-08 1.21788e-07 1.86851e-07 2.80974e-07 4.14151e-07 5.9842e-07 8.47685e-07 1.17725e-06 1.60297e-06 2.14007e-06 2.80154e-06 3.59636e-06 4.52765e-06 5.59092e-06 6.77298e-06 8.05139e-06 9.39502e-06 1.07655e-05 1.21193e-05 1.3411e-05 1.45959e-05 1.56328e-05 1.64862e-05 1.71277e-05 1.75366e-05 1.76999e-05 1.76125e-05 1.72772e-05 1.67044e-05 1.59127e-05 1.49286e-05 1.37857e-05 1.25241e-05 1.11876e-05 9.82186e-06 8.47089e-06 7.17439e-06 5.96537e-06 4.86842e-06 3.89914e-06 3.06431e-06 2.36292e-06 1.78772e-06 1.32702e-06 9.66453e-07 6.90561e-07 4.84104e-07 3.32952e-07 2.24656e-07 1.48705e-07 9.65568e-08 6.14972e-08 3.84154e-08 2.35338e-08 1.41373e-08 8.32697e-09 4.80842e-09 2.72187e-09 1.51022e-09 8.21267e-10 4.37692e-10 2.28597e-10 1.16997e-10 5.86781e-11 2.88389e-11 1.38898e-11 6.55615e-12 3.03299e-12 1.37532e-12 6.11352e-13 2.6644e-13 1.13875e-13 4.77686e-14 1.97607e-14 8.32375e-15 
9.99994e-15 9.96126e-15 1.95793e-14 4.75906e-14 1.18055e-13 2.88476e-13 6.90559e-13 1.6179e-12 3.70903e-12 8.31902e-12 1.82537e-11 3.91806e-11 8.22658e-11 1.68963e-10 3.3947e-10 6.67214e-10 1.28298e-09 2.41382e-09 4.44406e-09 8.00766e-09 1.41239e-08 2.43894e-08 4.12407e-08 6.82984e-08 1.10798e-07 1.76106e-07 2.74285e-07 4.18682e-07 6.2644e-07 9.18837e-07 1.32131e-06 1.86302e-06 2.57576e-06 3.49217e-06 4.64319e-06 6.05476e-06 7.74413e-06 9.71609e-06 1.19596e-05 1.44456e-05 1.7126e-05 1.99351e-05 2.27929e-05 2.56094e-05 2.82906e-05 3.07451e-05 3.2889e-05 3.46501e-05 3.5971e-05 3.68098e-05 3.71408e-05 3.69538e-05 3.62545e-05 3.50644e-05 3.3421e-05 3.13783e-05 2.90049e-05 2.63825e-05 2.36012e-05 2.07548e-05 1.79341e-05 1.52218e-05 1.26867e-05 1.03808e-05 8.3376e-06 6.57249e-06 5.08468e-06 3.8603e-06 2.87598e-06 2.10257e-06 1.50835e-06 1.06176e-06 7.33344e-07 4.96962e-07 3.30402e-07 2.15492e-07 1.37862e-07 8.65045e-08 5.32303e-08 3.21182e-08 1.90003e-08 1.10188e-08 6.2635e-09 3.48951e-09 1.90517e-09 1.01928e-09 5.34342e-10 2.74469e-10 1.38137e-10 6.81204e-11 3.2916e-11 1.55856e-11 7.23205e-12 3.28899e-12 1.46615e-12 6.40725e-13 2.7457e-13 1.15477e-13 4.79007e-14 2.02547e-14 
2.42387e-14 2.44196e-14 4.81174e-14 1.16674e-13 2.88476e-13 7.02484e-13 1.67568e-12 3.9117e-12 8.93421e-12 1.99621e-11 4.36293e-11 9.32704e-11 1.95024e-10 3.98845e-10 7.97816e-10 1.561e-09 2.98773e-09 5.59448e-09 1.02498e-08 1.83772e-08 3.22495e-08 5.54024e-08 9.31934e-08 1.53526e-07 2.47745e-07 3.91692e-07 6.06852e-07 9.21501e-07 1.37168e-06 2.00179e-06 2.86447e-06 4.01954e-06 5.53168e-06 7.46657e-06 9.88561e-06 1.28393e-05 1.63596e-05 2.04527e-05 2.50926e-05 3.02164e-05 3.57237e-05 4.14788e-05 4.73178e-05 5.30582e-05 5.8511e-05 6.34923e-05 6.78347e-05 7.1395e-05 7.40595e-05 7.57459e-05 7.64035e-05 7.60127e-05 7.45852e-05 7.21635e-05 6.88225e-05 6.46692e-05 5.9841e-05 5.45009e-05 4.88299e-05 4.30168e-05 3.72456e-05 3.1684e-05 2.64733e-05 2.1721e-05 1.74978e-05 1.38377e-05 1.07419e-05 8.18492e-06 6.12123e-06 4.493e-06 3.23661e-06 2.28811e-06 1.58734e-06 1.08053e-06 7.21668e-07 4.72852e-07 3.03912e-07 1.91579e-07 1.1843e-07 7.17843e-08 4.26566e-08 2.48468e-08 1.41849e-08 7.93596e-09 4.35059e-09 2.33687e-09 1.2298e-09 6.34063e-10 3.20274e-10 1.58493e-10 7.68442e-11 3.6505e-11 1.6993e-11 7.7519e-12 3.46594e-12 1.51906e-12 6.52805e-13 2.75319e-13 1.1454e-13 4.86299e-14 
5.7609e-14 5.86797e-14 1.15873e-13 2.80243e-13 6.90559e-13 1.67568e-12 3.98261e-12 9.26252e-12 2.10749e-11 4.69051e-11 1.02106e-10 2.17383e-10 4.52616e-10 9.21627e-10 1.83531e-09 3.57447e-09 6.80921e-09 1.26885e-08 2.31318e-08 4.12634e-08 7.20374e-08 1.23105e-07 2.05973e-07 3.37491e-07 5.4166e-07 8.51734e-07 1.31246e-06 1.98226e-06 2.93501e-06 4.26096e-06 6.06621e-06 8.47027e-06 1.16011e-05 1.5587e-05 2.05465e-05 2.65743e-05 3.37276e-05 4.20113e-05 5.13656e-05 6.1659e-05 7.26865e-05 8.41754e-05 9.57996e-05 0.000107199 0.000118001 0.000127849 0.000136416 0.000143427 0.000148663 0.000151965 0.000153238 0.000152444 0.000149607 0.000144809 0.000138194 0.000129969 0.000120402 0.000109808 9.85425e-05 8.69744e-05 7.54665e-05 6.43513e-05 5.39104e-05 4.43609e-05 3.5848e-05 2.84452e-05 2.21611e-05 1.69503e-05 1.27274e-05 9.38107e-06 6.78718e-06 4.81968e-06 3.35893e-06 2.29719e-06 1.54153e-06 1.01487e-06 6.55402e-07 4.15123e-07 2.57838e-07 1.57016e-07 9.37348e-08 5.48461e-08 3.14498e-08 1.7671e-08 9.72807e-09 5.24662e-09 2.77199e-09 1.43466e-09 7.27354e-10 3.61234e-10 1.75751e-10 8.37721e-11 3.91231e-11 1.79038e-11 8.02958e-12 3.52976e-12 1.52132e-12 6.43466e-13 2.68514e-13 1.14479e-13 
1.34119e-13 1.3808e-13 2.73162e-13 6.58869e-13 1.6179e-12 3.9117e-12 9.26252e-12 2.14605e-11 4.86391e-11 1.07822e-10 2.33754e-10 4.95575e-10 1.0274e-09 2.08275e-09 4.12868e-09 8.00346e-09 1.5173e-08 2.81344e-08 5.10314e-08 9.05612e-08 1.57267e-07 2.67309e-07 4.44807e-07 7.24802e-07 1.15681e-06 1.80888e-06 2.77181e-06 4.16319e-06 6.13041e-06 8.85198e-06 1.25359e-05 1.74141e-05 2.37323e-05 3.17342e-05 4.16405e-05 5.36233e-05 6.77793e-05 8.41024e-05 0.000102462 0.00012259 0.00014408 0.000166398 0.000188913 0.000210934 0.000231752 0.000250689 0.00026713 0.000280557 0.000290562 0.000296852 0.000299248 0.000297684 0.000292202 0.000282957 0.00027022 0.000254381 0.00023594 0.000215498 0.000193724 0.000171325 0.000148993 0.000127371 0.000107004 8.83195e-05 7.16076e-05 5.70227e-05 4.45937e-05 3.42451e-05 2.58217e-05 1.91162e-05 1.38934e-05 9.91208e-06 6.94102e-06 4.7701e-06 3.21675e-06 2.12824e-06 1.38123e-06 8.79167e-07 5.4873e-07 3.35773e-07 2.01398e-07 1.18389e-07 6.81938e-08 3.84858e-08 2.12778e-08 1.15235e-08 6.11289e-09 3.17613e-09 1.61636e-09 8.057e-10 3.93391e-10 1.88158e-10 8.81672e-11 4.04789e-11 1.82116e-11 8.03037e-12 3.47148e-12 1.47268e-12 6.16471e-13 2.63959e-13 
3.0578e-13 3.181e-13 6.30263e-13 1.51587e-12 3.70903e-12 8.93421e-12 2.10749e-11 4.86391e-11 1.098e-10 2.4241e-10 5.23344e-10 1.10478e-09 2.28029e-09 4.60176e-09 9.07986e-09 1.75175e-08 3.30472e-08 6.09696e-08 1.10019e-07 1.94212e-07 3.35446e-07 5.6703e-07 9.38281e-07 1.52025e-06 2.41252e-06 3.75076e-06 5.71444e-06 8.53389e-06 1.24953e-05 1.79419e-05 2.52698e-05 3.49164e-05 4.73395e-05 6.29868e-05 8.22562e-05 0.000105448 0.000132717 0.00016402 0.000199081 0.000237371 0.000278103 0.000320266 0.000362672 0.000404033 0.000443037 0.000478434 0.000509103 0.000534099 0.000552683 0.000564327 0.000568712 0.000565719 0.000555428 0.00053812 0.000514288 0.000484639 0.000450089 0.000411737 0.000370821 0.000328642 0.000286494 0.000245576 0.000206921 0.000171342 0.000139408 0.000111431 8.74908e-05 6.74705e-05 5.10995e-05 3.80037e-05 2.7752e-05 1.98961e-05 1.4002e-05 9.67137e-06 6.55529e-06 4.35932e-06 2.84369e-06 1.81925e-06 1.1412e-06 7.01771e-07 4.22972e-07 2.49821e-07 1.44569e-07 8.19572e-08 4.55108e-08 2.47524e-08 1.31847e-08 6.87791e-09 3.51379e-09 1.75809e-09 8.61531e-10 4.13525e-10 1.94436e-10 8.95666e-11 4.04272e-11 1.78828e-11 7.75457e-12 3.29976e-12 1.38577e-12 5.95986e-13 
6.82659e-13 7.17367e-13 1.4231e-12 3.41253e-12 8.31902e-12 1.99621e-11 4.69051e-11 1.07822e-10 2.4241e-10 5.32951e-10 1.14569e-09 2.40797e-09 4.94781e-09 9.939e-09 1.95181e-08 3.74728e-08 7.03406e-08 1.29109e-07 2.31752e-07 4.06899e-07 6.98935e-07 1.17483e-06 1.93291e-06 3.11364e-06 4.91217e-06 7.59193e-06 1.14983e-05 1.70702e-05 2.4848e-05 3.54733e-05 4.96787e-05 6.82641e-05 9.20562e-05 0.000121851 0.000158341 0.00020203 0.000253142 0.000311542 0.000376668 0.000447499 0.000522565 0.000599997 0.00067763 0.000753129 0.000824141 0.000888432 0.000944014 0.000989222 0.00102276 0.0010437 0.0010515 0.00104595 0.00102719 0.000995716 0.000952397 0.000898478 0.000835583 0.000765666 0.000690935 0.000613733 0.000536392 0.000461094 0.000389736 0.000323831 0.00026445 0.000212216 0.000167325 0.000129608 9.86155e-05 7.36957e-05 5.40835e-05 3.89716e-05 2.75689e-05 1.91425e-05 1.30437e-05 8.7202e-06 5.7185e-06 3.67761e-06 2.31888e-06 1.43324e-06 8.68155e-07 5.15261e-07 2.99593e-07 1.70627e-07 9.51744e-08 5.19889e-08 2.78095e-08 1.45664e-08 7.47125e-09 3.75254e-09 1.84576e-09 8.8916e-10 4.1955e-10 1.93929e-10 8.78254e-11 3.8976e-11 1.69552e-11 7.23771e-12 3.04974e-12 1.3176e-12 
1.49228e-12 1.58355e-12 3.14433e-12 7.51632e-12 1.82537e-11 4.36293e-11 1.02106e-10 2.33754e-10 5.23344e-10 1.14569e-09 2.45214e-09 5.13077e-09 1.04942e-08 2.09813e-08 4.10041e-08 7.83335e-08 1.46293e-07 2.67115e-07 4.76907e-07 8.32735e-07 1.42236e-06 2.37711e-06 3.88813e-06 6.22606e-06 9.76341e-06 1.49983e-05 2.25775e-05 3.33149e-05 4.82018e-05 6.84029e-05 9.52336e-05 0.000130112 0.000174484 0.000229717 0.000296971 0.000377049 0.000470247 0.000576209 0.000693831 0.00082121 0.000955669 0.00109386 0.00123195 0.00136584 0.00149142 0.00160484 0.00170267 0.00178207 0.00184084 0.00187743 0.0018909 0.00188091 0.00184772 0.00179216 0.0017157 0.00162048 0.00150928 0.00138546 0.00125286 0.00111555 0.00097762 0.000842926 0.000714847 0.000596116 0.000488709 0.000393816 0.000311884 0.000242707 0.000185568 0.000139375 0.000102815 7.44805e-05 5.29732e-05 3.6983e-05 2.53385e-05 1.70328e-05 1.12307e-05 7.26159e-06 4.6031e-06 2.85994e-06 1.74122e-06 1.0386e-06 6.06819e-07 3.47235e-07 1.94574e-07 1.0676e-07 5.73537e-08 3.01674e-08 1.5536e-08 7.834e-09 3.86808e-09 1.87032e-09 8.85709e-10 4.10848e-10 1.86704e-10 8.3136e-11 3.62849e-11 1.55396e-11 6.57056e-12 2.85206e-12 
3.19397e-12 3.42151e-12 6.798e-12 1.61967e-11 3.91806e-11 9.32704e-11 2.17383e-10 4.95575e-10 1.10478e-09 2.40797e-09 5.13077e-09 1.06863e-08 2.17548e-08 4.32858e-08 8.41774e-08 1.59998e-07 2.97256e-07 5.39867e-07 9.58614e-07 1.66448e-06 2.82674e-06 4.69649e-06 7.63598e-06 1.21533e-05 1.89409e-05 2.89158e-05 4.32562e-05 6.34292e-05 9.12019e-05 0.000128627 0.000177994 0.000241739 0.000322307 0.000421964 0.000542578 0.000685362 0.000850628 0.00103756 0.00124406 0.00146667 0.00170068 0.00194027 0.00217884 0.00240941 0.00262506 0.00281932 0.0029865 0.00312189 0.00322187 0.00328392 0.00330651 0.0032891 0.00323211 0.00313692 0.00300595 0.00284271 0.00265183 0.00243892 0.00221041 0.00197319 0.0017342 0.00150006 0.00127661 0.00106865 0.000879708 0.000712011 0.000566502 0.000443005 0.000340435 0.000257039 0.000190643 0.000138868 9.93229e-05 6.97349e-05 4.80497e-05 3.24826e-05 2.15381e-05 1.40036e-05 8.92544e-06 5.5752e-06 3.41215e-06 2.04568e-06 1.20118e-06 6.90665e-07 3.88835e-07 2.14319e-07 1.15647e-07 6.109e-08 3.15921e-08 1.59948e-08 7.92859e-09 3.84837e-09 1.82924e-09 8.51608e-10 3.88376e-10 1.73538e-10 7.59986e-11 3.26577e-11 1.3858e-11 6.04435e-12 
6.69335e-12 7.23577e-12 1.43808e-11 3.41451e-11 8.22658e-11 1.95024e-10 4.52616e-10 1.0274e-09 2.28029e-09 4.94781e-09 1.04942e-08 2.17548e-08 4.40752e-08 8.72662e-08 1.68851e-07 3.19283e-07 5.90047e-07 1.06581e-06 1.88195e-06 3.24906e-06 5.48553e-06 9.05947e-06 1.46399e-05 2.31559e-05 3.58613e-05 5.43985e-05 8.08551e-05 0.000117801 0.000168295 0.000235847 0.00032432 0.000437762 0.000580164 0.000755147 0.000965583 0.00121319 0.00149813 0.00181868 0.00217098 0.00254897 0.00294457 0.00334795 0.00374815 0.00413363 0.0044931 0.00481603 0.00509326 0.00531728 0.00548235 0.00558445 0.00562123 0.00559184 0.00549695 0.00533873 0.00512104 0.0048495 0.0045315 0.00417614 0.00379384 0.00339587 0.00299369 0.00259828 0.00221946 0.0018654 0.00154226 0.00125404 0.00100263 0.000788074 0.000608837 0.000462222 0.00034476 0.000252576 0.000181703 0.000128323 8.89381e-05 6.04756e-05 4.03317e-05 2.63727e-05 1.69035e-05 1.06167e-05 6.53255e-06 3.93695e-06 2.32347e-06 1.34258e-06 7.5949e-07 4.20573e-07 2.27969e-07 1.20954e-07 6.28179e-08 3.19363e-08 1.58949e-08 7.74547e-09 3.69581e-09 1.72705e-09 7.90508e-10 3.54488e-10 1.5579e-10 6.7179e-11 2.86122e-11 1.25417e-11 
1.37338e-11 1.49773e-11 2.97666e-11 7.04221e-11 1.68963e-10 3.98845e-10 9.21627e-10 2.08275e-09 4.60176e-09 9.939e-09 2.09813e-08 4.32858e-08 8.72662e-08 1.71913e-07 3.30923e-07 6.22447e-07 1.14409e-06 2.05512e-06 3.60823e-06 6.19309e-06 1.03937e-05 1.70608e-05 2.73982e-05 4.30611e-05 6.62587e-05 9.98536e-05 0.000147441 0.000213396 0.000302856 0.00042164 0.000576055 0.000772606 0.00101758 0.00131652 0.00167364 0.00209116 0.00256873 0.00310291 0.00368684 0.00431023 0.00495964 0.00561902 0.00627063 0.00689611 0.00747751 0.00799835 0.00844437 0.00880395 0.00906829 0.0092313 0.00928941 0.00924136 0.00908816 0.00883316 0.00848225 0.00804408 0.00753013 0.00695458 0.00633383 0.00568572 0.00502855 0.00438002 0.00375612 0.00317037 0.00263314 0.00215144 0.00172895 0.00136625 0.00106139 0.00081042 0.000608025 0.000448111 0.000324319 0.000230431 0.000160675 0.000109913 7.37386e-05 4.85002e-05 3.1265e-05 1.97475e-05 1.22177e-05 7.40263e-06 4.39157e-06 2.55047e-06 1.44988e-06 8.06721e-07 4.3931e-07 2.34138e-07 1.22135e-07 6.23581e-08 3.11653e-08 1.52483e-08 7.30468e-09 3.42669e-09 1.57441e-09 7.08627e-10 3.12557e-10 1.35266e-10 5.78316e-11 2.54792e-11 
2.75922e-11 3.03441e-11 6.02887e-11 1.42095e-10 3.3947e-10 7.97816e-10 1.83531e-09 4.12868e-09 9.07986e-09 1.95181e-08 4.10041e-08 8.41774e-08 1.68851e-07 3.30923e-07 6.33652e-07 1.18544e-06 2.16687e-06 3.87032e-06 6.75585e-06 1.15267e-05 1.92275e-05 3.13648e-05 5.00493e-05 7.8152e-05 0.000119462 0.000178832 0.000262281 0.000377037 0.000531474 0.000734934 0.000997382 0.0013289 0.00173902 0.00223587 0.00282528 0.00350976 0.00428771 0.00515261 0.00609273 0.0070911 0.00812604 0.00917217 0.0102018 0.0111864 0.0120986 0.0129134 0.0136093 0.014169 0.0145795 0.0148319 0.0149209 0.0148449 0.0146052 0.0142068 0.0136583 0.0129727 0.0121671 0.0112629 0.0102849 0.00926065 0.00821828 0.00718545 0.00618746 0.00524594 0.00437792 0.00359528 0.00290475 0.00230826 0.00180362 0.00138538 0.00104574 0.000775483 0.00056476 0.00040378 0.000283307 0.000195003 0.000131624 8.70945e-05 5.64756e-05 3.58767e-05 2.23216e-05 1.35987e-05 8.11041e-06 4.73466e-06 2.70512e-06 1.51251e-06 8.27584e-07 4.43121e-07 2.32191e-07 1.19071e-07 5.97644e-08 2.93635e-08 1.4124e-08 6.65217e-09 3.06831e-09 1.3863e-09 6.13757e-10 2.66609e-10 1.14436e-10 5.06825e-11 
5.42814e-11 6.01762e-11 1.19487e-10 2.80518e-10 6.67214e-10 1.561e-09 3.57447e-09 8.00346e-09 1.75175e-08 3.74728e-08 7.83335e-08 1.59998e-07 3.19283e-07 6.22447e-07 1.18544e-06 2.2055e-06 4.0087e-06 7.11873e-06 1.23526e-05 2.09482e-05 3.47267e-05 5.62886e-05 8.92391e-05 0.000138427 0.000210176 0.000312484 0.000455141 0.000649739 0.000909509 0.00124897 0.00168333 0.00222765 0.00289579 0.00369909 0.00464505 0.00573589 0.00696736 0.0083278 0.00979772 0.01135 0.0129509 0.0145615 0.0161397 0.0176431 0.0190311 0.020267 0.0213196 0.0221642 0.0227822 0.0231611 0.0232935 0.023177 0.0228137 0.0222105 0.0213797 0.0203398 0.0191154 0.0177377 0.0162433 0.0146727 0.0130682 0.0114714 0.0099212 0.00845116 0.00708832 0.00585223 0.00475476 0.00380048 0.00298758 0.00230905 0.00175401 0.00130905 0.000959494 0.00069043 0.000487544 0.000337717 0.000229386 0.000152718 9.96271e-05 6.36628e-05 3.98377e-05 2.44059e-05 1.46354e-05 8.58915e-06 4.9327e-06 2.77189e-06 1.52408e-06 8.1994e-07 4.31634e-07 2.2235e-07 1.12096e-07 5.53127e-08 2.67179e-08 1.26356e-08 5.85165e-09 2.65429e-09 1.17969e-09 5.14417e-10 2.21702e-10 9.87189e-11 
1.04572e-10 1.16819e-10 2.31748e-10 5.41856e-10 1.28298e-09 2.98773e-09 6.80921e-09 1.5173e-08 3.30472e-08 7.03406e-08 1.46293e-07 2.97256e-07 5.90047e-07 1.14409e-06 2.16687e-06 4.0087e-06 7.24414e-06 1.27884e-05 2.20568e-05 3.7174e-05 6.12351e-05 9.86148e-05 0.00015531 0.000239293 0.000360833 0.000532743 0.000770491 0.00109211 0.00151785 0.00206952 0.00276953 0.0036395 0.00469867 0.00596203 0.00743831 0.00912811 0.0110223 0.0131008 0.0153326 0.0176755 0.0200786 0.0224841 0.0248305 0.0270566 0.0291041 0.0309213 0.0324647 0.0336999 0.0346016 0.0351528 0.0353437 0.035171 0.0346377 0.0337529 0.0325336 0.0310049 0.0292012 0.0271663 0.0249517 0.0226156 0.0202191 0.0178232 0.0154852 0.0132559 0.011177 0.00927943 0.00758343 0.00609839 0.00482415 0.00375254 0.00286921 0.00215554 0.00159047 0.00115207 0.000818904 0.000570952 0.000390299 0.000261491 0.000171641 0.000110343 6.94548e-05 4.27946e-05 2.58058e-05 1.52272e-05 8.79121e-06 4.96562e-06 2.74398e-06 1.48347e-06 7.8466e-07 4.06091e-07 2.05659e-07 1.01932e-07 4.94509e-08 2.3486e-08 1.09218e-08 4.97429e-09 2.21964e-09 9.71745e-10 4.20561e-10 1.883e-10 
1.97296e-10 2.2201e-10 4.39905e-10 1.02422e-09 2.41382e-09 5.59448e-09 1.26885e-08 2.81344e-08 6.09696e-08 1.29109e-07 2.67115e-07 5.39867e-07 1.06581e-06 2.05512e-06 3.87032e-06 7.11873e-06 1.27884e-05 2.24397e-05 3.84642e-05 6.4418e-05 0.000105429 0.000168668 0.00026385 0.000403735 0.000604543 0.000886227 0.00127251 0.00179059 0.00247046 0.0033438 0.00444234 0.00579586 0.00742976 0.00936247 0.0116027 0.014147 0.0169779 0.0200624 0.0233522 0.0267845 0.0302846 0.0337697 0.0371528 0.0403483 0.0432761 0.0458657 0.0480585 0.0498089 0.0510835 0.0518605 0.0521274 0.0518799 0.0511217 0.0498649 0.0481313 0.0459542 0.0433793 0.0404657 0.037284 0.0339142 0.0304417 0.0269528 0.0235298 0.0202467 0.0171656 0.0143345 0.0117861 0.00953811 0.00759442 0.00594688 0.00457783 0.00346268 0.00257245 0.00187611 0.0013426 0.000942342 0.000648422 0.000437235 0.000288812 0.000186815 0.000118299 7.3318e-05 4.44649e-05 2.63836e-05 1.53149e-05 8.69625e-06 4.83033e-06 2.62455e-06 1.39504e-06 7.25455e-07 3.6912e-07 1.83788e-07 8.95617e-08 4.27226e-08 1.99528e-08 9.1255e-09 4.08877e-09 1.79736e-09 7.81242e-10 3.51764e-10 
3.64587e-10 4.13095e-10 8.17336e-10 1.8947e-09 4.44406e-09 1.02498e-08 2.31318e-08 5.10314e-08 1.10019e-07 2.31752e-07 4.76907e-07 9.58614e-07 1.88195e-06 3.60823e-06 6.75585e-06 1.23526e-05 2.20568e-05 3.84642e-05 6.55169e-05 0.000109018 0.000177251 0.000281665 0.000437593 0.000664909 0.00098853 0.00143865 0.00205057 0.00286404 0.00392205 0.0052689 0.00694781 0.00899788 0.0114507 0.0143269 0.0176326 0.0213564 0.0254671 0.0299128 0.0346211 0.0395011 0.0444472 0.0493443 0.0540739 0.0585206 0.062578 0.0661538 0.0691721 0.0715748 0.0733203 0.0743814 0.074743 0.0743999 0.0733567 0.0716281 0.0692411 0.0662376 0.0626763 0.0586334 0.054202 0.0494884 0.0446078 0.039678 0.0348132 0.0301178 0.0256816 0.0215762 0.0178529 0.0145428 0.0116576 0.00919153 0.00712498 0.00542727 0.00406034 0.002982 0.00214882 0.00151855 0.00105194 0.000714018 0.000474687 0.000308986 0.000196868 0.000122746 7.48776e-05 4.46831e-05 2.60818e-05 1.48905e-05 8.31481e-06 4.54124e-06 2.42605e-06 1.26784e-06 6.48207e-07 3.24271e-07 1.5875e-07 7.60686e-08 3.56832e-08 1.63904e-08 7.37495e-09 3.25554e-09 1.42133e-09 6.43659e-10 
6.5995e-10 7.52645e-10 1.4866e-09 3.43071e-09 8.00766e-09 1.83772e-08 4.12634e-08 9.05612e-08 1.94212e-07 4.06899e-07 8.32735e-07 1.66448e-06 3.24906e-06 6.19309e-06 1.15267e-05 2.09482e-05 3.7174e-05 6.4418e-05 0.000109018 0.000180212 0.000291038 0.000459315 0.000708606 0.00106904 0.00157783 0.00227936 0.0032246 0.00446982 0.00607446 0.00809821 0.0105974 0.0136206 0.0172045 0.0213688 0.0261125 0.0314104 0.0372105 0.0434341 0.0499763 0.0567099 0.0634907 0.0701644 0.0765749 0.0825724 0.0880212 0.0928046 0.096829 0.100024 0.102339 0.103742 0.104217 0.103757 0.102368 0.100067 0.0968841 0.0928712 0.0880995 0.0826638 0.0766815 0.0702889 0.0636354 0.0568765 0.0501651 0.0436439 0.0374384 0.031652 0.0263623 0.0216207 0.0174522 0.0138582 0.0108197 0.00830119 0.00625528 0.00462698 0.00335787 0.00238959 0.00166674 0.00113895 0.00076219 0.000499332 0.00032015 0.00020084 0.000123252 7.39813e-05 4.34303e-05 2.49335e-05 1.39987e-05 7.68626e-06 4.12757e-06 2.16801e-06 1.11395e-06 5.5997e-07 2.75441e-07 1.32596e-07 6.24816e-08 2.88269e-08 1.30271e-08 5.77537e-09 2.53291e-09 1.15377e-09 
1.1703e-09 1.3429e-09 2.64728e-09 6.08121e-09 1.41239e-08 3.22495e-08 7.20374e-08 1.57267e-07 3.35446e-07 6.98935e-07 1.42236e-06 2.82674e-06 5.48553e-06 1.03937e-05 1.92275e-05 3.47267e-05 6.12351e-05 0.000105429 0.000177251 0.000291038 0.000466803 0.000731567 0.00112059 0.00167833 0.00245883 0.00352543 0.00494949 0.00680804 0.00918038 0.0121437 0.0157678 0.0201095 0.0252069 0.0310737 0.0376948 0.0450227 0.0529758 0.0614387 0.0702652 0.079283 0.0883018 0.0971221 0.105546 0.113386 0.120476 0.126675 0.131872 0.135985 0.138958 0.140756 0.141361 0.140765 0.138975 0.136009 0.131901 0.126709 0.120517 0.113436 0.105608 0.0972026 0.0884052 0.0794136 0.0704257 0.0616299 0.0531959 0.0452679 0.0379593 0.0313505 0.0254881 0.0203873 0.0160347 0.0123934 0.00940797 0.00701009 0.00512425 0.0036727 0.00257971 0.00177497 0.00119583 0.000788588 0.000508868 0.000321239 0.000198351 0.000119774 7.07252e-05 4.08363e-05 2.30556e-05 1.27284e-05 6.87179e-06 3.62828e-06 1.87377e-06 9.46626e-07 4.679e-07 2.26317e-07 1.0714e-07 4.96551e-08 2.25393e-08 1.00364e-08 4.42208e-09 2.02628e-09 
2.03336e-09 2.34676e-09 4.61615e-09 1.05543e-08 2.43894e-08 5.54024e-08 1.23105e-07 2.67309e-07 5.6703e-07 1.17483e-06 2.37711e-06 4.69649e-06 9.05947e-06 1.70608e-05 3.13648e-05 5.62886e-05 9.86148e-05 0.000168668 0.000281665 0.000459315 0.000731567 0.00113835 0.00173105 0.0025735 0.00374201 0.00532434 0.00741727 0.0101227 0.0135425 0.0177719 0.0228928 0.0289663 0.0360257 0.0440703 0.053061 0.0629174 0.0735169 0.0846972 0.0962611 0.107984 0.119622 0.130928 0.14166 0.151593 0.160531 0.168313 0.174812 0.179941 0.183638 0.185869 0.186615 0.185869 0.183638 0.179938 0.174805 0.168301 0.160517 0.15158 0.141655 0.130938 0.119656 0.108048 0.0963629 0.0848396 0.0737005 0.0631398 0.0533172 0.0443528 0.0363255 0.0292737 0.023198 0.0180659 0.0138175 0.0103729 0.00763856 0.00551471 0.00390132 0.00270318 0.00183373 0.0012174 0.000790755 0.000502405 0.000312167 0.000189663 0.000112667 6.54359e-05 3.71565e-05 2.06284e-05 1.1198e-05 5.94418e-06 3.08587e-06 1.56694e-06 7.78377e-07 3.78323e-07 1.79952e-07 8.37866e-08 3.82043e-08 1.7088e-08 7.56455e-09 3.48707e-09 
3.46187e-09 4.01712e-09 7.88311e-09 1.79379e-08 4.12407e-08 9.31934e-08 2.05973e-07 4.44807e-07 9.38281e-07 1.93291e-06 3.88813e-06 7.63598e-06 1.46399e-05 2.73982e-05 5.00493e-05 8.92391e-05 0.00015531 0.00026385 0.000437593 0.000708606 0.00112059 0.00173105 0.00261295 0.00385544 0.00556326 0.00785441 0.010856 0.014698 0.019506 0.0253919 0.032445 0.0407234 0.0502456 0.060985 0.0728656 0.0857607 0.0994949 0.113848 0.128563 0.143357 0.157931 0.171988 0.185244 0.197442 0.208361 0.217823 0.225696 0.231887 0.236339 0.239019 0.23991 0.239008 0.236317 0.231851 0.225643 0.217754 0.208277 0.197349 0.18515 0.171904 0.157867 0.143325 0.128574 0.113908 0.0996082 0.0859277 0.0730829 0.0612459 0.0505408 0.0410419 0.0327749 0.0257214 0.0198243 0.0149958 0.0111262 0.00809235 0.00576668 0.00402433 0.00274912 0.00183769 0.0012017 0.000768534 0.000480604 0.000293841 0.000175629 0.000102618 5.86131e-05 3.2728e-05 1.7866e-05 9.53581e-06 4.97695e-06 2.54041e-06 1.26837e-06 6.19543e-07 2.96115e-07 1.38522e-07 6.34525e-08 2.85101e-08 1.26812e-08 5.88114e-09 
5.77609e-09 6.73653e-09 1.31861e-08 2.98602e-08 6.82984e-08 1.53526e-07 3.37491e-07 7.24802e-07 1.52025e-06 3.11364e-06 6.22606e-06 1.21533e-05 2.31559e-05 4.30611e-05 7.8152e-05 0.000138427 0.000239293 0.000403735 0.000664909 0.00106904 0.00167833 0.0025735 0.00385544 0.00564535 0.00808292 0.011322 0.0155241 0.020849 0.0274443 0.0354339 0.0449063 0.055905 0.0684201 0.0823836 0.097667 0.114083 0.13139 0.149302 0.167494 0.185624 0.203338 0.220294 0.236173 0.250692 0.263617 0.274763 0.283998 0.291236 0.296426 0.299543 0.300576 0.299522 0.296381 0.291165 0.283897 0.274631 0.263457 0.250509 0.235976 0.220097 0.203155 0.18547 0.167384 0.149246 0.131398 0.114158 0.0978096 0.082589 0.06868 0.0562081 0.0452395 0.0357829 0.0277951 0.0211886 0.0158416 0.0116092 0.00833441 0.00585875 0.00403096 0.00271349 0.00178662 0.00115031 0.00072409 0.000445563 0.000267995 0.000157552 9.05322e-05 5.08483e-05 2.79172e-05 1.49841e-05 7.86325e-06 4.03505e-06 2.02506e-06 9.94141e-07 4.77488e-07 2.24434e-07 1.03284e-07 4.66202e-08 2.08365e-08 9.72212e-09 
9.4456e-09 1.10683e-08 2.16072e-08 4.86924e-08 1.10798e-07 2.47745e-07 5.4166e-07 1.15681e-06 2.41252e-06 4.91217e-06 9.76341e-06 1.89409e-05 3.58613e-05 6.62587e-05 0.000119462 0.000210176 0.000360833 0.000604543 0.00098853 0.00157783 0.00245883 0.00374201 0.00556326 0.00808292 0.011482 0.015955 0.0216999 0.0289055 0.0377364 0.0483194 0.0607296 0.07498 0.0910145 0.108705 0.127854 0.148198 0.169418 0.191154 0.213014 0.234596 0.255499 0.275347 0.293796 0.310552 0.325379 0.3381 0.348594 0.356788 0.362647 0.366158 0.367318 0.366127 0.362582 0.356685 0.348448 0.33791 0.325145 0.31028 0.293494 0.275031 0.255186 0.234303 0.21276 0.190956 0.169289 0.148146 0.127884 0.108817 0.0912027 0.0752344 0.0610371 0.0486642 0.0381018 0.0292748 0.022058 0.0162892 0.0117828 0.00834445 0.00578313 0.00392088 0.00259972 0.00168533 0.00106802 0.000661528 0.000400456 0.000236907 0.000136968 7.73912e-05 4.27387e-05 2.30701e-05 1.21738e-05 6.28079e-06 3.16869e-06 1.56351e-06 7.54683e-07 3.56432e-07 1.64798e-07 7.473e-08 3.35616e-08 1.57548e-08 
1.51404e-08 1.78194e-08 3.46896e-08 7.77937e-08 1.76106e-07 3.91692e-07 8.51734e-07 1.80888e-06 3.75076e-06 7.59193e-06 1.49983e-05 2.89158e-05 5.43985e-05 9.98536e-05 0.000178832 0.000312484 0.000532743 0.000886227 0.00143865 0.00227936 0.00352543 0.00532434 0.00785441 0.011322 0.015955 0.0219915 0.0296656 0.0391901 0.0507377 0.0644244 0.0802939 0.0983089 0.118346 0.140197 0.163576 0.188131 0.213459 0.239121 0.264662 0.289629 0.313588 0.33614 0.356937 0.375692 0.392181 0.406249 0.4178 0.426785 0.43319 0.437021 0.438284 0.436982 0.433111 0.426658 0.41762 0.406013 0.391886 0.375343 0.356543 0.335714 0.313148 0.289196 0.264257 0.238765 0.21317 0.187924 0.16346 0.140178 0.118424 0.0984767 0.0805406 0.0647345 0.0510929 0.0395704 0.0300516 0.0223656 0.0163026 0.0116328 0.00812205 0.00554682 0.00370411 0.00241812 0.00154292 0.000962096 0.000586227 0.000349032 0.000203056 0.000115432 6.41255e-05 3.48147e-05 1.84746e-05 9.58359e-06 4.86061e-06 2.41068e-06 1.1694e-06 5.54972e-07 2.57799e-07 1.17444e-07 5.30001e-08 2.50305e-08 
2.37896e-08 2.81134e-08 5.4572e-08 1.21788e-07 2.74285e-07 6.06852e-07 1.31246e-06 2.77181e-06 5.71444e-06 1.14983e-05 2.25775e-05 4.32562e-05 8.08551e-05 0.000147441 0.000262281 0.000455141 0.000770491 0.00127251 0.00205057 0.0032246 0.00494949 0.00741727 0.010856 0.0155241 0.0216999 0.0296656 0.0396872 0.0519923 0.0667477 0.0840394 0.103858 0.126093 0.150529 0.176857 0.20469 0.233575 0.263021 0.292515 0.321549 0.349633 0.376317 0.401203 0.42396 0.444324 0.462106 0.477187 0.489507 0.499051 0.505833 0.509881 0.511214 0.50984 0.505748 0.498914 0.48931 0.476925 0.461775 0.443924 0.423498 0.400692 0.375772 0.349076 0.321002 0.292003 0.262564 0.233195 0.204404 0.176677 0.15046 0.126135 0.104006 0.0842794 0.0670617 0.0523587 0.0400825 0.0300671 0.0220876 0.0158818 0.0111725 0.0076867 0.00517045 0.00339945 0.00218421 0.00137127 0.000841118 0.000504049 0.000295099 0.000168793 9.43315e-05 5.15129e-05 2.74905e-05 1.43389e-05 7.31114e-06 3.64476e-06 1.77687e-06 8.47335e-07 3.95455e-07 1.80985e-07 8.2069e-08 3.89918e-08 
3.66447e-08 4.34683e-08 8.41306e-08 1.86851e-07 4.18682e-07 9.21501e-07 1.98226e-06 4.16319e-06 8.53389e-06 1.70702e-05 3.33149e-05 6.34292e-05 0.000117801 0.000213396 0.000377037 0.000649739 0.00109211 0.00179059 0.00286404 0.00446982 0.00680804 0.0101227 0.014698 0.020849 0.0289055 0.0391901 0.0519923 0.0675407 0.0859764 0.107333 0.131521 0.158332 0.187436 0.218406 0.250738 0.283877 0.317246 0.350269 0.3824 0.413134 0.44203 0.468715 0.492896 0.514357 0.532959 0.548635 0.561372 0.571195 0.578154 0.582297 0.583662 0.582259 0.578073 0.571064 0.56118 0.548375 0.532623 0.513941 0.492405 0.468157 0.441417 0.412486 0.381738 0.349618 0.316631 0.283324 0.250269 0.218042 0.187191 0.158215 0.131533 0.107465 0.0862146 0.0678629 0.0523727 0.0396013 0.0293215 0.0212474 0.0150617 0.0104404 0.00707459 0.004685 0.00303149 0.00191636 0.0011834 0.000713827 0.000420589 0.000242068 0.0001361 7.47577e-05 4.0122e-05 2.10426e-05 1.07863e-05 5.40488e-06 2.64805e-06 1.26884e-06 5.9493e-07 2.73523e-07 1.24623e-07 5.95607e-08 
5.53383e-08 6.58716e-08 1.27113e-07 2.80974e-07 6.2644e-07 1.37168e-06 2.93501e-06 6.13041e-06 1.24953e-05 2.4848e-05 4.82018e-05 9.12019e-05 0.000168295 0.000302856 0.000531474 0.000909509 0.00151785 0.00247046 0.00392205 0.00607446 0.00918038 0.0135425 0.019506 0.0274443 0.0377364 0.0507377 0.0667477 0.0859764 0.108516 0.134319 0.163193 0.194802 0.228683 0.264275 0.300955 0.338064 0.374953 0.411 0.445644 0.478393 0.508839 0.536661 0.561628 0.583591 0.602479 0.618286 0.631053 0.640854 0.647773 0.651884 0.653239 0.651854 0.647708 0.640746 0.630889 0.618055 0.602172 0.5832 0.561152 0.536103 0.508207 0.477701 0.44491 0.410247 0.374206 0.337353 0.300307 0.26372 0.228244 0.194499 0.163036 0.134309 0.108643 0.0862216 0.0670848 0.0511362 0.0381646 0.0278733 0.0199116 0.0139073 0.00949412 0.00633322 0.00412727 0.00262725 0.00163341 0.000991791 0.000588123 0.000340604 0.000192659 0.000106445 5.74521e-05 3.02967e-05 1.56121e-05 7.86296e-06 3.87132e-06 1.8638e-06 8.77908e-07 4.05444e-07 1.856e-07 8.92195e-08 
8.19304e-08 9.78383e-08 1.88238e-07 4.14151e-07 9.18837e-07 2.00179e-06 4.26096e-06 8.85198e-06 1.79419e-05 3.54733e-05 6.84029e-05 0.000128627 0.000235847 0.00042164 0.000734934 0.00124897 0.00206952 0.0033438 0.0052689 0.00809821 0.0121437 0.0177719 0.0253919 0.0354339 0.0483194 0.0644244 0.0840394 0.107333 0.134319 0.164845 0.198583 0.23505 0.273634 0.313636 0.354309 0.394909 0.434727 0.473125 0.509552 0.543557 0.574795 0.603022 0.628088 0.649929 0.668553 0.684022 0.696439 0.705922 0.712591 0.716546 0.717852 0.716529 0.712551 0.70585 0.696322 0.683848 0.668308 0.649602 0.627672 0.602514 0.574197 0.542876 0.5088 0.47232 0.433892 0.394073 0.353506 0.3129 0.273 0.234547 0.198234 0.164662 0.134302 0.107468 0.0843028 0.0647841 0.0487396 0.0358791 0.0258308 0.0181799 0.0125041 0.00840241 0.00551504 0.00353522 0.00221288 0.00135253 0.000807193 0.000470385 0.000267671 0.00014875 8.07373e-05 4.28068e-05 2.2174e-05 1.12241e-05 5.553e-06 2.68592e-06 1.27086e-06 5.89522e-07 2.71112e-07 1.31067e-07 
1.18926e-07 1.42435e-07 2.73232e-07 5.9842e-07 1.32131e-06 2.86447e-06 6.06621e-06 1.25359e-05 2.52698e-05 4.96787e-05 9.52336e-05 0.000177994 0.00032432 0.000576055 0.000997382 0.00168333 0.00276953 0.00444234 0.00694781 0.0105974 0.0157678 0.0228928 0.032445 0.0449063 0.0607296 0.0802939 0.103858 0.131521 0.163193 0.198583 0.237207 0.278418 0.321446 0.365452 0.409583 0.453024 0.495036 0.53499 0.572379 0.606822 0.638061 0.665952 0.690443 0.711566 0.729411 0.744115 0.755836 0.764739 0.770975 0.774665 0.775886 0.774663 0.770966 0.764713 0.755781 0.744016 0.729254 0.711335 0.690127 0.66554 0.637549 0.606207 0.571666 0.53419 0.494167 0.452111 0.408662 0.364561 0.320628 0.277716 0.236655 0.198207 0.163005 0.131516 0.104018 0.0805875 0.0611187 0.0453501 0.0329051 0.0233369 0.016172 0.0109471 0.00723687 0.00467135 0.00294391 0.0018112 0.00108782 0.000637831 0.000365119 0.000204072 0.000111378 5.9368e-05 3.09108e-05 1.57239e-05 7.8162e-06 3.79789e-06 1.80493e-06 8.4088e-07 3.8845e-07 1.88834e-07 
1.69249e-07 2.03252e-07 3.88759e-07 8.47685e-07 1.86302e-06 4.01954e-06 8.47027e-06 1.74141e-05 3.49164e-05 6.82641e-05 0.000130112 0.000241739 0.000437762 0.000772606 0.0013289 0.00222765 0.0036395 0.00579586 0.00899788 0.0136206 0.0201095 0.0289663 0.0407234 0.055905 0.07498 0.0983089 0.126093 0.158332 0.194802 0.23505 0.278418 0.324084 0.371121 0.418562 0.465466 0.510975 0.554353 0.595011 0.632515 0.666584 0.697069 0.723937 0.747249 0.767132 0.783763 0.797346 0.808094 0.816209 0.821868 0.825209 0.826318 0.825223 0.821891 0.816233 0.808106 0.797332 0.783707 0.767017 0.747059 0.723657 0.696684 0.666085 0.631897 0.594274 0.553507 0.510041 0.464476 0.417556 0.370149 0.323198 0.277666 0.234472 0.194424 0.158162 0.126121 0.0985091 0.0753136 0.0563274 0.0411897 0.0294367 0.0205522 0.0140141 0.00933048 0.00606454 0.00384762 0.00238262 0.00144003 0.000849483 0.000489129 0.000274927 0.000150865 8.08361e-05 4.22999e-05 2.16211e-05 1.07974e-05 5.26981e-06 2.51519e-06 1.17669e-06 5.45959e-07 2.66824e-07 
2.3615e-07 2.84291e-07 5.42209e-07 1.17725e-06 2.57576e-06 5.53168e-06 1.16011e-05 2.37323e-05 4.73395e-05 9.20562e-05 0.000174484 0.000322307 0.000580164 0.00101758 0.00173902 0.00289579 0.00469867 0.00742976 0.0114507 0.0172045 0.0252069 0.0360257 0.0502456 0.0684201 0.0910145 0.118346 0.150529 0.187436 0.228683 0.273634 0.321446 0.371121 0.421584 0.471762 0.520656 0.567395 0.61128 0.651795 0.68861 0.721561 0.750625 0.775891 0.79753 0.815767 0.830856 0.843063 0.852643 0.859829 0.864817 0.867755 0.868734 0.867784 0.864871 0.859901 0.852721 0.843134 0.830905 0.815775 0.797479 0.775761 0.750397 0.721215 0.688131 0.651173 0.610515 0.566498 0.519653 0.470693 0.420499 0.37008 0.320511 0.272859 0.228108 0.187086 0.150404 0.118428 0.0912683 0.0687996 0.050701 0.0365099 0.0256802 0.0176377 0.0118259 0.00773905 0.00494253 0.00308024 0.00187317 0.00111157 0.000643709 0.000363807 0.000200695 0.000108082 5.6833e-05 2.91854e-05 1.46404e-05 7.17615e-06 3.43924e-06 1.61552e-06 7.52728e-07 3.69777e-07 
3.23048e-07 3.89771e-07 7.41316e-07 1.60297e-06 3.49217e-06 7.46657e-06 1.5587e-05 3.17342e-05 6.29868e-05 0.000121851 0.000229717 0.000421964 0.000755147 0.00131652 0.00223587 0.00369909 0.00596203 0.00936247 0.0143269 0.0213688 0.0310737 0.0440703 0.060985 0.0823836 0.108705 0.140197 0.176857 0.218406 0.264275 0.313636 0.365452 0.418562 0.471762 0.523903 0.573957 0.621081 0.664645 0.704238 0.739653 0.77086 0.79797 0.821194 0.840809 0.857127 0.870471 0.881154 0.889463 0.895651 0.899924 0.902433 0.903274 0.902474 0.900003 0.895762 0.889597 0.8813 0.870616 0.857253 0.840896 0.82122 0.79791 0.770688 0.739344 0.703771 0.664009 0.620275 0.572997 0.522824 0.470614 0.417408 0.364363 0.312679 0.263508 0.217868 0.176564 0.14014 0.108857 0.0826987 0.061411 0.044554 0.0315677 0.0218359 0.014742 0.00971205 0.00624276 0.00391486 0.00239507 0.00142951 0.000832429 0.000472979 0.000262257 0.00014193 7.49824e-05 3.86792e-05 1.94865e-05 9.59107e-06 4.61492e-06 2.1762e-06 1.01808e-06 5.02605e-07 
4.33274e-07 5.23816e-07 9.93583e-07 2.14007e-06 4.64319e-06 9.88561e-06 2.05465e-05 4.16405e-05 8.22562e-05 0.000158341 0.000296971 0.000542578 0.000965583 0.00167364 0.00282528 0.00464505 0.00743831 0.0116027 0.0176326 0.0261125 0.0376948 0.053061 0.0728656 0.097667 0.127854 0.163576 0.20469 0.250738 0.300955 0.354309 0.409583 0.465466 0.520656 0.573957 0.624355 0.671069 0.713569 0.751571 0.785011 0.814001 0.838781 0.859679 0.877068 0.891333 0.902849 0.911964 0.918984 0.924171 0.927731 0.929817 0.930518 0.929866 0.927828 0.924311 0.919161 0.91217 0.903073 0.89156 0.877278 0.85985 0.838885 0.814006 0.784886 0.751285 0.713096 0.670398 0.623491 0.572923 0.519498 0.464247 0.408378 0.353198 0.300009 0.250014 0.20422 0.163365 0.127884 0.0978976 0.0732435 0.0535287 0.0381979 0.0266058 0.0180833 0.0119909 0.00775605 0.00489331 0.0030111 0.00180724 0.00105804 0.00060426 0.0003367 0.000183076 9.71568e-05 5.03342e-05 2.5463e-05 1.25822e-05 6.07718e-06 2.87639e-06 1.35086e-06 6.70029e-07 
5.69747e-07 6.90053e-07 1.30553e-06 2.80154e-06 6.05476e-06 1.28393e-05 2.65743e-05 5.36233e-05 0.000105448 0.00020203 0.000377049 0.000685362 0.00121319 0.00209116 0.00350976 0.00573589 0.00912811 0.014147 0.0213564 0.0314104 0.0450227 0.0629174 0.0857607 0.114083 0.148198 0.188131 0.233575 0.283877 0.338064 0.394909 0.453024 0.510975 0.567395 0.621081 0.671069 0.716671 0.757486 0.793377 0.824425 0.850885 0.873121 0.891565 0.906667 0.91887 0.928584 0.936177 0.941962 0.946198 0.949088 0.950775 0.951345 0.950828 0.949194 0.946355 0.942166 0.936423 0.928864 0.919173 0.906976 0.891859 0.873372 0.851058 0.824482 0.793279 0.757199 0.716168 0.670341 0.620141 0.566278 0.50974 0.451747 0.393678 0.336963 0.282978 0.232928 0.187758 0.148092 0.114212 0.0860729 0.0633533 0.0455223 0.0319208 0.0218371 0.0145711 0.00948201 0.00601705 0.00372329 0.00224667 0.00132206 0.000758756 0.000424776 0.000232005 0.000123652 6.43238e-05 3.26679e-05 1.62031e-05 7.8543e-06 3.73063e-06 1.75848e-06 8.76099e-07 
