1.63065e-07 1.70891e-07 2.10053e-07 2.86362e-07 4.10491e-07 5.99056e-07 8.76032e-07 1.27466e-06 1.8399e-06 2.63134e-06 3.72679e-06 5.22631e-06 7.25673e-06 9.9766e-06 1.35813e-05 1.8308e-05 2.44405e-05 3.23132e-05 4.23138e-05 5.48843e-05 7.05198e-05 8.97644e-05 0.000113204 0.000141455 0.000175148 0.000214913 0.000261349 0.000315006 0.000376348 0.000445728 0.000523353 0.000609257 0.000703274 0.000805013 0.000913843 0.00102889 0.00114903 0.0012729 0.00139893 0.00152536 0.00165028 0.0017717 0.00188755 0.0019958 0.00209446 0.00218169 0.0022558 0.00231535 0.00235916 0.00238634 0.00239637 0.00238903 0.00236448 0.00232323 0.00226611 0.00219427 0.00210912 0.0020123 0.00190565 0.00179113 0.00167077 0.00154661 0.00142067 0.00129484 0.0011709 0.00105044 0.000934848 0.000825263 0.000722592 0.000627497 0.0005404 0.000461501 0.000390797 0.000328111 0.000273117 0.000225375 0.000184358 0.00014948 0.000120128 9.56789e-05 7.55208e-05 5.90701e-05 4.57817e-05 3.5157e-05 2.67486e-05 2.0162e-05 1.50552e-05 1.11361e-05 8.15934e-06 5.92153e-06 4.25656e-06 3.03066e-06 2.13752e-06 1.49385e-06 1.03529e-06 7.12863e-07 4.89897e-07 3.39558e-07 2.42819e-07 1.87029e-07 
1.70891e-07 1.79188e-07 2.20502e-07 3.00991e-07 4.31965e-07 6.31029e-07 9.23597e-07 1.34492e-06 1.94267e-06 2.78009e-06 3.93975e-06 5.52785e-06 7.67906e-06 1.05617e-05 1.43832e-05 1.93954e-05 2.58997e-05 3.42509e-05 4.48605e-05 5.81974e-05 7.47867e-05 9.52052e-05 0.000120074 0.000150044 0.000185786 0.000227963 0.000277209 0.000334103 0.000399134 0.000472671 0.000554932 0.000645946 0.000745532 0.000853271 0.000968494 0.00109027 0.0012174 0.00134845 0.00148176 0.00161546 0.00174753 0.00187587 0.0019983 0.00211267 0.0022169 0.00230903 0.00238729 0.00245016 0.00249639 0.00252507 0.00253562 0.00252783 0.00250187 0.00245827 0.00239791 0.00232199 0.002232 0.00212968 0.00201697 0.00189592 0.00176868 0.0016374 0.00150421 0.00137113 0.00124002 0.00111257 0.000990245 0.000874255 0.000765563 0.000664872 0.000572633 0.000489061 0.000414157 0.000347738 0.000289461 0.000238862 0.000195387 0.000158416 0.000127301 0.000101381 8.00116e-05 6.25726e-05 4.84869e-05 3.72258e-05 2.83151e-05 2.13362e-05 1.59264e-05 1.17759e-05 8.62436e-06 6.256e-06 4.49462e-06 3.19831e-06 2.25435e-06 1.57442e-06 1.09032e-06 7.50139e-07 5.15049e-07 3.56637e-07 2.54769e-07 1.96062e-07 
2.10053e-07 2.20502e-07 2.715e-07 3.70611e-07 5.31699e-07 7.76311e-07 1.13551e-06 1.65233e-06 2.38487e-06 3.41012e-06 4.8284e-06 6.76856e-06 9.39366e-06 1.29071e-05 1.75592e-05 2.36531e-05 3.15506e-05 4.1677e-05 5.45243e-05 7.06514e-05 9.06829e-05 0.000115303 0.000145244 0.000181277 0.000224184 0.000274743 0.00033369 0.000401693 0.000479311 0.000566959 0.000664867 0.000773046 0.000891258 0.00101898 0.00115541 0.00129942 0.00144959 0.00160423 0.00176135 0.00191878 0.00207416 0.002225 0.00236878 0.002503 0.00262522 0.00273318 0.00282482 0.00289839 0.00295245 0.00298593 0.00299817 0.00298893 0.00295841 0.00290722 0.00283638 0.00274729 0.00264167 0.00252155 0.00238917 0.00224692 0.00209731 0.00194286 0.00178603 0.00162919 0.00147455 0.00132408 0.00117951 0.00104229 0.000913558 0.000794169 0.000684672 0.000585345 0.00049621 0.00041707 0.000347545 0.000287102 0.000235099 0.00019082 0.000153505 0.000122381 9.66863e-05 7.56916e-05 5.87125e-05 4.51215e-05 3.4354e-05 2.59111e-05 1.93589e-05 1.43264e-05 1.0501e-05 7.62339e-06 5.48116e-06 3.9031e-06 2.75297e-06 1.92387e-06 1.33311e-06 9.17703e-07 6.30466e-07 4.36843e-07 3.12326e-07 2.40625e-07 
2.86362e-07 3.00991e-07 3.70611e-07 5.05442e-07 7.2415e-07 1.05569e-06 1.54169e-06 2.23973e-06 3.22732e-06 4.60692e-06 6.51172e-06 9.11225e-06 1.26238e-05 1.7314e-05 2.35111e-05 3.16117e-05 4.20872e-05 5.54902e-05 7.24568e-05 9.37081e-05 0.000120046 0.000152344 0.000191536 0.000238596 0.000294511 0.000360251 0.000436733 0.000524775 0.000625052 0.000738052 0.000864023 0.00100294 0.00115444 0.00131783 0.00149203 0.0016756 0.00186671 0.00206318 0.00226252 0.00246196 0.00265854 0.00284914 0.00303061 0.00319982 0.00335375 0.00348959 0.0036048 0.0036972 0.00376501 0.00380692 0.00382212 0.00381031 0.00377175 0.00370719 0.00361789 0.00350559 0.00337244 0.00322092 0.00305384 0.00287417 0.00268504 0.00248958 0.0022909 0.00209198 0.00189559 0.00170423 0.0015201 0.00134506 0.0011806 0.0010278 0.00088743 0.000759865 0.000645179 0.000543162 0.000453366 0.000375148 0.000307719 0.000250191 0.000201612 0.000161012 0.000127427 9.99294e-05 7.76464e-05 5.97744e-05 4.55872e-05 3.44411e-05 2.57744e-05 1.91051e-05 1.40262e-05 1.01985e-05 7.34394e-06 5.23746e-06 3.69959e-06 2.58916e-06 1.79671e-06 1.23865e-06 8.52265e-07 5.91535e-07 4.23774e-07 3.27236e-07 
4.10491e-07 4.31965e-07 5.31699e-07 7.2415e-07 1.03564e-06 1.50688e-06 2.19628e-06 3.18439e-06 4.57938e-06 6.5238e-06 9.20242e-06 1.28511e-05 1.77664e-05 2.43162e-05 3.29498e-05 4.42079e-05 5.87313e-05 7.72677e-05 0.000100675 0.00012992 0.000166075 0.000210302 0.000263836 0.000327957 0.000403957 0.000493093 0.000596542 0.000715343 0.000850337 0.00100211 0.00117092 0.00135666 0.00155881 0.00177637 0.00200786 0.00225133 0.00250434 0.00276399 0.00302698 0.00328971 0.00354827 0.00379863 0.00403669 0.0042584 0.00445988 0.00463748 0.00478797 0.00490854 0.00499691 0.00505141 0.00507101 0.00505534 0.00500471 0.00492011 0.00480316 0.00465607 0.00448161 0.004283 0.00406382 0.00382794 0.00357938 0.00332223 0.00306052 0.00279813 0.0025387 0.00228553 0.00204153 0.00180917 0.00159045 0.00138687 0.00119948 0.00102885 0.000875121 0.00073809 0.000617214 0.000511693 0.000420527 0.00034257 0.000276594 0.000221327 0.000175506 0.000137904 0.000107364 8.28137e-05 6.32815e-05 4.79018e-05 3.59167e-05 2.66738e-05 1.96197e-05 1.42921e-05 1.03106e-05 7.36653e-06 5.21284e-06 3.6547e-06 2.54064e-06 1.7547e-06 1.20966e-06 8.41381e-07 6.04235e-07 4.67839e-07 
5.99056e-07 6.31029e-07 7.76311e-07 1.05569e-06 1.50688e-06 2.18808e-06 3.18259e-06 4.60494e-06 6.60856e-06 9.39503e-06 1.32248e-05 1.84293e-05 2.54239e-05 3.47221e-05 4.69486e-05 6.28526e-05 8.33189e-05 0.000109375 0.000142195 0.000183099 0.000233538 0.000295082 0.00036939 0.00045817 0.000563133 0.000685934 0.000828103 0.000990975 0.00117561 0.0013827 0.00161251 0.00186481 0.0021388 0.00243305 0.00274551 0.0030735 0.00341369 0.0037622 0.0041146 0.00446607 0.00481145 0.00514541 0.00546255 0.00575755 0.00602533 0.00626114 0.00646075 0.0066205 0.00673746 0.00680945 0.00683513 0.00681403 0.00674657 0.00663403 0.00647851 0.00628291 0.00605084 0.00578648 0.00549454 0.00518006 0.00484834 0.00450476 0.00415464 0.00380312 0.00345505 0.00311483 0.00278638 0.00247305 0.00217756 0.001902 0.00164784 0.00141593 0.00120656 0.00101953 0.000854182 0.000709514 0.000584242 0.000476877 0.000385801 0.000309332 0.000245784 0.000193515 0.000150963 0.000116677 8.93363e-05 6.77589e-05 5.09061e-05 3.788e-05 2.79165e-05 2.03751e-05 1.47271e-05 1.05418e-05 7.47372e-06 5.24956e-06 3.65617e-06 2.52998e-06 1.74766e-06 1.2183e-06 8.77136e-07 6.80987e-07 
8.76032e-07 9.23597e-07 1.13551e-06 1.54169e-06 2.19628e-06 3.18259e-06 4.61957e-06 6.67035e-06 9.55289e-06 1.35527e-05 1.90374e-05 2.64735e-05 3.64439e-05 4.96661e-05 6.70104e-05 8.95167e-05 0.000118408 0.000155099 0.000201199 0.00025851 0.000329004 0.000414803 0.000518135 0.000641284 0.000786518 0.000956013 0.00115176 0.00137547 0.00162847 0.00191158 0.00222503 0.00256839 0.00294044 0.00333917 0.00376172 0.0042044 0.00466268 0.00513132 0.0056044 0.00607547 0.0065377 0.00698401 0.00740728 0.00780054 0.0081571 0.00847079 0.00873606 0.00894816 0.00910326 0.00919855 0.00923229 0.00920389 0.00911387 0.00896391 0.00875677 0.00849622 0.00818696 0.00783447 0.0074449 0.00702488 0.00658136 0.00612144 0.00565215 0.00518033 0.00471241 0.00425432 0.00381133 0.00338796 0.00298795 0.0026142 0.00226878 0.00195294 0.0016672 0.00141138 0.00118472 0.00098597 0.000813472 0.000665291 0.0005393 0.000433271 0.000344952 0.000272139 0.000212724 0.000164742 0.00012639 9.60538e-05 7.23061e-05 5.39096e-05 3.98072e-05 2.91097e-05 2.10806e-05 1.51183e-05 1.07384e-05 7.55681e-06 5.27302e-06 3.65585e-06 2.53053e-06 1.768e-06 1.27612e-06 9.93398e-07 
1.27466e-06 1.34492e-06 1.65233e-06 2.23973e-06 3.18439e-06 4.60494e-06 6.67035e-06 9.61176e-06 1.37371e-05 1.94486e-05 2.72626e-05 3.78322e-05 5.19706e-05 7.06756e-05 9.51532e-05 0.000126838 0.000167413 0.000218814 0.000283238 0.000363126 0.000461146 0.000580149 0.000723111 0.000893063 0.00109299 0.00132575 0.0015939 0.00189961 0.00224451 0.00262956 0.00305491 0.00351978 0.00402241 0.00455994 0.00512841 0.00572278 0.00633695 0.00696387 0.00759564 0.00822372 0.00883907 0.0094324 0.00999437 0.0105159 0.0109882 0.0114033 0.0117539 0.0120341 0.0122387 0.0123642 0.0124083 0.0123703 0.0122509 0.0120522 0.0117778 0.0114326 0.0110227 0.0105552 0.0100381 0.00948011 0.00889023 0.00827779 0.00765205 0.00702202 0.00639624 0.0057826 0.00518814 0.00461899 0.00408022 0.00357583 0.00310872 0.00268072 0.00229267 0.0019445 0.00163532 0.0013636 0.00112723 0.000923712 0.000750269 0.000603966 0.000481816 0.000380876 0.000298318 0.000231491 0.000177955 0.00013551 0.000102209 7.63535e-05 5.64893e-05 4.13884e-05 3.00297e-05 2.1577e-05 1.53548e-05 1.08257e-05 7.56824e-06 5.25729e-06 3.64645e-06 2.55336e-06 1.84759e-06 1.44204e-06 
1.8399e-06 1.94267e-06 2.38487e-06 3.22732e-06 4.57938e-06 6.60856e-06 9.55289e-06 1.37371e-05 1.95926e-05 2.76814e-05 3.87226e-05 5.36228e-05 7.35071e-05 9.97513e-05 0.000134012 0.000178253 0.000234767 0.000306183 0.000395469 0.000505912 0.00064108 0.000804769 0.00100092 0.00123351 0.00150645 0.00182341 0.00218766 0.00260192 0.00306816 0.00358744 0.00415972 0.00478377 0.005457 0.00617543 0.00693365 0.00772482 0.00854077 0.00937214 0.0102085 0.0110386 0.0118506 0.0126325 0.013372 0.0140575 0.0146776 0.015222 0.0156815 0.0160482 0.0163159 0.0164797 0.016537 0.0164866 0.0163296 0.0160687 0.0157085 0.0152553 0.0147168 0.0141024 0.0134221 0.0126873 0.0119096 0.0111012 0.0102741 0.00944016 0.00861048 0.00779552 0.00700465 0.00624602 0.0055265 0.00485154 0.00422516 0.00365 0.0031274 0.00265745 0.0022392 0.00187076 0.00154952 0.00127228 0.00103545 0.000835209 0.000667632 0.000528827 0.000415035 0.000322708 0.000248573 0.000189662 0.000143336 0.000107287 7.95299e-05 5.83822e-05 4.24408e-05 3.05524e-05 2.17829e-05 1.53866e-05 1.07771e-05 7.50086e-06 5.21323e-06 3.65863e-06 2.65397e-06 2.07676e-06 
2.63134e-06 2.78009e-06 3.41012e-06 4.60692e-06 6.5238e-06 9.39503e-06 1.35527e-05 1.94486e-05 2.76814e-05 3.90285e-05 5.44818e-05 7.52876e-05 0.000102987 0.000139459 0.000186955 0.000248137 0.000326098 0.000424371 0.000546926 0.000698137 0.00088273 0.0011057 0.00137221 0.00168743 0.00205639 0.00248376 0.00297367 0.00352947 0.00415346 0.00484676 0.00560902 0.0064383 0.00733092 0.00828136 0.00928231 0.0103246 0.0113975 0.0124886 0.0135842 0.0146699 0.0157302 0.0167497 0.0177127 0.0186041 0.0194096 0.0201161 0.0207118 0.0211869 0.0215331 0.0217448 0.0218183 0.0217524 0.0215483 0.0212095 0.0207418 0.0201531 0.0194533 0.0186542 0.0177688 0.0168113 0.0157969 0.014741 0.0136592 0.0125667 0.011478 0.0104068 0.00936532 0.00836441 0.0074132 0.00651903 0.00568746 0.00492223 0.00422536 0.00359728 0.00303699 0.00254228 0.00210991 0.00173588 0.00141562 0.00114417 0.000916467 0.000727404 0.000572042 0.00044569 0.000343995 0.000262996 0.000199154 0.000149362 0.000110936 8.15958e-05 5.94301e-05 4.28645e-05 3.0619e-05 2.16689e-05 1.52063e-05 1.06042e-05 7.38527e-06 5.1946e-06 3.77754e-06 2.96352e-06 
3.72679e-06 3.93975e-06 4.8284e-06 6.51172e-06 9.20242e-06 1.32248e-05 1.90374e-05 2.72626e-05 3.87226e-05 5.44818e-05 7.58943e-05 0.000104655 0.000142855 0.000193029 0.000258211 0.000341967 0.000448425 0.000582282 0.000748786 0.000953697 0.0012032 0.0015038 0.00186216 0.00228493 0.00277848 0.0033487 0.0040007 0.00473849 0.00556475 0.0064805 0.0074849 0.00857501 0.00974565 0.0109893 0.0122962 0.0136543 0.0150493 0.0164653 0.0178846 0.0192885 0.0206575 0.0219717 0.0232113 0.0243574 0.0253919 0.0262982 0.0270617 0.0276699 0.0281128 0.0283832 0.0284766 0.0283914 0.0281291 0.0276942 0.0270939 0.0263381 0.0254392 0.0244119 0.0232726 0.0220394 0.0207311 0.0193675 0.0179683 0.0165531 0.0151404 0.0137479 0.0123915 0.0110853 0.00984136 0.00866957 0.00757742 0.00657012 0.0056507 0.00482009 0.00407738 0.00342003 0.00284412 0.00234471 0.00191603 0.00155183 0.00124555 0.000990638 0.000780656 0.000609473 0.000471367 0.000361107 0.000274 0.000205906 0.000153236 0.000112929 8.24117e-05 5.95546e-05 4.26225e-05 3.02213e-05 2.12487e-05 1.4847e-05 1.03616e-05 7.30453e-06 5.32512e-06 4.18821e-06 
5.22631e-06 5.52785e-06 6.76856e-06 9.11225e-06 1.28511e-05 1.84293e-05 2.64735e-05 3.78322e-05 5.36228e-05 7.52876e-05 0.000104655 0.000144008 0.000196149 0.000264469 0.000353002 0.000466479 0.000610348 0.000790781 0.00101464 0.00128942 0.00162313 0.00202411 0.00250089 0.00306187 0.00371505 0.00446771 0.00532606 0.00629483 0.00737698 0.00857331 0.00988217 0.0112993 0.0128174 0.0144265 0.0161136 0.0178629 0.0196561 0.0214727 0.02329 0.0250844 0.0268313 0.0285056 0.0300826 0.0315387 0.0328515 0.0340003 0.0349672 0.0357367 0.0362966 0.0366378 0.036755 0.0366463 0.0363135 0.0357619 0.0350007 0.034042 0.0329011 0.0315961 0.0301476 0.0285777 0.0269102 0.0251698 0.0233811 0.0215689 0.0197568 0.0179672 0.0162205 0.0145351 0.0129266 0.011408 0.00998936 0.00867793 0.00747806 0.0063915 0.00541754 0.00455338 0.00379442 0.00313463 0.00256687 0.00208329 0.00167562 0.00133548 0.0010546 0.000825053 0.000639415 0.000490852 0.000373207 0.000281025 0.000209559 0.000154743 0.000113148 8.19251e-05 5.87459e-05 4.17338e-05 2.94e-05 2.05834e-05 1.43949e-05 1.01709e-05 7.43328e-06 5.86102e-06 
7.25673e-06 7.67906e-06 9.39366e-06 1.26238e-05 1.77664e-05 2.54239e-05 3.64439e-05 5.19706e-05 7.35071e-05 0.000102987 0.000142855 0.000196149 0.00026659 0.000358659 0.00047767 0.000629824 0.000822233 0.00106292 0.00136075 0.00172536 0.00216697 0.00269621 0.00332378 0.0040602 0.00491535 0.00589809 0.00701583 0.00827401 0.00967573 0.0112213 0.012908 0.0147295 0.0166761 0.0187344 0.0208875 0.0231149 0.0253934 0.0276966 0.0299965 0.0322631 0.0344657 0.0365735 0.0385559 0.0403838 0.0420296 0.0434684 0.044678 0.0456399 0.046339 0.0467646 0.04691 0.0467729 0.0463557 0.045665 0.0447115 0.0435101 0.0420796 0.0404419 0.0386222 0.0366477 0.0345476 0.0323523 0.0300926 0.0277992 0.0255017 0.0232282 0.0210047 0.0188545 0.016798 0.0148519 0.0130298 0.0113412 0.00979255 0.00838662 0.00712323 0.00599943 0.00500992 0.0041475 0.00340348 0.00276815 0.0022312 0.00178205 0.00141022 0.00110559 0.000858627 0.000660503 0.000503231 0.000379708 0.000283721 0.000209926 0.000153802 0.00011158 8.01663e-05 5.70617e-05 4.02767e-05 2.82547e-05 1.98015e-05 1.4023e-05 1.02741e-05 8.12126e-06 
9.9766e-06 1.05617e-05 1.29071e-05 1.7314e-05 2.43162e-05 3.47221e-05 4.96661e-05 7.06756e-05 9.97513e-05 0.000139459 0.000193029 0.000264469 0.000358659 0.000481461 0.000639797 0.000841705 0.00109637 0.00141409 0.0018062 0.00228493 0.00286321 0.00355434 0.00437165 0.00532807 0.00643563 0.00770496 0.00914468 0.0107609 0.0125566 0.0145314 0.0166807 0.0189958 0.0214637 0.0240668 0.0267831 0.0295868 0.0324482 0.0353346 0.0382109 0.0410401 0.0437846 0.0464064 0.0488685 0.0511354 0.053174 0.0549541 0.0564491 0.0576368 0.0584993 0.0590235 0.0592018 0.0590313 0.0585149 0.0576604 0.0564807 0.0549937 0.0532218 0.0511916 0.0489331 0.0464794 0.043866 0.0411299 0.0383088 0.0354403 0.032561 0.0297061 0.0269081 0.0241963 0.0215966 0.0191308 0.0168163 0.0146661 0.0126892 0.0108898 0.00926867 0.00782291 0.00654659 0.00543127 0.00446656 0.00364063 0.00294076 0.00235382 0.00186669 0.00146658 0.00114139 0.000879871 0.000671766 0.000507923 0.000380301 0.000281956 0.000206988 0.000150463 0.000108316 7.72496e-05 5.46338e-05 3.84039e-05 2.69714e-05 1.91445e-05 1.40616e-05 1.11427e-05 
1.35813e-05 1.43832e-05 1.75592e-05 2.35111e-05 3.29498e-05 4.69486e-05 6.70104e-05 9.51532e-05 0.000134012 0.000186955 0.000258211 0.000353002 0.00047767 0.000639797 0.000848299 0.00111349 0.00144708 0.00186216 0.00237305 0.0029951 0.00374443 0.0046375 0.00569067 0.00691965 0.00833885 0.00996076 0.0117952 0.0138488 0.0161242 0.0186196 0.0213281 0.0242379 0.0273315 0.0305862 0.0339741 0.0374626 0.0410146 0.0445898 0.0481449 0.0516348 0.0550138 0.0582363 0.0612575 0.0640352 0.0665297 0.0687053 0.0705307 0.0719793 0.0730303 0.0736684 0.0738843 0.073675 0.0730437 0.0719997 0.0705581 0.0687402 0.0665722 0.0640857 0.0613165 0.058304 0.0550906 0.0517208 0.0482401 0.0446942 0.0411279 0.0375842 0.0341033 0.0307219 0.0274726 0.0243829 0.0214756 0.0187678 0.0162716 0.0139936 0.0119359 0.0100958 0.00846699 0.00703983 0.00580207 0.00473955 0.00383681 0.00307773 0.00244608 0.00192595 0.00150212 0.00116041 0.000887826 0.000672689 0.000504709 0.000374958 0.00027582 0.0002009 0.000144911 0.000103554 7.33828e-05 5.16882e-05 3.63787e-05 2.58816e-05 1.90575e-05 1.51388e-05 
1.8308e-05 1.93954e-05 2.36531e-05 3.16117e-05 4.42079e-05 6.28526e-05 8.95167e-05 0.000126838 0.000178253 0.000248137 0.000341967 0.000466479 0.000629824 0.000841705 0.00111349 0.00145825 0.00189078 0.00242751 0.00308632 0.00388627 0.00484718 0.0059892 0.00733212 0.00889473 0.010694 0.0127444 0.0150569 0.0176382 0.0204901 0.0236089 0.0269846 0.0306013 0.034436 0.0384598 0.0426376 0.0469286 0.0512873 0.0556642 0.0600071 0.0642615 0.0683727 0.0722863 0.0759493 0.0793119 0.0823276 0.0849545 0.0871561 0.0889016 0.0901668 0.090934 0.0911925 0.0909389 0.0901768 0.0889169 0.087177 0.0849815 0.0823612 0.0793528 0.0759982 0.0723438 0.0684396 0.0643383 0.0600942 0.0557619 0.0513955 0.0470472 0.042766 0.0385972 0.0345812 0.0307529 0.027141 0.0237682 0.0206505 0.0177976 0.0152135 0.0128963 0.0108396 0.00903251 0.00746094 0.00610818 0.00495573 0.00398409 0.0031734 0.00250407 0.00195727 0.00151528 0.0011618 0.000882136 0.000663237 0.000493749 0.000363945 0.000265623 0.00019198 0.000137463 9.76075e-05 6.88921e-05 4.85913e-05 3.46504e-05 2.55781e-05 2.03684e-05 
2.44405e-05 2.58997e-05 3.15506e-05 4.20872e-05 5.87313e-05 8.33189e-05 0.000118408 0.000167413 0.000234767 0.000326098 0.000448425 0.000610348 0.000822233 0.00109637 0.00144708 0.00189078 0.00244594 0.00313295 0.00397387 0.00499207 0.00621169 0.00765701 0.00935167 0.0113178 0.0135752 0.01614 0.0190241 0.0222341 0.0257702 0.029626 0.0337876 0.0382335 0.0429344 0.0478536 0.0529474 0.0581658 0.0634533 0.0687504 0.0739941 0.07912 0.0840632 0.0887599 0.0931483 0.0971703 0.100772 0.103906 0.106529 0.108607 0.110111 0.111023 0.111329 0.111025 0.110117 0.108615 0.106541 0.103922 0.100793 0.097197 0.093182 0.0888017 0.0841143 0.0791814 0.0740666 0.0688348 0.0635502 0.0582751 0.053069 0.0479868 0.0430783 0.0383868 0.0339487 0.0297929 0.0259407 0.0224059 0.019195 0.0163077 0.0137377 0.0114733 0.0094984 0.00779375 0.0063375 0.00510636 0.00407637 0.00322371 0.00252529 0.00195929 0.00150547 0.00114551 0.000863074 0.000643856 0.000475566 0.000347795 0.000251877 0.000180713 0.000128577 9.09374e-05 6.4279e-05 4.59438e-05 3.39994e-05 2.71401e-05 
3.23132e-05 3.42509e-05 4.1677e-05 5.54902e-05 7.72677e-05 0.000109375 0.000155099 0.000218814 0.000306183 0.000424371 0.000582282 0.000790781 0.00106292 0.00141409 0.00186216 0.00242751 0.00313295 0.0040035 0.00506609 0.00634902 0.00788131 0.00969185 0.0118085 0.014257 0.0170597 0.0202346 0.023794 0.0277437 0.0320817 0.0367978 0.0418728 0.0472787 0.0529783 0.0589257 0.0650674 0.0713424 0.0776842 0.0840215 0.0902802 0.0963845 0.102259 0.107829 0.113024 0.117778 0.122029 0.125722 0.12881 0.131253 0.133021 0.134091 0.134448 0.13409 0.13302 0.131252 0.128809 0.125723 0.122032 0.117786 0.113038 0.107849 0.102288 0.0964237 0.0903311 0.0840854 0.0777621 0.071435 0.0651749 0.0590479 0.0531145 0.0474277 0.0420331 0.0369673 0.0322581 0.0279245 0.0239766 0.0204163 0.0172379 0.0144294 0.011973 0.0098467 0.0080251 0.00648077 0.00518521 0.00410978 0.00322654 0.00250885 0.00193194 0.00147317 0.0011123 0.00083152 0.00061545 0.000451017 0.000327295 0.000235295 0.000167752 0.00011889 8.42196e-05 6.03367e-05 4.47617e-05 3.58169e-05 
4.23138e-05 4.48605e-05 5.45243e-05 7.24568e-05 0.000100675 0.000142195 0.000201199 0.000283238 0.000395469 0.000546926 0.000748786 0.00101464 0.00136075 0.0018062 0.00237305 0.00308632 0.00397387 0.00506609 0.00639545 0.00799583 0.00990167 0.0121469 0.014764 0.0177821 0.0212264 0.0251161 0.0294636 0.0342729 0.0395388 0.0452461 0.0513692 0.0578719 0.0647075 0.0718197 0.0791431 0.0866049 0.0941259 0.101622 0.109007 0.116193 0.123093 0.129622 0.135701 0.141252 0.146209 0.15051 0.154102 0.156941 0.158993 0.160233 0.160646 0.160228 0.158984 0.156928 0.154086 0.150493 0.146192 0.141236 0.135688 0.129615 0.123093 0.116203 0.109029 0.101658 0.0941768 0.0866726 0.0792284 0.0719228 0.0648282 0.0580093 0.0515219 0.0454122 0.0397158 0.0344581 0.0296541 0.0253088 0.0214181 0.0179701 0.0149455 0.0123197 0.0100637 0.00814567 0.00653211 0.00518902 0.00408295 0.0031818 0.00245551 0.00187646 0.00141982 0.00106365 0.000788904 0.000579318 0.000421256 0.000303459 0.000216788 0.000153963 0.000109301 7.84883e-05 5.83723e-05 4.68185e-05 
5.48843e-05 5.81974e-05 7.06514e-05 9.37081e-05 0.00012992 0.000183099 0.00025851 0.000363126 0.000505912 0.000698137 0.000953697 0.00128942 0.00172536 0.00228493 0.0029951 0.00388627 0.00499207 0.00634902 0.00799583 0.00997258 0.0123196 0.0150764 0.0182799 0.0219629 0.026153 0.0308703 0.0361261 0.041922 0.0482481 0.0550831 0.0623931 0.0701322 0.0782427 0.086656 0.0952937 0.104069 0.11289 0.121658 0.130274 0.138637 0.146648 0.154213 0.161242 0.16765 0.173362 0.17831 0.182438 0.185698 0.188051 0.189472 0.189945 0.189463 0.188034 0.185672 0.182406 0.178272 0.17332 0.167606 0.161198 0.154173 0.146613 0.13861 0.130259 0.121657 0.112905 0.104103 0.0953479 0.0867312 0.0783393 0.0702497 0.0625304 0.0552384 0.0484192 0.0421058 0.0363196 0.0310698 0.0263551 0.0221641 0.0184767 0.0152661 0.0124996 0.0101407 0.0081506 0.00648946 0.00511769 0.00399706 0.00309147 0.00236759 0.00179529 0.00134778 0.00100173 0.00073712 0.000537098 0.000387693 0.000277529 0.000197511 0.000140522 0.000101142 7.54058e-05 6.06222e-05 
7.05198e-05 7.47867e-05 9.06829e-05 0.000120046 0.000166075 0.000233538 0.000329004 0.000461146 0.00064108 0.00088273 0.0012032 0.00162313 0.00216697 0.00286321 0.00374443 0.00484718 0.00621169 0.00788131 0.00990167 0.0123196 0.015182 0.0185337 0.0224165 0.0268667 0.0319136 0.0375773 0.0438675 0.0507816 0.0583042 0.0664055 0.0750422 0.0841567 0.0936785 0.103525 0.113604 0.123813 0.134044 0.144187 0.154126 0.163749 0.172946 0.181611 0.189644 0.196954 0.203459 0.209087 0.213775 0.217473 0.22014 0.221749 0.222283 0.221735 0.220113 0.217433 0.213724 0.209025 0.20339 0.196879 0.189565 0.181532 0.17287 0.16368 0.154067 0.144141 0.134016 0.123804 0.113618 0.103563 0.0937417 0.0842451 0.0751553 0.0665419 0.0584616 0.0509573 0.0440578 0.0377786 0.0321217 0.0270776 0.0226263 0.0187386 0.0153788 0.0125056 0.0100747 0.00803977 0.00635467 0.0049743 0.00385581 0.00295942 0.00224889 0.0016919 0.00126013 0.000929183 0.000678429 0.000490706 0.000351987 0.000251022 0.000178981 0.000129122 9.65018e-05 7.77613e-05 
8.97644e-05 9.52052e-05 0.000115303 0.000152344 0.000210302 0.000295082 0.000414803 0.000580149 0.000804769 0.0011057 0.0015038 0.00202411 0.00269621 0.00355434 0.0046375 0.0059892 0.00765701 0.00969185 0.0121469 0.0150764 0.0185337 0.0225696 0.0272304 0.0325554 0.0385749 0.0453083 0.0527621 0.0609283 0.0697838 0.0792893 0.0893895 0.100014 0.111076 0.12248 0.134115 0.145865 0.157605 0.169209 0.18055 0.1915 0.201939 0.211751 0.220828 0.229071 0.236394 0.242719 0.247981 0.252126 0.255114 0.256914 0.25751 0.256896 0.255077 0.252071 0.247909 0.242633 0.236295 0.228962 0.220711 0.21163 0.201818 0.191383 0.180441 0.169113 0.157526 0.145806 0.13408 0.122472 0.111097 0.100064 0.0894691 0.0793978 0.0699192 0.0610879 0.0529423 0.0455051 0.0387838 0.0327718 0.0274497 0.0227873 0.0187458 0.0152793 0.0123378 0.00986846 0.00781784 0.0061334 0.00476485 0.00366514 0.00279119 0.00210436 0.00157061 0.00116052 0.000849069 0.000615377 0.000442314 0.000316095 0.000225867 0.000163323 0.000122358 9.88207e-05 
0.000113204 0.000120074 0.000145244 0.000191536 0.000263836 0.00036939 0.000518135 0.000723111 0.00100092 0.00137221 0.00186216 0.00250089 0.00332378 0.00437165 0.00569067 0.00733212 0.00935167 0.0118085 0.014764 0.0182799 0.0224165 0.0272304 0.032772 0.039083 0.0461938 0.0541218 0.0628688 0.0724198 0.0827419 0.0937843 0.105478 0.117737 0.130459 0.14353 0.156823 0.170204 0.183532 0.196666 0.209464 0.221788 0.233506 0.244492 0.254633 0.263823 0.271972 0.278998 0.284836 0.289429 0.292737 0.294728 0.295386 0.294704 0.292689 0.289359 0.284744 0.278887 0.271842 0.263679 0.254476 0.244327 0.233337 0.221619 0.209301 0.196513 0.183395 0.170087 0.156731 0.143466 0.130427 0.117739 0.105515 0.0938554 0.0828462 0.0725547 0.063031 0.0543071 0.0463974 0.0392997 0.0329965 0.0274575 0.0226413 0.018498 0.0149717 0.0120029 0.00953047 0.00749389 0.00583472 0.00449793 0.0034328 0.0025936 0.00193982 0.00143629 0.00105297 0.000764705 0.000550762 0.00039441 0.000282434 0.000204694 0.000153721 0.000124428 
0.000141455 0.000150044 0.000181277 0.000238596 0.000327957 0.00045817 0.000641284 0.000893063 0.00123351 0.00168743 0.00228493 0.00306187 0.0040602 0.00532807 0.00691965 0.00889473 0.0113178 0.014257 0.0177821 0.0219629 0.0268667 0.0325554 0.039083 0.0464926 0.0548138 0.0640602 0.0742272 0.0852908 0.0972066 0.10991 0.123316 0.137321 0.151805 0.166636 0.181668 0.196749 0.211723 0.226432 0.240721 0.254442 0.267451 0.279617 0.29082 0.300951 0.309915 0.317632 0.324034 0.329065 0.332684 0.334862 0.33558 0.334833 0.332628 0.328981 0.323923 0.317497 0.309757 0.300771 0.290623 0.279407 0.267232 0.254219 0.2405 0.226218 0.211523 0.196568 0.181512 0.16651 0.151713 0.137266 0.1233 0.109934 0.0972703 0.085392 0.0743629 0.0642261 0.055005 0.0467035 0.0393076 0.0327878 0.0271011 0.0221941 0.0180053 0.0144683 0.0115143 0.00907421 0.00708087 0.00547053 0.00418409 0.00316793 0.00237433 0.00176163 0.00129411 0.000941723 0.000679626 0.000487692 0.000349981 0.000254224 0.00019137 0.000155242 
0.000175148 0.000185786 0.000224184 0.000294511 0.000403957 0.000563133 0.000786518 0.00109299 0.00150645 0.00205639 0.00277848 0.00371505 0.00491535 0.00643563 0.00833885 0.010694 0.0135752 0.0170597 0.0212264 0.026153 0.0319136 0.0385749 0.0461938 0.0548138 0.0644619 0.0751462 0.086854 0.0995499 0.113176 0.127651 0.142872 0.158717 0.175047 0.191708 0.208537 0.225363 0.242013 0.258316 0.274103 0.289216 0.303505 0.316831 0.329071 0.340115 0.349868 0.358248 0.365189 0.370637 0.374552 0.376906 0.377681 0.376873 0.374487 0.37054 0.365061 0.358091 0.349683 0.339904 0.328838 0.316579 0.303238 0.28894 0.273824 0.25804 0.241748 0.225114 0.208312 0.191513 0.174887 0.158597 0.142795 0.127619 0.11319 0.0996084 0.0869543 0.0752846 0.0646332 0.0550122 0.0464128 0.0388077 0.0321537 0.0263941 0.0214628 0.0172865 0.0137886 0.010891 0.00851741 0.00659474 0.00505478 0.00383525 0.00288045 0.00214151 0.00157636 0.00114941 0.000831176 0.000597659 0.000429805 0.00031291 0.000236097 0.000191935 
0.000214913 0.000227963 0.000274743 0.000360251 0.000493093 0.000685934 0.000956013 0.00132575 0.00182341 0.00248376 0.0033487 0.00446771 0.00589809 0.00770496 0.00996076 0.0127444 0.01614 0.0202346 0.0251161 0.0308703 0.0375773 0.0453083 0.0541218 0.0640602 0.0751462 0.0873807 0.10074 0.115176 0.130614 0.146955 0.164076 0.181834 0.200069 0.218606 0.237263 0.25585 0.274179 0.292065 0.309329 0.325803 0.341331 0.355773 0.369003 0.380912 0.391405 0.400404 0.407845 0.413679 0.417866 0.420382 0.421211 0.420347 0.417795 0.413572 0.407704 0.400228 0.391197 0.380673 0.368737 0.355482 0.34102 0.325476 0.308994 0.291728 0.273848 0.255532 0.236966 0.218338 0.199836 0.181643 0.163931 0.146859 0.13057 0.115183 0.100797 0.0874831 0.0752897 0.0642388 0.0543287 0.0455361 0.0378185 0.0311177 0.025363 0.020475 0.016369 0.0129582 0.0101565 0.00788092 0.00605352 0.00460267 0.00346396 0.00258056 0.00190334 0.00139059 0.00100757 0.000725962 0.000523169 0.000381724 0.00028868 0.000235175 
0.000261349 0.000277209 0.00033369 0.000436733 0.000596542 0.000828103 0.00115176 0.0015939 0.00218766 0.00297367 0.0040007 0.00532606 0.00701583 0.00914468 0.0117952 0.0150569 0.0190241 0.023794 0.0294636 0.0361261 0.0438675 0.0527621 0.0628688 0.0742272 0.086854 0.10074 0.11585 0.132119 0.149453 0.167734 0.186816 0.206535 0.226708 0.247139 0.267625 0.28796 0.307941 0.32737 0.346059 0.363835 0.380537 0.396025 0.410174 0.422877 0.434045 0.443604 0.451495 0.457672 0.462101 0.464761 0.465636 0.464723 0.462026 0.457559 0.451344 0.443416 0.43382 0.422617 0.409881 0.395702 0.380188 0.363464 0.345673 0.326976 0.307547 0.287574 0.267256 0.246795 0.226398 0.206267 0.186597 0.167567 0.149343 0.132066 0.115854 0.100798 0.0869617 0.0743786 0.0630569 0.0529789 0.0441048 0.0363757 0.0297177 0.0240456 0.0192672 0.0152865 0.0120076 0.0093374 0.00718747 0.00547622 0.00412981 0.00308278 0.00227827 0.00166778 0.00121079 0.000874116 0.000631239 0.000461581 0.000349859 0.000285597 
0.000315006 0.000334103 0.000401693 0.000524775 0.000715343 0.000990975 0.00137547 0.00189961 0.00260192 0.00352947 0.00473849 0.00629483 0.00827401 0.0107609 0.0138488 0.0176382 0.0222341 0.0277437 0.0342729 0.041922 0.0507816 0.0609283 0.0724198 0.0852908 0.0995499 0.115176 0.132119 0.150294 0.169588 0.18986 0.210941 0.232642 0.254757 0.27707 0.299358 0.321398 0.342973 0.363875 0.383911 0.4029 0.420686 0.437126 0.452102 0.465511 0.477272 0.487316 0.495593 0.502064 0.506698 0.509479 0.510394 0.509441 0.506622 0.501948 0.495438 0.487122 0.477037 0.465238 0.45179 0.436779 0.420306 0.402492 0.38348 0.36343 0.34252 0.320947 0.298918 0.276652 0.25437 0.232295 0.210643 0.189617 0.169405 0.150174 0.132062 0.115182 0.099614 0.0854076 0.0725821 0.0611279 0.0510096 0.0421692 0.0345305 0.0280036 0.022489 0.0178821 0.0140771 0.01097 0.00846185 0.00646045 0.00488188 0.00365141 0.00270377 0.00198309 0.00144248 0.00104343 0.000755041 0.000553291 0.000420294 0.000343777 
0.000376348 0.000399134 0.000479311 0.000625052 0.000850337 0.00117561 0.00162847 0.00224451 0.00306816 0.00415346 0.00556475 0.00737698 0.00967573 0.0125566 0.0161242 0.0204901 0.0257702 0.0320817 0.0395388 0.0482481 0.0583042 0.0697838 0.0827419 0.0972066 0.113176 0.130614 0.149453 0.169588 0.190884 0.213172 0.236262 0.259938 0.283972 0.308125 0.332157 0.355828 0.378911 0.40119 0.422464 0.442557 0.461311 0.47859 0.494281 0.508292 0.520548 0.530994 0.539584 0.546289 0.551087 0.553963 0.554911 0.553926 0.551012 0.546175 0.539431 0.530799 0.520312 0.508014 0.493961 0.478228 0.460911 0.442122 0.422 0.400701 0.378408 0.355319 0.331651 0.307635 0.283509 0.259512 0.235883 0.21285 0.190624 0.169396 0.14933 0.130561 0.113189 0.0972816 0.0828717 0.0699599 0.0585171 0.048488 0.0397958 0.0323466 0.0260345 0.0207465 0.016367 0.0127814 0.00987949 0.00755807 0.00572267 0.00428863 0.00318172 0.00233808 0.00170393 0.00123492 0.00089539 0.000657513 0.000500538 0.000410201 
0.000445728 0.000472671 0.000566959 0.000738052 0.00100211 0.0013827 0.00191158 0.00262956 0.00358744 0.00484676 0.0064805 0.00857331 0.0112213 0.0145314 0.0186196 0.0236089 0.029626 0.0367978 0.0452461 0.0550831 0.0664055 0.0792893 0.0937843 0.10991 0.127651 0.146955 0.167734 0.18986 0.213172 0.237478 0.262559 0.288175 0.314075 0.339998 0.365687 0.390889 0.415367 0.438899 0.461284 0.482346 0.501934 0.51992 0.536201 0.550695 0.563341 0.574092 0.582917 0.589793 0.594708 0.597653 0.598623 0.597618 0.594638 0.589686 0.582771 0.573906 0.563112 0.550422 0.535883 0.519556 0.501526 0.481896 0.460796 0.438379 0.414823 0.390331 0.365124 0.339443 0.313539 0.287672 0.2621 0.237075 0.212832 0.189591 0.167539 0.146837 0.127607 0.109936 0.093875 0.0794356 0.0665977 0.0553107 0.0454982 0.0370641 0.0298968 0.0238757 0.0188755 0.0147709 0.0114405 0.00876968 0.00665301 0.00499539 0.00371304 0.0027336 0.00199588 0.00144924 0.00105283 0.000774711 0.00059099 0.000485233 
0.000523353 0.000554932 0.000664867 0.000864023 0.00117092 0.00161251 0.00222503 0.00305491 0.00415972 0.00560902 0.0074849 0.00988217 0.012908 0.0166807 0.0213281 0.0269846 0.0337876 0.0418728 0.0513692 0.0623931 0.0750422 0.0893895 0.105478 0.123316 0.142872 0.164076 0.186816 0.210941 0.236262 0.262559 0.289587 0.317081 0.344766 0.372362 0.399596 0.426204 0.451941 0.476581 0.499928 0.52181 0.542084 0.560632 0.577366 0.592217 0.605137 0.616094 0.625069 0.63205 0.637034 0.640018 0.641003 0.639987 0.636971 0.631954 0.624937 0.615923 0.604924 0.591959 0.577061 0.560278 0.541679 0.521358 0.49943 0.476042 0.451368 0.425607 0.398985 0.371749 0.344165 0.316506 0.289051 0.262075 0.235841 0.210592 0.186546 0.163888 0.142765 0.123288 0.105523 0.0895002 0.0752081 0.0626033 0.051612 0.0421367 0.0340619 0.0272595 0.0215953 0.0169336 0.0131417 0.0100934 0.00767188 0.0057712 0.00429759 0.00316972 0.0023185 0.0016866 0.0012276 0.000905107 0.000691864 0.00056908 
0.000609257 0.000645946 0.000773046 0.00100294 0.00135666 0.00186481 0.00256839 0.00351978 0.00478377 0.0064383 0.00857501 0.0112993 0.0147295 0.0189958 0.0242379 0.0306013 0.0382335 0.0472787 0.0578719 0.0701322 0.0841567 0.100014 0.117737 0.137321 0.158717 0.181834 0.206535 0.232642 0.259938 0.288175 0.317081 0.346365 0.375731 0.40488 0.433524 0.461392 0.488233 0.513823 0.537969 0.560508 0.581309 0.600269 0.617312 0.632389 0.645466 0.656526 0.665565 0.672584 0.677588 0.680583 0.681573 0.680558 0.677537 0.672504 0.665453 0.656378 0.645277 0.632156 0.617031 0.599935 0.580922 0.560067 0.537474 0.513279 0.487645 0.460769 0.432876 0.404219 0.375072 0.345724 0.316473 0.287614 0.259438 0.232214 0.206188 0.181573 0.158544 0.137234 0.117732 0.100083 0.0842912 0.0703201 0.0581009 0.0475364 0.0385079 0.0308815 0.0245144 0.0192608 0.0149768 0.0115248 0.00877616 0.00661395 0.00493399 0.00364555 0.00267126 0.00194669 0.00141953 0.00104863 0.000803148 0.00066176 
0.000703274 0.000745532 0.000891258 0.00115444 0.00155881 0.0021388 0.00294044 0.00402241 0.005457 0.00733092 0.00974565 0.0128174 0.0166761 0.0214637 0.0273315 0.034436 0.0429344 0.0529783 0.0647075 0.0782427 0.0936785 0.111076 0.130459 0.151805 0.175047 0.200069 0.226708 0.254757 0.283972 0.314075 0.344766 0.375731 0.406651 0.437213 0.467117 0.496083 0.523861 0.55023 0.575004 0.598032 0.619197 0.638413 0.655623 0.670793 0.68391 0.694974 0.703994 0.710984 0.715962 0.718938 0.719924 0.71892 0.715923 0.710923 0.703906 0.694855 0.683754 0.670595 0.655376 0.638112 0.618839 0.597614 0.574526 0.549694 0.523271 0.495447 0.466444 0.436517 0.405946 0.375033 0.344092 0.313441 0.283395 0.254251 0.226283 0.199733 0.174804 0.151656 0.1304 0.111101 0.093777 0.0784039 0.0649186 0.0532261 0.0432058 0.0347189 0.0276151 0.021739 0.0169358 0.0130564 0.00996049 0.00751981 0.00561953 0.0041592 0.00305286 0.00222864 0.00162802 0.0012049 0.000924578 0.00076308 
0.000805013 0.000853271 0.00101898 0.00131783 0.00177637 0.00243305 0.00333917 0.00455994 0.00617543 0.00828136 0.0109893 0.0144265 0.0187344 0.0240668 0.0305862 0.0384598 0.0478536 0.0589257 0.0718197 0.086656 0.103525 0.12248 0.14353 0.166636 0.191708 0.218606 0.247139 0.27707 0.308125 0.339998 0.372362 0.40488 0.437213 0.469034 0.500033 0.529927 0.558467 0.585439 0.610667 0.634015 0.655383 0.674704 0.69194 0.707078 0.720124 0.731094 0.740015 0.746916 0.751822 0.754754 0.755727 0.754743 0.751799 0.746877 0.739957 0.73101 0.720007 0.706922 0.691737 0.674447 0.655066 0.633634 0.610219 0.584924 0.557889 0.529291 0.499349 0.468314 0.436472 0.404135 0.371631 0.339299 0.307477 0.276488 0.246637 0.218195 0.191394 0.166421 0.143413 0.122455 0.103583 0.0867864 0.072009 0.05916 0.0481188 0.0387427 0.0308748 0.0243506 0.0190053 0.014678 0.0112172 0.00848312 0.00635008 0.00470771 0.00346118 0.00253095 0.00185205 0.00137316 0.00105561 0.000872605 
0.000913843 0.000968494 0.00115541 0.00149203 0.00200786 0.00274551 0.00376172 0.00512841 0.00693365 0.00928231 0.0122962 0.0161136 0.0208875 0.0267831 0.0339741 0.0426376 0.0529474 0.0650674 0.0791431 0.0952937 0.113604 0.134115 0.156823 0.181668 0.208537 0.237263 0.267625 0.299358 0.332157 0.365687 0.399596 0.433524 0.467117 0.500033 0.531956 0.562604 0.59173 0.61913 0.644642 0.668147 0.689563 0.708845 0.725976 0.740964 0.753834 0.764623 0.773374 0.780128 0.784922 0.787786 0.788738 0.787784 0.784916 0.780114 0.773348 0.764578 0.753762 0.740856 0.725824 0.70864 0.689297 0.667814 0.644237 0.61865 0.591177 0.561983 0.531274 0.499302 0.466352 0.432743 0.398817 0.36493 0.331443 0.298705 0.26705 0.236778 0.208152 0.181387 0.156646 0.134038 0.113619 0.0953899 0.0793072 0.0652849 0.0532035 0.0429179 0.0342654 0.0270738 0.021168 0.0163766 0.0125364 0.00949643 0.00712011 0.005287 0.00389327 0.00285148 0.00209006 0.0015523 0.00119538 0.000989649 
0.00102889 0.00109027 0.00129942 0.0016756 0.00225133 0.0030735 0.0042044 0.00572278 0.00772482 0.0103246 0.0136543 0.0178629 0.0231149 0.0295868 0.0374626 0.0469286 0.0581658 0.0713424 0.0866049 0.104069 0.123813 0.145865 0.170204 0.196749 0.225363 0.25585 0.28796 0.321398 0.355828 0.390889 0.426204 0.461392 0.496083 0.529927 0.562604 0.593832 0.623372 0.651033 0.676667 0.700175 0.721496 0.740607 0.757513 0.772246 0.78485 0.795381 0.803897 0.810455 0.815103 0.817878 0.818803 0.817885 0.815115 0.810468 0.803906 0.795377 0.784826 0.772192 0.757419 0.740461 0.721289 0.699899 0.676315 0.650599 0.622857 0.593237 0.561937 0.529198 0.495306 0.460585 0.425387 0.390084 0.355057 0.320681 0.287316 0.255294 0.224908 0.196401 0.169965 0.145734 0.123782 0.104129 0.0867408 0.0715402 0.05841 0.0472037 0.0377544 0.0298824 0.0234036 0.0181362 0.0139059 0.0105505 0.00792267 0.00589194 0.00434533 0.00318747 0.00234002 0.0017408 0.00134277 0.00111326 
0.00114903 0.0012174 0.00144959 0.00186671 0.00250434 0.00341369 0.00466268 0.00633695 0.00854077 0.0113975 0.0150493 0.0196561 0.0253934 0.0324482 0.0410146 0.0512873 0.0634533 0.0776842 0.0941259 0.11289 0.134044 0.157605 0.183532 0.211723 0.242013 0.274179 0.307941 0.342973 0.378911 0.415367 0.451941 0.488233 0.523861 0.558467 0.59173 0.623372 0.653165 0.68093 0.706538 0.729911 0.751009 0.769833 0.786412 0.800798 0.813057 0.823265 0.831495 0.837817 0.84229 0.844958 0.84585 0.844974 0.84232 0.837857 0.831539 0.823305 0.813084 0.8008 0.786378 0.769751 0.750867 0.729698 0.706246 0.680552 0.652697 0.622816 0.591089 0.557751 0.523084 0.487412 0.451096 0.414522 0.37809 0.342198 0.307233 0.273557 0.241491 0.21131 0.183233 0.15742 0.133966 0.11291 0.0942314 0.0778599 0.0636833 0.0515551 0.0413049 0.032747 0.0256888 0.0199385 0.0153114 0.0116344 0.0087495 0.00651631 0.00481277 0.00353552 0.00259944 0.00193681 0.00149629 0.00124223 
0.0012729 0.00134845 0.00160423 0.00206318 0.00276399 0.0037622 0.00513132 0.00696387 0.00937214 0.0124886 0.0164653 0.0214727 0.0276966 0.0353346 0.0445898 0.0556642 0.0687504 0.0840215 0.101622 0.121658 0.144187 0.169209 0.196666 0.226432 0.258316 0.292065 0.32737 0.363875 0.40119 0.438899 0.476581 0.513823 0.55023 0.585439 0.61913 0.651033 0.68093 0.708658 0.73411 0.757227 0.777993 0.796433 0.812599 0.826566 0.838419 0.848252 0.856154 0.862209 0.866485 0.869035 0.86989 0.86906 0.866533 0.862276 0.856234 0.848335 0.838496 0.826625 0.812628 0.796418 0.77792 0.757083 0.733885 0.708343 0.680518 0.650523 0.618525 0.584747 0.549463 0.512999 0.47572 0.438024 0.400326 0.363049 0.326604 0.29138 0.257729 0.225956 0.196308 0.168969 0.144061 0.121638 0.101696 0.0841734 0.0689641 0.0559228 0.0448768 0.0356349 0.0279973 0.0217629 0.0167369 0.0127357 0.00959113 0.00715298 0.00529024 0.00389166 0.00286536 0.00213809 0.00165423 0.00137509 
