0.00196104 0.00198188 0.00205039 0.00216732 0.00233363 0.00255063 0.00281999 0.00314362 0.00352372 0.00396265 0.0044629 0.00502703 0.0056576 0.00635708 0.00712775 0.00797167 0.00889057 0.00988574 0.010958 0.0121075 0.013334 0.0146361 0.0160121 0.0174591 0.0189735 0.0205509 0.0221856 0.0238715 0.0256012 0.0273666 0.0291588 0.0309681 0.0327842 0.0345959 0.0363919 0.0381603 0.039889 0.0415658 0.0431785 0.044715 0.0461636 0.0475129 0.0487523 0.0498716 0.0508619 0.0517148 0.0524233 0.0529814 0.0533843 0.0536287 0.0537125 0.0536349 0.0533967 0.0529999 0.052448 0.0517456 0.0508987 0.0499145 0.048801 0.0475674 0.0462238 0.0447808 0.0432497 0.0416422 0.0399704 0.0382463 0.0364823 0.0346904 0.0328824 0.0310697 0.0292633 0.0274735 0.0257101 0.0239819 0.022297 0.0206627 0.0190853 0.0175703 0.0161221 0.0147445 0.0134403 0.0122112 0.0110586 0.00998282 0.00898374 0.00806057 0.00721203 0.00643644 0.00573178 0.0050958 0.00452605 0.00402002 0.00357518 0.00318906 0.00285931 0.00258379 0.00236057 0.00218802 0.00206484 0.00199022 
0.00198188 0.00200296 0.00207222 0.00219041 0.00235849 0.00257781 0.00285003 0.00317709 0.0035612 0.00400475 0.00451025 0.00508028 0.00571742 0.00642415 0.00720278 0.00805538 0.00898369 0.009989 0.0110721 0.0122333 0.013472 0.0147872 0.0161768 0.0176381 0.0191674 0.0207601 0.0224108 0.0241129 0.0258592 0.0276415 0.0294507 0.0312771 0.0331102 0.0349389 0.0367516 0.0385364 0.040281 0.0419732 0.0436006 0.045151 0.0466127 0.0479742 0.0492247 0.0503541 0.0513532 0.0522137 0.0529284 0.0534914 0.0538979 0.0541444 0.0542289 0.0541506 0.0539102 0.0535098 0.0529529 0.0522442 0.0513897 0.0503966 0.0492731 0.0480284 0.0466726 0.0452165 0.0436714 0.0420492 0.040362 0.038622 0.0368417 0.0350331 0.0332081 0.0313784 0.0295549 0.0277482 0.0259679 0.0242231 0.022522 0.0208719 0.0192791 0.0177493 0.0162869 0.0148957 0.0135784 0.0123371 0.0111729 0.0100863 0.00907708 0.00814451 0.0072873 0.00650375 0.00579185 0.00514929 0.00457364 0.00406235 0.00361287 0.00322272 0.00288953 0.00261112 0.00238556 0.00221121 0.00208674 0.00201134 
0.00205039 0.00207222 0.0021438 0.00226588 0.00243948 0.00266595 0.00294701 0.00328465 0.00368112 0.00413886 0.00466046 0.00524855 0.00590575 0.0066346 0.00743746 0.00831641 0.00927322 0.0103092 0.0114251 0.0126212 0.0138969 0.0152511 0.0166817 0.0181857 0.0197594 0.021398 0.0230959 0.0248464 0.026642 0.0284743 0.0303339 0.0322109 0.0340943 0.035973 0.0378349 0.0396679 0.0414594 0.0431967 0.0448673 0.0464588 0.0479589 0.049356 0.0506392 0.0517979 0.0528229 0.0537056 0.0544387 0.0550162 0.055433 0.0556857 0.0557722 0.0556917 0.055445 0.0550341 0.0544627 0.0537355 0.0528587 0.0518396 0.0506866 0.0494092 0.0480177 0.046523 0.044937 0.0432715 0.0415391 0.0397524 0.0379239 0.0360661 0.0341912 0.0323112 0.0304373 0.0285802 0.0267501 0.0249561 0.0232068 0.0215095 0.0198709 0.0182968 0.0167918 0.0153598 0.0140036 0.0127254 0.0115263 0.010407 0.00936717 0.00840615 0.00752262 0.00671488 0.00598085 0.00531823 0.00472451 0.0041971 0.00373338 0.00333082 0.002987 0.00269968 0.0024669 0.00228696 0.00215852 0.00208073 
0.00216732 0.00219041 0.00226588 0.00239454 0.00257742 0.00281595 0.00311189 0.00346732 0.00388459 0.00436622 0.00491488 0.0055333 0.00622419 0.00699017 0.00783365 0.00875678 0.00976135 0.0108487 0.0120195 0.013274 0.0146116 0.016031 0.0175299 0.0191052 0.020753 0.0224683 0.0242449 0.0260761 0.0279538 0.0298693 0.0318128 0.0337738 0.0357411 0.0377028 0.0396466 0.0415596 0.0434289 0.0452413 0.0469837 0.0486432 0.0502072 0.0516635 0.0530008 0.0542082 0.0552761 0.0561957 0.0569593 0.0575606 0.0579946 0.0582576 0.0583475 0.0582634 0.0580061 0.0575779 0.0569823 0.0562244 0.0553106 0.0542484 0.0530466 0.0517149 0.0502641 0.0487055 0.0470513 0.0453141 0.0435066 0.0416421 0.0397336 0.037794 0.0358362 0.0338725 0.0319146 0.0299739 0.0280607 0.0261848 0.024355 0.0225791 0.0208642 0.0192162 0.01764 0.0161398 0.0147186 0.0133787 0.0121213 0.0109472 0.00985617 0.00884747 0.00791983 0.0070715 0.00630037 0.00560406 0.00497998 0.00442547 0.00393781 0.00351438 0.00315267 0.00285037 0.00260543 0.00241609 0.00228094 0.00219913 
0.00233363 0.00235849 0.00243948 0.00257742 0.00277341 0.00302896 0.00334592 0.00372647 0.00417308 0.0046884 0.00527523 0.00593641 0.00667479 0.00749307 0.00839378 0.00937911 0.0104509 0.0116104 0.0128585 0.0141951 0.0156197 0.0171306 0.0187255 0.020401 0.0221528 0.0239754 0.0258626 0.0278068 0.0297996 0.0318317 0.0338927 0.0359714 0.0380561 0.0401341 0.0421924 0.0442174 0.0461955 0.0481129 0.0499556 0.0517102 0.0533634 0.0549025 0.0563153 0.0575908 0.0587187 0.0596896 0.0604958 0.0611305 0.0615885 0.0618659 0.0619604 0.0618713 0.0615993 0.0611468 0.0605175 0.0597167 0.0587512 0.0576288 0.0563587 0.0549513 0.0534176 0.0517697 0.0500203 0.0481826 0.0462703 0.0442969 0.0422765 0.0402225 0.0381486 0.0360677 0.0339923 0.0319343 0.0299048 0.027914 0.0259714 0.0240854 0.0222633 0.0205116 0.0188356 0.0172396 0.0157271 0.0143004 0.0129612 0.01171 0.0105469 0.00947107 0.00848132 0.00757583 0.00675243 0.00600864 0.00534177 0.00474904 0.00422762 0.00377474 0.00338779 0.00306434 0.00280222 0.0025996 0.002455 0.00236751 
0.00255063 0.00257781 0.00266595 0.00281595 0.00302896 0.00330658 0.0036508 0.00406394 0.0045486 0.0051076 0.00574388 0.00646048 0.00726035 0.00814636 0.00912112 0.0101869 0.0113456 0.0125986 0.0139465 0.0153893 0.0169261 0.0185553 0.0202741 0.0220788 0.0239646 0.0259258 0.0279554 0.0300452 0.0321863 0.0343685 0.0365808 0.0388111 0.0410467 0.0432742 0.0454797 0.0476488 0.0497668 0.0518189 0.0537906 0.0556674 0.0574351 0.0590804 0.0605904 0.0619532 0.0631579 0.0641949 0.0650557 0.0657332 0.0662219 0.0665177 0.0666183 0.0665227 0.0662318 0.0657481 0.0650756 0.0642198 0.0631879 0.0619883 0.0606306 0.0591258 0.0574857 0.0557231 0.0538514 0.0518848 0.0498376 0.0477244 0.04556 0.043359 0.0411357 0.038904 0.0366774 0.0344684 0.0322891 0.0301504 0.0280625 0.0260344 0.0240742 0.0221887 0.0203838 0.0186643 0.0170339 0.0154952 0.0140501 0.0126993 0.011443 0.0102804 0.00921032 0.00823086 0.00733978 0.00653451 0.00581221 0.00516996 0.00460477 0.00411373 0.00369405 0.00334316 0.00305877 0.00283893 0.00268206 0.0025872 
0.00281999 0.00285003 0.00294701 0.00311189 0.00334592 0.0036508 0.00402868 0.00448203 0.00501363 0.00562649 0.00632377 0.00710866 0.00798433 0.00895376 0.0100197 0.0111846 0.0124503 0.0138181 0.0152888 0.016862 0.0185368 0.0203112 0.0221821 0.0241454 0.0261958 0.0283269 0.030531 0.0327994 0.0351221 0.0374882 0.0398856 0.0423013 0.0447217 0.0471321 0.0495176 0.0518627 0.0541516 0.0563685 0.0584977 0.0605236 0.0624312 0.064206 0.0658345 0.0673038 0.0686024 0.0697199 0.0706473 0.0713771 0.0719033 0.0722216 0.0723294 0.072226 0.0719121 0.0713903 0.070665 0.0697422 0.0686293 0.0673354 0.0658708 0.0642472 0.0624772 0.0605746 0.0585536 0.0564294 0.0542174 0.0519334 0.0495931 0.0472122 0.0448062 0.0423901 0.0399783 0.0375845 0.0352217 0.0329018 0.0306358 0.0284336 0.0263039 0.0242543 0.0222913 0.0204201 0.0186448 0.0169685 0.0153933 0.0139201 0.0125491 0.0112798 0.0101108 0.00904026 0.00806583 0.00718479 0.00639418 0.00569088 0.00507172 0.0045336 0.00407354 0.0036888 0.00337693 0.00313583 0.00296382 0.00285986 
0.00314362 0.00317709 0.00328465 0.00346732 0.00372647 0.00406394 0.00448203 0.0049834 0.00557106 0.00624824 0.0070183 0.00788467 0.00885072 0.00991962 0.0110943 0.0123772 0.0137702 0.0152748 0.0168915 0.0186199 0.0204587 0.0224057 0.0244573 0.0266088 0.0288545 0.0311871 0.0335983 0.0360782 0.0386162 0.0412 0.0438166 0.0464518 0.0490907 0.0517175 0.0543158 0.0568689 0.0593598 0.0617712 0.0640863 0.0662883 0.068361 0.0702888 0.072057 0.073652 0.0750613 0.0762737 0.0772796 0.0780709 0.0786413 0.0789861 0.0791026 0.0789898 0.0786487 0.0780822 0.0772947 0.0762927 0.0750844 0.0736793 0.0720886 0.0703248 0.0684016 0.0663336 0.0641364 0.0618261 0.0594195 0.0569336 0.0543854 0.0517918 0.0491697 0.0465354 0.0439044 0.0412918 0.0387117 0.0361771 0.0337 0.0312913 0.0289606 0.0267163 0.0245655 0.0225141 0.0205667 0.0187269 0.0169969 0.015378 0.0138706 0.0124742 0.0111874 0.0100083 0.0089345 0.00796313 0.00709103 0.00631489 0.00563132 0.005037 0.00452872 0.00410355 0.00375885 0.00349235 0.00330226 0.00318743 
0.00352372 0.0035612 0.00368112 0.00388459 0.00417308 0.0045486 0.00501363 0.00557106 0.00622413 0.00697632 0.00783126 0.00879261 0.00986396 0.0110487 0.0123499 0.0137701 0.0153114 0.016975 0.0187613 0.02067 0.0226993 0.0248465 0.0271077 0.0294776 0.0319496 0.0345157 0.0371665 0.0398914 0.0426783 0.0455139 0.0483839 0.0512727 0.054164 0.0570405 0.0598844 0.0626775 0.0654012 0.068037 0.0705663 0.0729712 0.075234 0.0773379 0.079267 0.0810066 0.0825432 0.0838648 0.084961 0.0858231 0.0864443 0.0868196 0.086946 0.0868225 0.0864502 0.085832 0.084973 0.0838801 0.0825618 0.0810288 0.079293 0.0773678 0.0752681 0.0730097 0.0706093 0.0680847 0.0654537 0.0627349 0.0599468 0.0571079 0.0542363 0.0513499 0.0484657 0.0456002 0.0427688 0.0399857 0.0372643 0.0346165 0.0320529 0.0295829 0.0272144 0.024954 0.0228069 0.0207772 0.0188674 0.0170793 0.0154133 0.0138689 0.0124451 0.0111397 0.00995017 0.00887356 0.0079065 0.00704544 0.00628676 0.00562687 0.00506234 0.00458999 0.00420697 0.00391083 0.00369962 0.00357212 
0.00396265 0.00400475 0.00413886 0.00436622 0.0046884 0.0051076 0.00562649 0.00624824 0.00697632 0.00781451 0.00876671 0.00983687 0.0110288 0.0123461 0.0137921 0.0153694 0.01708 0.0189253 0.0209054 0.0230197 0.0252663 0.0276419 0.0301419 0.0327605 0.0354901 0.0383218 0.0412453 0.0442485 0.0473183 0.0504399 0.0535974 0.056774 0.0599514 0.063111 0.0662331 0.069298 0.0722853 0.0751749 0.0779467 0.0805809 0.0830586 0.0853616 0.0874725 0.0893754 0.0910558 0.0925007 0.0936989 0.094641 0.0953195 0.0957292 0.0958668 0.0957312 0.0953236 0.0946472 0.0937074 0.0925116 0.0910693 0.0893918 0.087492 0.0853845 0.0830852 0.0806115 0.0779815 0.0752142 0.0723293 0.0693469 0.0662871 0.0631701 0.0600157 0.0568435 0.0536721 0.0505194 0.0474026 0.0443373 0.0413382 0.0384184 0.0355899 0.032863 0.0302465 0.0277479 0.0253731 0.0231267 0.0210118 0.0190304 0.0171832 0.0154699 0.0138893 0.0124394 0.0111175 0.0099204 0.00884458 0.00788623 0.00704146 0.00630641 0.00567737 0.0051509 0.00472392 0.00439377 0.00415834 0.0040163 
0.0044629 0.00451025 0.00466046 0.00491488 0.00527523 0.00574388 0.00632377 0.0070183 0.00783126 0.00876671 0.00982888 0.011022 0.0123501 0.0138172 0.0154265 0.0171809 0.0190825 0.0211324 0.0233308 0.0256766 0.0281676 0.0307999 0.0335684 0.0364662 0.039485 0.0426147 0.0458438 0.049159 0.0525455 0.0559872 0.0594666 0.0629648 0.0664621 0.0699379 0.0733708 0.076739 0.0800204 0.083193 0.086235 0.0891249 0.0918419 0.0943665 0.0966797 0.0987645 0.100605 0.102187 0.103499 0.10453 0.105272 0.10572 0.10587 0.105721 0.105274 0.104533 0.103503 0.102193 0.100613 0.0987742 0.0966918 0.0943813 0.0918599 0.0891463 0.0862603 0.0832225 0.0800545 0.0767779 0.0734148 0.0699873 0.066517 0.0630252 0.0595326 0.0560588 0.0526224 0.049241 0.0459307 0.042706 0.0395803 0.0365649 0.03367 0.0309038 0.028273 0.0257829 0.0234372 0.0212381 0.0191867 0.017283 0.0155256 0.0139126 0.0124413 0.0111081 0.00990941 0.0088411 0.00789899 0.00707893 0.00637691 0.0057892 0.00531246 0.00494382 0.00468097 0.00452247 
0.00502703 0.00508028 0.00524855 0.0055333 0.00593641 0.00646048 0.00710866 0.00788467 0.00879261 0.00983687 0.011022 0.0123525 0.0138328 0.015467 0.0172587 0.0192106 0.0213251 0.023603 0.0260444 0.0286479 0.0314107 0.0343284 0.037395 0.0406028 0.0439425 0.0474027 0.0509705 0.0546312 0.0583684 0.0621642 0.0659993 0.069853 0.0737037 0.0775285 0.0813042 0.0850069 0.0886125 0.0920969 0.0954364 0.0986077 0.101588 0.104357 0.106892 0.109177 0.111193 0.112926 0.114362 0.115491 0.116303 0.116793 0.116957 0.116793 0.116303 0.11549 0.114362 0.112926 0.111194 0.109179 0.106896 0.104362 0.101596 0.0986188 0.0954509 0.0921153 0.0886353 0.0850344 0.0813369 0.0775667 0.0737476 0.069903 0.0660553 0.0622263 0.0584365 0.0547051 0.05105 0.0474875 0.0440322 0.0406968 0.0374927 0.0344292 0.0315139 0.0287528 0.0261501 0.0237087 0.02143 0.0193139 0.0173594 0.0155645 0.0139263 0.0124412 0.0111052 0.00991392 0.00886296 0.0079478 0.00716412 0.00650787 0.00597543 0.00556369 0.00527014 0.00509323 
0.0056576 0.00571742 0.00590575 0.00622419 0.00667479 0.00726035 0.00798433 0.00885072 0.00986396 0.0110288 0.0123501 0.0138328 0.0154816 0.0173007 0.0192938 0.0214642 0.0238136 0.0263433 0.0290527 0.0319402 0.0350024 0.0382343 0.0416289 0.0451777 0.0488699 0.0526929 0.0566325 0.0606721 0.0647936 0.0689773 0.0732019 0.0774445 0.0816814 0.0858877 0.0900378 0.0941056 0.0980649 0.101889 0.105553 0.109031 0.112299 0.115332 0.11811 0.120612 0.12282 0.124716 0.126288 0.127523 0.128411 0.128946 0.129125 0.128945 0.128408 0.127518 0.126283 0.12471 0.122813 0.120606 0.118104 0.115328 0.112296 0.109031 0.105556 0.101895 0.0980749 0.0941203 0.0900576 0.0859132 0.0817129 0.0774824 0.0732463 0.0690284 0.0648514 0.0607364 0.0567033 0.0527699 0.0489526 0.0452657 0.0417217 0.0383311 0.0351025 0.0320429 0.029157 0.0264484 0.0239186 0.0215681 0.0193959 0.0173999 0.0155771 0.0139238 0.0124358 0.0111084 0.00993689 0.00891633 0.0080421 0.00730984 0.00671561 0.00625606 0.00592845 0.00573111 
0.00635708 0.00642415 0.0066346 0.00699017 0.00749307 0.00814636 0.00895376 0.00991962 0.0110487 0.0123461 0.0138172 0.015467 0.0173007 0.0193226 0.0215369 0.0239465 0.0265534 0.0293585 0.0323612 0.0355592 0.0389485 0.0425234 0.0462759 0.0501964 0.0542727 0.0584909 0.0628349 0.0672865 0.0718257 0.0764307 0.0810779 0.0857424 0.0903979 0.0950174 0.0995728 0.104036 0.108377 0.112569 0.116584 0.120392 0.12397 0.127289 0.130329 0.133065 0.135479 0.137552 0.139269 0.140618 0.141589 0.142173 0.142367 0.14217 0.141583 0.14061 0.139258 0.137539 0.135464 0.133049 0.130313 0.127274 0.123954 0.120379 0.116572 0.112561 0.108373 0.104036 0.0995781 0.0950285 0.0904153 0.0857664 0.081109 0.0764691 0.0718716 0.0673398 0.0628955 0.0585586 0.0543472 0.0502772 0.0463625 0.042615 0.0390445 0.0356587 0.0324633 0.0294623 0.0266579 0.0240506 0.0216397 0.0194232 0.0173979 0.0155601 0.0139052 0.0124282 0.0111241 0.00998764 0.00901381 0.00819791 0.00753569 0.00702351 0.00665843 0.00643861 
0.00712775 0.00720278 0.00743746 0.00783365 0.00839378 0.00912112 0.0100197 0.0110943 0.0123499 0.0137921 0.0154265 0.0172587 0.0192938 0.0215369 0.0239918 0.0266617 0.0295487 0.0326532 0.0359743 0.0395093 0.0432534 0.0472 0.0513402 0.0556629 0.0601546 0.0647999 0.0695807 0.0744769 0.0794665 0.0845254 0.0896278 0.0947462 0.099852 0.104916 0.109906 0.114793 0.119545 0.124131 0.128521 0.132684 0.136593 0.140219 0.143538 0.146525 0.149159 0.151421 0.153294 0.154765 0.155823 0.15646 0.156671 0.156455 0.155814 0.154752 0.153277 0.1514 0.149135 0.146499 0.14351 0.140191 0.136564 0.132657 0.128495 0.124108 0.119525 0.114777 0.109895 0.104911 0.0998535 0.0947547 0.0896438 0.0845494 0.0794987 0.0745174 0.0696294 0.0648567 0.0602193 0.055735 0.0514192 0.0472852 0.0433441 0.0396045 0.0360732 0.0327548 0.0296518 0.0267654 0.0240948 0.0216382 0.0193925 0.0173535 0.0155165 0.0138764 0.0124276 0.0111646 0.010082 0.00917467 0.00843815 0.00786846 0.0074624 0.00721803 
0.00797167 0.00805538 0.00831641 0.00875678 0.00937911 0.0101869 0.0111846 0.0123772 0.0137701 0.0153694 0.0171809 0.0192106 0.0214642 0.0239465 0.0266617 0.0296132 0.0328026 0.0362304 0.0398951 0.0437933 0.0479197 0.0522665 0.0568237 0.0615788 0.0665168 0.0716204 0.0768697 0.0822425 0.0877144 0.0932591 0.0988482 0.104452 0.110038 0.115576 0.121031 0.12637 0.131559 0.136564 0.141353 0.145894 0.150154 0.154106 0.157721 0.160974 0.163842 0.166304 0.168343 0.169943 0.171093 0.171786 0.172015 0.17178 0.171081 0.169925 0.168319 0.166275 0.163809 0.160937 0.157681 0.154064 0.150111 0.145851 0.141311 0.136524 0.131521 0.126336 0.121002 0.115553 0.110022 0.104443 0.0988474 0.0932669 0.0877311 0.0822683 0.0769047 0.0716646 0.06657 0.0616406 0.0568936 0.0523439 0.0480038 0.0438832 0.0399897 0.0363287 0.0329035 0.0297155 0.0267643 0.024048 0.0215636 0.0193067 0.0172726 0.0154556 0.0138498 0.0124495 0.0112489 0.0102424 0.00942516 0.008793 0.00834246 0.00807142 
0.00889057 0.00898369 0.00927322 0.00976135 0.0104509 0.0113456 0.0124503 0.0137702 0.0153114 0.01708 0.0190825 0.0213251 0.0238136 0.0265534 0.0295487 0.0328026 0.0363169 0.0400916 0.0441247 0.0484122 0.0529479 0.0577229 0.0627259 0.0679429 0.0733573 0.0789498 0.0846984 0.0905787 0.096564 0.102625 0.108731 0.11485 0.120947 0.126987 0.132934 0.138751 0.144402 0.149851 0.155062 0.160001 0.164633 0.168928 0.172856 0.17639 0.179504 0.182177 0.184389 0.186126 0.187374 0.188125 0.188373 0.188117 0.187358 0.186102 0.184358 0.182139 0.17946 0.176341 0.172803 0.168872 0.164575 0.159941 0.155003 0.149793 0.144346 0.138698 0.132885 0.126944 0.120911 0.114822 0.108712 0.102615 0.0965634 0.0905881 0.0847181 0.0789798 0.0733975 0.0679929 0.0627853 0.057791 0.053024 0.0484953 0.0442138 0.0401856 0.0364146 0.0329028 0.02965 0.0266545 0.0239132 0.0214219 0.0191754 0.0171677 0.0153928 0.0138445 0.0125164 0.0114028 0.0104985 0.0097989 0.00930032 0.0090005 
0.00988574 0.009989 0.0103092 0.0108487 0.0116104 0.0125986 0.0138181 0.0152748 0.016975 0.0189253 0.0211324 0.023603 0.0263433 0.0293585 0.0326532 0.0362304 0.0400916 0.0442364 0.0486623 0.0533647 0.0583361 0.0635666 0.0690435 0.0747512 0.0806711 0.086782 0.0930596 0.0994773 0.106006 0.112613 0.119265 0.125927 0.132562 0.139131 0.145596 0.151917 0.158054 0.163969 0.169623 0.17498 0.180002 0.184657 0.188913 0.19274 0.196111 0.199005 0.201399 0.203279 0.204629 0.205441 0.205709 0.205431 0.204609 0.203249 0.201361 0.198958 0.196057 0.192679 0.188846 0.184585 0.179927 0.174902 0.169545 0.163891 0.157977 0.151843 0.145527 0.139068 0.132505 0.125878 0.119225 0.112583 0.105986 0.0994684 0.0930621 0.0867958 0.0806963 0.0747875 0.0690906 0.0636238 0.0584026 0.0534396 0.0487446 0.0443249 0.0401849 0.0363273 0.0327523 0.0294583 0.0264424 0.0237 0.0212259 0.019014 0.0170578 0.0153506 0.0138858 0.0126573 0.0116595 0.0108875 0.0103373 0.0100066 
0.010958 0.0110721 0.0114251 0.0120195 0.0128585 0.0139465 0.0152888 0.0168915 0.0187613 0.0209054 0.0233308 0.0260444 0.0290527 0.0323612 0.0359743 0.0398951 0.0441247 0.0486623 0.0535049 0.0586468 0.0640796 0.0697921 0.0757699 0.0819958 0.0884493 0.0951068 0.101942 0.108925 0.116024 0.123205 0.130431 0.137664 0.144862 0.151986 0.158993 0.16584 0.172486 0.178887 0.185004 0.190796 0.196225 0.201255 0.205852 0.209984 0.213625 0.216748 0.219331 0.221359 0.222815 0.22369 0.223979 0.223678 0.222791 0.221324 0.219285 0.216691 0.213559 0.20991 0.20577 0.201167 0.196132 0.1907 0.184906 0.178788 0.172387 0.165744 0.158901 0.1519 0.144783 0.137592 0.130369 0.123154 0.115984 0.108896 0.101925 0.0951027 0.0884578 0.0820168 0.0758031 0.0698368 0.0641351 0.0587122 0.0535791 0.048744 0.0442126 0.0399877 0.0360702 0.0324588 0.0291505 0.0261409 0.0234244 0.0209947 0.0188451 0.0169684 0.0153577 0.0140065 0.0129088 0.0120594 0.0114541 0.0110904 
0.0121075 0.0122333 0.0126212 0.013274 0.0141951 0.0153893 0.016862 0.0186199 0.02067 0.0230197 0.0256766 0.0286479 0.0319402 0.0355592 0.0395093 0.0437933 0.0484122 0.0533647 0.0586468 0.0642521 0.0701709 0.0763905 0.0828952 0.0896655 0.0966791 0.10391 0.111329 0.118905 0.126601 0.134382 0.142207 0.150034 0.157821 0.165522 0.173093 0.180488 0.187661 0.194569 0.201165 0.207409 0.21326 0.218678 0.223628 0.228077 0.231994 0.235354 0.238134 0.240314 0.24188 0.242821 0.243131 0.242807 0.241852 0.240273 0.23808 0.235288 0.231917 0.227989 0.223531 0.218573 0.213148 0.207293 0.201046 0.194447 0.18754 0.180369 0.172977 0.165412 0.157717 0.149939 0.142121 0.134307 0.126538 0.118854 0.111292 0.103886 0.0966691 0.0896694 0.0829126 0.0764211 0.0702137 0.0643063 0.0587113 0.0534382 0.0484934 0.0438805 0.0396009 0.0356537 0.0320358 0.0287431 0.0257696 0.023109 0.0207541 0.0186975 0.0169319 0.0154503 0.0142465 0.0133149 0.0126511 0.0122523 
0.013334 0.013472 0.0138969 0.0146116 0.0156197 0.0169261 0.0185368 0.0204587 0.0226993 0.0252663 0.0281676 0.0314107 0.0350024 0.0389485 0.0432534 0.0479197 0.0529479 0.0583361 0.0640796 0.0701709 0.076599 0.0833497 0.0904055 0.097745 0.105343 0.113173 0.121201 0.129393 0.137711 0.146116 0.154563 0.163008 0.171404 0.179704 0.187858 0.19582 0.203539 0.210968 0.21806 0.22477 0.231054 0.236872 0.242186 0.24696 0.251163 0.254767 0.257748 0.260085 0.261764 0.262772 0.263103 0.262756 0.261732 0.260038 0.257685 0.254691 0.251074 0.246858 0.242073 0.23675 0.230924 0.224633 0.217918 0.210824 0.203394 0.195676 0.187717 0.179567 0.171274 0.162886 0.154451 0.146015 0.137623 0.129318 0.12114 0.113127 0.105313 0.09773 0.0904056 0.0833644 0.0766275 0.0702124 0.064133 0.0584001 0.053021 0.0480002 0.0433397 0.0390389 0.035095 0.0315037 0.0282593 0.0253549 0.0227833 0.0205366 0.0186072 0.0169879 0.0156718 0.0146533 0.0139275 0.0134917 
0.0146361 0.0147872 0.0152511 0.016031 0.0171306 0.0185553 0.0203112 0.0224057 0.0248465 0.0276419 0.0307999 0.0343284 0.0382343 0.0425234 0.0472 0.0522665 0.0577229 0.0635666 0.0697921 0.0763905 0.0833497 0.0906539 0.0982833 0.106215 0.114421 0.122871 0.131531 0.140362 0.149324 0.158373 0.167463 0.176546 0.185571 0.194487 0.203243 0.211787 0.220067 0.228032 0.235633 0.24282 0.24955 0.255778 0.261464 0.266571 0.271065 0.274918 0.278104 0.280602 0.282396 0.283473 0.283827 0.283455 0.28236 0.280549 0.278034 0.274831 0.270963 0.266454 0.261335 0.255637 0.2494 0.242663 0.235469 0.227864 0.219897 0.211618 0.203076 0.194324 0.185414 0.176397 0.167325 0.158246 0.14921 0.140262 0.131446 0.122802 0.114369 0.106179 0.0982643 0.090651 0.0833624 0.0764179 0.0698329 0.0636196 0.0577866 0.0523392 0.0472799 0.0426085 0.0383228 0.0344184 0.0308895 0.0277292 0.0249298 0.0224833 0.0203818 0.0186174 0.0171833 0.0160732 0.0152823 0.0148074 
0.0160121 0.0161768 0.0166817 0.0175299 0.0187255 0.0202741 0.0221821 0.0244573 0.0271077 0.0301419 0.0335684 0.037395 0.0416289 0.0462759 0.0513402 0.0568237 0.0627259 0.0690435 0.0757699 0.0828952 0.0904055 0.0982833 0.106507 0.115051 0.123886 0.132977 0.142289 0.151779 0.161404 0.171117 0.180868 0.190605 0.200275 0.209824 0.219196 0.228336 0.23719 0.245702 0.253821 0.261497 0.26868 0.275325 0.28139 0.286835 0.291627 0.295733 0.299128 0.301789 0.303699 0.304846 0.305223 0.304826 0.303659 0.301729 0.299049 0.295636 0.291512 0.286704 0.281244 0.275166 0.26851 0.261317 0.253635 0.24551 0.236994 0.22814 0.219001 0.209633 0.20009 0.190428 0.180701 0.170962 0.161262 0.151652 0.142178 0.132884 0.12381 0.114993 0.106467 0.0982613 0.0904007 0.0829067 0.0757967 0.0690842 0.0627789 0.0568872 0.0514124 0.0463548 0.0417125 0.0374811 0.0336551 0.0302272 0.0271897 0.0245342 0.0222524 0.0203362 0.0187784 0.0175725 0.0167133 0.0161976 
0.0174591 0.0176381 0.0181857 0.0191052 0.020401 0.0220788 0.0241454 0.0266088 0.0294776 0.0327605 0.0364662 0.0406028 0.0451777 0.0501964 0.0556629 0.0615788 0.0679429 0.0747512 0.0819958 0.0896655 0.097745 0.106215 0.115051 0.124226 0.133707 0.143458 0.153439 0.163605 0.17391 0.184302 0.194729 0.205135 0.215464 0.225658 0.235658 0.245405 0.254841 0.263911 0.272557 0.280727 0.288369 0.295437 0.301886 0.307674 0.312765 0.317128 0.320734 0.32356 0.325588 0.326805 0.327205 0.326783 0.325543 0.323493 0.320646 0.31702 0.312638 0.307529 0.301724 0.29526 0.288179 0.280526 0.272347 0.263694 0.25462 0.245182 0.235435 0.225438 0.21525 0.204929 0.194532 0.184118 0.173739 0.16345 0.153301 0.143338 0.133606 0.124144 0.114989 0.106172 0.0977212 0.0896598 0.0820071 0.0747781 0.0679838 0.0616319 0.0557262 0.0502679 0.0452552 0.0406842 0.0365492 0.032843 0.0295576 0.0266845 0.0242149 0.0221406 0.0204539 0.0191481 0.0182177 0.0176593 
0.0189735 0.0191674 0.0197594 0.020753 0.0221528 0.0239646 0.0261958 0.0288545 0.0319496 0.0354901 0.039485 0.0439425 0.0488699 0.0542727 0.0601546 0.0665168 0.0733573 0.0806711 0.0884493 0.0966791 0.105343 0.114421 0.123886 0.133707 0.14385 0.154276 0.164941 0.175797 0.186795 0.197879 0.208994 0.220081 0.231079 0.241927 0.252563 0.262925 0.272952 0.282583 0.291762 0.300431 0.308537 0.316031 0.322866 0.328999 0.334393 0.339012 0.34283 0.345822 0.347968 0.349257 0.349679 0.349232 0.34792 0.345749 0.342734 0.338894 0.334253 0.32884 0.322688 0.315836 0.308328 0.300208 0.291529 0.282342 0.272704 0.262674 0.252312 0.241678 0.230835 0.219844 0.208767 0.197664 0.186594 0.175613 0.164774 0.154128 0.143723 0.1336 0.1238 0.114356 0.105299 0.0966547 0.0884437 0.0806829 0.0733849 0.0665583 0.060208 0.0543358 0.0489404 0.0440182 0.0395635 0.0355691 0.032027 0.0289283 0.0262641 0.0240257 0.0222053 0.0207958 0.0197915 0.019189 
0.0205509 0.0207601 0.021398 0.0224683 0.0239754 0.0259258 0.0283269 0.0311871 0.0345157 0.0383218 0.0426147 0.0474027 0.0526929 0.0584909 0.0647999 0.0716204 0.0789498 0.086782 0.0951068 0.10391 0.113173 0.122871 0.132977 0.143458 0.154276 0.165388 0.176749 0.188306 0.200007 0.211793 0.223605 0.23538 0.247055 0.258563 0.269841 0.280822 0.291443 0.301641 0.311354 0.320524 0.329096 0.337017 0.344238 0.350717 0.356412 0.36129 0.365319 0.368476 0.370741 0.372101 0.372546 0.372074 0.370689 0.368398 0.365215 0.361162 0.356261 0.350543 0.344045 0.336804 0.328866 0.32028 0.311098 0.301375 0.29117 0.280544 0.269561 0.258285 0.24678 0.235113 0.223347 0.211547 0.199775 0.188091 0.176552 0.165212 0.154121 0.143325 0.132866 0.122783 0.113107 0.103866 0.095083 0.0867774 0.0789628 0.0716491 0.0648422 0.0585446 0.0527555 0.0474718 0.0426879 0.0383966 0.0345898 0.0312585 0.0283934 0.0259857 0.0240273 0.0225107 0.0214302 0.0207821 
0.0221856 0.0224108 0.0230959 0.0242449 0.0258626 0.0279554 0.030531 0.0335983 0.0371665 0.0412453 0.0458438 0.0509705 0.0566325 0.0628349 0.0695807 0.0768697 0.0846984 0.0930596 0.101942 0.111329 0.121201 0.131531 0.142289 0.153439 0.164941 0.176749 0.188813 0.201079 0.21349 0.225984 0.238499 0.250967 0.263321 0.275493 0.287415 0.299017 0.310233 0.320997 0.331245 0.340916 0.349951 0.358298 0.365905 0.372728 0.378723 0.383857 0.388097 0.391419 0.393802 0.395231 0.395699 0.395203 0.393745 0.391334 0.387986 0.383719 0.37856 0.37254 0.365696 0.358068 0.349703 0.34065 0.330966 0.320706 0.309934 0.298712 0.287107 0.275185 0.263016 0.250668 0.238209 0.225707 0.213227 0.200833 0.188586 0.176542 0.164756 0.153278 0.142152 0.131418 0.121112 0.111263 0.101899 0.0930374 0.0846956 0.0768844 0.0696108 0.062878 0.0566861 0.0510321 0.0459108 0.0413151 0.0372368 0.0336666 0.0305953 0.0280137 0.0259134 0.0242868 0.0231279 0.0224329 
0.0238715 0.0241129 0.0248464 0.0260761 0.0278068 0.0300452 0.0327994 0.0360782 0.0398914 0.0442485 0.049159 0.0546312 0.0606721 0.0672865 0.0744769 0.0822425 0.0905787 0.0994773 0.108925 0.118905 0.129393 0.140362 0.151779 0.163605 0.175797 0.188306 0.201079 0.214059 0.227183 0.240388 0.253606 0.266769 0.279803 0.292639 0.305204 0.317425 0.329234 0.340562 0.351341 0.361509 0.371005 0.379774 0.387764 0.394927 0.40122 0.406607 0.411055 0.41454 0.417039 0.418538 0.419028 0.418508 0.416978 0.41445 0.410937 0.40646 0.401046 0.394727 0.38754 0.379528 0.370738 0.361223 0.35104 0.340247 0.328909 0.317093 0.304867 0.292301 0.279468 0.266439 0.253285 0.240079 0.226888 0.213781 0.200821 0.188069 0.175583 0.163416 0.151615 0.140224 0.12928 0.118817 0.108861 0.0994364 0.0905592 0.0822423 0.0744939 0.0673182 0.0607159 0.0546845 0.0492191 0.0443127 0.0399571 0.036143 0.032861 0.0301017 0.0278563 0.0261172 0.0248781 0.0241352 
0.0256012 0.0258592 0.026642 0.0279538 0.0297996 0.0321863 0.0351221 0.0386162 0.0426783 0.0473183 0.0525455 0.0583684 0.0647936 0.0718257 0.0794665 0.0877144 0.096564 0.106006 0.116024 0.126601 0.137711 0.149324 0.161404 0.17391 0.186795 0.200007 0.21349 0.227183 0.241021 0.254936 0.268857 0.282711 0.296423 0.309918 0.323121 0.335958 0.348354 0.36024 0.371545 0.382204 0.392156 0.401341 0.409708 0.417206 0.423792 0.429428 0.434082 0.437725 0.440339 0.441906 0.442419 0.441874 0.440275 0.43763 0.433956 0.429272 0.423607 0.416993 0.409469 0.401079 0.391871 0.381899 0.371222 0.359902 0.348005 0.335599 0.322757 0.309552 0.296057 0.28235 0.268504 0.254595 0.240694 0.226873 0.2132 0.199739 0.186551 0.173691 0.161212 0.149159 0.137573 0.12649 0.115939 0.105945 0.0965267 0.0876984 0.0794694 0.0718451 0.0648268 0.0584126 0.052598 0.0473762 0.0427389 0.0386769 0.0351806 0.0322404 0.0298475 0.0279939 0.0266733 0.0258816 
0.0273666 0.0276415 0.0284743 0.0298693 0.0318317 0.0343685 0.0374882 0.0412 0.0455139 0.0504399 0.0559872 0.0621642 0.0689773 0.0764307 0.0845254 0.0932591 0.102625 0.112613 0.123205 0.134382 0.146116 0.158373 0.171117 0.184302 0.197879 0.211793 0.225984 0.240388 0.254936 0.269556 0.284175 0.298714 0.313097 0.327245 0.341079 0.354523 0.367499 0.379934 0.391756 0.402899 0.413297 0.422892 0.431627 0.439454 0.446327 0.452207 0.457061 0.460861 0.463586 0.46522 0.465755 0.465187 0.463519 0.460761 0.456929 0.452043 0.446132 0.43923 0.431376 0.422614 0.412995 0.402575 0.391413 0.379574 0.367125 0.354139 0.340688 0.32685 0.312702 0.298323 0.283791 0.269183 0.254577 0.240046 0.225663 0.211494 0.197605 0.184054 0.170896 0.158181 0.145952 0.134247 0.123098 0.112532 0.102569 0.0932263 0.0845134 0.076437 0.0689991 0.0621986 0.0560314 0.0504908 0.0455688 0.0412562 0.0375431 0.0344199 0.0318776 0.0299082 0.0285049 0.0276639 
0.0291588 0.0294507 0.0303339 0.0318128 0.0338927 0.0365808 0.0398856 0.0438166 0.0483839 0.0535974 0.0594666 0.0659993 0.0732019 0.0810779 0.0896278 0.0988482 0.108731 0.119265 0.130431 0.142207 0.154563 0.167463 0.180868 0.194729 0.208994 0.223605 0.238499 0.253606 0.268857 0.284175 0.299481 0.314698 0.329742 0.344532 0.358987 0.373026 0.38657 0.399544 0.411873 0.423487 0.434322 0.444316 0.453411 0.461558 0.46871 0.474828 0.479877 0.483829 0.486663 0.488362 0.488918 0.488327 0.486593 0.483725 0.479739 0.474657 0.468507 0.461324 0.453148 0.444024 0.434005 0.423146 0.41151 0.399163 0.386174 0.372617 0.358569 0.34411 0.329318 0.314277 0.299067 0.28377 0.268466 0.253233 0.238145 0.223275 0.208689 0.194451 0.180618 0.167243 0.154373 0.142047 0.130301 0.119163 0.108656 0.098798 0.0896002 0.0810704 0.0732116 0.0660233 0.0595018 0.0536409 0.0484326 0.0438677 0.0399365 0.0366291 0.0339364 0.0318503 0.0303638 0.0294731 
0.0309681 0.0312771 0.0322109 0.0337738 0.0359714 0.0388111 0.0423013 0.0464518 0.0512727 0.056774 0.0629648 0.069853 0.0774445 0.0857424 0.0947462 0.104452 0.11485 0.125927 0.137664 0.150034 0.163008 0.176546 0.190605 0.205135 0.220081 0.23538 0.250967 0.266769 0.282711 0.298714 0.314698 0.330577 0.346269 0.361688 0.37675 0.391371 0.40547 0.418968 0.43179 0.443864 0.455123 0.465504 0.474949 0.483406 0.490828 0.497176 0.502413 0.506512 0.509451 0.511213 0.51179 0.511177 0.509379 0.506405 0.50227 0.496998 0.490618 0.483163 0.474674 0.4652 0.454792 0.443507 0.43141 0.418568 0.405052 0.390939 0.376308 0.36124 0.345818 0.330128 0.314253 0.298279 0.282289 0.266363 0.250582 0.235018 0.219745 0.204827 0.190327 0.176298 0.162791 0.14985 0.13751 0.125804 0.114755 0.104384 0.0947025 0.0857205 0.0774416 0.0698661 0.0629906 0.0568095 0.0513148 0.0464976 0.0423479 0.0388561 0.0360128 0.0338097 0.0322399 0.0312993 
0.0327842 0.0331102 0.0340943 0.0357411 0.0380561 0.0410467 0.0447217 0.0490907 0.054164 0.0599514 0.0664621 0.0737037 0.0816814 0.0903979 0.099852 0.110038 0.120947 0.132562 0.144862 0.157821 0.171404 0.185571 0.200275 0.215464 0.231079 0.247055 0.263321 0.279803 0.296423 0.313097 0.329742 0.346269 0.362593 0.378624 0.394275 0.409462 0.424099 0.438106 0.451405 0.463924 0.475592 0.486347 0.496129 0.504884 0.512567 0.519136 0.524554 0.528795 0.531835 0.533657 0.534254 0.53362 0.531761 0.528684 0.524407 0.518953 0.51235 0.504633 0.495844 0.486031 0.475248 0.463552 0.451009 0.437687 0.423661 0.409008 0.39381 0.37815 0.362115 0.345792 0.329268 0.312632 0.295971 0.279367 0.262905 0.246662 0.230713 0.215127 0.199968 0.185295 0.171161 0.157611 0.144685 0.132417 0.120832 0.109952 0.0997918 0.0903613 0.0816655 0.0737053 0.0664781 0.0599785 0.0541991 0.0491307 0.0447636 0.0410881 0.0380948 0.0357752 0.0341223 0.0331322 
0.0345959 0.0349389 0.035973 0.0377028 0.0401341 0.0432742 0.0471321 0.0517175 0.0570405 0.063111 0.0699379 0.0775285 0.0858877 0.0950174 0.104916 0.115576 0.126987 0.139131 0.151986 0.165522 0.179704 0.194487 0.209824 0.225658 0.241927 0.258563 0.275493 0.292639 0.309918 0.327245 0.344532 0.361688 0.378624 0.395248 0.41147 0.427202 0.442359 0.456856 0.470615 0.483561 0.495623 0.506736 0.516841 0.525883 0.533815 0.540595 0.546187 0.550563 0.553699 0.55558 0.556195 0.555542 0.553623 0.550449 0.546037 0.540407 0.533592 0.525624 0.516548 0.506411 0.495266 0.483176 0.470203 0.45642 0.441902 0.426729 0.410983 0.394751 0.378121 0.361184 0.344031 0.326752 0.309437 0.292173 0.275047 0.258141 0.241531 0.225291 0.209488 0.194184 0.179434 0.165288 0.151786 0.138964 0.126851 0.115471 0.104839 0.0949657 0.0858584 0.0775184 0.0699437 0.0631294 0.0570682 0.0517514 0.0471692 0.0433118 0.0401699 0.0377349 0.0359999 0.0349605 
0.0363919 0.0367516 0.0378349 0.0396466 0.0421924 0.0454797 0.0495176 0.0543158 0.0598844 0.0662331 0.0733708 0.0813042 0.0900378 0.0995728 0.109906 0.121031 0.132934 0.145596 0.158993 0.173093 0.187858 0.203243 0.219196 0.235658 0.252563 0.269841 0.287415 0.305204 0.323121 0.341079 0.358987 0.37675 0.394275 0.41147 0.428241 0.444498 0.460152 0.475119 0.489318 0.502672 0.51511 0.526566 0.536978 0.546293 0.554463 0.561444 0.567201 0.571705 0.574932 0.576868 0.577501 0.576829 0.574855 0.571589 0.567047 0.561252 0.554234 0.546029 0.536678 0.526232 0.514744 0.502275 0.488893 0.474669 0.459679 0.444006 0.427734 0.410951 0.39375 0.376221 0.35846 0.340559 0.322612 0.304709 0.28694 0.269389 0.252138 0.235262 0.218832 0.202913 0.187563 0.172834 0.158769 0.145407 0.132778 0.120907 0.109812 0.0995058 0.0899949 0.0812821 0.0733662 0.0662426 0.0599046 0.0543434 0.0495496 0.0455133 0.0422252 0.0396766 0.0378606 0.0367729 
0.0381603 0.0385364 0.0396679 0.0415596 0.0442174 0.0476488 0.0518627 0.0568689 0.0626775 0.069298 0.076739 0.0850069 0.0941056 0.104036 0.114793 0.12637 0.138751 0.151917 0.16584 0.180488 0.19582 0.211787 0.228336 0.245405 0.262925 0.280822 0.299017 0.317425 0.335958 0.354523 0.373026 0.391371 0.409462 0.427202 0.444498 0.461255 0.477384 0.492799 0.507416 0.521158 0.533953 0.545733 0.556438 0.566011 0.574404 0.581575 0.587488 0.592113 0.595428 0.597415 0.598066 0.597376 0.59535 0.591996 0.587332 0.581381 0.574172 0.565741 0.556132 0.545392 0.533578 0.520752 0.506979 0.492335 0.476896 0.460746 0.443972 0.426663 0.408914 0.390819 0.372474 0.353977 0.335422 0.316904 0.298515 0.280343 0.262472 0.244981 0.227945 0.211431 0.195499 0.180204 0.165593 0.151706 0.138575 0.126228 0.114682 0.103953 0.0940491 0.0849728 0.0767239 0.0692984 0.06269 0.0568901 0.0518894 0.0476783 0.0442471 0.0415875 0.0396923 0.0385573 
0.039889 0.040281 0.0414594 0.0434289 0.0461955 0.0497668 0.0541516 0.0593598 0.0654012 0.0722853 0.0800204 0.0886125 0.0980649 0.108377 0.119545 0.131559 0.144402 0.158054 0.172486 0.187661 0.203539 0.220067 0.23719 0.254841 0.272952 0.291443 0.310233 0.329234 0.348354 0.367499 0.38657 0.40547 0.424099 0.442359 0.460152 0.477384 0.493963 0.509801 0.524814 0.538923 0.552054 0.56414 0.575119 0.584935 0.593539 0.600889 0.606948 0.611687 0.615083 0.617119 0.617785 0.617079 0.615004 0.611569 0.606791 0.600693 0.593304 0.584662 0.574808 0.563793 0.551672 0.538507 0.524367 0.509326 0.493462 0.47686 0.459609 0.441801 0.423531 0.404896 0.385996 0.366928 0.347793 0.328687 0.309704 0.290937 0.272472 0.254391 0.236772 0.219685 0.203193 0.187354 0.172216 0.157822 0.144207 0.131398 0.119418 0.10828 0.0979948 0.0885664 0.0799948 0.0722767 0.0654059 0.0593745 0.054173 0.049792 0.046222 0.0434545 0.0414824 0.0403015 
0.0415658 0.0419732 0.0431967 0.0452413 0.0481129 0.0518189 0.0563685 0.0617712 0.068037 0.0751749 0.083193 0.0920969 0.101889 0.112569 0.124131 0.136564 0.149851 0.163969 0.178887 0.194569 0.210968 0.228032 0.245702 0.263911 0.282583 0.301641 0.320997 0.340562 0.36024 0.379934 0.399544 0.418968 0.438106 0.456856 0.475119 0.492799 0.509801 0.526037 0.541421 0.555874 0.56932 0.581692 0.592928 0.602971 0.611772 0.619288 0.625484 0.630328 0.6338 0.635881 0.636563 0.635842 0.633721 0.63021 0.625325 0.61909 0.611535 0.602695 0.592614 0.581341 0.568932 0.555451 0.540966 0.525552 0.509288 0.492261 0.474561 0.456282 0.43752 0.418375 0.398948 0.379341 0.359655 0.33999 0.320443 0.301109 0.282078 0.263435 0.24526 0.227625 0.210598 0.194238 0.178596 0.163716 0.149637 0.136386 0.123987 0.112457 0.101806 0.092039 0.083157 0.0751572 0.068034 0.0617795 0.0563846 0.05184 0.0481362 0.0452647 0.0432184 0.0419932 
0.0431785 0.0436006 0.0448673 0.0469837 0.0499556 0.0537906 0.0584977 0.0640863 0.0705663 0.0779467 0.086235 0.0954364 0.105553 0.116584 0.128521 0.141353 0.155062 0.169623 0.185004 0.201165 0.21806 0.235633 0.253821 0.272557 0.291762 0.311354 0.331245 0.351341 0.371545 0.391756 0.411873 0.43179 0.451405 0.470615 0.489318 0.507416 0.524814 0.541421 0.557151 0.571924 0.585664 0.598302 0.609776 0.620029 0.629012 0.636683 0.643004 0.647947 0.651489 0.653612 0.654308 0.653572 0.651409 0.647828 0.642845 0.636484 0.628774 0.619751 0.609459 0.597947 0.585271 0.571496 0.556689 0.540927 0.524291 0.506867 0.488747 0.470026 0.450803 0.431179 0.411258 0.391143 0.370938 0.350746 0.330667 0.310798 0.291232 0.272057 0.253355 0.235202 0.217668 0.200813 0.184692 0.169351 0.154829 0.141158 0.128361 0.116457 0.105457 0.0953669 0.0861887 0.0779201 0.0705557 0.0640882 0.0585085 0.0538075 0.0499757 0.0470048 0.0448877 0.0436201 
0.044715 0.045151 0.0464588 0.0486432 0.0517102 0.0556674 0.0605236 0.0662883 0.0729712 0.0805809 0.0891249 0.0986077 0.109031 0.120392 0.132684 0.145894 0.160001 0.17498 0.190796 0.207409 0.22477 0.24282 0.261497 0.280727 0.300431 0.320524 0.340916 0.361509 0.382204 0.402899 0.423487 0.443864 0.463924 0.483561 0.502672 0.521158 0.538923 0.555874 0.571924 0.586992 0.601002 0.613885 0.625579 0.636025 0.645177 0.652989 0.659426 0.664459 0.668065 0.670227 0.670935 0.670187 0.667985 0.66434 0.659267 0.65279 0.644938 0.635747 0.62526 0.613528 0.600606 0.586559 0.571456 0.555372 0.538391 0.520599 0.502089 0.482958 0.463306 0.443237 0.422855 0.402266 0.381578 0.360893 0.340316 0.319946 0.299879 0.280204 0.261008 0.242368 0.224356 0.207036 0.190464 0.174688 0.15975 0.145682 0.132509 0.120252 0.108922 0.098527 0.0890688 0.0805458 0.0729532 0.0662839 0.0605293 0.0556801 0.0517272 0.0486621 0.0464778 0.0451701 
0.0461636 0.0466127 0.0479589 0.0502072 0.0533634 0.0574351 0.0624312 0.068361 0.075234 0.0830586 0.0918419 0.101588 0.112299 0.12397 0.136593 0.150154 0.164633 0.180002 0.196225 0.21326 0.231054 0.24955 0.26868 0.288369 0.308537 0.329096 0.349951 0.371005 0.392156 0.413297 0.434322 0.455123 0.475592 0.495623 0.51511 0.533953 0.552054 0.56932 0.585664 0.601002 0.61526 0.628367 0.64026 0.650884 0.660188 0.668129 0.674672 0.679786 0.683451 0.685648 0.686368 0.685608 0.683372 0.679668 0.674513 0.66793 0.659949 0.650605 0.639941 0.628008 0.614862 0.600566 0.585191 0.568813 0.551515 0.533385 0.514517 0.495009 0.474962 0.454481 0.433674 0.412648 0.391511 0.370371 0.349332 0.328497 0.307964 0.287826 0.26817 0.249077 0.230621 0.212867 0.195874 0.179693 0.164366 0.149927 0.136404 0.123816 0.112178 0.101497 0.0917765 0.0830153 0.0752089 0.0683506 0.062432 0.0574439 0.0533773 0.0502239 0.0479766 0.0466313 
