1.21262e-05 1.25088e-05 1.40374e-05 1.68125e-05 2.10041e-05 2.68586e-05 3.4705e-05 4.49607e-05 5.81394e-05 7.48578e-05 9.58434e-05 0.00012194 0.000154113 0.000193451 0.000241164 0.000298577 0.000367125 0.000448331 0.000543787 0.000655127 0.000783991 0.000931983 0.00110063 0.00129132 0.00150526 0.0017434 0.0020064 0.00229454 0.00260771 0.00294532 0.00330628 0.00368897 0.00409125 0.00451039 0.00494317 0.00538583 0.00583417 0.00628358 0.00672911 0.00716561 0.00758773 0.00799011 0.00836745 0.00871464 0.00902685 0.00929963 0.00952905 0.00971174 0.00984501 0.00992687 0.00995609 0.00993226 0.00985574 0.00972771 0.00955008 0.00932553 0.00905735 0.00874945 0.00840622 0.00803246 0.00763325 0.00721387 0.00677965 0.00633592 0.00588784 0.00544035 0.00499806 0.00456519 0.00414551 0.00374229 0.00335825 0.00299561 0.002656 0.00234057 0.00204995 0.0017843 0.00154339 0.0013266 0.00113304 0.000961536 0.000810736 0.000679152 0.000565206 0.000467283 0.000383767 0.000313079 0.000253703 0.000204208 0.000163268 0.000129666 0.000102308 8.02168e-05 6.25362e-05 4.85247e-05 3.75505e-05 2.90843e-05 2.26925e-05 1.80304e-05 1.48352e-05 1.29246e-05 
1.25088e-05 1.29055e-05 1.44866e-05 1.73563e-05 2.16902e-05 2.77438e-05 3.58572e-05 4.64625e-05 6.00911e-05 7.73811e-05 9.90849e-05 0.000126075 0.00015935 0.000200035 0.00024938 0.000308756 0.000379642 0.000463612 0.000562309 0.000677417 0.000810628 0.000963595 0.00113789 0.00133493 0.00155597 0.00180197 0.00207361 0.00237117 0.00269452 0.00304304 0.0034156 0.00381052 0.00422558 0.00465797 0.00510434 0.00556084 0.00602311 0.0064864 0.00694564 0.00739549 0.00783046 0.00824504 0.00863377 0.00899139 0.00931294 0.00959386 0.00983009 0.0100182 0.0101554 0.0102396 0.0102697 0.0102451 0.0101662 0.0100343 0.00985131 0.00961998 0.00934372 0.00902652 0.00867291 0.00828781 0.00787645 0.00744426 0.00699674 0.00653935 0.00607742 0.00561603 0.00515994 0.0047135 0.0042806 0.00386461 0.00346835 0.0030941 0.00274358 0.00241796 0.00211791 0.0018436 0.00159479 0.00137088 0.00117093 0.000993736 0.00083792 0.000701945 0.000584187 0.000482979 0.000396656 0.000323587 0.000262209 0.000211045 0.000168723 0.000133989 0.000105708 8.2873e-05 6.45981e-05 5.01166e-05 3.87752e-05 3.00265e-05 2.34223e-05 1.86057e-05 1.53052e-05 1.33322e-05 
1.40374e-05 1.44866e-05 1.62615e-05 1.94784e-05 2.4333e-05 3.11095e-05 4.01865e-05 5.20442e-05 6.72723e-05 8.65787e-05 0.000110797 0.000140893 0.000177969 0.000223268 0.000278166 0.000344172 0.000422912 0.00051611 0.000625564 0.000753113 0.000900599 0.00106982 0.00126247 0.00148008 0.001724 0.00199523 0.00229449 0.00262204 0.0029777 0.00336074 0.00376988 0.00420326 0.0046584 0.00513221 0.00562101 0.00612055 0.00662609 0.00713245 0.00763408 0.00812518 0.0085998 0.00905195 0.00947571 0.0098654 0.0102156 0.0105215 0.0107786 0.0109833 0.0111325 0.011224 0.0112565 0.0112296 0.0111435 0.0109997 0.0108003 0.0105482 0.0102472 0.0099014 0.00951585 0.00909585 0.00864706 0.00817536 0.00768672 0.00718707 0.0066822 0.00617766 0.00567862 0.00518986 0.00471561 0.0042596 0.00382493 0.00341412 0.00302908 0.00267114 0.00234106 0.00203907 0.00176496 0.00151809 0.00129746 0.0011018 0.00092961 0.000779233 0.000648903 0.000536808 0.000441127 0.000360078 0.000291948 0.000235115 0.000188071 0.000149435 0.000117957 9.25246e-05 7.21586e-05 5.6011e-05 4.33581e-05 3.35934e-05 2.62194e-05 2.08404e-05 1.71545e-05 1.49524e-05 
1.68125e-05 1.73563e-05 1.94784e-05 2.33163e-05 2.91011e-05 3.71675e-05 4.79611e-05 6.20459e-05 8.01139e-05 0.000102994 0.000131661 0.000167241 0.000211019 0.000264438 0.000329093 0.00040673 0.000499222 0.000608553 0.000736785 0.000886018 0.00105835 0.00125581 0.00148031 0.00173358 0.00201708 0.00233194 0.00267887 0.00305813 0.00346942 0.00391183 0.00438384 0.00488323 0.0054071 0.00595186 0.00651326 0.00708642 0.0076659 0.00824577 0.00881972 0.00938116 0.00992333 0.0104395 0.0109228 0.0113671 0.0117661 0.0121144 0.012407 0.0126398 0.0128094 0.0129133 0.01295 0.012919 0.0128208 0.0126568 0.0124295 0.0121421 0.0117988 0.0114044 0.0109645 0.0104851 0.00997259 0.00943356 0.0088748 0.00830304 0.00772487 0.00714658 0.00657412 0.00601291 0.00546785 0.00494322 0.00444263 0.003969 0.00352461 0.00311102 0.00272918 0.00237944 0.00206161 0.00177501 0.00151857 0.00129088 0.00109025 0.000914827 0.000762601 0.000631512 0.000519483 0.000424471 0.000344507 0.000277722 0.000222376 0.000176868 0.00013975 0.000109727 8.56596e-05 6.65575e-05 5.15753e-05 4.00031e-05 3.12581e-05 2.48758e-05 2.05021e-05 1.7891e-05 
2.10041e-05 2.16902e-05 2.4333e-05 2.91011e-05 3.62776e-05 4.62722e-05 5.96288e-05 7.70352e-05 9.93337e-05 0.000127531 0.000162808 0.000206528 0.000260238 0.000325675 0.000404755 0.000499562 0.000612333 0.000745422 0.000901271 0.00108236 0.00129114 0.00152998 0.00180111 0.0021065 0.0024478 0.00282627 0.00324267 0.00369717 0.00418933 0.00471798 0.00528118 0.00587623 0.00649962 0.00714701 0.00781334 0.0084928 0.00917896 0.00986482 0.010543 0.0112057 0.011845 0.0124532 0.0130222 0.0135448 0.0140139 0.0144231 0.0147667 0.0150398 0.0152385 0.0153602 0.0154029 0.0153661 0.0152504 0.0150574 0.01479 0.0144519 0.014048 0.0135839 0.0130659 0.0125011 0.0118968 0.0112609 0.0106012 0.00992556 0.00924169 0.00855701 0.0078785 0.0072126 0.00656512 0.00594115 0.00534503 0.00478031 0.00424973 0.00375527 0.00329814 0.00287885 0.00249727 0.0021527 0.00184393 0.00156938 0.00132711 0.00111496 0.000930592 0.000771589 0.000635504 0.000519921 0.000422501 0.00034102 0.000273398 0.000217718 0.000172239 0.000135404 0.000105836 8.23385e-05 6.38874e-05 4.96207e-05 3.88297e-05 3.09493e-05 2.5548e-05 2.2326e-05 
2.68586e-05 2.77438e-05 3.11095e-05 3.71675e-05 4.62722e-05 5.89353e-05 7.58354e-05 9.78291e-05 0.000125963 0.000161486 0.000205859 0.000260763 0.000328106 0.000410017 0.000508842 0.000627124 0.000767581 0.000933066 0.00112652 0.00135093 0.00160921 0.00190419 0.00223849 0.00261439 0.0030338 0.00349813 0.00400815 0.00456396 0.00516487 0.00580933 0.00649489 0.00721813 0.00797473 0.00875937 0.00956587 0.0103872 0.0112156 0.0120427 0.0128595 0.0136569 0.0144254 0.0151557 0.0158385 0.0164651 0.017027 0.0175169 0.0179279 0.0182544 0.0184918 0.0186369 0.0186875 0.0186431 0.0185042 0.0182728 0.0179522 0.0175469 0.0170626 0.0165059 0.0158843 0.0152061 0.0144801 0.0137154 0.0129214 0.0121074 0.0112827 0.0104562 0.00963617 0.00883042 0.00804599 0.00728906 0.00656495 0.00587803 0.00523173 0.00462856 0.0040701 0.0035571 0.00308953 0.00266666 0.00228714 0.00194915 0.00165043 0.00138843 0.00116039 0.000963407 0.000794552 0.000650911 0.000529653 0.000428077 0.000343648 0.000274024 0.000217071 0.000170875 0.000133741 0.000104191 8.09574e-05 6.29721e-05 4.93554e-05 3.94044e-05 3.25824e-05 2.8516e-05 
3.4705e-05 3.58572e-05 4.01865e-05 4.79611e-05 5.96288e-05 7.58354e-05 9.74359e-05 0.000125507 0.000161363 0.000206567 0.000262944 0.000332591 0.000417876 0.00052144 0.000646179 0.000795227 0.000971919 0.00117974 0.00142228 0.00170313 0.00202584 0.00239377 0.00281001 0.00327728 0.00379777 0.00437302 0.00500386 0.00569021 0.00643106 0.00722435 0.00806693 0.0089545 0.00988163 0.0108418 0.0118273 0.0128296 0.0138393 0.0148461 0.0158393 0.0168078 0.0177404 0.0186256 0.0194526 0.0202108 0.0208904 0.0214823 0.0219786 0.0223726 0.0226589 0.0228336 0.0228942 0.02284 0.0226717 0.0223917 0.0220038 0.0215135 0.0209274 0.0202535 0.0195006 0.0186786 0.017798 0.0168697 0.015905 0.0149151 0.0139112 0.0129038 0.0119033 0.0109189 0.00995938 0.00903226 0.00814412 0.00730041 0.00650545 0.00576243 0.00507346 0.0044396 0.00386098 0.00333685 0.00286572 0.00244547 0.00207345 0.00174665 0.00146174 0.00121524 0.0010036 0.000823283 0.000670819 0.000542902 0.000436414 0.000348463 0.000276411 0.00021788 0.000170764 0.000133219 0.000103661 8.07539e-05 6.33935e-05 5.06975e-05 4.19911e-05 3.68052e-05 
4.49607e-05 4.64625e-05 5.20442e-05 6.20459e-05 7.70352e-05 9.78291e-05 0.000125507 0.000161427 0.000207242 0.000264914 0.00033673 0.000425308 0.000533602 0.000664889 0.000822759 0.00101108 0.00123395 0.00149565 0.00180054 0.00215301 0.00255731 0.00301748 0.00353721 0.00411966 0.00476735 0.00548201 0.00626443 0.00711433 0.00803025 0.00900946 0.0100479 0.0111401 0.0122794 0.0134575 0.0146651 0.0158917 0.0171256 0.0183546 0.0195656 0.0207452 0.0218798 0.0229558 0.0239601 0.0248802 0.0257041 0.0264213 0.0270223 0.027499 0.0278452 0.0280561 0.0281289 0.0280626 0.0278582 0.0275185 0.0270482 0.0264534 0.0257423 0.0249243 0.0240099 0.023011 0.02194 0.0208102 0.0196349 0.0184278 0.0172023 0.0159712 0.0147469 0.013541 0.012364 0.0112252 0.0101328 0.00909359 0.00811298 0.00719509 0.00634267 0.00555724 0.00483913 0.00418764 0.00360109 0.00307706 0.00261243 0.00220362 0.00184664 0.0015373 0.00127129 0.00104427 0.000852027 0.00069048 0.000555788 0.000444373 0.000352961 0.000278595 0.000218645 0.000170809 0.000133101 0.000103844 8.16488e-05 6.54054e-05 5.42633e-05 4.76306e-05 
5.81394e-05 6.00911e-05 6.72723e-05 8.01139e-05 9.93337e-05 0.000125963 0.000161363 0.000207242 0.000265675 0.000339123 0.000430443 0.000542901 0.00068017 0.000846317 0.00104578 0.00128332 0.00156397 0.00189296 0.00227562 0.00271723 0.00322293 0.00379755 0.00444544 0.00517031 0.00597503 0.00686148 0.00783039 0.00888115 0.0100117 0.0112185 0.0124964 0.0138384 0.0152361 0.0166794 0.0181568 0.0196554 0.0211611 0.0226589 0.0241331 0.0255674 0.0269456 0.0282515 0.0294692 0.0305838 0.0315812 0.0324488 0.0331754 0.0337513 0.0341692 0.0344235 0.0345108 0.0344301 0.0341823 0.033771 0.0332014 0.0324813 0.03162 0.0306287 0.0295201 0.0283081 0.0270078 0.0256348 0.0242054 0.0227357 0.021242 0.0197398 0.0182442 0.0167691 0.0153275 0.0139309 0.0125893 0.0113111 0.0101033 0.00897108 0.007918 0.00694619 0.0060563 0.00524768 0.00451854 0.00386606 0.00328663 0.00277599 0.00232938 0.00194176 0.0016079 0.00132254 0.0010805 0.000876798 0.000706696 0.000565778 0.000449987 0.000355651 0.000279495 0.000218646 0.000170619 0.000133312 0.000104983 8.4235e-05 6.99989e-05 6.15292e-05 
7.48578e-05 7.73811e-05 8.65787e-05 0.000102994 0.000127531 0.000161486 0.000206567 0.000264914 0.000339123 0.000432262 0.00054789 0.000690062 0.000863325 0.0010727 0.00132365 0.00162201 0.00197395 0.00238582 0.00286406 0.00341506 0.00404497 0.00475953 0.00556384 0.0064622 0.00745787 0.00855285 0.00974772 0.0110414 0.0124312 0.0139123 0.0154781 0.0171201 0.0188277 0.0205886 0.0223885 0.0242117 0.0260413 0.027859 0.0296459 0.0313826 0.0330496 0.0346275 0.0360977 0.0374422 0.0386445 0.0396896 0.0405642 0.0412571 0.0417594 0.0420648 0.0421691 0.0420712 0.0417723 0.0412764 0.0405899 0.0397217 0.038683 0.037487 0.0361486 0.0346846 0.0331126 0.0314513 0.0297201 0.0279383 0.0261253 0.0243001 0.0224806 0.0206838 0.0189255 0.0172197 0.0155788 0.0140133 0.0125318 0.0111408 0.00984515 0.00864762 0.00754933 0.00654977 0.00564701 0.00483789 0.00411822 0.00348296 0.00292649 0.00244274 0.00202542 0.00166817 0.00136468 0.00110886 0.000894918 0.00071741 0.000571337 0.000452157 0.000355811 0.000278725 0.000217807 0.000170432 0.000134423 0.000108031 8.99167e-05 7.91452e-05 
9.58434e-05 9.90849e-05 0.000110797 0.000131661 0.000162808 0.000205859 0.000262944 0.00033673 0.000430443 0.00054789 0.000693475 0.000872204 0.00108967 0.00135205 0.00166601 0.00203869 0.00247755 0.00299029 0.00358466 0.00426831 0.00504854 0.00593213 0.00692503 0.00803218 0.00925719 0.0106021 0.0120674 0.0136512 0.0153498 0.0171573 0.0190651 0.0210627 0.023137 0.0252729 0.027453 0.0296585 0.0318686 0.0340617 0.0362151 0.0383057 0.0403102 0.0422057 0.0439702 0.0455825 0.0470233 0.0482747 0.0493212 0.0501499 0.0507503 0.0511148 0.0512388 0.0511208 0.0507624 0.0501682 0.0493457 0.0483054 0.0470602 0.0456258 0.0440198 0.0422617 0.0403724 0.0383741 0.0362895 0.034142 0.0319544 0.0297493 0.0275486 0.0253725 0.0232401 0.0211686 0.019173 0.0172663 0.0154591 0.0137599 0.0121747 0.0107072 0.00935924 0.00813049 0.00701896 0.00602113 0.00513218 0.00434624 0.00365668 0.00305627 0.00253749 0.00209268 0.00171422 0.00139471 0.00112709 0.000904718 0.000721451 0.00057171 0.000450487 0.000353368 0.000276522 0.000216692 0.000171172 0.000137785 0.000114862 0.000101238 
0.00012194 0.000126075 0.000140893 0.000167241 0.000206528 0.000260763 0.000332591 0.000425308 0.000542901 0.000690062 0.000872204 0.00109547 0.0013667 0.0016934 0.00208371 0.00254625 0.00309003 0.00372428 0.00445828 0.00530111 0.00626137 0.00734699 0.00856485 0.00992053 0.011418 0.0130593 0.0148444 0.0167708 0.0188335 0.0210248 0.0233341 0.0257483 0.0282514 0.030825 0.0334482 0.0360981 0.0387501 0.0413784 0.0439559 0.0464553 0.0488493 0.0511109 0.0532141 0.0551344 0.056849 0.0583372 0.059581 0.0605652 0.0612778 0.06171 0.0618565 0.0617155 0.0612888 0.0605818 0.0596032 0.0583652 0.056883 0.0551746 0.0532606 0.0511638 0.0489087 0.0465213 0.0440284 0.0414574 0.0388355 0.0361894 0.0335452 0.0309272 0.0283582 0.025859 0.0234479 0.0211407 0.0189508 0.0168884 0.0149613 0.0131746 0.0115307 0.0100298 0.00866995 0.00744718 0.00635607 0.00538984 0.00454072 0.0038002 0.00315933 0.00260896 0.00213996 0.00174339 0.00141072 0.00113387 0.000905368 0.000718397 0.000566824 0.000445226 0.000348891 0.000273801 0.000216615 0.000174642 0.000145813 0.000128687 
0.000154113 0.00015935 0.000177969 0.000211019 0.000260238 0.000328106 0.000417876 0.000533602 0.00068017 0.000863325 0.00108967 0.0013667 0.0017027 0.00210678 0.00258873 0.00315893 0.00382816 0.00460743 0.00550772 0.00653972 0.00771352 0.00903827 0.0105218 0.0121705 0.0139884 0.0159776 0.0181374 0.0204642 0.0229515 0.0255894 0.0283651 0.0312622 0.0342613 0.0373401 0.0404738 0.0436349 0.0467942 0.0499211 0.0529838 0.0559503 0.0587885 0.061467 0.0639556 0.0662257 0.068251 0.0700077 0.0714749 0.0726352 0.0734748 0.0739835 0.0741552 0.073988 0.0734839 0.0726491 0.0714937 0.0700316 0.0682803 0.0662607 0.0639966 0.0615144 0.0588425 0.0560112 0.0530518 0.0499962 0.0468764 0.0437241 0.0405697 0.0374424 0.0343694 0.0313755 0.0284828 0.0257107 0.0230752 0.0205894 0.018263 0.0161025 0.0141115 0.0122907 0.0106382 0.00914997 0.00781975 0.00663986 0.00560127 0.00469405 0.00390764 0.0032312 0.00265386 0.00216492 0.00175411 0.00141172 0.00112871 0.000896797 0.000708524 0.000557282 0.00043731 0.00034369 0.000272322 0.000219902 0.000183885 0.000162497 
0.000193451 0.000200035 0.000223268 0.000264438 0.000325675 0.000410017 0.00052144 0.000664889 0.000846317 0.0010727 0.00135205 0.0016934 0.00210678 0.0026031 0.00319411 0.00389215 0.00471006 0.00566083 0.00675739 0.0080122 0.00943696 0.0110422 0.0128367 0.0148274 0.0170187 0.0194123 0.0220066 0.0247969 0.0277745 0.0309273 0.0342391 0.0376902 0.0412572 0.0449134 0.0486291 0.0523719 0.0561073 0.0597995 0.0634113 0.0669053 0.0702445 0.0733925 0.0763144 0.0789774 0.0813513 0.0834089 0.0851263 0.0864837 0.0874651 0.0880593 0.0882592 0.0880625 0.0874717 0.0864938 0.0851402 0.083427 0.081374 0.0790051 0.0763476 0.0734317 0.0702903 0.0669581 0.0634714 0.0598674 0.0561831 0.0524557 0.0487208 0.0450128 0.0413639 0.0378036 0.0343584 0.0310517 0.0279029 0.0249282 0.0221397 0.0195457 0.0171514 0.014958 0.0129641 0.0111654 0.00955494 0.00812412 0.00686258 0.00575879 0.00480043 0.00397476 0.0032689 0.00267019 0.00216637 0.00174581 0.00139766 0.00111195 0.000879681 0.000692842 0.000544447 0.000428514 0.00034005 0.000275024 0.00023033 0.0002038 
0.000241164 0.00024938 0.000278166 0.000329093 0.000404755 0.000508842 0.000646179 0.000822759 0.00104578 0.00132365 0.00166601 0.00208371 0.00258873 0.00319411 0.00391376 0.00476234 0.00575494 0.00690681 0.008233 0.00974796 0.0114651 0.0133962 0.0155514 0.0179379 0.0205603 0.0234197 0.0265135 0.0298352 0.0333738 0.0371141 0.0410364 0.045117 0.0493278 0.053637 0.0580095 0.0624074 0.0667904 0.0711166 0.0753431 0.0794267 0.0833248 0.0869956 0.0903995 0.0934989 0.0962595 0.0986505 0.100645 0.10222 0.103358 0.104047 0.104278 0.104049 0.103362 0.102225 0.100652 0.0986609 0.0962733 0.0935167 0.090422 0.0870237 0.083359 0.0794679 0.0753919 0.0711736 0.066856 0.062482 0.0580932 0.0537298 0.0494294 0.045227 0.0411542 0.0372387 0.0335042 0.0299703 0.026652 0.0235602 0.0207013 0.0180781 0.0156893 0.0135306 0.0115947 0.00987178 0.00835015 0.00701657 0.00585679 0.00485594 0.00399895 0.00327088 0.00265725 0.00214423 0.00171889 0.00136933 0.00108475 0.000855516 0.000673219 0.000530637 0.000421733 0.000341622 0.000286538 0.000253853 
0.000298577 0.000308756 0.000344172 0.00040673 0.000499562 0.000627124 0.000795227 0.00101108 0.00128332 0.00162201 0.00203869 0.00254625 0.00315893 0.00389215 0.00476234 0.00578669 0.00698284 0.00836851 0.00996111 0.0117772 0.013832 0.0161388 0.0187085 0.021549 0.0246647 0.0280558 0.0317185 0.0356438 0.0398182 0.0442227 0.0488338 0.0536226 0.058556 0.0635966 0.0687032 0.0738314 0.0789348 0.0839648 0.0888723 0.0936078 0.0981227 0.10237 0.106304 0.109882 0.113067 0.115823 0.118121 0.119934 0.121244 0.122036 0.1223 0.122035 0.121243 0.119934 0.118121 0.115824 0.11307 0.109888 0.106313 0.102383 0.0981419 0.0936336 0.0889057 0.0840067 0.078986 0.0738925 0.0687746 0.0636786 0.0586486 0.0537254 0.0489462 0.0443442 0.0399475 0.0357799 0.03186 0.0282012 0.0248123 0.0216973 0.0188558 0.0162835 0.0139728 0.0119127 0.0100903 0.00849033 0.00709657 0.00589182 0.00485855 0.00397931 0.00323707 0.00261558 0.00209953 0.00167479 0.0013285 0.00104918 0.000826776 0.000652622 0.000519471 0.000421451 0.000354027 0.000314033 
0.000367125 0.000379642 0.000422912 0.000499222 0.000612333 0.000767581 0.000971919 0.00123395 0.00156397 0.00197395 0.00247755 0.00309003 0.00382816 0.00471006 0.00575494 0.00698284 0.00841419 0.0100695 0.0119685 0.0141302 0.0165717 0.0193077 0.0223499 0.0257066 0.0293818 0.0333747 0.0376793 0.0422843 0.0471726 0.0523213 0.0577018 0.0632801 0.069017 0.0748686 0.0807873 0.0867217 0.0926182 0.0984216 0.104076 0.109524 0.114713 0.119587 0.124098 0.128198 0.131843 0.134995 0.13762 0.139691 0.141186 0.142089 0.14239 0.142086 0.141181 0.139683 0.13761 0.134984 0.131832 0.128188 0.124091 0.119583 0.114713 0.109531 0.10409 0.0984441 0.0926505 0.0867647 0.0808417 0.0749351 0.0690957 0.0633711 0.0578047 0.0524354 0.0472971 0.0424179 0.0378207 0.0335221 0.0295337 0.0258611 0.022505 0.0194617 0.0167229 0.014277 0.0121095 0.0102033 0.00854003 0.00709987 0.00586266 0.00480817 0.00391657 0.00316884 0.00254702 0.00203445 0.00161596 0.00127795 0.00100846 0.000797195 0.000635511 0.000516395 0.00043443 0.000385824 
0.000448331 0.000463612 0.00051611 0.000608553 0.000745422 0.000933066 0.00117974 0.00149565 0.00189296 0.00238582 0.00299029 0.00372428 0.00460743 0.00566083 0.00690681 0.00836851 0.0100695 0.012033 0.0142818 0.0168369 0.0197175 0.0229396 0.0265159 0.0304545 0.0347588 0.0394265 0.0444493 0.0498126 0.0554954 0.06147 0.0677023 0.0741522 0.0807739 0.0875164 0.0943246 0.10114 0.107901 0.114545 0.121009 0.12723 0.133146 0.138697 0.143829 0.148487 0.152626 0.156202 0.159178 0.161525 0.163217 0.164239 0.164579 0.164233 0.163206 0.161509 0.159158 0.156178 0.152599 0.14846 0.143801 0.138672 0.133124 0.127213 0.120999 0.114544 0.10791 0.10116 0.0943572 0.0875624 0.0808339 0.0742265 0.0677909 0.0615723 0.0556107 0.0499398 0.0445869 0.0395728 0.0349121 0.0306127 0.0266768 0.0231013 0.0198778 0.016994 0.0144339 0.0121787 0.0102074 0.00849763 0.00702638 0.00577036 0.00470665 0.00381317 0.00306899 0.00245465 0.00195234 0.00154608 0.00122176 0.000967215 0.000772215 0.000628446 0.000529476 0.000470804 
0.000543787 0.000562309 0.000625564 0.000736785 0.000901271 0.00112652 0.00142228 0.00180054 0.00227562 0.00286406 0.00358466 0.00445828 0.00550772 0.00675739 0.008233 0.00996111 0.0119685 0.0142818 0.0169263 0.0199256 0.0233006 0.027069 0.0312436 0.0358326 0.0408382 0.0462562 0.0520753 0.0582773 0.0648363 0.0717192 0.0788857 0.0862889 0.0938755 0.101587 0.10936 0.117128 0.124823 0.132372 0.139705 0.146752 0.153446 0.159719 0.16551 0.170763 0.175425 0.179449 0.182797 0.185434 0.187336 0.188482 0.188863 0.188473 0.187318 0.185409 0.182764 0.17941 0.175381 0.170715 0.165461 0.159669 0.153398 0.146709 0.139667 0.132342 0.124803 0.11712 0.109366 0.101607 0.0939115 0.0863413 0.0789547 0.0718047 0.0649376 0.0583935 0.052205 0.0463976 0.0409895 0.0359915 0.0314078 0.0272361 0.0234684 0.0200917 0.0170887 0.0144386 0.0121182 0.0101023 0.00836458 0.00687864 0.00561818 0.00455775 0.00367315 0.00294179 0.00234294 0.00185793 0.00147025 0.00116562 0.000932025 0.000759667 0.000640968 0.000570619 
0.000655127 0.000677417 0.000753113 0.000886018 0.00108236 0.00135093 0.00170313 0.00215301 0.00271723 0.00341506 0.00426831 0.00530111 0.00653972 0.0080122 0.00974796 0.0117772 0.0141302 0.0168369 0.0199256 0.0234222 0.0273496 0.0317264 0.036566 0.0418758 0.0476565 0.0539015 0.0605959 0.067717 0.0752337 0.0831064 0.0912881 0.0997241 0.108353 0.117108 0.125918 0.134707 0.143397 0.15191 0.160167 0.16809 0.175604 0.182638 0.189124 0.195 0.20021 0.204704 0.20844 0.211381 0.2135 0.214777 0.215199 0.214764 0.213476 0.211345 0.208394 0.204649 0.200147 0.194931 0.18905 0.182561 0.175527 0.168015 0.160097 0.151847 0.143344 0.134666 0.125891 0.117097 0.10836 0.099749 0.0913321 0.0831697 0.0753158 0.0678173 0.060713 0.0540337 0.0478019 0.042032 0.0367305 0.0318966 0.0275228 0.0235958 0.0200971 0.0170041 0.0142911 0.0119301 0.00989148 0.00814532 0.00666171 0.00541155 0.00436705 0.00350219 0.00279301 0.00221784 0.00175751 0.00139538 0.00111741 0.000912156 0.000770744 0.000686953 
0.000783991 0.000810628 0.000900599 0.00105835 0.00129114 0.00160921 0.00202584 0.00255731 0.00322293 0.00404497 0.00504854 0.00626137 0.00771352 0.00943696 0.0114651 0.013832 0.0165717 0.0197175 0.0233006 0.0273496 0.0318889 0.036938 0.0425102 0.0486122 0.0552423 0.0623909 0.0700391 0.0781588 0.0867127 0.0956544 0.104929 0.114473 0.124218 0.134086 0.143998 0.153869 0.163612 0.17314 0.182367 0.191207 0.19958 0.207407 0.214615 0.221138 0.226916 0.231895 0.236031 0.239285 0.241628 0.243039 0.243505 0.243023 0.241596 0.239239 0.235971 0.231823 0.226832 0.221045 0.214514 0.207301 0.199472 0.191099 0.182262 0.173041 0.163522 0.15379 0.143934 0.134039 0.12419 0.114466 0.104943 0.09569 0.0867704 0.078238 0.0701387 0.0625094 0.0553776 0.0487618 0.0426716 0.0371081 0.0320649 0.0275285 0.0234795 0.0198937 0.0167429 0.013996 0.0116203 0.0095819 0.00784717 0.00638306 0.00515791 0.00414193 0.00330762 0.00263004 0.00208705 0.0016594 0.00133082 0.001088 0.000920642 0.000821498 
0.000931983 0.000963595 0.00106982 0.00125581 0.00152998 0.00190419 0.00239377 0.00301748 0.00379755 0.00475953 0.00593213 0.00734699 0.00903827 0.0110422 0.0133962 0.0161388 0.0193077 0.0229396 0.027069 0.0317264 0.036938 0.0427237 0.0490967 0.0560618 0.063615 0.0717426 0.080421 0.089616 0.0992834 0.109369 0.119809 0.130532 0.141459 0.152503 0.163575 0.17458 0.185424 0.196011 0.206246 0.216037 0.225296 0.23394 0.24189 0.249076 0.255434 0.260909 0.265452 0.269024 0.271595 0.273142 0.273653 0.273123 0.271557 0.268968 0.265378 0.260819 0.255329 0.248958 0.241762 0.233803 0.225155 0.215894 0.206103 0.195873 0.185294 0.174461 0.163469 0.152415 0.14139 0.130486 0.119787 0.109371 0.099311 0.0896686 0.0804979 0.0718423 0.0637355 0.0562006 0.0492511 0.0428905 0.0371139 0.0319082 0.0272533 0.0231234 0.019488 0.0163132 0.0135626 0.0111986 0.00918353 0.00748004 0.00605236 0.00486664 0.00389152 0.00309851 0.00246221 0.00196048 0.0015746 0.00128923 0.00109245 0.000975903 
0.00110063 0.00113789 0.00126247 0.00148031 0.00180111 0.00223849 0.00281001 0.00353721 0.00444544 0.00556384 0.00692503 0.00856485 0.0105218 0.0128367 0.0155514 0.0187085 0.0223499 0.0265159 0.0312436 0.036566 0.0425102 0.0490967 0.0563374 0.0642353 0.072783 0.0819623 0.0917438 0.102087 0.112939 0.124237 0.135909 0.147873 0.16004 0.172314 0.184595 0.196779 0.208763 0.220441 0.231712 0.242477 0.252641 0.262115 0.270818 0.278675 0.28562 0.291593 0.296546 0.300438 0.303237 0.304921 0.305476 0.304898 0.303192 0.30037 0.296458 0.291485 0.285493 0.278533 0.270662 0.261947 0.252464 0.242295 0.231529 0.220261 0.208588 0.196615 0.184444 0.172181 0.159928 0.147784 0.135846 0.124201 0.112931 0.102107 0.0917927 0.0820381 0.0728839 0.0643589 0.0564807 0.0492564 0.0426829 0.0367478 0.031431 0.0267053 0.022538 0.0188922 0.0157281 0.0130042 0.0106785 0.00870924 0.00705625 0.00568133 0.004549 0.00362687 0.00288601 0.00230119 0.00185095 0.00151773 0.00128786 0.00115173 
0.00129132 0.00133493 0.00148008 0.00173358 0.0021065 0.00261439 0.00327728 0.00411966 0.00517031 0.0064622 0.00803218 0.00992053 0.0121705 0.0148274 0.0179379 0.021549 0.0257066 0.0304545 0.0358326 0.0418758 0.0486122 0.0560618 0.0642353 0.0731329 0.0827431 0.0930425 0.103995 0.115552 0.127653 0.140226 0.153188 0.166447 0.179903 0.19345 0.206978 0.220374 0.233523 0.246315 0.258638 0.270388 0.281465 0.291774 0.301232 0.309759 0.317287 0.323756 0.329115 0.333323 0.336348 0.338167 0.338766 0.338141 0.336296 0.333246 0.329013 0.323631 0.31714 0.309592 0.301048 0.291575 0.281254 0.270169 0.258415 0.246091 0.233303 0.220162 0.206779 0.193269 0.179742 0.166311 0.153079 0.140147 0.127605 0.115536 0.104011 0.0930893 0.0828195 0.0732365 0.0643632 0.0562105 0.048778 0.0420547 0.0360205 0.0306473 0.0259006 0.0217406 0.018124 0.0150053 0.0123381 0.0100761 0.00817435 0.00659019 0.00528365 0.0042182 0.00336112 0.00268378 0.0021618 0.0017752 0.00150839 0.00135041 
0.00150526 0.00155597 0.001724 0.00201708 0.0024478 0.0030338 0.00379777 0.00476735 0.00597503 0.00745787 0.00925719 0.011418 0.0139884 0.0170187 0.0205603 0.0246647 0.0293818 0.0347588 0.0408382 0.0476565 0.0552423 0.063615 0.072783 0.0827431 0.0934791 0.104961 0.117146 0.129977 0.143384 0.157284 0.171584 0.186181 0.200964 0.215816 0.230616 0.245243 0.259573 0.273487 0.286867 0.299602 0.311588 0.322726 0.332929 0.342116 0.350217 0.357171 0.362928 0.367444 0.370689 0.372639 0.373281 0.37261 0.370631 0.367358 0.362814 0.357031 0.350051 0.341927 0.332718 0.322497 0.311343 0.299346 0.286603 0.27322 0.259307 0.244983 0.230368 0.215583 0.200751 0.185993 0.171425 0.157156 0.14329 0.129919 0.117124 0.104974 0.0935261 0.0828221 0.0728911 0.0637486 0.0553976 0.0478291 0.0410237 0.0349526 0.0295797 0.0248626 0.0207546 0.0172062 0.0141664 0.0115843 0.00941016 0.00759634 0.00609825 0.00487495 0.00388966 0.00311011 0.00250879 0.00206308 0.00175534 0.00157317 
0.0017434 0.00180197 0.00199523 0.00233194 0.00282627 0.00349813 0.00437302 0.00548201 0.00686148 0.00855285 0.0106021 0.0130593 0.0159776 0.0194123 0.0234197 0.0280558 0.0333747 0.0394265 0.0462562 0.0539015 0.0623909 0.0717426 0.0819623 0.0930425 0.104961 0.117682 0.131153 0.145309 0.160067 0.175337 0.191011 0.206977 0.223112 0.239289 0.255375 0.27124 0.286753 0.301784 0.316213 0.32992 0.342799 0.354748 0.365678 0.375505 0.384161 0.391583 0.397721 0.402534 0.405989 0.408065 0.408748 0.408033 0.405926 0.40244 0.397596 0.391429 0.383978 0.375296 0.365443 0.354492 0.342523 0.329629 0.31591 0.301475 0.286441 0.270932 0.255076 0.239003 0.222846 0.206736 0.190799 0.175157 0.159924 0.145204 0.131088 0.117656 0.104974 0.0930922 0.0820461 0.071857 0.0625318 0.0540643 0.0464361 0.0396186 0.0335742 0.0282582 0.0236207 0.0196081 0.0161651 0.0132359 0.0107656 0.00870166 0.00699457 0.00559875 0.0044731 0.00358151 0.0028931 0.00238246 0.00202974 0.00182096 
0.0020064 0.00207361 0.00229449 0.00267887 0.00324267 0.00400815 0.00500386 0.00626443 0.00783039 0.00974772 0.0120674 0.0148444 0.0181374 0.0220066 0.0265135 0.0317185 0.0376793 0.0444493 0.0520753 0.0605959 0.0700391 0.080421 0.0917438 0.103995 0.117146 0.131153 0.145955 0.161475 0.177622 0.194291 0.211366 0.22872 0.246219 0.263725 0.281097 0.298194 0.314876 0.331008 0.346463 0.361119 0.374863 0.387595 0.399221 0.409661 0.418844 0.42671 0.433209 0.4383 0.441954 0.444148 0.444869 0.444114 0.441887 0.4382 0.433076 0.426545 0.418648 0.409435 0.398967 0.387314 0.374559 0.360795 0.346124 0.330658 0.31452 0.297838 0.280747 0.263387 0.245899 0.228423 0.211098 0.194058 0.177426 0.16132 0.145843 0.131085 0.117121 0.104011 0.091799 0.080512 0.0701618 0.0607455 0.0522466 0.044637 0.0378781 0.0319233 0.0267196 0.0222096 0.0183335 0.0150305 0.0122408 0.0099066 0.00797323 0.00639029 0.00511218 0.00409871 0.00331546 0.00273404 0.00233226 0.00209445 
0.00229454 0.00237117 0.00262204 0.00305813 0.00369717 0.00456396 0.00569021 0.00711433 0.00888115 0.0110414 0.0136512 0.0167708 0.0204642 0.0247969 0.0298352 0.0356438 0.0422843 0.0498126 0.0582773 0.067717 0.0781588 0.089616 0.102087 0.115552 0.129977 0.145309 0.161475 0.17839 0.195949 0.214036 0.232523 0.25127 0.270132 0.28896 0.307603 0.325911 0.343736 0.360939 0.377386 0.392953 0.407525 0.420999 0.433285 0.4443 0.453976 0.462255 0.469088 0.474437 0.478273 0.480576 0.481333 0.480541 0.478203 0.474332 0.468949 0.462082 0.453769 0.44406 0.433013 0.420699 0.407197 0.392601 0.377014 0.360552 0.343339 0.325509 0.307204 0.28857 0.269758 0.250917 0.232199 0.213746 0.195698 0.178181 0.161312 0.145193 0.129909 0.115531 0.102109 0.0896797 0.0782595 0.0678498 0.0584367 0.049993 0.0424799 0.035849 0.0300446 0.0250056 0.0206678 0.0169657 0.0138341 0.01121 0.00903351 0.0072492 0.00580675 0.00466173 0.00377599 0.00311802 0.00266313 0.00239392 
0.00260771 0.00269452 0.0029777 0.00346942 0.00418933 0.00516487 0.00643106 0.00803025 0.0100117 0.0124312 0.0153498 0.0188335 0.0229515 0.0277745 0.0333738 0.0398182 0.0471726 0.0554954 0.0648363 0.0752337 0.0867127 0.0992834 0.112939 0.127653 0.143384 0.160067 0.177622 0.195949 0.214933 0.234444 0.254341 0.274473 0.294683 0.314811 0.334697 0.354181 0.373112 0.391342 0.408735 0.425164 0.440515 0.454683 0.46758 0.479126 0.489254 0.497908 0.505045 0.510626 0.514627 0.517028 0.517817 0.516992 0.514556 0.51052 0.504903 0.497731 0.489041 0.478877 0.467297 0.454368 0.440168 0.424789 0.408335 0.390922 0.372678 0.353738 0.334252 0.314371 0.294256 0.274065 0.25396 0.234097 0.214625 0.195685 0.177406 0.159902 0.14327 0.12759 0.112925 0.099316 0.0867877 0.0753462 0.0649806 0.0556656 0.0473624 0.0400215 0.0335846 0.0279874 0.0231613 0.0190361 0.0155414 0.0126089 0.0101733 0.00817393 0.00655573 0.00526982 0.00427419 0.00353405 0.00302214 0.00271921 
0.00294532 0.00304304 0.00336074 0.00391183 0.00471798 0.00580933 0.00722435 0.00900946 0.0112185 0.0139123 0.0171573 0.0210248 0.0255894 0.0309273 0.0371141 0.0442227 0.0523213 0.06147 0.0717192 0.0831064 0.0956544 0.109369 0.124237 0.140226 0.157284 0.175337 0.194291 0.214036 0.234444 0.255371 0.276664 0.298159 0.319689 0.341082 0.362169 0.382784 0.402768 0.421971 0.440253 0.457486 0.473557 0.488362 0.501815 0.51384 0.524372 0.533362 0.540766 0.546553 0.550698 0.553184 0.554002 0.553149 0.550628 0.546448 0.540625 0.533184 0.524158 0.513588 0.501526 0.488037 0.473197 0.457094 0.439832 0.421525 0.402302 0.382304 0.361682 0.340596 0.319211 0.297699 0.276228 0.254967 0.234079 0.213716 0.19402 0.175119 0.157121 0.140119 0.124184 0.109367 0.0957005 0.0831955 0.0718454 0.0616272 0.0525028 0.0444219 0.0373244 0.0311426 0.0258042 0.021234 0.0173568 0.0140986 0.0113888 0.00916165 0.00735697 0.00592137 0.00480883 0.00398121 0.00340855 0.00306968 
0.00330628 0.0034156 0.00376988 0.00438384 0.00528118 0.00649489 0.00806693 0.0100479 0.0124964 0.0154781 0.0190651 0.0233341 0.0283651 0.0342391 0.0410364 0.0488338 0.0577018 0.0677023 0.0788857 0.0912881 0.104929 0.119809 0.135909 0.153188 0.171584 0.191011 0.211366 0.232523 0.254341 0.276664 0.299325 0.32215 0.344957 0.367568 0.389803 0.41149 0.432466 0.452577 0.471681 0.489652 0.506375 0.521753 0.535701 0.548147 0.559033 0.568312 0.575946 0.581907 0.586174 0.588733 0.589576 0.5887 0.586107 0.581805 0.575809 0.568138 0.558822 0.547897 0.535412 0.521425 0.506009 0.489249 0.471245 0.45211 0.431974 0.410979 0.389279 0.36704 0.344433 0.321638 0.298835 0.276204 0.253919 0.232145 0.211039 0.19074 0.17137 0.153034 0.135814 0.11977 0.104943 0.0913507 0.078991 0.0678438 0.0578725 0.0490265 0.0412443 0.0344553 0.0285833 0.0235489 0.0192716 0.0156722 0.0126749 0.0102082 0.00820724 0.00661384 0.00537794 0.00445791 0.00382104 0.00344421 
0.00368897 0.00381052 0.00420326 0.00488323 0.00587623 0.00721813 0.0089545 0.0111401 0.0138384 0.0171201 0.0210627 0.0257483 0.0312622 0.0376902 0.045117 0.0536226 0.0632801 0.0741522 0.0862889 0.0997241 0.114473 0.130532 0.147873 0.166447 0.186181 0.206977 0.22872 0.25127 0.274473 0.298159 0.32215 0.346256 0.370289 0.394058 0.417377 0.440069 0.461965 0.48291 0.502762 0.521396 0.5387 0.554581 0.568957 0.581764 0.592949 0.602469 0.610292 0.616396 0.620762 0.62338 0.624243 0.623349 0.6207 0.6163 0.610163 0.602304 0.592746 0.581522 0.568675 0.554257 0.538335 0.52099 0.502318 0.48243 0.461454 0.439533 0.416823 0.393494 0.369723 0.345698 0.321609 0.297646 0.273995 0.250836 0.228337 0.206651 0.185915 0.166244 0.147733 0.130453 0.114453 0.0997577 0.0863706 0.0742755 0.0634376 0.0538069 0.0453204 0.0379055 0.0314824 0.0259674 0.0212752 0.0173213 0.0140245 0.0113082 0.00910217 0.00734379 0.00597874 0.00496191 0.00425773 0.00384109 
0.00409125 0.00422558 0.0046584 0.0054071 0.00649962 0.00797473 0.00988163 0.0122794 0.0152361 0.0188277 0.023137 0.0282514 0.0342613 0.0412572 0.0493278 0.058556 0.069017 0.0807739 0.0938755 0.108353 0.124218 0.141459 0.16004 0.179903 0.200964 0.223112 0.246219 0.270132 0.294683 0.319689 0.344957 0.370289 0.395484 0.420342 0.444673 0.468293 0.491031 0.51273 0.53325 0.552467 0.570276 0.586585 0.601322 0.614426 0.625852 0.635564 0.643536 0.649749 0.654191 0.656854 0.657733 0.656826 0.654134 0.649662 0.643417 0.635411 0.625663 0.614198 0.601052 0.586272 0.569918 0.552065 0.532805 0.512244 0.490508 0.467739 0.444095 0.419748 0.394881 0.369689 0.34437 0.319125 0.294152 0.269644 0.245781 0.222732 0.200645 0.17965 0.159854 0.141338 0.124161 0.108355 0.0939314 0.0808767 0.0691592 0.0587298 0.0495249 0.04147 0.0344822 0.0284736 0.0233545 0.0190352 0.0154292 0.0124546 0.0100363 0.0081068 0.00660769 0.00549026 0.00471611 0.00425807 
0.00451039 0.00465797 0.00513221 0.00595186 0.00714701 0.00875937 0.0108418 0.0134575 0.0166794 0.0205886 0.0252729 0.030825 0.0373401 0.0449134 0.053637 0.0635966 0.0748686 0.0875164 0.101587 0.117108 0.134086 0.152503 0.172314 0.19345 0.215816 0.239289 0.263725 0.28896 0.314811 0.341082 0.367568 0.394058 0.420342 0.446215 0.471478 0.495943 0.519438 0.541806 0.56291 0.58263 0.600863 0.617526 0.632553 0.645891 0.657501 0.667355 0.675434 0.681724 0.686218 0.688912 0.689802 0.688888 0.68617 0.681649 0.675329 0.667219 0.65733 0.645681 0.632301 0.61723 0.600519 0.582239 0.562472 0.541322 0.518911 0.495378 0.470882 0.445597 0.41971 0.393422 0.366939 0.340472 0.314231 0.28842 0.263234 0.238855 0.215445 0.193147 0.172081 0.15234 0.133991 0.117078 0.101615 0.0875968 0.0749936 0.0637579 0.0538262 0.0451221 0.0375602 0.0310491 0.0254942 0.0208014 0.0168788 0.0136394 0.011003 0.00889753 0.00726041 0.00603933 0.00519305 0.00469234 
0.00494317 0.00510434 0.00562101 0.00651326 0.00781334 0.00956587 0.0118273 0.0146651 0.0181568 0.0223885 0.027453 0.0334482 0.0404738 0.0486291 0.0580095 0.0687032 0.0807873 0.0943246 0.10936 0.125918 0.143998 0.163575 0.184595 0.206978 0.230616 0.255375 0.281097 0.307603 0.334697 0.362169 0.389803 0.417377 0.444673 0.471478 0.497586 0.52281 0.546975 0.569926 0.591529 0.611667 0.630246 0.647189 0.662436 0.675945 0.687683 0.697631 0.705776 0.712112 0.716636 0.719347 0.720244 0.719327 0.716597 0.71205 0.705689 0.697515 0.687534 0.675758 0.662208 0.646915 0.629924 0.611294 0.591104 0.569451 0.546452 0.522242 0.496981 0.470842 0.444017 0.416711 0.389137 0.361517 0.33407 0.307013 0.280555 0.25489 0.230194 0.206626 0.184315 0.163368 0.143864 0.125853 0.109359 0.0943811 0.0808934 0.0688505 0.0581892 0.0488323 0.0406918 0.033673 0.0276773 0.0226058 0.0183617 0.014853 0.0119946 0.00970977 0.00793179 0.00660486 0.00568487 0.00514054 
0.00538583 0.00556084 0.00612055 0.00708642 0.0084928 0.0103872 0.0128296 0.0158917 0.0196554 0.0242117 0.0296585 0.0360981 0.0436349 0.0523719 0.0624074 0.0738314 0.0867217 0.10114 0.117128 0.134707 0.153869 0.17458 0.196779 0.220374 0.245243 0.27124 0.298194 0.325911 0.354181 0.382784 0.41149 0.440069 0.468293 0.495943 0.52281 0.548704 0.573451 0.596897 0.618913 0.639389 0.658236 0.675385 0.690787 0.704406 0.716219 0.726215 0.734389 0.740741 0.745272 0.747987 0.748888 0.747974 0.745243 0.740694 0.734321 0.726122 0.716096 0.704247 0.690588 0.67514 0.657941 0.63904 0.61851 0.596438 0.572937 0.54814 0.522201 0.495297 0.467619 0.439378 0.410794 0.382095 0.353513 0.325275 0.297603 0.270705 0.244772 0.219972 0.196453 0.174331 0.153695 0.134607 0.117097 0.101171 0.0868077 0.0739635 0.0625763 0.0525683 0.0438496 0.0363225 0.0298847 0.0244327 0.0198651 0.016085 0.0130025 0.0105364 0.00861601 0.00718193 0.00618728 0.00559878 
0.00583417 0.00602311 0.00662609 0.0076659 0.00917896 0.0112156 0.0138393 0.0171256 0.0211611 0.0260413 0.0318686 0.0387501 0.0467942 0.0561073 0.0667904 0.0789348 0.0926182 0.107901 0.124823 0.143397 0.163612 0.185424 0.208763 0.233523 0.259573 0.286753 0.314876 0.343736 0.373112 0.402768 0.432466 0.461965 0.491031 0.519438 0.546975 0.573451 0.598692 0.622549 0.644897 0.665631 0.684673 0.701961 0.717454 0.731126 0.742965 0.752967 0.761134 0.767474 0.771994 0.774702 0.775601 0.774694 0.771977 0.767444 0.761088 0.7529 0.742871 0.730999 0.717287 0.701749 0.68441 0.665313 0.644519 0.622112 0.598195 0.572897 0.54637 0.518788 0.490346 0.461256 0.431744 0.402048 0.372407 0.34306 0.314241 0.286171 0.259055 0.233075 0.208391 0.185132 0.163399 0.143262 0.124761 0.107907 0.0926832 0.0790505 0.0669474 0.0562959 0.0470046 0.0389732 0.0320959 0.0262651 0.0213749 0.0173238 0.0140172 0.0113698 0.0093066 0.00776509 0.00669555 0.00606273 
0.00628358 0.0064864 0.00713245 0.00824577 0.00986482 0.0120427 0.0148461 0.0183546 0.0226589 0.027859 0.0340617 0.0413784 0.0499211 0.0597995 0.0711166 0.0839648 0.0984216 0.114545 0.132372 0.15191 0.17314 0.196011 0.220441 0.246315 0.273487 0.301784 0.331008 0.360939 0.391342 0.421971 0.452577 0.48291 0.51273 0.541806 0.569926 0.596897 0.622549 0.646736 0.669338 0.690259 0.709426 0.726789 0.742317 0.755992 0.767812 0.777781 0.785911 0.792215 0.796706 0.799396 0.800292 0.799394 0.796701 0.792203 0.785888 0.777742 0.767749 0.755899 0.742186 0.726614 0.709199 0.689974 0.668992 0.646326 0.622075 0.59636 0.569331 0.541159 0.51204 0.482188 0.451835 0.421225 0.390605 0.360226 0.330333 0.301159 0.272924 0.245822 0.220026 0.195677 0.172889 0.15174 0.132279 0.114525 0.098465 0.0840635 0.0712609 0.0599792 0.0501263 0.0415992 0.0342892 0.0280849 0.0228761 0.018557 0.0150286 0.0122013 0.00999655 0.00834838 0.00720446 0.00652761 
0.00672911 0.00694564 0.00763408 0.00881972 0.010543 0.0128595 0.0158393 0.0195656 0.0241331 0.0296459 0.0362151 0.0439559 0.0529838 0.0634113 0.0753431 0.0888723 0.104076 0.121009 0.139705 0.160167 0.182367 0.206246 0.231712 0.258638 0.286867 0.316213 0.346463 0.377386 0.408735 0.440253 0.471681 0.502762 0.53325 0.56291 0.591529 0.618913 0.644897 0.669338 0.692123 0.713163 0.732395 0.749778 0.765289 0.778923 0.790685 0.800589 0.808655 0.814902 0.81935 0.822013 0.822902 0.822018 0.819357 0.814909 0.808656 0.800579 0.790656 0.778867 0.765198 0.749642 0.732208 0.712917 0.691813 0.66896 0.64445 0.618398 0.590948 0.562271 0.53256 0.502034 0.470926 0.439486 0.40797 0.37664 0.345751 0.315548 0.286262 0.258103 0.231255 0.205872 0.182078 0.159962 0.139582 0.120962 0.104097 0.0889536 0.0754741 0.0635816 0.053183 0.0441737 0.036442 0.0298732 0.024353 0.0197716 0.0160259 0.0130222 0.0106784 0.00892548 0.00770845 0.00698834 
