1.31288e-09 1.38578e-09 1.906e-09 3.01877e-09 5.01788e-09 8.40655e-09 1.3993e-08 2.30339e-08 3.74411e-08 6.00705e-08 9.51177e-08 1.48645e-07 2.29272e-07 3.4905e-07 5.24558e-07 7.78218e-07 1.13985e-06 1.64844e-06 2.35403e-06 3.31977e-06 4.62384e-06 6.36116e-06 8.64472e-06 1.16062e-05 1.53954e-05 2.0179e-05 2.6137e-05 3.34578e-05 4.23317e-05 5.29423e-05 6.54555e-05 8.00088e-05 9.66983e-05 0.000115566 0.000136591 0.000159674 0.000184637 0.000211215 0.000239059 0.000267743 0.000296769 0.000325586 0.000353604 0.000380219 0.000404826 0.000426851 0.000445764 0.000461103 0.000472485 0.000479627 0.000482349 0.000480583 0.000474376 0.000463887 0.000449382 0.000431223 0.000409861 0.000385812 0.000359644 0.000331953 0.000303345 0.000274411 0.000245707 0.000217738 0.000190943 0.000165684 0.00014224 0.000120804 0.00010149 8.43349e-05 6.93108e-05 5.63338e-05 4.52769e-05 3.59825e-05 2.82737e-05 2.19642e-05 1.68678e-05 1.2805e-05 9.60823e-06 7.12558e-06 5.22246e-06 3.78247e-06 2.70701e-06 1.91419e-06 1.3373e-06 9.22984e-07 6.29289e-07 4.2381e-07 2.81924e-07 1.85229e-07 1.20194e-07 7.70265e-08 4.87499e-08 3.04718e-08 1.88148e-08 1.14831e-08 6.94222e-09 4.18491e-09 2.56597e-09 1.69002e-09 
1.38578e-09 1.46437e-09 2.02026e-09 3.21015e-09 5.35123e-09 8.98752e-09 1.49941e-08 2.47341e-08 4.02844e-08 6.47525e-08 1.0271e-07 1.60772e-07 2.48353e-07 3.78633e-07 5.69756e-07 8.46287e-07 1.24091e-06 1.79638e-06 2.56761e-06 3.62391e-06 5.0511e-06 6.9534e-06 9.45488e-06 1.27e-05 1.68535e-05 2.20979e-05 2.86308e-05 3.66588e-05 4.63904e-05 5.80264e-05 7.17485e-05 8.77065e-05 0.000106005 0.000126689 0.000149733 0.000175029 0.00020238 0.000231494 0.000261988 0.000293393 0.000325166 0.000356701 0.000387355 0.000416465 0.000443374 0.000467451 0.000488121 0.000504879 0.000517309 0.000525102 0.000528062 0.000526117 0.000519317 0.000507836 0.000491964 0.000472097 0.000448725 0.000422413 0.000393779 0.000363477 0.000332167 0.000300496 0.000269073 0.000238451 0.000209111 0.000181448 0.00015577 0.00013229 0.000111133 9.23395e-05 7.58801e-05 6.16633e-05 4.95506e-05 3.93694e-05 3.0926e-05 2.40164e-05 1.84365e-05 1.39894e-05 1.04915e-05 7.77601e-06 5.69538e-06 4.12193e-06 2.94751e-06 2.08236e-06 1.45334e-06 1.00198e-06 6.82344e-07 4.58955e-07 3.04883e-07 2.00019e-07 1.29587e-07 8.29071e-08 5.23784e-08 3.26783e-08 2.01369e-08 1.2264e-08 7.3975e-09 4.44833e-09 2.72008e-09 1.78665e-09 
1.906e-09 2.02026e-09 2.79304e-09 4.44165e-09 7.40464e-09 1.24328e-08 2.07324e-08 3.41797e-08 5.56292e-08 8.93455e-08 1.41591e-07 2.21411e-07 3.41651e-07 5.20256e-07 7.81873e-07 1.15978e-06 1.69816e-06 2.45462e-06 3.50297e-06 4.93604e-06 6.86844e-06 9.43891e-06 1.2812e-05 1.71787e-05 2.27557e-05 2.97825e-05 3.85171e-05 4.92278e-05 6.2184e-05 7.76434e-05 9.58369e-05 0.000116952 0.000141117 0.000168381 0.000198699 0.000231921 0.000267779 0.000305886 0.000345738 0.000386719 0.000428122 0.000469161 0.000509003 0.000546794 0.000581688 0.00061288 0.000639629 0.000661291 0.000677339 0.000687376 0.000691155 0.000688585 0.000679732 0.000664817 0.000644213 0.000618427 0.000588085 0.000553912 0.000516702 0.000477296 0.000436544 0.000395281 0.000354298 0.000314313 0.000275952 0.000239737 0.000206072 0.000175243 0.000147419 0.000122665 0.000100948 8.21578e-05 6.61202e-05 5.26158e-05 4.13958e-05 3.21972e-05 2.4755e-05 1.88128e-05 1.41302e-05 1.04885e-05 7.69323e-06 5.57566e-06 3.99244e-06 2.82423e-06 1.97354e-06 1.3622e-06 9.28652e-07 6.25251e-07 4.15736e-07 2.72971e-07 1.76982e-07 1.13303e-07 7.16214e-08 4.47044e-08 2.75577e-08 1.67882e-08 1.01286e-08 6.09193e-09 3.7267e-09 2.45058e-09 
3.01877e-09 3.21015e-09 4.44165e-09 7.05651e-09 1.17442e-08 1.96815e-08 3.27539e-08 5.38857e-08 8.75131e-08 1.40242e-07 2.21744e-07 3.45935e-07 5.32516e-07 8.08903e-07 1.21261e-06 1.79409e-06 2.62004e-06 3.77708e-06 5.37571e-06 7.55427e-06 1.04828e-05 1.4366e-05 1.94458e-05 2.60011e-05 3.4347e-05 4.48297e-05 5.78195e-05 7.36994e-05 9.28507e-05 0.000115634 0.00014237 0.000173312 0.000208626 0.000248363 0.00029244 0.00034062 0.000392502 0.000447515 0.000504926 0.000563847 0.000623261 0.00068205 0.000739032 0.000792998 0.000842756 0.000887175 0.000925219 0.000955987 0.000978742 0.000992936 0.000998225 0.000994483 0.000981805 0.000960502 0.000931095 0.000894294 0.000850978 0.000802163 0.000748967 0.000692572 0.000634183 0.000574983 0.000516096 0.000458548 0.000403243 0.000350932 0.000302207 0.000257491 0.000217046 0.000180979 0.000149262 0.00012175 9.82089e-05 7.83338e-05 6.17766e-05 4.81651e-05 3.71223e-05 2.82805e-05 2.12935e-05 1.58444e-05 1.165e-05 8.46377e-06 6.07496e-06 4.30753e-06 3.01702e-06 2.08718e-06 1.42606e-06 9.62236e-07 6.41153e-07 4.21844e-07 2.7405e-07 1.75784e-07 1.11324e-07 6.96111e-08 4.29861e-08 2.62319e-08 1.58531e-08 9.55255e-09 5.85697e-09 3.86363e-09 
5.01788e-09 5.35123e-09 7.40464e-09 1.17442e-08 1.95016e-08 3.26026e-08 5.41228e-08 8.88167e-08 1.43873e-07 2.29959e-07 3.62633e-07 5.64205e-07 8.66128e-07 1.312e-06 1.96123e-06 2.89339e-06 4.21319e-06 6.05601e-06 8.59373e-06 1.20406e-05 1.66584e-05 2.27611e-05 3.07172e-05 4.09499e-05 5.39338e-05 7.01876e-05 9.02624e-05 0.000114724 0.00014413 0.000179003 0.000219801 0.000266876 0.000320447 0.00038056 0.000447059 0.00051956 0.000597441 0.000679829 0.000765616 0.000853476 0.000941898 0.00102923 0.00111373 0.00119364 0.0012672 0.00133279 0.00138888 0.00143419 0.00146765 0.00148846 0.00149614 0.0014905 0.00147169 0.00144015 0.00139665 0.00134221 0.0012781 0.00120581 0.00112696 0.00104328 0.000956522 0.000868435 0.000780674 0.000694759 0.000612035 0.000533632 0.000460447 0.000393131 0.000332099 0.000277539 0.000229434 0.000187596 0.000151697 0.000121303 9.59103e-05 7.49735e-05 5.7937e-05 4.42552e-05 3.34108e-05 2.49274e-05 1.83777e-05 1.33871e-05 9.6342e-06 6.84921e-06 4.80972e-06 3.33592e-06 2.28503e-06 1.54567e-06 1.03243e-06 6.80919e-07 4.43402e-07 2.85069e-07 1.80944e-07 1.13396e-07 7.01769e-08 4.29174e-08 2.59941e-08 1.57003e-08 9.65366e-09 6.39178e-09 
8.40655e-09 8.98752e-09 1.24328e-08 1.96815e-08 3.26026e-08 5.43663e-08 9.00194e-08 1.47339e-07 2.38041e-07 3.79453e-07 5.96751e-07 9.259e-07 1.4174e-06 2.14099e-06 3.19127e-06 4.69443e-06 6.81577e-06 9.76804e-06 1.38201e-05 1.93053e-05 2.66293e-05 3.62757e-05 4.8809e-05 6.48742e-05 8.51901e-05 0.000110537 0.000141739 0.000179635 0.000225045 0.000278728 0.000341336 0.000413362 0.000495089 0.000586537 0.000687427 0.000797139 0.000914698 0.00103877 0.00116767 0.00129941 0.00143174 0.00156219 0.0016882 0.00180717 0.00191655 0.00201392 0.0020971 0.0021642 0.00221367 0.00224437 0.00225559 0.00224708 0.00221903 0.0021721 0.00210741 0.00202644 0.00193106 0.00182341 0.00170589 0.00158103 0.00145141 0.0013196 0.00118807 0.00105908 0.000934633 0.000816447 0.000705882 0.000603952 0.000511312 0.000428284 0.000354888 0.000290881 0.000235805 0.000189042 0.000149858 0.000117454 9.10069e-05 6.97029e-05 5.27651e-05 3.94742e-05 2.91813e-05 2.13143e-05 1.53804e-05 1.09635e-05 7.71929e-06 5.36796e-06 3.68645e-06 2.5e-06 1.67408e-06 1.10684e-06 7.22509e-07 4.65624e-07 2.96245e-07 1.86085e-07 1.15425e-07 7.07504e-08 4.29514e-08 2.60073e-08 1.60386e-08 1.06593e-08 
1.3993e-08 1.49941e-08 2.07324e-08 3.27539e-08 5.41228e-08 9.00194e-08 1.48665e-07 2.42686e-07 3.91041e-07 6.21665e-07 9.74999e-07 1.50859e-06 2.30294e-06 3.46872e-06 5.1555e-06 7.56185e-06 1.09468e-05 1.56421e-05 2.20651e-05 3.07308e-05 4.22623e-05 5.73989e-05 7.69989e-05 0.000102037 0.000133592 0.00017283 0.000220971 0.000279246 0.00034885 0.000430873 0.000526236 0.000635613 0.000759356 0.000897426 0.00104933 0.00121409 0.0013902 0.00157561 0.00176782 0.00196384 0.00216033 0.0023537 0.00254016 0.00271592 0.00287727 0.00302073 0.00314313 0.00324174 0.00331434 0.00335929 0.00337557 0.00336283 0.00332135 0.0032521 0.00315666 0.00303719 0.00289638 0.00273735 0.00256356 0.00237869 0.00218652 0.00199081 0.00179518 0.00160297 0.00141717 0.00124034 0.00107455 0.000921341 0.000781752 0.000656324 0.000545149 0.000447927 0.000364033 0.000292593 0.000232554 0.000182754 0.000141984 0.000109042 8.27694e-05 6.20898e-05 4.60249e-05 3.37084e-05 2.43898e-05 1.74323e-05 1.23066e-05 8.58048e-06 5.908e-06 4.01687e-06 2.69664e-06 1.78737e-06 1.16961e-06 7.55588e-07 4.81877e-07 3.034e-07 1.88631e-07 1.1589e-07 7.05214e-08 4.28097e-08 2.64796e-08 1.76644e-08 
2.30339e-08 2.47341e-08 3.41797e-08 5.38857e-08 8.88167e-08 1.47339e-07 2.42686e-07 3.95118e-07 6.34948e-07 1.00668e-06 1.5745e-06 2.42939e-06 3.69813e-06 5.55427e-06 8.23138e-06 1.20382e-05 1.73756e-05 2.47546e-05 3.4815e-05 4.83422e-05 6.62816e-05 8.97488e-05 0.000120031 0.000158583 0.000207003 0.000267006 0.000340374 0.000428891 0.000534266 0.000658042 0.000801492 0.000965514 0.00115052 0.00135636 0.00158218 0.00182646 0.00208689 0.00236043 0.00264333 0.00293122 0.00321923 0.00350211 0.00377442 0.0040307 0.00426562 0.00447421 0.00465195 0.00479497 0.00490012 0.00496508 0.00498842 0.00496963 0.00490913 0.00480829 0.00466937 0.00449543 0.00429031 0.00405846 0.00380482 0.00353468 0.00325347 0.00296664 0.00267941 0.00239666 0.0021228 0.00186158 0.00161609 0.00138869 0.00118097 0.000993832 0.000827499 0.000681628 0.000555388 0.000447567 0.000356676 0.000281054 0.000218951 0.000168613 0.000128341 9.65411e-05 7.17598e-05 5.27009e-05 3.82361e-05 2.7403e-05 1.93975e-05 1.35604e-05 9.36146e-06 6.38142e-06 4.295e-06 2.85398e-06 1.87222e-06 1.21245e-06 7.75106e-07 4.89183e-07 3.04852e-07 1.87733e-07 1.14513e-07 6.96938e-08 4.32388e-08 2.89522e-08 
3.74411e-08 4.02844e-08 5.56292e-08 8.75131e-08 1.43873e-07 2.38041e-07 3.91041e-07 6.34948e-07 1.01758e-06 1.6089e-06 2.50942e-06 3.86104e-06 5.86069e-06 8.77687e-06 1.29693e-05 1.89114e-05 2.72149e-05 3.86561e-05 5.42017e-05 7.50325e-05 0.000102562 0.00013845 0.000184598 0.000243141 0.000316414 0.0004069 0.000517156 0.000649723 0.000807005 0.00099114 0.00120385 0.00144629 0.00171891 0.00202131 0.00235213 0.002709 0.00308846 0.00348601 0.0038962 0.0043127 0.0047285 0.0051361 0.00552778 0.00589578 0.00623261 0.00653128 0.00678546 0.00698973 0.00713971 0.00723217 0.00726512 0.00723787 0.00715101 0.00700646 0.00680736 0.00655802 0.00626379 0.00593093 0.00556638 0.00517761 0.00477231 0.00435821 0.00394277 0.00353302 0.00313528 0.00275505 0.00239686 0.00206421 0.00175955 0.00148431 0.00123898 0.0010232 0.000835892 0.000675422 0.000539726 0.000426467 0.000333158 0.000257281 0.00019638 0.000148137 0.00011042 8.13199e-05 5.91636e-05 4.2518e-05 3.01789e-05 2.11545e-05 1.46429e-05 1.00079e-05 6.7533e-06 4.49898e-06 2.95879e-06 1.92087e-06 1.23099e-06 7.78776e-07 4.86481e-07 3.00296e-07 1.8362e-07 1.12045e-07 6.97262e-08 4.68625e-08 
6.00705e-08 6.47525e-08 8.93455e-08 1.40242e-07 2.29959e-07 3.79453e-07 6.21665e-07 1.00668e-06 1.6089e-06 2.53677e-06 3.94549e-06 6.05332e-06 9.16186e-06 1.36806e-05 2.01557e-05 2.93026e-05 4.20415e-05 5.95343e-05 8.32203e-05 0.000114848 0.0001565 0.000210605 0.00027993 0.000367562 0.00047685 0.00061133 0.000774613 0.000970248 0.00120155 0.00147142 0.00178212 0.0021351 0.00253075 0.00296826 0.00344548 0.0039588 0.00450312 0.00507192 0.00565736 0.00625043 0.00684122 0.00741921 0.00797358 0.00849356 0.00896876 0.00938953 0.00974716 0.0100342 0.0102447 0.0103742 0.01042 0.0103811 0.0102585 0.0100547 0.00977399 0.00942235 0.00900712 0.00853692 0.00802137 0.00747079 0.00689591 0.0063075 0.00571607 0.00513151 0.00456282 0.00401787 0.00350321 0.00302399 0.00258388 0.00218514 0.00182867 0.00151417 0.00124033 0.00100497 0.000805312 0.000638116 0.000499917 0.000387164 0.000296366 0.0002242 0.000167594 0.000123777 9.03069e-05 6.50809e-05 4.63219e-05 3.25592e-05 2.25983e-05 1.54864e-05 1.04777e-05 6.99827e-06 4.61425e-06 3.00315e-06 1.92936e-06 1.22358e-06 7.6619e-07 4.741e-07 2.9061e-07 1.77801e-07 1.10989e-07 7.48744e-08 
9.51177e-08 1.0271e-07 1.41591e-07 2.21744e-07 3.62633e-07 5.96751e-07 9.74999e-07 1.5745e-06 2.50942e-06 3.94549e-06 6.11902e-06 9.36094e-06 1.41266e-05 2.10317e-05 3.08934e-05 4.47773e-05 6.40473e-05 9.04167e-05 0.000125997 0.000173338 0.000235459 0.00031586 0.000418506 0.000547783 0.000708417 0.000905357 0.00114361 0.00142803 0.00176312 0.00215269 0.00259967 0.00310574 0.00367114 0.00429436 0.00497205 0.00569884 0.00646734 0.00726825 0.00809048 0.00892142 0.00974731 0.0105536 0.0113255 0.0120482 0.0127077 0.0132907 0.0137856 0.0141823 0.0144729 0.0146512 0.0147139 0.0146595 0.0144892 0.0142066 0.0138175 0.0133298 0.0127535 0.0121002 0.011383 0.010616 0.00981375 0.00899113 0.00816261 0.00734192 0.00654164 0.00577284 0.00504488 0.00436516 0.00373913 0.00317024 0.00266009 0.00220859 0.00181418 0.00147408 0.0011846 0.00094137 0.00073964 0.000574492 0.000441047 0.000334626 0.000250868 0.000185815 0.000135959 9.826e-05 7.01347e-05 4.94345e-05 3.44053e-05 2.36417e-05 1.60382e-05 1.07405e-05 7.1001e-06 4.63289e-06 2.98389e-06 1.89706e-06 1.19084e-06 7.38673e-07 4.53923e-07 2.78467e-07 1.74371e-07 1.18075e-07 
1.48645e-07 1.60772e-07 2.21411e-07 3.45935e-07 5.64205e-07 9.259e-07 1.50859e-06 2.42939e-06 3.86104e-06 6.05332e-06 9.36094e-06 1.42786e-05 2.14842e-05 3.18897e-05 4.67007e-05 6.74811e-05 9.62228e-05 0.000135415 0.000188106 0.000257962 0.000349293 0.000467061 0.000616853 0.000804804 0.00103747 0.00132165 0.00166416 0.00207154 0.00254971 0.00310362 0.00373688 0.00445137 0.00524688 0.00612087 0.0070682 0.00808104 0.00914886 0.0102586 0.0113948 0.0125402 0.013676 0.0147825 0.0158396 0.0168275 0.0177275 0.018522 0.0191955 0.0197347 0.020129 0.0203707 0.0204549 0.0203801 0.0201478 0.0197626 0.0192322 0.0185671 0.0177805 0.0168879 0.0159067 0.0148556 0.0137544 0.012623 0.011481 0.0103472 0.00923893 0.00817145 0.00715787 0.00620874 0.00533193 0.00453269 0.00381367 0.00317521 0.00261561 0.00213143 0.00171787 0.00136919 0.00107898 0.000840564 0.000647242 0.000492531 0.000370344 0.000275119 0.000201892 0.000146333 0.000104747 7.40407e-05 5.16748e-05 3.56066e-05 2.42208e-05 1.62638e-05 1.07797e-05 7.05219e-06 4.55372e-06 2.90242e-06 1.82649e-06 1.13579e-06 6.99738e-07 4.30441e-07 2.70386e-07 1.83782e-07 
2.29272e-07 2.48353e-07 3.41651e-07 5.32516e-07 8.66128e-07 1.4174e-06 2.30294e-06 3.69813e-06 5.86069e-06 9.16186e-06 1.41266e-05 2.14842e-05 3.2229e-05 4.76934e-05 6.96298e-05 0.0001003 0.000142572 0.000200005 0.000276941 0.000378563 0.000510929 0.00068097 0.000896427 0.00116574 0.00149784 0.00190192 0.00238707 0.0029619 0.00363407 0.0044098 0.00529339 0.00628672 0.0073888 0.00859545 0.00989901 0.0112883 0.0127484 0.0142615 0.0158064 0.0173598 0.0188963 0.0203898 0.0218136 0.0231418 0.0243496 0.0254143 0.0263155 0.0270361 0.0275624 0.0278844 0.0279958 0.0278948 0.0275831 0.027067 0.0263562 0.0254644 0.0244088 0.0232095 0.0218892 0.0204727 0.0189858 0.0174549 0.0159063 0.0143651 0.0128546 0.0113958 0.0100066 0.00870181 0.00749268 0.00638692 0.00538884 0.00449956 0.0037174 0.00303825 0.0024561 0.0019635 0.00155203 0.00121277 0.000936691 0.000714958 0.000539218 0.000401774 0.000295714 0.000214969 0.000154327 0.0001094 7.65705e-05 5.2909e-05 3.60901e-05 2.42999e-05 1.61493e-05 1.05929e-05 6.85784e-06 4.38222e-06 2.76472e-06 1.72359e-06 1.06462e-06 6.56714e-07 4.13841e-07 2.82349e-07 
3.4905e-07 3.78633e-07 5.20256e-07 8.08903e-07 1.312e-06 2.14099e-06 3.46872e-06 5.55427e-06 8.77687e-06 1.36806e-05 2.10317e-05 3.18897e-05 4.76934e-05 7.03613e-05 0.000102404 0.000147047 0.000208354 0.000291348 0.000402113 0.000547868 0.000736999 0.000979027 0.00128451 0.00166486 0.00213204 0.00269825 0.00337539 0.00417454 0.00510537 0.00617549 0.00738976 0.00874975 0.0102531 0.0118933 0.0136591 0.0155347 0.0174998 0.0195299 0.0215967 0.0236692 0.025714 0.0276968 0.0295831 0.0313392 0.0329332 0.0343361 0.0355219 0.0364688 0.0371595 0.0375812 0.0377263 0.0375922 0.0371814 0.0365014 0.035565 0.0343894 0.0329965 0.031412 0.029665 0.0277872 0.0258124 0.0237748 0.0217086 0.0196471 0.0176212 0.0156589 0.0137846 0.0120187 0.0103768 0.00887028 0.0075057 0.00628557 0.00520852 0.0042699 0.00346237 0.00277651 0.00220149 0.00172562 0.00133693 0.00102362 0.000774383 0.000578761 0.000427271 0.000311537 0.000224316 0.000159481 0.000111945 7.75729e-05 5.30624e-05 3.58264e-05 2.38745e-05 1.57022e-05 1.01924e-05 6.53003e-06 4.13038e-06 2.5816e-06 1.59878e-06 9.88988e-07 6.25244e-07 4.28193e-07 
5.24558e-07 5.69756e-07 7.81873e-07 1.21261e-06 1.96123e-06 3.19127e-06 5.1555e-06 8.23138e-06 1.29693e-05 2.01557e-05 3.08934e-05 4.67007e-05 6.96298e-05 0.000102404 0.00014857 0.000212658 0.000300349 0.00041862 0.000575872 0.00078201 0.00104846 0.00138809 0.00181508 0.00234458 0.00299236 0.00377428 0.00470562 0.00580035 0.00707036 0.0085246 0.0101683 0.0120021 0.0140216 0.0162167 0.0185715 0.0210641 0.023667 0.0263474 0.0290682 0.0317886 0.0344656 0.037055 0.0395128 0.0417962 0.043865 0.0456826 0.0472168 0.0484403 0.0493315 0.0498747 0.0500605 0.0498857 0.0493533 0.0484729 0.0472601 0.0457364 0.0439292 0.0418706 0.0395972 0.0371492 0.0345691 0.031901 0.0291887 0.0264753 0.023801 0.021203 0.0187136 0.0163604 0.014165 0.0121434 0.0103057 0.00865651 0.00719525 0.00591697 0.00481302 0.00387182 0.00307969 0.00242166 0.00188214 0.00144559 0.00109705 0.000822464 0.000609056 0.000445436 0.000321695 0.000229394 0.000161492 0.000112231 7.69885e-05 5.21267e-05 3.4833e-05 2.29719e-05 1.49513e-05 9.60419e-06 6.09073e-06 3.8168e-06 2.37003e-06 1.47026e-06 9.32535e-07 6.41052e-07 
7.78218e-07 8.46287e-07 1.15978e-06 1.79409e-06 2.89339e-06 4.69443e-06 7.56185e-06 1.20382e-05 1.89114e-05 2.93026e-05 4.47773e-05 6.74811e-05 0.0001003 0.000147047 0.000212658 0.000303411 0.000427126 0.000593356 0.000813529 0.00110103 0.00147117 0.00194111 0.00252952 0.00325624 0.00414164 0.00520598 0.00646844 0.00794626 0.00965362 0.0116007 0.0137924 0.016228 0.0188996 0.0217925 0.0248843 0.0281453 0.0315387 0.0350218 0.0385461 0.0420595 0.0455073 0.0488337 0.0519835 0.0549034 0.0575439 0.0598597 0.0618114 0.0633657 0.0644964 0.0651845 0.0654185 0.0651946 0.0645165 0.0633959 0.0618517 0.0599102 0.0576047 0.0549747 0.0520653 0.0489262 0.0456105 0.0421733 0.0386701 0.0351553 0.031681 0.0282949 0.0250398 0.021952 0.019061 0.0163892 0.0139512 0.0117549 0.00980139 0.00808579 0.00659832 0.00532513 0.00424938 0.00335223 0.00261379 0.00201399 0.00153327 0.00115314 0.000856607 0.000628424 0.000455238 0.000325602 0.000229905 0.000160244 0.000110243 7.48551e-05 5.01611e-05 3.3172e-05 2.16486e-05 1.39435e-05 8.86605e-06 5.57067e-06 3.46843e-06 2.15785e-06 1.37315e-06 9.47507e-07 
1.13985e-06 1.24091e-06 1.69816e-06 2.62004e-06 4.21319e-06 6.81577e-06 1.09468e-05 1.73756e-05 2.72149e-05 4.20415e-05 6.40473e-05 9.62228e-05 0.000142572 0.000208354 0.000300349 0.000427126 0.000599301 0.00082976 0.00113382 0.00152929 0.0020364 0.00267761 0.00347718 0.00446057 0.00565367 0.00708182 0.00876865 0.0107348 0.0129968 0.0155654 0.0184448 0.0216312 0.0251124 0.028867 0.0328641 0.0370643 0.0414194 0.0458739 0.0503666 0.0548314 0.0592002 0.0634037 0.0673741 0.0710466 0.0743607 0.0772622 0.0797035 0.081645 0.0830556 0.0839126 0.0842025 0.0839209 0.0830721 0.08167 0.0797371 0.0773048 0.0744128 0.0711086 0.0674467 0.0634875 0.0592958 0.0549392 0.0504867 0.0460062 0.0415632 0.0372187 0.0330277 0.0290377 0.0252883 0.0218097 0.0186232 0.0157412 0.0131674 0.010898 0.00892236 0.00722444 0.00578401 0.00457789 0.00358117 0.0027684 0.00211444 0.00159534 0.00118886 0.000874913 0.000635767 0.000456115 0.000323033 0.000225825 0.000155816 0.000106105 7.13038e-05 4.72856e-05 3.09442e-05 1.99848e-05 1.27414e-05 8.02703e-06 5.01145e-06 3.12691e-06 1.9964e-06 1.38275e-06 
1.64844e-06 1.79638e-06 2.45462e-06 3.77708e-06 6.05601e-06 9.76804e-06 1.56421e-05 2.47546e-05 3.86561e-05 5.95343e-05 9.04167e-05 0.000135415 0.000200005 0.000291348 0.00041862 0.000593356 0.00082976 0.00114496 0.00155919 0.00209579 0.00278106 0.00364397 0.00471546 0.00602771 0.00761298 0.00950235 0.0117242 0.0143028 0.0172564 0.0205958 0.0243231 0.0284303 0.0328987 0.037698 0.0427871 0.0481137 0.0536161 0.059224 0.0648604 0.0704438 0.0758904 0.0811162 0.0860394 0.0905823 0.0946733 0.098248 0.101251 0.103636 0.105366 0.106416 0.106769 0.106421 0.105377 0.103652 0.101274 0.0982775 0.0947104 0.0906281 0.086095 0.081183 0.0759695 0.0705364 0.0649674 0.0593458 0.0537527 0.0482646 0.042951 0.0378733 0.0330831 0.0286213 0.0245175 0.0207906 0.0174484 0.0144891 0.0119021 0.00966947 0.00776753 0.00616839 0.00484149 0.00375509 0.0028775 0.00217814 0.00162841 0.00120221 0.000876354 0.000630672 0.000448027 0.00031415 0.000217403 0.000148475 0.000100064 6.65459e-05 4.36696e-05 2.82804e-05 1.80792e-05 1.14206e-05 7.14979e-06 4.47425e-06 2.86612e-06 1.99259e-06 
2.35403e-06 2.56761e-06 3.50297e-06 5.37571e-06 8.59373e-06 1.38201e-05 2.20651e-05 3.4815e-05 5.42017e-05 8.32203e-05 0.000125997 0.000188106 0.000276941 0.000402113 0.000575872 0.000813529 0.00113382 0.00155919 0.00211596 0.00283426 0.0037478 0.00489329 0.00630961 0.00803665 0.0101139 0.0125787 0.0154643 0.0187983 0.0226 0.0268792 0.0316342 0.0368507 0.0425013 0.0485447 0.0549261 0.0615785 0.0684235 0.0753735 0.0823338 0.0892053 0.095887 0.102279 0.108284 0.113812 0.118778 0.12311 0.126742 0.129622 0.131709 0.132974 0.133397 0.132975 0.131712 0.129627 0.126749 0.123121 0.118794 0.113834 0.108314 0.102319 0.0959396 0.0892721 0.0824167 0.0754738 0.068542 0.0617153 0.0550806 0.0487154 0.0426863 0.0370471 0.0318387 0.0270883 0.02281 0.0190055 0.0156653 0.0127702 0.0102934 0.00820207 0.00645953 0.00502692 0.00386496 0.00293529 0.00220164 0.00163067 0.00119247 0.000860865 0.000613451 0.000431456 0.000299479 0.000205134 0.000138651 9.24708e-05 6.08528e-05 3.95173e-05 2.53318e-05 1.60457e-05 1.00732e-05 6.32236e-06 4.06351e-06 2.83558e-06 
3.31977e-06 3.62391e-06 4.93604e-06 7.55427e-06 1.20406e-05 1.93053e-05 3.07308e-05 4.83422e-05 7.50325e-05 0.000114848 0.000173338 0.000257962 0.000378563 0.000547868 0.00078201 0.00110103 0.00152929 0.00209579 0.00283426 0.00378306 0.00498466 0.00648491 0.00833179 0.0105739 0.0132587 0.01643 0.0201259 0.0243764 0.0292009 0.0346065 0.0405856 0.0471154 0.0541567 0.0616541 0.0695367 0.0777194 0.0861047 0.0945852 0.103047 0.11137 0.119437 0.12713 0.134337 0.140953 0.146884 0.152045 0.156366 0.159787 0.162262 0.16376 0.16426 0.163756 0.162255 0.159776 0.156353 0.152032 0.146871 0.140943 0.134332 0.127134 0.119452 0.1114 0.103093 0.0946518 0.0861927 0.0778299 0.0696698 0.061809 0.0543316 0.0473078 0.0407922 0.0348232 0.0294236 0.0246005 0.0203472 0.0166444 0.0134627 0.0107646 0.00850681 0.00664276 0.00512459 0.00390497 0.00293867 0.00218368 0.00160202 0.00116021 0.000829355 0.000585107 0.000407363 0.000279864 0.000189716 0.000126893 8.37416e-05 5.45328e-05 3.50535e-05 2.22645e-05 1.40164e-05 8.82348e-06 5.69e-06 3.9853e-06 
4.62384e-06 5.0511e-06 6.86844e-06 1.04828e-05 1.66584e-05 2.66293e-05 4.22623e-05 6.62816e-05 0.000102562 0.0001565 0.000235459 0.000349293 0.000510929 0.000736999 0.00104846 0.00147117 0.0020364 0.00278106 0.0037478 0.00498466 0.00654439 0.00848331 0.0108597 0.0137317 0.017155 0.02118 0.0258491 0.0311936 0.0372314 0.0439643 0.0513765 0.0594334 0.0680811 0.0772468 0.0868402 0.0967551 0.106872 0.117063 0.12719 0.137115 0.146701 0.155812 0.164322 0.172113 0.179079 0.185129 0.190184 0.19418 0.197068 0.198813 0.199393 0.198803 0.197049 0.194152 0.190148 0.185087 0.179033 0.172064 0.164275 0.15577 0.146669 0.137097 0.127189 0.117082 0.106916 0.0968256 0.0869383 0.0773726 0.0682335 0.0596103 0.0515746 0.0441795 0.037459 0.0314286 0.0260862 0.0214143 0.0173818 0.0139469 0.0110601 0.00866644 0.00670868 0.00512939 0.00387304 0.00288751 0.0021253 0.00154412 0.00110728 0.000783614 0.000547239 0.000377092 0.000256382 0.00017198 0.00011382 7.43283e-05 4.79103e-05 3.05147e-05 1.92643e-05 1.21633e-05 7.86996e-06 5.53242e-06 
6.36116e-06 6.9534e-06 9.43891e-06 1.4366e-05 2.27611e-05 3.62757e-05 5.73989e-05 8.97488e-05 0.00013845 0.000210605 0.00031586 0.000467061 0.00068097 0.000979027 0.00138809 0.00194111 0.00267761 0.00364397 0.00489329 0.00648491 0.00848331 0.0109566 0.0139743 0.0176047 0.021912 0.0269525 0.0327718 0.039401 0.0468539 0.0551246 0.0641856 0.0739871 0.0844567 0.095501 0.107007 0.118844 0.130869 0.142929 0.154865 0.166518 0.17773 0.188351 0.198239 0.207266 0.215317 0.222293 0.22811 0.2327 0.236013 0.238012 0.238675 0.237996 0.235981 0.232652 0.228047 0.222218 0.215232 0.207174 0.198143 0.188256 0.177641 0.166441 0.154804 0.14289 0.130856 0.11886 0.107055 0.0955833 0.0845726 0.074135 0.0643628 0.0553271 0.0470768 0.0396387 0.0330183 0.0272017 0.0221581 0.0178425 0.0141993 0.0111652 0.00867289 0.00665394 0.00504118 0.00377097 0.00278469 0.00202976 0.00146017 0.0010366 0.000726142 0.000501887 0.000342244 0.000230247 0.00015282 0.000100077 6.46868e-05 4.13139e-05 2.61555e-05 1.65637e-05 1.07529e-05 7.58662e-06 
8.64472e-06 9.45488e-06 1.2812e-05 1.94458e-05 3.07172e-05 4.8809e-05 7.69989e-05 0.000120031 0.000184598 0.00027993 0.000418506 0.000616853 0.000896427 0.00128451 0.00181508 0.00252952 0.00347718 0.00471546 0.00630961 0.00833179 0.0108597 0.0139743 0.0177571 0.022287 0.027636 0.0338657 0.041023 0.0491364 0.0582128 0.068235 0.0791601 0.0909191 0.103417 0.116537 0.130139 0.144066 0.158149 0.17221 0.186066 0.199539 0.212451 0.224638 0.235947 0.246239 0.255394 0.263306 0.269891 0.275079 0.278817 0.28107 0.281816 0.281047 0.278771 0.27501 0.269801 0.263197 0.255268 0.2461 0.235798 0.224485 0.212299 0.199394 0.185936 0.1721 0.158066 0.144015 0.130124 0.116561 0.103482 0.0910233 0.0793023 0.0684117 0.0584191 0.0493664 0.0412701 0.0341229 0.0278963 0.0225438 0.0180045 0.0142074 0.0110747 0.00852599 0.00648155 0.00486474 0.0036043 0.00263576 0.00190221 0.00135467 0.000951897 0.000659925 0.000451357 0.000304543 0.000202713 0.000133126 8.62879e-05 5.52628e-05 3.50851e-05 2.2285e-05 1.45152e-05 1.02779e-05 
1.16062e-05 1.27e-05 1.71787e-05 2.60011e-05 4.09499e-05 6.48742e-05 0.000102037 0.000158583 0.000243141 0.000367562 0.000547783 0.000804804 0.00116574 0.00166486 0.00234458 0.00325624 0.00446057 0.00602771 0.00803665 0.0105739 0.0137317 0.0176047 0.022287 0.0278675 0.0344255 0.0420261 0.0507152 0.0605157 0.0714239 0.0834074 0.0964035 0.11032 0.125036 0.140404 0.156258 0.17241 0.188665 0.204819 0.220666 0.236008 0.250652 0.264421 0.277153 0.288703 0.298946 0.307777 0.315111 0.320878 0.325028 0.327526 0.328351 0.327497 0.324969 0.32079 0.314995 0.307635 0.29878 0.288516 0.276949 0.264207 0.250433 0.235791 0.22046 0.20463 0.188502 0.17228 0.156166 0.140356 0.125033 0.110365 0.0964959 0.083544 0.0716004 0.0607261 0.0509525 0.0422826 0.034693 0.0281381 0.0225533 0.0178603 0.0139712 0.0107934 0.00823348 0.0062006 0.00460938 0.00338181 0.00244851 0.00174925 0.00123298 0.000857404 0.000588178 0.000398025 0.000265699 0.000174983 0.000113734 7.30422e-05 4.65033e-05 2.96255e-05 1.936e-05 1.37569e-05 
1.53954e-05 1.68535e-05 2.27557e-05 3.4347e-05 5.39338e-05 8.51901e-05 0.000133592 0.000207003 0.000316414 0.00047685 0.000708417 0.00103747 0.00149784 0.00213204 0.00299236 0.00414164 0.00565367 0.00761298 0.0101139 0.0132587 0.017155 0.021912 0.027636 0.0344255 0.0423655 0.0515222 0.0619376 0.0736251 0.0865663 0.100709 0.115966 0.132217 0.149311 0.167069 0.185293 0.203765 0.222261 0.240552 0.258412 0.275624 0.291983 0.307303 0.321416 0.334175 0.345456 0.355156 0.363193 0.369501 0.374034 0.376759 0.377658 0.376724 0.373964 0.369396 0.363054 0.354984 0.345253 0.333944 0.321161 0.307029 0.291698 0.275334 0.258127 0.24028 0.222011 0.203547 0.185113 0.166936 0.149229 0.132189 0.115993 0.100791 0.0866986 0.0738026 0.0621533 0.0517677 0.0426318 0.0347032 0.0279162 0.0221866 0.017417 0.0135026 0.0103357 0.0078103 0.00582544 0.00428809 0.00311472 0.00223226 0.00157835 0.00110092 0.000757488 0.0005141 0.00034417 0.0002273 0.000148148 9.54059e-05 6.09115e-05 3.89193e-05 2.55166e-05 1.81948e-05 
2.0179e-05 2.20979e-05 2.97825e-05 4.48297e-05 7.01876e-05 0.000110537 0.00017283 0.000267006 0.0004069 0.00061133 0.000905357 0.00132165 0.00190192 0.00269825 0.00377428 0.00520598 0.00708182 0.00950235 0.0125787 0.01643 0.02118 0.0269525 0.0338657 0.0420261 0.0515222 0.0624184 0.0747488 0.0885133 0.103674 0.120153 0.137835 0.156567 0.176163 0.196411 0.217076 0.237913 0.258668 0.279087 0.298928 0.317958 0.335963 0.352753 0.36816 0.382038 0.39427 0.404757 0.413424 0.420215 0.425087 0.428012 0.428976 0.427973 0.425008 0.420097 0.413267 0.404561 0.394036 0.38177 0.36786 0.352427 0.335616 0.317598 0.298565 0.278731 0.258329 0.237601 0.216802 0.196183 0.175989 0.156452 0.137783 0.120165 0.103747 0.088644 0.0749299 0.0626413 0.0517772 0.0423026 0.0341534 0.0272415 0.0214615 0.0166966 0.0128249 0.00972431 0.00727737 0.00537451 0.00391648 0.00281578 0.00199712 0.00139726 0.000964258 0.000656343 0.000440652 0.000291834 0.000190734 0.000123167 7.88539e-05 5.05312e-05 3.32366e-05 2.37806e-05 
2.6137e-05 2.86308e-05 3.85171e-05 5.78195e-05 9.02624e-05 0.000141739 0.000220971 0.000340374 0.000517156 0.000774613 0.00114361 0.00166416 0.00238707 0.00337539 0.00470562 0.00646844 0.00876865 0.0117242 0.0154643 0.0201259 0.0258491 0.0327718 0.041023 0.0507152 0.0619376 0.0747488 0.089171 0.105185 0.122729 0.141694 0.161931 0.18325 0.205429 0.228216 0.251345 0.274535 0.297509 0.319992 0.341724 0.362465 0.381997 0.400128 0.416696 0.431564 0.444623 0.455786 0.464988 0.472182 0.477335 0.480427 0.481445 0.480386 0.477252 0.472057 0.46482 0.455574 0.444369 0.431269 0.416362 0.399759 0.381598 0.362045 0.341291 0.319557 0.297083 0.27413 0.250972 0.227888 0.205155 0.183039 0.161788 0.141623 0.12273 0.105255 0.089304 0.0749367 0.0621702 0.0509812 0.0413104 0.0330692 0.0261457 0.0204124 0.0157334 0.0119703 0.00898826 0.00665988 0.00486882 0.00351154 0.00249831 0.00175321 0.00121349 0.000828382 0.000557731 0.000370399 0.000242743 0.000157176 0.000100904 6.48485e-05 4.27894e-05 3.07177e-05 
3.34578e-05 3.66588e-05 4.92278e-05 7.36994e-05 0.000114724 0.000179635 0.000279246 0.000428891 0.000649723 0.000970248 0.00142803 0.00207154 0.0029619 0.00417454 0.00580035 0.00794626 0.0107348 0.0143028 0.0187983 0.0243764 0.0311936 0.039401 0.0491364 0.0605157 0.0736251 0.0885133 0.105185 0.123598 0.143658 0.165224 0.188106 0.212074 0.236864 0.262188 0.287743 0.31322 0.338316 0.36274 0.38622 0.408512 0.4294 0.4487 0.466257 0.481949 0.49568 0.507381 0.517 0.524504 0.529871 0.533087 0.534146 0.533045 0.529788 0.524378 0.51683 0.507165 0.495417 0.481639 0.465901 0.448301 0.428964 0.408044 0.385728 0.362234 0.337809 0.312725 0.287273 0.261758 0.236485 0.211758 0.187862 0.165059 0.143574 0.123594 0.105257 0.0886535 0.0738237 0.0607608 0.0494149 0.0396998 0.0315 0.0246791 0.0190878 0.0145719 0.0109782 0.00816097 0.00598536 0.00433039 0.00309037 0.00217522 0.00151 0.00103375 0.000697956 0.000464797 0.000305427 0.000198293 0.000127645 8.22686e-05 5.44531e-05 3.92182e-05 
4.23317e-05 4.63904e-05 6.2184e-05 9.28507e-05 0.00014413 0.000225045 0.00034885 0.000534266 0.000807005 0.00120155 0.00176312 0.00254971 0.00363407 0.00510537 0.00707036 0.00965362 0.0129968 0.0172564 0.0226 0.0292009 0.0372314 0.0468539 0.0582128 0.0714239 0.0865663 0.103674 0.122729 0.143658 0.166334 0.190573 0.216143 0.24277 0.270149 0.297951 0.325839 0.353478 0.380543 0.406731 0.431765 0.455402 0.477434 0.497689 0.516029 0.53235 0.546577 0.558659 0.568562 0.576269 0.581772 0.585066 0.586152 0.585028 0.581694 0.57615 0.568399 0.558449 0.546319 0.532041 0.515669 0.497278 0.476977 0.454902 0.43123 0.40617 0.379969 0.352904 0.32528 0.297422 0.269666 0.242348 0.215793 0.190305 0.166154 0.143569 0.122727 0.103754 0.0867192 0.0716374 0.058473 0.0471462 0.0375413 0.0295151 0.0229068 0.0175464 0.013263 0.00989146 0.00727761 0.00528172 0.00378075 0.00266907 0.0018582 0.00127574 0.000863716 0.000576738 0.000379992 0.000247352 0.000159649 0.000103183 6.85051e-05 4.9495e-05 
5.29423e-05 5.80264e-05 7.76434e-05 0.000115634 0.000179003 0.000278728 0.000430873 0.000658042 0.00099114 0.00147142 0.00215269 0.00310362 0.0044098 0.00617549 0.0085246 0.0116007 0.0155654 0.0205958 0.0268792 0.0346065 0.0439643 0.0551246 0.068235 0.0834074 0.100709 0.120153 0.141694 0.165224 0.190573 0.217514 0.245767 0.275012 0.304901 0.335067 0.365142 0.394765 0.423595 0.451324 0.477674 0.50241 0.525339 0.546307 0.5652 0.581936 0.596465 0.608757 0.618802 0.6266 0.632157 0.63548 0.636577 0.635447 0.632088 0.626494 0.618655 0.608565 0.596224 0.581644 0.564853 0.545904 0.52488 0.501898 0.477115 0.450726 0.42297 0.394125 0.364504 0.334448 0.304319 0.274484 0.245308 0.217138 0.19029 0.165039 0.141608 0.120162 0.100805 0.0835785 0.068467 0.055402 0.0442707 0.0349266 0.0271991 0.020904 0.0158528 0.0118609 0.00875408 0.00637279 0.00457544 0.00323955 0.00226181 0.00155716 0.00105711 0.000707749 0.000467523 0.000305114 0.000197444 0.00012796 8.52079e-05 6.17516e-05 
6.54555e-05 7.17485e-05 9.58369e-05 0.00014237 0.000219801 0.000341336 0.000526236 0.000801492 0.00120385 0.00178212 0.00259967 0.00373688 0.00529339 0.00738976 0.0101683 0.0137924 0.0184448 0.0243231 0.0316342 0.0405856 0.0513765 0.0641856 0.0791601 0.0964035 0.115966 0.137835 0.161931 0.188106 0.216143 0.245767 0.276648 0.30842 0.34069 0.373056 0.40512 0.436503 0.466853 0.49586 0.523254 0.548817 0.572373 0.593796 0.612996 0.629922 0.644551 0.65688 0.666921 0.674696 0.680225 0.683529 0.68462 0.683502 0.68017 0.67461 0.6668 0.656718 0.644343 0.629662 0.612679 0.593418 0.571933 0.548315 0.522693 0.495246 0.466196 0.435816 0.404419 0.372359 0.340017 0.307791 0.276083 0.245282 0.215753 0.187819 0.161752 0.137763 0.115994 0.0965219 0.0793543 0.0644393 0.051672 0.0409057 0.0319626 0.0246462 0.0187512 0.0140739 0.0104195 0.00760811 0.00547846 0.00389006 0.0027236 0.0018802 0.00127981 0.000859068 0.000568924 0.000372223 0.000241484 0.00015692 0.000104794 7.61713e-05 
8.00088e-05 8.77065e-05 0.000116952 0.000173312 0.000266876 0.000413362 0.000635613 0.000965514 0.00144629 0.0021351 0.00310574 0.00445137 0.00628672 0.00874975 0.0120021 0.016228 0.0216312 0.0284303 0.0368507 0.0471154 0.0594334 0.0739871 0.0909191 0.11032 0.132217 0.156567 0.18325 0.212074 0.24277 0.275012 0.30842 0.342579 0.377055 0.411412 0.445228 0.478109 0.509701 0.539698 0.567845 0.593944 0.617848 0.639458 0.658719 0.675611 0.690142 0.702337 0.712234 0.719874 0.725297 0.728534 0.729605 0.728517 0.72526 0.719814 0.712146 0.702214 0.689977 0.675398 0.658449 0.639125 0.617447 0.593473 0.567304 0.53909 0.509035 0.477395 0.444482 0.410654 0.376305 0.34186 0.307755 0.274421 0.242272 0.211681 0.182972 0.156405 0.132169 0.110376 0.0910663 0.0742084 0.0597103 0.0474289 0.0371826 0.0287643 0.0219539 0.0165289 0.0122742 0.00898886 0.00649138 0.00462225 0.00324509 0.00224616 0.00153287 0.00103154 0.000684833 0.000449154 0.000292115 0.000190312 0.00012745 9.29034e-05 
9.66983e-05 0.000106005 0.000141117 0.000208626 0.000320447 0.000495089 0.000759356 0.00115052 0.00171891 0.00253075 0.00367114 0.00524688 0.0073888 0.0102531 0.0140216 0.0188996 0.0251124 0.0328987 0.0425013 0.0541567 0.0680811 0.0844567 0.103417 0.125036 0.149311 0.176163 0.205429 0.236864 0.270149 0.304901 0.34069 0.377055 0.413522 0.449626 0.484926 0.51902 0.551556 0.58224 0.61084 0.637184 0.661156 0.682694 0.701778 0.718422 0.732667 0.744569 0.754191 0.761597 0.766841 0.769969 0.771006 0.769962 0.766825 0.761567 0.754142 0.744493 0.732556 0.718266 0.701568 0.682421 0.660812 0.636763 0.61034 0.581661 0.550902 0.518302 0.484157 0.448825 0.412711 0.376259 0.339934 0.30421 0.269545 0.236366 0.205049 0.175907 0.149179 0.125022 0.103509 0.0846377 0.0683319 0.054457 0.042831 0.0332393 0.0254482 0.0192179 0.0143132 0.0105124 0.00761292 0.00543567 0.0038263 0.00265531 0.00181665 0.0012255 0.000815554 0.000536156 0.000349532 0.00022829 0.000153296 0.00011205 
0.000115566 0.000126689 0.000168381 0.000248363 0.00038056 0.000586537 0.000897426 0.00135636 0.00202131 0.00296826 0.00429436 0.00612087 0.00859545 0.0118933 0.0162167 0.0217925 0.028867 0.037698 0.0485447 0.0616541 0.0772468 0.095501 0.116537 0.140404 0.167069 0.196411 0.228216 0.262188 0.297951 0.335067 0.373056 0.411412 0.449626 0.487209 0.523705 0.558713 0.591888 0.622958 0.651715 0.67802 0.701797 0.723019 0.741705 0.757908 0.7717 0.783168 0.792402 0.799484 0.804488 0.807469 0.80846 0.807473 0.804494 0.799487 0.792395 0.783145 0.771649 0.757819 0.741567 0.72282 0.701526 0.677668 0.651275 0.622428 0.59127 0.558012 0.522935 0.486386 0.448774 0.410555 0.372223 0.334286 0.297248 0.261587 0.227734 0.196058 0.16685 0.140314 0.116566 0.0956342 0.0774645 0.0619348 0.0488667 0.0380408 0.0292123 0.0221255 0.0165262 0.0121717 0.00883858 0.00632751 0.00446556 0.00310668 0.00213062 0.0014407 0.000960986 0.000633208 0.000413755 0.000270887 0.000182372 0.000133651 
0.000136591 0.000149733 0.000198699 0.00029244 0.000447059 0.000687427 0.00104933 0.00158218 0.00235213 0.00344548 0.00497205 0.0070682 0.00989901 0.0136591 0.0185715 0.0248843 0.0328641 0.0427871 0.0549261 0.0695367 0.0868402 0.107007 0.130139 0.156258 0.185293 0.217076 0.251345 0.287743 0.325839 0.365142 0.40512 0.445228 0.484926 0.523705 0.561105 0.596727 0.630244 0.661407 0.690042 0.716049 0.739389 0.760078 0.778175 0.793768 0.806965 0.817882 0.826633 0.833321 0.838034 0.840838 0.841773 0.840853 0.838062 0.833357 0.826671 0.817913 0.806978 0.793751 0.778115 0.759961 0.739202 0.715779 0.68968 0.660945 0.62968 0.596065 0.560355 0.522882 0.484051 0.444328 0.404225 0.364283 0.325047 0.287044 0.250762 0.216626 0.184982 0.156087 0.1301 0.107086 0.0870184 0.0697919 0.0552351 0.0431274 0.0332154 0.0252293 0.0188969 0.0139553 0.0101604 0.00729239 0.00515926 0.00359793 0.0024733 0.00167622 0.00112056 0.000739975 0.000484589 0.000317995 0.000214619 0.000157674 
0.000159674 0.000175029 0.000231921 0.00034062 0.00051956 0.000797139 0.00121409 0.00182646 0.002709 0.0039588 0.00569884 0.00808104 0.0112883 0.0155347 0.0210641 0.0281453 0.0370643 0.0481137 0.0615785 0.0777194 0.0967551 0.118844 0.144066 0.17241 0.203765 0.237913 0.274535 0.31322 0.353478 0.394765 0.436503 0.478109 0.51902 0.558713 0.596727 0.632674 0.666252 0.697241 0.725504 0.750981 0.773676 0.793649 0.810997 0.825846 0.838336 0.848611 0.856807 0.863047 0.867432 0.870038 0.87091 0.870064 0.867482 0.863116 0.856888 0.848696 0.838414 0.825903 0.811019 0.79362 0.773581 0.750803 0.725231 0.696861 0.665761 0.63207 0.596016 0.557909 0.518142 0.477185 0.435562 0.393842 0.352607 0.312432 0.273858 0.237367 0.203363 0.172156 0.143955 0.118864 0.0968885 0.0779436 0.0618694 0.0484472 0.0374178 0.0284993 0.0214032 0.0158473 0.011567 0.00832224 0.00590185 0.00412527 0.00284214 0.00193038 0.00129321 0.000855775 0.000561606 0.000369347 0.000249866 0.000184001 
0.000184637 0.00020238 0.000267779 0.000392502 0.000597441 0.000914698 0.0013902 0.00208689 0.00308846 0.00450312 0.00646734 0.00914886 0.0127484 0.0174998 0.023667 0.0315387 0.0414194 0.0536161 0.0684235 0.0861047 0.106872 0.130869 0.158149 0.188665 0.222261 0.258668 0.297509 0.338316 0.380543 0.423595 0.466853 0.509701 0.551556 0.591888 0.630244 0.666252 0.699637 0.730215 0.75789 0.782644 0.804527 0.823638 0.840115 0.85412 0.865822 0.875392 0.882986 0.888743 0.892776 0.89517 0.895974 0.895205 0.892845 0.888841 0.883107 0.875527 0.865961 0.854248 0.840218 0.823698 0.804526 0.782565 0.757714 0.729929 0.699231 0.665721 0.629589 0.591122 0.550694 0.50877 0.465884 0.422623 0.379606 0.337449 0.296744 0.25803 0.221769 0.188327 0.157963 0.130827 0.106957 0.0862934 0.0686919 0.0539386 0.0417715 0.0318989 0.0240174 0.017827 0.0130433 0.00940633 0.00668575 0.00468344 0.00323357 0.00220077 0.00147733 0.00097956 0.000644131 0.000424507 0.000287824 0.000212424 
