2.20935e-12 2.28846e-12 3.66085e-12 7.03114e-12 1.40361e-11 2.79128e-11 5.47357e-11 1.05592e-10 2.00289e-10 3.73506e-10 6.84779e-10 1.23432e-09 2.18749e-09 3.81183e-09 6.53155e-09 1.1006e-08 1.82396e-08 2.97311e-08 4.76721e-08 7.52008e-08 1.16717e-07 1.78257e-07 2.67923e-07 3.96344e-07 5.77135e-07 8.27313e-07 1.16759e-06 1.62247e-06 2.22006e-06 2.99148e-06 3.96987e-06 5.18877e-06 6.68011e-06 8.47161e-06 1.0584e-05 1.3028e-05 1.58015e-05 1.88872e-05 2.22512e-05 2.58423e-05 2.95928e-05 3.34208e-05 3.72329e-05 4.09289e-05 4.44059e-05 4.75633e-05 5.03079e-05 5.25571e-05 5.4243e-05 5.53145e-05 5.57391e-05 5.5504e-05 5.46167e-05 5.31043e-05 5.10132e-05 4.84071e-05 4.53649e-05 4.19775e-05 3.83439e-05 3.45664e-05 3.07461e-05 2.6978e-05 2.33468e-05 1.99235e-05 1.67633e-05 1.39044e-05 1.13684e-05 9.16136e-06 7.27617e-06 5.69508e-06 4.39266e-06 3.33861e-06 2.50031e-06 1.84497e-06 1.34133e-06 9.60736e-07 6.77911e-07 4.71209e-07 3.22624e-07 2.17567e-07 1.44499e-07 9.45117e-08 6.08718e-08 3.86034e-08 2.41035e-08 1.48167e-08 8.9662e-09 5.34108e-09 3.13179e-09 1.80751e-09 1.02679e-09 5.74096e-10 3.1593e-10 1.71122e-10 9.12315e-11 4.78828e-11 2.4756e-11 1.26417e-11 6.4504e-12 3.45348e-12 
2.28846e-12 2.37391e-12 3.82447e-12 7.39831e-12 1.48622e-11 2.97259e-11 5.86082e-11 1.13651e-10 2.16648e-10 4.05938e-10 7.47623e-10 1.35343e-09 2.40843e-09 4.21312e-09 7.24563e-09 1.22514e-08 2.0369e-08 3.33024e-08 5.35485e-08 8.46908e-08 1.31763e-07 2.01682e-07 3.03749e-07 4.50177e-07 6.56634e-07 9.4272e-07 1.33231e-06 1.85368e-06 2.53927e-06 3.42504e-06 4.54925e-06 5.9507e-06 7.66628e-06 9.72806e-06 1.216e-05 1.49744e-05 1.81689e-05 2.17234e-05 2.55986e-05 2.97354e-05 3.40555e-05 3.84642e-05 4.28538e-05 4.71086e-05 5.11101e-05 5.47427e-05 5.78992e-05 6.04848e-05 6.24216e-05 6.3651e-05 6.41361e-05 6.38623e-05 6.28382e-05 6.10949e-05 5.86857e-05 5.56839e-05 5.21802e-05 4.8279e-05 4.40942e-05 3.97438e-05 3.53442e-05 3.1005e-05 2.68239e-05 2.28829e-05 1.92455e-05 1.59559e-05 1.30388e-05 1.05011e-05 8.33448e-06 6.51841e-06 5.02339e-06 3.81434e-06 2.85356e-06 2.10317e-06 1.52707e-06 1.09223e-06 7.69496e-07 5.33962e-07 3.64914e-07 2.45592e-07 1.62759e-07 1.06205e-07 6.82311e-08 4.31535e-08 2.68667e-08 1.64644e-08 9.93073e-09 5.89515e-09 3.44401e-09 1.98004e-09 1.12024e-09 6.23693e-10 3.41702e-10 1.84225e-10 9.77452e-11 5.10449e-11 2.62533e-11 1.33326e-11 6.76238e-12 3.59682e-12 
3.66085e-12 3.82447e-12 6.19523e-12 1.2014e-11 2.41616e-11 4.83558e-11 9.53732e-11 1.84971e-10 3.52588e-10 6.60498e-10 1.21594e-09 2.19989e-09 3.91162e-09 6.83607e-09 1.1743e-08 1.98297e-08 3.29199e-08 5.37345e-08 8.62484e-08 1.36147e-07 2.11386e-07 3.22863e-07 4.85167e-07 7.17383e-07 1.04389e-06 1.49506e-06 2.10772e-06 2.92527e-06 3.9973e-06 5.37846e-06 7.12658e-06 9.29989e-06 1.19533e-05 1.5134e-05 1.88764e-05 2.3197e-05 2.80897e-05 3.35219e-05 3.94316e-05 4.57275e-05 5.22898e-05 5.89746e-05 6.56189e-05 7.20487e-05 7.80865e-05 8.35595e-05 8.83081e-05 9.2192e-05 9.50957e-05 9.69332e-05 9.76499e-05 9.72248e-05 9.56709e-05 9.30347e-05 8.93954e-05 8.48618e-05 7.95689e-05 7.36727e-05 6.73431e-05 6.07568e-05 5.40889e-05 4.75044e-05 4.11513e-05 3.51541e-05 2.96102e-05 2.45878e-05 2.01262e-05 1.62375e-05 1.29109e-05 1.01167e-05 7.81151e-06 5.94316e-06 4.4551e-06 3.29021e-06 2.39379e-06 1.71558e-06 1.21105e-06 8.41983e-07 5.76495e-07 3.88684e-07 2.58026e-07 1.68639e-07 1.08501e-07 6.87149e-08 4.28325e-08 2.62762e-08 1.58631e-08 9.42374e-09 5.50861e-09 3.1683e-09 1.79292e-09 9.98257e-10 5.46846e-10 2.94738e-10 1.56306e-10 8.15734e-11 4.19202e-11 2.12687e-11 1.07778e-11 5.73216e-12 
7.03114e-12 7.39831e-12 1.2014e-11 2.32763e-11 4.67205e-11 9.32961e-11 1.83576e-10 3.55159e-10 6.75259e-10 1.26157e-09 2.31603e-09 4.17809e-09 7.40685e-09 1.29044e-08 2.20964e-08 3.71899e-08 6.15311e-08 1.00087e-07 1.60078e-07 2.51774e-07 3.89475e-07 5.92651e-07 8.87226e-07 1.30692e-06 1.89454e-06 2.7031e-06 3.7965e-06 5.24957e-06 7.14718e-06 9.58228e-06 1.26524e-05 1.64549e-05 2.10805e-05 2.66058e-05 3.3085e-05 4.05412e-05 4.89588e-05 5.82773e-05 6.83872e-05 7.91298e-05 9.02998e-05 0.000101652 0.000112912 0.000123787 0.00013398 0.000143204 0.000151193 0.000157716 0.000162584 0.000165653 0.000166836 0.000166098 0.000163461 0.000159003 0.000152854 0.000145196 0.000136252 0.00012628 0.000115565 0.000104402 9.30834e-05 8.18882e-05 7.10664e-05 6.08302e-05 5.1347e-05 4.27355e-05 3.5066e-05 2.83636e-05 2.26136e-05 1.77695e-05 1.37608e-05 1.05011e-05 7.89624e-06 5.85008e-06 4.26993e-06 3.07014e-06 2.17437e-06 1.5167e-06 1.04187e-06 7.04732e-07 4.69339e-07 3.07718e-07 1.98598e-07 1.26156e-07 7.88698e-08 4.85226e-08 2.93746e-08 1.74971e-08 1.02542e-08 5.91229e-09 3.35365e-09 1.87145e-09 1.02739e-09 5.54875e-10 2.94835e-10 1.54155e-10 7.93602e-11 4.03361e-11 2.04828e-11 1.09307e-11 
1.40361e-11 1.48622e-11 2.41616e-11 4.67205e-11 9.35228e-11 1.86212e-10 3.6531e-10 7.04592e-10 1.33543e-09 2.48696e-09 4.55064e-09 8.18174e-09 1.44546e-08 2.50947e-08 4.28158e-08 7.17984e-08 1.18348e-07 1.91775e-07 3.05539e-07 4.78683e-07 7.37561e-07 1.11786e-06 1.66679e-06 2.4454e-06 3.53074e-06 5.01756e-06 7.01936e-06 9.66816e-06 1.31127e-05 1.75144e-05 2.30417e-05 2.98605e-05 3.8124e-05 4.79587e-05 5.94509e-05 7.26319e-05 8.74654e-05 0.000103837 0.000121549 0.000140319 0.000159788 0.000179529 0.000199067 0.000217899 0.000235518 0.000251435 0.000265199 0.000276419 0.000284774 0.000290026 0.000292027 0.000290721 0.000286144 0.00027843 0.000267798 0.000254556 0.000239083 0.00022182 0.000203248 0.000183874 0.000164201 0.000144708 0.000125828 0.000107931 9.13124e-05 7.61833e-05 6.2673e-05 5.08325e-05 4.06439e-05 3.20333e-05 2.48839e-05 1.90506e-05 1.43723e-05 1.0684e-05 7.82505e-06 5.64596e-06 4.01272e-06 2.80892e-06 1.93636e-06 1.3144e-06 8.78433e-07 5.77934e-07 3.7427e-07 2.38551e-07 1.4963e-07 9.23545e-08 5.60871e-08 3.3512e-08 1.9699e-08 1.13914e-08 6.48008e-09 3.62618e-09 1.9961e-09 1.0809e-09 5.75812e-10 3.01816e-10 1.5576e-10 7.93659e-11 4.04178e-11 2.16589e-11 
2.79128e-11 2.97259e-11 4.83558e-11 9.32961e-11 1.86212e-10 3.69633e-10 7.2288e-10 1.38982e-09 2.62561e-09 4.87343e-09 8.88727e-09 1.59236e-08 2.8033e-08 4.84934e-08 8.24352e-08 1.37722e-07 2.26151e-07 3.65051e-07 5.79333e-07 9.0404e-07 1.38739e-06 2.09428e-06 3.11007e-06 4.5444e-06 6.53478e-06 9.24925e-06 1.28877e-05 1.7681e-05 2.38874e-05 3.17851e-05 4.16614e-05 5.37969e-05 6.84466e-05 8.58171e-05 0.000106043 0.000129162 0.000155096 0.000183632 0.000214415 0.000246949 0.000280609 0.000314661 0.00034829 0.00038064 0.00041085 0.000438094 0.000461617 0.00048076 0.00049499 0.000503909 0.000507271 0.000504983 0.00049711 0.000483874 0.000465646 0.000442939 0.000416392 0.000386747 0.00035482 0.000321467 0.000287544 0.00025387 0.000221189 0.000190142 0.000161242 0.000134863 0.000111242 9.04793e-05 7.25576e-05 5.73618e-05 4.47017e-05 3.43354e-05 2.59913e-05 1.93881e-05 1.42499e-05 1.03183e-05 7.35981e-06 5.17048e-06 3.57719e-06 2.43693e-06 1.63446e-06 1.07914e-06 7.01296e-07 4.48529e-07 2.82291e-07 1.74815e-07 1.06512e-07 6.38436e-08 3.76456e-08 2.18357e-08 1.24584e-08 6.99186e-09 3.85972e-09 2.09585e-09 1.11951e-09 5.88357e-10 3.04432e-10 1.55536e-10 7.94494e-11 4.27586e-11 
5.47357e-11 5.86082e-11 9.53732e-11 1.83576e-10 3.6531e-10 7.2288e-10 1.40921e-09 2.70058e-09 5.08503e-09 9.40664e-09 1.70952e-08 3.05228e-08 5.35428e-08 9.22851e-08 1.56297e-07 2.60134e-07 4.25524e-07 6.842e-07 1.08153e-06 1.68095e-06 2.56925e-06 3.86249e-06 5.71237e-06 8.31254e-06 1.19042e-05 1.67801e-05 2.32861e-05 3.18188e-05 4.28181e-05 5.67544e-05 7.41084e-05 9.53446e-05 0.000120879 0.00015104 0.000186029 0.000225885 0.000270445 0.000319321 0.000371891 0.000427298 0.000484474 0.000542176 0.000599036 0.000653623 0.000704503 0.000750311 0.000789797 0.000821881 0.000845686 0.000860566 0.000866116 0.00086219 0.000848895 0.000826596 0.000795904 0.000757665 0.000712932 0.000662932 0.000609016 0.000552609 0.000495141 0.000437984 0.000382395 0.000329462 0.000280065 0.000234857 0.000194256 0.000158458 0.000127458 0.000101084 7.90335e-05 6.09114e-05 4.62693e-05 3.46369e-05 2.55494e-05 1.85676e-05 1.32925e-05 9.37277e-06 6.50842e-06 4.45006e-06 2.99554e-06 1.98491e-06 1.29451e-06 8.30834e-07 5.24705e-07 3.26034e-07 1.99305e-07 1.19852e-07 7.08956e-08 4.12496e-08 2.36064e-08 1.32876e-08 7.35642e-09 4.0059e-09 2.14571e-09 1.13074e-09 5.86652e-10 3.00549e-10 1.54004e-10 8.3246e-11 
1.05592e-10 1.13651e-10 1.84971e-10 3.55159e-10 7.04592e-10 1.38982e-09 2.70058e-09 5.15828e-09 9.6801e-09 1.78457e-08 3.23189e-08 5.74989e-08 1.00499e-07 1.72578e-07 2.91184e-07 4.82782e-07 7.86652e-07 1.25985e-06 1.98348e-06 3.07026e-06 4.67344e-06 6.99668e-06 1.03044e-05 1.4932e-05 2.12941e-05 2.98907e-05 4.13079e-05 5.62124e-05 7.53382e-05 9.94626e-05 0.000129372 0.000165818 0.000209459 0.000260804 0.000320144 0.000387491 0.000462527 0.000544563 0.000632529 0.000724977 0.000820121 0.000915902 0.00101007 0.00110028 0.00118421 0.00125963 0.00132454 0.0013772 0.0014162 0.00144051 0.00144949 0.0014429 0.00142093 0.00138415 0.00133355 0.0012705 0.00119669 0.00111409 0.00102492 0.000931477 0.000836104 0.000741057 0.000648408 0.000559969 0.000477218 0.000401268 0.000332851 0.000272332 0.000219748 0.000174851 0.000137174 0.000106091 8.08779e-05 6.07663e-05 4.49897e-05 3.28182e-05 2.3583e-05 1.66916e-05 1.16343e-05 7.98463e-06 5.39481e-06 3.58787e-06 2.34841e-06 1.51262e-06 9.58635e-07 5.97715e-07 3.66617e-07 2.21194e-07 1.31266e-07 7.66165e-08 4.3982e-08 2.48315e-08 1.37881e-08 7.52998e-09 4.04477e-09 2.13743e-09 1.112e-09 5.71296e-10 2.93675e-10 1.5945e-10 
2.00289e-10 2.16648e-10 3.52588e-10 6.75259e-10 1.33543e-09 2.62561e-09 5.08503e-09 9.6801e-09 1.81037e-08 3.32589e-08 6.0019e-08 1.06395e-07 1.85276e-07 3.16966e-07 5.32762e-07 8.7988e-07 1.42802e-06 2.27783e-06 3.57152e-06 5.50553e-06 8.34523e-06 1.2441e-05 1.82445e-05 2.63248e-05 3.73804e-05 5.22468e-05 7.18962e-05 9.74255e-05 0.000130031 0.000170969 0.000221494 0.000282789 0.000355873 0.000441504 0.000540078 0.000651532 0.000775264 0.000910082 0.00105418 0.00120517 0.00136013 0.00151572 0.00166833 0.00181421 0.00194966 0.00207117 0.00217556 0.00226011 0.00232262 0.00236148 0.00237569 0.00236489 0.00232937 0.00227005 0.00218846 0.00208675 0.0019676 0.00183412 0.0016898 0.00153832 0.00138341 0.0012287 0.00107753 0.000932858 0.00079711 0.000672143 0.000559209 0.000458974 0.000371569 0.000296664 0.000233561 0.000181294 0.000138721 0.00010462 7.7754e-05 5.69374e-05 4.10735e-05 2.91838e-05 2.04201e-05 1.40682e-05 9.54131e-06 6.36939e-06 4.18449e-06 2.70507e-06 1.7205e-06 1.07651e-06 6.62566e-07 4.01099e-07 2.38813e-07 1.39839e-07 8.05287e-08 4.56055e-08 2.53998e-08 1.39123e-08 7.49473e-09 3.97179e-09 2.07215e-09 1.06766e-09 5.50628e-10 3.0031e-10 
3.73506e-10 4.05938e-10 6.60498e-10 1.26157e-09 2.48696e-09 4.87343e-09 9.40664e-09 1.78457e-08 3.32589e-08 6.08843e-08 1.09475e-07 1.93352e-07 3.35444e-07 5.71681e-07 9.5716e-07 1.57454e-06 2.54515e-06 4.04318e-06 6.31316e-06 9.69081e-06 1.46266e-05 2.17112e-05 3.1701e-05 4.55413e-05 6.43841e-05 8.95964e-05 0.000122756 0.000165626 0.000220113 0.000288197 0.000371832 0.000472831 0.000592721 0.000732593 0.000892944 0.00107353 0.00127327 0.00149012 0.00172114 0.00196244 0.00220937 0.00245664 0.00269857 0.0029293 0.0031431 0.00333452 0.00349871 0.00363146 0.00372944 0.00379019 0.00381219 0.00379492 0.00373879 0.00364524 0.00351661 0.00335619 0.00316808 0.00295711 0.00272865 0.00248843 0.00224227 0.00199586 0.00175449 0.00152285 0.00130486 0.00110353 0.000920983 0.000758381 0.00061606 0.000493615 0.000390043 0.000303895 0.000233426 0.00017673 0.000131865 9.69455e-05 7.02133e-05 5.00868e-05 3.5185e-05 2.43356e-05 1.65691e-05 1.11034e-05 7.32217e-06 4.75106e-06 3.03284e-06 1.90444e-06 1.17625e-06 7.14521e-07 4.26856e-07 2.50772e-07 1.44877e-07 8.23061e-08 4.59815e-08 2.52617e-08 1.36491e-08 7.25431e-09 3.79562e-09 1.96144e-09 1.01498e-09 5.56099e-10 
6.84779e-10 7.47623e-10 1.21594e-09 2.31603e-09 4.55064e-09 8.88727e-09 1.70952e-08 3.23189e-08 6.0019e-08 1.09475e-07 1.96124e-07 3.45093e-07 5.96416e-07 1.0125e-06 1.68853e-06 2.76648e-06 4.45357e-06 7.04542e-06 1.09545e-05 1.67433e-05 2.51614e-05 3.71848e-05 5.40539e-05 7.73071e-05 0.000108804 0.000150734 0.000205599 0.000276172 0.000365419 0.000476384 0.000612032 0.000775066 0.000967702 0.00119144 0.00144684 0.00173329 0.00204887 0.00239024 0.00275262 0.00312991 0.00351482 0.00389918 0.00427427 0.00463115 0.00496112 0.005256 0.00550846 0.00571226 0.00586241 0.00595525 0.00598857 0.00596158 0.00587492 0.00573071 0.00553248 0.00528512 0.00499479 0.00466874 0.00431509 0.00394251 0.00355989 0.00317594 0.00279884 0.00243589 0.00209324 0.00177574 0.00148681 0.00122849 0.0010015 0.000805405 0.000638831 0.000499672 0.000385328 0.000292912 0.000219441 0.000161989 0.000117802 8.43775e-05 5.95143e-05 4.13286e-05 2.8251e-05 1.9006e-05 1.2582e-05 8.195e-06 5.2508e-06 3.30924e-06 2.05124e-06 1.25041e-06 7.4956e-07 4.41838e-07 2.561e-07 1.45962e-07 8.18009e-08 4.50794e-08 2.44305e-08 1.30231e-08 6.83414e-09 3.54235e-09 1.83933e-09 1.01244e-09 
1.23432e-09 1.35343e-09 2.19989e-09 4.17809e-09 8.18174e-09 1.59236e-08 3.05228e-08 5.74989e-08 1.06395e-07 1.93352e-07 3.45093e-07 6.04902e-07 1.04139e-06 1.76093e-06 2.92486e-06 4.77251e-06 7.65097e-06 1.20524e-05 1.86591e-05 2.8395e-05 4.24828e-05 6.25025e-05 9.04471e-05 0.000128768 0.000180404 0.000248784 0.000337789 0.000451678 0.000594956 0.000772186 0.000987748 0.00124555 0.0015487 0.00189917 0.00229743 0.0027422 0.0032302 0.00375604 0.00431222 0.00488929 0.00547615 0.00606044 0.00662909 0.00716882 0.00766673 0.00811079 0.00849028 0.0087961 0.00902101 0.00915974 0.00920908 0.0091679 0.00903717 0.00881995 0.00852137 0.00814856 0.00771052 0.00721788 0.00668259 0.0061175 0.00553584 0.00495064 0.00437425 0.00381777 0.00329067 0.00280052 0.00235281 0.00195094 0.00159634 0.00128868 0.00102618 0.000805874 0.000624005 0.000476315 0.000358335 0.000265631 0.000193984 0.000139525 9.88213e-05 6.89073e-05 4.72946e-05 3.19453e-05 2.12314e-05 1.38822e-05 8.92861e-06 5.64814e-06 3.5138e-06 2.14964e-06 1.29313e-06 7.64868e-07 4.44826e-07 2.54359e-07 1.4301e-07 7.90597e-08 4.29787e-08 2.29805e-08 1.20959e-08 6.28916e-09 3.27703e-09 1.81232e-09 
2.18749e-09 2.40843e-09 3.91162e-09 7.40685e-09 1.44546e-08 2.8033e-08 5.35428e-08 1.00499e-07 1.85276e-07 3.35444e-07 5.96416e-07 1.04139e-06 1.78576e-06 3.00749e-06 4.97498e-06 8.08394e-06 1.29048e-05 2.02413e-05 3.11999e-05 4.72687e-05 7.04025e-05 0.000103108 0.000148521 0.000210467 0.000293492 0.000402844 0.000544414 0.000724587 0.000950038 0.00122743 0.00156306 0.00196241 0.00242965 0.00296721 0.00357523 0.00425121 0.00498973 0.00578229 0.00661738 0.00748074 0.00835582 0.0092244 0.0100673 0.0108653 0.0115998 0.0122534 0.012811 0.0132595 0.0135888 0.0137914 0.0138628 0.0138015 0.0136088 0.0132891 0.0128497 0.0123005 0.0116546 0.010927 0.0101349 0.00929685 0.00843211 0.00755972 0.00669786 0.00586305 0.00506955 0.0043289 0.00364969 0.00303748 0.00249493 0.00202208 0.00161674 0.00127493 0.000991378 0.000759971 0.000574192 0.00042748 0.000313523 0.000226473 0.000161086 0.000112797 7.77403e-05 5.27251e-05 3.51832e-05 2.30956e-05 1.49121e-05 9.46916e-06 5.91291e-06 3.63056e-06 2.19181e-06 1.30097e-06 7.59207e-07 4.35589e-07 2.4571e-07 1.36275e-07 7.43169e-08 3.98608e-08 2.1046e-08 1.09774e-08 5.74042e-09 3.18986e-09 
3.81183e-09 4.21312e-09 6.83607e-09 1.29044e-08 2.50947e-08 4.84934e-08 9.22851e-08 1.72578e-07 3.16966e-07 5.71681e-07 1.0125e-06 1.76093e-06 3.00749e-06 5.0444e-06 8.30974e-06 1.34456e-05 2.13716e-05 3.33749e-05 5.12154e-05 7.72429e-05 0.00011452 0.000166944 0.000239348 0.000337575 0.000468504 0.000639999 0.000860786 0.00114022 0.00148794 0.00191342 0.00242544 0.00303142 0.00373676 0.00454414 0.00545291 0.00645854 0.0075523 0.00872111 0.00994772 0.0112111 0.0124872 0.0137496 0.0149712 0.0161245 0.0171835 0.0181238 0.0189244 0.0195673 0.0200384 0.0203276 0.0204287 0.0203396 0.0200622 0.0196025 0.0189705 0.0181802 0.0172492 0.0161988 0.0150531 0.013838 0.0125809 0.011309 0.0100484 0.00882314 0.00765416 0.00655872 0.00554995 0.00463669 0.00382365 0.00311169 0.0024984 0.00197865 0.00154528 0.00118979 0.000902915 0.000675186 0.000497383 0.000360861 0.000257791 0.000181289 0.000125476 8.54561e-05 5.72589e-05 3.77388e-05 2.44633e-05 1.55945e-05 9.77488e-06 6.02423e-06 3.65018e-06 2.17437e-06 1.27335e-06 7.33085e-07 4.14917e-07 2.3088e-07 1.26318e-07 6.79682e-08 3.60001e-08 1.88385e-08 9.88729e-09 5.52082e-09 
6.53155e-09 7.24563e-09 1.1743e-08 2.20964e-08 4.28158e-08 8.24352e-08 1.56297e-07 2.91184e-07 5.32762e-07 9.5716e-07 1.68853e-06 2.92486e-06 4.97498e-06 8.30974e-06 1.36309e-05 2.19607e-05 3.47536e-05 5.40317e-05 8.25399e-05 0.000123915 0.000182863 0.000265316 0.000378572 0.00053137 0.000733891 0.000997657 0.0013353 0.00176017 0.00228586 0.00292547 0.00369084 0.00459167 0.00563453 0.006822 0.0081518 0.00961615 0.0112014 0.0128879 0.0146503 0.0164585 0.0182781 0.0200723 0.0218029 0.0234322 0.0249244 0.0262464 0.0273697 0.0282701 0.0289287 0.0293321 0.029472 0.0293457 0.0289557 0.0283101 0.0274221 0.0263106 0.0249996 0.0235177 0.0218977 0.0201754 0.0183885 0.016575 0.0147714 0.013012 0.0113267 0.00974094 0.00827415 0.0069401 0.00574673 0.00469654 0.00378726 0.00301265 0.00236336 0.00182789 0.00139345 0.00104673 0.000774569 0.000564488 0.00040505 0.0002861 0.000198876 0.000136024 9.15235e-05 6.05707e-05 3.94222e-05 2.52299e-05 1.5876e-05 9.82157e-06 5.97327e-06 3.57121e-06 2.09886e-06 1.21259e-06 6.88676e-07 3.84506e-07 2.11067e-07 1.1394e-07 6.0545e-08 3.1788e-08 1.67462e-08 9.3965e-09 
1.1006e-08 1.22514e-08 1.98297e-08 3.71899e-08 7.17984e-08 1.37722e-07 2.60134e-07 4.82782e-07 8.7988e-07 1.57454e-06 2.76648e-06 4.77251e-06 8.08394e-06 1.34456e-05 2.19607e-05 3.5226e-05 5.54986e-05 8.58944e-05 0.000130612 0.000195171 0.000286653 0.000413914 0.000587741 0.000820927 0.00112822 0.00152611 0.00203245 0.00266587 0.00344495 0.00438732 0.00550843 0.00682039 0.00833069 0.010041 0.0119462 0.0140334 0.0162818 0.0186628 0.0211401 0.0236711 0.0262083 0.0287012 0.0310979 0.0333477 0.0354025 0.0372188 0.0387587 0.0399908 0.0408905 0.0414402 0.0416295 0.0414547 0.0409193 0.0400336 0.0388149 0.0372878 0.0354838 0.0334406 0.0312018 0.0288155 0.0263321 0.0238032 0.0212793 0.0188075 0.0164301 0.0141831 0.012095 0.0101867 0.00847101 0.00695329 0.0056322 0.00450063 0.00354691 0.00275601 0.00211075 0.00159291 0.00118418 0.000866966 0.000624919 0.00044338 0.000309568 0.000212654 0.000143696 9.54981e-05 6.24108e-05 4.01039e-05 2.53355e-05 1.57346e-05 9.60588e-06 5.76448e-06 3.40028e-06 1.97152e-06 1.12364e-06 6.29523e-07 3.46733e-07 1.878e-07 1.00123e-07 5.27463e-08 2.78931e-08 1.57288e-08 
1.82396e-08 2.0369e-08 3.29199e-08 6.15311e-08 1.18348e-07 2.26151e-07 4.25524e-07 7.86652e-07 1.42802e-06 2.54515e-06 4.45357e-06 7.65097e-06 1.29048e-05 2.13716e-05 3.47536e-05 5.54986e-05 8.70432e-05 0.000134097 0.000202957 0.00030184 0.000441192 0.00063396 0.000895764 0.00124493 0.00170236 0.00229111 0.00303583 0.0039618 0.00509381 0.00645477 0.00806414 0.00993629 0.0120789 0.0144914 0.0171639 0.0200762 0.0231973 0.0264863 0.0298926 0.0333576 0.0368172 0.0402034 0.0434479 0.046484 0.0492493 0.0516875 0.0537502 0.0553974 0.056598 0.0573301 0.0575803 0.0573444 0.0566266 0.0554399 0.0538062 0.0517565 0.0493311 0.0465783 0.0435546 0.0403223 0.0369478 0.0334995 0.0300446 0.0266472 0.0233651 0.0202485 0.0173382 0.0146648 0.0122485 0.0100994 0.00821824 0.00659783 0.00522427 0.00407864 0.00313858 0.00237983 0.00177755 0.00130747 0.000946809 0.000674833 0.000473293 0.000326565 0.000221631 0.000147923 9.70782e-05 6.26376e-05 3.97311e-05 2.47728e-05 1.51825e-05 9.1457e-06 5.41491e-06 3.15113e-06 1.80239e-06 1.01335e-06 5.60071e-07 3.04381e-07 1.62825e-07 8.60756e-08 4.5695e-08 2.58961e-08 
2.97311e-08 3.33024e-08 5.37345e-08 1.00087e-07 1.91775e-07 3.65051e-07 6.842e-07 1.25985e-06 2.27783e-06 4.04318e-06 7.04542e-06 1.20524e-05 2.02413e-05 3.33749e-05 5.40317e-05 8.58944e-05 0.000134097 0.000205622 0.000309738 0.000458429 0.000666805 0.000953412 0.0013404 0.00185347 0.00252155 0.00337621 0.00445058 0.00577812 0.00739091 0.00931776 0.0115821 0.0142 0.0171779 0.0205111 0.0241822 0.0281602 0.0324008 0.0368465 0.0414284 0.0460682 0.0506808 0.055178 0.0594714 0.0634758 0.0671122 0.0703103 0.0730097 0.0751611 0.0767263 0.0776787 0.0780022 0.0776915 0.0767518 0.075199 0.0730599 0.0703726 0.0671867 0.0635628 0.0595714 0.0552916 0.0508085 0.04621 0.0415842 0.0370152 0.0325808 0.0283493 0.0243775 0.0207093 0.0173755 0.0143934 0.0117679 0.00949297 0.0075531 0.00592547 0.00458194 0.00349111 0.00262016 0.00193647 0.00140892 0.00100888 0.00071083 0.000492678 0.000335852 0.000225136 0.000148384 9.6144e-05 6.12357e-05 3.83355e-05 2.35878e-05 1.42642e-05 8.47761e-06 4.95185e-06 2.84275e-06 1.60401e-06 8.89646e-07 4.85171e-07 2.60429e-07 1.38159e-07 7.36338e-08 4.19398e-08 
4.76721e-08 5.35485e-08 8.62484e-08 1.60078e-07 3.05539e-07 5.79333e-07 1.08153e-06 1.98348e-06 3.57152e-06 6.31316e-06 1.09545e-05 1.86591e-05 3.11999e-05 5.12154e-05 8.25399e-05 0.000130612 0.000202957 0.000309738 0.000464326 0.000683871 0.000989793 0.00140812 0.00196961 0.00270954 0.0036671 0.0048844 0.00640496 0.00827182 0.0105252 0.0132 0.0163232 0.019911 0.0239664 0.0284776 0.0334162 0.0387366 0.0443762 0.050257 0.056287 0.0623639 0.0683782 0.0742176 0.0797711 0.084933 0.0896061 0.0937047 0.0971559 0.0999008 0.101894 0.103105 0.103513 0.103114 0.101913 0.0999292 0.0971936 0.093752 0.0896636 0.0850017 0.0798525 0.0743132 0.0684896 0.0624925 0.0564335 0.0504212 0.0445573 0.0389326 0.0336242 0.0286941 0.0241872 0.0201317 0.0165395 0.0134078 0.0107208 0.00845243 0.00656844 0.00502947 0.0037933 0.00281715 0.00205954 0.00148178 0.0010489 0.000730342 0.000500117 0.00033674 0.000222909 0.00014505 9.2773e-05 5.83182e-05 3.60281e-05 2.18735e-05 1.30505e-05 7.65196e-06 4.40922e-06 2.49698e-06 1.38989e-06 7.60653e-07 4.09731e-07 2.18144e-07 1.16728e-07 6.68225e-08 
7.52008e-08 8.46908e-08 1.36147e-07 2.51774e-07 4.78683e-07 9.0404e-07 1.68095e-06 3.07026e-06 5.50553e-06 9.69081e-06 1.67433e-05 2.8395e-05 4.72687e-05 7.72429e-05 0.000123915 0.000195171 0.00030184 0.000458429 0.000683871 0.00100223 0.00144328 0.00204281 0.00284265 0.00389016 0.00523725 0.00693879 0.00905044 0.011626 0.0147142 0.0183557 0.0225793 0.0273991 0.0328117 0.0387938 0.0453015 0.0522695 0.0596123 0.0672259 0.0749909 0.0827768 0.0904461 0.0978598 0.104882 0.111386 0.117254 0.122386 0.126697 0.130118 0.132598 0.134101 0.134606 0.134106 0.132607 0.130132 0.126715 0.122409 0.117284 0.111423 0.104931 0.0979222 0.0905253 0.0828756 0.0751115 0.0673695 0.059779 0.0524582 0.0455096 0.0390178 0.033047 0.0276406 0.0228217 0.0185936 0.0149427 0.0118409 0.00924828 0.00711717 0.00539477 0.00402637 0.00295801 0.00213848 0.00152096 0.001064 0.000731952 0.000495069 0.000329173 0.000215132 0.000138185 8.72293e-05 5.41107e-05 3.29843e-05 1.97575e-05 1.16293e-05 6.7265e-06 3.82344e-06 2.13599e-06 1.17316e-06 6.34178e-07 3.38869e-07 1.82063e-07 1.04754e-07 
1.16717e-07 1.31763e-07 2.11386e-07 3.89475e-07 7.37561e-07 1.38739e-06 2.56925e-06 4.67344e-06 8.34523e-06 1.46266e-05 2.51614e-05 4.24828e-05 7.04025e-05 0.00011452 0.000182863 0.000286653 0.000441192 0.000666805 0.000989793 0.00144328 0.00206781 0.00291166 0.00403049 0.00548656 0.00734704 0.00968168 0.0125598 0.0160465 0.020199 0.0250618 0.0306633 0.0370118 0.0440927 0.0518666 0.060268 0.0692064 0.0785675 0.0882165 0.098002 0.107762 0.117327 0.126531 0.135212 0.143221 0.150423 0.156702 0.161963 0.166129 0.169143 0.170966 0.171576 0.170964 0.169138 0.166122 0.161954 0.156692 0.150414 0.143215 0.135214 0.126544 0.117357 0.107812 0.0980775 0.0883201 0.0787008 0.0693695 0.0604593 0.0520828 0.0443294 0.0372633 0.0309233 0.0253239 0.0204568 0.0162942 0.0127923 0.00989515 0.00753869 0.00565488 0.00417511 0.00303322 0.00216779 0.00152371 0.00105311 0.000715569 0.000477935 0.000313741 0.000202402 0.000128311 7.99277e-05 4.89215e-05 2.94215e-05 1.73858e-05 1.00948e-05 5.75969e-06 3.22957e-06 1.78023e-06 9.65806e-07 5.17973e-07 2.79428e-07 1.61595e-07 
1.78257e-07 2.01682e-07 3.22863e-07 5.92651e-07 1.11786e-06 2.09428e-06 3.86249e-06 6.99668e-06 1.2441e-05 2.17112e-05 3.71848e-05 6.25025e-05 0.000103108 0.000166944 0.000265316 0.000413914 0.00063396 0.000953412 0.00140812 0.00204281 0.00291166 0.0040784 0.00561566 0.00760343 0.0101267 0.0132718 0.0171228 0.021756 0.0272352 0.0336066 0.040894 0.049095 0.0581778 0.0680802 0.078709 0.0899419 0.10163 0.113603 0.125673 0.137644 0.149315 0.160491 0.170984 0.180625 0.189263 0.19677 0.203043 0.207998 0.211577 0.213738 0.214457 0.213727 0.211556 0.207967 0.203001 0.19672 0.189205 0.180564 0.170925 0.160439 0.149278 0.137628 0.125684 0.113646 0.101709 0.0900581 0.0788628 0.0682694 0.0583984 0.0493412 0.0411591 0.033883 0.0275151 0.0220318 0.0173878 0.0135201 0.0103538 0.00780637 0.0057928 0.00422949 0.00303762 0.00214545 0.00148988 0.00101708 0.000682437 0.000450005 0.000291592 0.000185654 0.000116139 7.13813e-05 4.31038e-05 2.55726e-05 1.49063e-05 8.53742e-06 4.805e-06 2.65837e-06 1.44745e-06 7.79169e-07 4.22065e-07 2.45327e-07 
2.67923e-07 3.03749e-07 4.85167e-07 8.87226e-07 1.66679e-06 3.11007e-06 5.71237e-06 1.03044e-05 1.82445e-05 3.1701e-05 5.40539e-05 9.04471e-05 0.000148521 0.000239348 0.000378572 0.000587741 0.000895764 0.0013404 0.00196961 0.00284265 0.00403049 0.00561566 0.00769087 0.0103567 0.0137181 0.0178795 0.0229393 0.028984 0.0360813 0.0442745 0.0535776 0.0639704 0.0753971 0.087765 0.100946 0.114779 0.129076 0.143625 0.158202 0.172573 0.186506 0.199778 0.212181 0.223528 0.233655 0.242426 0.249734 0.255493 0.259644 0.262146 0.262977 0.262127 0.259605 0.255435 0.249656 0.24233 0.233543 0.223404 0.212052 0.19965 0.186387 0.172472 0.158128 0.143586 0.129077 0.114826 0.101039 0.0879048 0.0755804 0.0641921 0.0538308 0.0445511 0.0363721 0.0292799 0.0232314 0.0181598 0.0139801 0.0105954 0.00790282 0.00579935 0.00418589 0.00297099 0.00207314 0.00142197 0.000958553 0.000634968 0.000413289 0.000264293 0.000166045 0.000102485 6.2141e-05 3.70157e-05 2.16617e-05 1.24543e-05 7.03592e-06 3.90701e-06 2.13511e-06 1.15363e-06 6.27493e-07 3.66583e-07 
3.96344e-07 4.50177e-07 7.17383e-07 1.30692e-06 2.4454e-06 4.5444e-06 8.31254e-06 1.4932e-05 2.63248e-05 4.55413e-05 7.73071e-05 0.000128768 0.000210467 0.000337575 0.00053137 0.000820927 0.00124493 0.00185347 0.00270954 0.00389016 0.00548656 0.00760343 0.0103567 0.0138702 0.0182701 0.0236795 0.0302101 0.0379555 0.046983 0.0573272 0.0689845 0.0819094 0.0960132 0.111164 0.127192 0.143891 0.161028 0.178348 0.195586 0.212476 0.228755 0.244177 0.258516 0.271574 0.28318 0.293197 0.301517 0.308057 0.312762 0.315593 0.31653 0.315565 0.312705 0.307972 0.301403 0.293055 0.283012 0.271384 0.258311 0.243965 0.228546 0.21228 0.195414 0.178209 0.160932 0.143846 0.127202 0.111231 0.0961357 0.0820842 0.0692053 0.0575858 0.0472695 0.0382593 0.0305204 0.023986 0.0185639 0.0141436 0.0106044 0.00782184 0.00567428 0.00404747 0.00283813 0.00195604 0.0013248 0.000881641 0.000576448 0.000370271 0.00023364 0.000144819 8.81757e-05 5.27376e-05 3.09849e-05 1.78838e-05 1.01416e-05 5.65249e-06 3.10032e-06 1.68144e-06 9.18366e-07 5.39215e-07 
5.77135e-07 6.56634e-07 1.04389e-06 1.89454e-06 3.53074e-06 6.53478e-06 1.19042e-05 2.12941e-05 3.73804e-05 6.43841e-05 0.000108804 0.000180404 0.000293492 0.000468504 0.000733891 0.00112822 0.00170236 0.00252155 0.0036671 0.00523725 0.00734704 0.0101267 0.0137181 0.0182701 0.0239314 0.030842 0.0391248 0.0488759 0.060156 0.0729829 0.0873267 0.103107 0.120193 0.138405 0.157523 0.17729 0.197426 0.217631 0.237602 0.257041 0.27566 0.293196 0.309415 0.324111 0.337118 0.3483 0.357558 0.364816 0.370026 0.373156 0.37419 0.373121 0.369954 0.364707 0.357411 0.348116 0.336897 0.323859 0.309136 0.292901 0.275357 0.256743 0.237322 0.217381 0.197218 0.177135 0.157427 0.138375 0.12023 0.103211 0.0874919 0.0732021 0.0604195 0.049172 0.039441 0.0311657 0.0242509 0.0185752 0.0140005 0.0103806 0.00756911 0.00542627 0.00382382 0.00264819 0.00180215 0.00120493 0.000791435 0.000510645 0.00032363 0.000201459 0.000123177 7.39731e-05 4.36349e-05 2.52833e-05 1.43922e-05 8.05145e-06 4.43235e-06 2.41286e-06 1.3233e-06 7.80845e-07 
8.27313e-07 9.4272e-07 1.49506e-06 2.7031e-06 5.01756e-06 9.24925e-06 1.67801e-05 2.98907e-05 5.22468e-05 8.95964e-05 0.000150734 0.000248784 0.000402844 0.000639999 0.000997657 0.00152611 0.00229111 0.00337621 0.0048844 0.00693879 0.00968168 0.0132718 0.0178795 0.0236795 0.030842 0.0395223 0.0498497 0.0619163 0.0757679 0.0913962 0.108735 0.127657 0.14798 0.16947 0.191848 0.214804 0.238007 0.261114 0.283788 0.305704 0.326559 0.346079 0.36403 0.380212 0.394467 0.406673 0.416743 0.424616 0.430255 0.433638 0.434753 0.433597 0.430172 0.42449 0.416571 0.406456 0.394204 0.379907 0.363687 0.345708 0.326168 0.305308 0.2834 0.260748 0.237677 0.214525 0.191631 0.169323 0.14791 0.127666 0.10882 0.0915529 0.0759869 0.0621859 0.0501561 0.0398509 0.0311784 0.0240104 0.0181936 0.0135605 0.00993895 0.00716148 0.00507185 0.00352977 0.00241364 0.00162139 0.0010699 0.000693432 0.000441414 0.000275964 0.000169441 0.000102174 6.05112e-05 3.51985e-05 2.01124e-05 1.12932e-05 6.23975e-06 3.40944e-06 1.87753e-06 1.11334e-06 
1.16759e-06 1.33231e-06 2.10772e-06 3.7965e-06 7.01936e-06 1.28877e-05 2.32861e-05 4.13079e-05 7.18962e-05 0.000122756 0.000205599 0.000337789 0.000544414 0.000860786 0.0013353 0.00203245 0.00303583 0.00445058 0.00640496 0.00905044 0.0125598 0.0171228 0.0229393 0.0302101 0.0391248 0.0498497 0.0625139 0.0771976 0.0939215 0.11264 0.133239 0.155535 0.179283 0.204186 0.229904 0.256069 0.282302 0.308221 0.333459 0.357675 0.380557 0.401837 0.421286 0.438722 0.454006 0.467036 0.477746 0.486095 0.492061 0.495634 0.496811 0.495591 0.491973 0.48596 0.477561 0.466799 0.453716 0.43838 0.420896 0.401405 0.380094 0.357192 0.332971 0.307743 0.28185 0.255661 0.229554 0.203908 0.179087 0.155427 0.133221 0.112711 0.0940731 0.0774196 0.0627921 0.050168 0.0394663 0.0305584 0.0232799 0.0174435 0.0128516 0.00930773 0.00662505 0.00463351 0.00318372 0.00214884 0.00142452 0.000927457 0.000592998 0.000372332 0.000229572 0.000139001 8.26499e-05 4.82629e-05 2.76816e-05 1.56007e-05 8.65108e-06 4.74451e-06 2.62334e-06 1.56313e-06 
1.62247e-06 1.85368e-06 2.92527e-06 5.24957e-06 9.66816e-06 1.7681e-05 3.18188e-05 5.62124e-05 9.74255e-05 0.000165626 0.000276172 0.000451678 0.000724587 0.00114022 0.00176017 0.00266587 0.0039618 0.00577812 0.00827182 0.011626 0.0160465 0.021756 0.028984 0.0379555 0.0488759 0.0619163 0.0771976 0.0947775 0.11464 0.136691 0.160756 0.186584 0.21386 0.242217 0.271251 0.300538 0.329652 0.358181 0.385737 0.411972 0.43658 0.459305 0.479942 0.498334 0.51437 0.527978 0.539119 0.547776 0.553947 0.557638 0.558854 0.557596 0.553861 0.547642 0.538934 0.527738 0.514072 0.497977 0.479528 0.458838 0.436067 0.411424 0.385167 0.357605 0.329088 0.300005 0.270767 0.2418 0.213525 0.186342 0.160615 0.136653 0.114702 0.09493 0.0774276 0.0622069 0.0492083 0.0383103 0.0293433 0.022104 0.0163707 0.0119175 0.00852558 0.0059923 0.00413735 0.00280575 0.00186863 0.00122212 0.000784849 0.000494913 0.000306431 0.000186295 0.00011121 6.51903e-05 3.75305e-05 2.12286e-05 1.18142e-05 6.50298e-06 3.61004e-06 2.16127e-06 
2.22006e-06 2.53927e-06 3.9973e-06 7.14718e-06 1.31127e-05 2.38874e-05 4.28181e-05 7.53382e-05 0.000130031 0.000220113 0.000365419 0.000594956 0.000950038 0.00148794 0.00228586 0.00344495 0.00509381 0.00739091 0.0105252 0.0147142 0.020199 0.0272352 0.0360813 0.046983 0.060156 0.0757679 0.0939215 0.11464 0.13786 0.163423 0.191084 0.220517 0.251327 0.283076 0.315294 0.347504 0.379243 0.410074 0.439603 0.467486 0.493437 0.517225 0.538678 0.557677 0.574148 0.588057 0.599395 0.608175 0.614419 0.618148 0.619377 0.61811 0.614342 0.608055 0.599226 0.587833 0.573865 0.55733 0.538266 0.516749 0.492902 0.466901 0.438977 0.409423 0.378585 0.346859 0.314682 0.28252 0.250848 0.22013 0.190805 0.163258 0.137811 0.114702 0.0940826 0.076012 0.0604631 0.0473314 0.0364496 0.0276038 0.0205515 0.0150383 0.0108126 0.00763745 0.00529881 0.00361043 0.00241568 0.00158702 0.00102367 0.000648269 0.000403052 0.000246025 0.000147442 8.67585e-05 5.0132e-05 2.84585e-05 1.5894e-05 8.78008e-06 4.89331e-06 2.94313e-06 
2.99148e-06 3.42504e-06 5.37846e-06 9.58228e-06 1.75144e-05 3.17851e-05 5.67544e-05 9.94626e-05 0.000170969 0.000288197 0.000476384 0.000772186 0.00122743 0.00191342 0.00292547 0.00438732 0.00645477 0.00931776 0.0132 0.0183557 0.0250618 0.0336066 0.0442745 0.0573272 0.0729829 0.0913962 0.11264 0.136691 0.163423 0.192605 0.223908 0.256922 0.291173 0.326145 0.361308 0.39614 0.430148 0.462884 0.49396 0.523051 0.549902 0.574322 0.596185 0.615415 0.631986 0.645903 0.657197 0.665911 0.672091 0.675776 0.676992 0.675747 0.67203 0.665814 0.657057 0.645713 0.631738 0.615104 0.595804 0.57387 0.549379 0.522461 0.493311 0.462189 0.429423 0.395405 0.360586 0.325461 0.290552 0.256389 0.223482 0.192299 0.163246 0.136643 0.112713 0.091575 0.0732476 0.0576546 0.0446403 0.0339873 0.025437 0.0187091 0.0135198 0.00959688 0.00669039 0.00458008 0.00307853 0.00203153 0.00131609 0.00083698 0.000522517 0.000320217 0.000192646 0.000113782 6.5986e-05 3.75907e-05 2.10671e-05 1.16788e-05 6.5339e-06 3.94758e-06 
3.96987e-06 4.54925e-06 7.12658e-06 1.26524e-05 2.30417e-05 4.16614e-05 7.41084e-05 0.000129372 0.000221494 0.000371832 0.000612032 0.000987748 0.00156306 0.00242544 0.00369084 0.00550843 0.00806414 0.0115821 0.0163232 0.0225793 0.0306633 0.040894 0.0535776 0.0689845 0.0873267 0.108735 0.133239 0.160756 0.191084 0.223908 0.258809 0.295286 0.332782 0.370709 0.408484 0.445547 0.481389 0.515565 0.547705 0.57752 0.604798 0.629401 0.651253 0.670336 0.686672 0.700313 0.711329 0.719794 0.725781 0.729345 0.730523 0.729327 0.725742 0.71973 0.711231 0.700173 0.686481 0.670083 0.650931 0.629002 0.60432 0.576961 0.54707 0.514861 0.48063 0.444752 0.407677 0.369916 0.332033 0.294611 0.258234 0.223455 0.190768 0.160582 0.133205 0.10883 0.0875319 0.0692755 0.0539278 0.0412768 0.031054 0.0229574 0.0166729 0.011893 0.0083308 0.00572965 0.0038687 0.00256423 0.00166832 0.00106539 0.000667797 0.00041085 0.000248108 0.000147077 8.55974e-05 4.89311e-05 2.75156e-05 1.53061e-05 8.59528e-06 5.21567e-06 
5.18877e-06 5.9507e-06 9.29989e-06 1.64549e-05 2.98605e-05 5.37969e-05 9.53446e-05 0.000165818 0.000282789 0.000472831 0.000775066 0.00124555 0.00196241 0.00303142 0.00459167 0.00682039 0.00993629 0.0142 0.019911 0.0273991 0.0370118 0.049095 0.0639704 0.0819094 0.103107 0.127657 0.155535 0.186584 0.220517 0.256922 0.295286 0.335015 0.37547 0.416 0.455974 0.49481 0.531996 0.567104 0.599799 0.62984 0.65707 0.681411 0.702851 0.721429 0.73722 0.750324 0.760849 0.768904 0.774582 0.777957 0.779076 0.777952 0.774569 0.768878 0.760802 0.750245 0.737099 0.721253 0.702609 0.681093 0.656666 0.629345 0.599212 0.566428 0.53124 0.49399 0.455112 0.415124 0.374613 0.334211 0.294569 0.256321 0.220054 0.186274 0.155381 0.127653 0.103236 0.0821487 0.0642916 0.0494686 0.0374094 0.0277959 0.0202869 0.0145409 0.0102336 0.00707063 0.00479544 0.00319227 0.00208566 0.00133734 0.00084156 0.000519732 0.00031502 0.000187409 0.000109447 6.27744e-05 3.54164e-05 1.97668e-05 1.11405e-05 6.78859e-06 
6.68011e-06 7.66628e-06 1.19533e-05 2.10805e-05 3.8124e-05 6.84466e-05 0.000120879 0.000209459 0.000355873 0.000592721 0.000967702 0.0015487 0.00242965 0.00373676 0.00563453 0.00833069 0.0120789 0.0171779 0.0239664 0.0328117 0.0440927 0.0581778 0.0753971 0.0960132 0.120193 0.14798 0.179283 0.21386 0.251327 0.291173 0.332782 0.37547 0.418524 0.461236 0.502942 0.543051 0.581063 0.616584 0.649327 0.67911 0.705842 0.729513 0.750177 0.767933 0.782911 0.795256 0.805115 0.812624 0.8179 0.821031 0.822072 0.82104 0.817915 0.812639 0.805122 0.795245 0.782869 0.767846 0.750032 0.729295 0.705538 0.678708 0.648821 0.615971 0.580346 0.542242 0.502061 0.460309 0.417585 0.374558 0.331936 0.29043 0.250719 0.213409 0.179 0.147864 0.120232 0.0961861 0.0756757 0.0585305 0.0444878 0.03322 0.0243638 0.017546 0.0124056 0.00860986 0.00586486 0.0039207 0.00257208 0.00165578 0.00104595 0.000648357 0.00039439 0.000235439 0.000137957 7.93835e-05 4.49295e-05 2.51571e-05 1.42282e-05 8.70511e-06 
8.47161e-06 9.72806e-06 1.5134e-05 2.66058e-05 4.79587e-05 8.58171e-05 0.00015104 0.000260804 0.000441504 0.000732593 0.00119144 0.00189917 0.00296721 0.00454414 0.006822 0.010041 0.0144914 0.0205111 0.0284776 0.0387938 0.0518666 0.0680802 0.087765 0.111164 0.138405 0.16947 0.204186 0.242217 0.283076 0.326145 0.370709 0.416 0.461236 0.505666 0.548608 0.589476 0.627799 0.66323 0.695543 0.724625 0.750459 0.773107 0.792689 0.809364 0.823316 0.834731 0.84379 0.850655 0.85546 0.858307 0.859257 0.858329 0.855502 0.85071 0.843851 0.834788 0.823356 0.809372 0.792649 0.773002 0.750272 0.724339 0.695144 0.66271 0.627154 0.588713 0.547742 0.504722 0.460247 0.415006 0.369755 0.325274 0.282329 0.241625 0.203768 0.169232 0.138342 0.111258 0.087988 0.0684002 0.0522491 0.039206 0.0288908 0.0209027 0.0148455 0.0103483 0.00707899 0.0047518 0.0031297 0.0020225 0.00128235 0.000797748 0.000486943 0.000291661 0.000171452 9.89652e-05 5.61839e-05 3.15562e-05 1.79074e-05 1.09984e-05 
1.0584e-05 1.216e-05 1.88764e-05 3.3085e-05 5.94509e-05 0.000106043 0.000186029 0.000320144 0.000540078 0.000892944 0.00144684 0.00229743 0.00357523 0.00545291 0.0081518 0.0119462 0.0171639 0.0241822 0.0334162 0.0453015 0.060268 0.078709 0.100946 0.127192 0.157523 0.191848 0.229904 0.271251 0.315294 0.361308 0.408484 0.455974 0.502942 0.548608 0.592286 0.633411 0.671558 0.706439 0.737899 0.765901 0.790505 0.811846 0.83011 0.845515 0.858289 0.868657 0.87683 0.882988 0.887282 0.88982 0.89067 0.889854 0.887347 0.88308 0.87694 0.868778 0.858407 0.845616 0.830176 0.811858 0.790442 0.765743 0.737626 0.706035 0.671015 0.632727 0.591469 0.54768 0.501935 0.454928 0.407446 0.360328 0.31442 0.270523 0.22935 0.191484 0.157349 0.127196 0.101102 0.0789851 0.060628 0.0457092 0.0338389 0.0245928 0.0175426 0.0122802 0.008435 0.00568451 0.00375838 0.00243776 0.00155117 0.000968307 0.000593015 0.000356332 0.000210116 0.000121645 6.92621e-05 3.9017e-05 2.22124e-05 1.36926e-05 
1.3028e-05 1.49744e-05 2.3197e-05 4.05412e-05 7.26319e-05 0.000129162 0.000225885 0.000387491 0.000651532 0.00107353 0.00173329 0.0027422 0.00425121 0.00645854 0.00961615 0.0140334 0.0200762 0.0281602 0.0387366 0.0522695 0.0692064 0.0899419 0.114779 0.143891 0.17729 0.214804 0.256069 0.300538 0.347504 0.39614 0.445547 0.49481 0.543051 0.589476 0.633411 0.674332 0.711866 0.745798 0.776052 0.802671 0.825793 0.845623 0.862411 0.876424 0.887933 0.897194 0.904439 0.909865 0.913631 0.915853 0.916601 0.915896 0.913716 0.909987 0.904592 0.897371 0.888121 0.87661 0.862577 0.845749 0.825856 0.802646 0.775915 0.745527 0.711445 0.673751 0.632674 0.588597 0.542058 0.493742 0.444453 0.395073 0.346519 0.299684 0.255384 0.214312 0.177 0.143796 0.114858 0.090164 0.0695343 0.0526644 0.039162 0.0285849 0.0204761 0.0143921 0.0099246 0.00671386 0.00445527 0.00290003 0.00185163 0.00115967 0.000712462 0.000429413 0.000253954 0.000147445 8.41857e-05 4.75576e-05 2.71573e-05 1.6799e-05 
