1.98101e-10 2.0873e-10 3.00306e-10 5.0409e-10 8.85885e-10 1.56313e-09 2.73315e-09 4.71753e-09 8.02925e-09 1.34717e-08 2.22811e-08 3.63268e-08 5.8387e-08 9.25195e-08 1.44547e-07 2.2268e-07 3.38288e-07 5.06832e-07 7.48955e-07 1.0917e-06 1.56984e-06 2.22716e-06 3.11772e-06 4.30681e-06 5.87154e-06 7.90075e-06 1.04941e-05 1.37602e-05 1.78133e-05 2.27691e-05 2.87387e-05 3.58219e-05 4.40991e-05 5.36234e-05 6.4412e-05 7.64386e-05 8.96282e-05 0.000103852 0.000118928 0.000134622 0.000150652 0.000166698 0.000182412 0.000197431 0.000211392 0.000223945 0.000234765 0.00024357 0.000250125 0.000254254 0.000255847 0.000254861 0.000251325 0.000245334 0.00023705 0.000226698 0.000214549 0.000200921 0.000186158 0.000170621 0.000154673 0.000138663 0.000122918 0.000107725 9.33274e-05 7.99179e-05 6.76355e-05 5.65663e-05 4.6747e-05 3.81703e-05 3.07922e-05 2.45394e-05 1.93182e-05 1.50217e-05 1.15368e-05 8.75061e-06 6.55461e-06 4.84816e-06 3.54077e-06 2.55315e-06 1.81751e-06 1.27723e-06 8.85963e-07 6.06577e-07 4.09871e-07 2.73319e-07 1.79855e-07 1.16783e-07 7.48202e-08 4.72949e-08 2.9495e-08 1.81471e-08 1.10149e-08 6.59592e-09 3.89705e-09 2.27272e-09 1.31023e-09 7.50564e-10 4.34764e-10 2.69006e-10 
2.0873e-10 2.2022e-10 3.18136e-10 5.36303e-10 9.46018e-10 1.67478e-09 2.93733e-09 5.08449e-09 8.6773e-09 1.45963e-08 2.41995e-08 3.95443e-08 6.36943e-08 1.01131e-07 1.58295e-07 2.44279e-07 3.71691e-07 5.57692e-07 8.25215e-07 1.20433e-06 1.7337e-06 2.46208e-06 3.44963e-06 4.76908e-06 6.50629e-06 8.76019e-06 1.16418e-05 1.5272e-05 1.9778e-05 2.52884e-05 3.19269e-05 3.98042e-05 4.90096e-05 5.96016e-05 7.15987e-05 8.49712e-05 9.96348e-05 0.000115446 0.000132201 0.000149639 0.000167446 0.000185267 0.000202715 0.000219387 0.00023488 0.000248806 0.000260806 0.000270568 0.000277831 0.000282402 0.00028416 0.000283056 0.000279123 0.000272467 0.000263268 0.000251771 0.000238282 0.000223149 0.000206755 0.0001895 0.000171786 0.000154003 0.000136512 0.000119633 0.000103637 8.87381e-05 7.50909e-05 6.27918e-05 5.18819e-05 4.23533e-05 3.41571e-05 2.72122e-05 2.14141e-05 1.6644e-05 1.27763e-05 9.68521e-06 7.24993e-06 5.35854e-06 3.91031e-06 2.81704e-06 2.00335e-06 1.40626e-06 9.74281e-07 6.66161e-07 4.49486e-07 2.99269e-07 1.96602e-07 1.27428e-07 8.14832e-08 5.14014e-08 3.19864e-08 1.96347e-08 1.18889e-08 7.1011e-09 4.18425e-09 2.43329e-09 1.39859e-09 7.98581e-10 4.60927e-10 2.84134e-10 
3.00306e-10 3.18136e-10 4.60944e-10 7.78007e-10 1.37282e-09 2.43018e-09 4.26096e-09 7.37244e-09 1.25747e-08 2.11375e-08 3.50153e-08 5.71642e-08 9.19767e-08 1.45864e-07 2.2802e-07 3.51388e-07 5.33867e-07 7.99753e-07 1.18141e-06 1.72115e-06 2.47318e-06 3.50561e-06 4.90224e-06 6.76392e-06 9.20929e-06 1.23745e-05 1.64115e-05 2.14853e-05 2.77684e-05 3.54342e-05 4.46483e-05 5.55573e-05 6.82777e-05 8.2883e-05 9.93918e-05 0.000117757 0.000137857 0.00015949 0.000182375 0.000206152 0.000230396 0.000254621 0.000278306 0.000300909 0.000321887 0.00034072 0.000356932 0.000370102 0.000379887 0.000386029 0.000388368 0.000386841 0.000381491 0.000372461 0.000359992 0.000344411 0.000326125 0.000305602 0.000283354 0.000259919 0.000235839 0.000211639 0.000187807 0.000164781 0.000142928 0.000122544 0.000103844 8.69639e-05 7.19643e-05 5.88406e-05 4.75312e-05 3.79301e-05 2.9899e-05 2.32787e-05 1.79e-05 1.35925e-05 1.01922e-05 7.54588e-06 5.5156e-06 3.97991e-06 2.83474e-06 1.99284e-06 1.38265e-06 9.4666e-07 6.39559e-07 4.26321e-07 2.8037e-07 1.819e-07 1.16416e-07 7.34937e-08 4.57637e-08 2.81068e-08 1.70259e-08 1.01724e-08 5.99506e-09 3.48658e-09 2.00392e-09 1.14414e-09 6.60448e-10 4.07494e-10 
5.0409e-10 5.36303e-10 7.78007e-10 1.3119e-09 2.3108e-09 4.08233e-09 7.14247e-09 1.23307e-08 2.09833e-08 3.5188e-08 5.81477e-08 9.4689e-08 1.51957e-07 2.40342e-07 3.7468e-07 5.75775e-07 8.72273e-07 1.30288e-06 1.91892e-06 2.78717e-06 3.9928e-06 5.64223e-06 7.86575e-06 1.08193e-05 1.46854e-05 1.96722e-05 2.60108e-05 3.395e-05 4.37488e-05 5.56648e-05 6.99416e-05 8.6792e-05 0.000106381 0.000128807 0.000154086 0.00018213 0.000212745 0.000245615 0.000280306 0.000316272 0.000352867 0.000389365 0.000424984 0.000458919 0.000490366 0.000518557 0.000542788 0.000562445 0.000577023 0.000586148 0.000589583 0.000587241 0.000579184 0.000565626 0.000546917 0.000523543 0.000496101 0.000465282 0.000431842 0.000396581 0.000360301 0.000323788 0.000287774 0.000252914 0.000219768 0.000188787 0.000160303 0.000134532 0.000111577 9.14413e-05 7.40439e-05 5.92341e-05 4.68112e-05 3.65409e-05 2.81722e-05 2.14502e-05 1.61276e-05 1.19726e-05 8.77504e-06 6.34897e-06 4.53428e-06 3.1961e-06 2.2233e-06 1.52615e-06 1.03367e-06 6.9073e-07 4.55352e-07 2.96118e-07 1.89947e-07 1.20177e-07 7.49923e-08 4.61526e-08 2.80124e-08 1.67682e-08 9.90029e-09 5.76792e-09 3.3209e-09 1.89955e-09 1.09897e-09 6.8033e-10 
8.85885e-10 9.46018e-10 1.37282e-09 2.3108e-09 4.06045e-09 7.15479e-09 1.24849e-08 2.14955e-08 3.64786e-08 6.10013e-08 1.00515e-07 1.63204e-07 2.61132e-07 4.1177e-07 6.39955e-07 9.80361e-07 1.4805e-06 2.20429e-06 3.23606e-06 4.68494e-06 6.68944e-06 9.42173e-06 1.30914e-05 1.79479e-05 2.42814e-05 3.24209e-05 4.27294e-05 5.55949e-05 7.14178e-05 9.05934e-05 0.000113491 0.000140427 0.000171643 0.000207271 0.000247311 0.000291608 0.000339836 0.000391485 0.000445864 0.000502113 0.000559225 0.000616071 0.000671448 0.000724115 0.000772844 0.000816464 0.000853903 0.000884231 0.000906686 0.0009207 0.000925921 0.000922217 0.000909686 0.00088865 0.000859646 0.000823408 0.000780845 0.000733008 0.000681056 0.000626207 0.000569699 0.000512738 0.000456458 0.00040188 0.000349882 0.000301173 0.000256285 0.000215573 0.000179216 0.000147239 0.000119533 9.58785e-05 7.59769e-05 5.94732e-05 4.59827e-05 3.5112e-05 2.64762e-05 1.97127e-05 1.44905e-05 1.05151e-05 7.53166e-06 5.32438e-06 3.7145e-06 2.55707e-06 1.73681e-06 1.16383e-06 7.69336e-07 5.0165e-07 3.22636e-07 2.04656e-07 1.28031e-07 7.89893e-08 4.80587e-08 2.88358e-08 1.70647e-08 9.96453e-09 5.75023e-09 3.29709e-09 1.913e-09 1.18894e-09 
1.56313e-09 1.67478e-09 2.43018e-09 4.08233e-09 7.15479e-09 1.2573e-08 2.1879e-08 3.75642e-08 6.35666e-08 1.05992e-07 1.74137e-07 2.81899e-07 4.49683e-07 7.06909e-07 1.09522e-06 1.6725e-06 2.51768e-06 3.73641e-06 5.46744e-06 7.88941e-06 1.12278e-05 1.57615e-05 2.18278e-05 2.98264e-05 4.02189e-05 5.35256e-05 7.03168e-05 9.11976e-05 0.000116787 0.000147692 0.000184469 0.000227592 0.000277406 0.000334086 0.000397597 0.000467662 0.000543738 0.000625001 0.000710354 0.000798441 0.000887687 0.000976344 0.00106255 0.0011444 0.00122001 0.00128759 0.00134552 0.00139238 0.00142702 0.00144858 0.00145654 0.00145069 0.00143119 0.00139852 0.00135351 0.00129726 0.00123117 0.00115683 0.00107602 0.000990591 0.000902456 0.000813474 0.0007254 0.000639826 0.000558126 0.000481424 0.000410573 0.00034615 0.000288468 0.000237595 0.00019339 0.000155538 0.000123593 9.70195e-05 7.52281e-05 5.7611e-05 4.35696e-05 3.25359e-05 2.39877e-05 1.74587e-05 1.25424e-05 8.89287e-06 6.22227e-06 4.29589e-06 2.92625e-06 1.96644e-06 1.30354e-06 8.52323e-07 5.49657e-07 3.49591e-07 2.19273e-07 1.35629e-07 8.27272e-08 4.976e-08 2.95189e-08 1.72783e-08 9.99494e-09 5.74564e-09 3.34377e-09 2.08653e-09 
2.73315e-09 2.93733e-09 4.26096e-09 7.14247e-09 1.24849e-08 2.1879e-08 3.79665e-08 6.50002e-08 1.09678e-07 1.82346e-07 2.98694e-07 4.82083e-07 7.66672e-07 1.20149e-06 1.85566e-06 2.82475e-06 4.23856e-06 6.26992e-06 9.14467e-06 1.31521e-05 1.86553e-05 2.6101e-05 3.60267e-05 4.90647e-05 6.59416e-05 8.74707e-05 0.000114537 0.000148073 0.000189025 0.000238308 0.000296755 0.000365057 0.000443702 0.000532906 0.000632561 0.000742185 0.000860885 0.00098735 0.00111985 0.00125628 0.00139421 0.00153095 0.00166367 0.00178946 0.00190548 0.00200903 0.00209767 0.00216928 0.00222213 0.00225495 0.00226694 0.00225783 0.00222783 0.00217769 0.00210862 0.00202231 0.00192083 0.0018066 0.00168228 0.0015507 0.00141475 0.00127727 0.00114094 0.00100821 0.000881228 0.000761737 0.000651091 0.000550224 0.000459667 0.000379574 0.000309773 0.000249823 0.000199072 0.000156717 0.000121872 9.36072e-05 7.10037e-05 5.31816e-05 3.93273e-05 2.87093e-05 2.06868e-05 1.47113e-05 1.03239e-05 7.14864e-06 4.88362e-06 3.29122e-06 2.1879e-06 1.43455e-06 9.27673e-07 5.91607e-07 3.72056e-07 2.3073e-07 1.41094e-07 8.50811e-08 5.05971e-08 2.96887e-08 1.72164e-08 9.92286e-09 5.79253e-09 3.62915e-09 
4.71753e-09 5.08449e-09 7.37244e-09 1.23307e-08 2.14955e-08 3.75642e-08 6.50002e-08 1.10964e-07 1.86692e-07 3.09471e-07 5.05417e-07 8.13252e-07 1.28936e-06 2.01432e-06 3.10119e-06 4.70562e-06 7.03793e-06 1.03768e-05 1.50845e-05 2.16227e-05 3.05676e-05 4.26239e-05 5.86348e-05 7.9586e-05 0.000106603 0.000140936 0.000183938 0.000237021 0.000301603 0.000379045 0.000470564 0.00057715 0.000699465 0.000837758 0.000991777 0.0011607 0.0013431 0.0015369 0.00173945 0.00194751 0.00215738 0.00236502 0.00256616 0.00275647 0.00293172 0.0030879 0.00322141 0.00332913 0.0034085 0.00345768 0.00347549 0.00346153 0.00341613 0.00334039 0.0032361 0.00310574 0.00295238 0.00277959 0.00259134 0.00239182 0.00218536 0.0019762 0.00176841 0.0015657 0.00137131 0.00118796 0.00101775 0.000862167 0.000722095 0.000597847 0.000489238 0.000395662 0.000316188 0.000249646 0.000194715 0.000150008 0.000114131 8.5745e-05 6.36018e-05 4.65721e-05 3.36603e-05 2.40099e-05 1.69001e-05 1.17371e-05 8.04187e-06 5.43542e-06 3.62366e-06 2.38266e-06 1.54506e-06 9.88032e-07 6.23035e-07 3.87395e-07 2.37512e-07 1.43587e-07 8.56049e-08 5.03553e-08 2.92744e-08 1.69176e-08 9.90655e-09 6.2318e-09 
8.02925e-09 8.6773e-09 1.25747e-08 2.09833e-08 3.64786e-08 6.35666e-08 1.09678e-07 1.86692e-07 3.13175e-07 5.17588e-07 8.42745e-07 1.35187e-06 2.13662e-06 3.32742e-06 5.10638e-06 7.7231e-06 1.15131e-05 1.69187e-05 2.45119e-05 3.50176e-05 4.93356e-05 6.85595e-05 9.39899e-05 0.000127138 0.000169716 0.000223616 0.000290864 0.000373559 0.000473791 0.000593536 0.000734535 0.000898165 0.0010853 0.00129618 0.00153029 0.00178627 0.00206186 0.00235387 0.00265826 0.00297016 0.00328407 0.00359396 0.00389357 0.00417654 0.00443668 0.00466817 0.00486579 0.005025 0.00514215 0.00521456 0.00524057 0.00521958 0.00515211 0.00503971 0.00488499 0.00469154 0.00446381 0.00420697 0.00392681 0.00362947 0.00332127 0.00300849 0.00269713 0.00239271 0.00210011 0.00182344 0.00156591 0.00132986 0.00111672 0.000927086 0.000760792 0.000617051 0.000494563 0.000391656 0.00030641 0.000236785 0.000180714 0.000136192 0.000101337 7.44349e-05 5.39656e-05 3.86126e-05 2.72618e-05 1.89907e-05 1.30508e-05 8.84697e-06 5.91525e-06 3.90062e-06 2.53655e-06 1.62657e-06 1.02849e-06 6.41217e-07 3.94168e-07 2.38911e-07 1.428e-07 8.42122e-08 4.90828e-08 2.84417e-08 1.67075e-08 1.05528e-08 
1.34717e-08 1.45963e-08 2.11375e-08 3.5188e-08 6.10013e-08 1.05992e-07 1.82346e-07 3.09471e-07 5.17588e-07 8.52835e-07 1.38433e-06 2.21373e-06 3.48772e-06 5.41411e-06 8.28172e-06 1.24844e-05 1.85489e-05 2.71663e-05 3.92249e-05 5.58443e-05 7.84062e-05 0.00010858 0.000148337 0.000199952 0.000265989 0.000349252 0.000452723 0.000579463 0.000732484 0.000914597 0.00112823 0.00137525 0.00165676 0.00197288 0.00232268 0.00270393 0.00311315 0.00354551 0.00399497 0.00445434 0.00491556 0.00536988 0.00580822 0.00622144 0.00660068 0.00693765 0.00722488 0.00745598 0.00762578 0.0077305 0.0077678 0.00773686 0.00763841 0.00747465 0.00724929 0.00696741 0.00663532 0.00626041 0.00585092 0.00541567 0.00496374 0.00450422 0.00404581 0.00359661 0.00316378 0.00275343 0.00237042 0.00201833 0.00169944 0.0014148 0.00116439 0.000947197 0.000761479 0.000604895 0.00047472 0.00036801 0.000281759 0.000213021 0.00015901 0.00011717 8.52178e-05 6.11657e-05 4.33199e-05 3.027e-05 2.08656e-05 1.41871e-05 9.51389e-06 6.29195e-06 4.10337e-06 2.63874e-06 1.67312e-06 1.04597e-06 6.44704e-07 3.91797e-07 2.34792e-07 1.38819e-07 8.11211e-08 4.71367e-08 2.77785e-08 1.76172e-08 
2.22811e-08 2.41995e-08 3.50153e-08 5.81477e-08 1.00515e-07 1.74137e-07 2.98694e-07 5.05417e-07 8.42745e-07 1.38433e-06 2.24007e-06 3.57084e-06 5.60781e-06 8.67689e-06 1.32289e-05 1.98755e-05 2.94307e-05 4.29561e-05 6.18094e-05 8.76912e-05 0.000122688 0.000169303 0.000230474 0.00030957 0.000410349 0.0005369 0.000693526 0.000884599 0.00111437 0.00138675 0.00170504 0.00207168 0.00248796 0.00295379 0.00346744 0.00402545 0.00462249 0.00525142 0.00590336 0.00656792 0.00723348 0.00788759 0.00851734 0.00910985 0.00965268 0.0101342 0.0105441 0.0108734 0.011115 0.0112637 0.0113163 0.0112715 0.0111306 0.0108964 0.0105742 0.010171 0.00969558 0.00915828 0.0085706 0.00794495 0.00729415 0.00663106 0.00596811 0.00531689 0.0046878 0.00408974 0.00352989 0.00301366 0.00254461 0.00212456 0.00175374 0.00143099 0.00115401 0.00091962 0.000724036 0.000563106 0.000432536 0.000328083 0.000245698 0.000181637 0.000132533 9.54319e-05 6.78035e-05 4.75271e-05 3.2863e-05 2.24129e-05 1.50755e-05 9.99973e-06 6.54052e-06 4.21809e-06 2.6821e-06 1.6814e-06 1.0392e-06 6.33235e-07 3.80484e-07 2.2555e-07 1.32154e-07 7.70061e-08 4.55293e-08 2.89938e-08 
3.63268e-08 3.95443e-08 5.71642e-08 9.4689e-08 1.63204e-07 2.81899e-07 4.82083e-07 8.13252e-07 1.35187e-06 2.21373e-06 3.57084e-06 5.67393e-06 8.88162e-06 1.36971e-05 2.0813e-05 3.11642e-05 4.5988e-05 6.68898e-05 9.59102e-05 0.00013559 0.000189026 0.00025991 0.000352544 0.000471821 0.000623164 0.000812411 0.00104565 0.00132901 0.00166836 0.00206899 0.00253529 0.00307031 0.00367546 0.00435011 0.00509139 0.00589391 0.00674976 0.0076485 0.00857737 0.0095216 0.0104648 0.0113895 0.0122779 0.013112 0.0138748 0.0145503 0.0151244 0.0155851 0.0159226 0.0161298 0.0162025 0.0161391 0.015941 0.0156125 0.0151603 0.0145942 0.0139262 0.0131702 0.0123422 0.0114592 0.0105389 0.00959918 0.00865747 0.00773007 0.00683174 0.00597524 0.00517102 0.00442707 0.00374886 0.00313938 0.00259942 0.00212772 0.0017214 0.00137625 0.00108712 0.000848302 0.000653779 0.000497556 0.000373858 0.000277301 0.000203003 0.000146654 0.000104534 7.35083e-05 5.09887e-05 3.48833e-05 2.35356e-05 1.56586e-05 1.02723e-05 6.64418e-06 4.2369e-06 2.66362e-06 1.65084e-06 1.0087e-06 6.07717e-07 3.61218e-07 2.12217e-07 1.24013e-07 7.35649e-08 4.70414e-08 
5.8387e-08 6.36943e-08 9.19767e-08 1.51957e-07 2.61132e-07 4.49683e-07 7.66672e-07 1.28936e-06 2.13662e-06 3.48772e-06 5.60781e-06 8.88162e-06 1.38569e-05 2.12984e-05 3.22535e-05 4.81286e-05 7.07748e-05 0.00010258 0.000146561 0.000206451 0.000286771 0.00039287 0.00053094 0.000707963 0.000931611 0.00121007 0.0015518 0.00196517 0.00245812 0.00303765 0.00370938 0.00447699 0.00534177 0.00630219 0.00735353 0.00848766 0.00969302 0.0109547 0.0122546 0.0135722 0.0148848 0.0161685 0.0173988 0.0185516 0.0196038 0.020534 0.0213234 0.0219559 0.0224186 0.0227021 0.0228008 0.0227127 0.0224397 0.0219872 0.0213646 0.0205846 0.0196632 0.0186192 0.0174739 0.0162502 0.0149723 0.0136645 0.0123506 0.0110533 0.00979298 0.0085877 0.00745236 0.00639857 0.00543453 0.00456507 0.00379188 0.00311387 0.00252755 0.00202753 0.00160701 0.00125825 0.000973036 0.000743057 0.000560229 0.000416947 0.000306262 0.000221989 0.000158756 0.000112001 7.79393e-05 5.34907e-05 3.62027e-05 2.41604e-05 1.58977e-05 1.03133e-05 6.59593e-06 4.15862e-06 2.5847e-06 1.5837e-06 9.56764e-07 5.70236e-07 3.35939e-07 1.96884e-07 1.17185e-07 7.52467e-08 
9.25195e-08 1.01131e-07 1.45864e-07 2.40342e-07 4.1177e-07 7.06909e-07 1.20149e-06 2.01432e-06 3.32742e-06 5.41411e-06 8.67689e-06 1.36971e-05 2.12984e-05 3.26251e-05 4.92363e-05 7.32142e-05 0.000107284 0.000154941 0.000220572 0.000309573 0.000428429 0.000584764 0.000787327 0.00104591 0.00137116 0.00177434 0.00226694 0.0028602 0.00356457 0.00438907 0.00534065 0.00642351 0.00763844 0.00898235 0.0104478 0.0120228 0.0136907 0.0154306 0.0172175 0.0190233 0.0208171 0.0225667 0.0242396 0.0258037 0.0272284 0.0284857 0.029551 0.0304033 0.0310258 0.0314066 0.0315383 0.0314182 0.031049 0.0304376 0.0295963 0.0285415 0.0272942 0.025879 0.0243238 0.022659 0.0209166 0.0191292 0.0173288 0.015546 0.0138088 0.0121422 0.010567 0.0090998 0.00775263 0.00653303 0.00544426 0.00448572 0.00365345 0.00294077 0.00233892 0.0018377 0.00142611 0.00109285 0.000826824 0.000617489 0.000455125 0.000331012 0.00023752 0.000168126 0.000117379 8.08188e-05 5.48725e-05 3.67347e-05 2.42461e-05 1.57769e-05 1.01203e-05 6.39933e-06 3.98882e-06 2.45096e-06 1.48484e-06 8.87425e-07 5.24267e-07 3.08168e-07 1.84046e-07 1.18674e-07 
1.44547e-07 1.58295e-07 2.2802e-07 3.7468e-07 6.39955e-07 1.09522e-06 1.85566e-06 3.10119e-06 5.10638e-06 8.28172e-06 1.32289e-05 2.0813e-05 3.22535e-05 4.92363e-05 7.40461e-05 0.000109717 0.000160198 0.000230522 0.000326966 0.000457198 0.000630369 0.000857154 0.0011497 0.00152149 0.00198704 0.00256153 0.00326024 0.00409793 0.00508802 0.00624181 0.00756755 0.00906962 0.0107477 0.0125963 0.014604 0.0167534 0.0190211 0.0213784 0.0237912 0.0262216 0.0286289 0.0309706 0.0332038 0.0352869 0.0371805 0.0388486 0.0402596 0.0413867 0.0422089 0.0427108 0.0428832 0.0427229 0.0422329 0.0414225 0.0403069 0.0389072 0.0372499 0.0353668 0.0332938 0.0310701 0.0287375 0.0263384 0.0239151 0.0215084 0.0191559 0.0168913 0.0147434 0.0127353 0.0108845 0.00920225 0.00769441 0.00636144 0.0051992 0.00419973 0.00335209 0.00264315 0.00205848 0.00158307 0.00120197 0.00090082 0.000666279 0.000486263 0.000350116 0.000248664 0.000174187 0.000120327 8.19612e-05 5.50442e-05 3.64448e-05 2.37876e-05 1.5305e-05 9.70665e-06 6.06805e-06 3.73929e-06 2.27177e-06 1.36156e-06 8.06666e-07 4.75592e-07 2.85017e-07 1.84551e-07 
2.2268e-07 2.44279e-07 3.51388e-07 5.75775e-07 9.80361e-07 1.6725e-06 2.82475e-06 4.70562e-06 7.7231e-06 1.24844e-05 1.98755e-05 3.11642e-05 4.81286e-05 7.32142e-05 0.000109717 0.000161991 0.000235665 0.00033787 0.000477446 0.000665109 0.000913554 0.00123747 0.00165344 0.00217967 0.00283559 0.00364124 0.00461655 0.00578042 0.00714966 0.00873792 0.0105546 0.0126036 0.0148827 0.0173825 0.020086 0.0229687 0.0259985 0.029136 0.0323363 0.0355494 0.038722 0.0417992 0.0447261 0.0474498 0.0499203 0.0520924 0.0539266 0.0553896 0.0564552 0.0571045 0.0573261 0.0571162 0.0564785 0.0554244 0.0539728 0.05215 0.049989 0.0475296 0.044817 0.0419009 0.0388343 0.0356719 0.0324684 0.0292767 0.0261464 0.0231224 0.0202436 0.0175418 0.0150415 0.0127597 0.0107058 0.00888229 0.0072854 0.00590613 0.0047312 0.00374418 0.0029266 0.00225888 0.00172129 0.00129466 0.000960993 0.000703824 0.000508529 0.000362416 0.000254729 0.000176553 0.000120656 8.12932e-05 5.39957e-05 3.53535e-05 2.28166e-05 1.45144e-05 9.10054e-06 5.62439e-06 3.42689e-06 2.05976e-06 1.22384e-06 7.23753e-07 4.35251e-07 2.83016e-07 
3.38288e-07 3.71691e-07 5.33867e-07 8.72273e-07 1.4805e-06 2.51768e-06 4.23856e-06 7.03793e-06 1.15131e-05 1.85489e-05 2.94307e-05 4.5988e-05 7.07748e-05 0.000107284 0.000160198 0.000235665 0.000341586 0.000487906 0.000686867 0.0009532 0.00130423 0.00175982 0.0023422 0.00307552 0.00398527 0.0050974 0.00643734 0.00802867 0.00989187 0.0120428 0.0144915 0.0172406 0.0202844 0.023608 0.0271869 0.0309869 0.0349646 0.0390679 0.0432379 0.0474101 0.0515162 0.055487 0.0592534 0.0627494 0.0659133 0.0686895 0.0710296 0.0728932 0.0742487 0.0750732 0.075353 0.0750835 0.0742693 0.0729241 0.0710708 0.0687412 0.0659757 0.0628229 0.0593383 0.0555837 0.051625 0.0475311 0.043371 0.0392125 0.0351196 0.0311511 0.0273582 0.0237842 0.020463 0.0174189 0.0146668 0.0122125 0.0100535 0.00818024 0.00657722 0.00522446 0.00409882 0.00317538 0.00242859 0.00183335 0.00136577 0.00100387 0.000727887 0.00052056 0.000367144 0.000255332 0.000175076 0.000118347 7.88617e-05 5.17987e-05 3.35345e-05 2.13979e-05 1.3457e-05 8.3415e-06 5.09727e-06 3.07264e-06 1.83102e-06 1.08617e-06 6.55508e-07 4.2803e-07 
5.06832e-07 5.57692e-07 7.99753e-07 1.30288e-06 2.20429e-06 3.73641e-06 6.26992e-06 1.03768e-05 1.69187e-05 2.71663e-05 4.29561e-05 6.68898e-05 0.00010258 0.000154941 0.000230522 0.00033787 0.000487906 0.000694277 0.000973665 0.001346 0.0018345 0.0024656 0.00326856 0.00427482 0.00551719 0.00702859 0.00884066 0.0109822 0.0134772 0.0163436 0.0195908 0.0232188 0.0272167 0.0315619 0.0362197 0.0411437 0.0462761 0.0515493 0.0568875 0.062209 0.0674287 0.0724602 0.077219 0.0816244 0.0856019 0.0890846 0.0920149 0.0943448 0.096037 0.0970645 0.0974114 0.0970722 0.0960524 0.0943681 0.0920463 0.0891246 0.0856511 0.0816837 0.0772894 0.0725427 0.0675244 0.0623189 0.057012 0.0516885 0.0464295 0.0413103 0.0363978 0.0317491 0.0274103 0.0234157 0.0197877 0.0165373 0.0136647 0.0111604 0.0090074 0.00718195 0.00565591 0.0043982 0.00337645 0.00255837 0.00191291 0.00141115 0.00102688 0.000736998 0.000521614 0.000364009 0.00025044 0.000169857 0.000113557 7.48282e-05 4.85975e-05 3.11059e-05 1.96222e-05 1.21997e-05 7.47698e-06 4.52038e-06 2.70174e-06 1.60771e-06 9.73709e-07 6.38483e-07 
7.48955e-07 8.25215e-07 1.18141e-06 1.91892e-06 3.23606e-06 5.46744e-06 9.14467e-06 1.50845e-05 2.45119e-05 3.92249e-05 6.18094e-05 9.59102e-05 0.000146561 0.000220572 0.000326966 0.000477446 0.000686867 0.000973665 0.00136021 0.00187302 0.00254273 0.00340387 0.00449428 0.00585418 0.00752491 0.00954736 0.01196 0.014797 0.0180856 0.0218446 0.0260817 0.0307921 0.0359573 0.0415443 0.0475051 0.0537776 0.0602869 0.0669464 0.073661 0.0803291 0.0868462 0.0931076 0.0990115 0.104462 0.10937 0.113659 0.117261 0.120119 0.122193 0.12345 0.123872 0.123453 0.1222 0.120131 0.117277 0.113681 0.109399 0.104498 0.0990576 0.0931654 0.0869177 0.0804161 0.073765 0.0670685 0.0604273 0.0539359 0.0476799 0.0417336 0.0361584 0.0310015 0.0262956 0.0220591 0.0182968 0.0150012 0.012154 0.00972828 0.00769073 0.0060035 0.00462639 0.00351872 0.00264083 0.00195534 0.00142808 0.00102864 0.000730607 0.000511637 0.000353221 0.000240377 0.000161238 0.000106595 6.94506e-05 4.45937e-05 2.82177e-05 1.75971e-05 1.08173e-05 6.55931e-06 3.93214e-06 2.34728e-06 1.42672e-06 9.39463e-07 
1.0917e-06 1.20433e-06 1.72115e-06 2.78717e-06 4.68494e-06 7.88941e-06 1.31521e-05 2.16227e-05 3.50176e-05 5.58443e-05 8.76912e-05 0.00013559 0.000206451 0.000309573 0.000457198 0.000665109 0.0009532 0.001346 0.00187302 0.00256897 0.0034736 0.00463127 0.00609002 0.00790033 0.0101133 0.0127786 0.0159418 0.0196421 0.0239094 0.0287616 0.0342027 0.0402206 0.046786 0.053852 0.0613539 0.0692107 0.0773264 0.0855929 0.0938925 0.102102 0.110095 0.117748 0.124941 0.131562 0.137509 0.142693 0.147037 0.15048 0.152974 0.154483 0.154987 0.154481 0.152971 0.150477 0.147034 0.14269 0.137508 0.131566 0.124952 0.11777 0.11013 0.102153 0.0939626 0.0856841 0.0774401 0.0693474 0.061513 0.0540318 0.046984 0.0404333 0.034426 0.028991 0.0241401 0.0198695 0.0161616 0.0129869 0.0103071 0.00807729 0.00624861 0.00477079 0.00359411 0.00267117 0.00195812 0.00141557 0.00100905 0.000709135 0.000491275 0.000335473 0.000225783 0.00014976 9.78915e-05 6.30558e-05 4.00251e-05 2.50372e-05 1.54376e-05 9.38896e-06 5.6455e-06 3.3808e-06 2.06231e-06 1.36367e-06 
1.56984e-06 1.7337e-06 2.47318e-06 3.9928e-06 6.68944e-06 1.12278e-05 1.86553e-05 3.05676e-05 4.93356e-05 7.84062e-05 0.000122688 0.000189026 0.000286771 0.000428429 0.000630369 0.000913554 0.00130423 0.0018345 0.00254273 0.0034736 0.00467784 0.00621144 0.00813436 0.0105087 0.0133963 0.0168562 0.0209409 0.025694 0.0311461 0.0373126 0.0441906 0.0517573 0.0599691 0.0687612 0.0780483 0.0877265 0.0976757 0.107763 0.117846 0.127777 0.137409 0.146597 0.155203 0.163101 0.170175 0.176327 0.181472 0.185542 0.188484 0.190263 0.190856 0.190255 0.188469 0.185519 0.181443 0.176293 0.170139 0.163064 0.15517 0.146571 0.137395 0.127779 0.117867 0.107808 0.0977474 0.0878263 0.0781766 0.0689173 0.0601509 0.0519615 0.044413 0.0375482 0.0313895 0.0259396 0.0211832 0.0170902 0.0136177 0.0107139 0.0083209 0.00637771 0.00482321 0.00359828 0.00264765 0.00192113 0.00137442 0.000969369 0.00067393 0.000461797 0.000311861 0.000207547 0.00013611 8.79562e-05 5.60072e-05 3.51434e-05 2.1735e-05 1.3259e-05 7.99683e-06 4.80426e-06 2.94121e-06 1.95292e-06 
2.22716e-06 2.46208e-06 3.50561e-06 5.64223e-06 9.42173e-06 1.57615e-05 2.6101e-05 4.26239e-05 6.85595e-05 0.00010858 0.000169303 0.00025991 0.00039287 0.000584764 0.000857154 0.00123747 0.00175982 0.0024656 0.00340387 0.00463127 0.00621144 0.00821387 0.010712 0.0137809 0.0174938 0.0219189 0.0271153 0.0331292 0.0399901 0.0477072 0.0562676 0.0656336 0.0757429 0.0865083 0.0978198 0.109547 0.121542 0.133644 0.145685 0.157494 0.168898 0.179735 0.18985 0.199101 0.207365 0.214532 0.220513 0.225236 0.228645 0.230703 0.231386 0.230688 0.228615 0.225192 0.220456 0.214463 0.207287 0.199017 0.189764 0.179652 0.168824 0.157433 0.145645 0.133629 0.121556 0.109593 0.0979009 0.0866244 0.0758929 0.0658149 0.0564761 0.0479377 0.0402366 0.0333854 0.0273744 0.0221747 0.0177405 0.0140137 0.010927 0.00840822 0.00638361 0.00478073 0.00353107 0.00257173 0.00184666 0.00130716 0.000912008 0.000627124 0.000424967 0.000283774 0.000186716 0.000121051 7.73259e-05 4.8672e-05 3.01944e-05 1.84755e-05 1.11772e-05 6.73654e-06 4.13907e-06 2.75964e-06 
3.11772e-06 3.44963e-06 4.90224e-06 7.86575e-06 1.30914e-05 2.18278e-05 3.60267e-05 5.86348e-05 9.39899e-05 0.000148337 0.000230474 0.000352544 0.00053094 0.000787327 0.0011497 0.00165344 0.0023422 0.00326856 0.00449428 0.00609002 0.00813436 0.010712 0.0139114 0.0178213 0.0225266 0.0281044 0.0346186 0.0421159 0.0506212 0.0601343 0.0706271 0.0820427 0.094295 0.10727 0.120828 0.134809 0.149034 0.163314 0.177453 0.191254 0.204525 0.217084 0.228763 0.239408 0.248887 0.257086 0.263913 0.269293 0.273171 0.275508 0.276282 0.275485 0.273126 0.269226 0.263826 0.25698 0.248764 0.239272 0.228618 0.216937 0.204382 0.191121 0.177338 0.163224 0.148975 0.134786 0.120845 0.107329 0.0943962 0.0821846 0.0708063 0.0603457 0.0508588 0.0423724 0.0348865 0.028376 0.0227947 0.0180793 0.0141539 0.0109348 0.00833454 0.00626611 0.00464594 0.0033965 0.00244797 0.00173914 0.00121776 0.000840329 0.000571417 0.000382864 0.000252754 0.000164399 0.000105353 6.65211e-05 4.13946e-05 2.54059e-05 1.54171e-05 9.32191e-06 5.74824e-06 3.84818e-06 
4.30681e-06 4.76908e-06 6.76392e-06 1.08193e-05 1.79479e-05 2.98264e-05 4.90647e-05 7.9586e-05 0.000127138 0.000199952 0.00030957 0.000471821 0.000707963 0.00104591 0.00152149 0.00217967 0.00307552 0.00427482 0.00585418 0.00790033 0.0105087 0.0137809 0.0178213 0.0227328 0.0286118 0.0355426 0.0435919 0.0528036 0.063194 0.0747485 0.087419 0.101124 0.115747 0.131144 0.147141 0.163545 0.180144 0.196719 0.213047 0.228907 0.244088 0.258392 0.271641 0.283674 0.294353 0.303565 0.311216 0.317234 0.321564 0.324171 0.325032 0.324141 0.321505 0.317146 0.3111 0.303422 0.294186 0.283485 0.271436 0.258178 0.24387 0.228695 0.212849 0.196543 0.179999 0.163438 0.147078 0.131129 0.115782 0.101209 0.0875519 0.0749251 0.0634083 0.053048 0.0438581 0.0358217 0.028895 0.0230118 0.0180889 0.0140311 0.0107372 0.00810419 0.00603203 0.00442665 0.00320239 0.0022835 0.00160472 0.00111129 0.000758299 0.000509815 0.00033769 0.000220364 0.000141669 8.97332e-05 5.60113e-05 3.44817e-05 2.09889e-05 1.27317e-05 7.879e-06 5.29593e-06 
5.87154e-06 6.50629e-06 9.20929e-06 1.46854e-05 2.42814e-05 4.02189e-05 6.59416e-05 0.000106603 0.000169716 0.000265989 0.000410349 0.000623164 0.000931611 0.00137116 0.00198704 0.00283559 0.00398527 0.00551719 0.00752491 0.0101133 0.0133963 0.0174938 0.0225266 0.0286118 0.0358558 0.0443481 0.054155 0.0653133 0.0778258 0.0916578 0.106735 0.122946 0.14014 0.158134 0.176721 0.195668 0.214732 0.233663 0.252212 0.270137 0.287212 0.303228 0.317999 0.331364 0.343185 0.35335 0.361771 0.36838 0.373129 0.375983 0.376925 0.375947 0.373057 0.368273 0.361629 0.353173 0.342976 0.331126 0.317737 0.302948 0.286921 0.269844 0.251926 0.233396 0.214492 0.195466 0.176564 0.15803 0.140091 0.122956 0.106805 0.0917825 0.0780007 0.0655312 0.0544069 0.0446243 0.0361458 0.0289058 0.0228153 0.0177692 0.0136523 0.0103452 0.00773009 0.00569455 0.00413518 0.00295956 0.00208738 0.00145069 0.000993356 0.000670134 0.000445369 0.000291584 0.000188058 0.000119489 7.48146e-05 4.61976e-05 2.82063e-05 1.71645e-05 1.06601e-05 7.19377e-06 
7.90075e-06 8.76019e-06 1.23745e-05 1.96722e-05 3.24209e-05 5.35256e-05 8.74707e-05 0.000140936 0.000223616 0.000349252 0.0005369 0.000812411 0.00121007 0.00177434 0.00256153 0.00364124 0.0050974 0.00702859 0.00954736 0.0127786 0.0168562 0.0219189 0.0281044 0.0355426 0.0443481 0.0546126 0.0663975 0.0797275 0.094586 0.110912 0.128599 0.147498 0.16742 0.188141 0.209412 0.230965 0.252523 0.273805 0.294541 0.314473 0.333361 0.350994 0.367184 0.381772 0.394628 0.405648 0.414752 0.421882 0.426995 0.430066 0.431077 0.430026 0.426915 0.421761 0.41459 0.405445 0.394385 0.381492 0.366871 0.350654 0.333001 0.314101 0.294169 0.273444 0.252184 0.230661 0.209152 0.187934 0.167274 0.147419 0.128588 0.110967 0.0947049 0.0799031 0.066621 0.0548735 0.0446349 0.0358436 0.0284083 0.0222157 0.0171375 0.0130379 0.00978023 0.00723259 0.00527193 0.00378715 0.00268082 0.00186977 0.0012848 0.000869714 0.000579944 0.000380933 0.000246469 0.000157093 9.86604e-05 6.11064e-05 3.74225e-05 2.28453e-05 1.42382e-05 9.64591e-06 
1.04941e-05 1.16418e-05 1.64115e-05 2.60108e-05 4.27294e-05 7.03168e-05 0.000114537 0.000183938 0.000290864 0.000452723 0.000693526 0.00104565 0.0015518 0.00226694 0.00326024 0.00461655 0.00643734 0.00884066 0.01196 0.0159418 0.0209409 0.0271153 0.0346186 0.0435919 0.054155 0.0663975 0.0803708 0.0960817 0.113487 0.132494 0.152956 0.174681 0.197437 0.220955 0.244944 0.269098 0.293107 0.316667 0.339486 0.361297 0.381855 0.400949 0.418397 0.434051 0.447794 0.459533 0.469204 0.476759 0.482168 0.485412 0.48648 0.48537 0.482083 0.47663 0.46903 0.459314 0.447529 0.433742 0.418046 0.400561 0.381437 0.360858 0.339036 0.316217 0.292671 0.268689 0.244575 0.220638 0.197183 0.174498 0.152848 0.132464 0.113533 0.0961987 0.0805507 0.0666295 0.0544268 0.0438903 0.0349305 0.0274283 0.0212442 0.0162267 0.0122201 0.00907176 0.00663758 0.0047859 0.00340015 0.00237994 0.00164106 0.00111466 0.000745759 0.000491442 0.000318981 0.000203941 0.000128472 7.98093e-05 4.90235e-05 3.00215e-05 1.87758e-05 1.27687e-05 
1.37602e-05 1.5272e-05 2.14853e-05 3.395e-05 5.55949e-05 9.11976e-05 0.000148073 0.000237021 0.000373559 0.000579463 0.000884599 0.00132901 0.00196517 0.0028602 0.00409793 0.00578042 0.00802867 0.0109822 0.014797 0.0196421 0.025694 0.0331292 0.0421159 0.0528036 0.0653133 0.0797275 0.0960817 0.114358 0.134479 0.156313 0.179668 0.204304 0.22994 0.25626 0.282931 0.309611 0.335959 0.361651 0.386382 0.409879 0.431901 0.452245 0.470742 0.487262 0.501703 0.513995 0.52409 0.531957 0.537579 0.540946 0.542055 0.540904 0.537494 0.531828 0.523915 0.513772 0.50143 0.486938 0.470369 0.451826 0.431442 0.409387 0.385866 0.361123 0.335434 0.309102 0.282455 0.25583 0.22957 0.204007 0.179452 0.156183 0.134437 0.1144 0.0962025 0.0799163 0.0655574 0.0530886 0.0424268 0.0334516 0.0260145 0.0199496 0.0150827 0.0112401 0.00825516 0.00597429 0.00425984 0.00299226 0.00207044 0.00141108 0.000947197 0.000626201 0.000407728 0.000261482 0.000165215 0.000102939 6.34188e-05 3.89574e-05 2.44477e-05 1.6688e-05 
1.78133e-05 1.9778e-05 2.77684e-05 4.37488e-05 7.14178e-05 0.000116787 0.000189025 0.000301603 0.000473791 0.000732484 0.00111437 0.00166836 0.00245812 0.00356457 0.00508802 0.00714966 0.00989187 0.0134772 0.0180856 0.0239094 0.0311461 0.0399901 0.0506212 0.063194 0.0778258 0.094586 0.113487 0.134479 0.157446 0.182205 0.208517 0.236089 0.264585 0.293645 0.322893 0.351951 0.380457 0.408068 0.434476 0.459409 0.482637 0.503973 0.523269 0.540418 0.555343 0.567998 0.578357 0.586407 0.592149 0.595584 0.596716 0.595546 0.592071 0.586287 0.578191 0.567784 0.555077 0.540097 0.522894 0.503543 0.482157 0.458884 0.433914 0.40748 0.379857 0.351354 0.322316 0.293106 0.2641 0.235673 0.208185 0.181965 0.157302 0.134433 0.113534 0.0947172 0.0780288 0.0634537 0.0509213 0.0403138 0.0314779 0.0242354 0.0183946 0.0137608 0.0101445 0.00736864 0.00527299 0.00371697 0.00258073 0.00176476 0.00118848 0.000788223 0.000514817 0.00033116 0.00020986 0.000131136 8.10266e-05 4.99252e-05 3.14354e-05 2.15359e-05 
2.27691e-05 2.52884e-05 3.54342e-05 5.56648e-05 9.05934e-05 0.000147692 0.000238308 0.000379045 0.000593536 0.000914597 0.00138675 0.00206899 0.00303765 0.00438907 0.00624181 0.00873792 0.0120428 0.0163436 0.0218446 0.0287616 0.0373126 0.0477072 0.0601343 0.0747485 0.0916578 0.110912 0.132494 0.156313 0.182205 0.209937 0.239212 0.269679 0.300951 0.33262 0.364271 0.395496 0.425914 0.455175 0.482971 0.509042 0.533177 0.555213 0.57503 0.592549 0.607726 0.62054 0.630992 0.639092 0.644857 0.648302 0.649439 0.648269 0.64479 0.638988 0.630846 0.620348 0.607483 0.592251 0.574672 0.554795 0.532699 0.508507 0.482385 0.454547 0.425258 0.394827 0.363606 0.33198 0.300355 0.269145 0.238759 0.209579 0.181951 0.156166 0.132454 0.110972 0.0918065 0.0749708 0.0604128 0.0480236 0.0376487 0.029101 0.0221734 0.0166508 0.0123208 0.00898206 0.00645046 0.0045628 0.00317876 0.0021809 0.00147346 0.000980292 0.000642219 0.000414341 0.000263335 0.000165021 0.000102256 6.31934e-05 3.99198e-05 2.74449e-05 
2.87387e-05 3.19269e-05 4.46483e-05 6.99416e-05 0.000113491 0.000184469 0.000296755 0.000470564 0.000734535 0.00112823 0.00170504 0.00253529 0.00370938 0.00534065 0.00756755 0.0105546 0.0144915 0.0195908 0.0260817 0.0342027 0.0441906 0.0562676 0.0706271 0.087419 0.106735 0.128599 0.152956 0.179668 0.208517 0.239212 0.271393 0.304653 0.338553 0.372638 0.406457 0.43958 0.471613 0.502207 0.531063 0.557943 0.582661 0.605084 0.625129 0.642752 0.65794 0.670708 0.681082 0.689098 0.69479 0.698188 0.69931 0.698164 0.694739 0.689017 0.680967 0.670551 0.657736 0.642492 0.624809 0.604699 0.582208 0.557423 0.530479 0.501565 0.470925 0.43886 0.405723 0.371911 0.337856 0.304008 0.270821 0.238733 0.208145 0.179411 0.152818 0.128576 0.106817 0.0875919 0.0708732 0.056567 0.0445233 0.0345495 0.026426 0.0199188 0.0147932 0.0108233 0.00780006 0.00553635 0.00386987 0.00266369 0.00180534 0.00120478 0.000791649 0.000512235 0.000326475 0.000205159 0.000127482 7.90121e-05 5.00712e-05 3.45413e-05 
3.58219e-05 3.98042e-05 5.55573e-05 8.6792e-05 0.000140427 0.000227592 0.000365057 0.00057715 0.000898165 0.00137525 0.00207168 0.00307031 0.00447699 0.00642351 0.00906962 0.0126036 0.0172406 0.0232188 0.0307921 0.0402206 0.0517573 0.0656336 0.0820427 0.101124 0.122946 0.147498 0.174681 0.204304 0.236089 0.269679 0.304653 0.340547 0.376868 0.413119 0.448822 0.483529 0.516843 0.548422 0.577988 0.605329 0.630295 0.65279 0.672772 0.690234 0.705204 0.717728 0.727862 0.735666 0.741195 0.744492 0.745583 0.744477 0.741165 0.735615 0.727785 0.717617 0.705051 0.69003 0.672508 0.65246 0.629891 0.604849 0.577431 0.547792 0.516148 0.482783 0.448041 0.412325 0.376084 0.339801 0.30397 0.269081 0.235597 0.203933 0.174437 0.147382 0.12295 0.101236 0.0822457 0.0659066 0.0520783 0.0405682 0.0311469 0.0235642 0.0175639 0.0128959 0.0093257 0.00664144 0.00465749 0.00321601 0.00218641 0.00146347 0.000964431 0.000625801 0.000399959 0.000252018 0.000157024 9.75965e-05 6.20388e-05 4.29376e-05 
4.40991e-05 4.90096e-05 6.82777e-05 0.000106381 0.000171643 0.000277406 0.000443702 0.000699465 0.0010853 0.00165676 0.00248796 0.00367546 0.00534177 0.00763844 0.0107477 0.0148827 0.0202844 0.0272167 0.0359573 0.046786 0.0599691 0.0757429 0.094295 0.115747 0.14014 0.16742 0.197437 0.22994 0.264585 0.300951 0.338553 0.376868 0.415354 0.453481 0.490746 0.526694 0.560931 0.593133 0.623052 0.650509 0.675394 0.697658 0.7173 0.734357 0.748895 0.760994 0.770742 0.778222 0.783508 0.786655 0.7877 0.786653 0.7835 0.778205 0.770709 0.760937 0.748803 0.734221 0.717108 0.6974 0.67506 0.650091 0.622547 0.592541 0.560256 0.525947 0.489943 0.452642 0.414505 0.376036 0.337769 0.300242 0.263977 0.229451 0.197082 0.167203 0.140057 0.115789 0.0944448 0.0759799 0.0602701 0.0471274 0.0363171 0.0275754 0.0206265 0.0151968 0.0110266 0.00787849 0.0055426 0.00383901 0.0026178 0.00175733 0.00116136 0.000755657 0.000484243 0.000305928 0.000191114 0.000119108 7.5938e-05 5.27229e-05 
5.36234e-05 5.96016e-05 8.2883e-05 0.000128807 0.000207271 0.000334086 0.000532906 0.000837758 0.00129618 0.00197288 0.00295379 0.00435011 0.00630219 0.00898235 0.0125963 0.0173825 0.023608 0.0315619 0.0415443 0.053852 0.0687612 0.0865083 0.10727 0.131144 0.158134 0.188141 0.220955 0.25626 0.293645 0.33262 0.372638 0.413119 0.453481 0.493163 0.531646 0.568477 0.603275 0.635742 0.665665 0.692909 0.717409 0.739163 0.758216 0.774651 0.788571 0.800092 0.80933 0.816392 0.821368 0.824327 0.825312 0.824337 0.821384 0.81641 0.809344 0.800092 0.788547 0.77459 0.758106 0.738989 0.71716 0.692573 0.665234 0.635212 0.602645 0.567755 0.530846 0.492303 0.452587 0.412221 0.371768 0.331811 0.292927 0.255658 0.220487 0.187819 0.157958 0.131107 0.107358 0.0867006 0.069034 0.0541801 0.0419031 0.0319294 0.0239657 0.0177163 0.0128968 0.00924399 0.00652332 0.00453184 0.00309923 0.00208637 0.00138258 0.000901983 0.000579504 0.000367037 0.000229869 0.000143638 9.18378e-05 6.39538e-05 
6.4412e-05 7.15987e-05 9.93918e-05 0.000154086 0.000247311 0.000397597 0.000632561 0.000991777 0.00153029 0.00232268 0.00346744 0.00509139 0.00735353 0.0104478 0.014604 0.020086 0.0271869 0.0362197 0.0475051 0.0613539 0.0780483 0.0978198 0.120828 0.147141 0.176721 0.209412 0.244944 0.282931 0.322893 0.364271 0.406457 0.448822 0.490746 0.531646 0.570998 0.608357 0.643364 0.675757 0.705362 0.732094 0.755937 0.776939 0.795194 0.810826 0.823979 0.834799 0.843431 0.850001 0.854618 0.857359 0.858275 0.85738 0.854657 0.850055 0.843492 0.834858 0.824024 0.810845 0.795172 0.77686 0.755785 0.731854 0.705023 0.675308 0.642802 0.607685 0.570226 0.53079 0.489831 0.447878 0.405518 0.363375 0.322074 0.28222 0.244366 0.208983 0.176447 0.147019 0.120847 0.0979597 0.0782854 0.0616618 0.0478571 0.0365912 0.0275565 0.020437 0.0149244 0.0107302 0.00759464 0.00529134 0.00362876 0.00244947 0.00162747 0.00106445 0.000685576 0.000435272 0.000273265 0.000171183 0.000109748 7.66449e-05 
7.64386e-05 8.49712e-05 0.000117757 0.00018213 0.000291608 0.000467662 0.000742185 0.0011607 0.00178627 0.00270393 0.00402545 0.00589391 0.00848766 0.0120228 0.0167534 0.0229687 0.0309869 0.0411437 0.0537776 0.0692107 0.0877265 0.109547 0.134809 0.163545 0.195668 0.230965 0.269098 0.309611 0.351951 0.395496 0.43958 0.483529 0.526694 0.568477 0.608357 0.645905 0.680796 0.712806 0.74181 0.767773 0.790732 0.810787 0.828077 0.842769 0.855043 0.865075 0.873032 0.879063 0.883285 0.885789 0.886629 0.885821 0.883347 0.879149 0.873137 0.865189 0.855155 0.842867 0.828144 0.810805 0.790683 0.767638 0.741574 0.712455 0.680321 0.645304 0.607635 0.567648 0.52578 0.482561 0.438593 0.39453 0.351045 0.3088 0.268414 0.230431 0.195295 0.163334 0.134752 0.109628 0.0879213 0.069492 0.0541172 0.0415144 0.0313647 0.0233341 0.0170917 0.0123246 0.00874812 0.00611187 0.00420271 0.00284425 0.00189451 0.00124212 0.000801905 0.000510309 0.000321114 0.00020164 0.00012961 9.07607e-05 
8.96282e-05 9.96348e-05 0.000137857 0.000212745 0.000339836 0.000543738 0.000860885 0.0013431 0.00206186 0.00311315 0.00462249 0.00674976 0.00969302 0.0136907 0.0190211 0.0259985 0.0349646 0.0462761 0.0602869 0.0773264 0.0976757 0.121542 0.149034 0.180144 0.214732 0.252523 0.293107 0.335959 0.380457 0.425914 0.471613 0.516843 0.560931 0.603275 0.643364 0.680796 0.715281 0.746643 0.774809 0.799796 0.821696 0.840656 0.856863 0.870522 0.881844 0.891035 0.898281 0.903744 0.907557 0.909813 0.910573 0.909854 0.907637 0.90386 0.898425 0.8912 0.882019 0.870693 0.857014 0.840769 0.82175 0.79977 0.774684 0.7464 0.714907 0.680282 0.642712 0.602494 0.560041 0.515872 0.470597 0.424895 0.379477 0.33506 0.292326 0.251887 0.21426 0.179843 0.148899 0.121559 0.0978226 0.0775756 0.0606087 0.0466413 0.0353467 0.0263752 0.0193753 0.0140106 0.00997195 0.00698527 0.00481554 0.00326704 0.00218133 0.00143348 0.000927518 0.000591544 0.000373049 0.000234784 0.000151284 0.000106209 
