0.000393616 0.000400189 0.000423012 0.000462615 0.0005198 0.000595687 0.000691699 0.000809548 0.000951215 0.00111893 0.00131512 0.00154242 0.00180359 0.00210146 0.00243891 0.00281882 0.00324393 0.00371686 0.00423998 0.00481534 0.00544462 0.00612901 0.00686916 0.00766512 0.00851624 0.00942114 0.0103776 0.0113828 0.0124327 0.0135226 0.0146472 0.0157999 0.0169738 0.0181608 0.0193527 0.0205403 0.0217143 0.0228648 0.023982 0.0250557 0.0260762 0.0270337 0.027919 0.0287232 0.0294384 0.0300572 0.0305732 0.0309811 0.0312766 0.0314565 0.031519 0.0314634 0.0312904 0.0310017 0.0306006 0.0300911 0.0294788 0.0287698 0.0279716 0.0270921 0.0261401 0.0251248 0.0240558 0.022943 0.0217965 0.020626 0.0194414 0.0182521 0.017067 0.0158947 0.0147429 0.0136187 0.0125286 0.0114781 0.0104718 0.0095136 0.00860658 0.00775291 0.00695402 0.00621058 0.00552261 0.0048895 0.0043101 0.00378278 0.00330554 0.00287606 0.00249176 0.00214992 0.00184772 0.0015823 0.00135084 0.00115061 0.000978989 0.000833545 0.000712052 0.000612523 0.000533236 0.000472753 0.000429936 0.00040401 
0.000400189 0.000406883 0.000430105 0.000470392 0.00052856 0.000605747 0.000703398 0.000823255 0.00096733 0.00113789 0.0013374 0.00156853 0.00183408 0.00213693 0.00248002 0.00286623 0.00329837 0.00377909 0.00431078 0.00489552 0.00553501 0.00623044 0.00698247 0.00779113 0.00865575 0.00957492 0.0105464 0.0115672 0.0126334 0.0137401 0.0148819 0.0160521 0.0172437 0.0184487 0.0196583 0.0208636 0.022055 0.0232224 0.0243559 0.0254453 0.0264805 0.0274518 0.0283498 0.0291656 0.029891 0.0305185 0.0310419 0.0314555 0.0317551 0.0319375 0.0320009 0.0319444 0.0317689 0.0314761 0.0310691 0.0305524 0.0299312 0.0292121 0.0284023 0.0275101 0.0265443 0.0255142 0.0244296 0.0233005 0.0221371 0.0209493 0.0197471 0.01854 0.0173371 0.016147 0.0149777 0.0138364 0.0127296 0.0116628 0.0106409 0.00966774 0.00874648 0.00787934 0.00706776 0.00631247 0.00561346 0.00497015 0.00438137 0.00384548 0.00336044 0.00292391 0.00253329 0.0021858 0.00187859 0.00160876 0.00137345 0.00116987 0.000995373 0.000847489 0.000723956 0.000622755 0.000542135 0.000480637 0.000437103 0.000410747 
0.000423012 0.000430105 0.000454624 0.000497135 0.000558492 0.000639887 0.000742835 0.000869158 0.00102096 0.00120061 0.0014107 0.001654 0.00193343 0.00225202 0.00261279 0.00301876 0.00347285 0.0039778 0.00453607 0.00514983 0.00582078 0.00655016 0.00733861 0.00818612 0.00909194 0.0100546 0.0110716 0.0121399 0.0132552 0.0144126 0.0156063 0.0168293 0.0180742 0.0193326 0.0205957 0.0218538 0.023097 0.0243149 0.0254971 0.0266331 0.0277123 0.0287247 0.0296605 0.0305104 0.0312661 0.0319197 0.0324647 0.0328954 0.0332073 0.0333971 0.0334628 0.0334039 0.0332209 0.0329157 0.0324917 0.0319532 0.0313059 0.0305565 0.0297126 0.0287825 0.0277756 0.0267016 0.0255705 0.0243927 0.0231788 0.0219393 0.0206843 0.019424 0.0181677 0.0169244 0.0157025 0.0145095 0.0133521 0.0122362 0.0111669 0.0101483 0.00918373 0.00827548 0.00742513 0.00663347 0.00590055 0.0052258 0.00460801 0.00404553 0.00353626 0.00307775 0.00266732 0.00230209 0.00197909 0.00169531 0.00144774 0.00123351 0.00104983 0.000894119 0.000764024 0.000657428 0.0005725 0.000507711 0.000461853 0.000434099 
0.000462615 0.000470392 0.000497135 0.000543453 0.000610267 0.000698859 0.000810859 0.000948225 0.00111322 0.00130838 0.00153648 0.0018005 0.00210355 0.00244885 0.00283966 0.00327916 0.00377044 0.00431641 0.00491966 0.00558245 0.00630657 0.00709325 0.00794312 0.00885608 0.00983127 0.010867 0.0119606 0.0131087 0.0143066 0.0155491 0.0168297 0.0181412 0.0194755 0.0208236 0.0221759 0.0235224 0.0248523 0.0261546 0.0274182 0.028632 0.0297847 0.0308657 0.0318646 0.0327715 0.0335777 0.0342748 0.0348559 0.035315 0.0356474 0.0358495 0.0359194 0.0358562 0.0356607 0.035335 0.0348824 0.0343077 0.0336168 0.0328168 0.0319158 0.0309227 0.0298472 0.0286997 0.0274909 0.0262318 0.0249336 0.0236075 0.0222643 0.0209148 0.0195691 0.0182367 0.0169265 0.0156467 0.0144044 0.0132061 0.0120573 0.0109623 0.00992475 0.00894726 0.00803158 0.0071786 0.00638847 0.0056606 0.00499381 0.00438635 0.00383603 0.00334029 0.00289627 0.00250093 0.00215111 0.00184359 0.00157518 0.00134279 0.00114345 0.000974402 0.000833104 0.000717291 0.000625 0.000554586 0.00050475 0.000474606 
0.0005198 0.00052856 0.000558492 0.000610267 0.000684898 0.000783797 0.000908755 0.00106192 0.00124578 0.00146311 0.00171694 0.00201053 0.00234728 0.00273069 0.00316428 0.00365152 0.00419574 0.00480006 0.00546725 0.0061997 0.00699928 0.00786726 0.00880421 0.00980994 0.0108834 0.0120226 0.0132246 0.0144854 0.0158001 0.0171627 0.0185662 0.0200025 0.0214627 0.0229372 0.0244155 0.0258864 0.0273384 0.0287595 0.0301378 0.0314609 0.032717 0.0338944 0.0349819 0.035969 0.0368461 0.0376044 0.0382362 0.0387352 0.0390963 0.0393157 0.0393912 0.0393222 0.0391092 0.0387545 0.0382618 0.0376363 0.0368842 0.0360131 0.0350319 0.0339501 0.0327782 0.0315273 0.0302092 0.0288356 0.0274188 0.0259707 0.0245033 0.0230282 0.0215563 0.0200982 0.0186635 0.0172611 0.015899 0.0145843 0.0133229 0.0121198 0.010979 0.00990352 0.00889526 0.00795535 0.00708404 0.0062808 0.0055444 0.00487302 0.00426433 0.0037156 0.00322377 0.00278553 0.00239747 0.0020561 0.00175794 0.00149963 0.00127792 0.0010898 0.000932476 0.000803478 0.000700646 0.000622179 0.00056665 0.000533084 
0.000595687 0.000605747 0.000639887 0.000698859 0.000783797 0.00089628 0.00103831 0.00121228 0.00142096 0.00166745 0.00195512 0.00228757 0.00266857 0.00310199 0.00359171 0.00414153 0.0047551 0.00543579 0.00618664 0.00701017 0.00790837 0.00888251 0.00993313 0.0110598 0.0122614 0.0135354 0.0148785 0.0162861 0.0177527 0.0192714 0.0208344 0.0224328 0.0240566 0.025695 0.0273365 0.0289687 0.0305789 0.0321539 0.0336804 0.0351452 0.0365349 0.037837 0.0390391 0.0401298 0.0410985 0.0419357 0.0426331 0.0431836 0.0435817 0.0438235 0.0439064 0.0438296 0.043594 0.043202 0.0426576 0.0419663 0.0411351 0.0401722 0.0390873 0.0378908 0.0365942 0.0352097 0.0337501 0.0322283 0.0306578 0.0290518 0.0274234 0.0257853 0.0241498 0.0225285 0.0209321 0.0193706 0.0178527 0.0163865 0.0149787 0.0136349 0.0123596 0.0111563 0.0100273 0.00897395 0.00799664 0.00709491 0.0062675 0.00551251 0.00482743 0.00420931 0.0036548 0.00316032 0.00272209 0.00233628 0.00199905 0.00170667 0.00145555 0.00124232 0.00106392 0.000917559 0.000800847 0.000711773 0.000648742 0.00061067 
0.000691699 0.000703398 0.000742835 0.000810859 0.000908755 0.00103831 0.00120178 0.00140187 0.00164171 0.00192477 0.00225485 0.00263598 0.00307238 0.00356837 0.00412826 0.00475628 0.00545643 0.00623245 0.0070876 0.00802464 0.00904563 0.0101519 0.0113439 0.0126209 0.0139815 0.0154229 0.0169409 0.0185305 0.0201852 0.0218972 0.0236576 0.0254564 0.0272823 0.0291232 0.0309662 0.0327974 0.0346026 0.0363672 0.0380765 0.0397155 0.0412699 0.0427253 0.0440685 0.0452865 0.0463679 0.0473021 0.0480799 0.0486937 0.0491374 0.0494066 0.0494985 0.0494124 0.049149 0.048711 0.0481029 0.0473308 0.0464023 0.0453266 0.0441142 0.0427766 0.0413265 0.0397775 0.0381436 0.0364393 0.0346794 0.0328785 0.0310515 0.0292123 0.0273747 0.0255517 0.0237554 0.0219969 0.0202863 0.0186324 0.0170431 0.0155248 0.0140826 0.0127206 0.0114415 0.0102471 0.00913794 0.00811358 0.0071728 0.00631357 0.00553319 0.00482844 0.00419565 0.00363085 0.00312988 0.00268845 0.0023023 0.00196723 0.00167924 0.00143454 0.00122968 0.00106153 0.000927388 0.000824992 0.000752541 0.00070881 
0.000809548 0.000823255 0.000869158 0.000948225 0.00106192 0.00121228 0.00140187 0.00163378 0.00191153 0.00223907 0.00262069 0.00306096 0.00356461 0.0041365 0.00478146 0.00550418 0.00630915 0.00720044 0.00818166 0.00925577 0.010425 0.0116906 0.0130528 0.014511 0.0160629 0.0177054 0.0194337 0.0212417 0.023122 0.0250658 0.0270627 0.0291014 0.0311691 0.0332521 0.0353357 0.0374046 0.0394426 0.0414334 0.0433605 0.0452073 0.0469576 0.0485958 0.0501066 0.0514762 0.0526916 0.0537411 0.0546146 0.0553037 0.0558015 0.0561032 0.0562058 0.0561084 0.055812 0.0553194 0.0546357 0.0537675 0.0527233 0.0515133 0.0501491 0.0486436 0.0470108 0.0452658 0.0434242 0.0415022 0.0395163 0.037483 0.0354186 0.0333391 0.0312599 0.0291956 0.02716 0.0251655 0.0232238 0.0213449 0.0195377 0.0178096 0.0161668 0.0146139 0.0131542 0.0117899 0.0105217 0.00934936 0.00827169 0.0072865 0.00639089 0.00558131 0.00485374 0.00420375 0.00362669 0.00311778 0.00267222 0.0022853 0.00195249 0.00166951 0.00143245 0.00123777 0.00108241 0.000963789 0.000879863 0.000829242 
0.000951215 0.00096733 0.00102096 0.00111322 0.00124578 0.00142096 0.00164171 0.00191153 0.00223444 0.00261494 0.00305788 0.00356845 0.00415199 0.00481398 0.00555983 0.00639481 0.00732389 0.0083516 0.00948188 0.0107179 0.012062 0.0135155 0.0150785 0.0167498 0.0185269 0.0204058 0.022381 0.0244454 0.0265903 0.0288056 0.0310794 0.0333987 0.0357491 0.038115 0.0404796 0.0428257 0.0451351 0.0473895 0.0495702 0.0516588 0.0536371 0.0554876 0.0571934 0.058739 0.06011 0.0612934 0.0622779 0.0630542 0.0636148 0.0639543 0.0640693 0.0639589 0.063624 0.0630681 0.0622965 0.0613168 0.0601383 0.0587723 0.0572317 0.055531 0.0536857 0.0517127 0.0496293 0.0474538 0.0452046 0.0429002 0.0405589 0.0381989 0.0358374 0.0334911 0.0311753 0.0289046 0.0266921 0.0245492 0.0224864 0.0205121 0.0186334 0.016856 0.0151836 0.013619 0.0121633 0.0108164 0.00957708 0.00844301 0.00741109 0.00647742 0.00563753 0.00488653 0.0042192 0.00363016 0.00311401 0.00266543 0.00227929 0.00195074 0.00167533 0.00144905 0.00126839 0.00113042 0.00103281 0.000973979 
0.00111893 0.00113789 0.00120061 0.00130838 0.00146311 0.00166745 0.00192477 0.00223907 0.00261494 0.00305748 0.00357223 0.00416504 0.00484198 0.00560921 0.00647282 0.0074387 0.00851239 0.0096989 0.0110025 0.0124267 0.0139739 0.0156453 0.0174409 0.019359 0.0213966 0.0235488 0.0258091 0.0281692 0.0306191 0.033147 0.0357395 0.0383815 0.0410566 0.043747 0.046434 0.0490978 0.0517181 0.0542741 0.0567449 0.0591098 0.0613486 0.0634415 0.0653698 0.0671162 0.0686646 0.0700005 0.0711116 0.0719873 0.0726194 0.0730018 0.073131 0.0730056 0.0726271 0.0719989 0.0711272 0.0700203 0.0686886 0.0671447 0.065403 0.0634794 0.0613915 0.0591578 0.0567981 0.0543326 0.0517819 0.049167 0.0465085 0.0438266 0.0411411 0.0384707 0.035833 0.0332444 0.0307199 0.0282729 0.0259151 0.0236565 0.0215053 0.0194681 0.0175496 0.015753 0.0140798 0.0125303 0.0111031 0.00979593 0.00860536 0.00752716 0.00655636 0.00568751 0.00491477 0.0042321 0.00363341 0.00311268 0.00266409 0.00228215 0.00196179 0.00169843 0.00148809 0.00132742 0.00121375 0.00114528 
0.00131512 0.0013374 0.0014107 0.00153648 0.00171694 0.00195512 0.00225485 0.00262069 0.00305788 0.00357223 0.00417 0.00485785 0.00564261 0.00653122 0.00753054 0.00864714 0.00988717 0.0112562 0.0127588 0.0143988 0.0161787 0.0180997 0.0201612 0.0223613 0.0246961 0.0271599 0.029745 0.0324417 0.0352384 0.0381215 0.0410756 0.0440834 0.0471264 0.0501843 0.0532357 0.0562586 0.0592298 0.062126 0.0649239 0.0676002 0.0701322 0.0724979 0.0746765 0.0766486 0.0783963 0.0799036 0.0811567 0.082144 0.0828563 0.0832869 0.0834318 0.0832898 0.0828621 0.0821528 0.0811687 0.0799189 0.0784152 0.0766713 0.0747033 0.0725291 0.070168 0.0676409 0.0649698 0.0621772 0.0592865 0.0563209 0.0533038 0.0502579 0.0472056 0.044168 0.0411652 0.0382159 0.0353371 0.0325443 0.0298508 0.0272682 0.0248063 0.0224727 0.020273 0.0182111 0.0162891 0.0145073 0.0128648 0.0113589 0.0099861 0.00874169 0.00762023 0.00661562 0.00572136 0.00493066 0.00423664 0.00363253 0.00311172 0.002668 0.00229558 0.00198928 0.00174454 0.00155754 0.00142526 0.00134562 
0.00154242 0.00156853 0.001654 0.0018005 0.00201053 0.00228757 0.00263598 0.00306096 0.00356845 0.00416504 0.00485785 0.00565436 0.00656232 0.0075895 0.00874358 0.0100319 0.0114613 0.0130378 0.0147665 0.0166514 0.0186951 0.0208986 0.023261 0.0257798 0.0284502 0.0312654 0.0342164 0.0372919 0.0404784 0.0437604 0.0471201 0.0505381 0.053993 0.0574619 0.0609208 0.0643445 0.0677073 0.0709829 0.0741451 0.077168 0.0800261 0.0826951 0.0851517 0.0873744 0.0893433 0.0910407 0.0924513 0.0935623 0.0943635 0.0948474 0.0950098 0.0948492 0.094367 0.0935678 0.092459 0.0910507 0.089356 0.0873901 0.0851709 0.082718 0.0800533 0.0771998 0.0741819 0.071025 0.067755 0.0643982 0.0609805 0.0575278 0.0540651 0.0506164 0.0472044 0.0438503 0.0405736 0.0373919 0.0343206 0.0313733 0.0285609 0.0258927 0.0233752 0.0210132 0.0188095 0.0167646 0.0148777 0.0131462 0.0115662 0.0101327 0.0088396 0.00768024 0.00664732 0.00573323 0.00493028 0.00423078 0.00362731 0.00311281 0.00268073 0.00232517 0.00204096 0.00182376 0.00167011 0.00157766 
0.00180359 0.00183408 0.00193343 0.00210355 0.00234728 0.00266857 0.00307238 0.00356461 0.00415199 0.00484198 0.00564261 0.00656232 0.00760979 0.00879376 0.0101228 0.011605 0.0132479 0.0150583 0.0170415 0.0192018 0.0215418 0.0240623 0.026762 0.0296375 0.0326832 0.0358909 0.0392501 0.0427478 0.0463683 0.0500939 0.0539044 0.0577774 0.0616889 0.0656131 0.0695227 0.0733896 0.0771847 0.0808789 0.0844428 0.0878474 0.0910646 0.0940671 0.0968293 0.0993272 0.101539 0.103445 0.105029 0.106275 0.107174 0.107716 0.107898 0.107717 0.107175 0.106277 0.105031 0.103449 0.101544 0.0993348 0.0968394 0.0940803 0.0910815 0.0878685 0.0844687 0.08091 0.0772216 0.0734325 0.0695722 0.0656693 0.061752 0.0578474 0.0539812 0.0501774 0.0464582 0.0428436 0.0393513 0.0359968 0.0327932 0.0297507 0.0268776 0.0241794 0.0216595 0.0193191 0.0171575 0.0151721 0.0133587 0.0117119 0.0102252 0.00889096 0.00770122 0.00664747 0.00572108 0.00491344 0.00421615 0.00362127 0.0031214 0.00270984 0.00238074 0.00212917 0.00195122 0.00184419 
0.00210146 0.00213693 0.00225202 0.00244885 0.00273069 0.00310199 0.00356837 0.0041365 0.00481398 0.00560921 0.00653122 0.0075895 0.00879376 0.0101537 0.0116789 0.0133784 0.0152604 0.0173321 0.0195995 0.022067 0.0247371 0.0276103 0.0306848 0.0339564 0.0374182 0.0410607 0.0448716 0.0488358 0.0529354 0.0571501 0.0614569 0.0658305 0.0702438 0.0746676 0.0790714 0.0834236 0.087692 0.0918437 0.0958463 0.0996675 0.103276 0.106642 0.109737 0.112534 0.11501 0.117143 0.118914 0.120308 0.121313 0.121918 0.122121 0.121917 0.12131 0.120305 0.118911 0.11714 0.115007 0.112532 0.109737 0.106644 0.103281 0.099676 0.0958592 0.0918617 0.0877157 0.0834537 0.0791083 0.0747117 0.0702955 0.06589 0.0615242 0.0572251 0.053018 0.0489255 0.044968 0.0411631 0.037526 0.0340686 0.0308006 0.0277288 0.0248572 0.0221876 0.0197197 0.0174508 0.0153766 0.0134913 0.0117876 0.0102574 0.00889167 0.00768107 0.00661591 0.00568657 0.00488366 0.0041982 0.00362187 0.00314713 0.00276736 0.00247698 0.00227157 0.00214809 
0.00243891 0.00248002 0.00261279 0.00283966 0.00316428 0.00359171 0.00412826 0.00478146 0.00555983 0.00647282 0.00753054 0.00874358 0.0101228 0.0116789 0.0134226 0.0153637 0.0175112 0.019873 0.0224554 0.025263 0.0282981 0.0315609 0.035049 0.038757 0.0426768 0.0467972 0.0511039 0.0555795 0.0602038 0.0649535 0.0698025 0.0747224 0.0796824 0.0846502 0.0895914 0.0944708 0.0992526 0.1039 0.108378 0.11265 0.116681 0.12044 0.123894 0.127014 0.129775 0.132152 0.134126 0.135678 0.136796 0.13747 0.137695 0.137468 0.136791 0.13567 0.134116 0.132141 0.129763 0.127002 0.123882 0.120429 0.116673 0.112644 0.108376 0.103903 0.099261 0.0944857 0.0896133 0.0846798 0.0797204 0.0747688 0.0698578 0.0650176 0.0602767 0.0556609 0.0511933 0.0468941 0.0427805 0.0388666 0.0351636 0.0316795 0.0284195 0.025386 0.022579 0.019996 0.0176325 0.0154822 0.0135373 0.0117889 0.0102271 0.00884157 0.00762151 0.00655621 0.00563517 0.00484835 0.00418641 0.00364087 0.0032043 0.00287041 0.00263421 0.00249229 
0.00281882 0.00286623 0.00301876 0.00327916 0.00365152 0.00414153 0.00475628 0.00550418 0.00639481 0.0074387 0.00864714 0.0100319 0.011605 0.0133784 0.0153637 0.0175717 0.0200122 0.0226938 0.025623 0.0288045 0.0322405 0.0359307 0.0398718 0.0440573 0.0484775 0.0531194 0.0579665 0.062999 0.0681936 0.073524 0.078961 0.0844724 0.090024 0.0955793 0.1011 0.106548 0.111883 0.117064 0.122052 0.126807 0.131293 0.135472 0.13931 0.142776 0.145841 0.148479 0.150668 0.15239 0.15363 0.154377 0.154625 0.154372 0.15362 0.152377 0.150651 0.148459 0.145818 0.142751 0.139284 0.135446 0.131268 0.126785 0.122032 0.117049 0.111873 0.106545 0.101105 0.095592 0.0900455 0.0845033 0.0790017 0.0735748 0.0682544 0.0630697 0.0580468 0.0532087 0.0485751 0.0441624 0.0399835 0.0360478 0.0323619 0.0289288 0.025749 0.0228202 0.0201379 0.0176952 0.015484 0.0134944 0.0117156 0.0101362 0.00874438 0.00752817 0.00647589 0.00557638 0.0048192 0.00419485 0.003695 0.00331264 0.00304214 0.00287967 
0.00324393 0.00329837 0.00347285 0.00377044 0.00419574 0.0047551 0.00545643 0.00630915 0.00732389 0.00851239 0.00988717 0.0114613 0.0132479 0.0152604 0.0175112 0.0200122 0.0227741 0.0258058 0.0291144 0.0327044 0.0365779 0.0407338 0.0451678 0.0498723 0.0548356 0.0600428 0.0654749 0.0711092 0.0769196 0.0828762 0.0889461 0.0950937 0.10128 0.107466 0.113608 0.119664 0.125589 0.131339 0.136871 0.142142 0.14711 0.151736 0.155983 0.159816 0.163203 0.166118 0.168536 0.170437 0.171805 0.172629 0.172902 0.172622 0.171792 0.170417 0.168511 0.166088 0.163169 0.159777 0.155942 0.151694 0.147068 0.142101 0.136833 0.131305 0.125559 0.119641 0.113593 0.107459 0.101283 0.0951063 0.0889696 0.0829108 0.0769656 0.0711666 0.0655435 0.0601221 0.0549249 0.0499708 0.0452746 0.0408477 0.0366976 0.0328286 0.0292416 0.0259347 0.0229032 0.0201401 0.0176365 0.0153819 0.0133645 0.0115717 0.00999056 0.00860787 0.00741072 0.00638669 0.00552419 0.00481265 0.00424277 0.00380672 0.00349824 0.00331303 
0.00371686 0.00377909 0.0039778 0.00431641 0.00480006 0.00543579 0.00623245 0.00720044 0.0083516 0.0096989 0.0112562 0.0130378 0.0150583 0.0173321 0.019873 0.0226938 0.0258058 0.0292187 0.0329396 0.0369731 0.0413209 0.0459811 0.0509482 0.056213 0.0617621 0.067578 0.0736392 0.0799199 0.0863905 0.0930177 0.0997646 0.106591 0.113456 0.120312 0.127115 0.133816 0.140368 0.146721 0.152829 0.158645 0.164123 0.16922 0.173897 0.178116 0.181844 0.185049 0.187708 0.189797 0.1913 0.192205 0.192504 0.192196 0.191282 0.189771 0.187674 0.185008 0.181796 0.178064 0.173841 0.169161 0.164062 0.158584 0.15277 0.146665 0.140316 0.133771 0.127077 0.120283 0.113436 0.106583 0.0997679 0.0930333 0.086419 0.0799613 0.0736934 0.0676447 0.0618407 0.0563026 0.0510479 0.0460897 0.0414371 0.0370955 0.0330666 0.0293487 0.0259373 0.0228251 0.0200027 0.0174586 0.0151803 0.013154 0.0113655 0.00980025 0.00844409 0.00728331 0.00630505 0.00549761 0.00485068 0.00435554 0.00400524 0.00379501 
0.00423998 0.00431078 0.00453607 0.00491966 0.00546725 0.00618664 0.0070876 0.00818166 0.00948188 0.0110025 0.0127588 0.0147665 0.0170415 0.0195995 0.0224554 0.025623 0.0291144 0.0329396 0.037106 0.0416182 0.046477 0.0516799 0.0572199 0.0630861 0.0692629 0.0757303 0.0824636 0.089434 0.0966081 0.103949 0.111415 0.118962 0.126544 0.13411 0.141611 0.148994 0.156205 0.163193 0.169906 0.176293 0.182305 0.187897 0.193024 0.197647 0.201729 0.205239 0.208147 0.210433 0.212077 0.213066 0.213393 0.213055 0.212054 0.2104 0.208104 0.205186 0.201668 0.197579 0.19295 0.187819 0.182224 0.17621 0.169824 0.163113 0.156129 0.148923 0.141548 0.134056 0.1265 0.11893 0.111395 0.103943 0.0966161 0.0894565 0.0825007 0.0757816 0.0693281 0.0631644 0.0573104 0.0517812 0.0465879 0.041737 0.0372312 0.0330694 0.029247 0.0257567 0.0225885 0.0197303 0.0171685 0.0148881 0.0128737 0.0111095 0.00957987 0.00826975 0.00716499 0.0062527 0.00552147 0.00496167 0.0045656 0.00432798 
0.00481534 0.00489552 0.00514983 0.00558245 0.0061997 0.00701017 0.00802464 0.00925577 0.0107179 0.0124267 0.0143988 0.0166514 0.0192018 0.022067 0.025263 0.0288045 0.0327044 0.0369731 0.0416182 0.0466437 0.0520501 0.0578334 0.0639854 0.0704931 0.0773384 0.0844986 0.0919458 0.0996474 0.107566 0.115661 0.123886 0.132193 0.14053 0.148842 0.157075 0.165171 0.173073 0.180724 0.188069 0.195051 0.20162 0.207725 0.21332 0.218361 0.222811 0.226635 0.229804 0.232292 0.234082 0.235158 0.235513 0.235144 0.234055 0.232252 0.229751 0.226571 0.222736 0.218277 0.213227 0.207626 0.201517 0.194945 0.187962 0.180619 0.17297 0.165073 0.156984 0.148761 0.140459 0.132134 0.123841 0.11563 0.107551 0.0996482 0.0919629 0.0845319 0.0773876 0.0705575 0.0640641 0.0579251 0.0521534 0.0467571 0.0417398 0.0371011 0.0328369 0.0289395 0.0253985 0.0222012 0.019333 0.0167778 0.0145189 0.012539 0.0108212 0.0093489 0.00810671 0.00708041 0.00625749 0.00562732 0.00518144 0.00491403 
0.00544462 0.00553501 0.00582078 0.00630657 0.00699928 0.00790837 0.00904563 0.010425 0.012062 0.0139739 0.0161787 0.0186951 0.0215418 0.0247371 0.0282981 0.0322405 0.0365779 0.0413209 0.046477 0.0520501 0.0580395 0.0644402 0.071242 0.0784298 0.0859829 0.0938754 0.102076 0.110548 0.119251 0.128138 0.137159 0.146261 0.155387 0.164478 0.173474 0.182313 0.190932 0.199271 0.20727 0.214869 0.222012 0.228647 0.234724 0.240197 0.245026 0.249173 0.252609 0.255306 0.257245 0.25841 0.258795 0.258394 0.257212 0.255258 0.252546 0.249097 0.244936 0.240096 0.234613 0.228528 0.221886 0.214738 0.207137 0.199138 0.190801 0.182186 0.173354 0.164367 0.155286 0.146173 0.137085 0.128079 0.119209 0.110524 0.10207 0.0938879 0.0860134 0.0784777 0.0713064 0.0645199 0.0581331 0.0521559 0.0465932 0.0414454 0.0367086 0.0323754 0.0284349 0.0248738 0.0216764 0.0188256 0.0163034 0.0140911 0.0121702 0.0105229 0.00913221 0.00798267 0.00706056 0.00635426 0.00585447 0.00555482 
0.00612901 0.00623044 0.00655016 0.00709325 0.00786726 0.00888251 0.0101519 0.0116906 0.0135155 0.0156453 0.0180997 0.0208986 0.0240623 0.0276103 0.0315609 0.0359307 0.0407338 0.0459811 0.0516799 0.0578334 0.0644402 0.0714935 0.0789813 0.086886 0.0951839 0.103846 0.112837 0.122116 0.131638 0.141352 0.151203 0.161132 0.171078 0.180977 0.190763 0.200369 0.209729 0.218777 0.227449 0.235681 0.243414 0.250593 0.257163 0.263077 0.268293 0.27277 0.276478 0.279387 0.281478 0.282735 0.283149 0.282717 0.281441 0.279332 0.276405 0.272681 0.268188 0.262959 0.257032 0.250451 0.243265 0.235525 0.227289 0.218616 0.209568 0.200212 0.190611 0.180834 0.170946 0.161013 0.151098 0.141264 0.131568 0.122065 0.112806 0.103835 0.0951929 0.0869146 0.0790288 0.0715587 0.0645217 0.0579295 0.0517886 0.0461002 0.0408612 0.0360641 0.0316978 0.0277483 0.0241993 0.0210324 0.0182282 0.0157668 0.0136282 0.011793 0.0102428 0.00896071 0.00793191 0.00714369 0.00658589 0.00625156 
0.00686916 0.00698247 0.00733861 0.00794312 0.00880421 0.00993313 0.0113439 0.0130528 0.0150785 0.0174409 0.0201612 0.023261 0.026762 0.0306848 0.035049 0.0398718 0.0451678 0.0509482 0.0572199 0.0639854 0.071242 0.0789813 0.0871891 0.0958449 0.104922 0.114388 0.124203 0.134322 0.144696 0.155268 0.165978 0.176763 0.187555 0.198286 0.208884 0.219279 0.229398 0.239172 0.248531 0.257409 0.265744 0.273474 0.280546 0.286909 0.292516 0.297328 0.301311 0.304436 0.306681 0.30803 0.308473 0.308009 0.306639 0.304373 0.301228 0.297227 0.292397 0.286773 0.280396 0.273311 0.26557 0.257227 0.248343 0.23898 0.229206 0.219089 0.2087 0.198109 0.187389 0.176609 0.16584 0.155147 0.144594 0.134241 0.124143 0.11435 0.104907 0.0958517 0.0872172 0.0790297 0.0713092 0.0640696 0.0573191 0.0510602 0.0452902 0.040002 0.0351845 0.030823 0.0269004 0.0233973 0.020293 0.0175661 0.0151952 0.0131594 0.0114387 0.010015 0.00887209 0.0079962 0.00737632 0.00700489 
0.00766512 0.00779113 0.00818612 0.00885608 0.00980994 0.0110598 0.0126209 0.014511 0.0167498 0.019359 0.0223613 0.0257798 0.0296375 0.0339564 0.038757 0.0440573 0.0498723 0.056213 0.0630861 0.0704931 0.0784298 0.086886 0.0958449 0.105283 0.115171 0.125471 0.13614 0.147129 0.158382 0.169839 0.181433 0.193097 0.204758 0.21634 0.227769 0.238967 0.24986 0.260371 0.270428 0.279961 0.288903 0.297192 0.30477 0.311584 0.317586 0.322734 0.326994 0.330334 0.332734 0.334175 0.334649 0.334152 0.332687 0.330264 0.326901 0.32262 0.317452 0.311431 0.3046 0.297008 0.288706 0.279753 0.270212 0.260149 0.249636 0.238745 0.22755 0.216128 0.204556 0.192909 0.18126 0.169684 0.158247 0.147016 0.13605 0.125405 0.115129 0.105266 0.0958511 0.086915 0.0784802 0.0705632 0.0631737 0.0563159 0.0499878 0.0441828 0.0388897 0.0340935 0.0297763 0.0259176 0.0224955 0.0194873 0.01687 0.0146212 0.0127194 0.0111451 0.00988084 0.00891168 0.00822573 0.00781481 
0.00851624 0.00865575 0.00909194 0.00983127 0.0108834 0.0122614 0.0139815 0.0160629 0.0185269 0.0213966 0.0246961 0.0284502 0.0326832 0.0374182 0.0426768 0.0484775 0.0548356 0.0617621 0.0692629 0.0773384 0.0859829 0.0951839 0.104922 0.115171 0.125896 0.137058 0.148608 0.160491 0.172647 0.18501 0.197509 0.21007 0.222615 0.235064 0.247336 0.259349 0.271023 0.282279 0.293039 0.303231 0.312784 0.321633 0.329717 0.336982 0.343378 0.348862 0.353397 0.356953 0.359507 0.36104 0.361544 0.361014 0.359455 0.356876 0.353295 0.348737 0.34323 0.336813 0.329528 0.321427 0.312562 0.302997 0.292795 0.282027 0.270768 0.259093 0.247082 0.234817 0.222377 0.209845 0.197299 0.184818 0.172476 0.160343 0.148484 0.136961 0.125826 0.115127 0.104904 0.0951912 0.0860143 0.0773922 0.0693369 0.0618539 0.0549425 0.0485967 0.0428052 0.0375529 0.0328211 0.0285885 0.0248319 0.0215272 0.01865 0.0161763 0.0140832 0.0123498 0.0109571 0.00988923 0.00913336 0.00868067 
0.00942114 0.00957492 0.0100546 0.010867 0.0120226 0.0135354 0.0154229 0.0177054 0.0204058 0.0235488 0.0271599 0.0312654 0.0358909 0.0410607 0.0467972 0.0531194 0.0600428 0.067578 0.0757303 0.0844986 0.0938754 0.103846 0.114388 0.125471 0.137058 0.149103 0.161554 0.174352 0.187429 0.200716 0.214135 0.227606 0.241047 0.254371 0.267493 0.280326 0.292786 0.304788 0.316252 0.327102 0.337264 0.34667 0.355258 0.362971 0.369757 0.375574 0.380382 0.384151 0.386856 0.38848 0.389014 0.388452 0.3868 0.384067 0.380271 0.375437 0.369596 0.362786 0.355051 0.346443 0.33702 0.326843 0.315981 0.304507 0.292499 0.280037 0.267205 0.254088 0.240772 0.227343 0.213887 0.200487 0.187222 0.174168 0.161397 0.148973 0.136956 0.125398 0.114343 0.103829 0.0938856 0.0845339 0.0757886 0.0676568 0.0601393 0.0532306 0.0469199 0.0411917 0.0360268 0.0314031 0.0272964 0.023681 0.0205312 0.0178214 0.0155273 0.0136265 0.0120988 0.0109271 0.0100977 0.00960102 
0.0103776 0.0105464 0.0110716 0.0119606 0.0132246 0.0148785 0.0169409 0.0194337 0.022381 0.0258091 0.029745 0.0342164 0.0392501 0.0448716 0.0511039 0.0579665 0.0654749 0.0736392 0.0824636 0.0919458 0.102076 0.112837 0.124203 0.13614 0.148608 0.161554 0.174923 0.18865 0.202662 0.216883 0.231232 0.245621 0.259962 0.274166 0.28814 0.301793 0.315036 0.327781 0.339945 0.351447 0.362212 0.372169 0.381254 0.389407 0.396578 0.402721 0.407797 0.411774 0.414629 0.416342 0.416905 0.416312 0.414569 0.411685 0.407679 0.402575 0.396405 0.389208 0.38103 0.371923 0.361946 0.351164 0.339647 0.327472 0.314718 0.30147 0.287817 0.273846 0.25965 0.24532 0.230945 0.216616 0.202416 0.188428 0.174729 0.161389 0.148472 0.136036 0.12413 0.112794 0.102063 0.0919607 0.0825043 0.0737032 0.0655592 0.0580681 0.0512193 0.0449974 0.0393828 0.0343525 0.0298811 0.025942 0.0225079 0.0195517 0.0170477 0.014972 0.0133031 0.0120227 0.0111163 0.0105736 
0.0113828 0.0115672 0.0121399 0.0131087 0.0144854 0.0162861 0.0185305 0.0212417 0.0244454 0.0281692 0.0324417 0.0372919 0.0427478 0.0488358 0.0555795 0.062999 0.0711092 0.0799199 0.089434 0.0996474 0.110548 0.122116 0.134322 0.147129 0.160491 0.174352 0.18865 0.203315 0.218269 0.233431 0.248712 0.264021 0.279263 0.294344 0.309165 0.323633 0.337652 0.351133 0.363987 0.376132 0.387489 0.397986 0.407557 0.416142 0.423687 0.430148 0.435485 0.439665 0.442664 0.444464 0.445055 0.444433 0.442601 0.43957 0.435359 0.429993 0.423503 0.415929 0.407318 0.397722 0.387203 0.375826 0.363664 0.350796 0.337305 0.323279 0.308808 0.293988 0.278914 0.263682 0.248387 0.233124 0.217984 0.203055 0.188418 0.17415 0.160321 0.146992 0.134219 0.122046 0.11051 0.09964 0.0894553 0.0799672 0.0711797 0.0630893 0.0556862 0.0489551 0.0428759 0.0374252 0.0325766 0.0283021 0.0245731 0.0213612 0.0186391 0.0163816 0.0145658 0.0131725 0.012186 0.0115955 
0.0124327 0.0126334 0.0132552 0.0143066 0.0158001 0.0177527 0.0201852 0.023122 0.0265903 0.0306191 0.0352384 0.0404784 0.0463683 0.0529354 0.0602038 0.0681936 0.0769196 0.0863905 0.0966081 0.107566 0.119251 0.131638 0.144696 0.158382 0.172647 0.187429 0.202662 0.218269 0.234168 0.25027 0.266482 0.282707 0.298844 0.314793 0.330453 0.345724 0.360508 0.37471 0.388241 0.401013 0.412948 0.423971 0.434014 0.443017 0.450926 0.457694 0.463282 0.467658 0.470797 0.47268 0.473299 0.472647 0.470731 0.467559 0.463151 0.457531 0.450732 0.442793 0.433761 0.423691 0.412644 0.400687 0.387895 0.374348 0.360133 0.34534 0.330064 0.314403 0.298458 0.28233 0.266119 0.249924 0.233844 0.21797 0.202392 0.18719 0.172441 0.158211 0.144561 0.131538 0.119186 0.107535 0.0966083 0.0864196 0.0769747 0.0682712 0.0603004 0.0530469 0.0464908 0.0406079 0.035371 0.030751 0.0267181 0.0232423 0.0202951 0.0178497 0.0158822 0.014372 0.0133026 0.0126626 
0.0135226 0.0137401 0.0144126 0.0155491 0.0171627 0.0192714 0.0218972 0.0250658 0.0288056 0.033147 0.0381215 0.0437604 0.0500939 0.0571501 0.0649535 0.073524 0.0828762 0.0930177 0.103949 0.115661 0.128138 0.141352 0.155268 0.169839 0.18501 0.200716 0.216883 0.233431 0.25027 0.267307 0.284442 0.301572 0.318593 0.335397 0.351881 0.367939 0.38347 0.398376 0.412564 0.425946 0.438439 0.44997 0.460468 0.469873 0.478131 0.485194 0.491023 0.495586 0.498858 0.500822 0.501466 0.500787 0.49879 0.495484 0.490887 0.485025 0.477929 0.46964 0.460205 0.449677 0.43812 0.425601 0.412197 0.39799 0.383068 0.367526 0.351461 0.334974 0.318172 0.301158 0.28404 0.266922 0.249907 0.233093 0.216574 0.200439 0.184767 0.169633 0.155099 0.141222 0.128045 0.115604 0.103926 0.0930271 0.0829144 0.0735876 0.0650385 0.0572526 0.0502096 0.043885 0.0382509 0.0332771 0.0289326 0.0251862 0.0220079 0.0193696 0.017246 0.0156157 0.0144611 0.0137703 
0.0146472 0.0148819 0.0156063 0.0168297 0.0185662 0.0208344 0.0236576 0.0270627 0.0310794 0.0357395 0.0410756 0.0471201 0.0539044 0.0614569 0.0698025 0.078961 0.0889461 0.0997646 0.111415 0.123886 0.137159 0.151203 0.165978 0.181433 0.197509 0.214135 0.231232 0.248712 0.266482 0.284442 0.302486 0.320506 0.338393 0.356035 0.373322 0.390146 0.406402 0.421989 0.436812 0.45078 0.463811 0.475828 0.486762 0.49655 0.505139 0.512482 0.51854 0.523281 0.526679 0.528719 0.529388 0.528684 0.52661 0.523177 0.518402 0.512309 0.504932 0.49631 0.486489 0.475524 0.463478 0.45042 0.436426 0.421582 0.405976 0.389706 0.372872 0.35558 0.337939 0.320057 0.302047 0.284019 0.26608 0.248335 0.230883 0.213819 0.19723 0.181192 0.165776 0.151041 0.137037 0.123803 0.111369 0.099753 0.0889662 0.0790092 0.0698748 0.0615491 0.0540121 0.0472389 0.0412008 0.035867 0.0312051 0.0271827 0.0237686 0.0209333 0.0186504 0.0168973 0.0156557 0.0149129 
0.0157999 0.0160521 0.0168293 0.0181412 0.0200025 0.0224328 0.0254564 0.0291014 0.0333987 0.0383815 0.0440834 0.0505381 0.0577774 0.0658305 0.0747224 0.0844724 0.0950937 0.106591 0.118962 0.132193 0.146261 0.161132 0.176763 0.193097 0.21007 0.227606 0.245621 0.264021 0.282707 0.301572 0.320506 0.339396 0.358127 0.376582 0.394647 0.412211 0.429166 0.445408 0.460839 0.475369 0.488911 0.501391 0.512737 0.522888 0.531791 0.539398 0.545671 0.550578 0.554095 0.556205 0.556898 0.55617 0.554025 0.550473 0.54553 0.539222 0.53158 0.522643 0.512458 0.501079 0.488568 0.474995 0.460439 0.444983 0.42872 0.411748 0.394171 0.376098 0.357641 0.338914 0.320032 0.301112 0.282266 0.263605 0.245234 0.227253 0.209753 0.19282 0.176526 0.160938 0.146109 0.132082 0.118891 0.106558 0.0950946 0.0845042 0.0747809 0.0659116 0.0578763 0.0506501 0.0442038 0.0385056 0.0335223 0.0292203 0.0255671 0.0225319 0.0200873 0.0182095 0.0168795 0.0160839 
0.0169738 0.0172437 0.0180742 0.0194755 0.0214627 0.0240566 0.0272823 0.0311691 0.0357491 0.0410566 0.0471264 0.053993 0.0616889 0.0702438 0.0796824 0.090024 0.10128 0.113456 0.126544 0.14053 0.155387 0.171078 0.187555 0.204758 0.222615 0.241047 0.259962 0.279263 0.298844 0.318593 0.338393 0.358127 0.377673 0.396913 0.415728 0.434002 0.451626 0.468492 0.484503 0.499564 0.513591 0.526506 0.53824 0.548732 0.557927 0.565781 0.572254 0.577316 0.580944 0.58312 0.583835 0.583086 0.580874 0.577211 0.572113 0.565604 0.557715 0.548484 0.537957 0.526188 0.513239 0.49918 0.484089 0.468052 0.451162 0.433518 0.415228 0.396403 0.377158 0.357612 0.337885 0.318097 0.298367 0.27881 0.259538 0.240656 0.222261 0.204444 0.187284 0.170851 0.155204 0.140391 0.126447 0.113399 0.101261 0.0900384 0.0797263 0.0703127 0.061778 0.0540973 0.047241 0.0411766 0.03587 0.0312864 0.0273922 0.0241556 0.0215478 0.0195443 0.018125 0.0172761 
0.0181608 0.0184487 0.0193326 0.0208236 0.0229372 0.025695 0.0291232 0.0332521 0.038115 0.043747 0.0501843 0.0574619 0.0656131 0.0746676 0.0846502 0.0955793 0.107466 0.120312 0.13411 0.148842 0.164478 0.180977 0.198286 0.21634 0.235064 0.254371 0.274166 0.294344 0.314793 0.335397 0.356035 0.376582 0.396913 0.416905 0.436436 0.455388 0.473646 0.491104 0.507661 0.523223 0.537704 0.551027 0.563123 0.57393 0.583398 0.591479 0.598137 0.603343 0.607072 0.609309 0.610045 0.609275 0.607003 0.603239 0.597998 0.591304 0.583186 0.573683 0.562838 0.550706 0.537348 0.522832 0.507238 0.490652 0.473167 0.454886 0.435916 0.416372 0.396372 0.376038 0.355496 0.334869 0.314281 0.293854 0.273705 0.253943 0.234673 0.215991 0.19798 0.180717 0.164265 0.148675 0.133988 0.120232 0.107426 0.0955756 0.0846786 0.0747236 0.0656916 0.0575578 0.0502924 0.0438624 0.0382325 0.0333673 0.0292319 0.0257935 0.0230223 0.0208926 0.0193839 0.0184816 
0.0193527 0.0196583 0.0205957 0.0221759 0.0244155 0.0273365 0.0309662 0.0353357 0.0404796 0.046434 0.0532357 0.0609208 0.0695227 0.0790714 0.0895914 0.1011 0.113608 0.127115 0.141611 0.157075 0.173474 0.190763 0.208884 0.227769 0.247336 0.267493 0.28814 0.309165 0.330453 0.351881 0.373322 0.394647 0.415728 0.436436 0.456647 0.476239 0.495096 0.51311 0.530179 0.546208 0.561111 0.574812 0.587242 0.598342 0.608058 0.616348 0.623176 0.628512 0.632334 0.634627 0.635381 0.634593 0.632267 0.62841 0.623039 0.616176 0.607849 0.598096 0.586959 0.574491 0.560753 0.545813 0.52975 0.512649 0.494606 0.475722 0.456109 0.435882 0.415163 0.394077 0.372754 0.351321 0.329908 0.308642 0.287643 0.267029 0.24691 0.227385 0.208545 0.190471 0.17323 0.156879 0.141462 0.127011 0.113547 0.101078 0.0896039 0.0791139 0.0695901 0.0610077 0.0533369 0.046544 0.0405933 0.0354483 0.0310732 0.027434 0.0245002 0.022245 0.0206472 0.0196918 
0.0205403 0.0208636 0.0218538 0.0235224 0.0258864 0.0289687 0.0327974 0.0374046 0.0428257 0.0490978 0.0562586 0.0643445 0.0733896 0.0834236 0.0944708 0.106548 0.119664 0.133816 0.148994 0.165171 0.182313 0.200369 0.219279 0.238967 0.259349 0.280326 0.301793 0.323633 0.345724 0.367939 0.390146 0.412211 0.434002 0.455388 0.476239 0.496432 0.515851 0.534383 0.551927 0.568388 0.583681 0.59773 0.610466 0.621832 0.631775 0.640255 0.647236 0.65269 0.656595 0.658939 0.65971 0.658906 0.65653 0.652591 0.647103 0.640087 0.631571 0.62159 0.610187 0.597412 0.583324 0.567993 0.551495 0.533916 0.515351 0.495904 0.475686 0.454816 0.433417 0.411618 0.389551 0.36735 0.345149 0.323077 0.301263 0.279829 0.258889 0.238549 0.218906 0.200045 0.182038 0.164947 0.148818 0.133689 0.119581 0.106507 0.094467 0.0834522 0.0734454 0.064422 0.0563522 0.0492021 0.0429351 0.0375142 0.0329024 0.029065 0.0259705 0.0235913 0.0219054 0.0208974 
0.0217143 0.022055 0.023097 0.0248523 0.0273384 0.0305789 0.0346026 0.0394426 0.0451351 0.0517181 0.0592298 0.0677073 0.0771847 0.087692 0.0992526 0.111883 0.125589 0.140368 0.156205 0.173073 0.190932 0.209729 0.229398 0.24986 0.271023 0.292786 0.315036 0.337652 0.360508 0.38347 0.406402 0.429166 0.451626 0.473646 0.495096 0.515851 0.535789 0.554802 0.572784 0.589643 0.605292 0.619657 0.632671 0.644277 0.654425 0.663075 0.670193 0.675752 0.679733 0.682121 0.682907 0.68209 0.67967 0.675658 0.670065 0.662913 0.654227 0.644041 0.632397 0.619344 0.604939 0.589249 0.572352 0.554332 0.535285 0.515314 0.494532 0.473059 0.451022 0.428552 0.405784 0.382855 0.359904 0.337066 0.314475 0.292256 0.27053 0.249409 0.228994 0.209374 0.190628 0.172821 0.156004 0.140217 0.125485 0.111823 0.0992322 0.0877064 0.0772287 0.067775 0.0593156 0.0518162 0.0452399 0.0395488 0.0347053 0.0306737 0.0274216 0.0249209 0.0231486 0.0220891 
0.0228648 0.0232224 0.0243149 0.0261546 0.0287595 0.0321539 0.0363672 0.0414334 0.0473895 0.0542741 0.062126 0.0709829 0.0808789 0.0918437 0.1039 0.117064 0.131339 0.146721 0.163193 0.180724 0.199271 0.218777 0.239172 0.260371 0.282279 0.304788 0.327781 0.351133 0.37471 0.398376 0.421989 0.445408 0.468492 0.491104 0.51311 0.534383 0.554802 0.574254 0.592637 0.609857 0.62583 0.640481 0.653745 0.665565 0.675896 0.684697 0.691936 0.697589 0.701635 0.704063 0.704863 0.704034 0.701577 0.697499 0.691815 0.684542 0.675706 0.665338 0.653478 0.640174 0.625483 0.609468 0.592207 0.573784 0.554294 0.533841 0.512537 0.490506 0.467873 0.444775 0.42135 0.397738 0.374081 0.350519 0.327191 0.304228 0.281755 0.259889 0.238737 0.218393 0.198939 0.180445 0.162967 0.146547 0.131214 0.116985 0.103863 0.091844 0.0809109 0.0710407 0.0622038 0.0543658 0.0474894 0.041536 0.0364674 0.032247 0.0288417 0.0262227 0.0243664 0.0232568 
0.023982 0.0243559 0.0254971 0.0274182 0.0301378 0.0336804 0.0380765 0.0433605 0.0495702 0.0567449 0.0649239 0.0741451 0.0844428 0.0958463 0.108378 0.122052 0.136871 0.152829 0.169906 0.188069 0.20727 0.227449 0.248531 0.270428 0.293039 0.316252 0.339945 0.363987 0.388241 0.412564 0.436812 0.460839 0.484503 0.507661 0.530179 0.551927 0.572784 0.592637 0.611384 0.62893 0.645193 0.660099 0.673585 0.685597 0.696088 0.705022 0.712368 0.718102 0.722206 0.724668 0.72548 0.72464 0.722151 0.718017 0.712253 0.704875 0.695907 0.685379 0.673328 0.659802 0.644853 0.628548 0.610959 0.59217 0.572276 0.551382 0.5296 0.507053 0.483871 0.460191 0.436154 0.411905 0.387588 0.363348 0.339328 0.315664 0.292487 0.269917 0.248067 0.227036 0.20691 0.187763 0.169656 0.152632 0.136726 0.121954 0.108325 0.0958325 0.0844628 0.074193 0.0649936 0.0568301 0.0496651 0.0434593 0.0381738 0.0337716 0.0302188 0.0274857 0.0255484 0.0243904 
0.0250557 0.0254453 0.0266331 0.028632 0.0314609 0.0351452 0.0397155 0.0452073 0.0516588 0.0591098 0.0676002 0.077168 0.0878474 0.0996675 0.11265 0.126807 0.142142 0.158645 0.176293 0.195051 0.214869 0.235681 0.257409 0.279961 0.303231 0.327102 0.351447 0.376132 0.401013 0.425946 0.45078 0.475369 0.499564 0.523223 0.546208 0.568388 0.589643 0.609857 0.62893 0.646768 0.663289 0.678421 0.692103 0.704282 0.714914 0.723963 0.731401 0.737205 0.741358 0.74385 0.744673 0.743825 0.741307 0.737127 0.731294 0.723825 0.714742 0.704074 0.691857 0.678134 0.662959 0.646394 0.628511 0.609394 0.589137 0.567842 0.545625 0.522608 0.498923 0.474708 0.450107 0.425268 0.400339 0.37547 0.350806 0.326488 0.302652 0.279423 0.256918 0.235241 0.214483 0.194721 0.176019 0.158426 0.141977 0.126692 0.112581 0.09964 0.0878557 0.077206 0.0676617 0.0591885 0.0517485 0.0453022 0.03981 0.0352344 0.0315406 0.0286986 0.026684 0.0254799 
0.0260762 0.0264805 0.0277123 0.0297847 0.032717 0.0365349 0.0412699 0.0469576 0.0536371 0.0613486 0.0701322 0.0800261 0.0910646 0.103276 0.116681 0.131293 0.14711 0.164123 0.182305 0.20162 0.222012 0.243414 0.265744 0.288903 0.312784 0.337264 0.362212 0.387489 0.412948 0.438439 0.463811 0.488911 0.513591 0.537704 0.561111 0.583681 0.605292 0.62583 0.645193 0.663289 0.680038 0.695368 0.70922 0.721544 0.732297 0.741445 0.748961 0.754825 0.759021 0.761538 0.762371 0.761515 0.758975 0.754754 0.748863 0.741317 0.732136 0.721348 0.708986 0.695092 0.679718 0.662924 0.644782 0.625373 0.60479 0.583137 0.560527 0.537085 0.512943 0.488241 0.463125 0.437746 0.412256 0.386807 0.361548 0.336626 0.31218 0.288341 0.265228 0.24295 0.221602 0.201267 0.18201 0.163884 0.146926 0.131161 0.116598 0.103235 0.0910615 0.0800545 0.0701858 0.0614208 0.0537217 0.0470486 0.0413614 0.036622 0.0327953 0.0298506 0.0277629 0.0265153 
