0.000689025 0.000699007 0.00073299 0.000791599 0.000875747 0.0009867 0.00112606 0.00129573 0.00149792 0.00173504 0.00200976 0.00232486 0.00268324 0.00308785 0.00354161 0.00404734 0.00460771 0.00522513 0.00590168 0.00663904 0.00743841 0.00830041 0.00922502 0.0102115 0.0112585 0.0123635 0.0135235 0.0147344 0.0159914 0.0172886 0.0186193 0.0199762 0.0213509 0.0227345 0.0241175 0.0254899 0.0268413 0.0281609 0.0294379 0.0306616 0.0318213 0.0329067 0.0339079 0.0348156 0.0356214 0.0363174 0.0368971 0.0373547 0.0376859 0.0378872 0.0379568 0.037894 0.0376995 0.0373751 0.0369242 0.0363511 0.0356615 0.0348621 0.0339604 0.0329652 0.0318854 0.0307312 0.0295126 0.0282403 0.0269251 0.0255777 0.0242089 0.022829 0.0214479 0.0200753 0.0187201 0.0173904 0.0160938 0.0148368 0.0136254 0.0124643 0.0113578 0.0103088 0.00931983 0.00839234 0.00752708 0.00672412 0.00598286 0.00530218 0.00468042 0.00411555 0.00360519 0.00314673 0.00273738 0.00237425 0.00205442 0.00177502 0.00153326 0.00132652 0.00115237 0.00100862 0.000893357 0.000804971 0.000742187 0.000704149 
0.000699007 0.000709148 0.000743642 0.000803123 0.000888516 0.0010011 0.00114251 0.00131467 0.00151981 0.0017604 0.0020391 0.00235876 0.00272232 0.00313275 0.003593 0.00410594 0.00467427 0.0053004 0.00598646 0.00673414 0.00754463 0.00841856 0.0093559 0.0103559 0.0114171 0.0125371 0.0137127 0.0149398 0.0162134 0.0175277 0.018876 0.0202505 0.0216431 0.0230446 0.0244454 0.0258353 0.0272038 0.02854 0.0298331 0.0310721 0.0322462 0.0333451 0.0343586 0.0352775 0.0360932 0.0367977 0.0373844 0.0378476 0.0381827 0.0383865 0.0384569 0.0383933 0.0381963 0.0378679 0.0374114 0.0368312 0.0361331 0.0353238 0.034411 0.0334033 0.0323102 0.0311414 0.0299076 0.0286192 0.0272874 0.0259229 0.0245366 0.0231389 0.0217401 0.0203497 0.0189768 0.0176297 0.016316 0.0150423 0.0138147 0.0126381 0.0115166 0.0104535 0.00945103 0.00851083 0.00763367 0.0068196 0.00606804 0.00537785 0.00474737 0.00417454 0.00365697 0.003192 0.00277682 0.0024085 0.00208408 0.00180067 0.00155543 0.0013457 0.00116904 0.00102321 0.000906271 0.000816607 0.000752917 0.000714336 
0.00073299 0.000743642 0.000779773 0.000842039 0.000931405 0.0010492 0.00119712 0.00137717 0.00159166 0.00184314 0.0021344 0.00246837 0.00284809 0.00327664 0.00375708 0.00429236 0.00488525 0.00553825 0.00625352 0.00703279 0.00787726 0.00878755 0.00976358 0.0108046 0.0119088 0.013074 0.0142966 0.0155724 0.0168963 0.018262 0.0196625 0.02109 0.0225358 0.0239906 0.0254442 0.0268862 0.0283057 0.0296914 0.0310321 0.0323164 0.0335333 0.034672 0.0357221 0.036674 0.0375188 0.0382484 0.038856 0.0393355 0.0396824 0.0398933 0.039966 0.0398999 0.0396958 0.0393555 0.0388825 0.0382815 0.0375582 0.0367196 0.0357738 0.0347295 0.0335965 0.032385 0.0311058 0.02977 0.0283887 0.0269733 0.025535 0.0240846 0.0226326 0.021189 0.0197633 0.018364 0.016999 0.0156753 0.0143991 0.0131756 0.0120091 0.0109029 0.00985957 0.00888076 0.00796731 0.00711931 0.0063362 0.00561682 0.00495949 0.0043621 0.00382217 0.00333699 0.00290365 0.00251911 0.00218033 0.00188429 0.00162807 0.00140892 0.00122428 0.00107184 0.0009496 0.000855864 0.000789286 0.000748969 
0.000791599 0.000803123 0.000842039 0.000909048 0.00100517 0.00113183 0.00129082 0.00148426 0.00171462 0.00198459 0.00229713 0.00265533 0.00306242 0.00352163 0.00403619 0.00460919 0.00524353 0.00594184 0.00670634 0.00753881 0.00844046 0.00941188 0.0104529 0.0115627 0.0127393 0.0139802 0.0152817 0.0166391 0.0180469 0.0194986 0.0209867 0.0225027 0.0240375 0.0255812 0.027123 0.028652 0.0301565 0.0316247 0.0330447 0.0344046 0.0356928 0.0368977 0.0380087 0.0390156 0.0399089 0.0406804 0.0413226 0.0418293 0.0421958 0.0424184 0.0424951 0.0424249 0.0422088 0.0418488 0.0413484 0.0407125 0.0399473 0.0390601 0.0380592 0.0369541 0.0357547 0.034472 0.0331172 0.031702 0.0302384 0.028738 0.0272129 0.0256744 0.0241337 0.0226013 0.0210872 0.0196006 0.0181499 0.0167424 0.0153848 0.0140826 0.0128406 0.0116622 0.0105503 0.00950658 0.00853211 0.00762703 0.0067908 0.00602224 0.00531964 0.00468079 0.00410312 0.00358379 0.00311972 0.00270774 0.00234463 0.0020272 0.00175236 0.00151721 0.00131902 0.00115536 0.0010241 0.000923439 0.000851952 0.000808682 
0.000875747 0.000888516 0.000931405 0.00100517 0.00111093 0.00125021 0.00142496 0.00163747 0.0018904 0.00218668 0.00252947 0.00292211 0.00336805 0.00387078 0.00443374 0.00506022 0.00575332 0.00651578 0.00734997 0.00825771 0.00924022 0.0102981 0.011431 0.0126378 0.0139166 0.0152643 0.0166769 0.0181493 0.0196755 0.0212483 0.0228595 0.0245001 0.0261601 0.0278287 0.0294945 0.0311456 0.0327695 0.0343535 0.0358849 0.0373509 0.0387389 0.0400369 0.0412333 0.0423171 0.0432786 0.0441085 0.0447993 0.0453442 0.0457381 0.0459772 0.0460593 0.0459835 0.0457506 0.0453629 0.0448241 0.0441395 0.0433155 0.0423601 0.041282 0.0400914 0.038799 0.0374163 0.0359555 0.0344291 0.0328497 0.0312301 0.029583 0.0279207 0.0262552 0.0245979 0.0229596 0.0213501 0.0197785 0.018253 0.0167807 0.0153677 0.0140191 0.0127388 0.01153 0.0103947 0.009334 0.0083482 0.00743682 0.00659866 0.00583194 0.00513436 0.00450319 0.00393541 0.00342774 0.0029768 0.00257912 0.00223129 0.00192999 0.00167207 0.00145461 0.00127498 0.00113088 0.00102035 0.000941873 0.0008944 
0.0009867 0.0010011 0.0010492 0.00113183 0.00125021 0.00140603 0.00160141 0.00183889 0.00212137 0.00245205 0.00283439 0.00327203 0.00376873 0.00432828 0.00495439 0.00565064 0.00642032 0.00726639 0.00819132 0.00919702 0.0102847 0.0114549 0.0127072 0.0140401 0.0154515 0.0169378 0.0184946 0.0201161 0.0217956 0.0235252 0.0252958 0.0270975 0.0289194 0.0307496 0.0325757 0.0343845 0.0361626 0.0378961 0.0395712 0.041174 0.0426909 0.0441088 0.0454152 0.0465984 0.0476475 0.0485529 0.0493062 0.0499002 0.0503295 0.0505898 0.0506788 0.0505957 0.0503412 0.0499178 0.0493296 0.0485821 0.0476825 0.0466391 0.0454616 0.0441608 0.0427484 0.0412368 0.0396392 0.0379691 0.0362403 0.0344667 0.0326621 0.0308398 0.029013 0.0271942 0.025395 0.0236265 0.0218985 0.0202201 0.0185991 0.0170423 0.0155554 0.0141429 0.0128083 0.0115539 0.0103811 0.00929028 0.00828109 0.00735231 0.00650207 0.00572793 0.005027 0.00439601 0.00383144 0.00332961 0.00288677 0.00249921 0.00216329 0.00187559 0.00163292 0.00143238 0.00127146 0.00114802 0.00106038 0.00100741 
0.00112606 0.00114251 0.00119712 0.00129082 0.00142496 0.00160141 0.00182255 0.00209117 0.00241048 0.00278403 0.00321563 0.0037093 0.00426917 0.00489938 0.005604 0.0063869 0.00725168 0.00820148 0.00923895 0.0103661 0.0115841 0.0128934 0.0142933 0.0157823 0.0173575 0.0190151 0.0207498 0.0225553 0.0244239 0.0263467 0.0283138 0.0303139 0.0323351 0.0343641 0.0363872 0.03839 0.0403575 0.0422746 0.0441261 0.0458968 0.0475718 0.0491368 0.0505781 0.051883 0.0530395 0.0540374 0.0548672 0.0555215 0.055994 0.0562804 0.0563779 0.0562858 0.0560048 0.0555377 0.0548889 0.0540644 0.053072 0.0519209 0.0506215 0.0491855 0.0476259 0.0459561 0.0441906 0.0423442 0.0404319 0.0384691 0.0364707 0.0344517 0.0324265 0.0304088 0.0284116 0.0264471 0.0245263 0.0226593 0.0208548 0.0191205 0.0174628 0.0158869 0.0143967 0.0129949 0.0116833 0.0104625 0.0093321 0.00829093 0.00733706 0.00646789 0.0056803 0.00497076 0.00433544 0.00377032 0.00327128 0.00283423 0.0024552 0.00213039 0.00185628 0.00162967 0.00144777 0.00130823 0.00120916 0.00114932 
0.00129573 0.00131467 0.00137717 0.00148426 0.00163747 0.00183889 0.00209117 0.00239743 0.00276124 0.00318656 0.00367762 0.00423888 0.0048749 0.00559025 0.00638941 0.00727662 0.00825577 0.00933027 0.0105029 0.0117758 0.0131502 0.0146263 0.0162032 0.0178789 0.0196503 0.0215126 0.0234601 0.0254853 0.0275796 0.0297331 0.0319344 0.034171 0.0364294 0.0386951 0.0409527 0.0431861 0.0453788 0.0475141 0.0495751 0.0515451 0.0534077 0.0551472 0.0567485 0.0581976 0.0594815 0.0605889 0.0615095 0.062235 0.0627588 0.0630759 0.0631836 0.0630807 0.0627684 0.0622495 0.0615289 0.0606132 0.0595108 0.0582319 0.0567879 0.0551918 0.0534575 0.0516 0.0496351 0.0475792 0.0454489 0.0432611 0.0410324 0.0387793 0.0365178 0.0342632 0.0320301 0.0298319 0.027681 0.0255888 0.0235651 0.0216187 0.0197568 0.0179853 0.0163087 0.0147305 0.0132525 0.0118756 0.0105998 0.00942362 0.00834521 0.00736176 0.0064699 0.00566579 0.00494524 0.00430382 0.00373701 0.00324027 0.00280919 0.00243957 0.00212748 0.00186936 0.00166211 0.00150309 0.00139021 0.00132207 
0.00149792 0.00151981 0.00159166 0.00171462 0.0018904 0.00212137 0.00241048 0.00276124 0.00317765 0.00366412 0.00422538 0.00486639 0.00559221 0.0064079 0.0073184 0.00832836 0.00944202 0.0106631 0.0119945 0.0134385 0.0149963 0.0166678 0.018452 0.0203464 0.0223471 0.0244488 0.0266447 0.0289264 0.0312841 0.0337063 0.0361805 0.0386924 0.041227 0.0437678 0.0462978 0.048799 0.0512532 0.0536416 0.0559455 0.0581465 0.0602266 0.0621681 0.0639546 0.0655706 0.067002 0.0682359 0.0692615 0.0700694 0.0706524 0.0710051 0.0711244 0.0710092 0.0706606 0.0700818 0.0692781 0.0682569 0.0670274 0.0656006 0.0639893 0.0622076 0.0602709 0.0581959 0.056 0.0537011 0.0513179 0.0488688 0.0463726 0.0438474 0.0413112 0.038781 0.0362731 0.0338027 0.0313836 0.0290288 0.0267493 0.0245551 0.0224544 0.0204542 0.0185596 0.0167746 0.0151016 0.0135418 0.0120952 0.0107606 0.00953581 0.00841799 0.00740345 0.006488 0.00566704 0.00493569 0.00428894 0.00372175 0.00322923 0.00280667 0.00244969 0.00215433 0.0019171 0.00173505 0.00160584 0.00152788 
0.00173504 0.0017604 0.00184314 0.00198459 0.00218668 0.00245205 0.00278403 0.00318656 0.00366412 0.00422165 0.00486444 0.005598 0.00642797 0.00735997 0.00839942 0.00955146 0.0108207 0.0122112 0.013726 0.0153675 0.0171366 0.0190334 0.0210562 0.0232022 0.0254666 0.0278433 0.0303243 0.0329002 0.0355597 0.0382898 0.0410762 0.0439031 0.0467532 0.0496083 0.0524493 0.055256 0.0580082 0.0606849 0.0632655 0.0657295 0.0680568 0.0702281 0.0722251 0.0740308 0.0756295 0.0770073 0.078152 0.0790534 0.0797036 0.0800967 0.0802292 0.0800999 0.0797101 0.0790633 0.0781653 0.0770242 0.0756503 0.0740555 0.072254 0.0702613 0.0680946 0.0657721 0.0633131 0.0607376 0.0580661 0.0553192 0.0525177 0.049682 0.046832 0.0439868 0.0411647 0.0383826 0.0356564 0.0330005 0.0304276 0.027949 0.0255741 0.0233109 0.0211655 0.0191425 0.0172449 0.0154742 0.0138305 0.0123129 0.010919 0.00964581 0.00848932 0.00744495 0.00650764 0.00567202 0.00493252 0.00428357 0.00371967 0.00323559 0.00282644 0.00248777 0.00221566 0.00200681 0.00185859 0.00176922 
0.00200976 0.0020391 0.0021344 0.00229713 0.00252947 0.00283439 0.00321563 0.00367762 0.00422538 0.00486444 0.00560069 0.0064403 0.00738952 0.00845458 0.00964147 0.0109558 0.0124027 0.0139863 0.0157102 0.0175765 0.0195862 0.0217391 0.024033 0.0264644 0.0290278 0.0317161 0.0345201 0.0374288 0.0404294 0.0435073 0.0466461 0.049828 0.0530338 0.0562428 0.0594337 0.062584 0.065671 0.0686716 0.0715627 0.0743216 0.0769261 0.0793548 0.0815877 0.0836057 0.0853917 0.0869304 0.0882083 0.0892143 0.0899396 0.0903778 0.090525 0.0903801 0.0899442 0.0892213 0.0882178 0.0869426 0.0854069 0.0836242 0.0816097 0.0793807 0.0769561 0.0743561 0.071602 0.0687159 0.0657206 0.062639 0.0594943 0.0563091 0.0531057 0.0499055 0.0467289 0.0435952 0.0405221 0.0375259 0.0346211 0.0318204 0.0291348 0.0265734 0.0241433 0.02185 0.019697 0.0176863 0.0158184 0.0140922 0.0125055 0.011055 0.00973636 0.00854464 0.00747428 0.00651931 0.0056736 0.00493093 0.00428519 0.00373055 0.00326151 0.0028731 0.00256093 0.00232129 0.00215123 0.00204875 
0.00232486 0.00235876 0.00246837 0.00265533 0.00292211 0.00327203 0.0037093 0.00423888 0.00486639 0.005598 0.0064403 0.00740013 0.00848446 0.00970015 0.0110538 0.0125516 0.014199 0.0160007 0.0179601 0.0200797 0.0223603 0.024801 0.0273995 0.0301514 0.0330502 0.0360875 0.039253 0.0425339 0.0459158 0.0493819 0.0529139 0.0564917 0.0600935 0.0636964 0.0672763 0.0708084 0.0742672 0.0776271 0.0808626 0.0839483 0.0868598 0.0895736 0.0920673 0.0943202 0.0963133 0.0980297 0.0994548 0.100576 0.101385 0.101873 0.102036 0.101874 0.101387 0.10058 0.0994598 0.0980364 0.096322 0.0943313 0.0920812 0.0895908 0.0868807 0.0839732 0.080892 0.0776615 0.0743068 0.0708536 0.0673274 0.0637535 0.0601568 0.0565612 0.0529895 0.0494634 0.046003 0.0426264 0.0393503 0.0361892 0.0331555 0.0302597 0.0275101 0.0249131 0.022473 0.0201923 0.0180718 0.0161105 0.0143063 0.0126556 0.0111537 0.0097954 0.00857444 0.00748433 0.00651824 0.0056693 0.0049307 0.00429593 0.00375886 0.00331393 0.00295622 0.00268158 0.00248668 0.00236931 
0.00268324 0.00272232 0.00284809 0.00306242 0.00336805 0.00376873 0.00426917 0.0048749 0.00559221 0.00642797 0.00738952 0.00848446 0.00972049 0.0111052 0.0126458 0.0143491 0.0162209 0.0182663 0.020489 0.0228912 0.0254737 0.0282352 0.0311726 0.0342807 0.0375521 0.0409769 0.0445431 0.0482364 0.0520401 0.0559355 0.0599018 0.0639164 0.067955 0.0719918 0.076 0.079952 0.0838195 0.0875741 0.0911874 0.0946316 0.0978797 0.100906 0.103685 0.106195 0.108414 0.110325 0.111911 0.113159 0.114058 0.1146 0.114781 0.1146 0.114057 0.113158 0.111911 0.110326 0.108416 0.106198 0.10369 0.100913 0.0978898 0.0946453 0.0912053 0.0875967 0.0838474 0.0799856 0.0760397 0.0720379 0.0680078 0.0639761 0.0599684 0.0560089 0.0521201 0.0483227 0.0446353 0.0410745 0.0376545 0.0343873 0.0312825 0.0283475 0.0255876 0.0230059 0.0206035 0.0183797 0.0163323 0.0144576 0.0127506 0.0112056 0.00981573 0.00857392 0.00747263 0.00650423 0.00566119 0.00493625 0.00432259 0.00381399 0.00340496 0.00309086 0.00286798 0.00273382 
0.00308785 0.00313275 0.00327664 0.00352163 0.00387078 0.00432828 0.00489938 0.00559025 0.0064079 0.00735997 0.00845458 0.00970015 0.0111052 0.012678 0.0144265 0.0163581 0.0184792 0.0207949 0.0233092 0.0260243 0.0289407 0.0320566 0.0353681 0.0388691 0.0425508 0.0464019 0.0504088 0.0545549 0.0588215 0.0631875 0.0676294 0.0721219 0.0766378 0.0811485 0.085624 0.0900337 0.0943463 0.0985303 0.102555 0.106388 0.110002 0.113367 0.116456 0.119244 0.121709 0.12383 0.125591 0.126975 0.127972 0.128573 0.128773 0.128571 0.127968 0.12697 0.125585 0.123824 0.121702 0.119237 0.11645 0.113362 0.11 0.106389 0.102559 0.0985394 0.0943605 0.0900536 0.0856502 0.0811815 0.0766781 0.0721697 0.0676849 0.0632507 0.0588924 0.0546332 0.0504942 0.046494 0.0426488 0.0389724 0.035476 0.0321681 0.0290549 0.0261403 0.0234259 0.0209112 0.0185942 0.0164709 0.0145361 0.0127834 0.0112056 0.00979486 0.00854289 0.00744127 0.00648166 0.00565603 0.00495679 0.00437702 0.00391061 0.00355238 0.00329819 0.00314526 
0.00354161 0.003593 0.00375708 0.00403619 0.00443374 0.00495439 0.005604 0.00638941 0.0073184 0.00839942 0.00964147 0.0110538 0.0126458 0.0144265 0.0164047 0.0185882 0.0209838 0.0235973 0.0264324 0.0294914 0.0327743 0.0362788 0.0400003 0.0439312 0.0480615 0.0523783 0.0568658 0.0615055 0.0662761 0.0711538 0.0761125 0.0811237 0.0861572 0.0911811 0.0961624 0.101067 0.10586 0.110508 0.114975 0.119229 0.123236 0.126965 0.130387 0.133475 0.136204 0.138551 0.140499 0.142029 0.143131 0.143795 0.144016 0.143792 0.143125 0.14202 0.140486 0.138537 0.136188 0.133458 0.13037 0.126948 0.12322 0.119215 0.114965 0.110502 0.105859 0.101071 0.0961731 0.091199 0.0861827 0.0811574 0.0761547 0.0712048 0.0663358 0.0615738 0.0569425 0.0524629 0.0481534 0.0440298 0.0401047 0.0363882 0.0328876 0.0296075 0.0265503 0.0237158 0.0211019 0.0187046 0.0165185 0.0145366 0.0127512 0.0111537 0.00973492 0.00848576 0.00739697 0.00645967 0.00566547 0.00500669 0.00447656 0.00406931 0.00378035 0.00360657 
0.00404734 0.00410594 0.00429236 0.00460919 0.00506022 0.00565064 0.0063869 0.00727662 0.00832836 0.00955146 0.0109558 0.0125516 0.0143491 0.0163581 0.0185882 0.0210477 0.0237441 0.0266832 0.0298689 0.0333032 0.0369858 0.0409137 0.0450811 0.0494794 0.0540968 0.0589186 0.0639269 0.0691006 0.074416 0.0798463 0.0853623 0.0909324 0.096523 0.102099 0.107623 0.113059 0.118368 0.123512 0.128454 0.133156 0.137584 0.141702 0.14548 0.148887 0.151897 0.154485 0.156631 0.158318 0.159532 0.160263 0.160506 0.160258 0.159521 0.158303 0.156611 0.154461 0.15187 0.148858 0.145449 0.141671 0.137553 0.133126 0.128426 0.123488 0.118349 0.113045 0.107616 0.102099 0.0965316 0.0909498 0.085389 0.0798827 0.0744622 0.0691567 0.0639926 0.0589936 0.0541807 0.0495714 0.0451804 0.0410194 0.0370968 0.0334183 0.029987 0.026803 0.0238644 0.0211672 0.0187057 0.0164725 0.0144591 0.0126563 0.0110542 0.00964273 0.00841169 0.00735135 0.00645246 0.00570654 0.00510609 0.00464474 0.00431739 0.00412061 
0.00460771 0.00467427 0.00488525 0.00524353 0.00575332 0.00642032 0.00725168 0.00825577 0.00944202 0.0108207 0.0124027 0.014199 0.0162209 0.0184792 0.0209838 0.0237441 0.0267677 0.0300607 0.0336271 0.0374686 0.0415843 0.0459704 0.05062 0.0555229 0.0606657 0.0660316 0.0716003 0.0773482 0.0832485 0.0892715 0.0953846 0.101553 0.107739 0.113904 0.120008 0.12601 0.131867 0.137539 0.142985 0.148164 0.153037 0.157568 0.161722 0.165467 0.168774 0.171617 0.173974 0.175825 0.177157 0.177959 0.178225 0.177952 0.177143 0.175804 0.173946 0.171584 0.168736 0.165425 0.161677 0.157521 0.152989 0.148116 0.142939 0.137496 0.131828 0.125976 0.119981 0.113885 0.107728 0.101551 0.0953933 0.0892909 0.0832789 0.0773897 0.0716528 0.066095 0.0607394 0.0556063 0.0507123 0.0460706 0.0416914 0.0375813 0.0337441 0.0301807 0.0268893 0.0238659 0.0211044 0.0185972 0.0163352 0.0143083 0.0125058 0.0109167 0.00953 0.0083349 0.00732128 0.00647982 0.00580224 0.00528153 0.00491207 0.00469006 
0.00522513 0.0053004 0.00553825 0.00594184 0.00651578 0.00726639 0.00820148 0.00933027 0.0106631 0.0122112 0.0139863 0.0160007 0.0182663 0.0207949 0.0235973 0.0266832 0.0300607 0.0337362 0.0377135 0.041994 0.0465761 0.0514551 0.0566227 0.0620673 0.0677734 0.0737219 0.0798899 0.0862511 0.0927755 0.09943 0.106179 0.112983 0.119801 0.126591 0.133309 0.13991 0.146347 0.152577 0.158554 0.164235 0.169578 0.174544 0.179093 0.183194 0.186813 0.189923 0.1925 0.194524 0.19598 0.196856 0.197146 0.196847 0.195962 0.194497 0.192464 0.18988 0.186763 0.183138 0.179033 0.17448 0.169512 0.164168 0.158488 0.152513 0.146286 0.139854 0.13326 0.12655 0.119768 0.11296 0.106167 0.0994299 0.0927875 0.0862755 0.0799269 0.0737712 0.0678347 0.06214 0.0567061 0.0515481 0.0466776 0.0421027 0.037828 0.033855 0.0301824 0.0268062 0.0237201 0.020916 0.0183842 0.016114 0.0140938 0.0123117 0.0107555 0.00941366 0.00827504 0.00732942 0.00656773 0.00598227 0.00556686 0.00531734 
0.00590168 0.00598646 0.00625352 0.00670634 0.00734997 0.00819132 0.00923895 0.0105029 0.0119945 0.013726 0.0157102 0.0179601 0.020489 0.0233092 0.0264324 0.0298689 0.0336271 0.0377135 0.0421318 0.0468829 0.0519644 0.0573705 0.0630916 0.069114 0.0754203 0.0819888 0.0887939 0.0958062 0.102992 0.110316 0.117736 0.125212 0.132698 0.140147 0.147511 0.154741 0.161788 0.168603 0.175137 0.181344 0.187178 0.192597 0.19756 0.202031 0.205975 0.209364 0.212171 0.214375 0.21596 0.216914 0.217228 0.216902 0.215937 0.214342 0.212127 0.20931 0.205913 0.201961 0.197483 0.192515 0.187092 0.181256 0.175048 0.168515 0.161703 0.154661 0.147437 0.140081 0.132641 0.125166 0.117702 0.110294 0.102984 0.0958111 0.0888129 0.0820218 0.075467 0.0691739 0.0631638 0.0574542 0.0520584 0.0469858 0.0422422 0.0378299 0.0337478 0.0299921 0.0265565 0.0234325 0.0206098 0.018077 0.0158216 0.0138306 0.0120911 0.0105904 0.00931631 0.00825778 0.00740487 0.00674917 0.00628392 0.00600455 
0.00663904 0.00673414 0.00703279 0.00753881 0.00825771 0.00919702 0.0103661 0.0117758 0.0134385 0.0153675 0.0175765 0.0200797 0.0228912 0.0260243 0.0294914 0.0333032 0.0374686 0.041994 0.0468829 0.0521356 0.0577488 0.0637155 0.0700243 0.0766597 0.0836018 0.0908264 0.0983047 0.106004 0.113888 0.121915 0.130043 0.138223 0.146409 0.154547 0.162587 0.170475 0.178158 0.185582 0.192697 0.199451 0.205795 0.211685 0.217077 0.221932 0.226214 0.22989 0.232935 0.235326 0.237044 0.238077 0.238418 0.238063 0.237016 0.235285 0.232882 0.229825 0.226138 0.221846 0.216983 0.211584 0.205689 0.199341 0.192585 0.185471 0.178048 0.17037 0.162487 0.154455 0.146326 0.138151 0.129983 0.121869 0.113856 0.105987 0.0983032 0.0908405 0.0836314 0.0767043 0.0700833 0.0637878 0.0578334 0.052231 0.0469876 0.0421063 0.0375868 0.0334254 0.0296157 0.0261489 0.0230142 0.0201994 0.0176912 0.0154757 0.0135389 0.0118671 0.010447 0.00926675 0.00831546 0.00758398 0.00706493 0.00675338 
0.00743841 0.00754463 0.00787726 0.00844046 0.00924022 0.0102847 0.0115841 0.0131502 0.0149963 0.0171366 0.0195862 0.0223603 0.0254737 0.0289407 0.0327743 0.0369858 0.0415843 0.0465761 0.0519644 0.0577488 0.063925 0.0704844 0.0774139 0.0846959 0.0923078 0.100223 0.108408 0.116828 0.125443 0.134207 0.143073 0.15199 0.160904 0.169761 0.178504 0.187074 0.195416 0.203472 0.211187 0.218506 0.225377 0.231753 0.237587 0.242837 0.247465 0.251438 0.254727 0.257309 0.259164 0.260279 0.260646 0.260263 0.259132 0.257261 0.254665 0.251361 0.247375 0.242735 0.237475 0.231632 0.225249 0.218373 0.21105 0.203335 0.19528 0.186941 0.178375 0.16964 0.160793 0.15189 0.142986 0.134134 0.125385 0.116787 0.108384 0.100215 0.092318 0.084723 0.0774574 0.0705433 0.0639981 0.0578348 0.0520616 0.0466828 0.0416986 0.0371057 0.0328976 0.0290655 0.025598 0.0224821 0.0197037 0.017248 0.0151 0.0132448 0.0116684 0.0103575 0.00930068 0.00848787 0.0079111 0.007565 
0.00830041 0.00841856 0.00878755 0.00941188 0.0102981 0.0114549 0.0128934 0.0146263 0.0166678 0.0190334 0.0217391 0.024801 0.0282352 0.0320566 0.0362788 0.0409137 0.0459704 0.0514551 0.0573705 0.0637155 0.0704844 0.0776671 0.0852486 0.0932087 0.101522 0.110159 0.119084 0.128256 0.137632 0.147162 0.156795 0.166476 0.176146 0.185745 0.195214 0.204489 0.21351 0.222216 0.230547 0.238447 0.245859 0.252732 0.259018 0.264672 0.269654 0.27393 0.277469 0.280245 0.28224 0.283439 0.283833 0.28342 0.282203 0.280191 0.277397 0.273842 0.269551 0.264554 0.258887 0.252591 0.245709 0.23829 0.230386 0.222052 0.213346 0.204327 0.195056 0.185595 0.176004 0.166345 0.156678 0.14706 0.137546 0.128188 0.119034 0.110128 0.101511 0.0932159 0.0852742 0.0777103 0.070544 0.06379 0.0574584 0.0515544 0.0460791 0.0410297 0.0364 0.0321805 0.0283598 0.0249241 0.0218585 0.0191473 0.0167744 0.0147239 0.0129806 0.0115305 0.010361 0.0094614 0.008823 0.00844004 
0.00922502 0.0093559 0.00976358 0.0104529 0.011431 0.0127072 0.0142933 0.0162032 0.018452 0.0210562 0.024033 0.0273995 0.0311726 0.0353681 0.0400003 0.0450811 0.05062 0.0566227 0.0630916 0.0700243 0.0774139 0.0852486 0.093511 0.102179 0.111223 0.120611 0.130303 0.140255 0.15042 0.160743 0.171169 0.181636 0.192084 0.202448 0.212662 0.22266 0.232377 0.241747 0.250709 0.2592 0.267162 0.274542 0.281287 0.287352 0.292694 0.297277 0.301069 0.304043 0.306179 0.307462 0.307884 0.307441 0.306137 0.303981 0.300987 0.297177 0.292577 0.287218 0.281139 0.27438 0.26699 0.259018 0.250521 0.241555 0.232183 0.222468 0.212473 0.202266 0.191911 0.181474 0.17102 0.16061 0.150304 0.140158 0.130226 0.120554 0.111187 0.102164 0.0935166 0.0852739 0.0774579 0.0700854 0.0631682 0.0567129 0.0507216 0.0451919 0.0401178 0.03549 0.0312964 0.0275229 0.0241537 0.021172 0.0185609 0.0163034 0.0143832 0.0127853 0.0114962 0.0105044 0.00980056 0.00937845 
0.0102115 0.0103559 0.0108046 0.0115627 0.0126378 0.0140401 0.0157823 0.0178789 0.0203464 0.0232022 0.0264644 0.0301514 0.0342807 0.0388691 0.0439312 0.0494794 0.0555229 0.0620673 0.069114 0.0766597 0.0846959 0.0932087 0.102179 0.11158 0.121381 0.131546 0.142031 0.152789 0.163765 0.174904 0.186143 0.197418 0.208663 0.219807 0.230782 0.241517 0.251941 0.261988 0.271588 0.280679 0.289199 0.297091 0.304301 0.31078 0.316485 0.321377 0.325423 0.328596 0.330874 0.332242 0.332692 0.332219 0.330828 0.328527 0.325332 0.321265 0.316353 0.31063 0.304134 0.296909 0.289004 0.280473 0.271374 0.261768 0.251718 0.241294 0.230562 0.219592 0.208456 0.197223 0.185961 0.174738 0.163617 0.15266 0.141924 0.131461 0.121319 0.111541 0.102162 0.093214 0.0847221 0.0767054 0.0691776 0.0621466 0.0556158 0.0495834 0.0440438 0.0389877 0.0344027 0.0302741 0.0265854 0.0233191 0.020457 0.0179812 0.0158744 0.0141205 0.0127051 0.0116159 0.0108429 0.0103795 
0.0112585 0.0114171 0.0119088 0.0127393 0.0139166 0.0154515 0.0173575 0.0196503 0.0223471 0.0254666 0.0290278 0.0330502 0.0375521 0.0425508 0.0480615 0.0540968 0.0606657 0.0677734 0.0754203 0.0836018 0.0923078 0.101522 0.111223 0.121381 0.131963 0.142927 0.154227 0.16581 0.177618 0.18959 0.20166 0.213759 0.225814 0.237752 0.249499 0.26098 0.272121 0.282849 0.293095 0.30279 0.311871 0.320277 0.327953 0.334848 0.340916 0.346117 0.350417 0.353789 0.356209 0.357662 0.358139 0.357637 0.356158 0.353713 0.350318 0.345994 0.34077 0.334682 0.327768 0.320075 0.311653 0.30256 0.292854 0.282601 0.271868 0.260725 0.249246 0.237504 0.225573 0.213529 0.201444 0.18939 0.177437 0.165649 0.154088 0.142812 0.131873 0.121316 0.111182 0.101506 0.0923144 0.0836303 0.0754689 0.0678401 0.0607482 0.0541925 0.0481678 0.0426648 0.037671 0.0331713 0.0291483 0.0255839 0.0224588 0.019754 0.0174514 0.0155337 0.0139857 0.0127942 0.0119485 0.0114416 
0.0123635 0.0125371 0.013074 0.0139802 0.0152643 0.0169378 0.0190151 0.0215126 0.0244488 0.0278433 0.0317161 0.0360875 0.0409769 0.0464019 0.0523783 0.0589186 0.0660316 0.0737219 0.0819888 0.0908264 0.100223 0.110159 0.120611 0.131546 0.142927 0.154709 0.166841 0.179265 0.191921 0.204741 0.217655 0.230587 0.243463 0.256203 0.268728 0.28096 0.292821 0.304235 0.315127 0.325427 0.335068 0.343988 0.352128 0.359436 0.365866 0.371374 0.375928 0.379496 0.382058 0.383595 0.3841 0.383568 0.382003 0.379414 0.375819 0.371241 0.365708 0.359255 0.351926 0.343766 0.334829 0.325173 0.31486 0.303959 0.292539 0.280675 0.268443 0.255921 0.243188 0.230322 0.217403 0.204506 0.191705 0.17907 0.166669 0.154562 0.142807 0.131452 0.120544 0.110118 0.100208 0.0908356 0.0820206 0.0737742 0.0661021 0.0590045 0.0524768 0.0465101 0.0410917 0.0362059 0.0318352 0.0279601 0.0245608 0.0216173 0.0191102 0.0170215 0.0153349 0.0140364 0.0131148 0.0125625 
0.0135235 0.0137127 0.0142966 0.0152817 0.0166769 0.0184946 0.0207498 0.0234601 0.0266447 0.0303243 0.0345201 0.039253 0.0445431 0.0504088 0.0568658 0.0639269 0.0716003 0.0798899 0.0887939 0.0983047 0.108408 0.119084 0.130303 0.142031 0.154227 0.166841 0.179818 0.193096 0.20661 0.220287 0.234052 0.247825 0.261526 0.275071 0.288377 0.301361 0.313942 0.326038 0.337574 0.348476 0.358673 0.368102 0.376703 0.38442 0.391206 0.397019 0.401821 0.405584 0.408284 0.409905 0.410437 0.409876 0.408225 0.405496 0.401705 0.396875 0.391036 0.384225 0.376484 0.367862 0.358413 0.348199 0.337283 0.325735 0.31363 0.301045 0.288059 0.274755 0.261216 0.247525 0.233764 0.220016 0.206358 0.192866 0.179612 0.166661 0.154075 0.141907 0.130208 0.119017 0.10837 0.0982931 0.0888073 0.0799262 0.0716572 0.0640015 0.0569552 0.0505098 0.0446525 0.0393676 0.0346367 0.0304399 0.0267563 0.023565 0.0208457 0.0185793 0.0167487 0.015339 0.0143385 0.013739 
0.0147344 0.0149398 0.0155724 0.0166391 0.0181493 0.0201161 0.0225553 0.0254853 0.0289264 0.0329002 0.0374288 0.0425339 0.0482364 0.0545549 0.0615055 0.0691006 0.0773482 0.0862511 0.0958062 0.106004 0.116828 0.128256 0.140255 0.152789 0.16581 0.179265 0.193096 0.207237 0.221614 0.236153 0.250772 0.265387 0.279913 0.294262 0.308346 0.322078 0.335373 0.348147 0.36032 0.371816 0.382562 0.392493 0.401546 0.409665 0.416801 0.422911 0.427958 0.431911 0.434748 0.43645 0.437008 0.436418 0.434685 0.431818 0.427835 0.422759 0.41662 0.409457 0.401312 0.392235 0.382283 0.371517 0.360005 0.347818 0.335034 0.321732 0.307996 0.293913 0.279569 0.265051 0.250448 0.235845 0.221326 0.20697 0.192855 0.179051 0.165624 0.152634 0.140131 0.128162 0.116765 0.10597 0.0957996 0.0862699 0.07739 0.0691625 0.0615844 0.0546476 0.0483394 0.0426438 0.0375421 0.0330137 0.029037 0.02559 0.0226514 0.0202015 0.0182219 0.0166973 0.0156151 0.0149669 
0.0159914 0.0162134 0.0168963 0.0180469 0.0196755 0.0217956 0.0244239 0.0275796 0.0312841 0.0355597 0.0404294 0.0459158 0.0520401 0.0588215 0.0662761 0.074416 0.0832485 0.0927755 0.102992 0.113888 0.125443 0.137632 0.15042 0.163765 0.177618 0.191921 0.20661 0.221614 0.236857 0.252257 0.267728 0.283182 0.298529 0.313675 0.32853 0.343002 0.357001 0.370443 0.383242 0.395321 0.406606 0.417027 0.426522 0.435033 0.442511 0.448911 0.454195 0.458333 0.461301 0.463082 0.463666 0.46305 0.461236 0.458235 0.454065 0.44875 0.44232 0.434813 0.426274 0.416753 0.406308 0.395002 0.382904 0.370089 0.356635 0.342626 0.328149 0.313293 0.29815 0.282811 0.267368 0.251912 0.236531 0.221311 0.206333 0.191672 0.177399 0.163578 0.150265 0.13751 0.125353 0.11383 0.102964 0.0927754 0.0832739 0.0744639 0.0663433 0.0589046 0.0521355 0.0460198 0.0405385 0.0356703 0.0313928 0.0276834 0.0245198 0.0218811 0.0197486 0.0181058 0.0169396 0.0162412 
0.0172886 0.0175277 0.018262 0.0194986 0.0212483 0.0235252 0.0263467 0.0297331 0.0337063 0.0382898 0.0435073 0.0493819 0.0559355 0.0631875 0.0711538 0.0798463 0.0892715 0.09943 0.110316 0.121915 0.134207 0.147162 0.160743 0.174904 0.18959 0.204741 0.220287 0.236153 0.252257 0.268512 0.284829 0.301114 0.317271 0.333204 0.348818 0.364016 0.378708 0.392802 0.406214 0.418862 0.43067 0.441568 0.451492 0.460383 0.468191 0.474871 0.480384 0.484701 0.487797 0.489654 0.490263 0.48962 0.487729 0.4846 0.48025 0.474703 0.467992 0.460153 0.451232 0.44128 0.430356 0.418524 0.405855 0.392425 0.378316 0.363613 0.348408 0.332791 0.316859 0.300708 0.284434 0.268132 0.251895 0.235813 0.219973 0.204456 0.189337 0.174683 0.160557 0.147011 0.13409 0.121832 0.110265 0.0994098 0.0892792 0.079879 0.0712082 0.06326 0.0560223 0.0494792 0.0436113 0.0383967 0.0338126 0.0298353 0.0264418 0.0236105 0.0213215 0.0195579 0.0183059 0.0175561 
0.0186193 0.018876 0.0196625 0.0209867 0.0228595 0.0252958 0.0283138 0.0319344 0.0361805 0.0410762 0.0466461 0.0529139 0.0599018 0.0676294 0.0761125 0.0853623 0.0953846 0.106179 0.117736 0.130043 0.143073 0.156795 0.171169 0.186143 0.20166 0.217655 0.234052 0.250772 0.267728 0.284829 0.30198 0.319082 0.336036 0.35274 0.369096 0.385004 0.40037 0.415099 0.429105 0.442304 0.454619 0.465977 0.476315 0.485572 0.493697 0.500645 0.506379 0.510866 0.514084 0.516014 0.516647 0.515979 0.514014 0.510762 0.50624 0.500473 0.493491 0.485333 0.476045 0.465678 0.454291 0.44195 0.428728 0.414701 0.399955 0.384576 0.368658 0.352298 0.335592 0.318643 0.30155 0.284413 0.26733 0.250396 0.233702 0.217334 0.201372 0.185889 0.17095 0.156613 0.142928 0.129933 0.117662 0.106137 0.0953736 0.0853788 0.076153 0.0676902 0.0599791 0.0530036 0.0467442 0.0411787 0.0362835 0.0320344 0.0284076 0.0253805 0.0229325 0.0210461 0.0197067 0.0189048 
0.0199762 0.0202505 0.02109 0.0225027 0.0245001 0.0270975 0.0303139 0.034171 0.0386924 0.0439031 0.049828 0.0564917 0.0639164 0.0721219 0.0811237 0.0909324 0.101553 0.112983 0.125212 0.138223 0.15199 0.166476 0.181636 0.197418 0.213759 0.230587 0.247825 0.265387 0.283182 0.301114 0.319082 0.336984 0.354715 0.372172 0.389249 0.405847 0.421864 0.437208 0.451787 0.465516 0.478317 0.490117 0.50085 0.510456 0.518884 0.526089 0.532031 0.536681 0.540015 0.542015 0.542671 0.541979 0.539944 0.536575 0.53189 0.525912 0.518673 0.510211 0.500572 0.489808 0.477977 0.465148 0.451393 0.436791 0.421428 0.405395 0.388786 0.371701 0.354242 0.336513 0.318619 0.300663 0.282749 0.264975 0.247439 0.230231 0.213435 0.19713 0.181386 0.166263 0.151816 0.138088 0.125113 0.112919 0.101522 0.0909317 0.0811494 0.0721702 0.0639833 0.0565729 0.0499195 0.0440004 0.0387917 0.0342684 0.030406 0.0271811 0.0245726 0.022562 0.0211344 0.0202798 
0.0213509 0.0216431 0.0225358 0.0240375 0.0261601 0.0289194 0.0323351 0.0364294 0.041227 0.0467532 0.0530338 0.0600935 0.067955 0.0766378 0.0861572 0.096523 0.107739 0.119801 0.132698 0.146409 0.160904 0.176146 0.192084 0.208663 0.225814 0.243463 0.261526 0.279913 0.298529 0.317271 0.336036 0.354715 0.373202 0.391386 0.409161 0.426423 0.443068 0.459001 0.474129 0.488366 0.501631 0.513851 0.524959 0.534897 0.543612 0.551058 0.557198 0.562002 0.565445 0.56751 0.568188 0.567474 0.565373 0.561894 0.557055 0.550879 0.543397 0.534647 0.524675 0.513533 0.501281 0.487986 0.473721 0.458568 0.442613 0.425949 0.408674 0.390889 0.3727 0.354215 0.335541 0.316787 0.298061 0.279466 0.261105 0.243071 0.225456 0.208341 0.191801 0.175902 0.160701 0.146246 0.132574 0.119715 0.107688 0.0965044 0.0861673 0.0766728 0.0680107 0.0601656 0.0531179 0.0468448 0.0413219 0.0365237 0.0324249 0.0290016 0.0262318 0.0240965 0.0225803 0.0216727 
0.0227345 0.0230446 0.0239906 0.0255812 0.0278287 0.0307496 0.0343641 0.0386951 0.0437678 0.0496083 0.0562428 0.0636964 0.0719918 0.0811485 0.0911811 0.102099 0.113904 0.126591 0.140147 0.154547 0.169761 0.185745 0.202448 0.219807 0.237752 0.256203 0.275071 0.294262 0.313675 0.333204 0.35274 0.372172 0.391386 0.410271 0.428716 0.446614 0.46386 0.480355 0.496005 0.510723 0.524428 0.537045 0.548508 0.558758 0.567742 0.575415 0.581741 0.586688 0.590233 0.59236 0.593058 0.592324 0.590161 0.58658 0.581596 0.575235 0.567525 0.558505 0.54822 0.536722 0.524071 0.510334 0.495586 0.479908 0.463389 0.446122 0.428208 0.409751 0.390859 0.371643 0.352215 0.332688 0.313174 0.293781 0.274615 0.255777 0.23736 0.219452 0.202132 0.185471 0.169529 0.154357 0.139998 0.126482 0.113832 0.102062 0.0911752 0.0811696 0.0720358 0.0637588 0.056319 0.0496937 0.0438579 0.0387857 0.0344513 0.03083 0.0278993 0.0256396 0.0240349 0.0230745 
0.0241175 0.0244454 0.0254442 0.027123 0.0294945 0.0325757 0.0363872 0.0409527 0.0462978 0.0524493 0.0594337 0.0672763 0.076 0.085624 0.0961624 0.107623 0.120008 0.133309 0.147511 0.162587 0.178504 0.195214 0.212662 0.230782 0.249499 0.268728 0.288377 0.308346 0.32853 0.348818 0.369096 0.389249 0.409161 0.428716 0.447801 0.466304 0.48412 0.501147 0.517291 0.532463 0.546581 0.559571 0.571366 0.581907 0.591142 0.599028 0.605525 0.610606 0.614246 0.61643 0.617147 0.616394 0.614175 0.610499 0.605382 0.598847 0.590926 0.581654 0.571076 0.559244 0.546219 0.532067 0.516863 0.500689 0.483635 0.465796 0.447273 0.428175 0.40861 0.388694 0.368543 0.348272 0.327998 0.307833 0.287889 0.268269 0.249074 0.230394 0.212314 0.194908 0.178242 0.16237 0.147336 0.133177 0.119915 0.107568 0.09614 0.0856309 0.0760319 0.0673285 0.0595014 0.0525279 0.0463826 0.0410392 0.0364714 0.032654 0.0295638 0.0271807 0.0254882 0.0244754 
0.0254899 0.0258353 0.0268862 0.028652 0.0311456 0.0343845 0.03839 0.0431861 0.048799 0.055256 0.062584 0.0708084 0.079952 0.0900337 0.101067 0.113059 0.12601 0.13991 0.154741 0.170475 0.187074 0.204489 0.22266 0.241517 0.26098 0.28096 0.301361 0.322078 0.343002 0.364016 0.385004 0.405847 0.426423 0.446614 0.466304 0.48538 0.503733 0.521262 0.537869 0.553466 0.56797 0.581307 0.593411 0.604222 0.61369 0.62177 0.628427 0.633631 0.637358 0.639595 0.640329 0.639559 0.637288 0.633525 0.628285 0.621591 0.613474 0.603969 0.59312 0.580979 0.567605 0.553065 0.537434 0.520795 0.503237 0.484858 0.46576 0.446053 0.42585 0.405268 0.384426 0.363443 0.34244 0.321535 0.300841 0.280469 0.260523 0.241097 0.222281 0.204154 0.186784 0.170231 0.154541 0.139754 0.125896 0.112984 0.101028 0.090026 0.0799714 0.07085 0.062643 0.0553275 0.0488782 0.0432683 0.0384709 0.0344605 0.0312133 0.0287087 0.0269298 0.0258655 
0.0268413 0.0272038 0.0283057 0.0301565 0.0327695 0.0361626 0.0403575 0.0453788 0.0512532 0.0580082 0.065671 0.0742672 0.0838195 0.0943463 0.10586 0.118368 0.131867 0.146347 0.161788 0.178158 0.195416 0.21351 0.232377 0.251941 0.272121 0.292821 0.313942 0.335373 0.357001 0.378708 0.40037 0.421864 0.443068 0.46386 0.48412 0.503733 0.52259 0.540586 0.557625 0.573617 0.588479 0.602137 0.614525 0.625585 0.635266 0.643526 0.650328 0.655644 0.659452 0.661736 0.662487 0.661702 0.659383 0.655541 0.650189 0.64335 0.635053 0.625334 0.614236 0.60181 0.588113 0.573214 0.557186 0.540113 0.522085 0.5032 0.483563 0.463283 0.442477 0.421264 0.399767 0.378109 0.356413 0.334801 0.313392 0.2923 0.271633 0.251492 0.231968 0.213146 0.195098 0.177887 0.161564 0.146169 0.131733 0.118274 0.105805 0.094324 0.0838262 0.0742981 0.065721 0.0580723 0.0513264 0.0454564 0.040435 0.036236 0.0328354 0.0302121 0.0283488 0.027234 
0.0281609 0.02854 0.0296914 0.0316247 0.0343535 0.0378961 0.0422746 0.0475141 0.0536416 0.0606849 0.0686716 0.0776271 0.0875741 0.0985303 0.110508 0.123512 0.137539 0.152577 0.168603 0.185582 0.203472 0.222216 0.241747 0.261988 0.282849 0.304235 0.326038 0.348147 0.370443 0.392802 0.415099 0.437208 0.459001 0.480355 0.501147 0.521262 0.540586 0.559017 0.576455 0.59281 0.608001 0.621954 0.634602 0.64589 0.655765 0.664188 0.671122 0.67654 0.68042 0.682748 0.683514 0.682715 0.680353 0.676439 0.670986 0.664016 0.655556 0.645643 0.634317 0.621629 0.607637 0.592407 0.576014 0.55854 0.540075 0.52072 0.500579 0.479764 0.458394 0.436589 0.414476 0.39218 0.369829 0.347549 0.325461 0.303685 0.282333 0.261509 0.24131 0.221824 0.203127 0.185286 0.168354 0.152376 0.137384 0.1234 0.110436 0.0984934 0.0875681 0.0776472 0.0687125 0.0607416 0.0537087 0.0475869 0.0423485 0.0379669 0.0344176 0.0316791 0.0297339 0.0285702 
0.0294379 0.0298331 0.0310321 0.0330447 0.0358849 0.0395712 0.0441261 0.0495751 0.0559455 0.0632655 0.0715627 0.0808626 0.0911874 0.102555 0.114975 0.128454 0.142985 0.158554 0.175137 0.192697 0.211187 0.230547 0.250709 0.271588 0.293095 0.315127 0.337574 0.36032 0.383242 0.406214 0.429105 0.451787 0.474129 0.496005 0.517291 0.537869 0.557625 0.576455 0.594259 0.610947 0.626439 0.640659 0.653544 0.665037 0.675088 0.683657 0.69071 0.69622 0.700165 0.702532 0.703311 0.7025 0.700101 0.696122 0.690578 0.68349 0.674884 0.664795 0.653263 0.640338 0.626078 0.610546 0.593818 0.575976 0.55711 0.537321 0.516714 0.495403 0.473508 0.451152 0.428463 0.405571 0.382606 0.359697 0.336972 0.314551 0.292551 0.271082 0.250244 0.230129 0.210816 0.192376 0.174865 0.158332 0.14281 0.128324 0.114887 0.102503 0.0911689 0.0808719 0.0715946 0.0633147 0.0560066 0.049643 0.0441962 0.0396391 0.0359469 0.0330978 0.0310739 0.0298632 
0.0306616 0.0310721 0.0323164 0.0344046 0.0373509 0.041174 0.0458968 0.0515451 0.0581465 0.0657295 0.0743216 0.0839483 0.0946316 0.106388 0.119229 0.133156 0.148164 0.164235 0.181344 0.199451 0.218506 0.238447 0.2592 0.280679 0.30279 0.325427 0.348476 0.371816 0.395321 0.418862 0.442304 0.465516 0.488366 0.510723 0.532463 0.553466 0.573617 0.59281 0.610947 0.627938 0.643701 0.658163 0.671261 0.682938 0.693146 0.701846 0.709005 0.714596 0.718599 0.721001 0.721792 0.72097 0.718537 0.714502 0.708878 0.701685 0.692948 0.682702 0.670986 0.657848 0.643344 0.62754 0.610508 0.592331 0.5731 0.552913 0.531879 0.510112 0.487733 0.464867 0.441646 0.4182 0.394665 0.371171 0.34785 0.324826 0.302221 0.280148 0.25871 0.238003 0.218111 0.199106 0.18105 0.163992 0.14797 0.133009 0.119125 0.106323 0.094601 0.0839472 0.0743446 0.0657712 0.0582015 0.0516081 0.045963 0.041239 0.0374109 0.0344564 0.0323576 0.0311021 
0.0318213 0.0322462 0.0335333 0.0356928 0.0387389 0.0426909 0.0475718 0.0534077 0.0602266 0.0680568 0.0769261 0.0868598 0.0978797 0.110002 0.123236 0.137584 0.153037 0.169578 0.187178 0.205795 0.225377 0.245859 0.267162 0.289199 0.311871 0.335068 0.358673 0.382562 0.406606 0.43067 0.454619 0.478317 0.501631 0.524428 0.546581 0.56797 0.588479 0.608001 0.626439 0.643701 0.659707 0.674385 0.687672 0.699513 0.709861 0.718677 0.725929 0.731592 0.735646 0.738079 0.73888 0.738049 0.735587 0.731502 0.725807 0.718521 0.70967 0.699284 0.687404 0.674077 0.659356 0.643308 0.626003 0.607524 0.587961 0.567415 0.545992 0.523809 0.500988 0.477656 0.453946 0.429992 0.405931 0.381898 0.358026 0.334445 0.311279 0.288644 0.266649 0.245392 0.22496 0.205429 0.186864 0.169316 0.152825 0.13742 0.123117 0.109923 0.0978374 0.0868486 0.0769405 0.0680912 0.0602756 0.053466 0.0476343 0.0427531 0.0387968 0.0357432 0.0335737 0.0322761 
