1.79788e-07 1.88363e-07 2.31021e-07 3.13996e-07 4.48718e-07 6.52949e-07 9.52265e-07 1.38206e-06 1.99006e-06 2.83943e-06 4.0124e-06 5.61449e-06 7.77915e-06 1.06728e-05 1.45e-05 1.95086e-05 2.59947e-05 3.43059e-05 4.48449e-05 5.80695e-05 7.44915e-05 9.46722e-05 0.000119214 0.000148751 0.000183928 0.000225388 0.000273742 0.000329546 0.000393269 0.000465263 0.000545728 0.000634687 0.000731957 0.000837124 0.000949531 0.00106827 0.00119217 0.00131985 0.00144967 0.00157983 0.00170839 0.00183327 0.00195239 0.00206365 0.00216503 0.00225464 0.00233076 0.0023919 0.00243688 0.00246478 0.00247506 0.00246752 0.0024423 0.00239994 0.00234127 0.00226746 0.00217998 0.00208048 0.00197086 0.00185311 0.00172931 0.00160155 0.00147189 0.00134229 0.00121456 0.00109034 0.000971056 0.000857892 0.000751786 0.000653426 0.000563258 0.000481499 0.000408159 0.000343066 0.000285897 0.000236208 0.000193464 0.000157073 0.000126405 0.000100823 7.97003e-05 6.24363e-05 4.84688e-05 3.72828e-05 2.84151e-05 2.14565e-05 1.60514e-05 1.18957e-05 8.73303e-06 6.35074e-06 4.57464e-06 3.26415e-06 2.30732e-06 1.61624e-06 1.12281e-06 7.75086e-07 5.34115e-07 3.71313e-07 2.6638e-07 2.058e-07 
1.88363e-07 1.97449e-07 2.42434e-07 3.2992e-07 4.72012e-07 6.87521e-07 1.00355e-06 1.45759e-06 2.10025e-06 2.99851e-06 4.23958e-06 5.93541e-06 8.22758e-06 1.12927e-05 1.53478e-05 2.06559e-05 2.7531e-05 3.63422e-05 4.75161e-05 6.15384e-05 7.89513e-05 0.000100349 0.000126371 0.000157686 0.000194977 0.000238924 0.000290171 0.000349303 0.000416815 0.000493073 0.000578287 0.000672476 0.00077544 0.000886738 0.00100567 0.00113127 0.0012623 0.00139729 0.00153452 0.00167208 0.0018079 0.00193982 0.00206562 0.00218311 0.00229013 0.00238471 0.00246504 0.00252955 0.00257699 0.0026064 0.00261722 0.00260922 0.00258257 0.00253782 0.00247586 0.00239792 0.00230552 0.00220045 0.00208466 0.00196027 0.00182948 0.00169448 0.00155746 0.00142047 0.00128544 0.0011541 0.00102795 0.000908245 0.000795989 0.000691908 0.000596478 0.000509933 0.000432287 0.000363362 0.000302818 0.000250189 0.000204913 0.000166361 0.000133871 0.000106768 8.439e-05 6.61e-05 5.13034e-05 3.94544e-05 3.00625e-05 2.26937e-05 1.69712e-05 1.25726e-05 9.22606e-06 6.70614e-06 4.82817e-06 3.44312e-06 2.43234e-06 1.70268e-06 1.182e-06 8.15295e-07 5.61327e-07 3.89852e-07 2.79398e-07 2.15676e-07 
2.31021e-07 2.42434e-07 2.97835e-07 4.05316e-07 5.7968e-07 8.43897e-07 1.23101e-06 1.7867e-06 2.57251e-06 3.66975e-06 5.18418e-06 7.25129e-06 1.00421e-05 1.37696e-05 1.86951e-05 2.51344e-05 3.34638e-05 4.41245e-05 5.76256e-05 7.45447e-05 9.55253e-05 0.000121271 0.000152534 0.000190103 0.000234777 0.000287348 0.000348563 0.000419096 0.00049951 0.000590215 0.000691434 0.000803164 0.000925143 0.00105683 0.00119737 0.00134561 0.0015001 0.00165906 0.0018205 0.00198217 0.00214165 0.00229642 0.00244388 0.00258148 0.00270676 0.00281738 0.00291127 0.00298663 0.00304199 0.00307627 0.00308879 0.00307932 0.00304805 0.0029956 0.00292302 0.00283173 0.00272349 0.00260037 0.00246463 0.00231874 0.00216524 0.00200671 0.00184567 0.00168454 0.00152557 0.00137081 0.00122201 0.00108067 0.000947978 0.000824812 0.000711752 0.000609095 0.000516881 0.000434921 0.000362837 0.000300097 0.000246051 0.000199973 0.00016109 0.000128613 0.000101762 7.97891e-05 6.19908e-05 4.77206e-05 3.63959e-05 2.75004e-05 2.05844e-05 1.52625e-05 1.12094e-05 8.1542e-06 5.87514e-06 4.19273e-06 2.96387e-06 2.07607e-06 1.44206e-06 9.95247e-07 6.85625e-07 4.76494e-07 3.41779e-07 2.64122e-07 
3.13996e-07 3.2992e-07 4.05316e-07 5.51082e-07 7.87092e-07 1.14411e-06 1.6663e-06 2.41456e-06 3.47077e-06 4.94283e-06 6.9707e-06 9.73318e-06 1.34554e-05 1.84167e-05 2.49589e-05 3.34938e-05 4.45104e-05 5.858e-05 7.63594e-05 9.85912e-05 0.000126099 0.00015978 0.000200589 0.00024952 0.000307579 0.00037575 0.000454961 0.000546035 0.000649649 0.000766283 0.000896175 0.00103927 0.0011952 0.00136322 0.00154223 0.00173072 0.00192681 0.00212829 0.00233259 0.0025369 0.00273817 0.00293325 0.00311891 0.00329197 0.00344937 0.00358823 0.00370597 0.00380039 0.00386967 0.00391248 0.00392799 0.00391592 0.00387651 0.00381052 0.00371926 0.00360446 0.00346833 0.0033134 0.0031425 0.00295868 0.0027651 0.00256498 0.00236147 0.00215761 0.00195623 0.00175989 0.00157085 0.00139102 0.00122192 0.0010647 0.000920127 0.000788626 0.000670285 0.000564909 0.000472053 0.000391077 0.000321186 0.000261481 0.000210998 0.000168747 0.000133747 0.000105047 8.17533e-05 6.30404e-05 4.81608e-05 3.64502e-05 2.73282e-05 2.02954e-05 1.49293e-05 1.08772e-05 7.84906e-06 5.60978e-06 3.97143e-06 2.78584e-06 1.93786e-06 1.33937e-06 9.24105e-07 6.43327e-07 4.62366e-07 3.5812e-07 
4.48718e-07 4.72012e-07 5.7968e-07 7.87092e-07 1.12218e-06 1.62806e-06 2.36651e-06 3.42248e-06 4.90985e-06 6.97829e-06 9.82138e-06 1.36856e-05 1.88803e-05 2.57881e-05 3.48755e-05 4.67025e-05 6.19315e-05 8.13334e-05 0.000105791 0.000136299 0.000173953 0.000219943 0.000275529 0.000342015 0.000420709 0.000512887 0.000619735 0.000742294 0.000881405 0.00103764 0.00121124 0.00140208 0.00160958 0.00183273 0.00206998 0.00231933 0.00257828 0.00284386 0.00311273 0.00338117 0.00364525 0.00390085 0.0041438 0.00437 0.00457549 0.0047566 0.00491002 0.00503292 0.00512299 0.00517852 0.00519849 0.0051825 0.00513088 0.00504463 0.00492539 0.00477541 0.0045975 0.00439491 0.00417129 0.00393055 0.00367679 0.00341416 0.00314675 0.00287853 0.00261318 0.00235409 0.00210422 0.00186611 0.00164181 0.00143288 0.00124039 0.00106495 0.000906747 0.000765579 0.000640919 0.000531971 0.000437731 0.000357046 0.00028867 0.000231315 0.000183695 0.000144559 0.000112723 8.70906e-05 6.66632e-05 5.05507e-05 3.79721e-05 2.82536e-05 2.08222e-05 1.51987e-05 1.09875e-05 7.86696e-06 5.57932e-06 3.92065e-06 2.73208e-06 1.89173e-06 1.3077e-06 9.12304e-07 6.57274e-07 5.10437e-07 
6.52949e-07 6.87521e-07 8.43897e-07 1.14411e-06 1.62806e-06 2.35723e-06 3.41942e-06 4.93509e-06 7.06528e-06 1.00211e-05 1.40745e-05 1.9571e-05 2.69425e-05 3.67216e-05 4.95552e-05 6.6217e-05 8.76188e-05 0.000114818 0.000149019 0.000191572 0.000243963 0.000307793 0.000384747 0.00047656 0.000584963 0.000711628 0.000858093 0.00102569 0.00121547 0.00142812 0.00166387 0.00192245 0.00220301 0.00250407 0.00282354 0.00315864 0.00350598 0.0038616 0.00422101 0.00457928 0.00493121 0.00527135 0.00559425 0.00589452 0.006167 0.00640691 0.00660994 0.00677241 0.00689134 0.00696453 0.00699062 0.00696915 0.00690053 0.00678606 0.00662787 0.00642889 0.00619276 0.00592374 0.00562657 0.00530637 0.00496851 0.00461842 0.00426153 0.00390304 0.00354788 0.00320053 0.00286499 0.00254468 0.00224239 0.00196026 0.00169983 0.00146198 0.00124704 0.00105484 0.000884744 0.000735755 0.000606588 0.000495749 0.000401603 0.00032245 0.000256579 0.000202319 0.000158079 0.000122376 9.38586e-05 7.13137e-05 5.3674e-05 4.00145e-05 2.95468e-05 2.16082e-05 1.56506e-05 1.12268e-05 7.97696e-06 5.61588e-06 3.92068e-06 2.71991e-06 1.884e-06 1.31727e-06 9.51429e-07 7.4087e-07 
9.52265e-07 1.00355e-06 1.23101e-06 1.6663e-06 2.36651e-06 3.41942e-06 4.95006e-06 7.12956e-06 1.01861e-05 1.44176e-05 2.02075e-05 2.80403e-05 3.85206e-05 5.23908e-05 7.05496e-05 9.40681e-05 0.000124203 0.000162407 0.000210327 0.000269802 0.000342844 0.00043161 0.000538363 0.000665411 0.000815047 0.000989461 0.00119065 0.00142032 0.00167976 0.0019698 0.00229061 0.00264171 0.00302183 0.00342888 0.00385994 0.00431121 0.0047781 0.00525527 0.0057367 0.00621586 0.00668581 0.00713941 0.00756946 0.00796888 0.00833095 0.0086494 0.00891865 0.0091339 0.00929129 0.00938796 0.00942218 0.00939333 0.00930196 0.00914975 0.0089395 0.00867501 0.00836101 0.00800306 0.00760736 0.00718061 0.00672985 0.00626223 0.0057849 0.00530476 0.00482836 0.0043617 0.00391013 0.00347829 0.00306998 0.00268818 0.00233502 0.00201183 0.00171916 0.00145688 0.00122425 0.00102003 0.000842589 0.000689973 0.000560046 0.000450557 0.00035923 0.000283827 0.000222206 0.000172362 0.000132459 0.000100841 7.60464e-05 5.6804e-05 4.20252e-05 3.07928e-05 2.23453e-05 1.60593e-05 1.14319e-05 8.0632e-06 5.63982e-06 3.92005e-06 2.72082e-06 1.90662e-06 1.38055e-06 1.07787e-06 
1.38206e-06 1.45759e-06 1.7867e-06 2.41456e-06 3.42248e-06 4.93509e-06 7.12956e-06 1.02477e-05 1.46111e-05 2.06386e-05 2.88669e-05 3.99731e-05 5.47984e-05 7.43727e-05 9.99381e-05 0.000132969 0.000175191 0.000228585 0.000295395 0.000378109 0.000479438 0.000602276 0.000749635 0.000924576 0.00113011 0.00136909 0.00164409 0.00195726 0.0023102 0.00270383 0.00313824 0.0036126 0.00412505 0.00467266 0.00525138 0.00585606 0.0064805 0.00711754 0.00775918 0.00839677 0.00902118 0.00962301 0.0101928 0.0107215 0.0112001 0.0116207 0.011976 0.0122597 0.012467 0.0125941 0.0126387 0.0126002 0.0124792 0.0122779 0.012 0.0116502 0.0112349 0.010761 0.0102368 0.00967099 0.00907265 0.00845119 0.00781599 0.00717613 0.00654028 0.00591641 0.00531169 0.00473233 0.0041835 0.00366931 0.00319273 0.00275568 0.00235906 0.00200285 0.00168621 0.00140763 0.00116501 0.000955858 0.000777392 0.000626652 0.000500624 0.000396329 0.000310901 0.000241641 0.000186066 0.000141931 0.000107243 8.02627e-05 5.94952e-05 4.36769e-05 3.1755e-05 2.28648e-05 1.63068e-05 1.1523e-05 8.0749e-06 5.62339e-06 3.91099e-06 2.74674e-06 1.99383e-06 1.56073e-06 
1.99006e-06 2.10025e-06 2.57251e-06 3.47077e-06 4.90985e-06 7.06528e-06 1.01861e-05 1.46111e-05 2.07898e-05 2.93059e-05 4.09053e-05 5.65254e-05 7.73276e-05 0.000104728 0.00014043 0.000186446 0.000245122 0.000319143 0.000411532 0.00052563 0.000665059 0.00083366 0.00103541 0.00127433 0.00155433 0.00187909 0.00225187 0.00267538 0.00315152 0.00368131 0.00426464 0.00490017 0.00558524 0.00631574 0.00708615 0.00788951 0.00871755 0.00956076 0.0104086 0.0112497 0.0120722 0.0128638 0.0136123 0.0143059 0.0149332 0.0154839 0.0159486 0.0163194 0.0165899 0.0167556 0.0168134 0.0167625 0.0166037 0.0163399 0.0159757 0.0155173 0.0149726 0.0143509 0.0136626 0.0129188 0.0121314 0.0113126 0.0104746 0.00962914 0.00878767 0.00796068 0.00715766 0.00638689 0.00565535 0.00496859 0.00433076 0.00374459 0.0032115 0.00273166 0.00230417 0.00192719 0.00159813 0.0013138 0.00107062 0.000864743 0.000692212 0.0005491 0.000431602 0.000336123 0.000259332 0.00019821 0.000150061 0.000112527 8.35729e-05 6.14706e-05 4.47767e-05 3.23017e-05 2.30802e-05 1.63398e-05 1.14718e-05 8.00444e-06 5.57831e-06 3.92645e-06 2.85723e-06 2.24231e-06 
2.83943e-06 2.99851e-06 3.66975e-06 4.94283e-06 6.97829e-06 1.00211e-05 1.44176e-05 2.06386e-05 2.93059e-05 4.12256e-05 5.74236e-05 7.9186e-05 0.0001081 0.000146095 0.000195482 0.000258981 0.000339752 0.000441393 0.00056794 0.00072383 0.000913849 0.00114304 0.00141661 0.00173975 0.0021175 0.00255454 0.00305496 0.00362206 0.0042581 0.0049641 0.00573963 0.00658261 0.00748926 0.00845393 0.00946915 0.0105257 0.0116125 0.0127172 0.013826 0.0149241 0.0159963 0.0170267 0.0179998 0.0189003 0.0197138 0.0204272 0.0210286 0.0215081 0.0218576 0.0220713 0.0221454 0.0220789 0.0218728 0.0215308 0.0210585 0.0204641 0.0197575 0.0189504 0.0180559 0.0170885 0.0160631 0.0149954 0.0139011 0.0127955 0.0116933 0.0106082 0.00955259 0.00853746 0.00757208 0.00666395 0.00581872 0.00504028 0.00433074 0.00369064 0.00311907 0.00261385 0.00217182 0.00178899 0.00146078 0.00118224 0.000948275 0.000753741 0.000593648 0.00046325 0.000358132 0.000274268 0.000208055 0.000156322 0.000116325 8.57256e-05 6.2564e-05 4.5219e-05 3.23707e-05 2.29601e-05 1.61504e-05 1.12907e-05 7.88465e-06 5.56223e-06 4.05757e-06 3.19237e-06 
4.0124e-06 4.23958e-06 5.18418e-06 6.9707e-06 9.82138e-06 1.40745e-05 2.02075e-05 2.88669e-05 4.09053e-05 5.74236e-05 7.98194e-05 0.000109838 0.000149628 0.000201789 0.000269423 0.000356171 0.000466239 0.000604401 0.000775984 0.000986815 0.00124315 0.00155153 0.00191867 0.00235123 0.0028556 0.00343763 0.00410238 0.00485381 0.0056945 0.00662537 0.00764544 0.00875164 0.00993863 0.0111988 0.0125221 0.0138963 0.0153072 0.0167385 0.0181725 0.0195903 0.0209723 0.0222985 0.0235492 0.0247051 0.0257482 0.026662 0.0274316 0.0280446 0.028491 0.0287634 0.0288575 0.0287716 0.0285072 0.0280688 0.0274637 0.0267017 0.0257955 0.0247595 0.0236104 0.0223661 0.0210458 0.0196693 0.0182562 0.0168264 0.0153984 0.0139901 0.0126176 0.0112951 0.0100348 0.00884672 0.00773854 0.00671564 0.00578116 0.00493617 0.00417987 0.00350978 0.00292209 0.00241186 0.00197338 0.00160037 0.00128627 0.00102449 0.000808537 0.000632221 0.00048975 0.00037582 0.00028566 0.000215056 0.000160345 0.000118397 8.6575e-05 6.26929e-05 4.49649e-05 3.19534e-05 2.25193e-05 1.5774e-05 1.10382e-05 7.80438e-06 5.70728e-06 4.50157e-06 
5.61449e-06 5.93541e-06 7.25129e-06 9.73318e-06 1.36856e-05 1.9571e-05 2.80403e-05 3.99731e-05 5.65254e-05 7.9186e-05 0.000109838 0.000150828 0.000205028 0.000275907 0.000367587 0.000484884 0.000633338 0.000819212 0.00104946 0.00133164 0.00167382 0.00208442 0.00257198 0.00314491 0.00381119 0.00457807 0.00545167 0.00643664 0.00753581 0.00874982 0.0100769 0.0115125 0.0130493 0.0146771 0.0163827 0.0181501 0.0199608 0.0217941 0.0236275 0.025437 0.0271978 0.0288849 0.0304737 0.0319401 0.0332619 0.0344185 0.0353917 0.0361662 0.0367296 0.037073 0.0371909 0.0370814 0.0367464 0.0361913 0.0354251 0.03446 0.0333113 0.0319973 0.0305383 0.0289568 0.0272765 0.0255221 0.0237185 0.0218903 0.0200615 0.0182544 0.0164897 0.0147859 0.0131588 0.0116216 0.0101845 0.008855 0.00763753 0.00653402 0.00554393 0.00466457 0.00389143 0.00321855 0.00263885 0.00214448 0.00172717 0.00137851 0.00109018 0.000854205 0.000663067 0.000509855 0.000388323 0.000292931 0.000218843 0.000161909 0.000118623 8.6066e-05 6.1847e-05 4.40345e-05 3.10932e-05 2.18228e-05 1.53026e-05 1.0844e-05 7.94974e-06 6.28592e-06 
7.77915e-06 8.22758e-06 1.00421e-05 1.34554e-05 1.88803e-05 2.69425e-05 3.85206e-05 5.47984e-05 7.73276e-05 0.0001081 0.000149628 0.000205028 0.000278106 0.000373438 0.000496439 0.000653414 0.000851579 0.00109905 0.00140481 0.00177855 0.00223057 0.00277153 0.00341216 0.00416295 0.00503376 0.00603337 0.00716906 0.00844616 0.0098676 0.0114335 0.0131409 0.0149834 0.0169509 0.0190299 0.0212033 0.0234504 0.0257477 0.028069 0.0303857 0.0326681 0.0348852 0.0370062 0.0390006 0.040839 0.0424939 0.0439404 0.0451564 0.0461232 0.0468258 0.0472535 0.0473995 0.0472618 0.0468424 0.0461481 0.0451896 0.0439819 0.0425436 0.0408968 0.0390665 0.03708 0.0349667 0.032757 0.0304816 0.0281712 0.0258558 0.0235635 0.0213204 0.01915 0.0170729 0.015106 0.013263 0.0115538 0.00998494 0.00855939 0.00727717 0.00613548 0.00512918 0.00425115 0.00349278 0.00284441 0.00229572 0.00183614 0.00145514 0.00114254 0.000888728 0.000684783 0.000522622 0.000395039 0.000295719 0.00021922 0.000160928 0.000116988 8.42305e-05 6.00871e-05 4.25105e-05 2.98955e-05 2.10073e-05 1.49203e-05 1.09653e-05 8.6918e-06 
1.06728e-05 1.12927e-05 1.37696e-05 1.84167e-05 2.57881e-05 3.67216e-05 5.23908e-05 7.43727e-05 0.000104728 0.000146095 0.000201789 0.000275907 0.000373438 0.000500354 0.000663693 0.000871615 0.00113342 0.00145951 0.00186134 0.0023512 0.00294208 0.00364731 0.00448021 0.00545367 0.00657966 0.00786868 0.0093292 0.0109671 0.0127853 0.014783 0.0169554 0.0192938 0.0217845 0.02441 0.0271481 0.0299725 0.0328537 0.0357587 0.0386522 0.0414974 0.0442563 0.0468912 0.0493649 0.051642 0.0536893 0.0554767 0.0569777 0.05817 0.0590357 0.0595618 0.0597407 0.0595696 0.0590511 0.0581933 0.0570089 0.0555159 0.0537367 0.0516976 0.0494289 0.0469636 0.0443372 0.0415866 0.0387496 0.0358638 0.0329661 0.0300915 0.0272727 0.0245393 0.0219173 0.0194287 0.0170911 0.014918 0.0129182 0.0110965 0.00945378 0.00798733 0.00669141 0.00555775 0.00457604 0.00373455 0.0030206 0.00242106 0.00192277 0.00151291 0.00117929 0.000910566 0.000696378 0.000527457 0.000395646 0.000293887 0.00021617 0.000157456 0.000113589 8.11881e-05 5.75518e-05 4.05544e-05 2.85575e-05 2.03292e-05 1.49775e-05 1.19013e-05 
1.45e-05 1.53478e-05 1.86951e-05 2.49589e-05 3.48755e-05 4.95552e-05 7.05496e-05 9.99381e-05 0.00014043 0.000195482 0.000269423 0.000367587 0.000496439 0.000663693 0.000878399 0.001151 0.00149335 0.00191864 0.00244129 0.00307673 0.00384111 0.0047509 0.00582244 0.00707133 0.00851188 0.0101564 0.0120146 0.0140927 0.0163931 0.0189137 0.0216476 0.0245823 0.0277004 0.0309787 0.0343892 0.0378989 0.0414709 0.0450645 0.0486364 0.0521416 0.0555344 0.0587689 0.0618008 0.0645876 0.0670899 0.0692719 0.0711024 0.072555 0.0736088 0.0742485 0.0744649 0.0742551 0.073622 0.0725751 0.0711295 0.0693063 0.0671318 0.0646375 0.0618591 0.0588359 0.0556103 0.0522268 0.0487308 0.0451681 0.0415834 0.0380198 0.0345177 0.0311139 0.027841 0.0247271 0.0217949 0.019062 0.0165406 0.0142377 0.0121556 0.010292 0.0086407 0.00719231 0.00593472 0.0048539 0.00393447 0.00316037 0.00251532 0.0019834 0.00154933 0.00119881 0.000918736 0.000697321 0.000524135 0.000390119 0.00028753 0.000209851 0.000151684 0.00010863 7.71569e-05 5.44794e-05 3.84447e-05 2.74304e-05 2.02595e-05 1.61377e-05 
1.95086e-05 2.06559e-05 2.51344e-05 3.34938e-05 4.67025e-05 6.6217e-05 9.40681e-05 0.000132969 0.000186446 0.000258981 0.000356171 0.000484884 0.000653414 0.000871615 0.001151 0.0015048 0.00194794 0.00249696 0.00316983 0.00398567 0.00496433 0.00612591 0.00749014 0.00907567 0.0108993 0.0129753 0.0153142 0.0179226 0.0208019 0.023948 0.0273507 0.0309936 0.0348536 0.0389015 0.0431018 0.0474137 0.0517916 0.0561859 0.0605443 0.0648124 0.0689356 0.0728595 0.0765314 0.0799014 0.0829232 0.0855551 0.0877606 0.0895091 0.0907763 0.0915446 0.0918035 0.0915494 0.090786 0.089524 0.087781 0.0855816 0.0829562 0.0799416 0.0765795 0.0729162 0.0690016 0.0648882 0.0606303 0.0562826 0.0518988 0.0475313 0.0432293 0.039038 0.0349981 0.0311446 0.0275066 0.024107 0.0209621 0.018082 0.015471 0.0131275 0.0110454 0.00921413 0.00761977 0.0062458 0.00507386 0.00408451 0.00325795 0.00257455 0.00201543 0.00156279 0.00120022 0.000912876 0.000687576 0.000512819 0.000378729 0.000276965 0.000200594 0.000143942 0.000102441 7.24797e-05 5.12564e-05 3.66559e-05 2.71404e-05 2.16711e-05 
2.59947e-05 2.7531e-05 3.34638e-05 4.45104e-05 6.19315e-05 8.76188e-05 0.000124203 0.000175191 0.000245122 0.000339752 0.000466239 0.000633338 0.000851579 0.00113342 0.00149335 0.00194794 0.00251579 0.00321742 0.00407495 0.00511178 0.00635204 0.00781993 0.00953895 0.0115311 0.0138157 0.0164089 0.019322 0.0225613 0.0261267 0.0300113 0.0342009 0.0386735 0.0433996 0.0483423 0.0534577 0.0586956 0.0640004 0.0693126 0.0745694 0.0797065 0.084659 0.0893633 0.0937579 0.0977847 0.10139 0.104527 0.107152 0.109232 0.110737 0.111649 0.111955 0.111651 0.110742 0.109239 0.107163 0.104542 0.10141 0.0978107 0.0937907 0.0894042 0.084709 0.0797667 0.0746408 0.0693959 0.064096 0.0588036 0.0535781 0.0484745 0.0435426 0.0388259 0.0343611 0.0301775 0.0262967 0.0227329 0.0194928 0.0165767 0.0139786 0.011687 0.00968635 0.00795748 0.00647877 0.00522707 0.0041785 0.00330925 0.00259622 0.00201748 0.00155273 0.00118349 0.000893264 0.000667604 0.000494048 0.000362027 0.000262725 0.000188901 0.000134708 9.55043e-05 6.76841e-05 4.85161e-05 3.60108e-05 2.88228e-05 
3.43059e-05 3.63422e-05 4.41245e-05 5.858e-05 8.13334e-05 0.000114818 0.000162407 0.000228585 0.000319143 0.000441393 0.000604401 0.000819212 0.00109905 0.00145951 0.00191864 0.00249696 0.00321742 0.00410514 0.0051871 0.00649159 0.00804755 0.00988376 0.0120278 0.0145052 0.017338 0.0205438 0.0241344 0.0281152 0.0324837 0.0372292 0.0423323 0.0477644 0.0534881 0.0594574 0.0656184 0.0719102 0.0782661 0.0846152 0.0908833 0.096995 0.102875 0.108449 0.113647 0.118402 0.122653 0.126346 0.129434 0.131877 0.133645 0.134714 0.135072 0.134713 0.133643 0.131876 0.129433 0.126347 0.122656 0.118409 0.113659 0.108468 0.102903 0.0970329 0.0909329 0.0846778 0.0783427 0.0720013 0.0657244 0.0595782 0.053623 0.0479122 0.0424914 0.0373977 0.0326593 0.0282954 0.0243166 0.0207253 0.0175163 0.014678 0.0121929 0.0100393 0.00819216 0.00662428 0.00530725 0.00421251 0.00331211 0.0025794 0.00198948 0.00151961 0.00114937 0.000860801 0.000638328 0.000468703 0.000340825 0.000245546 0.000175454 0.000124649 8.85291e-05 6.36047e-05 4.73269e-05 3.79699e-05 
4.48449e-05 4.75161e-05 5.76256e-05 7.63594e-05 0.000105791 0.000149019 0.000210327 0.000295395 0.000411532 0.00056794 0.000775984 0.00104946 0.00140481 0.00186134 0.00244129 0.00316983 0.00407495 0.0051871 0.00653877 0.00816376 0.0100964 0.0123704 0.0150179 0.0180677 0.0215445 0.0254672 0.0298474 0.0346888 0.0399855 0.045722 0.0518722 0.0583994 0.0652567 0.0723877 0.0797269 0.0872013 0.094732 0.102235 0.109625 0.116813 0.123713 0.130242 0.136318 0.141867 0.14682 0.151118 0.154707 0.157543 0.159593 0.160832 0.161245 0.160827 0.159584 0.15753 0.154691 0.1511 0.146802 0.14185 0.136304 0.130233 0.123712 0.116822 0.109645 0.102269 0.0947814 0.0872674 0.0798105 0.0724891 0.0653758 0.0585352 0.0520234 0.0458867 0.0401613 0.034873 0.0300371 0.0256593 0.021736 0.0182556 0.0151996 0.0125436 0.0102591 0.00831444 0.00667639 0.00531109 0.00418514 0.00326645 0.00252487 0.00193269 0.00146491 0.00109941 0.000816952 0.000601084 0.000437971 0.00031617 0.000226375 0.000161156 0.000114705 8.26016e-05 6.16134e-05 4.95477e-05 
5.80695e-05 6.15384e-05 7.45447e-05 9.85912e-05 0.000136299 0.000191572 0.000269802 0.000378109 0.00052563 0.00072383 0.000986815 0.00133164 0.00177855 0.0023512 0.00307673 0.00398567 0.00511178 0.00649159 0.00816376 0.0101682 0.0125452 0.0153337 0.0185703 0.0222875 0.0265121 0.0312637 0.0365531 0.0423811 0.0487375 0.0556001 0.0629349 0.0706954 0.0788238 0.0872514 0.0958997 0.104682 0.113507 0.122276 0.130889 0.139248 0.147254 0.154813 0.161833 0.168234 0.173938 0.17888 0.183001 0.186255 0.188605 0.190024 0.190495 0.190015 0.188587 0.18623 0.182968 0.178841 0.173895 0.168189 0.161789 0.154771 0.147218 0.139221 0.130873 0.122273 0.113521 0.104715 0.0959521 0.0873247 0.0789185 0.070811 0.0630704 0.0557538 0.048907 0.0425636 0.0367454 0.0314624 0.0267136 0.0224883 0.0187671 0.0155236 0.0127256 0.010337 0.00831939 0.00663303 0.0052385 0.00409762 0.00317426 0.00243501 0.00184958 0.00139102 0.00103579 0.000763655 0.000557554 0.000403307 0.000289349 0.000206413 0.000147235 0.000106272 7.94632e-05 6.40499e-05 
7.44915e-05 7.89513e-05 9.55253e-05 0.000126099 0.000173953 0.000243963 0.000342844 0.000479438 0.000665059 0.000913849 0.00124315 0.00167382 0.00223057 0.00294208 0.00384111 0.00496433 0.00635204 0.00804755 0.0100964 0.0125452 0.0154404 0.0188266 0.022745 0.0272312 0.0323139 0.0380126 0.0443362 0.0512815 0.0588323 0.0669584 0.0756161 0.0847474 0.0942817 0.104136 0.114219 0.124428 0.134656 0.144791 0.154721 0.164333 0.173517 0.182168 0.190188 0.197485 0.203977 0.209593 0.214271 0.217961 0.220623 0.222228 0.222761 0.222214 0.220595 0.217921 0.21422 0.209531 0.203907 0.197409 0.190108 0.182089 0.173441 0.164263 0.154661 0.144745 0.134626 0.124418 0.114231 0.104173 0.0943429 0.0848338 0.0757272 0.0670929 0.0589878 0.0514554 0.044525 0.0382126 0.0325211 0.0274415 0.0229543 0.0190315 0.0156374 0.0127317 0.0102701 0.00820692 0.00649606 0.00509258 0.00395367 0.00303948 0.00231365 0.00174371 0.0013011 0.000961233 0.000703231 0.00050971 0.000366427 0.000261938 0.000187244 0.000135461 0.000101535 8.20273e-05 
9.46722e-05 0.000100349 0.000121271 0.00015978 0.000219943 0.000307793 0.00043161 0.000602276 0.00083366 0.00114304 0.00155153 0.00208442 0.00277153 0.00364731 0.0047509 0.00612591 0.00781993 0.00988376 0.0123704 0.0153337 0.0188266 0.0228994 0.0275976 0.0329599 0.0390158 0.0457838 0.0532696 0.0614647 0.0703451 0.0798711 0.0899869 0.100622 0.11169 0.123094 0.134725 0.146466 0.158194 0.169782 0.181105 0.192035 0.202454 0.212244 0.221301 0.229525 0.236829 0.243138 0.248386 0.252521 0.255501 0.257296 0.257891 0.257278 0.255463 0.252466 0.248315 0.243052 0.23673 0.229415 0.221183 0.212123 0.202332 0.191918 0.180995 0.169685 0.158113 0.146406 0.134688 0.123084 0.111708 0.100669 0.0900644 0.0799773 0.0704783 0.0616222 0.053448 0.0459789 0.0392233 0.0331753 0.0278162 0.0231167 0.0190386 0.0155368 0.0125618 0.0100611 0.0079817 0.0062712 0.00487943 0.00375932 0.00286772 0.00216585 0.00161945 0.00119888 0.00087887 0.000638299 0.000459797 0.000329361 0.000235947 0.000171087 0.000128546 0.000104082 
0.000119214 0.000126371 0.000152534 0.000200589 0.000275529 0.000384747 0.000538363 0.000749635 0.00103541 0.00141661 0.00191867 0.00257198 0.00341216 0.00448021 0.00582244 0.00749014 0.00953895 0.0120278 0.0150179 0.0185703 0.022745 0.0275976 0.0331779 0.0395266 0.0466733 0.0546344 0.0634109 0.072987 0.0833292 0.0943861 0.106088 0.11835 0.131069 0.144131 0.15741 0.170773 0.184079 0.197188 0.209958 0.222254 0.233942 0.244899 0.255012 0.264177 0.272302 0.279308 0.285127 0.289707 0.293005 0.29499 0.295646 0.294966 0.292957 0.289637 0.285036 0.279196 0.272172 0.264032 0.254855 0.244734 0.233772 0.222084 0.209794 0.197034 0.18394 0.170654 0.157317 0.144066 0.131036 0.11835 0.106123 0.0944549 0.0834311 0.0731196 0.0635709 0.0548177 0.0468751 0.0397418 0.0334013 0.027824 0.0229694 0.0187884 0.0152259 0.0122228 0.00971856 0.00765291 0.00596762 0.0046077 0.00352242 0.00266592 0.00199751 0.00148178 0.00108846 0.000792106 0.000571741 0.00041039 0.000294624 0.00021412 0.000161262 0.00013086 
0.000148751 0.000157686 0.000190103 0.00024952 0.000342015 0.00047656 0.000665411 0.000924576 0.00127433 0.00173975 0.00235123 0.00314491 0.00416295 0.00545367 0.00707133 0.00907567 0.0115311 0.0145052 0.0180677 0.0222875 0.0272312 0.0329599 0.0395266 0.0469734 0.0553289 0.0646056 0.0747981 0.0858816 0.0978111 0.110521 0.123927 0.137926 0.152397 0.167208 0.182216 0.197267 0.212208 0.226881 0.241133 0.254816 0.267787 0.279916 0.291084 0.301183 0.310119 0.31781 0.324191 0.329206 0.332813 0.334983 0.335699 0.334954 0.332756 0.329122 0.32408 0.317675 0.30996 0.301004 0.290888 0.279707 0.267568 0.254593 0.240912 0.226668 0.212007 0.197086 0.182059 0.167081 0.152303 0.137869 0.123909 0.110543 0.0978724 0.0859804 0.0749314 0.0647692 0.055518 0.0471825 0.0397497 0.0331911 0.0274649 0.0225183 0.0182908 0.0147169 0.0117282 0.00925602 0.0072336 0.00559731 0.00428809 0.00325224 0.00244187 0.00181511 0.001336 0.000974193 0.000704582 0.000506775 0.000364593 0.000265567 0.00020048 0.000163035 
0.000183928 0.000194977 0.000234777 0.000307579 0.000420709 0.000584963 0.000815047 0.00113011 0.00155433 0.0021175 0.0028556 0.00381119 0.00503376 0.00657966 0.00851188 0.0108993 0.0138157 0.017338 0.0215445 0.0265121 0.0323139 0.0390158 0.0466733 0.0553289 0.0650084 0.075719 0.0874468 0.100156 0.113787 0.12826 0.143472 0.1593 0.175605 0.192235 0.209027 0.225812 0.242418 0.258674 0.274414 0.289479 0.303721 0.317003 0.329202 0.340208 0.349927 0.358277 0.365194 0.370623 0.374524 0.37687 0.377643 0.376837 0.37446 0.370527 0.365067 0.35812 0.349742 0.339997 0.328969 0.316751 0.303455 0.289204 0.274135 0.258398 0.242152 0.225563 0.208802 0.192039 0.175444 0.159178 0.143393 0.128226 0.113799 0.100212 0.0875445 0.0758548 0.0651773 0.0555251 0.0468904 0.0392471 0.0325529 0.0267525 0.0217806 0.0175649 0.0140295 0.011097 0.00869138 0.00673989 0.00517442 0.00393268 0.00295885 0.00220386 0.00162538 0.00118756 0.000860609 0.000620252 0.000447173 0.000326444 0.000247007 0.000201298 
0.000225388 0.000238924 0.000287348 0.00037575 0.000512887 0.000711628 0.000989461 0.00136909 0.00187909 0.00255454 0.00343763 0.00457807 0.00603337 0.00786868 0.0101564 0.0129753 0.0164089 0.0205438 0.0254672 0.0312637 0.0380126 0.0457838 0.0546344 0.0646056 0.075719 0.0879742 0.101347 0.115788 0.131222 0.14755 0.16465 0.182379 0.200577 0.219071 0.237678 0.256212 0.274486 0.292314 0.30952 0.325937 0.341411 0.355802 0.368985 0.38085 0.391305 0.400272 0.407686 0.413499 0.417671 0.420178 0.421003 0.420142 0.4176 0.413392 0.407545 0.400097 0.391098 0.380612 0.368719 0.355512 0.341101 0.325612 0.309186 0.291978 0.274155 0.255894 0.237381 0.218801 0.200343 0.182186 0.164503 0.147453 0.131175 0.115792 0.101401 0.0880738 0.0758598 0.0647817 0.0548391 0.0460097 0.0382523 0.03151 0.0257134 0.020784 0.0166381 0.0131895 0.0103529 0.00804565 0.00618997 0.00471431 0.00355418 0.00265261 0.00196023 0.00143503 0.001042 0.000752486 0.000543638 0.000397738 0.000301636 0.000246327 
0.000273742 0.000290171 0.000348563 0.000454961 0.000619735 0.000858093 0.00119065 0.00164409 0.00225187 0.00305496 0.00410238 0.00545167 0.00716906 0.0093292 0.0120146 0.0153142 0.019322 0.0241344 0.0298474 0.0365531 0.0443362 0.0532696 0.0634109 0.0747981 0.0874468 0.101347 0.116462 0.132725 0.150045 0.168302 0.18735 0.207027 0.22715 0.247524 0.267949 0.28822 0.308133 0.327495 0.346117 0.363828 0.380469 0.3959 0.409996 0.422652 0.433779 0.443303 0.451165 0.457319 0.461733 0.464383 0.465255 0.464345 0.461658 0.457206 0.451014 0.443115 0.433555 0.422393 0.409704 0.395577 0.38012 0.363458 0.345732 0.327101 0.30774 0.287834 0.26758 0.247181 0.22684 0.206758 0.187129 0.168133 0.149933 0.13267 0.116463 0.101402 0.0875516 0.0749468 0.0635964 0.0534842 0.0445716 0.0368012 0.0301005 0.0243854 0.0195649 0.015544 0.0122276 0.0095228 0.0073418 0.00560308 0.00423279 0.00316538 0.00234374 0.00171913 0.00125072 0.000905002 0.000655166 0.000480371 0.000365117 0.00029877 
0.000329546 0.000349303 0.000419096 0.000546035 0.000742294 0.00102569 0.00142032 0.00195726 0.00267538 0.00362206 0.00485381 0.00643664 0.00844616 0.0109671 0.0140927 0.0179226 0.0225613 0.0281152 0.0346888 0.0423811 0.0512815 0.0614647 0.072987 0.0858816 0.100156 0.115788 0.132725 0.150885 0.170153 0.190387 0.211421 0.233067 0.255119 0.277362 0.299577 0.32154 0.343038 0.363864 0.383824 0.402742 0.420461 0.436839 0.451759 0.465119 0.476836 0.486844 0.495092 0.501539 0.506157 0.508928 0.50984 0.50889 0.506081 0.501423 0.494937 0.48665 0.476602 0.464846 0.451448 0.436493 0.420082 0.402336 0.383395 0.363419 0.342586 0.32109 0.299138 0.276945 0.254732 0.23272 0.211122 0.190143 0.169968 0.150763 0.132667 0.115791 0.100217 0.0859955 0.0731465 0.0616617 0.0515072 0.0426265 0.034945 0.0283741 0.0228158 0.0181665 0.0143213 0.011177 0.00863499 0.00660343 0.00499848 0.00374533 0.00277853 0.00204196 0.00148843 0.0010791 0.000782783 0.00057516 0.000438118 0.000359209 
0.000393269 0.000416815 0.00049951 0.000649649 0.000881405 0.00121547 0.00167976 0.0023102 0.00315152 0.0042581 0.0056945 0.00753581 0.0098676 0.0127853 0.0163931 0.0208019 0.0261267 0.0324837 0.0399855 0.0487375 0.0588323 0.0703451 0.0833292 0.0978111 0.113787 0.131222 0.150045 0.170153 0.191409 0.213647 0.236676 0.260283 0.28424 0.308312 0.332258 0.355843 0.378839 0.401033 0.422227 0.442243 0.460925 0.47814 0.493773 0.507733 0.519947 0.530355 0.538917 0.545599 0.550381 0.553248 0.554192 0.55321 0.550306 0.545485 0.538763 0.530161 0.519711 0.507456 0.493454 0.47778 0.460527 0.441809 0.421763 0.400546 0.378337 0.355335 0.331754 0.307823 0.283778 0.259857 0.236297 0.213324 0.191148 0.169959 0.14992 0.131166 0.113798 0.0978831 0.0834559 0.0705183 0.0590426 0.0489752 0.0402408 0.0327472 0.0263902 0.021058 0.0166361 0.0130106 0.0100722 0.00771799 0.00585366 0.00439459 0.0032664 0.00240502 0.00175638 0.0012758 0.000927302 0.000682764 0.000521191 0.000428133 
0.000465263 0.000493073 0.000590215 0.000766283 0.00103764 0.00142812 0.0019698 0.00270383 0.00368131 0.0049641 0.00662537 0.00874982 0.0114335 0.014783 0.0189137 0.023948 0.0300113 0.0372292 0.045722 0.0556001 0.0669584 0.0798711 0.0943861 0.110521 0.12826 0.14755 0.168302 0.190387 0.213647 0.237889 0.262895 0.288429 0.314239 0.340069 0.365662 0.390769 0.415153 0.438594 0.460893 0.481876 0.501391 0.519311 0.535534 0.549979 0.562582 0.573298 0.582095 0.58895 0.593849 0.596785 0.597753 0.59675 0.593779 0.588842 0.581949 0.573112 0.562353 0.549706 0.535217 0.518948 0.500983 0.481427 0.460407 0.438075 0.41461 0.390212 0.365101 0.339515 0.313705 0.287927 0.262437 0.237485 0.213306 0.190117 0.168105 0.147429 0.128213 0.110545 0.0944736 0.0800143 0.0671478 0.0558251 0.045972 0.0374938 0.030281 0.0242142 0.0191695 0.0150228 0.0116533 0.00894718 0.00679906 0.00511403 0.00380825 0.00280916 0.00205531 0.00149573 0.00108926 0.000803641 0.000614733 0.000505905 
0.000545728 0.000578287 0.000691434 0.000896175 0.00121124 0.00166387 0.00229061 0.00313824 0.00426464 0.00573963 0.00764544 0.0100769 0.0131409 0.0169554 0.0216476 0.0273507 0.0342009 0.0423323 0.0518722 0.0629349 0.0756161 0.0899869 0.106088 0.123927 0.143472 0.16465 0.18735 0.211421 0.236676 0.262895 0.289836 0.317234 0.344818 0.372311 0.39944 0.425945 0.451582 0.476128 0.499387 0.521188 0.541389 0.559874 0.576552 0.591355 0.604235 0.61516 0.624109 0.631071 0.636041 0.639018 0.64 0.638987 0.635979 0.630975 0.623977 0.614989 0.604022 0.591097 0.576247 0.55952 0.540986 0.520737 0.49889 0.475591 0.451011 0.425349 0.398831 0.3717 0.344219 0.31666 0.289301 0.262412 0.236255 0.211072 0.187079 0.16446 0.143362 0.123897 0.106131 0.0900944 0.0757789 0.0631422 0.0521125 0.0425942 0.0344737 0.0276246 0.0219144 0.0172085 0.0133752 0.010289 0.00783352 0.00590306 0.00440383 0.00325436 0.00238532 0.00173907 0.00126886 0.000937997 0.000718949 0.000592724 
0.000634687 0.000672476 0.000803164 0.00103927 0.00140208 0.00192245 0.00264171 0.0036126 0.00490017 0.00658261 0.00875164 0.0115125 0.0149834 0.0192938 0.0245823 0.0309936 0.0386735 0.0477644 0.0583994 0.0706954 0.0847474 0.100622 0.11835 0.137926 0.1593 0.182379 0.207027 0.233067 0.260283 0.288429 0.317234 0.346412 0.375666 0.404702 0.433235 0.460995 0.487732 0.513226 0.537284 0.559744 0.580474 0.599373 0.616365 0.631398 0.644439 0.655472 0.664489 0.671492 0.676484 0.679473 0.68046 0.679447 0.676432 0.671411 0.664376 0.655323 0.64425 0.631165 0.616083 0.59904 0.580087 0.559303 0.53679 0.512683 0.487146 0.460373 0.432589 0.404044 0.37501 0.345772 0.316627 0.287869 0.259783 0.232638 0.206678 0.182116 0.159124 0.137836 0.118342 0.100688 0.0848787 0.0708802 0.0586257 0.0480199 0.0389462 0.0312726 0.0248582 0.0195585 0.015231 0.0117387 0.00895378 0.00675946 0.0050517 0.00373968 0.00274585 0.00200547 0.00146592 0.00108575 0.000833812 0.000688597 
0.000731957 0.00077544 0.000925143 0.0011952 0.00160958 0.00220301 0.00302183 0.00412505 0.00558524 0.00748926 0.00993863 0.0130493 0.0169509 0.0217845 0.0277004 0.0348536 0.0433996 0.0534881 0.0652567 0.0788238 0.0942817 0.11169 0.131069 0.152397 0.175605 0.200577 0.22715 0.255119 0.28424 0.314239 0.344818 0.375666 0.406466 0.436909 0.466696 0.495551 0.523224 0.549497 0.574185 0.597138 0.618237 0.637398 0.654561 0.669694 0.682781 0.693822 0.702824 0.709803 0.714771 0.717743 0.718727 0.717725 0.714733 0.709741 0.702736 0.693702 0.682625 0.669495 0.654314 0.637097 0.617879 0.59672 0.573708 0.548962 0.522635 0.494916 0.466025 0.436214 0.405763 0.37497 0.344146 0.313607 0.283664 0.254612 0.226724 0.200239 0.17536 0.152245 0.131007 0.111711 0.0943768 0.0789817 0.0654648 0.0537333 0.043669 0.035135 0.027983 0.0220594 0.0172108 0.0132889 0.0101543 0.00767927 0.00574903 0.00426315 0.00313553 0.00229402 0.00167981 0.00124647 0.000959035 0.000793312 
0.000837124 0.000886738 0.00105683 0.00136322 0.00183273 0.00250407 0.00342888 0.00467266 0.00631574 0.00845393 0.0111988 0.0146771 0.0190299 0.02441 0.0309787 0.0389015 0.0483423 0.0594574 0.0723877 0.0872514 0.104136 0.123094 0.144131 0.167208 0.192235 0.219071 0.247524 0.277362 0.308312 0.340069 0.372311 0.404702 0.436909 0.468605 0.499484 0.529266 0.557703 0.584582 0.609729 0.633007 0.654316 0.673589 0.690786 0.705894 0.718917 0.72987 0.73878 0.745672 0.750572 0.753502 0.754474 0.753491 0.750549 0.745633 0.73872 0.729785 0.718799 0.705736 0.690582 0.673331 0.653999 0.632626 0.609282 0.584069 0.557126 0.528632 0.498802 0.467887 0.43617 0.403959 0.371582 0.339372 0.307665 0.276781 0.247023 0.218659 0.19192 0.166991 0.144011 0.123066 0.104191 0.0873783 0.0725737 0.0596888 0.0486052 0.0391825 0.031266 0.0246932 0.0193007 0.014929 0.0114274 0.00865671 0.0064916 0.00482173 0.00355217 0.00260316 0.00190944 0.00141939 0.00109404 0.000906411 
0.000949531 0.00100567 0.00119737 0.00154223 0.00206998 0.00282354 0.00385994 0.00525138 0.00708615 0.00946915 0.0125221 0.0163827 0.0212033 0.0271481 0.0343892 0.0431018 0.0534577 0.0656184 0.0797269 0.0958997 0.114219 0.134725 0.15741 0.182216 0.209027 0.237678 0.267949 0.299577 0.332258 0.365662 0.39944 0.433235 0.466696 0.499484 0.531287 0.561824 0.590851 0.618164 0.643601 0.667043 0.688409 0.707651 0.724752 0.739718 0.752574 0.763353 0.772098 0.778848 0.783641 0.786504 0.787456 0.786502 0.783634 0.778834 0.772071 0.763307 0.7525 0.739609 0.724598 0.707444 0.688142 0.666709 0.643195 0.617684 0.590299 0.561204 0.530607 0.498755 0.465933 0.432456 0.398663 0.364908 0.331546 0.298925 0.267375 0.237193 0.208641 0.181933 0.157231 0.134645 0.114231 0.0959923 0.0798875 0.0658327 0.0537111 0.0433799 0.0346789 0.0274378 0.0214834 0.0166458 0.0127629 0.00968419 0.00727375 0.00541124 0.00399276 0.00293071 0.00215323 0.00160335 0.00123796 0.00102718 
0.00106827 0.00113127 0.00134561 0.00173072 0.00231933 0.00315864 0.00431121 0.00585606 0.00788951 0.0105257 0.0138963 0.0181501 0.0234504 0.0299725 0.0378989 0.0474137 0.0586956 0.0719102 0.0872013 0.104682 0.124428 0.146466 0.170773 0.197267 0.225812 0.256212 0.28822 0.32154 0.355843 0.390769 0.425945 0.460995 0.495551 0.529266 0.561824 0.592945 0.622392 0.649972 0.67554 0.698995 0.720275 0.739356 0.756243 0.770963 0.783561 0.794089 0.802606 0.809166 0.813816 0.816593 0.817518 0.816599 0.813827 0.809178 0.802613 0.794084 0.783534 0.770906 0.756146 0.739208 0.720066 0.698717 0.675186 0.649538 0.621876 0.592351 0.561158 0.528539 0.494776 0.46019 0.425131 0.389966 0.355073 0.320825 0.287576 0.255657 0.225357 0.196918 0.170532 0.146332 0.124394 0.104738 0.0873337 0.0721047 0.0589368 0.0476864 0.0381889 0.0302669 0.0237385 0.0184233 0.0141484 0.0107523 0.00808844 0.00602644 0.00445341 0.00327382 0.0024091 0.00179679 0.00138959 0.00115463 
0.00119217 0.0012623 0.0015001 0.00192681 0.00257828 0.00350598 0.0047781 0.0064805 0.00871755 0.0116125 0.0153072 0.0199608 0.0257477 0.0328537 0.0414709 0.0517916 0.0640004 0.0782661 0.094732 0.113507 0.134656 0.158194 0.184079 0.212208 0.242418 0.274486 0.308133 0.343038 0.378839 0.415153 0.451582 0.487732 0.523224 0.557703 0.590851 0.622392 0.652098 0.679791 0.705343 0.728673 0.749742 0.768547 0.785117 0.7995 0.811763 0.821976 0.830213 0.836542 0.841021 0.843693 0.844586 0.843709 0.84105 0.836581 0.830255 0.822014 0.811786 0.7995 0.78508 0.768462 0.749597 0.728458 0.705049 0.679411 0.651629 0.621835 0.590211 0.556989 0.522449 0.486914 0.45074 0.414311 0.37802 0.342265 0.307427 0.273864 0.241895 0.211794 0.183778 0.158006 0.134575 0.113523 0.0948338 0.0784384 0.0642272 0.0520567 0.0417591 0.033151 0.0260423 0.0202429 0.0155695 0.0118501 0.00892726 0.00666103 0.00492943 0.00362901 0.00267446 0.0019978 0.00154744 0.00128751 
0.00131985 0.00139729 0.00165906 0.00212829 0.00284386 0.0038616 0.00525527 0.00711754 0.00956076 0.0127172 0.0167385 0.0217941 0.028069 0.0357587 0.0450645 0.0561859 0.0693126 0.0846152 0.102235 0.122276 0.144791 0.169782 0.197188 0.226881 0.258674 0.292314 0.327495 0.363864 0.401033 0.438594 0.476128 0.513226 0.549497 0.584582 0.618164 0.649972 0.679791 0.707458 0.732865 0.75595 0.776699 0.795132 0.8113 0.825274 0.837139 0.846986 0.854902 0.860969 0.865255 0.86781 0.868667 0.867835 0.865302 0.861034 0.854979 0.847066 0.837213 0.82533 0.811325 0.795113 0.776623 0.755804 0.732637 0.707141 0.679378 0.649461 0.617559 0.583891 0.548732 0.512404 0.475269 0.437722 0.400173 0.36304 0.326731 0.29163 0.258088 0.226405 0.196827 0.16954 0.144663 0.122252 0.102305 0.0847635 0.069523 0.0564415 0.0453491 0.0360573 0.0283686 0.0220839 0.0170101 0.0129648 0.00978064 0.00730776 0.00541539 0.00399225 0.00294632 0.00220409 0.00170972 0.00142432 
