0.0025071 0.00253163 0.00261162 0.00274782 0.00294115 0.00319288 0.00350458 0.00387807 0.00431541 0.0048188 0.00539055 0.006033 0.00674845 0.00753905 0.00840679 0.00935333 0.01038 0.0114876 0.0126765 0.0139465 0.0152964 0.0167247 0.0182287 0.0198052 0.0214499 0.0231576 0.0249223 0.0267371 0.028594 0.0304844 0.0323988 0.034327 0.0362581 0.0381807 0.0400829 0.0419525 0.043777 0.045544 0.0472409 0.0488555 0.0503758 0.0517903 0.0530883 0.0542596 0.055295 0.0561861 0.0569259 0.0575084 0.0579287 0.0581834 0.0582705 0.0581893 0.0579405 0.0575261 0.0569496 0.0562157 0.0553304 0.0543008 0.0531353 0.051843 0.050434 0.0489192 0.04731 0.0456183 0.0438564 0.0420367 0.0401716 0.0382737 0.036355 0.0344274 0.0325024 0.0305908 0.0287027 0.0268477 0.0250343 0.0232705 0.0215631 0.0199182 0.018341 0.0168357 0.0154056 0.0140534 0.0127807 0.0115885 0.0104772 0.00944641 0.00849536 0.00762276 0.00682696 0.00610603 0.00545784 0.00488012 0.00437057 0.00392691 0.00354697 0.00322871 0.00297034 0.00277032 0.00262739 0.00254081 
0.00253163 0.00255641 0.0026372 0.00277475 0.00296998 0.00322417 0.0035389 0.00391602 0.00435759 0.00486585 0.0054431 0.00609172 0.00681399 0.00761212 0.00848808 0.00944355 0.0104799 0.0115978 0.0127978 0.0140795 0.0154419 0.0168832 0.018401 0.0199918 0.0216513 0.0233743 0.0251548 0.0269856 0.0288589 0.0307659 0.032697 0.0346419 0.0365897 0.0385288 0.0404473 0.0423328 0.0441728 0.0459546 0.0476658 0.0492938 0.0508268 0.0522531 0.0535618 0.0547428 0.0557866 0.0566851 0.0574309 0.0580181 0.0584418 0.0586986 0.0587864 0.0587044 0.0584535 0.0580357 0.0574544 0.0567144 0.0558218 0.0547837 0.0536085 0.0523054 0.0508847 0.0493572 0.0477345 0.0460286 0.0442517 0.0424166 0.0405356 0.0386214 0.0366863 0.0347421 0.0328003 0.030872 0.0289674 0.027096 0.0252666 0.0234871 0.0217644 0.0201047 0.0185133 0.0169943 0.0155512 0.0141865 0.0129021 0.0116989 0.0105772 0.00953682 0.00857685 0.00769603 0.00689271 0.00616495 0.00551059 0.00492736 0.00441294 0.00396503 0.00358144 0.00326013 0.00299928 0.00279733 0.00265303 0.00256564 
0.00261162 0.0026372 0.00272045 0.00286214 0.0030632 0.00332496 0.00364902 0.00403726 0.0044918 0.0050149 0.00560894 0.00627631 0.00701937 0.00784032 0.00874117 0.00972363 0.010789 0.0119382 0.0131714 0.0144884 0.015888 0.0173685 0.0189271 0.0205605 0.0222641 0.0240327 0.0258598 0.0277383 0.0296601 0.0316161 0.0335966 0.0355909 0.0375878 0.0395756 0.0415418 0.0434741 0.0453594 0.047185 0.0489379 0.0506055 0.0521755 0.0536362 0.0549763 0.0561855 0.0572542 0.058174 0.0589374 0.0595384 0.059972 0.0602348 0.0603245 0.0602405 0.0599835 0.0595556 0.0589603 0.0582026 0.0572885 0.0562255 0.0550219 0.0536874 0.0522323 0.0506677 0.0490054 0.0472576 0.0454371 0.0435566 0.0416289 0.0396669 0.0376832 0.0356899 0.0336989 0.0317214 0.0297678 0.027848 0.025971 0.0241449 0.0223769 0.0206732 0.0190392 0.0174794 0.0159973 0.0145955 0.0132759 0.0120395 0.0108868 0.00981734 0.00883042 0.00792474 0.00709862 0.0063501 0.00567698 0.00507695 0.00454765 0.00408674 0.00369198 0.0033613 0.00309282 0.00288497 0.00273647 0.00264655 
0.00274782 0.00277475 0.00286214 0.00301078 0.00322166 0.00349613 0.00383585 0.00424278 0.00471909 0.00526712 0.00588932 0.00658815 0.00736602 0.00822521 0.00916776 0.0101954 0.0113094 0.0125107 0.0137995 0.0151754 0.0166372 0.018183 0.0198099 0.0215143 0.0232915 0.0251358 0.0270407 0.0289987 0.0310011 0.0330387 0.0351011 0.0371775 0.0392561 0.0413246 0.0433703 0.0453802 0.0473408 0.0492389 0.0510611 0.0527943 0.0544259 0.0559435 0.0573356 0.0585916 0.0597015 0.0606566 0.0614493 0.0620732 0.0625233 0.0627959 0.0628888 0.0628014 0.0625342 0.0620897 0.0614712 0.060684 0.0597344 0.05863 0.0573795 0.0559928 0.0544806 0.0528544 0.0511264 0.0493094 0.0474163 0.0454604 0.0434552 0.0414139 0.0393494 0.0372746 0.0352017 0.0331423 0.0311073 0.0291071 0.0271508 0.0252471 0.0234035 0.0216264 0.0199217 0.0182938 0.0167465 0.0152828 0.0139044 0.0126126 0.0114078 0.0102898 0.00925777 0.00831045 0.00744614 0.0066628 0.00595822 0.00533002 0.00477575 0.00429302 0.0038795 0.00353307 0.00325179 0.00303403 0.00287846 0.00278429 
0.00294115 0.00296998 0.0030632 0.00322166 0.00344638 0.00373876 0.00410057 0.00453382 0.0050408 0.00562394 0.00628579 0.0070289 0.00785577 0.00876875 0.00976993 0.0108611 0.0120435 0.0133181 0.0146849 0.0161434 0.0176925 0.0193299 0.0210526 0.0228566 0.0247368 0.0266874 0.0287013 0.0307704 0.0328858 0.0350375 0.0372148 0.039406 0.0415988 0.0437802 0.045937 0.0480553 0.0501212 0.0521206 0.0540396 0.0558645 0.0575819 0.059179 0.0606438 0.0619651 0.0631325 0.0641369 0.0649704 0.0656263 0.0660993 0.0663857 0.0664831 0.0663908 0.0661096 0.0656417 0.064991 0.0641627 0.0631634 0.0620012 0.0606852 0.0592256 0.0576337 0.0559215 0.0541018 0.0521879 0.0501935 0.0481324 0.0460188 0.0438665 0.0416892 0.0395003 0.0373128 0.0351388 0.0329899 0.0308769 0.0288097 0.0267973 0.0248477 0.0229679 0.0211638 0.0194404 0.0178018 0.016251 0.0147901 0.0134205 0.0121426 0.0109564 0.00986094 0.00885508 0.00793703 0.00710473 0.00635587 0.00568799 0.00509857 0.00458509 0.00414516 0.00377653 0.00347721 0.00324547 0.00307994 0.00297979 
0.00319288 0.00322417 0.00332496 0.00349613 0.00373876 0.00405436 0.00444475 0.00491209 0.00545876 0.00608733 0.00680047 0.00760084 0.00849107 0.00947357 0.0105505 0.0117237 0.0129945 0.0143636 0.0158311 0.0173964 0.019058 0.0208135 0.0226596 0.0245919 0.026605 0.0286924 0.0308465 0.0330587 0.0353195 0.037618 0.0399429 0.0422817 0.0446213 0.0469479 0.0492473 0.0515049 0.0537059 0.0558355 0.0578787 0.0598211 0.0616487 0.0633479 0.0649059 0.0663109 0.0675521 0.0686198 0.0695055 0.0702024 0.0707049 0.0710089 0.071112 0.0710135 0.0707142 0.0702165 0.0695243 0.0686433 0.0675804 0.0663441 0.064944 0.063391 0.0616968 0.0598743 0.0579368 0.0558986 0.053774 0.0515778 0.0493249 0.0470301 0.0447078 0.0423724 0.0400374 0.0377161 0.0354207 0.0331627 0.0309527 0.0288004 0.0267143 0.024702 0.0227699 0.0209235 0.0191671 0.017504 0.0159367 0.0144666 0.0130944 0.01182 0.0106427 0.00956121 0.00857372 0.00767811 0.00687199 0.0061528 0.00551789 0.00496464 0.00449051 0.00409316 0.00377047 0.00352065 0.00334222 0.00323432 
0.00350458 0.0035389 0.00364902 0.00383585 0.00410057 0.00444475 0.00487036 0.00537967 0.00597521 0.0066597 0.00743595 0.00830678 0.00927492 0.0103429 0.011513 0.012787 0.0141662 0.0156514 0.0172426 0.0189388 0.0207385 0.0226389 0.0246363 0.0267258 0.0289016 0.0311565 0.0334824 0.0358698 0.0383083 0.0407865 0.0432919 0.0458111 0.04833 0.0508339 0.0533076 0.0557353 0.0581013 0.0603896 0.0625844 0.0646703 0.0666323 0.0684559 0.0701275 0.0716347 0.0729657 0.0741105 0.07506 0.0758068 0.0763451 0.0766706 0.0767808 0.0766747 0.0763533 0.0758192 0.0750765 0.0741313 0.0729909 0.0716642 0.0701616 0.0684946 0.0666757 0.0647185 0.0626375 0.0604475 0.0581641 0.055803 0.05338 0.0509111 0.0484117 0.0458971 0.043382 0.0408805 0.0384058 0.0359704 0.0335856 0.031262 0.0290088 0.0268343 0.0247454 0.0227481 0.0208472 0.0190464 0.0173485 0.0157551 0.014267 0.0128844 0.0116065 0.010432 0.00935915 0.00838569 0.00750915 0.00672682 0.00603593 0.00543371 0.00491749 0.00448477 0.00413331 0.0038612 0.00366689 0.00354946 
0.00387807 0.00391602 0.00403726 0.00424278 0.00453382 0.00491209 0.00537967 0.00593899 0.00659275 0.00734384 0.00819524 0.00914994 0.0102108 0.0113805 0.0126613 0.0140551 0.0155633 0.0171864 0.0189244 0.0207761 0.0227396 0.0248118 0.0269886 0.0292645 0.0316331 0.0340865 0.0366156 0.0392103 0.0418593 0.0445498 0.0472686 0.050001 0.0527319 0.0554453 0.0581247 0.0607533 0.0633139 0.0657895 0.0681632 0.0704182 0.0725386 0.0745088 0.0763144 0.0779419 0.0793789 0.0806144 0.081639 0.0824447 0.0830252 0.083376 0.0834944 0.0833794 0.083032 0.082455 0.0816529 0.080632 0.0794002 0.0779671 0.0763437 0.0745423 0.0725764 0.0704605 0.0682101 0.0658411 0.0633703 0.0608145 0.0581908 0.0555162 0.0528076 0.0500813 0.0473533 0.0446387 0.041952 0.0393067 0.0367151 0.0341887 0.0317376 0.0293707 0.027096 0.0249198 0.0228475 0.0208834 0.0190304 0.0172906 0.015665 0.0141537 0.0127562 0.0114712 0.0102967 0.00923065 0.00827028 0.00741279 0.00665525 0.00599471 0.00542834 0.00495348 0.00456774 0.00426908 0.00405585 0.00392705 
0.00431541 0.00435759 0.0044918 0.00471909 0.0050408 0.00545876 0.00597521 0.00659275 0.00731427 0.00814285 0.00908167 0.0101339 0.0113025 0.0125904 0.0139998 0.0155328 0.0171906 0.0189738 0.020882 0.0229139 0.0250673 0.0273385 0.029723 0.0322146 0.0348062 0.037489 0.0402532 0.0430875 0.0459794 0.0489152 0.0518803 0.0548587 0.0578341 0.0607889 0.0637054 0.0665653 0.0693501 0.0720414 0.0746209 0.0770706 0.0793733 0.0815122 0.0834718 0.0852376 0.0867964 0.0881363 0.0892471 0.0901204 0.0907494 0.0911293 0.0912571 0.0911319 0.0907546 0.0901283 0.0892578 0.0881499 0.0868131 0.0852577 0.0834954 0.0815395 0.0794044 0.0771059 0.0746606 0.0720856 0.069399 0.066619 0.063764 0.0608524 0.0579025 0.0549321 0.0519584 0.048998 0.0460665 0.0431786 0.0403481 0.0375872 0.0349072 0.0323179 0.029828 0.0274447 0.025174 0.0230205 0.0209878 0.0190782 0.0172929 0.0156324 0.0140961 0.0126826 0.0113902 0.0102165 0.00915866 0.00821377 0.00737869 0.0066503 0.00602557 0.00550165 0.00507601 0.00474644 0.00451117 0.00436915 
0.0048188 0.00486585 0.0050149 0.00526712 0.00562394 0.00608733 0.0066597 0.00734384 0.00814285 0.00906002 0.0100987 0.0112624 0.0125541 0.0139768 0.0155331 0.0172248 0.0190532 0.0210188 0.0231209 0.0253581 0.0277276 0.0302253 0.0328459 0.0355828 0.0384277 0.0413712 0.0444022 0.0475082 0.0506757 0.0538896 0.0571337 0.0603909 0.0636429 0.0668711 0.0700558 0.0731774 0.0762157 0.0791507 0.0819628 0.0846324 0.0871408 0.0894702 0.0916036 0.0935255 0.0952216 0.0966792 0.0978874 0.0988369 0.0995206 0.0999333 0.100072 0.0999349 0.099524 0.0988421 0.0978945 0.0966885 0.0952332 0.0935397 0.0916206 0.0894903 0.0871643 0.0846596 0.081994 0.0791862 0.0762557 0.0732222 0.0701056 0.0669259 0.0637029 0.060456 0.057204 0.053965 0.0507559 0.0475931 0.0444913 0.0414643 0.0385243 0.0356823 0.0329479 0.0303291 0.0278325 0.0254636 0.0232262 0.0211232 0.019156 0.0173253 0.0156306 0.0140706 0.0126435 0.0113469 0.0101777 0.00913297 0.00820928 0.00740331 0.00671184 0.00613182 0.00566052 0.00529559 0.00503512 0.00487797 
0.00539055 0.0054431 0.00560894 0.00588932 0.00628579 0.00680047 0.00743595 0.00819524 0.00908167 0.0100987 0.0112501 0.0125392 0.0139696 0.0155442 0.0172657 0.019136 0.0211563 0.0233268 0.0256469 0.0281145 0.0307265 0.0334783 0.0363637 0.0393754 0.0425042 0.0457394 0.0490689 0.052479 0.0559546 0.0594791 0.0630349 0.0666032 0.0701641 0.073697 0.0771809 0.080594 0.0839148 0.0871213 0.0901922 0.0931065 0.0958439 0.0983851 0.100712 0.102807 0.104656 0.106244 0.107561 0.108595 0.109339 0.109788 0.109939 0.109789 0.109341 0.108597 0.107564 0.106249 0.104662 0.102815 0.100721 0.0983971 0.0958587 0.0931245 0.0902138 0.0871469 0.0839447 0.0806286 0.0772204 0.0737418 0.0702142 0.0666588 0.0630961 0.0595458 0.0560267 0.0525563 0.0491512 0.0458264 0.0425953 0.0394703 0.0364618 0.0335789 0.0308291 0.0282183 0.0257511 0.0234308 0.0212592 0.0192371 0.0173642 0.0156394 0.0140607 0.0126256 0.0113311 0.0101737 0.00915013 0.00825668 0.00748993 0.00684661 0.00632381 0.00591897 0.00563005 0.00545584 
0.006033 0.00609172 0.00627631 0.00658815 0.0070289 0.00760084 0.00830678 0.00914994 0.0101339 0.0112624 0.0125392 0.0139683 0.0155531 0.0172969 0.0192022 0.0212711 0.0235047 0.0259031 0.0284651 0.0311886 0.0340697 0.0371031 0.0402821 0.0435982 0.0470412 0.0505993 0.054259 0.0580051 0.0618211 0.0656887 0.0695886 0.0735001 0.0774015 0.0812704 0.0850837 0.088818 0.0924495 0.0959548 0.0993104 0.102494 0.105483 0.108257 0.110796 0.113082 0.115098 0.11683 0.118265 0.119392 0.120203 0.120692 0.120855 0.120692 0.120202 0.119391 0.118263 0.116829 0.115097 0.113082 0.110797 0.108259 0.105488 0.102501 0.0993211 0.0959691 0.092468 0.088841 0.0851117 0.0813036 0.0774403 0.0735447 0.0696392 0.0657454 0.0618837 0.0580737 0.0543332 0.0506789 0.0471259 0.0436874 0.0403753 0.0371997 0.034169 0.0312899 0.0285677 0.026006 0.0236072 0.0213724 0.0193014 0.0173931 0.0156457 0.0140564 0.0126221 0.0113393 0.0102043 0.00921333 0.00836261 0.00764867 0.00706838 0.00661901 0.00629835 0.0061051 
0.00674845 0.00681399 0.00701937 0.00736602 0.00785577 0.00849107 0.00927492 0.0102108 0.0113025 0.0125541 0.0139696 0.0155531 0.0173083 0.0192386 0.0213466 0.0236344 0.0261029 0.028752 0.0315803 0.034585 0.0377618 0.0411047 0.0446058 0.0482559 0.0520434 0.0559553 0.0599766 0.0640906 0.0682789 0.0725216 0.0767974 0.0810837 0.0853569 0.0895923 0.093765 0.0978492 0.101819 0.10565 0.109315 0.112792 0.116054 0.119081 0.121851 0.124344 0.126543 0.128431 0.129994 0.131222 0.132106 0.132638 0.132815 0.132636 0.132102 0.131217 0.129988 0.128423 0.126534 0.124336 0.121843 0.119074 0.116048 0.112787 0.109314 0.105652 0.101825 0.0978591 0.0937798 0.0896125 0.0853828 0.0811158 0.0768359 0.0725667 0.0683306 0.0641489 0.0600413 0.0560263 0.0521203 0.0483382 0.0446931 0.0411962 0.037857 0.0346831 0.0316804 0.0288533 0.0262045 0.0237354 0.0214461 0.0193356 0.017402 0.0156427 0.0140542 0.0126329 0.0113749 0.0102761 0.00933256 0.00854056 0.00789672 0.0073981 0.00704234 0.00682804 
0.00753905 0.00761212 0.00784032 0.00822521 0.00876875 0.00947357 0.0103429 0.0113805 0.0125904 0.0139768 0.0155442 0.0172969 0.0192386 0.0213729 0.0237026 0.0262295 0.0289546 0.0318774 0.0349962 0.0383077 0.0418067 0.0454865 0.0493384 0.0533517 0.0575138 0.06181 0.066224 0.0707371 0.0753293 0.0799786 0.0846616 0.0893538 0.0940291 0.098661 0.103222 0.107684 0.11202 0.116202 0.120202 0.123994 0.127551 0.130851 0.13387 0.136586 0.13898 0.141036 0.142738 0.144075 0.145036 0.145615 0.145807 0.145612 0.14503 0.144066 0.142726 0.141021 0.138964 0.136568 0.133851 0.130832 0.127533 0.123977 0.120187 0.11619 0.112011 0.10768 0.103222 0.0986666 0.0940407 0.0893718 0.0846864 0.0800105 0.0753685 0.0707836 0.0662778 0.061871 0.0575815 0.0534259 0.0494185 0.0455719 0.0418967 0.0384015 0.035093 0.0319763 0.0290546 0.0263296 0.0238018 0.0214703 0.0193331 0.0173876 0.0156303 0.0140573 0.0126645 0.0114475 0.0104023 0.00952467 0.00881112 0.00825849 0.00786423 0.00762685 
0.00840679 0.00848808 0.00874117 0.00916776 0.00976993 0.0105505 0.011513 0.0126613 0.0139998 0.0155331 0.0172657 0.0192022 0.0213466 0.0237026 0.0262729 0.0290593 0.0320627 0.0352821 0.0387155 0.042359 0.0462066 0.0502507 0.0544814 0.058887 0.0634532 0.068164 0.0730011 0.0779441 0.0829709 0.0880576 0.0931784 0.0983066 0.103414 0.108471 0.113449 0.118316 0.123044 0.127601 0.131959 0.136089 0.139962 0.143553 0.146837 0.149792 0.152396 0.154631 0.156481 0.157934 0.158978 0.159606 0.159815 0.159602 0.158968 0.15792 0.156463 0.154609 0.15237 0.149764 0.146808 0.143522 0.139931 0.136058 0.13193 0.127574 0.123019 0.118296 0.113433 0.10846 0.103409 0.0983088 0.0931879 0.0880747 0.082996 0.0779773 0.0730424 0.0682134 0.0635104 0.0589516 0.0545531 0.0503287 0.0462903 0.0424475 0.0388081 0.0353777 0.0321602 0.0291578 0.0263712 0.0237997 0.0214415 0.0192937 0.0173529 0.0156149 0.0140755 0.01273 0.0115739 0.0106031 0.00981366 0.0092022 0.00876601 0.00850349 
0.00935333 0.00944355 0.00972363 0.0101954 0.0108611 0.0117237 0.012787 0.0140551 0.0155328 0.0172248 0.019136 0.0212711 0.0236344 0.0262295 0.0290593 0.0321255 0.0354286 0.0389675 0.0427394 0.0467398 0.0509621 0.0553974 0.0600348 0.064861 0.0698604 0.0750152 0.0803051 0.085708 0.0911995 0.0967532 0.102341 0.107935 0.113502 0.119013 0.124434 0.129733 0.134877 0.139835 0.144573 0.149061 0.15327 0.15717 0.160736 0.163943 0.166769 0.169194 0.171201 0.172776 0.173908 0.17459 0.174815 0.174583 0.173895 0.172757 0.171176 0.169164 0.166734 0.163904 0.160694 0.157126 0.153224 0.149015 0.144527 0.13979 0.134836 0.129695 0.1244 0.118985 0.11348 0.10792 0.102334 0.0967539 0.0912087 0.0857262 0.0803323 0.0750514 0.0699055 0.0649146 0.0600965 0.0554666 0.0510382 0.0468219 0.0428266 0.0390587 0.0355228 0.0322216 0.0291561 0.0263258 0.023729 0.0213629 0.0192239 0.0173077 0.0156097 0.0141252 0.0128494 0.0117777 0.0109061 0.0102309 0.00974936 0.00945964 
0.01038 0.0104799 0.010789 0.0113094 0.0120435 0.0129945 0.0141662 0.0155633 0.0171906 0.0190532 0.0211563 0.0235047 0.0261029 0.0289546 0.0320627 0.0354286 0.0390527 0.0429334 0.0470673 0.0514493 0.0560716 0.0609245 0.0659956 0.0712702 0.0767311 0.0823584 0.0881301 0.0940218 0.100007 0.106056 0.11214 0.118227 0.124282 0.130273 0.136163 0.141918 0.147503 0.152882 0.158022 0.162888 0.16745 0.171677 0.17554 0.179013 0.182072 0.184697 0.186869 0.188574 0.189798 0.190535 0.190778 0.190527 0.189782 0.18855 0.186838 0.184659 0.182027 0.178963 0.175485 0.171618 0.167389 0.162826 0.157959 0.15282 0.147443 0.141861 0.13611 0.130225 0.124241 0.118192 0.112114 0.106039 0.0999985 0.0940232 0.0881415 0.0823798 0.0767624 0.0713113 0.066046 0.0609836 0.0561388 0.0515237 0.047148 0.0430192 0.0391426 0.0355214 0.032157 0.0290493 0.0261966 0.0235962 0.0212444 0.0191367 0.0172684 0.0156344 0.0142298 0.0130496 0.0120896 0.011346 0.0108156 0.0104966 
0.0114876 0.0115978 0.0119382 0.0125107 0.0133181 0.0143636 0.0156514 0.0171864 0.0189738 0.0210188 0.0233268 0.0259031 0.028752 0.0318774 0.0352821 0.0389675 0.0429334 0.0471778 0.0516968 0.0564843 0.0615315 0.0668276 0.0723587 0.0781084 0.0840579 0.0901853 0.0964664 0.102875 0.109381 0.115954 0.12256 0.129166 0.135735 0.142231 0.148614 0.154849 0.160896 0.166719 0.172279 0.177543 0.182475 0.187043 0.191217 0.194968 0.198272 0.201106 0.203451 0.20529 0.206612 0.207406 0.207668 0.207396 0.206592 0.205261 0.203412 0.201059 0.198217 0.194906 0.191148 0.186969 0.182398 0.177463 0.172198 0.166637 0.160816 0.154771 0.148541 0.142162 0.135673 0.129111 0.122514 0.115916 0.109353 0.102858 0.0964603 0.0901902 0.0840738 0.0781353 0.0723961 0.066875 0.0615884 0.0565496 0.0517697 0.0472571 0.0430179 0.0390559 0.0353732 0.0319697 0.0288442 0.0259937 0.0234146 0.0211024 0.0190521 0.0172583 0.0157159 0.0144197 0.0133651 0.0125482 0.0119655 0.0116152 
0.0126765 0.0127978 0.0131714 0.0137995 0.0146849 0.0158311 0.0172426 0.0189244 0.020882 0.0231209 0.0256469 0.0284651 0.0315803 0.0349962 0.0387155 0.0427394 0.0470673 0.0516968 0.0566231 0.0618392 0.0673354 0.0730992 0.0791154 0.085366 0.0918301 0.0984838 0.105301 0.112252 0.119305 0.126427 0.133582 0.140732 0.147839 0.154862 0.161762 0.168497 0.175027 0.181312 0.187312 0.192989 0.198307 0.203231 0.207728 0.211769 0.215327 0.218379 0.220903 0.222883 0.224305 0.22516 0.225441 0.225148 0.224281 0.222848 0.220857 0.218322 0.215261 0.211694 0.207645 0.203141 0.198213 0.192891 0.187211 0.181211 0.174926 0.168398 0.161666 0.154771 0.147754 0.140654 0.133513 0.126368 0.119256 0.112214 0.105275 0.0984705 0.091829 0.0853771 0.0791383 0.0731334 0.0673803 0.0618941 0.0566869 0.0517683 0.0471453 0.0428225 0.0388023 0.0350853 0.0316701 0.0285542 0.0257338 0.0232042 0.0209603 0.0189966 0.0173076 0.0158879 0.0147327 0.0138377 0.0131994 0.0128158 
0.0139465 0.0140795 0.0144884 0.0151754 0.0161434 0.0173964 0.0189388 0.0207761 0.0229139 0.0253581 0.0281145 0.0311886 0.034585 0.0383077 0.042359 0.0467398 0.0514493 0.0564843 0.0618392 0.0675061 0.0734739 0.0797289 0.0862542 0.09303 0.100033 0.107238 0.114615 0.122133 0.129758 0.137453 0.145179 0.152897 0.160564 0.168137 0.175573 0.182829 0.18986 0.196625 0.20308 0.209186 0.214903 0.220195 0.225027 0.229368 0.23319 0.236466 0.239175 0.2413 0.242826 0.243743 0.244044 0.243729 0.242798 0.241259 0.239121 0.236399 0.233112 0.22928 0.22493 0.22009 0.214791 0.209069 0.202959 0.196502 0.189737 0.182707 0.175454 0.168022 0.160455 0.152796 0.145087 0.137371 0.129687 0.122074 0.114569 0.107205 0.100013 0.0930235 0.086261 0.0797484 0.0735055 0.067549 0.0618925 0.0565467 0.0515195 0.0468164 0.0424405 0.0383925 0.0346716 0.0312753 0.0281998 0.0254404 0.0229918 0.0208483 0.0190041 0.0174536 0.0161918 0.0152141 0.0145169 0.0140981 
0.0152964 0.0154419 0.015888 0.0166372 0.0176925 0.019058 0.0207385 0.0227396 0.0250673 0.0277276 0.0307265 0.0340697 0.0377618 0.0418067 0.0462066 0.0509621 0.0560716 0.0615315 0.0673354 0.0734739 0.0799349 0.0867032 0.09376 0.101084 0.108649 0.116427 0.124388 0.132496 0.140715 0.149004 0.157324 0.165629 0.173876 0.182018 0.190009 0.197803 0.205352 0.212612 0.219537 0.226085 0.232214 0.237885 0.243061 0.247711 0.251802 0.25531 0.25821 0.260483 0.262116 0.263096 0.263419 0.26308 0.262084 0.260436 0.258147 0.255233 0.251713 0.247609 0.242949 0.237762 0.232083 0.225948 0.219395 0.212467 0.205206 0.197657 0.189865 0.181878 0.173742 0.165503 0.157206 0.148898 0.14062 0.132414 0.124319 0.116373 0.108609 0.101058 0.093749 0.0867064 0.0799518 0.0735035 0.0673768 0.0615835 0.0561329 0.051031 0.0462817 0.0418863 0.0378443 0.0341532 0.0308095 0.0278083 0.0251442 0.0228113 0.0208036 0.0191154 0.0177412 0.0166763 0.015917 0.0154609 
0.0167247 0.0168832 0.0173685 0.018183 0.0193299 0.0208135 0.0226389 0.0248118 0.0273385 0.0302253 0.0334783 0.0371031 0.0411047 0.0454865 0.0502507 0.0553974 0.0609245 0.0668276 0.0730992 0.0797289 0.0867032 0.094005 0.101614 0.109506 0.117655 0.126028 0.134592 0.143311 0.152144 0.161048 0.169979 0.178891 0.187736 0.196464 0.205026 0.213372 0.221454 0.229222 0.236629 0.24363 0.25018 0.256239 0.261769 0.266734 0.271102 0.274845 0.27794 0.280366 0.282108 0.283153 0.283497 0.283135 0.282072 0.280313 0.27787 0.274759 0.271 0.266618 0.26164 0.2561 0.25003 0.243472 0.236465 0.229053 0.221283 0.213201 0.204856 0.196298 0.187575 0.178738 0.169836 0.160915 0.152023 0.143204 0.134499 0.12595 0.117592 0.10946 0.101584 0.0939904 0.0867036 0.0797437 0.0731273 0.0668678 0.0609755 0.0554575 0.0503184 0.04556 0.0411821 0.0371827 0.0335581 0.0303037 0.0274138 0.0248825 0.0227034 0.0208706 0.0193786 0.0182223 0.0173978 0.0169028 
0.0182287 0.018401 0.0189271 0.0198099 0.0210526 0.0226596 0.0246363 0.0269886 0.029723 0.0328459 0.0363637 0.0402821 0.0446058 0.0493384 0.0544814 0.0600348 0.0659956 0.0723587 0.0791154 0.0862542 0.09376 0.101614 0.109794 0.118274 0.127024 0.136011 0.145198 0.154545 0.164009 0.173545 0.183105 0.192639 0.202096 0.211425 0.220571 0.229483 0.238109 0.246396 0.254295 0.261758 0.268738 0.275193 0.281082 0.286368 0.291017 0.295001 0.298294 0.300874 0.302727 0.303839 0.304203 0.303818 0.302686 0.300815 0.298215 0.294904 0.290904 0.286238 0.280938 0.275036 0.268569 0.261579 0.254109 0.246204 0.237913 0.229287 0.220375 0.211232 0.201909 0.192459 0.182934 0.173385 0.163861 0.154411 0.145079 0.135908 0.126938 0.118206 0.109743 0.10158 0.0937427 0.0862528 0.0791289 0.0723859 0.0660351 0.0600849 0.0545406 0.0494046 0.0446773 0.0403568 0.0364398 0.0329214 0.0297961 0.0270577 0.0246998 0.0227161 0.021101 0.0198492 0.0189567 0.0184209 
0.0198052 0.0199918 0.0205605 0.0215143 0.0228566 0.0245919 0.0267258 0.0292645 0.0322146 0.0355828 0.0393754 0.0435982 0.0482559 0.0533517 0.058887 0.064861 0.0712702 0.0781084 0.085366 0.09303 0.101084 0.109506 0.118274 0.127358 0.136726 0.146343 0.156168 0.166159 0.17627 0.186452 0.196655 0.206824 0.216907 0.226847 0.236589 0.246077 0.255255 0.26407 0.272469 0.280401 0.287817 0.294673 0.300926 0.306536 0.311471 0.315697 0.31919 0.321927 0.323891 0.32507 0.325457 0.325048 0.323847 0.321861 0.319103 0.31559 0.311345 0.306392 0.300765 0.294498 0.287629 0.280201 0.27226 0.263854 0.255035 0.245854 0.236366 0.226626 0.216691 0.206615 0.196455 0.186263 0.176094 0.165998 0.156023 0.146214 0.136616 0.127266 0.118201 0.109452 0.101047 0.0930109 0.0853636 0.0781213 0.071297 0.0649 0.0589364 0.0534097 0.0483204 0.0436672 0.0394468 0.0356546 0.0322849 0.0293315 0.0267878 0.0246474 0.0229044 0.0215534 0.0205901 0.020012 
0.0214499 0.0216513 0.0222641 0.0232915 0.0247368 0.026605 0.0289016 0.0316331 0.0348062 0.0384277 0.0425042 0.0470412 0.0520434 0.0575138 0.0634532 0.0698604 0.0767311 0.0840579 0.0918301 0.100033 0.108649 0.117655 0.127024 0.136726 0.146727 0.156986 0.167463 0.178111 0.188881 0.199721 0.210577 0.221393 0.23211 0.242671 0.253016 0.263087 0.272825 0.282173 0.291077 0.299482 0.307339 0.314599 0.321218 0.327156 0.332377 0.336848 0.340543 0.343437 0.345514 0.34676 0.347168 0.346736 0.345465 0.343365 0.340448 0.336731 0.332239 0.326998 0.321042 0.314406 0.307131 0.299261 0.290845 0.281934 0.272579 0.262837 0.252765 0.242422 0.231865 0.221154 0.210348 0.199503 0.188676 0.177921 0.16729 0.156831 0.14659 0.136609 0.126927 0.117578 0.108592 0.0999952 0.0918104 0.0840552 0.0767439 0.0698871 0.063492 0.0575625 0.0521001 0.0471036 0.0425702 0.0384952 0.0348731 0.0316974 0.0289616 0.0266592 0.0247838 0.0233301 0.0222936 0.0216718 
0.0231576 0.0233743 0.0240327 0.0251358 0.0266874 0.0286924 0.0311565 0.0340865 0.037489 0.0413712 0.0457394 0.0505993 0.0559553 0.06181 0.068164 0.0750152 0.0823584 0.0901853 0.0984838 0.107238 0.116427 0.126028 0.136011 0.146343 0.156986 0.1679 0.179039 0.190354 0.201792 0.213298 0.224816 0.236284 0.247643 0.258831 0.269784 0.280443 0.290744 0.30063 0.310041 0.318922 0.32722 0.334885 0.341872 0.348139 0.353647 0.358363 0.362259 0.36531 0.3675 0.368813 0.369243 0.368787 0.367447 0.365233 0.362156 0.358236 0.353497 0.347967 0.34168 0.334675 0.326993 0.31868 0.309787 0.300366 0.290473 0.280167 0.269506 0.258553 0.247369 0.236016 0.224556 0.21305 0.201557 0.190134 0.178837 0.167717 0.156823 0.1462 0.135889 0.125928 0.116349 0.10718 0.0984456 0.0901658 0.0823562 0.0750285 0.068191 0.0618485 0.0560032 0.0506543 0.0457992 0.0414336 0.0375518 0.0341476 0.0312141 0.0287448 0.0267332 0.0251738 0.0240619 0.023395 
0.0249223 0.0251548 0.0258598 0.0270407 0.0287013 0.0308465 0.0334824 0.0366156 0.0402532 0.0444022 0.0490689 0.054259 0.0599766 0.066224 0.0730011 0.0803051 0.0881301 0.0964664 0.105301 0.114615 0.124388 0.134592 0.145198 0.156168 0.167463 0.179039 0.190847 0.202835 0.214948 0.227126 0.23931 0.251436 0.263439 0.275256 0.286821 0.298069 0.308935 0.319358 0.329276 0.338633 0.347372 0.355442 0.362796 0.36939 0.375184 0.380144 0.38424 0.387449 0.38975 0.391131 0.391583 0.391103 0.389694 0.387365 0.38413 0.380007 0.375022 0.369205 0.362589 0.355215 0.347126 0.33837 0.329 0.31907 0.308638 0.297766 0.286515 0.27495 0.263136 0.251137 0.23902 0.226847 0.214682 0.202585 0.190615 0.178826 0.167271 0.155998 0.14505 0.134468 0.124286 0.114536 0.105243 0.0964291 0.0881117 0.080304 0.0730152 0.0662513 0.0600148 0.0543057 0.0491217 0.0444588 0.0403113 0.036673 0.0335371 0.0308968 0.0287456 0.0270778 0.0258886 0.0251755 
0.0267371 0.0269856 0.0277383 0.0289987 0.0307704 0.0330587 0.0358698 0.0392103 0.0430875 0.0475082 0.052479 0.0580051 0.0640906 0.0707371 0.0779441 0.085708 0.0940218 0.102875 0.112252 0.122133 0.132496 0.143311 0.154545 0.166159 0.178111 0.190354 0.202835 0.2155 0.22829 0.241143 0.253994 0.266778 0.279428 0.291874 0.304049 0.315884 0.327314 0.338272 0.348695 0.358525 0.367702 0.376175 0.383893 0.390811 0.396888 0.40209 0.406385 0.409749 0.412162 0.413609 0.414082 0.413579 0.412102 0.40966 0.406268 0.401944 0.396716 0.390613 0.383671 0.375931 0.367438 0.358242 0.348397 0.33796 0.326992 0.315555 0.303715 0.291539 0.279095 0.26645 0.253674 0.240833 0.227993 0.21522 0.202573 0.190111 0.17789 0.165961 0.154371 0.143161 0.132371 0.122032 0.112173 0.102818 0.0939863 0.0856915 0.0779446 0.0707524 0.0641182 0.0580428 0.0525242 0.0475584 0.0431403 0.0392635 0.0359212 0.0331065 0.0308129 0.0290345 0.0277666 0.0270063 
0.028594 0.0288589 0.0296601 0.0310011 0.0328858 0.0353195 0.0383083 0.0418593 0.0459794 0.0506757 0.0559546 0.0618211 0.0682789 0.0753293 0.0829709 0.0911995 0.100007 0.109381 0.119305 0.129758 0.140715 0.152144 0.164009 0.17627 0.188881 0.201792 0.214948 0.22829 0.241757 0.255283 0.268801 0.282241 0.295533 0.308605 0.321386 0.333805 0.345793 0.357282 0.368206 0.378503 0.388115 0.396984 0.405062 0.4123 0.418657 0.424097 0.428588 0.432105 0.434627 0.436139 0.436634 0.436108 0.434564 0.432011 0.428464 0.423943 0.418474 0.41209 0.404826 0.396724 0.387833 0.378202 0.367887 0.356948 0.345447 0.333451 0.321026 0.308242 0.295171 0.281883 0.26845 0.254942 0.241429 0.227978 0.214654 0.201519 0.188631 0.176044 0.163808 0.151968 0.140565 0.129634 0.119205 0.109305 0.0999533 0.0911667 0.0829569 0.0753317 0.0682953 0.061849 0.0559914 0.0507189 0.0460264 0.0419077 0.038356 0.0353644 0.0329262 0.0310356 0.0296876 0.0288795 
0.0304844 0.0307659 0.0316161 0.0330387 0.0350375 0.037618 0.0407865 0.0445498 0.0489152 0.0538896 0.0594791 0.0656887 0.0725216 0.0799786 0.0880576 0.0967532 0.106056 0.115954 0.126427 0.137453 0.149004 0.161048 0.173545 0.186452 0.199721 0.213298 0.227126 0.241143 0.255283 0.269478 0.283657 0.297748 0.311677 0.325369 0.33875 0.351746 0.364285 0.376297 0.387714 0.398472 0.40851 0.41777 0.4262 0.433753 0.440385 0.446058 0.450742 0.454408 0.457037 0.458614 0.459129 0.458581 0.456971 0.454309 0.45061 0.445896 0.440192 0.433531 0.425951 0.417495 0.408211 0.398152 0.387375 0.375941 0.363915 0.351366 0.338363 0.324978 0.311286 0.29736 0.283276 0.269106 0.254924 0.2408 0.226802 0.212995 0.199441 0.186197 0.173316 0.160846 0.148829 0.137305 0.126305 0.115857 0.105984 0.0967036 0.0880283 0.0799674 0.0725261 0.0657063 0.059507 0.0539252 0.0489559 0.0445931 0.04083 0.0376597 0.0350756 0.0330716 0.0316428 0.0307864 
0.0323988 0.032697 0.0335966 0.0351011 0.0372148 0.0399429 0.0432919 0.0472686 0.0518803 0.0571337 0.0630349 0.0695886 0.0767974 0.0846616 0.0931784 0.102341 0.11214 0.12256 0.133582 0.145179 0.157324 0.169979 0.183105 0.196655 0.210577 0.224816 0.23931 0.253994 0.268801 0.283657 0.29849 0.313223 0.32778 0.342082 0.356052 0.369615 0.382696 0.395221 0.407122 0.418331 0.428786 0.438428 0.447204 0.455063 0.461963 0.467865 0.472736 0.476548 0.479282 0.480921 0.481457 0.480886 0.479212 0.476445 0.472598 0.467695 0.461761 0.454831 0.446942 0.438139 0.428472 0.417993 0.406763 0.394845 0.382304 0.369212 0.35564 0.341664 0.327361 0.312806 0.298079 0.283255 0.268411 0.253621 0.238955 0.224482 0.210267 0.196371 0.182848 0.16975 0.157123 0.145007 0.133437 0.122443 0.112049 0.102274 0.0931333 0.0846363 0.0767894 0.0695952 0.0630534 0.0571612 0.0519141 0.0473062 0.0433308 0.0399811 0.0372502 0.0351323 0.0336223 0.0327173 
0.034327 0.0346419 0.0355909 0.0371775 0.039406 0.0422817 0.0458111 0.050001 0.0548587 0.0603909 0.0666032 0.0735001 0.0810837 0.0893538 0.0983066 0.107935 0.118227 0.129166 0.140732 0.152897 0.165629 0.178891 0.192639 0.206824 0.221393 0.236284 0.251436 0.266778 0.282241 0.297748 0.313223 0.328587 0.343759 0.358659 0.373207 0.387324 0.400934 0.41396 0.426332 0.437981 0.448843 0.458856 0.467967 0.476125 0.483285 0.489408 0.49446 0.498415 0.50125 0.502949 0.503505 0.502913 0.501178 0.498307 0.494318 0.489231 0.483075 0.475883 0.467694 0.458554 0.448513 0.437627 0.425956 0.413564 0.400521 0.386898 0.37277 0.358216 0.343313 0.328142 0.312783 0.297317 0.281822 0.266375 0.25105 0.235921 0.221053 0.206511 0.192354 0.178635 0.165403 0.1527 0.140565 0.129028 0.118116 0.10785 0.0982451 0.0893138 0.0810627 0.0734952 0.0666117 0.0604098 0.0548854 0.0500327 0.0458452 0.042316 0.0394386 0.0372067 0.0356154 0.0346619 
0.0362581 0.0365897 0.0375878 0.0392561 0.0415988 0.0446213 0.04833 0.0527319 0.0578341 0.0636429 0.0701641 0.0774015 0.0853569 0.0940291 0.103414 0.113502 0.124282 0.135735 0.147839 0.160564 0.173876 0.187736 0.202096 0.216907 0.23211 0.247643 0.263439 0.279428 0.295533 0.311677 0.32778 0.343759 0.359531 0.375014 0.390125 0.404781 0.418905 0.432418 0.445247 0.457322 0.468577 0.47895 0.488385 0.496832 0.504243 0.510579 0.515807 0.519898 0.522831 0.524589 0.525164 0.524552 0.522756 0.519787 0.51566 0.510396 0.504025 0.49658 0.488102 0.478636 0.468234 0.456953 0.444854 0.432003 0.418472 0.404333 0.389665 0.374546 0.359059 0.343287 0.327311 0.311217 0.295084 0.278994 0.263025 0.24725 0.231741 0.216565 0.201783 0.187452 0.173624 0.160342 0.147648 0.135575 0.124151 0.113399 0.103336 0.0939742 0.0853224 0.0773848 0.0701623 0.063653 0.0578532 0.0527573 0.048359 0.0446516 0.0416283 0.0392832 0.0376112 0.0366094 
0.0381807 0.0385288 0.0395756 0.0413246 0.0437802 0.0469479 0.0508339 0.0554453 0.0607889 0.0668711 0.073697 0.0812704 0.0895923 0.098661 0.108471 0.119013 0.130273 0.142231 0.154862 0.168137 0.182018 0.196464 0.211425 0.226847 0.242671 0.258831 0.275256 0.291874 0.308605 0.325369 0.342082 0.358659 0.375014 0.391062 0.406717 0.421896 0.436516 0.450499 0.463769 0.476255 0.487889 0.498608 0.508355 0.517078 0.52473 0.531272 0.536668 0.54089 0.543916 0.545731 0.546324 0.545692 0.54384 0.540776 0.536516 0.531084 0.524506 0.516819 0.508062 0.498283 0.487533 0.475872 0.46336 0.450067 0.436064 0.421427 0.406235 0.390571 0.374518 0.358161 0.341587 0.324881 0.308128 0.291411 0.274812 0.258408 0.242273 0.226477 0.211084 0.196154 0.18174 0.167891 0.154649 0.142049 0.130121 0.118891 0.108376 0.0985908 0.0895443 0.0812417 0.0736847 0.066872 0.0608003 0.0554642 0.0508577 0.046974 0.0438066 0.0413495 0.0395976 0.0385481 
0.0400829 0.0404473 0.0415418 0.0433703 0.045937 0.0492473 0.0533076 0.0581247 0.0637054 0.0700558 0.0771809 0.0850837 0.093765 0.103222 0.113449 0.124434 0.136163 0.148614 0.161762 0.175573 0.190009 0.205026 0.220571 0.236589 0.253016 0.269784 0.286821 0.304049 0.321386 0.33875 0.356052 0.373207 0.390125 0.406717 0.422897 0.438577 0.453675 0.468109 0.481802 0.494682 0.506678 0.517728 0.527774 0.536761 0.544644 0.551381 0.556938 0.561285 0.564401 0.566268 0.566879 0.566229 0.564323 0.561168 0.556783 0.551188 0.544414 0.536495 0.527473 0.517394 0.506312 0.494286 0.481379 0.467661 0.453205 0.438089 0.422394 0.406204 0.389605 0.372684 0.355532 0.338235 0.320882 0.303558 0.286349 0.269334 0.25259 0.236191 0.220203 0.204689 0.189706 0.175303 0.161526 0.148411 0.135992 0.124294 0.113337 0.103136 0.0937031 0.0850428 0.0771578 0.0700475 0.0637088 0.0581369 0.0533258 0.049269 0.0459601 0.0433929 0.0415625 0.0404661 
0.0419525 0.0423328 0.0434741 0.0453802 0.0480553 0.0515049 0.0557353 0.0607533 0.0665653 0.0731774 0.080594 0.088818 0.0978492 0.107684 0.118316 0.129733 0.141918 0.154849 0.168497 0.182829 0.197803 0.213372 0.229483 0.246077 0.263087 0.280443 0.298069 0.315884 0.333805 0.351746 0.369615 0.387324 0.404781 0.421896 0.438577 0.454738 0.470291 0.485156 0.499253 0.512507 0.524849 0.536214 0.546543 0.555782 0.563883 0.570806 0.576515 0.580981 0.584181 0.5861 0.586727 0.58606 0.584101 0.580862 0.576357 0.57061 0.563649 0.55551 0.546235 0.535871 0.524473 0.5121 0.498817 0.484694 0.469806 0.454232 0.438056 0.421362 0.40424 0.386779 0.36907 0.351205 0.333275 0.315367 0.297569 0.279965 0.262634 0.245652 0.229089 0.21301 0.197475 0.182535 0.168238 0.154625 0.141727 0.129574 0.118188 0.107584 0.0977736 0.0887648 0.0805601 0.0731596 0.0665606 0.0607587 0.055748 0.0515222 0.048075 0.0454003 0.0434933 0.0423511 
0.043777 0.0441728 0.0453594 0.0473408 0.0501212 0.0537059 0.0581013 0.0633139 0.0693501 0.0762157 0.0839148 0.0924495 0.101819 0.11202 0.123044 0.134877 0.147503 0.160896 0.175027 0.18986 0.205352 0.221454 0.238109 0.255255 0.272825 0.290744 0.308935 0.327314 0.345793 0.364285 0.382696 0.400934 0.418905 0.436516 0.453675 0.470291 0.486278 0.501552 0.516031 0.52964 0.542309 0.553971 0.564568 0.574044 0.582352 0.589449 0.595302 0.599879 0.603159 0.605125 0.605769 0.605085 0.603078 0.599758 0.595141 0.58925 0.582113 0.573767 0.564254 0.553621 0.541924 0.529223 0.515584 0.501077 0.485779 0.46977 0.453136 0.435963 0.418343 0.400367 0.382128 0.363721 0.345238 0.326771 0.30841 0.290241 0.272346 0.254804 0.237689 0.221067 0.205 0.189544 0.174747 0.160651 0.147293 0.134701 0.122899 0.111904 0.10173 0.0923842 0.0838701 0.0761886 0.0693374 0.0633125 0.0581083 0.0537187 0.0501374 0.0473586 0.0453771 0.0441906 
0.045544 0.0459546 0.047185 0.0492389 0.0521206 0.0558355 0.0603896 0.0657895 0.0720414 0.0791507 0.0871213 0.0959548 0.10565 0.116202 0.127601 0.139835 0.152882 0.166719 0.181312 0.196625 0.212612 0.229222 0.246396 0.26407 0.282173 0.30063 0.319358 0.338272 0.357282 0.376297 0.395221 0.41396 0.432418 0.450499 0.468109 0.485156 0.501552 0.517209 0.532048 0.545992 0.558967 0.570909 0.581757 0.591455 0.599957 0.607218 0.613205 0.617887 0.621241 0.623252 0.62391 0.623212 0.62116 0.617765 0.613042 0.607016 0.599715 0.591175 0.581438 0.570554 0.558576 0.545567 0.531592 0.516723 0.501039 0.484621 0.467554 0.449929 0.431837 0.413373 0.394632 0.375711 0.356703 0.337705 0.318808 0.300101 0.28167 0.263595 0.245952 0.228811 0.212237 0.196286 0.18101 0.166453 0.152653 0.13964 0.12744 0.116071 0.105547 0.0958774 0.087066 0.0791144 0.0720207 0.0657813 0.060391 0.0558437 0.0521334 0.0492542 0.0472012 0.0459719 
0.0472409 0.0476658 0.0489379 0.0510611 0.0540396 0.0578787 0.0625844 0.0681632 0.0746209 0.0819628 0.0901922 0.0993104 0.109315 0.120202 0.131959 0.144573 0.158022 0.172279 0.187312 0.20308 0.219537 0.236629 0.254295 0.272469 0.291077 0.310041 0.329276 0.348695 0.368206 0.387714 0.407122 0.426332 0.445247 0.463769 0.481802 0.499253 0.516031 0.532048 0.547224 0.561479 0.574741 0.586943 0.598025 0.60793 0.616611 0.624025 0.630136 0.634916 0.63834 0.640392 0.641064 0.640351 0.638258 0.634793 0.629973 0.623821 0.616367 0.607646 0.597702 0.586582 0.574344 0.561046 0.546758 0.531553 0.515507 0.498705 0.481234 0.463184 0.444649 0.425727 0.406513 0.387107 0.367606 0.348107 0.328704 0.309489 0.29055 0.27197 0.253828 0.236196 0.21914 0.20272 0.18699 0.171995 0.157774 0.144361 0.131782 0.120057 0.1092 0.0992214 0.0901266 0.0819173 0.0745924 0.0681483 0.0625803 0.0578825 0.054049 0.0510739 0.0489526 0.0476824 
0.0488555 0.0492938 0.0506055 0.0527943 0.0558645 0.0598211 0.0646703 0.0704182 0.0770706 0.0846324 0.0931065 0.102494 0.112792 0.123994 0.136089 0.149061 0.162888 0.177543 0.192989 0.209186 0.226085 0.24363 0.261758 0.280401 0.299482 0.318922 0.338633 0.358525 0.378503 0.398472 0.418331 0.437981 0.457322 0.476255 0.494682 0.512507 0.52964 0.545992 0.561479 0.576023 0.58955 0.601993 0.613291 0.623387 0.632234 0.639789 0.646015 0.650884 0.654372 0.656463 0.657147 0.656422 0.654289 0.65076 0.645851 0.639583 0.631988 0.623101 0.612965 0.601628 0.589147 0.575584 0.561006 0.545487 0.529107 0.511948 0.4941 0.475655 0.456709 0.437359 0.417705 0.397846 0.377884 0.357916 0.338039 0.318348 0.298933 0.27988 0.261269 0.243175 0.225666 0.208806 0.192647 0.17724 0.162624 0.148834 0.135897 0.123835 0.112664 0.102394 0.093031 0.0845782 0.0770345 0.070397 0.0646609 0.0598206 0.0558705 0.0528048 0.0506188 0.04931 
0.0503758 0.0508268 0.0521755 0.0544259 0.0575819 0.0616487 0.0666323 0.0725386 0.0793733 0.0871408 0.0958439 0.105483 0.116054 0.127551 0.139962 0.15327 0.16745 0.182475 0.198307 0.214903 0.232214 0.25018 0.268738 0.287817 0.307339 0.32722 0.347372 0.367702 0.388115 0.40851 0.428786 0.448843 0.468577 0.487889 0.506678 0.524849 0.542309 0.558967 0.574741 0.58955 0.60332 0.615984 0.62748 0.637751 0.64675 0.654433 0.660765 0.665715 0.669262 0.671388 0.672084 0.671347 0.669179 0.665591 0.6606 0.654227 0.646503 0.637463 0.627151 0.615616 0.602914 0.589106 0.574262 0.558456 0.541767 0.52428 0.506086 0.487277 0.46795 0.448205 0.428143 0.407867 0.387477 0.367074 0.346759 0.326626 0.306769 0.287276 0.268229 0.249705 0.231776 0.214504 0.197947 0.182154 0.167169 0.153027 0.139756 0.12738 0.115915 0.105372 0.0957589 0.0870783 0.0793299 0.0725112 0.0666177 0.0616441 0.0575847 0.054434 0.0521874 0.0508424 
