6.32898e-05 6.48329e-05 7.05775e-05 8.07704e-05 9.58111e-05 0.000116268 0.000142881 0.000176564 0.000218406 0.000269673 0.000331805 0.000406411 0.000495262 0.000600273 0.000723489 0.000867055 0.00103319 0.00122413 0.00144212 0.00168931 0.00196776 0.0022793 0.00262554 0.00300776 0.00342683 0.00388318 0.00437672 0.00490675 0.005472 0.00607047 0.00669954 0.00735583 0.00803532 0.00873329 0.0094444 0.0101627 0.0108819 0.0115951 0.0122952 0.0129749 0.0136268 0.0142435 0.014818 0.0153435 0.0158134 0.0162222 0.0165646 0.0168363 0.0170338 0.0171547 0.0171973 0.0171611 0.0170466 0.0168553 0.0165897 0.0162532 0.0158502 0.0153856 0.0148653 0.0142955 0.0136831 0.0130351 0.0123589 0.0116617 0.010951 0.0102338 0.00951682 0.0088066 0.00810899 0.00742934 0.00677239 0.00614219 0.00554214 0.00497491 0.00444251 0.00394629 0.00348698 0.00306472 0.00267914 0.00232941 0.0020143 0.00173227 0.0014815 0.00126001 0.00106565 0.000896228 0.000749528 0.00062335 0.000515564 0.000424133 0.000347146 0.00028283 0.00022957 0.000185914 0.000150583 0.000122469 0.000100641 8.43351e-05 7.29604e-05 6.61048e-05 
6.48329e-05 6.64189e-05 7.23132e-05 8.2769e-05 9.81962e-05 0.000119178 0.000146473 0.000181018 0.00022393 0.000276507 0.000340225 0.000416733 0.000507845 0.000615523 0.00074186 0.000889052 0.00105937 0.0012551 0.00147854 0.00173189 0.00201723 0.00233646 0.0026912 0.00308275 0.003512 0.00397938 0.00448477 0.00502747 0.00560613 0.00621873 0.00686255 0.00753415 0.00822939 0.00894344 0.00967084 0.0104056 0.011141 0.0118703 0.0125861 0.0132809 0.0139472 0.0145776 0.0151648 0.0157017 0.0161819 0.0165995 0.0169493 0.0172269 0.0174287 0.0175521 0.0175955 0.0175585 0.0174414 0.0172459 0.0169745 0.0166307 0.0162188 0.015744 0.0152121 0.0146298 0.0140038 0.0133414 0.01265 0.0119372 0.0112105 0.010477 0.00974372 0.00901724 0.00830358 0.00760822 0.00693599 0.00629106 0.0056769 0.00509627 0.00455122 0.00404315 0.00357281 0.00314037 0.00274544 0.00238719 0.00206437 0.00177541 0.00151846 0.00129149 0.0010923 0.000918663 0.000768299 0.000638963 0.000528473 0.000434746 0.000355823 0.000289888 0.000235286 0.000190531 0.000154311 0.00012549 0.000103113 8.63987e-05 7.47398e-05 6.77144e-05 
7.05775e-05 7.23132e-05 7.87264e-05 9.00907e-05 0.000106849 0.00012963 0.000159253 0.000196727 0.000243257 0.000300237 0.000369257 0.000452086 0.000550672 0.000667118 0.000803665 0.000962659 0.00114652 0.0013577 0.00159863 0.00187164 0.00217895 0.00252254 0.00290412 0.00332505 0.00378622 0.00428806 0.00483039 0.00541243 0.00603267 0.00668893 0.00737825 0.00809692 0.0088405 0.00960381 0.010381 0.0111656 0.0119507 0.0127289 0.0134923 0.0142331 0.0149432 0.0156148 0.0162402 0.0168118 0.017323 0.0177674 0.0181396 0.0184348 0.0186493 0.0187804 0.0188264 0.0187868 0.0186621 0.0184539 0.0181649 0.0177987 0.0173601 0.0168544 0.0162879 0.0156674 0.0150003 0.0142941 0.0135569 0.0127966 0.0120211 0.0112381 0.0104551 0.00967892 0.00891612 0.00817253 0.00745333 0.00676299 0.00610525 0.00548309 0.00489875 0.00435377 0.00384897 0.00338459 0.00296027 0.00257513 0.0022279 0.00191691 0.00164021 0.00139565 0.00118092 0.000993634 0.000831359 0.000691705 0.000572338 0.00047103 0.000385681 0.000314344 0.000255242 0.000206778 0.000167541 0.000136311 0.000112057 9.39376e-05 8.12998e-05 7.36883e-05 
8.07704e-05 8.2769e-05 9.00907e-05 0.000103044 0.000122128 0.000148052 0.000181735 0.000224313 0.000277136 0.000341769 0.000419988 0.000513773 0.000625295 0.000756896 0.000911066 0.00109041 0.0012976 0.00153534 0.0018063 0.00211305 0.00245798 0.00284327 0.00327075 0.00374184 0.00425748 0.00481805 0.00542329 0.00607223 0.00676315 0.00749354 0.00826005 0.00905852 0.00988398 0.0107307 0.0115921 0.0124611 0.0133301 0.0141907 0.0150345 0.0158528 0.0166368 0.0173779 0.0180675 0.0186977 0.019261 0.0197505 0.0201602 0.0204851 0.020721 0.0208651 0.0209155 0.0208716 0.0207339 0.0205043 0.0201856 0.019782 0.0192983 0.0187406 0.0181157 0.0174311 0.0166946 0.0159148 0.0151002 0.0142597 0.0134019 0.0125353 0.011668 0.0108078 0.00996186 0.00913657 0.00833774 0.00757036 0.00683863 0.0061459 0.00549474 0.0048869 0.0043234 0.00380455 0.00333003 0.00289895 0.00250993 0.0021612 0.00185064 0.00157591 0.00133446 0.00112367 0.000940875 0.000783418 0.000648716 0.000534294 0.000437814 0.000357109 0.000290193 0.000235281 0.000190794 0.000155363 0.000127835 0.000107264 9.29164e-05 8.42811e-05 
9.58111e-05 9.81962e-05 0.000106849 0.000122128 0.000144615 0.000175132 0.000214746 0.000264772 0.000326772 0.000402554 0.000494164 0.000603881 0.000734196 0.000887794 0.00106752 0.00127633 0.00151729 0.00179343 0.00210777 0.0024632 0.00286239 0.00330775 0.00380126 0.00434448 0.00493837 0.00558325 0.00627871 0.00702354 0.00781566 0.0086521 0.00952898 0.0104415 0.0113838 0.0123495 0.013331 0.0143203 0.0153086 0.0162866 0.0172448 0.0181733 0.0190623 0.019902 0.020683 0.0213962 0.0220334 0.0225868 0.0230498 0.0234167 0.0236831 0.0238455 0.0239021 0.023852 0.023696 0.023436 0.0230753 0.0226184 0.0220709 0.0214395 0.0207316 0.0199558 0.0191208 0.0182363 0.0173118 0.0163571 0.0153822 0.0143965 0.0134093 0.0124293 0.0114646 0.0105227 0.0096101 0.00873259 0.007895 0.00710125 0.00635434 0.00565637 0.00500862 0.00441153 0.00386485 0.00336766 0.00291848 0.00251536 0.00215595 0.00183764 0.00155758 0.00131281 0.0011003 0.000917039 0.000760094 0.000626631 0.000513977 0.000419645 0.000341353 0.000277045 0.000224902 0.000183344 0.000151034 0.000126882 0.000110036 9.99049e-05 
0.000116268 0.000119178 0.00012963 0.000148052 0.000175132 0.000211845 0.000259454 0.000319514 0.000393865 0.000484639 0.00059424 0.000725341 0.000880858 0.00106392 0.00127785 0.00152608 0.00181213 0.00213952 0.0025117 0.00293197 0.00340336 0.00392855 0.00450979 0.00514871 0.00584633 0.00660287 0.00741771 0.0082893 0.00921509 0.0101915 0.0112139 0.0122766 0.0133729 0.014495 0.0156344 0.0167816 0.0179266 0.0190586 0.0201667 0.0212397 0.0222661 0.0232349 0.0241354 0.0249572 0.025691 0.026328 0.0268606 0.0272825 0.0275885 0.0277749 0.0278395 0.0277814 0.0276014 0.0273017 0.0268861 0.0263596 0.0257286 0.0250007 0.0241844 0.0232892 0.0223254 0.0213036 0.0202349 0.0191307 0.0180021 0.01686 0.0157153 0.0145778 0.013457 0.0123615 0.0112991 0.0102764 0.00929908 0.0083719 0.00749843 0.00668123 0.00592192 0.00522115 0.00457876 0.00399379 0.00346466 0.00298919 0.00256475 0.00218837 0.00185681 0.00156666 0.00131445 0.00109668 0.000909956 0.00075098 0.000616633 0.000504008 0.000410432 0.000333492 0.000271047 0.000221237 0.000182487 0.000153506 0.000133292 0.000121145 
0.000142881 0.000146473 0.000159253 0.000181735 0.000214746 0.000259454 0.000317372 0.000390357 0.000480608 0.000590659 0.000723374 0.00088192 0.00106975 0.00129056 0.00154825 0.00184685 0.00219048 0.00258323 0.00302911 0.0035319 0.00409508 0.00472169 0.0054142 0.00617442 0.00700337 0.00790113 0.0088668 0.00989838 0.0109927 0.0121455 0.013351 0.0146026 0.0158921 0.0172107 0.018548 0.0198932 0.0212343 0.022559 0.0238545 0.0251078 0.0263059 0.0274358 0.0284853 0.0294425 0.0302966 0.0310376 0.0316569 0.0321472 0.0325026 0.0327188 0.0327933 0.0327251 0.0325153 0.0321662 0.0316822 0.031069 0.030334 0.0294858 0.0285342 0.0274902 0.0263655 0.0251724 0.0239237 0.0226324 0.0213115 0.0199737 0.0186315 0.0172965 0.0159798 0.0146915 0.0134406 0.0122351 0.0110819 0.00998652 0.00895333 0.00798553 0.00708516 0.00625316 0.0054895 0.00479322 0.00416259 0.00359518 0.00308802 0.00263769 0.00224048 0.00189243 0.0015895 0.00132762 0.00110278 0.000911115 0.000748951 0.000612847 0.000499637 0.000406455 0.000330754 0.000270318 0.000223268 0.000188066 0.00016351 0.000148765 
0.000176564 0.000181018 0.000196727 0.000224313 0.000264772 0.000319514 0.000390357 0.000479534 0.000589682 0.000723838 0.000885422 0.00107821 0.00130631 0.00157411 0.00188622 0.00224739 0.00266246 0.00313621 0.0036733 0.00427812 0.00495465 0.00570633 0.00653594 0.00744543 0.00843578 0.00950692 0.0106575 0.0118851 0.0131857 0.0145539 0.015983 0.0174649 0.0189901 0.0205476 0.0221257 0.0237112 0.0252904 0.0268488 0.0283714 0.0298431 0.0312487 0.0325734 0.0338029 0.0349236 0.0359229 0.0367895 0.0375133 0.038086 0.0385008 0.0387529 0.0388393 0.0387591 0.0385132 0.0381045 0.0375379 0.0368202 0.0359596 0.0349661 0.0338512 0.0326273 0.031308 0.0299076 0.0284408 0.0269229 0.0253688 0.0237934 0.0222113 0.0206362 0.019081 0.0175577 0.0160771 0.0146486 0.0132803 0.0119792 0.0107504 0.00959794 0.00852443 0.0075312 0.00661837 0.00578501 0.00502923 0.00434835 0.00373896 0.00319717 0.00271866 0.00229883 0.00193295 0.00161624 0.00134399 0.00111163 0.000914795 0.000749396 0.000611663 0.000498177 0.000405891 0.000332152 0.000274706 0.000231704 0.000201705 0.000183704 
0.000218406 0.00022393 0.000243257 0.000277136 0.000326772 0.000393865 0.000480608 0.000589682 0.000724258 0.000887974 0.00108492 0.00131961 0.00159693 0.00192209 0.00230054 0.00273789 0.00323984 0.00381197 0.00445972 0.00518814 0.00600181 0.00690464 0.00789971 0.0089891 0.0101738 0.0114533 0.0128261 0.0142886 0.0158362 0.0174622 0.0191585 0.0209153 0.0227212 0.0245634 0.0264278 0.028299 0.0301608 0.0319962 0.0337878 0.035518 0.0371692 0.0387241 0.0401662 0.0414799 0.0426505 0.0436651 0.0445121 0.0451818 0.0456667 0.045961 0.0460614 0.0459669 0.0456784 0.0451994 0.0445356 0.0436944 0.0426857 0.0415209 0.040213 0.0387766 0.0372273 0.0355816 0.0338567 0.0320701 0.0302394 0.0283821 0.0265149 0.0246541 0.022815 0.0210116 0.0192567 0.0175617 0.0159363 0.0143887 0.0129254 0.0115513 0.0102697 0.00908242 0.00798986 0.00699113 0.00608421 0.00526609 0.00453294 0.00388026 0.00330306 0.002796 0.00235353 0.00197004 0.00163998 0.00135792 0.00111871 0.000917461 0.000749691 0.000611311 0.000498673 0.000408595 0.000338371 0.00028578 0.000249087 0.000227084 
0.000269673 0.000276507 0.000300237 0.000341769 0.000402554 0.000484639 0.000590659 0.000723838 0.000887974 0.00108742 0.00132706 0.00161228 0.00194887 0.00234302 0.00280117 0.00332993 0.00393596 0.0046258 0.00540575 0.00628166 0.00725875 0.00834143 0.0095331 0.010836 0.0122509 0.0137771 0.0154123 0.0171522 0.0189909 0.0209203 0.0229307 0.0250102 0.0271453 0.0293208 0.03152 0.0337249 0.0359165 0.0380749 0.0401798 0.0422107 0.0441473 0.0459696 0.0476585 0.0491958 0.050565 0.051751 0.0527406 0.0535227 0.0540885 0.0544316 0.0545482 0.054437 0.0540993 0.0535389 0.0527623 0.0517783 0.0505979 0.0492344 0.0477027 0.0460195 0.044203 0.0422721 0.0402468 0.0381473 0.0359942 0.0338076 0.0316074 0.0294125 0.0272409 0.0251091 0.0230323 0.021024 0.019096 0.017258 0.015518 0.013882 0.0123542 0.0109371 0.00963136 0.00843622 0.00734953 0.00636798 0.00548723 0.00470214 0.00400695 0.00339545 0.00286117 0.00239754 0.00199799 0.00165615 0.00136588 0.0011214 0.00091737 0.000748904 0.000611646 0.000501787 0.000416083 0.000351868 0.00030706 0.000280207 
0.000331805 0.000340225 0.000369257 0.000419988 0.000494164 0.00059424 0.000723374 0.000885422 0.00108492 0.00132706 0.00161766 0.0019631 0.00237026 0.00284642 0.00339918 0.0040363 0.00476554 0.00559454 0.00653055 0.0075803 0.00874973 0.0100438 0.0114662 0.0130192 0.0147035 0.0165179 0.0184593 0.0205223 0.0226996 0.0249815 0.0273561 0.0298094 0.0323253 0.0348858 0.0374713 0.0400608 0.0426319 0.0451616 0.0476262 0.0500021 0.0522658 0.0543941 0.0563652 0.0581584 0.0597543 0.061136 0.0622882 0.0631984 0.0638565 0.0642552 0.0643902 0.0642599 0.0638659 0.0632126 0.0623074 0.0611602 0.0597838 0.0581931 0.0564055 0.05444 0.0523174 0.0500596 0.0476896 0.0452308 0.042707 0.0401415 0.0375575 0.0349771 0.0324213 0.0299097 0.02746 0.0250885 0.0228089 0.0206331 0.0185708 0.0166294 0.0148141 0.0131281 0.0115727 0.0101471 0.00884926 0.00767545 0.00662082 0.00567953 0.00484495 0.00410991 0.00346689 0.00290818 0.00242612 0.00201318 0.00166212 0.00136611 0.0011188 0.000914385 0.000747683 0.000614146 0.000509899 0.000431754 0.000377218 0.000344552 
0.000406411 0.000416733 0.000452086 0.000513773 0.000603881 0.000725341 0.00088192 0.00107821 0.00131961 0.00161228 0.0019631 0.00237962 0.00286995 0.00344265 0.00410661 0.00487089 0.00574454 0.00673636 0.00785471 0.00910727 0.0105007 0.0120406 0.0137309 0.015574 0.0175701 0.0197176 0.0220123 0.0244476 0.0270145 0.0297012 0.0324935 0.0353749 0.0383262 0.0413264 0.0443524 0.0473797 0.0503824 0.0533338 0.0562066 0.0589734 0.0616072 0.0640817 0.0663717 0.0684534 0.0703052 0.0719074 0.0732429 0.0742973 0.0750592 0.0755204 0.075676 0.0755242 0.0750669 0.0743089 0.0732586 0.0719275 0.0703299 0.068483 0.0664063 0.0641217 0.0616529 0.059025 0.0562643 0.0533978 0.0504528 0.0474564 0.0444353 0.0414153 0.0384208 0.0354747 0.0325981 0.0298099 0.0271266 0.0245624 0.0221288 0.019835 0.0176875 0.0156904 0.0138455 0.0121525 0.0106091 0.0092115 0.00795415 0.00683047 0.0058329 0.00495319 0.00418264 0.00351229 0.00293319 0.00243652 0.00201379 0.00165695 0.00135848 0.00111154 0.00090996 0.000748353 0.000622106 0.000527424 0.000461338 0.000421774 
0.000495262 0.000507845 0.000550672 0.000625295 0.000734196 0.000880858 0.00106975 0.00130631 0.00159693 0.00194887 0.00237026 0.00286995 0.00345745 0.00414278 0.00493629 0.0058485 0.00688985 0.00807049 0.00939995 0.0108869 0.012539 0.0143621 0.0163606 0.0185367 0.0208904 0.0234192 0.0261176 0.0289777 0.0319883 0.0351354 0.038402 0.0417686 0.0452128 0.0487098 0.0522329 0.0557536 0.059242 0.0626672 0.0659979 0.0692029 0.0722512 0.0751127 0.077759 0.080163 0.0823001 0.084148 0.0856876 0.0869025 0.08778 0.0883107 0.0884892 0.0883134 0.0877854 0.0869108 0.0856989 0.0841628 0.0823186 0.0801856 0.0777862 0.075145 0.0722888 0.0692464 0.0660477 0.0627235 0.0593052 0.0558238 0.0523101 0.0487939 0.0453036 0.0418659 0.0385053 0.035244 0.0321016 0.0290948 0.0262378 0.0235413 0.0210136 0.0186599 0.0164827 0.0144822 0.0126561 0.0110003 0.00950873 0.00817401 0.00698756 0.00593995 0.00502116 0.00422086 0.00352865 0.00293426 0.00242776 0.00199971 0.0016413 0.00134446 0.00110193 0.000907328 0.000755201 0.000641055 0.000561371 0.000513689 
0.000600273 0.000615523 0.000667118 0.000756896 0.000887794 0.00106392 0.00129056 0.00157411 0.00192209 0.00234302 0.00284642 0.00344265 0.00414278 0.00495844 0.00590165 0.00698453 0.00821907 0.00961685 0.0111887 0.0129444 0.0148923 0.017039 0.019389 0.0219444 0.0247045 0.0276658 0.0308216 0.0341619 0.0376734 0.0413392 0.0451395 0.049051 0.0530478 0.057101 0.0611796 0.0652508 0.0692803 0.0732327 0.0770723 0.0807634 0.0842709 0.087561 0.0906012 0.0933611 0.0958131 0.0979322 0.0996966 0.101088 0.102093 0.1027 0.102904 0.102701 0.102096 0.101092 0.0997025 0.0979402 0.0958238 0.0933751 0.0906189 0.0875832 0.0842982 0.0807962 0.0771114 0.0732786 0.0693334 0.0653115 0.0612481 0.0571774 0.0531321 0.049143 0.0452388 0.0414454 0.0377856 0.0342795 0.0309436 0.0277912 0.0248322 0.0220732 0.0195179 0.0171668 0.0150178 0.0130667 0.0113068 0.00972988 0.00832635 0.00708546 0.00599578 0.00504545 0.00422245 0.0035149 0.00291126 0.00240054 0.00197246 0.00161754 0.00132729 0.0010942 0.00091187 0.000774992 0.000679423 0.000622262 
0.000723489 0.00074186 0.000803665 0.000911066 0.00106752 0.00127785 0.00154825 0.00188622 0.00230054 0.00280117 0.00339918 0.00410661 0.00493629 0.00590165 0.00701651 0.00829478 0.00975013 0.0113957 0.0132437 0.015305 0.0175888 0.0201022 0.0228498 0.0258334 0.0290517 0.0324998 0.0361693 0.040048 0.04412 0.0483654 0.0527607 0.0572788 0.0618896 0.0665597 0.0712536 0.0759335 0.0805603 0.0850937 0.0894933 0.0937187 0.0977304 0.10149 0.104962 0.108111 0.110907 0.113322 0.115332 0.116916 0.11806 0.11875 0.118981 0.11875 0.118059 0.116915 0.115331 0.113322 0.110908 0.108114 0.104968 0.1015 0.0977445 0.0937381 0.0895188 0.0851261 0.0806002 0.0759816 0.0713103 0.0666253 0.0619642 0.0573625 0.0528531 0.0484662 0.0442286 0.0401636 0.0362909 0.0326264 0.0291822 0.0259665 0.0229842 0.0202366 0.0177219 0.0154357 0.0133707 0.0115181 0.00986702 0.00840537 0.00712019 0.00599794 0.00502485 0.00418726 0.00347184 0.00286586 0.00235737 0.00193537 0.00158992 0.00131229 0.00109496 0.000931726 0.000817736 0.000749587 
0.000867055 0.000889052 0.000962659 0.00109041 0.00127633 0.00152608 0.00184685 0.00224739 0.00273789 0.00332993 0.0040363 0.00487089 0.0058485 0.00698453 0.00829478 0.00979508 0.0115009 0.0134271 0.0155873 0.0179935 0.0206557 0.0235815 0.0267755 0.030239 0.0339695 0.037961 0.0422028 0.0466804 0.0513745 0.056262 0.0613153 0.066503 0.0717902 0.0771388 0.0825081 0.087855 0.0931352 0.0983033 0.103314 0.108121 0.112681 0.11695 0.12089 0.124461 0.127629 0.130364 0.132639 0.134432 0.135725 0.136505 0.136765 0.136502 0.13572 0.134425 0.132631 0.130355 0.127619 0.124451 0.120882 0.116945 0.112679 0.108124 0.103322 0.0983189 0.0931586 0.087887 0.0825494 0.07719 0.0718517 0.0665748 0.0613975 0.0563543 0.0514764 0.0467911 0.0423215 0.0380866 0.0341008 0.0303745 0.0269139 0.0237213 0.0207955 0.0181318 0.0157228 0.0135586 0.0116273 0.00991533 0.00840813 0.00709034 0.00594629 0.00496034 0.0041172 0.00340223 0.00280162 0.00230267 0.00189385 0.00156501 0.00130742 0.00111386 0.000978658 0.000897861 
0.00103319 0.00105937 0.00114652 0.0012976 0.00151729 0.00181213 0.00219048 0.00266246 0.00323984 0.00393596 0.00476554 0.00574454 0.00688985 0.00821907 0.00975013 0.0115009 0.0134889 0.0157306 0.0182412 0.0210338 0.0241192 0.0275053 0.0311966 0.0351936 0.0394927 0.044086 0.0489606 0.0540988 0.0594781 0.0650711 0.0708461 0.0767668 0.0827931 0.0888816 0.0949859 0.101057 0.107046 0.112901 0.118572 0.124006 0.129157 0.133975 0.138417 0.142441 0.146008 0.149086 0.151645 0.15366 0.155113 0.155989 0.15628 0.155984 0.155103 0.153646 0.151627 0.149066 0.145986 0.142417 0.138393 0.133953 0.129137 0.12399 0.118561 0.112897 0.10705 0.10107 0.0950081 0.0889146 0.0828375 0.0768231 0.0709144 0.0651513 0.0595698 0.0542015 0.0490733 0.0442077 0.0396222 0.0353292 0.031337 0.0276488 0.0242642 0.0211786 0.0183843 0.0158706 0.0136243 0.0116306 0.00987313 0.00833451 0.00699708 0.00584306 0.00485503 0.00401623 0.00331085 0.00272424 0.00224316 0.00185587 0.00155229 0.00132405 0.0011646 0.00106935 
0.00122413 0.0012551 0.0013577 0.00153534 0.00179343 0.00213952 0.00258323 0.00313621 0.00381197 0.0046258 0.00559454 0.00673636 0.00807049 0.00961685 0.0113957 0.0134271 0.0157306 0.0183246 0.0212256 0.0244479 0.0280031 0.0318992 0.0361404 0.0407263 0.0456518 0.0509066 0.0564753 0.0623368 0.0684646 0.074827 0.0813872 0.0881037 0.0949309 0.101819 0.108717 0.115569 0.12232 0.128912 0.135289 0.141395 0.147176 0.152579 0.157556 0.162061 0.166053 0.169494 0.172353 0.174604 0.176226 0.177204 0.177528 0.177196 0.176212 0.174583 0.172326 0.169461 0.166016 0.162021 0.157514 0.152537 0.147135 0.141357 0.135255 0.128884 0.122299 0.115558 0.108716 0.10183 0.0949543 0.0881404 0.0814376 0.0748912 0.0685425 0.0624278 0.0565787 0.0510214 0.0457765 0.0408595 0.0362805 0.0320445 0.0281516 0.0245979 0.0213751 0.0184721 0.0158745 0.0135659 0.0115281 0.00974187 0.00818722 0.00684413 0.00569287 0.00471436 0.0038906 0.00320484 0.00264192 0.00218837 0.0018326 0.001565 0.00137802 0.00126635 
0.00144212 0.00147854 0.00159863 0.0018063 0.00210777 0.0025117 0.00302911 0.0036733 0.00445972 0.00540575 0.00653055 0.00785471 0.00939995 0.0111887 0.0132437 0.0155873 0.0182412 0.0212256 0.0245585 0.0282555 0.0323285 0.0367856 0.0416305 0.0468615 0.0524717 0.0584484 0.0647729 0.0714201 0.0783594 0.085554 0.0929618 0.100536 0.108224 0.11597 0.123717 0.131403 0.138965 0.146342 0.153469 0.160287 0.166734 0.172756 0.178297 0.183308 0.187745 0.191569 0.194744 0.197242 0.199041 0.200125 0.200484 0.200115 0.199021 0.197212 0.194706 0.191523 0.187693 0.18325 0.178235 0.172691 0.16667 0.160223 0.153409 0.146287 0.138918 0.131364 0.123689 0.115955 0.108222 0.100549 0.0929902 0.0855982 0.0784194 0.0714956 0.0648632 0.0585527 0.0525886 0.0469894 0.0417677 0.0369302 0.0324785 0.0284088 0.0247132 0.0213795 0.0183927 0.0157345 0.0133851 0.0113231 0.00952613 0.0079718 0.00663787 0.00550282 0.00454621 0.00374906 0.00309408 0.00256593 0.00215135 0.00183937 0.00162131 0.00149114 
0.00168931 0.00173189 0.00187164 0.00211305 0.0024632 0.00293197 0.0035319 0.00427812 0.00518814 0.00628166 0.0075803 0.00910727 0.0108869 0.0129444 0.015305 0.0179935 0.0210338 0.0244479 0.0282555 0.0324728 0.0371125 0.0421824 0.0476852 0.0536179 0.0599714 0.0667298 0.0738709 0.0813654 0.0891777 0.0972657 0.105581 0.114071 0.122677 0.131336 0.139984 0.148552 0.156973 0.165176 0.173094 0.180658 0.187805 0.194473 0.200603 0.206143 0.211045 0.215266 0.218769 0.221524 0.223507 0.224701 0.225096 0.224688 0.223481 0.221486 0.218719 0.215205 0.210975 0.206066 0.200519 0.194385 0.187715 0.180568 0.173005 0.165092 0.156895 0.148483 0.139926 0.131291 0.122646 0.114056 0.105583 0.0972856 0.0892157 0.0814214 0.0739443 0.0668199 0.0600769 0.0537373 0.0478166 0.0423238 0.0372617 0.0326276 0.0284135 0.024607 0.0211917 0.0181483 0.0154549 0.0130877 0.0110223 0.00923359 0.00769665 0.00638736 0.0052827 0.00436123 0.0036034 0.0029918 0.00251139 0.00214969 0.00189683 0.00174592 
0.00196776 0.00201723 0.00217895 0.00245798 0.00286239 0.00340336 0.00409508 0.00495465 0.00600181 0.00725875 0.00874973 0.0105007 0.012539 0.0148923 0.0175888 0.0206557 0.0241192 0.0280031 0.0323285 0.0371125 0.0423679 0.0481023 0.0543171 0.0610076 0.0681618 0.0757606 0.0837776 0.0921788 0.100923 0.109963 0.119243 0.128704 0.13828 0.147902 0.157498 0.166994 0.176313 0.185381 0.194122 0.202464 0.210337 0.217675 0.224415 0.230502 0.235883 0.240513 0.244353 0.247372 0.249544 0.250852 0.251283 0.250836 0.249513 0.247325 0.244292 0.240438 0.235795 0.230404 0.224309 0.217562 0.210219 0.202344 0.194003 0.185264 0.176202 0.166891 0.157406 0.147823 0.138216 0.128657 0.119215 0.109954 0.100935 0.0922111 0.0838301 0.0758327 0.0682522 0.0611149 0.0544395 0.0482376 0.0425138 0.0372664 0.032488 0.0281657 0.0242823 0.0208171 0.0177463 0.015044 0.0126832 0.0106361 0.00887503 0.0073731 0.00610453 0.00504525 0.00417328 0.00346897 0.00291538 0.00249835 0.00220675 0.00203278 
0.0022793 0.00233646 0.00252254 0.00284327 0.00330775 0.00392855 0.00472169 0.00570633 0.00690464 0.00834143 0.0100438 0.0120406 0.0143621 0.017039 0.0201022 0.0235815 0.0275053 0.0318992 0.0367856 0.0421824 0.0481023 0.0545521 0.061532 0.0690348 0.0770455 0.0855413 0.0944908 0.103855 0.113587 0.123632 0.133929 0.144411 0.155005 0.165635 0.176222 0.186682 0.196936 0.206899 0.216492 0.225635 0.234256 0.242282 0.249647 0.256292 0.262162 0.26721 0.271395 0.274682 0.277047 0.278469 0.278938 0.27845 0.277009 0.274626 0.271321 0.26712 0.262057 0.256173 0.249517 0.242142 0.234109 0.225484 0.216339 0.206748 0.196789 0.186543 0.176093 0.16552 0.154905 0.144329 0.133867 0.123591 0.113568 0.10386 0.0945183 0.0855913 0.0771171 0.0691265 0.061642 0.0546782 0.0482419 0.042333 0.0369444 0.0320634 0.027672 0.0237482 0.0202663 0.0171983 0.0145146 0.0121846 0.0101778 0.00846435 0.00701553 0.00580451 0.0048067 0.00400009 0.00336565 0.00288749 0.00255306 0.00235358 
0.00262554 0.0026912 0.00290412 0.00327075 0.00380126 0.00450979 0.0054142 0.00653594 0.00789971 0.0095331 0.0114662 0.0137309 0.0163606 0.019389 0.0228498 0.0267755 0.0311966 0.0361404 0.0416305 0.0476852 0.0543171 0.061532 0.0693282 0.0776956 0.086616 0.0960618 0.105997 0.116377 0.127147 0.138247 0.149608 0.161155 0.172809 0.184485 0.196096 0.207553 0.218767 0.22965 0.240115 0.250078 0.25946 0.268185 0.276185 0.283396 0.289761 0.295231 0.299762 0.30332 0.305878 0.307416 0.307923 0.307394 0.305834 0.303255 0.299676 0.295125 0.289638 0.283256 0.276031 0.268019 0.259284 0.249895 0.239928 0.229463 0.218583 0.207375 0.195927 0.184329 0.172669 0.161034 0.149508 0.13817 0.127094 0.116349 0.105995 0.0960859 0.0866648 0.077768 0.0694223 0.0616456 0.0544476 0.0478298 0.0417861 0.036304 0.0313651 0.026946 0.0230194 0.019555 0.0165207 0.0138831 0.0116086 0.00966439 0.00801868 0.00664169 0.00550607 0.00458733 0.00386419 0.0033189 0.00293743 0.00270996 
0.00300776 0.00308275 0.00332505 0.00374184 0.00434448 0.00514871 0.00617442 0.00744543 0.0089891 0.010836 0.0130192 0.015574 0.0185367 0.0219444 0.0258334 0.030239 0.0351936 0.0407263 0.0468615 0.0536179 0.0610076 0.0690348 0.0776956 0.086977 0.0968564 0.107302 0.118271 0.129713 0.141567 0.153765 0.16623 0.178881 0.191628 0.20438 0.217042 0.229519 0.241714 0.253533 0.264883 0.275675 0.285826 0.295256 0.303894 0.311672 0.318532 0.324422 0.329299 0.333127 0.335878 0.337531 0.338075 0.337506 0.335828 0.333053 0.329202 0.324302 0.318391 0.311511 0.303716 0.295063 0.28562 0.27546 0.264661 0.253309 0.241491 0.229301 0.216832 0.204182 0.191445 0.178717 0.166089 0.153648 0.141476 0.12965 0.118236 0.107296 0.0968787 0.0870263 0.0777703 0.0691326 0.0611258 0.0537537 0.0470115 0.0408872 0.035362 0.0304116 0.026007 0.022116 0.0187036 0.0157336 0.0131696 0.0109753 0.00911597 0.00755866 0.00627314 0.00523228 0.00441247 0.00379398 0.0033612 0.00310318 
0.00342683 0.003512 0.00378622 0.00425748 0.00493837 0.00584633 0.00700337 0.00843578 0.0101738 0.0122509 0.0147035 0.0175701 0.0208904 0.0247045 0.0290517 0.0339695 0.0394927 0.0456518 0.0524717 0.0599714 0.0681618 0.0770455 0.086616 0.0968564 0.10774 0.119228 0.131275 0.14382 0.156797 0.170129 0.183731 0.197514 0.211381 0.225232 0.238964 0.252476 0.265663 0.278425 0.290665 0.302288 0.313208 0.323341 0.332612 0.340952 0.348303 0.354609 0.359828 0.363921 0.366861 0.368628 0.369209 0.3686 0.366806 0.363839 0.359719 0.354476 0.348145 0.340773 0.332411 0.323122 0.312974 0.302042 0.290409 0.278164 0.265401 0.252216 0.238712 0.22499 0.211154 0.197306 0.183546 0.169969 0.156665 0.143718 0.131204 0.119189 0.107732 0.096879 0.0866677 0.0771242 0.0682646 0.0600954 0.0526135 0.0458076 0.039659 0.0341426 0.0292279 0.0248804 0.021063 0.0177365 0.0148613 0.0123979 0.0103082 0.00855631 0.00710883 0.00593589 0.00501143 0.00431364 0.00382525 0.00353414 
0.00388318 0.00397938 0.00428806 0.00481805 0.00558325 0.00660287 0.00790113 0.00950692 0.0114533 0.0137771 0.0165179 0.0197176 0.0234192 0.0276658 0.0324998 0.037961 0.044086 0.0509066 0.0584484 0.0667298 0.0757606 0.0855413 0.0960618 0.107302 0.119228 0.131799 0.144958 0.158641 0.172772 0.187266 0.202031 0.216968 0.231972 0.246935 0.261747 0.276299 0.29048 0.304185 0.317311 0.329759 0.341439 0.352265 0.36216 0.371053 0.378882 0.385595 0.391146 0.395498 0.398623 0.400499 0.401116 0.400469 0.398563 0.395409 0.391028 0.385449 0.37871 0.370855 0.361938 0.352023 0.341178 0.329483 0.317022 0.303888 0.290179 0.275998 0.261451 0.246648 0.231699 0.216714 0.2018 0.187061 0.172596 0.158497 0.144848 0.131723 0.119187 0.107294 0.0960872 0.0855974 0.075845 0.0668392 0.0585792 0.051055 0.044248 0.0381325 0.0326769 0.0278448 0.0235964 0.0198899 0.0166824 0.0139312 0.0115951 0.0096345 0.00801318 0.00669833 0.00566134 0.00487822 0.00432997 0.00400324 
0.00437672 0.00448477 0.00483039 0.00542329 0.00627871 0.00741771 0.0088668 0.0106575 0.0128261 0.0154123 0.0184593 0.0220123 0.0261176 0.0308216 0.0361693 0.0422028 0.0489606 0.0564753 0.0647729 0.0738709 0.0837776 0.0944908 0.105997 0.118271 0.131275 0.144958 0.15926 0.174108 0.189416 0.205092 0.221036 0.237138 0.253287 0.269366 0.285259 0.300847 0.316016 0.330654 0.344654 0.357913 0.370338 0.38184 0.392341 0.401769 0.410063 0.417168 0.423039 0.42764 0.430941 0.432924 0.433575 0.432892 0.430878 0.427544 0.422913 0.417012 0.409877 0.401556 0.392101 0.381576 0.370052 0.357608 0.344334 0.330323 0.315678 0.300507 0.284921 0.269036 0.252969 0.236837 0.220757 0.20484 0.189194 0.173919 0.159107 0.144842 0.131196 0.11823 0.105993 0.0945214 0.0838404 0.0739627 0.06489 0.0566137 0.049116 0.0423709 0.0363456 0.0310021 0.0262983 0.0221894 0.0186296 0.0155729 0.0129746 0.0107918 0.0089852 0.00751891 0.00636173 0.00548741 0.00487517 0.00451037 
0.00490675 0.00502747 0.00541243 0.00607223 0.00702354 0.0082893 0.00989838 0.0118851 0.0142886 0.0171522 0.0205223 0.0244476 0.0289777 0.0341619 0.040048 0.0466804 0.0540988 0.0623368 0.0714201 0.0813654 0.0921788 0.103855 0.116377 0.129713 0.14382 0.158641 0.174108 0.190137 0.206638 0.223508 0.240637 0.257908 0.275201 0.292391 0.309355 0.325967 0.342108 0.35766 0.372513 0.38656 0.399706 0.411861 0.422945 0.432887 0.441624 0.449102 0.455278 0.460114 0.463584 0.465666 0.466351 0.465633 0.463517 0.460015 0.455145 0.448938 0.441428 0.43266 0.42269 0.411578 0.399398 0.38623 0.372164 0.357297 0.341734 0.325588 0.308975 0.292017 0.274837 0.25756 0.24031 0.223207 0.206368 0.189902 0.173909 0.158483 0.143702 0.129636 0.11634 0.103857 0.0922172 0.0814369 0.071521 0.0624628 0.0542454 0.046843 0.0402218 0.0343424 0.0291604 0.0246285 0.0206977 0.0173187 0.0144434 0.0120257 0.0100228 0.00839603 0.00711134 0.00614023 0.00546002 0.00505479 
0.005472 0.00560613 0.00603267 0.00676315 0.00781566 0.00921509 0.0109927 0.0131857 0.0158362 0.0189909 0.0226996 0.0270145 0.0319883 0.0376734 0.04412 0.0513745 0.0594781 0.0684646 0.0783594 0.0891777 0.100923 0.113587 0.127147 0.141567 0.156797 0.172772 0.189416 0.206638 0.224337 0.242402 0.260714 0.279148 0.297574 0.315861 0.333877 0.351492 0.36858 0.38502 0.400696 0.415502 0.429339 0.442117 0.453755 0.464182 0.473337 0.481166 0.487627 0.492684 0.49631 0.498486 0.499202 0.498452 0.496241 0.492581 0.48749 0.480996 0.473133 0.463945 0.453487 0.441818 0.429013 0.415151 0.400322 0.384628 0.368174 0.351077 0.333458 0.315444 0.297165 0.278753 0.260339 0.242053 0.224018 0.206355 0.189171 0.172569 0.156637 0.141452 0.127075 0.113558 0.100934 0.0892262 0.0784415 0.0685758 0.0596137 0.0515297 0.0442895 0.0378523 0.0321718 0.027198 0.022879 0.0191624 0.0159966 0.0133321 0.0111229 0.00932709 0.00790807 0.0068349 0.00608303 0.00563515 
0.00607047 0.00621873 0.00668893 0.00749354 0.0086521 0.0101915 0.0121455 0.0145539 0.0174622 0.0209203 0.0249815 0.0297012 0.0351354 0.0413392 0.0483654 0.056262 0.0650711 0.074827 0.085554 0.0972657 0.109963 0.123632 0.138247 0.153765 0.170129 0.187266 0.205092 0.223508 0.242402 0.261655 0.281139 0.300719 0.320259 0.339619 0.35866 0.377247 0.39525 0.412542 0.429006 0.444533 0.459024 0.472388 0.484546 0.495426 0.50497 0.513124 0.519849 0.525108 0.528879 0.531141 0.531885 0.531106 0.52881 0.525005 0.51971 0.512951 0.504761 0.495184 0.484269 0.472079 0.458684 0.444164 0.428611 0.412124 0.394814 0.376799 0.358205 0.339162 0.319808 0.30028 0.280717 0.261258 0.242035 0.223176 0.2048 0.187018 0.169926 0.153609 0.138138 0.12357 0.109944 0.0972889 0.085615 0.0749212 0.0651938 0.0564077 0.0485289 0.041515 0.0353182 0.0298861 0.025164 0.0210961 0.0176275 0.0147056 0.0122809 0.0103085 0.0087489 0.00756889 0.00674195 0.00624943 
0.00669954 0.00686255 0.00737825 0.00826005 0.00952898 0.0112139 0.013351 0.015983 0.0191585 0.0229307 0.0273561 0.0324935 0.038402 0.0451395 0.0527607 0.0613153 0.0708461 0.0813872 0.0929618 0.105581 0.119243 0.133929 0.149608 0.16623 0.183731 0.202031 0.221036 0.240637 0.260714 0.281139 0.301774 0.322476 0.343101 0.363501 0.383532 0.403053 0.421929 0.440031 0.457241 0.473446 0.488549 0.502459 0.515097 0.526394 0.536293 0.544744 0.551707 0.557151 0.561052 0.563392 0.564161 0.563357 0.560983 0.557048 0.551569 0.544571 0.536084 0.526149 0.514815 0.502142 0.488199 0.473064 0.456829 0.439593 0.421469 0.402576 0.383044 0.363008 0.342609 0.321994 0.301307 0.280695 0.260299 0.240257 0.220696 0.201736 0.183484 0.166032 0.14946 0.133831 0.119193 0.105577 0.0929996 0.0814624 0.0709537 0.0614498 0.0529164 0.0453107 0.038583 0.0326788 0.0275406 0.0231097 0.0193281 0.0161394 0.0134912 0.0113355 0.0096299 0.00833882 0.00743382 0.00689487 
0.00735583 0.00753415 0.00809692 0.00905852 0.0104415 0.0122766 0.0146026 0.0174649 0.0209153 0.0250102 0.0298094 0.0353749 0.0417686 0.049051 0.0572788 0.066503 0.0767668 0.0881037 0.100536 0.114071 0.128704 0.144411 0.161155 0.178881 0.197514 0.216968 0.237138 0.257908 0.279148 0.300719 0.322476 0.344267 0.36594 0.38734 0.408318 0.428728 0.44843 0.467295 0.4852 0.502036 0.517703 0.532113 0.545189 0.556864 0.567083 0.5758 0.582976 0.588583 0.592599 0.595007 0.5958 0.594974 0.592532 0.588483 0.582841 0.575629 0.566877 0.55662 0.544908 0.531795 0.517348 0.501646 0.484777 0.466841 0.44795 0.428227 0.407801 0.386814 0.365412 0.343745 0.321966 0.30023 0.278686 0.25748 0.236751 0.216626 0.197221 0.178639 0.160967 0.144277 0.128621 0.114038 0.100548 0.0881581 0.0768576 0.0666246 0.0574252 0.0492161 0.0419463 0.0355592 0.0299949 0.0251917 0.0210884 0.0176254 0.0147471 0.0124024 0.0105462 0.00914051 0.00815492 0.00756803 
0.00803532 0.00822939 0.0088405 0.00988398 0.0113838 0.0133729 0.0158921 0.0189901 0.0227212 0.0271453 0.0323253 0.0383262 0.0452128 0.0530478 0.0618896 0.0717902 0.0827931 0.0949309 0.108224 0.122677 0.13828 0.155005 0.172809 0.191628 0.211381 0.231972 0.253287 0.275201 0.297574 0.320259 0.343101 0.36594 0.388616 0.410969 0.432844 0.454091 0.474567 0.49414 0.512689 0.530103 0.546284 0.561146 0.574614 0.586626 0.597128 0.606077 0.613439 0.619188 0.623303 0.625771 0.626585 0.62574 0.62324 0.619092 0.61331 0.605912 0.596927 0.586387 0.574337 0.56083 0.545929 0.52971 0.512259 0.493676 0.474072 0.45357 0.432304 0.410415 0.388055 0.365381 0.342551 0.319727 0.297067 0.274727 0.252853 0.231583 0.211043 0.191343 0.17258 0.154833 0.138163 0.122613 0.10821 0.0949628 0.0828656 0.0718974 0.0620252 0.0532053 0.0453859 0.0385085 0.0325108 0.0273284 0.022897 0.0191541 0.0160406 0.0135025 0.0114921 0.00996897 0.00890078 0.00826476 
0.00873329 0.00894344 0.00960381 0.0107307 0.0123495 0.014495 0.0172107 0.0205476 0.0245634 0.0293208 0.0348858 0.0413264 0.0487098 0.057101 0.0665597 0.0771388 0.0888816 0.101819 0.11597 0.131336 0.147902 0.165635 0.184485 0.20438 0.225232 0.246935 0.269366 0.292391 0.315861 0.339619 0.363501 0.38734 0.410969 0.434223 0.45694 0.478967 0.50016 0.520385 0.53952 0.557457 0.574099 0.589363 0.603176 0.615481 0.626227 0.635376 0.642897 0.648765 0.652964 0.655483 0.656313 0.655454 0.652906 0.648676 0.642775 0.635221 0.626036 0.615252 0.602908 0.589054 0.573749 0.557066 0.539089 0.519915 0.499655 0.478432 0.45638 0.433645 0.41038 0.386748 0.362914 0.339047 0.315312 0.291873 0.268887 0.246501 0.224849 0.204052 0.184215 0.165425 0.14775 0.131241 0.115929 0.101828 0.0889344 0.0772303 0.0666832 0.0572498 0.0488772 0.0415056 0.0350704 0.0295047 0.0247412 0.0207145 0.0173624 0.014628 0.012461 0.0108184 0.00966622 0.00898023 
0.0094444 0.00967084 0.010381 0.0115921 0.013331 0.0156344 0.018548 0.0221257 0.0264278 0.03152 0.0374713 0.0443524 0.0522329 0.0611796 0.0712536 0.0825081 0.0949859 0.108717 0.123717 0.139984 0.157498 0.176222 0.196096 0.217042 0.238964 0.261747 0.285259 0.309355 0.333877 0.35866 0.383532 0.408318 0.432844 0.45694 0.480439 0.503187 0.525036 0.545853 0.565517 0.58392 0.600969 0.616583 0.630695 0.643249 0.654202 0.663517 0.671168 0.677134 0.681402 0.683961 0.684806 0.683935 0.681349 0.677053 0.671056 0.663373 0.654023 0.643033 0.630439 0.616285 0.600628 0.583536 0.56509 0.545384 0.524528 0.502643 0.479866 0.456343 0.432231 0.407698 0.382913 0.358052 0.333289 0.308795 0.284737 0.26127 0.238538 0.216672 0.195785 0.175972 0.15731 0.139856 0.123647 0.108701 0.0950181 0.0825827 0.0713639 0.0613187 0.0523936 0.0445275 0.0376541 0.0317038 0.0266069 0.0222948 0.0187025 0.0157704 0.0134454 0.0116824 0.0104454 0.00970897 
0.0101627 0.0104056 0.0111656 0.0124611 0.0143203 0.0167816 0.0198932 0.0237112 0.028299 0.0337249 0.0400608 0.0473797 0.0557536 0.0652508 0.0759335 0.087855 0.101057 0.115569 0.131403 0.148552 0.166994 0.186682 0.207553 0.229519 0.252476 0.276299 0.300847 0.325967 0.351492 0.377247 0.403053 0.428728 0.454091 0.478967 0.503187 0.526592 0.549036 0.570384 0.590517 0.609329 0.62673 0.642643 0.657007 0.669769 0.68089 0.690339 0.698093 0.704136 0.708457 0.711048 0.711905 0.711025 0.708411 0.704065 0.697994 0.690209 0.680727 0.66957 0.656768 0.642362 0.626404 0.608957 0.590098 0.56992 0.548528 0.526045 0.502604 0.478356 0.453459 0.428083 0.402405 0.376606 0.350868 0.325369 0.300284 0.275779 0.252007 0.229107 0.207202 0.186395 0.166771 0.148393 0.131304 0.115528 0.101068 0.087912 0.0760298 0.0653793 0.0559067 0.0475499 0.0402409 0.033908 0.0284787 0.023882 0.02005 0.0169202 0.0144372 0.0125536 0.0112318 0.0104449 
0.0108819 0.011141 0.0119507 0.0133301 0.0153086 0.0179266 0.0212343 0.0252904 0.0301608 0.0359165 0.0426319 0.0503824 0.059242 0.0692803 0.0805603 0.0931352 0.107046 0.12232 0.138965 0.156973 0.176313 0.196936 0.218767 0.241714 0.265663 0.29048 0.316016 0.342108 0.36858 0.39525 0.421929 0.44843 0.474567 0.50016 0.525036 0.549036 0.572012 0.59383 0.614372 0.633537 0.651238 0.667401 0.681971 0.694899 0.706153 0.715705 0.723537 0.729637 0.733997 0.736611 0.737476 0.736592 0.733958 0.729577 0.723452 0.715592 0.706009 0.69472 0.681752 0.66714 0.65093 0.633181 0.613967 0.593375 0.57151 0.54849 0.52445 0.499539 0.473921 0.447766 0.421257 0.39458 0.367923 0.341474 0.315416 0.289921 0.265154 0.241262 0.218377 0.196611 0.176055 0.156781 0.138838 0.122253 0.107035 0.093174 0.0806419 0.0693973 0.0593867 0.050547 0.0428086 0.0360981 0.0303406 0.0254623 0.0213929 0.0180673 0.0154276 0.0134246 0.0120185 0.0111815 
0.0115951 0.0118703 0.0127289 0.0141907 0.0162866 0.0190586 0.022559 0.0268488 0.0319962 0.0380749 0.0451616 0.0533338 0.0626672 0.0732327 0.0850937 0.0983033 0.112901 0.128912 0.146342 0.165176 0.185381 0.206899 0.22965 0.253533 0.278425 0.304185 0.330654 0.35766 0.38502 0.412542 0.440031 0.467295 0.49414 0.520385 0.545853 0.570384 0.59383 0.616058 0.636953 0.656417 0.674366 0.690733 0.705465 0.718522 0.729874 0.7395 0.747387 0.753525 0.75791 0.76054 0.761411 0.760525 0.75788 0.753477 0.747318 0.739406 0.729751 0.718365 0.70527 0.690494 0.67408 0.656081 0.636566 0.615618 0.593338 0.569843 0.545267 0.51976 0.493484 0.466615 0.439339 0.411847 0.384334 0.356994 0.330019 0.30359 0.277879 0.253043 0.229223 0.206538 0.185089 0.164953 0.146186 0.12882 0.112868 0.0983236 0.0851603 0.0733379 0.062803 0.0534921 0.0453343 0.0382545 0.0321755 0.0270213 0.022719 0.0192011 0.0164076 0.0142869 0.0127981 0.0119119 
0.0122952 0.0125861 0.0134923 0.0150345 0.0172448 0.0201667 0.0238545 0.0283714 0.0337878 0.0401798 0.0476262 0.0562066 0.0659979 0.0770723 0.0894933 0.103314 0.118572 0.135289 0.153469 0.173094 0.194122 0.216492 0.240115 0.264883 0.290665 0.317311 0.344654 0.372513 0.400696 0.429006 0.457241 0.4852 0.512689 0.53952 0.565517 0.590517 0.614372 0.636953 0.658147 0.677858 0.696008 0.712535 0.727391 0.740541 0.751961 0.761635 0.769554 0.775714 0.780113 0.78275 0.783626 0.78274 0.780091 0.775679 0.769502 0.761561 0.75186 0.740408 0.72722 0.712321 0.695747 0.677545 0.65778 0.636531 0.613894 0.589985 0.564936 0.538895 0.512027 0.48451 0.456532 0.42829 0.399985 0.371818 0.343986 0.316681 0.290083 0.264357 0.239652 0.216096 0.193798 0.17284 0.153285 0.135172 0.118517 0.103315 0.0895447 0.0771654 0.0661245 0.0563582 0.0477946 0.0403569 0.0339661 0.028544 0.0240154 0.0203106 0.0173673 0.0151323 0.0135628 0.0126286 
0.0129749 0.0132809 0.0142331 0.0158528 0.0181733 0.0212397 0.0251078 0.0298431 0.035518 0.0422107 0.0500021 0.0589734 0.0692029 0.0807634 0.0937187 0.108121 0.124006 0.141395 0.160287 0.180658 0.202464 0.225635 0.250078 0.275675 0.302288 0.329759 0.357913 0.38656 0.415502 0.444533 0.473446 0.502036 0.530103 0.557457 0.58392 0.609329 0.633537 0.656417 0.677858 0.697769 0.716077 0.732724 0.747668 0.76088 0.772341 0.78204 0.789973 0.796139 0.800541 0.80318 0.804058 0.803175 0.800529 0.796118 0.789937 0.781986 0.772263 0.760772 0.747524 0.732538 0.715843 0.697482 0.677514 0.656015 0.633076 0.60881 0.583347 0.556835 0.529439 0.501339 0.472726 0.443801 0.414769 0.38584 0.357217 0.329099 0.301674 0.275117 0.249582 0.225208 0.202109 0.180375 0.160076 0.141254 0.123931 0.108105 0.093755 0.0808443 0.0693201 0.0591181 0.0501658 0.0423849 0.0356949 0.0300154 0.0252693 0.0213846 0.0182971 0.0159519 0.0143047 0.0133243 
