0.00366563 0.00369688 0.00379761 0.00396853 0.00421045 0.00452446 0.00491192 0.00537438 0.00591356 0.00653129 0.00722942 0.00800978 0.0088741 0.0098239 0.0108605 0.0119847 0.0131972 0.0144978 0.015886 0.0173606 0.0189195 0.0205602 0.022279 0.0240715 0.0259325 0.0278558 0.0298343 0.0318602 0.0339246 0.036018 0.03813 0.0402497 0.0423655 0.0444653 0.0465366 0.0485667 0.0505427 0.0524517 0.0542809 0.0560178 0.0576501 0.0591663 0.0605554 0.0618072 0.0629123 0.0638625 0.0646505 0.0652704 0.0657174 0.0659881 0.0660804 0.0659935 0.0657283 0.0652867 0.0646722 0.0638896 0.0629449 0.0618452 0.0605989 0.0592152 0.0577044 0.0560774 0.0543458 0.0525217 0.0506178 0.0486466 0.0466212 0.0445544 0.0424588 0.0403469 0.0382308 0.036122 0.0340315 0.0319694 0.0299455 0.0279684 0.0260461 0.0241856 0.0223929 0.0206735 0.0190317 0.017471 0.0159942 0.0146032 0.0132992 0.012083 0.0109545 0.00991324 0.00895832 0.00808851 0.0073023 0.00659801 0.00597384 0.00542797 0.00495861 0.00456408 0.00424286 0.00399364 0.00381533 0.00370739 
0.00369688 0.00372842 0.00383002 0.0040024 0.00424638 0.00456305 0.00495378 0.00542014 0.00596386 0.00658676 0.00729072 0.00807757 0.00894905 0.00990669 0.0109518 0.0120852 0.0133076 0.0146187 0.0160181 0.0175046 0.019076 0.0207297 0.0224621 0.0242687 0.0261443 0.0280826 0.0300765 0.032118 0.0341983 0.0363076 0.0384357 0.0405715 0.0427032 0.0448187 0.0469054 0.0489506 0.0509412 0.0528642 0.0547068 0.0564563 0.0581005 0.0596277 0.0610268 0.0622876 0.0634006 0.0643576 0.0651513 0.0657756 0.0662257 0.0664983 0.0665912 0.0665037 0.0662365 0.0657917 0.0651728 0.0643845 0.0634329 0.0623253 0.0610699 0.0596762 0.0581544 0.0565155 0.0547712 0.0529337 0.0510157 0.04903 0.0469895 0.0449073 0.042796 0.0406683 0.0385361 0.0364113 0.0343048 0.032227 0.0301875 0.0281951 0.0262578 0.0243827 0.022576 0.020843 0.0191881 0.017615 0.0161263 0.0147242 0.0134097 0.0121836 0.0110459 0.00999614 0.0090334 0.00815643 0.00736373 0.00665361 0.00602427 0.00547386 0.00500059 0.00460278 0.00427888 0.00402758 0.00384779 0.00373896 
0.00379761 0.00383002 0.00393428 0.00411111 0.00436136 0.00468613 0.00508681 0.005565 0.00612245 0.00676102 0.00748259 0.00828905 0.00918212 0.0101634 0.0112341 0.0123951 0.0136471 0.0149898 0.0164227 0.0179445 0.019553 0.0212456 0.0230184 0.0248669 0.0267856 0.0287683 0.0308075 0.0328951 0.0350221 0.0371785 0.0393538 0.0415366 0.043715 0.0458766 0.0480086 0.0500978 0.0521311 0.0540952 0.0559769 0.0577635 0.0594423 0.0610016 0.0624299 0.063717 0.0648531 0.0658299 0.0666399 0.0672771 0.0677364 0.0680145 0.0681092 0.0680197 0.0677469 0.0672928 0.0666609 0.0658561 0.0648846 0.0637537 0.062472 0.0610489 0.0594949 0.0578213 0.05604 0.0541633 0.0522043 0.0501758 0.0480913 0.0459638 0.0438065 0.0416321 0.0394529 0.037281 0.0351275 0.0330031 0.0309175 0.0288799 0.0268984 0.0249802 0.0231318 0.0213585 0.0196649 0.0180547 0.0165308 0.0150953 0.0137493 0.0124937 0.0113284 0.0102531 0.00926677 0.00836824 0.00755596 0.00682822 0.0061832 0.00561905 0.00513393 0.00472613 0.0043941 0.00413648 0.0039522 0.00384066 
0.00396853 0.0040024 0.00411111 0.00429542 0.00455617 0.00489451 0.00531187 0.00580987 0.00639031 0.00705509 0.00780615 0.00864537 0.00957455 0.0105952 0.0117087 0.0129159 0.0142173 0.0156127 0.0171014 0.0186821 0.0203525 0.0221097 0.0239498 0.025868 0.0278586 0.029915 0.0320296 0.0341938 0.0363984 0.0386329 0.0408866 0.0431475 0.0454035 0.0476416 0.0498486 0.0520109 0.054115 0.0561472 0.0580938 0.0599417 0.0616779 0.0632902 0.064767 0.0660976 0.067272 0.0682816 0.0691187 0.0697771 0.0702517 0.0705389 0.0706365 0.0705439 0.0702616 0.069792 0.0691386 0.0683065 0.067302 0.0661327 0.0648072 0.0633356 0.0617284 0.0599973 0.0581545 0.0562129 0.0541857 0.0520865 0.0499288 0.0477264 0.0454926 0.0432408 0.0409836 0.0387334 0.0365019 0.0343001 0.032138 0.0300253 0.0279702 0.0259803 0.0240624 0.022222 0.0204639 0.018792 0.0172094 0.0157181 0.0143196 0.0130147 0.0118034 0.0106854 0.00965967 0.00872508 0.00788005 0.00712284 0.0064516 0.00586443 0.00535946 0.00493495 0.00458929 0.0043211 0.00412927 0.0040132 
0.00421045 0.00424638 0.00436136 0.00455617 0.00483169 0.00518911 0.0056299 0.00615575 0.0067685 0.00747012 0.00826258 0.00914784 0.0101277 0.0112038 0.0123773 0.0136492 0.0150198 0.0164891 0.0180561 0.0197194 0.0214765 0.0233242 0.0252585 0.0272743 0.0293654 0.031525 0.033745 0.0360164 0.0383294 0.0406733 0.0430364 0.0454065 0.0477708 0.0501157 0.0524274 0.0546919 0.0568948 0.0590219 0.0610591 0.0629925 0.0648088 0.0664952 0.0680396 0.0694308 0.0706586 0.0717139 0.0725888 0.0732768 0.0737727 0.0740726 0.0741743 0.0740772 0.0737819 0.0732906 0.0726073 0.0717371 0.0706865 0.0694635 0.0680772 0.0665377 0.0648563 0.0630449 0.0611165 0.0590843 0.0569621 0.054764 0.0525043 0.0501971 0.0478566 0.0454965 0.0431303 0.0407708 0.0384302 0.0361201 0.0338512 0.0316332 0.0294752 0.0273851 0.0253698 0.0234355 0.0215871 0.0198288 0.0181638 0.0165944 0.0151223 0.0137482 0.0124724 0.0112944 0.0102134 0.00922821 0.00833719 0.00753859 0.00683052 0.00621101 0.00567815 0.00523014 0.00486532 0.00458227 0.00437983 0.0042574 
0.00452446 0.00456305 0.00468613 0.00489451 0.00518911 0.00557118 0.00604223 0.00660402 0.00725848 0.00800764 0.00885354 0.00979818 0.0108434 0.0119908 0.0132418 0.0145971 0.016057 0.0176214 0.0192892 0.0210588 0.0229275 0.0248918 0.0269473 0.0290885 0.031309 0.0336012 0.0359566 0.0383658 0.0408181 0.0433023 0.045806 0.0483163 0.0508196 0.0533016 0.0557477 0.0581431 0.0604728 0.0627216 0.0648749 0.066918 0.0688369 0.0706182 0.0722492 0.0737181 0.0750143 0.0761282 0.0770515 0.0777774 0.0783005 0.0786167 0.0787237 0.0786208 0.0783087 0.0777899 0.0770682 0.0761491 0.0750396 0.0737478 0.0722834 0.0706571 0.0688805 0.0669663 0.064928 0.0627795 0.0605355 0.0582106 0.05582 0.0533785 0.050901 0.0484021 0.0458959 0.043396 0.0409154 0.0384662 0.0360598 0.0337067 0.0314163 0.0291972 0.0270568 0.0250016 0.023037 0.0211674 0.0193964 0.0177265 0.0161595 0.0146963 0.0133373 0.012082 0.0109298 0.00987933 0.00892899 0.00807699 0.00732137 0.00666013 0.00609128 0.00561292 0.00522337 0.00492113 0.00470501 0.00457436 
0.00491192 0.00495378 0.00508681 0.00531187 0.0056299 0.00604223 0.00655044 0.00715637 0.00786203 0.00866952 0.00958098 0.0105985 0.0117239 0.0129589 0.0143047 0.0157622 0.0173315 0.0190125 0.0208038 0.0227035 0.0247087 0.0268156 0.0290193 0.031314 0.0336925 0.0361469 0.0386679 0.0412452 0.0438678 0.0465233 0.0491986 0.05188 0.0545528 0.057202 0.0598121 0.0623671 0.0648513 0.0672486 0.0695433 0.07172 0.073764 0.0756608 0.0773972 0.0789608 0.0803402 0.0815254 0.0825077 0.0832798 0.0838359 0.084172 0.0842855 0.0841755 0.083843 0.0832905 0.0825221 0.0815436 0.0803623 0.0789868 0.0774273 0.0756951 0.0738026 0.0717632 0.069591 0.067301 0.0649084 0.062429 0.0598787 0.0572733 0.0546288 0.0519604 0.0492834 0.0466121 0.0439605 0.0413414 0.0387672 0.0362489 0.0337968 0.03142 0.0291266 0.0269236 0.0248167 0.022811 0.0209102 0.0191171 0.0174339 0.0158616 0.0144006 0.0130506 0.011811 0.0106805 0.00965738 0.00873987 0.00792592 0.00721345 0.00660041 0.00608482 0.0056649 0.0053391 0.00510616 0.00496543 
0.00537438 0.00542014 0.005565 0.00580987 0.00615575 0.00660402 0.00715637 0.00781471 0.00858116 0.00945791 0.0104472 0.0115511 0.0127716 0.0141104 0.0155688 0.0171474 0.0188464 0.0206654 0.0226029 0.0246567 0.0268235 0.0290992 0.0314783 0.0339544 0.0365198 0.0391657 0.0418823 0.0446584 0.0474818 0.0503395 0.0532174 0.0561006 0.0589734 0.0618198 0.064623 0.0673663 0.0700325 0.0726046 0.0750659 0.0774001 0.0795912 0.0816241 0.0834846 0.0851596 0.086637 0.0879061 0.0889577 0.0897841 0.0903792 0.0907385 0.0908596 0.0907414 0.0903849 0.0897927 0.0889694 0.0879209 0.0866551 0.0851811 0.0835098 0.081653 0.079624 0.0774371 0.0751073 0.0726504 0.0700828 0.0674213 0.0646829 0.0618844 0.0590428 0.0561746 0.053296 0.0504225 0.047569 0.0447494 0.0419769 0.0392635 0.0366202 0.034057 0.0315827 0.0292047 0.0269296 0.0247627 0.0227082 0.0207694 0.0189484 0.0172468 0.0156649 0.0142028 0.0128595 0.011634 0.0105246 0.00952932 0.00864614 0.00787287 0.00720735 0.00664754 0.00619156 0.00583778 0.00558488 0.00543217 
0.00591356 0.00596386 0.00612245 0.00639031 0.0067685 0.00725848 0.00786203 0.00858116 0.00941809 0.0103751 0.0114546 0.0126587 0.0139894 0.0154484 0.017037 0.0187558 0.0206049 0.0225835 0.0246901 0.0269219 0.0292755 0.0317461 0.0343277 0.0370132 0.0397943 0.0426613 0.0456034 0.0486085 0.0516635 0.0547542 0.0578653 0.0609809 0.0640839 0.0671572 0.0701827 0.0731423 0.0760178 0.078791 0.0814438 0.0839587 0.0863189 0.0885081 0.0905111 0.092314 0.0939038 0.0952692 0.0964004 0.0972891 0.0979289 0.098315 0.0984447 0.0983171 0.097933 0.0972954 0.096409 0.0952802 0.0939173 0.0923303 0.0905305 0.0885307 0.086345 0.0839886 0.0814776 0.078829 0.0760603 0.0731894 0.0702345 0.0672138 0.0641455 0.0610473 0.0579366 0.0548302 0.051744 0.0486933 0.0456922 0.0427538 0.03989 0.0371118 0.0344285 0.0318486 0.0293791 0.027026 0.0247939 0.0226865 0.0207063 0.018855 0.0171333 0.0155411 0.0140779 0.0127424 0.011533 0.0104476 0.00948419 0.00864043 0.00791408 0.00730299 0.00680519 0.00641896 0.00614291 0.0059763 
0.00653129 0.00658676 0.00676102 0.00705509 0.00747012 0.00800764 0.00866952 0.00945791 0.0103751 0.0114236 0.0126057 0.0139238 0.0153799 0.0169757 0.0187123 0.0205905 0.0226101 0.0247701 0.0270686 0.0295027 0.0320682 0.0347599 0.0375711 0.0404941 0.0435194 0.0466368 0.0498342 0.0530986 0.0564156 0.0597698 0.0631447 0.0665228 0.069886 0.0732155 0.076492 0.079696 0.0828077 0.0858075 0.0886763 0.0913952 0.0939459 0.0963113 0.098475 0.100422 0.102138 0.103612 0.104833 0.105792 0.106482 0.106898 0.107038 0.1069 0.106484 0.105796 0.104838 0.103619 0.102147 0.100432 0.0984877 0.0963266 0.0939643 0.0914168 0.0887016 0.0858367 0.082841 0.0797338 0.0765345 0.0732629 0.0699385 0.0665803 0.0632073 0.0598375 0.0564883 0.0531761 0.0499162 0.046723 0.0436095 0.0405875 0.0376675 0.0348586 0.0321686 0.0296042 0.0271705 0.0248716 0.0227106 0.0206892 0.0188085 0.0170686 0.015469 0.0140083 0.0126851 0.0114971 0.0104424 0.00951832 0.00872268 0.00805317 0.00750772 0.00708452 0.00678209 0.00659966 
0.00722942 0.00729072 0.00748259 0.00780615 0.00826258 0.00885354 0.00958098 0.0104472 0.0114546 0.0126057 0.0139031 0.0153491 0.0169459 0.018695 0.0205978 0.0226546 0.0248652 0.0272283 0.0297418 0.0324021 0.0352047 0.0381436 0.0412115 0.0443997 0.047698 0.0510948 0.0545772 0.0581308 0.06174 0.0653879 0.0690566 0.0727273 0.0763802 0.0799949 0.0835506 0.0870263 0.0904006 0.0936526 0.0967614 0.0997068 0.102469 0.10503 0.107372 0.109479 0.111336 0.112931 0.114251 0.115288 0.116033 0.116483 0.116633 0.116483 0.116034 0.115288 0.114252 0.112932 0.111339 0.109483 0.107377 0.105037 0.102479 0.0997191 0.0967769 0.0936716 0.0904236 0.0870536 0.0835826 0.0800317 0.0764222 0.0727746 0.0691094 0.0654461 0.0618036 0.0581998 0.0546513 0.0511737 0.0477814 0.0444872 0.0413026 0.0382377 0.0353012 0.0325003 0.029841 0.0273279 0.0249642 0.0227524 0.0206935 0.018788 0.0170353 0.0154343 0.0139833 0.0126802 0.0115229 0.0105087 0.00963523 0.0089001 0.00830112 0.00783637 0.00750431 0.0073041 
0.00800978 0.00807757 0.00828905 0.00864537 0.00914784 0.00979818 0.0105985 0.0115511 0.0126587 0.0139238 0.0153491 0.0169371 0.0186899 0.0206091 0.0226959 0.0249507 0.0273728 0.0299609 0.0327122 0.0356228 0.0386875 0.0418997 0.0452511 0.0487322 0.0523317 0.056037 0.0598336 0.0637061 0.0676372 0.0716086 0.0756009 0.0795935 0.083565 0.0874934 0.0913562 0.0951304 0.0987933 0.102322 0.105694 0.108888 0.111883 0.114659 0.117196 0.119479 0.12149 0.123216 0.124645 0.125768 0.126575 0.127061 0.127223 0.12706 0.126572 0.125765 0.124642 0.123212 0.121486 0.119475 0.117193 0.114657 0.111883 0.10889 0.105699 0.10233 0.0988047 0.0951459 0.0913762 0.0875183 0.0835952 0.0796292 0.0756424 0.071656 0.0676905 0.0637652 0.0598985 0.0561074 0.0524074 0.0488126 0.0453359 0.0419882 0.0387792 0.035717 0.0328081 0.0300578 0.0274699 0.0250471 0.0227908 0.0207017 0.0187793 0.0170226 0.0154299 0.0139991 0.0127279 0.0116136 0.0106537 0.00984573 0.00918728 0.00867639 0.0083114 0.00809146 
0.0088741 0.00894905 0.00918212 0.00957455 0.0101277 0.0108434 0.0117239 0.0127716 0.0139894 0.0153799 0.0169459 0.0186899 0.0206141 0.0227201 0.025009 0.0274809 0.0301351 0.0329698 0.0359817 0.0391666 0.0425183 0.0460296 0.0496912 0.0534926 0.0574214 0.0614635 0.0656033 0.0698237 0.0741061 0.0784303 0.0827753 0.0871186 0.0914372 0.095707 0.0999038 0.104003 0.10798 0.111809 0.115468 0.118932 0.122179 0.125188 0.127937 0.13041 0.132589 0.134458 0.136005 0.13722 0.138093 0.138619 0.138794 0.138617 0.138089 0.137213 0.135997 0.134448 0.132577 0.130398 0.127925 0.125176 0.122168 0.118922 0.11546 0.111804 0.107978 0.104005 0.0999105 0.0957186 0.0914541 0.0871413 0.0828041 0.0784654 0.0741476 0.0698717 0.0656577 0.0615241 0.057488 0.0535648 0.0497686 0.0461116 0.0426043 0.0392559 0.0360736 0.0330634 0.0302296 0.0275754 0.0251025 0.0228119 0.0207032 0.0187754 0.017027 0.0154558 0.0140594 0.0128351 0.0117801 0.0108919 0.010168 0.00960633 0.00920511 0.00896345 
0.0098239 0.00990669 0.0101634 0.0105952 0.0112038 0.0119908 0.0129589 0.0141104 0.0154484 0.0169757 0.018695 0.0206091 0.0227201 0.0250296 0.0275385 0.0302468 0.0331535 0.0362563 0.0395516 0.0430342 0.0466977 0.0505335 0.0545316 0.0586803 0.0629658 0.0673729 0.0718843 0.0764812 0.0811434 0.0858491 0.0905751 0.0952973 0.0999905 0.104629 0.109186 0.113635 0.11795 0.122104 0.126071 0.129826 0.133344 0.136603 0.139582 0.142259 0.144617 0.146641 0.148315 0.149629 0.150574 0.151142 0.151331 0.151139 0.150566 0.149618 0.148301 0.146624 0.144598 0.142238 0.139559 0.13658 0.133321 0.129803 0.12605 0.122085 0.117934 0.113623 0.109178 0.104626 0.0999928 0.0953055 0.0905897 0.0858704 0.0811717 0.0765166 0.0719267 0.0674224 0.0630221 0.0587431 0.0546005 0.0506078 0.0467769 0.0431177 0.0396384 0.0363457 0.0332446 0.0303387 0.0276301 0.02512 0.0228084 0.0206943 0.0187762 0.017052 0.015519 0.0141746 0.0130159 0.0120401 0.0112448 0.0106277 0.010187 0.0099216 
0.0108605 0.0109518 0.0112341 0.0117087 0.0123773 0.0132418 0.0143047 0.0155688 0.017037 0.0187123 0.0205978 0.0226959 0.025009 0.0275385 0.0302852 0.0332489 0.0364283 0.0398205 0.0434214 0.0472253 0.0512247 0.0554101 0.0597706 0.064293 0.0689623 0.0737616 0.0786722 0.0836736 0.0887435 0.0938583 0.098993 0.104121 0.109216 0.114249 0.119191 0.124015 0.128692 0.133192 0.137489 0.141554 0.145362 0.148889 0.152111 0.155007 0.157557 0.159744 0.161554 0.162974 0.163995 0.164609 0.164812 0.164604 0.163984 0.162959 0.161534 0.15972 0.157529 0.154976 0.152078 0.148854 0.145327 0.141518 0.137453 0.133158 0.12866 0.123987 0.119167 0.114229 0.109202 0.104113 0.098992 0.0938645 0.0887571 0.0836949 0.0787014 0.0737986 0.0690069 0.064345 0.0598296 0.0554757 0.0512961 0.0473019 0.0435024 0.0399049 0.0365153 0.0333375 0.0303743 0.027627 0.025096 0.0227804 0.0206786 0.0187886 0.0171078 0.0156334 0.0143623 0.0132917 0.0124191 0.0117419 0.0112582 0.0109672 
0.0119847 0.0120852 0.0123951 0.0129159 0.0136492 0.0145971 0.0157622 0.0171474 0.0187558 0.0205905 0.0226546 0.0249507 0.0274809 0.0302468 0.0332489 0.0364868 0.0399586 0.0436612 0.0475898 0.0517378 0.0560968 0.0606564 0.0654044 0.0703263 0.0754056 0.0806238 0.0859604 0.0913931 0.0968977 0.102449 0.108018 0.113579 0.1191 0.124553 0.129905 0.135127 0.140187 0.145056 0.149702 0.154096 0.158212 0.162023 0.165503 0.168629 0.171383 0.173744 0.175697 0.177229 0.17833 0.178992 0.179211 0.178986 0.178317 0.177209 0.175671 0.173712 0.171346 0.168588 0.165458 0.161975 0.158163 0.154046 0.149651 0.145006 0.140139 0.135082 0.129864 0.124516 0.119069 0.113554 0.108 0.102438 0.0968951 0.0913989 0.0859747 0.0806468 0.0754371 0.0703662 0.0654523 0.0607119 0.0561591 0.0518064 0.0476638 0.0437397 0.0400406 0.0365712 0.0333347 0.0303328 0.027566 0.0250338 0.0227346 0.0206664 0.0188266 0.0172122 0.0158201 0.0146475 0.0136915 0.0129496 0.0124198 0.0121011 
0.0131972 0.0133076 0.0136471 0.0142173 0.0150198 0.016057 0.0173315 0.0188464 0.0206049 0.0226101 0.0248652 0.0273728 0.0301351 0.0331535 0.0364283 0.0399586 0.0437424 0.0477758 0.0520534 0.0565678 0.0613096 0.0662672 0.0714271 0.0767734 0.0822881 0.0879508 0.0937393 0.0996292 0.105594 0.111607 0.117637 0.123654 0.129627 0.135523 0.141308 0.14695 0.152416 0.157672 0.162686 0.167428 0.171867 0.175976 0.179728 0.183098 0.186065 0.188609 0.190713 0.192363 0.193549 0.194261 0.194497 0.194253 0.193532 0.192338 0.19068 0.188569 0.186019 0.183046 0.179671 0.175915 0.171803 0.167361 0.162618 0.157604 0.152349 0.146886 0.141248 0.135467 0.129577 0.12361 0.1176 0.111578 0.105574 0.0996178 0.0937372 0.0879582 0.082305 0.0767997 0.0714625 0.0663112 0.0613616 0.0566272 0.0521193 0.0478473 0.0438184 0.040038 0.0365099 0.0332362 0.0302177 0.0274541 0.0249439 0.0226852 0.0206753 0.0189111 0.0173897 0.0161078 0.0150625 0.0142514 0.0136722 0.0133239 
0.0144978 0.0146187 0.0149898 0.0156127 0.0164891 0.0176214 0.0190125 0.0206654 0.0225835 0.0247701 0.0272283 0.0299609 0.0329698 0.0362563 0.0398205 0.0436612 0.0477758 0.05216 0.0568073 0.0617096 0.0668564 0.072235 0.0778303 0.0836249 0.0895992 0.0957309 0.101996 0.108368 0.114818 0.121316 0.127831 0.134329 0.140776 0.147137 0.153377 0.159459 0.16535 0.171012 0.176412 0.181518 0.186296 0.190717 0.194753 0.198378 0.201568 0.204303 0.206565 0.208338 0.209612 0.210377 0.21063 0.210367 0.209592 0.208308 0.206525 0.204255 0.201512 0.198314 0.194683 0.190642 0.186216 0.181435 0.176327 0.170926 0.165264 0.159376 0.153296 0.14706 0.140705 0.134264 0.127774 0.121267 0.114778 0.108338 0.101976 0.0957213 0.0896001 0.0836362 0.0778518 0.0722662 0.0668969 0.0617586 0.0568639 0.0522233 0.0478448 0.0437346 0.0398971 0.0363349 0.0330491 0.0300396 0.0273052 0.0248439 0.022653 0.0207296 0.0190704 0.0176722 0.016532 0.0156471 0.0150153 0.0146355 
0.015886 0.0160181 0.0164227 0.0171014 0.0180561 0.0192892 0.0208038 0.0226029 0.0246901 0.0270686 0.0297418 0.0327122 0.0359817 0.0395516 0.0434214 0.0475898 0.0520534 0.0568073 0.0618443 0.0671552 0.0727283 0.0785497 0.0846028 0.0908685 0.0973254 0.103949 0.110714 0.117591 0.124549 0.131556 0.138577 0.145578 0.15252 0.159368 0.166082 0.172624 0.178957 0.185044 0.190846 0.19633 0.201461 0.206207 0.210539 0.214428 0.217851 0.220784 0.223209 0.225111 0.226476 0.227296 0.227566 0.227284 0.226452 0.225075 0.223163 0.220727 0.217784 0.214352 0.210455 0.206117 0.201365 0.196229 0.190742 0.184938 0.178852 0.17252 0.16598 0.15927 0.152428 0.145492 0.138499 0.131486 0.124488 0.117541 0.110675 0.103921 0.0973087 0.0908633 0.0846089 0.0785668 0.0727559 0.0671924 0.0618905 0.0568613 0.0521143 0.0476562 0.0434921 0.0396252 0.036057 0.0327877 0.0298161 0.0271405 0.0247582 0.0226662 0.0208611 0.0193398 0.018099 0.017136 0.0164485 0.0160353 
0.0173606 0.0175046 0.0179445 0.0186821 0.0197194 0.0210588 0.0227035 0.0246567 0.0269219 0.0295027 0.0324021 0.0356228 0.0391666 0.0430342 0.0472253 0.0517378 0.0565678 0.0617096 0.0671552 0.0728942 0.0789139 0.0851987 0.0917306 0.0984888 0.10545 0.112588 0.119874 0.127277 0.134765 0.142301 0.14985 0.157373 0.164831 0.172184 0.17939 0.18641 0.193202 0.199728 0.205947 0.211823 0.217319 0.222401 0.227039 0.231202 0.234864 0.238003 0.240597 0.242631 0.244091 0.244968 0.245256 0.244954 0.244063 0.24259 0.240543 0.237936 0.234786 0.231113 0.226941 0.222295 0.217205 0.211704 0.205824 0.199602 0.193075 0.186283 0.179266 0.172063 0.164715 0.157264 0.149749 0.142209 0.134682 0.127205 0.119814 0.11254 0.105414 0.0984657 0.09172 0.0852002 0.0789271 0.0729185 0.0671896 0.0617532 0.0566194 0.0517962 0.0472891 0.0431021 0.039237 0.0356943 0.0324733 0.0295721 0.0269883 0.0247187 0.0227599 0.0211088 0.019762 0.0187166 0.0179704 0.0175221 
0.0189195 0.019076 0.019553 0.0203525 0.0214765 0.0229275 0.0247087 0.0268235 0.0292755 0.0320682 0.0352047 0.0386875 0.0425183 0.0466977 0.0512247 0.0560968 0.0613096 0.0668564 0.0727283 0.0789139 0.0853989 0.0921665 0.0991968 0.106467 0.113952 0.121624 0.129451 0.137401 0.145438 0.153523 0.161619 0.169683 0.177673 0.185548 0.193263 0.200775 0.208042 0.21502 0.221669 0.227948 0.23382 0.239249 0.244201 0.248646 0.252555 0.255904 0.258672 0.260842 0.262399 0.263334 0.263641 0.263318 0.262367 0.260795 0.25861 0.255828 0.252465 0.248544 0.244088 0.239126 0.233689 0.22781 0.221525 0.214873 0.207892 0.200626 0.193115 0.185403 0.177533 0.169549 0.161493 0.153407 0.145331 0.137306 0.129369 0.121555 0.113896 0.106425 0.0991679 0.092151 0.0853965 0.0789238 0.0727498 0.0668883 0.0613508 0.0561461 0.0512806 0.0467587 0.042583 0.0387543 0.035272 0.0321346 0.0293395 0.0268837 0.0247639 0.0229766 0.0215186 0.0203868 0.019579 0.0190938 
0.0205602 0.0207297 0.0212456 0.0221097 0.0233242 0.0248918 0.0268156 0.0290992 0.0317461 0.0347599 0.0381436 0.0418997 0.0460296 0.0505335 0.0554101 0.0606564 0.0662672 0.072235 0.0785497 0.0851987 0.0921665 0.0994344 0.106981 0.114782 0.122809 0.131033 0.13942 0.147934 0.156536 0.165188 0.173846 0.182467 0.191006 0.199418 0.207656 0.215674 0.223427 0.23087 0.237959 0.244652 0.25091 0.256693 0.261967 0.2667 0.270861 0.274426 0.277372 0.279681 0.281338 0.282332 0.282659 0.282314 0.281302 0.279628 0.277303 0.274341 0.270761 0.266585 0.26184 0.256554 0.250761 0.244495 0.237795 0.230701 0.223255 0.215501 0.207483 0.199248 0.190841 0.182308 0.173695 0.165046 0.156405 0.147815 0.139314 0.130941 0.122731 0.114719 0.106933 0.0994007 0.0921471 0.085193 0.0785569 0.072254 0.066297 0.0606956 0.0554572 0.0505869 0.0460877 0.041961 0.0382064 0.0348225 0.0318071 0.0291571 0.0268691 0.0249397 0.0233655 0.0221436 0.0212714 0.0207477 
0.022279 0.0224621 0.0230184 0.0239498 0.0252585 0.0269473 0.0290193 0.0314783 0.0343277 0.0375711 0.0412115 0.0452511 0.0496912 0.0545316 0.0597706 0.0654044 0.0714271 0.0778303 0.0846028 0.0917306 0.0991968 0.106981 0.11506 0.123407 0.131993 0.140785 0.149747 0.158841 0.168025 0.177258 0.186493 0.195685 0.204786 0.213747 0.222519 0.231055 0.239305 0.247223 0.254761 0.261877 0.268527 0.274672 0.280274 0.2853 0.289718 0.293502 0.296629 0.299079 0.300837 0.301892 0.302238 0.301872 0.300798 0.29902 0.296552 0.293407 0.289606 0.285171 0.280131 0.274516 0.268359 0.261699 0.254576 0.247031 0.23911 0.230857 0.222322 0.213551 0.204594 0.195499 0.186315 0.177089 0.167868 0.158696 0.149616 0.140669 0.131892 0.123322 0.114991 0.106928 0.0991591 0.0917081 0.0845945 0.0778353 0.0714443 0.0654323 0.0598078 0.0545764 0.049742 0.0453061 0.041269 0.0376294 0.0343852 0.0315334 0.0290707 0.0269936 0.0252988 0.0239831 0.023044 0.0224803 
0.0240715 0.0242687 0.0248669 0.025868 0.0272743 0.0290885 0.031314 0.0339544 0.0370132 0.0404941 0.0443997 0.0487322 0.0534926 0.0586803 0.064293 0.0703263 0.0767734 0.0836249 0.0908685 0.0984888 0.106467 0.114782 0.123407 0.132315 0.141474 0.150847 0.160398 0.170085 0.179864 0.18969 0.199514 0.209289 0.218962 0.228483 0.2378 0.246862 0.255617 0.264017 0.272012 0.279556 0.286605 0.293116 0.299051 0.304373 0.309052 0.313059 0.316369 0.318962 0.320822 0.321938 0.322304 0.321916 0.320778 0.318897 0.316283 0.312954 0.308928 0.304232 0.298892 0.292943 0.286419 0.279359 0.271805 0.263803 0.255398 0.246639 0.237576 0.228261 0.218743 0.209076 0.199309 0.189494 0.17968 0.169914 0.160241 0.150706 0.141348 0.132207 0.123316 0.114708 0.10641 0.0984482 0.0908436 0.0836148 0.0767769 0.0703419 0.0643193 0.0587155 0.053535 0.0487801 0.0444511 0.0405473 0.0370666 0.0340062 0.0313628 0.0291329 0.0273132 0.0259004 0.0248921 0.024287 
0.0259325 0.0261443 0.0267856 0.0278586 0.0293654 0.031309 0.0336925 0.0365198 0.0397943 0.0435194 0.047698 0.0523317 0.0574214 0.0629658 0.0689623 0.0754056 0.0822881 0.0895992 0.0973254 0.10545 0.113952 0.122809 0.131993 0.141474 0.151216 0.161183 0.171334 0.181624 0.192009 0.202438 0.212861 0.223227 0.233481 0.243569 0.253438 0.263033 0.2723 0.281187 0.289644 0.297621 0.305072 0.311952 0.318223 0.323845 0.328786 0.333017 0.336511 0.339248 0.341211 0.342389 0.342775 0.342366 0.341164 0.339177 0.336418 0.332902 0.328651 0.32369 0.318049 0.311762 0.304867 0.297403 0.289415 0.28095 0.272056 0.262785 0.253188 0.24332 0.233235 0.222986 0.212628 0.202214 0.191796 0.181426 0.17115 0.161015 0.151066 0.141341 0.131879 0.122713 0.113875 0.10539 0.0972828 0.0895728 0.0822768 0.075408 0.0689767 0.0629906 0.0574547 0.0523717 0.0477427 0.043567 0.039843 0.0365678 0.0337383 0.0313511 0.0294027 0.02789 0.0268104 0.0261626 
0.0278558 0.0280826 0.0287683 0.029915 0.031525 0.0336012 0.0361469 0.0391657 0.0426613 0.0466368 0.0510948 0.056037 0.0614635 0.0673729 0.0737616 0.0806238 0.0879508 0.0957309 0.103949 0.112588 0.121624 0.131033 0.140785 0.150847 0.161183 0.171752 0.182511 0.193414 0.204411 0.215451 0.22648 0.237443 0.248284 0.258945 0.26937 0.279502 0.289285 0.298663 0.307584 0.315996 0.323851 0.331103 0.33771 0.343633 0.348838 0.353293 0.356972 0.359853 0.36192 0.36316 0.363565 0.363134 0.361868 0.359777 0.356871 0.353168 0.34869 0.343465 0.337521 0.330896 0.323627 0.315758 0.307333 0.298403 0.289017 0.279229 0.269094 0.258669 0.24801 0.237174 0.226218 0.215199 0.20417 0.193187 0.1823 0.171557 0.161006 0.150689 0.140646 0.130914 0.121525 0.112508 0.103888 0.0956873 0.0879237 0.0806119 0.0737633 0.0673863 0.0614868 0.0560683 0.0511321 0.0466781 0.0427047 0.0392094 0.0361892 0.0336406 0.0315603 0.0299451 0.0287923 0.0281008 
0.0298343 0.0300765 0.0308075 0.0320296 0.033745 0.0359566 0.0386679 0.0418823 0.0456034 0.0498342 0.0545772 0.0598336 0.0656033 0.0718843 0.0786722 0.0859604 0.0937393 0.101996 0.110714 0.119874 0.129451 0.13942 0.149747 0.160398 0.171334 0.182511 0.193885 0.205405 0.21702 0.228675 0.240314 0.251878 0.263308 0.274546 0.285529 0.2962 0.306499 0.316369 0.325755 0.334602 0.342861 0.350485 0.357428 0.363652 0.369119 0.373798 0.377662 0.380687 0.382857 0.384158 0.384584 0.384131 0.382802 0.380605 0.377553 0.373664 0.368961 0.36347 0.357225 0.350261 0.34262 0.334344 0.325483 0.316086 0.306207 0.295901 0.285227 0.274242 0.263007 0.25158 0.240023 0.228394 0.21675 0.205149 0.193645 0.182289 0.17113 0.160214 0.149583 0.139277 0.12933 0.119773 0.110633 0.101934 0.0936956 0.0859334 0.0786603 0.0718856 0.0656159 0.0598555 0.0546064 0.0498686 0.0456409 0.0419212 0.0387063 0.0359931 0.0337781 0.0320582 0.0308307 0.0300946 
0.0318602 0.032118 0.0328951 0.0341938 0.0360164 0.0383658 0.0412452 0.0446584 0.0486085 0.0530986 0.0581308 0.0637061 0.0698237 0.0764812 0.0836736 0.0913931 0.0996292 0.108368 0.117591 0.127277 0.137401 0.147934 0.158841 0.170085 0.181624 0.193414 0.205405 0.217546 0.229781 0.242053 0.254302 0.266468 0.278489 0.290302 0.301844 0.313052 0.323867 0.334227 0.344076 0.353357 0.362019 0.370012 0.37729 0.383812 0.38954 0.394442 0.398488 0.401657 0.403929 0.405292 0.405737 0.405262 0.40387 0.401569 0.398373 0.394298 0.389371 0.383617 0.377072 0.369772 0.361759 0.35308 0.343783 0.333921 0.323551 0.312728 0.301515 0.289971 0.278159 0.266142 0.253982 0.241742 0.229482 0.217261 0.205136 0.193163 0.181393 0.169874 0.158651 0.147766 0.137256 0.127154 0.117489 0.108287 0.099568 0.0913502 0.0836472 0.0764696 0.0698249 0.0637179 0.0581512 0.0531255 0.0486397 0.044692 0.0412795 0.0383989 0.036047 0.0342207 0.0329174 0.0321359 
0.0339246 0.0341983 0.0350221 0.0363984 0.0383294 0.0408181 0.0438678 0.0474818 0.0516635 0.0564156 0.06174 0.0676372 0.0741061 0.0811434 0.0887435 0.0968977 0.105594 0.114818 0.124549 0.134765 0.145438 0.156536 0.168025 0.179864 0.192009 0.204411 0.21702 0.229781 0.242635 0.255523 0.268382 0.281148 0.293757 0.306142 0.318239 0.329982 0.341309 0.352156 0.362464 0.372175 0.381236 0.389594 0.397203 0.404021 0.410007 0.415129 0.419356 0.422666 0.425039 0.426463 0.426927 0.426431 0.424977 0.422573 0.419233 0.414977 0.409827 0.403814 0.396971 0.389339 0.380959 0.371879 0.36215 0.351828 0.340969 0.329634 0.317884 0.305784 0.293399 0.280793 0.268033 0.255183 0.242306 0.229466 0.216722 0.204131 0.191749 0.179626 0.167809 0.156344 0.145269 0.134619 0.124426 0.114717 0.105515 0.0968382 0.0887021 0.0811183 0.0740952 0.0676384 0.0617511 0.0564345 0.051688 0.0475098 0.0438974 0.0408476 0.0383573 0.0364234 0.0350432 0.0342159 
0.036018 0.0363076 0.0371785 0.0386329 0.0406733 0.0433023 0.0465233 0.0503395 0.0547542 0.0597698 0.0653879 0.0716086 0.0784303 0.0858491 0.0938583 0.102449 0.111607 0.121316 0.131556 0.142301 0.153523 0.165188 0.177258 0.18969 0.202438 0.215451 0.228675 0.242053 0.255523 0.269022 0.282486 0.295848 0.309039 0.321992 0.334638 0.34691 0.358743 0.370071 0.380832 0.390968 0.400421 0.40914 0.417076 0.424183 0.430424 0.435762 0.440168 0.443617 0.446089 0.447572 0.448056 0.447539 0.446024 0.443519 0.440038 0.435602 0.430234 0.423965 0.41683 0.408869 0.400127 0.390653 0.380499 0.369721 0.35838 0.346538 0.334258 0.321608 0.308654 0.295465 0.282109 0.268653 0.255165 0.241709 0.228348 0.215142 0.202149 0.189424 0.177015 0.16497 0.15333 0.142133 0.131411 0.121195 0.111509 0.102372 0.0938013 0.0858098 0.0784068 0.0715986 0.0653892 0.0597802 0.0547714 0.0503614 0.0465479 0.0433278 0.0406981 0.0386559 0.0371985 0.0363249 
0.03813 0.0384357 0.0393538 0.0408866 0.0430364 0.045806 0.0491986 0.0532174 0.0578653 0.0631447 0.0690566 0.0756009 0.0827753 0.0905751 0.098993 0.108018 0.117637 0.127831 0.138577 0.14985 0.161619 0.173846 0.186493 0.199514 0.212861 0.22648 0.240314 0.254302 0.268382 0.282486 0.296548 0.310497 0.324263 0.337775 0.350963 0.363756 0.376086 0.387886 0.399093 0.409645 0.419484 0.428556 0.436811 0.444204 0.450693 0.456243 0.460823 0.464408 0.466978 0.468519 0.469022 0.468484 0.466909 0.464306 0.460687 0.456075 0.450494 0.443974 0.436553 0.428271 0.419174 0.409313 0.398741 0.387516 0.375701 0.363359 0.350558 0.337365 0.323851 0.310086 0.296142 0.282088 0.267995 0.253929 0.239957 0.226142 0.212545 0.199221 0.186224 0.173602 0.1614 0.149658 0.138411 0.127689 0.11752 0.107924 0.0989198 0.0905212 0.0827386 0.0755793 0.0690477 0.0631462 0.0578749 0.0532329 0.0492179 0.0458273 0.0430581 0.0409073 0.0393724 0.0384526 
0.0402497 0.0405715 0.0415366 0.0431475 0.0454065 0.0483163 0.05188 0.0561006 0.0609809 0.0665228 0.0727273 0.0795935 0.0871186 0.0952973 0.104121 0.113579 0.123654 0.134329 0.145578 0.157373 0.169683 0.182467 0.195685 0.209289 0.223227 0.237443 0.251878 0.266468 0.281148 0.295848 0.310497 0.325024 0.339354 0.353415 0.367132 0.380435 0.393252 0.405515 0.417157 0.428116 0.438332 0.447749 0.456316 0.463986 0.470717 0.476474 0.481223 0.484941 0.487605 0.489202 0.489724 0.489167 0.487534 0.484834 0.481082 0.476298 0.470509 0.463746 0.456045 0.44745 0.438007 0.427767 0.416787 0.405125 0.392847 0.380016 0.366704 0.352979 0.338916 0.324586 0.310063 0.295421 0.280732 0.266066 0.251492 0.237077 0.222882 0.208967 0.195389 0.182197 0.169439 0.157158 0.145389 0.134166 0.123518 0.113466 0.104031 0.0952284 0.0870685 0.0795599 0.0727078 0.0665151 0.0609825 0.0561094 0.0518938 0.0483332 0.0454248 0.0431658 0.0415538 0.0405878 
0.0423655 0.0427032 0.043715 0.0454035 0.0477708 0.0508196 0.0545528 0.0589734 0.0640839 0.069886 0.0763802 0.083565 0.0914372 0.0999905 0.109216 0.1191 0.129627 0.140776 0.15252 0.164831 0.177673 0.191006 0.204786 0.218962 0.233481 0.248284 0.263308 0.278489 0.293757 0.309039 0.324263 0.339354 0.354235 0.368831 0.383066 0.396866 0.410158 0.42287 0.434936 0.44629 0.456871 0.466623 0.475492 0.483432 0.490398 0.496355 0.501269 0.505114 0.50787 0.509522 0.510062 0.509485 0.507796 0.505003 0.501122 0.496172 0.490182 0.483182 0.475211 0.466312 0.456532 0.445925 0.434548 0.422462 0.409732 0.396426 0.382615 0.368372 0.353772 0.33889 0.323802 0.308585 0.293313 0.278059 0.262895 0.247889 0.233108 0.218613 0.204463 0.19071 0.177405 0.164592 0.152309 0.140592 0.129471 0.11897 0.109109 0.0999064 0.0913733 0.0835191 0.0763498 0.0698688 0.0640774 0.0589753 0.0545609 0.0508318 0.0477855 0.0454193 0.0437307 0.042719 
0.0444653 0.0448187 0.0458766 0.0476416 0.0501157 0.0533016 0.057202 0.0618198 0.0671572 0.0732155 0.0799949 0.0874934 0.095707 0.104629 0.114249 0.124553 0.135523 0.147137 0.159368 0.172184 0.185548 0.199418 0.213747 0.228483 0.243569 0.258945 0.274546 0.290302 0.306142 0.321992 0.337775 0.353415 0.368831 0.383947 0.398684 0.412966 0.426717 0.439865 0.45234 0.464076 0.475011 0.485086 0.494247 0.502446 0.509639 0.515788 0.520861 0.52483 0.527674 0.529379 0.529936 0.529341 0.527597 0.524715 0.520709 0.5156 0.509415 0.502187 0.493955 0.484763 0.474659 0.463697 0.451936 0.439439 0.426271 0.412505 0.398211 0.383465 0.368344 0.352925 0.337288 0.321511 0.305671 0.289844 0.274104 0.258523 0.243169 0.228107 0.213397 0.199096 0.185255 0.171921 0.159134 0.146932 0.135347 0.124404 0.114125 0.104529 0.0956293 0.087435 0.0799535 0.0731886 0.0671423 0.0618146 0.0572042 0.0533091 0.0501268 0.0476548 0.0458907 0.0448339 
0.0465366 0.0469054 0.0480086 0.0498486 0.0524274 0.0557477 0.0598121 0.064623 0.0701827 0.076492 0.0835506 0.0913562 0.0999038 0.109186 0.119191 0.129905 0.141308 0.153377 0.166082 0.17939 0.193263 0.207656 0.222519 0.2378 0.253438 0.26937 0.285529 0.301844 0.318239 0.334638 0.350963 0.367132 0.383066 0.398684 0.413905 0.428651 0.442845 0.456412 0.469282 0.481385 0.492659 0.503045 0.512486 0.520934 0.528345 0.534678 0.539903 0.54399 0.546919 0.548675 0.549248 0.548635 0.54684 0.543872 0.539746 0.534484 0.528114 0.520667 0.512185 0.502711 0.492295 0.480992 0.468862 0.45597 0.442382 0.428171 0.413411 0.39818 0.382556 0.366619 0.350451 0.334132 0.317741 0.301359 0.285061 0.268921 0.253011 0.237398 0.222144 0.207309 0.192946 0.179104 0.165826 0.153151 0.141113 0.129738 0.119051 0.109071 0.0998121 0.0912853 0.0834981 0.0764553 0.0701594 0.0646106 0.0598082 0.0557504 0.0524348 0.0498591 0.048021 0.04692 
0.0485667 0.0489506 0.0500978 0.0520109 0.0546919 0.0581431 0.0623671 0.0673663 0.0731423 0.079696 0.0870263 0.0951304 0.104003 0.113635 0.124015 0.135127 0.14695 0.159459 0.172624 0.18641 0.200775 0.215674 0.231055 0.246862 0.263033 0.279502 0.2962 0.313052 0.329982 0.34691 0.363756 0.380435 0.396866 0.412966 0.428651 0.443842 0.45846 0.472429 0.485675 0.49813 0.509728 0.52041 0.530119 0.538804 0.546422 0.552932 0.558301 0.562501 0.565511 0.567315 0.567903 0.567274 0.56543 0.56238 0.558141 0.552733 0.546185 0.53853 0.529809 0.520066 0.509353 0.497724 0.485242 0.471971 0.45798 0.443344 0.428138 0.412441 0.396334 0.379899 0.36322 0.346379 0.32946 0.312542 0.295706 0.279027 0.26258 0.246434 0.230655 0.215303 0.200435 0.186101 0.172347 0.159214 0.146735 0.134942 0.123859 0.113505 0.103897 0.0950471 0.0869627 0.0796495 0.0731105 0.0673466 0.0623572 0.0581409 0.0546955 0.0520188 0.0501086 0.0489646 
0.0505427 0.0509412 0.0521311 0.054115 0.0568948 0.0604728 0.0648513 0.0700325 0.0760178 0.0828077 0.0904006 0.0987933 0.10798 0.11795 0.128692 0.140187 0.152416 0.16535 0.178957 0.193202 0.208042 0.223427 0.239305 0.255617 0.2723 0.289285 0.306499 0.323867 0.341309 0.358743 0.376086 0.393252 0.410158 0.426717 0.442845 0.45846 0.473482 0.487832 0.501437 0.514225 0.526132 0.537094 0.547057 0.555968 0.563782 0.570459 0.575965 0.580271 0.583357 0.585207 0.585811 0.585166 0.583275 0.580148 0.575801 0.570255 0.563539 0.555687 0.54674 0.536742 0.525746 0.513808 0.500991 0.48736 0.472986 0.457945 0.442314 0.426173 0.409605 0.392695 0.375528 0.358188 0.340762 0.323332 0.30598 0.288785 0.271823 0.255165 0.238881 0.223032 0.207678 0.192871 0.178659 0.165084 0.152182 0.139985 0.128519 0.117805 0.10786 0.0986977 0.090326 0.0827515 0.0759776 0.0700056 0.0648354 0.0604657 0.0568946 0.0541201 0.0521402 0.0509545 
0.0524517 0.0528642 0.0540952 0.0561472 0.0590219 0.0627216 0.0672486 0.0726046 0.078791 0.0858075 0.0936526 0.102322 0.111809 0.122104 0.133192 0.145056 0.157672 0.171012 0.185044 0.199728 0.21502 0.23087 0.247223 0.264017 0.281187 0.298663 0.316369 0.334227 0.352156 0.370071 0.387886 0.405515 0.42287 0.439865 0.456412 0.472429 0.487832 0.502543 0.516486 0.52959 0.541786 0.553014 0.563216 0.572339 0.580338 0.587172 0.592806 0.597214 0.600372 0.602264 0.602882 0.602222 0.600288 0.597088 0.59264 0.586964 0.580091 0.572053 0.562892 0.552654 0.541392 0.529162 0.516029 0.502058 0.487323 0.471898 0.455864 0.439303 0.422299 0.404938 0.387307 0.369495 0.351587 0.333669 0.315827 0.298139 0.280686 0.263541 0.246775 0.230453 0.214634 0.199375 0.184725 0.170727 0.15742 0.144836 0.133003 0.121944 0.111677 0.102214 0.0935672 0.0857419 0.0787424 0.0725706 0.0672267 0.0627097 0.059018 0.0561496 0.0541026 0.0528769 
0.0542809 0.0547068 0.0559769 0.0580938 0.0610591 0.0648749 0.0695433 0.0750659 0.0814438 0.0886763 0.0967614 0.105694 0.115468 0.126071 0.137489 0.149702 0.162686 0.176412 0.190846 0.205947 0.221669 0.237959 0.254761 0.272012 0.289644 0.307584 0.325755 0.344076 0.362464 0.380832 0.399093 0.417157 0.434936 0.45234 0.469282 0.485675 0.501437 0.516486 0.530746 0.544145 0.556614 0.56809 0.578515 0.587837 0.596008 0.602989 0.608744 0.613245 0.61647 0.618403 0.619034 0.618361 0.616385 0.613118 0.608575 0.602779 0.595757 0.587546 0.578186 0.567723 0.556212 0.543709 0.530279 0.51599 0.500915 0.485131 0.468718 0.451762 0.434347 0.416561 0.398495 0.380236 0.361874 0.343496 0.32519 0.307038 0.28912 0.271514 0.254292 0.23752 0.221262 0.205574 0.190508 0.176109 0.162416 0.149465 0.137284 0.125897 0.115322 0.105575 0.0966656 0.0886014 0.0813872 0.0750251 0.0695157 0.0648583 0.0610515 0.0580935 0.0559827 0.0547188 
0.0560178 0.0564563 0.0577635 0.0599417 0.0629925 0.066918 0.07172 0.0774001 0.0839587 0.0913952 0.0997068 0.108888 0.118932 0.129826 0.141554 0.154096 0.167428 0.181518 0.19633 0.211823 0.227948 0.244652 0.261877 0.279556 0.297621 0.315996 0.334602 0.353357 0.372175 0.390968 0.409645 0.428116 0.44629 0.464076 0.481385 0.49813 0.514225 0.52959 0.544145 0.557818 0.57054 0.582247 0.592879 0.602385 0.610717 0.617834 0.6237 0.628288 0.631576 0.633546 0.634189 0.633502 0.631489 0.62816 0.623529 0.61762 0.610462 0.60209 0.592544 0.581874 0.570131 0.557374 0.543669 0.529083 0.513692 0.497573 0.480808 0.463483 0.445685 0.427503 0.409028 0.390352 0.371565 0.352758 0.334017 0.315429 0.297076 0.279037 0.261387 0.244193 0.227522 0.211431 0.195973 0.181196 0.167142 0.153845 0.141335 0.129639 0.118774 0.108758 0.0996009 0.0913114 0.0838944 0.0773525 0.0716868 0.0668968 0.0629814 0.0599388 0.0577676 0.0564676 
0.0576501 0.0581005 0.0594423 0.0616779 0.0648088 0.0688369 0.073764 0.0795912 0.0863189 0.0939459 0.102469 0.111883 0.122179 0.133344 0.145362 0.158212 0.171867 0.186296 0.201461 0.217319 0.23382 0.25091 0.268527 0.286605 0.305072 0.323851 0.342861 0.362019 0.381236 0.400421 0.419484 0.438332 0.456871 0.475011 0.492659 0.509728 0.526132 0.541786 0.556614 0.57054 0.583495 0.595413 0.606237 0.615912 0.624391 0.631633 0.637602 0.64227 0.645614 0.647618 0.648273 0.647575 0.645527 0.64214 0.637429 0.631417 0.624133 0.615613 0.605898 0.595035 0.583079 0.570089 0.55613 0.541271 0.525588 0.50916 0.49207 0.474404 0.456251 0.437703 0.418851 0.399789 0.380608 0.361401 0.342257 0.323265 0.304508 0.286066 0.268017 0.250432 0.233375 0.216909 0.201087 0.185958 0.171565 0.157946 0.14513 0.133144 0.12201 0.111742 0.102354 0.0938537 0.0862471 0.0795373 0.0737254 0.0688114 0.0647943 0.0616726 0.0594449 0.0581112 
0.0591663 0.0596277 0.0610016 0.0632902 0.0664952 0.0706182 0.0756608 0.0816241 0.0885081 0.0963113 0.10503 0.114659 0.125188 0.136603 0.148889 0.162023 0.175976 0.190717 0.206207 0.222401 0.239249 0.256693 0.274672 0.293116 0.311952 0.331103 0.350485 0.370012 0.389594 0.40914 0.428556 0.447749 0.466623 0.485086 0.503045 0.52041 0.537094 0.553014 0.56809 0.582247 0.595413 0.607525 0.618522 0.628351 0.636964 0.64432 0.650383 0.655123 0.658519 0.660555 0.66122 0.660511 0.658432 0.654992 0.650208 0.644103 0.636705 0.62805 0.61818 0.607143 0.594993 0.58179 0.567599 0.552491 0.536542 0.519832 0.502444 0.484467 0.46599 0.447106 0.427909 0.408492 0.38895 0.369377 0.349864 0.330499 0.311371 0.29256 0.274144 0.256197 0.238787 0.221975 0.205817 0.190364 0.17566 0.161742 0.148644 0.136392 0.125007 0.114508 0.104906 0.0962112 0.0884294 0.0815642 0.0756172 0.0705886 0.0664774 0.0632826 0.0610027 0.0596378 
