2.00814e-11 2.10257e-11 3.19388e-11 5.74553e-11 1.07828e-10 2.02321e-10 3.75164e-10 6.85443e-10 1.23302e-09 2.18342e-09 3.80602e-09 6.53106e-09 1.10331e-08 1.835e-08 3.00494e-08 4.8454e-08 7.69408e-08 1.20326e-07 1.85345e-07 2.81233e-07 4.20401e-07 6.19182e-07 8.98623e-07 1.28525e-06 1.81173e-06 2.51731e-06 3.44794e-06 4.65591e-06 6.19879e-06 8.13775e-06 1.0535e-05 1.34503e-05 1.6937e-05 2.10371e-05 2.57763e-05 3.11594e-05 3.71656e-05 4.37456e-05 5.08198e-05 5.82782e-05 6.5983e-05 7.37722e-05 8.14661e-05 8.88741e-05 9.58031e-05 0.000102066 0.000107488 0.000111917 0.000115226 0.00011732 0.000118139 0.00011766 0.000115897 0.000112902 0.000108761 0.000103594 9.75474e-05 9.07913e-05 8.35101e-05 7.58957e-05 6.81393e-05 6.0423e-05 5.29123e-05 4.57503e-05 3.90527e-05 3.29061e-05 2.73666e-05 2.24616e-05 1.81929e-05 1.45401e-05 1.1466e-05 8.92081e-06 6.84729e-06 5.18476e-06 3.87265e-06 2.85318e-06 2.0733e-06 1.48586e-06 1.05013e-06 7.31862e-07 5.0292e-07 3.40738e-07 2.27593e-07 1.49858e-07 9.72643e-08 6.22224e-08 3.92311e-08 2.4377e-08 1.49269e-08 9.00705e-09 5.3555e-09 3.1377e-09 1.81137e-09 1.03037e-09 5.77553e-10 3.19088e-10 1.73925e-10 9.3879e-11 5.09072e-11 2.92339e-11 
2.10257e-11 2.2047e-11 3.36754e-11 6.09241e-11 1.14905e-10 2.16566e-10 4.03256e-10 7.39691e-10 1.33562e-09 2.37361e-09 4.15165e-09 7.14716e-09 1.21107e-08 2.02e-08 3.31679e-08 5.36171e-08 8.53389e-08 1.3375e-07 2.06436e-07 3.13814e-07 4.69899e-07 6.93154e-07 1.00739e-06 1.44264e-06 2.03591e-06 2.8317e-06 3.88209e-06 5.24637e-06 6.98986e-06 9.18194e-06 1.18931e-05 1.51913e-05 1.91367e-05 2.37769e-05 2.91412e-05 3.52345e-05 4.20332e-05 4.9481e-05 5.74874e-05 6.59275e-05 7.46449e-05 8.3456e-05 9.21573e-05 0.000100533 0.000108365 0.000115441 0.000121566 0.000126567 0.000130301 0.000132662 0.000133582 0.000133035 0.000131037 0.000127647 0.000122962 0.000117117 0.000110278 0.000102636 9.44003e-05 8.57873e-05 7.70133e-05 6.82844e-05 5.9788e-05 5.16862e-05 4.41103e-05 3.71582e-05 3.08935e-05 2.53475e-05 2.0522e-05 1.63939e-05 1.2921e-05 1.00467e-05 7.70625e-06 5.8307e-06 4.35139e-06 3.20284e-06 2.32493e-06 1.66425e-06 1.1747e-06 8.17526e-07 5.60925e-07 3.79403e-07 2.5296e-07 1.66236e-07 1.07667e-07 6.87218e-08 4.32245e-08 2.67894e-08 1.63594e-08 9.84292e-09 5.83466e-09 3.40746e-09 1.96048e-09 1.11126e-09 6.20595e-10 3.41546e-10 1.85412e-10 9.96475e-11 5.37797e-11 3.07263e-11 
3.19388e-11 3.36754e-11 5.16511e-11 9.36159e-11 1.76687e-10 3.33088e-10 6.20226e-10 1.13747e-09 2.05317e-09 3.64697e-09 6.3747e-09 1.09653e-08 1.85626e-08 3.09273e-08 5.07184e-08 8.18745e-08 1.30117e-07 2.03594e-07 3.13686e-07 4.75964e-07 7.11305e-07 1.04712e-06 1.51861e-06 2.17001e-06 3.05562e-06 4.24043e-06 5.80022e-06 7.82079e-06 1.03963e-05 1.3626e-05 1.76105e-05 2.24454e-05 2.82152e-05 3.49852e-05 4.27934e-05 5.16434e-05 6.14969e-05 7.22692e-05 8.38269e-05 9.59883e-05 0.000108527 0.00012118 0.000133655 0.000145645 0.000156842 0.000166945 0.000175678 0.000182797 0.000188105 0.000191451 0.000192741 0.000191939 0.000189068 0.000184211 0.000177506 0.000169142 0.000159354 0.000148412 0.00013661 0.000124257 0.00011166 9.91139e-05 8.68861e-05 7.52099e-05 6.42753e-05 5.42249e-05 4.5153e-05 3.71074e-05 3.0094e-05 2.40827e-05 1.90151e-05 1.48125e-05 1.1383e-05 8.62885e-06 6.4518e-06 4.75778e-06 3.46009e-06 2.48136e-06 1.75458e-06 1.22319e-06 8.40648e-07 5.69496e-07 3.80262e-07 2.50237e-07 1.62278e-07 1.03697e-07 6.52897e-08 4.05006e-08 2.47509e-08 1.49009e-08 8.83706e-09 5.16254e-09 2.97079e-09 1.68397e-09 9.40325e-10 5.17374e-10 2.80751e-10 1.50813e-10 8.13632e-11 4.65081e-11 
5.74553e-11 6.09241e-11 9.36159e-11 1.69515e-10 3.19339e-10 6.0073e-10 1.11606e-09 2.04199e-09 3.67682e-09 6.51442e-09 1.13569e-08 1.94821e-08 3.28874e-08 5.4635e-08 8.93296e-08 1.43762e-07 2.27751e-07 3.55218e-07 5.45505e-07 8.2495e-07 1.22868e-06 1.80257e-06 2.60523e-06 3.7099e-06 5.20592e-06 7.19967e-06 9.81438e-06 1.31887e-05 1.74738e-05 2.28279e-05 2.94097e-05 3.73688e-05 4.6835e-05 5.79062e-05 7.0636e-05 8.50212e-05 0.000100992 0.000118406 0.000137041 0.000156603 0.000176726 0.000196989 0.000216929 0.000236059 0.000253892 0.000269957 0.000283821 0.000295107 0.000303504 0.00030878 0.000310791 0.00030948 0.000304886 0.000297138 0.00028645 0.00027312 0.000257513 0.000240054 0.000221206 0.000201455 0.000181286 0.000161166 0.000141523 0.00012273 0.000105095 8.88491e-05 7.41506e-05 6.10824e-05 4.96605e-05 3.98434e-05 3.15438e-05 2.464e-05 1.8989e-05 1.44363e-05 1.08258e-05 8.00716e-06 5.84069e-06 4.2012e-06 2.97962e-06 2.08344e-06 1.43611e-06 9.75739e-07 6.53393e-07 4.31188e-07 2.80394e-07 1.79656e-07 1.13409e-07 7.05278e-08 4.32064e-08 2.60729e-08 1.54976e-08 9.07318e-09 5.23201e-09 2.97162e-09 1.66249e-09 9.16377e-10 4.98147e-10 2.68077e-10 1.44943e-10 8.31344e-11 
1.07828e-10 1.14905e-10 1.76687e-10 3.19339e-10 6.00031e-10 1.12564e-09 2.08534e-09 3.80438e-09 6.82993e-09 1.20644e-08 2.09674e-08 3.58549e-08 6.03312e-08 9.98977e-08 1.62789e-07 2.61091e-07 4.12195e-07 6.40631e-07 9.8031e-07 1.47716e-06 2.1921e-06 3.20424e-06 4.6141e-06 6.5465e-06 9.15287e-06 1.26123e-05 1.7131e-05 2.29395e-05 3.02869e-05 3.94324e-05 5.06331e-05 6.41288e-05 8.01242e-05 9.87688e-05 0.000120137 0.00014421 0.000170859 0.000199833 0.00023076 0.000263143 0.000296379 0.000329773 0.000362569 0.000393976 0.000423201 0.000449488 0.000472139 0.000490549 0.000504222 0.000512787 0.000516015 0.000513819 0.000506261 0.000493547 0.000476023 0.000454167 0.000428568 0.000399908 0.000368936 0.000336438 0.000303205 0.000269997 0.000237517 0.00020638 0.000177096 0.000150057 0.000125531 0.000103668 8.4505e-05 6.79862e-05 5.39778e-05 4.22883e-05 3.26883e-05 2.49281e-05 1.87526e-05 1.39144e-05 1.01824e-05 7.34792e-06 5.22832e-06 3.66767e-06 2.53628e-06 1.72876e-06 1.16132e-06 7.68776e-07 5.01462e-07 3.22273e-07 2.04042e-07 1.2726e-07 7.81835e-08 4.73108e-08 2.81976e-08 1.65521e-08 9.56933e-09 5.44874e-09 3.0558e-09 1.68842e-09 9.20016e-10 4.96328e-10 2.69128e-10 1.54997e-10 
2.02321e-10 2.16566e-10 3.33088e-10 6.0073e-10 1.12564e-09 2.10556e-09 3.88918e-09 7.07387e-09 1.26607e-08 2.22942e-08 3.86234e-08 6.58338e-08 1.10411e-07 1.82209e-07 2.95909e-07 4.72956e-07 7.44056e-07 1.1523e-06 1.75694e-06 2.63779e-06 3.90015e-06 5.67996e-06 8.14896e-06 1.15191e-05 1.60461e-05 2.20301e-05 2.98148e-05 3.97814e-05 5.23391e-05 6.79098e-05 8.6908e-05 0.000109715 0.000136652 0.000167942 0.000203687 0.000243831 0.000288137 0.000336176 0.000387315 0.000440729 0.000495423 0.000550258 0.000604003 0.000655375 0.000703099 0.000745955 0.000782831 0.000812756 0.000834942 0.000848803 0.000853973 0.000850318 0.000837936 0.00081716 0.000788543 0.000752846 0.000711015 0.000664144 0.000613437 0.000560162 0.000505599 0.000450984 0.000397463 0.000346049 0.000297587 0.000252731 0.000211939 0.000175476 0.000143424 0.000115712 9.21366e-05 7.24e-05 5.61368e-05 4.29446e-05 3.24094e-05 2.41258e-05 1.77128e-05 1.28243e-05 9.15509e-06 6.44348e-06 4.47046e-06 3.05705e-06 2.06025e-06 1.36821e-06 8.95272e-07 5.77144e-07 3.66522e-07 2.29282e-07 1.41274e-07 8.57338e-08 5.12415e-08 3.01619e-08 1.74845e-08 9.98183e-09 5.61253e-09 3.10896e-09 1.69835e-09 9.18631e-10 4.99637e-10 2.8897e-10 
3.75164e-10 4.03256e-10 6.20226e-10 1.11606e-09 2.08534e-09 3.88918e-09 7.16212e-09 1.29871e-08 2.3172e-08 4.06746e-08 7.024e-08 1.19333e-07 1.9947e-07 3.28068e-07 5.30955e-07 8.45675e-07 1.32571e-06 2.04573e-06 3.10786e-06 4.64891e-06 6.84835e-06 9.93654e-06 1.42027e-05 2.00017e-05 2.77587e-05 3.79699e-05 5.1199e-05 6.8067e-05 8.92352e-05 0.000115379 0.000147156 0.000185162 0.000229885 0.000281659 0.000340605 0.000406593 0.000479203 0.000557703 0.000641042 0.000727869 0.000816563 0.000905292 0.000992077 0.00107488 0.00115166 0.00122051 0.00127966 0.00132759 0.00136306 0.00138517 0.00139333 0.00138735 0.00136738 0.00133394 0.0012879 0.00123047 0.00116313 0.0010876 0.0010058 0.000919745 0.000831464 0.000742941 0.00065602 0.000572339 0.000493277 0.000419916 0.000353022 0.000293057 0.000240191 0.000194338 0.000155205 0.000122333 9.51519e-05 7.30251e-05 5.52906e-05 4.12949e-05 3.04193e-05 2.20977e-05 1.58282e-05 1.11775e-05 7.78071e-06 5.33831e-06 3.60944e-06 2.40478e-06 1.57856e-06 1.02083e-06 6.50289e-07 4.08028e-07 2.52158e-07 1.53472e-07 9.19894e-08 5.42986e-08 3.15627e-08 1.80675e-08 1.01857e-08 5.65684e-09 3.09821e-09 1.68032e-09 9.1677e-10 5.32485e-10 
6.85443e-10 7.39691e-10 1.13747e-09 2.04199e-09 3.80438e-09 7.07387e-09 1.29871e-08 2.34767e-08 4.17559e-08 7.30608e-08 1.25756e-07 2.12944e-07 3.54745e-07 5.81451e-07 9.37764e-07 1.48834e-06 2.32482e-06 3.57444e-06 5.41032e-06 8.06302e-06 1.18332e-05 1.71046e-05 2.43559e-05 3.41706e-05 4.72431e-05 6.43786e-05 8.64848e-05 0.000114554 0.000149634 0.000192785 0.000245026 0.000307267 0.000380238 0.000464408 0.000559908 0.000666464 0.000783346 0.000909333 0.00104271 0.00118131 0.00132254 0.0014635 0.00160109 0.0017321 0.00185338 0.00196195 0.00205508 0.00213044 0.00218613 0.00222073 0.00223339 0.0022238 0.00219219 0.00213937 0.00206669 0.001976 0.00186958 0.00175012 0.00162058 0.0014841 0.00134385 0.00120295 0.00106432 0.000930546 0.000803849 0.000685976 0.000578197 0.000481294 0.000395596 0.000321028 0.00025717 0.000203343 0.000158675 0.000122178 9.28167e-05 6.9557e-05 5.1413e-05 3.74764e-05 2.69357e-05 1.90862e-05 1.33311e-05 9.17723e-06 6.22577e-06 4.16155e-06 2.74061e-06 1.77796e-06 1.13615e-06 7.15083e-07 4.43251e-07 2.70578e-07 1.62653e-07 9.6283e-08 5.61237e-08 3.2215e-08 1.82103e-08 1.01403e-08 5.56845e-09 3.02837e-09 1.65751e-09 9.66873e-10 
1.23302e-09 1.33562e-09 2.05317e-09 3.67682e-09 6.82993e-09 1.26607e-08 2.3172e-08 4.17559e-08 7.403e-08 1.2911e-07 2.21497e-07 3.73801e-07 6.2059e-07 1.01366e-06 1.62905e-06 2.57623e-06 4.00949e-06 6.14193e-06 9.26182e-06 1.37509e-05 2.01039e-05 2.89482e-05 4.10617e-05 5.7386e-05 7.90341e-05 0.000107287 0.000143577 0.000189458 0.000246556 0.000316498 0.000400828 0.000500901 0.000617774 0.000752081 0.000903923 0.00107276 0.00125736 0.00145573 0.00166512 0.00188211 0.00210266 0.00232227 0.00253615 0.00273941 0.00292723 0.00309508 0.00323884 0.003355 0.00344069 0.00349381 0.00351306 0.00349799 0.00344897 0.00336721 0.00325475 0.00311435 0.0029495 0.00276425 0.00256311 0.00235084 0.00213234 0.00191239 0.00169549 0.00148571 0.0012865 0.00110066 0.000930226 0.00077652 0.000640145 0.000521076 0.000418752 0.000332185 0.00026008 0.00020094 0.000153177 0.000115191 8.54414e-05 6.24991e-05 4.50779e-05 3.2053e-05 2.24658e-05 1.55187e-05 1.05636e-05 7.08478e-06 4.68113e-06 3.04673e-06 1.95315e-06 1.23315e-06 7.66733e-07 4.69457e-07 2.83042e-07 1.68034e-07 9.82264e-08 5.65394e-08 3.20479e-08 1.78939e-08 9.85282e-09 5.37347e-09 2.95059e-09 1.72865e-09 
2.18342e-09 2.37361e-09 3.64697e-09 6.51442e-09 1.20644e-08 2.22942e-08 4.06746e-08 7.30608e-08 1.2911e-07 2.24427e-07 3.83726e-07 6.45371e-07 1.06774e-06 1.73786e-06 2.78292e-06 4.38496e-06 6.79928e-06 1.03765e-05 1.5588e-05 2.30545e-05 3.35754e-05 4.81577e-05 6.80414e-05 9.47175e-05 0.000129935 0.000175691 0.000234202 0.000307849 0.000399099 0.000510395 0.000644019 0.000801936 0.000985626 0.0011959 0.00143274 0.00169517 0.00198111 0.00228738 0.00260971 0.00294277 0.00328039 0.00361576 0.00394164 0.00425069 0.00453572 0.00479001 0.00500747 0.00518291 0.00531211 0.00539202 0.00542073 0.00539757 0.0053231 0.00519912 0.00502861 0.00481568 0.00456545 0.00428394 0.00397784 0.00365428 0.00332059 0.00298397 0.00265126 0.00232864 0.00202145 0.00173403 0.00146964 0.00123041 0.00101744 0.000830831 0.000669874 0.000533186 0.000418888 0.000324772 0.000248452 0.000187507 0.000139581 0.000102469 7.41715e-05 5.29287e-05 3.72289e-05 2.58069e-05 1.76276e-05 1.18629e-05 7.86461e-06 5.13568e-06 3.30302e-06 2.09208e-06 1.30487e-06 8.01406e-07 4.84638e-07 2.88567e-07 1.69176e-07 9.76552e-08 5.55082e-08 3.10785e-08 1.71598e-08 9.38539e-09 5.17058e-09 3.0426e-09 
3.80602e-09 4.15165e-09 6.3747e-09 1.13569e-08 2.09674e-08 3.86234e-08 7.024e-08 1.25756e-07 2.21497e-07 3.83726e-07 6.53856e-07 1.09587e-06 1.80668e-06 2.93003e-06 4.67492e-06 7.3389e-06 1.13369e-05 1.72356e-05 2.57923e-05 3.79978e-05 5.51201e-05 7.87455e-05 0.000110814 0.00015364 0.000209919 0.000282703 0.000375349 0.00049143 0.000634606 0.000808456 0.00101627 0.00126082 0.0015441 0.00186708 0.00222945 0.00262948 0.00306381 0.00352747 0.00401387 0.00451499 0.00502157 0.00552347 0.00601002 0.00647044 0.00689426 0.00727169 0.00759394 0.0078535 0.00804437 0.00816212 0.00820406 0.00816924 0.00805847 0.00787435 0.00762115 0.00730479 0.0069327 0.00651358 0.00605715 0.00557385 0.0050744 0.00456944 0.00406911 0.00358266 0.00311814 0.0026822 0.00227987 0.0019146 0.00158824 0.00130122 0.0010527 0.000840814 0.000662918 0.000515827 0.000396051 0.000299998 0.000224143 0.000165154 0.000119985 8.5934e-05 6.06631e-05 4.22021e-05 2.89285e-05 1.9536e-05 1.2996e-05 8.51522e-06 5.49474e-06 3.49162e-06 2.18476e-06 1.34602e-06 8.16487e-07 4.87628e-07 2.86724e-07 1.6599e-07 9.46199e-08 5.3126e-08 2.94159e-08 1.61359e-08 8.91955e-09 5.272e-09 
6.53106e-09 7.14716e-09 1.09653e-08 1.94821e-08 3.58549e-08 6.58338e-08 1.19333e-07 2.12944e-07 3.73801e-07 6.45371e-07 1.09587e-06 1.83023e-06 3.00653e-06 4.85818e-06 7.72265e-06 1.20778e-05 1.85864e-05 2.81478e-05 4.19569e-05 6.15668e-05 8.89516e-05 0.000126564 0.000177381 0.000244928 0.000333275 0.000446991 0.000591055 0.000770713 0.000991273 0.00125785 0.00157507 0.00194671 0.00237535 0.00286201 0.00340584 0.00400385 0.00465075 0.00533891 0.00605845 0.00679746 0.00754236 0.00827839 0.00899015 0.00966218 0.0102795 0.0108283 0.011296 0.0116722 0.0119484 0.0121184 0.0121784 0.0121272 0.0119659 0.0116981 0.0113299 0.0108695 0.0103276 0.00971628 0.00904951 0.00834215 0.00760959 0.00686719 0.00612968 0.0054106 0.00472186 0.0040734 0.00347289 0.00292573 0.00243503 0.00200179 0.00162516 0.00130272 0.00103086 0.000805106 0.000620477 0.000471768 0.000353813 0.000261682 0.000190828 0.000137183 9.71991e-05 6.78668e-05 4.66889e-05 3.16423e-05 2.11232e-05 1.38879e-05 8.99199e-06 5.73292e-06 3.59887e-06 2.22433e-06 1.35351e-06 8.1084e-07 4.78212e-07 2.77667e-07 1.58741e-07 8.93845e-08 4.96347e-08 2.73084e-08 1.51473e-08 8.99319e-09 
1.10331e-08 1.21107e-08 1.85626e-08 3.28874e-08 6.03312e-08 1.10411e-07 1.9947e-07 3.54745e-07 6.2059e-07 1.06774e-06 1.80668e-06 3.00653e-06 4.92088e-06 7.92212e-06 1.25458e-05 1.95462e-05 2.99628e-05 4.51984e-05 6.71043e-05 9.80709e-05 0.000141115 0.000199959 0.000279084 0.000383754 0.000519994 0.000694506 0.000914517 0.00118756 0.00152115 0.00192242 0.00239768 0.00295192 0.0035883 0.00430768 0.0051082 0.00598492 0.00692967 0.00793099 0.00897436 0.0100425 0.0111159 0.0121735 0.0131936 0.0141545 0.0150354 0.0158169 0.0164818 0.0170158 0.0174071 0.0176475 0.0177317 0.017658 0.017428 0.0170467 0.0165223 0.0158664 0.0150932 0.0142199 0.0132657 0.0122514 0.0111985 0.0101289 0.00906327 0.00802122 0.00701995 0.00607401 0.00519488 0.00439082 0.00366689 0.00302513 0.00246487 0.00198315 0.00157521 0.00123495 0.000955411 0.000729239 0.000549027 0.000407632 0.000298404 0.000215335 0.000153149 0.000107332 7.41106e-05 5.04088e-05 3.37712e-05 2.22815e-05 1.44763e-05 9.26076e-06 5.8328e-06 3.61681e-06 2.20787e-06 1.32681e-06 7.84932e-07 4.5714e-07 2.62122e-07 1.4803e-07 8.24416e-08 4.5497e-08 2.53244e-08 1.51037e-08 
1.835e-08 2.02e-08 3.09273e-08 5.4635e-08 9.98977e-08 1.82209e-07 3.28068e-07 5.81451e-07 1.01366e-06 1.73786e-06 2.93003e-06 4.85818e-06 7.92212e-06 1.27059e-05 2.00448e-05 3.11085e-05 4.74994e-05 7.13662e-05 0.000105526 0.000153592 0.00022009 0.000310562 0.000431625 0.000590989 0.000797391 0.00106046 0.00139046 0.00179796 0.00229335 0.00288633 0.00358524 0.0043964 0.00532345 0.00636668 0.0075225 0.00878301 0.0101359 0.0115643 0.0130473 0.0145603 0.016076 0.017565 0.0189974 0.0203433 0.0215743 0.0226643 0.0235902 0.0243324 0.0248755 0.0252084 0.0253241 0.0252204 0.0248994 0.0243678 0.0236366 0.0227213 0.0216411 0.0204191 0.0190815 0.0176565 0.0161738 0.0146634 0.0131544 0.0116741 0.0102468 0.00889364 0.00763125 0.00647208 0.00542413 0.00449114 0.00367307 0.00296652 0.00236544 0.00186175 0.00144603 0.00110809 0.000837561 0.000624316 0.00045882 0.000332384 0.000237308 0.000166945 0.000115706 7.8992e-05 5.31128e-05 3.51681e-05 2.2929e-05 1.47187e-05 9.30183e-06 5.78707e-06 3.54423e-06 2.13671e-06 1.26803e-06 7.40774e-07 4.26046e-07 2.41325e-07 1.34803e-07 7.46256e-08 4.16859e-08 2.49755e-08 
3.00494e-08 3.31679e-08 5.07184e-08 8.93296e-08 1.62789e-07 2.95909e-07 5.30955e-07 9.37764e-07 1.62905e-06 2.78292e-06 4.67492e-06 7.72265e-06 1.25458e-05 2.00448e-05 3.15001e-05 4.86942e-05 7.40541e-05 0.000110813 0.000163182 0.000236521 0.000337498 0.000474207 0.000656238 0.000894654 0.00120188 0.00159145 0.00207763 0.00267491 0.0033973 0.00425761 0.0052665 0.00643167 0.00775686 0.00924111 0.0108781 0.0126555 0.0145551 0.0165527 0.0186189 0.0207193 0.0228165 0.0248705 0.0268408 0.0286874 0.0303724 0.0318614 0.0331238 0.0341341 0.0348722 0.0353236 0.0354794 0.0353366 0.0348982 0.0341726 0.0331745 0.0319237 0.0304459 0.0287713 0.0269346 0.0249734 0.0229276 0.0208376 0.018743 0.0166814 0.0146867 0.0127883 0.0110102 0.00937073 0.00788213 0.00655092 0.00537831 0.00436081 0.00349108 0.00275877 0.00215142 0.00165532 0.00125627 0.000940199 0.00069374 0.000504565 0.000361652 0.000255409 0.000177695 0.000121769 8.21785e-05 5.46118e-05 3.57334e-05 2.30188e-05 1.45975e-05 9.11249e-06 5.5994e-06 3.38674e-06 2.0163e-06 1.18161e-06 6.81689e-07 3.87307e-07 2.17009e-07 1.20516e-07 6.75643e-08 4.06669e-08 
4.8454e-08 5.36171e-08 8.18745e-08 1.43762e-07 2.61091e-07 4.72956e-07 8.45675e-07 1.48834e-06 2.57623e-06 4.38496e-06 7.3389e-06 1.20778e-05 1.95462e-05 3.11085e-05 4.86942e-05 7.49727e-05 0.000113556 0.000169224 0.000248159 0.000358171 0.000508899 0.000711951 0.000980949 0.00133147 0.0017808 0.00234759 0.00305122 0.00391107 0.00494555 0.00617106 0.00760079 0.00924352 0.0111025 0.0131744 0.0154486 0.0179067 0.0205222 0.0232613 0.026083 0.0289409 0.0317844 0.0345604 0.0372154 0.0396969 0.041956 0.0439478 0.0456333 0.04698 0.0479623 0.0485617 0.0487672 0.0485751 0.0479888 0.0470195 0.0456854 0.0440121 0.0420322 0.0397847 0.0373143 0.0346701 0.0319043 0.0290702 0.0262206 0.023406 0.0206724 0.0180604 0.0156038 0.0133287 0.0112536 0.0093893 0.00773921 0.00630041 0.00506448 0.00401864 0.00314693 0.00243133 0.00185284 0.0013924 0.0010316 0.000753337 0.000542126 0.000384378 0.000268463 0.000184675 0.000125103 8.34458e-05 5.4799e-05 3.54268e-05 2.25451e-05 1.41223e-05 8.70724e-06 5.28399e-06 3.1561e-06 1.85549e-06 1.07383e-06 6.12005e-07 3.43975e-07 1.91645e-07 1.07836e-07 6.52077e-08 
7.69408e-08 8.53389e-08 1.30117e-07 2.27751e-07 4.12195e-07 7.44056e-07 1.32571e-06 2.32482e-06 4.00949e-06 6.79928e-06 1.13369e-05 1.85864e-05 2.99628e-05 4.74994e-05 7.40541e-05 0.000113556 0.000171289 0.000254193 0.000371184 0.000533439 0.000754638 0.00105111 0.00144184 0.00194832 0.00259414 0.00340441 0.00440487 0.00562081 0.00707576 0.00879007 0.0107793 0.0130528 0.0156122 0.0184502 0.0215499 0.0248842 0.0284159 0.0320981 0.0358757 0.0396869 0.0434649 0.0471408 0.0506455 0.053912 0.0568781 0.0594874 0.0616912 0.0634489 0.0647288 0.0655084 0.0657739 0.0655209 0.0647538 0.0634861 0.0617405 0.0595488 0.0569514 0.0539972 0.0507427 0.0472503 0.0435865 0.0398203 0.0360204 0.0322531 0.0285797 0.025055 0.0217252 0.0186274 0.0157886 0.0132255 0.0109457 0.00894774 0.00722266 0.00575537 0.00452604 0.00351168 0.00268746 0.0020281 0.00150885 0.0011064 0.000799452 0.000569109 0.000399063 0.000275587 0.000187405 0.000125474 8.2705e-05 5.36626e-05 3.42723e-05 2.15437e-05 1.33287e-05 8.11593e-06 4.86371e-06 2.86874e-06 1.66555e-06 9.52244e-07 5.36899e-07 3.00117e-07 1.69503e-07 1.02975e-07 
1.20326e-07 1.3375e-07 2.03594e-07 3.55218e-07 6.40631e-07 1.1523e-06 2.04573e-06 3.57444e-06 6.14193e-06 1.03765e-05 1.72356e-05 2.81478e-05 4.51984e-05 7.13662e-05 0.000110813 0.000169224 0.000254193 0.000375627 0.000546154 0.00078148 0.00110067 0.00152626 0.00208422 0.00280359 0.0037159 0.00485422 0.00625196 0.00794127 0.00995137 0.0123065 0.0150243 0.0181133 0.021572 0.025387 0.0295323 0.0339691 0.0386459 0.0434998 0.0484578 0.0534392 0.0583585 0.0631277 0.0676598 0.0718716 0.0756858 0.0790333 0.0818547 0.0841009 0.085734 0.0867267 0.0870628 0.0867371 0.0857547 0.084132 0.0818961 0.0790852 0.0757486 0.0719459 0.0677463 0.0632272 0.0584719 0.053567 0.0486 0.043656 0.0388152 0.0341497 0.0297218 0.0255826 0.0217705 0.0183112 0.0152182 0.0124932 0.0101279 0.00810526 0.00640163 0.00498842 0.00383407 0.0029058 0.00217102 0.00159865 0.00115993 0.000829106 0.000583722 0.000404711 0.000276288 0.000185695 0.000122861 8.00131e-05 5.12874e-05 3.23548e-05 2.00876e-05 1.22735e-05 7.38011e-06 4.3674e-06 2.54392e-06 1.45911e-06 8.25328e-07 4.62886e-07 2.6242e-07 1.60169e-07 
1.85345e-07 2.06436e-07 3.13686e-07 5.45505e-07 9.8031e-07 1.75694e-06 3.10786e-06 5.41032e-06 9.26182e-06 1.5588e-05 2.57923e-05 4.19569e-05 6.71043e-05 0.000105526 0.000163182 0.000248159 0.000371184 0.000546154 0.00079064 0.00112632 0.00157928 0.00218006 0.00296345 0.00396796 0.00523483 0.00680668 0.00872577 0.0110319 0.0137602 0.0169386 0.0205852 0.0247064 0.029295 0.0343284 0.0397683 0.0455604 0.0516352 0.0579098 0.0642896 0.0706721 0.0769495 0.0830126 0.0887546 0.0940739 0.0988777 0.103083 0.10662 0.109431 0.111471 0.112709 0.113126 0.112716 0.111485 0.109451 0.106648 0.103118 0.0989212 0.0941272 0.0888192 0.0830904 0.0770423 0.0707815 0.0644167 0.058055 0.0517984 0.0457402 0.0399627 0.0345345 0.0295092 0.0249247 0.0208034 0.0171526 0.0139662 0.0112264 0.00890597 0.00697055 0.00538108 0.00409605 0.00307354 0.00227291 0.00165612 0.00118871 0.00084033 0.000584978 0.00040094 0.000270528 0.000179675 0.000117454 7.55653e-05 4.78437e-05 2.98098e-05 1.82775e-05 1.1028e-05 6.54814e-06 3.82677e-06 2.20207e-06 1.24963e-06 7.03232e-07 4.00201e-07 2.4541e-07 
2.81233e-07 3.13814e-07 4.75964e-07 8.2495e-07 1.47716e-06 2.63779e-06 4.64891e-06 8.06302e-06 1.37509e-05 2.30545e-05 3.79978e-05 6.15668e-05 9.80709e-05 0.000153592 0.000236521 0.000358171 0.000533439 0.00078148 0.00112632 0.00159736 0.00222962 0.00306371 0.00414541 0.00552469 0.00725437 0.00938812 0.0119781 0.0150722 0.0187111 0.022925 0.0277313 0.0331312 0.0391086 0.0456279 0.0526344 0.0600539 0.0677949 0.0757501 0.0838001 0.0918169 0.0996683 0.107222 0.114349 0.12093 0.126856 0.132031 0.136373 0.139817 0.142312 0.143824 0.14433 0.143825 0.142315 0.139822 0.13638 0.132041 0.126871 0.120952 0.11438 0.107264 0.0997262 0.0918929 0.0838967 0.0758691 0.0679371 0.0602189 0.0528207 0.0458329 0.0393286 0.0333619 0.0279678 0.0231622 0.018944 0.0152963 0.0121893 0.00958326 0.00743112 0.00568166 0.00428209 0.00318041 0.0023273 0.00167754 0.00119084 0.000832382 0.000572812 0.000388029 0.00025872 0.000169774 0.000109636 6.96712e-05 4.35668e-05 2.68072e-05 1.62308e-05 9.6703e-06 5.6703e-06 3.27368e-06 1.86389e-06 1.0525e-06 6.01271e-07 3.70439e-07 
4.20401e-07 4.69899e-07 7.11305e-07 1.22868e-06 2.1921e-06 3.90015e-06 6.84835e-06 1.18332e-05 2.01039e-05 3.35754e-05 5.51201e-05 8.89516e-05 0.000141115 0.00022009 0.000337498 0.000508899 0.000754638 0.00110067 0.00157928 0.00222962 0.00309788 0.00423708 0.00570621 0.0075689 0.00989131 0.0127394 0.016176 0.0202568 0.0250269 0.0305173 0.0367411 0.0436913 0.0513384 0.0596294 0.0684881 0.0778159 0.0874943 0.0973882 0.10735 0.117223 0.126849 0.136072 0.144741 0.152718 0.159878 0.166113 0.171333 0.175465 0.178454 0.180262 0.180865 0.180256 0.178444 0.17545 0.171314 0.166091 0.159855 0.152697 0.144725 0.136066 0.126857 0.11725 0.107399 0.0974637 0.0875982 0.0779491 0.0686501 0.0598183 0.0515508 0.0439228 0.0369862 0.0307701 0.0252814 0.020507 0.0164166 0.0129658 0.0100998 0.00775693 0.00587228 0.00438074 0.00321964 0.00233072 0.00166152 0.00116622 0.000805834 0.000548079 0.000366879 0.000241683 0.000156668 9.99313e-05 6.27181e-05 3.87299e-05 2.35322e-05 1.40688e-05 8.27737e-06 4.79479e-06 2.73904e-06 1.55202e-06 8.90076e-07 5.50936e-07 
6.19182e-07 6.93154e-07 1.04712e-06 1.80257e-06 3.20424e-06 5.67996e-06 9.93654e-06 1.71046e-05 2.89482e-05 4.81577e-05 7.87455e-05 0.000126564 0.000199959 0.000310562 0.000474207 0.000711951 0.00105111 0.00152626 0.00218006 0.00306371 0.00423708 0.00576803 0.00773121 0.0102059 0.0132732 0.0170123 0.0214965 0.0267885 0.0329359 0.0399673 0.0478879 0.0566774 0.0662879 0.0766435 0.0876411 0.0991527 0.111029 0.123102 0.135193 0.147117 0.158688 0.169726 0.180059 0.189532 0.198008 0.205367 0.211513 0.216367 0.219873 0.22199 0.222693 0.221977 0.219847 0.216329 0.211463 0.205307 0.197939 0.18946 0.179986 0.169658 0.158632 0.147079 0.135178 0.123116 0.111075 0.0992351 0.0877601 0.0767983 0.0664759 0.0568944 0.0481283 0.0402247 0.0332033 0.0270586 0.0217625 0.0172679 0.0135131 0.0104259 0.00792861 0.00594129 0.00438589 0.00318881 0.002283 0.0016092 0.00111654 0.000762503 0.000512458 0.000338911 0.000220543 0.000141206 8.89512e-05 5.5129e-05 3.36154e-05 2.01671e-05 1.19058e-05 6.91982e-06 3.96624e-06 2.2552e-06 1.29838e-06 8.07414e-07 
8.98623e-07 1.00739e-06 1.51861e-06 2.60523e-06 4.6141e-06 8.14896e-06 1.42027e-05 2.43559e-05 4.10617e-05 6.80414e-05 0.000110814 0.000177381 0.000279084 0.000431625 0.000656238 0.000980949 0.00144184 0.00208422 0.00296345 0.00414541 0.00570621 0.00773121 0.010313 0.0135483 0.0175343 0.0223636 0.0281193 0.034869 0.0426599 0.0515135 0.0614225 0.0723472 0.0842154 0.0969219 0.110331 0.124281 0.138585 0.153044 0.167443 0.181569 0.195208 0.208158 0.22023 0.231254 0.241083 0.249592 0.256679 0.262265 0.266292 0.268719 0.269523 0.268698 0.266249 0.262202 0.256596 0.24949 0.240965 0.231124 0.220092 0.20802 0.195076 0.181452 0.167349 0.152979 0.138557 0.124293 0.110387 0.0970226 0.0843596 0.0725316 0.0616419 0.0517613 0.0429282 0.0351496 0.0284037 0.0226438 0.017803 0.0137997 0.0105425 0.00793585 0.00588453 0.00429731 0.00309 0.00218734 0.00152407 0.0010451 0.000705233 0.000468256 0.0003059 0.000196606 0.000124313 7.73273e-05 4.732e-05 2.84886e-05 1.68763e-05 9.84191e-06 5.66013e-06 3.22958e-06 1.86661e-06 1.16614e-06 
1.28525e-06 1.44264e-06 2.17001e-06 3.7099e-06 6.5465e-06 1.15191e-05 2.00017e-05 3.41706e-05 5.7386e-05 9.47175e-05 0.00015364 0.000244928 0.000383754 0.000590989 0.000894654 0.00133147 0.00194832 0.00280359 0.00396796 0.00552469 0.0075689 0.0102059 0.0135483 0.0177117 0.0228099 0.0289483 0.0362177 0.0446876 0.0544002 0.0653649 0.0775547 0.0909046 0.105311 0.120632 0.136695 0.153298 0.170217 0.187213 0.204042 0.220459 0.236228 0.251126 0.264952 0.277526 0.288695 0.298333 0.306339 0.312635 0.317165 0.319891 0.320792 0.319862 0.317106 0.312547 0.306223 0.29819 0.288527 0.277336 0.264747 0.250912 0.236014 0.220254 0.203856 0.187056 0.170096 0.153222 0.136669 0.120658 0.10539 0.0910363 0.0777341 0.0655857 0.0546544 0.0449661 0.0365105 0.0292457 0.0231027 0.0179918 0.0138091 0.0104426 0.00777841 0.00570573 0.00412077 0.00292961 0.00204992 0.00141156 0.000956417 0.000637584 0.000418155 0.000269788 0.000171228 0.000106903 6.56544e-05 3.9666e-05 2.35787e-05 1.37972e-05 7.96165e-06 4.55866e-06 2.64503e-06 1.66003e-06 
1.81173e-06 2.03591e-06 3.05562e-06 5.20592e-06 9.15287e-06 1.60461e-05 2.77587e-05 4.72431e-05 7.90341e-05 0.000129935 0.000209919 0.000333275 0.000519994 0.000797391 0.00120188 0.0017808 0.00259414 0.0037159 0.00523483 0.00725437 0.00989131 0.0132732 0.0175343 0.0228099 0.0292298 0.0369107 0.045948 0.0564085 0.0683236 0.0816836 0.096435 0.112479 0.129673 0.147835 0.166746 0.186161 0.205816 0.225436 0.244744 0.263469 0.281355 0.298166 0.313692 0.327752 0.340191 0.350889 0.359748 0.366699 0.371691 0.374691 0.375681 0.374655 0.371619 0.36659 0.359603 0.350707 0.339976 0.327506 0.313422 0.297878 0.281057 0.263173 0.24446 0.225177 0.205592 0.185981 0.166619 0.147767 0.129668 0.112537 0.0965538 0.081858 0.068546 0.0566695 0.0462365 0.0372154 0.0295394 0.0231139 0.0178238 0.0135411 0.0101326 0.00746615 0.0054161 0.00386731 0.00271765 0.00187922 0.00127853 0.000855757 0.000563461 0.000364944 0.000232498 0.000145692 8.98e-05 5.44452e-05 3.24756e-05 1.90677e-05 1.10401e-05 6.34334e-06 3.69479e-06 2.32935e-06 
2.51731e-06 2.8317e-06 4.24043e-06 7.19967e-06 1.26123e-05 2.20301e-05 3.79699e-05 6.43786e-05 0.000107287 0.000175691 0.000282703 0.000446991 0.000694506 0.00106046 0.00159145 0.00234759 0.00340441 0.00485422 0.00680668 0.00938812 0.0127394 0.0170123 0.0223636 0.0289483 0.0369107 0.0463756 0.0574387 0.0701583 0.0845474 0.10057 0.118137 0.137108 0.157295 0.178466 0.200355 0.222671 0.245109 0.267357 0.289111 0.310077 0.329987 0.348598 0.365699 0.381113 0.394694 0.406331 0.415938 0.423457 0.428846 0.43208 0.433146 0.43204 0.428764 0.423333 0.415771 0.40612 0.394441 0.38082 0.365371 0.348242 0.329611 0.309693 0.28873 0.266993 0.244774 0.222378 0.200115 0.178288 0.157186 0.137072 0.118174 0.100677 0.0847188 0.0703841 0.0577078 0.046675 0.0372272 0.0292692 0.0226773 0.0173091 0.0130119 0.00963132 0.00701798 0.00503312 0.00355213 0.00246663 0.00168513 0.00113248 0.000748621 0.000486748 0.000311272 0.000195776 0.000121105 7.36841e-05 4.41024e-05 2.59816e-05 1.50937e-05 8.7025e-06 5.08838e-06 3.22223e-06 
3.44794e-06 3.88209e-06 5.80022e-06 9.81438e-06 1.7131e-05 2.98148e-05 5.1199e-05 8.64848e-05 0.000143577 0.000234202 0.000375349 0.000591055 0.000914517 0.00139046 0.00207763 0.00305122 0.00440487 0.00625196 0.00872577 0.0119781 0.016176 0.0214965 0.0281193 0.0362177 0.045948 0.0574387 0.07078 0.0860138 0.103127 0.122048 0.142644 0.164725 0.188048 0.212329 0.23725 0.262473 0.287653 0.312446 0.336523 0.359578 0.381337 0.401558 0.420038 0.436612 0.451151 0.463561 0.473772 0.481742 0.487443 0.49086 0.491986 0.490817 0.487356 0.48161 0.473592 0.463332 0.450874 0.436286 0.419667 0.401148 0.380896 0.359116 0.336052 0.311981 0.287208 0.262063 0.236889 0.21203 0.187821 0.164578 0.142581 0.122069 0.103228 0.0861858 0.0710124 0.0577181 0.0462595 0.0365462 0.0284506 0.021818 0.0164776 0.0122523 0.00896786 0.00645988 0.00457878 0.00319302 0.00219042 0.00147803 0.00098092 0.000640258 0.000410987 0.000259445 0.000161067 9.83413e-05 5.90616e-05 3.4911e-05 2.03487e-05 1.17726e-05 6.90959e-06 4.39465e-06 
4.65591e-06 5.24637e-06 7.82079e-06 1.31887e-05 2.29395e-05 3.97814e-05 6.8067e-05 0.000114554 0.000189458 0.000307849 0.00049143 0.000770713 0.00118756 0.00179796 0.00267491 0.00391107 0.00562081 0.00794127 0.0110319 0.0150722 0.0202568 0.0267885 0.034869 0.0446876 0.0564085 0.0701583 0.0860138 0.103993 0.124047 0.146059 0.169843 0.195151 0.221682 0.249094 0.277015 0.305063 0.332853 0.360016 0.386208 0.411117 0.434472 0.456042 0.475642 0.493129 0.508396 0.521372 0.532013 0.540294 0.546205 0.549743 0.550908 0.549701 0.546119 0.540162 0.531832 0.52114 0.50811 0.492788 0.475249 0.455599 0.433985 0.410597 0.385664 0.359464 0.332307 0.30454 0.276533 0.248669 0.221328 0.19488 0.169663 0.145975 0.124057 0.104092 0.0861918 0.0704015 0.0567012 0.0450126 0.0352095 0.0271288 0.0205838 0.0153757 0.0113046 0.00817905 0.00582241 0.00407746 0.00280873 0.00190292 0.0012679 0.000830759 0.000535276 0.000339142 0.000211295 0.000129456 7.80113e-05 4.62647e-05 2.70552e-05 1.57056e-05 9.2524e-06 5.9099e-06 
6.19879e-06 6.98986e-06 1.03963e-05 1.74738e-05 3.02869e-05 5.23391e-05 8.92352e-05 0.000149634 0.000246556 0.000399099 0.000634606 0.000991273 0.00152115 0.00229335 0.0033973 0.00494555 0.00707576 0.00995137 0.0137602 0.0187111 0.0250269 0.0329359 0.0426599 0.0544002 0.0683236 0.0845474 0.103127 0.124047 0.147213 0.172452 0.199519 0.2281 0.257831 0.288309 0.319111 0.349809 0.37999 0.409266 0.437284 0.463738 0.48837 0.510971 0.531382 0.549491 0.565221 0.578531 0.589405 0.597841 0.603849 0.607441 0.608625 0.607403 0.603771 0.59772 0.589236 0.578311 0.564945 0.549157 0.530989 0.510518 0.487862 0.463182 0.436689 0.408646 0.37936 0.349187 0.318515 0.28776 0.257347 0.227698 0.199212 0.172249 0.147116 0.124056 0.103233 0.0847379 0.0685824 0.054709 0.0429993 0.0332876 0.0253743 0.0190408 0.0140622 0.010219 0.00730595 0.00513797 0.00355384 0.00241741 0.00161702 0.00106356 0.000687826 0.000437373 0.000273455 0.000168114 0.000101645 6.04773e-05 3.5481e-05 2.06654e-05 1.22189e-05 7.83729e-06 
8.13775e-06 9.18194e-06 1.3626e-05 2.28279e-05 3.94324e-05 6.79098e-05 0.000115379 0.000192785 0.000316498 0.000510395 0.000808456 0.00125785 0.00192242 0.00288633 0.00425761 0.00617106 0.00879007 0.0123065 0.0169386 0.022925 0.0305173 0.0399673 0.0515135 0.0653649 0.0816836 0.10057 0.122048 0.146059 0.172452 0.200993 0.231365 0.263187 0.296026 0.329419 0.362895 0.395988 0.428261 0.459317 0.488806 0.516438 0.541978 0.565251 0.586133 0.604547 0.620456 0.633854 0.644754 0.653184 0.659174 0.662749 0.663929 0.662718 0.65911 0.653083 0.644611 0.633662 0.62021 0.604241 0.585763 0.564815 0.541477 0.515875 0.488188 0.458655 0.42757 0.395285 0.3622 0.328756 0.295416 0.262652 0.230924 0.20066 0.172236 0.145961 0.122065 0.100691 0.0818933 0.0656438 0.0518406 0.0403213 0.0308786 0.0232767 0.0172673 0.0126031 0.00904904 0.00639043 0.00443819 0.00303099 0.00203531 0.00134374 0.000872211 0.000556598 0.000349203 0.000215405 0.000130664 7.7992e-05 4.59017e-05 2.6822e-05 1.59159e-05 1.02499e-05 
1.0535e-05 1.18931e-05 1.76105e-05 2.94097e-05 5.06331e-05 8.6908e-05 0.000147156 0.000245026 0.000400828 0.000644019 0.00101627 0.00157507 0.00239768 0.00358524 0.0052665 0.00760079 0.0107793 0.0150243 0.0205852 0.0277313 0.0367411 0.0478879 0.0614225 0.0775547 0.096435 0.118137 0.142644 0.169843 0.199519 0.231365 0.264991 0.299941 0.335715 0.371794 0.40766 0.44282 0.476821 0.509267 0.539825 0.56823 0.594282 0.617846 0.638843 0.65724 0.673042 0.686282 0.697007 0.705272 0.711129 0.714621 0.715775 0.7146 0.711084 0.705199 0.6969 0.686133 0.672844 0.656983 0.638521 0.617454 0.593816 0.567689 0.539214 0.508593 0.476096 0.442061 0.406888 0.371033 0.33499 0.299279 0.264416 0.230897 0.199173 0.169627 0.142558 0.118174 0.0965807 0.0777901 0.0617251 0.0482343 0.0371085 0.0280994 0.0209373 0.015348 0.0110665 0.00784747 0.00547207 0.00375173 0.0025289 0.00167581 0.00109168 0.000699087 0.000440087 0.000272361 0.000165742 9.92388e-05 5.85873e-05 3.43434e-05 2.04501e-05 1.32215e-05 
1.34503e-05 1.51913e-05 2.24454e-05 3.73688e-05 6.41288e-05 0.000109715 0.000185162 0.000307267 0.000500901 0.000801936 0.00126082 0.00194671 0.00295192 0.0043964 0.00643167 0.00924352 0.0130528 0.0181133 0.0247064 0.0331312 0.0436913 0.0566774 0.0723472 0.0909046 0.112479 0.137108 0.164725 0.195151 0.2281 0.263187 0.299941 0.337832 0.376297 0.414761 0.452671 0.489513 0.524831 0.558243 0.589441 0.618197 0.644357 0.667833 0.688598 0.706667 0.722091 0.734942 0.745304 0.753258 0.75888 0.762226 0.763335 0.762217 0.758858 0.753219 0.745241 0.734847 0.721953 0.706477 0.688345 0.667508 0.643952 0.617708 0.588868 0.557589 0.524104 0.488728 0.451848 0.413924 0.375475 0.337056 0.299239 0.262586 0.227622 0.194809 0.164525 0.137048 0.112547 0.0910829 0.0726131 0.0570056 0.0440563 0.0335093 0.0250774 0.0184614 0.0133669 0.00951724 0.00666267 0.0045856 0.00310254 0.00206341 0.00134891 0.000866763 0.000547449 0.000339892 0.000207482 0.000124608 7.37855e-05 4.3386e-05 2.59218e-05 1.68224e-05 
1.6937e-05 1.91367e-05 2.82152e-05 4.6835e-05 8.01242e-05 0.000136652 0.000229885 0.000380238 0.000617774 0.000985626 0.0015441 0.00237535 0.0035883 0.00532345 0.00775686 0.0111025 0.0156122 0.021572 0.029295 0.0391086 0.0513384 0.0662879 0.0842154 0.105311 0.129673 0.157295 0.188048 0.221682 0.257831 0.296026 0.335715 0.376297 0.417144 0.457639 0.4972 0.535304 0.571505 0.605444 0.63685 0.665543 0.691421 0.714453 0.734664 0.752123 0.766925 0.779185 0.78902 0.796538 0.801836 0.804986 0.806032 0.804989 0.80184 0.796538 0.789007 0.779151 0.766858 0.752011 0.734495 0.714214 0.691101 0.665132 0.636343 0.604839 0.570808 0.534525 0.496356 0.456754 0.416248 0.375423 0.334899 0.295298 0.257221 0.221211 0.187727 0.157127 0.129652 0.10542 0.0844326 0.0665871 0.0516918 0.0394894 0.0296795 0.0219409 0.0159511 0.0114023 0.00801324 0.00553586 0.00375913 0.00250893 0.00164578 0.00106103 0.000672303 0.000418707 0.000256364 0.000154418 9.17033e-05 5.40825e-05 3.24179e-05 2.11143e-05 
2.10371e-05 2.37769e-05 3.49852e-05 5.79062e-05 9.87688e-05 0.000167942 0.000281659 0.000464408 0.000752081 0.0011959 0.00186708 0.00286201 0.00430768 0.00636668 0.00924111 0.0131744 0.0184502 0.025387 0.0343284 0.0456279 0.0596294 0.0766435 0.0969219 0.120632 0.147835 0.178466 0.212329 0.249094 0.288309 0.329419 0.371794 0.414761 0.457639 0.499775 0.540569 0.579501 0.616147 0.650182 0.681384 0.709627 0.734869 0.757138 0.776515 0.793122 0.807101 0.818605 0.827781 0.834766 0.839671 0.842583 0.843554 0.842599 0.839701 0.834803 0.82782 0.818634 0.80711 0.793096 0.77644 0.756998 0.73465 0.709315 0.680967 0.649654 0.615508 0.578757 0.539734 0.498871 0.456696 0.413814 0.370881 0.328578 0.287575 0.248494 0.211884 0.178184 0.147714 0.120661 0.0970796 0.0769033 0.059962 0.0460038 0.0347205 0.0257724 0.0188112 0.0134989 0.0095223 0.00660237 0.00449921 0.00301316 0.00198309 0.0012826 0.000815217 0.000509237 0.0003127 0.000188885 0.000112486 6.65295e-05 4.00035e-05 2.61451e-05 
2.57763e-05 2.91412e-05 4.27934e-05 7.0636e-05 0.000120137 0.000203687 0.000340605 0.000559908 0.000903923 0.00143274 0.00222945 0.00340584 0.0051082 0.0075225 0.0108781 0.0154486 0.0215499 0.0295323 0.0397683 0.0526344 0.0684881 0.0876411 0.110331 0.136695 0.166746 0.200355 0.23725 0.277015 0.319111 0.362895 0.40766 0.452671 0.4972 0.540569 0.582172 0.621507 0.658178 0.691908 0.722531 0.749983 0.774284 0.795524 0.813842 0.829408 0.84241 0.853034 0.861459 0.867839 0.872305 0.874951 0.875836 0.874979 0.872358 0.867913 0.861546 0.853126 0.842493 0.82947 0.813865 0.795491 0.774177 0.749784 0.722224 0.69148 0.657623 0.620826 0.581376 0.539675 0.496237 0.451674 0.406671 0.361956 0.318262 0.276294 0.236682 0.199956 0.166521 0.136636 0.11042 0.0878521 0.068791 0.0529977 0.0401618 0.0299295 0.0219297 0.0157957 0.011183 0.00778114 0.00532057 0.003575 0.00236038 0.00153132 0.000976206 0.000611558 0.000376578 0.000228087 0.000136196 8.07741e-05 4.87138e-05 3.19427e-05 
3.11594e-05 3.52345e-05 5.16434e-05 8.50212e-05 0.00014421 0.000243831 0.000406593 0.000666464 0.00107276 0.00169517 0.00262948 0.00400385 0.00598492 0.00878301 0.0126555 0.0179067 0.0248842 0.0339691 0.0455604 0.0600539 0.0778159 0.0991527 0.124281 0.153298 0.186161 0.222671 0.262473 0.305063 0.349809 0.395988 0.44282 0.489513 0.535304 0.579501 0.621507 0.660842 0.697157 0.730227 0.759951 0.786328 0.809445 0.829452 0.846542 0.860935 0.872856 0.882524 0.890139 0.895876 0.899876 0.902242 0.903036 0.90228 0.89995 0.895982 0.890271 0.882672 0.873009 0.861079 0.846661 0.829525 0.809453 0.786249 0.759764 0.729915 0.696706 0.660249 0.620775 0.578645 0.534349 0.488493 0.441778 0.39497 0.348862 0.304228 0.261787 0.222156 0.185828 0.153145 0.124293 0.0993065 0.078081 0.0603972 0.0459489 0.0343731 0.0252791 0.0182738 0.0129826 0.0090639 0.00621796 0.00419119 0.00277566 0.00180606 0.00115463 0.00072532 0.000447817 0.000271937 0.000162795 9.68017e-05 5.85458e-05 3.85093e-05 
3.71656e-05 4.20332e-05 6.14969e-05 0.000100992 0.000170859 0.000288137 0.000479203 0.000783346 0.00125736 0.00198111 0.00306381 0.00465075 0.00692967 0.0101359 0.0145551 0.0205222 0.0284159 0.0386459 0.0516352 0.0677949 0.0874943 0.111029 0.138585 0.170217 0.205816 0.245109 0.287653 0.332853 0.37999 0.428261 0.476821 0.524831 0.571505 0.616147 0.658178 0.697157 0.732784 0.7649 0.793466 0.818552 0.840307 0.85894 0.874698 0.887841 0.898628 0.907305 0.914091 0.919173 0.922701 0.924784 0.925486 0.92483 0.922792 0.919305 0.914259 0.907501 0.898842 0.888059 0.874904 0.859115 0.840426 0.818593 0.793404 0.764712 0.732452 0.696669 0.657532 0.615353 0.570583 0.523814 0.47575 0.427186 0.378961 0.331919 0.286856 0.244481 0.205375 0.169966 0.138516 0.111118 0.0877146 0.0681113 0.0520127 0.0390517 0.0288219 0.0209066 0.0149027 0.0104379 0.00718289 0.00485617 0.0032254 0.00210457 0.00134911 0.000849703 0.000525935 0.000320158 0.000192126 0.000114526 6.94518e-05 4.58168e-05 
