0.00504206 0.00508 0.00520105 0.0054059 0.00569519 0.00606981 0.0065308 0.00707939 0.00771688 0.00844462 0.00926391 0.010176 0.0111819 0.0122826 0.0134784 0.0147695 0.0161555 0.0176357 0.0192083 0.0208713 0.0226218 0.0244561 0.0263696 0.0283571 0.0304122 0.0325281 0.0346966 0.0369092 0.0391561 0.0414272 0.0437114 0.0459971 0.0482722 0.0505241 0.05274 0.0549067 0.0570111 0.05904 0.0609804 0.0628196 0.0645455 0.0661462 0.0676109 0.0689291 0.0700918 0.0710906 0.0719182 0.0725689 0.0730377 0.0733214 0.0734178 0.0733263 0.0730475 0.0725836 0.0719379 0.0711152 0.0701215 0.0689638 0.0676506 0.0661911 0.0645954 0.0628746 0.0610404 0.059105 0.0570811 0.0549816 0.0528196 0.0506083 0.0483607 0.0460897 0.0438079 0.0415272 0.0392594 0.0370153 0.0348051 0.0326385 0.0305242 0.02847 0.0264829 0.0245693 0.0227344 0.0209827 0.0193179 0.0177429 0.0162599 0.0148704 0.0135753 0.012375 0.0112695 0.0102581 0.00934022 0.00851472 0.00778044 0.00713608 0.00658036 0.00611201 0.00572985 0.00543286 0.00522022 0.00509155 
0.00508 0.00511823 0.00524021 0.0054466 0.00573805 0.00611545 0.00657988 0.00713253 0.00777472 0.00850781 0.00933312 0.0102519 0.0112651 0.0123738 0.0135782 0.0148786 0.0162746 0.0177653 0.0193491 0.0210239 0.0227868 0.0246339 0.0265607 0.028562 0.0306314 0.0327617 0.0349451 0.0371727 0.0394349 0.0417213 0.0440208 0.0463217 0.048612 0.0508788 0.0531092 0.0552902 0.0574083 0.0594504 0.0614034 0.0632545 0.0649915 0.0666025 0.0680765 0.0694031 0.0705732 0.0715783 0.0724112 0.0730659 0.0735377 0.0738231 0.0739201 0.0738279 0.0735474 0.0730805 0.0724307 0.0716027 0.0706026 0.0694375 0.0681158 0.0666469 0.0650409 0.063309 0.061463 0.059515 0.0574778 0.0553645 0.0531883 0.0509624 0.0487 0.0464139 0.0441168 0.0418209 0.0395378 0.0372784 0.0350533 0.0328719 0.030743 0.0286746 0.0266739 0.0247469 0.0228992 0.0211352 0.0194587 0.0178725 0.0163789 0.0149795 0.0136752 0.0124663 0.0113527 0.0103341 0.0094095 0.008578 0.00783836 0.0071893 0.00662951 0.00615772 0.00577276 0.00547361 0.00525941 0.00512981 
0.00520105 0.00524021 0.00536496 0.00557601 0.00587399 0.00625982 0.00673456 0.00729944 0.0079558 0.00870499 0.00954834 0.0104871 0.0115223 0.0126548 0.0138851 0.0152133 0.0166389 0.018161 0.019778 0.0214877 0.0232871 0.0251723 0.0271386 0.0291806 0.0312918 0.033465 0.035692 0.0379639 0.0402708 0.042602 0.0449464 0.0472921 0.0496266 0.051937 0.0542101 0.0564325 0.0585907 0.0606713 0.0626609 0.0645467 0.066316 0.0679569 0.0694581 0.0708092 0.0720008 0.0730242 0.0738724 0.074539 0.0750193 0.0753098 0.0754085 0.0753145 0.0750287 0.0745531 0.0738912 0.0730479 0.0720292 0.0708426 0.0694963 0.0680001 0.0663641 0.0645998 0.0627191 0.0607344 0.0586587 0.0565053 0.0542876 0.0520191 0.0497131 0.0473828 0.0450411 0.0427003 0.0403723 0.0380684 0.0357991 0.0335741 0.0314025 0.0292924 0.027251 0.0252847 0.023399 0.0215986 0.0198872 0.0182679 0.016743 0.0153141 0.0139821 0.0127474 0.01161 0.0105694 0.00962488 0.00877535 0.00801962 0.0073564 0.00678438 0.00630226 0.00590886 0.00560315 0.00538427 0.00525187 
0.0054059 0.0054466 0.00557601 0.00579483 0.00610373 0.00650363 0.00699561 0.00758094 0.00826095 0.00903702 0.0099105 0.0108826 0.0119545 0.0131268 0.0144002 0.0157745 0.0172495 0.018824 0.0204963 0.0222641 0.0241242 0.0260727 0.0281046 0.0302143 0.0323951 0.0346394 0.0369389 0.0392843 0.0416653 0.044071 0.0464899 0.0489097 0.0513175 0.0537001 0.0560439 0.058335 0.0605597 0.062704 0.0647543 0.0666973 0.0685202 0.0702105 0.0717568 0.0731484 0.0743755 0.0754295 0.0763027 0.076989 0.0774835 0.0777825 0.0778838 0.0777869 0.0774924 0.0770024 0.0763206 0.0754519 0.0744025 0.0731801 0.0717932 0.0702517 0.0685662 0.0667482 0.06481 0.0627646 0.0606251 0.0584052 0.0561188 0.0537796 0.0514015 0.0489979 0.0465822 0.044167 0.0417647 0.0393867 0.0370441 0.0347468 0.0325042 0.0303247 0.0282158 0.0261841 0.0242353 0.0223742 0.0206049 0.0189305 0.0173533 0.0158752 0.014497 0.0132194 0.0120422 0.0109651 0.00998726 0.00910764 0.00832505 0.00763819 0.00704572 0.00654633 0.00613884 0.00582218 0.00559548 0.00545839 
0.00569519 0.00573805 0.00587399 0.00610373 0.00642795 0.0068476 0.00736378 0.00797778 0.00869097 0.00950474 0.0104205 0.0114394 0.0125625 0.0137907 0.0151244 0.0165635 0.0181075 0.0197553 0.0215051 0.0233542 0.0252993 0.0273363 0.0294599 0.0316643 0.0339423 0.0362861 0.0386868 0.0411348 0.0436193 0.0461291 0.048652 0.0511752 0.0536854 0.0561687 0.058611 0.060998 0.0633153 0.0655486 0.0676835 0.0697064 0.0716038 0.0733631 0.0749723 0.0764203 0.0776969 0.0787933 0.0797016 0.0804154 0.0809295 0.0812402 0.0813454 0.0812443 0.0809376 0.0804276 0.079718 0.0788139 0.0777219 0.0764496 0.0750061 0.0734014 0.0716467 0.069754 0.0677358 0.0656056 0.0633772 0.0610646 0.0586823 0.0562445 0.0537657 0.0512599 0.0487408 0.0462218 0.0437156 0.0412343 0.0387892 0.0363909 0.0340491 0.0317726 0.0295693 0.0274461 0.025409 0.0234632 0.0216128 0.0198611 0.0182109 0.0166638 0.0152211 0.0138833 0.0126504 0.0115221 0.0104975 0.00957569 0.00875543 0.00803541 0.00741426 0.00689066 0.00646338 0.00613136 0.00589369 0.00575002 
0.00606981 0.00611545 0.00625982 0.00650363 0.0068476 0.00729269 0.00784005 0.008491 0.00924692 0.0101092 0.0110794 0.0121585 0.0133477 0.0146478 0.0160591 0.0175815 0.0192144 0.0209565 0.0228057 0.0247594 0.0268138 0.0289645 0.031206 0.0335319 0.0359347 0.0384062 0.0409369 0.0435165 0.046134 0.0487772 0.0514335 0.0540893 0.0567307 0.0593431 0.0619118 0.0644217 0.0668578 0.0692049 0.0714482 0.0735734 0.0755664 0.077414 0.0791036 0.0806238 0.0819639 0.0831145 0.0840677 0.0848166 0.0853559 0.0856817 0.0857918 0.0856853 0.0853631 0.0848274 0.0840823 0.0831329 0.0819861 0.08065 0.079134 0.0774485 0.0756053 0.0736167 0.0714961 0.0692573 0.0669149 0.0644835 0.0619783 0.0594142 0.0568064 0.0541694 0.0515178 0.0488656 0.0462262 0.0436122 0.0410356 0.0385077 0.0360385 0.0336375 0.0313129 0.0290722 0.0269217 0.0248668 0.0229122 0.0210613 0.0193171 0.0176814 0.0161556 0.0147403 0.0134357 0.0122414 0.0111567 0.0101806 0.0093118 0.00854906 0.00789097 0.00733617 0.00688341 0.00653159 0.00627979 0.00612764 
0.0065308 0.00657988 0.00673456 0.00699561 0.00736378 0.00784005 0.00842562 0.00912181 0.00993008 0.0108519 0.0118886 0.0130415 0.0143116 0.0156996 0.0172059 0.0188302 0.0205717 0.0224291 0.0244 0.0264814 0.0286693 0.0309589 0.0333443 0.0358186 0.0383739 0.0410011 0.0436904 0.0464308 0.0492103 0.0520163 0.0548351 0.0576526 0.0604539 0.0632237 0.0659463 0.0686058 0.0711864 0.0736722 0.0760475 0.0782972 0.0804065 0.0823616 0.0841491 0.0857571 0.0871743 0.0883911 0.0893988 0.0901904 0.0907603 0.0911045 0.0912205 0.0911075 0.0907664 0.0901996 0.0894111 0.0884067 0.0871933 0.0857796 0.0841753 0.0823915 0.0804405 0.0783353 0.0760899 0.073719 0.0712377 0.0686617 0.0660068 0.0632889 0.0605237 0.057727 0.0549139 0.0520993 0.0492973 0.0465216 0.0437847 0.0410984 0.0384738 0.0359208 0.0334481 0.0310639 0.0287748 0.0265868 0.0245048 0.0225326 0.0206734 0.0189293 0.0173019 0.0157919 0.0143995 0.0131245 0.0119662 0.0109236 0.0099954 0.00918035 0.00847702 0.00788401 0.00740004 0.00702396 0.00675486 0.00659232 
0.00707939 0.00713253 0.00729944 0.00758094 0.00797778 0.008491 0.00912181 0.00987161 0.0107419 0.0117341 0.0128496 0.0140898 0.0154556 0.0169477 0.0185664 0.0203112 0.0221812 0.0241748 0.0262895 0.0285218 0.0308675 0.0333212 0.0358765 0.038526 0.0412611 0.0440722 0.0469485 0.0498783 0.052849 0.0558467 0.0588572 0.0618652 0.0648548 0.0678099 0.0707137 0.0735495 0.0763002 0.0789492 0.0814797 0.0838759 0.086122 0.0882034 0.0901061 0.0918173 0.0933253 0.0946198 0.0956916 0.0965335 0.0971393 0.0975051 0.097628 0.0975074 0.097144 0.0965405 0.0957012 0.094632 0.0933404 0.0918354 0.0901273 0.088228 0.0861502 0.0839078 0.0815156 0.0789892 0.0763446 0.0735983 0.0707672 0.067868 0.0649176 0.0619326 0.0589293 0.0559233 0.0529298 0.0499633 0.0470373 0.0441644 0.0413564 0.0386239 0.0359765 0.0334228 0.0309701 0.0286248 0.0263922 0.0242767 0.0222816 0.0204093 0.0186617 0.0170396 0.0155434 0.0141729 0.0129275 0.0118061 0.0108076 0.00993064 0.00917372 0.00853546 0.00801451 0.00760971 0.0073201 0.00714526 
0.00771688 0.00777472 0.0079558 0.00826095 0.00869097 0.00924692 0.00993008 0.0107419 0.0116838 0.0127574 0.0139641 0.0153052 0.0167816 0.0183939 0.0201423 0.0220262 0.0240446 0.0261954 0.028476 0.0308824 0.03341 0.0360528 0.038804 0.0416553 0.0445976 0.0476203 0.0507119 0.0538598 0.0570503 0.0602687 0.0634995 0.0667264 0.0699326 0.0731006 0.0762126 0.0792507 0.0821969 0.0850332 0.087742 0.0903062 0.0927094 0.0949357 0.0969706 0.0988002 0.100412 0.101796 0.102941 0.103841 0.104488 0.104878 0.105009 0.10488 0.104491 0.103845 0.102948 0.101804 0.100423 0.098813 0.096986 0.094954 0.0927307 0.0903309 0.0877703 0.0850653 0.0822332 0.0792913 0.0762578 0.0731504 0.0699872 0.0667858 0.0635637 0.0603376 0.0571238 0.0539378 0.0507941 0.0477064 0.0446872 0.041748 0.0388993 0.0361503 0.0335089 0.0309823 0.0285761 0.0262952 0.0241432 0.0221231 0.0202367 0.0184852 0.016869 0.0153882 0.0140421 0.0128297 0.01175 0.0108014 0.00998249 0.00929189 0.00872818 0.00829017 0.00797683 0.00778778 
0.00844462 0.00850781 0.00870499 0.00903702 0.00950474 0.0101092 0.0108519 0.0117341 0.0127574 0.0139234 0.0152336 0.0166892 0.018291 0.0200397 0.0219352 0.0239769 0.0261634 0.0284925 0.0309609 0.0335645 0.036298 0.0391549 0.0421276 0.0452073 0.0483837 0.0516457 0.0549807 0.058375 0.0618137 0.0652812 0.0687607 0.0722348 0.0756852 0.0790934 0.0824402 0.0857064 0.0888728 0.0919202 0.0948298 0.0975834 0.100163 0.102553 0.104736 0.106699 0.108429 0.109912 0.111141 0.112105 0.112798 0.113217 0.113356 0.113217 0.1128 0.112107 0.111143 0.109916 0.108434 0.106706 0.104745 0.102564 0.100177 0.0975998 0.0948494 0.0919434 0.0888998 0.0857376 0.0824758 0.0791337 0.0757303 0.0722849 0.0688158 0.0653413 0.0618788 0.0584449 0.0550553 0.0517247 0.0484668 0.0452939 0.0422175 0.0392474 0.0363926 0.0336606 0.0310578 0.0285895 0.0262599 0.0240721 0.0220284 0.0201301 0.0183779 0.0167719 0.0153115 0.0139959 0.0128239 0.011794 0.0109047 0.0101547 0.00954243 0.00906668 0.00872641 0.00852121 
0.00926391 0.00933312 0.00954834 0.0099105 0.0104205 0.0110794 0.0118886 0.0128496 0.0139641 0.0152336 0.0166596 0.0182432 0.0199854 0.0218866 0.0239466 0.0261647 0.028539 0.0310671 0.0337453 0.036569 0.0395322 0.042628 0.0458478 0.049182 0.0526195 0.0561481 0.059754 0.0634226 0.0671377 0.0708824 0.0746386 0.0783874 0.0821094 0.0857844 0.0893921 0.0929117 0.0963226 0.0996044 0.102737 0.105701 0.108477 0.111047 0.113396 0.115507 0.117366 0.118961 0.12028 0.121316 0.122061 0.12251 0.12266 0.12251 0.122061 0.121315 0.120279 0.11896 0.117365 0.115507 0.113397 0.11105 0.108482 0.105708 0.102747 0.0996174 0.0963392 0.0929322 0.0894169 0.0858139 0.0821437 0.0784269 0.0746833 0.0709324 0.0671931 0.0634833 0.0598199 0.0562188 0.0526949 0.0492616 0.0459312 0.0427147 0.0396217 0.0366606 0.0338384 0.0311609 0.0286328 0.0262577 0.0240381 0.0219757 0.0200715 0.0183254 0.0167372 0.0153061 0.0140307 0.0129098 0.0119418 0.0111253 0.0104586 0.00994059 0.00957016 0.00934687 
0.010176 0.0102519 0.0104871 0.0108826 0.0114394 0.0121585 0.0130415 0.0140898 0.0153052 0.0166892 0.0182432 0.0199685 0.0218659 0.0239357 0.0261775 0.0285903 0.0311721 0.0339199 0.0368297 0.0398962 0.0431129 0.0464719 0.049964 0.0535786 0.0573037 0.0611257 0.0650299 0.0690002 0.0730193 0.0770687 0.0811289 0.0851797 0.0891999 0.0931679 0.0970619 0.10086 0.104539 0.108078 0.111454 0.114648 0.11764 0.120409 0.122938 0.12521 0.127212 0.128928 0.130349 0.131463 0.132265 0.132747 0.132908 0.132746 0.132262 0.131459 0.130343 0.128922 0.127205 0.125203 0.122931 0.120403 0.117635 0.114645 0.111453 0.108079 0.104544 0.100868 0.0970746 0.0931853 0.0892221 0.0852072 0.0811619 0.0771073 0.0730637 0.0690504 0.0650857 0.061187 0.0573703 0.0536502 0.0500401 0.0465519 0.0431964 0.0399825 0.0369181 0.0340097 0.0312626 0.0286806 0.0262668 0.0240231 0.0219507 0.0200499 0.0183204 0.0167614 0.0153718 0.0141502 0.013095 0.0122048 0.0114779 0.0109131 0.0105093 0.010266 
0.0111819 0.0112651 0.0115223 0.0119545 0.0125625 0.0133477 0.0143116 0.0154556 0.0167816 0.018291 0.0199854 0.0218659 0.0239332 0.0261876 0.0286283 0.0312542 0.0340629 0.0370509 0.0402137 0.0435455 0.0470389 0.0506854 0.0544747 0.0583952 0.0624337 0.0665756 0.0708048 0.0751038 0.0794537 0.0838348 0.0882258 0.0926049 0.0969493 0.101236 0.105441 0.109541 0.113511 0.117329 0.120971 0.124415 0.127639 0.130623 0.133348 0.135797 0.137952 0.1398 0.14133 0.142529 0.143392 0.143911 0.144084 0.143908 0.143386 0.142521 0.141319 0.139788 0.137938 0.135782 0.133333 0.130607 0.127624 0.1244 0.120958 0.117318 0.113503 0.109536 0.10544 0.10124 0.0969582 0.0926191 0.0882457 0.0838607 0.0794858 0.0751421 0.0708493 0.0666263 0.0624903 0.0584574 0.0545422 0.0507577 0.0471155 0.0436256 0.0402968 0.0371361 0.0341493 0.0313412 0.0287149 0.0262729 0.0240164 0.0219461 0.0200618 0.0183628 0.016848 0.015516 0.0143653 0.0133942 0.0126014 0.0119853 0.0115449 0.0112796 
0.0122826 0.0123738 0.0126548 0.0131268 0.0137907 0.0146478 0.0156996 0.0169477 0.0183939 0.0200397 0.0218866 0.0239357 0.0261876 0.0286422 0.0312989 0.034156 0.0372107 0.0404591 0.0438962 0.0475153 0.0513084 0.0552659 0.0593767 0.0636281 0.0680055 0.0724931 0.0770733 0.0817272 0.0864343 0.0911732 0.095921 0.100654 0.105348 0.109978 0.114518 0.118942 0.123226 0.127344 0.131272 0.134984 0.138459 0.141675 0.14461 0.147247 0.149568 0.151558 0.153204 0.154495 0.155423 0.155982 0.156167 0.155978 0.155415 0.154484 0.153189 0.151539 0.149547 0.147223 0.144585 0.141648 0.138432 0.134957 0.131246 0.12732 0.123204 0.118923 0.114502 0.109967 0.105342 0.100654 0.0959265 0.091185 0.0864527 0.0817523 0.0771053 0.0725319 0.068051 0.0636799 0.0594347 0.0553294 0.051377 0.0475883 0.0439729 0.0405388 0.0372924 0.0342389 0.0313822 0.0287248 0.0262686 0.0240142 0.0219618 0.0201106 0.0184598 0.0170078 0.0157532 0.0146944 0.0138298 0.0131579 0.0126777 0.0123886 
0.0134784 0.0135782 0.0138851 0.0144002 0.0151244 0.0160591 0.0172059 0.0185664 0.0201423 0.0219352 0.0239466 0.0261775 0.0286283 0.0312989 0.0341882 0.0372942 0.0406138 0.0441425 0.0478745 0.0518026 0.0559178 0.0602096 0.0646657 0.0692721 0.0740132 0.0788715 0.0838281 0.0888623 0.093952 0.099074 0.104204 0.109315 0.114383 0.119379 0.124277 0.12905 0.133668 0.138107 0.142339 0.146338 0.15008 0.153542 0.156702 0.15954 0.162037 0.164178 0.165949 0.167338 0.168335 0.168935 0.169134 0.16893 0.168324 0.167321 0.165928 0.164153 0.162008 0.159507 0.156666 0.153504 0.15004 0.146298 0.142298 0.138068 0.133631 0.129015 0.124246 0.119352 0.114361 0.109299 0.104193 0.0990703 0.0939554 0.0888729 0.0838462 0.0788971 0.0740462 0.0693123 0.0647128 0.0602632 0.0559773 0.0518675 0.047944 0.0442158 0.04069 0.0373724 0.0342674 0.0313782 0.0287067 0.026254 0.0240202 0.022005 0.0202073 0.0186259 0.0172592 0.0161056 0.0151635 0.0144314 0.0139082 0.0135934 
0.0147695 0.0148786 0.0152133 0.0157745 0.0165635 0.0175815 0.0188302 0.0203112 0.0220262 0.0239769 0.0261647 0.0285903 0.0312542 0.034156 0.0372942 0.0406666 0.0442694 0.0480977 0.052145 0.0564031 0.0608622 0.0655106 0.070335 0.0753201 0.0804488 0.0857021 0.0910593 0.0964983 0.101995 0.107524 0.11306 0.118574 0.124039 0.129424 0.134702 0.139843 0.144817 0.149595 0.154149 0.158452 0.162478 0.166201 0.169598 0.172649 0.175333 0.177634 0.179536 0.181028 0.182099 0.182743 0.182956 0.182736 0.182085 0.181007 0.179509 0.177601 0.175295 0.172606 0.169551 0.16615 0.162425 0.158398 0.154094 0.14954 0.144763 0.139791 0.134654 0.12938 0.123999 0.11854 0.113032 0.107504 0.101982 0.096493 0.0910621 0.085713 0.0804679 0.0753474 0.0703701 0.0655531 0.0609115 0.0564587 0.0522062 0.0481636 0.0443392 0.0407392 0.0373687 0.0342313 0.0313293 0.0286641 0.0262361 0.0240451 0.0220901 0.0203699 0.018883 0.0176278 0.0166025 0.0158059 0.0152365 0.0148941 
0.0161555 0.0162746 0.0166389 0.0172495 0.0181075 0.0192144 0.0205717 0.0221812 0.0240446 0.0261634 0.028539 0.0311721 0.0340629 0.0372107 0.0406138 0.0442694 0.0481734 0.0523201 0.0567021 0.0613106 0.0661346 0.0711614 0.0763763 0.0817627 0.0873019 0.0929733 0.0987547 0.104622 0.110549 0.116509 0.122473 0.128412 0.134295 0.140092 0.145771 0.151299 0.156647 0.161783 0.166677 0.1713 0.175624 0.179621 0.183269 0.186543 0.189423 0.191892 0.193932 0.195532 0.196681 0.197372 0.1976 0.197363 0.196664 0.195507 0.193899 0.191851 0.189376 0.186489 0.183209 0.179558 0.175556 0.17123 0.166606 0.161712 0.156576 0.15123 0.145704 0.140029 0.134237 0.12836 0.122427 0.11647 0.110518 0.104599 0.0987407 0.0929683 0.0873059 0.0817757 0.076398 0.0711915 0.0661726 0.0613559 0.056754 0.0523776 0.0482358 0.0443356 0.0406827 0.0372812 0.034134 0.0312426 0.0286078 0.0262295 0.0241069 0.0222388 0.0206238 0.0192601 0.0181463 0.0172808 0.0166623 0.0162904 
0.0176357 0.0177653 0.018161 0.018824 0.0197553 0.0209565 0.0224291 0.0241748 0.0261954 0.0284925 0.0310671 0.0339199 0.0370509 0.0404591 0.0441425 0.0480977 0.0523201 0.0568031 0.0615388 0.0665172 0.0717263 0.0771522 0.0827788 0.088588 0.0945596 0.100671 0.106899 0.113216 0.119596 0.126008 0.132423 0.138807 0.14513 0.151358 0.157456 0.163392 0.169132 0.174643 0.179892 0.184849 0.189484 0.193769 0.197678 0.201186 0.204271 0.206915 0.2091 0.210813 0.212043 0.212782 0.213026 0.212772 0.212023 0.210783 0.20906 0.206866 0.204214 0.201121 0.197606 0.193692 0.189402 0.184763 0.179804 0.174553 0.169042 0.163303 0.15737 0.151275 0.145052 0.138735 0.132357 0.12595 0.119546 0.113175 0.106867 0.100649 0.0945471 0.0885854 0.0827859 0.0771687 0.0717517 0.066551 0.0615802 0.0568513 0.0523741 0.0481566 0.044205 0.0405242 0.0371173 0.0339865 0.0311327 0.028556 0.0262557 0.0242309 0.02248 0.0210014 0.0197936 0.018855 0.0181844 0.0177813 
0.0192083 0.0193491 0.019778 0.0204963 0.0215051 0.0228057 0.0244 0.0262895 0.028476 0.0309609 0.0337453 0.0368297 0.0402137 0.0438962 0.0478745 0.052145 0.0567021 0.0615388 0.0666461 0.072013 0.0776264 0.083471 0.0895294 0.0957818 0.102206 0.108779 0.115473 0.122262 0.129114 0.135999 0.142884 0.149735 0.156516 0.163193 0.169729 0.176089 0.182237 0.188138 0.193758 0.199063 0.204022 0.208606 0.212786 0.216537 0.219836 0.222661 0.224997 0.226827 0.228141 0.228931 0.22919 0.228918 0.228117 0.226792 0.22495 0.222604 0.219768 0.21646 0.212701 0.208514 0.203924 0.19896 0.193651 0.18803 0.182128 0.17598 0.169622 0.163089 0.156417 0.149641 0.142797 0.13592 0.129044 0.122201 0.115422 0.108738 0.102176 0.0957622 0.0895205 0.0834726 0.077638 0.0720341 0.0666759 0.0615766 0.0567468 0.0521955 0.0479298 0.0439549 0.0402748 0.0368917 0.0338071 0.0310213 0.0285337 0.0263436 0.0244494 0.0228496 0.0215427 0.020527 0.0198014 0.0193653 
0.0208713 0.0210239 0.0214877 0.0222641 0.0233542 0.0247594 0.0264814 0.0285218 0.0308824 0.0335645 0.036569 0.0398962 0.0435455 0.0475153 0.0518026 0.0564031 0.0613106 0.0665172 0.072013 0.0777859 0.0838215 0.0901032 0.0966121 0.103327 0.110224 0.117276 0.124457 0.131736 0.13908 0.146457 0.15383 0.161165 0.168422 0.175565 0.182556 0.189355 0.195926 0.202231 0.208234 0.2139 0.219194 0.224087 0.228548 0.23255 0.236069 0.239083 0.241573 0.243525 0.244926 0.245767 0.246043 0.245753 0.244898 0.243484 0.241519 0.239016 0.23599 0.232461 0.228449 0.22398 0.21908 0.213779 0.208109 0.202103 0.195796 0.189225 0.182427 0.175439 0.1683 0.161048 0.153721 0.146355 0.138988 0.131653 0.124385 0.117215 0.110174 0.103289 0.096586 0.0900887 0.0838181 0.0777931 0.0720301 0.0665434 0.0613449 0.0564443 0.0518497 0.0475669 0.0436003 0.0399529 0.0366263 0.0336212 0.0309372 0.0285735 0.0265289 0.0248019 0.0233908 0.0222943 0.0215109 0.0210403 
0.0226218 0.0227868 0.0232871 0.0241242 0.0252993 0.0268138 0.0286693 0.0308675 0.03341 0.036298 0.0395322 0.0431129 0.0470389 0.0513084 0.0559178 0.0608622 0.0661346 0.0717263 0.0776264 0.0838215 0.0902961 0.097032 0.104009 0.111203 0.11859 0.12614 0.133825 0.141612 0.149465 0.157351 0.165229 0.173063 0.180813 0.188437 0.195897 0.20315 0.210157 0.216878 0.223276 0.229312 0.234952 0.240163 0.244912 0.249173 0.252918 0.256125 0.258775 0.260852 0.262342 0.263236 0.26353 0.263221 0.262311 0.260805 0.258714 0.25605 0.252829 0.249071 0.2448 0.24004 0.234821 0.229174 0.223131 0.21673 0.210006 0.202998 0.195745 0.188288 0.180668 0.172924 0.165096 0.157226 0.14935 0.141506 0.133731 0.126058 0.11852 0.111146 0.103964 0.0970001 0.0902764 0.0838137 0.0776297 0.0717399 0.0661575 0.0608932 0.0559558 0.051352 0.0470868 0.0431636 0.0395845 0.0363504 0.0334612 0.0309164 0.0287147 0.0268547 0.0253348 0.0241536 0.0233099 0.0228032 
0.0244561 0.0246339 0.0251723 0.0260727 0.0273363 0.0289645 0.0309589 0.0333212 0.0360528 0.0391549 0.042628 0.0464719 0.0506854 0.0552659 0.0602096 0.0655106 0.0711614 0.0771522 0.083471 0.0901032 0.097032 0.104238 0.111698 0.119388 0.12728 0.135345 0.143549 0.151859 0.160238 0.168646 0.177046 0.185394 0.193649 0.201768 0.209708 0.217427 0.224882 0.23203 0.238832 0.245249 0.251243 0.256779 0.261824 0.266349 0.270326 0.273731 0.276544 0.278748 0.28033 0.281279 0.28159 0.281261 0.280294 0.278696 0.276475 0.273646 0.270226 0.266235 0.261697 0.25664 0.251094 0.245092 0.238668 0.231861 0.224709 0.217252 0.209534 0.201595 0.193479 0.185229 0.176888 0.168497 0.160098 0.15173 0.143432 0.13524 0.127189 0.11931 0.111634 0.104187 0.096995 0.0900792 0.0834593 0.0771521 0.0711718 0.0655304 0.0602375 0.0553007 0.0507255 0.0465159 0.0426745 0.0392024 0.0361 0.0333668 0.0310017 0.0290034 0.0273703 0.0261012 0.0251946 0.0246503 
0.0263696 0.0265607 0.0271386 0.0281046 0.0294599 0.031206 0.0333443 0.0358765 0.038804 0.0421276 0.0458478 0.049964 0.0544747 0.0593767 0.0646657 0.070335 0.0763763 0.0827788 0.0895294 0.0966121 0.104009 0.111698 0.119656 0.127856 0.136268 0.14486 0.153598 0.162445 0.171362 0.180307 0.189239 0.198114 0.206886 0.215511 0.223944 0.232138 0.24005 0.247634 0.254849 0.261654 0.268008 0.273876 0.279223 0.284016 0.288229 0.291836 0.294815 0.297149 0.298823 0.299828 0.300157 0.299808 0.298784 0.297091 0.294739 0.291742 0.288118 0.28389 0.279081 0.273721 0.267842 0.261477 0.254665 0.247443 0.239854 0.23194 0.223745 0.215313 0.206691 0.197924 0.189056 0.180132 0.171197 0.162291 0.153457 0.144732 0.136153 0.127756 0.119571 0.111628 0.103953 0.0965708 0.0895017 0.082764 0.0763733 0.0703427 0.0646827 0.0594018 0.0545062 0.0500006 0.0458879 0.0421697 0.0388466 0.0359183 0.0333841 0.0312425 0.0294923 0.0281319 0.0271603 0.0265771 
0.0283571 0.028562 0.0291806 0.0302143 0.0316643 0.0335319 0.0358186 0.038526 0.0416553 0.0452073 0.049182 0.0535786 0.0583952 0.0636281 0.0692721 0.0753201 0.0817627 0.088588 0.0957818 0.103327 0.111203 0.119388 0.127856 0.136577 0.145521 0.154654 0.163937 0.173333 0.182798 0.192292 0.201767 0.211178 0.220477 0.229618 0.238551 0.247229 0.255605 0.263633 0.271267 0.278465 0.285186 0.29139 0.297042 0.302109 0.306561 0.310372 0.313519 0.315984 0.317752 0.318813 0.31916 0.318792 0.31771 0.31592 0.313435 0.310268 0.306439 0.301969 0.296886 0.291219 0.285002 0.27827 0.271062 0.26342 0.255387 0.247007 0.238327 0.229395 0.220257 0.210962 0.201557 0.192091 0.182607 0.173153 0.16377 0.154501 0.145383 0.136454 0.127749 0.119297 0.111128 0.103267 0.095737 0.0885574 0.0817453 0.0753147 0.0692773 0.0636425 0.0584174 0.053607 0.0492149 0.0452432 0.0416928 0.0385636 0.0358549 0.0335657 0.0316946 0.0302403 0.0292016 0.0285783 
0.0304122 0.0306314 0.0312918 0.0323951 0.0339423 0.0359347 0.0383739 0.0412611 0.0445976 0.0483837 0.0526195 0.0573037 0.0624337 0.0680055 0.0740132 0.0804488 0.0873019 0.0945596 0.102206 0.110224 0.11859 0.12728 0.136268 0.145521 0.155007 0.164689 0.174528 0.184481 0.194505 0.204555 0.214581 0.224537 0.234371 0.244033 0.253474 0.262642 0.271488 0.279964 0.288022 0.295618 0.302708 0.309252 0.315212 0.320555 0.325248 0.329265 0.332582 0.335179 0.337042 0.33816 0.338525 0.338136 0.336996 0.33511 0.33249 0.329152 0.325114 0.320402 0.315042 0.309065 0.302506 0.295403 0.287796 0.279729 0.271246 0.262395 0.253225 0.243784 0.234124 0.224294 0.214345 0.204327 0.194287 0.184275 0.174335 0.164511 0.154844 0.145375 0.136138 0.127168 0.118494 0.110145 0.102144 0.0945123 0.0872691 0.0804293 0.0740058 0.0680086 0.0624458 0.0573231 0.0526447 0.0484131 0.0446294 0.041294 0.0384063 0.0359655 0.0339703 0.0324195 0.031312 0.0306475 
0.0325281 0.0327617 0.033465 0.0346394 0.0362861 0.0384062 0.0410011 0.0440722 0.0476203 0.0516457 0.0561481 0.0611257 0.0665756 0.0724931 0.0788715 0.0857021 0.0929733 0.100671 0.108779 0.117276 0.12614 0.135345 0.14486 0.154654 0.164689 0.174928 0.185329 0.195847 0.206436 0.217048 0.227632 0.238138 0.248511 0.258701 0.268652 0.278314 0.287634 0.296561 0.305046 0.313042 0.320504 0.32739 0.33366 0.339279 0.344214 0.348438 0.351925 0.354656 0.356614 0.357788 0.358172 0.357763 0.356563 0.35458 0.351826 0.348315 0.344069 0.339113 0.333474 0.327186 0.320284 0.312808 0.304799 0.296304 0.287369 0.278043 0.268378 0.258426 0.248238 0.237868 0.227369 0.216793 0.206191 0.195614 0.185109 0.174723 0.164501 0.154482 0.144707 0.13521 0.126023 0.117177 0.108697 0.100606 0.0929244 0.0856678 0.0788506 0.0724841 0.0665769 0.0611356 0.0561649 0.0516678 0.0476459 0.0440999 0.0410293 0.0384336 0.0363116 0.0346622 0.0334842 0.0327776 
0.0346966 0.0349451 0.035692 0.0369389 0.0386868 0.0409369 0.0436904 0.0469485 0.0507119 0.0549807 0.059754 0.0650299 0.0708048 0.0770733 0.0838281 0.0910593 0.0987547 0.106899 0.115473 0.124457 0.133825 0.143549 0.153598 0.163937 0.174528 0.185329 0.196296 0.207384 0.218543 0.229721 0.240866 0.251924 0.26284 0.273559 0.284024 0.294181 0.303976 0.313355 0.322268 0.330664 0.338498 0.345726 0.352306 0.358202 0.36338 0.36781 0.371467 0.37433 0.376384 0.377615 0.378017 0.377587 0.376329 0.37425 0.37136 0.367678 0.363224 0.358023 0.352106 0.345506 0.338261 0.330411 0.322 0.313076 0.303688 0.293886 0.283725 0.273258 0.26254 0.251627 0.240575 0.229438 0.218269 0.207123 0.196049 0.185097 0.174313 0.16374 0.15342 0.143391 0.133686 0.124337 0.115372 0.106816 0.0986887 0.0910095 0.083793 0.0770515 0.0707946 0.0650296 0.0597619 0.054995 0.0507309 0.0469706 0.043714 0.0409607 0.0387096 0.0369597 0.0357101 0.0349607 
0.0369092 0.0371727 0.0379639 0.0392843 0.0411348 0.0435165 0.0464308 0.0498783 0.0538598 0.058375 0.0634226 0.0690002 0.0751038 0.0817272 0.0888623 0.0964983 0.104622 0.113216 0.122262 0.131736 0.141612 0.151859 0.162445 0.173333 0.184481 0.195847 0.207384 0.219043 0.230773 0.242519 0.254226 0.265838 0.277296 0.288544 0.299522 0.310174 0.320443 0.330274 0.339613 0.348409 0.356614 0.364182 0.371071 0.377242 0.38266 0.387296 0.391122 0.394118 0.396266 0.397553 0.397974 0.397524 0.396208 0.394032 0.391008 0.387155 0.382494 0.37705 0.370856 0.363946 0.356359 0.348136 0.339325 0.329973 0.320132 0.309855 0.299198 0.288216 0.276969 0.265513 0.253907 0.242207 0.230471 0.218754 0.207109 0.195588 0.18424 0.17311 0.162242 0.151677 0.141449 0.131594 0.12214 0.113114 0.104538 0.0964322 0.0888123 0.0816919 0.0750815 0.0689892 0.063421 0.058381 0.0538717 0.0498944 0.0464494 0.0435364 0.0411545 0.0393029 0.0379807 0.0371879 
0.0391561 0.0394349 0.0402708 0.0416653 0.0436193 0.046134 0.0492103 0.052849 0.0570503 0.0618137 0.0671377 0.0730193 0.0794537 0.0864343 0.093952 0.101995 0.110549 0.119596 0.129114 0.13908 0.149465 0.160238 0.171362 0.182798 0.194505 0.206436 0.218543 0.230773 0.243072 0.255384 0.267652 0.279816 0.291815 0.303589 0.315078 0.326222 0.336962 0.347241 0.357004 0.366196 0.374769 0.382675 0.389869 0.396313 0.401971 0.40681 0.410804 0.41393 0.416171 0.417515 0.417953 0.417484 0.41611 0.413839 0.410683 0.40666 0.401793 0.39611 0.389641 0.382423 0.374497 0.365905 0.356696 0.346919 0.336628 0.325879 0.314729 0.303236 0.291461 0.279464 0.267305 0.255045 0.242742 0.230455 0.21824 0.20615 0.194237 0.18255 0.171133 0.160031 0.14928 0.138916 0.128972 0.119474 0.110447 0.101912 0.0938867 0.086385 0.0794188 0.072997 0.0671261 0.061811 0.0570547 0.0528587 0.0492237 0.0461496 0.0436359 0.0416816 0.0402861 0.0394496 
0.0414272 0.0417213 0.042602 0.044071 0.0461291 0.0487772 0.0520163 0.0558467 0.0602687 0.0652812 0.0708824 0.0770687 0.0838348 0.0911732 0.099074 0.107524 0.116509 0.126008 0.135999 0.146457 0.157351 0.168646 0.180307 0.192292 0.204555 0.217048 0.229721 0.242519 0.255384 0.26826 0.281084 0.293795 0.30633 0.318626 0.330621 0.342252 0.353458 0.364181 0.374361 0.383946 0.392882 0.40112 0.408617 0.41533 0.421223 0.426263 0.430422 0.433677 0.43601 0.437409 0.437865 0.437376 0.435945 0.43358 0.430294 0.426104 0.421035 0.415115 0.408375 0.400854 0.392593 0.383636 0.374034 0.363837 0.353102 0.341885 0.330247 0.318247 0.305949 0.293416 0.280709 0.267892 0.255027 0.242173 0.22939 0.216734 0.204259 0.192016 0.180053 0.168414 0.157141 0.14627 0.135835 0.125866 0.116388 0.107424 0.0989927 0.0911094 0.0837867 0.0770346 0.0708604 0.0652694 0.0602652 0.0558497 0.0520241 0.0487884 0.0461422 0.044085 0.0426159 0.0417354 
0.0437114 0.0440208 0.0449464 0.0464899 0.048652 0.0514335 0.0548351 0.0588572 0.0634995 0.0687607 0.0746386 0.0811289 0.0882258 0.095921 0.104204 0.11306 0.122473 0.132423 0.142884 0.15383 0.165229 0.177046 0.189239 0.201767 0.214581 0.227632 0.240866 0.254226 0.267652 0.281084 0.294457 0.307709 0.320773 0.333584 0.346077 0.358188 0.369854 0.381012 0.391605 0.401574 0.410867 0.419433 0.427226 0.434203 0.440327 0.445564 0.449885 0.453266 0.45569 0.457143 0.457617 0.457109 0.455622 0.453165 0.44975 0.445397 0.44013 0.433977 0.426971 0.419152 0.410562 0.401247 0.391258 0.380649 0.369476 0.357799 0.345679 0.33318 0.320366 0.307303 0.294055 0.280688 0.267266 0.253852 0.240508 0.227291 0.214259 0.201465 0.188959 0.176789 0.164996 0.153621 0.142699 0.13226 0.122334 0.112942 0.104106 0.0958423 0.0881643 0.0810827 0.0746058 0.0687395 0.0634878 0.0588532 0.0548371 0.0514399 0.0486615 0.0465013 0.0449588 0.0440344 
0.0459971 0.0463217 0.0472921 0.0489097 0.0511752 0.0540893 0.0576526 0.0618652 0.0667264 0.0722348 0.0783874 0.0851797 0.0926049 0.100654 0.109315 0.118574 0.128412 0.138807 0.149735 0.161165 0.173063 0.185394 0.198114 0.211178 0.224537 0.238138 0.251924 0.265838 0.279816 0.293795 0.307709 0.321491 0.335075 0.348392 0.361374 0.373956 0.386071 0.397657 0.408652 0.418998 0.42864 0.437527 0.445609 0.452845 0.459194 0.464623 0.469102 0.472607 0.475119 0.476624 0.477115 0.476589 0.475048 0.472501 0.468961 0.464449 0.458988 0.452607 0.445342 0.437232 0.42832 0.418655 0.408287 0.397273 0.385672 0.373544 0.360952 0.347963 0.334643 0.32106 0.30728 0.293372 0.279402 0.265436 0.251538 0.237769 0.224187 0.210849 0.197808 0.185112 0.172806 0.160932 0.149527 0.138625 0.128253 0.118438 0.109201 0.10056 0.0925296 0.0851211 0.0783437 0.0722039 0.0667063 0.061854 0.0576486 0.0540909 0.0511809 0.0489184 0.0473028 0.0463347 
0.0482722 0.048612 0.0496266 0.0513175 0.0536854 0.0567307 0.0604539 0.0648548 0.0699326 0.0756852 0.0821094 0.0891999 0.0969493 0.105348 0.114383 0.124039 0.134295 0.14513 0.156516 0.168422 0.180813 0.193649 0.206886 0.220477 0.234371 0.248511 0.26284 0.277296 0.291815 0.30633 0.320773 0.335075 0.349166 0.362977 0.376437 0.389477 0.402032 0.414034 0.425422 0.436135 0.446116 0.455314 0.463678 0.471165 0.477733 0.483349 0.487981 0.491606 0.494204 0.495761 0.496268 0.495724 0.49413 0.491496 0.487835 0.483168 0.477518 0.470917 0.4634 0.455006 0.445782 0.435775 0.425039 0.413631 0.401612 0.389044 0.375992 0.362525 0.34871 0.334618 0.320318 0.305881 0.291375 0.276868 0.262427 0.248115 0.233994 0.220123 0.206555 0.193342 0.180532 0.168167 0.156287 0.144927 0.134117 0.123885 0.114252 0.105239 0.0968602 0.0891288 0.0820544 0.0756444 0.0699039 0.0648363 0.0604437 0.0567273 0.0536872 0.0513234 0.0496355 0.0486243 
0.0505241 0.0508788 0.051937 0.0537001 0.0561687 0.0593431 0.0632237 0.0678099 0.0731006 0.0790934 0.0857844 0.0931679 0.101236 0.109978 0.119379 0.129424 0.140092 0.151358 0.163193 0.175565 0.188437 0.201768 0.215511 0.229618 0.244033 0.258701 0.273559 0.288544 0.303589 0.318626 0.333584 0.348392 0.362977 0.377267 0.391191 0.404677 0.417657 0.430063 0.441831 0.4529 0.46321 0.472709 0.481346 0.489075 0.495856 0.501652 0.506433 0.510174 0.512854 0.51446 0.514984 0.514422 0.512778 0.510059 0.506281 0.501464 0.495633 0.488818 0.481057 0.472389 0.462862 0.452525 0.441432 0.429643 0.417218 0.404223 0.390725 0.376792 0.362497 0.34791 0.333104 0.318151 0.303123 0.288089 0.273119 0.258278 0.243631 0.229237 0.215155 0.201437 0.188132 0.175287 0.162942 0.151134 0.139895 0.129253 0.119232 0.109853 0.101133 0.0930842 0.0857182 0.0790426 0.0730632 0.0677839 0.0632073 0.0593346 0.0561665 0.0537031 0.0519441 0.0508904 
0.05274 0.0531092 0.0542101 0.0560439 0.058611 0.0619118 0.0659463 0.0707137 0.0762126 0.0824402 0.0893921 0.0970619 0.105441 0.114518 0.124277 0.134702 0.145771 0.157456 0.169729 0.182556 0.195897 0.209708 0.223944 0.238551 0.253474 0.268652 0.284024 0.299522 0.315078 0.330621 0.346077 0.361374 0.376437 0.391191 0.405562 0.419479 0.432869 0.445665 0.4578 0.469211 0.479839 0.489628 0.498527 0.506489 0.513473 0.519443 0.524367 0.528219 0.530979 0.532633 0.533172 0.532594 0.5309 0.528101 0.52421 0.519249 0.513243 0.506223 0.498227 0.489296 0.479477 0.468822 0.457385 0.445228 0.432412 0.419005 0.405076 0.390694 0.375934 0.360869 0.345573 0.330121 0.314587 0.299042 0.283558 0.268204 0.253045 0.238145 0.223562 0.209353 0.195568 0.182255 0.169457 0.157212 0.145554 0.134513 0.124113 0.114378 0.105324 0.0969655 0.0893145 0.0823793 0.0761664 0.0706802 0.0659236 0.0618982 0.0586049 0.056044 0.0542154 0.0531202 
0.0549067 0.0552902 0.0564325 0.058335 0.060998 0.0644217 0.0686058 0.0735495 0.0792507 0.0857064 0.0929117 0.10086 0.109541 0.118942 0.12905 0.139843 0.151299 0.163392 0.176089 0.189355 0.20315 0.217427 0.232138 0.247229 0.262642 0.278314 0.294181 0.310174 0.326222 0.342252 0.358188 0.373956 0.389477 0.404677 0.419479 0.433808 0.447593 0.460762 0.473249 0.484988 0.495919 0.505986 0.515136 0.523321 0.530501 0.536636 0.541697 0.545655 0.548491 0.550191 0.550745 0.55015 0.54841 0.545534 0.541536 0.536437 0.530263 0.523047 0.514827 0.505643 0.495545 0.484585 0.47282 0.460309 0.447119 0.433317 0.418973 0.40416 0.388953 0.373428 0.357661 0.341728 0.325706 0.309669 0.293691 0.277841 0.262189 0.246799 0.231733 0.217048 0.202799 0.189033 0.175796 0.163128 0.151064 0.139636 0.128869 0.118788 0.10941 0.100751 0.0928229 0.0856356 0.0791958 0.0735085 0.0685768 0.0644029 0.0609879 0.0583322 0.056436 0.0553004 
0.0570111 0.0574083 0.0585907 0.0605597 0.0633153 0.0668578 0.0711864 0.0763002 0.0821969 0.0888728 0.0963226 0.104539 0.113511 0.123226 0.133668 0.144817 0.156647 0.169132 0.182237 0.195926 0.210157 0.224882 0.24005 0.255605 0.271488 0.287634 0.303976 0.320443 0.336962 0.353458 0.369854 0.386071 0.402032 0.417657 0.432869 0.447593 0.461754 0.475279 0.4881 0.500152 0.511372 0.521703 0.531091 0.53949 0.546854 0.553148 0.558337 0.562397 0.565305 0.567048 0.567616 0.567006 0.565222 0.562272 0.558172 0.552943 0.54661 0.539208 0.530774 0.521351 0.510987 0.499737 0.487657 0.474811 0.461264 0.447084 0.432345 0.41712 0.401487 0.385522 0.369304 0.352912 0.336423 0.319915 0.303461 0.287137 0.271011 0.255151 0.239621 0.22448 0.209784 0.195583 0.181924 0.168848 0.156394 0.144592 0.133472 0.123057 0.113367 0.104418 0.0962227 0.0887921 0.0821333 0.0762518 0.0711511 0.0668338 0.0633012 0.060554 0.0585924 0.0574177 
0.05904 0.0594504 0.0606713 0.062704 0.0655486 0.0692049 0.0736722 0.0789492 0.0850332 0.0919202 0.0996044 0.108078 0.117329 0.127344 0.138107 0.149595 0.161783 0.174643 0.188138 0.202231 0.216878 0.23203 0.247634 0.263633 0.279964 0.296561 0.313355 0.330274 0.347241 0.364181 0.381012 0.397657 0.414034 0.430063 0.445665 0.460762 0.475279 0.489142 0.50228 0.514627 0.52612 0.536701 0.546315 0.554914 0.562454 0.568896 0.574208 0.578363 0.58134 0.583123 0.583704 0.58308 0.581254 0.578235 0.574039 0.568686 0.562204 0.554626 0.54599 0.53634 0.525725 0.514201 0.501825 0.48866 0.474774 0.460238 0.445124 0.429509 0.41347 0.397088 0.380442 0.363613 0.34668 0.329723 0.312818 0.296041 0.279464 0.263156 0.247184 0.231607 0.216484 0.201867 0.187805 0.17434 0.161512 0.149354 0.137895 0.12716 0.117171 0.107944 0.0994937 0.0918299 0.0849612 0.0788935 0.0736308 0.0691759 0.0655305 0.0626954 0.0606712 0.0594591 
0.0609804 0.0614034 0.0626609 0.0647543 0.0676835 0.0714482 0.0760475 0.0814797 0.087742 0.0948298 0.102737 0.111454 0.120971 0.131272 0.142339 0.154149 0.166677 0.179892 0.193758 0.208234 0.223276 0.238832 0.254849 0.271267 0.288022 0.305046 0.322268 0.339613 0.357004 0.374361 0.391605 0.408652 0.425422 0.441831 0.4578 0.473249 0.4881 0.50228 0.515716 0.528341 0.54009 0.550906 0.560731 0.569518 0.577222 0.583804 0.589231 0.593475 0.596516 0.598338 0.598931 0.598294 0.596429 0.593345 0.589059 0.58359 0.576968 0.569224 0.560399 0.550536 0.539687 0.527904 0.515249 0.501786 0.487582 0.472709 0.457243 0.44126 0.42484 0.408065 0.391015 0.373774 0.356422 0.339041 0.321709 0.304505 0.287501 0.27077 0.254378 0.238388 0.222861 0.207851 0.193406 0.179572 0.166389 0.153892 0.142112 0.131074 0.120801 0.11131 0.102616 0.0947303 0.0876619 0.081417 0.0760002 0.0714144 0.0676616 0.064743 0.0626591 0.0614113 
0.0628196 0.0632545 0.0645467 0.0666973 0.0697064 0.0735734 0.0782972 0.0838759 0.0903062 0.0975834 0.105701 0.114648 0.124415 0.134984 0.146338 0.158452 0.1713 0.184849 0.199063 0.2139 0.229312 0.245249 0.261654 0.278465 0.295618 0.313042 0.330664 0.348409 0.366196 0.383946 0.401574 0.418998 0.436135 0.4529 0.469211 0.484988 0.500152 0.514627 0.528341 0.541224 0.553213 0.564246 0.574269 0.583231 0.591088 0.597799 0.603333 0.60766 0.61076 0.612618 0.613223 0.612574 0.610672 0.607528 0.603158 0.597582 0.590829 0.582932 0.57393 0.56387 0.552801 0.540779 0.527864 0.514122 0.499621 0.484435 0.468639 0.452313 0.435537 0.418394 0.400967 0.383339 0.365595 0.347817 0.330086 0.312481 0.295077 0.277947 0.261162 0.244786 0.228879 0.213498 0.198693 0.184512 0.170996 0.15818 0.146097 0.134773 0.124232 0.114493 0.10557 0.097475 0.0902183 0.0838064 0.0782441 0.0735349 0.0696808 0.0666833 0.0645431 0.0632617 
0.0645455 0.0649915 0.066316 0.0685202 0.0716038 0.0755664 0.0804065 0.086122 0.0927094 0.100163 0.108477 0.11764 0.127639 0.138459 0.15008 0.162478 0.175624 0.189484 0.204022 0.219194 0.234952 0.251243 0.268008 0.285186 0.302708 0.320504 0.338498 0.356614 0.374769 0.392882 0.410867 0.42864 0.446116 0.46321 0.479839 0.495919 0.511372 0.52612 0.54009 0.553213 0.565422 0.576657 0.586861 0.595985 0.603982 0.610814 0.616445 0.620849 0.624004 0.625894 0.626511 0.62585 0.623915 0.620716 0.616268 0.610593 0.603719 0.595681 0.586517 0.576274 0.565003 0.552759 0.539604 0.525605 0.51083 0.495354 0.479254 0.46261 0.445504 0.42802 0.410243 0.392258 0.37415 0.356004 0.337902 0.319924 0.302148 0.284649 0.267498 0.250761 0.234501 0.218775 0.203636 0.189132 0.175304 0.162191 0.149826 0.138236 0.127445 0.117473 0.108336 0.100047 0.0926141 0.0860461 0.080348 0.0755234 0.0715748 0.0685036 0.0663108 0.064998 
0.0661462 0.0666025 0.0679569 0.0702105 0.0733631 0.077414 0.0823616 0.0882034 0.0949357 0.102553 0.111047 0.120409 0.130623 0.141675 0.153542 0.166201 0.179621 0.193769 0.208606 0.224087 0.240163 0.256779 0.273876 0.29139 0.309252 0.32739 0.345726 0.364182 0.382675 0.40112 0.419433 0.437527 0.455314 0.472709 0.489628 0.505986 0.521703 0.536701 0.550906 0.564246 0.576657 0.588076 0.598446 0.607717 0.615843 0.622783 0.628504 0.632978 0.636183 0.638103 0.638729 0.638058 0.636093 0.632843 0.628325 0.62256 0.615576 0.607408 0.598097 0.587687 0.576231 0.563785 0.550411 0.536176 0.521151 0.50541 0.489031 0.472096 0.454688 0.436892 0.418794 0.400481 0.38204 0.363556 0.345112 0.326792 0.308675 0.290836 0.273349 0.25628 0.239695 0.223652 0.208204 0.193402 0.179288 0.165901 0.153276 0.14144 0.130419 0.120233 0.110898 0.102428 0.0948335 0.0881215 0.082298 0.0773668 0.0733308 0.0701915 0.0679501 0.0666083 
