0.00014147 0.000144431 0.000155113 0.000173872 0.000201276 0.000238122 0.000285437 0.000344475 0.000416712 0.000503835 0.000607733 0.000730479 0.000874311 0.0010416 0.00123483 0.00145654 0.00170929 0.00199561 0.00231792 0.0026785 0.00307938 0.00352233 0.0040087 0.00453942 0.00511491 0.005735 0.00639886 0.00710499 0.00785117 0.00863438 0.00945087 0.0102961 0.0111648 0.0120511 0.0129482 0.013849 0.0147457 0.0156304 0.0164947 0.0173301 0.0181281 0.0188803 0.0195787 0.0202156 0.0207838 0.0212769 0.0216891 0.0220156 0.0222526 0.0223973 0.022448 0.0224041 0.0222661 0.0220357 0.0217156 0.0213097 0.0208228 0.0202605 0.0196292 0.018936 0.0181887 0.0173952 0.0165638 0.0157031 0.0148216 0.0139274 0.0130287 0.0121331 0.0112479 0.0103797 0.00953435 0.00871727 0.00793297 0.00718523 0.0064771 0.00581083 0.00518797 0.0046094 0.00407532 0.00358538 0.0031387 0.00273397 0.00236948 0.00204324 0.00175301 0.00149642 0.00127097 0.00107412 0.000903371 0.000756248 0.000630392 0.000523571 0.000433712 0.00035892 0.000297499 0.000247957 0.000209023 0.000179649 0.000159011 0.00014654 
0.000144431 0.000147463 0.000158381 0.000177552 0.000205554 0.000243202 0.000291546 0.000351865 0.000425667 0.000514674 0.000620813 0.000746202 0.000893124 0.001064 0.00126135 0.00148778 0.00174589 0.00203825 0.00236734 0.00273546 0.0031447 0.00359682 0.00409322 0.00463482 0.00522205 0.0058547 0.00653195 0.00725223 0.00801326 0.00881198 0.00964454 0.0105063 0.0113919 0.0122953 0.0132096 0.0141276 0.0150414 0.0159428 0.0168233 0.0176743 0.0184872 0.0192534 0.0199646 0.0206132 0.0211918 0.0216939 0.0221135 0.022446 0.0226873 0.0228345 0.0228861 0.0228413 0.0227007 0.022466 0.0221401 0.0217267 0.0212308 0.0206581 0.0200151 0.0193091 0.0185478 0.0177395 0.0168926 0.0160157 0.0151174 0.0142063 0.0132904 0.0123777 0.0114754 0.0105902 0.00972845 0.00889533 0.00809556 0.00733299 0.00661073 0.0059311 0.00529569 0.00470538 0.00416043 0.00366046 0.00320459 0.00279149 0.00241943 0.00208639 0.0017901 0.00152812 0.00129792 0.00109692 0.000922551 0.000772305 0.000643773 0.000534676 0.000442901 0.000366513 0.000303779 0.000253179 0.000213414 0.000183413 0.000162337 0.000149603 
0.000155113 0.000158381 0.000170097 0.000190651 0.000220658 0.000260988 0.000312755 0.000377323 0.000456291 0.000551491 0.000664967 0.000798964 0.0009559 0.00113834 0.00134895 0.00159047 0.00186565 0.00217719 0.00252769 0.00291957 0.003355 0.00383583 0.00436347 0.00493888 0.00556245 0.00623394 0.00695239 0.00771614 0.00852272 0.00936885 0.0102504 0.0111625 0.0120995 0.0130548 0.0140213 0.0149913 0.0159566 0.0169084 0.0178378 0.0187358 0.0195932 0.0204012 0.0211512 0.0218348 0.0224445 0.0229735 0.0234156 0.0237657 0.0240197 0.0241746 0.0242287 0.0241814 0.0240331 0.0237857 0.023442 0.0230063 0.0224835 0.0218796 0.0212016 0.020457 0.019654 0.0188011 0.0179073 0.0169816 0.016033 0.0150705 0.0141028 0.0131379 0.0121838 0.0112475 0.0103355 0.00945346 0.00860638 0.00779836 0.00703271 0.00631193 0.00563774 0.00501112 0.00443238 0.00390116 0.00341658 0.00297726 0.0025814 0.00222689 0.00191135 0.00163222 0.00138684 0.0011725 0.000986469 0.000826109 0.000688869 0.000572336 0.000474269 0.000392616 0.000325538 0.00027142 0.000228883 0.000196787 0.000174241 0.000160625 
0.000173872 0.000177552 0.000190651 0.0002136 0.000247078 0.000292045 0.000349729 0.00042163 0.000509509 0.000615376 0.000741477 0.00089027 0.0010644 0.00126667 0.00149999 0.00176733 0.00207168 0.00241597 0.00280299 0.00323536 0.00371537 0.004245 0.00482572 0.00545851 0.00614371 0.00688097 0.0076692 0.00850647 0.00939003 0.0103162 0.0112805 0.0122775 0.0133009 0.0143437 0.0153981 0.0164557 0.0175074 0.0185439 0.0195555 0.0205323 0.0214647 0.0223429 0.0231576 0.0239 0.0245619 0.025136 0.0256156 0.0259952 0.0262706 0.0264384 0.0264968 0.0264451 0.0262839 0.0260151 0.0256419 0.0251686 0.0246007 0.0239447 0.0232079 0.0223986 0.0215255 0.0205978 0.0196252 0.0186175 0.0175844 0.0165357 0.0154806 0.0144281 0.0133867 0.0123641 0.0113673 0.0104028 0.00947583 0.00859099 0.00775196 0.00696153 0.00622165 0.00553348 0.0048974 0.00431311 0.00377972 0.00329577 0.00285936 0.00246824 0.00211985 0.00181143 0.00154009 0.00130289 0.00109688 0.000919166 0.000766965 0.000637642 0.000528741 0.000438014 0.000363442 0.00030325 0.000255921 0.000220204 0.000195114 0.000179973 
0.000201276 0.000205554 0.000220658 0.000247078 0.000285586 0.000337265 0.00040351 0.000486016 0.00058677 0.000708041 0.000852356 0.00102248 0.00122138 0.00145219 0.00171816 0.00202261 0.00236885 0.00276012 0.0031995 0.00368985 0.00423368 0.0048331 0.00548968 0.0062044 0.00697754 0.0078086 0.00869623 0.0096382 0.0106313 0.0116713 0.0127532 0.0138708 0.015017 0.0161839 0.0173628 0.0185444 0.0197186 0.0208749 0.0220028 0.0230912 0.0241295 0.0251068 0.0260131 0.0268386 0.0275742 0.0282119 0.0287444 0.0291658 0.0294713 0.0296573 0.0297217 0.0296639 0.0294844 0.0291855 0.0287704 0.0282442 0.0276126 0.0268829 0.0260632 0.0251623 0.0241901 0.0231567 0.0220727 0.020949 0.0197962 0.0186252 0.0174464 0.0162696 0.0151044 0.0139593 0.0128423 0.0117605 0.0107199 0.00972576 0.00878224 0.00789258 0.00705906 0.00628305 0.00556511 0.004905 0.00430181 0.003754 0.00325954 0.00281595 0.00242044 0.00206998 0.00176135 0.0014913 0.00125653 0.00105383 0.000880073 0.000732306 0.000607772 0.000503941 0.000418538 0.000349564 0.000295305 0.000254346 0.000225576 0.000208226 
0.000238122 0.000243202 0.000260988 0.000292045 0.000337265 0.000397903 0.000475564 0.000572202 0.000690104 0.000831875 0.00100041 0.00119888 0.00143067 0.00169935 0.00200861 0.00236221 0.00276389 0.00321729 0.00372586 0.00429277 0.00492079 0.00561221 0.0063687 0.00719126 0.00808005 0.00903436 0.0100525 0.0111319 0.0122686 0.0134578 0.0146936 0.0159689 0.0172756 0.0186047 0.0199463 0.0212897 0.0226237 0.0239363 0.0252157 0.0264494 0.0276255 0.0287319 0.0297573 0.0306907 0.0315221 0.0322425 0.0328438 0.0333195 0.033664 0.0338736 0.0339459 0.03388 0.0336768 0.0333386 0.0328693 0.0322742 0.0315598 0.0307343 0.0298066 0.0287868 0.0276857 0.0265146 0.0252855 0.0240105 0.0227017 0.0213713 0.0200309 0.0186919 0.0173648 0.0160596 0.0147852 0.0135498 0.0123604 0.011223 0.0101424 0.00912249 0.00816592 0.00727443 0.00644877 0.00568882 0.00499364 0.00436161 0.00379051 0.00327762 0.00281983 0.00241373 0.00205573 0.00174215 0.00146925 0.00123338 0.001031 0.000858716 0.000713389 0.000592119 0.000492295 0.000411619 0.000348122 0.000300174 0.000266496 0.000246202 
0.000285437 0.000291546 0.000312755 0.000349729 0.00040351 0.000475564 0.000567765 0.000682391 0.000822104 0.00098993 0.00118923 0.00142367 0.00169716 0.00201381 0.00237786 0.00279362 0.00326534 0.00379717 0.004393 0.00505638 0.00579039 0.00659753 0.0074796 0.00843755 0.00947142 0.0105802 0.0117619 0.0130131 0.0143294 0.0157049 0.0171329 0.0186049 0.0201117 0.0216428 0.0231869 0.0247316 0.0262641 0.0277708 0.0292382 0.0306522 0.0319992 0.0332656 0.0344385 0.0355056 0.0364556 0.0372783 0.0379647 0.0385074 0.0389003 0.039139 0.0392209 0.0391452 0.0389126 0.0385259 0.0379894 0.037309 0.0364922 0.0355481 0.0344867 0.0333194 0.0320584 0.0307166 0.0293074 0.0278447 0.0263421 0.0248135 0.0232723 0.0217312 0.0202026 0.0186978 0.0172271 0.0158001 0.0144248 0.0131082 0.0118561 0.010673 0.00956226 0.00852592 0.00756504 0.00667963 0.00586878 0.00513076 0.00446313 0.00386286 0.00332647 0.00285012 0.00242972 0.00206106 0.00173989 0.001462 0.00122331 0.00101992 0.000848188 0.000704754 0.000586591 0.000491027 0.000415769 0.000358922 0.000318994 0.000294952 
0.000344475 0.000351865 0.000377323 0.00042163 0.000486016 0.000572202 0.000682391 0.000819255 0.000985909 0.00118589 0.00142313 0.00170189 0.00202671 0.00240236 0.00283374 0.0033258 0.00388342 0.00451134 0.00521397 0.00599531 0.00685879 0.00780716 0.0088423 0.00996516 0.0111756 0.0124722 0.0138524 0.0153121 0.0168461 0.0184473 0.0201077 0.0218176 0.023566 0.0253409 0.027129 0.0289163 0.0306878 0.0324281 0.0341216 0.0357522 0.0373044 0.0387627 0.0401125 0.0413399 0.042432 0.0433773 0.0441657 0.0447886 0.0452393 0.0455129 0.0456064 0.0455187 0.045251 0.0448062 0.0441891 0.0434065 0.042467 0.0413806 0.0401589 0.0388147 0.0373618 0.0358149 0.0341894 0.0325009 0.0307652 0.028998 0.0272146 0.02543 0.0236581 0.0219122 0.0202044 0.0185454 0.016945 0.0154113 0.0139512 0.01257 0.0112718 0.0100592 0.00893368 0.00789537 0.00694341 0.00607595 0.00529033 0.00458316 0.00395053 0.00338806 0.0028911 0.00245482 0.00207431 0.00174472 0.00146133 0.0012196 0.0010153 0.000844517 0.000703705 0.000589743 0.000499947 0.000432093 0.000384434 0.000355758 
0.000416712 0.000425667 0.000456291 0.000509509 0.00058677 0.000690104 0.000822104 0.000985909 0.00118518 0.00142406 0.00170715 0.00203941 0.00242614 0.00287287 0.00338529 0.00396909 0.0046299 0.00537311 0.00620375 0.00712632 0.00814465 0.00926173 0.0104796 0.011799 0.0132197 0.0147397 0.0163558 0.0180631 0.0198551 0.0217237 0.0236592 0.0256502 0.0276841 0.0297466 0.0318225 0.0338955 0.0359483 0.0379633 0.0399223 0.0418073 0.0436002 0.0452837 0.0468409 0.048256 0.0495145 0.0506032 0.0515108 0.0522275 0.0527458 0.0530601 0.0531671 0.0530655 0.0527566 0.0522437 0.0515324 0.0506303 0.0495471 0.0482941 0.0468845 0.0453329 0.0436549 0.0418674 0.0399878 0.0380339 0.036024 0.0339759 0.0319074 0.0298356 0.0277767 0.0257461 0.0237577 0.0218243 0.0199572 0.0181661 0.016459 0.0148425 0.0133214 0.011899 0.0105772 0.0093565 0.00823601 0.00721381 0.00628697 0.00545174 0.00470367 0.00403782 0.00344886 0.00293122 0.00247927 0.00208738 0.00175006 0.00146205 0.00121839 0.00101453 0.000846301 0.000710059 0.000602646 0.000521452 0.000464421 0.000430128 
0.000503835 0.000514674 0.000551491 0.000615376 0.000708041 0.000831875 0.00098993 0.00118589 0.00142406 0.00170929 0.00204694 0.00244283 0.0029031 0.00343419 0.00404266 0.00473508 0.00551792 0.00639732 0.007379 0.00846802 0.00966864 0.0109841 0.0124165 0.0139666 0.0156335 0.017415 0.0193069 0.0213032 0.0233963 0.0255763 0.0278319 0.0301498 0.0325151 0.0349113 0.0373207 0.0397244 0.0421025 0.0444349 0.0467006 0.048879 0.0509495 0.0528922 0.0546881 0.0563192 0.057769 0.0590226 0.0600672 0.0608917 0.0614876 0.0618486 0.061971 0.0618534 0.0614971 0.0609061 0.0600864 0.0590469 0.0577983 0.0563537 0.0547279 0.0529375 0.0510002 0.0489352 0.0467623 0.0445021 0.0421752 0.0398022 0.0374036 0.0349989 0.0326071 0.0302458 0.0279314 0.0256787 0.0235009 0.0214096 0.0194142 0.0175225 0.0157406 0.0140725 0.0125206 0.0110857 0.00976707 0.00856277 0.00746958 0.0064833 0.00559895 0.0048109 0.00411307 0.00349907 0.0029624 0.00249655 0.00209515 0.00175209 0.00146159 0.00121831 0.0010174 0.000854578 0.000726136 0.000629011 0.000560787 0.000519789 
0.000607733 0.000620813 0.000664967 0.000741477 0.000852356 0.00100041 0.00118923 0.00142313 0.00170715 0.00204694 0.00244879 0.00291943 0.00346602 0.004096 0.00481695 0.00563642 0.0065618 0.00760012 0.00875781 0.0100406 0.0114531 0.0129989 0.0146801 0.0164972 0.018449 0.0205326 0.0227426 0.0250721 0.0275115 0.0300496 0.0326728 0.0353655 0.0381104 0.0408883 0.0436788 0.0464601 0.0492094 0.0519033 0.0545181 0.0570301 0.0594161 0.0616532 0.06372 0.065596 0.0672626 0.068703 0.0699026 0.070849 0.0715327 0.0719466 0.0720863 0.0719505 0.0715407 0.070861 0.0699187 0.0687235 0.0672876 0.0656258 0.0637547 0.0616931 0.0594613 0.0570809 0.0545745 0.0519654 0.0492773 0.0465337 0.0437581 0.0409731 0.0382003 0.0354602 0.0327719 0.0301525 0.0276177 0.0251808 0.0228532 0.0206443 0.0185611 0.0166088 0.0147904 0.0131072 0.0115587 0.0101428 0.00885606 0.00769384 0.00665055 0.00571983 0.00489474 0.00416797 0.00353205 0.00297946 0.00250284 0.00209508 0.00174947 0.00145979 0.00122037 0.0010262 0.000872945 0.000757015 0.000675579 0.000626668 
0.000730479 0.000746202 0.000798964 0.00089027 0.00102248 0.00119888 0.00142367 0.00170189 0.00203941 0.00244283 0.00291943 0.00347704 0.00412394 0.00486869 0.00572002 0.00668659 0.00777681 0.00899864 0.0103593 0.0118652 0.0135215 0.0153319 0.0172985 0.0194216 0.0216995 0.0241281 0.0267013 0.0294103 0.032244 0.0351891 0.0382295 0.0413471 0.0445219 0.0477316 0.0509526 0.0541599 0.0573274 0.0604284 0.0634358 0.0663228 0.0690629 0.0716303 0.0740006 0.0761509 0.0780601 0.0797094 0.0810824 0.0821652 0.0829469 0.0834197 0.0835788 0.0834226 0.0829528 0.0821742 0.0810947 0.0797252 0.0780797 0.0761746 0.0740287 0.0716631 0.0691008 0.0663662 0.0634849 0.0604834 0.0573886 0.0542273 0.0510263 0.0478115 0.0446078 0.0414388 0.0383265 0.035291 0.0323503 0.0295202 0.0268141 0.0242431 0.0218157 0.0195383 0.0174147 0.0154467 0.0136342 0.011975 0.0104654 0.00910033 0.00787359 0.00677798 0.00580564 0.00494824 0.0041972 0.0035439 0.00297983 0.00249679 0.00208699 0.00174321 0.00145885 0.00122808 0.00104583 0.000907924 0.000811041 0.000752884 
0.000874311 0.000893124 0.0009559 0.0010644 0.00122138 0.00143067 0.00169716 0.00202671 0.00242614 0.0029031 0.00346602 0.00412394 0.00488637 0.00576318 0.00676433 0.00789969 0.00917882 0.0106107 0.0122034 0.013964 0.0158981 0.0180097 0.0203007 0.0227711 0.0254185 0.0282377 0.0312213 0.0343587 0.0376369 0.0410399 0.0445492 0.0481439 0.0518005 0.0554936 0.0591959 0.062879 0.0665129 0.0700674 0.0735119 0.0768157 0.0799489 0.0828828 0.0855897 0.0880438 0.0902217 0.0921021 0.0936668 0.0949002 0.0957903 0.0963282 0.0965086 0.0963299 0.0957937 0.0949056 0.0936743 0.0921122 0.0902346 0.08806 0.0856095 0.0829069 0.0799778 0.0768497 0.0735515 0.0701132 0.0665651 0.0629379 0.0592617 0.0555663 0.0518802 0.0482304 0.0446422 0.0411389 0.0377414 0.0344682 0.0313349 0.0283547 0.0255378 0.0228919 0.020422 0.0181305 0.0160175 0.014081 0.0123172 0.0107204 0.00928379 0.00799932 0.00685809 0.00585068 0.00496729 0.00419806 0.00353323 0.00296334 0.00247941 0.00207309 0.00173675 0.00146359 0.00124776 0.00108438 0.00096959 0.00090072 
0.0010416 0.001064 0.00113834 0.00126667 0.00145219 0.00169935 0.00201381 0.00240236 0.00287287 0.00343419 0.004096 0.00486869 0.00576318 0.00679072 0.00796264 0.00929016 0.0107841 0.0124544 0.0143101 0.0163591 0.0186073 0.0210588 0.0237155 0.0265768 0.0296393 0.0328969 0.0363403 0.039957 0.0437317 0.0476456 0.0516774 0.0558026 0.0599944 0.0642236 0.0684591 0.0726684 0.0768178 0.0808727 0.0847987 0.0885614 0.0921272 0.0954637 0.09854 0.101327 0.1038 0.105933 0.107708 0.109106 0.110115 0.110724 0.110927 0.110724 0.110115 0.109107 0.10771 0.105936 0.103804 0.101334 0.0985498 0.095477 0.0921447 0.0885838 0.0848266 0.0809067 0.0768584 0.0727162 0.0685144 0.0642866 0.0600653 0.0558814 0.0517639 0.0477395 0.0438324 0.0400641 0.0364529 0.0330142 0.0297603 0.0267005 0.0238408 0.0211847 0.0187326 0.0164829 0.0144313 0.0125719 0.0108972 0.00939812 0.00806475 0.00688644 0.00585208 0.00495046 0.0041704 0.0035011 0.00293223 0.00245418 0.00205815 0.0017363 0.00148186 0.00128918 0.00115379 0.0010726 
0.00123483 0.00126135 0.00134895 0.00149999 0.00171816 0.00200861 0.00237786 0.00283374 0.00338529 0.00404266 0.00481695 0.00572002 0.00676433 0.00796264 0.00932782 0.0108725 0.0126087 0.0145477 0.0166994 0.0190723 0.0216728 0.0245051 0.0275708 0.0308686 0.0343941 0.0381396 0.0420941 0.0462427 0.0505675 0.0550467 0.0596555 0.0643659 0.0691471 0.0739658 0.0787869 0.0835733 0.088287 0.0928893 0.0973413 0.101605 0.105642 0.109416 0.112894 0.116044 0.118836 0.121244 0.123246 0.124823 0.12596 0.126646 0.126875 0.126644 0.125957 0.124819 0.123241 0.121239 0.118831 0.11604 0.112892 0.109417 0.105646 0.101613 0.0973548 0.0929088 0.0883133 0.0836071 0.0788288 0.0740163 0.0692063 0.0644341 0.0597327 0.0551327 0.0506619 0.0463449 0.0422034 0.0382552 0.0345149 0.0309936 0.0276988 0.0246349 0.0218032 0.0192021 0.0168274 0.0146727 0.0127298 0.0109887 0.00943831 0.00806673 0.00686144 0.0058097 0.00489886 0.00411658 0.00345108 0.00289134 0.00242727 0.00204988 0.00175136 0.00152521 0.0013663 0.00127104 
0.00145654 0.00148778 0.00159047 0.00176733 0.00202261 0.00236221 0.00279362 0.0033258 0.00396909 0.00473508 0.00563642 0.00668659 0.00789969 0.00929016 0.0108725 0.0126608 0.0146685 0.0169081 0.0193904 0.0221246 0.0251175 0.0283732 0.0318928 0.0356744 0.0397123 0.0439969 0.0485151 0.0532496 0.0581791 0.0632788 0.06852 0.0738706 0.0792957 0.0847575 0.0902162 0.0956302 0.100957 0.106152 0.111174 0.115979 0.120525 0.124773 0.128684 0.132223 0.135359 0.138063 0.140309 0.142078 0.143352 0.144121 0.144377 0.144118 0.143345 0.142068 0.140297 0.138048 0.135343 0.132207 0.128668 0.124758 0.120513 0.115971 0.111171 0.106155 0.100966 0.095647 0.0902416 0.0847922 0.0793401 0.0739252 0.0685849 0.0633539 0.0582643 0.0533442 0.0486187 0.0441085 0.0398308 0.0357989 0.0320219 0.0285055 0.0252517 0.0222594 0.0195245 0.01704 0.0147971 0.012785 0.0109912 0.00940262 0.0080051 0.00678436 0.00572609 0.00481629 0.0040416 0.00338947 0.00284838 0.00240805 0.00205957 0.00179546 0.00160985 0.00149863 
0.00170929 0.00174589 0.00186565 0.00207168 0.00236885 0.00276389 0.00326534 0.00388342 0.0046299 0.00551792 0.0065618 0.00777681 0.00917882 0.0107841 0.0126087 0.0146685 0.0169784 0.0195519 0.022401 0.0255355 0.0289622 0.0326854 0.0367055 0.0410195 0.0456202 0.0504962 0.0556316 0.0610064 0.066596 0.0723715 0.0783004 0.0843462 0.0904692 0.0966269 0.102775 0.108865 0.114852 0.120686 0.126319 0.131705 0.136796 0.14155 0.145924 0.149879 0.153382 0.1564 0.158907 0.16088 0.162301 0.163157 0.163442 0.163152 0.16229 0.160863 0.158886 0.156375 0.153354 0.149849 0.145892 0.141518 0.136766 0.131677 0.126296 0.120668 0.114841 0.108862 0.10278 0.0966425 0.0904955 0.0843838 0.0783497 0.0724326 0.0666687 0.0610905 0.0557265 0.050601 0.045734 0.0411411 0.0368336 0.0328184 0.0290988 0.025674 0.0225401 0.0196899 0.0171139 0.0148002 0.0127354 0.0109047 0.00929251 0.00788275 0.00665937 0.00560661 0.00470936 0.00395341 0.0033257 0.00281454 0.00240976 0.00210288 0.00188718 0.00175799 
0.00199561 0.00203825 0.00217719 0.00241597 0.00276012 0.00321729 0.00379717 0.00451134 0.00537311 0.00639732 0.00760012 0.00899864 0.0106107 0.0124544 0.0145477 0.0169081 0.0195519 0.0224941 0.0257474 0.0293221 0.0332255 0.0374612 0.0420292 0.0469251 0.0521398 0.0576598 0.0634663 0.0695359 0.0758405 0.082347 0.0890183 0.0958131 0.102687 0.109592 0.116478 0.123293 0.129985 0.1365 0.142785 0.148788 0.154458 0.159748 0.164613 0.169009 0.172899 0.17625 0.179032 0.18122 0.182795 0.183745 0.184059 0.183736 0.182779 0.181196 0.179001 0.176214 0.172858 0.168963 0.164564 0.159698 0.154408 0.148739 0.142739 0.136459 0.129951 0.123267 0.116461 0.109585 0.102692 0.0958303 0.0890484 0.0823905 0.0758975 0.0696063 0.0635494 0.057755 0.0522462 0.0470413 0.042154 0.037593 0.0333626 0.0294629 0.0258901 0.022637 0.0196935 0.0170467 0.0146819 0.012583 0.0107325 0.00911269 0.00770562 0.00649361 0.00545968 0.00458783 0.00386332 0.00327293 0.00280516 0.00245038 0.00220099 0.00205167 
0.00231792 0.00236734 0.00252769 0.00280299 0.0031995 0.00372586 0.004393 0.00521397 0.00620375 0.007379 0.00875781 0.0103593 0.0122034 0.0143101 0.0166994 0.0193904 0.022401 0.0257474 0.0294431 0.033499 0.0379224 0.0427165 0.0478802 0.0534077 0.0592877 0.0655041 0.072035 0.0788535 0.085927 0.0932183 0.100685 0.108281 0.115956 0.123658 0.131329 0.138914 0.146353 0.153589 0.160562 0.167217 0.173497 0.179352 0.184731 0.18959 0.193887 0.197586 0.200655 0.203068 0.204805 0.205851 0.206197 0.20584 0.204784 0.203037 0.200614 0.197537 0.19383 0.189527 0.184664 0.179281 0.173425 0.167144 0.160492 0.153522 0.146293 0.138861 0.131286 0.123625 0.115936 0.108274 0.100693 0.0932408 0.0859648 0.0789066 0.0721031 0.0655865 0.0593836 0.0535158 0.0479992 0.0428447 0.038058 0.0336402 0.029588 0.025894 0.0225476 0.0195351 0.0168405 0.0144462 0.012333 0.0104813 0.00887118 0.0074829 0.00629751 0.00529708 0.00446508 0.00378664 0.00324881 0.00284075 0.00255385 0.00238214 
0.0026785 0.00273546 0.00291957 0.00323536 0.00368985 0.00429277 0.00505638 0.00599531 0.00712632 0.00846802 0.0100406 0.0118652 0.013964 0.0163591 0.0190723 0.0221246 0.0255355 0.0293221 0.033499 0.0380775 0.0430645 0.0484627 0.0542698 0.0604781 0.0670742 0.0740386 0.0813463 0.088966 0.0968608 0.104989 0.113302 0.121749 0.130273 0.138817 0.147318 0.155713 0.163939 0.171931 0.179626 0.186962 0.19388 0.200323 0.206239 0.211579 0.216298 0.220359 0.223726 0.226373 0.228277 0.229423 0.229802 0.22941 0.228251 0.226334 0.223675 0.220296 0.216226 0.211498 0.206151 0.20023 0.193783 0.186864 0.179528 0.171836 0.163849 0.155631 0.147245 0.138755 0.130224 0.121714 0.113283 0.104986 0.0968758 0.0889983 0.0813959 0.0741049 0.0671564 0.0605751 0.0543802 0.0485847 0.0431962 0.038217 0.0336443 0.0294709 0.0256857 0.0222743 0.0192195 0.016502 0.014101 0.0119949 0.0101616 0.00857945 0.00722726 0.00608509 0.00513448 0.0043588 0.00374354 0.00327655 0.00294817 0.0027517 
0.00307938 0.0031447 0.003355 0.00371537 0.00423368 0.00492079 0.00579039 0.00685879 0.00814465 0.00966864 0.0114531 0.0135215 0.0158981 0.0186073 0.0216728 0.0251175 0.0289622 0.0332255 0.0379224 0.0430645 0.0486584 0.0547061 0.0612036 0.0681411 0.0755024 0.083265 0.0913997 0.0998709 0.108637 0.11765 0.126857 0.136201 0.145619 0.155047 0.164417 0.17366 0.182706 0.191486 0.199931 0.207975 0.215553 0.222606 0.229076 0.234912 0.240067 0.244499 0.248173 0.25106 0.253136 0.254385 0.254797 0.254369 0.253104 0.251012 0.248111 0.244423 0.239978 0.234812 0.228967 0.222489 0.215431 0.20785 0.199805 0.191361 0.182585 0.173546 0.164312 0.154953 0.145538 0.136135 0.126809 0.117619 0.108625 0.0998789 0.0914272 0.0833118 0.0755678 0.0682239 0.0613024 0.0548192 0.0487839 0.0432002 0.038066 0.0333747 0.0291147 0.0252709 0.021825 0.0187562 0.0160418 0.0136583 0.0115815 0.0097874 0.00825268 0.00695522 0.00587453 0.00499212 0.00429182 0.00376007 0.00338611 0.00316242 
0.00352233 0.00359682 0.00383583 0.004245 0.0048331 0.00561221 0.00659753 0.00780716 0.00926173 0.0109841 0.0129989 0.0153319 0.0180097 0.0210588 0.0245051 0.0283732 0.0326854 0.0374612 0.0427165 0.0484627 0.0547061 0.0614473 0.0686807 0.076394 0.084568 0.0931764 0.102186 0.111556 0.121239 0.131182 0.141327 0.151609 0.161961 0.17231 0.182584 0.192706 0.202602 0.212196 0.221415 0.230187 0.238444 0.246122 0.25316 0.259503 0.265103 0.269914 0.273901 0.277032 0.279283 0.280637 0.281083 0.280618 0.279245 0.276976 0.273827 0.269824 0.264997 0.259384 0.253029 0.245981 0.238296 0.230034 0.221259 0.21204 0.202449 0.192558 0.182444 0.172182 0.161846 0.15151 0.141246 0.13112 0.121198 0.111536 0.102188 0.0932002 0.084613 0.0764593 0.0687649 0.0615487 0.0548226 0.0485922 0.0428564 0.037609 0.0328385 0.028529 0.0246612 0.0212128 0.0181594 0.0154753 0.0131343 0.0111099 0.00937667 0.00791013 0.00668768 0.00568884 0.00489571 0.00429324 0.00386947 0.00361607 
0.0040087 0.00409322 0.00436347 0.00482572 0.00548968 0.0063687 0.0074796 0.0088423 0.0104796 0.0124165 0.0146801 0.0172985 0.0203007 0.0237155 0.0275708 0.0318928 0.0367055 0.0420292 0.0478802 0.0542698 0.0612036 0.0686807 0.0766934 0.0852267 0.0942579 0.103757 0.113685 0.123997 0.134639 0.145554 0.156675 0.167932 0.179251 0.190554 0.20176 0.212788 0.223557 0.233986 0.243996 0.253512 0.262461 0.270774 0.278388 0.285246 0.291295 0.296491 0.300793 0.30417 0.306598 0.308057 0.308537 0.308035 0.306554 0.304106 0.300708 0.296387 0.291173 0.285108 0.278235 0.270609 0.262285 0.253329 0.243809 0.233797 0.223369 0.212604 0.201583 0.190388 0.179099 0.167796 0.156558 0.145457 0.134565 0.123945 0.113658 0.103754 0.0942793 0.0852713 0.0767599 0.0687674 0.0613085 0.0543905 0.0480141 0.0421735 0.0368574 0.0320495 0.0277294 0.0238735 0.0204555 0.0174479 0.0148219 0.012549 0.0106011 0.00895164 0.00757563 0.00645058 0.00555675 0.00487752 0.00439968 0.00411402 
0.00453942 0.00463482 0.00493888 0.00545851 0.0062044 0.00719126 0.00843755 0.00996516 0.011799 0.0139666 0.0164972 0.0194216 0.0227711 0.0265768 0.0308686 0.0356744 0.0410195 0.0469251 0.0534077 0.0604781 0.0681411 0.076394 0.0852267 0.0946211 0.104551 0.11498 0.125867 0.137159 0.148799 0.16072 0.172851 0.185114 0.197428 0.209709 0.22187 0.233824 0.245483 0.256761 0.267575 0.277843 0.28749 0.296444 0.304639 0.312013 0.318514 0.324093 0.328712 0.332335 0.334939 0.336503 0.337018 0.336479 0.33489 0.332263 0.328616 0.323976 0.318376 0.311856 0.304464 0.296255 0.287288 0.277631 0.267355 0.256538 0.245259 0.233603 0.221656 0.209505 0.197237 0.184939 0.172695 0.160586 0.148688 0.137074 0.125808 0.114948 0.104545 0.0946418 0.0852724 0.0764631 0.0682315 0.0605874 0.0535331 0.0470638 0.0411684 0.0358303 0.0310284 0.0267376 0.0229301 0.0195761 0.0166448 0.0141052 0.0119268 0.0100806 0.0085393 0.00727827 0.00627586 0.00551383 0.00497765 0.00465719 
0.00511491 0.00522205 0.00556245 0.00614371 0.00697754 0.00808005 0.00947142 0.0111756 0.0132197 0.0156335 0.018449 0.0216995 0.0254185 0.0296393 0.0343941 0.0397123 0.0456202 0.0521398 0.0592877 0.0670742 0.0755024 0.084568 0.0942579 0.104551 0.115415 0.126812 0.138692 0.150999 0.163667 0.176623 0.18979 0.203084 0.216415 0.229693 0.242825 0.255717 0.268276 0.28041 0.292032 0.303057 0.313403 0.322998 0.331771 0.33966 0.346609 0.35257 0.357501 0.361369 0.364147 0.365815 0.366364 0.365788 0.364093 0.361289 0.357396 0.35244 0.346455 0.339484 0.331575 0.322785 0.313175 0.302816 0.291782 0.280153 0.268016 0.255458 0.242571 0.229448 0.216183 0.202867 0.189594 0.176449 0.163517 0.150876 0.138598 0.126747 0.11538 0.104544 0.0942798 0.0846166 0.0755756 0.0671695 0.0594023 0.0522707 0.045764 0.0398655 0.0345535 0.0298016 0.0255804 0.0218581 0.0186017 0.0157777 0.0133533 0.0112968 0.00957865 0.00817203 0.00705329 0.00620249 0.00560375 0.00524598 
0.005735 0.0058547 0.00623394 0.00688097 0.0078086 0.00903436 0.0105802 0.0124722 0.0147397 0.017415 0.0205326 0.0241281 0.0282377 0.0328969 0.0381396 0.0439969 0.0504962 0.0576598 0.0655041 0.0740386 0.083265 0.0931764 0.103757 0.11498 0.126812 0.139206 0.152109 0.165457 0.179179 0.193194 0.207418 0.221759 0.236121 0.250408 0.264519 0.278354 0.291816 0.304808 0.317236 0.329013 0.340055 0.350283 0.359628 0.368024 0.375415 0.381751 0.386989 0.391096 0.394044 0.395815 0.396397 0.395786 0.393986 0.391009 0.386875 0.381609 0.375247 0.367832 0.359413 0.350048 0.339801 0.328744 0.316955 0.304518 0.291521 0.278058 0.264226 0.250122 0.235847 0.2215 0.207179 0.192978 0.178988 0.165295 0.151977 0.139106 0.126743 0.114944 0.103752 0.0932016 0.0833182 0.0741174 0.0656055 0.0577805 0.0506328 0.0441458 0.038297 0.0330593 0.0284015 0.0242899 0.0206894 0.0175641 0.0148786 0.0125988 0.0106926 0.0091311 0.00788848 0.00694311 0.00627771 0.00588019 
0.00639886 0.00653195 0.00695239 0.0076692 0.00869623 0.0100525 0.0117619 0.0138524 0.0163558 0.0193069 0.0227426 0.0267013 0.0312213 0.0363403 0.0420941 0.0485151 0.0556316 0.0634663 0.072035 0.0813463 0.0913997 0.102186 0.113685 0.125867 0.138692 0.152109 0.166058 0.180469 0.195262 0.210352 0.225645 0.241043 0.256444 0.271743 0.286834 0.301611 0.315972 0.329814 0.34304 0.355559 0.367284 0.378136 0.38804 0.396932 0.404753 0.411453 0.41699 0.421329 0.424443 0.426313 0.426927 0.426281 0.424381 0.421236 0.416868 0.411301 0.404573 0.396724 0.387807 0.37788 0.367007 0.355264 0.34273 0.329492 0.315642 0.301278 0.286502 0.271416 0.256128 0.240741 0.225362 0.210092 0.195029 0.180265 0.165886 0.151971 0.138588 0.125798 0.113651 0.102185 0.0914304 0.081406 0.0721208 0.0635747 0.0557591 0.0486577 0.0422478 0.0365012 0.0313855 0.0268652 0.0229028 0.0194602 0.0164994 0.0139838 0.0118791 0.0101538 0.00878006 0.00773458 0.00699857 0.00655896 
0.00710499 0.00725223 0.00771614 0.00850647 0.0096382 0.0111319 0.0130131 0.0153121 0.0180631 0.0213032 0.0250721 0.0294103 0.0343587 0.039957 0.0462427 0.0532496 0.0610064 0.0695359 0.0788535 0.088966 0.0998709 0.111556 0.123997 0.137159 0.150999 0.165457 0.180469 0.195956 0.211833 0.228005 0.244373 0.26083 0.277269 0.293576 0.30964 0.325351 0.340598 0.355277 0.369286 0.382531 0.394923 0.406379 0.416826 0.426197 0.434433 0.441485 0.447308 0.45187 0.455142 0.457107 0.457752 0.457074 0.455077 0.451773 0.447179 0.441324 0.434242 0.425977 0.416578 0.406105 0.394624 0.382212 0.368949 0.354925 0.340236 0.324982 0.309271 0.29321 0.276911 0.260486 0.244046 0.227701 0.211555 0.195709 0.180255 0.165279 0.150857 0.137056 0.123931 0.111526 0.0998766 0.0890042 0.0789213 0.0696299 0.0611226 0.053384 0.0463911 0.0401151 0.0345222 0.0295752 0.0252346 0.0214599 0.0182107 0.015448 0.0131347 0.0112372 0.00972574 0.00857493 0.00776463 0.00728074 
0.00785117 0.00801326 0.00852272 0.00939003 0.0106313 0.0122686 0.0143294 0.0168461 0.0198551 0.0233963 0.0275115 0.032244 0.0376369 0.0437317 0.0505675 0.0581791 0.066596 0.0758405 0.085927 0.0968608 0.108637 0.121239 0.134639 0.148799 0.163667 0.179179 0.195262 0.211833 0.228796 0.246052 0.263493 0.281004 0.298471 0.315776 0.332799 0.349426 0.365541 0.381036 0.395807 0.409755 0.422791 0.43483 0.445798 0.455627 0.46426 0.471646 0.477742 0.482515 0.485938 0.487992 0.488667 0.487959 0.48587 0.482414 0.477608 0.471479 0.464061 0.455396 0.445537 0.43454 0.422474 0.409415 0.395445 0.380657 0.365149 0.349024 0.332393 0.315371 0.298073 0.280617 0.263122 0.245704 0.228475 0.211542 0.195006 0.178959 0.163486 0.148659 0.13454 0.121179 0.108615 0.0968754 0.0859748 0.0759179 0.0666991 0.0583036 0.0507089 0.0438854 0.0377983 0.0324088 0.0276755 0.0235555 0.0200061 0.0169857 0.0144549 0.0123778 0.0107223 0.00946138 0.00857341 0.00804322 
0.00863438 0.00881198 0.00936885 0.0103162 0.0116713 0.0134578 0.0157049 0.0184473 0.0217237 0.0255763 0.0300496 0.0351891 0.0410399 0.0476456 0.0550467 0.0632788 0.0723715 0.082347 0.0932183 0.104989 0.11765 0.131182 0.145554 0.16072 0.176623 0.193194 0.210352 0.228005 0.246052 0.264385 0.282888 0.301441 0.319921 0.338203 0.356165 0.373684 0.390642 0.406927 0.422431 0.437054 0.450705 0.4633 0.474763 0.485026 0.494033 0.501734 0.508086 0.513057 0.516621 0.51876 0.519463 0.518726 0.516553 0.512954 0.507949 0.501562 0.493828 0.484788 0.474492 0.462998 0.450374 0.436696 0.422048 0.406523 0.390222 0.373251 0.355725 0.337762 0.319483 0.301012 0.282475 0.263993 0.245686 0.22767 0.210052 0.192932 0.176402 0.160542 0.145419 0.13109 0.117599 0.104978 0.093244 0.082406 0.0724597 0.0633917 0.0551795 0.0477935 0.0411979 0.0353525 0.0302139 0.0257372 0.0218773 0.0185901 0.015834 0.0135704 0.0117655 0.0103903 0.00942161 0.00884332 
0.00945087 0.00964454 0.0102504 0.0112805 0.0127532 0.0146936 0.0171329 0.0201077 0.0236592 0.0278319 0.0326728 0.0382295 0.0445492 0.0516774 0.0596555 0.06852 0.0783004 0.0890183 0.100685 0.113302 0.126857 0.141327 0.156675 0.172851 0.18979 0.207418 0.225645 0.244373 0.263493 0.282888 0.302436 0.32201 0.341479 0.360714 0.379585 0.397967 0.415736 0.432778 0.448982 0.464248 0.478482 0.491601 0.503528 0.514199 0.523555 0.531548 0.538138 0.543292 0.546987 0.549203 0.549932 0.549169 0.546918 0.543189 0.537999 0.531374 0.523346 0.513955 0.503251 0.49129 0.478139 0.463875 0.448582 0.432353 0.415292 0.397507 0.379115 0.360238 0.341004 0.321542 0.301981 0.282453 0.263083 0.243993 0.225301 0.207113 0.189528 0.172633 0.156503 0.141201 0.126776 0.113263 0.100687 0.0890571 0.078372 0.0686196 0.0597782 0.051818 0.0447026 0.0383904 0.0328364 0.0279936 0.0238146 0.0202531 0.0172648 0.0148092 0.0128502 0.011357 0.0103051 0.0096772 
0.0102961 0.0105063 0.0111625 0.0122775 0.0138708 0.0159689 0.0186049 0.0218176 0.0256502 0.0301498 0.0353655 0.0413471 0.0481439 0.0558026 0.0643659 0.0738706 0.0843462 0.0958131 0.108281 0.121749 0.136201 0.151609 0.167932 0.185114 0.203084 0.221759 0.241043 0.26083 0.281004 0.301441 0.32201 0.342577 0.363006 0.383161 0.402907 0.422115 0.440658 0.458419 0.475286 0.491156 0.505937 0.519545 0.531904 0.542951 0.552629 0.560891 0.567698 0.57302 0.576834 0.579121 0.579874 0.579087 0.576765 0.572918 0.567561 0.560718 0.55242 0.542706 0.531624 0.519229 0.505587 0.490773 0.474872 0.457978 0.440194 0.421631 0.402409 0.382654 0.362497 0.342072 0.321516 0.300964 0.280552 0.260407 0.240655 0.221411 0.20278 0.184856 0.167723 0.151448 0.136087 0.121682 0.108258 0.0958304 0.0843997 0.0739556 0.0644771 0.0559347 0.0482914 0.0415046 0.0355275 0.0303115 0.0258068 0.0219649 0.0187393 0.0160871 0.0139703 0.0123563 0.011219 0.0105402 
0.0111648 0.0113919 0.0120995 0.0133009 0.015017 0.0172756 0.0201117 0.023566 0.0276841 0.0325151 0.0381104 0.0445219 0.0518005 0.0599944 0.0691471 0.0792957 0.0904692 0.102687 0.115956 0.130273 0.145619 0.161961 0.179251 0.197428 0.216415 0.236121 0.256444 0.277269 0.298471 0.319921 0.341479 0.363006 0.384358 0.405395 0.425977 0.44597 0.465246 0.483683 0.50117 0.517604 0.532892 0.546951 0.559706 0.571097 0.581067 0.589573 0.596577 0.60205 0.60597 0.608322 0.609095 0.608289 0.605904 0.60195 0.596442 0.589403 0.580861 0.570854 0.559427 0.546634 0.532538 0.517215 0.500748 0.483229 0.464764 0.445466 0.425455 0.404861 0.383818 0.362467 0.340948 0.319405 0.297978 0.276803 0.256014 0.235731 0.216069 0.19713 0.179003 0.161764 0.145473 0.130177 0.115907 0.102681 0.0905034 0.0793647 0.0692456 0.0601168 0.051941 0.0446747 0.0382699 0.0326758 0.0278411 0.0237146 0.020248 0.017396 0.0151187 0.0133817 0.0121575 0.011427 
0.0120511 0.0122953 0.0130548 0.0143437 0.0161839 0.0186047 0.0216428 0.0253409 0.0297466 0.0349113 0.0408883 0.0477316 0.0554936 0.0642236 0.0739658 0.0847575 0.0966269 0.109592 0.123658 0.138817 0.155047 0.17231 0.190554 0.209709 0.229693 0.250408 0.271743 0.293576 0.315776 0.338203 0.360714 0.383161 0.405395 0.42727 0.448643 0.469376 0.489337 0.508406 0.526469 0.543423 0.559175 0.573645 0.586761 0.598461 0.608693 0.617417 0.624595 0.630202 0.634216 0.636624 0.637417 0.636593 0.634153 0.630106 0.624465 0.617252 0.608493 0.598223 0.586485 0.573331 0.558822 0.543032 0.526041 0.507944 0.488844 0.468856 0.448101 0.426712 0.404827 0.38259 0.360149 0.33765 0.315243 0.29307 0.271271 0.249976 0.229306 0.209371 0.190267 0.172077 0.154867 0.13869 0.123581 0.109563 0.0966407 0.0848096 0.0740507 0.0643353 0.0556262 0.0478789 0.0410444 0.0350704 0.0299033 0.0254902 0.0217805 0.0187269 0.0162874 0.0144262 0.0131143 0.0123314 
0.0129482 0.0132096 0.0140213 0.0153981 0.0173628 0.0199463 0.0231869 0.027129 0.0318225 0.0373207 0.0436788 0.0509526 0.0591959 0.0684591 0.0787869 0.0902162 0.102775 0.116478 0.131329 0.147318 0.164417 0.182584 0.20176 0.22187 0.242825 0.264519 0.286834 0.30964 0.332799 0.356165 0.379585 0.402907 0.425977 0.448643 0.470758 0.492182 0.512781 0.532433 0.551024 0.568452 0.584626 0.599466 0.612903 0.624878 0.635343 0.644256 0.651587 0.65731 0.661407 0.663864 0.664674 0.663834 0.661347 0.65722 0.651464 0.6441 0.63515 0.624648 0.612634 0.599158 0.584277 0.568063 0.550595 0.531967 0.51228 0.49165 0.4702 0.448065 0.425385 0.402309 0.378989 0.355578 0.33223 0.309096 0.286323 0.264047 0.242398 0.221493 0.201436 0.182315 0.164204 0.14716 0.131225 0.116424 0.102767 0.0902504 0.0788571 0.0685593 0.0593197 0.0510936 0.0438307 0.0374774 0.0319782 0.0272785 0.0233254 0.0200698 0.0174679 0.015482 0.0140821 0.0132467 
0.013849 0.0141276 0.0149913 0.0164557 0.0185444 0.0212897 0.0247316 0.0289163 0.0338955 0.0397244 0.0464601 0.0541599 0.062879 0.0726684 0.0835733 0.0956302 0.108865 0.123293 0.138914 0.155713 0.17366 0.192706 0.212788 0.233824 0.255717 0.278354 0.301611 0.325351 0.349426 0.373684 0.397967 0.422115 0.44597 0.469376 0.492182 0.514245 0.535431 0.555616 0.574687 0.592542 0.609093 0.624262 0.637983 0.650199 0.660865 0.669943 0.677404 0.683227 0.687393 0.689891 0.690716 0.689864 0.687338 0.683143 0.67729 0.669796 0.660683 0.64998 0.637725 0.623964 0.608753 0.59216 0.574262 0.55515 0.534927 0.513706 0.491612 0.468782 0.445358 0.421493 0.397343 0.373066 0.348823 0.324771 0.301063 0.277844 0.255252 0.233409 0.212427 0.192402 0.173414 0.155525 0.138782 0.123215 0.108837 0.095646 0.0836283 0.0727563 0.0629932 0.0542939 0.0466071 0.039878 0.0340496 0.0290654 0.0248705 0.0214142 0.0186506 0.0165408 0.0150532 0.0141656 
0.0147457 0.0150414 0.0159566 0.0175074 0.0197186 0.0226237 0.0262641 0.0306878 0.0359483 0.0421025 0.0492094 0.0573274 0.0665129 0.0768178 0.088287 0.100957 0.114852 0.129985 0.146353 0.163939 0.182706 0.202602 0.223557 0.245483 0.268276 0.291816 0.315972 0.340598 0.365541 0.390642 0.415736 0.440658 0.465246 0.489337 0.512781 0.535431 0.557152 0.577819 0.597321 0.615558 0.632443 0.6479 0.661866 0.674289 0.685127 0.694344 0.701915 0.707819 0.712043 0.714576 0.715413 0.714552 0.711994 0.707743 0.701811 0.694209 0.684958 0.674085 0.661623 0.647615 0.632114 0.615185 0.596903 0.577357 0.556648 0.534888 0.512204 0.488732 0.464618 0.440017 0.415088 0.389997 0.364908 0.339985 0.315388 0.29127 0.267774 0.245031 0.22316 0.202263 0.182427 0.16372 0.146194 0.129882 0.114801 0.100954 0.0883263 0.0768929 0.0666172 0.0574538 0.049351 0.0422526 0.0361004 0.030836 0.026403 0.0227487 0.0198257 0.0175935 0.0160194 0.0150802 
0.0156304 0.0159428 0.0169084 0.0185439 0.0208749 0.0239363 0.0277708 0.0324281 0.0379633 0.0444349 0.0519033 0.0604284 0.0700674 0.0808727 0.0928893 0.106152 0.120686 0.1365 0.153589 0.171931 0.191486 0.212196 0.233986 0.256761 0.28041 0.304808 0.329814 0.355277 0.381036 0.406927 0.432778 0.458419 0.483683 0.508406 0.532433 0.555616 0.577819 0.598919 0.618804 0.637377 0.654552 0.670258 0.684434 0.697032 0.708012 0.717344 0.725004 0.730975 0.735246 0.737807 0.738654 0.737786 0.735203 0.730909 0.724911 0.717223 0.707859 0.696843 0.684207 0.669989 0.654238 0.637017 0.618397 0.598465 0.57732 0.555074 0.531852 0.507793 0.483043 0.457761 0.432109 0.406257 0.380375 0.354634 0.329198 0.304228 0.279874 0.256275 0.233555 0.211824 0.191175 0.171682 0.153402 0.136372 0.120614 0.106131 0.0929128 0.0809348 0.0701613 0.0605468 0.052039 0.0445809 0.0381128 0.032575 0.0279094 0.0240616 0.0209827 0.0186308 0.0169719 0.0159824 
0.0164947 0.0168233 0.0178378 0.0195555 0.0220028 0.0252157 0.0292382 0.0341216 0.0399223 0.0467006 0.0545181 0.0634358 0.0735119 0.0847987 0.0973413 0.111174 0.126319 0.142785 0.160562 0.179626 0.199931 0.221415 0.243996 0.267575 0.292032 0.317236 0.34304 0.369286 0.395807 0.422431 0.448982 0.475286 0.50117 0.526469 0.551024 0.574687 0.597321 0.618804 0.639026 0.65789 0.675315 0.691232 0.705585 0.718327 0.729423 0.738847 0.746578 0.752601 0.756908 0.75949 0.760346 0.759473 0.756871 0.752544 0.746497 0.73874 0.729286 0.718156 0.705375 0.690981 0.675019 0.657546 0.638632 0.618361 0.596829 0.574148 0.550443 0.525851 0.500522 0.474614 0.448296 0.42174 0.395122 0.368616 0.342395 0.316625 0.291463 0.267056 0.243533 0.221012 0.19959 0.179349 0.160349 0.142633 0.126226 0.111134 0.097349 0.0848477 0.0735951 0.063546 0.0546476 0.0468422 0.040069 0.0342668 0.029376 0.0253408 0.0221109 0.0196429 0.017902 0.0168635 
0.0173301 0.0176743 0.0187358 0.0205323 0.0230912 0.0264494 0.0306522 0.0357522 0.0418073 0.048879 0.0570301 0.0663228 0.0768157 0.0885614 0.101605 0.115979 0.131705 0.148788 0.167217 0.186962 0.207975 0.230187 0.253512 0.277843 0.303057 0.329013 0.355559 0.382531 0.409755 0.437054 0.464248 0.491156 0.517604 0.543423 0.568452 0.592542 0.615558 0.637377 0.65789 0.677005 0.694641 0.710735 0.725231 0.73809 0.749278 0.758773 0.766557 0.77262 0.776953 0.779552 0.780414 0.779538 0.776924 0.772573 0.76649 0.758682 0.749159 0.737937 0.725042 0.710503 0.694364 0.676678 0.657513 0.636947 0.615077 0.592011 0.567874 0.542804 0.51695 0.490475 0.463548 0.436346 0.409049 0.381837 0.354887 0.328373 0.302458 0.277294 0.253018 0.229754 0.207605 0.186658 0.166978 0.148613 0.131591 0.115921 0.101597 0.0885974 0.0768883 0.0664246 0.0571534 0.049016 0.0419509 0.0358955 0.0307891 0.0265743 0.0231995 0.0206202 0.0188005 0.0177151 
