1.97972e-07 2.07355e-07 2.53764e-07 3.4388e-07 4.89931e-07 7.1088e-07 1.03399e-06 1.49689e-06 2.15022e-06 3.06086e-06 4.31564e-06 6.02573e-06 8.33142e-06 1.14072e-05 1.54673e-05 2.07704e-05 2.76249e-05 3.63924e-05 4.74905e-05 6.13933e-05 7.86293e-05 9.97771e-05 0.000125457 0.000156318 0.000193022 0.000236223 0.000286546 0.000344551 0.000410711 0.000485376 0.000568742 0.000660819 0.000761405 0.000870065 0.000986111 0.0011086 0.00123634 0.00136787 0.00150154 0.0016355 0.00176773 0.00189613 0.00201856 0.00213287 0.002237 0.00232901 0.00240716 0.00246992 0.00251607 0.0025447 0.00255524 0.00254749 0.0025216 0.0024781 0.00241787 0.00234208 0.00225223 0.00215003 0.00203739 0.00191637 0.00178908 0.00165767 0.00152424 0.00139081 0.00125923 0.00113119 0.00100816 0.000891354 0.000781748 0.000680061 0.000586761 0.000502082 0.000426047 0.000358491 0.000299093 0.000247407 0.000202891 0.000164942 0.000132919 0.00010617 8.4051e-05 6.59457e-05 5.12748e-05 3.95063e-05 3.01612e-05 2.28153e-05 1.70991e-05 1.2696e-05 9.33866e-06 6.80476e-06 4.91181e-06 3.51219e-06 2.48811e-06 1.74685e-06 1.21643e-06 8.41822e-07 5.8167e-07 4.05568e-07 2.91877e-07 2.26174e-07 
2.07355e-07 2.17293e-07 2.66215e-07 3.61193e-07 5.15169e-07 7.4822e-07 1.08921e-06 1.578e-06 2.26825e-06 3.23082e-06 4.55777e-06 6.36696e-06 8.80715e-06 1.20634e-05 1.63628e-05 2.19798e-05 2.92412e-05 3.85305e-05 5.02902e-05 6.50225e-05 8.32873e-05 0.000105697 0.000132908 0.000165606 0.000204492 0.000250255 0.000303554 0.000364979 0.000435028 0.000514066 0.000602295 0.000699722 0.000806128 0.000921048 0.00104375 0.00117324 0.00130824 0.00144722 0.00158842 0.00172989 0.00186952 0.00200507 0.00213428 0.00225491 0.00236477 0.00246183 0.00254424 0.00261042 0.00265907 0.00268924 0.00270032 0.0026921 0.00266476 0.00261884 0.00255526 0.00247528 0.00238045 0.00227258 0.00215368 0.00202592 0.00189153 0.00175276 0.00161185 0.0014709 0.00133189 0.00119659 0.00106656 0.000943083 0.000827198 0.000719665 0.000620983 0.000531403 0.000450955 0.000379467 0.000316602 0.000261893 0.000214768 0.000174592 0.000140687 0.000112365 8.89452e-05 6.97755e-05 5.42428e-05 4.17842e-05 3.18924e-05 2.41178e-05 1.80694e-05 1.34115e-05 9.86093e-06 7.18206e-06 5.18156e-06 3.70306e-06 2.62176e-06 1.83949e-06 1.28003e-06 8.85145e-07 6.11079e-07 4.25669e-07 3.06043e-07 2.36956e-07 
2.53764e-07 2.66215e-07 3.26327e-07 4.4275e-07 6.31275e-07 9.16359e-07 1.33312e-06 1.93001e-06 2.77211e-06 3.9453e-06 5.56093e-06 7.76134e-06 1.07258e-05 1.46772e-05 1.98879e-05 2.6687e-05 3.54653e-05 4.66803e-05 6.08586e-05 7.85965e-05 0.000100557 0.000127463 0.000160087 0.000199234 0.000245721 0.000300353 0.000363889 0.000437009 0.000520277 0.000614102 0.000718694 0.000834038 0.000959848 0.00109555 0.00124027 0.00139281 0.00155166 0.00171503 0.00188083 0.00204679 0.00221042 0.00236915 0.00252034 0.00266137 0.00278972 0.00290304 0.00299919 0.00307635 0.00313303 0.00316811 0.00318093 0.00317122 0.00313919 0.00308548 0.00301114 0.00291763 0.00280674 0.00268057 0.00254145 0.00239188 0.00223445 0.00207179 0.00190649 0.00174101 0.00157767 0.00141854 0.00126546 0.00111994 0.000983223 0.000856216 0.000739529 0.000633481 0.000538126 0.000453287 0.000378589 0.000313498 0.00025736 0.000209437 0.000168944 0.000135074 0.000107032 8.40502e-05 6.54054e-05 5.04324e-05 3.853e-05 2.91644e-05 2.18699e-05 1.62463e-05 1.19552e-05 8.71425e-06 6.29169e-06 4.49961e-06 3.18785e-06 2.23807e-06 1.55832e-06 1.07821e-06 7.448e-07 5.19162e-07 3.73575e-07 2.89562e-07 
3.4388e-07 3.61193e-07 4.4275e-07 6.00165e-07 8.5457e-07 1.23863e-06 1.79913e-06 2.60046e-06 3.72899e-06 5.29829e-06 7.4553e-06 1.03873e-05 1.43297e-05 1.95737e-05 2.64749e-05 3.54609e-05 4.70383e-05 6.17976e-05 8.04166e-05 0.000103659 0.000132372 0.000167475 0.000209943 0.000260792 0.000321044 0.0003917 0.000473696 0.000567862 0.000674874 0.000795207 0.000929083 0.00107643 0.00123685 0.00140957 0.00159343 0.0017869 0.00198804 0.00219458 0.0024039 0.00261311 0.00281912 0.00301871 0.0032086 0.00338555 0.00354643 0.00368833 0.00380864 0.00390508 0.00397584 0.00401956 0.00403539 0.00402305 0.00398278 0.00391536 0.00382211 0.00370481 0.00356567 0.0034073 0.00323255 0.00304454 0.00284649 0.00264165 0.00243326 0.00222441 0.00201799 0.00181662 0.00162262 0.00143793 0.00126413 0.00110241 0.000953583 0.000818083 0.000696025 0.000587227 0.000491253 0.000407462 0.000335056 0.000273124 0.00022069 0.000176746 0.000140291 0.000110354 8.60195e-05 6.64387e-05 5.08431e-05 3.85479e-05 2.89534e-05 2.15428e-05 1.58777e-05 1.15913e-05 8.38161e-06 6.00317e-06 4.25929e-06 2.99459e-06 2.08804e-06 1.44682e-06 1.00095e-06 6.98899e-07 5.03906e-07 3.9146e-07 
4.89931e-07 5.15169e-07 6.31275e-07 8.5457e-07 1.21467e-06 1.7572e-06 2.54742e-06 3.67487e-06 5.2593e-06 7.45778e-06 1.04729e-05 1.45622e-05 2.00479e-05 2.73278e-05 3.6886e-05 4.9302e-05 6.52601e-05 8.5555e-05 0.000111095 0.000142899 0.000182093 0.00022989 0.000287577 0.000356478 0.000437923 0.000533201 0.000643508 0.00076989 0.000913181 0.00107394 0.0012524 0.0014484 0.00166132 0.00189011 0.00213319 0.00238847 0.00265341 0.00292498 0.00319975 0.00347396 0.00374359 0.00400446 0.00425233 0.00448304 0.00469257 0.0048772 0.00503357 0.00515881 0.00525058 0.00530715 0.00532748 0.00531118 0.00525856 0.00517066 0.00504912 0.00489624 0.00471484 0.00450826 0.00428016 0.00403455 0.00377556 0.00350741 0.00323427 0.00296016 0.00268886 0.00242379 0.002168 0.00192409 0.00169415 0.00147979 0.00128214 0.00110183 0.000939083 0.000793714 0.000665208 0.000552772 0.000455401 0.000371932 0.000301105 0.000241615 0.000192151 0.000151441 0.000118275 9.15279e-05 7.01776e-05 5.33084e-05 4.01159e-05 2.99043e-05 2.20812e-05 1.61497e-05 1.16989e-05 8.39415e-06 5.96625e-06 4.20208e-06 2.93516e-06 2.03746e-06 1.41227e-06 9.88174e-07 7.14194e-07 5.56283e-07 
7.1088e-07 7.4822e-07 9.16359e-07 1.23863e-06 1.7572e-06 2.53696e-06 3.67037e-06 5.28404e-06 7.54685e-06 1.06796e-05 1.49663e-05 2.07667e-05 2.85297e-05 3.88073e-05 5.22688e-05 6.9713e-05 9.20789e-05 0.000120453 0.000156072 0.000200318 0.000254707 0.000320871 0.000400525 0.000495429 0.000607335 0.000737927 0.000888752 0.00106114 0.00125614 0.00147441 0.00171616 0.00198108 0.00226827 0.00257621 0.00290272 0.00324498 0.00359953 0.0039623 0.00432874 0.00469386 0.00505234 0.0053987 0.00572738 0.00603293 0.00631013 0.00655414 0.0067606 0.00692579 0.00704669 0.00712108 0.00714759 0.00712575 0.00705596 0.00693956 0.00677869 0.00657632 0.00633613 0.00606243 0.00576001 0.00543408 0.00509005 0.00473344 0.00436974 0.00400425 0.00364196 0.00328744 0.00294477 0.00261742 0.00230827 0.00201952 0.00175274 0.00150889 0.00128832 0.00109089 0.000915978 0.000762602 0.000629479 0.000515104 0.000417832 0.000335941 0.000267697 0.0002114 0.00016543 0.000128273 9.85455e-05 7.50043e-05 5.65528e-05 4.22388e-05 3.12488e-05 2.28982e-05 1.66188e-05 1.19464e-05 8.50679e-06 6.00245e-06 4.20049e-06 2.92133e-06 2.029e-06 1.42285e-06 1.03093e-06 8.05133e-07 
1.03399e-06 1.08921e-06 1.33312e-06 1.79913e-06 2.54742e-06 3.67037e-06 5.29931e-06 7.61361e-06 1.08519e-05 1.53251e-05 2.14323e-05 2.96769e-05 4.06854e-05 5.52255e-05 7.42245e-05 9.87853e-05 0.000130199 0.000169955 0.000219738 0.000281427 0.00035707 0.000448861 0.000559094 0.000690107 0.000844212 0.00102361 0.00123031 0.001466 0.00173197 0.00202899 0.00235723 0.00271612 0.00310436 0.00351979 0.00395939 0.00441929 0.00489482 0.00538053 0.00587034 0.00635759 0.00683529 0.00729619 0.00773301 0.00813861 0.00850617 0.00882939 0.00910262 0.00932102 0.00948068 0.00957874 0.00961343 0.00958414 0.00949142 0.00933697 0.00912361 0.00885517 0.00853645 0.00817303 0.0077712 0.00733772 0.00687969 0.00640438 0.00591898 0.00543051 0.0049456 0.00447033 0.00401016 0.0035698 0.00315315 0.00276324 0.0024023 0.00207169 0.00177202 0.00150321 0.00126455 0.0010548 0.000872343 0.000715227 0.0005813 0.000468291 0.000373899 0.000295852 0.000231976 0.000180228 0.000138732 0.000105798 7.99267e-05 5.98122e-05 4.43348e-05 3.2549e-05 2.36677e-05 1.70453e-05 1.21601e-05 8.59617e-06 6.02679e-06 4.1995e-06 2.92264e-06 2.05409e-06 1.49201e-06 1.16829e-06 
1.49689e-06 1.578e-06 1.93001e-06 2.60046e-06 3.67487e-06 5.28404e-06 7.61361e-06 1.09164e-05 1.55279e-05 2.1884e-05 3.05421e-05 4.22038e-05 5.77388e-05 7.82095e-05 0.000104894 0.000139308 0.000183218 0.000238653 0.0003079 0.000393496 0.000498196 0.000624933 0.000776757 0.000956758 0.00116797 0.00141324 0.00169516 0.00201585 0.00237689 0.00277916 0.00322269 0.00370658 0.00422891 0.00478664 0.00537563 0.00599064 0.00662536 0.00727252 0.00792403 0.00857112 0.00920457 0.0098149 0.0103926 0.0109284 0.0114134 0.0118394 0.0121993 0.0124866 0.0126964 0.0128251 0.0128703 0.0128313 0.0127087 0.0125049 0.0122233 0.011869 0.0114482 0.0109681 0.0104368 0.00986315 0.00925635 0.00862589 0.00798122 0.00733155 0.00668561 0.0060515 0.00543649 0.0048469 0.00428799 0.00376395 0.00327786 0.00283171 0.00242646 0.00206215 0.00173798 0.00145246 0.00120352 0.000988674 0.000805115 0.000649871 0.000519901 0.000412192 0.000323836 0.000252092 0.000194432 0.000148565 0.000112454 8.43161e-05 6.26177e-05 4.6059e-05 3.35544e-05 2.42108e-05 1.7304e-05 1.22551e-05 8.60811e-06 6.00966e-06 4.19089e-06 2.95197e-06 2.14951e-06 1.68745e-06 
2.15022e-06 2.26825e-06 2.77211e-06 3.72899e-06 5.2593e-06 7.54685e-06 1.08519e-05 1.55279e-05 2.20425e-05 3.1002e-05 4.3179e-05 5.95428e-05 8.1291e-05 0.000109882 0.000147063 0.000194898 0.000255786 0.000332466 0.000428017 0.000545836 0.000689594 0.000863178 0.00107061 0.00131592 0.00160306 0.00193569 0.00231708 0.00274989 0.00323599 0.00377634 0.00437075 0.0050178 0.00571472 0.00645731 0.00723991 0.00805547 0.00889558 0.00975061 0.0106099 0.011462 0.0122949 0.0130962 0.0138537 0.0145554 0.0151899 0.0157468 0.0162166 0.0165914 0.0168649 0.0170323 0.0170907 0.0170392 0.0168787 0.016612 0.0162437 0.0157802 0.0152294 0.0146006 0.0139041 0.0131514 0.0123543 0.0115252 0.0106762 0.00981935 0.00896611 0.0081271 0.00731193 0.00652902 0.00578544 0.00508687 0.00443755 0.00384033 0.0032967 0.00280691 0.00237012 0.00198454 0.00164759 0.00135611 0.0011065 0.000894907 0.000717351 0.000569863 0.000448597 0.000349904 0.000270404 0.000207021 0.000157006 0.000117949 8.77633e-05 6.46779e-05 4.72073e-05 3.41257e-05 2.44358e-05 1.73381e-05 1.22012e-05 8.53452e-06 5.96369e-06 4.21e-06 3.0731e-06 2.41861e-06 
3.06086e-06 3.23082e-06 3.9453e-06 5.29829e-06 7.45778e-06 1.06796e-05 1.53251e-05 2.1884e-05 3.1002e-05 4.35142e-05 6.04812e-05 8.32295e-05 0.000113392 0.000152952 0.000204274 0.000270144 0.000353781 0.000458854 0.000589461 0.000750103 0.000945623 0.00118112 0.00146182 0.00179296 0.00217958 0.00262634 0.00313733 0.00371579 0.00436392 0.00508266 0.00587146 0.00672817 0.00764884 0.00862772 0.00965719 0.0107279 0.0118286 0.0129469 0.0140687 0.0151794 0.0162632 0.0173046 0.0182877 0.0191972 0.0200187 0.0207389 0.021346 0.0218299 0.0221827 0.0223982 0.022473 0.0224058 0.0221978 0.0218526 0.0213759 0.0207758 0.0200624 0.0192473 0.0183439 0.0173664 0.0163302 0.0152508 0.0141441 0.0130255 0.0119097 0.0108107 0.00974104 0.00871173 0.0077322 0.00681009 0.00595121 0.00515953 0.0044373 0.00378514 0.00320222 0.00268645 0.00223469 0.00184297 0.00150674 0.00122105 0.000980739 0.000780659 0.000615764 0.000481253 0.000372649 0.000285863 0.000217226 0.000163506 0.000121897 9.00051e-05 6.5818e-05 4.76688e-05 3.41972e-05 2.43095e-05 1.71394e-05 1.20118e-05 8.4106e-06 5.95058e-06 4.35431e-06 3.43553e-06 
4.31564e-06 4.55777e-06 5.56093e-06 7.4553e-06 1.04729e-05 1.49663e-05 2.14323e-05 3.05421e-05 4.3179e-05 6.04812e-05 8.38902e-05 0.000115203 0.000156624 0.000210819 0.000280959 0.000370761 0.000484505 0.000627045 0.000803781 0.00102061 0.00128385 0.0016001 0.0019761 0.00241853 0.00293377 0.00352767 0.00420522 0.00497033 0.00582547 0.00677146 0.0078072 0.00892946 0.0101328 0.0114093 0.012749 0.0141393 0.0155659 0.0170124 0.018461 0.0198927 0.0212876 0.0226258 0.0238873 0.0250531 0.0261048 0.0270258 0.0278015 0.0284193 0.0288691 0.0291436 0.0292383 0.0291517 0.0288853 0.0284435 0.0278336 0.0270655 0.0261519 0.0251074 0.0239485 0.0226933 0.0213611 0.0199716 0.0185448 0.0171004 0.0156573 0.0142334 0.0128448 0.011506 0.0102294 0.00902505 0.00790088 0.00686238 0.00591284 0.00505344 0.0042835 0.00360064 0.0030011 0.00248 0.00203164 0.00164974 0.00132775 0.00105902 0.00083702 0.000655495 0.00050859 0.000390923 0.000297651 0.000224482 0.000167683 0.000124051 9.08887e-05 6.59513e-05 4.74022e-05 3.37599e-05 2.38475e-05 1.67455e-05 1.17492e-05 8.33126e-06 6.11133e-06 4.83378e-06 
6.02573e-06 6.36696e-06 7.76134e-06 1.03873e-05 1.45622e-05 2.07667e-05 2.96769e-05 4.22038e-05 5.95428e-05 8.32295e-05 0.000115203 0.000157871 0.00021418 0.000287676 0.000382564 0.000503751 0.000656866 0.00084826 0.00108497 0.00137463 0.00172538 0.00214568 0.00264409 0.00322904 0.00390849 0.00468962 0.0055785 0.00657968 0.00769585 0.00892753 0.0102728 0.0117269 0.0132823 0.0149287 0.0166526 0.0184379 0.0202661 0.0221161 0.0239653 0.0257897 0.0275643 0.0292642 0.0308644 0.0323412 0.033672 0.0348362 0.0358157 0.0365951 0.037162 0.0375075 0.0376261 0.0375159 0.0371787 0.0366201 0.0358489 0.0348775 0.0337212 0.0323982 0.0309289 0.0293359 0.0276429 0.0258746 0.0240561 0.0222122 0.0203667 0.0185423 0.0167597 0.0150376 0.0133921 0.0118363 0.0103809 0.00903326 0.0077982 0.00667776 0.00567153 0.00477693 0.00398958 0.00330356 0.00271184 0.00220661 0.00177959 0.00142232 0.00112647 0.000883975 0.000687258 0.000529323 0.000403838 0.000305172 0.000228405 0.000169304 0.000124284 9.03567e-05 6.50671e-05 4.64289e-05 3.28595e-05 2.3119e-05 1.62546e-05 1.15519e-05 8.49463e-06 6.73541e-06 
8.33142e-06 8.80715e-06 1.07258e-05 1.43297e-05 2.00479e-05 2.85297e-05 4.06854e-05 5.77388e-05 8.1291e-05 0.000113392 0.000156624 0.00021418 0.000289953 0.000388614 0.000515677 0.000677551 0.000881555 0.00113591 0.00144967 0.00183263 0.00229514 0.00284789 0.00350165 0.00426687 0.00515337 0.00616986 0.0073235 0.0086195 0.0100606 0.0116468 0.0133748 0.0152381 0.0172265 0.0193261 0.0215196 0.0237862 0.0261023 0.0284413 0.0307748 0.0330727 0.0353042 0.0374383 0.0394444 0.0412931 0.0429571 0.0444113 0.0456335 0.0466051 0.0473112 0.0477409 0.0478876 0.0477491 0.0473276 0.0466298 0.0456664 0.0444524 0.0430064 0.0413506 0.0395099 0.0375117 0.0353853 0.0331612 0.0308703 0.0285432 0.0262101 0.0238991 0.0216366 0.0194462 0.0173486 0.015361 0.0134973 0.0117675 0.0101785 0.00873333 0.00743231 0.00627275 0.00524962 0.00435594 0.00358317 0.00292169 0.0023612 0.00189111 0.00150086 0.00118021 0.00091946 0.000709613 0.000542486 0.000410771 0.000308053 0.000228793 0.000168283 0.000122581 8.84423e-05 6.32293e-05 4.48362e-05 3.16079e-05 2.22693e-05 1.58623e-05 1.1693e-05 9.29408e-06 
1.14072e-05 1.20634e-05 1.46772e-05 1.95737e-05 2.73278e-05 3.88073e-05 5.52255e-05 7.82095e-05 0.000109882 0.000152952 0.000210819 0.000287676 0.000388614 0.000519717 0.00068814 0.000902162 0.00117119 0.00150576 0.00191738 0.00241846 0.00302201 0.0037414 0.00458994 0.00558049 0.00672491 0.0080336 0.00951488 0.0111745 0.013015 0.0150355 0.017231 0.0195923 0.0221058 0.0247535 0.027513 0.0303581 0.0332588 0.0361821 0.0390927 0.0419535 0.0447268 0.0473745 0.0498596 0.0521467 0.0542026 0.0559972 0.0575041 0.0587008 0.0595697 0.0600978 0.0602773 0.0601055 0.059585 0.0587239 0.0575349 0.056036 0.0542495 0.0522018 0.0499231 0.0474464 0.0448071 0.0420422 0.0391895 0.0362867 0.0333707 0.0304766 0.0276373 0.0248825 0.0222384 0.0197271 0.0173667 0.0151707 0.0131482 0.0113043 0.00964003 0.00815293 0.00683744 0.00568541 0.00468668 0.00382959 0.00310149 0.00248927 0.00197975 0.00156005 0.00121792 0.000941899 0.000721543 0.000547465 0.000411393 0.000306154 0.000225628 0.000164674 0.000119043 8.5271e-05 6.05838e-05 4.27947e-05 3.02143e-05 2.15703e-05 1.59399e-05 1.27005e-05 
1.54673e-05 1.63628e-05 1.98879e-05 2.64749e-05 3.6886e-05 5.22688e-05 7.42245e-05 0.000104894 0.000147063 0.000204274 0.000280959 0.000382564 0.000515677 0.00068814 0.000909137 0.00118925 0.00154044 0.00197603 0.00251052 0.00315943 0.00393893 0.00486549 0.00595541 0.00722422 0.00868609 0.0103532 0.0122349 0.0143374 0.0166627 0.0192085 0.0219675 0.024927 0.0280692 0.0313709 0.0348036 0.0383344 0.041926 0.0455378 0.0491263 0.0526466 0.0560528 0.0592992 0.0623415 0.0651373 0.0676472 0.0698356 0.0716712 0.0731276 0.0741841 0.0748253 0.0750423 0.0748318 0.0741971 0.0731474 0.0716978 0.0698695 0.0676886 0.0651866 0.0623991 0.0593655 0.056128 0.052731 0.04922 0.0456406 0.0420378 0.0384546 0.0349315 0.0315055 0.0282094 0.0250714 0.0221146 0.0193567 0.0168103 0.0144827 0.0123764 0.0104893 0.00881559 0.00734598 0.00606856 0.00496942 0.00403327 0.00324406 0.00258556 0.00204176 0.00159735 0.00123793 0.000950286 0.000722506 0.000544033 0.000405678 0.00029957 0.000219072 0.000158677 0.000113883 8.10712e-05 5.73816e-05 4.05987e-05 2.905e-05 2.15201e-05 1.7188e-05 
2.07704e-05 2.19798e-05 2.6687e-05 3.54609e-05 4.9302e-05 6.9713e-05 9.87853e-05 0.000139308 0.000194898 0.000270144 0.000370761 0.000503751 0.000677551 0.000902162 0.00118925 0.00155218 0.00200601 0.00256741 0.00325443 0.00408623 0.00508268 0.00626385 0.00764938 0.00925778 0.0111057 0.0132071 0.0155723 0.0182076 0.0211141 0.0242873 0.0277168 0.0313856 0.0352706 0.0393422 0.0435647 0.0478972 0.052294 0.0567054 0.061079 0.0653607 0.0694956 0.0734296 0.0771102 0.0804874 0.0835152 0.0861519 0.0883612 0.0901125 0.0913817 0.0921511 0.0924103 0.0921558 0.0913911 0.0901271 0.0883812 0.0861778 0.0835476 0.0805269 0.0771575 0.0734854 0.0695606 0.0654355 0.0611641 0.056801 0.0524003 0.0480139 0.0436913 0.0394779 0.0354143 0.031536 0.0278722 0.024446 0.0212741 0.0183671 0.0157293 0.0133597 0.0112523 0.0093969 0.00777979 0.00638462 0.00519317 0.00418608 0.00334358 0.00264604 0.00207451 0.00161113 0.00123937 0.000944253 0.000712465 0.000532356 0.000393904 0.000288631 0.000209472 0.000150634 0.000107446 7.62032e-05 5.403e-05 3.87492e-05 2.87759e-05 2.30382e-05 
2.76249e-05 2.92412e-05 3.54653e-05 4.70383e-05 6.52601e-05 9.20789e-05 0.000130199 0.000183218 0.000255786 0.000353781 0.000484505 0.000656866 0.000881555 0.00117119 0.00154044 0.00200601 0.00258665 0.00330297 0.00417718 0.00523269 0.00649361 0.00798405 0.00972739 0.0117454 0.0140572 0.0166785 0.0196205 0.0228889 0.0264833 0.0303964 0.0346136 0.0391126 0.0438637 0.0488295 0.053966 0.059223 0.0645449 0.0698719 0.0751415 0.0802894 0.085251 0.0899626 0.0943632 0.0983948 0.102004 0.105143 0.107771 0.109851 0.111358 0.11227 0.112576 0.112273 0.111363 0.109859 0.107781 0.105158 0.102023 0.0984199 0.0943952 0.0900026 0.0853 0.0803486 0.0752118 0.069954 0.0646392 0.0593299 0.0540852 0.0489605 0.0440055 0.0392641 0.034773 0.0305619 0.0266528 0.0230601 0.0197912 0.0168465 0.0142203 0.0119018 0.00987543 0.00812239 0.00662124 0.00534896 0.00428177 0.00339587 0.00266814 0.00207659 0.00160081 0.00122219 0.000924084 0.000691892 0.000512986 0.000376641 0.000273886 0.000197345 0.000141044 0.000100236 7.12216e-05 5.11961e-05 3.81126e-05 3.05855e-05 
3.63924e-05 3.85305e-05 4.66803e-05 6.17976e-05 8.5555e-05 0.000120453 0.000169955 0.000238653 0.000332466 0.000458854 0.000627045 0.00084826 0.00113591 0.00150576 0.00197603 0.00256741 0.00330297 0.00420793 0.00530931 0.00663537 0.008215 0.0100768 0.0122482 0.0147544 0.0176171 0.0208535 0.024475 0.0284865 0.0328852 0.0376599 0.0427906 0.0482486 0.053996 0.0599867 0.0661666 0.0724748 0.0788446 0.0852051 0.0914824 0.097601 0.103486 0.109064 0.114264 0.11902 0.123272 0.126966 0.130053 0.132496 0.134263 0.135332 0.135689 0.135331 0.134261 0.132494 0.130052 0.126965 0.123275 0.119026 0.114275 0.109082 0.103513 0.0976378 0.0915307 0.0852663 0.0789197 0.0725645 0.0662712 0.0601061 0.0541295 0.048395 0.0429485 0.0378273 0.0330599 0.0286661 0.0246568 0.0210348 0.0177954 0.0149274 0.0124137 0.010233 0.00836041 0.00676898 0.00543047 0.00431637 0.00339877 0.00265094 0.00204793 0.00156686 0.00118716 0.000890702 0.000661734 0.000486832 0.000354722 0.000256099 0.000183402 0.000130605 9.29987e-05 6.70037e-05 5.00028e-05 4.02214e-05 
4.74905e-05 5.02902e-05 6.08586e-05 8.04166e-05 0.000111095 0.000156072 0.000219738 0.0003079 0.000428017 0.000589461 0.000803781 0.00108497 0.00144967 0.00191738 0.00251052 0.00325443 0.00417718 0.00530931 0.00668329 0.00833289 0.0102923 0.0125949 0.0152726 0.0183539 0.021863 0.0258183 0.030231 0.035104 0.0404313 0.0461965 0.0523733 0.0589245 0.0658032 0.0729525 0.080307 0.0877938 0.0953338 0.102844 0.110237 0.117428 0.124328 0.130855 0.136929 0.142475 0.147426 0.15172 0.155306 0.15814 0.160188 0.161425 0.161838 0.161421 0.160178 0.158127 0.15529 0.151702 0.147407 0.142458 0.136915 0.130846 0.124326 0.117435 0.110256 0.102876 0.0953817 0.0878583 0.080389 0.0730523 0.0659206 0.0590588 0.052523 0.0463598 0.0406059 0.0352873 0.0304199 0.0260099 0.0220543 0.0185419 0.0154546 0.0127686 0.0104556 0.00848438 0.00682187 0.00543434 0.00428848 0.00335217 0.00259523 0.00198981 0.00151079 0.00113586 0.000845602 0.000623361 0.000455113 0.000329233 0.00023625 0.000168584 0.0001203 8.68728e-05 6.49886e-05 5.23968e-05 
6.13933e-05 6.50225e-05 7.85965e-05 0.000103659 0.000142899 0.000200318 0.000281427 0.000393496 0.000545836 0.000750103 0.00102061 0.00137463 0.00183263 0.00241846 0.00315943 0.00408623 0.00523269 0.00663537 0.00833289 0.0103651 0.0127718 0.0155919 0.0188614 0.0226125 0.0268713 0.0316568 0.0369794 0.0428391 0.0492252 0.056115 0.063474 0.0712555 0.0794014 0.0878428 0.0965013 0.105291 0.114118 0.122888 0.1315 0.139854 0.147855 0.155406 0.162419 0.168811 0.174508 0.179443 0.183558 0.186807 0.189153 0.190569 0.19104 0.19056 0.189135 0.186781 0.183525 0.179404 0.174465 0.168766 0.162374 0.155363 0.147818 0.139826 0.131482 0.122884 0.114131 0.105321 0.096552 0.0879143 0.0794942 0.0713693 0.0636077 0.056267 0.0493931 0.0430202 0.0371705 0.0318546 0.0270721 0.0228129 0.0190582 0.0157819 0.0129526 0.0105345 0.00848936 0.00677779 0.00536049 0.00419931 0.00325812 0.00250341 0.00190476 0.00143504 0.00107053 0.000790772 0.0005785 0.00041933 0.000301506 0.000215591 0.000154174 0.00011159 8.36819e-05 6.76224e-05 
7.86293e-05 8.32873e-05 0.000100557 0.000132372 0.000182093 0.000254707 0.00035707 0.000498196 0.000689594 0.000945623 0.00128385 0.00172538 0.00229514 0.00302201 0.00393893 0.00508268 0.00649361 0.008215 0.0102923 0.0127718 0.0156997 0.0191201 0.0230738 0.0275957 0.0327139 0.0384471 0.0448036 0.0517795 0.059358 0.0675085 0.0761866 0.0853343 0.0948807 0.104743 0.114829 0.125038 0.135262 0.14539 0.155311 0.164911 0.174083 0.18272 0.190726 0.198009 0.204489 0.210094 0.214762 0.218444 0.2211 0.222702 0.223233 0.222688 0.221072 0.218404 0.21471 0.210032 0.204418 0.197933 0.190646 0.18264 0.174005 0.16484 0.15525 0.145343 0.135231 0.125026 0.11484 0.104778 0.0949399 0.0854187 0.0762957 0.0676409 0.0595117 0.0519517 0.0449909 0.0386458 0.03292 0.0278052 0.0232827 0.0193249 0.0158969 0.0129587 0.0104667 0.00837524 0.00663865 0.00521205 0.00405266 0.00312059 0.00237938 0.00179637 0.00134283 0.000993938 0.000728592 0.000529183 0.000381257 0.000273177 0.000195774 0.000142024 0.00010676 8.64663e-05 
9.97771e-05 0.000105697 0.000127463 0.000167475 0.00022989 0.000320871 0.000448861 0.000624933 0.000863178 0.00118112 0.0016001 0.00214568 0.00284789 0.0037414 0.00486549 0.00626385 0.00798405 0.0100768 0.0125949 0.0155919 0.0191201 0.0232295 0.0279648 0.0333639 0.0394557 0.0462578 0.0537752 0.0619986 0.0709034 0.0804493 0.0905802 0.101225 0.112298 0.123703 0.135329 0.147061 0.158777 0.17035 0.181654 0.192565 0.202962 0.212732 0.221768 0.229973 0.237259 0.243552 0.248787 0.25291 0.255882 0.257673 0.258266 0.257654 0.255845 0.252855 0.248715 0.243465 0.23716 0.229862 0.22165 0.21261 0.20284 0.192446 0.181543 0.170251 0.158695 0.147 0.135291 0.123691 0.112315 0.101271 0.0906555 0.0805533 0.0710344 0.062154 0.0539517 0.0464513 0.0396619 0.0335782 0.0281826 0.0234463 0.019332 0.0157952 0.0127868 0.0102549 0.00814674 0.0064102 0.00499517 0.00385461 0.00294529 0.00222827 0.00166912 0.00123797 0.000909299 0.000661753 0.000477726 0.000342999 0.000246338 0.000179112 0.000134961 0.000109549 
0.000125457 0.000132908 0.000160087 0.000209943 0.000287577 0.000400525 0.000559094 0.000776757 0.00107061 0.00146182 0.0019761 0.00264409 0.00350165 0.00458994 0.00595541 0.00764938 0.00972739 0.0122482 0.0152726 0.0188614 0.0230738 0.0279648 0.0335833 0.0399692 0.0471513 0.055145 0.0639504 0.073551 0.0839127 0.0949837 0.106694 0.118958 0.131674 0.144727 0.157992 0.171336 0.18462 0.197703 0.210447 0.222713 0.234372 0.245301 0.255386 0.264525 0.272627 0.279612 0.285415 0.289981 0.293268 0.295247 0.295901 0.295224 0.293221 0.289911 0.285323 0.279501 0.272497 0.264381 0.255229 0.245136 0.234202 0.222543 0.210282 0.197549 0.18448 0.171216 0.157897 0.14466 0.131638 0.118956 0.106726 0.0950501 0.0840122 0.0736813 0.0641082 0.0553262 0.0473514 0.040183 0.0338055 0.0281903 0.0232977 0.0190794 0.0154809 0.0124437 0.00990777 0.00781312 0.0061017 0.00471863 0.00361314 0.00273925 0.00205611 0.00152808 0.00112465 0.000820106 0.000593227 0.000426796 0.000307172 0.000223849 0.000169068 0.000137532 
0.000156318 0.000165606 0.000199234 0.000260792 0.000356478 0.000495429 0.000690107 0.000956758 0.00131592 0.00179296 0.00241853 0.00322904 0.00426687 0.00558049 0.00722422 0.00925778 0.0117454 0.0147544 0.0183539 0.0226125 0.0275957 0.0333639 0.0399692 0.0474527 0.0558419 0.0651483 0.0753658 0.0864686 0.0984112 0.111128 0.124534 0.138525 0.152983 0.167775 0.182758 0.19778 0.212688 0.227325 0.24154 0.255184 0.268118 0.280211 0.291344 0.301411 0.310318 0.317985 0.324345 0.329343 0.332938 0.335101 0.335814 0.335073 0.332882 0.329259 0.324234 0.31785 0.31016 0.301232 0.291148 0.280001 0.267899 0.254962 0.241319 0.227111 0.212486 0.197598 0.182599 0.167646 0.152888 0.138466 0.124514 0.111148 0.09847 0.0865649 0.0754966 0.0653097 0.0560289 0.0476599 0.0401908 0.033594 0.0278285 0.0228428 0.018577 0.0149664 0.0119431 0.00943897 0.00738752 0.00572528 0.00439324 0.00333762 0.00251039 0.00186948 0.00137866 0.00100733 0.000730108 0.00052634 0.000379615 0.00027726 0.000209896 0.00017111 
0.000193022 0.000204492 0.000245721 0.000321044 0.000437923 0.000607335 0.000844212 0.00116797 0.00160306 0.00217958 0.00293377 0.00390849 0.00515337 0.00672491 0.00868609 0.0111057 0.0140572 0.0176171 0.021863 0.0268713 0.0327139 0.0394557 0.0471513 0.0558419 0.0655522 0.0762884 0.0880357 0.100757 0.114394 0.128864 0.144066 0.159876 0.176157 0.192756 0.209512 0.226256 0.242818 0.259027 0.27472 0.289738 0.303934 0.317172 0.329329 0.340298 0.349983 0.358305 0.365197 0.370607 0.374495 0.376832 0.377603 0.3768 0.374431 0.370511 0.36507 0.358148 0.349798 0.340087 0.329096 0.31692 0.303668 0.289463 0.274441 0.258752 0.242552 0.226006 0.209285 0.192559 0.175994 0.159753 0.143985 0.128828 0.114403 0.100811 0.0881308 0.0764216 0.0657187 0.0560359 0.0473665 0.0396854 0.0329516 0.0271108 0.0220987 0.017844 0.0142713 0.011304 0.00886651 0.00688623 0.00529523 0.00403123 0.00303828 0.00226715 0.00167524 0.00122645 0.000890677 0.000643387 0.000465004 0.000340378 0.000258269 0.000210985 
0.000236223 0.000250255 0.000300353 0.0003917 0.000533201 0.000737927 0.00102361 0.00141324 0.00193569 0.00262634 0.00352767 0.00468962 0.00616986 0.0080336 0.0103532 0.0132071 0.0166785 0.0208535 0.0258183 0.0316568 0.0384471 0.0462578 0.055145 0.0651483 0.0762884 0.0885637 0.101949 0.116394 0.131824 0.14814 0.165218 0.182917 0.201078 0.219529 0.238088 0.25657 0.274787 0.292559 0.309708 0.326069 0.341489 0.355829 0.368964 0.380787 0.391205 0.400139 0.407527 0.413318 0.417476 0.419974 0.420796 0.419938 0.417405 0.413212 0.407386 0.399964 0.390998 0.38055 0.368699 0.355539 0.34118 0.325745 0.309374 0.292223 0.274457 0.256252 0.23779 0.219259 0.200844 0.182723 0.16507 0.14804 0.131775 0.116396 0.102 0.0886606 0.0764266 0.065322 0.0553474 0.0464818 0.0386852 0.031902 0.0260638 0.0210934 0.0169078 0.0134218 0.0105505 0.00821157 0.00632761 0.0048271 0.0036455 0.00272568 0.00201803 0.00148028 0.00107712 0.000779616 0.000564628 0.000414204 0.000314995 0.000257851 
0.000286546 0.000303554 0.000363889 0.000473696 0.000643508 0.000888752 0.00123031 0.00169516 0.00231708 0.00313733 0.00420522 0.0055785 0.0073235 0.00951488 0.0122349 0.0155723 0.0196205 0.024475 0.030231 0.0369794 0.0448036 0.0537752 0.0639504 0.0753658 0.0880357 0.101949 0.117068 0.133327 0.150632 0.168863 0.187879 0.207513 0.227586 0.247905 0.268269 0.288475 0.308322 0.327616 0.346173 0.363819 0.3804 0.395773 0.409818 0.422428 0.433513 0.443002 0.450836 0.456969 0.461367 0.464007 0.464876 0.463969 0.461291 0.456856 0.450686 0.442815 0.43329 0.422169 0.409526 0.395452 0.380052 0.36345 0.345788 0.327224 0.307929 0.288089 0.2679 0.247561 0.227276 0.207244 0.187656 0.168693 0.150517 0.133269 0.117067 0.102001 0.0881377 0.0755117 0.0641333 0.0539875 0.0450371 0.037226 0.030483 0.0247254 0.0198632 0.0158024 0.0124485 0.00970934 0.00749732 0.00573112 0.00433692 0.00324904 0.0024102 0.00177136 0.00129142 0.000936556 0.000679674 0.00049967 0.000380831 0.000312365 
0.000344551 0.000364979 0.000437009 0.000567862 0.00076989 0.00106114 0.001466 0.00201585 0.00274989 0.00371579 0.00497033 0.00657968 0.0086195 0.0111745 0.0143374 0.0182076 0.0228889 0.0284865 0.035104 0.0428391 0.0517795 0.0619986 0.073551 0.0864686 0.100757 0.116394 0.133327 0.15147 0.170712 0.190909 0.211896 0.233486 0.255476 0.27765 0.299791 0.32168 0.343101 0.36385 0.383736 0.402584 0.420236 0.436553 0.451418 0.464728 0.476403 0.486375 0.494593 0.501018 0.50562 0.508381 0.50929 0.508343 0.505544 0.500903 0.494439 0.486181 0.47617 0.464456 0.451108 0.436208 0.419858 0.402179 0.383309 0.363407 0.34265 0.32123 0.299353 0.277233 0.255089 0.233139 0.211596 0.190663 0.170525 0.151346 0.133265 0.116395 0.100816 0.0865796 0.0737077 0.062193 0.0520029 0.0430826 0.0353588 0.0287445 0.0231429 0.0184515 0.0145664 0.011385 0.00880929 0.00674762 0.00511626 0.00384036 0.00285432 0.00210176 0.00153521 0.00111551 0.000811168 0.000597597 0.000456452 0.000375116 
0.000410711 0.000435028 0.000520277 0.000674874 0.000913181 0.00125614 0.00173197 0.00237689 0.00323599 0.00436392 0.00582547 0.00769585 0.0100606 0.013015 0.0166627 0.0211141 0.0264833 0.0328852 0.0404313 0.0492252 0.059358 0.0709034 0.0839127 0.0984112 0.114394 0.131824 0.150632 0.170712 0.191928 0.214116 0.237085 0.260623 0.284505 0.308495 0.332357 0.355856 0.378766 0.400876 0.42199 0.44193 0.460542 0.477693 0.493269 0.507179 0.519349 0.529722 0.538254 0.544914 0.54968 0.552537 0.553478 0.5525 0.549605 0.5448 0.538101 0.529528 0.519114 0.506902 0.49295 0.477334 0.460145 0.441498 0.421528 0.400391 0.378266 0.355349 0.331854 0.308007 0.284043 0.260197 0.236706 0.213792 0.191666 0.170515 0.150504 0.131766 0.114402 0.0984802 0.0840365 0.0710737 0.0595657 0.0494606 0.0406847 0.0331475 0.026746 0.0213699 0.0169058 0.0132408 0.0102661 0.0078791 0.00598585 0.00450171 0.00335218 0.00247297 0.00180973 0.00131748 0.00095992 0.000708644 0.000542413 0.000446598 
0.000485376 0.000514066 0.000614102 0.000795207 0.00107394 0.00147441 0.00202899 0.00277916 0.00377634 0.00508266 0.00677146 0.00892753 0.0116468 0.0150355 0.0192085 0.0242873 0.0303964 0.0376599 0.0461965 0.056115 0.0675085 0.0804493 0.0949837 0.111128 0.128864 0.14814 0.168863 0.190909 0.214116 0.238294 0.263227 0.288679 0.314401 0.340138 0.365636 0.390648 0.414939 0.43829 0.460504 0.481408 0.500851 0.518707 0.534873 0.549267 0.561828 0.57251 0.581278 0.588112 0.592997 0.595924 0.596889 0.595889 0.592927 0.588005 0.581133 0.572324 0.5616 0.548995 0.534556 0.518345 0.500445 0.480961 0.460019 0.437773 0.414398 0.390093 0.365077 0.339585 0.313868 0.288177 0.262769 0.23789 0.213775 0.190637 0.168665 0.148016 0.128815 0.111148 0.0950681 0.0805894 0.067695 0.0563375 0.0464444 0.0379228 0.0306649 0.0245529 0.0194642 0.0152756 0.0118673 0.00912584 0.00694631 0.00523386 0.00390459 0.00288577 0.00211569 0.00154308 0.00112645 0.00083326 0.000639106 0.000527169 
0.000568742 0.000602295 0.000718694 0.000929083 0.0012524 0.00171616 0.00235723 0.00322269 0.00437075 0.00587146 0.0078072 0.0102728 0.0133748 0.017231 0.0219675 0.0277168 0.0346136 0.0427906 0.0523733 0.063474 0.0761866 0.0905802 0.106694 0.124534 0.144066 0.165218 0.187879 0.211896 0.237085 0.263227 0.29008 0.317385 0.344869 0.372258 0.399284 0.425687 0.451225 0.475678 0.498849 0.520571 0.540699 0.55912 0.575743 0.590499 0.60334 0.614233 0.623156 0.630099 0.635056 0.638025 0.639004 0.637994 0.634993 0.630003 0.623024 0.614061 0.603127 0.590242 0.575438 0.558767 0.540297 0.52012 0.498354 0.475142 0.450656 0.425093 0.398677 0.371649 0.344271 0.316812 0.289546 0.262744 0.236664 0.211546 0.187605 0.165026 0.143954 0.1245 0.106734 0.0906845 0.0763464 0.0636785 0.0526111 0.0430505 0.0348849 0.0279897 0.0222339 0.0174841 0.0136096 0.0104857 0.00799635 0.00603612 0.00451125 0.00334011 0.00245316 0.00179246 0.00131095 0.000971639 0.000746725 0.000617021 
0.000660819 0.000699722 0.000834038 0.00107643 0.0014484 0.00198108 0.00271612 0.00370658 0.0050178 0.00672817 0.00892946 0.0117269 0.0152381 0.0195923 0.024927 0.0313856 0.0391126 0.0482486 0.0589245 0.0712555 0.0853343 0.101225 0.118958 0.138525 0.159876 0.182917 0.207513 0.233486 0.260623 0.288679 0.317385 0.346456 0.3756 0.404525 0.432947 0.460599 0.487235 0.512634 0.536604 0.558985 0.579646 0.598484 0.615425 0.630414 0.643421 0.654425 0.66342 0.670407 0.675388 0.67837 0.679355 0.678344 0.675336 0.670325 0.663307 0.654276 0.643231 0.630181 0.615143 0.598151 0.57926 0.558545 0.536111 0.512092 0.48665 0.459979 0.432303 0.403869 0.374946 0.345818 0.316779 0.288119 0.260123 0.233057 0.207163 0.182652 0.159698 0.138433 0.118947 0.101288 0.0854623 0.0714373 0.0591481 0.0485017 0.0393835 0.0316634 0.0252021 0.0198569 0.0154861 0.0119537 0.00913257 0.00690618 0.0051706 0.00383497 0.00282151 0.00206524 0.00151321 0.00112367 0.000865229 0.000716149 
0.000761405 0.000806128 0.000959848 0.00123685 0.00166132 0.00226827 0.00310436 0.00422891 0.00571472 0.00764884 0.0101328 0.0132823 0.0172265 0.0221058 0.0280692 0.0352706 0.0438637 0.053996 0.0658032 0.0794014 0.0948807 0.112298 0.131674 0.152983 0.176157 0.201078 0.227586 0.255476 0.284505 0.314401 0.344869 0.3756 0.406282 0.436606 0.466277 0.495022 0.522592 0.548771 0.573373 0.59625 0.617285 0.63639 0.653508 0.668603 0.681661 0.692678 0.701663 0.708629 0.713589 0.716557 0.717538 0.716538 0.71355 0.708567 0.701574 0.692558 0.681503 0.668403 0.65326 0.636089 0.616927 0.595833 0.572897 0.548236 0.522005 0.494389 0.465608 0.435914 0.405581 0.374906 0.344198 0.31377 0.283929 0.254969 0.22716 0.20074 0.17591 0.152829 0.131609 0.112316 0.0949724 0.079556 0.0660083 0.0542386 0.0441308 0.0355504 0.0283509 0.0223802 0.0174864 0.0135223 0.0103493 0.00783994 0.00587975 0.0043683 0.00321932 0.00236044 0.00173255 0.00128892 0.000994308 0.000824322 
0.000870065 0.000921048 0.00109555 0.00140957 0.00189011 0.00257621 0.00351979 0.00478664 0.00645731 0.00862772 0.0114093 0.0149287 0.0193261 0.0247535 0.0313709 0.0393422 0.0488295 0.0599867 0.0729525 0.0878428 0.104743 0.123703 0.144727 0.167775 0.192756 0.219529 0.247905 0.27765 0.308495 0.340138 0.372258 0.404525 0.436606 0.468178 0.498939 0.52861 0.556945 0.583733 0.608799 0.632007 0.653258 0.672482 0.689641 0.704718 0.717718 0.728655 0.737552 0.744436 0.749331 0.752258 0.753228 0.752246 0.749307 0.744396 0.737491 0.728568 0.717598 0.704559 0.689435 0.672223 0.652939 0.631625 0.608351 0.583219 0.556369 0.527978 0.498259 0.467463 0.435869 0.403784 0.371531 0.339443 0.307849 0.27707 0.247403 0.219116 0.192439 0.167556 0.144604 0.123671 0.104795 0.0879663 0.0731354 0.0602152 0.0490899 0.0396214 0.0316569 0.025036 0.0195967 0.0151809 0.0116387 0.0088315 0.00663435 0.00493697 0.00364434 0.00267648 0.00196786 0.00146656 0.00113336 0.000941058 
0.000986111 0.00104375 0.00124027 0.00159343 0.00213319 0.00290272 0.00395939 0.00537563 0.00723991 0.00965719 0.012749 0.0166526 0.0215196 0.027513 0.0348036 0.0435647 0.053966 0.0661666 0.080307 0.0965013 0.114829 0.135329 0.157992 0.182758 0.209512 0.238088 0.268269 0.299791 0.332357 0.365636 0.399284 0.432947 0.466277 0.498939 0.530624 0.561051 0.589979 0.617205 0.642568 0.665948 0.687263 0.706466 0.723537 0.738481 0.751321 0.762091 0.77083 0.777576 0.782367 0.78523 0.786181 0.785227 0.78236 0.777561 0.770801 0.762043 0.751246 0.73837 0.723381 0.706257 0.686994 0.665612 0.642161 0.616725 0.589427 0.560432 0.529945 0.498212 0.465517 0.43217 0.39851 0.364884 0.331646 0.299141 0.267694 0.237603 0.209124 0.182473 0.15781 0.135246 0.114837 0.0965904 0.0804642 0.0663779 0.0542167 0.0438407 0.0350917 0.0278018 0.0217993 0.0169158 0.0129903 0.00987312 0.00742863 0.00553672 0.00409346 0.00301108 0.00221748 0.0016554 0.00128147 0.00106561 
0.0011086 0.00117324 0.00139281 0.0017869 0.00238847 0.00324498 0.00441929 0.00599064 0.00805547 0.0107279 0.0141393 0.0184379 0.0237862 0.0303581 0.0383344 0.0478972 0.059223 0.0724748 0.0877938 0.105291 0.125038 0.147061 0.171336 0.19778 0.226256 0.25657 0.288475 0.32168 0.355856 0.390648 0.425687 0.460599 0.495022 0.52861 0.561051 0.592066 0.621419 0.648919 0.674421 0.697823 0.719063 0.738114 0.75498 0.769688 0.782279 0.792805 0.801322 0.807884 0.812536 0.815313 0.816239 0.815319 0.812546 0.807894 0.801328 0.792798 0.78225 0.769629 0.754881 0.737964 0.718852 0.697543 0.674066 0.648484 0.620903 0.591472 0.560386 0.527885 0.494249 0.459797 0.424875 0.389848 0.355088 0.320965 0.287832 0.256014 0.2258 0.197429 0.171093 0.146925 0.125 0.105343 0.0879226 0.072666 0.0594613 0.0481675 0.0386225 0.0306513 0.0240737 0.0187111 0.0143918 0.0109553 0.00825543 0.0061622 0.00456272 0.00336135 0.00247929 0.00185384 0.00143741 0.00119696 
0.00123634 0.00130824 0.00155166 0.00198804 0.00265341 0.00359953 0.00489482 0.00662536 0.00889558 0.0118286 0.0155659 0.0202661 0.0261023 0.0332588 0.041926 0.052294 0.0645449 0.0788446 0.0953338 0.114118 0.135262 0.158777 0.18462 0.212688 0.242818 0.274787 0.308322 0.343101 0.378766 0.414939 0.451225 0.487235 0.522592 0.556945 0.589979 0.621419 0.651039 0.678661 0.704156 0.727444 0.748483 0.767269 0.783829 0.798209 0.810474 0.820692 0.828936 0.835272 0.839757 0.842433 0.843327 0.842448 0.839785 0.83531 0.828977 0.820728 0.810495 0.798206 0.783789 0.767181 0.748335 0.727226 0.70386 0.678279 0.650569 0.620862 0.589339 0.556232 0.521819 0.486419 0.450386 0.414099 0.37795 0.342329 0.307617 0.274166 0.242295 0.212273 0.184317 0.158586 0.135178 0.114132 0.0954321 0.0790134 0.0647685 0.0525564 0.0422121 0.0335546 0.0263959 0.0205479 0.0158285 0.0120668 0.00910624 0.00680702 0.00504735 0.00372373 0.00275066 0.00205991 0.00159965 0.00133381 
0.00136787 0.00144722 0.00171503 0.00219458 0.00292498 0.0039623 0.00538053 0.00727252 0.00975061 0.0129469 0.0170124 0.0221161 0.0284413 0.0361821 0.0455378 0.0567054 0.0698719 0.0852051 0.102844 0.122888 0.14539 0.17035 0.197703 0.227325 0.259027 0.292559 0.327616 0.36385 0.400876 0.43829 0.475678 0.512634 0.548771 0.583733 0.617205 0.648919 0.678661 0.706267 0.731628 0.754682 0.775412 0.793838 0.810006 0.823988 0.835864 0.845724 0.853654 0.859733 0.864028 0.866589 0.867448 0.866614 0.864074 0.859797 0.853729 0.845802 0.835936 0.824041 0.810029 0.793816 0.775333 0.754532 0.731397 0.705947 0.678245 0.648408 0.6166 0.583042 0.548007 0.511814 0.474822 0.437421 0.400019 0.363028 0.326854 0.291876 0.258441 0.226848 0.197341 0.170105 0.145259 0.122861 0.10291 0.0853498 0.070079 0.0569581 0.04582 0.036479 0.0287398 0.0224054 0.0172842 0.013195 0.00997135 0.00746381 0.00554183 0.00409412 0.00302849 0.00227126 0.00176633 0.00147462 
