4.85499e-21 3.65088e-21 8.75256e-21 2.88183e-20 9.59437e-20 3.12478e-19 9.92507e-19 3.07281e-18 9.27049e-18 2.72475e-17 7.80031e-17 2.17459e-16 5.90271e-16 1.55984e-15 4.01262e-15 1.00478e-14 2.44905e-14 5.81061e-14 1.34203e-13 3.01754e-13 6.60589e-13 1.40812e-12 2.92297e-12 5.90909e-12 1.16348e-11 2.23133e-11 4.16813e-11 7.58384e-11 1.34397e-10 2.31961e-10 3.89876e-10 6.38071e-10 1.01667e-09 1.57685e-09 2.38018e-09 3.49584e-09 4.99485e-09 6.94127e-09 9.38072e-09 1.23278e-08 1.57548e-08 1.95851e-08 2.36932e-08 2.79136e-08 3.20571e-08 3.59317e-08 3.93627e-08 4.22073e-08 4.43614e-08 4.57574e-08 4.63578e-08 4.61475e-08 4.51303e-08 4.33308e-08 4.08017e-08 3.7631e-08 3.39463e-08 2.99111e-08 2.57129e-08 2.15442e-08 1.75818e-08 1.39685e-08 1.08016e-08 8.12928e-09 5.95494e-09 4.24658e-09 2.94873e-09 1.99424e-09 1.31395e-09 8.43619e-10 5.27938e-10 3.22093e-10 1.91612e-10 1.11168e-10 6.29097e-11 3.47283e-11 1.87033e-11 9.82767e-12 5.03847e-12 2.52042e-12 1.23019e-12 5.85861e-13 2.72229e-13 1.23421e-13 5.45953e-14 2.35636e-14 9.9234e-15 4.07793e-15 1.63537e-15 6.40082e-16 2.44547e-16 9.1215e-17 3.32225e-17 1.18182e-17 4.10704e-18 1.39467e-18 4.62913e-19 1.50231e-19 4.77239e-20 1.50118e-20 
3.65088e-21 2.73142e-21 6.70915e-21 2.26035e-20 7.68692e-20 2.55651e-19 8.29094e-19 2.62057e-18 8.07021e-18 2.42074e-17 7.07084e-17 2.01073e-16 5.5656e-16 1.49923e-15 3.92979e-15 1.00224e-14 2.48689e-14 6.00359e-14 1.41007e-13 3.22233e-13 7.16508e-13 1.55035e-12 3.26463e-12 6.69057e-12 1.33459e-11 2.59124e-11 4.89725e-11 9.00906e-11 1.61316e-10 2.81138e-10 4.7684e-10 7.8703e-10 1.26392e-09 1.97464e-09 3.00071e-09 4.43446e-09 6.37163e-09 8.89962e-09 1.2082e-08 1.59413e-08 2.04435e-08 2.54879e-08 3.09079e-08 3.64817e-08 4.19558e-08 4.70729e-08 5.15997e-08 5.53474e-08 5.81801e-08 6.00112e-08 6.07939e-08 6.05094e-08 5.91624e-08 5.67836e-08 5.34403e-08 4.92474e-08 4.43738e-08 3.90378e-08 3.34905e-08 2.79901e-08 2.27729e-08 1.80285e-08 1.38845e-08 1.04016e-08 7.58081e-09 5.37583e-09 3.71014e-09 2.49263e-09 1.63064e-09 1.03895e-09 6.44856e-10 3.89986e-10 2.29844e-10 1.32032e-10 7.39347e-11 4.03634e-11 2.1485e-11 1.11511e-11 5.64358e-12 2.78521e-12 1.34039e-12 6.29042e-13 2.87874e-13 1.28471e-13 5.59111e-14 2.37301e-14 9.82285e-15 3.96598e-15 1.56204e-15 6.00241e-16 2.25075e-16 8.23728e-17 2.94303e-17 1.02676e-17 3.4988e-18 1.16486e-18 3.79017e-19 1.2057e-19 3.75377e-20 1.15653e-20 
8.75256e-21 6.70915e-21 1.68927e-20 5.74885e-20 1.96935e-19 6.59317e-19 2.15144e-18 6.83918e-18 2.11727e-17 6.38143e-17 1.87202e-16 5.34381e-16 1.48404e-15 4.00882e-15 1.05319e-14 2.69076e-14 6.68491e-14 1.61497e-13 3.79398e-13 8.66784e-13 1.92598e-12 4.16259e-12 8.7518e-12 1.79021e-11 3.56314e-11 6.9011e-11 1.30075e-10 2.386e-10 4.25951e-10 7.40031e-10 1.25119e-09 2.05851e-09 3.29528e-09 5.13205e-09 7.77474e-09 1.14552e-08 1.64123e-08 2.28616e-08 3.09571e-08 4.07479e-08 5.21398e-08 6.48724e-08 7.85196e-08 9.25214e-08 1.06241e-07 1.19035e-07 1.30326e-07 1.3965e-07 1.46677e-07 1.51199e-07 1.53105e-07 1.52352e-07 1.48951e-07 1.42977e-07 1.34593e-07 1.24081e-07 1.11859e-07 9.8471e-08 8.45428e-08 7.07211e-08 5.75987e-08 4.56531e-08 3.52063e-08 2.64145e-08 1.92827e-08 1.36984e-08 9.47192e-09 6.37635e-09 4.17993e-09 2.66883e-09 1.66e-09 1.00602e-09 5.94129e-10 3.41963e-10 1.91843e-10 1.04909e-10 5.59242e-11 2.90614e-11 1.4722e-11 7.2701e-12 3.49969e-12 1.64218e-12 7.51109e-13 3.34865e-13 1.4552e-13 6.16415e-14 2.54534e-14 1.02466e-14 4.02182e-15 1.53937e-15 5.74666e-16 2.09283e-16 7.43697e-17 2.57939e-17 8.73403e-18 2.88813e-18 9.32953e-19 2.94514e-19 9.09535e-20 2.77921e-20 
2.88183e-20 2.26035e-20 5.74885e-20 1.95443e-19 6.67946e-19 2.23045e-18 7.25837e-18 2.3007e-17 7.10078e-17 2.13327e-16 6.23669e-16 1.77388e-15 4.90744e-15 1.32029e-14 3.45386e-14 8.78446e-14 2.17208e-13 5.22134e-13 1.22025e-12 2.7727e-12 6.12624e-12 1.31636e-11 2.75114e-11 5.59328e-11 1.10637e-10 2.12946e-10 3.98859e-10 7.27082e-10 1.28997e-09 2.22751e-09 3.74364e-09 6.12335e-09 9.74706e-09 1.50976e-08 2.2753e-08 3.33586e-08 4.75714e-08 6.59765e-08 8.89791e-08 1.16687e-07 1.48807e-07 1.84587e-07 2.22819e-07 2.61934e-07 3.00161e-07 3.35726e-07 3.67044e-07 3.92848e-07 4.12243e-07 4.24675e-07 4.29849e-07 4.27653e-07 4.18118e-07 4.01446e-07 3.78079e-07 3.48792e-07 3.1473e-07 2.7739e-07 2.38504e-07 1.99862e-07 1.63113e-07 1.29592e-07 1.00207e-07 7.54092e-08 5.52321e-08 3.93787e-08 2.7335e-08 1.84778e-08 1.2166e-08 7.80344e-09 4.87686e-09 2.97009e-09 1.76289e-09 1.01988e-09 5.75127e-10 3.16148e-10 1.69409e-10 8.84897e-11 4.50556e-11 2.23605e-11 1.08161e-11 5.09905e-12 2.3427e-12 1.04892e-12 4.57676e-13 1.94615e-13 8.06529e-14 3.25781e-14 1.28276e-14 4.92435e-15 1.84338e-15 6.73041e-16 2.39735e-16 8.333e-17 2.82732e-17 9.36669e-18 3.0309e-18 9.58296e-19 2.96386e-19 9.07328e-20 
9.59437e-20 7.68692e-20 1.96935e-19 6.67946e-19 2.27503e-18 7.56996e-18 2.45443e-17 7.75051e-17 2.38277e-16 7.1296e-16 2.07565e-15 5.87806e-15 1.61883e-14 4.33482e-14 1.12843e-13 2.8554e-13 7.02293e-13 1.67889e-12 3.90118e-12 8.81192e-12 1.93508e-11 4.13182e-11 8.57977e-11 1.73291e-10 3.40504e-10 6.51e-10 1.2112e-09 2.19321e-09 3.86549e-09 6.63155e-09 1.10744e-08 1.80019e-08 2.84833e-08 4.38641e-08 6.57409e-08 9.58781e-08 1.36052e-07 1.87818e-07 2.52217e-07 3.2946e-07 4.18656e-07 5.1766e-07 6.23113e-07 7.3069e-07 8.3555e-07 9.32877e-07 1.01839e-06 1.08869e-06 1.14141e-06 1.17507e-06 1.18891e-06 1.18263e-06 1.15634e-06 1.11055e-06 1.04646e-06 9.66148e-07 8.72706e-07 7.70187e-07 6.63297e-07 5.56915e-07 4.55553e-07 3.62884e-07 2.81434e-07 2.12492e-07 1.56203e-07 1.11809e-07 7.79436e-08 5.2927e-08 3.50142e-08 2.2571e-08 1.41793e-08 8.68171e-09 5.18133e-09 3.01431e-09 1.70946e-09 9.45056e-10 5.093e-10 2.67539e-10 1.36984e-10 6.83574e-11 3.32431e-11 1.57536e-11 7.27435e-12 3.27284e-12 1.43471e-12 6.128e-13 2.55043e-13 1.03439e-13 4.08877e-14 1.57545e-14 5.91847e-15 2.16823e-15 7.74821e-16 2.70159e-16 9.1937e-17 3.05456e-17 9.91145e-18 3.14218e-18 9.74402e-19 2.99218e-19 
3.12478e-19 2.55651e-19 6.59317e-19 2.23045e-18 7.56996e-18 2.50952e-17 8.10575e-17 2.54959e-16 7.80668e-16 2.32615e-15 6.74295e-15 1.90101e-14 5.21112e-14 1.38868e-13 3.59684e-13 9.05397e-13 2.21475e-12 5.26462e-12 1.21614e-11 2.7303e-11 5.95801e-11 1.26394e-10 2.6072e-10 5.23034e-10 1.02067e-09 1.9379e-09 3.58049e-09 6.43857e-09 1.127e-08 1.92039e-08 3.1857e-08 5.14501e-08 8.08963e-08 1.23828e-07 1.84514e-07 2.67622e-07 3.77793e-07 5.19015e-07 6.9385e-07 9.02621e-07 1.14272e-06 1.40823e-06 1.69008e-06 1.97675e-06 2.25542e-06 2.51343e-06 2.7396e-06 2.92514e-06 3.06391e-06 3.15219e-06 3.18804e-06 3.17074e-06 3.10052e-06 2.97875e-06 2.8085e-06 2.59517e-06 2.34685e-06 2.07415e-06 1.78944e-06 1.50561e-06 1.23462e-06 9.86246e-07 7.67321e-07 5.81406e-07 4.29056e-07 3.08412e-07 2.15971e-07 1.47358e-07 9.79794e-08 6.34938e-08 4.01062e-08 2.4695e-08 1.48235e-08 8.67448e-09 4.94868e-09 2.75216e-09 1.49201e-09 7.88395e-10 4.06021e-10 2.03769e-10 9.96467e-11 4.74765e-11 2.20369e-11 9.96441e-12 4.38908e-12 1.88332e-12 7.87272e-13 3.20641e-13 1.27253e-13 4.92204e-14 1.85585e-14 6.82283e-15 2.4464e-15 8.55766e-16 2.92135e-16 9.7354e-17 3.16821e-17 1.00726e-17 3.13236e-18 9.65046e-19 
9.92507e-19 8.29094e-19 2.15144e-18 7.25837e-18 2.45443e-17 8.10575e-17 2.60794e-16 8.17011e-16 2.4913e-15 7.39163e-15 2.13321e-14 5.9866e-14 1.6333e-13 4.33105e-13 1.11605e-12 2.79436e-12 6.79755e-12 1.60651e-11 3.68882e-11 8.23007e-11 1.78439e-10 3.76031e-10 7.7037e-10 1.53468e-09 2.97363e-09 5.60544e-09 1.02822e-08 1.83568e-08 3.19021e-08 5.39771e-08 8.89221e-08 1.42642e-07 2.2281e-07 3.38901e-07 5.01934e-07 7.23825e-07 1.01625e-06 1.38904e-06 1.84821e-06 2.39393e-06 3.01884e-06 3.70722e-06 4.43539e-06 5.17366e-06 5.88928e-06 6.55016e-06 7.12813e-06 7.60118e-06 7.9541e-06 8.17775e-06 8.26744e-06 8.22145e-06 8.04035e-06 7.72755e-06 7.29066e-06 6.7432e-06 6.10555e-06 5.40457e-06 4.67166e-06 3.93962e-06 3.2391e-06 2.59534e-06 2.02613e-06 1.54104e-06 1.14195e-06 8.24539e-07 5.80175e-07 3.97877e-07 2.65969e-07 1.7332e-07 1.10112e-07 6.82043e-08 4.11894e-08 2.42523e-08 1.39218e-08 7.79079e-09 4.2498e-09 2.25945e-09 1.17064e-09 5.90974e-10 2.90656e-10 1.39251e-10 6.49812e-11 2.95335e-11 1.30729e-11 5.63587e-12 2.36653e-12 9.67988e-13 3.85743e-13 1.49788e-13 5.669e-14 2.09166e-14 7.52588e-15 2.6414e-15 9.04607e-16 3.024e-16 9.8708e-17 3.14744e-17 9.81641e-18 3.03466e-18 
3.07281e-18 2.62057e-18 6.83918e-18 2.3007e-17 7.75051e-17 2.54959e-16 8.17011e-16 2.54898e-15 7.73959e-15 2.28629e-14 6.56843e-14 1.83474e-13 4.98142e-13 1.3143e-12 3.36907e-12 8.38959e-12 2.0293e-11 4.76771e-11 1.08804e-10 2.41206e-10 5.19519e-10 1.08734e-09 2.21201e-09 4.37498e-09 8.41502e-09 1.57451e-08 2.86659e-08 5.07948e-08 8.76193e-08 1.47158e-07 2.40677e-07 3.83349e-07 5.94693e-07 8.98557e-07 1.32238e-06 1.89544e-06 2.64602e-06 3.59736e-06 4.76284e-06 6.14115e-06 7.71232e-06 9.43594e-06 1.12525e-05 1.3088e-05 1.4862e-05 1.64959e-05 1.79213e-05 1.90852e-05 1.99514e-05 2.04981e-05 2.07146e-05 2.05969e-05 2.01464e-05 1.93711e-05 1.82892e-05 1.69333e-05 1.53529e-05 1.36135e-05 1.17918e-05 9.96854e-06 8.21943e-06 6.60734e-06 5.17713e-06 3.9536e-06 2.94271e-06 2.13494e-06 1.5099e-06 1.04107e-06 6.9988e-07 4.58777e-07 2.93248e-07 1.82779e-07 1.11089e-07 6.5833e-08 3.80373e-08 2.14248e-08 1.17626e-08 6.29364e-09 3.2812e-09 1.66655e-09 8.24501e-10 3.97269e-10 1.86403e-10 8.51649e-11 3.78878e-11 1.64126e-11 6.92342e-12 2.84435e-12 1.13823e-12 4.43766e-13 1.68598e-13 6.24369e-14 2.2545e-14 7.93989e-15 2.72822e-15 9.14945e-16 2.99584e-16 9.58171e-17 2.99744e-17 9.29923e-18 
9.27049e-18 8.07021e-18 2.11727e-17 7.10078e-17 2.38277e-16 7.80668e-16 2.4913e-15 7.73959e-15 2.33978e-14 6.88075e-14 1.96767e-13 5.46996e-13 1.47777e-12 3.87891e-12 9.89016e-12 2.44916e-11 5.88985e-11 1.37546e-10 3.11929e-10 6.87009e-10 1.46971e-09 3.05458e-09 6.16925e-09 1.21115e-08 2.31198e-08 4.29271e-08 7.75488e-08 1.36346e-07 2.33371e-07 3.88945e-07 6.31315e-07 9.98125e-07 1.53728e-06 2.30665e-06 3.37202e-06 4.80266e-06 6.6643e-06 9.00947e-06 1.18663e-05 1.52271e-05 1.90398e-05 2.32043e-05 2.75762e-05 3.19785e-05 3.62198e-05 4.01151e-05 4.35048e-05 4.62659e-05 4.83152e-05 4.96039e-05 5.01076e-05 4.98178e-05 4.87375e-05 4.6885e-05 4.43021e-05 4.10644e-05 3.72871e-05 3.3124e-05 2.87561e-05 2.43746e-05 2.01597e-05 1.62626e-05 1.27925e-05 9.81163e-06 7.33746e-06 5.35047e-06 3.80462e-06 2.63835e-06 1.78435e-06 1.17697e-06 7.57167e-07 4.75057e-07 2.90671e-07 1.73427e-07 1.00887e-07 5.7212e-08 3.16221e-08 1.70316e-08 8.93697e-09 4.56776e-09 2.27359e-09 1.10191e-09 5.19942e-10 2.38837e-10 1.06801e-10 4.64928e-11 1.97047e-11 8.13168e-12 3.26808e-12 1.27938e-12 4.87991e-13 1.81405e-13 6.57423e-14 2.3235e-14 8.0111e-15 2.69556e-15 8.85468e-16 2.84096e-16 8.91521e-17 2.77607e-17 
2.72475e-17 2.42074e-17 6.38143e-17 2.13327e-16 7.1296e-16 2.32615e-15 7.39163e-15 2.28629e-14 6.88075e-14 2.01414e-13 5.73242e-13 1.58575e-12 4.26234e-12 1.11292e-11 2.82214e-11 6.94897e-11 1.66126e-10 3.8557e-10 8.68806e-10 1.90077e-09 4.03817e-09 8.33264e-09 1.67046e-08 3.2545e-08 6.16418e-08 1.13544e-07 2.03474e-07 3.54861e-07 6.02489e-07 9.96098e-07 1.60406e-06 2.51647e-06 3.84662e-06 5.72976e-06 8.3176e-06 1.17676e-05 1.62261e-05 2.18064e-05 2.85634e-05 3.64685e-05 4.53914e-05 5.50928e-05 6.52353e-05 7.54106e-05 8.51813e-05 9.41289e-05 0.000101894 0.000108204 0.000112874 0.0001158 0.000116929 0.000116243 0.000113749 0.000109486 0.000103547 9.60985e-05 8.74005e-05 7.7799e-05 6.77049e-05 5.75539e-05 4.77598e-05 3.86726e-05 3.05489e-05 2.35393e-05 1.76924e-05 1.29714e-05 9.27704e-06 6.47248e-06 4.40532e-06 2.925e-06 1.89453e-06 1.19693e-06 7.37536e-07 4.43182e-07 2.5965e-07 1.48289e-07 8.25362e-08 4.47592e-08 2.36437e-08 1.2163e-08 6.09207e-09 2.97036e-09 1.40968e-09 6.51118e-10 2.92699e-10 1.28061e-10 5.45368e-11 2.26098e-11 9.12683e-12 3.58807e-12 1.37415e-12 5.12821e-13 1.86552e-13 6.61729e-14 2.28963e-14 7.73059e-15 2.54795e-15 8.20166e-16 2.58217e-16 8.07144e-17 
7.80031e-17 7.07084e-17 1.87202e-16 6.23669e-16 2.07565e-15 6.74295e-15 2.13321e-14 6.56843e-14 1.96767e-13 5.73242e-13 1.62352e-12 4.46848e-12 1.19483e-11 3.10294e-11 7.82448e-11 1.91544e-10 4.55152e-10 1.04975e-09 2.34993e-09 5.10615e-09 1.07712e-08 2.20629e-08 4.38941e-08 8.4848e-08 1.59416e-07 2.91238e-07 5.17571e-07 8.9509e-07 1.50696e-06 2.47069e-06 3.94588e-06 6.14029e-06 9.31195e-06 1.37648e-05 1.98351e-05 2.78657e-05 3.81687e-05 5.09763e-05 6.6386e-05 8.43085e-05 0.00010443 0.000126201 0.000148862 0.000171508 0.000193179 0.000212962 0.000230083 0.000243959 0.000254203 0.000260594 0.000263028 0.000261469 0.00025593 0.000246493 0.00023335 0.000216861 0.000197581 0.000176262 0.000153798 0.000131145 0.000109218 8.87957e-05 7.04601e-05 5.45624e-05 4.12309e-05 3.04038e-05 2.18783e-05 1.5363e-05 1.0527e-05 7.03849e-06 4.59159e-06 2.92215e-06 1.81397e-06 1.09814e-06 6.48171e-07 3.72913e-07 2.09069e-07 1.14184e-07 6.07343e-08 3.14525e-08 1.58551e-08 7.77846e-09 3.71338e-09 1.72489e-09 7.79592e-10 3.42849e-10 1.46729e-10 6.1118e-11 2.47831e-11 9.78548e-12 3.7633e-12 1.41011e-12 5.14963e-13 1.83357e-13 6.36756e-14 2.1576e-14 7.13606e-15 2.30488e-15 7.28125e-16 2.28515e-16 
2.17459e-16 2.01073e-16 5.34381e-16 1.77388e-15 5.87806e-15 1.90101e-14 5.9866e-14 1.83474e-13 5.46996e-13 1.58575e-12 4.46848e-12 1.2235e-11 3.254e-11 8.40377e-11 2.10698e-10 5.12725e-10 1.21082e-09 2.77465e-09 6.16969e-09 1.33128e-08 2.78794e-08 5.66763e-08 1.11879e-07 2.14525e-07 3.99725e-07 7.24087e-07 1.27574e-06 2.18712e-06 3.6501e-06 5.93242e-06 9.39308e-06 1.44932e-05 2.1798e-05 3.19637e-05 4.57047e-05 6.37363e-05 8.66929e-05 0.000115024 0.000148882 0.000188017 0.000231703 0.000278728 0.000327449 0.000375935 0.000422163 0.000464228 0.000500528 0.000529868 0.000551467 0.000564892 0.000569938 0.000566537 0.000554717 0.000534634 0.000506678 0.000471577 0.00043048 0.000384945 0.000336847 0.000288197 0.000240936 0.000196738 0.00015687 0.000122121 9.28139e-05 6.88633e-05 4.98772e-05 3.52643e-05 2.43365e-05 1.63919e-05 1.07743e-05 6.90978e-06 4.32276e-06 2.63736e-06 1.56879e-06 9.0951e-07 5.13751e-07 2.82653e-07 1.51415e-07 7.89539e-08 4.00641e-08 1.97801e-08 9.50024e-09 4.43856e-09 2.0172e-09 8.91827e-10 3.83609e-10 1.60564e-10 6.54117e-11 2.59432e-11 1.00204e-11 3.77031e-12 1.38247e-12 4.94169e-13 1.72269e-13 5.85889e-14 1.94481e-14 6.30389e-15 1.99851e-15 6.29846e-16 
5.90271e-16 5.5656e-16 1.48404e-15 4.90744e-15 1.61883e-14 5.21112e-14 1.6333e-13 4.98142e-13 1.47777e-12 4.26234e-12 1.19483e-11 3.254e-11 8.60658e-11 2.21008e-10 5.50846e-10 1.33229e-09 3.12633e-09 7.11699e-09 1.57169e-08 3.36719e-08 6.99927e-08 1.41193e-07 2.76489e-07 5.25781e-07 9.71359e-07 1.74424e-06 3.04582e-06 5.17473e-06 8.55797e-06 1.37833e-05 2.16279e-05 3.30764e-05 4.93173e-05 7.17098e-05 0.000101708 0.000140736 0.00019002 0.000250379 0.000321997 0.00040423 0.000495474 0.000593152 0.000693858 0.00079364 0.000888404 0.00097434 0.00104827 0.00110786 0.00115161 0.00117869 0.00118874 0.00118163 0.00115742 0.00111638 0.00105926 0.00098749 0.000903321 0.00080986 0.000710864 0.000610399 0.000512419 0.000420378 0.00033693 0.000263786 0.000201712 0.000150643 0.000109867 7.82435e-05 5.44057e-05 3.69309e-05 2.44682e-05 1.58191e-05 9.97719e-06 6.13688e-06 3.67999e-06 2.15052e-06 1.22425e-06 6.7867e-07 3.66234e-07 1.92322e-07 9.82551e-08 4.88258e-08 2.35968e-08 1.10902e-08 5.06885e-09 2.25319e-09 9.74237e-10 4.09818e-10 1.67757e-10 6.68433e-11 2.59332e-11 9.79999e-12 3.60847e-12 1.29513e-12 4.53281e-13 1.5476e-13 5.15659e-14 1.67766e-14 5.33842e-15 1.68983e-15 
1.55984e-15 1.49923e-15 4.00882e-15 1.32029e-14 4.33482e-14 1.38868e-13 4.33105e-13 1.3143e-12 3.87891e-12 1.11292e-11 3.10294e-11 8.40377e-11 2.21008e-10 5.64197e-10 1.3977e-09 3.35931e-09 7.83172e-09 1.77084e-08 3.88326e-08 8.25884e-08 1.70372e-07 3.40973e-07 6.62241e-07 1.24867e-06 2.2867e-06 4.06931e-06 7.0407e-06 1.18505e-05 1.94143e-05 3.09742e-05 4.81485e-05 7.29554e-05 0.000107794 0.000155358 0.000218476 0.000299852 0.000401729 0.000525485 0.000671214 0.000837371 0.00102055 0.00121551 0.00141546 0.00161265 0.00179916 0.00196768 0.0021122 0.00222835 0.00231336 0.00236579 0.002385 0.00237077 0.00232318 0.00224274 0.00213079 0.00198994 0.00182448 0.0016403 0.00144461 0.00124529 0.00105007 0.000865781 0.000697774 0.000549611 0.000423028 0.000318131 0.00023373 0.000167738 0.000117568 8.0462e-05 5.37569e-05 3.50502e-05 2.22952e-05 1.38304e-05 8.36333e-06 4.92784e-06 2.82799e-06 1.58002e-06 8.59088e-07 4.54423e-07 2.33781e-07 1.16949e-07 5.68812e-08 2.68968e-08 1.23652e-08 5.52734e-09 2.40275e-09 1.01595e-09 4.1794e-10 1.67328e-10 6.52198e-11 2.4757e-11 9.15568e-12 3.30009e-12 1.15978e-12 3.97579e-13 1.32998e-13 4.34383e-14 1.38761e-14 4.41254e-15 
4.01262e-15 3.92979e-15 1.05319e-14 3.45386e-14 1.12843e-13 3.59684e-13 1.11605e-12 3.36907e-12 9.89016e-12 2.82214e-11 7.82448e-11 2.10698e-10 5.50846e-10 1.3977e-09 3.44093e-09 8.21678e-09 1.90283e-08 4.27274e-08 9.30232e-08 1.96362e-07 4.0193e-07 7.9791e-07 1.53672e-06 2.87234e-06 5.21294e-06 9.19103e-06 1.57519e-05 2.62576e-05 4.25986e-05 6.72992e-05 0.000103596 0.000155458 0.000227521 0.000324894 0.000452818 0.000616167 0.000818803 0.00106284 0.00134788 0.00167046 0.00202366 0.00239724 0.00277825 0.00315216 0.00350425 0.00382118 0.00409205 0.00430909 0.0044675 0.0045648 0.00459999 0.00457275 0.00448317 0.00433206 0.0041217 0.00385672 0.00354478 0.0031966 0.00282543 0.00244584 0.00207231 0.00171782 0.00139271 0.00110409 0.000855727 0.000648309 0.000480034 0.000347312 0.000245486 0.000169464 0.000114219 7.51356e-05 4.822e-05 3.01777e-05 1.84084e-05 1.09396e-05 6.33043e-06 3.56543e-06 1.9537e-06 1.04116e-06 5.39475e-07 2.71725e-07 1.33027e-07 6.32982e-08 2.92751e-08 1.31616e-08 5.75311e-09 2.44555e-09 1.01123e-09 4.06878e-10 1.59355e-10 6.07736e-11 2.25779e-11 8.17417e-12 2.8852e-12 9.9325e-13 3.3364e-13 1.09413e-13 3.50936e-14 1.12133e-14 
1.00478e-14 1.00224e-14 2.69076e-14 8.78446e-14 2.8554e-13 9.05397e-13 2.79436e-12 8.38959e-12 2.44916e-11 6.94897e-11 1.91544e-10 5.12725e-10 1.33229e-09 3.35931e-09 8.21678e-09 1.94908e-08 4.48262e-08 9.99397e-08 2.15977e-07 4.52415e-07 9.18674e-07 1.80867e-06 3.45348e-06 6.39758e-06 1.15039e-05 2.00903e-05 3.40964e-05 5.62724e-05 9.03735e-05 0.00014133 0.000215351 0.000319916 0.000463588 0.000655606 0.000905208 0.0012207 0.00160828 0.00207076 0.00260636 0.00320766 0.00386124 0.00454796 0.00524419 0.00592382 0.00656085 0.00713192 0.00761828 0.00800676 0.00828942 0.0084624 0.00852419 0.00847434 0.00831294 0.00804116 0.00766265 0.00718515 0.00662169 0.00599088 0.00531588 0.00462254 0.00393677 0.00328215 0.00267788 0.0021376 0.00166904 0.00127444 0.00095146 0.000694333 0.000495138 0.00034492 0.000234628 0.000155782 0.000100907 6.37337e-05 3.92303e-05 2.35202e-05 1.37276e-05 7.79602e-06 4.30609e-06 2.31243e-06 1.207e-06 6.12228e-07 3.01748e-07 1.44508e-07 6.72486e-08 3.0414e-08 1.33705e-08 5.71503e-09 2.3758e-09 9.60876e-10 3.78222e-10 1.4495e-10 5.41065e-11 1.968e-11 6.97787e-12 2.41284e-12 8.14014e-13 2.68083e-13 8.63529e-14 2.77307e-14 
2.44905e-14 2.48689e-14 6.68491e-14 2.17208e-13 7.02293e-13 2.21475e-12 6.79755e-12 2.0293e-11 5.88985e-11 1.66126e-10 4.55152e-10 1.21082e-09 3.12633e-09 7.83172e-09 1.90283e-08 4.48262e-08 1.02364e-07 2.26548e-07 4.85875e-07 1.00978e-06 2.03375e-06 3.97012e-06 7.5139e-06 1.37926e-05 2.45674e-05 4.24864e-05 7.13844e-05 0.000116607 0.000185324 0.000286777 0.000432383 0.00063562 0.000911584 0.00127617 0.00174479 0.00233075 0.00304321 0.0038851 0.00485117 0.00592659 0.00708643 0.00829648 0.00951551 0.0106988 0.0118024 0.0127875 0.0136233 0.0142887 0.0147714 0.0150656 0.0151695 0.0150824 0.0148043 0.0143368 0.0136852 0.0128617 0.0118875 0.0107931 0.0096172 0.00840348 0.00719632 0.00603668 0.00495866 0.0039873 0.00313781 0.00241597 0.00181949 0.00133987 0.000964432 0.000678268 0.000465854 0.000312315 0.000204261 0.000130248 8.09245e-05 4.89615e-05 2.883e-05 1.65128e-05 9.19578e-06 4.97723e-06 2.61756e-06 1.33733e-06 6.63704e-07 3.19967e-07 1.49853e-07 6.81906e-08 3.0156e-08 1.29638e-08 5.41918e-09 2.20359e-09 8.71938e-10 3.35869e-10 1.25998e-10 4.60517e-11 1.6406e-11 5.69933e-12 1.93151e-12 6.38953e-13 2.06733e-13 6.67374e-14 
5.81061e-14 6.00359e-14 1.61497e-13 5.22134e-13 1.67889e-12 5.26462e-12 1.60651e-11 4.76771e-11 1.37546e-10 3.8557e-10 1.04975e-09 2.77465e-09 7.11699e-09 1.77084e-08 4.27274e-08 9.99397e-08 2.26548e-07 4.97601e-07 1.05887e-06 2.18286e-06 4.3596e-06 8.43661e-06 1.58235e-05 2.87747e-05 5.07581e-05 8.69038e-05 0.000144513 0.00023358 0.000367251 0.000562136 0.000838324 0.001219 0.00172949 0.00239572 0.00324197 0.00428804 0.00554607 0.00701727 0.0086891 0.0105333 0.0125059 0.0145483 0.0165919 0.0185637 0.0203929 0.0220182 0.0233918 0.0244816 0.0252696 0.0257482 0.0259152 0.02577 0.0253124 0.0245438 0.0234717 0.0221139 0.0205027 0.018686 0.0167252 0.0146906 0.0126545 0.0106852 0.00884035 0.00716412 0.00568489 0.00441575 0.00335628 0.00249524 0.00181376 0.00128838 0.00089385 0.000605321 0.000399876 0.000257509 0.000161545 9.86605e-05 5.86241e-05 3.3873e-05 1.90228e-05 1.03796e-05 5.50111e-06 2.8315e-06 1.4153e-06 6.86998e-07 3.23879e-07 1.48322e-07 6.59979e-08 2.85416e-08 1.20003e-08 4.90719e-09 1.95239e-09 7.5608e-10 2.85116e-10 1.0474e-10 3.74996e-11 1.30905e-11 4.45749e-12 1.48144e-12 4.81553e-13 1.56306e-13 
1.34203e-13 1.41007e-13 3.79398e-13 1.22025e-12 3.90118e-12 1.21614e-11 3.68882e-11 1.08804e-10 3.11929e-10 8.68806e-10 2.34993e-09 6.16969e-09 1.57169e-08 3.88326e-08 9.30232e-08 2.15977e-07 4.85875e-07 1.05887e-06 2.23511e-06 4.56938e-06 9.04749e-06 1.73527e-05 3.22461e-05 5.80784e-05 0.000101435 0.000171894 0.000282834 0.000452211 0.000703161 0.00106427 0.0015693 0.00225624 0.00316544 0.00433682 0.00580611 0.0076004 0.00973328 0.0122001 0.0149744 0.0180053 0.0212183 0.0245183 0.0277963 0.0309387 0.0338376 0.0364006 0.0385575 0.0402626 0.0414915 0.0422351 0.0424919 0.0422613 0.0415425 0.0403362 0.0386514 0.0365125 0.033966 0.0310829 0.0279555 0.0246913 0.0214032 0.0181987 0.0151721 0.0123971 0.00992424 0.00778052 0.0059713 0.00448409 0.00329304 0.00236367 0.00165717 0.00113405 0.000756964 0.000492454 0.000312022 0.00019241 0.000115401 6.72806e-05 3.8112e-05 2.09685e-05 1.12021e-05 5.81015e-06 2.9256e-06 1.43021e-06 6.7889e-07 3.12966e-07 1.40153e-07 6.0989e-08 2.57983e-08 1.06117e-08 4.24624e-09 1.65361e-09 6.26977e-10 2.31554e-10 8.33342e-11 2.92386e-11 1.00057e-11 3.34154e-12 1.09147e-12 3.56298e-13 
3.01754e-13 3.22233e-13 8.66784e-13 2.7727e-12 8.81192e-12 2.7303e-11 8.23007e-11 2.41206e-10 6.87009e-10 1.90077e-09 5.10615e-09 1.33128e-08 3.36719e-08 8.25884e-08 1.96362e-07 4.52415e-07 1.00978e-06 2.18286e-06 4.56938e-06 9.26146e-06 1.81758e-05 3.45417e-05 6.3581e-05 0.000113395 0.000196042 0.000328739 0.000535074 0.000846033 0.00130064 0.00194595 0.00283607 0.00403013 0.00558888 0.00756997 0.0100221 0.0129783 0.0164491 0.0204165 0.0248291 0.0296004 0.0346103 0.0397115 0.0447394 0.0495261 0.053915 0.0577751 0.0610091 0.0635559 0.0653853 0.0664884 0.0668654 0.0665168 0.0654401 0.0636339 0.0611071 0.0578907 0.0540473 0.0496757 0.0449076 0.0398993 0.0348173 0.0298245 0.0250661 0.0206606 0.0166935 0.0132159 0.0102464 0.0077756 0.00577182 0.0041881 0.00296844 0.00205355 0.00138547 0.000910845 0.000583049 0.000363122 0.000219884 0.000129384 7.39442e-05 4.10312e-05 2.21007e-05 1.15538e-05 5.86215e-06 2.88691e-06 1.38013e-06 6.40627e-07 2.88811e-07 1.26497e-07 5.38471e-08 2.22857e-08 8.97116e-09 3.51409e-09 1.34001e-09 4.9765e-10 1.80074e-10 6.35161e-11 2.18483e-11 7.33352e-12 2.40751e-12 7.90545e-13 
6.60589e-13 7.16508e-13 1.92598e-12 6.12624e-12 1.93508e-11 5.95801e-11 1.78439e-10 5.19519e-10 1.46971e-09 4.03817e-09 1.07712e-08 2.78794e-08 6.99927e-08 1.70372e-07 4.0193e-07 9.18674e-07 2.03375e-06 4.3596e-06 9.04749e-06 1.81758e-05 3.53454e-05 6.654e-05 0.000121292 0.000214151 0.000366397 0.000607831 0.000978429 0.00152951 0.00232412 0.00343618 0.00494821 0.00694732 0.00951945 0.012742 0.016675 0.0213523 0.0267722 0.0328905 0.0396154 0.0468071 0.0542822 0.061823 0.0691936 0.0761586 0.0825035 0.0880526 0.0926795 0.0963085 0.0989064 0.100467 0.100996 0.100494 0.0989575 0.0963794 0.0927658 0.0881516 0.0826154 0.0762861 0.0693413 0.0619956 0.0544828 0.0470362 0.0398703 0.0331656 0.0270597 0.0216429 0.0169595 0.0130115 0.00976681 0.00716723 0.0051376 0.00359418 0.00245177 0.00162936 0.00105399 0.000663133 0.000405516 0.000240882 0.000138928 7.77699e-05 4.22452e-05 2.22658e-05 1.13866e-05 5.65048e-06 2.72133e-06 1.27228e-06 5.77588e-07 2.547e-07 1.09138e-07 4.54604e-08 1.84152e-08 7.25759e-09 2.78402e-09 1.03993e-09 3.78433e-10 1.34219e-10 4.6417e-11 1.5662e-11 5.16856e-12 1.70754e-12 
1.40812e-12 1.55035e-12 4.16259e-12 1.31636e-11 4.13182e-11 1.26394e-10 3.76031e-10 1.08734e-09 3.05458e-09 8.33264e-09 2.20629e-08 5.66763e-08 1.41193e-07 3.40973e-07 7.9791e-07 1.80867e-06 3.97012e-06 8.43661e-06 1.73527e-05 3.45417e-05 6.654e-05 0.000124054 0.000223877 0.000391212 0.000662235 0.00108659 0.00172938 0.00267213 0.00401222 0.00586035 0.00833584 0.0115595 0.0156447 0.0206862 0.0267488 0.0338551 0.0419758 0.0510216 0.0608399 0.0712168 0.0818855 0.0925417 0.102864 0.112541 0.121295 0.128906 0.135219 0.140149 0.143666 0.145772 0.146479 0.145793 0.143704 0.140198 0.135273 0.128962 0.121355 0.11261 0.102951 0.0926563 0.0820364 0.071409 0.0610744 0.0512948 0.04228 0.0341799 0.027082 0.0210154 0.0159584 0.0118481 0.00859237 0.00608076 0.00419526 0.00281905 0.00184331 0.0011719 0.00072389 0.000434201 0.000252782 0.00014279 7.82452e-05 4.15899e-05 2.14436e-05 1.07258e-05 5.20558e-06 2.452e-06 1.12128e-06 4.97967e-07 2.14854e-07 9.00976e-08 3.67363e-08 1.45705e-08 5.62401e-09 2.11349e-09 7.73627e-10 2.75953e-10 9.59646e-11 3.2556e-11 1.08016e-11 3.59095e-12 
2.92297e-12 3.26463e-12 8.7518e-12 2.75114e-11 8.57977e-11 2.6072e-10 7.7037e-10 2.21201e-09 6.16925e-09 1.67046e-08 4.38941e-08 1.11879e-07 2.76489e-07 6.62241e-07 1.53672e-06 3.45348e-06 7.5139e-06 1.58235e-05 3.22461e-05 6.3581e-05 0.000121292 0.000223877 0.000399884 0.000691404 0.00115768 0.00187828 0.00295503 0.00451198 0.0066928 0.0096551 0.0135617 0.0185694 0.0248153 0.0324021 0.0413838 0.0517523 0.063427 0.0762489 0.0899802 0.104311 0.118875 0.133267 0.147075 0.159909 0.171432 0.181384 0.189596 0.19598 0.200517 0.203224 0.204128 0.203235 0.200533 0.195994 0.189599 0.181373 0.171407 0.15988 0.147056 0.133274 0.118923 0.104413 0.0901412 0.0764705 0.0637041 0.0520748 0.0417379 0.0327721 0.0251852 0.0189244 0.0138893 0.00994629 0.00694233 0.00471815 0.00311926 0.00200439 0.00125098 0.000757891 0.000445506 0.000254015 0.000140457 7.53141e-05 3.91628e-05 1.97511e-05 9.66299e-06 4.58722e-06 2.11368e-06 9.45657e-07 4.10957e-07 1.73542e-07 7.12428e-08 2.84443e-08 1.10499e-08 4.17855e-09 1.53883e-09 5.52145e-10 1.93113e-10 6.58789e-11 2.19785e-11 7.35366e-12 
5.90909e-12 6.69057e-12 1.79021e-11 5.59328e-11 1.73291e-10 5.23034e-10 1.53468e-09 4.37498e-09 1.21115e-08 3.2545e-08 8.4848e-08 2.14525e-07 5.25781e-07 1.24867e-06 2.87234e-06 6.39758e-06 1.37926e-05 2.87747e-05 5.80784e-05 0.000113395 0.000214151 0.000391212 0.000691404 0.0011825 0.00195795 0.00314037 0.00488261 0.00736541 0.0107908 0.0153713 0.0213156 0.0288111 0.038006 0.0489909 0.0617834 0.0763146 0.0924221 0.109848 0.128246 0.14719 0.166204 0.18478 0.202419 0.218663 0.233131 0.24554 0.255719 0.263594 0.269169 0.272486 0.273586 0.272484 0.269159 0.263564 0.255658 0.245443 0.232998 0.218506 0.202256 0.184634 0.166097 0.147143 0.128273 0.109957 0.0926134 0.0765814 0.0621128 0.0493656 0.038406 0.0292163 0.0217073 0.0157341 0.0111132 0.00764077 0.00510872 0.00331888 0.00209345 0.00128137 0.00076075 0.00043796 0.000244444 0.000132269 6.93888e-05 3.52967e-05 1.74133e-05 8.33387e-06 3.87051e-06 1.74502e-06 7.64028e-07 3.24991e-07 1.3436e-07 5.40131e-08 2.11226e-08 8.03918e-09 2.97913e-09 1.07541e-09 3.78335e-10 1.29801e-10 4.35486e-11 1.46661e-11 
1.16348e-11 1.33459e-11 3.56314e-11 1.10637e-10 3.40504e-10 1.02067e-09 2.97363e-09 8.41502e-09 2.31198e-08 6.16418e-08 1.59416e-07 3.99725e-07 9.71359e-07 2.2867e-06 5.21294e-06 1.15039e-05 2.45674e-05 5.07581e-05 0.000101435 0.000196042 0.000366397 0.000662235 0.00115768 0.00195795 0.00320496 0.00508039 0.00780436 0.0116285 0.016823 0.0236582 0.0323821 0.0431969 0.0562363 0.0715459 0.089069 0.108638 0.129973 0.152689 0.176309 0.200286 0.224031 0.246947 0.268467 0.28809 0.305416 0.320166 0.332188 0.341442 0.347967 0.351836 0.353114 0.351822 0.347929 0.341367 0.332061 0.319979 0.305168 0.287793 0.268141 0.24662 0.223732 0.200044 0.176147 0.152624 0.130014 0.108784 0.089313 0.0718716 0.0566225 0.0436195 0.0328165 0.0240815 0.0172162 0.0119776 0.00810117 0.00532218 0.00339377 0.00209933 0.00125921 0.000732182 0.00041264 0.000225394 0.000119331 6.12454e-05 3.04782e-05 1.47103e-05 6.88824e-06 3.13042e-06 1.38126e-06 5.91968e-07 2.46524e-07 9.98046e-08 3.92974e-08 1.50555e-08 5.61495e-09 2.03944e-09 7.21775e-10 2.49063e-10 8.40398e-11 2.84903e-11 
2.23133e-11 2.59124e-11 6.9011e-11 2.12946e-10 6.51e-10 1.9379e-09 5.60544e-09 1.57451e-08 4.29271e-08 1.13544e-07 2.91238e-07 7.24087e-07 1.74424e-06 4.06931e-06 9.19103e-06 2.00903e-05 4.24864e-05 8.69038e-05 0.000171894 0.000328739 0.000607831 0.00108659 0.00187828 0.00314037 0.00508039 0.00795705 0.0120741 0.0177661 0.0253752 0.0352231 0.0475787 0.0626284 0.0804511 0.101001 0.124099 0.149437 0.176581 0.204998 0.23407 0.263135 0.29151 0.318538 0.343618 0.366245 0.386037 0.402751 0.416282 0.42664 0.433913 0.438213 0.439628 0.438189 0.433856 0.426532 0.416105 0.402492 0.385693 0.365824 0.34314 0.318032 0.291011 0.262675 0.233684 0.204711 0.176414 0.149398 0.12419 0.101212 0.0807636 0.0630181 0.0480172 0.0356809 0.025825 0.0181848 0.0124449 0.00827007 0.00533271 0.00333475 0.00202151 0.00118759 0.000676044 0.000372895 0.00019931 0.000103244 5.1843e-05 2.52418e-05 1.19205e-05 5.46218e-06 2.42942e-06 1.04926e-06 4.40241e-07 1.79522e-07 7.11802e-08 2.74546e-08 1.03058e-08 3.76675e-09 1.34115e-09 4.65496e-10 1.57976e-10 5.39132e-11 
4.16813e-11 4.89725e-11 1.30075e-10 3.98859e-10 1.2112e-09 3.58049e-09 1.02822e-08 2.86659e-08 7.75488e-08 2.03474e-07 5.17571e-07 1.27574e-06 3.04582e-06 7.0407e-06 1.57519e-05 3.40964e-05 7.13844e-05 0.000144513 0.000282834 0.000535074 0.000978429 0.00172938 0.00295503 0.00488261 0.00780436 0.0120741 0.0180934 0.0262852 0.0370586 0.0507667 0.0676653 0.0878785 0.111375 0.137962 0.167285 0.198851 0.232049 0.266185 0.300513 0.334277 0.366742 0.397233 0.425166 0.45008 0.471654 0.489714 0.504229 0.515275 0.522996 0.527547 0.529042 0.527521 0.522933 0.515155 0.50403 0.489419 0.471254 0.44958 0.424581 0.396588 0.366071 0.333617 0.299902 0.265658 0.231637 0.198576 0.167161 0.137989 0.111545 0.0881711 0.0680532 0.0512169 0.0375363 0.0267575 0.0185328 0.012461 0.00812761 0.00513961 0.00314976 0.0018702 0.00107572 0.000599373 0.000323527 0.000169201 8.57558e-05 4.21319e-05 2.00716e-05 9.2753e-06 4.15928e-06 1.81063e-06 7.65505e-07 3.14461e-07 1.25569e-07 4.87638e-08 1.84252e-08 6.77698e-09 2.42762e-09 8.47538e-10 2.89294e-10 9.93899e-11 
7.58384e-11 9.00906e-11 2.386e-10 7.27082e-10 2.19321e-09 6.43857e-09 1.83568e-08 5.07948e-08 1.36346e-07 3.54861e-07 8.9509e-07 2.18712e-06 5.17473e-06 1.18505e-05 2.62576e-05 5.62724e-05 0.000116607 0.00023358 0.000452211 0.000846033 0.00152951 0.00267213 0.00451198 0.00736541 0.0116285 0.0177661 0.0262852 0.0376939 0.0524488 0.070899 0.0932365 0.119461 0.149368 0.182551 0.218436 0.256311 0.295378 0.334793 0.373713 0.411335 0.446924 0.479848 0.509599 0.535808 0.558257 0.576875 0.59172 0.602946 0.610756 0.615345 0.616853 0.615325 0.610703 0.60284 0.591536 0.576591 0.55786 0.535293 0.508975 0.479134 0.446146 0.410528 0.372917 0.334046 0.29472 0.255777 0.218053 0.182337 0.149327 0.119587 0.093508 0.0712853 0.0529111 0.0381907 0.0267773 0.0182216 0.0120253 0.00769219 0.00476729 0.00286181 0.00166378 0.000936739 0.000510781 0.000269776 0.000138042 6.84506e-05 3.29028e-05 1.53367e-05 6.93491e-06 3.04325e-06 1.29662e-06 5.36607e-07 2.1581e-07 8.43845e-08 3.20949e-08 1.18796e-08 4.28132e-09 1.50346e-09 5.16139e-10 1.78508e-10 
1.34397e-10 1.61316e-10 4.25951e-10 1.28997e-09 3.86549e-09 1.127e-08 3.19021e-08 8.76193e-08 2.33371e-07 6.02489e-07 1.50696e-06 3.6501e-06 8.55797e-06 1.94143e-05 4.25986e-05 9.03735e-05 0.000185324 0.000367251 0.000703161 0.00130064 0.00232412 0.00401222 0.0066928 0.0107908 0.016823 0.0253752 0.0370586 0.0524488 0.0720149 0.0960496 0.124615 0.157517 0.194304 0.234307 0.276689 0.32051 0.364796 0.408591 0.451008 0.491257 0.528675 0.562736 0.593062 0.619425 0.641741 0.660062 0.674547 0.685425 0.692955 0.697366 0.698817 0.697359 0.692928 0.685358 0.674414 0.659839 0.641408 0.61897 0.592484 0.562043 0.527884 0.490393 0.450104 0.407686 0.363931 0.31973 0.276035 0.233815 0.193999 0.15741 0.124702 0.096307 0.0724067 0.0529283 0.0375759 0.0258849 0.0172893 0.0111904 0.00701574 0.00425926 0.00250357 0.00142471 0.000784974 0.000418794 0.000216395 0.00010832 5.25428e-05 2.47069e-05 1.12664e-05 4.98426e-06 2.14018e-06 8.92342e-07 3.61452e-07 1.42303e-07 5.44801e-08 2.02923e-08 7.35736e-09 2.59865e-09 8.97212e-10 3.12354e-10 
2.31961e-10 2.81138e-10 7.40031e-10 2.22751e-09 6.63155e-09 1.92039e-08 5.39771e-08 1.47158e-07 3.88945e-07 9.96098e-07 2.47069e-06 5.93242e-06 1.37833e-05 3.09742e-05 6.72992e-05 0.00014133 0.000286777 0.000562136 0.00106427 0.00194595 0.00343618 0.00586035 0.0096551 0.0153713 0.0236582 0.0352231 0.0507667 0.070899 0.0960496 0.126387 0.16177 0.201734 0.245523 0.29216 0.340533 0.38949 0.43792 0.484814 0.529309 0.570709 0.608486 0.642284 0.6719 0.69728 0.718492 0.735717 0.749209 0.759268 0.766192 0.770236 0.771569 0.770246 0.766201 0.759257 0.749153 0.735591 0.718273 0.696948 0.671446 0.641702 0.60778 0.56989 0.528399 0.483841 0.436924 0.388518 0.339635 0.291388 0.244925 0.201346 0.161611 0.126451 0.0963098 0.0713099 0.0512711 0.0357627 0.0241818 0.0158412 0.0100493 0.00617164 0.00366861 0.00211062 0.00117527 0.000633484 0.000330584 0.000167065 8.17858e-05 3.87982e-05 1.78425e-05 7.95776e-06 3.44359e-06 1.44651e-06 5.901e-07 2.33906e-07 9.01331e-08 3.37812e-08 1.2321e-08 4.37671e-09 1.5196e-09 5.3248e-10 
3.89876e-10 4.7684e-10 1.25119e-09 3.74364e-09 1.10744e-08 3.1857e-08 8.89221e-08 2.40677e-07 6.31315e-07 1.60406e-06 3.94588e-06 9.39308e-06 2.16279e-05 4.81485e-05 0.000103596 0.000215351 0.000432383 0.000838324 0.0015693 0.00283607 0.00494821 0.00833584 0.0135617 0.0213156 0.0323821 0.0475787 0.0676653 0.0932365 0.124615 0.16177 0.204278 0.25134 0.301851 0.354512 0.407952 0.46085 0.512023 0.560489 0.60549 0.646494 0.683174 0.715386 0.743133 0.766545 0.785847 0.801333 0.813343 0.822225 0.828303 0.831842 0.833012 0.831871 0.828351 0.822276 0.813375 0.801323 0.785769 0.766379 0.742859 0.714987 0.68264 0.64582 0.60468 0.559557 0.510996 0.459768 0.40687 0.353494 0.300966 0.25065 0.20383 0.161585 0.124685 0.0935233 0.0681109 0.0481148 0.0329427 0.0218466 0.0140263 0.00871559 0.00524024 0.00304837 0.00171573 0.000934415 0.000492509 0.000251292 0.000124155 5.94189e-05 2.75568e-05 1.23898e-05 5.40294e-06 2.28629e-06 9.39256e-07 3.74807e-07 1.45354e-07 5.48111e-08 2.01081e-08 7.18287e-09 2.50765e-09 8.8431e-10 
6.38071e-10 7.8703e-10 2.05851e-09 6.12335e-09 1.80019e-08 5.14501e-08 1.42642e-07 3.83349e-07 9.98125e-07 2.51647e-06 6.14029e-06 1.44932e-05 3.30764e-05 7.29554e-05 0.000155458 0.000319916 0.00063562 0.001219 0.00225624 0.00403013 0.00694732 0.0115595 0.0185694 0.0288111 0.0431969 0.0626284 0.0878785 0.119461 0.157517 0.201734 0.25134 0.305154 0.361708 0.419397 0.476641 0.532019 0.584364 0.632804 0.676766 0.715944 0.750255 0.779791 0.804769 0.825495 0.842328 0.855661 0.865888 0.873385 0.878484 0.881442 0.882425 0.881486 0.878565 0.873491 0.866001 0.855762 0.842395 0.825505 0.804698 0.779615 0.74995 0.715489 0.676146 0.632014 0.583411 0.53093 0.475464 0.418201 0.360575 0.304173 0.250588 0.201264 0.157346 0.119571 0.0882159 0.0631211 0.0437665 0.0293869 0.019098 0.0120083 0.0073035 0.00429621 0.00244422 0.00134502 0.000716024 0.000368839 0.000183904 8.87856e-05 4.1521e-05 1.88173e-05 8.26826e-06 3.52414e-06 1.45779e-06 5.85555e-07 2.28508e-07 8.66821e-08 3.19816e-08 1.14866e-08 4.03165e-09 1.4306e-09 
1.01667e-09 1.26392e-09 3.29528e-09 9.74706e-09 2.84833e-08 8.08963e-08 2.2281e-07 5.94693e-07 1.53728e-06 3.84662e-06 9.31195e-06 2.1798e-05 4.93173e-05 0.000107794 0.000227521 0.000463588 0.000911584 0.00172949 0.00316544 0.00558888 0.00951945 0.0156447 0.0248153 0.038006 0.0562363 0.0804511 0.111375 0.149368 0.194304 0.245523 0.301851 0.361708 0.423278 0.484703 0.544272 0.600557 0.652498 0.699418 0.740989 0.777177 0.808162 0.83427 0.855913 0.873549 0.887643 0.898649 0.906992 0.913049 0.91714 0.919505 0.920295 0.919559 0.917244 0.913195 0.907168 0.898841 0.887833 0.873717 0.856036 0.834318 0.808105 0.776981 0.740621 0.698849 0.651715 0.599565 0.543102 0.483419 0.421968 0.36048 0.30081 0.244756 0.193861 0.149255 0.111557 0.080857 0.0567807 0.0386036 0.0253954 0.0161585 0.00994144 0.00591334 0.00340047 0.00189059 0.00101643 0.000528547 0.000265918 0.000129488 6.10531e-05 2.78856e-05 1.2344e-05 5.29852e-06 2.20653e-06 8.91975e-07 3.50206e-07 1.33617e-07 4.95708e-08 1.78981e-08 6.31462e-09 2.25422e-09 
1.57685e-09 1.97464e-09 5.13205e-09 1.50976e-08 4.38641e-08 1.23828e-07 3.38901e-07 8.98557e-07 2.30665e-06 5.72976e-06 1.37648e-05 3.19637e-05 7.17098e-05 0.000155358 0.000324894 0.000655606 0.00127617 0.00239572 0.00433682 0.00756997 0.012742 0.0206862 0.0324021 0.0489909 0.0715459 0.101001 0.137962 0.182551 0.234307 0.29216 0.354512 0.419397 0.484703 0.548403 0.60875 0.664412 0.714525 0.758672 0.796817 0.829209 0.856285 0.878581 0.896672 0.911126 0.922475 0.931201 0.93773 0.942421 0.945564 0.947375 0.947983 0.947433 0.945678 0.942587 0.937942 0.931451 0.922751 0.911413 0.896951 0.878824 0.856458 0.829271 0.79672 0.75837 0.71398 0.663604 0.607687 0.547131 0.483308 0.417992 0.353225 0.29111 0.23358 0.182187 0.137946 0.101277 0.0720274 0.049582 0.0330158 0.0212564 0.0132279 0.00795526 0.0046233 0.00259663 0.00140961 0.000739805 0.000375496 0.000184385 8.76323e-05 4.03295e-05 1.79813e-05 7.7712e-06 3.25732e-06 1.3249e-06 5.23236e-07 2.00751e-07 7.48732e-08 2.71712e-08 9.6342e-09 3.45926e-09 
2.38018e-09 3.00071e-09 7.77474e-09 2.2753e-08 6.57409e-08 1.84514e-07 5.01934e-07 1.32238e-06 3.37202e-06 8.3176e-06 1.98351e-05 4.57047e-05 0.000101708 0.000218476 0.000452818 0.000905208 0.00174479 0.00324197 0.00580611 0.0100221 0.016675 0.0267488 0.0413838 0.0617834 0.089069 0.124099 0.167285 0.218436 0.276689 0.340533 0.407952 0.476641 0.544272 0.60875 0.668403 0.72209 0.769216 0.809672 0.843725 0.871899 0.894854 0.913298 0.927921 0.939357 0.948164 0.954822 0.959733 0.96322 0.965537 0.966865 0.967315 0.966921 0.965649 0.963387 0.959953 0.955095 0.948484 0.939716 0.928305 0.913686 0.895213 0.872186 0.843886 0.809646 0.768944 0.721526 0.667528 0.607586 0.542887 0.475146 0.406487 0.33924 0.275689 0.217805 0.167042 0.124207 0.0894492 0.0623358 0.0420082 0.0273618 0.0172194 0.010468 0.00614686 0.00348663 0.00191069 0.00101183 0.000517972 0.000256418 0.000122809 5.69326e-05 2.55604e-05 1.11196e-05 4.68994e-06 1.91893e-06 7.62103e-07 2.93963e-07 1.10196e-07 4.01843e-08 1.43163e-08 5.16907e-09 
