8.37121e-11 8.80434e-11 1.29293e-10 2.22792e-10 4.01418e-10 7.24982e-10 1.2961e-09 2.28565e-09 3.97224e-09 6.80158e-09 1.14742e-08 1.90713e-08 3.12329e-08 5.04014e-08 8.01503e-08 1.25613e-07 1.94031e-07 2.95428e-07 4.43427e-07 6.56183e-07 9.57427e-07 1.37756e-06 1.95471e-06 2.73569e-06 3.77667e-06 5.14341e-06 6.91089e-06 9.1622e-06 1.19864e-05 1.54751e-05 1.97188e-05 2.48007e-05 3.0791e-05 3.774e-05 4.56713e-05 5.45749e-05 6.44027e-05 7.50639e-05 8.64242e-05 9.83066e-05 0.000110495 0.000122741 0.000134773 0.000146306 0.000157051 0.000166731 0.00017509 0.000181901 0.000186979 0.000190184 0.000191427 0.000190674 0.000187947 0.000183323 0.00017693 0.000168945 0.000159585 0.000149101 0.000137766 0.000125866 0.000113686 0.000101501 8.95639e-05 7.80965e-05 6.72837e-05 5.72685e-05 4.81505e-05 3.99873e-05 3.27976e-05 2.65659e-05 2.12489e-05 1.67821e-05 1.30866e-05 1.0075e-05 7.65726e-06 5.74489e-06 4.25441e-06 3.10968e-06 2.24325e-06 1.59695e-06 1.12182e-06 7.77578e-07 5.31759e-07 3.5876e-07 2.38769e-07 1.5675e-07 1.015e-07 6.48216e-08 4.08272e-08 2.5359e-08 1.55329e-08 9.38191e-09 5.58784e-09 3.28181e-09 1.90079e-09 1.08606e-09 6.12941e-10 3.4326e-10 1.93887e-10 1.16623e-10 
8.80434e-11 9.27282e-11 1.36801e-10 2.36858e-10 4.28544e-10 7.76864e-10 1.39365e-09 2.4657e-09 4.29838e-09 7.38158e-09 1.24871e-08 2.08091e-08 3.41626e-08 5.52562e-08 8.80596e-08 1.38285e-07 2.14e-07 3.26391e-07 4.90671e-07 7.27139e-07 1.06235e-06 1.53033e-06 2.1738e-06 3.04522e-06 4.20755e-06 5.73452e-06 7.71021e-06 1.02278e-05 1.3387e-05 1.72907e-05 2.204e-05 2.77282e-05 3.44339e-05 4.2213e-05 5.10916e-05 6.10582e-05 7.20582e-05 8.39896e-05 9.67014e-05 0.000109995 0.000123628 0.000137322 0.000150774 0.000163663 0.00017567 0.000186483 0.000195817 0.00020342 0.000209085 0.000212657 0.000214037 0.000213188 0.000210134 0.000204961 0.000197812 0.000188883 0.000178418 0.000166696 0.000154022 0.000140715 0.000127095 0.000113467 0.000100116 8.72898e-05 7.51954e-05 6.3993e-05 5.37945e-05 4.46647e-05 3.66243e-05 2.96562e-05 2.37121e-05 1.87196e-05 1.45903e-05 1.12265e-05 8.52708e-06 6.39296e-06 4.7306e-06 3.45468e-06 2.48968e-06 1.77047e-06 1.24224e-06 8.59917e-07 5.87231e-07 3.95572e-07 2.6283e-07 1.72235e-07 1.11311e-07 7.09403e-08 4.45825e-08 2.76267e-08 1.68799e-08 1.01688e-08 6.03978e-09 3.53695e-09 2.04232e-09 1.1632e-09 6.54259e-10 3.65069e-10 2.05383e-10 1.23017e-10 
1.29293e-10 1.36801e-10 2.02504e-10 3.51126e-10 6.35579e-10 1.15221e-09 2.06662e-09 3.65505e-09 6.36855e-09 1.09297e-08 1.84751e-08 3.076e-08 5.04469e-08 8.15006e-08 1.29718e-07 2.03418e-07 3.14321e-07 4.78626e-07 7.18299e-07 1.06255e-06 1.54947e-06 2.22769e-06 3.15804e-06 4.41494e-06 6.08734e-06 8.279e-06 1.11077e-05 1.47033e-05 1.92043e-05 2.47525e-05 3.14864e-05 3.95328e-05 4.89967e-05 5.99514e-05 7.24274e-05 8.64034e-05 0.000101798 0.000118464 0.000136187 0.00015469 0.000173634 0.000192634 0.000211269 0.000229101 0.00024569 0.000260612 0.000273477 0.000283942 0.000291728 0.000296624 0.000298496 0.000297296 0.000293056 0.000285894 0.000276005 0.000263657 0.000249182 0.000232959 0.000215408 0.000196965 0.000178069 0.000159142 0.000140577 0.000122718 0.000105853 9.02093e-05 7.59441e-05 6.31519e-05 5.18662e-05 4.20677e-05 3.3693e-05 2.66452e-05 2.08043e-05 1.60363e-05 1.22022e-05 9.16459e-06 6.79352e-06 4.96986e-06 3.58774e-06 2.55555e-06 1.79595e-06 1.24512e-06 8.51518e-07 5.74387e-07 3.82125e-07 2.50703e-07 1.62195e-07 1.03468e-07 6.50787e-08 4.03564e-08 2.46722e-08 1.48699e-08 8.83498e-09 5.1749e-09 2.98835e-09 1.70192e-09 9.57119e-10 5.33945e-10 3.00371e-10 1.80049e-10 
2.22792e-10 2.36858e-10 3.51126e-10 6.08243e-10 1.099e-09 1.98822e-09 3.55829e-09 6.2789e-09 1.09145e-08 1.86858e-08 3.15059e-08 5.2319e-08 8.55735e-08 1.37868e-07 2.18811e-07 3.42132e-07 5.27088e-07 8.00176e-07 1.19716e-06 1.76535e-06 2.56616e-06 3.67758e-06 5.19666e-06 7.24149e-06 9.95241e-06 1.34922e-05 1.80445e-05 2.38105e-05 3.10033e-05 3.98393e-05 5.0528e-05 6.32585e-05 7.81846e-05 9.54095e-05 0.000114969 0.00013682 0.000160823 0.000186743 0.000214243 0.000242885 0.000272148 0.000301439 0.000330115 0.000357507 0.000382947 0.000405797 0.000425467 0.000441446 0.000453311 0.000460748 0.000463561 0.000461675 0.000455143 0.00044414 0.000428962 0.000410011 0.000387786 0.000362863 0.000335873 0.00030748 0.000278351 0.000249132 0.000220422 0.000192754 0.000166576 0.000142241 0.000120001 0.00010001 8.23286e-05 6.69371e-05 5.37462e-05 4.2614e-05 3.3361e-05 2.57851e-05 1.96743e-05 1.48179e-05 1.10152e-05 8.08103e-06 5.85018e-06 4.17883e-06 2.94494e-06 2.04734e-06 1.40396e-06 9.49562e-07 6.33372e-07 4.16602e-07 2.70195e-07 1.7278e-07 1.08928e-07 6.77009e-08 4.14796e-08 2.50522e-08 1.49148e-08 8.7529e-09 5.06392e-09 2.88915e-09 1.62763e-09 9.09661e-10 5.12872e-10 3.08469e-10 
4.01418e-10 4.28544e-10 6.35579e-10 1.099e-09 1.98081e-09 3.57399e-09 6.37892e-09 1.12249e-08 1.94568e-08 3.3214e-08 5.58364e-08 9.24435e-08 1.50738e-07 2.42097e-07 3.83011e-07 5.96941e-07 9.16634e-07 1.38693e-06 2.06804e-06 3.03924e-06 4.40282e-06 6.28808e-06 8.85494e-06 1.22969e-05 1.68426e-05 2.27555e-05 3.03311e-05 3.98908e-05 5.17722e-05 6.63159e-05 8.38475e-05 0.000104657 0.000128975 0.00015695 0.00018862 0.000223896 0.00026254 0.000304161 0.000348206 0.000393975 0.000440634 0.000487241 0.000532782 0.000576207 0.000616473 0.000652584 0.000683625 0.000708802 0.000727465 0.00073913 0.000743494 0.000740447 0.000730068 0.000712633 0.000688598 0.000658588 0.000623379 0.000583867 0.000541036 0.000495924 0.000449577 0.000403012 0.000357178 0.000312922 0.000270962 0.000231868 0.000196053 0.000163779 0.000135159 0.000110175 8.87002e-05 7.05226e-05 5.53666e-05 4.29177e-05 3.28435e-05 2.48107e-05 1.84994e-05 1.36131e-05 9.88522e-06 7.08268e-06 5.00658e-06 3.49115e-06 2.40123e-06 1.62888e-06 1.08967e-06 7.18796e-07 4.67507e-07 2.99784e-07 1.89511e-07 1.18098e-07 7.25456e-08 4.39263e-08 2.62163e-08 1.54226e-08 8.94373e-09 5.11458e-09 2.88805e-09 1.61803e-09 9.14888e-10 5.52477e-10 
7.24982e-10 7.76864e-10 1.15221e-09 1.98822e-09 3.57399e-09 6.43063e-09 1.1445e-08 2.00815e-08 3.47068e-08 5.90702e-08 9.9003e-08 1.63406e-07 2.65616e-07 4.25243e-07 6.70588e-07 1.04172e-06 1.59432e-06 2.40422e-06 3.57277e-06 5.2327e-06 7.55436e-06 1.07519e-05 1.50886e-05 2.08813e-05 2.85021e-05 3.8377e-05 5.09806e-05 6.68256e-05 8.64461e-05 0.000110376 0.000139121 0.000173123 0.000212727 0.00025814 0.000309393 0.000366314 0.000428496 0.000495289 0.000565797 0.000638891 0.000713241 0.000787357 0.00085964 0.000928444 0.000992139 0.00104917 0.00109813 0.00113779 0.00116713 0.00118543 0.0011922 0.00118729 0.00117083 0.00114322 0.0011052 0.00105772 0.00100198 0.000939382 0.000871456 0.000799822 0.000726119 0.000651949 0.000578812 0.000508052 0.000440818 0.000378032 0.000320373 0.000268279 0.000221955 0.000181402 0.000146442 0.000116758 9.19301e-05 7.14702e-05 5.48579e-05 4.15669e-05 3.10884e-05 2.29476e-05 1.67152e-05 1.20135e-05 8.5183e-06 5.95819e-06 4.11056e-06 2.79683e-06 1.87656e-06 1.24151e-06 8.0982e-07 5.20766e-07 3.30128e-07 2.06291e-07 1.27063e-07 7.71392e-08 4.61578e-08 2.72226e-08 1.5826e-08 9.07253e-09 5.1356e-09 2.88467e-09 1.63605e-09 9.92037e-10 
1.2961e-09 1.39365e-09 2.06662e-09 3.55829e-09 6.37892e-09 1.1445e-08 2.03106e-08 3.55334e-08 6.12301e-08 1.03899e-07 1.73604e-07 2.85646e-07 4.62851e-07 7.38637e-07 1.16101e-06 1.79763e-06 2.74202e-06 4.121e-06 6.10311e-06 8.90794e-06 1.28158e-05 1.8177e-05 2.54199e-05 3.50567e-05 4.76852e-05 6.39855e-05 8.471e-05 0.000110665 0.000142685 0.000181594 0.000228164 0.000283059 0.000346783 0.000419614 0.000501556 0.000592286 0.00069112 0.000796994 0.000908472 0.00102376 0.00114077 0.00125717 0.00137047 0.00147812 0.00157762 0.00166658 0.00174284 0.00180452 0.00185009 0.00187842 0.00188882 0.00188102 0.00185524 0.00181211 0.00175271 0.00167854 0.00159142 0.00149349 0.00138712 0.00127478 0.00115903 0.00104235 0.000927071 0.000815313 0.000708888 0.000609266 0.000517549 0.000434461 0.00036037 0.000295318 0.000239066 0.000191153 0.000150947 0.000117704 9.06205e-05 6.8877e-05 5.16745e-05 3.82626e-05 2.79583e-05 2.01571e-05 1.43374e-05 1.00596e-05 6.96152e-06 4.75108e-06 3.1974e-06 2.12165e-06 1.38798e-06 8.95131e-07 5.69056e-07 3.56583e-07 2.20233e-07 1.34061e-07 8.04292e-08 4.75575e-08 2.7718e-08 1.59297e-08 9.03988e-09 5.09117e-09 2.89643e-09 1.76354e-09 
2.28565e-09 2.4657e-09 3.65505e-09 6.2789e-09 1.12249e-08 2.00815e-08 3.55334e-08 6.19818e-08 1.06485e-07 1.80139e-07 3.00063e-07 4.92169e-07 7.9495e-07 1.26451e-06 1.98106e-06 3.05712e-06 4.64747e-06 6.96088e-06 1.02734e-05 1.49427e-05 2.14227e-05 3.02775e-05 4.21928e-05 5.79833e-05 7.85937e-05 0.000105091 0.000138648 0.000180511 0.000231957 0.000294237 0.000368505 0.000455737 0.000556646 0.000671591 0.000800498 0.000942788 0.00109733 0.00126243 0.0014358 0.00161466 0.00179576 0.00197554 0.00215018 0.00231582 0.00246865 0.0026051 0.00272189 0.00281622 0.00288581 0.00292897 0.00294466 0.00293252 0.00289283 0.00282658 0.00273538 0.00262146 0.00248758 0.00233695 0.00217312 0.00199989 0.0018211 0.00164055 0.00146182 0.00128818 0.00112243 0.000966904 0.000823335 0.000692913 0.000576273 0.000473551 0.000384444 0.000308298 0.000244184 0.000190992 0.000147504 0.000112465 8.46448e-05 6.28759e-05 4.60902e-05 3.33358e-05 2.37866e-05 1.67422e-05 1.16224e-05 7.95658e-06 5.37104e-06 3.57473e-06 2.34553e-06 1.5171e-06 9.67227e-07 6.07798e-07 3.7643e-07 2.29766e-07 1.38215e-07 8.19409e-08 4.7881e-08 2.75878e-08 1.56959e-08 8.86362e-09 5.05849e-09 3.09276e-09 
3.97224e-09 4.29838e-09 6.36855e-09 1.09145e-08 1.94568e-08 3.47068e-08 6.12301e-08 1.06485e-07 1.82385e-07 3.07586e-07 5.10747e-07 8.35069e-07 1.34444e-06 2.13154e-06 3.3283e-06 5.11882e-06 7.75509e-06 1.15752e-05 1.70239e-05 2.46739e-05 3.52483e-05 4.96399e-05 6.89272e-05 9.43833e-05 0.000127474 0.000169845 0.000223287 0.00028969 0.000370973 0.000468992 0.000585435 0.000721698 0.000878759 0.00105705 0.00125632 0.00147558 0.001713 0.0019659 0.00223075 0.00250328 0.00277858 0.00305124 0.00331558 0.00356582 0.00379632 0.00400178 0.00417739 0.00431903 0.00442336 0.00448792 0.00451118 0.00449262 0.00443269 0.0043328 0.00419535 0.00402359 0.0038216 0.00359411 0.0033464 0.00308407 0.00281286 0.00253847 0.00226629 0.00200124 0.00174765 0.00150906 0.00128821 0.001087 0.000906507 0.000747043 0.00060826 0.000489259 0.000388713 0.000304997 0.000236304 0.000180754 0.000136484 0.000101714 7.48039e-05 5.42801e-05 3.88569e-05 2.74375e-05 1.91078e-05 1.31223e-05 8.88573e-06 5.93212e-06 3.90408e-06 2.53268e-06 1.61944e-06 1.02056e-06 6.33853e-07 3.87965e-07 2.34014e-07 1.39106e-07 8.14985e-08 4.70794e-08 2.68556e-08 1.52074e-08 8.70667e-09 5.34556e-09 
6.80158e-09 7.38158e-09 1.09297e-08 1.86858e-08 3.3214e-08 5.90702e-08 1.03899e-07 1.80139e-07 3.07586e-07 5.17106e-07 8.55924e-07 1.39491e-06 2.2384e-06 3.53706e-06 5.50429e-06 8.43643e-06 1.2737e-05 1.89444e-05 2.7763e-05 4.00947e-05 5.70711e-05 8.00807e-05 0.00011079 0.000151153 0.000203402 0.000270025 0.000353708 0.00045726 0.000583499 0.000735122 0.000914537 0.00112369 0.00136387 0.00163552 0.00193811 0.00226994 0.00262811 0.00300847 0.00340569 0.00381335 0.00422411 0.00463 0.00502267 0.00539367 0.00573481 0.00603838 0.00629748 0.00650615 0.00665962 0.00675437 0.00678823 0.00676044 0.00667165 0.00652393 0.00632069 0.00606663 0.00576762 0.00543051 0.00506294 0.00467306 0.00426927 0.00385992 0.00345298 0.00305577 0.00267474 0.00231528 0.00198159 0.00167664 0.00140221 0.00115896 0.000946519 0.000763717 0.000608704 0.000479158 0.000372461 0.000285849 0.00021656 0.000161931 0.000119487 8.69928e-05 6.2481e-05 4.42638e-05 3.09261e-05 2.13069e-05 1.44736e-05 9.69281e-06 6.39872e-06 4.16359e-06 2.67019e-06 1.68767e-06 1.05119e-06 6.45221e-07 3.90266e-07 2.32619e-07 1.3665e-07 7.91484e-08 4.52692e-08 2.57062e-08 1.47655e-08 9.10374e-09 
1.14742e-08 1.24871e-08 1.84751e-08 3.15059e-08 5.58364e-08 9.9003e-08 1.73604e-07 3.00063e-07 5.10747e-07 8.55924e-07 1.41216e-06 2.29387e-06 3.66869e-06 5.77759e-06 8.96012e-06 1.36855e-05 2.0589e-05 3.0514e-05 4.45569e-05 6.41138e-05 9.09248e-05 0.000127112 0.000175203 0.000238143 0.000319271 0.000422273 0.0005511 0.000709837 0.000902543 0.00113304 0.00140468 0.00172009 0.00208089 0.00248745 0.00293867 0.0034318 0.00396231 0.00452393 0.00510871 0.00570718 0.00630866 0.00690157 0.00747389 0.00801354 0.00850884 0.00894886 0.00932384 0.00962542 0.00984688 0.00998329 0.0100316 0.00999087 0.00986191 0.00964766 0.00935293 0.00898434 0.00855015 0.00806007 0.00752494 0.00695638 0.00636644 0.0057671 0.00516991 0.00458554 0.00402346 0.00349166 0.00299649 0.00254253 0.00213264 0.00176804 0.00144849 0.00117251 0.000937593 0.000740517 0.000577565 0.000444769 0.000338111 0.000253686 0.000187833 0.000137218 9.88875e-05 7.02905e-05 4.92734e-05 3.40586e-05 2.32106e-05 1.55934e-05 1.03262e-05 6.73991e-06 4.33554e-06 2.7484e-06 1.71689e-06 1.05686e-06 6.41051e-07 3.8316e-07 2.25699e-07 1.31079e-07 7.51751e-08 4.28105e-08 2.46716e-08 1.52761e-08 
1.90713e-08 2.08091e-08 3.076e-08 5.2319e-08 9.24435e-08 1.63406e-07 2.85646e-07 4.92169e-07 8.35069e-07 1.39491e-06 2.29387e-06 3.71367e-06 5.91938e-06 9.29007e-06 1.43573e-05 2.18516e-05 3.27569e-05 4.83717e-05 7.03742e-05 0.000100888 0.000142543 0.000198524 0.0002726 0.000369124 0.000492994 0.000649574 0.000844553 0.00108375 0.00137289 0.00171724 0.00212137 0.00258867 0.0031211 0.00371872 0.00437951 0.00509907 0.00587052 0.00668455 0.00752953 0.00839178 0.00925602 0.0101058 0.0109242 0.0116943 0.0123997 0.0130253 0.0135576 0.0139851 0.0142985 0.0144911 0.0145589 0.0145003 0.0143166 0.0140119 0.0135928 0.0130683 0.01245 0.0117511 0.0109869 0.0101734 0.00932769 0.00846657 0.00760642 0.00676251 0.00594849 0.005176 0.00445441 0.00379065 0.00318923 0.00265233 0.00218001 0.0017705 0.00142057 0.00112582 0.000881132 0.000680909 0.000519438 0.000391103 0.000290591 0.000213025 0.000154049 0.000109875 7.72822e-05 5.35972e-05 3.66463e-05 2.46996e-05 1.64088e-05 1.07436e-05 6.9323e-06 4.40788e-06 2.76175e-06 1.70501e-06 1.03717e-06 6.21677e-07 3.67216e-07 2.13856e-07 1.22988e-07 7.02433e-08 4.06173e-08 2.52572e-08 
3.12329e-08 3.41626e-08 5.04469e-08 8.55735e-08 1.50738e-07 2.65616e-07 4.62851e-07 7.9495e-07 1.34444e-06 2.2384e-06 3.66869e-06 5.91938e-06 9.40277e-06 1.47056e-05 2.26465e-05 3.43442e-05 5.12972e-05 7.54715e-05 0.000109392 0.000156235 0.000219904 0.000305096 0.000417326 0.000562913 0.000748909 0.00098296 0.0012731 0.00162744 0.00205383 0.00255944 0.00315021 0.00383046 0.00460226 0.0054651 0.00641541 0.00744637 0.00854772 0.00970591 0.0109042 0.0121234 0.0133419 0.0145369 0.0156849 0.0167628 0.0177482 0.0186206 0.0193617 0.0199559 0.020391 0.0206578 0.0207509 0.0206685 0.0204121 0.0199872 0.0194028 0.018671 0.0178072 0.0168298 0.0157591 0.0146174 0.0134278 0.0122137 0.0109978 0.00980159 0.00864425 0.00754246 0.00650981 0.00555658 0.00468971 0.0039129 0.00322685 0.00262966 0.00211725 0.00168388 0.00132259 0.00102571 0.000785282 0.000593387 0.000442465 0.000325512 0.000236224 0.000169073 0.000119331 8.30405e-05 5.69681e-05 3.85234e-05 2.56756e-05 1.68648e-05 1.09162e-05 6.96247e-06 4.37557e-06 2.70938e-06 1.65297e-06 9.93633e-07 5.8859e-07 3.43739e-07 1.98243e-07 1.1356e-07 6.58895e-08 4.11493e-08 
5.04014e-08 5.52562e-08 8.15006e-08 1.37868e-07 2.42097e-07 4.25243e-07 7.38637e-07 1.26451e-06 2.13154e-06 3.53706e-06 5.77759e-06 9.29007e-06 1.47056e-05 2.29179e-05 3.51668e-05 5.31378e-05 7.90754e-05 0.000115906 0.000167367 0.000238122 0.00033387 0.000461413 0.000628675 0.00084466 0.00111933 0.00146336 0.00188785 0.00240389 0.00302202 0.00375163 0.00460032 0.00557323 0.00667235 0.00789596 0.00923815 0.0106886 0.0122322 0.0138498 0.0155178 0.0172093 0.018895 0.0205437 0.0221236 0.0236035 0.0249537 0.0261467 0.0271586 0.0279687 0.0285609 0.0289234 0.029049 0.0289352 0.0285844 0.0280036 0.0272045 0.0262032 0.0250201 0.0236793 0.022208 0.020636 0.0189943 0.0173146 0.0156278 0.0139634 0.012348 0.010805 0.0093537 0.0080091 0.00678163 0.0056773 0.00469803 0.00384204 0.00310446 0.00247795 0.00195339 0.00152047 0.00116834 0.000886079 0.000663125 0.000489615 0.00035659 0.000256131 0.00018141 0.000126679 8.72019e-05 5.91666e-05 3.95648e-05 2.60724e-05 1.693e-05 1.08321e-05 6.82848e-06 4.24108e-06 2.59515e-06 1.56458e-06 9.29469e-07 5.44366e-07 3.14852e-07 1.80904e-07 1.05328e-07 6.60651e-08 
8.01503e-08 8.80596e-08 1.29718e-07 2.18811e-07 3.83011e-07 6.70588e-07 1.16101e-06 1.98106e-06 3.3283e-06 5.50429e-06 8.96012e-06 1.43573e-05 2.26465e-05 3.51668e-05 5.37661e-05 8.09422e-05 0.000120002 0.000175229 0.000252057 0.000357226 0.000498905 0.000686772 0.000932007 0.0012472 0.00164614 0.00214346 0.00275419 0.00349309 0.00437397 0.00540884 0.00660704 0.00797434 0.0095121 0.0112166 0.0130784 0.0150821 0.0172063 0.019424 0.0217027 0.0240061 0.0262943 0.0285258 0.0306586 0.0326516 0.034466 0.0360662 0.037421 0.038504 0.0392945 0.0397774 0.0399436 0.0397899 0.0393194 0.038541 0.0374698 0.0361265 0.0345373 0.0327334 0.0307504 0.028627 0.0264042 0.0241238 0.0218272 0.019554 0.0173404 0.0152186 0.0132155 0.0113524 0.00964485 0.00810221 0.00672844 0.0055224 0.00447861 0.00358806 0.00283907 0.00221816 0.00171085 0.00130237 0.000978303 0.000724996 0.000529953 0.000382033 0.000271551 0.000190293 0.000131448 8.94927e-05 6.00454e-05 3.96998e-05 2.58629e-05 1.66005e-05 1.04977e-05 6.54012e-06 4.0141e-06 2.42725e-06 1.4462e-06 8.49464e-07 4.92755e-07 2.83992e-07 1.65931e-07 1.04532e-07 
1.25613e-07 1.38285e-07 2.03418e-07 3.42132e-07 5.96941e-07 1.04172e-06 1.79763e-06 3.05712e-06 5.11882e-06 8.43643e-06 1.36855e-05 2.18516e-05 3.43442e-05 5.31378e-05 8.09422e-05 0.000121399 0.000179299 0.00026081 0.000373703 0.000527545 0.000733848 0.00100613 0.00135989 0.0018124 0.00238238 0.00308947 0.00395357 0.0049939 0.0062281 0.00767102 0.00933366 0.011222 0.0133359 0.0156683 0.0182049 0.0209232 0.0237934 0.0267781 0.0298338 0.0329117 0.0359595 0.0389228 0.0417473 0.0443801 0.0467714 0.0488762 0.050655 0.0520748 0.0531095 0.0537403 0.053956 0.0537527 0.0531341 0.0521115 0.0507036 0.0489365 0.0468432 0.0444632 0.0418416 0.039028 0.0360751 0.0330372 0.0299684 0.0269208 0.0239427 0.0210775 0.0183621 0.0158263 0.0134923 0.0113747 0.00948047 0.00781004 0.00635771 0.00511287 0.00406106 0.00318506 0.00246603 0.00188442 0.00142089 0.00105696 0.00077549 0.000561098 0.000400283 0.000281511 0.000195146 0.000133323 8.97597e-05 5.95457e-05 3.89203e-05 2.50628e-05 1.58998e-05 9.93674e-06 6.11765e-06 3.71045e-06 2.21735e-06 1.30627e-06 7.59994e-07 4.3938e-07 2.57639e-07 1.63016e-07 
1.94031e-07 2.14e-07 3.14321e-07 5.27088e-07 9.16634e-07 1.59432e-06 2.74202e-06 4.64747e-06 7.75509e-06 1.2737e-05 2.0589e-05 3.27569e-05 5.12972e-05 7.90754e-05 0.000120002 0.000179299 0.000263796 0.000382227 0.000545517 0.000767017 0.00106267 0.00145103 0.00195318 0.00259237 0.00339352 0.00438245 0.00558492 0.00702538 0.00872568 0.0107036 0.0129714 0.0155345 0.0183899 0.0215257 0.0249204 0.0285423 0.0323502 0.036294 0.0403161 0.0443527 0.0483362 0.0521972 0.0558665 0.0592778 0.0623689 0.065084 0.0673742 0.0691993 0.0705273 0.0713355 0.0716102 0.0713467 0.0705496 0.0692327 0.0674187 0.0651395 0.0624356 0.0593559 0.0559564 0.052299 0.0484502 0.0444788 0.040454 0.0364431 0.0325092 0.0287095 0.0250939 0.021703 0.0185683 0.0157113 0.0131439 0.0108692 0.00888216 0.00717083 0.00571792 0.00450209 0.00349936 0.00268446 0.00203198 0.00151732 0.00111749 0.000811579 0.00058112 0.000410182 0.000285364 0.00019565 0.00013218 8.79875e-05 5.7704e-05 3.72816e-05 2.37282e-05 1.48765e-05 9.1876e-06 5.58959e-06 3.35045e-06 1.97973e-06 1.15529e-06 6.70033e-07 3.94305e-07 2.50585e-07 
2.95428e-07 3.26391e-07 4.78626e-07 8.00176e-07 1.38693e-06 2.40422e-06 4.121e-06 6.96088e-06 1.15752e-05 1.89444e-05 3.0514e-05 4.83717e-05 7.54715e-05 0.000115906 0.000175229 0.00026081 0.000382227 0.000551643 0.000784163 0.00109811 0.00151516 0.00206036 0.00276183 0.0036503 0.0047583 0.00611904 0.00776511 0.0097268 0.0120304 0.0146964 0.0177374 0.0211569 0.0249475 0.0290901 0.0335532 0.0382931 0.0432544 0.048371 0.0535679 0.0587639 0.0638732 0.068809 0.0734855 0.0778211 0.0817401 0.0851747 0.0880664 0.0903669 0.0920383 0.0930537 0.0933968 0.0930624 0.0920557 0.0903931 0.0881017 0.0852193 0.0817946 0.0778862 0.0735622 0.0688982 0.0639759 0.0588808 0.0536995 0.0485171 0.0434144 0.0384656 0.0337363 0.0292812 0.0251437 0.0213549 0.0179339 0.0148881 0.0122143 0.00990017 0.00792578 0.00626541 0.00488936 0.00376565 0.0028616 0.00214516 0.00158598 0.00115622 0.000831014 0.000588746 0.000411089 0.000282863 0.000191777 0.000128103 8.43e-05 5.46477e-05 3.48958e-05 2.1949e-05 1.35986e-05 8.29907e-06 4.98983e-06 2.95739e-06 1.73111e-06 1.00721e-06 5.94893e-07 3.79724e-07 
4.43427e-07 4.90671e-07 7.18299e-07 1.19716e-06 2.06804e-06 3.57277e-06 6.10311e-06 1.02734e-05 1.70239e-05 2.7763e-05 4.45569e-05 7.03742e-05 0.000109392 0.000167367 0.000252057 0.000373703 0.000545517 0.000784163 0.00111018 0.00154828 0.00212746 0.00288089 0.00384543 0.00506091 0.00656891 0.00841127 0.0106282 0.0132563 0.016326 0.0198598 0.0238694 0.0283545 0.0333006 0.0386786 0.0444441 0.0505377 0.0568863 0.0634046 0.0699973 0.0765624 0.0829939 0.0891853 0.0950328 0.100438 0.105311 0.109573 0.113153 0.115996 0.118059 0.11931 0.119731 0.119315 0.118069 0.116011 0.113174 0.109599 0.105346 0.100481 0.095086 0.0892508 0.0830736 0.0766581 0.0701104 0.0635358 0.0570358 0.0507047 0.044627 0.038875 0.0335074 0.028568 0.0240858 0.020075 0.016536 0.0134575 0.0108175 0.00858619 0.00672763 0.00520235 0.00396922 0.00298728 0.00221726 0.00162271 0.00117075 0.000832567 0.000583494 0.000402958 0.000274182 0.000183794 0.000121368 7.89454e-05 5.058e-05 3.19188e-05 1.98392e-05 1.2146e-05 7.32554e-06 4.35511e-06 2.55716e-06 1.49267e-06 8.84865e-07 5.67298e-07 
6.56183e-07 7.27139e-07 1.06255e-06 1.76535e-06 3.03924e-06 5.2327e-06 8.90794e-06 1.49427e-05 2.46739e-05 4.00947e-05 6.41138e-05 0.000100888 0.000156235 0.000238122 0.000357226 0.000527545 0.000767017 0.00109811 0.00154828 0.00215031 0.00294232 0.00396745 0.00527316 0.00691005 0.00893021 0.0113852 0.0143234 0.0177876 0.0218119 0.0264192 0.0316185 0.0374028 0.0437476 0.0506101 0.0579292 0.0656261 0.0736062 0.0817615 0.0899734 0.0981166 0.106063 0.113684 0.120858 0.127469 0.133414 0.138598 0.142946 0.146392 0.148889 0.1504 0.150906 0.1504 0.148888 0.146392 0.142946 0.1386 0.133419 0.12748 0.120877 0.113714 0.106106 0.0981772 0.0900537 0.0818634 0.073731 0.0657738 0.058099 0.0508001 0.0439547 0.0376231 0.0318477 0.0266525 0.0220444 0.0180146 0.0145407 0.0115892 0.0091181 0.0070798 0.00542364 0.00409836 0.00305407 0.00224392 0.00162523 0.00116018 0.000816163 0.000565726 0.000386336 0.000259902 0.000172229 0.000112416 7.22685e-05 4.57571e-05 2.85334e-05 1.75247e-05 1.06029e-05 6.32317e-06 3.72437e-06 2.18112e-06 1.29777e-06 8.35665e-07 
9.57427e-07 1.06235e-06 1.54947e-06 2.56616e-06 4.40282e-06 7.55436e-06 1.28158e-05 2.14227e-05 3.52483e-05 5.70711e-05 9.09248e-05 0.000142543 0.000219904 0.00033387 0.000498905 0.000733848 0.00106267 0.00151516 0.00212746 0.00294232 0.00400897 0.00538257 0.00712307 0.00929353 0.0119579 0.015178 0.0190108 0.0235047 0.028696 0.0346059 0.0412377 0.0485744 0.0565775 0.0651863 0.0743187 0.0838724 0.0937276 0.10375 0.113795 0.123713 0.13335 0.142558 0.151194 0.159127 0.16624 0.172428 0.177605 0.181702 0.184664 0.186455 0.187052 0.186448 0.184651 0.181682 0.17758 0.172398 0.166208 0.159097 0.151167 0.142539 0.133344 0.123724 0.113827 0.103807 0.0938115 0.083985 0.0744601 0.0653553 0.0567715 0.0487897 0.0414695 0.034849 0.0289445 0.023753 0.0192534 0.01541 0.0121751 0.00949282 0.00730225 0.0055405 0.00414544 0.00305795 0.00222353 0.00159344 0.00112523 0.000782882 0.000536605 0.000362303 0.000240942 0.000157815 0.000101802 6.46731e-05 4.04621e-05 2.49315e-05 1.51322e-05 9.05262e-06 5.34886e-06 3.14283e-06 1.87694e-06 1.21388e-06 
1.37756e-06 1.53033e-06 2.22769e-06 3.67758e-06 6.28808e-06 1.07519e-05 1.8177e-05 3.02775e-05 4.96399e-05 8.00807e-05 0.000127112 0.000198524 0.000305096 0.000461413 0.000686772 0.00100613 0.00145103 0.00206036 0.00288089 0.00396745 0.00538257 0.00719551 0.00948061 0.0123149 0.0157752 0.0199341 0.0248564 0.0305949 0.0371858 0.0446459 0.0529687 0.0621231 0.0720516 0.0826712 0.0938738 0.105529 0.117489 0.129591 0.14166 0.15352 0.164996 0.175915 0.186119 0.19546 0.203809 0.211053 0.217101 0.221876 0.225325 0.227406 0.228097 0.227392 0.225296 0.221834 0.217046 0.210988 0.203734 0.19538 0.186038 0.175838 0.164928 0.153468 0.141629 0.129586 0.117516 0.10559 0.0939693 0.0828021 0.0722164 0.0623184 0.05319 0.0448874 0.0374412 0.0308573 0.0251192 0.0201908 0.0160202 0.0125436 0.00968951 0.00738229 0.00554611 0.00410772 0.00299876 0.00215743 0.00152938 0.00106811 0.000734841 0.000497966 0.000332354 0.000218457 0.000141408 9.01394e-05 5.65824e-05 3.4978e-05 2.12978e-05 1.27815e-05 7.57608e-06 4.46625e-06 2.67723e-06 1.73897e-06 
1.95471e-06 2.1738e-06 3.15804e-06 5.19666e-06 8.85494e-06 1.50886e-05 2.54199e-05 4.21928e-05 6.89272e-05 0.00011079 0.000175203 0.0002726 0.000417326 0.000628675 0.000932007 0.00135989 0.00195318 0.00276183 0.00384543 0.00527316 0.00712307 0.00948061 0.0124362 0.0160823 0.0205087 0.0257988 0.0320241 0.0392392 0.0474775 0.0567468 0.0670265 0.078266 0.0903837 0.103269 0.116782 0.130763 0.145029 0.159387 0.173634 0.187566 0.200984 0.213697 0.22553 0.236323 0.245939 0.25426 0.261188 0.266649 0.270585 0.272958 0.273744 0.272936 0.270542 0.266584 0.261103 0.254155 0.245818 0.236189 0.225388 0.213553 0.200845 0.187439 0.173526 0.159306 0.144981 0.130753 0.116814 0.103343 0.0905013 0.0784243 0.0672214 0.0569727 0.0477276 0.0395059 0.0322993 0.0260748 0.0207781 0.0163387 0.0126746 0.00969713 0.0073154 0.0054403 0.0039876 0.00288022 0.00204973 0.00143702 0.000992367 0.000674967 0.000452123 0.000298239 0.000193725 0.00012391 7.80412e-05 4.84014e-05 2.95661e-05 1.77998e-05 1.05843e-05 6.26039e-06 3.76667e-06 2.45713e-06 
2.73569e-06 3.04522e-06 4.41494e-06 7.24149e-06 1.22969e-05 2.08813e-05 3.50567e-05 5.79833e-05 9.43833e-05 0.000151153 0.000238143 0.000369124 0.000562913 0.00084466 0.0012472 0.0018124 0.00259237 0.0036503 0.00506091 0.00691005 0.00929353 0.0123149 0.0160823 0.0207038 0.0262829 0.0329121 0.0406675 0.0496026 0.0597432 0.0710835 0.0835831 0.0971657 0.11172 0.127102 0.143137 0.159628 0.176359 0.193104 0.20963 0.225708 0.241118 0.255652 0.269124 0.281365 0.292234 0.301611 0.309399 0.315524 0.319932 0.322585 0.323461 0.322555 0.319873 0.315436 0.309282 0.301467 0.292066 0.281176 0.268919 0.255438 0.240901 0.225499 0.209436 0.192935 0.176223 0.159532 0.143087 0.127102 0.111772 0.0972684 0.0837339 0.0712773 0.0599733 0.0498607 0.0409448 0.0331993 0.0265708 0.0209843 0.0163483 0.0125609 0.00951546 0.00710568 0.00522948 0.00379235 0.00270948 0.0019069 0.00132186 0.000902425 0.000606693 0.000401633 0.0002618 0.000168027 0.000106182 6.6071e-05 4.04897e-05 2.44537e-05 1.45872e-05 8.6567e-06 5.22777e-06 3.42475e-06 
3.77667e-06 4.20755e-06 6.08734e-06 9.95241e-06 1.68426e-05 2.85021e-05 4.76852e-05 7.85937e-05 0.000127474 0.000203402 0.000319271 0.000492994 0.000748909 0.00111933 0.00164614 0.00238238 0.00339352 0.0047583 0.00656891 0.00893021 0.0119579 0.0157752 0.0205087 0.0262829 0.0332133 0.0414 0.0509203 0.061822 0.0741185 0.0877839 0.102752 0.118913 0.136122 0.154194 0.172916 0.192053 0.211351 0.230552 0.249395 0.267629 0.285016 0.301337 0.316397 0.330028 0.342085 0.352455 0.361044 0.367784 0.372627 0.375537 0.376497 0.375501 0.372555 0.367677 0.3609 0.352276 0.341874 0.329787 0.316132 0.301053 0.284722 0.267335 0.24911 0.230287 0.211117 0.191859 0.17277 0.154103 0.13609 0.118942 0.10284 0.0879277 0.0743119 0.0620569 0.051187 0.041688 0.0335119 0.0265818 0.0207988 0.0160488 0.0122091 0.00915514 0.00676543 0.00492599 0.00353337 0.00249644 0.00173713 0.00119037 0.000803211 0.000533638 0.000349069 0.000224807 0.000142541 8.89866e-05 5.47084e-05 3.31458e-05 1.98351e-05 1.181e-05 7.15833e-06 4.70914e-06 
5.14341e-06 5.73452e-06 8.279e-06 1.34922e-05 2.27555e-05 3.8377e-05 6.39855e-05 0.000105091 0.000169845 0.000270025 0.000422273 0.000649574 0.00098296 0.00146336 0.00214346 0.00308947 0.00438245 0.00611904 0.00841127 0.0113852 0.015178 0.0199341 0.0257988 0.0329121 0.0414 0.0513668 0.0628866 0.0759964 0.0906903 0.106916 0.124573 0.143515 0.163552 0.184458 0.205976 0.227829 0.249728 0.271384 0.29251 0.312838 0.332117 0.350123 0.366659 0.381562 0.394694 0.40595 0.415247 0.422525 0.427745 0.430878 0.431911 0.430838 0.427664 0.422403 0.415083 0.405744 0.394448 0.381277 0.366341 0.349776 0.331751 0.312462 0.292135 0.271021 0.249391 0.227528 0.205722 0.184262 0.16342 0.143452 0.12458 0.106991 0.0908292 0.0761914 0.063128 0.0516432 0.0416992 0.0332218 0.0261077 0.020232 0.015457 0.0116392 0.00863656 0.00631389 0.00454694 0.00322511 0.00225277 0.0015495 0.00104938 0.000699695 0.0004593 0.000296813 0.000188828 0.000118269 7.29442e-05 4.43338e-05 2.6614e-05 1.58984e-05 9.67153e-06 6.38867e-06 
6.91089e-06 7.71021e-06 1.11077e-05 1.80445e-05 3.03311e-05 5.09806e-05 8.471e-05 0.000138648 0.000223287 0.000353708 0.0005511 0.000844553 0.0012731 0.00188785 0.00275419 0.00395357 0.00558492 0.00776511 0.0106282 0.0143234 0.0190108 0.0248564 0.0320241 0.0406675 0.0509203 0.0628866 0.076632 0.0921761 0.109487 0.128477 0.149006 0.170882 0.193867 0.217687 0.24204 0.266609 0.291068 0.3151 0.3384 0.360685 0.3817 0.401222 0.419062 0.435066 0.449112 0.461107 0.470984 0.478698 0.484219 0.48753 0.48862 0.487487 0.484133 0.478568 0.470808 0.460884 0.448842 0.434751 0.418704 0.400826 0.381273 0.360237 0.337942 0.314645 0.290629 0.266199 0.241674 0.217377 0.193623 0.170712 0.148915 0.128466 0.109553 0.0923141 0.0768322 0.0631372 0.0512081 0.0409785 0.0323446 0.0251739 0.0193146 0.0146052 0.0108823 0.00798798 0.00577548 0.00411252 0.00288365 0.00199088 0.00135324 0.000905533 0.0005965 0.000386793 0.000246892 0.00015514 9.59892e-05 5.85225e-05 3.52416e-05 2.11208e-05 1.28948e-05 8.55223e-06 
9.1622e-06 1.02278e-05 1.47033e-05 2.38105e-05 3.98908e-05 6.68256e-05 0.000110665 0.000180511 0.00028969 0.00045726 0.000709837 0.00108375 0.00162744 0.00240389 0.00349309 0.0049939 0.00702538 0.0097268 0.0132563 0.0177876 0.0235047 0.0305949 0.0392392 0.0496026 0.061822 0.0759964 0.0921761 0.110356 0.130469 0.152387 0.175921 0.200827 0.226815 0.253561 0.280715 0.307919 0.334819 0.361072 0.386359 0.410393 0.432921 0.45373 0.472647 0.489534 0.50429 0.516843 0.527147 0.535173 0.540906 0.544339 0.54547 0.544297 0.540821 0.535043 0.52697 0.516616 0.504012 0.489204 0.472266 0.453302 0.432451 0.40989 0.385833 0.360535 0.334286 0.307405 0.280236 0.253132 0.226451 0.20054 0.175719 0.152274 0.130447 0.11042 0.0923188 0.0762063 0.0620852 0.0499037 0.0395625 0.0309253 0.0238289 0.0180947 0.013538 0.00997781 0.00724292 0.00517758 0.00364432 0.00252545 0.00172286 0.00115698 0.000764784 0.000497596 0.000318668 0.000200887 0.000124685 7.6253e-05 4.60606e-05 2.76933e-05 1.69674e-05 1.12977e-05 
1.19864e-05 1.3387e-05 1.92043e-05 3.10033e-05 5.17722e-05 8.64461e-05 0.000142685 0.000231957 0.000370973 0.000583499 0.000902543 0.00137289 0.00205383 0.00302202 0.00437397 0.0062281 0.00872568 0.0120304 0.016326 0.0218119 0.028696 0.0371858 0.0474775 0.0597432 0.0741185 0.0906903 0.109487 0.130469 0.153529 0.178487 0.205101 0.233069 0.262044 0.291651 0.321494 0.351179 0.380323 0.408567 0.435587 0.461098 0.484859 0.506676 0.526397 0.543912 0.559145 0.572051 0.582607 0.590807 0.596652 0.600148 0.6013 0.600109 0.596573 0.590686 0.58244 0.571834 0.558875 0.543586 0.526015 0.506238 0.484369 0.460561 0.435013 0.407967 0.379711 0.350572 0.32091 0.291107 0.261559 0.232658 0.204777 0.17826 0.153403 0.130443 0.109556 0.0908441 0.0743431 0.0600223 0.0477936 0.0375214 0.029035 0.0221406 0.0166335 0.0123089 0.00897048 0.00643741 0.00454828 0.00316356 0.002166 0.0014597 0.000968207 0.000632061 0.000406103 0.000256818 0.000159894 9.80834e-05 5.94274e-05 3.58426e-05 2.20366e-05 1.47295e-05 
1.54751e-05 1.72907e-05 2.47525e-05 3.98393e-05 6.63159e-05 0.000110376 0.000181594 0.000294237 0.000468992 0.000735122 0.00113304 0.00171724 0.00255944 0.00375163 0.00540884 0.00767102 0.0107036 0.0146964 0.0198598 0.0264192 0.0346059 0.0446459 0.0567468 0.0710835 0.0877839 0.106916 0.128477 0.152387 0.178487 0.206542 0.236246 0.267238 0.299113 0.331443 0.36379 0.395727 0.42685 0.456793 0.485233 0.511898 0.536569 0.559076 0.5793 0.597162 0.612621 0.62566 0.636286 0.644515 0.650368 0.653864 0.655017 0.653832 0.650302 0.644412 0.636141 0.625468 0.612376 0.596861 0.578938 0.558651 0.536082 0.511352 0.484635 0.456153 0.426181 0.395044 0.363114 0.330793 0.298511 0.266704 0.235797 0.206193 0.178247 0.152259 0.128458 0.106999 0.087956 0.0713279 0.0570446 0.0449776 0.0349528 0.0267646 0.0201898 0.0150006 0.0109752 0.00790636 0.00560715 0.00391436 0.00268963 0.0018189 0.00121055 0.000792874 0.00051106 0.000324202 0.000202461 0.000124566 7.56975e-05 4.57966e-05 2.82519e-05 1.89543e-05 
1.97188e-05 2.204e-05 3.14864e-05 5.0528e-05 8.38475e-05 0.000139121 0.000228164 0.000368505 0.000585435 0.000914537 0.00140468 0.00212137 0.00315021 0.00460032 0.00660704 0.00933366 0.0129714 0.0177374 0.0238694 0.0316185 0.0412377 0.0529687 0.0670265 0.0835831 0.102752 0.124573 0.149006 0.175921 0.205101 0.236246 0.268987 0.302897 0.337514 0.372359 0.406957 0.440855 0.473637 0.504935 0.534441 0.561902 0.58713 0.609991 0.630403 0.648325 0.663753 0.676705 0.687218 0.695332 0.70109 0.704526 0.705661 0.704503 0.701042 0.695255 0.687105 0.676551 0.66355 0.648067 0.630082 0.609603 0.586672 0.561374 0.533846 0.504281 0.472935 0.44012 0.406209 0.371619 0.336806 0.302245 0.268414 0.235771 0.204738 0.17568 0.148887 0.124572 0.102858 0.08378 0.0672947 0.053287 0.0415848 0.0319748 0.024218 0.018065 0.0132687 0.00959482 0.00682981 0.00478512 0.00329951 0.00223897 0.00149509 0.000982404 0.000635214 0.000404192 0.000253165 0.000156216 9.52068e-05 5.77729e-05 3.57577e-05 2.40764e-05 
2.48007e-05 2.77282e-05 3.95328e-05 6.32585e-05 0.000104657 0.000173123 0.000283059 0.000455737 0.000721698 0.00112369 0.00172009 0.00258867 0.00383046 0.00557323 0.00797434 0.011222 0.0155345 0.0211569 0.0283545 0.0374028 0.0485744 0.0621231 0.078266 0.0971657 0.118913 0.143515 0.170882 0.200827 0.233069 0.267238 0.302897 0.339554 0.376692 0.413786 0.450328 0.485847 0.519925 0.552203 0.582394 0.610278 0.635704 0.658579 0.678866 0.696567 0.711717 0.724372 0.734599 0.742466 0.748034 0.751352 0.752451 0.75134 0.748007 0.74242 0.734528 0.724267 0.71157 0.696368 0.678606 0.658251 0.635299 0.609794 0.58183 0.551564 0.519218 0.485086 0.449531 0.412975 0.375894 0.338796 0.302206 0.266639 0.232582 0.200466 0.170654 0.143419 0.118942 0.0973031 0.0784932 0.0624178 0.0489132 0.0377633 0.0287168 0.0215046 0.0158555 0.0115082 0.00822154 0.0057806 0.00399966 0.00272316 0.00182432 0.00120252 0.000779924 0.000497748 0.000312666 0.000193478 0.000118249 7.19651e-05 4.4684e-05 3.01911e-05 
3.0791e-05 3.44339e-05 4.89967e-05 7.81846e-05 0.000128975 0.000212727 0.000346783 0.000556646 0.000878759 0.00136387 0.00208089 0.0031211 0.00460226 0.00667235 0.0095121 0.0133359 0.0183899 0.0249475 0.0333006 0.0437476 0.0565775 0.0720516 0.0903837 0.11172 0.136122 0.163552 0.193867 0.226815 0.262044 0.299113 0.337514 0.376692 0.416077 0.455104 0.493243 0.530012 0.565 0.597868 0.628359 0.656295 0.681567 0.704134 0.724003 0.741222 0.755871 0.76804 0.777828 0.785329 0.790624 0.793775 0.794821 0.793775 0.790621 0.785318 0.777802 0.767991 0.755788 0.741095 0.723819 0.703882 0.681238 0.655879 0.627853 0.597271 0.564316 0.529253 0.492424 0.454248 0.41521 0.375844 0.336717 0.298397 0.261435 0.226333 0.193524 0.163353 0.136062 0.111787 0.0905593 0.0723128 0.0568993 0.0441052 0.0336711 0.0253114 0.0187321 0.0136457 0.00978324 0.0069024 0.00479188 0.00327318 0.00219973 0.00145442 0.000946104 0.000605546 0.000381447 0.000236687 0.000145053 8.85266e-05 5.51367e-05 3.73776e-05 
3.774e-05 4.2213e-05 5.99514e-05 9.54095e-05 0.00015695 0.00025814 0.000419614 0.000671591 0.00105705 0.00163552 0.00248745 0.00371872 0.0054651 0.00789596 0.0112166 0.0156683 0.0215257 0.0290901 0.0386786 0.0506101 0.0651863 0.0826712 0.103269 0.127102 0.154194 0.184458 0.217687 0.253561 0.291651 0.331443 0.372359 0.413786 0.455104 0.495719 0.535083 0.572717 0.608224 0.641297 0.671718 0.699354 0.724149 0.746112 0.765302 0.781815 0.795769 0.807293 0.816516 0.823554 0.828508 0.831453 0.832433 0.831464 0.82853 0.82358 0.816539 0.807304 0.795757 0.781767 0.765205 0.745952 0.723911 0.699026 0.671292 0.640767 0.607591 0.571987 0.534269 0.494843 0.454192 0.412869 0.371472 0.330621 0.290926 0.252959 0.217228 0.18415 0.154038 0.127089 0.103383 0.0828894 0.0654826 0.0509574 0.0390514 0.0294658 0.0218861 0.0159998 0.0115107 0.00814839 0.00567531 0.00388886 0.00262149 0.00173843 0.0011341 0.000727889 0.000459753 0.00028603 0.000175754 0.000107555 6.71863e-05 4.56911e-05 
4.56713e-05 5.10916e-05 7.24274e-05 0.000114969 0.00018862 0.000309393 0.000501556 0.000800498 0.00125632 0.00193811 0.00293867 0.00437951 0.00641541 0.00923815 0.0130784 0.0182049 0.0249204 0.0335532 0.0444441 0.0579292 0.0743187 0.0938738 0.116782 0.143137 0.172916 0.205976 0.24204 0.280715 0.321494 0.36379 0.406957 0.450328 0.493243 0.535083 0.575296 0.613413 0.649063 0.681978 0.711986 0.739007 0.763041 0.78415 0.802444 0.818065 0.831172 0.841928 0.850489 0.856993 0.861557 0.864264 0.865169 0.864288 0.861601 0.857055 0.85056 0.841999 0.831232 0.8181 0.802439 0.784088 0.762906 0.738782 0.711658 0.681536 0.648504 0.612737 0.574514 0.534213 0.49231 0.449364 0.406 0.362877 0.320664 0.279999 0.241465 0.205557 0.17266 0.143038 0.116827 0.0940407 0.0745813 0.058259 0.0448131 0.0339358 0.0252953 0.0185557 0.013394 0.0095123 0.00664608 0.00456791 0.00308832 0.00205384 0.00134356 0.000864631 0.000547539 0.000341508 0.000210372 0.000129075 8.08573e-05 5.51547e-05 
5.45749e-05 6.10582e-05 8.64034e-05 0.00013682 0.000223896 0.000366314 0.000592286 0.000942788 0.00147558 0.00226994 0.0034318 0.00509907 0.00744637 0.0106886 0.0150821 0.0209232 0.0285423 0.0382931 0.0505377 0.0656261 0.0838724 0.105529 0.130763 0.159628 0.192053 0.227829 0.266609 0.307919 0.351179 0.395727 0.440855 0.485847 0.530012 0.572717 0.613413 0.651652 0.687099 0.719529 0.748826 0.774966 0.798004 0.818058 0.835289 0.849881 0.862032 0.871935 0.87977 0.885694 0.889835 0.892289 0.893112 0.892323 0.889902 0.885788 0.879885 0.872062 0.86216 0.849996 0.835375 0.818097 0.797976 0.774852 0.748608 0.719192 0.686633 0.651054 0.612687 0.571878 0.529083 0.48486 0.439847 0.394741 0.350257 0.307099 0.265923 0.227301 0.191694 0.159438 0.130732 0.105638 0.0840942 0.0659316 0.050897 0.0386778 0.028928 0.0212907 0.0154174 0.0109834 0.00769702 0.00530566 0.00359722 0.0023988 0.00157336 0.0010151 0.000644419 0.000402905 0.00024879 0.000153025 9.61185e-05 6.57526e-05 
6.44027e-05 7.20582e-05 0.000101798 0.000160823 0.00026254 0.000428496 0.00069112 0.00109733 0.001713 0.00262811 0.00396231 0.00587052 0.00854772 0.0122322 0.0172063 0.0237934 0.0323502 0.0432544 0.0568863 0.0736062 0.0937276 0.117489 0.145029 0.176359 0.211351 0.249728 0.291068 0.334819 0.380323 0.42685 0.473637 0.519925 0.565 0.608224 0.649063 0.687099 0.722038 0.753707 0.782047 0.807092 0.828957 0.847812 0.863864 0.877339 0.888469 0.897472 0.904549 0.909871 0.913578 0.91577 0.916509 0.915813 0.913663 0.909993 0.904703 0.897649 0.888659 0.877529 0.864037 0.847949 0.829037 0.807092 0.781945 0.753484 0.721678 0.686594 0.648413 0.607438 0.564097 0.518936 0.4726 0.42581 0.379324 0.333906 0.29028 0.249095 0.21089 0.176077 0.144919 0.117534 0.0939024 0.0738815 0.0572303 0.0436363 0.0327429 0.0241745 0.0175593 0.0125464 0.00881762 0.00609499 0.00414347 0.00277024 0.00182154 0.00117807 0.000749634 0.000469763 0.000290736 0.000179246 0.000112875 7.74236e-05 
