0.00412317 0.00415678 0.00426469 0.00444762 0.00470631 0.00504179 0.00545532 0.00594834 0.00652244 0.00717927 0.00792051 0.00874779 0.0096626 0.0106662 0.0117597 0.0129437 0.0142184 0.0155834 0.0170379 0.0185803 0.0202083 0.0219188 0.023708 0.0255711 0.0275025 0.0294957 0.0315434 0.0336372 0.0357682 0.0379265 0.0401015 0.0422821 0.0444563 0.046612 0.0487365 0.0508169 0.0528403 0.0547935 0.0566639 0.0584386 0.0601056 0.0616532 0.0630704 0.0643468 0.0654734 0.0664416 0.0672444 0.0678758 0.0683309 0.0686065 0.0687003 0.0686117 0.0683414 0.0678915 0.0672654 0.0664679 0.0655049 0.0643837 0.0631125 0.0617007 0.0601584 0.0584967 0.0567271 0.0548619 0.0529136 0.0508951 0.0488194 0.0466994 0.044548 0.0423778 0.040201 0.0380293 0.035874 0.0337455 0.0316538 0.0296078 0.0276158 0.025685 0.023822 0.0220324 0.0203209 0.0186913 0.0171468 0.0156897 0.0143215 0.0130432 0.0118551 0.0107569 0.00974823 0.00882794 0.00799482 0.00724738 0.00658406 0.0060032 0.00550318 0.00508245 0.00473962 0.00447345 0.00428297 0.00416768 
0.00415678 0.00419067 0.00429948 0.0044839 0.00474469 0.00508289 0.00549976 0.00599674 0.00657544 0.00723752 0.00798467 0.00881851 0.00974056 0.0107521 0.0118542 0.0130474 0.014332 0.0157076 0.0171733 0.0187276 0.020368 0.0220915 0.0238942 0.0257714 0.0277172 0.0297253 0.0317881 0.0338974 0.036044 0.0382181 0.0404089 0.0426052 0.0447951 0.0469662 0.0491058 0.051201 0.0532387 0.0552057 0.0570891 0.0588763 0.0605548 0.0621131 0.0635401 0.0648253 0.0659596 0.0669345 0.0677428 0.0683784 0.0688367 0.069114 0.0692084 0.0691192 0.068847 0.068394 0.0677636 0.0669605 0.0659909 0.0648619 0.0635819 0.0621602 0.0606072 0.0589338 0.0571519 0.0552735 0.0533115 0.0512787 0.0491883 0.0470532 0.0448863 0.0427005 0.0405079 0.0383205 0.0361494 0.0340054 0.0318983 0.0298371 0.0278303 0.0258851 0.0240081 0.022205 0.0204805 0.0188385 0.0172822 0.0158139 0.0144352 0.013147 0.0119496 0.0108429 0.0098263 0.00889878 0.00805909 0.00730575 0.00663718 0.00605171 0.00554771 0.00512364 0.00477808 0.0045098 0.00431781 0.00420161 
0.00426469 0.00429948 0.00441099 0.00459995 0.00486712 0.00521355 0.00564053 0.00614951 0.00674213 0.00742006 0.00818502 0.00903865 0.00998246 0.0110178 0.0121456 0.0133665 0.0146808 0.0160879 0.0175871 0.0191766 0.020854 0.0226161 0.0244589 0.0263776 0.0283662 0.0304181 0.0325257 0.0346804 0.0368731 0.0390935 0.0413307 0.0435732 0.0458089 0.0480253 0.0502092 0.0523476 0.054427 0.0564342 0.0583559 0.0601792 0.0618916 0.0634811 0.0649366 0.0662475 0.0674043 0.0683985 0.0692227 0.0698709 0.0703381 0.0706208 0.070717 0.0706258 0.0703481 0.069886 0.0692429 0.0684238 0.0674347 0.0662831 0.0649773 0.0635271 0.0619427 0.0602354 0.0584172 0.0565006 0.0544984 0.0524238 0.0502902 0.0481108 0.0458988 0.0436671 0.0414284 0.0391946 0.0369773 0.0347874 0.0326348 0.030529 0.0284784 0.0264906 0.0245722 0.0227291 0.0209661 0.0192873 0.0176959 0.0161942 0.0147839 0.0134661 0.0122411 0.0111087 0.0100684 0.00911918 0.00825972 0.00748858 0.00680415 0.00620476 0.00568874 0.00525454 0.00490071 0.00462602 0.00442946 0.00431051 
0.00444762 0.0044839 0.00459995 0.0047965 0.00507435 0.00543456 0.00587846 0.00640753 0.00702342 0.00772787 0.0085226 0.00940928 0.0103895 0.0114644 0.0126352 0.0139024 0.0152661 0.0167259 0.0182808 0.019929 0.0216679 0.0234943 0.0254039 0.0273916 0.0294513 0.0315761 0.0337581 0.0359884 0.0382575 0.0405547 0.0428689 0.0451882 0.0475 0.0497913 0.0520487 0.0542587 0.0564073 0.058481 0.0604661 0.0623493 0.0641177 0.0657591 0.0672618 0.0686151 0.0698092 0.0708353 0.071686 0.0723548 0.0728368 0.0731284 0.0732275 0.0731332 0.0728464 0.0723692 0.0717052 0.0708594 0.0698381 0.068649 0.0673007 0.065803 0.0641666 0.0624033 0.0605251 0.058545 0.0564763 0.0543324 0.0521272 0.0498744 0.0475874 0.0452798 0.0429644 0.0406537 0.0383597 0.0360935 0.0338655 0.0316855 0.0295622 0.0275034 0.0255162 0.0236065 0.0217794 0.0200392 0.0183892 0.016832 0.0153692 0.0140021 0.0127309 0.0115557 0.0104758 0.0094902 0.00859773 0.00779683 0.00708589 0.0064632 0.00592708 0.00547593 0.00510827 0.00482285 0.00461862 0.00449508 
0.00470631 0.00474469 0.00486712 0.00507435 0.0053672 0.00574678 0.00621443 0.00677171 0.0074203 0.00816197 0.00899849 0.00993157 0.0109628 0.0120934 0.0133244 0.0146564 0.0160894 0.017623 0.019256 0.0209864 0.0228116 0.0247279 0.0267309 0.0288152 0.0309744 0.0332011 0.0354871 0.037823 0.0401989 0.0426036 0.0450254 0.0474518 0.0498698 0.0522658 0.0546258 0.0569356 0.0591809 0.0613474 0.0634209 0.0653876 0.0672342 0.0689478 0.0705163 0.0719288 0.0731748 0.0742455 0.075133 0.0758306 0.0763333 0.0766373 0.0767404 0.0766417 0.0763422 0.0758439 0.0751507 0.0742678 0.0732017 0.0719603 0.0705526 0.0689888 0.06728 0.0654384 0.0634766 0.0614079 0.0592463 0.0570058 0.0547007 0.0523453 0.0499538 0.0475401 0.0451176 0.0426995 0.0402982 0.0379254 0.0355921 0.0333083 0.0310833 0.0289253 0.0268417 0.0248388 0.0229221 0.0210959 0.0193639 0.0177288 0.0161925 0.0147561 0.0134203 0.0121849 0.0110495 0.010013 0.00907417 0.00823152 0.00748336 0.00682797 0.00626361 0.00578865 0.00540157 0.00510107 0.00488608 0.00475608 
0.00504179 0.00508289 0.00521355 0.00543456 0.00574678 0.00615135 0.00664966 0.00724332 0.00793408 0.00872375 0.00961416 0.010607 0.011704 0.0129063 0.0142149 0.0156304 0.0171528 0.0187813 0.0205148 0.022351 0.0242871 0.0263191 0.0284422 0.0306507 0.0329377 0.0352954 0.0377149 0.0401866 0.0426995 0.0452422 0.047802 0.050366 0.0529203 0.0554505 0.0579421 0.06038 0.0627492 0.0650346 0.0672215 0.0692952 0.0712418 0.0730479 0.0747009 0.076189 0.0775017 0.0786295 0.079564 0.0802986 0.0808278 0.0811476 0.0812558 0.0811516 0.0808357 0.0803105 0.07958 0.0786495 0.077526 0.0762176 0.0747338 0.0730853 0.0712837 0.0693418 0.0672727 0.0650906 0.0628099 0.0604455 0.0580124 0.0555255 0.0529997 0.0504499 0.0478901 0.0453341 0.0427951 0.0402854 0.0378167 0.0353996 0.033044 0.0307585 0.028551 0.0264283 0.0243962 0.0224595 0.0206219 0.0188866 0.0172555 0.0157301 0.014311 0.0129982 0.0117912 0.010689 0.00969048 0.00879399 0.00799785 0.00730028 0.00669951 0.00619383 0.00578169 0.00546174 0.00523287 0.00509454 
0.00545532 0.00549976 0.00564053 0.00587846 0.00621443 0.00664966 0.00718558 0.00782388 0.00856635 0.00941489 0.0103714 0.0114376 0.0126151 0.0139052 0.0153089 0.0168267 0.0184584 0.0202032 0.0220596 0.0240253 0.026097 0.0282704 0.0305404 0.0329007 0.0353439 0.0378615 0.0404443 0.0430815 0.0457619 0.0484728 0.0512012 0.0539329 0.0566533 0.0593473 0.0619992 0.0645932 0.0671133 0.0695437 0.0718686 0.0740727 0.0761412 0.07806 0.0798157 0.0813961 0.0827898 0.083987 0.0849789 0.0857584 0.0863198 0.0866589 0.0867733 0.0866622 0.0863265 0.0857685 0.0849925 0.0840042 0.0828107 0.0814208 0.0798444 0.0780928 0.0761783 0.0741141 0.0719145 0.0695942 0.0671684 0.064653 0.0620637 0.0594165 0.0567272 0.0540113 0.0512839 0.0485597 0.0458527 0.043176 0.0405419 0.0379621 0.0354468 0.0330055 0.0306466 0.0283775 0.0262043 0.0241323 0.0221657 0.0203077 0.0185607 0.0169262 0.0154051 0.0139974 0.0127027 0.0115201 0.0104484 0.0094859 0.00863092 0.00788164 0.0072362 0.00669285 0.00624997 0.00590616 0.00566026 0.00551171 
0.00594834 0.00599674 0.00614951 0.00640753 0.00677171 0.00724332 0.00782388 0.00851513 0.00931895 0.0102373 0.0112721 0.0124252 0.0136982 0.0150925 0.0166088 0.0182477 0.0200088 0.0218912 0.0238931 0.026012 0.0282441 0.0305848 0.0330284 0.035568 0.0381957 0.0409023 0.0436777 0.0465105 0.0493883 0.0522978 0.0552249 0.0581544 0.0610708 0.0639577 0.0667985 0.0695764 0.0722743 0.0748754 0.0773628 0.0797204 0.0819324 0.0839837 0.0858603 0.0875491 0.0890382 0.090317 0.0913764 0.0922087 0.0928079 0.0931697 0.0932915 0.0931724 0.0928133 0.0922168 0.0913873 0.0903309 0.0890552 0.0875694 0.085884 0.0840111 0.0819636 0.0797556 0.0774023 0.0749192 0.0723226 0.0696293 0.0668561 0.06402 0.0611378 0.0582262 0.0553012 0.0523786 0.0494733 0.0465995 0.0437703 0.0409982 0.0382944 0.0356691 0.0331313 0.0306891 0.0283491 0.0261171 0.0239978 0.0219946 0.0201104 0.0183469 0.0167049 0.0151848 0.0137863 0.0125084 0.0113498 0.0103091 0.00938437 0.00857374 0.00787533 0.00728729 0.00680794 0.00643582 0.00616972 0.00600905 
0.00652244 0.00657544 0.00674213 0.00702342 0.0074203 0.00793408 0.00856635 0.00931895 0.0101938 0.011193 0.0123185 0.0135722 0.0149558 0.0164704 0.0181171 0.0198959 0.0218067 0.0238481 0.0260182 0.0283139 0.0307312 0.033265 0.0359088 0.0386554 0.0414958 0.0444203 0.0474177 0.0504757 0.053581 0.0567192 0.0598749 0.0630321 0.0661738 0.0692826 0.0723407 0.0753299 0.0782322 0.0810293 0.0837035 0.0862373 0.088614 0.0908175 0.0928329 0.0946461 0.0962446 0.0976172 0.0987539 0.0996469 0.10029 0.100677 0.100808 0.100679 0.100293 0.0996526 0.0987617 0.0976272 0.0962571 0.0946612 0.0928508 0.0908386 0.0886384 0.0862653 0.0837354 0.0810653 0.0782725 0.0753747 0.0723901 0.0693368 0.0662328 0.063096 0.0599437 0.0567927 0.0536591 0.0505582 0.0475042 0.0445106 0.0415895 0.038752 0.0360078 0.0333658 0.0308333 0.0284166 0.0261209 0.0239501 0.0219073 0.0199945 0.0182129 0.0165628 0.0150441 0.0136559 0.0123969 0.0112656 0.0102601 0.00937845 0.00861867 0.00797886 0.00745727 0.00705235 0.00676284 0.00658813 
0.00717927 0.00723752 0.00742006 0.00772787 0.00816197 0.00872375 0.00941489 0.0102373 0.011193 0.0122842 0.0135128 0.0148809 0.0163901 0.0180416 0.0198362 0.0217741 0.0238547 0.0260766 0.0284374 0.0309337 0.033561 0.0363136 0.0391844 0.0421652 0.0452466 0.0484176 0.0516661 0.0549789 0.0583414 0.061738 0.0651522 0.0685665 0.0719626 0.075322 0.0786252 0.081853 0.0849857 0.088004 0.0908887 0.0936211 0.0961834 0.0985584 0.10073 0.102684 0.104405 0.105883 0.107107 0.108068 0.10876 0.109177 0.109317 0.109178 0.108762 0.108071 0.107111 0.105889 0.104413 0.102693 0.100741 0.0985723 0.0962001 0.0936409 0.0909119 0.088031 0.0850168 0.0818885 0.0786653 0.0753668 0.0720125 0.0686214 0.0652122 0.0618031 0.0584114 0.0550538 0.0517456 0.0485013 0.0453343 0.0422564 0.0392786 0.0364102 0.0336595 0.0310335 0.0285377 0.0261767 0.0239539 0.0218717 0.0199315 0.0181338 0.0164786 0.014965 0.0135918 0.0123575 0.0112601 0.0102977 0.00946808 0.00876937 0.0081997 0.00775745 0.00744131 0.00725063 
0.00792051 0.00798467 0.00818502 0.0085226 0.00899849 0.00961416 0.0103714 0.0112721 0.0123185 0.0135128 0.0148571 0.0163534 0.0180034 0.0198082 0.0217685 0.0238845 0.0261552 0.0285791 0.0311532 0.0338738 0.0367358 0.0397327 0.042857 0.0460994 0.0494496 0.0528956 0.0564243 0.060021 0.0636701 0.0673546 0.0710565 0.074757 0.0784364 0.0820744 0.0856503 0.0891432 0.0925321 0.095796 0.0989145 0.101868 0.104636 0.107201 0.109546 0.111655 0.113514 0.115109 0.11643 0.117466 0.118212 0.118662 0.118812 0.118662 0.118212 0.117466 0.11643 0.11511 0.113515 0.111658 0.10955 0.107207 0.104644 0.101878 0.098928 0.0958129 0.0925527 0.0891681 0.0856797 0.0821086 0.0784756 0.0748015 0.0711064 0.0674099 0.0637309 0.0600871 0.0564955 0.0529717 0.0495302 0.0461842 0.0429454 0.0398243 0.0368299 0.0339698 0.0312504 0.0286767 0.0262526 0.0239808 0.0218629 0.0198999 0.0180917 0.0164377 0.0149366 0.0135868 0.0123864 0.0113333 0.0104254 0.00966059 0.00903698 0.00855285 0.00820682 0.00799821 
0.00874779 0.00881851 0.00903865 0.00940928 0.00993157 0.010607 0.0114376 0.0124252 0.0135722 0.0148809 0.0163534 0.0179918 0.0197977 0.0217723 0.0239162 0.0262292 0.0287103 0.0313574 0.0341674 0.0371359 0.0402571 0.0435239 0.0469279 0.050459 0.0541056 0.0578548 0.0616921 0.0656017 0.0695663 0.0735677 0.0775862 0.0816015 0.0855922 0.0895364 0.0934119 0.097196 0.100866 0.1044 0.107775 0.11097 0.113964 0.116738 0.119274 0.121553 0.123561 0.125285 0.126711 0.127831 0.128636 0.129121 0.129283 0.12912 0.128634 0.127827 0.126707 0.12528 0.123556 0.121548 0.119269 0.116735 0.113962 0.11097 0.107777 0.104405 0.100875 0.097209 0.0934293 0.0895586 0.0856195 0.0816343 0.0776247 0.073612 0.0696165 0.0656577 0.0617538 0.057922 0.0541781 0.0505363 0.0470096 0.0436095 0.040346 0.0372274 0.0342608 0.0314519 0.0288052 0.0263236 0.0240093 0.0218632 0.0198857 0.018076 0.0164331 0.0149553 0.0136407 0.0124871 0.0114923 0.0106542 0.00997078 0.00944018 0.009061 0.00883251 
0.0096626 0.00974056 0.00998246 0.0103895 0.0109628 0.011704 0.0126151 0.0136982 0.0149558 0.0163901 0.0180034 0.0197977 0.0217747 0.0239356 0.0262807 0.0288097 0.0315213 0.0344129 0.0374811 0.0407208 0.0441256 0.0476876 0.0513973 0.0552436 0.059214 0.0632941 0.0674682 0.0717189 0.0760276 0.0803742 0.0847376 0.0890956 0.0934251 0.0977026 0.101904 0.106004 0.10998 0.113807 0.117461 0.120918 0.124158 0.127159 0.1299 0.132365 0.134536 0.136398 0.137939 0.139149 0.140018 0.140542 0.140716 0.140539 0.140013 0.139141 0.13793 0.136387 0.134523 0.132352 0.129887 0.127145 0.124145 0.120907 0.117451 0.1138 0.109976 0.106004 0.101908 0.0977114 0.0934392 0.0891152 0.0847632 0.080406 0.0760658 0.0717635 0.0675191 0.0633513 0.0592771 0.0553124 0.0514712 0.0477662 0.0442083 0.0408069 0.0375699 0.0345037 0.031613 0.0289016 0.0263719 0.0240252 0.0218619 0.0198815 0.0180829 0.0164647 0.0150246 0.0137607 0.0126705 0.0117519 0.0110026 0.010421 0.0100053 0.00975502 
0.0106662 0.0107521 0.0110178 0.0114644 0.0120934 0.0129063 0.0139052 0.0150925 0.0164704 0.0180416 0.0198082 0.0217723 0.0239356 0.026299 0.028863 0.0316268 0.0345887 0.0377461 0.0410946 0.0446286 0.0483409 0.0522229 0.0562639 0.0604518 0.0647727 0.069211 0.0737493 0.0783689 0.0830493 0.0877689 0.0925046 0.0972325 0.101928 0.106564 0.111117 0.115559 0.119864 0.124006 0.127959 0.1317 0.135204 0.138448 0.141411 0.144075 0.14642 0.148432 0.150096 0.151402 0.152341 0.152906 0.153094 0.152902 0.152333 0.151391 0.150082 0.148414 0.1464 0.144053 0.141388 0.138423 0.135179 0.131676 0.127937 0.123985 0.119845 0.115544 0.111106 0.106558 0.101927 0.0972376 0.092516 0.0877868 0.0830741 0.0784006 0.073788 0.0692566 0.0648251 0.0605107 0.0563289 0.0522934 0.0484165 0.0447084 0.0411779 0.0378321 0.0346766 0.0317156 0.0289518 0.0263868 0.0240214 0.0218553 0.0198874 0.0181161 0.0165395 0.0151553 0.0139611 0.0129547 0.0121338 0.0114965 0.0110412 0.010767 
0.0117597 0.0118542 0.0121456 0.0126352 0.0133244 0.0142149 0.0153089 0.0166088 0.0181171 0.0198362 0.0217685 0.0239162 0.0262807 0.028863 0.0316631 0.0346803 0.0379124 0.0413561 0.0450067 0.0488577 0.0529013 0.0571275 0.0615249 0.06608 0.0707776 0.0756005 0.08053 0.0855453 0.0906245 0.0957439 0.100879 0.106003 0.111089 0.11611 0.121039 0.125845 0.130502 0.134981 0.139255 0.143298 0.147083 0.150587 0.153787 0.156662 0.159194 0.161365 0.163161 0.16457 0.165582 0.166192 0.166393 0.166186 0.165572 0.164554 0.163141 0.16134 0.159166 0.156631 0.153753 0.150551 0.147046 0.14326 0.139218 0.134945 0.130468 0.125815 0.121012 0.116088 0.111072 0.105992 0.100874 0.0957465 0.0906344 0.0855628 0.0805551 0.0756334 0.070818 0.0661278 0.0615797 0.0571888 0.0529685 0.0489302 0.0450836 0.0414366 0.0379956 0.0347652 0.0317488 0.0289483 0.0263647 0.0239979 0.0218469 0.0199103 0.018186 0.0166718 0.0153652 0.0142638 0.0133653 0.0126677 0.0121694 0.0118695 
0.0129437 0.0130474 0.0133665 0.0139024 0.0146564 0.0156304 0.0168267 0.0182477 0.0198959 0.0217741 0.0238845 0.0262292 0.0288097 0.0316268 0.0346803 0.037969 0.0414906 0.0452411 0.0492151 0.0534054 0.0578031 0.0623975 0.0671756 0.0721229 0.0772225 0.0824558 0.0878022 0.0932394 0.0987433 0.104288 0.109848 0.115393 0.120896 0.126326 0.131653 0.136846 0.141877 0.146713 0.151327 0.15569 0.159774 0.163553 0.167004 0.170104 0.172832 0.175172 0.177107 0.178625 0.179715 0.180371 0.180588 0.180364 0.179702 0.178605 0.177081 0.17514 0.172795 0.170062 0.166958 0.163504 0.159723 0.155638 0.151275 0.146662 0.141826 0.136799 0.131609 0.126286 0.120861 0.115365 0.109826 0.104274 0.0987369 0.0932412 0.0878124 0.0824744 0.0772496 0.0721582 0.0672189 0.0624483 0.0578609 0.0534694 0.0492845 0.0453151 0.0415683 0.0380493 0.0347621 0.031709 0.0288913 0.0263091 0.0239616 0.0218474 0.0199644 0.0183104 0.016883 0.0156795 0.0146976 0.0139353 0.0133908 0.0130632 
0.0142184 0.014332 0.0146808 0.0152661 0.0160894 0.0171528 0.0184584 0.0200088 0.0218067 0.0238547 0.0261552 0.0287103 0.0315213 0.0345887 0.0379124 0.0414906 0.0453205 0.0493976 0.0537157 0.0582669 0.0630412 0.0680266 0.0732091 0.0785726 0.0840987 0.0897671 0.0955554 0.101439 0.107393 0.113388 0.119397 0.125388 0.13133 0.137191 0.142939 0.148541 0.153965 0.159179 0.164151 0.16885 0.173249 0.177318 0.181032 0.184368 0.187304 0.189821 0.191902 0.193535 0.194707 0.195412 0.195644 0.195403 0.19469 0.19351 0.19187 0.189781 0.187257 0.184316 0.180974 0.177256 0.173183 0.168783 0.164082 0.15911 0.153897 0.148475 0.142876 0.137132 0.131276 0.12534 0.119357 0.113356 0.107369 0.101424 0.0955491 0.0897701 0.084111 0.0785941 0.0732396 0.0680656 0.0630882 0.0583212 0.0537766 0.0494641 0.0453916 0.0415653 0.0379895 0.0346672 0.0315998 0.0287878 0.0262305 0.0239267 0.0218743 0.020071 0.0185144 0.0172018 0.0161308 0.0152992 0.0147053 0.0143482 
0.0155834 0.0157076 0.0160879 0.0167259 0.017623 0.0187813 0.0202032 0.0218912 0.0238481 0.0260766 0.0285791 0.0313574 0.0344129 0.0377461 0.0413561 0.0452411 0.0493976 0.0538204 0.0585027 0.0634356 0.0686079 0.0740065 0.0796161 0.0854188 0.0913948 0.0975219 0.103776 0.11013 0.116557 0.123026 0.129507 0.135965 0.142369 0.148683 0.154873 0.160904 0.166741 0.172349 0.177696 0.182748 0.187476 0.191848 0.195838 0.199421 0.202574 0.205276 0.20751 0.209262 0.21052 0.211276 0.211525 0.211265 0.210499 0.209232 0.20747 0.205227 0.202517 0.199357 0.195768 0.191772 0.187395 0.182664 0.17761 0.172262 0.166654 0.160819 0.154791 0.148605 0.142296 0.135898 0.129446 0.122974 0.116513 0.110096 0.103751 0.0975077 0.0913908 0.0854251 0.0796323 0.0740325 0.0686429 0.0634791 0.0585539 0.0538784 0.0494612 0.0453093 0.0414277 0.0378199 0.0344877 0.0314319 0.028652 0.0261468 0.0239144 0.0219526 0.0202587 0.0188301 0.0176643 0.0167592 0.0161127 0.0157241 
0.0170379 0.0171733 0.0175871 0.0182808 0.019256 0.0205148 0.0220596 0.0238931 0.0260182 0.0284374 0.0311532 0.0341674 0.0374811 0.0410946 0.0450067 0.0492151 0.0537157 0.0585027 0.0635684 0.0689028 0.0744936 0.0803265 0.0863846 0.0926484 0.0990964 0.105704 0.112446 0.119293 0.126216 0.13318 0.140154 0.147102 0.153988 0.160775 0.167426 0.173904 0.180171 0.186191 0.191928 0.197347 0.202417 0.207105 0.211382 0.215221 0.218599 0.221494 0.223887 0.225762 0.227109 0.227918 0.228185 0.227906 0.227085 0.225727 0.22384 0.221436 0.218532 0.215145 0.211297 0.207013 0.20232 0.197246 0.191823 0.186084 0.180064 0.173797 0.167322 0.160675 0.153893 0.147013 0.140073 0.133107 0.126151 0.119239 0.112403 0.105672 0.0990748 0.092638 0.0863853 0.080338 0.0745154 0.0689342 0.0636087 0.0585509 0.0537707 0.0492758 0.0450719 0.0411629 0.0375514 0.0342381 0.0312231 0.0285053 0.0260827 0.0239532 0.0221142 0.020563 0.019297 0.018314 0.017612 0.0171902 
0.0185803 0.0187276 0.0191766 0.019929 0.0209864 0.022351 0.0240253 0.026012 0.0283139 0.0309337 0.0338738 0.0371359 0.0407208 0.0446286 0.0488577 0.0534054 0.0582669 0.0634356 0.0689028 0.0746575 0.0806862 0.0869732 0.0935 0.100245 0.107186 0.114296 0.121546 0.128907 0.136345 0.143826 0.151313 0.158769 0.166156 0.173434 0.180564 0.187504 0.194218 0.200664 0.206805 0.212605 0.218029 0.223043 0.227617 0.231722 0.235332 0.238426 0.240983 0.242987 0.244426 0.24529 0.245574 0.245276 0.244398 0.242946 0.240929 0.238359 0.235254 0.231633 0.227519 0.222936 0.217915 0.212486 0.206681 0.200537 0.194089 0.187377 0.180437 0.173311 0.166038 0.158657 0.151209 0.14373 0.136259 0.128831 0.121482 0.114243 0.107145 0.100217 0.0934837 0.0869689 0.0806934 0.0746755 0.0689309 0.0634729 0.0583123 0.0534576 0.0489156 0.0446906 0.0407857 0.0372021 0.0339401 0.0309987 0.0283762 0.0260704 0.0240787 0.0223984 0.0210269 0.019962 0.0192015 0.0187447 
0.0202083 0.020368 0.020854 0.0216679 0.0228116 0.0242871 0.026097 0.0282441 0.0307312 0.033561 0.0367358 0.0402571 0.0441256 0.0483409 0.0529013 0.0578031 0.0630412 0.0686079 0.0744936 0.0806862 0.087171 0.0939305 0.100945 0.108191 0.115643 0.123274 0.131052 0.138945 0.146918 0.154932 0.162951 0.170933 0.178838 0.186623 0.194247 0.201666 0.208839 0.215725 0.222283 0.228475 0.234263 0.239613 0.244492 0.24887 0.25272 0.256018 0.258744 0.260879 0.262412 0.263333 0.263635 0.263317 0.262381 0.260833 0.258682 0.255942 0.252631 0.248769 0.24438 0.239491 0.234132 0.228337 0.222139 0.215577 0.208689 0.201515 0.194097 0.186477 0.178696 0.170797 0.162823 0.154813 0.146808 0.138846 0.130965 0.1232 0.115582 0.108143 0.10091 0.0939091 0.0871623 0.0806897 0.0745085 0.0686332 0.0630758 0.0578459 0.0529508 0.0483958 0.0441843 0.0403182 0.0367978 0.0336225 0.0307907 0.0283003 0.0261487 0.0243333 0.0228513 0.0217005 0.0208788 0.0203853 
0.0219188 0.0220915 0.0226161 0.0234943 0.0247279 0.0263191 0.0282704 0.0305848 0.033265 0.0363136 0.0397327 0.0435239 0.0476876 0.0522229 0.0571275 0.0623975 0.0680266 0.0740065 0.0803265 0.0869732 0.0939305 0.101179 0.108698 0.116462 0.124443 0.132612 0.140936 0.149378 0.157902 0.166467 0.175033 0.183557 0.191994 0.200301 0.208432 0.216342 0.223988 0.231324 0.23831 0.244903 0.251066 0.256759 0.261951 0.266608 0.270703 0.27421 0.277108 0.279378 0.281008 0.281986 0.282307 0.281968 0.280972 0.279326 0.277038 0.274125 0.270602 0.266494 0.261823 0.25662 0.250917 0.244746 0.238146 0.231155 0.223815 0.216168 0.208258 0.20013 0.191827 0.183395 0.174879 0.166322 0.157767 0.149255 0.140825 0.132515 0.124361 0.116393 0.108644 0.10114 0.0939047 0.0869609 0.0803269 0.0740187 0.0680494 0.0624297 0.0571677 0.0522696 0.0477393 0.043579 0.0397897 0.0363708 0.0333211 0.0306383 0.0283201 0.0263638 0.0247666 0.0235263 0.0226407 0.022109 
0.023708 0.0238942 0.0244589 0.0254039 0.0267309 0.0284422 0.0305404 0.0330284 0.0359088 0.0391844 0.042857 0.0469279 0.0513973 0.0562639 0.0615249 0.0671756 0.0732091 0.0796161 0.0863846 0.0935 0.100945 0.108698 0.116737 0.125034 0.13356 0.142282 0.151165 0.160172 0.169261 0.178392 0.187518 0.196597 0.20558 0.21442 0.22307 0.231483 0.239611 0.247408 0.254829 0.261832 0.268375 0.27442 0.279929 0.284871 0.289215 0.292935 0.296008 0.298416 0.300144 0.301181 0.30152 0.301161 0.300104 0.298358 0.295931 0.29284 0.289103 0.284743 0.279787 0.274264 0.268208 0.261655 0.254644 0.247216 0.239415 0.231285 0.222872 0.214223 0.205387 0.19641 0.187339 0.178221 0.169101 0.160024 0.15103 0.142161 0.133454 0.124943 0.116662 0.108639 0.1009 0.0934706 0.0863693 0.0796139 0.073219 0.0671962 0.0615548 0.0563016 0.0514411 0.0469763 0.0429082 0.0392369 0.035961 0.0330787 0.0305876 0.028485 0.0267683 0.0254351 0.0244832 0.0239118 
0.0255711 0.0257714 0.0263776 0.0273916 0.0288152 0.0306507 0.0329007 0.035568 0.0386554 0.0421652 0.0460994 0.050459 0.0552436 0.0604518 0.06608 0.0721229 0.0785726 0.0854188 0.0926484 0.100245 0.108191 0.116462 0.125034 0.133877 0.142961 0.15225 0.161706 0.17129 0.180957 0.190664 0.200363 0.210007 0.219546 0.22893 0.238108 0.247032 0.25565 0.263915 0.27178 0.279198 0.286128 0.292528 0.29836 0.30359 0.308187 0.312122 0.315373 0.31792 0.319747 0.320843 0.321202 0.320821 0.319703 0.317855 0.315288 0.312018 0.308063 0.303449 0.298203 0.292356 0.285943 0.279002 0.271573 0.263701 0.255431 0.246809 0.237885 0.228707 0.219327 0.209793 0.200157 0.190466 0.18077 0.171115 0.161546 0.152104 0.142831 0.133764 0.124937 0.116382 0.108127 0.100198 0.0926163 0.0854013 0.0785685 0.0721309 0.0660987 0.0604795 0.0552788 0.0504998 0.0461442 0.0422123 0.038703 0.0356147 0.032945 0.0306913 0.028851 0.0274217 0.0264013 0.0257889 
0.0275025 0.0277172 0.0283662 0.0294513 0.0309744 0.0329377 0.0353439 0.0381957 0.0414958 0.0452466 0.0494496 0.0541056 0.059214 0.0647727 0.0707776 0.0772225 0.0840987 0.0913948 0.0990964 0.107186 0.115643 0.124443 0.13356 0.142961 0.152613 0.16248 0.172519 0.18269 0.192945 0.203238 0.213519 0.223737 0.23384 0.243775 0.253489 0.262929 0.272044 0.280782 0.289094 0.296933 0.304253 0.311012 0.31717 0.322691 0.327542 0.331695 0.335124 0.337811 0.339738 0.340894 0.341272 0.34087 0.339691 0.337741 0.335032 0.33158 0.327407 0.322536 0.316997 0.310823 0.304049 0.296716 0.288867 0.280546 0.271801 0.262682 0.253239 0.243526 0.233594 0.223496 0.213285 0.203013 0.192731 0.182488 0.172332 0.162308 0.152458 0.142823 0.13344 0.124341 0.115559 0.107119 0.0990465 0.0913608 0.0840796 0.0772169 0.0707841 0.0647896 0.0592397 0.0541382 0.0494873 0.0452876 0.0415384 0.0382382 0.0353848 0.0329757 0.0310083 0.0294802 0.0283893 0.0277347 
0.0294957 0.0297253 0.0304181 0.0315761 0.0332011 0.0352954 0.0378615 0.0409023 0.0444203 0.0484176 0.0528956 0.0578548 0.0632941 0.069211 0.0756005 0.0824558 0.0897671 0.0975219 0.105704 0.114296 0.123274 0.132612 0.142282 0.15225 0.16248 0.172932 0.183563 0.194328 0.205179 0.216065 0.226934 0.237732 0.248404 0.258895 0.269149 0.279111 0.288725 0.29794 0.306703 0.314964 0.322676 0.329795 0.33628 0.342093 0.3472 0.351571 0.35518 0.358007 0.360034 0.36125 0.361648 0.361224 0.359983 0.357931 0.35508 0.351447 0.347053 0.341925 0.336093 0.32959 0.322454 0.314727 0.306454 0.297681 0.288458 0.278838 0.268874 0.258619 0.24813 0.237463 0.226672 0.215812 0.204937 0.194099 0.183348 0.172733 0.162298 0.152087 0.142138 0.132487 0.123168 0.114209 0.105636 0.0974706 0.0897321 0.0824358 0.075594 0.0692163 0.0633095 0.0578784 0.0529255 0.0484519 0.0444573 0.0409402 0.0378988 0.0353305 0.0332329 0.0316035 0.0304404 0.0297427 
0.0315434 0.0317881 0.0325257 0.0337581 0.0354871 0.0377149 0.0404443 0.0436777 0.0474177 0.0516661 0.0564243 0.0616921 0.0674682 0.0737493 0.08053 0.0878022 0.0955554 0.103776 0.112446 0.121546 0.131052 0.140936 0.151165 0.161706 0.172519 0.183563 0.194792 0.206157 0.217608 0.229091 0.240552 0.251933 0.263178 0.274227 0.285023 0.295508 0.305624 0.315316 0.32453 0.333214 0.341319 0.348798 0.35561 0.361715 0.367077 0.371665 0.375454 0.378421 0.380548 0.381824 0.382241 0.381796 0.380493 0.378339 0.375346 0.371532 0.366919 0.361534 0.355408 0.348576 0.341078 0.332957 0.32426 0.315034 0.305333 0.29521 0.284722 0.273925 0.262877 0.251636 0.240261 0.228809 0.217337 0.205899 0.194549 0.183337 0.172312 0.161517 0.150996 0.140787 0.130924 0.121438 0.112358 0.103706 0.0955036 0.0877669 0.0805096 0.0737422 0.0674725 0.061706 0.0564457 0.0516932 0.0474485 0.0437105 0.0404774 0.0377468 0.0355164 0.0337838 0.032547 0.0318053 
0.0336372 0.0338974 0.0346804 0.0359884 0.037823 0.0401866 0.0430815 0.0465105 0.0504757 0.0549789 0.060021 0.0656017 0.0717189 0.0783689 0.0855453 0.0932394 0.101439 0.11013 0.119293 0.128907 0.138945 0.149378 0.160172 0.17129 0.18269 0.194328 0.206157 0.218124 0.230177 0.24226 0.254313 0.266279 0.278096 0.289704 0.301042 0.312049 0.322665 0.332834 0.342497 0.351602 0.360098 0.367937 0.375074 0.381468 0.387084 0.391889 0.395856 0.398962 0.401189 0.402524 0.40296 0.402495 0.40113 0.398874 0.395741 0.391747 0.386916 0.381275 0.374857 0.367698 0.35984 0.351327 0.342206 0.33253 0.322351 0.311727 0.300715 0.289375 0.277768 0.265954 0.253994 0.241949 0.229878 0.217838 0.205886 0.194074 0.182455 0.171074 0.159977 0.149205 0.138794 0.128777 0.119185 0.110042 0.10137 0.0931881 0.0855104 0.0783487 0.0717116 0.0656052 0.0600335 0.0549982 0.0504999 0.0465378 0.0431101 0.0402149 0.0378497 0.0360123 0.0347007 0.0339143 
0.0357682 0.036044 0.0368731 0.0382575 0.0401989 0.0426995 0.0457619 0.0493883 0.053581 0.0583414 0.0636701 0.0695663 0.0760276 0.0830493 0.0906245 0.0987433 0.107393 0.116557 0.126216 0.136345 0.146918 0.157902 0.169261 0.180957 0.192945 0.205179 0.217608 0.230177 0.242832 0.255512 0.268157 0.280705 0.293093 0.305257 0.317133 0.328659 0.339773 0.350414 0.360524 0.370047 0.37893 0.387124 0.394583 0.401264 0.407131 0.412151 0.416293 0.419537 0.421862 0.423256 0.423712 0.423225 0.4218 0.419444 0.416171 0.411999 0.406952 0.401059 0.394352 0.38687 0.378655 0.369752 0.360212 0.350088 0.339435 0.328312 0.31678 0.304901 0.292736 0.280351 0.267809 0.255172 0.242503 0.229862 0.217308 0.204897 0.192683 0.180715 0.169041 0.157704 0.146742 0.136193 0.126086 0.116449 0.107305 0.0986753 0.0905744 0.0830154 0.0760079 0.069559 0.063673 0.0583524 0.0535981 0.0494096 0.0457856 0.042724 0.0402226 0.0382793 0.0368922 0.0360606 
0.0379265 0.0382181 0.0390935 0.0405547 0.0426036 0.0452422 0.0484728 0.0522978 0.0567192 0.061738 0.0673546 0.0735677 0.0803742 0.0877689 0.0957439 0.104288 0.113388 0.123026 0.13318 0.143826 0.154932 0.166467 0.178392 0.190664 0.203238 0.216065 0.229091 0.24226 0.255512 0.268786 0.282018 0.295144 0.308097 0.320812 0.333222 0.345261 0.356867 0.367975 0.378525 0.388461 0.397726 0.406271 0.414047 0.421012 0.427126 0.432356 0.436672 0.440051 0.442473 0.443925 0.444399 0.443892 0.442407 0.439953 0.436543 0.432196 0.426937 0.420794 0.413803 0.406002 0.397434 0.388148 0.378194 0.367627 0.356506 0.344891 0.332844 0.32043 0.307714 0.294762 0.281642 0.268417 0.255154 0.241915 0.228762 0.215755 0.202948 0.190395 0.178145 0.166244 0.154733 0.14365 0.133029 0.122898 0.113282 0.104203 0.095678 0.0877207 0.0803417 0.0735489 0.0673474 0.0617403 0.0567288 0.0523129 0.0484913 0.0452624 0.0426242 0.0405744 0.0391112 0.0382342 
0.0401015 0.0404089 0.0413307 0.0428689 0.0450254 0.047802 0.0512012 0.0552249 0.0598749 0.0651522 0.0710565 0.0775862 0.0847376 0.0925046 0.100879 0.109848 0.119397 0.129507 0.140154 0.151313 0.162951 0.175033 0.187518 0.200363 0.213519 0.226934 0.240552 0.254313 0.268157 0.282018 0.295831 0.309527 0.323038 0.336296 0.349232 0.361777 0.373866 0.385433 0.396417 0.406757 0.416398 0.425287 0.433374 0.440616 0.446973 0.452409 0.456895 0.460407 0.462924 0.464432 0.464925 0.464398 0.462855 0.460304 0.45676 0.452242 0.446774 0.440388 0.433117 0.425003 0.41609 0.406427 0.396066 0.385065 0.373483 0.361383 0.348829 0.335888 0.322628 0.309118 0.295426 0.281621 0.26777 0.25394 0.240194 0.226595 0.213201 0.200067 0.187245 0.174784 0.162727 0.151114 0.139981 0.129358 0.119271 0.109745 0.100797 0.0924417 0.0846918 0.0775556 0.0710389 0.0651454 0.0598767 0.0552333 0.0512142 0.0478179 0.0450426 0.0428862 0.041347 0.0404246 
0.0422821 0.0426052 0.0435732 0.0451882 0.0474518 0.050366 0.0539329 0.0581544 0.0630321 0.0685665 0.074757 0.0816015 0.0890956 0.0972325 0.106003 0.115393 0.125388 0.135965 0.147102 0.158769 0.170933 0.183557 0.196597 0.210007 0.223737 0.237732 0.251933 0.266279 0.280705 0.295144 0.309527 0.323784 0.337843 0.351634 0.365084 0.378125 0.390688 0.402705 0.414112 0.424849 0.434856 0.444081 0.452472 0.459985 0.466578 0.472215 0.476867 0.480507 0.483117 0.484681 0.485191 0.484645 0.483045 0.480401 0.476726 0.47204 0.46637 0.459745 0.452203 0.443783 0.434533 0.424501 0.413744 0.402317 0.390284 0.377709 0.364658 0.351201 0.337407 0.323348 0.309095 0.294719 0.28029 0.265877 0.251547 0.237365 0.223391 0.209683 0.196297 0.183282 0.170685 0.158547 0.146907 0.135796 0.125243 0.115272 0.105904 0.0971545 0.0890362 0.0815587 0.0747286 0.0685502 0.0630258 0.0581559 0.0539402 0.0503773 0.0474655 0.045203 0.043588 0.0426203 
0.0444563 0.0447951 0.0458089 0.0475 0.0498698 0.0529203 0.0566533 0.0610708 0.0661738 0.0719626 0.0784364 0.0855922 0.0934251 0.101928 0.111089 0.120896 0.13133 0.142369 0.153988 0.166156 0.178838 0.191994 0.20558 0.219546 0.23384 0.248404 0.263178 0.278096 0.293093 0.308097 0.323038 0.337843 0.352438 0.366748 0.380702 0.394226 0.40725 0.419705 0.431525 0.442646 0.45301 0.462561 0.471247 0.479023 0.485845 0.491678 0.49649 0.500256 0.502955 0.504572 0.5051 0.504535 0.502881 0.500145 0.496343 0.491496 0.485629 0.478774 0.470967 0.462251 0.452673 0.442283 0.431139 0.419299 0.406827 0.393788 0.380253 0.366292 0.351977 0.337381 0.32258 0.307645 0.29265 0.277667 0.262764 0.248009 0.233466 0.219195 0.205253 0.191694 0.178565 0.165911 0.15377 0.142178 0.131165 0.120757 0.110974 0.101834 0.093352 0.085537 0.078397 0.0719368 0.0661591 0.0610652 0.0566547 0.0529268 0.0498798 0.0475122 0.0458222 0.0448096 
0.046612 0.0469662 0.0480253 0.0497913 0.0522658 0.0554505 0.0593473 0.0639577 0.0692826 0.075322 0.0820744 0.0895364 0.0977026 0.106564 0.11611 0.126326 0.137191 0.148683 0.160775 0.173434 0.186623 0.200301 0.21442 0.22893 0.243775 0.258895 0.274227 0.289704 0.305257 0.320812 0.336296 0.351634 0.366748 0.381565 0.396006 0.409999 0.42347 0.436349 0.448568 0.460062 0.470771 0.480637 0.489608 0.497637 0.504681 0.510703 0.51567 0.519556 0.522342 0.524011 0.524555 0.523972 0.522265 0.519442 0.515518 0.510514 0.504457 0.497379 0.489317 0.480315 0.47042 0.459684 0.448166 0.435925 0.423027 0.409541 0.395535 0.381085 0.366264 0.351147 0.335812 0.320333 0.304787 0.289248 0.273786 0.258473 0.243374 0.228552 0.214068 0.199976 0.186326 0.173165 0.160535 0.148472 0.137007 0.126168 0.115978 0.106456 0.0976155 0.0894687 0.0820238 0.0752863 0.0692594 0.0639448 0.0593426 0.0554522 0.052272 0.0498008 0.0480368 0.0469801 
0.0487365 0.0491058 0.0502092 0.0520487 0.0546258 0.0579421 0.0619992 0.0667985 0.0723407 0.0786252 0.0856503 0.0934119 0.101904 0.111117 0.121039 0.131653 0.142939 0.154873 0.167426 0.180564 0.194247 0.208432 0.22307 0.238108 0.253489 0.269149 0.285023 0.301042 0.317133 0.333222 0.349232 0.365084 0.380702 0.396006 0.410919 0.425364 0.439267 0.452554 0.465157 0.47701 0.48805 0.498219 0.507465 0.515737 0.522994 0.529196 0.534312 0.538314 0.541182 0.542901 0.543462 0.542861 0.541103 0.538196 0.534155 0.529002 0.522762 0.51547 0.507164 0.497886 0.487686 0.476618 0.464739 0.452113 0.438806 0.424886 0.410428 0.395505 0.380194 0.364574 0.348722 0.332718 0.316638 0.300559 0.284556 0.2687 0.253061 0.237705 0.222693 0.208082 0.193926 0.180272 0.167164 0.154641 0.142736 0.131477 0.12089 0.110993 0.101803 0.0933316 0.0855885 0.0785797 0.0723089 0.0667783 0.0619884 0.0579387 0.0546282 0.0520554 0.0502191 0.0491191 
0.0508169 0.051201 0.0523476 0.0542587 0.0569356 0.06038 0.0645932 0.0695764 0.0753299 0.081853 0.0891432 0.097196 0.106004 0.115559 0.125845 0.136846 0.148541 0.160904 0.173904 0.187504 0.201666 0.216342 0.231483 0.247032 0.262929 0.279111 0.295508 0.312049 0.328659 0.345261 0.361777 0.378125 0.394226 0.409999 0.425364 0.440243 0.454558 0.468237 0.481208 0.493404 0.504761 0.51522 0.524727 0.533232 0.540692 0.547067 0.552324 0.556437 0.559384 0.561151 0.561727 0.56111 0.559303 0.556316 0.552163 0.546867 0.540454 0.532958 0.524418 0.514877 0.504386 0.492999 0.480776 0.467781 0.454081 0.439747 0.424853 0.409477 0.393697 0.377592 0.361244 0.344733 0.328139 0.311541 0.295015 0.278636 0.262476 0.246603 0.23108 0.215968 0.201322 0.18719 0.17362 0.160652 0.148319 0.136653 0.12568 0.115419 0.10589 0.0971033 0.0890703 0.0817976 0.0752896 0.0695489 0.0645763 0.0603716 0.0569342 0.0542626 0.0523557 0.0512136 
0.0528403 0.0532387 0.054427 0.0564073 0.0591809 0.0627492 0.0671133 0.0722743 0.0782322 0.0849857 0.0925321 0.100866 0.10998 0.119864 0.130502 0.141877 0.153965 0.166741 0.180171 0.194218 0.208839 0.223988 0.239611 0.25565 0.272044 0.288725 0.305624 0.322665 0.339773 0.356867 0.373866 0.390688 0.40725 0.42347 0.439267 0.454558 0.469268 0.483319 0.49664 0.509162 0.520821 0.531555 0.54131 0.550037 0.557688 0.564227 0.569619 0.573837 0.576859 0.57867 0.579261 0.578629 0.576776 0.573713 0.569455 0.564023 0.557445 0.549755 0.540993 0.531203 0.520435 0.508746 0.496195 0.482849 0.468774 0.454045 0.438738 0.422929 0.4067 0.390133 0.373311 0.356315 0.339229 0.322133 0.305107 0.288227 0.271567 0.255197 0.239185 0.22359 0.208472 0.193882 0.179867 0.166469 0.153724 0.141666 0.13032 0.119709 0.109852 0.100761 0.0924481 0.0849205 0.0781834 0.0722395 0.0670903 0.0627359 0.0591756 0.0564085 0.0544334 0.0532506 
0.0547935 0.0552057 0.0564342 0.058481 0.0613474 0.0650346 0.0695437 0.0748754 0.0810293 0.088004 0.095796 0.1044 0.113807 0.124006 0.134981 0.146713 0.159179 0.172349 0.186191 0.200664 0.215725 0.231324 0.247408 0.263915 0.280782 0.29794 0.315316 0.332834 0.350414 0.367975 0.385433 0.402705 0.419705 0.436349 0.452554 0.468237 0.483319 0.497723 0.511375 0.524205 0.536148 0.547142 0.557132 0.566066 0.5739 0.580593 0.586111 0.590428 0.593521 0.595374 0.595979 0.595332 0.593436 0.590302 0.585944 0.580384 0.573651 0.565779 0.556807 0.546782 0.535753 0.523778 0.510918 0.497239 0.482812 0.467709 0.452008 0.43579 0.419136 0.40213 0.384857 0.367402 0.349847 0.332278 0.314775 0.297418 0.280282 0.263439 0.246959 0.230905 0.215336 0.200307 0.185866 0.172058 0.15892 0.146486 0.134784 0.123837 0.113665 0.104283 0.0957013 0.0879293 0.0809722 0.0748334 0.0695146 0.0650164 0.0613382 0.0584794 0.0564388 0.0552169 
0.0566639 0.0570891 0.0583559 0.0604661 0.0634209 0.0672215 0.0718686 0.0773628 0.0837035 0.0908887 0.0989145 0.107775 0.117461 0.127959 0.139255 0.151327 0.164151 0.177696 0.191928 0.206805 0.222283 0.23831 0.254829 0.27178 0.289094 0.306703 0.32453 0.342497 0.360524 0.378525 0.396417 0.414112 0.431525 0.448568 0.465157 0.481208 0.49664 0.511375 0.525338 0.538457 0.550666 0.561904 0.572113 0.581243 0.589246 0.596083 0.60172 0.606129 0.609288 0.611181 0.611799 0.611138 0.609202 0.606001 0.60155 0.595871 0.588993 0.58095 0.571782 0.561536 0.550263 0.53802 0.52487 0.510879 0.49612 0.480665 0.464596 0.447992 0.430938 0.413519 0.395822 0.377932 0.359936 0.341921 0.323968 0.306159 0.288572 0.271282 0.254359 0.237869 0.221874 0.206429 0.191584 0.177386 0.163874 0.151083 0.139043 0.127777 0.117306 0.107646 0.0988093 0.0908047 0.0836382 0.0773139 0.0718337 0.0671985 0.063408 0.0604618 0.0583588 0.0570996 
0.0584386 0.0588763 0.0601792 0.0623493 0.0653876 0.0692952 0.0740727 0.0797204 0.0862373 0.0936211 0.101868 0.11097 0.120918 0.1317 0.143298 0.15569 0.16885 0.182748 0.197347 0.212605 0.228475 0.244903 0.261832 0.279198 0.296933 0.314964 0.333214 0.351602 0.370047 0.388461 0.406757 0.424849 0.442646 0.460062 0.47701 0.493404 0.509162 0.524205 0.538457 0.551845 0.564303 0.575767 0.58618 0.59549 0.603651 0.610623 0.61637 0.620865 0.624085 0.626014 0.626644 0.625971 0.623998 0.620734 0.616197 0.610407 0.603395 0.595193 0.585843 0.575392 0.563892 0.5514 0.53798 0.523699 0.50863 0.492848 0.476435 0.459471 0.442044 0.424239 0.406144 0.387849 0.36944 0.351006 0.332631 0.314399 0.29639 0.27868 0.261342 0.244443 0.228046 0.21221 0.196986 0.182421 0.168557 0.15543 0.143071 0.131504 0.120752 0.11083 0.101752 0.0935282 0.0861642 0.0796647 0.0740322 0.0692676 0.0653711 0.0623423 0.0601805 0.0588861 
0.0601056 0.0605548 0.0618916 0.0641177 0.0672342 0.0712418 0.0761412 0.0819324 0.088614 0.0961834 0.104636 0.113964 0.124158 0.135204 0.147083 0.159774 0.173249 0.187476 0.202417 0.218029 0.234263 0.251066 0.268375 0.286128 0.304253 0.322676 0.341319 0.360098 0.37893 0.397726 0.416398 0.434856 0.45301 0.470771 0.48805 0.504761 0.520821 0.536148 0.550666 0.564303 0.576989 0.588661 0.599262 0.608739 0.617046 0.62414 0.629989 0.634562 0.637839 0.639802 0.640443 0.639758 0.637751 0.634431 0.629814 0.623922 0.616786 0.608438 0.598921 0.588281 0.576571 0.56385 0.550181 0.535632 0.520277 0.504194 0.487462 0.470166 0.452393 0.43423 0.415768 0.397097 0.378306 0.359483 0.340717 0.322093 0.303691 0.28559 0.267866 0.250586 0.233816 0.217616 0.202038 0.187132 0.17294 0.1595 0.146842 0.134995 0.12398 0.113814 0.104511 0.0960821 0.0885335 0.0818703 0.0760953 0.0712098 0.0672142 0.0641082 0.0618913 0.060564 
0.0616532 0.0621131 0.0634811 0.0657591 0.0689478 0.0730479 0.07806 0.0839837 0.0908175 0.0985584 0.107201 0.116738 0.127159 0.138448 0.150587 0.163553 0.177318 0.191848 0.207105 0.223043 0.239613 0.256759 0.27442 0.292528 0.311012 0.329795 0.348798 0.367937 0.387124 0.406271 0.425287 0.444081 0.462561 0.480637 0.498219 0.51522 0.531555 0.547142 0.561904 0.575767 0.588661 0.600524 0.611296 0.620925 0.629364 0.636571 0.642511 0.647156 0.650484 0.652478 0.653129 0.652434 0.650395 0.647023 0.642334 0.636351 0.629101 0.620621 0.610951 0.600139 0.588238 0.575308 0.561411 0.546618 0.531003 0.514643 0.49762 0.48002 0.46193 0.443441 0.424642 0.405626 0.386483 0.367305 0.34818 0.329194 0.310432 0.291973 0.273893 0.256263 0.239149 0.222613 0.20671 0.191489 0.176995 0.163266 0.150334 0.138227 0.126969 0.116578 0.107068 0.0984492 0.0907301 0.0839156 0.078009 0.0730118 0.0689246 0.0657472 0.0634794 0.0621217 
