2.18508e-08 2.3009e-08 2.96164e-08 4.29814e-08 6.5604e-08 1.01526e-07 1.56835e-07 2.40374e-07 3.6469e-07 5.47263e-07 8.12057e-07 1.19143e-06 1.7284e-06 2.47937e-06 3.51708e-06 4.934e-06 6.84582e-06 9.39493e-06 1.27538e-05 1.71277e-05 2.27566e-05 2.9916e-05 3.89156e-05 5.00965e-05 6.3825e-05 8.04847e-05 0.000100464 0.000124144 0.000151877 0.000183972 0.000220669 0.00026212 0.000308368 0.000359325 0.00041476 0.000474285 0.000537349 0.000603244 0.000671107 0.000739941 0.000808637 0.000876002 0.000940791 0.00100175 0.00105765 0.00110734 0.00114974 0.00118395 0.00120921 0.00122496 0.00123085 0.00122675 0.00121276 0.00118919 0.00115657 0.00111563 0.00106727 0.00101252 0.000952524 0.000888502 0.000821701 0.000753364 0.000684688 0.00061679 0.000550682 0.000487241 0.000427197 0.000371122 0.000319428 0.000272371 0.000230063 0.000192484 0.000159504 0.000130902 0.000106385 8.56148e-05 6.82205e-05 5.38205e-05 4.20355e-05 3.25003e-05 2.48732e-05 1.88415e-05 1.41258e-05 1.04807e-05 7.69521e-06 5.59082e-06 4.01909e-06 2.8586e-06 2.01153e-06 1.40032e-06 9.6436e-07 6.56979e-07 4.42767e-07 2.95238e-07 1.94865e-07 1.2747e-07 8.29218e-08 5.41273e-08 3.62556e-08 2.61926e-08 
2.3009e-08 2.42472e-08 3.12668e-08 4.54667e-08 6.95204e-08 1.07752e-07 1.6668e-07 2.5578e-07 3.88505e-07 5.83613e-07 8.66836e-07 1.27294e-06 1.84817e-06 2.65316e-06 3.76619e-06 5.28674e-06 7.33928e-06 1.00771e-05 1.36857e-05 1.83861e-05 2.44364e-05 3.21328e-05 4.18086e-05 5.383e-05 6.85908e-05 8.65026e-05 0.000107983 0.000133438 0.000163247 0.000197739 0.00023717 0.000281701 0.000331374 0.000386094 0.000445608 0.000509498 0.000577171 0.000647863 0.000720648 0.000794458 0.0008681 0.000940297 0.00100972 0.00107502 0.00113489 0.00118809 0.00123349 0.0012701 0.00129712 0.00131396 0.00132024 0.00131583 0.00130082 0.00127556 0.00124061 0.00119674 0.00114493 0.00108626 0.00102197 0.00095335 0.000881748 0.000808487 0.000734851 0.000662038 0.000591131 0.000523074 0.000458649 0.000398472 0.000342987 0.000292472 0.000247047 0.000206695 0.000171277 0.000140558 0.000114225 9.19148e-05 7.32307e-05 5.77633e-05 4.51054e-05 3.4865e-05 2.66749e-05 2.01993e-05 1.51377e-05 1.12264e-05 8.23856e-06 5.98219e-06 4.29775e-06 3.0547e-06 2.14791e-06 1.49404e-06 1.02799e-06 6.99663e-07 4.71052e-07 3.13754e-07 2.06843e-07 1.35133e-07 8.7785e-08 5.72143e-08 3.82603e-08 2.75993e-08 
2.96164e-08 3.12668e-08 4.0363e-08 5.87107e-08 8.97517e-08 1.39044e-07 2.14954e-07 3.29625e-07 5.00276e-07 7.50873e-07 1.11424e-06 1.63463e-06 2.37082e-06 3.39971e-06 4.82032e-06 6.75825e-06 9.37028e-06 1.28489e-05 1.74267e-05 2.33796e-05 3.10294e-05 4.07439e-05 5.29356e-05 6.80565e-05 8.65906e-05 0.000109042 0.000135918 0.000167713 0.000204882 0.000247817 0.000296818 0.000352066 0.000413596 0.000481271 0.000554765 0.000633548 0.000716879 0.000803812 0.000893206 0.000983747 0.00107398 0.00116235 0.00124723 0.00132701 0.00140008 0.00146496 0.00152027 0.00156484 0.00159771 0.00161815 0.00162572 0.00162025 0.00160187 0.00157099 0.0015283 0.00147472 0.00141141 0.00133971 0.0012611 0.00117715 0.00108948 0.000999713 0.000909402 0.000820012 0.00073287 0.000649135 0.000569776 0.000495557 0.000427036 0.000364567 0.000308315 0.000258273 0.000214285 0.000176075 0.000143272 0.000115437 9.20897e-05 7.27323e-05 5.68665e-05 4.40113e-05 3.37143e-05 2.55608e-05 1.91783e-05 1.42393e-05 1.04611e-05 7.60406e-06 5.46847e-06 3.89053e-06 2.7381e-06 1.90618e-06 1.31261e-06 8.94024e-07 6.02307e-07 4.01421e-07 2.64781e-07 1.7307e-07 1.12483e-07 7.33501e-08 4.90873e-08 3.54523e-08 
4.29814e-08 4.54667e-08 5.87107e-08 8.53169e-08 1.30228e-07 2.01407e-07 3.10806e-07 4.75734e-07 7.20665e-07 1.07957e-06 1.59883e-06 2.3408e-06 3.38803e-06 4.84814e-06 6.85929e-06 9.59604e-06 1.32755e-05 1.81634e-05 2.45791e-05 3.29004e-05 4.35658e-05 5.70744e-05 7.39831e-05 9.48992e-05 0.00012047 0.000151364 0.000188252 0.00023178 0.000282538 0.000341025 0.000407616 0.00048252 0.000565752 0.000657094 0.00075608 0.000861971 0.000973757 0.00109016 0.00120964 0.00133045 0.00145067 0.00156822 0.00168099 0.00178683 0.00188367 0.00196954 0.00204269 0.00210156 0.0021449 0.0021718 0.00218167 0.0021743 0.00214985 0.00210887 0.00205224 0.00198118 0.00189719 0.00180202 0.0016976 0.00158599 0.00146933 0.00134972 0.00122924 0.00110982 0.000993235 0.000881025 0.000774497 0.00067469 0.000582371 0.000498042 0.000421951 0.000354117 0.000294362 0.000242341 0.000197581 0.000159512 0.000127508 0.00010091 7.90583e-05 6.13114e-05 4.70626e-05 3.57533e-05 2.68798e-05 1.99972e-05 1.47202e-05 1.07207e-05 7.72453e-06 5.5059e-06 3.88208e-06 2.70743e-06 1.86761e-06 1.27421e-06 8.59867e-07 5.74005e-07 3.7922e-07 2.48263e-07 1.61616e-07 1.0558e-07 7.08102e-08 5.12811e-08 
6.5604e-08 6.95204e-08 8.97517e-08 1.30228e-07 1.98384e-07 3.06154e-07 4.71412e-07 7.19964e-07 1.08819e-06 1.62641e-06 2.40313e-06 3.51011e-06 5.06842e-06 7.23529e-06 1.02118e-05 1.42512e-05 1.96668e-05 2.68408e-05 3.62307e-05 4.83748e-05 6.38952e-05 8.34967e-05 0.000107961 0.000138138 0.000174924 0.000219244 0.000272014 0.000334111 0.000406326 0.000489317 0.000583559 0.000689298 0.000806503 0.000934823 0.00107356 0.00122165 0.00137765 0.00153977 0.00170586 0.00187349 0.00204002 0.0022026 0.00235833 0.0025043 0.00263768 0.00275583 0.00285634 0.00293714 0.00299656 0.00303334 0.00304671 0.00303639 0.00300261 0.00294609 0.00286804 0.0027701 0.0026543 0.002523 0.00237882 0.00222458 0.00206316 0.00189746 0.00173032 0.0015644 0.00140215 0.00124571 0.00109691 0.000957233 0.000827766 0.00070925 0.000602072 0.000506307 0.000421746 0.000347952 0.0002843 0.000230028 0.000184285 0.000146172 0.000114778 8.92154e-05 6.86376e-05 5.22622e-05 3.93804e-05 2.9363e-05 2.16628e-05 1.58121e-05 1.1418e-05 8.15614e-06 5.763e-06 4.02768e-06 2.78409e-06 1.90337e-06 1.28701e-06 8.60848e-07 5.6984e-07 3.73793e-07 2.43834e-07 1.59651e-07 1.07361e-07 7.79983e-08 
1.01526e-07 1.07752e-07 1.39044e-07 2.01407e-07 3.06154e-07 4.71401e-07 7.24201e-07 1.10349e-06 1.664e-06 2.48121e-06 3.65747e-06 5.32948e-06 7.67688e-06 1.09322e-05 1.53915e-05 2.14263e-05 2.94946e-05 4.01523e-05 5.40619e-05 7.2e-05 9.48591e-05 0.000123646 0.000159471 0.000203532 0.000257091 0.000321434 0.000397831 0.00048748 0.000591451 0.000710615 0.000845581 0.000996624 0.00116363 0.00134603 0.00154279 0.00175233 0.00197261 0.00220105 0.00243464 0.00266998 0.00290336 0.00313086 0.00334845 0.00355211 0.00373798 0.00390243 0.00404218 0.0041544 0.0042368 0.0042877 0.00430604 0.00429145 0.00424425 0.00416543 0.00405662 0.00392007 0.00375855 0.00357531 0.00337393 0.00315827 0.00293231 0.00270007 0.00246546 0.00223221 0.00200372 0.00178302 0.00157271 0.00137488 0.00119113 0.00102256 0.000869768 0.000732925 0.000611803 0.000505842 0.000414213 0.000335888 0.000269702 0.00021441 0.000168748 0.000131467 0.000101377 7.73692e-05 5.84331e-05 4.36692e-05 3.22908e-05 2.36229e-05 1.70965e-05 1.22396e-05 8.66728e-06 6.07059e-06 4.20522e-06 2.88101e-06 1.95214e-06 1.30842e-06 8.67894e-07 5.70486e-07 3.72946e-07 2.44766e-07 1.65054e-07 1.20299e-07 
1.56835e-07 1.6668e-07 2.14954e-07 3.10806e-07 4.71412e-07 7.24201e-07 1.11001e-06 1.68747e-06 2.5387e-06 3.7766e-06 5.55381e-06 8.07338e-06 1.16013e-05 1.64804e-05 2.3146e-05 3.21414e-05 4.41344e-05 5.99316e-05 8.04904e-05 0.000106927 0.00014052 0.000182703 0.000235047 0.000299242 0.00037705 0.000470259 0.000580618 0.000709762 0.000859127 0.00102986 0.00122272 0.00143801 0.00167545 0.00193416 0.00221257 0.00250843 0.00281876 0.00313994 0.00346774 0.00379739 0.00412373 0.00444134 0.00474466 0.0050282 0.00528664 0.00551502 0.00570889 0.00586441 0.00597846 0.00604876 0.00607389 0.00605335 0.00598758 0.00587793 0.00572661 0.0055367 0.00531196 0.00505682 0.00477619 0.00447534 0.00415976 0.00383497 0.00350639 0.00317919 0.00285811 0.00254742 0.00225078 0.00197118 0.00171092 0.00147163 0.00125424 0.00105908 0.000885929 0.000734072 0.000602423 0.000489599 0.000394011 0.000313949 0.000247655 0.000193386 0.000149469 0.000114335 8.65503e-05 6.48305e-05 4.80477e-05 3.52298e-05 2.55539e-05 1.83351e-05 1.30123e-05 9.13369e-06 6.3407e-06 4.35327e-06 2.95592e-06 1.98533e-06 1.31963e-06 8.69241e-07 5.69494e-07 3.74656e-07 2.53345e-07 1.85236e-07 
2.40374e-07 2.5578e-07 3.29625e-07 4.75734e-07 7.19964e-07 1.10349e-06 1.68747e-06 2.5594e-06 3.84151e-06 5.70129e-06 8.36438e-06 1.213e-05 1.73884e-05 2.46413e-05 3.45226e-05 4.78208e-05 6.55008e-05 8.8723e-05 0.000118859 0.0001575 0.00020646 0.00026776 0.000343609 0.00043636 0.000548457 0.000682358 0.000840448 0.00102493 0.00123771 0.00148026 0.00175353 0.00205778 0.0023925 0.0027563 0.0031469 0.00356102 0.00399447 0.00444215 0.00489815 0.00535589 0.00580825 0.00624779 0.00666695 0.00705822 0.00741441 0.00772882 0.00799542 0.00820905 0.00836554 0.00846181 0.00849596 0.00846734 0.00837654 0.00822537 0.00801684 0.00775506 0.00744514 0.00709304 0.00670541 0.00628941 0.00585251 0.00540224 0.00494603 0.00449097 0.00404366 0.00361001 0.00319514 0.00280329 0.00243776 0.00210091 0.00179419 0.00151817 0.00127266 0.00105681 0.000869202 0.000708002 0.000571068 0.000456072 0.000360596 0.00028223 0.000218642 0.000167636 0.000127192 9.54927e-05 7.09342e-05 5.2129e-05 3.7897e-05 2.7252e-05 1.93833e-05 1.36354e-05 9.48629e-06 6.52681e-06 4.44112e-06 2.98911e-06 1.99098e-06 1.31423e-06 8.62926e-07 5.69063e-07 3.85872e-07 2.83019e-07 
3.6469e-07 3.88505e-07 5.00276e-07 7.20665e-07 1.08819e-06 1.664e-06 2.5387e-06 3.84151e-06 5.75241e-06 8.51718e-06 1.24659e-05 1.80345e-05 2.57899e-05 3.64577e-05 5.09513e-05 7.04025e-05 9.61898e-05 0.000129964 0.000173668 0.000229545 0.000300137 0.000388263 0.000496985 0.000629548 0.000789293 0.000979559 0.00120355 0.00146419 0.00176396 0.00210474 0.00248763 0.00291281 0.00337936 0.0038852 0.00442697 0.00500005 0.00559854 0.00621538 0.00684242 0.00747066 0.00809043 0.00869165 0.00926411 0.00979775 0.0102829 0.0107107 0.011073 0.011363 0.0115752 0.0117055 0.0117514 0.0117121 0.0115882 0.0113823 0.0110984 0.0107418 0.0103195 0.00983929 0.00931015 0.00874165 0.00814381 0.0075268 0.00690067 0.00627507 0.00565899 0.00506058 0.00448691 0.0039439 0.00343625 0.00296734 0.00253933 0.00215323 0.00180893 0.00150544 0.00124097 0.00101313 0.000819063 0.000655646 0.0005196 0.000407631 0.000316529 0.000243256 0.000184998 0.000139215 0.000103651 7.63468e-05 5.56291e-05 4.00933e-05 2.85805e-05 2.01495e-05 1.40487e-05 9.68669e-06 6.60527e-06 4.45508e-06 2.97367e-06 1.96707e-06 1.29445e-06 8.55705e-07 5.81853e-07 4.28089e-07 
5.47263e-07 5.83613e-07 7.50873e-07 1.07957e-06 1.62641e-06 2.48121e-06 3.7766e-06 5.70129e-06 8.51718e-06 1.25808e-05 1.83693e-05 2.65107e-05 3.78185e-05 5.33298e-05 7.43454e-05 0.00010247 0.000139649 0.000188204 0.00025085 0.000330711 0.000431304 0.000556513 0.000710525 0.000897751 0.0011227 0.00138983 0.00170339 0.00206719 0.00248441 0.00295738 0.00348732 0.00407418 0.00471644 0.00541101 0.00615308 0.00693616 0.00775211 0.00859123 0.00944247 0.0102937 0.0111319 0.0119437 0.0127154 0.0134337 0.0140859 0.0146603 0.0151463 0.0155349 0.0158189 0.015993 0.0160539 0.0160005 0.0158339 0.0155572 0.0151757 0.0146964 0.0141284 0.0134821 0.0127692 0.0120024 0.0111949 0.0103602 0.00951188 0.00866274 0.00782495 0.00700953 0.00622618 0.00548306 0.00478669 0.00414194 0.00355197 0.0030184 0.00254138 0.00211977 0.00175138 0.00143314 0.00116134 0.000931822 0.000740221 0.00058209 0.000453073 0.000349017 0.000266059 0.000200685 0.000149768 0.000110571 8.07517e-05 5.83324e-05 4.16758e-05 2.94474e-05 2.05766e-05 1.42186e-05 9.71637e-06 6.56741e-06 4.39293e-06 2.91217e-06 1.92068e-06 1.27278e-06 8.67869e-07 6.40499e-07 
8.12057e-07 8.66836e-07 1.11424e-06 1.59883e-06 2.40313e-06 3.65747e-06 5.55381e-06 8.36438e-06 1.24659e-05 1.83693e-05 2.67562e-05 3.85202e-05 5.48149e-05 7.71046e-05 0.000107219 0.000147404 0.000200374 0.000269347 0.000358077 0.00047085 0.000612474 0.000788222 0.00100375 0.00126495 0.00157784 0.00194828 0.00238179 0.00288327 0.0034567 0.00410485 0.00482901 0.00562871 0.00650154 0.00744295 0.00844618 0.00950224 0.0106 0.0117265 0.0128667 0.0140047 0.0151231 0.0162044 0.0172306 0.0181845 0.0190494 0.0198101 0.0204531 0.0209667 0.0213416 0.021571 0.0216507 0.0215794 0.0213584 0.0209917 0.0204861 0.0198508 0.0190974 0.0182394 0.017292 0.0162716 0.0151956 0.0140817 0.0129475 0.0118102 0.0106859 0.00958929 0.0085335 0.00752961 0.00658663 0.00571136 0.00490842 0.00418032 0.00352763 0.00294918 0.00244235 0.00200329 0.00162723 0.00130878 0.00104218 0.00082152 0.000640981 0.000494959 0.000378218 0.000285967 0.000213918 0.000158304 0.000115881 8.39021e-05 6.0081e-05 4.25479e-05 2.9797e-05 2.06353e-05 1.4132e-05 9.5726e-06 6.41689e-06 4.26317e-06 2.81809e-06 1.87208e-06 1.2801e-06 9.47648e-07 
1.19143e-06 1.27294e-06 1.63463e-06 2.3408e-06 3.51011e-06 5.32948e-06 8.07338e-06 1.213e-05 1.80345e-05 2.65107e-05 3.85202e-05 5.53197e-05 7.85243e-05 0.000110177 0.000152818 0.000209554 0.000284122 0.00038093 0.000505093 0.000662423 0.0008594 0.00110309 0.001401 0.00176095 0.00219077 0.00269809 0.00328995 0.00397253 0.00475067 0.00562758 0.00660446 0.00768015 0.00885091 0.0101102 0.0114486 0.012854 0.0143113 0.0158031 0.01731 0.0188106 0.0202826 0.0217031 0.0230491 0.0242982 0.0254293 0.0264228 0.0272616 0.0279309 0.0284189 0.0287171 0.0288201 0.0287262 0.0284371 0.027958 0.0272975 0.0264672 0.0254819 0.0243586 0.0231169 0.0217778 0.0203636 0.0188972 0.0174015 0.0158987 0.01441 0.0129549 0.0115506 0.0102122 0.00895185 0.00777896 0.00670014 0.0057192 0.00483741 0.00405373 0.0033651 0.00276682 0.00225291 0.00181645 0.00144999 0.00114581 0.000896198 0.000693732 0.000531402 0.000402763 0.000302013 0.00022403 0.000164382 0.000119296 8.5624e-05 6.07755e-05 4.26582e-05 2.96079e-05 2.03216e-05 1.37953e-05 9.26772e-06 6.17075e-06 4.08842e-06 2.72275e-06 1.86704e-06 1.38641e-06 
1.7284e-06 1.84817e-06 2.37082e-06 3.38803e-06 5.06842e-06 7.67688e-06 1.16013e-05 1.73884e-05 2.57899e-05 3.78185e-05 5.48149e-05 7.85243e-05 0.000111181 0.0001556 0.000215266 0.000294422 0.000398145 0.000532398 0.000704061 0.00092091 0.00119156 0.00152534 0.00193211 0.00242203 0.0030052 0.00369134 0.00448931 0.00540668 0.00644925 0.00762055 0.00892143 0.0103496 0.0118996 0.013562 0.0153241 0.0171694 0.0190781 0.0210273 0.0229916 0.0249435 0.0268543 0.0286947 0.0304356 0.0320486 0.0335071 0.0347866 0.0358655 0.0367255 0.0373518 0.0377339 0.0378651 0.0377434 0.0373708 0.0367538 0.035903 0.0348332 0.0335625 0.0321126 0.0305079 0.0287749 0.0269419 0.0250379 0.0230922 0.0211333 0.0191886 0.0172834 0.0154403 0.0136793 0.0120167 0.0104653 0.00903437 0.00772961 0.00655337 0.00550494 0.00458095 0.0037758 0.00308212 0.00249123 0.00199362 0.00157933 0.00123837 0.000960995 0.000737952 0.000560691 0.000421463 0.000313394 0.000230504 0.00016768 0.000120633 8.58231e-05 6.03769e-05 4.20006e-05 2.88918e-05 1.96566e-05 1.32345e-05 8.83163e-06 5.86497e-06 3.91572e-06 2.69272e-06 2.00567e-06 
2.47937e-06 2.65316e-06 3.39971e-06 4.84814e-06 7.23529e-06 1.09322e-05 1.64804e-05 2.46413e-05 3.64577e-05 5.33298e-05 7.71046e-05 0.000110177 0.0001556 0.000217204 0.000299712 0.000408844 0.000551414 0.000735385 0.000969889 0.00126519 0.00163259 0.00208425 0.00263291 0.00329158 0.00407308 0.00498959 0.00605204 0.00726954 0.00864877 0.0101934 0.0119036 0.0137754 0.0158007 0.0179667 0.020256 0.0226468 0.0251133 0.0276257 0.0301515 0.0326558 0.0351022 0.0374539 0.0396742 0.0417282 0.0435825 0.0452072 0.0465755 0.0476649 0.0484575 0.0489403 0.0491052 0.0489496 0.0484763 0.047693 0.0466129 0.0452539 0.0436384 0.0417932 0.0397482 0.0375366 0.0351935 0.0327552 0.0302585 0.0277396 0.0252332 0.0227718 0.0203849 0.0180982 0.0159333 0.0139077 0.0120341 0.0103206 0.00877132 0.00738622 0.00616181 0.0050916 0.00416673 0.00337648 0.00270893 0.00215147 0.00169129 0.00131578 0.00101294 0.000771551 0.000581402 0.000433385 0.000319533 0.000233003 0.000168026 0.000119821 8.44898e-05 5.89089e-05 4.06143e-05 2.7694e-05 1.86875e-05 1.24987e-05 8.31969e-06 5.56873e-06 3.84039e-06 2.86925e-06 
3.51708e-06 3.76619e-06 4.82032e-06 6.85929e-06 1.02118e-05 1.53915e-05 2.3146e-05 3.45226e-05 5.09513e-05 7.43454e-05 0.000107219 0.000152818 0.000215266 0.000299712 0.000412474 0.000561175 0.00075484 0.00100397 0.00132052 0.00171788 0.00221067 0.00281448 0.00354559 0.00442038 0.0054549 0.0066641 0.00806119 0.00965689 0.0114586 0.0134699 0.0156896 0.0181114 0.0207237 0.0235089 0.0264441 0.0295008 0.0326456 0.0358406 0.0390447 0.042214 0.0453032 0.0482666 0.0510594 0.0536384 0.0559631 0.0579971 0.059708 0.0610687 0.0620575 0.0626589 0.0628634 0.0626676 0.0620749 0.0610948 0.059743 0.058041 0.0560162 0.0537006 0.051131 0.0483477 0.0453937 0.0423139 0.0391537 0.0359583 0.0327712 0.0296336 0.0265828 0.0236522 0.0208699 0.0182591 0.0158369 0.0136151 0.0115999 0.00979277 0.00819024 0.00678513 0.00556698 0.00452286 0.00363809 0.00289691 0.00228317 0.00178083 0.00137445 0.00104957 0.000792891 0.000592505 0.000437927 0.000320114 0.0002314 0.000165405 0.000116906 8.16989e-05 5.64554e-05 3.85827e-05 2.60938e-05 1.74921e-05 1.16711e-05 7.83202e-06 5.41673e-06 4.05929e-06 
4.934e-06 5.28674e-06 6.75825e-06 9.59604e-06 1.42512e-05 2.14263e-05 3.21414e-05 4.78208e-05 7.04025e-05 0.00010247 0.000147404 0.000209554 0.000294422 0.000408844 0.000561175 0.000761438 0.00102145 0.00135486 0.00177717 0.00230555 0.00295868 0.00375632 0.00471887 0.00586674 0.00721959 0.00879552 0.0106102 0.0126757 0.0150002 0.0175862 0.0204308 0.0235244 0.0268505 0.0303858 0.0341001 0.0379568 0.0419133 0.0459221 0.0499318 0.0538884 0.0577361 0.0614193 0.0648835 0.0680767 0.0709506 0.0734613 0.0755705 0.0772461 0.0784625 0.0792013 0.0794512 0.0792085 0.0784771 0.0772681 0.0756002 0.073499 0.0709967 0.0681317 0.0649478 0.0614934 0.0578204 0.0539832 0.0500373 0.0460381 0.0420394 0.0380923 0.0342441 0.0305369 0.0270071 0.0236847 0.0205929 0.017748 0.0151596 0.0128308 0.010759 0.00893651 0.00735142 0.00598838 0.00482964 0.00385584 0.00304691 0.00238274 0.00184379 0.00141158 0.00106909 0.000800917 0.000593444 0.000434862 0.000315113 0.000225784 0.000159959 0.000112047 7.76054e-05 5.31582e-05 3.60333e-05 2.42106e-05 1.61925e-05 1.08942e-05 7.55627e-06 5.67981e-06 
6.84582e-06 7.33928e-06 9.37028e-06 1.32755e-05 1.96668e-05 2.94946e-05 4.41344e-05 6.55008e-05 9.61898e-05 0.000139649 0.000200374 0.000284122 0.000398145 0.000551414 0.00075484 0.00102145 0.00136651 0.00180756 0.0023644 0.00305881 0.0039143 0.00495556 0.00620783 0.00769607 0.00944402 0.0114731 0.0138015 0.0164426 0.0194044 0.0226883 0.0262881 0.0301898 0.034371 0.0388008 0.0434402 0.0482427 0.053155 0.0581182 0.0630691 0.0679418 0.0726692 0.0771843 0.0814223 0.0853214 0.0888247 0.0918807 0.0944447 0.0964791 0.0979544 0.0988491 0.0991505 0.0988541 0.0979644 0.0964945 0.0944658 0.0919082 0.0888592 0.0853638 0.0814735 0.0772452 0.0727406 0.0680247 0.063164 0.0582255 0.0532747 0.0483745 0.0435834 0.0389542 0.0345331 0.0303587 0.0264616 0.0228641 0.01958 0.0166156 0.0139696 0.0116343 0.0095963 0.00783801 0.00633832 0.00507387 0.00402009 0.0031521 0.00244554 0.00187716 0.00142537 0.00107055 0.000795235 0.000584182 0.000424355 0.000304795 0.000216452 0.000151977 0.000105506 7.24365e-05 4.92139e-05 3.31434e-05 2.22203e-05 1.49886e-05 1.04261e-05 7.86052e-06 
9.39493e-06 1.00771e-05 1.28489e-05 1.81634e-05 2.68408e-05 4.01523e-05 5.99316e-05 8.8723e-05 0.000129964 0.000188204 0.000269347 0.00038093 0.000532398 0.000735385 0.00100397 0.00135486 0.00180756 0.00238434 0.00311012 0.00401219 0.00511975 0.00646321 0.00807331 0.00998012 0.0122118 0.0147932 0.0177449 0.021081 0.024809 0.0289278 0.0334269 0.0382865 0.0434764 0.0489564 0.054677 0.0605799 0.0665993 0.072663 0.0786949 0.0846156 0.0903453 0.0958051 0.100919 0.105614 0.109826 0.113494 0.116567 0.119002 0.120767 0.121835 0.122194 0.121837 0.12077 0.119009 0.116576 0.113507 0.109844 0.105638 0.10095 0.0958457 0.0903964 0.0846786 0.078771 0.0727534 0.0667044 0.0607 0.0548118 0.0491049 0.0436373 0.0384581 0.0336068 0.0291134 0.0249976 0.0212697 0.0179308 0.0149737 0.0123844 0.0101429 0.00822449 0.00660163 0.00524468 0.00412332 0.00320757 0.00246858 0.00187935 0.00141516 0.0010539 0.000776146 0.0005652 0.000406952 0.000289696 0.000203888 0.000141877 9.76332e-05 6.64861e-05 4.48802e-05 3.0162e-05 2.03987e-05 1.42303e-05 1.07607e-05 
1.27538e-05 1.36857e-05 1.74267e-05 2.45791e-05 3.62307e-05 5.40619e-05 8.04904e-05 0.000118859 0.000173668 0.00025085 0.000358077 0.000505093 0.000704061 0.000969889 0.00132052 0.00177717 0.0023644 0.00311012 0.00404535 0.00520383 0.00662131 0.00833471 0.0103809 0.0127956 0.0156115 0.018857 0.0225543 0.0267181 0.031354 0.0364571 0.0420115 0.0479894 0.054351 0.061045 0.0680093 0.0751717 0.0824522 0.0897639 0.0970158 0.104114 0.110966 0.117479 0.123565 0.129142 0.134135 0.138477 0.142109 0.144984 0.147065 0.148323 0.148744 0.148321 0.147061 0.144979 0.142103 0.138471 0.134131 0.129142 0.12357 0.117492 0.110988 0.104149 0.0970642 0.0898279 0.0825332 0.0752706 0.0681263 0.0611799 0.0545026 0.048156 0.042191 0.0366468 0.0315507 0.0269186 0.0227551 0.0190549 0.0158035 0.0129788 0.0105531 0.00849409 0.0067666 0.0053343 0.00416077 0.00321071 0.00245079 0.00185027 0.00138148 0.00101998 0.000744622 0.000537462 0.000383532 0.000270576 0.000188727 0.000130177 8.88543e-05 6.01204e-05 4.05027e-05 2.74639e-05 1.92143e-05 1.45724e-05 
1.71277e-05 1.83861e-05 2.33796e-05 3.29004e-05 4.83748e-05 7.2e-05 0.000106927 0.0001575 0.000229545 0.000330711 0.00047085 0.000662423 0.00092091 0.00126519 0.00171788 0.00230555 0.00305881 0.00401219 0.00520383 0.00667484 0.00846847 0.0106289 0.0131997 0.0162224 0.0197344 0.0237673 0.0283445 0.03348 0.0391764 0.0454234 0.0521977 0.0594615 0.0671634 0.0752388 0.0836106 0.0921913 0.100884 0.109587 0.118192 0.12659 0.134675 0.142339 0.149485 0.156019 0.161858 0.166926 0.17116 0.174507 0.176927 0.178388 0.178875 0.178381 0.176913 0.174488 0.171135 0.166898 0.161827 0.155989 0.149458 0.142317 0.13466 0.126588 0.118203 0.109615 0.100931 0.0922587 0.0836997 0.0753498 0.067296 0.0596142 0.0523685 0.0456097 0.0393748 0.0336869 0.028556 0.0239794 0.0199435 0.0164248 0.0133924 0.0108094 0.00863485 0.00682578 0.00533862 0.00413071 0.00316143 0.00239306 0.00179139 0.00132601 0.000970476 0.000702222 0.000502331 0.000355241 0.000248369 0.000171718 0.000117483 7.96786e-05 5.38101e-05 3.6583e-05 2.56678e-05 1.95237e-05 
2.27566e-05 2.44364e-05 3.10294e-05 4.35658e-05 6.38952e-05 9.48591e-05 0.00014052 0.00020646 0.000300137 0.000431304 0.000612474 0.0008594 0.00119156 0.00163259 0.00221067 0.00295868 0.0039143 0.00511975 0.00662131 0.00846847 0.0107128 0.0134063 0.0165998 0.0203409 0.0246714 0.0296253 0.0352265 0.0414869 0.0484044 0.0559616 0.0641251 0.0728454 0.0820569 0.0916792 0.101618 0.111769 0.122018 0.132244 0.142322 0.152129 0.161542 0.170443 0.17872 0.186272 0.193007 0.198842 0.20371 0.207553 0.210327 0.212002 0.212558 0.21199 0.210303 0.207517 0.203664 0.198788 0.192946 0.186207 0.178654 0.170379 0.161484 0.152081 0.142287 0.132225 0.12202 0.111794 0.101668 0.0917554 0.0821595 0.0729738 0.0642775 0.0561355 0.0485966 0.0416934 0.0354429 0.0298471 0.024894 0.0205601 0.0168117 0.0136074 0.0109003 0.00864051 0.00677652 0.00525751 0.00403463 0.00306213 0.00229822 0.00170555 0.00125143 0.000907774 0.000650968 0.000461468 0.000323408 0.000224126 0.000153697 0.000104486 7.07363e-05 4.82164e-05 3.3927e-05 2.58806e-05 
2.9916e-05 3.21328e-05 4.07439e-05 5.70744e-05 8.34967e-05 0.000123646 0.000182703 0.00026776 0.000388263 0.000556513 0.000788222 0.00110309 0.00152534 0.00208425 0.00281448 0.00375632 0.00495556 0.00646321 0.00833471 0.0106289 0.0134063 0.0167275 0.0206508 0.0252294 0.0305093 0.0365261 0.0433027 0.0508473 0.0591509 0.0681867 0.0779092 0.0882541 0.0991394 0.110466 0.122123 0.133983 0.145915 0.157778 0.169432 0.180736 0.191554 0.201754 0.211215 0.219827 0.227489 0.234117 0.239636 0.243988 0.247127 0.249019 0.249646 0.249001 0.247091 0.243936 0.239568 0.234034 0.227395 0.219723 0.211106 0.201643 0.191445 0.180635 0.169343 0.157705 0.145862 0.133955 0.122122 0.110496 0.0992006 0.0883468 0.0780323 0.0683381 0.0593274 0.0510449 0.0435168 0.0367515 0.0307408 0.0254618 0.0208792 0.0169476 0.0136144 0.0108221 0.00851093 0.00662121 0.00509486 0.00387711 0.00291753 0.00217076 0.00159682 0.00116122 0.000834769 0.000593199 0.000416721 0.000289474 0.000198976 0.000135588 9.20163e-05 6.28857e-05 4.43747e-05 3.39469e-05 
3.89156e-05 4.18086e-05 5.29356e-05 7.39831e-05 0.000107961 0.000159471 0.000235047 0.000343609 0.000496985 0.000710525 0.00100375 0.001401 0.00193211 0.00263291 0.00354559 0.00471887 0.00620783 0.00807331 0.0103809 0.0131997 0.0165998 0.0206508 0.0254181 0.0309606 0.0373273 0.0445542 0.0526616 0.0616516 0.0715065 0.0821871 0.093633 0.105763 0.118475 0.13165 0.145156 0.158845 0.172566 0.186158 0.199465 0.212329 0.2246 0.236137 0.246809 0.256499 0.265102 0.272528 0.278702 0.283563 0.287065 0.289174 0.289871 0.28915 0.287018 0.283493 0.27861 0.272417 0.264973 0.256355 0.246655 0.235976 0.224437 0.212169 0.199314 0.186022 0.17245 0.158755 0.145095 0.131623 0.118483 0.105808 0.0937152 0.0823048 0.0716569 0.0618309 0.0528648 0.0447759 0.0375615 0.0312013 0.0256595 0.0208874 0.016827 0.0134134 0.0105782 0.00825211 0.00636703 0.00485818 0.00366543 0.0027343 0.0020165 0.0014701 0.00105942 0.000754666 0.000531417 0.000370017 0.000254935 0.00017413 0.000118461 8.11693e-05 5.74379e-05 4.40637e-05 
5.00965e-05 5.383e-05 6.80565e-05 9.48992e-05 0.000138138 0.000203532 0.000299242 0.00043636 0.000629548 0.000897751 0.00126495 0.00176095 0.00242203 0.00329158 0.00442038 0.00586674 0.00769607 0.00998012 0.0127956 0.0162224 0.0203409 0.0252294 0.0309606 0.037598 0.0451925 0.0537788 0.0633724 0.0739673 0.0855335 0.0980172 0.11134 0.1254 0.140074 0.155222 0.170685 0.186298 0.201884 0.217268 0.232273 0.246728 0.260472 0.273354 0.285236 0.295996 0.305527 0.313737 0.320551 0.325908 0.329763 0.332082 0.332848 0.332053 0.329705 0.325822 0.320438 0.313598 0.305365 0.295813 0.285036 0.273142 0.260253 0.246507 0.232057 0.217063 0.201698 0.186136 0.170554 0.155126 0.140019 0.125386 0.11137 0.0980896 0.0856467 0.0741177 0.0635553 0.0539883 0.0454222 0.0378411 0.0312102 0.0254791 0.0205847 0.0164552 0.0130133 0.0101798 0.00787573 0.00602547 0.00455814 0.00340907 0.00252055 0.00184218 0.00133083 0.0009503 0.000670772 0.000468145 0.000323297 0.000221342 0.000150945 0.000103695 7.35827e-05 5.66049e-05 
6.3825e-05 6.85908e-05 8.65906e-05 0.00012047 0.000174924 0.000257091 0.00037705 0.000548457 0.000789293 0.0011227 0.00157784 0.00219077 0.0030052 0.00407308 0.0054549 0.00721959 0.00944402 0.0122118 0.0156115 0.0197344 0.0246714 0.0305093 0.0373273 0.0451925 0.054156 0.0642493 0.0754805 0.0878323 0.10126 0.115692 0.131028 0.147144 0.163892 0.181108 0.198609 0.216207 0.233704 0.250905 0.26762 0.283664 0.298865 0.313067 0.326127 0.337921 0.348342 0.3573 0.36472 0.370545 0.374731 0.377248 0.378078 0.377214 0.374664 0.370445 0.364587 0.357136 0.348149 0.337702 0.325884 0.312805 0.29859 0.283381 0.267337 0.25063 0.233443 0.215968 0.198401 0.180936 0.163763 0.147061 0.130994 0.115707 0.101325 0.0879428 0.0756326 0.0644372 0.054373 0.0454309 0.0375793 0.0307674 0.0249284 0.019984 0.0158484 0.0124318 0.00964424 0.0073983 0.00561143 0.00420773 0.00311898 0.00228526 0.00165498 0.00118461 0.000838144 0.000586325 0.00040585 0.000278511 0.000190389 0.000131127 9.33053e-05 7.19711e-05 
8.04847e-05 8.65026e-05 0.000109042 0.000151364 0.000219244 0.000321434 0.000470259 0.000682358 0.000979559 0.00138983 0.00194828 0.00269809 0.00369134 0.00498959 0.0066641 0.00879552 0.0114731 0.0147932 0.018857 0.0237673 0.0296253 0.0365261 0.0445542 0.0537788 0.0642493 0.0759911 0.0890024 0.103251 0.118675 0.135181 0.152644 0.170916 0.189822 0.20917 0.228754 0.248362 0.267777 0.286785 0.305182 0.322774 0.339382 0.354844 0.369019 0.381782 0.39303 0.402676 0.410651 0.416902 0.421388 0.424083 0.424971 0.424046 0.421314 0.41679 0.410503 0.402492 0.392811 0.381531 0.368738 0.354538 0.339055 0.322433 0.304835 0.286439 0.26744 0.248045 0.228465 0.208916 0.189611 0.170754 0.152536 0.135129 0.11868 0.103311 0.0891131 0.0761475 0.0644444 0.0540045 0.044802 0.0367872 0.0298914 0.0240307 0.019111 0.0150325 0.0116935 0.00899436 0.00683997 0.00514221 0.00382135 0.00280685 0.00203768 0.00146204 0.00103687 0.000727026 0.0005044 0.000346942 0.000237734 0.00016415 0.00011712 9.05797e-05 
0.000100464 0.000107983 0.000135918 0.000188252 0.000272014 0.000397831 0.000580618 0.000840448 0.00120355 0.00170339 0.00238179 0.00328995 0.00448931 0.00605204 0.00806119 0.0106102 0.0138015 0.0177449 0.0225543 0.0283445 0.0352265 0.0433027 0.0526616 0.0633724 0.0754805 0.0890024 0.103923 0.120192 0.137727 0.156408 0.176086 0.196582 0.217695 0.239204 0.260879 0.282483 0.303782 0.324546 0.344559 0.36362 0.381547 0.398178 0.413372 0.427012 0.438999 0.449253 0.457714 0.464335 0.46908 0.471929 0.472867 0.471889 0.469002 0.464216 0.457556 0.449055 0.438761 0.426737 0.413062 0.397835 0.381177 0.363228 0.344153 0.324134 0.303372 0.282087 0.260506 0.238864 0.217397 0.196335 0.175896 0.15628 0.137662 0.120191 0.103982 0.0891171 0.0756443 0.063577 0.0528977 0.0435607 0.0354967 0.0286179 0.0228227 0.0180015 0.0140411 0.0108288 0.00825661 0.00622318 0.00463632 0.00341389 0.00248437 0.00178678 0.00127012 0.000892623 0.000620699 0.000427913 0.000293909 0.000203444 0.000145543 0.000112853 
0.000124144 0.000133438 0.000167713 0.00023178 0.000334111 0.00048748 0.000709762 0.00102493 0.00146419 0.00206719 0.00288327 0.00397253 0.00540668 0.00726954 0.00965689 0.0126757 0.0164426 0.021081 0.0267181 0.03348 0.0414869 0.0508473 0.0616516 0.0739673 0.0878323 0.103251 0.120192 0.138585 0.15832 0.179251 0.201198 0.223954 0.247285 0.270945 0.294678 0.318225 0.341334 0.363763 0.385288 0.405703 0.424827 0.442501 0.458592 0.47299 0.485606 0.496371 0.505234 0.512157 0.517113 0.520084 0.521063 0.520045 0.517033 0.512036 0.505072 0.496167 0.485359 0.472701 0.458262 0.442133 0.424423 0.40527 0.384832 0.363292 0.340857 0.317754 0.294224 0.270519 0.246899 0.223617 0.20092 0.179038 0.158176 0.138512 0.12019 0.103314 0.0879552 0.0741419 0.0618682 0.0510952 0.0417556 0.0337589 0.0269976 0.0213528 0.0166999 0.0129135 0.00987168 0.00745946 0.00557124 0.00411234 0.00299983 0.00216256 0.00154079 0.0010853 0.000756371 0.000522621 0.000359791 0.00024966 0.000179073 0.0001392 
0.000151877 0.000163247 0.000204882 0.000282538 0.000406326 0.000591451 0.000859127 0.00123771 0.00176396 0.00248441 0.0034567 0.00475067 0.00644925 0.00864877 0.0114586 0.0150002 0.0194044 0.024809 0.031354 0.0391764 0.0484044 0.0591509 0.0715065 0.0855335 0.10126 0.118675 0.137727 0.15832 0.180316 0.20354 0.227778 0.25279 0.278315 0.304076 0.329793 0.355189 0.379996 0.403962 0.426858 0.44848 0.468648 0.487214 0.504054 0.51907 0.532187 0.54335 0.552519 0.559667 0.564777 0.567839 0.568848 0.567801 0.5647 0.55955 0.552361 0.543149 0.531942 0.518779 0.503717 0.486832 0.468224 0.448017 0.426364 0.403443 0.379462 0.354651 0.329264 0.303568 0.277841 0.252363 0.227408 0.203237 0.180087 0.158168 0.137654 0.118678 0.101333 0.0856694 0.0716954 0.0593816 0.0486652 0.0394556 0.0316405 0.025093 0.0196775 0.0152558 0.0116922 0.00885741 0.00663164 0.00490689 0.00358789 0.00259248 0.00185128 0.0013069 0.000912826 0.000632123 0.000436167 0.000303386 0.000218164 0.000170001 
0.000183972 0.000197739 0.000247817 0.000341025 0.000489317 0.000710615 0.00102986 0.00148026 0.00210474 0.00295738 0.00410485 0.00562758 0.00762055 0.0101934 0.0134699 0.0175862 0.0226883 0.0289278 0.0364571 0.0454234 0.0559616 0.0681867 0.0821871 0.0980172 0.115692 0.135181 0.156408 0.179251 0.20354 0.229064 0.255578 0.282809 0.310462 0.338237 0.365828 0.392942 0.419298 0.444639 0.468736 0.491386 0.512423 0.531706 0.549129 0.564608 0.578085 0.589521 0.598891 0.606181 0.611386 0.614502 0.615529 0.614467 0.611315 0.606074 0.598744 0.589331 0.577851 0.564326 0.548798 0.531325 0.511993 0.49091 0.468218 0.444086 0.418719 0.392348 0.365233 0.337653 0.309905 0.282292 0.255117 0.228669 0.20322 0.179014 0.156257 0.135114 0.115706 0.0981059 0.0823403 0.0683929 0.0562082 0.0456976 0.0367462 0.0292204 0.0229746 0.0178581 0.0137214 0.0104204 0.0078208 0.00580051 0.00425115 0.00307871 0.00220339 0.00155887 0.00109117 0.000757266 0.000523681 0.000365114 0.000263205 0.000205584 
0.000220669 0.00023717 0.000296818 0.000407616 0.000583559 0.000845581 0.00122272 0.00175353 0.00248763 0.00348732 0.00482901 0.00660446 0.00892143 0.0119036 0.0156896 0.0204308 0.0262881 0.0334269 0.0420115 0.0521977 0.0641251 0.0779092 0.093633 0.11134 0.131028 0.152644 0.176086 0.201198 0.227778 0.255578 0.284319 0.313692 0.343375 0.373038 0.402359 0.431026 0.458753 0.485281 0.510381 0.533864 0.555572 0.575384 0.593209 0.608986 0.622674 0.634254 0.643716 0.651063 0.6563 0.659434 0.660468 0.659404 0.656241 0.650971 0.643588 0.634086 0.622463 0.608726 0.592898 0.575019 0.555152 0.533389 0.509856 0.484709 0.458145 0.430391 0.401709 0.372389 0.342742 0.313092 0.283768 0.255091 0.227366 0.200872 0.175851 0.152502 0.130976 0.111374 0.0937429 0.0780837 0.064351 0.052461 0.0422985 0.0337245 0.0265848 0.0207169 0.0159576 0.0121481 0.00913926 0.00679417 0.00499073 0.00362234 0.0025981 0.00184206 0.00129212 0.00089862 0.000622784 0.000435204 0.000314489 0.000246202 
0.00026212 0.000281701 0.000352066 0.00048252 0.000689298 0.000996624 0.00143801 0.00205778 0.00291281 0.00407418 0.00562871 0.00768015 0.0103496 0.0137754 0.0181114 0.0235244 0.0301898 0.0382865 0.0479894 0.0594615 0.0728454 0.0882541 0.105763 0.1254 0.147144 0.170916 0.196582 0.223954 0.25279 0.282809 0.313692 0.345099 0.376678 0.408076 0.438951 0.468983 0.497879 0.525382 0.551274 0.575376 0.59755 0.617693 0.635738 0.651643 0.665392 0.676985 0.686432 0.69375 0.698959 0.702072 0.703102 0.70205 0.698913 0.693678 0.686329 0.676846 0.665213 0.651417 0.63546 0.617359 0.597156 0.574921 0.550758 0.52481 0.497257 0.468321 0.438261 0.407374 0.37598 0.344424 0.313058 0.282232 0.252287 0.223537 0.19626 0.170693 0.147021 0.125372 0.105822 0.0883901 0.0730442 0.0597084 0.0482693 0.038585 0.0304936 0.0238222 0.0183943 0.0140365 0.0105845 0.00788648 0.00580595 0.00422319 0.00303547 0.00215663 0.00151588 0.00105641 0.000733689 0.000513844 0.000372183 0.000292009 
0.000308368 0.000331374 0.000413596 0.000565752 0.000806503 0.00116363 0.00167545 0.0023925 0.00337936 0.00471644 0.00650154 0.00885091 0.0118996 0.0158007 0.0207237 0.0268505 0.034371 0.0434764 0.054351 0.0671634 0.0820569 0.0991394 0.118475 0.140074 0.163892 0.189822 0.217695 0.247285 0.278315 0.310462 0.343375 0.376678 0.409993 0.442945 0.475178 0.506364 0.536211 0.564468 0.59093 0.615435 0.637865 0.658143 0.676223 0.692092 0.705756 0.717236 0.726563 0.733772 0.738894 0.741953 0.742966 0.741939 0.738864 0.733724 0.726491 0.717134 0.705618 0.69191 0.675991 0.657852 0.637511 0.615014 0.590441 0.563912 0.535593 0.505692 0.474464 0.442204 0.409243 0.375938 0.342665 0.309803 0.277724 0.246779 0.217285 0.189516 0.163693 0.13998 0.118478 0.0992308 0.0822227 0.0673883 0.054619 0.0437715 0.0346786 0.0271575 0.0210194 0.016077 0.0121507 0.00907346 0.00669421 0.00487955 0.00351446 0.00250197 0.00176213 0.00123047 0.000856321 0.000601019 0.000436305 0.000343038 
0.000359325 0.000386094 0.000481271 0.000657094 0.000934823 0.00134603 0.00193416 0.0027563 0.0038852 0.00541101 0.00744295 0.0101102 0.013562 0.0179667 0.0235089 0.0303858 0.0388008 0.0489564 0.061045 0.0752388 0.0916792 0.110466 0.13165 0.155222 0.181108 0.20917 0.239204 0.270945 0.304076 0.338237 0.373038 0.408076 0.442945 0.477253 0.510632 0.542752 0.573325 0.60211 0.628919 0.653612 0.676095 0.696317 0.71426 0.729936 0.743378 0.754629 0.763742 0.770767 0.775748 0.778721 0.779709 0.778717 0.775737 0.770745 0.763705 0.75457 0.743288 0.729807 0.714082 0.696082 0.675795 0.653241 0.628472 0.601587 0.572727 0.542088 0.509911 0.476489 0.442156 0.407283 0.372263 0.337502 0.303402 0.270352 0.238707 0.208779 0.18083 0.155056 0.131593 0.110508 0.0918067 0.0754366 0.0612964 0.0492442 0.0391087 0.0306992 0.0238155 0.0182567 0.0138284 0.0103484 0.00765076 0.00558815 0.00403283 0.0028766 0.00202988 0.00142017 0.000990283 0.000696479 0.000506696 0.000399185 
0.00041476 0.000445608 0.000554765 0.00075608 0.00107356 0.00154279 0.00221257 0.0031469 0.00442697 0.00615308 0.00844618 0.0114486 0.0153241 0.020256 0.0264441 0.0341001 0.0434402 0.054677 0.0680093 0.0836106 0.101618 0.122123 0.145156 0.170685 0.198609 0.228754 0.260879 0.294678 0.329793 0.365828 0.402359 0.438951 0.475178 0.510632 0.544939 0.57777 0.608843 0.637935 0.664878 0.689554 0.711899 0.731888 0.749535 0.764878 0.777976 0.788896 0.79771 0.804485 0.809281 0.812141 0.813093 0.812146 0.809289 0.804493 0.797711 0.788883 0.777939 0.764808 0.749421 0.731719 0.711664 0.689245 0.664487 0.63746 0.608283 0.577129 0.544227 0.509861 0.474366 0.438119 0.40153 0.365027 0.329045 0.294003 0.260297 0.22828 0.198252 0.170447 0.145034 0.12211 0.101703 0.0837769 0.0682396 0.0549534 0.043745 0.034417 0.0267592 0.0205579 0.0156045 0.0117016 0.00866865 0.00634404 0.00458709 0.00327809 0.00231746 0.00162437 0.00113482 0.000799716 0.000583005 0.000460182 
0.000474285 0.000509498 0.000633548 0.000861971 0.00122165 0.00175233 0.00250843 0.00356102 0.00500005 0.00693616 0.00950224 0.012854 0.0171694 0.0226468 0.0295008 0.0379568 0.0482427 0.0605799 0.0751717 0.0921913 0.111769 0.133983 0.158845 0.186298 0.216207 0.248362 0.282483 0.318225 0.355189 0.392942 0.431026 0.468983 0.506364 0.542752 0.57777 0.611091 0.64245 0.67164 0.698516 0.722989 0.745023 0.764625 0.781836 0.796724 0.809374 0.819875 0.828321 0.834794 0.839366 0.842091 0.843 0.842106 0.839395 0.834832 0.828361 0.81991 0.809393 0.796717 0.78179 0.764527 0.744862 0.722752 0.698194 0.671226 0.641942 0.61049 0.577082 0.54199 0.505544 0.468126 0.430157 0.392086 0.354374 0.317475 0.281822 0.247807 0.21577 0.185986 0.158658 0.133914 0.111808 0.0923221 0.0753773 0.0608413 0.0485411 0.0382744 0.0298222 0.022959 0.0174624 0.0131208 0.00973876 0.00714057 0.00517249 0.00370306 0.00262253 0.00184145 0.0012888 0.000909948 0.000664671 0.000525596 
0.000537349 0.000577171 0.000716879 0.000973757 0.00137765 0.00197261 0.00281876 0.00399447 0.00559854 0.00775211 0.0106 0.0143113 0.0190781 0.0251133 0.0326456 0.0419133 0.053155 0.0665993 0.0824522 0.100884 0.122018 0.145915 0.172566 0.201884 0.233704 0.267777 0.303782 0.341334 0.379996 0.419298 0.458753 0.497879 0.536211 0.573325 0.608843 0.64245 0.673895 0.702992 0.729623 0.753729 0.775304 0.794386 0.811046 0.82538 0.837498 0.847514 0.855537 0.861667 0.865986 0.868558 0.869419 0.868583 0.866034 0.861733 0.855616 0.847597 0.837574 0.825438 0.811071 0.794364 0.775221 0.753571 0.729377 0.702649 0.673449 0.641901 0.608193 0.572585 0.535397 0.49701 0.457856 0.418399 0.379124 0.340518 0.303047 0.267145 0.23319 0.201499 0.172311 0.145787 0.122007 0.100977 0.0826298 0.0668425 0.053444 0.042229 0.0329709 0.0254337 0.0193823 0.0145909 0.0108498 0.00796946 0.00578299 0.00414719 0.00294201 0.00206926 0.00145073 0.00102612 0.000750923 0.000594818 
0.000603244 0.000647863 0.000803812 0.00109016 0.00153977 0.00220105 0.00313994 0.00444215 0.00621538 0.00859123 0.0117265 0.0158031 0.0210273 0.0276257 0.0358406 0.0459221 0.0581182 0.072663 0.0897639 0.109587 0.132244 0.157778 0.186158 0.217268 0.250905 0.286785 0.324546 0.363763 0.403962 0.444639 0.485281 0.525382 0.564468 0.60211 0.637935 0.67164 0.702992 0.731831 0.758065 0.781667 0.802662 0.821118 0.837138 0.850844 0.862369 0.871849 0.879412 0.885171 0.889219 0.891626 0.892436 0.891661 0.889285 0.885265 0.879528 0.871978 0.8625 0.850964 0.837234 0.821173 0.802659 0.781592 0.757902 0.731567 0.702618 0.671153 0.637336 0.601405 0.563673 0.524515 0.484367 0.443709 0.403044 0.362889 0.323745 0.286081 0.250319 0.216811 0.185837 0.157591 0.132183 0.109639 0.0899111 0.0728856 0.0583953 0.0462336 0.0361678 0.0279527 0.0213412 0.0160944 0.0119887 0.00882088 0.0064114 0.00460527 0.00327217 0.00230514 0.00161873 0.00114689 0.00084078 0.000667066 
