0.00123641 0.00125159 0.00130227 0.00138915 0.00151321 0.00167579 0.00187858 0.0021236 0.00241311 0.00274961 0.00313578 0.0035744 0.0040683 0.00462031 0.00523312 0.00590929 0.00665108 0.00746044 0.00833887 0.00928739 0.0103064 0.0113957 0.0125542 0.0137804 0.0150714 0.016424 0.0178336 0.0192952 0.0208024 0.0223482 0.0239247 0.0255233 0.0271344 0.0287479 0.0303533 0.0319395 0.033495 0.0350082 0.0364676 0.0378615 0.0391787 0.0404083 0.0415397 0.0425634 0.0434703 0.0442525 0.0449029 0.0454158 0.0457864 0.0460115 0.0460889 0.046018 0.0457995 0.0454354 0.044929 0.0442849 0.0435091 0.0426084 0.0415908 0.0404653 0.0392415 0.0379299 0.0365413 0.0350869 0.0335784 0.0320274 0.0304453 0.0288436 0.0272333 0.025625 0.0240288 0.0224541 0.0209096 0.0194032 0.0179419 0.016532 0.0151787 0.0138863 0.0126584 0.0114976 0.0104056 0.00938348 0.00843144 0.00754913 0.00673559 0.00598933 0.00530847 0.00469076 0.0041337 0.00363461 0.00319072 0.00279921 0.00245733 0.00216243 0.00191201 0.00170383 0.00153588 0.00140648 0.00131428 0.00125842 
0.00125159 0.00126698 0.0013183 0.00140627 0.00153187 0.00169646 0.00190177 0.0021498 0.00244287 0.00278349 0.00317437 0.00361832 0.00411821 0.00467688 0.00529706 0.00598132 0.00673194 0.0075509 0.00843969 0.00939934 0.0104303 0.0115322 0.0127041 0.0139443 0.0152501 0.016618 0.0180436 0.0195215 0.0210456 0.0226085 0.0242025 0.0258185 0.0274472 0.0290783 0.030701 0.0323042 0.0338763 0.0354056 0.0368804 0.038289 0.03962 0.0408624 0.0420056 0.0430398 0.0439561 0.0447463 0.0454035 0.0459216 0.046296 0.0465233 0.0466015 0.0465298 0.046309 0.045941 0.0454294 0.0447786 0.0439947 0.0430846 0.0420564 0.0409191 0.0396825 0.038357 0.0369538 0.035484 0.0339594 0.0323918 0.0307927 0.0291737 0.0275459 0.0259201 0.0243064 0.0227143 0.0211527 0.0196295 0.0181519 0.0167261 0.0153575 0.0140504 0.0128085 0.0116343 0.0105297 0.00949569 0.00853254 0.00763989 0.00681676 0.00606168 0.00537272 0.00474765 0.00418392 0.00367884 0.0032296 0.00283336 0.00248734 0.00218885 0.00193539 0.00172467 0.00155468 0.0014237 0.00133039 0.00127385 
0.00130227 0.0013183 0.00137164 0.00146302 0.00159346 0.00176437 0.00197751 0.00223497 0.00253912 0.00289255 0.00329804 0.0037585 0.00427686 0.00485603 0.00549883 0.00620787 0.00698549 0.00783369 0.008754 0.00974743 0.0108144 0.0119545 0.0131668 0.0144493 0.0157994 0.0172134 0.0186866 0.0202135 0.0217877 0.0234018 0.0250475 0.0267156 0.0283964 0.0300794 0.0317534 0.0334069 0.0350281 0.0366049 0.0381252 0.0395771 0.0409487 0.0422289 0.0434067 0.0444722 0.045416 0.0462299 0.0469066 0.0474401 0.0478255 0.0480595 0.0481399 0.0480659 0.0478383 0.0474592 0.046932 0.0462616 0.0454539 0.0445162 0.0434567 0.0422847 0.0410103 0.0396441 0.0381975 0.0366823 0.0351103 0.0334936 0.0318442 0.030174 0.0284944 0.0268165 0.0251508 0.0235072 0.0218946 0.0203214 0.0187948 0.0173215 0.015907 0.0145558 0.0132716 0.0120572 0.0109144 0.00984447 0.00884761 0.0079235 0.00707116 0.0062891 0.00557538 0.00492769 0.00434344 0.00381987 0.00335409 0.00294319 0.0025843 0.00227467 0.00201171 0.00179308 0.00161668 0.00148078 0.00138396 0.00132531 
0.00138915 0.00140627 0.00146302 0.00156017 0.00169881 0.0018804 0.00210679 0.00238017 0.00270303 0.00307808 0.00350823 0.00399652 0.00454599 0.0051597 0.00584055 0.00659127 0.00741427 0.00831159 0.0092848 0.0103349 0.0114622 0.0126664 0.0139462 0.0152997 0.0167238 0.0182147 0.0197675 0.0213763 0.0230343 0.0247336 0.0264656 0.0282206 0.0299883 0.0317576 0.033517 0.0352543 0.0369572 0.038613 0.040209 0.0417328 0.0431721 0.0445151 0.0457505 0.0468678 0.0478573 0.0487105 0.0494198 0.0499788 0.0503826 0.0506276 0.0507116 0.0506338 0.050395 0.0499973 0.0494443 0.0487412 0.047894 0.0469104 0.045799 0.0445694 0.043232 0.0417982 0.0402797 0.0386887 0.0370377 0.0353394 0.0336063 0.0318508 0.030085 0.0283203 0.026568 0.0248382 0.0231406 0.0214838 0.0198756 0.0183229 0.0168316 0.0154065 0.0140516 0.0127698 0.0115632 0.010433 0.0093796 0.00840268 0.0075013 0.00667392 0.00591855 0.0052328 0.00461401 0.00405928 0.00356562 0.00312999 0.00274939 0.00242094 0.00214194 0.00190992 0.00172271 0.00157847 0.00147572 0.00141351 
0.00151321 0.00153187 0.00159346 0.00169881 0.00184906 0.00204578 0.00229095 0.00258689 0.00293624 0.0033419 0.00380694 0.00433458 0.00492805 0.00559056 0.00632517 0.00713474 0.00802179 0.00898841 0.0100362 0.0111662 0.0123786 0.0136729 0.0150478 0.0165011 0.0180294 0.0196285 0.0212932 0.023017 0.0247926 0.0266116 0.0284646 0.0303415 0.0322311 0.0341216 0.0360007 0.0378555 0.0396727 0.0414391 0.0431412 0.0447657 0.0462997 0.0477305 0.0490464 0.0502362 0.0512898 0.0521979 0.0529526 0.0535474 0.0539769 0.0542373 0.0543263 0.0542432 0.0539886 0.0535649 0.052976 0.052227 0.0513247 0.0502769 0.0490928 0.0477825 0.0463571 0.0448286 0.0432093 0.0415123 0.0397508 0.0379381 0.0360877 0.0342127 0.0323258 0.0304396 0.0285656 0.026715 0.0248979 0.0231238 0.0214009 0.0197367 0.0181374 0.0166084 0.015154 0.0137773 0.0124808 0.0112657 0.0101326 0.00908122 0.00811064 0.0072193 0.00640513 0.00566563 0.00499802 0.00439925 0.00386616 0.00339554 0.00298422 0.00262913 0.00232741 0.00207644 0.0018739 0.00171784 0.00160668 0.00153942 
0.00167579 0.00169646 0.00176437 0.0018804 0.00204578 0.00226222 0.00253184 0.00285715 0.00324099 0.00368646 0.00419689 0.0047757 0.00542635 0.00615227 0.0069567 0.00784267 0.00881282 0.00986934 0.0110138 0.0122473 0.0135699 0.014981 0.016479 0.0180614 0.0197244 0.0214635 0.0232726 0.025145 0.0270725 0.029046 0.0310552 0.0330892 0.0351359 0.0371826 0.0392159 0.041222 0.0431866 0.0450954 0.046934 0.0486881 0.0503438 0.0518877 0.0533071 0.0545901 0.0557258 0.0567046 0.0575178 0.0581585 0.058621 0.0589012 0.0589967 0.0589066 0.0586318 0.0581748 0.0575396 0.0567318 0.0557585 0.0546282 0.0533506 0.0519366 0.050398 0.0487476 0.0469987 0.0451652 0.0432614 0.0413015 0.0392999 0.0372708 0.035228 0.0331849 0.0311541 0.0291476 0.0271764 0.0252507 0.0233797 0.0215713 0.0198325 0.0181691 0.0165859 0.0150865 0.0136735 0.0123485 0.0111121 0.00996422 0.00890391 0.00792957 0.00703907 0.00622978 0.00549875 0.00484276 0.00425841 0.00374229 0.003291 0.00290125 0.00256996 0.00229431 0.00207181 0.00190036 0.00177826 0.00170443 
0.00187858 0.00190177 0.00197751 0.00210679 0.00229095 0.00253184 0.00283178 0.00319349 0.00362006 0.00411486 0.00468148 0.00532362 0.00604503 0.00684936 0.00774012 0.00872049 0.00979327 0.0109608 0.0122246 0.0135857 0.0150442 0.0165992 0.0182488 0.0199901 0.0218189 0.0237301 0.0257169 0.0277719 0.0298859 0.0320491 0.0342502 0.0364769 0.0387164 0.0409545 0.0431768 0.0453682 0.0475133 0.0495964 0.051602 0.0535146 0.0553192 0.0570014 0.0585473 0.0599443 0.0611805 0.0622456 0.0631303 0.063827 0.0643298 0.0646342 0.0647376 0.0646391 0.0643396 0.0638418 0.06315 0.0622703 0.0612103 0.0599791 0.0585872 0.0570464 0.0553694 0.0535699 0.0516624 0.0496619 0.0475837 0.0454435 0.0432567 0.0410389 0.0388049 0.0365694 0.0343462 0.0321483 0.0299879 0.0278761 0.0258229 0.0238373 0.0219268 0.0200981 0.0183564 0.0167058 0.0151493 0.0136887 0.012325 0.011058 0.0098869 0.00881008 0.00782528 0.00692973 0.00612029 0.00539349 0.00474572 0.00417328 0.00367248 0.00323979 0.00287186 0.00256563 0.0023184 0.00212787 0.00199221 0.00191022 
0.0021236 0.0021498 0.00223497 0.00238017 0.00258689 0.00285715 0.00319349 0.00359889 0.00407674 0.00463071 0.0052647 0.00598275 0.00678892 0.00768715 0.00868121 0.00977451 0.01097 0.0122701 0.0136765 0.0151901 0.0168107 0.0185373 0.0203676 0.0222983 0.0243245 0.0264405 0.0286388 0.0309108 0.0332466 0.0356351 0.0380639 0.0405195 0.0429875 0.0454527 0.047899 0.05031 0.0526688 0.0549583 0.0571615 0.0592617 0.0612425 0.0630881 0.0647837 0.0663153 0.0676703 0.0688373 0.0698064 0.0705694 0.0711197 0.0714526 0.0715653 0.0714569 0.0711282 0.0705822 0.0698236 0.0688589 0.0676964 0.0663461 0.0648191 0.0631283 0.0612876 0.0593118 0.0572166 0.0550183 0.0527338 0.05038 0.0479738 0.0455322 0.0430715 0.0406078 0.0381561 0.035731 0.0333458 0.0310127 0.028743 0.0265466 0.0244319 0.0224063 0.0204757 0.0186449 0.0169172 0.0152949 0.0137791 0.0123699 0.0110664 0.00986707 0.00876947 0.0077707 0.00686738 0.00605579 0.00533202 0.00469206 0.00413192 0.00364773 0.00323583 0.0028929 0.00261598 0.00240254 0.00225059 0.00215882 
0.00241311 0.00244287 0.00253912 0.00270303 0.00293624 0.00324099 0.00362006 0.00407674 0.00461474 0.00523808 0.00595104 0.00675802 0.00766343 0.00867157 0.00978647 0.0110118 0.0123507 0.0138057 0.0153785 0.0170699 0.0188795 0.0208061 0.0228469 0.024998 0.0272539 0.029608 0.032052 0.0345761 0.0371693 0.0398192 0.042512 0.0452328 0.0479656 0.0506937 0.0533992 0.0560642 0.0586701 0.0611981 0.0636297 0.0659465 0.0681307 0.0701649 0.0720331 0.0737201 0.075212 0.0764965 0.0775629 0.0784022 0.0790074 0.0793732 0.0794967 0.0793767 0.0790144 0.0784128 0.0775771 0.0765145 0.0752339 0.073746 0.0720633 0.0701995 0.0681697 0.0659903 0.0636783 0.0612516 0.0587286 0.0561278 0.0534678 0.0507672 0.048044 0.0453158 0.0425995 0.0399109 0.0372648 0.034675 0.0321538 0.0297123 0.0273601 0.0251055 0.0229551 0.0209144 0.0189873 0.0171764 0.0154833 0.013908 0.01245 0.0111075 0.00987805 0.00875855 0.00774538 0.00683453 0.00602175 0.00530268 0.00467297 0.00412838 0.00366492 0.00327893 0.00296716 0.00272684 0.00255578 0.00245253 
0.00274961 0.00278349 0.00289255 0.00307808 0.0033419 0.00368646 0.00411486 0.00463071 0.00523808 0.0059414 0.00674537 0.00765478 0.00867444 0.00980902 0.0110629 0.01244 0.0139436 0.0155764 0.0173401 0.0192353 0.0212616 0.0234172 0.0256988 0.028102 0.0306205 0.0332466 0.035971 0.0387827 0.0416695 0.0446172 0.0476107 0.0506334 0.0536674 0.0566943 0.0596945 0.062648 0.0655344 0.0683331 0.0710237 0.0735861 0.0760007 0.0782487 0.0803124 0.0821752 0.0838221 0.0852397 0.0864161 0.0873418 0.0880089 0.0884119 0.0885475 0.0884145 0.0880141 0.0873497 0.0864268 0.0852534 0.083839 0.0821955 0.0803363 0.0782764 0.0760326 0.0736224 0.0710646 0.0683788 0.065585 0.0627037 0.0597555 0.0567605 0.0537389 0.0507099 0.0476922 0.0447035 0.0417602 0.0388776 0.0360695 0.0333482 0.0307248 0.0282083 0.0258066 0.0235257 0.0213702 0.0193434 0.0174469 0.0156812 0.0140458 0.0125388 0.0111579 0.00989959 0.00876006 0.00773496 0.00681969 0.0060095 0.0052996 0.00468539 0.00416246 0.0037268 0.00337481 0.00310348 0.00291036 0.00279386 
0.00313578 0.00317437 0.00329804 0.00350823 0.00380694 0.00419689 0.00468148 0.0052647 0.00595104 0.00674537 0.00765281 0.00867864 0.00982809 0.0111062 0.0125178 0.0140669 0.0157573 0.0175914 0.0195712 0.0216969 0.023968 0.0263822 0.0289358 0.0316233 0.0344377 0.0373702 0.0404103 0.0435457 0.0467623 0.0500448 0.0533759 0.0567372 0.0601091 0.0634709 0.0668011 0.0700776 0.0732778 0.0763792 0.0793594 0.0821961 0.0848681 0.0873547 0.0896365 0.0916955 0.0935153 0.0950811 0.0963803 0.0974022 0.0981384 0.0985828 0.0987319 0.0985843 0.0981415 0.097407 0.096387 0.0950899 0.0935264 0.0917092 0.0896531 0.0873746 0.0848916 0.0822236 0.0793912 0.0764156 0.0733191 0.0701241 0.066853 0.0635283 0.0601721 0.0568058 0.05345 0.0501243 0.0468471 0.0436352 0.0405043 0.0374682 0.0345392 0.0317277 0.0290424 0.0264904 0.024077 0.021806 0.0196796 0.0176984 0.0158621 0.0141689 0.0126162 0.0112004 0.00991747 0.00876264 0.00773092 0.00681712 0.00601605 0.00532261 0.004732 0.00423977 0.003842 0.00353534 0.00331709 0.00318551 
0.0035744 0.00361832 0.0037585 0.00399652 0.00433458 0.0047757 0.00532362 0.00598275 0.00675802 0.00765478 0.00867864 0.00983537 0.0111307 0.01257 0.0141585 0.0159007 0.0178002 0.0198599 0.0220814 0.0244651 0.0270099 0.0297129 0.0325699 0.0355745 0.0387187 0.0419925 0.0453839 0.0488791 0.0524625 0.0561165 0.0598223 0.0635593 0.0673056 0.0710383 0.0747337 0.0783675 0.0819147 0.0853506 0.0886504 0.0917901 0.094746 0.0974957 0.100018 0.102293 0.104303 0.106033 0.107467 0.108595 0.109407 0.109897 0.110061 0.109897 0.109408 0.108596 0.107469 0.106036 0.104308 0.102299 0.100026 0.0975065 0.0947598 0.0918074 0.0886717 0.0853763 0.0819452 0.0784032 0.074775 0.0710853 0.0673586 0.0636184 0.0598876 0.0561879 0.0525397 0.0489621 0.0454722 0.0420857 0.0388163 0.0356759 0.0326744 0.0298199 0.0271185 0.0245747 0.0221911 0.0199688 0.0179075 0.0160055 0.0142602 0.0126678 0.0112238 0.00992322 0.0087606 0.0077303 0.00682663 0.00604402 0.00537718 0.00482126 0.0043719 0.00402542 0.00377886 0.00363029 
0.0040683 0.00411821 0.00427686 0.00454599 0.00492805 0.00542635 0.00604503 0.00678892 0.00766343 0.00867444 0.00982809 0.0111307 0.0125883 0.0142071 0.0159924 0.017949 0.0200809 0.0223908 0.0248805 0.0275499 0.0303976 0.0334203 0.0366127 0.0399676 0.0434758 0.047126 0.0509046 0.0547961 0.0587829 0.0628456 0.0669631 0.0711124 0.0752695 0.079409 0.0835046 0.0875295 0.0914564 0.0952581 0.0989074 0.102378 0.105644 0.108681 0.111465 0.113976 0.116194 0.118101 0.119682 0.120926 0.121821 0.12236 0.12254 0.122359 0.121819 0.120923 0.119679 0.118098 0.116191 0.113974 0.111464 0.108681 0.105647 0.102384 0.0989167 0.0952715 0.0914745 0.0875527 0.0835335 0.0794439 0.0753108 0.0711603 0.0670177 0.0629071 0.0588511 0.0548709 0.0509857 0.047213 0.0435683 0.0400649 0.0367141 0.0335251 0.0305051 0.0276592 0.0249907 0.022501 0.0201901 0.0180564 0.0160971 0.0143082 0.0126851 0.0112223 0.00991389 0.00875376 0.00773569 0.00685361 0.00610172 0.00547467 0.00496771 0.00457676 0.00429858 0.00413105 
0.00462031 0.00467688 0.00485603 0.0051597 0.00559056 0.00615227 0.00684936 0.00768715 0.00867157 0.00980902 0.0111062 0.01257 0.0142071 0.0160239 0.0180262 0.0202193 0.0226071 0.0251925 0.0279771 0.0309606 0.0341409 0.0375142 0.0410744 0.0448131 0.0487198 0.0527815 0.0569832 0.0613074 0.0657344 0.0702427 0.0748085 0.0794067 0.0840106 0.0885921 0.0931223 0.0975718 0.10191 0.106109 0.110136 0.113965 0.117566 0.120914 0.123982 0.126748 0.129189 0.131289 0.133029 0.134397 0.135381 0.135974 0.136171 0.135972 0.135376 0.13439 0.13302 0.131278 0.129178 0.126736 0.12397 0.120903 0.117557 0.113958 0.110132 0.106108 0.101914 0.0975808 0.093137 0.0886131 0.0840383 0.0794416 0.0748508 0.0702925 0.0657919 0.0613724 0.0570555 0.0528608 0.0488056 0.0449049 0.0411715 0.0376159 0.0342463 0.0310687 0.0280871 0.0253033 0.0227177 0.0203288 0.0181336 0.0161281 0.0143073 0.0126653 0.0111958 0.00989208 0.00874746 0.00775528 0.00690921 0.00620339 0.0056326 0.00519239 0.00487917 0.00469062 
0.00523312 0.00529706 0.00549883 0.00584055 0.00632517 0.0069567 0.00774012 0.00868121 0.00978647 0.0110629 0.0125178 0.0141585 0.0159924 0.0180262 0.0202664 0.0227182 0.0253859 0.0282724 0.0313789 0.034705 0.0382481 0.0420033 0.0459637 0.0501196 0.0544592 0.0589678 0.0636283 0.0684214 0.073325 0.0783151 0.0833657 0.0884486 0.0935346 0.0985927 0.103591 0.108498 0.113279 0.117904 0.122338 0.126551 0.130513 0.134193 0.137565 0.140604 0.143286 0.145591 0.147501 0.149002 0.150082 0.150732 0.150948 0.150728 0.150074 0.14899 0.147486 0.145573 0.143265 0.140582 0.137542 0.13417 0.13049 0.12653 0.122319 0.117888 0.113268 0.108491 0.10359 0.0985979 0.0935468 0.0884685 0.0833935 0.0783514 0.0733697 0.0684746 0.06369 0.0590376 0.0545367 0.0502044 0.046055 0.0421004 0.03835 0.0348109 0.0314877 0.028383 0.0254972 0.0228291 0.0203759 0.0181331 0.0160956 0.0142572 0.0126109 0.0111495 0.00986591 0.00875273 0.0078031 0.00701063 0.00636962 0.00587518 0.0055234 0.00531174 
0.00590929 0.00598132 0.00620787 0.00659127 0.00713474 0.00784267 0.00872049 0.00977451 0.0110118 0.01244 0.0140669 0.0159007 0.017949 0.0202193 0.0227182 0.0254513 0.0284232 0.0316365 0.0350923 0.0387898 0.0427255 0.046894 0.051287 0.0558936 0.0607002 0.0656904 0.0708452 0.0761428 0.0815588 0.0870666 0.0926373 0.0982401 0.103843 0.109411 0.11491 0.120305 0.12556 0.130639 0.135507 0.14013 0.144475 0.14851 0.152205 0.155534 0.158471 0.160995 0.163086 0.164728 0.165909 0.16662 0.166856 0.166614 0.165897 0.164711 0.163064 0.160968 0.158441 0.1555 0.152169 0.148472 0.144437 0.140093 0.135471 0.130606 0.12553 0.12028 0.114891 0.109398 0.103837 0.0982429 0.0926488 0.0870872 0.0815888 0.0761824 0.0708944 0.0657489 0.0607677 0.0559696 0.0513709 0.046985 0.0428227 0.0388922 0.0351988 0.0317459 0.0285343 0.025563 0.0228291 0.0203283 0.0180549 0.0160023 0.0141633 0.01253 0.0110946 0.0098493 0.00878653 0.00789935 0.00718156 0.00662783 0.00623389 0.00599694 
0.00665108 0.00673194 0.00698549 0.00741427 0.00802179 0.00881282 0.00979327 0.01097 0.0123507 0.0139436 0.0157573 0.0178002 0.0200809 0.0226071 0.0253859 0.0284232 0.0317234 0.0352894 0.0391218 0.0432192 0.0475776 0.0521903 0.057048 0.0621382 0.0674456 0.0729517 0.0786354 0.0844724 0.0904358 0.096496 0.102621 0.108778 0.11493 0.121041 0.127072 0.132986 0.138742 0.144303 0.149631 0.154687 0.159438 0.163847 0.167884 0.171519 0.174726 0.17748 0.179761 0.181552 0.18284 0.183616 0.183872 0.183608 0.182825 0.18153 0.179732 0.177444 0.174685 0.171474 0.167835 0.163795 0.159384 0.154633 0.149577 0.144251 0.138693 0.132941 0.127033 0.121008 0.114905 0.108762 0.102614 0.0964989 0.090449 0.0844963 0.0786701 0.072997 0.0675012 0.0622038 0.0571229 0.0522737 0.0476686 0.0433167 0.0392248 0.0353965 0.0318334 0.0285347 0.0254975 0.0227176 0.0201888 0.0179044 0.0158565 0.0140367 0.0124367 0.0110479 0.00986224 0.00887216 0.00807091 0.00745273 0.00701294 0.00674853 
0.00746044 0.0075509 0.00783369 0.00831159 0.00898841 0.00986934 0.0109608 0.0122701 0.0138057 0.0155764 0.0175914 0.0198599 0.0223908 0.0251925 0.0282724 0.0316365 0.0352894 0.0392337 0.0434697 0.0479954 0.0528059 0.0578935 0.0632474 0.0688535 0.0746946 0.0807501 0.0869964 0.0934066 0.099951 0.106597 0.11331 0.120053 0.126786 0.13347 0.140063 0.146523 0.152809 0.158877 0.164688 0.170201 0.175377 0.18018 0.184575 0.188531 0.19202 0.195016 0.197497 0.199444 0.200844 0.201686 0.201964 0.201676 0.200825 0.199416 0.197459 0.194971 0.191968 0.188473 0.184511 0.180111 0.175305 0.170128 0.164615 0.158805 0.152739 0.146458 0.140002 0.133416 0.12674 0.120015 0.113282 0.10658 0.0999454 0.0934127 0.0870145 0.0807802 0.0747364 0.0689067 0.0633114 0.0579676 0.0528891 0.0480866 0.0435677 0.0393372 0.035397 0.0317468 0.0283839 0.0253037 0.0225002 0.0199661 0.0176931 0.0156723 0.0138945 0.0123509 0.0110325 0.00993119 0.00903975 0.00835188 0.00786254 0.00756844 
0.00833887 0.00843969 0.008754 0.0092848 0.0100362 0.0110138 0.0122246 0.0136765 0.0153785 0.0173401 0.0195712 0.0220814 0.0248805 0.0279771 0.0313789 0.0350923 0.0391218 0.0434697 0.0481359 0.0531177 0.0584093 0.0640016 0.0698824 0.0760358 0.0824424 0.0890795 0.0959207 0.102936 0.110094 0.117358 0.12469 0.132049 0.139393 0.146679 0.153862 0.160895 0.167734 0.174334 0.18065 0.186639 0.192259 0.197473 0.202242 0.206533 0.210316 0.213563 0.216251 0.218361 0.219877 0.220789 0.221089 0.220777 0.219854 0.218326 0.216206 0.213507 0.210251 0.20646 0.202162 0.197387 0.19217 0.186546 0.180556 0.17424 0.167642 0.160806 0.153778 0.146602 0.139324 0.131988 0.12464 0.117319 0.110067 0.102923 0.0959201 0.0890922 0.0824683 0.0760746 0.0699337 0.0640646 0.058483 0.053201 0.0482276 0.0435683 0.0392259 0.0352004 0.0314893 0.0280881 0.0249905 0.022189 0.0196746 0.0174382 0.0154698 0.0137598 0.0122988 0.011078 0.0100896 0.00932683 0.00878419 0.00845818 
0.00928739 0.00939934 0.00974743 0.0103349 0.0111662 0.0122473 0.0135857 0.0151901 0.0170699 0.0192353 0.0216969 0.0244651 0.0275499 0.0309606 0.034705 0.0387898 0.0432192 0.0479954 0.0531177 0.0585826 0.0643832 0.0705091 0.0769462 0.0836769 0.0906796 0.0979289 0.105396 0.113048 0.120849 0.12876 0.13674 0.144745 0.152728 0.160642 0.168439 0.17607 0.183485 0.190637 0.197478 0.203961 0.210043 0.215682 0.220838 0.225476 0.229563 0.23307 0.235972 0.23825 0.239887 0.24087 0.241194 0.240856 0.239859 0.238209 0.235919 0.233004 0.229486 0.225389 0.220742 0.215578 0.209934 0.203848 0.197362 0.19052 0.183369 0.175956 0.16833 0.160539 0.152633 0.144659 0.136665 0.128697 0.120799 0.113012 0.105374 0.0979221 0.0906875 0.0836994 0.0769828 0.070559 0.0644456 0.0586563 0.0532015 0.0480877 0.0433184 0.0388943 0.0348131 0.0310704 0.0276598 0.0245733 0.0218017 0.0193351 0.0171631 0.0152755 0.0136621 0.0123136 0.0112215 0.0103785 0.00977889 0.00941875 
0.0103064 0.0104303 0.0108144 0.0114622 0.0123786 0.0135699 0.0150442 0.0168107 0.0188795 0.0212616 0.023968 0.0270099 0.0303976 0.0341409 0.0382481 0.0427255 0.0475776 0.0528059 0.0584093 0.0643832 0.0707195 0.0774064 0.084428 0.0917645 0.0993919 0.107282 0.115404 0.12372 0.132193 0.140779 0.149434 0.15811 0.166756 0.175323 0.183757 0.192007 0.200019 0.207742 0.215125 0.222118 0.228676 0.234753 0.240308 0.245302 0.249702 0.253476 0.256599 0.259049 0.260809 0.261867 0.262215 0.261851 0.260777 0.259002 0.256537 0.253399 0.249612 0.2452 0.240195 0.234631 0.228547 0.221983 0.214985 0.2076 0.199877 0.191867 0.183622 0.175193 0.166634 0.157997 0.149333 0.140691 0.132118 0.12366 0.115359 0.107254 0.0993798 0.0917686 0.0844479 0.0774414 0.0707688 0.0644456 0.0584835 0.0528903 0.0476706 0.0428253 0.0383528 0.0342486 0.0305064 0.0271178 0.0240733 0.0213624 0.0189743 0.0168978 0.0151224 0.013638 0.0124356 0.0115073 0.010847 0.0104505 
0.0113957 0.0115322 0.0119545 0.0126664 0.0136729 0.014981 0.0165992 0.0185373 0.0208061 0.0234172 0.0263822 0.0297129 0.0334203 0.0375142 0.0420033 0.046894 0.0521903 0.0578935 0.0640016 0.0705091 0.0774064 0.0846801 0.0923124 0.100281 0.10856 0.117118 0.12592 0.134927 0.144097 0.153384 0.162738 0.172107 0.18144 0.19068 0.199771 0.208658 0.217284 0.225594 0.233533 0.241051 0.248096 0.254622 0.260584 0.265944 0.270663 0.274711 0.278059 0.280685 0.282571 0.283704 0.284076 0.283685 0.282534 0.280631 0.277987 0.274623 0.27056 0.265827 0.260455 0.254481 0.247946 0.240893 0.23337 0.225427 0.217116 0.208491 0.199608 0.190522 0.181289 0.171967 0.162608 0.153267 0.143996 0.134842 0.125851 0.117066 0.108526 0.100265 0.0923137 0.0846983 0.0774407 0.0705584 0.0640646 0.0579685 0.0522756 0.0469877 0.0421034 0.0376186 0.0335269 0.0298197 0.0264872 0.0235184 0.0209018 0.0186257 0.0166789 0.0150506 0.0137314 0.0127128 0.0119882 0.0115533 
0.0125542 0.0127041 0.0131668 0.0139462 0.0150478 0.016479 0.0182488 0.0203676 0.0228469 0.0256988 0.0289358 0.0325699 0.0366127 0.0410744 0.0459637 0.051287 0.057048 0.0632474 0.0698824 0.0769462 0.084428 0.0923124 0.10058 0.109205 0.11816 0.127409 0.136916 0.146637 0.156527 0.166535 0.176609 0.186693 0.19673 0.206661 0.216426 0.225966 0.23522 0.24413 0.252638 0.260689 0.268231 0.275214 0.281592 0.287322 0.292367 0.296692 0.300268 0.303073 0.305087 0.306296 0.306693 0.306276 0.305046 0.303012 0.300188 0.296593 0.29225 0.28719 0.281445 0.275055 0.26806 0.260509 0.252451 0.243938 0.235025 0.225771 0.216234 0.206474 0.19655 0.186522 0.17645 0.166389 0.156396 0.146523 0.13682 0.127332 0.118102 0.109167 0.10056 0.092312 0.0844456 0.0769807 0.0699325 0.0633114 0.0571241 0.0513732 0.0460579 0.0411744 0.0367162 0.0326747 0.0290397 0.0257998 0.0229429 0.0204568 0.0183295 0.0165498 0.0151075 0.0139938 0.0132015 0.012726 
0.0137804 0.0139443 0.0144493 0.0152997 0.0165011 0.0180614 0.0199901 0.0222983 0.024998 0.028102 0.0316233 0.0355745 0.0399676 0.0448131 0.0501196 0.0558936 0.0621382 0.0688535 0.0760358 0.0836769 0.0917645 0.100281 0.109205 0.118509 0.128161 0.138123 0.148355 0.158811 0.16944 0.180188 0.191 0.201815 0.212573 0.223209 0.233662 0.243866 0.253759 0.263278 0.272364 0.280957 0.289002 0.296448 0.303246 0.309351 0.314723 0.319328 0.323135 0.32612 0.328263 0.329549 0.329972 0.329527 0.328217 0.326053 0.323046 0.319218 0.314594 0.309203 0.303082 0.296269 0.28881 0.280754 0.272152 0.26306 0.253537 0.243643 0.23344 0.222992 0.212362 0.201613 0.19081 0.180012 0.169279 0.158668 0.148231 0.138019 0.128077 0.118446 0.109163 0.10026 0.0917636 0.0836949 0.0760713 0.0689049 0.0622036 0.0559709 0.0502067 0.0449075 0.0400669 0.0356764 0.0317253 0.0282019 0.0250936 0.0223876 0.0200714 0.018133 0.0165617 0.0153481 0.0144849 0.013967 
0.0150714 0.0152501 0.0157994 0.0167238 0.0180294 0.0197244 0.0218189 0.0243245 0.0272539 0.0306205 0.0344377 0.0387187 0.0434758 0.0487198 0.0544592 0.0607002 0.0674456 0.0746946 0.0824424 0.0906796 0.0993919 0.10856 0.11816 0.128161 0.138528 0.149222 0.160197 0.171403 0.182788 0.194292 0.205855 0.217415 0.228904 0.240258 0.251407 0.262284 0.272824 0.282959 0.292627 0.301767 0.31032 0.318231 0.325451 0.331932 0.337634 0.34252 0.346559 0.349724 0.351996 0.35336 0.353807 0.353335 0.351946 0.34965 0.346461 0.3424 0.337492 0.33177 0.32527 0.318033 0.310106 0.301541 0.292391 0.282715 0.272574 0.262032 0.251155 0.240009 0.228662 0.217181 0.205633 0.194083 0.182595 0.171229 0.160042 0.149089 0.138417 0.128072 0.118094 0.108517 0.0993708 0.0906794 0.0824618 0.0747319 0.0674989 0.0607673 0.0545378 0.0488074 0.0435699 0.0388167 0.034537 0.0307186 0.0273486 0.0244136 0.0219003 0.0197964 0.0180906 0.016773 0.0158356 0.0152734 
0.016424 0.016618 0.0172134 0.0182147 0.0196285 0.0214635 0.0237301 0.0264405 0.029608 0.0332466 0.0373702 0.0419925 0.047126 0.0527815 0.0589678 0.0656904 0.0729517 0.0807501 0.0890795 0.0979289 0.107282 0.117118 0.127409 0.138123 0.149222 0.160661 0.172393 0.184364 0.196516 0.208788 0.221113 0.233426 0.245656 0.257733 0.269585 0.281141 0.292331 0.303085 0.313338 0.323026 0.332086 0.340464 0.348106 0.354963 0.360994 0.366161 0.37043 0.373775 0.376175 0.377616 0.378089 0.377589 0.376122 0.373695 0.370324 0.36603 0.36084 0.354787 0.347908 0.340247 0.331852 0.322777 0.313077 0.302815 0.292053 0.28086 0.269303 0.257453 0.245381 0.23316 0.220858 0.208546 0.196291 0.184158 0.172208 0.160498 0.149082 0.138007 0.127318 0.117051 0.107239 0.097909 0.0890812 0.0807719 0.0729915 0.065746 0.0590367 0.0528612 0.0472137 0.0420855 0.0374658 0.0333421 0.029701 0.0265285 0.0238111 0.0215355 0.01969 0.0182643 0.0172501 0.0166419 
0.0178336 0.0180436 0.0186866 0.0197675 0.0212932 0.0232726 0.0257169 0.0286388 0.032052 0.035971 0.0404103 0.0453839 0.0509046 0.0569832 0.0636283 0.0708452 0.0786354 0.0869964 0.0959207 0.105396 0.115404 0.12592 0.136916 0.148355 0.160197 0.172393 0.184893 0.197637 0.210565 0.223611 0.236706 0.249777 0.262752 0.275556 0.288113 0.300348 0.312189 0.323562 0.334399 0.344632 0.354199 0.36304 0.371101 0.378333 0.38469 0.390134 0.394632 0.398155 0.400683 0.4022 0.402697 0.402171 0.400625 0.398069 0.394518 0.389994 0.384524 0.378142 0.370888 0.362805 0.353945 0.344362 0.334114 0.323266 0.311884 0.300038 0.2878 0.275244 0.262445 0.249478 0.236417 0.223336 0.210307 0.197398 0.184675 0.172199 0.160027 0.148211 0.136798 0.125828 0.115337 0.105355 0.0959034 0.0870012 0.0786603 0.0708879 0.0636863 0.0570538 0.0509849 0.045471 0.0405014 0.0360632 0.0321426 0.0287253 0.025797 0.0233443 0.0213546 0.0198173 0.0187237 0.018068 
0.0192952 0.0195215 0.0202135 0.0213763 0.023017 0.025145 0.0277719 0.0309108 0.0345761 0.0387827 0.0435457 0.0488791 0.0547961 0.0613074 0.0684214 0.0761428 0.0844724 0.0934066 0.102936 0.113048 0.12372 0.134927 0.146637 0.158811 0.171403 0.184364 0.197637 0.211161 0.22487 0.238694 0.252559 0.266391 0.280111 0.29364 0.306901 0.319813 0.332302 0.34429 0.355706 0.36648 0.376548 0.385848 0.394323 0.401923 0.408603 0.414321 0.419043 0.422742 0.425396 0.426988 0.42751 0.426957 0.425335 0.422651 0.418922 0.414171 0.408425 0.40172 0.394095 0.385596 0.376275 0.366189 0.355398 0.343969 0.33197 0.319475 0.306558 0.293298 0.279771 0.266058 0.252237 0.238385 0.224578 0.210888 0.197386 0.184137 0.171202 0.158637 0.146491 0.134809 0.12363 0.112984 0.102899 0.0933931 0.0844812 0.0761714 0.0684673 0.0613678 0.0548679 0.0489594 0.0436314 0.0388708 0.0346637 0.0309952 0.0278506 0.0252158 0.023078 0.0214261 0.0202508 0.0195464 
0.0208024 0.0210456 0.0217877 0.0230343 0.0247926 0.0270725 0.0298859 0.0332466 0.0371693 0.0416695 0.0467623 0.0524625 0.0587829 0.0657344 0.073325 0.0815588 0.0904358 0.099951 0.110094 0.120849 0.132193 0.144097 0.156527 0.16944 0.182788 0.196516 0.210565 0.22487 0.23936 0.253961 0.268596 0.283184 0.297646 0.311897 0.325855 0.339439 0.352567 0.365163 0.377151 0.388459 0.399019 0.40877 0.417653 0.425615 0.43261 0.438596 0.443539 0.44741 0.450186 0.451852 0.452397 0.451819 0.450122 0.447313 0.443411 0.438438 0.432422 0.425399 0.41741 0.408503 0.398729 0.388147 0.376821 0.364818 0.35221 0.339073 0.325484 0.311524 0.297275 0.282819 0.26824 0.253618 0.239033 0.224563 0.210281 0.196257 0.182555 0.169235 0.156351 0.143952 0.132077 0.120762 0.110035 0.0999181 0.0904273 0.0815723 0.0733578 0.0657836 0.0588454 0.0525351 0.0468418 0.0417527 0.0372532 0.0333283 0.0299627 0.0271421 0.0248529 0.0230838 0.0218251 0.0210708 
0.0223482 0.0226085 0.0234018 0.0247336 0.0266116 0.029046 0.0320491 0.0356351 0.0398192 0.0446172 0.0500448 0.0561165 0.0628456 0.0702427 0.0783151 0.0870666 0.096496 0.106597 0.117358 0.12876 0.140779 0.153384 0.166535 0.180188 0.194292 0.208788 0.223611 0.238694 0.253961 0.269334 0.284733 0.300072 0.315267 0.33023 0.344877 0.359122 0.372881 0.386074 0.398622 0.410453 0.421496 0.431688 0.440968 0.449283 0.456585 0.462833 0.46799 0.472028 0.474924 0.476661 0.47723 0.476627 0.474856 0.471928 0.467857 0.462667 0.456389 0.449056 0.440713 0.431406 0.421189 0.410123 0.398272 0.385706 0.372499 0.35873 0.344478 0.329828 0.314864 0.299674 0.284344 0.268958 0.2536 0.238353 0.223293 0.208495 0.194027 0.179953 0.16633 0.15321 0.140637 0.128649 0.117276 0.106544 0.0964692 0.0870639 0.0783339 0.0702798 0.0628979 0.0561806 0.0501173 0.0446949 0.0398987 0.0357134 0.0321235 0.0291139 0.0266709 0.0247825 0.023439 0.022634 
0.0239247 0.0242025 0.0250475 0.0264656 0.0284646 0.0310552 0.0342502 0.0380639 0.042512 0.0476107 0.0533759 0.0598223 0.0669631 0.0748085 0.0833657 0.0926373 0.102621 0.11331 0.12469 0.13674 0.149434 0.162738 0.176609 0.191 0.205855 0.221113 0.236706 0.252559 0.268596 0.284733 0.300884 0.316963 0.33288 0.348544 0.363867 0.378759 0.393135 0.406911 0.420007 0.432346 0.443859 0.454479 0.464145 0.472802 0.480402 0.486903 0.492268 0.496467 0.499478 0.501284 0.501876 0.501249 0.499408 0.496363 0.492129 0.486731 0.480198 0.472566 0.463878 0.454184 0.443537 0.432 0.419637 0.406522 0.39273 0.378342 0.363441 0.348113 0.332448 0.316535 0.300463 0.284323 0.268202 0.252185 0.236354 0.220787 0.205558 0.190733 0.176373 0.162535 0.149264 0.136603 0.124585 0.113236 0.102575 0.0926176 0.0833695 0.0748327 0.0670042 0.0598771 0.0534407 0.0476821 0.0425866 0.0381384 0.0343217 0.0311211 0.0285226 0.0265137 0.0250844 0.0242281 
0.0255233 0.0258185 0.0267156 0.0282206 0.0303415 0.0330892 0.0364769 0.0405195 0.0452328 0.0506334 0.0567372 0.0635593 0.0711124 0.0794067 0.0884486 0.0982401 0.108778 0.120053 0.132049 0.144745 0.15811 0.172107 0.186693 0.201815 0.217415 0.233426 0.249777 0.266391 0.283184 0.300072 0.316963 0.333767 0.35039 0.366739 0.382721 0.398244 0.41322 0.427562 0.441188 0.454022 0.465988 0.477022 0.48706 0.496047 0.503934 0.510677 0.516242 0.520596 0.523718 0.525591 0.526204 0.525555 0.523646 0.520489 0.516099 0.5105 0.503722 0.495802 0.486783 0.476715 0.465653 0.453659 0.440802 0.427154 0.412794 0.397803 0.382269 0.366281 0.349929 0.333308 0.316511 0.29963 0.282757 0.265983 0.249392 0.233067 0.217084 0.201516 0.186427 0.171875 0.157912 0.144582 0.13192 0.119956 0.108712 0.0982027 0.0884368 0.0794172 0.0711418 0.0636041 0.0567937 0.050698 0.0453019 0.0405897 0.0365452 0.0331528 0.0303978 0.0282677 0.0267521 0.0258443 
0.0271344 0.0274472 0.0283964 0.0299883 0.0322311 0.0351359 0.0387164 0.0429875 0.0479656 0.0536674 0.0601091 0.0673056 0.0752695 0.0840106 0.0935346 0.103843 0.11493 0.126786 0.139393 0.152728 0.166756 0.18144 0.19673 0.212573 0.228904 0.245656 0.262752 0.280111 0.297646 0.315267 0.33288 0.35039 0.367701 0.384715 0.401336 0.41747 0.433026 0.447915 0.462053 0.475361 0.487764 0.499195 0.50959 0.518893 0.527054 0.53403 0.539784 0.544287 0.547515 0.549451 0.550085 0.549414 0.547441 0.544177 0.539639 0.533848 0.526837 0.518641 0.509305 0.498878 0.487417 0.474985 0.461651 0.44749 0.43258 0.417008 0.400861 0.384231 0.367213 0.349903 0.332397 0.314793 0.297187 0.27967 0.262334 0.245264 0.228542 0.212242 0.196434 0.181179 0.166531 0.152539 0.13924 0.126667 0.114844 0.103787 0.0935065 0.0840069 0.0752866 0.0673399 0.0601568 0.0537247 0.0480288 0.043053 0.038781 0.0351968 0.0322855 0.0300343 0.0284324 0.027473 
0.0287479 0.0290783 0.0300794 0.0317576 0.0341216 0.0371826 0.0409545 0.0454527 0.0506937 0.0566943 0.0634709 0.0710383 0.079409 0.0885921 0.0985927 0.109411 0.121041 0.13347 0.146679 0.160642 0.175323 0.19068 0.206661 0.223209 0.240258 0.257733 0.275556 0.29364 0.311897 0.33023 0.348544 0.366739 0.384715 0.402371 0.419609 0.436331 0.452445 0.467859 0.482487 0.496249 0.50907 0.520879 0.531614 0.541217 0.549639 0.556836 0.562771 0.567415 0.570742 0.572738 0.573392 0.572701 0.570668 0.567303 0.562623 0.556651 0.549418 0.540961 0.531322 0.520554 0.508713 0.495862 0.482072 0.467418 0.451982 0.43585 0.419112 0.401863 0.384201 0.366224 0.348033 0.329727 0.311407 0.293168 0.275106 0.257309 0.239863 0.222848 0.206334 0.190389 0.17507 0.160427 0.146502 0.133329 0.120934 0.109337 0.098548 0.0885737 0.0794133 0.0710616 0.0635093 0.0567439 0.0507505 0.0455131 0.0410152 0.0372405 0.0341739 0.0318022 0.0301146 0.029104 
0.0303533 0.030701 0.0317534 0.033517 0.0360007 0.0392159 0.0431768 0.047899 0.0533992 0.0596945 0.0668011 0.0747337 0.0835046 0.0931223 0.103591 0.11491 0.127072 0.140063 0.153862 0.168439 0.183757 0.199771 0.216426 0.233662 0.251407 0.269585 0.288113 0.306901 0.325855 0.344877 0.363867 0.382721 0.401336 0.419609 0.437438 0.454723 0.47137 0.487284 0.50238 0.516574 0.52979 0.541959 0.553015 0.562903 0.571571 0.578976 0.585082 0.589857 0.59328 0.595332 0.596005 0.595295 0.593205 0.589745 0.584932 0.578789 0.571347 0.562642 0.552719 0.541627 0.529425 0.516177 0.501953 0.48683 0.470891 0.454224 0.436921 0.41908 0.400799 0.382181 0.363329 0.344346 0.325336 0.306399 0.287632 0.26913 0.250982 0.23327 0.21607 0.199452 0.183477 0.168198 0.15366 0.139899 0.126945 0.114817 0.10353 0.093089 0.0834959 0.0747458 0.0668299 0.059736 0.0534494 0.0479541 0.0432333 0.0392706 0.0360507 0.0335601 0.0317878 0.0307266 
0.0319395 0.0323042 0.0334069 0.0352543 0.0378555 0.041222 0.0453682 0.05031 0.0560642 0.062648 0.0700776 0.0783675 0.0875295 0.0975718 0.108498 0.120305 0.132986 0.146523 0.160895 0.17607 0.192007 0.208658 0.225966 0.243866 0.262284 0.281141 0.300348 0.319813 0.339439 0.359122 0.378759 0.398244 0.41747 0.436331 0.454723 0.472545 0.489697 0.506086 0.521623 0.536225 0.549815 0.562322 0.573681 0.583836 0.592735 0.600336 0.606601 0.6115 0.615011 0.617116 0.617807 0.617079 0.614936 0.611387 0.60645 0.600147 0.592509 0.583572 0.573381 0.561985 0.549444 0.53582 0.521186 0.50562 0.489205 0.47203 0.454189 0.435783 0.416911 0.39768 0.378196 0.358564 0.338892 0.319283 0.299838 0.280657 0.26183 0.243445 0.225581 0.208311 0.1917 0.175803 0.16067 0.146337 0.132838 0.120193 0.108419 0.0975234 0.0875076 0.078368 0.0700965 0.0626812 0.0561075 0.0503595 0.0454202 0.0412732 0.037903 0.0352958 0.0334404 0.0323295 
0.033495 0.0338763 0.0350281 0.0369572 0.0396727 0.0431866 0.0475133 0.0526688 0.0586701 0.0655344 0.0732778 0.0819147 0.0914564 0.10191 0.113279 0.12556 0.138742 0.152809 0.167734 0.183485 0.200019 0.217284 0.23522 0.253759 0.272824 0.292331 0.312189 0.332302 0.352567 0.372881 0.393135 0.41322 0.433026 0.452445 0.47137 0.489697 0.507326 0.524162 0.540114 0.5551 0.569039 0.581862 0.593505 0.603908 0.613023 0.620805 0.627218 0.632233 0.635826 0.63798 0.638687 0.637943 0.635751 0.63212 0.627068 0.620617 0.612796 0.603644 0.593202 0.581523 0.568663 0.554688 0.53967 0.523686 0.506822 0.489168 0.47082 0.451879 0.432448 0.412635 0.392548 0.372299 0.351994 0.331744 0.311651 0.291818 0.272341 0.253309 0.234807 0.21691 0.199686 0.183194 0.167485 0.152601 0.138574 0.12543 0.113184 0.101847 0.0914212 0.0819037 0.0732868 0.0655591 0.0587064 0.0527125 0.0475607 0.0432343 0.0397176 0.0369969 0.0350606 0.0339014 
0.0350082 0.0354056 0.0366049 0.038613 0.0414391 0.0450954 0.0495964 0.0549583 0.0611981 0.0683331 0.0763792 0.0853506 0.0952581 0.106109 0.117904 0.130639 0.144303 0.158877 0.174334 0.190637 0.207742 0.225594 0.24413 0.263278 0.282959 0.303085 0.323562 0.34429 0.365163 0.386074 0.406911 0.427562 0.447915 0.467859 0.487284 0.506086 0.524162 0.541415 0.557756 0.573098 0.587363 0.60048 0.612385 0.623019 0.632333 0.640283 0.646833 0.651954 0.655622 0.657823 0.658545 0.657785 0.655548 0.651842 0.646683 0.640095 0.632107 0.622754 0.612081 0.600139 0.586984 0.572682 0.557306 0.540932 0.523649 0.505546 0.486721 0.467277 0.447319 0.426957 0.406303 0.385468 0.364566 0.343707 0.322998 0.302546 0.282449 0.262802 0.24369 0.225194 0.207384 0.190322 0.174062 0.158648 0.144115 0.130491 0.117792 0.10603 0.0952098 0.0853281 0.0763783 0.0683494 0.0612273 0.0549962 0.0496392 0.0451395 0.0414813 0.0386508 0.0366363 0.0354305 
0.0364676 0.0368804 0.0381252 0.040209 0.0431412 0.046934 0.051602 0.0571615 0.0636297 0.0710237 0.0793594 0.0886504 0.0989074 0.110136 0.122338 0.135507 0.149631 0.164688 0.18065 0.197478 0.215125 0.233533 0.252638 0.272364 0.292627 0.313338 0.334399 0.355706 0.377151 0.398622 0.420007 0.441188 0.462053 0.482487 0.50238 0.521623 0.540114 0.557756 0.574455 0.590127 0.604693 0.618081 0.630227 0.641074 0.65057 0.658674 0.66535 0.670568 0.674306 0.676548 0.677284 0.676511 0.674233 0.670457 0.665202 0.658488 0.650345 0.64081 0.629925 0.61774 0.604313 0.589709 0.574001 0.557267 0.539594 0.521073 0.501805 0.481892 0.461442 0.440566 0.41938 0.397996 0.376531 0.355099 0.333811 0.312774 0.292092 0.271862 0.252173 0.233109 0.214742 0.19714 0.180356 0.164438 0.149424 0.135341 0.12221 0.110044 0.0988462 0.0886166 0.0793487 0.0710317 0.0636519 0.0571936 0.05164 0.0469743 0.0431807 0.040245 0.0381556 0.036905 
0.0378615 0.038289 0.0395771 0.0417328 0.0447657 0.0486881 0.0535146 0.0592617 0.0659465 0.0735861 0.0821961 0.0917901 0.102378 0.113965 0.126551 0.14013 0.154687 0.170201 0.186639 0.203961 0.222118 0.241051 0.260689 0.280957 0.301767 0.323026 0.344632 0.36648 0.388459 0.410453 0.432346 0.454022 0.475361 0.496249 0.516574 0.536225 0.5551 0.573098 0.590127 0.606102 0.620944 0.63458 0.646946 0.657985 0.667649 0.675893 0.682683 0.687989 0.69179 0.694069 0.694818 0.694033 0.691718 0.68788 0.682536 0.675709 0.667426 0.657724 0.646645 0.634239 0.620563 0.605683 0.58967 0.572605 0.554573 0.535668 0.515989 0.495642 0.474736 0.453384 0.431702 0.409808 0.387819 0.365852 0.344021 0.322438 0.301208 0.280431 0.260201 0.240603 0.221714 0.203601 0.186324 0.169931 0.154462 0.139947 0.126408 0.113858 0.102304 0.0917453 0.0821759 0.0735859 0.0659618 0.0592881 0.053548 0.0487248 0.0448025 0.0417669 0.0396064 0.0383132 
0.0391787 0.03962 0.0409487 0.0431721 0.0462997 0.0503438 0.0553192 0.0612425 0.0681307 0.0760007 0.0848681 0.094746 0.105644 0.117566 0.130513 0.144475 0.159438 0.175377 0.192259 0.210043 0.228676 0.248096 0.268231 0.289002 0.31032 0.332086 0.354199 0.376548 0.399019 0.421496 0.443859 0.465988 0.487764 0.50907 0.52979 0.549815 0.569039 0.587363 0.604693 0.620944 0.636035 0.649896 0.662461 0.673676 0.683489 0.69186 0.698752 0.704138 0.707996 0.710309 0.71107 0.710274 0.707925 0.704031 0.698608 0.691678 0.683269 0.673416 0.662162 0.649556 0.635655 0.620524 0.604235 0.586867 0.568508 0.549252 0.529198 0.508453 0.487128 0.465338 0.4432 0.420835 0.398362 0.3759 0.353568 0.331478 0.309739 0.288455 0.267721 0.247626 0.22825 0.209662 0.191925 0.175089 0.159195 0.144276 0.130355 0.117447 0.105558 0.0946907 0.0848387 0.0759926 0.0681392 0.0612633 0.0553481 0.050377 0.0463338 0.0432044 0.0409769 0.0396439 
