4.02613e-08 4.23439e-08 5.37365e-08 7.65145e-08 1.14596e-07 1.74241e-07 2.64753e-07 3.99453e-07 5.96964e-07 8.82842e-07 1.2916e-06 1.86915e-06 2.67569e-06 3.78894e-06 5.30785e-06 7.3564e-06 1.00877e-05 1.36876e-05 1.83784e-05 2.44214e-05 3.21179e-05 4.18096e-05 5.38757e-05 6.87281e-05 8.68036e-05 0.000108553 0.000134425 0.000164851 0.000200224 0.000240873 0.000287044 0.000338872 0.000396357 0.000459347 0.000527522 0.000600376 0.000677224 0.000757195 0.000839251 0.000922202 0.00100474 0.00108545 0.0011629 0.00123561 0.00130217 0.00136123 0.00141157 0.00145213 0.00148205 0.00150068 0.00150761 0.00150271 0.00148608 0.00145809 0.00141935 0.00137069 0.00131315 0.00124792 0.00117634 0.00109981 0.00101978 0.000937701 0.000854983 0.000772943 0.000692784 0.000615561 0.000542165 0.000473306 0.000409513 0.000351134 0.000298349 0.000251182 0.000209523 0.000173149 0.00014175 0.00011495 9.23302e-05 7.34509e-05 5.78679e-05 4.51476e-05 3.48784e-05 2.66793e-05 2.02049e-05 1.51488e-05 1.12436e-05 8.26068e-06 6.00731e-06 4.32389e-06 3.08018e-06 2.17152e-06 1.51503e-06 1.04603e-06 7.14741e-07 4.83408e-07 3.23794e-07 2.15098e-07 1.42245e-07 9.45333e-08 6.45826e-08 4.75879e-08 
4.23439e-08 4.45652e-08 5.66453e-08 8.07977e-08 1.21201e-07 1.84535e-07 2.80732e-07 4.24021e-07 6.34307e-07 9.38923e-07 1.3748e-06 1.99109e-06 2.85225e-06 4.04156e-06 5.66501e-06 7.85549e-06 1.0777e-05 1.46289e-05 1.96493e-05 2.6118e-05 3.4358e-05 4.47349e-05 5.76548e-05 7.35584e-05 9.29126e-05 0.000116199 0.000143897 0.000176466 0.000214325 0.000257824 0.000307223 0.000362662 0.000424139 0.000491489 0.000564364 0.000642223 0.000724329 0.000809752 0.000897379 0.000985942 0.00107404 0.00116017 0.0012428 0.00132036 0.00139134 0.00145431 0.00150797 0.00155119 0.00158307 0.0016029 0.00161026 0.00160501 0.00158725 0.00155738 0.00151604 0.00146413 0.00140274 0.00133315 0.00125677 0.0011751 0.00108969 0.00100208 0.000913768 0.000826167 0.000740559 0.000658072 0.000579657 0.000506077 0.000437898 0.000375496 0.000319063 0.000268629 0.000224078 0.000185176 0.00015159 0.000122922 9.87239e-05 7.85273e-05 6.18573e-05 4.82504e-05 3.72666e-05 2.8498e-05 2.15752e-05 1.61701e-05 1.19965e-05 8.80963e-06 6.40312e-06 4.60607e-06 3.27908e-06 2.31012e-06 1.6105e-06 1.11103e-06 7.58479e-07 5.12499e-07 3.42925e-07 2.27551e-07 1.50296e-07 9.97487e-08 6.80474e-08 5.00761e-08 
5.37365e-08 5.66453e-08 7.20665e-08 1.02814e-07 1.54187e-07 2.34642e-07 3.56735e-07 5.38433e-07 8.04827e-07 1.19032e-06 1.74131e-06 2.51946e-06 3.60546e-06 5.10333e-06 7.14524e-06 9.89648e-06 1.35606e-05 1.83843e-05 2.46617e-05 3.27374e-05 4.30079e-05 5.59209e-05 7.19719e-05 9.16968e-05 0.000115662 0.000144447 0.000178629 0.000218757 0.000265325 0.000318745 0.000379313 0.000447183 0.00052233 0.000604535 0.000693356 0.000788121 0.000887924 0.000991626 0.00109788 0.00120514 0.00131172 0.00141582 0.00151559 0.00160915 0.00169471 0.00177055 0.00183513 0.00188711 0.0019254 0.00194918 0.00195795 0.00195153 0.00193006 0.001894 0.00184413 0.00178151 0.00170745 0.00162346 0.00153123 0.00143256 0.00132929 0.00122329 0.00111635 0.00101017 0.000906295 0.000806103 0.00071075 0.00062117 0.000538061 0.000461896 0.000392925 0.000331202 0.000276602 0.000228856 0.000187576 0.000152288 0.00012246 9.75267e-05 7.69169e-05 6.00694e-05 4.645e-05 3.55619e-05 2.69537e-05 2.02234e-05 1.50197e-05 1.1041e-05 8.03284e-06 5.78383e-06 4.1212e-06 2.90582e-06 2.02738e-06 1.39964e-06 9.56153e-07 6.46464e-07 4.32809e-07 2.87345e-07 1.89887e-07 1.26097e-07 8.60898e-08 6.34293e-08 
7.65145e-08 8.07977e-08 1.02814e-07 1.46542e-07 2.19442e-07 3.33394e-07 5.05994e-07 7.62354e-07 1.13746e-06 1.67914e-06 2.45174e-06 3.54046e-06 5.0565e-06 7.14277e-06 9.98018e-06 1.37942e-05 1.88616e-05 2.55165e-05 3.41557e-05 4.5242e-05 5.93063e-05 7.6945e-05 9.88151e-05 0.000125624 0.000158113 0.000197042 0.000243155 0.000297158 0.000359679 0.000431231 0.000512172 0.000602666 0.000702648 0.000811788 0.000929474 0.00105479 0.00118652 0.00132316 0.00146291 0.00160377 0.00174353 0.00187984 0.0020103 0.00213251 0.00224413 0.00234297 0.00242704 0.00249464 0.00254437 0.00257518 0.00258645 0.00257793 0.00254982 0.00250271 0.0024376 0.00235583 0.0022591 0.00214935 0.00202875 0.00189962 0.00176435 0.00162533 0.00148492 0.00134531 0.00120855 0.00107642 0.000950474 0.000831947 0.000721785 0.000620637 0.000528865 0.000446571 0.000373625 0.0003097 0.000254314 0.000206864 0.000166665 0.000132989 0.000105089 8.22308e-05 6.37105e-05 4.8871e-05 3.71125e-05 2.78987e-05 2.07592e-05 1.52886e-05 1.11435e-05 8.03806e-06 5.73754e-06 4.05248e-06 2.83218e-06 1.95847e-06 1.34007e-06 9.07456e-07 6.08483e-07 4.04601e-07 2.67803e-07 1.78156e-07 1.21892e-07 9.00418e-08 
1.14596e-07 1.21201e-07 1.54187e-07 2.19442e-07 3.27971e-07 4.97241e-07 7.53061e-07 1.13216e-06 1.68555e-06 2.48278e-06 3.61706e-06 5.21147e-06 7.42603e-06 1.04657e-05 1.45889e-05 2.01167e-05 2.74414e-05 3.70347e-05 4.94544e-05 6.53487e-05 8.54568e-05 0.000110606 0.000141702 0.000179715 0.000225659 0.000280557 0.000345414 0.000421166 0.000508638 0.000608489 0.000721161 0.000846824 0.000985332 0.00113618 0.00129849 0.00147095 0.00165187 0.00183916 0.00203037 0.00222276 0.00241334 0.00259893 0.00277631 0.00294225 0.00309363 0.00322752 0.00334129 0.00343266 0.00349978 0.00354128 0.00355631 0.00354458 0.00350633 0.00344237 0.003354 0.00324303 0.00311171 0.00296264 0.0027987 0.00262299 0.00243873 0.00224914 0.00205738 0.00186645 0.0016791 0.0014978 0.00132467 0.00116142 0.0010094 0.000869529 0.00074235 0.000628053 0.000526509 0.000437317 0.000359854 0.000293328 0.000236832 0.000189385 0.000149979 0.000117612 9.13224e-05 7.02044e-05 5.34291e-05 4.02515e-05 3.00152e-05 2.21526e-05 1.61807e-05 1.16959e-05 8.36568e-06 5.92079e-06 4.14619e-06 2.87277e-06 1.96949e-06 1.33625e-06 8.97714e-07 5.98074e-07 3.96659e-07 2.64464e-07 1.81416e-07 1.3442e-07 
1.74241e-07 1.84535e-07 2.34642e-07 3.33394e-07 4.97241e-07 7.5222e-07 1.1367e-06 1.70512e-06 2.53288e-06 3.72242e-06 5.41064e-06 7.77767e-06 1.10569e-05 1.5546e-05 2.16193e-05 2.97396e-05 4.04704e-05 5.44864e-05 7.25818e-05 9.56757e-05 0.000124811 0.000161149 0.000205956 0.000260577 0.000326411 0.000404863 0.000497294 0.000604965 0.000728966 0.000870152 0.00102906 0.00120586 0.00140026 0.0016115 0.00183827 0.00207871 0.00233042 0.00259049 0.00285552 0.00312171 0.00338495 0.00364092 0.00388522 0.00411345 0.0043214 0.00450513 0.00466107 0.00478618 0.00487796 0.00493459 0.00495493 0.00493859 0.00488591 0.00479795 0.00467651 0.004524 0.00434344 0.00413834 0.00391261 0.00367045 0.00341621 0.00315429 0.002889 0.00262445 0.00236445 0.00211241 0.00187127 0.00164347 0.00143089 0.00123489 0.00105629 0.00089542 0.000752165 0.000626037 0.000516229 0.000421696 0.000341213 0.000273451 0.00021703 0.00017057 0.000132736 0.000102268 7.80038e-05 5.88949e-05 4.4014e-05 3.25552e-05 2.38305e-05 1.72623e-05 1.23733e-05 8.77558e-06 6.15806e-06 4.27547e-06 2.93707e-06 1.99672e-06 1.34411e-06 8.9729e-07 5.96371e-07 3.98546e-07 2.74133e-07 2.03744e-07 
2.64753e-07 2.80732e-07 3.56735e-07 5.05994e-07 7.53061e-07 1.1367e-06 1.71386e-06 2.56516e-06 3.80188e-06 5.57475e-06 8.08458e-06 1.15946e-05 1.64448e-05 2.30672e-05 3.2003e-05 4.39186e-05 5.96224e-05 8.00781e-05 0.000106415 0.000139935 0.000182107 0.00023456 0.000299056 0.000377465 0.000471709 0.000583709 0.00071531 0.0008682 0.00104382 0.00124326 0.00146717 0.00171566 0.00198826 0.00228376 0.00260029 0.00293517 0.00328504 0.00364581 0.00401277 0.0043807 0.00474396 0.00509664 0.00543276 0.00574636 0.00603175 0.00628362 0.00649717 0.00666831 0.00679371 0.00687093 0.00689846 0.00687576 0.0068033 0.00668252 0.00651582 0.00630645 0.00605847 0.00577661 0.00546614 0.00513273 0.00478229 0.0044208 0.00405414 0.00368794 0.00332744 0.00297736 0.00264179 0.00232417 0.00202716 0.00175273 0.00150211 0.00127585 0.0010739 0.000895671 0.000740125 0.000605883 0.000491309 0.0003946 0.000313871 0.000247226 0.000192816 0.000148887 0.000113813 8.61213e-05 6.45024e-05 4.78137e-05 3.50755e-05 2.54625e-05 1.82899e-05 1.29991e-05 9.14078e-06 6.35939e-06 4.37752e-06 2.98199e-06 2.01141e-06 1.34551e-06 8.96189e-07 6.0032e-07 4.14038e-07 3.08657e-07 
3.99453e-07 4.24021e-07 5.38433e-07 7.62354e-07 1.13216e-06 1.70512e-06 2.56516e-06 3.83073e-06 5.66486e-06 8.28771e-06 1.19915e-05 1.71582e-05 2.42792e-05 3.3977e-05 4.70277e-05 6.43842e-05 8.7197e-05 0.000116832 0.000154884 0.000203179 0.000263773 0.000338928 0.000431085 0.00054281 0.000676729 0.000835443 0.00102143 0.00123692 0.00148379 0.00176341 0.00207655 0.00242321 0.00280257 0.00321285 0.00365131 0.0041142 0.00459679 0.00509344 0.00559766 0.00610231 0.00659973 0.00708192 0.00754079 0.00796838 0.00835702 0.00869963 0.00898982 0.00922214 0.00939217 0.00949667 0.00953365 0.0095024 0.00940356 0.00923905 0.00901204 0.00872689 0.00838899 0.00800466 0.00758095 0.00712547 0.00664615 0.00615107 0.00564817 0.00514511 0.00464904 0.00416644 0.00370297 0.0032634 0.00285151 0.00247009 0.00212099 0.00180509 0.00152247 0.00127243 0.00105368 0.000864422 0.000702481 0.000565443 0.000450756 0.000355833 0.000278137 0.000215246 0.000164905 0.000125058 9.38712e-05 6.97359e-05 5.12684e-05 3.72974e-05 2.68481e-05 1.91218e-05 1.34742e-05 9.39358e-06 6.47932e-06 4.42269e-06 2.98924e-06 2.00373e-06 1.33748e-06 8.98033e-07 6.21042e-07 4.64357e-07 
5.96964e-07 6.34307e-07 8.04827e-07 1.13746e-06 1.68555e-06 2.53288e-06 3.80188e-06 5.66486e-06 8.3583e-06 1.22005e-05 1.76125e-05 2.5143e-05 3.54949e-05 4.95557e-05 6.8428e-05 9.34592e-05 0.00012627 0.000168777 0.000223206 0.000292095 0.000378286 0.000484892 0.000615247 0.00077284 0.00096121 0.00118384 0.001444 0.00174462 0.00208808 0.00247609 0.00290948 0.00338806 0.00391047 0.00447413 0.00507511 0.00570817 0.00636677 0.00704318 0.00772859 0.00841334 0.00908712 0.00973925 0.0103589 0.0109356 0.0114591 0.0119201 0.0123101 0.0126221 0.0128501 0.01299 0.0130392 0.0129967 0.0128634 0.0126418 0.0123361 0.011952 0.0114966 0.0109783 0.0104064 0.00979088 0.00914237 0.00847161 0.00778924 0.00710553 0.00643015 0.00577188 0.00513846 0.00453647 0.00397117 0.00344654 0.00296524 0.0025287 0.00213718 0.00178996 0.00148542 0.00122126 0.000994652 0.000802393 0.000641074 0.000507206 0.000397347 0.00030819 0.000236639 0.000179859 0.000135305 0.000100738 7.42221e-05 5.4113e-05 3.90362e-05 2.78614e-05 1.96738e-05 1.37441e-05 9.4996e-06 6.49753e-06 4.40056e-06 2.95587e-06 1.9773e-06 1.33078e-06 9.22802e-07 6.92023e-07 
8.82842e-07 9.38923e-07 1.19032e-06 1.67914e-06 2.48278e-06 3.72242e-06 5.57475e-06 8.28771e-06 1.22005e-05 1.77681e-05 2.55909e-05 3.64476e-05 5.13332e-05 7.14986e-05 9.84917e-05 0.000134197 0.000180872 0.000241171 0.000318168 0.000415348 0.00053659 0.000686124 0.000868452 0.00108825 0.00135023 0.00165898 0.00201877 0.00243335 0.00290572 0.00343793 0.00403079 0.00468377 0.00539478 0.00616003 0.00697402 0.00782951 0.00871757 0.00962774 0.0105482 0.0114661 0.0123676 0.0132388 0.0140655 0.0148336 0.0155301 0.0161427 0.0166605 0.0170741 0.0173762 0.0175612 0.0176258 0.0175688 0.0173913 0.0170966 0.0166901 0.0161792 0.0155731 0.0148828 0.0141202 0.0132987 0.012432 0.0115343 0.0106196 0.00970151 0.00879298 0.00790577 0.00705032 0.00623557 0.00546879 0.00475553 0.00409964 0.00350329 0.00296712 0.00249039 0.00207119 0.00170663 0.00139307 0.00112633 0.00090192 0.000715203 0.000561566 0.000436551 0.000335958 0.000255922 0.000192958 0.000143982 0.000106318 7.76825e-05 5.61602e-05 4.01692e-05 2.84249e-05 1.98992e-05 1.37824e-05 9.4463e-06 6.41085e-06 4.31519e-06 2.89292e-06 1.95168e-06 1.35702e-06 1.02064e-06 
1.2916e-06 1.3748e-06 1.74131e-06 2.45174e-06 3.61706e-06 5.41064e-06 8.08458e-06 1.19915e-05 1.76125e-05 2.55909e-05 3.67721e-05 5.22495e-05 7.34145e-05 0.00010201 0.000140184 0.00019054 0.000256183 0.000340751 0.00044843 0.000583947 0.000752535 0.000959862 0.00121193 0.00151491 0.00187499 0.00229814 0.00278982 0.00335477 0.00399667 0.00471787 0.00551908 0.00639919 0.00735501 0.00838117 0.00947002 0.0106117 0.0117941 0.0130034 0.0142239 0.0154386 0.0166296 0.0177785 0.0188669 0.0198769 0.0207915 0.021595 0.0222734 0.0228149 0.0232099 0.0234514 0.0235352 0.0234598 0.0232266 0.0228398 0.0223063 0.0216357 0.0208396 0.019932 0.0189285 0.0178461 0.0167027 0.0155165 0.0143059 0.0130888 0.0118819 0.0107011 0.00956005 0.00847093 0.00744357 0.00648566 0.00560262 0.00479772 0.00407219 0.00342541 0.00285516 0.00235792 0.00192907 0.00156328 0.00125469 0.000997241 0.000784825 0.000611514 0.000471687 0.000360138 0.00027215 0.000203531 0.000150626 0.000110301 7.99162e-05 5.7285e-05 4.06234e-05 2.84992e-05 1.97803e-05 1.35854e-05 9.23912e-06 6.23209e-06 4.18725e-06 2.8317e-06 1.97426e-06 1.48922e-06 
1.86915e-06 1.99109e-06 2.51946e-06 3.54046e-06 5.21147e-06 7.77767e-06 1.15946e-05 1.71582e-05 2.5143e-05 3.64476e-05 5.22495e-05 7.40655e-05 0.000103819 0.000143909 0.00019728 0.000267488 0.000358753 0.000475994 0.000624847 0.000811638 0.00104333 0.00132743 0.00167181 0.00208454 0.0025736 0.00314662 0.00381049 0.00457107 0.00543275 0.00639812 0.0074676 0.00863917 0.00990813 0.0112669 0.0127051 0.0142093 0.0157637 0.0173498 0.0189471 0.0205338 0.0220865 0.0235818 0.0249961 0.0263067 0.0274918 0.0285316 0.0294087 0.030108 0.0306175 0.0309286 0.0310359 0.0309376 0.0306354 0.0301347 0.029444 0.0285754 0.0275437 0.0263665 0.0250634 0.0236561 0.0221673 0.0206204 0.019039 0.017446 0.0158635 0.0143117 0.012809 0.0113713 0.010012 0.00874135 0.00756707 0.00649392 0.00552402 0.00465707 0.00389062 0.00322043 0.00264083 0.00214507 0.00172568 0.0013748 0.00108451 0.000846996 0.000654848 0.000501144 0.000379579 0.000284523 0.000211042 0.000154889 0.000112471 8.07977e-05 5.74216e-05 4.03703e-05 2.80792e-05 1.93259e-05 1.31708e-05 8.90312e-06 5.99525e-06 4.06425e-06 2.84134e-06 2.14952e-06 
2.67569e-06 2.85225e-06 3.60546e-06 5.0565e-06 7.42603e-06 1.10569e-05 1.64448e-05 2.42792e-05 3.54949e-05 5.13332e-05 7.34145e-05 0.000103819 0.000145173 0.000200741 0.000274513 0.000371284 0.000496719 0.00065739 0.000860787 0.00111527 0.00143 0.00181475 0.00227974 0.00283532 0.00349168 0.00425838 0.00514399 0.00615556 0.00729821 0.00857461 0.00998459 0.0115248 0.0131884 0.014965 0.0168405 0.0187972 0.0208142 0.0228677 0.0249312 0.0269765 0.0289744 0.0308948 0.0327082 0.034386 0.0359011 0.0372288 0.0383474 0.0392384 0.039887 0.0402823 0.0404179 0.0402915 0.0399053 0.0392659 0.0383839 0.0372742 0.0359551 0.0344485 0.0327791 0.0309736 0.0290607 0.0270699 0.025031 0.0229732 0.0209246 0.0189115 0.0169576 0.0150837 0.0133075 0.011643 0.0101007 0.00868737 0.00740652 0.00625843 0.00524058 0.00434804 0.00357394 0.00290991 0.00234657 0.00187392 0.00148176 0.00116 0.000898972 0.000689588 0.000523532 0.000393337 0.000292424 0.000215106 0.000156548 0.000112712 8.02786e-05 5.65625e-05 3.94259e-05 2.71933e-05 1.8572e-05 1.25814e-05 8.49129e-06 5.77048e-06 4.04526e-06 3.06917e-06 
3.78894e-06 4.04156e-06 5.10333e-06 7.14277e-06 1.04657e-05 1.5546e-05 2.30672e-05 3.3977e-05 4.95557e-05 7.14986e-05 0.00010201 0.000143909 0.000200741 0.000276896 0.000377714 0.000509584 0.00068002 0.000897693 0.00117243 0.00151515 0.00193771 0.00245271 0.0030732 0.00381231 0.00468277 0.00569644 0.0068637 0.00819291 0.00968977 0.0113568 0.0131929 0.0151927 0.0173465 0.0196402 0.0220551 0.024568 0.0271518 0.029776 0.032407 0.0350092 0.0375459 0.0399797 0.0422739 0.0443931 0.0463041 0.0479767 0.0493842 0.0505041 0.0513184 0.051814 0.0519831 0.051823 0.0513363 0.0505309 0.04942 0.0480214 0.0463578 0.0444557 0.0423453 0.0400599 0.0376346 0.0351062 0.0325117 0.0298879 0.0272702 0.0246919 0.0221834 0.0197718 0.0174799 0.0153264 0.0133255 0.0114869 0.00981585 0.00831372 0.00697811 0.00580352 0.0047818 0.0039028 0.00315489 0.00252555 0.00200186 0.00157096 0.00122038 0.000938372 0.000714098 0.000537773 0.000400735 0.000295458 0.000215516 0.000155517 0.000111012 7.83885e-05 5.47581e-05 3.78498e-05 2.59057e-05 1.75879e-05 1.18973e-05 8.10512e-06 5.69758e-06 4.33528e-06 
5.30785e-06 5.66501e-06 7.14524e-06 9.98018e-06 1.45889e-05 2.16193e-05 3.2003e-05 4.70277e-05 6.8428e-05 9.84917e-05 0.000140184 0.00019728 0.000274513 0.000377714 0.000513946 0.000691623 0.000920586 0.00121214 0.00157902 0.00203527 0.00259609 0.00327748 0.00409587 0.00506764 0.00620851 0.00753286 0.00905308 0.0107788 0.012716 0.0148669 0.0172285 0.0197931 0.022547 0.0254714 0.0285416 0.0317278 0.0349954 0.0383057 0.0416168 0.0448844 0.0480629 0.0511066 0.0539704 0.0566115 0.0589896 0.0610683 0.0628154 0.064204 0.0652127 0.0658258 0.0660339 0.0658339 0.0652289 0.0642285 0.0628482 0.0611096 0.0590397 0.0566705 0.0540385 0.051184 0.0481497 0.0449805 0.0417222 0.0384199 0.0351179 0.0318578 0.0286781 0.0256131 0.0226925 0.0199407 0.0173766 0.0150137 0.0128598 0.0109179 0.00918615 0.00765855 0.00632577 0.00517568 0.00419418 0.00336582 0.00267447 0.00210394 0.00163841 0.00126286 0.000963341 0.000727201 0.00054317 0.000401407 0.000293473 0.000212253 0.000151853 0.000107465 7.52341e-05 5.21164e-05 3.57478e-05 2.43235e-05 1.64915e-05 1.1263e-05 7.9393e-06 6.05835e-06 
7.3564e-06 7.85549e-06 9.89648e-06 1.37942e-05 2.01167e-05 2.97396e-05 4.39186e-05 6.43842e-05 9.34592e-05 0.000134197 0.00019054 0.000267488 0.000371284 0.000509584 0.000691623 0.000928345 0.00123249 0.00161861 0.00210299 0.00270352 0.00343936 0.00433057 0.00539756 0.00666045 0.00813832 0.00984833 0.0118049 0.0140187 0.016496 0.0192377 0.0222386 0.0254872 0.0289651 0.0326472 0.0365017 0.0404907 0.0445704 0.0486929 0.0528061 0.0568558 0.0607864 0.0645427 0.0680704 0.071318 0.0742378 0.0767864 0.078926 0.0806246 0.0818572 0.0826054 0.0828582 0.0826119 0.0818704 0.0806446 0.0789531 0.076821 0.0742803 0.071369 0.0681302 0.064612 0.0608658 0.0569455 0.0529064 0.0488038 0.0446917 0.0406217 0.0366417 0.0327949 0.029119 0.0256457 0.0223998 0.0193995 0.0166565 0.0141758 0.0119567 0.00999321 0.00827479 0.00678736 0.00551404 0.0044361 0.00353374 0.00278683 0.00217557 0.00168101 0.00128544 0.000972686 0.000728264 0.000539462 0.000395325 0.000286575 0.00020549 0.00014575 0.000102263 7.09954e-05 4.88043e-05 3.32813e-05 2.26173e-05 1.54854e-05 1.0946e-05 8.3765e-06 
1.00877e-05 1.0777e-05 1.35606e-05 1.88616e-05 2.74414e-05 4.04704e-05 5.96224e-05 8.7197e-05 0.00012627 0.000180872 0.000256183 0.000358753 0.000496719 0.00068002 0.000920586 0.00123249 0.00163202 0.00213767 0.00277005 0.0035516 0.00450619 0.00565863 0.00703389 0.00865633 0.0105487 0.0127311 0.0152198 0.0180265 0.0211569 0.02461 0.0283774 0.0324426 0.0367811 0.0413602 0.0461394 0.0510708 0.0561003 0.0611688 0.0662128 0.0711669 0.0759645 0.0805393 0.0848274 0.088768 0.0923051 0.0953881 0.0979731 0.100023 0.101509 0.10241 0.102713 0.102414 0.101518 0.100036 0.0979914 0.0954121 0.0923356 0.0888058 0.0848734 0.0805946 0.07603 0.0712436 0.0663013 0.0612695 0.0562136 0.0511963 0.0462767 0.0415083 0.0369385 0.0326076 0.0285479 0.024784 0.0213319 0.0182001 0.0153896 0.0128949 0.0107047 0.00880291 0.00716972 0.00578281 0.0046182 0.00365126 0.00285755 0.00221345 0.00169676 0.00128706 0.000965965 0.000717245 0.000526843 0.000382801 0.000275119 0.000195577 0.00013753 9.56908e-05 6.59262e-05 4.50582e-05 3.06921e-05 2.10669e-05 1.49326e-05 1.14597e-05 
1.36876e-05 1.46289e-05 1.83843e-05 2.55165e-05 3.70347e-05 5.44864e-05 8.00781e-05 0.000116832 0.000168777 0.000241171 0.000340751 0.000475994 0.00065739 0.000897693 0.00121214 0.00161861 0.00213767 0.00279259 0.00360906 0.00461489 0.00583946 0.00731299 0.00906563 0.0111264 0.0135219 0.0162752 0.0194044 0.0229214 0.0268307 0.0311285 0.0358018 0.040828 0.0461746 0.0517998 0.0576525 0.0636733 0.0697961 0.0759489 0.0820557 0.0880384 0.0938182 0.0993174 0.104461 0.10918 0.113408 0.117088 0.120169 0.12261 0.124377 0.125447 0.125806 0.125448 0.124379 0.122614 0.120175 0.117097 0.113422 0.109199 0.104487 0.0993519 0.0938626 0.0880943 0.0821244 0.0760315 0.0698933 0.0637855 0.0577795 0.051941 0.0463288 0.0409935 0.0359766 0.0313101 0.0270165 0.0231086 0.0195902 0.0164569 0.013697 0.0112928 0.00922146 0.00745687 0.00597043 0.00473244 0.00371309 0.00288339 0.00221582 0.00168493 0.00126766 0.000943522 0.000694698 0.000505946 0.000364463 0.00025968 0.000183018 0.000127625 8.81231e-05 6.03649e-05 4.12152e-05 2.83615e-05 2.01589e-05 1.55139e-05 
1.83784e-05 1.96493e-05 2.46617e-05 3.41557e-05 4.94544e-05 7.25818e-05 0.000106415 0.000154884 0.000223206 0.000318168 0.00044843 0.000624847 0.000860787 0.00117243 0.00157902 0.00210299 0.00277005 0.00360906 0.00465169 0.00593198 0.00748559 0.00934884 0.0115575 0.0141457 0.017144 0.0205783 0.0244679 0.0288243 0.03365 0.0389368 0.0446657 0.0508063 0.0573166 0.0641434 0.0712233 0.078484 0.0858451 0.0932207 0.100521 0.107654 0.114527 0.121052 0.127143 0.132718 0.137705 0.142039 0.145663 0.148531 0.150605 0.151859 0.152278 0.151856 0.150599 0.148523 0.145654 0.14203 0.137697 0.132713 0.127142 0.121059 0.114543 0.107681 0.100561 0.0932762 0.0859172 0.0785737 0.0713312 0.0642691 0.0574594 0.0509648 0.0448379 0.0391202 0.0338416 0.0290212 0.0246666 0.0207756 0.0173369 0.0143313 0.0117334 0.00951291 0.00763645 0.00606866 0.00477372 0.00371644 0.00286319 0.00218262 0.00164613 0.00122819 0.000906458 0.000661727 0.00047779 0.000341207 0.000241021 0.00016845 0.000116572 8.00339e-05 5.47733e-05 3.77869e-05 2.69326e-05 2.07845e-05 
2.44214e-05 2.6118e-05 3.27374e-05 4.5242e-05 6.53487e-05 9.56757e-05 0.000139935 0.000203179 0.000292095 0.000415348 0.000583947 0.000811638 0.00111527 0.00151515 0.00203527 0.00270352 0.0035516 0.00461489 0.00593198 0.007544 0.00949363 0.0118239 0.0145769 0.0177916 0.0215028 0.0257385 0.030519 0.0358541 0.0417429 0.0481715 0.0551131 0.0625274 0.0703608 0.0785471 0.0870087 0.0956579 0.104399 0.113131 0.121749 0.130145 0.138216 0.145858 0.152976 0.159478 0.165284 0.170321 0.174527 0.177851 0.180252 0.181703 0.182186 0.181696 0.180238 0.177829 0.1745 0.170289 0.16525 0.159444 0.152943 0.14583 0.138195 0.130135 0.121752 0.11315 0.104437 0.0957154 0.0870874 0.0786476 0.0704829 0.06267 0.0552745 0.0483492 0.0419339 0.036055 0.030726 0.0259479 0.0217107 0.0179947 0.0147718 0.0120081 0.00966481 0.00770066 0.00607318 0.00474023 0.0036612 0.00279794 0.00211543 0.0015822 0.00117054 0.000856542 0.0006199 0.000443713 0.000314142 0.000220048 0.000152622 0.000105023 7.20451e-05 4.98283e-05 3.5613e-05 2.75589e-05 
3.21179e-05 3.4358e-05 4.30079e-05 5.93063e-05 8.54568e-05 0.000124811 0.000182107 0.000263773 0.000378286 0.00053659 0.000752535 0.00104333 0.00143 0.00193771 0.00259609 0.00343936 0.00450619 0.00583946 0.00748559 0.00949363 0.0119141 0.0147972 0.0181913 0.0221409 0.0266842 0.0318511 0.0376613 0.0441222 0.0512275 0.0589559 0.0672707 0.0761196 0.0854353 0.0951364 0.105129 0.115309 0.125563 0.135774 0.145821 0.155582 0.164938 0.173775 0.181986 0.189472 0.196142 0.20192 0.206737 0.210539 0.213284 0.21494 0.21549 0.214927 0.213259 0.210502 0.206689 0.201863 0.196079 0.189403 0.181916 0.173707 0.164874 0.155527 0.145778 0.135748 0.125556 0.115324 0.105168 0.0952012 0.0855262 0.0762363 0.0674117 0.0591191 0.0514099 0.0443203 0.0378709 0.0320678 0.0269036 0.0223587 0.0184036 0.0150004 0.0121053 0.00967062 0.00764673 0.00598386 0.00463356 0.00354997 0.0026907 0.00201741 0.00149614 0.0010974 0.000796082 0.000571139 0.00040528 0.000284529 0.000197789 0.000136413 9.38002e-05 6.50391e-05 4.66119e-05 3.61682e-05 
4.18096e-05 4.47349e-05 5.59209e-05 7.6945e-05 0.000110606 0.000161149 0.00023456 0.000338928 0.000484892 0.000686124 0.000959862 0.00132743 0.00181475 0.00245271 0.00327748 0.00433057 0.00565863 0.00731299 0.00934884 0.0118239 0.0147972 0.0183265 0.0224667 0.0272673 0.0327695 0.0390041 0.045989 0.0537273 0.0622056 0.071393 0.0812405 0.0916817 0.102633 0.113996 0.125659 0.137498 0.149384 0.16118 0.17275 0.183956 0.194668 0.204758 0.214111 0.222617 0.230183 0.236723 0.242169 0.246461 0.249556 0.251422 0.25204 0.251404 0.24952 0.246408 0.242099 0.23664 0.230087 0.222512 0.213999 0.204644 0.194555 0.18385 0.172654 0.1611 0.149323 0.137461 0.125648 0.114015 0.102682 0.0917617 0.0813508 0.0715318 0.0623703 0.0539142 0.0461938 0.0392219 0.0329953 0.027496 0.0226935 0.018547 0.0150075 0.012021 0.00953022 0.00747717 0.00580479 0.0044586 0.00338786 0.00254638 0.00189302 0.00139183 0.00101204 0.00072776 0.000517597 0.000364202 0.000253744 0.000175404 0.000120895 8.40381e-05 6.0392e-05 4.69861e-05 
5.38757e-05 5.76548e-05 7.19719e-05 9.88151e-05 0.000141702 0.000205956 0.000299056 0.000431085 0.000615247 0.000868452 0.00121193 0.00167181 0.00227974 0.0030732 0.00409587 0.00539756 0.00703389 0.00906563 0.0115575 0.0145769 0.0181913 0.0224667 0.0274643 0.033238 0.0398311 0.0472741 0.0555814 0.0647499 0.0747567 0.0855589 0.0970929 0.109276 0.122005 0.135163 0.148618 0.162227 0.175841 0.189307 0.20247 0.21518 0.227292 0.23867 0.249188 0.258732 0.267203 0.274512 0.280588 0.285371 0.288816 0.290891 0.291577 0.290867 0.288769 0.285301 0.280497 0.274401 0.267074 0.258588 0.249032 0.238507 0.227126 0.215017 0.202315 0.189165 0.175718 0.162128 0.148547 0.135124 0.122001 0.109308 0.0971615 0.0856628 0.0748936 0.0649164 0.0557731 0.0474857 0.0400572 0.0334726 0.0277018 0.0227017 0.0184189 0.014793 0.0117589 0.00924988 0.00719955 0.00554399 0.00422317 0.00318207 0.00237135 0.0017477 0.0012738 0.000918109 0.000654467 0.000461548 0.000322289 0.000223292 0.000154264 0.000107503 7.74632e-05 6.04265e-05 
6.87281e-05 7.35584e-05 9.16968e-05 0.000125624 0.000179715 0.000260577 0.000377465 0.00054281 0.00077284 0.00108825 0.00151491 0.00208454 0.00283532 0.00381231 0.00506764 0.00666045 0.00865633 0.0111264 0.0141457 0.0177916 0.0221409 0.0272673 0.033238 0.0401104 0.0479291 0.0567221 0.0664987 0.0772469 0.0889322 0.101497 0.11486 0.128919 0.143551 0.158618 0.173965 0.18943 0.204843 0.220034 0.234832 0.249074 0.262603 0.275276 0.286958 0.297534 0.306898 0.314963 0.321655 0.326916 0.330702 0.332979 0.333731 0.33295 0.330644 0.326831 0.321542 0.314824 0.306736 0.297352 0.286759 0.275064 0.262384 0.248852 0.234614 0.219826 0.204652 0.189262 0.173826 0.158513 0.143484 0.128892 0.114876 0.101555 0.0890307 0.0773829 0.0666679 0.0569193 0.0481482 0.0403449 0.0334813 0.027513 0.0223831 0.0180251 0.0143661 0.0113305 0.00884178 0.00682596 0.00521279 0.00393744 0.00294141 0.00217303 0.00158752 0.00114687 0.000819397 0.000579161 0.00040532 0.000281454 0.000194902 0.000136161 9.83749e-05 7.69374e-05 
8.68036e-05 9.29126e-05 0.000115662 0.000158113 0.000225659 0.000326411 0.000471709 0.000676729 0.00096121 0.00135023 0.00187499 0.0025736 0.00349168 0.00468277 0.00620851 0.00813832 0.0105487 0.0135219 0.017144 0.0215028 0.0266842 0.0327695 0.0398311 0.0479291 0.0571071 0.0673893 0.078777 0.0912471 0.10475 0.119211 0.13453 0.15058 0.167218 0.184281 0.201593 0.21897 0.236223 0.253162 0.269606 0.285376 0.300308 0.314251 0.327069 0.338641 0.348864 0.357651 0.364929 0.370643 0.374749 0.377217 0.378031 0.377184 0.374682 0.370543 0.364798 0.357489 0.348673 0.338424 0.326829 0.313992 0.300035 0.285095 0.269324 0.252887 0.23596 0.218728 0.20138 0.184102 0.167079 0.150486 0.134482 0.119213 0.1048 0.0913421 0.0789139 0.0675629 0.0573111 0.0481564 0.0400743 0.0330212 0.0269374 0.0217511 0.0173819 0.013745 0.0107538 0.00832322 0.00637216 0.00482505 0.00361324 0.00267572 0.00195934 0.00141874 0.00101593 0.00071968 0.000504781 0.000351307 0.000243839 0.00017077 0.000123704 9.69923e-05 
0.000108553 0.000116199 0.000144447 0.000197042 0.000280557 0.000404863 0.000583709 0.000835443 0.00118384 0.00165898 0.00229814 0.00314662 0.00425838 0.00569644 0.00753286 0.00984833 0.0127311 0.0162752 0.0205783 0.0257385 0.0318511 0.0390041 0.0472741 0.0567221 0.0673893 0.0792931 0.0924248 0.106747 0.122193 0.138666 0.156043 0.174177 0.192896 0.212013 0.231331 0.250642 0.269739 0.288417 0.306479 0.32374 0.340028 0.355187 0.369081 0.381591 0.392614 0.402068 0.409885 0.416012 0.420409 0.423051 0.423921 0.423014 0.420336 0.415901 0.409738 0.401886 0.392398 0.381343 0.368805 0.354886 0.339706 0.323404 0.306136 0.288073 0.269404 0.250324 0.231038 0.211755 0.192678 0.174006 0.155924 0.138601 0.122182 0.10679 0.0925193 0.0794336 0.0675694 0.0569345 0.0475106 0.0392564 0.032111 0.0259984 0.0208314 0.0165159 0.0129551 0.0100525 0.00771537 0.00585651 0.00439625 0.00326327 0.00239515 0.00173827 0.00124754 0.000885707 0.000622601 0.000434269 0.000302115 0.0002121 0.000154041 0.000121078 
0.000134425 0.000143897 0.000178629 0.000243155 0.000345414 0.000497294 0.00071531 0.00102143 0.001444 0.00201877 0.00278982 0.00381049 0.00514399 0.0068637 0.00905308 0.0118049 0.0152198 0.0194044 0.0244679 0.030519 0.0376613 0.045989 0.0555814 0.0664987 0.078777 0.0924248 0.10742 0.123707 0.1412 0.159779 0.179295 0.199573 0.220416 0.241614 0.262941 0.284173 0.305083 0.325452 0.345072 0.363751 0.381313 0.397603 0.412486 0.425847 0.43759 0.447638 0.45593 0.462419 0.467071 0.469863 0.470782 0.469824 0.466993 0.462302 0.455774 0.447443 0.437357 0.425577 0.412181 0.397266 0.380949 0.363365 0.344671 0.325045 0.304678 0.28378 0.262569 0.241272 0.220115 0.199319 0.179095 0.159638 0.141121 0.12369 0.107462 0.0925226 0.0789243 0.0666879 0.055804 0.0462357 0.0379229 0.0307865 0.0247333 0.0196608 0.0154616 0.0120279 0.00925443 0.00704193 0.00529877 0.00394246 0.00290032 0.00210967 0.00151745 0.0010797 0.000760621 0.000531705 0.000370739 0.000260903 0.000189968 0.000149677 
0.000164851 0.000176466 0.000218757 0.000297158 0.000421166 0.000604965 0.0008682 0.00123692 0.00174462 0.00243335 0.00335477 0.00457107 0.00615556 0.00819291 0.0107788 0.0140187 0.0180265 0.0229214 0.0288243 0.0358541 0.0441222 0.0537273 0.0647499 0.0772469 0.0912471 0.106747 0.123707 0.142054 0.161675 0.182426 0.204129 0.226581 0.24956 0.272825 0.296132 0.319234 0.341888 0.363863 0.384944 0.404935 0.423659 0.440966 0.456724 0.470828 0.48319 0.493741 0.502431 0.509219 0.51408 0.516995 0.517955 0.516956 0.514001 0.5091 0.502271 0.49354 0.482947 0.470544 0.4564 0.440604 0.423263 0.404509 0.384495 0.363399 0.341418 0.318769 0.295682 0.272401 0.249173 0.226241 0.203844 0.182203 0.161519 0.141967 0.123688 0.106793 0.0913526 0.0774046 0.0649508 0.0539617 0.0443797 0.0361247 0.0290986 0.0231909 0.0182844 0.0142595 0.0109986 0.00838936 0.00632765 0.00471893 0.00347947 0.00253659 0.00182854 0.00130386 0.000920508 0.000644867 0.000450647 0.000317887 0.000232036 0.000183253 
0.000200224 0.000214325 0.000265325 0.000359679 0.000508638 0.000728966 0.00104382 0.00148379 0.00208808 0.00290572 0.00399667 0.00543275 0.00729821 0.00968977 0.012716 0.016496 0.0211569 0.0268307 0.03365 0.0417429 0.0512275 0.0622056 0.0747567 0.0889322 0.10475 0.122193 0.1412 0.161675 0.183479 0.206438 0.230346 0.25497 0.280057 0.305344 0.330562 0.355446 0.379739 0.403202 0.425615 0.44678 0.466527 0.48471 0.501208 0.515926 0.528788 0.539739 0.548737 0.555755 0.560773 0.56378 0.564771 0.563743 0.560696 0.555639 0.54858 0.53954 0.528546 0.515639 0.500876 0.484334 0.46611 0.446326 0.425129 0.402692 0.379214 0.354916 0.33004 0.304841 0.279586 0.254542 0.229973 0.206129 0.18324 0.161511 0.141111 0.122178 0.104805 0.08905 0.0749283 0.0624206 0.0514749 0.0420114 0.0339289 0.0271103 0.0214287 0.0167532 0.0129535 0.00990419 0.00748771 0.00559689 0.0041361 0.00302192 0.00218311 0.00156 0.00110367 0.000774824 0.000542651 0.000383674 0.000280737 0.000222222 
0.000240873 0.000257824 0.000318745 0.000431231 0.000608489 0.000870152 0.00124326 0.00176341 0.00247609 0.00343793 0.00471787 0.00639812 0.00857461 0.0113568 0.0148669 0.0192377 0.02461 0.0311285 0.0389368 0.0481715 0.0589559 0.071393 0.0855589 0.101497 0.119211 0.138666 0.159779 0.182426 0.206438 0.231612 0.257709 0.284465 0.311601 0.338826 0.365852 0.392396 0.418192 0.442994 0.46658 0.488758 0.509363 0.528262 0.545346 0.560534 0.573767 0.585002 0.594212 0.601381 0.606501 0.609568 0.610579 0.609533 0.606431 0.601274 0.594065 0.584813 0.573534 0.560255 0.545019 0.527886 0.50894 0.488289 0.466071 0.442451 0.417624 0.391813 0.365266 0.338251 0.31105 0.283953 0.257248 0.231214 0.206112 0.182178 0.159614 0.138583 0.119208 0.101567 0.0856935 0.0715817 0.059187 0.0484327 0.039216 0.0314146 0.0248931 0.0195094 0.0151209 0.0115886 0.00878137 0.00657869 0.00487238 0.00356757 0.00258276 0.00184943 0.00131114 0.000922399 0.000647392 0.000458764 0.000336477 0.000266933 
0.000287044 0.000307223 0.000379313 0.000512172 0.000721161 0.00102906 0.00146717 0.00207655 0.00290948 0.00403079 0.00551908 0.0074676 0.00998459 0.0131929 0.0172285 0.0222386 0.0283774 0.0358018 0.0446657 0.0551131 0.0672707 0.0812405 0.0970929 0.11486 0.13453 0.156043 0.179295 0.204129 0.230346 0.257709 0.285946 0.314764 0.343854 0.372903 0.401601 0.429655 0.456788 0.482753 0.507332 0.530339 0.551622 0.571062 0.588566 0.604071 0.617536 0.628934 0.638256 0.645497 0.650662 0.653752 0.654772 0.653723 0.650601 0.645404 0.638126 0.628765 0.617323 0.603812 0.588256 0.5707 0.551207 0.529871 0.506815 0.482192 0.45619 0.42903 0.400963 0.372264 0.343231 0.314172 0.2854 0.257222 0.229932 0.203795 0.179049 0.155887 0.134461 0.114875 0.0971836 0.0813962 0.0674792 0.0553614 0.0449406 0.0360906 0.0286687 0.0225227 0.0174976 0.0134411 0.0102082 0.00766453 0.00568887 0.00417421 0.0030282 0.00217282 0.00154352 0.00108809 0.00076528 0.000543498 0.00039954 0.000317639 
0.000338872 0.000362662 0.000447183 0.000602666 0.000846824 0.00120586 0.00171566 0.00242321 0.00338806 0.00468377 0.00639919 0.00863917 0.0115248 0.0151927 0.0197931 0.0254872 0.0324426 0.040828 0.0508063 0.0625274 0.0761196 0.0916817 0.109276 0.128919 0.15058 0.174177 0.199573 0.226581 0.25497 0.284465 0.314764 0.345542 0.376462 0.407189 0.437399 0.466785 0.495069 0.522004 0.547378 0.571019 0.592788 0.612585 0.630338 0.646004 0.65956 0.671 0.680332 0.687566 0.692717 0.695798 0.696816 0.695774 0.692669 0.687491 0.680226 0.670859 0.659377 0.645776 0.630059 0.612251 0.592396 0.570567 0.546869 0.52144 0.494457 0.466135 0.436722 0.406499 0.375776 0.344876 0.314137 0.283893 0.254467 0.226161 0.199242 0.173942 0.150442 0.128873 0.109316 0.091798 0.0762995 0.0627574 0.051072 0.0411155 0.032739 0.0257812 0.0200754 0.0154562 0.0117645 0.00885216 0.00658423 0.00484115 0.00351913 0.00253009 0.00180085 0.001272 0.000896448 0.000638013 0.000470065 0.000374474 
0.000396357 0.000424139 0.00052233 0.000702648 0.000985332 0.00140026 0.00198826 0.00280257 0.00391047 0.00539478 0.00735501 0.00990813 0.0131884 0.0173465 0.022547 0.0289651 0.0367811 0.0461746 0.0573166 0.0703608 0.0854353 0.102633 0.122005 0.143551 0.167218 0.192896 0.220416 0.24956 0.280057 0.311601 0.343854 0.376462 0.409063 0.441302 0.47284 0.503366 0.532598 0.560296 0.58626 0.610332 0.632394 0.652364 0.670195 0.685866 0.699376 0.710741 0.719984 0.727134 0.732217 0.735255 0.736261 0.73524 0.732185 0.727082 0.719907 0.710634 0.699232 0.685679 0.669958 0.65207 0.632038 0.609912 0.585774 0.559746 0.531988 0.502704 0.472139 0.440574 0.408326 0.375734 0.343155 0.310949 0.27947 0.249053 0.220001 0.19258 0.167005 0.14344 0.121989 0.102704 0.0855811 0.0705672 0.0575684 0.0464568 0.0370792 0.0292664 0.0228407 0.0176239 0.0134434 0.0101366 0.0075551 0.00556612 0.00405406 0.00292029 0.00208255 0.00147379 0.0010407 0.000742212 0.000548007 0.000437427 
0.000459347 0.000491489 0.000604535 0.000811788 0.00113618 0.0016115 0.00228376 0.00321285 0.00447413 0.00616003 0.00838117 0.0112669 0.014965 0.0196402 0.0254714 0.0326472 0.0413602 0.0517998 0.0641434 0.0785471 0.0951364 0.113996 0.135163 0.158618 0.184281 0.212013 0.241614 0.272825 0.305344 0.338826 0.372903 0.407189 0.441302 0.474868 0.507539 0.538998 0.568969 0.597221 0.623568 0.64787 0.670033 0.689999 0.707744 0.723273 0.736608 0.747787 0.756852 0.763847 0.768811 0.771776 0.77276 0.77177 0.768797 0.763821 0.756809 0.74772 0.73651 0.723136 0.707559 0.689757 0.669728 0.647496 0.62312 0.5967 0.568378 0.538342 0.506828 0.474117 0.440527 0.406411 0.372141 0.338102 0.304678 0.272235 0.241114 0.211616 0.183992 0.158437 0.135087 0.114018 0.0952432 0.0787251 0.0643768 0.0520726 0.0416566 0.0329529 0.0257741 0.0199299 0.0152341 0.0115102 0.0085959 0.00634519 0.00463025 0.00334154 0.00238735 0.00169261 0.00119749 0.000855728 0.000633122 0.000506318 
0.000527522 0.000564364 0.000693356 0.000929474 0.00129849 0.00183827 0.00260029 0.00365131 0.00507511 0.00697402 0.00947002 0.0127051 0.0168405 0.0220551 0.0285416 0.0365017 0.0461394 0.0576525 0.0712233 0.0870087 0.105129 0.125659 0.148618 0.173965 0.201593 0.231331 0.262941 0.296132 0.330562 0.365852 0.401601 0.437399 0.47284 0.507539 0.541138 0.573323 0.603824 0.632423 0.658951 0.683293 0.705377 0.725171 0.74268 0.757933 0.770977 0.781871 0.790676 0.797454 0.802255 0.80512 0.806074 0.805123 0.802259 0.797455 0.790669 0.781848 0.77093 0.757852 0.742555 0.724991 0.705132 0.682976 0.658556 0.631946 0.603266 0.572688 0.540435 0.50678 0.472042 0.436582 0.400787 0.365064 0.329823 0.295464 0.262361 0.230853 0.201227 0.173713 0.148479 0.125627 0.105193 0.0871541 0.0714344 0.0579121 0.0464307 0.0368091 0.0288511 0.0223552 0.0171223 0.0129623 0.00969883 0.00717269 0.00524364 0.00379098 0.00271324 0.00192709 0.00136586 0.000977904 0.000724941 0.000580786 
0.000600376 0.000642223 0.000788121 0.00105479 0.00147095 0.00207871 0.00293517 0.0041142 0.00570817 0.00782951 0.0106117 0.0142093 0.0187972 0.024568 0.0317278 0.0404907 0.0510708 0.0636733 0.078484 0.0956579 0.115309 0.137498 0.162227 0.18943 0.21897 0.250642 0.284173 0.319234 0.355446 0.392396 0.429655 0.466785 0.503366 0.538998 0.573323 0.60603 0.636858 0.665607 0.692129 0.716333 0.738174 0.757648 0.774788 0.789647 0.802299 0.812823 0.821301 0.827809 0.83241 0.835153 0.836069 0.835166 0.832434 0.827839 0.821332 0.812847 0.802305 0.789626 0.774727 0.757536 0.737998 0.716084 0.691797 0.665186 0.636347 0.60543 0.572641 0.538245 0.502558 0.465943 0.428801 0.391556 0.354643 0.318494 0.283517 0.250086 0.218527 0.189106 0.162024 0.13741 0.115326 0.0957673 0.078669 0.0639164 0.051354 0.0407969 0.0320418 0.0248767 0.0190904 0.0144794 0.0108539 0.00804124 0.00588885 0.00426474 0.00305748 0.00217527 0.00154445 0.00110778 0.00082276 0.000660275 
0.000677224 0.000724329 0.000887924 0.00118652 0.00165187 0.00233042 0.00328504 0.00459679 0.00636677 0.00871757 0.0117941 0.0157637 0.0208142 0.0271518 0.0349954 0.0445704 0.0561003 0.0697961 0.0858451 0.104399 0.125563 0.149384 0.175841 0.204843 0.236223 0.269739 0.305083 0.341888 0.379739 0.418192 0.456788 0.495069 0.532598 0.568969 0.603824 0.636858 0.667826 0.696545 0.722892 0.746801 0.768257 0.787284 0.803941 0.81831 0.830487 0.840574 0.848671 0.854867 0.859239 0.861844 0.862716 0.861866 0.859282 0.854926 0.84874 0.840644 0.830548 0.81835 0.803948 0.787244 0.768156 0.746626 0.722632 0.696191 0.667373 0.636306 0.603177 0.568236 0.531794 0.494215 0.455906 0.41731 0.378882 0.341083 0.304356 0.269109 0.235706 0.204449 0.175572 0.149238 0.125532 0.10447 0.0860013 0.0700198 0.0563726 0.0448731 0.0353117 0.0274673 0.0211173 0.0160456 0.0120489 0.00894178 0.00655924 0.00475797 0.00341659 0.00243469 0.0017315 0.00124409 0.00092564 0.000744028 
0.000757195 0.000809752 0.000991626 0.00132316 0.00183916 0.00259049 0.00364581 0.00509344 0.00704318 0.00962774 0.0130034 0.0173498 0.0228677 0.029776 0.0383057 0.0486929 0.0611688 0.0759489 0.0932207 0.113131 0.135774 0.16118 0.189307 0.220034 0.253162 0.288417 0.325452 0.363863 0.403202 0.442994 0.482753 0.522004 0.560296 0.597221 0.632423 0.665607 0.696545 0.725075 0.751101 0.774584 0.795536 0.814011 0.830097 0.843901 0.855542 0.865141 0.872817 0.878673 0.882795 0.885249 0.886073 0.885281 0.882857 0.87876 0.872923 0.865257 0.855657 0.844004 0.830173 0.814045 0.795512 0.774487 0.750919 0.724795 0.696159 0.665112 0.631821 0.59652 0.559509 0.52115 0.481856 0.44208 0.402301 0.363003 0.324661 0.287719 0.252575 0.219571 0.188973 0.160976 0.135693 0.113161 0.0933459 0.0761507 0.0614278 0.0489897 0.0386223 0.0300965 0.0231792 0.0176422 0.0132698 0.00986374 0.00724693 0.00526493 0.00378638 0.00270234 0.00192485 0.00138527 0.00103241 0.000831097 
