1.91384e-21 1.40518e-21 3.42116e-21 1.15316e-20 3.92682e-20 1.30749e-19 4.24431e-19 1.34252e-18 4.13671e-18 1.24136e-17 3.62695e-17 1.03158e-16 2.85566e-16 7.6929e-16 2.01656e-15 5.14332e-15 1.27637e-14 3.08185e-14 7.24057e-14 1.65534e-13 3.68293e-13 7.97507e-13 1.68094e-12 3.44891e-12 6.88899e-12 1.33965e-11 2.53628e-11 4.67483e-11 8.38835e-11 1.4652e-10 2.49107e-10 4.12178e-10 6.63629e-10 1.03951e-09 1.58383e-09 2.34673e-09 3.38057e-09 4.73362e-09 6.44164e-09 8.51834e-09 1.09467e-08 1.36735e-08 1.66088e-08 1.96325e-08 2.26061e-08 2.53889e-08 2.78532e-08 2.98954e-08 3.14408e-08 3.24423e-08 3.28739e-08 3.27257e-08 3.19997e-08 3.07126e-08 2.89006e-08 2.6626e-08 2.39811e-08 2.10848e-08 1.80745e-08 1.50913e-08 1.2264e-08 9.69588e-09 7.45584e-09 5.57631e-09 4.05682e-09 2.87145e-09 1.97791e-09 1.32624e-09 8.65908e-10 5.50643e-10 3.41135e-10 2.05939e-10 1.2117e-10 6.94977e-11 3.88629e-11 2.11906e-11 1.12678e-11 5.84323e-12 2.95534e-12 1.45786e-12 7.01424e-13 3.29155e-13 1.50651e-13 6.72505e-14 2.92799e-14 1.24338e-14 5.15014e-15 2.08085e-15 8.20185e-16 3.15416e-16 1.18365e-16 4.33517e-17 1.54996e-17 5.41086e-18 1.8448e-18 6.14444e-19 1.99982e-19 6.36243e-20 1.98069e-20 6.09817e-21 
1.40518e-21 1.02623e-21 2.56221e-21 8.84266e-21 3.07776e-20 1.04716e-19 3.47313e-19 1.12237e-18 3.53278e-18 1.08275e-17 3.23038e-17 9.37963e-17 2.6499e-16 7.28294e-16 1.94695e-15 5.06202e-15 1.27994e-14 3.14728e-14 7.52601e-14 1.75023e-13 3.95865e-13 8.70876e-13 1.86361e-12 3.87946e-12 7.85661e-12 1.54796e-11 2.96726e-11 5.53367e-11 1.00396e-10 1.7719e-10 3.04185e-10 5.07887e-10 8.24638e-10 1.30183e-09 1.99784e-09 2.97979e-09 4.31851e-09 6.08009e-09 8.3145e-09 1.10425e-08 1.42436e-08 1.78479e-08 2.17355e-08 2.57447e-08 2.9689e-08 3.3379e-08 3.66432e-08 3.93441e-08 4.13839e-08 4.27022e-08 4.32669e-08 4.30654e-08 4.21005e-08 4.03926e-08 3.7988e-08 3.49683e-08 3.14558e-08 2.76104e-08 2.3617e-08 1.96655e-08 1.59291e-08 1.25454e-08 9.60492e-09 7.14834e-09 5.17214e-09 3.63898e-09 2.49026e-09 1.658e-09 1.07428e-09 6.77572e-10 4.16103e-10 2.48855e-10 1.44969e-10 8.22737e-11 4.54951e-11 2.45155e-11 1.28746e-11 6.58979e-12 3.28761e-12 1.59873e-12 7.57817e-13 3.50149e-13 1.57705e-13 6.92394e-14 2.96338e-14 1.23644e-14 5.02964e-15 1.99493e-15 7.7162e-16 2.91092e-16 1.07125e-16 3.84663e-17 1.34803e-17 4.61174e-18 1.54063e-18 5.0272e-19 1.60283e-19 4.99505e-20 1.52302e-20 4.59015e-21 
3.42116e-21 2.56221e-21 6.56616e-21 2.29001e-20 8.03174e-20 2.75181e-19 9.18667e-19 2.98679e-18 9.45388e-18 2.91233e-17 8.72909e-17 2.54498e-16 7.21585e-16 1.98928e-15 5.33139e-15 1.38892e-14 3.51702e-14 8.65613e-14 2.07077e-13 4.81526e-13 1.08849e-12 2.39217e-12 5.11175e-12 1.0622e-11 2.14658e-11 4.21918e-11 8.06631e-11 1.50004e-10 2.71338e-10 4.77408e-10 8.16989e-10 1.35974e-09 2.20071e-09 3.46323e-09 5.29835e-09 7.87881e-09 1.13856e-08 1.59861e-08 2.18045e-08 2.88889e-08 3.71803e-08 4.64927e-08 5.65127e-08 6.68218e-08 7.69403e-08 8.63838e-08 9.47174e-08 1.01595e-07 1.06774e-07 1.10105e-07 1.11512e-07 1.10966e-07 1.08473e-07 1.04082e-07 9.79104e-08 9.01615e-08 8.11456e-08 7.127e-08 6.10072e-08 5.08442e-08 4.12259e-08 3.25065e-08 2.49202e-08 1.8574e-08 1.3461e-08 9.48749e-09 6.5048e-09 4.33943e-09 2.81743e-09 1.78072e-09 1.09584e-09 6.56734e-10 3.83343e-10 2.17971e-10 1.20746e-10 6.51694e-11 3.42718e-11 1.75617e-11 8.76877e-12 4.26627e-12 2.02251e-12 9.34226e-13 4.20462e-13 1.84379e-13 7.87795e-14 3.27979e-14 1.33057e-14 5.26057e-15 2.02715e-15 7.61496e-16 2.78909e-16 9.96245e-17 3.47125e-17 1.18016e-17 3.91611e-18 1.26871e-18 4.01422e-19 1.2409e-19 3.75144e-20 1.12079e-20 
1.15316e-20 8.84266e-21 2.29001e-20 7.97832e-20 2.79161e-19 9.53975e-19 3.17602e-18 1.0296e-17 3.24895e-17 9.97618e-17 2.9799e-16 8.65644e-16 2.44496e-15 6.71295e-15 1.7914e-14 4.64576e-14 1.17079e-13 2.86712e-13 6.82289e-13 1.57788e-12 3.54651e-12 7.74833e-12 1.64571e-11 3.39861e-11 6.82514e-11 1.33302e-10 2.53232e-10 4.67939e-10 8.41132e-10 1.47078e-09 2.50169e-09 4.13901e-09 6.66048e-09 1.04236e-08 1.58624e-08 2.34693e-08 3.37544e-08 4.7183e-08 6.40918e-08 8.45958e-08 1.08503e-07 1.35263e-07 1.63966e-07 1.93414e-07 2.22243e-07 2.49084e-07 2.72718e-07 2.92178e-07 3.06794e-07 3.16159e-07 3.20066e-07 3.18435e-07 3.11287e-07 2.98759e-07 2.8117e-07 2.59095e-07 2.33403e-07 2.05241e-07 1.75945e-07 1.46894e-07 1.19354e-07 9.43365e-08 7.25182e-08 5.42158e-08 3.94241e-08 2.78889e-08 1.91969e-08 1.28605e-08 8.38703e-09 5.32562e-09 3.29321e-09 1.98346e-09 1.16369e-09 6.65127e-10 3.7039e-10 2.00966e-10 1.06244e-10 5.47271e-11 2.74668e-11 1.34309e-11 6.39834e-12 2.96946e-12 1.34251e-12 5.9126e-13 2.53663e-13 1.06015e-13 4.31659e-14 1.71244e-14 6.6199e-15 2.49414e-15 9.16038e-16 3.28041e-16 1.14572e-16 3.90375e-17 1.298e-17 4.21297e-18 1.33528e-18 4.13419e-19 1.25168e-19 3.74631e-20 
3.92682e-20 3.07776e-20 8.03174e-20 2.79161e-19 9.73453e-19 3.31472e-18 1.0995e-17 3.55087e-17 1.11611e-16 3.41323e-16 1.01526e-15 2.9364e-15 8.25607e-15 2.2561e-14 5.99092e-14 1.5457e-13 3.87454e-13 9.43552e-13 2.2324e-12 5.13179e-12 1.14632e-11 2.48852e-11 5.25107e-11 1.07722e-10 2.14873e-10 4.16825e-10 7.8646e-10 1.44344e-09 2.57725e-09 4.47678e-09 7.56541e-09 1.2438e-08 1.9893e-08 3.09492e-08 4.68331e-08 6.89214e-08 9.86256e-08 1.37213e-07 1.85572e-07 2.43961e-07 3.11772e-07 3.87402e-07 4.68262e-07 5.50976e-07 6.31738e-07 7.06752e-07 7.72654e-07 8.268e-07 8.67366e-07 8.93262e-07 9.03933e-07 8.99174e-07 8.79038e-07 8.43901e-07 7.94633e-07 7.32809e-07 6.60828e-07 5.81866e-07 4.99627e-07 4.17953e-07 3.40378e-07 2.6975e-07 2.07987e-07 1.56019e-07 1.13872e-07 8.0879e-08 5.59129e-08 3.76302e-08 2.466e-08 1.57383e-08 9.78348e-09 5.92454e-09 3.4953e-09 2.00915e-09 1.12527e-09 6.14084e-10 3.26524e-10 1.69162e-10 8.53821e-11 4.19831e-11 2.0109e-11 9.38182e-12 4.2632e-12 1.88677e-12 8.13275e-13 3.41428e-13 1.39616e-13 5.56142e-14 2.15832e-14 8.16213e-15 3.00842e-15 1.08101e-15 3.78781e-16 1.29463e-16 4.31755e-17 1.40541e-17 4.46676e-18 1.38669e-18 4.20952e-19 1.26378e-19 
1.30749e-19 1.04716e-19 2.75181e-19 9.53975e-19 3.31472e-18 1.12451e-17 3.71581e-17 1.19532e-16 3.74193e-16 1.13955e-15 3.3749e-15 9.71733e-15 2.71942e-14 7.3952e-14 1.95384e-13 5.01454e-13 1.25009e-12 3.02696e-12 7.11923e-12 1.6265e-11 3.61013e-11 7.78586e-11 1.63188e-10 3.32474e-10 6.58573e-10 1.26857e-09 2.37665e-09 4.33135e-09 7.67961e-09 1.3248e-08 2.22371e-08 3.63186e-08 5.77164e-08 8.9242e-08 1.34248e-07 1.96458e-07 2.79645e-07 3.87134e-07 5.21183e-07 6.82297e-07 8.68635e-07 1.07568e-06 1.29628e-06 1.52126e-06 1.74033e-06 1.9433e-06 2.1212e-06 2.26704e-06 2.37604e-06 2.44535e-06 2.47357e-06 2.46016e-06 2.40527e-06 2.30989e-06 2.1763e-06 2.00869e-06 1.81345e-06 1.59907e-06 1.37551e-06 1.1531e-06 9.41418e-07 7.48211e-07 5.78767e-07 4.35718e-07 3.19275e-07 2.27742e-07 1.58167e-07 1.06969e-07 7.04606e-08 4.52105e-08 2.82611e-08 1.72123e-08 1.02144e-08 5.90645e-09 3.32802e-09 1.82717e-09 9.77426e-10 5.09409e-10 2.58635e-10 1.27908e-10 6.16101e-11 2.89008e-11 1.32019e-11 5.87234e-12 2.54348e-12 1.07275e-12 4.40608e-13 1.76253e-13 6.86776e-14 2.60719e-14 9.64509e-15 3.47797e-15 1.2228e-15 4.19301e-16 1.40274e-16 4.57992e-17 1.45989e-17 4.54511e-18 1.38363e-18 4.16741e-19 
4.24431e-19 3.47313e-19 9.18667e-19 3.17602e-18 1.0995e-17 3.71581e-17 1.22304e-16 3.91849e-16 1.22159e-15 3.70425e-15 1.0922e-14 3.13034e-14 8.71864e-14 2.35922e-13 6.20106e-13 1.58298e-12 3.92421e-12 9.44675e-12 2.20837e-11 5.01367e-11 1.10557e-10 2.36834e-10 4.92964e-10 9.97249e-10 1.96117e-09 3.7502e-09 6.97456e-09 1.26179e-08 2.22094e-08 3.80383e-08 6.33983e-08 1.02833e-07 1.62328e-07 2.49377e-07 3.72826e-07 5.4239e-07 7.67775e-07 1.05738e-06 1.41667e-06 1.84644e-06 2.34133e-06 2.88902e-06 3.47051e-06 4.06163e-06 4.63556e-06 5.16594e-06 5.62972e-06 6.00905e-06 6.29182e-06 6.47096e-06 6.54296e-06 6.50657e-06 6.36216e-06 6.11218e-06 5.76243e-06 5.32361e-06 4.81215e-06 4.24998e-06 3.66285e-06 3.07767e-06 2.51944e-06 2.00854e-06 1.55907e-06 1.17826e-06 8.67024e-07 6.21285e-07 4.33596e-07 2.94766e-07 1.95222e-07 1.25975e-07 7.92107e-08 4.85347e-08 2.89803e-08 1.6863e-08 9.56161e-09 5.28284e-09 2.84381e-09 1.49136e-09 7.61821e-10 3.79011e-10 1.83621e-10 8.66184e-11 3.97811e-11 1.77868e-11 7.74219e-12 3.28087e-12 1.35364e-12 5.43824e-13 2.12777e-13 8.10945e-14 3.01134e-14 1.0898e-14 3.84488e-15 1.32283e-15 4.43972e-16 1.45408e-16 4.64906e-17 1.45167e-17 4.43206e-18 1.33942e-18 
1.34252e-18 1.12237e-18 2.98679e-18 1.0296e-17 3.55087e-17 1.19532e-16 3.91849e-16 1.25025e-15 3.88109e-15 1.17171e-14 3.43915e-14 9.81069e-14 2.71919e-13 7.32085e-13 1.91413e-12 4.85955e-12 1.19782e-11 2.86638e-11 6.65932e-11 1.50214e-10 3.29031e-10 6.99981e-10 1.44664e-09 2.90519e-09 5.67085e-09 1.07623e-08 1.98635e-08 3.56625e-08 6.22963e-08 1.05897e-07 1.75198e-07 2.82129e-07 4.42243e-07 6.74813e-07 1.00233e-06 1.44921e-06 2.03948e-06 2.79347e-06 3.72376e-06 4.83091e-06 6.09995e-06 7.49853e-06 8.97786e-06 1.04766e-05 1.19274e-05 1.32644e-05 1.44307e-05 1.53824e-05 1.609e-05 1.65365e-05 1.67137e-05 1.66187e-05 1.62523e-05 1.56204e-05 1.47373e-05 1.3629e-05 1.23364e-05 1.0914e-05 9.42594e-06 7.93978e-06 6.51849e-06 5.21389e-06 4.06222e-06 3.08267e-06 2.27862e-06 1.64076e-06 1.15105e-06 7.8682e-07 5.24118e-07 3.40245e-07 2.1527e-07 1.32744e-07 7.97775e-08 4.67264e-08 2.66703e-08 1.4833e-08 8.03725e-09 4.24221e-09 2.18077e-09 1.09165e-09 5.3204e-10 2.52425e-10 1.16574e-10 5.2399e-11 2.29239e-11 9.76144e-12 4.04606e-12 1.63268e-12 6.415e-13 2.45477e-13 9.15069e-14 3.32391e-14 1.17688e-14 4.06295e-15 1.36815e-15 4.49536e-16 1.44177e-16 4.51563e-17 1.38282e-17 4.1937e-18 
4.13671e-18 3.53278e-18 9.45388e-18 3.24895e-17 1.11611e-16 3.74193e-16 1.22159e-15 3.88109e-15 1.19951e-14 3.60508e-14 1.05323e-13 2.99006e-13 8.24623e-13 2.20866e-12 5.74381e-12 1.45008e-11 3.55346e-11 8.45185e-11 1.95117e-10 4.3723e-10 9.5117e-10 2.0092e-09 4.12207e-09 8.21595e-09 1.59143e-08 2.9967e-08 5.48734e-08 9.77397e-08 1.69389e-07 2.85692e-07 4.6902e-07 7.49593e-07 1.1664e-06 1.76719e-06 2.60706e-06 3.74498e-06 5.23805e-06 7.1334e-06 9.45839e-06 1.22107e-05 1.535e-05 1.87946e-05 2.24235e-05 2.60871e-05 2.96221e-05 3.28709e-05 3.56974e-05 3.79981e-05 3.97043e-05 4.07768e-05 4.1197e-05 4.09583e-05 4.00629e-05 3.85241e-05 3.63752e-05 3.3678e-05 3.05294e-05 2.70597e-05 2.34235e-05 1.97836e-05 1.6293e-05 1.30786e-05 1.02305e-05 7.79785e-06 5.79176e-06 4.19212e-06 2.95722e-06 2.03329e-06 1.36272e-06 8.90277e-07 5.6697e-07 3.51968e-07 2.12976e-07 1.25605e-07 7.21894e-08 4.04265e-08 2.20549e-08 1.17192e-08 6.064e-09 3.05489e-09 1.49805e-09 7.14962e-10 3.32059e-10 1.5007e-10 6.59952e-11 2.82414e-11 1.17613e-11 4.7674e-12 1.88125e-12 7.22858e-13 2.70529e-13 9.86416e-14 3.50536e-14 1.21445e-14 4.10353e-15 1.35279e-15 4.35275e-16 1.36759e-16 4.2011e-17 1.27872e-17 
1.24136e-17 1.08275e-17 2.91233e-17 9.97618e-17 3.41323e-16 1.13955e-15 3.70425e-15 1.17171e-14 3.60508e-14 1.07847e-13 3.13574e-13 8.85835e-13 2.43057e-12 6.4756e-12 1.67479e-11 4.20402e-11 1.02408e-10 2.42066e-10 5.55215e-10 1.23579e-09 2.6696e-09 5.5982e-09 1.13991e-08 2.25447e-08 4.33234e-08 8.09212e-08 1.46967e-07 2.59626e-07 4.46253e-07 7.46517e-07 1.2157e-06 1.92763e-06 2.97645e-06 4.47609e-06 6.55625e-06 9.35379e-06 1.29988e-05 1.75954e-05 2.31995e-05 2.97961e-05 3.72816e-05 4.54565e-05 5.4033e-05 6.26588e-05 7.09543e-05 7.85553e-05 8.51507e-05 9.05057e-05 9.44662e-05 9.69461e-05 9.7905e-05 9.73293e-05 9.52232e-05 9.16165e-05 8.65829e-05 8.02629e-05 7.28775e-05 6.47265e-05 5.6167e-05 4.75772e-05 3.93149e-05 3.16798e-05 2.48873e-05 1.90593e-05 1.4229e-05 1.03561e-05 7.34853e-06 5.08401e-06 3.42946e-06 2.25559e-06 1.44643e-06 9.04293e-07 5.51126e-07 3.27389e-07 1.89527e-07 1.06902e-07 5.87357e-08 3.14279e-08 1.63725e-08 8.30233e-09 4.09711e-09 1.96731e-09 9.19035e-10 4.17663e-10 1.8465e-10 7.94186e-11 3.32346e-11 1.35339e-11 5.36422e-12 2.06991e-12 7.77818e-13 2.84724e-13 1.01563e-13 3.53158e-14 1.19753e-14 3.96143e-15 1.27891e-15 4.03138e-16 1.24244e-16 3.79609e-17 
3.62695e-17 3.23038e-17 8.72909e-17 2.9799e-16 1.01526e-15 3.3749e-15 1.0922e-14 3.43915e-14 1.05323e-13 3.13574e-13 9.07262e-13 2.55001e-12 6.96015e-12 1.84429e-11 4.74309e-11 1.18364e-10 2.86576e-10 6.73099e-10 1.53366e-09 3.39012e-09 7.271e-09 1.51341e-08 3.05787e-08 5.99968e-08 1.14353e-07 2.11814e-07 3.81438e-07 6.68082e-07 1.13851e-06 1.88837e-06 3.04936e-06 4.79523e-06 7.34472e-06 1.09591e-05 1.59318e-05 2.25672e-05 3.11486e-05 4.18951e-05 5.49121e-05 7.01429e-05 8.73318e-05 0.000106011 0.000125521 0.000145065 0.000163794 0.000180902 0.000195705 0.000207693 0.000216535 0.000222049 0.000224154 0.000222821 0.000218059 0.00020993 0.000198591 0.000184347 0.000167682 0.000149258 0.000129867 0.000110353 9.15209e-05 7.40515e-05 5.84421e-05 4.49833e-05 3.37677e-05 2.47219e-05 1.76523e-05 1.22931e-05 8.34955e-06 5.53073e-06 3.57263e-06 2.25025e-06 1.38179e-06 8.27074e-07 4.8243e-07 2.74156e-07 1.51745e-07 8.17812e-08 4.29033e-08 2.19034e-08 1.08796e-08 5.25675e-09 2.4704e-09 1.12911e-09 5.01902e-10 2.16993e-10 9.12569e-11 3.73383e-11 1.48665e-11 5.76163e-12 2.17416e-12 7.99083e-13 2.86153e-13 9.9879e-14 3.39927e-14 1.1285e-14 3.65599e-15 1.15637e-15 3.57598e-16 1.09692e-16 
1.03158e-16 9.37963e-17 2.54498e-16 8.65644e-16 2.9364e-15 9.71733e-15 3.13034e-14 9.81069e-14 2.99006e-13 8.85835e-13 2.55001e-12 7.12984e-12 1.93559e-11 5.10036e-11 1.30413e-10 3.23498e-10 7.78355e-10 1.81632e-09 4.11055e-09 9.02232e-09 1.92089e-08 3.96773e-08 7.95352e-08 1.54777e-07 2.92524e-07 5.37174e-07 9.58882e-07 1.6646e-06 2.8115e-06 4.62192e-06 7.39803e-06 1.15332e-05 1.75162e-05 2.59224e-05 3.73877e-05 5.25604e-05 7.20292e-05 9.62304e-05 0.000125343 0.000159191 0.000197169 0.000238224 0.000280901 0.000323475 0.000364123 0.000401129 0.000433056 0.000458841 0.000477806 0.000489587 0.000494025 0.000491066 0.000480727 0.000463127 0.000438588 0.000407742 0.000371603 0.00033157 0.000289329 0.000246693 0.000205398 0.00016693 0.000132394 0.000102457 7.73637e-05 5.69957e-05 4.09684e-05 2.87305e-05 1.96562e-05 1.31184e-05 8.5394e-06 5.42088e-06 3.35519e-06 2.02424e-06 1.19008e-06 6.81591e-07 3.80152e-07 2.0641e-07 1.09069e-07 5.6072e-08 2.80382e-08 1.36343e-08 6.44675e-09 2.96377e-09 1.32479e-09 5.75818e-10 2.43396e-10 1.00073e-10 4.00314e-11 1.55843e-11 5.90624e-12 2.17985e-12 7.83772e-13 2.74644e-13 9.38293e-14 3.12659e-14 1.0166e-14 3.22692e-15 1.00144e-15 3.08465e-16 
2.85566e-16 2.6499e-16 7.21585e-16 2.44496e-15 8.25607e-15 2.71942e-14 8.71864e-14 2.71919e-13 8.24623e-13 2.43057e-12 6.96015e-12 1.93559e-11 5.22554e-11 1.36907e-10 3.47987e-10 8.57901e-10 2.05099e-09 4.75429e-09 1.06851e-08 2.32841e-08 4.9201e-08 1.00835e-07 2.00491e-07 3.86887e-07 7.2488e-07 1.31931e-06 2.33372e-06 4.01412e-06 6.71719e-06 1.09406e-05 1.73516e-05 2.68061e-05 4.03524e-05 5.92053e-05 8.46847e-05 0.000118109 0.000160641 0.000213097 0.000275741 0.000348082 0.000428749 0.000515465 0.000605158 0.000694235 0.000778948 0.000855805 0.000921908 0.000975144 0.00101419 0.00103835 0.00104733 0.00104104 0.0010195 0.000982938 0.000931971 0.000867847 0.000792602 0.000709066 0.00062068 0.000531165 0.000444122 0.000362668 0.00028916 0.000225075 0.000171017 0.000126837 9.18169e-05 6.48684e-05 4.47231e-05 3.00854e-05 1.97436e-05 1.2637e-05 7.88664e-06 4.79772e-06 2.84394e-06 1.64204e-06 9.23116e-07 5.05094e-07 2.6889e-07 1.39228e-07 7.0099e-08 3.43121e-08 1.63259e-08 7.55062e-09 3.39445e-09 1.48347e-09 6.30346e-10 2.60472e-10 1.04697e-10 4.09483e-11 1.55885e-11 5.77832e-12 2.08637e-12 7.34081e-13 2.51791e-13 8.42284e-14 2.74906e-14 8.75863e-15 2.72824e-15 8.44011e-16 
7.6929e-16 7.28294e-16 1.98928e-15 6.71295e-15 2.2561e-14 7.3952e-14 2.35922e-13 7.32085e-13 2.20866e-12 6.4756e-12 1.84429e-11 5.10036e-11 1.36907e-10 3.56571e-10 9.00797e-10 2.20673e-09 5.24109e-09 1.20664e-08 2.69269e-08 5.82442e-08 1.22129e-07 2.48297e-07 4.89591e-07 9.36629e-07 1.73928e-06 3.13663e-06 5.49647e-06 9.36438e-06 1.552e-05 2.50354e-05 3.93259e-05 6.01805e-05 8.9754e-05 0.000130502 0.000185042 0.000255925 0.000345331 0.000454685 0.000584261 0.000732825 0.000897404 0.00107327 0.00125421 0.00143305 0.00160242 0.00175553 0.00188678 0.00199218 0.00206925 0.00211676 0.00213419 0.00212139 0.00207839 0.00200559 0.00190409 0.00177627 0.001626 0.00145876 0.00128127 0.00110085 0.000924647 0.000758935 0.000608548 0.000476618 0.000364569 0.000272318 0.000198615 0.000141427 9.8303e-05 6.66846e-05 4.41372e-05 2.84956e-05 1.79389e-05 1.10077e-05 6.58108e-06 3.83185e-06 2.1719e-06 1.19785e-06 6.42588e-07 3.35182e-07 1.69953e-07 8.37509e-08 4.01066e-08 1.86633e-08 8.43969e-09 3.70918e-09 1.58459e-09 6.5818e-10 2.65879e-10 1.04489e-10 3.99631e-11 1.48803e-11 5.39636e-12 1.9068e-12 6.56755e-13 2.20589e-13 7.22822e-14 2.31192e-14 7.22949e-15 2.2467e-15 
2.01656e-15 1.94695e-15 5.33139e-15 1.7914e-14 5.99092e-14 1.95384e-13 6.20106e-13 1.91413e-12 5.74381e-12 1.67479e-11 4.74309e-11 1.30413e-10 3.47987e-10 9.00797e-10 2.26135e-09 5.50372e-09 1.29836e-08 2.96828e-08 6.57582e-08 1.41164e-07 2.93671e-07 5.92167e-07 1.1577e-06 2.19522e-06 4.03919e-06 7.21574e-06 1.25226e-05 2.11252e-05 3.46637e-05 5.53576e-05 8.60902e-05 0.000130445 0.000192664 0.00027749 0.000389867 0.000534489 0.0007152 0.000934282 0.00119174 0.00148467 0.00180691 0.00214908 0.00249911 0.00284335 0.00316791 0.00346016 0.00370985 0.00390974 0.00405548 0.00414496 0.00417737 0.00415248 0.00407032 0.00393149 0.00373792 0.00349382 0.00320627 0.00288537 0.00254363 0.00219482 0.00185256 0.00152892 0.00123342 0.000972424 0.000749122 0.000563812 0.000414506 0.00029762 0.000208656 0.000142798 9.53677e-05 6.21313e-05 3.94704e-05 2.44392e-05 1.47418e-05 8.65845e-06 4.94932e-06 2.75211e-06 1.48805e-06 7.82074e-07 3.99427e-07 1.982e-07 9.55431e-08 4.4742e-08 2.03553e-08 8.99796e-09 3.86544e-09 1.61418e-09 6.55438e-10 2.58873e-10 9.94889e-11 3.72191e-11 1.35593e-11 4.81255e-12 1.6648e-12 5.61545e-13 1.84772e-13 5.93403e-14 1.86317e-14 5.81774e-15 
5.14332e-15 5.06202e-15 1.38892e-14 4.64576e-14 1.5457e-13 5.01454e-13 1.58298e-12 4.85955e-12 1.45008e-11 4.20402e-11 1.18364e-10 3.23498e-10 8.57901e-10 2.20673e-09 5.50372e-09 1.33052e-08 3.11701e-08 7.07486e-08 1.55565e-07 3.31366e-07 6.83807e-07 1.36729e-06 2.64978e-06 4.97902e-06 9.07551e-06 1.6056e-05 2.75875e-05 4.60672e-05 7.48123e-05 0.000118236 0.000181971 0.00027289 0.000398973 0.000568951 0.000791707 0.0010754 0.00142638 0.0018479 0.0023389 0.00289302 0.00349804 0.00413612 0.00478493 0.00541957 0.00601511 0.00654914 0.00700377 0.00736657 0.00763028 0.00779155 0.00784924 0.00780303 0.00765289 0.00739966 0.00704645 0.00660034 0.00607359 0.00548396 0.00485366 0.00420744 0.00357004 0.00296375 0.00240649 0.0019107 0.00148312 0.00112525 0.000834282 0.000604314 0.000427536 0.000295324 0.0001991 0.000130948 8.39798e-05 5.24886e-05 3.19544e-05 1.89378e-05 1.09201e-05 6.12359e-06 3.33792e-06 1.76799e-06 9.09695e-07 4.54618e-07 2.20644e-07 1.04e-07 4.76102e-08 2.11721e-08 9.14782e-09 3.84132e-09 1.56816e-09 6.22588e-10 2.4048e-10 9.04064e-11 3.30937e-11 1.18006e-11 4.10078e-12 1.38938e-12 4.59162e-13 1.48093e-13 4.66969e-14 1.46539e-14 
1.27637e-14 1.27994e-14 3.51702e-14 1.17079e-13 3.87454e-13 1.25009e-12 3.92421e-12 1.19782e-11 3.55346e-11 1.02408e-10 2.86576e-10 7.78355e-10 2.05099e-09 5.24109e-09 1.29836e-08 3.11701e-08 7.24992e-08 1.63338e-07 3.56402e-07 7.53127e-07 1.54131e-06 3.05542e-06 5.86847e-06 1.09248e-05 1.97218e-05 3.45444e-05 5.87481e-05 9.70751e-05 0.000155971 0.000243855 0.000371263 0.000550799 0.000796775 0.00112448 0.00154904 0.00208379 0.00273839 0.00351673 0.00441491 0.00541974 0.00650815 0.00764776 0.00879903 0.0099187 0.0109641 0.0118974 0.0126889 0.0133185 0.0137746 0.0140525 0.0141507 0.0140689 0.0138068 0.0133655 0.0127494 0.0119699 0.0110471 0.0100106 0.008898 0.00775166 0.00661453 0.00552589 0.00451805 0.00361428 0.00282813 0.00216408 0.0016189 0.00118359 0.000845405 0.000589696 0.000401504 0.0002667 0.000172735 0.000109019 6.70056e-05 4.00816e-05 2.33211e-05 1.31914e-05 7.25063e-06 3.87117e-06 2.00712e-06 1.0104e-06 4.9383e-07 2.3433e-07 1.07967e-07 4.83106e-08 2.09985e-08 8.86864e-09 3.64076e-09 1.4533e-09 5.64315e-10 2.1324e-10 7.8449e-11 2.81103e-11 9.81519e-12 3.34102e-12 1.10919e-12 3.59349e-13 1.13818e-13 3.59036e-14 
3.08185e-14 3.14728e-14 8.65613e-14 2.86712e-13 9.43552e-13 3.02696e-12 9.44675e-12 2.86638e-11 8.45185e-11 2.42066e-10 6.73099e-10 1.81632e-09 4.75429e-09 1.20664e-08 2.96828e-08 7.07486e-08 1.63338e-07 3.65184e-07 7.90537e-07 1.65685e-06 3.36207e-06 6.60613e-06 1.25722e-05 2.31821e-05 4.14371e-05 7.18413e-05 0.000120895 0.000197617 0.000314029 0.000485518 0.000730938 0.00107234 0.00153414 0.00214175 0.0029194 0.00388745 0.00505922 0.00643771 0.00801261 0.00975822 0.0116329 0.0135807 0.0155348 0.0174235 0.0191775 0.0207361 0.0220526 0.0230961 0.0238497 0.0243071 0.0244669 0.0243288 0.0238922 0.0231578 0.0221318 0.0208309 0.0192862 0.0175445 0.0156665 0.0137209 0.011779 0.00990678 0.00815993 0.00657998 0.0051929 0.00400961 0.00302795 0.00223554 0.0016129 0.00113662 0.000781915 0.000524781 0.000343389 0.00021892 0.000135887 8.20674e-05 4.8194e-05 2.75045e-05 1.52476e-05 8.20776e-06 4.28907e-06 2.17545e-06 1.07093e-06 5.11703e-07 2.37342e-07 1.06885e-07 4.67474e-08 1.98625e-08 8.20164e-09 3.29249e-09 1.28553e-09 4.88386e-10 1.80616e-10 6.50514e-11 2.28276e-11 7.80841e-12 2.60474e-12 8.47831e-13 2.69794e-13 8.55697e-14 
7.24057e-14 7.52601e-14 2.07077e-13 6.82289e-13 2.2324e-12 7.11923e-12 2.20837e-11 6.65932e-11 1.95117e-10 5.55215e-10 1.53366e-09 4.11055e-09 1.06851e-08 2.69269e-08 6.57582e-08 1.55565e-07 3.56402e-07 7.90537e-07 1.69738e-06 3.52752e-06 7.0956e-06 1.38161e-05 2.6047e-05 4.75615e-05 8.41568e-05 0.000144384 0.000240355 0.000388545 0.000610457 0.000933005 0.0013884 0.00201336 0.00284746 0.00393048 0.00529884 0.00698115 0.00899331 0.0113337 0.0139792 0.0168826 0.0199723 0.0231558 0.026326 0.02937 0.0321806 0.0346656 0.0367557 0.0384061 0.0395943 0.0403127 0.0405609 0.040339 0.0396457 0.0384803 0.0368501 0.0347781 0.0323096 0.0295147 0.0264854 0.0233288 0.0201565 0.0170746 0.0141746 0.0115273 0.00917988 0.00715596 0.00545803 0.00407133 0.00296852 0.00211442 0.00147031 0.000997449 0.000659645 0.00042495 0.000266467 0.000162523 9.63536e-05 5.54947e-05 3.10357e-05 1.68478e-05 8.87538e-06 4.53668e-06 2.25e-06 1.08281e-06 5.05717e-07 2.29271e-07 1.00925e-07 4.31517e-08 1.79271e-08 7.23948e-09 2.84297e-09 1.08617e-09 4.03901e-10 1.46252e-10 5.15916e-11 1.77379e-11 5.94667e-12 1.94511e-12 6.21992e-13 1.98395e-13 
1.65534e-13 1.75023e-13 4.81526e-13 1.57788e-12 5.13179e-12 1.6265e-11 5.01367e-11 1.50214e-10 4.3723e-10 1.23579e-09 3.39012e-09 9.02232e-09 2.32841e-08 5.82442e-08 1.41164e-07 3.31366e-07 7.53127e-07 1.65685e-06 3.52752e-06 7.26725e-06 1.44869e-05 2.7946e-05 5.21788e-05 9.43284e-05 0.000165184 0.000280372 0.000461588 0.000737718 0.00114561 0.00173026 0.00254411 0.00364523 0.00509419 0.0069495 0.00926186 0.0120674 0.0153808 0.0191884 0.0234436 0.0280642 0.0329336 0.0379065 0.0428192 0.0475031 0.051801 0.0555809 0.0587455 0.0612348 0.0630208 0.0640968 0.0644647 0.0641258 0.0630769 0.0613146 0.0588457 0.0556989 0.051936 0.0476556 0.0429903 0.0380971 0.0331431 0.02829 0.0236812 0.0194317 0.0156229 0.0123013 0.00948111 0.00714895 0.00527024 0.00379599 0.00266933 0.00183111 0.00122434 0.000797252 0.000505177 0.000311253 0.00018634 0.000108335 6.1136e-05 3.34764e-05 1.77827e-05 9.16267e-06 4.57945e-06 2.22028e-06 1.04444e-06 4.76812e-07 2.11313e-07 9.09434e-08 3.80234e-08 1.54505e-08 6.10426e-09 2.34594e-09 8.77388e-10 3.19489e-10 1.13321e-10 3.91699e-11 1.32004e-11 4.33982e-12 1.39481e-12 4.4752e-13 
3.68293e-13 3.95865e-13 1.08849e-12 3.54651e-12 1.14632e-11 3.61013e-11 1.10557e-10 3.29031e-10 9.5117e-10 2.6696e-09 7.271e-09 1.92089e-08 4.9201e-08 1.22129e-07 2.93671e-07 6.83807e-07 1.54131e-06 3.36207e-06 7.0956e-06 1.44869e-05 2.86116e-05 5.46663e-05 0.000101061 0.000180831 0.000313316 0.000525988 0.00085619 0.0013525 0.00207533 0.00309648 0.00449712 0.00636416 0.00878471 0.0118388 0.0155908 0.0200797 0.0253101 0.0312438 0.0377951 0.0448288 0.0521641 0.0595842 0.0668518 0.0737286 0.0799969 0.0854781 0.0900448 0.0936224 0.0961801 0.0977155 0.0982357 0.0977437 0.0962335 0.0936964 0.0901348 0.0855813 0.0801133 0.0738612 0.0670051 0.0597627 0.0523706 0.0450634 0.0380546 0.0315221 0.0255989 0.0203698 0.0158726 0.0121039 0.00902604 0.00657695 0.00467881 0.00324669 0.00219553 0.00144556 0.000925868 0.000576411 0.00034856 0.000204611 0.000116542 6.43873e-05 3.44974e-05 1.79228e-05 9.02952e-06 4.41178e-06 2.09093e-06 9.61505e-07 4.29132e-07 1.85957e-07 7.82686e-08 3.2011e-08 1.27274e-08 4.92154e-09 1.85176e-09 6.78256e-10 2.41951e-10 8.40981e-11 2.84954e-11 9.41796e-12 3.04286e-12 9.82244e-13 
7.97507e-13 8.70876e-13 2.39217e-12 7.74833e-12 2.48852e-11 7.78586e-11 2.36834e-10 6.99981e-10 2.0092e-09 5.5982e-09 1.51341e-08 3.96773e-08 1.00835e-07 2.48297e-07 5.92167e-07 1.36729e-06 3.05542e-06 6.60613e-06 1.38161e-05 2.7946e-05 5.46663e-05 0.000103419 0.000189249 0.00033508 0.000574292 0.000953331 0.00153392 0.00239433 0.00362929 0.00534787 0.00766916 0.0107157 0.0146042 0.0194351 0.0252801 0.0321701 0.0400839 0.04894 0.058592 0.0688299 0.079388 0.0899595 0.100219 0.109848 0.118562 0.126135 0.132412 0.137308 0.140796 0.142882 0.143583 0.142905 0.140837 0.137361 0.132471 0.126197 0.118627 0.109923 0.100313 0.0900822 0.0795476 0.0690313 0.0588353 0.0492209 0.0403942 0.0324987 0.0256147 0.0197631 0.0149143 0.0109986 0.00791858 0.00556025 0.00380403 0.00253319 0.00164046 0.00103223 0.000630648 0.000373887 0.000215002 0.000119882 6.48026e-05 3.39574e-05 1.72503e-05 8.49643e-06 4.05833e-06 1.8804e-06 8.45448e-07 3.68995e-07 1.56396e-07 6.44e-08 2.57749e-08 1.00312e-08 3.79805e-09 1.39964e-09 5.02259e-10 1.75588e-10 5.98303e-11 1.98828e-11 6.45889e-12 2.09804e-12 
1.68094e-12 1.86361e-12 5.11175e-12 1.64571e-11 5.25107e-11 1.63188e-10 4.92964e-10 1.44664e-09 4.12207e-09 1.13991e-08 3.05787e-08 7.95352e-08 2.00491e-07 4.89591e-07 1.1577e-06 2.64978e-06 5.86847e-06 1.25722e-05 2.6047e-05 5.21788e-05 0.000101061 0.000189249 0.000342696 0.000600239 0.00101734 0.00166949 0.00265458 0.00409344 0.00612774 0.00891494 0.01262 0.0174044 0.0234121 0.0307553 0.0394982 0.0496435 0.0611207 0.0737788 0.0873853 0.101632 0.116149 0.130527 0.144342 0.157195 0.168738 0.178703 0.186917 0.193294 0.19782 0.200518 0.201418 0.200531 0.19784 0.193313 0.186925 0.178697 0.168719 0.157172 0.14433 0.130542 0.116207 0.101744 0.0875581 0.0740121 0.0614085 0.049975 0.0398589 0.031129 0.0237826 0.0177569 0.0129426 0.00919918 0.00636906 0.00429089 0.00281026 0.00178772 0.0011038 0.000661101 0.000383918 0.000216109 0.000117897 6.23317e-05 3.19386e-05 1.58632e-05 7.63897e-06 3.56756e-06 1.6164e-06 7.10777e-07 3.03459e-07 1.25845e-07 5.07155e-08 1.98705e-08 7.57255e-09 2.80832e-09 1.01397e-09 3.56598e-10 1.22213e-10 4.08429e-11 1.33418e-11 4.36171e-12 
3.44891e-12 3.87946e-12 1.0622e-11 3.39861e-11 1.07722e-10 3.32474e-10 9.97249e-10 2.90519e-09 8.21595e-09 2.25447e-08 5.99968e-08 1.54777e-07 3.86887e-07 9.36629e-07 2.19522e-06 4.97902e-06 1.09248e-05 2.31821e-05 4.75615e-05 9.43284e-05 0.000180831 0.00033508 0.000600239 0.00103971 0.00174216 0.00282552 0.00443873 0.00676012 0.00999164 0.0143486 0.0200454 0.0272785 0.0362075 0.0469363 0.0594957 0.0738298 0.0897864 0.107114 0.125469 0.144423 0.163491 0.182155 0.199899 0.216252 0.230817 0.243302 0.253531 0.261434 0.267021 0.270341 0.271442 0.270341 0.267014 0.261408 0.253474 0.243207 0.230687 0.216098 0.19974 0.182014 0.163392 0.144386 0.125508 0.107237 0.0899918 0.0741101 0.059837 0.0473202 0.0366136 0.0276862 0.020436 0.0147071 0.0103074 0.00702718 0.00465579 0.00299506 0.00186939 0.00113142 0.00066374 0.00037731 0.000207808 0.000110887 5.73302e-05 2.87241e-05 1.395e-05 6.56888e-06 3.00022e-06 1.32961e-06 5.71984e-07 2.38957e-07 9.69907e-08 3.8266e-08 1.46815e-08 5.48037e-09 1.99129e-09 7.04612e-10 2.42921e-10 8.16511e-11 2.68244e-11 8.82694e-12 
6.88899e-12 7.85661e-12 2.14658e-11 6.82514e-11 2.14873e-10 6.58573e-10 1.96117e-09 5.67085e-09 1.59143e-08 4.33234e-08 1.14353e-07 2.92524e-07 7.2488e-07 1.73928e-06 4.03919e-06 9.07551e-06 1.97218e-05 4.14371e-05 8.41568e-05 0.000165184 0.000313316 0.000574292 0.00101734 0.00174216 0.00288517 0.00462334 0.00717387 0.0107883 0.0157401 0.0223069 0.0307477 0.0412788 0.0540499 0.0691232 0.0864573 0.105897 0.127171 0.149897 0.173594 0.197708 0.221636 0.244762 0.2665 0.28633 0.303835 0.318727 0.330849 0.340166 0.346724 0.350609 0.351892 0.350596 0.34669 0.340094 0.330725 0.318541 0.303587 0.286032 0.266174 0.244436 0.22134 0.197472 0.173442 0.149844 0.127226 0.106059 0.0867171 0.0694633 0.0544479 0.0417097 0.0311863 0.0227304 0.0161298 0.0111309 0.00746226 0.00485577 0.00306464 0.00187494 0.00111149 0.00063829 0.000355033 0.000191273 9.98184e-05 5.0468e-05 2.47273e-05 1.17442e-05 5.40888e-06 2.41656e-06 1.04779e-06 4.41085e-07 1.80361e-07 7.16693e-08 2.76886e-08 1.04052e-08 3.80528e-09 1.35493e-09 4.69958e-10 1.58889e-10 5.2501e-11 1.73911e-11 
1.33965e-11 1.54796e-11 4.21918e-11 1.33302e-10 4.16825e-10 1.26857e-09 3.7502e-09 1.07623e-08 2.9967e-08 8.09212e-08 2.11814e-07 5.37174e-07 1.31931e-06 3.13663e-06 7.21574e-06 1.6056e-05 3.45444e-05 7.18413e-05 0.000144384 0.000280372 0.000525988 0.000953331 0.00166949 0.00282552 0.00462334 0.00731798 0.0112128 0.0166463 0.0239693 0.0335169 0.045575 0.0603491 0.0779379 0.0983134 0.121311 0.146632 0.173846 0.202414 0.231712 0.261059 0.289754 0.317115 0.342521 0.365444 0.385487 0.402396 0.416065 0.426512 0.433835 0.438158 0.439581 0.438136 0.43378 0.426406 0.415889 0.402135 0.385138 0.365018 0.342037 0.316605 0.289251 0.260599 0.231329 0.202135 0.17369 0.146608 0.12142 0.0985418 0.078267 0.0607529 0.0460237 0.0339806 0.0244204 0.017062 0.0115772 0.00762236 0.00486597 0.00301024 0.00180389 0.00104686 0.000588278 0.000320105 0.000168678 8.60914e-05 4.25697e-05 2.03993e-05 9.4766e-06 4.26955e-06 1.8663e-06 7.91851e-07 3.26259e-07 1.30599e-07 5.08141e-08 1.92265e-08 7.07781e-09 2.53623e-09 8.8509e-10 3.01016e-10 1.00044e-10 3.33621e-11 
2.53628e-11 2.96726e-11 8.06631e-11 2.53232e-10 7.8646e-10 2.37665e-09 6.97456e-09 1.98635e-08 5.48734e-08 1.46967e-07 3.81438e-07 9.58882e-07 2.33372e-06 5.49647e-06 1.25226e-05 2.75875e-05 5.87481e-05 0.000120895 0.000240355 0.000461588 0.00085619 0.00153392 0.00265458 0.00443873 0.00717387 0.0112128 0.0169612 0.024852 0.0353103 0.0487094 0.0653282 0.0853138 0.108656 0.135176 0.164531 0.19623 0.229657 0.264104 0.298811 0.332997 0.365903 0.396828 0.425166 0.450436 0.472302 0.490585 0.505256 0.5164 0.524176 0.528753 0.530257 0.528729 0.524115 0.516282 0.505057 0.490287 0.471896 0.449927 0.42457 0.396172 0.365222 0.33233 0.298196 0.263579 0.229251 0.195966 0.164422 0.135221 0.108845 0.0856248 0.065732 0.0491715 0.035795 0.0253263 0.0173978 0.0115931 0.00748813 0.00468566 0.00283938 0.0016658 0.000946058 0.000520126 0.000276845 0.000142684 7.12253e-05 3.44462e-05 1.61454e-05 7.33704e-06 3.23399e-06 1.38323e-06 5.74354e-07 2.31635e-07 9.07762e-08 3.45856e-08 1.2817e-08 4.6223e-09 1.62305e-09 5.55278e-10 1.85629e-10 6.23186e-11 
4.67483e-11 5.53367e-11 1.50004e-10 4.67939e-10 1.44344e-09 4.33135e-09 1.26179e-08 3.56625e-08 9.77397e-08 2.59626e-07 6.68082e-07 1.6646e-06 4.01412e-06 9.36438e-06 2.11252e-05 4.60672e-05 9.70751e-05 0.000197617 0.000388545 0.000737718 0.0013525 0.00239433 0.00409344 0.00676012 0.0107883 0.0166463 0.024852 0.0359318 0.0503663 0.0685321 0.0906486 0.11674 0.146617 0.179885 0.215968 0.254147 0.293609 0.333489 0.372919 0.411069 0.447179 0.480592 0.51078 0.537358 0.560101 0.578935 0.593926 0.60524 0.613097 0.617706 0.61922 0.617688 0.613047 0.605137 0.593743 0.57865 0.559699 0.536836 0.510145 0.479865 0.446388 0.410251 0.372113 0.332736 0.29295 0.253617 0.215594 0.179685 0.146594 0.116885 0.0909396 0.0689355 0.0508416 0.0364364 0.0253464 0.0170988 0.011178 0.00707739 0.00433828 0.00257389 0.00147787 0.00082121 0.000441653 0.000229927 0.0001159 5.6584e-05 2.67648e-05 1.22705e-05 5.45468e-06 2.3522e-06 9.84411e-07 4.00021e-07 1.57908e-07 6.05835e-08 2.26021e-08 8.20365e-09 2.89837e-09 9.97482e-10 3.35403e-10 1.13355e-10 
8.38835e-11 1.00396e-10 2.71338e-10 8.41132e-10 2.57725e-09 7.67961e-09 2.22094e-08 6.22963e-08 1.69389e-07 4.46253e-07 1.13851e-06 2.8115e-06 6.71719e-06 1.552e-05 3.46637e-05 7.48123e-05 0.000155971 0.000314029 0.000610457 0.00114561 0.00207533 0.00362929 0.00612774 0.00999164 0.0157401 0.0239693 0.0353103 0.0503663 0.069639 0.0934541 0.121903 0.15481 0.191734 0.232002 0.274763 0.319059 0.363888 0.408267 0.451279 0.492107 0.530065 0.564609 0.595346 0.622041 0.644609 0.663104 0.677697 0.688634 0.696189 0.700609 0.702061 0.700603 0.696166 0.688571 0.677567 0.662882 0.644273 0.621581 0.594761 0.563905 0.529262 0.491229 0.450361 0.40735 0.363016 0.318276 0.274112 0.231517 0.191442 0.15472 0.122009 0.0937321 0.0700489 0.0508595 0.0358356 0.0244809 0.0162026 0.0103835 0.00644051 0.0038655 0.0022446 0.001261 0.000685426 0.000360535 0.000183559 9.0483e-05 4.31987e-05 1.99826e-05 8.95967e-06 3.89566e-06 1.64332e-06 6.72862e-07 2.6755e-07 1.03367e-07 3.88215e-08 1.41809e-08 5.04087e-09 1.74505e-09 5.90164e-10 2.0078e-10 
1.4652e-10 1.7719e-10 4.77408e-10 1.47078e-09 4.47678e-09 1.3248e-08 3.80383e-08 1.05897e-07 2.85692e-07 7.46517e-07 1.88837e-06 4.62192e-06 1.09406e-05 2.50354e-05 5.53576e-05 0.000118236 0.000243855 0.000485518 0.000933005 0.00173026 0.00309648 0.00534787 0.00891494 0.0143486 0.0223069 0.0335169 0.0487094 0.0685321 0.0934541 0.12368 0.159093 0.199238 0.243355 0.290448 0.339375 0.38895 0.438027 0.485566 0.530676 0.572637 0.610908 0.645119 0.675067 0.700695 0.722079 0.739409 0.752953 0.763027 0.769947 0.773982 0.775312 0.773995 0.76996 0.763021 0.752902 0.739287 0.721863 0.700364 0.674611 0.644533 0.610194 0.571808 0.529753 0.48458 0.437019 0.387967 0.33847 0.289675 0.242763 0.198862 0.158951 0.123765 0.0937357 0.0689618 0.0492278 0.034064 0.0228314 0.0148136 0.00930034 0.00564832 0.00331784 0.00188491 0.00103574 0.000550549 0.000283153 0.000140945 6.7925e-05 3.17046e-05 1.43388e-05 6.28626e-06 2.67282e-06 1.10271e-06 4.41653e-07 1.71814e-07 6.49562e-08 2.38778e-08 8.53924e-09 2.97328e-09 1.01127e-09 3.46299e-10 
2.49107e-10 3.04185e-10 8.16989e-10 2.50169e-09 7.56541e-09 2.22371e-08 6.33983e-08 1.75198e-07 4.6902e-07 1.2157e-06 3.04936e-06 7.39803e-06 1.73516e-05 3.93259e-05 8.60902e-05 0.000181971 0.000371263 0.000730938 0.0013884 0.00254411 0.00449712 0.00766916 0.01262 0.0200454 0.0307477 0.045575 0.0653282 0.0906486 0.121903 0.159093 0.201811 0.249252 0.300288 0.35358 0.407715 0.461324 0.513187 0.562291 0.607855 0.649336 0.686402 0.718908 0.746866 0.770412 0.789785 0.805293 0.817289 0.826139 0.832181 0.835694 0.836855 0.835724 0.832234 0.826196 0.817328 0.80529 0.789715 0.770253 0.746596 0.718512 0.685868 0.648659 0.607039 0.561349 0.512148 0.46023 0.406621 0.352554 0.299399 0.248565 0.201374 0.158926 0.121994 0.0909576 0.0657931 0.0461246 0.0313147 0.0205757 0.0130783 0.00803896 0.00477775 0.00274532 0.00152519 0.000819361 0.000425729 0.000214003 0.000104107 4.90325e-05 2.23672e-05 9.88697e-06 4.23693e-06 1.76114e-06 7.10427e-07 2.78265e-07 1.05887e-07 3.91664e-08 1.409e-08 4.93394e-09 1.6875e-09 5.81577e-10 
4.12178e-10 5.07887e-10 1.35974e-09 4.13901e-09 1.2438e-08 3.63186e-08 1.02833e-07 2.82129e-07 7.49593e-07 1.92763e-06 4.79523e-06 1.15332e-05 2.68061e-05 6.01805e-05 0.000130445 0.00027289 0.000550799 0.00107234 0.00201336 0.00364523 0.00636416 0.0107157 0.0174044 0.0272785 0.0412788 0.0603491 0.0853138 0.11674 0.15481 0.199238 0.249252 0.303645 0.360902 0.419362 0.477388 0.533507 0.586514 0.635516 0.679927 0.719443 0.753991 0.783673 0.808721 0.829458 0.846259 0.859531 0.869683 0.877106 0.882141 0.885057 0.886026 0.885103 0.882226 0.877217 0.869804 0.859641 0.846337 0.829479 0.808661 0.783507 0.753694 0.718995 0.67931 0.634723 0.585555 0.532407 0.476197 0.418152 0.359758 0.302658 0.248502 0.198779 0.154658 0.116872 0.0856744 0.060861 0.0418606 0.0278586 0.0179301 0.0111563 0.00670933 0.00389958 0.00219051 0.00118935 0.000624307 0.000316905 0.000155614 7.3948e-05 3.40214e-05 1.5161e-05 6.54748e-06 2.74168e-06 1.11375e-06 4.39163e-07 1.6818e-07 6.2586e-08 2.26458e-08 7.9739e-09 2.74204e-09 9.50938e-10 
6.63629e-10 8.24638e-10 2.20071e-09 6.66048e-09 1.9893e-08 5.77164e-08 1.62328e-07 4.42243e-07 1.1664e-06 2.97645e-06 7.34472e-06 1.75162e-05 4.03524e-05 8.9754e-05 0.000192664 0.000398973 0.000796775 0.00153414 0.00284746 0.00509419 0.00878471 0.0146042 0.0234121 0.0362075 0.0540499 0.0779379 0.108656 0.146617 0.191734 0.243355 0.300288 0.360902 0.423315 0.485597 0.54597 0.602957 0.655468 0.702816 0.744678 0.781036 0.812091 0.83819 0.859769 0.877303 0.891276 0.902154 0.910374 0.916325 0.920333 0.922646 0.923419 0.922702 0.92044 0.916475 0.910556 0.902353 0.891476 0.877484 0.859905 0.838253 0.812049 0.780854 0.744321 0.702254 0.654687 0.60196 0.544789 0.484297 0.421989 0.35966 0.29924 0.242591 0.191304 0.146526 0.108862 0.0783674 0.0546122 0.0368151 0.0239939 0.0151128 0.00919692 0.00540686 0.00307078 0.00168499 0.000893463 0.000457934 0.000226947 0.000108797 5.04743e-05 2.26726e-05 9.86574e-06 4.16096e-06 1.70189e-06 6.75452e-07 2.60272e-07 9.74285e-08 3.54512e-08 1.255e-08 4.33836e-09 1.51369e-09 
1.03951e-09 1.30183e-09 3.46323e-09 1.04236e-08 3.09492e-08 8.9242e-08 2.49377e-07 6.74813e-07 1.76719e-06 4.47609e-06 1.09591e-05 2.59224e-05 5.92053e-05 0.000130502 0.00027749 0.000568951 0.00112448 0.00214175 0.00393048 0.0069495 0.0118388 0.0194351 0.0307553 0.0469363 0.0691232 0.0983134 0.135176 0.179885 0.232002 0.290448 0.35358 0.419362 0.485597 0.550174 0.611282 0.667545 0.718085 0.762491 0.800749 0.833137 0.860123 0.882274 0.900189 0.914454 0.925617 0.934171 0.940549 0.945117 0.94817 0.949924 0.950514 0.949983 0.948285 0.945285 0.940764 0.934426 0.9259 0.914752 0.900481 0.882534 0.860315 0.833218 0.800671 0.762205 0.71755 0.666739 0.610212 0.548889 0.484182 0.417938 0.352279 0.289393 0.231281 0.179538 0.135185 0.0986159 0.0696275 0.0475429 0.0313757 0.0200037 0.0123171 0.00732361 0.00420481 0.00233137 0.00124854 0.000646013 0.000323056 0.000156203 7.30603e-05 3.30726e-05 1.44973e-05 6.15708e-06 2.53505e-06 1.01246e-06 3.92468e-07 1.4775e-07 5.40527e-08 1.9234e-08 6.68267e-09 2.3453e-09 
1.58383e-09 1.99784e-09 5.29835e-09 1.58624e-08 4.68331e-08 1.34248e-07 3.72826e-07 1.00233e-06 2.60706e-06 6.55625e-06 1.59318e-05 3.73877e-05 8.46847e-05 0.000185042 0.000389867 0.000791707 0.00154904 0.0029194 0.00529884 0.00926186 0.0155908 0.0252801 0.0394982 0.0594957 0.0864573 0.121311 0.164531 0.215968 0.274763 0.339375 0.407715 0.477388 0.54597 0.611282 0.671592 0.725734 0.773114 0.813647 0.847639 0.875652 0.898387 0.916581 0.930949 0.942142 0.950728 0.957195 0.961946 0.965308 0.967536 0.96881 0.969241 0.968866 0.967647 0.965475 0.962167 0.95747 0.951052 0.942507 0.931344 0.916983 0.898763 0.87596 0.847822 0.813643 0.77286 0.725181 0.67072 0.61011 0.544568 0.475872 0.406229 0.338069 0.273762 0.215348 0.16431 0.121446 0.0868638 0.0600687 0.0401346 0.025896 0.0161304 0.00969795 0.00562751 0.00315203 0.00170445 0.000890058 0.000449006 0.000218911 0.000103199 4.70657e-05 2.07775e-05 8.88369e-06 3.68101e-06 1.47903e-06 5.76619e-07 2.1826e-07 8.02619e-08 2.87015e-08 1.00204e-08 3.53644e-09 
