1.15422e-05 1.19089e-05 1.33769e-05 1.6044e-05 2.00755e-05 2.57112e-05 3.32714e-05 4.31632e-05 5.58876e-05 7.20471e-05 9.2353e-05 0.000117632 0.000148829 0.000187013 0.000233372 0.000289212 0.000355944 0.00043507 0.000528163 0.000636839 0.000762722 0.000907404 0.0010724 0.0012591 0.00146871 0.00170218 0.00196019 0.00224303 0.00255062 0.00288238 0.00323728 0.00361373 0.00400961 0.00442228 0.00484854 0.0052847 0.0057266 0.0061697 0.00660912 0.00703973 0.00745627 0.00785341 0.00822593 0.00856873 0.00887704 0.00914645 0.00937307 0.00955355 0.00968521 0.0097661 0.00979499 0.00977146 0.00969588 0.00956941 0.00939397 0.00917218 0.00890734 0.0086033 0.00826443 0.00789547 0.00750146 0.00708763 0.00665926 0.00622162 0.00577982 0.00533874 0.00490293 0.00447656 0.00406334 0.00366648 0.00328868 0.00293209 0.00259833 0.00228848 0.00200316 0.00174252 0.00150629 0.00129385 0.0011043 0.000936466 0.000789003 0.000660428 0.000549176 0.000453646 0.000372241 0.000303401 0.000245629 0.000197517 0.000157759 0.000125161 9.86462e-05 7.72585e-05 6.01588e-05 4.66219e-05 3.60301e-05 2.78669e-05 2.17096e-05 1.72218e-05 1.4148e-05 1.23104e-05 
1.19089e-05 1.22891e-05 1.38079e-05 1.65666e-05 2.0736e-05 2.65647e-05 3.43842e-05 4.46157e-05 5.77779e-05 7.44942e-05 9.55006e-05 0.000121652 0.000153926 0.000193428 0.000241387 0.00029915 0.000368177 0.000450018 0.000546298 0.000658683 0.000788848 0.000938435 0.001109 0.00130198 0.0015186 0.00175985 0.0020264 0.00231857 0.00263623 0.00297881 0.00334521 0.0037338 0.00414237 0.00456819 0.00500796 0.00545787 0.00591362 0.00637054 0.00682358 0.00726748 0.00769681 0.0081061 0.00848995 0.00884315 0.00916076 0.00943828 0.00967169 0.00985755 0.00999312 0.0100764 0.0101061 0.0100818 0.0100039 0.00987355 0.00969277 0.00946424 0.00919134 0.00887804 0.00852883 0.00814857 0.00774247 0.00731589 0.00687428 0.00642306 0.00596748 0.00551258 0.00506306 0.0046232 0.00419685 0.00378732 0.0033974 0.00302931 0.00268472 0.00236478 0.00207012 0.00180091 0.00155687 0.00133739 0.00114153 0.000968083 0.000815673 0.000682772 0.000567766 0.000469006 0.000384842 0.000313665 0.00025393 0.000204182 0.000163072 0.000129365 0.00010195 7.98362e-05 6.21573e-05 4.81627e-05 3.72138e-05 2.87763e-05 2.24126e-05 1.77752e-05 1.45993e-05 1.27012e-05 
1.33769e-05 1.38079e-05 1.55146e-05 1.86101e-05 2.32849e-05 2.98161e-05 3.85726e-05 5.00233e-05 6.47442e-05 8.34277e-05 0.00010689 0.000136077 0.000172072 0.000216094 0.000269499 0.000333772 0.000410516 0.000501433 0.000608302 0.000732944 0.000877185 0.00104281 0.0012315 0.00144481 0.00168405 0.00195027 0.00224418 0.00256606 0.00291575 0.00329257 0.00369528 0.00412204 0.00457043 0.00503741 0.00551935 0.00601207 0.00651087 0.00701064 0.00750588 0.00799086 0.00845967 0.00890638 0.00932514 0.00971029 0.0100565 0.0103589 0.0106131 0.0108155 0.010963 0.0110536 0.0110857 0.0110591 0.010974 0.0108319 0.0106347 0.0103855 0.0100878 0.00974607 0.00936503 0.00895001 0.00850662 0.0080407 0.00755815 0.00706485 0.00656655 0.00606872 0.00557648 0.00509455 0.00462712 0.00417783 0.00374977 0.00334539 0.00296656 0.00261458 0.00229017 0.00199354 0.00172446 0.00148227 0.00126597 0.00107429 0.00090572 0.000758616 0.000631222 0.000521741 0.000428372 0.000349351 0.000282985 0.000227675 0.000181937 0.00014441 0.000113868 8.92162e-05 6.94963e-05 5.38771e-05 4.16509e-05 3.22246e-05 2.51126e-05 1.99287e-05 1.63786e-05 1.42583e-05 
1.6044e-05 1.65666e-05 1.86101e-05 2.23084e-05 2.78868e-05 3.56721e-05 4.60991e-05 5.97192e-05 7.72095e-05 9.93817e-05 0.000127191 0.000161744 0.000204302 0.000256284 0.000319264 0.00039496 0.000485225 0.000592018 0.000717381 0.000863397 0.00103215 0.00122565 0.00144582 0.00169438 0.00197279 0.00228219 0.00262332 0.00299646 0.00340132 0.00383707 0.00430218 0.00479451 0.0053112 0.00584871 0.00640285 0.0069688 0.00754119 0.00811414 0.0086814 0.00923644 0.00977255 0.010283 0.0107612 0.0112007 0.0115956 0.0119403 0.0122299 0.0124603 0.0126282 0.012731 0.0127674 0.0127368 0.0126396 0.0124772 0.0122522 0.0119678 0.0116281 0.0112379 0.0108027 0.0103284 0.00982153 0.00928852 0.00873614 0.00817104 0.00759976 0.00702855 0.00646326 0.00590928 0.00537145 0.00485398 0.00436043 0.00389369 0.00345596 0.00304878 0.00267307 0.00232913 0.00201676 0.00173526 0.00148355 0.00126021 0.00106357 0.000891745 0.000742763 0.000614572 0.00050511 0.000412357 0.000334364 0.000269286 0.000215406 0.000171148 0.000135085 0.000105945 8.26098e-05 6.41081e-05 4.96116e-05 3.84253e-05 2.99795e-05 2.38203e-05 1.96019e-05 1.70843e-05 
2.00755e-05 2.0736e-05 2.32849e-05 2.78868e-05 3.48182e-05 4.44794e-05 5.74023e-05 7.42605e-05 9.58789e-05 0.000123245 0.000157519 0.000200039 0.00025233 0.000316102 0.000393245 0.000485818 0.000596031 0.000726217 0.000878797 0.00105623 0.00126096 0.00149535 0.00176161 0.00206172 0.00239735 0.00276976 0.00317974 0.0036275 0.00411262 0.00463396 0.00518966 0.00577705 0.00639267 0.00703226 0.0076908 0.00836255 0.00904115 0.00971966 0.0103907 0.0110467 0.0116796 0.0122818 0.0128454 0.0133631 0.0138279 0.0142333 0.0145737 0.0148444 0.0150414 0.0151619 0.0152043 0.0151679 0.0150532 0.014862 0.014597 0.014262 0.0138618 0.013402 0.0128889 0.0123295 0.0117312 0.0111017 0.0104487 0.00978008 0.00910353 0.00842639 0.00775555 0.00709742 0.00645772 0.00584149 0.00525301 0.00469577 0.00417248 0.00368505 0.00323466 0.00282179 0.00244627 0.00210737 0.0018039 0.00153423 0.00129643 0.00108835 0.000907665 0.000751958 0.000618805 0.00050581 0.000410655 0.000331143 0.000265216 0.000210986 0.000166735 0.000130931 0.00010222 7.94273e-05 6.15475e-05 4.77356e-05 3.7298e-05 2.96814e-05 2.44639e-05 2.13526e-05 
2.57112e-05 2.65647e-05 2.98161e-05 3.56721e-05 4.44794e-05 5.6739e-05 7.31156e-05 9.44491e-05 0.000121766 0.000156294 0.000199469 0.000252948 0.000318608 0.000398552 0.000495096 0.000610757 0.000748226 0.000910333 0.0011 0.00132019 0.00157381 0.00186369 0.00219243 0.00256235 0.00297535 0.00343286 0.00393569 0.00448398 0.00507707 0.00571346 0.00639075 0.0071056 0.00785372 0.00862989 0.00942797 0.010241 0.0110613 0.0118805 0.0126898 0.01348 0.0142418 0.0149658 0.0156429 0.0162643 0.0168217 0.0173076 0.0177154 0.0180393 0.0182749 0.0184189 0.0184692 0.0184251 0.0182872 0.0180577 0.0177396 0.0173376 0.0168572 0.016305 0.0156886 0.0150161 0.0142963 0.0135383 0.0127514 0.011945 0.0111281 0.0103097 0.00949792 0.00870057 0.00792458 0.0071761 0.00646035 0.00578167 0.00514343 0.00454806 0.00399711 0.00349129 0.00303053 0.00261407 0.00224055 0.00190812 0.00161452 0.00135719 0.00113339 0.000940224 0.000774775 0.00063415 0.000515544 0.000416279 0.000333849 0.000265939 0.000210443 0.000165474 0.000129363 0.000100657 7.81088e-05 6.06708e-05 4.748e-05 3.78475e-05 3.12476e-05 2.73147e-05 
3.32714e-05 3.43842e-05 3.85726e-05 4.60991e-05 5.74023e-05 7.31156e-05 9.40775e-05 0.000121346 0.000156211 0.000200211 0.000255145 0.000323077 0.000406348 0.000507565 0.000629595 0.000775541 0.00094871 0.00115257 0.00139067 0.00166661 0.00198392 0.00234596 0.00275583 0.00321625 0.00372944 0.00429697 0.0049197 0.00559761 0.00632973 0.00711406 0.00794751 0.00882585 0.00974371 0.0106946 0.011671 0.0126644 0.0136654 0.0146638 0.015649 0.0166099 0.0175353 0.018414 0.0192349 0.0199878 0.0206626 0.0212504 0.0217434 0.0221347 0.0224191 0.0225927 0.0226529 0.022599 0.0224319 0.0221538 0.0217686 0.0212816 0.0206996 0.0200303 0.0192828 0.0184668 0.0175928 0.0166716 0.0157145 0.0147326 0.013737 0.0127384 0.0117467 0.0107715 0.00982112 0.00890324 0.0080243 0.00718969 0.00640366 0.00566935 0.0049888 0.00436303 0.00379212 0.00327528 0.00281099 0.00239712 0.002031 0.00170961 0.00142963 0.00118759 0.000979943 0.000803172 0.00065384 0.000528664 0.000424554 0.000338651 0.000268344 0.000211289 0.000165407 0.000128882 0.000100156 7.79136e-05 6.10719e-05 4.87644e-05 4.03293e-05 3.53064e-05 
4.31632e-05 4.46157e-05 5.00233e-05 5.97192e-05 7.42605e-05 9.44491e-05 0.000121346 0.000156285 0.000200894 0.000257106 0.000327175 0.000413688 0.000519562 0.000648041 0.000802682 0.00098732 0.00120603 0.00146305 0.00176275 0.00210948 0.00250751 0.00296087 0.00347326 0.00404787 0.00468724 0.00539315 0.00616643 0.00700686 0.00791303 0.00888229 0.00991065 0.0109928 0.0121219 0.01329 0.0144877 0.0157047 0.0169294 0.0181494 0.0193519 0.0205235 0.0216506 0.0227198 0.0237179 0.0246323 0.0254514 0.0261644 0.0267619 0.027236 0.0275802 0.0277899 0.0278623 0.0277965 0.0275932 0.0272555 0.0267878 0.0261965 0.0254896 0.0246764 0.0237676 0.0227749 0.0217108 0.0205884 0.0194212 0.0182225 0.0170059 0.015784 0.0145694 0.0133733 0.0122063 0.0110776 0.00999526 0.00896607 0.00799537 0.00708719 0.00624421 0.00546789 0.00475852 0.00411533 0.00353661 0.00301991 0.0025621 0.00215956 0.00180833 0.0015042 0.00124288 0.00102005 0.00083152 0.000673234 0.000541382 0.00043242 0.000343107 0.000270521 0.000212065 0.000165467 0.000128771 0.000100325 7.8764e-05 6.29964e-05 5.21867e-05 4.57537e-05 
5.58876e-05 5.77779e-05 6.47442e-05 7.72095e-05 9.58789e-05 0.000121766 0.000156211 0.000200894 0.000257861 0.000329538 0.000418749 0.00052872 0.000663087 0.000825877 0.00102149 0.00125467 0.0015304 0.0018539 0.00223048 0.00266541 0.00316384 0.0037306 0.00437006 0.00508597 0.00588124 0.00675781 0.00771645 0.00875663 0.00987638 0.0110722 0.012339 0.0136699 0.0150566 0.0164892 0.017956 0.0194444 0.0209403 0.0224287 0.023894 0.02532 0.0266905 0.0279892 0.0292006 0.0303095 0.0313019 0.0321653 0.0328884 0.0334616 0.0338776 0.0341307 0.0342176 0.0341373 0.0338907 0.0334813 0.0329145 0.0321978 0.0313408 0.0303544 0.0292515 0.0280459 0.0267527 0.0253875 0.0239663 0.0225055 0.0210211 0.0195287 0.0180433 0.0165788 0.015148 0.0137623 0.0124316 0.0111645 0.00996766 0.00884619 0.00780366 0.00684208 0.00596205 0.00516286 0.00444264 0.00379857 0.003227 0.00272363 0.00228371 0.00190218 0.00157382 0.0012934 0.00105575 0.000855923 0.000689209 0.000551227 0.000437958 0.000345767 0.000271417 0.000212069 0.000165273 0.000128955 0.000101401 8.12351e-05 6.7406e-05 5.91808e-05 
7.20471e-05 7.44942e-05 8.34277e-05 9.93817e-05 0.000123245 0.000156294 0.000200211 0.000257106 0.000329538 0.00042054 0.000533629 0.000672818 0.000842613 0.00104799 0.00129438 0.00158759 0.00193375 0.00233919 0.00281035 0.00335361 0.00397512 0.00468065 0.00547535 0.00636354 0.00734854 0.00843242 0.00961582 0.0108978 0.0122756 0.0137447 0.0152985 0.0169285 0.0186244 0.0203737 0.0221624 0.0239749 0.0257942 0.0276022 0.02938 0.0311082 0.0327673 0.0343381 0.0358019 0.0371407 0.0383381 0.039379 0.0402501 0.0409404 0.0414408 0.041745 0.041849 0.0417515 0.0414538 0.0409597 0.0402759 0.0394112 0.0383767 0.0371856 0.035853 0.0343953 0.0328305 0.031177 0.0294543 0.0276816 0.0258784 0.0240634 0.0222546 0.020469 0.0187222 0.0170281 0.0153991 0.0138456 0.012376 0.0109969 0.00971293 0.00852681 0.00743958 0.00645065 0.00555804 0.00475851 0.00404784 0.00342096 0.00287223 0.00239557 0.00198469 0.00163323 0.00133492 0.00108369 0.000873764 0.000699758 0.000556703 0.0004401 0.000345929 0.000270658 0.000211231 0.000165057 0.00012999 0.000104308 8.66906e-05 7.62174e-05 
9.2353e-05 9.55006e-05 0.00010689 0.000127191 0.000157519 0.000199469 0.000255145 0.000327175 0.000418749 0.000533629 0.000676176 0.000851348 0.0010647 0.00132235 0.00163094 0.00199756 0.00242966 0.00293493 0.0035211 0.00419583 0.00496645 0.00583975 0.00682176 0.00791744 0.0091305 0.0104631 0.0119156 0.0134866 0.0151722 0.0169666 0.0188615 0.0208464 0.0229082 0.025032 0.0272005 0.0293948 0.0315945 0.0337777 0.0359219 0.038004 0.0400007 0.0418893 0.0436475 0.0452543 0.0466903 0.0479377 0.048981 0.0498071 0.0504057 0.0507691 0.0508928 0.0507753 0.050418 0.0498255 0.0490056 0.0479685 0.0467274 0.0452978 0.0436973 0.0419454 0.0400632 0.0380726 0.0359966 0.0338582 0.0316805 0.0294859 0.0272962 0.0251318 0.0230114 0.0209523 0.0189694 0.0170756 0.0152814 0.0135951 0.0120227 0.0105679 0.00923221 0.00801535 0.00691524 0.00592827 0.00504957 0.00427323 0.00359257 0.00300036 0.00248905 0.002051 0.00167861 0.0013645 0.00110163 0.000883412 0.000703739 0.000557075 0.000438459 0.000343521 0.000268472 0.000210094 0.000165715 0.000133189 0.000110868 9.76061e-05 
0.000117632 0.000121652 0.000136077 0.000161744 0.000200039 0.000252948 0.000323077 0.000413688 0.00052872 0.000672818 0.000851348 0.0010704 0.00133676 0.00165791 0.00204193 0.00249742 0.00303336 0.00365899 0.00438357 0.0052162 0.00616554 0.00723954 0.00844516 0.00978805 0.0112723 0.0129 0.0146712 0.0165836 0.0186323 0.0208097 0.0231053 0.0255061 0.0279963 0.0305574 0.0331687 0.0358074 0.0384489 0.0410674 0.0436359 0.0461271 0.0485137 0.0507686 0.052866 0.0547811 0.0564913 0.0579758 0.0592167 0.0601987 0.0609096 0.0613409 0.0614871 0.0613464 0.0609207 0.0602153 0.0592391 0.0580041 0.0565256 0.0548216 0.0529127 0.0508218 0.0485734 0.0461934 0.0437088 0.0411468 0.0385346 0.0358991 0.033266 0.0306598 0.0281033 0.025617 0.0232192 0.0209257 0.0187496 0.0167011 0.014788 0.0130151 0.0113847 0.00989705 0.00854989 0.00733931 0.00625977 0.00530443 0.00446547 0.00373435 0.0031021 0.00255956 0.00209762 0.00170736 0.00138027 0.00110831 0.000884059 0.00070074 0.000552271 0.000433278 0.000339095 0.000265748 0.000209936 0.000169 0.000140898 0.000124209 
0.000148829 0.000153926 0.000172072 0.000204302 0.00025233 0.000318608 0.000406348 0.000519562 0.000663087 0.000842613 0.0010647 0.00133676 0.00166707 0.00206466 0.00253931 0.00310136 0.00376157 0.00453096 0.00542052 0.00644099 0.00760248 0.00891423 0.0103842 0.0120187 0.0138221 0.0157965 0.0179413 0.0202531 0.0227255 0.0253489 0.0281103 0.0309936 0.0339795 0.0370458 0.0401676 0.0433177 0.0464669 0.0495844 0.0526387 0.0555975 0.0584289 0.0611014 0.0635848 0.0658504 0.0678719 0.0696255 0.0710902 0.0722486 0.0730869 0.0735948 0.0737663 0.0735994 0.0730961 0.0722627 0.0711092 0.0696496 0.0679015 0.0658858 0.0636262 0.0611492 0.0584834 0.0556589 0.0527071 0.04966 0.0465496 0.0434074 0.040264 0.0371486 0.034088 0.0311073 0.0282283 0.0254704 0.0228495 0.0203785 0.0180669 0.0159213 0.013945 0.0121387 0.0105003 0.00902557 0.0077083 0.00654065 0.00551356 0.00461703 0.00384048 0.00317305 0.00260386 0.00212223 0.00171793 0.00138127 0.00110324 0.000875632 0.000691031 0.000542878 0.000425467 0.000333926 0.0002642 0.000213021 0.000177875 0.00015701 
0.000187013 0.000193428 0.000216094 0.000256284 0.000316102 0.000398552 0.000507565 0.000648041 0.000825877 0.00104799 0.00132235 0.00165791 0.00206466 0.00255349 0.00313607 0.00382477 0.00463238 0.00557195 0.0066564 0.00789827 0.00930931 0.0109001 0.0126797 0.0146549 0.0168305 0.0192082 0.0217867 0.0245611 0.0275233 0.0306609 0.0339582 0.0373955 0.0409494 0.0445933 0.0482976 0.0520299 0.0557559 0.0594396 0.0630438 0.0665312 0.0698645 0.0730075 0.0759251 0.0785846 0.0809556 0.0830108 0.0847263 0.0860823 0.0870628 0.0876564 0.0878562 0.0876597 0.0870696 0.0860926 0.0847405 0.0830291 0.0809786 0.0786127 0.0759588 0.0730472 0.0699108 0.0665845 0.0631045 0.059508 0.0558323 0.0521143 0.0483899 0.0446933 0.0410566 0.0375093 0.034078 0.0307857 0.027652 0.0246927 0.0219198 0.0193418 0.0169632 0.0147855 0.0128069 0.011023 0.00942694 0.00800978 0.00676112 0.00566939 0.0047222 0.00390679 0.00321027 0.00261998 0.00212367 0.00170976 0.00136743 0.00108675 0.000858793 0.000675594 0.000530223 0.000416752 0.000330237 0.000266687 0.00022303 0.000197122 
0.000233372 0.000241387 0.000269499 0.000319264 0.000393245 0.000495096 0.000629595 0.000802682 0.00102149 0.00129438 0.00163094 0.00204193 0.00253931 0.00313607 0.00384611 0.00468406 0.00566502 0.00680428 0.00811694 0.00961752 0.0113195 0.0132349 0.0153738 0.0177437 0.0203493 0.0231919 0.026269 0.0295743 0.0330971 0.0368221 0.04073 0.044797 0.0489952 0.0532928 0.0576549 0.0620434 0.0664181 0.070737 0.0749573 0.0790357 0.0829293 0.0865965 0.0899974 0.0930945 0.0958533 0.0982429 0.100236 0.101811 0.102949 0.103637 0.103868 0.103639 0.102952 0.101816 0.100244 0.0982536 0.0958675 0.0931128 0.0900204 0.0866251 0.0829641 0.0790774 0.0750067 0.0707947 0.0664844 0.0621187 0.0577393 0.0533864 0.0490975 0.0449077 0.0408484 0.0369473 0.033228 0.0297099 0.0264079 0.0233326 0.0204904 0.0178839 0.0155116 0.0133691 0.0114489 0.00974101 0.00823368 0.00691357 0.00576634 0.00477709 0.00393071 0.00321225 0.00260723 0.00210186 0.00168326 0.00133954 0.00105998 0.000835001 0.000656252 0.000516565 0.000409957 0.000331588 0.00027773 0.000245781 
0.000289212 0.00029915 0.000333772 0.00039496 0.000485818 0.000610757 0.000775541 0.00098732 0.00125467 0.00158759 0.00199756 0.00249742 0.00310136 0.00382477 0.00468406 0.00569642 0.00687953 0.00825116 0.00982878 0.011629 0.0136673 0.015957 0.0185093 0.0213322 0.0244301 0.0278038 0.0314493 0.0353581 0.0395165 0.0439062 0.0485032 0.0532793 0.0582011 0.0632313 0.0683288 0.0734492 0.0785459 0.0835705 0.0884735 0.0932056 0.0977179 0.101963 0.105896 0.109474 0.112658 0.115414 0.117712 0.119525 0.120835 0.121627 0.121892 0.121627 0.120835 0.119525 0.117712 0.115415 0.112661 0.109479 0.105905 0.101977 0.0977377 0.0932321 0.0885077 0.0836132 0.0785979 0.0735111 0.068401 0.0633141 0.0582945 0.0533829 0.0486165 0.0440283 0.0396466 0.0354948 0.0315913 0.0279496 0.0245781 0.0214806 0.0186567 0.0161018 0.013808 0.0117644 0.0099576 0.00837256 0.00699278 0.00580101 0.00477969 0.00391132 0.00317889 0.00256615 0.00205781 0.00163981 0.00129932 0.00102495 0.000806673 0.000635898 0.000505434 0.000409455 0.00034347 0.000304339 
0.000355944 0.000368177 0.000410516 0.000485225 0.000596031 0.000748226 0.00094871 0.00120603 0.0015304 0.00193375 0.00242966 0.00303336 0.00376157 0.00463238 0.00566502 0.00687953 0.0082964 0.00993617 0.0118188 0.0139634 0.016387 0.0191047 0.0221285 0.0254667 0.0291235 0.0330985 0.0373859 0.0419744 0.0468473 0.0519818 0.0573494 0.0629161 0.0686429 0.074486 0.0803975 0.0863262 0.0922183 0.0980185 0.10367 0.109118 0.114306 0.119181 0.123693 0.127793 0.13144 0.134593 0.13722 0.139292 0.140788 0.141691 0.141992 0.141688 0.140782 0.139284 0.13721 0.134583 0.131429 0.127784 0.123686 0.119178 0.114307 0.109125 0.103685 0.0980418 0.0922514 0.0863701 0.0804529 0.0745534 0.0687227 0.0630081 0.0574532 0.0520968 0.0469727 0.0421089 0.0375279 0.0332466 0.0292759 0.0256215 0.0222839 0.0192589 0.0165382 0.01411 0.0119595 0.0100697 0.00842182 0.00699607 0.00577219 0.00472991 0.00384937 0.00311156 0.00249852 0.00199366 0.00158184 0.00124952 0.000984803 0.000777455 0.000618891 0.000502151 0.000421861 0.000374262 
0.00043507 0.000450018 0.000501433 0.000592018 0.000726217 0.000910333 0.00115257 0.00146305 0.0018539 0.00233919 0.00293493 0.00365899 0.00453096 0.00557195 0.00680428 0.00825116 0.00993617 0.0118828 0.0141138 0.0166504 0.019512 0.0227149 0.0262718 0.0301914 0.034477 0.0391268 0.0441326 0.0494802 0.0551485 0.0611101 0.0673311 0.0737713 0.080385 0.0871213 0.093925 0.100737 0.107497 0.114141 0.120606 0.126828 0.132746 0.138301 0.143435 0.148097 0.152239 0.155818 0.158797 0.161146 0.16284 0.163863 0.164203 0.163857 0.162829 0.16113 0.158777 0.155794 0.152213 0.14807 0.143408 0.138276 0.132725 0.126812 0.120596 0.11414 0.107506 0.100758 0.0939584 0.0871683 0.0804461 0.0738467 0.0674207 0.0612135 0.0552648 0.0496083 0.0442711 0.0392739 0.034631 0.0303501 0.0264332 0.0228768 0.0196725 0.0168075 0.0142658 0.0120282 0.0100737 0.00837984 0.00692335 0.00568091 0.00462958 0.00374726 0.00301301 0.00240742 0.00191271 0.00151295 0.00119411 0.000944069 0.000752668 0.000611644 0.000514612 0.000457105 
0.000528163 0.000546298 0.000608302 0.000717381 0.000878797 0.0011 0.00139067 0.00176275 0.00223048 0.00281035 0.0035211 0.00438357 0.00542052 0.0066564 0.00811694 0.00982878 0.0118188 0.0141138 0.0167391 0.0197188 0.0230739 0.0268222 0.030977 0.0355467 0.0405337 0.0459342 0.0517371 0.0579244 0.0644704 0.0713422 0.0784996 0.0858956 0.093477 0.101185 0.108957 0.116726 0.124421 0.131974 0.139311 0.146364 0.153062 0.159341 0.165139 0.170398 0.175065 0.179094 0.182446 0.185087 0.186991 0.188139 0.18852 0.188131 0.186974 0.185062 0.182414 0.179056 0.175021 0.17035 0.16509 0.159292 0.153015 0.14632 0.139274 0.131945 0.124402 0.116718 0.108963 0.101206 0.0935141 0.0859491 0.0785697 0.0714288 0.0645729 0.0580417 0.0518678 0.0460766 0.0406858 0.0357063 0.0311418 0.0269898 0.023242 0.0198851 0.0169016 0.0142705 0.0119683 0.00996957 0.00824807 0.00677713 0.00553041 0.00448243 0.00360897 0.00288746 0.00229721 0.00181958 0.00143814 0.00113866 0.000909184 0.000739977 0.000623505 0.000554493 
0.000636839 0.000658683 0.000732944 0.000863397 0.00105623 0.00132019 0.00166661 0.00210948 0.00266541 0.00335361 0.00419583 0.0052162 0.00644099 0.00789827 0.00961752 0.011629 0.0139634 0.0166504 0.0197188 0.0231948 0.0271014 0.0314577 0.0362772 0.0415678 0.0473305 0.0535588 0.0602384 0.0673466 0.0748523 0.0827165 0.0908918 0.0993238 0.107951 0.116707 0.125519 0.134312 0.143008 0.151527 0.159792 0.167724 0.175248 0.182291 0.188786 0.194671 0.199889 0.20439 0.208132 0.211077 0.2132 0.214479 0.214903 0.214467 0.213176 0.211042 0.208086 0.204335 0.199826 0.194601 0.188712 0.182215 0.175171 0.16765 0.159723 0.151466 0.142955 0.134272 0.125493 0.116697 0.107959 0.0993499 0.0909371 0.082781 0.0749358 0.0674481 0.0603567 0.0536922 0.047477 0.041725 0.0364425 0.0316285 0.0272751 0.0233687 0.0198905 0.0168176 0.0141241 0.0117817 0.00976068 0.00803093 0.00656244 0.00532606 0.00429396 0.00344012 0.00274059 0.00217375 0.00172047 0.00136418 0.0010909 0.000889231 0.00075036 0.000668096 
0.000762722 0.000788848 0.000877185 0.00103215 0.00126096 0.00157381 0.00198392 0.00250751 0.00316384 0.00397512 0.00496645 0.00616554 0.00760248 0.00930931 0.0113195 0.0136673 0.016387 0.019512 0.0230739 0.0271014 0.0316195 0.0366478 0.0422002 0.0482835 0.0548967 0.0620301 0.0696653 0.0777743 0.0863201 0.0952563 0.104528 0.114072 0.123819 0.133692 0.14361 0.15349 0.163243 0.172783 0.182022 0.190875 0.199261 0.207101 0.214321 0.220856 0.226644 0.231633 0.235776 0.239037 0.241384 0.242798 0.243266 0.242783 0.241353 0.238991 0.235717 0.231561 0.226561 0.220763 0.214221 0.206995 0.199153 0.190768 0.181917 0.172684 0.163154 0.153412 0.143547 0.133646 0.123792 0.114065 0.104543 0.0952932 0.086379 0.0778548 0.0697662 0.0621498 0.0550331 0.0484343 0.0423625 0.0368188 0.0317961 0.0272808 0.0232531 0.0196884 0.0165582 0.0138312 0.0114744 0.00945386 0.00773565 0.00628668 0.00507522 0.00407147 0.00324792 0.00257966 0.0020446 0.00162353 0.00130023 0.00106148 0.000897 0.000799586 
0.000907404 0.000938435 0.00104281 0.00122565 0.00149535 0.00186369 0.00234596 0.00296087 0.0037306 0.00468065 0.00583975 0.00723954 0.00891423 0.0109001 0.0132349 0.015957 0.0191047 0.0227149 0.0268222 0.0314577 0.0366478 0.042413 0.0487667 0.0557143 0.0632519 0.0713664 0.0800343 0.0892216 0.0988842 0.108968 0.11941 0.130137 0.14107 0.152124 0.163207 0.174227 0.185086 0.195689 0.205941 0.215749 0.225026 0.233686 0.241652 0.248853 0.255224 0.260711 0.265263 0.268844 0.27142 0.272971 0.273483 0.272951 0.271382 0.268787 0.265189 0.26062 0.255119 0.248735 0.241523 0.233549 0.224884 0.215606 0.205798 0.195551 0.184956 0.174108 0.163103 0.152037 0.141003 0.130092 0.119388 0.108972 0.0989132 0.0892756 0.0801125 0.0714675 0.0633738 0.0558544 0.0489223 0.0425808 0.0368246 0.0316401 0.027007 0.022899 0.0192852 0.0161315 0.0134011 0.0110563 0.00905909 0.0073721 0.00595943 0.00478718 0.00382397 0.00304132 0.00241385 0.00191949 0.00153955 0.00125874 0.0010652 0.000950604 
0.0010724 0.001109 0.0012315 0.00144582 0.00176161 0.00219243 0.00275583 0.00347326 0.00437006 0.00547535 0.00682176 0.00844516 0.0103842 0.0126797 0.0153738 0.0185093 0.0221285 0.0262718 0.030977 0.0362772 0.0422002 0.0487667 0.0559893 0.0638712 0.0724055 0.0815742 0.0913483 0.101687 0.112538 0.12384 0.135518 0.147491 0.15967 0.171959 0.184257 0.19646 0.208464 0.220164 0.231456 0.242243 0.252428 0.261923 0.270646 0.278521 0.285481 0.291469 0.296433 0.300334 0.30314 0.304828 0.305385 0.304806 0.303095 0.300267 0.296345 0.29136 0.285355 0.278378 0.270489 0.261756 0.252252 0.242062 0.231274 0.219983 0.20829 0.196296 0.184107 0.171826 0.159558 0.147403 0.135455 0.123805 0.112532 0.101709 0.0913986 0.0816515 0.0725079 0.0639962 0.0561339 0.0489277 0.0423739 0.0364599 0.0311651 0.0264617 0.0223168 0.0186932 0.0155505 0.012847 0.0105405 0.00858912 0.00695246 0.00559228 0.00447304 0.00356234 0.00283128 0.00225464 0.00181102 0.00148289 0.00125665 0.0011227 
0.0012591 0.00130198 0.00144481 0.00169438 0.00206172 0.00256235 0.00321625 0.00404787 0.00508597 0.00636354 0.00791744 0.00978805 0.0120187 0.0146549 0.0177437 0.0213322 0.0254667 0.0301914 0.0355467 0.0415678 0.0482835 0.0557143 0.0638712 0.0727549 0.0823544 0.0926464 0.103595 0.115153 0.127258 0.139839 0.152812 0.166086 0.17956 0.193127 0.206678 0.220098 0.233274 0.246092 0.258442 0.270218 0.281321 0.291655 0.301135 0.309683 0.31723 0.323715 0.329088 0.333307 0.33634 0.338163 0.338764 0.338137 0.336288 0.333229 0.328986 0.32359 0.317083 0.309516 0.300951 0.291456 0.28111 0.269999 0.258218 0.245868 0.233054 0.219887 0.20648 0.192946 0.179399 0.16595 0.152704 0.13976 0.127211 0.115138 0.103612 0.0926948 0.0824323 0.0728601 0.0640006 0.0558644 0.0484506 0.0417478 0.0357354 0.0303849 0.0256612 0.0215241 0.0179299 0.0148328 0.0121861 0.00994323 0.00805917 0.00649101 0.00519876 0.00414585 0.00329955 0.00263124 0.00211659 0.00173565 0.00147286 0.00131731 
0.00146871 0.0015186 0.00168405 0.00197279 0.00239735 0.00297535 0.00372944 0.00468724 0.00588124 0.00734854 0.0091305 0.0112723 0.0138221 0.0168305 0.0203493 0.0244301 0.0291235 0.034477 0.0405337 0.0473305 0.0548967 0.0632519 0.0724055 0.0823544 0.0930829 0.104562 0.116747 0.129583 0.142999 0.156912 0.171229 0.185847 0.200654 0.215533 0.230363 0.24502 0.259382 0.273327 0.286739 0.299505 0.311521 0.322687 0.332916 0.342127 0.35025 0.357222 0.362994 0.367522 0.370776 0.372731 0.373375 0.372702 0.370718 0.367436 0.362879 0.357081 0.350083 0.341938 0.332706 0.322458 0.311276 0.299249 0.286475 0.27306 0.259116 0.24476 0.230114 0.2153 0.200442 0.18566 0.171071 0.156786 0.142906 0.129526 0.116726 0.104576 0.0931314 0.082435 0.0725151 0.0633871 0.0550533 0.0475044 0.0407202 0.0346717 0.0293221 0.0246285 0.0205438 0.0170181 0.014 0.0114383 0.0092831 0.00748655 0.00600395 0.00479431 0.0038208 0.00305116 0.0024579 0.00201843 0.00171514 0.00153564 
0.00170218 0.00175985 0.00195027 0.00228219 0.00276976 0.00343286 0.00429697 0.00539315 0.00675781 0.00843242 0.0104631 0.0129 0.0157965 0.0192082 0.0231919 0.0278038 0.0330985 0.0391268 0.0459342 0.0535588 0.0620301 0.0713664 0.0815742 0.0926464 0.104562 0.117283 0.13076 0.144925 0.159699 0.174988 0.190686 0.206679 0.222845 0.239054 0.255176 0.271077 0.286627 0.301696 0.316161 0.329904 0.342816 0.354798 0.365756 0.37561 0.384289 0.391731 0.397886 0.402712 0.406176 0.408258 0.408942 0.408226 0.406113 0.402617 0.397761 0.391577 0.384106 0.3754 0.365521 0.354541 0.34254 0.329612 0.315857 0.301386 0.286315 0.270769 0.254876 0.238769 0.222579 0.206438 0.190475 0.174809 0.159557 0.144822 0.130696 0.117259 0.104576 0.0926978 0.0816597 0.0714825 0.0621725 0.0537231 0.0461154 0.03932 0.0332989 0.0280068 0.0233933 0.0194043 0.015984 0.0130764 0.0106263 0.00858083 0.00689044 0.00550939 0.00439654 0.00351576 0.00283617 0.00233237 0.00198452 0.00177868 
0.00196019 0.0020264 0.00224418 0.00262332 0.00317974 0.00393569 0.0049197 0.00616643 0.00771645 0.00961582 0.0119156 0.0146712 0.0179413 0.0217867 0.026269 0.0314493 0.0373859 0.0441326 0.0517371 0.0602384 0.0696653 0.0800343 0.0913483 0.103595 0.116747 0.13076 0.145573 0.161109 0.177277 0.193972 0.211076 0.228464 0.246 0.263546 0.28096 0.298098 0.314823 0.330997 0.346493 0.361188 0.374971 0.387737 0.399396 0.409864 0.419072 0.42696 0.433476 0.438581 0.442245 0.444445 0.445168 0.444411 0.442178 0.438481 0.433343 0.426794 0.418876 0.409637 0.39914 0.387456 0.374666 0.360864 0.346153 0.330647 0.314466 0.297742 0.280609 0.263208 0.24568 0.228168 0.210809 0.193739 0.177082 0.160955 0.145461 0.130692 0.116723 0.103613 0.0914052 0.080127 0.0697896 0.0603895 0.0519098 0.0443216 0.0375857 0.031655 0.0264757 0.02199 0.0181376 0.0148573 0.0120889 0.00977439 0.00785889 0.00629184 0.00502755 0.00402579 0.00325212 0.00267815 0.00228168 0.00204709 
0.00224303 0.00231857 0.00256606 0.00299646 0.0036275 0.00448398 0.00559761 0.00700686 0.00875663 0.0108978 0.0134866 0.0165836 0.0202531 0.0245611 0.0295743 0.0353581 0.0419744 0.0494802 0.0579244 0.0673466 0.0777743 0.0892216 0.101687 0.115153 0.129583 0.144925 0.161109 0.178046 0.195633 0.213752 0.232276 0.251063 0.269969 0.288843 0.307533 0.325888 0.343762 0.361011 0.377504 0.393113 0.407726 0.421238 0.433557 0.444603 0.454306 0.462607 0.469458 0.474822 0.478668 0.480977 0.481736 0.480942 0.478599 0.474717 0.469319 0.462433 0.454098 0.444363 0.433286 0.420937 0.407397 0.392761 0.377131 0.360624 0.343364 0.325487 0.307134 0.288452 0.269594 0.250711 0.231952 0.213463 0.195382 0.177838 0.160947 0.144811 0.129516 0.115133 0.101711 0.089287 0.0778767 0.067481 0.0580854 0.049662 0.0421713 0.0355643 0.0297845 0.0247703 0.020457 0.0167786 0.0136694 0.0110661 0.00890866 0.00714133 0.00571373 0.00458132 0.00370593 0.00305601 0.00260689 0.00234116 
0.00255062 0.00263623 0.00291575 0.00340132 0.00411262 0.00507707 0.00632973 0.00791303 0.00987638 0.0122756 0.0151722 0.0186323 0.0227255 0.0275233 0.0330971 0.0395165 0.0468473 0.0551485 0.0644704 0.0748523 0.0863201 0.0988842 0.112538 0.127258 0.142999 0.159699 0.177277 0.195633 0.214651 0.234201 0.254141 0.274321 0.294581 0.314761 0.334699 0.354237 0.37322 0.391501 0.408943 0.425418 0.440811 0.45502 0.467952 0.479529 0.489684 0.498362 0.505517 0.511114 0.515125 0.517532 0.518324 0.517497 0.515054 0.511008 0.505376 0.498185 0.489471 0.47928 0.467669 0.454703 0.440464 0.425042 0.408543 0.391081 0.372785 0.353793 0.334254 0.314321 0.294153 0.273913 0.253761 0.233854 0.214343 0.195369 0.177062 0.159535 0.142886 0.127196 0.112526 0.0989187 0.0863969 0.0749666 0.0646165 0.0553203 0.0470385 0.039721 0.0333088 0.0277368 0.0229359 0.0188351 0.0153639 0.0124532 0.0100377 0.00805638 0.00645402 0.00518162 0.0041971 0.00346564 0.00295995 0.00266076 
0.00288238 0.00297881 0.00329257 0.00383707 0.00463396 0.00571346 0.00711406 0.00888229 0.0110722 0.0137447 0.0169666 0.0208097 0.0253489 0.0306609 0.0368221 0.0439062 0.0519818 0.0611101 0.0713422 0.0827165 0.0952563 0.108968 0.12384 0.139839 0.156912 0.174988 0.193972 0.213752 0.234201 0.255174 0.276518 0.298067 0.319652 0.341103 0.362248 0.382921 0.402961 0.422219 0.440552 0.457834 0.473949 0.488795 0.502284 0.514341 0.524902 0.533914 0.541337 0.547138 0.551294 0.553786 0.554607 0.553752 0.551224 0.547033 0.541196 0.533737 0.524687 0.514089 0.501995 0.48847 0.473589 0.457441 0.44013 0.421772 0.402495 0.38244 0.361761 0.340616 0.319174 0.297605 0.276081 0.25477 0.233836 0.213432 0.193702 0.174771 0.156751 0.139732 0.123788 0.108968 0.0953042 0.0828074 0.0714703 0.061269 0.0521648 0.0441066 0.0370335 0.0308771 0.0255643 0.0210193 0.0171663 0.0139309 0.0112423 0.00903423 0.00724635 0.00582514 0.00472448 0.00390614 0.00334015 0.00300531 
0.00323728 0.00334521 0.00369528 0.00430218 0.00518966 0.00639075 0.00794751 0.00991065 0.012339 0.0152985 0.0188615 0.0231053 0.0281103 0.0339582 0.04073 0.0485032 0.0573494 0.0673311 0.0784996 0.0908918 0.104528 0.11941 0.135518 0.152812 0.171229 0.190686 0.211076 0.232276 0.254141 0.276518 0.299236 0.32212 0.344989 0.367663 0.389961 0.41171 0.432745 0.452913 0.472071 0.490091 0.506861 0.52228 0.536264 0.548742 0.559656 0.568957 0.576609 0.582585 0.586862 0.589427 0.590272 0.589393 0.586795 0.582483 0.576472 0.568783 0.559444 0.548492 0.535975 0.521952 0.506494 0.489688 0.471634 0.452446 0.432253 0.411198 0.389436 0.367134 0.344465 0.321608 0.298745 0.276057 0.253719 0.231898 0.21075 0.190415 0.171017 0.152659 0.135424 0.119372 0.104544 0.0909563 0.0786068 0.0674744 0.0575217 0.0486975 0.0409391 0.0341754 0.0283293 0.0233206 0.0190683 0.0154927 0.0125174 0.0100708 0.00808755 0.0065094 0.00528611 0.00437598 0.00374622 0.00337367 
0.00361373 0.0037338 0.00412204 0.00479451 0.00577705 0.0071056 0.00882585 0.0109928 0.0136699 0.0169285 0.0208464 0.0255061 0.0309936 0.0373955 0.044797 0.0532793 0.0629161 0.0737713 0.0858956 0.0993238 0.114072 0.130137 0.147491 0.166086 0.185847 0.206679 0.228464 0.251063 0.274321 0.298067 0.32212 0.346292 0.370392 0.394228 0.417615 0.440371 0.46233 0.483334 0.503241 0.521925 0.539275 0.555196 0.569609 0.582447 0.593658 0.603199 0.61104 0.617157 0.621533 0.624156 0.625021 0.624125 0.62147 0.617062 0.610911 0.603034 0.593455 0.582205 0.569326 0.554872 0.53891 0.521519 0.502796 0.482853 0.461818 0.439835 0.41706 0.393663 0.369825 0.345733 0.321579 0.297553 0.273843 0.250629 0.228082 0.206354 0.185582 0.165884 0.147352 0.13006 0.114054 0.0993593 0.0859793 0.0738965 0.0630754 0.0534652 0.0450019 0.0376119 0.0312148 0.0257259 0.0210593 0.01713 0.0138561 0.0111607 0.00897333 0.007231 0.00587929 0.00487294 0.00417631 0.00376422 
0.00400961 0.00414237 0.00457043 0.0053112 0.00639267 0.00785372 0.00974371 0.0121219 0.0150566 0.0186244 0.0229082 0.0279963 0.0339795 0.0409494 0.0489952 0.0582011 0.0686429 0.080385 0.093477 0.107951 0.123819 0.14107 0.15967 0.17956 0.200654 0.222845 0.246 0.269969 0.294581 0.319652 0.344989 0.370392 0.395658 0.420589 0.44499 0.468677 0.491478 0.513237 0.533813 0.553081 0.570934 0.587283 0.602054 0.615188 0.626639 0.636371 0.644358 0.650584 0.655034 0.657702 0.658583 0.657674 0.654978 0.650497 0.64424 0.636218 0.62645 0.61496 0.601784 0.58697 0.570576 0.552678 0.533367 0.512751 0.490955 0.468122 0.44441 0.419993 0.395055 0.369791 0.344402 0.319088 0.29405 0.26948 0.245563 0.222465 0.200336 0.179308 0.159485 0.140952 0.123764 0.107955 0.0935349 0.0804898 0.0687871 0.0583766 0.0491939 0.0411634 0.0342015 0.0282193 0.0231262 0.0188322 0.0152499 0.0122971 0.00989825 0.0079856 0.00650052 0.00539413 0.00462795 0.00417472 
0.00442228 0.00456819 0.00503741 0.00584871 0.00703226 0.00862989 0.0106946 0.01329 0.0164892 0.0203737 0.025032 0.0305574 0.0370458 0.0445933 0.0532928 0.0632313 0.074486 0.0871213 0.101185 0.116707 0.133692 0.152124 0.171959 0.193127 0.215533 0.239054 0.263546 0.288843 0.314761 0.341103 0.367663 0.394228 0.420589 0.446536 0.471871 0.496405 0.519965 0.542393 0.563552 0.583321 0.601597 0.618298 0.633358 0.646723 0.658355 0.668228 0.67632 0.682621 0.687123 0.689821 0.690712 0.689797 0.687074 0.682546 0.676216 0.668092 0.658184 0.646513 0.633106 0.618002 0.601254 0.58293 0.563114 0.541909 0.519437 0.49584 0.471274 0.445916 0.419955 0.393591 0.367033 0.340492 0.31418 0.288302 0.263055 0.23862 0.215163 0.192825 0.171727 0.151962 0.133599 0.116678 0.101215 0.0872038 0.074613 0.0633945 0.0534838 0.0448035 0.0372672 0.0307824 0.0252541 0.020587 0.0166888 0.0134719 0.0108558 0.00876793 0.00714548 0.005936 0.00509809 0.00460243 
0.00484854 0.00500796 0.00551935 0.00640285 0.0076908 0.00942797 0.011671 0.0144877 0.017956 0.0221624 0.0272005 0.0331687 0.0401676 0.0482976 0.0576549 0.0683288 0.0803975 0.093925 0.108957 0.125519 0.14361 0.163207 0.184257 0.206678 0.230363 0.255176 0.28096 0.307533 0.334699 0.362248 0.389961 0.417615 0.44499 0.471871 0.498054 0.523347 0.547577 0.570587 0.592243 0.612428 0.631048 0.648026 0.663303 0.676836 0.688594 0.698558 0.706715 0.71306 0.71759 0.720304 0.721202 0.720285 0.71755 0.712998 0.706629 0.698442 0.688446 0.67665 0.663076 0.647753 0.630726 0.612056 0.591819 0.570112 0.547053 0.522779 0.497447 0.471234 0.444332 0.416947 0.389294 0.361595 0.334072 0.306942 0.280417 0.25469 0.229941 0.206326 0.183978 0.163002 0.143478 0.125456 0.108958 0.0939835 0.0805057 0.0684781 0.0578364 0.0485024 0.040387 0.0333946 0.0274257 0.0223804 0.0181613 0.0146758 0.0118384 0.0095718 0.00780913 0.0064943 0.00558307 0.00504404 
0.0052847 0.00545787 0.00601207 0.0069688 0.00836255 0.010241 0.0126644 0.0157047 0.0194444 0.0239749 0.0293948 0.0358074 0.0433177 0.0520299 0.0620434 0.0734492 0.0863262 0.100737 0.116726 0.134312 0.15349 0.174227 0.19646 0.220098 0.24502 0.271077 0.298098 0.325888 0.354237 0.382921 0.41171 0.440371 0.468677 0.496405 0.523347 0.54931 0.574121 0.597626 0.619693 0.640213 0.659097 0.676279 0.691706 0.705346 0.717176 0.727185 0.735368 0.741726 0.746262 0.74898 0.749881 0.748966 0.746234 0.74168 0.735301 0.727093 0.717054 0.705189 0.691508 0.676035 0.658803 0.639865 0.619289 0.597166 0.573607 0.548746 0.522738 0.495758 0.468002 0.439679 0.411012 0.382231 0.353568 0.325252 0.297507 0.270542 0.244548 0.219697 0.196135 0.173978 0.153318 0.134213 0.116697 0.100771 0.0864143 0.0735833 0.0622142 0.0522281 0.043534 0.0360331 0.0296221 0.0241967 0.0196546 0.0158983 0.0128374 0.0103902 0.00848569 0.00706421 0.00607868 0.00549571 
0.0057266 0.00591362 0.00651087 0.00754119 0.00904115 0.0110613 0.0136654 0.0169294 0.0209403 0.0257942 0.0315945 0.0384489 0.0464669 0.0557559 0.0664181 0.0785459 0.0922183 0.107497 0.124421 0.143008 0.163243 0.185086 0.208464 0.233274 0.259382 0.286627 0.314823 0.343762 0.37322 0.402961 0.432745 0.46233 0.491478 0.519965 0.547577 0.574121 0.599424 0.623337 0.645733 0.666508 0.685584 0.7029 0.718415 0.732104 0.743956 0.753967 0.762141 0.768485 0.773008 0.775718 0.776618 0.77571 0.772991 0.768456 0.762096 0.753901 0.743864 0.731979 0.71825 0.702689 0.685322 0.666191 0.645356 0.6229 0.598928 0.573567 0.546971 0.519314 0.490792 0.461619 0.432022 0.40224 0.372513 0.343084 0.314187 0.286044 0.258863 0.232826 0.208093 0.184794 0.163032 0.142874 0.124362 0.107504 0.0922855 0.0786638 0.0665771 0.0559463 0.0466789 0.0386734 0.0318229 0.0260189 0.0211547 0.0171279 0.0138435 0.0112155 0.00916877 0.00764031 0.00658023 0.00595315 
0.0061697 0.00637054 0.00701064 0.00811414 0.00971966 0.0118805 0.0146638 0.0181494 0.0224287 0.0276022 0.0337777 0.0410674 0.0495844 0.0594396 0.070737 0.0835705 0.0980185 0.114141 0.131974 0.151527 0.172783 0.195689 0.220164 0.246092 0.273327 0.301696 0.330997 0.361011 0.391501 0.422219 0.452913 0.483334 0.513237 0.542393 0.570587 0.597626 0.623337 0.647576 0.670223 0.69118 0.710377 0.727764 0.743309 0.756998 0.768826 0.778801 0.786935 0.79324 0.797733 0.800423 0.801319 0.800422 0.797728 0.79323 0.786913 0.778764 0.768766 0.756907 0.743181 0.727591 0.710152 0.690898 0.669878 0.647168 0.622863 0.597089 0.569992 0.541746 0.512546 0.48261 0.45217 0.421471 0.390762 0.360297 0.330321 0.30107 0.272763 0.245599 0.219749 0.195356 0.172533 0.151359 0.131883 0.114122 0.0980641 0.0836714 0.0708834 0.0596213 0.0497913 0.0412897 0.0340064 0.0278291 0.0226466 0.0183523 0.0148466 0.0120393 0.00985143 0.00821672 0.00708257 0.00641166 
0.00660912 0.00682358 0.00750588 0.0086814 0.0103907 0.0126898 0.015649 0.0193519 0.023894 0.02938 0.0359219 0.0436359 0.0526387 0.0630438 0.0749573 0.0884735 0.10367 0.120606 0.139311 0.159792 0.182022 0.205941 0.231456 0.258442 0.286739 0.316161 0.346493 0.377504 0.408943 0.440552 0.472071 0.503241 0.533813 0.563552 0.592243 0.619693 0.645733 0.670223 0.693048 0.71412 0.733378 0.750779 0.766304 0.779946 0.791713 0.801619 0.809685 0.815932 0.820379 0.823041 0.82393 0.823046 0.820387 0.81594 0.809688 0.801611 0.791686 0.779892 0.766214 0.750646 0.733193 0.713876 0.692739 0.669846 0.645287 0.619178 0.591663 0.562912 0.533122 0.502511 0.471314 0.439783 0.408177 0.376756 0.34578 0.315495 0.286134 0.257907 0.231 0.205568 0.181734 0.15959 0.13919 0.120561 0.103694 0.0885571 0.0750905 0.0632162 0.0528397 0.0438554 0.0361502 0.0296083 0.0241147 0.0195585 0.0158359 0.0128527 0.0105263 0.00878717 0.00758021 0.00686621 
