3.43979e-07 3.59663e-07 4.34774e-07 5.79206e-07 8.10877e-07 1.15731e-06 1.65761e-06 2.36514e-06 3.35078e-06 4.70685e-06 6.55171e-06 9.03484e-06 1.23424e-05 1.67029e-05 2.23933e-05 2.97439e-05 3.91435e-05 5.10424e-05 6.59541e-05 8.44546e-05 0.000107178 0.00013481 0.000168076 0.000207724 0.000254507 0.000309156 0.000372352 0.000444696 0.000526671 0.000618609 0.000720657 0.000832742 0.000954547 0.00108548 0.00122468 0.00137099 0.00152295 0.00167887 0.0018368 0.00199458 0.0021499 0.00230036 0.00244349 0.00257688 0.00269819 0.00280521 0.00289599 0.00296882 0.00302232 0.00305546 0.00306762 0.00305855 0.00302845 0.0029779 0.00290788 0.00281974 0.00271514 0.00259602 0.00246454 0.00232301 0.00217386 0.00201953 0.00186242 0.00170485 0.00154897 0.00139676 0.00124994 0.00110998 0.000978066 0.000855102 0.000741708 0.000638238 0.0005448 0.000461281 0.00038738 0.000322645 0.000266499 0.000218285 0.000177287 0.000142768 0.000113987 9.02236e-05 7.0795e-05 5.50648e-05 4.24532e-05 3.24403e-05 2.45683e-05 1.844e-05 1.37157e-05 1.01096e-05 7.38427e-06 5.345e-06 3.83459e-06 2.72765e-06 1.92557e-06 1.35202e-06 9.48889e-07 6.72977e-07 4.9321e-07 3.88726e-07 
3.59663e-07 3.76232e-07 4.55228e-07 6.07098e-07 8.50753e-07 1.21524e-06 1.74186e-06 2.48695e-06 3.52536e-06 4.95464e-06 6.89982e-06 9.51885e-06 1.30084e-05 1.76101e-05 2.36164e-05 3.13763e-05 4.13006e-05 5.38649e-05 6.96113e-05 8.91477e-05 0.000113143 0.000142321 0.000177445 0.000219304 0.000268689 0.00032637 0.000393063 0.000469395 0.000555872 0.000652841 0.00076045 0.000878617 0.001007 0.00114498 0.00129163 0.00144573 0.00160576 0.00176991 0.00193613 0.00210217 0.00226559 0.00242385 0.00257438 0.00271464 0.00284216 0.00295466 0.00305006 0.00312658 0.00318278 0.00321758 0.00323031 0.00322074 0.00318906 0.00313589 0.00306226 0.00296956 0.00285956 0.00273428 0.00259599 0.00244712 0.00229021 0.00212782 0.00196249 0.00179664 0.00163255 0.00147229 0.00131767 0.00117025 0.00103128 0.000901716 0.000782212 0.000673147 0.000574639 0.000486574 0.00040864 0.000340361 0.000281136 0.000230271 0.000187016 0.000150594 0.000120225 9.51514e-05 7.46514e-05 5.80546e-05 4.47493e-05 3.41869e-05 2.58841e-05 1.94216e-05 1.44409e-05 1.06401e-05 7.76843e-06 5.62046e-06 4.03016e-06 2.86515e-06 2.0214e-06 1.41834e-06 9.94689e-07 7.04878e-07 5.16155e-07 4.0653e-07 
4.34774e-07 4.55228e-07 5.51049e-07 7.34844e-07 1.02939e-06 1.46962e-06 2.10513e-06 3.00351e-06 4.25443e-06 5.97457e-06 8.31327e-06 1.14589e-05 1.56455e-05 2.11601e-05 2.83497e-05 3.76274e-05 4.94782e-05 6.44625e-05 8.32179e-05 0.000106457 0.000134963 0.000169579 0.000211193 0.00026072 0.000319073 0.000387135 0.000465726 0.000555555 0.00065719 0.000771007 0.000897151 0.0010355 0.00118563 0.00134678 0.00151787 0.00169744 0.00188373 0.00207462 0.00226774 0.00246046 0.00264997 0.00283336 0.00300766 0.00316995 0.0033174 0.0034474 0.00355757 0.00364588 0.00371069 0.00375076 0.00376534 0.00375415 0.00371743 0.00365588 0.00357068 0.00346342 0.00333612 0.0031911 0.00303096 0.00285849 0.0026766 0.00248824 0.00229633 0.00210368 0.00191291 0.00172642 0.00154634 0.00137448 0.0012123 0.00106093 0.00092117 0.000793474 0.000678007 0.000574659 0.000483092 0.000402773 0.000333019 0.00027304 0.000221973 0.00017892 0.000142979 0.00011327 8.89508e-05 6.92396e-05 5.34195e-05 4.08469e-05 3.09533e-05 2.32444e-05 1.72972e-05 1.27544e-05 9.3189e-06 6.74691e-06 4.84107e-06 3.4438e-06 2.4311e-06 1.70681e-06 1.19772e-06 8.4933e-07 6.22455e-07 4.90769e-07 
5.79206e-07 6.07098e-07 7.34844e-07 9.79075e-07 1.36974e-06 1.95268e-06 2.79287e-06 3.97859e-06 5.62678e-06 7.88918e-06 1.09595e-05 1.50815e-05 2.05573e-05 2.77561e-05 3.7123e-05 4.91862e-05 6.45641e-05 8.39686e-05 0.000108207 0.000138178 0.000174865 0.000219323 0.000272658 0.000336002 0.000410483 0.000497179 0.000597082 0.000711044 0.00083973 0.000983561 0.00114267 0.00131685 0.00150552 0.0017077 0.00192198 0.00214653 0.00237911 0.00261709 0.00285751 0.00309711 0.00333244 0.00355989 0.00377584 0.0039767 0.00415903 0.00431963 0.00445563 0.00456454 0.00464437 0.00469364 0.00471143 0.00469742 0.00465187 0.00457566 0.00447022 0.00433749 0.00417992 0.00400034 0.00380193 0.00358808 0.00336237 0.00312842 0.00288981 0.00265001 0.00241226 0.00217956 0.00195454 0.00173948 0.00153623 0.00134623 0.00117052 0.00100971 0.000864047 0.000733445 0.000617523 0.000515656 0.000427026 0.000350673 0.000285543 0.00023053 0.000184519 0.000146413 0.000115163 8.97859e-05 6.93809e-05 5.31348e-05 4.03272e-05 3.03301e-05 2.26039e-05 1.6692e-05 1.22136e-05 8.85532e-06 6.36281e-06 4.5326e-06 3.20414e-06 2.25272e-06 1.58316e-06 1.12452e-06 8.25707e-07 6.52394e-07 
8.10877e-07 8.50753e-07 1.02939e-06 1.36974e-06 1.91303e-06 2.72219e-06 3.88618e-06 5.52568e-06 7.79999e-06 1.09154e-05 1.51343e-05 2.07861e-05 2.82775e-05 3.81043e-05 5.08617e-05 6.72543e-05 8.81029e-05 0.00011435 0.000147059 0.000187409 0.000236686 0.000296261 0.000367564 0.000452053 0.000551163 0.000666264 0.000798598 0.000949218 0.00111892 0.00130819 0.00151712 0.00174536 0.0019921 0.00225599 0.00253515 0.00282716 0.00312909 0.00343752 0.00374862 0.00405821 0.00436185 0.00465495 0.00493289 0.00519112 0.00542528 0.00563134 0.00580567 0.00594514 0.00604725 0.00611015 0.00613267 0.00611443 0.00605577 0.00595778 0.00582226 0.00565168 0.00544911 0.00521814 0.00496276 0.00468731 0.0043963 0.00409435 0.00378603 0.00347576 0.00316774 0.00286581 0.00257341 0.00229348 0.00202848 0.00178032 0.0015504 0.00133957 0.00114824 0.000976347 0.000823466 0.000688844 0.000571471 0.000470142 0.000383524 0.000310205 0.00024875 0.000197745 0.000155826 0.000121713 9.42249e-05 7.22932e-05 5.49673e-05 4.14152e-05 3.09202e-05 2.28735e-05 1.67658e-05 1.21767e-05 8.76428e-06 6.25392e-06 4.42852e-06 3.119e-06 2.19604e-06 1.56306e-06 1.1504e-06 9.11186e-07 
1.15731e-06 1.21524e-06 1.46962e-06 1.95268e-06 2.72219e-06 3.86606e-06 5.50834e-06 7.81682e-06 1.10124e-05 1.53804e-05 2.12828e-05 2.91722e-05 3.96059e-05 5.32611e-05 7.09477e-05 9.3621e-05 0.00012239 0.000158523 0.000203445 0.000258729 0.000326082 0.000407317 0.000504312 0.00061897 0.000753154 0.000908623 0.00108695 0.00128946 0.00151712 0.00177045 0.0020495 0.0023537 0.00268188 0.00303217 0.00340201 0.00378817 0.00418673 0.00459319 0.00500252 0.00540923 0.00580756 0.00619156 0.00655525 0.00689275 0.00719848 0.00746725 0.00769442 0.007876 0.00800878 0.00809041 0.00811942 0.00809531 0.00801852 0.00789046 0.00771343 0.0074906 0.00722589 0.00692389 0.00658976 0.00622905 0.0058476 0.00545137 0.00504629 0.00463811 0.00423232 0.00383395 0.00344752 0.00307696 0.00272554 0.00239586 0.00208982 0.00180866 0.00155298 0.00132281 0.00111768 0.000936653 0.000778485 0.000641642 0.000524409 0.000424958 0.000341416 0.000271926 0.00021469 0.000168009 0.000130312 0.000100169 7.63052e-05 5.75993e-05 4.30825e-05 3.1929e-05 2.34457e-05 1.70589e-05 1.23002e-05 8.79269e-06 6.23749e-06 4.40119e-06 3.10491e-06 2.21475e-06 1.63398e-06 1.29748e-06 
1.65761e-06 1.74186e-06 2.10513e-06 2.79287e-06 3.88618e-06 5.50834e-06 7.83278e-06 1.10935e-05 1.5598e-05 2.17419e-05 3.0026e-05 4.10742e-05 5.56529e-05 7.46894e-05 9.92896e-05 0.000130753 0.000170582 0.000220488 0.000282387 0.000358384 0.000450753 0.000561893 0.000694281 0.000850407 0.00103269 0.0012434 0.00148453 0.00175773 0.00206416 0.00240441 0.00277838 0.0031852 0.00362319 0.00408974 0.0045814 0.00509379 0.00562171 0.00615917 0.00669955 0.00723567 0.00775999 0.00826478 0.00874226 0.00918488 0.0095854 0.00993716 0.0102342 0.0104714 0.0106447 0.010751 0.0107885 0.0107566 0.0106558 0.0104879 0.0102559 0.0099639 0.00961685 0.0092207 0.00878207 0.00830815 0.00780647 0.00728477 0.00675074 0.00621193 0.00567548 0.00514804 0.00463557 0.00414332 0.00367567 0.00323614 0.00282735 0.00245105 0.00210816 0.00179886 0.0015226 0.00127831 0.0010644 0.00087893 0.000719689 0.000584303 0.000470325 0.000375308 0.000296873 0.000232764 0.000180879 0.000139301 0.000106313 8.04004e-05 6.0248e-05 4.47324e-05 3.29071e-05 2.39861e-05 1.7326e-05 1.24076e-05 8.81781e-06 6.23348e-06 4.40624e-06 3.14982e-06 2.32945e-06 1.8543e-06 
2.36514e-06 2.48695e-06 3.00351e-06 3.97859e-06 5.52568e-06 7.81682e-06 1.10935e-05 1.5681e-05 2.20051e-05 3.06126e-05 4.21933e-05 5.76043e-05 7.78945e-05 0.000104329 0.000138412 0.000181903 0.000236831 0.000305495 0.000390459 0.000494529 0.000620719 0.000772195 0.000952204 0.00116399 0.00141068 0.00169517 0.00201998 0.00238716 0.00279807 0.00325331 0.00375259 0.00429459 0.00487689 0.00549595 0.00614704 0.00682433 0.0075209 0.00822886 0.00893951 0.00964348 0.010331 0.010992 0.0116165 0.0121947 0.0127173 0.0131759 0.0135628 0.0138715 0.0140968 0.0142348 0.0142832 0.0142411 0.0141093 0.0138902 0.0135874 0.0132062 0.0127531 0.0122355 0.0116619 0.0110417 0.0103844 0.00970019 0.00899889 0.00829033 0.00758386 0.00688815 0.0062111 0.00555963 0.00493961 0.00435578 0.00381173 0.00330994 0.00285178 0.00243763 0.00206696 0.00173847 0.00145021 0.00119974 0.000984207 0.000800563 0.000645615 0.000516159 0.000409061 0.00032133 0.000250173 0.000193029 0.000147592 0.000111825 8.39504e-05 6.24446e-05 4.60202e-05 3.36046e-05 2.43172e-05 1.74453e-05 1.24205e-05 8.79663e-06 6.23032e-06 4.4634e-06 3.30878e-06 2.64025e-06 
3.35078e-06 3.52536e-06 4.25443e-06 5.62678e-06 7.79999e-06 1.10124e-05 1.5598e-05 2.20051e-05 3.08195e-05 4.27911e-05 5.8863e-05 8.02038e-05 0.000108239 0.000144681 0.00019156 0.000251242 0.000326444 0.000420232 0.000536011 0.000677492 0.000848637 0.00105359 0.00129657 0.00158176 0.00191318 0.00229448 0.00272882 0.00321867 0.00376563 0.00437025 0.00503191 0.00574863 0.00651705 0.00733232 0.00818811 0.00907664 0.00998882 0.0109143 0.0118418 0.0127592 0.0136537 0.0145127 0.0153231 0.0160727 0.0167496 0.0173429 0.017843 0.0182416 0.0185323 0.01871 0.0187719 0.018717 0.0185462 0.0182624 0.0178703 0.0173766 0.0167895 0.0161184 0.0153743 0.0145688 0.0137143 0.0128237 0.0119097 0.010985 0.0100616 0.00915079 0.00826295 0.00740715 0.00659117 0.00582136 0.0051026 0.00443834 0.00383058 0.00328005 0.00278627 0.00234773 0.00196206 0.0016262 0.00133656 0.00108922 0.000880062 0.000704929 0.000559722 0.000440511 0.000343608 0.000265619 0.000203475 0.000154452 0.000116165 8.65645e-05 6.39116e-05 4.67531e-05 3.38925e-05 2.43582e-05 1.73736e-05 1.23276e-05 8.74839e-06 6.28086e-06 4.6671e-06 3.73299e-06 
4.70685e-06 4.95464e-06 5.97457e-06 7.88918e-06 1.09154e-05 1.53804e-05 2.17419e-05 3.06126e-05 4.27911e-05 5.92965e-05 8.14072e-05 0.000110702 0.000149099 0.0001989 0.000262815 0.000343998 0.000446052 0.000573031 0.000729414 0.000920055 0.00115012 0.00142497 0.00175003 0.00213066 0.00257191 0.00307839 0.00365395 0.00430157 0.00502301 0.00581871 0.00668753 0.00762661 0.00863129 0.00969502 0.0108094 0.0119642 0.0131475 0.014346 0.015545 0.0167291 0.0178821 0.0189876 0.0200294 0.0209918 0.0218599 0.0226201 0.0232603 0.0237702 0.0241416 0.0243684 0.0244469 0.024376 0.0241567 0.0237927 0.0232901 0.0226569 0.0219036 0.021042 0.0200858 0.0190497 0.0179495 0.0168013 0.0156213 0.0144258 0.0132302 0.012049 0.0108955 0.00978164 0.00871762 0.00771186 0.00677092 0.00589952 0.00510058 0.00437531 0.00372339 0.00314312 0.00263168 0.00218529 0.00179947 0.00146925 0.00118939 0.000954518 0.000759345 0.000598756 0.000467929 0.000362406 0.00027814 0.000211521 0.000159382 0.000118987 8.80096e-05 6.44979e-05 4.68402e-05 3.37242e-05 2.40977e-05 1.71307e-05 1.21811e-05 8.76421e-06 6.52774e-06 5.23348e-06 
6.55171e-06 6.89982e-06 8.31327e-06 1.09595e-05 1.51343e-05 2.12828e-05 3.0026e-05 4.21933e-05 5.8863e-05 8.14072e-05 0.000111542 0.000151379 0.000203477 0.000270892 0.000357215 0.000466604 0.000603792 0.00077408 0.000983297 0.00123773 0.00154404 0.00190909 0.00233978 0.00284287 0.00342468 0.00409086 0.00484612 0.00569389 0.0066361 0.00767288 0.00880235 0.0100205 0.0113208 0.0126947 0.014131 0.0156165 0.0171358 0.0186718 0.0202059 0.0217184 0.0231889 0.0245969 0.0259219 0.0271445 0.0282462 0.0292099 0.0300208 0.0306661 0.0311356 0.0314219 0.0315205 0.0314299 0.0311515 0.0306898 0.0300522 0.029249 0.0282926 0.0271982 0.0259824 0.0246639 0.023262 0.0217971 0.0202898 0.0187601 0.0172279 0.0157116 0.0142282 0.0127932 0.0114197 0.0101188 0.00889919 0.00776736 0.0067274 0.00578126 0.00492892 0.00416855 0.00349685 0.00290924 0.00240019 0.00196351 0.00159257 0.00128055 0.00102067 0.000806366 0.000631385 0.000489933 0.000376727 0.000287033 0.000216684 0.000162066 0.000120093 8.81706e-05 6.4148e-05 4.62692e-05 3.31223e-05 2.35905e-05 1.68079e-05 1.21194e-05 9.04796e-06 7.27087e-06 
9.03484e-06 9.51885e-06 1.14589e-05 1.50815e-05 2.07861e-05 2.91722e-05 4.10742e-05 5.76043e-05 8.02038e-05 0.000110702 0.000151379 0.000205031 0.000275039 0.000365419 0.00048088 0.000626846 0.000809471 0.00103561 0.00131278 0.00164903 0.00205283 0.00253289 0.00309787 0.00375618 0.00451563 0.00538307 0.00636409 0.0074626 0.00868055 0.0100176 0.0114707 0.0130344 0.0146998 0.0164556 0.0182874 0.020178 0.0221079 0.0240553 0.0259969 0.0279079 0.0297629 0.0315365 0.0332034 0.0347394 0.0361219 0.0373302 0.0383458 0.0391534 0.0397405 0.040098 0.0402205 0.0401061 0.0397566 0.0391776 0.038378 0.0373702 0.0361698 0.0347949 0.0332663 0.0316067 0.0298401 0.0279916 0.0260867 0.0241506 0.0222081 0.0202823 0.0183949 0.0165654 0.0148109 0.0131457 0.0115813 0.0101262 0.00878634 0.00756458 0.00646141 0.00547501 0.0046016 0.00383575 0.00317075 0.00259894 0.00211207 0.00170159 0.00135892 0.00107568 0.000843893 0.000656094 0.000505459 0.000385848 0.00029183 0.000218678 0.000162343 0.000119409 8.70338e-05 6.28912e-05 4.51044e-05 3.21855e-05 2.29777e-05 1.66041e-05 1.24253e-05 1.00079e-05 
1.23424e-05 1.30084e-05 1.56455e-05 2.05573e-05 2.82775e-05 3.96059e-05 5.56529e-05 7.78945e-05 0.000108239 0.000149099 0.000203477 0.000275039 0.0003682 0.000488193 0.000641121 0.000833993 0.00107472 0.00137208 0.00173564 0.00217561 0.00270265 0.00332764 0.00406136 0.00491412 0.0058954 0.00701341 0.00827464 0.00968342 0.0112415 0.0129478 0.0147979 0.0167838 0.0188944 0.0211144 0.0234254 0.0258056 0.0282304 0.0306725 0.0331028 0.0354907 0.0378049 0.040014 0.0420875 0.0439957 0.0457112 0.0472089 0.0484667 0.0494659 0.0501916 0.050633 0.0507834 0.0506408 0.0502073 0.0494894 0.0484981 0.0472483 0.0457585 0.0440509 0.0421506 0.040085 0.0378835 0.0355768 0.033196 0.0307724 0.0283365 0.0259171 0.0235414 0.021234 0.0190166 0.0169075 0.0149216 0.0130706 0.011362 0.00980052 0.00838726 0.00712061 0.00599637 0.00500821 0.00414812 0.00340679 0.00277408 0.00223937 0.00179194 0.00142125 0.00111718 0.000870258 0.000671751 0.000513773 0.000389323 0.000292283 0.000217392 0.000160196 0.000116977 8.46844e-05 6.08471e-05 4.35023e-05 3.11196e-05 2.25368e-05 1.69045e-05 1.36468e-05 
1.67029e-05 1.76101e-05 2.11601e-05 2.77561e-05 3.81043e-05 5.32611e-05 7.46894e-05 0.000104329 0.000144681 0.0001989 0.000270892 0.000365419 0.000488193 0.000645954 0.000846538 0.0010989 0.00141311 0.00180029 0.00227247 0.00284245 0.00352351 0.00432907 0.00527235 0.00636586 0.00762095 0.00904724 0.0106521 0.0124402 0.0144128 0.0165676 0.0188983 0.0213941 0.0240401 0.026817 0.0297013 0.0326655 0.0356789 0.0387078 0.0417162 0.0446668 0.0475216 0.0502426 0.0527926 0.0551364 0.0572409 0.0590763 0.0606161 0.0618383 0.0627252 0.063264 0.0634468 0.0632711 0.0627395 0.0618599 0.0606451 0.0591128 0.0572851 0.0551885 0.0528528 0.050311 0.0475983 0.0447519 0.0418094 0.0388089 0.0357876 0.0327812 0.0298232 0.0269442 0.0241714 0.0215283 0.0190341 0.0167036 0.0145476 0.0125723 0.0107803 0.00917029 0.00773777 0.00647557 0.00537425 0.00442268 0.00360854 0.00291885 0.00234034 0.0018599 0.00146489 0.00114337 0.000884292 0.000677643 0.000514487 0.000386985 0.000288372 0.000212898 0.00015575 0.000112963 8.1318e-05 5.82499e-05 4.17541e-05 3.03046e-05 2.27846e-05 1.84355e-05 
2.23933e-05 2.36164e-05 2.83497e-05 3.7123e-05 5.08617e-05 7.09477e-05 9.92896e-05 0.000138412 0.00019156 0.000262815 0.000357215 0.00048088 0.000641121 0.000846538 0.00110708 0.00143409 0.00184022 0.00233941 0.00294666 0.00367781 0.00454918 0.00557719 0.0067778 0.00816598 0.00975509 0.0115562 0.0135776 0.0158238 0.0182954 0.0209884 0.0238938 0.0269974 0.0302797 0.0337161 0.0372772 0.0409287 0.0446328 0.0483482 0.0520312 0.0556368 0.0591191 0.0624328 0.0655337 0.0683798 0.0709322 0.0731557 0.0750194 0.0764972 0.0775687 0.0782188 0.0784384 0.0782246 0.0775805 0.0765152 0.0750437 0.0731868 0.0709704 0.0684254 0.0655872 0.0624947 0.0591898 0.0557165 0.0521201 0.0484463 0.0447399 0.0410445 0.037401 0.0338472 0.0304169 0.0271395 0.0240394 0.0211359 0.0184432 0.0159702 0.013721 0.0116952 0.00988818 0.00829201 0.00689579 0.0056864 0.00464911 0.0037682 0.00302749 0.00241085 0.00190264 0.001488 0.00115311 0.000885375 0.000673508 0.00050757 0.000378948 0.000280296 0.000205441 0.000149282 0.000107666 7.72733e-05 5.55034e-05 4.03725e-05 3.04254e-05 2.46732e-05 
2.97439e-05 3.13763e-05 3.76274e-05 4.91862e-05 6.72543e-05 9.3621e-05 0.000130753 0.000181903 0.000251242 0.000343998 0.000466604 0.000626846 0.000833993 0.0010989 0.00143409 0.00185372 0.0023736 0.00301097 0.00378433 0.00471307 0.00581703 0.00711599 0.00862901 0.0103737 0.0123657 0.0146173 0.0171375 0.0199305 0.0229956 0.0263266 0.0299108 0.0337298 0.0377585 0.041966 0.0463157 0.0507655 0.0552692 0.059777 0.0642365 0.0685936 0.0727941 0.0767844 0.0805127 0.0839297 0.0869902 0.0896533 0.091883 0.0936496 0.0949293 0.0957048 0.0959658 0.0957088 0.0949375 0.0936622 0.0919004 0.089676 0.0870189 0.083965 0.0805553 0.0768351 0.0728537 0.0686627 0.0643156 0.0598666 0.0553695 0.0508763 0.0464366 0.0420965 0.0378975 0.033876 0.0300629 0.0264828 0.0231543 0.0200895 0.017295 0.0147716 0.0125149 0.0105163 0.00876368 0.00724167 0.00593293 0.00481868 0.00387943 0.00309559 0.002448 0.00191837 0.00148959 0.00114599 0.000873467 0.000659539 0.000493352 0.00036561 0.000268477 0.000195454 0.000141235 0.000101564 7.31007e-05 5.32899e-05 4.02545e-05 3.27168e-05 
3.91435e-05 4.13006e-05 4.94782e-05 6.45641e-05 8.81029e-05 0.00012239 0.000170582 0.000236831 0.000326444 0.000446052 0.000603792 0.000809471 0.00107472 0.00141311 0.00184022 0.0023736 0.00303272 0.00383873 0.00481416 0.00598247 0.00736753 0.00899285 0.0108809 0.0130522 0.0155243 0.0183111 0.0214217 0.0248597 0.0286223 0.0327002 0.0370764 0.0417269 0.0466202 0.0517176 0.0569742 0.0623389 0.067756 0.0731659 0.0785064 0.0837138 0.0887246 0.0934762 0.0979085 0.101965 0.105593 0.108746 0.111384 0.113471 0.114982 0.115897 0.116204 0.115898 0.114986 0.113477 0.111392 0.108758 0.105608 0.101985 0.0979354 0.0935105 0.0887675 0.0837665 0.0785697 0.0732408 0.0678431 0.0624384 0.0570862 0.0518417 0.0467555 0.0418724 0.0372307 0.0328614 0.0287885 0.0250287 0.0215914 0.0184792 0.0156888 0.013211 0.0110324 0.00913547 0.00750016 0.0061043 0.00492468 0.00393777 0.00312039 0.00245025 0.00190643 0.0014696 0.00112233 0.000849109 0.000636382 0.000472507 0.000347634 0.000253561 0.000183573 0.000132269 9.53969e-05 6.96975e-05 5.27717e-05 4.29848e-05 
5.10424e-05 5.38649e-05 6.44625e-05 8.39686e-05 0.00011435 0.000158523 0.000220488 0.000305495 0.000420232 0.000573031 0.00077408 0.00103561 0.00137208 0.00180029 0.00233941 0.00301097 0.00383873 0.00484832 0.0060669 0.00752257 0.00924361 0.0112577 0.0135909 0.0162667 0.0193048 0.02272 0.0265214 0.030711 0.0352836 0.0402254 0.0455143 0.0511193 0.0570012 0.0631124 0.0693983 0.0757975 0.0822436 0.0886663 0.0949926 0.101148 0.10706 0.112656 0.117866 0.122627 0.12688 0.130572 0.133656 0.136095 0.137859 0.138925 0.139282 0.138924 0.137856 0.136091 0.133652 0.130568 0.126879 0.122629 0.117872 0.112668 0.10708 0.101178 0.0950335 0.0887197 0.0823105 0.0758788 0.0694943 0.0632233 0.0571264 0.051258 0.0456651 0.0403866 0.035453 0.0308864 0.0267002 0.0228997 0.0194829 0.0164407 0.0137587 0.0114172 0.00939334 0.00766128 0.00619377 0.00496287 0.00394084 0.00310086 0.00241754 0.00186735 0.00142893 0.00108319 0.000813393 0.000605097 0.000446033 0.000325951 0.000236435 0.000170693 0.000123364 9.03301e-05 6.8553e-05 5.59613e-05 
6.59541e-05 6.96113e-05 8.32179e-05 0.000108207 0.000147059 0.000203445 0.000282387 0.000390459 0.000536011 0.000729414 0.000983297 0.00131278 0.00173564 0.00227247 0.00294666 0.00378433 0.00481416 0.0060669 0.00757495 0.00937151 0.0114898 0.0139619 0.0168177 0.0200836 0.0237811 0.0279258 0.0325259 0.0375813 0.043083 0.0490121 0.0553396 0.0620267 0.0690246 0.0762758 0.0837143 0.0912676 0.0988573 0.106401 0.113815 0.121013 0.127911 0.134428 0.140486 0.146012 0.150942 0.155215 0.158781 0.161599 0.163634 0.164864 0.165274 0.164858 0.163624 0.161584 0.158763 0.155194 0.150919 0.145991 0.140467 0.134413 0.127903 0.121013 0.113826 0.106426 0.0988964 0.0913229 0.0837868 0.0763659 0.0691324 0.0621515 0.0554804 0.0491672 0.0432503 0.0377583 0.0327098 0.0281138 0.0239703 0.0202709 0.0170005 0.0141377 0.0116565 0.00952741 0.00771877 0.00619782 0.00493175 0.00388858 0.00303787 0.00235125 0.00180281 0.00136931 0.00103026 0.000767905 0.000567126 0.000415236 0.000301779 0.000218298 0.000158096 0.000116017 8.82515e-05 7.21969e-05 
8.44546e-05 8.91477e-05 0.000106457 0.000138178 0.000187409 0.000258729 0.000358384 0.000494529 0.000677492 0.000920055 0.00123773 0.00164903 0.00217561 0.00284245 0.00367781 0.00471307 0.00598247 0.00752257 0.00937151 0.0115682 0.014151 0.0171569 0.0206194 0.0245677 0.029025 0.0340067 0.0395196 0.0455606 0.0521156 0.0591591 0.0666541 0.0745522 0.082794 0.0913102 0.100023 0.108846 0.117688 0.126456 0.135051 0.143377 0.15134 0.158848 0.165813 0.172157 0.177807 0.182699 0.186776 0.189994 0.192317 0.193719 0.194185 0.193709 0.192298 0.189967 0.186741 0.182657 0.177761 0.172109 0.165764 0.1588 0.151298 0.143342 0.135026 0.126444 0.117692 0.108867 0.100063 0.0913713 0.0828761 0.0746552 0.0667772 0.0593009 0.0522742 0.0457334 0.0397037 0.0341987 0.0292216 0.0247656 0.0208152 0.0173476 0.014334 0.0117411 0.00953252 0.00767041 0.00611635 0.00483264 0.00378316 0.00293405 0.00225419 0.00171554 0.00129328 0.00096582 0.000714662 0.000524259 0.000381748 0.000276691 0.0002008 0.00014768 0.000112595 9.23078e-05 
0.000107178 0.000113143 0.000134963 0.000174865 0.000236686 0.000326082 0.000450753 0.000620719 0.000848637 0.00115012 0.00154404 0.00205283 0.00270265 0.00352351 0.00454918 0.00581703 0.00736753 0.00924361 0.0114898 0.014151 0.0172714 0.0208923 0.0250514 0.0297803 0.035103 0.0410343 0.0475786 0.0547282 0.0624629 0.0707492 0.0795403 0.0887769 0.0983872 0.108289 0.11839 0.128591 0.138787 0.14887 0.158731 0.168261 0.177354 0.185909 0.193832 0.201035 0.207439 0.212976 0.217586 0.221221 0.223842 0.225423 0.225947 0.225409 0.223814 0.22118 0.217533 0.212912 0.207367 0.200956 0.193749 0.185825 0.177272 0.168184 0.158664 0.148815 0.138748 0.12857 0.11839 0.108312 0.098435 0.0888495 0.0796376 0.07087 0.0626055 0.0548901 0.0477567 0.0412252 0.0353028 0.0299852 0.0252576 0.021096 0.0174692 0.0143402 0.0116678 0.00940858 0.0075182 0.00595269 0.0046696 0.00362892 0.00279366 0.00213032 0.00160913 0.00120402 0.00089263 0.000656065 0.000478646 0.000347607 0.000252786 0.000186321 0.000142381 0.000116971 
0.00013481 0.000142321 0.000169579 0.000219323 0.000296261 0.000407317 0.000561893 0.000772195 0.00105359 0.00142497 0.00190909 0.00253289 0.00332764 0.00432907 0.00557719 0.00711599 0.00899285 0.0112577 0.0139619 0.0171569 0.0208923 0.0252147 0.0301649 0.0357766 0.0420741 0.0490706 0.0567666 0.0651488 0.0741891 0.0838444 0.0940568 0.104754 0.11585 0.127249 0.138843 0.150518 0.162156 0.173634 0.184829 0.195622 0.205896 0.215542 0.224456 0.232545 0.239726 0.245925 0.25108 0.25514 0.258066 0.259828 0.260411 0.259809 0.258028 0.255085 0.251008 0.245838 0.239625 0.232434 0.224336 0.215417 0.205771 0.195499 0.184713 0.173529 0.162067 0.150448 0.138795 0.127226 0.115855 0.104787 0.0941195 0.0839357 0.0743076 0.0652922 0.0569319 0.0492541 0.0422718 0.035984 0.0303777 0.0254285 0.0211031 0.0173609 0.0141561 0.0114396 0.00916052 0.00726823 0.00571339 0.00444916 0.00343201 0.00262231 0.00198463 0.00148786 0.00110518 0.000813838 0.000594895 0.000432881 0.000315446 0.000233013 0.000178464 0.000146917 
0.000168076 0.000177445 0.000211193 0.000272658 0.000367564 0.000504312 0.000694281 0.000952204 0.00129657 0.00175003 0.00233978 0.00309787 0.00406136 0.00527235 0.0067778 0.00862901 0.0108809 0.0135909 0.0168177 0.0206194 0.0250514 0.0301649 0.0360038 0.0426031 0.0499865 0.0581642 0.0671317 0.0768683 0.0873365 0.0984818 0.110233 0.122503 0.135192 0.148187 0.161365 0.174596 0.187745 0.200678 0.213259 0.225356 0.236844 0.247604 0.257528 0.266516 0.27448 0.281345 0.287047 0.291533 0.294762 0.296706 0.297348 0.296682 0.294715 0.291463 0.286956 0.281234 0.274351 0.266371 0.25737 0.247438 0.236673 0.225184 0.213091 0.200519 0.187601 0.174469 0.161262 0.148111 0.135146 0.122489 0.110252 0.0985348 0.0874224 0.0769852 0.0672766 0.0583335 0.0501759 0.0428079 0.0362189 0.0303853 0.0252723 0.0208364 0.0170269 0.013789 0.0110654 0.00879803 0.00693026 0.00540779 0.00417989 0.00320009 0.00242665 0.00182276 0.00135653 0.00100083 0.000732984 0.000534408 0.000390227 0.000288876 0.000221743 0.000182916 
0.000207724 0.000219304 0.00026072 0.000336002 0.000452053 0.00061897 0.000850407 0.00116399 0.00158176 0.00213066 0.00284287 0.00375618 0.00491412 0.00636586 0.00816598 0.0103737 0.0130522 0.0162667 0.0200836 0.0245677 0.0297803 0.0357766 0.0426031 0.0502953 0.0588749 0.0683479 0.0787031 0.0899107 0.101922 0.114669 0.128066 0.14201 0.156383 0.171056 0.18589 0.200737 0.21545 0.229877 0.243873 0.257294 0.270008 0.281887 0.292819 0.302699 0.311439 0.318961 0.325199 0.330101 0.333627 0.335748 0.336448 0.33572 0.333571 0.330018 0.32509 0.318827 0.311283 0.302522 0.292624 0.281679 0.26979 0.257072 0.243651 0.229661 0.215245 0.20055 0.185725 0.170919 0.156278 0.14194 0.128033 0.114675 0.101967 0.0899926 0.0788196 0.0684956 0.0590493 0.0504914 0.0428154 0.0359993 0.030008 0.0247951 0.0203059 0.0164799 0.0132528 0.0105594 0.00833491 0.00651713 0.00504747 0.00387196 0.00294186 0.00221401 0.00165084 0.00122028 0.000895404 0.000654097 0.000478594 0.000355051 0.00027314 0.00022576 
0.000254507 0.000268689 0.000319073 0.000410483 0.000551163 0.000753154 0.00103269 0.00141068 0.00191318 0.00257191 0.00342468 0.00451563 0.0058954 0.00762095 0.00975509 0.0123657 0.0155243 0.0193048 0.0237811 0.029025 0.035103 0.0420741 0.0499865 0.0588749 0.0687577 0.0796353 0.0914879 0.104275 0.117933 0.132382 0.147516 0.163217 0.179349 0.195763 0.212303 0.228806 0.245108 0.261047 0.276463 0.291205 0.305133 0.318114 0.330032 0.340782 0.350272 0.358426 0.365178 0.370479 0.374287 0.376577 0.377331 0.376545 0.374224 0.370384 0.365053 0.358271 0.35009 0.340574 0.329802 0.317865 0.304869 0.290932 0.276186 0.260772 0.244842 0.228554 0.212072 0.19556 0.179178 0.163084 0.147424 0.132333 0.117929 0.104313 0.0915679 0.0797536 0.06891 0.0590558 0.0501902 0.0422943 0.0353334 0.0292595 0.0240142 0.0195313 0.0157401 0.0125674 0.00994038 0.00778827 0.00604403 0.00464556 0.00353648 0.0026666 0.00199207 0.00147528 0.00108456 0.000793808 0.000581986 0.000432668 0.000333573 0.000276246 
0.000309156 0.00032637 0.000387135 0.000497179 0.000666264 0.000908623 0.0012434 0.00169517 0.00229448 0.00307839 0.00409086 0.00538307 0.00701341 0.00904724 0.0115562 0.0146173 0.0183111 0.02272 0.0279258 0.0340067 0.0410343 0.0490706 0.0581642 0.0683479 0.0796353 0.0920191 0.105469 0.119931 0.135329 0.151562 0.168509 0.18603 0.203972 0.222167 0.24044 0.258613 0.276507 0.293946 0.310763 0.326799 0.341905 0.355949 0.368811 0.380386 0.390585 0.399332 0.406565 0.412236 0.416307 0.418753 0.419558 0.418717 0.416237 0.412131 0.406427 0.39916 0.390382 0.380153 0.36855 0.355664 0.3416 0.326478 0.310434 0.293614 0.276178 0.258295 0.240141 0.221894 0.203732 0.185829 0.16835 0.15145 0.135267 0.119919 0.105505 0.0921002 0.079758 0.0685068 0.0583532 0.0492829 0.0412629 0.0342447 0.0281666 0.0229577 0.0185405 0.0148342 0.0117575 0.00923057 0.00717756 0.0055276 0.00421604 0.00318504 0.00238383 0.0017687 0.0013027 0.000955286 0.000701765 0.000522806 0.000403926 0.000335142 
0.000372352 0.000393063 0.000465726 0.000597082 0.000798598 0.00108695 0.00148453 0.00201998 0.00272882 0.00365395 0.00484612 0.00636409 0.00827464 0.0106521 0.0135776 0.0171375 0.0214217 0.0265214 0.0325259 0.0395196 0.0475786 0.0567666 0.0671317 0.0787031 0.0914879 0.105469 0.120604 0.136824 0.154035 0.172117 0.19093 0.210314 0.230093 0.250083 0.270091 0.289921 0.309382 0.328287 0.346459 0.363734 0.379961 0.395006 0.408749 0.421089 0.431938 0.441226 0.448894 0.454898 0.459204 0.461789 0.46264 0.461752 0.45913 0.454787 0.448746 0.441041 0.431718 0.420834 0.408463 0.39469 0.379619 0.363371 0.346081 0.327899 0.308993 0.289539 0.269723 0.249739 0.22978 0.210039 0.1907 0.171937 0.153908 0.136752 0.120587 0.105505 0.0915735 0.078833 0.0672996 0.0569652 0.0478004 0.0397569 0.0327711 0.0267676 0.0216628 0.0173683 0.013794 0.0108511 0.00845431 0.00652347 0.00498509 0.00377309 0.00282918 0.00210299 0.00155178 0.00114008 0.000839159 0.000626446 0.000485011 0.000403163 
0.000444696 0.000469395 0.000555555 0.000711044 0.000949218 0.00128946 0.00175773 0.00238716 0.00321867 0.00430157 0.00569389 0.0074626 0.00968342 0.0124402 0.0158238 0.0199305 0.0248597 0.030711 0.0375813 0.0455606 0.0547282 0.0651488 0.0768683 0.0899107 0.104275 0.119931 0.136824 0.154867 0.173945 0.193921 0.214631 0.235894 0.257515 0.279288 0.301004 0.322452 0.343428 0.363736 0.383193 0.401631 0.418898 0.434861 0.449403 0.462429 0.473856 0.483619 0.491667 0.497959 0.502468 0.505173 0.506063 0.505135 0.502392 0.497845 0.491514 0.483428 0.473626 0.462161 0.449099 0.434521 0.418527 0.401233 0.382773 0.3633 0.342984 0.322009 0.30057 0.278874 0.257129 0.235545 0.214326 0.193668 0.173749 0.15473 0.136748 0.119916 0.104316 0.0900047 0.0770086 0.0653279 0.054938 0.0457927 0.0378273 0.0309629 0.0251102 0.0201735 0.0160543 0.0126542 0.00987837 0.00763688 0.00584691 0.00443357 0.00333051 0.00248013 0.0018334 0.00134948 0.000995195 0.000744427 0.000577532 0.000480935 
0.000526671 0.000555872 0.00065719 0.00083973 0.00111892 0.00151712 0.00206416 0.00279807 0.00376563 0.00502301 0.0066361 0.00868055 0.0112415 0.0144128 0.0182954 0.0229956 0.0286223 0.0352836 0.043083 0.0521156 0.0624629 0.0741891 0.0873365 0.101922 0.117933 0.135329 0.154035 0.173945 0.194927 0.216817 0.239431 0.262566 0.286005 0.309523 0.332894 0.355894 0.378308 0.399933 0.42058 0.440081 0.458286 0.475066 0.49031 0.503928 0.515847 0.52601 0.534372 0.540902 0.545575 0.548378 0.549301 0.548341 0.545501 0.540789 0.534221 0.525818 0.515615 0.503655 0.489996 0.474712 0.457896 0.439657 0.420127 0.399456 0.377817 0.355396 0.332399 0.309041 0.285547 0.262142 0.23905 0.216488 0.194656 0.173739 0.153894 0.135255 0.117924 0.101973 0.0874428 0.0743427 0.0626553 0.0523376 0.0433256 0.0355376 0.0288796 0.0232489 0.0185386 0.014641 0.0114513 0.00886957 0.00680325 0.00516812 0.00388928 0.00290139 0.00214864 0.00158439 0.00117064 0.000877391 0.000682043 0.000568956 
0.000618609 0.000652841 0.000771007 0.000983561 0.00130819 0.00177045 0.00240441 0.00325331 0.00437025 0.00581871 0.00767288 0.0100176 0.0129478 0.0165676 0.0209884 0.0263266 0.0327002 0.0402254 0.0490121 0.0591591 0.0707492 0.0838444 0.0984818 0.114669 0.132382 0.151562 0.172117 0.193921 0.216817 0.240619 0.26512 0.290094 0.315302 0.340502 0.36545 0.389912 0.413663 0.436494 0.458217 0.478663 0.497687 0.515167 0.531 0.545106 0.557421 0.5679 0.576506 0.583215 0.588013 0.590888 0.591836 0.590853 0.587943 0.583108 0.57636 0.567714 0.557195 0.544836 0.530686 0.514809 0.497287 0.478223 0.457741 0.435987 0.413132 0.389367 0.3649 0.339957 0.314775 0.289597 0.264664 0.240214 0.21647 0.193641 0.171907 0.151424 0.132316 0.114672 0.0985482 0.0839668 0.0709188 0.0593664 0.0492471 0.0404781 0.0329614 0.0265878 0.0212426 0.0168088 0.0131716 0.0102209 0.00785405 0.00597703 0.00450594 0.00336729 0.00249803 0.00184531 0.00136593 0.00102573 0.000798902 0.000667564 
0.000720657 0.00076045 0.000897151 0.00114267 0.00151712 0.0020495 0.00277838 0.00375259 0.00503191 0.00668753 0.00880235 0.0114707 0.0147979 0.0188983 0.0238938 0.0299108 0.0370764 0.0455143 0.0553396 0.0666541 0.0795403 0.0940568 0.110233 0.128066 0.147516 0.168509 0.19093 0.214631 0.239431 0.26512 0.291467 0.318221 0.345125 0.371919 0.398344 0.424156 0.449122 0.473032 0.495698 0.516955 0.536665 0.554716 0.571016 0.585496 0.598106 0.60881 0.617584 0.624415 0.629293 0.632215 0.633179 0.632184 0.629229 0.624317 0.617451 0.608638 0.597893 0.585239 0.570713 0.554365 0.536267 0.51651 0.49521 0.472505 0.448563 0.423573 0.397748 0.37132 0.344537 0.317656 0.290937 0.264639 0.239008 0.214275 0.190648 0.168304 0.14739 0.128015 0.110254 0.0941426 0.0796821 0.0668419 0.0555628 0.045762 0.0373385 0.0301776 0.024157 0.019151 0.0150348 0.0116879 0.00899727 0.00685899 0.00517973 0.00387741 0.00288137 0.00213219 0.00158112 0.00118955 0.000928233 0.000776896 
0.000832742 0.000878617 0.0010355 0.00131685 0.00174536 0.0023537 0.0031852 0.00429459 0.00574863 0.00762661 0.0100205 0.0130344 0.0167838 0.0213941 0.0269974 0.0337298 0.0417269 0.0511193 0.0620267 0.0745522 0.0887769 0.104754 0.122503 0.14201 0.163217 0.18603 0.210314 0.235894 0.262566 0.290094 0.318221 0.346677 0.375182 0.403461 0.431243 0.458274 0.484317 0.509163 0.532625 0.554549 0.574804 0.593289 0.609928 0.624664 0.637462 0.6483 0.657166 0.664056 0.668971 0.671914 0.672886 0.671887 0.668917 0.663972 0.65705 0.648148 0.637271 0.624429 0.609646 0.592957 0.57442 0.554112 0.532139 0.508629 0.483742 0.457665 0.43061 0.402817 0.374539 0.346049 0.317623 0.289539 0.262068 0.235463 0.209958 0.185756 0.163026 0.141902 0.122475 0.104798 0.088886 0.074716 0.0622339 0.0513584 0.0419866 0.0339995 0.0272677 0.0216569 0.0170328 0.0132645 0.0102287 0.007811 0.00590855 0.00443033 0.00329773 0.0024444 0.00181581 0.00136859 0.00106989 0.000896859 
0.000954547 0.001007 0.00118563 0.00150552 0.0019921 0.00268188 0.00362319 0.00487689 0.00651705 0.00863129 0.0113208 0.0146998 0.0188944 0.0240401 0.0302797 0.0377585 0.0466202 0.0570012 0.0690246 0.082794 0.0983872 0.11585 0.135192 0.156383 0.179349 0.203972 0.230093 0.257515 0.286005 0.315302 0.345125 0.375182 0.405176 0.434814 0.463816 0.491921 0.518892 0.54452 0.568626 0.591064 0.611718 0.630499 0.647346 0.66222 0.675101 0.68598 0.694861 0.701751 0.70666 0.709598 0.71057 0.709577 0.706619 0.701685 0.694768 0.685855 0.674939 0.662016 0.647094 0.630195 0.611359 0.590649 0.568153 0.543992 0.518313 0.491298 0.463159 0.434135 0.404488 0.3745 0.344465 0.314679 0.285434 0.25701 0.229664 0.203626 0.179091 0.156214 0.13511 0.115849 0.0984595 0.0829296 0.069212 0.0572281 0.0468745 0.0380285 0.0305548 0.0243113 0.019154 0.0149421 0.0115417 0.00882825 0.0066889 0.00502352 0.0037453 0.0027807 0.00206911 0.00156224 0.00122341 0.0010271 
0.00108548 0.00114498 0.00134678 0.0017077 0.00225599 0.00303217 0.00408974 0.00549595 0.00733232 0.00969502 0.0126947 0.0164556 0.0211144 0.026817 0.0337161 0.041966 0.0517176 0.0631124 0.0762758 0.0913102 0.108289 0.127249 0.148187 0.171056 0.195763 0.222167 0.250083 0.279288 0.309523 0.340502 0.371919 0.403461 0.434814 0.465672 0.495747 0.524773 0.552514 0.578766 0.60336 0.62616 0.647065 0.666004 0.682933 0.69783 0.71069 0.721524 0.730347 0.737179 0.742041 0.744949 0.745913 0.744936 0.742014 0.737134 0.73028 0.72143 0.710564 0.697664 0.682721 0.66574 0.646743 0.625776 0.602912 0.578256 0.551944 0.524149 0.495077 0.464969 0.434091 0.402734 0.371204 0.339817 0.308885 0.278712 0.249581 0.221749 0.195437 0.170824 0.148048 0.127199 0.108321 0.091414 0.0764397 0.0633238 0.0519635 0.0422337 0.0339939 0.0270947 0.0213833 0.016709 0.0129275 0.00990407 0.00751581 0.00565333 0.00422141 0.00313914 0.00233963 0.00176947 0.00138802 0.00116697 
0.00122468 0.00129163 0.00151787 0.00192198 0.00253515 0.00340201 0.0045814 0.00614704 0.00818811 0.0108094 0.014131 0.0182874 0.0234254 0.0297013 0.0372772 0.0463157 0.0569742 0.0693983 0.0837143 0.100023 0.11839 0.138843 0.161365 0.18589 0.212303 0.24044 0.270091 0.301004 0.332894 0.36545 0.398344 0.431243 0.463816 0.495747 0.52674 0.556529 0.584881 0.6116 0.636526 0.65954 0.680556 0.699521 0.716411 0.731221 0.743966 0.754672 0.76337 0.770092 0.77487 0.777725 0.778674 0.77772 0.774858 0.770071 0.763333 0.754615 0.743881 0.731099 0.716245 0.699304 0.680279 0.659198 0.636116 0.611119 0.584332 0.555916 0.526071 0.495032 0.463069 0.430481 0.397584 0.364711 0.332194 0.300361 0.269519 0.239953 0.211909 0.185594 0.161168 0.138742 0.118379 0.100092 0.0838518 0.0695911 0.0572088 0.0465784 0.0375554 0.0299836 0.0237021 0.0185507 0.0143749 0.0110299 0.00838283 0.00631493 0.00472249 0.00351707 0.00262541 0.00198882 0.00156259 0.00131553 
0.00137099 0.00144573 0.00169744 0.00214653 0.00282716 0.00378817 0.00509379 0.00682433 0.00907664 0.0119642 0.0156165 0.020178 0.0258056 0.0326655 0.0409287 0.0507655 0.0623389 0.0757975 0.0912676 0.108846 0.128591 0.150518 0.174596 0.200737 0.228806 0.258613 0.289921 0.322452 0.355894 0.389912 0.424156 0.458274 0.491921 0.524773 0.556529 0.586925 0.615732 0.642763 0.667874 0.690961 0.711956 0.730826 0.747565 0.76219 0.774734 0.78524 0.793752 0.800319 0.804978 0.807762 0.808689 0.807765 0.804983 0.800322 0.793749 0.785221 0.774694 0.762118 0.747452 0.730662 0.711733 0.69067 0.667511 0.642323 0.615215 0.586334 0.555871 0.524057 0.491161 0.457486 0.423359 0.389126 0.355139 0.321747 0.289284 0.258059 0.228346 0.200378 0.17434 0.150365 0.128534 0.108877 0.091376 0.0759692 0.0625597 0.0510211 0.0412054 0.0329508 0.0260887 0.02045 0.0158706 0.0121955 0.0092821 0.00700238 0.00524408 0.00391119 0.00292397 0.00221841 0.00174564 0.00147155 
0.00152295 0.00160576 0.00188373 0.00237911 0.00312909 0.00418673 0.00562171 0.0075209 0.00998882 0.0131475 0.0171358 0.0221079 0.0282304 0.0356789 0.0446328 0.0552692 0.067756 0.0822436 0.0988573 0.117688 0.138787 0.162156 0.187745 0.21545 0.245108 0.276507 0.309382 0.343428 0.378308 0.413663 0.449122 0.484317 0.518892 0.552514 0.584881 0.615732 0.644845 0.672046 0.697205 0.720236 0.741091 0.759757 0.776248 0.790603 0.802872 0.813114 0.821391 0.827761 0.832275 0.83497 0.83587 0.834983 0.832298 0.827791 0.821421 0.813136 0.802878 0.790584 0.776192 0.759652 0.740927 0.720004 0.696897 0.671656 0.64437 0.615174 0.584245 0.551808 0.51813 0.483515 0.448299 0.412839 0.377506 0.342668 0.308685 0.275889 0.244584 0.215028 0.187432 0.16195 0.138685 0.117681 0.0989347 0.0823922 0.067961 0.0555156 0.0449059 0.0359654 0.0285183 0.0223873 0.0173991 0.0133888 0.0102044 0.00770868 0.00578089 0.00431752 0.00323232 0.00245595 0.00193536 0.00163348 
0.00167887 0.00176991 0.00207462 0.00261709 0.00343752 0.00459319 0.00615917 0.00822886 0.0109143 0.014346 0.0186718 0.0240553 0.0306725 0.0387078 0.0483482 0.059777 0.0731659 0.0886663 0.106401 0.126456 0.14887 0.173634 0.200678 0.229877 0.261047 0.293946 0.328287 0.363736 0.399933 0.436494 0.473032 0.509163 0.54452 0.578766 0.6116 0.642763 0.672046 0.699286 0.724372 0.747234 0.767845 0.786214 0.802377 0.816389 0.828321 0.83825 0.846251 0.852395 0.856741 0.859334 0.860203 0.859355 0.856781 0.85245 0.846315 0.838314 0.828377 0.816424 0.80238 0.786172 0.767746 0.747065 0.724125 0.698953 0.671621 0.642247 0.610995 0.57808 0.543765 0.508355 0.472191 0.435641 0.399091 0.362928 0.327535 0.29327 0.260462 0.229396 0.200307 0.173375 0.148721 0.126409 0.106446 0.0887901 0.0733533 0.0600124 0.0486162 0.0389939 0.0309639 0.0243411 0.0189432 0.0145965 0.0111394 0.00842587 0.00632687 0.00473147 0.00354699 0.00269877 0.00212962 0.00179951 
