0.00517535 0.00521387 0.00533671 0.00554453 0.00583797 0.00621787 0.00668529 0.00724139 0.00788743 0.00862472 0.00945453 0.010378 0.0113962 0.0125099 0.0137194 0.0150248 0.0164258 0.0179213 0.0195097 0.0211887 0.0229555 0.0248062 0.0267362 0.0287401 0.0308116 0.0329435 0.035128 0.0373561 0.0396183 0.0419041 0.0442025 0.046502 0.0487902 0.0510546 0.0532824 0.0554603 0.0575751 0.0596138 0.0615633 0.0634108 0.0651442 0.0667518 0.0682225 0.0695462 0.0707135 0.0717161 0.072547 0.0732001 0.0736707 0.0739554 0.0740521 0.0739602 0.0736804 0.0732147 0.0725665 0.0717405 0.0707429 0.0695806 0.0682619 0.0667963 0.0651937 0.0634654 0.0616228 0.0596784 0.0576447 0.0555347 0.0533615 0.0511383 0.0488782 0.0465942 0.0442986 0.0420037 0.0397211 0.0374619 0.0352362 0.0330537 0.0309232 0.0288527 0.0268493 0.0249193 0.023068 0.0213001 0.0196193 0.0180285 0.0165302 0.0151259 0.0138165 0.0126025 0.0114839 0.0104604 0.00953105 0.00869504 0.00795119 0.00729828 0.00673504 0.00626025 0.00587277 0.00557163 0.00535598 0.00522551 
0.00521387 0.0052527 0.00537646 0.00558583 0.00588143 0.00626414 0.00673498 0.00729515 0.00794592 0.00868858 0.00952441 0.0104546 0.0114801 0.0126017 0.0138199 0.0151347 0.0165456 0.0180516 0.0196512 0.021342 0.0231211 0.0249846 0.0269279 0.0289455 0.0310312 0.0331777 0.0353769 0.03762 0.0398974 0.0421984 0.0445121 0.0468267 0.04913 0.0514093 0.0536515 0.0558436 0.0579721 0.0600239 0.0619858 0.0638452 0.0655897 0.0672075 0.0686875 0.0700195 0.0711941 0.072203 0.0730391 0.0736962 0.0741698 0.0744562 0.0745535 0.074461 0.0741794 0.0737107 0.0730584 0.0722272 0.0712232 0.0700535 0.0687265 0.0672515 0.0656388 0.0638993 0.062045 0.060088 0.0580411 0.0559175 0.0537302 0.0514925 0.0492176 0.0469185 0.0446078 0.0422976 0.0399998 0.0377254 0.0354848 0.0332875 0.0311426 0.029058 0.0270408 0.0250975 0.0232334 0.0214532 0.0197607 0.0181588 0.01665 0.0152357 0.013917 0.0126944 0.0115679 0.010537 0.009601 0.00875897 0.00800976 0.00735213 0.00678481 0.00630658 0.0059163 0.00561297 0.00539577 0.00526436 
0.00533671 0.00537646 0.00550301 0.00571704 0.00601919 0.00641034 0.00689153 0.00746396 0.00812891 0.00888769 0.00974159 0.0106918 0.0117393 0.0128848 0.0141288 0.0154713 0.0169118 0.0184492 0.020082 0.0218076 0.0236232 0.0255246 0.0275073 0.0295656 0.031693 0.0338821 0.0361249 0.0384121 0.0407339 0.0430797 0.0454381 0.0477972 0.0501445 0.0524671 0.0547517 0.056985 0.0591534 0.0612435 0.0632419 0.0651356 0.0669122 0.0685597 0.0700668 0.0714231 0.0726191 0.0736463 0.0744975 0.0751665 0.0756484 0.07594 0.0760389 0.0759446 0.0756577 0.0751804 0.0745162 0.0736698 0.0726473 0.0714562 0.0701047 0.0686026 0.06696 0.0651884 0.0632996 0.0613061 0.059221 0.0570574 0.0548288 0.0525487 0.0502305 0.0478874 0.0455323 0.0431775 0.0408351 0.0385162 0.0362316 0.033991 0.0318034 0.0296772 0.0276195 0.0256369 0.023735 0.0219184 0.0201911 0.0185562 0.017016 0.0155722 0.0142259 0.0129775 0.0118271 0.0107743 0.00981832 0.00895825 0.00819292 0.00752111 0.00694153 0.00645294 0.00605421 0.00574431 0.00552242 0.0053882 
0.00554453 0.00558583 0.00571704 0.00593887 0.00625196 0.00665721 0.00715568 0.00774859 0.00843723 0.00922293 0.010107 0.0110906 0.0121747 0.0133601 0.0146471 0.0160358 0.0175256 0.0191153 0.0208033 0.022587 0.0244632 0.0264278 0.0284758 0.0306016 0.0327983 0.0350584 0.0373733 0.0397337 0.0421294 0.0445493 0.0469818 0.0494147 0.0518349 0.0542294 0.0565843 0.0588859 0.0611204 0.0632738 0.0653325 0.0672832 0.069113 0.0708097 0.0723616 0.0737581 0.0749894 0.0760468 0.076923 0.0776115 0.0781075 0.0784075 0.0785091 0.0784118 0.0781163 0.0776247 0.0769407 0.076069 0.0750161 0.0737894 0.0723976 0.0708505 0.0691586 0.0673337 0.0653878 0.0633339 0.0611854 0.0589557 0.0566587 0.0543084 0.0519184 0.0495024 0.0470736 0.0446448 0.0422283 0.0398358 0.0374781 0.0351654 0.0329072 0.0307118 0.0285868 0.026539 0.024574 0.022697 0.0209118 0.0192218 0.0176295 0.0161365 0.0147441 0.0134528 0.0122626 0.0111732 0.0101839 0.00929372 0.0085015 0.00780601 0.00720595 0.00670007 0.00628721 0.00596634 0.00573661 0.00559769 
0.00583797 0.00588143 0.00601919 0.00625196 0.00658041 0.00700545 0.00752816 0.00814979 0.00887164 0.00969509 0.0106214 0.0116518 0.0127873 0.0140285 0.0153759 0.0168293 0.0183881 0.020051 0.0218162 0.0236811 0.0256421 0.027695 0.0298346 0.0320547 0.0343483 0.0367074 0.0391232 0.0415858 0.0440846 0.0466081 0.0491441 0.0516798 0.0542019 0.0566965 0.0591495 0.0615465 0.0638731 0.0661148 0.0682577 0.0702877 0.0721917 0.0739568 0.0755712 0.0770237 0.0783042 0.0794038 0.0803148 0.0810306 0.0815461 0.0818578 0.0819632 0.0818618 0.0815542 0.0810427 0.080331 0.0794243 0.0783289 0.0770527 0.0756046 0.0739948 0.0722342 0.0703349 0.0683095 0.0661714 0.0639344 0.0616125 0.0592202 0.0567719 0.0542818 0.051764 0.0492324 0.0467003 0.0441804 0.0416849 0.0392252 0.0368119 0.0344548 0.0321627 0.0299436 0.0278046 0.0257516 0.0237899 0.0219238 0.0201568 0.0184914 0.0169296 0.0154726 0.0141212 0.0128753 0.0117346 0.0106986 0.00976617 0.00893625 0.00820755 0.00757877 0.00704864 0.00661596 0.0062797 0.00603898 0.00589347 
0.00621787 0.00626414 0.00641034 0.00665721 0.00700545 0.00745598 0.00800992 0.00866854 0.00943319 0.0103052 0.011286 0.0123767 0.0135782 0.0148913 0.0163163 0.0178529 0.0195004 0.0212576 0.0231221 0.0250913 0.0271613 0.0293277 0.0315847 0.033926 0.0363441 0.0388304 0.0413756 0.0439694 0.0466004 0.0492567 0.0519255 0.0545932 0.0572458 0.0598689 0.0624475 0.0649666 0.0674112 0.0697662 0.0720168 0.0741485 0.0761474 0.0780003 0.0796946 0.0812188 0.0825623 0.0837159 0.0846714 0.0854221 0.0859626 0.0862892 0.0863995 0.0862928 0.0859698 0.0854328 0.0846858 0.083734 0.0825843 0.0812447 0.0797246 0.0780345 0.0761859 0.0741914 0.0720642 0.0698182 0.0674678 0.0650279 0.0625134 0.0599394 0.0573209 0.0546727 0.0520093 0.0493446 0.0466921 0.0440645 0.0414739 0.0389315 0.0364474 0.0340313 0.0316913 0.029435 0.027269 0.0251985 0.0232284 0.0213623 0.019603 0.0179527 0.0164127 0.0149838 0.0136662 0.0124596 0.0113634 0.0103766 0.00949817 0.00872671 0.00806094 0.00749956 0.00704136 0.00668526 0.00643039 0.00627639 
0.00668529 0.00673498 0.00689153 0.00715568 0.00752816 0.00800992 0.00860212 0.00930605 0.0101231 0.0110547 0.0121021 0.0132665 0.0145489 0.0159499 0.0174698 0.0191082 0.0208643 0.0227365 0.0247225 0.0268191 0.0290224 0.0313273 0.0337278 0.036217 0.0387869 0.0414285 0.0441316 0.0468853 0.0496777 0.052496 0.0553266 0.0581551 0.0609668 0.0637463 0.066478 0.0691459 0.0717342 0.074227 0.0766088 0.0788642 0.0809787 0.0829383 0.0847299 0.0863413 0.0877615 0.0889807 0.0899904 0.0907835 0.0913545 0.0916993 0.0918155 0.0917023 0.0913605 0.0907925 0.0900025 0.0889961 0.0877802 0.0863635 0.0847557 0.0829679 0.0810123 0.0789019 0.0766507 0.0742733 0.071785 0.0692013 0.066538 0.0638109 0.061036 0.0582289 0.0554048 0.0525785 0.0497643 0.0469756 0.0442253 0.0415253 0.0388864 0.0363187 0.0338312 0.0314319 0.0291276 0.0269243 0.0248271 0.0228399 0.0209658 0.0192072 0.0175657 0.0160421 0.0146368 0.0133495 0.0121797 0.0111264 0.0101885 0.00936465 0.00865359 0.00805395 0.00756448 0.0071841 0.00691189 0.00674749 
0.00724139 0.00729515 0.00746396 0.00774859 0.00814979 0.00866854 0.00930605 0.0100636 0.0109427 0.0119447 0.013071 0.0143228 0.0157009 0.0172059 0.018838 0.0205968 0.0224813 0.0244895 0.026619 0.0288662 0.0312268 0.0336953 0.0362652 0.038929 0.0416781 0.0445027 0.0473921 0.0503345 0.0533171 0.0563263 0.0593474 0.0623655 0.0653645 0.0683283 0.0712401 0.0740832 0.0768407 0.0794956 0.0820317 0.0844326 0.0866831 0.0887682 0.0906742 0.0923881 0.0938985 0.0951948 0.0962682 0.0971112 0.0977179 0.0980841 0.0982072 0.0980864 0.0977225 0.0971182 0.0962777 0.0952069 0.0939133 0.0924059 0.090695 0.0887924 0.0867108 0.0844641 0.0820671 0.0795352 0.0768845 0.0741315 0.071293 0.0683858 0.0654267 0.0624323 0.0594189 0.0564022 0.0533974 0.0504189 0.0474803 0.0445944 0.0417728 0.0390264 0.0363647 0.0337964 0.031329 0.0289688 0.0267214 0.0245911 0.0225814 0.0206948 0.0189332 0.0172977 0.0157885 0.0144058 0.0131488 0.0120168 0.0110085 0.0101227 0.00935799 0.00871303 0.00818655 0.00777741 0.00748466 0.00730794 
0.00788743 0.00794592 0.00812891 0.00843723 0.00887164 0.00943319 0.0101231 0.0109427 0.0118936 0.012977 0.0141944 0.015547 0.0170357 0.0186609 0.0204226 0.0223204 0.0243529 0.0265181 0.0288131 0.031234 0.0337759 0.036433 0.0391981 0.042063 0.0450185 0.0480539 0.0511577 0.0543172 0.0575186 0.0607472 0.0639876 0.0672234 0.0704378 0.0736133 0.0767321 0.0797764 0.082728 0.0855692 0.0882823 0.0908503 0.0932567 0.0954859 0.097523 0.0993546 0.100968 0.102353 0.1035 0.1044 0.105047 0.105438 0.105569 0.10544 0.10505 0.104404 0.103506 0.102361 0.100979 0.0993672 0.0975381 0.0955037 0.0932776 0.0908745 0.0883101 0.0856008 0.0827637 0.0798164 0.0767767 0.0736625 0.0704918 0.0672822 0.0640512 0.0608155 0.0575915 0.0543945 0.0512393 0.0481394 0.0451075 0.0421552 0.0392929 0.0365299 0.0338744 0.0313334 0.0289128 0.0266174 0.0244512 0.022417 0.0205168 0.0187519 0.0171229 0.0156299 0.0142723 0.0130492 0.0119596 0.0110022 0.0101755 0.00947815 0.00890886 0.00846646 0.00814997 0.00795901 
0.00862472 0.00868858 0.00888769 0.00922293 0.00969509 0.0103052 0.0110547 0.0119447 0.012977 0.0141529 0.0154738 0.0169408 0.0185549 0.0203163 0.022225 0.0242803 0.0264806 0.0288237 0.0313061 0.0339236 0.0366709 0.0395414 0.0425273 0.0456197 0.0488084 0.0520821 0.0554281 0.0588328 0.0622813 0.0657578 0.0692456 0.0727272 0.0761844 0.0795987 0.0829509 0.0862219 0.0893924 0.0924433 0.0953559 0.0981121 0.100694 0.103085 0.10527 0.107234 0.108964 0.110449 0.111677 0.112642 0.113336 0.113754 0.113894 0.113754 0.113337 0.112644 0.11168 0.110452 0.108969 0.107241 0.105279 0.103096 0.100707 0.098128 0.0953751 0.0924659 0.0894188 0.0862525 0.0829859 0.0796383 0.0762289 0.0727766 0.0693 0.0658172 0.0623457 0.0589021 0.0555021 0.0521604 0.0488908 0.0457057 0.0426165 0.0396333 0.036765 0.0340192 0.0314025 0.0289203 0.0265767 0.0243751 0.0223178 0.0204064 0.0186415 0.0170233 0.0155515 0.0142252 0.0130433 0.0120045 0.0111075 0.0103506 0.00973275 0.00925258 0.00890913 0.00870201 
0.00945453 0.00952441 0.00974159 0.010107 0.0106214 0.011286 0.0121021 0.013071 0.0141944 0.0154738 0.0169104 0.0185055 0.0202598 0.0221735 0.0242466 0.0264779 0.0288656 0.0314072 0.034099 0.036936 0.0399123 0.0430208 0.0462529 0.0495988 0.0530475 0.0565866 0.0602024 0.06388 0.0676035 0.0713557 0.0751187 0.0788735 0.0826007 0.0862803 0.0898917 0.0934145 0.096828 0.100112 0.103246 0.106211 0.108988 0.111559 0.113907 0.116018 0.117877 0.119472 0.120792 0.121827 0.122572 0.123021 0.123171 0.123021 0.122571 0.121826 0.12079 0.119471 0.117877 0.116018 0.113909 0.111561 0.108992 0.106217 0.103255 0.100124 0.0968441 0.0934345 0.089916 0.0863091 0.0826344 0.0789122 0.0751626 0.071405 0.0676581 0.06394 0.0602675 0.0566566 0.0531222 0.0496777 0.0463356 0.0431068 0.0400012 0.037027 0.0341914 0.0315005 0.0289589 0.0265704 0.0243375 0.0222622 0.0203454 0.0185874 0.0169878 0.015546 0.0142608 0.0131311 0.0121552 0.0113318 0.0106595 0.010137 0.00976339 0.00953818 
0.010378 0.0104546 0.0106918 0.0110906 0.0116518 0.0123767 0.0132665 0.0143228 0.015547 0.0169408 0.0185055 0.0202421 0.0221514 0.0242335 0.026488 0.0289137 0.0315085 0.0342693 0.0371919 0.040271 0.0435 0.0468708 0.0503741 0.0539994 0.0577343 0.0615655 0.0654782 0.0694561 0.0734819 0.0775372 0.0816025 0.0856575 0.0896812 0.093652 0.097548 0.101347 0.105027 0.108566 0.111943 0.115137 0.118127 0.120895 0.123423 0.125695 0.127695 0.129411 0.13083 0.131944 0.132745 0.133227 0.133388 0.133226 0.132742 0.13194 0.130825 0.129404 0.127688 0.125688 0.123416 0.120889 0.118122 0.115133 0.111942 0.108568 0.105032 0.101355 0.0975602 0.0936687 0.0897028 0.0856843 0.0816347 0.0775751 0.0735255 0.0695054 0.0655332 0.0616261 0.0578001 0.0540701 0.0504494 0.04695 0.0435827 0.0403566 0.0372797 0.0343585 0.0315984 0.0290034 0.0265768 0.0243205 0.0222357 0.0203231 0.0185823 0.0170127 0.0156134 0.0143829 0.0133198 0.0124228 0.0116902 0.011121 0.0107139 0.0104687 
0.0113962 0.0114801 0.0117393 0.0121747 0.0127873 0.0135782 0.0145489 0.0157009 0.0170357 0.0185549 0.0202598 0.0221514 0.0242304 0.0264968 0.0289499 0.0315882 0.0344093 0.0374097 0.0405846 0.0439281 0.0474328 0.0510899 0.0548892 0.058819 0.0628661 0.0670157 0.0712517 0.0755565 0.0799115 0.0842966 0.0886908 0.0930722 0.0974182 0.101706 0.105911 0.11001 0.113979 0.117796 0.121436 0.124878 0.1281 0.131081 0.133804 0.13625 0.138403 0.14025 0.141777 0.142976 0.143837 0.144355 0.144528 0.144353 0.143831 0.142968 0.141767 0.140237 0.138389 0.136235 0.133788 0.131065 0.128084 0.124863 0.121422 0.117784 0.113971 0.110005 0.105909 0.101709 0.0974264 0.0930857 0.08871 0.0843217 0.0799428 0.075594 0.0712954 0.0670655 0.0629219 0.0588805 0.0549559 0.0511614 0.0475085 0.0440074 0.0406668 0.037494 0.034495 0.0316744 0.0290358 0.0265814 0.024313 0.0222311 0.0203356 0.0186262 0.0171017 0.0157609 0.0146023 0.0136245 0.012826 0.0122054 0.0117618 0.0114946 
0.0125099 0.0126017 0.0128848 0.0133601 0.0140285 0.0148913 0.0159499 0.0172059 0.0186609 0.0203163 0.0221735 0.0242335 0.0264968 0.0289631 0.0316317 0.0345006 0.0375671 0.0408271 0.0442754 0.0479052 0.0517085 0.0556755 0.059795 0.0640541 0.0684385 0.0729321 0.0775173 0.0821752 0.0868853 0.0916262 0.0963751 0.101108 0.105802 0.11043 0.114968 0.11939 0.123671 0.127785 0.131709 0.135418 0.138889 0.1421 0.145032 0.147665 0.149982 0.15197 0.153613 0.154902 0.155829 0.156386 0.156571 0.156382 0.15582 0.15489 0.153597 0.151951 0.149961 0.147641 0.145006 0.142073 0.138861 0.13539 0.131683 0.127761 0.123648 0.119371 0.114952 0.110418 0.105795 0.101107 0.0963799 0.0916372 0.0869029 0.0821994 0.0775484 0.0729699 0.068483 0.0641051 0.059852 0.0557381 0.0517761 0.0479773 0.0443512 0.0409059 0.037648 0.0345827 0.0317141 0.029045 0.0265771 0.0243114 0.0222481 0.0203867 0.0187263 0.0172656 0.0160032 0.0149376 0.0140674 0.013391 0.0129076 0.0126166 
0.0137194 0.0138199 0.0141288 0.0146471 0.0153759 0.0163163 0.0174698 0.018838 0.0204226 0.022225 0.0242466 0.026488 0.0289499 0.0316317 0.0345323 0.0376495 0.0409801 0.0445195 0.0482617 0.0521994 0.0563235 0.0606233 0.0650866 0.0696992 0.0744454 0.0793079 0.0842674 0.0893035 0.0943941 0.0995159 0.104644 0.109754 0.114819 0.119811 0.124705 0.129472 0.134086 0.138518 0.142744 0.146738 0.150474 0.15393 0.157085 0.159917 0.16241 0.164547 0.166314 0.1677 0.168696 0.169295 0.169493 0.169289 0.168685 0.167684 0.166293 0.164521 0.16238 0.159884 0.157048 0.153892 0.150434 0.146697 0.142704 0.138479 0.134048 0.129437 0.124673 0.119784 0.114796 0.109737 0.104633 0.0995114 0.0943966 0.0893132 0.0842845 0.0793324 0.0744774 0.0697383 0.0651326 0.0606758 0.056382 0.0522632 0.0483302 0.0445917 0.0410553 0.0377268 0.0346106 0.0317101 0.0290274 0.0265637 0.0243194 0.0222942 0.0204871 0.0188971 0.0175228 0.0163625 0.0154147 0.0146782 0.0141518 0.0138351 
0.0150248 0.0151347 0.0154713 0.0160358 0.0168293 0.0178529 0.0191082 0.0205968 0.0223204 0.0242803 0.0264779 0.0289137 0.0315882 0.0345006 0.0376495 0.0410324 0.0446453 0.0484833 0.0525396 0.056806 0.0612725 0.0659275 0.0707573 0.0757468 0.0808786 0.0861339 0.091492 0.0969306 0.102426 0.107953 0.113484 0.118994 0.124453 0.129833 0.135104 0.140237 0.145203 0.149973 0.154519 0.158814 0.162831 0.166547 0.169937 0.172981 0.175659 0.177955 0.179852 0.181341 0.18241 0.183052 0.183265 0.183045 0.182396 0.18132 0.179825 0.177921 0.175621 0.172938 0.16989 0.166496 0.162778 0.158759 0.154463 0.149917 0.145148 0.140185 0.135055 0.129788 0.124413 0.118959 0.113456 0.107931 0.102412 0.0969243 0.0914938 0.0861438 0.0808967 0.0757729 0.0707912 0.0659688 0.0613207 0.0568605 0.0525996 0.0485481 0.044714 0.0411039 0.037723 0.0345749 0.0316623 0.0289867 0.0265485 0.0243477 0.0223836 0.020655 0.0191606 0.0178987 0.016868 0.0160669 0.0154944 0.0151501 
0.0164258 0.0165456 0.0169118 0.0175256 0.0183881 0.0195004 0.0208643 0.0224813 0.0243529 0.0264806 0.0288656 0.0315085 0.0344093 0.0375671 0.0409801 0.0446453 0.0485584 0.0527136 0.0571034 0.0617187 0.0665485 0.0715801 0.0767986 0.0821873 0.0877275 0.0933987 0.0991784 0.105043 0.110966 0.11692 0.122878 0.12881 0.134685 0.140473 0.146142 0.15166 0.156998 0.162123 0.167007 0.171619 0.175933 0.179921 0.183559 0.186825 0.189698 0.19216 0.194195 0.195791 0.196937 0.197625 0.197852 0.197617 0.196919 0.195765 0.194162 0.192119 0.18965 0.186771 0.1835 0.179857 0.175865 0.171549 0.166935 0.162051 0.156926 0.15159 0.146074 0.140409 0.134626 0.128757 0.122831 0.116881 0.110934 0.105019 0.0991635 0.0933926 0.0877304 0.0821991 0.0768191 0.071609 0.0665853 0.0617627 0.057154 0.0527699 0.0486196 0.0447103 0.0410479 0.0376366 0.0344794 0.0315781 0.0289336 0.0265459 0.0244144 0.0225382 0.0209158 0.0195457 0.0184264 0.0175566 0.016935 0.0165613 
0.0179213 0.0180516 0.0184492 0.0191153 0.020051 0.0212576 0.0227365 0.0244895 0.0265181 0.0288237 0.0314072 0.0342693 0.0374097 0.0408271 0.0445195 0.0484833 0.0527136 0.0572038 0.0619458 0.0669294 0.0721426 0.0775713 0.0831994 0.0890087 0.094979 0.101088 0.107311 0.113623 0.119996 0.1264 0.132805 0.13918 0.145492 0.151707 0.157793 0.163716 0.169443 0.17494 0.180177 0.185121 0.189744 0.194017 0.197915 0.201413 0.204489 0.207125 0.209304 0.211012 0.212238 0.212975 0.213217 0.212964 0.212217 0.210981 0.209264 0.207076 0.204432 0.201348 0.197843 0.193939 0.189661 0.185035 0.180088 0.17485 0.169353 0.163627 0.157706 0.151624 0.145413 0.139107 0.132739 0.126341 0.119945 0.113581 0.107278 0.101064 0.0949653 0.0890049 0.0832052 0.0775865 0.0721667 0.0669618 0.0619859 0.0572507 0.0527663 0.0485408 0.0445808 0.040891 0.037475 0.0343349 0.0314719 0.0288862 0.0265775 0.0245448 0.0227868 0.021302 0.0200889 0.0191461 0.0184724 0.0180675 
0.0195097 0.0196512 0.020082 0.0208033 0.0218162 0.0231221 0.0247225 0.026619 0.0288131 0.0313061 0.034099 0.0371919 0.0405846 0.0442754 0.0482617 0.0525396 0.0571034 0.0619458 0.0670577 0.072428 0.0780436 0.0838889 0.0899465 0.0961966 0.102617 0.109184 0.115872 0.122652 0.129495 0.136369 0.143241 0.150078 0.156846 0.163508 0.170028 0.176372 0.182504 0.188389 0.193993 0.199283 0.204228 0.208797 0.212964 0.216703 0.219992 0.222808 0.225136 0.22696 0.22827 0.229057 0.229315 0.229045 0.228246 0.226925 0.225089 0.222751 0.219924 0.216627 0.212879 0.208705 0.204129 0.19918 0.193886 0.18828 0.182395 0.176263 0.169921 0.163403 0.156746 0.149984 0.143153 0.136289 0.129423 0.12259 0.11582 0.109142 0.102586 0.0961758 0.0899363 0.0838891 0.0780538 0.0724477 0.0670861 0.0619821 0.0571466 0.0525887 0.0483156 0.0443329 0.0406444 0.0372528 0.0341597 0.0313654 0.0288699 0.0266722 0.0247712 0.0231654 0.0218534 0.0208336 0.020105 0.0196673 
0.0211887 0.021342 0.0218076 0.022587 0.0236811 0.0250913 0.0268191 0.0288662 0.031234 0.0339236 0.036936 0.040271 0.0439281 0.0479052 0.0521994 0.056806 0.0617187 0.0669294 0.072428 0.0782024 0.0842381 0.0905182 0.0970239 0.103734 0.110624 0.117668 0.124839 0.132107 0.139438 0.1468 0.154158 0.161476 0.168716 0.175841 0.182813 0.189593 0.196145 0.202431 0.208415 0.214063 0.21934 0.224217 0.228663 0.232651 0.236158 0.239161 0.241643 0.243588 0.244983 0.245822 0.246097 0.245808 0.244956 0.243547 0.241589 0.239095 0.23608 0.232562 0.228564 0.22411 0.219226 0.213942 0.20829 0.202303 0.196015 0.189463 0.182683 0.175714 0.168594 0.161359 0.154048 0.146698 0.139345 0.132023 0.124766 0.117606 0.110573 0.103695 0.0969965 0.0905023 0.0842332 0.0782082 0.0724437 0.0669541 0.0617515 0.0568458 0.052245 0.0479554 0.0439816 0.0403265 0.0369921 0.0339792 0.0312877 0.028917 0.0268659 0.0251332 0.0237172 0.0226167 0.0218305 0.0213582 
0.0229555 0.0231211 0.0236232 0.0244632 0.0256421 0.0271613 0.0290224 0.0312268 0.0337759 0.0366709 0.0399123 0.0435 0.0474328 0.0517085 0.0563235 0.0612725 0.0665485 0.0721426 0.0780436 0.0842381 0.0907103 0.0974423 0.104413 0.1116 0.118977 0.126516 0.134188 0.14196 0.149797 0.157665 0.165525 0.173339 0.181067 0.18867 0.196107 0.203338 0.210323 0.217022 0.223398 0.229414 0.235035 0.240226 0.244959 0.249204 0.252935 0.256131 0.258771 0.260839 0.262324 0.263215 0.263507 0.263199 0.262292 0.260792 0.258709 0.256055 0.252846 0.249102 0.244846 0.240104 0.234903 0.229276 0.223254 0.216874 0.210172 0.203186 0.195955 0.188521 0.180921 0.173198 0.165391 0.157539 0.149681 0.141854 0.134093 0.126433 0.118906 0.111541 0.104367 0.0974089 0.0906893 0.0842287 0.0780453 0.0721546 0.0665698 0.061302 0.0563599 0.0517506 0.0474792 0.0435493 0.0399633 0.0367221 0.0338261 0.0312747 0.0290669 0.0272015 0.025677 0.0244921 0.0236457 0.0231374 
0.0248062 0.0249846 0.0255246 0.0264278 0.027695 0.0293277 0.0313273 0.0336953 0.036433 0.0395414 0.0430208 0.0468708 0.0510899 0.0556755 0.0606233 0.0659275 0.0715801 0.0775713 0.0838889 0.0905182 0.0974423 0.104641 0.112093 0.119772 0.127652 0.135702 0.14389 0.152182 0.160541 0.168928 0.177305 0.185629 0.19386 0.201954 0.209869 0.217562 0.224991 0.232115 0.238892 0.245285 0.251257 0.256772 0.261798 0.266305 0.270266 0.273658 0.27646 0.278655 0.28023 0.281175 0.281485 0.281158 0.280195 0.278603 0.276391 0.273574 0.270167 0.266191 0.261671 0.256634 0.251108 0.245128 0.238728 0.231945 0.224818 0.217387 0.209694 0.20178 0.19369 0.185464 0.177146 0.168778 0.1604 0.152052 0.143772 0.135596 0.127559 0.119693 0.112027 0.104589 0.0974037 0.0904927 0.0838756 0.0775696 0.0715889 0.0659456 0.0606496 0.0557086 0.0511285 0.0469133 0.0430659 0.0395876 0.036479 0.0337398 0.0313691 0.0293657 0.0277284 0.0264558 0.0255466 0.0250009 
0.0267362 0.0269279 0.0275073 0.0284758 0.0298346 0.0315847 0.0337278 0.0362652 0.0391981 0.0425273 0.0462529 0.0503741 0.0548892 0.059795 0.0650866 0.0707573 0.0767986 0.0831994 0.0899465 0.0970239 0.104413 0.112093 0.120039 0.128225 0.136622 0.145196 0.153914 0.162739 0.171633 0.180553 0.189459 0.198306 0.20705 0.215647 0.22405 0.232216 0.240098 0.247655 0.254842 0.26162 0.26795 0.273794 0.279119 0.283894 0.288089 0.291681 0.294648 0.296972 0.298639 0.299639 0.299967 0.299619 0.2986 0.296914 0.294571 0.291587 0.287978 0.283767 0.278978 0.27364 0.267784 0.261444 0.254658 0.247464 0.239903 0.232017 0.223851 0.215449 0.206855 0.198116 0.189275 0.180378 0.171467 0.162585 0.153772 0.145067 0.136506 0.128124 0.119953 0.112021 0.104356 0.096981 0.0899172 0.0831829 0.0767938 0.0707632 0.0651019 0.0598183 0.0549191 0.0504091 0.0462914 0.0425679 0.0392394 0.0363058 0.0337665 0.0316204 0.0298662 0.0285027 0.0275287 0.0269441 
0.0287401 0.0289455 0.0295656 0.0306016 0.0320547 0.033926 0.036217 0.038929 0.042063 0.0456197 0.0495988 0.0539994 0.058819 0.0640541 0.0696992 0.0757468 0.0821873 0.0890087 0.0961966 0.103734 0.1116 0.119772 0.128225 0.13693 0.145855 0.154965 0.164225 0.173596 0.183034 0.192499 0.201944 0.211324 0.220591 0.229699 0.2386 0.247245 0.255589 0.263585 0.271189 0.278358 0.285051 0.291229 0.296858 0.301903 0.306336 0.31013 0.313264 0.315718 0.317479 0.318535 0.31888 0.318513 0.317436 0.315654 0.31318 0.310027 0.306214 0.301763 0.296702 0.291059 0.284867 0.278163 0.270984 0.263373 0.255371 0.247023 0.238376 0.229476 0.220371 0.211107 0.201734 0.192297 0.182843 0.173415 0.164058 0.154812 0.145715 0.136806 0.128117 0.11968 0.111523 0.103672 0.0961502 0.0889764 0.082168 0.0757395 0.0697026 0.0640668 0.0588395 0.0540261 0.0496302 0.0456542 0.0420992 0.0389653 0.0362522 0.0339589 0.0320843 0.030627 0.0295862 0.0289617 
0.0308116 0.0310312 0.031693 0.0327983 0.0343483 0.0363441 0.0387869 0.0416781 0.0450185 0.0488084 0.0530475 0.0577343 0.0628661 0.0684385 0.0744454 0.0808786 0.0877275 0.094979 0.102617 0.110624 0.118977 0.127652 0.136622 0.145855 0.155318 0.164975 0.174786 0.18471 0.194703 0.20472 0.214713 0.224633 0.234431 0.244057 0.253462 0.262593 0.271404 0.279845 0.28787 0.295433 0.302493 0.309009 0.314943 0.320262 0.324934 0.328933 0.332235 0.334821 0.336676 0.337788 0.338152 0.337765 0.336629 0.334752 0.332144 0.32882 0.324801 0.320109 0.314773 0.308822 0.302291 0.295219 0.287644 0.27961 0.271162 0.262347 0.253213 0.243809 0.234184 0.22439 0.214476 0.204492 0.194485 0.184503 0.174592 0.164795 0.155154 0.145707 0.13649 0.127538 0.11888 0.110543 0.102553 0.0949299 0.0876929 0.0808573 0.0744361 0.0684398 0.0628764 0.0577521 0.0530711 0.0488362 0.0450489 0.0417096 0.0388182 0.0363739 0.0343756 0.0328222 0.0317127 0.0310471 
0.0329435 0.0331777 0.0338821 0.0350584 0.0367074 0.0388304 0.0414285 0.0445027 0.0480539 0.0520821 0.0565866 0.0615655 0.0670157 0.0729321 0.0793079 0.0861339 0.0933987 0.101088 0.109184 0.117668 0.126516 0.135702 0.145196 0.154965 0.164975 0.175185 0.185554 0.196039 0.206594 0.217169 0.227715 0.238181 0.248515 0.258665 0.268576 0.278198 0.287479 0.296368 0.304816 0.312777 0.320206 0.327061 0.333303 0.338896 0.343809 0.348013 0.351484 0.354202 0.356151 0.35732 0.357702 0.357295 0.356101 0.354127 0.351385 0.347891 0.343664 0.338731 0.333117 0.326857 0.319986 0.312543 0.30457 0.296111 0.287214 0.277928 0.268302 0.25839 0.248242 0.237912 0.227451 0.216913 0.206348 0.195805 0.185334 0.174979 0.164785 0.154793 0.145041 0.135565 0.126398 0.117568 0.109101 0.101021 0.0933478 0.0860978 0.0792851 0.0729212 0.0670151 0.0615736 0.0566017 0.0521025 0.0480781 0.044529 0.0414555 0.0388568 0.0367322 0.0350805 0.0339009 0.0331933 
0.035128 0.0353769 0.0361249 0.0373733 0.0391232 0.0413756 0.0441316 0.0473921 0.0511577 0.0554281 0.0602024 0.0654782 0.0712517 0.0775173 0.0842674 0.091492 0.0991784 0.107311 0.115872 0.124839 0.134188 0.14389 0.153914 0.164225 0.174786 0.185554 0.196487 0.207537 0.218657 0.229794 0.240898 0.251913 0.262785 0.27346 0.283881 0.293995 0.303747 0.313085 0.321958 0.330317 0.338115 0.345309 0.351859 0.357727 0.36288 0.367289 0.370929 0.373779 0.375822 0.377048 0.377448 0.37702 0.375768 0.373698 0.370823 0.367158 0.362724 0.357548 0.351659 0.34509 0.337877 0.330063 0.321691 0.312806 0.303459 0.2937 0.283582 0.273159 0.262485 0.251616 0.240606 0.229511 0.218383 0.207276 0.196239 0.185322 0.17457 0.164028 0.153735 0.14373 0.134047 0.124718 0.115769 0.107226 0.0991106 0.0914402 0.0842304 0.0774935 0.0712395 0.065476 0.0602085 0.0554407 0.0511751 0.0474128 0.044154 0.0413983 0.0391451 0.0373934 0.0361424 0.0353923 
0.0373561 0.03762 0.0384121 0.0397337 0.0415858 0.0439694 0.0468853 0.0503345 0.0543172 0.0588328 0.06388 0.0694561 0.0755565 0.0821752 0.0893035 0.0969306 0.105043 0.113623 0.122652 0.132107 0.14196 0.152182 0.162739 0.173596 0.18471 0.196039 0.207537 0.219155 0.230841 0.242543 0.254204 0.265769 0.27718 0.288379 0.29931 0.309916 0.320138 0.329924 0.339221 0.347976 0.356142 0.363675 0.370531 0.376672 0.382065 0.386678 0.390486 0.393467 0.395604 0.396886 0.397304 0.396857 0.395546 0.393381 0.390372 0.386537 0.381898 0.376481 0.370317 0.363439 0.355887 0.347704 0.338933 0.329624 0.319827 0.309597 0.298986 0.288053 0.276853 0.265444 0.253885 0.242231 0.23054 0.218866 0.207262 0.19578 0.184468 0.173372 0.162535 0.151998 0.141796 0.131963 0.122529 0.113519 0.104957 0.0968626 0.0892516 0.0821379 0.0755323 0.0694431 0.0638766 0.0588371 0.0543274 0.0503491 0.0469027 0.0439881 0.0416046 0.0397517 0.0384284 0.037635 
0.0396183 0.0398974 0.0407339 0.0421294 0.0440846 0.0466004 0.0496777 0.0533171 0.0575186 0.0622813 0.0676035 0.0734819 0.0799115 0.0868853 0.0943941 0.102426 0.110966 0.119996 0.129495 0.139438 0.149797 0.160541 0.171633 0.183034 0.194703 0.206594 0.218657 0.230841 0.243094 0.255357 0.267575 0.279687 0.291635 0.303358 0.314796 0.325889 0.33658 0.346811 0.356527 0.365677 0.374208 0.382076 0.389235 0.395648 0.401278 0.406093 0.410067 0.413178 0.415408 0.416745 0.417182 0.416715 0.415347 0.413087 0.409947 0.405944 0.401101 0.395445 0.389008 0.381825 0.373936 0.365386 0.35622 0.346489 0.336246 0.325546 0.314446 0.303005 0.291281 0.279336 0.267228 0.255018 0.242764 0.230524 0.218354 0.206307 0.194434 0.182785 0.171403 0.160332 0.14961 0.139273 0.129351 0.119872 0.110862 0.102341 0.0943268 0.086834 0.0798745 0.0734576 0.06759 0.0622768 0.0575213 0.0533253 0.0496898 0.0466148 0.0441001 0.042145 0.0407488 0.0399118 
0.0419041 0.0421984 0.0430797 0.0445493 0.0466081 0.0492567 0.052496 0.0563263 0.0607472 0.0657578 0.0713557 0.0775372 0.0842966 0.0916262 0.0995159 0.107953 0.11692 0.1264 0.136369 0.1468 0.157665 0.168928 0.180553 0.192499 0.20472 0.217169 0.229794 0.242543 0.255357 0.268179 0.280949 0.293605 0.306085 0.318326 0.330266 0.341843 0.352997 0.363668 0.3738 0.383338 0.39223 0.400429 0.407888 0.414568 0.420432 0.425446 0.429584 0.432823 0.435145 0.436537 0.436991 0.436504 0.43508 0.432727 0.429457 0.425288 0.420244 0.414353 0.407647 0.400163 0.391942 0.383029 0.373473 0.363325 0.352641 0.341477 0.329892 0.317948 0.305705 0.293227 0.280575 0.267812 0.254999 0.242197 0.229463 0.216854 0.204424 0.192222 0.180298 0.168695 0.157454 0.146612 0.136203 0.126256 0.116798 0.10785 0.0994326 0.0915604 0.0842465 0.0775011 0.0713318 0.0657441 0.060742 0.0563277 0.0525024 0.0492666 0.0466201 0.0445625 0.0430931 0.0422123 
0.0442025 0.0445121 0.0454381 0.0469818 0.0491441 0.0519255 0.0553266 0.0593474 0.0639876 0.0692456 0.0751187 0.0816025 0.0886908 0.0963751 0.104644 0.113484 0.122878 0.132805 0.143241 0.154158 0.165525 0.177305 0.189459 0.201944 0.214713 0.227715 0.240898 0.254204 0.267575 0.280949 0.294265 0.307457 0.320462 0.333214 0.345649 0.357703 0.369313 0.380417 0.390958 0.400878 0.410125 0.418648 0.426402 0.433345 0.439438 0.444648 0.448947 0.452312 0.454723 0.456168 0.45664 0.456134 0.454655 0.45221 0.448813 0.444482 0.439241 0.433118 0.426148 0.418368 0.40982 0.400551 0.390611 0.380054 0.368935 0.357314 0.345252 0.332811 0.320056 0.307052 0.293863 0.280554 0.267189 0.25383 0.240539 0.227373 0.21439 0.201641 0.189178 0.177047 0.16529 0.153947 0.143054 0.132641 0.122737 0.113365 0.104545 0.0962944 0.0886273 0.0815543 0.0750839 0.0692225 0.0639742 0.0593419 0.0553271 0.0519307 0.0491525 0.0469924 0.0454499 0.0445255 
0.046502 0.0468267 0.0477972 0.0494147 0.0516798 0.0545932 0.0581551 0.0623655 0.0672234 0.0727272 0.0788735 0.0856575 0.0930722 0.101108 0.109754 0.118994 0.12881 0.13918 0.150078 0.161476 0.173339 0.185629 0.198306 0.211324 0.224633 0.238181 0.251913 0.265769 0.279687 0.293605 0.307457 0.321177 0.334698 0.347952 0.360873 0.373393 0.38545 0.396979 0.40792 0.418214 0.427808 0.436649 0.444691 0.45189 0.458207 0.463608 0.468064 0.471551 0.474051 0.475548 0.476037 0.475513 0.47398 0.471445 0.467924 0.463434 0.458001 0.451653 0.444424 0.436355 0.427488 0.417871 0.407555 0.396596 0.385051 0.372982 0.360451 0.347524 0.334267 0.320746 0.307029 0.293183 0.279274 0.265368 0.251526 0.237812 0.224283 0.210994 0.197999 0.185346 0.17308 0.161242 0.149869 0.138996 0.128649 0.118856 0.109638 0.101013 0.0929949 0.0855969 0.0788277 0.0726943 0.0672015 0.0623527 0.0581497 0.0545935 0.0516845 0.0494225 0.0478073 0.0468395 
0.0487902 0.04913 0.0501445 0.0518349 0.0542019 0.0572458 0.0609668 0.0653645 0.0704378 0.0761844 0.0826007 0.0896812 0.0974182 0.105802 0.114819 0.124453 0.134685 0.145492 0.156846 0.168716 0.181067 0.19386 0.20705 0.220591 0.234431 0.248515 0.262785 0.27718 0.291635 0.306085 0.320462 0.334698 0.348723 0.362467 0.375862 0.388839 0.401331 0.413273 0.424604 0.435263 0.445194 0.454345 0.462667 0.470115 0.47665 0.482236 0.486845 0.490451 0.493036 0.494585 0.495089 0.494548 0.492962 0.490341 0.486699 0.482055 0.476435 0.469867 0.462388 0.454038 0.44486 0.434903 0.424222 0.412871 0.400912 0.388406 0.375418 0.362016 0.348267 0.334241 0.320008 0.305636 0.291195 0.276752 0.262372 0.248119 0.234055 0.220236 0.206718 0.193552 0.180785 0.168459 0.156615 0.145287 0.134505 0.124297 0.114686 0.105691 0.097327 0.089608 0.0825437 0.0761417 0.0704073 0.0653443 0.0609552 0.0572411 0.0542027 0.05184 0.0501529 0.0491421 
0.0510546 0.0514093 0.0524671 0.0542294 0.0566965 0.0598689 0.0637463 0.0683283 0.0736133 0.0795987 0.0862803 0.093652 0.101706 0.11043 0.119811 0.129833 0.140473 0.151707 0.163508 0.175841 0.18867 0.201954 0.215647 0.229699 0.244057 0.258665 0.27346 0.288379 0.303358 0.318326 0.333214 0.347952 0.362467 0.376688 0.390543 0.403962 0.416877 0.429221 0.44093 0.451942 0.4622 0.47165 0.480243 0.487932 0.494677 0.500444 0.5052 0.508922 0.511588 0.513186 0.513707 0.513148 0.511512 0.508807 0.505049 0.500256 0.494455 0.487675 0.479953 0.47133 0.461852 0.451567 0.440531 0.428801 0.416439 0.403509 0.390078 0.376214 0.361988 0.347471 0.332735 0.317852 0.302892 0.287925 0.27302 0.258242 0.243655 0.229318 0.215289 0.201622 0.188364 0.175561 0.163255 0.151482 0.140274 0.129659 0.119662 0.110304 0.1016 0.0935662 0.086212 0.0795459 0.073574 0.0683006 0.0637284 0.059859 0.0566933 0.0542315 0.0524737 0.0514206 
0.0532824 0.0536515 0.0547517 0.0565843 0.0591495 0.0624475 0.066478 0.0712401 0.0767321 0.0829509 0.0898917 0.097548 0.105911 0.114968 0.124705 0.135104 0.146142 0.157793 0.170028 0.182813 0.196107 0.209869 0.22405 0.2386 0.253462 0.268576 0.283881 0.29931 0.314796 0.330266 0.345649 0.360873 0.375862 0.390543 0.404843 0.41869 0.432013 0.444743 0.456816 0.468169 0.478742 0.48848 0.497334 0.505255 0.512203 0.518142 0.52304 0.526872 0.529618 0.531264 0.5318 0.531224 0.529539 0.526754 0.522884 0.517948 0.511973 0.504989 0.497034 0.488149 0.478381 0.46778 0.456402 0.444307 0.431556 0.418217 0.404357 0.390047 0.37536 0.360368 0.345146 0.329767 0.314304 0.298831 0.283416 0.268128 0.253033 0.238194 0.223668 0.209513 0.195778 0.182511 0.169755 0.157548 0.145923 0.134912 0.124539 0.114826 0.105791 0.0974496 0.0898121 0.082888 0.0766841 0.0712049 0.0664537 0.0624325 0.0591422 0.0565835 0.0547565 0.0536622 
0.0554603 0.0558436 0.056985 0.0588859 0.0615465 0.0649666 0.0691459 0.0740832 0.0797764 0.0862219 0.0934145 0.101347 0.11001 0.11939 0.129472 0.140237 0.15166 0.163716 0.176372 0.189593 0.203338 0.217562 0.232216 0.247245 0.262593 0.278198 0.293995 0.309916 0.325889 0.341843 0.357703 0.373393 0.388839 0.403962 0.41869 0.432947 0.446661 0.459763 0.472185 0.483864 0.494739 0.504753 0.513856 0.521999 0.529141 0.535245 0.540279 0.544217 0.547039 0.548729 0.54928 0.548688 0.546957 0.544096 0.540118 0.535046 0.528904 0.521725 0.513547 0.504411 0.494365 0.483462 0.471757 0.459311 0.446188 0.432456 0.418184 0.403446 0.388315 0.372867 0.357176 0.34132 0.325374 0.309411 0.293505 0.277725 0.26214 0.246815 0.23181 0.217182 0.202986 0.18927 0.176078 0.163451 0.151423 0.140028 0.12929 0.119233 0.109877 0.101236 0.0933236 0.086149 0.0797196 0.0740405 0.0691153 0.0649464 0.0615352 0.0588823 0.056988 0.0558534 
0.0575751 0.0579721 0.0591534 0.0611204 0.0638731 0.0674112 0.0717342 0.0768407 0.082728 0.0893924 0.096828 0.105027 0.113979 0.123671 0.134086 0.145203 0.156998 0.169443 0.182504 0.196145 0.210323 0.224991 0.240098 0.255589 0.271404 0.287479 0.303747 0.320138 0.33658 0.352997 0.369313 0.38545 0.401331 0.416877 0.432013 0.446661 0.460749 0.474205 0.48696 0.498949 0.510111 0.520388 0.529728 0.538083 0.545409 0.55167 0.556833 0.560871 0.563765 0.565498 0.566063 0.565457 0.563681 0.560747 0.556668 0.551465 0.545166 0.537801 0.529411 0.520036 0.509727 0.498534 0.486517 0.473737 0.46026 0.446153 0.431489 0.416342 0.400787 0.384902 0.368764 0.352451 0.336041 0.31961 0.303233 0.286982 0.270927 0.255135 0.239669 0.224589 0.209949 0.1958 0.18219 0.169158 0.156743 0.144976 0.133887 0.123499 0.113833 0.104904 0.0967261 0.0893097 0.0826626 0.0767905 0.0716974 0.0673859 0.0638578 0.0611138 0.0591545 0.0579812 
0.0596138 0.0600239 0.0612435 0.0632738 0.0661148 0.0697662 0.074227 0.0794956 0.0855692 0.0924433 0.100112 0.108566 0.117796 0.127785 0.138518 0.149973 0.162123 0.17494 0.188389 0.202431 0.217022 0.232115 0.247655 0.263585 0.279845 0.296368 0.313085 0.329924 0.346811 0.363668 0.380417 0.396979 0.413273 0.429221 0.444743 0.459763 0.474205 0.487996 0.501066 0.513349 0.524782 0.535308 0.544872 0.553427 0.560927 0.567336 0.572621 0.576754 0.579715 0.581489 0.582068 0.581447 0.57963 0.576627 0.572452 0.567126 0.560678 0.553138 0.544547 0.534947 0.524388 0.512923 0.500611 0.487515 0.473701 0.459239 0.444203 0.428667 0.41271 0.396411 0.379848 0.363101 0.346251 0.329374 0.312549 0.295848 0.279346 0.263109 0.247204 0.231691 0.216627 0.202066 0.188055 0.174637 0.161851 0.14973 0.138305 0.1276 0.117636 0.108431 0.0999991 0.092351 0.0854953 0.0794382 0.074184 0.0697359 0.0660956 0.0632644 0.0612428 0.0600322 
0.0615633 0.0619858 0.0632419 0.0653325 0.0682577 0.0720168 0.0766088 0.0820317 0.0882823 0.0953559 0.103246 0.111943 0.121436 0.131709 0.142744 0.154519 0.167007 0.180177 0.193993 0.208415 0.223398 0.238892 0.254842 0.271189 0.28787 0.304816 0.321958 0.339221 0.356527 0.3738 0.390958 0.40792 0.424604 0.44093 0.456816 0.472185 0.48696 0.501066 0.514432 0.526991 0.53868 0.549439 0.559214 0.567955 0.575619 0.582167 0.587565 0.591788 0.594813 0.596625 0.597215 0.596581 0.594726 0.591658 0.587393 0.581953 0.575364 0.567661 0.558881 0.54907 0.538276 0.526555 0.513966 0.500572 0.486442 0.471646 0.45626 0.440359 0.424023 0.407333 0.390369 0.373213 0.355946 0.338649 0.3214 0.304275 0.287349 0.270692 0.25437 0.238448 0.222983 0.208031 0.19364 0.179855 0.166717 0.15426 0.142516 0.131509 0.121263 0.111796 0.103123 0.0952544 0.0882003 0.0819672 0.0765598 0.0719816 0.0682346 0.0653203 0.0632394 0.0619934 
0.0634108 0.0638452 0.0651356 0.0672832 0.0702877 0.0741485 0.0788642 0.0844326 0.0908503 0.0981121 0.106211 0.115137 0.124878 0.135418 0.146738 0.158814 0.171619 0.185121 0.199283 0.214063 0.229414 0.245285 0.26162 0.278358 0.295433 0.312777 0.330317 0.347976 0.365677 0.383338 0.400878 0.418214 0.435263 0.451942 0.468169 0.483864 0.498949 0.513349 0.526991 0.539808 0.551734 0.56271 0.572681 0.581597 0.589412 0.596089 0.601594 0.605899 0.608983 0.610831 0.611433 0.610787 0.608895 0.605767 0.601419 0.595872 0.589153 0.581297 0.572342 0.562334 0.551322 0.539362 0.526515 0.512844 0.498419 0.483311 0.467598 0.451356 0.434666 0.41761 0.400271 0.382732 0.365076 0.347385 0.329739 0.312216 0.294893 0.27784 0.261129 0.244822 0.22898 0.21366 0.198912 0.184783 0.171313 0.15854 0.146495 0.135205 0.124693 0.114979 0.106078 0.0980016 0.0907605 0.0843614 0.0788095 0.0741086 0.070261 0.0672683 0.0651314 0.0638521 
0.0651442 0.0655897 0.0669122 0.069113 0.0721917 0.0761474 0.0809787 0.0866831 0.0932567 0.100694 0.108988 0.118127 0.1281 0.138889 0.150474 0.162831 0.175933 0.189744 0.204228 0.21934 0.235035 0.251257 0.26795 0.285051 0.302493 0.320206 0.338115 0.356142 0.374208 0.39223 0.410125 0.427808 0.445194 0.4622 0.478742 0.494739 0.510111 0.524782 0.53868 0.551734 0.56388 0.575056 0.585208 0.594284 0.60224 0.609036 0.614639 0.61902 0.622159 0.624039 0.624652 0.623994 0.622069 0.618886 0.614461 0.608815 0.601977 0.593979 0.584863 0.574673 0.56346 0.55128 0.538194 0.524267 0.509569 0.494174 0.478158 0.4616 0.444582 0.427188 0.409502 0.391608 0.37359 0.355533 0.337519 0.319627 0.301934 0.284515 0.26744 0.250775 0.234583 0.218921 0.20384 0.18939 0.175612 0.162543 0.150218 0.138663 0.127904 0.117959 0.108845 0.100575 0.0931595 0.0866054 0.0809186 0.076103 0.0721614 0.0690955 0.0669064 0.0655958 
0.0667518 0.0672075 0.0685597 0.0708097 0.0739568 0.0780003 0.0829383 0.0887682 0.0954859 0.103085 0.111559 0.120895 0.131081 0.1421 0.15393 0.166547 0.179921 0.194017 0.208797 0.224217 0.240226 0.256772 0.273794 0.291229 0.309009 0.327061 0.345309 0.363675 0.382076 0.400429 0.418648 0.436649 0.454345 0.47165 0.48848 0.504753 0.520388 0.535308 0.549439 0.56271 0.575056 0.586416 0.596733 0.605956 0.614039 0.620944 0.626636 0.631087 0.634275 0.636186 0.636808 0.63614 0.634185 0.630951 0.626456 0.62072 0.613772 0.605647 0.596383 0.586027 0.57463 0.562249 0.548944 0.534784 0.519837 0.504178 0.487884 0.471037 0.45372 0.436015 0.41801 0.39979 0.381442 0.363049 0.344696 0.326464 0.308432 0.290676 0.273267 0.256273 0.239758 0.223781 0.208395 0.193648 0.179586 0.166246 0.153662 0.141863 0.130875 0.120717 0.111407 0.102959 0.0953817 0.0886845 0.0828731 0.0779517 0.0739233 0.0707898 0.0685523 0.067213 
