0.00533327 0.00537247 0.00549739 0.00570866 0.00600692 0.00639299 0.00686786 0.00743269 0.00808869 0.0088371 0.00967913 0.0106159 0.0116483 0.0127771 0.0140025 0.0153246 0.0167428 0.0182561 0.0198628 0.0215604 0.023346 0.0252157 0.0271648 0.0291877 0.0312781 0.0334287 0.0356316 0.0378777 0.0401574 0.0424602 0.0447751 0.0470904 0.0493937 0.0516726 0.053914 0.0561047 0.0582317 0.0602816 0.0622414 0.0640985 0.0658407 0.0674561 0.0689338 0.0702636 0.0714362 0.0724433 0.0732778 0.0739337 0.0744063 0.0746922 0.0747893 0.074697 0.0744159 0.0739482 0.0732971 0.0724675 0.0714653 0.0702976 0.0689728 0.0675001 0.0658897 0.0641526 0.0623005 0.0603456 0.0583006 0.0561786 0.0539925 0.0517557 0.0494812 0.047182 0.0448707 0.0425594 0.0402598 0.037983 0.0357393 0.0335385 0.0313894 0.0293001 0.0272777 0.0253287 0.0234584 0.0216717 0.0199724 0.0183634 0.0168473 0.0154257 0.0140997 0.0128699 0.0117362 0.0106984 0.00975587 0.00890765 0.00815268 0.00748981 0.00691783 0.00643555 0.0060419 0.0057359 0.00551678 0.0053842 
0.00537247 0.00541199 0.00553783 0.00575065 0.00605109 0.00643996 0.00691828 0.0074872 0.00814792 0.00890171 0.00974977 0.0106932 0.011733 0.0128697 0.0141038 0.0154352 0.0168634 0.0183872 0.020005 0.0217145 0.0235123 0.0253948 0.0273572 0.0293938 0.0314983 0.0336634 0.035881 0.038142 0.0404368 0.0427548 0.0450849 0.0474152 0.0497336 0.0520272 0.054283 0.0564878 0.0586283 0.0606912 0.0626635 0.0645324 0.0662854 0.067911 0.0693979 0.070736 0.0719159 0.0729293 0.073769 0.0744289 0.0749044 0.075192 0.0752897 0.0751968 0.0749139 0.0744432 0.073788 0.0729532 0.0719447 0.0707697 0.0694366 0.0679546 0.066334 0.064586 0.0627221 0.0607548 0.0586968 0.0565611 0.054361 0.0521098 0.0498206 0.0475064 0.04518 0.0428535 0.0405388 0.0382469 0.0359884 0.0337729 0.0316094 0.029506 0.0274699 0.0255076 0.0236246 0.0218256 0.0201145 0.0184945 0.0169679 0.0155364 0.0142011 0.0129626 0.0118209 0.0107758 0.00982658 0.00897233 0.00821199 0.00754439 0.00696832 0.00648259 0.00608612 0.00577794 0.00555725 0.00542374 
0.00549739 0.00553783 0.00566647 0.00588397 0.00619097 0.00658831 0.007077 0.00765819 0.00833313 0.00910306 0.00996922 0.0109327 0.0119944 0.0131551 0.014415 0.0157741 0.0172319 0.0187871 0.020438 0.0221822 0.0240165 0.0259368 0.0279384 0.0300155 0.0321615 0.0343692 0.03663 0.038935 0.041274 0.0436365 0.0460111 0.0483856 0.0507477 0.0530844 0.0553824 0.0576282 0.0598083 0.0619092 0.0639177 0.0658207 0.0676057 0.0692607 0.0707746 0.0721368 0.0733378 0.0743694 0.075224 0.0758957 0.0763796 0.0766723 0.0767716 0.0766768 0.0763888 0.0759095 0.0752425 0.0743925 0.0733657 0.0721694 0.0708121 0.0693031 0.067653 0.0658729 0.0639749 0.0619713 0.0598753 0.0577 0.0554589 0.0531655 0.0508332 0.0484753 0.0461047 0.0437339 0.0413747 0.0390387 0.0367363 0.0344776 0.0322717 0.0301268 0.0280503 0.0260489 0.0241281 0.0222929 0.0205471 0.018894 0.0173361 0.0158751 0.0145122 0.0132479 0.0120824 0.0110154 0.0100461 0.00917383 0.00839735 0.00771555 0.00712719 0.00663109 0.00622614 0.00591138 0.00568599 0.00554966 
0.00570866 0.00575065 0.00588397 0.0061093 0.00642727 0.00683874 0.00734474 0.00794645 0.00864512 0.009442 0.0103383 0.0113352 0.0124336 0.0136342 0.0149371 0.0163424 0.0178494 0.0194568 0.0211628 0.0229649 0.0248597 0.026843 0.0289097 0.0310541 0.0332692 0.0355475 0.0378802 0.040258 0.0426705 0.0451068 0.047555 0.0500029 0.0524376 0.0548456 0.0572134 0.0595271 0.0617728 0.0639367 0.0660051 0.0679646 0.0698024 0.0715062 0.0730645 0.0744666 0.0757028 0.0767643 0.0776437 0.0783348 0.0788326 0.0791336 0.0792357 0.079138 0.0788413 0.0783479 0.0776612 0.0767862 0.0757292 0.0744976 0.0731002 0.0715466 0.0698475 0.0680145 0.0660598 0.0639963 0.0618372 0.0595963 0.0572872 0.054924 0.0525205 0.0500901 0.0476462 0.0452018 0.042769 0.0403595 0.0379845 0.0356541 0.0333777 0.0311639 0.0290204 0.0269539 0.0249704 0.0230748 0.0212713 0.0195633 0.0179532 0.0164431 0.0150342 0.013727 0.0125217 0.011418 0.0104154 0.00951298 0.00870958 0.00800405 0.00739518 0.00688176 0.00646265 0.00613689 0.00590365 0.00576261 
0.00600692 0.00605109 0.00619097 0.00642727 0.00676062 0.00719192 0.00772222 0.0083527 0.00908463 0.0099193 0.010858 0.0119017 0.0130514 0.0143078 0.015671 0.0171409 0.0187168 0.0203974 0.0221805 0.0240636 0.026043 0.0281143 0.0302722 0.0325106 0.0348223 0.0371991 0.0396323 0.0421117 0.0446269 0.0471661 0.0497173 0.0522675 0.0548033 0.057311 0.0597762 0.0621846 0.0645218 0.0667734 0.0689253 0.0709636 0.0728751 0.0746469 0.0762672 0.0777248 0.0790098 0.0801132 0.0810271 0.0817453 0.0822625 0.0825751 0.0826808 0.082579 0.0822704 0.0817572 0.0810432 0.0801333 0.0790342 0.0777535 0.0763002 0.0746843 0.0729171 0.0710102 0.0689766 0.0668294 0.0645825 0.06225 0.0598463 0.0573857 0.0548826 0.0523511 0.049805 0.0472578 0.0447221 0.0422103 0.0397337 0.0373031 0.0349283 0.0326183 0.030381 0.0282236 0.0261522 0.0241722 0.022288 0.0205031 0.0188201 0.0172413 0.0157678 0.0144005 0.0131395 0.0119846 0.0109352 0.00999053 0.00914938 0.00841061 0.00777298 0.00723525 0.0067963 0.00645511 0.00621086 0.00606321 
0.00639299 0.00643996 0.00658831 0.00683874 0.00719192 0.00764877 0.00821035 0.00887788 0.00965265 0.010536 0.0115291 0.0126331 0.0138489 0.0151772 0.0166179 0.018171 0.0198355 0.0216101 0.0234924 0.0254795 0.0275676 0.029752 0.032027 0.0343861 0.0368217 0.0393252 0.0418872 0.0444971 0.0471439 0.0498153 0.0524984 0.0551798 0.0578454 0.0604806 0.0630706 0.0656004 0.0680548 0.0704189 0.0726777 0.0748169 0.0768226 0.0786815 0.0803811 0.08191 0.0832575 0.0844144 0.0853725 0.0861253 0.0866673 0.0869947 0.0871053 0.0869982 0.0866743 0.0861358 0.0853867 0.0844322 0.0832791 0.0819355 0.0804107 0.0787153 0.0768606 0.0748593 0.0727245 0.0704702 0.0681108 0.065661 0.0631359 0.0605505 0.0579198 0.0552587 0.0525816 0.0499025 0.047235 0.0445918 0.0419849 0.0394258 0.0369246 0.0344909 0.0321332 0.029859 0.0276749 0.0255865 0.0235985 0.0217146 0.019938 0.0182707 0.0167143 0.0152696 0.013937 0.0127161 0.0116066 0.0106075 0.00971773 0.00893615 0.00826148 0.00769246 0.00722794 0.00686688 0.00660844 0.00645229 
0.00686786 0.00691828 0.007077 0.00734474 0.00772222 0.00821035 0.00881024 0.00952314 0.0103504 0.0112933 0.012353 0.0135308 0.0148275 0.0162436 0.0177792 0.019434 0.0212069 0.0230963 0.0250997 0.027214 0.0294349 0.0317574 0.0341754 0.0366819 0.0392687 0.0419267 0.0446458 0.047415 0.0502222 0.0530546 0.0558986 0.0587399 0.0615635 0.0643542 0.0670963 0.0697738 0.072371 0.0748719 0.0772609 0.079523 0.0816434 0.0836082 0.0854044 0.0870197 0.0884433 0.0896653 0.0906773 0.0914721 0.0920443 0.0923898 0.0925062 0.0923927 0.0920501 0.0914809 0.0906892 0.0896804 0.0884617 0.0870416 0.0854298 0.0836374 0.0816764 0.0795601 0.0773023 0.0749176 0.0724212 0.0698286 0.0671556 0.0644182 0.0616321 0.058813 0.0559762 0.0531364 0.0503081 0.0475046 0.044739 0.0420229 0.0393676 0.0367831 0.0342784 0.0318616 0.0295397 0.0273189 0.025204 0.0231994 0.0213082 0.0195329 0.017875 0.0163357 0.0149154 0.0136139 0.0124307 0.011365 0.0104158 0.0095818 0.00886178 0.00825445 0.00775862 0.00737323 0.00709743 0.00693085 
0.00743269 0.0074872 0.00765819 0.00794645 0.0083527 0.00887788 0.00952314 0.0102898 0.0111791 0.0121925 0.0133312 0.0145962 0.0159886 0.0175086 0.0191564 0.0209314 0.0228324 0.0248575 0.0270041 0.0292686 0.0316463 0.0341319 0.0367186 0.039399 0.0421642 0.0450044 0.0479089 0.0508657 0.0538621 0.0568843 0.0599178 0.0629474 0.0659572 0.068931 0.071852 0.0747035 0.0774686 0.0801305 0.0826727 0.0850792 0.0873345 0.0894239 0.0913336 0.0930507 0.0945637 0.0958622 0.0969374 0.0977817 0.0983893 0.098756 0.0988793 0.0987582 0.0983938 0.0977885 0.0969466 0.095874 0.0945782 0.0930681 0.091354 0.0894476 0.0873617 0.0851101 0.0827075 0.0801694 0.0775118 0.0747511 0.0719042 0.0689878 0.0660187 0.0630136 0.0599886 0.0569596 0.0539417 0.0509494 0.0479964 0.0450954 0.0422583 0.0394958 0.0368176 0.0342325 0.031748 0.0293707 0.0271062 0.0249588 0.0229322 0.0210291 0.0192514 0.0176002 0.0160761 0.0146792 0.0134089 0.0122644 0.0112448 0.0103488 0.0095751 0.0089224 0.0083895 0.00797532 0.00767894 0.00750004 
0.00808869 0.00814792 0.00833313 0.00864512 0.00908463 0.00965265 0.0103504 0.0111791 0.0121402 0.013235 0.0144649 0.0158308 0.0173336 0.0189737 0.0207509 0.0226646 0.0247134 0.0268952 0.0292069 0.0316445 0.034203 0.0368765 0.0396576 0.0425382 0.0455089 0.0485589 0.0516767 0.0548494 0.0580634 0.0613038 0.0645552 0.0678012 0.071025 0.074209 0.0773356 0.0803869 0.0833448 0.0861915 0.0889095 0.0914818 0.0938919 0.0961242 0.098164 0.0999979 0.101613 0.103 0.104147 0.105048 0.105697 0.106088 0.106219 0.106089 0.105699 0.105053 0.104153 0.103008 0.101623 0.10001 0.0981787 0.0961416 0.0939123 0.0915055 0.0889368 0.0862226 0.0833799 0.0804263 0.0773795 0.0742575 0.0710782 0.0678592 0.064618 0.0613714 0.0581356 0.0549261 0.0517575 0.0486437 0.0455972 0.0426298 0.0397518 0.0369728 0.0343009 0.0317434 0.0293061 0.0269941 0.0248114 0.0227609 0.0208448 0.0190645 0.0174207 0.0159135 0.0145425 0.0133071 0.0122062 0.0112385 0.0104027 0.0096976 0.00912185 0.00867437 0.00835422 0.00816107 
0.0088371 0.00890171 0.00910306 0.009442 0.0099193 0.010536 0.0112933 0.0121925 0.013235 0.0144223 0.0157556 0.0172359 0.018864 0.0206402 0.0225642 0.0246351 0.0268514 0.0292105 0.0317091 0.0343427 0.0371059 0.0399919 0.042993 0.0461 0.0493029 0.05259 0.0559487 0.0593653 0.062825 0.0663118 0.069809 0.0732992 0.0767643 0.0801855 0.0835438 0.0868202 0.0899954 0.0930503 0.0959664 0.0987253 0.10131 0.103703 0.105889 0.107854 0.109585 0.11107 0.112299 0.113264 0.113958 0.114377 0.114517 0.114377 0.113959 0.113266 0.112302 0.111074 0.10959 0.107861 0.105897 0.103713 0.101322 0.0987407 0.0959849 0.0930724 0.0900212 0.0868501 0.0835781 0.0802244 0.076808 0.0733479 0.0698627 0.0663704 0.0628886 0.0594338 0.0560219 0.0526675 0.0493845 0.0461853 0.0430815 0.0400832 0.0371993 0.0344377 0.031805 0.0293066 0.0269469 0.0247294 0.0226565 0.0207299 0.0189503 0.0173181 0.0158331 0.0144944 0.0133012 0.0122521 0.011346 0.0105813 0.00995692 0.00947164 0.00912451 0.00891517 
0.00967913 0.00974977 0.00996922 0.0103383 0.010858 0.0115291 0.012353 0.0133312 0.0144649 0.0157556 0.0172046 0.0188128 0.020581 0.0225093 0.0245973 0.0268439 0.0292472 0.0318043 0.0345116 0.0373639 0.0403553 0.0434784 0.0467246 0.050084 0.0535455 0.0570967 0.0607237 0.0644117 0.0681447 0.0719056 0.0756762 0.0794379 0.0831711 0.0868557 0.0904715 0.0939979 0.0974143 0.1007 0.103836 0.106802 0.10958 0.112151 0.1145 0.116611 0.11847 0.120064 0.121384 0.122419 0.123164 0.123613 0.123763 0.123612 0.123163 0.122418 0.121383 0.120063 0.118469 0.116611 0.114501 0.112154 0.109584 0.106808 0.103845 0.100712 0.0974297 0.0940172 0.090495 0.0868838 0.083204 0.0794758 0.0757194 0.071954 0.0681985 0.0644708 0.0607879 0.0571658 0.0536193 0.0501621 0.0468065 0.0435636 0.0404434 0.0374542 0.0346033 0.0318969 0.0293398 0.0269358 0.0246877 0.0225975 0.0206662 0.0188943 0.0172816 0.0158275 0.014531 0.013391 0.012406 0.0115748 0.0108959 0.0103683 0.009991 0.00976357 
0.0106159 0.0106932 0.0109327 0.0113352 0.0119017 0.0126331 0.0135308 0.0145962 0.0158308 0.0172359 0.0188128 0.0205625 0.0224854 0.0245818 0.0268509 0.0292915 0.0319012 0.0346769 0.0376143 0.0407079 0.0439508 0.0473351 0.0508514 0.0544888 0.0582351 0.0620768 0.065999 0.0699856 0.0740191 0.0780811 0.0821521 0.086212 0.0902396 0.0942135 0.0981117 0.101912 0.105593 0.109133 0.112509 0.115703 0.118692 0.121459 0.123986 0.126256 0.128255 0.129969 0.131388 0.132501 0.133301 0.133783 0.133943 0.133781 0.133298 0.132496 0.131382 0.129963 0.128248 0.126249 0.123978 0.121452 0.118686 0.115698 0.112507 0.109133 0.105597 0.10192 0.0981232 0.0942294 0.0902604 0.0862379 0.0821835 0.0781181 0.0740618 0.070034 0.0660531 0.0621364 0.0583 0.0545586 0.0509257 0.0474135 0.0440327 0.0407926 0.0377012 0.0347653 0.0319903 0.0293805 0.026939 0.0246681 0.0225692 0.0206429 0.0188892 0.0173074 0.0158968 0.0146561 0.013584 0.012679 0.01194 0.0113656 0.0109548 0.0107074 
0.0116483 0.011733 0.0119944 0.0124336 0.0130514 0.0138489 0.0148275 0.0159886 0.0173336 0.018864 0.020581 0.0224854 0.0245778 0.0268581 0.0293253 0.031978 0.0348134 0.0378279 0.0410167 0.0443736 0.0478912 0.0515606 0.0553714 0.0593118 0.0633686 0.0675269 0.0717706 0.0760821 0.0804427 0.0848324 0.0892302 0.0936142 0.0979618 0.10225 0.106455 0.110554 0.114522 0.118336 0.121974 0.125413 0.128633 0.131612 0.134331 0.136775 0.138925 0.140769 0.142295 0.143492 0.144352 0.14487 0.145042 0.144867 0.144346 0.143484 0.142284 0.140757 0.138911 0.136759 0.134315 0.131595 0.128616 0.125398 0.12196 0.118324 0.114513 0.110548 0.106453 0.102252 0.0979692 0.0936268 0.0892485 0.0848566 0.080473 0.0761186 0.0718133 0.0675757 0.0634233 0.0593722 0.055437 0.051631 0.0479659 0.0444519 0.041098 0.0379114 0.0348982 0.0320634 0.0294104 0.026942 0.0246598 0.0225645 0.0206563 0.0189348 0.0173992 0.0160482 0.0148806 0.013895 0.0130899 0.0124642 0.0120168 0.0117474 
0.0127771 0.0128697 0.0131551 0.0136342 0.0143078 0.0151772 0.0162436 0.0175086 0.0189737 0.0206402 0.0225093 0.0245818 0.0268581 0.0293378 0.03202 0.0349026 0.0379826 0.0412559 0.044717 0.0483591 0.0521739 0.0561517 0.0602811 0.0645491 0.0689414 0.0734417 0.0780325 0.0826949 0.0874084 0.0921515 0.0969015 0.101635 0.106327 0.110954 0.115489 0.119908 0.124186 0.128296 0.132215 0.135919 0.139385 0.142592 0.145519 0.148148 0.150461 0.152445 0.154086 0.155372 0.156297 0.156853 0.157038 0.156849 0.156289 0.15536 0.15407 0.152426 0.15044 0.148124 0.145493 0.142565 0.139357 0.135891 0.132188 0.128271 0.124162 0.119888 0.115473 0.110942 0.10632 0.101633 0.0969054 0.0921616 0.087425 0.0827181 0.0780626 0.0734785 0.0689848 0.0645989 0.0603369 0.0562131 0.0522404 0.04843 0.0447917 0.0413336 0.0380624 0.0349837 0.0321015 0.0294188 0.0269376 0.024659 0.0225832 0.02071 0.0190386 0.0175678 0.0162965 0.0152231 0.0143464 0.0136649 0.0131778 0.0128845 
0.0140025 0.0141038 0.014415 0.0149371 0.015671 0.0166179 0.0177792 0.0191564 0.0207509 0.0225642 0.0245973 0.0268509 0.0293253 0.03202 0.0349335 0.0380636 0.0414068 0.0449584 0.0487123 0.0526609 0.0567951 0.061104 0.0655754 0.070195 0.074947 0.079814 0.0847769 0.089815 0.0949064 0.100028 0.105155 0.110262 0.115323 0.120311 0.1252 0.129961 0.134568 0.138994 0.143213 0.1472 0.150929 0.154379 0.157527 0.160353 0.162841 0.164973 0.166736 0.168119 0.169112 0.169709 0.169907 0.169704 0.169101 0.168102 0.166715 0.164947 0.162811 0.16032 0.15749 0.15434 0.150889 0.147158 0.143172 0.138954 0.13453 0.129925 0.125167 0.120283 0.115299 0.110244 0.105143 0.100022 0.0949079 0.0898237 0.0847929 0.0798374 0.0749778 0.070233 0.0656202 0.0611554 0.0568523 0.0527235 0.0487795 0.0450295 0.0414809 0.0381398 0.0350108 0.0320974 0.0294019 0.0269257 0.0246693 0.0226326 0.0208148 0.0192149 0.0178317 0.0166637 0.0157096 0.014968 0.0144379 0.0141189 
0.0153246 0.0154352 0.0157741 0.0163424 0.0171409 0.018171 0.019434 0.0209314 0.0226646 0.0246351 0.0268439 0.0292915 0.031978 0.0349026 0.0380636 0.0414584 0.0450829 0.0489319 0.0529985 0.0572743 0.0617492 0.0664115 0.0712474 0.0762417 0.0813771 0.0866345 0.0919934 0.0974313 0.102925 0.108448 0.113976 0.11948 0.124932 0.130304 0.135567 0.140692 0.145649 0.150409 0.154946 0.159232 0.16324 0.166946 0.170328 0.173364 0.176036 0.178325 0.180217 0.181702 0.182767 0.183408 0.18362 0.183401 0.182753 0.181681 0.18019 0.178291 0.175997 0.173321 0.170281 0.166895 0.163186 0.159176 0.15489 0.150354 0.145594 0.140639 0.135518 0.130259 0.124891 0.119444 0.113947 0.108426 0.10291 0.097424 0.091994 0.0866433 0.0813939 0.0762666 0.0712801 0.0664515 0.0617961 0.0573274 0.0530572 0.0489954 0.0451503 0.0415287 0.0381359 0.0349758 0.032051 0.0293634 0.0269136 0.0247017 0.0227271 0.0209889 0.0194858 0.0182164 0.0171793 0.0163732 0.0157971 0.0154506 
0.0167428 0.0168634 0.0172319 0.0178494 0.0187168 0.0198355 0.0212069 0.0228324 0.0247134 0.0268514 0.0292472 0.0319012 0.0348134 0.0379826 0.0414068 0.0450829 0.0490064 0.0531711 0.0575697 0.0621927 0.0670291 0.0720659 0.0772883 0.0826795 0.0882207 0.0938914 0.0996691 0.10553 0.111448 0.117396 0.123347 0.12927 0.135135 0.140912 0.14657 0.152077 0.157403 0.162516 0.167387 0.171987 0.176289 0.180266 0.183894 0.18715 0.190014 0.192468 0.194497 0.196088 0.19723 0.197917 0.198143 0.197908 0.197213 0.196062 0.194464 0.192427 0.189966 0.187096 0.183834 0.180202 0.176221 0.171917 0.167315 0.162443 0.15733 0.152007 0.146502 0.140848 0.135076 0.129216 0.123299 0.117356 0.111415 0.105505 0.0996531 0.0938841 0.0882223 0.08269 0.0773075 0.0720934 0.0670644 0.0622353 0.0576188 0.053226 0.0490661 0.0451466 0.0414733 0.0380508 0.0348822 0.0319696 0.029314 0.0269157 0.0247741 0.0228885 0.0212577 0.0198803 0.0187548 0.01788 0.0172549 0.016879 
0.0182561 0.0183872 0.0187871 0.0194568 0.0203974 0.0216101 0.0230963 0.0248575 0.0268952 0.0292105 0.0318043 0.0346769 0.0378279 0.0412559 0.0449584 0.0489319 0.0531711 0.0576695 0.0624185 0.0674079 0.0726256 0.0780573 0.0836869 0.0894961 0.0954647 0.10157 0.107789 0.114094 0.120458 0.126853 0.133247 0.13961 0.145909 0.152111 0.158182 0.16409 0.169801 0.175283 0.180505 0.185434 0.190043 0.194302 0.198187 0.201673 0.204739 0.207366 0.209537 0.211239 0.212461 0.213195 0.213437 0.213185 0.212441 0.211209 0.209497 0.207317 0.204682 0.201608 0.198115 0.194224 0.18996 0.185348 0.180416 0.175193 0.169711 0.164 0.158095 0.152026 0.145829 0.139536 0.13318 0.126793 0.120406 0.11405 0.107754 0.101546 0.0954497 0.0894909 0.0836913 0.0780711 0.0726482 0.0674388 0.062457 0.0577148 0.0532223 0.0489879 0.0450183 0.0413183 0.0378919 0.0347412 0.0318678 0.029272 0.0269537 0.024912 0.0231458 0.0216539 0.0204347 0.0194872 0.01881 0.0184031 
0.0198628 0.020005 0.020438 0.0211628 0.0221805 0.0234924 0.0250997 0.0270041 0.0292069 0.0317091 0.0345116 0.0376143 0.0410167 0.044717 0.0487123 0.0529985 0.0575697 0.0624185 0.0675355 0.0729096 0.0785273 0.0843732 0.0904297 0.0966769 0.103093 0.109654 0.116333 0.123103 0.129934 0.136795 0.143653 0.150475 0.157226 0.16387 0.170373 0.176698 0.182812 0.188678 0.194263 0.199535 0.204463 0.209017 0.213169 0.216894 0.22017 0.222976 0.225295 0.227112 0.228417 0.2292 0.229458 0.229188 0.228393 0.227076 0.225248 0.222918 0.220102 0.216817 0.213084 0.208924 0.204365 0.199432 0.194157 0.188569 0.182702 0.176589 0.170265 0.163765 0.157125 0.15038 0.143565 0.136714 0.129862 0.12304 0.116279 0.10961 0.10306 0.0966548 0.0904181 0.084372 0.078536 0.0729277 0.0675623 0.0624532 0.0576113 0.053046 0.0487646 0.0447729 0.041075 0.0376738 0.034571 0.0317673 0.0292626 0.0270564 0.0251476 0.023535 0.0222171 0.0211928 0.0204608 0.020021 
0.0215604 0.0217145 0.0221822 0.0229649 0.0240636 0.0254795 0.027214 0.0292686 0.0316445 0.0343427 0.0373639 0.0407079 0.0443736 0.0483591 0.0526609 0.0572743 0.0621927 0.0674079 0.0729096 0.0786854 0.0847208 0.0909989 0.0975007 0.104205 0.111087 0.118122 0.125281 0.132535 0.139851 0.147196 0.154536 0.161834 0.169054 0.176158 0.183108 0.189866 0.196396 0.20266 0.208623 0.21425 0.219507 0.224365 0.228793 0.232766 0.236258 0.239249 0.241721 0.243658 0.245048 0.245882 0.246156 0.245868 0.24502 0.243617 0.241667 0.239183 0.23618 0.232677 0.228695 0.224258 0.219393 0.214129 0.208498 0.202532 0.196266 0.189736 0.182978 0.176031 0.168931 0.161717 0.154425 0.147093 0.139757 0.13245 0.125207 0.118058 0.111035 0.104164 0.0974718 0.0909814 0.0847144 0.0786895 0.0729235 0.0674309 0.0622237 0.0573123 0.0527048 0.0484076 0.0444255 0.0407618 0.0374187 0.034397 0.031697 0.0293183 0.0272599 0.0255206 0.0240991 0.0229942 0.0222047 0.0217306 
0.023346 0.0235123 0.0240165 0.0248597 0.026043 0.0275676 0.0294349 0.0316463 0.034203 0.0371059 0.0403553 0.0439508 0.0478912 0.0521739 0.0567951 0.0617492 0.0670291 0.0726256 0.0785273 0.0847208 0.0911902 0.0979172 0.104881 0.112059 0.119425 0.126951 0.134607 0.142361 0.15018 0.158027 0.165864 0.173655 0.181359 0.188937 0.196349 0.203554 0.210513 0.217187 0.223538 0.22953 0.235127 0.240298 0.24501 0.249237 0.252952 0.256134 0.258762 0.260822 0.2623 0.263187 0.263478 0.263171 0.262268 0.260775 0.258701 0.256058 0.252863 0.249136 0.244898 0.240175 0.234996 0.229391 0.223394 0.217038 0.210361 0.203401 0.196197 0.188787 0.181213 0.173514 0.16573 0.1579 0.150063 0.142254 0.134511 0.126866 0.119352 0.111999 0.104834 0.0978822 0.0911674 0.0847098 0.0785273 0.0726358 0.0670486 0.0617768 0.0568297 0.0522142 0.0479359 0.0439986 0.0404047 0.0371557 0.0342519 0.031693 0.0294784 0.0276069 0.0260772 0.0248881 0.0240386 0.0235285 
0.0252157 0.0253948 0.0259368 0.026843 0.0281143 0.029752 0.0317574 0.0341319 0.0368765 0.0399919 0.0434784 0.0473351 0.0515606 0.0561517 0.061104 0.0664115 0.0720659 0.0780573 0.0843732 0.0909989 0.0979172 0.105108 0.11255 0.120217 0.128081 0.136114 0.144283 0.152554 0.160889 0.169252 0.177602 0.1859 0.194102 0.202167 0.210052 0.217716 0.225115 0.23221 0.238959 0.245325 0.251271 0.256761 0.261765 0.266252 0.270195 0.273571 0.27636 0.278545 0.280113 0.281053 0.281362 0.281036 0.280077 0.278493 0.276291 0.273487 0.270095 0.266138 0.261638 0.256623 0.251122 0.245168 0.238795 0.23204 0.224942 0.21754 0.209877 0.201993 0.193931 0.185734 0.177444 0.169102 0.160748 0.152423 0.144164 0.136007 0.127987 0.120136 0.112483 0.105055 0.097877 0.0909716 0.0843582 0.0780537 0.0720728 0.0664277 0.0611285 0.056183 0.0515973 0.047376 0.0435218 0.0400366 0.0369211 0.0341751 0.0317981 0.0297891 0.0281469 0.0268704 0.0259584 0.025411 
0.0271648 0.0273572 0.0279384 0.0289097 0.0302722 0.032027 0.0341754 0.0367186 0.0396576 0.042993 0.0467246 0.0508514 0.0553714 0.0602811 0.0655754 0.0712474 0.0772883 0.0836869 0.0904297 0.0975007 0.104881 0.11255 0.120482 0.128652 0.13703 0.145583 0.154278 0.163078 0.171944 0.180836 0.189711 0.198526 0.207238 0.215801 0.224171 0.232303 0.240152 0.247676 0.254831 0.261579 0.267879 0.273697 0.278997 0.283748 0.287924 0.291498 0.294451 0.296763 0.298422 0.299417 0.299743 0.299398 0.298383 0.296705 0.294374 0.291404 0.287813 0.283622 0.278856 0.273542 0.267713 0.261403 0.254647 0.247485 0.239956 0.232104 0.223972 0.215603 0.207043 0.198336 0.189527 0.18066 0.171778 0.162923 0.154135 0.145453 0.136913 0.12855 0.120394 0.112476 0.104822 0.0974559 0.0903985 0.0836685 0.0772816 0.0712514 0.0655887 0.0603025 0.0553994 0.0508846 0.0467614 0.043032 0.0396975 0.0367579 0.034213 0.0320617 0.030303 0.0289359 0.0279593 0.0273732 
0.0291877 0.0293938 0.0300155 0.0310541 0.0325106 0.0343861 0.0366819 0.039399 0.0425382 0.0461 0.050084 0.0544888 0.0593118 0.0645491 0.070195 0.0762417 0.0826795 0.0894961 0.0966769 0.104205 0.112059 0.120217 0.128652 0.137337 0.146239 0.155325 0.164557 0.173898 0.183305 0.192736 0.202146 0.21149 0.22072 0.229791 0.238653 0.247261 0.255568 0.263528 0.271096 0.278231 0.284892 0.29104 0.296641 0.301661 0.306072 0.309848 0.312965 0.315407 0.317159 0.318209 0.318553 0.318188 0.317116 0.315344 0.312881 0.309744 0.30595 0.301522 0.296485 0.29087 0.284708 0.278036 0.270891 0.263315 0.25535 0.247039 0.23843 0.229567 0.2205 0.211273 0.201936 0.192534 0.183113 0.173717 0.164389 0.15517 0.146099 0.137211 0.128542 0.120122 0.11198 0.104141 0.0966286 0.0894618 0.0826582 0.0762324 0.0701964 0.0645598 0.0593303 0.0545136 0.0501136 0.0461328 0.0425728 0.0394339 0.0367158 0.034418 0.0325393 0.0310789 0.0300357 0.0294097 
0.0312781 0.0314983 0.0321615 0.0332692 0.0348223 0.0368217 0.0392687 0.0421642 0.0455089 0.0493029 0.0535455 0.0582351 0.0633686 0.0689414 0.074947 0.0813771 0.0882207 0.0954647 0.103093 0.111087 0.119425 0.128081 0.13703 0.146239 0.155676 0.165303 0.175083 0.184973 0.19493 0.204909 0.214862 0.224742 0.234498 0.244083 0.253445 0.262535 0.271304 0.279705 0.287691 0.295217 0.302242 0.308724 0.314629 0.31992 0.324568 0.328546 0.331831 0.334403 0.336248 0.337355 0.337716 0.337331 0.336202 0.334334 0.33174 0.328433 0.324435 0.319768 0.314458 0.308538 0.30204 0.295003 0.287465 0.27947 0.271063 0.262289 0.253196 0.243834 0.234251 0.224499 0.214625 0.20468 0.194711 0.184765 0.174888 0.165123 0.155511 0.14609 0.136897 0.127966 0.119326 0.111004 0.103027 0.0954136 0.088184 0.0813536 0.0749356 0.0689405 0.0633768 0.0582508 0.0535672 0.0493288 0.0455376 0.0421942 0.0392986 0.0368504 0.0348486 0.0332924 0.0321808 0.031514 
0.0334287 0.0336634 0.0343692 0.0355475 0.0371991 0.0393252 0.0419267 0.0450044 0.0485589 0.05259 0.0570967 0.0620768 0.0675269 0.0734417 0.079814 0.0866345 0.0938914 0.10157 0.109654 0.118122 0.126951 0.136114 0.145583 0.155325 0.165303 0.17548 0.185813 0.196259 0.206773 0.217306 0.227808 0.238229 0.248517 0.25862 0.268485 0.278061 0.287297 0.296142 0.304547 0.312468 0.319858 0.326677 0.332886 0.33845 0.343337 0.347518 0.350971 0.353674 0.355612 0.356775 0.357155 0.35675 0.355562 0.353599 0.350872 0.347396 0.343192 0.338285 0.332701 0.326474 0.319639 0.312234 0.304301 0.295885 0.287032 0.277791 0.268212 0.258345 0.248244 0.237959 0.227544 0.21705 0.206527 0.196025 0.185592 0.175273 0.165113 0.155151 0.145427 0.135976 0.12683 0.118019 0.109568 0.101502 0.0938384 0.0865962 0.079789 0.0734286 0.0675242 0.0620828 0.0571098 0.0526085 0.0485813 0.0450291 0.0419523 0.0393504 0.0372229 0.0355688 0.0343874 0.0336788 
0.0356316 0.035881 0.03663 0.0378802 0.0396323 0.0418872 0.0446458 0.0479089 0.0516767 0.0559487 0.0607237 0.065999 0.0717706 0.0780325 0.0847769 0.0919934 0.0996691 0.107789 0.116333 0.125281 0.134607 0.144283 0.154278 0.164557 0.175083 0.185813 0.196705 0.207712 0.218786 0.229877 0.240931 0.251896 0.262718 0.273342 0.283713 0.293776 0.303479 0.312769 0.321596 0.329911 0.337668 0.344823 0.351338 0.357174 0.362299 0.366684 0.370304 0.373138 0.37517 0.376388 0.376786 0.376361 0.375116 0.373057 0.370197 0.366552 0.362144 0.356996 0.351138 0.344604 0.337431 0.329658 0.321329 0.312491 0.303192 0.293482 0.283414 0.273041 0.262418 0.2516 0.24064 0.229593 0.218512 0.20745 0.196457 0.18558 0.174866 0.164359 0.154098 0.144122 0.134465 0.125157 0.116228 0.107702 0.0995992 0.0919394 0.0847376 0.0780065 0.0717563 0.0659947 0.0607277 0.0559594 0.0516923 0.0479279 0.0446667 0.0419086 0.0396531 0.0378995 0.0366471 0.035896 
0.0378777 0.038142 0.038935 0.040258 0.0421117 0.0444971 0.047415 0.0508657 0.0548494 0.0593653 0.0644117 0.0699856 0.0760821 0.0826949 0.089815 0.0974313 0.10553 0.114094 0.123103 0.132535 0.142361 0.152554 0.163078 0.173898 0.184973 0.196259 0.207712 0.219282 0.230918 0.242568 0.254175 0.265686 0.277042 0.288186 0.299062 0.309613 0.319783 0.329517 0.338763 0.347471 0.355593 0.363084 0.369902 0.37601 0.381372 0.38596 0.389746 0.39271 0.394835 0.396109 0.396525 0.396081 0.394778 0.392624 0.389633 0.385819 0.381206 0.375819 0.369689 0.362849 0.355339 0.3472 0.338476 0.329217 0.319472 0.309294 0.298738 0.28786 0.276715 0.265361 0.253856 0.242256 0.230617 0.218992 0.207436 0.195999 0.18473 0.173673 0.162873 0.152368 0.142196 0.132389 0.122978 0.113988 0.105442 0.0973611 0.0897608 0.0826553 0.0760556 0.0699704 0.0644062 0.0593676 0.0548578 0.0508786 0.0474308 0.0445146 0.0421295 0.0402751 0.0389507 0.0381567 
0.0401574 0.0404368 0.041274 0.0426705 0.0446269 0.0471439 0.0502222 0.0538621 0.0580634 0.062825 0.0681447 0.0740191 0.0804427 0.0874084 0.0949064 0.102925 0.111448 0.120458 0.129934 0.139851 0.15018 0.160889 0.171944 0.183305 0.19493 0.206773 0.218786 0.230918 0.243116 0.255323 0.267482 0.279535 0.291423 0.303087 0.314465 0.3255 0.336134 0.34631 0.355973 0.365072 0.373556 0.381379 0.388499 0.394875 0.400472 0.40526 0.409212 0.412305 0.414522 0.415851 0.416285 0.415821 0.414461 0.412214 0.409091 0.405111 0.400296 0.394672 0.388271 0.381129 0.373284 0.364781 0.355666 0.345988 0.335801 0.325158 0.314116 0.302734 0.29107 0.279184 0.267135 0.254983 0.242786 0.230601 0.218483 0.206486 0.19466 0.183054 0.171714 0.16068 0.149991 0.139684 0.129788 0.120333 0.111342 0.102838 0.0948368 0.0873547 0.0804035 0.0739925 0.068129 0.0628184 0.0580641 0.0538685 0.0502327 0.047157 0.0446413 0.0426853 0.0412884 0.040451 
0.0424602 0.0427548 0.0436365 0.0451068 0.0471661 0.0498153 0.0530546 0.0568843 0.0613038 0.0663118 0.0719056 0.0780811 0.0848324 0.0921515 0.100028 0.108448 0.117396 0.126853 0.136795 0.147196 0.158027 0.169252 0.180836 0.192736 0.204909 0.217306 0.229877 0.242568 0.255323 0.268083 0.280791 0.293383 0.305798 0.317975 0.329852 0.341367 0.352459 0.363072 0.373147 0.382631 0.391473 0.399625 0.407042 0.413683 0.419513 0.424498 0.428612 0.431832 0.434141 0.435524 0.435975 0.435492 0.434076 0.431736 0.428485 0.42434 0.419326 0.413468 0.406801 0.399359 0.391185 0.382323 0.37282 0.362729 0.352104 0.341001 0.329479 0.317598 0.305419 0.293005 0.280416 0.267716 0.254965 0.242222 0.229545 0.216991 0.204612 0.192459 0.180579 0.169018 0.157814 0.147007 0.136628 0.126707 0.117272 0.108344 0.0999423 0.0920833 0.08478 0.0780427 0.0718794 0.066296 0.0612966 0.0568839 0.0530594 0.0498238 0.0471771 0.0451191 0.0436493 0.0427684 
0.0447751 0.0450849 0.0460111 0.047555 0.0497173 0.0524984 0.0558986 0.0599178 0.0645552 0.069809 0.0756762 0.0821521 0.0892302 0.0969015 0.105155 0.113976 0.123347 0.133247 0.143653 0.154536 0.165864 0.177602 0.189711 0.202146 0.214862 0.227808 0.240931 0.254175 0.267482 0.280791 0.294039 0.307163 0.320099 0.332783 0.345151 0.357138 0.368683 0.379725 0.390205 0.400069 0.409263 0.417737 0.425446 0.432348 0.438405 0.443585 0.447858 0.451203 0.4536 0.455037 0.455506 0.455003 0.453533 0.451102 0.447724 0.443419 0.438208 0.432122 0.425192 0.417457 0.408959 0.399743 0.38986 0.379362 0.368306 0.356749 0.344753 0.332381 0.319694 0.306758 0.293637 0.280396 0.267097 0.253802 0.240572 0.227466 0.214538 0.201843 0.189429 0.177343 0.165628 0.154324 0.143464 0.133082 0.123203 0.113854 0.105053 0.0968185 0.0891642 0.0821016 0.0756392 0.0697837 0.0645397 0.0599104 0.0558975 0.0525022 0.0497246 0.0475647 0.0460223 0.0450979 
0.0470904 0.0474152 0.0483856 0.0500029 0.0522675 0.0551798 0.0587399 0.0629474 0.0678012 0.0732992 0.0794379 0.086212 0.0936142 0.101635 0.110262 0.11948 0.12927 0.13961 0.150475 0.161834 0.173655 0.1859 0.198526 0.21149 0.224742 0.238229 0.251896 0.265686 0.279535 0.293383 0.307163 0.32081 0.334258 0.34744 0.360289 0.372739 0.384727 0.39619 0.407068 0.417303 0.426841 0.43563 0.443625 0.450781 0.457061 0.46243 0.46686 0.470326 0.472811 0.474299 0.474785 0.474264 0.47274 0.47022 0.46672 0.462257 0.456855 0.450544 0.443359 0.435337 0.426521 0.41696 0.406704 0.395808 0.384329 0.372329 0.359868 0.347013 0.333828 0.32038 0.306735 0.292961 0.279123 0.265285 0.25151 0.237859 0.224391 0.21116 0.198219 0.185615 0.173395 0.161599 0.150264 0.139424 0.129107 0.11934 0.110144 0.101537 0.0935345 0.086149 0.0793898 0.0732642 0.0677773 0.0629327 0.0587327 0.0551786 0.052271 0.0500098 0.0483951 0.0474276 
0.0493937 0.0497336 0.0507477 0.0524376 0.0548033 0.0578454 0.0615635 0.0659572 0.071025 0.0767643 0.0831711 0.0902396 0.0979618 0.106327 0.115323 0.124932 0.135135 0.145909 0.157226 0.169054 0.181359 0.194102 0.207238 0.22072 0.234498 0.248517 0.262718 0.277042 0.291423 0.305798 0.320099 0.334258 0.348206 0.361874 0.375193 0.388096 0.400516 0.41239 0.423654 0.434251 0.444123 0.45322 0.461492 0.468896 0.475392 0.480946 0.485527 0.489112 0.49168 0.49322 0.493721 0.493183 0.491607 0.489001 0.485381 0.480765 0.475178 0.468649 0.461214 0.452913 0.443789 0.433892 0.423273 0.411988 0.400098 0.387664 0.37475 0.361423 0.347751 0.333802 0.319646 0.30535 0.290984 0.276614 0.262305 0.248121 0.234121 0.220365 0.206905 0.193793 0.181076 0.168796 0.156993 0.145702 0.134953 0.124774 0.115188 0.106214 0.0978682 0.090164 0.0831118 0.0767192 0.0709923 0.0659351 0.0615501 0.0578391 0.0548029 0.0524416 0.0507555 0.0497453 
0.0516726 0.0520272 0.0530844 0.0548456 0.057311 0.0604806 0.0643542 0.068931 0.074209 0.0801855 0.0868557 0.0942135 0.10225 0.110954 0.120311 0.130304 0.140912 0.152111 0.16387 0.176158 0.188937 0.202167 0.215801 0.229791 0.244083 0.25862 0.273342 0.288186 0.303087 0.317975 0.332783 0.34744 0.361874 0.376014 0.38979 0.403132 0.415972 0.428243 0.439883 0.45083 0.461027 0.470421 0.478962 0.486605 0.49331 0.499042 0.50377 0.507469 0.51012 0.511708 0.512225 0.51167 0.510043 0.507355 0.503619 0.498855 0.493088 0.486349 0.478673 0.470101 0.460679 0.450456 0.439485 0.427824 0.415534 0.402679 0.389326 0.375541 0.361395 0.34696 0.332305 0.317502 0.302621 0.287732 0.272902 0.258197 0.24368 0.229409 0.215443 0.201834 0.18863 0.175877 0.163616 0.151883 0.140711 0.130129 0.12016 0.110825 0.102142 0.0941253 0.0867851 0.0801304 0.0741676 0.0689013 0.0643345 0.0604692 0.0573065 0.0548468 0.0530903 0.0520382 
0.053914 0.054283 0.0553824 0.0572134 0.0597762 0.0630706 0.0670963 0.071852 0.0773356 0.0835438 0.0904715 0.0981117 0.106455 0.115489 0.1252 0.135567 0.14657 0.158182 0.170373 0.183108 0.196349 0.210052 0.224171 0.238653 0.253445 0.268485 0.283713 0.299062 0.314465 0.329852 0.345151 0.360289 0.375193 0.38979 0.404007 0.417773 0.431018 0.443673 0.455675 0.466959 0.477469 0.487149 0.495949 0.503823 0.51073 0.516633 0.521501 0.52531 0.528039 0.529675 0.530208 0.529635 0.52796 0.525192 0.521345 0.516439 0.510499 0.503558 0.49565 0.486818 0.477108 0.466571 0.455261 0.443237 0.430562 0.417301 0.403522 0.389295 0.374692 0.359785 0.344648 0.329353 0.313974 0.298583 0.283248 0.268037 0.253016 0.238247 0.223788 0.209695 0.196018 0.182805 0.170097 0.157934 0.14635 0.135374 0.125032 0.115345 0.106333 0.0980109 0.0903895 0.0834787 0.0772854 0.0718148 0.0670702 0.063054 0.0597676 0.0572116 0.0553865 0.0542932 
0.0561047 0.0564878 0.0576282 0.0595271 0.0621846 0.0656004 0.0697738 0.0747035 0.0803869 0.0868202 0.0939979 0.101912 0.110554 0.119908 0.129961 0.140692 0.152077 0.16409 0.176698 0.189866 0.203554 0.217716 0.232303 0.247261 0.262535 0.278061 0.293776 0.309613 0.3255 0.341367 0.357138 0.372739 0.388096 0.403132 0.417773 0.431946 0.445579 0.458603 0.470951 0.48256 0.493369 0.503323 0.512371 0.520466 0.527565 0.533631 0.538635 0.542549 0.545353 0.547034 0.547581 0.546993 0.545272 0.542428 0.538474 0.533432 0.527327 0.520192 0.512062 0.502982 0.492996 0.482158 0.470523 0.458151 0.445107 0.431456 0.417269 0.402617 0.387573 0.372213 0.356612 0.340844 0.324985 0.309109 0.293286 0.277588 0.262082 0.246831 0.231896 0.217335 0.203201 0.189542 0.176402 0.163823 0.151838 0.140481 0.129777 0.119749 0.110418 0.101799 0.0939046 0.0867451 0.0803279 0.0746587 0.0697414 0.0655786 0.062172 0.0595224 0.0576304 0.0564973 
0.0582317 0.0586283 0.0598083 0.0617728 0.0645218 0.0680548 0.072371 0.0774686 0.0833448 0.0899954 0.0974143 0.105593 0.114522 0.124186 0.134568 0.145649 0.157403 0.169801 0.182812 0.196396 0.210513 0.225115 0.240152 0.255568 0.271304 0.287297 0.303479 0.319783 0.336134 0.352459 0.368683 0.384727 0.400516 0.415972 0.431018 0.445579 0.459583 0.472958 0.485637 0.497554 0.508648 0.518863 0.528147 0.536451 0.543733 0.549956 0.555088 0.559102 0.561978 0.563701 0.564262 0.563659 0.561894 0.558977 0.554922 0.549751 0.543489 0.53617 0.527829 0.518512 0.508264 0.497139 0.485195 0.472491 0.459094 0.445072 0.430495 0.415437 0.399973 0.38418 0.368135 0.351915 0.335596 0.319255 0.302966 0.2868 0.270827 0.255114 0.239723 0.224712 0.210138 0.19605 0.182495 0.169515 0.157146 0.14542 0.134368 0.124012 0.114373 0.105468 0.09731 0.0899104 0.0832772 0.0774164 0.0723323 0.0680279 0.0645052 0.0617652 0.0598087 0.058637 
0.0602816 0.0606912 0.0619092 0.0639367 0.0667734 0.0704189 0.0748719 0.0801305 0.0861915 0.0930503 0.1007 0.109133 0.118336 0.128296 0.138994 0.150409 0.162516 0.175283 0.188678 0.20266 0.217187 0.23221 0.247676 0.263528 0.279705 0.296142 0.312769 0.329517 0.34631 0.363072 0.379725 0.39619 0.41239 0.428243 0.443673 0.458603 0.472958 0.486666 0.499657 0.511866 0.523231 0.533693 0.543199 0.551702 0.559157 0.565527 0.570779 0.574888 0.577831 0.579595 0.580169 0.579552 0.577746 0.57476 0.57061 0.565317 0.558907 0.551413 0.542874 0.533332 0.522836 0.51144 0.499203 0.486185 0.472455 0.45808 0.443133 0.42769 0.411828 0.395623 0.379156 0.362506 0.34575 0.328967 0.312233 0.295622 0.279206 0.263051 0.247224 0.231785 0.216791 0.202294 0.188342 0.174978 0.162241 0.150165 0.138778 0.128108 0.118174 0.108995 0.100585 0.0929558 0.0861155 0.080071 0.074827 0.0703869 0.0667529 0.0639262 0.0619078 0.0606992 
0.0622414 0.0626635 0.0639177 0.0660051 0.0689253 0.0726777 0.0772609 0.0826727 0.0889095 0.0959664 0.103836 0.112509 0.121974 0.132215 0.143213 0.154946 0.167387 0.180505 0.194263 0.208623 0.223538 0.238959 0.254831 0.271096 0.287691 0.304547 0.321596 0.338763 0.355973 0.373147 0.390205 0.407068 0.423654 0.439883 0.455675 0.470951 0.485637 0.499657 0.512943 0.525426 0.537044 0.547737 0.557453 0.566142 0.573759 0.580267 0.585633 0.58983 0.592837 0.594638 0.595225 0.594595 0.59275 0.5897 0.585461 0.580053 0.573504 0.565847 0.55712 0.547368 0.53664 0.52499 0.512477 0.499164 0.485119 0.470413 0.455119 0.439313 0.423074 0.406482 0.389618 0.372561 0.355393 0.338193 0.321039 0.304007 0.28717 0.270599 0.254359 0.238514 0.223122 0.208237 0.193909 0.180182 0.167095 0.154685 0.142982 0.132013 0.121799 0.11236 0.103711 0.0958625 0.0888253 0.0826061 0.0772101 0.0726409 0.0689009 0.0659918 0.0639145 0.0626707 
0.0640985 0.0645324 0.0658207 0.0679646 0.0709636 0.0748169 0.079523 0.0850792 0.0914818 0.0987253 0.106802 0.115703 0.125413 0.135919 0.1472 0.159232 0.171987 0.185434 0.199535 0.21425 0.22953 0.245325 0.261579 0.278231 0.295217 0.312468 0.329911 0.347471 0.365072 0.382631 0.400069 0.417303 0.434251 0.45083 0.466959 0.48256 0.497554 0.511866 0.525426 0.538165 0.550019 0.560928 0.570839 0.5797 0.587469 0.594106 0.599577 0.603857 0.606922 0.608759 0.609357 0.608714 0.606834 0.603724 0.599402 0.593888 0.587209 0.5794 0.570499 0.560551 0.549606 0.537719 0.524949 0.511361 0.497024 0.482008 0.466389 0.450245 0.433655 0.4167 0.399463 0.382027 0.364472 0.346881 0.329334 0.311907 0.294677 0.277714 0.261087 0.244861 0.229095 0.213846 0.199164 0.185094 0.17168 0.158956 0.146955 0.135704 0.125227 0.115542 0.106667 0.0986126 0.0913898 0.0850059 0.0794664 0.0747754 0.0709355 0.0679486 0.0658158 0.0645388 
0.0658407 0.0662854 0.0676057 0.0698024 0.0728751 0.0768226 0.0816434 0.0873345 0.0938919 0.10131 0.10958 0.118692 0.128633 0.139385 0.150929 0.16324 0.176289 0.190043 0.204463 0.219507 0.235127 0.251271 0.267879 0.284892 0.302242 0.319858 0.337668 0.355593 0.373556 0.391473 0.409263 0.426841 0.444123 0.461027 0.477469 0.493369 0.508648 0.523231 0.537044 0.550019 0.562091 0.573199 0.58329 0.592311 0.600219 0.606974 0.612543 0.616898 0.620018 0.621887 0.622496 0.621842 0.619928 0.616764 0.612365 0.606753 0.599955 0.592006 0.582945 0.572816 0.561671 0.549564 0.536558 0.522715 0.508107 0.492805 0.476886 0.460428 0.443512 0.426222 0.40864 0.390851 0.372939 0.354985 0.337072 0.319279 0.301683 0.284356 0.267369 0.250788 0.234675 0.219086 0.204075 0.189687 0.175966 0.16295 0.150671 0.139158 0.128435 0.118521 0.109435 0.101189 0.0937925 0.0872548 0.0815814 0.0767766 0.0728434 0.0697838 0.0675991 0.0662912 
0.0674561 0.067911 0.0692607 0.0715062 0.0746469 0.0786815 0.0836082 0.0894239 0.0961242 0.103703 0.112151 0.121459 0.131612 0.142592 0.154379 0.166946 0.180266 0.194302 0.209017 0.224365 0.240298 0.256761 0.273697 0.29104 0.308724 0.326677 0.344823 0.363084 0.381379 0.399625 0.417737 0.43563 0.45322 0.470421 0.487149 0.503323 0.518863 0.533693 0.547737 0.560928 0.573199 0.58449 0.594745 0.603912 0.611947 0.618811 0.624469 0.628893 0.632062 0.633961 0.634579 0.633915 0.631971 0.628757 0.624288 0.618586 0.61168 0.603603 0.594395 0.584101 0.572773 0.560466 0.547243 0.533168 0.518312 0.502748 0.486554 0.469809 0.452595 0.434997 0.4171 0.398987 0.380746 0.36246 0.344211 0.326081 0.308148 0.290487 0.27317 0.256263 0.239829 0.223928 0.208613 0.193932 0.179929 0.166643 0.154108 0.142353 0.131403 0.121279 0.111998 0.103574 0.0960178 0.0893382 0.0835411 0.0786313 0.074612 0.0714853 0.0692526 0.0679161 
