0.00149642 0.00151376 0.00157127 0.00166967 0.00180993 0.00199342 0.00222181 0.00249711 0.00282156 0.00319764 0.00362797 0.00411526 0.00466228 0.0052717 0.00594612 0.00668789 0.0074991 0.00838144 0.00933618 0.010364 0.011465 0.0126387 0.0138836 0.0151976 0.0165777 0.0180201 0.0195198 0.0210714 0.022668 0.0243022 0.0259657 0.0276494 0.0293434 0.0310373 0.0327201 0.0343803 0.0360063 0.0375862 0.0391081 0.0405603 0.0419312 0.0432097 0.0443854 0.0454483 0.0463894 0.0472006 0.0478749 0.0484064 0.0487903 0.0490233 0.0491034 0.0490297 0.0488031 0.0484256 0.0479005 0.0472325 0.0464275 0.0454925 0.0444357 0.0432659 0.0419931 0.0406277 0.0391809 0.0376641 0.0360891 0.0344676 0.0328116 0.0311327 0.0294423 0.0277513 0.0260702 0.0244088 0.0227761 0.0211806 0.0196297 0.0181299 0.0166871 0.0153059 0.0139904 0.0127435 0.0115674 0.0104634 0.00943222 0.00847375 0.00758731 0.0067717 0.00602525 0.00534591 0.00473136 0.00417906 0.00368634 0.00325048 0.00286879 0.00253868 0.00225768 0.00202357 0.00183436 0.00168838 0.00158427 0.0015212 
0.00151376 0.00153132 0.00158951 0.00168907 0.00183098 0.0020166 0.00224765 0.00252614 0.00285434 0.00323475 0.00367002 0.0041629 0.00471614 0.00533249 0.00601453 0.00676465 0.00758495 0.00847713 0.00944246 0.0104816 0.0115948 0.0127812 0.0140396 0.0153678 0.0167628 0.0182206 0.0197363 0.0213042 0.0229176 0.0245689 0.0262497 0.0279507 0.0296621 0.0313733 0.0330732 0.0347502 0.0363925 0.0379882 0.0395253 0.0409919 0.0423763 0.0436675 0.0448546 0.0459279 0.0468782 0.0476973 0.0483781 0.0489146 0.0493022 0.0495375 0.0496182 0.0495438 0.049315 0.0489337 0.0484035 0.0477289 0.046916 0.0459719 0.0449046 0.0437233 0.0424379 0.041059 0.0395978 0.0380658 0.036475 0.0348372 0.0331644 0.0314685 0.0297608 0.0280524 0.026354 0.0246753 0.0230256 0.0214134 0.0198461 0.0183304 0.0168722 0.0154763 0.0141466 0.0128862 0.0116973 0.0105813 0.00953874 0.0085697 0.00767344 0.00684875 0.00609395 0.00540699 0.00478552 0.00422697 0.00372866 0.00328785 0.00290181 0.00256792 0.00228371 0.00204691 0.00185554 0.00170788 0.00160259 0.0015388 
0.00157127 0.00158951 0.00164984 0.00175302 0.00190005 0.00209235 0.00233166 0.00262006 0.00295989 0.00335371 0.00380423 0.00431428 0.00488669 0.00552425 0.00622961 0.00700522 0.00785319 0.00877527 0.00977271 0.0108462 0.0119958 0.0132209 0.01452 0.0158908 0.0173302 0.0188341 0.0203973 0.0220141 0.0236774 0.0253794 0.0271115 0.0288641 0.030627 0.0323894 0.0341397 0.0358663 0.0375569 0.0391992 0.0407809 0.0422899 0.0437141 0.0450422 0.0462633 0.047367 0.0483442 0.0491864 0.0498863 0.0504379 0.0508362 0.0510779 0.0511608 0.0510842 0.0508487 0.0504566 0.0499112 0.0492174 0.0483813 0.0474102 0.0463123 0.0450971 0.0437747 0.0423559 0.0408523 0.0392757 0.0376383 0.0359523 0.03423 0.0324836 0.0307248 0.028965 0.0272151 0.0254853 0.023785 0.022123 0.0205069 0.0189439 0.0174397 0.0159994 0.0146272 0.0133263 0.0120988 0.0109464 0.00986962 0.00886852 0.00794242 0.00709009 0.00630983 0.00559956 0.00495687 0.00437914 0.00386363 0.00340752 0.00300803 0.00266246 0.00236826 0.00212313 0.00192501 0.00177214 0.00166315 0.00159713 
0.00166967 0.00168907 0.00175302 0.0018623 0.00201799 0.00222155 0.00247481 0.00277994 0.00313937 0.00355577 0.00403199 0.00457095 0.0051756 0.00584884 0.0065934 0.0074118 0.00830623 0.00927845 0.0103297 0.0114608 0.0126715 0.0139612 0.0153283 0.0167704 0.018284 0.0198648 0.0215075 0.0232058 0.0249523 0.0267389 0.0285565 0.0303949 0.0322436 0.0340912 0.0359256 0.0377346 0.0395054 0.0412252 0.0428811 0.0444605 0.0459509 0.0473404 0.0486177 0.0497721 0.0507939 0.0516744 0.052406 0.0529825 0.0533988 0.0536512 0.0537376 0.0536572 0.0534108 0.0530005 0.05243 0.0517043 0.0508297 0.0498138 0.0486652 0.0473936 0.0460097 0.0445247 0.0429507 0.0412998 0.0395849 0.0378188 0.0360142 0.0341838 0.0323399 0.0304945 0.0286589 0.0268438 0.0250591 0.023314 0.0216167 0.0199744 0.0183935 0.0168792 0.0154359 0.0140671 0.0127752 0.0115618 0.0104276 0.00937279 0.00839662 0.0074979 0.00667489 0.00592544 0.00524708 0.00463709 0.00409263 0.00361076 0.0031886 0.00282333 0.00251231 0.00225311 0.00204359 0.00188194 0.00176669 0.00169691 
0.00180993 0.00183098 0.00190005 0.00201799 0.00218593 0.00240543 0.00267842 0.00300719 0.00339434 0.00384268 0.00435521 0.00493501 0.00558518 0.00630876 0.00710863 0.00798739 0.0089473 0.00999019 0.0111173 0.0123293 0.0136261 0.0150068 0.0164695 0.0180117 0.0196297 0.0213186 0.0230728 0.0248855 0.0267489 0.0286541 0.0305914 0.0325503 0.0345192 0.0364861 0.0384383 0.0403626 0.0422457 0.0440739 0.0458337 0.0475116 0.0490946 0.05057 0.0519258 0.053151 0.0542351 0.0551692 0.0559452 0.0565565 0.0569978 0.0572652 0.0573565 0.0572709 0.0570091 0.0565735 0.0559679 0.0551976 0.0542692 0.0531906 0.0519711 0.0506208 0.0491508 0.0475732 0.0459006 0.0441459 0.0423226 0.0404442 0.0385243 0.0365763 0.0346132 0.0326478 0.0306921 0.0287574 0.0268544 0.0249927 0.0231812 0.0214277 0.019739 0.0181207 0.0165775 0.0151133 0.0137307 0.0124314 0.0112165 0.010086 0.00903926 0.00807515 0.00719185 0.00638713 0.00565842 0.00500289 0.00441753 0.00389928 0.00344508 0.00305197 0.00271715 0.00243805 0.00221242 0.00203833 0.00191422 0.00183913 
0.00199342 0.0020166 0.00209235 0.00222155 0.00240543 0.00264564 0.00294429 0.00330381 0.00372698 0.0042168 0.00477648 0.0054093 0.00611855 0.00690745 0.00777903 0.00873603 0.00978081 0.0109152 0.0121406 0.0134574 0.0148654 0.0163637 0.0179502 0.0196218 0.0213745 0.023203 0.0251011 0.0270615 0.0290755 0.0311337 0.0332255 0.0353394 0.0374632 0.0395838 0.0416875 0.0437604 0.0457879 0.0477557 0.049649 0.0514536 0.0531555 0.0547413 0.0561981 0.0575141 0.0586785 0.0596813 0.0605143 0.0611703 0.0616436 0.0619303 0.0620279 0.0619356 0.0616541 0.061186 0.0605353 0.0597077 0.0587101 0.0575511 0.0562404 0.0547889 0.0532084 0.0515117 0.0497123 0.047824 0.0458612 0.0438385 0.0417702 0.0396708 0.0375542 0.0354342 0.0333236 0.0312348 0.0291792 0.0271672 0.0252085 0.0233114 0.0214834 0.0197307 0.0180585 0.0164709 0.014971 0.0135607 0.0122412 0.0110127 0.00987465 0.00882581 0.00786437 0.00698799 0.00619398 0.00547934 0.00484091 0.00427541 0.0037796 0.00335031 0.00298456 0.00267962 0.00243304 0.00224277 0.00210716 0.00202515 
0.00222181 0.00224765 0.00233166 0.00247481 0.00267842 0.00294429 0.00327468 0.00367224 0.00413996 0.00468107 0.00529903 0.00599736 0.00677958 0.00764913 0.00860922 0.00966275 0.0108122 0.0120594 0.0134057 0.0148516 0.0163967 0.0180398 0.0197783 0.021609 0.0235273 0.0255274 0.0276022 0.0297438 0.0319427 0.0341885 0.0364697 0.0387737 0.0410872 0.043396 0.0456853 0.0479399 0.0501442 0.0522826 0.0543392 0.0562987 0.058146 0.0598666 0.0614468 0.0628738 0.064136 0.0652229 0.0661254 0.0668359 0.0673484 0.0676587 0.0677639 0.0676634 0.0673579 0.0668501 0.0661443 0.0652466 0.0641646 0.0629074 0.0614853 0.0599101 0.0581946 0.0563523 0.0543979 0.0523463 0.0502129 0.0480135 0.0457636 0.0434788 0.0411743 0.0388648 0.0365645 0.0342867 0.0320439 0.0298475 0.027708 0.0256346 0.0236355 0.0217177 0.0198868 0.0181475 0.0165033 0.0149563 0.013508 0.0121588 0.0109081 0.00975484 0.00869699 0.00773219 0.00685756 0.00606994 0.00536593 0.00474205 0.00419481 0.00372079 0.0033168 0.00297986 0.00270737 0.00249709 0.00234724 0.00225667 
0.00249711 0.00252614 0.00262006 0.00277994 0.00300719 0.00330381 0.00367224 0.00411536 0.00463642 0.00523894 0.00592664 0.00670333 0.0075728 0.00853874 0.00960457 0.0107734 0.0120477 0.0134295 0.0149201 0.0165199 0.0182282 0.0200436 0.0219632 0.0239832 0.0260984 0.0283023 0.0305872 0.0329439 0.0353623 0.0378307 0.0403364 0.0428657 0.045404 0.0479357 0.0504448 0.0529145 0.055328 0.0576681 0.0599178 0.0620603 0.0640794 0.0659593 0.0676852 0.0692434 0.0706211 0.0718071 0.0727917 0.0735666 0.0741253 0.0744633 0.0745776 0.0744673 0.0741334 0.0735788 0.072808 0.0718277 0.0706461 0.0692728 0.0677192 0.0659979 0.0641227 0.0621085 0.0599709 0.0577261 0.055391 0.0529825 0.0505176 0.0480133 0.0454862 0.0429523 0.040427 0.0379251 0.0354602 0.0330448 0.0306906 0.0284078 0.0262055 0.0240912 0.0220716 0.0201518 0.0183356 0.0166258 0.0150241 0.0135309 0.0121459 0.010868 0.00969502 0.00862458 0.00765363 0.00677876 0.00599634 0.00530261 0.00469381 0.00416625 0.00371646 0.00334122 0.00303769 0.00280344 0.00263652 0.00253571 
0.00282156 0.00285434 0.00295989 0.00313937 0.00339434 0.00372698 0.00413996 0.00463642 0.00521992 0.00589428 0.00666353 0.00753182 0.00850325 0.00958176 0.010771 0.0120743 0.0134943 0.0150331 0.0166918 0.0184707 0.020369 0.0223849 0.024515 0.026755 0.0290989 0.0315394 0.0340679 0.0366742 0.0393469 0.0420732 0.0448389 0.047629 0.0504274 0.0532169 0.0559799 0.0586982 0.0613532 0.0639262 0.0663987 0.0687525 0.0709696 0.0730332 0.0749271 0.0766363 0.0781471 0.0794474 0.0805264 0.0813754 0.0819874 0.0823573 0.082482 0.0823605 0.0819939 0.0813853 0.0805398 0.0794643 0.0781677 0.0766608 0.0749556 0.0730659 0.0710067 0.0687941 0.0664451 0.0639774 0.0614093 0.0587593 0.0560461 0.0532881 0.0505034 0.0477098 0.0449243 0.0421628 0.0394405 0.0367715 0.0341683 0.0316425 0.0292041 0.0268618 0.0246229 0.0224931 0.020477 0.0185777 0.0167973 0.0151364 0.0135949 0.0121715 0.0108643 0.00967059 0.00858715 0.00761035 0.00673628 0.00596089 0.0052801 0.0046899 0.00418651 0.00376643 0.00342655 0.00316423 0.00297734 0.00286453 
0.00319764 0.00323475 0.00335371 0.00355577 0.00384268 0.0042168 0.00468107 0.00523894 0.00589428 0.00665126 0.00751428 0.00848783 0.00957636 0.0107841 0.012115 0.0135726 0.0151595 0.016878 0.0187292 0.0207131 0.0228288 0.0250738 0.0274444 0.0299355 0.0325404 0.0352507 0.0380569 0.0409475 0.0439097 0.0469293 0.0499908 0.0530774 0.0561712 0.0592534 0.0623046 0.0653048 0.0682337 0.0710707 0.0737957 0.0763886 0.07883 0.0811015 0.0831854 0.0850654 0.0867268 0.0881561 0.089342 0.0902748 0.0909469 0.0913528 0.0914893 0.0913551 0.0909516 0.090282 0.0893518 0.0881687 0.0867423 0.0850841 0.0832075 0.0811273 0.0788598 0.0764225 0.0738341 0.0711138 0.0682817 0.0653579 0.0623628 0.0593168 0.0562398 0.0531512 0.0500697 0.047013 0.043998 0.04104 0.0381533 0.0353505 0.032643 0.0300405 0.0275511 0.0251815 0.0229369 0.020821 0.0188361 0.0169832 0.0152624 0.0136724 0.0122112 0.010876 0.00966346 0.00856961 0.00759027 0.00672102 0.00595745 0.00529521 0.00473015 0.00425846 0.00387675 0.00358212 0.00337224 0.00324562 
0.00362797 0.00367002 0.00380423 0.00403199 0.00435521 0.00477648 0.00529903 0.00592664 0.00666353 0.00751428 0.00848367 0.00957657 0.0107978 0.0121519 0.0136432 0.0152752 0.017051 0.0189726 0.0210411 0.0232565 0.0256172 0.0281205 0.0307621 0.0335359 0.0364344 0.0394482 0.0425664 0.0457763 0.0490635 0.0524122 0.0558052 0.0592239 0.0626485 0.0660584 0.069432 0.0727474 0.0759823 0.0791142 0.082121 0.0849808 0.0876724 0.0901757 0.0924714 0.0945419 0.0963709 0.0979441 0.0992489 0.100275 0.101014 0.10146 0.10161 0.101461 0.101017 0.100279 0.0992546 0.0979517 0.0963806 0.0945539 0.0924862 0.0901935 0.0876937 0.0850058 0.0821502 0.0791479 0.0760207 0.0727909 0.0694808 0.0661126 0.0627083 0.0592893 0.0558762 0.0524886 0.0491451 0.0458629 0.0426577 0.0395437 0.0365336 0.0336382 0.0308669 0.0282272 0.025725 0.0233647 0.021149 0.0190793 0.0171559 0.0153775 0.0137421 0.0122469 0.0108881 0.00966169 0.008563 0.00758733 0.00672985 0.00598584 0.00535078 0.00482049 0.00439126 0.00405992 0.00382392 0.00368163 
0.00411526 0.0041629 0.00431428 0.00457095 0.00493501 0.0054093 0.00599736 0.00670333 0.00753182 0.00848783 0.00957657 0.0108033 0.0121733 0.0136914 0.0153622 0.0171895 0.0191764 0.021325 0.0236363 0.0261099 0.028744 0.0315352 0.0344785 0.0375671 0.0407922 0.0441433 0.0476081 0.0511724 0.0548202 0.0585338 0.0622942 0.0660806 0.0698713 0.0736434 0.0773734 0.0810371 0.0846099 0.0880672 0.0913848 0.0945389 0.0975062 0.100265 0.102794 0.105074 0.107087 0.108819 0.110254 0.111383 0.112196 0.112686 0.11285 0.112686 0.112196 0.111384 0.110256 0.108821 0.10709 0.105078 0.1028 0.100274 0.0975177 0.0945537 0.0914034 0.08809 0.0846372 0.0810695 0.0774112 0.0736869 0.0699207 0.066136 0.0623557 0.0586015 0.0548938 0.0512518 0.047693 0.0442333 0.0408867 0.0376656 0.0345805 0.0316399 0.0288507 0.0262178 0.0237445 0.0214328 0.019283 0.017294 0.0154638 0.0137893 0.0122668 0.0108918 0.00965928 0.00856422 0.00760136 0.00676555 0.00605187 0.00545575 0.00497314 0.00460055 0.00433519 0.00417529 
0.00466228 0.00471614 0.00488669 0.0051756 0.00558518 0.00611855 0.00677958 0.0075728 0.00850325 0.00957636 0.0107978 0.0121733 0.0137085 0.0154086 0.0172785 0.0193223 0.021543 0.023943 0.0265228 0.0292819 0.0322181 0.0353272 0.0386034 0.0420389 0.0456238 0.0493463 0.0531924 0.0571463 0.0611902 0.0653044 0.0694677 0.0736573 0.0778491 0.0820179 0.0861378 0.0901822 0.0941243 0.0979371 0.101594 0.105069 0.108337 0.111374 0.114157 0.116666 0.11888 0.120784 0.122362 0.123602 0.124495 0.125033 0.125212 0.125032 0.124493 0.123599 0.122358 0.12078 0.118876 0.116662 0.114154 0.111373 0.108338 0.105072 0.101601 0.0979474 0.0941391 0.090202 0.086163 0.082049 0.0778864 0.0737011 0.0695182 0.0653617 0.0612542 0.057217 0.0532695 0.0494294 0.0457125 0.0421326 0.0387015 0.035429 0.0323228 0.0293888 0.0266309 0.0240514 0.0216509 0.0194286 0.0173824 0.0155093 0.013805 0.012265 0.0108838 0.00965607 0.00857603 0.00763809 0.00683691 0.00616751 0.00562545 0.00520692 0.00490888 0.00472936 
0.0052717 0.00533249 0.00552425 0.00584884 0.00630876 0.00690745 0.00764913 0.00853874 0.00958176 0.0107841 0.0121519 0.0136914 0.0154086 0.0173092 0.0193982 0.02168 0.0241578 0.0268337 0.0297083 0.0327805 0.0360476 0.0395047 0.0431452 0.04696 0.050938 0.0550658 0.0593279 0.0637065 0.0681817 0.0727319 0.0773334 0.0819611 0.0865885 0.0911879 0.0957306 0.100188 0.10453 0.108727 0.112751 0.116574 0.120167 0.123504 0.126562 0.129317 0.131748 0.133838 0.135569 0.13693 0.137909 0.138499 0.138695 0.138496 0.137904 0.136922 0.13556 0.133826 0.131736 0.129304 0.126549 0.123491 0.120155 0.116564 0.112744 0.108724 0.10453 0.100193 0.0957415 0.0912048 0.086612 0.0819916 0.0773711 0.0727771 0.0682345 0.0637667 0.0593955 0.0551405 0.0510193 0.0470474 0.0432381 0.0396025 0.0361493 0.0328853 0.0298153 0.0269419 0.0242662 0.0217876 0.019504 0.0174122 0.0155079 0.0137861 0.0122411 0.0108671 0.00965772 0.00860707 0.00770928 0.00695894 0.00635119 0.00588191 0.00554774 0.00534656 
0.00594612 0.00601453 0.00622961 0.0065934 0.00710863 0.00777903 0.00860922 0.00960457 0.010771 0.012115 0.0136432 0.0153622 0.0172785 0.0193982 0.0217266 0.0242683 0.0270266 0.0300034 0.033199 0.036612 0.0402391 0.0440745 0.0481106 0.052337 0.0567412 0.0613082 0.0660206 0.0708585 0.0758001 0.0808211 0.0858955 0.0909957 0.0960924 0.101155 0.106153 0.111054 0.115826 0.120437 0.124855 0.129049 0.132991 0.136651 0.140002 0.143021 0.145684 0.147972 0.149868 0.151357 0.152429 0.153074 0.153288 0.15307 0.15242 0.151345 0.149852 0.147953 0.145663 0.142997 0.139977 0.136625 0.132965 0.129025 0.124833 0.120417 0.11581 0.111043 0.106148 0.101156 0.0961002 0.0910109 0.0859186 0.0808523 0.0758397 0.0709066 0.066077 0.0613728 0.0568136 0.0524167 0.048197 0.0441669 0.0403366 0.0367138 0.033304 0.0301105 0.0271349 0.0243766 0.0218338 0.0195032 0.0173802 0.0154596 0.0137353 0.012201 0.01085 0.00967585 0.00867213 0.00783301 0.00715321 0.00662823 0.00625443 0.00602948 
0.00668789 0.00676465 0.00700522 0.0074118 0.00798739 0.00873603 0.00966275 0.0107734 0.0120743 0.0135726 0.0152752 0.0171895 0.0193223 0.02168 0.0242683 0.0270919 0.0301542 0.0334568 0.0369999 0.0407816 0.0447975 0.0490414 0.0535042 0.0581743 0.0630375 0.0680771 0.0732736 0.078605 0.084047 0.0895729 0.0951542 0.10076 0.106359 0.111918 0.117401 0.122776 0.128006 0.133057 0.137895 0.142486 0.146798 0.150801 0.154465 0.157764 0.160674 0.163173 0.165243 0.166869 0.168038 0.168742 0.168975 0.168736 0.168026 0.166851 0.165221 0.163146 0.160642 0.157729 0.154427 0.150762 0.146759 0.142447 0.137857 0.133021 0.127973 0.122747 0.117378 0.111901 0.106349 0.100758 0.0951606 0.0895883 0.0840716 0.078639 0.073317 0.0681299 0.0630993 0.0582446 0.0535825 0.049127 0.0448896 0.040879 0.0371018 0.033562 0.0302614 0.0272001 0.0243762 0.0217863 0.0194259 0.0172892 0.01537 0.0136613 0.0121562 0.0108474 0.00972831 0.00879242 0.00803407 0.00744836 0.00703134 0.00678049 
0.0074991 0.00758495 0.00785319 0.00830623 0.0089473 0.00978081 0.0108122 0.0120477 0.0134943 0.0151595 0.017051 0.0191764 0.021543 0.0241578 0.0270266 0.0301542 0.0335439 0.0371973 0.0411142 0.045292 0.0497257 0.0544077 0.059328 0.0644733 0.0698278 0.0753726 0.0810863 0.0869445 0.0929202 0.0989842 0.105105 0.111249 0.117382 0.123466 0.129466 0.135343 0.141059 0.146576 0.151858 0.156869 0.161572 0.165937 0.16993 0.173525 0.176695 0.179417 0.181671 0.18344 0.184712 0.185478 0.185731 0.18547 0.184697 0.183417 0.181641 0.17938 0.176653 0.173478 0.169879 0.165883 0.161516 0.156812 0.151802 0.146522 0.141007 0.135295 0.129423 0.12343 0.117352 0.111228 0.105093 0.0989817 0.0929278 0.0869625 0.0811149 0.0754117 0.0698771 0.0645326 0.0593966 0.054485 0.0498107 0.0453838 0.0412118 0.0372994 0.0336491 0.0302613 0.0271343 0.0242648 0.021648 0.0192779 0.017148 0.0152508 0.0135788 0.0121244 0.0108802 0.00983949 0.008996 0.00834446 0.0078806 0.00760168 
0.00838144 0.00847713 0.00877527 0.00927845 0.00999019 0.0109152 0.0120594 0.0134295 0.0150331 0.016878 0.0189726 0.021325 0.023943 0.0268337 0.0300034 0.0334568 0.0371973 0.0412263 0.0455429 0.050144 0.0550236 0.0601732 0.065581 0.0712323 0.0771094 0.0831913 0.0894542 0.0958712 0.102413 0.109046 0.115738 0.122451 0.129147 0.135787 0.142331 0.148737 0.154964 0.160972 0.166721 0.172172 0.177287 0.182031 0.18637 0.190275 0.193717 0.196672 0.199118 0.201038 0.202418 0.203248 0.203522 0.203238 0.202399 0.201009 0.19908 0.196626 0.193664 0.190215 0.186305 0.181961 0.177214 0.172097 0.166645 0.160897 0.154892 0.148668 0.142267 0.135729 0.129097 0.122409 0.115705 0.109024 0.102401 0.0958712 0.0894659 0.0832147 0.0771444 0.0712787 0.0656382 0.0602405 0.0551002 0.0502288 0.0456348 0.041324 0.0372994 0.033562 0.0301101 0.0269406 0.0240485 0.0214278 0.0190713 0.0169713 0.0151198 0.0135085 0.0121297 0.010976 0.0100408 0.00931829 0.00880392 0.00849474 
0.00933618 0.00944246 0.00977271 0.0103297 0.0111173 0.0121406 0.0134057 0.0149201 0.0166918 0.0187292 0.0210411 0.0236363 0.0265228 0.0297083 0.033199 0.0369999 0.0411142 0.0455429 0.0502847 0.0553356 0.0606888 0.0663342 0.0722587 0.0784458 0.0848758 0.0915253 0.0983681 0.105375 0.112512 0.119746 0.127038 0.134349 0.141637 0.14886 0.155973 0.162933 0.169696 0.176217 0.182453 0.188363 0.193907 0.199047 0.203747 0.207975 0.2117 0.214897 0.217543 0.21962 0.221112 0.222009 0.222305 0.221998 0.221089 0.219585 0.217498 0.214842 0.211635 0.207901 0.203667 0.198961 0.193816 0.188269 0.182357 0.17612 0.169601 0.162841 0.155886 0.148779 0.141563 0.134284 0.126983 0.119702 0.11248 0.105355 0.0983609 0.0915311 0.0848946 0.0784774 0.0723026 0.0663898 0.0607552 0.0554118 0.0503695 0.0456349 0.041212 0.037102 0.0333037 0.0298141 0.0266282 0.0237396 0.021141 0.018824 0.0167803 0.0150011 0.0134781 0.0122033 0.0111697 0.0103711 0.00980254 0.00946093 
0.010364 0.0104816 0.0108462 0.0114608 0.0123293 0.0134574 0.0148516 0.0165199 0.0184707 0.0207131 0.0232565 0.0261099 0.0292819 0.0327805 0.036612 0.0407816 0.045292 0.050144 0.0553356 0.0608621 0.0667153 0.0728839 0.0793531 0.0861045 0.0931161 0.100362 0.107814 0.115439 0.123201 0.131063 0.138983 0.146919 0.154825 0.162655 0.170363 0.1779 0.185219 0.192273 0.199016 0.205403 0.211392 0.216942 0.222015 0.226577 0.230595 0.234043 0.236896 0.239134 0.240742 0.241709 0.242027 0.241695 0.240715 0.239093 0.236842 0.233977 0.230518 0.226489 0.221919 0.216838 0.211282 0.205288 0.198898 0.192154 0.1851 0.177784 0.170251 0.162549 0.154726 0.146829 0.138904 0.130995 0.123146 0.115397 0.107786 0.100348 0.0931167 0.0861194 0.0793819 0.072926 0.0667698 0.060928 0.0554117 0.0502288 0.0453841 0.0408793 0.0367137 0.0328844 0.0293863 0.026213 0.0233568 0.020809 0.0185606 0.0166024 0.0149256 0.0135218 0.0123832 0.0115034 0.0108771 0.0105009 
0.011465 0.0115948 0.0119958 0.0126715 0.0136261 0.0148654 0.0163967 0.0182282 0.020369 0.0228288 0.0256172 0.028744 0.0322181 0.0360476 0.0402391 0.0447975 0.0497257 0.0550236 0.0606888 0.0667153 0.0730938 0.0798116 0.086852 0.0941946 0.101815 0.109685 0.117773 0.126043 0.134457 0.142972 0.151546 0.160131 0.168678 0.177139 0.185462 0.193596 0.201491 0.209096 0.216361 0.223241 0.229688 0.235661 0.241118 0.246024 0.250344 0.254049 0.257115 0.259519 0.261246 0.262284 0.262625 0.262268 0.261214 0.259472 0.257052 0.253973 0.250254 0.245922 0.241006 0.235539 0.229559 0.223105 0.216221 0.208953 0.201348 0.193455 0.185324 0.177006 0.168553 0.160015 0.15144 0.142879 0.134376 0.125977 0.117722 0.10965 0.101795 0.0941909 0.0868639 0.0798384 0.0731348 0.0667693 0.0607547 0.0550999 0.0498108 0.0448897 0.0403366 0.0361485 0.0323206 0.0288462 0.0257173 0.022925 0.0204597 0.0183119 0.0164721 0.0149312 0.0136813 0.0127154 0.0120278 0.0116149 
0.0126387 0.0127812 0.0132209 0.0139612 0.0150068 0.0163637 0.0180398 0.0200436 0.0223849 0.0250738 0.0281205 0.0315352 0.0353272 0.0395047 0.0440745 0.0490414 0.0544077 0.0601732 0.0663342 0.0728839 0.0798116 0.087103 0.0947392 0.102698 0.110952 0.119471 0.128219 0.137159 0.146248 0.155442 0.164691 0.173947 0.183157 0.192268 0.201225 0.209974 0.21846 0.226631 0.234434 0.241818 0.248736 0.255141 0.260992 0.266249 0.270877 0.274846 0.278129 0.280703 0.282551 0.283662 0.284027 0.283643 0.282515 0.280649 0.278058 0.274759 0.270775 0.266132 0.260863 0.255001 0.248586 0.241661 0.234271 0.226464 0.218292 0.209806 0.20106 0.192107 0.183004 0.173803 0.164558 0.155321 0.146141 0.137067 0.128144 0.119412 0.11091 0.102674 0.0947322 0.0871126 0.0798372 0.0729243 0.0663883 0.0602394 0.0544844 0.0491268 0.0441666 0.0396016 0.0354268 0.0316355 0.0282196 0.0251697 0.0224759 0.020128 0.018116 0.0164306 0.0150631 0.0140061 0.0132537 0.0128021 
0.0138836 0.0140396 0.01452 0.0153283 0.0164695 0.0179502 0.0197783 0.0219632 0.024515 0.0274444 0.0307621 0.0344785 0.0386034 0.0431452 0.0481106 0.0535042 0.059328 0.065581 0.0722587 0.0793531 0.086852 0.0947392 0.102994 0.111592 0.120502 0.129692 0.139124 0.148755 0.158541 0.168432 0.178378 0.188324 0.198214 0.207991 0.217598 0.226977 0.236069 0.244819 0.25317 0.261069 0.268465 0.275311 0.281562 0.287177 0.292119 0.296355 0.299858 0.302604 0.304576 0.30576 0.306149 0.30574 0.304535 0.302544 0.299778 0.296257 0.292003 0.287045 0.281416 0.275152 0.268295 0.260889 0.252982 0.244626 0.235874 0.226782 0.217405 0.207802 0.198032 0.18815 0.178215 0.168283 0.158406 0.148636 0.139022 0.129608 0.120437 0.111545 0.102966 0.09473 0.0868606 0.0793783 0.0722994 0.0656356 0.0593948 0.0535814 0.0481961 0.0432368 0.0386991 0.0345761 0.0308593 0.0275393 0.0246057 0.0220477 0.0198551 0.0180177 0.0165267 0.0153741 0.0145536 0.0140612 
0.0151976 0.0153678 0.0158908 0.0167704 0.0180117 0.0196218 0.021609 0.0239832 0.026755 0.0299355 0.0335359 0.0375671 0.0420389 0.04696 0.052337 0.0581743 0.0644733 0.0712323 0.0784458 0.0861045 0.0941946 0.102698 0.111592 0.120848 0.130435 0.140317 0.150451 0.160793 0.171293 0.1819 0.192558 0.203209 0.213794 0.224253 0.234522 0.244542 0.25425 0.263587 0.272495 0.280916 0.288799 0.296091 0.302747 0.308723 0.313982 0.318488 0.322214 0.325134 0.32723 0.328489 0.328901 0.328466 0.327185 0.325067 0.322125 0.318379 0.313853 0.308577 0.302584 0.295913 0.288607 0.280714 0.272284 0.26337 0.254029 0.244319 0.2343 0.224034 0.213582 0.203005 0.192365 0.18172 0.171128 0.160644 0.150321 0.140206 0.130345 0.120778 0.111542 0.102668 0.0941843 0.0861129 0.0784716 0.0712738 0.0645289 0.0582419 0.0524146 0.0470453 0.0421296 0.0376609 0.0336305 0.0300287 0.0268446 0.0240673 0.0216858 0.0196897 0.0180694 0.0168167 0.015925 0.01539 
0.0165777 0.0167628 0.0173302 0.018284 0.0196297 0.0213745 0.0235273 0.0260984 0.0290989 0.0325404 0.0364344 0.0407922 0.0456238 0.050938 0.0567412 0.0630375 0.0698278 0.0771094 0.0848758 0.0931161 0.101815 0.110952 0.120502 0.130435 0.140717 0.151306 0.162159 0.173227 0.184457 0.195793 0.207177 0.218546 0.229838 0.240987 0.251929 0.262597 0.272929 0.28286 0.29233 0.301278 0.30965 0.317392 0.324455 0.330795 0.336372 0.34115 0.345098 0.348193 0.350414 0.351747 0.352184 0.351723 0.350365 0.34812 0.345001 0.34103 0.336231 0.330634 0.324275 0.317195 0.309438 0.301054 0.292095 0.282617 0.27268 0.262346 0.251677 0.240738 0.229594 0.218311 0.206953 0.195582 0.184261 0.173048 0.161999 0.151167 0.140599 0.130339 0.120428 0.1109 0.101784 0.093106 0.084885 0.0771364 0.0698707 0.0630944 0.0568098 0.0510159 0.0457086 0.0408813 0.0365255 0.032631 0.0291869 0.0261815 0.0236036 0.0214423 0.0196875 0.0183307 0.0173649 0.0167855 
0.0180201 0.0182206 0.0188341 0.0198648 0.0213186 0.023203 0.0255274 0.0283023 0.0315394 0.0352507 0.0394482 0.0441433 0.0493463 0.0550658 0.0613082 0.0680771 0.0753726 0.0831913 0.0915253 0.100362 0.109685 0.119471 0.129692 0.140317 0.151306 0.162617 0.174201 0.186008 0.197979 0.210056 0.222175 0.234271 0.246276 0.258123 0.269743 0.281066 0.292025 0.302553 0.312587 0.322064 0.330926 0.339118 0.346589 0.353293 0.359187 0.364236 0.368408 0.371677 0.374022 0.37543 0.375891 0.375403 0.373969 0.371597 0.368303 0.364106 0.359034 0.353117 0.346393 0.338903 0.330694 0.321817 0.312328 0.302284 0.291749 0.280786 0.269461 0.257844 0.246002 0.234004 0.221918 0.209813 0.197752 0.185798 0.174011 0.162448 0.151159 0.140194 0.129593 0.119395 0.109632 0.100332 0.0915167 0.0832024 0.0754016 0.0681219 0.0613665 0.0551351 0.049424 0.0442268 0.039535 0.0353381 0.0316251 0.0283839 0.0256027 0.0232703 0.0213763 0.0199117 0.018869 0.0182437 
0.0195198 0.0197363 0.0203973 0.0215075 0.0230728 0.0251011 0.0276022 0.0305872 0.0340679 0.0380569 0.0425664 0.0476081 0.0531924 0.0593279 0.0660206 0.0732736 0.0810863 0.0894542 0.0983681 0.107814 0.117773 0.128219 0.139124 0.150451 0.162159 0.174201 0.186528 0.199081 0.211801 0.224625 0.237486 0.250313 0.263037 0.275585 0.287884 0.299862 0.311449 0.322575 0.333172 0.343177 0.352528 0.361168 0.369045 0.37611 0.38232 0.387638 0.392031 0.395472 0.397941 0.399423 0.399908 0.399394 0.397884 0.395387 0.391918 0.387499 0.382155 0.37592 0.368833 0.360935 0.352276 0.342909 0.33289 0.322281 0.311147 0.299554 0.287573 0.275274 0.262731 0.250014 0.237197 0.224349 0.211541 0.198839 0.186306 0.174002 0.161983 0.1503 0.138998 0.128119 0.117697 0.107763 0.0983402 0.0894481 0.0811 0.073305 0.0660674 0.0593875 0.0532621 0.0476851 0.0426479 0.0381403 0.0341505 0.0306666 0.0276762 0.0251676 0.0231301 0.0215543 0.0204325 0.0197599 
0.0210714 0.0213042 0.0220141 0.0232058 0.0248855 0.0270615 0.0297438 0.0329439 0.0366742 0.0409475 0.0457763 0.0511724 0.0571463 0.0637065 0.0708585 0.078605 0.0869445 0.0958712 0.105375 0.115439 0.126043 0.137159 0.148755 0.160793 0.173227 0.186008 0.199081 0.212386 0.22586 0.239434 0.253038 0.266598 0.28004 0.293288 0.306266 0.318898 0.33111 0.34283 0.353987 0.364515 0.37435 0.383434 0.391712 0.399135 0.405657 0.411241 0.415852 0.419464 0.422055 0.423609 0.424118 0.423579 0.421994 0.419373 0.415732 0.411092 0.405481 0.398933 0.391486 0.383185 0.37408 0.364226 0.353682 0.342512 0.330782 0.318562 0.305926 0.292948 0.279703 0.266267 0.252716 0.239125 0.225566 0.212111 0.198827 0.185777 0.17302 0.160612 0.148602 0.137032 0.125943 0.115365 0.105326 0.0958466 0.0869418 0.078622 0.0708928 0.0637553 0.057207 0.0512419 0.0458518 0.0410261 0.0367532 0.0330206 0.0298158 0.0271266 0.024942 0.0232522 0.0220492 0.0213281 
0.022668 0.0229176 0.0236774 0.0249523 0.0267489 0.0290755 0.0319427 0.0353623 0.0393469 0.0439097 0.0490635 0.0548202 0.0611902 0.0681817 0.0758001 0.084047 0.0929202 0.102413 0.112512 0.123201 0.134457 0.146248 0.158541 0.171293 0.184457 0.197979 0.211801 0.22586 0.240087 0.25441 0.268756 0.283047 0.297204 0.311148 0.324799 0.338079 0.35091 0.363217 0.374927 0.385972 0.396285 0.405806 0.414479 0.422252 0.429081 0.434925 0.439751 0.44353 0.44624 0.447866 0.448398 0.447834 0.446176 0.443434 0.439624 0.434768 0.428895 0.422038 0.414238 0.40554 0.395996 0.385663 0.374601 0.362875 0.350556 0.337716 0.324431 0.310778 0.296835 0.282683 0.268401 0.254068 0.23976 0.225552 0.211515 0.197716 0.184219 0.171083 0.158359 0.146095 0.134331 0.123104 0.112442 0.102369 0.0929 0.0840485 0.0758208 0.0682189 0.0612409 0.0548814 0.0491322 0.0439828 0.0394215 0.0354356 0.0320122 0.029139 0.0268043 0.0249982 0.0237124 0.0229417 
0.0243022 0.0245689 0.0253794 0.0267389 0.0286541 0.0311337 0.0341885 0.0378307 0.0420732 0.0469293 0.0524122 0.0585338 0.0653044 0.0727319 0.0808211 0.0895729 0.0989842 0.109046 0.119746 0.131063 0.142972 0.155442 0.168432 0.1819 0.195793 0.210056 0.224625 0.239434 0.25441 0.269479 0.284561 0.299575 0.31444 0.329073 0.343389 0.357308 0.370749 0.383633 0.395887 0.407438 0.418219 0.428168 0.437227 0.445344 0.452472 0.45857 0.463605 0.467546 0.470373 0.472068 0.472623 0.472035 0.470306 0.467446 0.463472 0.458406 0.452276 0.445118 0.436973 0.427887 0.417914 0.40711 0.395539 0.383269 0.37037 0.356919 0.342993 0.328673 0.314041 0.299181 0.284174 0.269104 0.25405 0.239093 0.224305 0.20976 0.195524 0.181659 0.168221 0.15526 0.142821 0.130942 0.119654 0.108982 0.0989456 0.0895581 0.0808274 0.0727565 0.0653444 0.058586 0.0524734 0.0469963 0.0421429 0.0379002 0.0342552 0.0311951 0.0287081 0.0267839 0.0254141 0.0245931 
0.0259657 0.0262497 0.0271115 0.0285565 0.0305914 0.0332255 0.0364697 0.0403364 0.0448389 0.0499908 0.0558052 0.0622942 0.0694677 0.0773334 0.0858955 0.0951542 0.105105 0.115738 0.127038 0.138983 0.151546 0.164691 0.178378 0.192558 0.207177 0.222175 0.237486 0.253038 0.268756 0.284561 0.30037 0.316098 0.33166 0.346969 0.361938 0.376484 0.390522 0.403971 0.416755 0.428801 0.440038 0.450404 0.459838 0.468289 0.475707 0.482053 0.48729 0.491389 0.494328 0.496091 0.496669 0.496057 0.494259 0.491285 0.487152 0.481881 0.475503 0.468053 0.459573 0.45011 0.439718 0.428456 0.416389 0.403586 0.39012 0.37607 0.361516 0.346541 0.331232 0.315673 0.299951 0.284153 0.268363 0.252664 0.237133 0.221847 0.206876 0.192286 0.178137 0.164481 0.151368 0.138837 0.126923 0.115652 0.105047 0.0951221 0.0858866 0.0773447 0.0694962 0.0623365 0.0558582 0.050051 0.0449032 0.0404016 0.036533 0.0332844 0.0306438 0.0286004 0.0271456 0.026274 
0.0276494 0.0279507 0.0288641 0.0303949 0.0325503 0.0353394 0.0387737 0.0428657 0.047629 0.0530774 0.0592239 0.0660806 0.0736573 0.0819611 0.0909957 0.10076 0.111249 0.122451 0.134349 0.146919 0.160131 0.173947 0.188324 0.203209 0.218546 0.234271 0.250313 0.266598 0.283047 0.299575 0.316098 0.332526 0.348771 0.364741 0.380349 0.395505 0.410124 0.424124 0.437424 0.449949 0.461628 0.472397 0.482195 0.490967 0.498666 0.50525 0.510682 0.514933 0.517981 0.519809 0.520408 0.519773 0.517909 0.514826 0.510539 0.505072 0.498455 0.490723 0.481919 0.472091 0.461294 0.449588 0.43704 0.423719 0.409702 0.395068 0.379901 0.364287 0.348314 0.332071 0.315649 0.299136 0.282622 0.266191 0.249928 0.233911 0.218214 0.202906 0.188052 0.173709 0.159926 0.146747 0.13421 0.122344 0.111172 0.10071 0.0909709 0.0819585 0.0736736 0.0661125 0.0592681 0.0531303 0.0476873 0.0429261 0.0388333 0.0353956 0.0326006 0.0304376 0.0288976 0.0279751 
0.0293434 0.0296621 0.030627 0.0322436 0.0345192 0.0374632 0.0410872 0.045404 0.0504274 0.0561712 0.0626485 0.0698713 0.0778491 0.0865885 0.0960924 0.106359 0.117382 0.129147 0.141637 0.154825 0.168678 0.183157 0.198214 0.213794 0.229838 0.246276 0.263037 0.28004 0.297204 0.31444 0.33166 0.348771 0.36568 0.382294 0.398521 0.41427 0.429452 0.443983 0.457781 0.470769 0.482874 0.494031 0.504178 0.51326 0.521228 0.528039 0.533659 0.538056 0.541207 0.543098 0.543717 0.543061 0.541134 0.537945 0.533512 0.527857 0.521011 0.513008 0.503893 0.493715 0.482528 0.470394 0.457381 0.44356 0.42901 0.413811 0.39805 0.381815 0.365196 0.348287 0.331181 0.313971 0.296748 0.279602 0.26262 0.245884 0.229474 0.213461 0.197913 0.18289 0.168446 0.154628 0.141474 0.129018 0.117284 0.106291 0.0960512 0.0865714 0.0778528 0.0698923 0.0626834 0.0562163 0.0504792 0.0454593 0.0411427 0.0375163 0.0345673 0.0322849 0.0306598 0.0296864 
0.0310373 0.0313733 0.0323894 0.0340912 0.0364861 0.0395838 0.043396 0.0479357 0.0532169 0.0592534 0.0660584 0.0736434 0.0820179 0.0911879 0.101155 0.111918 0.123466 0.135787 0.14886 0.162655 0.177139 0.192268 0.207991 0.224253 0.240987 0.258123 0.275585 0.293288 0.311148 0.329073 0.346969 0.364741 0.382294 0.39953 0.416355 0.432676 0.4484 0.463442 0.477718 0.49115 0.503663 0.515191 0.525672 0.535049 0.543273 0.550302 0.5561 0.560635 0.563886 0.565836 0.566474 0.565798 0.563811 0.560523 0.55595 0.550116 0.543051 0.534791 0.52538 0.514866 0.503306 0.490763 0.477304 0.463004 0.44794 0.432197 0.415863 0.399027 0.381785 0.364231 0.346462 0.328574 0.310662 0.292819 0.275136 0.2577 0.240592 0.223889 0.207661 0.191972 0.17688 0.162432 0.148673 0.135636 0.123348 0.111831 0.101097 0.0911559 0.0820086 0.0736532 0.0660836 0.0592904 0.053262 0.0479855 0.0434472 0.0396335 0.0365318 0.0341308 0.0324213 0.0313974 
0.0327201 0.0330732 0.0341397 0.0359256 0.0384383 0.0416875 0.0456853 0.0504448 0.0559799 0.0623046 0.069432 0.0773734 0.0861378 0.0957306 0.106153 0.117401 0.129466 0.142331 0.155973 0.170363 0.185462 0.201225 0.217598 0.234522 0.251929 0.269743 0.287884 0.306266 0.324799 0.343389 0.361938 0.380349 0.398521 0.416355 0.433754 0.450622 0.466866 0.482397 0.497129 0.510983 0.523885 0.535766 0.546563 0.55622 0.564688 0.571923 0.577889 0.582555 0.5859 0.587905 0.588562 0.587867 0.585824 0.582441 0.577737 0.571734 0.564462 0.555958 0.546265 0.535433 0.523519 0.510586 0.496703 0.481944 0.46639 0.450126 0.433242 0.415831 0.397988 0.379814 0.361405 0.342862 0.324284 0.305767 0.287406 0.269289 0.251504 0.234129 0.217239 0.200901 0.185176 0.170114 0.155762 0.142157 0.129327 0.117296 0.106078 0.0956836 0.0861152 0.0773716 0.0694472 0.0623331 0.056018 0.0504888 0.0457319 0.0417337 0.0384813 0.0359635 0.0341706 0.033097 
0.0343803 0.0347502 0.0358663 0.0377346 0.0403626 0.0437604 0.0479399 0.0529145 0.0586982 0.0653048 0.0727474 0.0810371 0.0901822 0.100188 0.111054 0.122776 0.135343 0.148737 0.162933 0.1779 0.193596 0.209974 0.226977 0.244542 0.262597 0.281066 0.299862 0.318898 0.338079 0.357308 0.376484 0.395505 0.41427 0.432676 0.450622 0.468012 0.484749 0.500744 0.515909 0.530164 0.543433 0.555647 0.566743 0.576664 0.585361 0.59279 0.598914 0.603703 0.607136 0.609194 0.609868 0.609156 0.607059 0.603589 0.598761 0.592599 0.585132 0.576398 0.56644 0.555309 0.54306 0.529758 0.515472 0.500279 0.484259 0.467499 0.450092 0.432131 0.413716 0.394946 0.375925 0.356755 0.337537 0.318371 0.299356 0.280583 0.262144 0.24412 0.226589 0.209623 0.193283 0.177626 0.162699 0.148541 0.135184 0.122652 0.110962 0.100126 0.0901462 0.0810235 0.0727525 0.0653247 0.058729 0.0529526 0.0479817 0.0438028 0.0404029 0.0377705 0.0358961 0.0347738 
0.0360063 0.0363925 0.0375569 0.0395054 0.0422457 0.0457879 0.0501442 0.055328 0.0613532 0.0682337 0.0759823 0.0846099 0.0941243 0.10453 0.115826 0.128006 0.141059 0.154964 0.169696 0.185219 0.201491 0.21846 0.236069 0.25425 0.272929 0.292025 0.311449 0.33111 0.35091 0.370749 0.390522 0.410124 0.429452 0.4484 0.466866 0.484749 0.501953 0.518386 0.533959 0.548591 0.562205 0.574732 0.586108 0.596276 0.605187 0.612796 0.619068 0.623973 0.627487 0.629595 0.630286 0.629557 0.627411 0.623858 0.618915 0.612605 0.604957 0.596008 0.585802 0.574389 0.561826 0.548178 0.533513 0.51791 0.50145 0.484223 0.466319 0.447838 0.428878 0.409544 0.38994 0.370171 0.350342 0.330557 0.310915 0.291515 0.272447 0.253801 0.235655 0.218083 0.201153 0.184921 0.169438 0.154746 0.14088 0.127864 0.115717 0.104453 0.0940748 0.0845845 0.0759772 0.0682448 0.0613766 0.0553599 0.0501811 0.0458265 0.0422831 0.0395394 0.0375856 0.0364158 
0.0375862 0.0379882 0.0391992 0.0412252 0.0440739 0.0477557 0.0522826 0.0576681 0.0639262 0.0710707 0.0791142 0.0880672 0.0979371 0.108727 0.120437 0.133057 0.146576 0.160972 0.176217 0.192273 0.209096 0.226631 0.244819 0.263587 0.28286 0.302553 0.322575 0.34283 0.363217 0.383633 0.403971 0.424124 0.443983 0.463442 0.482397 0.500744 0.518386 0.535228 0.551183 0.566167 0.580104 0.592922 0.604559 0.614957 0.624067 0.631844 0.638253 0.643265 0.646855 0.649008 0.649714 0.64897 0.646778 0.64315 0.6381 0.631652 0.623836 0.614688 0.604251 0.592576 0.579721 0.565749 0.550731 0.534744 0.517872 0.500205 0.481836 0.462864 0.443391 0.423524 0.403368 0.383033 0.362625 0.342251 0.322015 0.302017 0.282352 0.263111 0.244378 0.226229 0.208733 0.191951 0.175937 0.160733 0.146377 0.132897 0.120312 0.108635 0.0978744 0.0880302 0.079099 0.0710732 0.0639423 0.0576939 0.0523145 0.0477904 0.0441085 0.0412571 0.0392267 0.0380111 
0.0391081 0.0395253 0.0407809 0.0428811 0.0458337 0.049649 0.0543392 0.0599178 0.0663987 0.0737957 0.082121 0.0913848 0.101594 0.112751 0.124855 0.137895 0.151858 0.166721 0.182453 0.199016 0.216361 0.234434 0.25317 0.272495 0.29233 0.312587 0.333172 0.353987 0.374927 0.395887 0.416755 0.437424 0.457781 0.477718 0.497129 0.515909 0.533959 0.551183 0.567493 0.582804 0.597039 0.610127 0.622004 0.632615 0.641907 0.649839 0.656375 0.661484 0.665144 0.667339 0.66806 0.667301 0.665068 0.66137 0.656222 0.649648 0.641677 0.632345 0.621695 0.609779 0.596653 0.582381 0.567035 0.550692 0.533437 0.515359 0.496556 0.477125 0.457173 0.436806 0.416133 0.395266 0.374313 0.353385 0.332589 0.312026 0.291797 0.271994 0.252704 0.234007 0.215975 0.198672 0.182152 0.166462 0.151641 0.137717 0.124714 0.112645 0.101518 0.0913364 0.0820958 0.0737895 0.0664075 0.0599376 0.0543662 0.0496798 0.0458653 0.042911 0.0408072 0.0395478 
0.0405603 0.0409919 0.0422899 0.0444605 0.0475116 0.0514536 0.0562987 0.0620603 0.0687525 0.0763886 0.0849808 0.0945389 0.105069 0.116574 0.129049 0.142486 0.156869 0.172172 0.188363 0.205403 0.223241 0.241818 0.261069 0.280916 0.301278 0.322064 0.343177 0.364515 0.385972 0.407438 0.428801 0.449949 0.470769 0.49115 0.510983 0.530164 0.548591 0.566167 0.582804 0.598415 0.612924 0.62626 0.638359 0.649163 0.658623 0.666697 0.673347 0.678546 0.68227 0.684503 0.685236 0.684466 0.682195 0.678433 0.673196 0.666506 0.658393 0.648894 0.63805 0.625912 0.612537 0.59799 0.582341 0.56567 0.548061 0.529606 0.510399 0.490544 0.470147 0.449315 0.428161 0.406798 0.385337 0.363892 0.342571 0.321481 0.300722 0.280392 0.26058 0.241369 0.222832 0.205038 0.188041 0.171893 0.156633 0.142292 0.128893 0.116453 0.104981 0.0944794 0.0849459 0.076374 0.0687541 0.0620741 0.0563208 0.0514806 0.0475403 0.0444884 0.042315 0.041014 
0.0419312 0.0423763 0.0437141 0.0459509 0.0490946 0.0531555 0.058146 0.0640794 0.0709696 0.07883 0.0876724 0.0975062 0.108337 0.120167 0.132991 0.146798 0.161572 0.177287 0.193907 0.211392 0.229688 0.248736 0.268465 0.288799 0.30965 0.330926 0.352528 0.37435 0.396285 0.418219 0.440038 0.461628 0.482874 0.503663 0.523885 0.543433 0.562205 0.580104 0.597039 0.612924 0.627683 0.641244 0.653543 0.664524 0.674136 0.682338 0.689093 0.694372 0.698154 0.700422 0.701167 0.700385 0.698079 0.69426 0.688942 0.682149 0.673908 0.664256 0.653235 0.640896 0.627295 0.612497 0.596574 0.579603 0.56167 0.542868 0.523292 0.503047 0.48224 0.460981 0.439383 0.417562 0.395632 0.373708 0.351902 0.330322 0.309072 0.288253 0.267955 0.248265 0.229259 0.211006 0.193566 0.17699 0.161319 0.146588 0.13282 0.120033 0.108237 0.0974361 0.0876282 0.0788074 0.0709644 0.0640875 0.0581634 0.0531787 0.0491205 0.0459768 0.0437381 0.0423981 
