1.15732e-06 1.20502e-06 1.41869e-06 1.82117e-06 2.45281e-06 3.37432e-06 4.67006e-06 6.45209e-06 8.86526e-06 1.20929e-05 1.63634e-05 2.19568e-05 2.92117e-05 3.85324e-05 5.03944e-05 6.53498e-05 8.40298e-05 0.000107146 0.000135487 0.000169913 0.000211345 0.000260749 0.000319116 0.000387436 0.000466666 0.000557699 0.000661319 0.000778163 0.000908679 0.00105308 0.00121131 0.00138301 0.00156748 0.00176367 0.00197016 0.00218518 0.0024066 0.00263198 0.00285859 0.00308349 0.00330356 0.00351557 0.00371629 0.00390253 0.00407126 0.00421965 0.00434515 0.00444558 0.00451919 0.00456465 0.00458118 0.00456847 0.00452677 0.00445683 0.00435991 0.00423773 0.00409243 0.00392651 0.00374277 0.00354422 0.00333402 0.00311541 0.00289158 0.00266566 0.00244061 0.00221916 0.00200377 0.00179658 0.00159942 0.00141371 0.00124056 0.0010807 0.000934525 0.00080214 0.000683368 0.000577797 0.000484827 0.000403701 0.000333555 0.000273455 0.000222426 0.000179491 0.000143692 0.000114111 8.98897e-05 7.02347e-05 5.44294e-05 4.18345e-05 3.1889e-05 2.41071e-05 1.80739e-05 1.344e-05 9.91504e-06 7.26066e-06 5.2843e-06 3.83259e-06 2.78572e-06 2.05236e-06 1.5654e-06 1.27913e-06 
1.20502e-06 1.2551e-06 1.47862e-06 1.89953e-06 2.56014e-06 3.52413e-06 4.87995e-06 6.74513e-06 9.27158e-06 1.26516e-05 1.71247e-05 2.29845e-05 3.05862e-05 4.03538e-05 5.27857e-05 6.84607e-05 8.80404e-05 0.00011227 0.000141976 0.000178058 0.00022148 0.000273253 0.000334412 0.000405991 0.000488989 0.000584335 0.000692846 0.000815184 0.000951809 0.00110294 0.00126851 0.00144814 0.00164108 0.00184623 0.00206211 0.00228685 0.00251824 0.00275372 0.00299043 0.00322531 0.0034551 0.00367643 0.00388595 0.00408032 0.00425638 0.00441119 0.0045421 0.00464685 0.0047236 0.00477099 0.00478818 0.00477488 0.00473133 0.00465832 0.00455715 0.00442963 0.00427797 0.00410478 0.00391297 0.00370568 0.00348621 0.00325792 0.00302415 0.00278816 0.00255304 0.00232164 0.00209653 0.00187996 0.00167382 0.00147964 0.00129854 0.00113131 0.000978381 0.000839851 0.000715544 0.000605038 0.000507706 0.000422765 0.000349312 0.000286371 0.000232927 0.000187957 0.00015046 0.000119476 9.41049e-05 7.35182e-05 5.69647e-05 4.37748e-05 3.33607e-05 2.52134e-05 1.8898e-05 1.40484e-05 1.03602e-05 7.58371e-06 5.51702e-06 3.99944e-06 2.90543e-06 2.13931e-06 1.63077e-06 1.33196e-06 
1.41869e-06 1.47862e-06 1.74237e-06 2.23802e-06 3.01515e-06 4.14825e-06 5.74067e-06 7.92959e-06 1.08921e-05 1.4852e-05 2.00878e-05 2.69402e-05 3.5821e-05 4.72206e-05 6.17147e-05 7.99703e-05 0.000102749 0.000130905 0.000165387 0.000207222 0.00025751 0.000317399 0.000388062 0.000470668 0.00056634 0.000676117 0.000800906 0.000941433 0.00109819 0.0012714 0.00146095 0.00166637 0.00188679 0.00212091 0.00236703 0.00262302 0.00288633 0.00315405 0.00342297 0.00368958 0.00395022 0.0042011 0.00443842 0.00465846 0.00485766 0.00503271 0.00518067 0.00529899 0.00538562 0.00543905 0.00545833 0.00544314 0.00539377 0.00531108 0.00519654 0.00505217 0.00488046 0.00468432 0.00446702 0.00423209 0.00398323 0.00372423 0.00345885 0.00319077 0.00292348 0.00266023 0.00240393 0.00215714 0.00192203 0.00170035 0.00149342 0.00130214 0.00112705 0.000968278 0.000825665 0.000698752 0.000586853 0.000489094 0.000404467 0.000331875 0.000270171 0.000218196 0.000174813 0.000138929 0.000109516 8.56256e-05 6.63973e-05 5.10617e-05 3.89424e-05 2.94526e-05 2.20903e-05 1.64322e-05 1.21258e-05 8.88145e-06 6.4649e-06 4.68935e-06 3.40873e-06 2.51163e-06 1.91614e-06 1.56649e-06 
1.82117e-06 1.89953e-06 2.23802e-06 2.87229e-06 3.86512e-06 5.31063e-06 7.33919e-06 1.01235e-05 1.3886e-05 1.89074e-05 2.55357e-05 3.41964e-05 4.54018e-05 5.97605e-05 7.79852e-05 0.000100899 0.000129439 0.000164654 0.000207702 0.000259835 0.000322387 0.000396746 0.000484324 0.000586516 0.000704659 0.000839977 0.000993527 0.00116614 0.00135836 0.0015704 0.00180205 0.0020527 0.00232121 0.002606 0.00290494 0.00321542 0.00353436 0.00385822 0.00418312 0.00450487 0.00481907 0.00512119 0.00540672 0.00567122 0.00591046 0.00612055 0.00629799 0.00643977 0.00654348 0.00660732 0.00663021 0.00661176 0.00655229 0.00645285 0.00631519 0.00614166 0.00593522 0.00569933 0.00543787 0.00515501 0.00485517 0.00454284 0.00422254 0.00389866 0.00357539 0.00325664 0.00294593 0.00264637 0.00236061 0.0020908 0.00183859 0.00160511 0.00139106 0.00119667 0.00102178 0.000865901 0.000728236 0.000607769 0.000503314 0.000413563 0.000337147 0.000272672 0.000218766 0.000174104 0.000137436 0.000107604 8.35547e-05 6.43436e-05 4.91377e-05 3.72125e-05 2.79469e-05 2.08155e-05 1.53798e-05 1.12791e-05 8.22067e-06 5.97074e-06 4.34627e-06 3.20738e-06 2.45116e-06 2.00746e-06 
2.45281e-06 2.56014e-06 3.01515e-06 3.86512e-06 5.19307e-06 7.12328e-06 9.82742e-06 1.35324e-05 1.853e-05 2.51872e-05 3.39581e-05 4.53959e-05 6.01649e-05 7.90521e-05 0.000102976 0.000132994 0.000170304 0.000216246 0.000272289 0.000340019 0.000421114 0.000517313 0.000630377 0.000762034 0.000913927 0.00108755 0.00128416 0.00150474 0.00174989 0.0020198 0.00231412 0.00263197 0.00297189 0.00333178 0.00370892 0.00409998 0.00450107 0.00490777 0.00531519 0.00571813 0.00611112 0.00648858 0.0068449 0.00717466 0.00747266 0.00773411 0.00795474 0.00813088 0.00825959 0.00833868 0.00836682 0.00834355 0.00826928 0.00814529 0.00797369 0.0077574 0.00750002 0.00720579 0.00687946 0.00652618 0.00615136 0.00576058 0.00535939 0.00495326 0.00454739 0.00414667 0.00375552 0.00337786 0.00301705 0.00267583 0.00235633 0.00206008 0.001788 0.00154047 0.00131737 0.00111815 0.000941877 0.000787338 0.000653082 0.000537504 0.000438908 0.00035556 0.000285738 0.000227779 0.000180102 0.000141241 0.000109853 8.47321e-05 6.48119e-05 4.9161e-05 3.69786e-05 2.75856e-05 2.04138e-05 1.49943e-05 1.09457e-05 7.96304e-06 5.80668e-06 4.29334e-06 3.28801e-06 2.69856e-06 
3.37432e-06 3.52413e-06 4.14825e-06 5.31063e-06 7.12328e-06 9.75345e-06 1.34317e-05 1.84622e-05 2.52349e-05 3.42391e-05 4.60786e-05 6.14868e-05 8.13418e-05 0.00010668 0.000138709 0.00017881 0.000228549 0.000289662 0.000364051 0.000453759 0.000560938 0.000687805 0.000836591 0.00100947 0.00120851 0.00143552 0.00169207 0.0019793 0.00229788 0.00264792 0.00302888 0.00343952 0.00387785 0.0043411 0.00482571 0.00532738 0.00584108 0.00636117 0.00688143 0.00739526 0.00789576 0.00837589 0.00882865 0.00924721 0.00962509 0.00995634 0.0102356 0.0104584 0.010621 0.0107208 0.010756 0.0107262 0.0106317 0.0104744 0.0102567 0.00998221 0.00965554 0.00928192 0.00886728 0.00841805 0.00794101 0.00744315 0.00693147 0.00641286 0.00589393 0.00538086 0.00487932 0.00439434 0.00393026 0.00349065 0.00307833 0.00269532 0.00234293 0.00202174 0.00173171 0.00147222 0.00124218 0.0010401 0.000864202 0.00071247 0.000582773 0.000472914 0.0003807 0.000303999 0.000240781 0.000189149 0.000147364 0.000113858 8.72365e-05 6.62807e-05 4.99386e-05 3.7315e-05 2.76591e-05 2.03496e-05 1.488e-05 1.08441e-05 7.92226e-06 5.86947e-06 4.505e-06 3.70545e-06 
4.67006e-06 4.87995e-06 5.74067e-06 7.33919e-06 9.82742e-06 1.34317e-05 1.84635e-05 2.53327e-05 3.45633e-05 4.68115e-05 6.28846e-05 8.37602e-05 0.000110606 0.000144794 0.000187919 0.000241801 0.000308488 0.000390252 0.000489565 0.000609072 0.000751545 0.000919827 0.00111676 0.0013451 0.00160741 0.00190598 0.00224268 0.00261887 0.00303527 0.00349187 0.00398785 0.00452144 0.00508995 0.00568969 0.006316 0.00696327 0.00762499 0.00829391 0.00896208 0.00962108 0.0102621 0.0108764 0.011455 0.0119893 0.0124712 0.0128933 0.0132488 0.0135322 0.0137389 0.0138654 0.0139098 0.0138714 0.0137507 0.0135499 0.0132721 0.012922 0.012505 0.0120279 0.0114981 0.0109236 0.010313 0.0096751 0.00901875 0.0083527 0.00768535 0.00702463 0.0063778 0.00575137 0.00515095 0.00458125 0.00404598 0.00354789 0.00308877 0.00266952 0.00229023 0.00195022 0.00164821 0.00138238 0.00115053 0.000950139 0.000778504 0.000632829 0.000510307 0.000408193 0.000323861 0.000254848 0.000198888 0.000153927 0.000118135 8.99072e-05 6.78523e-05 5.07843e-05 3.77052e-05 2.77869e-05 2.03527e-05 1.48584e-05 1.08753e-05 8.07372e-06 6.21044e-06 5.11915e-06 
6.45209e-06 6.74513e-06 7.92959e-06 1.01235e-05 1.35324e-05 1.84622e-05 2.53327e-05 3.4695e-05 4.72523e-05 6.38829e-05 8.5664e-05 0.000113897 0.00015013 0.000196179 0.000254144 0.000326417 0.000415678 0.000524887 0.000657254 0.000816195 0.00100528 0.00122813 0.00148837 0.00178947 0.00213464 0.00252669 0.00296789 0.00345982 0.00400323 0.00459792 0.00524262 0.00593489 0.0066711 0.00744635 0.00825452 0.00908832 0.00993938 0.0107984 0.0116551 0.012499 0.0133188 0.0141033 0.0148415 0.0155225 0.0161362 0.0166731 0.0171251 0.017485 0.0177472 0.0179075 0.0179634 0.0179141 0.0177602 0.0175043 0.0171506 0.0167046 0.0161734 0.0155652 0.0148893 0.0141558 0.0133755 0.0125595 0.0117189 0.0108648 0.0100079 0.00915834 0.00832539 0.00751745 0.0067418 0.00600458 0.00531072 0.00466389 0.00406658 0.00352012 0.00302479 0.00257991 0.00218397 0.00183478 0.00152962 0.00126533 0.00103852 0.000845628 0.000683069 0.000547316 0.000434981 0.00034287 0.000268034 0.00020779 0.000159741 0.000121773 9.20534e-05 6.90111e-05 5.1322e-05 3.78844e-05 2.77954e-05 2.03274e-05 1.49058e-05 1.10883e-05 8.54778e-06 7.06049e-06 
8.86526e-06 9.27158e-06 1.08921e-05 1.3886e-05 1.853e-05 2.52349e-05 3.45633e-05 4.72523e-05 6.42403e-05 8.66957e-05 0.000116048 0.000154019 0.000202652 0.000264334 0.000341818 0.000438225 0.000557045 0.000702111 0.000877565 0.0010878 0.00133736 0.00163087 0.00197289 0.00236777 0.00281947 0.00333145 0.00390641 0.00454616 0.00525142 0.00602169 0.00685508 0.00774826 0.00869634 0.00969287 0.0107299 0.011798 0.0128864 0.0139833 0.0150757 0.0161502 0.0171926 0.0181891 0.0191255 0.0199885 0.0207654 0.0214447 0.022016 0.0224705 0.0228014 0.0230034 0.0230734 0.0230104 0.0228153 0.0224913 0.0220435 0.0214788 0.0208058 0.0200349 0.0191776 0.0182465 0.017255 0.016217 0.0151465 0.0140575 0.0129634 0.011877 0.0108104 0.00977404 0.00877752 0.00782874 0.00693418 0.00609875 0.00532585 0.00461741 0.00397402 0.00339503 0.00287872 0.00242248 0.00202295 0.00167625 0.00137812 0.00112406 0.000909519 0.000730002 0.000581155 0.000458866 0.000359317 0.000279023 0.00021486 0.000164063 0.000124226 9.32831e-05 6.94862e-05 5.13772e-05 3.77582e-05 2.76616e-05 2.03214e-05 1.51472e-05 1.17017e-05 9.68535e-06 
1.20929e-05 1.26516e-05 1.4852e-05 1.89074e-05 2.51872e-05 3.42391e-05 4.68115e-05 6.38829e-05 8.66957e-05 0.000116793 0.000156058 0.000206751 0.000271547 0.000353562 0.000456374 0.000584029 0.00074103 0.000932306 0.00116316 0.00143917 0.00176613 0.00214983 0.00259599 0.00310999 0.00369672 0.00436032 0.00510398 0.00592971 0.00683813 0.00782826 0.00889742 0.010041 0.0112526 0.0125238 0.0138443 0.015202 0.0165832 0.0179729 0.0193549 0.0207123 0.0220275 0.0232831 0.0244617 0.0255467 0.0265226 0.0273751 0.0280914 0.028661 0.0290752 0.0293277 0.0294147 0.029335 0.0290898 0.0286829 0.0281205 0.0274111 0.0265655 0.0255962 0.0245174 0.0233448 0.0220949 0.0207849 0.0194323 0.0180544 0.0166682 0.0152898 0.0139343 0.0126152 0.0113446 0.0101328 0.00898821 0.00791728 0.00692463 0.00601303 0.00518351 0.00443554 0.00376722 0.00317546 0.00265622 0.00220473 0.00181568 0.00148348 0.00120239 0.000966717 0.000770914 0.000609728 0.000478256 0.000372008 0.00028694 0.000219465 0.00016645 0.000125195 9.341e-05 6.91801e-05 5.09273e-05 3.73743e-05 2.75076e-05 2.05446e-05 1.59049e-05 1.31907e-05 
1.63634e-05 1.71247e-05 2.00878e-05 2.55357e-05 3.39581e-05 4.60786e-05 6.28846e-05 8.5664e-05 0.000116048 0.000156058 0.000208152 0.000275275 0.000360898 0.000469051 0.000604348 0.000771985 0.000977723 0.00122784 0.00152906 0.00188844 0.00231321 0.00281064 0.00338777 0.00405121 0.00480688 0.00565973 0.00661342 0.00767012 0.00883019 0.010092 0.0114518 0.0129034 0.0144383 0.0160456 0.0177122 0.0194228 0.02116 0.0229052 0.024638 0.0263373 0.0279817 0.0295495 0.0310195 0.0323714 0.033586 0.0346461 0.0355362 0.0362433 0.0367571 0.0370699 0.0371772 0.0370774 0.0367721 0.0362657 0.035566 0.0346832 0.0336303 0.0324227 0.0310777 0.0296143 0.0280528 0.0264144 0.0247206 0.0229928 0.0212522 0.0195187 0.0178112 0.0161468 0.0145409 0.0130065 0.0115545 0.0101934 0.00892942 0.00776632 0.00670585 0.0057477 0.00488985 0.00412871 0.00345948 0.00287636 0.00237286 0.00194206 0.00157679 0.0012699 0.00101443 0.000803696 0.00063147 0.000492014 0.000380141 0.000291234 0.000221248 0.000166685 0.000124571 9.24112e-05 6.81437e-05 5.00963e-05 3.69394e-05 2.7644e-05 2.14461e-05 1.78215e-05 
2.19568e-05 2.29845e-05 2.69402e-05 3.41964e-05 4.53959e-05 6.14868e-05 8.37602e-05 0.000113897 0.000154019 0.000206751 0.000275275 0.00036339 0.000475561 0.000616955 0.000793466 0.0010117 0.00127897 0.00160319 0.00199281 0.00245663 0.00300366 0.00364284 0.0043828 0.00523155 0.00619617 0.00728243 0.00849451 0.0098346 0.0113026 0.0128961 0.0146097 0.0164352 0.0183617 0.0203752 0.0224591 0.0245941 0.0267586 0.0289293 0.0310812 0.0331885 0.0352247 0.0371636 0.0389793 0.0406473 0.0421444 0.0434499 0.0445451 0.0454145 0.0460456 0.0464295 0.0465605 0.0464368 0.0460603 0.0454365 0.0445745 0.0434867 0.0421886 0.0406988 0.0390381 0.0372295 0.0352976 0.0332681 0.0311672 0.0290213 0.0268562 0.0246965 0.0225657 0.0204852 0.0184741 0.0165491 0.014724 0.0130099 0.0114148 0.00994413 0.00860049 0.007384 0.00629258 0.0053222 0.00446719 0.00372065 0.00307469 0.00252084 0.00205027 0.0016541 0.00132361 0.00105046 0.000826767 0.000645276 0.000499397 0.000383241 0.000291629 0.000220074 0.000164744 0.000122416 9.04222e-05 6.65912e-05 4.91935e-05 3.68882e-05 2.86777e-05 2.38776e-05 
2.92117e-05 3.05862e-05 3.5821e-05 4.54018e-05 6.01649e-05 8.13418e-05 0.000110606 0.00015013 0.000202652 0.000271547 0.000360898 0.000475561 0.000621227 0.000804461 0.00103272 0.00131433 0.00165847 0.00207503 0.00257451 0.00316781 0.00386598 0.00467993 0.00562012 0.00669612 0.00791627 0.00928722 0.0108136 0.0124974 0.0143379 0.0163314 0.0184706 0.0207449 0.02314 0.0256384 0.028219 0.030858 0.0335287 0.0362025 0.0388488 0.0414362 0.0439328 0.0463068 0.0485272 0.0505646 0.0523915 0.053983 0.055317 0.0563752 0.0571427 0.057609 0.0577674 0.0576158 0.0571565 0.0563958 0.0553447 0.0540178 0.0524336 0.0506141 0.0485841 0.0463712 0.0440048 0.0415157 0.0389356 0.0362963 0.0336292 0.0309646 0.0283311 0.0257552 0.0232606 0.0208682 0.0185956 0.0164569 0.0144626 0.0126202 0.0109333 0.00940285 0.00802683 0.00680079 0.00571823 0.00477097 0.0039496 0.00324384 0.00264294 0.00213599 0.00171221 0.00136122 0.0010732 0.000839054 0.000650473 0.000500022 0.000381134 0.000288098 0.000216025 0.00016079 0.00011897 8.77697e-05 6.496e-05 4.88083e-05 3.80241e-05 3.17209e-05 
3.85324e-05 4.03538e-05 4.72206e-05 5.97605e-05 7.90521e-05 0.00010668 0.000144794 0.000196179 0.000264334 0.000353562 0.000469051 0.000616955 0.000804461 0.00103983 0.0013324 0.00169259 0.00213178 0.00266222 0.00329683 0.00404895 0.00493202 0.0059592 0.00714297 0.00849466 0.0100239 0.0117383 0.0136426 0.0157387 0.0180248 0.0204953 0.0231407 0.0259471 0.0288964 0.0319665 0.0351314 0.0383617 0.0416248 0.0448857 0.0481078 0.0512532 0.0542835 0.0571611 0.059849 0.0623125 0.0645191 0.0664395 0.0680479 0.0693227 0.0702466 0.0708072 0.0709968 0.0708131 0.0702585 0.0693407 0.0680722 0.0664703 0.0645568 0.0623573 0.0599012 0.0572209 0.0543513 0.051329 0.0481918 0.0449778 0.0417248 0.0384692 0.0352459 0.0320873 0.0290226 0.0260776 0.0232745 0.020631 0.018161 0.0158741 0.0137758 0.011868 0.0101489 0.00861392 0.00725557 0.00606441 0.0050293 0.00413796 0.00337743 0.00273443 0.00219579 0.00174874 0.00138113 0.00108167 0.000839999 0.000646813 0.000493856 0.000373933 0.000280857 0.000209399 0.000155201 0.000114703 8.50528e-05 6.40335e-05 4.99894e-05 4.17828e-05 
5.03944e-05 5.27857e-05 6.17147e-05 7.79852e-05 0.000102976 0.000138709 0.000187919 0.000254144 0.000341818 0.000456374 0.000604348 0.000793466 0.00103272 0.0013324 0.00170412 0.00216074 0.00271628 0.00338576 0.0041849 0.00512985 0.00623678 0.00752139 0.0089984 0.010681 0.0125802 0.0147043 0.0170584 0.0196435 0.0224565 0.0254895 0.0287299 0.03216 0.035757 0.0394934 0.0433373 0.0472528 0.0512006 0.0551385 0.0590227 0.0628082 0.0664495 0.0699023 0.0731232 0.0760716 0.0787096 0.0810032 0.0829225 0.0844424 0.0855432 0.0862103 0.0864351 0.0862148 0.0855522 0.0844563 0.0829414 0.0810277 0.07874 0.0761085 0.0731671 0.0699537 0.066509 0.0628762 0.0590997 0.0552246 0.0512959 0.0473572 0.0434504 0.0396145 0.0358854 0.0322947 0.0288698 0.0256331 0.0226023 0.01979 0.017204 0.0148475 0.0127195 0.010815 0.00912591 0.00764143 0.00634858 0.00523285 0.00427876 0.00347037 0.00279173 0.00222729 0.00176218 0.00138251 0.00107549 0.000829564 0.00063447 0.000481215 0.000362047 0.00027039 0.000200752 0.000148632 0.000110419 8.32979e-05 6.5164e-05 5.45697e-05 
6.53498e-05 6.84607e-05 7.99703e-05 0.000100899 0.000132994 0.00017881 0.000241801 0.000326417 0.000438225 0.000584029 0.000771985 0.0010117 0.00131433 0.00169259 0.00216074 0.00273455 0.00343111 0.00426863 0.00526606 0.00644277 0.00781797 0.00941016 0.0112365 0.0133121 0.0156494 0.0182573 0.0211406 0.0242994 0.0277287 0.0314176 0.0353496 0.0395024 0.0438475 0.0483514 0.052975 0.057675 0.0624044 0.0671131 0.0717491 0.0762594 0.0805912 0.0846923 0.0885129 0.0920058 0.0951274 0.0978386 0.100105 0.101899 0.103197 0.103983 0.104247 0.103985 0.103202 0.101907 0.100117 0.0978541 0.0951475 0.0920313 0.0885446 0.0847311 0.0806379 0.0763149 0.071814 0.0671881 0.0624899 0.0577711 0.0530816 0.0484682 0.0439739 0.0396373 0.035492 0.031566 0.0278815 0.0244549 0.021297 0.0184128 0.0158022 0.0134605 0.0113789 0.00954536 0.00794486 0.00656053 0.00537413 0.00436668 0.00351909 0.00281261 0.00222923 0.00175201 0.00136531 0.00105494 0.000808224 0.000614044 0.000462767 0.000346201 0.000257484 0.000190977 0.000142145 0.000107447 8.42299e-05 7.06685e-05 
8.40298e-05 8.80404e-05 0.000102749 0.000129439 0.000170304 0.000228549 0.000308488 0.000415678 0.000557045 0.00074103 0.000977723 0.00127897 0.00165847 0.00213178 0.00271628 0.00343111 0.0042969 0.0053355 0.00656955 0.00802199 0.00971542 0.0116714 0.0139096 0.0164472 0.0192978 0.0224707 0.0259702 0.0297949 0.0339369 0.038382 0.0431089 0.0480894 0.0532889 0.0586661 0.0641743 0.0697617 0.0753724 0.0809475 0.0864264 0.0917472 0.0968489 0.101671 0.106158 0.110253 0.11391 0.117082 0.119732 0.121827 0.123341 0.124258 0.124564 0.124258 0.123342 0.121827 0.119733 0.117086 0.113916 0.110264 0.106173 0.101693 0.0968779 0.0917849 0.0864738 0.0810058 0.0754423 0.0698437 0.0642688 0.058773 0.0534078 0.0482196 0.0432492 0.0385311 0.0340931 0.0299563 0.0261348 0.0226364 0.0194625 0.0166089 0.0140664 0.0118216 0.00985762 0.00815501 0.00669253 0.00544787 0.0043984 0.00352173 0.00279626 0.00220155 0.00171864 0.00133026 0.00102092 0.000776966 0.000586552 0.000439558 0.000327486 0.000243334 0.000181458 0.000137439 0.000107963 9.07491e-05 
0.000107146 0.00011227 0.000130905 0.000164654 0.000216246 0.000289662 0.000390252 0.000524887 0.000702111 0.000932306 0.00122784 0.00160319 0.00207503 0.00266222 0.00338576 0.00426863 0.0053355 0.00661234 0.00812593 0.00990315 0.0119703 0.0143521 0.017071 0.020146 0.0235918 0.0274177 0.0316269 0.0362159 0.0411734 0.0464807 0.0521107 0.0580287 0.0641922 0.0705517 0.0770515 0.0836302 0.0902223 0.0967594 0.103171 0.109386 0.115335 0.120949 0.126164 0.130919 0.135158 0.138832 0.141898 0.14432 0.146069 0.147127 0.14748 0.147124 0.146064 0.144311 0.141888 0.138821 0.135148 0.13091 0.126159 0.120949 0.115341 0.109401 0.103195 0.0967948 0.0902703 0.0836918 0.0771275 0.0706425 0.0642976 0.0581482 0.0522435 0.0466254 0.0413284 0.0363792 0.0317963 0.0275908 0.0237663 0.0203194 0.0172411 0.0145167 0.0121276 0.0100516 0.00826426 0.00673971 0.00545134 0.00437274 0.00347822 0.00274335 0.00214538 0.00166347 0.00127886 0.000974943 0.000737272 0.000553456 0.000413064 0.000307475 0.000229723 0.000174344 0.000137235 0.000115565 
0.000135487 0.000141976 0.000165387 0.000207702 0.000272289 0.000364051 0.000489565 0.000657254 0.000877565 0.00116316 0.00152906 0.00199281 0.00257451 0.00329683 0.0041849 0.00526606 0.00656955 0.00812593 0.00996651 0.0121225 0.0146241 0.0174994 0.0207735 0.0244673 0.0285959 0.0331685 0.0381866 0.0436435 0.0495238 0.0558032 0.0624479 0.0694153 0.0766541 0.0841053 0.091703 0.0993757 0.107047 0.114638 0.122069 0.129258 0.136127 0.142598 0.1486 0.154064 0.158929 0.163141 0.166653 0.169424 0.171425 0.172633 0.173035 0.172626 0.171412 0.169405 0.166629 0.163114 0.158899 0.154033 0.14857 0.142571 0.136105 0.129244 0.122064 0.114645 0.107067 0.0994101 0.0917536 0.0841729 0.0767391 0.0695176 0.0625669 0.0559377 0.0496723 0.0438039 0.0383566 0.0333455 0.0287772 0.02465 0.020955 0.0176771 0.0147957 0.012286 0.0101203 0.00826866 0.00670035 0.00538445 0.00429072 0.00339026 0.00265599 0.002063 0.00158877 0.0012133 0.000919095 0.000691136 0.000516722 0.000385329 0.000288434 0.000219339 0.000173005 0.000145951 
0.000169913 0.000178058 0.000207222 0.000259835 0.000340019 0.000453759 0.000609072 0.000816195 0.0010878 0.00143917 0.00188844 0.00245663 0.00316781 0.00404895 0.00512985 0.00644277 0.00802199 0.00990315 0.0121225 0.0147158 0.0177174 0.021159 0.025068 0.0294667 0.0343709 0.0397884 0.0457184 0.0521503 0.0590635 0.0664268 0.0741986 0.0823271 0.0907513 0.0994014 0.1082 0.117065 0.125909 0.13464 0.143169 0.151405 0.159258 0.166644 0.173483 0.1797 0.185229 0.190009 0.193991 0.19713 0.199395 0.200761 0.201215 0.200751 0.199374 0.1971 0.193951 0.189963 0.185176 0.179644 0.173425 0.166586 0.159203 0.151356 0.143129 0.134611 0.125893 0.117065 0.108218 0.0994386 0.0908087 0.0824051 0.0742968 0.0665445 0.0591992 0.0523021 0.0458839 0.0399648 0.0345551 0.0296557 0.0252585 0.021348 0.0179021 0.0148937 0.0122913 0.0100613 0.0081681 0.006576 0.00524977 0.00415551 0.0032613 0.00253762 0.00195769 0.00149762 0.00113642 0.000856035 0.000641126 0.00047896 0.000359198 0.000273695 0.000216315 0.000182813 
0.000211345 0.00022148 0.00025751 0.000322387 0.000421114 0.000560938 0.000751545 0.00100528 0.00133736 0.00176613 0.00231321 0.00300366 0.00386598 0.00493202 0.00623678 0.00781797 0.00971542 0.0119703 0.0146241 0.0177174 0.0212889 0.0253735 0.0300012 0.0351952 0.0409709 0.0473346 0.0542819 0.0617974 0.0698539 0.0784124 0.087422 0.0968207 0.106536 0.116487 0.126584 0.136732 0.146831 0.156781 0.166478 0.175821 0.184714 0.193063 0.20078 0.207784 0.214005 0.219376 0.223845 0.227367 0.229905 0.231435 0.231941 0.23142 0.229875 0.227323 0.22379 0.219309 0.213928 0.2077 0.20069 0.192971 0.184623 0.175734 0.166397 0.15671 0.146774 0.136691 0.126562 0.116486 0.106559 0.0968668 0.0874921 0.0785061 0.0699701 0.0619342 0.054437 0.0475051 0.0411536 0.0353864 0.0301975 0.0255713 0.0214848 0.0179083 0.0148073 0.0121435 0.00987686 0.00796637 0.00637134 0.0050524 0.00397226 0.00309627 0.00239284 0.00183366 0.00139381 0.00105173 0.000789064 0.000590538 0.00044371 0.000338759 0.000268273 0.000227123 
0.000260749 0.000273253 0.000317399 0.000396746 0.000517313 0.000687805 0.000919827 0.00122813 0.00163087 0.00214983 0.00281064 0.00364284 0.00467993 0.0059592 0.00752139 0.00941016 0.0116714 0.0143521 0.0174994 0.021159 0.0253735 0.0301813 0.0356142 0.0416961 0.0484414 0.0558536 0.0639238 0.0726306 0.0819391 0.0918008 0.102155 0.112927 0.124032 0.135377 0.146859 0.15837 0.169798 0.18103 0.191952 0.202454 0.212428 0.221774 0.230398 0.238213 0.245143 0.25112 0.256087 0.259997 0.262813 0.26451 0.26507 0.26449 0.262775 0.259941 0.256014 0.251031 0.24504 0.238099 0.230275 0.221645 0.212297 0.202323 0.191827 0.180913 0.169694 0.158282 0.146791 0.135332 0.124012 0.112933 0.102189 0.091863 0.0820284 0.0727455 0.0640621 0.0560123 0.0486173 0.0418852 0.0358125 0.0303848 0.0255782 0.0213611 0.0176957 0.0145397 0.0118479 0.00957376 0.00767089 0.00609392 0.00479966 0.0037478 0.00290139 0.0022272 0.00169586 0.00128184 0.000963381 0.000722289 0.000543719 0.000415927 0.000330037 0.000279895 
0.000319116 0.000334412 0.000388062 0.000484324 0.000630377 0.000836591 0.00111676 0.00148837 0.00197289 0.00259599 0.00338777 0.0043828 0.00562012 0.00714297 0.0089984 0.0112365 0.0139096 0.017071 0.0207735 0.025068 0.0300012 0.0356142 0.0419405 0.0490039 0.0568167 0.0653786 0.0746754 0.084678 0.0953424 0.10661 0.118406 0.130646 0.14323 0.156051 0.168993 0.181934 0.194749 0.207313 0.219502 0.231195 0.242278 0.252642 0.262187 0.270823 0.278469 0.285055 0.290521 0.29482 0.297915 0.299777 0.300392 0.299753 0.297868 0.294751 0.290431 0.284944 0.27834 0.270678 0.262029 0.252474 0.242104 0.23102 0.219328 0.207146 0.194593 0.181793 0.168873 0.155955 0.143161 0.130606 0.118397 0.106633 0.0953973 0.0847638 0.07479 0.0655192 0.0569798 0.0491855 0.0421363 0.0358196 0.0302115 0.0252789 0.0209811 0.0172717 0.0141004 0.011415 0.0091629 0.00729233 0.00575378 0.00450071 0.00349032 0.00268389 0.00204709 0.00154997 0.00116691 0.000876443 0.000660988 0.000506618 0.000402784 0.000342168 
0.000387436 0.000405991 0.000470668 0.000586516 0.000762034 0.00100947 0.0013451 0.00178947 0.00236777 0.00310999 0.00405121 0.00523155 0.00669612 0.00849466 0.010681 0.0133121 0.0164472 0.020146 0.0244673 0.0294667 0.0351952 0.0416961 0.0490039 0.0571411 0.0661174 0.0759274 0.0865499 0.0979469 0.110064 0.12283 0.136158 0.149948 0.164086 0.178451 0.192911 0.207331 0.221575 0.235504 0.248984 0.261885 0.274086 0.285471 0.295937 0.305389 0.313745 0.320932 0.326891 0.331572 0.334939 0.336964 0.337631 0.336936 0.334884 0.331491 0.326784 0.320801 0.313591 0.305215 0.295746 0.285266 0.27387 0.261663 0.24876 0.235284 0.221364 0.207135 0.192733 0.178297 0.163961 0.149854 0.136098 0.122806 0.110077 0.0979962 0.0866337 0.0760432 0.0662617 0.0573097 0.0491921 0.041899 0.0354076 0.0296836 0.024684 0.0203582 0.0166513 0.013505 0.0108603 0.00865874 0.00684402 0.00536289 0.00416613 0.00320904 0.00245179 0.00185955 0.00140239 0.00105517 0.000797242 0.000612226 0.000487684 0.000414978 
0.000466666 0.000488989 0.00056634 0.000704659 0.000913927 0.00120851 0.00160741 0.00213464 0.00281947 0.00369672 0.00480688 0.00619617 0.00791627 0.0100239 0.0125802 0.0156494 0.0192978 0.0235918 0.0285959 0.0343709 0.0409709 0.0484414 0.0568167 0.0661174 0.076349 0.0874998 0.0995402 0.112422 0.126078 0.140425 0.15536 0.170767 0.18652 0.202478 0.218498 0.234429 0.250123 0.265429 0.280205 0.294312 0.307622 0.320015 0.331385 0.341634 0.35068 0.358449 0.364882 0.369932 0.37356 0.37574 0.376459 0.375709 0.373498 0.369839 0.364761 0.358299 0.350503 0.341433 0.331161 0.319773 0.307364 0.294044 0.279931 0.265156 0.249855 0.234174 0.21826 0.202264 0.186334 0.170614 0.155243 0.140348 0.126043 0.112428 0.0995861 0.0875838 0.0764678 0.0662669 0.056992 0.0486371 0.0411813 0.0345904 0.028819 0.0238135 0.0195136 0.0158556 0.0127737 0.0102025 0.0080785 0.00634123 0.0049346 0.00380742 0.00291388 0.00221374 0.00167235 0.00126049 0.000954111 0.000734081 0.000585856 0.000499323 
0.000557699 0.000584335 0.000676117 0.000839977 0.00108755 0.00143552 0.00190598 0.00252669 0.00333145 0.00436032 0.00565973 0.00728243 0.00928722 0.0117383 0.0147043 0.0182573 0.0224707 0.0274177 0.0331685 0.0397884 0.0473346 0.0558536 0.0653786 0.0759274 0.0874998 0.100076 0.113618 0.128064 0.143333 0.159328 0.17593 0.193007 0.210414 0.227998 0.245598 0.263051 0.280195 0.296871 0.312926 0.328216 0.342607 0.355978 0.368217 0.37923 0.388932 0.397252 0.404133 0.409528 0.413401 0.415728 0.416493 0.415694 0.413333 0.409426 0.403999 0.397086 0.388735 0.379004 0.367965 0.355702 0.342312 0.327905 0.312605 0.296545 0.279871 0.262735 0.245297 0.227719 0.210163 0.19279 0.175751 0.159192 0.143243 0.128019 0.113619 0.100122 0.0875867 0.0760517 0.0655353 0.056037 0.0475385 0.0400067 0.0333949 0.0276463 0.0226964 0.0184755 0.0149112 0.011931 0.00946365 0.00744134 0.00580054 0.00448308 0.0034367 0.0026153 0.00197903 0.00149422 0.00113306 0.000873396 0.000698335 0.00059613 
0.000661319 0.000692846 0.000800906 0.000993527 0.00128416 0.00169207 0.00224268 0.00296789 0.00390641 0.00510398 0.00661342 0.00849451 0.0108136 0.0136426 0.0170584 0.0211406 0.0259702 0.0316269 0.0381866 0.0457184 0.0542819 0.0639238 0.0746754 0.0865499 0.0995402 0.113618 0.128731 0.144808 0.16175 0.179444 0.197755 0.216534 0.235618 0.254837 0.274017 0.292981 0.311555 0.329571 0.346869 0.3633 0.378725 0.393022 0.406082 0.417808 0.42812 0.43695 0.444242 0.449952 0.454049 0.456509 0.457318 0.456473 0.453977 0.449845 0.444099 0.436772 0.427908 0.417563 0.405806 0.392718 0.378396 0.36295 0.346504 0.329196 0.311177 0.292607 0.273654 0.254493 0.2353 0.21625 0.197511 0.179244 0.161599 0.144706 0.128682 0.113618 0.0995888 0.0866428 0.0748077 0.0640896 0.0544747 0.0459313 0.0384128 0.0318598 0.0262036 0.0213692 0.0172775 0.0138487 0.0110038 0.00866717 0.00676745 0.00523908 0.00402286 0.0030664 0.00232425 0.00175786 0.00133534 0.00103121 0.000826013 0.000706211 
0.000778163 0.000815184 0.000941433 0.00116614 0.00150474 0.0019793 0.00261887 0.00345982 0.00454616 0.00592971 0.00767012 0.0098346 0.0124974 0.0157387 0.0196435 0.0242994 0.0297949 0.0362159 0.0436435 0.0521503 0.0617974 0.0726306 0.084678 0.0979469 0.112422 0.128064 0.144808 0.162565 0.181224 0.200651 0.220694 0.241186 0.261947 0.282791 0.303529 0.323971 0.343933 0.363239 0.381722 0.39923 0.415625 0.430783 0.444596 0.456973 0.467837 0.477123 0.484781 0.490772 0.495066 0.497643 0.498491 0.497606 0.494992 0.490661 0.484633 0.476938 0.467615 0.456715 0.444303 0.430456 0.415268 0.398848 0.381318 0.362819 0.343504 0.323541 0.303106 0.282384 0.261563 0.240834 0.220381 0.200384 0.181007 0.162402 0.144701 0.128013 0.112426 0.0980026 0.0847802 0.0727735 0.0619741 0.0523536 0.0438658 0.0364498 0.0300335 0.0245364 0.0198735 0.0159572 0.0127009 0.0100207 0.00783733 0.00607728 0.00467406 0.00356855 0.0027093 0.00205251 0.00156188 0.00120832 0.000969604 0.000830218 
0.000908679 0.000951809 0.00109819 0.00135836 0.00174989 0.00229788 0.00303527 0.00400323 0.00525142 0.00683813 0.00883019 0.0113026 0.0143379 0.0180248 0.0224565 0.0277287 0.0339369 0.0411734 0.0495238 0.0590635 0.0698539 0.0819391 0.0953424 0.110064 0.126078 0.143333 0.16175 0.181224 0.201624 0.222799 0.244578 0.266774 0.289191 0.311627 0.333878 0.355744 0.377031 0.397556 0.417148 0.435654 0.452936 0.468872 0.48336 0.496313 0.50766 0.517341 0.525314 0.531543 0.536004 0.538679 0.53956 0.538643 0.53593 0.531432 0.525165 0.517154 0.507434 0.496049 0.483057 0.468531 0.45256 0.435246 0.416713 0.397098 0.376558 0.355264 0.333399 0.311158 0.288742 0.266353 0.244195 0.222462 0.201339 0.180996 0.161583 0.143227 0.126033 0.110077 0.0954091 0.0820538 0.0700098 0.0592528 0.0497384 0.0414052 0.034178 0.0279719 0.0226956 0.0182545 0.014554 0.0115018 0.00901038 0.00699816 0.00539091 0.0041224 0.00313482 0.00237877 0.00181324 0.00140525 0.00112958 0.000968605 
0.00105308 0.00110294 0.0012714 0.0015704 0.0020198 0.00264792 0.00349187 0.00459792 0.00602169 0.00782826 0.010092 0.0128961 0.0163314 0.0204953 0.0254895 0.0314176 0.038382 0.0464807 0.0558032 0.0664268 0.0784124 0.0918008 0.10661 0.12283 0.140425 0.159328 0.179444 0.200651 0.222799 0.245717 0.269213 0.293084 0.317116 0.34109 0.364791 0.388006 0.410535 0.43219 0.452798 0.472205 0.490278 0.506898 0.52197 0.535414 0.547165 0.557174 0.565403 0.571824 0.576418 0.579173 0.58008 0.579138 0.576348 0.571717 0.565259 0.556991 0.546942 0.53515 0.521665 0.506552 0.489891 0.471781 0.45234 0.431703 0.410026 0.387483 0.364262 0.340565 0.316605 0.292598 0.268762 0.245309 0.222444 0.200355 0.179212 0.159161 0.140325 0.122795 0.106636 0.0918825 0.0785427 0.0665977 0.0560061 0.0467068 0.0386227 0.0316648 0.025736 0.0207348 0.0165589 0.0131076 0.0102848 0.0080006 0.00617276 0.00472765 0.00360072 0.0027367 0.00208955 0.00162217 0.00130614 0.00112158 
0.00121131 0.00126851 0.00146095 0.00180205 0.00231412 0.00302888 0.00398785 0.00524262 0.00685508 0.00889742 0.0114518 0.0146097 0.0184706 0.0231407 0.0287299 0.0353496 0.0431089 0.0521107 0.0624479 0.0741986 0.087422 0.102155 0.118406 0.136158 0.15536 0.17593 0.197755 0.220694 0.244578 0.269213 0.294391 0.319887 0.345472 0.370912 0.395978 0.420451 0.444123 0.466802 0.488318 0.508518 0.527273 0.544473 0.560029 0.57387 0.585943 0.596205 0.604628 0.611193 0.615885 0.618697 0.619624 0.618665 0.61582 0.611094 0.604494 0.596032 0.58573 0.573616 0.55973 0.54413 0.526885 0.508088 0.487847 0.466296 0.443586 0.419892 0.395406 0.370336 0.344904 0.319339 0.293873 0.268737 0.244153 0.220329 0.197456 0.1757 0.155202 0.136071 0.118387 0.102199 0.0875223 0.074347 0.0626353 0.0523278 0.0433462 0.0355982 0.0289817 0.0233884 0.0187084 0.0148327 0.0116566 0.00908176 0.00701762 0.0053829 0.00410607 0.00312569 0.00239042 0.00185884 0.00149914 0.00128906 
0.00138301 0.00144814 0.00166637 0.0020527 0.00263197 0.00343952 0.00452144 0.00593489 0.00774826 0.010041 0.0129034 0.0164352 0.0207449 0.0259471 0.03216 0.0395024 0.0480894 0.0580287 0.0694153 0.0823271 0.0968207 0.112927 0.130646 0.149948 0.170767 0.193007 0.216534 0.241186 0.266774 0.293084 0.319887 0.346941 0.373999 0.400814 0.427147 0.45277 0.477471 0.501059 0.523363 0.544237 0.563558 0.581225 0.59716 0.611302 0.623608 0.634047 0.642601 0.649258 0.654012 0.65686 0.6578 0.656832 0.653955 0.649171 0.642481 0.633891 0.623412 0.611064 0.596877 0.580895 0.563179 0.54381 0.52289 0.500543 0.476917 0.452185 0.426541 0.400196 0.373381 0.346336 0.319308 0.292542 0.26628 0.240752 0.216166 0.192712 0.170549 0.149806 0.130578 0.112929 0.0968871 0.0824491 0.0695835 0.0582334 0.0483204 0.0397499 0.0324149 0.0262013 0.0209916 0.0166688 0.0131196 0.0102369 0.00792202 0.00608563 0.00464904 0.00354441 0.00271491 0.00211458 0.00170808 0.00147064 
0.00156748 0.00164108 0.00188679 0.00232121 0.00297189 0.00387785 0.00508995 0.0066711 0.00869634 0.0112526 0.0144383 0.0183617 0.02314 0.0288964 0.035757 0.0438475 0.0532889 0.0641922 0.0766541 0.0907513 0.106536 0.124032 0.14323 0.164086 0.18652 0.210414 0.235618 0.261947 0.289191 0.317116 0.345472 0.373999 0.402435 0.43052 0.458007 0.484661 0.510268 0.534637 0.557603 0.579026 0.598792 0.616812 0.633017 0.647361 0.659812 0.670352 0.678973 0.685672 0.690451 0.693312 0.694259 0.69329 0.690404 0.685599 0.678871 0.670217 0.65964 0.647147 0.632758 0.616504 0.598433 0.578614 0.557139 0.534122 0.509707 0.484061 0.457376 0.429869 0.401775 0.373344 0.344836 0.316512 0.288632 0.261445 0.235183 0.210054 0.186239 0.163887 0.143111 0.12399 0.106565 0.0908434 0.0767998 0.0643814 0.0535107 0.0440914 0.0360129 0.0291554 0.0233943 0.0186048 0.0146651 0.0114596 0.00888097 0.00683209 0.00522684 0.0039908 0.00306149 0.00238825 0.00193207 0.00166557 
0.00176367 0.00184623 0.00212091 0.002606 0.00333178 0.0043411 0.00568969 0.00744635 0.00969287 0.0125238 0.0160456 0.0203752 0.0256384 0.0319665 0.0394934 0.0483514 0.0586661 0.0705517 0.0841053 0.0994014 0.116487 0.135377 0.156051 0.178451 0.202478 0.227998 0.254837 0.282791 0.311627 0.34109 0.370912 0.400814 0.43052 0.459761 0.488278 0.515835 0.542218 0.567238 0.590736 0.612581 0.63267 0.650926 0.667295 0.681743 0.694253 0.704819 0.713444 0.720136 0.724906 0.72776 0.728705 0.727743 0.724871 0.720081 0.713364 0.70471 0.694111 0.681562 0.667069 0.65065 0.63234 0.612194 0.590291 0.566736 0.541662 0.515231 0.487633 0.459086 0.429828 0.400117 0.370226 0.34043 0.311007 0.282225 0.254337 0.227572 0.202135 0.178192 0.155879 0.135288 0.116476 0.0994606 0.0842256 0.0707225 0.058876 0.0485892 0.0397483 0.0322285 0.0258987 0.0206266 0.0162821 0.0127411 0.00988791 0.00761729 0.00583569 0.00446202 0.003428 0.00267818 0.00216977 0.00187273 
0.00197016 0.00206211 0.00236703 0.00290494 0.00370892 0.00482571 0.006316 0.00825452 0.0107299 0.0138443 0.0177122 0.0224591 0.028219 0.0351314 0.0433373 0.052975 0.0641743 0.0770515 0.091703 0.1082 0.126584 0.146859 0.168993 0.192911 0.218498 0.245598 0.274017 0.303529 0.333878 0.364791 0.395978 0.427147 0.458007 0.488278 0.517698 0.546027 0.573053 0.598591 0.622492 0.644633 0.664926 0.683307 0.699736 0.714195 0.726681 0.737202 0.745773 0.752413 0.757139 0.759967 0.760905 0.759957 0.757118 0.752378 0.74572 0.737125 0.726574 0.714051 0.699548 0.683069 0.664633 0.64428 0.622075 0.598111 0.572511 0.545429 0.517049 0.487589 0.45729 0.426416 0.39525 0.36408 0.333202 0.302902 0.273453 0.245109 0.218092 0.192593 0.168766 0.146721 0.12653 0.108224 0.0917953 0.0772012 0.0643699 0.0532045 0.0435891 0.0353946 0.028484 0.0227176 0.0179575 0.0140712 0.0109348 0.00843503 0.00647084 0.00495443 0.00381166 0.00298221 0.00241946 0.00209061 
0.00218518 0.00228685 0.00262302 0.00321542 0.00409998 0.00532738 0.00696327 0.00908832 0.011798 0.015202 0.0194228 0.0245941 0.030858 0.0383617 0.0472528 0.057675 0.0697617 0.0836302 0.0993757 0.117065 0.136732 0.15837 0.181934 0.207331 0.234429 0.263051 0.292981 0.323971 0.355744 0.388006 0.420451 0.45277 0.484661 0.515835 0.546027 0.574996 0.602533 0.62846 0.652637 0.674956 0.695339 0.713739 0.730132 0.744516 0.756903 0.767314 0.775778 0.782324 0.786978 0.789761 0.790687 0.789759 0.786972 0.782311 0.775753 0.767271 0.756835 0.744415 0.72999 0.713547 0.69509 0.674644 0.652259 0.628012 0.602015 0.574413 0.545385 0.515142 0.483929 0.452014 0.419688 0.387253 0.355018 0.323288 0.292358 0.262501 0.233963 0.206955 0.181652 0.158182 0.136634 0.117052 0.099438 0.0837569 0.0699409 0.0578942 0.0474997 0.0386244 0.0311261 0.0248584 0.0196757 0.0154377 0.0120122 0.00927793 0.00712661 0.00546366 0.0042091 0.00329769 0.00267895 0.00231734 
0.0024066 0.00251824 0.00288633 0.00353436 0.00450107 0.00584108 0.00762499 0.00993938 0.0128864 0.0165832 0.02116 0.0267586 0.0335287 0.0416248 0.0512006 0.0624044 0.0753724 0.0902223 0.107047 0.125909 0.146831 0.169798 0.194749 0.221575 0.250123 0.280195 0.311555 0.343933 0.377031 0.410535 0.444123 0.477471 0.510268 0.542218 0.573053 0.602533 0.630453 0.656647 0.680983 0.703366 0.723736 0.742059 0.75833 0.772562 0.784782 0.795027 0.803337 0.809752 0.814308 0.817032 0.81794 0.817038 0.814318 0.809763 0.803343 0.795021 0.784756 0.772507 0.758237 0.741918 0.723538 0.703104 0.68065 0.656239 0.629969 0.601974 0.572425 0.54153 0.50953 0.476699 0.443333 0.409746 0.376261 0.3432 0.310878 0.279588 0.249598 0.221142 0.194413 0.169561 0.14669 0.125857 0.107078 0.0903244 0.0755335 0.0626116 0.0514408 0.0418855 0.0337986 0.0270276 0.0214197 0.0168269 0.0131091 0.0101376 0.00779644 0.00598464 0.00461635 0.00362147 0.00294568 0.00255068 
0.00263198 0.00275372 0.00315405 0.00385822 0.00490777 0.00636117 0.00829391 0.0107984 0.0139833 0.0179729 0.0229052 0.0289293 0.0362025 0.0448857 0.0551385 0.0671131 0.0809475 0.0967594 0.114638 0.13464 0.156781 0.18103 0.207313 0.235504 0.265429 0.296871 0.329571 0.363239 0.397556 0.43219 0.466802 0.501059 0.534637 0.567238 0.598591 0.62846 0.656647 0.682993 0.707381 0.729729 0.749992 0.768156 0.78423 0.798243 0.81024 0.82027 0.828388 0.834643 0.839079 0.84173 0.842616 0.841744 0.839105 0.834677 0.828424 0.820302 0.810257 0.798237 0.784189 0.768069 0.74985 0.729521 0.707099 0.682632 0.656203 0.627935 0.597988 0.566564 0.533903 0.500279 0.465994 0.431372 0.396748 0.362462 0.328844 0.29621 0.264849 0.235016 0.206924 0.180744 0.156595 0.134551 0.114637 0.0968358 0.0810893 0.0673068 0.0553707 0.0451431 0.0364728 0.0292018 0.0231705 0.0182237 0.0142139 0.0110045 0.008473 0.00651164 0.00502894 0.00395001 0.00321671 0.00278804 
0.00285859 0.00299043 0.00342297 0.00418312 0.00531519 0.00688143 0.00896208 0.0116551 0.0150757 0.0193549 0.024638 0.0310812 0.0388488 0.0481078 0.0590227 0.0717491 0.0864264 0.103171 0.122069 0.143169 0.166478 0.191952 0.219502 0.248984 0.280205 0.312926 0.346869 0.381722 0.417148 0.452798 0.488318 0.523363 0.557603 0.590736 0.622492 0.652637 0.680983 0.707381 0.731725 0.753952 0.774031 0.791964 0.807779 0.82152 0.833248 0.843026 0.850921 0.856992 0.861293 0.863862 0.864723 0.863884 0.861335 0.857051 0.850989 0.843096 0.83331 0.821564 0.807792 0.791934 0.773946 0.753801 0.731499 0.707071 0.680586 0.652151 0.621919 0.590083 0.556879 0.522583 0.487499 0.451959 0.41631 0.380907 0.346098 0.312217 0.279574 0.248444 0.219063 0.191618 0.166248 0.143041 0.122035 0.103221 0.0865478 0.0719283 0.0592457 0.0483607 0.0391185 0.0313561 0.0249081 0.019612 0.0153134 0.0118687 0.00914832 0.00703843 0.00544196 0.00427937 0.00348879 0.00302658 
