0.00027951 0.000284567 0.000302344 0.000333314 0.000378199 0.000438013 0.00051405 0.000607875 0.000721307 0.000856403 0.00101543 0.00120085 0.00141527 0.00166141 0.00194204 0.00225995 0.0026179 0.0030185 0.00346421 0.0039572 0.00449934 0.00509207 0.00573635 0.00643257 0.00718053 0.00797929 0.00882721 0.00972184 0.0106599 0.0116374 0.0126494 0.0136902 0.0147533 0.0158316 0.0169171 0.0180016 0.0190761 0.0201315 0.0211584 0.0221473 0.0230886 0.0239733 0.0247924 0.0255374 0.0262007 0.0267751 0.0272546 0.0276338 0.0279087 0.0280762 0.0281346 0.0280831 0.0279225 0.0276544 0.0272818 0.0268089 0.0262408 0.0255837 0.0248446 0.0240311 0.0231518 0.0222153 0.021231 0.0202083 0.0191566 0.0180852 0.0170035 0.0159201 0.0148435 0.0137815 0.0127413 0.0117294 0.0107514 0.00981227 0.00891614 0.00806626 0.0072651 0.00651436 0.005815 0.00516729 0.00457087 0.00402484 0.00352779 0.00307793 0.00267312 0.00231094 0.00198882 0.00170405 0.00145387 0.00123551 0.00104629 0.000883615 0.000745027 0.00062826 0.000531254 0.000452179 0.000389456 0.000341775 0.0003081 0.00028772 
0.000284567 0.000289725 0.000307841 0.000339392 0.000385117 0.000446046 0.000523497 0.000619063 0.000734595 0.000872186 0.00103415 0.00122297 0.00144132 0.00169195 0.00197768 0.00230136 0.00266576 0.00307356 0.00352723 0.004029 0.00458074 0.00518391 0.00583947 0.00654783 0.00730874 0.00812126 0.00898369 0.00989355 0.0108475 0.0118414 0.0128703 0.0139284 0.0150091 0.016105 0.0172083 0.0183103 0.0194022 0.0204746 0.0215178 0.0225224 0.0234787 0.0243772 0.0252092 0.0259658 0.0266394 0.0272228 0.0277096 0.0280947 0.0283738 0.0285439 0.0286031 0.0285507 0.0283875 0.0281152 0.0277368 0.0272565 0.0266795 0.0260121 0.0252613 0.024435 0.0235417 0.0225904 0.0215905 0.0205513 0.0194827 0.0183941 0.0172947 0.0161937 0.0150995 0.01402 0.0129625 0.0119337 0.0109393 0.00998436 0.00907304 0.00820867 0.00739378 0.0066301 0.00591863 0.00525963 0.00465278 0.00409715 0.00359132 0.00313348 0.00272146 0.0023528 0.0020249 0.001735 0.0014803 0.00125799 0.00106533 0.000899691 0.000758576 0.000639677 0.000540897 0.000460376 0.000396506 0.000347954 0.000313665 0.000292918 
0.000302344 0.000307841 0.000327069 0.000360533 0.000409011 0.000473588 0.000555652 0.000656878 0.000779214 0.000924859 0.00109624 0.00129598 0.00152685 0.00179176 0.00209365 0.0024355 0.0028202 0.00325054 0.00372908 0.00425814 0.00483965 0.0054751 0.00616546 0.0069111 0.00771174 0.00856633 0.00947306 0.0104293 0.0114314 0.0124752 0.0135552 0.0146655 0.0157991 0.0169483 0.0181048 0.0192597 0.0204036 0.0215267 0.022619 0.0236705 0.0246712 0.0256113 0.0264815 0.0272728 0.0279771 0.0285869 0.0290958 0.0294982 0.0297898 0.0299674 0.0300291 0.0299742 0.0298034 0.0295185 0.0291228 0.0286204 0.0280169 0.0273188 0.0265333 0.0256688 0.024734 0.0237383 0.0226914 0.0216033 0.020484 0.0193435 0.0181915 0.0170373 0.0158899 0.0147576 0.0136481 0.0125682 0.0115241 0.0105211 0.00956351 0.00865494 0.00779806 0.00699473 0.00624602 0.00555227 0.00491316 0.00432776 0.00379464 0.00331191 0.0028773 0.00248831 0.00214218 0.00183605 0.00156699 0.00133207 0.00112842 0.000953267 0.000804003 0.000678203 0.000573665 0.000488432 0.000420816 0.000369412 0.000333112 0.000311156 
0.000333314 0.000339392 0.000360533 0.000397285 0.00045049 0.00052133 0.000611306 0.000722233 0.000856219 0.00101564 0.00120313 0.00142149 0.00167374 0.00196298 0.00229239 0.00266514 0.00308434 0.00355294 0.00407368 0.004649 0.0052809 0.00597096 0.00672013 0.00752876 0.00839644 0.00932198 0.0103033 0.0113376 0.0124209 0.0135484 0.0147145 0.0159125 0.0171349 0.0183735 0.0196193 0.0208627 0.0220937 0.0233017 0.0244761 0.0256061 0.0266812 0.0276908 0.0286249 0.0294742 0.0302298 0.0308838 0.0314294 0.0318608 0.0321732 0.0323634 0.0324293 0.0323701 0.0321866 0.0318808 0.031456 0.0309168 0.030269 0.0295195 0.0286761 0.0277476 0.0267434 0.0256734 0.0245481 0.023378 0.022174 0.0209465 0.0197061 0.0184628 0.0172262 0.0160053 0.0148083 0.0136426 0.0125149 0.011431 0.0103955 0.00941249 0.00848481 0.00761455 0.00680296 0.00605047 0.0053568 0.00472102 0.00414165 0.00361669 0.00314377 0.00272021 0.00234309 0.00200934 0.00171582 0.0014594 0.00123697 0.00104556 0.000882363 0.000744751 0.000630348 0.000537039 0.000462995 0.000406697 0.000366946 0.000342916 
0.000378199 0.000385117 0.000409011 0.00045049 0.000510495 0.000590332 0.000691673 0.000816527 0.000967231 0.00114641 0.00135697 0.00160202 0.00188486 0.0022089 0.00257763 0.00299452 0.00346294 0.00398612 0.004567 0.00520819 0.00591184 0.00667956 0.00751234 0.00841043 0.00937329 0.0103995 0.0114867 0.0126315 0.0138297 0.0150758 0.0163636 0.0176856 0.0190335 0.0203984 0.0217703 0.0231387 0.0244924 0.0258202 0.0271103 0.0283511 0.0295308 0.0306382 0.0316624 0.0325932 0.033421 0.0341373 0.0347346 0.0352067 0.0355485 0.0357563 0.035828 0.0357628 0.0355615 0.0352262 0.0347605 0.0341695 0.0334594 0.0326376 0.0317127 0.0306942 0.0295921 0.0284175 0.0271816 0.025896 0.0245723 0.0232222 0.0218571 0.020488 0.0191254 0.0177792 0.0164585 0.0151714 0.0139255 0.0127269 0.0115811 0.0104925 0.00946436 0.00849911 0.0075982 0.00676222 0.00599096 0.00528349 0.00463825 0.00405313 0.00352558 0.0030527 0.00263132 0.00225811 0.00192963 0.00164243 0.00139313 0.00117844 0.000995269 0.000840718 0.00071216 0.000607256 0.000523983 0.000460655 0.000415943 0.000388934 
0.000438013 0.000446046 0.000473588 0.00052133 0.000590332 0.000682077 0.000798446 0.00094171 0.0011145 0.00131977 0.00156077 0.00184101 0.00216416 0.00253404 0.00295452 0.00342945 0.00396258 0.00455743 0.00521724 0.00594483 0.0067425 0.00761196 0.00855417 0.00956929 0.0106566 0.0118143 0.0130396 0.0143288 0.0156767 0.0170774 0.0185236 0.020007 0.0215183 0.0230473 0.024583 0.0261137 0.0276269 0.0291101 0.0305503 0.0319346 0.03325 0.0344842 0.035625 0.0366613 0.0375826 0.0383794 0.0390437 0.0395684 0.0399481 0.0401788 0.040258 0.040185 0.0399606 0.0395872 0.0390686 0.0384105 0.0376197 0.0367044 0.0356739 0.0345386 0.0333099 0.0319997 0.0306204 0.0291848 0.027706 0.0261967 0.0246696 0.023137 0.0216106 0.0201014 0.0186196 0.0171745 0.0157744 0.0144264 0.0131367 0.0119102 0.0107509 0.00966146 0.00864373 0.00769849 0.00682562 0.0060242 0.00529258 0.00462852 0.00402923 0.00349155 0.003012 0.00258686 0.00221235 0.00188462 0.00159989 0.0013545 0.00114496 0.000968046 0.00082079 0.000700563 0.000605086 0.000532462 0.000481191 0.000450242 
0.00051405 0.000523497 0.000555652 0.000611306 0.000691673 0.000798446 0.000933778 0.00110026 0.00130088 0.00153901 0.00181834 0.00214283 0.00251664 0.0029441 0.00342954 0.00397728 0.0045915 0.00527611 0.0060347 0.00687033 0.00778551 0.008782 0.00986075 0.0110218 0.0122641 0.0135855 0.0149827 0.0164512 0.0179853 0.0195778 0.0212206 0.0229041 0.0246178 0.0263501 0.0280886 0.0298199 0.0315303 0.0332055 0.0348311 0.0363924 0.0378753 0.0392657 0.0405504 0.0417167 0.0427531 0.0436492 0.0443958 0.0449853 0.0454117 0.0456705 0.045759 0.0456764 0.0454236 0.0450031 0.0444195 0.0436787 0.0427885 0.0417578 0.0405972 0.0393181 0.0379331 0.0364555 0.0348992 0.0332785 0.0316079 0.0299017 0.0281743 0.0264394 0.0247101 0.022999 0.0213176 0.0196764 0.0180849 0.0165513 0.0150826 0.0136846 0.012362 0.0111179 0.00995452 0.00887297 0.00787325 0.00695445 0.00611485 0.00535201 0.00466292 0.00404405 0.00349154 0.00300126 0.00256895 0.0021903 0.00186103 0.00157701 0.00133429 0.0011292 0.000958383 0.000818839 0.000707973 0.000623623 0.000564077 0.000528159 
0.000607875 0.000619063 0.000656878 0.000722233 0.000816527 0.00094171 0.00110026 0.00129514 0.00152979 0.00180808 0.0021342 0.0025127 0.0029483 0.0034459 0.00401041 0.00464672 0.0053595 0.00615314 0.00703158 0.00799822 0.00905573 0.010206 0.0114499 0.0127872 0.0142167 0.0157356 0.01734 0.0190246 0.0207827 0.022606 0.0244849 0.0264087 0.0283653 0.0303414 0.0323228 0.0342944 0.0362408 0.0381456 0.0399927 0.0417657 0.0434485 0.0450254 0.0464816 0.047803 0.0489767 0.049991 0.0508358 0.0515025 0.0519844 0.0522767 0.0523763 0.0522822 0.0519954 0.0515189 0.0508577 0.0500184 0.0490097 0.0478415 0.0465256 0.0450749 0.0435033 0.0418258 0.0400581 0.038216 0.036316 0.0343743 0.0324069 0.0304295 0.028457 0.0265036 0.0245824 0.0227056 0.0208839 0.0191269 0.0174427 0.015838 0.0143183 0.0128875 0.0115482 0.0103018 0.00914858 0.00808761 0.00711712 0.00623448 0.00543634 0.00471883 0.00407761 0.00350806 0.00300537 0.00256465 0.00218106 0.00184989 0.00156665 0.00132714 0.00112752 0.000964347 0.000834652 0.000735949 0.000666274 0.000624277 
0.000721307 0.000734595 0.000779214 0.000856219 0.000967231 0.0011145 0.00130088 0.00152979 0.0018052 0.00213153 0.00251361 0.00295662 0.00346597 0.00404723 0.00470599 0.00544775 0.00627778 0.00720099 0.00822176 0.00934382 0.01057 0.0119024 0.0133416 0.0148874 0.0165379 0.0182899 0.0201386 0.0220777 0.0240993 0.0261939 0.0283504 0.0305563 0.0327976 0.0350594 0.0373252 0.0395781 0.0418003 0.0439735 0.0460793 0.0480992 0.0500152 0.0518096 0.0534657 0.0549677 0.0563012 0.057453 0.058412 0.0591685 0.0597151 0.0600462 0.0601586 0.0600511 0.0597249 0.0591833 0.0584317 0.0574778 0.056331 0.0550028 0.053506 0.0518552 0.0500661 0.0481554 0.0461408 0.0440403 0.0418722 0.039655 0.0374068 0.0351454 0.0328878 0.0306502 0.0284476 0.0262939 0.0242016 0.0221817 0.0202437 0.0183954 0.0166432 0.0149919 0.0134446 0.0120033 0.0106683 0.00943889 0.00831316 0.00728828 0.00636059 0.00552577 0.00477898 0.004115 0.0035284 0.00301363 0.00256518 0.00217768 0.00184599 0.0015653 0.00133118 0.00113971 0.000987451 0.000871545 0.00078973 0.000740447 
0.000856403 0.000872186 0.000924859 0.00101564 0.00114641 0.00131977 0.00153901 0.00180808 0.00213153 0.00251445 0.00296239 0.00348128 0.0040773 0.00475679 0.00552608 0.00639141 0.00735871 0.00843346 0.00962053 0.010924 0.012347 0.0138914 0.0155581 0.0173462 0.0192534 0.0212758 0.0234076 0.0256415 0.027968 0.0303762 0.0328531 0.0353844 0.0379541 0.0405448 0.043138 0.0457143 0.0482534 0.0507347 0.0531372 0.0554402 0.0576233 0.0596667 0.0615515 0.0632601 0.0647762 0.0660853 0.0671747 0.0680338 0.0686541 0.0690296 0.0691565 0.0690337 0.0686624 0.0680464 0.0671916 0.0661066 0.0648021 0.0632907 0.061587 0.0597072 0.057669 0.0554912 0.0531935 0.0507964 0.0483205 0.0457867 0.0432157 0.0406275 0.0380415 0.0354763 0.0329491 0.0304757 0.0280706 0.0257465 0.0235146 0.0213839 0.019362 0.0174546 0.0156657 0.0139975 0.0124508 0.011025 0.00971806 0.00852705 0.0074479 0.00647581 0.00560535 0.00483067 0.00414561 0.00354388 0.0030192 0.00256543 0.00217671 0.00184749 0.00157273 0.00134788 0.00116899 0.00103279 0.000936641 0.000878763 
0.00101543 0.00103415 0.00109624 0.00120313 0.00135697 0.00156077 0.00181834 0.0021342 0.00251361 0.00296239 0.00348692 0.00409396 0.00479056 0.00558393 0.00648127 0.00748959 0.00861557 0.00986533 0.0112442 0.0127568 0.0144062 0.0161946 0.0181225 0.0201886 0.0223901 0.0247221 0.0271779 0.0297485 0.0324231 0.0351888 0.0380308 0.0409324 0.0438753 0.0468396 0.0498043 0.0527471 0.0556452 0.058475 0.0612132 0.0638361 0.0663208 0.0686451 0.0707879 0.0727293 0.0744512 0.0759373 0.0771736 0.0781481 0.0788514 0.0792767 0.0794201 0.07928 0.0788579 0.078158 0.077187 0.0759545 0.0744722 0.0727544 0.0708174 0.0686793 0.0663599 0.0638803 0.0612627 0.0585301 0.0557059 0.0528135 0.0498764 0.0469174 0.0439585 0.0410208 0.0381241 0.0352865 0.0325248 0.0298536 0.0272858 0.0248321 0.0225015 0.0203006 0.0182343 0.0163055 0.0145155 0.0128636 0.011348 0.00996543 0.00871143 0.00758071 0.00656722 0.00566437 0.0048652 0.0041626 0.00354941 0.00301865 0.0025636 0.00217792 0.00185582 0.00159208 0.00138217 0.00122229 0.00110943 0.00104153 
0.00120085 0.00122297 0.00129598 0.00142149 0.00160202 0.00184101 0.00214283 0.0025127 0.00295662 0.00348128 0.00409396 0.00480236 0.00561452 0.00653859 0.00758273 0.00875482 0.0100623 0.0115121 0.01311 0.0148609 0.0167683 0.0188342 0.0210589 0.0234406 0.0259758 0.0286585 0.0314806 0.0344317 0.0374992 0.040668 0.043921 0.0472392 0.0506015 0.0539853 0.0573665 0.06072 0.0640198 0.0672396 0.0703526 0.0733327 0.0761539 0.0787914 0.0812215 0.0834222 0.0853731 0.0870561 0.0884556 0.0895583 0.0903538 0.0908346 0.090996 0.0908367 0.0903582 0.089565 0.0884648 0.0870681 0.0853881 0.0834406 0.0812437 0.0788178 0.0761848 0.0733685 0.0703937 0.0672862 0.0640723 0.0607785 0.0574312 0.0540562 0.0506786 0.0473224 0.04401 0.0407624 0.0375985 0.0345356 0.0315883 0.0287693 0.026089 0.0235554 0.0211743 0.0189496 0.0168827 0.0149735 0.01322 0.0116187 0.010165 0.00885287 0.00767563 0.0066259 0.00569585 0.00487743 0.00416253 0.00354321 0.0030118 0.00256108 0.0021844 0.0018758 0.00163007 0.00144286 0.00131071 0.00123125 
0.00141527 0.00144132 0.00152685 0.00167374 0.00188486 0.00216416 0.00251664 0.0029483 0.00346597 0.0040773 0.00479056 0.00561452 0.00655826 0.00763104 0.00884199 0.0102 0.0117133 0.0133896 0.0152352 0.0172555 0.019454 0.0218328 0.0243916 0.0271282 0.0300381 0.0331142 0.0363468 0.0397237 0.0432302 0.0468491 0.0505605 0.0543427 0.0581716 0.0620215 0.0658651 0.069674 0.0734189 0.0770701 0.0805978 0.0839723 0.087165 0.0901479 0.0928947 0.0953809 0.0975839 0.0994837 0.101063 0.102306 0.103203 0.103745 0.103926 0.103746 0.103205 0.102309 0.101067 0.0994896 0.0975919 0.0953914 0.0929082 0.0901648 0.0871859 0.0839979 0.0806284 0.0771063 0.0734611 0.0697225 0.0659203 0.0620835 0.0582405 0.0544186 0.0506432 0.0469382 0.0433255 0.0398246 0.0364527 0.0332244 0.0301519 0.0272447 0.0245098 0.0219518 0.0195729 0.0173733 0.0153511 0.0135026 0.0118227 0.010305 0.00894198 0.00772543 0.00664656 0.00569631 0.00486555 0.00414523 0.00352668 0.00300166 0.00256261 0.0022027 0.00191599 0.0016975 0.00154327 0.00145057 
0.00166141 0.00169195 0.00179176 0.00196298 0.0022089 0.00253404 0.0029441 0.0034459 0.00404723 0.00475679 0.00558393 0.00653859 0.00763104 0.00887165 0.0102707 0.011838 0.0135829 0.0155136 0.0176373 0.0199594 0.0224838 0.0252123 0.0281442 0.0312766 0.0346039 0.0381174 0.041806 0.0456554 0.0496485 0.0537653 0.0579834 0.0622778 0.0666212 0.0709844 0.0753366 0.0796459 0.0838794 0.0880037 0.0919854 0.0957917 0.0993905 0.102751 0.105843 0.108641 0.111119 0.113255 0.115029 0.116426 0.117433 0.118041 0.118244 0.11804 0.117432 0.116425 0.115027 0.113253 0.111118 0.108642 0.105846 0.102756 0.0993996 0.095805 0.0920034 0.0880271 0.0839089 0.0796821 0.0753799 0.0710351 0.0666796 0.062344 0.0580575 0.053847 0.0497375 0.0457514 0.0419084 0.0382254 0.0347167 0.0313934 0.0282639 0.025334 0.0226064 0.0200819 0.0177585 0.0156327 0.0136988 0.0119499 0.0103778 0.0089732 0.00772645 0.00662733 0.00566558 0.00483099 0.00411375 0.00350452 0.00299472 0.00257658 0.00224333 0.0019893 0.00180997 0.00170224 
0.00194204 0.00197768 0.00209365 0.00229239 0.00257763 0.00295452 0.00342954 0.00401041 0.00470599 0.00552608 0.00648127 0.00758273 0.00884199 0.0102707 0.0118802 0.0136816 0.0156851 0.0178996 0.0203329 0.0229909 0.0258773 0.0289938 0.0323392 0.0359096 0.0396981 0.0436945 0.0478857 0.0522551 0.056783 0.0614466 0.0662202 0.0710754 0.0759813 0.0809052 0.0858123 0.0906668 0.0954318 0.10007 0.104545 0.10882 0.112859 0.116628 0.120094 0.123228 0.126003 0.128394 0.130379 0.131942 0.133068 0.133747 0.133973 0.133745 0.133063 0.131935 0.130371 0.128385 0.125993 0.123219 0.120085 0.11662 0.112854 0.108819 0.104548 0.100079 0.0954463 0.090688 0.085841 0.0809419 0.0760266 0.0711294 0.0662831 0.0615184 0.0568635 0.0523439 0.0479823 0.0437983 0.0398081 0.0360251 0.032459 0.0291169 0.0260025 0.023117 0.0204588 0.0180241 0.0158071 0.0138001 0.0119943 0.0103793 0.00894455 0.00767852 0.00656973 0.00560676 0.00477853 0.00407453 0.00348504 0.00300126 0.00261553 0.00232141 0.00211377 0.0019891 
0.00225995 0.00230136 0.0024355 0.00266514 0.00299452 0.00342945 0.00397728 0.00464672 0.00544775 0.00639141 0.00748959 0.00875482 0.0102 0.011838 0.0136816 0.015743 0.0180331 0.020562 0.0233378 0.0263668 0.0296527 0.0331967 0.036997 0.0410486 0.0453431 0.0498687 0.0546098 0.0595473 0.0646588 0.0699181 0.075296 0.0807606 0.086277 0.0918084 0.097316 0.10276 0.108099 0.113292 0.118298 0.123076 0.127588 0.131796 0.135663 0.139159 0.142251 0.144915 0.147126 0.148866 0.150119 0.150874 0.151125 0.15087 0.15011 0.148853 0.14711 0.144896 0.142231 0.139137 0.135641 0.131774 0.127568 0.123059 0.118284 0.113283 0.108096 0.102763 0.0973275 0.0918285 0.0863063 0.0807996 0.0753451 0.0699773 0.0647281 0.0596265 0.0546983 0.049966 0.0454484 0.0411609 0.0371152 0.0333197 0.0297792 0.0264955 0.0234674 0.0206912 0.0181606 0.0158676 0.0138023 0.0119536 0.0103096 0.00885766 0.00758494 0.00647869 0.00552647 0.0047165 0.00403783 0.00348056 0.00303604 0.00269699 0.00245763 0.00231396 
0.0026179 0.00266576 0.0028202 0.00308434 0.00346294 0.00396258 0.0045915 0.0053595 0.00627778 0.00735871 0.00861557 0.0100623 0.0117133 0.0135829 0.0156851 0.0180331 0.0206392 0.023514 0.0266663 0.0301023 0.033826 0.0378378 0.0421353 0.046712 0.051558 0.0566592 0.0619978 0.0675518 0.0732954 0.0791991 0.08523 0.0913518 0.0975257 0.103711 0.109863 0.115939 0.121893 0.127679 0.133252 0.138569 0.143585 0.14826 0.152555 0.156434 0.159864 0.162817 0.165268 0.167195 0.168583 0.169419 0.169696 0.169413 0.16857 0.167177 0.165244 0.162789 0.159832 0.156398 0.152517 0.148221 0.143547 0.138533 0.133219 0.12765 0.121869 0.115922 0.109855 0.103711 0.0975362 0.0913729 0.0852622 0.0792428 0.0733507 0.0676185 0.0620756 0.0567476 0.0516561 0.0468189 0.0422499 0.0379589 0.0339522 0.0302322 0.0267984 0.0236469 0.0207714 0.0181633 0.0158118 0.0137051 0.0118298 0.0101721 0.00871777 0.0074526 0.00636276 0.00543506 0.00465723 0.00401819 0.00350822 0.00311913 0.00284442 0.00267961 
0.0030185 0.00307356 0.00325054 0.00355294 0.00398612 0.00455743 0.00527611 0.00615314 0.00720099 0.00843346 0.00986533 0.0115121 0.0133896 0.0155136 0.0178996 0.020562 0.023514 0.0267671 0.0303303 0.0342103 0.0384106 0.0429311 0.0477683 0.0529143 0.0583572 0.0640808 0.0700642 0.0762824 0.0827062 0.0893022 0.0960333 0.102859 0.109736 0.116619 0.123459 0.130208 0.136815 0.143232 0.149407 0.155293 0.160843 0.166011 0.170757 0.175041 0.178827 0.182086 0.184788 0.186913 0.188442 0.189363 0.189668 0.189355 0.188425 0.186888 0.184756 0.182046 0.178782 0.17499 0.170703 0.165955 0.160785 0.155236 0.149352 0.14318 0.136769 0.130169 0.123428 0.116597 0.109725 0.102859 0.0960456 0.0893273 0.0827444 0.0763338 0.0701284 0.0641574 0.0584456 0.0530135 0.0478771 0.0430483 0.0385347 0.0343398 0.0304635 0.0269024 0.0236499 0.0206968 0.0180319 0.0156419 0.0135125 0.0116285 0.00997423 0.00853392 0.00729223 0.00623451 0.00534711 0.00461764 0.00403524 0.00359076 0.00327692 0.0030887 
0.00346421 0.00352723 0.00372908 0.00407368 0.004567 0.00521724 0.0060347 0.00703158 0.00822176 0.00962053 0.0112442 0.01311 0.0152352 0.0176373 0.0203329 0.0233378 0.0266663 0.0303303 0.0343396 0.0387006 0.0434166 0.0484868 0.0539062 0.0596655 0.0657504 0.0721421 0.0788169 0.0857461 0.0928968 0.100231 0.107709 0.115283 0.122907 0.130529 0.138098 0.145558 0.152856 0.159936 0.166745 0.17323 0.179339 0.185026 0.190244 0.194951 0.19911 0.202687 0.205653 0.207984 0.209661 0.210671 0.211004 0.210659 0.209639 0.207952 0.205611 0.202636 0.199051 0.194885 0.190172 0.18495 0.179261 0.17315 0.166666 0.15986 0.152785 0.145493 0.138041 0.130482 0.122871 0.115259 0.107698 0.100235 0.092915 0.0857791 0.0788646 0.0722043 0.0658264 0.0597543 0.0540069 0.0485979 0.0435366 0.0388279 0.0344723 0.0304668 0.0268046 0.0234764 0.0204698 0.017771 0.0153642 0.0132328 0.0113596 0.00972739 0.00831918 0.00711875 0.00611096 0.00528208 0.00462001 0.00411459 0.00375769 0.00354372 
0.0039572 0.004029 0.00425814 0.004649 0.00520819 0.00594483 0.00687033 0.00799822 0.00934382 0.010924 0.0127568 0.0148609 0.0172555 0.0199594 0.0229909 0.0263668 0.0301023 0.0342103 0.0387006 0.0435798 0.0488504 0.0545107 0.0605544 0.06697 0.0737411 0.0808457 0.0882569 0.0959423 0.103865 0.111982 0.120249 0.128615 0.137026 0.145428 0.153761 0.161968 0.169989 0.177764 0.185235 0.192345 0.199038 0.205264 0.210973 0.21612 0.220665 0.224573 0.227811 0.230356 0.232186 0.233286 0.23365 0.233273 0.232159 0.230316 0.227759 0.224509 0.220591 0.216037 0.210882 0.205167 0.198937 0.192241 0.185131 0.177662 0.169891 0.161876 0.153677 0.145352 0.136962 0.128564 0.120213 0.111961 0.10386 0.0959538 0.0882851 0.0808904 0.0738017 0.0670458 0.0606443 0.0546133 0.0489641 0.0437028 0.0388311 0.0343463 0.0302419 0.0265078 0.0231315 0.0200978 0.0173898 0.0149895 0.0128782 0.011037 0.00944724 0.00809107 0.00695182 0.00601428 0.00526511 0.00469301 0.00428899 0.00404685 
0.00449934 0.00458074 0.00483965 0.0052809 0.00591184 0.0067425 0.00778551 0.00905573 0.01057 0.012347 0.0144062 0.0167683 0.019454 0.0224838 0.0258773 0.0296527 0.033826 0.0384106 0.0434166 0.0488504 0.0547138 0.0610039 0.0677127 0.0748266 0.0823263 0.0901869 0.0983776 0.106862 0.115599 0.124541 0.133637 0.142833 0.15207 0.161286 0.170419 0.179404 0.188177 0.196674 0.204831 0.212588 0.219886 0.226668 0.232883 0.238484 0.243427 0.247674 0.251193 0.253957 0.255943 0.257138 0.257532 0.257122 0.255911 0.253909 0.251131 0.247598 0.243338 0.238383 0.232773 0.226549 0.219761 0.212459 0.204701 0.196544 0.188049 0.179281 0.170303 0.16118 0.151975 0.142752 0.133572 0.124492 0.115567 0.106849 0.0983831 0.0902111 0.0823688 0.0748866 0.0677892 0.0610955 0.0548188 0.0489671 0.043543 0.0385444 0.0339651 0.029795 0.0260206 0.0226259 0.0195929 0.0169022 0.0145333 0.0124658 0.0106792 0.00915411 0.0078721 0.00681652 0.00597264 0.00532802 0.00487275 0.00459998 
0.00509207 0.00518391 0.0054751 0.00597096 0.00667956 0.00761196 0.008782 0.010206 0.0119024 0.0138914 0.0161946 0.0188342 0.0218328 0.0252123 0.0289938 0.0331967 0.0378378 0.0429311 0.0484868 0.0545107 0.0610039 0.0679621 0.0753753 0.0832274 0.0914962 0.100153 0.109164 0.118487 0.128077 0.137882 0.147845 0.157906 0.168001 0.178064 0.188025 0.197816 0.207366 0.216608 0.225472 0.233894 0.241811 0.249164 0.255898 0.261963 0.267312 0.271906 0.275711 0.278697 0.280844 0.282135 0.28256 0.282116 0.280807 0.278642 0.275638 0.271816 0.267207 0.261844 0.255768 0.249023 0.241662 0.233739 0.225313 0.216448 0.207208 0.197661 0.187877 0.177925 0.167874 0.157793 0.147748 0.137802 0.128017 0.118447 0.109144 0.100154 0.0915175 0.0832687 0.0754356 0.0680401 0.0610979 0.0546188 0.0486069 0.043061 0.037975 0.0333388 0.0291384 0.025357 0.0219754 0.0189726 0.0163268 0.0140156 0.012017 0.0103096 0.00887353 0.00769042 0.00674417 0.00602114 0.00551044 0.00520455 
0.00573635 0.00583947 0.00616546 0.00672013 0.00751234 0.00855417 0.00986075 0.0114499 0.0133416 0.0155581 0.0181225 0.0210589 0.0243916 0.0281442 0.0323392 0.036997 0.0421353 0.0477683 0.0539062 0.0605544 0.0677127 0.0753753 0.0835299 0.0921578 0.101233 0.110724 0.120592 0.130791 0.141269 0.151971 0.162833 0.17379 0.184773 0.195708 0.206523 0.217141 0.227489 0.237493 0.24708 0.256181 0.26473 0.272663 0.279924 0.286459 0.292219 0.297165 0.301258 0.304471 0.306779 0.308166 0.308622 0.308145 0.306736 0.304407 0.301175 0.297062 0.292099 0.286322 0.279773 0.2725 0.264556 0.255999 0.246892 0.237302 0.227299 0.216953 0.206341 0.195535 0.184611 0.173643 0.162702 0.151858 0.141177 0.13072 0.120543 0.110699 0.101231 0.0921775 0.0835713 0.075437 0.0677932 0.0606516 0.054018 0.0478921 0.0422686 0.0371373 0.0324838 0.0282904 0.0245369 0.0212009 0.018259 0.015687 0.0134612 0.0115585 0.00995698 0.00863691 0.00758065 0.00677332 0.00620302 0.00586152 
0.00643257 0.00654783 0.0069111 0.00752876 0.00841043 0.00956929 0.0110218 0.0127872 0.0148874 0.0173462 0.0201886 0.0234406 0.0271282 0.0312766 0.0359096 0.0410486 0.046712 0.0529143 0.0596655 0.06697 0.0748266 0.0832274 0.0921578 0.101596 0.111513 0.121872 0.13263 0.143736 0.155134 0.166762 0.178551 0.19043 0.202323 0.214153 0.22584 0.237303 0.248464 0.259243 0.269563 0.279352 0.288539 0.297059 0.30485 0.311858 0.318033 0.32333 0.327714 0.331153 0.333623 0.335107 0.335595 0.335083 0.333575 0.331082 0.327621 0.323215 0.317897 0.311704 0.304679 0.296872 0.28834 0.279142 0.269346 0.259021 0.24824 0.237081 0.225622 0.213944 0.202125 0.190245 0.178383 0.166613 0.155007 0.143632 0.13255 0.121817 0.111483 0.101591 0.0921775 0.0832703 0.074891 0.0670539 0.0597666 0.0530302 0.0468398 0.0411855 0.0360527 0.0314231 0.0272752 0.0235855 0.0203287 0.0174793 0.0150115 0.0129004 0.0111224 0.00965609 0.00848229 0.00758485 0.00695082 0.00657126 
0.00718053 0.00730874 0.00771174 0.00839644 0.00937329 0.0106566 0.0122641 0.0142167 0.0165379 0.0192534 0.0223901 0.0259758 0.0300381 0.0346039 0.0396981 0.0453431 0.051558 0.0583572 0.0657504 0.0737411 0.0823263 0.0914962 0.101233 0.111513 0.122301 0.133558 0.145235 0.157276 0.16962 0.182198 0.194936 0.207757 0.22058 0.23332 0.245893 0.258213 0.270195 0.281756 0.292815 0.303295 0.313123 0.32223 0.330552 0.338032 0.34462 0.350269 0.354941 0.358604 0.361235 0.362816 0.363335 0.362789 0.361183 0.358526 0.354838 0.350142 0.34447 0.337861 0.330361 0.322021 0.312899 0.303058 0.292568 0.281502 0.269938 0.257956 0.245639 0.233074 0.220344 0.207535 0.194731 0.182012 0.169456 0.157137 0.145121 0.133471 0.122242 0.111481 0.101229 0.0915177 0.0823722 0.0738094 0.0658388 0.058463 0.0516783 0.0454749 0.0398382 0.0347492 0.0301856 0.0261224 0.022533 0.01939 0.0166659 0.0143339 0.0123688 0.0107472 0.00944851 0.0084553 0.00775354 0.00733353 
0.00797929 0.00812126 0.00856633 0.00932198 0.0103995 0.0118143 0.0135855 0.0157356 0.0182899 0.0212758 0.0247221 0.0286585 0.0331142 0.0381174 0.0436945 0.0498687 0.0566592 0.0640808 0.0721421 0.0808457 0.0901869 0.100153 0.110724 0.121872 0.133558 0.145738 0.158357 0.171356 0.184666 0.198213 0.211917 0.225695 0.239459 0.253119 0.266585 0.279767 0.292574 0.304918 0.316716 0.327886 0.338352 0.348042 0.356891 0.36484 0.371835 0.377831 0.382788 0.386673 0.389463 0.391138 0.391688 0.391109 0.389406 0.386589 0.382676 0.377693 0.371672 0.364653 0.356682 0.347812 0.338104 0.327624 0.316441 0.304634 0.292284 0.279475 0.266295 0.252835 0.239184 0.225433 0.211672 0.197988 0.184464 0.17118 0.158208 0.145617 0.133467 0.121811 0.110693 0.100151 0.0902119 0.0808962 0.0722156 0.0641745 0.0567702 0.0499936 0.0438301 0.0382603 0.0332609 0.0288058 0.0248669 0.0214152 0.0184212 0.0158565 0.0136938 0.0119083 0.0104778 0.00938346 0.00861012 0.00814738 
0.00882721 0.00898369 0.00947306 0.0103033 0.0114867 0.0130396 0.0149827 0.01734 0.0201386 0.0234076 0.0271779 0.0314806 0.0363468 0.041806 0.0478857 0.0546098 0.0619978 0.0700642 0.0788169 0.0882569 0.0983776 0.109164 0.120592 0.13263 0.145235 0.158357 0.171939 0.185912 0.200203 0.214731 0.229412 0.244154 0.258865 0.273449 0.287811 0.301853 0.315482 0.328606 0.341137 0.35299 0.364086 0.374351 0.383719 0.392127 0.399523 0.405858 0.411093 0.415196 0.41814 0.419907 0.420488 0.419877 0.418079 0.415105 0.410974 0.40571 0.399347 0.391925 0.383492 0.374102 0.363816 0.352703 0.340835 0.328293 0.315161 0.301527 0.287485 0.273127 0.258551 0.243853 0.229127 0.214466 0.199961 0.185696 0.171752 0.158201 0.14511 0.132537 0.120532 0.109135 0.0983795 0.0882873 0.0788733 0.0701438 0.0620976 0.0547262 0.0480152 0.041945 0.0364915 0.0316275 0.0273236 0.023549 0.0202725 0.017464 0.0150943 0.0131368 0.0115679 0.0103673 0.00951872 0.00901109 
0.00972184 0.00989355 0.0104293 0.0113376 0.0126315 0.0143288 0.0164512 0.0190246 0.0220777 0.0256415 0.0297485 0.0344317 0.0397237 0.0456554 0.0522551 0.0595473 0.0675518 0.0762824 0.0857461 0.0959423 0.106862 0.118487 0.130791 0.143736 0.157276 0.171356 0.185912 0.20087 0.216151 0.231668 0.247329 0.263038 0.278695 0.294201 0.309452 0.324349 0.338792 0.352685 0.365938 0.378462 0.390175 0.401003 0.410877 0.419733 0.427518 0.434183 0.439688 0.444 0.447094 0.448951 0.449561 0.448919 0.44703 0.443905 0.439561 0.434026 0.427331 0.419518 0.410635 0.400736 0.389885 0.378151 0.36561 0.352343 0.338439 0.32399 0.309091 0.293842 0.278343 0.262697 0.247003 0.231362 0.215868 0.200614 0.185686 0.171162 0.157116 0.14361 0.1307 0.118431 0.106839 0.0959506 0.0857836 0.0763461 0.0676386 0.0596535 0.052377 0.045789 0.0398652 0.0345772 0.0298942 0.0257839 0.0222136 0.019151 0.0165655 0.0144287 0.0127153 0.0114037 0.0104767 0.00992217 
0.0106599 0.0108475 0.0114314 0.0124209 0.0138297 0.0156767 0.0179853 0.0207827 0.0240993 0.027968 0.0324231 0.0374992 0.0432302 0.0496485 0.056783 0.0646588 0.0732954 0.0827062 0.0928968 0.103865 0.115599 0.128077 0.141269 0.155134 0.16962 0.184666 0.200203 0.216151 0.232424 0.248929 0.265569 0.28224 0.298837 0.315255 0.331385 0.347123 0.362366 0.377014 0.390972 0.40415 0.416464 0.427838 0.4382 0.447489 0.455649 0.462631 0.468395 0.472909 0.476147 0.47809 0.478727 0.478056 0.47608 0.47281 0.468263 0.462467 0.455453 0.447263 0.437945 0.427555 0.416156 0.403818 0.39062 0.376646 0.361985 0.346733 0.33099 0.31486 0.298447 0.281859 0.265203 0.248582 0.2321 0.215854 0.199937 0.184434 0.169423 0.154973 0.141146 0.127991 0.115549 0.103849 0.0929134 0.0827522 0.0733675 0.0647531 0.0568957 0.0497754 0.0433672 0.037642 0.0325678 0.0281107 0.0242364 0.0209109 0.0181018 0.0157791 0.0139158 0.012489 0.0114804 0.0108773 
0.0116374 0.0118414 0.0124752 0.0135484 0.0150758 0.0170774 0.0195778 0.022606 0.0261939 0.0303762 0.0351888 0.040668 0.0468491 0.0537653 0.0614466 0.0699181 0.0791991 0.0893022 0.100231 0.111982 0.124541 0.137882 0.151971 0.166762 0.182198 0.198213 0.214731 0.231668 0.248929 0.266417 0.284026 0.301649 0.319173 0.336487 0.35348 0.370041 0.386064 0.401445 0.416087 0.429897 0.44279 0.454689 0.465521 0.475224 0.483742 0.491026 0.497038 0.501743 0.505117 0.507141 0.507806 0.507107 0.505048 0.501641 0.496901 0.490857 0.483539 0.474989 0.465255 0.454393 0.442467 0.429548 0.415714 0.401053 0.385656 0.369622 0.353053 0.336058 0.318746 0.30123 0.283621 0.266029 0.248565 0.23133 0.214425 0.197941 0.181962 0.166565 0.151814 0.137764 0.124462 0.111941 0.100226 0.0893288 0.0792549 0.0699991 0.0615488 0.0538843 0.0469804 0.0408071 0.0353315 0.0305182 0.0263314 0.0227354 0.0196961 0.0171817 0.0151638 0.0136183 0.0125256 0.0118723 
0.0126494 0.0128703 0.0135552 0.0147145 0.0163636 0.0185236 0.0212206 0.0244849 0.0283504 0.0328531 0.0380308 0.043921 0.0505605 0.0579834 0.0662202 0.075296 0.08523 0.0960333 0.107709 0.120249 0.133637 0.147845 0.162833 0.178551 0.194936 0.211917 0.229412 0.247329 0.265569 0.284026 0.302591 0.321147 0.339579 0.35777 0.375602 0.392962 0.40974 0.425828 0.441128 0.455545 0.468992 0.481391 0.49267 0.502766 0.511622 0.519192 0.525436 0.530321 0.533824 0.535925 0.536615 0.53589 0.533754 0.530217 0.525297 0.519019 0.511415 0.502524 0.492396 0.481085 0.468656 0.455181 0.440738 0.425416 0.409308 0.392516 0.375146 0.357308 0.339118 0.320692 0.302147 0.283599 0.265164 0.24695 0.229065 0.211605 0.194662 0.178317 0.162641 0.147695 0.133529 0.120181 0.107679 0.0960391 0.085268 0.0753624 0.0663105 0.0580932 0.050685 0.0440554 0.0381705 0.0329937 0.0284876 0.024615 0.02134 0.0186293 0.0164531 0.0147859 0.013607 0.0129022 
0.0136902 0.0139284 0.0146655 0.0159125 0.0176856 0.020007 0.0229041 0.0264087 0.0305563 0.0353844 0.0409324 0.0472392 0.0543427 0.0622778 0.0710754 0.0807606 0.0913518 0.102859 0.115283 0.128615 0.142833 0.157906 0.17379 0.19043 0.207757 0.225695 0.244154 0.263038 0.28224 0.301649 0.321147 0.340615 0.35993 0.37897 0.397615 0.415745 0.433247 0.450014 0.465941 0.480935 0.494908 0.50778 0.519479 0.529943 0.539117 0.546954 0.553415 0.558469 0.56209 0.564263 0.564977 0.564228 0.562021 0.558364 0.553276 0.54678 0.538907 0.529698 0.5192 0.507466 0.494562 0.480559 0.465536 0.449583 0.432795 0.415275 0.397131 0.378479 0.359437 0.340125 0.320666 0.301183 0.281795 0.262619 0.243767 0.225343 0.207445 0.190159 0.173563 0.157723 0.142694 0.128519 0.115229 0.102843 0.091371 0.080811 0.0711526 0.0623771 0.0544592 0.0473679 0.0410683 0.0355227 0.0306925 0.0265388 0.0230241 0.0201138 0.0177764 0.0159851 0.0147184 0.0139612 
0.0147533 0.0150091 0.0157991 0.0171349 0.0190335 0.0215183 0.0246178 0.0283653 0.0327976 0.0379541 0.0438753 0.0506015 0.0581716 0.0666212 0.0759813 0.086277 0.0975257 0.109736 0.122907 0.137026 0.15207 0.168001 0.184773 0.202323 0.22058 0.239459 0.258865 0.278695 0.298837 0.319173 0.339579 0.35993 0.380098 0.399957 0.41938 0.438247 0.456441 0.473851 0.490373 0.505911 0.520378 0.533692 0.545784 0.556592 0.56606 0.574144 0.580806 0.586014 0.589745 0.591984 0.59272 0.59195 0.589677 0.58591 0.580667 0.57397 0.56585 0.556346 0.545502 0.533375 0.520025 0.505526 0.489957 0.473406 0.455971 0.437756 0.418873 0.399439 0.379575 0.359408 0.339064 0.318671 0.298355 0.278238 0.258439 0.239068 0.220229 0.202015 0.184509 0.167784 0.151899 0.136901 0.122826 0.109697 0.097525 0.0863105 0.0760445 0.0667091 0.0582792 0.0507235 0.0440065 0.0380894 0.0329322 0.0284947 0.024738 0.0216258 0.0191253 0.0172086 0.0158529 0.0150427 
0.0158316 0.016105 0.0169483 0.0183735 0.0203984 0.0230473 0.0263501 0.0303414 0.0350594 0.0405448 0.0468396 0.0539853 0.0620215 0.0709844 0.0809052 0.0918084 0.103711 0.116619 0.130529 0.145428 0.161286 0.178064 0.195708 0.214153 0.23332 0.253119 0.273449 0.294201 0.315255 0.336487 0.35777 0.37897 0.399957 0.420597 0.440763 0.46033 0.479177 0.497194 0.514274 0.530322 0.545248 0.558973 0.571429 0.582552 0.592291 0.600601 0.607445 0.612795 0.616626 0.618925 0.619681 0.618891 0.616559 0.612693 0.607309 0.600429 0.592083 0.582308 0.571147 0.558655 0.544893 0.529931 0.51385 0.496738 0.478694 0.459822 0.440236 0.420056 0.399407 0.378418 0.357222 0.335951 0.314736 0.293706 0.272985 0.25269 0.232931 0.213807 0.195409 0.177813 0.161084 0.145274 0.130422 0.116556 0.103689 0.0918241 0.0809534 0.0710601 0.0621194 0.0540999 0.0469654 0.0406764 0.0351916 0.0304696 0.02647 0.023155 0.0204908 0.0184479 0.0170029 0.0161394 
0.0169171 0.0172083 0.0181048 0.0196193 0.0217703 0.024583 0.0280886 0.0323228 0.0373252 0.043138 0.0498043 0.0573665 0.0658651 0.0753366 0.0858123 0.097316 0.109863 0.123459 0.138098 0.153761 0.170419 0.188025 0.206523 0.22584 0.245893 0.266585 0.287811 0.309452 0.331385 0.35348 0.375602 0.397615 0.41938 0.440763 0.461631 0.481857 0.501318 0.519902 0.537502 0.554021 0.569372 0.583475 0.596263 0.607675 0.617659 0.626174 0.633183 0.638659 0.642581 0.644934 0.645708 0.644901 0.642516 0.638561 0.633051 0.626006 0.617456 0.607434 0.595984 0.583159 0.569017 0.553629 0.537073 0.519439 0.500824 0.481335 0.461087 0.440201 0.418806 0.397036 0.375025 0.352911 0.330832 0.308921 0.287309 0.266119 0.245467 0.225458 0.206188 0.18774 0.170185 0.153578 0.137964 0.123372 0.10982 0.0973133 0.0858449 0.0753995 0.0659526 0.0574729 0.0499239 0.0432652 0.0374546 0.0324492 0.0282076 0.0246906 0.0218629 0.0196943 0.0181601 0.0172433 
0.0180016 0.0183103 0.0192597 0.0208627 0.0231387 0.0261137 0.0298199 0.0342944 0.0395781 0.0457143 0.0527471 0.06072 0.069674 0.0796459 0.0906668 0.10276 0.115939 0.130208 0.145558 0.161968 0.179404 0.197816 0.217141 0.237303 0.258213 0.279767 0.301853 0.324349 0.347123 0.370041 0.392962 0.415745 0.438247 0.46033 0.481857 0.502699 0.522732 0.541841 0.559921 0.576873 0.592612 0.607059 0.620148 0.63182 0.642025 0.650722 0.657879 0.663468 0.66747 0.66987 0.670661 0.669839 0.667408 0.663374 0.657752 0.650561 0.641828 0.631586 0.619876 0.606748 0.59226 0.576482 0.559491 0.541375 0.522231 0.502167 0.481299 0.45975 0.437653 0.415142 0.392358 0.369443 0.346539 0.323785 0.301317 0.279265 0.257751 0.236886 0.216773 0.197498 0.179139 0.161756 0.145398 0.130097 0.115875 0.102738 0.0906834 0.0796954 0.0697505 0.0608178 0.0528601 0.0458366 0.0397041 0.0344188 0.0299377 0.0262207 0.0232313 0.020938 0.0193154 0.0183459 
0.0190761 0.0194022 0.0204036 0.0220937 0.0244924 0.0276269 0.0315303 0.0362408 0.0418003 0.0482534 0.0556452 0.0640198 0.0734189 0.0838794 0.0954318 0.108099 0.121893 0.136815 0.152856 0.169989 0.188177 0.207366 0.227489 0.248464 0.270195 0.292574 0.315482 0.338792 0.362366 0.386064 0.40974 0.433247 0.456441 0.479177 0.501318 0.522732 0.543293 0.562886 0.581404 0.598751 0.614841 0.629598 0.642957 0.65486 0.665261 0.67412 0.681406 0.687094 0.691166 0.693609 0.694414 0.69358 0.691108 0.687006 0.681286 0.673967 0.665072 0.654635 0.642693 0.629294 0.614496 0.598364 0.580976 0.562418 0.542788 0.522193 0.50075 0.478584 0.455829 0.432624 0.409112 0.385439 0.361752 0.338197 0.314914 0.292038 0.269699 0.248013 0.227087 0.207017 0.187882 0.169748 0.152669 0.136681 0.121807 0.108058 0.0954322 0.0839151 0.0734842 0.0641085 0.0557511 0.0483704 0.0419225 0.0363625 0.0316466 0.0277332 0.0245848 0.022169 0.0204596 0.0194383 
0.0201315 0.0204746 0.0215267 0.0233017 0.0258202 0.0291101 0.0332055 0.0381456 0.0439735 0.0507347 0.058475 0.0672396 0.0770701 0.0880037 0.10007 0.113292 0.127679 0.143232 0.159936 0.177764 0.196674 0.216608 0.237493 0.259243 0.281756 0.304918 0.328606 0.352685 0.377014 0.401445 0.425828 0.450014 0.473851 0.497194 0.519902 0.541841 0.562886 0.582919 0.601835 0.619538 0.635943 0.650976 0.664574 0.676682 0.687254 0.696254 0.703653 0.709427 0.713559 0.716038 0.716856 0.716011 0.713505 0.709344 0.703541 0.69611 0.687076 0.676467 0.66432 0.650682 0.635606 0.619158 0.601412 0.582454 0.562381 0.541299 0.519327 0.49659 0.473225 0.449373 0.42518 0.400796 0.376374 0.352062 0.328008 0.304352 0.281228 0.25876 0.237059 0.216227 0.196349 0.177495 0.159723 0.143073 0.127572 0.113233 0.100054 0.0880255 0.0771238 0.0673189 0.0585736 0.050846 0.0440916 0.0382645 0.0333199 0.0292153 0.0259121 0.0233769 0.0215828 0.020511 
0.0211584 0.0215178 0.022619 0.0244761 0.0271103 0.0305503 0.0348311 0.0399927 0.0460793 0.0531372 0.0612132 0.0703526 0.0805978 0.0919854 0.104545 0.118298 0.133252 0.149407 0.166745 0.185235 0.204831 0.225472 0.24708 0.269563 0.292815 0.316716 0.341137 0.365938 0.390972 0.416087 0.441128 0.465941 0.490373 0.514274 0.537502 0.559921 0.581404 0.601835 0.621108 0.639129 0.655814 0.67109 0.684898 0.697183 0.707904 0.717025 0.72452 0.730367 0.73455 0.73706 0.737889 0.737036 0.734501 0.730292 0.724417 0.716891 0.707737 0.69698 0.684656 0.670808 0.655488 0.638758 0.620693 0.601375 0.580901 0.559378 0.536922 0.513663 0.489736 0.465286 0.440461 0.415417 0.390308 0.365289 0.340511 0.31612 0.292257 0.26905 0.246617 0.225062 0.204478 0.184939 0.166507 0.149225 0.133125 0.11822 0.104513 0.0919935 0.0806399 0.0704225 0.0613041 0.0532427 0.046193 0.0401085 0.0349433 0.0306542 0.0272015 0.0245511 0.0226752 0.0215546 
0.0221473 0.0225224 0.0236705 0.0256061 0.0283511 0.0319346 0.0363924 0.0417657 0.0480992 0.0554402 0.0638361 0.0733327 0.0839723 0.0957917 0.10882 0.123076 0.138569 0.155293 0.17323 0.192345 0.212588 0.233894 0.256181 0.279352 0.303295 0.327886 0.35299 0.378462 0.40415 0.429897 0.455545 0.480935 0.505911 0.530322 0.554021 0.576873 0.598751 0.619538 0.639129 0.65743 0.674361 0.68985 0.703838 0.716276 0.727124 0.736348 0.743924 0.749832 0.754058 0.756594 0.757433 0.756572 0.754015 0.749764 0.74383 0.736225 0.726969 0.716087 0.703611 0.689581 0.674048 0.657071 0.638723 0.619085 0.598253 0.576332 0.55344 0.529705 0.505266 0.480268 0.454863 0.429209 0.403465 0.377789 0.352338 0.327264 0.30271 0.27881 0.255689 0.233457 0.212208 0.192023 0.172968 0.155089 0.138421 0.122981 0.108772 0.0957863 0.0840031 0.0733931 0.0639195 0.0555398 0.0482084 0.0418782 0.0365024 0.032037 0.0284414 0.0256808 0.0237267 0.0225594 
0.0230886 0.0234787 0.0246712 0.0266812 0.0295308 0.03325 0.0378753 0.0434485 0.0500152 0.0576233 0.0663208 0.0761539 0.087165 0.0993905 0.112859 0.127588 0.143585 0.160843 0.179339 0.199038 0.219886 0.241811 0.26473 0.288539 0.313123 0.338352 0.364086 0.390175 0.416464 0.44279 0.468992 0.494908 0.520378 0.545248 0.569372 0.592612 0.614841 0.635943 0.655814 0.674361 0.691505 0.707177 0.72132 0.733888 0.744841 0.754151 0.761794 0.767753 0.772015 0.774571 0.775418 0.774553 0.771976 0.767693 0.76171 0.75404 0.7447 0.733712 0.721107 0.706922 0.691205 0.674015 0.655419 0.6355 0.61435 0.592074 0.568791 0.544629 0.519726 0.494231 0.468298 0.442088 0.415761 0.389482 0.363412 0.337705 0.312512 0.287972 0.264212 0.241348 0.21948 0.198693 0.179055 0.160618 0.143418 0.127475 0.112796 0.099372 0.0871847 0.0762052 0.0663967 0.057717 0.0501199 0.0435576 0.0379829 0.0333508 0.0296202 0.0267553 0.0247273 0.0235159 
