2.17686e-06 2.26118e-06 2.62682e-06 3.30846e-06 4.36666e-06 5.89164e-06 8.00726e-06 1.0876e-05 1.4705e-05 1.97526e-05 2.63358e-05 3.48375e-05 4.5714e-05 5.95015e-05 7.68215e-05 9.83847e-05 0.000124992 0.000157532 0.000196976 0.000244367 0.000300803 0.000367418 0.000445355 0.000535732 0.000639607 0.000757938 0.000891533 0.00104101 0.00120674 0.00138882 0.00158702 0.00180074 0.002029 0.00227042 0.00252321 0.00278517 0.00305372 0.00332594 0.00359862 0.0038683 0.00413134 0.00438405 0.00462268 0.00484361 0.00504336 0.00521872 0.00536682 0.00548518 0.00557181 0.00562525 0.00564458 0.00562948 0.00558022 0.00549765 0.00538321 0.00523883 0.00506693 0.00487036 0.00465229 0.00441617 0.0041656 0.00390429 0.00363596 0.00336421 0.00309251 0.0028241 0.0025619 0.00230851 0.00206616 0.00183667 0.00162146 0.00142155 0.00123759 0.00106983 0.000918243 0.000782482 0.000661972 0.000555939 0.000463459 0.000383502 0.000314971 0.000256741 0.000207691 0.00016673 0.00013282 0.000104988 8.23438e-05 6.40787e-05 4.9474e-05 3.78983e-05 2.88042e-05 2.1724e-05 1.62631e-05 1.20932e-05 8.94477e-06 6.60043e-06 4.88793e-06 3.67438e-06 2.86112e-06 2.38052e-06 
2.26118e-06 2.34942e-06 2.73079e-06 3.44152e-06 4.54493e-06 6.13528e-06 8.342e-06 1.13349e-05 1.53303e-05 2.05983e-05 2.747e-05 3.63456e-05 4.77015e-05 6.20979e-05 8.01839e-05 0.000102701 0.000130486 0.000164466 0.000205653 0.000255135 0.000314056 0.000383598 0.000464949 0.000559272 0.000667667 0.000791126 0.000930486 0.00108638 0.0012592 0.00144903 0.00165563 0.00187835 0.00211618 0.00236767 0.00263094 0.0029037 0.00318328 0.00346662 0.00375039 0.00403097 0.00430461 0.00456745 0.00481561 0.00504532 0.00525298 0.00543526 0.00558918 0.00571217 0.00580218 0.00585767 0.00587771 0.00586196 0.00581071 0.00572485 0.00560583 0.00545569 0.00527694 0.00507252 0.00484573 0.00460013 0.00433948 0.00406763 0.00378843 0.00350563 0.00322285 0.00294343 0.00267044 0.00240657 0.00215416 0.0019151 0.00169087 0.00148255 0.00129081 0.00111594 0.000957889 0.000816321 0.000690639 0.00058004 0.000483567 0.000400147 0.000328642 0.00026788 0.000216694 0.000173948 0.00013856 0.000109515 8.58839e-05 6.6824e-05 5.1585e-05 3.95077e-05 3.00208e-05 2.26359e-05 1.6941e-05 1.25933e-05 9.31138e-06 6.86822e-06 5.08399e-06 3.81994e-06 2.97309e-06 2.47284e-06 
2.62682e-06 2.73079e-06 3.17456e-06 4.00006e-06 5.28042e-06 7.12439e-06 9.68114e-06 1.31461e-05 1.77682e-05 2.38574e-05 3.17935e-05 4.20347e-05 5.5126e-05 7.17067e-05 9.25167e-05 0.0001184 0.000150306 0.000189285 0.000236483 0.000293126 0.000360503 0.000439939 0.000532764 0.000640275 0.000763692 0.000904108 0.00106244 0.00123938 0.00143531 0.00165031 0.00188406 0.00213581 0.00240437 0.0026881 0.00298484 0.00329202 0.0036066 0.00392517 0.00424396 0.00455896 0.00486595 0.00516062 0.00543868 0.00569593 0.00592836 0.00613228 0.00630439 0.00644185 0.00654237 0.00660428 0.00662653 0.00660877 0.00655129 0.00645509 0.0063218 0.00615366 0.00595344 0.00572443 0.00547027 0.00519494 0.0049026 0.00459755 0.00428406 0.00396636 0.00364845 0.00333411 0.00302677 0.00272947 0.00244484 0.00217504 0.00192177 0.00168625 0.00146928 0.0012712 0.00109202 0.00093136 0.000788593 0.000662838 0.000553035 0.000457997 0.000376452 0.000307093 0.000248608 0.00019972 0.000159209 0.000125929 9.88274e-05 7.69493e-05 5.9442e-05 4.55554e-05 3.46385e-05 2.61339e-05 1.95708e-05 1.45566e-05 1.07693e-05 7.94822e-06 5.88704e-06 4.42634e-06 3.44774e-06 2.87006e-06 
3.30846e-06 3.44152e-06 4.00006e-06 5.03626e-06 6.64091e-06 8.94885e-06 1.21446e-05 1.64697e-05 2.22308e-05 2.98093e-05 3.96717e-05 5.23788e-05 6.85968e-05 8.91047e-05 0.000114802 0.000146711 0.00018598 0.000233874 0.00029177 0.000361135 0.000443504 0.000540452 0.000653549 0.000784319 0.000934186 0.00110441 0.00129605 0.00150985 0.00174623 0.00200521 0.00228634 0.00258867 0.00291073 0.00325048 0.00360535 0.00397221 0.00434745 0.00472699 0.00510636 0.00548082 0.00584538 0.006195 0.00652461 0.0068293 0.00710439 0.00734556 0.00754897 0.0077113 0.00782992 0.00790285 0.0079289 0.00790764 0.00783944 0.00772545 0.00756758 0.00736843 0.00713126 0.00685988 0.00655855 0.00623194 0.00588492 0.00552253 0.00514981 0.00477172 0.00439302 0.00401817 0.00365126 0.00329593 0.00295531 0.00263203 0.00232815 0.00204519 0.00178414 0.00154549 0.00132928 0.00113514 0.00096236 0.000809934 0.00067664 0.000561091 0.000461795 0.000377205 0.000305767 0.00024596 0.000196323 0.000155486 0.00012218 9.52524e-05 7.3673e-05 5.65317e-05 4.3037e-05 3.25096e-05 2.43745e-05 1.81514e-05 1.3445e-05 9.93554e-06 7.36889e-06 5.54868e-06 4.32891e-06 3.60943e-06 
4.36666e-06 4.54493e-06 5.28042e-06 6.64091e-06 8.74406e-06 1.17642e-05 1.59395e-05 2.1581e-05 2.90827e-05 3.89338e-05 5.17302e-05 6.81876e-05 8.91527e-05 0.000115613 0.000148706 0.00018972 0.000240096 0.000301417 0.000375398 0.00046386 0.000568701 0.000691856 0.000835245 0.00100072 0.00118999 0.00140456 0.00164566 0.00191414 0.00221044 0.00253448 0.00288561 0.00326257 0.00366346 0.00408568 0.004526 0.00498051 0.00544473 0.00591362 0.00638169 0.00684313 0.00729186 0.00772171 0.00812657 0.00850046 0.00883773 0.00913318 0.00938216 0.00958072 0.00972565 0.0098146 0.00984615 0.00981978 0.00973595 0.00959604 0.00940235 0.00915801 0.00886695 0.00853377 0.00816362 0.00776213 0.00733522 0.00688901 0.00642962 0.00596312 0.00549533 0.00503172 0.00457734 0.00413669 0.0037137 0.00331163 0.00293311 0.00258008 0.00225386 0.00195514 0.00168404 0.0014402 0.0012228 0.00103067 0.000862357 0.000716189 0.000590352 0.000482958 0.000392098 0.000315892 0.000252532 0.000200311 0.000157643 0.000123087 9.53459e-05 7.32718e-05 5.58641e-05 4.22616e-05 3.1733e-05 2.36662e-05 1.75566e-05 1.29943e-05 9.65374e-06 7.28251e-06 5.69286e-06 4.75588e-06 
5.89164e-06 6.13528e-06 7.12439e-06 8.94885e-06 1.17642e-05 1.58006e-05 2.13716e-05 2.88859e-05 3.88603e-05 5.19343e-05 6.88854e-05 9.06445e-05 0.00011831 0.000153158 0.000196654 0.000250454 0.000316401 0.000396514 0.00049297 0.000608073 0.000744209 0.000903799 0.00108923 0.00130279 0.00154658 0.0018224 0.00213172 0.00247549 0.00285416 0.0032675 0.00371457 0.00419368 0.0047023 0.00523709 0.00579389 0.00636773 0.00695294 0.00754318 0.0081316 0.00871092 0.0092736 0.00981201 0.0103186 0.0107859 0.0112071 0.0115758 0.0118862 0.0121336 0.0123139 0.0124245 0.0124634 0.0124301 0.0123252 0.0121503 0.0119082 0.0116029 0.0112391 0.0108224 0.0103593 0.00985655 0.00932154 0.00876179 0.00818494 0.00759847 0.00700967 0.00642538 0.00585193 0.00529501 0.0047596 0.00424988 0.00376924 0.00332022 0.00290459 0.00252333 0.00217671 0.00186437 0.0015854 0.0013384 0.00112161 0.000932983 0.00077029 0.000631179 0.000513262 0.000414176 0.000331638 0.000263481 0.000207692 0.000162424 0.000126017 9.69948e-05 7.40673e-05 5.61201e-05 4.22049e-05 3.15259e-05 2.34249e-05 1.73668e-05 1.29253e-05 9.76949e-06 7.65286e-06 6.40608e-06 
8.00726e-06 8.342e-06 9.68114e-06 1.21446e-05 1.59395e-05 2.13716e-05 2.88567e-05 3.89355e-05 5.22902e-05 6.97629e-05 9.23746e-05 0.000121344 0.000158106 0.000204322 0.000261893 0.00033296 0.000419896 0.000525295 0.000651937 0.000802753 0.000980767 0.00118903 0.00143052 0.00170808 0.00202428 0.00238133 0.00278094 0.00322421 0.00371153 0.00424247 0.00481568 0.00542885 0.00607865 0.00676073 0.00746969 0.0081992 0.00894203 0.00969017 0.010435 0.0111673 0.0118777 0.0125567 0.0131949 0.013783 0.0143127 0.0147758 0.0151655 0.0154758 0.0157018 0.0158401 0.0158885 0.0158462 0.015714 0.0154939 0.0151895 0.0148054 0.0143476 0.013823 0.0132396 0.0126057 0.0119307 0.0112237 0.0104943 0.00975199 0.00900574 0.00826423 0.00753546 0.00682668 0.00614421 0.00549347 0.00487884 0.0043037 0.00377039 0.00328032 0.00283398 0.00243105 0.00207049 0.00175066 0.00146942 0.00122426 0.00101241 0.000830909 0.000676773 0.000547006 0.000438706 0.000349108 0.000275631 0.000215901 0.000167774 0.00012934 9.89229e-05 7.5071e-05 5.65459e-05 4.23054e-05 3.14856e-05 2.33824e-05 1.74339e-05 1.3203e-05 1.03639e-05 8.69253e-06 
1.0876e-05 1.13349e-05 1.31461e-05 1.64697e-05 2.1581e-05 2.88859e-05 3.89355e-05 5.24446e-05 7.03131e-05 9.3649e-05 0.000123793 0.000162339 0.000211159 0.000272416 0.000348573 0.000442397 0.000556944 0.000695538 0.000861733 0.00105925 0.00129192 0.00156357 0.00187793 0.00223852 0.00264849 0.00311049 0.00362655 0.00419789 0.0048248 0.00550654 0.0062412 0.00702566 0.00785552 0.00872511 0.00962749 0.0105546 0.0114971 0.012445 0.0133874 0.0143127 0.0152093 0.0160653 0.0168689 0.0176088 0.0182745 0.0188562 0.0193452 0.0197343 0.0200174 0.0201904 0.0202505 0.0201969 0.0200305 0.0197538 0.019371 0.0188881 0.0183123 0.0176522 0.0169175 0.0161188 0.0152674 0.0143749 0.013453 0.0125137 0.0115682 0.0106275 0.0097017 0.00879991 0.00793027 0.00709973 0.00631399 0.00557748 0.00489336 0.0042636 0.003689 0.00316933 0.00270345 0.00228942 0.00192467 0.0016061 0.00133029 0.00109356 0.000892133 0.000722233 0.000580171 0.000462422 0.000365679 0.000286891 0.000223293 0.000172412 0.000132072 0.000100384 7.57312e-05 5.67486e-05 4.23032e-05 3.1469e-05 2.35053e-05 1.78355e-05 1.40288e-05 1.17889e-05 
1.4705e-05 1.53303e-05 1.77682e-05 2.22308e-05 2.90827e-05 3.88603e-05 5.22902e-05 7.03131e-05 9.41105e-05 0.000125134 0.000165133 0.000216187 0.000280725 0.000361548 0.000461834 0.000585142 0.000735386 0.00091681 0.00113393 0.00139145 0.00169419 0.00204693 0.00245432 0.00292067 0.00344983 0.00404498 0.00470845 0.00544156 0.00624444 0.00711588 0.00805323 0.00905232 0.0101074 0.011211 0.0123544 0.0135271 0.0147177 0.0159132 0.0171001 0.018264 0.0193904 0.0204644 0.0214717 0.0223983 0.0232312 0.0239584 0.0245692 0.0250548 0.0254079 0.0256233 0.0256978 0.0256302 0.0254217 0.0250754 0.0245966 0.0239923 0.0232715 0.0224448 0.021524 0.0205222 0.0194532 0.0183316 0.0171719 0.0159887 0.0147963 0.0136082 0.0124373 0.0112951 0.0101919 0.00913654 0.00813649 0.00719749 0.00632376 0.00551802 0.00478151 0.0041142 0.00351485 0.0029812 0.00251018 0.00209803 0.00174051 0.00143306 0.00117098 0.00094949 0.000763947 0.000609872 0.000483047 0.000379572 0.000295893 0.000228827 0.000175561 0.000133647 0.000100982 7.57894e-05 5.6588e-05 4.21659e-05 3.15513e-05 2.39865e-05 1.89049e-05 1.59161e-05 
1.97526e-05 2.05983e-05 2.38574e-05 2.98093e-05 3.89338e-05 5.19343e-05 6.97629e-05 9.3649e-05 0.000125134 0.000166105 0.000218833 0.000286008 0.000370764 0.000476701 0.000607894 0.000768885 0.000964657 0.00120059 0.00148236 0.00181591 0.00220722 0.00266225 0.00318671 0.00378587 0.00446435 0.00522592 0.00607324 0.00700766 0.00802901 0.00913549 0.0103234 0.0115873 0.0129195 0.0143107 0.0157496 0.0172231 0.0187165 0.020214 0.0216985 0.0231525 0.0245577 0.0258961 0.0271499 0.0283022 0.029337 0.0302396 0.0309973 0.0315992 0.0320365 0.0323029 0.0323946 0.0323101 0.0320508 0.0316206 0.0310257 0.0302749 0.029379 0.0283508 0.0272049 0.0259572 0.0246245 0.0232247 0.0217757 0.0202956 0.018802 0.0173119 0.015841 0.014404 0.0130139 0.0116819 0.0104176 0.00922838 0.00811987 0.00709576 0.00615794 0.00530664 0.0045406 0.00385726 0.00325295 0.00272316 0.00226272 0.00186602 0.00152719 0.00124032 0.000999539 0.000799222 0.000634028 0.000498999 0.000389604 0.00030177 0.000231886 0.000176798 0.000133795 0.000100574 7.5214e-05 5.61385e-05 4.20811e-05 3.20526e-05 2.53122e-05 2.13494e-05 
2.63358e-05 2.747e-05 3.17935e-05 3.96717e-05 5.17302e-05 6.88854e-05 9.23746e-05 0.000123793 0.000165133 0.000218833 0.000287817 0.000375536 0.000486001 0.000623805 0.000794129 0.00100273 0.00125588 0.00156036 0.00192327 0.00235198 0.00285391 0.00343639 0.00410637 0.00487022 0.00573345 0.00670043 0.00777412 0.00895582 0.010245 0.0116388 0.0131324 0.0147186 0.0163875 0.0181272 0.0199234 0.0217597 0.023618 0.0254785 0.0273203 0.0291216 0.0308604 0.0325145 0.0340624 0.0354834 0.0367584 0.0378696 0.0388017 0.0395416 0.0400787 0.0404055 0.0405173 0.0404127 0.040093 0.039563 0.0388303 0.0379053 0.0368011 0.035533 0.0341188 0.0325775 0.0309298 0.0291971 0.0274015 0.0255651 0.0237094 0.0218553 0.0200224 0.018229 0.0164912 0.0148234 0.0132375 0.0117432 0.0103477 0.00905616 0.0078712 0.00679353 0.00582194 0.00495357 0.00418416 0.00350832 0.00291981 0.00241178 0.00197704 0.00160825 0.00129813 0.00103964 0.000826068 0.000651172 0.00050922 0.000395038 0.000304029 0.000232164 0.000175968 0.000132484 9.92373e-05 7.41931e-05 5.57134e-05 4.25167e-05 3.36419e-05 2.84262e-05 
3.48375e-05 3.63456e-05 4.20347e-05 5.23788e-05 6.81876e-05 9.06445e-05 0.000121344 0.000162339 0.000216187 0.000286008 0.000375536 0.000489163 0.00063198 0.000809797 0.00102914 0.00129725 0.00162197 0.00201171 0.00247532 0.00302186 0.00366044 0.00439996 0.00524881 0.00621459 0.00730378 0.00852136 0.00987057 0.0113525 0.0129659 0.014707 0.016569 0.0185426 0.0206154 0.0227722 0.0249951 0.0272638 0.0295559 0.0318472 0.034112 0.036324 0.0384563 0.0404824 0.0423762 0.0441131 0.0456698 0.0470256 0.0481619 0.0490631 0.0497169 0.0501142 0.0502496 0.0501211 0.0497307 0.0490839 0.0481896 0.0470604 0.0457117 0.0441619 0.0424322 0.0405454 0.0385263 0.0364007 0.0341953 0.0319366 0.0296512 0.0273643 0.0251002 0.0228812 0.0207275 0.0186568 0.0166844 0.0148224 0.0130805 0.0114652 0.00998042 0.00862744 0.00740528 0.00631081 0.00533916 0.004484 0.00373788 0.00309254 0.00253921 0.0020689 0.00167266 0.00134175 0.00106783 0.000843095 0.000660351 0.00051309 0.000395504 0.00030249 0.000229631 0.000173159 0.000129915 9.72915e-05 7.31885e-05 5.59585e-05 4.43646e-05 3.75532e-05 
4.5714e-05 4.77015e-05 5.5126e-05 6.85968e-05 8.91527e-05 0.00011831 0.000158106 0.000211159 0.000280725 0.000370764 0.000486001 0.00063198 0.000815106 0.00104266 0.00132281 0.00166454 0.00207759 0.00257236 0.00315966 0.00385059 0.00465619 0.00558718 0.00665356 0.00786431 0.00922688 0.0107469 0.0124277 0.0142701 0.0162719 0.0184276 0.0207286 0.0231627 0.0257143 0.0283643 0.0310906 0.0338683 0.03667 0.0394661 0.0422257 0.044917 0.047508 0.0499666 0.0522622 0.0543652 0.0562484 0.0578869 0.0592592 0.0603467 0.0611351 0.0616136 0.061776 0.0616199 0.0611477 0.0603657 0.0592847 0.0579191 0.0562874 0.0544112 0.0523153 0.0500271 0.0475758 0.0449922 0.0423082 0.0395557 0.0367665 0.0339714 0.0311995 0.0284784 0.0258328 0.0232847 0.020853 0.0185533 0.0163977 0.0143949 0.0125503 0.0108661 0.00934181 0.00797401 0.00675728 0.00568427 0.00474621 0.00393323 0.00323478 0.00263997 0.00213785 0.0017177 0.00136924 0.00108281 0.000849463 0.000661079 0.000510383 0.000390967 0.000297264 0.000224516 0.000168719 0.000126565 9.53793e-05 7.30635e-05 5.80386e-05 4.92142e-05 
5.95015e-05 6.20979e-05 7.17067e-05 8.91047e-05 0.000115613 0.000153158 0.000204322 0.000272416 0.000361548 0.000476701 0.000623805 0.000809797 0.00104266 0.00133146 0.00168628 0.00211822 0.00263925 0.00326205 0.0039998 0.00486589 0.00587359 0.00703566 0.00836389 0.00986871 0.0115586 0.0134398 0.0155156 0.0177861 0.0202478 0.0228935 0.0257117 0.0286869 0.0317996 0.0350262 0.0383396 0.0417094 0.0451024 0.048483 0.0518143 0.0550583 0.0581769 0.0611325 0.0638886 0.0664108 0.0686671 0.0706286 0.0722699 0.0735698 0.0745113 0.0750823 0.0752751 0.0750875 0.0745219 0.0735858 0.0722916 0.0706562 0.068701 0.0664513 0.0639361 0.0611873 0.0582393 0.0551286 0.0518926 0.0485694 0.0451968 0.0418116 0.0384492 0.0351425 0.0319219 0.0288142 0.025843 0.0230276 0.0203834 0.0179218 0.0156502 0.0135719 0.011687 0.00999218 0.00848148 0.00714651 0.00597705 0.00496147 0.00408721 0.00334117 0.00271015 0.0021811 0.00174148 0.00137941 0.00108389 0.000844867 0.000653313 0.000501248 0.000381719 0.000288764 0.000217354 0.000163324 0.000123301 9.46318e-05 7.53175e-05 6.3977e-05 
7.68215e-05 8.01839e-05 9.25167e-05 0.000114802 0.000148706 0.000196654 0.000261893 0.000348573 0.000461834 0.000607894 0.000794129 0.00102914 0.00132281 0.00168628 0.00213195 0.00267337 0.00332511 0.00410251 0.00502145 0.00609796 0.00734778 0.00878595 0.0104262 0.0122805 0.0143583 0.0166663 0.0192075 0.0219811 0.0249819 0.0282001 0.031621 0.0352251 0.0389881 0.0428813 0.0468715 0.050922 0.0549932 0.0590426 0.0630264 0.0668998 0.0706182 0.0741374 0.077415 0.0804111 0.0830885 0.0854139 0.0873581 0.0888968 0.0900104 0.090685 0.0909121 0.0906888 0.090018 0.0889084 0.0873741 0.0854347 0.0831146 0.0804431 0.0774535 0.0741829 0.0706714 0.0669612 0.0630964 0.0591216 0.0550813 0.0510193 0.0469777 0.042996 0.0391107 0.0353546 0.0317564 0.0283402 0.0251253 0.0221263 0.0193529 0.0168104 0.0144996 0.0124176 0.0105578 0.00891095 0.00746528 0.00620725 0.00512205 0.00419413 0.00340768 0.00274701 0.00219693 0.00174302 0.00137183 0.00107103 0.000829524 0.000637459 0.000486222 0.000368409 0.000277758 0.000209068 0.000158118 0.000121584 9.69557e-05 8.24989e-05 
9.83847e-05 0.000102701 0.0001184 0.000146711 0.00018972 0.000250454 0.00033296 0.000442397 0.000585142 0.000768885 0.00100273 0.00129725 0.00166454 0.00211822 0.00267337 0.0033464 0.00415486 0.00511716 0.00625222 0.00757903 0.00911611 0.0108809 0.0128893 0.0151547 0.0176877 0.0204949 0.023579 0.0269377 0.0305636 0.0344437 0.0385593 0.0428863 0.0473947 0.0520495 0.056811 0.0616353 0.0664752 0.0712807 0.0760004 0.080582 0.0849736 0.0891241 0.0929848 0.0965096 0.0996562 0.102387 0.104667 0.106471 0.107776 0.108565 0.10883 0.108567 0.107779 0.106477 0.104676 0.102398 0.0996717 0.0965298 0.0930106 0.0891564 0.0850132 0.0806299 0.0760574 0.0713474 0.0665521 0.0617228 0.0569092 0.0521581 0.0475132 0.0430139 0.0386951 0.0345864 0.0307118 0.0270897 0.0237331 0.0206494 0.0178408 0.0153047 0.0130346 0.0110201 0.00924796 0.00770258 0.00636672 0.00522213 0.00425005 0.00343179 0.00274914 0.00218473 0.00172228 0.00134682 0.00104481 0.000804181 0.000614372 0.00046626 0.00035211 0.000265484 0.000201147 0.000154964 0.000123812 0.00010553 
0.000124992 0.000130486 0.000150306 0.00018598 0.000240096 0.000316401 0.000419896 0.000556944 0.000735386 0.000964657 0.00125588 0.00162197 0.00207759 0.00263925 0.00332511 0.00415486 0.00514946 0.00633079 0.00772119 0.00934291 0.0112175 0.013365 0.0158035 0.0185478 0.0216092 0.0249945 0.0287053 0.0327374 0.0370805 0.0417177 0.0466257 0.0517745 0.0571278 0.0626434 0.0682739 0.0739674 0.0796684 0.0853186 0.0908582 0.0962269 0.101365 0.106214 0.110718 0.114825 0.118488 0.121663 0.124313 0.126407 0.12792 0.128835 0.129141 0.128834 0.127919 0.126405 0.124311 0.121662 0.11849 0.11483 0.110727 0.106228 0.101386 0.0962564 0.090897 0.0853677 0.0797287 0.0740396 0.0683584 0.0627403 0.057237 0.0518954 0.0467574 0.041859 0.0372298 0.0328931 0.0288655 0.0251572 0.0217724 0.0187094 0.0159616 0.0135179 0.0113636 0.00948093 0.00785007 0.00644978 0.00525807 0.00425289 0.00341261 0.00271648 0.00214499 0.00168011 0.00130547 0.00100643 0.000770122 0.000585408 0.000442818 0.000334447 0.000253853 0.000195939 0.00015685 0.000133914 
0.000157532 0.000164466 0.000189285 0.000233874 0.000301417 0.000396514 0.000525295 0.000695538 0.00091681 0.00120059 0.00156036 0.00201171 0.00257236 0.00326205 0.00410251 0.00511716 0.00633079 0.00776916 0.00945836 0.0114242 0.0136915 0.0162831 0.019219 0.0225157 0.0261848 0.0302327 0.0346596 0.0394587 0.0446161 0.0501104 0.0559122 0.0619852 0.0682855 0.0747629 0.0813613 0.0880201 0.0946744 0.101257 0.107699 0.113931 0.119886 0.125498 0.130703 0.135444 0.139666 0.143323 0.146372 0.14878 0.150518 0.151569 0.151919 0.151565 0.150511 0.148769 0.146359 0.143309 0.139652 0.13543 0.130692 0.125491 0.119885 0.113937 0.107714 0.101283 0.0947121 0.088071 0.0814262 0.0748423 0.0683795 0.0620936 0.0560343 0.0502451 0.044762 0.039614 0.0348223 0.0304006 0.0263555 0.022687 0.0193886 0.0164488 0.0138514 0.0115766 0.00960178 0.00790257 0.00645343 0.00522858 0.00420258 0.00335088 0.0026503 0.00207931 0.00161827 0.0012496 0.000957737 0.000729206 0.000552503 0.000418003 0.000317845 0.000245794 0.000197133 0.000168586 
0.000196976 0.000205653 0.000236483 0.00029177 0.000375398 0.00049297 0.000651937 0.000861733 0.00113393 0.00148236 0.00192327 0.00247532 0.00315966 0.0039998 0.00502145 0.00625222 0.00772119 0.00945836 0.011494 0.0138576 0.0165776 0.0196794 0.0231852 0.0271126 0.0314735 0.0362734 0.0415103 0.0471741 0.0532465 0.0597004 0.0664999 0.0736008 0.0809509 0.0884908 0.0961552 0.103873 0.11157 0.119169 0.126592 0.133761 0.140599 0.147033 0.152992 0.158412 0.163234 0.167405 0.17088 0.173622 0.175601 0.176795 0.177192 0.176788 0.175587 0.173602 0.170854 0.167374 0.1632 0.158376 0.152956 0.146999 0.14057 0.133738 0.126578 0.119166 0.111579 0.103896 0.0961939 0.0885462 0.0810233 0.0736905 0.0666064 0.0598229 0.0533837 0.0473242 0.0416712 0.0364427 0.0316487 0.027291 0.0233642 0.0198563 0.0167501 0.0140237 0.0116517 0.00960632 0.00785824 0.00637761 0.0051348 0.00410103 0.00324899 0.0025532 0.00199033 0.00153938 0.00118174 0.000901225 0.000683968 0.000518351 0.000394855 0.000305922 0.000245819 0.000210566 
0.000244367 0.000255135 0.000293126 0.000361135 0.00046386 0.000608073 0.000802753 0.00105925 0.00139145 0.00181591 0.00235198 0.00302186 0.00385059 0.00486589 0.00609796 0.00757903 0.00934291 0.0114242 0.0138576 0.0166768 0.0199135 0.023596 0.0277484 0.0323892 0.0375299 0.0431745 0.0493183 0.055947 0.0630369 0.0705541 0.078455 0.0866868 0.0951877 0.103888 0.112713 0.121579 0.130404 0.139098 0.147574 0.155744 0.163524 0.170832 0.177591 0.18373 0.189185 0.193898 0.197822 0.200914 0.203145 0.20449 0.204936 0.204479 0.203123 0.200882 0.19778 0.193849 0.189129 0.18367 0.177528 0.170769 0.163463 0.155688 0.147525 0.139059 0.130378 0.121569 0.112719 0.103913 0.0952318 0.086751 0.0785394 0.0706581 0.0631594 0.0560863 0.0494723 0.0433408 0.0377057 0.0325714 0.0279341 0.0237821 0.0200972 0.0168556 0.0140291 0.0115865 0.00949445 0.00771873 0.00622511 0.00498019 0.00395205 0.00311081 0.00242897 0.00188168 0.00144685 0.0011052 0.000840157 0.000637808 0.000486721 0.000377803 0.000304145 0.000260947 
0.000300803 0.000314056 0.000360503 0.000443504 0.000568701 0.000744209 0.000980767 0.00129192 0.00169419 0.00220722 0.00285391 0.00366044 0.00465619 0.00587359 0.00734778 0.00911611 0.0112175 0.0136915 0.0165776 0.0199135 0.0237344 0.0280716 0.0329505 0.0383902 0.0444013 0.0509856 0.0581345 0.0658289 0.0740384 0.0827213 0.0918254 0.101288 0.111036 0.12099 0.131062 0.14116 0.151187 0.161046 0.170638 0.179867 0.188638 0.196864 0.204459 0.211348 0.217461 0.222738 0.227125 0.230581 0.233072 0.234572 0.235069 0.234557 0.233042 0.230537 0.227068 0.222669 0.217382 0.211261 0.204366 0.196768 0.188542 0.179773 0.170551 0.160968 0.151121 0.141109 0.131029 0.120977 0.111045 0.101319 0.0918807 0.0828 0.0741397 0.0659514 0.0582761 0.0511437 0.0445731 0.0385723 0.0331396 0.0282642 0.0239273 0.0201034 0.0167617 0.0138675 0.0113833 0.0092702 0.00748908 0.00600146 0.00477041 0.00376115 0.00294156 0.00228246 0.00175786 0.00134494 0.0010241 0.00077877 0.00059535 0.000462982 0.000373407 0.000320879 
0.000367418 0.000383598 0.000439939 0.000540452 0.000691856 0.000903799 0.00118903 0.00156357 0.00204693 0.00266225 0.00343639 0.00439996 0.00558718 0.00703566 0.00878595 0.0108809 0.013365 0.0162831 0.0196794 0.023596 0.0280716 0.0331397 0.0388272 0.045153 0.0521261 0.0597453 0.0679972 0.0768565 0.0862852 0.0962328 0.106637 0.117423 0.128509 0.139801 0.151199 0.162601 0.173897 0.184979 0.195738 0.20607 0.21587 0.225045 0.233502 0.241162 0.24795 0.253802 0.258664 0.26249 0.265244 0.266903 0.267452 0.266884 0.265206 0.262433 0.25859 0.253713 0.247847 0.241047 0.233378 0.224913 0.215736 0.205935 0.195608 0.184856 0.173785 0.162504 0.151121 0.139743 0.128475 0.117416 0.106656 0.0962792 0.0863585 0.0769555 0.0681201 0.0598895 0.0522888 0.0453305 0.0390158 0.0333356 0.0282709 0.023795 0.0198747 0.0164718 0.0135445 0.0110492 0.00894147 0.00717741 0.00571463 0.00451302 0.00353533 0.00274763 0.00211952 0.00162427 0.00123882 0.000943657 0.00072268 0.000563038 0.000454934 0.000391546 
0.000445355 0.000464949 0.000532764 0.000653549 0.000835245 0.00108923 0.00143052 0.00187793 0.00245432 0.00318671 0.00410637 0.00524881 0.00665356 0.00836389 0.0104262 0.0128893 0.0158035 0.019219 0.0231852 0.0277484 0.0329505 0.0388272 0.0454062 0.0527053 0.0607314 0.069479 0.0789291 0.0890489 0.0997917 0.111097 0.12289 0.135086 0.147588 0.160292 0.173084 0.185849 0.198466 0.210816 0.22278 0.234245 0.245099 0.255241 0.264575 0.273015 0.280484 0.286915 0.292252 0.296448 0.299467 0.301284 0.301884 0.301261 0.299421 0.296379 0.292162 0.286805 0.280355 0.27287 0.264417 0.255073 0.244924 0.234067 0.222604 0.210645 0.198305 0.185702 0.172955 0.160185 0.147507 0.135032 0.122866 0.111104 0.09983 0.0891178 0.0790269 0.0696033 0.0608793 0.052873 0.0455898 0.0390225 0.0331531 0.027954 0.0233898 0.019419 0.0159958 0.0130713 0.0105958 0.00851963 0.00679457 0.00537468 0.00421716 0.00328281 0.00253642 0.00194689 0.00148731 0.00113485 0.000870627 0.00067954 0.000550057 0.000474138 
0.000535732 0.000559272 0.000640275 0.000784319 0.00100072 0.00130279 0.00170808 0.00223852 0.00292067 0.00378587 0.00487022 0.00621459 0.00786431 0.00986871 0.0122805 0.0151547 0.0185478 0.0225157 0.0271126 0.0323892 0.0383902 0.045153 0.0527053 0.0610634 0.0702309 0.080197 0.0909358 0.102406 0.11455 0.127297 0.140559 0.154239 0.168226 0.182401 0.19664 0.210812 0.224787 0.238434 0.251625 0.264237 0.276154 0.287267 0.297477 0.306694 0.314839 0.321843 0.327648 0.332209 0.335488 0.337461 0.338111 0.337433 0.335434 0.332129 0.327543 0.321713 0.314686 0.306522 0.297287 0.287063 0.275939 0.264016 0.251401 0.238213 0.224573 0.210611 0.196456 0.182239 0.16809 0.154133 0.140486 0.127258 0.114547 0.102438 0.0910018 0.0802951 0.0703581 0.0612161 0.0528791 0.0453434 0.0385924 0.0325983 0.0273241 0.0227252 0.0187515 0.0153495 0.0124637 0.0100383 0.00801896 0.00635357 0.00499328 0.00389319 0.00301282 0.00231626 0.00177236 0.00135461 0.00104103 0.000814007 0.00066007 0.000569819 
0.000639607 0.000667667 0.000763692 0.000934186 0.00118999 0.00154658 0.00202428 0.00264849 0.00344983 0.00446435 0.00573345 0.00730378 0.00922688 0.0115586 0.0143583 0.0176877 0.0216092 0.0261848 0.0314735 0.0375299 0.0444013 0.0521261 0.0607314 0.0702309 0.0806237 0.0918927 0.104004 0.116905 0.130529 0.14479 0.159589 0.174813 0.190338 0.20603 0.221751 0.237359 0.252712 0.267667 0.282089 0.295847 0.308819 0.320892 0.331963 0.34194 0.350743 0.358303 0.364563 0.369475 0.373005 0.375127 0.375825 0.375096 0.372944 0.369384 0.364443 0.358155 0.350569 0.341741 0.331743 0.320653 0.308565 0.295582 0.281818 0.267395 0.252444 0.237102 0.22151 0.20581 0.190144 0.17465 0.159461 0.1447 0.130478 0.116894 0.104031 0.0919581 0.0807242 0.0703627 0.0608902 0.0523071 0.0445991 0.0377392 0.031689 0.0264016 0.0218228 0.0178941 0.0145543 0.0117417 0.0093951 0.00745598 0.00586905 0.0045833 0.00355247 0.00273548 0.0020965 0.001605 0.00123558 0.000967849 0.000786187 0.000679683 
0.000757938 0.000791126 0.000904108 0.00110441 0.00140456 0.0018224 0.00238133 0.00311049 0.00404498 0.00522592 0.00670043 0.00852136 0.0107469 0.0134398 0.0166663 0.0204949 0.0249945 0.0302327 0.0362734 0.0431745 0.0509856 0.0597453 0.069479 0.080197 0.0918927 0.104541 0.118099 0.132503 0.147673 0.163509 0.179898 0.196711 0.213809 0.231045 0.248268 0.265321 0.282051 0.298309 0.313948 0.328832 0.342834 0.355839 0.367741 0.378449 0.387881 0.39597 0.40266 0.407905 0.411671 0.413933 0.414678 0.4139 0.411604 0.407806 0.402529 0.395808 0.387688 0.378227 0.367494 0.355568 0.342544 0.328526 0.313631 0.297987 0.28173 0.265007 0.247967 0.230764 0.213553 0.196486 0.179709 0.163361 0.147567 0.132442 0.118082 0.104568 0.0919603 0.0803022 0.0696174 0.0599118 0.0511746 0.0433802 0.0364898 0.0304542 0.0252159 0.0207115 0.0168741 0.0136357 0.0109284 0.00868673 0.00684871 0.00535675 0.00415846 0.00320712 0.00246188 0.0018878 0.00145575 0.00114231 0.00092949 0.00080472 
0.000891533 0.000930486 0.00106244 0.00129605 0.00164566 0.00213172 0.00278094 0.00362655 0.00470845 0.00607324 0.00777412 0.00987057 0.0124277 0.0155156 0.0192075 0.023579 0.0287053 0.0346596 0.0415103 0.0493183 0.0581345 0.0679972 0.0789291 0.0909358 0.104004 0.118099 0.133167 0.149133 0.1659 0.183357 0.201372 0.219802 0.238493 0.257283 0.276005 0.294494 0.312584 0.330116 0.34694 0.362913 0.377904 0.391798 0.404487 0.415882 0.425903 0.434484 0.441572 0.447123 0.451106 0.453498 0.454285 0.453462 0.451036 0.447018 0.441432 0.43431 0.425695 0.415642 0.404217 0.3915 0.377582 0.36257 0.346581 0.329748 0.312211 0.294124 0.275645 0.25694 0.238174 0.219514 0.20112 0.183147 0.165736 0.149016 0.1331 0.118081 0.104033 0.0910086 0.0790417 0.0681443 0.0583103 0.0495163 0.0417241 0.0348829 0.0289321 0.0238039 0.0194259 0.0157234 0.0126219 0.0100488 0.00793505 0.00621608 0.00483301 0.00373313 0.00287015 0.00220441 0.00170274 0.00133841 0.00109088 0.000945759 
0.00104101 0.00108638 0.00123938 0.00150985 0.00191414 0.00247549 0.00322421 0.00419789 0.00544156 0.00700766 0.00895582 0.0113525 0.0142701 0.0177861 0.0219811 0.0269377 0.0327374 0.0394587 0.0471741 0.055947 0.0658289 0.0768565 0.0890489 0.102406 0.116905 0.132503 0.149133 0.166704 0.185107 0.204213 0.223874 0.243931 0.264214 0.284547 0.304749 0.324644 0.344056 0.362819 0.380776 0.397783 0.413706 0.428429 0.441848 0.453874 0.464432 0.47346 0.480906 0.486733 0.490909 0.493416 0.494241 0.49338 0.490837 0.486624 0.480761 0.473278 0.464214 0.453621 0.441561 0.42811 0.413357 0.397408 0.380381 0.362408 0.343636 0.324221 0.304333 0.284143 0.263832 0.243578 0.223557 0.203938 0.184881 0.166528 0.14901 0.132435 0.11689 0.102441 0.0891304 0.0769792 0.0659867 0.0561333 0.0473818 0.0396808 0.0329672 0.027169 0.0222084 0.0180047 0.0144762 0.0115432 0.00912922 0.0071625 0.00557733 0.00431462 0.00332234 0.00255574 0.00197736 0.00155689 0.00127103 0.00110343 
0.00120674 0.0012592 0.00143531 0.00174623 0.00221044 0.00285416 0.00371153 0.0048248 0.00624444 0.00802901 0.010245 0.0129659 0.0162719 0.0202478 0.0249819 0.0305636 0.0370805 0.0446161 0.0532465 0.0630369 0.0740384 0.0862852 0.0997917 0.11455 0.130529 0.147673 0.1659 0.185107 0.205167 0.225933 0.247242 0.268918 0.290773 0.312619 0.334262 0.355513 0.376191 0.396122 0.415146 0.433115 0.449897 0.465378 0.479457 0.492048 0.503082 0.512501 0.520261 0.526325 0.530669 0.533274 0.534132 0.533238 0.530596 0.526215 0.520114 0.512317 0.50286 0.491788 0.479159 0.465044 0.449529 0.432716 0.41472 0.395675 0.375729 0.355043 0.333792 0.312157 0.29033 0.2685 0.24686 0.225593 0.204875 0.184869 0.165719 0.14755 0.130465 0.114542 0.0998371 0.0863787 0.0741738 0.0632072 0.0534443 0.0448338 0.0373105 0.030799 0.0252164 0.0204759 0.016489 0.0131685 0.0104304 0.00819571 0.00639142 0.00495179 0.00381875 0.00294217 0.00227999 0.00179812 0.0014703 0.0012781 
0.00138882 0.00144903 0.00165031 0.00200521 0.00253448 0.0032675 0.00424247 0.00550654 0.00711588 0.00913549 0.0116388 0.014707 0.0184276 0.0228935 0.0282001 0.0344437 0.0417177 0.0501104 0.0597004 0.0705541 0.0827213 0.0962328 0.111097 0.127297 0.14479 0.163509 0.183357 0.204213 0.225933 0.248354 0.271294 0.29456 0.31795 0.34126 0.364286 0.386828 0.408698 0.429718 0.449725 0.468571 0.486127 0.502282 0.516939 0.53002 0.541462 0.551212 0.559233 0.565494 0.569975 0.572662 0.573547 0.572628 0.569905 0.565388 0.559089 0.551031 0.541241 0.52976 0.516638 0.501941 0.485748 0.468155 0.449276 0.429242 0.408201 0.386316 0.363768 0.340745 0.317448 0.29408 0.270846 0.247947 0.225575 0.203909 0.183113 0.163328 0.144673 0.127242 0.111101 0.0962925 0.08283 0.0707044 0.0598846 0.0503202 0.0419451 0.0346808 0.0284399 0.0231295 0.0186546 0.0149206 0.0118359 0.00931376 0.00727396 0.0056438 0.00435886 0.00336339 0.0026105 0.00206208 0.00168874 0.00146985 
0.00158702 0.00165563 0.00188406 0.00228634 0.00288561 0.00371457 0.00481568 0.0062412 0.00805323 0.0103234 0.0131324 0.016569 0.0207286 0.0257117 0.031621 0.0385593 0.0466257 0.0559122 0.0664999 0.078455 0.0918254 0.106637 0.12289 0.140559 0.159589 0.179898 0.201372 0.223874 0.247242 0.271294 0.295831 0.320642 0.34551 0.370219 0.394553 0.418304 0.441277 0.463293 0.484186 0.503813 0.522047 0.538782 0.55393 0.567418 0.579192 0.589208 0.597435 0.60385 0.608437 0.611186 0.612093 0.611154 0.608371 0.60375 0.597299 0.589035 0.57898 0.567165 0.553634 0.538443 0.521666 0.50339 0.483725 0.462797 0.440753 0.417758 0.393993 0.369656 0.344954 0.320103 0.29532 0.270822 0.246818 0.223505 0.201064 0.179656 0.159416 0.140454 0.12285 0.106659 0.0919032 0.0785815 0.0666669 0.0561111 0.0468476 0.0387958 0.031864 0.025954 0.0209642 0.0167928 0.0133405 0.0105128 0.00822218 0.00638864 0.00494124 0.00381841 0.00296818 0.00234828 0.00192601 0.00167841 
0.00180074 0.00187835 0.00213581 0.00258867 0.00326257 0.00419368 0.00542885 0.00702566 0.00905232 0.0115873 0.0147186 0.0185426 0.0231627 0.0286869 0.0352251 0.0428863 0.0517745 0.0619852 0.0736008 0.0866868 0.101288 0.117423 0.135086 0.154239 0.174813 0.196711 0.219802 0.243931 0.268918 0.29456 0.320642 0.346936 0.373211 0.399237 0.424789 0.449653 0.473629 0.496536 0.51821 0.538511 0.557319 0.574535 0.590078 0.603887 0.615915 0.626129 0.634505 0.641027 0.645687 0.64848 0.649401 0.648451 0.645629 0.640937 0.634381 0.62597 0.615718 0.603648 0.589795 0.574206 0.556944 0.53809 0.517745 0.496029 0.473087 0.449082 0.424197 0.398634 0.372607 0.346343 0.320072 0.294025 0.268428 0.243496 0.21943 0.196407 0.174581 0.15408 0.134999 0.117404 0.101331 0.0867859 0.0737472 0.0621699 0.0519881 0.0431195 0.0354692 0.0289338 0.0234055 0.0187754 0.0149367 0.0117873 0.00923178 0.00718307 0.0055635 0.00430545 0.00335173 0.00265573 0.00218133 0.00190314 
0.002029 0.00211618 0.00240437 0.00291073 0.00366346 0.0047023 0.00607865 0.00785552 0.0101074 0.0129195 0.0163875 0.0206154 0.0257143 0.0317996 0.0389881 0.0473947 0.0571278 0.0682855 0.0809509 0.0951877 0.111036 0.128509 0.147588 0.168226 0.190338 0.213809 0.238493 0.264214 0.290773 0.31795 0.34551 0.373211 0.400807 0.428057 0.454726 0.480596 0.505464 0.529148 0.55149 0.572354 0.591627 0.60922 0.625062 0.639103 0.651305 0.661647 0.670114 0.676699 0.681399 0.684215 0.685145 0.68419 0.68135 0.676622 0.670007 0.661507 0.651129 0.638885 0.6248 0.60891 0.591268 0.571944 0.551031 0.528641 0.504913 0.480008 0.454109 0.427421 0.400163 0.372571 0.344887 0.317356 0.290222 0.263716 0.238056 0.213442 0.190046 0.168011 0.147451 0.128445 0.111042 0.0952562 0.0810736 0.0684531 0.0573304 0.0476223 0.0392313 0.0320494 0.0259629 0.0208561 0.0166149 0.0131295 0.0102969 0.00802261 0.00622221 0.00482191 0.00375917 0.0029829 0.00245347 0.00214299 
0.00227042 0.00236767 0.0026881 0.00325048 0.00408568 0.00523709 0.00676073 0.00872511 0.011211 0.0143107 0.0181272 0.0227722 0.0283643 0.0350262 0.0428813 0.0520495 0.0626434 0.0747629 0.0884908 0.103888 0.12099 0.139801 0.160292 0.182401 0.20603 0.231045 0.257283 0.284547 0.312619 0.34126 0.370219 0.399237 0.428057 0.456425 0.484101 0.510862 0.536504 0.560849 0.583742 0.605054 0.624683 0.642549 0.658593 0.672777 0.685075 0.695477 0.703979 0.710582 0.715291 0.71811 0.719043 0.718091 0.715252 0.710521 0.703893 0.695362 0.684925 0.672587 0.658359 0.642266 0.624349 0.604665 0.583298 0.560351 0.535956 0.510268 0.483469 0.455765 0.42738 0.398557 0.369548 0.340613 0.312009 0.283987 0.256784 0.230617 0.205678 0.18213 0.160102 0.139691 0.120956 0.103924 0.0885873 0.0749108 0.0628325 0.0522693 0.0431214 0.0352771 0.0286172 0.0230196 0.018363 0.01453 0.0114101 0.0089015 0.00691294 0.00536438 0.00418785 0.00332772 0.00274076 0.00239651 
0.00252321 0.00263094 0.00298484 0.00360535 0.004526 0.00579389 0.00746969 0.00962749 0.0123544 0.0157496 0.0199234 0.0249951 0.0310906 0.0383396 0.0468715 0.056811 0.0682739 0.0813613 0.0961552 0.112713 0.131062 0.151199 0.173084 0.19664 0.221751 0.248268 0.276005 0.304749 0.334262 0.364286 0.394553 0.424789 0.454726 0.484101 0.512668 0.540202 0.566499 0.591384 0.614711 0.636358 0.656234 0.674271 0.690423 0.704665 0.716985 0.727382 0.735865 0.742443 0.74713 0.749936 0.750866 0.749923 0.747105 0.742401 0.735802 0.727295 0.716866 0.70451 0.690225 0.674023 0.655932 0.635999 0.614291 0.590905 0.565961 0.539611 0.512031 0.483426 0.454025 0.424076 0.393841 0.36359 0.333598 0.304132 0.275446 0.247779 0.22134 0.196312 0.172842 0.151042 0.130987 0.112713 0.096223 0.0814873 0.0684473 0.0570208 0.0471067 0.0385899 0.0313464 0.025248 0.0201665 0.0159773 0.0125623 0.00981273 0.00763023 0.00592862 0.00463448 0.00368756 0.00304102 0.00266179 
0.00278517 0.0029037 0.00329202 0.00397221 0.00498051 0.00636773 0.0081992 0.0105546 0.0135271 0.0172231 0.0217597 0.0272638 0.0338683 0.0417094 0.050922 0.0616353 0.0739674 0.0880201 0.103873 0.121579 0.14116 0.162601 0.185849 0.210812 0.237359 0.265321 0.294494 0.324644 0.355513 0.386828 0.418304 0.449653 0.480596 0.510862 0.540202 0.568388 0.59522 0.620529 0.644174 0.666047 0.686067 0.704178 0.720351 0.734572 0.746842 0.757175 0.765589 0.772105 0.776743 0.779517 0.78044 0.779512 0.776731 0.772084 0.765553 0.757119 0.74676 0.734455 0.720193 0.703972 0.685805 0.665725 0.643788 0.620077 0.594703 0.567809 0.539568 0.510181 0.479879 0.448915 0.417558 0.386092 0.354802 0.323973 0.293879 0.264774 0.23689 0.210428 0.185554 0.162395 0.141042 0.121543 0.103911 0.0881222 0.0741232 0.0618333 0.0511506 0.0419575 0.0341255 0.027521 0.0220091 0.0174583 0.0137433 0.0107481 0.00836768 0.00650963 0.0050951 0.00405927 0.00335163 0.00293653 
0.00305372 0.00318328 0.0036066 0.00434745 0.00544473 0.00695294 0.00894203 0.0114971 0.0147177 0.0187165 0.023618 0.0295559 0.03667 0.0451024 0.0549932 0.0664752 0.0796684 0.0946744 0.11157 0.130404 0.151187 0.173897 0.198466 0.224787 0.252712 0.282051 0.312584 0.344056 0.376191 0.408698 0.441277 0.473629 0.505464 0.536504 0.566499 0.59522 0.622472 0.648092 0.671948 0.693944 0.714011 0.732109 0.748221 0.762349 0.774508 0.784723 0.793025 0.799444 0.804007 0.806737 0.807646 0.806739 0.80401 0.799444 0.793017 0.784701 0.774464 0.762275 0.748108 0.731949 0.713795 0.693666 0.671603 0.647675 0.621984 0.594662 0.565877 0.535826 0.50474 0.472874 0.440506 0.407927 0.375438 0.343338 0.311917 0.28145 0.252187 0.224349 0.198119 0.173644 0.151026 0.13033 0.111576 0.0947513 0.0798051 0.0666598 0.0552136 0.0453467 0.0369273 0.0298162 0.0238727 0.0189585 0.0149414 0.0116984 0.009118 0.00710167 0.00556518 0.00443918 0.00366954 0.00321803 
0.00332594 0.00346662 0.00392517 0.00472699 0.00591362 0.00754318 0.00969017 0.012445 0.0159132 0.020214 0.0254785 0.0318472 0.0394661 0.048483 0.0590426 0.0712807 0.0853186 0.101257 0.119169 0.139098 0.161046 0.184979 0.210816 0.238434 0.267667 0.298309 0.330116 0.362819 0.396122 0.429718 0.463293 0.496536 0.529148 0.560849 0.591384 0.620529 0.648092 0.673917 0.697886 0.719911 0.73994 0.757946 0.773926 0.787898 0.799891 0.809943 0.818096 0.824389 0.828858 0.83153 0.832423 0.831541 0.828876 0.824412 0.818118 0.809957 0.799889 0.78787 0.773862 0.757836 0.739775 0.719682 0.697586 0.673542 0.647639 0.619999 0.590782 0.560181 0.528425 0.495771 0.462502 0.428919 0.395333 0.362059 0.329402 0.297657 0.267091 0.237944 0.210419 0.184678 0.160842 0.138986 0.119144 0.101308 0.0854351 0.0714507 0.0592536 0.0487225 0.0397223 0.0321094 0.0257375 0.0204619 0.0161437 0.0126535 0.00987314 0.00769836 0.00603965 0.00482318 0.0039913 0.00350323 
0.00359862 0.00375039 0.00424396 0.00510636 0.00638169 0.0081316 0.010435 0.0133874 0.0171001 0.0216985 0.0273203 0.034112 0.0422257 0.0518143 0.0630264 0.0760004 0.0908582 0.107699 0.126592 0.147574 0.170638 0.195738 0.22278 0.251625 0.282089 0.313948 0.34694 0.380776 0.415146 0.449725 0.484186 0.51821 0.55149 0.583742 0.614711 0.644174 0.671948 0.697886 0.721878 0.743852 0.763767 0.781614 0.797404 0.811169 0.822951 0.832803 0.840776 0.84692 0.851278 0.853884 0.854756 0.853902 0.851312 0.846966 0.840827 0.832853 0.82299 0.811187 0.79739 0.781556 0.763656 0.743676 0.721629 0.697558 0.671537 0.643679 0.614135 0.583091 0.550775 0.517444 0.483384 0.448905 0.414327 0.379979 0.346184 0.313249 0.281464 0.251086 0.222336 0.195393 0.170392 0.147425 0.126535 0.107723 0.0909539 0.076155 0.063227 0.0520479 0.0424798 0.0343753 0.0275827 0.0219515 0.0173367 0.0136024 0.0106244 0.00829281 0.00651297 0.00520678 0.00431314 0.00378877 
