0.000548268 0.0005567 0.000585635 0.000635661 0.000707649 0.000802811 0.000922683 0.0010691 0.00124419 0.0014503 0.00169002 0.00196609 0.00228136 0.00263876 0.00304122 0.0034916 0.00399263 0.00454683 0.00515643 0.00582328 0.00654881 0.0073339 0.00817884 0.00908324 0.010046 0.0110652 0.0121381 0.0132611 0.0144298 0.0156388 0.016882 0.0181524 0.0194421 0.0207427 0.0220451 0.0233397 0.0246164 0.025865 0.027075 0.0282359 0.0293373 0.0303692 0.031322 0.0321865 0.0329545 0.0336183 0.0341715 0.0346084 0.0349247 0.0351171 0.0351838 0.035124 0.0349384 0.0346289 0.0341987 0.0336522 0.0329948 0.0322331 0.0313747 0.0304278 0.0294015 0.0283054 0.0271495 0.0259441 0.0246998 0.0234268 0.0221356 0.020836 0.0195378 0.0182499 0.0169809 0.0157385 0.0145297 0.0133608 0.0122369 0.0111627 0.0101417 0.00917673 0.00826965 0.00742164 0.00663314 0.0059039 0.00523307 0.00461928 0.00406074 0.00355524 0.00310031 0.00269327 0.00233129 0.00201146 0.0017309 0.00148676 0.00127631 0.00109699 0.000946448 0.000822553 0.000723466 0.000647641 0.00059385 0.000561268 
0.0005567 0.000565275 0.000594673 0.000645491 0.000718613 0.00081527 0.000937019 0.00108573 0.00126354 0.00147285 0.00171628 0.00199661 0.00231673 0.0026796 0.0030882 0.00354543 0.00405404 0.00461659 0.00523532 0.00591212 0.00664842 0.00744509 0.00830243 0.00922002 0.0101967 0.0112306 0.0123189 0.0134579 0.0146432 0.0158693 0.0171299 0.0184179 0.0197254 0.0210439 0.0223641 0.0236763 0.0249704 0.0262358 0.0274619 0.0286383 0.0297543 0.0307998 0.0317651 0.032641 0.033419 0.0340915 0.0346518 0.0350944 0.0354147 0.0356096 0.0356771 0.0356165 0.0354284 0.0351148 0.034679 0.0341252 0.0334592 0.0326875 0.0318177 0.0308583 0.0298183 0.0287076 0.0275363 0.0263147 0.0250536 0.0237634 0.0224546 0.0211373 0.0198212 0.0185155 0.0172288 0.0159691 0.0147433 0.0135578 0.012418 0.0113285 0.0102928 0.00931386 0.00839361 0.00753323 0.00673315 0.00599316 0.00531239 0.00468947 0.00412258 0.00360949 0.00314771 0.00273451 0.00236703 0.00204233 0.00175748 0.00150961 0.00129593 0.00111386 0.000960993 0.000835189 0.000734575 0.000657582 0.000602966 0.000569887 
0.000585635 0.000594673 0.000625565 0.000678933 0.000755699 0.000857146 0.000984898 0.0011409 0.00132739 0.00154685 0.00180202 0.00209577 0.00243112 0.00281115 0.00323893 0.00371745 0.00424958 0.00483794 0.00548485 0.00619224 0.00696154 0.00779365 0.00868882 0.00964659 0.0106657 0.0117442 0.012879 0.0140663 0.0153014 0.0165787 0.0178915 0.0192325 0.0205935 0.0219655 0.0233389 0.0247035 0.026049 0.0273644 0.0286387 0.029861 0.0310203 0.0321063 0.0331087 0.0340181 0.0348258 0.0355238 0.0361054 0.0365646 0.0368969 0.037099 0.0371689 0.0371058 0.0369104 0.0365848 0.0361322 0.0355571 0.0348655 0.0340641 0.0331607 0.0321641 0.0310838 0.0299297 0.0287125 0.0274428 0.0261317 0.0247902 0.023429 0.0220586 0.0206891 0.0193302 0.0179907 0.0166788 0.0154019 0.0141667 0.0129787 0.0118427 0.0107626 0.00974136 0.00878102 0.00788287 0.00704742 0.00627446 0.00556314 0.00491206 0.00431935 0.00378273 0.00329962 0.00286721 0.00248253 0.00214254 0.0018442 0.00158451 0.0013606 0.00116976 0.00100951 0.000877605 0.000772101 0.000691363 0.000634095 0.000599422 
0.000635661 0.000645491 0.000678933 0.00073665 0.00081963 0.000929243 0.00106722 0.00123564 0.00143689 0.00167361 0.00194871 0.00226526 0.00262645 0.00303554 0.00349578 0.00401034 0.00458222 0.00521419 0.00590866 0.00666762 0.00749255 0.00838434 0.00934317 0.0103685 0.0114589 0.0126122 0.013825 0.0150934 0.0164122 0.0177752 0.0191755 0.0206052 0.0220555 0.0235168 0.0249791 0.0264315 0.0278628 0.0292616 0.0306163 0.0319152 0.0331469 0.0343002 0.0353645 0.0363298 0.0371869 0.0379275 0.0385444 0.0390314 0.0393837 0.0395978 0.0396716 0.0396044 0.0393968 0.039051 0.0385705 0.0379601 0.0372258 0.0363748 0.0354155 0.0343569 0.0332092 0.0319829 0.030689 0.0293391 0.0279447 0.0265173 0.0250686 0.0236095 0.0221508 0.0207027 0.0192747 0.0178756 0.0165131 0.0151945 0.0139257 0.0127118 0.0115571 0.0104647 0.00943697 0.00847528 0.00758026 0.00675175 0.00598891 0.00529031 0.004654 0.00407761 0.00355843 0.00309349 0.00267967 0.00231376 0.00199251 0.00171276 0.00147145 0.00126571 0.00109289 0.000950602 0.000836768 0.000749648 0.000687859 0.000650469 
0.000707649 0.000718613 0.000755699 0.00081963 0.000911484 0.00103275 0.00118533 0.00137146 0.00159374 0.00185507 0.00215856 0.00250755 0.0029055 0.00335591 0.00386229 0.00442803 0.00505635 0.00575018 0.00651208 0.00734413 0.00824785 0.00922411 0.010273 0.0113938 0.012585 0.0138439 0.015167 0.0165497 0.0179864 0.0194704 0.020994 0.0225486 0.0241246 0.0257118 0.0272991 0.0288748 0.0304269 0.0319429 0.0334105 0.034817 0.0361502 0.0373981 0.0385493 0.039593 0.0405195 0.0413198 0.0419861 0.0425121 0.0428924 0.0431234 0.0432027 0.0431297 0.0429051 0.042531 0.0420113 0.0413512 0.040557 0.0396365 0.0385987 0.0374532 0.0362109 0.034883 0.0334816 0.0320189 0.0305073 0.0289594 0.0273875 0.0258036 0.0242194 0.0226458 0.0210932 0.019571 0.0180879 0.0166517 0.0152688 0.013945 0.0126848 0.011492 0.0103689 0.00931735 0.00833801 0.00743083 0.00659499 0.00582902 0.00513086 0.00449803 0.00392762 0.00341648 0.00296124 0.00255844 0.00220459 0.00189628 0.0016302 0.00140322 0.00121247 0.00105537 0.000929647 0.00083342 0.00076518 0.000723912 
0.000802811 0.00081527 0.000857146 0.000929243 0.00103275 0.00116933 0.00134106 0.00155043 0.00180032 0.00209388 0.00243458 0.00282607 0.00327213 0.00377661 0.00434331 0.00497595 0.00567798 0.00645257 0.00730244 0.00822979 0.00923618 0.0103225 0.0114886 0.0127337 0.0140559 0.0154521 0.0169184 0.0184496 0.0200393 0.0216801 0.0233635 0.0250799 0.0268189 0.0285689 0.0303179 0.0320531 0.0337613 0.035429 0.0370424 0.0385879 0.0400521 0.0414221 0.0426854 0.0438303 0.0448463 0.0457235 0.0464537 0.0470298 0.0474463 0.047699 0.0477855 0.047705 0.0474583 0.0470478 0.0464777 0.0457534 0.044882 0.0438719 0.0427326 0.041475 0.0401105 0.0386516 0.0371112 0.0355027 0.0338397 0.0321359 0.0304047 0.0286593 0.0269125 0.0251764 0.0234623 0.0217807 0.0201412 0.0185523 0.0170213 0.0155547 0.0141576 0.012834 0.011587 0.0104185 0.00932932 0.00831964 0.00738862 0.00653476 0.00575589 0.00504935 0.00441201 0.00384046 0.00333103 0.00287997 0.00248345 0.00213773 0.00183917 0.00158434 0.00137008 0.00119354 0.00105223 0.000944046 0.000867338 0.000820981 
0.000922683 0.000937019 0.000984898 0.00106722 0.00118533 0.00134106 0.00153675 0.0017752 0.00205957 0.00239342 0.00278058 0.00322511 0.00373118 0.00430306 0.00494493 0.00566085 0.0064546 0.00732962 0.00828883 0.00933456 0.0104684 0.0116912 0.0130027 0.0144018 0.0158861 0.0174523 0.0190957 0.0208104 0.0225891 0.0244236 0.0263042 0.0282203 0.03016 0.0321107 0.034059 0.0359905 0.0378908 0.0397448 0.0415375 0.0432539 0.0448791 0.046399 0.0477999 0.0490691 0.0501948 0.0511664 0.051975 0.0526126 0.0530733 0.0533527 0.0534479 0.0533582 0.0530845 0.0526293 0.0519972 0.0511942 0.0502281 0.049108 0.0478443 0.0464489 0.0449344 0.0433144 0.0416033 0.0398156 0.0379664 0.0360707 0.0341434 0.0321992 0.0302521 0.0283155 0.0264023 0.0245239 0.0226912 0.0209137 0.0191998 0.0175565 0.0159898 0.0145045 0.0131039 0.0117903 0.0105649 0.00942802 0.00837881 0.00741573 0.00653651 0.00573826 0.0050176 0.0043708 0.00379385 0.0032826 0.00283285 0.00244042 0.0021013 0.00181169 0.00156805 0.00136721 0.00120639 0.00108325 0.000995952 0.000943231 
0.0010691 0.00108573 0.0011409 0.00123564 0.00137146 0.00155043 0.0017752 0.00204887 0.00237504 0.00275768 0.00320107 0.00370975 0.00428838 0.00494168 0.0056743 0.00649071 0.00739507 0.00839111 0.00948198 0.0106702 0.0119573 0.0133441 0.0148301 0.016414 0.0180929 0.0198628 0.0217183 0.0236526 0.0256575 0.0277234 0.0298396 0.031994 0.0341733 0.0363634 0.038549 0.0407145 0.0428434 0.0449192 0.0469252 0.0488446 0.0506612 0.0523592 0.0539235 0.0553401 0.056596 0.0576798 0.0585812 0.0592918 0.059805 0.0601159 0.0602215 0.0601209 0.059815 0.0593069 0.0586013 0.057705 0.0566264 0.0553756 0.0539642 0.0524052 0.0507125 0.0489011 0.0469868 0.044986 0.0429151 0.040791 0.0386302 0.0364489 0.0342629 0.0320873 0.0299362 0.0278228 0.0257592 0.0237561 0.0218231 0.0199683 0.0181985 0.0165191 0.0149342 0.0134464 0.0120574 0.0107676 0.00957614 0.00848158 0.00748145 0.00657264 0.00575149 0.00501387 0.00435537 0.00377138 0.00325725 0.00280832 0.00242012 0.00208837 0.00180913 0.00157884 0.00139437 0.00125311 0.00115296 0.00109253 
0.00124419 0.00126354 0.00132739 0.00143689 0.00159374 0.00180032 0.00205957 0.00237504 0.00275077 0.00319121 0.00370119 0.00428579 0.00495023 0.00569976 0.00653957 0.00747458 0.00850938 0.00964803 0.0108939 0.0122497 0.0137171 0.0152966 0.0169876 0.0187883 0.0206952 0.0227037 0.0248075 0.0269987 0.0292679 0.0316043 0.0339955 0.0364278 0.0388864 0.0413552 0.0438172 0.0462548 0.0486496 0.0509832 0.0532369 0.0553921 0.0574307 0.0593352 0.061089 0.0626765 0.0640833 0.0652969 0.0663058 0.067101 0.067675 0.0680223 0.0681399 0.0680266 0.0676836 0.067114 0.0663233 0.0653189 0.06411 0.0627078 0.0611252 0.0593764 0.0574769 0.0554434 0.0532933 0.0510449 0.0487164 0.0463266 0.043894 0.0414367 0.0389725 0.0365181 0.0340896 0.0317019 0.0293685 0.0271018 0.0249126 0.0228102 0.0208024 0.0188956 0.0170944 0.0154022 0.013821 0.0123512 0.0109925 0.00974316 0.00860059 0.00756144 0.0066217 0.00577685 0.005022 0.00435204 0.00376174 0.00324594 0.0027996 0.00241793 0.0020965 0.00183128 0.00161876 0.00145598 0.0013406 0.00127101 
0.0014503 0.00147285 0.00154685 0.00167361 0.00185507 0.00209388 0.00239342 0.00275768 0.00319121 0.00369905 0.00428661 0.00495961 0.00572388 0.00658531 0.00754963 0.00862233 0.00980843 0.0111124 0.0125379 0.0140876 0.0157634 0.0175655 0.0194931 0.0215438 0.0237136 0.0259968 0.0283863 0.0308728 0.0334456 0.0360923 0.0387989 0.0415499 0.0443283 0.0471161 0.0498942 0.0526427 0.0553413 0.0579691 0.0605053 0.0629292 0.0652208 0.0673606 0.0693301 0.071112 0.0726906 0.0740516 0.0751829 0.0760741 0.0767171 0.0771059 0.0772371 0.0771094 0.0767241 0.0760847 0.0751972 0.0740698 0.0727127 0.0711383 0.0693607 0.0673958 0.0652608 0.0629741 0.0605552 0.0580242 0.0554017 0.0527085 0.0499652 0.0471923 0.0444096 0.041636 0.0388896 0.0361872 0.0335442 0.0309747 0.0284909 0.0261036 0.0238218 0.0216528 0.0196023 0.0176742 0.0158708 0.0141932 0.012641 0.0112124 0.00990471 0.00871441 0.00763706 0.00666767 0.00580084 0.00503087 0.00435195 0.00375827 0.00324419 0.00280432 0.00243366 0.00212768 0.00188242 0.00169453 0.00156135 0.00148108 
0.00169002 0.00171628 0.00180202 0.00194871 0.00215856 0.00243458 0.00278058 0.00320107 0.00370119 0.00428661 0.00496344 0.00573806 0.00661702 0.00760687 0.008714 0.00994448 0.0113038 0.0127969 0.0144276 0.0161989 0.0181124 0.0201683 0.0223654 0.0247006 0.0271692 0.0297646 0.0324783 0.0352997 0.0382165 0.0412146 0.0442779 0.0473889 0.0505284 0.0536762 0.0568107 0.0599096 0.06295 0.0659088 0.0687626 0.0714886 0.0740643 0.0764681 0.0786796 0.0806795 0.0824505 0.083977 0.0852452 0.086244 0.0869642 0.0873995 0.0875458 0.087402 0.0869693 0.0862517 0.0852557 0.0839905 0.0824673 0.0806997 0.0787036 0.0764962 0.0740967 0.0715257 0.0688047 0.065956 0.0630026 0.0599677 0.0568744 0.0537456 0.0506035 0.0474694 0.0443637 0.0413054 0.0383119 0.0353992 0.0325814 0.0298708 0.0272777 0.0248108 0.0224765 0.0202797 0.0182232 0.0163084 0.0145351 0.0129017 0.0114053 0.0100419 0.00880694 0.00769478 0.00669946 0.00581467 0.0050339 0.00435067 0.00375864 0.00325177 0.00282441 0.00247147 0.00218847 0.00197162 0.00181793 0.00172534 
0.00196609 0.00199661 0.00209577 0.00226526 0.00250755 0.00282607 0.00322511 0.00370975 0.00428579 0.00495961 0.00573806 0.00662829 0.00763762 0.00877334 0.0100426 0.0114519 0.0130075 0.0147146 0.0165774 0.018599 0.0207808 0.0231229 0.0256236 0.0282791 0.0310837 0.0340297 0.0371072 0.0403041 0.0436063 0.0469975 0.0504597 0.0539729 0.0575156 0.0610647 0.0645963 0.0680852 0.071506 0.0748327 0.0780395 0.0811007 0.0839916 0.0866882 0.0891678 0.0914093 0.0933933 0.0951028 0.0965226 0.0976403 0.0984459 0.0989325 0.0990956 0.0989338 0.0984487 0.0976446 0.0965286 0.0951108 0.0934037 0.0914223 0.0891839 0.0867078 0.0840151 0.0811285 0.078072 0.0748703 0.071549 0.068134 0.064651 0.0611256 0.0575826 0.0540461 0.050539 0.0470827 0.0436969 0.0403998 0.0372075 0.0341341 0.0311915 0.0283895 0.0257359 0.0232363 0.0208945 0.018712 0.0166891 0.0148241 0.0131141 0.0115548 0.0101411 0.00886695 0.00772575 0.00671048 0.0058139 0.00502877 0.00434799 0.00376477 0.00327278 0.00286628 0.00254021 0.00229032 0.0021132 0.00200658 
0.00228136 0.00231673 0.00243112 0.00262645 0.0029055 0.00327213 0.00373118 0.00428838 0.00495023 0.00572388 0.00661702 0.00763762 0.00879384 0.0100938 0.0115453 0.0131557 0.0149316 0.0168788 0.0190016 0.0213033 0.0237852 0.0264471 0.0292865 0.032299 0.0354779 0.038814 0.0422959 0.0459098 0.0496394 0.0534664 0.0573702 0.0613283 0.0653164 0.0693087 0.0732782 0.077197 0.0810366 0.0847682 0.0883629 0.0917925 0.0950294 0.0980472 0.100821 0.103327 0.105544 0.107454 0.10904 0.110288 0.111187 0.11173 0.111911 0.11173 0.111187 0.110288 0.109041 0.107456 0.105547 0.103332 0.100828 0.0980568 0.0950423 0.0918093 0.0883841 0.0847943 0.0810682 0.0772345 0.0733219 0.069359 0.0653735 0.0613923 0.0574411 0.0535441 0.0497236 0.0460002 0.042392 0.0389153 0.0355836 0.0324085 0.029399 0.0265616 0.023901 0.0214193 0.019117 0.0169926 0.015043 0.0132638 0.0116494 0.0101931 0.00888776 0.00772554 0.00669843 0.00579836 0.0050174 0.00434795 0.00378292 0.00331585 0.00294107 0.00265379 0.00245019 0.00232767 
0.00263876 0.0026796 0.00281115 0.00303554 0.00335591 0.00377661 0.00430306 0.00494168 0.00569976 0.00658531 0.00760687 0.00877334 0.0100938 0.0115771 0.0132321 0.0150666 0.0170879 0.0193021 0.021714 0.0243268 0.0271416 0.0301577 0.0333721 0.0367794 0.0403716 0.0441381 0.0480657 0.0521387 0.0563385 0.0606442 0.0650326 0.0694784 0.0739544 0.0784316 0.0828799 0.0872682 0.0915648 0.0957377 0.0997551 0.103586 0.107199 0.110566 0.113659 0.116452 0.118923 0.12105 0.122816 0.124204 0.125205 0.125808 0.126009 0.125807 0.125202 0.1242 0.122811 0.121045 0.118918 0.116447 0.113655 0.110564 0.1072 0.10359 0.0997631 0.0957504 0.0915829 0.0872923 0.0829105 0.0784692 0.0739994 0.0695311 0.065093 0.0607123 0.0564142 0.0522218 0.0481558 0.0442346 0.0404738 0.0368866 0.0334835 0.0302723 0.0272585 0.0244449 0.0218324 0.0194198 0.0172037 0.0151797 0.0133415 0.0116821 0.0101935 0.00886703 0.00769394 0.00666522 0.00577205 0.00500596 0.00435901 0.00382399 0.00339454 0.00306528 0.00283193 0.00269158 
0.00304122 0.0030882 0.00323893 0.00349578 0.00386229 0.00434331 0.00494493 0.0056743 0.00653957 0.00754963 0.008714 0.0100426 0.0115453 0.0132321 0.0151123 0.0171949 0.0194876 0.0219968 0.0247277 0.0276833 0.0308646 0.0342703 0.0378967 0.0417372 0.0457825 0.0500203 0.0544354 0.0590099 0.0637227 0.0685502 0.0734664 0.0784427 0.0834487 0.0884522 0.0934197 0.0983165 0.103108 0.107758 0.112232 0.116495 0.120514 0.124257 0.127694 0.130797 0.13354 0.135901 0.13786 0.1394 0.140509 0.141178 0.1414 0.141175 0.140503 0.139391 0.137848 0.135887 0.133525 0.130781 0.127679 0.124243 0.120501 0.116484 0.112225 0.107755 0.10311 0.0983251 0.093435 0.0884749 0.0834794 0.0784817 0.073514 0.0686067 0.0637879 0.0590836 0.0545175 0.0501101 0.0458794 0.0418405 0.0380055 0.0343837 0.0309814 0.0278025 0.0248483 0.0221176 0.0196073 0.0173125 0.0152268 0.0133424 0.0116506 0.0101419 0.00880673 0.00763503 0.00661706 0.0057434 0.00500522 0.00439449 0.00390409 0.00352802 0.0032615 0.00310127 
0.0034916 0.00354543 0.00371745 0.00401034 0.00442803 0.00497595 0.00566085 0.00649071 0.00747458 0.00862233 0.00994448 0.0114519 0.0131557 0.0150666 0.0171949 0.0195502 0.0221409 0.0249739 0.0280543 0.0313852 0.0349673 0.0387987 0.0428745 0.0471871 0.0517256 0.0564758 0.0614204 0.0665388 0.0718074 0.0771997 0.0826862 0.0882353 0.093813 0.0993835 0.10491 0.110353 0.115675 0.120837 0.1258 0.130527 0.134981 0.139126 0.14293 0.146363 0.149397 0.152007 0.154172 0.155874 0.157099 0.157837 0.158082 0.157832 0.157089 0.155859 0.154153 0.151985 0.149372 0.146336 0.142902 0.139097 0.134952 0.1305 0.125776 0.120817 0.11566 0.110344 0.104907 0.0993888 0.0938268 0.0882583 0.0827187 0.077242 0.0718597 0.0666009 0.0614922 0.0565568 0.0518153 0.0472847 0.0429791 0.0389093 0.0350828 0.0315044 0.028176 0.0250968 0.0222638 0.0196718 0.0173139 0.0151819 0.0132663 0.0115568 0.0100427 0.00871316 0.00755727 0.00656466 0.00572554 0.00503098 0.00447307 0.00404515 0.00374188 0.00355963 
0.00399263 0.00405404 0.00424958 0.00458222 0.00505635 0.00567798 0.0064546 0.00739507 0.00850938 0.00980843 0.0113038 0.0130075 0.0149316 0.0170879 0.0194876 0.0221409 0.0250569 0.0282429 0.031704 0.0354432 0.0394607 0.043754 0.0483171 0.0531408 0.0582126 0.0635162 0.0690318 0.0747363 0.0806031 0.0866022 0.0927011 0.0988643 0.105054 0.111231 0.117354 0.123381 0.129269 0.134976 0.14046 0.145679 0.150594 0.155166 0.15936 0.163143 0.166485 0.169358 0.171741 0.173614 0.174961 0.175772 0.176041 0.175765 0.174947 0.173593 0.171715 0.169326 0.166448 0.163103 0.159317 0.155121 0.150548 0.145635 0.140417 0.134937 0.129234 0.123352 0.117332 0.111217 0.105049 0.0988686 0.0927158 0.0866279 0.0806399 0.0747844 0.069091 0.0635862 0.0582928 0.0532306 0.0484155 0.0438601 0.0395733 0.0355609 0.0318255 0.0283668 0.025182 0.0222656 0.0196105 0.0172078 0.0150472 0.0131177 0.0114074 0.00990457 0.0085972 0.00747385 0.0065237 0.00573689 0.00510467 0.00461965 0.0042759 0.00406941 
0.00454683 0.00461659 0.00483794 0.00521419 0.00575018 0.00645257 0.00732962 0.00839111 0.00964803 0.0111124 0.0127969 0.0147146 0.0168788 0.0193021 0.0219968 0.0249739 0.0282429 0.0318113 0.0356845 0.0398651 0.044353 0.0491444 0.0542323 0.059606 0.0652509 0.0711484 0.0772761 0.083608 0.0901141 0.0967613 0.103513 0.11033 0.117171 0.123993 0.130749 0.137394 0.143882 0.150165 0.156199 0.161938 0.167339 0.172361 0.176965 0.181115 0.184781 0.187931 0.190543 0.192594 0.19407 0.194959 0.195253 0.19495 0.194052 0.192568 0.190508 0.187889 0.184732 0.181061 0.176906 0.172299 0.167275 0.161873 0.156136 0.150104 0.143825 0.137342 0.130704 0.123956 0.117144 0.110313 0.103508 0.0967677 0.0901329 0.0836394 0.0773202 0.0712049 0.0653194 0.0596859 0.0543226 0.049244 0.0444608 0.0399797 0.0358044 0.0319351 0.028369 0.0251008 0.0221229 0.0194259 0.0169988 0.0148296 0.0129055 0.0112136 0.00974083 0.00847461 0.00740307 0.00651534 0.00580179 0.00525424 0.00486618 0.00463315 
0.00515643 0.00523532 0.00548485 0.00590866 0.00651208 0.00730244 0.00828883 0.00948198 0.0108939 0.0125379 0.0144276 0.0165774 0.0190016 0.021714 0.0247277 0.0280543 0.031704 0.0356845 0.0400011 0.0446563 0.049649 0.0549745 0.0606245 0.0665863 0.0728432 0.0793741 0.0861539 0.0931532 0.100339 0.107673 0.115117 0.122626 0.130155 0.137657 0.14508 0.152377 0.159495 0.166384 0.172994 0.179278 0.185188 0.19068 0.195712 0.200247 0.20425 0.207689 0.210539 0.212778 0.214388 0.215356 0.215676 0.215345 0.214365 0.212744 0.210496 0.207636 0.204188 0.200178 0.195637 0.190599 0.185104 0.179192 0.172908 0.166299 0.159413 0.152301 0.145011 0.137595 0.130104 0.122586 0.115088 0.107658 0.100337 0.0931654 0.0861804 0.0794147 0.0728976 0.0666539 0.0607044 0.0550657 0.0497501 0.0447661 0.040118 0.0358067 0.0318299 0.0281823 0.0248559 0.0218409 0.0191254 0.0166967 0.0145409 0.0126439 0.0109915 0.00957004 0.00836652 0.007369 0.00656693 0.00595132 0.005515 0.0052531 
0.00582328 0.00591212 0.00619224 0.00666762 0.00734413 0.00822979 0.00933456 0.0106702 0.0122497 0.0140876 0.0161989 0.018599 0.0213033 0.0243268 0.0276833 0.0313852 0.0354432 0.0398651 0.0446563 0.0498185 0.05535 0.0612449 0.0674932 0.0740802 0.0809869 0.0881895 0.0956596 0.103365 0.111267 0.119327 0.127499 0.135736 0.143988 0.152202 0.160325 0.168302 0.176078 0.183599 0.190811 0.197661 0.204101 0.210081 0.215558 0.220492 0.224844 0.228582 0.231679 0.234111 0.235859 0.23691 0.237257 0.236896 0.235831 0.23407 0.231626 0.228518 0.224768 0.220406 0.215465 0.209981 0.203995 0.197553 0.190701 0.18349 0.175971 0.168199 0.160229 0.152114 0.14391 0.135669 0.127445 0.119287 0.111242 0.103355 0.0956658 0.0882115 0.0810246 0.0741331 0.0675604 0.0613254 0.0554425 0.0499216 0.0447683 0.0399843 0.0355676 0.0315131 0.0278126 0.0244558 0.0214301 0.0187219 0.0163163 0.014198 0.0123517 0.0107625 0.00941631 0.00830003 0.00740214 0.00671285 0.00622429 0.00593112 
0.00654881 0.00664842 0.00696154 0.00749255 0.00824785 0.00923618 0.0104684 0.0119573 0.0137171 0.0157634 0.0181124 0.0207808 0.0237852 0.0271416 0.0308646 0.0349673 0.0394607 0.044353 0.049649 0.05535 0.0614533 0.0679516 0.0748331 0.082081 0.0896736 0.0975841 0.105781 0.114228 0.122883 0.131702 0.140637 0.149634 0.15864 0.167597 0.176448 0.185132 0.193592 0.201767 0.209601 0.217038 0.224024 0.230508 0.236444 0.241787 0.246499 0.250545 0.253896 0.256526 0.258416 0.259552 0.259926 0.259536 0.258383 0.256478 0.253833 0.250469 0.24641 0.241686 0.236332 0.230388 0.223897 0.216906 0.209466 0.201632 0.193457 0.185002 0.176323 0.16748 0.158533 0.149539 0.140555 0.131635 0.122832 0.114193 0.105764 0.0975851 0.0896921 0.0821167 0.0748853 0.0680192 0.061535 0.0554444 0.0497543 0.0444673 0.0395821 0.0350937 0.0309939 0.0272717 0.0239142 0.0209067 0.0182333 0.0158776 0.0138231 0.0120537 0.010554 0.00930993 0.00830891 0.00754028 0.00699545 0.00666863 
0.0073339 0.00744509 0.00779365 0.00838434 0.00922411 0.0103225 0.0116912 0.0133441 0.0152966 0.0175655 0.0201683 0.0231229 0.0264471 0.0301577 0.0342703 0.0387987 0.043754 0.0491444 0.0549745 0.0612449 0.0679516 0.0750859 0.0826338 0.0905763 0.0988887 0.107541 0.116498 0.12572 0.135161 0.144772 0.154499 0.164286 0.174074 0.183801 0.193404 0.202819 0.211983 0.220832 0.229306 0.237345 0.244891 0.251892 0.258297 0.26406 0.269139 0.273499 0.277108 0.27994 0.281975 0.283198 0.2836 0.283179 0.281938 0.279885 0.277036 0.27341 0.269035 0.263941 0.258166 0.251751 0.244741 0.237188 0.229145 0.220669 0.211819 0.202658 0.193248 0.183653 0.173936 0.16416 0.154387 0.144675 0.135081 0.125659 0.116456 0.107518 0.0988855 0.0905924 0.0826685 0.0751383 0.0680204 0.0613286 0.0550712 0.0492522 0.0438708 0.0389222 0.0343983 0.0302879 0.0265773 0.0232509 0.020292 0.017683 0.0154062 0.0134441 0.0117803 0.0103995 0.00928806 0.00843445 0.00782937 0.0074665 
0.00817884 0.00830243 0.00868882 0.00934317 0.010273 0.0114886 0.0130027 0.0148301 0.0169876 0.0194931 0.0223654 0.0256236 0.0292865 0.0333721 0.0378967 0.0428745 0.0483171 0.0542323 0.0606245 0.0674932 0.0748331 0.0826338 0.0908792 0.0995475 0.108611 0.118036 0.127785 0.137811 0.148067 0.158497 0.169045 0.179648 0.190241 0.20076 0.211136 0.2213 0.231186 0.240725 0.249853 0.258506 0.266623 0.274149 0.281031 0.28722 0.292672 0.297351 0.301222 0.304259 0.30644 0.307751 0.308181 0.30773 0.306398 0.304196 0.30114 0.29725 0.292554 0.287085 0.280882 0.273987 0.26645 0.258324 0.249665 0.240534 0.230993 0.221109 0.210949 0.20058 0.190071 0.179489 0.168901 0.158369 0.147957 0.137721 0.127715 0.117988 0.108584 0.0995415 0.0908941 0.0826687 0.0748868 0.067564 0.0607107 0.0543318 0.0484276 0.0429937 0.0380221 0.0335012 0.0294169 0.0257528 0.0224911 0.0196133 0.0171002 0.0149334 0.013095 0.0115687 0.0103397 0.00939554 0.00872626 0.008325 
0.00908324 0.00922002 0.00964659 0.0103685 0.0113938 0.0127337 0.0144018 0.016414 0.0187883 0.0215438 0.0247006 0.0282791 0.032299 0.0367794 0.0417372 0.0471871 0.0531408 0.059606 0.0665863 0.0740802 0.082081 0.0905763 0.0995475 0.10897 0.118813 0.129039 0.139606 0.150464 0.161559 0.172834 0.184224 0.195664 0.207083 0.218412 0.229577 0.240506 0.251126 0.261366 0.271157 0.280432 0.289128 0.297186 0.304549 0.311167 0.316995 0.321994 0.326129 0.329371 0.3317 0.333099 0.333558 0.333075 0.331653 0.329302 0.326037 0.321881 0.316863 0.311016 0.30438 0.297002 0.288932 0.280226 0.270942 0.261146 0.250903 0.240283 0.229357 0.218198 0.206879 0.195471 0.184046 0.172672 0.161417 0.150342 0.139506 0.128962 0.118759 0.10894 0.0995403 0.0905914 0.0821173 0.0741361 0.06666 0.0596953 0.0532433 0.0473004 0.0418585 0.0369061 0.0324284 0.0284085 0.0248276 0.0216659 0.0189033 0.01652 0.0144969 0.0128165 0.011463 0.010423 0.00968565 0.00924373 
0.010046 0.0101967 0.0106657 0.0114589 0.012585 0.0140559 0.0158861 0.0180929 0.0206952 0.0237136 0.0271692 0.0310837 0.0354779 0.0403716 0.0457825 0.0517256 0.0582126 0.0652509 0.0728432 0.0809869 0.0896736 0.0988887 0.108611 0.118813 0.12946 0.140511 0.151919 0.163631 0.175588 0.187726 0.199978 0.212271 0.224531 0.236683 0.24865 0.260353 0.271716 0.282664 0.293124 0.303026 0.312303 0.320893 0.328739 0.335787 0.341992 0.34731 0.351708 0.355157 0.357632 0.359119 0.359607 0.359093 0.357581 0.35508 0.351608 0.347186 0.341845 0.33562 0.328552 0.320689 0.312084 0.302794 0.292882 0.282414 0.271462 0.260098 0.248396 0.236435 0.224292 0.212043 0.199764 0.18753 0.175411 0.163476 0.151787 0.140403 0.129377 0.118756 0.10858 0.0988819 0.0896905 0.0810259 0.0729024 0.0653281 0.0583054 0.0518313 0.0458983 0.0404946 0.0356052 0.0312124 0.0272965 0.0238369 0.0208121 0.0182011 0.0159837 0.014141 0.0126563 0.0115153 0.0107063 0.0102215 
0.0110652 0.0112306 0.0117442 0.0126122 0.0138439 0.0154521 0.0174523 0.0198628 0.0227037 0.0259968 0.0297646 0.0340297 0.038814 0.0441381 0.0500203 0.0564758 0.0635162 0.0711484 0.0793741 0.0881895 0.0975841 0.107541 0.118036 0.129039 0.140511 0.152407 0.164676 0.17726 0.190095 0.203111 0.216237 0.229396 0.242508 0.255492 0.268266 0.280749 0.292859 0.304517 0.315647 0.326175 0.336033 0.345155 0.353481 0.360957 0.367535 0.373172 0.377831 0.381482 0.384104 0.385677 0.386194 0.38565 0.384048 0.3814 0.377722 0.373037 0.367376 0.360775 0.353277 0.344931 0.335792 0.325919 0.315378 0.304239 0.292574 0.280461 0.267979 0.255209 0.242233 0.229132 0.215987 0.202879 0.189882 0.17707 0.16451 0.152267 0.140398 0.128954 0.117979 0.10751 0.0975795 0.0882096 0.079417 0.0712118 0.0635976 0.0565724 0.0501291 0.0442561 0.038938 0.0341565 0.0298913 0.0261205 0.0228217 0.0199726 0.0175518 0.0155393 0.0139172 0.0126702 0.0117861 0.0112564 
0.0121381 0.0123189 0.012879 0.013825 0.015167 0.0169184 0.0190957 0.0217183 0.0248075 0.0283863 0.0324783 0.0371072 0.0422959 0.0480657 0.0544354 0.0614204 0.0690318 0.0772761 0.0861539 0.0956596 0.105781 0.116498 0.127785 0.139606 0.151919 0.164676 0.177821 0.191289 0.205013 0.218919 0.232928 0.246959 0.260927 0.274746 0.28833 0.301593 0.314449 0.326815 0.338612 0.349762 0.360196 0.369844 0.378645 0.386544 0.39349 0.399439 0.404356 0.408208 0.410972 0.412631 0.413176 0.412602 0.410913 0.408119 0.404239 0.399295 0.393318 0.386347 0.378424 0.369601 0.359933 0.349483 0.338317 0.326509 0.314134 0.301274 0.28801 0.274429 0.260616 0.246658 0.232641 0.218649 0.204763 0.191062 0.177619 0.164502 0.151774 0.13949 0.127699 0.116442 0.105753 0.095659 0.0861787 0.077324 0.0691002 0.0615064 0.0545359 0.0481774 0.0424154 0.0372311 0.0326034 0.0285095 0.0249259 0.0218291 0.0191966 0.0170071 0.0152419 0.0138846 0.0129222 0.0123457 
0.0132611 0.0134579 0.0140663 0.0150934 0.0165497 0.0184496 0.0208104 0.0236526 0.0269987 0.0308728 0.0352997 0.0403041 0.0459098 0.0521387 0.0590099 0.0665388 0.0747363 0.083608 0.0931532 0.103365 0.114228 0.12572 0.137811 0.150464 0.163631 0.17726 0.191289 0.20565 0.220271 0.23507 0.249966 0.264871 0.279695 0.294348 0.308739 0.322776 0.336372 0.349439 0.361895 0.37366 0.38466 0.394826 0.404094 0.412407 0.419713 0.425969 0.431137 0.435184 0.438088 0.439831 0.440403 0.4398 0.438025 0.435091 0.431012 0.425816 0.419531 0.412197 0.403858 0.394566 0.384378 0.373359 0.361577 0.349107 0.336029 0.322427 0.308386 0.293996 0.279348 0.264533 0.249641 0.234763 0.219983 0.205387 0.191051 0.177051 0.163452 0.150316 0.137696 0.125636 0.114175 0.103341 0.0931581 0.0836387 0.0747902 0.0666127 0.0591006 0.0522427 0.0460236 0.0404241 0.0354224 0.0309948 0.0271168 0.0237638 0.0209121 0.0185395 0.0166259 0.0151542 0.0141106 0.0134856 
0.0144298 0.0146432 0.0153014 0.0164122 0.0179864 0.0200393 0.0225891 0.0256575 0.0292679 0.0334456 0.0382165 0.0436063 0.0496394 0.0563385 0.0637227 0.0718074 0.0806031 0.0901141 0.100339 0.111267 0.122883 0.135161 0.148067 0.161559 0.175588 0.190095 0.205013 0.220271 0.235788 0.251481 0.267262 0.283036 0.298712 0.314192 0.329381 0.344184 0.35851 0.372267 0.38537 0.397737 0.409291 0.419962 0.429685 0.438401 0.446058 0.452611 0.458022 0.462259 0.465298 0.467122 0.46772 0.467089 0.465233 0.462161 0.457892 0.452449 0.445866 0.438179 0.429435 0.419686 0.408991 0.397414 0.385028 0.371909 0.358139 0.343805 0.328997 0.313807 0.29833 0.282663 0.2669 0.251136 0.235463 0.219969 0.204738 0.189849 0.175374 0.161379 0.14792 0.135048 0.122804 0.11122 0.100322 0.0901262 0.0806409 0.0718678 0.0638023 0.0564336 0.0497464 0.0437213 0.0383358 0.0335655 0.0293849 0.0257685 0.0226913 0.0201299 0.0180635 0.016474 0.0153466 0.0146717 
0.0156388 0.0158693 0.0165787 0.0177752 0.0194704 0.0216801 0.0244236 0.0277234 0.0316043 0.0360923 0.0412146 0.0469975 0.0534664 0.0606442 0.0685502 0.0771997 0.0866022 0.0967613 0.107673 0.119327 0.131702 0.144772 0.158497 0.172834 0.187726 0.203111 0.218919 0.23507 0.251481 0.268063 0.28472 0.301356 0.317872 0.334167 0.350142 0.365697 0.380737 0.395168 0.408902 0.421854 0.433948 0.445109 0.455271 0.464377 0.472372 0.479211 0.484856 0.489276 0.492445 0.494347 0.494971 0.494313 0.492377 0.489174 0.484721 0.479043 0.472172 0.464145 0.45501 0.444819 0.433631 0.421514 0.40854 0.394787 0.380341 0.36529 0.349727 0.33375 0.317457 0.300947 0.284322 0.26768 0.251119 0.234731 0.218607 0.20283 0.187477 0.172619 0.158319 0.144629 0.131595 0.119255 0.107634 0.0967534 0.0866227 0.0772453 0.0686175 0.0607294 0.0535655 0.0471066 0.0413295 0.0362093 0.0317196 0.0278336 0.0245256 0.0217711 0.0195481 0.0178377 0.0166247 0.0158985 
0.016882 0.0171299 0.0178915 0.0191755 0.020994 0.0233635 0.0263042 0.0298396 0.0339955 0.0387989 0.0442779 0.0504597 0.0573702 0.0650326 0.0734664 0.0826862 0.0927011 0.103513 0.115117 0.127499 0.140637 0.154499 0.169045 0.184224 0.199978 0.216237 0.232928 0.249966 0.267262 0.28472 0.302242 0.319726 0.337067 0.35416 0.370902 0.38719 0.402925 0.418011 0.432356 0.445875 0.458488 0.47012 0.480706 0.490185 0.498503 0.505617 0.511486 0.516079 0.519372 0.521348 0.521996 0.521313 0.519303 0.515975 0.511347 0.505444 0.498297 0.489945 0.480435 0.469819 0.458158 0.445519 0.431976 0.417609 0.402506 0.386758 0.37046 0.353713 0.336619 0.319283 0.301809 0.284301 0.266861 0.249589 0.232579 0.215919 0.199693 0.183975 0.168833 0.154325 0.140501 0.127401 0.115054 0.103484 0.0927031 0.082716 0.0735203 0.0651067 0.0574604 0.0505618 0.0443877 0.0389122 0.0341083 0.0299484 0.0264056 0.0234544 0.021072 0.0192386 0.0179381 0.0171597 
0.0181524 0.0184179 0.0192325 0.0206052 0.0225486 0.0250799 0.0282203 0.031994 0.0364278 0.0415499 0.0473889 0.0539729 0.0613283 0.0694784 0.0784427 0.0882353 0.0988643 0.11033 0.122626 0.135736 0.149634 0.164286 0.179648 0.195664 0.212271 0.229396 0.246959 0.264871 0.283036 0.301356 0.319726 0.338038 0.356184 0.374054 0.391542 0.40854 0.424947 0.440664 0.455597 0.469659 0.482769 0.494853 0.505841 0.515675 0.524302 0.531675 0.537756 0.542514 0.545924 0.54797 0.548642 0.547935 0.545853 0.542408 0.537614 0.531498 0.524091 0.51543 0.505563 0.494542 0.482428 0.469289 0.4552 0.440244 0.424507 0.408084 0.391073 0.373578 0.355705 0.337562 0.319258 0.300902 0.2826 0.264457 0.246572 0.229041 0.21195 0.19538 0.179403 0.164081 0.149469 0.13561 0.122539 0.110279 0.0988468 0.0882482 0.0784822 0.0695405 0.0614087 0.0540672 0.0474926 0.0416587 0.0365376 0.0321008 0.0283204 0.0251703 0.0226265 0.0206685 0.0192795 0.0184483 
0.0194421 0.0197254 0.0205935 0.0220555 0.0241246 0.0268189 0.03016 0.0341733 0.0388864 0.0443283 0.0505284 0.0575156 0.0653164 0.0739544 0.0834487 0.093813 0.105054 0.117171 0.130155 0.143988 0.15864 0.174074 0.190241 0.207083 0.224531 0.242508 0.260927 0.279695 0.298712 0.317872 0.337067 0.356184 0.37511 0.393732 0.411939 0.429621 0.446672 0.462994 0.478489 0.493069 0.506652 0.519162 0.530533 0.540702 0.549618 0.557236 0.563516 0.568428 0.571949 0.574061 0.574755 0.574026 0.571878 0.568322 0.563374 0.557058 0.549405 0.540453 0.530249 0.518845 0.506301 0.492688 0.478079 0.462558 0.446214 0.429143 0.411446 0.39323 0.374603 0.355677 0.336566 0.317383 0.29824 0.279245 0.260504 0.242116 0.224175 0.206765 0.189963 0.173837 0.158445 0.143835 0.130043 0.117098 0.105016 0.0938081 0.083473 0.0740036 0.0653862 0.0576013 0.0506255 0.044432 0.0389924 0.0342775 0.0302585 0.0269083 0.0242022 0.0221188 0.0206407 0.0197563 
0.0207427 0.0210439 0.0219655 0.0235168 0.0257118 0.0285689 0.0321107 0.0363634 0.0413552 0.0471161 0.0536762 0.0610647 0.0693087 0.0784316 0.0884522 0.0993835 0.111231 0.123993 0.137657 0.152202 0.167597 0.183801 0.20076 0.218412 0.236683 0.255492 0.274746 0.294348 0.314192 0.334167 0.35416 0.374054 0.393732 0.413076 0.431972 0.450308 0.467975 0.484871 0.500899 0.515969 0.529998 0.542911 0.554639 0.565124 0.574311 0.582156 0.588622 0.593678 0.597301 0.599475 0.600189 0.599439 0.597231 0.593572 0.58848 0.581978 0.574096 0.564873 0.554353 0.542589 0.529642 0.515579 0.500478 0.484422 0.4675 0.449812 0.431459 0.412551 0.393199 0.373519 0.353629 0.333646 0.313686 0.293864 0.274288 0.255065 0.236292 0.218059 0.200449 0.183532 0.167373 0.152021 0.137518 0.123895 0.111173 0.0993603 0.0884606 0.0784673 0.0693672 0.0611413 0.0537659 0.0472142 0.041457 0.0364645 0.0322072 0.0286571 0.0257887 0.0235799 0.0220128 0.0210752 
0.0220451 0.0223641 0.0233389 0.0249791 0.0272991 0.0303179 0.034059 0.038549 0.0438172 0.0498942 0.0568107 0.0645963 0.0732782 0.0828799 0.0934197 0.10491 0.117354 0.130749 0.14508 0.160325 0.176448 0.193404 0.211136 0.229577 0.24865 0.268266 0.28833 0.308739 0.329381 0.350142 0.370902 0.391542 0.411939 0.431972 0.451525 0.470481 0.48873 0.506169 0.522699 0.538229 0.552676 0.565965 0.578027 0.588804 0.598242 0.606299 0.612936 0.618125 0.621843 0.624073 0.624805 0.624038 0.621773 0.61802 0.612795 0.606121 0.598028 0.588553 0.57774 0.565641 0.552316 0.537834 0.52227 0.505709 0.488243 0.469969 0.450993 0.431425 0.411382 0.390981 0.370343 0.34959 0.328844 0.308221 0.287839 0.267805 0.248224 0.229191 0.210792 0.193104 0.176193 0.160116 0.144916 0.130628 0.117274 0.104868 0.0934118 0.0829016 0.0733249 0.0646631 0.0568925 0.0499861 0.0439143 0.0386467 0.034153 0.0304045 0.027375 0.0250417 0.0233861 0.0223957 
0.0233397 0.0236763 0.0247035 0.0264315 0.0288748 0.0320531 0.0359905 0.0407145 0.0462548 0.0526427 0.0599096 0.0680852 0.077197 0.0872682 0.0983165 0.110353 0.123381 0.137394 0.152377 0.168302 0.185132 0.202819 0.2213 0.240506 0.260353 0.280749 0.301593 0.322776 0.344184 0.365697 0.38719 0.40854 0.429621 0.450308 0.470481 0.490022 0.508819 0.526767 0.543766 0.559725 0.574561 0.588198 0.600569 0.611614 0.621284 0.629534 0.636329 0.641639 0.645443 0.647725 0.648475 0.647691 0.645375 0.641536 0.63619 0.62936 0.621073 0.611366 0.600282 0.587874 0.574199 0.559327 0.543332 0.5263 0.508322 0.489497 0.469933 0.449743 0.429043 0.407955 0.386605 0.365118 0.343617 0.322228 0.301069 0.280255 0.259894 0.240087 0.220924 0.202488 0.184849 0.168066 0.152187 0.13725 0.12328 0.110292 0.0982921 0.0872757 0.0772316 0.0681419 0.0599832 0.0527281 0.0463468 0.0408083 0.0360818 0.0321378 0.0289495 0.0264935 0.0247506 0.0237081 
0.0246164 0.0249704 0.026049 0.0278628 0.0304269 0.0337613 0.0378908 0.0428434 0.0486496 0.0553413 0.06295 0.071506 0.0810366 0.0915648 0.103108 0.115675 0.129269 0.143882 0.159495 0.176078 0.193592 0.211983 0.231186 0.251126 0.271716 0.292859 0.314449 0.336372 0.35851 0.380737 0.402925 0.424947 0.446672 0.467975 0.48873 0.508819 0.528128 0.546549 0.563984 0.58034 0.595534 0.609491 0.622144 0.633436 0.643317 0.651743 0.65868 0.664101 0.667983 0.670312 0.671078 0.670279 0.667917 0.664001 0.658546 0.651573 0.64311 0.633192 0.621861 0.609169 0.595173 0.579941 0.563547 0.546077 0.527623 0.508284 0.48817 0.467394 0.446076 0.424341 0.402317 0.380131 0.357915 0.335795 0.313894 0.292334 0.271226 0.250676 0.230779 0.211622 0.19328 0.175815 0.15928 0.143715 0.129147 0.115596 0.103067 0.0915578 0.0810589 0.0715524 0.0630151 0.0554197 0.0487362 0.0429331 0.037979 0.0338439 0.0305002 0.027924 0.0260958 0.0250023 
0.025865 0.0262358 0.0273644 0.0292616 0.0319429 0.035429 0.0397448 0.0449192 0.0509832 0.0579691 0.0659088 0.0748327 0.0847682 0.0957377 0.107758 0.120837 0.134976 0.150165 0.166384 0.183599 0.201767 0.220832 0.240725 0.261366 0.282664 0.304517 0.326815 0.349439 0.372267 0.395168 0.418011 0.440664 0.462994 0.484871 0.506169 0.526767 0.546549 0.565408 0.583244 0.599964 0.615485 0.629734 0.642645 0.65416 0.664231 0.672816 0.679882 0.685401 0.689353 0.691724 0.692505 0.691693 0.68929 0.685305 0.679751 0.672651 0.664029 0.653921 0.642367 0.629417 0.615128 0.599566 0.582807 0.564934 0.546039 0.526225 0.505599 0.484277 0.462381 0.440039 0.417381 0.394539 0.371647 0.348835 0.326232 0.303963 0.282145 0.260886 0.240289 0.220443 0.201427 0.183309 0.166144 0.149976 0.134834 0.120739 0.1077 0.0957162 0.084778 0.0748686 0.0659652 0.0580405 0.0510642 0.0450046 0.0398298 0.0355092 0.0320147 0.0293219 0.0274108 0.0262678 
0.027075 0.0274619 0.0286387 0.0306163 0.0334105 0.0370424 0.0415375 0.0469252 0.0532369 0.0605053 0.0687626 0.0780395 0.0883629 0.0997551 0.112232 0.1258 0.14046 0.156199 0.172994 0.190811 0.209601 0.229306 0.249853 0.271157 0.293124 0.315647 0.338612 0.361895 0.38537 0.408902 0.432356 0.455597 0.478489 0.500899 0.522699 0.543766 0.563984 0.583244 0.601445 0.618497 0.634316 0.648828 0.661971 0.673686 0.683927 0.692654 0.699835 0.705442 0.709456 0.711865 0.712658 0.711835 0.709396 0.705349 0.69971 0.692495 0.683732 0.673454 0.661699 0.648517 0.633963 0.618103 0.60101 0.582769 0.563472 0.543219 0.522121 0.500294 0.477863 0.454957 0.431708 0.408252 0.384727 0.361266 0.338003 0.315066 0.292577 0.270649 0.249389 0.22889 0.209235 0.190496 0.172731 0.155987 0.140297 0.125684 0.112158 0.0997194 0.0883605 0.0780649 0.0688103 0.0605695 0.0533122 0.0470061 0.0416191 0.0371202 0.0334806 0.0306755 0.0286846 0.027494 
0.0282359 0.0286383 0.029861 0.0319152 0.034817 0.0385879 0.0432539 0.0488446 0.0553921 0.0629292 0.0714886 0.0811007 0.0917925 0.103586 0.116495 0.130527 0.145679 0.161938 0.179278 0.197661 0.217038 0.237345 0.258506 0.280432 0.303026 0.326175 0.349762 0.37366 0.397737 0.421854 0.445875 0.469659 0.493069 0.515969 0.538229 0.559725 0.58034 0.599964 0.618497 0.635847 0.651933 0.666683 0.680031 0.691925 0.702318 0.71117 0.718451 0.724136 0.728205 0.730647 0.731452 0.730618 0.728148 0.724048 0.718332 0.711018 0.70213 0.691701 0.679768 0.666378 0.651587 0.635459 0.618066 0.599491 0.579827 0.559175 0.537646 0.515356 0.492433 0.469006 0.445211 0.421187 0.397073 0.373009 0.34913 0.325569 0.302453 0.279899 0.258016 0.236903 0.216647 0.197323 0.178992 0.161705 0.145497 0.130393 0.116405 0.103536 0.0917781 0.0811159 0.0715277 0.0629864 0.0554616 0.0489211 0.0433321 0.0386632 0.0348854 0.0319733 0.0299063 0.0286703 
0.0293373 0.0297543 0.0310203 0.0331469 0.0361502 0.0400521 0.0448791 0.0506612 0.0574307 0.0652208 0.0740643 0.0839916 0.0950294 0.107199 0.120514 0.134981 0.150594 0.167339 0.185188 0.204101 0.224024 0.244891 0.266623 0.289128 0.312303 0.336033 0.360196 0.38466 0.409291 0.433948 0.458488 0.482769 0.506652 0.529998 0.552676 0.574561 0.595534 0.615485 0.634316 0.651933 0.668258 0.683217 0.696748 0.708799 0.719324 0.728287 0.735656 0.741408 0.745525 0.747995 0.748811 0.747968 0.745471 0.741325 0.735543 0.728142 0.719145 0.708583 0.696493 0.682921 0.667919 0.651551 0.63389 0.615016 0.595022 0.57401 0.552089 0.529379 0.506007 0.482104 0.45781 0.433264 0.408609 0.383988 0.359541 0.335404 0.311706 0.28857 0.266109 0.244425 0.223609 0.20374 0.184881 0.167086 0.150393 0.13483 0.120409 0.107136 0.0950034 0.0839969 0.074095 0.0652711 0.0574946 0.0507332 0.0449539 0.0401248 0.0362167 0.0332038 0.0310651 0.0297863 
