0.000125944 0.000128643 0.00013842 0.000155615 0.00018077 0.000214646 0.000258226 0.000312712 0.000379521 0.000460277 0.000556802 0.0006711 0.000805344 0.00096184 0.00114301 0.00135134 0.00158934 0.00185952 0.00216427 0.00250587 0.00288638 0.00330757 0.00377085 0.00427723 0.0048272 0.00542068 0.006057 0.00673477 0.00745192 0.00820561 0.00899226 0.00980753 0.0106463 0.0115029 0.0123707 0.0132429 0.0141119 0.0149699 0.0158086 0.0166198 0.0173952 0.0181265 0.0188057 0.0194254 0.0199785 0.0204586 0.02086 0.0211781 0.0214091 0.0215502 0.0215996 0.0215569 0.0214225 0.0211981 0.0208864 0.0204912 0.0200172 0.0194699 0.0188558 0.0181817 0.0174552 0.0166842 0.015877 0.0150418 0.0141869 0.0133204 0.0124501 0.0115837 0.0107281 0.00988965 0.00907423 0.0082869 0.00753203 0.00681325 0.00613341 0.00549463 0.00489833 0.00434525 0.0038355 0.00336864 0.00294374 0.00255941 0.00221393 0.00190529 0.00163128 0.0013895 0.00117752 0.000992832 0.000832976 0.000695549 0.000578252 0.000478919 0.000395545 0.000326301 0.000269551 0.000223864 0.00018802 0.000161013 0.000142057 0.000130606 
0.000128643 0.000131407 0.000141406 0.000158988 0.000184705 0.000219337 0.000263889 0.000319588 0.000387881 0.000470428 0.000569089 0.000685913 0.000823114 0.00098305 0.00116819 0.00138107 0.00162425 0.00190028 0.00221161 0.00256055 0.0029492 0.00337934 0.00385243 0.00436947 0.00493095 0.00553679 0.00618628 0.00687799 0.00760981 0.00837882 0.00918136 0.010013 0.0108685 0.0117421 0.0126271 0.0135164 0.0144023 0.0152769 0.0161318 0.0169586 0.0177488 0.018494 0.0191861 0.0198175 0.0203809 0.02087 0.0212789 0.021603 0.0218382 0.0219818 0.0220321 0.0219885 0.0218516 0.0216229 0.0213053 0.0209027 0.0204197 0.019862 0.0192362 0.0185492 0.0178089 0.0170232 0.0162004 0.015349 0.0144775 0.0135941 0.0127068 0.0118233 0.0109507 0.0100955 0.00926378 0.00846059 0.00769044 0.00695701 0.00626325 0.00561132 0.00500268 0.00443809 0.00391768 0.00344101 0.00300713 0.00261465 0.00226181 0.00194657 0.00166667 0.0014197 0.00120313 0.00101444 0.000851109 0.00071069 0.000590834 0.000489331 0.000404133 0.000333373 0.00027538 0.000228693 0.000192064 0.000164468 0.000145099 0.000133401 
0.00013842 0.000141406 0.000152156 0.000171043 0.000198655 0.000235823 0.00028362 0.000343353 0.000416563 0.000505016 0.00061069 0.000735761 0.00088258 0.00105364 0.00125157 0.00147904 0.00173876 0.0020334 0.00236557 0.00273766 0.00315188 0.0036101 0.00411381 0.00466403 0.00526123 0.0059053 0.00659541 0.00733004 0.00810687 0.0089228 0.00977391 0.0106555 0.011562 0.0124871 0.013424 0.0143651 0.0153023 0.0162272 0.0171309 0.0180045 0.0188393 0.0196263 0.020357 0.0210235 0.0216181 0.0221341 0.0225655 0.0229072 0.0231551 0.0233065 0.0233593 0.0233132 0.0231685 0.0229271 0.0225918 0.0221667 0.0216568 0.021068 0.0204072 0.0196817 0.0188996 0.0180693 0.0171997 0.0162997 0.015378 0.0144435 0.0135045 0.0125692 0.0116451 0.0107391 0.00985755 0.00900591 0.00818893 0.00741058 0.00667398 0.00598148 0.00533465 0.00473437 0.00418079 0.0036735 0.00321153 0.00279343 0.00241739 0.00208126 0.00178267 0.00151908 0.00128783 0.00108626 0.000911705 0.000761568 0.000633364 0.000524748 0.000433544 0.000357769 0.000295647 0.000245623 0.000206368 0.000176789 0.000156031 0.0001435 
0.000155615 0.000158988 0.000171043 0.000192192 0.000223087 0.000264648 0.00031806 0.000384766 0.000466466 0.000565106 0.000682862 0.000822125 0.000985474 0.00117564 0.00139549 0.00164795 0.00193596 0.00226243 0.00263016 0.00304174 0.00349954 0.00400554 0.0045613 0.00516787 0.00582571 0.00653458 0.00729353 0.00810079 0.00895377 0.009849 0.0107821 0.0117479 0.0127404 0.0137526 0.0147769 0.0158052 0.0168286 0.0178379 0.0188236 0.0197761 0.0206857 0.0215429 0.0223384 0.0230637 0.0237106 0.0242717 0.0247407 0.025112 0.0253814 0.0255456 0.0256028 0.0255523 0.0253946 0.0251318 0.0247669 0.0243042 0.0237492 0.0231082 0.0223885 0.0215983 0.0207461 0.0198412 0.0188929 0.017911 0.016905 0.0158844 0.0148585 0.0138359 0.012825 0.0118333 0.0108677 0.00993419 0.0090381 0.00818375 0.00737465 0.00661342 0.00590188 0.00524102 0.00463111 0.00407177 0.00356199 0.00310027 0.00268467 0.00231288 0.00198236 0.00169034 0.00143397 0.00121032 0.00101649 0.000849663 0.0007071 0.000586235 0.000484679 0.000400251 0.000330997 0.000275201 0.000231402 0.000198393 0.000175229 0.000161254 
0.00018077 0.000184705 0.000198655 0.000223087 0.000258745 0.000306675 0.000368221 0.000445023 0.000539007 0.000652374 0.000787583 0.00094733 0.00113452 0.00135222 0.00160364 0.00189204 0.00222072 0.00259289 0.00301165 0.00347986 0.00400008 0.00457448 0.0052047 0.00589183 0.00663626 0.00743764 0.00829475 0.00920553 0.010167 0.011175 0.0122248 0.0133104 0.0144249 0.0155606 0.0167091 0.017861 0.0190066 0.0201356 0.0212375 0.0223015 0.0233169 0.0242733 0.0251606 0.025969 0.0266897 0.0273146 0.0278366 0.0282498 0.0285494 0.0287318 0.0287951 0.0287384 0.0285625 0.0282694 0.0278626 0.0273468 0.026728 0.0260132 0.0252105 0.0243287 0.0233774 0.0223667 0.0213071 0.0202092 0.0190837 0.0179412 0.0167919 0.0156456 0.0145114 0.0133979 0.0123128 0.011263 0.0102543 0.00929169 0.00837927 0.00752005 0.00671614 0.00596878 0.00527837 0.00464459 0.0040664 0.00354219 0.00306987 0.00264694 0.00227056 0.00193771 0.00164519 0.00138977 0.0011682 0.000977299 0.000814022 0.000675472 0.000558958 0.000462019 0.000382444 0.000318295 0.000267914 0.000229934 0.000203282 0.000187215 
0.000214646 0.000219337 0.000235823 0.000264648 0.000306675 0.000363115 0.000435526 0.000525803 0.00063617 0.000769165 0.000927618 0.00111462 0.00133351 0.00158779 0.00188112 0.0022172 0.00259977 0.00303246 0.00351873 0.00406179 0.00466447 0.00532913 0.00605755 0.00685082 0.00770926 0.00863231 0.00961846 0.0106652 0.011769 0.0129251 0.0141277 0.0153701 0.0166444 0.0179417 0.0192523 0.0205657 0.0218709 0.023156 0.0244093 0.0256187 0.0267722 0.0278578 0.0288643 0.029781 0.0305977 0.0313055 0.0318966 0.0323641 0.0327029 0.032909 0.0329801 0.0329155 0.0327157 0.0323833 0.0319221 0.0313372 0.0306355 0.0298246 0.0289137 0.0279127 0.0268323 0.0256838 0.024479 0.02323 0.0219486 0.020647 0.0193365 0.0180283 0.016733 0.0154601 0.0142185 0.0130161 0.0118598 0.0107552 0.00970707 0.00871904 0.00779365 0.00693243 0.00613599 0.00540406 0.0047356 0.00412889 0.00358163 0.00309104 0.00265397 0.00226702 0.0019266 0.00162901 0.00137059 0.00114772 0.00095689 0.000794804 0.000658369 0.000544754 0.000451417 0.000376122 0.000316954 0.000272335 0.000241025 0.000222165 
0.000258226 0.000263889 0.00028362 0.00031806 0.000368221 0.000435526 0.000521798 0.000629255 0.000760495 0.000918477 0.00110649 0.00132815 0.00158728 0.00188797 0.00223442 0.00263089 0.00308164 0.00359083 0.00416237 0.00479989 0.00550652 0.00628487 0.00713685 0.00806356 0.0090652 0.010141 0.0112889 0.012506 0.0137879 0.0151291 0.0165229 0.0179611 0.0194347 0.0209335 0.0224461 0.0239606 0.0254642 0.0269435 0.028385 0.0297749 0.0310995 0.0323455 0.0335 0.0345507 0.0354864 0.036297 0.0369734 0.0375083 0.0378956 0.038131 0.0382118 0.0381372 0.037908 0.0375269 0.0369982 0.0363278 0.0355232 0.0345933 0.0335484 0.0323995 0.0311589 0.0298393 0.0284543 0.0270173 0.0255422 0.0240424 0.0225313 0.0210216 0.0195252 0.0180535 0.0166165 0.0152236 0.0138825 0.0126002 0.0113821 0.0102326 0.00915477 0.00815056 0.00722083 0.00636543 0.00558331 0.00487262 0.00423083 0.00365483 0.00314108 0.00268572 0.00228464 0.00193365 0.00162851 0.00136505 0.00113923 0.000947228 0.000785452 0.000650612 0.000539745 0.000450243 0.000379872 0.000326785 0.000289533 0.000267111 
0.000312712 0.000319588 0.000343353 0.000384766 0.000445023 0.000525803 0.000629255 0.00075799 0.000915061 0.00110394 0.00132848 0.00159289 0.00190167 0.00225953 0.00267135 0.00314207 0.00367658 0.00427964 0.00495572 0.00570889 0.0065427 0.00746 0.00846284 0.0095523 0.0107284 0.0119901 0.0133348 0.0147588 0.016257 0.0178226 0.0194478 0.0211231 0.0228378 0.0245799 0.0263364 0.0280934 0.0298362 0.0315494 0.0332173 0.0348244 0.0363548 0.0377934 0.0391254 0.0403371 0.0414155 0.0423492 0.0431281 0.0437436 0.0441891 0.0444595 0.044552 0.0444654 0.0442009 0.0437614 0.0431517 0.0423787 0.0414508 0.0403781 0.0391722 0.0378457 0.0364126 0.0348875 0.0332855 0.0316224 0.0299138 0.0281753 0.0264221 0.024669 0.0229298 0.0212176 0.0195442 0.0179203 0.0163554 0.0148573 0.0134328 0.012087 0.0108236 0.00964521 0.00855295 0.00754685 0.00662587 0.00578802 0.00503051 0.00434985 0.00374205 0.0032027 0.0027271 0.00231041 0.00194774 0.00163427 0.0013653 0.00113637 0.000943287 0.000782204 0.000649649 0.00054256 0.000458312 0.000394734 0.000350119 0.000323283 
0.000379521 0.000387881 0.000416563 0.000466466 0.000539007 0.00063617 0.000760495 0.000915061 0.00110346 0.00132978 0.00159855 0.00191468 0.00228343 0.0027103 0.00320096 0.0037611 0.00439639 0.00511228 0.00591386 0.00680574 0.0077919 0.00887546 0.0100586 0.0113424 0.0127266 0.0142097 0.0157886 0.0174586 0.0192135 0.0210455 0.0229449 0.0249008 0.0269005 0.0289302 0.0309746 0.0330176 0.0350422 0.0370307 0.0389651 0.0408273 0.0425995 0.0442642 0.0458045 0.0472049 0.0484506 0.0495286 0.0504273 0.0511373 0.0516508 0.0519622 0.0520682 0.0519676 0.0516617 0.0511537 0.0504493 0.049556 0.0484836 0.0472435 0.0458487 0.0443139 0.0426547 0.040888 0.0390311 0.0371019 0.0351184 0.0330985 0.0310599 0.0290195 0.0269934 0.0249968 0.0230435 0.021146 0.0193155 0.0175613 0.0158914 0.0143119 0.0128276 0.0114415 0.0101553 0.00896909 0.007882 0.00689188 0.00599564 0.0051894 0.00446862 0.00382826 0.00326295 0.00276709 0.00233504 0.00196118 0.00164006 0.00136645 0.00113547 0.000942585 0.00078373 0.000655301 0.000554205 0.000477884 0.000424325 0.000392131 
0.000460277 0.000470428 0.000505016 0.000565106 0.000652374 0.000769165 0.000918477 0.00110394 0.00132978 0.00160081 0.00192232 0.00230007 0.00274021 0.00324912 0.00383339 0.00449962 0.00525431 0.00610371 0.00705363 0.00810928 0.00927507 0.0105545 0.0119497 0.0134618 0.0150903 0.0168329 0.0186859 0.0206436 0.0226984 0.024841 0.02706 0.0293425 0.0316737 0.0340373 0.0364158 0.0387903 0.0411413 0.0434482 0.0456906 0.0478476 0.0498988 0.0518242 0.0536047 0.0552223 0.0566606 0.0579046 0.0589413 0.0597597 0.0603514 0.0607098 0.0608314 0.0607147 0.0603611 0.0597744 0.0589609 0.0579293 0.0566905 0.0552575 0.0536452 0.0518701 0.0499503 0.0479046 0.0457532 0.0435163 0.0412147 0.038869 0.0364994 0.0341256 0.0317663 0.029439 0.0271599 0.0249436 0.0228033 0.02075 0.0187931 0.0169402 0.0151969 0.0135672 0.012053 0.0106551 0.00937247 0.00820287 0.00714293 0.00618832 0.0053339 0.00457394 0.00390227 0.00331247 0.00279799 0.00235232 0.00196911 0.00164226 0.00136607 0.00113522 0.000944947 0.000791004 0.000669756 0.000578186 0.000513922 0.000475317 
0.000556802 0.000569089 0.00061069 0.000682862 0.000787583 0.000927618 0.00110649 0.00132848 0.00159855 0.00192232 0.002306 0.00275631 0.00328039 0.00388568 0.00457978 0.00537031 0.00626475 0.00727022 0.00839333 0.00963992 0.0110149 0.012522 0.0141637 0.0159406 0.017852 0.0198949 0.0220647 0.0243543 0.0267548 0.029255 0.0318415 0.034499 0.0372104 0.0399567 0.0427174 0.0454709 0.0481945 0.0508649 0.0534582 0.0559509 0.0583194 0.0605412 0.0625945 0.0644588 0.0661155 0.0675477 0.0687407 0.0696821 0.0703622 0.070774 0.070913 0.070778 0.0703704 0.0696944 0.0687573 0.0675688 0.0661412 0.0644893 0.06263 0.060582 0.0583656 0.0560026 0.0535157 0.0509281 0.0482636 0.0455457 0.0427978 0.0400425 0.0373013 0.0345947 0.0319414 0.0293586 0.0268616 0.0244635 0.0221756 0.0200068 0.017964 0.0160519 0.0142736 0.0126298 0.0111197 0.00974122 0.00849049 0.00736274 0.0063522 0.00545234 0.00465612 0.00395617 0.00334493 0.00281487 0.00235862 0.00196909 0.0016396 0.00136397 0.00113659 0.000952501 0.000807424 0.000697817 0.00062089 0.000574704 
0.0006711 0.000685913 0.000735761 0.000822125 0.00094733 0.00111462 0.00132815 0.00159289 0.00191468 0.00230007 0.00275631 0.0032912 0.00391303 0.00463039 0.00545206 0.00638679 0.00744313 0.00862917 0.00995237 0.0114193 0.0130353 0.0148045 0.0167293 0.0188102 0.0210458 0.0234325 0.0259643 0.0286328 0.0314273 0.0343345 0.0373387 0.0404221 0.0435646 0.0467442 0.0499373 0.053119 0.0562631 0.059343 0.0623316 0.0652018 0.0679271 0.0704817 0.072841 0.0749819 0.0768833 0.0785263 0.0798942 0.0809732 0.0817523 0.0822235 0.0823822 0.0822266 0.0817584 0.0809826 0.079907 0.0785427 0.0769037 0.0750065 0.07287 0.0705156 0.0679662 0.0652464 0.062382 0.0593994 0.0563257 0.0531878 0.0500124 0.0468255 0.0436519 0.0405151 0.037437 0.0344376 0.0315346 0.0287436 0.0260778 0.023548 0.0211624 0.018927 0.0168454 0.0149191 0.0131475 0.0115283 0.0100576 0.00872986 0.00753877 0.00647694 0.00553634 0.00470853 0.00398485 0.00335661 0.00281529 0.00235267 0.00196098 0.00163302 0.00136226 0.00114288 0.000969906 0.000839169 0.000747404 0.00069234 
0.000805344 0.000823114 0.00088258 0.000985474 0.00113452 0.00133351 0.00158728 0.00190167 0.00228343 0.00274021 0.00328039 0.00391303 0.00464767 0.00549424 0.00646278 0.0075633 0.00880552 0.0101986 0.0117509 0.0134698 0.0153611 0.0174291 0.0196762 0.0221027 0.0247064 0.0274827 0.0304243 0.0335212 0.0367604 0.0401264 0.0436008 0.0471628 0.0507892 0.0544545 0.0581317 0.061792 0.0654058 0.0689425 0.0723715 0.0756619 0.0787838 0.0817081 0.084407 0.0868547 0.0890274 0.0909037 0.0924652 0.0936964 0.0945849 0.095122 0.0953022 0.0951238 0.0945886 0.0937022 0.0924733 0.0909144 0.0890411 0.0868718 0.084428 0.0817334 0.0788139 0.0756973 0.0724126 0.0689899 0.0654597 0.0618526 0.0581992 0.054529 0.0508706 0.047251 0.0436954 0.040227 0.0368664 0.0336319 0.0305391 0.0276006 0.0248265 0.022224 0.0197978 0.01755 0.0154803 0.0135864 0.0118641 0.0103076 0.00890956 0.00766185 0.00655534 0.00558044 0.00472723 0.00398576 0.0033462 0.00279908 0.00233541 0.00194684 0.00162578 0.00136547 0.0011601 0.00100482 0.000895817 0.000830441 
0.00096184 0.00098305 0.00105364 0.00117564 0.00135222 0.00158779 0.00188797 0.00225953 0.0027103 0.00324912 0.00388568 0.00463039 0.00549424 0.00648857 0.00762485 0.00891447 0.0103684 0.011997 0.0138095 0.0158141 0.0180171 0.0204229 0.023034 0.02585 0.0288681 0.0320823 0.0354838 0.0390606 0.0427974 0.0466759 0.0506748 0.0547699 0.0589344 0.0631392 0.0673532 0.0715438 0.075677 0.0797185 0.0836332 0.0873868 0.0909454 0.0942762 0.0973484 0.100133 0.102603 0.104735 0.106509 0.107907 0.108915 0.109524 0.109728 0.109524 0.108916 0.107908 0.106511 0.104739 0.102609 0.100141 0.0973594 0.0942909 0.0909643 0.0874107 0.0836628 0.0797542 0.0757195 0.0715935 0.0674105 0.0632043 0.0590074 0.0548507 0.0507633 0.0467717 0.0428999 0.0391693 0.0355979 0.0322009 0.0289902 0.0259747 0.0231601 0.0205493 0.0181427 0.0159378 0.0139304 0.0121141 0.0104809 0.00902154 0.00772592 0.00658312 0.00558188 0.00471084 0.00395874 0.0033147 0.00276838 0.00231014 0.00193121 0.00162377 0.00138107 0.0011975 0.00106862 0.000991366 
0.00114301 0.00116819 0.00125157 0.00139549 0.00160364 0.00188112 0.00223442 0.00267135 0.00320096 0.00383339 0.00457978 0.00545206 0.00646278 0.00762485 0.00895131 0.010455 0.0121483 0.0140427 0.0161485 0.0184746 0.0210278 0.0238128 0.0268315 0.0300833 0.033564 0.0372665 0.0411799 0.04529 0.0495789 0.0540252 0.0586042 0.0632881 0.068046 0.0728448 0.077649 0.0824216 0.0871244 0.0917183 0.0961643 0.100424 0.104459 0.108232 0.111711 0.114862 0.117655 0.120065 0.122069 0.123648 0.124786 0.125473 0.125702 0.125471 0.124783 0.123644 0.122065 0.120061 0.117651 0.114859 0.11171 0.108234 0.104464 0.100434 0.0961796 0.0917397 0.0871527 0.0824575 0.0776931 0.0728975 0.0681076 0.0633586 0.0586838 0.0541135 0.0496755 0.0453943 0.0412912 0.0373838 0.0336864 0.0302097 0.0269607 0.0239435 0.0211589 0.0186048 0.0162766 0.0141676 0.012269 0.0105706 0.00906096 0.00772794 0.00655877 0.00554053 0.00466043 0.00390603 0.00326549 0.00272775 0.00228272 0.0019214 0.00163601 0.00142006 0.00126843 0.00117758 
0.00135134 0.00138107 0.00147904 0.00164795 0.00189204 0.0022172 0.00263089 0.00314207 0.0037611 0.00449962 0.00537031 0.00638679 0.0075633 0.00891447 0.010455 0.0121993 0.0141612 0.0163535 0.0187876 0.0214729 0.0244168 0.0276239 0.031096 0.0348314 0.0388249 0.0430676 0.0475465 0.0522447 0.0571415 0.0622118 0.0674274 0.0727562 0.0781632 0.0836106 0.0890583 0.0944646 0.0997863 0.10498 0.110002 0.114809 0.119359 0.123611 0.127528 0.131073 0.134215 0.136924 0.139175 0.140948 0.142226 0.142996 0.143253 0.142993 0.142219 0.140939 0.139163 0.13691 0.1342 0.131058 0.127513 0.123598 0.119348 0.114802 0.11 0.104984 0.0997975 0.0944836 0.089086 0.0836477 0.0782102 0.0728134 0.0674949 0.0622896 0.0572292 0.0523419 0.0476524 0.0431813 0.0389455 0.0349576 0.0312266 0.0277576 0.0245521 0.0216085 0.0189221 0.0164856 0.0142897 0.0123231 0.0105732 0.00902613 0.00766776 0.00648349 0.00545882 0.00457963 0.00383242 0.00320458 0.00268456 0.00226207 0.00192817 0.00167541 0.00149793 0.00139162 
0.00158934 0.00162425 0.00173876 0.00193596 0.00222072 0.00259977 0.00308164 0.00367658 0.00439639 0.00525431 0.00626475 0.00744313 0.00880552 0.0103684 0.0121483 0.0141612 0.0164226 0.0189465 0.0217452 0.0248291 0.0282057 0.0318797 0.0358522 0.0401207 0.0446783 0.0495143 0.0546133 0.0599553 0.0655161 0.0712672 0.0771759 0.0832058 0.089317 0.095467 0.101611 0.107701 0.11369 0.11953 0.12517 0.130565 0.135667 0.140431 0.144817 0.148784 0.152297 0.155325 0.15784 0.15982 0.161246 0.162106 0.162391 0.1621 0.161235 0.159804 0.15782 0.155301 0.15227 0.148754 0.144786 0.140401 0.135638 0.130539 0.125149 0.119514 0.113681 0.1077 0.101619 0.0954852 0.089346 0.0832461 0.077228 0.0713311 0.0655917 0.0600422 0.0547109 0.0496218 0.0447946 0.0402445 0.0359823 0.0320145 0.0283438 0.0249688 0.0218851 0.019085 0.0165584 0.0142929 0.0122747 0.0104885 0.00891847 0.00754816 0.00636129 0.00534191 0.00447474 0.00374546 0.00314095 0.00264946 0.00226081 0.00196649 0.0017598 0.00163604 
0.00185952 0.00190028 0.0020334 0.00226243 0.00259289 0.00303246 0.00359083 0.00427964 0.00511228 0.00610371 0.00727022 0.00862917 0.0101986 0.011997 0.0140427 0.0163535 0.0189465 0.0218369 0.0250382 0.0285612 0.0324139 0.0366005 0.0411217 0.0459735 0.0511475 0.0566305 0.0624043 0.0684458 0.074727 0.081215 0.0878727 0.0946589 0.101529 0.108434 0.115324 0.122147 0.12885 0.135379 0.141679 0.1477 0.153388 0.158696 0.163579 0.167992 0.171899 0.175264 0.178057 0.180255 0.181838 0.182792 0.183108 0.182784 0.181822 0.180232 0.178027 0.175228 0.171858 0.167947 0.163531 0.158647 0.153339 0.147652 0.141636 0.13534 0.128818 0.122123 0.115309 0.108429 0.101536 0.0946789 0.0879059 0.0812616 0.0747871 0.0685193 0.0624905 0.0567287 0.0512567 0.0460924 0.0412489 0.0367345 0.0325529 0.0287036 0.0251821 0.0219808 0.0190886 0.0164924 0.0141769 0.0121253 0.0103199 0.00874251 0.00737486 0.00619903 0.00519783 0.0043551 0.00365598 0.00308718 0.00263714 0.00229619 0.00205672 0.00191338 
0.00216427 0.00221161 0.00236557 0.00263016 0.00301165 0.00351873 0.00416237 0.00495572 0.00591386 0.00705363 0.00839333 0.00995237 0.0117509 0.0138095 0.0161485 0.0187876 0.0217452 0.0250382 0.0286808 0.0326845 0.0370573 0.0418031 0.0469216 0.0524075 0.0582501 0.0644338 0.0709371 0.0777332 0.08479 0.0920701 0.0995313 0.107127 0.114807 0.122518 0.130203 0.137806 0.145266 0.152524 0.159522 0.166203 0.17251 0.17839 0.183795 0.188677 0.192996 0.196714 0.199799 0.202226 0.203972 0.205024 0.205372 0.205014 0.203951 0.202195 0.199759 0.196665 0.19294 0.188615 0.183728 0.17832 0.172438 0.166132 0.159453 0.152459 0.145207 0.137755 0.130162 0.122488 0.11479 0.107123 0.0995418 0.0920958 0.0848311 0.0777897 0.0710085 0.0645195 0.0583492 0.0525186 0.0470434 0.0419339 0.0371952 0.0328277 0.0288273 0.0251861 0.0218928 0.0189329 0.01629 0.0139456 0.0118803 0.0100739 0.00850603 0.00715673 0.00600673 0.0050379 0.00423354 0.00357865 0.0030602 0.00266728 0.00239125 0.0022261 
0.00250587 0.00256055 0.00273766 0.00304174 0.00347986 0.00406179 0.00479989 0.00570889 0.00680574 0.00810928 0.00963992 0.0114193 0.0134698 0.0158141 0.0184746 0.0214729 0.0248291 0.0285612 0.0326845 0.0372108 0.0421482 0.0474999 0.0532645 0.0594347 0.0659978 0.0729349 0.0802212 0.0878257 0.0957117 0.103837 0.112154 0.12061 0.12915 0.137713 0.146239 0.154662 0.162919 0.170944 0.178674 0.186046 0.192999 0.199477 0.205426 0.210796 0.215544 0.219628 0.223016 0.22568 0.227596 0.228749 0.22913 0.228736 0.22757 0.225641 0.222965 0.219566 0.215472 0.210716 0.205339 0.199385 0.192904 0.185949 0.178578 0.170851 0.162831 0.154582 0.146168 0.137654 0.129104 0.120579 0.112138 0.103838 0.09573 0.0878615 0.0802743 0.0730048 0.0660835 0.0595351 0.0533781 0.047625 0.0422827 0.0373528 0.0328318 0.0287118 0.0249808 0.0216236 0.0186225 0.0159573 0.0136068 0.0115487 0.00976053 0.0082201 0.00690596 0.00579788 0.00487717 0.00412704 0.00353285 0.00308234 0.00276581 0.00257649 
0.00288638 0.0029492 0.00315188 0.00349954 0.00400008 0.00466447 0.00550652 0.0065427 0.0077919 0.00927507 0.0110149 0.0130353 0.0153611 0.0180171 0.0210278 0.0244168 0.0282057 0.0324139 0.0370573 0.0421482 0.0476943 0.0536981 0.0601567 0.0670608 0.0743948 0.0821367 0.0902575 0.0987219 0.107488 0.116509 0.12573 0.135094 0.144539 0.153998 0.163404 0.172687 0.181776 0.1906 0.199091 0.207181 0.214804 0.2219 0.228411 0.234285 0.239474 0.243936 0.247635 0.250542 0.252633 0.253891 0.254305 0.253874 0.252601 0.250495 0.247573 0.24386 0.239386 0.234186 0.228303 0.221784 0.214683 0.207056 0.198966 0.190477 0.181657 0.172575 0.163301 0.153907 0.144461 0.135032 0.125685 0.116481 0.10748 0.0987335 0.0902887 0.0821872 0.0744639 0.0671472 0.0602591 0.0538147 0.0478229 0.0422868 0.0372035 0.0325653 0.0283601 0.0245717 0.0211811 0.0181667 0.0155052 0.0131722 0.0111432 0.00939345 0.00789939 0.00663849 0.00558997 0.00473512 0.00405759 0.00354369 0.00318256 0.00296663 
0.00330757 0.00337934 0.0036101 0.00400554 0.00457448 0.00532913 0.00628487 0.00746 0.00887546 0.0105545 0.012522 0.0148045 0.0174291 0.0204229 0.0238128 0.0276239 0.0318797 0.0366005 0.0418031 0.0474999 0.0536981 0.0603992 0.0675984 0.0752841 0.0834377 0.0920331 0.101037 0.11041 0.120104 0.130067 0.140237 0.150552 0.160942 0.171336 0.181658 0.191833 0.201784 0.211435 0.22071 0.229539 0.237851 0.245581 0.252668 0.259057 0.264697 0.269544 0.27356 0.276715 0.278983 0.280347 0.280796 0.280328 0.278945 0.276659 0.273487 0.269454 0.264592 0.258938 0.252537 0.24544 0.237703 0.229386 0.220554 0.211279 0.201631 0.191686 0.18152 0.171209 0.16083 0.150455 0.140159 0.130008 0.120066 0.110394 0.101043 0.0920608 0.0834866 0.0753534 0.0676865 0.0605044 0.0538183 0.0476327 0.0419461 0.036751 0.0320351 0.0277817 0.0239704 0.0205781 0.0175795 0.0149484 0.0126575 0.0106801 0.00899007 0.00756252 0.00637447 0.0054052 0.00463654 0.00405329 0.00364336 0.00339831 
0.00377085 0.00385243 0.00411381 0.0045613 0.0052047 0.00605755 0.00713685 0.00846284 0.0100586 0.0119497 0.0141637 0.0167293 0.0196762 0.023034 0.0268315 0.031096 0.0358522 0.0411217 0.0469216 0.0532645 0.0601567 0.0675984 0.0755828 0.0840954 0.0931142 0.102609 0.112542 0.122868 0.133533 0.144479 0.155639 0.166942 0.178313 0.189674 0.200942 0.212036 0.222872 0.23337 0.243449 0.253032 0.262046 0.270421 0.278093 0.285003 0.2911 0.296336 0.300673 0.304077 0.306524 0.307995 0.308479 0.307973 0.306481 0.304013 0.300588 0.296232 0.290978 0.284865 0.27794 0.270255 0.26187 0.252849 0.243261 0.233181 0.222685 0.211853 0.200767 0.189509 0.178163 0.166808 0.155524 0.144385 0.133462 0.12282 0.112519 0.10261 0.0931397 0.0841442 0.0756535 0.0676892 0.0602655 0.0533889 0.0470589 0.0412691 0.0360069 0.031255 0.0269921 0.0231935 0.0198321 0.0168794 0.0143059 0.0120823 0.0101801 0.00857192 0.00723251 0.00613899 0.00527133 0.00461268 0.00414967 0.00387297 
0.00427723 0.00436947 0.00466403 0.00516787 0.00589183 0.00685082 0.00806356 0.0095523 0.0113424 0.0134618 0.0159406 0.0188102 0.0221027 0.02585 0.0300833 0.0348314 0.0401207 0.0459735 0.0524075 0.0594347 0.0670608 0.0752841 0.0840954 0.0934772 0.103403 0.11384 0.124743 0.136061 0.147736 0.159702 0.171885 0.184208 0.196589 0.208942 0.22118 0.233212 0.244952 0.256311 0.267206 0.277553 0.287275 0.2963 0.30456 0.311995 0.318549 0.324175 0.328832 0.332486 0.335112 0.33669 0.337208 0.336665 0.335063 0.332414 0.328737 0.324058 0.318411 0.311838 0.304386 0.29611 0.287072 0.27734 0.266986 0.256088 0.244728 0.232992 0.220966 0.208739 0.196399 0.184035 0.171731 0.15957 0.147628 0.135979 0.124687 0.113811 0.103402 0.0935021 0.0841455 0.0753575 0.0671554 0.0595481 0.0525367 0.0461157 0.0402727 0.03499 0.0302454 0.0260128 0.0222631 0.0189658 0.016089 0.0136009 0.0114704 0.00966772 0.00816513 0.00693755 0.00596297 0.00522286 0.0047025 0.0043916 
0.0048272 0.00493095 0.00526123 0.00582571 0.00663626 0.00770926 0.0090652 0.0107284 0.0127266 0.0150903 0.017852 0.0210458 0.0247064 0.0288681 0.033564 0.0388249 0.0446783 0.0511475 0.0582501 0.0659978 0.0743948 0.0834377 0.0931142 0.103403 0.114275 0.12569 0.137599 0.149944 0.162662 0.175677 0.188912 0.20228 0.215693 0.229058 0.24228 0.255265 0.267918 0.280147 0.291861 0.302975 0.313407 0.323081 0.331928 0.339884 0.346893 0.352906 0.35788 0.361781 0.364583 0.366266 0.366819 0.366239 0.364529 0.361701 0.357774 0.352775 0.346739 0.339708 0.331732 0.322867 0.313177 0.302733 0.29161 0.279889 0.267658 0.255007 0.242027 0.228813 0.215461 0.202065 0.188717 0.175505 0.162515 0.149825 0.137508 0.125628 0.114244 0.103401 0.0931405 0.0834907 0.0744725 0.0660975 0.0583689 0.0512822 0.0448257 0.0389814 0.0337262 0.0290327 0.0248703 0.021206 0.0180058 0.0152353 0.0128607 0.0108499 0.00917246 0.00780113 0.00671182 0.00588425 0.0053023 0.00495467 
0.00542068 0.00553679 0.0059053 0.00653458 0.00743764 0.00863231 0.010141 0.0119901 0.0142097 0.0168329 0.0198949 0.0234325 0.0274827 0.0320823 0.0372665 0.0430676 0.0495143 0.0566305 0.0644338 0.0729349 0.0821367 0.0920331 0.102609 0.11384 0.12569 0.138115 0.15106 0.164461 0.178246 0.192336 0.206642 0.221073 0.235533 0.249921 0.264137 0.27808 0.291649 0.304747 0.317279 0.329156 0.340293 0.35061 0.360036 0.368506 0.375962 0.382354 0.387639 0.391782 0.394757 0.396543 0.39713 0.396514 0.394699 0.391695 0.387524 0.382212 0.375794 0.368313 0.35982 0.350373 0.340038 0.328886 0.316997 0.304456 0.291353 0.277783 0.263844 0.249636 0.235259 0.220816 0.206404 0.192121 0.178058 0.164301 0.150931 0.138018 0.125625 0.113808 0.102609 0.0920629 0.0821945 0.0730183 0.0645396 0.0567555 0.0496549 0.04322 0.0374271 0.0322474 0.0276488 0.0235962 0.0200533 0.0169832 0.0143494 0.0121171 0.0102536 0.00872912 0.00751748 0.0065966 0.00594891 0.0055621 
0.006057 0.00618628 0.00659541 0.00729353 0.00829475 0.00961846 0.0112889 0.0133348 0.0157886 0.0186859 0.0220647 0.0259643 0.0304243 0.0354838 0.0411799 0.0475465 0.0546133 0.0624043 0.0709371 0.0802212 0.0902575 0.101037 0.112542 0.124743 0.137599 0.15106 0.165065 0.179544 0.194416 0.209596 0.224987 0.240492 0.256005 0.27142 0.286631 0.301529 0.31601 0.32997 0.343312 0.355941 0.36777 0.378717 0.38871 0.397682 0.405573 0.412334 0.41792 0.422298 0.42544 0.427326 0.427946 0.427295 0.425378 0.422205 0.417797 0.412181 0.405392 0.397474 0.388477 0.37846 0.367491 0.355644 0.343 0.329647 0.315679 0.301195 0.286298 0.271093 0.255688 0.24019 0.224705 0.209337 0.194184 0.179342 0.164895 0.150924 0.137499 0.124678 0.112512 0.101041 0.0902929 0.0802856 0.0710276 0.0625173 0.054745 0.0476931 0.0413373 0.035648 0.0305914 0.0261305 0.0222268 0.0188407 0.0159333 0.013467 0.0114066 0.00971997 0.0083787 0.00735891 0.00664151 0.00621314 
0.00673477 0.00687799 0.00733004 0.00810079 0.00920553 0.0106652 0.012506 0.0147588 0.0174586 0.0206436 0.0243543 0.0286328 0.0335212 0.0390606 0.04529 0.0522447 0.0599553 0.0684458 0.0777332 0.0878257 0.0987219 0.11041 0.122868 0.136061 0.149944 0.164461 0.179544 0.195114 0.211086 0.227364 0.243847 0.260426 0.276992 0.293431 0.309629 0.325474 0.340854 0.355662 0.369796 0.38316 0.395664 0.407224 0.417766 0.427221 0.435532 0.442647 0.448523 0.453126 0.456428 0.45841 0.459061 0.458377 0.456362 0.453028 0.448394 0.442486 0.435341 0.427 0.417516 0.406949 0.395364 0.38284 0.369458 0.355309 0.34049 0.325104 0.309258 0.293064 0.276633 0.260081 0.24352 0.227061 0.21081 0.194869 0.179332 0.164286 0.149807 0.135962 0.122806 0.110386 0.0987324 0.0878689 0.077806 0.0685447 0.0600762 0.0523836 0.0454424 0.0392223 0.0336879 0.0288005 0.0245192 0.0208021 0.0176077 0.0148957 0.0126284 0.0107711 0.00929337 0.00816938 0.00737853 0.0069064 
0.00745192 0.00760981 0.00810687 0.00895377 0.010167 0.011769 0.0137879 0.016257 0.0192135 0.0226984 0.0267548 0.0314273 0.0367604 0.0427974 0.0495789 0.0571415 0.0655161 0.074727 0.08479 0.0957117 0.107488 0.120104 0.133533 0.147736 0.162662 0.178246 0.194416 0.211086 0.228161 0.245539 0.26311 0.280759 0.298369 0.31582 0.332991 0.349764 0.366024 0.381659 0.396564 0.410639 0.423793 0.435942 0.44701 0.456928 0.465639 0.473091 0.479241 0.484057 0.48751 0.489583 0.490263 0.489549 0.487442 0.483956 0.479107 0.472923 0.465439 0.456697 0.446748 0.435651 0.423476 0.410297 0.3962 0.381278 0.365629 0.34936 0.332583 0.315413 0.297969 0.280371 0.262739 0.24519 0.22784 0.210796 0.194161 0.178029 0.162484 0.1476 0.133438 0.120049 0.107472 0.0957313 0.0848429 0.0748095 0.0656242 0.0572707 0.0497247 0.0429551 0.0369254 0.0315952 0.0269215 0.0228599 0.0193663 0.016398 0.0139145 0.0118789 0.0102584 0.00902539 0.00815765 0.0076397 
0.00820561 0.00837882 0.0089228 0.009849 0.011175 0.0129251 0.0151291 0.0178226 0.0210455 0.024841 0.029255 0.0343345 0.0401264 0.0466759 0.0540252 0.0622118 0.0712672 0.081215 0.0920701 0.103837 0.116509 0.130067 0.144479 0.159702 0.175677 0.192336 0.209596 0.227364 0.245539 0.26401 0.282659 0.301365 0.320002 0.338445 0.356566 0.374244 0.391357 0.40779 0.423437 0.438195 0.451971 0.46468 0.476246 0.486602 0.495689 0.503457 0.509865 0.51488 0.518475 0.520632 0.521341 0.520597 0.518406 0.514777 0.509728 0.503286 0.495483 0.486363 0.475974 0.464377 0.451638 0.437835 0.423053 0.407385 0.390934 0.373809 0.356124 0.338001 0.319562 0.300935 0.282245 0.263617 0.245173 0.227029 0.209296 0.192076 0.175459 0.159527 0.144348 0.129979 0.116463 0.103831 0.0921011 0.0812793 0.0713606 0.0623298 0.0541628 0.0468282 0.0402884 0.0345015 0.0294224 0.0250045 0.0212012 0.0179672 0.0152595 0.0130387 0.0112699 0.00992346 0.00897575 0.00841015 
0.00899226 0.00918136 0.00977391 0.0107821 0.0122248 0.0141277 0.0165229 0.0194478 0.0229449 0.02706 0.0318415 0.0373387 0.0436008 0.0506748 0.0586042 0.0674274 0.0771759 0.0878727 0.0995313 0.112154 0.12573 0.140237 0.155639 0.171885 0.188912 0.206642 0.224987 0.243847 0.26311 0.282659 0.302369 0.32211 0.341751 0.361159 0.380202 0.398752 0.416685 0.433884 0.450238 0.465643 0.480007 0.493243 0.505277 0.516042 0.525479 0.533541 0.540187 0.545385 0.549111 0.551346 0.552081 0.551312 0.549042 0.545282 0.540049 0.533368 0.525271 0.515798 0.504999 0.492932 0.479663 0.465269 0.449836 0.433458 0.416239 0.398289 0.379729 0.36068 0.341274 0.32164 0.301912 0.282222 0.262699 0.243467 0.224644 0.206339 0.188651 0.17167 0.15547 0.140115 0.125653 0.11212 0.0995386 0.087917 0.0772529 0.0675324 0.0587321 0.0508203 0.0437586 0.0375037 0.0320086 0.0272247 0.0231029 0.0195952 0.0166564 0.0142446 0.0123227 0.0108592 0.00982888 0.00921406 
0.00980753 0.010013 0.0106555 0.0117479 0.0133104 0.0153701 0.0179611 0.0211231 0.0249008 0.0293425 0.034499 0.0404221 0.0471628 0.0547699 0.0632881 0.0727562 0.0832058 0.0946589 0.107127 0.12061 0.135094 0.150552 0.166942 0.184208 0.20228 0.221073 0.240492 0.260426 0.280759 0.301365 0.32211 0.342859 0.363472 0.383811 0.40374 0.423126 0.441842 0.459766 0.476788 0.492802 0.507715 0.521443 0.53391 0.545051 0.55481 0.563141 0.570005 0.57537 0.579214 0.58152 0.582278 0.581486 0.579146 0.575268 0.569867 0.562968 0.554602 0.544806 0.533629 0.521126 0.507364 0.492418 0.476373 0.459323 0.441375 0.42264 0.40324 0.383302 0.36296 0.342351 0.321614 0.300886 0.280305 0.260003 0.240104 0.220726 0.201978 0.183953 0.166736 0.150395 0.134985 0.120548 0.107109 0.0946817 0.0832648 0.0728467 0.0634047 0.0549072 0.0473151 0.0405839 0.0346649 0.0295075 0.0250602 0.0212728 0.0180974 0.0154899 0.013411 0.0118274 0.0107123 0.010047 
0.0106463 0.0108685 0.011562 0.0127404 0.0144249 0.0166444 0.0194347 0.0228378 0.0269005 0.0316737 0.0372104 0.0435646 0.0507892 0.0589344 0.068046 0.0781632 0.089317 0.101529 0.114807 0.12915 0.144539 0.160942 0.178313 0.196589 0.215693 0.235533 0.256005 0.276992 0.298369 0.320002 0.341751 0.363472 0.385021 0.406252 0.427026 0.447205 0.466659 0.485265 0.502911 0.519491 0.534913 0.549092 0.561956 0.57344 0.583491 0.592064 0.599123 0.604638 0.608588 0.610958 0.611738 0.610925 0.608522 0.604539 0.598989 0.591895 0.583286 0.573198 0.561676 0.548775 0.534559 0.519102 0.502487 0.48481 0.466176 0.446698 0.426501 0.405715 0.384477 0.36293 0.341217 0.319484 0.297874 0.276526 0.255574 0.235143 0.215348 0.196293 0.178068 0.160749 0.144397 0.129058 0.114763 0.101529 0.0893569 0.078238 0.0681502 0.0590623 0.0509348 0.0437221 0.0373741 0.0318381 0.0270607 0.0229891 0.0195732 0.0167666 0.0145279 0.012822 0.0116205 0.0109037 
0.0115029 0.0117421 0.0124871 0.0137526 0.0155606 0.0179417 0.0209335 0.0245799 0.0289302 0.0340373 0.0399567 0.0467442 0.0544545 0.0631392 0.0728448 0.0836106 0.095467 0.108434 0.122518 0.137713 0.153998 0.171336 0.189674 0.208942 0.229058 0.249921 0.27142 0.293431 0.31582 0.338445 0.361159 0.383811 0.406252 0.428332 0.449904 0.470829 0.490974 0.510215 0.528438 0.54554 0.561426 0.576016 0.589238 0.60103 0.611341 0.62013 0.627361 0.633008 0.637051 0.639477 0.640276 0.639445 0.636989 0.632913 0.627233 0.619967 0.611142 0.600793 0.588963 0.575702 0.561074 0.545149 0.52801 0.509752 0.490479 0.470307 0.449359 0.427771 0.405681 0.383238 0.36059 0.337889 0.315285 0.292924 0.270948 0.249489 0.228672 0.208606 0.18939 0.171106 0.153823 0.137591 0.122447 0.10841 0.0954866 0.0836685 0.0729355 0.0632567 0.0545925 0.0468966 0.0401174 0.0342005 0.0290904 0.0247322 0.0210736 0.0180659 0.0156657 0.013836 0.0125472 0.0117784 
0.0123707 0.0126271 0.013424 0.0147769 0.0167091 0.0192523 0.0224461 0.0263364 0.0309746 0.0364158 0.0427174 0.0499373 0.0581317 0.0673532 0.077649 0.0890583 0.101611 0.115324 0.130203 0.146239 0.163404 0.181658 0.200942 0.22118 0.24228 0.264137 0.286631 0.309629 0.332991 0.356566 0.380202 0.40374 0.427026 0.449904 0.472224 0.493845 0.514631 0.534457 0.553209 0.570785 0.587091 0.602049 0.615589 0.627654 0.638194 0.64717 0.654551 0.660312 0.664436 0.666909 0.667724 0.66688 0.664377 0.660223 0.65443 0.647015 0.638003 0.627426 0.615323 0.601742 0.586744 0.570396 0.552781 0.533991 0.514129 0.493312 0.471664 0.449323 0.426431 0.403139 0.379602 0.355976 0.332419 0.309083 0.286118 0.263665 0.241853 0.220803 0.20062 0.181392 0.163195 0.146086 0.130104 0.115276 0.101609 0.0890986 0.0777253 0.0674594 0.0582612 0.0500837 0.0428743 0.0365769 0.0311342 0.0264892 0.0225874 0.019378 0.0168158 0.014862 0.0134855 0.0126644 
0.0132429 0.0135164 0.0143651 0.0158052 0.017861 0.0205657 0.0239606 0.0280934 0.0330176 0.0387903 0.0454709 0.053119 0.061792 0.0715438 0.0824216 0.0944646 0.107701 0.122147 0.137806 0.154662 0.172687 0.191833 0.212036 0.233212 0.255265 0.27808 0.301529 0.325474 0.349764 0.374244 0.398752 0.423126 0.447205 0.470829 0.493845 0.516108 0.537483 0.557843 0.577074 0.595075 0.611756 0.627039 0.640859 0.65316 0.663897 0.673034 0.680542 0.686399 0.69059 0.693104 0.693934 0.693077 0.690537 0.686317 0.68043 0.67289 0.663718 0.652944 0.640604 0.626743 0.611417 0.594693 0.57665 0.557377 0.536978 0.515568 0.493274 0.470232 0.44659 0.422501 0.398125 0.373623 0.349158 0.324891 0.300979 0.277569 0.254799 0.232798 0.211676 0.191531 0.172444 0.154478 0.137679 0.122074 0.107678 0.0944866 0.0824828 0.0716379 0.0619123 0.0532586 0.0456232 0.0389487 0.033176 0.0282461 0.0241026 0.0206926 0.0179691 0.0158917 0.0144278 0.0135547 
0.0141119 0.0144023 0.0153023 0.0168286 0.0190066 0.0218709 0.0254642 0.0298362 0.0350422 0.0411413 0.0481945 0.0562631 0.0654058 0.075677 0.0871244 0.0997863 0.11369 0.12885 0.145266 0.162919 0.181776 0.201784 0.222872 0.244952 0.267918 0.291649 0.31601 0.340854 0.366024 0.391357 0.416685 0.441842 0.466659 0.490974 0.514631 0.537483 0.559392 0.580233 0.599894 0.618273 0.635283 0.65085 0.66491 0.677413 0.688317 0.697588 0.705201 0.711138 0.715384 0.717931 0.718773 0.717907 0.715336 0.711064 0.7051 0.697456 0.688152 0.677212 0.66467 0.650568 0.634957 0.617902 0.599478 0.579773 0.558889 0.53694 0.514053 0.490366 0.466028 0.441197 0.416034 0.390708 0.365387 0.340238 0.315424 0.291101 0.267415 0.2445 0.222476 0.201447 0.1815 0.162704 0.145111 0.128752 0.113646 0.0997897 0.0871701 0.0757586 0.0655163 0.0563954 0.0483417 0.0412964 0.0351988 0.0299883 0.0256064 0.0219985 0.0191158 0.0169162 0.015366 0.0144415 
0.0149699 0.0152769 0.0162272 0.0178379 0.0201356 0.023156 0.0269435 0.0315494 0.0370307 0.0434482 0.0508649 0.059343 0.0689425 0.0797185 0.0917183 0.10498 0.11953 0.135379 0.152524 0.170944 0.1906 0.211435 0.23337 0.256311 0.280147 0.304747 0.32997 0.355662 0.381659 0.40779 0.433884 0.459766 0.485265 0.510215 0.534457 0.557843 0.580233 0.601505 0.621544 0.640254 0.65755 0.67336 0.687625 0.700296 0.711337 0.720718 0.728416 0.734415 0.738705 0.741278 0.74213 0.741258 0.738664 0.734351 0.728326 0.7206 0.711188 0.700112 0.687402 0.673095 0.65724 0.639898 0.62114 0.601053 0.579735 0.557301 0.533876 0.5096 0.484623 0.459105 0.433212 0.407117 0.380994 0.355016 0.329352 0.304165 0.279609 0.255825 0.232939 0.211064 0.190293 0.1707 0.152342 0.135256 0.119463 0.104965 0.0917483 0.0797871 0.0690428 0.0594676 0.0510064 0.0435996 0.037185 0.0317004 0.0270856 0.0232842 0.0202456 0.0179265 0.0162917 0.0153169 
0.0158086 0.0161318 0.0171309 0.0188236 0.0212375 0.0244093 0.028385 0.0332173 0.0389651 0.0456906 0.0534582 0.0623316 0.0723715 0.0836332 0.0961643 0.110002 0.12517 0.141679 0.159522 0.178674 0.199091 0.22071 0.243449 0.267206 0.291861 0.317279 0.343312 0.369796 0.396564 0.423437 0.450238 0.476788 0.502911 0.528438 0.553209 0.577074 0.599894 0.621544 0.641916 0.660912 0.678451 0.694466 0.7089 0.721709 0.73286 0.742326 0.75009 0.756138 0.760461 0.763054 0.763913 0.763037 0.760427 0.756084 0.750014 0.742224 0.732728 0.721543 0.708696 0.69422 0.67816 0.660572 0.641526 0.621104 0.599404 0.576537 0.552629 0.527819 0.50226 0.476113 0.449549 0.422743 0.395875 0.369123 0.342663 0.316666 0.29129 0.266686 0.242986 0.220308 0.198753 0.178401 0.159313 0.141533 0.125083 0.109968 0.0961786 0.0836889 0.0724613 0.0624481 0.0535938 0.0458379 0.0391168 0.033367 0.0285266 0.0245376 0.021348 0.0189129 0.0171962 0.0161724 
0.0166198 0.0169586 0.0180045 0.0197761 0.0223015 0.0256187 0.0297749 0.0348244 0.0408273 0.0478476 0.0559509 0.0652018 0.0756619 0.0873868 0.100424 0.114809 0.130565 0.1477 0.166203 0.186046 0.207181 0.229539 0.253032 0.277553 0.302975 0.329156 0.355941 0.38316 0.410639 0.438195 0.465643 0.492802 0.519491 0.54554 0.570785 0.595075 0.618273 0.640254 0.660912 0.680152 0.697896 0.714079 0.72865 0.741569 0.752805 0.762336 0.770148 0.776231 0.780578 0.783185 0.78405 0.783172 0.780551 0.776188 0.770086 0.762251 0.752691 0.741423 0.728467 0.713854 0.697625 0.679831 0.660539 0.639829 0.617794 0.594545 0.570207 0.54492 0.518836 0.492118 0.464941 0.437483 0.409929 0.382462 0.355265 0.328513 0.302374 0.277002 0.252538 0.229106 0.206813 0.185745 0.165968 0.14753 0.130456 0.114757 0.100422 0.0874296 0.0757413 0.0653102 0.0560804 0.0479905 0.0409762 0.0349724 0.0299158 0.0257469 0.0224123 0.0198659 0.0180705 0.0169998 
