0.000266353 0.000271225 0.000288382 0.000318287 0.000361652 0.000419476 0.000493034 0.000583868 0.000693775 0.000824786 0.000979146 0.00115929 0.00136779 0.00160735 0.00188074 0.00219072 0.00254004 0.00293133 0.00336702 0.00384933 0.00438012 0.00496088 0.0055926 0.00627572 0.00701008 0.00779482 0.00862835 0.00950831 0.0104315 0.011394 0.0123909 0.0134167 0.0144649 0.0155285 0.0165997 0.0176703 0.0187313 0.0197739 0.0207885 0.0217658 0.0226964 0.0235712 0.0243812 0.0251182 0.0257743 0.0263427 0.0268171 0.0271925 0.0274646 0.0276304 0.0276882 0.0276373 0.0274783 0.027213 0.0268444 0.0263765 0.0258144 0.0251644 0.0244333 0.0236289 0.0227594 0.0218337 0.0208609 0.0198504 0.0188115 0.0177536 0.0166857 0.0156167 0.0145547 0.0135075 0.0124823 0.0114853 0.0105223 0.00959803 0.00871654 0.007881 0.00709384 0.00635667 0.00567039 0.00503521 0.00445076 0.00391606 0.00342971 0.00298987 0.00259439 0.00224087 0.00192671 0.00164921 0.00140564 0.00119325 0.00100936 0.000851407 0.000716961 0.000603779 0.000509825 0.000433293 0.000372625 0.00032653 0.000293986 0.000274292 
0.000271225 0.000276196 0.000293682 0.000324156 0.000368341 0.000427256 0.000502198 0.000594738 0.000706703 0.000840162 0.0009974 0.00118089 0.00139326 0.00163724 0.00191566 0.00223133 0.00258703 0.00298542 0.003429 0.00392 0.0044603 0.00505141 0.00569433 0.0063895 0.00713674 0.00793515 0.00878312 0.00967824 0.0106173 0.0115961 0.0126099 0.0136529 0.0147187 0.0157999 0.0168888 0.0179769 0.0190553 0.0201148 0.0211458 0.0221388 0.0230843 0.023973 0.0247959 0.0255445 0.026211 0.0267883 0.0272702 0.0276513 0.0279276 0.028096 0.0281546 0.0281029 0.0279413 0.0276718 0.0272973 0.026822 0.0262511 0.0255907 0.024848 0.0240307 0.0231473 0.0222067 0.0212182 0.0201913 0.0191356 0.0180603 0.0169749 0.0158882 0.0148086 0.013744 0.0127015 0.0116877 0.0107084 0.00976836 0.00887173 0.00802179 0.00722097 0.00647094 0.00577262 0.00512626 0.00453145 0.00398724 0.0034922 0.00304446 0.00264185 0.00228193 0.00196206 0.00167952 0.00143149 0.00121521 0.00102794 0.000867075 0.000730148 0.000614875 0.000519184 0.000441235 0.000379446 0.000332498 0.000299355 0.000279302 
0.000288382 0.000293682 0.000312257 0.000344601 0.000391482 0.00045397 0.000533432 0.000631524 0.000750168 0.00089154 0.00105804 0.00125227 0.00147698 0.00173504 0.00202941 0.00236302 0.00273878 0.00315948 0.00362769 0.00414573 0.00471556 0.0053387 0.00601618 0.0067484 0.00753514 0.00837542 0.00926749 0.0102088 0.0111958 0.0122244 0.0132892 0.0143843 0.0155029 0.0166374 0.0177795 0.0189204 0.0200508 0.021161 0.0222411 0.0232811 0.0242711 0.0252013 0.0260625 0.0268459 0.0275431 0.0281469 0.0286508 0.0290494 0.0293382 0.0295141 0.0295753 0.0295209 0.0293518 0.0290697 0.0286778 0.0281804 0.0275829 0.0268918 0.0261143 0.0252587 0.0243338 0.0233488 0.0223134 0.0212375 0.020131 0.0190039 0.0178658 0.016726 0.0155933 0.0144759 0.0133815 0.0123168 0.0112879 0.0102999 0.00935724 0.00846329 0.00762068 0.00683121 0.0060959 0.00541501 0.00478819 0.00421447 0.00369237 0.00321998 0.00279503 0.00241499 0.00207712 0.00177856 0.00151638 0.00128767 0.00108957 0.000919353 0.000774418 0.000652369 0.000551028 0.00046846 0.000402999 0.000353259 0.000318146 0.00029691 
0.000318287 0.000324156 0.000344601 0.000380164 0.000431675 0.000500299 0.00058752 0.000695131 0.000825217 0.000980132 0.00116247 0.00137504 0.00162082 0.00190289 0.00222441 0.00258857 0.00299844 0.00345701 0.00396702 0.0045309 0.00515074 0.00582809 0.006564 0.00735883 0.00821226 0.00912316 0.0100896 0.0111086 0.0121765 0.0132886 0.0144393 0.015622 0.0168293 0.0180531 0.0192845 0.0205139 0.0217314 0.0229265 0.0240888 0.0252074 0.0262718 0.0272716 0.0281969 0.0290382 0.0297869 0.0304351 0.0309758 0.0314033 0.031713 0.0319016 0.0319669 0.0319083 0.0317264 0.0314233 0.0310024 0.030468 0.0298262 0.0290836 0.0282481 0.0273285 0.026334 0.0252746 0.0241607 0.0230028 0.0218115 0.0205975 0.019371 0.0181421 0.0169203 0.0157144 0.0145326 0.0133823 0.01227 0.0112014 0.0101811 0.00921298 0.0082999 0.00744386 0.00664602 0.00590678 0.00522579 0.00460208 0.00403412 0.0035199 0.00305703 0.00264281 0.00227431 0.00194847 0.00166216 0.00141225 0.00119566 0.00100945 0.000850817 0.000717165 0.00060614 0.000515649 0.000443887 0.000389351 0.000350857 0.000327589 
0.000361652 0.000368341 0.000391482 0.000431675 0.000489848 0.000567294 0.000665664 0.000786949 0.00093346 0.00110781 0.00131286 0.00155171 0.00182764 0.00214405 0.00250442 0.0029122 0.00337078 0.00388339 0.00445298 0.0050822 0.00577323 0.00652772 0.00734672 0.00823052 0.00917866 0.0101898 0.0112616 0.0123909 0.0135734 0.0148039 0.016076 0.0173825 0.0187153 0.0200652 0.0214226 0.022777 0.0241174 0.0254324 0.0267105 0.0279399 0.0291092 0.030207 0.0312225 0.0321455 0.0329665 0.033677 0.0342696 0.0347379 0.035077 0.0352833 0.0353545 0.0352898 0.0350901 0.0347575 0.0342955 0.0337093 0.0330049 0.0321899 0.0312728 0.0302629 0.0291705 0.0280063 0.0267817 0.0255081 0.0241972 0.0228605 0.0215093 0.0201546 0.0188069 0.0174758 0.0161705 0.014899 0.0136687 0.0124858 0.0113555 0.0102822 0.00926907 0.0083185 0.00743184 0.00660962 0.00585156 0.0051567 0.00452341 0.00394957 0.0034326 0.00296957 0.00255732 0.0021925 0.00187168 0.00159143 0.00134836 0.00113923 0.000960949 0.000810649 0.000685722 0.000583853 0.000503037 0.000441609 0.000398253 0.000372066 
0.000419476 0.000427256 0.00045397 0.000500299 0.000567294 0.00065642 0.000769543 0.000908912 0.00107713 0.00127715 0.00151218 0.00178571 0.00210141 0.00246307 0.00287458 0.00333977 0.00386239 0.004446 0.00509384 0.00580878 0.00659317 0.00744874 0.00837653 0.00937676 0.0104488 0.0115909 0.0128004 0.0140736 0.0154055 0.0167902 0.0182205 0.0196883 0.0211843 0.0226984 0.0242197 0.0257364 0.0272364 0.028707 0.0301353 0.0315085 0.0328137 0.0340384 0.0351708 0.0361996 0.0371143 0.0379056 0.0385652 0.0390863 0.0394635 0.0396926 0.0397714 0.0396989 0.0394761 0.0391052 0.0385902 0.0379367 0.0371515 0.0362427 0.0352197 0.034093 0.0328736 0.0315736 0.0302054 0.0287817 0.0273154 0.0258193 0.0243061 0.0227879 0.0212764 0.0197825 0.0183163 0.016887 0.0155028 0.0141708 0.012897 0.0116863 0.0105425 0.00946831 0.00846543 0.00753457 0.00667555 0.0058874 0.00516841 0.0045163 0.00392826 0.00340109 0.00293128 0.00251515 0.00214887 0.00182863 0.00155065 0.00131127 0.00110705 0.00093475 0.00079145 0.000674534 0.000581742 0.000511195 0.000461407 0.000431357 
0.000493034 0.000502198 0.000533432 0.00058752 0.000665664 0.000769543 0.000901292 0.00106348 0.00125908 0.00149144 0.00176424 0.00208141 0.00244712 0.00286566 0.00334139 0.00387862 0.00448156 0.00515413 0.00589996 0.00672215 0.00762325 0.0086051 0.00966871 0.0108142 0.0120405 0.0133458 0.0147267 0.0161788 0.0176965 0.0192728 0.0208995 0.0225673 0.0242656 0.025983 0.0277071 0.0294247 0.031122 0.0327849 0.0343989 0.0359495 0.0374225 0.0388039 0.0400804 0.0412395 0.0422697 0.0431604 0.0439027 0.0444889 0.0449128 0.0451701 0.0452582 0.0451761 0.0449247 0.0445067 0.0439265 0.0431901 0.0423051 0.0412808 0.0401273 0.0388564 0.0374804 0.0360127 0.0344671 0.032858 0.0311997 0.0295066 0.0277929 0.0260723 0.0243579 0.0226621 0.0209964 0.0193712 0.0177958 0.0162785 0.0148262 0.0134445 0.012138 0.0109097 0.00976191 0.00869546 0.00771034 0.00680557 0.00597939 0.0052293 0.00455223 0.00394464 0.00340264 0.00292209 0.00249871 0.0021282 0.00180628 0.00152883 0.00129193 0.00109192 0.000925452 0.000789555 0.000681651 0.000599594 0.000541686 0.000506761 
0.000583868 0.000594738 0.000631524 0.000695131 0.000786949 0.000908912 0.00106348 0.0012536 0.00148271 0.00175463 0.00207356 0.00244403 0.00287076 0.00335864 0.0039126 0.00453753 0.00523813 0.00601883 0.00688361 0.00783591 0.00887849 0.0100133 0.0112412 0.0125623 0.0139752 0.0154773 0.0170649 0.0187327 0.0204741 0.0222809 0.0241437 0.0260517 0.0279929 0.0299543 0.0319215 0.0338797 0.0358133 0.0377062 0.0395422 0.0413049 0.0429783 0.0445467 0.0459952 0.0473099 0.0484777 0.0494871 0.0503278 0.0509914 0.0514711 0.051762 0.0518612 0.0517675 0.0514821 0.051008 0.0503499 0.0495147 0.0485108 0.0473486 0.0460394 0.0445963 0.0430333 0.0413653 0.0396078 0.0377769 0.0358888 0.0339598 0.0320058 0.0300425 0.0280847 0.0261466 0.0242411 0.0223804 0.0205752 0.0188348 0.0171673 0.0155795 0.0140765 0.0126621 0.0113391 0.0101086 0.00897077 0.0079247 0.00696851 0.00609949 0.00531428 0.00460893 0.00397908 0.00342009 0.00292713 0.00249531 0.00211978 0.00179584 0.00151901 0.0012851 0.00109029 0.000931161 0.000804753 0.000708597 0.000640744 0.000599849 
0.000693775 0.000706703 0.000750168 0.000825217 0.00093346 0.00107713 0.00125908 0.00148271 0.00175196 0.00207124 0.00244539 0.00287956 0.00337919 0.00394982 0.00459709 0.0053265 0.00614337 0.00705264 0.00805877 0.00916553 0.0103759 0.0116919 0.0131144 0.0146431 0.0162764 0.0180111 0.0198425 0.0217644 0.0237691 0.025847 0.0279873 0.0301775 0.0324038 0.0346511 0.0369032 0.0391431 0.0413531 0.0435149 0.0456102 0.0476205 0.0495277 0.0513142 0.0529633 0.0544591 0.0557873 0.0569347 0.0578901 0.0586438 0.0591884 0.0595183 0.0596303 0.0595232 0.0591982 0.0586586 0.0579099 0.0569597 0.0558174 0.0544944 0.0530038 0.0513601 0.0495789 0.047677 0.045672 0.043582 0.0414253 0.0392202 0.036985 0.0347373 0.0324942 0.0302716 0.0280847 0.0259472 0.0238714 0.0218684 0.0199475 0.0181164 0.0163815 0.0147474 0.0132171 0.0117924 0.0104737 0.0092601 0.00814961 0.00713933 0.00622554 0.00540386 0.0046694 0.00401692 0.00344094 0.00293592 0.00249633 0.0021168 0.00179219 0.0015177 0.00128893 0.00110195 0.000953353 0.000840287 0.000760502 0.000712449 
0.000824786 0.000840162 0.00089154 0.000980132 0.00110781 0.00127715 0.00149144 0.00175463 0.00207124 0.00244637 0.00288555 0.00339471 0.00398005 0.00464792 0.00540469 0.00625662 0.0072097 0.00826946 0.00944086 0.010728 0.0121342 0.0136614 0.0153105 0.0170808 0.0189702 0.0209748 0.023089 0.0253054 0.0276149 0.0300065 0.0324674 0.0349832 0.0375382 0.0401149 0.042695 0.045259 0.0477866 0.0502573 0.0526502 0.0549445 0.0571197 0.059156 0.0610346 0.0627378 0.0642493 0.0655545 0.0666408 0.0674975 0.0681162 0.0684907 0.0686173 0.0684948 0.0681246 0.0675102 0.0666579 0.0655761 0.0642755 0.0627687 0.0610704 0.0591969 0.0571657 0.0549958 0.0527069 0.0503195 0.0478542 0.0453318 0.0427731 0.040198 0.037626 0.0350755 0.0325636 0.0301062 0.0277177 0.0254106 0.023196 0.021083 0.0190788 0.0171892 0.0154179 0.0137672 0.0122377 0.0108286 0.00953793 0.00836255 0.00729834 0.00634043 0.00548335 0.00472118 0.00404772 0.00345668 0.00294174 0.00249676 0.00211586 0.00179353 0.0015247 0.00130485 0.00113005 0.000997013 0.000903135 0.000846628 
0.000979146 0.0009974 0.00105804 0.00116247 0.00131286 0.00151218 0.00176424 0.00207356 0.00244539 0.00288555 0.00340041 0.00399676 0.00468166 0.00546235 0.00634607 0.00733988 0.00845053 0.0096842 0.0110464 0.0125416 0.0141733 0.0159436 0.0178531 0.0199009 0.022084 0.0243978 0.0268357 0.0293888 0.0320464 0.0347957 0.037622 0.0405087 0.0434375 0.0463886 0.049341 0.0522725 0.0551601 0.0579805 0.0607101 0.0633253 0.0658032 0.0681216 0.0702591 0.0721961 0.0739143 0.0753973 0.0766311 0.0776037 0.0783057 0.0787303 0.0788734 0.0787336 0.0783123 0.0776137 0.0766447 0.0754147 0.0739356 0.0722216 0.0702891 0.0681562 0.0658428 0.06337 0.0607601 0.0580361 0.0552214 0.0523394 0.0494136 0.0464669 0.0435212 0.0405976 0.0377157 0.0348939 0.0321485 0.0294942 0.0269438 0.024508 0.0221955 0.0200129 0.0179649 0.0160544 0.0142824 0.0126482 0.0111498 0.0097839 0.00854592 0.00743049 0.00643146 0.0055422 0.0047557 0.0040648 0.00346231 0.00294123 0.00249483 0.00211678 0.00180126 0.00154309 0.00133772 0.00118137 0.00107104 0.00100467 
0.00115929 0.00118089 0.00125227 0.00137504 0.00155171 0.00178571 0.00208141 0.00244403 0.00287956 0.00339471 0.00399676 0.00469344 0.00549281 0.00640308 0.00743245 0.00858889 0.00987993 0.0113125 0.0128926 0.0146252 0.016514 0.018561 0.0207667 0.0231295 0.0256459 0.0283102 0.0311143 0.034048 0.0370988 0.0402517 0.0434897 0.0467937 0.0501428 0.0535145 0.0568846 0.060228 0.0635187 0.0667304 0.0698363 0.07281 0.0756258 0.0782587 0.0806849 0.0828822 0.0848304 0.0865113 0.0879091 0.0890105 0.0898052 0.0902854 0.0904468 0.0902876 0.0898096 0.0890174 0.0879186 0.0865236 0.0848458 0.0829011 0.0807075 0.0782855 0.0756572 0.0728464 0.0698779 0.0667776 0.0635718 0.0602872 0.0569499 0.0535861 0.0502206 0.0468775 0.0435792 0.0403466 0.0371987 0.0341524 0.0312224 0.0284213 0.0257593 0.0232444 0.0208822 0.0186764 0.0166283 0.0147376 0.0130024 0.0114188 0.00998222 0.00868651 0.00752488 0.00648987 0.0055736 0.00476795 0.00406477 0.00345609 0.00293421 0.00249191 0.00212253 0.00182011 0.00157943 0.00139614 0.00126681 0.00118905 
0.00136779 0.00139326 0.00147698 0.00162082 0.00182764 0.00210141 0.00244712 0.00287076 0.00337919 0.00398005 0.00468166 0.00549281 0.00642264 0.00748045 0.00867546 0.0100166 0.0115124 0.0131703 0.0149972 0.0169982 0.0191773 0.0215364 0.0240757 0.0267931 0.029684 0.0327416 0.0359564 0.0393163 0.0428067 0.0464104 0.0501078 0.0538769 0.0576939 0.0615331 0.0653671 0.0691675 0.0729051 0.0765499 0.0800721 0.0834421 0.086631 0.0896109 0.0923553 0.0948395 0.0970411 0.0989397 0.100518 0.101761 0.102658 0.103199 0.10338 0.1032 0.102659 0.101764 0.100522 0.0989459 0.0970494 0.0948504 0.0923692 0.0896283 0.0866525 0.0834682 0.0801034 0.0765867 0.0729479 0.0692168 0.065423 0.0615959 0.0577637 0.0539536 0.0501912 0.0465003 0.0429027 0.0394179 0.0360629 0.0328524 0.0297982 0.0269099 0.0241942 0.0216556 0.0192963 0.017116 0.015113 0.0132832 0.0116215 0.0101213 0.00877507 0.0075744 0.00651046 0.0055741 0.00475612 0.00404746 0.00343938 0.00292364 0.00249264 0.00213956 0.00185844 0.00164431 0.00149319 0.00140238 
0.00160735 0.00163724 0.00173504 0.00190289 0.00214405 0.00246307 0.00286566 0.00335864 0.00394982 0.00464792 0.00546235 0.00640308 0.00748045 0.00870491 0.0100868 0.0116362 0.0133623 0.0152737 0.0173776 0.0196797 0.0221839 0.0248923 0.0278043 0.0309173 0.0342256 0.037721 0.0413923 0.0452253 0.0492031 0.053306 0.0575113 0.0617941 0.0661273 0.0704816 0.0748262 0.079129 0.0833571 0.0874771 0.0914555 0.0952593 0.0988563 0.102215 0.105307 0.108105 0.110582 0.112718 0.114493 0.115891 0.116898 0.117506 0.117709 0.117505 0.116897 0.115889 0.114492 0.112718 0.110582 0.108106 0.105311 0.102222 0.098866 0.0952732 0.0914742 0.0875013 0.0833874 0.079166 0.0748703 0.0705332 0.0661866 0.0618613 0.0575863 0.0533886 0.0492931 0.0453221 0.0414954 0.0378297 0.0343391 0.0310346 0.0279245 0.0250143 0.0223068 0.0198023 0.0174989 0.0153928 0.0134781 0.0117479 0.0101936 0.00880611 0.00757545 0.00649138 0.00554353 0.00472165 0.00401586 0.00341681 0.00291586 0.00250523 0.00217815 0.00192893 0.00175306 0.00164742 
0.00188074 0.00191566 0.00202941 0.00222441 0.00250442 0.00287458 0.00334139 0.0039126 0.00459709 0.00540469 0.00634607 0.00743245 0.00867546 0.0100868 0.0116781 0.0134604 0.015444 0.0176383 0.020051 0.0226882 0.0255539 0.0286499 0.0319753 0.0355263 0.0392962 0.043275 0.0474497 0.0518039 0.0563178 0.0609689 0.0657314 0.070577 0.0754749 0.080392 0.0852938 0.0901442 0.0949064 0.0995432 0.104017 0.108292 0.112331 0.116101 0.119569 0.122705 0.125481 0.127874 0.129861 0.131424 0.132551 0.133231 0.133457 0.133229 0.132547 0.131418 0.129853 0.127865 0.125472 0.122696 0.119561 0.116094 0.112327 0.108291 0.104021 0.0995524 0.0949217 0.0901664 0.0853235 0.0804298 0.0755211 0.0706321 0.0657954 0.0610418 0.0563993 0.0518937 0.0475473 0.0433797 0.0394071 0.0356425 0.0320958 0.0287736 0.0256796 0.0228146 0.0201771 0.0177629 0.0155661 0.0135788 0.0117919 0.0101952 0.00877771 0.00752788 0.00643413 0.00548495 0.00466919 0.0039763 0.00339648 0.00292095 0.002542 0.00225317 0.00204934 0.00192696 
0.00219072 0.00223133 0.00236302 0.00258857 0.0029122 0.00333977 0.00387862 0.00453753 0.0053265 0.00625662 0.00733988 0.00858889 0.0100166 0.0116362 0.0134604 0.0155015 0.0177709 0.0202787 0.0230332 0.0260408 0.0293057 0.0328291 0.0366095 0.0406422 0.0449188 0.0494276 0.0541534 0.0590772 0.0641764 0.0694251 0.0747943 0.0802516 0.0857625 0.0912898 0.0967949 0.102237 0.107576 0.112771 0.117778 0.12256 0.127075 0.131286 0.135157 0.138656 0.141753 0.144419 0.146633 0.148375 0.14963 0.150386 0.150638 0.150382 0.149622 0.148363 0.146618 0.144401 0.141732 0.138635 0.135135 0.131264 0.127055 0.122543 0.117765 0.112762 0.107574 0.102242 0.0968074 0.0913109 0.0857928 0.0802917 0.0748444 0.0694855 0.0642469 0.0591575 0.0542431 0.049526 0.045025 0.0407554 0.0367286 0.0329529 0.0294328 0.0261701 0.0231632 0.0204082 0.0178986 0.0156262 0.013581 0.0117516 0.010126 0.00869144 0.0074349 0.00634354 0.00540484 0.00460693 0.00393881 0.00339054 0.00295343 0.00262017 0.00238497 0.00224381 
0.00254004 0.00258703 0.00273878 0.00299844 0.00337078 0.00386239 0.00448156 0.00523813 0.00614337 0.0072097 0.00845053 0.00987993 0.0115124 0.0133623 0.015444 0.0177709 0.0203554 0.0232084 0.0263388 0.0297532 0.0334558 0.0374472 0.0417252 0.0462837 0.0511127 0.0561986 0.0615235 0.0670657 0.0727992 0.0786948 0.0847194 0.0908369 0.0970083 0.103192 0.109346 0.115424 0.121381 0.127171 0.13275 0.138072 0.143094 0.147776 0.152077 0.155962 0.159398 0.162356 0.164811 0.166742 0.168133 0.16897 0.169248 0.168964 0.16812 0.166724 0.164788 0.162328 0.159366 0.155927 0.15204 0.147738 0.143057 0.138037 0.132718 0.127143 0.121358 0.115408 0.109338 0.103194 0.0970199 0.0908592 0.0847529 0.0787398 0.0728558 0.0671336 0.0616026 0.0562882 0.051212 0.0463917 0.0418409 0.0375692 0.0335828 0.0298838 0.0264715 0.0233417 0.020488 0.0179013 0.0155709 0.0134845 0.0116287 0.00998952 0.00855249 0.00730331 0.00622803 0.00531336 0.00454696 0.0039177 0.00341578 0.00303301 0.00276283 0.00260076 
0.00293133 0.00298542 0.00315948 0.00345701 0.00388339 0.004446 0.00515413 0.00601883 0.00705264 0.00826946 0.0096842 0.0113125 0.0131703 0.0152737 0.0176383 0.0202787 0.0232084 0.026439 0.0299801 0.0338385 0.0380178 0.0425185 0.047337 0.0524658 0.0578933 0.0636032 0.069575 0.0757837 0.0822001 0.0887909 0.095519 0.102344 0.109222 0.116107 0.122952 0.129707 0.136321 0.142746 0.14893 0.154825 0.160384 0.165562 0.170317 0.17461 0.178404 0.18167 0.184378 0.186508 0.188041 0.188964 0.189269 0.188955 0.188024 0.186483 0.184346 0.18163 0.178359 0.17456 0.170263 0.165506 0.160327 0.154769 0.148876 0.142695 0.136276 0.129668 0.122922 0.116086 0.109212 0.102345 0.0955326 0.0888174 0.0822397 0.0758365 0.0696406 0.0636812 0.057983 0.0525663 0.047447 0.0426368 0.0381429 0.0339688 0.0301142 0.0265751 0.0233448 0.0204139 0.0177708 0.0154021 0.0132933 0.0114289 0.00979297 0.00836972 0.00714364 0.00609993 0.00522485 0.00450593 0.00393226 0.00349462 0.0031857 0.00300045 
0.00336702 0.003429 0.00362769 0.00396702 0.00445298 0.00509384 0.00589996 0.00688361 0.00805877 0.00944086 0.0110464 0.0128926 0.0149972 0.0173776 0.020051 0.0230332 0.0263388 0.0299801 0.0339672 0.0383068 0.0430024 0.0480535 0.0534554 0.059199 0.0652703 0.0716507 0.0783163 0.085239 0.0923855 0.0997184 0.107196 0.114774 0.122403 0.130032 0.137609 0.145079 0.152388 0.159481 0.166302 0.1728 0.178923 0.184622 0.189852 0.194571 0.198741 0.202327 0.205301 0.207638 0.209319 0.210331 0.210666 0.21032 0.209297 0.207605 0.205258 0.202276 0.198682 0.194505 0.189781 0.184547 0.178845 0.172721 0.166224 0.159406 0.152318 0.145015 0.137553 0.129986 0.122368 0.114751 0.107187 0.0997233 0.0924051 0.0852734 0.0783656 0.0717143 0.0653478 0.0592893 0.0535574 0.0481658 0.0431235 0.0384351 0.0341009 0.0301175 0.0264779 0.0231723 0.0201883 0.0175116 0.0151263 0.0130154 0.0111617 0.00954762 0.00815603 0.00697057 0.005976 0.00515846 0.00450578 0.00400773 0.00365614 0.00344538 
0.00384933 0.00392 0.00414573 0.0045309 0.0050822 0.00580878 0.00672215 0.00783591 0.00916553 0.010728 0.0125416 0.0146252 0.0169982 0.0196797 0.0226882 0.0260408 0.0297532 0.0338385 0.0383068 0.043165 0.048416 0.0540585 0.0600863 0.0664882 0.073248 0.080344 0.0877491 0.0954313 0.103353 0.111473 0.119745 0.128117 0.136538 0.144951 0.153299 0.16152 0.169557 0.177349 0.184836 0.191963 0.198674 0.204916 0.21064 0.215802 0.22036 0.224279 0.227527 0.230079 0.231914 0.233019 0.233383 0.233005 0.231887 0.230039 0.227475 0.224215 0.220286 0.215719 0.210549 0.204819 0.198573 0.19186 0.184733 0.177247 0.169459 0.161428 0.153214 0.144877 0.136476 0.128068 0.119709 0.111453 0.10335 0.0954443 0.0877789 0.0803902 0.0733102 0.0665656 0.0601777 0.0541625 0.0485311 0.0432893 0.0384385 0.0339755 0.0298937 0.0261827 0.0228294 0.0198185 0.0171328 0.014754 0.0126632 0.0108411 0.00926889 0.00792865 0.00680348 0.00587807 0.00513895 0.00457476 0.00417645 0.00393775 
0.00438012 0.0044603 0.00471556 0.00515074 0.00577323 0.00659317 0.00762325 0.00887849 0.0103759 0.0121342 0.0141733 0.016514 0.0191773 0.0221839 0.0255539 0.0293057 0.0334558 0.0380178 0.0430024 0.048416 0.0542611 0.060535 0.0672299 0.0743325 0.0818238 0.0896788 0.0978671 0.106352 0.115093 0.124041 0.133147 0.142355 0.151606 0.160839 0.16999 0.178995 0.187789 0.196307 0.204486 0.212264 0.219583 0.226385 0.232619 0.238238 0.243196 0.247457 0.250988 0.25376 0.255754 0.256952 0.257348 0.256936 0.255721 0.253712 0.250925 0.247381 0.243107 0.238137 0.232509 0.226267 0.219458 0.212136 0.204356 0.196177 0.187662 0.178873 0.169875 0.160734 0.151513 0.142276 0.133083 0.123994 0.115063 0.106341 0.0978742 0.0897047 0.0818679 0.0743942 0.067308 0.0606282 0.0543677 0.0485342 0.04313 0.0381529 0.033596 0.0294489 0.0256979 0.0223266 0.0193166 0.0166482 0.0143006 0.0122531 0.0104851 0.00897684 0.00770978 0.00666708 0.00583391 0.00519773 0.00474855 0.00447945 
0.00496088 0.00505141 0.0053387 0.00582809 0.00652772 0.00744874 0.0086051 0.0100133 0.0116919 0.0136614 0.0159436 0.018561 0.0215364 0.0248923 0.0286499 0.0328291 0.0374472 0.0425185 0.0480535 0.0540585 0.060535 0.067479 0.0748807 0.0827244 0.090988 0.0996433 0.108655 0.117984 0.127582 0.137399 0.147376 0.157455 0.16757 0.177654 0.187639 0.197455 0.207031 0.216299 0.22519 0.233638 0.24158 0.248957 0.255714 0.261798 0.267166 0.271776 0.275594 0.278591 0.280746 0.282041 0.282467 0.282022 0.280708 0.278536 0.275521 0.271687 0.267061 0.26168 0.255583 0.248816 0.241431 0.233483 0.225031 0.216139 0.206873 0.197301 0.187492 0.177516 0.167444 0.157343 0.14728 0.13732 0.127523 0.117945 0.108637 0.0996457 0.0910111 0.0827674 0.0749427 0.0675587 0.0606307 0.0541682 0.0481751 0.0426497 0.0375856 0.0329723 0.0287955 0.0250378 0.0216797 0.0186999 0.0160761 0.0137858 0.0118066 0.010117 0.00869665 0.00752717 0.00659227 0.0058782 0.00537397 0.00507198 
0.0055926 0.00569433 0.00601618 0.006564 0.00734672 0.00837653 0.00966871 0.0112412 0.0131144 0.0153105 0.0178531 0.0207667 0.0240757 0.0278043 0.0319753 0.0366095 0.0417252 0.047337 0.0534554 0.0600863 0.0672299 0.0748807 0.0830268 0.0916496 0.100724 0.110217 0.120091 0.1303 0.140792 0.15151 0.162393 0.173373 0.184381 0.195344 0.206188 0.216837 0.227216 0.237251 0.24687 0.256002 0.26458 0.272541 0.279828 0.286386 0.292168 0.297131 0.30124 0.304465 0.306782 0.308174 0.308632 0.308153 0.306739 0.304401 0.301157 0.297029 0.292047 0.286249 0.279676 0.272377 0.264405 0.255819 0.246682 0.237061 0.227026 0.216649 0.206006 0.195171 0.18422 0.173226 0.162262 0.151398 0.1407 0.13023 0.120044 0.110193 0.100723 0.0916711 0.08307 0.0749443 0.0673121 0.0601852 0.0535688 0.0474624 0.04186 0.0367512 0.032121 0.0279515 0.0242219 0.0209094 0.0179902 0.0154399 0.0132343 0.01135 0.00976506 0.00845932 0.00741503 0.00661715 0.00605368 0.00571631 
0.00627572 0.0063895 0.0067484 0.00735883 0.00823052 0.00937676 0.0108142 0.0125623 0.0146431 0.0170808 0.0199009 0.0231295 0.0267931 0.0309173 0.0355263 0.0406422 0.0462837 0.0524658 0.059199 0.0664882 0.0743325 0.0827244 0.0916496 0.101086 0.111006 0.121372 0.132141 0.143262 0.15468 0.16633 0.178145 0.190053 0.201978 0.213842 0.225564 0.237064 0.248261 0.259077 0.269433 0.279257 0.288478 0.29703 0.304851 0.311885 0.318084 0.323402 0.327803 0.331255 0.333735 0.335225 0.335714 0.335201 0.333687 0.331184 0.327709 0.323287 0.317948 0.311731 0.304679 0.296843 0.288279 0.279047 0.269216 0.258854 0.248037 0.236842 0.225347 0.213633 0.201781 0.18987 0.177979 0.166183 0.154554 0.14316 0.132063 0.121319 0.110978 0.101084 0.0916712 0.0827692 0.0743988 0.066574 0.059302 0.0525834 0.0464131 0.0407805 0.0356708 0.0310649 0.0269411 0.0232752 0.0200417 0.0172146 0.0147677 0.0126757 0.010915 0.00946369 0.00830245 0.00741494 0.0067881 0.00641288 
0.00701008 0.00713674 0.00753514 0.00821226 0.00917866 0.0104488 0.0120405 0.0139752 0.0162764 0.0189702 0.022084 0.0256459 0.029684 0.0342256 0.0392962 0.0449188 0.0511127 0.0578933 0.0652703 0.073248 0.0818238 0.090988 0.100724 0.111006 0.121802 0.133071 0.144764 0.156826 0.169195 0.181802 0.194573 0.207429 0.22029 0.23307 0.245684 0.258045 0.27007 0.281673 0.292773 0.303293 0.313159 0.322301 0.330657 0.338167 0.344781 0.350452 0.355143 0.358822 0.361463 0.36305 0.363571 0.363024 0.361411 0.358744 0.35504 0.350325 0.34463 0.337995 0.330465 0.322092 0.312935 0.303056 0.292527 0.281419 0.269813 0.257788 0.24543 0.232823 0.220054 0.207207 0.194368 0.181617 0.169032 0.156688 0.144652 0.132986 0.121744 0.110976 0.100721 0.0910115 0.0818717 0.0733183 0.0653607 0.058001 0.0512349 0.0450522 0.0394379 0.0343723 0.0298327 0.0257935 0.0222278 0.0191076 0.016405 0.0140929 0.0121456 0.0105396 0.00925402 0.0082712 0.00757696 0.00716149 
0.00779482 0.00793515 0.00837542 0.00912316 0.0101898 0.0115909 0.0133458 0.0154773 0.0180111 0.0209748 0.0243978 0.0283102 0.0327416 0.037721 0.043275 0.0494276 0.0561986 0.0636032 0.0716507 0.080344 0.0896788 0.0996433 0.110217 0.121372 0.133071 0.145268 0.15791 0.170936 0.184277 0.197859 0.211602 0.225422 0.23923 0.252936 0.26645 0.279679 0.292534 0.304926 0.31677 0.327984 0.338492 0.348221 0.357106 0.365088 0.372112 0.378132 0.383109 0.387011 0.389812 0.391494 0.392046 0.391466 0.389755 0.386926 0.382997 0.377994 0.371948 0.3649 0.356896 0.347991 0.338244 0.327721 0.316494 0.304641 0.292244 0.279387 0.26616 0.252652 0.238955 0.22516 0.211358 0.197635 0.184076 0.17076 0.157762 0.145149 0.132981 0.121313 0.110188 0.099643 0.0897059 0.0803965 0.0717262 0.0636989 0.0563116 0.0495544 0.0434124 0.0378654 0.0328897 0.0284587 0.0245437 0.0211151 0.0181431 0.0155988 0.0134546 0.0116853 0.0102683 0.00918477 0.00841927 0.00796125 
0.00862835 0.00878312 0.00926749 0.0100896 0.0112616 0.0128004 0.0147267 0.0170649 0.0198425 0.023089 0.0268357 0.0311143 0.0359564 0.0413923 0.0474497 0.0541534 0.0615235 0.069575 0.0783163 0.0877491 0.0978671 0.108655 0.120091 0.132141 0.144764 0.15791 0.171519 0.185526 0.199855 0.214425 0.229151 0.243942 0.258703 0.27334 0.287755 0.301851 0.315533 0.32871 0.341291 0.353193 0.364334 0.374643 0.384049 0.392493 0.399919 0.406281 0.411538 0.415658 0.418614 0.420389 0.420972 0.420359 0.418554 0.415567 0.411418 0.406133 0.399743 0.39229 0.383822 0.374393 0.364064 0.352905 0.340988 0.328396 0.315211 0.301524 0.287428 0.273018 0.25839 0.24364 0.228866 0.21416 0.199613 0.185311 0.171333 0.157755 0.144641 0.13205 0.120033 0.108629 0.0978711 0.0877817 0.0783749 0.0696568 0.0616254 0.0542718 0.0475811 0.0415329 0.0361027 0.0312626 0.0269826 0.0232314 0.0199773 0.0171896 0.0148388 0.012898 0.0113431 0.0101537 0.00931325 0.00881052 
0.00950831 0.00967824 0.0102088 0.0111086 0.0123909 0.0140736 0.0161788 0.0187327 0.0217644 0.0253054 0.0293888 0.034048 0.0393163 0.0452253 0.0518039 0.0590772 0.0670657 0.0757837 0.085239 0.0954313 0.106352 0.117984 0.1303 0.143262 0.156826 0.170936 0.185526 0.200524 0.215849 0.231415 0.247128 0.262892 0.278606 0.29417 0.309481 0.324437 0.338939 0.35289 0.366197 0.378773 0.390536 0.40141 0.411325 0.420219 0.428037 0.43473 0.440258 0.444589 0.447696 0.449561 0.450173 0.449529 0.447632 0.444493 0.440132 0.434573 0.42785 0.420004 0.411083 0.401143 0.390246 0.378462 0.365869 0.352547 0.338586 0.324077 0.309119 0.293811 0.278254 0.26255 0.246802 0.231109 0.215567 0.200269 0.185301 0.170743 0.156667 0.143138 0.130211 0.117929 0.106331 0.0954418 0.0852786 0.0758497 0.0671546 0.0591855 0.0519278 0.0453609 0.0394596 0.0341951 0.0295359 0.0254491 0.0219013 0.01886 0.0162938 0.0141741 0.0124751 0.011175 0.0102563 0.00970688 
0.0104315 0.0106173 0.0111958 0.0121765 0.0135734 0.0154055 0.0176965 0.0204741 0.0237691 0.0276149 0.0320464 0.0370988 0.0428067 0.0492031 0.0563178 0.0641764 0.0727992 0.0822001 0.0923855 0.103353 0.115093 0.127582 0.140792 0.15468 0.169195 0.184277 0.199855 0.215849 0.232173 0.248734 0.265432 0.282165 0.298826 0.315308 0.331504 0.347306 0.362613 0.377322 0.391339 0.404573 0.41694 0.428362 0.438769 0.448097 0.456291 0.463303 0.469092 0.473624 0.476875 0.478827 0.479467 0.478793 0.476809 0.473525 0.468959 0.463138 0.456095 0.447871 0.438513 0.428079 0.416631 0.404241 0.390987 0.376953 0.36223 0.346915 0.331108 0.314912 0.298435 0.281784 0.265066 0.248387 0.23185 0.215553 0.199589 0.184045 0.168999 0.154521 0.14067 0.127498 0.115044 0.10334 0.0924044 0.0822484 0.0728736 0.064273 0.0564327 0.0493322 0.0429457 0.0372434 0.0321926 0.0277589 0.0239073 0.0206033 0.0178139 0.0155085 0.0136599 0.012245 0.011245 0.0106471 
0.011394 0.0115961 0.0122244 0.0132886 0.0148039 0.0167902 0.0192728 0.0222809 0.025847 0.0300065 0.0347957 0.0402517 0.0464104 0.053306 0.0609689 0.0694251 0.0786948 0.0887909 0.0997184 0.111473 0.124041 0.137399 0.15151 0.16633 0.181802 0.197859 0.214425 0.231415 0.248734 0.266284 0.283959 0.301649 0.319243 0.336628 0.353691 0.370322 0.386412 0.401859 0.416563 0.430433 0.443382 0.455331 0.466209 0.475953 0.484507 0.491822 0.497858 0.502583 0.505971 0.508004 0.508671 0.50797 0.505903 0.502481 0.497722 0.491652 0.484304 0.475718 0.465943 0.455035 0.443058 0.430083 0.41619 0.401466 0.386004 0.369901 0.353263 0.336198 0.318815 0.301229 0.283552 0.265896 0.248369 0.231077 0.214119 0.197588 0.181568 0.166134 0.151354 0.137283 0.123965 0.111434 0.0997149 0.0888199 0.078753 0.0695086 0.0610734 0.0534271 0.0465438 0.0403927 0.0349401 0.03015 0.0259859 0.0224115 0.019392 0.0168952 0.0148924 0.0133589 0.0122751 0.011627 
0.0123909 0.0126099 0.0132892 0.0144393 0.016076 0.0182205 0.0208995 0.0241437 0.0279873 0.0324674 0.037622 0.0434897 0.0501078 0.0575113 0.0657314 0.0747943 0.0847194 0.095519 0.107196 0.119745 0.133147 0.147376 0.162393 0.178145 0.194573 0.211602 0.229151 0.247128 0.265432 0.283959 0.302595 0.321225 0.339733 0.357999 0.375907 0.393342 0.410191 0.426349 0.441715 0.456194 0.469698 0.48215 0.493476 0.503614 0.512507 0.520108 0.526378 0.531283 0.5348 0.53691 0.537602 0.536875 0.53473 0.531179 0.526239 0.519935 0.5123 0.503373 0.493202 0.481844 0.469362 0.455828 0.441324 0.425936 0.409759 0.392894 0.37545 0.357537 0.339271 0.320769 0.30215 0.283531 0.265027 0.246749 0.228804 0.211291 0.194299 0.177913 0.162202 0.147228 0.133041 0.119679 0.107169 0.0955273 0.08476 0.0748631 0.0658242 0.0576234 0.0502344 0.0436261 0.0377636 0.0326096 0.0281261 0.024275 0.02102 0.0183271 0.0161662 0.0145112 0.0133412 0.0126418 
0.0134167 0.0136529 0.0143843 0.015622 0.0173825 0.0196883 0.0225673 0.0260517 0.0301775 0.0349832 0.0405087 0.0467937 0.0538769 0.0617941 0.070577 0.0802516 0.0908369 0.102344 0.114774 0.128117 0.142355 0.157455 0.173373 0.190053 0.207429 0.225422 0.243942 0.262892 0.282165 0.301649 0.321225 0.340773 0.360169 0.37929 0.398015 0.416223 0.433802 0.45064 0.466636 0.481694 0.495726 0.508652 0.5204 0.530907 0.540119 0.547987 0.554474 0.559547 0.563183 0.565364 0.566081 0.56533 0.563113 0.559443 0.554334 0.547812 0.539909 0.530662 0.520121 0.508339 0.49538 0.481317 0.466231 0.450209 0.433348 0.415752 0.39753 0.378798 0.359675 0.340282 0.320744 0.301182 0.28172 0.262473 0.243555 0.22507 0.207117 0.189783 0.173146 0.157273 0.142218 0.128024 0.114721 0.10233 0.0908586 0.0803046 0.0706568 0.061896 0.0539958 0.0469246 0.0406466 0.0351234 0.0303154 0.0261831 0.0226885 0.0197961 0.0174741 0.0156952 0.0144375 0.0136858 
0.0144649 0.0147187 0.0155029 0.0168293 0.0187153 0.0211843 0.0242656 0.0279929 0.0324038 0.0375382 0.0434375 0.0501428 0.0576939 0.0661273 0.0754749 0.0857625 0.0970083 0.109222 0.122403 0.136538 0.151606 0.16757 0.184381 0.201978 0.22029 0.23923 0.258703 0.278606 0.298826 0.319243 0.339733 0.360169 0.380423 0.400367 0.419875 0.438824 0.457097 0.474582 0.491174 0.506778 0.521305 0.534674 0.546816 0.557666 0.567172 0.575287 0.581974 0.587202 0.590948 0.593195 0.593934 0.593161 0.590879 0.587099 0.581836 0.575113 0.566962 0.55742 0.546534 0.534357 0.520953 0.506393 0.490758 0.474136 0.456626 0.438332 0.419367 0.399848 0.379899 0.359646 0.339216 0.31874 0.298342 0.278149 0.258277 0.238839 0.219939 0.201671 0.184118 0.167354 0.151437 0.136416 0.122324 0.109185 0.0970101 0.0857985 0.0755407 0.0662179 0.0578041 0.0502672 0.0435709 0.0376755 0.0325401 0.0281239 0.0243871 0.0212929 0.0188079 0.0169036 0.0155571 0.0147524 
0.0155285 0.0157999 0.0166374 0.0180531 0.0200652 0.0226984 0.025983 0.0299543 0.0346511 0.0401149 0.0463886 0.0535145 0.0615331 0.0704816 0.080392 0.0912898 0.103192 0.116107 0.130032 0.144951 0.160839 0.177654 0.195344 0.213842 0.23307 0.252936 0.27334 0.29417 0.315308 0.336628 0.357999 0.37929 0.400367 0.421098 0.441351 0.461003 0.479932 0.498026 0.515178 0.531292 0.546279 0.56006 0.572564 0.583731 0.593507 0.601848 0.608717 0.614086 0.617931 0.620238 0.620997 0.620205 0.617864 0.613985 0.608581 0.601676 0.593299 0.583487 0.572283 0.559741 0.545924 0.530901 0.514753 0.49757 0.479448 0.460494 0.440823 0.420555 0.399816 0.378737 0.35745 0.33609 0.314788 0.293675 0.272875 0.252507 0.23268 0.213497 0.195046 0.177404 0.160638 0.1448 0.129927 0.116047 0.103173 0.0913082 0.080443 0.07056 0.0616336 0.0536315 0.0465167 0.0402486 0.0347852 0.0300841 0.0261043 0.0228073 0.0201585 0.0181282 0.0166924 0.0158344 
0.0165997 0.0168888 0.0177795 0.0192845 0.0214226 0.0242197 0.0277071 0.0319215 0.0369032 0.042695 0.049341 0.0568846 0.0653671 0.0748262 0.0852938 0.0967949 0.109346 0.122952 0.137609 0.153299 0.16999 0.187639 0.206188 0.225564 0.245684 0.26645 0.287755 0.309481 0.331504 0.353691 0.375907 0.398015 0.419875 0.441351 0.46231 0.482623 0.502168 0.52083 0.538503 0.55509 0.570501 0.58466 0.597496 0.60895 0.618971 0.627515 0.634549 0.640044 0.643979 0.64634 0.647117 0.646308 0.643915 0.639947 0.634418 0.627349 0.618768 0.60871 0.597218 0.584343 0.570147 0.554697 0.538075 0.520367 0.501674 0.482101 0.461765 0.440788 0.4193 0.397434 0.375328 0.353121 0.330949 0.30895 0.287253 0.265983 0.245257 0.225182 0.205854 0.187356 0.169758 0.153117 0.137477 0.122868 0.109305 0.0967949 0.0853292 0.0748918 0.0654573 0.0569936 0.0494631 0.0428245 0.0370346 0.0320498 0.0278277 0.0243285 0.0215163 0.0193602 0.0178352 0.016924 
0.0176703 0.0179769 0.0189204 0.0205139 0.022777 0.0257364 0.0294247 0.0338797 0.0391431 0.045259 0.0522725 0.060228 0.0691675 0.079129 0.0901442 0.102237 0.115424 0.129707 0.145079 0.16152 0.178995 0.197455 0.216837 0.237064 0.258045 0.279679 0.301851 0.324437 0.347306 0.370322 0.393342 0.416223 0.438824 0.461003 0.482623 0.503554 0.523672 0.542861 0.561014 0.578033 0.593833 0.608334 0.621471 0.633184 0.643424 0.652151 0.659331 0.664938 0.668952 0.67136 0.672154 0.67133 0.668891 0.664845 0.659205 0.65199 0.643228 0.63295 0.621199 0.608023 0.593482 0.577643 0.560584 0.542394 0.523171 0.503022 0.482064 0.460422 0.438228 0.415619 0.392736 0.369722 0.34672 0.323872 0.301314 0.279177 0.257583 0.236647 0.216469 0.197138 0.178731 0.16131 0.144921 0.129598 0.115362 0.102219 0.0901637 0.0791813 0.0692469 0.0603285 0.052388 0.0453837 0.0392713 0.034006 0.0295442 0.0258448 0.0228708 0.02059 0.0189766 0.0180127 
0.0187313 0.0190553 0.0200508 0.0217314 0.0241174 0.0272364 0.031122 0.0358133 0.0413531 0.0477866 0.0551601 0.0635187 0.0729051 0.0833571 0.0949064 0.107576 0.121381 0.136321 0.152388 0.169557 0.187789 0.207031 0.227216 0.248261 0.27007 0.292534 0.315533 0.338939 0.362613 0.386412 0.410191 0.433802 0.457097 0.479932 0.502168 0.523672 0.544319 0.563991 0.582582 0.599996 0.616146 0.630956 0.644361 0.656304 0.666739 0.675626 0.682934 0.688639 0.692723 0.695173 0.695981 0.695144 0.692666 0.688552 0.682815 0.675474 0.666551 0.65608 0.644098 0.630653 0.615802 0.59961 0.582155 0.563524 0.543814 0.523133 0.501599 0.479338 0.456484 0.433177 0.409562 0.385786 0.361997 0.338342 0.314964 0.291998 0.269574 0.24781 0.226815 0.206683 0.187495 0.169317 0.152203 0.136189 0.121298 0.107539 0.0949097 0.0833957 0.0729732 0.0636102 0.0552687 0.0479062 0.0414776 0.0359372 0.0312401 0.0273441 0.0242109 0.0218076 0.0201074 0.0190916 
0.0197739 0.0201148 0.021161 0.0229265 0.0254324 0.028707 0.0327849 0.0377062 0.0435149 0.0502573 0.0579805 0.0667304 0.0765499 0.0874771 0.0995432 0.112771 0.127171 0.142746 0.159481 0.177349 0.196307 0.216299 0.237251 0.259077 0.281673 0.304926 0.32871 0.35289 0.377322 0.401859 0.426349 0.45064 0.474582 0.498026 0.52083 0.542861 0.563991 0.584103 0.603092 0.62086 0.637324 0.652409 0.666051 0.678197 0.688801 0.697827 0.705247 0.711037 0.71518 0.717665 0.718486 0.717639 0.715127 0.710956 0.705136 0.697685 0.688624 0.677983 0.665799 0.652116 0.636989 0.620482 0.60267 0.583639 0.563486 0.542319 0.520254 0.497421 0.473955 0.449998 0.425699 0.401209 0.37668 0.352265 0.32811 0.304358 0.281144 0.258593 0.236818 0.215919 0.195983 0.177081 0.15927 0.142589 0.127067 0.112714 0.0995301 0.0875019 0.0766066 0.0668126 0.0580818 0.0503714 0.0436354 0.0378273 0.0329012 0.0288137 0.0255255 0.0230027 0.0212178 0.0201515 
0.0207885 0.0211458 0.0222411 0.0240888 0.0267105 0.0301353 0.0343989 0.0395422 0.0456102 0.0526502 0.0607101 0.0698363 0.0800721 0.0914555 0.104017 0.117778 0.13275 0.14893 0.166302 0.184836 0.204486 0.22519 0.24687 0.269433 0.292773 0.31677 0.341291 0.366197 0.391339 0.416563 0.441715 0.466636 0.491174 0.515178 0.538503 0.561014 0.582582 0.603092 0.622436 0.640521 0.657263 0.672589 0.686439 0.69876 0.709511 0.718657 0.726171 0.732032 0.736226 0.738742 0.739573 0.738718 0.736178 0.731958 0.726069 0.718525 0.709346 0.69856 0.6862 0.672309 0.656939 0.640153 0.622023 0.602633 0.58208 0.560471 0.537923 0.514566 0.490537 0.46598 0.441047 0.415892 0.390674 0.365546 0.340663 0.316173 0.292215 0.26892 0.246406 0.22478 0.204134 0.184542 0.166066 0.14875 0.132625 0.117704 0.103988 0.0914666 0.0801173 0.0699091 0.0608039 0.0527585 0.0457264 0.0396602 0.0345131 0.0302408 0.026803 0.0241648 0.022298 0.0211829 
0.0217658 0.0221388 0.0232811 0.0252074 0.0279399 0.0315085 0.0359495 0.0413049 0.0476205 0.0549445 0.0633253 0.07281 0.0834421 0.0952593 0.108292 0.12256 0.138072 0.154825 0.1728 0.191963 0.212264 0.233638 0.256002 0.279257 0.303293 0.327984 0.353193 0.378773 0.404573 0.430433 0.456194 0.481694 0.506778 0.531292 0.55509 0.578033 0.599996 0.62086 0.640521 0.658885 0.67587 0.691407 0.705435 0.717907 0.728782 0.738029 0.745622 0.751544 0.755779 0.75832 0.759161 0.758299 0.755737 0.751477 0.74553 0.737909 0.72863 0.71772 0.70521 0.69114 0.675559 0.658528 0.640117 0.62041 0.599499 0.577493 0.554508 0.530675 0.506132 0.481026 0.455511 0.429744 0.403887 0.378099 0.35254 0.32736 0.302707 0.278715 0.255509 0.233201 0.211885 0.191643 0.17254 0.154624 0.137927 0.122467 0.108247 0.0952569 0.083476 0.0728736 0.0634117 0.0550469 0.0477323 0.0414198 0.0360616 0.0316126 0.0280316 0.0252831 0.023338 0.0221762 
0.0226964 0.0230843 0.0242711 0.0262718 0.0291092 0.0328137 0.0374225 0.0429783 0.0495277 0.0571197 0.0658032 0.0756258 0.086631 0.0988563 0.112331 0.127075 0.143094 0.160384 0.178923 0.198674 0.219583 0.24158 0.26458 0.288478 0.313159 0.338492 0.364334 0.390536 0.41694 0.443382 0.469698 0.495726 0.521305 0.546279 0.570501 0.593833 0.616146 0.637324 0.657263 0.67587 0.693066 0.708783 0.722965 0.735564 0.746543 0.755873 0.763532 0.769502 0.773772 0.776334 0.777182 0.776316 0.773735 0.769444 0.76345 0.755765 0.746405 0.735391 0.722755 0.708532 0.69277 0.675527 0.656871 0.636883 0.615656 0.593296 0.569921 0.54566 0.520653 0.495049 0.469003 0.442677 0.416235 0.389842 0.363659 0.337844 0.312547 0.28791 0.264061 0.241117 0.219178 0.198329 0.17864 0.160162 0.14293 0.126965 0.112271 0.0988408 0.0866538 0.0756802 0.0658822 0.0572163 0.0496351 0.0430899 0.0375323 0.0329163 0.0292 0.0263471 0.0243279 0.0231219 
