0.00478122 0.00481797 0.00493545 0.00513434 0.00541532 0.00577931 0.00622743 0.00676095 0.00738125 0.00808978 0.00888794 0.00977709 0.0107584 0.0118328 0.013001 0.0142633 0.0156193 0.0170685 0.0186093 0.02024 0.0219576 0.0237587 0.0256389 0.0275931 0.0296153 0.0316984 0.0338347 0.0360156 0.0382317 0.0404728 0.0427281 0.0449859 0.0472343 0.0494607 0.0516525 0.0537964 0.0558794 0.0578884 0.0598104 0.0616327 0.063343 0.0649298 0.066382 0.0676893 0.0688425 0.0698333 0.0706545 0.0713 0.0717653 0.0720468 0.0721426 0.0720518 0.0717753 0.071315 0.0706745 0.0698584 0.0688727 0.0677246 0.0664224 0.0649754 0.0633937 0.0616885 0.0598713 0.0579544 0.0559504 0.0538722 0.051733 0.0495458 0.0473237 0.0450794 0.0428254 0.0405737 0.0383357 0.0361224 0.0339438 0.0318093 0.0297276 0.0277064 0.0257525 0.0238721 0.0220703 0.0203513 0.0187188 0.0171755 0.0157234 0.0143639 0.0130976 0.0119249 0.0108455 0.00985876 0.00896378 0.00815941 0.00744435 0.0068172 0.00627658 0.00582114 0.00544965 0.00516103 0.00495439 0.00482935 
0.00481797 0.00485502 0.00497342 0.00517384 0.00545697 0.00582373 0.00627525 0.00681281 0.00743779 0.00815165 0.0089558 0.00985159 0.0108402 0.0119226 0.0130994 0.014371 0.015737 0.0171967 0.0187488 0.0203912 0.0221212 0.0239352 0.0258288 0.0277969 0.0298333 0.031931 0.0340823 0.0362784 0.0385098 0.0407664 0.043037 0.0453103 0.0475739 0.0498154 0.0520219 0.0541802 0.0562771 0.0582994 0.0602341 0.0620684 0.06379 0.0653872 0.0668488 0.0681647 0.0693253 0.0703225 0.071149 0.0717987 0.072267 0.0725503 0.0726466 0.0725552 0.0722768 0.0718136 0.0711688 0.0703474 0.0693552 0.0681996 0.0668889 0.0654324 0.0638403 0.0621238 0.0602946 0.0583649 0.0563475 0.0542555 0.0521019 0.0499 0.0476629 0.0454033 0.043134 0.0408668 0.0386134 0.0363848 0.0341911 0.0320417 0.0299454 0.0279099 0.0259422 0.0240484 0.0222337 0.0205025 0.0188582 0.0173037 0.0158411 0.0144716 0.0131961 0.0120147 0.0109274 0.00993334 0.00903173 0.00822138 0.00750098 0.00686914 0.00632448 0.00586563 0.00549135 0.00520058 0.0049924 0.00486644 
0.00493545 0.00497342 0.00509458 0.00529962 0.00558925 0.00596438 0.00642617 0.00697591 0.00761501 0.00834491 0.00916706 0.0100828 0.0110933 0.0121996 0.0134023 0.0147015 0.0160972 0.0175884 0.0191738 0.0208512 0.0226179 0.0244701 0.0264034 0.0284124 0.0304909 0.0326318 0.034827 0.0370677 0.0393442 0.041646 0.043962 0.0462803 0.0485887 0.0508742 0.0531238 0.055324 0.0574615 0.0595227 0.0614945 0.0633638 0.0651182 0.0667456 0.0682349 0.0695755 0.0707579 0.0717737 0.0726156 0.0732774 0.0737543 0.0740428 0.0741408 0.0740476 0.0737639 0.0732918 0.0726348 0.0717978 0.0707869 0.0696094 0.0682738 0.0667896 0.0651672 0.0634178 0.0615535 0.0595868 0.0575304 0.0553978 0.0532023 0.0509573 0.0486762 0.046372 0.0440575 0.0417451 0.0394465 0.0371729 0.0349347 0.0327414 0.0306021 0.0285246 0.0265161 0.0245828 0.0227299 0.0209621 0.0192829 0.0176952 0.0162012 0.0148021 0.0134989 0.0122918 0.0111806 0.0101647 0.00924317 0.00841484 0.00767841 0.00703247 0.00647561 0.00600647 0.0056238 0.0053265 0.00511368 0.00498492 
0.00513434 0.00517384 0.00529962 0.0055124 0.00581289 0.00620203 0.00668099 0.00725109 0.00791376 0.00867046 0.00952266 0.0104717 0.0115188 0.0126649 0.0139106 0.0152562 0.0167012 0.0182449 0.0198857 0.0216214 0.0234491 0.0253649 0.0273641 0.0294412 0.0315897 0.0338022 0.0360704 0.0383852 0.0407365 0.0431135 0.0455046 0.0478978 0.0502802 0.0526387 0.0549597 0.0572295 0.0594341 0.0615599 0.0635931 0.0655204 0.0673289 0.0690064 0.0705414 0.0719229 0.0731414 0.0741881 0.0750554 0.0757372 0.0762284 0.0765255 0.0766262 0.07653 0.0762375 0.0757508 0.0750737 0.0742109 0.073169 0.0719552 0.0705784 0.0690484 0.0673757 0.0655721 0.0636497 0.0616214 0.0595005 0.0573007 0.0550356 0.0527192 0.0503652 0.047987 0.0455978 0.0432103 0.0408367 0.0384884 0.0361763 0.0339102 0.0316994 0.0295521 0.0274757 0.0254766 0.0235603 0.0217317 0.0199943 0.0183514 0.0168049 0.0153566 0.0140073 0.0127572 0.0116063 0.0105539 0.00959906 0.0087407 0.00797748 0.00730797 0.00673075 0.00624442 0.00584771 0.00553951 0.0053189 0.00518547 
0.00541532 0.00545697 0.00558925 0.00581289 0.00612862 0.00653743 0.00704049 0.00763915 0.00833489 0.00912919 0.0100235 0.0110193 0.0121177 0.0133196 0.0146257 0.016036 0.0175502 0.0191674 0.0208858 0.0227031 0.0246162 0.0266209 0.0287124 0.0308847 0.033131 0.0354437 0.0378139 0.0402321 0.0426879 0.0451698 0.047666 0.0501636 0.0526494 0.0551097 0.0575303 0.0598971 0.0621954 0.0644111 0.06653 0.0685382 0.0704223 0.0721696 0.0737682 0.0752069 0.0764756 0.0775652 0.0784681 0.0791777 0.0796888 0.0799978 0.0801025 0.080002 0.0796972 0.0791902 0.0784849 0.0775863 0.076501 0.0752368 0.0738027 0.0722087 0.070466 0.0685866 0.0665832 0.0644692 0.0622583 0.0599646 0.0576026 0.0551866 0.0527308 0.0502493 0.0477558 0.0452635 0.042785 0.0403325 0.0379171 0.0355492 0.0332385 0.0309936 0.0288222 0.0267311 0.0247262 0.0228123 0.0209936 0.0192733 0.0176536 0.0161362 0.0147223 0.013412 0.0122053 0.0111017 0.0101003 0.00919983 0.00839903 0.00769646 0.00709066 0.0065802 0.0061638 0.0058403 0.00560877 0.00546878 
0.00577931 0.00582373 0.00596438 0.00620203 0.00653743 0.00697157 0.0075057 0.00814118 0.00887953 0.00972228 0.0106709 0.0117269 0.0128913 0.0141651 0.0155488 0.0170425 0.0186458 0.0203574 0.0221757 0.0240979 0.0261208 0.0282398 0.0304497 0.0327444 0.0351164 0.0375576 0.0400588 0.0426099 0.0451997 0.0478163 0.0504471 0.0530787 0.0556971 0.0582879 0.0608363 0.0633273 0.0657458 0.0680768 0.0703054 0.0724171 0.074398 0.0762348 0.0779149 0.0794267 0.0807597 0.0819044 0.0828527 0.0835979 0.0841346 0.0844589 0.0845684 0.0844625 0.084142 0.083609 0.0828677 0.0819232 0.0807825 0.0794536 0.0779459 0.0762701 0.0744377 0.0724613 0.0703542 0.0681302 0.065804 0.0633902 0.0609039 0.0583601 0.0557738 0.0531598 0.0505325 0.0479057 0.0452928 0.0427064 0.0401585 0.0376599 0.0352209 0.0328506 0.0305572 0.028348 0.026229 0.0242057 0.0222824 0.0204625 0.0187485 0.0171424 0.0156452 0.0142575 0.0129791 0.0118096 0.010748 0.00979337 0.00894417 0.008199 0.00755637 0.00701483 0.00657303 0.00622981 0.0059842 0.00583578 
0.00622743 0.00627525 0.00642617 0.00668099 0.00704049 0.0075057 0.00807789 0.0087585 0.00954906 0.0104511 0.0114663 0.0125959 0.0138411 0.0152029 0.0166817 0.0182775 0.0199896 0.0218169 0.0237572 0.0258077 0.0279647 0.0302234 0.0325781 0.0350221 0.0375476 0.0401458 0.0428069 0.0455199 0.0482733 0.0510542 0.0538492 0.0566441 0.0594241 0.062174 0.0648781 0.0675205 0.0700853 0.0725566 0.0749188 0.0771566 0.0792553 0.081201 0.0829803 0.0845811 0.0859923 0.087204 0.0882076 0.0889961 0.0895638 0.0899067 0.0900223 0.0899098 0.08957 0.0890055 0.0882203 0.08722 0.0860118 0.0846042 0.0830071 0.0812317 0.0792902 0.0771956 0.0749621 0.0726044 0.0701376 0.0675775 0.0649397 0.0622403 0.0594951 0.0567196 0.0539291 0.0511383 0.0483614 0.0456118 0.0429021 0.040244 0.0376484 0.035125 0.0326826 0.030329 0.0280708 0.0259137 0.0238624 0.0219208 0.0200916 0.0183768 0.0167778 0.0152952 0.0139291 0.0126789 0.0115438 0.0105227 0.00961423 0.00881688 0.00812913 0.00754949 0.00707658 0.0067092 0.00644634 0.00628757 
0.00676095 0.00681281 0.00697591 0.00725109 0.00763915 0.00814118 0.0087585 0.00949257 0.010345 0.0113174 0.0124113 0.0136281 0.0149691 0.016435 0.0180263 0.0197428 0.0215838 0.0235477 0.0256323 0.0278345 0.03015 0.0325736 0.0350993 0.0377197 0.0404264 0.0432098 0.0460595 0.0489637 0.0519099 0.0548844 0.057873 0.0608604 0.0638308 0.0667681 0.0696555 0.0724761 0.0752131 0.0778497 0.0803691 0.0827552 0.0849926 0.0870662 0.0889622 0.0906677 0.0921708 0.0934612 0.0945299 0.0953693 0.0959735 0.0963382 0.0964609 0.0963407 0.0959784 0.0953767 0.0945399 0.0934739 0.0921864 0.0906863 0.0889841 0.0870915 0.0850215 0.082788 0.0804059 0.0778907 0.0752586 0.0725261 0.0697101 0.0668273 0.0638948 0.060929 0.0579462 0.0549622 0.0519919 0.0490498 0.0461493 0.043303 0.0405226 0.0378185 0.0352002 0.032676 0.0302532 0.0279381 0.0257357 0.0236501 0.0216845 0.0198413 0.0181219 0.0165271 0.015057 0.0137113 0.0124892 0.0113894 0.0104107 0.00955154 0.00881033 0.00818555 0.00767578 0.00727976 0.00699646 0.00682543 
0.00738125 0.00743779 0.00761501 0.00791376 0.00833489 0.00887953 0.00954906 0.010345 0.011269 0.0123227 0.0135077 0.0148254 0.016277 0.0178632 0.0195845 0.0214404 0.0234301 0.0255519 0.0278031 0.0301801 0.0326784 0.0352924 0.0380152 0.0408388 0.0437542 0.046751 0.0498178 0.0529421 0.0561102 0.0593076 0.0625187 0.0657275 0.0689168 0.0720695 0.0751675 0.078193 0.0811278 0.083954 0.0866539 0.0892104 0.0916068 0.0938273 0.0958572 0.0976827 0.0992914 0.100672 0.101815 0.102713 0.103359 0.103749 0.10388 0.103751 0.103362 0.102718 0.101822 0.100681 0.0993024 0.0976961 0.0958733 0.0938463 0.0916289 0.0892359 0.0866832 0.0839872 0.0811651 0.0782347 0.0752138 0.0721205 0.0689727 0.0657881 0.0625842 0.0593778 0.056185 0.0530214 0.0499013 0.0468383 0.043845 0.0409326 0.0381116 0.0353908 0.0327783 0.0302808 0.027904 0.0256523 0.0235294 0.0215378 0.0196793 0.0179549 0.0163647 0.0149086 0.0135858 0.0123951 0.0113352 0.0104045 0.00960149 0.00892449 0.00837207 0.00794292 0.00763597 0.00745076 
0.00808978 0.00815165 0.00834491 0.00867046 0.00912919 0.00972228 0.0104511 0.0113174 0.0123227 0.0134687 0.0147572 0.0161894 0.0177666 0.0194894 0.0213581 0.0233722 0.0255306 0.0278312 0.0302712 0.0328464 0.0355518 0.0383811 0.041327 0.0443806 0.0475321 0.0507702 0.0540825 0.0574554 0.0608743 0.0643233 0.0677858 0.0712444 0.0746808 0.0780764 0.081412 0.0846684 0.0878262 0.0908662 0.0937695 0.0965178 0.0990934 0.101479 0.10366 0.105621 0.107348 0.10883 0.110058 0.111021 0.111714 0.112132 0.112272 0.112133 0.111716 0.111023 0.110061 0.108835 0.107354 0.105628 0.103669 0.101491 0.0991078 0.0965351 0.0937901 0.0908904 0.0878543 0.0847007 0.0814488 0.0781179 0.0747272 0.0712958 0.0678423 0.0643848 0.0609408 0.0575268 0.0541585 0.0508505 0.0476164 0.0444686 0.0414181 0.0384748 0.0356475 0.0329435 0.030369 0.0279292 0.0256279 0.0234681 0.0214519 0.0195804 0.017854 0.0162726 0.0148354 0.0135415 0.0123894 0.0113775 0.0105042 0.00976782 0.00916693 0.00870013 0.0083663 0.00816498 
0.00888794 0.0089558 0.00916706 0.00952266 0.0100235 0.0106709 0.0114663 0.0124113 0.0135077 0.0147572 0.0161614 0.0177219 0.0194396 0.0213152 0.0233488 0.0255398 0.0278868 0.0303873 0.033038 0.0358345 0.0387711 0.0418409 0.0450356 0.0483457 0.0517604 0.0552674 0.0588532 0.0625031 0.0662011 0.0699302 0.0736724 0.0774088 0.0811199 0.0847855 0.0883852 0.0918981 0.0953036 0.098581 0.10171 0.104671 0.107446 0.110015 0.112363 0.114474 0.116333 0.117928 0.119248 0.120284 0.12103 0.121479 0.121629 0.121479 0.121029 0.120284 0.119247 0.117927 0.116333 0.114475 0.112365 0.110019 0.107451 0.104679 0.101721 0.098595 0.0953213 0.0919198 0.0884112 0.0848163 0.0811556 0.0774497 0.0737185 0.0699817 0.066258 0.0625653 0.0589205 0.0553396 0.0518372 0.0484268 0.0451205 0.041929 0.0388619 0.0359274 0.0331323 0.0304822 0.0279816 0.0256338 0.0234411 0.0214051 0.0195263 0.0178047 0.0162396 0.0148301 0.0135747 0.0124718 0.0115198 0.010717 0.0100618 0.00955282 0.00918888 0.00896951 
0.00977709 0.00985159 0.0100828 0.0104717 0.0110193 0.0117269 0.0125959 0.0136281 0.0148254 0.0161894 0.0177219 0.0194242 0.0212974 0.023342 0.025558 0.0279444 0.0304997 0.033221 0.0361045 0.0391453 0.0423369 0.0456718 0.0491409 0.0527338 0.0564384 0.0602416 0.0641285 0.0680831 0.0720882 0.0761253 0.080175 0.0842168 0.0882296 0.0921919 0.0960814 0.0998759 0.103553 0.107091 0.110468 0.113662 0.116655 0.119425 0.121956 0.124231 0.126235 0.127953 0.129375 0.130491 0.131294 0.131777 0.131938 0.131776 0.131291 0.130487 0.12937 0.127947 0.126228 0.124225 0.12195 0.11942 0.116651 0.11366 0.110468 0.107094 0.103559 0.0998856 0.0960954 0.0922105 0.0882533 0.0842457 0.0802094 0.0761655 0.0721342 0.0681348 0.0641859 0.0603045 0.0565066 0.0528069 0.0492186 0.0457534 0.0424219 0.039233 0.0361944 0.0333121 0.0305914 0.0280359 0.0256483 0.0234304 0.0213831 0.0195064 0.0177998 0.0162623 0.0148925 0.013689 0.0126498 0.0117734 0.0110581 0.0105023 0.0101051 0.00986569 
0.0107584 0.0108402 0.0110933 0.0115188 0.0121177 0.0128913 0.0138411 0.0149691 0.016277 0.0177666 0.0194396 0.0212974 0.0233409 0.0255706 0.0279862 0.0305867 0.0333699 0.0363326 0.0394707 0.0427784 0.0462487 0.0498732 0.0536418 0.0575432 0.0615641 0.0656901 0.0699052 0.0741919 0.0785315 0.0829039 0.0872882 0.0916622 0.0960032 0.100288 0.104492 0.108593 0.112565 0.116386 0.120031 0.123479 0.126708 0.129697 0.132427 0.13488 0.137039 0.138892 0.140424 0.141627 0.142491 0.143011 0.143184 0.143009 0.142486 0.141619 0.140414 0.13888 0.137026 0.134865 0.132412 0.129682 0.126693 0.123466 0.120019 0.116376 0.112558 0.108589 0.104493 0.100293 0.0960135 0.0916779 0.0873097 0.0829315 0.0785652 0.074232 0.0699515 0.0657426 0.0616225 0.0576072 0.0537111 0.0499473 0.046327 0.0428602 0.0395553 0.0364193 0.0334578 0.030675 0.0280741 0.0256571 0.0234252 0.0213786 0.0195169 0.0178391 0.0163441 0.0150301 0.0138953 0.0129382 0.0121568 0.0115499 0.011116 0.0108547 
0.0118328 0.0119226 0.0121996 0.0126649 0.0133196 0.0141651 0.0152029 0.016435 0.0178632 0.0194894 0.0213152 0.023342 0.0255706 0.0280014 0.0306338 0.0334665 0.036497 0.0397217 0.0431357 0.0467327 0.0505049 0.0544429 0.0585358 0.0627709 0.0671339 0.071609 0.0761787 0.0808241 0.0855248 0.0902592 0.0950044 0.0997367 0.104431 0.109064 0.113607 0.118037 0.122327 0.126452 0.130387 0.134107 0.13759 0.140814 0.143757 0.146401 0.148729 0.150725 0.152376 0.153671 0.154602 0.155162 0.155348 0.155158 0.154594 0.15366 0.152361 0.150707 0.148708 0.146378 0.143732 0.140788 0.137564 0.134081 0.130362 0.126429 0.122306 0.118019 0.113593 0.109054 0.104427 0.0997377 0.0950115 0.0902726 0.0855449 0.0808511 0.0762125 0.0716497 0.0671812 0.0628246 0.0585956 0.0545084 0.0505754 0.0468076 0.0432142 0.0398031 0.0365804 0.033551 0.0307186 0.0280854 0.025653 0.0234218 0.0213915 0.0195614 0.01793 0.0164959 0.0152572 0.0142122 0.0133591 0.0126963 0.0122226 0.0119375 
0.013001 0.0130994 0.0134023 0.0139106 0.0146257 0.0155488 0.0166817 0.0180263 0.0195845 0.0213581 0.0233488 0.025558 0.0279862 0.0306338 0.0334999 0.0365828 0.0398797 0.0433864 0.0470974 0.0510056 0.0551024 0.0593774 0.0638186 0.0684121 0.0731424 0.077992 0.0829421 0.0879719 0.0930596 0.0981816 0.103313 0.108429 0.113502 0.118506 0.123412 0.128194 0.132824 0.137273 0.141517 0.145528 0.149282 0.152756 0.155927 0.158775 0.161281 0.163431 0.165208 0.166602 0.167604 0.168206 0.168406 0.168201 0.167593 0.166586 0.165187 0.163405 0.161252 0.158742 0.155891 0.152718 0.149243 0.145488 0.141477 0.137235 0.132787 0.128161 0.123382 0.11848 0.113482 0.108414 0.103305 0.0981796 0.0930647 0.0879844 0.082962 0.0780195 0.0731774 0.0684544 0.0638678 0.0594331 0.055164 0.0510725 0.0471688 0.0434616 0.0399578 0.0366628 0.0335809 0.0307148 0.0280662 0.0256359 0.0234237 0.0214291 0.0196506 0.0180868 0.0167359 0.015596 0.0146653 0.0139423 0.0134256 0.0131147 
0.0142633 0.014371 0.0147015 0.0152562 0.016036 0.0170425 0.0182775 0.0197428 0.0214404 0.0233722 0.0255398 0.0279444 0.0305867 0.0334665 0.0365828 0.0399336 0.0435155 0.0473238 0.0513523 0.0555931 0.0600366 0.0646715 0.0694844 0.0744602 0.079582 0.0848307 0.0901859 0.0956252 0.101125 0.106659 0.112201 0.117725 0.1232 0.128598 0.13389 0.139045 0.144034 0.148828 0.153399 0.157718 0.16176 0.165498 0.16891 0.171974 0.17467 0.176981 0.178893 0.180391 0.181468 0.182115 0.182329 0.182108 0.181454 0.180371 0.178866 0.176949 0.174632 0.171931 0.168863 0.165448 0.161707 0.157664 0.153345 0.148774 0.143981 0.138994 0.133842 0.128555 0.123162 0.117692 0.112176 0.10664 0.101113 0.0956218 0.0901907 0.0848438 0.0796033 0.0744896 0.0695217 0.0647162 0.0600882 0.055651 0.0514157 0.0473919 0.0435874 0.0400083 0.0366593 0.0335437 0.0306635 0.0280199 0.0256128 0.0234418 0.0215056 0.0198027 0.0183313 0.0170895 0.0160756 0.0152879 0.0147251 0.0143865 
0.0156193 0.015737 0.0160972 0.0167012 0.0175502 0.0186458 0.0199896 0.0215838 0.0234301 0.0255306 0.0278868 0.0304997 0.0333699 0.036497 0.0398797 0.0435155 0.0474005 0.0515295 0.0558954 0.0604895 0.0653011 0.0703178 0.075525 0.0809062 0.0864428 0.0921143 0.0978983 0.103771 0.109706 0.115676 0.121653 0.127606 0.133506 0.13932 0.145018 0.150567 0.155936 0.161093 0.166008 0.170651 0.174995 0.179012 0.182678 0.185969 0.188864 0.191346 0.193397 0.195006 0.196161 0.196856 0.197085 0.196847 0.196144 0.194981 0.193364 0.191305 0.188817 0.185915 0.182619 0.178949 0.174928 0.170582 0.165937 0.161022 0.155865 0.150498 0.144952 0.139258 0.133449 0.127555 0.121608 0.115639 0.109677 0.10375 0.0978864 0.0921114 0.086449 0.0809214 0.0755491 0.0703503 0.0653415 0.0605372 0.0559497 0.0515895 0.0474653 0.043584 0.0399508 0.0365697 0.033443 0.0305721 0.0279574 0.0255983 0.0234939 0.0216427 0.0200428 0.0186924 0.0175897 0.016733 0.0161209 0.0157528 
0.0170685 0.0171967 0.0175884 0.0182449 0.0191674 0.0203574 0.0218169 0.0235477 0.0255519 0.0278312 0.0303873 0.033221 0.0363326 0.0397217 0.0433864 0.0473238 0.0515295 0.0559975 0.0607199 0.0656871 0.0708874 0.0763071 0.0819301 0.0877386 0.0937122 0.0998289 0.106064 0.112393 0.118785 0.125214 0.131647 0.138052 0.144397 0.150648 0.156772 0.162733 0.168499 0.174037 0.179312 0.184295 0.188955 0.193264 0.197195 0.200723 0.203826 0.206486 0.208684 0.210408 0.211645 0.212389 0.212633 0.212378 0.211624 0.210377 0.208644 0.206437 0.203769 0.200658 0.197123 0.193187 0.188873 0.18421 0.179224 0.173947 0.16841 0.162645 0.156686 0.150566 0.14432 0.137981 0.131582 0.125157 0.118737 0.112353 0.106034 0.0998088 0.093702 0.0877383 0.0819396 0.0763261 0.0709154 0.0657235 0.0607639 0.0560483 0.0515861 0.0473851 0.0434514 0.0397891 0.0364014 0.0332897 0.0304549 0.0278966 0.0256138 0.0236052 0.0218691 0.0204034 0.0192065 0.0182766 0.0176122 0.0172128 
0.0186093 0.0187488 0.0191738 0.0198857 0.0208858 0.0221757 0.0237572 0.0256323 0.0278031 0.0302712 0.033038 0.0361045 0.0394707 0.0431357 0.0470974 0.0513523 0.0558954 0.0607199 0.0658172 0.0711765 0.0767849 0.0826275 0.0886868 0.0949433 0.101375 0.107958 0.114666 0.121471 0.128343 0.13525 0.14216 0.149037 0.155847 0.162554 0.169121 0.175513 0.181693 0.187626 0.193277 0.198613 0.203602 0.208214 0.21242 0.216195 0.219515 0.222359 0.22471 0.226553 0.227876 0.22867 0.228931 0.228658 0.227851 0.226517 0.224663 0.222302 0.219447 0.216118 0.212335 0.208122 0.203505 0.198511 0.193171 0.187518 0.181584 0.175405 0.169015 0.162451 0.155748 0.148944 0.142074 0.135172 0.128274 0.121412 0.114617 0.107919 0.101347 0.0949262 0.0886805 0.0826317 0.0767992 0.0712003 0.0658498 0.0607605 0.0559428 0.0514056 0.0471553 0.0431971 0.0395342 0.0361689 0.0331021 0.0303336 0.0278627 0.0256881 0.0238081 0.0222208 0.0209243 0.0199171 0.0191975 0.0187652 
0.02024 0.0203912 0.0208512 0.0216214 0.0227031 0.0240979 0.0258077 0.0278345 0.0301801 0.0328464 0.0358345 0.0391453 0.0427784 0.0467327 0.0510056 0.0555931 0.0604895 0.0656871 0.0711765 0.0769456 0.0829806 0.0892649 0.0957797 0.102504 0.109413 0.116482 0.123683 0.130984 0.138354 0.145759 0.153164 0.160531 0.167824 0.175004 0.182032 0.18887 0.195479 0.201822 0.207862 0.213564 0.218893 0.223818 0.22831 0.232339 0.235883 0.238918 0.241426 0.243392 0.244803 0.24565 0.245929 0.245637 0.244775 0.243351 0.241372 0.238851 0.235805 0.23225 0.228211 0.223711 0.218779 0.213444 0.207737 0.201694 0.195349 0.18874 0.181904 0.174879 0.167703 0.160416 0.153056 0.145659 0.138263 0.130903 0.123612 0.116423 0.109366 0.102468 0.0957562 0.0892531 0.08298 0.0769558 0.0711965 0.0657163 0.0605267 0.0556373 0.0510556 0.0467871 0.042836 0.0392046 0.0358943 0.0329053 0.0302369 0.027888 0.0258569 0.0241418 0.0227409 0.0216524 0.0208748 0.0204078 
0.0219576 0.0221212 0.0226179 0.0234491 0.0246162 0.0261208 0.0279647 0.03015 0.0326784 0.0355518 0.0387711 0.0423369 0.0462487 0.0505049 0.0551024 0.0600366 0.0653011 0.0708874 0.0767849 0.0829806 0.0894591 0.0962025 0.10319 0.1104 0.117805 0.125378 0.133089 0.140905 0.148791 0.156711 0.164628 0.172502 0.180294 0.187962 0.195465 0.202763 0.209815 0.216581 0.223021 0.229099 0.234779 0.240027 0.244812 0.249103 0.252877 0.256108 0.258779 0.260871 0.262373 0.263274 0.26357 0.263258 0.262341 0.260824 0.258717 0.256033 0.252788 0.249002 0.244699 0.239905 0.234648 0.228961 0.222877 0.216432 0.209664 0.202612 0.195314 0.187813 0.18015 0.172364 0.164496 0.156588 0.148677 0.140801 0.132997 0.125298 0.117737 0.110345 0.103149 0.0961734 0.0894424 0.0829758 0.0767913 0.0709042 0.0653272 0.0600708 0.0551435 0.0505515 0.0462995 0.0423905 0.038826 0.0356066 0.0327319 0.0302008 0.0280118 0.0261631 0.0246528 0.0234794 0.0226412 0.0221379 
0.0237587 0.0239352 0.0244701 0.0253649 0.0266209 0.0282398 0.0302234 0.0325736 0.0352924 0.0383811 0.0418409 0.0456718 0.0498732 0.0544429 0.0593774 0.0646715 0.0703178 0.0763071 0.0826275 0.0892649 0.0962025 0.103421 0.110898 0.118609 0.126526 0.13462 0.142857 0.151203 0.159621 0.168072 0.176517 0.184912 0.193216 0.201386 0.209378 0.217148 0.224654 0.231853 0.238705 0.245169 0.251208 0.256786 0.26187 0.26643 0.270439 0.273872 0.276707 0.278929 0.280523 0.28148 0.281794 0.281462 0.280488 0.278877 0.276638 0.273787 0.270339 0.266316 0.261743 0.256647 0.251059 0.245011 0.23854 0.231684 0.224481 0.216974 0.209203 0.201214 0.193048 0.184749 0.17636 0.167924 0.159483 0.151076 0.142741 0.134517 0.126437 0.118533 0.110837 0.103373 0.0961685 0.089244 0.082619 0.0763102 0.0703316 0.0646946 0.0594087 0.0544809 0.0499164 0.0457189 0.0418902 0.0384313 0.035342 0.0326214 0.030268 0.0282802 0.0266562 0.0253943 0.024493 0.0239519 
0.0256389 0.0258288 0.0264034 0.0273641 0.0287124 0.0304497 0.0325781 0.0350993 0.0380152 0.041327 0.0450356 0.0491409 0.0536418 0.0585358 0.0638186 0.0694844 0.075525 0.0819301 0.0886868 0.0957797 0.10319 0.110898 0.118879 0.127106 0.135549 0.144177 0.152955 0.161846 0.170809 0.179805 0.188789 0.197719 0.206548 0.215231 0.223722 0.231975 0.239945 0.247586 0.254857 0.261714 0.268119 0.274034 0.279424 0.284258 0.288506 0.292143 0.295147 0.297501 0.299189 0.300202 0.300534 0.300183 0.29915 0.297443 0.295071 0.292048 0.288395 0.284131 0.279283 0.273879 0.267953 0.261538 0.254672 0.247395 0.239749 0.231777 0.223523 0.215034 0.206354 0.19753 0.188607 0.179631 0.170646 0.161693 0.152815 0.144051 0.135437 0.127008 0.118796 0.110831 0.103138 0.0957415 0.0886624 0.0819186 0.0755254 0.0694955 0.0638391 0.0585642 0.0536767 0.0491807 0.0450787 0.0413719 0.0380604 0.0351434 0.0326198 0.030488 0.0287461 0.0273925 0.0264258 0.0258456 
0.0275931 0.0277969 0.0284124 0.0294412 0.0308847 0.0327444 0.0350221 0.0377197 0.0408388 0.0443806 0.0483457 0.0527338 0.0575432 0.0627709 0.0684121 0.0744602 0.0809062 0.0877386 0.0949433 0.102504 0.1104 0.118609 0.127106 0.135861 0.144843 0.154019 0.163349 0.172796 0.182316 0.191867 0.201403 0.210876 0.22024 0.229446 0.238445 0.247189 0.25563 0.263721 0.271417 0.278674 0.285451 0.291707 0.297408 0.302518 0.307009 0.310853 0.314028 0.316515 0.318299 0.319369 0.319719 0.319348 0.318256 0.316451 0.313944 0.310749 0.306886 0.302378 0.297251 0.291536 0.285266 0.278478 0.271212 0.263508 0.255411 0.246967 0.238221 0.229223 0.22002 0.210661 0.201194 0.191667 0.182126 0.172617 0.163184 0.153868 0.144707 0.135741 0.127001 0.118521 0.110328 0.102447 0.094902 0.0877114 0.0808923 0.0744584 0.068421 0.0627889 0.0575688 0.0527655 0.0483819 0.0444196 0.040879 0.0377597 0.0350605 0.03278 0.0309165 0.0294683 0.0284341 0.0278135 
0.0296153 0.0298333 0.0304909 0.0315897 0.033131 0.0351164 0.0375476 0.0404264 0.0437542 0.0475321 0.0517604 0.0564384 0.0615641 0.0671339 0.0731424 0.079582 0.0864428 0.0937122 0.101375 0.109413 0.117805 0.126526 0.135549 0.144843 0.154375 0.164107 0.174 0.184012 0.194099 0.204214 0.214309 0.224335 0.234241 0.243977 0.253491 0.262732 0.27165 0.280196 0.288322 0.295983 0.303135 0.309736 0.315749 0.321139 0.325875 0.329928 0.333275 0.335896 0.337777 0.338904 0.339273 0.338881 0.33773 0.335827 0.333183 0.329815 0.325741 0.320986 0.315578 0.309548 0.302932 0.295768 0.288096 0.279961 0.271408 0.262485 0.253242 0.243728 0.233995 0.224093 0.214074 0.203987 0.193882 0.183807 0.173809 0.16393 0.154214 0.144699 0.135422 0.126416 0.117712 0.109337 0.101316 0.0936685 0.0864136 0.0795662 0.0731387 0.0671407 0.0615798 0.0564614 0.051789 0.0475646 0.0437889 0.0404618 0.0375823 0.0351491 0.0331607 0.0316154 0.0305118 0.0298498 
0.0316984 0.031931 0.0326318 0.0338022 0.0354437 0.0375576 0.0401458 0.0432098 0.046751 0.0507702 0.0552674 0.0602416 0.0656901 0.071609 0.077992 0.0848307 0.0921143 0.0998289 0.107958 0.116482 0.125378 0.13462 0.144177 0.154019 0.164107 0.174404 0.184867 0.195452 0.206112 0.216798 0.227458 0.238042 0.248496 0.258766 0.268799 0.278541 0.287939 0.296943 0.305503 0.31357 0.321098 0.328047 0.334374 0.340045 0.345026 0.349289 0.352809 0.355565 0.357542 0.358727 0.359115 0.358702 0.357491 0.35549 0.352709 0.349166 0.344881 0.339879 0.334188 0.327842 0.320878 0.313335 0.305255 0.296686 0.287674 0.27827 0.268524 0.258491 0.248222 0.237773 0.227195 0.216543 0.205867 0.19522 0.184649 0.174201 0.163921 0.153849 0.144026 0.134487 0.125264 0.116386 0.10788 0.0997677 0.092069 0.0848003 0.0779749 0.0716038 0.0656952 0.0602551 0.0552877 0.0507956 0.0467797 0.0432402 0.0401764 0.0375871 0.0354709 0.0338262 0.0326518 0.0319473 
0.0338347 0.0340823 0.034827 0.0360704 0.0378139 0.0400588 0.0428069 0.0460595 0.0498178 0.0540825 0.0588532 0.0641285 0.0699052 0.0761787 0.0829421 0.0901859 0.0978983 0.106064 0.114666 0.123683 0.133089 0.142857 0.152955 0.163349 0.174 0.184867 0.195905 0.207068 0.218305 0.229565 0.240795 0.25194 0.262944 0.273751 0.284305 0.29455 0.304431 0.313893 0.322887 0.33136 0.339266 0.346561 0.353203 0.359155 0.364382 0.368854 0.372547 0.375438 0.377511 0.378754 0.37916 0.378726 0.377456 0.375357 0.37244 0.368722 0.364225 0.358976 0.353003 0.346341 0.339028 0.331106 0.322618 0.313614 0.304142 0.294254 0.284005 0.27345 0.262644 0.251643 0.240504 0.229282 0.218032 0.206808 0.195659 0.184637 0.173787 0.163155 0.15278 0.142701 0.132952 0.123566 0.114568 0.105985 0.0978362 0.0901399 0.0829109 0.0761608 0.0698989 0.064132 0.0588647 0.0541002 0.04984 0.0460844 0.042833 0.0400848 0.0378384 0.0360926 0.0348459 0.0340983 
0.0360156 0.0362784 0.0370677 0.0383852 0.0402321 0.0426099 0.0455199 0.0489637 0.0529421 0.0574554 0.0625031 0.0680831 0.0741919 0.0808241 0.0879719 0.0956252 0.103771 0.112393 0.121471 0.130984 0.140905 0.151203 0.161846 0.172796 0.184012 0.195452 0.207068 0.21881 0.230626 0.242463 0.254263 0.265969 0.277524 0.288868 0.299943 0.31069 0.321051 0.330972 0.340398 0.349277 0.357559 0.3652 0.372155 0.378386 0.383857 0.388538 0.392402 0.395427 0.397596 0.398896 0.399321 0.398867 0.397538 0.39534 0.392287 0.388396 0.38369 0.378194 0.37194 0.364963 0.357303 0.349003 0.340109 0.33067 0.320739 0.310369 0.299617 0.28854 0.277196 0.265645 0.253944 0.242151 0.230325 0.218522 0.206794 0.195195 0.183773 0.172575 0.161645 0.151023 0.140745 0.130845 0.121353 0.112294 0.103691 0.095563 0.087926 0.0807928 0.0741736 0.068076 0.0625052 0.057465 0.0529573 0.0489828 0.0455412 0.042632 0.0402537 0.0384053 0.0370854 0.036294 
0.0382317 0.0385098 0.0393442 0.0407365 0.0426879 0.0451997 0.0482733 0.0519099 0.0561102 0.0608743 0.0662011 0.0720882 0.0785315 0.0855248 0.0930596 0.101125 0.109706 0.118785 0.128343 0.138354 0.148791 0.159621 0.170809 0.182316 0.194099 0.206112 0.218305 0.230626 0.243021 0.255432 0.267801 0.280067 0.292171 0.304049 0.315642 0.326888 0.337728 0.348104 0.357959 0.36724 0.375895 0.383878 0.391143 0.397651 0.403364 0.408252 0.412285 0.415443 0.417707 0.419064 0.419507 0.419033 0.417645 0.415351 0.412164 0.408101 0.403187 0.397447 0.390915 0.383626 0.375622 0.366948 0.35765 0.34778 0.337393 0.326544 0.315291 0.303695 0.291816 0.279715 0.267454 0.255093 0.242692 0.23031 0.218003 0.205827 0.193832 0.182069 0.170583 0.159416 0.148608 0.138193 0.128204 0.118667 0.109608 0.101046 0.0929983 0.0854796 0.0785006 0.0720699 0.0661934 0.0608753 0.056118 0.0519227 0.0482894 0.0452176 0.0427063 0.0407543 0.0393606 0.038525 
0.0404728 0.0407664 0.041646 0.0431135 0.0451698 0.0478163 0.0510542 0.0548844 0.0593076 0.0643233 0.0699302 0.0761253 0.0829039 0.0902592 0.0981816 0.106659 0.115676 0.125214 0.13525 0.145759 0.156711 0.168072 0.179805 0.191867 0.204214 0.216798 0.229565 0.242463 0.255432 0.268414 0.281348 0.29417 0.306817 0.319225 0.331331 0.343071 0.354384 0.365209 0.375489 0.385167 0.394191 0.402511 0.410083 0.416863 0.422815 0.427905 0.432107 0.435395 0.437752 0.439165 0.439626 0.439132 0.437687 0.435298 0.431978 0.427747 0.422627 0.416647 0.40984 0.402244 0.393901 0.384856 0.37516 0.364865 0.354026 0.342703 0.330955 0.318845 0.306435 0.29379 0.280972 0.268046 0.255074 0.242118 0.229235 0.216484 0.20392 0.191593 0.179553 0.167843 0.156505 0.145576 0.13509 0.125075 0.115559 0.106563 0.0981044 0.0901995 0.08286 0.0760953 0.0699122 0.0643153 0.0593076 0.0548906 0.0510648 0.0478299 0.0451849 0.0431289 0.041661 0.0407811 
0.0427281 0.043037 0.043962 0.0455046 0.047666 0.0504471 0.0538492 0.057873 0.0625187 0.0677858 0.0736724 0.080175 0.0872882 0.0950044 0.103313 0.112201 0.121653 0.131647 0.14216 0.153164 0.164628 0.176517 0.188789 0.201403 0.214309 0.227458 0.240795 0.254263 0.267801 0.281348 0.294839 0.308209 0.321393 0.334324 0.346935 0.359162 0.370941 0.382209 0.392905 0.402974 0.41236 0.421012 0.428884 0.435932 0.442118 0.447408 0.451773 0.455189 0.457638 0.459106 0.459585 0.459072 0.45757 0.455088 0.451638 0.447241 0.44192 0.435705 0.428629 0.420731 0.412054 0.402646 0.392558 0.381844 0.370561 0.358771 0.346536 0.333919 0.320986 0.307803 0.294436 0.280952 0.267415 0.253889 0.240437 0.227117 0.213988 0.201102 0.188511 0.176262 0.164397 0.152957 0.141977 0.131488 0.121517 0.112088 0.10322 0.0949299 0.0872309 0.0801329 0.0736437 0.0677684 0.0625107 0.0578723 0.0538541 0.0504561 0.0476775 0.0455176 0.0439754 0.0430512 
0.0449859 0.0453103 0.0462803 0.0478978 0.0501636 0.0530787 0.0566441 0.0608604 0.0657275 0.0712444 0.0774088 0.0842168 0.0916622 0.0997367 0.108429 0.117725 0.127606 0.138052 0.149037 0.160531 0.172502 0.184912 0.197719 0.210876 0.224335 0.238042 0.25194 0.265969 0.280067 0.29417 0.308209 0.322119 0.335829 0.349273 0.36238 0.375085 0.38732 0.399021 0.410126 0.420577 0.430316 0.439293 0.447458 0.454768 0.461182 0.466667 0.471192 0.474733 0.477271 0.478793 0.479289 0.478757 0.4772 0.474627 0.471051 0.466493 0.460975 0.45453 0.44719 0.438997 0.429995 0.420232 0.40976 0.398636 0.386919 0.374672 0.361957 0.348843 0.335397 0.321686 0.30778 0.293746 0.279654 0.265568 0.251554 0.237674 0.223986 0.210549 0.197414 0.184632 0.172247 0.160302 0.148833 0.137873 0.127451 0.117593 0.108319 0.099647 0.0915912 0.0841624 0.0773692 0.0712174 0.065711 0.0608526 0.0566431 0.0530828 0.0501714 0.0479081 0.0462921 0.0453238 
0.0472343 0.0475739 0.0485887 0.0502802 0.0526494 0.0556971 0.0594241 0.0638308 0.0689168 0.0746808 0.0811199 0.0882296 0.0960032 0.104431 0.113502 0.1232 0.133506 0.144397 0.155847 0.167824 0.180294 0.193216 0.206548 0.22024 0.234241 0.248496 0.262944 0.277524 0.292171 0.306817 0.321393 0.335829 0.350055 0.363999 0.377591 0.390761 0.403441 0.415564 0.427067 0.43789 0.447974 0.457266 0.465716 0.47328 0.479916 0.48559 0.490271 0.493933 0.496558 0.498131 0.498644 0.498094 0.496484 0.493823 0.490124 0.485409 0.479701 0.473032 0.465437 0.456957 0.447638 0.437529 0.426684 0.415161 0.40302 0.390326 0.377146 0.363546 0.349598 0.335371 0.320937 0.306367 0.29173 0.277096 0.262531 0.2481 0.233866 0.219887 0.206218 0.192911 0.180015 0.167571 0.155621 0.144197 0.133331 0.12305 0.113375 0.104327 0.0959183 0.0881628 0.0810691 0.0746439 0.0688919 0.0638157 0.0594171 0.0556963 0.0526534 0.0502878 0.0485988 0.0475868 
0.0494607 0.0498154 0.0508742 0.0526387 0.0551097 0.0582879 0.062174 0.0667681 0.0720695 0.0780764 0.0847855 0.0921919 0.100288 0.109064 0.118506 0.128598 0.13932 0.150648 0.162554 0.175004 0.187962 0.201386 0.215231 0.229446 0.243977 0.258766 0.273751 0.288868 0.304049 0.319225 0.334324 0.349273 0.363999 0.37843 0.392492 0.406114 0.419225 0.431758 0.443646 0.454829 0.465246 0.474843 0.483569 0.491379 0.49823 0.504086 0.508917 0.512697 0.515406 0.517029 0.517558 0.51699 0.515329 0.512582 0.508766 0.503898 0.498006 0.491121 0.483279 0.474522 0.464897 0.454453 0.443246 0.431336 0.418785 0.405659 0.392025 0.377954 0.363518 0.34879 0.333842 0.318749 0.303582 0.288413 0.273311 0.258343 0.243575 0.229066 0.214876 0.201056 0.187659 0.174728 0.162306 0.150428 0.139126 0.12843 0.118362 0.108943 0.100189 0.0921124 0.0847234 0.0780295 0.0720358 0.0667456 0.0621607 0.0582821 0.0551098 0.0526434 0.0508825 0.0498277 
0.0516525 0.0520219 0.0531238 0.0549597 0.0575303 0.0608363 0.0648781 0.0696555 0.0751675 0.081412 0.0883852 0.0960814 0.104492 0.113607 0.123412 0.13389 0.145018 0.156772 0.169121 0.182032 0.195465 0.209378 0.223722 0.238445 0.253491 0.268799 0.284305 0.299943 0.315642 0.331331 0.346935 0.36238 0.377591 0.392492 0.407009 0.421066 0.434594 0.447521 0.459781 0.47131 0.482048 0.491939 0.500931 0.508976 0.516034 0.522066 0.527041 0.530933 0.533723 0.535394 0.535939 0.535354 0.533643 0.530815 0.526884 0.521872 0.515803 0.50871 0.500631 0.491607 0.481686 0.47092 0.459366 0.447083 0.434136 0.420592 0.406521 0.391995 0.377087 0.361874 0.346429 0.33083 0.315149 0.299462 0.283839 0.26835 0.253063 0.23804 0.223342 0.209024 0.195139 0.181734 0.168852 0.156531 0.144805 0.133704 0.123252 0.113472 0.10438 0.0959893 0.0883118 0.0813552 0.0751251 0.0696255 0.0648585 0.0608254 0.0575265 0.0549616 0.0531303 0.0520334 
0.0537964 0.0541802 0.055324 0.0572295 0.0598971 0.0633273 0.0675205 0.0724761 0.078193 0.0846684 0.0918981 0.0998759 0.108593 0.118037 0.128194 0.139045 0.150567 0.162733 0.175513 0.18887 0.202763 0.217148 0.231975 0.247189 0.262732 0.278541 0.29455 0.31069 0.326888 0.343071 0.359162 0.375085 0.390761 0.406114 0.421066 0.435543 0.449469 0.462775 0.475391 0.487252 0.498298 0.508469 0.517715 0.525987 0.533241 0.539441 0.544554 0.548554 0.55142 0.553137 0.553697 0.553097 0.551339 0.548432 0.544393 0.539241 0.533003 0.525712 0.517406 0.508127 0.497924 0.486849 0.474961 0.462321 0.448994 0.43505 0.420559 0.405596 0.390236 0.374556 0.358633 0.342546 0.326371 0.310184 0.294059 0.278067 0.262279 0.246759 0.23157 0.216771 0.202414 0.18855 0.175222 0.162472 0.150335 0.138841 0.128018 0.117887 0.108466 0.0997712 0.0918135 0.0846016 0.0781419 0.0724387 0.0674947 0.0633113 0.0598892 0.0572284 0.0553288 0.054191 
0.0558794 0.0562771 0.0574615 0.0594341 0.0621954 0.0657458 0.0700853 0.0752131 0.0811278 0.0878262 0.0953036 0.103553 0.112565 0.122327 0.132824 0.144034 0.155936 0.168499 0.181693 0.195479 0.209815 0.224654 0.239945 0.25563 0.27165 0.287939 0.304431 0.321051 0.337728 0.354384 0.370941 0.38732 0.403441 0.419225 0.434594 0.449469 0.463777 0.477443 0.490398 0.502576 0.513913 0.524352 0.533839 0.542325 0.549767 0.556126 0.56137 0.565472 0.568411 0.570172 0.570747 0.570131 0.568328 0.565348 0.561205 0.555921 0.549523 0.542044 0.533521 0.524 0.513528 0.50216 0.489955 0.476974 0.463286 0.448959 0.434068 0.418687 0.402895 0.386769 0.37039 0.353836 0.337188 0.320522 0.303915 0.287442 0.271173 0.255177 0.239517 0.224254 0.209444 0.195137 0.181382 0.168219 0.155685 0.143813 0.132631 0.122162 0.112425 0.103436 0.0952079 0.0877496 0.0810681 0.0751683 0.0700532 0.0657247 0.0621836 0.0594302 0.0574644 0.0562872 
0.0578884 0.0582994 0.0595227 0.0615599 0.0644111 0.0680768 0.0725566 0.0778497 0.083954 0.0908662 0.098581 0.107091 0.116386 0.126452 0.137273 0.148828 0.161093 0.174037 0.187626 0.201822 0.216581 0.231853 0.247586 0.263721 0.280196 0.296943 0.313893 0.330972 0.348104 0.365209 0.382209 0.399021 0.415564 0.431758 0.447521 0.462775 0.477443 0.49145 0.504726 0.517203 0.528817 0.539508 0.549223 0.557912 0.565531 0.57204 0.577408 0.581606 0.584614 0.586417 0.587004 0.586374 0.584529 0.581479 0.577239 0.571831 0.565281 0.557624 0.548898 0.539147 0.528422 0.516776 0.504271 0.490968 0.476937 0.462249 0.446978 0.431202 0.414999 0.39845 0.381637 0.36464 0.347541 0.33042 0.313355 0.296423 0.279696 0.263245 0.247136 0.231431 0.216188 0.20146 0.187295 0.173737 0.160825 0.148591 0.137065 0.126272 0.116232 0.106962 0.0984745 0.09078 0.0838859 0.0777976 0.0725184 0.0680507 0.0643954 0.0615531 0.0595239 0.0583088 
0.0598104 0.0602341 0.0614945 0.0635931 0.06653 0.0703054 0.0749188 0.0803691 0.0866539 0.0937695 0.10171 0.110468 0.120031 0.130387 0.141517 0.153399 0.166008 0.179312 0.193277 0.207862 0.223021 0.238705 0.254857 0.271417 0.288322 0.305503 0.322887 0.340398 0.357959 0.375489 0.392905 0.410126 0.427067 0.443646 0.459781 0.475391 0.490398 0.504726 0.518303 0.531061 0.542934 0.553862 0.563791 0.57267 0.580455 0.587105 0.592588 0.596877 0.59995 0.601791 0.602391 0.601747 0.599863 0.596748 0.592417 0.586892 0.5802 0.572376 0.563459 0.553493 0.54253 0.530624 0.517836 0.504232 0.489879 0.474851 0.459223 0.443074 0.426485 0.409537 0.392314 0.374899 0.357376 0.339825 0.322327 0.304961 0.287801 0.27092 0.254385 0.238261 0.222608 0.20748 0.192928 0.178995 0.165723 0.153146 0.141294 0.130193 0.119865 0.110327 0.101593 0.0936741 0.0865777 0.08031 0.0748747 0.0702744 0.0665105 0.0635836 0.0614939 0.0602427 
0.0616327 0.0620684 0.0633638 0.0655204 0.0685382 0.0724171 0.0771566 0.0827552 0.0892104 0.0965178 0.104671 0.113662 0.123479 0.134107 0.145528 0.157718 0.170651 0.184295 0.198613 0.213564 0.229099 0.245169 0.261714 0.278674 0.295983 0.31357 0.33136 0.349277 0.36724 0.385167 0.402974 0.420577 0.43789 0.454829 0.47131 0.487252 0.502576 0.517203 0.531061 0.54408 0.556194 0.567343 0.577471 0.586527 0.594465 0.601247 0.606838 0.61121 0.614343 0.61622 0.616832 0.616176 0.614255 0.611079 0.606663 0.60103 0.594207 0.586228 0.577133 0.566967 0.555782 0.543634 0.530584 0.516697 0.502044 0.486699 0.470738 0.454241 0.437291 0.41997 0.402365 0.384559 0.366637 0.348684 0.330781 0.313007 0.295441 0.278157 0.261223 0.244706 0.228667 0.213163 0.198246 0.183961 0.17035 0.15745 0.145291 0.1339 0.123301 0.113511 0.104544 0.0964135 0.0891264 0.0826894 0.0771068 0.0723815 0.068515 0.0655082 0.0633615 0.0620763 
0.063343 0.06379 0.0651182 0.0673289 0.0704223 0.074398 0.0792553 0.0849926 0.0916068 0.0990934 0.107446 0.116655 0.126708 0.13759 0.149282 0.16176 0.174995 0.188955 0.203602 0.218893 0.234779 0.251208 0.268119 0.285451 0.303135 0.321098 0.339266 0.357559 0.375895 0.394191 0.41236 0.430316 0.447974 0.465246 0.482048 0.498298 0.513913 0.528817 0.542934 0.556194 0.568532 0.579884 0.590195 0.599414 0.607494 0.614397 0.620087 0.624537 0.627724 0.629634 0.630257 0.62959 0.627635 0.624403 0.61991 0.614177 0.607232 0.59911 0.589852 0.579502 0.568112 0.555741 0.542448 0.528301 0.513371 0.497732 0.481463 0.464644 0.44736 0.429694 0.411734 0.393566 0.375275 0.356948 0.338668 0.320517 0.302574 0.284914 0.267609 0.250727 0.234329 0.218476 0.203218 0.188605 0.174679 0.161477 0.149031 0.137371 0.126518 0.116493 0.107309 0.0989806 0.0915153 0.0849203 0.0792001 0.0743579 0.0703956 0.0673142 0.0651143 0.0637972 
0.0649298 0.0653872 0.0667456 0.0690064 0.0721696 0.0762348 0.081201 0.0870662 0.0938273 0.101479 0.110015 0.119425 0.129697 0.140814 0.152756 0.165498 0.179012 0.193264 0.208214 0.223818 0.240027 0.256786 0.274034 0.291707 0.309736 0.328047 0.346561 0.3652 0.383878 0.402511 0.421012 0.439293 0.457266 0.474843 0.491939 0.508469 0.524352 0.539508 0.553862 0.567343 0.579884 0.591422 0.601901 0.611268 0.619478 0.626491 0.632271 0.636791 0.640029 0.641969 0.642602 0.641924 0.639939 0.636656 0.632092 0.626268 0.619212 0.610961 0.601552 0.591034 0.579459 0.566882 0.553368 0.538984 0.5238 0.507893 0.491342 0.474229 0.456638 0.438657 0.420372 0.401871 0.383242 0.364572 0.345946 0.327448 0.309158 0.291153 0.273507 0.256288 0.239561 0.223385 0.207814 0.192899 0.178682 0.165202 0.152492 0.140583 0.129496 0.119254 0.10987 0.101359 0.0937289 0.0869879 0.0811407 0.0761905 0.0721397 0.0689893 0.0667402 0.0653938 
