1.84328e-09 1.94566e-09 2.65457e-09 4.16048e-09 6.84595e-09 1.13616e-08 1.87441e-08 3.05919e-08 4.93162e-08 7.84888e-08 1.23313e-07 1.91247e-07 2.92807e-07 4.42588e-07 6.6051e-07 9.73315e-07 1.41631e-06 2.03531e-06 2.88876e-06 4.04984e-06 5.60857e-06 7.67354e-06 1.03731e-05 1.38559e-05 1.82899e-05 2.38607e-05 3.07673e-05 3.92166e-05 4.94157e-05 6.15622e-05 7.5833e-05 9.23713e-05 0.000111274 0.000132577 0.000156246 0.000182162 0.000210118 0.000239815 0.000270864 0.000302788 0.000335039 0.00036701 0.000398055 0.000427511 0.00045472 0.000479052 0.000499932 0.000516855 0.000529406 0.000537275 0.000540267 0.000538309 0.000531452 0.000519869 0.00050385 0.000483791 0.000460181 0.000433583 0.000404619 0.000373938 0.000342205 0.000310065 0.000278131 0.000246962 0.000217042 0.000188776 0.000162478 0.000138371 0.00011659 9.71868e-05 8.01389e-05 6.53637e-05 5.27295e-05 4.20688e-05 3.31913e-05 2.58949e-05 1.99754e-05 1.52349e-05 1.1487e-05 8.56189e-06 6.30803e-06 4.59353e-06 3.30594e-06 2.3513e-06 1.65255e-06 1.14764e-06 7.87463e-07 5.33831e-07 3.57521e-07 2.36537e-07 1.54589e-07 9.97989e-08 6.36404e-08 4.00886e-08 2.49506e-08 1.53541e-08 9.36321e-09 5.69736e-09 3.52996e-09 2.35118e-09 
1.94566e-09 2.05595e-09 2.81316e-09 4.42262e-09 7.29704e-09 1.2139e-08 2.00698e-08 3.28208e-08 5.3008e-08 8.45119e-08 1.32993e-07 2.06575e-07 3.16725e-07 4.79371e-07 7.16274e-07 1.05667e-06 1.53916e-06 2.21391e-06 3.14486e-06 4.41218e-06 6.11444e-06 8.37055e-06 1.13211e-05 1.51289e-05 1.99778e-05 2.60708e-05 3.36258e-05 4.28689e-05 5.40263e-05 6.73139e-05 8.29243e-05 0.000101013 0.000121686 0.00014498 0.000170856 0.000199184 0.000229736 0.000262182 0.000296097 0.00033096 0.000366171 0.000401068 0.000434946 0.00046708 0.000496756 0.000523287 0.000546048 0.000564489 0.000578161 0.000586725 0.000589972 0.000587821 0.000580329 0.000567684 0.000550201 0.000528311 0.000502546 0.000473521 0.00044191 0.000408423 0.000373782 0.000338694 0.000303825 0.000269786 0.000237107 0.000206231 0.000177501 0.000151162 0.000127362 0.000106158 8.75279e-05 7.13809e-05 5.75738e-05 4.5924e-05 3.62237e-05 2.82521e-05 2.17859e-05 1.66088e-05 1.25169e-05 9.32449e-06 6.86567e-06 4.99617e-06 3.59297e-06 2.55329e-06 1.79285e-06 1.24381e-06 8.52511e-07 5.77238e-07 3.86095e-07 2.55089e-07 1.66468e-07 1.07298e-07 6.83082e-08 4.29526e-08 2.66829e-08 1.63872e-08 9.97173e-09 6.05339e-09 3.7409e-09 2.48532e-09 
2.65457e-09 2.81316e-09 3.85682e-09 6.06785e-09 1.00118e-08 1.66501e-08 2.75147e-08 4.49682e-08 7.25747e-08 1.15613e-07 1.81769e-07 2.82054e-07 4.31978e-07 6.5304e-07 9.74536e-07 1.43574e-06 2.08837e-06 2.99943e-06 4.25413e-06 5.95892e-06 8.24432e-06 1.12673e-05 1.52127e-05 2.02937e-05 2.67507e-05 3.48474e-05 4.48657e-05 5.70971e-05 7.18313e-05 8.93427e-05 0.000109874 0.000133619 0.000160702 0.000191164 0.000224941 0.000261853 0.000301597 0.000343738 0.000387719 0.000432863 0.000478395 0.000523463 0.000567161 0.000608563 0.000646756 0.000680868 0.000710103 0.000733764 0.000751282 0.000762232 0.000766347 0.000763528 0.000753848 0.000737545 0.000715021 0.000686823 0.000653628 0.000616217 0.000575448 0.00053223 0.000487485 0.000442117 0.000396988 0.00035288 0.000310483 0.000270371 0.000232996 0.000198681 0.000167626 0.000139914 0.000115526 9.43523e-05 7.62158e-05 6.0886e-05 4.80987e-05 3.75711e-05 2.90162e-05 2.21543e-05 1.67212e-05 1.24746e-05 9.19826e-06 6.70287e-06 4.82677e-06 3.43446e-06 2.41452e-06 1.67703e-06 1.15068e-06 7.7991e-07 5.22136e-07 3.4526e-07 2.25482e-07 1.45433e-07 9.26387e-08 5.82801e-08 3.62188e-08 2.22506e-08 1.35431e-08 8.22353e-09 5.08443e-09 3.38179e-09 
4.16048e-09 4.42262e-09 6.06785e-09 9.53712e-09 1.571e-08 2.60771e-08 4.30073e-08 7.01436e-08 1.12965e-07 1.79562e-07 2.81678e-07 4.36074e-07 6.66287e-07 1.00481e-06 1.49578e-06 2.19809e-06 3.18905e-06 4.56834e-06 6.46219e-06 9.02764e-06 1.24563e-05 1.69775e-05 2.28602e-05 3.04127e-05 3.99807e-05 5.19417e-05 6.66965e-05 8.46566e-05 0.000106228 0.00013179 0.000161676 0.000196144 0.000235354 0.00027934 0.000327991 0.000381032 0.000438009 0.000498292 0.000561076 0.000625395 0.000690148 0.000754129 0.000816066 0.000874662 0.00092864 0.000976788 0.001018 0.00105131 0.00107593 0.00109128 0.00109699 0.00109292 0.00107919 0.00105611 0.00102425 0.000984362 0.000937393 0.000884427 0.000826663 0.000765365 0.000701827 0.000637321 0.000573059 0.000510151 0.000449578 0.000392164 0.000338561 0.000289245 0.000244517 0.000204514 0.000169224 0.000138512 0.000112139 8.97891e-05 7.10971e-05 5.56671e-05 4.30945e-05 3.29823e-05 2.49535e-05 1.86611e-05 1.37927e-05 1.00748e-05 7.27194e-06 5.18629e-06 3.65441e-06 2.54388e-06 1.74929e-06 1.18817e-06 7.97117e-07 5.28158e-07 3.45607e-07 2.23337e-07 1.42525e-07 8.98237e-08 5.59184e-08 3.44109e-08 2.09802e-08 1.27629e-08 7.9089e-09 5.27691e-09 
6.84595e-09 7.29704e-09 1.00118e-08 1.571e-08 2.58205e-08 4.27571e-08 7.03441e-08 1.14444e-07 1.83844e-07 2.91475e-07 4.56038e-07 7.0413e-07 1.07295e-06 1.61365e-06 2.39543e-06 3.51024e-06 5.07825e-06 7.25369e-06 1.0231e-05 1.4251e-05 1.96059e-05 2.66438e-05 3.57706e-05 4.74493e-05 6.2196e-05 8.05705e-05 0.000103163 0.000130576 0.000163397 0.000202171 0.000247367 0.00029934 0.000358294 0.000424248 0.000497004 0.000576122 0.000660908 0.000750407 0.000843415 0.000938501 0.00103404 0.00112828 0.00121935 0.00130537 0.0013845 0.00145499 0.00151525 0.00156389 0.00159979 0.00162211 0.00163032 0.00162425 0.00160404 0.00157017 0.00152343 0.00146493 0.001396 0.00131823 0.00123333 0.00114314 0.00104954 0.000954374 0.00085942 0.000766307 0.000676482 0.000591172 0.000511357 0.000437761 0.000370855 0.00031087 0.000257818 0.000211526 0.000171666 0.000137794 0.000109384 8.58645e-05 6.66442e-05 5.11394e-05 3.87925e-05 2.90867e-05 2.15551e-05 1.5786e-05 1.1424e-05 8.16857e-06 5.77055e-06 4.02711e-06 2.77613e-06 1.89027e-06 1.2712e-06 8.44279e-07 5.5375e-07 3.58659e-07 2.29394e-07 1.44889e-07 9.03933e-08 5.57452e-08 3.40618e-08 2.07698e-08 1.2907e-08 8.64317e-09 
1.13616e-08 1.2139e-08 1.66501e-08 2.60771e-08 4.27571e-08 7.06254e-08 1.15897e-07 1.8807e-07 3.0133e-07 4.76483e-07 7.43503e-07 1.14486e-06 1.73974e-06 2.60918e-06 3.86235e-06 5.64374e-06 8.1413e-06 1.15952e-05 1.63069e-05 2.26475e-05 3.10658e-05 4.20932e-05 5.63459e-05 7.45233e-05 9.73998e-05 0.000125811 0.00016063 0.000202743 0.000253004 0.000312198 0.000380986 0.000459856 0.000549064 0.00064859 0.000758088 0.000876858 0.00100383 0.00113754 0.0012762 0.00141766 0.00155952 0.00169919 0.00183395 0.00196104 0.00207778 0.00218163 0.0022703 0.00234178 0.00239446 0.00242714 0.00243906 0.00242995 0.00240005 0.00235003 0.00228106 0.00219472 0.00209295 0.00197804 0.00185248 0.00171895 0.00158018 0.0014389 0.00129769 0.00115898 0.00102492 0.00089733 0.000777704 0.000667148 0.000566401 0.000475851 0.00039556 0.000325312 0.000264658 0.000212969 0.000169492 0.000133393 0.000103805 7.98656e-05 6.07441e-05 4.56674e-05 3.39326e-05 2.49168e-05 1.80794e-05 1.29614e-05 9.18019e-06 6.42312e-06 4.43912e-06 3.0302e-06 2.04286e-06 1.36009e-06 8.94209e-07 5.80541e-07 3.72171e-07 2.35607e-07 1.47323e-07 9.10585e-08 5.57675e-08 3.40898e-08 2.12469e-08 1.42808e-08 
1.87441e-08 2.00698e-08 2.75147e-08 4.30073e-08 7.03441e-08 1.15897e-07 1.897e-07 3.07033e-07 4.90647e-07 7.73782e-07 1.20416e-06 1.84915e-06 2.80222e-06 4.19092e-06 6.18629e-06 9.01376e-06 1.29653e-05 1.84122e-05 2.58184e-05 3.57524e-05 4.88978e-05 6.606e-05 8.8168e-05 0.00011627 0.000151519 0.000195151 0.00024845 0.000312705 0.000389149 0.000478899 0.000582878 0.000701741 0.000835798 0.000984942 0.00114859 0.00132564 0.00151445 0.00171282 0.00191807 0.00212703 0.00233619 0.00254173 0.00273971 0.00292614 0.00309715 0.00324908 0.00337863 0.00348294 0.00355971 0.00360722 0.0036244 0.00361088 0.00356697 0.00349367 0.00339264 0.00326614 0.00311697 0.0029484 0.00276404 0.00256774 0.00236348 0.00215519 0.00194667 0.00174147 0.00154276 0.00135325 0.00117518 0.00101022 0.00085954 0.000723762 0.000603051 0.000497151 0.000405459 0.000327097 0.000260991 0.00020594 0.000160684 0.000123955 9.45296e-05 7.12575e-05 5.30888e-05 3.90872e-05 2.84367e-05 2.04405e-05 1.45153e-05 1.01823e-05 7.05517e-06 4.82813e-06 3.26309e-06 2.17784e-06 1.43532e-06 9.34071e-07 6.0022e-07 3.80858e-07 2.38693e-07 1.47871e-07 9.0774e-08 5.5629e-08 3.47747e-08 2.34595e-08 
3.05919e-08 3.28208e-08 4.49682e-08 7.01436e-08 1.14444e-07 1.8807e-07 3.07033e-07 4.9564e-07 7.89954e-07 1.24248e-06 1.92832e-06 2.95307e-06 4.46271e-06 6.65557e-06 9.79653e-06 1.42332e-05 2.04137e-05 2.89053e-05 4.04134e-05 5.5798e-05 7.6088e-05 0.000102489 0.000136384 0.000179322 0.000233001 0.000299223 0.00037985 0.00047673 0.000591616 0.00072607 0.000881359 0.00105834 0.00125736 0.00147814 0.00171973 0.00198042 0.00225772 0.00254838 0.00284844 0.00315327 0.00345778 0.00375649 0.0040437 0.00431374 0.00456108 0.00478053 0.00496743 0.00511774 0.00522821 0.00529642 0.00532089 0.00530108 0.00523746 0.00513144 0.00498534 0.00480237 0.0045865 0.00434236 0.00407507 0.00379013 0.00349321 0.00318997 0.00288588 0.00258606 0.00229513 0.00201708 0.00175522 0.00151207 0.00128939 0.00108822 0.00090889 0.000751124 0.000614132 0.000496713 0.000397363 0.000314377 0.000245947 0.00019024 0.000145472 0.000109955 8.21411e-05 6.06404e-05 4.42354e-05 3.18814e-05 2.26996e-05 1.59651e-05 1.10906e-05 7.60913e-06 5.15558e-06 3.44949e-06 2.27898e-06 1.48668e-06 9.57589e-07 6.09045e-07 3.8259e-07 2.37566e-07 1.46181e-07 8.98134e-08 5.63123e-08 3.81287e-08 
4.93162e-08 5.3008e-08 7.25747e-08 1.12965e-07 1.83844e-07 3.0133e-07 4.90647e-07 7.89954e-07 1.25567e-06 1.96966e-06 3.04854e-06 4.65569e-06 7.01603e-06 1.04339e-05 1.5314e-05 2.2185e-05 3.17254e-05 4.47903e-05 6.2437e-05 8.59487e-05 0.000116852 0.000156925 0.000208196 0.000272926 0.000353568 0.000452717 0.000573022 0.000717095 0.00088738 0.00108602 0.00131471 0.00157454 0.00186584 0.00218805 0.00253964 0.002918 0.00331942 0.00373915 0.00417143 0.00460965 0.0050465 0.0054742 0.00588473 0.00627009 0.00662253 0.00693482 0.00720045 0.00741383 0.00757043 0.00766692 0.00770126 0.00767273 0.00758196 0.00743091 0.00722282 0.00696215 0.00665441 0.00630607 0.00592429 0.00551678 0.00509151 0.00465646 0.00421942 0.00378768 0.00336786 0.00296573 0.00258611 0.00223274 0.00190829 0.00161438 0.00135164 0.00111983 0.000917949 0.000744391 0.00059709 0.000473669 0.000371575 0.000288201 0.000220986 0.000167492 0.000125468 9.28798e-05 6.79376e-05 4.90963e-05 3.50503e-05 2.47169e-05 1.72153e-05 1.18418e-05 8.04391e-06 5.39555e-06 3.57354e-06 2.33688e-06 1.50884e-06 9.61932e-07 6.05689e-07 3.76982e-07 2.32526e-07 1.43234e-07 9.00787e-08 6.12158e-08 
7.84888e-08 8.45119e-08 1.15613e-07 1.79562e-07 2.91475e-07 4.76483e-07 7.73782e-07 1.24248e-06 1.96966e-06 3.08118e-06 4.75572e-06 7.24254e-06 1.08834e-05 1.61389e-05 2.36186e-05 3.41156e-05 4.86424e-05 6.84691e-05 9.51583e-05 0.000130596 0.000177013 0.000236995 0.000313471 0.000409682 0.000529127 0.000675468 0.000852421 0.0010636 0.00131236 0.00160158 0.00193345 0.0023093 0.00272936 0.0031926 0.0036966 0.00423745 0.00480974 0.0054066 0.00601984 0.00664009 0.00725709 0.00785998 0.00843762 0.00897893 0.00947326 0.00991066 0.0102822 0.0105804 0.0107989 0.0109332 0.0109807 0.0109403 0.0108129 0.0106011 0.0103095 0.00994398 0.00951222 0.00902303 0.00848627 0.00791255 0.0073129 0.00669842 0.00607994 0.00546771 0.00487108 0.00429827 0.00375618 0.00325026 0.00278449 0.00236137 0.00198203 0.00164635 0.00135312 0.00110023 0.000884926 0.000703946 0.000553756 0.000430706 0.000331181 0.000251717 0.000189088 0.000140366 0.000102956 7.46071e-05 5.34076e-05 3.77635e-05 2.63723e-05 1.81882e-05 1.23869e-05 8.32993e-06 5.53091e-06 3.62586e-06 2.34681e-06 1.49978e-06 9.46602e-07 5.90573e-07 3.65162e-07 2.25529e-07 1.42267e-07 9.70379e-08 
1.23313e-07 1.32993e-07 1.81769e-07 2.81678e-07 4.56038e-07 7.43503e-07 1.20416e-06 1.92832e-06 3.04854e-06 4.75572e-06 7.31978e-06 1.11158e-05 1.66559e-05 2.46271e-05 3.5935e-05 5.17517e-05 7.35671e-05 0.00010324 0.000143046 0.000195716 0.000264461 0.000352982 0.000465441 0.000606415 0.000780804 0.0009937 0.00125021 0.00155527 0.00191334 0.00232822 0.00280267 0.00333823 0.00393485 0.00459075 0.0053022 0.00606346 0.00686674 0.0077023 0.00855863 0.00942272 0.0102804 0.0111167 0.0119165 0.0126647 0.0133469 0.0139497 0.0144611 0.0148709 0.0151709 0.015355 0.0154195 0.0153633 0.0151873 0.0148954 0.0144932 0.0139891 0.0133932 0.0127172 0.0119747 0.0111799 0.0103477 0.0094935 0.008632 0.00777736 0.00694259 0.00613917 0.00537688 0.00466353 0.00400493 0.0034049 0.00286532 0.00238636 0.00196664 0.00160351 0.00129332 0.00103173 0.000813912 0.000634863 0.000489561 0.000373159 0.000281113 0.000209271 0.000153929 0.000111857 8.02945e-05 5.69302e-05 3.98648e-05 2.7567e-05 1.88238e-05 1.26914e-05 8.4484e-06 5.55241e-06 3.60269e-06 2.30801e-06 1.46026e-06 9.13249e-07 5.66081e-07 3.50553e-07 2.21819e-07 1.51856e-07 
1.91247e-07 2.06575e-07 2.82054e-07 4.36074e-07 7.0413e-07 1.14486e-06 1.84915e-06 2.95307e-06 4.65569e-06 7.24254e-06 1.11158e-05 1.6832e-05 2.51477e-05 3.70737e-05 5.39357e-05 7.74418e-05 0.000109752 0.000153548 0.000212094 0.000289285 0.000389675 0.000518474 0.000681508 0.000885134 0.0011361 0.00144136 0.00180782 0.00224204 0.0027499 0.00333623 0.00400443 0.0047561 0.00559069 0.00650524 0.00749414 0.00854908 0.00965904 0.0108104 0.0119874 0.0131721 0.0143453 0.0154869 0.0165765 0.0175939 0.0185201 0.0193373 0.0200296 0.0205838 0.0209889 0.021237 0.0213234 0.0212465 0.0210076 0.0206117 0.0200664 0.0193825 0.0185733 0.0176545 0.0166439 0.0155605 0.0144242 0.0132556 0.0120745 0.0109002 0.00975042 0.008641 0.0075855 0.00659498 0.0056778 0.00483963 0.00408354 0.00341023 0.00281825 0.00230437 0.00186393 0.00149122 0.00117983 0.000922968 0.000713807 0.000545674 0.000412269 0.000307795 0.000227048 0.00016546 0.000119107 8.46838e-05 5.94621e-05 4.12303e-05 2.82289e-05 1.90827e-05 1.2736e-05 8.39169e-06 5.45869e-06 3.50572e-06 2.22351e-06 1.39401e-06 8.66263e-07 5.37898e-07 3.4143e-07 2.34605e-07 
2.92807e-07 3.16725e-07 4.31978e-07 6.66287e-07 1.07295e-06 1.73974e-06 2.80222e-06 4.46271e-06 7.01603e-06 1.08834e-05 1.66559e-05 2.51477e-05 3.74613e-05 5.50623e-05 7.98646e-05 0.000114322 0.000161521 0.000225273 0.000310191 0.000421748 0.000566303 0.000751081 0.000984104 0.00127406 0.00163008 0.00206149 0.00257745 0.00318654 0.00389628 0.0047127 0.00563976 0.00667895 0.00782879 0.00908456 0.010438 0.0118774 0.0133872 0.014949 0.0165411 0.0181395 0.0197187 0.0212519 0.0227123 0.0240735 0.0253105 0.0264002 0.0273222 0.0280592 0.0285973 0.0289263 0.0290402 0.0289367 0.0286179 0.0280899 0.0273627 0.0264501 0.0253694 0.024141 0.0227878 0.0213348 0.0198083 0.0182349 0.0166414 0.0150532 0.0134943 0.011986 0.010547 0.00919254 0.00793453 0.00678124 0.00573749 0.0048049 0.00398216 0.0032655 0.00264912 0.00212567 0.00168679 0.0013235 0.00102662 0.000787142 0.000596465 0.000446624 0.000330418 0.000241487 0.000174333 0.000124299 8.75225e-05 6.08543e-05 4.17779e-05 2.83175e-05 1.89492e-05 1.2518e-05 8.16367e-06 5.25618e-06 3.34208e-06 2.10053e-06 1.30864e-06 8.14824e-07 5.18844e-07 3.57827e-07 
4.42588e-07 4.79371e-07 6.5304e-07 1.00481e-06 1.61365e-06 2.60918e-06 4.19092e-06 6.65557e-06 1.04339e-05 1.61389e-05 2.46271e-05 3.70737e-05 5.50623e-05 8.06891e-05 0.000116678 0.000166502 0.000234511 0.000326042 0.00044752 0.000606519 0.000811782 0.00107317 0.00140156 0.00180861 0.00230649 0.00290749 0.0036235 0.0044655 0.00544292 0.006563 0.00783015 0.00924537 0.0108057 0.0125038 0.0143279 0.0162615 0.0182834 0.0203686 0.0224883 0.0246108 0.0267025 0.0287286 0.0306543 0.0324458 0.0340709 0.0355003 0.0367081 0.0376722 0.0383752 0.0388044 0.0389519 0.0388152 0.0383968 0.0377044 0.0367506 0.035553 0.0341335 0.0325179 0.0307355 0.0288184 0.0268003 0.024716 0.0226 0.0204858 0.018405 0.0163862 0.0144543 0.0126304 0.0109309 0.00936768 0.00794815 0.00667538 0.00554858 0.00456353 0.00371325 0.00298856 0.00237872 0.00187208 0.00145657 0.00112018 0.000851389 0.000639417 0.000474454 0.000347776 0.000251794 0.000180045 0.000127135 8.86439e-05 6.10241e-05 4.14752e-05 2.78283e-05 1.84321e-05 1.20518e-05 7.77941e-06 4.959e-06 3.12468e-06 1.95175e-06 1.21864e-06 7.78452e-07 5.38854e-07 
6.6051e-07 7.16274e-07 9.74536e-07 1.49578e-06 2.39543e-06 3.86235e-06 6.18629e-06 9.79653e-06 1.5314e-05 2.36186e-05 3.5935e-05 5.39357e-05 7.98646e-05 0.000116678 0.000168197 0.000239272 0.000335939 0.000465569 0.000636975 0.000860485 0.00114793 0.00151258 0.00196891 0.00253235 0.00321881 0.00404416 0.00502359 0.00617082 0.00749734 0.00901157 0.0107181 0.0126168 0.0147024 0.0169641 0.019385 0.0219425 0.0246082 0.0273488 0.0301266 0.0329003 0.0356266 0.0382611 0.0407595 0.043079 0.0451792 0.0470236 0.0485796 0.0498202 0.0507236 0.0512741 0.0514623 0.0512848 0.0507449 0.0498521 0.048622 0.0470763 0.0452423 0.0431522 0.0408427 0.0383541 0.035729 0.0330116 0.0302462 0.0274759 0.0247417 0.0220811 0.0195272 0.0171082 0.0148467 0.0127593 0.0108571 0.00914547 0.00762453 0.00629001 0.00513376 0.0041446 0.0033091 0.00261239 0.00203886 0.00157283 0.00119909 0.000903297 0.000672279 0.000494255 0.000358904 0.000257384 0.000182269 0.000127447 8.79824e-05 5.99625e-05 4.03418e-05 2.67919e-05 1.75639e-05 1.1367e-05 7.26452e-06 4.58917e-06 2.87404e-06 1.79956e-06 1.15324e-06 8.01238e-07 
9.73315e-07 1.05667e-06 1.43574e-06 2.19809e-06 3.51024e-06 5.64374e-06 9.01376e-06 1.42332e-05 2.2185e-05 3.41156e-05 5.17517e-05 7.74418e-05 0.000114322 0.000166502 0.000239272 0.000339305 0.000474864 0.000655976 0.000894558 0.00120448 0.00160152 0.00210322 0.00272859 0.00349765 0.00443088 0.00554839 0.00686915 0.00840993 0.0101843 0.0122017 0.0144662 0.016976 0.0197223 0.0226893 0.0258537 0.0291848 0.0326451 0.0361912 0.0397742 0.0433417 0.0468387 0.0502094 0.0533985 0.0563529 0.059023 0.0613638 0.0633358 0.0649058 0.0660476 0.0667424 0.0669785 0.0667521 0.0660672 0.0649351 0.0633749 0.0614129 0.0590823 0.0564224 0.0534785 0.0503 0.04694 0.0434536 0.0398964 0.0363231 0.0327859 0.0293332 0.0260083 0.0228484 0.0198838 0.0171377 0.014626 0.0123574 0.010334 0.00855173 0.00700162 0.0056704 0.00454163 0.00359675 0.00281597 0.00217914 0.00166652 0.0012593 0.000940113 0.000693262 0.000504924 0.000363173 0.000257936 0.000180875 0.000125221 8.55802e-05 5.77354e-05 3.84473e-05 2.52721e-05 1.63986e-05 1.05075e-05 6.65509e-06 4.17896e-06 2.62408e-06 1.68709e-06 1.17646e-06 
1.41631e-06 1.53916e-06 2.08837e-06 3.18905e-06 5.07825e-06 8.1413e-06 1.29653e-05 2.04137e-05 3.17254e-05 4.86424e-05 7.35671e-05 0.000109752 0.000161521 0.000234511 0.000335939 0.000474864 0.000662434 0.000912095 0.00123972 0.00166367 0.00220466 0.00288553 0.00373082 0.0047661 0.00601721 0.00750919 0.00926521 0.0113053 0.0136449 0.0162939 0.0192554 0.0225243 0.0260872 0.0299214 0.0339952 0.038268 0.0426911 0.0472083 0.0517581 0.0562743 0.0606888 0.0649325 0.0689378 0.0726402 0.0759796 0.0789019 0.08136 0.0833144 0.084734 0.0855963 0.0858879 0.0856042 0.0847498 0.0833383 0.0813922 0.0789429 0.0760297 0.0727 0.069008 0.0650138 0.0607817 0.0563794 0.0518755 0.047338 0.0428325 0.0384202 0.0341568 0.0300907 0.026262 0.0227022 0.0194339 0.0164704 0.0138167 0.0114702 0.00942112 0.00765441 0.00615046 0.00488655 0.00383806 0.00297957 0.00228588 0.00173276 0.00129759 0.000959825 0.000701198 0.00050586 0.000360341 0.000253424 0.000175951 0.000120592 8.15823e-05 5.44766e-05 3.59052e-05 2.33602e-05 1.50076e-05 9.53033e-06 6.00053e-06 3.77874e-06 2.43738e-06 1.70592e-06 
2.03531e-06 2.21391e-06 2.99943e-06 4.56834e-06 7.25369e-06 1.15952e-05 1.84122e-05 2.89053e-05 4.47903e-05 6.84691e-05 0.00010324 0.000153548 0.000225273 0.000326042 0.000465569 0.000655976 0.000912095 0.0012517 0.00169564 0.00226783 0.00299508 0.00390666 0.00503372 0.00640838 0.00806263 0.0100271 0.0123293 0.0149925 0.0180338 0.0214628 0.0252799 0.0294758 0.0340303 0.038912 0.0440784 0.0494766 0.055044 0.0607101 0.0663977 0.0720257 0.0775103 0.0827682 0.0877182 0.0922831 0.0963919 0.0999809 0.102995 0.105388 0.107124 0.108177 0.108531 0.108182 0.107134 0.105403 0.103016 0.100008 0.0964268 0.0923263 0.087771 0.0828319 0.0775862 0.0721149 0.0665013 0.0608284 0.0551772 0.0496242 0.0442394 0.0390847 0.0342126 0.0296651 0.0254733 0.0216572 0.0182261 0.0151798 0.0125087 0.0101963 0.0082198 0.00655203 0.00516297 0.00402114 0.00309489 0.0023535 0.00176801 0.00131188 0.000961345 0.000695647 0.00049702 0.000350582 0.000244117 0.00016779 0.000113833 7.62229e-05 5.03752e-05 3.28627e-05 2.11686e-05 1.34785e-05 8.50948e-06 5.37426e-06 3.4779e-06 2.4431e-06 
2.88876e-06 3.14486e-06 4.25413e-06 6.46219e-06 1.0231e-05 1.63069e-05 2.58184e-05 4.04134e-05 6.2437e-05 9.51583e-05 0.000143046 0.000212094 0.000310191 0.00044752 0.000636975 0.000894558 0.00123972 0.00169564 0.00228929 0.00305138 0.00401605 0.00522026 0.00670289 0.00850358 0.0106613 0.0132124 0.0161893 0.0196178 0.023516 0.0278919 0.032742 0.0380505 0.0437882 0.0499125 0.0563676 0.0630856 0.0699877 0.0769864 0.0839871 0.0908912 0.0975987 0.10401 0.11003 0.115568 0.120542 0.124878 0.128514 0.131396 0.133484 0.134748 0.135172 0.134749 0.133486 0.131399 0.128519 0.124887 0.120555 0.115587 0.110057 0.104047 0.0976477 0.0909543 0.084066 0.0770826 0.070102 0.0632182 0.056518 0.0500794 0.0439697 0.038244 0.0329443 0.0280995 0.0237253 0.019825 0.0163909 0.0134054 0.0108428 0.00867163 0.00685586 0.00535722 0.00413669 0.00315591 0.00237839 0.00177037 0.00130138 0.000944607 0.000676944 0.000478924 0.000334466 0.000230556 0.000156861 0.000105329 6.98031e-05 4.56602e-05 2.94911e-05 1.8828e-05 1.19194e-05 7.54983e-06 4.90188e-06 3.45594e-06 
4.04984e-06 4.41218e-06 5.95892e-06 9.02764e-06 1.4251e-05 2.26475e-05 3.57524e-05 5.5798e-05 8.59487e-05 0.000130596 0.000195716 0.000289285 0.000421748 0.000606519 0.000860485 0.00120448 0.00166367 0.00226783 0.00305138 0.00405318 0.00531606 0.00688592 0.00881052 0.0111379 0.0139145 0.017183 0.0209799 0.0253334 0.0302609 0.0357675 0.0418436 0.0484643 0.055589 0.0631609 0.0711081 0.0793449 0.0877739 0.0962878 0.104773 0.113112 0.121187 0.128883 0.136088 0.142699 0.148623 0.153778 0.158091 0.161506 0.163977 0.165471 0.16597 0.165467 0.163969 0.161495 0.158077 0.153762 0.148609 0.142687 0.136081 0.128884 0.121199 0.113138 0.104816 0.0963498 0.0878571 0.0794504 0.0712362 0.0633109 0.0557593 0.0486526 0.0420465 0.0359813 0.0304815 0.0255563 0.0212009 0.017398 0.0141199 0.0113306 0.00898819 0.00704689 0.00545942 0.00417869 0.0031594 0.00235925 0.00173974 0.00126673 0.000910575 0.00064616 0.000452601 0.000312903 0.000213498 0.000143765 9.55399e-05 6.26664e-05 4.05846e-05 2.59804e-05 1.64926e-05 1.04773e-05 6.82497e-06 4.82918e-06 
5.60857e-06 6.11444e-06 8.24432e-06 1.24563e-05 1.96059e-05 3.10658e-05 4.88978e-05 7.6088e-05 0.000116852 0.000177013 0.000264461 0.000389675 0.000566303 0.000811782 0.00114793 0.00160152 0.00220466 0.00299508 0.00401605 0.00531606 0.00694801 0.00896801 0.0114338 0.0144025 0.0179284 0.0220603 0.0268383 0.0322916 0.0384357 0.04527 0.0527764 0.0609182 0.0696401 0.0788679 0.0885106 0.0984621 0.108603 0.118806 0.128935 0.138854 0.148425 0.157517 0.166005 0.173773 0.180716 0.186744 0.19178 0.195761 0.198637 0.200374 0.200952 0.200364 0.198617 0.195731 0.191743 0.1867 0.180667 0.173722 0.165956 0.157473 0.14839 0.138831 0.12893 0.118821 0.108642 0.0985272 0.0886031 0.078988 0.0697869 0.0610898 0.0529695 0.0454809 0.0386599 0.0325241 0.0270739 0.0222939 0.0181556 0.014619 0.0116362 0.00915385 0.0071155 0.00546433 0.00414499 0.00310525 0.00229717 0.00167785 0.00120985 0.000861148 0.000604999 0.000419495 0.000287057 0.000193848 0.000129183 8.4967e-05 5.51767e-05 3.54174e-05 2.25456e-05 1.43647e-05 9.38811e-06 6.66661e-06 
7.67354e-06 8.37055e-06 1.12673e-05 1.69775e-05 2.66438e-05 4.20932e-05 6.606e-05 0.000102489 0.000156925 0.000236995 0.000352982 0.000518474 0.000751081 0.00107317 0.00151258 0.00210322 0.00288553 0.00390666 0.00522026 0.00688592 0.00896801 0.0115341 0.0146526 0.0183905 0.0228099 0.0279649 0.0338984 0.0406388 0.0481971 0.0565647 0.0657116 0.075586 0.0861142 0.0972017 0.108735 0.120584 0.132608 0.144653 0.156564 0.168182 0.179354 0.189931 0.199774 0.208756 0.216765 0.223703 0.229487 0.234052 0.237346 0.239333 0.239992 0.239316 0.237313 0.234003 0.229424 0.223626 0.216678 0.208662 0.199676 0.189834 0.179263 0.168102 0.156499 0.144609 0.132589 0.120595 0.108778 0.0972778 0.0862237 0.0757276 0.0658827 0.0567616 0.0484151 0.0408725 0.0341419 0.0282122 0.0230552 0.0186286 0.0148788 0.0117447 0.00916039 0.00705828 0.00537181 0.00403748 0.00299642 0.00219554 0.00158808 0.00113384 0.000798983 0.000555644 0.000381331 0.000258247 0.000172584 0.000113826 7.41191e-05 4.77058e-05 3.04523e-05 1.94596e-05 1.27596e-05 9.09292e-06 
1.03731e-05 1.13211e-05 1.52127e-05 2.28602e-05 3.57706e-05 5.63459e-05 8.8168e-05 0.000136384 0.000208196 0.000313471 0.000465441 0.000681508 0.000984104 0.00140156 0.00196891 0.00272859 0.00373082 0.00503372 0.00670289 0.00881052 0.0114338 0.0146526 0.0185471 0.0231938 0.0286624 0.0350113 0.0422845 0.0505071 0.0596828 0.0697916 0.0807881 0.0926015 0.105136 0.118273 0.131874 0.145783 0.159833 0.173846 0.187645 0.201052 0.213895 0.22601 0.237248 0.247472 0.256565 0.264423 0.270961 0.276112 0.279824 0.282061 0.282801 0.282038 0.279778 0.276044 0.270871 0.264313 0.256438 0.247332 0.237098 0.225855 0.213741 0.200906 0.187512 0.173733 0.159745 0.145727 0.131854 0.118291 0.105194 0.0926989 0.0809234 0.0699616 0.059883 0.0507317 0.0425271 0.0352652 0.0289205 0.0234496 0.0187947 0.014887 0.0116509 0.00900764 0.0068783 0.00518678 0.00386187 0.00283871 0.00205976 0.00147514 0.00104265 0.000727258 0.000500567 0.00033997 0.000227838 0.000150685 9.83879e-05 6.34985e-05 4.06458e-05 2.60499e-05 1.71367e-05 1.22549e-05 
1.38559e-05 1.51289e-05 2.02937e-05 3.04127e-05 4.74493e-05 7.45233e-05 0.00011627 0.000179322 0.000272926 0.000409682 0.000606415 0.000885134 0.00127406 0.00180861 0.00253235 0.00349765 0.0047661 0.00640838 0.00850358 0.0111379 0.0144025 0.0183905 0.0231938 0.0288985 0.0355807 0.0433017 0.0521038 0.0620063 0.073002 0.0850555 0.0981019 0.112047 0.12677 0.142124 0.157942 0.174041 0.190225 0.206296 0.22205 0.237292 0.251835 0.265503 0.278138 0.289597 0.299759 0.308519 0.315793 0.321513 0.325629 0.328107 0.328925 0.328077 0.32557 0.321425 0.315677 0.308377 0.299593 0.28941 0.277934 0.265289 0.251616 0.237075 0.221842 0.206105 0.19006 0.173906 0.157845 0.14207 0.126761 0.112086 0.0981868 0.0851846 0.0731713 0.0622101 0.0523354 0.0435534 0.0358446 0.0291668 0.0234591 0.0186463 0.0146434 0.0113597 0.0087035 0.00658488 0.00491884 0.00362725 0.00264023 0.00189673 0.00134471 0.00094075 0.000649409 0.000442326 0.000297269 0.000197148 0.000129077 8.35312e-05 5.36168e-05 3.44638e-05 2.27453e-05 1.63219e-05 
1.82899e-05 1.99778e-05 2.67507e-05 3.99807e-05 6.2196e-05 9.73998e-05 0.000151519 0.000233001 0.000353568 0.000529127 0.000780804 0.0011361 0.00163008 0.00230649 0.00321881 0.00443088 0.00601721 0.00806263 0.0106613 0.0139145 0.0179284 0.0228099 0.0286624 0.0355807 0.0436458 0.0529198 0.0634402 0.0752167 0.0882272 0.102416 0.117696 0.133944 0.151009 0.168715 0.186863 0.205241 0.223627 0.241796 0.259526 0.276604 0.29283 0.30802 0.322011 0.334658 0.345839 0.355453 0.363418 0.369671 0.374164 0.376865 0.377756 0.37683 0.374094 0.369567 0.36328 0.355282 0.345637 0.334428 0.321757 0.307748 0.292545 0.276315 0.25924 0.241523 0.223376 0.20502 0.18668 0.168577 0.150921 0.133909 0.117716 0.10249 0.0883515 0.0753866 0.0636488 0.0531591 0.043907 0.0358546 0.0289402 0.0230836 0.0181908 0.01416 0.0108856 0.00826324 0.00619276 0.00458138 0.00334527 0.00241069 0.00171429 0.00120289 0.0008328 0.000568864 0.000383385 0.000254961 0.000167382 0.000108613 6.99082e-05 4.50665e-05 2.98383e-05 2.14844e-05 
2.38607e-05 2.60708e-05 3.48474e-05 5.19417e-05 8.05705e-05 0.000125811 0.000195151 0.000299223 0.000452717 0.000675468 0.0009937 0.00144136 0.00206149 0.00290749 0.00404416 0.00554839 0.00750919 0.0100271 0.0132124 0.017183 0.0220603 0.0279649 0.0350113 0.0433017 0.0529198 0.0639249 0.0763469 0.090181 0.105386 0.121882 0.139552 0.158242 0.177769 0.197921 0.218468 0.239168 0.25977 0.280028 0.299702 0.318565 0.336408 0.353043 0.368305 0.382053 0.39417 0.404559 0.413146 0.419873 0.4247 0.4276 0.428555 0.427561 0.424622 0.419756 0.41299 0.404364 0.393938 0.381787 0.368007 0.352719 0.336063 0.318208 0.299341 0.279673 0.259431 0.238855 0.218192 0.19769 0.17759 0.158122 0.139493 0.121886 0.105451 0.0903034 0.0765199 0.0641404 0.0531683 0.043573 0.0352952 0.0282516 0.0223409 0.0174502 0.0134604 0.0102518 0.00770824 0.00572089 0.00419054 0.00302918 0.00216067 0.00152063 0.00105585 0.000723282 0.000488817 0.000325967 0.000214575 0.00013961 9.0105e-05 5.82541e-05 3.8692e-05 2.79519e-05 
3.07673e-05 3.36258e-05 4.48657e-05 6.66965e-05 0.000103163 0.00016063 0.00024845 0.00037985 0.000573022 0.000852421 0.00125021 0.00180782 0.00257745 0.0036235 0.00502359 0.00686915 0.00926521 0.0123293 0.0161893 0.0209799 0.0268383 0.0338984 0.0422845 0.0521038 0.0634402 0.0763469 0.090841 0.106899 0.124456 0.143402 0.163587 0.184822 0.206885 0.229531 0.252495 0.275505 0.298286 0.32057 0.342101 0.362646 0.381989 0.399944 0.416351 0.431075 0.444008 0.455065 0.46418 0.471308 0.476414 0.479477 0.480486 0.479436 0.476331 0.471183 0.464013 0.454855 0.443756 0.430782 0.416019 0.399578 0.381594 0.362229 0.341671 0.320137 0.297861 0.275101 0.252123 0.229201 0.206608 0.184606 0.163438 0.143324 0.124449 0.106961 0.0909653 0.0765264 0.0636652 0.0523632 0.0425667 0.0341922 0.0271328 0.0212659 0.0164593 0.0125775 0.0094879 0.00706434 0.00519093 0.00376392 0.00269287 0.0019008 0.00132365 0.000909303 0.000616241 0.000412056 0.000271971 0.000177424 0.00011482 7.4444e-05 4.95996e-05 3.59482e-05 
3.92166e-05 4.28689e-05 5.70971e-05 8.46566e-05 0.000130576 0.000202743 0.000312705 0.00047673 0.000717095 0.0010636 0.00155527 0.00224204 0.00318654 0.0044655 0.00617082 0.00840993 0.0113053 0.0149925 0.0196178 0.0253334 0.0322916 0.0406388 0.0505071 0.0620063 0.0752167 0.090181 0.106899 0.125325 0.145362 0.166867 0.189651 0.213487 0.238114 0.26325 0.288596 0.31385 0.338714 0.362905 0.386156 0.408228 0.428908 0.448016 0.465401 0.480942 0.494543 0.506135 0.515666 0.523102 0.528421 0.531609 0.532659 0.531568 0.528339 0.522977 0.515496 0.50592 0.494282 0.480634 0.465049 0.447622 0.428476 0.407763 0.385668 0.362404 0.338211 0.313358 0.288128 0.26282 0.237735 0.213169 0.189403 0.166695 0.14527 0.125312 0.106962 0.0903122 0.0754066 0.0622436 0.050779 0.0409325 0.0325946 0.0256343 0.0199073 0.0152629 0.0115511 0.00862805 0.00635982 0.00462564 0.00331933 0.00234988 0.00164107 0.00113053 0.000768268 0.000515091 0.000340874 0.000222958 0.000144671 9.40615e-05 6.2862e-05 4.57047e-05 
4.94157e-05 5.40263e-05 7.18313e-05 0.000106228 0.000163397 0.000253004 0.000389149 0.000591616 0.00088738 0.00131236 0.00191334 0.0027499 0.00389628 0.00544292 0.00749734 0.0101843 0.0136449 0.0180338 0.023516 0.0302609 0.0384357 0.0481971 0.0596828 0.073002 0.0882272 0.105386 0.124456 0.145362 0.167972 0.192105 0.217529 0.243976 0.271143 0.29871 0.326347 0.353724 0.380525 0.406451 0.431234 0.454634 0.476447 0.496504 0.514668 0.530837 0.544935 0.55691 0.566729 0.574372 0.57983 0.583097 0.584174 0.583059 0.579751 0.574253 0.566566 0.556701 0.544678 0.53053 0.514311 0.496097 0.475994 0.454139 0.430704 0.405896 0.379955 0.353154 0.325791 0.298183 0.270661 0.243552 0.217176 0.191832 0.167786 0.145264 0.124446 0.105457 0.0883707 0.0732067 0.0599351 0.0484829 0.0387408 0.030572 0.0238215 0.0183241 0.0139128 0.0104251 0.00770832 0.00562348 0.00404737 0.0028736 0.00201251 0.00139025 0.000947324 0.00063682 0.000422527 0.000277078 0.000180258 0.000117522 7.87764e-05 5.74519e-05 
6.15622e-05 6.73139e-05 8.93427e-05 0.00013179 0.000202171 0.000312198 0.000478899 0.00072607 0.00108602 0.00160158 0.00232822 0.00333623 0.0047127 0.006563 0.00901157 0.0122017 0.0162939 0.0214628 0.0278919 0.0357675 0.04527 0.0565647 0.0697916 0.0850555 0.102416 0.121882 0.143402 0.166867 0.192105 0.21889 0.246948 0.275964 0.305595 0.335483 0.365267 0.394596 0.423136 0.450584 0.476669 0.501161 0.523868 0.54464 0.563362 0.579952 0.59436 0.606554 0.616522 0.624263 0.62978 0.633081 0.634169 0.633047 0.629711 0.624157 0.616376 0.606363 0.59412 0.579661 0.563016 0.544239 0.523412 0.500653 0.476115 0.449991 0.422516 0.393962 0.364634 0.334868 0.305015 0.275436 0.246489 0.218512 0.191817 0.166675 0.143308 0.121882 0.102503 0.085217 0.0700147 0.0568342 0.0455702 0.0360832 0.0282093 0.0217702 0.0165822 0.0124643 0.00924439 0.00676433 0.00488274 0.00347663 0.00244164 0.00169128 0.00115551 0.000778786 0.000518036 0.000340568 0.00022213 0.000145212 9.76215e-05 7.14081e-05 
7.5833e-05 8.29243e-05 0.000109874 0.000161676 0.000247367 0.000380986 0.000582878 0.000881359 0.00131471 0.00193345 0.00280267 0.00400443 0.00563976 0.00783015 0.0107181 0.0144662 0.0192554 0.0252799 0.032742 0.0418436 0.0527764 0.0657116 0.0807881 0.0981019 0.117696 0.139552 0.163587 0.189651 0.217529 0.246948 0.277585 0.30908 0.341049 0.373099 0.404841 0.435905 0.465947 0.494662 0.521789 0.547108 0.57045 0.591686 0.610729 0.627524 0.642047 0.654292 0.664269 0.671996 0.677494 0.680779 0.681864 0.680752 0.677438 0.671909 0.664146 0.654129 0.641838 0.627264 0.610413 0.59131 0.570012 0.546609 0.521231 0.494053 0.465295 0.435224 0.404146 0.372408 0.340381 0.308455 0.277021 0.246463 0.217136 0.189359 0.163401 0.139471 0.117714 0.0982102 0.0809726 0.0659563 0.0530644 0.0421578 0.0330667 0.0256011 0.0195617 0.0147493 0.0109721 0.00805225 0.00582914 0.00416214 0.00293107 0.00203572 0.00139445 0.000942211 0.000628304 0.00041408 0.000270752 0.000177462 0.000119641 8.77671e-05 
9.23713e-05 0.000101013 0.000133619 0.000196144 0.00029934 0.000459856 0.000701741 0.00105834 0.00157454 0.0023093 0.00333823 0.0047561 0.00667895 0.00924537 0.0126168 0.016976 0.0225243 0.0294758 0.0380505 0.0484643 0.0609182 0.075586 0.0926015 0.112047 0.133944 0.158242 0.184822 0.213487 0.243976 0.275964 0.30908 0.342919 0.377056 0.411065 0.444536 0.477082 0.508358 0.538063 0.565949 0.591817 0.615522 0.636965 0.656089 0.672872 0.687317 0.699446 0.709296 0.716903 0.722304 0.725528 0.726595 0.72551 0.722265 0.716841 0.709206 0.699322 0.68715 0.672657 0.655818 0.636632 0.615121 0.591347 0.56541 0.53746 0.507697 0.476374 0.443797 0.410313 0.376311 0.342205 0.308418 0.275374 0.243476 0.213091 0.184538 0.158073 0.133886 0.112093 0.0927385 0.0757976 0.0611865 0.0487707 0.0383772 0.0298068 0.0228459 0.0172777 0.0128911 0.00948786 0.00688774 0.0049315 0.00348215 0.00242476 0.00166514 0.0011279 0.000753948 0.000498077 0.000326466 0.000214524 0.000145025 0.000106684 
0.000111274 0.000121686 0.000160702 0.000235354 0.000358294 0.000549064 0.000835798 0.00125736 0.00186584 0.00272936 0.00393485 0.00559069 0.00782879 0.0108057 0.0147024 0.0197223 0.0260872 0.0340303 0.0437882 0.055589 0.0696401 0.0861142 0.105136 0.12677 0.151009 0.177769 0.206885 0.238114 0.271143 0.305595 0.341049 0.377056 0.413153 0.448886 0.483826 0.517579 0.549802 0.580204 0.608558 0.634692 0.658491 0.679889 0.698863 0.715425 0.729609 0.741469 0.751063 0.758451 0.763685 0.766806 0.767842 0.766798 0.763667 0.758419 0.751011 0.74139 0.729495 0.715266 0.69865 0.679614 0.658146 0.634271 0.608059 0.579628 0.549152 0.516866 0.483064 0.448092 0.412349 0.376266 0.340299 0.304907 0.27054 0.237615 0.206501 0.177507 0.150869 0.126746 0.105217 0.0862847 0.0698813 0.0558811 0.0441115 0.0343667 0.0264208 0.0200404 0.0149956 0.0110679 0.00805678 0.00578391 0.00409465 0.00285847 0.00196781 0.00133611 0.000895224 0.000592782 0.000389454 0.000256544 0.000173892 0.000128259 
0.000132577 0.00014498 0.000191164 0.00027934 0.000424248 0.00064859 0.000984942 0.00147814 0.00218805 0.0031926 0.00459075 0.00650524 0.00908456 0.0125038 0.0169641 0.0226893 0.0299214 0.038912 0.0499125 0.0631609 0.0788679 0.0972017 0.118273 0.142124 0.168715 0.197921 0.229531 0.26325 0.29871 0.335483 0.373099 0.411065 0.448886 0.486084 0.522216 0.556887 0.589761 0.620569 0.649105 0.67523 0.698865 0.719981 0.738591 0.754742 0.768503 0.779954 0.789181 0.796262 0.801268 0.80425 0.805242 0.804253 0.801272 0.796262 0.789171 0.779926 0.768447 0.754648 0.738448 0.719777 0.69859 0.674876 0.648664 0.620039 0.589145 0.55619 0.521451 0.485268 0.448041 0.410216 0.372273 0.334707 0.298011 0.262649 0.229046 0.197563 0.168488 0.142025 0.118292 0.097324 0.0790752 0.0634324 0.050227 0.0392493 0.0302635 0.0230212 0.0172744 0.0127846 0.00933122 0.00671615 0.00476657 0.00333567 0.00230178 0.00156648 0.00105196 0.000698126 0.000459705 0.000303538 0.000206269 0.000152527 
0.000156246 0.000170856 0.000224941 0.000327991 0.000497004 0.000758088 0.00114859 0.00171973 0.00253964 0.0036966 0.0053022 0.00749414 0.010438 0.0143279 0.019385 0.0258537 0.0339952 0.0440784 0.0563676 0.0711081 0.0885106 0.108735 0.131874 0.157942 0.186863 0.218468 0.252495 0.288596 0.326347 0.365267 0.404841 0.444536 0.483826 0.522216 0.559255 0.594554 0.627791 0.658721 0.687169 0.713032 0.736268 0.756888 0.774945 0.790522 0.803718 0.814645 0.823411 0.830116 0.834843 0.837657 0.838595 0.83767 0.834869 0.830149 0.823445 0.814671 0.803725 0.790499 0.774879 0.756765 0.736075 0.712757 0.686803 0.658257 0.627228 0.593894 0.558509 0.521399 0.482958 0.443644 0.403954 0.364415 0.325559 0.2879 0.251913 0.218015 0.186546 0.157763 0.131825 0.108803 0.0886779 0.0713532 0.056668 0.0444121 0.0343421 0.0261966 0.0197103 0.0146259 0.0107026 0.00772238 0.00549399 0.00385376 0.00266537 0.00181796 0.00122349 0.000813709 0.000536979 0.000355368 0.000242078 0.000179439 
0.000182162 0.000199184 0.000261853 0.000381032 0.000576122 0.000876858 0.00132564 0.00198042 0.002918 0.00423745 0.00606346 0.00854908 0.0118774 0.0162615 0.0219425 0.0291848 0.038268 0.0494766 0.0630856 0.0793449 0.0984621 0.120584 0.145783 0.174041 0.205241 0.239168 0.275505 0.31385 0.353724 0.394596 0.435905 0.477082 0.517579 0.556887 0.594554 0.630201 0.663529 0.694319 0.722434 0.747809 0.770443 0.790387 0.807734 0.822601 0.835122 0.845434 0.853667 0.859941 0.864352 0.866975 0.867852 0.866999 0.864399 0.860006 0.853743 0.845512 0.835192 0.822651 0.807748 0.79035 0.770339 0.747624 0.722155 0.693935 0.663035 0.629597 0.593845 0.556087 0.516708 0.476166 0.434972 0.393681 0.352859 0.313066 0.27483 0.23862 0.204835 0.173779 0.145663 0.120594 0.0985841 0.0795584 0.063367 0.0498024 0.0386161 0.0295357 0.0222807 0.0165751 0.0121588 0.00879407 0.00627095 0.00440866 0.00305582 0.0020887 0.00140863 0.000938764 0.000620791 0.000411724 0.000281118 0.000208855 
0.000210118 0.000229736 0.000301597 0.000438009 0.000660908 0.00100383 0.00151445 0.00225772 0.00331942 0.00480974 0.00686674 0.00965904 0.0133872 0.0182834 0.0246082 0.0326451 0.0426911 0.055044 0.0699877 0.0877739 0.108603 0.132608 0.159833 0.190225 0.223627 0.25977 0.298286 0.338714 0.380525 0.423136 0.465947 0.508358 0.549802 0.589761 0.627791 0.663529 0.6967 0.72712 0.75469 0.779387 0.801251 0.820376 0.836891 0.850948 0.862711 0.872343 0.879995 0.885802 0.889873 0.89229 0.893101 0.892324 0.88994 0.885897 0.880112 0.872472 0.862843 0.851068 0.836984 0.820426 0.801241 0.779298 0.754506 0.726827 0.696288 0.662995 0.627137 0.588997 0.548945 0.507434 0.464986 0.422173 0.379595 0.337853 0.297524 0.259133 0.223132 0.189881 0.159638 0.132555 0.108676 0.0879513 0.0702459 0.0553579 0.0430368 0.0330013 0.0249569 0.018611 0.0136843 0.00991999 0.00708947 0.00499479 0.0034693 0.00237612 0.00160563 0.00107214 0.00071039 0.000472118 0.000323062 0.000240535 
