0.000293132 0.000298378 0.000316789 0.000348843 0.000395277 0.000457117 0.000535678 0.000632544 0.000749558 0.000888802 0.00105257 0.00124335 0.00146376 0.00171654 0.0020045 0.00233043 0.00269708 0.00310708 0.00356288 0.00406663 0.00462018 0.00522494 0.00588184 0.00659122 0.00735282 0.00816564 0.00902797 0.0099373 0.0108903 0.0118828 0.0129098 0.0139656 0.0150436 0.0161365 0.0172363 0.0183347 0.0194226 0.0204909 0.02153 0.0225303 0.0234824 0.0243769 0.025205 0.0259581 0.0266284 0.0272089 0.0276933 0.0280764 0.0283541 0.0285233 0.0285823 0.0285302 0.0283679 0.028097 0.0277205 0.0272427 0.0266686 0.0260044 0.0252573 0.0244349 0.0235456 0.0225985 0.0216028 0.0205679 0.0195033 0.0184186 0.017323 0.0162254 0.0151342 0.0140574 0.0130023 0.0119753 0.0109824 0.0100284 0.00911764 0.00825338 0.0074382 0.00667385 0.00596136 0.00530104 0.0046926 0.00413516 0.00362735 0.0031674 0.00275316 0.00238226 0.0020521 0.00175997 0.00150309 0.0012787 0.00108408 0.000916607 0.000773814 0.000653406 0.000553296 0.000471634 0.00040682 0.000357524 0.000322697 0.000301618 
0.000298378 0.000303728 0.000322485 0.000355135 0.000402427 0.000465407 0.000545412 0.000644055 0.000763211 0.000904997 0.00107175 0.00126599 0.00149039 0.00174773 0.00204087 0.00237263 0.00274582 0.0031631 0.00362695 0.00413956 0.00470279 0.00531808 0.00598635 0.00670794 0.00748257 0.00830923 0.00918615 0.0101108 0.0110797 0.0120887 0.0131327 0.0142058 0.0153013 0.0164119 0.0175295 0.0186455 0.0197508 0.020836 0.0218915 0.0229075 0.0238745 0.0247829 0.0256238 0.0263885 0.0270691 0.0276585 0.0281503 0.0285392 0.0288211 0.0289929 0.0290527 0.0289998 0.0288349 0.0285598 0.0281775 0.0276922 0.0271093 0.0264348 0.025676 0.0248408 0.0239377 0.0229757 0.0219643 0.020913 0.0198315 0.0187295 0.0176163 0.016501 0.0153922 0.0142978 0.0132254 0.0121815 0.0111721 0.0102023 0.00927621 0.0083974 0.00756841 0.00679105 0.00606636 0.00539468 0.00477572 0.00420859 0.00369192 0.0032239 0.00280238 0.00242492 0.0020889 0.00179157 0.00153011 0.0013017 0.00110358 0.000933096 0.000787729 0.000665147 0.000563228 0.000480089 0.000414103 0.000363917 0.000328463 0.000307008 
0.000316789 0.000322485 0.000342379 0.000376983 0.000427086 0.00049379 0.000578499 0.000682911 0.000808995 0.000958976 0.0011353 0.00134063 0.00157774 0.00184956 0.00215907 0.00250922 0.00290294 0.00334299 0.00383195 0.0043721 0.00496535 0.00561315 0.00631645 0.00707556 0.00789013 0.00875906 0.00968046 0.0106516 0.0116689 0.0127278 0.0138231 0.0149485 0.0160971 0.017261 0.0184319 0.0196007 0.0207579 0.0218938 0.0229983 0.0240613 0.0250726 0.0260226 0.0269017 0.027701 0.0284123 0.0290281 0.0295418 0.0299481 0.0302424 0.0304217 0.030484 0.0304285 0.0302561 0.0299684 0.0295688 0.0290615 0.0284521 0.027747 0.0269536 0.0260801 0.0251355 0.0241292 0.0230709 0.0219707 0.0208386 0.0196847 0.0185188 0.0173503 0.0161883 0.0150411 0.0139164 0.0128214 0.0117622 0.0107441 0.0097716 0.0088484 0.00797722 0.00715999 0.00639784 0.00569117 0.00503972 0.00444259 0.00389838 0.00340523 0.0029609 0.00256287 0.0022084 0.00189464 0.00161862 0.00137742 0.00116813 0.000987981 0.000834324 0.000704717 0.000596932 0.000508989 0.000439181 0.000386085 0.000348577 0.000325889 
0.000348843 0.000355135 0.000376983 0.000414944 0.000469874 0.000542965 0.000635739 0.000750033 0.000887976 0.00105197 0.00124466 0.0014689 0.0017277 0.00202418 0.00236155 0.00274297 0.00317156 0.00365026 0.00418181 0.00476861 0.00541265 0.00611545 0.00687793 0.00770038 0.00858234 0.00952254 0.0105189 0.0115683 0.0126669 0.0138099 0.0149913 0.0162046 0.0174421 0.0186954 0.0199556 0.021213 0.0224573 0.0236781 0.0248646 0.026006 0.0270916 0.028111 0.0290539 0.029911 0.0306735 0.0313335 0.0318839 0.0323191 0.0326342 0.032826 0.0328925 0.0328328 0.0326476 0.0323391 0.0319105 0.0313664 0.0307128 0.0299564 0.0291052 0.0281679 0.027154 0.0260734 0.0249368 0.0237546 0.0225378 0.021297 0.0200427 0.0187851 0.0175338 0.0162978 0.0150856 0.0139046 0.0127615 0.0116623 0.0106117 0.00961373 0.00867143 0.00778693 0.00696154 0.00619577 0.00548937 0.00484148 0.00425062 0.00371486 0.00323183 0.00279886 0.00241304 0.00207131 0.00177051 0.0015075 0.00127915 0.00108249 0.000914664 0.000773037 0.000655206 0.000559034 0.000482672 0.000424584 0.000383554 0.000358749 
0.000395277 0.000402427 0.000427086 0.000469874 0.000531738 0.000614004 0.000718357 0.000846831 0.00100178 0.00118586 0.00140199 0.0016533 0.00194312 0.00227486 0.00265203 0.00307809 0.00355642 0.00409023 0.00468245 0.00533566 0.00605197 0.00683296 0.00767956 0.00859196 0.00956954 0.0106108 0.0117134 0.0128738 0.0140876 0.0153494 0.0166527 0.0179901 0.0193532 0.0207329 0.0221192 0.0235015 0.0248686 0.0262091 0.0275112 0.0287631 0.0299533 0.0310702 0.0321031 0.0330416 0.0338761 0.0345981 0.0352002 0.0356759 0.0360203 0.0362298 0.036302 0.0362363 0.0360334 0.0356954 0.0352261 0.0346303 0.0339144 0.0330859 0.0321534 0.0311262 0.0300146 0.0288296 0.0275825 0.0262849 0.0249486 0.0235852 0.0222062 0.0208228 0.0194454 0.0180841 0.0167479 0.0154454 0.0141838 0.0129696 0.0118084 0.0107044 0.00966127 0.00868133 0.00776615 0.00691638 0.00613188 0.00541177 0.00475451 0.00415805 0.00361987 0.00313707 0.00270651 0.00232483 0.00198862 0.00169441 0.0014388 0.00121849 0.00103037 0.000871513 0.000739275 0.000631293 0.000545525 0.000480269 0.00043418 0.000406336 
0.000457117 0.000465407 0.00049379 0.000542965 0.000614004 0.000708402 0.00082806 0.000975268 0.00115268 0.00136326 0.0016103 0.0018973 0.00222797 0.00260612 0.00303565 0.00352039 0.00406407 0.00467022 0.00534203 0.00608231 0.00689331 0.00777667 0.00873332 0.00976332 0.0108659 0.0120391 0.0132803 0.0145854 0.0159493 0.0173659 0.0188279 0.0203268 0.0218534 0.0233973 0.0249474 0.0264918 0.0280183 0.029514 0.030966 0.0323612 0.0336868 0.0349303 0.0360795 0.0371233 0.0380511 0.0388534 0.0395222 0.0400505 0.0404327 0.0406649 0.0407447 0.0406712 0.0404452 0.0400692 0.0395471 0.0388845 0.0380881 0.0371663 0.0361283 0.0349847 0.0337467 0.0324263 0.031036 0.0295887 0.0280973 0.0265749 0.025034 0.0234871 0.0219459 0.0204215 0.0189242 0.0174634 0.0160474 0.0146834 0.0133778 0.0121356 0.0109607 0.0098561 0.00882353 0.00786389 0.00697715 0.00616243 0.00541814 0.00474208 0.00413151 0.00358327 0.00309389 0.0026597 0.00227688 0.0019416 0.00165007 0.0013986 0.00118369 0.0010021 0.00085084 0.00072726 0.000629063 0.000554334 0.000501559 0.000469699 
0.000535678 0.000545412 0.000578499 0.000635739 0.000718357 0.00082806 0.000967017 0.00113783 0.00134353 0.00158748 0.0018734 0.00220526 0.00258725 0.00302367 0.00351888 0.00407717 0.00470272 0.00539942 0.00617079 0.00701989 0.00794915 0.00896028 0.0100542 0.0112307 0.0124889 0.0138264 0.01524 0.0167248 0.0182752 0.0198839 0.0215426 0.0232418 0.0249708 0.0267179 0.0284706 0.0302156 0.031939 0.0336264 0.0352634 0.0368355 0.0383281 0.0397275 0.0410202 0.0421937 0.0432363 0.0441376 0.0448885 0.0454814 0.0459101 0.0461704 0.0462594 0.0461763 0.045922 0.0454991 0.0449121 0.044167 0.0432715 0.0422346 0.0410669 0.0397797 0.0383858 0.0368984 0.0353314 0.0336993 0.0320164 0.0302974 0.0285563 0.0268071 0.0250631 0.0233368 0.0216398 0.0199827 0.018375 0.0168251 0.0153402 0.013926 0.0125873 0.0113273 0.0101485 0.00905186 0.00803754 0.00710468 0.00625165 0.00547604 0.00477488 0.00414469 0.00358162 0.00308156 0.00264027 0.00225342 0.00191674 0.00162608 0.00137749 0.00116728 0.000992064 0.000848832 0.000734971 0.000648299 0.000587095 0.000550174 
0.000632544 0.000644055 0.000682911 0.000750033 0.000846831 0.000975268 0.00113783 0.00133752 0.00157777 0.00186247 0.00219584 0.00258241 0.00302694 0.0035343 0.00410942 0.00475714 0.00548213 0.00628873 0.00718085 0.00816182 0.00923426 0.0104 0.0116597 0.0130133 0.0144593 0.0159949 0.0176161 0.0193175 0.0210921 0.0229318 0.0248268 0.0267663 0.0287381 0.0307288 0.0327242 0.0347092 0.0366681 0.0385848 0.0404429 0.0422261 0.0439182 0.0455036 0.0469673 0.0482954 0.0494748 0.050494 0.0513428 0.0520126 0.0524968 0.0527903 0.0528903 0.0527958 0.0525077 0.052029 0.0513646 0.0505213 0.0495077 0.0483337 0.0470111 0.0455528 0.0439728 0.042286 0.040508 0.038655 0.0367432 0.0347889 0.0328082 0.0308168 0.0288297 0.0268611 0.0249243 0.0230314 0.0211934 0.0194198 0.017719 0.0160976 0.0145613 0.013114 0.0117585 0.0104963 0.00932766 0.00825181 0.00726703 0.00637073 0.00555965 0.00482995 0.00417732 0.00359717 0.0030847 0.00263503 0.00224333 0.00190489 0.00161519 0.00137003 0.00116554 0.000998291 0.000865275 0.000763998 0.000692483 0.000649372 
0.000749558 0.000763211 0.000808995 0.000887976 0.00100178 0.00115268 0.00134353 0.00157777 0.00185938 0.00219279 0.00258286 0.00303474 0.00355387 0.0041458 0.00481608 0.00557021 0.00641342 0.00735056 0.00838597 0.0095233 0.0107654 0.012114 0.0135699 0.0151327 0.0168003 0.0185695 0.0204354 0.0223916 0.02443 0.0265411 0.0287137 0.0309351 0.0331914 0.0354675 0.037747 0.0400127 0.042247 0.0444314 0.0465476 0.048577 0.0505016 0.0523038 0.0539669 0.0554749 0.0568136 0.0579699 0.0589324 0.0596917 0.0602402 0.0605725 0.0606853 0.0605774 0.06025 0.0597063 0.058952 0.0579945 0.0568433 0.0555098 0.0540069 0.0523491 0.0505522 0.0486329 0.0466088 0.0444978 0.0423185 0.0400893 0.0378282 0.0355533 0.0332814 0.0310288 0.0288107 0.026641 0.0245323 0.0224956 0.0205406 0.0186752 0.0169058 0.0152374 0.0136733 0.0122153 0.0108641 0.00961887 0.00847791 0.00743844 0.00649685 0.00564888 0.00488973 0.00421423 0.00361696 0.00309241 0.00263506 0.00223955 0.00190073 0.00161378 0.00137428 0.00117828 0.00102233 0.000903557 0.000819692 0.00076917 
0.000888802 0.000904997 0.000958976 0.00105197 0.00118586 0.00136326 0.00158748 0.00186247 0.00219279 0.00258355 0.0030403 0.00356895 0.00417567 0.0048668 0.00564863 0.00652737 0.00750888 0.0085986 0.00980132 0.011121 0.0125608 0.0141224 0.0158065 0.0176122 0.0195372 0.0215773 0.0237267 0.0259778 0.0283213 0.0307459 0.0332387 0.0357853 0.0383695 0.040974 0.0435803 0.0461687 0.0487191 0.0512107 0.0536228 0.0559344 0.0581253 0.0601756 0.0620666 0.0637805 0.0653011 0.066614 0.0677064 0.0685679 0.0691899 0.0695663 0.0696936 0.0695704 0.0691981 0.0685803 0.0677232 0.0666351 0.0653268 0.0638108 0.0621018 0.0602158 0.0581706 0.055985 0.0536787 0.051272 0.0487857 0.0462407 0.0436575 0.0410563 0.0384566 0.0358768 0.0333343 0.0308451 0.0284236 0.0260827 0.0238335 0.0216854 0.0196459 0.0177208 0.0159143 0.0142287 0.0126649 0.0112224 0.0098993 0.00869269 0.00759861 0.00661234 0.00572851 0.00494131 0.00424461 0.00363217 0.00309771 0.00263512 0.00223852 0.00190239 0.00162165 0.00139176 0.00120877 0.00106937 0.000970943 0.000911684 
0.00105257 0.00107175 0.0011353 0.00124466 0.00140199 0.0016103 0.0018734 0.00219584 0.00258286 0.0030403 0.00357451 0.00419227 0.00490059 0.00570665 0.0066176 0.00764042 0.00878171 0.0100475 0.0114431 0.0129729 0.01464 0.0164464 0.0183924 0.0204768 0.0226966 0.0250466 0.0275201 0.0301081 0.0327995 0.0355815 0.038439 0.0413553 0.0443121 0.0472895 0.0502662 0.0532202 0.0561286 0.0589678 0.0617143 0.0643447 0.0668361 0.0691663 0.0713142 0.0732599 0.0749855 0.0764747 0.0777134 0.0786897 0.0793943 0.0798204 0.0799639 0.0798236 0.0794007 0.0786994 0.0777266 0.0764916 0.0750062 0.0732848 0.0713433 0.0692001 0.0668748 0.0643885 0.0617633 0.0590223 0.0561887 0.0532861 0.0503378 0.0473666 0.0443948 0.0414432 0.0385318 0.0356788 0.0329009 0.0302129 0.0276278 0.0251564 0.0228078 0.0205888 0.0185043 0.0165574 0.0147494 0.01308 0.0115472 0.010148 0.00887802 0.00773204 0.00670409 0.00578765 0.00497581 0.0042615 0.00363759 0.00309712 0.00263338 0.00224006 0.00191134 0.001642 0.00142752 0.00126408 0.00114868 0.00107925 
0.00124335 0.00126599 0.00134063 0.0014689 0.0016533 0.0018973 0.00220526 0.00258241 0.00303474 0.00356895 0.00419227 0.0049124 0.00573734 0.00667522 0.0077341 0.00892182 0.0102458 0.0117126 0.0133283 0.0150974 0.0170233 0.019108 0.0213515 0.023752 0.0263057 0.0290067 0.0318466 0.0348149 0.0378988 0.0410834 0.0443513 0.0476834 0.0510587 0.0544544 0.0578465 0.06121 0.0645187 0.0677464 0.0708665 0.0738526 0.0766791 0.0793212 0.0817551 0.083959 0.0859125 0.0875977 0.0889988 0.0901028 0.0908991 0.0913803 0.0915419 0.0913824 0.0909033 0.0901093 0.0890078 0.0876094 0.0859273 0.0839771 0.0817769 0.0793471 0.0767095 0.0738879 0.0709069 0.0677924 0.0645705 0.0612678 0.0579106 0.0545247 0.0511351 0.0477659 0.0444396 0.0411772 0.0379977 0.0349182 0.0319538 0.0291171 0.0264186 0.0238665 0.0214668 0.0192233 0.0171377 0.01521 0.0134384 0.0118196 0.0103488 0.00902027 0.00782746 0.00676303 0.00581921 0.00498802 0.00426139 0.00363141 0.00309044 0.00263128 0.00224729 0.00193249 0.00168169 0.00149053 0.00135555 0.00127438 
0.00146376 0.00149039 0.00157774 0.0017277 0.00194312 0.00222797 0.00258725 0.00302694 0.00355387 0.00417567 0.00490059 0.00573734 0.006695 0.00778271 0.00900956 0.0103843 0.0119152 0.0136097 0.015474 0.0175134 0.0197312 0.0221294 0.0247076 0.0274633 0.030392 0.0334862 0.0367364 0.0401301 0.0436526 0.0472863 0.0510117 0.0548066 0.0586472 0.0625076 0.0663606 0.0701778 0.07393 0.0775874 0.0811203 0.0844993 0.0876956 0.0906815 0.0934306 0.0959186 0.098123 0.100024 0.101604 0.102848 0.103745 0.104287 0.104468 0.104287 0.103746 0.10285 0.101608 0.100029 0.0981306 0.0959287 0.0934436 0.0906979 0.087716 0.0845242 0.0811503 0.0776229 0.0739714 0.0702256 0.066415 0.0625688 0.0587154 0.0548817 0.0510935 0.0473747 0.0437471 0.0402303 0.0368417 0.0335959 0.0305052 0.0275793 0.0248254 0.0222482 0.01985 0.0176312 0.0155899 0.0137228 0.0120248 0.0104896 0.00910992 0.00787751 0.00678375 0.00581964 0.00497608 0.00424411 0.00361507 0.00308077 0.00263365 0.0022669 0.00197458 0.00175171 0.00159435 0.00149976 
0.00171654 0.00174773 0.00184956 0.00202418 0.00227486 0.00260612 0.00302367 0.0035343 0.0041458 0.0048668 0.00570665 0.00667522 0.00778271 0.00903941 0.0104555 0.0120408 0.0138043 0.0157542 0.0178975 0.0202395 0.0227839 0.0255323 0.0284839 0.0316356 0.0349815 0.038513 0.0422186 0.0460841 0.0500921 0.0542228 0.0584535 0.0627591 0.0671125 0.0714844 0.0758441 0.0801597 0.0843983 0.0885268 0.0925117 0.0963204 0.0999208 0.103282 0.106375 0.109173 0.111651 0.113786 0.115561 0.116957 0.117964 0.118572 0.118775 0.118571 0.117963 0.116956 0.115559 0.113785 0.11165 0.109174 0.106378 0.103287 0.0999293 0.096333 0.092529 0.0885495 0.0844271 0.080195 0.0758865 0.0715342 0.06717 0.0628244 0.0585266 0.0543036 0.0501803 0.0461792 0.0423202 0.0386202 0.0350936 0.0317517 0.0286031 0.0256536 0.0229062 0.0203617 0.0180186 0.0158733 0.0139203 0.0121528 0.0105628 0.00914129 0.0078785 0.00676438 0.00578875 0.00494147 0.00421277 0.00359337 0.00307471 0.00264904 0.00230961 0.00205075 0.00186797 0.00175815 
0.0020045 0.00204087 0.00215907 0.00236155 0.00265203 0.00303565 0.00351888 0.00410942 0.00481608 0.00564863 0.0066176 0.0077341 0.00900956 0.0104555 0.0120833 0.0139037 0.0159268 0.0181614 0.0206152 0.0232937 0.0262007 0.0293374 0.0327025 0.0362921 0.0400988 0.0441127 0.0483201 0.0527045 0.057246 0.0619219 0.0667063 0.0715708 0.0764847 0.081415 0.0863273 0.0911856 0.0959534 0.100594 0.105069 0.109344 0.113382 0.11715 0.120615 0.123748 0.12652 0.128909 0.130893 0.132455 0.13358 0.134258 0.134484 0.134256 0.133575 0.132448 0.130885 0.1289 0.12651 0.123737 0.120605 0.117142 0.113377 0.109342 0.105072 0.100601 0.095967 0.091206 0.086355 0.0814508 0.0765289 0.0716238 0.0667682 0.0619926 0.0573255 0.0527923 0.0484157 0.0442155 0.0402081 0.0364068 0.0328217 0.0294599 0.0263254 0.0234195 0.0207408 0.0182858 0.0160487 0.0140222 0.0121974 0.0105644 0.00911241 0.00783023 0.00670646 0.00572973 0.00488904 0.00417395 0.00357476 0.00308274 0.00269023 0.00239081 0.00217938 0.0020524 
0.00233043 0.00237263 0.00250922 0.00274297 0.00307809 0.00352039 0.00407717 0.00475714 0.00557021 0.00652737 0.00764042 0.00892182 0.0103843 0.0120408 0.0139037 0.015985 0.0182958 0.0208456 0.0236426 0.0266926 0.0299993 0.0335636 0.0373835 0.0414538 0.045766 0.0503079 0.0550641 0.0600151 0.0651385 0.0704081 0.0757947 0.0812662 0.086788 0.0923232 0.0978331 0.103278 0.108617 0.113809 0.118812 0.123588 0.128097 0.132301 0.136165 0.139656 0.142745 0.145405 0.147614 0.149351 0.150602 0.151356 0.151607 0.151352 0.150594 0.149339 0.147598 0.145387 0.142724 0.139634 0.136142 0.132278 0.128076 0.12357 0.118798 0.113799 0.108613 0.103281 0.0978436 0.0923422 0.0868162 0.0813041 0.0758426 0.0704661 0.0652066 0.0600931 0.0551515 0.0504042 0.0458702 0.0415651 0.0375008 0.0336858 0.0301251 0.0268207 0.0237717 0.0209745 0.0184231 0.0161095 0.0140243 0.0121564 0.0104941 0.00902491 0.00773608 0.00661499 0.0056493 0.00482729 0.00413808 0.00357183 0.0031199 0.00277506 0.00253153 0.00238535 
0.00269708 0.00274582 0.00290294 0.00317156 0.00355642 0.00406407 0.00470272 0.00548213 0.00641342 0.00750888 0.00878171 0.0102458 0.0119152 0.0138043 0.0159268 0.0182958 0.0209233 0.0238197 0.0269935 0.030451 0.0341954 0.0382274 0.042544 0.0471387 0.0520013 0.0571176 0.0624696 0.0680352 0.0737885 0.0797001 0.0857369 0.0918628 0.0980391 0.104225 0.110376 0.11645 0.1224 0.128182 0.13375 0.139061 0.14407 0.148739 0.153027 0.1569 0.160325 0.163273 0.16572 0.167643 0.169028 0.169863 0.17014 0.169856 0.169016 0.167625 0.165695 0.163244 0.160292 0.156864 0.152989 0.1487 0.144032 0.139024 0.133716 0.128152 0.122376 0.116432 0.110367 0.104224 0.0980485 0.0918827 0.0857679 0.0797425 0.0738425 0.0681006 0.0625461 0.0572047 0.0520982 0.0472445 0.0426576 0.0383475 0.0343208 0.0305801 0.027125 0.0239521 0.0210551 0.0184256 0.0160534 0.0139264 0.0120317 0.0103557 0.00888413 0.00760305 0.0064987 0.005558 0.00476877 0.00411998 0.00360196 0.00320657 0.00292733 0.00275978 
0.00310708 0.0031631 0.00334299 0.00365026 0.00409023 0.00467022 0.00539942 0.00628873 0.00735056 0.0085986 0.0100475 0.0117126 0.0136097 0.0157542 0.0181614 0.0208456 0.0238197 0.0270948 0.03068 0.0345814 0.0388023 0.0433424 0.0481979 0.0533608 0.0588188 0.0645557 0.0705504 0.0767778 0.0832087 0.0898096 0.0965435 0.10337 0.110246 0.117126 0.123961 0.130704 0.137304 0.143713 0.149879 0.155756 0.161296 0.166455 0.171191 0.175467 0.179245 0.182496 0.185193 0.187313 0.188839 0.189758 0.190062 0.189749 0.188822 0.187288 0.18516 0.182457 0.1792 0.175416 0.171137 0.166398 0.161238 0.155698 0.149824 0.143661 0.137258 0.130664 0.123929 0.117103 0.110234 0.103369 0.0965546 0.0898334 0.0832456 0.0768278 0.0706133 0.064631 0.0589059 0.0534587 0.0483055 0.0434585 0.0389253 0.0347099 0.0308124 0.0272295 0.023955 0.02098 0.0182934 0.0158823 0.0137325 0.0118291 0.0101565 0.00869924 0.00744203 0.00637036 0.00547067 0.00473068 0.00413958 0.00368828 0.00336954 0.00317836 
0.00356288 0.00362695 0.00383195 0.00418181 0.00468245 0.00534203 0.00617079 0.00718085 0.00838597 0.00980132 0.0114431 0.0133283 0.015474 0.0178975 0.0206152 0.0236426 0.0269935 0.03068 0.0347112 0.0390934 0.0438295 0.0489184 0.0543549 0.0601295 0.0662277 0.0726305 0.079314 0.0862496 0.0934042 0.10074 0.108217 0.115788 0.123407 0.131022 0.138582 0.146032 0.153318 0.160386 0.167182 0.173654 0.179751 0.185425 0.19063 0.195326 0.199475 0.203043 0.206001 0.208326 0.209998 0.211005 0.211338 0.210994 0.209976 0.208293 0.205959 0.202991 0.199415 0.19526 0.190558 0.185348 0.179672 0.173574 0.167103 0.16031 0.153246 0.145966 0.138524 0.130974 0.12337 0.115763 0.108205 0.100743 0.0934209 0.0862811 0.0793602 0.0726912 0.0663022 0.0602169 0.0544542 0.0490281 0.0439482 0.0392195 0.0348429 0.0308156 0.0271312 0.0237805 0.0207516 0.0180308 0.0156027 0.0134509 0.0115585 0.00990826 0.00848352 0.00726819 0.00624726 0.00540708 0.00473566 0.00422289 0.0038607 0.00364353 
0.00406663 0.00413956 0.0043721 0.00476861 0.00533566 0.00608231 0.00701989 0.00816182 0.0095233 0.011121 0.0129729 0.0150974 0.0175134 0.0202395 0.0232937 0.0266926 0.030451 0.0345814 0.0390934 0.0439931 0.0492829 0.0549608 0.06102 0.067449 0.0742309 0.081344 0.0887608 0.0964493 0.104372 0.112487 0.120749 0.129107 0.137509 0.145899 0.154219 0.162411 0.170416 0.178175 0.185629 0.192721 0.199398 0.205607 0.211301 0.216434 0.220966 0.224862 0.228091 0.230628 0.232452 0.23355 0.233912 0.233536 0.232425 0.230588 0.228039 0.224798 0.220892 0.21635 0.21121 0.20551 0.199296 0.192617 0.185524 0.178072 0.170317 0.162318 0.154133 0.145823 0.137444 0.129055 0.120711 0.112465 0.104366 0.0964593 0.0887875 0.0813871 0.07429 0.0675232 0.0611083 0.0550619 0.0493952 0.0441149 0.0392227 0.0347163 0.0305896 0.0268328 0.0234337 0.0203773 0.0176473 0.0152257 0.0130942 0.011234 0.00962676 0.00825477 0.00710151 0.00615192 0.00539274 0.00481276 0.00440307 0.00415751 
0.00462018 0.00470279 0.00496535 0.00541265 0.00605197 0.00689331 0.00794915 0.00923426 0.0107654 0.0125608 0.01464 0.0170233 0.0197312 0.0227839 0.0262007 0.0299993 0.0341954 0.0388023 0.0438295 0.0492829 0.0551643 0.0614703 0.0681926 0.0753174 0.0828253 0.090691 0.0988839 0.107367 0.1161 0.125035 0.134122 0.143306 0.152528 0.161727 0.170842 0.179808 0.18856 0.197036 0.205172 0.212907 0.220184 0.226946 0.233142 0.238726 0.243653 0.247887 0.251395 0.254149 0.256129 0.25732 0.257713 0.257304 0.256097 0.254101 0.251332 0.24781 0.243564 0.238625 0.233032 0.226827 0.220059 0.212778 0.205041 0.196905 0.188432 0.179684 0.170726 0.161621 0.152433 0.143224 0.134056 0.124985 0.116067 0.107353 0.0988879 0.0907136 0.0828661 0.0753758 0.0682674 0.0615603 0.0552678 0.0493982 0.0439544 0.0389349 0.0343335 0.0301406 0.0263431 0.0229253 0.0198696 0.0171568 0.0147668 0.0126794 0.0108745 0.00933264 0.0080358 0.00696741 0.00611288 0.00545987 0.00499855 0.00472213 
0.00522494 0.00531808 0.00561315 0.00611545 0.00683296 0.00777667 0.00896028 0.0104 0.012114 0.0141224 0.0164464 0.019108 0.0221294 0.0255323 0.0293374 0.0335636 0.0382274 0.0433424 0.0489184 0.0549608 0.0614703 0.0684424 0.0758666 0.0837268 0.0920005 0.100659 0.109668 0.118986 0.128567 0.13836 0.148309 0.158352 0.168428 0.178468 0.188406 0.198172 0.207697 0.216912 0.22575 0.234146 0.242038 0.249368 0.256079 0.262123 0.267454 0.272032 0.275824 0.2788 0.280939 0.282225 0.282648 0.282206 0.280901 0.278744 0.275751 0.271943 0.267349 0.262004 0.255948 0.249226 0.241889 0.233991 0.225591 0.216751 0.207538 0.198017 0.188257 0.178329 0.1683 0.158238 0.148211 0.13828 0.128505 0.118944 0.109646 0.100658 0.0920201 0.0837663 0.0759252 0.0685186 0.0615626 0.0550673 0.049037 0.0434708 0.0383633 0.0337045 0.0294809 0.0256762 0.0222713 0.0192458 0.0165781 0.0142462 0.0122284 0.0105035 0.00905179 0.00785515 0.00689763 0.0061657 0.00564858 0.00533881 
0.00588184 0.00598635 0.00631645 0.00687793 0.00767956 0.00873332 0.0100542 0.0116597 0.0135699 0.0158065 0.0183924 0.0213515 0.0247076 0.0284839 0.0327025 0.0373835 0.042544 0.0481979 0.0543549 0.06102 0.0681926 0.0758666 0.0840294 0.092662 0.101739 0.111227 0.121088 0.131277 0.141742 0.152426 0.163269 0.174203 0.18516 0.196067 0.206853 0.217441 0.227758 0.23773 0.247286 0.256357 0.264877 0.272782 0.280017 0.286528 0.292268 0.297195 0.301274 0.304474 0.306774 0.308156 0.30861 0.308134 0.306731 0.304411 0.30119 0.297093 0.292148 0.286392 0.279866 0.272619 0.264702 0.256175 0.247098 0.237539 0.227567 0.217253 0.20667 0.195894 0.184997 0.174054 0.163136 0.152313 0.141648 0.131205 0.121038 0.1112 0.101734 0.09268 0.084069 0.0759265 0.0682713 0.0611154 0.054465 0.0483202 0.0426759 0.0375225 0.0328459 0.0286291 0.024852 0.0214928 0.0185284 0.015935 0.0136892 0.0117681 0.0101503 0.00881599 0.00774786 0.00693114 0.00635406 0.00600846 
0.00659122 0.00670794 0.00707556 0.00770038 0.00859196 0.00976332 0.0112307 0.0130133 0.0151327 0.0176122 0.0204768 0.023752 0.0274633 0.0316356 0.0362921 0.0414538 0.0471387 0.0533608 0.0601295 0.067449 0.0753174 0.0837268 0.092662 0.102101 0.112015 0.122367 0.133113 0.144204 0.155583 0.167188 0.178951 0.190801 0.202663 0.214459 0.226111 0.237539 0.248663 0.259405 0.269689 0.279443 0.288597 0.297085 0.304847 0.311829 0.31798 0.323257 0.327623 0.331049 0.333509 0.334988 0.335473 0.334964 0.333462 0.330978 0.32753 0.323142 0.317844 0.311675 0.304676 0.296899 0.288398 0.279234 0.269472 0.259183 0.248439 0.237316 0.225894 0.21425 0.202464 0.190616 0.178783 0.167039 0.155455 0.144099 0.133032 0.12231 0.111984 0.102095 0.0926799 0.0837678 0.0753799 0.067531 0.0602288 0.0534749 0.0472648 0.0415892 0.0364338 0.0317808 0.0276092 0.0238959 0.0206162 0.0177448 0.0152563 0.0131262 0.0113312 0.00984997 0.00866374 0.00775645 0.00711529 0.00673142 
0.00735282 0.00748257 0.00789013 0.00858234 0.00956954 0.0108659 0.0124889 0.0144593 0.0168003 0.0195372 0.0226966 0.0263057 0.030392 0.0349815 0.0400988 0.045766 0.0520013 0.0588188 0.0662277 0.0742309 0.0828253 0.0920005 0.101739 0.112015 0.122796 0.13404 0.1457 0.157721 0.17004 0.182589 0.195295 0.208081 0.220866 0.233566 0.246098 0.258376 0.270316 0.281835 0.292854 0.303294 0.313084 0.322156 0.330446 0.337897 0.344458 0.350084 0.354737 0.358386 0.361007 0.362581 0.363098 0.362554 0.360954 0.358309 0.354635 0.349957 0.344308 0.337726 0.330255 0.321948 0.312861 0.303058 0.292607 0.281582 0.270059 0.258119 0.245844 0.23332 0.220629 0.207858 0.195089 0.182402 0.169875 0.15758 0.145586 0.133952 0.122735 0.111982 0.101732 0.09202 0.0828692 0.0742973 0.0663141 0.0589228 0.0521198 0.0458961 0.0402374 0.0351254 0.0305382 0.0264513 0.0228386 0.0196731 0.0169277 0.0145761 0.0125933 0.0109562 0.0096446 0.00864112 0.00793191 0.0075074 
0.00816564 0.00830923 0.00875906 0.00952254 0.0106108 0.0120391 0.0138264 0.0159949 0.0185695 0.0215773 0.0250466 0.0290067 0.0334862 0.038513 0.0441127 0.0503079 0.0571176 0.0645557 0.0726305 0.081344 0.090691 0.100659 0.111227 0.122367 0.13404 0.146202 0.1588 0.171772 0.185051 0.198562 0.212228 0.225964 0.239684 0.253298 0.266717 0.279851 0.292611 0.304909 0.316661 0.327787 0.338211 0.347862 0.356676 0.364592 0.371559 0.37753 0.382466 0.386336 0.389113 0.390782 0.391329 0.390753 0.389057 0.386251 0.382354 0.377392 0.371395 0.364405 0.356466 0.347633 0.337964 0.327525 0.316386 0.304625 0.292321 0.27956 0.266428 0.253014 0.239409 0.225702 0.211983 0.198337 0.184848 0.171594 0.158649 0.14608 0.133948 0.122304 0.111194 0.100655 0.0907141 0.0813923 0.0727019 0.0646474 0.0572266 0.0504311 0.0442466 0.0386543 0.0336315 0.0291528 0.0251904 0.0217158 0.0187001 0.0161152 0.0139343 0.0121329 0.0106889 0.00958387 0.00880279 0.00833536 
0.00902797 0.00918615 0.00968046 0.0105189 0.0117134 0.0132803 0.01524 0.0176161 0.0204354 0.0237267 0.0275201 0.0318466 0.0367364 0.0422186 0.0483201 0.0550641 0.0624696 0.0705504 0.079314 0.0887608 0.0988839 0.109668 0.121088 0.133113 0.1457 0.1588 0.172353 0.186293 0.200546 0.215033 0.229668 0.244363 0.259023 0.273555 0.287863 0.301853 0.315429 0.328501 0.340982 0.352787 0.363837 0.37406 0.383389 0.391763 0.399127 0.405436 0.41065 0.414735 0.417667 0.419427 0.420005 0.419397 0.417606 0.414645 0.41053 0.405288 0.398952 0.391561 0.383163 0.373812 0.363568 0.3525 0.34068 0.328188 0.315108 0.301527 0.287538 0.273234 0.25871 0.244061 0.229383 0.214767 0.200304 0.186076 0.172165 0.158642 0.145574 0.133019 0.121027 0.109637 0.0988838 0.0887891 0.0793682 0.0706279 0.0625673 0.0551785 0.0484477 0.0423559 0.0368795 0.0319921 0.0276646 0.0238669 0.0205685 0.0177393 0.015351 0.0133771 0.0117943 0.0105826 0.00972602 0.00921353 
0.0099373 0.0101108 0.0106516 0.0115683 0.0128738 0.0145854 0.0167248 0.0193175 0.0223916 0.0259778 0.0301081 0.0348149 0.0401301 0.0460841 0.0527045 0.0600151 0.0680352 0.0767778 0.0862496 0.0964493 0.107367 0.118986 0.131277 0.144204 0.157721 0.171772 0.186293 0.201211 0.216448 0.231916 0.247526 0.26318 0.278781 0.294228 0.309421 0.324258 0.338644 0.352481 0.365678 0.37815 0.389815 0.400598 0.41043 0.419249 0.427001 0.433638 0.43912 0.443414 0.446495 0.448344 0.448951 0.448312 0.446431 0.443319 0.438993 0.433481 0.426814 0.419034 0.410188 0.400331 0.389526 0.377841 0.365351 0.352139 0.338292 0.3239 0.30906 0.29387 0.278429 0.262839 0.2472 0.23161 0.216165 0.200955 0.186066 0.171577 0.157559 0.144077 0.131185 0.118928 0.107342 0.0964554 0.0862848 0.0768393 0.0681197 0.0601192 0.0528243 0.0462158 0.0402698 0.0349588 0.0302524 0.026119 0.0225264 0.019443 0.0168384 0.0146848 0.0129571 0.0116342 0.0106989 0.0101394 
0.0108903 0.0110797 0.0116689 0.0126669 0.0140876 0.0159493 0.0182752 0.0210921 0.02443 0.0283213 0.0327995 0.0378988 0.0436526 0.0500921 0.057246 0.0651385 0.0737885 0.0832087 0.0934042 0.104372 0.1161 0.128567 0.141742 0.155583 0.17004 0.185051 0.200546 0.216448 0.23267 0.249121 0.265702 0.282312 0.298846 0.315199 0.331265 0.34694 0.362119 0.376706 0.390605 0.403728 0.41599 0.427315 0.437634 0.446884 0.455009 0.461962 0.467703 0.472198 0.475422 0.477357 0.477992 0.477323 0.475355 0.472098 0.467571 0.461798 0.454814 0.446658 0.43738 0.427033 0.415682 0.403397 0.390255 0.376339 0.361739 0.34655 0.330871 0.314805 0.298457 0.281932 0.265336 0.248774 0.232346 0.216151 0.200279 0.184817 0.169841 0.155421 0.141617 0.128479 0.116048 0.104354 0.0934185 0.0832524 0.0738583 0.0652306 0.0573566 0.050217 0.0437876 0.0380399 0.0329426 0.0284625 0.0245659 0.0212193 0.0183909 0.016051 0.0141731 0.0127347 0.0117177 0.0111094 
0.0118828 0.0120887 0.0127278 0.0138099 0.0153494 0.0173659 0.0198839 0.0229318 0.0265411 0.0307459 0.0355815 0.0410834 0.0472863 0.0542228 0.0619219 0.0704081 0.0797001 0.0898096 0.10074 0.112487 0.125035 0.13836 0.152426 0.167188 0.182589 0.198562 0.215033 0.231916 0.249121 0.266547 0.284091 0.301646 0.319101 0.336346 0.353269 0.369761 0.385716 0.401032 0.415611 0.429363 0.442202 0.45405 0.464837 0.474499 0.482981 0.490235 0.496222 0.500907 0.504267 0.506284 0.506946 0.50625 0.504199 0.500805 0.496085 0.490066 0.482778 0.474264 0.464571 0.453755 0.441879 0.429014 0.41524 0.400641 0.385309 0.369342 0.352843 0.335918 0.318676 0.301228 0.283686 0.266159 0.248756 0.231579 0.214726 0.198289 0.182352 0.16699 0.152268 0.138241 0.124955 0.112444 0.100732 0.0898339 0.0797534 0.0704868 0.0620217 0.0543395 0.0474155 0.0412206 0.0357224 0.0308864 0.0266773 0.0230601 0.0200012 0.0174694 0.0154368 0.0138794 0.012778 0.0121195 
0.0129098 0.0131327 0.0138231 0.0149913 0.0166527 0.0188279 0.0215426 0.0248268 0.0287137 0.0332387 0.038439 0.0443513 0.0510117 0.0584535 0.0667063 0.0757947 0.0857369 0.0965435 0.108217 0.120749 0.134122 0.148309 0.163269 0.178951 0.195295 0.212228 0.229668 0.247526 0.265702 0.284091 0.302584 0.321067 0.339425 0.35754 0.375297 0.392584 0.40929 0.42531 0.440544 0.4549 0.46829 0.480637 0.491868 0.501922 0.510742 0.518281 0.5245 0.529365 0.532854 0.534946 0.535634 0.534912 0.532784 0.529261 0.524361 0.518108 0.510535 0.501681 0.491594 0.480331 0.467954 0.454536 0.440155 0.424898 0.408859 0.392139 0.374842 0.357079 0.338964 0.320613 0.302141 0.283664 0.265297 0.247148 0.229321 0.211915 0.19502 0.178716 0.163075 0.148157 0.134012 0.120679 0.108185 0.096547 0.0857725 0.0758586 0.0667942 0.0585608 0.0511339 0.0444836 0.0385768 0.0333776 0.0288494 0.0249556 0.021661 0.0189328 0.0167416 0.0150623 0.0138746 0.0131644 
0.0139656 0.0142058 0.0149485 0.0162046 0.0179901 0.0203268 0.0232418 0.0267663 0.0309351 0.0357853 0.0413553 0.0476834 0.0548066 0.0627591 0.0715708 0.0812662 0.0918628 0.10337 0.115788 0.129107 0.143306 0.158352 0.174203 0.190801 0.208081 0.225964 0.244363 0.26318 0.282312 0.301646 0.321067 0.340456 0.359691 0.378651 0.397216 0.415268 0.432696 0.44939 0.46525 0.48018 0.494094 0.506912 0.518564 0.528985 0.538122 0.545928 0.552363 0.557397 0.561004 0.563169 0.56388 0.563134 0.560935 0.557292 0.552224 0.545753 0.537912 0.52874 0.518284 0.506599 0.493748 0.479804 0.464845 0.44896 0.432244 0.414799 0.396733 0.378161 0.359198 0.339967 0.320587 0.301181 0.281868 0.262762 0.243975 0.225612 0.207767 0.190529 0.173974 0.158167 0.143165 0.129009 0.115731 0.103352 0.0918795 0.0813141 0.0716455 0.062856 0.0549208 0.0478099 0.0414891 0.0359217 0.0310697 0.0268949 0.0233606 0.0204327 0.0180801 0.0162767 0.015001 0.0142384 
0.0150436 0.0153013 0.0160971 0.0174421 0.0193532 0.0218534 0.0249708 0.0287381 0.0331914 0.0383695 0.0443121 0.0510587 0.0586472 0.0671125 0.0764847 0.086788 0.0980391 0.110246 0.123407 0.137509 0.152528 0.168428 0.18516 0.202663 0.220866 0.239684 0.259023 0.278781 0.298846 0.319101 0.339425 0.359691 0.379774 0.399547 0.418887 0.437673 0.455789 0.473124 0.489576 0.505049 0.519456 0.532716 0.544759 0.555524 0.564955 0.573008 0.579644 0.584832 0.58855 0.59078 0.591513 0.590746 0.588481 0.584728 0.579505 0.572834 0.564745 0.555278 0.544477 0.532398 0.519104 0.504664 0.48916 0.47268 0.45532 0.437183 0.418381 0.39903 0.379252 0.35917 0.33891 0.3186 0.298364 0.278324 0.258597 0.239293 0.220514 0.202354 0.184895 0.168209 0.152356 0.137382 0.123324 0.110205 0.0980358 0.0868189 0.0765452 0.0671979 0.0587523 0.0511783 0.0444411 0.0385028 0.0333242 0.0288659 0.0250896 0.0219598 0.0194441 0.0175151 0.0161505 0.0153348 
0.0161365 0.0164119 0.017261 0.0186954 0.0207329 0.0233973 0.0267179 0.0307288 0.0354675 0.040974 0.0472895 0.0544544 0.0625076 0.0714844 0.081415 0.0923232 0.104225 0.117126 0.131022 0.145899 0.161727 0.178468 0.196067 0.214459 0.233566 0.253298 0.273555 0.294228 0.315199 0.336346 0.35754 0.378651 0.399547 0.420099 0.440178 0.45966 0.478427 0.496367 0.513376 0.529357 0.544223 0.557894 0.5703 0.581381 0.591083 0.599362 0.606181 0.611511 0.615329 0.617619 0.618373 0.617586 0.615261 0.611409 0.606044 0.59919 0.590875 0.581136 0.570018 0.557575 0.543867 0.528967 0.512952 0.495912 0.477944 0.459153 0.439651 0.419558 0.398998 0.3781 0.356993 0.33581 0.314681 0.293734 0.273091 0.252869 0.233177 0.214113 0.195767 0.178216 0.161524 0.145743 0.130913 0.117061 0.104201 0.0923362 0.0814606 0.0715575 0.0626029 0.0545665 0.0474128 0.0411034 0.0355978 0.0308553 0.0268363 0.0235038 0.0208243 0.0187692 0.0173151 0.0164461 
0.0172363 0.0175295 0.0184319 0.0199556 0.0221192 0.0249474 0.0284706 0.0327242 0.037747 0.0435803 0.0502662 0.0578465 0.0663606 0.0758441 0.0863273 0.0978331 0.110376 0.123961 0.138582 0.154219 0.170842 0.188406 0.206853 0.226111 0.246098 0.266717 0.287863 0.309421 0.331265 0.353269 0.375297 0.397216 0.418887 0.440178 0.460956 0.481094 0.500474 0.51898 0.536507 0.552959 0.568249 0.582298 0.595037 0.606407 0.616355 0.62484 0.631825 0.637282 0.64119 0.643535 0.644307 0.643502 0.641125 0.637183 0.631692 0.624672 0.616151 0.606166 0.594758 0.581981 0.567894 0.552567 0.536078 0.518517 0.49998 0.480574 0.460412 0.439617 0.418314 0.396638 0.374721 0.352701 0.330714 0.308891 0.287363 0.266252 0.245672 0.225729 0.206518 0.18812 0.170607 0.154034 0.138446 0.123872 0.110331 0.0978277 0.0863572 0.0759042 0.0664454 0.0579504 0.0503834 0.0437052 0.0378743 0.0328488 0.0285881 0.0250536 0.0222108 0.0200298 0.0184866 0.0175643 
0.0183347 0.0186455 0.0196007 0.021213 0.0235015 0.0264918 0.0302156 0.0347092 0.0400127 0.0461687 0.0532202 0.06121 0.0701778 0.0801597 0.0911856 0.103278 0.11645 0.130704 0.146032 0.162411 0.179808 0.198172 0.217441 0.237539 0.258376 0.279851 0.301853 0.324258 0.34694 0.369761 0.392584 0.415268 0.437673 0.45966 0.481094 0.501848 0.521797 0.540828 0.558834 0.57572 0.591398 0.605792 0.618833 0.630464 0.640634 0.649302 0.656435 0.662006 0.665995 0.668388 0.669176 0.668357 0.665933 0.661912 0.656307 0.64914 0.640436 0.630228 0.61856 0.605479 0.591046 0.575329 0.558404 0.540361 0.521296 0.501316 0.480537 0.459082 0.43708 0.414667 0.391981 0.369164 0.346356 0.323696 0.301318 0.27935 0.257914 0.237121 0.217072 0.197853 0.179541 0.162197 0.145869 0.130591 0.116383 0.103254 0.0911994 0.0802063 0.0702516 0.061305 0.0533306 0.0462886 0.0401365 0.0348316 0.0303317 0.0265975 0.023593 0.0212874 0.0196558 0.0186808 
0.0194226 0.0197508 0.0207579 0.0224573 0.0248686 0.0280183 0.031939 0.0366681 0.042247 0.0487191 0.0561286 0.0645187 0.07393 0.0843983 0.0959534 0.108617 0.1224 0.137304 0.153318 0.170416 0.18856 0.207697 0.227758 0.248663 0.270316 0.292611 0.315429 0.338644 0.362119 0.385716 0.40929 0.432696 0.455789 0.478427 0.500474 0.521797 0.542273 0.561787 0.580232 0.597513 0.613544 0.628248 0.641561 0.653424 0.663791 0.672623 0.679886 0.685558 0.689617 0.692053 0.692855 0.692023 0.689559 0.685468 0.679765 0.672468 0.663601 0.653197 0.641295 0.627943 0.613197 0.597126 0.579804 0.561319 0.541768 0.521258 0.499906 0.477835 0.455178 0.432073 0.408663 0.385093 0.361507 0.33805 0.314862 0.292076 0.269821 0.248212 0.227356 0.207346 0.188263 0.170174 0.153129 0.137167 0.122312 0.108574 0.0959509 0.0844311 0.0739923 0.0646045 0.0562317 0.0488335 0.0423668 0.0367878 0.0320534 0.028123 0.0249597 0.0225318 0.0208134 0.0197866 
0.0204909 0.020836 0.0218938 0.0236781 0.0262091 0.029514 0.0336264 0.0385848 0.0444314 0.0512107 0.0589678 0.0677464 0.0775874 0.0885268 0.100594 0.113809 0.128182 0.143713 0.160386 0.178175 0.197036 0.216912 0.23773 0.259405 0.281835 0.304909 0.328501 0.352481 0.376706 0.401032 0.42531 0.44939 0.473124 0.496367 0.51898 0.540828 0.561787 0.581741 0.600585 0.618223 0.63457 0.649552 0.663105 0.675174 0.685715 0.694689 0.702066 0.707824 0.711945 0.714417 0.715233 0.71439 0.711891 0.707741 0.701953 0.694543 0.685535 0.674958 0.66285 0.649256 0.634232 0.617842 0.600161 0.581276 0.561281 0.540285 0.518404 0.495764 0.472499 0.44875 0.424662 0.400385 0.376067 0.351859 0.327904 0.304343 0.281308 0.258922 0.237297 0.216531 0.19671 0.177904 0.160171 0.143552 0.128073 0.113747 0.100575 0.0885457 0.0776382 0.0678228 0.0590635 0.0513194 0.044547 0.0387015 0.0337389 0.0296176 0.0262996 0.0237524 0.0219494 0.0208722 
0.02153 0.0218915 0.0229983 0.0248646 0.0275112 0.030966 0.0352634 0.0404429 0.0465476 0.0536228 0.0617143 0.0708665 0.0811203 0.0925117 0.105069 0.118812 0.13375 0.149879 0.167182 0.185629 0.205172 0.22575 0.247286 0.269689 0.292854 0.316661 0.340982 0.365678 0.390605 0.415611 0.440544 0.46525 0.489576 0.513376 0.536507 0.558834 0.580232 0.600585 0.619787 0.637744 0.654372 0.6696 0.683364 0.695613 0.706304 0.715401 0.722876 0.728708 0.732882 0.735385 0.736212 0.735361 0.732832 0.728632 0.722771 0.715265 0.706135 0.695408 0.683121 0.669315 0.654045 0.637372 0.61937 0.600124 0.579729 0.558291 0.535927 0.512765 0.48894 0.464595 0.439879 0.414943 0.389943 0.365031 0.340357 0.316066 0.292297 0.269176 0.246823 0.22534 0.204817 0.185332 0.166943 0.149695 0.13362 0.118732 0.105034 0.0925168 0.0811595 0.0709333 0.0618024 0.0537256 0.0466587 0.0405564 0.0353737 0.0310682 0.027601 0.0249386 0.0230539 0.0219279 
0.0225303 0.0229075 0.0240613 0.026006 0.0287631 0.0323612 0.0368355 0.0422261 0.048577 0.0559344 0.0643447 0.0738526 0.0844993 0.0963204 0.109344 0.123588 0.139061 0.155756 0.173654 0.192721 0.212907 0.234146 0.256357 0.279443 0.303294 0.327787 0.352787 0.37815 0.403728 0.429363 0.4549 0.48018 0.505049 0.529357 0.552959 0.57572 0.597513 0.618223 0.637744 0.655983 0.672859 0.688301 0.702249 0.714653 0.725472 0.734674 0.742232 0.748127 0.752344 0.754874 0.755711 0.754852 0.752299 0.748058 0.742136 0.734549 0.725316 0.714461 0.702019 0.68803 0.672544 0.655622 0.637337 0.617769 0.597014 0.575178 0.552378 0.528741 0.504405 0.479514 0.454219 0.428677 0.403044 0.377479 0.352136 0.327166 0.30271 0.278902 0.255865 0.233708 0.212526 0.192399 0.17339 0.15555 0.13891 0.12349 0.109293 0.0963119 0.084527 0.07391 0.0644252 0.0560312 0.0486836 0.0423362 0.0369434 0.0324619 0.028852 0.0260796 0.0241168 0.0229442 
0.0234824 0.0238745 0.0250726 0.0270916 0.0299533 0.0336868 0.0383281 0.0439182 0.0505016 0.0581253 0.0668361 0.0766791 0.0876956 0.0999208 0.113382 0.128097 0.14407 0.161296 0.179751 0.199398 0.220184 0.242038 0.264877 0.288597 0.313084 0.338211 0.363837 0.389815 0.41599 0.442202 0.46829 0.494094 0.519456 0.544223 0.568249 0.591398 0.613544 0.63457 0.654372 0.672859 0.689951 0.705578 0.719683 0.732219 0.743147 0.752436 0.760063 0.766009 0.770263 0.772815 0.77366 0.772795 0.770223 0.765948 0.759977 0.752323 0.743003 0.732041 0.719467 0.70532 0.689649 0.672511 0.653976 0.634125 0.613051 0.59086 0.567668 0.543604 0.518805 0.493418 0.467597 0.4415 0.415289 0.389124 0.363164 0.337565 0.312475 0.28803 0.264359 0.241575 0.219778 0.199051 0.179465 0.161069 0.143901 0.127981 0.113316 0.0998993 0.0877122 0.0767273 0.066909 0.0582161 0.0506036 0.0440249 0.0384336 0.0337858 0.0300412 0.0271647 0.025128 0.0239114 
