7.24079e-06 7.48523e-06 8.48517e-06 1.03146e-05 1.30997e-05 1.70251e-05 2.2339e-05 2.93595e-05 3.8482e-05 5.01869e-05 6.50469e-05 8.37349e-05 0.00010703 0.000135821 0.000171109 0.000214007 0.000265732 0.000327594 0.000400984 0.000487347 0.00058816 0.000704891 0.000838964 0.000991711 0.00116432 0.0013578 0.00157287 0.00181 0.00206927 0.00235035 0.00265249 0.00297445 0.00331449 0.00367039 0.00403941 0.00441833 0.0048035 0.0051909 0.00557614 0.00595464 0.00632162 0.00667226 0.00700177 0.00730552 0.00757911 0.00781849 0.00802007 0.00818077 0.00829812 0.00837029 0.00839616 0.00837533 0.00830815 0.00819569 0.00803971 0.00784264 0.0076075 0.00733787 0.00703774 0.00671147 0.00636367 0.00599909 0.00562256 0.00523882 0.00485247 0.00446788 0.00408911 0.0037198 0.0033632 0.00302207 0.00269868 0.0023948 0.00211171 0.00185022 0.00161069 0.00139308 0.00119699 0.00102172 0.000866327 0.000729647 0.000610383 0.000507142 0.000418477 0.000342933 0.000279075 0.000225522 0.000180967 0.000144191 0.000114078 8.96197e-05 6.99172e-05 5.41799e-05 4.17223e-05 3.19576e-05 2.43917e-05 1.8615e-05 1.42951e-05 1.11702e-05 9.04194e-06 7.77334e-06 
7.48523e-06 7.73939e-06 8.77631e-06 1.06728e-05 1.35599e-05 1.76291e-05 2.31382e-05 3.04172e-05 3.98765e-05 5.20144e-05 6.74251e-05 8.68067e-05 0.000110967 0.000140828 0.000177427 0.000221918 0.00027556 0.000339712 0.000415812 0.000505358 0.000609873 0.000730878 0.000869841 0.00102814 0.00120699 0.00140743 0.00163021 0.0018758 0.00214426 0.00243525 0.00274799 0.00308119 0.00343303 0.00380121 0.00418289 0.00457474 0.00497299 0.00537346 0.00577166 0.0061628 0.00654199 0.00690425 0.00724462 0.00755834 0.00784088 0.00808806 0.00829619 0.00846208 0.0085832 0.00865766 0.00868432 0.00866276 0.00859334 0.00847715 0.00831603 0.00811247 0.00786959 0.00759106 0.00728101 0.00694392 0.00658456 0.00620782 0.00581868 0.00542204 0.00502265 0.00462502 0.00423334 0.00385139 0.00348253 0.00312961 0.00279499 0.0024805 0.00218749 0.00191678 0.00166877 0.00144343 0.00124034 0.00105879 0.000897805 0.000756191 0.000632608 0.000525618 0.000433727 0.000355427 0.000289236 0.000233725 0.000187539 0.000149416 0.000118202 9.28494e-05 7.24275e-05 5.61168e-05 4.32063e-05 3.30877e-05 2.52484e-05 1.92638e-05 1.47891e-05 1.15526e-05 9.34892e-06 8.03573e-06 
8.48517e-06 8.77631e-06 9.95257e-06 1.21006e-05 1.53679e-05 1.99699e-05 2.61963e-05 3.44177e-05 4.50943e-05 5.87843e-05 7.61528e-05 9.79799e-05 0.000125167 0.000158742 0.000199859 0.000249799 0.00030996 0.000381845 0.000467044 0.000567206 0.000684007 0.000819114 0.000974132 0.00115056 0.00134971 0.0015727 0.00182034 0.00209306 0.00239094 0.00271355 0.00305997 0.00342874 0.00381784 0.00422469 0.00464614 0.00507851 0.00551763 0.00595891 0.0063974 0.00682787 0.00724494 0.00764318 0.00801718 0.00836173 0.0086719 0.00894315 0.00917144 0.00935334 0.00948606 0.00956759 0.00959665 0.00957282 0.00949649 0.00936884 0.00919186 0.00896828 0.00870148 0.00839547 0.00805473 0.00768417 0.00728897 0.00687449 0.00644616 0.00600935 0.00556928 0.00513089 0.00469878 0.00427714 0.00386967 0.00347953 0.00310935 0.00276119 0.00243655 0.00213639 0.00186117 0.0016109 0.00138517 0.00118321 0.00100398 0.000846187 0.00070837 0.000588959 0.000486314 0.000398782 0.000324727 0.000262571 0.000210816 0.000168065 0.000133034 0.000104561 8.16097e-05 6.32663e-05 4.87374e-05 3.73436e-05 2.85114e-05 2.17653e-05 1.67194e-05 1.30688e-05 1.05832e-05 9.10296e-06 
1.03146e-05 1.06728e-05 1.21006e-05 1.47019e-05 1.86535e-05 2.4213e-05 3.17263e-05 4.16353e-05 5.44879e-05 7.09472e-05 9.18022e-05 0.000117976 0.000150533 0.000190684 0.000239787 0.000299342 0.000370985 0.000456467 0.000557636 0.000676402 0.0008147 0.000974442 0.00115746 0.00136546 0.00159993 0.00186209 0.00215281 0.00247256 0.00282133 0.00319855 0.0036031 0.0040332 0.00448646 0.00495983 0.00544963 0.00595156 0.00646079 0.00697201 0.0074795 0.00797727 0.00845914 0.00891888 0.00935031 0.0097475 0.0101048 0.0104171 0.0106798 0.010889 0.0110415 0.0111351 0.0111682 0.0111405 0.0110524 0.0109052 0.0107011 0.0104434 0.0101358 0.00978284 0.0093897 0.00896194 0.00850547 0.00802644 0.00753104 0.00702544 0.00651563 0.00600731 0.00550581 0.00501596 0.00454208 0.00408787 0.00365641 0.00325014 0.00287086 0.00251976 0.00219744 0.00190396 0.00163892 0.00140148 0.00119049 0.00100449 0.00084182 0.000700691 0.000579217 0.00047549 0.000387619 0.00031377 0.0002522 0.000201275 0.000159494 0.000125492 9.80503e-05 7.60918e-05 5.86795e-05 4.50092e-05 3.44015e-05 2.62917e-05 2.02209e-05 1.58265e-05 1.28339e-05 1.10532e-05 
1.30997e-05 1.35599e-05 1.53679e-05 1.86535e-05 2.36368e-05 3.06386e-05 4.00879e-05 5.25327e-05 6.86505e-05 8.92599e-05 0.000115332 0.000148002 0.000188573 0.000238524 0.000299511 0.000373356 0.000462039 0.000567673 0.000692479 0.000838743 0.00100877 0.00120483 0.00142908 0.0016835 0.00196983 0.00228943 0.00264328 0.00303184 0.00345497 0.00391193 0.00440123 0.00492067 0.00546729 0.00603736 0.0066264 0.00722926 0.00784013 0.00845265 0.00906002 0.00965512 0.0102306 0.0107792 0.0112935 0.0117667 0.012192 0.0125634 0.0128757 0.0131241 0.0133051 0.013416 0.013455 0.0134217 0.0133166 0.0131412 0.0128981 0.0125911 0.0122247 0.011804 0.0113353 0.0108249 0.01028 0.0097076 0.00911519 0.00851002 0.0078992 0.00728952 0.00668733 0.00609844 0.00552804 0.0049806 0.0044599 0.00396891 0.00350991 0.00308438 0.00269316 0.00233641 0.00201374 0.00172424 0.00146657 0.00123907 0.00103979 0.00086663 0.000717348 0.000589674 0.000481346 0.000390162 0.000314019 0.000250945 0.000199116 0.000156874 0.00012273 9.53696e-05 7.36428e-05 5.65621e-05 4.32909e-05 3.31331e-05 2.55217e-05 2.00082e-05 1.62527e-05 1.40196e-05 
1.70251e-05 1.76291e-05 1.99699e-05 2.4213e-05 3.06386e-05 3.96538e-05 5.18032e-05 6.77801e-05 8.84401e-05 0.000114815 0.000148126 0.000189795 0.000241453 0.000304945 0.000382327 0.000475858 0.000587982 0.0007213 0.000878531 0.00106247 0.0012759 0.00152157 0.00180206 0.00211972 0.00247659 0.00287424 0.00331373 0.00379551 0.00431928 0.00488398 0.00548768 0.00612756 0.00679989 0.00750002 0.00822242 0.00896074 0.00970787 0.0104561 0.0111971 0.0119223 0.0126229 0.0132901 0.013915 0.0144894 0.0150053 0.0154556 0.0158338 0.0161345 0.0163534 0.0164872 0.0165341 0.0164933 0.0163654 0.0161525 0.0158575 0.0154849 0.0150399 0.0145291 0.0139594 0.0133389 0.0126757 0.0119787 0.0112565 0.0105181 0.00977197 0.00902639 0.00828907 0.00756713 0.00686692 0.00619398 0.00555298 0.00494769 0.00438097 0.00385478 0.00337025 0.00292771 0.00252679 0.0021665 0.00184529 0.00156122 0.00131198 0.00109503 0.000907694 0.000747203 0.000610804 0.000495799 0.000399607 0.000319793 0.000254102 0.000200476 0.000157063 0.000122219 9.4509e-05 7.26928e-05 5.57191e-05 4.27112e-05 3.29538e-05 2.58802e-05 2.10606e-05 1.81969e-05 
2.2339e-05 2.31382e-05 2.61963e-05 3.17263e-05 4.00879e-05 5.18032e-05 6.75687e-05 8.82699e-05 0.000114997 0.000149063 0.000192015 0.000245653 0.000312035 0.000393482 0.000492571 0.000612126 0.000755191 0.000924992 0.00112489 0.00135831 0.00162868 0.00193933 0.00229336 0.0026936 0.00314243 0.00364167 0.00419249 0.00479525 0.00544944 0.00615358 0.00690512 0.00770042 0.00853476 0.00940229 0.0102961 0.0112083 0.0121302 0.0130522 0.0139643 0.0148559 0.0157162 0.0165347 0.0173006 0.018004 0.0186353 0.0191858 0.0196479 0.0200151 0.0202821 0.0204451 0.0205018 0.0204514 0.0202947 0.0200339 0.0196729 0.0192167 0.0186718 0.018046 0.0173478 0.0165867 0.0157727 0.0149163 0.0140283 0.0131193 0.0121998 0.01128 0.0103692 0.0094762 0.00860894 0.00777429 0.00697811 0.00622515 0.00551908 0.00486249 0.00425691 0.00370292 0.00320021 0.00274769 0.00234359 0.00198561 0.00167098 0.00139666 0.00115938 0.000955756 0.000782407 0.000636003 0.000513342 0.000411398 0.000327355 0.000258636 0.000202915 0.000158124 0.000122448 9.43194e-05 7.24042e-05 5.55881e-05 4.29605e-05 3.37988e-05 2.75543e-05 2.38466e-05 
2.93595e-05 3.04172e-05 3.44177e-05 4.16353e-05 5.25327e-05 6.77801e-05 8.82699e-05 0.000115135 0.000149767 0.000193836 0.000249311 0.000318471 0.000403917 0.000508571 0.000635674 0.000788757 0.000971619 0.00118827 0.00144286 0.00173961 0.00208273 0.00247624 0.00292391 0.00342911 0.00399464 0.00462257 0.00531418 0.0060697 0.00688831 0.00776793 0.00870524 0.00969555 0.0107328 0.0118098 0.0129177 0.0140469 0.0151865 0.0163248 0.0174493 0.0185474 0.0196059 0.0206118 0.0215523 0.0224152 0.023189 0.0238634 0.024429 0.0248781 0.0252044 0.0254034 0.0254722 0.0254099 0.0252175 0.0248977 0.024455 0.0238956 0.0232273 0.0224593 0.021602 0.0206667 0.0196658 0.0186118 0.0175179 0.0163969 0.0152617 0.0141247 0.0129975 0.0118909 0.0108147 0.00977754 0.00878669 0.00784823 0.00696686 0.00614595 0.00538762 0.00469277 0.00406119 0.00349172 0.00298234 0.00253033 0.0021324 0.00178486 0.00148373 0.00122488 0.00100415 0.000817413 0.000660703 0.000530244 0.000422519 0.000334293 0.000262642 0.000204956 0.000158939 0.000122605 9.42573e-05 7.24785e-05 5.61066e-05 4.42188e-05 3.61134e-05 3.13035e-05 
3.8482e-05 3.98765e-05 4.50943e-05 5.44879e-05 6.86505e-05 8.84401e-05 0.000114997 0.000149767 0.00019452 0.000251379 0.000322838 0.000411777 0.000521473 0.000655599 0.000818213 0.00101373 0.00124686 0.00152257 0.001846 0.00222233 0.00265666 0.00315391 0.00371859 0.00435469 0.00506549 0.00585336 0.0067196 0.00766428 0.00868609 0.00978225 0.0109484 0.0121785 0.0134649 0.0147985 0.0161685 0.0175628 0.0189679 0.0203697 0.0217529 0.023102 0.0244009 0.0256341 0.026786 0.0278419 0.0287881 0.0296121 0.0303027 0.0308507 0.0312485 0.0314908 0.0315741 0.0314975 0.0312619 0.0308707 0.0303293 0.0296451 0.0288275 0.0278875 0.0268376 0.0256914 0.0244637 0.0231698 0.0218255 0.0204465 0.0190485 0.0176466 0.0162549 0.0148869 0.0135547 0.0122689 0.0110387 0.00987184 0.00877425 0.00775034 0.00680297 0.00593348 0.00514187 0.00442692 0.00378634 0.00321695 0.00271484 0.00227557 0.00189432 0.00156605 0.00128565 0.00104805 0.000848313 0.000681767 0.000544019 0.000431024 0.000339113 0.000265001 0.000205792 0.000158974 0.000122398 9.42624e-05 7.30892e-05 5.77027e-05 4.72078e-05 4.09833e-05 
5.01869e-05 5.20144e-05 5.87843e-05 7.09472e-05 8.92599e-05 0.000114815 0.000149063 0.000193836 0.000251379 0.000324374 0.000415963 0.000529767 0.000669897 0.000840943 0.00104796 0.00129643 0.00159218 0.00194134 0.0023502 0.00282509 0.00337219 0.00399742 0.00470618 0.00550317 0.00639218 0.00737584 0.00845547 0.00963082 0.0109 0.0122592 0.0137028 0.0152232 0.0168107 0.0184538 0.0201394 0.0218523 0.0235763 0.0252938 0.0269865 0.0286354 0.0302214 0.0317255 0.0331291 0.0344147 0.0355658 0.0365673 0.0374063 0.0380715 0.0385541 0.0388476 0.0389481 0.0388543 0.0385675 0.0380915 0.037433 0.0366006 0.0356055 0.0344609 0.0331816 0.0317841 0.030286 0.0287056 0.027062 0.0253743 0.0236613 0.0219413 0.0202318 0.018549 0.016908 0.0153218 0.0138021 0.0123583 0.0109981 0.00972718 0.00854937 0.00746662 0.00647923 0.00558596 0.00478426 0.00407045 0.00343993 0.00288739 0.00240702 0.00199271 0.00163822 0.00133733 0.00108399 0.000872388 0.000697096 0.000553075 0.000435742 0.000340985 0.00026517 0.000205135 0.00015817 0.000121998 9.47485e-05 7.493e-05 6.14071e-05 5.33906e-05 
6.50469e-05 6.74251e-05 7.61528e-05 9.18022e-05 0.000115332 0.000148126 0.000192015 0.000249311 0.000322838 0.000415963 0.000532621 0.000677337 0.00085523 0.001072 0.00133391 0.00164771 0.00202057 0.00245999 0.00297363 0.00356914 0.00425399 0.00503524 0.00591927 0.00691158 0.00801648 0.00923687 0.010574 0.0120271 0.0135935 0.0152682 0.0170439 0.018911 0.0208574 0.0228689 0.0249292 0.02702 0.0291214 0.0312121 0.03327 0.0352722 0.0371959 0.0390183 0.0407174 0.0422722 0.0436631 0.0448725 0.0458849 0.0466871 0.0472686 0.0476219 0.0477424 0.0476284 0.0472815 0.0467065 0.0459108 0.0449049 0.043702 0.0423176 0.0407693 0.0390767 0.0372607 0.0353432 0.0333469 0.0312948 0.0292094 0.0271129 0.0250264 0.0229699 0.0209613 0.0190172 0.0171515 0.0153764 0.0137014 0.0121338 0.0106787 0.00933877 0.00811481 0.00700565 0.00600851 0.00511918 0.00433227 0.00364151 0.00303996 0.00252025 0.00207483 0.00169613 0.00137674 0.00110955 0.000887838 0.000705387 0.000556511 0.000436096 0.000339609 0.000263094 0.000203156 0.000156936 0.000122079 9.67073e-05 7.93884e-05 6.91262e-05 
8.37349e-05 8.68067e-05 9.79799e-05 0.000117976 0.000148002 0.000189795 0.000245653 0.000318471 0.000411777 0.000529767 0.000677337 0.000860098 0.00108438 0.00135721 0.00168628 0.00207986 0.0025467 0.00309589 0.00373669 0.00447829 0.00532962 0.00629902 0.00739398 0.00862083 0.00998443 0.0114878 0.0131321 0.0149159 0.0168354 0.0188841 0.0210527 0.023329 0.0256983 0.028143 0.0306431 0.0331765 0.035719 0.0382452 0.0407286 0.0431419 0.0454578 0.0476494 0.0496907 0.0515569 0.0532251 0.0546746 0.055887 0.0568471 0.0575426 0.0579647 0.058108 0.0579706 0.0575545 0.056865 0.055911 0.0547048 0.0532617 0.0515999 0.0497403 0.0477056 0.0455207 0.0432115 0.0408048 0.0383279 0.0358079 0.0332712 0.0307432 0.0282479 0.0258074 0.0234415 0.0211676 0.0190006 0.0169525 0.0150327 0.0132475 0.011601 0.0100943 0.00872665 0.007495 0.00639461 0.00541927 0.00456164 0.00381348 0.00316601 0.00261015 0.00213676 0.00173683 0.00140171 0.00112319 0.000893613 0.00070599 0.000554 0.00043203 0.000335169 0.000259189 0.000200526 0.000156238 0.000123976 0.000101945 8.88953e-05 
0.00010703 0.000110967 0.000125167 0.000150533 0.000188573 0.000241453 0.000312035 0.000403917 0.000521473 0.000669897 0.00085523 0.00108438 0.00136511 0.00170603 0.00211651 0.00260658 0.00318685 0.00386826 0.00466189 0.00557871 0.00662926 0.00782332 0.00916958 0.0106752 0.0123457 0.014184 0.0161909 0.0183643 0.0206988 0.0231861 0.0258144 0.0285687 0.0314307 0.0343789 0.0373893 0.0404351 0.0434876 0.0465162 0.0494894 0.0523751 0.0551411 0.0577559 0.0601888 0.062411 0.0643957 0.0661188 0.0675592 0.0686991 0.0695243 0.0700245 0.0701937 0.0700296 0.0695345 0.0687146 0.0675801 0.0661454 0.0644281 0.0624495 0.0602337 0.0578075 0.0551997 0.0524407 0.0495622 0.0465961 0.0435746 0.0405291 0.0374899 0.0344855 0.0315427 0.0286854 0.025935 0.0233095 0.020824 0.0184902 0.0163164 0.014308 0.012467 0.0107929 0.0092827 0.00793106 0.00673094 0.0056738 0.00474999 0.00394914 0.00326042 0.00267287 0.00217568 0.00175836 0.00141094 0.00112412 0.000889333 0.000698845 0.000545751 0.000423996 0.000328361 0.00025443 0.000198556 0.00015782 0.00012999 0.000113513 
0.000135821 0.000140828 0.000158742 0.000190684 0.000238524 0.000304945 0.000393482 0.000508571 0.000655599 0.000840943 0.001072 0.00135721 0.00170603 0.0021289 0.00263715 0.0032429 0.00395884 0.00479803 0.00577366 0.00689866 0.00818537 0.00964516 0.0112879 0.0131218 0.0151526 0.0173835 0.0198144 0.022442 0.0252595 0.0282559 0.0314166 0.0347231 0.0381531 0.0416806 0.0452767 0.0489094 0.0525446 0.0561462 0.0596772 0.0630998 0.0663765 0.0694704 0.0723462 0.0749704 0.0773122 0.0793437 0.0810407 0.0823828 0.0833537 0.0839417 0.0841398 0.0839456 0.0833615 0.0823947 0.0810571 0.0793648 0.0773384 0.0750021 0.0723839 0.0695146 0.0664275 0.0631582 0.0597432 0.0562201 0.0526265 0.0489993 0.0453744 0.0417858 0.0382652 0.0348415 0.0315404 0.0283841 0.025391 0.0225756 0.0199488 0.0175174 0.0152849 0.0132511 0.0114132 0.00976526 0.00829949 0.00700605 0.00587377 0.00489046 0.00404336 0.00331946 0.00270583 0.00218991 0.0017597 0.00140395 0.00111227 0.000875257 0.000684479 0.000532535 0.000413024 0.00032052 0.000250535 0.000199468 0.000164566 0.000143909 
0.000171109 0.000177427 0.000199859 0.000239787 0.000299511 0.000382327 0.000492571 0.000635674 0.000818213 0.00104796 0.00133391 0.00168628 0.00211651 0.00263715 0.00326183 0.00400499 0.00488175 0.00590758 0.00709799 0.0084681 0.0100322 0.0118034 0.0137929 0.0160096 0.0184597 0.0211461 0.0240678 0.0272202 0.030594 0.0341756 0.0379468 0.0418849 0.0459629 0.0501498 0.0544111 0.0587088 0.0630028 0.067251 0.0714099 0.0754358 0.0792853 0.0829159 0.0862868 0.0893598 0.0920997 0.0944746 0.096457 0.0980238 0.0991565 0.099842 0.100072 0.0998442 0.0991611 0.098031 0.0964672 0.0944882 0.0921172 0.089382 0.0863143 0.0829493 0.0793255 0.0754834 0.0714654 0.067315 0.0630757 0.0587908 0.0545021 0.0502499 0.0460716 0.0420016 0.0380708 0.0343058 0.0307294 0.0273594 0.0242094 0.0212886 0.0186018 0.0161498 0.0139298 0.0119358 0.0101589 0.00858812 0.0072106 0.00601219 0.00497796 0.00409261 0.00334084 0.0027077 0.00217885 0.0017408 0.00138108 0.00108831 0.0008523 0.000664053 0.000515785 0.00040088 0.000313852 0.000250297 0.00020684 0.000181129 
0.000214007 0.000221918 0.000249799 0.000299342 0.000373356 0.000475858 0.000612126 0.000788757 0.00101373 0.00129643 0.00164771 0.00207986 0.00260658 0.0032429 0.00400499 0.00491 0.00597575 0.00722041 0.00866205 0.0103182 0.0122053 0.0143381 0.0167292 0.0193884 0.0223218 0.0255319 0.0290167 0.0327694 0.0367781 0.0410256 0.0454898 0.050143 0.054953 0.0598828 0.0648916 0.069935 0.0749661 0.0799358 0.084794 0.0894904 0.0939752 0.0981998 0.102118 0.105686 0.108865 0.111618 0.113914 0.115727 0.117038 0.11783 0.118095 0.11783 0.117038 0.115729 0.113916 0.111622 0.108871 0.105696 0.102132 0.0982191 0.0940007 0.0895231 0.0848348 0.0799855 0.0750254 0.0700045 0.0649716 0.0599734 0.055054 0.050254 0.0456101 0.0411544 0.0369141 0.0329113 0.0291631 0.0256811 0.0224722 0.0195382 0.016877 0.0144822 0.0123443 0.0104509 0.00878741 0.00733763 0.00608424 0.00500938 0.00409509 0.00332376 0.00267839 0.00214295 0.00170253 0.00134351 0.00105364 0.000822106 0.000639491 0.000497789 0.00039035 0.000311823 0.000258104 0.000226331 
0.000265732 0.00027556 0.00030996 0.000370985 0.000462039 0.000587982 0.000755191 0.000971619 0.00124686 0.00159218 0.00202057 0.0025467 0.00318685 0.00395884 0.00488175 0.00597575 0.00726169 0.00876069 0.0104937 0.0124807 0.0147405 0.0172896 0.0201418 0.0233076 0.0267931 0.0306 0.0347245 0.0391574 0.0438835 0.0488817 0.0541249 0.0595799 0.0652083 0.0709667 0.076807 0.0826777 0.0885244 0.0942907 0.0999193 0.105353 0.110534 0.115409 0.119925 0.124033 0.12769 0.130854 0.133491 0.135572 0.137075 0.137983 0.138286 0.137981 0.137071 0.135566 0.133484 0.130846 0.127683 0.124028 0.119922 0.11541 0.110541 0.105366 0.0999408 0.0943214 0.0885654 0.0827298 0.0768709 0.0710428 0.0652968 0.0596806 0.0542372 0.0490049 0.0440164 0.0392987 0.0348726 0.0307532 0.0269496 0.0234654 0.020299 0.0174444 0.0148912 0.0126257 0.0106318 0.00889074 0.00738285 0.00608742 0.00498359 0.00405072 0.00326886 0.0026191 0.00208376 0.00164668 0.00129324 0.00101051 0.000787203 0.000613711 0.000482025 0.000385694 0.000319766 0.000280783 
0.000327594 0.000339712 0.000381845 0.000456467 0.000567673 0.0007213 0.000924992 0.00118827 0.00152257 0.00194134 0.00245999 0.00309589 0.00386826 0.00479803 0.00590758 0.00722041 0.00876069 0.0105528 0.0126207 0.0149871 0.0176732 0.0206973 0.0240743 0.0278151 0.0319255 0.0364059 0.0412506 0.0464471 0.0519765 0.0578127 0.063923 0.0702681 0.0768025 0.0834754 0.0902311 0.0970101 0.10375 0.110386 0.116854 0.123088 0.129025 0.134604 0.139766 0.144456 0.148626 0.152232 0.155235 0.157604 0.159313 0.160345 0.160688 0.160339 0.159303 0.157589 0.155217 0.152211 0.148604 0.144433 0.139743 0.134584 0.12901 0.123078 0.116852 0.110393 0.103767 0.0970395 0.0902736 0.0835318 0.0768732 0.0703532 0.0640223 0.0579255 0.0521019 0.0465837 0.0413968 0.0365599 0.0320852 0.0279784 0.0242391 0.0208614 0.0178346 0.0151439 0.0127712 0.0106956 0.00889469 0.00734473 0.00602166 0.00490154 0.00396114 0.0031783 0.00253225 0.00200393 0.00157605 0.00123327 0.000962158 0.000751259 0.000591004 0.000473675 0.000393339 0.000345849 
0.000400984 0.000415812 0.000467044 0.000557636 0.000692479 0.000878531 0.00112489 0.00144286 0.001846 0.0023502 0.00297363 0.00373669 0.00466189 0.00577366 0.00709799 0.00866205 0.0104937 0.0126207 0.0150703 0.0178681 0.0210376 0.0245988 0.0285677 0.0329553 0.0377667 0.0430006 0.0486485 0.0546943 0.0611144 0.0678771 0.0749434 0.0822668 0.0897941 0.0974663 0.105219 0.112985 0.120692 0.128269 0.135641 0.142736 0.149483 0.155814 0.161664 0.166975 0.171692 0.175767 0.179158 0.18183 0.183758 0.18492 0.185306 0.184912 0.183741 0.181806 0.179127 0.17573 0.171651 0.166931 0.161619 0.155769 0.14944 0.142698 0.13561 0.128247 0.120681 0.112987 0.105235 0.0974973 0.0898413 0.0823308 0.0750242 0.0679744 0.0612273 0.0548216 0.0487885 0.0431516 0.0379264 0.0331213 0.0287377 0.0247702 0.0212081 0.0180355 0.0152324 0.0127759 0.0106404 0.00879917 0.00722463 0.00588927 0.00476621 0.00382972 0.0030556 0.00242152 0.0019072 0.00149454 0.00116772 0.000913157 0.000719514 0.00057762 0.000480418 0.00042297 
0.000487347 0.000505358 0.000567206 0.000676402 0.000838743 0.00106247 0.00135831 0.00173961 0.00222233 0.00282509 0.00356914 0.00447829 0.00557871 0.00689866 0.0084681 0.0103182 0.0124807 0.0149871 0.0178681 0.0211522 0.0248652 0.0290286 0.0336593 0.038768 0.0443587 0.0504278 0.0569634 0.063945 0.0713436 0.079121 0.087231 0.0956191 0.104224 0.112977 0.121805 0.130631 0.139376 0.147956 0.156291 0.164301 0.171906 0.179032 0.18561 0.191573 0.196864 0.20143 0.205227 0.208217 0.210373 0.211672 0.212102 0.21166 0.210349 0.208183 0.205182 0.201376 0.196803 0.191506 0.185539 0.17896 0.171834 0.164232 0.156228 0.147901 0.139331 0.130599 0.121788 0.112976 0.104242 0.0956561 0.0872875 0.079197 0.0714385 0.0640578 0.0570925 0.0505713 0.0445144 0.0389333 0.0338315 0.0292049 0.0250429 0.0213287 0.0180409 0.015154 0.0126398 0.010468 0.00860743 0.00702667 0.00569491 0.00458248 0.0036614 0.00290573 0.00229181 0.00179853 0.0014073 0.00110219 0.000869843 0.000699443 0.000582655 0.000513647 
0.00058816 0.000609873 0.000684007 0.0008147 0.00100877 0.0012759 0.00162868 0.00208273 0.00265666 0.00337219 0.00425399 0.00532962 0.00662926 0.00818537 0.0100322 0.0122053 0.0147405 0.0176732 0.0210376 0.0248652 0.0291838 0.0340166 0.0393808 0.0452864 0.0517358 0.0587223 0.0662301 0.0742334 0.0826967 0.0915748 0.100813 0.110349 0.12011 0.13002 0.139996 0.14995 0.159793 0.169435 0.178785 0.187754 0.196258 0.204215 0.211549 0.218191 0.224077 0.229151 0.233368 0.236686 0.239076 0.240516 0.240992 0.240501 0.239046 0.236641 0.233308 0.22908 0.223994 0.218099 0.211451 0.204112 0.196153 0.187651 0.178685 0.169342 0.15971 0.14988 0.139941 0.129983 0.120093 0.110353 0.100839 0.0916237 0.0827679 0.0743262 0.0663431 0.0588536 0.0518831 0.045447 0.0395517 0.0341949 0.0293663 0.0250488 0.0212195 0.0178507 0.0149113 0.0123674 0.0101842 0.00832591 0.00675762 0.00544537 0.00435703 0.00346268 0.00273498 0.00214939 0.00168431 0.00132115 0.00104429 0.000841075 0.000701728 0.000619407 
0.000704891 0.000730878 0.000819114 0.000974442 0.00120483 0.00152157 0.00193933 0.00247624 0.00315391 0.00399742 0.00503524 0.00629902 0.00782332 0.00964516 0.0118034 0.0143381 0.0172896 0.0206973 0.0245988 0.0290286 0.0340166 0.039587 0.0457571 0.0525358 0.0599229 0.0679082 0.0764709 0.0855793 0.0951905 0.105251 0.115698 0.126457 0.137449 0.148585 0.159772 0.170913 0.181908 0.192658 0.203064 0.21303 0.222464 0.231277 0.239389 0.246726 0.253221 0.258815 0.263459 0.267111 0.26974 0.271323 0.271845 0.271303 0.269702 0.267055 0.263385 0.258725 0.253116 0.246609 0.239262 0.231142 0.222324 0.212889 0.202925 0.192524 0.181783 0.1708 0.159674 0.148506 0.137391 0.126423 0.115688 0.105267 0.0952321 0.0856463 0.0765623 0.0680221 0.060057 0.0526873 0.045923 0.0397639 0.034201 0.029217 0.0247879 0.020884 0.017471 0.0145119 0.0119676 0.00979813 0.00796396 0.00642661 0.00514944 0.00409821 0.00324152 0.00255112 0.00200204 0.00157275 0.00124511 0.00100442 0.000839299 0.000741766 
0.000838964 0.000869841 0.000974132 0.00115746 0.00142908 0.00180206 0.00229336 0.00292391 0.00371859 0.00470618 0.00591927 0.00739398 0.00916958 0.0112879 0.0137929 0.0167292 0.0201418 0.0240743 0.0285677 0.0336593 0.0393808 0.0457571 0.052805 0.0605317 0.0689339 0.0779969 0.0876941 0.0979867 0.108824 0.120143 0.131871 0.143923 0.15621 0.168631 0.181083 0.193458 0.205648 0.217543 0.229036 0.240023 0.250406 0.260092 0.268994 0.277034 0.284143 0.29026 0.295334 0.299321 0.302189 0.303915 0.304484 0.303892 0.302144 0.299253 0.295245 0.290152 0.284016 0.276891 0.268837 0.259924 0.25023 0.239843 0.228855 0.217365 0.205477 0.193299 0.180939 0.168505 0.156106 0.143845 0.131819 0.12012 0.10883 0.0980222 0.0877581 0.0780879 0.0690497 0.0606695 0.0529615 0.0459288 0.0395638 0.0338497 0.0287618 0.0242684 0.0203326 0.0169138 0.0139687 0.0114531 0.00932243 0.00753353 0.00604489 0.00481761 0.00381591 0.00300744 0.00236357 0.00185954 0.00147445 0.00119131 0.000996966 0.000882191 
0.000991711 0.00102814 0.00115056 0.00136546 0.0016835 0.00211972 0.0026936 0.00342911 0.00435469 0.00550317 0.00691158 0.00862083 0.0106752 0.0131218 0.0160096 0.0193884 0.0233076 0.0278151 0.0329553 0.038768 0.0452864 0.0525358 0.0605317 0.0692789 0.0787703 0.0889858 0.099892 0.111442 0.123576 0.136222 0.149295 0.1627 0.176335 0.19009 0.203849 0.217495 0.230908 0.243971 0.256569 0.268591 0.279931 0.290493 0.300185 0.308928 0.316648 0.323284 0.328783 0.333101 0.336205 0.338071 0.338686 0.338045 0.336152 0.333022 0.328679 0.323157 0.3165 0.308759 0.299999 0.290292 0.279719 0.268371 0.256345 0.243748 0.23069 0.217286 0.203654 0.189914 0.176181 0.162572 0.149196 0.136154 0.123541 0.11144 0.0999231 0.0890485 0.0788626 0.0693981 0.0606744 0.0526982 0.0454645 0.0389574 0.0331518 0.0280145 0.0235061 0.0195824 0.0161962 0.0132985 0.01084 0.00877229 0.00704873 0.00562549 0.00446203 0.00352163 0.00277167 0.00218384 0.00173426 0.00140341 0.00117621 0.00104205 
0.00116432 0.00120699 0.00134971 0.00159993 0.00196983 0.00247659 0.00314243 0.00399464 0.00506549 0.00639218 0.00801648 0.00998443 0.0123457 0.0151526 0.0184597 0.0223218 0.0267931 0.0319255 0.0377667 0.0443587 0.0517358 0.0599229 0.0689339 0.0787703 0.0894202 0.100857 0.11304 0.125914 0.139407 0.153437 0.167909 0.182715 0.197741 0.212864 0.227959 0.242898 0.257551 0.271792 0.285499 0.298553 0.310846 0.322276 0.332748 0.342181 0.3505 0.357643 0.363556 0.368195 0.371529 0.373532 0.374191 0.373502 0.37147 0.368107 0.36344 0.3575 0.350332 0.341989 0.332535 0.322044 0.310599 0.298295 0.285232 0.271523 0.257284 0.242639 0.227712 0.212635 0.197533 0.182534 0.167759 0.153321 0.139326 0.125869 0.113033 0.100886 0.0894837 0.0788658 0.0690581 0.0600718 0.0519051 0.0445437 0.0379627 0.0321278 0.0269973 0.0225239 0.018656 0.0153402 0.012522 0.0101476 0.00816513 0.00652549 0.00518306 0.00409641 0.00322864 0.00254763 0.00202622 0.00164221 0.00137836 0.00122257 
0.0013578 0.00140743 0.0015727 0.00186209 0.00228943 0.00287424 0.00364167 0.00462257 0.00585336 0.00737584 0.00923687 0.0114878 0.014184 0.0173835 0.0211461 0.0255319 0.0306 0.0364059 0.0430006 0.0504278 0.0587223 0.0679082 0.0779969 0.0889858 0.100857 0.113577 0.127097 0.14135 0.156255 0.171717 0.187629 0.20387 0.220315 0.236829 0.253275 0.269513 0.285407 0.300821 0.315626 0.3297 0.342927 0.355204 0.366435 0.376535 0.385432 0.393061 0.39937 0.404316 0.407868 0.410002 0.410704 0.40997 0.407804 0.404221 0.399243 0.392904 0.385246 0.376322 0.366196 0.354943 0.342647 0.329404 0.315319 0.300508 0.285092 0.269203 0.252974 0.236545 0.220052 0.203634 0.187423 0.171547 0.156123 0.141258 0.127046 0.113567 0.100887 0.0890526 0.0780978 0.0680392 0.0588788 0.0506048 0.043193 0.0366085 0.0308077 0.0257403 0.0213507 0.0175809 0.0143711 0.0116623 0.00939684 0.00752013 0.00598126 0.00473379 0.00373625 0.00295245 0.00235169 0.00190888 0.00160447 0.00142476 
0.00157287 0.00163021 0.00182034 0.00215281 0.00264328 0.00331373 0.00419249 0.00531418 0.0067196 0.00845547 0.010574 0.0131321 0.0161909 0.0198144 0.0240678 0.0290167 0.0347245 0.0412506 0.0486485 0.0569634 0.0662301 0.0764709 0.0876941 0.099892 0.11304 0.127097 0.142003 0.157681 0.174038 0.190967 0.208347 0.226045 0.243923 0.261833 0.279629 0.29716 0.31428 0.330847 0.346726 0.36179 0.375921 0.389012 0.400967 0.411703 0.421145 0.429233 0.435915 0.441149 0.444904 0.44716 0.447901 0.447126 0.444836 0.441047 0.435779 0.429065 0.420945 0.411472 0.400708 0.388726 0.375611 0.36146 0.346381 0.330491 0.313919 0.296799 0.279275 0.261493 0.243602 0.225751 0.208083 0.19074 0.173851 0.157537 0.141904 0.127043 0.113031 0.0999254 0.0877671 0.0765796 0.0663697 0.0571287 0.0488339 0.0414505 0.0349334 0.0292294 0.0242793 0.0200205 0.016388 0.0133173 0.0107449 0.00861058 0.00685782 0.00543492 0.00429558 0.00339928 0.00271159 0.00220427 0.00185535 0.00164937 
0.00181 0.0018758 0.00209306 0.00247256 0.00303184 0.00379551 0.00479525 0.0060697 0.00766428 0.00963082 0.0120271 0.0149159 0.0183643 0.022442 0.0272202 0.0327694 0.0391574 0.0464471 0.0546943 0.063945 0.0742334 0.0855793 0.0979867 0.111442 0.125914 0.14135 0.157681 0.174818 0.192655 0.211072 0.229934 0.249095 0.268405 0.287703 0.306832 0.325632 0.34395 0.361635 0.378549 0.394561 0.409551 0.423412 0.436048 0.447377 0.457326 0.465837 0.472861 0.478359 0.482301 0.484667 0.485445 0.484632 0.48223 0.478253 0.47272 0.465662 0.457116 0.447133 0.435772 0.423106 0.409217 0.394203 0.378171 0.361241 0.343546 0.325225 0.306427 0.287309 0.268027 0.248743 0.229611 0.210786 0.192411 0.174619 0.15753 0.141248 0.125861 0.111438 0.0980274 0.0856613 0.074352 0.0640949 0.0548695 0.0466415 0.0393649 0.0329842 0.0274368 0.0226555 0.0185703 0.0151111 0.0122085 0.00979649 0.0078127 0.00619997 0.00490692 0.0038885 0.00310631 0.00252881 0.00213142 0.00189685 
0.00206927 0.00214426 0.00239094 0.00282133 0.00345497 0.00431928 0.00544944 0.00688831 0.00868609 0.0109 0.0135935 0.0168354 0.0206988 0.0252595 0.030594 0.0367781 0.0438835 0.0519765 0.0611144 0.0713436 0.0826967 0.0951905 0.108824 0.123576 0.139407 0.156255 0.174038 0.192655 0.211987 0.231899 0.252242 0.272859 0.293583 0.314245 0.334676 0.354707 0.374178 0.392934 0.41083 0.427735 0.443529 0.458104 0.471367 0.483238 0.493647 0.50254 0.509871 0.515603 0.519711 0.522176 0.522987 0.522141 0.51964 0.515496 0.509728 0.502361 0.493431 0.482986 0.47108 0.457783 0.443176 0.427353 0.410423 0.392506 0.373735 0.354256 0.334223 0.313799 0.29315 0.272448 0.25186 0.231553 0.211683 0.192398 0.173832 0.156102 0.139308 0.12353 0.108828 0.0952418 0.0827905 0.0714744 0.061276 0.0521624 0.0440871 0.0369928 0.0308138 0.0254787 0.0209126 0.0170397 0.0137848 0.0110758 0.00884447 0.00702798 0.00556968 0.00441977 0.00353568 0.00288244 0.00243271 0.00216725 
0.00235035 0.00243525 0.00271355 0.00319855 0.00391193 0.00488398 0.00615358 0.00776793 0.00978225 0.0122592 0.0152682 0.0188841 0.0231861 0.0282559 0.0341756 0.0410256 0.0488817 0.0578127 0.0678771 0.079121 0.0915748 0.105251 0.120143 0.136222 0.153437 0.171717 0.190967 0.211072 0.231899 0.253298 0.275108 0.297156 0.319263 0.34125 0.362937 0.384147 0.404714 0.424478 0.443293 0.461025 0.477556 0.492781 0.506608 0.518962 0.529779 0.539007 0.546605 0.55254 0.556791 0.559341 0.56018 0.559306 0.556721 0.552435 0.546463 0.538828 0.529563 0.518708 0.506316 0.492451 0.477191 0.460626 0.442864 0.424023 0.404238 0.383658 0.362441 0.340755 0.318778 0.296689 0.274667 0.252892 0.231535 0.210756 0.190704 0.17151 0.153288 0.13613 0.120107 0.105268 0.0916402 0.0792293 0.0680219 0.057987 0.0490786 0.0412379 0.0343966 0.0284793 0.0234064 0.0190965 0.0154687 0.0124446 0.00995025 0.00791682 0.00628229 0.00499193 0.00399889 0.00326456 0.00275877 0.00246022 
0.00265249 0.00274799 0.00305997 0.0036031 0.00440123 0.00548768 0.00690512 0.00870524 0.0109484 0.0137028 0.0170439 0.0210527 0.0258144 0.0314166 0.0379468 0.0454898 0.0541249 0.063923 0.0749434 0.087231 0.100813 0.115698 0.131871 0.149295 0.167909 0.187629 0.208347 0.229934 0.252242 0.275108 0.298354 0.321795 0.345241 0.3685 0.391383 0.413708 0.435301 0.456 0.475658 0.494143 0.511336 0.527137 0.54146 0.554233 0.565399 0.57491 0.582732 0.588837 0.593206 0.595826 0.596689 0.595793 0.59314 0.588736 0.582596 0.574737 0.565187 0.553982 0.541169 0.526806 0.510965 0.493734 0.475214 0.455525 0.434799 0.413186 0.390849 0.367962 0.344708 0.321276 0.297858 0.274644 0.251819 0.229558 0.208025 0.187366 0.167707 0.149154 0.131791 0.115677 0.100847 0.0873134 0.0750682 0.0640829 0.0543124 0.0456974 0.038167 0.0316426 0.0260398 0.0212721 0.0172527 0.0138973 0.0111255 0.00886304 0.00704211 0.00560299 0.00449441 0.003674 0.00310865 0.00277496 
0.00297445 0.00308119 0.00342874 0.0040332 0.00492067 0.00612756 0.00770042 0.00969555 0.0121785 0.0152232 0.018911 0.023329 0.0285687 0.0347231 0.0418849 0.050143 0.0595799 0.0702681 0.0822668 0.0956191 0.110349 0.126457 0.143923 0.1627 0.182715 0.20387 0.226045 0.249095 0.272859 0.297156 0.321795 0.346579 0.371305 0.395771 0.419779 0.443142 0.465681 0.487233 0.507651 0.526804 0.544579 0.560878 0.575622 0.588746 0.600199 0.60994 0.617941 0.62418 0.628641 0.631315 0.632197 0.631285 0.628579 0.624086 0.617813 0.609777 0.599998 0.588505 0.575339 0.560553 0.54421 0.526394 0.507201 0.486745 0.465161 0.442595 0.419214 0.395195 0.370728 0.346011 0.321246 0.296635 0.272377 0.248661 0.225665 0.20355 0.182459 0.16251 0.143799 0.126396 0.110348 0.0956728 0.0823687 0.0704108 0.0597556 0.0503436 0.0421024 0.0349499 0.0287978 0.0235543 0.0191271 0.0154259 0.0123643 0.00986189 0.00784545 0.00625008 0.00501997 0.00410896 0.00348087 0.00311015 
0.00331449 0.00343303 0.00381784 0.00448646 0.00546729 0.00679989 0.00853476 0.0107328 0.0134649 0.0168107 0.0208574 0.0256983 0.0314307 0.0381531 0.0459629 0.054953 0.0652083 0.0768025 0.0897941 0.104224 0.12011 0.137449 0.15621 0.176335 0.197741 0.220315 0.243923 0.268405 0.293583 0.319263 0.345241 0.371305 0.397241 0.422837 0.44789 0.472206 0.495603 0.517919 0.539008 0.558741 0.57701 0.593726 0.608814 0.622219 0.633895 0.643811 0.651944 0.65828 0.662807 0.66552 0.666416 0.665493 0.662752 0.658196 0.651829 0.643662 0.633709 0.621993 0.608546 0.593413 0.576652 0.558336 0.538558 0.517427 0.495072 0.471642 0.4473 0.42223 0.396626 0.370693 0.344643 0.31869 0.293045 0.267913 0.243485 0.219938 0.19743 0.176093 0.156038 0.137346 0.120072 0.104246 0.0898707 0.0769257 0.0653699 0.0551445 0.0461757 0.0383789 0.031662 0.0259282 0.0210799 0.0170209 0.0136588 0.0109073 0.0086875 0.00692939 0.00557256 0.00456698 0.00387338 0.00346399 
0.00367039 0.00380121 0.00422469 0.00495983 0.00603736 0.00750002 0.00940229 0.0118098 0.0147985 0.0184538 0.0228689 0.028143 0.0343789 0.0416806 0.0501498 0.0598828 0.0709667 0.0834754 0.0974663 0.112977 0.13002 0.148585 0.168631 0.19009 0.212864 0.236829 0.261833 0.287703 0.314245 0.34125 0.3685 0.395771 0.422837 0.44948 0.475489 0.500666 0.524828 0.547814 0.569479 0.589701 0.608377 0.625425 0.640781 0.654394 0.66623 0.676266 0.684487 0.690883 0.69545 0.698186 0.699091 0.698164 0.695404 0.690812 0.684388 0.676136 0.666065 0.65419 0.640534 0.625133 0.608037 0.58931 0.569039 0.547325 0.524295 0.500092 0.474883 0.448849 0.422192 0.395121 0.367859 0.340629 0.313655 0.287156 0.261339 0.236396 0.212499 0.189796 0.16841 0.148438 0.129943 0.112966 0.0975155 0.0835769 0.0711121 0.0600632 0.0503561 0.0419039 0.034611 0.0283763 0.0230968 0.0186707 0.0149998 0.0119918 0.00956235 0.00763622 0.00614841 0.00504499 0.00428356 0.00383412 
0.00403941 0.00418289 0.00464614 0.00544963 0.0066264 0.00822242 0.0102961 0.0129177 0.0161685 0.0201394 0.0249292 0.0306431 0.0373893 0.0452767 0.0544111 0.0648916 0.076807 0.0902311 0.105219 0.121805 0.139996 0.159772 0.181083 0.203849 0.227959 0.253275 0.279629 0.306832 0.334676 0.362937 0.391383 0.419779 0.44789 0.475489 0.50236 0.528301 0.553132 0.576691 0.598838 0.619457 0.638453 0.655751 0.671297 0.685049 0.696984 0.707087 0.71535 0.721772 0.726354 0.729099 0.730008 0.729082 0.726318 0.721716 0.71527 0.706979 0.696844 0.684872 0.671077 0.655485 0.638137 0.619088 0.598415 0.576214 0.552604 0.527727 0.501744 0.474841 0.44722 0.419098 0.390704 0.362272 0.334038 0.306233 0.279081 0.252787 0.22754 0.203503 0.180814 0.15958 0.139879 0.12176 0.105239 0.0903091 0.0769343 0.0650591 0.0546091 0.0454959 0.0376208 0.0308786 0.0251614 0.020362 0.0163764 0.0131067 0.0104631 0.00836499 0.00674301 0.00553925 0.00470824 0.00421771 
0.00441833 0.00457474 0.00507851 0.00595156 0.00722926 0.00896074 0.0112083 0.0140469 0.0175628 0.0218523 0.02702 0.0331765 0.0404351 0.0489094 0.0587088 0.069935 0.0826777 0.0970101 0.112985 0.130631 0.14995 0.170913 0.193458 0.217495 0.242898 0.269513 0.29716 0.325632 0.354707 0.384147 0.413708 0.443142 0.472206 0.500666 0.528301 0.554911 0.580313 0.604349 0.626885 0.647811 0.667041 0.68451 0.700172 0.713998 0.725973 0.736092 0.744356 0.750771 0.755345 0.758084 0.758993 0.758073 0.755321 0.750732 0.744298 0.73601 0.725862 0.713852 0.699985 0.684276 0.666756 0.647471 0.626486 0.603891 0.579798 0.554342 0.527685 0.500009 0.471519 0.442436 0.412997 0.383444 0.354026 0.324986 0.296562 0.268974 0.242427 0.217098 0.193141 0.170676 0.149793 0.13055 0.112975 0.0970632 0.0827856 0.0700882 0.0588972 0.0491232 0.0406647 0.033413 0.0272555 0.0220799 0.0177766 0.0142423 0.0113817 0.00910932 0.00735113 0.00604546 0.00514371 0.00461142 
0.0048035 0.00497299 0.00551763 0.00646079 0.00784013 0.00970787 0.0121302 0.0151865 0.0189679 0.0235763 0.0291214 0.035719 0.0434876 0.0525446 0.0630028 0.0749661 0.0885244 0.10375 0.120692 0.139376 0.159793 0.181908 0.205648 0.230908 0.257551 0.285407 0.31428 0.34395 0.374178 0.404714 0.435301 0.465681 0.495603 0.524828 0.553132 0.580313 0.60619 0.630611 0.653446 0.674594 0.693978 0.711542 0.727253 0.741091 0.753053 0.763142 0.771369 0.777748 0.782293 0.785014 0.785918 0.785009 0.782281 0.777728 0.771335 0.763089 0.752974 0.740981 0.727103 0.711346 0.693729 0.674287 0.653078 0.630179 0.605696 0.579758 0.552522 0.52417 0.494906 0.464957 0.434564 0.403978 0.373458 0.34326 0.313635 0.284819 0.25703 0.230463 0.205283 0.181627 0.159596 0.139259 0.120651 0.103777 0.0886117 0.0751037 0.0631804 0.0527517 0.0437141 0.0359555 0.0293593 0.0238079 0.019187 0.0153877 0.0123095 0.00986205 0.00796696 0.00655875 0.00558579 0.00501145 
0.0051909 0.00537346 0.00595891 0.00697201 0.00845265 0.0104561 0.0130522 0.0163248 0.0203697 0.0252938 0.0312121 0.0382452 0.0465162 0.0561462 0.067251 0.0799358 0.0942907 0.110386 0.128269 0.147956 0.169435 0.192658 0.217543 0.243971 0.271792 0.300821 0.330847 0.361635 0.392934 0.424478 0.456 0.487233 0.517919 0.547814 0.576691 0.604349 0.630611 0.655327 0.678377 0.699668 0.719132 0.736725 0.752423 0.766219 0.778119 0.788138 0.796295 0.802612 0.807109 0.8098 0.810697 0.809802 0.807111 0.802611 0.796286 0.788115 0.778075 0.766146 0.752312 0.736569 0.718924 0.6994 0.678045 0.654927 0.630142 0.603814 0.576093 0.54716 0.517219 0.486498 0.455244 0.423716 0.392181 0.360908 0.33016 0.300188 0.271224 0.243479 0.217132 0.192334 0.169197 0.147803 0.128196 0.110387 0.0943568 0.0800569 0.0674167 0.0563457 0.0467387 0.0384808 0.0314514 0.0255288 0.0205933 0.0165312 0.0132369 0.0106154 0.00858411 0.00707378 0.00602987 0.00541362 
0.00557614 0.00577166 0.0063974 0.0074795 0.00906002 0.0111971 0.0139643 0.0174493 0.0217529 0.0269865 0.03327 0.0407286 0.0494894 0.0596772 0.0714099 0.084794 0.0999193 0.116854 0.135641 0.156291 0.178785 0.203064 0.229036 0.256569 0.285499 0.315626 0.346726 0.378549 0.41083 0.443293 0.475658 0.507651 0.539008 0.569479 0.598838 0.626885 0.653446 0.678377 0.701566 0.722929 0.742407 0.759968 0.7756 0.789307 0.801105 0.81102 0.819079 0.825312 0.829746 0.832399 0.833285 0.832408 0.829762 0.825332 0.819096 0.811028 0.801097 0.789274 0.775532 0.759857 0.742243 0.722704 0.701275 0.678014 0.653009 0.626375 0.598259 0.568836 0.53831 0.506911 0.474889 0.442509 0.41005 0.377788 0.346 0.314951 0.284887 0.256033 0.228582 0.202698 0.178508 0.156103 0.135537 0.116829 0.0999637 0.0848983 0.0715632 0.0598682 0.0497071 0.0409624 0.03351 0.027224 0.0219803 0.0176604 0.0141538 0.0113612 0.00919576 0.00758482 0.00647098 0.00581341 
