8.06002e-06 8.32844e-06 9.42101e-06 1.14167e-05 1.44499e-05 1.87167e-05 2.44806e-05 3.20787e-05 4.19285e-05 5.45366e-05 7.05055e-05 9.0541e-05 0.000115458 0.000146185 0.000183764 0.00022935 0.000284203 0.000349677 0.000427203 0.000518266 0.000624375 0.00074703 0.000887677 0.00104766 0.00122818 0.00143022 0.00165452 0.00190149 0.00217118 0.00246322 0.00277679 0.00311058 0.00346277 0.00383104 0.00421254 0.00460397 0.00500155 0.00540115 0.00579828 0.00618822 0.0065661 0.00692697 0.00726595 0.0075783 0.00785954 0.00810555 0.00831266 0.00847773 0.00859824 0.00867233 0.00869887 0.00867745 0.00860842 0.00849286 0.00833259 0.00813006 0.00788838 0.00761116 0.0073025 0.00696682 0.00660886 0.00623346 0.00584555 0.00544998 0.00505149 0.00465454 0.0042633 0.00388154 0.00351261 0.00315936 0.00282415 0.00250885 0.0022148 0.00194287 0.00169348 0.00146662 0.00126193 0.00107871 0.000916032 0.000772725 0.000647481 0.000538882 0.000445456 0.000365713 0.00029818 0.000241436 0.000194132 0.000155007 0.000122903 9.67712e-05 7.56734e-05 5.87835e-05 4.53827e-05 3.48546e-05 2.66787e-05 2.04227e-05 1.5735e-05 1.2338e-05 1.00214e-05 8.63955e-06 
8.32844e-06 8.60737e-06 9.73975e-06 1.18075e-05 1.49501e-05 1.93709e-05 2.53433e-05 3.32168e-05 4.34246e-05 5.64917e-05 7.3043e-05 9.381e-05 0.000119638 0.000151488 0.00019044 0.00023769 0.000294542 0.000362399 0.000442739 0.0005371 0.00064704 0.000774108 0.000919795 0.00108549 0.00127242 0.00148161 0.00171381 0.00196943 0.00224852 0.00255068 0.00287505 0.00322028 0.00358448 0.00396522 0.00435958 0.00476413 0.00517497 0.00558782 0.00599806 0.0064008 0.00679102 0.00716363 0.00751358 0.00783601 0.00812628 0.00838017 0.00859388 0.00876419 0.0088885 0.00896491 0.00899223 0.00897007 0.00889878 0.00877947 0.00861401 0.00840493 0.00815543 0.00786923 0.00755054 0.00720394 0.00683429 0.00644659 0.00604592 0.0056373 0.00522559 0.00481542 0.00441108 0.00401649 0.00363509 0.00326985 0.00292321 0.0025971 0.00229292 0.00201158 0.00175351 0.00151873 0.00130686 0.00111719 0.000948758 0.000800367 0.000670665 0.00055819 0.000461421 0.000378818 0.00030886 0.000250076 0.000201069 0.000160535 0.000127276 0.000100204 7.83482e-05 6.08526e-05 4.69723e-05 3.60686e-05 2.76018e-05 2.1124e-05 1.62709e-05 1.27545e-05 1.03569e-05 8.92722e-06 
9.42101e-06 9.73975e-06 1.10215e-05 1.33584e-05 1.69071e-05 2.18961e-05 2.86317e-05 3.75056e-05 4.90026e-05 6.37096e-05 8.23244e-05 0.000105663 0.000134666 0.000170403 0.000214074 0.000267004 0.000330636 0.00040652 0.000496286 0.000601625 0.000724247 0.000865847 0.00102805 0.00121237 0.00142012 0.00165241 0.00191002 0.00219337 0.00250247 0.00283684 0.0031955 0.0035769 0.00397894 0.00439894 0.00483362 0.00527922 0.00573145 0.00618558 0.00663655 0.00707903 0.00750752 0.00791645 0.00830033 0.00865386 0.008972 0.00925014 0.00948418 0.00967061 0.00980662 0.00989013 0.00991989 0.00989544 0.00981717 0.00968631 0.00950487 0.00927561 0.00900199 0.00868807 0.00833843 0.00795805 0.00755221 0.00712639 0.00668612 0.00623688 0.00578401 0.00533257 0.00488728 0.00445245 0.00403186 0.00362882 0.00324603 0.00288564 0.00254924 0.00223785 0.001952 0.00169173 0.00145667 0.00124608 0.00105892 0.000893884 0.00074952 0.00062423 0.000516347 0.000424184 0.000346067 0.000280377 0.000225571 0.000180206 0.000142956 0.000112614 8.81007e-05 6.84649e-05 5.28767e-05 4.0624e-05 3.11046e-05 2.38179e-05 1.83565e-05 1.43984e-05 1.16998e-05 1.00916e-05 
1.14167e-05 1.18075e-05 1.33584e-05 1.61797e-05 2.04583e-05 2.64666e-05 3.45695e-05 4.52323e-05 5.90304e-05 7.66594e-05 9.89439e-05 0.000126847 0.000161476 0.000204088 0.000256089 0.000319027 0.000394586 0.000484567 0.000590859 0.000715413 0.0008602 0.00102716 0.00121814 0.00143486 0.00167879 0.00195115 0.00225279 0.00258412 0.00294509 0.00333506 0.00375283 0.00419654 0.00466369 0.00515114 0.00565507 0.00617109 0.00669423 0.00721907 0.00773976 0.00825019 0.00874407 0.00921503 0.00965683 0.0100634 0.0104291 0.0107486 0.0110172 0.0112311 0.0113871 0.0114827 0.0115166 0.0114882 0.011398 0.0112475 0.0110388 0.0107751 0.0104604 0.0100992 0.0096967 0.00925864 0.00879101 0.00830003 0.00779203 0.0072733 0.00674993 0.00622775 0.00571221 0.00520828 0.00472036 0.00425229 0.00380725 0.00338778 0.00299576 0.00263247 0.00229856 0.00199415 0.00171888 0.00147195 0.0012522 0.0010582 0.000888262 0.000740588 0.000613267 0.000504355 0.000411923 0.000334094 0.000269078 0.000215194 0.000170893 0.000134763 0.000105539 8.21021e-05 6.34751e-05 4.88178e-05 3.74187e-05 2.8685e-05 2.21341e-05 1.7384e-05 1.41449e-05 1.22161e-05 
1.44499e-05 1.49501e-05 1.69071e-05 2.04583e-05 2.58357e-05 3.3377e-05 4.35334e-05 5.688e-05 7.4126e-05 9.61269e-05 0.000123895 0.000158609 0.000201622 0.000254465 0.000318844 0.000396636 0.000489872 0.000600716 0.000731434 0.000884355 0.00106182 0.00126611 0.00149941 0.0017637 0.0020607 0.00239177 0.00275783 0.0031593 0.00359597 0.00406702 0.00457089 0.00510526 0.00566706 0.00625245 0.00685684 0.00747493 0.00810078 0.00872793 0.00934942 0.00995803 0.0105463 0.0111068 0.0116321 0.0121152 0.0125493 0.0129283 0.0132468 0.0135003 0.0136848 0.0137978 0.0138376 0.0138036 0.0136963 0.0135174 0.0132695 0.0129562 0.0125822 0.0121529 0.0116743 0.011153 0.0105962 0.0100111 0.00940524 0.008786 0.00816062 0.007536 0.00691864 0.00631447 0.00572879 0.00516621 0.00463062 0.0041251 0.00365202 0.00321297 0.00280884 0.00243988 0.00210573 0.00180553 0.00153796 0.00130137 0.00109382 0.000913172 0.000757178 0.000623532 0.000509932 0.000414131 0.000333978 0.000267448 0.000212667 0.000167923 0.000131679 0.00010257 7.94023e-05 6.1148e-05 4.69334e-05 3.60302e-05 2.78441e-05 2.19041e-05 1.78527e-05 1.54421e-05 
1.87167e-05 1.93709e-05 2.18961e-05 2.64666e-05 3.3377e-05 4.30545e-05 5.60698e-05 7.31477e-05 9.51815e-05 0.000123245 0.000158608 0.000202742 0.000257335 0.000324289 0.000405718 0.000503939 0.000621453 0.000760914 0.000925089 0.00111681 0.0013389 0.00159412 0.00188506 0.00221407 0.00258315 0.00299386 0.00344721 0.00394357 0.00448256 0.00506304 0.00568296 0.0063394 0.00702849 0.00774546 0.00848465 0.00923957 0.010003 0.010767 0.0115232 0.012263 0.0129772 0.0136571 0.0142937 0.0148786 0.0154038 0.0158621 0.0162469 0.0165528 0.0167754 0.0169116 0.0169592 0.0169176 0.0167876 0.0165709 0.0162707 0.0158915 0.0154386 0.0149185 0.0143384 0.0137062 0.0130304 0.0123198 0.0115832 0.0108296 0.0100677 0.00930592 0.00855207 0.00781339 0.0070964 0.00640675 0.00574924 0.00512778 0.00454531 0.00400392 0.00350483 0.00304845 0.00263447 0.00226195 0.00192938 0.00163483 0.001376 0.00115036 0.000955182 0.000787692 0.000645089 0.000524631 0.000423684 0.000339759 0.000270542 0.000213919 0.000167979 0.000131027 0.000101574 7.83338e-05 6.02123e-05 4.62953e-05 3.58355e-05 2.82398e-05 2.30577e-05 1.99765e-05 
2.44806e-05 2.53433e-05 2.86317e-05 3.45695e-05 4.35334e-05 5.60698e-05 7.29059e-05 9.49649e-05 0.000123381 0.000159517 0.000204975 0.000261615 0.000331557 0.000417186 0.000521147 0.000646326 0.000795829 0.000972936 0.00118106 0.00142366 0.00170419 0.002026 0.00239219 0.00280557 0.00326848 0.0037827 0.00434933 0.00496865 0.00564004 0.00636192 0.0071316 0.00794534 0.00879825 0.00968434 0.0105966 0.0115269 0.0124665 0.0134056 0.014334 0.0152412 0.0161161 0.0169481 0.0177264 0.0184409 0.019082 0.0196409 0.02011 0.0204826 0.0207535 0.0209189 0.0209764 0.0209253 0.0207662 0.0205015 0.020135 0.0196719 0.0191187 0.0184831 0.0177738 0.0170003 0.0161728 0.0153019 0.0143984 0.0134731 0.0125366 0.0115991 0.0106703 0.00975894 0.00887318 0.00802003 0.00720547 0.00643442 0.00571066 0.00503691 0.00441481 0.00384504 0.00332737 0.00286077 0.00244353 0.00207337 0.00174756 0.00146304 0.00121654 0.00100464 0.000823928 0.000671025 0.000542676 0.000435794 0.000347501 0.000275156 0.000216369 0.00016901 0.000131204 0.00010133 7.80045e-05 6.00684e-05 4.65737e-05 3.67664e-05 3.00733e-05 2.60964e-05 
3.20787e-05 3.32168e-05 3.75056e-05 4.52323e-05 5.688e-05 7.31477e-05 9.49649e-05 0.000123509 0.000160222 0.000206836 0.00026538 0.000338203 0.000427977 0.000537699 0.00067068 0.000830523 0.00102109 0.00124645 0.0015108 0.0018184 0.00217346 0.00258003 0.00304187 0.0035623 0.00414407 0.0047892 0.00549885 0.00627317 0.0071112 0.00801075 0.00896834 0.00997913 0.0110369 0.0121343 0.0132623 0.0144112 0.0155699 0.0167266 0.0178687 0.0189834 0.0200573 0.0210775 0.022031 0.0229056 0.0236896 0.0243727 0.0249456 0.0254004 0.0257307 0.0259321 0.0260018 0.0259387 0.0257438 0.0254199 0.0249716 0.0244049 0.0237279 0.0229497 0.0220807 0.0211325 0.0201173 0.0190479 0.0179374 0.016799 0.0156455 0.0144894 0.0133426 0.012216 0.0111194 0.0100618 0.00905053 0.00809186 0.00719063 0.00635036 0.00557329 0.00486043 0.0042117 0.00362601 0.00310142 0.00263524 0.00222424 0.00186472 0.00155272 0.00128407 0.00105458 0.000860079 0.000696546 0.000560142 0.00044728 0.000354657 0.000279273 0.00021845 0.000169824 0.000131344 0.000101259 7.80962e-05 6.06508e-05 4.79623e-05 3.92999e-05 3.41559e-05 
4.19285e-05 4.34246e-05 4.90026e-05 5.90304e-05 7.4126e-05 9.51815e-05 0.000123381 0.000160222 0.000207538 0.000267517 0.000342728 0.000436128 0.000551078 0.000691332 0.000861025 0.00106464 0.00130698 0.00159305 0.00192803 0.00231714 0.00276549 0.00327798 0.0038591 0.0045128 0.00524227 0.00604979 0.00693654 0.00790247 0.00894612 0.0100645 0.0112532 0.0125059 0.0138149 0.0151707 0.0165625 0.017978 0.0194036 0.020825 0.0222268 0.0235933 0.0249085 0.0261565 0.0273219 0.0283899 0.0293466 0.0301795 0.0308775 0.0314313 0.0318332 0.032078 0.0321621 0.0320847 0.0318466 0.0314512 0.0309041 0.0302125 0.0293859 0.0284353 0.0273733 0.0262137 0.0249711 0.023661 0.0222993 0.0209018 0.0194843 0.0180619 0.0166491 0.0152594 0.013905 0.0125968 0.0113441 0.0101548 0.00903501 0.00798935 0.0070208 0.00613087 0.00531967 0.0045861 0.00392796 0.00334214 0.00282479 0.0023715 0.00197745 0.0016376 0.0013468 0.00109994 0.000892044 0.000718353 0.000574408 0.000456088 0.000359641 0.000281703 0.000219303 0.000169853 0.000131138 0.000101296 7.87955e-05 6.24176e-05 5.12324e-05 4.4594e-05 
5.45366e-05 5.64917e-05 6.37096e-05 7.66594e-05 9.61269e-05 0.000123245 0.000159517 0.000206836 0.000267517 0.000344321 0.000440475 0.000559691 0.000706167 0.000884586 0.00110009 0.00135823 0.00166492 0.00202634 0.0024488 0.00293866 0.00350211 0.00414503 0.00487277 0.00568996 0.00660028 0.00760624 0.00870901 0.0099082 0.0112017 0.0125856 0.014054 0.015599 0.017211 0.0188781 0.020587 0.0223225 0.0240681 0.0258062 0.0275182 0.0291852 0.0307879 0.0323072 0.0337246 0.0350223 0.036184 0.0371945 0.0380409 0.0387118 0.0391985 0.0394945 0.0395958 0.0395011 0.0392118 0.0387317 0.0380673 0.0372275 0.0362235 0.0350682 0.0337767 0.0323655 0.0308521 0.0292551 0.0275935 0.0258865 0.0241529 0.0224114 0.0206794 0.0189734 0.0173084 0.0156979 0.0141535 0.0126851 0.0113003 0.0100052 0.00880368 0.00769788 0.00668826 0.00577375 0.00495192 0.00421917 0.00357099 0.00300211 0.00250676 0.00207883 0.00171206 0.00140019 0.00113712 0.000916973 0.000734238 0.000583796 0.000460975 0.000361574 0.000281872 0.000218622 0.000169036 0.000130768 0.000101885 8.0844e-05 6.6469e-05 5.79417e-05 
7.05055e-05 7.3043e-05 8.23244e-05 9.89439e-05 0.000123895 0.000158608 0.000204975 0.00026538 0.000342728 0.000440475 0.000562656 0.000713893 0.000899405 0.00112499 0.001397 0.00172228 0.00210805 0.00256187 0.00309141 0.00370435 0.00440812 0.00520974 0.0061155 0.0071308 0.00825982 0.00950528 0.0108682 0.0123478 0.013941 0.0156427 0.0174453 0.0193391 0.0213116 0.0233487 0.0254336 0.0275479 0.0296717 0.0317836 0.0338612 0.0358817 0.0378221 0.0396597 0.0413724 0.0429391 0.0443404 0.0455586 0.0465781 0.0473858 0.0479713 0.0483269 0.0484481 0.0483333 0.0479841 0.047405 0.0466037 0.0455907 0.044379 0.0429841 0.0414239 0.0397176 0.0378864 0.0359522 0.0339376 0.0318658 0.0297593 0.0276404 0.0255305 0.0234494 0.0214155 0.0194452 0.0175531 0.0157511 0.0140493 0.012455 0.0109735 0.00960788 0.00835895 0.00722578 0.00620574 0.00529474 0.00448752 0.00377787 0.00315891 0.0026233 0.00216347 0.00177183 0.00144092 0.00116357 0.000932974 0.000742829 0.000587354 0.000461335 0.00036014 0.00027972 0.00021659 0.00016781 0.000130954 0.000104084 8.57194e-05 7.48305e-05 
9.0541e-05 9.381e-05 0.000105663 0.000126847 0.000158609 0.000202742 0.000261615 0.000338203 0.000436128 0.000559691 0.000713893 0.000904456 0.00113782 0.00142112 0.00176213 0.00216921 0.00265117 0.00321714 0.00387639 0.0046381 0.00551114 0.00650377 0.00762338 0.00887614 0.0102667 0.0117981 0.0134709 0.0152837 0.0172323 0.0193101 0.0215076 0.0238122 0.026209 0.0286803 0.0312058 0.0337632 0.0363285 0.0388759 0.0413788 0.04381 0.0461422 0.0483485 0.0504028 0.0522803 0.0539583 0.0554158 0.0566349 0.0576001 0.0582992 0.0587234 0.0588673 0.0587292 0.0583109 0.0576177 0.0566585 0.0554456 0.0539943 0.0523228 0.0504517 0.0484041 0.0462045 0.0438789 0.0414543 0.0389579 0.0364167 0.0338573 0.0313053 0.0287847 0.0263177 0.0239243 0.0216223 0.0194266 0.0173496 0.0154006 0.0135866 0.0119117 0.0103773 0.00898272 0.00772528 0.00660034 0.00560186 0.00472257 0.00395435 0.00328846 0.00271582 0.00222729 0.00181384 0.00146673 0.00117767 0.000938948 0.000743443 0.000584737 0.000457106 0.000355533 0.000275692 0.000213923 0.000167205 0.000133118 0.000109812 9.59992e-05 
0.000115458 0.000119638 0.000134666 0.000161476 0.000201622 0.000257335 0.000331557 0.000427977 0.000551078 0.000706167 0.000899405 0.00113782 0.00142929 0.00178253 0.00220701 0.00271285 0.00331068 0.00401148 0.00482631 0.00576611 0.00684133 0.00806164 0.00943555 0.0109701 0.0126704 0.0145394 0.0165775 0.0187821 0.021148 0.0236662 0.0263248 0.0291086 0.0319989 0.0349742 0.0380102 0.04108 0.0441547 0.0472039 0.0501959 0.0530985 0.0558797 0.0585079 0.0609526 0.0631849 0.0651783 0.0669086 0.0683547 0.0694989 0.0703271 0.0708292 0.0709989 0.0708342 0.0703371 0.069514 0.0683751 0.0669346 0.0652101 0.0632228 0.0609968 0.0585587 0.0559374 0.0531632 0.0502677 0.0472829 0.0442408 0.041173 0.0381098 0.03508 0.0321102 0.0292246 0.0264448 0.0237892 0.0212729 0.018908 0.0167031 0.0146636 0.0127922 0.0110884 0.0095494 0.00817024 0.00694399 0.00586227 0.00491556 0.00409355 0.00338547 0.00278037 0.0022674 0.00183604 0.00147625 0.00117862 0.000934496 0.000736018 0.000576165 0.000448768 0.000348494 0.000270824 0.000212017 0.000169074 0.000139702 0.0001223 
0.000146185 0.000151488 0.000170403 0.000204088 0.000254465 0.000324289 0.000417186 0.000537699 0.000691332 0.000884586 0.00112499 0.00142112 0.00178253 0.0022198 0.00274433 0.00336831 0.00410446 0.00496586 0.00596563 0.00711664 0.0084311 0.00992021 0.0115937 0.0134594 0.0155229 0.0177869 0.0202513 0.0229123 0.0257627 0.0287914 0.0319834 0.0353198 0.0387783 0.0423327 0.0459537 0.0496095 0.0532658 0.0568865 0.0604345 0.0638723 0.0671623 0.0702677 0.0731534 0.075786 0.0781347 0.0801719 0.0818733 0.0832187 0.0841919 0.0847812 0.0849797 0.084785 0.0841994 0.0832302 0.0818891 0.0801923 0.0781601 0.0758169 0.0731902 0.0703109 0.0672123 0.0639295 0.0604994 0.0569592 0.0533465 0.0496982 0.0460503 0.0424367 0.0388893 0.0354373 0.0321063 0.0289188 0.0258936 0.0230455 0.0203855 0.0179208 0.0156553 0.013589 0.0117194 0.010041 0.00854606 0.00722501 0.00606682 0.00505945 0.0041902 0.00344612 0.00281427 0.00228206 0.00183741 0.001469 0.00116634 0.000919891 0.000721107 0.000562456 0.000437414 0.00034044 0.000266941 0.000213226 0.00017647 0.000154702 
0.000183764 0.00019044 0.000214074 0.000256089 0.000318844 0.000405718 0.000521147 0.00067068 0.000861025 0.00110009 0.001397 0.00176213 0.00220701 0.00274433 0.00338777 0.00415184 0.00505166 0.00610267 0.0073203 0.00871955 0.0103146 0.0121181 0.0141413 0.0163926 0.0188779 0.0215997 0.0245569 0.0277442 0.031152 0.0347665 0.0385692 0.042537 0.0466428 0.0508554 0.05514 0.059459 0.0637719 0.0680367 0.07221 0.0762484 0.0801084 0.0837477 0.0871259 0.0902048 0.0929493 0.0953278 0.097313 0.0988817 0.100016 0.100702 0.100932 0.100704 0.10002 0.0988885 0.0973226 0.0953408 0.0929661 0.0902261 0.0871524 0.0837801 0.0801473 0.0762946 0.0722642 0.0680992 0.0638433 0.0595394 0.0552296 0.050954 0.04675 0.0426524 0.0386919 0.0348957 0.0312864 0.0278826 0.0246979 0.0217419 0.0190199 0.0165328 0.0142784 0.012251 0.0104419 0.00884041 0.00743389 0.00620838 0.00514906 0.00424071 0.00346807 0.00281616 0.00227062 0.00181787 0.00144534 0.00114152 0.000896092 0.000699934 0.000545123 0.000424914 0.000333707 0.000266997 0.000221329 0.000194292 
0.00022935 0.00023769 0.000267004 0.000319027 0.000396636 0.000503939 0.000646326 0.000830523 0.00106464 0.00135823 0.00172228 0.00216921 0.00271285 0.00336831 0.00415184 0.0050806 0.00617242 0.00744536 0.00891738 0.0106058 0.0125269 0.0146951 0.0171227 0.0198189 0.0227897 0.0260371 0.0295587 0.0333471 0.0373902 0.0416705 0.0461654 0.0508471 0.0556831 0.0606364 0.065666 0.0707276 0.0757742 0.080757 0.085626 0.0903311 0.0948227 0.0990525 0.102974 0.106545 0.109725 0.112479 0.114776 0.11659 0.1179 0.118693 0.118958 0.118693 0.117901 0.116591 0.114778 0.112483 0.109731 0.106554 0.102987 0.0990706 0.0948469 0.0903624 0.0856653 0.0808051 0.0758319 0.0707954 0.0657443 0.0607253 0.0557824 0.0509565 0.0462842 0.0417978 0.0375249 0.0334879 0.0297041 0.0261856 0.0229396 0.0199685 0.0172704 0.0148394 0.0126663 0.0107392 0.00904359 0.00756358 0.00628203 0.0051812 0.00424322 0.00345047 0.00278596 0.00223358 0.00177833 0.00140647 0.00110563 0.000864828 0.000674529 0.000526582 0.000414209 0.000331952 0.000275615 0.000242273 
0.000284203 0.000294542 0.000330636 0.000394586 0.000489872 0.000621453 0.000795829 0.00102109 0.00130698 0.00166492 0.00210805 0.00265117 0.00331068 0.00410446 0.00505166 0.00617242 0.00748752 0.00901799 0.0107845 0.012807 0.0151037 0.017691 0.0205821 0.0237871 0.0273117 0.0311571 0.0353189 0.0397877 0.0445477 0.0495775 0.0548496 0.0603308 0.0659823 0.0717606 0.0776179 0.0835025 0.0893603 0.095135 0.10077 0.106207 0.11139 0.116266 0.120781 0.124888 0.128543 0.131704 0.134339 0.136419 0.13792 0.138827 0.13913 0.138825 0.137916 0.136413 0.134332 0.131696 0.128535 0.124882 0.120778 0.116266 0.111396 0.106219 0.100789 0.095164 0.0893994 0.0835527 0.0776799 0.0718348 0.0660688 0.0604295 0.05496 0.0496989 0.044679 0.0399275 0.0354658 0.0313092 0.0274673 0.0239443 0.020739 0.0178457 0.0152546 0.0129525 0.0109233 0.00914889 0.0076097 0.00628524 0.00515474 0.00419765 0.00339402 0.00272489 0.00217253 0.00172065 0.0013545 0.00106101 0.000828753 0.000647962 0.000510497 0.000409787 0.000340783 0.000299955 
0.000349677 0.000362399 0.00040652 0.000484567 0.000600716 0.000760914 0.000972936 0.00124645 0.00159305 0.00202634 0.00256187 0.00321714 0.00401148 0.00496586 0.00610267 0.00744536 0.00901799 0.0108447 0.0129493 0.0153542 0.01808 0.0211446 0.0245626 0.0283442 0.0324948 0.0370141 0.0418959 0.0471274 0.0526891 0.0585545 0.0646908 0.0710583 0.0776116 0.0842998 0.0910672 0.0978546 0.1046 0.111239 0.117706 0.123939 0.129872 0.135445 0.140601 0.145286 0.14945 0.15305 0.156048 0.158412 0.160118 0.161148 0.16149 0.161143 0.160108 0.158397 0.156029 0.153028 0.149426 0.145262 0.140578 0.135424 0.129855 0.123927 0.117702 0.111244 0.104615 0.0978821 0.0911077 0.084354 0.0776802 0.0711413 0.0647879 0.0586653 0.0528124 0.0472621 0.0420404 0.0371666 0.0326533 0.0285066 0.0247267 0.0213083 0.0182412 0.0155111 0.0131002 0.0109882 0.00915286 0.00757073 0.00621792 0.00507064 0.00410569 0.00330089 0.00263546 0.00209021 0.00164774 0.00129255 0.00101109 0.000791719 0.000624743 0.000502313 0.000418388 0.000368745 
0.000427203 0.000442739 0.000496286 0.000590859 0.000731434 0.000925089 0.00118106 0.0015108 0.00192803 0.0024488 0.00309141 0.00387639 0.00482631 0.00596563 0.0073203 0.00891738 0.0107845 0.0129493 0.0154386 0.0182776 0.0214892 0.025093 0.0291044 0.0335338 0.0383856 0.0436579 0.0493417 0.0554205 0.06187 0.0686585 0.0757464 0.0830872 0.0906278 0.0983091 0.106067 0.113835 0.12154 0.129112 0.136476 0.143562 0.150299 0.156619 0.162458 0.167757 0.172463 0.176528 0.17991 0.182576 0.184498 0.185657 0.186042 0.185649 0.184481 0.182551 0.179879 0.176491 0.172421 0.167712 0.162412 0.156573 0.150256 0.143524 0.136444 0.129088 0.121527 0.113834 0.106081 0.0983379 0.0906727 0.0831488 0.0758248 0.0687533 0.0619806 0.0555455 0.0494797 0.043807 0.0385436 0.0336984 0.0292733 0.0252637 0.0216592 0.0184448 0.0156009 0.0131049 0.0109319 0.0090554 0.00744802 0.00608245 0.00493194 0.00397077 0.00317475 0.00252145 0.00199049 0.00156365 0.00122493 0.000960623 0.000759222 0.000611427 0.000510068 0.000450128 
0.000518266 0.0005371 0.000601625 0.000715413 0.000884355 0.00111681 0.00142366 0.0018184 0.00231714 0.00293866 0.00370435 0.0046381 0.00576611 0.00711664 0.00871955 0.0106058 0.012807 0.0153542 0.0182776 0.0216053 0.0253623 0.0295698 0.0342438 0.0393944 0.0450249 0.0511309 0.0577001 0.0647114 0.0721353 0.0799335 0.0880594 0.0964585 0.105069 0.113824 0.122649 0.131469 0.140203 0.14877 0.15709 0.165083 0.17267 0.179778 0.186337 0.192283 0.197557 0.202109 0.205893 0.208874 0.211022 0.212316 0.212745 0.212305 0.210998 0.208839 0.205848 0.202055 0.197496 0.192215 0.186265 0.179704 0.172597 0.165012 0.157026 0.148714 0.140156 0.131435 0.12263 0.113821 0.105085 0.096493 0.0881133 0.0800069 0.0722277 0.0648217 0.0578268 0.0512722 0.0451785 0.0395579 0.0344145 0.029745 0.0255392 0.0217812 0.0184502 0.0155212 0.0129665 0.0107564 0.00885981 0.00724576 0.00588355 0.00474361 0.00379798 0.00302066 0.00238793 0.00187853 0.00147375 0.0011575 0.00091626 0.000739083 0.000617515 0.00054564 
0.000624375 0.00064704 0.000724247 0.0008602 0.00106182 0.0013389 0.00170419 0.00217346 0.00276549 0.00350211 0.00440812 0.00551114 0.00684133 0.0084311 0.0103146 0.0125269 0.0151037 0.01808 0.0214892 0.0253623 0.0297265 0.0346042 0.0400117 0.0459585 0.0524459 0.0594667 0.0670045 0.0750329 0.083516 0.0924085 0.101656 0.111194 0.120953 0.130856 0.140819 0.150757 0.160581 0.1702 0.179525 0.188469 0.196947 0.204877 0.212186 0.218803 0.224667 0.229723 0.233923 0.237228 0.239609 0.241042 0.241517 0.241027 0.239578 0.237182 0.233863 0.229651 0.224584 0.218711 0.212087 0.204774 0.196841 0.188364 0.179424 0.170106 0.160496 0.150685 0.140763 0.130817 0.120934 0.111196 0.101679 0.0924546 0.0835845 0.0751229 0.0671147 0.0595954 0.0525908 0.0461169 0.0401808 0.0347809 0.0299078 0.0255451 0.0216706 0.0182573 0.0152747 0.0126895 0.0104672 0.00857262 0.00697084 0.00562816 0.00451251 0.00359396 0.00284513 0.00224138 0.00176098 0.00138517 0.00109819 0.000887245 0.00074244 0.000656843 
0.00074703 0.000774108 0.000865847 0.00102716 0.00126611 0.00159412 0.002026 0.00258003 0.00327798 0.00414503 0.00520974 0.00650377 0.00806164 0.00992021 0.0121181 0.0146951 0.017691 0.0211446 0.025093 0.0295698 0.0346042 0.0402195 0.046432 0.05325 0.0606723 0.0686881 0.0772758 0.0864033 0.0960274 0.106094 0.116541 0.127294 0.138274 0.149392 0.160556 0.17167 0.182635 0.193353 0.203724 0.213655 0.223053 0.231832 0.239911 0.247217 0.253684 0.259254 0.263877 0.267513 0.27013 0.271706 0.272226 0.271686 0.270092 0.267456 0.263803 0.259163 0.253579 0.2471 0.239783 0.231696 0.222913 0.213513 0.203584 0.193217 0.182509 0.171556 0.160457 0.149311 0.138214 0.127257 0.116529 0.106107 0.0960661 0.0864674 0.0773642 0.0687991 0.0608037 0.053399 0.0465956 0.0403944 0.0347869 0.029757 0.0252812 0.0213308 0.0178723 0.0148692 0.0122829 0.010074 0.0082033 0.00663255 0.00532523 0.00424716 0.00336693 0.0026562 0.0020899 0.00164635 0.00130729 0.00105785 0.000886532 0.000785284 
0.000887677 0.000919795 0.00102805 0.00121814 0.00149941 0.00188506 0.00239219 0.00304187 0.0038591 0.00487277 0.0061155 0.00762338 0.00943555 0.0115937 0.0141413 0.0171227 0.0205821 0.0245626 0.0291044 0.0342438 0.0400117 0.046432 0.0535206 0.0612836 0.0697169 0.0788052 0.0885211 0.0988255 0.109667 0.120983 0.132701 0.144737 0.157 0.169392 0.181809 0.194146 0.206294 0.218145 0.229593 0.240535 0.250873 0.260516 0.269377 0.27738 0.284456 0.290543 0.295592 0.29956 0.302414 0.304131 0.304697 0.304108 0.302368 0.299492 0.295503 0.290435 0.284329 0.277237 0.26922 0.260348 0.250697 0.240355 0.229412 0.217967 0.206123 0.193986 0.181664 0.169264 0.156894 0.144656 0.132647 0.120957 0.10967 0.0988579 0.088582 0.0788931 0.0698297 0.0614185 0.0536745 0.0466014 0.0401927 0.0344326 0.0292972 0.0247558 0.0207725 0.0173071 0.0143174 0.0117594 0.00958928 0.007764 0.00624233 0.00498551 0.00395775 0.00312669 0.00246361 0.00194363 0.00154571 0.00125273 0.00105141 0.000932451 
0.00104766 0.00108549 0.00121237 0.00143486 0.0017637 0.00221407 0.00280557 0.0035623 0.0045128 0.00568996 0.0071308 0.00887614 0.0109701 0.0134594 0.0163926 0.0198189 0.0237871 0.0283442 0.0335338 0.0393944 0.0459585 0.05325 0.0612836 0.070063 0.0795802 0.0898144 0.100732 0.112285 0.124414 0.137046 0.150097 0.163473 0.177073 0.190786 0.204498 0.218093 0.231453 0.244461 0.257002 0.268969 0.280255 0.290765 0.300409 0.309108 0.316789 0.32339 0.32886 0.333156 0.336244 0.338101 0.338712 0.338074 0.336191 0.333078 0.328757 0.323264 0.31664 0.30894 0.300224 0.290565 0.280043 0.268749 0.256779 0.244237 0.231234 0.217884 0.204303 0.190608 0.176917 0.163344 0.149996 0.136975 0.124376 0.11228 0.10076 0.0898738 0.0796693 0.070179 0.0614233 0.0534097 0.0461341 0.0395818 0.0337286 0.0285424 0.0239848 0.0200126 0.0165792 0.0136365 0.0111356 0.00902853 0.00726906 0.00581351 0.00462143 0.0036561 0.00288485 0.00227929 0.0018154 0.00147357 0.00123857 0.00109973 
0.00122818 0.00127242 0.00142012 0.00167879 0.0020607 0.00258315 0.00326848 0.00414407 0.00524227 0.00660028 0.00825982 0.0102667 0.0126704 0.0155229 0.0188779 0.0227897 0.0273117 0.0324948 0.0383856 0.0450249 0.0524459 0.0606723 0.0697169 0.0795802 0.0902493 0.101697 0.113882 0.126748 0.140225 0.15423 0.168668 0.183432 0.198409 0.213477 0.228513 0.243388 0.257975 0.272149 0.285789 0.298778 0.311008 0.322377 0.332795 0.342177 0.350451 0.357555 0.363436 0.36805 0.371365 0.373358 0.374014 0.373328 0.371307 0.367963 0.36332 0.357413 0.350284 0.341985 0.332582 0.322146 0.310761 0.29852 0.285523 0.27188 0.257708 0.243128 0.228265 0.213247 0.1982 0.18325 0.168516 0.154111 0.140142 0.126701 0.113872 0.101723 0.0903094 0.0796723 0.0698378 0.0608181 0.0526124 0.0452074 0.0385795 0.0326954 0.0275148 0.0229911 0.0190739 0.0157105 0.0128472 0.0104306 0.00840945 0.00673473 0.00536106 0.00424709 0.0033559 0.00265531 0.00211806 0.00172185 0.00144933 0.00128834 
0.00143022 0.00148161 0.00165241 0.00195115 0.00239177 0.00299386 0.0037827 0.0047892 0.00604979 0.00760624 0.00950528 0.0117981 0.0145394 0.0177869 0.0215997 0.0260371 0.0311571 0.0370141 0.0436579 0.0511309 0.0594667 0.0686881 0.0788052 0.0898144 0.101697 0.114419 0.12793 0.142165 0.157041 0.172465 0.188329 0.204515 0.220897 0.237342 0.253714 0.269877 0.285692 0.301028 0.315756 0.329754 0.34291 0.355119 0.366288 0.376333 0.38518 0.392766 0.39904 0.403959 0.407491 0.409613 0.410311 0.409581 0.407427 0.403864 0.398914 0.39261 0.384994 0.37612 0.366051 0.35486 0.342631 0.329459 0.315449 0.300715 0.285378 0.269567 0.253414 0.237057 0.220633 0.204277 0.188122 0.172293 0.156907 0.14207 0.127876 0.114406 0.101723 0.0898777 0.0789026 0.0688157 0.0596201 0.0513051 0.0438478 0.0372146 0.0313632 0.0262444 0.0218038 0.0179841 0.0147267 0.011973 0.00966607 0.00775155 0.00617883 0.00490161 0.00387846 0.00307318 0.002455 0.00199873 0.00168476 0.00149929 
0.00165452 0.00171381 0.00191002 0.00225279 0.00275783 0.00344721 0.00434933 0.00549885 0.00693654 0.00870901 0.0108682 0.0134709 0.0165775 0.0202513 0.0245569 0.0295587 0.0353189 0.0418959 0.0493417 0.0577001 0.0670045 0.0772758 0.0885211 0.100732 0.113882 0.12793 0.142816 0.158463 0.174779 0.191655 0.208973 0.226602 0.244402 0.26223 0.279939 0.297381 0.314411 0.330889 0.346681 0.361661 0.375712 0.388729 0.400617 0.411292 0.420681 0.428723 0.435367 0.440572 0.444307 0.44655 0.447287 0.446516 0.444239 0.440471 0.435232 0.428556 0.420482 0.411062 0.400359 0.388444 0.375404 0.361333 0.346337 0.330535 0.314051 0.297022 0.279586 0.261891 0.244082 0.226307 0.208709 0.191427 0.17459 0.158317 0.142714 0.127873 0.11387 0.100761 0.0885904 0.0773809 0.0671406 0.0578622 0.0495243 0.0420935 0.0355259 0.0297698 0.0247674 0.0204569 0.0167745 0.0136563 0.0110398 0.00886501 0.0070758 0.00562072 0.00445356 0.00353384 0.0028271 0.00230504 0.00194562 0.00173332 
0.00190149 0.00196943 0.00219337 0.00258412 0.0031593 0.00394357 0.00496865 0.00627317 0.00790247 0.0099082 0.0123478 0.0152837 0.0187821 0.0229123 0.0277442 0.0333471 0.0397877 0.0471274 0.0554205 0.0647114 0.0750329 0.0864033 0.0988255 0.112285 0.126748 0.142165 0.158463 0.175556 0.193337 0.211687 0.230473 0.24955 0.268768 0.28797 0.306999 0.325698 0.343915 0.361501 0.378319 0.394239 0.409143 0.422925 0.435489 0.446753 0.456646 0.46511 0.472094 0.477561 0.481482 0.483835 0.484609 0.4838 0.481411 0.477456 0.471954 0.464935 0.456437 0.44651 0.435214 0.422619 0.40881 0.393882 0.377942 0.361108 0.343512 0.325292 0.306596 0.287577 0.268391 0.249197 0.23015 0.211401 0.193092 0.175355 0.15831 0.14206 0.126693 0.112277 0.0988623 0.0864815 0.0751478 0.0648578 0.0555925 0.047319 0.0399929 0.03356 0.0279594 0.0231249 0.0189878 0.0154789 0.0125297 0.0100746 0.00805179 0.00640447 0.00508139 0.0040376 0.00323471 0.00264115 0.00223231 0.00199084 
0.00217118 0.00224852 0.00250247 0.00294509 0.00359597 0.00448256 0.00564004 0.0071112 0.00894612 0.0112017 0.013941 0.0172323 0.021148 0.0257627 0.031152 0.0373902 0.0445477 0.0526891 0.06187 0.0721353 0.083516 0.0960274 0.109667 0.124414 0.140225 0.157041 0.174779 0.193337 0.212599 0.232429 0.252681 0.273199 0.293817 0.31437 0.334689 0.354608 0.373967 0.392615 0.410408 0.427215 0.442918 0.457409 0.470597 0.482401 0.492753 0.501597 0.508888 0.514589 0.518675 0.521127 0.521934 0.521092 0.518604 0.514483 0.508745 0.501418 0.492538 0.48215 0.470311 0.457089 0.442566 0.426835 0.410002 0.392189 0.373527 0.354158 0.334238 0.313925 0.293386 0.272788 0.2523 0.232083 0.212294 0.193079 0.174571 0.156885 0.140123 0.124364 0.109667 0.0960748 0.083606 0.0722624 0.0620282 0.0528718 0.0447485 0.0376027 0.0313701 0.0259808 0.0213611 0.0174364 0.0141325 0.011378 0.00910525 0.0072518 0.00576128 0.00458403 0.00367759 0.00300696 0.00254481 0.00227187 
0.00246322 0.00255068 0.00283684 0.00333506 0.00406702 0.00506304 0.00636192 0.00801075 0.0100645 0.0125856 0.0156427 0.0193101 0.0236662 0.0287914 0.0347665 0.0416705 0.0495775 0.0585545 0.0686585 0.0799335 0.0924085 0.106094 0.120983 0.137046 0.15423 0.172465 0.191655 0.211687 0.232429 0.253732 0.275436 0.29737 0.319359 0.341224 0.362788 0.383876 0.404322 0.423971 0.442676 0.460306 0.476742 0.491881 0.505631 0.517918 0.528677 0.537856 0.545414 0.551319 0.555548 0.558085 0.55892 0.55805 0.555478 0.551214 0.545272 0.537677 0.528461 0.517664 0.50534 0.491552 0.476378 0.459909 0.442249 0.423518 0.403849 0.383388 0.362293 0.340731 0.318876 0.296905 0.274996 0.253327 0.232065 0.211371 0.191391 0.172256 0.154078 0.13695 0.120944 0.106108 0.0924698 0.0800378 0.0687995 0.0587254 0.0497713 0.0418802 0.0349855 0.0290133 0.0238855 0.019522 0.0158431 0.0127713 0.0102331 0.00816043 0.00649152 0.0051719 0.00415485 0.00340181 0.00288262 0.002576 
0.00277679 0.00287505 0.0031955 0.00375283 0.00457089 0.00568296 0.0071316 0.00896834 0.0112532 0.014054 0.0174453 0.0215076 0.0263248 0.0319834 0.0385692 0.0461654 0.0548496 0.0646908 0.0757464 0.0880594 0.101656 0.116541 0.132701 0.150097 0.168668 0.188329 0.208973 0.230473 0.252681 0.275436 0.298562 0.321877 0.345192 0.368317 0.391067 0.41326 0.434726 0.455304 0.474849 0.493228 0.510325 0.526039 0.540285 0.552991 0.5641 0.573564 0.581347 0.587423 0.591771 0.594379 0.595238 0.594346 0.591705 0.587322 0.581211 0.57339 0.563888 0.552741 0.539994 0.525708 0.509955 0.49282 0.474406 0.454831 0.434227 0.412741 0.390535 0.367781 0.34466 0.321359 0.298067 0.274973 0.252258 0.230097 0.208651 0.188064 0.168463 0.149954 0.132618 0.116517 0.101685 0.0881377 0.0758672 0.064847 0.0550338 0.04637 0.038787 0.0322074 0.0265489 0.0217262 0.0176538 0.0142485 0.0114308 0.00912678 0.00726939 0.00579911 0.00466487 0.00382444 0.00324473 0.00290237 
0.00311058 0.00322028 0.0035769 0.00419654 0.00510526 0.0063394 0.00794534 0.00997913 0.0125059 0.015599 0.0193391 0.0238122 0.0291086 0.0353198 0.042537 0.0508471 0.0603308 0.0710583 0.0830872 0.0964585 0.111194 0.127294 0.144737 0.163473 0.183432 0.204515 0.226602 0.24955 0.273199 0.29737 0.321877 0.346522 0.371105 0.395427 0.419294 0.442518 0.464925 0.486353 0.506655 0.525701 0.543379 0.559593 0.574262 0.587321 0.598719 0.608416 0.61638 0.622592 0.627034 0.629696 0.630575 0.629666 0.626972 0.622497 0.616252 0.608252 0.598518 0.58708 0.573979 0.559268 0.543011 0.525291 0.506205 0.485866 0.464407 0.441974 0.41873 0.394853 0.37053 0.345955 0.321329 0.296852 0.272718 0.249116 0.226221 0.204194 0.183174 0.16328 0.144609 0.12723 0.111189 0.096508 0.083185 0.0711971 0.0605028 0.0510444 0.0427517 0.0355444 0.029336 0.0240363 0.0195546 0.0158016 0.0126919 0.0101459 0.00809103 0.00646266 0.0052053 0.00427296 0.00362956 0.00324959 
0.00346277 0.00358448 0.00397894 0.00466369 0.00566706 0.00702849 0.00879825 0.0110369 0.0138149 0.017211 0.0213116 0.026209 0.0319989 0.0387783 0.0466428 0.0556831 0.0659823 0.0776116 0.0906278 0.105069 0.120953 0.138274 0.157 0.177073 0.198409 0.220897 0.244402 0.268768 0.293817 0.319359 0.345192 0.371105 0.396888 0.422333 0.447237 0.471409 0.494671 0.516861 0.537833 0.55746 0.575635 0.592268 0.607285 0.620628 0.632254 0.642129 0.650229 0.65654 0.66105 0.663753 0.664646 0.663726 0.660995 0.656456 0.650114 0.641979 0.632067 0.620402 0.607017 0.591955 0.575277 0.557056 0.537384 0.51637 0.494142 0.470847 0.44665 0.421728 0.396276 0.370495 0.344596 0.318788 0.293281 0.268277 0.243964 0.220519 0.198096 0.176828 0.156825 0.138167 0.120911 0.105087 0.0907001 0.0777307 0.06614 0.055871 0.0468524 0.0390016 0.0322282 0.0264375 0.0215333 0.0174207 0.0140087 0.0112117 0.0089515 0.00715862 0.005773 0.00474482 0.00403497 0.00361577 
0.00383104 0.00396522 0.00439894 0.00515114 0.00625245 0.00774546 0.00968434 0.0121343 0.0151707 0.0188781 0.0233487 0.0286803 0.0349742 0.0423327 0.0508554 0.0606364 0.0717606 0.0842998 0.0983091 0.113824 0.130856 0.149392 0.169392 0.190786 0.213477 0.237342 0.26223 0.28797 0.31437 0.341224 0.368317 0.395427 0.422333 0.448817 0.474672 0.499703 0.523728 0.546587 0.568138 0.588257 0.606843 0.623813 0.639102 0.65266 0.66445 0.67445 0.682642 0.689017 0.693569 0.696297 0.697199 0.696275 0.693523 0.688945 0.682542 0.674318 0.664284 0.652454 0.638854 0.62352 0.606502 0.587866 0.567698 0.5461 0.523196 0.499131 0.474068 0.448189 0.42169 0.39478 0.367678 0.340605 0.313782 0.287424 0.261737 0.236909 0.21311 0.19049 0.169168 0.149241 0.130775 0.113809 0.0983539 0.084397 0.0719019 0.0608129 0.0510582 0.0425531 0.035204 0.0289118 0.0235754 0.0190943 0.0153717 0.0123164 0.00984477 0.00788218 0.00636409 0.00523684 0.00445825 0.00399846 
0.00421254 0.00435958 0.00483362 0.00565507 0.00685684 0.00848465 0.0105966 0.0132623 0.0165625 0.020587 0.0254336 0.0312058 0.0380102 0.0459537 0.05514 0.065666 0.0776179 0.0910672 0.106067 0.122649 0.140819 0.160556 0.181809 0.204498 0.228513 0.253714 0.279939 0.306999 0.334689 0.362788 0.391067 0.419294 0.447237 0.474672 0.501386 0.527181 0.551875 0.57531 0.597346 0.617867 0.636778 0.654005 0.66949 0.683194 0.69509 0.705161 0.713401 0.719806 0.724377 0.727115 0.728022 0.727098 0.724341 0.719749 0.71332 0.705052 0.694948 0.683015 0.669269 0.653737 0.636461 0.617497 0.596922 0.574833 0.551348 0.526608 0.500773 0.474027 0.44657 0.418616 0.39039 0.362125 0.334053 0.306402 0.279392 0.253227 0.228093 0.204151 0.181538 0.160361 0.140699 0.1226 0.106083 0.0911408 0.0777409 0.0658294 0.0553344 0.0461698 0.038239 0.0314392 0.0256643 0.0208087 0.0167699 0.0134513 0.0107637 0.00862762 0.00697392 0.00574518 0.00489613 0.00439471 
0.00460397 0.00476413 0.00527922 0.00617109 0.00747493 0.00923957 0.0115269 0.0144112 0.017978 0.0223225 0.0275479 0.0337632 0.04108 0.0496095 0.059459 0.0707276 0.0835025 0.0978546 0.113835 0.131469 0.150757 0.17167 0.194146 0.218093 0.243388 0.269877 0.297381 0.325698 0.354608 0.383876 0.41326 0.442518 0.471409 0.499703 0.527181 0.553644 0.578912 0.602827 0.625258 0.646093 0.665246 0.68265 0.69826 0.712045 0.723989 0.734083 0.74233 0.748733 0.753299 0.756034 0.756941 0.756022 0.753274 0.748693 0.74227 0.733999 0.723875 0.711897 0.698071 0.682414 0.664958 0.64575 0.624858 0.60237 0.578397 0.553076 0.526566 0.499048 0.470725 0.441816 0.412552 0.383176 0.353929 0.325054 0.296784 0.269338 0.242916 0.217696 0.193827 0.17143 0.150597 0.131384 0.11382 0.0979033 0.0836059 0.0708764 0.0596434 0.0498198 0.0413067 0.0339974 0.0277817 0.0225489 0.0181911 0.0146064 0.0117003 0.00938841 0.00759718 0.00626541 0.00534479 0.0048011 
0.00500155 0.00517497 0.00573145 0.00669423 0.00810078 0.010003 0.0124665 0.0155699 0.0194036 0.0240681 0.0296717 0.0363285 0.0441547 0.0532658 0.0637719 0.0757742 0.0893603 0.1046 0.12154 0.140203 0.160581 0.182635 0.206294 0.231453 0.257975 0.285692 0.314411 0.343915 0.373967 0.404322 0.434726 0.464925 0.494671 0.523728 0.551875 0.578912 0.604659 0.628965 0.651702 0.672766 0.692082 0.709591 0.725259 0.739065 0.751003 0.761076 0.769292 0.775664 0.780205 0.782923 0.783827 0.782918 0.780192 0.775642 0.769256 0.76102 0.750921 0.738951 0.725105 0.709391 0.69183 0.672457 0.651331 0.628532 0.604164 0.578357 0.551266 0.523072 0.493977 0.464205 0.433993 0.40359 0.373251 0.343228 0.313768 0.285105 0.257454 0.231007 0.205928 0.182352 0.16038 0.140082 0.121495 0.104623 0.089443 0.0759073 0.0639453 0.0534692 0.0443781 0.0365624 0.0299076 0.0242983 0.0196218 0.0157707 0.0126456 0.0101573 0.00822789 0.00679253 0.00579993 0.0052137 
0.00540115 0.00558782 0.00618558 0.00721907 0.00872793 0.010767 0.0134056 0.0167266 0.020825 0.0258062 0.0317836 0.0388759 0.0472039 0.0568865 0.0680367 0.080757 0.095135 0.111239 0.129112 0.14877 0.1702 0.193353 0.218145 0.244461 0.272149 0.301028 0.330889 0.361501 0.392615 0.423971 0.455304 0.486353 0.516861 0.546587 0.57531 0.602827 0.628965 0.653574 0.676534 0.697751 0.717156 0.734704 0.750369 0.764143 0.776028 0.786039 0.794192 0.800507 0.805004 0.807696 0.808593 0.807697 0.805004 0.800504 0.79418 0.786012 0.77598 0.764065 0.750255 0.734544 0.716944 0.69748 0.676199 0.653172 0.628496 0.602292 0.574712 0.545935 0.516163 0.48562 0.454551 0.423212 0.391865 0.360776 0.330204 0.300396 0.271582 0.243968 0.217734 0.193026 0.16996 0.148614 0.129035 0.111235 0.0951964 0.0808736 0.068198 0.057082 0.047423 0.0391086 0.0320206 0.0260394 0.0210474 0.0169323 0.01359 0.0109263 0.00885956 0.00732111 0.00625682 0.00562823 
0.00579828 0.00599806 0.00663655 0.00773976 0.00934942 0.0115232 0.014334 0.0178687 0.0222268 0.0275182 0.0338612 0.0413788 0.0501959 0.0604345 0.07221 0.085626 0.10077 0.117706 0.136476 0.15709 0.179525 0.203724 0.229593 0.257002 0.285789 0.315756 0.346681 0.378319 0.410408 0.442676 0.474849 0.506655 0.537833 0.568138 0.597346 0.625258 0.651702 0.676534 0.699642 0.720941 0.740371 0.757898 0.773508 0.787202 0.798995 0.80891 0.816972 0.82321 0.827647 0.830303 0.83119 0.830311 0.827661 0.823226 0.816986 0.808915 0.798983 0.787164 0.773435 0.757782 0.740202 0.720712 0.699347 0.676168 0.651263 0.624747 0.596766 0.567495 0.537137 0.505916 0.474082 0.441896 0.409631 0.377561 0.345958 0.315083 0.285178 0.256466 0.229139 0.203356 0.179246 0.156899 0.136369 0.117677 0.100809 0.0857256 0.0723588 0.0606214 0.0504099 0.0416095 0.0340987 0.0277538 0.0224528 0.0180789 0.0145231 0.0116872 0.00948523 0.00784527 0.00671036 0.00604004 
