0.00408386 0.00411727 0.00422459 0.00440651 0.00466381 0.0049975 0.00540886 0.00589934 0.00647053 0.00712411 0.00786177 0.00868516 0.00959578 0.010595 0.0116837 0.0128628 0.0141323 0.015492 0.016941 0.0184778 0.0201001 0.0218049 0.0235883 0.0254455 0.0273711 0.0293586 0.0314006 0.0334889 0.0356144 0.0377674 0.0399372 0.0421128 0.0442823 0.0464334 0.0485535 0.0506299 0.0526494 0.054599 0.056466 0.0582377 0.0599019 0.0614469 0.0628618 0.0641362 0.065261 0.0662278 0.0670294 0.0676599 0.0681144 0.0683895 0.0684832 0.0683947 0.0681249 0.0676757 0.0670505 0.0662542 0.0652927 0.0641732 0.0629041 0.0614945 0.0599548 0.0582958 0.0565294 0.0546675 0.0527228 0.0507082 0.0486366 0.046521 0.0443741 0.0422087 0.0400368 0.0378703 0.0357203 0.0335973 0.0315111 0.0294708 0.0274844 0.0255595 0.0237023 0.0219184 0.0202126 0.0185888 0.0170499 0.0155982 0.0142353 0.0129622 0.011779 0.0106856 0.0096813 0.0087652 0.00793597 0.00719212 0.00653205 0.0059541 0.00545663 0.00503808 0.00469704 0.00443229 0.00424283 0.00412814 
0.00411727 0.00415097 0.00425918 0.00444259 0.00470199 0.00503839 0.00545309 0.00594752 0.00652331 0.00718214 0.0079257 0.00875564 0.0096735 0.0106806 0.0117779 0.0129662 0.0142456 0.0156159 0.0170762 0.0186248 0.0202595 0.0219773 0.0237742 0.0256456 0.0275856 0.029588 0.0316451 0.0337489 0.0358901 0.0380588 0.0402445 0.0424358 0.0446209 0.0467875 0.0489228 0.0510139 0.0530478 0.0550112 0.0568913 0.0586754 0.0603512 0.061907 0.0633316 0.0646149 0.0657475 0.0667209 0.067528 0.0681627 0.0686203 0.0688973 0.0689916 0.0689025 0.0686307 0.0681784 0.0675489 0.066747 0.0657788 0.0646516 0.0633736 0.0619542 0.0604037 0.0587331 0.0569542 0.0550792 0.0531208 0.0510918 0.0490054 0.0468746 0.0447124 0.0425313 0.0403436 0.0381613 0.0359956 0.033857 0.0317554 0.0296999 0.0276987 0.0257593 0.0238881 0.0220908 0.020372 0.0187357 0.017185 0.0157222 0.0143487 0.0130657 0.0118732 0.0107713 0.00975913 0.0088358 0.00800001 0.00725026 0.00658495 0.00600239 0.00550095 0.00507906 0.0047353 0.00446844 0.00427746 0.00416187 
0.00422459 0.00425918 0.00437009 0.00455803 0.00482379 0.00516842 0.00559321 0.00609964 0.00668933 0.007364 0.00812535 0.00897507 0.00991467 0.0109455 0.0120686 0.0132846 0.0145936 0.0159955 0.0174892 0.0190731 0.0207448 0.0225012 0.0243383 0.0262511 0.028234 0.0302802 0.0323822 0.0345315 0.0367187 0.0389339 0.041166 0.0434036 0.0456347 0.0478465 0.0500263 0.0521606 0.0542363 0.05624 0.0581584 0.0599787 0.0616884 0.0632755 0.0647288 0.0660377 0.0671928 0.0681856 0.0690087 0.069656 0.0701225 0.0704049 0.0705009 0.0704099 0.0701326 0.0696711 0.069029 0.068211 0.0672234 0.0660734 0.0647696 0.0633215 0.0617396 0.0600351 0.0582199 0.0563065 0.0543078 0.052237 0.0501074 0.0479322 0.0457247 0.0434977 0.0412638 0.0390351 0.0368231 0.0346385 0.0324914 0.0303912 0.0283463 0.0263642 0.0244516 0.0226142 0.0208569 0.0191838 0.0175979 0.0161017 0.0146968 0.0133841 0.012164 0.0110364 0.0100005 0.00905549 0.00819995 0.00743242 0.00675126 0.00615479 0.00564134 0.00520933 0.00485732 0.00458405 0.00438851 0.00427017 
0.00440651 0.00444259 0.00455803 0.00475357 0.00502999 0.00538839 0.00583008 0.00635657 0.00696952 0.00767067 0.00846178 0.00934453 0.0103205 0.011391 0.012557 0.0138192 0.0151777 0.0166323 0.0181817 0.0198243 0.0215576 0.0233783 0.0252822 0.0272641 0.0293182 0.0314373 0.0336138 0.0358387 0.0381025 0.0403946 0.0427039 0.0450184 0.0473256 0.0496126 0.0518659 0.054072 0.056217 0.0582873 0.0602693 0.0621496 0.0639154 0.0655544 0.067055 0.0684065 0.069599 0.0706238 0.0714733 0.0721413 0.0726227 0.072914 0.0730129 0.0729188 0.0726323 0.0721557 0.0714926 0.0706479 0.069628 0.0684405 0.067094 0.0655984 0.0639645 0.0622037 0.0603284 0.0583514 0.0562861 0.0541459 0.0519445 0.0496958 0.0474132 0.0451101 0.0427995 0.0404938 0.0382048 0.0359439 0.0337214 0.0315469 0.0294291 0.027376 0.0253945 0.0234905 0.0216691 0.0199345 0.0182901 0.0167383 0.0152808 0.0139188 0.0126526 0.0114821 0.0104067 0.00942536 0.00853681 0.00773954 0.0070319 0.00641216 0.00587862 0.00542968 0.00506385 0.00477986 0.00457667 0.00445374 
0.00466381 0.00470199 0.00482379 0.00502999 0.00532141 0.00569915 0.00616457 0.00671924 0.00736485 0.0081032 0.00893607 0.00986519 0.0108921 0.0120182 0.0132445 0.0145715 0.0159994 0.0175277 0.0191552 0.0208801 0.0226997 0.0246104 0.0266077 0.0286864 0.03084 0.0330612 0.0353417 0.0376724 0.0400431 0.0424429 0.0448599 0.0472817 0.0496953 0.0520872 0.0544432 0.0567494 0.0589912 0.0611545 0.0632251 0.0651891 0.0670332 0.0687445 0.0703112 0.0717219 0.0729665 0.0740359 0.0749224 0.0756192 0.0761214 0.076425 0.076528 0.0764295 0.0761302 0.0756326 0.0749402 0.0740583 0.0729935 0.0717535 0.0703475 0.0687857 0.0670792 0.06524 0.0632808 0.0612152 0.0590568 0.0568197 0.0545183 0.0521668 0.0497795 0.0473701 0.0449523 0.042539 0.0401426 0.037775 0.0354469 0.0331685 0.030949 0.0287966 0.0267186 0.0247213 0.0228102 0.0209896 0.0192631 0.0176334 0.0161024 0.0146712 0.0133403 0.0121097 0.0109788 0.00994653 0.00901167 0.00817267 0.00742784 0.00677542 0.00621368 0.00574095 0.00535571 0.00505666 0.00484272 0.00471334 
0.0049975 0.00503839 0.00516842 0.00538839 0.00569915 0.00610184 0.0065979 0.00718892 0.00787667 0.00866298 0.00954971 0.0105386 0.0116313 0.012829 0.0141329 0.0155434 0.0170606 0.0186839 0.020412 0.0222427 0.0241732 0.0261997 0.0283172 0.0305202 0.0328017 0.0351541 0.0375684 0.0400349 0.0425429 0.0450808 0.0476361 0.0501957 0.0527458 0.0552721 0.05776 0.0601944 0.0625604 0.0648429 0.067027 0.0690983 0.0710426 0.0728467 0.0744979 0.0759845 0.0772959 0.0784225 0.0793562 0.08009 0.0806187 0.0809383 0.0810464 0.0809422 0.0806266 0.080102 0.0793721 0.0784426 0.0773202 0.0760131 0.0745309 0.0728842 0.0710847 0.069145 0.0670784 0.064899 0.0626213 0.0602601 0.0578304 0.0553472 0.0528254 0.0502797 0.0477243 0.0451729 0.0426386 0.0401339 0.0376703 0.0352584 0.0329081 0.0306281 0.0284261 0.026309 0.0242824 0.0223512 0.0205191 0.0187892 0.0171634 0.0156431 0.0142289 0.0129209 0.0117184 0.0106205 0.00962597 0.00873316 0.00794037 0.00724581 0.00664769 0.00614427 0.005734 0.00541552 0.00518771 0.00505001 
0.00540886 0.00545309 0.00559321 0.00583008 0.00616457 0.0065979 0.00713153 0.00776715 0.00850657 0.00935172 0.0103045 0.0113666 0.0125399 0.0138255 0.0152244 0.0167372 0.0183637 0.0201033 0.0219544 0.0239146 0.0259808 0.0281488 0.0304134 0.0327683 0.0352062 0.0377187 0.0402964 0.0429287 0.0456043 0.0483108 0.0510348 0.0537624 0.056479 0.0591693 0.0618178 0.0644087 0.0669259 0.0693536 0.0716761 0.073878 0.0759445 0.0778615 0.0796157 0.0811946 0.0825872 0.0837834 0.0847746 0.0855535 0.0861144 0.0864533 0.0865677 0.0864567 0.0861212 0.0855637 0.0847883 0.0838007 0.0826083 0.0812195 0.0796445 0.0778944 0.0759817 0.0739195 0.0717221 0.0694042 0.0669812 0.0644686 0.0618825 0.0592387 0.056553 0.053841 0.0511177 0.0483979 0.0456953 0.0430233 0.0403942 0.0378193 0.0353092 0.0328732 0.0305197 0.028256 0.0260882 0.0240217 0.0220605 0.0202078 0.0184661 0.0168367 0.0153205 0.0139176 0.0126275 0.0114492 0.0103815 0.00942268 0.0085711 0.00782485 0.0071821 0.00664104 0.00620006 0.00585774 0.00561292 0.00546501 
0.00589934 0.00594752 0.00609964 0.00635657 0.00671924 0.00718892 0.00776715 0.00845567 0.00925641 0.0101713 0.0112024 0.0123514 0.0136201 0.0150098 0.0165214 0.0181553 0.0199113 0.0217885 0.0237851 0.0258986 0.0281254 0.0304608 0.0328991 0.0354335 0.0380561 0.0407578 0.0435283 0.0463565 0.0492299 0.0521352 0.0550583 0.0579841 0.0608969 0.0637805 0.0666183 0.0693934 0.0720887 0.0746875 0.0771728 0.0795285 0.0817388 0.0837886 0.0856639 0.0873516 0.0888398 0.0901178 0.0911766 0.0920084 0.0926073 0.0929689 0.0930907 0.0929716 0.0926127 0.0920166 0.0911876 0.0901318 0.0888569 0.087372 0.0856878 0.0838161 0.0817701 0.0795639 0.0772124 0.0747314 0.0721372 0.0694464 0.0666761 0.063843 0.0609641 0.058056 0.0551348 0.0522162 0.0493151 0.0464457 0.0436211 0.0408538 0.038155 0.0355347 0.0330022 0.0305652 0.0282305 0.0260038 0.0238898 0.021892 0.020013 0.0182545 0.0166175 0.0151022 0.0137082 0.0124346 0.0112801 0.0102431 0.0093218 0.00851426 0.00781856 0.00723285 0.00675544 0.00638483 0.00611982 0.00595981 
0.00647053 0.00652331 0.00668933 0.00696952 0.00736485 0.00787667 0.00850657 0.00925641 0.0101282 0.0111239 0.0122456 0.0134952 0.0148744 0.0163845 0.0180264 0.0198003 0.021706 0.0237423 0.0259072 0.0281976 0.0306097 0.0331383 0.0357771 0.0385186 0.0413543 0.044274 0.0472669 0.0503206 0.0534218 0.0565562 0.0597083 0.0628621 0.0660007 0.0691066 0.0721621 0.075149 0.0780491 0.0808443 0.0835167 0.086049 0.0884244 0.0906268 0.0926412 0.0944536 0.0960514 0.0974234 0.0985597 0.0994523 0.100095 0.100482 0.100613 0.100484 0.100099 0.0994581 0.0985676 0.0974335 0.096064 0.0944688 0.0926592 0.090648 0.0884489 0.0860772 0.0835488 0.0808804 0.0780895 0.0751939 0.0722117 0.069161 0.06606 0.0629263 0.0597773 0.0566299 0.0535002 0.0504033 0.0473537 0.0443646 0.0414481 0.0386154 0.0358763 0.0332393 0.030712 0.0283005 0.02601 0.0238444 0.0218067 0.0198989 0.0181222 0.016477 0.0149628 0.0135789 0.012324 0.0111965 0.0101944 0.0093159 0.00855888 0.00792144 0.0074018 0.00699842 0.00671003 0.00653598 
0.00712411 0.00718214 0.007364 0.00767067 0.0081032 0.00866298 0.00935172 0.0101713 0.0111239 0.0122115 0.0134364 0.0148003 0.0163051 0.0179521 0.0197419 0.021675 0.0237506 0.0259674 0.0283231 0.0308144 0.0334366 0.0361842 0.0390501 0.0420263 0.045103 0.0482697 0.0515141 0.0548229 0.0581818 0.061575 0.0649859 0.0683973 0.0717908 0.0751478 0.0784489 0.0816748 0.0848058 0.0878226 0.090706 0.0934374 0.0959988 0.0983731 0.100544 0.102497 0.104218 0.105696 0.10692 0.107881 0.108572 0.108989 0.109129 0.10899 0.108574 0.107884 0.106924 0.105702 0.104226 0.102506 0.100556 0.098387 0.0960156 0.0934573 0.0907294 0.0878498 0.0848371 0.0817104 0.0784892 0.0751929 0.0718409 0.0684524 0.0650462 0.0616402 0.058252 0.054898 0.0515938 0.0483537 0.0451909 0.0421176 0.0391445 0.036281 0.0335353 0.0309142 0.0284235 0.0260676 0.0238499 0.0217727 0.0198373 0.0180444 0.0163937 0.0148844 0.0135154 0.0122849 0.011191 0.0102317 0.00940491 0.0087086 0.00814092 0.00770025 0.00738523 0.00719523 
0.00786177 0.0079257 0.00812535 0.00846178 0.00893607 0.00954971 0.0103045 0.0112024 0.0122456 0.0134364 0.0147768 0.016269 0.0179146 0.0197148 0.0216705 0.0237816 0.0260474 0.0284663 0.0310355 0.0337512 0.0366083 0.0396006 0.0427202 0.0459583 0.0493042 0.0527463 0.0562712 0.0598644 0.0635103 0.0671919 0.0708911 0.0745892 0.0782665 0.0819026 0.0854769 0.0889685 0.0923562 0.0956192 0.098737 0.101689 0.104457 0.107022 0.109367 0.111476 0.113335 0.11493 0.11625 0.117287 0.118033 0.118482 0.118633 0.118482 0.118033 0.117287 0.11625 0.11493 0.113336 0.111479 0.109371 0.107028 0.104465 0.1017 0.0987506 0.0956362 0.0923771 0.0889935 0.0855065 0.081937 0.078306 0.074634 0.0709413 0.0672474 0.0635713 0.0599307 0.0563426 0.0528226 0.0493851 0.0460433 0.0428089 0.0396924 0.0367026 0.0338474 0.0311329 0.0285641 0.0261449 0.023878 0.021765 0.0198067 0.018003 0.0163533 0.0148563 0.0135104 0.0123135 0.0112636 0.0103585 0.00959616 0.00897457 0.00849203 0.00814715 0.00793923 
0.00868516 0.00875564 0.00897507 0.00934453 0.00986519 0.0105386 0.0113666 0.0123514 0.0134952 0.0148003 0.016269 0.0179033 0.0197048 0.0216749 0.0238141 0.0261224 0.0285987 0.031241 0.0340462 0.0370099 0.0401266 0.043389 0.0467887 0.0503157 0.0539586 0.0577042 0.0615383 0.0654449 0.0694068 0.0734058 0.0774222 0.0814357 0.0854249 0.0893679 0.0932424 0.0970257 0.100695 0.104229 0.107603 0.110799 0.113793 0.116567 0.119103 0.121383 0.123391 0.125115 0.126541 0.127661 0.128467 0.128952 0.129114 0.128951 0.128464 0.127658 0.126537 0.12511 0.123386 0.121378 0.119098 0.116564 0.113791 0.110799 0.107606 0.104234 0.100705 0.0970389 0.09326 0.0893903 0.0854525 0.0814687 0.0774609 0.0734503 0.0694572 0.0655011 0.0616002 0.0577717 0.0540313 0.0503933 0.0468707 0.0434749 0.0402157 0.0371017 0.0341398 0.0313357 0.0286937 0.0262169 0.0239073 0.021766 0.0197929 0.0179876 0.0163488 0.0148748 0.0135637 0.0124134 0.0114215 0.0105858 0.00990442 0.00937544 0.00899742 0.00876963 
0.00959578 0.0096735 0.00991467 0.0103205 0.0108921 0.0116313 0.0125399 0.0136201 0.0148744 0.0163051 0.0179146 0.0197048 0.0216775 0.0238339 0.0261745 0.0286988 0.0314057 0.0342928 0.0373564 0.0405916 0.0439921 0.04755 0.0512558 0.0550986 0.0590656 0.0631427 0.067314 0.0715623 0.0758689 0.0802138 0.0845757 0.0889325 0.0932613 0.0975382 0.101739 0.10584 0.109816 0.113642 0.117297 0.120755 0.123995 0.126997 0.129739 0.132204 0.134376 0.136239 0.13778 0.13899 0.13986 0.140384 0.140558 0.140382 0.139855 0.138983 0.137771 0.136228 0.134363 0.132191 0.129726 0.126983 0.123983 0.120744 0.117287 0.113636 0.109812 0.10584 0.101743 0.0975472 0.0932755 0.0889525 0.0846016 0.0802458 0.0759073 0.0716072 0.0673652 0.0632001 0.059129 0.0551676 0.0513301 0.0476289 0.0440751 0.040678 0.0374455 0.0343837 0.0314977 0.028791 0.0262659 0.0239237 0.0217648 0.0197887 0.0179943 0.0163798 0.0149434 0.0136827 0.0125954 0.0116792 0.010932 0.010352 0.00993757 0.00968795 
0.010595 0.0106806 0.0109455 0.011391 0.0120182 0.012829 0.0138255 0.0150098 0.0163845 0.0179521 0.0197148 0.0216749 0.0238339 0.026193 0.0287525 0.0315117 0.0344693 0.0376222 0.0409664 0.0444962 0.0482047 0.0520829 0.0561205 0.0603052 0.0646233 0.0690591 0.0735953 0.0782131 0.0828921 0.0876106 0.0923457 0.0970731 0.101768 0.106405 0.110958 0.115401 0.119706 0.123849 0.127804 0.131546 0.135051 0.138296 0.141261 0.143926 0.146272 0.148285 0.14995 0.151257 0.152196 0.152761 0.152949 0.152758 0.152189 0.151246 0.149936 0.148267 0.146252 0.143904 0.141238 0.138272 0.135027 0.131522 0.127782 0.123829 0.119688 0.115386 0.110948 0.106399 0.101768 0.0970785 0.0923573 0.0876289 0.0829172 0.0782451 0.0736344 0.0691051 0.0646761 0.0603645 0.0561858 0.0521538 0.0482805 0.0445764 0.04105 0.0377085 0.0345574 0.0316008 0.0288415 0.026281 0.02392 0.0217581 0.0197942 0.0180267 0.0164537 0.0150727 0.0138815 0.0128775 0.0120587 0.0114231 0.0109689 0.0106955 
0.0116837 0.0117779 0.0120686 0.012557 0.0132445 0.0141329 0.0152244 0.0165214 0.0180264 0.0197419 0.0216705 0.0238141 0.0261745 0.0287525 0.0315483 0.0345611 0.037789 0.0412286 0.0448751 0.0487224 0.0527624 0.0569854 0.0613799 0.0659324 0.0706277 0.0754488 0.0803768 0.0853911 0.0904696 0.0955887 0.100723 0.105848 0.110935 0.115957 0.120887 0.125695 0.130353 0.134834 0.13911 0.143155 0.146942 0.150448 0.15365 0.156527 0.15906 0.161232 0.163029 0.164439 0.165452 0.166062 0.166264 0.166057 0.165442 0.164424 0.163009 0.161208 0.159032 0.156495 0.153616 0.150412 0.146905 0.143117 0.139073 0.134799 0.13032 0.125665 0.12086 0.115936 0.110919 0.105837 0.100719 0.0955916 0.0904798 0.0854089 0.0804022 0.075482 0.0706685 0.0659805 0.061435 0.057047 0.05283 0.0487952 0.0449524 0.0413094 0.0378725 0.0346464 0.0316343 0.0288381 0.0262588 0.0238961 0.0217491 0.0198162 0.0180955 0.0165844 0.0152807 0.0141818 0.0132855 0.0125896 0.0120925 0.0117933 
0.0128628 0.0129662 0.0132846 0.0138192 0.0145715 0.0155434 0.0167372 0.0181553 0.0198003 0.021675 0.0237816 0.0261224 0.0286988 0.0315117 0.0345611 0.0378458 0.0413634 0.04511 0.0490804 0.0532673 0.057662 0.0622536 0.0670294 0.0719746 0.0770727 0.0823048 0.0876505 0.0930875 0.0985915 0.104137 0.109697 0.115244 0.120748 0.12618 0.131509 0.136706 0.141738 0.146578 0.151194 0.155559 0.159646 0.163428 0.166881 0.169983 0.172714 0.175055 0.176992 0.178511 0.179602 0.180258 0.180475 0.180252 0.179589 0.178491 0.176966 0.175023 0.172677 0.169941 0.166835 0.163379 0.159595 0.155507 0.151142 0.146526 0.141688 0.136658 0.131465 0.126141 0.120714 0.115216 0.109676 0.104123 0.0985854 0.0930895 0.087661 0.0823238 0.0771001 0.0720103 0.067073 0.0623047 0.0577201 0.0533317 0.0491502 0.0451844 0.0414414 0.0379264 0.0346433 0.0315943 0.0287807 0.0262026 0.023859 0.0217484 0.019869 0.0182182 0.0167936 0.0155926 0.0146128 0.0138522 0.0133088 0.012982 
0.0141323 0.0142456 0.0145936 0.0151777 0.0159994 0.0170606 0.0183637 0.0199113 0.021706 0.0237506 0.0260474 0.0285987 0.0314057 0.0344693 0.037789 0.0413634 0.0451896 0.0492632 0.0535781 0.0581263 0.0628981 0.0678813 0.0730621 0.0784243 0.0839496 0.0896176 0.0954061 0.101291 0.107245 0.113242 0.119252 0.125245 0.13119 0.137054 0.142806 0.148411 0.153839 0.159056 0.164031 0.168734 0.173136 0.177208 0.180926 0.184265 0.187203 0.189722 0.191806 0.193439 0.194613 0.195318 0.195551 0.19531 0.194596 0.193414 0.191773 0.189682 0.187157 0.184212 0.180868 0.177146 0.173071 0.168667 0.163962 0.158987 0.153771 0.148345 0.142743 0.136996 0.131137 0.125199 0.119212 0.11321 0.107221 0.101275 0.0954001 0.0896209 0.0839622 0.0784462 0.073093 0.0679208 0.0629455 0.0581811 0.0536394 0.0493301 0.0452611 0.0414385 0.0378665 0.0345481 0.0314846 0.0286765 0.026123 0.0238228 0.0217738 0.0199737 0.0184199 0.0171098 0.0160409 0.015211 0.0146183 0.0142618 
0.015492 0.0156159 0.0159955 0.0166323 0.0175277 0.0186839 0.0201033 0.0217885 0.0237423 0.0259674 0.0284663 0.031241 0.0342928 0.0376222 0.0412286 0.04511 0.0492632 0.053683 0.0583625 0.063293 0.0684633 0.0738604 0.0794689 0.0852711 0.0912471 0.0973747 0.10363 0.109986 0.116414 0.122886 0.129369 0.135831 0.142239 0.148557 0.154751 0.160786 0.166627 0.17224 0.177591 0.182648 0.18738 0.191756 0.19575 0.199337 0.202492 0.205197 0.207433 0.209187 0.210446 0.211203 0.211452 0.211193 0.210426 0.209157 0.207394 0.205148 0.202435 0.199272 0.195679 0.19168 0.187299 0.182564 0.177505 0.172153 0.16654 0.160701 0.154669 0.148478 0.142165 0.135764 0.129309 0.122834 0.116371 0.109952 0.103606 0.0973608 0.0912435 0.0852778 0.0794856 0.0738868 0.0684988 0.0633369 0.0584142 0.0537413 0.0493272 0.0451787 0.0413006 0.0376964 0.0343679 0.0313158 0.0285396 0.0260379 0.0238089 0.0218501 0.020159 0.0187329 0.0175692 0.0166656 0.0160204 0.0156325 
0.016941 0.0170762 0.0174892 0.0181817 0.0191552 0.020412 0.0219544 0.0237851 0.0259072 0.0283231 0.0310355 0.0340462 0.0373564 0.0409664 0.0448751 0.0490804 0.0535781 0.0583625 0.063426 0.0687585 0.0743481 0.0801802 0.0862379 0.0925021 0.0989509 0.10556 0.112304 0.119154 0.126079 0.133048 0.140025 0.146978 0.153868 0.16066 0.167317 0.173799 0.180072 0.186097 0.19184 0.197265 0.202339 0.207032 0.211314 0.215157 0.218539 0.221437 0.223832 0.22571 0.227058 0.227869 0.228135 0.227856 0.227034 0.225675 0.223785 0.221379 0.218472 0.215081 0.211229 0.206941 0.202242 0.197163 0.191735 0.185991 0.179965 0.173693 0.167213 0.16056 0.153773 0.146889 0.139944 0.132974 0.126015 0.1191 0.112261 0.105528 0.0989297 0.0924921 0.0862391 0.0801921 0.0743703 0.0687904 0.0634667 0.0584112 0.0536336 0.0491416 0.0449408 0.0410352 0.0374271 0.0341173 0.0311058 0.0283913 0.025972 0.0238455 0.0220092 0.0204604 0.0191964 0.018215 0.0175142 0.017093 
0.0184778 0.0186248 0.0190731 0.0198243 0.0208801 0.0222427 0.0239146 0.0258986 0.0281976 0.0308144 0.0337512 0.0370099 0.0405916 0.0444962 0.0487224 0.0532673 0.0581263 0.063293 0.0687585 0.0745121 0.0805403 0.0868272 0.0933545 0.100101 0.107044 0.114156 0.121409 0.128774 0.136216 0.143701 0.151194 0.158656 0.166048 0.173332 0.180468 0.187416 0.194135 0.200588 0.206736 0.212542 0.217972 0.222992 0.227571 0.23168 0.235295 0.238392 0.240952 0.242959 0.244399 0.245265 0.245549 0.245251 0.244372 0.242918 0.240898 0.238326 0.235217 0.231592 0.227472 0.222885 0.217858 0.212423 0.206612 0.200461 0.194007 0.187288 0.180342 0.17321 0.16593 0.158544 0.151089 0.143606 0.13613 0.128698 0.121345 0.114103 0.107003 0.100073 0.0933387 0.0868234 0.080548 0.0745307 0.0687872 0.0633308 0.0581722 0.0533201 0.0487807 0.0445588 0.040657 0.0370767 0.0338179 0.0308797 0.0282602 0.0259573 0.0239682 0.0222903 0.0209208 0.0198574 0.0190981 0.018642 
0.0201001 0.0202595 0.0207448 0.0215576 0.0226997 0.0241732 0.0259808 0.0281254 0.0306097 0.0334366 0.0366083 0.0401266 0.0439921 0.0482047 0.0527624 0.057662 0.0628981 0.0684633 0.0743481 0.0805403 0.0870252 0.0937855 0.100801 0.108049 0.115505 0.123139 0.130921 0.138819 0.146797 0.154818 0.162843 0.170832 0.178743 0.186536 0.194167 0.201594 0.208775 0.215668 0.222234 0.228433 0.234228 0.239585 0.24447 0.248853 0.252708 0.25601 0.258739 0.260878 0.262413 0.263335 0.263637 0.263319 0.262381 0.260831 0.258677 0.255934 0.252619 0.248752 0.244357 0.239462 0.234097 0.228295 0.22209 0.215521 0.208625 0.201444 0.194018 0.18639 0.178602 0.170696 0.162714 0.154698 0.146687 0.138721 0.130835 0.123065 0.115444 0.108002 0.100767 0.0937646 0.087017 0.0805443 0.0743635 0.0684892 0.0629332 0.0577052 0.0528124 0.04826 0.0440513 0.0401881 0.0366708 0.0334984 0.0306696 0.0281819 0.0260329 0.0242197 0.0227396 0.0215904 0.0207697 0.0202769 
0.0218049 0.0219773 0.0225012 0.0233783 0.0246104 0.0261997 0.0281488 0.0304608 0.0331383 0.0361842 0.0396006 0.043389 0.04755 0.0520829 0.0569854 0.0622536 0.0678813 0.0738604 0.0801802 0.0868272 0.0937855 0.101036 0.108557 0.116324 0.12431 0.132483 0.140812 0.14926 0.15779 0.166363 0.174937 0.183468 0.191914 0.200229 0.208369 0.216289 0.223943 0.231289 0.238283 0.244884 0.251054 0.256755 0.261954 0.266617 0.270717 0.274229 0.277131 0.279405 0.281036 0.282016 0.282337 0.281998 0.281001 0.279352 0.277062 0.274144 0.270617 0.266503 0.261826 0.256617 0.250905 0.244727 0.238118 0.231119 0.223771 0.216115 0.208196 0.200058 0.191747 0.183307 0.174783 0.166219 0.157656 0.149138 0.140702 0.132387 0.124227 0.116256 0.108504 0.100997 0.0937602 0.0868154 0.0801811 0.0738731 0.0679047 0.0622863 0.0570262 0.0521302 0.0476022 0.0434446 0.039658 0.0362419 0.0331948 0.0305146 0.0281988 0.0262446 0.0246493 0.0234104 0.0225259 0.0219948 
0.0235883 0.0237742 0.0243383 0.0252822 0.0266077 0.0283172 0.0304134 0.0328991 0.0357771 0.0390501 0.0427202 0.0467887 0.0512558 0.0561205 0.0613799 0.0670294 0.0730621 0.0794689 0.0862379 0.0933545 0.100801 0.108557 0.116599 0.124901 0.133432 0.14216 0.15105 0.160063 0.169161 0.1783 0.187435 0.196523 0.205516 0.214366 0.223026 0.231449 0.239587 0.247394 0.254825 0.261838 0.268389 0.274442 0.279959 0.284908 0.289258 0.292983 0.296061 0.298472 0.300202 0.301241 0.301581 0.301221 0.300163 0.298414 0.295984 0.292888 0.289146 0.28478 0.279817 0.274287 0.268222 0.261661 0.25464 0.247203 0.239391 0.231251 0.222828 0.21417 0.205323 0.196336 0.187256 0.178129 0.169001 0.159916 0.150915 0.142039 0.133326 0.124811 0.116525 0.108498 0.100757 0.0933257 0.0862232 0.0794674 0.0730726 0.0670505 0.0614104 0.0561587 0.0513002 0.0468376 0.042772 0.0391031 0.0358297 0.0329498 0.0304609 0.0283604 0.0266454 0.0253135 0.0243626 0.0237919 
0.0254455 0.0256456 0.0262511 0.0272641 0.0286864 0.0305202 0.0327683 0.0354335 0.0385186 0.0420263 0.0459583 0.0503157 0.0550986 0.0603052 0.0659324 0.0719746 0.0784243 0.0852711 0.0925021 0.100101 0.108049 0.116324 0.124901 0.13375 0.14284 0.152136 0.1616 0.171192 0.180868 0.190585 0.200295 0.20995 0.219499 0.228894 0.238084 0.247019 0.255649 0.263925 0.2718 0.279229 0.286169 0.292578 0.298418 0.303656 0.30826 0.312201 0.315457 0.318007 0.319837 0.320934 0.321294 0.320913 0.319793 0.317942 0.315372 0.312096 0.308136 0.303515 0.298261 0.292405 0.285983 0.279033 0.271594 0.263711 0.25543 0.246797 0.237861 0.228672 0.21928 0.209736 0.200088 0.190388 0.180682 0.171018 0.161439 0.15199 0.14271 0.133636 0.124804 0.116245 0.107986 0.100054 0.0924706 0.0852542 0.0784208 0.0719833 0.0659517 0.0603336 0.0551343 0.0503572 0.0460036 0.0420738 0.0385668 0.0354806 0.032813 0.0305611 0.0287225 0.0272945 0.026275 0.0256632 
0.0273711 0.0275856 0.028234 0.0293182 0.03084 0.0328017 0.0352062 0.0380561 0.0413543 0.045103 0.0493042 0.0539586 0.0590656 0.0646233 0.0706277 0.0770727 0.0839496 0.0912471 0.0989509 0.107044 0.115505 0.12431 0.133432 0.14284 0.1525 0.162374 0.172423 0.182604 0.19287 0.203174 0.213467 0.223697 0.233812 0.243759 0.253486 0.262939 0.272067 0.280817 0.289141 0.296991 0.304322 0.311091 0.317258 0.322787 0.327646 0.331805 0.33524 0.337931 0.339861 0.341018 0.341397 0.340995 0.339813 0.33786 0.335147 0.33169 0.327511 0.322632 0.317085 0.310902 0.304118 0.296775 0.288914 0.280581 0.271824 0.262692 0.253237 0.24351 0.233566 0.223455 0.213233 0.202949 0.192656 0.182402 0.172236 0.162203 0.152345 0.142702 0.133312 0.124208 0.115421 0.106977 0.0989016 0.0912137 0.0839311 0.0770678 0.0706349 0.0646409 0.0590919 0.0539917 0.0493425 0.0451446 0.0413974 0.0380991 0.0352475 0.0328401 0.0308742 0.0293473 0.0282572 0.0276032 
0.0293586 0.029588 0.0302802 0.0314373 0.0330612 0.0351541 0.0377187 0.0407578 0.044274 0.0482697 0.0527463 0.0577042 0.0631427 0.0690591 0.0754488 0.0823048 0.0896176 0.0973747 0.10556 0.114156 0.123139 0.132483 0.14216 0.152136 0.162374 0.172836 0.183478 0.194255 0.205118 0.216016 0.226898 0.23771 0.248396 0.258901 0.269169 0.279144 0.288773 0.298001 0.306777 0.31505 0.322774 0.329905 0.336399 0.342221 0.347336 0.351714 0.355329 0.35816 0.360191 0.361409 0.361807 0.361383 0.36014 0.358084 0.355229 0.35159 0.34719 0.342053 0.336212 0.329699 0.322552 0.314814 0.306528 0.297742 0.288506 0.278872 0.268893 0.258625 0.248122 0.237441 0.226636 0.215763 0.204875 0.194025 0.183264 0.172638 0.162193 0.151973 0.142016 0.132359 0.123033 0.114069 0.105492 0.097324 0.0895833 0.0822855 0.0754429 0.0690651 0.0631587 0.0577284 0.0527768 0.0483046 0.0443116 0.0407962 0.0377563 0.0351896 0.0330933 0.031465 0.0303027 0.0296054 
0.0314006 0.0316451 0.0323822 0.0336138 0.0353417 0.0375684 0.0402964 0.0435283 0.0472669 0.0515141 0.0562712 0.0615383 0.067314 0.0735953 0.0803768 0.0876505 0.0954061 0.10363 0.112304 0.121409 0.130921 0.140812 0.15105 0.1616 0.172423 0.183478 0.194718 0.206097 0.217561 0.229059 0.240534 0.25193 0.26319 0.274255 0.285066 0.295566 0.305698 0.315404 0.324632 0.33333 0.341447 0.348939 0.355761 0.361875 0.367246 0.371842 0.375637 0.378608 0.380739 0.382017 0.382435 0.38199 0.380685 0.378527 0.375529 0.371709 0.367088 0.361695 0.355559 0.348716 0.341207 0.333073 0.324362 0.315122 0.305407 0.295269 0.284765 0.273952 0.262889 0.251633 0.240243 0.228776 0.21729 0.205839 0.194476 0.183252 0.172216 0.161411 0.150881 0.140664 0.130793 0.121302 0.112216 0.103561 0.0953549 0.0876159 0.0803571 0.0735889 0.067319 0.0615528 0.0562933 0.0515418 0.0472983 0.0435617 0.0403299 0.0376007 0.0353714 0.0336398 0.0324037 0.0316624 
0.0334889 0.0337489 0.0345315 0.0358387 0.0376724 0.0400349 0.0429287 0.0463565 0.0503206 0.0548229 0.0598644 0.0654449 0.0715623 0.0782131 0.0853911 0.0930875 0.101291 0.109986 0.119154 0.128774 0.138819 0.14926 0.160063 0.171192 0.182604 0.194255 0.206097 0.218078 0.230146 0.242244 0.254314 0.266296 0.27813 0.289755 0.30111 0.312133 0.322766 0.33295 0.342629 0.351748 0.360258 0.368109 0.375257 0.381662 0.387288 0.392101 0.396074 0.399185 0.401415 0.402753 0.40319 0.402724 0.401357 0.399098 0.395959 0.391958 0.387119 0.381469 0.375041 0.367871 0.36 0.351473 0.342337 0.332646 0.322451 0.311811 0.300782 0.289426 0.277801 0.265971 0.253995 0.241933 0.229847 0.217792 0.205826 0.194001 0.182369 0.170977 0.159869 0.149087 0.138668 0.128644 0.119046 0.109898 0.101222 0.0930368 0.0853568 0.0781936 0.0715557 0.0654491 0.0598775 0.0548429 0.0503454 0.0463843 0.0429578 0.0400636 0.0376994 0.0358629 0.0345519 0.0337659 
0.0356144 0.0358901 0.0367187 0.0381025 0.0400431 0.0425429 0.0456043 0.0492299 0.0534218 0.0581818 0.0635103 0.0694068 0.0758689 0.0828921 0.0904696 0.0985915 0.107245 0.116414 0.126079 0.136216 0.146797 0.15779 0.169161 0.180868 0.19287 0.205118 0.217561 0.230146 0.242817 0.255514 0.268177 0.280743 0.293149 0.305331 0.317226 0.32877 0.339901 0.350558 0.360685 0.370223 0.379121 0.387329 0.3948 0.401493 0.407369 0.412397 0.416547 0.419796 0.422125 0.423521 0.423977 0.42349 0.422063 0.419703 0.416425 0.412246 0.40719 0.401287 0.394569 0.387074 0.378846 0.369928 0.360373 0.350232 0.339563 0.328423 0.316873 0.304975 0.292793 0.280389 0.267829 0.255174 0.242488 0.229831 0.217261 0.204835 0.192607 0.180627 0.168941 0.157593 0.146622 0.136064 0.12595 0.116307 0.107158 0.0985242 0.0904201 0.0828589 0.07585 0.0694002 0.0635139 0.0581934 0.0534396 0.0492518 0.0456285 0.0425678 0.0400672 0.0381246 0.036738 0.0359067 
0.0377674 0.0380588 0.0389339 0.0403946 0.0424429 0.0450808 0.0483108 0.0521352 0.0565562 0.061575 0.0671919 0.0734058 0.0802138 0.0876106 0.0955887 0.104137 0.113242 0.122886 0.133048 0.143701 0.154818 0.166363 0.1783 0.190585 0.203174 0.216016 0.229059 0.242244 0.255514 0.268807 0.282058 0.295203 0.308176 0.320911 0.33334 0.345399 0.357022 0.368149 0.378716 0.388668 0.397949 0.406508 0.414297 0.421274 0.427399 0.432637 0.436961 0.440345 0.442772 0.444226 0.444701 0.444193 0.442706 0.440248 0.436832 0.432478 0.427209 0.421056 0.414053 0.406239 0.397657 0.388355 0.378385 0.367801 0.356662 0.345028 0.332962 0.320528 0.307793 0.294822 0.281682 0.268438 0.255156 0.2419 0.22873 0.215706 0.202883 0.190316 0.178053 0.16614 0.154619 0.143526 0.132897 0.122758 0.113137 0.104053 0.0955235 0.0875631 0.080182 0.0733877 0.0671854 0.0615779 0.0565665 0.0521508 0.0483298 0.0451015 0.0424638 0.0404146 0.0389518 0.038075 
0.0399372 0.0402445 0.041166 0.0427039 0.0448599 0.0476361 0.0510348 0.0550583 0.0597083 0.0649859 0.0708911 0.0774222 0.0845757 0.0923457 0.100723 0.109697 0.119252 0.129369 0.140025 0.151194 0.162843 0.174937 0.187435 0.200295 0.213467 0.226898 0.240534 0.254314 0.268177 0.282058 0.295891 0.309608 0.323141 0.336419 0.349375 0.361941 0.37405 0.385636 0.396638 0.406996 0.416653 0.425557 0.433658 0.440913 0.44728 0.452726 0.45722 0.460737 0.463258 0.46477 0.465263 0.464735 0.46319 0.460635 0.457084 0.452558 0.447081 0.440684 0.433401 0.425273 0.416345 0.406666 0.396288 0.385268 0.373667 0.361547 0.348973 0.336011 0.32273 0.309199 0.295487 0.281661 0.26779 0.253941 0.240177 0.226559 0.213148 0.199999 0.187163 0.174688 0.162619 0.150996 0.139852 0.129221 0.119128 0.109595 0.100642 0.0922834 0.0845307 0.0773924 0.0708742 0.0649798 0.0597108 0.0550673 0.0510484 0.0476524 0.0448775 0.0427215 0.0411826 0.0402603 
0.0421128 0.0424358 0.0434036 0.0450184 0.0472817 0.0501957 0.0537624 0.0579841 0.0628621 0.0683973 0.0745892 0.0814357 0.0889325 0.0970731 0.105848 0.115244 0.125245 0.135831 0.146978 0.158656 0.170832 0.183468 0.196523 0.20995 0.223697 0.23771 0.25193 0.266296 0.280743 0.295203 0.309608 0.323887 0.337969 0.351782 0.365254 0.378317 0.3909 0.402938 0.414364 0.425119 0.435144 0.444384 0.45279 0.460315 0.46692 0.472567 0.477227 0.480873 0.483487 0.485054 0.485565 0.485018 0.483416 0.480767 0.477085 0.472392 0.466712 0.460076 0.45252 0.444086 0.43482 0.424771 0.413995 0.40255 0.390497 0.3779 0.364828 0.351349 0.337533 0.323451 0.309176 0.294778 0.280328 0.265895 0.251545 0.237343 0.22335 0.209626 0.196224 0.183194 0.170584 0.158434 0.146783 0.135662 0.125101 0.115124 0.10575 0.0969959 0.088874 0.0813937 0.0745615 0.0683818 0.0628564 0.0579862 0.0537703 0.0502074 0.0472958 0.0450335 0.0434187 0.0424511 
0.0442823 0.0446209 0.0456347 0.0473256 0.0496953 0.0527458 0.056479 0.0608969 0.0660007 0.0717908 0.0782665 0.0854249 0.0932613 0.101768 0.110935 0.120748 0.13119 0.142239 0.153868 0.166048 0.178743 0.191914 0.205516 0.219499 0.233812 0.248396 0.26319 0.27813 0.293149 0.308176 0.323141 0.337969 0.352587 0.366921 0.380898 0.394445 0.407491 0.419967 0.431807 0.442947 0.453329 0.462897 0.471598 0.479387 0.486221 0.492064 0.496885 0.500657 0.503361 0.504981 0.50551 0.504944 0.503286 0.500546 0.496738 0.491882 0.486005 0.479138 0.471317 0.462586 0.452991 0.442584 0.431421 0.41956 0.407067 0.394007 0.380449 0.366464 0.352126 0.337507 0.322682 0.307724 0.292706 0.277701 0.262776 0.248001 0.233438 0.219149 0.20519 0.191614 0.178471 0.165803 0.153651 0.142049 0.131026 0.12061 0.110821 0.101676 0.0931889 0.0853705 0.0782278 0.0717657 0.0659867 0.0608919 0.0564809 0.0527528 0.0497058 0.0473381 0.0456481 0.0446356 
0.0464334 0.0467875 0.0478465 0.0496126 0.0520872 0.0552721 0.0591693 0.0637805 0.0691066 0.0751478 0.0819026 0.0893679 0.0975382 0.106405 0.115957 0.12618 0.137054 0.148557 0.16066 0.173332 0.186536 0.200229 0.214366 0.228894 0.243759 0.258901 0.274255 0.289755 0.305331 0.320911 0.336419 0.351782 0.366921 0.381762 0.396228 0.410245 0.423739 0.43664 0.44888 0.460394 0.471121 0.481004 0.489991 0.498034 0.50509 0.511122 0.516098 0.519991 0.522782 0.524454 0.524999 0.524415 0.522705 0.519877 0.515946 0.510934 0.504866 0.497776 0.4897 0.480682 0.47077 0.460016 0.448477 0.436216 0.423296 0.409786 0.395757 0.381282 0.366436 0.351295 0.335935 0.320432 0.304862 0.289298 0.273814 0.258478 0.243358 0.228517 0.214014 0.199905 0.186239 0.173064 0.160421 0.148346 0.136871 0.126024 0.115826 0.106297 0.0974518 0.089301 0.0818528 0.0751128 0.0690841 0.0637683 0.0591652 0.0552742 0.0520938 0.0496224 0.0478583 0.0468016 
0.0485535 0.0489228 0.0500263 0.0518659 0.0544432 0.05776 0.0618178 0.0666183 0.0721621 0.0784489 0.0854769 0.0932424 0.101739 0.110958 0.120887 0.131509 0.142806 0.154751 0.167317 0.180468 0.194167 0.208369 0.223026 0.238084 0.253486 0.269169 0.285066 0.30111 0.317226 0.33334 0.349375 0.365254 0.380898 0.396228 0.411166 0.425636 0.439562 0.452873 0.465498 0.477371 0.48843 0.498618 0.507879 0.516166 0.523435 0.529648 0.534773 0.538782 0.541655 0.543377 0.543939 0.543338 0.541576 0.538664 0.534616 0.529454 0.523204 0.515899 0.507578 0.498284 0.488067 0.476979 0.46508 0.452432 0.439101 0.425158 0.410675 0.395726 0.38039 0.364744 0.348866 0.332836 0.31673 0.300626 0.284599 0.26872 0.253059 0.237681 0.222649 0.20802 0.193846 0.180177 0.167055 0.154519 0.142603 0.131335 0.120739 0.110835 0.101639 0.0931629 0.0854159 0.078404 0.072131 0.0665987 0.0618076 0.0577571 0.054446 0.0518729 0.0500363 0.0489362 
0.0506299 0.0510139 0.0521606 0.054072 0.0567494 0.0601944 0.0644087 0.0693934 0.075149 0.0816748 0.0889685 0.0970257 0.10584 0.115401 0.125695 0.136706 0.148411 0.160786 0.173799 0.187416 0.201594 0.216289 0.231449 0.247019 0.262939 0.279144 0.295566 0.312133 0.32877 0.345399 0.361941 0.378317 0.394445 0.410245 0.425636 0.44054 0.454881 0.468583 0.481577 0.493794 0.505171 0.515649 0.525172 0.533692 0.541165 0.547551 0.552817 0.556937 0.55989 0.561659 0.562236 0.561619 0.559809 0.556816 0.552657 0.547351 0.540927 0.533418 0.524862 0.515305 0.504796 0.493389 0.481145 0.468127 0.454403 0.440044 0.425125 0.409722 0.393915 0.377784 0.361408 0.34487 0.328249 0.311625 0.295073 0.27867 0.262486 0.246591 0.231047 0.215915 0.20125 0.187102 0.173517 0.160534 0.148189 0.136513 0.12553 0.115262 0.105726 0.0969337 0.0888963 0.08162 0.0751093 0.0693665 0.0643923 0.0601866 0.0567483 0.0540762 0.052169 0.0510267 
0.0526494 0.0530478 0.0542363 0.056217 0.0589912 0.0625604 0.0669259 0.0720887 0.0780491 0.0848058 0.0923562 0.100695 0.109816 0.119706 0.130353 0.141738 0.153839 0.166627 0.180072 0.194135 0.208775 0.223943 0.239587 0.255649 0.272067 0.288773 0.305698 0.322766 0.339901 0.357022 0.37405 0.3909 0.407491 0.423739 0.439562 0.454881 0.469616 0.483692 0.497036 0.50958 0.521259 0.532012 0.541785 0.550526 0.558191 0.564741 0.570143 0.574368 0.577395 0.579209 0.579801 0.579168 0.577312 0.574244 0.569978 0.564537 0.557948 0.550245 0.541467 0.53166 0.520873 0.509164 0.496591 0.483221 0.469122 0.454368 0.439033 0.423197 0.406941 0.390346 0.373495 0.356471 0.339357 0.322233 0.30518 0.288274 0.271589 0.255196 0.239161 0.223546 0.208408 0.1938 0.179768 0.166356 0.153598 0.141528 0.130172 0.119553 0.109688 0.100591 0.092273 0.0847413 0.0780009 0.0720546 0.0669034 0.0625476 0.0589863 0.0562185 0.0542429 0.0530598 
0.054599 0.0550112 0.05624 0.0582873 0.0611545 0.0648429 0.0693536 0.0746875 0.0808443 0.0878226 0.0956192 0.104229 0.113642 0.123849 0.134834 0.146578 0.159056 0.17224 0.186097 0.200588 0.215668 0.231289 0.247394 0.263925 0.280817 0.298001 0.315404 0.33295 0.350558 0.368149 0.385636 0.402938 0.419967 0.43664 0.452873 0.468583 0.483692 0.498121 0.511797 0.52465 0.536613 0.547627 0.557634 0.566584 0.574431 0.581136 0.586664 0.590988 0.594086 0.595943 0.596548 0.5959 0.594002 0.590862 0.586496 0.580927 0.574183 0.566297 0.557309 0.547266 0.536218 0.524223 0.51134 0.497637 0.483184 0.468055 0.452327 0.43608 0.419398 0.402363 0.38506 0.367575 0.349992 0.332394 0.314864 0.297479 0.280317 0.263449 0.246945 0.230869 0.21528 0.200232 0.185774 0.171949 0.158797 0.146351 0.134638 0.123682 0.113501 0.104112 0.0955252 0.0877486 0.0807878 0.0746461 0.0693251 0.0648252 0.0611458 0.058286 0.0562448 0.0550225 
0.056466 0.0568913 0.0581584 0.0602693 0.0632251 0.067027 0.0716761 0.0771728 0.0835167 0.090706 0.098737 0.107603 0.117297 0.127804 0.13911 0.151194 0.164031 0.177591 0.19184 0.206736 0.222234 0.238283 0.254825 0.2718 0.289141 0.306777 0.324632 0.342629 0.360685 0.378716 0.396638 0.414364 0.431807 0.44888 0.465498 0.481577 0.497036 0.511797 0.525784 0.538926 0.551157 0.562414 0.572642 0.581787 0.589804 0.596653 0.6023 0.606716 0.609881 0.611777 0.612396 0.611734 0.609795 0.606588 0.602129 0.596441 0.589551 0.581494 0.572311 0.562046 0.550754 0.53849 0.525316 0.511301 0.496515 0.481034 0.464936 0.448304 0.43122 0.413771 0.396043 0.378123 0.360097 0.342052 0.32407 0.306233 0.288619 0.271303 0.254355 0.237842 0.221825 0.20636 0.191497 0.177282 0.163755 0.150951 0.138898 0.127622 0.117143 0.107475 0.0986325 0.0906228 0.0834522 0.0771245 0.0716417 0.0670045 0.0632126 0.0602653 0.0581616 0.0569019 
0.0582377 0.0586754 0.0599787 0.0621496 0.0651891 0.0690983 0.073878 0.0795285 0.086049 0.0934374 0.101689 0.110799 0.120755 0.131546 0.143155 0.155559 0.168734 0.182648 0.197265 0.212542 0.228433 0.244884 0.261838 0.279229 0.296991 0.31505 0.33333 0.351748 0.370223 0.388668 0.406996 0.425119 0.442947 0.460394 0.477371 0.493794 0.50958 0.52465 0.538926 0.552338 0.564817 0.576301 0.586733 0.596059 0.604234 0.611218 0.616975 0.621477 0.624703 0.626636 0.627267 0.626592 0.624616 0.621347 0.616802 0.611003 0.603978 0.595762 0.586396 0.575927 0.564407 0.551893 0.538449 0.524143 0.509047 0.493238 0.476796 0.459803 0.442345 0.424508 0.406383 0.388056 0.369616 0.351151 0.332747 0.314486 0.296448 0.278711 0.261347 0.244424 0.228004 0.212147 0.196904 0.182322 0.168442 0.155301 0.142928 0.131351 0.120589 0.110659 0.101575 0.0933452 0.0859767 0.0794735 0.073838 0.0690712 0.065173 0.062143 0.0599802 0.0586854 
0.0599019 0.0603512 0.0616884 0.0639154 0.0670332 0.0710426 0.0759445 0.0817388 0.0884244 0.0959988 0.104457 0.113793 0.123995 0.135051 0.146942 0.159646 0.173136 0.18738 0.202339 0.217972 0.234228 0.251054 0.268389 0.286169 0.304322 0.322774 0.341447 0.360258 0.379121 0.397949 0.416653 0.435144 0.453329 0.471121 0.48843 0.505171 0.521259 0.536613 0.551157 0.564817 0.577526 0.589218 0.599838 0.609331 0.617652 0.624759 0.630617 0.635198 0.63848 0.640447 0.641089 0.640403 0.638392 0.635067 0.630442 0.624541 0.617392 0.60903 0.599497 0.588838 0.577108 0.564365 0.550672 0.536097 0.520716 0.504604 0.487842 0.470516 0.452712 0.434517 0.416023 0.39732 0.378496 0.359643 0.340846 0.322191 0.30376 0.285631 0.26788 0.250575 0.233781 0.217559 0.201961 0.187037 0.172828 0.159373 0.146702 0.134843 0.123818 0.113643 0.104333 0.0958982 0.0883446 0.0816774 0.0758991 0.0710112 0.0670137 0.0639063 0.0616883 0.0603605 
0.0614469 0.061907 0.0632755 0.0655544 0.0687445 0.0728467 0.0778615 0.0837886 0.0906268 0.0983731 0.107022 0.116567 0.126997 0.138296 0.150448 0.163428 0.177208 0.191756 0.207032 0.222992 0.239585 0.256755 0.274442 0.292578 0.311091 0.329905 0.348939 0.368109 0.387329 0.406508 0.425557 0.444384 0.462897 0.481004 0.498618 0.515649 0.532012 0.547627 0.562414 0.576301 0.589218 0.601102 0.611893 0.621538 0.629991 0.63721 0.643161 0.647814 0.651147 0.653145 0.653797 0.6531 0.651059 0.647681 0.642984 0.63699 0.629728 0.621234 0.611547 0.600717 0.588796 0.575842 0.561922 0.547103 0.53146 0.515071 0.498018 0.480387 0.462266 0.443744 0.424912 0.405863 0.386688 0.367477 0.34832 0.329303 0.310511 0.292023 0.273915 0.256259 0.239121 0.222562 0.206638 0.191398 0.176886 0.163141 0.150195 0.138077 0.126808 0.116408 0.10689 0.0982645 0.0905401 0.0837212 0.0778111 0.0728111 0.0687218 0.0655429 0.063274 0.0619156 
