0.00153931 0.00155699 0.00161558 0.00171579 0.0018586 0.00204537 0.00227778 0.00255782 0.00288775 0.00327001 0.00370723 0.00420212 0.0047574 0.00537575 0.00605973 0.00681166 0.0076336 0.00852721 0.0094937 0.0105337 0.0116474 0.0128339 0.014092 0.0154195 0.0168132 0.0182692 0.0197827 0.0213479 0.0229581 0.0246057 0.0262824 0.0279789 0.0296854 0.0313914 0.0330858 0.0347572 0.0363938 0.0379837 0.0395149 0.0409758 0.0423548 0.0436407 0.0448229 0.0458917 0.0468379 0.0476535 0.0483313 0.0488655 0.0492514 0.0494856 0.0495661 0.049492 0.0492642 0.0488847 0.0483568 0.0476852 0.0468759 0.0459358 0.044873 0.0436967 0.0424165 0.0410432 0.0395876 0.0380615 0.0364764 0.0348444 0.0331773 0.0314868 0.0297843 0.0280808 0.0263869 0.0247123 0.0230664 0.0214573 0.0198927 0.0183793 0.0169229 0.0155282 0.0141992 0.0129392 0.0117501 0.0106336 0.00959024 0.00862004 0.00772235 0.00689602 0.00613941 0.00545051 0.00482703 0.00426645 0.00376611 0.00332333 0.00293542 0.0025998 0.00231401 0.00207583 0.00188329 0.0017347 0.00162873 0.00156452 
0.00155699 0.00157489 0.00163417 0.00173555 0.00188002 0.00206895 0.00230404 0.0025873 0.002921 0.00330763 0.00374982 0.00425032 0.00481187 0.00543718 0.00612881 0.00688913 0.0077202 0.00862369 0.0096008 0.0106522 0.011778 0.0129774 0.014249 0.0155907 0.0169992 0.0184707 0.0200001 0.0215817 0.0232086 0.0248733 0.0265672 0.0282811 0.030005 0.0317282 0.0334397 0.0351278 0.0367807 0.0383863 0.0399327 0.041408 0.0428004 0.0440988 0.0452926 0.0463717 0.047327 0.0481504 0.0488348 0.0493741 0.0497636 0.05 0.0500812 0.0500064 0.0497763 0.0493931 0.0488601 0.048182 0.0473648 0.0464155 0.0453424 0.0441545 0.0428619 0.041475 0.0400051 0.0384638 0.036863 0.0352147 0.0335309 0.0318233 0.0301036 0.0283828 0.0266715 0.0249798 0.0233168 0.021691 0.0201101 0.0185808 0.0171089 0.0156995 0.0143563 0.0130827 0.0118809 0.0107523 0.00969758 0.00871676 0.00780922 0.00697377 0.00620878 0.00551223 0.00488178 0.00431492 0.00380897 0.0033612 0.00296891 0.00262948 0.00234045 0.00209957 0.00190484 0.00175457 0.0016474 0.00158247 
0.00161558 0.00163417 0.0016956 0.00180063 0.00195027 0.00214592 0.00238933 0.00268258 0.00302798 0.0034281 0.00388564 0.00440341 0.00498422 0.00563085 0.00634591 0.00713181 0.00799064 0.00892411 0.00993343 0.0110192 0.0121815 0.0134196 0.014732 0.0161163 0.0175693 0.0190868 0.0206638 0.0222941 0.0239709 0.0256863 0.0274314 0.0291967 0.030972 0.0327463 0.0345082 0.0362457 0.0379467 0.0395988 0.0411897 0.0427072 0.0441394 0.0454746 0.0467021 0.0478116 0.0487937 0.0496401 0.0503435 0.0508977 0.051298 0.0515409 0.0516241 0.0515471 0.0513105 0.0509164 0.0503683 0.049671 0.0488307 0.0478546 0.046751 0.0455293 0.0441998 0.0427732 0.041261 0.0396752 0.038028 0.0363316 0.0345984 0.0328405 0.0310698 0.0292976 0.027535 0.0257922 0.0240786 0.0224031 0.0207735 0.0191968 0.017679 0.0162252 0.0148396 0.0135254 0.0122849 0.0111198 0.0100308 0.00901786 0.00808038 0.0072172 0.00642666 0.00570669 0.00505493 0.00446879 0.00394554 0.00348238 0.00307655 0.00272536 0.00242629 0.00217701 0.00197548 0.00181996 0.00170905 0.00164188 
0.00171579 0.00173555 0.00180063 0.00191182 0.00207018 0.00227717 0.00253463 0.00284472 0.00320985 0.00363271 0.00411609 0.00466293 0.00527614 0.0059586 0.00671302 0.00754187 0.00844731 0.00943107 0.0104944 0.0116378 0.0128613 0.0141641 0.0155446 0.0170001 0.0185274 0.0201218 0.0217782 0.02349 0.0252499 0.0270497 0.0288802 0.0307312 0.0325921 0.0344514 0.0362971 0.0381168 0.0398978 0.0416271 0.043292 0.0448797 0.0463778 0.0477742 0.0490577 0.0502176 0.0512442 0.0521288 0.0528638 0.0534428 0.053861 0.0541145 0.0542013 0.0541205 0.0538729 0.0534608 0.0528877 0.0521586 0.0512799 0.0502592 0.049105 0.0478273 0.0464364 0.0449438 0.0433614 0.0417016 0.0399772 0.0382009 0.0363855 0.0345439 0.0326883 0.0308307 0.0289826 0.0271546 0.0253568 0.0235983 0.0218875 0.0202316 0.018637 0.0171092 0.0156525 0.0142704 0.0129654 0.0117392 0.0105927 0.00952587 0.0085382 0.00762848 0.00679502 0.00603572 0.00534812 0.00472956 0.0041772 0.00368815 0.00325951 0.0028885 0.00257248 0.00230903 0.00209603 0.00193165 0.00181444 0.00174348 
0.0018586 0.00188002 0.00195027 0.00207018 0.00224088 0.00246393 0.00274126 0.00307515 0.00346819 0.00392316 0.00444306 0.00503095 0.0056899 0.00642293 0.00723286 0.00812228 0.00909341 0.010148 0.0112873 0.0125119 0.0138215 0.0152154 0.0166916 0.0182473 0.0198788 0.0215814 0.0233491 0.0251753 0.0270519 0.0289701 0.0309202 0.0328913 0.0348722 0.0368505 0.0388136 0.0407484 0.0426413 0.0444788 0.0462472 0.0479331 0.0495234 0.0510054 0.0523672 0.0535975 0.0546863 0.0556242 0.0564034 0.0570171 0.0574601 0.0577286 0.0578202 0.0577342 0.0574714 0.057034 0.056426 0.0556524 0.0547201 0.053637 0.0524122 0.051056 0.0495794 0.0479945 0.0463138 0.0445505 0.042718 0.0408298 0.0388995 0.0369406 0.0349661 0.0329888 0.0310207 0.0290734 0.0271574 0.0252825 0.0234577 0.0216906 0.0199883 0.0183564 0.0167998 0.0153222 0.0139264 0.0126143 0.0113869 0.0102442 0.00918581 0.0082105 0.00731655 0.00650177 0.00576362 0.00509929 0.00450583 0.00398019 0.00351933 0.0031203 0.00278032 0.00249685 0.00226762 0.00209071 0.00196458 0.00188826 
0.00204537 0.00206895 0.00214592 0.00227717 0.00246393 0.00270785 0.00301101 0.00337585 0.00380512 0.00430182 0.00486912 0.00551029 0.00622859 0.0070272 0.00790912 0.00887704 0.00993327 0.0110796 0.0123173 0.0136468 0.015068 0.0165795 0.0181794 0.0198646 0.0216308 0.0234729 0.0253845 0.0273581 0.0293852 0.0314561 0.0335603 0.0356862 0.0378216 0.0399532 0.0420675 0.0441503 0.0461873 0.0481637 0.0500652 0.0518774 0.0535861 0.0551781 0.0566405 0.0579614 0.05913 0.0601364 0.0609723 0.0616305 0.0621055 0.0623932 0.0624911 0.0623984 0.0621159 0.0616462 0.0609932 0.0601626 0.0591614 0.0579982 0.0566826 0.0552255 0.0536388 0.0519352 0.0501283 0.0482319 0.0462603 0.0442282 0.0421499 0.04004 0.0379124 0.0357809 0.0336583 0.0315571 0.0294888 0.0274638 0.0254918 0.0235814 0.0217398 0.0199736 0.0182879 0.016687 0.0151738 0.0137505 0.0124183 0.0111775 0.0100275 0.00896723 0.00799488 0.00710817 0.00630445 0.00558076 0.00493397 0.00436083 0.00385812 0.0034227 0.0030516 0.0027421 0.00249178 0.00229858 0.00216086 0.00207758 
0.00227778 0.00230404 0.00238933 0.00253463 0.00274126 0.00301101 0.00334612 0.00374923 0.00422331 0.00477159 0.00539747 0.00610446 0.00689604 0.00777562 0.00874635 0.00981109 0.0109722 0.0122317 0.0135906 0.0150494 0.0166076 0.018264 0.0200161 0.0218603 0.0237921 0.0258056 0.0278937 0.0300483 0.03226 0.0345182 0.0368113 0.0391269 0.0414515 0.0437708 0.0460701 0.0483342 0.0505473 0.0526938 0.054758 0.0567245 0.0585781 0.0603044 0.0618896 0.0633211 0.0645871 0.0656772 0.0665823 0.0672949 0.0678089 0.0681199 0.0682255 0.0681246 0.0678182 0.067309 0.0666012 0.0657008 0.0646156 0.0633545 0.0619279 0.0603477 0.0586264 0.0567779 0.0548165 0.0527573 0.0506157 0.0484075 0.0461482 0.0438534 0.0415383 0.0392178 0.036906 0.0346162 0.032361 0.0301519 0.0279994 0.0259128 0.0239004 0.021969 0.0201247 0.018372 0.0167144 0.0151543 0.0136931 0.0123313 0.0110685 0.00990353 0.00883449 0.00785905 0.00697441 0.00617743 0.00546475 0.00483294 0.00427851 0.00379811 0.00338853 0.00304684 0.00277043 0.00255709 0.00240504 0.00231314 
0.00255782 0.0025873 0.00268258 0.00284472 0.00307515 0.00337585 0.00374923 0.00419818 0.0047259 0.0053359 0.00603185 0.00681755 0.00769673 0.00867304 0.00974985 0.0109302 0.0122165 0.0136108 0.0151142 0.0167271 0.0184487 0.0202775 0.0222106 0.0242441 0.0263727 0.0285898 0.0308877 0.0332572 0.0356879 0.0381682 0.0406854 0.0432257 0.0457745 0.0483161 0.0508345 0.0533129 0.0557345 0.0580821 0.0603386 0.0624874 0.0645121 0.0663971 0.0681275 0.0696895 0.0710706 0.0722594 0.0732462 0.0740228 0.0745828 0.0749215 0.075036 0.0749255 0.0745909 0.0740349 0.0732625 0.0722799 0.0710953 0.0697187 0.0681612 0.0664354 0.0645552 0.0625353 0.0603914 0.0581398 0.0557972 0.0533806 0.050907 0.0483934 0.0458563 0.043312 0.0407758 0.0382624 0.0357855 0.0333579 0.030991 0.0286952 0.0264797 0.0243521 0.022319 0.0203857 0.0185562 0.0168332 0.0152183 0.0137124 0.012315 0.011025 0.0098406 0.00875921 0.00777789 0.00689331 0.00610189 0.00539989 0.0047836 0.00424936 0.00379372 0.00341349 0.00310585 0.00286838 0.00269916 0.00259694 
0.00288775 0.002921 0.00302798 0.00320985 0.00346819 0.00380512 0.00422331 0.0047259 0.00531638 0.00599857 0.00677645 0.00765413 0.00863564 0.0097249 0.0109255 0.0122407 0.013673 0.0152244 0.0168962 0.0186883 0.0206001 0.0226294 0.024773 0.0270263 0.0293834 0.0318369 0.0343781 0.0369967 0.0396812 0.0424188 0.0451954 0.0479958 0.0508039 0.0536025 0.056374 0.0591002 0.0617624 0.064342 0.0668206 0.0691797 0.0714017 0.0734696 0.0753672 0.0770796 0.0785932 0.0798958 0.0809766 0.0818271 0.08244 0.0828105 0.0829354 0.0828137 0.0824465 0.0818369 0.0809899 0.0799125 0.0786136 0.0771039 0.0753955 0.073502 0.0714385 0.069221 0.0668666 0.0643929 0.0618182 0.0591609 0.0564398 0.0536733 0.0508796 0.0480763 0.0452804 0.0425081 0.0397745 0.0370936 0.0344782 0.0319398 0.0294885 0.027133 0.0248808 0.0227376 0.020708 0.0187954 0.0170018 0.0153279 0.0137737 0.0123381 0.011019 0.00981398 0.00871981 0.00773293 0.00684948 0.00606547 0.00537684 0.00477963 0.0042701 0.00384478 0.00350058 0.00323487 0.00304554 0.00293126 
0.00327001 0.00330763 0.0034281 0.00363271 0.00392316 0.00430182 0.00477159 0.0053359 0.00599857 0.00676375 0.00763579 0.00861913 0.00971814 0.010937 0.0122796 0.0137494 0.015349 0.0170804 0.0189448 0.0209421 0.0230712 0.0253296 0.0277136 0.0302179 0.0328356 0.0355586 0.038377 0.0412793 0.0442527 0.047283 0.0503545 0.0534505 0.0565531 0.0596435 0.0627022 0.0657093 0.0686444 0.071487 0.074217 0.0768143 0.0792596 0.0815344 0.0836213 0.0855038 0.0871672 0.0885983 0.0897855 0.0907193 0.0913921 0.0917984 0.091935 0.0918007 0.0913967 0.0907264 0.0897952 0.0886107 0.0871825 0.0855223 0.0836431 0.08156 0.079289 0.0768479 0.074255 0.0715297 0.0686919 0.0657619 0.06276 0.0597065 0.0566213 0.0535239 0.050433 0.0473663 0.0443406 0.0413714 0.038473 0.0356581 0.032938 0.0303226 0.0278201 0.0254372 0.0231792 0.0210499 0.0190516 0.0171856 0.0154519 0.0138493 0.0123759 0.0110291 0.00980544 0.00870112 0.007712 0.00683375 0.00606197 0.00539238 0.00482087 0.00434366 0.00395739 0.00365919 0.00344673 0.00331857 
0.00370723 0.00374982 0.00388564 0.00411609 0.00444306 0.00486912 0.00539747 0.00603185 0.00677645 0.00763579 0.00861461 0.0097177 0.0109498 0.0123155 0.0138188 0.0154633 0.017252 0.0191868 0.0212687 0.0234975 0.0258716 0.0283883 0.031043 0.0338297 0.0367407 0.0397666 0.0428964 0.0461173 0.0494149 0.0527734 0.0561755 0.0596026 0.0630349 0.0664518 0.0698318 0.0731529 0.0763927 0.0795291 0.0825397 0.0854027 0.0880972 0.0906028 0.0929004 0.0949725 0.0968029 0.098377 0.0996827 0.100709 0.101449 0.101895 0.102044 0.101896 0.101451 0.100713 0.0996882 0.0983844 0.0968123 0.0949843 0.0929149 0.0906203 0.0881181 0.0854274 0.0825684 0.0795623 0.0764307 0.0731959 0.0698801 0.0665055 0.0630942 0.0596675 0.056246 0.0528493 0.0494961 0.0462034 0.0429872 0.0398617 0.0368395 0.0339316 0.0311475 0.0284947 0.0259792 0.0236055 0.0213764 0.0192934 0.0173568 0.0155656 0.0139178 0.0124105 0.0110403 0.00980296 0.00869409 0.00770901 0.00684295 0.00609122 0.00544938 0.00491328 0.00447925 0.00414414 0.00390543 0.00376149 
0.00420212 0.00425032 0.00440341 0.00466293 0.00503095 0.00551029 0.00610446 0.00681755 0.00765413 0.00861913 0.0097177 0.0109551 0.0123363 0.0138663 0.0155495 0.0173896 0.0193896 0.0215516 0.0238763 0.0263634 0.0290108 0.0318152 0.0347713 0.0378723 0.0411094 0.044472 0.0479476 0.0515221 0.0551793 0.0589017 0.06267 0.0664636 0.0702607 0.0740386 0.0777735 0.0814414 0.0850178 0.0884782 0.0917983 0.0949543 0.0979232 0.100683 0.103213 0.105493 0.107507 0.109239 0.110675 0.111804 0.112616 0.113106 0.11327 0.113106 0.112616 0.111804 0.110676 0.109241 0.10751 0.105498 0.103219 0.100691 0.0979344 0.0949687 0.0918164 0.0885005 0.0850447 0.0814734 0.0778108 0.0740815 0.0703095 0.0665185 0.062731 0.0589688 0.0552524 0.0516009 0.048032 0.0445614 0.0412035 0.0379705 0.0348729 0.0319195 0.0291172 0.026471 0.0239844 0.0216592 0.0194961 0.017494 0.015651 0.0139642 0.0124299 0.0110436 0.00980049 0.00869562 0.00772378 0.00687989 0.00615909 0.00555686 0.00506919 0.00469262 0.00442441 0.00426277 
0.0047574 0.00481187 0.00498422 0.00527614 0.0056899 0.00622859 0.00689604 0.00769673 0.00863564 0.00971814 0.0109498 0.0123363 0.0138831 0.0155955 0.0174781 0.0195349 0.0217691 0.0241824 0.0267757 0.0295482 0.0324975 0.0356194 0.038908 0.0423554 0.0459516 0.0496848 0.0535408 0.0575038 0.061556 0.0656776 0.0698475 0.0740429 0.0782396 0.0824126 0.0865359 0.090583 0.0945271 0.0983414 0.101999 0.105475 0.108743 0.11178 0.114563 0.117071 0.119284 0.121188 0.122765 0.124005 0.124897 0.125435 0.125614 0.125434 0.124895 0.124001 0.122761 0.121183 0.11928 0.117066 0.114559 0.111778 0.108743 0.105478 0.102005 0.0983513 0.0945414 0.0906022 0.0865606 0.0824431 0.0782763 0.0740861 0.0698974 0.0657343 0.0616194 0.0575738 0.0536172 0.0497672 0.0460397 0.0424486 0.0390056 0.0357207 0.0326018 0.0296546 0.0268834 0.0242905 0.0218766 0.0196411 0.0175819 0.0156961 0.0139796 0.0124279 0.0110358 0.00979788 0.00870847 0.00776209 0.00695345 0.00627763 0.00573025 0.00530754 0.00500648 0.00482514 
0.00537575 0.00543718 0.00563085 0.0059586 0.00642293 0.0070272 0.00777562 0.00867304 0.0097249 0.010937 0.0123155 0.0138663 0.0155955 0.0175086 0.0196106 0.0219057 0.0243969 0.0270863 0.0299742 0.0330596 0.0363395 0.039809 0.0434613 0.0472873 0.0512757 0.0554132 0.059684 0.0640705 0.0685527 0.0731088 0.0777154 0.0823472 0.0869778 0.0915796 0.096124 0.100582 0.104924 0.109122 0.113145 0.116966 0.120558 0.123894 0.126949 0.129703 0.132132 0.13422 0.13595 0.13731 0.138288 0.138877 0.139073 0.138875 0.138283 0.137302 0.135941 0.134209 0.132119 0.129689 0.126936 0.12388 0.120546 0.116956 0.113137 0.109117 0.104924 0.100587 0.0961343 0.0915959 0.0870007 0.082377 0.0777524 0.0731533 0.0686047 0.06413 0.0597509 0.0554871 0.0513563 0.047374 0.0435536 0.0399061 0.0364406 0.0331639 0.0300807 0.0271941 0.024505 0.022013 0.0197162 0.0176115 0.0156947 0.0139609 0.0124046 0.0110199 0.00980083 0.00874137 0.00783578 0.00707872 0.0064654 0.00599172 0.00565439 0.0054513 
0.00605973 0.00612881 0.00634591 0.00671302 0.00723286 0.00790912 0.00874635 0.00974985 0.0109255 0.0122796 0.0138188 0.0155495 0.0174781 0.0196106 0.0219522 0.0245073 0.027279 0.0302691 0.0334779 0.0369038 0.0405432 0.0443904 0.0484375 0.0526742 0.0570878 0.0616633 0.0663831 0.0712274 0.0761743 0.0811996 0.0862773 0.0913797 0.0964778 0.101541 0.106538 0.111438 0.116208 0.120817 0.125232 0.129424 0.133362 0.137019 0.140367 0.143383 0.146043 0.148329 0.150222 0.15171 0.15278 0.153424 0.153638 0.15342 0.152771 0.151697 0.150206 0.148309 0.146021 0.143359 0.140342 0.136993 0.133337 0.129399 0.12521 0.120797 0.116192 0.111427 0.106533 0.101541 0.0964849 0.0913942 0.0862996 0.0812301 0.0762131 0.0712747 0.0664387 0.0617271 0.0571595 0.0527532 0.0485232 0.0444821 0.0406401 0.0370049 0.0335823 0.0303758 0.0273868 0.0246151 0.022059 0.0197153 0.0175796 0.0156467 0.0139107 0.0123655 0.0110044 0.00982107 0.00880922 0.00796308 0.00727744 0.00674786 0.00637074 0.0061438 
0.00681166 0.00688913 0.00713181 0.00754187 0.00812228 0.00887704 0.00981109 0.0109302 0.0122407 0.0137494 0.0154633 0.0173896 0.0195349 0.0219057 0.0245073 0.0273443 0.0304199 0.0337357 0.0372916 0.0410856 0.0451134 0.0493682 0.0538411 0.0585204 0.0633917 0.0684383 0.0736407 0.0789768 0.0844223 0.0899506 0.0955331 0.101139 0.106737 0.112294 0.117775 0.123146 0.128373 0.133419 0.138253 0.142839 0.147146 0.151143 0.154802 0.158097 0.161002 0.163498 0.165565 0.167188 0.168355 0.169058 0.169291 0.169052 0.168343 0.16717 0.165542 0.16347 0.160971 0.158062 0.154764 0.151104 0.147105 0.142799 0.138214 0.133383 0.128339 0.123117 0.117751 0.112276 0.106727 0.101137 0.0955388 0.0899652 0.0844461 0.07901 0.0736833 0.0684902 0.0634527 0.0585899 0.0539186 0.049453 0.0452046 0.0411823 0.0373928 0.0338402 0.0305265 0.0274519 0.0246146 0.0220116 0.0196382 0.017489 0.0155578 0.0138379 0.0123223 0.0110041 0.00987655 0.00893336 0.00816892 0.00757842 0.00715794 0.006905 
0.0076336 0.0077202 0.00799064 0.00844731 0.00909341 0.00993327 0.0109722 0.0122165 0.013673 0.015349 0.017252 0.0193896 0.0217691 0.0243969 0.027279 0.0304199 0.0338227 0.037489 0.0414183 0.0456078 0.0500524 0.0547445 0.0596737 0.0648269 0.070188 0.0757383 0.081456 0.0873169 0.0932941 0.0993582 0.105478 0.11162 0.117749 0.12383 0.129824 0.135695 0.141405 0.146916 0.152191 0.157194 0.16189 0.166248 0.170235 0.173823 0.176987 0.179704 0.181954 0.18372 0.18499 0.185754 0.186007 0.185746 0.184974 0.183697 0.181924 0.179668 0.176945 0.173776 0.170184 0.166193 0.161834 0.157137 0.152134 0.14686 0.141352 0.135647 0.129781 0.123793 0.117719 0.111598 0.105465 0.0993549 0.0933008 0.087334 0.0814837 0.0757764 0.0702364 0.0648852 0.0597414 0.0548208 0.0501365 0.0456987 0.041515 0.0375903 0.0339272 0.0305263 0.0273861 0.0245033 0.0218735 0.0194907 0.0173486 0.0154399 0.0137572 0.012293 0.0110401 0.00999183 0.00914203 0.0084855 0.00801803 0.00773694 
0.00852721 0.00862369 0.00892411 0.00943107 0.010148 0.0110796 0.0122317 0.0136108 0.0152244 0.0170804 0.0191868 0.0215516 0.0241824 0.0270863 0.0302691 0.0337357 0.037489 0.0415304 0.0458587 0.0504707 0.0553603 0.0605187 0.0659341 0.0715917 0.0774738 0.0835592 0.0898241 0.0962417 0.102782 0.109414 0.116102 0.12281 0.1295 0.136134 0.142669 0.149067 0.155285 0.161284 0.167023 0.172464 0.17757 0.182305 0.186636 0.190533 0.193968 0.196916 0.199357 0.201273 0.20265 0.203478 0.203752 0.203469 0.202631 0.201244 0.19932 0.19687 0.193914 0.190473 0.186571 0.182235 0.177497 0.172389 0.166947 0.161209 0.155212 0.148997 0.142605 0.136075 0.129449 0.122767 0.116068 0.109391 0.10277 0.0962408 0.0898349 0.0835817 0.0775078 0.0716371 0.0659902 0.0605849 0.0554358 0.0505545 0.0459496 0.0416271 0.0375903 0.03384 0.0303751 0.0271925 0.0242873 0.0216538 0.019285 0.0171733 0.0153108 0.0136895 0.0123017 0.0111402 0.0101985 0.00947081 0.00895272 0.0086413 
0.0094937 0.0096008 0.00993343 0.0104944 0.0112873 0.0123173 0.0135906 0.0151142 0.0168962 0.0189448 0.0212687 0.0238763 0.0267757 0.0299742 0.0334779 0.0372916 0.0414183 0.0458587 0.0506114 0.0556722 0.0610341 0.066687 0.0726176 0.0788093 0.0852422 0.0918932 0.0987357 0.10574 0.112875 0.120103 0.127389 0.134692 0.141972 0.149184 0.156287 0.163236 0.169987 0.176496 0.18272 0.188618 0.194151 0.199279 0.203969 0.208187 0.211903 0.215093 0.217733 0.219804 0.221293 0.222188 0.222483 0.222176 0.221269 0.21977 0.217687 0.215037 0.211838 0.208113 0.203888 0.199193 0.194059 0.188524 0.182624 0.176399 0.169892 0.163144 0.1562 0.149103 0.141897 0.134627 0.127333 0.120058 0.112841 0.105719 0.0987275 0.0918979 0.08526 0.0788398 0.0726604 0.0667415 0.0610994 0.0557473 0.0506951 0.0459496 0.041515 0.0373927 0.0335818 0.0300793 0.0268804 0.023979 0.0213679 0.0190391 0.0169842 0.0151948 0.0136626 0.0123798 0.0113395 0.0105356 0.00996319 0.00961926 
0.0105337 0.0106522 0.0110192 0.0116378 0.0125119 0.0136468 0.0150494 0.0167271 0.0186883 0.0209421 0.0234975 0.0263634 0.0295482 0.0330596 0.0369038 0.0410856 0.0456078 0.0504707 0.0556722 0.0612074 0.0670679 0.0732424 0.0797159 0.0864699 0.0934823 0.100727 0.108176 0.115797 0.123553 0.131407 0.139318 0.147243 0.155137 0.162954 0.170648 0.178171 0.185475 0.192514 0.199242 0.205615 0.21159 0.217126 0.222187 0.226737 0.230745 0.234184 0.23703 0.239262 0.240866 0.241829 0.242147 0.241816 0.240838 0.239221 0.236976 0.234118 0.230668 0.226649 0.22209 0.217022 0.211479 0.2055 0.199124 0.192395 0.185356 0.178054 0.170536 0.162848 0.155038 0.147152 0.139238 0.131338 0.123497 0.115754 0.108147 0.100713 0.0934818 0.0864837 0.0797436 0.0732833 0.0671213 0.0612721 0.0557471 0.0505544 0.0456988 0.0411823 0.0370045 0.0331626 0.0296517 0.0264657 0.023597 0.0210373 0.0187776 0.0168091 0.015123 0.0137109 0.0125655 0.0116803 0.0110501 0.0106715 
0.0116474 0.011778 0.0121815 0.0128613 0.0138215 0.015068 0.0166076 0.0184487 0.0206001 0.0230712 0.0258716 0.0290108 0.0324975 0.0363395 0.0405432 0.0451134 0.0500524 0.0553603 0.0610341 0.0670679 0.0734523 0.0801742 0.0872168 0.0945597 0.102178 0.110045 0.118127 0.12639 0.134794 0.143299 0.15186 0.160431 0.168963 0.177407 0.185713 0.19383 0.201707 0.209294 0.216542 0.223404 0.229835 0.235792 0.241234 0.246126 0.250435 0.25413 0.257186 0.259584 0.261306 0.262341 0.262681 0.262325 0.261274 0.259537 0.257124 0.254053 0.250345 0.246025 0.241122 0.23567 0.229705 0.223268 0.216402 0.209151 0.201564 0.193688 0.185575 0.177275 0.168837 0.160314 0.151754 0.143205 0.134713 0.126323 0.118075 0.110008 0.102158 0.0945548 0.0872274 0.0801997 0.0734919 0.0671207 0.0610987 0.0554353 0.0501363 0.0452044 0.0406396 0.0364393 0.032599 0.0291121 0.0259709 0.0231667 0.0206901 0.0185318 0.0166825 0.0151334 0.0138765 0.012905 0.0122133 0.011798 
0.0128339 0.0129774 0.0134196 0.0141641 0.0152154 0.0165795 0.018264 0.0202775 0.0226294 0.0253296 0.0283883 0.0318152 0.0356194 0.039809 0.0443904 0.0493682 0.0547445 0.0605187 0.066687 0.0732424 0.0801742 0.0874675 0.0951038 0.10306 0.11131 0.119822 0.128562 0.137492 0.146568 0.155747 0.164981 0.174219 0.18341 0.192501 0.201438 0.210166 0.218632 0.226782 0.234564 0.241928 0.248826 0.255213 0.261047 0.266289 0.270904 0.274861 0.278133 0.2807 0.282542 0.283649 0.284013 0.283631 0.282506 0.280646 0.278062 0.274773 0.270801 0.266172 0.260918 0.255073 0.248676 0.24177 0.234401 0.226615 0.218463 0.209998 0.201273 0.192341 0.183257 0.174075 0.164847 0.155626 0.146461 0.137399 0.128486 0.119763 0.111267 0.103035 0.0950955 0.0874759 0.0801984 0.0732816 0.0667397 0.0605835 0.0548199 0.0494523 0.0444813 0.0399047 0.0357179 0.0319145 0.0284864 0.0254247 0.0227196 0.0203612 0.0183397 0.0166459 0.0152714 0.0142088 0.0134523 0.0129982 
0.014092 0.014249 0.014732 0.0155446 0.0166916 0.0181794 0.0200161 0.0222106 0.024773 0.0277136 0.031043 0.0347713 0.038908 0.0434613 0.0484375 0.0538411 0.0596737 0.0659341 0.0726176 0.0797159 0.0872168 0.0951038 0.103356 0.111949 0.120852 0.130033 0.139453 0.14907 0.15884 0.168713 0.178639 0.188564 0.198432 0.208186 0.217769 0.227123 0.236191 0.244916 0.253243 0.26112 0.268494 0.27532 0.281552 0.287149 0.292075 0.296298 0.29979 0.302528 0.304493 0.305674 0.306061 0.305653 0.304453 0.302467 0.29971 0.2962 0.29196 0.287018 0.281405 0.275161 0.268324 0.26094 0.253056 0.244724 0.235996 0.226928 0.217576 0.207997 0.198249 0.18839 0.178476 0.168563 0.158704 0.14895 0.13935 0.129948 0.120786 0.111901 0.103327 0.0950932 0.0872239 0.0797398 0.0726569 0.0659873 0.0597391 0.0539169 0.0485217 0.0435517 0.0390025 0.0348677 0.0311392 0.0278076 0.0248628 0.0222944 0.0200922 0.0182465 0.0167483 0.01559 0.0147654 0.0142705 
0.0154195 0.0155907 0.0161163 0.0170001 0.0182473 0.0198646 0.0218603 0.0242441 0.0270263 0.0302179 0.0338297 0.0378723 0.0423554 0.0472873 0.0526742 0.0585204 0.0648269 0.0715917 0.0788093 0.0864699 0.0945597 0.10306 0.111949 0.121198 0.130775 0.140643 0.150762 0.161086 0.171567 0.182152 0.192787 0.203413 0.213972 0.224404 0.234646 0.244638 0.254318 0.263628 0.272508 0.280904 0.288762 0.296031 0.302666 0.308623 0.313864 0.318356 0.322069 0.324979 0.327069 0.328323 0.328734 0.3283 0.327024 0.324912 0.32198 0.318247 0.313736 0.308476 0.302503 0.295853 0.288571 0.280702 0.272297 0.26341 0.254096 0.244414 0.234424 0.224185 0.21376 0.203209 0.192594 0.181972 0.171402 0.160938 0.150631 0.140531 0.130683 0.121126 0.111898 0.103029 0.094548 0.0864768 0.0788335 0.0716318 0.064881 0.0585866 0.0527504 0.0473712 0.0424448 0.0379649 0.0339232 0.03031 0.027115 0.0243274 0.0219364 0.0199319 0.0183045 0.0170461 0.0161503 0.0156127 
0.0168132 0.0169992 0.0175693 0.0185274 0.0198788 0.0216308 0.0237921 0.0263727 0.0293834 0.0328356 0.0367407 0.0411094 0.0459516 0.0512757 0.0570878 0.0633917 0.070188 0.0774738 0.0852422 0.0934823 0.102178 0.11131 0.120852 0.130775 0.141042 0.151615 0.162449 0.173496 0.184703 0.196014 0.20737 0.218711 0.229972 0.241091 0.252001 0.262638 0.272939 0.282839 0.292279 0.301199 0.309543 0.317259 0.324299 0.330618 0.336176 0.340937 0.344873 0.347957 0.35017 0.351499 0.351934 0.351474 0.350121 0.347883 0.344776 0.340818 0.336035 0.330457 0.324119 0.317063 0.309331 0.300974 0.292044 0.282596 0.27269 0.262387 0.251749 0.240842 0.229729 0.218475 0.207146 0.195802 0.184507 0.173317 0.162289 0.151475 0.140923 0.130678 0.120777 0.111257 0.102146 0.0934708 0.0852499 0.0774992 0.0702294 0.063447 0.0571549 0.0513521 0.046035 0.0411972 0.0368305 0.0329252 0.0294703 0.0264549 0.0238676 0.021698 0.0199361 0.0185737 0.0176037 0.0170218 
0.0182692 0.0184707 0.0190868 0.0201218 0.0215814 0.0234729 0.0258056 0.0285898 0.0318369 0.0355586 0.0397666 0.044472 0.0496848 0.0554132 0.0616633 0.0684383 0.0757383 0.0835592 0.0918932 0.100727 0.110045 0.119822 0.130033 0.140643 0.151615 0.162906 0.174469 0.18625 0.198194 0.210241 0.222329 0.234392 0.246363 0.258176 0.26976 0.281048 0.291972 0.302467 0.312468 0.321913 0.330745 0.338909 0.346355 0.353035 0.358909 0.363941 0.368098 0.371355 0.373692 0.375095 0.375555 0.375068 0.373639 0.371276 0.367993 0.363811 0.358756 0.35286 0.346159 0.338695 0.330514 0.321667 0.312209 0.302198 0.291697 0.280768 0.269479 0.257896 0.246089 0.234125 0.222072 0.209997 0.197966 0.186039 0.174278 0.162737 0.151468 0.140519 0.129932 0.119745 0.109991 0.100696 0.091883 0.0835687 0.0757656 0.0684815 0.0617199 0.0554809 0.0497609 0.0445541 0.039852 0.0356448 0.0319214 0.0286703 0.0258801 0.0235395 0.0216385 0.0201683 0.0191215 0.0184937 
0.0197827 0.0200001 0.0206638 0.0217782 0.0233491 0.0253845 0.0278937 0.0308877 0.0343781 0.038377 0.0428964 0.0479476 0.0535408 0.059684 0.0663831 0.0736407 0.081456 0.0898241 0.0987357 0.108176 0.118127 0.128562 0.139453 0.150762 0.162449 0.174469 0.186768 0.199292 0.211981 0.224772 0.237597 0.250388 0.263073 0.275583 0.287843 0.299783 0.311332 0.32242 0.332982 0.342952 0.35227 0.36088 0.368729 0.375769 0.381958 0.387257 0.391634 0.395063 0.397523 0.399 0.399483 0.398971 0.397466 0.394978 0.391521 0.387117 0.381793 0.37558 0.368518 0.360648 0.352019 0.342684 0.3327 0.322127 0.31103 0.299475 0.287533 0.275273 0.262767 0.250088 0.237308 0.224496 0.211721 0.19905 0.186546 0.174268 0.162273 0.15061 0.139326 0.128461 0.11805 0.108124 0.0987062 0.0898164 0.0814681 0.0736705 0.0664282 0.0597419 0.0536088 0.0480231 0.0429764 0.038459 0.0344594 0.030966 0.0279667 0.0254501 0.0234058 0.0218244 0.0206986 0.0200235 
0.0213479 0.0215817 0.0222941 0.02349 0.0251753 0.0273581 0.0300483 0.0332572 0.0369967 0.0412793 0.0461173 0.0515221 0.0575038 0.0640705 0.0712274 0.0789768 0.0873169 0.0962417 0.10574 0.115797 0.12639 0.137492 0.14907 0.161086 0.173496 0.18625 0.199292 0.212565 0.226003 0.239539 0.253104 0.266623 0.280024 0.293229 0.306165 0.318754 0.330925 0.342604 0.353722 0.364213 0.374014 0.383066 0.391314 0.39871 0.405208 0.410772 0.415366 0.418965 0.421546 0.423095 0.423602 0.423065 0.421486 0.418874 0.415246 0.410623 0.405033 0.398508 0.391087 0.382816 0.373744 0.363925 0.353418 0.342286 0.330597 0.318419 0.305825 0.292889 0.279686 0.266292 0.252782 0.23923 0.225709 0.212289 0.199038 0.186018 0.173289 0.160905 0.148915 0.137364 0.126288 0.115722 0.10569 0.0962154 0.0873125 0.0789921 0.0712599 0.0641176 0.0575627 0.05159 0.0461912 0.0413564 0.0370743 0.0333326 0.0301193 0.0274224 0.0252311 0.0235359 0.0223289 0.0216054 
0.0229581 0.0232086 0.0239709 0.0252499 0.0270519 0.0293852 0.03226 0.0356879 0.0396812 0.0442527 0.0494149 0.0551793 0.061556 0.0685527 0.0761743 0.0844223 0.0932941 0.102782 0.112875 0.123553 0.134794 0.146568 0.15884 0.171567 0.184703 0.198194 0.211981 0.226003 0.24019 0.254472 0.268774 0.28302 0.297131 0.311029 0.324634 0.337869 0.350655 0.362919 0.374587 0.385592 0.395868 0.405354 0.413996 0.421741 0.428545 0.434368 0.439175 0.44294 0.445641 0.447261 0.447791 0.447228 0.445577 0.442845 0.439049 0.434211 0.428359 0.421527 0.413755 0.405089 0.39558 0.385283 0.374261 0.362577 0.350302 0.337506 0.324267 0.310659 0.296763 0.282657 0.268419 0.254129 0.239863 0.225694 0.211694 0.19793 0.184465 0.171356 0.158656 0.146413 0.134668 0.123455 0.112803 0.102737 0.0932722 0.0844221 0.0761932 0.068588 0.0616049 0.0552388 0.0494819 0.0443243 0.0397544 0.0357599 0.0323284 0.0294477 0.0271066 0.0252952 0.0240055 0.0232326 
0.0246057 0.0248733 0.0256863 0.0270497 0.0289701 0.0314561 0.0345182 0.0381682 0.0424188 0.047283 0.0527734 0.0589017 0.0656776 0.0731088 0.0811996 0.0899506 0.0993582 0.109414 0.120103 0.131407 0.143299 0.155747 0.168713 0.182152 0.196014 0.210241 0.224772 0.239539 0.254472 0.269494 0.284529 0.299494 0.31431 0.328892 0.343159 0.357029 0.370422 0.38326 0.395469 0.406978 0.41772 0.427633 0.436658 0.444746 0.451847 0.457924 0.46294 0.466867 0.469683 0.471372 0.471925 0.471338 0.469616 0.466766 0.462807 0.457759 0.451652 0.44452 0.436405 0.427353 0.417416 0.406651 0.395123 0.382896 0.370044 0.356641 0.342764 0.328493 0.313911 0.2991 0.284142 0.269119 0.254112 0.239198 0.224452 0.209945 0.195744 0.181911 0.168501 0.155565 0.143146 0.131284 0.12001 0.109348 0.0993179 0.0899339 0.081204 0.0731316 0.0657158 0.058952 0.0528329 0.0473483 0.042487 0.0382363 0.0345836 0.0315165 0.0290233 0.0270941 0.0257205 0.0248974 
0.0262824 0.0265672 0.0274314 0.0288802 0.0309202 0.0335603 0.0368113 0.0406854 0.0451954 0.0503545 0.0561755 0.06267 0.0698475 0.0777154 0.0862773 0.0955331 0.105478 0.116102 0.127389 0.139318 0.15186 0.164981 0.178639 0.192787 0.20737 0.222329 0.237597 0.253104 0.268774 0.284529 0.300286 0.315962 0.33147 0.346726 0.361642 0.376136 0.390123 0.403523 0.416261 0.428262 0.439458 0.449785 0.459185 0.467604 0.474996 0.481318 0.486535 0.49062 0.493548 0.495305 0.49588 0.49527 0.493479 0.490516 0.486397 0.481146 0.474792 0.467369 0.45892 0.449492 0.439138 0.427918 0.415895 0.403138 0.389722 0.375723 0.361221 0.346299 0.331042 0.315537 0.299868 0.284121 0.268381 0.252729 0.237244 0.222 0.207069 0.192514 0.178397 0.16477 0.151681 0.13917 0.127272 0.116015 0.105418 0.0954992 0.0862664 0.0777248 0.0698741 0.0627105 0.0562267 0.050413 0.0452581 0.0407492 0.0368734 0.0336182 0.0309716 0.0289234 0.0274651 0.0265913 
0.0279789 0.0282811 0.0291967 0.0307312 0.0328913 0.0356862 0.0391269 0.0432257 0.0479958 0.0534505 0.0596026 0.0664636 0.0740429 0.0823472 0.0913797 0.101139 0.11162 0.12281 0.134692 0.147243 0.160431 0.174219 0.188564 0.203413 0.218711 0.234392 0.250388 0.266623 0.28302 0.299494 0.315962 0.332334 0.348521 0.364435 0.379986 0.395087 0.409653 0.423601 0.436852 0.449331 0.460967 0.471696 0.481458 0.490198 0.497868 0.504428 0.50984 0.514076 0.517112 0.518934 0.51953 0.518898 0.517041 0.513968 0.509697 0.50425 0.497657 0.489954 0.481182 0.47139 0.460633 0.448971 0.436468 0.423197 0.409231 0.394651 0.379539 0.363981 0.348065 0.331879 0.315513 0.299056 0.282595 0.266217 0.250002 0.234031 0.218378 0.20311 0.188292 0.17398 0.160225 0.14707 0.134552 0.122701 0.111541 0.101088 0.091353 0.0823426 0.0740573 0.0664936 0.0596449 0.0535017 0.0480525 0.0432847 0.0391852 0.0357412 0.0329408 0.0307732 0.0292298 0.0283052 
0.0296854 0.030005 0.030972 0.0325921 0.0348722 0.0378216 0.0414515 0.0457745 0.0508039 0.0565531 0.0630349 0.0702607 0.0782396 0.0869778 0.0964778 0.106737 0.117749 0.1295 0.141972 0.155137 0.168963 0.18341 0.198432 0.213972 0.229972 0.246363 0.263073 0.280024 0.297131 0.31431 0.33147 0.348521 0.36537 0.381924 0.398092 0.413783 0.428909 0.443386 0.457133 0.470072 0.482133 0.493249 0.503358 0.512407 0.520346 0.527132 0.532731 0.537112 0.540253 0.542136 0.542753 0.542099 0.540179 0.537002 0.532585 0.52695 0.520128 0.512155 0.503074 0.492933 0.481787 0.469698 0.456733 0.442964 0.428467 0.413325 0.397621 0.381445 0.364887 0.348038 0.330992 0.313841 0.296675 0.279585 0.262656 0.245971 0.229608 0.213638 0.19813 0.183143 0.16873 0.154938 0.141807 0.129369 0.11765 0.106667 0.0964346 0.0869587 0.0782413 0.0702798 0.0630679 0.0565964 0.050854 0.0458282 0.0415056 0.0378734 0.0349193 0.0326326 0.0310043 0.030029 
0.0313914 0.0317282 0.0327463 0.0344514 0.0368505 0.0399532 0.0437708 0.0483161 0.0536025 0.0596435 0.0664518 0.0740386 0.0824126 0.0915796 0.101541 0.112294 0.12383 0.136134 0.149184 0.162954 0.177407 0.192501 0.208186 0.224404 0.241091 0.258176 0.275583 0.293229 0.311029 0.328892 0.346726 0.364435 0.381924 0.399097 0.41586 0.43212 0.447787 0.462773 0.476996 0.490377 0.502845 0.51433 0.524772 0.534115 0.54231 0.549313 0.55509 0.559609 0.562848 0.564791 0.565427 0.564753 0.562773 0.559496 0.55494 0.549127 0.542087 0.533857 0.52448 0.514005 0.502488 0.489991 0.476582 0.462334 0.447327 0.431642 0.415368 0.398595 0.381416 0.363925 0.34622 0.328394 0.310543 0.29276 0.275135 0.257753 0.240695 0.22404 0.207855 0.192205 0.177147 0.16273 0.148996 0.13598 0.12371 0.112205 0.101481 0.0915456 0.0824012 0.0740463 0.066475 0.0596786 0.0536458 0.0483643 0.0438206 0.0400017 0.0368952 0.0344902 0.0327777 0.0317521 
0.0330858 0.0334397 0.0345082 0.0362971 0.0388136 0.0420675 0.0460701 0.0508345 0.056374 0.0627022 0.0698318 0.0777735 0.0865359 0.096124 0.106538 0.117775 0.129824 0.142669 0.156287 0.170648 0.185713 0.201438 0.217769 0.234646 0.252001 0.26976 0.287843 0.306165 0.324634 0.343159 0.361642 0.379986 0.398092 0.41586 0.433195 0.45 0.466183 0.481656 0.496334 0.510137 0.522991 0.534829 0.545587 0.555209 0.563646 0.570855 0.5768 0.58145 0.584782 0.586781 0.587435 0.586743 0.584706 0.581336 0.576648 0.570666 0.56342 0.554946 0.545288 0.534496 0.522625 0.50974 0.495908 0.481203 0.465707 0.449504 0.432683 0.415336 0.39756 0.379452 0.36111 0.342633 0.32412 0.305666 0.287365 0.269307 0.251576 0.234252 0.217409 0.201114 0.185426 0.170398 0.156075 0.142494 0.129684 0.117668 0.106462 0.0960749 0.0865112 0.0777696 0.069845 0.0627288 0.0564102 0.0508768 0.0461152 0.0421124 0.0388557 0.0363341 0.0345386 0.0334633 
0.0347572 0.0351278 0.0362457 0.0381168 0.0407484 0.0441503 0.0483342 0.0533129 0.0591002 0.0657093 0.0731529 0.0814414 0.090583 0.100582 0.111438 0.123146 0.135695 0.149067 0.163236 0.178171 0.19383 0.210166 0.227123 0.244638 0.262638 0.281048 0.299783 0.318754 0.337869 0.357029 0.376136 0.395087 0.413783 0.43212 0.45 0.467325 0.484 0.499935 0.515044 0.529247 0.542467 0.554637 0.565693 0.575579 0.584245 0.591647 0.59775 0.602523 0.605943 0.607994 0.608666 0.607956 0.605866 0.602408 0.597596 0.591456 0.584015 0.575312 0.56539 0.554298 0.542094 0.52884 0.514607 0.49947 0.483509 0.466813 0.44947 0.431576 0.413229 0.39453 0.375578 0.356477 0.337327 0.318228 0.299277 0.280566 0.262184 0.244215 0.226735 0.209815 0.193517 0.177896 0.163 0.148869 0.135534 0.12302 0.111345 0.100518 0.0905449 0.0814257 0.0731559 0.0657272 0.0591291 0.0533492 0.0483744 0.0441914 0.0407876 0.0381519 0.036275 0.0351511 
0.0363938 0.0367807 0.0379467 0.0398978 0.0426413 0.0461873 0.0505473 0.0557345 0.0617624 0.0686444 0.0763927 0.0850178 0.0945271 0.104924 0.116208 0.128373 0.141405 0.155285 0.169987 0.185475 0.201707 0.218632 0.236191 0.254318 0.272939 0.291972 0.311332 0.330925 0.350655 0.370422 0.390123 0.409653 0.428909 0.447787 0.466183 0.484 0.50114 0.517511 0.533027 0.547606 0.561171 0.573653 0.584988 0.595121 0.604 0.611584 0.617834 0.622722 0.626224 0.628325 0.629013 0.628286 0.626147 0.622607 0.61768 0.611391 0.60377 0.594852 0.584682 0.573309 0.560792 0.547192 0.532581 0.517036 0.500637 0.483473 0.465637 0.447224 0.428336 0.409074 0.389542 0.369845 0.350088 0.330372 0.310798 0.291463 0.272457 0.253868 0.235776 0.218254 0.201368 0.185176 0.169728 0.155066 0.141224 0.128228 0.116098 0.104845 0.0944755 0.0849904 0.0763855 0.0686535 0.0617839 0.0557647 0.0505826 0.0462245 0.0426777 0.0399309 0.0379748 0.0368037 
0.0379837 0.0383863 0.0395988 0.0416271 0.0444788 0.0481637 0.0526938 0.0580821 0.064342 0.071487 0.0795291 0.0884782 0.0983414 0.109122 0.120817 0.133419 0.146916 0.161284 0.176496 0.192514 0.209294 0.226782 0.244916 0.263628 0.282839 0.302467 0.32242 0.342604 0.362919 0.38326 0.403523 0.423601 0.443386 0.462773 0.481656 0.499935 0.517511 0.534292 0.550189 0.565118 0.579005 0.591778 0.603374 0.613736 0.622815 0.630566 0.636953 0.641948 0.645526 0.647672 0.648376 0.647634 0.645449 0.641832 0.636799 0.630373 0.622583 0.613466 0.603065 0.591432 0.578622 0.564699 0.549736 0.533807 0.516998 0.499396 0.481095 0.462194 0.442795 0.423002 0.402921 0.382661 0.362327 0.342026 0.321861 0.301931 0.282331 0.263152 0.244475 0.226379 0.20893 0.192192 0.176214 0.161044 0.146715 0.133257 0.12069 0.109027 0.0982766 0.0884391 0.0795117 0.0714874 0.0643561 0.0581061 0.0527241 0.048197 0.0445122 0.0416582 0.0396258 0.038409 
0.0395149 0.0399327 0.0411897 0.043292 0.0462472 0.0500652 0.054758 0.0603386 0.0668206 0.074217 0.0825397 0.0917983 0.101999 0.113145 0.125232 0.138253 0.152191 0.167023 0.18272 0.199242 0.216542 0.234564 0.253243 0.272508 0.292279 0.312468 0.332982 0.353722 0.374587 0.395469 0.416261 0.436852 0.457133 0.476996 0.496334 0.515044 0.533027 0.550189 0.566439 0.581695 0.59588 0.608922 0.620759 0.631333 0.640595 0.6485 0.655014 0.660107 0.663755 0.665943 0.666661 0.665905 0.663679 0.659992 0.654861 0.648308 0.640363 0.631062 0.620449 0.608574 0.595493 0.581272 0.56598 0.549697 0.532505 0.514494 0.495761 0.476403 0.456526 0.436235 0.415639 0.394849 0.373974 0.353122 0.332399 0.311907 0.291746 0.272008 0.252778 0.234137 0.216155 0.198897 0.182417 0.166763 0.151971 0.138073 0.125089 0.113036 0.101922 0.0917477 0.0825123 0.0742087 0.0668273 0.0603565 0.0547834 0.0500946 0.0462776 0.0433211 0.0412155 0.039955 
0.0409758 0.041408 0.0427072 0.0448797 0.0479331 0.0518774 0.0567245 0.0624874 0.0691797 0.0768143 0.0854027 0.0949543 0.105475 0.116966 0.129424 0.142839 0.157194 0.172464 0.188618 0.205615 0.223404 0.241928 0.26112 0.280904 0.301199 0.321913 0.342952 0.364213 0.385592 0.406978 0.428262 0.449331 0.470072 0.490377 0.510137 0.529247 0.547606 0.565118 0.581695 0.597251 0.61171 0.625 0.637057 0.647826 0.657255 0.665302 0.671932 0.677114 0.680826 0.683052 0.683783 0.683014 0.68075 0.677 0.671779 0.665111 0.657024 0.647555 0.636747 0.62465 0.611322 0.596825 0.581232 0.564621 0.547076 0.528688 0.509553 0.489772 0.469451 0.448698 0.427623 0.406339 0.384958 0.363591 0.342347 0.32133 0.300643 0.28038 0.260631 0.241478 0.222995 0.205249 0.188295 0.172185 0.156956 0.142642 0.129266 0.116843 0.105385 0.0948926 0.0853656 0.0767976 0.0691793 0.0624994 0.0567449 0.0519028 0.0479606 0.0449067 0.0427317 0.0414298 
0.0423548 0.0428004 0.0441394 0.0463778 0.0495234 0.0535861 0.0585781 0.0645121 0.0714017 0.0792596 0.0880972 0.0979232 0.108743 0.120558 0.133362 0.147146 0.16189 0.17757 0.194151 0.21159 0.229835 0.248826 0.268494 0.288762 0.309543 0.330745 0.35227 0.374014 0.395868 0.41772 0.439458 0.460967 0.482133 0.502845 0.522991 0.542467 0.561171 0.579005 0.59588 0.61171 0.626418 0.639933 0.652191 0.663136 0.672717 0.680893 0.687627 0.69289 0.69666 0.698921 0.699663 0.698883 0.696585 0.692777 0.687476 0.680703 0.672488 0.662867 0.651882 0.639584 0.626029 0.611282 0.595414 0.578503 0.560635 0.541901 0.522398 0.502229 0.481499 0.46032 0.438804 0.417064 0.395216 0.373373 0.351645 0.330142 0.308966 0.288216 0.267985 0.248355 0.229405 0.211203 0.193809 0.177272 0.161636 0.146933 0.133189 0.120422 0.108641 0.097851 0.0880508 0.0792349 0.0713945 0.0645183 0.0585938 0.0536079 0.049548 0.0464028 0.0441627 0.0428218 
