6.26142e-13 6.43182e-13 1.05933e-12 2.11086e-12 4.36244e-12 8.96443e-12 1.81444e-11 3.60998e-11 7.05699e-11 1.35533e-10 2.5573e-10 4.74058e-10 8.63406e-10 1.54509e-09 2.7169e-09 4.69473e-09 7.97263e-09 1.33073e-08 2.18333e-08 3.5216e-08 5.5847e-08 8.7086e-08 1.33548e-07 2.01423e-07 2.98824e-07 4.36112e-07 6.26175e-07 8.84597e-07 1.22965e-06 1.68204e-06 2.2643e-06 2.99991e-06 3.91185e-06 5.02098e-06 6.34395e-06 7.89104e-06 9.66404e-06 1.16544e-05 1.38417e-05 1.61936e-05 1.86654e-05 2.1202e-05 2.37399e-05 2.621e-05 2.85412e-05 3.06636e-05 3.25123e-05 3.40301e-05 3.51697e-05 3.58956e-05 3.61852e-05 3.60297e-05 3.54341e-05 3.44169e-05 3.30103e-05 3.12582e-05 2.92156e-05 2.69453e-05 2.45163e-05 2.19993e-05 1.94641e-05 1.69756e-05 1.45912e-05 1.23581e-05 1.03119e-05 8.47608e-06 6.86242e-06 5.47204e-06 4.29717e-06 3.32319e-06 2.53074e-06 1.89776e-06 1.40128e-06 1.01878e-06 7.29266e-07 5.13956e-07 3.56596e-07 2.43564e-07 1.6376e-07 1.08375e-07 7.05903e-08 4.52505e-08 2.85451e-08 1.77188e-08 1.08219e-08 6.50286e-09 3.84427e-09 2.23567e-09 1.27899e-09 7.19739e-10 3.98404e-10 2.16924e-10 1.16179e-10 6.1206e-11 3.17193e-11 1.61724e-11 8.11632e-12 4.01821e-12 1.98242e-12 1.02074e-12 
6.43182e-13 6.61613e-13 1.09845e-12 2.2066e-12 4.59283e-12 9.49985e-12 1.9348e-11 3.87248e-11 7.61365e-11 1.4703e-10 2.78885e-10 5.19584e-10 9.50853e-10 1.70931e-09 3.01859e-09 5.2372e-09 8.92778e-09 1.49548e-08 2.46184e-08 3.98316e-08 6.33487e-08 9.90475e-08 1.52264e-07 2.30171e-07 3.4218e-07 5.00329e-07 7.19611e-07 1.01818e-06 1.41732e-06 1.9412e-06 2.61614e-06 3.46954e-06 4.52829e-06 5.81677e-06 7.35446e-06 9.15341e-06 1.12157e-05 1.35314e-05 1.60767e-05 1.88135e-05 2.16899e-05 2.46416e-05 2.75942e-05 3.04673e-05 3.31779e-05 3.56451e-05 3.77933e-05 3.95561e-05 4.08788e-05 4.17202e-05 4.20545e-05 4.18713e-05 4.11765e-05 3.99919e-05 3.83543e-05 3.63152e-05 3.3938e-05 3.12962e-05 2.84697e-05 2.5541e-05 2.25913e-05 1.96964e-05 1.69231e-05 1.43265e-05 1.1948e-05 9.81487e-06 7.94081e-06 6.32699e-06 4.9642e-06 3.83528e-06 2.91756e-06 2.18522e-06 1.61141e-06 1.16985e-06 8.36081e-07 5.88215e-07 4.07349e-07 2.77659e-07 1.86268e-07 1.22975e-07 7.98923e-08 5.10708e-08 3.21204e-08 1.98745e-08 1.20972e-08 7.24292e-09 4.26537e-09 2.47053e-09 1.40732e-09 7.88413e-10 4.34371e-10 2.35348e-10 1.25403e-10 6.57139e-11 3.38675e-11 1.71688e-11 8.56522e-12 4.21404e-12 2.06507e-12 1.05542e-12 
1.05933e-12 1.09845e-12 1.83525e-12 3.69722e-12 7.70617e-12 1.59534e-11 3.25109e-11 6.50942e-11 1.28001e-10 2.47177e-10 4.68722e-10 8.72863e-10 1.59631e-09 2.86713e-09 5.05792e-09 8.76442e-09 1.49192e-08 2.49507e-08 4.10006e-08 6.62097e-08 1.05084e-07 1.63942e-07 2.51446e-07 3.79192e-07 5.62331e-07 8.20159e-07 1.1766e-06 1.66049e-06 2.30548e-06 3.14957e-06 4.23391e-06 5.60111e-06 7.29262e-06 9.34565e-06 1.17894e-05 1.46413e-05 1.79028e-05 2.15565e-05 2.55637e-05 2.98635e-05 3.43735e-05 3.89927e-05 4.3605e-05 4.80855e-05 5.23059e-05 5.61412e-05 5.94755e-05 6.22071e-05 6.42527e-05 6.55497e-05 6.60589e-05 6.57648e-05 6.46768e-05 6.28281e-05 6.02756e-05 5.70978e-05 5.33924e-05 4.92723e-05 4.48607e-05 4.02853e-05 3.5672e-05 3.11388e-05 2.67899e-05 2.27118e-05 1.89703e-05 1.5609e-05 1.26504e-05 1.00977e-05 7.93771e-06 6.14456e-06 4.68365e-06 3.51519e-06 2.59753e-06 1.8897e-06 1.35337e-06 9.54112e-07 6.62079e-07 4.52179e-07 3.03922e-07 2.01013e-07 1.30814e-07 8.37551e-08 5.27534e-08 3.26838e-08 1.99168e-08 1.19365e-08 7.03512e-09 4.07735e-09 2.32367e-09 1.3021e-09 7.17426e-10 3.8866e-10 2.07026e-10 1.0843e-10 5.58426e-11 2.82834e-11 1.40947e-11 6.92587e-12 3.38976e-12 1.73168e-12 
2.11086e-12 2.2066e-12 3.69722e-12 7.44142e-12 1.54795e-11 3.19732e-11 6.50006e-11 1.29819e-10 2.54605e-10 4.90307e-10 9.2712e-10 1.72138e-09 3.13839e-09 5.61888e-09 9.87953e-09 1.7061e-08 2.89399e-08 4.82242e-08 7.8952e-08 1.27014e-07 2.00813e-07 3.12068e-07 4.76749e-07 7.1611e-07 1.05775e-06 1.53661e-06 2.19573e-06 3.08666e-06 4.26918e-06 5.81027e-06 7.782e-06 1.02582e-05 1.33102e-05 1.70009e-05 2.13786e-05 2.64701e-05 3.22745e-05 3.87571e-05 4.58466e-05 5.34332e-05 6.13707e-05 6.9481e-05 7.75616e-05 8.53952e-05 9.27598e-05 9.94405e-05 0.000105238 0.00010998 0.000113523 0.000115762 0.00011663 0.000116101 0.000114193 0.000110961 0.000106504 0.000100956 9.44836e-05 8.72817e-05 7.95622e-05 7.15459e-05 6.34512e-05 5.54833e-05 4.7825e-05 4.06287e-05 3.40112e-05 2.80517e-05 2.27925e-05 1.82422e-05 1.43805e-05 1.11647e-05 8.53628e-06 6.42695e-06 4.76459e-06 3.47773e-06 2.49909e-06 1.76785e-06 1.23096e-06 8.43595e-07 5.68945e-07 3.77576e-07 2.4654e-07 1.5837e-07 1.00071e-07 6.21951e-08 3.80163e-08 2.28512e-08 1.35065e-08 7.84953e-09 4.48524e-09 2.51972e-09 1.39166e-09 7.55658e-10 4.03394e-10 2.11717e-10 1.09251e-10 5.54372e-11 2.76757e-11 1.36233e-11 6.68127e-12 3.42454e-12 
4.36244e-12 4.59283e-12 7.70617e-12 1.54795e-11 3.21101e-11 6.61262e-11 1.3402e-10 2.66822e-10 5.21616e-10 1.00119e-09 1.88674e-09 3.49096e-09 6.34205e-09 1.13133e-08 1.9818e-08 3.40937e-08 5.76076e-08 9.56156e-08 1.55912e-07 2.49801e-07 3.93314e-07 6.08675e-07 9.25983e-07 1.38505e-06 2.03724e-06 2.94716e-06 4.19389e-06 5.87147e-06 8.08821e-06 1.09646e-05 1.46291e-05 1.92124e-05 2.4839e-05 3.16171e-05 3.96276e-05 4.89118e-05 5.94608e-05 7.12058e-05 8.40124e-05 9.76792e-05 0.000111941 0.000126479 0.000140931 0.000154912 0.000168032 0.000179912 0.000190205 0.000198609 0.000204875 0.000208822 0.000210335 0.00020937 0.000205956 0.000200193 0.000192251 0.000182364 0.000170826 0.000157976 0.000144188 0.00012985 0.000115348 0.000101048 8.72762e-05 7.43064e-05 6.23509e-05 5.15563e-05 4.20037e-05 3.37141e-05 2.6657e-05 2.07609e-05 1.59251e-05 1.20304e-05 8.94957e-06 6.55556e-06 4.72781e-06 3.35665e-06 2.34586e-06 1.6136e-06 1.09228e-06 7.27556e-07 4.76797e-07 3.07387e-07 1.94925e-07 1.21572e-07 7.45647e-08 4.49708e-08 2.66678e-08 1.5548e-08 8.9118e-09 5.02164e-09 2.78166e-09 1.51473e-09 8.10856e-10 4.26717e-10 2.20774e-10 1.12313e-10 5.62095e-11 2.77389e-11 1.36427e-11 7.02176e-12 
8.96443e-12 9.49985e-12 1.59534e-11 3.19732e-11 6.61262e-11 1.3575e-10 2.74247e-10 5.44214e-10 1.06034e-09 2.02827e-09 3.80893e-09 7.02239e-09 1.27112e-08 2.25907e-08 3.94226e-08 6.75577e-08 1.13701e-07 1.8796e-07 3.0524e-07 4.87032e-07 7.6363e-07 1.17677e-06 1.78264e-06 2.65505e-06 3.88864e-06 5.60164e-06 7.9378e-06 1.10668e-05 1.51828e-05 2.04999e-05 2.72447e-05 3.56452e-05 4.59161e-05 5.82409e-05 7.27521e-05 8.95111e-05 0.000108489 0.000129551 0.000152448 0.000176814 0.000202175 0.000227963 0.000253542 0.000278237 0.000301366 0.000322272 0.000340356 0.000355095 0.000366065 0.000372954 0.000375566 0.000373827 0.000367788 0.000357622 0.000343621 0.000326192 0.00030584 0.000283154 0.000258782 0.000233402 0.00020769 0.000182288 0.000157772 0.000134631 0.000113246 9.38861e-05 7.67038e-05 6.17474e-05 4.89734e-05 3.82646e-05 2.94501e-05 2.23247e-05 1.66667e-05 1.22527e-05 8.86919e-06 6.32052e-06 4.43386e-06 3.06137e-06 2.08014e-06 1.39077e-06 9.14832e-07 5.91962e-07 3.76752e-07 2.35817e-07 1.45145e-07 8.78402e-08 5.22652e-08 3.05723e-08 1.75799e-08 9.93705e-09 5.52132e-09 3.01557e-09 1.61897e-09 8.5441e-10 4.43276e-10 2.26115e-10 1.13466e-10 5.61461e-11 2.76979e-11 1.43175e-11 
1.81444e-11 1.9348e-11 3.25109e-11 6.50006e-11 1.3402e-10 2.74247e-10 5.52229e-10 1.09218e-09 2.12075e-09 4.04258e-09 7.56474e-09 1.38964e-08 2.50607e-08 4.43706e-08 7.71324e-08 1.31661e-07 2.20703e-07 3.63362e-07 5.87647e-07 9.337e-07 1.45776e-06 2.23683e-06 3.37385e-06 5.00324e-06 7.29612e-06 1.04648e-05 1.47656e-05 2.04989e-05 2.80055e-05 3.76585e-05 4.98491e-05 6.49667e-05 8.3373e-05 0.000105371 0.000131173 0.000160861 0.000194363 0.000231423 0.000271586 0.000314203 0.00035844 0.00040331 0.000447714 0.000490491 0.000530478 0.000566558 0.000597714 0.000623066 0.000641901 0.000653693 0.000658117 0.000655051 0.000644581 0.000627001 0.000602804 0.000572677 0.000537475 0.000498197 0.000455947 0.000411883 0.000367163 0.000322895 0.000280077 0.000239562 0.000202024 0.000167944 0.000137605 0.000111113 8.84086e-05 6.93075e-05 5.35269e-05 4.07212e-05 3.05122e-05 2.25152e-05 1.63597e-05 1.17033e-05 8.24158e-06 5.71244e-06 3.8965e-06 2.61518e-06 1.72679e-06 1.12157e-06 7.16466e-07 4.50087e-07 2.78021e-07 1.68846e-07 1.00809e-07 5.91659e-08 3.41335e-08 1.93558e-08 1.07883e-08 5.91018e-09 3.18245e-09 1.68442e-09 8.76373e-10 4.4828e-10 2.25568e-10 1.11927e-10 5.53884e-11 2.87571e-11 
3.60998e-11 3.87248e-11 6.50942e-11 1.29819e-10 2.66822e-10 5.44214e-10 1.09218e-09 2.15274e-09 4.16562e-09 7.91245e-09 1.47529e-08 2.70013e-08 4.85113e-08 8.55613e-08 1.48156e-07 2.51887e-07 4.20521e-07 6.89478e-07 1.11037e-06 1.75673e-06 2.7309e-06 4.17208e-06 6.26517e-06 9.24988e-06 1.34293e-05 1.91765e-05 2.69389e-05 3.72364e-05 5.06544e-05 6.78278e-05 8.9416e-05 0.000116068 0.000148377 0.000186831 0.000231752 0.000283244 0.00034114 0.000404964 0.000473911 0.000546851 0.000622351 0.000698733 0.00077414 0.000846626 0.000914248 0.000975151 0.00102765 0.0010703 0.00110193 0.00112168 0.00112901 0.00112373 0.00110598 0.00107626 0.00103536 0.000984435 0.000924884 0.000858368 0.000786721 0.000711876 0.000635776 0.000560283 0.000487095 0.000417665 0.000353159 0.000294419 0.000241963 0.000196 0.000156471 0.000123091 9.54064e-05 7.28501e-05 5.47931e-05 4.05886e-05 2.96073e-05 2.1264e-05 1.50338e-05 1.04617e-05 7.16429e-06 4.82733e-06 3.19988e-06 2.08635e-06 1.33783e-06 8.43561e-07 5.22975e-07 3.18747e-07 1.90974e-07 1.12468e-07 6.51012e-08 3.70369e-08 2.0709e-08 1.13804e-08 6.14663e-09 3.26296e-09 1.70259e-09 8.73386e-10 4.40709e-10 2.19305e-10 1.08873e-10 5.6779e-11 
7.05699e-11 7.61365e-11 1.28001e-10 2.54605e-10 5.21616e-10 1.06034e-09 2.12075e-09 4.16562e-09 8.03213e-09 1.52019e-08 2.82402e-08 5.14925e-08 9.21598e-08 1.61912e-07 2.79249e-07 4.72841e-07 7.86141e-07 1.28352e-06 2.05822e-06 3.2422e-06 5.01795e-06 7.63199e-06 1.14095e-05 1.67689e-05 2.42355e-05 3.4451e-05 4.81786e-05 6.6298e-05 8.97912e-05 0.000119713 0.000157147 0.000203147 0.000258661 0.000324445 0.000400974 0.000488348 0.000586219 0.000693726 0.000809473 0.000931538 0.00105752 0.00118463 0.0013098 0.00142985 0.00154161 0.00164208 0.00172853 0.00179865 0.00185054 0.00188285 0.00189473 0.00188586 0.00185649 0.00180739 0.00173986 0.00165574 0.00155729 0.00144721 0.00132845 0.00120418 0.00107758 0.000951703 0.000829365 0.000712996 0.000604561 0.000505509 0.000416755 0.000338712 0.000271341 0.000214227 0.000166665 0.00012775 9.64627e-05 7.17411e-05 5.25431e-05 3.78902e-05 2.68982e-05 1.87943e-05 1.29229e-05 8.7426e-06 5.81831e-06 3.80851e-06 2.45159e-06 1.55172e-06 9.65593e-07 5.90668e-07 3.55156e-07 2.09889e-07 1.21907e-07 6.95857e-08 3.90351e-08 2.15195e-08 1.1659e-08 6.20802e-09 3.24894e-09 1.67147e-09 8.45851e-10 4.22144e-10 2.10259e-10 1.10153e-10 
1.35533e-10 1.4703e-10 2.47177e-10 4.90307e-10 1.00119e-09 2.02827e-09 4.04258e-09 7.91245e-09 1.52019e-08 2.8666e-08 5.30532e-08 9.63675e-08 1.71805e-07 3.00642e-07 5.16419e-07 8.70827e-07 1.44175e-06 2.34386e-06 3.7422e-06 5.86882e-06 9.04247e-06 1.36907e-05 2.03733e-05 2.98053e-05 4.28772e-05 6.06684e-05 8.44513e-05 0.00011568 0.000155963 0.00020701 0.000270557 0.000348267 0.000441611 0.000551724 0.000679266 0.00082428 0.000986073 0.00116313 0.0013531 0.00155278 0.00175823 0.00196493 0.00216796 0.00236222 0.00254268 0.00270458 0.00284365 0.00295624 0.00303943 0.00309107 0.00310986 0.00309533 0.00304786 0.00296865 0.00285976 0.00272404 0.00256507 0.00238707 0.00219476 0.00199314 0.00178729 0.00158214 0.00138222 0.00119152 0.00101327 0.000849894 0.000702988 0.000573327 0.000460955 0.000365298 0.000285298 0.000219554 0.000166457 0.000124308 9.14229e-05 6.6204e-05 4.71958e-05 3.3115e-05 2.28647e-05 1.55324e-05 1.03792e-05 6.82131e-06 4.40835e-06 2.80108e-06 1.74968e-06 1.07429e-06 6.48307e-07 3.845e-07 2.24102e-07 1.28355e-07 7.22423e-08 3.99557e-08 2.17162e-08 1.15991e-08 6.08881e-09 3.14185e-09 1.59463e-09 7.98231e-10 3.98915e-10 2.09959e-10 
2.5573e-10 2.78885e-10 4.68722e-10 9.2712e-10 1.88674e-09 3.80893e-09 7.56474e-09 1.47529e-08 2.82402e-08 5.30532e-08 9.78134e-08 1.76982e-07 3.14277e-07 5.47734e-07 9.36982e-07 1.57339e-06 2.59378e-06 4.19839e-06 6.67346e-06 1.04188e-05 1.59796e-05 2.4082e-05 3.56694e-05 5.19374e-05 7.43626e-05 0.00010472 0.000145082 0.000197798 0.000265437 0.000350699 0.000456295 0.00058478 0.000738359 0.000918675 0.00112659 0.00136195 0.00162348 0.00190856 0.0022133 0.00253252 0.00285993 0.00318835 0.00351007 0.00381713 0.00410172 0.00435653 0.00457501 0.00475158 0.00488179 0.00496241 0.00499146 0.00496825 0.00489334 0.0047686 0.00459714 0.00438331 0.00413261 0.00385151 0.00354729 0.00322771 0.00290068 0.00257393 0.00225463 0.00194912 0.0016626 0.00139908 0.00116124 0.000950483 0.000767071 0.000610266 0.000478538 0.000369784 0.000281534 0.000211143 0.000155954 0.000113422 8.12065e-05 5.72241e-05 3.968e-05 2.70695e-05 1.81643e-05 1.19868e-05 7.77797e-06 4.96176e-06 3.11138e-06 1.91765e-06 1.16156e-06 6.91409e-07 4.04415e-07 2.32436e-07 1.31267e-07 7.28425e-08 3.97192e-08 2.12824e-08 1.12068e-08 5.80042e-09 2.95288e-09 1.48269e-09 7.43529e-10 3.93184e-10 
4.74058e-10 5.19584e-10 8.72863e-10 1.72138e-09 3.49096e-09 7.02239e-09 1.38964e-08 2.70013e-08 5.14925e-08 9.63675e-08 1.76982e-07 3.18961e-07 5.64114e-07 9.79123e-07 1.66793e-06 2.78885e-06 4.57751e-06 7.37652e-06 1.16724e-05 1.81398e-05 2.76924e-05 4.15372e-05 6.12304e-05 8.8728e-05 0.000126424 0.000177173 0.000244273 0.000331425 0.000442634 0.000582061 0.000753816 0.00096171 0.00120895 0.0014978 0.00182928 0.00220285 0.00261613 0.00306481 0.00354259 0.00404126 0.00455102 0.00506079 0.00555872 0.00603273 0.00647104 0.00686265 0.00719778 0.00746814 0.00766714 0.00779004 0.00783391 0.00779775 0.00768242 0.00749065 0.00722709 0.00689819 0.00651214 0.00607864 0.00560862 0.00511381 0.00460624 0.00409773 0.00359935 0.00312092 0.0026707 0.00225506 0.00187843 0.0015433 0.00125039 0.000998821 0.000786494 0.00061035 0.000466707 0.000351558 0.000260818 0.000190531 0.000137019 9.69806e-05 6.75425e-05 4.62768e-05 3.11855e-05 2.06663e-05 1.34653e-05 8.62463e-06 5.42974e-06 3.35954e-06 2.04267e-06 1.22041e-06 7.16431e-07 4.1323e-07 2.34181e-07 1.30393e-07 7.13369e-08 3.83484e-08 2.02578e-08 1.05179e-08 5.37109e-09 2.70543e-09 1.3615e-09 7.23427e-10 
8.63406e-10 9.50853e-10 1.59631e-09 3.13839e-09 6.34205e-09 1.27112e-08 2.50607e-08 4.85113e-08 9.21598e-08 1.71805e-07 3.14277e-07 5.64114e-07 9.93597e-07 1.71735e-06 2.91303e-06 4.84956e-06 7.92469e-06 1.27129e-05 2.00243e-05 3.09744e-05 4.70621e-05 7.02522e-05 0.000103057 0.000148607 0.000210699 0.000293814 0.000403083 0.000544197 0.000723241 0.000946453 0.0012199 0.00154909 0.0019385 0.00239114 0.00290801 0.00348773 0.00412621 0.00481642 0.00554842 0.00630957 0.0070849 0.00785774 0.00861039 0.00932495 0.00998407 0.0105717 0.0110735 0.0114777 0.0117746 0.0119575 0.0120222 0.0119673 0.011794 0.0115063 0.0111109 0.010617 0.0100367 0.00938393 0.0086748 0.00792656 0.00715704 0.00638388 0.00562371 0.00489149 0.00419987 0.00355887 0.0029756 0.00245432 0.0019966 0.00160163 0.00126662 0.000987285 0.00075832 0.000573812 0.000427648 0.00031383 0.000226717 0.000161195 0.000112768 7.76056e-05 5.25262e-05 3.49581e-05 2.28733e-05 1.47112e-05 9.29914e-06 5.77648e-06 3.52587e-06 2.11455e-06 1.24594e-06 7.21259e-07 4.10197e-07 2.29195e-07 1.25818e-07 6.78613e-08 3.59653e-08 1.87334e-08 9.59683e-09 4.84961e-09 2.44938e-09 1.30782e-09 
1.54509e-09 1.70931e-09 2.86713e-09 5.61888e-09 1.13133e-08 2.25907e-08 4.43706e-08 8.55613e-08 1.61912e-07 3.00642e-07 5.47734e-07 9.79123e-07 1.71735e-06 2.95567e-06 4.99174e-06 8.27344e-06 1.34588e-05 2.14919e-05 3.36945e-05 5.1873e-05 7.84357e-05 0.000116514 0.000170076 0.000244023 0.000344242 0.000477609 0.000651914 0.000875694 0.00115796 0.00150781 0.00193393 0.00244403 0.00304413 0.00373793 0.00452611 0.00540577 0.00637 0.00740769 0.00850357 0.00963858 0.0107905 0.0119348 0.0130457 0.0140975 0.0150651 0.0159258 0.0166594 0.017249 0.0176815 0.0179471 0.0180403 0.017959 0.017705 0.0172839 0.0167049 0.0159812 0.0151296 0.0141701 0.0131255 0.0120206 0.0108811 0.0097327 0.00859981 0.00750458 0.00646605 0.0054995 0.00461614 0.003823 0.0031232 0.00251629 0.00199887 0.00156516 0.00120774 0.000918152 0.000687484 0.000506877 0.000367889 0.00026278 0.000184679 0.000127669 8.67967e-05 5.80198e-05 3.81262e-05 2.46248e-05 1.56301e-05 9.74851e-06 5.97392e-06 3.59662e-06 2.12726e-06 1.23602e-06 7.05509e-07 3.95603e-07 2.17925e-07 1.17942e-07 6.27169e-08 3.27752e-08 1.68449e-08 8.54061e-09 4.32958e-09 2.32319e-09 
2.7169e-09 3.01859e-09 5.05792e-09 9.87953e-09 1.9818e-08 3.94226e-08 7.71324e-08 1.48156e-07 2.79249e-07 5.16419e-07 9.36982e-07 1.66793e-06 2.91303e-06 4.99174e-06 8.39315e-06 1.38485e-05 2.24248e-05 3.56425e-05 5.56145e-05 8.52062e-05 0.000128207 0.000189502 0.000275226 0.000392881 0.000551393 0.000761069 0.00103345 0.00138103 0.00181679 0.00235364 0.00300364 0.00377718 0.00468199 0.00572226 0.00689767 0.00820271 0.00962615 0.0111508 0.0127539 0.0144073 0.0160789 0.0177335 0.0193346 0.0208459 0.0222326 0.0234632 0.0245098 0.0253493 0.0259639 0.0263406 0.0264716 0.0263543 0.0259912 0.0253897 0.0245626 0.0235277 0.022308 0.0209312 0.0194289 0.0178357 0.0161878 0.0145216 0.0128721 0.0112712 0.00974686 0.00832194 0.00701358 0.00583312 0.00478628 0.00387363 0.00309133 0.00243198 0.00188556 0.00144032 0.00108366 0.000802818 0.000585469 0.000420179 0.000296683 0.000206048 0.000140721 9.44874e-05 6.23629e-05 4.04524e-05 2.57848e-05 1.61485e-05 9.93594e-06 6.00568e-06 3.56591e-06 2.0798e-06 1.19155e-06 6.70578e-07 3.7072e-07 2.01337e-07 1.0743e-07 5.63311e-08 2.90483e-08 1.4778e-08 7.51996e-09 4.05539e-09 
4.69473e-09 5.2372e-09 8.76442e-09 1.7061e-08 3.40937e-08 6.75577e-08 1.31661e-07 2.51887e-07 4.72841e-07 8.70827e-07 1.57339e-06 2.78885e-06 4.84956e-06 8.27344e-06 1.38485e-05 2.2745e-05 3.66593e-05 5.79908e-05 9.0049e-05 0.000137287 0.000205542 0.000302275 0.000436765 0.00062025 0.000865947 0.00118895 0.00160595 0.00213474 0.00279356 0.00360016 0.00457074 0.00571876 0.00705362 0.00857939 0.0102937 0.0121867 0.0142408 0.0164302 0.0187215 0.0210744 0.0234435 0.0257797 0.0280327 0.0301525 0.0320923 0.0338093 0.0352663 0.0364329 0.0372853 0.0378064 0.0379863 0.0378214 0.0373151 0.0364771 0.0353242 0.0338802 0.0321756 0.0302474 0.0281383 0.0258954 0.0235681 0.0212068 0.0188602 0.0165735 0.0143866 0.0123327 0.0104376 0.00871899 0.00718675 0.00584355 0.00468567 0.00370413 0.00288596 0.00221537 0.00167502 0.00124703 0.00091387 0.000659047 0.000467575 0.000326269 0.000223863 0.000151 0.000100109 6.52223e-05 4.17526e-05 2.62593e-05 1.62238e-05 9.84603e-06 5.86933e-06 3.43656e-06 1.97635e-06 1.11639e-06 6.19436e-07 3.37619e-07 1.80781e-07 9.51195e-08 4.92179e-08 2.51262e-08 1.28353e-08 6.95713e-09 
7.97263e-09 8.92778e-09 1.49192e-08 2.89399e-08 5.76076e-08 1.13701e-07 2.20703e-07 4.20521e-07 7.86141e-07 1.44175e-06 2.59378e-06 4.57751e-06 7.92469e-06 1.34588e-05 2.24248e-05 3.66593e-05 5.88058e-05 9.25752e-05 0.000143047 0.000216999 0.000323241 0.000472923 0.000679782 0.000960272 0.00133353 0.00182114 0.00244662 0.00323471 0.00421025 0.00539693 0.00681575 0.00848337 0.0104104 0.0125996 0.0150449 0.01773 0.0206276 0.0237001 0.0268999 0.0301707 0.03345 0.036671 0.0397659 0.0426685 0.0453167 0.0476546 0.0496341 0.0512157 0.0523691 0.0530727 0.0533138 0.053088 0.0523994 0.0512607 0.0496932 0.0477273 0.0454025 0.0427671 0.0398769 0.0367939 0.0335844 0.0303159 0.0270545 0.0238626 0.0207958 0.0179014 0.0152168 0.0127691 0.0105745 0.00863957 0.00696173 0.00553087 0.0043309 0.00334137 0.00253915 0.00189989 0.00139928 0.00101411 0.000723002 0.000506936 0.000349475 0.000236826 0.000157728 0.000103223 6.637e-05 4.19217e-05 2.60099e-05 1.58504e-05 9.48691e-06 5.57674e-06 3.21964e-06 1.82563e-06 1.01674e-06 5.56198e-07 2.98889e-07 1.57818e-07 8.19453e-08 4.19827e-08 2.15309e-08 1.17306e-08 
1.33073e-08 1.49548e-08 2.49507e-08 4.82242e-08 9.56156e-08 1.8796e-07 3.63362e-07 6.89478e-07 1.28352e-06 2.34386e-06 4.19839e-06 7.37652e-06 1.27129e-05 2.14919e-05 3.56425e-05 5.79908e-05 9.25752e-05 0.000145022 0.000222971 0.000336527 0.000498708 0.000725833 0.0010378 0.00145816 0.00201399 0.0027354 0.00365476 0.00480546 0.00622041 0.00793019 0.00996092 0.0123321 0.0150545 0.0181278 0.0215396 0.0252636 0.0292596 0.0334738 0.0378401 0.0422818 0.0467149 0.0510511 0.0552018 0.0590811 0.0626094 0.0657158 0.0683396 0.0704317 0.0719545 0.0728814 0.0731968 0.0728955 0.0719825 0.0704733 0.0683944 0.0657834 0.0626899 0.0591746 0.0553087 0.0511717 0.0468495 0.0424303 0.038002 0.0336479 0.0294439 0.0254555 0.0217361 0.0183254 0.0152494 0.0125209 0.0101403 0.00809744 0.00637336 0.00494264 0.00377542 0.00283947 0.00210197 0.00153108 0.00109702 0.000772965 0.00053545 0.00036458 0.000243947 0.000160379 0.000103582 6.57143e-05 4.09476e-05 2.50588e-05 1.50605e-05 8.889e-06 5.15231e-06 2.93289e-06 1.63964e-06 9.00299e-07 4.85575e-07 2.57315e-07 1.34084e-07 6.89442e-08 3.55005e-08 1.94422e-08 
2.18333e-08 2.46184e-08 4.10006e-08 7.8952e-08 1.55912e-07 3.0524e-07 5.87647e-07 1.11037e-06 2.05822e-06 3.7422e-06 6.67346e-06 1.16724e-05 2.00243e-05 3.36945e-05 5.56145e-05 9.0049e-05 0.000143047 0.000222971 0.000341079 0.000512135 0.000754978 0.00109298 0.00155434 0.00217205 0.0029835 0.00402973 0.00535408 0.00700043 0.00901103 0.0114239 0.0142701 0.017571 0.0213353 0.0255571 0.0302136 0.0352649 0.0406528 0.0463025 0.0521245 0.058017 0.0638702 0.0695705 0.0750048 0.0800654 0.0846531 0.0886806 0.0920739 0.0947738 0.0967351 0.0979264 0.0983292 0.0979375 0.0967572 0.0948067 0.0921173 0.0887345 0.0847182 0.0801424 0.0750951 0.0696755 0.0639914 0.0581555 0.0522807 0.0464762 0.0408424 0.0354681 0.0304273 0.0257771 0.0215575 0.0177907 0.014483 0.011626 0.00919902 0.00717178 0.00550712 0.00416365 0.0030983 0.00226844 0.00163362 0.00115682 0.000805309 0.000550981 0.000370424 0.000244666 0.000158744 0.000101162 6.33126e-05 3.89127e-05 2.34856e-05 1.3919e-05 8.1006e-06 4.62949e-06 2.59821e-06 1.43207e-06 7.75275e-07 4.12339e-07 2.15647e-07 1.11292e-07 5.75407e-08 3.16781e-08 
3.5216e-08 3.98316e-08 6.62097e-08 1.27014e-07 2.49801e-07 4.87032e-07 9.337e-07 1.75673e-06 3.2422e-06 5.86882e-06 1.04188e-05 1.81398e-05 3.09744e-05 5.1873e-05 8.52062e-05 0.000137287 0.000216999 0.000336527 0.000512135 0.000764956 0.00112169 0.00161513 0.00228435 0.00317451 0.00433612 0.00582367 0.00769371 0.0100022 0.0128017 0.0161376 0.0200448 0.0245442 0.0296397 0.0353152 0.0415335 0.048235 0.0553386 0.0627428 0.0703294 0.0779668 0.0855153 0.0928327 0.0997791 0.106223 0.112044 0.117139 0.121421 0.12482 0.127285 0.128778 0.129281 0.128785 0.127297 0.124838 0.121445 0.11717 0.112082 0.10627 0.0998379 0.092906 0.0856063 0.078078 0.0704628 0.0628994 0.0555179 0.0484355 0.0417521 0.0355477 0.0298811 0.0247892 0.0202878 0.0163733 0.0130254 0.0102099 0.00788233 0.00599139 0.00448208 0.00329883 0.00238797 0.00169964 0.00118913 0.000817603 0.000552339 0.000366557 0.000238939 0.000152964 9.61627e-05 5.93627e-05 3.59824e-05 2.14155e-05 1.2515e-05 7.18127e-06 4.04633e-06 2.23891e-06 1.21668e-06 6.49522e-07 3.40944e-07 1.76617e-07 9.16942e-08 5.07473e-08 
5.5847e-08 6.33487e-08 1.05084e-07 2.00813e-07 3.93314e-07 7.6363e-07 1.45776e-06 2.7309e-06 5.01795e-06 9.04247e-06 1.59796e-05 2.76924e-05 4.70621e-05 7.84357e-05 0.000128207 0.000205542 0.000323241 0.000498708 0.000754978 0.00112169 0.00163592 0.00234269 0.00329501 0.00455332 0.00618419 0.00825824 0.0108472 0.0140204 0.0178407 0.0223598 0.0276143 0.0336213 0.0403748 0.0478436 0.0559697 0.0646677 0.0738272 0.0833144 0.0929771 0.10265 0.112159 0.121333 0.130002 0.138011 0.14522 0.15151 0.156781 0.160956 0.163977 0.165804 0.166416 0.165803 0.163975 0.160954 0.156778 0.151507 0.145219 0.138014 0.130013 0.121357 0.112201 0.102714 0.0930673 0.0834335 0.0739765 0.0648467 0.056176 0.0480735 0.040623 0.0338816 0.0278801 0.0226244 0.0180976 0.014264 0.0110729 0.00846253 0.00636497 0.00470971 0.00342728 0.00245205 0.00172432 0.00119154 0.000808926 0.000539441 0.000353304 0.000227232 0.000143506 8.89851e-05 5.41747e-05 3.23816e-05 1.90031e-05 1.09492e-05 6.19428e-06 3.44095e-06 1.87712e-06 1.0059e-06 5.29987e-07 2.75591e-07 1.43679e-07 7.99393e-08 
8.7086e-08 9.90475e-08 1.63942e-07 3.12068e-07 6.08675e-07 1.17677e-06 2.23683e-06 4.17208e-06 7.63199e-06 1.36907e-05 2.4082e-05 4.15372e-05 7.02522e-05 0.000116514 0.000189502 0.000302275 0.000472923 0.000725833 0.00109298 0.00161513 0.00234269 0.0033362 0.00466601 0.00641121 0.00865747 0.0114939 0.0150091 0.019286 0.0243969 0.0303974 0.0373218 0.0451783 0.0539451 0.0635687 0.0739629 0.08501 0.096563 0.108451 0.120482 0.132454 0.144158 0.15539 0.165955 0.175673 0.184387 0.191964 0.198295 0.203298 0.20691 0.209091 0.209818 0.209082 0.206892 0.20327 0.198259 0.191919 0.184336 0.17562 0.165904 0.155348 0.144132 0.13245 0.120507 0.10851 0.0966594 0.0851449 0.0741356 0.0637761 0.0541823 0.0454389 0.0375983 0.0306816 0.0246808 0.0195621 0.0152707 0.0117357 0.00887541 0.00660303 0.00483084 0.00347451 0.00245603 0.00170584 0.0011639 0.000779988 0.00051332 0.000331715 0.000210465 0.0001311 8.01707e-05 4.81295e-05 2.83656e-05 1.64121e-05 9.32284e-06 5.19961e-06 2.84762e-06 1.53181e-06 8.10139e-07 4.2289e-07 2.21407e-07 1.23838e-07 
1.33548e-07 1.52264e-07 2.51446e-07 4.76749e-07 9.25983e-07 1.78264e-06 3.37385e-06 6.26517e-06 1.14095e-05 2.03733e-05 3.56694e-05 6.12304e-05 0.000103057 0.000170076 0.000275226 0.000436765 0.000679782 0.0010378 0.00155434 0.00228435 0.00329501 0.00466601 0.00648874 0.0088643 0.0119003 0.0157064 0.0203885 0.0260425 0.0327475 0.0405592 0.0495038 0.0595734 0.0707226 0.0828673 0.0958852 0.109618 0.123877 0.138446 0.153094 0.167578 0.181656 0.195091 0.207664 0.219176 0.229458 0.238366 0.245786 0.251634 0.255848 0.258388 0.259231 0.25837 0.255811 0.251578 0.245712 0.238273 0.22935 0.219057 0.207539 0.194969 0.181545 0.167488 0.153033 0.138423 0.123896 0.109685 0.0959998 0.0830288 0.070927 0.0598146 0.049774 0.0408494 0.0330481 0.0263439 0.0206818 0.0159839 0.0121559 0.00909358 0.00668923 0.00483697 0.00343719 0.00239972 0.00164569 0.00110839 0.000733028 0.000475978 0.000303422 0.000189879 0.000116642 7.03349e-05 4.16323e-05 2.41903e-05 1.37982e-05 7.72681e-06 4.24841e-06 2.29418e-06 1.21797e-06 6.38243e-07 3.35578e-07 1.88691e-07 
2.01423e-07 2.30171e-07 3.79192e-07 7.1611e-07 1.38505e-06 2.65505e-06 5.00324e-06 9.24988e-06 1.67689e-05 2.98053e-05 5.19374e-05 8.8728e-05 0.000148607 0.000244023 0.000392881 0.00062025 0.000960272 0.00145816 0.00217205 0.00317451 0.00455332 0.00641121 0.0088643 0.012039 0.0160671 0.0210797 0.0271997 0.0345334 0.0431627 0.0531367 0.0644662 0.0771182 0.0910144 0.10603 0.121999 0.138715 0.155939 0.173411 0.190854 0.207987 0.224536 0.240238 0.254853 0.268172 0.280014 0.290236 0.298723 0.305394 0.31019 0.313076 0.314032 0.313049 0.310135 0.30531 0.29861 0.290094 0.279847 0.267983 0.254649 0.240027 0.22433 0.207797 0.19069 0.173284 0.155859 0.138688 0.12203 0.10612 0.0911608 0.0773165 0.0647089 0.0534145 0.0434648 0.0348486 0.0275166 0.0213881 0.0163582 0.0123059 0.00910229 0.00661773 0.00472785 0.00331821 0.00228737 0.0015484 0.00102914 0.000671517 0.000430124 0.00027043 0.000166886 0.000101084 6.00958e-05 3.50681e-05 2.00866e-05 1.12941e-05 6.23457e-06 3.37985e-06 1.80124e-06 9.4756e-07 5.00338e-07 2.82816e-07 
2.98824e-07 3.4218e-07 5.62331e-07 1.05775e-06 2.03724e-06 3.88864e-06 7.29612e-06 1.34293e-05 2.42355e-05 4.28772e-05 7.43626e-05 0.000126424 0.000210699 0.000344242 0.000551393 0.000865947 0.00133353 0.00201399 0.0029835 0.00433612 0.00618419 0.00865747 0.0119003 0.0160671 0.0213152 0.0277971 0.0356503 0.0449873 0.055886 0.0683812 0.082458 0.098048 0.115029 0.133227 0.15242 0.172348 0.192721 0.213229 0.233552 0.253375 0.272395 0.29033 0.30693 0.321979 0.335298 0.346747 0.356221 0.363647 0.368975 0.372175 0.373231 0.372139 0.368903 0.363538 0.356074 0.346561 0.335075 0.321722 0.306647 0.29003 0.272089 0.253077 0.233275 0.212985 0.192524 0.172208 0.152344 0.133219 0.115091 0.0981774 0.0826487 0.0686245 0.0561706 0.0453006 0.035979 0.0281282 0.0216369 0.0163694 0.0121759 0.00890126 0.00639382 0.00451145 0.00312625 0.00212716 0.00142095 0.000931767 0.000599714 0.000378843 0.000234873 0.000142909 8.5337e-05 5.00122e-05 2.87669e-05 1.62412e-05 9.00132e-06 4.89879e-06 2.62078e-06 1.38406e-06 7.33935e-07 4.17024e-07 
4.36112e-07 5.00329e-07 8.20159e-07 1.53661e-06 2.94716e-06 5.60164e-06 1.04648e-05 1.91765e-05 3.4451e-05 6.06684e-05 0.00010472 0.000177173 0.000293814 0.000477609 0.000761069 0.00118895 0.00182114 0.0027354 0.00402973 0.00582367 0.00825824 0.0114939 0.0157064 0.0210797 0.0277971 0.0360303 0.0459274 0.0576006 0.0711151 0.0864807 0.103645 0.122493 0.142847 0.164472 0.187086 0.210368 0.233973 0.257543 0.28072 0.303159 0.324539 0.344567 0.362993 0.379604 0.394235 0.406757 0.417082 0.425149 0.430924 0.434387 0.435529 0.434346 0.430841 0.425022 0.416908 0.406536 0.393966 0.379292 0.362642 0.344187 0.32414 0.302756 0.280327 0.257177 0.233648 0.210098 0.186883 0.164345 0.1428 0.122528 0.103758 0.0866645 0.0713598 0.0578928 0.0462522 0.0363722 0.0281412 0.0214127 0.0160175 0.0117751 0.00850466 0.00603329 0.004203 0.00287469 0.00193011 0.00127196 0.000822676 0.000522173 0.000325246 0.000198799 0.000119239 7.01832e-05 4.05396e-05 2.29819e-05 1.27881e-05 6.98682e-06 3.75218e-06 1.98925e-06 1.05933e-06 6.05023e-07 
6.26175e-07 7.19611e-07 1.1766e-06 2.19573e-06 4.19389e-06 7.9378e-06 1.47656e-05 2.69389e-05 4.81786e-05 8.44513e-05 0.000145082 0.000244273 0.000403083 0.000651914 0.00103345 0.00160595 0.00244662 0.00365476 0.00535408 0.00769371 0.0108472 0.0150091 0.0203885 0.0271997 0.0356503 0.0459274 0.0581833 0.0725208 0.0889818 0.107538 0.128089 0.150457 0.174399 0.199611 0.225743 0.25241 0.279214 0.305752 0.331635 0.356499 0.380012 0.401886 0.421881 0.439801 0.455501 0.468877 0.479863 0.48842 0.49453 0.498189 0.499394 0.498145 0.494442 0.488283 0.479675 0.468636 0.455204 0.43945 0.421479 0.401442 0.379535 0.356003 0.331136 0.305267 0.27876 0.252004 0.225401 0.199347 0.174222 0.150372 0.128098 0.107637 0.0891619 0.0727697 0.0584852 0.0462649 0.0360053 0.0275556 0.0207306 0.015326 0.0111307 0.00793929 0.0055604 0.00382306 0.00258005 0.00170883 0.00111067 0.000708355 0.000443281 0.000272182 0.00016398 9.69359e-05 5.62286e-05 3.20065e-05 1.78808e-05 9.80713e-06 5.28687e-06 2.81368e-06 1.50466e-06 8.63735e-07 
8.84597e-07 1.01818e-06 1.66049e-06 3.08666e-06 5.87147e-06 1.10668e-05 2.04989e-05 3.72364e-05 6.6298e-05 0.00011568 0.000197798 0.000331425 0.000544197 0.000875694 0.00138103 0.00213474 0.00323471 0.00480546 0.00700043 0.0100022 0.0140204 0.019286 0.0260425 0.0345334 0.0449873 0.0576006 0.0725208 0.0898305 0.109535 0.131556 0.155728 0.181801 0.209455 0.238309 0.26794 0.297904 0.327749 0.357037 0.385358 0.412337 0.437651 0.461027 0.482248 0.501148 0.517613 0.531572 0.542988 0.55185 0.558163 0.561936 0.563179 0.561894 0.558077 0.551716 0.542801 0.531328 0.517309 0.500782 0.481821 0.460546 0.437122 0.411773 0.384772 0.356448 0.327175 0.297365 0.267456 0.237897 0.209131 0.181577 0.15561 0.131545 0.109626 0.0900127 0.0727788 0.0579157 0.0453391 0.0349017 0.0264087 0.0196346 0.0143396 0.0102843 0.00724152 0.00500518 0.00339525 0.00226011 0.00147621 0.000946014 0.000594779 0.00036687 0.000222007 0.000131804 7.67748e-05 4.38797e-05 2.46107e-05 1.35502e-05 7.33225e-06 3.9171e-06 2.10341e-06 1.21347e-06 
1.22965e-06 1.41732e-06 2.30548e-06 4.26918e-06 8.08821e-06 1.51828e-05 2.80055e-05 5.06544e-05 8.97912e-05 0.000155963 0.000265437 0.000442634 0.000723241 0.00115796 0.00181679 0.00279356 0.00421025 0.00622041 0.00901103 0.0128017 0.0178407 0.0243969 0.0327475 0.0431627 0.055886 0.0711151 0.0889818 0.109535 0.132731 0.158424 0.18637 0.216239 0.247622 0.280058 0.313052 0.3461 0.378706 0.410409 0.440786 0.469473 0.496166 0.520621 0.542658 0.562154 0.579035 0.593272 0.604863 0.613829 0.620198 0.623999 0.625252 0.623963 0.620122 0.613709 0.604694 0.593047 0.578748 0.5618 0.542236 0.520132 0.495616 0.468871 0.440143 0.409741 0.378033 0.345442 0.312433 0.279501 0.247147 0.215864 0.186109 0.158282 0.13271 0.109628 0.0891738 0.0713882 0.056218 0.0435304 0.0331285 0.0247712 0.0181924 0.0131193 0.00928757 0.00645327 0.00440016 0.00294381 0.00193224 0.00124418 0.000785892 0.00048695 0.000295971 0.000176468 0.000103217 5.92299e-05 3.33497e-05 1.84313e-05 1.00106e-05 5.368e-06 2.89427e-06 1.67786e-06 
1.68204e-06 1.9412e-06 3.14957e-06 5.81027e-06 1.09646e-05 2.04999e-05 3.76585e-05 6.78278e-05 0.000119713 0.00020701 0.000350699 0.000582061 0.000946453 0.00150781 0.00235364 0.00360016 0.00539693 0.00793019 0.0114239 0.0161376 0.0223598 0.0303974 0.0405592 0.0531367 0.0683812 0.0864807 0.107538 0.131556 0.158424 0.187916 0.2197 0.253349 0.288367 0.324207 0.360307 0.396109 0.431088 0.464766 0.496732 0.526641 0.554225 0.579285 0.601691 0.62137 0.638301 0.652498 0.664 0.672863 0.679141 0.682882 0.684116 0.682854 0.679083 0.672769 0.663864 0.65231 0.638054 0.621056 0.601304 0.578824 0.553689 0.526037 0.496067 0.464053 0.430344 0.395357 0.35957 0.323513 0.287742 0.252818 0.219283 0.187628 0.158271 0.131537 0.107643 0.0866913 0.0686754 0.0534889 0.0409434 0.0307893 0.022739 0.0164882 0.0117354 0.00819703 0.00561789 0.00377736 0.00249147 0.00161191 0.00102287 0.00063663 0.000388632 0.000232693 0.000136661 7.87314e-05 4.45e-05 2.46853e-05 1.34562e-05 7.24213e-06 3.92032e-06 2.28346e-06 
2.2643e-06 2.61614e-06 4.23391e-06 7.782e-06 1.46291e-05 2.72447e-05 4.98491e-05 8.9416e-05 0.000157147 0.000270557 0.000456295 0.000753816 0.0012199 0.00193393 0.00300364 0.00457074 0.00681575 0.00996092 0.0142701 0.0200448 0.0276143 0.0373218 0.0495038 0.0644662 0.082458 0.103645 0.128089 0.155728 0.18637 0.2197 0.255282 0.292591 0.331036 0.369992 0.408833 0.446961 0.483834 0.518977 0.552 0.582598 0.610554 0.635726 0.658044 0.677495 0.694113 0.707961 0.719123 0.727687 0.733735 0.737333 0.738523 0.737318 0.733701 0.727629 0.719032 0.707827 0.693926 0.677245 0.657721 0.635324 0.610069 0.58203 0.551351 0.518256 0.483056 0.446147 0.408006 0.369182 0.330275 0.29191 0.254708 0.219256 0.186072 0.15558 0.128086 0.103774 0.082696 0.0647868 0.0498781 0.0377215 0.0280142 0.0204244 0.0146148 0.0102616 0.00706874 0.0047765 0.0031657 0.00205774 0.00131173 0.000820025 0.000502729 0.000302256 0.000178227 0.000103076 5.84785e-05 3.25575e-05 1.78105e-05 9.61997e-06 5.22772e-06 3.05898e-06 
2.99991e-06 3.46954e-06 5.60111e-06 1.02582e-05 1.92124e-05 3.56452e-05 6.49667e-05 0.000116068 0.000203147 0.000348267 0.00058478 0.00096171 0.00154909 0.00244403 0.00377718 0.00571876 0.00848337 0.0123321 0.017571 0.0245442 0.0336213 0.0451783 0.0595734 0.0771182 0.098048 0.122493 0.150457 0.181801 0.216239 0.253349 0.292591 0.333336 0.3749 0.416585 0.457716 0.497667 0.535894 0.571944 0.605466 0.636209 0.664019 0.688822 0.710616 0.729455 0.745427 0.75865 0.769248 0.777341 0.783038 0.786422 0.787543 0.78642 0.783031 0.777323 0.769209 0.758581 0.745316 0.729287 0.710382 0.688508 0.663617 0.635712 0.604872 0.571256 0.535122 0.496828 0.456832 0.415688 0.374023 0.332517 0.291866 0.252749 0.215788 0.181511 0.150332 0.122522 0.0982121 0.0773908 0.0599236 0.0455743 0.0340334 0.0249473 0.0179457 0.0126655 0.00876855 0.00595409 0.00396494 0.00258914 0.00165786 0.00104089 0.000640809 0.000386835 0.000228991 0.000132936 7.5694e-05 4.22911e-05 2.32152e-05 1.25828e-05 6.86354e-06 4.03398e-06 
3.91185e-06 4.52829e-06 7.29262e-06 1.33102e-05 2.4839e-05 4.59161e-05 8.3373e-05 0.000148377 0.000258661 0.000441611 0.000738359 0.00120895 0.0019385 0.00304413 0.00468199 0.00705362 0.0104104 0.0150545 0.0213353 0.0296397 0.0403748 0.0539451 0.0707226 0.0910144 0.115029 0.142847 0.174399 0.209455 0.247622 0.288367 0.331036 0.3749 0.419189 0.463144 0.506051 0.547277 0.586292 0.622681 0.656149 0.686512 0.713691 0.737687 0.758571 0.776462 0.791509 0.803875 0.813725 0.821211 0.826461 0.829573 0.830608 0.829585 0.826482 0.821235 0.813744 0.803877 0.791481 0.77639 0.75844 0.737482 0.713397 0.686118 0.655644 0.622063 0.585565 0.546452 0.505148 0.462193 0.418226 0.373966 0.330175 0.287617 0.247017 0.209017 0.174139 0.142762 0.115103 0.0912231 0.0710343 0.0543252 0.0407897 0.0300594 0.0217357 0.0154182 0.010727 0.00731888 0.00489645 0.00321184 0.00206556 0.00130234 0.000805032 0.000487883 0.000289904 0.000168914 9.65201e-05 5.41113e-05 2.98029e-05 1.62077e-05 8.87292e-06 5.23719e-06 
5.02098e-06 5.81677e-06 9.34565e-06 1.70009e-05 3.16171e-05 5.82409e-05 0.000105371 0.000186831 0.000324445 0.000551724 0.000918675 0.0014978 0.00239114 0.00373793 0.00572226 0.00857939 0.0125996 0.0181278 0.0255571 0.0353152 0.0478436 0.0635687 0.0828673 0.10603 0.133227 0.164472 0.199611 0.238309 0.280058 0.324207 0.369992 0.416585 0.463144 0.508859 0.552998 0.594936 0.634177 0.670359 0.703258 0.732769 0.758892 0.781709 0.801364 0.818041 0.831944 0.843282 0.852251 0.859031 0.863768 0.86657 0.867505 0.866595 0.863816 0.859096 0.852325 0.843354 0.832002 0.818069 0.801345 0.781624 0.758723 0.732499 0.702871 0.669844 0.63353 0.594164 0.552116 0.507892 0.462128 0.415565 0.369016 0.323321 0.279306 0.237722 0.19921 0.164261 0.133197 0.106161 0.0831266 0.0639206 0.0482511 0.0357438 0.0259777 0.0185186 0.0129462 0.00887425 0.0059639 0.00392916 0.00253757 0.00160648 0.000996953 0.000606493 0.000361704 0.000211492 0.000121262 6.82057e-05 3.76863e-05 2.05611e-05 1.12955e-05 6.69423e-06 
6.34395e-06 7.35446e-06 1.17894e-05 2.13786e-05 3.96276e-05 7.27521e-05 0.000131173 0.000231752 0.000400974 0.000679266 0.00112659 0.00182928 0.00290801 0.00452611 0.00689767 0.0102937 0.0150449 0.0215396 0.0302136 0.0415335 0.0559697 0.0739629 0.0958852 0.121999 0.15242 0.187086 0.225743 0.26794 0.313052 0.360307 0.408833 0.457716 0.506051 0.552998 0.597823 0.639928 0.678867 0.714348 0.746227 0.774486 0.799208 0.820556 0.838746 0.85402 0.866634 0.876832 0.884841 0.890859 0.895045 0.897517 0.898345 0.897553 0.895116 0.89096 0.884965 0.876968 0.866771 0.854143 0.838836 0.820594 0.799171 0.774352 0.745976 0.71396 0.678331 0.639243 0.596997 0.552052 0.505018 0.456641 0.407768 0.359305 0.312165 0.26721 0.225199 0.186744 0.152277 0.122039 0.0960791 0.0742744 0.0563591 0.0419625 0.0306484 0.0219534 0.015419 0.0106171 0.00716641 0.00474137 0.00307462 0.00195414 0.0012173 0.000743248 0.000444822 0.000260973 0.00015012 8.47035e-05 4.69458e-05 2.5692e-05 1.41612e-05 8.42512e-06 
7.89104e-06 9.15341e-06 1.46413e-05 2.64701e-05 4.89118e-05 8.95111e-05 0.000160861 0.000283244 0.000488348 0.00082428 0.00136195 0.00220285 0.00348773 0.00540577 0.00820271 0.0121867 0.01773 0.0252636 0.0352649 0.048235 0.0646677 0.08501 0.109618 0.138715 0.172348 0.210368 0.25241 0.297904 0.3461 0.396109 0.446961 0.497667 0.547277 0.594936 0.639928 0.681698 0.719868 0.754227 0.784718 0.811413 0.83448 0.85416 0.870733 0.884496 0.895745 0.904755 0.911776 0.917015 0.920643 0.92278 0.923499 0.922825 0.920732 0.917145 0.91194 0.904946 0.895951 0.884704 0.870925 0.854315 0.834574 0.811419 0.784611 0.753982 0.719465 0.681127 0.63919 0.594045 0.546262 0.496572 0.445837 0.395015 0.345095 0.29704 0.251728 0.209892 0.172085 0.138654 0.109736 0.0852699 0.065029 0.0486558 0.035707 0.0256955 0.0181285 0.0125371 0.00849794 0.00564513 0.003675 0.00234452 0.00146578 0.000898085 0.000539293 0.00031742 0.000183157 0.000103654 5.76169e-05 3.16246e-05 1.74865e-05 1.04416e-05 
