0.000912794 0.000925037 0.000966315 0.0010373 0.00113893 0.00127254 0.00143978 0.00164264 0.00188335 0.00216442 0.00248853 0.00285851 0.00327725 0.00374768 0.00427266 0.0048549 0.00549693 0.00620097 0.00696887 0.00780203 0.00870131 0.00966694 0.0106985 0.0117948 0.0129539 0.0141728 0.015448 0.0167748 0.0181477 0.0195603 0.0210054 0.0224748 0.0239598 0.025451 0.0269381 0.0284108 0.029858 0.0312687 0.0326315 0.0339355 0.0351695 0.036323 0.0373858 0.0383484 0.039202 0.0399389 0.0405521 0.041036 0.0413858 0.0415985 0.0416718 0.0416052 0.0413993 0.041056 0.0405788 0.0399721 0.0392417 0.0383943 0.0374378 0.036381 0.0352332 0.0340047 0.032706 0.031348 0.0299419 0.0284989 0.0270301 0.0255463 0.0240581 0.0225755 0.021108 0.0196644 0.0182527 0.0168802 0.0155533 0.0142774 0.0130572 0.0118965 0.010798 0.00976386 0.0087952 0.00789252 0.00705562 0.00628368 0.00557534 0.0049288 0.00434188 0.00381209 0.00333675 0.00291304 0.00253806 0.00220894 0.00192287 0.0016772 0.00146943 0.00129732 0.0011589 0.00105251 0.000976815 0.000930952 
0.000925037 0.000937459 0.000979309 0.00105126 0.00115429 0.00128971 0.00145922 0.00166482 0.00190878 0.00219362 0.00252207 0.00289699 0.0033213 0.00379796 0.00432986 0.00491975 0.00557017 0.00628337 0.00706122 0.00790511 0.00881591 0.00979385 0.0108385 0.0119486 0.0131222 0.0143563 0.0156473 0.0169904 0.0183801 0.0198099 0.0212725 0.0227596 0.0242624 0.0257713 0.027276 0.028766 0.0302301 0.0316572 0.0330359 0.0343549 0.0356031 0.0367697 0.0378446 0.0388182 0.0396815 0.0404266 0.0410467 0.041536 0.0418898 0.0421047 0.0421788 0.0421114 0.0419031 0.041556 0.0410733 0.0404597 0.0397209 0.0388639 0.0378965 0.0368275 0.0356666 0.0344239 0.0331101 0.0317363 0.0303138 0.0288539 0.0273678 0.0258665 0.0243606 0.0228602 0.0213751 0.019914 0.0184852 0.0170959 0.0157527 0.0144611 0.0132257 0.0120505 0.0109383 0.00989105 0.00891011 0.00799593 0.00714831 0.00636643 0.00564894 0.00499401 0.00439944 0.00386272 0.00338114 0.00295184 0.00257191 0.00223842 0.00194856 0.00169962 0.00148908 0.00131467 0.0011744 0.00106659 0.000989888 0.00094342 
0.000966315 0.000979309 0.00102298 0.00109802 0.00120543 0.00134659 0.00152325 0.00173747 0.00199162 0.00228829 0.0026303 0.00302059 0.0034622 0.00395816 0.00451145 0.0051249 0.00580111 0.00654239 0.00735063 0.00822725 0.0091731 0.0101884 0.0112726 0.0124245 0.0136419 0.0149218 0.0162602 0.0176523 0.0190923 0.0205735 0.0220882 0.023628 0.0251837 0.0267453 0.0283023 0.0298436 0.031358 0.0328337 0.0342591 0.0356225 0.0369126 0.0381182 0.0392288 0.0402345 0.0411263 0.0418959 0.0425363 0.0430415 0.0434067 0.0436285 0.0437049 0.0436351 0.0434198 0.0430611 0.0425624 0.0419284 0.0411651 0.0402795 0.0392798 0.0381751 0.0369752 0.0356906 0.0343324 0.032912 0.0314409 0.0299308 0.0283934 0.0268399 0.0252814 0.0237283 0.0221906 0.0206774 0.0191973 0.0177579 0.0163657 0.0150268 0.0137459 0.012527 0.0113731 0.0102863 0.00926812 0.00831896 0.00743867 0.00662644 0.0058809 0.00520019 0.00458206 0.00402393 0.00352302 0.00307639 0.00268103 0.00233393 0.00203217 0.00177297 0.00155372 0.00137208 0.00122597 0.00111368 0.00103379 0.00098541 
0.0010373 0.00105126 0.00109802 0.00117829 0.00129315 0.00144405 0.00163283 0.00186167 0.00213306 0.00244974 0.00281468 0.00323096 0.00370178 0.00423032 0.00481969 0.00547285 0.0061925 0.00698103 0.00784038 0.00877201 0.00977674 0.0108547 0.0120054 0.0132273 0.014518 0.0158744 0.0172923 0.0187664 0.0202905 0.0218576 0.0234595 0.0250872 0.0267311 0.0283807 0.0300247 0.0316517 0.0332497 0.0348064 0.0363096 0.0377471 0.0391068 0.0403772 0.0415472 0.0426065 0.0435455 0.0443558 0.0450299 0.0455616 0.0459458 0.0461791 0.0462593 0.0461855 0.0459586 0.0455806 0.0450552 0.0443874 0.0435832 0.0426502 0.0415969 0.0404327 0.0391679 0.0378137 0.0363815 0.0348833 0.0333312 0.0317376 0.0301146 0.0284742 0.0268279 0.0251867 0.0235612 0.0219611 0.0203954 0.018872 0.0173981 0.0159799 0.0146227 0.0133305 0.0121068 0.0109538 0.00987306 0.00886513 0.00792993 0.00706666 0.00627392 0.0055498 0.00489197 0.00429775 0.00376422 0.00328832 0.00286688 0.00249676 0.00217488 0.00189831 0.00166431 0.0014704 0.00131441 0.00119451 0.00110923 0.0010576 
0.00113893 0.00115429 0.00120543 0.00129315 0.0014186 0.00158333 0.00178932 0.00203891 0.00233478 0.00267986 0.00307731 0.00353045 0.00404267 0.00461735 0.00525779 0.00596713 0.00674822 0.00760354 0.00853512 0.00954442 0.0106323 0.0117987 0.013043 0.0143636 0.0157577 0.017222 0.0187516 0.020341 0.0219835 0.0236713 0.0253957 0.027147 0.0289148 0.0306878 0.0324541 0.0342013 0.0359166 0.0375869 0.0391991 0.0407403 0.0421976 0.0435587 0.044812 0.0459463 0.0469516 0.0478188 0.0485401 0.0491088 0.0495197 0.049769 0.0498544 0.0497751 0.0495318 0.049127 0.0485643 0.047849 0.0469877 0.0459882 0.0448597 0.0436122 0.0422566 0.0408047 0.0392688 0.0376615 0.035996 0.0342852 0.0325422 0.0307797 0.0290101 0.0272453 0.0254965 0.0237742 0.0220879 0.0204465 0.0188576 0.0173279 0.0158632 0.0144679 0.0131457 0.0118993 0.0107303 0.00963942 0.00862669 0.00769131 0.00683185 0.00604635 0.00533234 0.00468703 0.00410731 0.00358994 0.00313155 0.00272879 0.00237836 0.00207714 0.0018222 0.00161088 0.00144085 0.00131014 0.00121719 0.00116095 
0.00127254 0.00128971 0.00134659 0.00144405 0.00158333 0.00176613 0.0019946 0.0022713 0.00259911 0.00298124 0.0034211 0.00392228 0.00448843 0.0051232 0.00583014 0.00661259 0.00747358 0.00841573 0.00944115 0.0105513 0.0117471 0.0130283 0.0143941 0.0158426 0.0173707 0.0189745 0.0206489 0.0223876 0.0241831 0.026027 0.0279097 0.0298206 0.0317485 0.0336808 0.0356049 0.0375071 0.0393736 0.0411903 0.0429431 0.0446179 0.0462009 0.0476789 0.0490393 0.0502701 0.0513607 0.0523012 0.0530832 0.0536996 0.0541447 0.0544146 0.0545067 0.0544203 0.0541561 0.0537166 0.0531058 0.0523295 0.0513946 0.0503097 0.0490844 0.0477296 0.046257 0.0446793 0.0430097 0.041262 0.0394501 0.0375882 0.0356903 0.0337703 0.0318416 0.0299171 0.028009 0.0261287 0.0242868 0.0224927 0.0207549 0.0190809 0.0174769 0.015948 0.0144983 0.0131307 0.0118471 0.0106486 0.00953518 0.00850611 0.00755994 0.0066946 0.00590752 0.0051957 0.00455584 0.00398444 0.00347789 0.00303256 0.00264491 0.00231153 0.00202926 0.00179521 0.00160684 0.00146203 0.00135905 0.00129679 
0.00143978 0.00145922 0.00152325 0.00163283 0.00178932 0.0019946 0.00225104 0.00256143 0.00292896 0.00335711 0.00384964 0.00441045 0.00504353 0.00575284 0.00654221 0.00741523 0.00837517 0.0094248 0.0105663 0.0118013 0.0131303 0.0145533 0.0160691 0.0176754 0.0193688 0.0211447 0.0229974 0.0249198 0.0269037 0.0289396 0.031017 0.0331242 0.0352486 0.0373767 0.0394944 0.0415868 0.0436389 0.0456351 0.0475602 0.0493987 0.0511358 0.0527569 0.0542484 0.0555974 0.0567923 0.0578224 0.0586787 0.0593534 0.0598405 0.0601356 0.0602359 0.0601407 0.0598509 0.059369 0.0586995 0.0578484 0.0568236 0.055634 0.0542902 0.052804 0.0511881 0.0494563 0.0476229 0.0457029 0.0437116 0.0416643 0.0395764 0.0374631 0.0353389 0.0332182 0.0311143 0.0290397 0.0270062 0.0250242 0.0231031 0.0212513 0.0194756 0.0177819 0.0161748 0.0146576 0.0132326 0.011901 0.0106631 0.00951816 0.00846468 0.0075005 0.00662289 0.00582864 0.0051142 0.00447579 0.00390946 0.00341129 0.0029774 0.00260407 0.00228783 0.00202551 0.00181435 0.00165199 0.00153655 0.0014668 
0.00164264 0.00166482 0.00173747 0.00186167 0.00203891 0.0022713 0.00256143 0.00291241 0.00332775 0.0038113 0.00436719 0.00499971 0.00571322 0.00651206 0.00740039 0.00838211 0.00946071 0.0106392 0.0119198 0.013304 0.0147926 0.0163852 0.0180802 0.019875 0.0217657 0.023747 0.0258123 0.0279537 0.030162 0.0324266 0.0347356 0.0370761 0.0394342 0.0417949 0.0441425 0.0464607 0.0487329 0.0509421 0.0530714 0.055104 0.0570235 0.0588141 0.0604609 0.0619498 0.0632682 0.0644044 0.0653485 0.0660922 0.0666288 0.0669536 0.0670637 0.0669582 0.0666379 0.0661059 0.0653669 0.0644275 0.063296 0.0619826 0.0604985 0.0588567 0.0570711 0.0551567 0.0531292 0.051005 0.0488008 0.0465335 0.0442201 0.0418771 0.0395207 0.0371667 0.0348299 0.0325242 0.0302626 0.0280568 0.0259173 0.0238533 0.0218728 0.0199824 0.0181873 0.0164913 0.0148972 0.0134065 0.0120196 0.0107358 0.00955369 0.00847099 0.00748478 0.00659159 0.00578759 0.00506865 0.00443048 0.00386876 0.00337923 0.00295781 0.00260067 0.00230433 0.0020657 0.0018822 0.00175175 0.00167298 
0.00188335 0.00190878 0.00199162 0.00213306 0.00233478 0.00259911 0.00292896 0.00332775 0.00379939 0.00434814 0.00497856 0.00569539 0.00650343 0.00740741 0.0084119 0.00952112 0.0107388 0.0120682 0.0135117 0.0150707 0.0167459 0.0185366 0.0204409 0.0224558 0.0245765 0.0267972 0.0291103 0.0315067 0.0339761 0.0365065 0.0390848 0.0416964 0.0443257 0.0469562 0.0495705 0.0521504 0.0546777 0.0571334 0.0594991 0.0617562 0.0638867 0.0658733 0.0676995 0.0693501 0.070811 0.0720697 0.0731152 0.0739385 0.0745324 0.0748915 0.0750129 0.0748953 0.07454 0.0739501 0.0731307 0.0720893 0.0708348 0.0693782 0.0677321 0.0659105 0.0639286 0.061803 0.0595509 0.0571902 0.0547395 0.0522174 0.0496424 0.0470331 0.0444074 0.0417826 0.0391752 0.0366009 0.034074 0.0316077 0.0292138 0.0269028 0.0246836 0.0225637 0.0205491 0.0186444 0.0168527 0.0151758 0.0136145 0.0121683 0.0108355 0.00961388 0.00850029 0.00749101 0.00658185 0.00576831 0.00504569 0.00440924 0.00385426 0.00337624 0.00297095 0.00263452 0.00236354 0.00215513 0.002007 0.0019176 
0.00216442 0.00219362 0.00228829 0.00244974 0.00267986 0.00298124 0.00335711 0.0038113 0.00434814 0.00497236 0.00568901 0.00650332 0.00742058 0.008446 0.00958455 0.0108408 0.0122189 0.0137221 0.015353 0.0171131 0.0190027 0.021021 0.0231657 0.025433 0.0278175 0.0303124 0.032909 0.0355972 0.0383651 0.0411992 0.0440849 0.0470057 0.0499444 0.0528824 0.0558003 0.0586782 0.0614955 0.0642317 0.066866 0.0693781 0.0717482 0.0739572 0.0759871 0.077821 0.0794435 0.080841 0.0820015 0.082915 0.0835736 0.0839717 0.0841057 0.0839746 0.0835795 0.082924 0.0820136 0.0808565 0.0794625 0.0778436 0.0760136 0.0739879 0.0717833 0.0694178 0.0669104 0.0642811 0.0615501 0.058738 0.0558654 0.0529527 0.0500199 0.0470862 0.0441702 0.0412892 0.0384592 0.0356951 0.0330103 0.0304165 0.0279238 0.0255409 0.0232745 0.0211302 0.0191115 0.0172207 0.0154589 0.0138256 0.0123193 0.0109376 0.00967715 0.0085339 0.00750333 0.00658051 0.00576028 0.00503741 0.0044067 0.00386317 0.00340212 0.00301925 0.00271079 0.00247352 0.00230489 0.00220319 
0.00248853 0.00252207 0.0026303 0.00281468 0.00307731 0.0034211 0.00384964 0.00436719 0.00497856 0.00568901 0.00650413 0.00742969 0.00847152 0.00963534 0.0109266 0.0123502 0.0139107 0.0156115 0.0174553 0.0194436 0.0215764 0.0238526 0.0262694 0.0288223 0.0315051 0.0343098 0.0372266 0.0402438 0.0433482 0.0465245 0.0497562 0.0530249 0.0563113 0.0595947 0.0628536 0.0660657 0.0692084 0.0722587 0.0751939 0.0779915 0.0806297 0.0830874 0.0853449 0.0873837 0.0891869 0.0907394 0.0920282 0.0930424 0.0937733 0.0942148 0.094363 0.0942167 0.0937772 0.0930484 0.0920364 0.09075 0.0892002 0.0873999 0.0853644 0.0831105 0.0806566 0.0780227 0.0752297 0.0722993 0.0692541 0.0661168 0.0629102 0.0596569 0.0563791 0.0530983 0.049835 0.0466087 0.0434373 0.0403376 0.0373245 0.0344113 0.0316097 0.0289294 0.0263783 0.0239626 0.0216867 0.0195534 0.017564 0.0157183 0.0140148 0.0124511 0.0110235 0.00972768 0.00855877 0.00751135 0.00657977 0.00575825 0.00504106 0.00442267 0.00389788 0.00346193 0.00311059 0.00284031 0.00264822 0.00253245 
0.00285851 0.00289699 0.00302059 0.00323096 0.00353045 0.00392228 0.00441045 0.00499971 0.00569539 0.00650332 0.00742969 0.00848086 0.00966326 0.0109831 0.0124464 0.0140586 0.0158242 0.0177472 0.0198302 0.0220745 0.0244801 0.0270454 0.0297669 0.0326394 0.0356556 0.0388064 0.0420805 0.0454648 0.0489442 0.0525015 0.0561182 0.0597737 0.0634464 0.0671133 0.0707505 0.0743331 0.0778362 0.0812344 0.0845026 0.087616 0.0905505 0.0932831 0.095792 0.0980569 0.100059 0.101783 0.103213 0.104338 0.105149 0.105638 0.105802 0.105639 0.105151 0.104341 0.103217 0.101788 0.100066 0.0980657 0.0958032 0.0932972 0.090568 0.0876373 0.0845282 0.0812647 0.0778716 0.0743739 0.0707969 0.0671658 0.0635049 0.0598384 0.056189 0.0525784 0.0490268 0.045553 0.0421738 0.0389042 0.0357575 0.0327447 0.029875 0.0271554 0.0245913 0.022186 0.0199412 0.0178569 0.0159319 0.0141633 0.0125476 0.0110799 0.00975508 0.00856712 0.00750985 0.00657691 0.005762 0.00505899 0.00446211 0.00396608 0.00356622 0.00325856 0.00303994 0.00290823 
0.00327725 0.0033213 0.0034622 0.00370178 0.00404267 0.00448843 0.00504353 0.00571322 0.00650343 0.00742058 0.00847152 0.00966326 0.0110028 0.0124971 0.0141525 0.0159749 0.0179694 0.0201398 0.0224889 0.0250181 0.0277268 0.030613 0.0336725 0.0368991 0.0402846 0.0438182 0.0474874 0.0512771 0.0551703 0.0591477 0.0631885 0.0672699 0.0713676 0.075456 0.0795085 0.0834978 0.0873962 0.0911757 0.0948085 0.0982675 0.101526 0.104559 0.107343 0.109855 0.112075 0.113985 0.11557 0.116816 0.117714 0.118255 0.118436 0.118255 0.117713 0.116815 0.115568 0.113984 0.112074 0.109855 0.107345 0.104563 0.101533 0.0982775 0.0948224 0.0911939 0.0874194 0.0835265 0.0795431 0.0754968 0.071415 0.0673241 0.0632495 0.0592156 0.0552448 0.0513581 0.0475745 0.043911 0.0403825 0.0370015 0.0337786 0.0307221 0.027838 0.0251305 0.0226017 0.020252 0.0180801 0.0160833 0.0142577 0.0125982 0.0110992 0.00975412 0.00855626 0.00749862 0.00657427 0.00577643 0.00509874 0.00453534 0.00408104 0.00373145 0.00348304 0.00333347 
0.00374768 0.00379796 0.00395816 0.00423032 0.00461735 0.0051232 0.00575284 0.00651206 0.00740741 0.008446 0.00963534 0.0109831 0.0124971 0.0141847 0.0160529 0.0181081 0.0203555 0.0227994 0.0254424 0.0282857 0.0313285 0.034568 0.0379994 0.0416153 0.0454061 0.0493599 0.053462 0.0576957 0.0620416 0.0664784 0.0709824 0.0755284 0.0800894 0.084637 0.0891417 0.0935734 0.0979014 0.102095 0.106124 0.109957 0.113567 0.116926 0.120007 0.122786 0.125242 0.127354 0.129106 0.130483 0.131474 0.132072 0.132271 0.13207 0.13147 0.130477 0.129098 0.127346 0.125233 0.122777 0.119998 0.116919 0.113562 0.109954 0.106124 0.102099 0.0979106 0.0935881 0.0891625 0.0846643 0.0801237 0.0755701 0.0710317 0.0665353 0.0621062 0.0577678 0.0535414 0.049446 0.0454986 0.0417134 0.0381024 0.0346751 0.0314388 0.0283982 0.0255562 0.0229135 0.0204689 0.0182197 0.0161618 0.01429 0.0125978 0.0110785 0.00972462 0.0085285 0.00748253 0.00657926 0.00581168 0.0051733 0.00465841 0.00426213 0.00398056 0.0038111 
0.00427266 0.00432986 0.00451145 0.00481969 0.00525779 0.00583014 0.00654221 0.00740039 0.0084119 0.00958455 0.0109266 0.0124464 0.0141525 0.0160529 0.0181552 0.0204662 0.0229914 0.0257352 0.0287003 0.0318876 0.0352959 0.0389217 0.042759 0.0467996 0.0510324 0.0554435 0.0600167 0.0647328 0.0695703 0.0745052 0.0795113 0.0845604 0.0896225 0.0946664 0.0996594 0.104568 0.109359 0.113999 0.118454 0.122691 0.126678 0.130387 0.133787 0.136853 0.139562 0.14189 0.143821 0.145338 0.14643 0.147088 0.147307 0.147084 0.146423 0.145327 0.143807 0.141874 0.139543 0.136834 0.133767 0.130367 0.126659 0.122673 0.118439 0.113988 0.109353 0.104567 0.0996643 0.0946781 0.0896417 0.0845875 0.0795467 0.0745492 0.0696229 0.064794 0.0600863 0.0555212 0.0511176 0.0468918 0.0428575 0.0390254 0.0354041 0.0319992 0.0288143 0.0258504 0.0231067 0.0205804 0.0182674 0.0161619 0.0142574 0.0125462 0.0110203 0.00967145 0.00849126 0.00747159 0.0066047 0.00588348 0.0053016 0.00485369 0.00453545 0.004344 
0.0048549 0.00491975 0.0051249 0.00547285 0.00596713 0.00661259 0.00741523 0.00838211 0.00952112 0.0108408 0.0123502 0.0140586 0.0159749 0.0181081 0.0204662 0.0230563 0.0258846 0.0289553 0.0322712 0.0358327 0.0396381 0.0436831 0.0479609 0.0524616 0.0571727 0.0620784 0.0671604 0.0723971 0.0777646 0.083236 0.0887823 0.0943721 0.0999725 0.105549 0.111065 0.116485 0.121772 0.126888 0.131798 0.136466 0.140856 0.144937 0.148678 0.15205 0.155027 0.157585 0.159706 0.161373 0.162572 0.163294 0.163533 0.163288 0.162561 0.161357 0.159686 0.157561 0.154998 0.152019 0.148645 0.144903 0.140822 0.136432 0.131767 0.12686 0.121748 0.116466 0.111052 0.105543 0.0999744 0.0943826 0.0888017 0.0832649 0.0778032 0.0724454 0.0672183 0.0621457 0.0572489 0.0525462 0.0480531 0.0437821 0.0397428 0.0359421 0.0323841 0.0290706 0.026001 0.0231726 0.020581 0.0182204 0.0160835 0.0141623 0.0124482 0.010932 0.00960463 0.00845725 0.00748136 0.00666915 0.00601369 0.00550906 0.00515052 0.00493493 
0.00549693 0.00557017 0.00580111 0.0061925 0.00674822 0.00747358 0.00837517 0.00946071 0.0107388 0.0122189 0.0139107 0.0158242 0.0179694 0.0203555 0.0229914 0.0258846 0.0290414 0.0324662 0.0361615 0.0401275 0.0443618 0.0488592 0.0536116 0.0586077 0.0638331 0.0692702 0.0748982 0.0806932 0.0866282 0.0926737 0.0987972 0.104964 0.111139 0.117282 0.123356 0.12932 0.135133 0.140756 0.146148 0.151272 0.156089 0.160565 0.164665 0.16836 0.171621 0.174423 0.176745 0.178569 0.17988 0.18067 0.180931 0.180662 0.179866 0.178547 0.176716 0.174389 0.171581 0.168316 0.164618 0.160515 0.156038 0.151221 0.146098 0.140708 0.135089 0.129281 0.123323 0.117257 0.111121 0.104956 0.0987984 0.0926852 0.0866505 0.0807263 0.0749423 0.069325 0.0638983 0.0586827 0.0536958 0.0489517 0.0444615 0.0402333 0.0362722 0.0325804 0.0291579 0.026002 0.0231082 0.0204705 0.0180811 0.0159316 0.0140125 0.012314 0.0108263 0.00953966 0.00844484 0.00753332 0.0067975 0.00623092 0.00582837 0.00558641 
0.00620097 0.00628337 0.00654239 0.00698103 0.00760354 0.00841573 0.0094248 0.0106392 0.0120682 0.0137221 0.0156115 0.0177472 0.0201398 0.0227994 0.0257352 0.0289553 0.0324662 0.0362722 0.0403758 0.0447765 0.0494712 0.0544536 0.0597144 0.0652406 0.0710159 0.0770204 0.0832308 0.0896205 0.0961596 0.102815 0.109552 0.116332 0.123114 0.129859 0.136521 0.143059 0.149428 0.155585 0.161486 0.16709 0.172356 0.177247 0.181725 0.185759 0.189318 0.192375 0.194907 0.196896 0.198326 0.199186 0.19947 0.199176 0.198307 0.196868 0.194871 0.19233 0.189266 0.185702 0.181663 0.17718 0.172287 0.16702 0.161416 0.155517 0.149363 0.142998 0.136467 0.129811 0.123075 0.116302 0.109533 0.102807 0.0961633 0.0896363 0.0832588 0.0770606 0.071068 0.0653042 0.0597887 0.0545378 0.0495642 0.0448772 0.0404828 0.0363842 0.0325817 0.0290728 0.0258531 0.0229163 0.0202542 0.0178577 0.0157168 0.0138209 0.0121594 0.0107217 0.00949787 0.00847855 0.00765548 0.00702161 0.00657126 0.00630067 
0.00696887 0.00706122 0.00735063 0.00784038 0.00853512 0.00944115 0.0105663 0.0119198 0.0135117 0.015353 0.0174553 0.0198302 0.0224889 0.0254424 0.0287003 0.0322712 0.0361615 0.0403758 0.0449159 0.0497811 0.0549672 0.0604669 0.0662691 0.0723593 0.0787189 0.0853257 0.0921537 0.0991733 0.106351 0.113652 0.121036 0.128461 0.135885 0.143261 0.150543 0.157683 0.164635 0.171351 0.177785 0.183891 0.189626 0.19495 0.199823 0.20421 0.208079 0.211401 0.214153 0.216313 0.217866 0.2188 0.219108 0.218788 0.217843 0.216279 0.214108 0.211347 0.208015 0.204138 0.199744 0.194866 0.189538 0.1838 0.177693 0.171261 0.164547 0.157599 0.150464 0.143189 0.135822 0.128408 0.120994 0.113622 0.106334 0.0991693 0.0921633 0.085349 0.0787557 0.0724092 0.0663315 0.0605409 0.0550518 0.049875 0.0450178 0.0404841 0.0362747 0.0323877 0.0288184 0.0255604 0.0226052 0.0199431 0.0175635 0.015455 0.0136062 0.0120057 0.0106426 0.0095069 0.00858962 0.00788307 0.00738109 0.00707958 
0.00780203 0.00790511 0.00822725 0.00877201 0.00954442 0.0105513 0.0118013 0.013304 0.0150707 0.0171131 0.0194436 0.0220745 0.0250181 0.0282857 0.0318876 0.0358327 0.0401275 0.0447765 0.0497811 0.0551398 0.0608475 0.0668956 0.0732713 0.0799581 0.0869352 0.0941777 0.101657 0.10934 0.11719 0.125168 0.13323 0.141333 0.149427 0.157463 0.165392 0.173162 0.180721 0.18802 0.195007 0.201635 0.207857 0.21363 0.218912 0.223665 0.227856 0.231453 0.234431 0.236769 0.238449 0.239459 0.239792 0.239445 0.238421 0.236728 0.234378 0.231387 0.227779 0.223579 0.218817 0.213528 0.20775 0.201523 0.194893 0.187905 0.180608 0.173052 0.165288 0.157366 0.149338 0.141254 0.133163 0.125113 0.117149 0.109314 0.101646 0.0941818 0.0869545 0.0799923 0.0733198 0.0669575 0.0609218 0.0552252 0.0498762 0.0448797 0.0402371 0.0359469 0.0320047 0.0284038 0.0251354 0.0221893 0.0195541 0.0172179 0.0151682 0.013393 0.0118805 0.0106198 0.00960134 0.00881671 0.00825924 0.00792451 
0.00870131 0.00881591 0.0091731 0.00977674 0.0106323 0.0117471 0.0131303 0.0147926 0.0167459 0.0190027 0.0215764 0.0244801 0.0277268 0.0313285 0.0352959 0.0396381 0.0443618 0.0494712 0.0549672 0.0608475 0.067106 0.0737323 0.0807121 0.0880266 0.0956525 0.103562 0.111724 0.120101 0.128654 0.13734 0.146111 0.154918 0.16371 0.172434 0.181034 0.189456 0.197645 0.205546 0.213105 0.220272 0.226997 0.233233 0.238936 0.244066 0.248587 0.252467 0.255678 0.258198 0.260008 0.261096 0.261454 0.26108 0.259976 0.25815 0.255615 0.25239 0.248497 0.243964 0.238823 0.233111 0.226868 0.220138 0.212968 0.205406 0.197506 0.18932 0.180902 0.172309 0.163594 0.154812 0.146017 0.137259 0.128588 0.120051 0.11169 0.103545 0.0956521 0.0880428 0.0807445 0.07378 0.067168 0.0609225 0.0550538 0.0495676 0.0444664 0.0397488 0.0354109 0.0314457 0.0278443 0.0245959 0.0216887 0.0191097 0.0168459 0.0148842 0.0132122 0.0118181 0.0106914 0.00982333 0.00920656 0.00883633 
0.00966694 0.00979385 0.0101884 0.0108547 0.0117987 0.0130283 0.0145533 0.0163852 0.0185366 0.021021 0.0238526 0.0270454 0.030613 0.034568 0.0389217 0.0436831 0.0488592 0.0544536 0.0604669 0.0668956 0.0737323 0.0809652 0.0885779 0.0965492 0.104853 0.113459 0.122333 0.131433 0.140717 0.150137 0.159643 0.169181 0.178696 0.188129 0.197422 0.206516 0.215353 0.223874 0.232022 0.239742 0.246982 0.253692 0.259826 0.265341 0.2702 0.274369 0.277818 0.280523 0.282467 0.283634 0.284018 0.283616 0.28243 0.280469 0.277746 0.27428 0.270097 0.265224 0.259696 0.253551 0.246832 0.239585 0.231859 0.223708 0.215187 0.206352 0.197261 0.187974 0.17855 0.169046 0.15952 0.150028 0.140624 0.131356 0.122273 0.113419 0.104831 0.0965453 0.088592 0.0809967 0.0737801 0.0669584 0.0605432 0.0545417 0.0489572 0.043789 0.0390333 0.0346832 0.0307296 0.0271613 0.0239658 0.0211295 0.0186385 0.016479 0.0146375 0.0131015 0.0118599 0.0109031 0.0102232 0.00981527 
0.0106985 0.0108385 0.0112726 0.0120054 0.013043 0.0143941 0.0160691 0.0180802 0.0204409 0.0231657 0.0262694 0.0297669 0.0336725 0.0379994 0.042759 0.0479609 0.0536116 0.0597144 0.0662691 0.0732713 0.0807121 0.0885779 0.0968501 0.105505 0.114514 0.123843 0.133454 0.143303 0.153343 0.163523 0.173787 0.184077 0.194334 0.204497 0.214501 0.224285 0.233785 0.242939 0.251688 0.259972 0.267737 0.27493 0.281502 0.28741 0.292611 0.297073 0.300763 0.303657 0.305735 0.306984 0.307394 0.306963 0.305694 0.303596 0.300682 0.296973 0.292494 0.287276 0.281354 0.274769 0.267565 0.259791 0.2515 0.242747 0.233591 0.224091 0.214311 0.204312 0.194158 0.183911 0.173633 0.163384 0.153221 0.143198 0.133368 0.123777 0.114468 0.105479 0.0968439 0.0885911 0.0807437 0.07332 0.0663334 0.0597925 0.0537014 0.0480604 0.042866 0.0381114 0.0337872 0.0298821 0.0263827 0.023275 0.0205443 0.0181757 0.0161551 0.0144692 0.013106 0.0120553 0.0113087 0.0108608 
0.0117948 0.0119486 0.0124245 0.0132273 0.0143636 0.0158426 0.0176754 0.019875 0.0224558 0.025433 0.0288223 0.0326394 0.0368991 0.0416153 0.0467996 0.0524616 0.0586077 0.0652406 0.0723593 0.0799581 0.0880266 0.0965492 0.105505 0.114868 0.124606 0.134682 0.145053 0.155674 0.166491 0.17745 0.188492 0.199553 0.210571 0.221478 0.232208 0.242694 0.252869 0.262667 0.272025 0.280882 0.289178 0.29686 0.303875 0.310178 0.315726 0.320483 0.324416 0.3275 0.329714 0.331044 0.331481 0.331021 0.329668 0.327432 0.324326 0.320372 0.315596 0.310029 0.30371 0.296679 0.288985 0.280677 0.271812 0.262448 0.252646 0.242471 0.231987 0.221262 0.210362 0.199355 0.188306 0.177279 0.166337 0.155538 0.144938 0.134587 0.124533 0.114817 0.105477 0.0965421 0.08804 0.0799908 0.0724097 0.0653069 0.0586878 0.0525534 0.0469005 0.0417229 0.0370109 0.0327528 0.0289349 0.0255424 0.0225599 0.0199717 0.0177628 0.0159192 0.0144281 0.0132785 0.0124617 0.0119719 
0.0129539 0.0131222 0.0136419 0.014518 0.0157577 0.0173707 0.0193688 0.0217657 0.0245765 0.0278175 0.0315051 0.0356556 0.0402846 0.0454061 0.0510324 0.0571727 0.0638331 0.0710159 0.0787189 0.0869352 0.0956525 0.104853 0.114514 0.124606 0.135093 0.145936 0.157088 0.168499 0.180112 0.191867 0.203702 0.215549 0.227339 0.239003 0.250469 0.261666 0.272524 0.282973 0.292947 0.30238 0.311212 0.319384 0.326845 0.333544 0.33944 0.344492 0.348669 0.351943 0.354293 0.355704 0.356167 0.355679 0.354243 0.351868 0.34857 0.34437 0.339296 0.33338 0.326662 0.319184 0.310996 0.302152 0.292708 0.282727 0.272273 0.261413 0.250217 0.238754 0.227097 0.215317 0.203482 0.191663 0.179925 0.168332 0.156942 0.145812 0.134993 0.124529 0.114461 0.104824 0.095646 0.0869501 0.0787538 0.0710688 0.063902 0.0572551 0.0511259 0.0455081 0.0403922 0.0357662 0.0316161 0.0279263 0.0246807 0.021863 0.0194572 0.0174485 0.0158235 0.0145705 0.0136801 0.0131463 
0.0141728 0.0143563 0.0149218 0.0158744 0.017222 0.0189745 0.0211447 0.023747 0.0267972 0.0303124 0.0343098 0.0388064 0.0438182 0.0493599 0.0554435 0.0620784 0.0692702 0.0770204 0.0853257 0.0941777 0.103562 0.113459 0.123843 0.134682 0.145936 0.157563 0.169511 0.181727 0.194149 0.206713 0.219352 0.231995 0.244567 0.256996 0.269204 0.281118 0.292662 0.303765 0.314355 0.324366 0.333733 0.342397 0.350302 0.357397 0.363638 0.368986 0.373405 0.376868 0.379353 0.380845 0.381334 0.380818 0.379299 0.376787 0.373297 0.368853 0.363482 0.357218 0.350102 0.342178 0.333497 0.324115 0.314092 0.303492 0.292382 0.280834 0.26892 0.256715 0.244292 0.231729 0.219099 0.206475 0.193928 0.181526 0.169333 0.157408 0.145806 0.134577 0.123765 0.113406 0.103534 0.0941731 0.0853434 0.0770584 0.0693263 0.0621502 0.0555284 0.049455 0.0439207 0.0389132 0.0344182 0.0304197 0.0269007 0.0238443 0.0212336 0.0190531 0.0172886 0.0159278 0.0149609 0.0143812 
0.015448 0.0156473 0.0162602 0.0172923 0.0187516 0.0206489 0.0229974 0.0258123 0.0291103 0.032909 0.0372266 0.0420805 0.0474874 0.053462 0.0600167 0.0671604 0.0748982 0.0832308 0.0921537 0.101657 0.111724 0.122333 0.133454 0.145053 0.157088 0.169511 0.182268 0.195299 0.20854 0.221922 0.235373 0.248817 0.262176 0.275372 0.288325 0.300956 0.313187 0.324942 0.336148 0.346734 0.356633 0.365785 0.37413 0.381618 0.388202 0.39384 0.398499 0.402149 0.404768 0.40634 0.406855 0.40631 0.404709 0.402062 0.398384 0.393698 0.388033 0.381425 0.373914 0.365547 0.356376 0.34646 0.33586 0.324643 0.312879 0.300643 0.28801 0.275058 0.261867 0.248517 0.235085 0.221649 0.208285 0.195064 0.182056 0.169324 0.156928 0.14492 0.133348 0.122254 0.111672 0.101631 0.0921526 0.0832524 0.0749401 0.0672201 0.0600915 0.053549 0.0475835 0.0421826 0.0373316 0.0330141 0.0292125 0.025909 0.0230863 0.0207279 0.0188188 0.0173464 0.0163 0.0156728 
0.0167748 0.0169904 0.0176523 0.0187664 0.020341 0.0223876 0.0249198 0.0279537 0.0315067 0.0355972 0.0402438 0.0454648 0.0512771 0.0576957 0.0647328 0.0723971 0.0806932 0.0896205 0.0991733 0.10934 0.120101 0.131433 0.143303 0.155674 0.168499 0.181727 0.195299 0.209152 0.223217 0.237421 0.251686 0.265933 0.280079 0.294041 0.307737 0.321082 0.333996 0.346398 0.358214 0.369369 0.379794 0.389427 0.398207 0.406081 0.413002 0.418927 0.423821 0.427654 0.430404 0.432054 0.432595 0.432023 0.430342 0.427562 0.423699 0.418776 0.412823 0.405875 0.397976 0.389172 0.379518 0.369073 0.357902 0.346073 0.33366 0.320739 0.307391 0.293696 0.279737 0.265598 0.251363 0.237113 0.222927 0.208883 0.195053 0.181506 0.168306 0.15551 0.143169 0.131328 0.120025 0.109291 0.099152 0.0896242 0.0807195 0.0724435 0.0647964 0.0577734 0.0513658 0.0455611 0.0403446 0.0356992 0.0316069 0.0280493 0.0250082 0.0224664 0.0204085 0.0188209 0.0176927 0.0170166 
0.0181477 0.0183801 0.0190923 0.0202905 0.0219835 0.0241831 0.0269037 0.030162 0.0339761 0.0383651 0.0433482 0.0489442 0.0551703 0.0620416 0.0695703 0.0777646 0.0866282 0.0961596 0.106351 0.11719 0.128654 0.140717 0.153343 0.166491 0.180112 0.194149 0.20854 0.223217 0.238107 0.253132 0.26821 0.283256 0.298185 0.312909 0.32734 0.341392 0.35498 0.368022 0.380438 0.392152 0.403095 0.413199 0.422405 0.430658 0.437907 0.444112 0.449236 0.453248 0.456126 0.457852 0.458418 0.45782 0.456061 0.453151 0.449107 0.443953 0.437718 0.43044 0.42216 0.412929 0.402801 0.391837 0.380104 0.367672 0.354618 0.341021 0.326964 0.312531 0.29781 0.282888 0.267852 0.252788 0.237781 0.222913 0.208259 0.193895 0.179886 0.166296 0.153179 0.140584 0.128552 0.117118 0.106309 0.0961441 0.0866377 0.0777964 0.0696215 0.062109 0.0552504 0.0490337 0.0434437 0.0384632 0.0340735 0.0302557 0.026991 0.0242615 0.0220509 0.0203452 0.019133 0.0184068 
0.0195603 0.0198099 0.0205735 0.0218576 0.0236713 0.026027 0.0289396 0.0324266 0.0365065 0.0411992 0.0465245 0.0525015 0.0591477 0.0664784 0.0745052 0.083236 0.0926737 0.102815 0.113652 0.125168 0.13734 0.150137 0.163523 0.17745 0.191867 0.206713 0.221922 0.237421 0.253132 0.268972 0.284856 0.300695 0.316398 0.331873 0.34703 0.361777 0.376028 0.389696 0.4027 0.414962 0.426409 0.436974 0.446594 0.455214 0.462783 0.469259 0.474605 0.478791 0.481792 0.483593 0.484183 0.483559 0.481725 0.47869 0.474471 0.469093 0.462585 0.454985 0.446336 0.436689 0.426098 0.414628 0.402345 0.389324 0.375641 0.361379 0.346625 0.331465 0.315991 0.300293 0.284464 0.268594 0.252771 0.237081 0.221606 0.206425 0.191608 0.177223 0.163327 0.149975 0.137211 0.125071 0.113587 0.10278 0.0926652 0.0832521 0.0745429 0.0665343 0.0592185 0.0525835 0.046614 0.0412927 0.0366006 0.0325179 0.0290254 0.0261044 0.0237382 0.0219122 0.0206144 0.019837 
0.0210054 0.0212725 0.0220882 0.0234595 0.0253957 0.0279097 0.031017 0.0347356 0.0390848 0.0440849 0.0497562 0.0561182 0.0631885 0.0709824 0.0795113 0.0887823 0.0987972 0.109552 0.121036 0.13323 0.146111 0.159643 0.173787 0.188492 0.203702 0.219352 0.235373 0.251686 0.26821 0.284856 0.301536 0.318155 0.334618 0.350831 0.366699 0.382127 0.397024 0.411303 0.424879 0.437673 0.449609 0.460619 0.47064 0.479615 0.487493 0.494231 0.499791 0.504144 0.507264 0.509136 0.50975 0.509101 0.507194 0.504039 0.499653 0.494059 0.487288 0.479378 0.470372 0.460322 0.449284 0.437322 0.424506 0.41091 0.396614 0.381704 0.366266 0.350394 0.334181 0.317721 0.30111 0.284443 0.267813 0.251311 0.235022 0.219029 0.203409 0.188231 0.17356 0.159451 0.145954 0.133108 0.120947 0.109495 0.0987698 0.0887818 0.0795346 0.0710261 0.063249 0.0561917 0.0498389 0.044173 0.0391748 0.034824 0.0311007 0.0279858 0.0254619 0.0235138 0.0221292 0.0212999 
0.0224748 0.0227596 0.023628 0.0250872 0.027147 0.0298206 0.0331242 0.0370761 0.0416964 0.0470057 0.0530249 0.0597737 0.0672699 0.0755284 0.0845604 0.0943721 0.104964 0.116332 0.128461 0.141333 0.154918 0.169181 0.184077 0.199553 0.215549 0.231995 0.248817 0.265933 0.283256 0.300695 0.318155 0.335538 0.352745 0.369678 0.386238 0.402327 0.417852 0.432723 0.446853 0.460159 0.472567 0.484006 0.494412 0.503728 0.511902 0.51889 0.524655 0.529167 0.532401 0.534341 0.534977 0.534306 0.53233 0.52906 0.524513 0.518713 0.51169 0.503483 0.494135 0.483698 0.472229 0.459794 0.446462 0.432311 0.417421 0.401881 0.38578 0.369213 0.352278 0.335073 0.317697 0.300249 0.282826 0.265523 0.248431 0.231637 0.215222 0.19926 0.183819 0.168959 0.154733 0.141184 0.128348 0.116253 0.104917 0.0943542 0.0845684 0.075559 0.0673193 0.059838 0.0531002 0.047088 0.0417818 0.0371611 0.0332054 0.0298951 0.0272122 0.025141 0.0236689 0.0227873 
0.0239598 0.0242624 0.0251837 0.0267311 0.0289148 0.0317485 0.0352486 0.0394342 0.0443257 0.0499444 0.0563113 0.0634464 0.0713676 0.0800894 0.0896225 0.0999725 0.111139 0.123114 0.135885 0.149427 0.16371 0.178696 0.194334 0.210571 0.227339 0.244567 0.262176 0.280079 0.298185 0.316398 0.334618 0.352745 0.370676 0.388307 0.405536 0.422265 0.438396 0.453836 0.468498 0.482297 0.495157 0.507006 0.517779 0.527419 0.535875 0.543101 0.549061 0.553724 0.557066 0.559071 0.559728 0.559035 0.556994 0.553615 0.548916 0.54292 0.535659 0.527169 0.517495 0.506688 0.494808 0.481919 0.468093 0.453407 0.437946 0.421797 0.405055 0.387816 0.370181 0.352251 0.334129 0.315919 0.297721 0.279635 0.261756 0.244176 0.226979 0.210245 0.194045 0.178444 0.163497 0.149252 0.135747 0.123013 0.111071 0.0999364 0.0896147 0.0801062 0.0714052 0.0635009 0.0563785 0.0500201 0.044406 0.0395152 0.0353269 0.0318208 0.0289786 0.0267842 0.0252243 0.0242903 
0.025451 0.0257713 0.0267453 0.0283807 0.0306878 0.0336808 0.0373767 0.0417949 0.0469562 0.0528824 0.0595947 0.0671133 0.075456 0.084637 0.0946664 0.105549 0.117282 0.129859 0.143261 0.157463 0.172434 0.188129 0.204497 0.221478 0.239003 0.256996 0.275372 0.294041 0.312909 0.331873 0.350831 0.369678 0.388307 0.406611 0.424485 0.441828 0.45854 0.474525 0.489695 0.503963 0.517252 0.529491 0.540613 0.55056 0.559281 0.566733 0.572876 0.577682 0.581126 0.583192 0.583869 0.583155 0.581053 0.577572 0.57273 0.56655 0.559062 0.550305 0.540323 0.529166 0.516895 0.503575 0.489277 0.474081 0.458072 0.441341 0.423983 0.406097 0.387786 0.369156 0.350313 0.331363 0.312413 0.293565 0.274919 0.256571 0.23861 0.22112 0.204176 0.187847 0.172192 0.157261 0.143098 0.129734 0.117194 0.105494 0.0946422 0.0846395 0.0754814 0.0671574 0.0596533 0.0529511 0.0470309 0.0418715 0.0374517 0.0337508 0.03075 0.0284327 0.0267855 0.0257993 
0.0269381 0.027276 0.0283023 0.0300247 0.0324541 0.0356049 0.0394944 0.0441425 0.0495705 0.0558003 0.0628536 0.0707505 0.0795085 0.0891417 0.0996594 0.111065 0.123356 0.136521 0.150543 0.165392 0.181034 0.197422 0.214501 0.232208 0.250469 0.269204 0.288325 0.307737 0.32734 0.34703 0.366699 0.386238 0.405536 0.424485 0.442977 0.460906 0.47817 0.494674 0.510325 0.525038 0.538733 0.551339 0.562789 0.573025 0.581997 0.589659 0.595974 0.600913 0.604453 0.606575 0.607272 0.606539 0.604379 0.600803 0.595827 0.589475 0.581776 0.572768 0.562495 0.55101 0.53837 0.524641 0.509897 0.494218 0.477688 0.460402 0.442455 0.42395 0.404992 0.38569 0.366153 0.346491 0.326814 0.307229 0.28784 0.268747 0.250044 0.231818 0.21415 0.19711 0.180764 0.165164 0.150355 0.136374 0.123247 0.110992 0.0996185 0.0891296 0.0795213 0.0707838 0.0629031 0.0558616 0.0496391 0.0442144 0.0395658 0.0356722 0.0325145 0.0300757 0.0283419 0.0273041 
0.0284108 0.028766 0.0298436 0.0316517 0.0342013 0.0375071 0.0415868 0.0464607 0.0521504 0.0586782 0.0660657 0.0743331 0.0834978 0.0935734 0.104568 0.116485 0.12932 0.143059 0.157683 0.173162 0.189456 0.206516 0.224285 0.242694 0.261666 0.281118 0.300956 0.321082 0.341392 0.361777 0.382127 0.402327 0.422265 0.441828 0.460906 0.47939 0.497178 0.514171 0.530276 0.545407 0.559484 0.572433 0.58419 0.594696 0.6039 0.611759 0.618234 0.623297 0.626925 0.629101 0.629815 0.629064 0.626852 0.623188 0.618088 0.611575 0.60368 0.594438 0.583895 0.572101 0.559115 0.545004 0.52984 0.513705 0.496684 0.478872 0.460367 0.441273 0.421699 0.401756 0.381555 0.361212 0.340838 0.320545 0.300441 0.28063 0.261211 0.242273 0.223903 0.206176 0.189158 0.172907 0.157471 0.142889 0.12919 0.116393 0.104511 0.0935465 0.0834977 0.0743554 0.0661059 0.0587317 0.0522128 0.0465277 0.0416543 0.0375716 0.0342597 0.0317014 0.0298826 0.028794 
0.029858 0.0302301 0.031358 0.0332497 0.0359166 0.0393736 0.0436389 0.0487329 0.0546777 0.0614955 0.0692084 0.0778362 0.0873962 0.0979014 0.109359 0.121772 0.135133 0.149428 0.164635 0.180721 0.197645 0.215353 0.233785 0.252869 0.272524 0.292662 0.313187 0.333996 0.35498 0.376028 0.397024 0.417852 0.438396 0.45854 0.47817 0.497178 0.515458 0.53291 0.54944 0.564961 0.579393 0.592663 0.604705 0.615461 0.62488 0.632919 0.639542 0.64472 0.648429 0.650654 0.651384 0.650618 0.648357 0.644612 0.639397 0.632737 0.62466 0.615203 0.604409 0.592329 0.579022 0.564554 0.548998 0.532435 0.514953 0.496647 0.477617 0.457968 0.437811 0.41726 0.396429 0.375437 0.354399 0.333431 0.312644 0.292146 0.272039 0.252419 0.233374 0.214984 0.197319 0.180441 0.164399 0.149236 0.134982 0.121661 0.109285 0.0978596 0.0873831 0.0778474 0.0692391 0.0615412 0.0547336 0.0487947 0.0437023 0.039435 0.0359727 0.0332979 0.0313962 0.030258 
0.0312687 0.0316572 0.0328337 0.0348064 0.0375869 0.0411903 0.0456351 0.0509421 0.0571334 0.0642317 0.0722587 0.0812344 0.0911757 0.102095 0.113999 0.126888 0.140756 0.155585 0.171351 0.18802 0.205546 0.223874 0.242939 0.262667 0.282973 0.303765 0.324942 0.346398 0.368022 0.389696 0.411303 0.432723 0.453836 0.474525 0.494674 0.514171 0.53291 0.550789 0.567714 0.583597 0.598358 0.611923 0.624227 0.635213 0.64483 0.653036 0.659794 0.665076 0.66886 0.671129 0.671875 0.671094 0.668789 0.66497 0.659651 0.652856 0.644613 0.634957 0.623933 0.61159 0.597986 0.583188 0.567268 0.550309 0.532397 0.51363 0.494108 0.473939 0.453235 0.432111 0.410687 0.389082 0.367416 0.345808 0.324372 0.303221 0.28246 0.26219 0.242501 0.223478 0.205194 0.187714 0.171091 0.15537 0.140585 0.126759 0.113908 0.102038 0.0911497 0.0812344 0.0722799 0.0642693 0.0571828 0.0509986 0.0456944 0.0412486 0.0376408 0.0348531 0.0328711 0.031685 
0.0326315 0.0330359 0.0342591 0.0363096 0.0391991 0.0429431 0.0475602 0.0530714 0.0594991 0.066866 0.0751939 0.0845026 0.0948085 0.106124 0.118454 0.131798 0.146148 0.161486 0.177785 0.195007 0.213105 0.232022 0.251688 0.272025 0.292947 0.314355 0.336148 0.358214 0.380438 0.4027 0.424879 0.446853 0.468498 0.489695 0.510325 0.530276 0.54944 0.567714 0.585003 0.601219 0.616282 0.630117 0.642662 0.653858 0.663655 0.672012 0.678893 0.68427 0.688121 0.690431 0.691191 0.690397 0.688052 0.684166 0.678753 0.671835 0.663441 0.653605 0.64237 0.629786 0.615911 0.600809 0.584555 0.56723 0.548922 0.529727 0.509749 0.489096 0.467881 0.446224 0.424244 0.402065 0.37981 0.357599 0.335552 0.313785 0.292407 0.271521 0.251224 0.2316 0.212729 0.194678 0.177502 0.16125 0.145958 0.131651 0.118346 0.106053 0.0947699 0.0844916 0.0752057 0.0668957 0.0595419 0.0531225 0.0476152 0.0429981 0.0392506 0.0363548 0.0342956 0.0330635 
0.0339355 0.0343549 0.0356225 0.0377471 0.0407403 0.0446179 0.0493987 0.055104 0.0617562 0.0693781 0.0779915 0.087616 0.0982675 0.109957 0.122691 0.136466 0.151272 0.16709 0.183891 0.201635 0.220272 0.239742 0.259972 0.280882 0.30238 0.324366 0.346734 0.369369 0.392152 0.414962 0.437673 0.460159 0.482297 0.503963 0.525038 0.545407 0.564961 0.583597 0.601219 0.617739 0.633076 0.647158 0.65992 0.671306 0.681266 0.689759 0.696751 0.702213 0.706125 0.708472 0.709244 0.708438 0.706058 0.702112 0.696614 0.689586 0.681055 0.671057 0.659632 0.64683 0.632708 0.61733 0.600771 0.583111 0.564439 0.544852 0.524453 0.503354 0.481668 0.459516 0.437021 0.414308 0.391504 0.368732 0.346115 0.323772 0.301816 0.280353 0.259483 0.239296 0.219873 0.201283 0.183587 0.166834 0.151063 0.136301 0.122568 0.109873 0.0982165 0.0875942 0.0779941 0.0694 0.0617924 0.0551498 0.0494496 0.0446696 0.0407894 0.0377906 0.0356582 0.0343822 
0.0351695 0.0356031 0.0369126 0.0391068 0.0421976 0.0462009 0.0511358 0.0570235 0.0638867 0.0717482 0.0806297 0.0905505 0.101526 0.113567 0.126678 0.140856 0.156089 0.172356 0.189626 0.207857 0.226997 0.246982 0.267737 0.289178 0.311212 0.333733 0.356633 0.379794 0.403095 0.426409 0.449609 0.472567 0.495157 0.517252 0.538733 0.559484 0.579393 0.598358 0.616282 0.633076 0.648661 0.662964 0.675922 0.687478 0.697584 0.706199 0.713289 0.718828 0.722794 0.725173 0.725956 0.725141 0.722729 0.718729 0.713156 0.70603 0.697378 0.687234 0.675639 0.66264 0.648296 0.63267 0.615834 0.597871 0.578868 0.558924 0.538143 0.516634 0.494517 0.471911 0.448943 0.425739 0.402428 0.379138 0.355994 0.333117 0.310625 0.288627 0.267226 0.246514 0.226576 0.207484 0.189302 0.172081 0.155862 0.140676 0.126541 0.113469 0.101463 0.0905184 0.0806233 0.0717625 0.0639166 0.0570641 0.0511825 0.0462495 0.0422444 0.0391487 0.0369473 0.0356302 
