0.00377712 0.00380896 0.00391148 0.0040854 0.00433151 0.0046509 0.00504488 0.00551499 0.00606291 0.00669043 0.00739937 0.00819149 0.00906847 0.0100318 0.0110826 0.0122219 0.01345 0.0147668 0.0161717 0.0176633 0.0192397 0.020898 0.0226345 0.0244449 0.0263237 0.0282646 0.0302607 0.0323037 0.034385 0.0364949 0.0386229 0.040758 0.0428886 0.0450026 0.0470875 0.0491304 0.0511184 0.0530387 0.0548784 0.0566249 0.0582661 0.0597903 0.0611865 0.0624446 0.0635552 0.06451 0.0653018 0.0659246 0.0663737 0.0666456 0.0667383 0.066651 0.0663845 0.0659408 0.0653234 0.0645369 0.0635875 0.0624824 0.0612297 0.0598388 0.05832 0.0566841 0.0549428 0.0531083 0.051193 0.0492099 0.0471717 0.0450913 0.0429815 0.0408549 0.0387233 0.0365986 0.0344916 0.0324128 0.0303717 0.0283772 0.0264372 0.0245589 0.0227485 0.0210114 0.019352 0.017774 0.0162801 0.0148725 0.0135524 0.0123205 0.011177 0.0101215 0.00915307 0.0082706 0.00747263 0.00675752 0.00612354 0.00556891 0.00509188 0.00469079 0.00436416 0.0041107 0.00392935 0.00381956 
0.00380896 0.00384109 0.00394448 0.00411988 0.00436806 0.00469012 0.00508739 0.00556141 0.00611389 0.0067466 0.00746139 0.00826002 0.00914418 0.0101154 0.0111748 0.0123232 0.0135612 0.0148886 0.0163047 0.0178082 0.019397 0.0210683 0.0228185 0.0246429 0.0265363 0.0284922 0.0305035 0.0325622 0.0346593 0.036785 0.038929 0.0410801 0.0432266 0.0453562 0.0474564 0.0495143 0.0515169 0.0534511 0.0553041 0.0570632 0.0587162 0.0602513 0.0616576 0.0629246 0.064043 0.0650046 0.065802 0.0664292 0.0668814 0.0671552 0.0672485 0.0671606 0.0668921 0.0664452 0.0658233 0.0650313 0.0640751 0.062962 0.0617004 0.0602995 0.0587697 0.057122 0.0553681 0.0535203 0.051591 0.0495934 0.0475402 0.0454445 0.0433191 0.0411766 0.0390291 0.0368884 0.0347655 0.0326709 0.0306143 0.0286045 0.0266496 0.0247568 0.0229324 0.0211817 0.0195093 0.0179188 0.0164131 0.0149943 0.0136636 0.0124219 0.0112692 0.0102052 0.00922891 0.00833926 0.00753478 0.00681382 0.00617465 0.00561546 0.0051345 0.00473011 0.00440079 0.00414524 0.0039624 0.00385172 
0.00391148 0.00394448 0.00405056 0.00423042 0.0044849 0.0048151 0.00522236 0.00570826 0.00627452 0.00692295 0.00765541 0.00847369 0.00937949 0.0103743 0.0114594 0.0126355 0.0139031 0.015262 0.0167116 0.0182504 0.0198764 0.0215865 0.0233769 0.0252432 0.0271796 0.0291797 0.0312362 0.0333409 0.0354845 0.0376571 0.0398481 0.0420461 0.0442391 0.0464146 0.0485598 0.0506615 0.0527066 0.0546816 0.0565736 0.0583695 0.0600569 0.0616239 0.0630591 0.0643523 0.0654937 0.0664749 0.0672886 0.0679286 0.0683899 0.0686692 0.0687642 0.0686744 0.0684003 0.0679441 0.0673093 0.0665009 0.0655249 0.0643887 0.0631009 0.0616708 0.0601091 0.0584269 0.0566362 0.0547493 0.0527793 0.0507391 0.0486421 0.0465014 0.0443302 0.0421412 0.0399469 0.0377593 0.0355896 0.0334486 0.0313461 0.0292912 0.0272922 0.0253565 0.0234903 0.0216994 0.0199883 0.0183609 0.0168199 0.0153677 0.0140056 0.0127343 0.011554 0.0104644 0.0094645 0.00855324 0.00772912 0.00699051 0.00633561 0.00576262 0.00526977 0.00485536 0.00451787 0.00425598 0.00406862 0.00395522 
0.0040854 0.00411988 0.00423042 0.00441779 0.00468282 0.00502665 0.00545065 0.00595643 0.00654576 0.00722049 0.0079825 0.00883364 0.00977562 0.0108099 0.0119378 0.0131601 0.0144771 0.0158888 0.0173942 0.0189919 0.0206796 0.0224543 0.0243119 0.0262477 0.0282557 0.0303294 0.0324611 0.0346421 0.036863 0.0391135 0.0413825 0.0436582 0.0459284 0.04818 0.0503998 0.0525743 0.0546898 0.0567325 0.0586889 0.0605458 0.0622903 0.06391 0.0653934 0.0667298 0.0679093 0.0689231 0.0697637 0.0704247 0.0709012 0.0711896 0.0712876 0.0711945 0.0709111 0.0704395 0.0697834 0.0689478 0.067939 0.0667646 0.0654333 0.063955 0.0623404 0.060601 0.0587492 0.0567978 0.05476 0.0526494 0.0504797 0.0482644 0.0460171 0.0437511 0.0414791 0.0392136 0.0369662 0.034748 0.0325693 0.0304395 0.0283672 0.0263599 0.0244244 0.0225665 0.020791 0.0191019 0.0175023 0.0159944 0.0145797 0.0132591 0.0120328 0.0109004 0.00986106 0.00891367 0.00805673 0.00728857 0.00660737 0.00601129 0.00549852 0.00506733 0.00471615 0.00444365 0.00424872 0.00413077 
0.00433151 0.00436806 0.0044849 0.00468282 0.00496269 0.00532567 0.00577319 0.00630692 0.00692866 0.00764033 0.00844386 0.00934113 0.0103339 0.0114237 0.0126116 0.0138987 0.015285 0.0167705 0.0183542 0.0200344 0.0218086 0.0236737 0.0256254 0.0276585 0.0297668 0.0319434 0.0341801 0.0364679 0.0387969 0.0411562 0.0435342 0.0459187 0.0482966 0.0506545 0.0529785 0.0552545 0.0574683 0.0596054 0.0616519 0.0635938 0.0654178 0.0671112 0.0686617 0.0700584 0.0712908 0.0723501 0.0732282 0.0739187 0.0744163 0.0747173 0.0748194 0.0747218 0.0744254 0.0739324 0.0732466 0.0723731 0.0713185 0.0700908 0.068699 0.0671533 0.0654649 0.0636458 0.0617088 0.0596673 0.057535 0.0553262 0.0530549 0.0507354 0.0483819 0.0460082 0.0436277 0.0412533 0.0388973 0.0365713 0.034286 0.0320514 0.0298764 0.0277691 0.0257366 0.0237849 0.0219193 0.0201438 0.0184619 0.016876 0.0153877 0.0139979 0.012707 0.0115145 0.0104199 0.00942178 0.00851876 0.0077091 0.00699096 0.00636245 0.00582169 0.00536691 0.00499651 0.00470909 0.00450351 0.00437918 
0.0046509 0.00469012 0.0048151 0.00502665 0.00532567 0.00571338 0.00619127 0.00676107 0.00742464 0.00818398 0.00904106 0.00999784 0.0110561 0.0122173 0.0134828 0.0148532 0.0163289 0.0179095 0.0195939 0.0213803 0.023266 0.0252474 0.02732 0.0294783 0.0317156 0.0340244 0.0363961 0.0388211 0.0412889 0.0437879 0.0463059 0.0488299 0.0513461 0.0538404 0.0562981 0.0587043 0.0610441 0.0633023 0.0654642 0.0675151 0.0694411 0.0712288 0.0728654 0.0743392 0.0756396 0.0767571 0.0776833 0.0784114 0.078936 0.0792532 0.0793605 0.0792573 0.0789442 0.0784237 0.0776998 0.0767778 0.0756647 0.0743686 0.0728993 0.0712672 0.0694843 0.067563 0.0655168 0.0633597 0.0611063 0.0587714 0.0563699 0.0539168 0.051427 0.0489152 0.0463953 0.0438812 0.0413857 0.0389212 0.036499 0.0341296 0.0318227 0.0295868 0.0274294 0.0253571 0.0233754 0.0214889 0.0197011 0.0180147 0.0164315 0.0149526 0.0135784 0.0123087 0.0111427 0.0100792 0.00911676 0.00825357 0.00748777 0.00681741 0.00624053 0.00575532 0.0053601 0.00505341 0.00483409 0.00470151 
0.00504488 0.00508739 0.00522236 0.00545065 0.00577319 0.00619127 0.00670645 0.00732051 0.00803543 0.00885325 0.00977604 0.0108058 0.0119443 0.0131932 0.0145536 0.0160263 0.0176114 0.0193085 0.0211162 0.0230326 0.0250546 0.0271784 0.0293989 0.0317102 0.0341051 0.0365756 0.0391122 0.0417048 0.044342 0.0470116 0.0497005 0.0523947 0.0550797 0.0577403 0.060361 0.062926 0.0654194 0.0678251 0.0701276 0.0723114 0.0743616 0.0762641 0.0780055 0.0795733 0.0809564 0.0821447 0.0831295 0.0839035 0.084461 0.0847978 0.0849115 0.0848013 0.084468 0.083914 0.0831437 0.0821627 0.0809782 0.079599 0.0780352 0.076298 0.0743999 0.0723541 0.0701749 0.0678771 0.065476 0.0629874 0.0604271 0.0578111 0.0551551 0.0524746 0.0497848 0.0471 0.0444343 0.0418006 0.0392112 0.0366772 0.0342091 0.031816 0.029506 0.0272861 0.0251625 0.02314 0.0212226 0.0194131 0.0177138 0.0161258 0.0146496 0.0132851 0.0120316 0.010888 0.00985262 0.00892378 0.00809951 0.00737778 0.00675659 0.00623402 0.00580833 0.00547801 0.00524181 0.00509911 
0.00551499 0.00556141 0.00570826 0.00595643 0.00630692 0.00676107 0.00732051 0.00798714 0.008763 0.00965023 0.010651 0.0117673 0.0130011 0.0143539 0.0158268 0.0174207 0.0191354 0.0209704 0.0229242 0.0249945 0.0271778 0.02947 0.0318655 0.0343577 0.0369389 0.0396003 0.0423318 0.0451223 0.0479596 0.0508305 0.0537209 0.0566159 0.0594999 0.0623566 0.0651695 0.0679216 0.0705959 0.0731755 0.0756435 0.0779837 0.0801802 0.0822178 0.0840825 0.085761 0.0872414 0.0885131 0.0895667 0.0903946 0.0909908 0.0913508 0.091472 0.0913536 0.0909964 0.0904031 0.0895782 0.0885277 0.0872593 0.0857823 0.0841073 0.0822464 0.0802126 0.0780203 0.0756844 0.0732208 0.0706458 0.0679761 0.0652288 0.0624207 0.0595687 0.0566894 0.053799 0.050913 0.0480462 0.0452128 0.0424259 0.0396976 0.0370389 0.03446 0.0319695 0.0295752 0.0272837 0.0251003 0.0230294 0.0210743 0.0192374 0.01752 0.015923 0.0144462 0.013089 0.0118503 0.0107285 0.00972176 0.00882811 0.00804543 0.00737163 0.00680471 0.00634284 0.00598445 0.00572823 0.00557351 
0.00606291 0.00611389 0.00627452 0.00654576 0.00692866 0.00742464 0.00803543 0.008763 0.00960951 0.0105772 0.0116683 0.0128849 0.0142289 0.015702 0.0173053 0.0190393 0.020904 0.0228985 0.0250212 0.0272692 0.029639 0.0321256 0.034723 0.0374241 0.0402202 0.0431018 0.046058 0.0490766 0.0521445 0.0552473 0.0583698 0.061496 0.064609 0.0676913 0.0707252 0.0736925 0.0765749 0.0793542 0.0820125 0.0845323 0.0868967 0.0890896 0.0910959 0.0929014 0.0944935 0.0958608 0.0969935 0.0978833 0.0985238 0.0989104 0.0990402 0.0989124 0.0985278 0.0978894 0.0970018 0.0958715 0.0945068 0.0929175 0.0911149 0.0891119 0.0869224 0.0845617 0.0820458 0.0793917 0.0766168 0.073739 0.0707764 0.0677474 0.0646699 0.0615618 0.0584405 0.0553227 0.0522244 0.0491609 0.0461463 0.0431938 0.0403155 0.0375221 0.0348234 0.0322277 0.0297422 0.0273729 0.0251247 0.0230012 0.0210052 0.0191383 0.0174015 0.0157947 0.0143175 0.0129686 0.0117467 0.0106497 0.00967567 0.00882235 0.00808757 0.00746923 0.00696543 0.00657449 0.00629505 0.0061264 
0.00669043 0.0067466 0.00692295 0.00722049 0.00764033 0.00818398 0.00885325 0.00965023 0.0105772 0.0116364 0.0128303 0.0141611 0.0156306 0.0172405 0.0189918 0.0208851 0.0229202 0.0250959 0.0274102 0.0298601 0.0324413 0.0351485 0.0379749 0.0409126 0.0439522 0.0470832 0.0502937 0.0535705 0.0568991 0.0602642 0.0636491 0.0670365 0.0704082 0.0737454 0.0770288 0.0802389 0.083356 0.0863607 0.0892336 0.091956 0.0945098 0.0968777 0.0990435 0.100992 0.10271 0.104185 0.105407 0.106366 0.107057 0.107473 0.107613 0.107474 0.107059 0.10637 0.105411 0.104191 0.102718 0.101002 0.0990558 0.0968927 0.0945277 0.0919772 0.0892583 0.0863893 0.0833888 0.0802761 0.0770707 0.0737922 0.07046 0.0670934 0.0637111 0.0603313 0.0569712 0.0536473 0.0503751 0.0471689 0.0440417 0.0410055 0.0380707 0.0352467 0.0325413 0.0299611 0.0275117 0.0251971 0.0230204 0.0209836 0.0190878 0.0173333 0.0157195 0.0142455 0.0129096 0.01171 0.0106444 0.00971065 0.00890643 0.00822955 0.00767798 0.00724997 0.00694408 0.00675956 
0.00739937 0.00746139 0.00765541 0.0079825 0.00844386 0.00904106 0.00977604 0.010651 0.0116683 0.0128303 0.0141396 0.0155984 0.0172086 0.0189719 0.0208892 0.0229611 0.0251869 0.0275655 0.0300944 0.0327701 0.0355878 0.0385415 0.0416238 0.0448258 0.0481373 0.0515467 0.055041 0.0586056 0.0622251 0.0658824 0.0695597 0.073238 0.0768977 0.0805185 0.0840795 0.0875596 0.0909378 0.0941929 0.0973043 0.100252 0.103016 0.105578 0.107921 0.110028 0.111886 0.11348 0.114801 0.115838 0.116584 0.117033 0.117183 0.117033 0.116584 0.115838 0.114802 0.113482 0.111888 0.110032 0.107926 0.105585 0.103025 0.100264 0.0973192 0.0942114 0.0909602 0.0875863 0.0841108 0.0805547 0.0769391 0.0732846 0.0696117 0.0659399 0.062288 0.0586739 0.0551144 0.051625 0.0482201 0.0449126 0.0417142 0.038635 0.0356837 0.0328677 0.0301931 0.0276646 0.0252856 0.0230585 0.0209847 0.0190645 0.0172978 0.0156833 0.0142196 0.0129047 0.0117365 0.0107124 0.00983024 0.00908761 0.00848239 0.00801274 0.00767715 0.00747482 
0.00819149 0.00826002 0.00847369 0.00883364 0.00934113 0.00999784 0.0108058 0.0117673 0.0128849 0.0141611 0.0155984 0.0171991 0.0189654 0.0208987 0.023 0.0252696 0.0277068 0.0303099 0.0330761 0.0360015 0.0390806 0.0423068 0.0456717 0.0491655 0.0527771 0.0564936 0.0603008 0.0641828 0.0681225 0.0721017 0.0761008 0.0800993 0.0840758 0.0880084 0.0918745 0.0956514 0.0993162 0.102846 0.10622 0.109414 0.112409 0.115184 0.117721 0.120003 0.122013 0.123739 0.125167 0.126289 0.127096 0.127582 0.127744 0.12758 0.127093 0.126286 0.125164 0.123735 0.122009 0.119999 0.117718 0.115182 0.112408 0.109415 0.106224 0.102854 0.099327 0.0956662 0.0918938 0.0880326 0.0841053 0.0801343 0.0761415 0.0721483 0.068175 0.0642411 0.0603649 0.0565633 0.052852 0.0492452 0.0457557 0.0423946 0.0391717 0.036095 0.0331714 0.0304062 0.0278033 0.0253655 0.0230945 0.0209909 0.0190545 0.0172843 0.0156789 0.0142362 0.0129539 0.0118297 0.010861 0.0100453 0.00938053 0.00886464 0.00849605 0.00827394 
0.00906847 0.00914418 0.00937949 0.00977562 0.0103339 0.0110561 0.0119443 0.0130011 0.0142289 0.0156306 0.0172086 0.0189654 0.020903 0.023023 0.0253262 0.0278127 0.0304816 0.0333308 0.0363571 0.039556 0.0429213 0.0464456 0.0501195 0.0539325 0.057872 0.0619239 0.0660726 0.0703008 0.07459 0.0789201 0.0832699 0.0876171 0.0919386 0.0962106 0.100409 0.104508 0.108485 0.112314 0.115971 0.119434 0.122679 0.125686 0.128434 0.130904 0.133081 0.134949 0.136495 0.137708 0.13858 0.139106 0.139281 0.139103 0.138576 0.137701 0.136486 0.134938 0.133069 0.130892 0.128421 0.125674 0.122668 0.119424 0.115963 0.112308 0.108483 0.10451 0.100415 0.0962215 0.0919549 0.0876391 0.0832979 0.0789544 0.0746307 0.070348 0.0661261 0.0619836 0.0579377 0.0540038 0.0501961 0.0465267 0.0430065 0.0396445 0.0364482 0.0334237 0.0305754 0.0279066 0.0254192 0.0231143 0.0209917 0.0190505 0.0172894 0.0157062 0.0142987 0.0130643 0.0120004 0.0111044 0.0103741 0.00980734 0.00940247 0.0091586 
0.0100318 0.0101154 0.0103743 0.0108099 0.0114237 0.0122173 0.0131932 0.0143539 0.015702 0.0172405 0.0189719 0.0208987 0.023023 0.0253463 0.0278693 0.0305918 0.0335126 0.0366293 0.0399383 0.0434341 0.0471101 0.0509578 0.054967 0.0591258 0.0634205 0.0678356 0.072354 0.0769569 0.081624 0.0863333 0.091062 0.0957858 0.10048 0.105118 0.109674 0.114121 0.118434 0.122585 0.126549 0.1303 0.133815 0.13707 0.140045 0.142719 0.145074 0.147094 0.148766 0.150078 0.151021 0.151589 0.151778 0.151585 0.151014 0.150067 0.148752 0.147077 0.145054 0.142697 0.140022 0.137047 0.133791 0.130277 0.126527 0.122566 0.118417 0.114109 0.109665 0.105114 0.100481 0.0957933 0.0910758 0.0863538 0.0816514 0.0769914 0.0723956 0.0678842 0.0634758 0.0591876 0.0550349 0.0510312 0.0471884 0.0435167 0.0400243 0.036718 0.0336029 0.0306829 0.0279602 0.0254361 0.0231107 0.0209834 0.0190526 0.0173163 0.0157722 0.0144177 0.01325 0.0122664 0.0114646 0.0108423 0.0103979 0.0101303 
0.0110826 0.0111748 0.0114594 0.0119378 0.0126116 0.0134828 0.0145536 0.0158268 0.0173053 0.0189918 0.0208892 0.023 0.0253262 0.0278693 0.0306297 0.0336071 0.0367999 0.0402054 0.0438191 0.0476352 0.0516459 0.0558419 0.060212 0.0647429 0.0694196 0.0742251 0.0791407 0.0841458 0.0892183 0.0943345 0.0994693 0.104597 0.109689 0.114719 0.119659 0.124478 0.12915 0.133645 0.137936 0.141996 0.145798 0.14932 0.152536 0.155427 0.157972 0.160155 0.161962 0.163379 0.164398 0.16501 0.165213 0.165005 0.164387 0.163364 0.161942 0.160131 0.157944 0.155396 0.152503 0.149284 0.145762 0.141959 0.1379 0.133611 0.129118 0.12445 0.119634 0.114699 0.109675 0.104588 0.0994675 0.0943397 0.089231 0.0841661 0.0791688 0.074261 0.0694631 0.0647938 0.0602699 0.0559064 0.0517163 0.0477107 0.0438991 0.0402889 0.036886 0.0336947 0.0307179 0.027957 0.0254125 0.0230838 0.0209695 0.0190676 0.0173757 0.015891 0.0146109 0.0135325 0.0126532 0.0119708 0.0114835 0.0111902 
0.0122219 0.0123232 0.0126355 0.0131601 0.0138987 0.0148532 0.0160263 0.0174207 0.0190393 0.0208851 0.0229611 0.0252696 0.0278127 0.0305918 0.0336071 0.036858 0.0403427 0.0440576 0.0479979 0.0521569 0.0565259 0.0610946 0.0658505 0.070779 0.0758637 0.081086 0.0864253 0.0918594 0.0973641 0.102914 0.108481 0.114038 0.119555 0.125002 0.130348 0.135563 0.140616 0.145476 0.150114 0.154501 0.158609 0.162411 0.165884 0.169004 0.171751 0.174107 0.176055 0.177584 0.178682 0.179343 0.179561 0.179336 0.178669 0.177564 0.176029 0.174075 0.171714 0.168963 0.165839 0.162363 0.158559 0.15445 0.150063 0.145426 0.140567 0.135517 0.130306 0.124964 0.119522 0.114012 0.108462 0.102902 0.0973605 0.0918641 0.0864386 0.0811078 0.0758941 0.0708178 0.0658972 0.0611489 0.0565871 0.0522243 0.0480708 0.044135 0.0404236 0.0369414 0.0336919 0.0306768 0.027897 0.0253519 0.0230404 0.0209604 0.0191095 0.017485 0.0160839 0.0149034 0.0139407 0.0131936 0.0126601 0.0123391 
0.01345 0.0135612 0.0139031 0.0144771 0.015285 0.0163289 0.0176114 0.0191354 0.020904 0.0229202 0.0251869 0.0277068 0.0304816 0.0335126 0.0367999 0.0403427 0.0441384 0.0481831 0.0524712 0.0569952 0.0617455 0.0667104 0.0718763 0.0772273 0.0827451 0.0884095 0.0941982 0.100087 0.106049 0.112058 0.118083 0.124093 0.130059 0.135946 0.141722 0.147354 0.152809 0.158054 0.163058 0.16779 0.172219 0.176318 0.18006 0.183422 0.186381 0.188918 0.191016 0.192662 0.193844 0.194555 0.194789 0.194546 0.193827 0.192637 0.190983 0.188878 0.186334 0.183369 0.180003 0.176256 0.172154 0.167723 0.16299 0.157987 0.152742 0.14729 0.141661 0.135889 0.130007 0.124049 0.118045 0.112028 0.106028 0.100074 0.0941951 0.0884158 0.0827608 0.0772524 0.0719105 0.0667532 0.0617963 0.0570533 0.0525359 0.0482533 0.0442131 0.0404209 0.0368805 0.0335942 0.0305632 0.0277871 0.0252648 0.0229945 0.0209737 0.0191995 0.017669 0.0163792 0.0153274 0.014511 0.0139281 0.0135775 
0.0147668 0.0148886 0.015262 0.0158888 0.0167705 0.0179095 0.0193085 0.0209704 0.0228985 0.0250959 0.0275655 0.0303099 0.0333308 0.0366293 0.0402054 0.0440576 0.0481831 0.0525773 0.0572338 0.0621441 0.0672977 0.0726817 0.0782809 0.0840779 0.0900528 0.0961837 0.102446 0.108814 0.115258 0.121749 0.128256 0.134744 0.14118 0.14753 0.153757 0.159827 0.165703 0.171352 0.176739 0.181831 0.186597 0.191006 0.19503 0.198645 0.201825 0.204552 0.206807 0.208575 0.209844 0.210607 0.210859 0.210597 0.209824 0.208544 0.206767 0.204504 0.201769 0.198581 0.19496 0.19093 0.186517 0.181748 0.176654 0.171266 0.165618 0.159743 0.153676 0.147453 0.141108 0.134679 0.128198 0.1217 0.115218 0.108783 0.102425 0.0961729 0.0900525 0.0840879 0.078301 0.0727116 0.0673368 0.0621917 0.0572891 0.0526393 0.0482507 0.0441297 0.0402808 0.0367068 0.033409 0.0303875 0.0276414 0.0251688 0.0229672 0.0210339 0.0193658 0.0179598 0.016813 0.0159229 0.0152874 0.0149053 
0.0161717 0.0163047 0.0167116 0.0173942 0.0183542 0.0195939 0.0211162 0.0229242 0.0250212 0.0274102 0.0300944 0.0330761 0.0363571 0.0399383 0.0438191 0.0479979 0.0524712 0.0572338 0.0622784 0.0675956 0.0731735 0.0789981 0.0850528 0.0913184 0.0977733 0.104393 0.111153 0.118022 0.124971 0.131968 0.138978 0.145965 0.152894 0.159726 0.166424 0.17295 0.179267 0.185336 0.191122 0.19659 0.201706 0.206437 0.210755 0.214632 0.218043 0.220967 0.223384 0.225279 0.226639 0.227457 0.227726 0.227445 0.226615 0.225243 0.223337 0.220909 0.217976 0.214556 0.210671 0.206346 0.201609 0.196489 0.191018 0.18523 0.179161 0.172845 0.166322 0.159627 0.1528 0.145878 0.138898 0.131897 0.12491 0.117971 0.111112 0.104364 0.0977554 0.0913119 0.0850575 0.0790138 0.0731996 0.0676313 0.0623231 0.0572864 0.0525306 0.0480629 0.0438884 0.0400106 0.0364311 0.0331504 0.0301676 0.0274811 0.0250884 0.0229867 0.0211729 0.0196439 0.0183966 0.0174284 0.0167372 0.0163218 
0.0176633 0.0178082 0.0182504 0.0189919 0.0200344 0.0213803 0.0230326 0.0249945 0.0272692 0.0298601 0.0327701 0.0360015 0.039556 0.0434341 0.0476352 0.0521569 0.0569952 0.0621441 0.0675956 0.0733389 0.0793612 0.085647 0.0921779 0.0989332 0.105889 0.11302 0.120298 0.127691 0.135166 0.142689 0.150222 0.157729 0.165169 0.172502 0.17969 0.186689 0.193462 0.199967 0.206167 0.212024 0.217502 0.222567 0.227188 0.231337 0.234986 0.238113 0.240698 0.242724 0.244179 0.245053 0.24534 0.245039 0.244151 0.242683 0.240644 0.238047 0.234908 0.231248 0.22709 0.22246 0.217388 0.211904 0.206044 0.199841 0.193335 0.186563 0.179565 0.172381 0.165052 0.157619 0.15012 0.142595 0.135082 0.127618 0.120237 0.112971 0.105852 0.0989087 0.0921658 0.085647 0.0793729 0.0733616 0.0676284 0.0621861 0.0570452 0.0522137 0.0476975 0.0435005 0.039625 0.0360717 0.03284 0.0299284 0.0273346 0.0250556 0.0230883 0.0214296 0.0200764 0.019026 0.0182761 0.0178256 
0.0192397 0.019397 0.0198764 0.0206796 0.0218086 0.023266 0.0250546 0.0271778 0.029639 0.0324413 0.0355878 0.0390806 0.0429213 0.0471101 0.0516459 0.0565259 0.0617455 0.0672977 0.0731735 0.0793612 0.0858466 0.0926124 0.099639 0.106904 0.114381 0.122042 0.129858 0.137793 0.145814 0.153882 0.161958 0.170001 0.177971 0.185823 0.193515 0.201003 0.208246 0.215201 0.221827 0.228085 0.233936 0.239345 0.244278 0.248706 0.2526 0.255936 0.258694 0.260855 0.262406 0.263338 0.263643 0.263322 0.262375 0.260808 0.258632 0.25586 0.252511 0.248604 0.244166 0.239222 0.233805 0.227947 0.221684 0.215054 0.208097 0.200854 0.193366 0.185677 0.17783 0.169867 0.161831 0.153764 0.145707 0.137698 0.129774 0.121972 0.114323 0.10686 0.0996087 0.0925955 0.0858426 0.0793695 0.0731933 0.067328 0.061785 0.0565736 0.0517002 0.0471696 0.0429845 0.039146 0.0356538 0.0325065 0.0297018 0.027237 0.025109 0.0233144 0.0218502 0.0207135 0.0199021 0.0194147 
0.020898 0.0210683 0.0215865 0.0224543 0.0236737 0.0252474 0.0271784 0.02947 0.0321256 0.0351485 0.0385415 0.0423068 0.0464456 0.0509578 0.0558419 0.0610946 0.0667104 0.0726817 0.0789981 0.085647 0.0926124 0.0998759 0.107416 0.115208 0.123224 0.131434 0.139805 0.148301 0.156884 0.165514 0.174149 0.182746 0.191259 0.199644 0.207855 0.215846 0.223572 0.230988 0.238052 0.24472 0.250953 0.256714 0.261967 0.26668 0.270825 0.274375 0.277309 0.279608 0.281258 0.282249 0.282573 0.282231 0.281223 0.279555 0.27724 0.27429 0.270724 0.266566 0.261839 0.256575 0.250804 0.244562 0.237887 0.230819 0.2234 0.215673 0.207682 0.199474 0.191093 0.182586 0.173997 0.165372 0.156752 0.148181 0.139698 0.131341 0.123145 0.115143 0.107366 0.0998407 0.0925914 0.0856396 0.0790036 0.072699 0.0667384 0.061132 0.0558872 0.0510095 0.0465021 0.0423665 0.0386028 0.0352098 0.0321854 0.0295268 0.0272309 0.0252945 0.0237144 0.0224877 0.021612 0.0210862 
0.0226345 0.0228185 0.0233769 0.0243119 0.0256254 0.02732 0.0293989 0.0318655 0.034723 0.0379749 0.0416238 0.0456717 0.0501195 0.054967 0.060212 0.0658505 0.0718763 0.0782809 0.0850528 0.0921779 0.099639 0.107416 0.115485 0.12382 0.132391 0.141166 0.150108 0.15918 0.168341 0.177547 0.186756 0.195919 0.20499 0.21392 0.222662 0.231167 0.239386 0.247273 0.254782 0.261869 0.268492 0.274612 0.280191 0.285195 0.289595 0.293363 0.296476 0.298915 0.300666 0.301716 0.30206 0.301696 0.300626 0.298857 0.296399 0.293268 0.289483 0.285067 0.280048 0.274456 0.268325 0.261692 0.254597 0.247082 0.239191 0.230969 0.222464 0.213725 0.204798 0.195733 0.186577 0.177379 0.168183 0.159034 0.149976 0.141048 0.132289 0.123734 0.115414 0.107361 0.0995997 0.0921536 0.0850428 0.0782841 0.0718917 0.0658765 0.0602473 0.05501 0.0501685 0.045725 0.0416797 0.0380317 0.0347792 0.0319194 0.0294492 0.0273655 0.0256649 0.0243446 0.0234022 0.0228365 
0.0244449 0.0246429 0.0252432 0.0262477 0.0276585 0.0294783 0.0317102 0.0343577 0.0374241 0.0409126 0.0448258 0.0491655 0.0539325 0.0591258 0.0647429 0.070779 0.0772273 0.0840779 0.0913184 0.0989332 0.106904 0.115208 0.12382 0.132712 0.141852 0.151204 0.160731 0.170392 0.180143 0.189939 0.199733 0.209474 0.219113 0.2286 0.237882 0.246909 0.25563 0.263995 0.271957 0.27947 0.286488 0.292971 0.29888 0.304179 0.308837 0.312826 0.316121 0.318702 0.320554 0.321665 0.322029 0.321643 0.320511 0.318637 0.316036 0.312721 0.308714 0.304038 0.298722 0.292798 0.286302 0.279272 0.271751 0.263781 0.25541 0.246686 0.237658 0.228377 0.218894 0.209261 0.199527 0.189743 0.179959 0.17022 0.160574 0.151062 0.141725 0.132602 0.123727 0.115132 0.106845 0.0988908 0.0912917 0.0840659 0.0772288 0.0707927 0.0647672 0.0591591 0.0539731 0.0492116 0.0448756 0.0409643 0.037476 0.0344082 0.0317579 0.0295217 0.0276966 0.0262795 0.025268 0.024661 
0.0263237 0.0265363 0.0271796 0.0282557 0.0297668 0.0317156 0.0341051 0.0369389 0.0402202 0.0439522 0.0481373 0.0527771 0.057872 0.0634205 0.0694196 0.0758637 0.0827451 0.0900528 0.0977733 0.105889 0.114381 0.123224 0.132391 0.141852 0.151572 0.161514 0.171636 0.181897 0.192249 0.202644 0.213031 0.223359 0.233575 0.243625 0.253455 0.263011 0.272239 0.281089 0.289509 0.297451 0.304869 0.311719 0.317961 0.323557 0.328476 0.332687 0.336164 0.338889 0.340843 0.342015 0.342399 0.341991 0.340795 0.338818 0.336071 0.332572 0.32834 0.323402 0.317787 0.311529 0.304664 0.297234 0.289281 0.280852 0.271996 0.262763 0.253205 0.243376 0.233329 0.223119 0.212798 0.20242 0.192036 0.181697 0.171452 0.161345 0.15142 0.141718 0.132275 0.123126 0.114301 0.105828 0.0977288 0.0900246 0.0827318 0.0758641 0.069432 0.0634433 0.0579033 0.0528152 0.0481803 0.0439982 0.0402674 0.0369855 0.0341497 0.0317567 0.0298033 0.0282865 0.0272039 0.0265544 
0.0282646 0.0284922 0.0291797 0.0303294 0.0319434 0.0340244 0.0365756 0.0396003 0.0431018 0.0470832 0.0515467 0.0564936 0.0619239 0.0678356 0.0742251 0.081086 0.0884095 0.0961837 0.104393 0.11302 0.122042 0.131434 0.141166 0.151204 0.161514 0.172053 0.182781 0.193649 0.204609 0.21561 0.226599 0.23752 0.248318 0.258937 0.269318 0.279407 0.289147 0.298484 0.307365 0.315739 0.323558 0.330777 0.337353 0.343248 0.348428 0.352861 0.356523 0.35939 0.361447 0.362681 0.363084 0.362655 0.361396 0.359314 0.356422 0.352737 0.348281 0.343079 0.337164 0.33057 0.323335 0.315502 0.307115 0.298224 0.28888 0.279134 0.269043 0.258661 0.248044 0.237251 0.226337 0.215357 0.204368 0.193421 0.182568 0.171858 0.161336 0.151045 0.141026 0.131313 0.121942 0.112939 0.10433 0.0961381 0.0883804 0.0810721 0.0742247 0.067847 0.0619452 0.056523 0.0515822 0.0471228 0.0431436 0.0396425 0.0366166 0.0340628 0.0319778 0.0303589 0.0292033 0.0285102 
0.0302607 0.0305035 0.0312362 0.0324611 0.0341801 0.0363961 0.0391122 0.0423318 0.046058 0.0502937 0.055041 0.0603008 0.0660726 0.072354 0.0791407 0.0864253 0.0941982 0.102446 0.111153 0.120298 0.129858 0.139805 0.150108 0.160731 0.171636 0.182781 0.194118 0.205599 0.217172 0.228784 0.240378 0.251896 0.26328 0.274469 0.285406 0.296029 0.306282 0.316107 0.325449 0.334255 0.342476 0.350063 0.356973 0.363166 0.368607 0.373263 0.377107 0.380118 0.382277 0.383572 0.383995 0.383545 0.382222 0.380036 0.376999 0.373129 0.368448 0.362985 0.35677 0.349839 0.342234 0.333998 0.325178 0.315824 0.30599 0.295731 0.285103 0.274166 0.262978 0.251598 0.240087 0.228503 0.216902 0.205343 0.193877 0.182557 0.171431 0.160546 0.149943 0.139661 0.129734 0.120195 0.11107 0.102382 0.0941525 0.0863962 0.0791266 0.0723532 0.0660831 0.0603207 0.0550682 0.0503263 0.0460939 0.0423692 0.0391493 0.0364314 0.0342123 0.032489 0.031259 0.0305214 
0.0323037 0.0325622 0.0333409 0.0346421 0.0364679 0.0388211 0.0417048 0.0451223 0.0490766 0.0535705 0.0586056 0.0641828 0.0703008 0.0769569 0.0841458 0.0918594 0.100087 0.108814 0.118022 0.127691 0.137793 0.148301 0.15918 0.170392 0.181897 0.193649 0.205599 0.217696 0.229885 0.242109 0.254309 0.266425 0.278394 0.290155 0.301645 0.312803 0.323567 0.333879 0.343681 0.352918 0.361537 0.369491 0.376734 0.383223 0.388923 0.3938 0.397827 0.40098 0.40324 0.404596 0.405039 0.404566 0.403182 0.400892 0.397711 0.393657 0.388754 0.383029 0.376516 0.369252 0.361278 0.352641 0.343389 0.333574 0.323252 0.312479 0.301317 0.289825 0.278064 0.266099 0.253989 0.241798 0.229586 0.21741 0.205329 0.193397 0.181664 0.17018 0.158989 0.148132 0.137647 0.127566 0.117919 0.108731 0.100024 0.0918144 0.0841173 0.0769432 0.0702999 0.0641925 0.0586241 0.0535954 0.0491061 0.0451543 0.0417376 0.038853 0.0364975 0.0346682 0.0333627 0.0325798 
0.034385 0.0346593 0.0354845 0.036863 0.0387969 0.0412889 0.044342 0.0479596 0.0521445 0.0568991 0.0622251 0.0681225 0.07459 0.081624 0.0892183 0.0973641 0.106049 0.115258 0.124971 0.135166 0.145814 0.156884 0.168341 0.180143 0.192249 0.204609 0.217172 0.229885 0.242689 0.255524 0.268329 0.28104 0.293593 0.305922 0.317963 0.329652 0.340925 0.351719 0.361977 0.371641 0.380657 0.388974 0.396545 0.403328 0.409284 0.41438 0.418586 0.421879 0.42424 0.425656 0.426118 0.425625 0.424178 0.421786 0.418463 0.414228 0.409104 0.403121 0.396313 0.388718 0.38038 0.371345 0.361664 0.351392 0.340585 0.329304 0.317609 0.305565 0.293236 0.280686 0.26798 0.255184 0.24236 0.22957 0.216874 0.204328 0.191988 0.179904 0.168124 0.15669 0.145643 0.135018 0.124847 0.115156 0.105968 0.0973024 0.0891747 0.0815966 0.0745769 0.0681216 0.0622341 0.056916 0.0521671 0.0479859 0.0443701 0.0413171 0.0388237 0.0368872 0.0355051 0.0346766 
0.0364949 0.036785 0.0376571 0.0391135 0.0411562 0.0437879 0.0470116 0.0508305 0.0552473 0.0602642 0.0658824 0.0721017 0.0789201 0.0863333 0.0943345 0.102914 0.112058 0.121749 0.131968 0.142689 0.153882 0.165514 0.177547 0.189939 0.202644 0.21561 0.228784 0.242109 0.255524 0.268967 0.282372 0.295674 0.308805 0.321698 0.334284 0.346498 0.358273 0.369545 0.380253 0.390338 0.399744 0.408419 0.416314 0.423385 0.429594 0.434905 0.439288 0.442719 0.445179 0.446654 0.447135 0.446621 0.445113 0.442621 0.439158 0.434745 0.429404 0.423167 0.416069 0.408148 0.399451 0.390024 0.37992 0.369196 0.357911 0.346125 0.333905 0.321314 0.30842 0.295292 0.281995 0.268598 0.255166 0.241765 0.228456 0.215301 0.202355 0.189673 0.177304 0.165295 0.153687 0.142518 0.131822 0.121627 0.111957 0.102835 0.0942752 0.0862918 0.0788943 0.0720895 0.0658816 0.0602725 0.0552626 0.0508507 0.0470347 0.0438121 0.0411799 0.0391356 0.0376765 0.036802 
0.0386229 0.038929 0.0398481 0.0413825 0.0435342 0.0463059 0.0497005 0.0537209 0.0583698 0.0636491 0.0695597 0.0761008 0.0832699 0.091062 0.0994693 0.108481 0.118083 0.128256 0.138978 0.150222 0.161958 0.174149 0.186756 0.199733 0.213031 0.226599 0.240378 0.254309 0.268329 0.282372 0.296371 0.310256 0.323958 0.337406 0.350529 0.36326 0.375529 0.38727 0.398421 0.408919 0.418708 0.427734 0.435946 0.443301 0.449757 0.455278 0.459834 0.4634 0.465957 0.46749 0.46799 0.467455 0.465888 0.463298 0.459698 0.45511 0.449557 0.443072 0.435689 0.427449 0.418399 0.408587 0.398069 0.386901 0.375144 0.362864 0.350125 0.336996 0.323546 0.309846 0.295965 0.281974 0.267942 0.253936 0.240021 0.226261 0.212714 0.199438 0.186485 0.173904 0.161738 0.150028 0.138809 0.128112 0.117963 0.108384 0.0993939 0.0910058 0.0832309 0.0760769 0.0695486 0.0636485 0.0583775 0.0537346 0.0497182 0.0463258 0.0435547 0.0414023 0.0398662 0.0389456 
0.040758 0.0410801 0.0420461 0.0436582 0.0459187 0.0488299 0.0523947 0.0566159 0.061496 0.0670365 0.073238 0.0800993 0.0876171 0.0957858 0.104597 0.114038 0.124093 0.134744 0.145965 0.157729 0.170001 0.182746 0.195919 0.209474 0.223359 0.23752 0.251896 0.266425 0.28104 0.295674 0.310256 0.324714 0.338976 0.352968 0.366619 0.379855 0.392608 0.404809 0.416392 0.427294 0.437457 0.446825 0.455348 0.462978 0.469675 0.475401 0.480126 0.483824 0.486474 0.488063 0.488582 0.488027 0.486403 0.483717 0.479984 0.475226 0.469466 0.462738 0.455078 0.446527 0.437133 0.426945 0.416021 0.404419 0.392203 0.379437 0.366191 0.352534 0.338538 0.324277 0.309823 0.295248 0.280625 0.266023 0.25151 0.237153 0.223014 0.209152 0.195622 0.182474 0.169757 0.157511 0.145774 0.13458 0.123955 0.113923 0.104505 0.0957146 0.0875646 0.0800633 0.0732163 0.0670267 0.0614957 0.0566229 0.0524069 0.0488453 0.0459358 0.0436757 0.0420627 0.0410962 
0.0428886 0.0432266 0.0442391 0.0459284 0.0482966 0.0513461 0.0550797 0.0594999 0.064609 0.0704082 0.0768977 0.0840758 0.0919386 0.10048 0.109689 0.119555 0.130059 0.14118 0.152894 0.165169 0.177971 0.191259 0.20499 0.219113 0.233575 0.248318 0.26328 0.278394 0.293593 0.308805 0.323958 0.338976 0.353785 0.368309 0.382473 0.396203 0.409427 0.422074 0.434078 0.445373 0.455899 0.4656 0.474423 0.482321 0.489251 0.495176 0.500065 0.50389 0.506632 0.508275 0.508811 0.508238 0.506557 0.503779 0.499918 0.494994 0.489035 0.482071 0.474142 0.465289 0.45556 0.445008 0.43369 0.421666 0.409001 0.395763 0.382022 0.36785 0.353322 0.338513 0.323497 0.308352 0.293149 0.277964 0.262866 0.247923 0.233202 0.218764 0.204666 0.190962 0.177701 0.164928 0.152681 0.140995 0.1299 0.119422 0.109581 0.100393 0.0918724 0.0840275 0.0768651 0.0703888 0.0646004 0.0594999 0.055086 0.0513569 0.0483101 0.0459433 0.0442541 0.0432421 
0.0450026 0.0453562 0.0464146 0.04818 0.0506545 0.0538404 0.0577403 0.0623566 0.0676913 0.0737454 0.0805185 0.0880084 0.0962106 0.105118 0.114719 0.125002 0.135946 0.14753 0.159726 0.172502 0.185823 0.199644 0.21392 0.2286 0.243625 0.258937 0.274469 0.290155 0.305922 0.321698 0.337406 0.352968 0.368309 0.383349 0.398011 0.41222 0.4259 0.43898 0.45139 0.463065 0.473943 0.483965 0.493078 0.501234 0.50839 0.514507 0.519552 0.523501 0.52633 0.528026 0.52858 0.527988 0.526253 0.523386 0.5194 0.514318 0.508166 0.500976 0.492787 0.483642 0.473591 0.462686 0.450987 0.438554 0.425455 0.411759 0.397538 0.382867 0.367822 0.35248 0.336919 0.321217 0.305452 0.289697 0.274028 0.258514 0.243225 0.228223 0.21357 0.199322 0.185529 0.172238 0.159491 0.147323 0.135768 0.124851 0.114594 0.105016 0.0961304 0.0879476 0.0804748 0.0737163 0.0676744 0.0623495 0.0577407 0.0538464 0.0506644 0.0481923 0.046428 0.0453711 
0.0470875 0.0474564 0.0485598 0.0503998 0.0529785 0.0562981 0.060361 0.0651695 0.0707252 0.0770288 0.0840795 0.0918745 0.100409 0.109674 0.119659 0.130348 0.141722 0.153757 0.166424 0.17969 0.193515 0.207855 0.222662 0.237882 0.253455 0.269318 0.285406 0.301645 0.317963 0.334284 0.350529 0.366619 0.382473 0.398011 0.413154 0.427824 0.441944 0.455441 0.468243 0.480283 0.491498 0.501829 0.511221 0.519624 0.526996 0.533297 0.538494 0.542559 0.545473 0.54722 0.547789 0.54718 0.545394 0.542441 0.538337 0.533102 0.526765 0.519358 0.51092 0.501495 0.491134 0.47989 0.467824 0.454999 0.441482 0.427344 0.412661 0.397508 0.381963 0.366106 0.350018 0.333778 0.317467 0.301161 0.284937 0.268869 0.253028 0.237479 0.222287 0.207508 0.193197 0.179402 0.166167 0.15353 0.141524 0.130179 0.119516 0.109557 0.100315 0.0918012 0.0840246 0.0769899 0.0706997 0.0651551 0.0603554 0.0562993 0.0529846 0.0504094 0.0485716 0.0474707 
0.0491304 0.0495143 0.0506615 0.0525743 0.0552545 0.0587043 0.062926 0.0679216 0.0736925 0.0802389 0.0875596 0.0956514 0.104508 0.114121 0.124478 0.135563 0.147354 0.159827 0.17295 0.186689 0.201003 0.215846 0.231167 0.246909 0.263011 0.279407 0.296029 0.312803 0.329652 0.346498 0.36326 0.379855 0.396203 0.41222 0.427824 0.442936 0.457478 0.471373 0.48455 0.496939 0.508477 0.519102 0.52876 0.5374 0.544978 0.551454 0.556794 0.560973 0.563967 0.565761 0.566347 0.56572 0.563886 0.560852 0.556634 0.551254 0.54474 0.537126 0.52845 0.518758 0.508101 0.496534 0.484117 0.470915 0.456998 0.442438 0.427311 0.411695 0.395671 0.37932 0.362725 0.345967 0.32913 0.312293 0.295535 0.278933 0.262558 0.246481 0.230766 0.215475 0.200662 0.186379 0.172671 0.159579 0.147137 0.135376 0.12432 0.113989 0.1044 0.0955656 0.0874937 0.0801902 0.0736585 0.0678999 0.0629144 0.0587006 0.0552568 0.0525812 0.0506716 0.049528 
0.0511184 0.0515169 0.0527066 0.0546898 0.0574683 0.0610441 0.0654194 0.0705959 0.0765749 0.083356 0.0909378 0.0993162 0.108485 0.118434 0.12915 0.140616 0.152809 0.165703 0.179267 0.193462 0.208246 0.223572 0.239386 0.25563 0.272239 0.289147 0.306282 0.323567 0.340925 0.358273 0.375529 0.392608 0.409427 0.4259 0.441944 0.457478 0.47242 0.486695 0.500228 0.512949 0.524793 0.535698 0.545608 0.554473 0.562246 0.568888 0.574365 0.57865 0.581719 0.583559 0.58416 0.583518 0.581637 0.578526 0.574201 0.568684 0.562003 0.554192 0.545291 0.535346 0.524407 0.512532 0.499782 0.486223 0.471926 0.456963 0.441413 0.425357 0.408875 0.392051 0.374971 0.357719 0.340379 0.323033 0.305763 0.288648 0.271762 0.255177 0.238961 0.223177 0.207882 0.19313 0.178967 0.165436 0.152573 0.140411 0.128975 0.118287 0.108363 0.0992182 0.0908608 0.0832976 0.0765324 0.070567 0.0654017 0.0610354 0.0574668 0.0546939 0.052715 0.0515299 
0.0530387 0.0534511 0.0546816 0.0567325 0.0596054 0.0633023 0.0678251 0.0731755 0.0793542 0.0863607 0.0941929 0.102846 0.112314 0.122585 0.133645 0.145476 0.158054 0.171352 0.185336 0.199967 0.215201 0.230988 0.247273 0.263995 0.281089 0.298484 0.316107 0.333879 0.351719 0.369545 0.38727 0.404809 0.422074 0.43898 0.455441 0.471373 0.486695 0.501328 0.515198 0.528233 0.540365 0.551534 0.561682 0.570758 0.578715 0.585513 0.591119 0.595503 0.598645 0.600528 0.601142 0.600486 0.598561 0.595378 0.590952 0.585306 0.578467 0.570471 0.561358 0.551174 0.539971 0.527805 0.514741 0.500844 0.486186 0.470843 0.454893 0.438419 0.421503 0.404232 0.386692 0.36897 0.351151 0.333322 0.315565 0.297961 0.280588 0.26352 0.246825 0.230571 0.214815 0.199614 0.185016 0.171066 0.157801 0.145254 0.133454 0.122423 0.112179 0.102736 0.0941052 0.0862927 0.0793034 0.0731395 0.0678015 0.0632888 0.0596001 0.0567339 0.0546883 0.0534634 
0.0548784 0.0553041 0.0565736 0.0586889 0.0616519 0.0654642 0.0701276 0.0756435 0.0820125 0.0892336 0.0973043 0.10622 0.115971 0.126549 0.137936 0.150114 0.163058 0.176739 0.191122 0.206167 0.221827 0.238052 0.254782 0.271957 0.289509 0.307365 0.325449 0.343681 0.361977 0.380253 0.398421 0.416392 0.434078 0.45139 0.468243 0.48455 0.500228 0.515198 0.529383 0.542711 0.555115 0.566531 0.576902 0.586175 0.594304 0.601248 0.606974 0.611452 0.61466 0.616583 0.617211 0.61654 0.614575 0.611324 0.606804 0.601037 0.594052 0.585883 0.576571 0.566164 0.554712 0.542275 0.528916 0.514702 0.499706 0.484006 0.46768 0.450813 0.433489 0.415796 0.397823 0.379657 0.361388 0.343102 0.324885 0.30682 0.288986 0.27146 0.254313 0.237612 0.22142 0.205793 0.190783 0.176434 0.162787 0.149876 0.13773 0.126373 0.115824 0.106098 0.0972061 0.0891564 0.0819537 0.0756006 0.0700981 0.0654459 0.0616429 0.0586876 0.0565786 0.0553157 
0.0566249 0.0570632 0.0583695 0.0605458 0.0635938 0.0675151 0.0723114 0.0779837 0.0845323 0.091956 0.100252 0.109414 0.119434 0.1303 0.141996 0.154501 0.16779 0.181831 0.19659 0.212024 0.228085 0.24472 0.261869 0.27947 0.297451 0.315739 0.334255 0.352918 0.371641 0.390338 0.408919 0.427294 0.445373 0.463065 0.480283 0.496939 0.512949 0.528233 0.542711 0.556313 0.568968 0.580613 0.591191 0.600647 0.608936 0.616016 0.621853 0.626417 0.629688 0.631648 0.632287 0.631604 0.629601 0.626288 0.621681 0.615802 0.608681 0.600351 0.590855 0.58024 0.568558 0.555868 0.542235 0.527726 0.512416 0.496382 0.479706 0.462473 0.444768 0.426682 0.408303 0.389723 0.371032 0.352319 0.333671 0.315173 0.296907 0.278951 0.261379 0.24426 0.227658 0.211631 0.196232 0.181509 0.167502 0.154247 0.141775 0.130111 0.119274 0.109281 0.100144 0.0918699 0.0844657 0.0779341 0.0722763 0.0674923 0.0635813 0.0605419 0.0583729 0.0570742 
0.0582661 0.0587162 0.0600569 0.0622903 0.0654178 0.0694411 0.0743616 0.0801802 0.0868967 0.0945098 0.103016 0.112409 0.122679 0.133815 0.145798 0.158609 0.172219 0.186597 0.201706 0.217502 0.233936 0.250953 0.268492 0.286488 0.304869 0.323558 0.342476 0.361537 0.380657 0.399744 0.418708 0.437457 0.455899 0.473943 0.491498 0.508477 0.524793 0.540365 0.555115 0.568968 0.581855 0.593711 0.604479 0.614104 0.62254 0.629744 0.635683 0.640328 0.643655 0.645649 0.6463 0.645605 0.643568 0.640197 0.63551 0.629528 0.622281 0.613805 0.604139 0.593333 0.581439 0.568516 0.55463 0.53985 0.52425 0.507909 0.490909 0.473337 0.45528 0.436829 0.418076 0.399112 0.38003 0.36092 0.341872 0.322973 0.304305 0.28595 0.267983 0.250474 0.23349 0.217091 0.20133 0.186257 0.171915 0.15834 0.145564 0.133613 0.122508 0.112265 0.102898 0.0944152 0.0868228 0.0801242 0.0743211 0.0694139 0.0654019 0.0622839 0.0600587 0.0587265 
0.0597903 0.0602513 0.0616239 0.06391 0.0671112 0.0712288 0.0762641 0.0822178 0.0890896 0.0968777 0.105578 0.115184 0.125686 0.13707 0.14932 0.162411 0.176318 0.191006 0.206437 0.222567 0.239345 0.256714 0.274612 0.292971 0.311719 0.330777 0.350063 0.369491 0.388974 0.408419 0.427734 0.446825 0.4656 0.483965 0.501829 0.519102 0.535698 0.551534 0.566531 0.580613 0.593711 0.60576 0.616701 0.62648 0.635049 0.642367 0.648399 0.653116 0.656495 0.65852 0.659181 0.658476 0.656407 0.652984 0.648224 0.642149 0.634788 0.626177 0.616358 0.605377 0.59329 0.580156 0.566039 0.551011 0.535146 0.518524 0.501229 0.483347 0.464968 0.446183 0.427087 0.407771 0.38833 0.368857 0.349442 0.330174 0.311137 0.292415 0.274085 0.256218 0.238882 0.22214 0.206046 0.190651 0.175999 0.162129 0.149072 0.136856 0.125503 0.115031 0.105451 0.0967752 0.0890087 0.0821559 0.0762186 0.0711975 0.067092 0.0639013 0.0616242 0.060261 
