7.42596e-14 7.49351e-14 1.29545e-13 2.74444e-13 6.00844e-13 1.30422e-12 2.78381e-12 5.83345e-12 1.19968e-11 2.42115e-11 4.79499e-11 9.31894e-11 1.77733e-10 3.32666e-10 6.11103e-10 1.10183e-09 1.95006e-09 3.38807e-09 5.77932e-09 9.67984e-09 1.59212e-08 2.57189e-08 4.08083e-08 6.36078e-08 9.74059e-08 1.4656e-07 2.1669e-07 3.14841e-07 4.49574e-07 6.30949e-07 8.70349e-07 1.1801e-06 1.57287e-06 2.06079e-06 2.65441e-06 3.36144e-06 4.18551e-06 5.1249e-06 6.17167e-06 7.31107e-06 8.52153e-06 9.77527e-06 1.10395e-05 1.22778e-05 1.34526e-05 1.45267e-05 1.54653e-05 1.62381e-05 1.68198e-05 1.71916e-05 1.73417e-05 1.72652e-05 1.69647e-05 1.64498e-05 1.57373e-05 1.48506e-05 1.38186e-05 1.26751e-05 1.14565e-05 1.02006e-05 8.94413e-06 7.72092e-06 6.56016e-06 5.48516e-06 4.51257e-06 3.65228e-06 2.90783e-06 2.27726e-06 1.75418e-06 1.32904e-06 9.90373e-07 7.2585e-07 5.23209e-07 3.70916e-07 2.58605e-07 1.77315e-07 1.1956e-07 7.92739e-08 5.16844e-08 3.31317e-08 2.08811e-08 1.29377e-08 7.87988e-09 4.71751e-09 2.7759e-09 1.60534e-09 9.12382e-10 5.09579e-10 2.79677e-10 1.50835e-10 7.9936e-11 4.16274e-11 2.13021e-11 1.07123e-11 5.29402e-12 2.57146e-12 1.22805e-12 5.77532e-13 2.69601e-13 1.30189e-13 
7.49351e-14 7.57013e-14 1.32144e-13 2.82686e-13 6.24229e-13 1.36587e-12 2.93782e-12 6.20186e-12 1.28457e-11 2.61035e-11 5.20395e-11 1.01779e-10 1.95294e-10 3.67649e-10 6.79079e-10 1.23077e-09 2.18899e-09 3.82083e-09 6.5459e-09 1.10085e-08 1.81755e-08 2.94644e-08 4.69047e-08 7.33324e-08 1.12612e-07 1.69877e-07 2.51758e-07 3.66583e-07 5.24488e-07 7.37403e-07 1.01884e-06 1.38346e-06 1.84633e-06 2.42191e-06 3.1228e-06 3.95821e-06 4.9325e-06 6.04369e-06 7.28235e-06 8.63095e-06 1.00639e-05 1.15481e-05 1.30445e-05 1.45101e-05 1.59001e-05 1.71706e-05 1.82804e-05 1.91935e-05 1.98804e-05 2.03189e-05 2.0495e-05 2.04032e-05 2.00464e-05 1.94361e-05 1.8592e-05 1.75418e-05 1.63198e-05 1.49657e-05 1.35229e-05 1.20361e-05 1.05489e-05 9.10145e-06 7.72844e-06 6.45745e-06 5.30818e-06 4.29231e-06 3.41392e-06 2.67057e-06 2.05455e-06 1.55446e-06 1.15658e-06 8.46246e-07 6.08879e-07 4.30791e-07 2.997e-07 2.0501e-07 1.37882e-07 9.11721e-08 5.9266e-08 3.78712e-08 2.37869e-08 1.46844e-08 8.90905e-09 5.31163e-09 3.11182e-09 1.79127e-09 1.01308e-09 5.62914e-10 3.07284e-10 1.6479e-10 8.68175e-11 4.49341e-11 2.28479e-11 1.14139e-11 5.60231e-12 2.70204e-12 1.28103e-12 5.97891e-13 2.76854e-13 1.32498e-13 
1.29545e-13 1.32144e-13 2.3248e-13 4.99089e-13 1.10419e-12 2.41931e-12 5.20905e-12 1.10052e-11 2.28073e-11 4.63608e-11 9.24308e-11 1.80747e-10 3.46678e-10 6.52221e-10 1.20366e-09 2.17914e-09 3.87062e-09 6.74581e-09 1.15371e-08 1.93655e-08 3.19069e-08 5.16094e-08 8.19638e-08 1.27828e-07 1.95794e-07 2.94577e-07 4.35388e-07 6.3224e-07 9.02107e-07 1.26486e-06 1.74291e-06 2.36039e-06 3.14197e-06 4.11112e-06 5.288e-06 6.68706e-06 8.31454e-06 1.01662e-05 1.22254e-05 1.44624e-05 1.68342e-05 1.9286e-05 2.17532e-05 2.41652e-05 2.64488e-05 2.85324e-05 3.03496e-05 3.18421e-05 3.29624e-05 3.36751e-05 3.39578e-05 3.38017e-05 3.32119e-05 3.22069e-05 3.08187e-05 2.90918e-05 2.70819e-05 2.48536e-05 2.24774e-05 2.00264e-05 1.75719e-05 1.51799e-05 1.29077e-05 1.08011e-05 8.89299e-06 7.20335e-06 5.73959e-06 4.49836e-06 3.46757e-06 2.62891e-06 1.96013e-06 1.43726e-06 1.03636e-06 7.3484e-07 5.12335e-07 3.51212e-07 2.36705e-07 1.56832e-07 1.02144e-07 6.53892e-08 4.11402e-08 2.54364e-08 1.54536e-08 9.22465e-09 5.40977e-09 3.11661e-09 1.76373e-09 9.80402e-10 5.35281e-10 2.87048e-10 1.51188e-10 7.82124e-11 3.97408e-11 1.98344e-11 9.7241e-12 4.68357e-12 2.21693e-12 1.03286e-12 4.7738e-13 2.28208e-13 
2.74444e-13 2.82686e-13 4.99089e-13 1.07047e-12 2.36348e-12 5.1664e-12 1.10964e-11 2.33827e-11 4.83272e-11 9.79569e-11 1.94721e-10 3.79599e-10 7.25736e-10 1.36079e-09 2.5026e-09 4.5145e-09 7.98892e-09 1.387e-08 2.36282e-08 3.95011e-08 6.48156e-08 1.04401e-07 1.65105e-07 2.56395e-07 3.91041e-07 5.85816e-07 8.62164e-07 1.2467e-06 1.77148e-06 2.47373e-06 3.39515e-06 4.58029e-06 6.07427e-06 7.91951e-06 1.01519e-05 1.27961e-05 1.58616e-05 1.93381e-05 2.31926e-05 2.73679e-05 3.1783e-05 3.63354e-05 4.09059e-05 4.53645e-05 4.95772e-05 5.34137e-05 5.67534e-05 5.94914e-05 6.1542e-05 6.28418e-05 6.33509e-05 6.30539e-05 6.19599e-05 6.01028e-05 5.75403e-05 5.43532e-05 5.06422e-05 4.65247e-05 4.21294e-05 3.75896e-05 3.30363e-05 2.85912e-05 2.43603e-05 2.04291e-05 1.686e-05 1.36914e-05 1.09388e-05 8.59784e-06 6.6477e-06 5.05581e-06 3.78202e-06 2.78258e-06 2.01342e-06 1.43271e-06 1.00251e-06 6.89747e-07 4.66576e-07 3.10273e-07 2.0282e-07 1.30308e-07 8.2277e-08 5.10487e-08 3.11201e-08 1.86381e-08 1.09655e-08 6.33692e-09 3.59687e-09 2.00512e-09 1.09776e-09 5.90223e-10 3.11644e-10 1.616e-10 8.2295e-11 4.11598e-11 2.02195e-11 9.75695e-12 4.6266e-12 2.15924e-12 9.99919e-13 4.79529e-13 
6.00844e-13 6.24229e-13 1.10419e-12 2.36348e-12 5.20311e-12 1.13384e-11 2.4275e-11 5.09858e-11 1.05023e-10 2.12144e-10 4.20213e-10 8.16208e-10 1.55465e-09 2.90391e-09 5.31955e-09 9.55751e-09 1.68436e-08 2.91204e-08 4.93957e-08 8.22196e-08 1.34315e-07 2.15382e-07 3.39083e-07 5.24189e-07 7.95851e-07 1.18689e-06 1.73897e-06 2.50346e-06 3.54177e-06 4.92476e-06 6.7311e-06 9.0442e-06 1.19477e-05 1.55191e-05 1.98229e-05 2.49018e-05 3.07691e-05 3.74007e-05 4.47304e-05 5.26468e-05 6.09949e-05 6.95809e-05 7.81808e-05 8.65517e-05 9.44453e-05 0.00010162 0.000107856 0.000112958 0.000116772 0.000119181 0.000120113 0.000119542 0.000117483 0.000114 0.000109198 0.000103225 9.62668e-05 8.85402e-05 8.02826e-05 7.17416e-05 6.31611e-05 5.47687e-05 4.67638e-05 3.93088e-05 3.25233e-05 2.64826e-05 2.12197e-05 1.67296e-05 1.29767e-05 9.90254e-06 7.43361e-06 5.48901e-06 3.98655e-06 2.84756e-06 2.00025e-06 1.38162e-06 9.38285e-07 6.26435e-07 4.1111e-07 2.6517e-07 1.68083e-07 1.04688e-07 6.40609e-08 3.8509e-08 2.27384e-08 1.3187e-08 7.51084e-09 4.20106e-09 2.30748e-09 1.24456e-09 6.59155e-10 3.42813e-10 1.7508e-10 8.78104e-11 4.32528e-11 2.09265e-11 9.94844e-12 4.65482e-12 2.16165e-12 1.04091e-12 
1.30422e-12 1.36587e-12 2.41931e-12 5.1664e-12 1.13384e-11 2.46278e-11 5.2551e-11 1.09999e-10 2.25792e-10 4.54465e-10 8.96913e-10 1.73562e-09 3.29322e-09 6.12723e-09 1.11792e-08 2.0003e-08 3.51045e-08 6.04316e-08 1.02061e-07 1.6913e-07 2.75053e-07 4.39063e-07 6.88069e-07 1.0588e-06 1.60013e-06 2.37539e-06 3.46444e-06 4.96503e-06 6.99313e-06 9.68155e-06 1.31766e-05 1.76318e-05 2.31998e-05 3.00199e-05 3.82056e-05 4.78287e-05 5.89052e-05 7.13818e-05 8.51275e-05 9.9929e-05 0.000115494 0.000131461 0.000147416 0.000162912 0.000177495 0.000190725 0.000202203 0.000211579 0.000218572 0.000222976 0.000224662 0.000223581 0.000219764 0.000213325 0.000204455 0.000193421 0.00018056 0.000166266 0.00015097 0.000135125 0.00011918 0.000103553 8.86149e-05 7.4669e-05 6.19419e-05 5.05794e-05 4.06494e-05 3.21497e-05 2.5021e-05 1.91601e-05 1.44352e-05 1.06989e-05 7.80022e-06 5.59352e-06 3.94481e-06 2.73576e-06 1.86546e-06 1.25052e-06 8.24011e-07 5.33642e-07 3.3961e-07 2.12355e-07 1.30449e-07 7.87156e-08 4.66524e-08 2.71544e-08 1.55211e-08 8.71149e-09 4.80102e-09 2.59796e-09 1.38034e-09 7.20116e-10 3.68885e-10 1.85555e-10 9.16603e-11 4.44706e-11 2.1199e-11 9.94609e-12 4.63276e-12 2.24038e-12 
2.78381e-12 2.93782e-12 5.20905e-12 1.10964e-11 2.4275e-11 5.2551e-11 1.11752e-10 2.33103e-10 4.76782e-10 9.56158e-10 1.88001e-09 3.62418e-09 6.84986e-09 1.26938e-08 2.30656e-08 4.10996e-08 7.18212e-08 1.23102e-07 2.06984e-07 3.41459e-07 5.52776e-07 8.78313e-07 1.37002e-06 2.0983e-06 3.15619e-06 4.6634e-06 6.76972e-06 9.65718e-06 1.354e-05 1.86617e-05 2.52879e-05 3.36952e-05 4.41546e-05 5.69107e-05 7.21571e-05 9.00098e-05 0.000110481 0.000133459 0.00015869 0.000185775 0.000214174 0.00024323 0.000272191 0.000300255 0.000326611 0.000350478 0.000371145 0.000387999 0.000400545 0.000408421 0.000411403 0.000409406 0.000402489 0.000390848 0.000374824 0.000354888 0.000331636 0.000305764 0.000278044 0.000249283 0.000220286 0.000191808 0.000164522 0.000138983 0.00011561 9.4681e-05 7.6331e-05 6.05703e-05 4.73035e-05 3.63546e-05 2.74924e-05 2.04554e-05 1.49727e-05 1.07805e-05 7.63417e-06 5.31637e-06 3.64026e-06 2.45047e-06 1.62142e-06 1.0544e-06 6.73761e-07 4.22995e-07 2.60874e-07 1.58028e-07 9.40148e-08 5.49252e-08 3.15083e-08 1.77471e-08 9.81431e-09 5.32858e-09 2.8404e-09 1.48652e-09 7.63835e-10 3.85379e-10 1.90928e-10 9.28977e-11 4.44088e-11 2.08944e-11 9.76258e-12 4.74182e-12 
5.83345e-12 6.20186e-12 1.10052e-11 2.33827e-11 5.09858e-11 1.09999e-10 2.33103e-10 4.84501e-10 9.87392e-10 1.97282e-09 3.86431e-09 7.42054e-09 1.39696e-08 2.57828e-08 4.66553e-08 8.27808e-08 1.44033e-07 2.45783e-07 4.114e-07 6.75575e-07 1.08858e-06 1.72151e-06 2.67248e-06 4.07352e-06 6.0978e-06 8.96643e-06 1.2954e-05 1.83916e-05 2.56655e-05 3.52112e-05 4.74993e-05 6.30145e-05 8.22262e-05 0.00010555 0.000133307 0.000165675 0.000202646 0.00024399 0.00028923 0.000337636 0.00038824 0.000439868 0.000491197 0.00054082 0.000587323 0.000629351 0.000665677 0.000695249 0.000717219 0.000730969 0.000736119 0.000732527 0.000720293 0.00069976 0.000671507 0.00063635 0.000595312 0.0005496 0.000500553 0.000449577 0.000398079 0.000347392 0.000298705 0.000253011 0.00021107 0.000173393 0.000140246 0.000111674 8.753e-05 6.75243e-05 5.12637e-05 3.8296e-05 2.81471e-05 2.03512e-05 1.4473e-05 1.01221e-05 6.96072e-06 4.7058e-06 3.12705e-06 2.04211e-06 1.31038e-06 8.26064e-07 5.11522e-07 3.11092e-07 1.85795e-07 1.08956e-07 6.27348e-08 3.54629e-08 1.96802e-08 1.07217e-08 5.73424e-09 3.01075e-09 1.55194e-09 7.85416e-10 3.90288e-10 1.90457e-10 9.1309e-11 4.30858e-11 2.01953e-11 9.85307e-12 
1.19968e-11 1.28457e-11 2.28073e-11 4.83272e-11 1.05023e-10 2.25792e-10 4.76782e-10 9.87392e-10 2.00482e-09 3.99051e-09 7.78634e-09 1.48929e-08 2.79237e-08 5.13246e-08 9.24828e-08 1.63386e-07 2.83028e-07 4.80798e-07 8.01088e-07 1.30936e-06 2.09981e-06 3.30474e-06 5.10535e-06 7.74369e-06 1.15347e-05 1.68775e-05 2.42635e-05 3.42802e-05 4.76076e-05 6.50044e-05 8.72829e-05 0.00011527 0.000149756 0.000191426 0.000240791 0.000298108 0.000363309 0.000435941 0.00051513 0.000599574 0.000687574 0.000777093 0.000865856 0.00095146 0.0010315 0.0011037 0.00116598 0.00121659 0.00125411 0.00127753 0.00128621 0.00127991 0.00125882 0.0012235 0.00117492 0.00111445 0.0010438 0.000965012 0.000880342 0.00079218 0.000702928 0.000614871 0.000530064 0.000450241 0.000376744 0.000310496 0.000252003 0.000201389 0.000158448 0.000122715 9.35436e-05 7.01734e-05 5.17974e-05 3.76141e-05 2.68675e-05 1.88738e-05 1.30366e-05 8.85243e-06 5.90837e-06 3.87524e-06 2.49733e-06 1.58097e-06 9.83035e-07 6.00277e-07 3.59928e-07 2.11891e-07 1.22464e-07 6.94813e-08 3.86971e-08 2.11557e-08 1.13532e-08 5.98073e-09 3.09284e-09 1.57019e-09 7.82665e-10 3.83084e-10 1.84204e-10 8.71791e-11 4.09968e-11 2.00934e-11 
2.42115e-11 2.61035e-11 4.63608e-11 9.79569e-11 2.12144e-10 4.54465e-10 9.56158e-10 1.97282e-09 3.99051e-09 7.91235e-09 1.53779e-08 2.92951e-08 5.47015e-08 1.00121e-07 1.79635e-07 3.15961e-07 5.44875e-07 9.2138e-07 1.52801e-06 2.48561e-06 3.96689e-06 6.21257e-06 9.5499e-06 1.44125e-05 2.13601e-05 3.1096e-05 4.44788e-05 6.25259e-05 8.64034e-05 0.0001174 0.000156881 0.000206217 0.000266698 0.000339421 0.000425166 0.000524274 0.000636533 0.000761079 0.000896355 0.0010401 0.0011894 0.00134082 0.00149054 0.00163456 0.00176891 0.00188984 0.00199396 0.00207841 0.00214091 0.00217979 0.00219405 0.00218332 0.00214787 0.00208864 0.00200722 0.0019058 0.00178722 0.00165478 0.00151223 0.0013635 0.00121259 0.00106332 0.000919163 0.000783055 0.000657316 0.000543573 0.000442761 0.000355174 0.000280548 0.000218173 0.000167015 0.000125835 9.32958e-05 6.80547e-05 4.88322e-05 3.44602e-05 2.39114e-05 1.63108e-05 1.09354e-05 7.20446e-06 4.6632e-06 2.96485e-06 1.85134e-06 1.13518e-06 6.83418e-07 4.03923e-07 2.3435e-07 1.33462e-07 7.4603e-08 4.09313e-08 2.20422e-08 1.16511e-08 6.04514e-09 3.07896e-09 1.53957e-09 7.55893e-10 3.64574e-10 1.73073e-10 8.16636e-11 4.02122e-11 
4.79499e-11 5.20395e-11 9.24308e-11 1.94721e-10 4.20213e-10 8.96913e-10 1.88001e-09 3.86431e-09 7.78634e-09 1.53779e-08 2.97674e-08 5.64746e-08 1.05011e-07 1.9138e-07 3.4187e-07 5.9863e-07 1.02763e-06 1.72961e-06 2.85474e-06 4.62132e-06 7.33902e-06 1.14362e-05 1.74905e-05 2.6261e-05 3.87196e-05 5.6076e-05 7.97943e-05 0.000111592 0.00015342 0.000207409 0.000275788 0.000360769 0.000464393 0.00058835 0.000733782 0.000901089 0.00108975 0.00129817 0.00152364 0.00176234 0.00200942 0.0022592 0.00250546 0.00274172 0.00296158 0.00315903 0.00332871 0.00346608 0.00356753 0.00363047 0.00365331 0.0036355 0.00357747 0.0034807 0.00334767 0.00318191 0.00298787 0.00277085 0.00253682 0.00229215 0.00204328 0.00179645 0.00155735 0.00133087 0.0011209 0.00093024 0.000760573 0.000612533 0.000485832 0.000379435 0.000291746 0.000220805 0.000164462 0.000120526 8.68891e-05 6.16055e-05 4.29482e-05 2.94334e-05 1.98249e-05 1.31207e-05 8.53083e-06 5.44787e-06 3.41655e-06 2.1038e-06 1.2718e-06 7.54716e-07 4.39601e-07 2.51314e-07 1.41007e-07 7.7647e-08 4.19634e-08 2.22582e-08 1.15879e-08 5.92164e-09 2.9706e-09 1.46313e-09 7.07893e-10 3.37116e-10 1.59617e-10 7.89729e-11 
9.31894e-11 1.01779e-10 1.80747e-10 3.79599e-10 8.16208e-10 1.73562e-09 3.62418e-09 7.42054e-09 1.48929e-08 2.92951e-08 5.64746e-08 1.06695e-07 1.97546e-07 3.58452e-07 6.37463e-07 1.11115e-06 1.89857e-06 3.18035e-06 5.22378e-06 8.41468e-06 1.32961e-05 2.06132e-05 3.13627e-05 4.68433e-05 6.8702e-05 9.89709e-05 0.000140085 0.000194873 0.000266509 0.000358425 0.000474162 0.000617179 0.000790603 0.000996943 0.00123778 0.00151348 0.0018229 0.00216322 0.00252986 0.00291649 0.00331523 0.003717 0.00411189 0.00448968 0.00484037 0.00515461 0.00542409 0.00564183 0.00580232 0.00590161 0.00593729 0.00590851 0.00581598 0.00566193 0.0054502 0.00518617 0.00487673 0.00453011 0.00415559 0.00376314 0.00336293 0.00296484 0.00257799 0.00221028 0.0018681 0.00155613 0.00127733 0.00103296 0.000822825 0.000645492 0.000498593 0.000379125 0.000283728 0.000208933 0.000151353 0.000107832 7.55386e-05 5.20172e-05 3.52026e-05 2.34073e-05 1.52891e-05 9.80794e-06 6.17813e-06 3.82077e-06 2.31953e-06 1.38215e-06 8.08305e-07 4.63914e-07 2.61291e-07 1.44421e-07 7.83356e-08 4.16989e-08 2.17846e-08 1.11703e-08 5.62228e-09 2.77823e-09 1.34849e-09 6.44266e-10 3.06133e-10 1.52202e-10 
1.77733e-10 1.95294e-10 3.46678e-10 7.25736e-10 1.55465e-09 3.29322e-09 6.84986e-09 1.39696e-08 2.79237e-08 5.47015e-08 1.05011e-07 1.97546e-07 3.64161e-07 6.57841e-07 1.16458e-06 2.02054e-06 3.43607e-06 5.72806e-06 9.36208e-06 1.50051e-05 2.35883e-05 3.63794e-05 5.50589e-05 8.17967e-05 0.00011932 0.000170958 0.000240662 0.000332969 0.000452914 0.000605867 0.000797295 0.00103244 0.00131593 0.00165133 0.00204071 0.00248413 0.00297935 0.0035215 0.00410301 0.00471372 0.00534118 0.00597118 0.00658841 0.0071772 0.00772231 0.0082096 0.00862659 0.00896286 0.00921022 0.00936282 0.00941714 0.00937193 0.00922823 0.00898939 0.0086611 0.00825139 0.0077706 0.00723111 0.00664696 0.00603335 0.00540586 0.00477978 0.0041693 0.00358687 0.00304272 0.0025445 0.00209722 0.00170332 0.0013629 0.00107413 0.000833634 0.000636965 0.00047904 0.000354512 0.000258095 0.000184799 0.000130099 9.00297e-05 6.12242e-05 4.09052e-05 2.68443e-05 1.73001e-05 1.09469e-05 6.79989e-06 4.14595e-06 2.48089e-06 1.45685e-06 8.39496e-07 4.74686e-07 2.63374e-07 1.43392e-07 7.66081e-08 4.01652e-08 2.06671e-08 1.04379e-08 5.17515e-09 2.52021e-09 1.20809e-09 5.76146e-10 2.87872e-10 
3.32666e-10 3.67649e-10 6.52221e-10 1.36079e-09 2.90391e-09 6.12723e-09 1.26938e-08 2.57828e-08 5.13246e-08 1.00121e-07 1.9138e-07 3.58452e-07 6.57841e-07 1.18297e-06 2.08452e-06 3.59956e-06 6.09179e-06 1.01053e-05 1.64334e-05 2.6204e-05 4.09788e-05 6.28654e-05 9.4633e-05 0.000139823 0.000202843 0.000289018 0.000404595 0.000556666 0.000753003 0.00100178 0.00131117 0.00168886 0.00214147 0.00267383 0.00328836 0.00398441 0.00475776 0.00560027 0.00649979 0.00744043 0.00840301 0.00936594 0.0103062 0.0112003 0.0120259 0.012762 0.0133906 0.0138965 0.0142678 0.0144963 0.0145769 0.0145078 0.0142905 0.01393 0.0134342 0.012815 0.0120873 0.0112692 0.0103813 0.00944627 0.00848723 0.00752718 0.00658766 0.00568778 0.00484347 0.00406694 0.00336647 0.00274647 0.00220784 0.00174842 0.00136364 0.00104717 0.000791552 0.000588791 0.00043086 0.000310084 0.000219413 0.000152603 0.000104294 7.0023e-05 4.61744e-05 2.98983e-05 1.9006e-05 1.18594e-05 7.26269e-06 4.36466e-06 2.57385e-06 1.48926e-06 8.45472e-07 4.70941e-07 2.57383e-07 1.38025e-07 7.26309e-08 3.75067e-08 1.90092e-08 9.45736e-09 4.62123e-09 2.22284e-09 1.06407e-09 5.34363e-10 
6.11103e-10 6.79079e-10 1.20366e-09 2.5026e-09 5.31955e-09 1.11792e-08 2.30656e-08 4.66553e-08 9.24828e-08 1.79635e-07 3.4187e-07 6.37463e-07 1.16458e-06 2.08452e-06 3.65582e-06 6.28248e-06 1.05801e-05 1.74627e-05 2.82531e-05 4.48165e-05 6.97142e-05 0.000106372 0.000159247 0.000233987 0.000337542 0.00047822 0.000665652 0.000910632 0.00122482 0.0016203 0.00210893 0.0027016 0.00340735 0.0042324 0.00517917 0.00624546 0.00742376 0.00870085 0.0100578 0.0114703 0.0129098 0.0143442 0.0157398 0.0170628 0.0182807 0.0193639 0.0202867 0.0210279 0.0215709 0.0219041 0.0220205 0.0219179 0.0215982 0.0210682 0.0203393 0.0194279 0.0183551 0.0171465 0.0158319 0.0144433 0.0130147 0.0115795 0.0101695 0.00881342 0.00753534 0.00635423 0.00528338 0.00433053 0.00349812 0.00278404 0.00218244 0.00168465 0.0012801 0.000957225 0.000704172 0.000509452 0.000362369 0.000253333 0.000174019 0.000117423 7.7812e-05 5.0627e-05 3.2335e-05 2.02696e-05 1.24692e-05 7.52665e-06 4.4576e-06 2.59008e-06 1.47647e-06 8.25725e-07 4.53058e-07 2.43892e-07 1.28823e-07 6.67693e-08 3.39623e-08 1.69566e-08 8.31458e-09 4.01346e-09 1.92865e-09 9.7355e-10 
1.10183e-09 1.23077e-09 2.17914e-09 4.5145e-09 9.55751e-09 2.0003e-08 4.10996e-08 8.27808e-08 1.63386e-07 3.15961e-07 5.9863e-07 1.11115e-06 2.02054e-06 3.59956e-06 6.28248e-06 1.07434e-05 1.80019e-05 2.9561e-05 4.75784e-05 7.50713e-05 0.000116147 0.000176247 0.000262384 0.00038335 0.000549844 0.000774508 0.00107181 0.00145773 0.00194929 0.0025638 0.0033179 0.00422647 0.00530131 0.0065498 0.00797365 0.00956773 0.0113193 0.0132074 0.0152035 0.0172715 0.0193695 0.0214517 0.02347 0.0253768 0.0271269 0.0286793 0.0299986 0.0310559 0.031829 0.0323021 0.0324661 0.0323178 0.03186 0.0311017 0.0300584 0.0287522 0.0272121 0.0254734 0.0235769 0.0215679 0.0194938 0.0174023 0.0153392 0.0133461 0.0114587 0.00970556 0.00810761 0.00667772 0.00542127 0.00433692 0.00341771 0.0026523 0.00202628 0.00152342 0.00112677 0.000819595 0.000586093 0.000411906 0.000284422 0.000192903 0.000128473 8.40008e-05 5.39094e-05 3.39533e-05 2.09833e-05 1.27231e-05 7.56835e-06 4.41652e-06 2.52824e-06 1.41976e-06 7.8213e-07 4.227e-07 2.24131e-07 1.16607e-07 5.95321e-08 2.9831e-08 1.46799e-08 7.11162e-09 3.43098e-09 1.74101e-09 
1.95006e-09 2.18899e-09 3.87062e-09 7.98892e-09 1.68436e-08 3.51045e-08 7.18212e-08 1.44033e-07 2.83028e-07 5.44875e-07 1.02763e-06 1.89857e-06 3.43607e-06 6.09179e-06 1.05801e-05 1.80019e-05 3.00107e-05 4.90245e-05 7.8487e-05 0.000123172 0.000189519 0.000285979 0.00042333 0.000614935 0.00087687 0.00122789 0.00168915 0.0022837 0.00303564 0.00396901 0.00510636 0.00646717 0.00806601 0.0099108 0.0120011 0.0143268 0.016867 0.0195898 0.0224529 0.0254043 0.0283847 0.0313298 0.0341734 0.0368504 0.0392994 0.0414657 0.0433021 0.0447707 0.0458422 0.0464965 0.0467214 0.0465131 0.0458751 0.0448192 0.0433657 0.0415434 0.0393907 0.0369545 0.0342898 0.0314578 0.0285235 0.0255528 0.0226095 0.0197526 0.0170334 0.0144942 0.0121665 0.0100714 0.00821897 0.00661017 0.00523752 0.00408699 0.0031397 0.00237369 0.00176542 0.00129124 0.000928426 0.000656027 0.000455402 0.000310483 0.000207843 0.00013658 8.80855e-05 5.57455e-05 3.46135e-05 2.10844e-05 1.25987e-05 7.38441e-06 4.24544e-06 2.39413e-06 1.32435e-06 7.18637e-07 3.82556e-07 1.99802e-07 1.02393e-07 5.14995e-08 2.54362e-08 1.23681e-08 5.99114e-09 3.05639e-09 
3.38807e-09 3.82083e-09 6.74581e-09 1.387e-08 2.91204e-08 6.04316e-08 1.23102e-07 2.45783e-07 4.80798e-07 9.2138e-07 1.72961e-06 3.18035e-06 5.72806e-06 1.01053e-05 1.74627e-05 2.9561e-05 4.90245e-05 7.96609e-05 0.000126847 0.000197972 0.000302908 0.000454482 0.000668878 0.000965928 0.0013692 0.0019058 0.00260589 0.00350175 0.0046265 0.00601244 0.00768897 0.00968042 0.0120036 0.0146655 0.0176614 0.0209728 0.024567 0.0283968 0.0324012 0.0365074 0.0406336 0.0446924 0.0485952 0.0522554 0.0555928 0.0585361 0.0610248 0.0630104 0.0644562 0.0653369 0.0656375 0.065353 0.0644881 0.0630576 0.0610865 0.0586119 0.0556823 0.0523585 0.048712 0.044823 0.0407779 0.0366651 0.0325712 0.0285774 0.0247557 0.0211666 0.0178568 0.0148589 0.0121913 0.00985901 0.00785554 0.00616469 0.00476288 0.00362143 0.00270877 0.00199242 0.00144061 0.00102356 0.000714401 0.000489666 0.000329511 0.000217645 0.000141073 8.97189e-05 5.59767e-05 3.42584e-05 2.0565e-05 1.21081e-05 6.99194e-06 3.96001e-06 2.19982e-06 1.19864e-06 6.40667e-07 3.35937e-07 1.72829e-07 8.72574e-08 4.32595e-08 2.11143e-08 1.02702e-08 5.26773e-09 
5.77932e-09 6.5459e-09 1.15371e-08 2.36282e-08 4.93957e-08 1.02061e-07 2.06984e-07 4.114e-07 8.01088e-07 1.52801e-06 2.85474e-06 5.22378e-06 9.36208e-06 1.64334e-05 2.82531e-05 4.75784e-05 7.8487e-05 0.000126847 0.000200875 0.000311757 0.000474293 0.000707512 0.00103516 0.00148597 0.00209364 0.00289638 0.003936 0.00525643 0.00690178 0.00891391 0.0113296 0.0141776 0.0174754 0.0212266 0.0254187 0.0300206 0.0349829 0.0402373 0.0456986 0.0512678 0.056835 0.0622853 0.067503 0.0723771 0.0768055 0.0806988 0.0839819 0.0865951 0.088494 0.0896479 0.0900391 0.0896617 0.0885212 0.0866353 0.0840344 0.0807635 0.0768826 0.0724672 0.0676072 0.0624049 0.0569712 0.0514212 0.0458694 0.0404242 0.0351841 0.030233 0.0256384 0.0214493 0.0176962 0.0143921 0.0115336 0.00910381 0.00707483 0.00541079 0.00407078 0.00301155 0.00218993 0.00156473 0.00109818 0.000756819 0.000512011 0.000339961 0.000221489 0.00014157 8.87621e-05 5.45853e-05 3.29218e-05 1.94729e-05 1.12957e-05 6.42582e-06 3.58505e-06 1.96171e-06 1.05288e-06 5.54328e-07 2.86319e-07 1.4512e-07 7.22224e-08 3.53872e-08 1.72853e-08 8.91453e-09 
9.67984e-09 1.10085e-08 1.93655e-08 3.95011e-08 8.22196e-08 1.6913e-07 3.41459e-07 6.75575e-07 1.30936e-06 2.48561e-06 4.62132e-06 8.41468e-06 1.50051e-05 2.6204e-05 4.48165e-05 7.50713e-05 0.000123172 0.000197972 0.000311757 0.000481092 0.000727681 0.00107912 0.00156942 0.00223926 0.00313563 0.00431099 0.00582171 0.00772582 0.0100801 0.0129369 0.0163398 0.0203206 0.0248947 0.0300585 0.0357864 0.0420294 0.0487148 0.0557472 0.0630111 0.0703748 0.0776958 0.0848268 0.0916218 0.0979428 0.103664 0.108678 0.112894 0.116241 0.118669 0.12014 0.120636 0.12015 0.118687 0.116268 0.112928 0.108721 0.103716 0.0980052 0.0916972 0.0849179 0.0778057 0.0705058 0.0631647 0.0559238 0.0489132 0.042247 0.0360193 0.0303018 0.0251428 0.0205676 0.0165801 0.0131653 0.0102924 0.00791871 0.00599306 0.00445981 0.00326199 0.00234414 0.0016545 0.00114655 0.000779912 0.000520611 0.000340963 0.000219054 0.000138035 8.53042e-05 5.16973e-05 3.07229e-05 1.79038e-05 1.02311e-05 5.73339e-06 3.15087e-06 1.6983e-06 8.97842e-07 4.65634e-07 2.36944e-07 1.18383e-07 5.82338e-08 2.85671e-08 1.48145e-08 
1.59212e-08 1.81755e-08 3.19069e-08 6.48156e-08 1.34315e-07 2.75053e-07 5.52776e-07 1.08858e-06 2.09981e-06 3.96689e-06 7.33902e-06 1.32961e-05 2.35883e-05 4.09788e-05 6.97142e-05 0.000116147 0.000189519 0.000302908 0.000474293 0.000727681 0.00109419 0.00161294 0.00233157 0.00330623 0.00460085 0.00628557 0.00843428 0.0111213 0.0144172 0.0183844 0.023072 0.0285115 0.0347119 0.0416566 0.0493004 0.0575693 0.0663601 0.0755432 0.0849661 0.0944594 0.103843 0.112934 0.121555 0.129538 0.136736 0.143022 0.148291 0.152464 0.155484 0.157311 0.157923 0.157313 0.155489 0.152471 0.148298 0.143031 0.136749 0.129557 0.121583 0.112977 0.103905 0.0945459 0.0850804 0.0756875 0.0665349 0.057773 0.0495295 0.0419061 0.0349757 0.0287826 0.0233432 0.0186487 0.0146685 0.0113544 0.00864547 0.00647234 0.00476214 0.00344223 0.00244355 0.00170296 0.00116484 0.000781801 0.000514763 0.000332448 0.000210564 0.000130782 7.96488e-05 4.75624e-05 2.7848e-05 1.59873e-05 8.99959e-06 4.96775e-06 2.68917e-06 1.42771e-06 7.43495e-07 3.7987e-07 1.90549e-07 9.41086e-08 4.6367e-08 2.41795e-08 
2.57189e-08 2.94644e-08 5.16094e-08 1.04401e-07 2.15382e-07 4.39063e-07 8.78313e-07 1.72151e-06 3.30474e-06 6.21257e-06 1.14362e-05 2.06132e-05 3.63794e-05 6.28654e-05 0.000106372 0.000176247 0.000285979 0.000454482 0.000707512 0.00107912 0.00161294 0.00236319 0.00339505 0.00478421 0.00661546 0.00898008 0.0119721 0.0156836 0.0201991 0.0255893 0.0319055 0.0391737 0.0473901 0.0565171 0.0664824 0.0771778 0.088462 0.100164 0.112088 0.124023 0.135748 0.147042 0.157697 0.167518 0.176335 0.184006 0.190417 0.195481 0.199137 0.201345 0.202081 0.201338 0.199125 0.195461 0.19039 0.183972 0.176296 0.167477 0.157661 0.147017 0.13574 0.124041 0.112138 0.100251 0.088588 0.0773433 0.0666852 0.0567528 0.0476522 0.0394547 0.0321967 0.0258821 0.0204852 0.0159557 0.0122241 0.00920753 0.0068156 0.00495594 0.00353875 0.00248046 0.00170628 0.00115157 0.000762368 0.000494991 0.000315158 0.00019675 0.000120427 7.22671e-05 4.25166e-05 2.45235e-05 1.38684e-05 7.68984e-06 4.18105e-06 2.22931e-06 1.16582e-06 5.98096e-07 3.01227e-07 1.49375e-07 7.39211e-08 3.87645e-08 
4.08083e-08 4.69047e-08 8.19638e-08 1.65105e-07 3.39083e-07 6.88069e-07 1.37002e-06 2.67248e-06 5.10535e-06 9.5499e-06 1.74905e-05 3.13627e-05 5.50589e-05 9.4633e-05 0.000159247 0.000262384 0.00042333 0.000668878 0.00103516 0.00156942 0.00233157 0.00339505 0.00484698 0.00678695 0.00932458 0.0125755 0.0166557 0.0216754 0.0277313 0.034899 0.043226 0.0527258 0.0633724 0.0750984 0.0877938 0.101307 0.115452 0.130007 0.14473 0.159364 0.173648 0.187325 0.200156 0.211924 0.222442 0.231558 0.23915 0.245131 0.249439 0.252035 0.252897 0.252019 0.249406 0.245081 0.239082 0.231472 0.222342 0.211813 0.200041 0.187214 0.173551 0.159292 0.144691 0.13001 0.115501 0.101407 0.0879434 0.0752949 0.06361 0.0529967 0.043521 0.0352077 0.0280434 0.0219811 0.0169463 0.0128439 0.00956586 0.006998 0.00502673 0.00354416 0.00245205 0.00166427 0.00110791 0.000723263 0.000462957 0.000290531 0.00017874 0.000107798 6.37312e-05 3.69363e-05 2.0986e-05 1.16897e-05 6.38425e-06 3.41891e-06 1.79554e-06 9.24989e-07 4.67768e-07 2.32913e-07 1.15773e-07 6.10527e-08 
6.36078e-08 7.33324e-08 1.27828e-07 2.56395e-07 5.24189e-07 1.0588e-06 2.0983e-06 4.07352e-06 7.74369e-06 1.44125e-05 2.6261e-05 4.68433e-05 8.17967e-05 0.000139823 0.000233987 0.00038335 0.000614935 0.000965928 0.00148597 0.00223926 0.00330623 0.00478421 0.00678695 0.00944237 0.0128886 0.0172678 0.0227189 0.0293687 0.0373221 0.0466537 0.0573991 0.0695489 0.0830443 0.0977763 0.113586 0.130271 0.147589 0.165265 0.183009 0.200515 0.217486 0.233632 0.24869 0.262427 0.274648 0.285195 0.293948 0.300824 0.305764 0.308736 0.30972 0.30871 0.305712 0.300743 0.293839 0.285056 0.274482 0.26224 0.248488 0.233425 0.217286 0.200335 0.18286 0.16516 0.147536 0.130277 0.113654 0.0979048 0.0832299 0.0697847 0.0576759 0.0469601 0.037646 0.0296978 0.0230418 0.0175744 0.0131709 0.00969472 0.0070061 0.00496924 0.00345818 0.00236068 0.0015804 0.00103744 0.000667664 0.000421225 0.000260495 0.000157904 9.38199e-05 5.46394e-05 3.11919e-05 1.74553e-05 9.57619e-06 5.1509e-06 2.71677e-06 1.40544e-06 7.13659e-07 3.56815e-07 1.78153e-07 9.44744e-08 
9.74059e-08 1.12612e-07 1.95794e-07 3.91041e-07 7.95851e-07 1.60013e-06 3.15619e-06 6.0978e-06 1.15347e-05 2.13601e-05 3.87196e-05 6.8702e-05 0.00011932 0.000202843 0.000337542 0.000549844 0.00087687 0.0013692 0.00209364 0.00313563 0.00460085 0.00661546 0.00932458 0.0128886 0.0174768 0.0232594 0.0303968 0.0390286 0.0492621 0.0611614 0.0747391 0.0899508 0.106692 0.124799 0.144054 0.164192 0.184911 0.20588 0.226756 0.247196 0.266864 0.285451 0.302677 0.318304 0.332135 0.344018 0.353845 0.361539 0.367055 0.370366 0.371459 0.370331 0.366985 0.361431 0.353697 0.34383 0.331907 0.318042 0.302388 0.285145 0.266555 0.246898 0.226485 0.205649 0.184734 0.164079 0.144011 0.12483 0.106796 0.0901228 0.0749711 0.0614421 0.0495785 0.0393663 0.0307414 0.0235975 0.017797 0.0131819 0.00958492 0.00683957 0.00478815 0.0032877 0.00221365 0.00146131 0.000945644 0.000599822 0.000372903 0.000227211 0.00013568 7.94071e-05 4.55488e-05 2.5609e-05 1.41135e-05 7.6252e-06 4.03921e-06 2.09837e-06 1.06992e-06 5.3715e-07 2.69391e-07 1.43653e-07 
1.4656e-07 1.69877e-07 2.94577e-07 5.85816e-07 1.18689e-06 2.37539e-06 4.6634e-06 8.96643e-06 1.68775e-05 3.1096e-05 5.6076e-05 9.89709e-05 0.000170958 0.000289018 0.00047822 0.000774508 0.00122789 0.0019058 0.00289638 0.00431099 0.00628557 0.00898008 0.0125755 0.0172678 0.0232594 0.0307474 0.0399106 0.0508949 0.0638004 0.0786691 0.0954771 0.11413 0.134463 0.156246 0.179191 0.202963 0.227196 0.251503 0.275496 0.298793 0.321039 0.34191 0.361125 0.378451 0.393703 0.406746 0.417488 0.425871 0.431866 0.435458 0.436643 0.435418 0.431783 0.425743 0.417312 0.406519 0.393426 0.378126 0.36076 0.341515 0.320627 0.29838 0.275098 0.251139 0.226881 0.202712 0.179014 0.156153 0.134456 0.114208 0.095635 0.0788971 0.0640854 0.0512214 0.0402616 0.0311063 0.0236109 0.017599 0.0128767 0.00924501 0.00651124 0.00449737 0.00304576 0.00202208 0.00131585 0.000839204 0.000524512 0.000321254 0.000192816 0.000113407 6.53663e-05 3.69241e-05 2.04428e-05 1.1094e-05 5.90217e-06 3.07911e-06 1.57645e-06 7.94725e-07 4.00345e-07 2.14663e-07 
2.1669e-07 2.51758e-07 4.35388e-07 8.62164e-07 1.73897e-06 3.46444e-06 6.76972e-06 1.2954e-05 2.42635e-05 4.44788e-05 7.97943e-05 0.000140085 0.000240662 0.000404595 0.000665652 0.00107181 0.00168915 0.00260589 0.003936 0.00582171 0.00843428 0.0119721 0.0166557 0.0227189 0.0303968 0.0399106 0.0514509 0.065161 0.081121 0.0993366 0.119731 0.142145 0.166339 0.192002 0.218768 0.246228 0.273952 0.3015 0.328446 0.354384 0.378949 0.401819 0.422725 0.441454 0.457847 0.471795 0.483233 0.492129 0.498473 0.502268 0.503518 0.502225 0.498385 0.491991 0.483042 0.471546 0.457538 0.441087 0.422305 0.401353 0.378451 0.353869 0.32793 0.301004 0.273495 0.245828 0.218441 0.191762 0.166194 0.142101 0.119785 0.0994828 0.0813478 0.0654526 0.0517889 0.0402754 0.0307692 0.0230818 0.0169951 0.0122778 0.00870008 0.00604529 0.00411817 0.00274982 0.00179951 0.001154 0.000725149 0.000446476 0.000269346 0.00015921 9.22123e-05 5.23349e-05 2.91078e-05 1.58667e-05 8.47782e-06 4.44139e-06 2.28325e-06 1.15576e-06 5.84792e-07 3.1527e-07 
3.14841e-07 3.66583e-07 6.3224e-07 1.2467e-06 2.50346e-06 4.96503e-06 9.65718e-06 1.83916e-05 3.42802e-05 6.25259e-05 0.000111592 0.000194873 0.000332969 0.000556666 0.000910632 0.00145773 0.0022837 0.00350175 0.00525643 0.00772582 0.0111213 0.0156836 0.0216754 0.0293687 0.0390286 0.0508949 0.065161 0.0819545 0.101321 0.123213 0.147484 0.173893 0.20211 0.231738 0.262322 0.293382 0.324425 0.354968 0.384558 0.412782 0.439278 0.463744 0.485941 0.505689 0.522867 0.537404 0.54927 0.558465 0.565005 0.568909 0.570196 0.568868 0.56492 0.558331 0.549082 0.537154 0.522552 0.505307 0.485494 0.463238 0.438722 0.41219 0.383948 0.354358 0.323836 0.292836 0.261841 0.231339 0.20181 0.173702 0.147407 0.123249 0.101461 0.0821853 0.0654634 0.0512472 0.0394081 0.0297538 0.0220474 0.0160277 0.0114274 0.00798845 0.00547418 0.0036765 0.0024196 0.00156026 0.000985742 0.000610124 0.00036996 0.000219774 0.000127908 7.29359e-05 4.07511e-05 2.23119e-05 1.19728e-05 6.29846e-06 3.25111e-06 1.65237e-06 8.3972e-07 4.55129e-07 
4.49574e-07 5.24488e-07 9.02107e-07 1.77148e-06 3.54177e-06 6.99313e-06 1.354e-05 2.56655e-05 4.76076e-05 8.64034e-05 0.00015342 0.000266509 0.000452914 0.000753003 0.00122482 0.00194929 0.00303564 0.0046265 0.00690178 0.0100801 0.0144172 0.0201991 0.0277313 0.0373221 0.0492621 0.0638004 0.081121 0.101321 0.124394 0.150222 0.178569 0.209099 0.241382 0.274921 0.309179 0.343602 0.377645 0.410795 0.442588 0.472619 0.500552 0.526121 0.54913 0.56945 0.587008 0.60178 0.613779 0.62304 0.629607 0.633522 0.634812 0.633487 0.629534 0.622923 0.613611 0.601552 0.586713 0.569084 0.548691 0.52561 0.499975 0.471987 0.441915 0.410099 0.376946 0.342925 0.308549 0.274361 0.240915 0.208744 0.178339 0.150121 0.124421 0.101465 0.0813634 0.0641191 0.0496317 0.0377168 0.0281275 0.0205769 0.0147619 0.0103823 0.00715699 0.00483471 0.00319997 0.00207494 0.001318 0.000820072 0.000499812 0.000298389 0.000174499 9.99685e-05 5.6108e-05 3.08548e-05 1.66272e-05 8.78298e-06 4.55173e-06 2.32267e-06 1.18543e-06 6.4587e-07 
6.30949e-07 7.37403e-07 1.26486e-06 2.47373e-06 4.92476e-06 9.68155e-06 1.86617e-05 3.52112e-05 6.50044e-05 0.0001174 0.000207409 0.000358425 0.000605867 0.00100178 0.0016203 0.0025638 0.00396901 0.00601244 0.00891391 0.0129369 0.0183844 0.0255893 0.034899 0.0466537 0.0611614 0.0786691 0.0993366 0.123213 0.150222 0.180153 0.212671 0.247325 0.28358 0.32084 0.358482 0.395891 0.432484 0.467732 0.501181 0.532452 0.561253 0.587372 0.610674 0.631088 0.648602 0.663246 0.675077 0.684169 0.690596 0.69442 0.695683 0.694396 0.690543 0.684082 0.674946 0.663061 0.648355 0.630769 0.610277 0.586895 0.560697 0.531822 0.500486 0.466989 0.43171 0.395111 0.357723 0.32013 0.28295 0.246801 0.212273 0.179897 0.150111 0.123244 0.0994943 0.0789317 0.0615019 0.0470429 0.0353084 0.0259938 0.0187639 0.0132774 0.00920733 0.006256 0.00416422 0.00271514 0.00173394 0.00108452 0.000664348 0.000398572 0.000234199 0.00013479 7.59897e-05 4.19686e-05 2.27107e-05 1.20449e-05 6.26676e-06 3.21037e-06 1.64538e-06 9.01048e-07 
8.70349e-07 1.01884e-06 1.74291e-06 3.39515e-06 6.7311e-06 1.31766e-05 2.52879e-05 4.74993e-05 8.72829e-05 0.000156881 0.000275788 0.000474162 0.000797295 0.00131117 0.00210893 0.0033179 0.00510636 0.00768897 0.0113296 0.0163398 0.023072 0.0319055 0.043226 0.0573991 0.0747391 0.0954771 0.119731 0.147484 0.178569 0.212671 0.249333 0.28799 0.327992 0.368645 0.409254 0.449154 0.48774 0.524489 0.558974 0.590866 0.619934 0.646034 0.669103 0.689142 0.706202 0.720369 0.73175 0.740455 0.746588 0.75023 0.751435 0.750219 0.746561 0.740406 0.731669 0.720245 0.706023 0.688897 0.668782 0.645628 0.619439 0.590281 0.558303 0.523741 0.486931 0.448306 0.408396 0.367807 0.32721 0.287299 0.248764 0.212246 0.178304 0.147381 0.119781 0.0956613 0.0750303 0.0577657 0.0436354 0.0323273 0.0234807 0.016716 0.0116607 0.00796885 0.0053343 0.00349716 0.00224527 0.00141161 0.000869052 0.000523915 0.000309297 0.00017882 0.000101254 5.61587e-05 3.05136e-05 1.62472e-05 8.48559e-06 4.36368e-06 2.24565e-06 1.23586e-06 
1.1801e-06 1.38346e-06 2.36039e-06 4.58029e-06 9.0442e-06 1.76318e-05 3.36952e-05 6.30145e-05 0.00011527 0.000206217 0.000360769 0.000617179 0.00103244 0.00168886 0.0027016 0.00422647 0.00646717 0.00968042 0.0141776 0.0203206 0.0285115 0.0391737 0.0527258 0.0695489 0.0899508 0.11413 0.142145 0.173893 0.209099 0.247325 0.28799 0.330402 0.373801 0.417406 0.460459 0.502265 0.542217 0.57982 0.614695 0.646581 0.675322 0.700858 0.723204 0.742438 0.758675 0.772061 0.782747 0.79088 0.796588 0.799973 0.801095 0.799976 0.796591 0.790875 0.782724 0.772009 0.758581 0.742287 0.722983 0.700554 0.674924 0.646082 0.614091 0.579114 0.541419 0.501393 0.45954 0.416472 0.372892 0.329559 0.287254 0.24673 0.208669 0.17364 0.142068 0.114215 0.0901724 0.0698749 0.0531203 0.0396016 0.0289415 0.0207278 0.0145443 0.00999648 0.00672892 0.00443537 0.0028626 0.00180889 0.00111912 0.000677884 0.000402035 0.000233467 0.000132763 7.39384e-05 4.03339e-05 2.15585e-05 1.13016e-05 5.83339e-06 3.01395e-06 1.66661e-06 
1.57287e-06 1.84633e-06 3.14197e-06 6.07427e-06 1.19477e-05 2.31998e-05 4.41546e-05 8.22262e-05 0.000149756 0.000266698 0.000464393 0.000790603 0.00131593 0.00214147 0.00340735 0.00530131 0.00806601 0.0120036 0.0174754 0.0248947 0.0347119 0.0473901 0.0633724 0.0830443 0.106692 0.134463 0.166339 0.20211 0.241382 0.28358 0.327992 0.373801 0.420145 0.466169 0.511072 0.554147 0.59481 0.632613 0.667247 0.698532 0.726402 0.750886 0.772085 0.790151 0.805266 0.817626 0.827427 0.834845 0.840032 0.843101 0.844122 0.843118 0.840064 0.834885 0.827465 0.817651 0.805262 0.790104 0.77198 0.750704 0.726128 0.69815 0.666748 0.631991 0.594068 0.553297 0.510135 0.465179 0.419142 0.372831 0.327104 0.28282 0.240783 0.201698 0.16612 0.134431 0.106825 0.0833118 0.0637365 0.0478114 0.035154 0.0253268 0.0178743 0.0123546 0.00836178 0.00554096 0.00359456 0.00228273 0.00141907 0.00086356 0.000514446 0.000300035 0.000171327 9.57967e-05 5.2459e-05 2.81434e-05 1.48068e-05 7.67004e-06 3.97811e-06 2.20987e-06 
2.06079e-06 2.42191e-06 4.11112e-06 7.91951e-06 1.55191e-05 3.00199e-05 5.69107e-05 0.00010555 0.000191426 0.000339421 0.00058835 0.000996943 0.00165133 0.00267383 0.0042324 0.0065498 0.0099108 0.0146655 0.0212266 0.0300585 0.0416566 0.0565171 0.0750984 0.0977763 0.124799 0.156246 0.192002 0.231738 0.274921 0.32084 0.368645 0.417406 0.466169 0.514023 0.560144 0.60384 0.644568 0.681952 0.715765 0.745924 0.772459 0.795492 0.815208 0.831831 0.845603 0.856769 0.865557 0.872168 0.87677 0.879488 0.880395 0.879518 0.876829 0.872249 0.865651 0.856867 0.84569 0.831891 0.815223 0.795442 0.772324 0.745683 0.7154 0.681449 0.643922 0.603054 0.559235 0.513018 0.46511 0.416342 0.367631 0.319929 0.274161 0.231163 0.191632 0.156083 0.124828 0.0979685 0.0754163 0.0569185 0.0421001 0.0305079 0.0216531 0.015049 0.0102399 0.00682064 0.00444688 0.00283766 0.00177227 0.00108335 0.000648178 0.000379606 0.000217633 0.000122157 6.71424e-05 3.61495e-05 1.90849e-05 9.92018e-06 5.16412e-06 2.88133e-06 
2.65441e-06 3.1228e-06 5.288e-06 1.01519e-05 1.98229e-05 3.82056e-05 7.21571e-05 0.000133307 0.000240791 0.000425166 0.000733782 0.00123778 0.00204071 0.00328836 0.00517917 0.00797365 0.0120011 0.0176614 0.0254187 0.0357864 0.0493004 0.0664824 0.0877938 0.113586 0.144054 0.179191 0.218768 0.262322 0.309179 0.358482 0.409254 0.460459 0.511072 0.560144 0.606855 0.650547 0.690746 0.727157 0.759655 0.788257 0.813095 0.834381 0.85238 0.867381 0.87968 0.889556 0.897266 0.903028 0.90702 0.909371 0.91016 0.909412 0.9071 0.903143 0.897409 0.889718 0.879847 0.86754 0.852511 0.834463 0.813104 0.788167 0.759441 0.726798 0.690227 0.649863 0.606014 0.559168 0.509998 0.459337 0.408143 0.357444 0.30827 0.26159 0.218244 0.178888 0.143965 0.113689 0.0880505 0.0668502 0.0497343 0.0362447 0.0258668 0.0180738 0.0123619 0.00827538 0.00542147 0.00347573 0.00218055 0.0013387 0.000804288 0.000472917 0.000272172 0.000153335 8.45778e-05 4.56924e-05 2.42028e-05 1.26219e-05 6.59368e-06 3.69435e-06 
3.36144e-06 3.95821e-06 6.68706e-06 1.27961e-05 2.49018e-05 4.78287e-05 9.00098e-05 0.000165675 0.000298108 0.000524274 0.000901089 0.00151348 0.00248413 0.00398441 0.00624546 0.00956773 0.0143268 0.0209728 0.0300206 0.0420294 0.0575693 0.0771778 0.101307 0.130271 0.164192 0.202963 0.246228 0.293382 0.343602 0.395891 0.449154 0.502265 0.554147 0.60384 0.650547 0.693672 0.732821 0.767801 0.798592 0.825319 0.848209 0.867563 0.883714 0.89701 0.907786 0.91635 0.922976 0.927892 0.931279 0.933269 0.93394 0.933318 0.931376 0.928033 0.923156 0.916563 0.90802 0.897253 0.883948 0.867766 0.848356 0.82538 0.798537 0.767601 0.732452 0.693119 0.649809 0.60293 0.553098 0.501123 0.44798 0.394752 0.342563 0.292504 0.245553 0.202517 0.163977 0.130271 0.10149 0.0774994 0.0579823 0.0424876 0.0304838 0.0214099 0.0147168 0.00989934 0.00651554 0.00419585 0.00264368 0.00162974 0.000983047 0.000580235 0.00033516 0.000189486 0.000104871 5.68399e-05 3.02024e-05 1.58e-05 8.28152e-06 4.6584e-06 
