0.00482416 0.00486111 0.00497919 0.00517907 0.00546144 0.0058272 0.00627747 0.00681351 0.00743668 0.00814842 0.00895011 0.00984309 0.0108285 0.0119073 0.0130801 0.0143472 0.0157083 0.0171626 0.0187088 0.0203449 0.022068 0.0238747 0.0257605 0.0277203 0.0297479 0.0318365 0.0339783 0.0361645 0.0383858 0.0406319 0.042892 0.0451545 0.0474074 0.0496382 0.051834 0.0539817 0.0560684 0.0580807 0.0600058 0.0618309 0.0635439 0.065133 0.0665873 0.0678965 0.0690513 0.0700434 0.0708657 0.0715121 0.071978 0.0722599 0.0723557 0.0722648 0.0719879 0.0715271 0.0708856 0.0700684 0.0690814 0.0679317 0.0666276 0.0651785 0.0635945 0.0618866 0.0600665 0.0581465 0.0561391 0.0540574 0.0519143 0.0497231 0.0474967 0.0452479 0.0429892 0.0407327 0.0384897 0.0362712 0.0340873 0.0319474 0.0298602 0.0278335 0.025874 0.0239881 0.0221807 0.0204562 0.0188183 0.0172697 0.0158124 0.0144479 0.0131768 0.0119995 0.0109157 0.00992484 0.00902603 0.00821813 0.00749986 0.00686983 0.00632669 0.00586909 0.00549582 0.0052058 0.00499817 0.00487252 
0.00486111 0.00489836 0.00501735 0.00521877 0.00550329 0.00587183 0.0063255 0.00686558 0.00749344 0.00821051 0.0090182 0.00991783 0.0109106 0.0119974 0.0131788 0.0144552 0.0158262 0.0172911 0.0188485 0.0204963 0.0222318 0.0240514 0.0259506 0.0279242 0.0299661 0.0320694 0.034226 0.0364274 0.038664 0.0409256 0.0432011 0.045479 0.0477471 0.0499929 0.0522034 0.0543655 0.0564659 0.0584916 0.0604294 0.0622665 0.0639907 0.0655902 0.0670539 0.0683716 0.0695339 0.0705324 0.0713599 0.0720105 0.0724793 0.072763 0.0728594 0.0727679 0.0724892 0.0720253 0.0713797 0.0705572 0.0695637 0.0684065 0.0670939 0.0656353 0.0640409 0.0623218 0.0604897 0.0585569 0.0565363 0.0544406 0.0522833 0.0500773 0.0478359 0.0455719 0.0432979 0.0410259 0.0387675 0.0365337 0.0343347 0.0321799 0.0300782 0.0280372 0.026064 0.0241646 0.0223444 0.0206076 0.0189579 0.0173982 0.0159303 0.0145558 0.0132755 0.0120896 0.0109978 0.00999966 0.0090942 0.00828032 0.0075567 0.00692199 0.0063748 0.00591379 0.00553773 0.00524555 0.00503637 0.0049098 
0.00497919 0.00501735 0.00513911 0.00534516 0.00563618 0.0060131 0.00647705 0.00702932 0.0076713 0.00840443 0.00923012 0.0101497 0.0111644 0.012275 0.0134823 0.0147864 0.0161871 0.0176835 0.0192741 0.020957 0.0227291 0.0245869 0.0265257 0.0285402 0.0306242 0.0327705 0.0349711 0.037217 0.0394986 0.0418054 0.0441262 0.0464491 0.0487618 0.0510515 0.0533051 0.0555091 0.05765 0.0597145 0.0616893 0.0635614 0.0653183 0.066948 0.0684393 0.0697816 0.0709656 0.0719827 0.0728257 0.0734883 0.0739657 0.0742546 0.0743527 0.0742593 0.0739753 0.0735026 0.0728448 0.0720068 0.0709945 0.0698155 0.0684781 0.0669918 0.0653671 0.0636153 0.0617482 0.0597784 0.0577188 0.0555827 0.0533834 0.0511345 0.0488492 0.0465406 0.0442216 0.0419044 0.0396009 0.0373221 0.0350787 0.0328801 0.0307354 0.0286524 0.0266384 0.0246995 0.0228412 0.0210679 0.0193833 0.0177903 0.0162911 0.014887 0.013579 0.0123673 0.0112517 0.0102317 0.00930631 0.00847443 0.00773477 0.00708595 0.00652656 0.00605525 0.00567079 0.00537208 0.00515825 0.00502888 
0.00517907 0.00521877 0.00534516 0.00555895 0.00586084 0.00625178 0.00673292 0.00730556 0.00797112 0.00873107 0.00958682 0.0105397 0.011591 0.0127415 0.0139918 0.0153422 0.0167922 0.018341 0.0199871 0.0217283 0.0235614 0.0254826 0.0274873 0.0295699 0.0317238 0.0339417 0.0362152 0.0385351 0.0408913 0.0432732 0.045669 0.0480666 0.0504533 0.0528159 0.0551407 0.057414 0.0596221 0.061751 0.063787 0.065717 0.067528 0.0692077 0.0707445 0.0721278 0.0733477 0.0743956 0.0752639 0.0759465 0.0764382 0.0767356 0.0768365 0.0767401 0.0764473 0.0759601 0.0752821 0.0744184 0.0733751 0.0721599 0.0707815 0.0692495 0.0675746 0.0657686 0.0638435 0.0618123 0.0596883 0.0574851 0.0552165 0.0528962 0.0505381 0.0481557 0.045762 0.0433699 0.0409914 0.0386382 0.0363209 0.0340496 0.0318334 0.0296807 0.0275988 0.0255943 0.0236726 0.0218385 0.0200958 0.0184475 0.016896 0.0154427 0.0140885 0.0128338 0.0116785 0.0106219 0.00966328 0.00880137 0.00803491 0.00736251 0.00678273 0.00629422 0.00589571 0.0055861 0.00536447 0.00523043 
0.00546144 0.00550329 0.00563618 0.00586084 0.00617799 0.00658861 0.00709386 0.00769509 0.00839374 0.0091913 0.0100892 0.0110889 0.0121914 0.0133977 0.0147084 0.0161235 0.0176428 0.019265 0.0209887 0.0228114 0.0247298 0.02674 0.0288368 0.0310145 0.0332661 0.035584 0.0379594 0.0403826 0.0428432 0.0453298 0.0478305 0.0503324 0.0528223 0.0552865 0.0577108 0.0600809 0.0623825 0.0646012 0.0667227 0.0687334 0.0706197 0.0723691 0.0739695 0.0754097 0.0766798 0.0777706 0.0786744 0.0793846 0.0798963 0.0802056 0.0803103 0.0802097 0.0799046 0.0793971 0.0786911 0.0777916 0.0767051 0.0754396 0.0740038 0.072408 0.0706633 0.0687817 0.0667758 0.064659 0.0624452 0.0601483 0.0577829 0.0553632 0.0529035 0.0504179 0.0479201 0.0454233 0.0429402 0.0404828 0.0380624 0.0356895 0.0333735 0.0311233 0.0289465 0.0268501 0.0248398 0.0229206 0.0210965 0.0193709 0.0177461 0.0162238 0.014805 0.0134901 0.0122791 0.0111713 0.010166 0.00926199 0.00845795 0.00775246 0.00714409 0.00663143 0.00621321 0.00588829 0.00565573 0.00551513 
0.0058272 0.00587183 0.0060131 0.00625178 0.00658861 0.00702458 0.00756092 0.008199 0.00894028 0.00978631 0.0107385 0.0117984 0.0129669 0.0142451 0.0156335 0.017132 0.0187402 0.020457 0.0222804 0.024208 0.0262361 0.0283604 0.0305757 0.0328755 0.0352527 0.0376991 0.0402052 0.0427611 0.0453555 0.0479766 0.0506117 0.0532474 0.0558697 0.0584641 0.061016 0.0635102 0.0659316 0.0682653 0.0704964 0.0726104 0.0745933 0.0764319 0.0781136 0.0796269 0.080961 0.0821068 0.0830559 0.0838017 0.0843388 0.0846634 0.084773 0.084667 0.0843462 0.0838128 0.0830708 0.0821255 0.0809837 0.0796536 0.0781446 0.0764671 0.0746329 0.0726544 0.070545 0.0683186 0.0659896 0.0635728 0.0610833 0.0585361 0.0559462 0.0533284 0.0506969 0.0480659 0.0454485 0.0428575 0.0403047 0.0378012 0.0353572 0.0329817 0.0306831 0.0284685 0.0263443 0.0243157 0.0223871 0.020562 0.018843 0.0172319 0.0157299 0.0143375 0.0130548 0.0118811 0.0108157 0.00985744 0.00900497 0.00825686 0.00761164 0.00706788 0.00662425 0.00627959 0.00603295 0.0058839 
0.00627747 0.0063255 0.00647705 0.00673292 0.00709386 0.00756092 0.00813535 0.00881857 0.00961209 0.0105175 0.0115362 0.0126697 0.0139192 0.0152853 0.0167687 0.0183693 0.0200864 0.0219187 0.0238641 0.0259198 0.028082 0.0303459 0.0327057 0.0351548 0.0376853 0.0402884 0.0429542 0.0456719 0.0484296 0.0512147 0.0540138 0.0568125 0.0595961 0.0623494 0.0650566 0.0677019 0.0702693 0.0727431 0.0751075 0.0773473 0.0794478 0.081395 0.0831758 0.0847778 0.08619 0.0874025 0.0884069 0.0891959 0.089764 0.0901071 0.0902227 0.0901102 0.0897702 0.0892053 0.0884195 0.0874185 0.0862094 0.0848008 0.0832025 0.0814257 0.0794825 0.0773862 0.0751507 0.0727907 0.0703215 0.0677587 0.065118 0.0624155 0.0596669 0.0568878 0.0540935 0.0512987 0.0485176 0.0457636 0.0430493 0.0403865 0.037786 0.0352576 0.0328101 0.0304513 0.028188 0.0260257 0.0239693 0.0220225 0.0201882 0.0184686 0.0168648 0.0153776 0.0140071 0.0127527 0.0116138 0.0105891 0.0096773 0.00887698 0.00818662 0.00760474 0.00712998 0.00676115 0.00649724 0.00633784 
0.00681351 0.00686558 0.00702932 0.00730556 0.00769509 0.008199 0.00881857 0.00955528 0.0104107 0.0113864 0.0124839 0.0137047 0.0150498 0.0165201 0.018116 0.0198372 0.0216831 0.023652 0.0257417 0.0279489 0.0302694 0.0326982 0.0352288 0.0378541 0.0405656 0.0433537 0.0462078 0.0491163 0.0520666 0.0550451 0.0580374 0.0610282 0.0640019 0.0669422 0.0698323 0.0726556 0.0753949 0.0780335 0.0805548 0.0829427 0.0851815 0.0872564 0.0891536 0.09086 0.092364 0.0936551 0.0947243 0.0955641 0.0961686 0.0965335 0.0966562 0.0965359 0.0961735 0.0955715 0.0947342 0.0936677 0.0923795 0.0908785 0.0891753 0.0872816 0.0852103 0.0829753 0.0805915 0.0780744 0.0754402 0.0727053 0.0698867 0.0670012 0.0640657 0.0610967 0.0581104 0.0551226 0.0521485 0.0492022 0.0462975 0.0434467 0.0406616 0.0379528 0.0353295 0.0328004 0.0303726 0.0280524 0.0258449 0.0237543 0.0217838 0.0199357 0.0182116 0.0166122 0.0151377 0.0137879 0.0125618 0.0114584 0.0104764 0.00961426 0.00887042 0.00824338 0.00773174 0.00733425 0.00704989 0.00687822 
0.00743668 0.00749344 0.0076713 0.00797112 0.00839374 0.00894028 0.00961209 0.0104107 0.0113377 0.0123947 0.0135834 0.014905 0.0163607 0.0179514 0.0196772 0.0215378 0.0235323 0.025659 0.0279151 0.0302971 0.0328003 0.0354191 0.0381467 0.040975 0.0438949 0.0468961 0.0499671 0.0530953 0.0562672 0.0594681 0.0626826 0.0658944 0.0690866 0.0722418 0.0753422 0.0783699 0.0813066 0.0841345 0.086836 0.0893937 0.0917913 0.0940128 0.0960435 0.0978698 0.099479 0.10086 0.102004 0.102902 0.103548 0.103938 0.104069 0.10394 0.103551 0.102907 0.102011 0.100869 0.0994899 0.0978831 0.0960595 0.0940317 0.0918133 0.0894192 0.0868651 0.0841675 0.0813438 0.0784114 0.0753884 0.0722927 0.0691422 0.0659548 0.0627479 0.0595381 0.0563418 0.0531744 0.0500503 0.0469832 0.0439855 0.0410686 0.0382429 0.0355174 0.0329 0.0303976 0.0280159 0.0257593 0.0236315 0.0216351 0.019772 0.018043 0.0164485 0.0149882 0.0136615 0.0124671 0.0114039 0.0104702 0.00966453 0.00898525 0.00843093 0.0080003 0.00769228 0.00750642 
0.00814842 0.00821051 0.00840443 0.00873107 0.0091913 0.00978631 0.0105175 0.0113864 0.0123947 0.0135441 0.0148362 0.0162724 0.0178537 0.0195809 0.0214541 0.0234728 0.0256359 0.0279413 0.030386 0.032966 0.0356762 0.0385102 0.0414605 0.0445186 0.0476742 0.0509164 0.0542325 0.0576091 0.0610313 0.0644834 0.0679488 0.07141 0.0748488 0.0782465 0.081584 0.084842 0.0880013 0.0910426 0.093947 0.0966962 0.0992725 0.101659 0.10384 0.105801 0.107529 0.109012 0.110239 0.111203 0.111896 0.112314 0.112454 0.112315 0.111897 0.111205 0.110242 0.109016 0.107535 0.105809 0.10385 0.101671 0.0992867 0.0967134 0.0939674 0.0910666 0.0880292 0.0848742 0.0816206 0.0782878 0.0748949 0.0714611 0.068005 0.0645447 0.0610975 0.0576801 0.0543082 0.0509965 0.0477584 0.0446063 0.0415514 0.0386037 0.0357717 0.033063 0.0304838 0.0280391 0.0257331 0.0235686 0.0215477 0.0196717 0.017941 0.0163555 0.0149144 0.0136168 0.0124614 0.0114464 0.0105705 0.00983183 0.00922903 0.00876073 0.00842583 0.00822385 
0.00895011 0.0090182 0.00923012 0.00958682 0.0100892 0.0107385 0.0115362 0.0124839 0.0135834 0.0148362 0.0162441 0.0178084 0.0195303 0.0214102 0.0234483 0.0256438 0.0279954 0.0305005 0.0331559 0.035957 0.0388981 0.0419722 0.0451712 0.0484854 0.0519039 0.0554145 0.0590037 0.0626568 0.0663577 0.0700894 0.073834 0.0775725 0.0812855 0.0849527 0.0885537 0.0920678 0.0954742 0.0987523 0.101882 0.104844 0.107618 0.110188 0.112536 0.114647 0.116506 0.118101 0.119421 0.120457 0.121203 0.121652 0.121802 0.121651 0.121202 0.120457 0.11942 0.1181 0.116506 0.114648 0.112538 0.110192 0.107624 0.104852 0.101893 0.0987662 0.0954917 0.0920893 0.0885796 0.0849832 0.0813209 0.0776131 0.0738799 0.0701407 0.0664143 0.0627187 0.0590708 0.0554865 0.0519805 0.0485662 0.0452558 0.0420601 0.0389887 0.0360496 0.0332499 0.0305952 0.02809 0.0257376 0.0235404 0.0215 0.0196169 0.0178912 0.0163222 0.0149091 0.0136503 0.0125444 0.0115897 0.0107846 0.0101275 0.00961697 0.00925194 0.00903191 
0.00984309 0.00991783 0.0101497 0.0105397 0.0110889 0.0117984 0.0126697 0.0137047 0.014905 0.0162724 0.0178084 0.0195146 0.0213919 0.0234408 0.0256611 0.028052 0.0306117 0.0333375 0.0362254 0.0392705 0.0424664 0.0458054 0.0492784 0.0528749 0.056583 0.0603893 0.0642792 0.0682365 0.0722439 0.0762831 0.0803346 0.0843779 0.088392 0.0923553 0.0962455 0.100041 0.103718 0.107256 0.110633 0.113828 0.11682 0.11959 0.122121 0.124395 0.126398 0.128117 0.129538 0.130654 0.131457 0.13194 0.132101 0.131938 0.131454 0.13065 0.129533 0.128111 0.126392 0.124389 0.122115 0.119585 0.116816 0.113825 0.110633 0.107259 0.103724 0.10005 0.0962593 0.0923737 0.0884155 0.0844066 0.0803688 0.0763231 0.0722896 0.0682879 0.0643363 0.060452 0.0566509 0.0529478 0.0493557 0.0458867 0.0425512 0.0393581 0.036315 0.0334284 0.0307032 0.0281432 0.0257513 0.023529 0.0214775 0.0195967 0.0178862 0.0163451 0.0149721 0.0137654 0.0127236 0.0118449 0.0111276 0.0105703 0.010172 0.00993192 
0.0108285 0.0109106 0.0111644 0.011591 0.0121914 0.0129669 0.0139192 0.0150498 0.0163607 0.0178537 0.0195303 0.0213919 0.0234394 0.0256733 0.0280932 0.0306979 0.0334854 0.0364524 0.0395947 0.0429064 0.0463807 0.0500088 0.053781 0.0576855 0.0617095 0.0658382 0.0700557 0.0743445 0.0786858 0.0830598 0.0874452 0.0918201 0.0961617 0.100447 0.104651 0.108752 0.112724 0.116544 0.120189 0.123636 0.126864 0.129852 0.132581 0.135033 0.137192 0.139044 0.140576 0.141778 0.142642 0.143162 0.143335 0.14316 0.142637 0.14177 0.140566 0.139032 0.137179 0.135019 0.132566 0.129837 0.126849 0.123622 0.120177 0.116534 0.112717 0.108748 0.104652 0.100452 0.0961717 0.0918355 0.0874664 0.083087 0.0787193 0.0743842 0.0701017 0.0658904 0.0617676 0.0577493 0.05385 0.0500826 0.0464586 0.042988 0.039679 0.0365389 0.0335731 0.030786 0.0281808 0.0257596 0.0235236 0.0214729 0.0196074 0.0179261 0.0164277 0.0151107 0.0139733 0.0130138 0.0122305 0.011622 0.011187 0.010925 
0.0119073 0.0119974 0.012275 0.0127415 0.0133977 0.0142451 0.0152853 0.0165201 0.0179514 0.0195809 0.0214102 0.0234408 0.0256733 0.0281081 0.0307446 0.0335814 0.036616 0.0398447 0.0432626 0.0468634 0.0506391 0.0545804 0.0586764 0.0629142 0.0672797 0.0717569 0.0763284 0.0809753 0.0856771 0.0904122 0.0951579 0.0998904 0.104585 0.109217 0.11376 0.118189 0.122478 0.126602 0.130535 0.134255 0.137736 0.140958 0.1439 0.146543 0.14887 0.150865 0.152515 0.15381 0.15474 0.1553 0.155486 0.155296 0.154732 0.153798 0.1525 0.150846 0.148849 0.14652 0.143875 0.140932 0.13771 0.134228 0.13051 0.126578 0.122457 0.118171 0.113746 0.109207 0.10458 0.0998912 0.0951647 0.0904254 0.0856969 0.0810019 0.076362 0.0717973 0.0673267 0.0629676 0.0587359 0.0546456 0.0507093 0.0469379 0.0433409 0.0399258 0.0366991 0.0336657 0.0308291 0.0281919 0.0257555 0.0235203 0.0214863 0.0196526 0.018018 0.0165809 0.0153395 0.0142922 0.0134371 0.0127728 0.012298 0.0120122 
0.0130801 0.0131788 0.0134823 0.0139918 0.0147084 0.0156335 0.0167687 0.018116 0.0196772 0.0214541 0.0234483 0.0256611 0.0280932 0.0307446 0.0336146 0.0367014 0.0400022 0.0435126 0.0472272 0.0511388 0.0552387 0.0595166 0.0639603 0.068556 0.0732881 0.0781392 0.0830904 0.0881211 0.0932091 0.0983311 0.103462 0.108578 0.11365 0.118652 0.123557 0.128338 0.132965 0.137413 0.141655 0.145664 0.149416 0.152888 0.156057 0.158903 0.161408 0.163556 0.165333 0.166726 0.167727 0.168329 0.168528 0.168323 0.167716 0.16671 0.165312 0.163531 0.161379 0.15887 0.156021 0.15285 0.149377 0.145624 0.141615 0.137375 0.132929 0.128304 0.123527 0.118626 0.113629 0.108562 0.103453 0.0983288 0.0932139 0.0881332 0.0831101 0.0781664 0.0733228 0.0685979 0.0640091 0.0595719 0.0553 0.0512053 0.0472983 0.0435875 0.0400799 0.0367812 0.0336953 0.0308253 0.0281728 0.0257387 0.023523 0.0215248 0.0197431 0.0181764 0.0168228 0.0156805 0.0147479 0.0140234 0.0135056 0.013194 
0.0143472 0.0144552 0.0147864 0.0153422 0.0161235 0.017132 0.0183693 0.0198372 0.0215378 0.0234728 0.0256438 0.028052 0.0306979 0.0335814 0.0367014 0.0400559 0.0436413 0.047453 0.0514847 0.0557285 0.0601747 0.0648119 0.0696267 0.0746042 0.0797271 0.0849767 0.0903322 0.0957715 0.101271 0.106804 0.112345 0.117867 0.123341 0.128737 0.134026 0.139179 0.144166 0.148957 0.153525 0.157842 0.16188 0.165616 0.169026 0.172088 0.174782 0.177091 0.179001 0.180498 0.181574 0.182221 0.182435 0.182214 0.18156 0.180478 0.178974 0.177058 0.174744 0.172045 0.168979 0.165566 0.161828 0.157788 0.15347 0.148903 0.144113 0.139128 0.133979 0.128693 0.123302 0.117835 0.112319 0.106785 0.101259 0.0957678 0.0903367 0.0849894 0.079748 0.0746332 0.0696636 0.0648562 0.0602259 0.055786 0.0515478 0.0475208 0.0437129 0.0401302 0.0367776 0.0336583 0.0307745 0.0281272 0.0257166 0.0235421 0.0216028 0.0198969 0.0184229 0.0171789 0.0161631 0.0153739 0.0148099 0.0144707 
0.0157083 0.0158262 0.0161871 0.0167922 0.0176428 0.0187402 0.0200864 0.0216831 0.0235323 0.0256359 0.0279954 0.0306117 0.0334854 0.036616 0.0400022 0.0436413 0.0475296 0.0516616 0.0560302 0.0606268 0.0654406 0.070459 0.0756675 0.0810496 0.0865867 0.0922582 0.0980419 0.103913 0.109847 0.115816 0.12179 0.127741 0.133638 0.13945 0.145144 0.15069 0.156055 0.161209 0.16612 0.17076 0.175101 0.179115 0.182777 0.186065 0.188958 0.191438 0.193487 0.195095 0.196249 0.196943 0.197171 0.196934 0.196232 0.195069 0.193454 0.191397 0.188911 0.186012 0.182718 0.179051 0.175034 0.170691 0.16605 0.161138 0.155985 0.150621 0.145078 0.139388 0.133581 0.12769 0.121746 0.115778 0.109818 0.103892 0.0980296 0.092255 0.0865925 0.0810645 0.0756912 0.0704911 0.0654806 0.0606741 0.0560841 0.0517212 0.0475939 0.0437094 0.0400729 0.0366883 0.0335582 0.0306838 0.0280657 0.0257034 0.0235959 0.0217418 0.0201393 0.0187867 0.0176821 0.0168239 0.0162107 0.015842 
0.0171626 0.0172911 0.0176835 0.018341 0.019265 0.020457 0.0219187 0.023652 0.025659 0.0279413 0.0305005 0.0333375 0.0364524 0.0398447 0.0435126 0.047453 0.0516616 0.0561321 0.0608569 0.065826 0.0710278 0.0764486 0.0820723 0.0878809 0.0938543 0.0999702 0.106204 0.112531 0.118921 0.125347 0.131777 0.138179 0.14452 0.150767 0.156887 0.162844 0.168606 0.174139 0.17941 0.184389 0.189044 0.193349 0.197276 0.200801 0.203901 0.206558 0.208754 0.210476 0.211712 0.212455 0.2127 0.212445 0.211692 0.210446 0.208714 0.206509 0.203844 0.200736 0.197204 0.193272 0.188962 0.184303 0.179322 0.174049 0.168517 0.162756 0.156801 0.150685 0.144443 0.138107 0.131712 0.12529 0.118873 0.112491 0.106174 0.0999497 0.0938437 0.0878802 0.0820814 0.0764671 0.0710554 0.065862 0.0609004 0.0561825 0.0517178 0.047514 0.0435772 0.0399118 0.0365208 0.0334059 0.0305678 0.0280064 0.0257206 0.0237093 0.0219706 0.0205028 0.019304 0.0183726 0.0177072 0.0173072 
0.0187088 0.0188485 0.0192741 0.0199871 0.0209887 0.0222804 0.0238641 0.0257417 0.0279151 0.030386 0.0331559 0.0362254 0.0395947 0.0432626 0.0472272 0.0514847 0.0560302 0.0608569 0.0659559 0.0713165 0.0769258 0.0827688 0.088828 0.0950839 0.101515 0.108096 0.114802 0.121604 0.128473 0.135376 0.142281 0.149154 0.155959 0.162661 0.169223 0.17561 0.181785 0.187712 0.193358 0.198689 0.203673 0.20828 0.212482 0.216253 0.219569 0.22241 0.224759 0.226599 0.227921 0.228714 0.228975 0.228702 0.227897 0.226564 0.224712 0.222353 0.219502 0.216176 0.212397 0.208188 0.203575 0.198587 0.193252 0.187604 0.181676 0.175502 0.169117 0.162558 0.155861 0.149061 0.142195 0.135298 0.128403 0.121544 0.114752 0.108057 0.101486 0.0950663 0.0888213 0.0827726 0.0769397 0.0713399 0.065988 0.0608969 0.0560772 0.0515375 0.0472846 0.0433236 0.0396578 0.0362895 0.0332196 0.0304481 0.0279744 0.0257972 0.0239147 0.0223253 0.0210271 0.0200184 0.0192978 0.0188648 
0.0203449 0.0204963 0.020957 0.0217283 0.0228114 0.024208 0.0259198 0.0279489 0.0302971 0.032966 0.035957 0.0392705 0.0429064 0.0468634 0.0511388 0.0557285 0.0606268 0.065826 0.0713165 0.0770863 0.0831215 0.0894054 0.0959192 0.102642 0.109549 0.116615 0.123813 0.13111 0.138476 0.145877 0.153276 0.160638 0.167925 0.175098 0.18212 0.188952 0.195554 0.201891 0.207925 0.213621 0.218944 0.223864 0.22835 0.232375 0.235914 0.238946 0.241452 0.243415 0.244824 0.245671 0.245949 0.245657 0.244797 0.243374 0.241397 0.23888 0.235836 0.232286 0.228252 0.223757 0.21883 0.2135 0.2078 0.201763 0.195425 0.188822 0.181992 0.174973 0.167804 0.160523 0.153168 0.145776 0.138385 0.131029 0.123742 0.116556 0.109502 0.102606 0.0958953 0.0893931 0.0831204 0.077096 0.0713361 0.0658547 0.0606635 0.0557722 0.0511882 0.0469173 0.0429635 0.0393295 0.0360164 0.0330246 0.0303536 0.0280021 0.0259687 0.0242516 0.0228489 0.0217591 0.0209805 0.0205129 
0.022068 0.0222318 0.0227291 0.0235614 0.0247298 0.0262361 0.028082 0.0302694 0.0328003 0.0356762 0.0388981 0.0424664 0.0463807 0.0506391 0.0552387 0.0601747 0.0654406 0.0710278 0.0769258 0.0831215 0.0895994 0.0963416 0.103328 0.110535 0.117937 0.125506 0.133213 0.141023 0.148904 0.156819 0.164729 0.172597 0.180381 0.188042 0.195538 0.202829 0.209873 0.216631 0.223065 0.229136 0.234809 0.240051 0.244829 0.249116 0.252884 0.256112 0.258779 0.260868 0.262368 0.263268 0.263564 0.263253 0.262337 0.260822 0.258717 0.256036 0.252795 0.249014 0.244716 0.239928 0.234678 0.228997 0.22292 0.216483 0.209722 0.202677 0.195387 0.187894 0.180237 0.172458 0.164597 0.156695 0.14879 0.14092 0.13312 0.125426 0.117869 0.110479 0.103285 0.096312 0.0895822 0.0831162 0.0769317 0.071044 0.0654661 0.0602083 0.0552792 0.0506852 0.046431 0.0425195 0.0389525 0.0357306 0.0328534 0.03032 0.0281288 0.0262781 0.0247663 0.0235915 0.0227524 0.0222485 
0.0238747 0.0240514 0.0245869 0.0254826 0.02674 0.0283604 0.0303459 0.0326982 0.0354191 0.0385102 0.0419722 0.0458054 0.0500088 0.0545804 0.0595166 0.0648119 0.070459 0.0764486 0.0827688 0.0894054 0.0963416 0.103558 0.111032 0.11874 0.126653 0.134742 0.142973 0.151313 0.159725 0.168169 0.176606 0.184993 0.193289 0.201451 0.209434 0.217196 0.224693 0.231884 0.238727 0.245183 0.251214 0.256785 0.261863 0.266417 0.270421 0.273849 0.276681 0.278899 0.280491 0.281447 0.28176 0.281429 0.280456 0.278847 0.276612 0.273764 0.270321 0.266303 0.261736 0.256647 0.251065 0.245025 0.238562 0.231714 0.22452 0.217021 0.209259 0.201278 0.19312 0.18483 0.176449 0.168021 0.159586 0.151186 0.142858 0.134639 0.126563 0.118664 0.11097 0.10351 0.0963071 0.089384 0.0827598 0.0764512 0.0704722 0.0648344 0.0595473 0.0546179 0.0500516 0.0458519 0.0420211 0.0385599 0.0354683 0.0327455 0.0303902 0.0284006 0.026775 0.0255119 0.0246097 0.0240681 
0.0257605 0.0259506 0.0265257 0.0274873 0.0288368 0.0305757 0.0327057 0.0352288 0.0381467 0.0414605 0.0451712 0.0492784 0.053781 0.0586764 0.0639603 0.0696267 0.0756675 0.0820723 0.088828 0.0959192 0.103328 0.111032 0.119009 0.127232 0.13567 0.144292 0.153063 0.161947 0.170902 0.179889 0.188865 0.197785 0.206605 0.215279 0.22376 0.232003 0.239963 0.247595 0.254856 0.261705 0.268101 0.274008 0.279391 0.284218 0.28846 0.292092 0.295092 0.297442 0.299128 0.30014 0.300472 0.300121 0.299089 0.297384 0.295016 0.291998 0.288349 0.284091 0.27925 0.273853 0.267935 0.261528 0.254671 0.247404 0.239767 0.231805 0.223561 0.215081 0.206411 0.197596 0.188683 0.179716 0.170738 0.161794 0.152923 0.144166 0.135558 0.127134 0.118926 0.110964 0.103275 0.0958806 0.0888031 0.0820602 0.0756674 0.0696373 0.0639802 0.0587042 0.0538153 0.0493176 0.0452137 0.041505 0.0381914 0.0352726 0.0327471 0.0306136 0.0288703 0.0275155 0.026548 0.0259673 
0.0277203 0.0279242 0.0285402 0.0295699 0.0310145 0.0328755 0.0351548 0.0378541 0.040975 0.0445186 0.0484854 0.0528749 0.0576855 0.0629142 0.068556 0.0746042 0.0810496 0.0878809 0.0950839 0.102642 0.110535 0.11874 0.127232 0.135981 0.144957 0.154125 0.163448 0.172886 0.182398 0.191939 0.201464 0.210927 0.220281 0.229475 0.238463 0.247196 0.255627 0.263707 0.271393 0.27864 0.285407 0.291655 0.297347 0.30245 0.306934 0.310773 0.313944 0.316427 0.318208 0.319277 0.319626 0.319255 0.318165 0.316363 0.313859 0.310669 0.306812 0.30231 0.297191 0.291484 0.285223 0.278444 0.271187 0.263494 0.255408 0.246974 0.23824 0.229252 0.22006 0.210712 0.201256 0.191738 0.182207 0.172708 0.163283 0.153974 0.144821 0.135861 0.127127 0.118651 0.110462 0.102585 0.0950419 0.0878532 0.0810351 0.0746017 0.0685642 0.0629316 0.0577106 0.0529061 0.048521 0.044557 0.0410147 0.0378937 0.0351929 0.0329109 0.031046 0.0295968 0.0285619 0.0279408 
0.0297479 0.0299661 0.0306242 0.0317238 0.0332661 0.0352527 0.0376853 0.0405656 0.0438949 0.0476742 0.0519039 0.056583 0.0617095 0.0672797 0.0732881 0.0797271 0.0865867 0.0938543 0.101515 0.109549 0.117937 0.126653 0.13567 0.144957 0.154481 0.164205 0.174089 0.184091 0.194168 0.204272 0.214356 0.22437 0.234264 0.243987 0.253489 0.262717 0.271623 0.280158 0.288273 0.295922 0.303064 0.309656 0.31566 0.321042 0.32577 0.329818 0.33316 0.335777 0.337654 0.33878 0.339148 0.338757 0.337607 0.335707 0.333068 0.329704 0.325636 0.320889 0.315489 0.309468 0.302861 0.295707 0.288046 0.279922 0.271381 0.262471 0.25324 0.243738 0.234017 0.224127 0.21412 0.204044 0.193951 0.183886 0.173897 0.164028 0.15432 0.144813 0.135542 0.126542 0.117844 0.109473 0.101455 0.09381 0.0865569 0.0797107 0.0732838 0.0672859 0.0617246 0.0566054 0.0519319 0.0477062 0.0439291 0.0406006 0.0377197 0.0352852 0.0332955 0.0317493 0.030645 0.0299826 
0.0318365 0.0320694 0.0327705 0.0339417 0.035584 0.0376991 0.0402884 0.0433537 0.0468961 0.0509164 0.0554145 0.0603893 0.0658382 0.0717569 0.0781392 0.0849767 0.0922582 0.0999702 0.108096 0.116615 0.125506 0.134742 0.144292 0.154125 0.164205 0.174492 0.184945 0.195519 0.206167 0.21684 0.227488 0.238059 0.248499 0.258756 0.268775 0.278503 0.287889 0.29688 0.305427 0.313482 0.320999 0.327937 0.334255 0.339917 0.344891 0.349147 0.352661 0.355413 0.357387 0.358571 0.358957 0.358545 0.357336 0.355338 0.352562 0.349024 0.344746 0.339751 0.334069 0.327733 0.320779 0.313247 0.30518 0.296622 0.287623 0.278232 0.268501 0.258481 0.248226 0.237789 0.227225 0.216585 0.205922 0.195286 0.184726 0.174289 0.164018 0.153956 0.144141 0.134608 0.125391 0.116519 0.108017 0.0999083 0.0922124 0.0849456 0.0781215 0.0717511 0.0658426 0.0604023 0.0554343 0.0509412 0.0469243 0.0433836 0.0403186 0.0377282 0.035611 0.0339655 0.0327904 0.0320856 
0.0339783 0.034226 0.0349711 0.0362152 0.0379594 0.0402052 0.0429542 0.0462078 0.0499671 0.0542325 0.0590037 0.0642792 0.0700557 0.0763284 0.0830904 0.0903322 0.0980419 0.106204 0.114802 0.123813 0.133213 0.142973 0.153063 0.163448 0.174089 0.184945 0.195971 0.207121 0.218345 0.229592 0.240808 0.251938 0.262927 0.27372 0.284259 0.294489 0.304355 0.313804 0.322783 0.331244 0.339138 0.346422 0.353054 0.358996 0.364214 0.36868 0.372366 0.375253 0.377322 0.378563 0.378969 0.378536 0.377268 0.375172 0.372259 0.368548 0.364058 0.358817 0.352853 0.346202 0.3389 0.33099 0.322515 0.313524 0.304066 0.294193 0.283959 0.273418 0.262627 0.251641 0.240517 0.229309 0.218073 0.206861 0.195725 0.184715 0.173876 0.163253 0.152888 0.142817 0.133076 0.123695 0.114703 0.106124 0.0979791 0.0902856 0.0830586 0.0763099 0.0700487 0.064282 0.0590146 0.0542497 0.0499887 0.0462323 0.0429799 0.0402308 0.0379836 0.0362371 0.0349899 0.0342419 
0.0361645 0.0364274 0.037217 0.0385351 0.0403826 0.0427611 0.0456719 0.0491163 0.0530953 0.0576091 0.0626568 0.0682365 0.0743445 0.0809753 0.0881211 0.0957715 0.103913 0.112531 0.121604 0.13111 0.141023 0.151313 0.161947 0.172886 0.184091 0.195519 0.207121 0.21885 0.230652 0.242473 0.254257 0.265948 0.277487 0.288814 0.299873 0.310604 0.32095 0.330856 0.340267 0.349132 0.357402 0.36503 0.371974 0.378194 0.383657 0.38833 0.392188 0.395208 0.397373 0.398672 0.399095 0.398642 0.397315 0.395121 0.392074 0.388189 0.38349 0.378003 0.371759 0.364793 0.357146 0.348859 0.339978 0.330554 0.320638 0.310284 0.299548 0.288487 0.277159 0.265623 0.253938 0.242161 0.230351 0.218561 0.206847 0.195261 0.183852 0.172665 0.161746 0.151133 0.140864 0.130971 0.121485 0.112432 0.103833 0.0957087 0.0880745 0.0809433 0.0743255 0.0682287 0.0626583 0.057618 0.05311 0.0491349 0.0456928 0.0427828 0.0404039 0.0385549 0.0372346 0.0364429 
0.0383858 0.038664 0.0394986 0.0408913 0.0428432 0.0453555 0.0484296 0.0520666 0.0562672 0.0610313 0.0663577 0.0722439 0.0786858 0.0856771 0.0932091 0.101271 0.109847 0.118921 0.128473 0.138476 0.148904 0.159725 0.170902 0.182398 0.194168 0.206167 0.218345 0.230652 0.24303 0.255425 0.267777 0.280026 0.292112 0.303973 0.315548 0.326777 0.3376 0.34796 0.357799 0.367066 0.375707 0.383677 0.390931 0.397427 0.403131 0.408011 0.412038 0.41519 0.41745 0.418805 0.419247 0.418774 0.417388 0.415098 0.411916 0.407861 0.402954 0.397223 0.390702 0.383425 0.375434 0.366773 0.357491 0.347637 0.337265 0.326433 0.315198 0.303619 0.291757 0.279674 0.267429 0.255085 0.242701 0.230335 0.218043 0.205881 0.193901 0.18215 0.170676 0.15952 0.148721 0.138315 0.128333 0.118803 0.109748 0.101191 0.0931471 0.0856312 0.0786543 0.0722249 0.0663493 0.0610316 0.0562744 0.0520789 0.0484453 0.0453731 0.0428613 0.0409089 0.0395148 0.0386791 
0.0406319 0.0409256 0.0418054 0.0432732 0.0453298 0.0479766 0.0512147 0.0550451 0.0594681 0.0644834 0.0700894 0.0762831 0.0830598 0.0904122 0.0983311 0.106804 0.115816 0.125347 0.135376 0.145877 0.156819 0.168169 0.179889 0.191939 0.204272 0.21684 0.229592 0.242473 0.255425 0.268389 0.281304 0.294107 0.306736 0.319125 0.331212 0.342934 0.354229 0.365037 0.3753 0.384963 0.393972 0.402279 0.409837 0.416607 0.422549 0.427631 0.431825 0.435107 0.437461 0.438871 0.439331 0.438839 0.437396 0.435011 0.431697 0.427472 0.422361 0.416391 0.409595 0.402012 0.393682 0.384652 0.374972 0.364693 0.353872 0.342567 0.330837 0.318746 0.306355 0.293728 0.280929 0.268021 0.255067 0.242128 0.229262 0.216527 0.203977 0.191665 0.179637 0.167939 0.156612 0.145693 0.135215 0.125208 0.115698 0.106707 0.0982532 0.0903519 0.0830152 0.0762525 0.0700707 0.0644747 0.0594675 0.0550508 0.0512249 0.0479898 0.0453446 0.0432884 0.0418202 0.0409402 
0.042892 0.0432011 0.0441262 0.045669 0.0478305 0.0506117 0.0540138 0.0580374 0.0626826 0.0679488 0.073834 0.0803346 0.0874452 0.0951579 0.103462 0.112345 0.12179 0.131777 0.142281 0.153276 0.164729 0.176606 0.188865 0.201464 0.214356 0.227488 0.240808 0.254257 0.267777 0.281304 0.294776 0.308126 0.32129 0.3342 0.346792 0.359 0.370759 0.382009 0.392688 0.40274 0.41211 0.420748 0.428606 0.435643 0.441818 0.447099 0.451457 0.454868 0.457312 0.458777 0.459255 0.458743 0.457244 0.454766 0.451323 0.446933 0.441621 0.435416 0.428351 0.420467 0.411804 0.402412 0.39234 0.381644 0.37038 0.358609 0.346393 0.333795 0.320882 0.30772 0.294373 0.280908 0.267391 0.253884 0.240449 0.227147 0.214034 0.201163 0.188587 0.176351 0.164498 0.153069 0.142098 0.131618 0.121654 0.112231 0.103368 0.0950827 0.0873871 0.0802919 0.0738046 0.0679308 0.0626739 0.0580361 0.0540182 0.0506203 0.0478417 0.0456817 0.0441394 0.0432152 
0.0451545 0.045479 0.0464491 0.0480666 0.0503324 0.0532474 0.0568125 0.0610282 0.0658944 0.07141 0.0775725 0.0843779 0.0918201 0.0998904 0.108578 0.117867 0.127741 0.138179 0.149154 0.160638 0.172597 0.184993 0.197785 0.210927 0.22437 0.238059 0.251938 0.265948 0.280026 0.294107 0.308126 0.322014 0.335704 0.349126 0.362212 0.374896 0.387111 0.398793 0.40988 0.420313 0.430036 0.438997 0.447149 0.454446 0.460849 0.466325 0.470842 0.474377 0.476911 0.47843 0.478925 0.478394 0.47684 0.474271 0.470702 0.466151 0.460643 0.454208 0.446881 0.438702 0.429715 0.419968 0.409514 0.398408 0.386711 0.374483 0.36179 0.348696 0.335271 0.321582 0.307697 0.293684 0.279612 0.265547 0.251552 0.23769 0.224021 0.2106 0.197481 0.184713 0.172342 0.160408 0.148949 0.137999 0.127586 0.117735 0.108467 0.0998 0.0917483 0.0843229 0.0775322 0.0713823 0.0658774 0.0610199 0.056811 0.0532511 0.0503399 0.0480766 0.0464607 0.0454924 
0.0474074 0.0477471 0.0487618 0.0504533 0.0528223 0.0558697 0.0595961 0.0640019 0.0690866 0.0748488 0.0812855 0.088392 0.0961617 0.104585 0.11365 0.123341 0.133638 0.14452 0.155959 0.167925 0.180381 0.193289 0.206605 0.220281 0.234264 0.248499 0.262927 0.277487 0.292112 0.306736 0.32129 0.335704 0.349907 0.363829 0.377398 0.390547 0.403205 0.415308 0.426792 0.437596 0.447663 0.456939 0.465375 0.472926 0.479551 0.485215 0.489888 0.493544 0.496164 0.497735 0.498247 0.497697 0.49609 0.493433 0.489741 0.485034 0.479336 0.472678 0.465096 0.456631 0.447327 0.437235 0.426409 0.414905 0.402785 0.390112 0.376953 0.363376 0.34945 0.335246 0.320834 0.306286 0.291671 0.277058 0.262514 0.248103 0.233888 0.219927 0.206275 0.192984 0.180102 0.167672 0.155733 0.14432 0.133463 0.12319 0.113523 0.104479 0.096076 0.0883245 0.0812339 0.0748112 0.069061 0.0639862 0.0595885 0.0558684 0.0528259 0.0504606 0.0487717 0.0477599 
0.0496382 0.0499929 0.0510515 0.0528159 0.0552865 0.0584641 0.0623494 0.0669422 0.0722418 0.0782465 0.0849527 0.0923553 0.100447 0.109217 0.118652 0.128737 0.13945 0.150767 0.162661 0.175098 0.188042 0.201451 0.215279 0.229475 0.243987 0.258756 0.27372 0.288814 0.303973 0.319125 0.3342 0.349126 0.363829 0.378236 0.392275 0.405874 0.418963 0.431474 0.443343 0.454506 0.464905 0.474486 0.483197 0.490993 0.497832 0.503679 0.508501 0.512275 0.514979 0.516599 0.517127 0.516561 0.514902 0.51216 0.50835 0.503491 0.497609 0.490736 0.482907 0.474165 0.464556 0.45413 0.442943 0.431053 0.418523 0.405419 0.391808 0.37776 0.363348 0.348643 0.333719 0.318649 0.303506 0.288359 0.273279 0.258333 0.243585 0.229096 0.214923 0.201121 0.187739 0.174822 0.162413 0.150546 0.139255 0.128568 0.118508 0.109096 0.100347 0.0922751 0.0848899 0.078199 0.0722075 0.0669191 0.0623355 0.0584579 0.0552862 0.0528203 0.0510597 0.050005 
0.051834 0.0522034 0.0533051 0.0551407 0.0577108 0.061016 0.0650566 0.0698323 0.0753422 0.081584 0.0885537 0.0962455 0.104651 0.11376 0.123557 0.134026 0.145144 0.156887 0.169223 0.18212 0.195538 0.209434 0.22376 0.238463 0.253489 0.268775 0.284259 0.299873 0.315548 0.331212 0.346792 0.362212 0.377398 0.392275 0.406767 0.420801 0.434305 0.447211 0.45945 0.470959 0.481679 0.491552 0.500528 0.50856 0.515605 0.521627 0.526593 0.530479 0.533263 0.534932 0.535476 0.534892 0.533184 0.530361 0.526437 0.521433 0.515374 0.508294 0.500229 0.49122 0.481316 0.470569 0.459034 0.446772 0.433847 0.420326 0.406279 0.391777 0.376895 0.361706 0.346287 0.330712 0.315056 0.299392 0.283793 0.268326 0.253061 0.238058 0.223379 0.20908 0.195211 0.181822 0.168953 0.156645 0.144931 0.13384 0.123397 0.113624 0.104538 0.0961527 0.0884796 0.0815265 0.0752992 0.0698018 0.0650365 0.0610046 0.0577065 0.0551422 0.0533114 0.0522148 
0.0539817 0.0543655 0.0555091 0.057414 0.0600809 0.0635102 0.0677019 0.0726556 0.0783699 0.084842 0.0920678 0.100041 0.108752 0.118189 0.128338 0.139179 0.15069 0.162844 0.17561 0.188952 0.202829 0.217196 0.232003 0.247196 0.262717 0.278503 0.294489 0.310604 0.326777 0.342934 0.359 0.374896 0.390547 0.405874 0.420801 0.435253 0.449155 0.462438 0.475033 0.486873 0.4979 0.508054 0.517283 0.52554 0.532782 0.538971 0.544076 0.548069 0.55093 0.552644 0.553203 0.552603 0.550848 0.547947 0.543915 0.538772 0.532545 0.525266 0.516974 0.507711 0.497526 0.48647 0.474603 0.461984 0.448681 0.43476 0.420294 0.405356 0.390021 0.374367 0.358471 0.34241 0.32626 0.310098 0.293998 0.27803 0.262264 0.246767 0.231598 0.216818 0.202479 0.188631 0.175319 0.162583 0.150457 0.138975 0.128161 0.118038 0.108624 0.0999353 0.0919824 0.0847746 0.0783181 0.0726175 0.0676755 0.0634936 0.0600727 0.0574127 0.0555136 0.0543762 
0.0560684 0.0564659 0.05765 0.0596221 0.0623825 0.0659316 0.0702693 0.0753949 0.0813066 0.0880013 0.0954742 0.103718 0.112724 0.122478 0.132965 0.144166 0.156055 0.168606 0.181785 0.195554 0.209873 0.224693 0.239963 0.255627 0.271623 0.287889 0.304355 0.32095 0.3376 0.354229 0.370759 0.387111 0.403205 0.418963 0.434305 0.449155 0.463438 0.477081 0.490013 0.50217 0.513488 0.523909 0.533379 0.541851 0.549279 0.555628 0.560862 0.564957 0.567891 0.569649 0.570223 0.569608 0.567808 0.564833 0.560697 0.555423 0.549036 0.541569 0.533061 0.523556 0.513103 0.501755 0.48957 0.476612 0.462947 0.448646 0.43378 0.418425 0.40266 0.386561 0.370209 0.353682 0.33706 0.320421 0.30384 0.287392 0.271147 0.255173 0.239535 0.224292 0.209501 0.195213 0.181473 0.168325 0.155804 0.143944 0.132772 0.122312 0.112583 0.103601 0.0953778 0.087924 0.0812463 0.0753494 0.0702367 0.06591 0.0623703 0.0596179 0.0576528 0.0564759 
0.0580807 0.0584916 0.0597145 0.061751 0.0646012 0.0682653 0.0727431 0.0780335 0.0841345 0.0910426 0.0987523 0.107256 0.116544 0.126602 0.137413 0.148957 0.161209 0.174139 0.187712 0.201891 0.216631 0.231884 0.247595 0.263707 0.280158 0.29688 0.313804 0.330856 0.34796 0.365037 0.382009 0.398793 0.415308 0.431474 0.447211 0.462438 0.477081 0.491064 0.504317 0.516772 0.528365 0.539038 0.548736 0.55741 0.565016 0.571514 0.576872 0.581063 0.584066 0.585865 0.586452 0.585823 0.583981 0.580936 0.576704 0.571304 0.564766 0.557122 0.548411 0.538677 0.52797 0.516345 0.503861 0.490582 0.476575 0.461913 0.446668 0.430919 0.414744 0.398223 0.381437 0.364469 0.347398 0.330304 0.313266 0.29636 0.279658 0.263231 0.247145 0.231461 0.216238 0.201529 0.187381 0.173839 0.16094 0.148719 0.137205 0.126421 0.11639 0.107127 0.0986452 0.0909557 0.0840658 0.0779808 0.0727044 0.0682387 0.064585 0.0617439 0.0597155 0.0585008 
0.0600058 0.0604294 0.0616893 0.063787 0.0667227 0.0704964 0.0751075 0.0805548 0.086836 0.093947 0.101882 0.110633 0.120189 0.130535 0.141655 0.153525 0.16612 0.17941 0.193358 0.207925 0.223065 0.238727 0.254856 0.271393 0.288273 0.305427 0.322783 0.340267 0.357799 0.3753 0.392688 0.40988 0.426792 0.443343 0.45945 0.475033 0.490013 0.504317 0.51787 0.530605 0.542458 0.553367 0.563279 0.572143 0.579913 0.586552 0.592026 0.596308 0.599375 0.601212 0.601812 0.601169 0.599288 0.596178 0.591854 0.586339 0.579659 0.571849 0.562947 0.552998 0.542054 0.530169 0.517403 0.503822 0.489494 0.474492 0.458891 0.44277 0.42621 0.409291 0.392097 0.374711 0.357217 0.339694 0.322224 0.304885 0.287751 0.270895 0.254385 0.238283 0.222651 0.207543 0.193008 0.179092 0.165835 0.153271 0.141431 0.130341 0.120022 0.110492 0.101764 0.0938508 0.0867591 0.0804951 0.0750628 0.0704649 0.0667028 0.0637772 0.0616885 0.0604379 
0.0618309 0.0622665 0.0635614 0.065717 0.0687334 0.0726104 0.0773473 0.0829427 0.0893937 0.0966962 0.104844 0.113828 0.123636 0.134255 0.145664 0.157842 0.17076 0.184389 0.198689 0.213621 0.229136 0.245183 0.261705 0.27864 0.295922 0.313482 0.331244 0.349132 0.367066 0.384963 0.40274 0.420313 0.437596 0.454506 0.470959 0.486873 0.50217 0.516772 0.530605 0.543602 0.555695 0.566825 0.576935 0.585975 0.5939 0.60067 0.606251 0.610616 0.613743 0.615617 0.616228 0.615573 0.613655 0.610484 0.606076 0.600453 0.593641 0.585676 0.576597 0.566449 0.555283 0.543156 0.530128 0.516266 0.501639 0.48632 0.470386 0.453918 0.436997 0.419707 0.402131 0.384355 0.366463 0.348539 0.330665 0.31292 0.295381 0.278122 0.261213 0.24472 0.228703 0.21322 0.198321 0.184054 0.170459 0.157572 0.145426 0.134047 0.123457 0.113675 0.104716 0.0965912 0.0893091 0.0828762 0.077297 0.0725742 0.0687098 0.0657045 0.0635589 0.0622743 
0.0635439 0.0639907 0.0653183 0.067528 0.0706197 0.0745933 0.0794478 0.0851815 0.0917913 0.0992725 0.107618 0.11682 0.126864 0.137736 0.149416 0.16188 0.175101 0.189044 0.203673 0.218944 0.234809 0.251214 0.268101 0.285407 0.303064 0.320999 0.339138 0.357402 0.375707 0.393972 0.41211 0.430036 0.447663 0.464905 0.481679 0.4979 0.513488 0.528365 0.542458 0.555695 0.568011 0.579344 0.589637 0.59884 0.606906 0.613797 0.619477 0.623919 0.627101 0.629008 0.62963 0.628963 0.627012 0.623786 0.6193 0.613577 0.606644 0.598536 0.589293 0.578961 0.567592 0.555241 0.541972 0.527849 0.512945 0.497334 0.481093 0.464304 0.447049 0.429414 0.411485 0.393347 0.375087 0.356791 0.338541 0.320419 0.302503 0.28487 0.267591 0.250733 0.234359 0.218526 0.203289 0.188694 0.174784 0.161597 0.149165 0.137516 0.126674 0.116657 0.107481 0.099159 0.0916992 0.0851086 0.0793921 0.0745528 0.0705927 0.0675129 0.0653142 0.0639978 
0.065133 0.0655902 0.066948 0.0692077 0.0723691 0.0764319 0.081395 0.0872564 0.0940128 0.101659 0.110188 0.11959 0.129852 0.140958 0.152888 0.165616 0.179115 0.193349 0.20828 0.223864 0.240051 0.256785 0.274008 0.291655 0.309656 0.327937 0.346422 0.36503 0.383677 0.402279 0.420748 0.438997 0.456939 0.474486 0.491552 0.508054 0.523909 0.539038 0.553367 0.566825 0.579344 0.590862 0.601323 0.610674 0.61887 0.62587 0.63164 0.636153 0.639385 0.641322 0.641954 0.641277 0.639295 0.636018 0.631461 0.625647 0.618604 0.610366 0.600974 0.590474 0.578918 0.566364 0.552873 0.538514 0.523356 0.507477 0.490955 0.473872 0.456312 0.438362 0.420108 0.401638 0.383041 0.364402 0.345807 0.327339 0.309078 0.291101 0.273481 0.256287 0.239584 0.22343 0.20788 0.192983 0.178784 0.165319 0.152624 0.140727 0.129651 0.119418 0.110042 0.101538 0.0939138 0.0871776 0.0813342 0.0763872 0.0723388 0.0691902 0.0669423 0.0655967 
