8.55273e-07 8.91498e-07 1.05642e-06 1.36864e-06 1.86124e-06 2.58425e-06 3.60757e-06 5.02464e-06 6.95707e-06 9.55989e-06 1.30275e-05 1.76002e-05 2.35706e-05 3.12905e-05 4.11767e-05 5.37166e-05 6.94715e-05 8.90781e-05 0.000113248 0.000142762 0.000178463 0.000221241 0.000272018 0.00033172 0.000401255 0.000481478 0.000573153 0.000676915 0.000793232 0.00092236 0.00106431 0.0012188 0.00138526 0.00156276 0.00175005 0.00194552 0.00214725 0.00235299 0.00256024 0.00276626 0.00296816 0.00316293 0.00334755 0.00351905 0.00367456 0.00381144 0.00392729 0.00402005 0.00408808 0.00413013 0.00414545 0.00413376 0.00409528 0.00403074 0.0039413 0.00382859 0.00369463 0.00354176 0.00337261 0.00319 0.00299691 0.00279633 0.00259127 0.00238462 0.00217912 0.00197729 0.0017814 0.00159339 0.0014149 0.00124722 0.0010913 0.000947767 0.000816933 0.000698826 0.000593228 0.000499707 0.00041766 0.000346351 0.00028495 0.000232569 0.000188295 0.000151219 0.000120455 9.51637e-05 7.45628e-05 5.79366e-05 4.46419e-05 3.41091e-05 2.58416e-05 1.94125e-05 1.44596e-05 1.06802e-05 7.82415e-06 5.68795e-06 4.10808e-06 2.95526e-06 2.12915e-06 1.5537e-06 1.17334e-06 9.50335e-07 
8.91498e-07 9.29591e-07 1.10235e-06 1.42932e-06 1.94525e-06 2.7027e-06 3.77508e-06 5.26056e-06 7.28689e-06 1.0017e-05 1.36551e-05 1.84537e-05 2.47203e-05 3.28243e-05 4.32039e-05 5.63706e-05 7.2914e-05 9.35026e-05 0.000118883 0.000149874 0.00018736 0.000232273 0.000285578 0.000348246 0.000421226 0.000505409 0.000601592 0.000710438 0.00083243 0.00096783 0.00111664 0.00127857 0.001453 0.00163896 0.00183513 0.00203983 0.00225104 0.00246639 0.00268328 0.00289885 0.00311005 0.00331376 0.00350683 0.00368613 0.0038487 0.00399176 0.00411282 0.00420975 0.00428081 0.00432472 0.00434068 0.00432842 0.00428816 0.00422065 0.00412713 0.00400928 0.00386919 0.00370933 0.00353243 0.00334144 0.00313945 0.00292961 0.00271505 0.00249879 0.0022837 0.00207241 0.0018673 0.00167041 0.00148345 0.00130778 0.0011444 0.000993979 0.000856838 0.000733017 0.000622293 0.000524217 0.000438162 0.00036336 0.000298945 0.000243988 0.000197533 0.000158629 0.000126347 9.98086e-05 7.81919e-05 6.07469e-05 4.67986e-05 3.57492e-05 2.70775e-05 2.03352e-05 1.51422e-05 1.11804e-05 8.18746e-06 5.94952e-06 4.29495e-06 3.08806e-06 2.22352e-06 1.62152e-06 1.22378e-06 9.90693e-07 
1.05642e-06 1.10235e-06 1.30759e-06 1.69521e-06 2.30621e-06 3.20249e-06 4.4704e-06 6.2253e-06 8.61712e-06 1.18367e-05 1.61232e-05 2.17715e-05 2.91403e-05 3.86598e-05 5.08393e-05 6.62724e-05 8.56415e-05 0.000109719 0.000139366 0.000175524 0.000219207 0.000271483 0.000333451 0.000406214 0.000490847 0.000588354 0.000699626 0.000825397 0.000966189 0.00112228 0.00129363 0.00147987 0.00168027 0.0018937 0.00211861 0.00235306 0.00259474 0.00284094 0.00308868 0.0033347 0.00357556 0.0038077 0.00402757 0.00423163 0.00441654 0.00457916 0.00471671 0.00482677 0.00490739 0.00495715 0.00497515 0.00496107 0.00491518 0.00483832 0.00473187 0.00459773 0.00443828 0.00425627 0.00405479 0.00383716 0.0036069 0.00336754 0.00312264 0.00287563 0.00262978 0.00238808 0.00215325 0.00192763 0.0017132 0.00151153 0.00132379 0.00115075 0.000992829 0.000850098 0.000722326 0.000609028 0.000509509 0.000422907 0.000348249 0.000284483 0.000230523 0.000185284 0.000147707 0.000116781 9.15652e-05 7.11948e-05 5.48912e-05 4.19635e-05 3.18081e-05 2.39051e-05 1.78127e-05 1.3161e-05 9.64396e-06 7.01218e-06 5.06509e-06 3.64394e-06 2.62539e-06 1.91592e-06 1.44715e-06 1.17264e-06 
1.36864e-06 1.42932e-06 1.69521e-06 2.19589e-06 2.98375e-06 4.13774e-06 5.7678e-06 8.0205e-06 1.10859e-05 1.52056e-05 2.06812e-05 2.7884e-05 3.72644e-05 4.93613e-05 6.48104e-05 8.4351e-05 0.00010883 0.000139204 0.000176532 0.000221974 0.00027677 0.000342219 0.000419657 0.000510416 0.000615782 0.000736951 0.000874972 0.00103069 0.00120471 0.00139728 0.00160833 0.00183734 0.00208335 0.00234494 0.00262019 0.0029067 0.00320162 0.00350166 0.00380319 0.00410227 0.00439475 0.00467635 0.00494278 0.00518985 0.00541352 0.00561009 0.00577622 0.00590904 0.00600624 0.00606612 0.00608762 0.00607038 0.00601472 0.00592162 0.00579275 0.00563037 0.00543729 0.00521682 0.00497263 0.00470871 0.00442925 0.00413851 0.00384076 0.00354014 0.00324058 0.00294576 0.00265895 0.00238303 0.00212043 0.0018731 0.00164252 0.00142967 0.00123512 0.001059 0.000901075 0.000760811 0.000637397 0.000529822 0.000436922 0.00035744 0.000290066 0.000233484 0.000186402 0.000147589 0.000115888 9.02357e-05 6.96703e-05 5.33366e-05 4.04848e-05 3.04674e-05 2.2733e-05 1.68186e-05 1.23402e-05 8.98428e-06 6.49805e-06 4.68111e-06 3.37746e-06 2.46864e-06 1.86795e-06 1.51645e-06 
1.86124e-06 1.94525e-06 2.30621e-06 2.98375e-06 4.04785e-06 5.60375e-06 7.79767e-06 1.08241e-05 1.49348e-05 2.04484e-05 2.77623e-05 3.73641e-05 4.98432e-05 6.5903e-05 8.63704e-05 0.000112204 0.000144497 0.000184481 0.000233515 0.000293078 0.000364746 0.000450164 0.000551012 0.000668952 0.000805584 0.000962377 0.0011406 0.00134127 0.00156506 0.00181222 0.00208257 0.00237537 0.00268933 0.00302257 0.00337261 0.00373636 0.00411018 0.00448993 0.00487101 0.00524848 0.00561714 0.00597167 0.00630673 0.00661711 0.00689784 0.00714433 0.00735246 0.00751871 0.00764025 0.00771498 0.00774162 0.00771971 0.00764965 0.00753267 0.00737082 0.00716687 0.00692431 0.0066472 0.0063401 0.00600794 0.0056559 0.00528931 0.00491347 0.00453356 0.00415452 0.00378096 0.00341703 0.0030664 0.00273217 0.00241687 0.0021224 0.00185012 0.0016008 0.00137468 0.00117155 0.000990784 0.000831431 0.000692258 0.000571835 0.000468601 0.00038092 0.000307137 0.000245621 0.000194808 0.000153224 0.000119509 9.24265e-05 7.08755e-05 5.38864e-05 4.06193e-05 3.0357e-05 2.24951e-05 1.65315e-05 1.2055e-05 8.7331e-06 6.30173e-06 4.55485e-06 3.33575e-06 2.52954e-06 2.05811e-06 
2.58425e-06 2.7027e-06 3.20249e-06 4.13774e-06 5.60375e-06 7.74352e-06 1.07553e-05 1.49021e-05 2.05235e-05 2.80486e-05 3.80103e-05 5.10609e-05 6.79868e-05 8.9723e-05 0.000117365 0.000152178 0.000195602 0.000249248 0.000314893 0.000394456 0.000489976 0.000603571 0.000737388 0.000893542 0.00107405 0.00128074 0.00151518 0.00177858 0.00207171 0.00239481 0.0027475 0.00312873 0.00353674 0.003969 0.00442224 0.00489243 0.00537485 0.00586414 0.00635442 0.00683937 0.00731237 0.00776668 0.00819555 0.00859241 0.00895101 0.00926557 0.00953096 0.00974276 0.00989742 0.00999235 0.0100259 0.00999762 0.00990791 0.00975835 0.00955149 0.00929082 0.00898071 0.00862625 0.00823317 0.00780768 0.00735632 0.00688581 0.00640288 0.00591413 0.00542585 0.00494395 0.00447377 0.00402007 0.00358688 0.00317752 0.00279456 0.00243979 0.00211434 0.00181861 0.00155243 0.0013151 0.00110546 0.000921999 0.000762933 0.000626293 0.000509999 0.000411937 0.000330013 0.000262202 0.000206595 0.000161418 0.000125057 9.60636e-05 7.31626e-05 5.52439e-05 4.13567e-05 3.06977e-05 2.25976e-05 1.65062e-05 1.19782e-05 8.65864e-06 6.27023e-06 4.6015e-06 3.49727e-06 2.85194e-06 
3.60757e-06 3.77508e-06 4.4704e-06 5.7678e-06 7.79767e-06 1.07553e-05 1.49107e-05 2.06215e-05 2.8348e-05 3.86705e-05 5.23078e-05 7.01367e-05 9.32113e-05 0.000122781 0.000160304 0.00020746 0.000266151 0.000338501 0.000426837 0.000533667 0.00066164 0.000813492 0.000991982 0.00119981 0.00143952 0.00171341 0.00202341 0.00237097 0.00275694 0.0031815 0.00364401 0.00414298 0.00467597 0.0052396 0.00582953 0.00644046 0.00706624 0.00769995 0.00833397 0.00896022 0.00957023 0.0101554 0.0107072 0.0112172 0.0116777 0.0120812 0.0124213 0.0126925 0.0128904 0.0130116 0.0130542 0.0130175 0.0129021 0.0127099 0.0124442 0.0121094 0.0117109 0.0112552 0.0107495 0.0102017 0.00962003 0.00901304 0.0083893 0.00775725 0.00712497 0.00650005 0.00588941 0.00529924 0.00473481 0.00420052 0.00369979 0.00323509 0.00280797 0.00241913 0.00206846 0.00175518 0.00147789 0.00123474 0.00102349 0.000841649 0.000686569 0.000555532 0.000445834 0.000354848 0.000280084 0.000219221 0.000170135 0.000130918 9.98796e-05 7.55467e-05 5.6652e-05 4.21221e-05 3.10597e-05 2.27257e-05 1.65199e-05 1.1963e-05 8.67958e-06 6.38285e-06 4.86209e-06 3.97374e-06 
5.02464e-06 5.26056e-06 6.2253e-06 8.0205e-06 1.08241e-05 1.49021e-05 2.06215e-05 2.84672e-05 3.90618e-05 5.3188e-05 7.1813e-05 9.61127e-05 0.000127497 0.00016763 0.000218451 0.00028218 0.000361329 0.000458685 0.000577293 0.000720419 0.000891495 0.00109405 0.00133161 0.00160761 0.00192527 0.00228743 0.00269647 0.00315409 0.00366124 0.00421794 0.00482318 0.00547486 0.00616964 0.006903 0.00766919 0.0084613 0.00927132 0.0100903 0.0109085 0.0117154 0.0125004 0.0132526 0.0139609 0.014615 0.0152049 0.0157214 0.0161565 0.016503 0.0167556 0.0169102 0.0169641 0.0169166 0.0167685 0.0165222 0.0161818 0.0157527 0.0152418 0.0146573 0.0140082 0.0133044 0.0125564 0.011775 0.0109712 0.0101555 0.00933852 0.00852982 0.00773841 0.00697228 0.00623837 0.00554243 0.00488903 0.00428154 0.00372212 0.00321186 0.0027508 0.00233806 0.00197202 0.00165039 0.00137039 0.00112887 0.000922476 0.00074772 0.000601122 0.000479284 0.000378963 0.00029713 0.000230999 0.000178059 0.000136078 0.000103101 7.74459e-05 5.76798e-05 4.2603e-05 3.12243e-05 2.27367e-05 1.64942e-05 1.19897e-05 8.83523e-06 6.74512e-06 5.52469e-06 
6.95707e-06 7.28689e-06 8.61712e-06 1.10859e-05 1.49348e-05 2.05235e-05 2.8348e-05 3.90618e-05 5.35018e-05 7.27176e-05 9.8002e-05 0.000130923 0.000173354 0.0002275 0.00029592 0.000381537 0.000487639 0.000617865 0.000776174 0.000966789 0.00119413 0.00146271 0.00177701 0.00214138 0.00255982 0.00303586 0.00357236 0.0041713 0.00483368 0.00555928 0.00634657 0.00719256 0.00809279 0.00904122 0.0100303 0.0110511 0.0120932 0.0131451 0.0141944 0.0152279 0.0162319 0.0171926 0.0180964 0.0189301 0.0196812 0.0203382 0.0208912 0.0213313 0.0216518 0.0218476 0.0219155 0.0218546 0.0216658 0.0213522 0.0209187 0.0203723 0.0197215 0.0189764 0.0181484 0.0172499 0.016294 0.0152943 0.0142646 0.0132185 0.0121692 0.011129 0.0101095 0.00912089 0.00817228 0.00727117 0.00642361 0.00563413 0.00490575 0.00424007 0.00363738 0.00309679 0.00261639 0.00219341 0.00182443 0.0015055 0.00123239 0.00100067 0.000805888 0.00064367 0.00050983 0.000400431 0.000311848 0.000240793 0.000184335 0.000139902 0.000105267 7.85317e-05 5.81018e-05 4.26552e-05 3.11135e-05 2.26112e-05 1.64671e-05 1.21594e-05 9.30332e-06 7.63623e-06 
9.55989e-06 1.0017e-05 1.18367e-05 1.52056e-05 2.04484e-05 2.80486e-05 3.86705e-05 5.3188e-05 7.27176e-05 9.86552e-05 0.000132716 0.000176974 0.000233898 0.000306386 0.000397789 0.000511921 0.000653055 0.000825902 0.00103556 0.00128745 0.00158721 0.00194056 0.00235316 0.00283043 0.00337731 0.00399812 0.00469624 0.00547396 0.00633222 0.00727043 0.00828633 0.00937579 0.0105328 0.0117495 0.013016 0.0143207 0.0156505 0.0169906 0.0183253 0.0196379 0.0209114 0.0221284 0.0232719 0.0243256 0.0252739 0.0261028 0.0267998 0.0273541 0.0277574 0.0280034 0.0280883 0.0280108 0.0277722 0.0273762 0.026829 0.0261391 0.025317 0.0243753 0.0233279 0.0221903 0.0209789 0.0197105 0.0184025 0.0170718 0.0157351 0.014408 0.0131052 0.0118398 0.0106235 0.00946607 0.00837537 0.00735748 0.00641655 0.00555492 0.00477325 0.0040707 0.00344509 0.00289312 0.0024106 0.00199269 0.00163406 0.00132915 0.0010723 0.000857963 0.000680753 0.000535611 0.000417848 0.000323197 0.000247843 0.000188421 0.000142014 0.000106125 7.86482e-05 5.78368e-05 4.22596e-05 3.07659e-05 2.24482e-05 1.66097e-05 1.2736e-05 1.04756e-05 
1.30275e-05 1.36551e-05 1.61232e-05 2.06812e-05 2.77623e-05 3.80103e-05 5.23078e-05 7.1813e-05 9.8002e-05 0.000132716 0.00017821 0.000237202 0.00031292 0.000409137 0.000530202 0.000681044 0.000867169 0.00109462 0.0013699 0.00169989 0.00209172 0.00255257 0.00308949 0.00370917 0.00441767 0.00522014 0.00612057 0.00712147 0.00822365 0.00942595 0.0107251 0.0121154 0.013589 0.0151356 0.0167425 0.0183949 0.0200761 0.0217675 0.0234494 0.025101 0.0267011 0.0282283 0.0296615 0.0309807 0.0321668 0.0332025 0.0340727 0.0347643 0.0352669 0.0355731 0.0356782 0.0355807 0.0352821 0.034787 0.0341029 0.0332402 0.0322117 0.0310327 0.0297204 0.0282938 0.0267729 0.0251787 0.0235325 0.0218555 0.0201684 0.0184908 0.0168413 0.0152364 0.0136909 0.0122175 0.0108265 0.00952578 0.00832102 0.00721557 0.00621066 0.00530559 0.00449794 0.00378387 0.00315833 0.00261539 0.00214848 0.00175068 0.00141488 0.00113407 0.000901417 0.000710473 0.000555232 0.000430207 0.000330472 0.00025167 0.000190008 0.000142229 0.000105583 7.77759e-05 5.69264e-05 4.15175e-05 3.03503e-05 2.25024e-05 1.72918e-05 1.42523e-05 
1.76002e-05 1.84537e-05 2.17715e-05 2.7884e-05 3.73641e-05 5.10609e-05 7.01367e-05 9.61127e-05 0.000130923 0.000176974 0.000237202 0.00031514 0.000414964 0.000541544 0.00070047 0.000898056 0.00114132 0.00143794 0.00179613 0.00222455 0.0027321 0.0033277 0.00402004 0.00481727 0.00572671 0.00675446 0.00790506 0.00918122 0.0105834 0.0121096 0.0137553 0.0155128 0.0173717 0.0193188 0.0213379 0.0234103 0.025515 0.027629 0.0297276 0.0317853 0.0337758 0.0356732 0.0374516 0.0390865 0.0405551 0.0418363 0.0429117 0.0437657 0.0443859 0.0447632 0.0448921 0.0447708 0.044401 0.0437884 0.0429419 0.041874 0.0406002 0.0391391 0.0375115 0.0357403 0.0338499 0.0318661 0.0298147 0.027722 0.0256135 0.0235135 0.021445 0.019429 0.017484 0.0156262 0.0138689 0.0122223 0.0106941 0.00928902 0.00800901 0.00685372 0.00582059 0.00490519 0.00410155 0.00340253 0.00280011 0.00228574 0.00185063 0.00148598 0.00118324 0.000934251 0.0007314 0.000567699 0.000436848 0.000333254 0.000252033 0.00018898 0.000140526 0.000103693 7.60271e-05 5.55474e-05 4.06835e-05 3.02254e-05 2.32767e-05 1.92244e-05 
2.35706e-05 2.47203e-05 2.91403e-05 3.72644e-05 4.98432e-05 6.79868e-05 9.32113e-05 0.000127497 0.000173354 0.000233898 0.00031292 0.000414964 0.000545388 0.000710415 0.00091716 0.00117363 0.0014887 0.00187199 0.00233381 0.00288492 0.00353632 0.00429897 0.00518344 0.00619957 0.00735603 0.00865992 0.0101163 0.011728 0.0134948 0.0154137 0.0174782 0.0196782 0.0220004 0.0244276 0.0269397 0.0295131 0.0321218 0.0347373 0.0373294 0.039867 0.0423181 0.0446512 0.0468352 0.0488408 0.0506402 0.0522086 0.053524 0.0545677 0.055325 0.0557852 0.0559417 0.0557923 0.0553393 0.0545891 0.0535527 0.0522447 0.0506837 0.0488918 0.0468938 0.0447174 0.0423919 0.0399483 0.037418 0.0348328 0.0322239 0.0296212 0.027053 0.0245454 0.0221216 0.0198019 0.0176031 0.0155387 0.0136187 0.0118496 0.0102345 0.00877361 0.00746433 0.0063017 0.00527878 0.00438705 0.00361687 0.00295783 0.00239911 0.00192987 0.00153946 0.00121769 0.000954997 0.000742561 0.000572406 0.000437426 0.000331388 0.000248908 0.000185406 0.000137044 0.000100655 7.3674e-05 5.40626e-05 4.02475e-05 3.10618e-05 2.57061e-05 
3.12905e-05 3.28243e-05 3.86598e-05 4.93613e-05 6.5903e-05 8.9723e-05 0.000122781 0.00016763 0.0002275 0.000306386 0.000409137 0.000541544 0.000710415 0.000923625 0.00119015 0.00152004 0.00192438 0.00241517 0.00300515 0.00370757 0.00453589 0.00550339 0.00662281 0.00790583 0.0093626 0.0110012 0.0128273 0.0148432 0.0170482 0.0194374 0.0220021 0.0247293 0.0276016 0.0305976 0.0336918 0.0368554 0.0400561 0.0432594 0.0464286 0.0495259 0.0525131 0.0553523 0.0580067 0.0604411 0.062623 0.0645228 0.0661147 0.0673769 0.0682919 0.0688473 0.0690353 0.0688535 0.0683044 0.0673958 0.0661402 0.0645551 0.0626623 0.0604878 0.0580609 0.0554144 0.0525833 0.0496042 0.0465151 0.043354 0.0401585 0.0369652 0.0338085 0.0307202 0.0277294 0.0248611 0.0221367 0.0195735 0.0171843 0.0149781 0.0129595 0.0111295 0.00948577 0.00802287 0.00673286 0.00560578 0.00463014 0.00379342 0.00308251 0.00248414 0.00198521 0.00157312 0.00123596 0.000962738 0.000743445 0.000569129 0.000431914 0.000324975 0.000242484 0.000179543 0.000132102 9.68664e-05 7.12176e-05 5.31277e-05 4.10907e-05 3.4074e-05 
4.11767e-05 4.32039e-05 5.08393e-05 6.48104e-05 8.63704e-05 0.000117365 0.000160304 0.000218451 0.00029592 0.000397789 0.000530202 0.00070047 0.00091716 0.00119015 0.00153063 0.00195113 0.00246535 0.00308807 0.00383491 0.00472199 0.00576558 0.00698165 0.00838529 0.00999022 0.0118081 0.013848 0.0161158 0.0186135 0.0213389 0.0242852 0.0274405 0.0307881 0.0343059 0.0379673 0.0417408 0.0455909 0.0494786 0.0533619 0.057197 0.0609388 0.0645417 0.0679611 0.0711534 0.0740775 0.0766953 0.0789724 0.0808787 0.0823889 0.0834828 0.084146 0.0843697 0.0841509 0.0834926 0.0824038 0.0808991 0.0789986 0.0767277 0.0741166 0.0711998 0.0680152 0.0646042 0.0610099 0.0572771 0.0534512 0.049577 0.0456983 0.0418568 0.0380912 0.0344369 0.030925 0.0275821 0.0244301 0.0214856 0.0187603 0.0162612 0.0139905 0.0119461 0.0101224 0.00851061 0.00709913 0.00587451 0.00482188 0.00392551 0.00316934 0.00253745 0.0020144 0.00158554 0.00123726 0.000957141 0.000734015 0.000558024 0.000420592 0.000314375 0.000233179 0.000171868 0.000126256 9.30038e-05 6.95229e-05 5.38868e-05 4.47738e-05 
5.37166e-05 5.63706e-05 6.62724e-05 8.4351e-05 0.000112204 0.000152178 0.00020746 0.00028218 0.000381537 0.000511921 0.000681044 0.000898056 0.00117363 0.00152004 0.00195113 0.0024823 0.00313038 0.00391337 0.0048502 0.00596031 0.00726315 0.00877763 0.0105215 0.0125105 0.0147579 0.0172737 0.0200636 0.0231289 0.0264655 0.0300639 0.0339085 0.0379777 0.0422442 0.0466748 0.051231 0.0558699 0.0605445 0.0652047 0.0697985 0.0742725 0.0785734 0.0826488 0.0864481 0.0899237 0.0930316 0.0957322 0.0979908 0.0997786 0.101073 0.101856 0.10212 0.101859 0.101079 0.0997879 0.0980038 0.0957495 0.0930539 0.0899517 0.0864826 0.0826906 0.0786234 0.0743315 0.0698671 0.0652836 0.0606338 0.0559699 0.0513414 0.0467952 0.042374 0.0381158 0.0340536 0.0302146 0.0266202 0.0232857 0.0202207 0.0174292 0.0149101 0.0126577 0.0106622 0.00891066 0.00738746 0.00607515 0.00495508 0.00400807 0.00321492 0.00255692 0.00201625 0.00157622 0.00122155 0.000938456 0.000714708 0.000539631 0.000404056 0.000300222 0.000221676 0.000163144 0.000120409 9.01943e-05 7.00589e-05 5.83255e-05 
6.94715e-05 7.2914e-05 8.56415e-05 0.00010883 0.000144497 0.000195602 0.000266151 0.000361329 0.000487639 0.000653055 0.000867169 0.00114132 0.0014887 0.00192438 0.00246535 0.00313038 0.00393987 0.00491559 0.00608022 0.00745693 0.00906872 0.0109377 0.0130845 0.0155269 0.0182799 0.0213537 0.0247541 0.0284807 0.0325271 0.0368802 0.0415198 0.0464188 0.051543 0.056852 0.0622993 0.0678332 0.073398 0.0789344 0.0843812 0.0896763 0.0947577 0.0995649 0.10404 0.108128 0.111779 0.114948 0.117596 0.11969 0.121205 0.122121 0.122428 0.122122 0.121206 0.119692 0.1176 0.114954 0.111788 0.108141 0.104058 0.0995897 0.0947902 0.0897177 0.0844327 0.0789969 0.0734723 0.0679198 0.0623984 0.0569634 0.0516663 0.0465531 0.041664 0.0370327 0.0326862 0.0286444 0.0249203 0.0215204 0.0184449 0.0156883 0.0132402 0.0110863 0.00920875 0.00758733 0.00620021 0.00502469 0.00403793 0.00321746 0.00254179 0.0019907 0.00154557 0.00118951 0.000907515 0.000686416 0.000514865 0.000383229 0.000283471 0.000209006 0.000154556 0.000116011 9.03048e-05 7.53267e-05 
8.90781e-05 9.35026e-05 0.000109719 0.000139204 0.000184481 0.000249248 0.000338501 0.000458685 0.000617865 0.000825902 0.00109462 0.00143794 0.00187199 0.00241517 0.00308807 0.00391337 0.00491559 0.00612071 0.00755569 0.00924783 0.011224 0.0135099 0.0161288 0.0191009 0.0224423 0.0261637 0.0302698 0.0347585 0.03962 0.0448367 0.0503828 0.0562244 0.0623198 0.0686199 0.075069 0.081606 0.0881648 0.0946765 0.10107 0.107274 0.113216 0.118828 0.124045 0.128804 0.133048 0.136728 0.1398 0.142228 0.143982 0.145042 0.145396 0.145039 0.143977 0.142221 0.139792 0.136719 0.13304 0.128798 0.124042 0.118831 0.113226 0.107292 0.101098 0.0947165 0.0882176 0.0816726 0.0751502 0.0687159 0.0624304 0.056349 0.0505204 0.0449859 0.039779 0.0349252 0.030442 0.0263389 0.0226181 0.0192749 0.0162986 0.0136735 0.0113797 0.00939407 0.00769135 0.00624499 0.00502807 0.00401394 0.0031769 0.00249269 0.00193883 0.00149487 0.00114252 0.000865696 0.000650483 0.000485029 0.000359413 0.000265487 0.000196703 0.000147952 0.000115412 9.64545e-05 
0.000113248 0.000118883 0.000139366 0.000176532 0.000233515 0.000314893 0.000426837 0.000577293 0.000776174 0.00103556 0.0013699 0.00179613 0.00233381 0.00300515 0.00383491 0.0048502 0.00608022 0.00755569 0.0093083 0.0113699 0.0137715 0.0165423 0.0197088 0.0232932 0.0273123 0.031777 0.0366903 0.0420474 0.0478343 0.0540279 0.0605958 0.0674959 0.0746778 0.0820825 0.0896442 0.0972908 0.104946 0.112529 0.119959 0.127154 0.134033 0.140519 0.146538 0.15202 0.156904 0.161133 0.16466 0.167444 0.169455 0.170669 0.171073 0.170662 0.169442 0.167426 0.164637 0.161107 0.156876 0.151991 0.14651 0.140495 0.134015 0.127143 0.119958 0.11254 0.10497 0.0973305 0.0897003 0.0821559 0.0747686 0.0676041 0.0607204 0.0541679 0.0479878 0.0422123 0.0368642 0.0319571 0.027496 0.0234775 0.0198911 0.01672 0.0139422 0.0115318 0.00945983 0.00769566 0.00620785 0.00496512 0.00393708 0.00309487 0.00241162 0.00186276 0.00142625 0.0010826 0.000814901 0.000608701 0.000451865 0.000334394 0.000248238 0.000187097 0.000146256 0.000122463 
0.000142762 0.000149874 0.000175524 0.000221974 0.000293078 0.000394456 0.000533667 0.000720419 0.000966789 0.00128745 0.00169989 0.00222455 0.00288492 0.00370757 0.00472199 0.00596031 0.00745693 0.00924783 0.0113699 0.0138597 0.0167529 0.0200824 0.0238773 0.0281619 0.0329535 0.0382621 0.0440886 0.0504244 0.0572503 0.0645366 0.0722426 0.0803174 0.0887001 0.0973211 0.106103 0.114962 0.123809 0.132554 0.141104 0.149366 0.15725 0.16467 0.171544 0.177795 0.183357 0.188167 0.192174 0.195335 0.197615 0.198991 0.199447 0.19898 0.197594 0.195305 0.192136 0.188122 0.183306 0.177741 0.171488 0.164615 0.157199 0.149321 0.141067 0.132529 0.123799 0.114967 0.106127 0.0973644 0.0887638 0.0804018 0.0723473 0.0646605 0.057392 0.0505818 0.0442591 0.0384428 0.0331413 0.0283535 0.0240696 0.0202723 0.0169376 0.0140367 0.0115371 0.00940366 0.00760017 0.00609026 0.00483833 0.00381039 0.00297463 0.00230181 0.00176557 0.00134255 0.00101236 0.000757537 0.00056336 0.000417674 0.00031066 0.000234624 0.000183791 0.000154181 
0.000178463 0.00018736 0.000219207 0.00027677 0.000364746 0.000489976 0.00066164 0.000891495 0.00119413 0.00158721 0.00209172 0.0027321 0.00353632 0.00453589 0.00576558 0.00726315 0.00906872 0.011224 0.0137715 0.0167529 0.0202084 0.0241746 0.0286835 0.0337605 0.0394232 0.0456798 0.0525283 0.059955 0.0679345 0.0764289 0.0853883 0.0947512 0.104445 0.114389 0.124492 0.134658 0.144787 0.154774 0.164516 0.173911 0.182857 0.191261 0.199032 0.206089 0.212358 0.217773 0.222279 0.22583 0.22839 0.229933 0.230444 0.229918 0.228361 0.225787 0.222224 0.217707 0.212282 0.206006 0.198944 0.191171 0.182768 0.173826 0.164439 0.154707 0.144734 0.134622 0.124476 0.114394 0.104474 0.094804 0.0854653 0.0765295 0.0680574 0.0600984 0.0526895 0.0458558 0.0396105 0.0339556 0.0288827 0.0243744 0.0204052 0.0169438 0.0139537 0.0113955 0.00922773 0.00740856 0.00589673 0.00465258 0.00363878 0.00282086 0.00216759 0.00165118 0.00124729 0.000934983 0.000696567 0.000517384 0.000385565 0.000291788 0.000229044 0.000192496 
0.000221241 0.000232273 0.000271483 0.000342219 0.000450164 0.000603571 0.000813492 0.00109405 0.00146271 0.00194056 0.00255257 0.0033277 0.00429897 0.00550339 0.00698165 0.00877763 0.0109377 0.0135099 0.0165423 0.0200824 0.0241746 0.0288594 0.0341709 0.0401356 0.0467702 0.0540806 0.0620603 0.0706898 0.0799357 0.0897508 0.100074 0.110833 0.121942 0.133306 0.144822 0.156379 0.167865 0.179163 0.190158 0.200737 0.21079 0.220214 0.228913 0.2368 0.243794 0.249829 0.254845 0.258794 0.261638 0.263351 0.263918 0.263332 0.2616 0.258737 0.254772 0.24974 0.243692 0.236686 0.228791 0.220086 0.210659 0.200608 0.190035 0.179049 0.167764 0.156296 0.144759 0.133267 0.121928 0.110847 0.100116 0.0898203 0.0800324 0.0708121 0.0622057 0.0542459 0.0469519 0.0403297 0.0343733 0.0290659 0.0243813 0.0202854 0.0167385 0.0136964 0.0111123 0.00893865 0.00712801 0.00563457 0.0044149 0.00342875 0.00263944 0.00201419 0.00152419 0.00114457 0.000854231 0.000635655 0.000474613 0.000359902 0.000283091 0.000238349 
0.000272018 0.000285578 0.000333451 0.000419657 0.000551012 0.000737388 0.000991982 0.00133161 0.00177701 0.00235316 0.00308949 0.00402004 0.00518344 0.00662281 0.00838529 0.0105215 0.0130845 0.0161288 0.0197088 0.0238773 0.0286835 0.0341709 0.0403757 0.0473244 0.0550323 0.0635015 0.0727201 0.0826611 0.0932819 0.104524 0.116316 0.128569 0.141186 0.154057 0.167063 0.180082 0.192986 0.205647 0.217938 0.229737 0.240924 0.25139 0.261033 0.269759 0.277487 0.284145 0.289672 0.294019 0.297148 0.299031 0.299653 0.299007 0.297101 0.29395 0.289581 0.284034 0.277358 0.269615 0.260875 0.251223 0.240751 0.229562 0.217766 0.205482 0.192833 0.179945 0.166947 0.153965 0.141122 0.128536 0.116314 0.104555 0.0933447 0.0827548 0.0728425 0.0636496 0.0552024 0.0475123 0.0405768 0.0343805 0.028897 0.0240903 0.0199173 0.0163292 0.0132741 0.0106979 0.00854704 0.00676887 0.00531343 0.00413406 0.00318809 0.00243718 0.00184752 0.00138981 0.00103911 0.000774638 0.000579487 0.000440308 0.000347037 0.000292707 
0.00033172 0.000348246 0.000406214 0.000510416 0.000668952 0.000893542 0.00119981 0.00160761 0.00214138 0.00283043 0.00370917 0.00481727 0.00619957 0.00790583 0.00999022 0.0125105 0.0155269 0.0191009 0.0232932 0.0281619 0.0337605 0.0401356 0.0473244 0.0553529 0.0642336 0.0739638 0.0845247 0.0958802 0.107977 0.120745 0.134097 0.147932 0.162136 0.176584 0.191143 0.205676 0.220042 0.2341 0.247713 0.260748 0.273081 0.284593 0.295178 0.30474 0.313193 0.320466 0.326496 0.331234 0.334641 0.336691 0.337366 0.336663 0.334586 0.331152 0.326388 0.320334 0.313039 0.304565 0.294985 0.284386 0.272864 0.260526 0.24749 0.233881 0.219832 0.205481 0.190969 0.176434 0.162015 0.147844 0.134044 0.120729 0.107998 0.0959377 0.0846168 0.0740878 0.0643857 0.0555288 0.0475191 0.0403439 0.0339772 0.0283819 0.0235118 0.0193138 0.0157306 0.0127019 0.0101672 0.00806695 0.006344 0.00494481 0.00382012 0.0029255 0.00222158 0.00167411 0.00125388 0.000936441 0.000701852 0.00053434 0.00042199 0.000356545 
0.000401255 0.000421226 0.000490847 0.000615782 0.000805584 0.00107405 0.00143952 0.00192527 0.00255982 0.00337731 0.00441767 0.00572671 0.00735603 0.0093626 0.0118081 0.0147579 0.0182799 0.0224423 0.0273123 0.0329535 0.0394232 0.0467702 0.0550323 0.0642336 0.0743826 0.0854707 0.0974704 0.110335 0.123999 0.138378 0.15337 0.168858 0.184712 0.200791 0.216946 0.233026 0.248877 0.264345 0.279285 0.293555 0.307022 0.319566 0.331075 0.341452 0.350611 0.358478 0.364993 0.370106 0.37378 0.375988 0.376716 0.375957 0.373717 0.370013 0.36487 0.358327 0.350433 0.341249 0.33085 0.319322 0.306763 0.293286 0.279011 0.264072 0.248609 0.232771 0.21671 0.200579 0.18453 0.16871 0.15326 0.138308 0.123971 0.110349 0.0975249 0.0855634 0.0745101 0.0643913 0.0552151 0.0469725 0.0396391 0.0331773 0.0275384 0.0226657 0.0184962 0.0149634 0.0119999 0.0095387 0.00751509 0.00586814 0.00454148 0.00348401 0.0026503 0.00200065 0.00150107 0.00112306 0.000843297 0.000643281 0.000509022 0.00043081 
0.000481478 0.000505409 0.000588354 0.000736951 0.000962377 0.00128074 0.00171341 0.00228743 0.00303586 0.00399812 0.00522014 0.00675446 0.00865992 0.0110012 0.013848 0.0172737 0.0213537 0.0261637 0.031777 0.0382621 0.0456798 0.0540806 0.0635015 0.0739638 0.0854707 0.0980056 0.111531 0.125989 0.141298 0.157359 0.174055 0.19125 0.208798 0.226541 0.244315 0.261953 0.279289 0.29616 0.31241 0.32789 0.342463 0.356004 0.368402 0.379557 0.389386 0.397814 0.404785 0.41025 0.414173 0.41653 0.417306 0.416496 0.414105 0.410148 0.40465 0.397647 0.389187 0.37933 0.368148 0.355726 0.342165 0.327576 0.312086 0.295833 0.278964 0.261637 0.244014 0.226263 0.20855 0.191037 0.173881 0.15723 0.141214 0.125952 0.111541 0.0980601 0.0855667 0.074097 0.0636666 0.0542716 0.0458904 0.0384858 0.0320075 0.0263952 0.0215809 0.0174921 0.0140539 0.011192 0.00883358 0.00690997 0.00535717 0.00411691 0.00313713 0.00237221 0.00178293 0.00133631 0.00100527 0.000768317 0.000609133 0.000516394 
0.000573153 0.000601592 0.000699626 0.000874972 0.0011406 0.00151518 0.00202341 0.00269647 0.00357236 0.00469624 0.00612057 0.00790506 0.0101163 0.0128273 0.0161158 0.0200636 0.0247541 0.0302698 0.0366903 0.0440886 0.0525283 0.0620603 0.0727201 0.0845247 0.0974704 0.111531 0.126658 0.142778 0.159796 0.177595 0.196038 0.214975 0.23424 0.253658 0.27305 0.292236 0.311036 0.329278 0.346798 0.363443 0.379072 0.393559 0.406792 0.418674 0.429122 0.438068 0.445456 0.451241 0.455391 0.457883 0.458703 0.457847 0.455319 0.451133 0.445312 0.437889 0.428908 0.418427 0.406513 0.393252 0.37874 0.36309 0.34643 0.3289 0.310655 0.291859 0.272686 0.253314 0.233923 0.214693 0.195798 0.1774 0.15965 0.142684 0.126616 0.111541 0.0975283 0.084627 0.0728616 0.0622347 0.0527288 0.0443081 0.0369218 0.0305066 0.02499 0.0202933 0.0163348 0.013032 0.0103043 0.00807468 0.00627102 0.00482746 0.00368482 0.00279108 0.00210134 0.00157771 0.00118903 0.000910481 0.000723203 0.00061409 
0.000676915 0.000710438 0.000825397 0.00103069 0.00134127 0.00177858 0.00237097 0.00315409 0.0041713 0.00547396 0.00712147 0.00918122 0.011728 0.0148432 0.0186135 0.0231289 0.0284807 0.0347585 0.0420474 0.0504244 0.059955 0.0706898 0.0826611 0.0958802 0.110335 0.125989 0.142778 0.160615 0.179387 0.198959 0.219177 0.239868 0.26085 0.281932 0.30292 0.323618 0.343838 0.363398 0.382128 0.399872 0.416488 0.43185 0.445849 0.45839 0.469397 0.478805 0.486562 0.49263 0.496978 0.499588 0.500446 0.499551 0.496904 0.492518 0.486413 0.478618 0.469173 0.45813 0.445552 0.43152 0.416128 0.399486 0.38172 0.362974 0.343405 0.323185 0.302494 0.281523 0.260466 0.239516 0.218865 0.198695 0.179175 0.160459 0.142679 0.125947 0.110349 0.0959456 0.082773 0.070842 0.0601404 0.0506353 0.0422761 0.0349975 0.0287229 0.023368 0.0188441 0.0150611 0.0119298 0.00936473 0.00728539 0.0056178 0.00429528 0.0032589 0.00245768 0.00184843 0.00139555 0.0010706 0.000851953 0.000724553 
0.000793232 0.00083243 0.000966189 0.00120471 0.00156506 0.00207171 0.00275694 0.00366124 0.00483368 0.00633222 0.00822365 0.0105834 0.0134948 0.0170482 0.0213389 0.0264655 0.0325271 0.03962 0.0478343 0.0572503 0.0679345 0.0799357 0.0932819 0.107977 0.123999 0.141298 0.159796 0.179387 0.199941 0.221302 0.243297 0.265734 0.288413 0.311125 0.333661 0.355815 0.377388 0.398191 0.418051 0.436809 0.454325 0.470476 0.485156 0.498278 0.50977 0.519575 0.527647 0.533953 0.538468 0.541176 0.542067 0.541139 0.538394 0.533842 0.527498 0.519387 0.509543 0.498011 0.48485 0.470132 0.453946 0.436397 0.417611 0.397729 0.37691 0.355331 0.333178 0.310653 0.287961 0.265313 0.242915 0.220967 0.199659 0.179164 0.159635 0.1412 0.123963 0.108 0.0933586 0.0800604 0.0680998 0.0574482 0.0480564 0.0398579 0.0327729 0.0267119 0.0215796 0.0172781 0.0137098 0.0107804 0.00840089 0.00648875 0.00496935 0.00377652 0.00285274 0.00214918 0.00162545 0.00124923 0.000995889 0.000848256 
0.00092236 0.00096783 0.00112228 0.00139728 0.00181222 0.00239481 0.0031815 0.00421794 0.00555928 0.00727043 0.00942595 0.0121096 0.0154137 0.0194374 0.0242852 0.0300639 0.0368802 0.0448367 0.0540279 0.0645366 0.0764289 0.0897508 0.104524 0.120745 0.138378 0.157359 0.177595 0.198959 0.221302 0.244449 0.268203 0.292356 0.316688 0.340974 0.364991 0.388522 0.411361 0.433314 0.454204 0.473875 0.492189 0.509029 0.524295 0.537907 0.549802 0.559931 0.568257 0.574753 0.579399 0.582185 0.583102 0.58215 0.579329 0.574646 0.568113 0.559748 0.549579 0.537642 0.523987 0.508679 0.4918 0.473447 0.453742 0.432822 0.410846 0.387993 0.364456 0.340444 0.316173 0.291867 0.26775 0.244042 0.220949 0.198667 0.177368 0.1572 0.138287 0.120719 0.104561 0.0898428 0.0765693 0.0647169 0.0542393 0.04507 0.0371266 0.0303152 0.0245342 0.0196779 0.0156408 0.0123196 0.0096162 0.00743955 0.00570671 0.00434384 0.00328659 0.00248012 0.00187895 0.00144661 0.00115526 0.000985453 
0.00106431 0.00111664 0.00129363 0.00160833 0.00208257 0.0027475 0.00364401 0.00482318 0.00634657 0.00828633 0.0107251 0.0137553 0.0174782 0.0220021 0.0274405 0.0339085 0.0415198 0.0503828 0.0605958 0.0722426 0.0853883 0.100074 0.116316 0.134097 0.15337 0.174055 0.196038 0.219177 0.243297 0.268203 0.29368 0.319497 0.345417 0.3712 0.396611 0.421423 0.445423 0.468414 0.490222 0.510691 0.529689 0.547106 0.562852 0.576857 0.589068 0.599444 0.607958 0.614591 0.619332 0.622172 0.623109 0.62214 0.619267 0.614493 0.607824 0.599271 0.588855 0.576602 0.562553 0.546761 0.529299 0.510257 0.489747 0.467903 0.44488 0.420858 0.396033 0.370619 0.344844 0.318944 0.293159 0.267726 0.242872 0.218814 0.195743 0.173831 0.15322 0.134019 0.116307 0.100129 0.0854992 0.0724011 0.0607925 0.050608 0.0417639 0.0341623 0.0276958 0.0222518 0.0177163 0.0139773 0.0109279 0.00846779 0.00650568 0.00495977 0.00375853 0.00284082 0.0021558 0.00166262 0.00133001 0.00113613 
0.0012188 0.00127857 0.00147987 0.00183734 0.00237537 0.00312873 0.00414298 0.00547486 0.00719256 0.00937579 0.0121154 0.0155128 0.0196782 0.0247293 0.0307881 0.0379777 0.0464188 0.0562244 0.0674959 0.0803174 0.0947512 0.110833 0.128569 0.147932 0.168858 0.19125 0.214975 0.239868 0.265734 0.292356 0.319497 0.346907 0.374332 0.401518 0.428218 0.454197 0.479239 0.503146 0.525745 0.546887 0.566446 0.584323 0.600439 0.614735 0.627168 0.637711 0.646347 0.653065 0.657861 0.660734 0.661682 0.660706 0.657805 0.652978 0.646227 0.637556 0.626974 0.614498 0.600157 0.583993 0.566067 0.546458 0.525269 0.502626 0.47868 0.453607 0.427605 0.400893 0.373708 0.346296 0.318912 0.291811 0.26524 0.239434 0.214611 0.19096 0.168646 0.147798 0.128511 0.110846 0.0948284 0.08045 0.0676743 0.0564382 0.0466575 0.0382314 0.0310475 0.0249863 0.0199261 0.015746 0.0123301 0.00956922 0.00736318 0.00562207 0.00426696 0.00323016 0.00245522 0.0018967 0.00151974 0.00129999 
0.00138526 0.001453 0.00168027 0.00208335 0.00268933 0.00353674 0.00467597 0.00616964 0.00809279 0.0105328 0.013589 0.0173717 0.0220004 0.0276016 0.0343059 0.0422442 0.051543 0.0623198 0.0746778 0.0887001 0.104445 0.121942 0.141186 0.162136 0.184712 0.208798 0.23424 0.26085 0.288413 0.316688 0.345417 0.374332 0.403162 0.431641 0.459512 0.486534 0.512487 0.537177 0.560434 0.582117 0.602111 0.620327 0.636699 0.651182 0.663745 0.674375 0.683065 0.689815 0.694629 0.697511 0.698464 0.697488 0.694583 0.689744 0.682965 0.674242 0.663576 0.65097 0.636442 0.620021 0.601752 0.581704 0.559968 0.536659 0.511922 0.485928 0.458874 0.430983 0.402496 0.37367 0.344774 0.316079 0.287851 0.260347 0.233806 0.208441 0.184436 0.161943 0.141076 0.12191 0.104485 0.0888033 0.0748342 0.0625188 0.0517734 0.0424952 0.0345673 0.0278643 0.0222566 0.0176152 0.0138149 0.0107377 0.00827459 0.00632732 0.00480936 0.00364629 0.00277586 0.00214784 0.00172369 0.00147638 
0.00156276 0.00163896 0.0018937 0.00234494 0.00302257 0.003969 0.0052396 0.006903 0.00904122 0.0117495 0.0151356 0.0193188 0.0244276 0.0305976 0.0379673 0.0466748 0.056852 0.0686199 0.0820825 0.0973211 0.114389 0.133306 0.154057 0.176584 0.200791 0.226541 0.253658 0.281932 0.311125 0.340974 0.3712 0.401518 0.431641 0.461292 0.490204 0.518135 0.544863 0.570198 0.593977 0.616068 0.636369 0.654803 0.671319 0.685886 0.698489 0.709127 0.717807 0.724538 0.729333 0.732202 0.733153 0.732186 0.7293 0.724485 0.71773 0.709023 0.698351 0.685708 0.671096 0.654529 0.63604 0.615682 0.593531 0.569694 0.544303 0.517525 0.489553 0.460609 0.430941 0.400813 0.370507 0.340307 0.3105 0.281363 0.253157 0.226117 0.200451 0.176332 0.153892 0.133227 0.114388 0.0973916 0.0822139 0.0688012 0.0570714 0.0469206 0.0382285 0.0308641 0.0246908 0.0195713 0.0153718 0.0119652 0.00923379 0.00707089 0.00538226 0.0040866 0.00311576 0.00241458 0.00194068 0.00166433 
0.00175005 0.00183513 0.00211861 0.00262019 0.00337261 0.00442224 0.00582953 0.00766919 0.0100303 0.013016 0.0167425 0.0213379 0.0269397 0.0336918 0.0417408 0.051231 0.0622993 0.075069 0.0896442 0.106103 0.124492 0.144822 0.167063 0.191143 0.216946 0.244315 0.27305 0.30292 0.333661 0.364991 0.396611 0.428218 0.459512 0.490204 0.520024 0.548725 0.57609 0.601931 0.626096 0.648464 0.668947 0.687482 0.704034 0.718589 0.731146 0.741719 0.750327 0.756992 0.761734 0.76457 0.765512 0.764562 0.761715 0.75696 0.750278 0.741647 0.731044 0.71845 0.703852 0.687249 0.668657 0.648114 0.625681 0.601451 0.575546 0.548122 0.51937 0.489508 0.458787 0.427479 0.395874 0.364273 0.332979 0.302289 0.272484 0.243826 0.216543 0.190831 0.166843 0.144693 0.124449 0.106138 0.0897479 0.0752299 0.0625051 0.0514694 0.0419998 0.0339605 0.0272083 0.0215982 0.0169881 0.0132419 0.0102331 0.00784693 0.00598122 0.00454776 0.00347238 0.00269494 0.00216915 0.00186249 
0.00194552 0.00203983 0.00235306 0.0029067 0.00373636 0.00489243 0.00644046 0.0084613 0.0110511 0.0143207 0.0183949 0.0234103 0.0295131 0.0368554 0.0455909 0.0558699 0.0678332 0.081606 0.0972908 0.114962 0.134658 0.156379 0.180082 0.205676 0.233026 0.261953 0.292236 0.323618 0.355815 0.388522 0.421423 0.454197 0.486534 0.518135 0.548725 0.578059 0.605921 0.632134 0.656554 0.679074 0.69962 0.718147 0.734636 0.749089 0.761522 0.771963 0.780445 0.787 0.791658 0.794444 0.79537 0.794443 0.791655 0.786991 0.780425 0.771927 0.761461 0.748995 0.734501 0.717962 0.699378 0.678768 0.656179 0.631688 0.605404 0.577473 0.548078 0.517436 0.485795 0.453434 0.420651 0.387761 0.355081 0.32293 0.291609 0.261402 0.232561 0.205304 0.179806 0.1562 0.134571 0.11496 0.0973647 0.0817442 0.0680233 0.0560987 0.0458458 0.0371244 0.0297857 0.0236773 0.0186488 0.014556 0.0112636 0.00864845 0.00660088 0.00502566 0.00384258 0.00298649 0.00240712 0.00206917 
0.00214725 0.00225104 0.00259474 0.00320162 0.00411018 0.00537485 0.00706624 0.00927132 0.0120932 0.0156505 0.0200761 0.025515 0.0321218 0.0400561 0.0494786 0.0605445 0.073398 0.0881648 0.104946 0.123809 0.144787 0.167865 0.192986 0.220042 0.248877 0.279289 0.311036 0.343838 0.377388 0.411361 0.445423 0.479239 0.512487 0.544863 0.57609 0.605921 0.63415 0.660606 0.685159 0.707715 0.728216 0.746636 0.762972 0.777244 0.789484 0.799735 0.808042 0.814451 0.818999 0.821718 0.822624 0.821725 0.819013 0.814466 0.808054 0.799736 0.789466 0.777198 0.762888 0.746504 0.728027 0.70746 0.684831 0.660202 0.633668 0.605363 0.57546 0.544171 0.511744 0.47846 0.444624 0.410563 0.376609 0.343098 0.310353 0.278679 0.248352 0.219611 0.192655 0.167635 0.144655 0.123769 0.104988 0.0882787 0.0735704 0.0607619 0.0497276 0.040324 0.0323969 0.0257873 0.0203373 0.0158942 0.0123147 0.00946738 0.00723501 0.00551551 0.00422267 0.00328631 0.00265224 0.00228232 
0.00235299 0.00246639 0.00284094 0.00350166 0.00448993 0.00586414 0.00769995 0.0100903 0.0131451 0.0169906 0.0217675 0.027629 0.0347373 0.0432594 0.0533619 0.0652047 0.0789344 0.0946765 0.112529 0.132554 0.154774 0.179163 0.205647 0.2341 0.264345 0.29616 0.329278 0.363398 0.398191 0.433314 0.468414 0.503146 0.537177 0.570198 0.601931 0.632134 0.660606 0.687188 0.711762 0.73425 0.754613 0.772839 0.788945 0.802968 0.814957 0.824969 0.833063 0.839295 0.843712 0.84635 0.847233 0.846366 0.843742 0.839334 0.833107 0.825009 0.814984 0.802972 0.788915 0.772764 0.754481 0.734052 0.711488 0.686833 0.660167 0.631611 0.601327 0.569521 0.536438 0.502359 0.467598 0.432487 0.397375 0.362613 0.328545 0.295496 0.263764 0.233613 0.205262 0.178883 0.154597 0.132475 0.112539 0.0947649 0.0790878 0.0654093 0.0536036 0.0435246 0.0350136 0.0279055 0.0220351 0.017242 0.0133749 0.0102947 0.00787663 0.00601191 0.00460843 0.0035911 0.00290178 0.00249957 
