0.00131298 0.00132882 0.00138157 0.00147194 0.00160092 0.00176984 0.00198042 0.00223464 0.00253478 0.00288333 0.00328296 0.00373643 0.00424655 0.0048161 0.00544776 0.00614402 0.0069071 0.00773886 0.00864073 0.00961364 0.0106579 0.0117732 0.0129584 0.0142116 0.0155302 0.0169106 0.0183481 0.0198376 0.0213725 0.0229458 0.0245494 0.0261744 0.0278113 0.0294499 0.0310794 0.0326886 0.0342661 0.0358002 0.0372791 0.0386913 0.0400253 0.0412701 0.0424154 0.0434514 0.044369 0.0451603 0.0458182 0.0463369 0.0467117 0.0469393 0.0470175 0.0469458 0.0467247 0.0463564 0.0458441 0.0451926 0.0444076 0.0434962 0.0424663 0.0413269 0.0400878 0.0387594 0.0373526 0.0358787 0.0343494 0.0327764 0.0311713 0.0295455 0.0279102 0.0262762 0.0246536 0.0230519 0.0214801 0.019946 0.0184569 0.0170192 0.0156382 0.0143184 0.0130634 0.0118761 0.0107581 0.00971079 0.00873441 0.0078287 0.00699278 0.00622526 0.00552431 0.00488774 0.00431311 0.00379777 0.00333898 0.00293395 0.00257995 0.00227433 0.00201461 0.00179855 0.00162414 0.0014897 0.00139389 0.00133583 
0.00132882 0.00134486 0.00139827 0.00148975 0.0016203 0.00179128 0.00200441 0.00226171 0.00256546 0.0029182 0.00332262 0.0037815 0.00429768 0.00487398 0.00551309 0.00621752 0.00698952 0.00783095 0.00874326 0.00972738 0.0107836 0.0119116 0.0131102 0.0143776 0.015711 0.0171067 0.0185602 0.020066 0.0216178 0.0232082 0.0248291 0.0264716 0.028126 0.0297821 0.0314288 0.033055 0.0346491 0.0361991 0.0376934 0.0391201 0.0404678 0.0417255 0.0428825 0.0439289 0.0448559 0.0456551 0.0463197 0.0468436 0.0472221 0.0474519 0.0475309 0.0474584 0.0472351 0.0468629 0.0463454 0.0456872 0.0448942 0.0439735 0.042933 0.041782 0.0405301 0.0391879 0.0377665 0.0362773 0.0347321 0.0331425 0.0315204 0.0298774 0.0282248 0.0265732 0.0249332 0.0233142 0.0217252 0.0201744 0.018669 0.0172154 0.015819 0.0144845 0.0132154 0.0120147 0.0108841 0.00982478 0.00883721 0.00792108 0.0070755 0.00629907 0.00558995 0.00494593 0.00436455 0.00384313 0.00337892 0.00296909 0.00261088 0.00230161 0.0020388 0.00182015 0.00164366 0.00150762 0.00141067 0.00135192 
0.00138157 0.00139827 0.00145373 0.00154869 0.00168417 0.00186158 0.00208268 0.00234956 0.00266457 0.00303031 0.00344954 0.00392513 0.00446001 0.00505705 0.005719 0.00644844 0.00724765 0.00811855 0.00906257 0.0100806 0.0111731 0.0123394 0.0135785 0.0148883 0.016266 0.0177078 0.0192089 0.0207637 0.0223656 0.024007 0.0256795 0.027374 0.0290804 0.030788 0.0324859 0.0341622 0.035805 0.0374023 0.0389418 0.0404116 0.0417997 0.0430949 0.0442862 0.0453637 0.046318 0.0471407 0.0478247 0.0483639 0.0487534 0.0489898 0.0490709 0.0489961 0.0487661 0.0483829 0.04785 0.0471722 0.0463556 0.0454074 0.0443359 0.0431504 0.041861 0.0404783 0.0390139 0.0374795 0.035887 0.0342487 0.0325766 0.0308826 0.0291783 0.0274749 0.025783 0.0241126 0.0224727 0.0208719 0.0193177 0.0178165 0.0163742 0.0149955 0.0136841 0.0124429 0.0112741 0.0101787 0.00915724 0.00820945 0.00733446 0.00653084 0.00579672 0.00512986 0.00452773 0.00398761 0.00350664 0.00308195 0.00271068 0.0023901 0.00211764 0.00189094 0.00170794 0.00156687 0.00146635 0.00140547 
0.00147194 0.00148975 0.00154869 0.00164953 0.00179335 0.00198163 0.0022162 0.00249925 0.00283326 0.00322093 0.00366515 0.00416892 0.00473527 0.00536721 0.00606759 0.00683908 0.00768402 0.00860437 0.0096016 0.0106766 0.0118297 0.0130602 0.0143671 0.0157479 0.0171998 0.0187185 0.0202992 0.0219358 0.0236213 0.0253477 0.0271063 0.0288873 0.0306803 0.032474 0.0342568 0.0360165 0.0377406 0.0394164 0.0410312 0.0425725 0.0440278 0.0453853 0.0466338 0.0477628 0.0487624 0.0496242 0.0503405 0.050905 0.0513127 0.05156 0.0516448 0.0515662 0.0513249 0.0509233 0.0503649 0.0496546 0.0487988 0.0478051 0.046682 0.0454393 0.0440873 0.0426375 0.0411016 0.0394919 0.0378209 0.0361014 0.034346 0.0325671 0.0307769 0.0289871 0.0272088 0.0254525 0.0237278 0.0220435 0.0204077 0.0188272 0.0173081 0.0158554 0.0144732 0.0131645 0.0119316 0.0107757 0.0096974 0.0086965 0.00777212 0.00692283 0.0061467 0.00544143 0.00480439 0.00423275 0.00372356 0.00327381 0.00288053 0.00254085 0.00225209 0.00201179 0.00181779 0.00166824 0.00156169 0.00149718 
0.00160092 0.0016203 0.00168417 0.00179335 0.00194899 0.00215265 0.00240631 0.00271226 0.00307316 0.00349185 0.00397142 0.00451502 0.00512586 0.0058071 0.00656174 0.00739257 0.00830203 0.00929213 0.0103644 0.0115196 0.0127581 0.0140791 0.0154812 0.016962 0.0185181 0.0201451 0.0218376 0.023589 0.0253919 0.0272377 0.029117 0.0310195 0.0329338 0.0348482 0.0367501 0.0386266 0.0404645 0.0422502 0.0439704 0.0456117 0.047161 0.0486058 0.0499343 0.0511352 0.0521983 0.0531146 0.053876 0.054476 0.0549092 0.0551718 0.0552615 0.0551776 0.0549208 0.0544934 0.0538992 0.0531435 0.052233 0.0511755 0.0499803 0.0486574 0.0472181 0.0456742 0.0440382 0.0423231 0.0405422 0.038709 0.0368369 0.034939 0.0330284 0.0311174 0.0292179 0.0273411 0.0254973 0.023696 0.0219455 0.0202536 0.0186266 0.0170699 0.015588 0.0141842 0.0128611 0.01162 0.0104616 0.00938589 0.00839188 0.00747815 0.00664274 0.00588322 0.00519687 0.00458071 0.00403162 0.00354644 0.00312201 0.00275531 0.00244348 0.00218393 0.00197435 0.00181279 0.00169769 0.00162804 
0.00176984 0.00179128 0.00186158 0.00198163 0.00215265 0.00237635 0.00265484 0.00299061 0.00338647 0.00384553 0.00437104 0.0049664 0.00563504 0.0063803 0.00720538 0.00811321 0.00910635 0.0101869 0.0113563 0.0126155 0.0139646 0.0154027 0.0169281 0.0185381 0.020229 0.0219958 0.0238327 0.0257324 0.0276869 0.0296867 0.0317218 0.0337807 0.0358515 0.0379213 0.0399767 0.0420036 0.043988 0.0459153 0.047771 0.0495409 0.0512111 0.0527682 0.0541994 0.0554928 0.0566375 0.0576239 0.0584433 0.0590888 0.0595547 0.059837 0.0599331 0.0598423 0.0595655 0.0591049 0.0584648 0.0576508 0.0566698 0.0555305 0.0542425 0.0528167 0.051265 0.0496 0.0478353 0.0459846 0.0440623 0.0420827 0.0400602 0.0380091 0.0359433 0.0338761 0.0318204 0.0297882 0.0277907 0.0258382 0.0239398 0.0221039 0.0203374 0.0186463 0.0170355 0.0155088 0.0140688 0.0127174 0.0114554 0.0102826 0.00919832 0.00820104 0.0072887 0.00645879 0.00570841 0.00503441 0.00443348 0.00390224 0.00343731 0.00303546 0.00269364 0.00240904 0.00217918 0.00200199 0.00187576 0.00179943 
0.00198042 0.00200441 0.00208268 0.0022162 0.00240631 0.00265484 0.0029641 0.00333679 0.00377597 0.00428498 0.00486736 0.00552676 0.00626686 0.00709126 0.00800337 0.0090063 0.0101027 0.0112949 0.0125842 0.0139716 0.0154569 0.0170392 0.0187164 0.0204854 0.0223421 0.0242809 0.0262952 0.0283771 0.0305177 0.0327066 0.0349327 0.0371837 0.0394463 0.0417065 0.0439499 0.0461611 0.0483248 0.0504252 0.0524468 0.0543742 0.0561922 0.0578865 0.0594433 0.0608497 0.0620941 0.0631661 0.0640564 0.0647575 0.0652633 0.0655696 0.0656736 0.0655744 0.065273 0.064772 0.0640759 0.0631905 0.0621235 0.0608841 0.0594827 0.0579311 0.0562419 0.054429 0.0525067 0.0504902 0.0483947 0.0462358 0.0440293 0.0417904 0.0395344 0.0372757 0.0350284 0.0328055 0.0306194 0.0284812 0.0264011 0.0243881 0.0224501 0.0205937 0.0188243 0.0171462 0.0155624 0.0140751 0.0126852 0.0113928 0.0101971 0.0090967 0.00808938 0.0071725 0.00634299 0.00559749 0.00493245 0.00434421 0.00382917 0.00338381 0.00300483 0.0026892 0.00243423 0.00223766 0.00209765 0.00201304 
0.00223464 0.00226171 0.00234956 0.00249925 0.00271226 0.00299061 0.00333679 0.00375377 0.00424489 0.00481378 0.0054643 0.0062004 0.00702606 0.00794517 0.00896138 0.010078 0.0112979 0.0126233 0.0140558 0.0155961 0.0172439 0.0189981 0.0208562 0.0228146 0.0248686 0.027012 0.0292373 0.0315358 0.0338974 0.0363109 0.0387637 0.0412424 0.0437325 0.0462186 0.0486846 0.0511141 0.0534901 0.0557955 0.0580134 0.0601269 0.0621198 0.0639762 0.0656814 0.0672214 0.0685836 0.0697566 0.0707306 0.0714974 0.0720503 0.0723849 0.0724981 0.0723891 0.0720587 0.07151 0.0707475 0.0697779 0.0686094 0.0672518 0.0657164 0.064016 0.0621644 0.0601764 0.0580678 0.055855 0.0535545 0.0511834 0.0487588 0.0462975 0.043816 0.0413302 0.0388555 0.0364063 0.0339962 0.0316374 0.0293413 0.0271179 0.0249759 0.0229227 0.0209644 0.0191059 0.0173507 0.0157013 0.0141588 0.0127236 0.0113949 0.0101712 0.00905036 0.00802947 0.00710529 0.00627421 0.00553238 0.00487588 0.00430078 0.00380326 0.00337973 0.00302689 0.0027418 0.00252198 0.00236544 0.0022709 
0.00253478 0.00256546 0.00266457 0.00283326 0.00307316 0.00338647 0.00377597 0.00424489 0.00479689 0.00543595 0.00616627 0.00699216 0.00791795 0.00894784 0.0100857 0.0113352 0.0126993 0.0141802 0.0157797 0.0174983 0.0193355 0.0212899 0.0233585 0.0255373 0.0278207 0.0302018 0.0326722 0.0352221 0.0378402 0.040514 0.0432297 0.0459723 0.0487257 0.0514731 0.0541968 0.0568786 0.0594999 0.0620422 0.0644867 0.0668152 0.0690098 0.0710534 0.0729297 0.0746237 0.0761217 0.0774112 0.0784816 0.079324 0.0799313 0.0802985 0.0804223 0.0803019 0.0799382 0.0793344 0.0784956 0.0774289 0.0761432 0.0746492 0.0729594 0.0710873 0.0690483 0.0668583 0.0645346 0.062095 0.0595577 0.0569414 0.0542646 0.0515459 0.0488034 0.0460546 0.0433165 0.0406051 0.0379351 0.0353204 0.0327736 0.0303057 0.0279266 0.0256446 0.0234666 0.0213981 0.0194433 0.017605 0.0158847 0.0142829 0.012799 0.0114314 0.0101779 0.00903543 0.00800054 0.00706932 0.00623764 0.00550121 0.00485575 0.00429712 0.00382138 0.0034249 0.00310449 0.00285741 0.00268148 0.00257529 
0.00288333 0.0029182 0.00303031 0.00322093 0.00349185 0.00384553 0.00428498 0.00481378 0.00543595 0.00615584 0.00697805 0.00790729 0.00894827 0.0101055 0.0113833 0.0127853 0.0143148 0.0159743 0.0177652 0.019688 0.0217421 0.0239256 0.0262351 0.0286657 0.0312112 0.0338637 0.0366137 0.0394503 0.0423607 0.0453311 0.048346 0.0513887 0.0544417 0.057486 0.0605024 0.0634706 0.0663705 0.0691814 0.0718829 0.074455 0.0768781 0.0791336 0.0812037 0.0830721 0.0847236 0.086145 0.0873244 0.0882524 0.0889211 0.0893251 0.0894609 0.0893276 0.0889262 0.0882601 0.0873349 0.0861583 0.0847401 0.0830919 0.0812271 0.0791608 0.0769093 0.0744905 0.071923 0.0692262 0.0664203 0.0635255 0.0605624 0.0575513 0.0545122 0.0514644 0.0484267 0.0454165 0.0424507 0.0395444 0.0367116 0.0339648 0.031315 0.0287716 0.0263425 0.0240339 0.0218506 0.019796 0.017872 0.0160792 0.0144172 0.0128845 0.0114787 0.0101965 0.00903438 0.00798801 0.00705293 0.00622448 0.00549802 0.00486898 0.00433306 0.00388629 0.00352515 0.00324663 0.00304835 0.00292873 
0.00328296 0.00332262 0.00344954 0.00366515 0.00397142 0.00437104 0.00486736 0.0054643 0.00616627 0.00697805 0.00790468 0.00895129 0.010123 0.0114247 0.012861 0.014436 0.0161529 0.0180143 0.0200217 0.0221755 0.0244746 0.0269166 0.0294977 0.0322123 0.0350531 0.0380111 0.0410758 0.0442346 0.0474735 0.0507768 0.0541275 0.057507 0.0608956 0.0642726 0.0676166 0.0709055 0.0741168 0.077228 0.0802166 0.0830608 0.0857391 0.088231 0.0905174 0.0925801 0.0944029 0.0959711 0.0972722 0.0982954 0.0990325 0.0994775 0.0996267 0.099479 0.0990355 0.0983 0.0972785 0.0959795 0.0944135 0.0925933 0.0905334 0.0882503 0.0857619 0.0830875 0.0802476 0.0772635 0.0741572 0.070951 0.0676675 0.064329 0.0609576 0.0575746 0.0542007 0.0508554 0.0475573 0.0443232 0.0411689 0.0381084 0.0351539 0.032316 0.0296038 0.0270243 0.0245832 0.0222843 0.02013 0.0181212 0.0162578 0.0145381 0.0129597 0.0115192 0.0102127 0.00903568 0.0079832 0.00705024 0.00623171 0.00552263 0.00491828 0.00441429 0.00400681 0.00369252 0.00346879 0.0033339 
0.00373643 0.0037815 0.00392513 0.00416892 0.00451502 0.0049664 0.00552676 0.0062004 0.00699216 0.00790729 0.00895129 0.0101298 0.0114483 0.0129121 0.0145262 0.0162949 0.0182217 0.0203092 0.0225588 0.0249706 0.0275433 0.030274 0.0331581 0.0361891 0.0393588 0.0426569 0.0460715 0.0495885 0.0531922 0.0568652 0.0605883 0.0643409 0.0681014 0.0718467 0.0755532 0.0791966 0.082752 0.0861949 0.0895005 0.0926449 0.0956045 0.0983572 0.100882 0.103159 0.10517 0.1069 0.108335 0.109463 0.110275 0.110765 0.110929 0.110766 0.110276 0.109464 0.108337 0.106903 0.105174 0.103164 0.100889 0.0983674 0.0956177 0.0926614 0.089521 0.0862197 0.0827816 0.0792312 0.0755934 0.0718926 0.0681533 0.0643989 0.0606524 0.0569354 0.0532684 0.0496704 0.0461587 0.0427491 0.0394554 0.0362897 0.0332619 0.0303803 0.0276514 0.0250797 0.022668 0.0204178 0.0183288 0.0163997 0.0146279 0.01301 0.0115416 0.0102178 0.00903352 0.00798312 0.00706109 0.00626199 0.00558064 0.00501227 0.00455261 0.00419805 0.00394567 0.0037936 
0.00424655 0.00429768 0.00446001 0.00473527 0.00512586 0.00563504 0.00626686 0.00702606 0.00791795 0.00894827 0.010123 0.0114483 0.0129301 0.0145742 0.0163859 0.0183697 0.0205294 0.0228676 0.0253855 0.028083 0.0309585 0.0340083 0.0372271 0.0406075 0.0441399 0.0478129 0.0516129 0.0555242 0.0595291 0.0636083 0.0677404 0.0719026 0.0760708 0.0802198 0.0843233 0.0883546 0.0922866 0.096092 0.0997439 0.103216 0.106483 0.10952 0.112304 0.114815 0.117032 0.118938 0.120518 0.12176 0.122655 0.123194 0.123374 0.123193 0.122653 0.121758 0.120515 0.118934 0.117028 0.114812 0.112303 0.10952 0.106485 0.103221 0.0997524 0.0961044 0.0923036 0.0883768 0.0843511 0.0802535 0.0761109 0.0719492 0.0677937 0.0636684 0.0595961 0.0555977 0.0516927 0.0478987 0.0442312 0.0407036 0.0373275 0.0341123 0.0310652 0.0281916 0.025495 0.0229772 0.0206383 0.0184769 0.0164904 0.0146753 0.0130269 0.01154 0.0102089 0.00902775 0.00799041 0.00709098 0.00632378 0.00568359 0.00516573 0.00476623 0.00448189 0.00431064 
0.0048161 0.00487398 0.00505705 0.00536721 0.0058071 0.0063803 0.00709126 0.00794517 0.00894784 0.0101055 0.0114247 0.0129121 0.0145742 0.0164172 0.0184467 0.0206675 0.0230835 0.0256973 0.0285102 0.0315216 0.0347292 0.038129 0.0417145 0.0454773 0.0494066 0.0534893 0.0577102 0.0620517 0.0664942 0.0710159 0.0755933 0.0802011 0.0848126 0.0894001 0.0939346 0.0983867 0.102727 0.106925 0.110952 0.114779 0.118378 0.121722 0.124787 0.12755 0.129989 0.132085 0.133823 0.135188 0.136171 0.136763 0.13696 0.13676 0.136166 0.135181 0.133813 0.132074 0.129977 0.127538 0.124775 0.121711 0.118368 0.114771 0.110947 0.106924 0.10273 0.0983946 0.0939481 0.0894198 0.084839 0.0802345 0.0756341 0.0710643 0.0665502 0.0621152 0.057781 0.0535671 0.049491 0.0455677 0.0418103 0.0382294 0.0348335 0.0316287 0.0286193 0.0258074 0.0231935 0.0207764 0.0185536 0.0165211 0.0146742 0.0130073 0.0115142 0.0101886 0.00902379 0.0080134 0.00715124 0.00643157 0.00584929 0.00540004 0.00508031 0.00488783 
0.00544776 0.00551309 0.005719 0.00606759 0.00656174 0.00720538 0.00800337 0.00896138 0.0100857 0.0113833 0.012861 0.0145262 0.0163859 0.0184467 0.0207145 0.0231945 0.0258907 0.0288056 0.0319402 0.0352937 0.0388633 0.0426439 0.0466283 0.0508066 0.0551667 0.059694 0.0643711 0.0691786 0.0740945 0.0790947 0.0841531 0.0892419 0.0943316 0.0993916 0.10439 0.109295 0.114074 0.118695 0.123124 0.127332 0.131287 0.134961 0.138327 0.14136 0.144036 0.146336 0.148242 0.149739 0.150816 0.151465 0.15168 0.151461 0.150808 0.149727 0.148226 0.146318 0.144015 0.141337 0.138304 0.134937 0.131264 0.12731 0.123104 0.118678 0.114061 0.109287 0.104388 0.0993954 0.0943424 0.0892603 0.0841795 0.0791294 0.0741376 0.0692302 0.0644312 0.0597622 0.0552427 0.0508898 0.046718 0.0427395 0.0389639 0.0353983 0.0320478 0.0289151 0.0260011 0.0233047 0.0208233 0.018553 0.0164887 0.0146246 0.0129539 0.0114698 0.0101651 0.00903287 0.00806637 0.00725935 0.00660625 0.0061023 0.00574366 0.00552786 
0.00614402 0.00621752 0.00644844 0.00683908 0.00739257 0.00811321 0.0090063 0.010078 0.0113352 0.0127853 0.014436 0.0162949 0.0183697 0.0206675 0.0231945 0.0259561 0.0289564 0.0321979 0.0356814 0.0394054 0.0433666 0.047559 0.0519742 0.0566011 0.0614258 0.066432 0.0716002 0.0769089 0.0823335 0.0878474 0.0934218 0.0990261 0.104628 0.110193 0.115688 0.121077 0.126325 0.131395 0.136254 0.140868 0.145202 0.149227 0.152913 0.156233 0.159162 0.161678 0.163762 0.165399 0.166577 0.167286 0.167521 0.16728 0.166565 0.165382 0.16374 0.161651 0.159131 0.156199 0.152877 0.149189 0.145164 0.14083 0.136218 0.131361 0.126294 0.121051 0.115668 0.110179 0.104621 0.0990274 0.0934317 0.0878664 0.0823618 0.0769467 0.0716476 0.0664887 0.0614916 0.0566754 0.0520564 0.0476484 0.0434622 0.0395063 0.0357864 0.0323061 0.0290664 0.0260667 0.0233045 0.0207757 0.018475 0.016396 0.0145319 0.012875 0.0114178 0.0101526 0.00907222 0.00816983 0.00743937 0.00687566 0.00647451 0.00623322 
0.0069071 0.00698952 0.00724765 0.00768402 0.00830203 0.00910635 0.0101027 0.0112979 0.0126993 0.0143148 0.0161529 0.0182217 0.0205294 0.0230835 0.0258907 0.0289564 0.0322849 0.0358786 0.0397378 0.0438607 0.048243 0.0528779 0.0577556 0.0628635 0.0681861 0.0737049 0.0793985 0.0852426 0.0912103 0.0972722 0.103397 0.10955 0.115696 0.121799 0.127821 0.133723 0.139468 0.145016 0.150329 0.155371 0.160107 0.164503 0.168527 0.172149 0.175344 0.178089 0.180361 0.182146 0.183429 0.184201 0.184457 0.184193 0.183414 0.182123 0.180332 0.178053 0.175303 0.172103 0.168477 0.16445 0.160053 0.155316 0.150274 0.144963 0.139418 0.133678 0.127781 0.121765 0.11567 0.109532 0.103388 0.0972734 0.0912218 0.0852647 0.0794312 0.0737483 0.0682398 0.0629272 0.0578286 0.0529594 0.0483322 0.0439565 0.0398391 0.0359841 0.0323935 0.0290666 0.0260011 0.0231929 0.0206365 0.0183252 0.0162515 0.0144074 0.0127848 0.0113754 0.0101714 0.00916551 0.00835105 0.00772242 0.00727511 0.00700615 
0.00773886 0.00783095 0.00811855 0.00860437 0.00929213 0.0101869 0.0112949 0.0126233 0.0141802 0.0159743 0.0180143 0.0203092 0.0228676 0.0256973 0.0288056 0.0321979 0.0358786 0.0398497 0.0441114 0.0486611 0.0534938 0.0586013 0.0639725 0.0695933 0.0754462 0.0815106 0.0877626 0.0941755 0.100719 0.107362 0.114069 0.120803 0.127525 0.134196 0.140774 0.147217 0.153485 0.159535 0.165327 0.17082 0.175977 0.180762 0.18514 0.189081 0.192555 0.195538 0.198008 0.199947 0.20134 0.202179 0.202456 0.202169 0.201321 0.199918 0.197971 0.195492 0.192502 0.189021 0.185076 0.180693 0.175905 0.170746 0.165253 0.159462 0.153414 0.147151 0.140712 0.13414 0.127477 0.120764 0.11404 0.107344 0.100712 0.0941797 0.0877787 0.0815385 0.0754859 0.0696444 0.0640344 0.0586733 0.0535749 0.0487504 0.0442076 0.0399515 0.0359846 0.0323067 0.0289156 0.0258072 0.0229758 0.0204144 0.0181151 0.0160693 0.0142684 0.0127035 0.0113662 0.0102484 0.00934326 0.00864454 0.00814735 0.00784852 
0.00864073 0.00874326 0.00906257 0.0096016 0.0103644 0.0113563 0.0125842 0.0140558 0.0157797 0.0177652 0.0200217 0.0225588 0.0253855 0.0285102 0.0319402 0.0356814 0.0397378 0.0441114 0.0488018 0.0538058 0.0591171 0.0647266 0.0706217 0.0767862 0.0832007 0.0898423 0.0966846 0.103698 0.11085 0.118105 0.125425 0.132769 0.140097 0.147363 0.154525 0.161536 0.168351 0.174926 0.181218 0.187182 0.192779 0.19797 0.202717 0.206989 0.210754 0.213985 0.21666 0.21876 0.220269 0.221176 0.221475 0.221164 0.220245 0.218725 0.216615 0.21393 0.210689 0.206916 0.202637 0.197884 0.192689 0.187089 0.181123 0.174832 0.168258 0.161446 0.15444 0.147285 0.140026 0.132708 0.125373 0.118064 0.110822 0.103682 0.0966819 0.0898529 0.0832244 0.0768228 0.0706707 0.0647873 0.0591885 0.0538868 0.0488913 0.044208 0.03984 0.0357876 0.0320488 0.0286196 0.0254941 0.0226651 0.0201241 0.0178623 0.0158701 0.0141384 0.0126578 0.0114201 0.0104175 0.00964344 0.00909267 0.00876175 
0.00961364 0.00972738 0.0100806 0.0106766 0.0115196 0.0126155 0.0139716 0.0155961 0.0174983 0.019688 0.0221755 0.0249706 0.028083 0.0315216 0.0352937 0.0394054 0.0438607 0.0486611 0.0538058 0.0592905 0.0651081 0.071248 0.0776959 0.0844337 0.0914398 0.0986888 0.106152 0.113796 0.121585 0.129482 0.137443 0.145427 0.153386 0.161275 0.169044 0.176646 0.184032 0.191153 0.197964 0.204417 0.21047 0.216081 0.221212 0.225826 0.229891 0.23338 0.236267 0.238533 0.24016 0.241139 0.241461 0.241125 0.240133 0.238492 0.236213 0.233314 0.229814 0.225739 0.221116 0.215978 0.210361 0.204303 0.197847 0.191036 0.183915 0.176532 0.168934 0.161171 0.15329 0.14534 0.137367 0.129417 0.121534 0.113758 0.106128 0.0986798 0.0914455 0.0844538 0.07773 0.0712955 0.0651681 0.0593618 0.0538871 0.0487511 0.0439577 0.0395079 0.0353998 0.0316296 0.0281912 0.0250772 0.0222788 0.0197866 0.0175905 0.0156806 0.0140472 0.0126813 0.0115745 0.01072 0.010112 0.00974676 
0.0106579 0.0107836 0.0111731 0.0118297 0.0127581 0.0139646 0.0154569 0.0172439 0.0193355 0.0217421 0.0244746 0.0275433 0.0309585 0.0347292 0.0388633 0.0433666 0.048243 0.0534938 0.0591171 0.0651081 0.0714584 0.0781556 0.0851838 0.0925229 0.100149 0.108033 0.116145 0.124448 0.132902 0.141467 0.150097 0.158745 0.167361 0.175895 0.184295 0.192509 0.200484 0.208171 0.215517 0.222475 0.228999 0.235043 0.240567 0.245534 0.249909 0.253662 0.256767 0.259203 0.260953 0.262004 0.26235 0.261988 0.260921 0.259156 0.256705 0.253585 0.249819 0.245432 0.240455 0.234921 0.228869 0.22234 0.215378 0.208029 0.200342 0.192368 0.184158 0.175764 0.167238 0.158631 0.149995 0.141377 0.132826 0.124386 0.116098 0.108003 0.100134 0.0925245 0.0852012 0.0781881 0.0715051 0.0651679 0.0591887 0.0535757 0.0483336 0.0434641 0.0389658 0.0348349 0.0310653 0.0276495 0.0245782 0.0218416 0.019429 0.01733 0.0155342 0.014032 0.0128146 0.0118744 0.0112055 0.0108038 
0.0117732 0.0119116 0.0123394 0.0130602 0.0140791 0.0154027 0.0170392 0.0189981 0.0212899 0.0239256 0.0269166 0.030274 0.0340083 0.038129 0.0426439 0.047559 0.0528779 0.0586013 0.0647266 0.071248 0.0781556 0.0854356 0.0930699 0.101036 0.109308 0.117854 0.12664 0.135627 0.144773 0.15403 0.163352 0.172687 0.181981 0.191181 0.200231 0.209075 0.217658 0.225924 0.233821 0.241297 0.248303 0.254791 0.260719 0.266046 0.270737 0.27476 0.278088 0.280698 0.282572 0.283698 0.284068 0.28368 0.282536 0.280644 0.278017 0.274673 0.270634 0.265929 0.260589 0.25465 0.248153 0.24114 0.233658 0.225758 0.21749 0.208908 0.200067 0.191023 0.18183 0.172545 0.163222 0.153913 0.144669 0.13554 0.126569 0.1178 0.109272 0.101018 0.0930686 0.0854511 0.0781872 0.0712946 0.0647868 0.0586736 0.0529605 0.0476501 0.0427415 0.0382311 0.0341128 0.0303789 0.0270198 0.0240252 0.0213841 0.0190853 0.0171178 0.0154715 0.0141369 0.0131062 0.0123729 0.0119326 
0.0129584 0.0131102 0.0135785 0.0143671 0.0154812 0.0169281 0.0187164 0.0208562 0.0233585 0.0262351 0.0294977 0.0331581 0.0372271 0.0417145 0.0466283 0.0519742 0.0577556 0.0639725 0.0706217 0.0776959 0.0851838 0.0930699 0.101334 0.109951 0.118893 0.128125 0.137609 0.147302 0.15716 0.167132 0.177167 0.187208 0.197199 0.207083 0.216799 0.226288 0.235492 0.244352 0.252811 0.260815 0.268312 0.275252 0.28159 0.287285 0.292297 0.296594 0.300148 0.302934 0.304935 0.306137 0.306531 0.306116 0.304894 0.302874 0.300068 0.296496 0.292181 0.287152 0.281444 0.275093 0.268141 0.260635 0.252624 0.24416 0.235297 0.226094 0.216606 0.206895 0.197019 0.187036 0.177006 0.166985 0.157028 0.147187 0.137511 0.128045 0.118833 0.10991 0.101312 0.0930667 0.0851986 0.0777275 0.0706688 0.0640336 0.0578288 0.0520576 0.0467198 0.0418119 0.0373282 0.0332607 0.0295996 0.0263342 0.0234529 0.0209439 0.0187959 0.0169979 0.0155401 0.0144141 0.0136128 0.013132 
0.0142116 0.0143776 0.0148883 0.0157479 0.016962 0.0185381 0.0204854 0.0228146 0.0255373 0.0286657 0.0322123 0.0361891 0.0406075 0.0454773 0.0508066 0.0566011 0.0628635 0.0695933 0.0767862 0.0844337 0.0925229 0.101036 0.109951 0.119241 0.128874 0.138811 0.149014 0.159434 0.170024 0.180728 0.191492 0.202257 0.212961 0.223542 0.233937 0.244084 0.25392 0.263382 0.272412 0.280952 0.288947 0.296344 0.303098 0.309163 0.314499 0.319074 0.322855 0.32582 0.327948 0.329226 0.329645 0.329203 0.327903 0.325753 0.322767 0.318964 0.314371 0.309015 0.302934 0.296166 0.288755 0.280749 0.272201 0.263164 0.253698 0.243861 0.233716 0.223324 0.212749 0.202054 0.191301 0.180551 0.169862 0.159289 0.148887 0.138705 0.128788 0.119176 0.109907 0.101013 0.0925191 0.0844487 0.0768187 0.0696417 0.0629259 0.0566754 0.0508907 0.0455689 0.0407041 0.0362885 0.032312 0.0287636 0.0256311 0.0229024 0.0205654 0.0186086 0.0170217 0.0157957 0.0149234 0.0144001 
0.0155302 0.015711 0.016266 0.0171998 0.0185181 0.020229 0.0223421 0.0248686 0.0278207 0.0312112 0.0350531 0.0393588 0.0441399 0.0494066 0.0551667 0.0614258 0.0681861 0.0754462 0.0832007 0.0914398 0.100149 0.109308 0.118893 0.128874 0.139215 0.149877 0.160814 0.171978 0.183315 0.194767 0.206275 0.217775 0.229203 0.240493 0.251577 0.26239 0.272864 0.282936 0.292542 0.301622 0.310118 0.317977 0.325148 0.331585 0.337248 0.3421 0.346111 0.349254 0.35151 0.352864 0.353309 0.35284 0.351461 0.34918 0.346013 0.34198 0.337106 0.331423 0.324967 0.317779 0.309906 0.301397 0.292306 0.282692 0.272615 0.262138 0.251325 0.240244 0.22896 0.217541 0.206052 0.194558 0.183121 0.171802 0.160658 0.149742 0.139102 0.128783 0.118825 0.109262 0.100125 0.0914365 0.083217 0.0754804 0.0682362 0.0614898 0.0552422 0.0494912 0.0442311 0.039454 0.0351498 0.0313071 0.0279133 0.0249558 0.0224219 0.0202997 0.0185783 0.0172482 0.0163018 0.0157341 
0.0169106 0.0171067 0.0177078 0.0187185 0.0201451 0.0219958 0.0242809 0.027012 0.0302018 0.0338637 0.0380111 0.0426569 0.0478129 0.0534893 0.059694 0.066432 0.0737049 0.0815106 0.0898423 0.0986888 0.108033 0.117854 0.128125 0.138811 0.149877 0.161277 0.172963 0.184883 0.196979 0.20919 0.221452 0.233697 0.245857 0.257862 0.269642 0.281125 0.292243 0.302927 0.313112 0.322733 0.331732 0.340052 0.34764 0.35445 0.360438 0.365568 0.369806 0.373128 0.375511 0.376942 0.377411 0.376915 0.375457 0.373048 0.369701 0.365437 0.360284 0.354273 0.347443 0.339835 0.331499 0.322485 0.312851 0.302657 0.291966 0.280844 0.26936 0.257582 0.245582 0.23343 0.221196 0.208948 0.196754 0.184676 0.172776 0.161112 0.149735 0.138693 0.128031 0.117785 0.107988 0.0986657 0.0898408 0.081529 0.0737413 0.0664842 0.0597596 0.0535657 0.0478975 0.042747 0.038104 0.0339568 0.0302925 0.027098 0.0243602 0.0220664 0.0202054 0.0187673 0.017744 0.0171304 
0.0183481 0.0185602 0.0192089 0.0202992 0.0218376 0.0238327 0.0262952 0.0292373 0.0326722 0.0366137 0.0410758 0.0460715 0.0516129 0.0577102 0.0643711 0.0716002 0.0793985 0.0877626 0.0966846 0.106152 0.116145 0.12664 0.137609 0.149014 0.160814 0.172963 0.185409 0.198094 0.210958 0.223935 0.236957 0.249952 0.262849 0.275572 0.288049 0.300205 0.311966 0.323262 0.334024 0.344186 0.353685 0.362463 0.370467 0.377647 0.383958 0.389363 0.393828 0.397326 0.399835 0.401341 0.401835 0.401312 0.399778 0.39724 0.393714 0.389223 0.383792 0.377456 0.370254 0.362229 0.353432 0.343916 0.33374 0.322966 0.311662 0.299895 0.287737 0.275261 0.262542 0.249653 0.236668 0.22366 0.210699 0.197854 0.18519 0.172767 0.160642 0.148867 0.137488 0.126546 0.116076 0.106107 0.096664 0.087764 0.0794199 0.0716395 0.0644257 0.0577774 0.0516899 0.0461555 0.0411639 0.0367032 0.0327603 0.0293216 0.0263734 0.0239027 0.0218977 0.0203481 0.0192454 0.0185843 
0.0198376 0.020066 0.0207637 0.0219358 0.023589 0.0257324 0.0283771 0.0315358 0.0352221 0.0394503 0.0442346 0.0495885 0.0555242 0.0620517 0.0691786 0.0769089 0.0852426 0.0941755 0.103698 0.113796 0.124448 0.135627 0.147302 0.159434 0.171978 0.184883 0.198094 0.21155 0.225186 0.238932 0.252716 0.266463 0.280097 0.293538 0.306711 0.319536 0.331938 0.343842 0.355177 0.365875 0.37587 0.385102 0.393516 0.401061 0.407691 0.413367 0.418055 0.421727 0.424361 0.425941 0.426459 0.42591 0.4243 0.421635 0.417934 0.413218 0.407514 0.400858 0.393288 0.384851 0.375598 0.365584 0.35487 0.343522 0.331607 0.319198 0.306369 0.293196 0.279758 0.266131 0.252394 0.238623 0.224893 0.211277 0.197842 0.184655 0.171775 0.159258 0.147154 0.135506 0.124354 0.113729 0.103657 0.0941585 0.0852478 0.0769339 0.0692209 0.0621086 0.0555926 0.0496655 0.0443171 0.0395354 0.035307 0.0316178 0.0284537 0.0258015 0.0236487 0.0219845 0.0208004 0.0200906 
0.0213725 0.0216178 0.0223656 0.0236213 0.0253919 0.0276869 0.0305177 0.0338974 0.0378402 0.0423607 0.0474735 0.0531922 0.0595291 0.0664942 0.0740945 0.0823335 0.0912103 0.100719 0.11085 0.121585 0.132902 0.144773 0.15716 0.170024 0.183315 0.196979 0.210958 0.225186 0.239594 0.254109 0.268654 0.283149 0.297516 0.311671 0.325533 0.339022 0.352058 0.364563 0.376464 0.38769 0.398174 0.407853 0.41667 0.424573 0.431516 0.437458 0.442364 0.446206 0.448962 0.450615 0.451157 0.450583 0.448898 0.44611 0.442237 0.4373 0.431329 0.424358 0.416428 0.407586 0.397884 0.38738 0.376136 0.36422 0.351702 0.338657 0.325163 0.311299 0.297145 0.282785 0.268298 0.253766 0.239268 0.224879 0.210673 0.196718 0.18308 0.169817 0.156983 0.144624 0.132783 0.121495 0.110787 0.100683 0.0911982 0.0823432 0.0741235 0.0665397 0.059588 0.0532613 0.0475496 0.0424408 0.0379212 0.0339765 0.0305922 0.0277545 0.0254507 0.0236696 0.0224022 0.0216426 
0.0229458 0.0232082 0.024007 0.0253477 0.0272377 0.0296867 0.0327066 0.0363109 0.040514 0.0453311 0.0507768 0.0568652 0.0636083 0.0710159 0.0790947 0.0878474 0.0972722 0.107362 0.118105 0.129482 0.141467 0.15403 0.167132 0.180728 0.194767 0.20919 0.223935 0.238932 0.254109 0.269387 0.284687 0.299925 0.315017 0.329877 0.344421 0.358563 0.372223 0.38532 0.397776 0.409519 0.420481 0.430597 0.439808 0.448061 0.455309 0.46151 0.466629 0.470637 0.473511 0.475235 0.4758 0.475202 0.473444 0.470537 0.466496 0.461345 0.455113 0.447835 0.439553 0.430315 0.420174 0.40919 0.397427 0.384953 0.371843 0.358172 0.344022 0.329475 0.314615 0.299528 0.284299 0.269011 0.253749 0.238591 0.223616 0.208896 0.1945 0.180491 0.166925 0.153854 0.141322 0.129367 0.11802 0.107305 0.0972418 0.0878409 0.0791095 0.0710491 0.0636567 0.0569255 0.0508458 0.0454054 0.0405905 0.0363865 0.0327786 0.0297526 0.0272954 0.0253955 0.0240434 0.0232333 
0.0245494 0.0248291 0.0256795 0.0271063 0.029117 0.0317218 0.0349327 0.0387637 0.0432297 0.048346 0.0541275 0.0605883 0.0677404 0.0755933 0.0841531 0.0934218 0.103397 0.114069 0.125425 0.137443 0.150097 0.163352 0.177167 0.191492 0.206275 0.221452 0.236957 0.252716 0.268654 0.284687 0.300732 0.316701 0.332507 0.34806 0.363273 0.378057 0.392327 0.406001 0.418999 0.431247 0.442674 0.453215 0.462808 0.471401 0.478945 0.485397 0.490722 0.49489 0.497879 0.499672 0.500259 0.499637 0.497809 0.494786 0.490584 0.485225 0.47874 0.471165 0.462542 0.45292 0.442353 0.430901 0.418631 0.405613 0.391923 0.37764 0.362848 0.34763 0.332076 0.316273 0.300311 0.284278 0.26826 0.252342 0.236604 0.221125 0.205976 0.191224 0.176929 0.163147 0.149925 0.137304 0.125317 0.113991 0.103347 0.0933983 0.0841529 0.0756134 0.0677776 0.0606392 0.0541886 0.0484139 0.0433011 0.0388354 0.0350017 0.0317855 0.0291733 0.0271532 0.0257156 0.0248543 
0.0261744 0.0264716 0.027374 0.0288873 0.0310195 0.0337807 0.0371837 0.0412424 0.0459723 0.0513887 0.057507 0.0643409 0.0719026 0.0802011 0.0892419 0.0990261 0.10955 0.120803 0.132769 0.145427 0.158745 0.172687 0.187208 0.202257 0.217775 0.233697 0.249952 0.266463 0.283149 0.299925 0.316701 0.333388 0.349893 0.366123 0.381988 0.397397 0.412261 0.426496 0.440021 0.452758 0.464635 0.475586 0.485549 0.494469 0.502298 0.508992 0.514515 0.518837 0.521936 0.523795 0.524403 0.523759 0.521864 0.51873 0.514372 0.508814 0.502086 0.494225 0.485273 0.475279 0.4643 0.452396 0.439635 0.426089 0.411836 0.396957 0.381538 0.365666 0.349433 0.33293 0.31625 0.299484 0.282723 0.266056 0.249567 0.233337 0.217444 0.201957 0.18694 0.172453 0.158545 0.145261 0.132638 0.120703 0.10948 0.0989848 0.089226 0.0802075 0.071928 0.0643818 0.0575597 0.0514497 0.046038 0.0413097 0.0372493 0.033842 0.0310739 0.0289331 0.0274096 0.0264969 
0.0278113 0.028126 0.0290804 0.0306803 0.0329338 0.0358515 0.0394463 0.0437325 0.0487257 0.0544417 0.0608956 0.0681014 0.0760708 0.0848126 0.0943316 0.104628 0.115696 0.127525 0.140097 0.153386 0.167361 0.181981 0.197199 0.212961 0.229203 0.245857 0.262849 0.280097 0.297516 0.315017 0.332507 0.349893 0.367078 0.383967 0.400465 0.416479 0.431918 0.446695 0.460727 0.473935 0.486246 0.497591 0.507909 0.517143 0.525244 0.532169 0.537881 0.542351 0.545555 0.547477 0.548106 0.54744 0.545482 0.542241 0.537735 0.531987 0.525027 0.516891 0.507624 0.497274 0.485899 0.47356 0.460326 0.446271 0.431473 0.416018 0.399991 0.383484 0.366591 0.349406 0.332026 0.314545 0.297058 0.279657 0.262431 0.245465 0.22884 0.212629 0.196902 0.181718 0.167134 0.153195 0.139941 0.127403 0.115607 0.104568 0.0942994 0.0848047 0.0760838 0.0681316 0.0609393 0.0544952 0.0487854 0.0437949 0.0395081 0.0359099 0.0329863 0.0307248 0.0291153 0.0281513 
0.0294499 0.0297821 0.030788 0.032474 0.0348482 0.0379213 0.0417065 0.0462186 0.0514731 0.057486 0.0642726 0.0718467 0.0802198 0.0894001 0.0993916 0.110193 0.121799 0.134196 0.147363 0.161275 0.175895 0.191181 0.207083 0.223542 0.240493 0.257862 0.275572 0.293538 0.311671 0.329877 0.34806 0.366123 0.383967 0.401492 0.418601 0.435198 0.45119 0.466488 0.481006 0.494666 0.50739 0.519112 0.529768 0.539301 0.547661 0.554806 0.560698 0.565308 0.568612 0.570594 0.571243 0.570556 0.568538 0.565196 0.56055 0.554621 0.54744 0.539044 0.529476 0.518787 0.507033 0.494278 0.480591 0.466048 0.450728 0.434717 0.418105 0.400986 0.383455 0.36561 0.347551 0.329375 0.311182 0.293067 0.275123 0.257439 0.240098 0.22318 0.206755 0.190889 0.17564 0.161057 0.147183 0.134051 0.121689 0.110115 0.0993428 0.0893774 0.0802199 0.0718658 0.0643069 0.0575317 0.0515263 0.0462757 0.0417643 0.0379766 0.0348984 0.0325171 0.0308222 0.0298073 
0.0310794 0.0314288 0.0324859 0.0342568 0.0367501 0.0399767 0.0439499 0.0486846 0.0541968 0.0605024 0.0676166 0.0755532 0.0843233 0.0939346 0.10439 0.115688 0.127821 0.140774 0.154525 0.169044 0.184295 0.200231 0.216799 0.233937 0.251577 0.269642 0.288049 0.306711 0.325533 0.344421 0.363273 0.381988 0.400465 0.418601 0.436296 0.453451 0.469972 0.485766 0.500749 0.514837 0.527956 0.540034 0.55101 0.560826 0.569432 0.576785 0.582847 0.587589 0.590987 0.593025 0.593693 0.592987 0.590912 0.587476 0.582697 0.576597 0.569208 0.560565 0.550713 0.539703 0.52759 0.51444 0.500322 0.485313 0.469494 0.452952 0.43578 0.418073 0.399929 0.38145 0.362736 0.343891 0.325016 0.306209 0.287569 0.269188 0.251152 0.233545 0.216442 0.199911 0.184013 0.168801 0.15432 0.140607 0.12769 0.115591 0.104325 0.093897 0.0843103 0.075561 0.0676412 0.0605398 0.0542432 0.0487363 0.0440033 0.0400287 0.0367979 0.0342983 0.0325192 0.0314539 
0.0326886 0.033055 0.0341622 0.0360165 0.0386266 0.0420036 0.0461611 0.0511141 0.0568786 0.0634706 0.0709055 0.0791966 0.0883546 0.0983867 0.109295 0.121077 0.133723 0.147217 0.161536 0.176646 0.192509 0.209075 0.226288 0.244084 0.26239 0.281125 0.300205 0.319536 0.339022 0.358563 0.378057 0.397397 0.416479 0.435198 0.453451 0.471137 0.48816 0.504426 0.519848 0.534342 0.547832 0.560248 0.571525 0.581608 0.590444 0.597991 0.604213 0.609078 0.612564 0.614655 0.615341 0.614618 0.612489 0.608965 0.604061 0.597802 0.590217 0.581343 0.571224 0.559911 0.54746 0.533937 0.519411 0.503961 0.487669 0.470623 0.452918 0.43465 0.415922 0.396835 0.377495 0.358007 0.338477 0.319006 0.299696 0.280642 0.261935 0.243663 0.225903 0.208727 0.1922 0.176377 0.161307 0.147028 0.133572 0.120962 0.109213 0.098334 0.0883283 0.0791927 0.0709201 0.0634997 0.056918 0.05116 0.0462099 0.0420521 0.0386719 0.0360563 0.0341945 0.0330799 
0.0342661 0.0346491 0.035805 0.0377406 0.0404645 0.043988 0.0483248 0.0534901 0.0594999 0.0663705 0.0741168 0.082752 0.0922866 0.102727 0.114074 0.126325 0.139468 0.153485 0.168351 0.184032 0.200484 0.217658 0.235492 0.25392 0.272864 0.292243 0.311966 0.331938 0.352058 0.372223 0.392327 0.412261 0.431918 0.45119 0.469972 0.48816 0.505657 0.522367 0.538202 0.553077 0.566916 0.579647 0.591207 0.601537 0.610589 0.618317 0.624687 0.629668 0.633236 0.635376 0.636078 0.635339 0.633161 0.629554 0.624536 0.618128 0.610361 0.601271 0.590903 0.579306 0.566539 0.552665 0.537757 0.521892 0.505154 0.487632 0.469423 0.450625 0.431341 0.411678 0.391742 0.371642 0.351487 0.331381 0.311429 0.291731 0.272382 0.25347 0.235079 0.217283 0.20015 0.183738 0.168099 0.153274 0.139296 0.126191 0.113975 0.102659 0.0922469 0.0827366 0.0741214 0.066391 0.0595322 0.0535301 0.0483689 0.0440328 0.0405071 0.0377785 0.0358364 0.0346736 
0.0358002 0.0361991 0.0374023 0.0394164 0.0422502 0.0459153 0.0504252 0.0557955 0.0620422 0.0691814 0.077228 0.0861949 0.096092 0.106925 0.118695 0.131395 0.145016 0.159535 0.174926 0.191153 0.208171 0.225924 0.244352 0.263382 0.282936 0.302927 0.323262 0.343842 0.364563 0.38532 0.406001 0.426496 0.446695 0.466488 0.485766 0.504426 0.522367 0.539493 0.555713 0.570944 0.585108 0.598132 0.609954 0.620515 0.629765 0.637662 0.644169 0.649256 0.6529 0.655086 0.655803 0.655048 0.652825 0.649143 0.644018 0.637473 0.629538 0.620248 0.609649 0.597789 0.584727 0.570528 0.555262 0.539009 0.521854 0.503887 0.485204 0.465907 0.446101 0.425893 0.405395 0.384716 0.363968 0.34326 0.322699 0.302389 0.282427 0.262906 0.243912 0.225524 0.207811 0.190836 0.174652 0.159303 0.144824 0.131243 0.118579 0.106842 0.0960392 0.0861678 0.0772225 0.0691933 0.0620673 0.0558297 0.0504646 0.0459564 0.0422901 0.0394525 0.0374325 0.0362234 
0.0372791 0.0376934 0.0389418 0.0410312 0.0439704 0.047771 0.0524468 0.0580134 0.0644867 0.0718829 0.0802166 0.0895005 0.0997439 0.110952 0.123124 0.136254 0.150329 0.165327 0.181218 0.197964 0.215517 0.233821 0.252811 0.272412 0.292542 0.313112 0.334024 0.355177 0.376464 0.397776 0.418999 0.440021 0.460727 0.481006 0.500749 0.519848 0.538202 0.555713 0.572292 0.587852 0.602315 0.61561 0.627673 0.638447 0.64788 0.655931 0.662564 0.667748 0.671462 0.67369 0.674421 0.673653 0.671388 0.667637 0.662414 0.655743 0.647654 0.638181 0.627368 0.615267 0.601933 0.587432 0.571836 0.555224 0.53768 0.519298 0.500174 0.480412 0.460117 0.4394 0.418374 0.397152 0.375847 0.354572 0.333437 0.312548 0.292008 0.271911 0.252346 0.233396 0.215134 0.197623 0.180921 0.165074 0.150119 0.136085 0.122992 0.110855 0.0996782 0.0894622 0.0802014 0.0718864 0.0645047 0.0580416 0.0524815 0.0478084 0.0440074 0.0410653 0.038971 0.0377173 
0.0386913 0.0391201 0.0404116 0.0425725 0.0456117 0.0495409 0.0543742 0.0601269 0.0668152 0.074455 0.0830608 0.0926449 0.103216 0.114779 0.127332 0.140868 0.155371 0.17082 0.187182 0.204417 0.222475 0.241297 0.260815 0.280952 0.301622 0.322733 0.344186 0.365875 0.38769 0.409519 0.431247 0.452758 0.473935 0.494666 0.514837 0.534342 0.553077 0.570944 0.587852 0.603714 0.618453 0.631996 0.644279 0.655246 0.664847 0.673039 0.679786 0.685059 0.688836 0.691102 0.691846 0.691065 0.688763 0.684948 0.679638 0.672852 0.664622 0.654982 0.643975 0.631652 0.61807 0.603293 0.587393 0.57045 0.552549 0.533784 0.514253 0.494059 0.473311 0.452122 0.430605 0.408876 0.387052 0.365248 0.343577 0.322147 0.301064 0.280427 0.260327 0.240849 0.222069 0.204055 0.186865 0.170548 0.155143 0.140681 0.127185 0.114668 0.103138 0.0925955 0.0830359 0.0744503 0.0668262 0.0601494 0.0544041 0.0495746 0.0456459 0.0426046 0.0404396 0.0391437 
0.0400253 0.0404678 0.0417997 0.0440278 0.047161 0.0512111 0.0561922 0.0621198 0.0690098 0.0768781 0.0857391 0.0956045 0.106483 0.118378 0.131287 0.145202 0.160107 0.175977 0.192779 0.21047 0.228999 0.248303 0.268312 0.288947 0.310118 0.331732 0.353685 0.37587 0.398174 0.420481 0.442674 0.464635 0.486246 0.50739 0.527956 0.547832 0.566916 0.585108 0.602315 0.618453 0.633441 0.647209 0.659693 0.670835 0.680587 0.688905 0.695755 0.701109 0.704943 0.707243 0.707998 0.707207 0.704871 0.701 0.69561 0.688721 0.680364 0.670573 0.659391 0.646867 0.633059 0.618031 0.601854 0.58461 0.566383 0.547268 0.527363 0.506774 0.48561 0.463985 0.442016 0.419821 0.397517 0.375224 0.353056 0.331125 0.309539 0.288399 0.267802 0.247833 0.228572 0.210088 0.192443 0.175686 0.159861 0.145 0.131125 0.118254 0.106393 0.0955447 0.085705 0.0768655 0.0690141 0.0621366 0.0562176 0.0512412 0.0471925 0.044058 0.0418266 0.0404911 
