0.00440433 0.00443931 0.00455142 0.00474134 0.0050098 0.00535778 0.00578648 0.00629726 0.00689163 0.00757115 0.00833739 0.00919185 0.0101359 0.0111707 0.012297 0.0135154 0.0148259 0.016228 0.0177206 0.0193019 0.0209695 0.02272 0.0245495 0.0264528 0.0284244 0.0304574 0.0325443 0.0346768 0.0368455 0.0390406 0.0412512 0.0434661 0.0456733 0.0478605 0.0500149 0.0521236 0.0541736 0.0561517 0.058045 0.059841 0.0615274 0.0630925 0.0645253 0.0658155 0.066954 0.0679323 0.0687433 0.0693811 0.0698407 0.0701189 0.0702136 0.0701241 0.069851 0.0693965 0.0687639 0.0679581 0.0669849 0.0658517 0.0645667 0.0631391 0.0615793 0.0598981 0.0581073 0.056219 0.0542459 0.0522008 0.0500968 0.0479469 0.045764 0.0435609 0.0413498 0.0391426 0.0369506 0.0347845 0.0326542 0.030569 0.0285373 0.0265665 0.0246633 0.0228336 0.0210822 0.0194132 0.0178299 0.0163347 0.0149296 0.0136155 0.0123929 0.011262 0.0102222 0.00927272 0.00841242 0.00763998 0.00695394 0.00635277 0.00583493 0.00539898 0.00504357 0.00476756 0.00457 0.00445043 
0.00443931 0.00447459 0.00458759 0.00477903 0.00504961 0.00540033 0.0058324 0.00634718 0.00694619 0.007631 0.00840319 0.00926425 0.0102156 0.0112583 0.0123932 0.0136209 0.0149414 0.016354 0.0178578 0.019451 0.021131 0.0228945 0.0247374 0.0266547 0.0286406 0.0306884 0.0327904 0.0349382 0.0371224 0.0393331 0.0415594 0.0437898 0.0460125 0.048215 0.0503843 0.0525077 0.0545717 0.0565634 0.0584697 0.0602779 0.0619757 0.0635514 0.0649938 0.0662927 0.0674388 0.0684237 0.0692401 0.069882 0.0703448 0.0706248 0.0707201 0.0706299 0.0703549 0.0698973 0.0692605 0.0684492 0.0674695 0.0663286 0.0650349 0.0635976 0.0620271 0.0603345 0.0585315 0.0566302 0.0546435 0.0525844 0.0504658 0.0483009 0.0461028 0.0438842 0.0416575 0.0394347 0.0372271 0.0350455 0.0329 0.0307998 0.0287533 0.0267682 0.0248511 0.0230079 0.0212435 0.0195622 0.0179671 0.0164607 0.015045 0.013721 0.0124892 0.0113497 0.010302 0.00934522 0.00847832 0.00769994 0.00700861 0.00640279 0.00588095 0.00544162 0.00508346 0.00480531 0.00460623 0.00448574 
0.00455142 0.00458759 0.00470334 0.00489935 0.00517636 0.00553538 0.00597763 0.00650451 0.00711753 0.00781828 0.00860837 0.0094893 0.0104624 0.011529 0.0126897 0.0139452 0.0152953 0.0167395 0.0182767 0.019905 0.0216218 0.0234237 0.0253065 0.0272652 0.0292936 0.0313849 0.0335313 0.0357242 0.037954 0.0402106 0.0424828 0.044759 0.047027 0.0492742 0.0514873 0.0536533 0.0557586 0.0577899 0.0597339 0.0615778 0.0633089 0.0649154 0.066386 0.0677101 0.0688784 0.0698823 0.0707144 0.0713687 0.0718402 0.0721255 0.0722225 0.0721305 0.0718501 0.0713835 0.0707342 0.0699071 0.0689082 0.067745 0.0664259 0.0649605 0.0633591 0.061633 0.0597943 0.0578552 0.0558289 0.0537285 0.0515673 0.0493586 0.0471159 0.044852 0.0425796 0.0403109 0.0380575 0.0358304 0.0336399 0.0314953 0.0294054 0.0273779 0.0254196 0.0235366 0.021734 0.0200158 0.0183857 0.0168461 0.0153989 0.0140453 0.0127858 0.0116206 0.0105491 0.00957048 0.00868374 0.00788747 0.0071802 0.00656036 0.00602642 0.00557688 0.0052104 0.00492579 0.00472209 0.00459883 
0.00474134 0.00477903 0.00489935 0.00510302 0.0053908 0.00576371 0.006223 0.00677009 0.00740653 0.00813393 0.00895393 0.00986804 0.0108777 0.0119839 0.0131877 0.0144894 0.015889 0.0173858 0.0189786 0.0206654 0.0224436 0.0243095 0.0262587 0.028286 0.030385 0.0325487 0.0347689 0.0370367 0.0393422 0.0416749 0.0440234 0.0463755 0.0487187 0.0510399 0.0533257 0.0555623 0.0577359 0.0598329 0.0618394 0.0637423 0.0655287 0.0671862 0.0687033 0.0700693 0.0712743 0.0723096 0.0731678 0.0738424 0.0743285 0.0746226 0.0747224 0.0746273 0.0743379 0.0738564 0.0731865 0.0723332 0.0713026 0.0701025 0.0687414 0.0672293 0.0655767 0.0637953 0.0618974 0.0598958 0.0578038 0.0556349 0.0534031 0.0511219 0.0488051 0.0464661 0.0441178 0.041773 0.0394436 0.037141 0.0348757 0.0326575 0.0304954 0.0283975 0.0263707 0.0244215 0.022555 0.0207757 0.0190872 0.0174921 0.0159924 0.0145895 0.0132839 0.0120757 0.0109645 0.00994955 0.00902966 0.00820351 0.00746959 0.00682633 0.00627215 0.00580555 0.00542514 0.00512972 0.0049183 0.00479041 
0.0050098 0.00504961 0.00517636 0.0053908 0.0056937 0.00608612 0.00656933 0.00714479 0.00781411 0.00857893 0.00944089 0.0104016 0.0114623 0.0126244 0.0138884 0.015255 0.0167238 0.0182943 0.019965 0.0217338 0.0235979 0.0255533 0.0275955 0.0297187 0.0319165 0.0341814 0.0365047 0.0388772 0.0412885 0.0437276 0.0461825 0.0486406 0.0510888 0.0535134 0.0559005 0.0582357 0.0605047 0.0626932 0.0647869 0.0667722 0.0686355 0.0703642 0.0719463 0.0733704 0.0746267 0.0757059 0.0766002 0.0773032 0.0778097 0.078116 0.0782197 0.0781203 0.0778183 0.0773162 0.0766176 0.0757276 0.0746529 0.0734013 0.0719817 0.0704044 0.0686805 0.0668219 0.0648415 0.0627526 0.060569 0.0583047 0.0559743 0.0535918 0.0511717 0.0487277 0.0462737 0.0438226 0.041387 0.0389787 0.036609 0.0342879 0.0320249 0.0298284 0.0277059 0.025664 0.0237082 0.0218433 0.020073 0.0184002 0.0168271 0.015355 0.0139847 0.0127163 0.0115495 0.0104835 0.00951708 0.008649 0.00787769 0.00720155 0.00661897 0.00612841 0.00572844 0.00541784 0.00519558 0.00506119 
0.00535778 0.00540033 0.00553538 0.00576371 0.00608612 0.00650369 0.00701775 0.00762982 0.00834152 0.00915455 0.0100706 0.0110913 0.0122179 0.0134518 0.0147935 0.0162436 0.0178016 0.0194669 0.0212378 0.0231121 0.0250866 0.0271571 0.0293187 0.0315654 0.0338901 0.0362848 0.0387407 0.0412476 0.0437947 0.0463703 0.0489617 0.0515558 0.0541387 0.056696 0.0592129 0.0616745 0.0640658 0.0663716 0.0685771 0.0706678 0.0726298 0.0744497 0.0761148 0.0776136 0.0789354 0.0800708 0.0810115 0.0817509 0.0822834 0.0826053 0.0827141 0.0826091 0.0822911 0.0817624 0.081027 0.0800903 0.078959 0.0776414 0.0761469 0.0744862 0.0726708 0.0707134 0.0686273 0.0664265 0.0641254 0.0617389 0.059282 0.0567697 0.054217 0.0516385 0.0490486 0.0464611 0.0438893 0.0413455 0.0388416 0.0363883 0.0339956 0.0316725 0.029427 0.0272659 0.0251954 0.0232203 0.0213449 0.0195721 0.0179044 0.0163434 0.0148898 0.0135439 0.0123055 0.0111736 0.0101473 0.00922521 0.00840571 0.00768719 0.007068 0.00654654 0.00612135 0.00579117 0.00555493 0.00541216 
0.00578648 0.0058324 0.00597763 0.006223 0.00656933 0.00701775 0.00756965 0.00822658 0.00899024 0.00986238 0.0108447 0.0119389 0.0131463 0.0144681 0.0159049 0.0174572 0.0191244 0.0209057 0.0227992 0.0248025 0.0269119 0.0291232 0.0314307 0.0338282 0.0363079 0.0388614 0.0414789 0.0441499 0.0468627 0.0496049 0.0523629 0.0551229 0.0578699 0.0605888 0.0632641 0.0658797 0.0684199 0.0708686 0.0732102 0.0754295 0.0775115 0.0794424 0.0812087 0.0827983 0.0841999 0.0854036 0.0864008 0.0871843 0.0877486 0.0880894 0.0882043 0.0880926 0.0877551 0.0871942 0.086414 0.0854203 0.0842202 0.0828223 0.0812366 0.0794743 0.0775476 0.0754698 0.073255 0.0709179 0.0684738 0.0659383 0.0633273 0.0606568 0.0579425 0.0552 0.0524444 0.0496906 0.0469524 0.0442432 0.0415755 0.0389609 0.0364099 0.0339322 0.0315363 0.0292296 0.0270188 0.0249091 0.022905 0.02101 0.0192266 0.0175567 0.0160011 0.0145604 0.0132341 0.0120217 0.010922 0.00993368 0.00905512 0.00828465 0.00762057 0.00706123 0.00660513 0.00625094 0.00599757 0.00584452 
0.00629726 0.00634718 0.00650451 0.00677009 0.00714479 0.00762982 0.00822658 0.00893672 0.00976198 0.0107042 0.0117651 0.0129463 0.0142494 0.0156753 0.0172248 0.018898 0.0206945 0.022613 0.0246516 0.0268073 0.0290764 0.0314539 0.033934 0.0365095 0.0391723 0.0419131 0.0447216 0.0475862 0.0504945 0.053433 0.0563876 0.0593429 0.0622835 0.0651929 0.0680546 0.0708517 0.0735672 0.0761842 0.078686 0.0810565 0.0832798 0.0853412 0.0872266 0.0889229 0.0904184 0.0917024 0.092766 0.0936016 0.0942031 0.0945662 0.0946884 0.0945688 0.0942082 0.0936093 0.0927766 0.0917158 0.0904348 0.0889425 0.0872495 0.0853677 0.0833101 0.0810906 0.0787243 0.0762268 0.0736142 0.0709033 0.0681109 0.0652539 0.0623492 0.0594134 0.0564626 0.0535125 0.0505782 0.0476739 0.044813 0.0420079 0.03927 0.0366096 0.0340361 0.0315574 0.0291807 0.0269118 0.0247557 0.022716 0.0207958 0.0189969 0.0173207 0.0157676 0.0143374 0.0130296 0.0118429 0.0107761 0.00982758 0.00899553 0.00827823 0.00767399 0.00718122 0.00679856 0.00652488 0.00635963 
0.00689163 0.00694619 0.00711753 0.00740653 0.00781411 0.00834152 0.00899024 0.00976198 0.0106586 0.0116818 0.0128337 0.0141157 0.0155293 0.0170757 0.0187554 0.0205684 0.0225141 0.0245912 0.0267973 0.0291291 0.0315824 0.0341518 0.0368308 0.0396116 0.0424854 0.0454421 0.0484705 0.0515581 0.0546915 0.0578561 0.0610367 0.0642169 0.06738 0.0705085 0.0735845 0.0765901 0.079507 0.0823173 0.0850031 0.0875472 0.0899328 0.092144 0.094166 0.0959848 0.097588 0.0989642 0.100104 0.100999 0.101643 0.102032 0.102163 0.102034 0.101647 0.101005 0.100111 0.0989738 0.0975998 0.0959992 0.0941831 0.0921642 0.0899562 0.0875741 0.0850338 0.082352 0.079546 0.0766335 0.0736326 0.0705613 0.0674377 0.0642794 0.061104 0.0579282 0.0547681 0.0516392 0.0485557 0.0455312 0.0425779 0.039707 0.0369286 0.0342516 0.0316835 0.029231 0.0268992 0.0246926 0.0226142 0.0206665 0.0188508 0.0171678 0.0156175 0.0141992 0.012912 0.0117544 0.0107249 0.00982154 0.00904265 0.00838641 0.00785119 0.00743557 0.00713836 0.00695901 
0.00757115 0.007631 0.00781828 0.00813393 0.00857893 0.00915455 0.00986238 0.0107042 0.0116818 0.0127973 0.0140524 0.0154489 0.0169882 0.0186714 0.0204989 0.0224706 0.0245857 0.0268426 0.0292386 0.03177 0.0344321 0.0372188 0.0401231 0.0431364 0.046249 0.04945 0.052727 0.0560667 0.0594545 0.0628746 0.0663105 0.0697447 0.0731589 0.0765346 0.0798525 0.0830932 0.0862373 0.0892655 0.0921587 0.0948984 0.0974668 0.0998468 0.102023 0.103979 0.105704 0.107184 0.108409 0.109372 0.110064 0.110481 0.110621 0.110482 0.110066 0.109374 0.108413 0.107189 0.10571 0.103988 0.102033 0.0998597 0.0974824 0.0949171 0.0921807 0.0892912 0.0862671 0.0831273 0.0798911 0.076578 0.0732073 0.069798 0.0663689 0.0629381 0.059523 0.0561401 0.052805 0.0495322 0.0463352 0.0432262 0.0402159 0.0373142 0.0345294 0.0318686 0.0293379 0.0269418 0.0246842 0.0225675 0.0205935 0.0187631 0.0170763 0.0155327 0.0141312 0.0128704 0.0117488 0.0107645 0.00991552 0.00920017 0.00861668 0.00816357 0.00783961 0.00764421 
0.00833739 0.00840319 0.00860837 0.00895393 0.00944089 0.0100706 0.0108447 0.0117651 0.0128337 0.0140524 0.0154233 0.0169481 0.0186281 0.0204644 0.0224573 0.0246067 0.0269113 0.0293693 0.0319775 0.0347319 0.0376272 0.0406566 0.0438124 0.0470851 0.0504641 0.0539374 0.0574917 0.0611123 0.0647834 0.068488 0.0722081 0.0759248 0.0796185 0.0832691 0.0868558 0.0903579 0.0937544 0.0970246 0.100148 0.103105 0.105876 0.108444 0.11079 0.1129 0.114759 0.116354 0.117675 0.118711 0.119457 0.119906 0.120056 0.119906 0.119457 0.118711 0.117674 0.116354 0.11476 0.112902 0.110793 0.108448 0.105883 0.103114 0.10016 0.0970402 0.0937737 0.0903813 0.0868837 0.0833018 0.0796562 0.0759677 0.0722563 0.0685416 0.0648424 0.0611767 0.0575612 0.0540118 0.0505431 0.0471682 0.0438993 0.0407467 0.0377199 0.0348266 0.0320734 0.0294657 0.0270076 0.0247019 0.0225509 0.0205554 0.0187158 0.0170318 0.0155023 0.014126 0.0129012 0.011826 0.0108986 0.0101169 0.0094793 0.00898415 0.00863019 0.00841681 
0.00919185 0.00926425 0.0094893 0.00986804 0.0104016 0.0110913 0.0119389 0.0129463 0.0141157 0.0154489 0.0169481 0.0186149 0.0204508 0.0224565 0.0246325 0.0269782 0.0294924 0.0321726 0.0350154 0.0380162 0.0411689 0.0444662 0.0478993 0.0514581 0.0551308 0.0589042 0.0627639 0.0666938 0.0706767 0.0746942 0.0787269 0.0827543 0.0867551 0.0907077 0.0945897 0.0983787 0.102052 0.105588 0.108964 0.112159 0.115153 0.117926 0.120459 0.122737 0.124743 0.126465 0.127889 0.129007 0.129811 0.130296 0.130457 0.130294 0.129809 0.129004 0.127884 0.126459 0.124738 0.122731 0.120454 0.117922 0.11515 0.112158 0.108966 0.105592 0.10206 0.0983903 0.0946056 0.0907283 0.0867809 0.0827854 0.0787636 0.0747367 0.070725 0.0667479 0.0628237 0.0589696 0.0552014 0.0515336 0.0479793 0.0445501 0.0412561 0.0381061 0.0351073 0.0322657 0.0295859 0.0270714 0.0247244 0.0225464 0.0205378 0.0186983 0.017027 0.0155227 0.0141836 0.0130078 0.0119933 0.0111382 0.0104406 0.00989884 0.00951161 0.00927829 
0.0101359 0.0102156 0.0104624 0.0108777 0.0114623 0.0122179 0.0131463 0.0142494 0.0155293 0.0169882 0.0186281 0.0204508 0.0224574 0.024649 0.0270256 0.0295865 0.03233 0.0352535 0.038353 0.0416231 0.0450573 0.0486473 0.0523835 0.0562546 0.0602478 0.0643487 0.0685413 0.0728084 0.0771311 0.0814896 0.0858626 0.090228 0.0945631 0.0988441 0.103047 0.107148 0.111123 0.114947 0.118597 0.122051 0.125286 0.128282 0.131018 0.133478 0.135644 0.137502 0.139039 0.140246 0.141113 0.141635 0.141809 0.141633 0.141108 0.140238 0.13903 0.13749 0.135631 0.133464 0.131004 0.128267 0.125272 0.122038 0.118587 0.114939 0.111117 0.107146 0.10305 0.0988513 0.0945754 0.090246 0.0858864 0.0815195 0.0771673 0.0728509 0.0685902 0.0644037 0.0603088 0.0563213 0.0524554 0.048724 0.0451381 0.0417074 0.03844 0.0353425 0.0324202 0.0296769 0.0271154 0.0247373 0.0225434 0.0205334 0.0187068 0.017062 0.0155975 0.0143112 0.0132012 0.0122654 0.0115019 0.010909 0.0104852 0.01023 
0.0111707 0.0112583 0.011529 0.0119839 0.0126244 0.0134518 0.0144681 0.0156753 0.0170757 0.0186714 0.0204644 0.0224565 0.024649 0.0270426 0.0296371 0.0324317 0.0354244 0.038612 0.0419899 0.0455522 0.0492915 0.0531987 0.0572631 0.0614724 0.0658124 0.0702674 0.0748201 0.0794516 0.0841414 0.088868 0.0936083 0.0983386 0.103034 0.107669 0.112218 0.116655 0.120954 0.125088 0.129034 0.132766 0.136261 0.139496 0.14245 0.145105 0.147443 0.149448 0.151107 0.152408 0.153343 0.153906 0.154093 0.153902 0.153336 0.152397 0.151092 0.14943 0.147423 0.145083 0.142426 0.139471 0.136235 0.132741 0.12901 0.125066 0.120934 0.116639 0.112206 0.107661 0.103032 0.0983419 0.0936178 0.0888839 0.0841641 0.0794812 0.0748567 0.0703109 0.0658626 0.061529 0.0573258 0.053267 0.0493648 0.0456299 0.0420711 0.038696 0.0355104 0.0325187 0.0297242 0.0271287 0.0247334 0.0225381 0.0205424 0.0187448 0.0171438 0.0157373 0.0145233 0.0134997 0.0126644 0.0120157 0.0115522 0.0112732 
0.012297 0.0123932 0.0126897 0.0131877 0.0138884 0.0147935 0.0159049 0.0172248 0.0187554 0.0204989 0.0224573 0.0246325 0.0270256 0.0296371 0.0324668 0.0355135 0.0387747 0.0422468 0.0459246 0.0498015 0.0538691 0.0581174 0.0625347 0.0671074 0.0718199 0.0766552 0.0815942 0.0866165 0.0916999 0.0968209 0.101955 0.107075 0.112156 0.11717 0.122089 0.126885 0.13153 0.135997 0.140257 0.144286 0.148058 0.151549 0.154736 0.1576 0.16012 0.162282 0.16407 0.165472 0.16648 0.167086 0.167287 0.167081 0.166469 0.165456 0.164049 0.162257 0.160091 0.157567 0.154701 0.151512 0.14802 0.144248 0.140219 0.13596 0.131495 0.126853 0.122061 0.117147 0.112138 0.107063 0.101948 0.0968215 0.0917077 0.0866318 0.0816171 0.0766857 0.0718579 0.0671527 0.0625871 0.0581763 0.0539338 0.0498715 0.0459991 0.042325 0.0388557 0.0355963 0.0325505 0.0297206 0.0271078 0.0247126 0.0225342 0.0205716 0.0188231 0.0172867 0.0159603 0.0148417 0.0139288 0.0132199 0.0127133 0.0124085 
0.0135154 0.0136209 0.0139452 0.0144894 0.015255 0.0162436 0.0174572 0.018898 0.0205684 0.0224706 0.0246067 0.0269782 0.0295865 0.0324317 0.0355135 0.0388302 0.042379 0.0461556 0.0501543 0.0543675 0.0587861 0.0633989 0.0681931 0.0731535 0.0782635 0.0835042 0.088855 0.0942936 0.0997961 0.105337 0.110889 0.116425 0.121916 0.127332 0.132644 0.137821 0.142834 0.147652 0.152247 0.15659 0.160656 0.164417 0.167851 0.170935 0.173649 0.175976 0.177901 0.17941 0.180495 0.181147 0.181362 0.18114 0.180481 0.17939 0.177874 0.175944 0.173612 0.170893 0.167805 0.164368 0.160604 0.156537 0.152193 0.147599 0.142782 0.137772 0.132599 0.127291 0.12188 0.116395 0.110866 0.105321 0.0997875 0.0942931 0.0888628 0.0835203 0.078288 0.0731862 0.0682337 0.063447 0.0588411 0.0544288 0.0502211 0.0462271 0.0424542 0.0389081 0.035593 0.0325118 0.029666 0.0270562 0.024682 0.0225423 0.0206354 0.0189595 0.0175124 0.0162917 0.0152955 0.0145218 0.0139691 0.0136366 
0.0148259 0.0149414 0.0152953 0.015889 0.0167238 0.0178016 0.0191244 0.0206945 0.0225141 0.0245857 0.0269113 0.0294924 0.03233 0.0354244 0.0387747 0.042379 0.0462339 0.0503345 0.0546744 0.0592452 0.0640367 0.0690366 0.0742306 0.0796025 0.0851339 0.0908043 0.0965913 0.102471 0.108416 0.114401 0.120396 0.126371 0.132295 0.138136 0.143862 0.149441 0.154841 0.160029 0.164976 0.169651 0.174026 0.178072 0.181765 0.185081 0.187999 0.190501 0.192569 0.194191 0.195356 0.196056 0.196287 0.196047 0.195338 0.194165 0.192536 0.19046 0.187952 0.185028 0.181707 0.178009 0.17396 0.169583 0.164907 0.159959 0.154771 0.149374 0.143798 0.138076 0.13224 0.126322 0.120354 0.114367 0.10839 0.102453 0.0965824 0.0908046 0.0851435 0.0796213 0.0742583 0.0690727 0.0640808 0.0592966 0.0547324 0.0503982 0.0463022 0.042451 0.0388493 0.0355004 0.0324062 0.0295677 0.0269846 0.0246559 0.0225801 0.0207553 0.0191792 0.0178496 0.0167644 0.0159216 0.0153195 0.0149574 
0.016228 0.016354 0.0167395 0.0173858 0.0182943 0.0194669 0.0209057 0.022613 0.0245912 0.0268426 0.0293693 0.0321726 0.0352535 0.038612 0.0422468 0.0461556 0.0503345 0.054778 0.0594788 0.0644275 0.0696129 0.0750215 0.0806377 0.0864436 0.0924192 0.0985423 0.104789 0.111132 0.117544 0.123996 0.130456 0.136891 0.14327 0.149556 0.155717 0.161718 0.167523 0.173101 0.178416 0.183438 0.188136 0.19248 0.196444 0.200003 0.203134 0.205817 0.208035 0.209775 0.211024 0.211774 0.212021 0.211764 0.211003 0.209744 0.207996 0.205768 0.203077 0.199938 0.196373 0.192403 0.188054 0.183353 0.178329 0.173012 0.167435 0.161631 0.155633 0.149476 0.143194 0.136822 0.130394 0.123942 0.117499 0.111096 0.104762 0.0985255 0.0924125 0.086447 0.080651 0.0750444 0.0696448 0.0644679 0.0595268 0.0548328 0.0503951 0.0462208 0.0423155 0.038683 0.0353257 0.0322446 0.0294399 0.0269107 0.0246556 0.0226727 0.0209597 0.0195145 0.0183347 0.0174184 0.0167638 0.0163704 
0.0177206 0.0178578 0.0182767 0.0189786 0.019965 0.0212378 0.0227992 0.0246516 0.0267973 0.0292386 0.0319775 0.0350154 0.038353 0.0419899 0.0459246 0.0501543 0.0546744 0.0594788 0.0645592 0.0699053 0.0755047 0.0813426 0.0874019 0.0936632 0.100105 0.106702 0.11343 0.120259 0.127159 0.134099 0.141045 0.147962 0.154815 0.161567 0.168181 0.174621 0.18085 0.186831 0.192531 0.197914 0.202948 0.207602 0.211848 0.215659 0.219011 0.221883 0.224258 0.226119 0.227455 0.228258 0.228522 0.228246 0.227431 0.226083 0.224211 0.221826 0.218944 0.215582 0.211763 0.20751 0.20285 0.197812 0.192425 0.186724 0.180742 0.174514 0.168076 0.161465 0.154718 0.147871 0.140961 0.134024 0.127093 0.120202 0.113384 0.106667 0.10008 0.0936498 0.0873995 0.0813509 0.0755232 0.0699334 0.0645961 0.0595236 0.0547261 0.0502117 0.0459866 0.0420552 0.0384203 0.0350834 0.0320449 0.0293041 0.0268597 0.0247098 0.0228522 0.0212847 0.020005 0.019011 0.0183011 0.0178745 
0.0193019 0.019451 0.019905 0.0206654 0.0217338 0.0231121 0.0248025 0.0268073 0.0291291 0.03177 0.0347319 0.0380162 0.0416231 0.0455522 0.0498015 0.0543675 0.0592452 0.0644275 0.0699053 0.0756672 0.0816995 0.087986 0.0945082 0.101245 0.108172 0.115265 0.122494 0.129829 0.137237 0.144685 0.152136 0.159554 0.166899 0.174134 0.181219 0.188115 0.194782 0.201183 0.20728 0.213036 0.218418 0.223393 0.22793 0.232002 0.235583 0.238651 0.241186 0.243174 0.2446 0.245457 0.245738 0.245443 0.244572 0.243132 0.241132 0.238584 0.235505 0.231914 0.227832 0.223286 0.218304 0.212916 0.207155 0.201055 0.194653 0.187986 0.181092 0.17401 0.16678 0.15944 0.15203 0.144587 0.137149 0.129751 0.122427 0.115209 0.108129 0.101213 0.0944888 0.0879784 0.0817033 0.0756818 0.0699299 0.0644612 0.059287 0.0544162 0.0498558 0.0456109 0.0416848 0.0380794 0.0347954 0.0318323 0.029189 0.0268636 0.024854 0.023158 0.0217732 0.0206975 0.0199293 0.0194679 
0.0209695 0.021131 0.0216218 0.0224436 0.0235979 0.0250866 0.0269119 0.0290764 0.0315824 0.0344321 0.0376272 0.0411689 0.0450573 0.0492915 0.0538691 0.0587861 0.0640367 0.0696129 0.0755047 0.0816995 0.0881823 0.0949355 0.101939 0.109169 0.116602 0.124207 0.131956 0.139816 0.147751 0.155724 0.163698 0.171633 0.179488 0.187222 0.194792 0.202158 0.209278 0.216111 0.222617 0.228759 0.234499 0.239804 0.244641 0.248981 0.252797 0.256066 0.258767 0.260884 0.262403 0.263315 0.263614 0.263299 0.262371 0.260837 0.258705 0.25599 0.252708 0.24888 0.244529 0.239682 0.234368 0.22862 0.222473 0.215963 0.209128 0.202007 0.194642 0.187074 0.179345 0.171496 0.163568 0.155603 0.147639 0.139715 0.131867 0.124131 0.116538 0.109118 0.101901 0.0949106 0.0881701 0.0816993 0.0755158 0.0696344 0.0640675 0.0588251 0.0539149 0.0493427 0.0451125 0.0412267 0.0376861 0.0344906 0.0316392 0.0291303 0.0269616 0.0251311 0.0236363 0.0224752 0.021646 0.021148 
0.02272 0.0228945 0.0234237 0.0243095 0.0255533 0.0271571 0.0291232 0.0314539 0.0341518 0.0372188 0.0406566 0.0444662 0.0486473 0.0531987 0.0581174 0.0633989 0.0690366 0.0750215 0.0813426 0.087986 0.0949355 0.102172 0.109673 0.117414 0.125368 0.133504 0.14179 0.15019 0.158668 0.167183 0.175695 0.184163 0.192542 0.200788 0.208858 0.216706 0.22429 0.231566 0.238493 0.245029 0.251137 0.256779 0.261923 0.266538 0.270594 0.274069 0.276939 0.279188 0.280802 0.281771 0.282088 0.281753 0.280767 0.279135 0.27687 0.273983 0.270494 0.266423 0.261796 0.256641 0.250988 0.244871 0.238328 0.231397 0.224118 0.216532 0.208684 0.200616 0.192374 0.184001 0.175541 0.167037 0.158531 0.150065 0.141677 0.133405 0.125282 0.117342 0.109615 0.102128 0.094906 0.0879699 0.0813391 0.0750297 0.0690553 0.0634271 0.0581537 0.0532416 0.0486953 0.0445177 0.0407103 0.037273 0.034205 0.0315049 0.0291706 0.0271999 0.0255905 0.0243404 0.0234476 0.0229116 
0.0245495 0.0247374 0.0253065 0.0262587 0.0275955 0.0293187 0.0314307 0.033934 0.0368308 0.0401231 0.0438124 0.0478993 0.0523835 0.0572631 0.0625347 0.0681931 0.0742306 0.0806377 0.0874019 0.0945082 0.101939 0.109673 0.117687 0.125953 0.134444 0.143125 0.151962 0.160918 0.169952 0.179023 0.188088 0.1971 0.206015 0.214786 0.223366 0.231709 0.239767 0.247495 0.25485 0.261789 0.268271 0.274258 0.279715 0.284609 0.28891 0.292593 0.295636 0.29802 0.29973 0.300756 0.301093 0.300737 0.299691 0.297961 0.295559 0.292499 0.288798 0.284481 0.279573 0.274103 0.268104 0.261612 0.254665 0.247304 0.239571 0.23151 0.223168 0.21459 0.205822 0.196912 0.187907 0.178851 0.16979 0.160768 0.151825 0.143002 0.134335 0.12586 0.117608 0.10961 0.101891 0.094475 0.0873826 0.0806314 0.0742363 0.0682095 0.0625605 0.0572967 0.0524234 0.0479439 0.04386 0.0401722 0.0368799 0.0339816 0.0314755 0.0293595 0.0276312 0.0262887 0.02533 0.0247546 
0.0264528 0.0266547 0.0272652 0.028286 0.0297187 0.0315654 0.0338282 0.0365095 0.0396116 0.0431364 0.0470851 0.0514581 0.0562546 0.0614724 0.0671074 0.0731535 0.0796025 0.0864436 0.0936632 0.101245 0.109169 0.117414 0.125953 0.134759 0.143798 0.153037 0.162439 0.171962 0.181565 0.191203 0.200831 0.210399 0.219861 0.229166 0.238266 0.24711 0.25565 0.263838 0.271628 0.278975 0.285837 0.292174 0.297948 0.303125 0.307675 0.31157 0.314787 0.317307 0.319115 0.3202 0.320555 0.320178 0.319072 0.317243 0.314702 0.311465 0.307551 0.302984 0.297791 0.292002 0.285652 0.278779 0.271422 0.263625 0.255431 0.246887 0.238042 0.228944 0.219641 0.210185 0.200623 0.191005 0.181377 0.171786 0.162276 0.152889 0.143666 0.134642 0.125853 0.11733 0.109102 0.101193 0.093627 0.0864218 0.0795941 0.0731572 0.0671217 0.0614958 0.0562856 0.0514949 0.0471261 0.0431799 0.039656 0.0365533 0.0338699 0.0316038 0.0297528 0.0283148 0.027288 0.0266719 
0.0284244 0.0286406 0.0292936 0.030385 0.0319165 0.0338901 0.0363079 0.0391723 0.0424854 0.046249 0.0504641 0.0551308 0.0602478 0.0658124 0.0718199 0.0782635 0.0851339 0.0924192 0.100105 0.108172 0.116602 0.125368 0.134444 0.143798 0.153398 0.163205 0.173181 0.183282 0.193463 0.203678 0.213877 0.22401 0.234026 0.243873 0.253498 0.262851 0.271879 0.280532 0.288762 0.296522 0.303767 0.310457 0.31655 0.322013 0.326813 0.330922 0.334315 0.336973 0.338879 0.340023 0.340397 0.339999 0.338832 0.336903 0.334223 0.330808 0.326679 0.321859 0.316378 0.310268 0.303564 0.296306 0.288535 0.280296 0.271636 0.262604 0.253249 0.243624 0.23378 0.223768 0.213642 0.203452 0.193248 0.183079 0.172992 0.163032 0.15324 0.143658 0.13432 0.125262 0.116514 0.108102 0.100051 0.0923809 0.0851104 0.0782534 0.0718219 0.0658248 0.060269 0.0551591 0.0504978 0.0462862 0.0425246 0.0392117 0.0363461 0.0339258 0.0319486 0.0304125 0.0293157 0.0286577 
0.0304574 0.0306884 0.0313849 0.0325487 0.0341814 0.0362848 0.0388614 0.0419131 0.0454421 0.04945 0.0539374 0.0589042 0.0643487 0.0702674 0.0766552 0.0835042 0.0908043 0.0985423 0.106702 0.115265 0.124207 0.133504 0.143125 0.153037 0.163205 0.173589 0.184147 0.194833 0.2056 0.216397 0.227175 0.237878 0.248454 0.258847 0.269003 0.278868 0.288387 0.297508 0.306181 0.314356 0.321987 0.329031 0.335446 0.341196 0.346247 0.350571 0.35414 0.356936 0.358941 0.360143 0.360536 0.360118 0.35889 0.35686 0.35404 0.350447 0.346101 0.341029 0.335259 0.328826 0.321766 0.31412 0.305933 0.29725 0.288121 0.278596 0.268728 0.258571 0.24818 0.237609 0.226912 0.216143 0.205356 0.194602 0.183931 0.173389 0.163022 0.152872 0.142978 0.133376 0.124098 0.115174 0.106629 0.0984866 0.0907647 0.0834795 0.076644 0.0702681 0.0643594 0.0589233 0.0539631 0.0494804 0.0454755 0.0419477 0.0388957 0.0363175 0.0342111 0.0325746 0.0314062 0.0307053 
0.0325443 0.0327904 0.0335313 0.0347689 0.0365047 0.0387407 0.0414789 0.0447216 0.0484705 0.052727 0.0574917 0.0627639 0.0685413 0.0748201 0.0815942 0.088855 0.0965913 0.104789 0.11343 0.122494 0.131956 0.14179 0.151962 0.162439 0.173181 0.184147 0.195292 0.206568 0.217925 0.22931 0.240668 0.251945 0.263084 0.274026 0.284715 0.295093 0.305105 0.314696 0.323812 0.332403 0.34042 0.347818 0.354555 0.360591 0.365894 0.370431 0.374177 0.37711 0.379213 0.380475 0.380887 0.380447 0.379159 0.377029 0.374069 0.370298 0.365737 0.360411 0.354353 0.347597 0.340181 0.332148 0.323543 0.314415 0.304815 0.294797 0.284414 0.273724 0.262783 0.251648 0.240377 0.229027 0.217653 0.206309 0.195048 0.183919 0.172971 0.162247 0.15179 0.141638 0.131825 0.122382 0.113337 0.104715 0.0965349 0.088815 0.0815691 0.0748082 0.0685409 0.0627731 0.0575088 0.05275 0.0484975 0.0447509 0.041509 0.0387699 0.036532 0.0347931 0.0335516 0.0328071 
0.0346768 0.0349382 0.0357242 0.0370367 0.0388772 0.0412476 0.0441499 0.0475862 0.0515581 0.0560667 0.0611123 0.0666938 0.0728084 0.0794516 0.0866165 0.0942936 0.102471 0.111132 0.120259 0.129829 0.139816 0.15019 0.160918 0.171962 0.183282 0.194833 0.206568 0.218436 0.230385 0.242358 0.2543 0.266151 0.277853 0.289344 0.300565 0.311457 0.321961 0.33202 0.341578 0.350583 0.358984 0.366735 0.373792 0.380114 0.385666 0.390416 0.394337 0.397407 0.399608 0.400928 0.401359 0.400899 0.39955 0.39732 0.394222 0.390274 0.385498 0.379921 0.373576 0.366498 0.358727 0.350308 0.341288 0.331717 0.321647 0.311136 0.300239 0.289015 0.277524 0.265826 0.253981 0.242047 0.230084 0.218149 0.206295 0.194577 0.183045 0.171744 0.160721 0.150014 0.139661 0.129695 0.120146 0.111039 0.102397 0.0942375 0.0865767 0.0794265 0.0727962 0.0666926 0.0611202 0.0560817 0.0515783 0.0476098 0.0441753 0.0412732 0.0389016 0.0370589 0.0357433 0.0349545 
0.0368455 0.0371224 0.037954 0.0393422 0.0412885 0.0437947 0.0468627 0.0504945 0.0546915 0.0594545 0.0647834 0.0706767 0.0771311 0.0841414 0.0916999 0.0997961 0.108416 0.117544 0.127159 0.137237 0.147751 0.158668 0.169952 0.181565 0.193463 0.2056 0.217925 0.230385 0.242924 0.255486 0.268009 0.280432 0.292694 0.304732 0.316483 0.327885 0.338878 0.349401 0.359398 0.368814 0.377597 0.385697 0.39307 0.399675 0.405474 0.410435 0.414529 0.417735 0.420033 0.421411 0.421861 0.42138 0.419971 0.417643 0.414408 0.410284 0.405296 0.39947 0.392841 0.385444 0.377322 0.368521 0.359088 0.349076 0.338541 0.32754 0.316131 0.304377 0.292339 0.280079 0.267661 0.255146 0.242595 0.230069 0.217624 0.205316 0.193199 0.181321 0.169729 0.158467 0.147572 0.137081 0.127025 0.117432 0.108324 0.0997232 0.0916448 0.0841025 0.0771065 0.0706645 0.0647816 0.059461 0.0547045 0.050512 0.0468831 0.0438163 0.0413099 0.0393623 0.0379719 0.0371384 
0.0390406 0.0393331 0.0402106 0.0416749 0.0437276 0.0463703 0.0496049 0.053433 0.0578561 0.0628746 0.068488 0.0746942 0.0814896 0.088868 0.0968209 0.105337 0.114401 0.123996 0.134099 0.144685 0.155724 0.167183 0.179023 0.191203 0.203678 0.216397 0.22931 0.242358 0.255486 0.268631 0.281731 0.294722 0.30754 0.320119 0.332395 0.344302 0.355778 0.366761 0.377191 0.387013 0.396171 0.404617 0.412302 0.419185 0.425228 0.430396 0.434661 0.438 0.440394 0.441828 0.442297 0.441796 0.440328 0.437903 0.434533 0.430237 0.425039 0.418969 0.412059 0.404349 0.39588 0.386701 0.376861 0.366415 0.355419 0.343932 0.332018 0.319738 0.307158 0.294342 0.281355 0.268262 0.255128 0.242014 0.22898 0.216086 0.203386 0.190932 0.178774 0.166957 0.155522 0.144506 0.133944 0.123863 0.11429 0.105247 0.09675 0.0888147 0.081452 0.0746705 0.068476 0.0628723 0.0578615 0.0534442 0.0496199 0.0463876 0.0437457 0.0416927 0.0402271 0.0393486 
0.0412512 0.0415594 0.0424828 0.0440234 0.0461825 0.0489617 0.0523629 0.0563876 0.0610367 0.0663105 0.0722081 0.0787269 0.0858626 0.0936083 0.101955 0.110889 0.120396 0.130456 0.141045 0.152136 0.163698 0.175695 0.188088 0.200831 0.213877 0.227175 0.240668 0.2543 0.268009 0.281731 0.295401 0.308953 0.32232 0.335433 0.348225 0.36063 0.372581 0.384016 0.394873 0.405093 0.414621 0.423405 0.431397 0.438553 0.444834 0.450206 0.454639 0.458108 0.460595 0.462085 0.462572 0.462051 0.460526 0.458006 0.454504 0.450039 0.444636 0.438325 0.431141 0.423122 0.414314 0.404764 0.394524 0.383649 0.3722 0.360237 0.347824 0.335026 0.321911 0.308546 0.294998 0.281334 0.267622 0.253927 0.240311 0.226835 0.213557 0.200532 0.187812 0.175444 0.163472 0.151934 0.140868 0.130302 0.120266 0.110781 0.101868 0.0935403 0.0858117 0.0786912 0.0721855 0.066299 0.0610341 0.0563919 0.0523724 0.0489746 0.0461972 0.0440387 0.0424978 0.0415744 
0.0434661 0.0437898 0.044759 0.0463755 0.0486406 0.0515558 0.0551229 0.0593429 0.0642169 0.0697447 0.0759248 0.0827543 0.090228 0.0983386 0.107075 0.116425 0.126371 0.136891 0.147962 0.159554 0.171633 0.184163 0.1971 0.210399 0.22401 0.237878 0.251945 0.266151 0.280432 0.294722 0.308953 0.323057 0.336962 0.350599 0.363898 0.37679 0.389207 0.401084 0.412358 0.422968 0.432857 0.441972 0.450263 0.457686 0.4642 0.46977 0.474366 0.477962 0.48054 0.482085 0.482589 0.48205 0.480469 0.477856 0.474225 0.469595 0.463993 0.457447 0.449995 0.441675 0.432535 0.422622 0.411991 0.400698 0.388805 0.376375 0.363473 0.350167 0.336527 0.322622 0.308523 0.294298 0.280018 0.26575 0.251559 0.23751 0.223663 0.210074 0.196799 0.183886 0.171382 0.159328 0.147763 0.136717 0.126221 0.116299 0.106972 0.0982554 0.0901635 0.0827064 0.0758914 0.0697236 0.0642061 0.0593403 0.0551265 0.051564 0.0486517 0.0463883 0.0447725 0.0438043 
0.0456733 0.0460125 0.047027 0.0487187 0.0510888 0.0541387 0.0578699 0.0622835 0.06738 0.0731589 0.0796185 0.0867551 0.0945631 0.103034 0.112156 0.121916 0.132295 0.14327 0.154815 0.166899 0.179488 0.192542 0.206015 0.219861 0.234026 0.248454 0.263084 0.277853 0.292694 0.30754 0.32232 0.336962 0.351393 0.365542 0.379335 0.392703 0.405574 0.417883 0.429562 0.440551 0.450791 0.460228 0.46881 0.476491 0.483232 0.488994 0.493748 0.497468 0.500135 0.501733 0.502254 0.501695 0.50006 0.497358 0.493602 0.488812 0.483016 0.476243 0.46853 0.459918 0.450455 0.440189 0.429177 0.417477 0.405152 0.392266 0.378888 0.365087 0.350934 0.336502 0.321863 0.307089 0.292253 0.277423 0.26267 0.248058 0.233651 0.219509 0.205688 0.192239 0.179213 0.166651 0.154593 0.143075 0.132126 0.121772 0.112036 0.102935 0.0944847 0.0866948 0.079574 0.0731282 0.0673608 0.0622737 0.0578675 0.054142 0.0510961 0.0487288 0.0470389 0.0460264 
0.0478605 0.048215 0.0492742 0.0510399 0.0535134 0.056696 0.0605888 0.0651929 0.0705085 0.0765346 0.0832691 0.0907077 0.0988441 0.107669 0.11717 0.127332 0.138136 0.149556 0.161567 0.174134 0.187222 0.200788 0.214786 0.229166 0.243873 0.258847 0.274026 0.289344 0.304732 0.320119 0.335433 0.350599 0.365542 0.380187 0.394461 0.40829 0.421602 0.434327 0.4464 0.457756 0.468336 0.478083 0.486946 0.494878 0.501837 0.507785 0.512692 0.516532 0.519283 0.520932 0.52147 0.520894 0.519206 0.516417 0.51254 0.507597 0.501613 0.49462 0.486656 0.477762 0.467986 0.457379 0.445999 0.433904 0.42116 0.407833 0.393992 0.379709 0.365059 0.350114 0.33495 0.319642 0.304264 0.288888 0.273585 0.258425 0.243471 0.228788 0.214433 0.200461 0.186922 0.173862 0.161323 0.149341 0.137947 0.12717 0.117033 0.107555 0.0987517 0.0906348 0.0832134 0.076494 0.0704806 0.0651758 0.0605804 0.0566943 0.0535169 0.0510473 0.0492843 0.0482282 
0.0500149 0.0503843 0.0514873 0.0533257 0.0559005 0.0592129 0.0632641 0.0680546 0.0735845 0.0798525 0.0868558 0.0945897 0.103047 0.112218 0.122089 0.132644 0.143862 0.155717 0.168181 0.181219 0.194792 0.208858 0.223366 0.238266 0.253498 0.269003 0.284715 0.300565 0.316483 0.332395 0.348225 0.363898 0.379335 0.394461 0.409198 0.423472 0.437209 0.450337 0.462788 0.474498 0.485404 0.495451 0.504584 0.512756 0.519925 0.526052 0.531105 0.535059 0.537892 0.53959 0.540144 0.539551 0.537813 0.534941 0.530949 0.525857 0.519694 0.51249 0.504283 0.495118 0.485041 0.474107 0.462371 0.449897 0.436749 0.422996 0.408709 0.393961 0.378829 0.363389 0.347718 0.331892 0.315989 0.300083 0.284248 0.268554 0.253071 0.237862 0.222988 0.208506 0.194469 0.180924 0.167916 0.155481 0.143654 0.132464 0.121935 0.112089 0.102941 0.0945042 0.0867889 0.0798019 0.0735481 0.0680301 0.0632494 0.0592062 0.0559001 0.0533302 0.0514957 0.0503969 
0.0521236 0.0525077 0.0536533 0.0555623 0.0582357 0.0616745 0.0658797 0.0708517 0.0765901 0.0830932 0.0903579 0.0983787 0.107148 0.116655 0.126885 0.137821 0.149441 0.161718 0.174621 0.188115 0.202158 0.216706 0.231709 0.24711 0.262851 0.278868 0.295093 0.311457 0.327885 0.344302 0.36063 0.37679 0.392703 0.40829 0.423472 0.438173 0.452316 0.46583 0.478644 0.490692 0.501911 0.512244 0.521635 0.530037 0.537406 0.543704 0.548897 0.55296 0.555872 0.557616 0.558185 0.557576 0.555791 0.552839 0.548736 0.543504 0.537168 0.529763 0.521326 0.511901 0.501537 0.490288 0.478213 0.465375 0.45184 0.437678 0.422963 0.407769 0.392175 0.376258 0.360099 0.343775 0.327366 0.31095 0.294601 0.278394 0.262398 0.246681 0.231305 0.216331 0.201812 0.187798 0.174334 0.161461 0.149214 0.137623 0.126715 0.116511 0.107028 0.0982807 0.0902797 0.0830327 0.076545 0.0708198 0.0658588 0.0616628 0.0582314 0.055564 0.0536599 0.0525195 
0.0541736 0.0545717 0.0557586 0.0577359 0.0605047 0.0640658 0.0684199 0.0735672 0.079507 0.0862373 0.0937544 0.102052 0.111123 0.120954 0.13153 0.142834 0.154841 0.167523 0.18085 0.194782 0.209278 0.22429 0.239767 0.25565 0.271879 0.288387 0.305105 0.321961 0.338878 0.355778 0.372581 0.389207 0.405574 0.421602 0.437209 0.452316 0.466848 0.480729 0.493888 0.506258 0.517775 0.528379 0.538016 0.546636 0.554195 0.560654 0.565981 0.570148 0.573133 0.574922 0.575506 0.574881 0.57305 0.570024 0.565816 0.56045 0.553951 0.546354 0.537698 0.528026 0.517389 0.505842 0.493444 0.480259 0.466356 0.451805 0.436681 0.421062 0.405026 0.388655 0.372028 0.355228 0.338335 0.32143 0.304589 0.287889 0.271402 0.255197 0.23934 0.223892 0.208909 0.194444 0.180542 0.167247 0.154595 0.142618 0.131344 0.120794 0.110989 0.101942 0.0936652 0.086167 0.0794534 0.0735279 0.0683928 0.064049 0.0604965 0.0577348 0.0557634 0.0545828 
0.0561517 0.0565634 0.0577899 0.0598329 0.0626932 0.0663716 0.0708686 0.0761842 0.0823173 0.0892655 0.0970246 0.105588 0.114947 0.125088 0.135997 0.147652 0.160029 0.173101 0.186831 0.201183 0.216111 0.231566 0.247495 0.263838 0.280532 0.297508 0.314696 0.33202 0.349401 0.366761 0.384016 0.401084 0.417883 0.434327 0.450337 0.46583 0.480729 0.494958 0.508444 0.521117 0.532915 0.543776 0.553644 0.56247 0.570209 0.576821 0.582273 0.586537 0.589593 0.591423 0.592021 0.591381 0.589508 0.586411 0.582105 0.576612 0.56996 0.562182 0.553319 0.543415 0.53252 0.520691 0.507987 0.494475 0.480222 0.465303 0.449792 0.43377 0.417315 0.400512 0.383442 0.366189 0.348837 0.331466 0.314157 0.296987 0.280032 0.263362 0.247046 0.231146 0.21572 0.200824 0.186504 0.172806 0.159766 0.14742 0.135795 0.124915 0.1148 0.105466 0.0969246 0.0891856 0.0822552 0.0761377 0.0708355 0.0663498 0.0626811 0.0598289 0.057793 0.0565738 
0.058045 0.0584697 0.0597339 0.0618394 0.0647869 0.0685771 0.0732102 0.078686 0.0850031 0.0921587 0.100148 0.108964 0.118597 0.129034 0.140257 0.152247 0.164976 0.178416 0.192531 0.20728 0.222617 0.238493 0.25485 0.271628 0.288762 0.306181 0.323812 0.341578 0.359398 0.377191 0.394873 0.412358 0.429562 0.4464 0.462788 0.478644 0.493888 0.508444 0.522236 0.535195 0.547256 0.558357 0.568443 0.577462 0.585369 0.592123 0.597693 0.602049 0.60517 0.60704 0.60765 0.606996 0.605083 0.60192 0.597522 0.591911 0.585115 0.577169 0.568111 0.557989 0.546852 0.534759 0.521768 0.507948 0.493368 0.478102 0.462228 0.445826 0.428977 0.411767 0.394279 0.3766 0.358813 0.341003 0.323251 0.305638 0.28824 0.27113 0.254379 0.238051 0.222206 0.206901 0.192184 0.178103 0.164696 0.151999 0.14004 0.128846 0.118437 0.10883 0.100038 0.0920695 0.0849329 0.0786325 0.0731712 0.0685505 0.0647711 0.0618328 0.0597353 0.0584794 
0.059841 0.0602779 0.0615778 0.0637423 0.0667722 0.0706678 0.0754295 0.0810565 0.0875472 0.0948984 0.103105 0.112159 0.122051 0.132766 0.144286 0.15659 0.169651 0.183438 0.197914 0.213036 0.228759 0.245029 0.261789 0.278975 0.296522 0.314356 0.332403 0.350583 0.368814 0.387013 0.405093 0.422968 0.440551 0.457756 0.474498 0.490692 0.506258 0.521117 0.535195 0.54842 0.560727 0.572052 0.582339 0.591537 0.5996 0.606488 0.612166 0.616607 0.619788 0.621695 0.622317 0.621651 0.619701 0.616476 0.611992 0.606272 0.599342 0.591239 0.582001 0.571676 0.560315 0.547975 0.534718 0.520611 0.505726 0.490137 0.473924 0.457167 0.43995 0.42236 0.404481 0.386403 0.36821 0.349988 0.331822 0.313793 0.295979 0.278457 0.261298 0.244567 0.228328 0.212639 0.197549 0.183108 0.169355 0.156327 0.144055 0.132565 0.121879 0.112014 0.102985 0.0948004 0.0874692 0.0809962 0.0753848 0.0706367 0.0667527 0.063733 0.0615775 0.0602869 
0.0615274 0.0619757 0.0633089 0.0655287 0.0686355 0.0726298 0.0775115 0.0832798 0.0899328 0.0974668 0.105876 0.115153 0.125286 0.136261 0.148058 0.160656 0.174026 0.188136 0.202948 0.218418 0.234499 0.251137 0.268271 0.285837 0.303767 0.321987 0.34042 0.358984 0.377597 0.396171 0.414621 0.432857 0.450791 0.468336 0.485404 0.501911 0.517775 0.532915 0.547256 0.560727 0.573259 0.58479 0.595263 0.604627 0.612833 0.619843 0.625622 0.630141 0.633378 0.635318 0.635951 0.635274 0.63329 0.630009 0.625446 0.619624 0.612572 0.604324 0.594921 0.584409 0.572841 0.560273 0.54677 0.532399 0.517232 0.501345 0.484817 0.467733 0.450176 0.432233 0.413993 0.395544 0.376974 0.358371 0.33982 0.321405 0.303206 0.2853 0.267761 0.250656 0.234051 0.218003 0.202566 0.187789 0.173714 0.160378 0.147813 0.136047 0.125102 0.114997 0.105746 0.0973603 0.0898474 0.0832132 0.0774615 0.0725942 0.0686126 0.0655169 0.063307 0.061984 
0.0630925 0.0635514 0.0649154 0.0671862 0.0703642 0.0744497 0.0794424 0.0853412 0.092144 0.0998468 0.108444 0.117926 0.128282 0.139496 0.151549 0.164417 0.178072 0.19248 0.207602 0.223393 0.239804 0.256779 0.274258 0.292174 0.310457 0.329031 0.347818 0.366735 0.385697 0.404617 0.423405 0.441972 0.460228 0.478083 0.495451 0.512244 0.528379 0.543776 0.558357 0.572052 0.58479 0.59651 0.607153 0.616666 0.625004 0.632126 0.637996 0.642586 0.645874 0.647844 0.648487 0.6478 0.645785 0.642452 0.637818 0.631904 0.62474 0.61636 0.606806 0.596123 0.584366 0.571592 0.557864 0.543251 0.527826 0.511666 0.494852 0.477467 0.459599 0.441334 0.422762 0.403974 0.385059 0.366105 0.347201 0.328431 0.309878 0.291619 0.273731 0.256282 0.239339 0.222962 0.207205 0.192118 0.177746 0.164126 0.151291 0.139271 0.128087 0.11776 0.108305 0.0997325 0.0920517 0.0852686 0.0793872 0.0744099 0.070338 0.067172 0.064912 0.063559 
