0.000456851 0.000464207 0.000489614 0.000533627 0.000597082 0.000681141 0.00078728 0.000917269 0.00107316 0.00125723 0.001472 0.00172015 0.00200447 0.00232787 0.00269325 0.00310348 0.00356131 0.00406933 0.00462984 0.00524482 0.00591585 0.00664398 0.00742972 0.00827292 0.00917274 0.0101276 0.011135 0.0121917 0.0132937 0.014436 0.0156126 0.0168171 0.018042 0.0192791 0.0205197 0.0217546 0.0229739 0.0241678 0.025326 0.0264384 0.0274947 0.0284852 0.0294004 0.0302314 0.03097 0.0316088 0.0321413 0.0325621 0.0328668 0.0330523 0.0331167 0.0330592 0.0328806 0.0325827 0.0321686 0.0316427 0.0310104 0.0302781 0.0294531 0.0285437 0.0275588 0.0265077 0.0254002 0.0242465 0.0230567 0.021841 0.0206093 0.0193713 0.0181364 0.0169132 0.0157098 0.0145337 0.0133915 0.012289 0.0112313 0.0102223 0.00926554 0.0083633 0.00751727 0.00672834 0.00599669 0.00532187 0.00470287 0.00413816 0.00362581 0.00316356 0.00274886 0.00237901 0.00205116 0.00176244 0.00150999 0.00129101 0.00110283 0.00094297 0.000809123 0.000699245 0.000611556 0.000544567 0.000497099 0.000468351 
0.000464207 0.000471694 0.000497528 0.000542273 0.000606777 0.000692222 0.000800105 0.000932225 0.00109066 0.00127774 0.001496 0.00174817 0.00203709 0.00236569 0.00273693 0.00315371 0.00361882 0.00413487 0.00470421 0.00532883 0.00601032 0.00674974 0.0075476 0.00840373 0.00931727 0.0102866 0.0113092 0.0123817 0.0135001 0.0146593 0.0158533 0.0170753 0.018318 0.019573 0.0208315 0.022084 0.0233207 0.0245314 0.0257059 0.0268338 0.0279049 0.0289091 0.0298369 0.0306794 0.0314281 0.0320757 0.0326154 0.0330419 0.0333507 0.0335387 0.0336039 0.0335456 0.0333645 0.0330624 0.0326427 0.0321095 0.0314684 0.0307259 0.0298895 0.0289675 0.0279688 0.026903 0.02578 0.02461 0.0234034 0.0221703 0.020921 0.0196653 0.0184125 0.0171715 0.0159506 0.0147572 0.0135982 0.0124793 0.0114058 0.0103817 0.00941043 0.0084945 0.00763556 0.00683453 0.0060916 0.00540633 0.00477769 0.00420415 0.00368376 0.00321422 0.00279296 0.00241723 0.00208415 0.00179082 0.00153432 0.00131181 0.00112061 0.000958165 0.000822155 0.0007105 0.000621393 0.000553321 0.000505088 0.000475881 
0.000489614 0.000497528 0.000524746 0.000571858 0.000639753 0.000729663 0.000843155 0.000982109 0.00114869 0.00134534 0.00157469 0.00183959 0.002143 0.00248797 0.00287756 0.00331479 0.00380256 0.00434357 0.00494022 0.00559457 0.00630824 0.0070823 0.00791724 0.00881283 0.00976815 0.0107814 0.01185 0.0129705 0.0141384 0.0153485 0.0165946 0.0178695 0.0191656 0.0204741 0.0217859 0.0230911 0.0243795 0.0256406 0.0268636 0.0280378 0.0291526 0.0301976 0.031163 0.0320393 0.0328181 0.0334915 0.0340527 0.0344961 0.0348171 0.0350123 0.0350799 0.0350191 0.0348306 0.0345164 0.0340796 0.0335249 0.0328579 0.0320854 0.031215 0.0302555 0.029216 0.0281065 0.0269372 0.0257187 0.0244618 0.0231772 0.0218753 0.0205663 0.0192601 0.0179659 0.0166922 0.0154468 0.014237 0.0130687 0.0119474 0.0108774 0.00986227 0.00890465 0.00800632 0.00716828 0.00639076 0.00567335 0.005015 0.00441415 0.0038688 0.00337658 0.00293482 0.00254069 0.00219119 0.0018833 0.00161399 0.00138032 0.00117946 0.00100878 0.000865841 0.000748479 0.000654805 0.000583243 0.00053254 0.000501849 
0.000533627 0.000542273 0.000571858 0.000623018 0.000696703 0.000794239 0.000917304 0.00106791 0.00124838 0.00146131 0.00170954 0.00199608 0.0023241 0.00269685 0.00311757 0.00358946 0.00411559 0.00469879 0.0053416 0.00604616 0.00681412 0.00764658 0.00854398 0.00950602 0.0105316 0.0116188 0.0127647 0.0139656 0.0152166 0.0165122 0.0178455 0.0192091 0.0205946 0.0219927 0.0233936 0.024787 0.0261618 0.0275069 0.0288109 0.0300624 0.0312502 0.0323633 0.0333912 0.0343242 0.035153 0.0358695 0.0364665 0.036938 0.0372792 0.0374867 0.0375583 0.0374933 0.0372925 0.0369578 0.0364928 0.0359022 0.035192 0.0343693 0.0334424 0.0324202 0.0313126 0.0301301 0.0288836 0.0275842 0.0262434 0.0248725 0.0234826 0.0220846 0.020689 0.0193056 0.0179434 0.016611 0.0153159 0.0140647 0.0128632 0.0117161 0.0106272 0.0095995 0.00863486 0.00773447 0.00689864 0.00612699 0.00541848 0.0047715 0.00418394 0.00365333 0.00317686 0.00275153 0.00237417 0.00204156 0.00175049 0.00149781 0.00128052 0.0010958 0.00094105 0.000813953 0.000712488 0.000634965 0.000580045 0.000546819 
0.000597082 0.000606777 0.000639753 0.000696703 0.000778674 0.000887114 0.00102386 0.00119112 0.00139142 0.00162761 0.00190275 0.00222016 0.00258325 0.00299555 0.00346057 0.00398176 0.00456241 0.00520556 0.0059139 0.0066897 0.00753466 0.00844989 0.00943577 0.0104919 0.0116169 0.0128086 0.0140638 0.0153783 0.0167467 0.0181628 0.0196192 0.0211078 0.0226192 0.0241436 0.0256701 0.0271874 0.0286838 0.0301471 0.031565 0.0329252 0.0342156 0.0354244 0.0365402 0.0375526 0.0384516 0.0392286 0.0398759 0.0403869 0.0407565 0.0409811 0.0410584 0.0409875 0.0407693 0.040406 0.0399013 0.0392603 0.0384895 0.0375964 0.03659 0.0354798 0.0342766 0.0329915 0.0316364 0.0302232 0.0287643 0.027272 0.0257583 0.024235 0.0227134 0.0212042 0.0197174 0.0182622 0.0168468 0.0154786 0.0141637 0.0129076 0.0117145 0.0105875 0.00952903 0.00854032 0.00762187 0.00677332 0.00599364 0.00528115 0.00463365 0.00404848 0.00352266 0.00305293 0.0026359 0.00226808 0.00194598 0.0016662 0.00142547 0.00122071 0.00104909 0.000908083 0.000795481 0.000709438 0.000648489 0.000611639 
0.000681141 0.000692222 0.000729663 0.000794239 0.000887114 0.0010099 0.00116465 0.0013538 0.00158016 0.00184688 0.00215737 0.00251526 0.00292434 0.00338847 0.00391152 0.00449724 0.00514923 0.00587076 0.00666473 0.00753355 0.00847901 0.0095022 0.0106034 0.0117821 0.0130366 0.0143643 0.0157616 0.0172237 0.0187446 0.0203173 0.0219335 0.0235841 0.025259 0.0269469 0.0286361 0.030314 0.0319678 0.033584 0.0351492 0.0366499 0.0380728 0.0394052 0.0406346 0.0417495 0.0427393 0.0435944 0.0443064 0.0448684 0.0452747 0.0455213 0.0456059 0.0455274 0.0452869 0.0448866 0.0443307 0.0436246 0.0427755 0.0417915 0.0406824 0.0394586 0.0381318 0.0367141 0.0352185 0.0336581 0.0320465 0.030397 0.028723 0.0270373 0.0253525 0.0236803 0.0220318 0.0204172 0.0188456 0.0173252 0.0158632 0.0144653 0.0131364 0.0118803 0.0106995 0.00959572 0.00856949 0.0076206 0.006748 0.00594994 0.00522407 0.00456754 0.00397712 0.00344926 0.00298025 0.00256627 0.00220349 0.00188814 0.00161663 0.00138555 0.00119176 0.00103247 0.000905231 0.000807983 0.000739104 0.000697489 
0.00078728 0.000800105 0.000843155 0.000917304 0.00102386 0.00116465 0.00134196 0.00155854 0.00181755 0.0021225 0.00247721 0.00288574 0.00335229 0.00388118 0.00447665 0.00514288 0.00588379 0.00670298 0.00760357 0.00858814 0.00965856 0.0108159 0.0120604 0.0133911 0.0148062 0.0163026 0.0178759 0.0195208 0.0212303 0.0229966 0.0248103 0.0266611 0.0285375 0.0304273 0.032317 0.0341929 0.0360405 0.037845 0.0395915 0.041265 0.0428511 0.0443353 0.0457043 0.0469452 0.0480464 0.0489974 0.049789 0.0504135 0.0508648 0.0511385 0.0512319 0.0511442 0.0508761 0.0504305 0.0498117 0.0490257 0.0480804 0.0469848 0.0457494 0.044386 0.0429071 0.0413264 0.039658 0.0379165 0.0361168 0.0342737 0.032402 0.0305161 0.0286298 0.0267564 0.0249082 0.0230966 0.0213319 0.0196234 0.017979 0.0164055 0.0149085 0.0134922 0.0121597 0.0109129 0.00975279 0.00867914 0.00769094 0.00678636 0.00596287 0.0052174 0.00454641 0.00394601 0.0034121 0.00294045 0.0025268 0.00216698 0.00185694 0.0015929 0.00137136 0.00118916 0.00104357 0.000932274 0.000853454 0.000805867 
0.000917269 0.000932225 0.000982109 0.00106791 0.00119112 0.0013538 0.00155854 0.00180846 0.00210711 0.00245847 0.00286683 0.00333675 0.00387294 0.00448022 0.00516334 0.00592691 0.00677528 0.00771237 0.00874161 0.00986574 0.0110867 0.0124056 0.0138224 0.015336 0.016944 0.0186428 0.0204273 0.0222913 0.0242269 0.0262249 0.0282748 0.0303649 0.0324824 0.0346131 0.0367422 0.0388542 0.0409329 0.0429617 0.0449241 0.0468034 0.0485834 0.0502484 0.0517832 0.0531739 0.0544075 0.0554724 0.0563585 0.0570572 0.057562 0.0578678 0.0579718 0.0578729 0.0575723 0.0570727 0.0563791 0.0554983 0.0544387 0.0532104 0.051825 0.0502954 0.0486358 0.046861 0.0449869 0.0430296 0.0410057 0.0389318 0.0368244 0.0346995 0.0325727 0.0304588 0.0283718 0.0263245 0.0243286 0.0223947 0.0205317 0.0187476 0.0170487 0.0154399 0.013925 0.0125063 0.011185 0.00996108 0.00883352 0.00780044 0.00685912 0.00600622 0.00523784 0.00454969 0.00393723 0.00339573 0.00292044 0.00250667 0.00214991 0.00184587 0.00159061 0.00138058 0.00121269 0.00108432 0.000993415 0.00093857 
0.00107316 0.00109066 0.00114869 0.00124838 0.00139142 0.00158016 0.00181755 0.00210711 0.00245289 0.00285938 0.00333143 0.00387418 0.00449294 0.00519309 0.00597996 0.00685868 0.00783405 0.00891041 0.0100915 0.0113802 0.0127786 0.0142876 0.0159071 0.0176356 0.0194702 0.0214066 0.0234388 0.0255596 0.0277598 0.0300289 0.0323551 0.0347249 0.0371236 0.0395354 0.0419437 0.0443308 0.0466785 0.0489684 0.0511819 0.0533004 0.0553059 0.0571807 0.0589081 0.0604726 0.0618598 0.0630568 0.0640524 0.0648372 0.0654038 0.0657468 0.065863 0.0657513 0.0654128 0.0648507 0.0640705 0.0630796 0.0618874 0.0605051 0.0589455 0.0572231 0.0553534 0.0533532 0.0512399 0.0490316 0.0467468 0.0444041 0.0420219 0.0396184 0.0372109 0.0348163 0.0324503 0.0301274 0.0278611 0.0256631 0.0235441 0.021513 0.0195771 0.0177423 0.0160131 0.0143921 0.0128811 0.0114801 0.0101882 0.00900354 0.00792309 0.00694323 0.00605968 0.0052677 0.00456221 0.00393794 0.00338955 0.00291178 0.00249953 0.00214797 0.00185265 0.00160953 0.00141511 0.00126643 0.00116115 0.00109767 
0.00125723 0.00127774 0.00134534 0.00146131 0.00162761 0.00184688 0.0021225 0.00245847 0.00285938 0.00333032 0.00387677 0.00450454 0.00521961 0.00602802 0.00693573 0.00794845 0.0090715 0.0103097 0.0116669 0.0131465 0.0147505 0.0164797 0.0183337 0.0203106 0.0224069 0.0246174 0.0269352 0.0293516 0.0318564 0.0344374 0.0370809 0.0397717 0.0424931 0.0452272 0.0479551 0.0506571 0.0533126 0.0559009 0.0584013 0.0607929 0.0630555 0.0651697 0.0671167 0.0688792 0.0704412 0.0717886 0.0729089 0.0737916 0.0744287 0.074814 0.0749441 0.0748177 0.074436 0.0738028 0.0729239 0.0718076 0.0704644 0.0689067 0.0671487 0.0652064 0.0630971 0.0608395 0.0584531 0.055958 0.053375 0.0507248 0.0480281 0.0453054 0.0425762 0.0398595 0.0371732 0.0345337 0.0319563 0.0294546 0.0270406 0.0247247 0.0225155 0.0204198 0.0184427 0.0165879 0.0148572 0.0132511 0.0117687 0.0104081 0.00916601 0.00803858 0.00702106 0.00610818 0.0052943 0.00457352 0.00393984 0.00338734 0.00291026 0.00250315 0.00216096 0.00187913 0.00165365 0.0014812 0.00135908 0.0012855 
0.001472 0.001496 0.00157469 0.00170954 0.00190275 0.00215737 0.00247721 0.00286683 0.00333143 0.00387677 0.00450906 0.00523484 0.00606085 0.00699385 0.0080405 0.00920717 0.0104997 0.0119234 0.0134827 0.0151807 0.0170198 0.0190006 0.0211223 0.0233825 0.0257769 0.0282994 0.0309419 0.0336944 0.0365449 0.0394795 0.0424827 0.0455369 0.0486233 0.0517217 0.0548107 0.0578679 0.0608704 0.063795 0.0666184 0.0693173 0.0718692 0.0742523 0.0764459 0.0784307 0.0801891 0.0817052 0.0829653 0.0839579 0.0846738 0.0851066 0.0852521 0.0851093 0.0846793 0.0839662 0.0829766 0.0817197 0.080207 0.0784523 0.0764714 0.074282 0.0719035 0.0693564 0.0666625 0.0638445 0.0609253 0.0579284 0.0548768 0.0517935 0.0487007 0.0456197 0.0425706 0.0395724 0.0366422 0.0337956 0.0310466 0.0284069 0.0258865 0.0234935 0.0212339 0.0191121 0.0171304 0.0152898 0.0135894 0.0120272 0.0105999 0.00930309 0.00813171 0.00707987 0.0061413 0.0053094 0.00457745 0.00393879 0.00338692 0.00291568 0.00251935 0.00219276 0.00193139 0.00173143 0.00158986 0.0015046 
0.00172015 0.00174817 0.00183959 0.00199608 0.00222016 0.00251526 0.00288574 0.00333675 0.00387418 0.00450454 0.00523484 0.00607244 0.0070249 0.00809981 0.00930457 0.0106463 0.0121314 0.0137656 0.0155537 0.0174993 0.0196043 0.0218694 0.0242934 0.0268732 0.0296036 0.0324773 0.035485 0.038615 0.0418535 0.0451847 0.0485906 0.0520516 0.0555461 0.0590514 0.0625433 0.0659967 0.069386 0.072685 0.0758676 0.0789082 0.0817814 0.0844632 0.0869305 0.0891619 0.0911379 0.092841 0.0942559 0.0953701 0.0961734 0.0966586 0.0968214 0.0966602 0.0961766 0.0953751 0.0942629 0.0928501 0.0911496 0.0891764 0.0869482 0.0844846 0.0818069 0.0789382 0.0759025 0.0727251 0.0694317 0.0660482 0.0626009 0.0591151 0.0556161 0.0521276 0.0486727 0.0452725 0.0419467 0.0387131 0.0355875 0.0325837 0.0297131 0.026985 0.0244069 0.0219836 0.0197184 0.0176124 0.0156652 0.0138746 0.0122371 0.010748 0.00940179 0.0081919 0.00711137 0.00615286 0.00530886 0.00457186 0.00393458 0.00339005 0.00293182 0.00255405 0.0022516 0.00202016 0.0018563 0.00175767 
0.00200447 0.00203709 0.002143 0.0023241 0.00258325 0.00292434 0.00335229 0.00387294 0.00449294 0.00521961 0.00606085 0.0070249 0.00812025 0.00935533 0.0107384 0.0122773 0.0139791 0.0158501 0.0178954 0.0201186 0.0225218 0.0251053 0.0278674 0.0308043 0.0339096 0.037175 0.0405894 0.0441394 0.0478093 0.0515807 0.0554335 0.0593452 0.0632915 0.0672468 0.0711839 0.0750746 0.0788903 0.0826019 0.0861802 0.0895966 0.0928231 0.0958329 0.0986007 0.101103 0.103317 0.105226 0.10681 0.108058 0.108957 0.109499 0.109681 0.109499 0.108957 0.108059 0.106812 0.105228 0.103322 0.101109 0.0986094 0.0958446 0.0928382 0.0896157 0.0862039 0.0826308 0.0789248 0.0751152 0.0712308 0.0673004 0.063352 0.0594125 0.0555077 0.0516617 0.0478966 0.0442329 0.0406884 0.0372789 0.0340178 0.0309159 0.0279817 0.0252213 0.0226387 0.0202354 0.0180112 0.015964 0.0140903 0.0123849 0.0108417 0.00945357 0.00821286 0.00711137 0.0061407 0.00529248 0.0045585 0.00393096 0.00340257 0.00296674 0.00261768 0.00235052 0.00216136 0.00204757 
0.00232787 0.00236569 0.00248797 0.00269685 0.00299555 0.00338847 0.00388118 0.00448022 0.00519309 0.00602802 0.00699385 0.00809981 0.00935533 0.0107698 0.0123524 0.0141118 0.0160556 0.0181907 0.0205224 0.0230547 0.0257894 0.0287266 0.0318638 0.0351963 0.0387168 0.0424152 0.0462788 0.0502922 0.0544373 0.0586934 0.0630375 0.0674442 0.0718862 0.0763347 0.0807592 0.0851284 0.0894102 0.0935721 0.097582 0.101408 0.105019 0.108386 0.111481 0.114277 0.116751 0.118882 0.120651 0.122042 0.123045 0.12365 0.123852 0.123649 0.123043 0.122039 0.120647 0.118877 0.116747 0.114274 0.111479 0.108387 0.105022 0.101415 0.0975927 0.0935878 0.0894314 0.0851558 0.0807933 0.076376 0.071935 0.0675006 0.0631017 0.0587654 0.0545169 0.050379 0.0463724 0.042515 0.0388221 0.0353064 0.0319777 0.0288434 0.0259082 0.0231743 0.0206419 0.018309 0.0161718 0.0142249 0.0124616 0.0108742 0.00945413 0.00819241 0.00707968 0.0061066 0.00526401 0.00454314 0.00393583 0.00343466 0.00303312 0.00272572 0.00250808 0.00237722 
0.00269325 0.00273693 0.00287756 0.00311757 0.00346057 0.00391152 0.00447665 0.00516334 0.00597996 0.00693573 0.0080405 0.00930457 0.0107384 0.0123524 0.0141567 0.0161607 0.0183728 0.0208003 0.023449 0.0263228 0.0294234 0.0327504 0.0363006 0.0400683 0.0440448 0.0482183 0.0525743 0.0570949 0.0617596 0.066545 0.071425 0.076371 0.0813526 0.0863373 0.0912911 0.0961793 0.100966 0.105616 0.110092 0.114361 0.118388 0.12214 0.125587 0.1287 0.131454 0.133824 0.135791 0.137338 0.138453 0.139124 0.139348 0.139121 0.138447 0.13733 0.13578 0.133811 0.13144 0.128686 0.125574 0.122128 0.118377 0.114353 0.110088 0.105616 0.100972 0.0961913 0.0913101 0.0863638 0.0813873 0.0764142 0.0714768 0.0666057 0.0618291 0.0571729 0.0526605 0.0483121 0.0441455 0.0401752 0.0364127 0.0328667 0.0295428 0.0264442 0.0235714 0.0209224 0.0184935 0.0162789 0.0142714 0.0124627 0.0108433 0.00940329 0.00813236 0.00702011 0.00605634 0.00523129 0.00453583 0.00396164 0.00350142 0.00314902 0.00289952 0.00274956 
0.00310348 0.00315371 0.00331479 0.00358946 0.00398176 0.00449724 0.00514288 0.00592691 0.00685868 0.00794845 0.00920717 0.0106463 0.0122773 0.0141118 0.0161607 0.0184343 0.0209418 0.0236911 0.026688 0.0299365 0.0334382 0.0371919 0.0411938 0.0454368 0.0499107 0.0546019 0.0594935 0.0645654 0.0697941 0.0751533 0.0806135 0.0861429 0.0917072 0.0972703 0.102795 0.108242 0.113571 0.118745 0.123723 0.128466 0.132938 0.137103 0.140926 0.144378 0.14743 0.150056 0.152234 0.153947 0.155181 0.155924 0.15617 0.155919 0.155171 0.153933 0.152216 0.150034 0.147406 0.144352 0.140899 0.137075 0.132912 0.128442 0.123701 0.118728 0.11356 0.108236 0.102796 0.0972797 0.0917253 0.0861702 0.0806505 0.0752003 0.0698511 0.0646323 0.05957 0.0546875 0.0500048 0.0455387 0.0413024 0.0373062 0.033557 0.0300586 0.0268122 0.0238161 0.0210663 0.0185571 0.0162805 0.0142276 0.012388 0.010751 0.00930499 0.00803863 0.00694058 0.00599998 0.00520667 0.00455139 0.00402599 0.00362358 0.00333866 0.0031675 
0.00356131 0.00361882 0.00380256 0.00411559 0.00456241 0.00514923 0.00588379 0.00677528 0.00783405 0.0090715 0.0104997 0.0121314 0.0139791 0.0160556 0.0183728 0.0209418 0.0237727 0.0268735 0.0302505 0.0339077 0.0378461 0.0420641 0.0465566 0.0513153 0.0563281 0.0615794 0.06705 0.0727169 0.0785536 0.0845305 0.0906146 0.0967704 0.10296 0.109143 0.115277 0.121321 0.127231 0.132963 0.138474 0.143723 0.148668 0.15327 0.157494 0.161305 0.164673 0.167569 0.169972 0.17186 0.173219 0.174038 0.174309 0.174031 0.173206 0.17184 0.169946 0.167538 0.164637 0.161266 0.157452 0.153227 0.148624 0.14368 0.138434 0.132926 0.127199 0.121295 0.115259 0.109132 0.102959 0.0967792 0.0906341 0.0845611 0.0785956 0.0727701 0.0671144 0.0616546 0.0564134 0.05141 0.0466598 0.0421746 0.0379627 0.0340291 0.0303753 0.0270003 0.0239001 0.0210684 0.0184972 0.0161765 0.0140954 0.0122418 0.0106034 0.00916739 0.00792143 0.00685347 0.00595224 0.00520746 0.00461008 0.00415243 0.0038284 0.00363381 
0.00406933 0.00413487 0.00434357 0.00469879 0.00520556 0.00587076 0.00670298 0.00771237 0.00891041 0.0103097 0.0119234 0.0137656 0.0158501 0.0181907 0.0208003 0.0236911 0.0268735 0.0303562 0.0341457 0.0382457 0.0426568 0.0473766 0.0523987 0.0577133 0.0633063 0.06916 0.0752522 0.0815571 0.088045 0.0946825 0.101433 0.108257 0.115112 0.121954 0.128737 0.135414 0.141939 0.148262 0.154337 0.160119 0.165564 0.170628 0.175273 0.179462 0.183162 0.186344 0.188981 0.191054 0.192545 0.193443 0.19374 0.193434 0.192527 0.191028 0.188947 0.186302 0.183114 0.179409 0.175215 0.170567 0.165501 0.160057 0.154276 0.148203 0.141884 0.135366 0.128696 0.121921 0.115089 0.108244 0.101432 0.094694 0.0880691 0.0815941 0.0753019 0.0692222 0.0633805 0.0577986 0.0524943 0.0474813 0.0427694 0.0383647 0.0342697 0.0304836 0.0270027 0.0238205 0.0209285 0.0183161 0.0159714 0.0138814 0.0120326 0.0104111 0.00900316 0.00779563 0.00677605 0.00593308 0.00525669 0.00473839 0.0043714 0.00415109 
0.00462984 0.00470421 0.00494022 0.0053416 0.0059139 0.00666473 0.00760357 0.00874161 0.0100915 0.0116669 0.0134827 0.0155537 0.0178954 0.0205224 0.023449 0.026688 0.0302505 0.0341457 0.03838 0.042957 0.0478766 0.0531354 0.0587258 0.064636 0.07085 0.0773472 0.0841028 0.0910875 0.0982682 0.105608 0.113065 0.120597 0.128156 0.135695 0.143163 0.150508 0.157678 0.164623 0.171291 0.177633 0.1836 0.189148 0.194234 0.198818 0.202865 0.206343 0.209226 0.211491 0.213119 0.2141 0.214423 0.214088 0.213097 0.211458 0.209183 0.20629 0.202803 0.198749 0.194159 0.189069 0.183518 0.177549 0.171207 0.164541 0.1576 0.150435 0.143096 0.135638 0.128109 0.120561 0.113041 0.105597 0.0982718 0.0911054 0.0841351 0.0773938 0.0709104 0.0647096 0.0588116 0.0532323 0.0479832 0.0430719 0.0385016 0.0342723 0.0303803 0.0268193 0.0235801 0.0206516 0.0180211 0.0156744 0.013597 0.0117736 0.0101894 0.0088298 0.0076812 0.00673111 0.00596848 0.00538396 0.00497006 0.00472168 
0.00524482 0.00532883 0.00559457 0.00604616 0.0066897 0.00753355 0.00858814 0.00986574 0.0113802 0.0131465 0.0151807 0.0174993 0.0201186 0.0230547 0.0263228 0.0299365 0.0339077 0.0382457 0.042957 0.0480447 0.0535081 0.0593427 0.0655391 0.0720837 0.078958 0.0861387 0.0935977 0.101302 0.109216 0.117296 0.125499 0.133776 0.142076 0.150346 0.158531 0.166575 0.174422 0.182016 0.189302 0.196226 0.202738 0.208788 0.214331 0.219324 0.223731 0.227517 0.230654 0.233117 0.234888 0.235954 0.236305 0.23594 0.234861 0.233077 0.230601 0.227453 0.223656 0.21924 0.214238 0.208689 0.202634 0.196119 0.189194 0.181909 0.174317 0.166475 0.158438 0.150262 0.142002 0.133714 0.12545 0.117261 0.109196 0.101299 0.0936099 0.086167 0.0790021 0.072143 0.0656127 0.0594294 0.0536067 0.0481535 0.0430744 0.0383698 0.0340367 0.0300684 0.0264557 0.0231867 0.0202479 0.0176242 0.0152997 0.0132581 0.011483 0.00995867 0.00867019 0.00760389 0.00674767 0.00609125 0.00562642 0.00534758 
0.00591585 0.00601032 0.00630824 0.00681412 0.00753466 0.00847901 0.00965856 0.0110867 0.0127786 0.0147505 0.0170198 0.0196043 0.0225218 0.0257894 0.0294234 0.0334382 0.0378461 0.0426568 0.0478766 0.0535081 0.0595498 0.0659957 0.0728347 0.080051 0.0876234 0.0955257 0.103726 0.112189 0.120872 0.12973 0.138714 0.147771 0.156845 0.165877 0.174809 0.18358 0.192129 0.200396 0.208322 0.215849 0.222923 0.229491 0.235506 0.240921 0.245698 0.249801 0.253198 0.255866 0.257783 0.258935 0.259315 0.258919 0.257751 0.255818 0.253136 0.249724 0.245609 0.24082 0.235394 0.229371 0.222796 0.215718 0.208188 0.200262 0.191997 0.183452 0.174687 0.165763 0.156741 0.14768 0.138637 0.129668 0.120826 0.11216 0.103716 0.095533 0.0876486 0.0800934 0.0728936 0.06607 0.0596382 0.0536089 0.047988 0.0427769 0.0379728 0.0335694 0.029557 0.0259234 0.022654 0.0197329 0.0171429 0.0148665 0.0128859 0.0111841 0.00974483 0.00855317 0.00759593 0.00686189 0.00634207 0.00603033 
0.00664398 0.00674974 0.0070823 0.00764658 0.00844989 0.0095022 0.0108159 0.0124056 0.0142876 0.0164797 0.0190006 0.0218694 0.0251053 0.0287266 0.0327504 0.0371919 0.0420641 0.0473766 0.0531354 0.0593427 0.0659957 0.0730868 0.0806033 0.0885266 0.0968328 0.105492 0.11447 0.123725 0.133213 0.142882 0.152679 0.162547 0.172424 0.182247 0.191952 0.201474 0.210747 0.219707 0.228291 0.236438 0.244088 0.251188 0.257685 0.263532 0.268687 0.273112 0.276776 0.279651 0.281717 0.282959 0.283368 0.28294 0.28168 0.279596 0.276703 0.273023 0.268583 0.263414 0.257554 0.251047 0.243939 0.236281 0.228131 0.219545 0.210585 0.201315 0.191799 0.182101 0.172289 0.162424 0.152571 0.14279 0.133138 0.12367 0.114434 0.105476 0.0968364 0.0885496 0.0806451 0.0731464 0.0660716 0.0594333 0.0532389 0.0474908 0.0421869 0.037321 0.0328834 0.0288613 0.0252394 0.0220008 0.0191272 0.0165996 0.0143991 0.0125071 0.0109061 0.00957999 0.00851433 0.00769695 0.00711807 0.00677102 
0.00742972 0.0075476 0.00791724 0.00854398 0.00943577 0.0106034 0.0120604 0.0138224 0.0159071 0.0183337 0.0211223 0.0242934 0.0278674 0.0318638 0.0363006 0.0411938 0.0465566 0.0523987 0.0587258 0.0655391 0.0728347 0.0806033 0.0888297 0.097493 0.106566 0.116016 0.125803 0.135882 0.146205 0.156715 0.167354 0.178059 0.188764 0.199401 0.209901 0.220194 0.23021 0.23988 0.249136 0.257914 0.266153 0.273792 0.28078 0.287065 0.292603 0.297356 0.301289 0.304375 0.306592 0.307924 0.308362 0.307902 0.306549 0.304312 0.301207 0.297255 0.292485 0.28693 0.28063 0.27363 0.265979 0.257732 0.248948 0.239688 0.230018 0.220004 0.209716 0.199223 0.188596 0.177904 0.167214 0.156591 0.1461 0.135797 0.125738 0.115973 0.106545 0.0974941 0.088852 0.0806456 0.0728958 0.0656174 0.0588193 0.0525052 0.0466738 0.0413193 0.0364317 0.0319981 0.0280024 0.0244267 0.0212516 0.0184569 0.0160222 0.0139276 0.0121542 0.0106846 0.0095032 0.00859682 0.00795488 0.00757012 
0.00827292 0.00840373 0.00881283 0.00950602 0.0104919 0.0117821 0.0133911 0.015336 0.0176356 0.0203106 0.0233825 0.0268732 0.0308043 0.0351963 0.0400683 0.0454368 0.0513153 0.0577133 0.064636 0.0720837 0.080051 0.0885266 0.097493 0.106926 0.116796 0.127065 0.13769 0.148623 0.159807 0.171184 0.182689 0.194254 0.205808 0.217278 0.22859 0.239669 0.25044 0.260831 0.27077 0.280188 0.289021 0.297207 0.304689 0.311416 0.317341 0.322423 0.326627 0.329924 0.332292 0.333714 0.334182 0.333691 0.332245 0.329854 0.326535 0.322309 0.317207 0.311264 0.30452 0.297023 0.288824 0.279981 0.270554 0.26061 0.250217 0.239446 0.228371 0.217065 0.205605 0.194063 0.182513 0.171026 0.159669 0.148505 0.137596 0.126994 0.116749 0.106903 0.0974933 0.0885494 0.0800951 0.0721475 0.0647175 0.0578102 0.0514251 0.045557 0.0401961 0.0353289 0.030939 0.0270074 0.0235137 0.0204364 0.0177537 0.0154444 0.0134882 0.0118664 0.0105621 0.0095612 0.00885226 0.00842746 
0.00917274 0.00931727 0.00976815 0.0105316 0.0116169 0.0130366 0.0148062 0.016944 0.0194702 0.0224069 0.0257769 0.0296036 0.0339096 0.0387168 0.0440448 0.0499107 0.0563281 0.0633063 0.07085 0.078958 0.0876234 0.0968328 0.106566 0.116796 0.127489 0.138603 0.150091 0.161899 0.173968 0.186232 0.198622 0.211065 0.223484 0.235801 0.247937 0.259813 0.271349 0.282468 0.293095 0.303157 0.312588 0.321321 0.3293 0.336468 0.342779 0.348189 0.352663 0.356171 0.35869 0.360203 0.360699 0.360177 0.358639 0.356095 0.352562 0.348064 0.342631 0.3363 0.329112 0.321116 0.312367 0.302924 0.292851 0.282217 0.271094 0.259557 0.247684 0.235554 0.223245 0.210838 0.198411 0.186039 0.173795 0.161748 0.149964 0.138501 0.127412 0.116746 0.106542 0.0968339 0.0876484 0.0790052 0.0709174 0.0633917 0.0564288 0.050024 0.0441677 0.0388464 0.034043 0.0297377 0.0259091 0.0225345 0.0195907 0.0170552 0.0149062 0.0131236 0.0116897 0.0105889 0.00980925 0.00934216 
0.0101276 0.0102866 0.0107814 0.0116188 0.0128086 0.0143643 0.0163026 0.0186428 0.0214066 0.0246174 0.0282994 0.0324773 0.037175 0.0424152 0.0482183 0.0546019 0.0615794 0.06916 0.0773472 0.0861387 0.0955257 0.105492 0.116016 0.127065 0.138603 0.150584 0.162955 0.175659 0.188629 0.201797 0.215086 0.228419 0.241714 0.254887 0.267854 0.280532 0.292836 0.304685 0.316001 0.326707 0.336734 0.346013 0.354485 0.362092 0.368786 0.374522 0.379264 0.38298 0.385648 0.38725 0.387776 0.387222 0.385593 0.382897 0.379154 0.374386 0.368625 0.361908 0.354279 0.345788 0.336491 0.326449 0.31573 0.304405 0.29255 0.280243 0.267567 0.254604 0.241439 0.228156 0.214838 0.201566 0.188419 0.175472 0.162794 0.150449 0.138496 0.126986 0.115965 0.105469 0.0955293 0.0861672 0.0773987 0.069232 0.0616693 0.0547067 0.048335 0.0425405 0.0373058 0.0326103 0.0284317 0.024746 0.0215288 0.0187562 0.0164049 0.0144538 0.0128836 0.0116781 0.0108241 0.0103126 
0.011135 0.0113092 0.01185 0.0127647 0.0140638 0.0157616 0.0178759 0.0204273 0.0234388 0.0269352 0.0309419 0.035485 0.0405894 0.0462788 0.0525743 0.0594935 0.06705 0.0752522 0.0841028 0.0935977 0.103726 0.11447 0.125803 0.13769 0.150091 0.162955 0.176225 0.189838 0.203723 0.217805 0.232003 0.246233 0.260409 0.274442 0.288242 0.301721 0.314792 0.327369 0.339369 0.350715 0.361332 0.371151 0.38011 0.38815 0.395221 0.401278 0.406282 0.410204 0.413018 0.414708 0.415262 0.414678 0.412958 0.410115 0.406165 0.401132 0.395048 0.387952 0.379887 0.370907 0.361068 0.350433 0.339073 0.327061 0.314476 0.301401 0.287921 0.274123 0.260097 0.245932 0.231716 0.217536 0.203476 0.189615 0.176028 0.162786 0.149951 0.137581 0.125724 0.114421 0.103707 0.0936057 0.0841364 0.0753091 0.0671273 0.0595882 0.0526831 0.0463984 0.0407163 0.0356158 0.0310733 0.027064 0.0235621 0.0205423 0.0179802 0.0158532 0.0141408 0.0128258 0.0118941 0.0113362 
0.0121917 0.0123817 0.0129705 0.0139656 0.0153783 0.0172237 0.0195208 0.0222913 0.0255596 0.0293516 0.0336944 0.038615 0.0441394 0.0502922 0.0570949 0.0645654 0.0727169 0.0815571 0.0910875 0.101302 0.112189 0.123725 0.135882 0.148623 0.161899 0.175659 0.189838 0.204369 0.219176 0.234177 0.249287 0.264417 0.279473 0.294363 0.308993 0.323269 0.3371 0.350397 0.363073 0.375049 0.386247 0.396596 0.406032 0.414496 0.421935 0.428305 0.433566 0.437687 0.440644 0.442419 0.443001 0.442387 0.440581 0.437593 0.433441 0.42815 0.421752 0.414285 0.405795 0.396334 0.385963 0.374745 0.362752 0.350062 0.336755 0.322917 0.308638 0.29401 0.279125 0.264078 0.248962 0.23387 0.21889 0.204108 0.189604 0.175454 0.161726 0.148481 0.135774 0.123649 0.112144 0.101288 0.0911015 0.0815971 0.07278 0.0646485 0.0571946 0.0504048 0.0442613 0.0387425 0.033824 0.0294798 0.0256831 0.0224073 0.0196265 0.0173169 0.0154569 0.0140282 0.0130158 0.0124098 
0.0132937 0.0135001 0.0141384 0.0152166 0.0167467 0.0187446 0.0212303 0.0242269 0.0277598 0.0318564 0.0365449 0.0418535 0.0478093 0.0544373 0.0617596 0.0697941 0.0785536 0.088045 0.0982682 0.109216 0.120872 0.133213 0.146205 0.159807 0.173968 0.188629 0.203723 0.219176 0.234906 0.250827 0.266847 0.282871 0.298803 0.314543 0.329993 0.345056 0.359636 0.37364 0.38698 0.399571 0.411337 0.422203 0.432103 0.440979 0.448775 0.455448 0.460957 0.465272 0.468366 0.470223 0.470832 0.47019 0.4683 0.465173 0.460827 0.455286 0.448582 0.440756 0.431852 0.421925 0.411034 0.399247 0.386636 0.373279 0.359263 0.344674 0.329606 0.314155 0.298419 0.282496 0.266484 0.250481 0.234581 0.218876 0.203451 0.188387 0.173759 0.159632 0.146065 0.133107 0.120801 0.109177 0.098261 0.0880665 0.0786011 0.0698642 0.0618487 0.0545416 0.047925 0.0419767 0.0366717 0.0319831 0.0278829 0.0243432 0.0213369 0.018839 0.0168266 0.0152805 0.0141849 0.0135291 
0.014436 0.0146593 0.0153485 0.0165122 0.0181628 0.0203173 0.0229966 0.0262249 0.0300289 0.0344374 0.0394795 0.0451847 0.0515807 0.0586934 0.066545 0.0751533 0.0845305 0.0946825 0.105608 0.117296 0.12973 0.142882 0.156715 0.171184 0.186232 0.201797 0.217805 0.234177 0.250827 0.267661 0.284583 0.301494 0.318289 0.334867 0.351124 0.366958 0.38227 0.396964 0.41095 0.424141 0.436456 0.447822 0.458171 0.467443 0.475584 0.482548 0.488295 0.492794 0.496021 0.497957 0.498592 0.497923 0.495953 0.492692 0.48816 0.482379 0.475383 0.467211 0.457909 0.447531 0.436138 0.423798 0.410585 0.396581 0.381871 0.366547 0.350706 0.334447 0.317871 0.301082 0.284183 0.267277 0.250463 0.233838 0.217495 0.201518 0.185987 0.170974 0.156542 0.142746 0.129631 0.117233 0.105578 0.0946842 0.0845608 0.0752089 0.0666222 0.0587883 0.0516891 0.0453024 0.0396026 0.0345618 0.0301509 0.0263409 0.0231035 0.0204124 0.0182437 0.016577 0.0153959 0.0146891 
0.0156126 0.0158533 0.0165946 0.0178455 0.0196192 0.0219335 0.0248103 0.0282748 0.0323551 0.0370809 0.0424827 0.0485906 0.0554335 0.0630375 0.071425 0.0806135 0.0906146 0.101433 0.113065 0.125499 0.138714 0.152679 0.167354 0.182689 0.198622 0.215086 0.232003 0.249287 0.266847 0.284583 0.302395 0.320177 0.33782 0.355217 0.372262 0.388847 0.404871 0.420234 0.434845 0.448613 0.461458 0.473304 0.484083 0.493734 0.502203 0.509444 0.515418 0.520093 0.523445 0.525456 0.526116 0.525421 0.523375 0.519989 0.515279 0.509271 0.501996 0.493494 0.483811 0.473001 0.461126 0.448254 0.434461 0.41983 0.404448 0.38841 0.371815 0.354766 0.337369 0.31973 0.301959 0.284162 0.266445 0.24891 0.231654 0.214769 0.19834 0.182444 0.167148 0.152512 0.138586 0.125409 0.113012 0.101414 0.0906267 0.0806535 0.0714891 0.0631217 0.0555335 0.048702 0.0426012 0.0372022 0.0324752 0.02839 0.0249171 0.022029 0.0197008 0.0179112 0.0166428 0.0158838 
0.0168171 0.0170753 0.0178695 0.0192091 0.0211078 0.0235841 0.0266611 0.0303649 0.0347249 0.0397717 0.0455369 0.0520516 0.0593452 0.0674442 0.076371 0.0861429 0.0967704 0.108257 0.120597 0.133776 0.147771 0.162547 0.178059 0.194254 0.211065 0.228419 0.246233 0.264417 0.282871 0.301494 0.320177 0.338809 0.357279 0.375473 0.393281 0.410593 0.427304 0.443312 0.458522 0.472843 0.486194 0.498497 0.509685 0.519695 0.528475 0.535978 0.542166 0.547007 0.550477 0.552559 0.553243 0.552524 0.550407 0.546902 0.542025 0.535802 0.528264 0.51945 0.509406 0.498186 0.485851 0.472471 0.458123 0.442889 0.426861 0.410133 0.392809 0.374993 0.356796 0.338329 0.319705 0.301036 0.282432 0.264002 0.245847 0.228065 0.210746 0.193973 0.177819 0.162348 0.147613 0.133659 0.120519 0.108215 0.0967631 0.0861662 0.0764211 0.0675168 0.0594359 0.0521558 0.04565 0.0398891 0.0348424 0.0304786 0.0267672 0.0236795 0.0211896 0.0192753 0.0179184 0.0171065 
0.018042 0.018318 0.0191656 0.0205946 0.0226192 0.025259 0.0285375 0.0324824 0.0371236 0.0424931 0.0486233 0.0555461 0.0632915 0.0718862 0.0813526 0.0917072 0.10296 0.115112 0.128156 0.142076 0.156845 0.172424 0.188764 0.205808 0.223484 0.241714 0.260409 0.279473 0.298803 0.318289 0.33782 0.357279 0.376549 0.395514 0.414057 0.432068 0.449437 0.466061 0.481842 0.496689 0.510519 0.523255 0.534827 0.545176 0.554248 0.561997 0.568385 0.573381 0.576961 0.579109 0.579815 0.579074 0.576891 0.573275 0.568243 0.56182 0.554035 0.544928 0.534544 0.522937 0.510168 0.496307 0.48143 0.465622 0.448975 0.431587 0.413561 0.395007 0.376038 0.356768 0.337316 0.317797 0.298328 0.279021 0.259985 0.241323 0.223129 0.205492 0.18849 0.172192 0.156657 0.141931 0.128053 0.115048 0.102932 0.091713 0.0813878 0.0719464 0.0633721 0.0556423 0.0487302 0.042606 0.037238 0.032594 0.0286425 0.0253538 0.0227011 0.020661 0.0192149 0.0183498 
0.0192791 0.019573 0.0204741 0.0219927 0.0241436 0.0269469 0.0304273 0.0346131 0.0395354 0.0452272 0.0517217 0.0590514 0.0672468 0.0763347 0.0863373 0.0972703 0.109143 0.121954 0.135695 0.150346 0.165877 0.182247 0.199401 0.217278 0.235801 0.254887 0.274442 0.294363 0.314543 0.334867 0.355217 0.375473 0.395514 0.415217 0.434465 0.453142 0.471138 0.488346 0.504667 0.520011 0.534291 0.547433 0.559366 0.57003 0.579374 0.587351 0.593924 0.599064 0.602747 0.604956 0.605682 0.604921 0.602677 0.598959 0.593784 0.587174 0.579161 0.569781 0.55908 0.547111 0.533935 0.519621 0.504246 0.487895 0.470661 0.452643 0.433948 0.414687 0.394976 0.374934 0.354682 0.334342 0.314034 0.293876 0.273982 0.25446 0.23541 0.216927 0.199093 0.181983 0.165659 0.150173 0.135565 0.121866 0.109094 0.097258 0.0863568 0.0763817 0.0673165 0.0591388 0.0518218 0.045335 0.0396461 0.0347221 0.0305306 0.0270409 0.0242251 0.0220592 0.0205237 0.0196052 
0.0205197 0.0208315 0.0217859 0.0233936 0.0256701 0.0286361 0.032317 0.0367422 0.0419437 0.0479551 0.0548107 0.0625433 0.0711839 0.0807592 0.0912911 0.102795 0.115277 0.128737 0.143163 0.158531 0.174809 0.191952 0.209901 0.22859 0.247937 0.267854 0.288242 0.308993 0.329993 0.351124 0.372262 0.393281 0.414057 0.434465 0.454383 0.473692 0.492279 0.510037 0.526866 0.542674 0.557375 0.570894 0.583162 0.594118 0.603712 0.611899 0.618643 0.623915 0.627691 0.629956 0.630701 0.629922 0.627622 0.623811 0.618505 0.611725 0.603501 0.59387 0.582876 0.570572 0.557016 0.542279 0.526438 0.509577 0.49179 0.473177 0.453848 0.433914 0.413496 0.392715 0.371698 0.350568 0.329452 0.308472 0.287748 0.267392 0.247512 0.228205 0.20956 0.191656 0.174561 0.158329 0.143007 0.128626 0.115208 0.102764 0.0912946 0.0807925 0.0712421 0.0626214 0.0549033 0.0480572 0.0420501 0.0368483 0.0324184 0.0287288 0.025751 0.0234599 0.0218356 0.0208641 
0.0217546 0.022084 0.0230911 0.024787 0.0271874 0.030314 0.0341929 0.0388542 0.0443308 0.0506571 0.0578679 0.0659967 0.0750746 0.0851284 0.0961793 0.108242 0.121321 0.135414 0.150508 0.166575 0.18358 0.201474 0.220194 0.239669 0.259813 0.280532 0.301721 0.323269 0.345056 0.366958 0.388847 0.410593 0.432068 0.453142 0.473692 0.493595 0.512737 0.53101 0.548313 0.564551 0.579642 0.593509 0.606084 0.617309 0.627132 0.635511 0.64241 0.647801 0.651662 0.653978 0.65474 0.653945 0.651595 0.6477 0.642274 0.63534 0.626924 0.617064 0.605801 0.593188 0.579283 0.564155 0.54788 0.530543 0.512239 0.493068 0.473141 0.452573 0.431486 0.410004 0.388257 0.366374 0.344484 0.322717 0.301194 0.280036 0.259354 0.23925 0.21982 0.201147 0.183302 0.166345 0.150326 0.13528 0.12123 0.108192 0.0961663 0.0851476 0.0751211 0.0660651 0.0579527 0.050753 0.0444325 0.0389569 0.0342919 0.0304053 0.0272675 0.0248529 0.0231408 0.0221169 
0.0229739 0.0233207 0.0243795 0.0261618 0.0286838 0.0319678 0.0360405 0.0409329 0.0466785 0.0533126 0.0608704 0.069386 0.0788903 0.0894102 0.100966 0.113571 0.127231 0.141939 0.157678 0.174422 0.192129 0.210747 0.23021 0.25044 0.271349 0.292836 0.314792 0.3371 0.359636 0.38227 0.404871 0.427304 0.449437 0.471138 0.492279 0.512737 0.532396 0.551147 0.568886 0.585523 0.600971 0.615156 0.628012 0.63948 0.64951 0.658062 0.665101 0.6706 0.674538 0.6769 0.677677 0.676868 0.674474 0.670503 0.66497 0.657896 0.649308 0.63924 0.627734 0.614839 0.600614 0.585127 0.568452 0.550676 0.531891 0.512201 0.491716 0.470553 0.448836 0.426694 0.404257 0.38166 0.359036 0.336518 0.314234 0.292308 0.270858 0.24999 0.229805 0.21039 0.191822 0.174165 0.157471 0.14178 0.127119 0.113503 0.100936 0.0894151 0.0789247 0.0694443 0.0609471 0.0534021 0.0467753 0.0410318 0.0361368 0.0320572 0.0287628 0.0262271 0.024429 0.0233539 
0.0241678 0.0245314 0.0256406 0.0275069 0.0301471 0.033584 0.037845 0.0429617 0.0489684 0.0559009 0.063795 0.072685 0.0826019 0.0935721 0.105616 0.118745 0.132963 0.148262 0.164623 0.182016 0.200396 0.219707 0.23988 0.260831 0.282468 0.304685 0.327369 0.350397 0.37364 0.396964 0.420234 0.443312 0.466061 0.488346 0.510037 0.53101 0.551147 0.570336 0.588477 0.605477 0.621251 0.635725 0.648834 0.660521 0.670738 0.679444 0.686608 0.692203 0.696208 0.698611 0.699403 0.698581 0.696147 0.69211 0.686483 0.679285 0.670542 0.660288 0.648562 0.635413 0.620899 0.605084 0.588044 0.569864 0.550638 0.530468 0.509465 0.487749 0.465445 0.442683 0.4196 0.396331 0.373014 0.349787 0.326782 0.304128 0.281946 0.26035 0.239444 0.219321 0.20006 0.181732 0.164391 0.148081 0.13283 0.118657 0.10557 0.0935627 0.082624 0.0727331 0.0638634 0.0559837 0.04906 0.0430567 0.0379385 0.0336715 0.0302248 0.0275715 0.0256899 0.0245648 
0.025326 0.0257059 0.0268636 0.0288109 0.031565 0.0351492 0.0395915 0.0449241 0.0511819 0.0584013 0.0666184 0.0758676 0.0861802 0.097582 0.110092 0.123723 0.138474 0.154337 0.171291 0.189302 0.208322 0.228291 0.249136 0.27077 0.293095 0.316001 0.339369 0.363073 0.38698 0.41095 0.434845 0.458522 0.481842 0.504667 0.526866 0.548313 0.568886 0.588477 0.606983 0.624312 0.640379 0.655113 0.668449 0.680331 0.690713 0.699557 0.706831 0.712511 0.716576 0.719015 0.719819 0.718986 0.716518 0.712423 0.706712 0.699405 0.690526 0.680106 0.668185 0.654809 0.640034 0.623924 0.606554 0.588007 0.568377 0.547766 0.526288 0.504061 0.481213 0.457877 0.434191 0.410295 0.386331 0.362439 0.338756 0.315416 0.292545 0.270261 0.248672 0.227877 0.207959 0.188992 0.171035 0.154134 0.138321 0.123617 0.11003 0.0975585 0.0861902 0.0759055 0.0666783 0.0584773 0.0512681 0.045015 0.0396819 0.0352345 0.0316412 0.0288747 0.0269125 0.0257394 
0.0264384 0.0268338 0.0280378 0.0300624 0.0329252 0.0366499 0.041265 0.0468034 0.0533004 0.0607929 0.0693173 0.0789082 0.0895966 0.101408 0.114361 0.128466 0.143723 0.160119 0.177633 0.196226 0.215849 0.236438 0.257914 0.280188 0.303157 0.326707 0.350715 0.375049 0.399571 0.424141 0.448613 0.472843 0.496689 0.520011 0.542674 0.564551 0.585523 0.605477 0.624312 0.641935 0.658266 0.67323 0.686767 0.698822 0.70935 0.718314 0.725684 0.731437 0.735555 0.738025 0.73884 0.737998 0.735501 0.731355 0.725572 0.71817 0.709171 0.698607 0.686513 0.672935 0.657928 0.641554 0.623887 0.605009 0.585014 0.564004 0.542091 0.519397 0.49605 0.472186 0.447944 0.423468 0.398902 0.374391 0.350077 0.326097 0.302581 0.279653 0.257424 0.235997 0.215461 0.195892 0.177354 0.159895 0.14355 0.128343 0.114283 0.101371 0.0895947 0.078936 0.0693688 0.0608621 0.0533813 0.0468901 0.0413523 0.036733 0.0329999 0.0301253 0.0280863 0.0268674 
0.0274947 0.0279049 0.0291526 0.0312502 0.0342156 0.0380728 0.0428511 0.0485834 0.0553059 0.0630555 0.0718692 0.0817814 0.0928231 0.105019 0.118388 0.132938 0.148668 0.165564 0.1836 0.202738 0.222923 0.244088 0.266153 0.289021 0.312588 0.336734 0.361332 0.386247 0.411337 0.436456 0.461458 0.486194 0.510519 0.534291 0.557375 0.579642 0.600971 0.621251 0.640379 0.658266 0.674829 0.689997 0.70371 0.715916 0.726571 0.735639 0.743092 0.748908 0.753071 0.755568 0.756393 0.755543 0.753021 0.748832 0.742987 0.735503 0.726401 0.715711 0.703466 0.689712 0.674501 0.657893 0.639962 0.620788 0.600465 0.579095 0.55679 0.533673 0.509872 0.485526 0.460775 0.435767 0.410649 0.385569 0.360672 0.3361 0.311987 0.288461 0.265637 0.243623 0.222511 0.202381 0.1833 0.165319 0.148476 0.132798 0.118295 0.104969 0.0928098 0.0817995 0.0719126 0.0631181 0.0553814 0.048666 0.0429352 0.0381536 0.0342887 0.0313121 0.0292006 0.0279384 
