6.67727e-11 7.01863e-11 1.03625e-10 1.79789e-10 3.26048e-10 5.92451e-10 1.06533e-09 1.88929e-09 3.30141e-09 5.68314e-09 9.63728e-09 1.60994e-08 2.64958e-08 4.2962e-08 6.86379e-08 1.08057e-07 1.67643e-07 2.56334e-07 3.86329e-07 5.73961e-07 8.40671e-07 1.21405e-06 1.72884e-06 2.42789e-06 3.36282e-06 4.59431e-06 6.19187e-06 8.23279e-06 1.08003e-05 1.39807e-05 1.78591e-05 2.2515e-05 2.80156e-05 3.44103e-05 4.17235e-05 4.99485e-05 5.90425e-05 6.89232e-05 7.94665e-05 9.05082e-05 0.000101847 0.000113251 0.000124464 0.00013522 0.000145248 0.000154287 0.000162095 0.00016846 0.000173207 0.000176205 0.000177369 0.000176667 0.000174122 0.000169803 0.000163832 0.000156376 0.000147638 0.000137855 0.000127284 0.000116192 0.000104848 9.35095e-05 8.24128e-05 7.17654e-05 6.17388e-05 5.24652e-05 4.4036e-05 3.65026e-05 2.98801e-05 2.41516e-05 1.92745e-05 1.51868e-05 1.1813e-05 9.07065e-06 6.87501e-06 5.14321e-06 3.79744e-06 2.76702e-06 1.98961e-06 1.41163e-06 9.88189e-07 6.82483e-07 4.64988e-07 3.12504e-07 2.07159e-07 1.35442e-07 8.73319e-08 5.55316e-08 3.482e-08 2.15287e-08 1.31247e-08 7.88911e-09 4.6755e-09 2.73207e-09 1.57417e-09 8.94641e-10 5.02117e-10 2.79545e-10 1.56869e-10 9.36628e-11 
7.01863e-11 7.38788e-11 1.09595e-10 1.91084e-10 3.48021e-10 6.3481e-10 1.14558e-09 2.03844e-09 3.57339e-09 6.16997e-09 1.04928e-08 1.7576e-08 2.89996e-08 4.71341e-08 7.54715e-08 1.19062e-07 1.85072e-07 2.83488e-07 4.27953e-07 6.36753e-07 9.33916e-07 1.35037e-06 1.92512e-06 2.70625e-06 3.75171e-06 5.12966e-06 6.91818e-06 9.20408e-06 1.20809e-05 1.56453e-05 1.99932e-05 2.52134e-05 3.13814e-05 3.85524e-05 4.67534e-05 5.59765e-05 6.61734e-05 7.7251e-05 8.90698e-05 0.000101445 0.000114151 0.000126926 0.000139486 0.000151529 0.000162754 0.000172869 0.000181604 0.000188722 0.000194028 0.000197374 0.000198669 0.000197877 0.00019502 0.00019018 0.000183491 0.000175138 0.000165351 0.000154393 0.000142551 0.000130126 0.000117417 0.000104713 9.22798e-05 8.03493e-05 6.91144e-05 5.87234e-05 4.92789e-05 4.08388e-05 3.342e-05 2.70038e-05 2.15424e-05 1.6966e-05 1.31902e-05 1.01223e-05 7.667e-06 5.73145e-06 4.22825e-06 3.07808e-06 2.211e-06 1.56694e-06 1.09555e-06 7.556e-07 5.14042e-07 3.44917e-07 2.28248e-07 1.48951e-07 9.58503e-08 6.08175e-08 3.80473e-08 2.3467e-08 1.42697e-08 8.55411e-09 5.05516e-09 2.94507e-09 1.69157e-09 9.58189e-10 5.35912e-10 2.97245e-10 1.66117e-10 9.87534e-11 
1.03625e-10 1.09595e-10 1.63147e-10 2.84884e-10 5.19116e-10 9.46957e-10 1.7086e-09 3.03928e-09 5.32534e-09 9.18929e-09 1.56157e-08 2.61339e-08 4.30756e-08 6.99316e-08 1.11832e-07 1.76176e-07 2.73439e-07 4.18167e-07 6.30179e-07 9.35949e-07 1.37015e-06 1.97724e-06 2.8131e-06 3.94633e-06 5.45932e-06 7.44853e-06 1.0024e-05 1.33074e-05 1.74294e-05 2.25242e-05 2.87238e-05 3.61496e-05 4.49036e-05 5.50582e-05 6.66461e-05 7.96511e-05 9.40002e-05 0.000109559 0.000126127 0.000143446 0.000161197 0.000179018 0.000196511 0.000213263 0.000228855 0.000242888 0.000254992 0.000264841 0.000272171 0.000276782 0.000278548 0.000277422 0.000273435 0.000266697 0.000257395 0.000245782 0.000232172 0.000216925 0.000200438 0.000183124 0.000165397 0.000147658 0.000130276 0.000113574 9.78226e-05 8.32324e-05 6.99496e-05 5.80591e-05 4.75888e-05 3.85166e-05 3.07794e-05 2.42833e-05 1.89126e-05 1.45398e-05 1.10329e-05 8.26247e-06 6.10634e-06 4.45311e-06 3.20419e-06 2.2746e-06 1.59288e-06 1.1003e-06 7.49637e-07 5.03688e-07 3.33739e-07 2.18047e-07 1.40462e-07 8.92077e-08 5.5854e-08 3.4474e-08 2.09746e-08 1.25791e-08 7.43606e-09 4.33293e-09 2.48883e-09 1.40969e-09 7.8828e-10 4.37109e-10 2.44254e-10 1.45309e-10 
1.79789e-10 1.91084e-10 2.84884e-10 4.96983e-10 9.03962e-10 1.64555e-09 2.96255e-09 5.25776e-09 9.19065e-09 1.58202e-08 2.68155e-08 4.47596e-08 7.35761e-08 1.19115e-07 1.89939e-07 2.98346e-07 4.61665e-07 7.03855e-07 1.0574e-06 1.56549e-06 2.28439e-06 3.28591e-06 4.65976e-06 6.51558e-06 8.9842e-06 1.2218e-05 1.63896e-05 2.16891e-05 2.83185e-05 3.64842e-05 4.63871e-05 5.82099e-05 7.21031e-05 8.81697e-05 0.00010645 0.000126908 0.00014942 0.000173766 0.00019963 0.000226603 0.000254191 0.00028183 0.000308911 0.000334798 0.000358854 0.000380471 0.000399089 0.000414216 0.000425453 0.000432499 0.000435168 0.000433387 0.000427207 0.000416795 0.000402431 0.000384501 0.000363479 0.000339914 0.000314408 0.000287593 0.000260102 0.000232551 0.000205507 0.000179475 0.000154876 0.000132042 0.000111207 9.25107e-05 7.60059e-05 6.16671e-05 4.94047e-05 3.90797e-05 3.05184e-05 2.35265e-05 1.7902e-05 1.34445e-05 9.96442e-06 7.28743e-06 5.25858e-06 3.74359e-06 2.629e-06 1.82108e-06 1.24411e-06 8.38183e-07 5.56837e-07 3.64744e-07 2.35551e-07 1.49963e-07 9.41146e-08 5.82212e-08 3.55005e-08 2.13355e-08 1.2638e-08 7.37833e-09 4.246e-09 2.40927e-09 1.3496e-09 7.4973e-10 4.19877e-10 2.50637e-10 
3.26048e-10 3.48021e-10 5.19116e-10 9.03962e-10 1.64011e-09 2.97765e-09 5.34608e-09 9.46139e-09 1.64915e-08 2.83046e-08 4.78344e-08 7.96015e-08 1.30445e-07 2.10517e-07 3.34612e-07 5.23877e-07 8.07974e-07 1.22771e-06 1.83814e-06 2.71206e-06 3.94384e-06 5.65323e-06 7.98905e-06 1.1132e-05 1.52967e-05 2.07313e-05 2.77152e-05 3.6554e-05 4.757e-05 6.10899e-05 7.74281e-05 9.68669e-05 0.000119634 0.000145879 0.000175647 0.000208865 0.000245314 0.000284628 0.00032629 0.000369634 0.000413868 0.000458094 0.000501342 0.00054261 0.000580897 0.000615249 0.000644791 0.000668759 0.000686532 0.000697644 0.000701806 0.000698912 0.000689038 0.000672446 0.000649576 0.000621025 0.000587537 0.000549971 0.00050927 0.000466426 0.000422442 0.000378289 0.000334874 0.000293 0.00025335 0.000216459 0.000182717 0.000152362 0.000125493 0.000102084 8.20064e-05 6.50493e-05 5.09445e-05 3.93883e-05 3.00612e-05 2.26447e-05 1.68345e-05 1.23498e-05 8.93908e-06 6.38341e-06 4.49665e-06 3.1243e-06 2.1409e-06 1.44669e-06 9.63927e-07 6.33233e-07 4.10106e-07 2.61823e-07 1.64767e-07 1.02201e-07 6.24808e-08 3.76465e-08 2.23553e-08 1.30834e-08 7.547e-09 4.29233e-09 2.41003e-09 1.3421e-09 7.53797e-10 4.51782e-10 
5.92451e-10 6.3481e-10 9.46957e-10 1.64555e-09 2.97765e-09 5.39083e-09 9.65108e-09 1.70308e-08 2.95975e-08 5.06465e-08 8.53307e-08 1.41559e-07 2.31243e-07 3.71994e-07 5.8935e-07 9.19655e-07 1.41364e-06 2.14074e-06 3.19416e-06 4.69654e-06 6.80593e-06 9.72186e-06 1.36908e-05 1.90104e-05 2.60317e-05 3.51585e-05 4.68424e-05 6.15732e-05 7.98642e-05 0.000102231 0.000129163 0.000161096 0.000198372 0.000241201 0.000289632 0.000343512 0.000402467 0.000465888 0.000532924 0.000602501 0.000673348 0.000744037 0.00081303 0.000878747 0.000939619 0.000994151 0.00104098 0.00107892 0.00110701 0.00112452 0.00113101 0.00112633 0.00111058 0.00108418 0.00104782 0.00100241 0.000949134 0.000889317 0.000824441 0.000756064 0.000685763 0.000615078 0.000545444 0.00047815 0.00041429 0.000354738 0.000300133 0.000250881 0.000207165 0.000168969 0.00013611 0.000108272 8.50423e-05 6.59472e-05 5.04836e-05 3.81455e-05 2.84462e-05 2.09333e-05 1.51995e-05 1.0888e-05 7.69377e-06 5.36227e-06 3.68577e-06 2.4982e-06 1.66955e-06 1.10003e-06 7.14504e-07 4.57469e-07 2.88699e-07 1.79569e-07 1.10077e-07 6.65011e-08 3.95927e-08 2.32306e-08 1.34339e-08 7.65934e-09 4.31117e-09 2.40703e-09 1.35604e-09 8.16094e-10 
1.06533e-09 1.14558e-09 1.7086e-09 2.96255e-09 5.34608e-09 9.65108e-09 1.7228e-08 3.0312e-08 5.25216e-08 8.96008e-08 1.50496e-07 2.48883e-07 4.05269e-07 6.49836e-07 1.02616e-06 1.59595e-06 2.44493e-06 3.68986e-06 5.48664e-06 8.03927e-06 1.16093e-05 1.6525e-05 2.31894e-05 3.20865e-05 4.37835e-05 5.89284e-05 7.8241e-05 0.000102496 0.0001325 0.000169052 0.000212908 0.000264722 0.000324997 0.000394027 0.000471836 0.000558139 0.0006523 0.000753314 0.000859813 0.000970081 0.00108211 0.00119365 0.0013023 0.00140561 0.00150115 0.0015866 0.00165988 0.00171917 0.00176298 0.00179024 0.00180025 0.00179277 0.00176799 0.00172655 0.00166948 0.00159823 0.00151456 0.00142054 0.00131846 0.00121073 0.0010998 0.000988073 0.000877798 0.000771006 0.000669437 0.000574491 0.000487212 0.000408275 0.000338012 0.00027644 0.000223307 0.000178149 0.000140343 0.000109161 8.38217e-05 6.35337e-05 4.75281e-05 3.50863e-05 2.55569e-05 1.83655e-05 1.30186e-05 9.10197e-06 6.27573e-06 4.26678e-06 2.86018e-06 1.89017e-06 1.23135e-06 7.90674e-07 5.00404e-07 3.12121e-07 1.91859e-07 1.16221e-07 6.93778e-08 4.08125e-08 2.36615e-08 1.35247e-08 7.63184e-09 4.27238e-09 2.41438e-09 1.45907e-09 
1.88929e-09 2.03844e-09 3.03928e-09 5.25776e-09 9.46139e-09 1.70308e-08 3.0312e-08 5.31738e-08 9.18556e-08 1.56223e-07 2.61578e-07 4.31212e-07 6.99905e-07 1.11861e-06 1.76054e-06 2.7289e-06 4.16633e-06 6.26611e-06 9.28494e-06 1.35569e-05 1.95079e-05 2.76693e-05 3.86898e-05 5.33431e-05 7.25303e-05 9.72737e-05 0.000128701 0.000168016 0.000216459 0.000275251 0.000345527 0.000428257 0.000524158 0.000633614 0.000756591 0.000892566 0.00104048 0.00119871 0.0013651 0.00153694 0.00171111 0.00188415 0.00205238 0.00221204 0.00235944 0.00249108 0.0026038 0.00269487 0.00276207 0.00280377 0.00281895 0.00280724 0.00276894 0.002705 0.00261699 0.00250707 0.00237792 0.00223266 0.00207476 0.00190789 0.00173578 0.00156212 0.00139038 0.00122371 0.00106481 0.000915903 0.000778656 0.000654178 0.000543052 0.000445369 0.000360807 0.000288699 0.000228125 0.00017799 0.000137105 0.000104252 7.82398e-05 5.79451e-05 4.23438e-05 3.0527e-05 2.1709e-05 1.52264e-05 1.05317e-05 7.18274e-06 4.82973e-06 3.20148e-06 2.09185e-06 1.34719e-06 8.55083e-07 5.34867e-07 3.297e-07 2.00268e-07 1.19871e-07 7.07023e-08 4.10971e-08 2.35511e-08 1.33239e-08 7.47905e-09 4.23985e-09 2.57297e-09 
3.30141e-09 3.57339e-09 5.32534e-09 9.19065e-09 1.64915e-08 2.95975e-08 5.25216e-08 9.18556e-08 1.5819e-07 2.68202e-07 4.47655e-07 7.35589e-07 1.19005e-06 1.89566e-06 2.9735e-06 4.59332e-06 6.9886e-06 1.0474e-05 1.54653e-05 2.25003e-05 3.22608e-05 4.55922e-05 6.352e-05 8.72597e-05 0.000118217 0.000157974 0.000208265 0.000270924 0.000347822 0.000440784 0.000551476 0.000681296 0.000831239 0.00100177 0.00119273 0.00140319 0.00163142 0.00187486 0.00213012 0.00239309 0.00265898 0.00292255 0.00317826 0.00342048 0.00364371 0.00384276 0.00401296 0.00415027 0.00425143 0.00431405 0.00433664 0.00431868 0.00426059 0.00416379 0.00403058 0.00386416 0.0036685 0.00344822 0.00320845 0.00295469 0.00269252 0.00242748 0.00216482 0.00190932 0.00166515 0.00143573 0.00122368 0.0010308 0.000858077 0.00070576 0.000573461 0.00046026 0.00036483 0.000285561 0.000220679 0.00016835 0.00012676 9.41901e-05 6.90577e-05 4.99502e-05 3.56381e-05 2.50774e-05 1.74013e-05 1.19057e-05 8.03069e-06 5.33979e-06 3.49968e-06 2.26061e-06 1.43908e-06 9.02773e-07 5.58065e-07 3.39929e-07 2.04024e-07 1.20661e-07 7.03225e-08 4.04045e-08 2.29187e-08 1.29004e-08 7.33667e-09 4.47107e-09 
5.68314e-09 6.16997e-09 9.18929e-09 1.58202e-08 2.83046e-08 5.06465e-08 8.96008e-08 1.56223e-07 2.68202e-07 4.53284e-07 7.54145e-07 1.23517e-06 1.99166e-06 3.16192e-06 4.9428e-06 7.60901e-06 1.15363e-05 1.72284e-05 2.53471e-05 3.67437e-05 5.24904e-05 7.39087e-05 0.000102591 0.000140412 0.000189523 0.00025233 0.000331442 0.000429601 0.000549572 0.000694015 0.000865326 0.00106546 0.00129575 0.00155671 0.00184789 0.00216774 0.00251348 0.00288115 0.00326557 0.00366052 0.00405886 0.0044528 0.00483417 0.00519471 0.00552639 0.00582167 0.00607377 0.00627686 0.00642626 0.00651851 0.00655151 0.0065245 0.00643812 0.00629439 0.00609665 0.00584952 0.00555872 0.00523099 0.00487379 0.00449513 0.00410323 0.00370624 0.00331194 0.00292747 0.00255909 0.00221202 0.00189029 0.00159673 0.001333 0.00109966 0.000896272 0.000721622 0.000573848 0.00045064 0.000349411 0.000267451 0.00020206 0.000150651 0.000110827 8.04324e-05 5.75786e-05 4.06509e-05 2.83005e-05 1.94257e-05 1.31451e-05 8.76806e-06 5.7644e-06 3.73488e-06 2.38472e-06 1.50041e-06 9.30194e-07 5.68212e-07 3.41991e-07 2.02811e-07 1.18519e-07 6.8278e-08 3.88334e-08 2.192e-08 1.2507e-08 7.65434e-09 
9.63728e-09 1.04928e-08 1.56157e-08 2.68155e-08 4.78344e-08 8.53307e-08 1.50496e-07 2.61578e-07 4.47655e-07 7.54145e-07 1.25061e-06 2.04152e-06 3.28079e-06 5.19074e-06 8.08621e-06 1.24043e-05 1.87397e-05 2.78852e-05 4.08762e-05 5.90367e-05 8.40239e-05 0.000117867 0.000162993 0.000222241 0.000298843 0.000396382 0.000518714 0.000669847 0.00085378 0.00107431 0.00133478 0.00163785 0.00198523 0.00237739 0.00281338 0.0032906 0.00380475 0.00434976 0.00491792 0.00549998 0.00608551 0.00666316 0.00722113 0.00774755 0.00823093 0.00866053 0.00902675 0.00932135 0.00953773 0.00967104 0.00971833 0.00967855 0.00955262 0.00934338 0.00905555 0.00869565 0.00827181 0.00779356 0.00727158 0.00671729 0.00614252 0.00555905 0.00497817 0.00441035 0.0038648 0.00334931 0.00286999 0.00243124 0.00203573 0.00168455 0.00137736 0.00111258 0.000887691 0.000699457 0.000544191 0.000417979 0.000316878 0.000237075 0.000175009 0.00012745 9.15491e-05 6.48534e-05 4.53014e-05 3.11982e-05 2.11802e-05 1.41731e-05 9.34736e-06 6.0752e-06 3.89089e-06 2.45541e-06 1.52675e-06 9.3532e-07 5.64544e-07 3.35728e-07 1.96733e-07 1.13645e-07 6.4813e-08 3.66896e-08 2.10037e-08 1.29095e-08 
1.60994e-08 1.7576e-08 2.61339e-08 4.47596e-08 7.96015e-08 1.41559e-07 2.48883e-07 4.31212e-07 7.35589e-07 1.23517e-06 2.04152e-06 3.32142e-06 5.31942e-06 8.38703e-06 1.30195e-05 1.99008e-05 2.99563e-05 4.44127e-05 6.48623e-05 9.33288e-05 0.000132328 0.000184921 0.000254742 0.000346006 0.000463479 0.000612397 0.000798338 0.00102704 0.00130416 0.00163498 0.00202406 0.00247489 0.00298954 0.00356825 0.0042092 0.00490821 0.0056587 0.00645162 0.00727562 0.00811732 0.00896172 0.00979264 0.0105934 0.0113472 0.0120381 0.0126511 0.0131727 0.0135918 0.0138991 0.014088 0.0141545 0.0140971 0.0139172 0.0136185 0.0132078 0.0126939 0.0120881 0.0114037 0.0106555 0.00985968 0.00903272 0.00819134 0.00735164 0.00652861 0.0057356 0.00498398 0.00428285 0.00363887 0.00305631 0.00253716 0.0020813 0.00168685 0.00135049 0.00106782 0.000833705 0.000642612 0.000488906 0.000367078 0.000271936 0.000198735 0.000143252 0.000101831 7.13742e-05 4.93199e-05 3.35944e-05 2.25539e-05 1.49225e-05 9.72947e-06 6.25069e-06 3.95668e-06 2.46761e-06 1.51618e-06 9.17795e-07 5.47357e-07 3.21646e-07 1.86318e-07 1.06555e-07 6.04959e-08 3.47491e-08 2.14503e-08 
2.64958e-08 2.89996e-08 4.30756e-08 7.35761e-08 1.30445e-07 2.31243e-07 4.05269e-07 6.99905e-07 1.19005e-06 1.99166e-06 3.28079e-06 5.31942e-06 8.4898e-06 1.33386e-05 2.06322e-05 3.14229e-05 4.71268e-05 6.96098e-05 0.000101279 0.000145174 0.000205048 0.000285433 0.000391673 0.000529916 0.000707049 0.000930572 0.00120839 0.00154855 0.00195887 0.0024465 0.00301749 0.00367627 0.00442512 0.00526376 0.00618892 0.00719408 0.00826934 0.00940149 0.0105742 0.0117684 0.012963 0.0141354 0.0152625 0.0163213 0.0172896 0.0181472 0.0188759 0.0194603 0.0198883 0.0201508 0.0202425 0.0201615 0.0199094 0.0194916 0.0189169 0.0181975 0.0173485 0.0163881 0.0153365 0.0142156 0.0130485 0.0118582 0.0106671 0.00949636 0.00836492 0.0072891 0.00628211 0.00535393 0.00451117 0.00375723 0.0030926 0.00251518 0.00202075 0.0016035 0.00125645 0.000971973 0.000742174 0.000559259 0.000415805 0.000304968 0.000220612 0.000157375 0.00011069 7.67503e-05 5.24558e-05 3.53343e-05 2.34553e-05 1.53422e-05 9.88783e-06 6.27849e-06 3.92762e-06 2.42051e-06 1.46955e-06 8.78956e-07 5.1798e-07 3.00896e-07 1.72572e-07 9.82689e-08 5.664e-08 3.51156e-08 
4.2962e-08 4.71341e-08 6.99316e-08 1.19115e-07 2.10517e-07 3.71994e-07 6.49836e-07 1.11861e-06 1.89566e-06 3.16192e-06 5.19074e-06 8.38703e-06 1.33386e-05 2.0882e-05 3.21833e-05 4.88353e-05 7.29685e-05 0.000107373 0.000155626 0.000222214 0.000312638 0.00043349 0.000592483 0.000798413 0.00106105 0.00139091 0.00179899 0.00229629 0.00289337 0.00359968 0.00442298 0.00536862 0.00643887 0.00763236 0.00894357 0.0103625 0.0118747 0.0134612 0.0150989 0.0167613 0.0184193 0.020042 0.021598 0.0230562 0.0243871 0.0255636 0.0265616 0.0273608 0.0279451 0.0283028 0.0284268 0.0283147 0.0279687 0.0273958 0.0266076 0.0256202 0.0244537 0.0231321 0.0216824 0.0201343 0.0185184 0.0168663 0.0152086 0.0135743 0.0119898 0.0104781 0.0090581 0.00774432 0.00654682 0.00547123 0.00451913 0.00368846 0.00297413 0.00236868 0.00186288 0.00144645 0.00110858 0.000838462 0.000625694 0.000460592 0.0003344 0.000239405 0.000168984 0.000117581 8.06391e-05 5.45031e-05 3.63007e-05 2.38224e-05 1.54028e-05 9.81142e-06 6.15683e-06 3.80595e-06 2.31763e-06 1.39031e-06 8.2171e-07 4.78709e-07 2.75348e-07 1.5727e-07 9.09631e-08 5.66424e-08 
6.86379e-08 7.54715e-08 1.11832e-07 1.89939e-07 3.34612e-07 5.8935e-07 1.02616e-06 1.76054e-06 2.9735e-06 4.9428e-06 8.08621e-06 1.30195e-05 2.06322e-05 3.21833e-05 4.94186e-05 7.47088e-05 0.000111206 0.000163014 0.000235356 0.00033474 0.000469088 0.000647817 0.000881855 0.00118355 0.00156649 0.00204516 0.00263446 0.00334916 0.00420313 0.00520853 0.00637496 0.00770851 0.00921096 0.010879 0.0127038 0.0146704 0.016758 0.0189398 0.0211841 0.0234546 0.025712 0.027915 0.0300217 0.0319913 0.0337851 0.0353675 0.0367076 0.0377791 0.0385612 0.0390391 0.0392036 0.0390517 0.0385863 0.0378163 0.0367567 0.0354281 0.0338567 0.0320735 0.0301139 0.0280165 0.0258222 0.0235725 0.0213087 0.0190698 0.0168918 0.0148064 0.0128402 0.011014 0.00934259 0.00783507 0.00649488 0.00532047 0.00430605 0.00344235 0.00271754 0.00211808 0.0016295 0.00123712 0.000926668 0.000684701 0.00049895 0.000358518 0.000253975 0.000177349 0.000122057 8.27822e-05 5.5323e-05 3.64273e-05 2.36302e-05 1.51008e-05 9.50606e-06 5.89465e-06 3.60053e-06 2.1664e-06 1.2842e-06 7.50336e-07 4.32858e-07 2.47999e-07 1.43948e-07 9.00306e-08 
1.08057e-07 1.19062e-07 1.76176e-07 2.98346e-07 5.23877e-07 9.19655e-07 1.59595e-06 2.7289e-06 4.59332e-06 7.60901e-06 1.24043e-05 1.99008e-05 3.14229e-05 4.88353e-05 7.47088e-05 0.000112515 0.000166839 0.000243615 0.000350343 0.0004963 0.000692693 0.000952738 0.00129163 0.00172639 0.00227553 0.00295857 0.00379533 0.00480512 0.00600573 0.00741231 0.00903623 0.0108839 0.0129559 0.0152457 0.0177395 0.0204156 0.0232446 0.0261897 0.0292078 0.0322505 0.0352657 0.0381993 0.0409969 0.0436057 0.0459761 0.0480631 0.0498273 0.0512356 0.052262 0.052888 0.0531021 0.0529005 0.052287 0.0512728 0.0498765 0.0481241 0.0460487 0.0436896 0.0410919 0.0383052 0.0353821 0.0323768 0.0293431 0.0263328 0.0233942 0.0205699 0.0178965 0.0154032 0.0131116 0.0110356 0.00918179 0.00754985 0.00613368 0.00492229 0.00390094 0.00305224 0.00235729 0.00179658 0.00135091 0.00100197 0.000732905 0.000528591 0.000375834 0.000263394 0.000181924 0.00012382 8.30348e-05 5.48602e-05 3.57065e-05 2.28931e-05 1.44579e-05 8.99369e-06 5.51058e-06 3.3258e-06 1.9774e-06 1.15881e-06 6.70506e-07 3.85363e-07 2.24481e-07 1.41021e-07 
1.67643e-07 1.85072e-07 2.73439e-07 4.61665e-07 8.07974e-07 1.41364e-06 2.44493e-06 4.16633e-06 6.9886e-06 1.15363e-05 1.87397e-05 2.99563e-05 4.71268e-05 7.29685e-05 0.000111206 0.000166839 0.000246432 0.000358417 0.000513384 0.000724332 0.00100684 0.00137911 0.00186191 0.00247822 0.0032528 0.00421138 0.00537977 0.00678259 0.00844202 0.0103763 0.0125982 0.0151138 0.017921 0.0210086 0.0243557 0.0279313 0.031695 0.0355971 0.0395803 0.0435813 0.0475324 0.0513643 0.0550078 0.0583965 0.0614682 0.0641668 0.0664437 0.0682583 0.069579 0.0703828 0.070656 0.0703942 0.0696017 0.0682924 0.0664889 0.0642233 0.061536 0.0584758 0.0550989 0.0514674 0.0476477 0.0437087 0.0397195 0.0357472 0.0318549 0.0280992 0.0245295 0.021186 0.0180993 0.0152902 0.0127699 0.0105408 0.00859706 0.00692637 0.00551092 0.00432906 0.00335663 0.00256832 0.00193877 0.00144357 0.00105997 0.000767384 0.000547662 0.000385234 0.000267045 0.000182405 0.000122753 8.13821e-05 5.31489e-05 3.419e-05 2.16632e-05 1.35193e-05 8.3097e-06 5.03075e-06 3.00026e-06 1.76356e-06 1.02353e-06 5.90134e-07 3.45013e-07 2.17702e-07 
2.56334e-07 2.83488e-07 4.18167e-07 7.03855e-07 1.22771e-06 2.14074e-06 3.68986e-06 6.26611e-06 1.0474e-05 1.72284e-05 2.78852e-05 4.44127e-05 6.96098e-05 0.000107373 0.000163014 0.000243615 0.000358417 0.00051921 0.000740692 0.00104076 0.0014407 0.00196515 0.00264193 0.00350153 0.00457635 0.00589966 0.00750421 0.00942066 0.0116758 0.0142908 0.017279 0.0206449 0.0243819 0.0284719 0.0328843 0.037576 0.0424922 0.0475674 0.0527269 0.0578893 0.0629691 0.0678791 0.0725334 0.0768501 0.080753 0.0841744 0.0870555 0.0893478 0.0910135 0.0920255 0.0923676 0.0920345 0.0910315 0.0893749 0.0870918 0.0842202 0.0808089 0.0769167 0.0726117 0.06797 0.0630736 0.0580081 0.0528603 0.0477152 0.0426538 0.0377499 0.0330685 0.0286639 0.0245787 0.0208431 0.0174753 0.0144818 0.0118587 0.00959264 0.00766321 0.00604414 0.00470538 0.00361477 0.0027396 0.00204792 0.00150961 0.00109712 0.000785969 0.000554937 0.000386105 0.000264688 0.000178764 0.000118933 7.79409e-05 5.03086e-05 3.19824e-05 2.00245e-05 1.23477e-05 7.49898e-06 4.48617e-06 2.64508e-06 1.53988e-06 8.90719e-07 5.22657e-07 3.31261e-07 
3.86329e-07 4.27953e-07 6.30179e-07 1.0574e-06 1.83814e-06 3.19416e-06 5.48664e-06 9.28494e-06 1.54653e-05 2.53471e-05 4.08762e-05 6.48623e-05 0.000101279 0.000155626 0.000235356 0.000350343 0.000513384 0.000740692 0.00105233 0.00147252 0.00202983 0.00275701 0.00369066 0.00487044 0.00633793 0.00813516 0.0103027 0.0128778 0.0158917 0.0193677 0.0233186 0.0277452 0.0326342 0.0379574 0.0436714 0.0497177 0.0560235 0.0625039 0.0690638 0.0756008 0.0820089 0.088181 0.0940127 0.0994054 0.104269 0.108522 0.112096 0.114935 0.116994 0.118243 0.118664 0.118249 0.117005 0.114951 0.112118 0.10855 0.104304 0.0994499 0.0940678 0.0882484 0.0820907 0.0756988 0.0691791 0.0626374 0.0561752 0.0498868 0.0438563 0.0381555 0.0328423 0.0279597 0.0235355 0.0195828 0.0161012 0.0130781 0.0104907 0.00830841 0.00649472 0.00500978 0.00381227 0.00286122 0.0021175 0.00154495 0.00111108 0.000787472 0.000549951 0.000378402 0.000256492 0.000171255 0.000112623 7.29453e-05 4.653e-05 2.92295e-05 1.80826e-05 1.1017e-05 6.61152e-06 3.91034e-06 2.28359e-06 1.32522e-06 7.80496e-07 4.96879e-07 
5.73961e-07 6.36753e-07 9.35949e-07 1.56549e-06 2.71206e-06 4.69654e-06 8.03927e-06 1.35569e-05 2.25003e-05 3.67437e-05 5.90367e-05 9.33288e-05 0.000145174 0.000222214 0.00033474 0.0004963 0.000724332 0.00104076 0.00147252 0.00205185 0.00281641 0.00380899 0.00507683 0.00667049 0.00864227 0.0110441 0.0139251 0.0173289 0.0212907 0.0258347 0.030971 0.0366941 0.0429808 0.0497894 0.0570597 0.0647136 0.072657 0.0807819 0.0889695 0.097094 0.105026 0.112638 0.119806 0.126414 0.132356 0.13754 0.141888 0.145335 0.147831 0.149343 0.149849 0.149343 0.147831 0.145335 0.141889 0.137544 0.132363 0.126426 0.119827 0.11267 0.105072 0.0971571 0.0890524 0.0808865 0.0727846 0.0648642 0.0572323 0.0499819 0.0431901 0.0369163 0.0312015 0.0260687 0.0215235 0.0175556 0.0141416 0.0112468 0.00882849 0.00683828 0.00522515 0.00393763 0.00292589 0.00214327 0.00154741 0.00110097 0.000771819 0.000533052 0.000362649 0.000243011 0.00016038 0.00010424 6.672e-05 4.20535e-05 2.61018e-05 1.59543e-05 9.60498e-06 5.69866e-06 3.33847e-06 1.94379e-06 1.14907e-06 7.34766e-07 
8.40671e-07 9.33916e-07 1.37015e-06 2.28439e-06 3.94384e-06 6.80593e-06 1.16093e-05 1.95079e-05 3.22608e-05 5.24904e-05 8.40239e-05 0.000132328 0.000205048 0.000312638 0.000469088 0.000692693 0.00100684 0.0014407 0.00202983 0.00281641 0.00384926 0.00518325 0.00687825 0.0089975 0.0116054 0.0147645 0.0185328 0.0229598 0.0280834 0.0339263 0.0404935 0.0477693 0.0557168 0.0642763 0.0733667 0.0828862 0.0927151 0.102719 0.112753 0.122665 0.132302 0.141513 0.150156 0.158098 0.165219 0.171415 0.1766 0.180703 0.183671 0.185465 0.186063 0.185458 0.183658 0.180684 0.176576 0.171387 0.165189 0.158069 0.150131 0.141497 0.132298 0.122678 0.112787 0.102779 0.0928022 0.0830021 0.0735115 0.0644486 0.0559138 0.0479873 0.0407276 0.0341711 0.0283331 0.0232086 0.0187753 0.0149958 0.0118213 0.00919512 0.00705543 0.00533895 0.00398339 0.00292969 0.00212363 0.00151687 0.00106749 0.000740053 0.000505357 0.000339881 0.000225119 0.000146834 9.43089e-05 5.96449e-05 3.71439e-05 2.27778e-05 1.3757e-05 8.18798e-06 4.81207e-06 2.81111e-06 1.66801e-06 1.07131e-06 
1.21405e-06 1.35037e-06 1.97724e-06 3.28591e-06 5.65323e-06 9.72186e-06 1.6525e-05 2.76693e-05 4.55922e-05 7.39087e-05 0.000117867 0.000184921 0.000285433 0.00043349 0.000647817 0.000952738 0.00137911 0.00196515 0.00275701 0.00380899 0.00518325 0.00694892 0.00918048 0.0119554 0.0153513 0.0194419 0.0242935 0.0299603 0.0364807 0.043873 0.0521327 0.0612304 0.07111 0.0816895 0.0928616 0.104497 0.116445 0.128544 0.140619 0.152491 0.163984 0.174923 0.185149 0.194512 0.202882 0.210146 0.21621 0.220999 0.224457 0.226544 0.227238 0.22653 0.224429 0.220958 0.216156 0.210081 0.202809 0.194434 0.185069 0.174848 0.163918 0.152441 0.14059 0.128542 0.116475 0.10456 0.0929609 0.0818243 0.0712786 0.0614293 0.0523572 0.0441172 0.0367382 0.0302242 0.024557 0.0196986 0.0155957 0.0121829 0.00938768 0.00713363 0.00534449 0.00394684 0.00287247 0.0020599 0.00145531 0.0010128 0.000694215 0.00046863 0.000311526 0.000203919 0.000131432 8.34081e-05 5.21171e-05 3.20652e-05 1.94289e-05 1.16008e-05 6.83962e-06 4.00892e-06 2.38767e-06 1.54026e-06 
1.72884e-06 1.92512e-06 2.8131e-06 4.65976e-06 7.98905e-06 1.36908e-05 2.31894e-05 3.86898e-05 6.352e-05 0.000102591 0.000162993 0.000254742 0.000391673 0.000592483 0.000881855 0.00129163 0.00186191 0.00264193 0.00369066 0.00507683 0.00687825 0.00918048 0.0120744 0.0156532 0.020008 0.0252238 0.0313739 0.038515 0.0466827 0.0558871 0.0661095 0.0773009 0.0893812 0.10224 0.11574 0.129718 0.143993 0.158369 0.172642 0.186606 0.200061 0.212813 0.224685 0.235517 0.245168 0.253519 0.260474 0.265955 0.269906 0.272288 0.273077 0.272266 0.269862 0.26589 0.260388 0.253415 0.245047 0.235384 0.224544 0.21267 0.199923 0.186481 0.172536 0.15829 0.143948 0.129712 0.115775 0.102319 0.0895031 0.0774634 0.0663084 0.0561166 0.0469359 0.0387841 0.0316508 0.0255006 0.0202775 0.015909 0.0123115 0.00939524 0.00706844 0.00524158 0.00383034 0.00275785 0.0019561 0.0013666 0.0009403 0.000637125 0.00042509 0.000279258 0.000180625 0.000115023 7.21146e-05 4.45158e-05 2.70607e-05 1.62094e-05 9.58754e-06 5.6384e-06 3.37076e-06 2.18391e-06 
2.42789e-06 2.70625e-06 3.94633e-06 6.51558e-06 1.1132e-05 1.90104e-05 3.20865e-05 5.33431e-05 8.72597e-05 0.000140412 0.000222241 0.000346006 0.000529916 0.000798413 0.00118355 0.00172639 0.00247822 0.00350153 0.00487044 0.00667049 0.0089975 0.0119554 0.0156532 0.0202003 0.0257018 0.0322525 0.0399307 0.0487925 0.0588665 0.0701489 0.0826015 0.0961497 0.110683 0.126058 0.142101 0.158612 0.175376 0.192163 0.208739 0.224872 0.240341 0.254934 0.268463 0.280758 0.291676 0.301094 0.308918 0.315071 0.319498 0.322163 0.323044 0.322134 0.319439 0.314983 0.308801 0.300951 0.291508 0.280569 0.268258 0.25472 0.240125 0.224664 0.208546 0.191995 0.175242 0.15852 0.142055 0.126062 0.110739 0.0962571 0.0827569 0.0703471 0.0591005 0.0490541 0.0402107 0.0325415 0.0259907 0.0204809 0.0159186 0.0122001 0.00921759 0.00686388 0.00503653 0.00364101 0.00259281 0.00181852 0.00125606 0.000854289 0.000572088 0.000377188 0.000244832 0.000156452 9.84219e-05 6.09572e-05 3.71759e-05 2.234e-05 1.32562e-05 7.82203e-06 4.69367e-06 3.05411e-06 
3.36282e-06 3.75171e-06 5.45932e-06 8.9842e-06 1.52967e-05 2.60317e-05 4.37835e-05 7.25303e-05 0.000118217 0.000189523 0.000298843 0.000463479 0.000707049 0.00106105 0.00156649 0.00227553 0.0032528 0.00457635 0.00633793 0.00864227 0.0116054 0.0153513 0.020008 0.0257018 0.0325506 0.040657 0.0501013 0.0609344 0.0731723 0.0867917 0.101728 0.117874 0.135083 0.153173 0.171928 0.191112 0.210469 0.229738 0.248657 0.266971 0.284438 0.300838 0.315973 0.329672 0.341791 0.352213 0.360846 0.36762 0.372487 0.375412 0.376377 0.375376 0.372415 0.367512 0.360702 0.352034 0.341579 0.32943 0.315706 0.300553 0.284143 0.266676 0.248372 0.229474 0.210236 0.190919 0.171785 0.153085 0.135056 0.117907 0.101821 0.0869404 0.0733704 0.0611736 0.0503716 0.0409479 0.0328511 0.0260018 0.0202983 0.0156242 0.0118552 0.00886523 0.00653209 0.00474148 0.00339003 0.00238704 0.00165512 0.00112997 0.000759511 0.00050258 0.000327384 0.000209931 0.000132515 8.23451e-05 5.03833e-05 3.03738e-05 1.80811e-05 1.07047e-05 6.44729e-06 4.21298e-06 
4.59431e-06 5.12966e-06 7.44853e-06 1.2218e-05 2.07313e-05 3.51585e-05 5.89284e-05 9.72737e-05 0.000157974 0.00025233 0.000396382 0.000612397 0.000930572 0.00139091 0.00204516 0.00295857 0.00421138 0.00589966 0.00813516 0.0110441 0.0147645 0.0194419 0.0252238 0.0322525 0.040657 0.0505448 0.0619936 0.0750436 0.0896918 0.105888 0.123534 0.142484 0.162549 0.183499 0.205079 0.227008 0.248996 0.270747 0.291975 0.312405 0.331785 0.349887 0.366515 0.381499 0.394703 0.40602 0.415367 0.422684 0.42793 0.43108 0.432118 0.431039 0.427849 0.422561 0.415202 0.405813 0.394456 0.381213 0.366195 0.34954 0.331417 0.312027 0.291598 0.270384 0.248658 0.226709 0.204828 0.183306 0.16242 0.142425 0.123546 0.105969 0.089836 0.0752437 0.0622396 0.0508251 0.0409591 0.0325642 0.0255337 0.0197399 0.0150427 0.0112966 0.00835834 0.00609203 0.00437321 0.00309152 0.00215191 0.00147471 0.000994922 0.00066075 0.000431948 0.000277944 0.000176042 0.000109756 6.73724e-05 4.07453e-05 2.43325e-05 1.44535e-05 8.73721e-06 5.73316e-06 
6.19187e-06 6.91818e-06 1.0024e-05 1.63896e-05 2.77152e-05 4.68424e-05 7.8241e-05 0.000128701 0.000208265 0.000331442 0.000518714 0.000798338 0.00120839 0.00179899 0.00263446 0.00379533 0.00537977 0.00750421 0.0103027 0.0139251 0.0185328 0.0242935 0.0313739 0.0399307 0.0501013 0.0619936 0.0756772 0.0911748 0.108457 0.12744 0.147983 0.169895 0.192938 0.216834 0.24128 0.265954 0.29053 0.314684 0.338109 0.360517 0.381651 0.401284 0.419227 0.435322 0.449446 0.461508 0.471439 0.479194 0.484744 0.488071 0.489167 0.488029 0.484658 0.479063 0.471262 0.461284 0.449175 0.435005 0.418867 0.400886 0.381222 0.360067 0.337649 0.314227 0.29009 0.265545 0.240914 0.216525 0.192696 0.169729 0.147897 0.127434 0.108529 0.0913183 0.0758826 0.062249 0.0503931 0.0402447 0.0316963 0.0246118 0.0188365 0.0142059 0.010555 0.00772481 0.00556773 0.00395155 0.00276122 0.00189947 0.00128625 0.000857327 0.000562441 0.000363165 0.000230794 0.000144366 8.89027e-05 5.39365e-05 3.2312e-05 1.92563e-05 1.16828e-05 7.69739e-06 
8.23279e-06 9.20408e-06 1.33074e-05 2.16891e-05 3.6554e-05 6.15732e-05 0.000102496 0.000168016 0.000270924 0.000429601 0.000669847 0.00102704 0.00154855 0.00229629 0.00334916 0.00480512 0.00678259 0.00942066 0.0128778 0.0173289 0.0229598 0.0299603 0.038515 0.0487925 0.0609344 0.0750436 0.0911748 0.109326 0.129434 0.15137 0.174948 0.199921 0.225999 0.252852 0.280131 0.307471 0.334514 0.360912 0.386344 0.410518 0.433178 0.454108 0.473134 0.490117 0.504955 0.517576 0.527934 0.536001 0.541762 0.545212 0.546349 0.54517 0.541677 0.53587 0.527756 0.517348 0.504675 0.489785 0.472751 0.453678 0.432705 0.410012 0.385815 0.360373 0.333979 0.306956 0.279651 0.252424 0.225636 0.199636 0.174749 0.151262 0.129416 0.109396 0.0913231 0.0752589 0.0612025 0.0490977 0.0388413 0.0302926 0.0232848 0.0176357 0.0131583 0.00966972 0.00699769 0.00498608 0.0034976 0.00241514 0.00164149 0.00109806 0.000722907 0.000468378 0.000298654 0.000187423 0.000115785 7.04656e-05 4.23459e-05 2.53178e-05 1.54152e-05 1.01972e-05 
1.08003e-05 1.20809e-05 1.74294e-05 2.83185e-05 4.757e-05 7.98642e-05 0.0001325 0.000216459 0.000347822 0.000549572 0.00085378 0.00130416 0.00195887 0.00289337 0.00420313 0.00600573 0.00844202 0.0116758 0.0158917 0.0212907 0.0280834 0.0364807 0.0466827 0.0588665 0.0731723 0.0896918 0.108457 0.129434 0.152514 0.177521 0.20421 0.232279 0.261377 0.291124 0.321122 0.350969 0.380279 0.408688 0.435868 0.461529 0.485429 0.507371 0.527202 0.544812 0.560125 0.573096 0.583704 0.591941 0.597813 0.601324 0.602481 0.601286 0.597734 0.59182 0.583536 0.572879 0.559854 0.544485 0.526818 0.506931 0.484936 0.460989 0.43529 0.408085 0.379665 0.35036 0.320535 0.29058 0.260892 0.231869 0.203889 0.177298 0.152393 0.129413 0.108532 0.0898516 0.0734025 0.0591505 0.0470027 0.0368191 0.028424 0.0216198 0.0161985 0.0119527 0.00868463 0.00621243 0.00437462 0.00303209 0.00206836 0.00138856 0.000917344 0.000596374 0.000381524 0.000240199 0.000148855 9.08701e-05 5.47756e-05 3.28535e-05 2.00735e-05 1.33304e-05 
1.39807e-05 1.56453e-05 2.25242e-05 3.64842e-05 6.10899e-05 0.000102231 0.000169052 0.000275251 0.000440784 0.000694015 0.00107431 0.00163498 0.0024465 0.00359968 0.00520853 0.00741231 0.0103763 0.0142908 0.0193677 0.0258347 0.0339263 0.043873 0.0558871 0.0701489 0.0867917 0.105888 0.12744 0.15137 0.177521 0.205657 0.23547 0.266597 0.298628 0.331128 0.363656 0.395778 0.427085 0.457206 0.485813 0.512633 0.537442 0.560072 0.580401 0.598352 0.613884 0.626981 0.637652 0.645913 0.651788 0.655298 0.656456 0.655266 0.651723 0.64581 0.637507 0.626789 0.613639 0.59805 0.580038 0.559645 0.536953 0.512084 0.485212 0.456562 0.426412 0.395092 0.362977 0.330476 0.298024 0.266062 0.235023 0.20531 0.177284 0.151247 0.127427 0.105977 0.0869698 0.0703989 0.0561898 0.0442085 0.0342758 0.0261813 0.0196978 0.0145941 0.0106461 0.00764522 0.00540407 0.00375953 0.00257388 0.00173403 0.00114951 0.000749805 0.000481239 0.000303934 0.000188932 0.000115684 6.99431e-05 4.20813e-05 2.57998e-05 1.71978e-05 
1.78591e-05 1.99932e-05 2.87238e-05 4.63871e-05 7.74281e-05 0.000129163 0.000212908 0.000345527 0.000551476 0.000865326 0.00133478 0.00202406 0.00301749 0.00442298 0.00637496 0.00903623 0.0125982 0.017279 0.0233186 0.030971 0.0404935 0.0521327 0.0661095 0.0826015 0.101728 0.123534 0.147983 0.174948 0.20421 0.23547 0.268354 0.302432 0.337235 0.372278 0.407079 0.441178 0.474155 0.505637 0.53531 0.562923 0.588283 0.611257 0.631763 0.649763 0.665251 0.678251 0.688798 0.696938 0.702713 0.706158 0.707296 0.706135 0.702665 0.696861 0.688687 0.678098 0.665049 0.649505 0.631443 0.610869 0.587824 0.562393 0.534713 0.504979 0.473449 0.440439 0.406326 0.371534 0.336524 0.301778 0.267781 0.234996 0.20385 0.17471 0.14787 0.12354 0.10184 0.0828047 0.0663833 0.0524557 0.040844 0.0313295 0.0236681 0.0176063 0.0128941 0.00929524 0.00659507 0.00460489 0.00316388 0.0021389 0.00142269 0.000931033 0.000599456 0.000379766 0.000236782 0.00014541 8.81737e-05 5.32108e-05 3.27317e-05 2.18983e-05 
2.2515e-05 2.52134e-05 3.61496e-05 5.82099e-05 9.68669e-05 0.000161096 0.000264722 0.000428257 0.000681296 0.00106546 0.00163785 0.00247489 0.00367627 0.00536862 0.00770851 0.0108839 0.0151138 0.0206449 0.0277452 0.0366941 0.0477693 0.0612304 0.0773009 0.0961497 0.117874 0.142484 0.169895 0.199921 0.232279 0.266597 0.302432 0.339288 0.376638 0.41395 0.450711 0.486442 0.520718 0.553178 0.58353 0.611555 0.637099 0.660072 0.680437 0.698199 0.713394 0.726082 0.736332 0.744214 0.749791 0.753114 0.754215 0.753103 0.749765 0.744169 0.736261 0.725979 0.713248 0.698001 0.680178 0.659744 0.636695 0.61107 0.582965 0.552536 0.520008 0.485677 0.44991 0.413136 0.375836 0.338527 0.301739 0.265997 0.231793 0.199563 0.169672 0.142394 0.117909 0.0962937 0.0775344 0.0615306 0.0481125 0.0370577 0.0281092 0.020993 0.015434 0.0111683 0.00795326 0.00557315 0.00384251 0.00260649 0.00173942 0.00114195 0.000737537 0.00046865 0.000293056 0.000180485 0.000109754 6.64295e-05 4.09947e-05 2.7523e-05 
2.80156e-05 3.13814e-05 4.49036e-05 7.21031e-05 0.000119634 0.000198372 0.000324997 0.000524158 0.000831239 0.00129575 0.00198523 0.00298954 0.00442512 0.00643887 0.00921096 0.0129559 0.017921 0.0243819 0.0326342 0.0429808 0.0557168 0.07111 0.0893812 0.110683 0.135083 0.162549 0.192938 0.225999 0.261377 0.298628 0.337235 0.376638 0.416256 0.455518 0.493884 0.530867 0.566049 0.599089 0.629728 0.657787 0.683158 0.705801 0.725727 0.742987 0.757662 0.769848 0.779645 0.78715 0.792446 0.795598 0.796644 0.795598 0.792444 0.787141 0.779621 0.769801 0.757582 0.742863 0.725546 0.705552 0.68283 0.657372 0.629222 0.598491 0.565363 0.530104 0.493061 0.454657 0.415385 0.375786 0.336435 0.29791 0.260768 0.225518 0.192598 0.162354 0.13503 0.110757 0.0895634 0.0713774 0.0560438 0.0433424 0.0330072 0.024747 0.018263 0.0132643 0.00947991 0.0066662 0.00461177 0.00313864 0.00210126 0.00138378 0.000896419 0.000571271 0.00035824 0.000221242 0.00013491 8.1888e-05 5.06916e-05 3.41483e-05 
3.44103e-05 3.85524e-05 5.50582e-05 8.81697e-05 0.000145879 0.000241201 0.000394027 0.000633614 0.00100177 0.00155671 0.00237739 0.00356825 0.00526376 0.00763236 0.010879 0.0152457 0.0210086 0.0284719 0.0379574 0.0497894 0.0642763 0.0816895 0.10224 0.126058 0.153173 0.183499 0.216834 0.252852 0.291124 0.331128 0.372278 0.41395 0.455518 0.496376 0.535969 0.573811 0.609502 0.64273 0.673278 0.701013 0.725883 0.747898 0.767121 0.783651 0.797612 0.809135 0.818352 0.825383 0.83033 0.83327 0.834249 0.833283 0.830353 0.825411 0.818377 0.809149 0.797603 0.783607 0.767027 0.747741 0.725648 0.700688 0.672853 0.6422 0.608867 0.573079 0.535152 0.495495 0.454601 0.413029 0.371387 0.330303 0.290398 0.252251 0.216376 0.183196 0.153023 0.126052 0.102361 0.0819145 0.0645786 0.0501415 0.0383336 0.0288495 0.0213693 0.0155763 0.0111713 0.00788225 0.00547105 0.00373536 0.0025085 0.00165694 0.00107649 0.00068796 0.000432595 0.000267876 0.000163781 9.96847e-05 6.18927e-05 4.18285e-05 
4.17235e-05 4.67534e-05 6.66461e-05 0.00010645 0.000175647 0.000289632 0.000471836 0.000756591 0.00119273 0.00184789 0.00281338 0.0042092 0.00618892 0.00894357 0.0127038 0.0177395 0.0243557 0.0328843 0.0436714 0.0570597 0.0733667 0.0928616 0.11574 0.142101 0.171928 0.205079 0.24128 0.280131 0.321122 0.363656 0.407079 0.450711 0.493884 0.535969 0.576405 0.614718 0.650533 0.683581 0.71369 0.740784 0.764865 0.785998 0.804299 0.819914 0.833007 0.843744 0.852285 0.858771 0.863319 0.866018 0.86692 0.866042 0.863366 0.858834 0.852358 0.843818 0.83307 0.819953 0.804298 0.78594 0.764733 0.740563 0.713366 0.683142 0.649975 0.614041 0.57562 0.535095 0.492946 0.449742 0.406116 0.362739 0.320288 0.279414 0.240706 0.204664 0.171677 0.142008 0.115792 0.0930356 0.0736359 0.057395 0.0440446 0.0332695 0.0247316 0.01809 0.0130179 0.00921541 0.00641675 0.00439455 0.00295999 0.00196081 0.00127747 0.00081861 0.0005161 0.000320404 0.000196396 0.000119849 7.46252e-05 5.05881e-05 
4.99485e-05 5.59765e-05 7.96511e-05 0.000126908 0.000208865 0.000343512 0.000558139 0.000892566 0.00140319 0.00216774 0.0032906 0.00490821 0.00719408 0.0103625 0.0146704 0.0204156 0.0279313 0.037576 0.0497177 0.0647136 0.0828862 0.104497 0.129718 0.158612 0.191112 0.227008 0.265954 0.307471 0.350969 0.395778 0.441178 0.486442 0.530867 0.573811 0.614718 0.653135 0.688723 0.72126 0.750628 0.77681 0.799865 0.819916 0.837127 0.851691 0.863807 0.873675 0.881476 0.887371 0.891491 0.893931 0.89475 0.893966 0.891559 0.887468 0.881594 0.873806 0.86394 0.851811 0.837219 0.81996 0.799843 0.776702 0.750415 0.720926 0.688259 0.652537 0.613991 0.572969 0.529934 0.485449 0.440165 0.394787 0.350043 0.306649 0.265269 0.226482 0.190757 0.158428 0.129694 0.104612 0.083115 0.0650254 0.0500818 0.0379641 0.0283188 0.0207833 0.0150047 0.0106553 0.00744204 0.00511178 0.00345293 0.00229367 0.00149832 0.000962613 0.000608408 0.000378634 0.000232653 0.00014233 8.88635e-05 6.04152e-05 
5.90425e-05 6.61734e-05 9.40002e-05 0.00014942 0.000245314 0.000402467 0.0006523 0.00104048 0.00163142 0.00251348 0.00380475 0.0056587 0.00826934 0.0118747 0.016758 0.0232446 0.031695 0.0424922 0.0560235 0.072657 0.0927151 0.116445 0.143993 0.175376 0.210469 0.248996 0.29053 0.334514 0.380279 0.427085 0.474155 0.520718 0.566049 0.609502 0.650533 0.688723 0.723776 0.755521 0.783902 0.808958 0.83081 0.849633 0.865642 0.879067 0.890144 0.899096 0.906128 0.911413 0.915092 0.917267 0.917999 0.91731 0.915177 0.911537 0.906284 0.899277 0.890338 0.879261 0.86582 0.849776 0.830896 0.808965 0.783806 0.755303 0.723421 0.688221 0.649884 0.608714 0.565143 0.519724 0.473113 0.426039 0.379276 0.333598 0.289741 0.248363 0.210011 0.175098 0.143888 0.116497 0.0928972 0.072939 0.056373 0.0428783 0.0320901 0.0236265 0.0171104 0.0121872 0.00853672 0.0058802 0.00398279 0.00265259 0.00173718 0.00111881 0.000708811 0.000442141 0.000272301 0.00016698 0.000104522 7.12553e-05 
