9.42907e-06 9.73676e-06 1.09802e-05 1.32461e-05 1.66815e-05 2.1501e-05 2.79916e-05 3.65195e-05 4.75372e-05 6.15915e-05 7.93306e-05 0.000101511 0.000129003 0.000162795 0.00020399 0.000253808 0.000313574 0.000384705 0.000468695 0.000567084 0.000681433 0.000813283 0.00096411 0.00113528 0.001328 0.00154324 0.00178172 0.0020438 0.00232947 0.00263828 0.00296931 0.00332115 0.00369184 0.00407893 0.00447942 0.00488984 0.00530626 0.00572436 0.00613949 0.00654675 0.00694109 0.00731743 0.00767071 0.00799605 0.00828885 0.00854485 0.00876029 0.00893194 0.00905722 0.00913421 0.00916176 0.00913943 0.00906761 0.00894739 0.00878064 0.00856989 0.00831832 0.00802966 0.00770811 0.00735824 0.00698491 0.00659314 0.006188 0.00577453 0.00535762 0.00494192 0.00453175 0.00413106 0.00374336 0.00337164 0.00301841 0.00268566 0.00237484 0.00208692 0.00182239 0.00158132 0.00136338 0.00116791 0.000993971 0.000840406 0.000705883 0.000588957 0.000488112 0.00040181 0.000328526 0.000266775 0.000215148 0.000172319 0.000137067 0.000108281 8.49649e-05 6.62372e-05 5.13284e-05 3.95765e-05 3.042e-05 2.33914e-05 1.81095e-05 1.42722e-05 1.16502e-05 1.00847e-05 
9.73676e-06 1.00562e-05 1.1344e-05 1.36899e-05 1.72465e-05 2.2236e-05 2.8956e-05 3.77859e-05 4.91947e-05 6.37487e-05 8.21194e-05 0.00010509 0.000133563 0.000168559 0.000211223 0.000262815 0.000324705 0.00039836 0.000485322 0.000587184 0.000705557 0.000842029 0.000998125 0.00117525 0.00137464 0.0015973 0.00184395 0.00211497 0.00241034 0.00272957 0.00307171 0.00343529 0.00381829 0.00421815 0.00463179 0.00505561 0.00548554 0.00591714 0.0063456 0.00676588 0.00717277 0.00756102 0.00792544 0.008261 0.00856295 0.00882693 0.00904905 0.00922601 0.00935513 0.00943447 0.00946281 0.00943974 0.00936562 0.00924161 0.0090696 0.00885222 0.00859272 0.00829495 0.00796323 0.00760228 0.00721708 0.00681281 0.0063947 0.00596794 0.00553757 0.00510838 0.00468485 0.00427104 0.00387058 0.00348657 0.00312161 0.00277774 0.00245649 0.00215887 0.00188538 0.0016361 0.00141071 0.00120853 0.0010286 0.000869727 0.000730537 0.000609542 0.00050518 0.000415861 0.000340009 0.000276093 0.000222653 0.000178319 0.000141829 0.000112033 8.7899e-05 6.85155e-05 5.30857e-05 4.0924e-05 3.14493e-05 2.41772e-05 1.8713e-05 1.47438e-05 1.20322e-05 1.04137e-05 
1.09802e-05 1.1344e-05 1.27969e-05 1.54398e-05 1.94436e-05 2.50568e-05 3.2612e-05 4.2533e-05 5.53432e-05 7.16736e-05 9.22718e-05 0.000118009 0.000149886 0.000189036 0.000236726 0.000294348 0.000363416 0.000445544 0.000542427 0.000655813 0.000787464 0.000939114 0.00111242 0.0013089 0.00152989 0.00177646 0.00204936 0.00234897 0.00267522 0.00302755 0.00340486 0.00380549 0.0042272 0.00466715 0.00512192 0.00558756 0.00605962 0.00653319 0.00700304 0.00746365 0.00790934 0.00833441 0.00873319 0.00910023 0.00943038 0.00971889 0.00996156 0.0101548 0.0102958 0.0103823 0.0104131 0.0103877 0.0103065 0.0101708 0.00998264 0.00974484 0.00946095 0.00913513 0.00877207 0.00837689 0.00795503 0.00751209 0.00705378 0.00658577 0.00611354 0.00564235 0.00517709 0.00472223 0.00428175 0.00385908 0.0034571 0.00307808 0.00272373 0.00239519 0.00209306 0.00181747 0.00156809 0.00134422 0.00114482 0.000968615 0.000814122 0.000679717 0.000563697 0.000464323 0.000379867 0.000308647 0.000249056 0.000199583 0.000158833 0.000125535 9.85472e-05 7.6857e-05 5.95803e-05 4.59549e-05 3.53341e-05 2.71785e-05 2.10481e-05 1.6594e-05 1.35512e-05 1.1736e-05 
1.32461e-05 1.36899e-05 1.54398e-05 1.8616e-05 2.34214e-05 3.01511e-05 3.91993e-05 5.10675e-05 6.63738e-05 8.58628e-05 0.000110414 0.000141052 0.000178949 0.000225432 0.000281977 0.000350208 0.000431879 0.000528861 0.00064311 0.000776634 0.000931454 0.00110955 0.00131279 0.0015429 0.00180136 0.00208934 0.00240767 0.00275668 0.00313623 0.00354561 0.00398347 0.00444783 0.00493605 0.0054448 0.00597012 0.00650743 0.00705158 0.00759696 0.00813754 0.00866704 0.00917897 0.00966684 0.0101242 0.0105449 0.0109231 0.0112534 0.011531 0.011752 0.011913 0.0120118 0.0120467 0.0120174 0.0119242 0.0117686 0.0115529 0.0112803 0.0109549 0.0105813 0.0101648 0.00971125 0.00922681 0.00871786 0.00819089 0.00765235 0.00710853 0.00656543 0.00602869 0.00550343 0.00499427 0.0045052 0.00403955 0.00360001 0.00318862 0.00280674 0.00245514 0.00213403 0.00184311 0.00158161 0.00134842 0.00114208 0.000960943 0.000803156 0.000666778 0.000549818 0.000450291 0.000366256 0.000295853 0.000237333 0.000189072 0.000149589 0.00011755 9.17712e-05 7.12147e-05 5.49854e-05 4.23224e-05 3.25899e-05 2.52687e-05 1.99467e-05 1.63105e-05 1.41431e-05 
1.66815e-05 1.72465e-05 1.94436e-05 2.34214e-05 2.94307e-05 3.78356e-05 4.91211e-05 6.39038e-05 8.29418e-05 0.000107146 0.000137593 0.000175527 0.000222377 0.000279748 0.000349427 0.000433369 0.000533683 0.000652607 0.000792473 0.000955669 0.00114458 0.00136153 0.00160872 0.00188812 0.00220144 0.00255 0.00293467 0.00335576 0.00381301 0.00430544 0.00483136 0.00538831 0.00597305 0.00658157 0.00720908 0.00785011 0.00849852 0.00914765 0.00979037 0.0104193 0.0110267 0.0116051 0.0121468 0.0126447 0.013092 0.0134824 0.0138103 0.0140711 0.014261 0.0143773 0.0144182 0.0143831 0.0142727 0.0140885 0.0138332 0.0135106 0.0131254 0.012683 0.0121895 0.0116519 0.0110773 0.0104732 0.00984712 0.00920675 0.00855947 0.00791239 0.00727218 0.00664496 0.00603623 0.00545078 0.00489265 0.00436513 0.0038707 0.00341111 0.00298736 0.00259979 0.00224814 0.00193159 0.00164887 0.00139834 0.00117806 0.000985894 0.000819544 0.000676663 0.000554892 0.000451919 0.000365521 0.000293597 0.000234194 0.000185525 0.000145975 0.000114107 8.86609e-05 6.85449e-05 5.28298e-05 4.07382e-05 3.16338e-05 2.5011e-05 2.04853e-05 1.77897e-05 
2.1501e-05 2.2236e-05 2.50568e-05 3.01511e-05 3.78356e-05 4.85686e-05 6.29604e-05 8.17846e-05 0.000105991 0.000136719 0.000175308 0.000223311 0.000282495 0.000354848 0.000442574 0.000548075 0.000673935 0.000822884 0.00099776 0.00120145 0.00143682 0.00170666 0.00201357 0.00235989 0.00274759 0.00317816 0.00365253 0.00417097 0.004733 0.00533731 0.00598172 0.0066631 0.00737743 0.00811973 0.00888414 0.00966396 0.0104518 0.0112395 0.0120185 0.0127799 0.0135146 0.0142134 0.0148675 0.0154681 0.0160071 0.0164773 0.016872 0.0171857 0.0174139 0.0175534 0.0176022 0.0175596 0.0174261 0.0172039 0.0168961 0.016507 0.0160423 0.0155084 0.0149126 0.0142631 0.0135684 0.0128374 0.0120792 0.0113029 0.0105174 0.00973134 0.00895267 0.00818887 0.00744663 0.00673183 0.00604945 0.00540356 0.00479732 0.00423294 0.00371179 0.00323441 0.00280057 0.00240943 0.00205953 0.00174897 0.00147547 0.00123648 0.00102926 0.000850987 0.000698807 0.000569912 0.00046159 0.000371271 0.000296558 0.000235249 0.000185352 0.000145086 0.000112886 8.73963e-05 6.74566e-05 5.20962e-05 4.05187e-05 3.20907e-05 2.63298e-05 2.29012e-05 
2.79916e-05 2.8956e-05 3.2612e-05 3.91993e-05 4.91211e-05 6.29604e-05 8.14917e-05 0.000105695 0.000136772 0.000176159 0.000225544 0.000286873 0.000362361 0.000454491 0.000566003 0.000699877 0.000859308 0.00104766 0.0012684 0.00152507 0.00182114 0.00215996 0.00254467 0.00297801 0.00346229 0.0039992 0.00458973 0.00523404 0.00593137 0.00667995 0.00747692 0.00831833 0.00919909 0.010113 0.0110528 0.0120102 0.0129762 0.0139408 0.0148937 0.015824 0.0167207 0.0175728 0.0183696 0.0191006 0.0197562 0.0203277 0.020807 0.0211878 0.0214645 0.0216334 0.0216921 0.0216398 0.0214772 0.0212067 0.0208321 0.0203587 0.0197931 0.019143 0.0184172 0.0176253 0.0167778 0.0158852 0.0149586 0.0140089 0.013047 0.0120832 0.0111274 0.0101886 0.00927512 0.00839421 0.00755207 0.00675382 0.00600344 0.00530382 0.00465679 0.00406315 0.00352282 0.00303487 0.00259766 0.00220897 0.0018661 0.001566 0.00130537 0.00108078 0.000888742 0.000725823 0.000588684 0.000474154 0.000379262 0.000301271 0.000237698 0.000186318 0.00014517 0.00011255 8.69991e-05 6.7292e-05 5.24231e-05 4.15908e-05 3.41842e-05 2.97791e-05 
3.65195e-05 3.77859e-05 4.2533e-05 5.10675e-05 6.39038e-05 8.17846e-05 0.000105695 0.00013688 0.000176861 0.000227455 0.000290789 0.000369314 0.000465808 0.000583375 0.000725434 0.000895689 0.0010981 0.0013368 0.00161608 0.00194023 0.0023135 0.00273992 0.00322325 0.00376673 0.00437305 0.00504412 0.00578096 0.00658356 0.00745078 0.00838022 0.00936818 0.0104096 0.0114981 0.0126259 0.013784 0.0149622 0.0161493 0.0173333 0.0185016 0.0196408 0.0207378 0.0217791 0.0227519 0.0236437 0.024443 0.025139 0.0257226 0.0261857 0.0265221 0.0267271 0.0267979 0.0267336 0.0265352 0.0262052 0.0257485 0.0251712 0.0244812 0.0236879 0.0228017 0.0218342 0.0207979 0.0197055 0.0185705 0.0174061 0.0162253 0.0150409 0.0138648 0.0127083 0.0115814 0.0104932 0.00945143 0.0084625 0.00753149 0.00666213 0.00585686 0.00511688 0.00444227 0.00383207 0.00328444 0.00279679 0.00236592 0.00198817 0.00165957 0.00137594 0.00113302 0.000926602 0.000752566 0.000606987 0.000486178 0.000386732 0.000305543 0.000239828 0.000187122 0.000145281 0.000112463 8.71207e-05 6.79804e-05 5.40256e-05 4.4481e-05 3.88077e-05 
4.75372e-05 4.91947e-05 5.53432e-05 6.63738e-05 8.29418e-05 0.000105991 0.000136772 0.000176861 0.000228182 0.000293027 0.000374072 0.000474394 0.000597471 0.000747177 0.000927764 0.00114383 0.00140025 0.00170215 0.00205474 0.00246328 0.00293291 0.00346849 0.00407447 0.00475472 0.00551231 0.00634937 0.00726693 0.0082647 0.00934103 0.0104927 0.011715 0.0130014 0.0143439 0.0157328 0.017157 0.018604 0.0200601 0.0215104 0.0229397 0.024332 0.0256712 0.0269412 0.0281266 0.0292123 0.0301846 0.0310307 0.0317396 0.0323018 0.0327099 0.0329583 0.0330437 0.0329649 0.0327232 0.0323217 0.031766 0.0310635 0.0302237 0.0292576 0.0281778 0.0269982 0.0257337 0.0243997 0.0230122 0.0215873 0.0201408 0.0186882 0.017244 0.015822 0.0144346 0.0130929 0.0118067 0.0105839 0.00943098 0.00835277 0.00735249 0.00643185 0.0055912 0.00482958 0.00414495 0.00353431 0.00299388 0.00251931 0.0021058 0.0017483 0.00144162 0.0011806 0.000960168 0.000775488 0.000621989 0.000495435 0.000391958 0.000308076 0.000240703 0.000187142 0.000145078 0.000112556 8.79682e-05 7.0028e-05 5.77534e-05 5.04615e-05 
6.15915e-05 6.37487e-05 7.16736e-05 8.58628e-05 0.000107146 0.000136719 0.000176159 0.000227455 0.000293027 0.000375751 0.000478983 0.000606562 0.000762824 0.000952581 0.0011811 0.00145405 0.00177743 0.0021575 0.00260064 0.0031132 0.00370138 0.00437101 0.00512736 0.00597492 0.00691724 0.00795663 0.00909403 0.0103288 0.0116586 0.0130792 0.0145845 0.0161662 0.0178144 0.0195172 0.0212606 0.0230295 0.024807 0.0265755 0.0283161 0.0300097 0.0316369 0.0331786 0.0346162 0.0359318 0.0371091 0.0381328 0.03899 0.0396694 0.0401621 0.0404616 0.0405641 0.0404682 0.0401752 0.039689 0.0390162 0.0381655 0.0371482 0.0359773 0.0346679 0.0332365 0.0317007 0.0300792 0.028391 0.0266554 0.0248916 0.0231182 0.0213529 0.0196125 0.0179121 0.0162654 0.0146845 0.0131793 0.011758 0.0104268 0.00918978 0.00804948 0.00700657 0.00606017 0.00520805 0.00444677 0.00377193 0.00317835 0.00266029 0.00221167 0.0018262 0.00149759 0.00121963 0.000986382 0.00079221 0.000631875 0.000500576 0.000393983 0.000308243 0.000239987 0.000186311 0.000144763 0.000113319 9.03588e-05 7.46439e-05 6.5313e-05 
7.93306e-05 8.21194e-05 9.22718e-05 0.000110414 0.000137593 0.000175308 0.000225544 0.000290789 0.000374072 0.000478983 0.000609695 0.00077098 0.000968204 0.00120731 0.00149477 0.00183754 0.00224296 0.00271863 0.00327227 0.00391155 0.00464386 0.00547613 0.00641454 0.00746432 0.00862943 0.00991236 0.0113139 0.0128328 0.014466 0.0162077 0.0180503 0.0199834 0.0219947 0.0240694 0.0261906 0.0283397 0.0304965 0.0326394 0.034746 0.0367934 0.0387584 0.0406182 0.0423508 0.0439351 0.0453515 0.0465825 0.0476124 0.0484282 0.0490194 0.0493785 0.0495007 0.0493847 0.0490319 0.048447 0.0476376 0.046614 0.0453895 0.0439794 0.0424016 0.0406754 0.0388219 0.0368631 0.0348218 0.0327209 0.0305834 0.0284316 0.026287 0.0241697 0.0220983 0.0200895 0.0181581 0.0163164 0.0145746 0.0129407 0.01142 0.0100159 0.00872971 0.0075606 0.00650621 0.00556268 0.00472489 0.00398676 0.0033415 0.0027818 0.0023001 0.00188877 0.0015403 0.00124742 0.00100322 0.000801254 0.000635615 0.000500942 0.00039246 0.000305979 0.000237883 0.000185111 0.000145131 0.000115915 9.5912e-05 8.40404e-05 
0.000101511 0.00010509 0.000118009 0.000141052 0.000175527 0.000223311 0.000286873 0.000369314 0.000474394 0.000606562 0.00077098 0.000973531 0.00122081 0.0015201 0.00187932 0.00230693 0.00281184 0.00340321 0.00409032 0.00488233 0.00578802 0.00681552 0.00797205 0.00926356 0.0106945 0.0122673 0.0139826 0.0158385 0.0178304 0.0199513 0.0221913 0.0245377 0.0269751 0.0294854 0.0320483 0.0346412 0.0372397 0.0398182 0.0423498 0.0448072 0.0471632 0.0493908 0.051464 0.053358 0.0550501 0.0565196 0.0577482 0.0587207 0.0594251 0.0598524 0.0599973 0.0598581 0.0594365 0.058738 0.0577713 0.0565487 0.0550854 0.0533996 0.051512 0.0494454 0.0472244 0.044875 0.0424242 0.039899 0.0373269 0.0347343 0.0321469 0.029589 0.0270831 0.0246493 0.0223057 0.0200676 0.0179477 0.0159557 0.0140989 0.0123816 0.0108059 0.00937122 0.00807521 0.00691351 0.00588028 0.00496845 0.00417 0.00347628 0.00287826 0.00236678 0.00193275 0.00156737 0.00126223 0.00100949 0.000801883 0.000632836 0.000496467 0.000387605 0.000301773 0.000235177 0.000184674 0.000147739 0.000122442 0.000107434 
0.000129003 0.000133563 0.000149886 0.000178949 0.000222377 0.000282495 0.000362361 0.000465808 0.000597471 0.000762824 0.000968204 0.00122081 0.0015287 0.00190072 0.00234649 0.00287622 0.00350062 0.00423068 0.00507746 0.00605179 0.00716401 0.0084236 0.00983883 0.0114164 0.0131612 0.0150757 0.01716 0.0194111 0.0218231 0.024387 0.0270903 0.0299174 0.0328494 0.0358644 0.0389379 0.0420428 0.0451501 0.0482292 0.0512485 0.0541758 0.0569791 0.0596268 0.0620885 0.0643355 0.0663413 0.0680819 0.0695362 0.0706867 0.0715194 0.072024 0.0721945 0.0720288 0.0715291 0.0707014 0.069556 0.0681071 0.0663722 0.0643723 0.0621315 0.0596763 0.0570354 0.0542391 0.0513189 0.0483067 0.0452347 0.0421344 0.0390361 0.0359689 0.0329595 0.0300325 0.0272095 0.0245094 0.0219477 0.0195368 0.0172856 0.0152003 0.0132835 0.0115355 0.0099537 0.00853342 0.00726807 0.0061495 0.00516837 0.00431451 0.00357721 0.00294555 0.00240868 0.00195598 0.00157734 0.0012632 0.00100478 0.000794031 0.000623778 0.000487676 0.000380227 0.00029676 0.000233397 0.000187022 0.000155246 0.000136403 
0.000162795 0.000168559 0.000189036 0.000225432 0.000279748 0.000354848 0.000454491 0.000583375 0.000747177 0.000952581 0.00120731 0.0015201 0.00190072 0.00235986 0.00290908 0.00356063 0.00432728 0.0052221 0.00625815 0.00744814 0.00880411 0.010337 0.0120562 0.0139692 0.0160811 0.0183944 0.0209082 0.0236185 0.0265175 0.0295936 0.0328315 0.0362119 0.0397121 0.0433057 0.0469632 0.0506526 0.0543395 0.0579879 0.0615607 0.0650203 0.0683295 0.0714516 0.0743514 0.076996 0.0793546 0.0813998 0.0831075 0.0844576 0.0854341 0.0860254 0.0862244 0.0860289 0.0854413 0.0844687 0.0831226 0.0814193 0.079379 0.0770256 0.0743868 0.0714932 0.0683779 0.0650759 0.0616237 0.0580587 0.0544183 0.0507394 0.0470579 0.043408 0.0398215 0.0363278 0.0329531 0.0297199 0.0266475 0.023751 0.021042 0.0185282 0.0162137 0.0140993 0.0121827 0.0104588 0.00892027 0.0075579 0.0063609 0.00531739 0.00441481 0.00364028 0.00298088 0.00242396 0.00195738 0.0015697 0.00125026 0.000989369 0.000778297 0.000609327 0.000475756 0.000371872 0.00029293 0.000235107 0.000195471 0.000171977 
0.00020399 0.000211223 0.000236726 0.000281977 0.000349427 0.000442574 0.000566003 0.000725434 0.000927764 0.0011811 0.00149477 0.00187932 0.00234649 0.00290908 0.00358089 0.0043765 0.00531102 0.00639985 0.00765826 0.00910107 0.0107421 0.012594 0.0146671 0.0169697 0.0195071 0.0222814 0.0252907 0.0285293 0.0319872 0.03565 0.0394986 0.0435099 0.0476561 0.0519061 0.0562248 0.0605744 0.0649146 0.0692033 0.0733975 0.0774537 0.0813287 0.0849805 0.0883689 0.091456 0.094207 0.0965906 0.0985795 0.100151 0.101287 0.101974 0.102204 0.101976 0.101291 0.100157 0.0985883 0.0966025 0.0942226 0.091476 0.0883939 0.0850112 0.0813658 0.077498 0.0734496 0.0692638 0.0649838 0.0606526 0.0563122 0.0520025 0.0477613 0.0436232 0.0396195 0.0357775 0.0321202 0.0286665 0.0254308 0.022423 0.0196488 0.01711 0.0148046 0.0127274 0.0108704 0.00922312 0.00777325 0.00650714 0.00541016 0.0044672 0.00366307 0.0029828 0.00241196 0.00193688 0.00154482 0.00122413 0.000964299 0.000756002 0.000591125 0.000462741 0.000365079 0.000293488 0.000244395 0.000215305 
0.000253808 0.000262815 0.000294348 0.000350208 0.000433369 0.000548075 0.000699877 0.000895689 0.00114383 0.00145405 0.00183754 0.00230693 0.00287622 0.00356063 0.0043765 0.00534102 0.00647195 0.00778726 0.00930469 0.0110413 0.013013 0.0152337 0.0177152 0.0204663 0.0234924 0.0267947 0.0303702 0.0342111 0.0383047 0.0426328 0.0471725 0.0518956 0.0567694 0.0617566 0.0668162 0.0719039 0.0769728 0.0819743 0.0868586 0.0915759 0.0960769 0.100314 0.104241 0.107815 0.110997 0.113752 0.11605 0.117864 0.119174 0.119966 0.120231 0.119966 0.119174 0.117864 0.116051 0.113755 0.111002 0.107823 0.104252 0.10033 0.0960992 0.0916051 0.0868956 0.08202 0.077028 0.0719691 0.0668919 0.0618429 0.0568661 0.0520025 0.0472889 0.0427579 0.0384374 0.0343502 0.0305142 0.026942 0.0236415 0.0206155 0.0178628 0.0153782 0.013153 0.0111756 0.00943208 0.0079069 0.00658318 0.00544338 0.00446975 0.00364471 0.00295126 0.0023732 0.00189541 0.001504 0.00118639 0.000931424 0.000729337 0.000571788 0.000451817 0.000363803 0.000303423 0.000267656 
0.000313574 0.000324705 0.000363416 0.000431879 0.000533683 0.000673935 0.000859308 0.0010981 0.00140025 0.00177743 0.00224296 0.00281184 0.00350062 0.00432728 0.00531102 0.00647195 0.00783075 0.00940822 0.0112248 0.0132999 0.0156515 0.0182953 0.021244 0.0245068 0.028089 0.0319908 0.0362075 0.0407286 0.0455381 0.0506139 0.055928 0.0614469 0.0671317 0.0729388 0.0788202 0.0847246 0.0905979 0.0963843 0.102027 0.107469 0.112655 0.117531 0.122045 0.12615 0.129801 0.132959 0.135591 0.137667 0.139167 0.140072 0.140374 0.140069 0.139162 0.13766 0.135582 0.13295 0.129792 0.126142 0.12204 0.117529 0.112659 0.107479 0.102045 0.0964108 0.0906344 0.0847721 0.0788793 0.07301 0.0672153 0.0615427 0.0560356 0.0507325 0.0456668 0.0408661 0.0363523 0.0321412 0.0282432 0.024663 0.0214002 0.0184498 0.0158026 0.013446 0.0113644 0.00954032 0.00795438 0.00658643 0.00541591 0.00442237 0.00358591 0.00288751 0.00230934 0.00183497 0.00144947 0.00113956 0.000893596 0.000701612 0.000555267 0.000447819 0.000374075 0.000330405 
0.000384705 0.00039836 0.000445544 0.000528861 0.000652607 0.000822884 0.00104766 0.0013368 0.00170215 0.0021575 0.00271863 0.00340321 0.00423068 0.0052221 0.00639985 0.00778726 0.00940822 0.0112866 0.0134457 0.0159076 0.0186922 0.0218168 0.0252952 0.0291369 0.0333464 0.0379227 0.0428588 0.0481412 0.0537497 0.0596576 0.0658313 0.0722311 0.0788113 0.0855211 0.092305 0.0991038 0.105856 0.112498 0.118965 0.125193 0.13112 0.136686 0.141833 0.146508 0.150663 0.154254 0.157244 0.159602 0.161303 0.162329 0.162671 0.162324 0.161292 0.159586 0.157225 0.154231 0.150638 0.146483 0.141808 0.136663 0.131101 0.12518 0.118958 0.1125 0.105869 0.0991284 0.0923424 0.0855722 0.0788766 0.0723108 0.0659252 0.0597651 0.0538701 0.0482731 0.0430007 0.0380729 0.0335029 0.0292977 0.0254582 0.0219798 0.0188532 0.0160647 0.0135972 0.011431 0.00954432 0.00791412 0.00651679 0.00532873 0.00432683 0.00348894 0.00279418 0.00222326 0.00175862 0.00138455 0.00108727 0.000854951 0.000677676 0.000547415 0.000457974 0.000405023 
0.000468695 0.000485322 0.000542427 0.00064311 0.000792473 0.00099776 0.0012684 0.00161608 0.00205474 0.00260064 0.00327227 0.00409032 0.00507746 0.00625815 0.00765826 0.00930469 0.0112248 0.0134457 0.0159939 0.0188938 0.0221677 0.0258343 0.0299082 0.0343987 0.0393097 0.0446381 0.0503742 0.0565008 0.0629929 0.0698183 0.0769372 0.0843027 0.0918618 0.0995556 0.10732 0.115089 0.122791 0.130355 0.137708 0.14478 0.151501 0.157803 0.163625 0.168907 0.173596 0.177646 0.181015 0.18367 0.185585 0.186739 0.187122 0.18673 0.185568 0.183645 0.180983 0.177608 0.173554 0.168861 0.163577 0.157756 0.151456 0.144739 0.137674 0.130329 0.122775 0.115086 0.107331 0.0995811 0.0919033 0.0843608 0.077012 0.0699096 0.0631 0.0566225 0.0505091 0.0447843 0.0394652 0.0345613 0.0300753 0.0260037 0.022337 0.0190607 0.0161563 0.0136019 0.0113732 0.00944397 0.00778751 0.0063767 0.00518497 0.00418667 0.00335759 0.00267523 0.00211905 0.00167065 0.00131383 0.00103464 0.000821382 0.000664551 0.00055682 0.000493056 
0.000567084 0.000587184 0.000655813 0.000776634 0.000955669 0.00120145 0.00152507 0.00194023 0.00246328 0.0031132 0.00391155 0.00488233 0.00605179 0.00744814 0.00910107 0.0110413 0.0132999 0.0159076 0.0188938 0.0222858 0.026108 0.0303802 0.0351178 0.0403296 0.046018 0.0521778 0.0587956 0.0658498 0.07331 0.0811377 0.0892859 0.0977001 0.106319 0.115075 0.123895 0.132704 0.141422 0.149969 0.158266 0.166233 0.173793 0.180873 0.187404 0.193324 0.198574 0.203104 0.20687 0.209836 0.211973 0.213261 0.213687 0.213249 0.211949 0.209801 0.206825 0.20305 0.198512 0.193256 0.187332 0.180798 0.173718 0.166161 0.158199 0.14991 0.141373 0.132667 0.123873 0.115069 0.106331 0.097731 0.0893361 0.0812072 0.0733985 0.0659562 0.0589187 0.0523157 0.0461686 0.0404904 0.0352862 0.0305536 0.0262835 0.022461 0.0190661 0.0160748 0.0134601 0.0111928 0.00924265 0.00757884 0.00617102 0.00498976 0.00400715 0.00319717 0.00253599 0.00200216 0.00157679 0.00124357 0.000988769 0.000801239 0.000672361 0.000596099 
0.000681433 0.000705557 0.000787464 0.000931454 0.00114458 0.00143682 0.00182114 0.0023135 0.00293291 0.00370138 0.00464386 0.00578802 0.00716401 0.00880411 0.0107421 0.013013 0.0156515 0.0186922 0.0221677 0.026108 0.0305392 0.0354826 0.0409535 0.0469601 0.0535028 0.0605733 0.0681542 0.0762185 0.0847298 0.0936422 0.102901 0.112443 0.122197 0.132088 0.142033 0.151946 0.161739 0.171325 0.180613 0.189518 0.197956 0.205848 0.213118 0.2197 0.225531 0.230558 0.234733 0.238019 0.240386 0.241811 0.242282 0.241795 0.240355 0.237974 0.234674 0.230486 0.225448 0.219608 0.213019 0.205743 0.197849 0.189412 0.180511 0.171229 0.161653 0.151871 0.141973 0.132046 0.122174 0.112441 0.102921 0.0936842 0.0847941 0.0763044 0.0682604 0.0606982 0.0536441 0.0471153 0.0411197 0.0356569 0.0307185 0.0262893 0.0223482 0.0188692 0.0158227 0.0131762 0.0108959 0.00894699 0.00729516 0.00590687 0.00475018 0.00379521 0.00301449 0.00238327 0.00187961 0.00148459 0.00118221 0.000959491 0.000806358 0.000715763 
0.000813283 0.000842029 0.000939114 0.00110955 0.00136153 0.00170666 0.00215996 0.00273992 0.00346849 0.00437101 0.00547613 0.00681552 0.0084236 0.010337 0.012594 0.0152337 0.0182953 0.0218168 0.0258343 0.0303802 0.0354826 0.0411635 0.0474379 0.0543129 0.0617861 0.0698456 0.0784691 0.0876235 0.0972654 0.107341 0.117786 0.128529 0.139489 0.15058 0.16171 0.172784 0.183703 0.194371 0.204692 0.21457 0.223915 0.232643 0.240673 0.247933 0.254359 0.259893 0.264486 0.268097 0.270697 0.272262 0.272778 0.272242 0.270659 0.268041 0.264411 0.259802 0.254254 0.247816 0.240545 0.232507 0.223774 0.214427 0.20455 0.194235 0.183575 0.172667 0.161609 0.150497 0.139426 0.128488 0.11777 0.10735 0.0972998 0.0876833 0.0785531 0.0699523 0.0619134 0.0544581 0.0475981 0.0413354 0.0356628 0.0305654 0.0260211 0.0220022 0.0184763 0.015408 0.0127594 0.0104919 0.0085667 0.00694599 0.00559348 0.00447508 0.00355939 0.00281797 0.00222561 0.00176045 0.00140402 0.00114128 0.00096054 0.000853634 
0.00096411 0.000998125 0.00111242 0.00131279 0.00160872 0.00201357 0.00254467 0.00322325 0.00407447 0.00512736 0.00641454 0.00797205 0.00983883 0.0120562 0.0146671 0.0177152 0.021244 0.0252952 0.0299082 0.0351178 0.0409535 0.0474379 0.0545854 0.0624009 0.070879 0.0800032 0.0897455 0.100066 0.110913 0.122223 0.133925 0.145934 0.158162 0.17051 0.182876 0.195155 0.207241 0.219027 0.230408 0.241283 0.251555 0.261133 0.269935 0.277882 0.284908 0.290952 0.295964 0.299903 0.302736 0.304441 0.305003 0.304418 0.302691 0.299836 0.295876 0.290844 0.284781 0.277739 0.269778 0.260965 0.251379 0.241102 0.230226 0.218848 0.207069 0.194993 0.182728 0.17038 0.158053 0.14585 0.133867 0.122194 0.110912 0.100094 0.0898018 0.0800865 0.0709873 0.0625316 0.0547353 0.0476037 0.0411314 0.035304 0.030099 0.0254871 0.0214335 0.0178995 0.0148435 0.0122227 0.00999375 0.00811418 0.00654311 0.00524196 0.00417503 0.00330994 0.00261786 0.00207374 0.00165637 0.00134846 0.00113655 0.00101123 
0.00113528 0.00117525 0.0013089 0.0015429 0.00188812 0.00235989 0.00297801 0.00376673 0.00475472 0.00597492 0.00746432 0.00926356 0.0114164 0.0139692 0.0169697 0.0204663 0.0245068 0.0291369 0.0343987 0.0403296 0.0469601 0.0543129 0.0624009 0.0712266 0.0807806 0.091041 0.101973 0.113529 0.125649 0.138259 0.151278 0.164611 0.178156 0.191807 0.205449 0.218969 0.232249 0.245175 0.257634 0.269518 0.280724 0.291158 0.300731 0.309364 0.316987 0.323538 0.328966 0.333228 0.336292 0.338135 0.338742 0.338108 0.33624 0.333151 0.328864 0.323412 0.316839 0.309197 0.300546 0.290958 0.280513 0.269298 0.25741 0.244951 0.23203 0.218759 0.205253 0.191628 0.177999 0.164478 0.151174 0.138186 0.125607 0.11352 0.101996 0.0910956 0.0808648 0.0713379 0.0625362 0.0544685 0.0471321 0.0405138 0.034591 0.0293331 0.0247032 0.0206593 0.0171563 0.0141467 0.0115828 0.00941722 0.00760414 0.00610023 0.0048652 0.00386238 0.00305906 0.00242673 0.00194121 0.00158273 0.00133591 0.00118996 
0.001328 0.00137464 0.00152989 0.00180136 0.00220144 0.00274759 0.00346229 0.00437305 0.00551231 0.00691724 0.00862943 0.0106945 0.0131612 0.0160811 0.0195071 0.0234924 0.028089 0.0333464 0.0393097 0.046018 0.0535028 0.0617861 0.070879 0.0807806 0.0914766 0.102939 0.115125 0.12798 0.141431 0.155397 0.169783 0.184485 0.199388 0.214375 0.229321 0.244102 0.258592 0.272667 0.286208 0.2991 0.311237 0.322519 0.332854 0.342162 0.350371 0.357417 0.363251 0.367828 0.371116 0.373093 0.373743 0.373063 0.371058 0.367741 0.363136 0.357276 0.350203 0.341972 0.332642 0.322288 0.310991 0.298843 0.285943 0.272399 0.258326 0.243843 0.229073 0.214144 0.199178 0.1843 0.169628 0.155275 0.141343 0.127928 0.11511 0.10296 0.0915317 0.0808677 0.0709951 0.0619273 0.0536651 0.0461968 0.0395004 0.0335445 0.0282901 0.0236925 0.0197026 0.0162688 0.0133385 0.0108594 0.00878041 0.00705329 0.00563285 0.00447787 0.00355145 0.00282136 0.00226021 0.00184555 0.00155992 0.00139104 
0.00154324 0.0015973 0.00177646 0.00208934 0.00255 0.00317816 0.0039992 0.00504412 0.00634937 0.00795663 0.00991236 0.0122673 0.0150757 0.0183944 0.0222814 0.0267947 0.0319908 0.0379227 0.0446381 0.0521778 0.0605733 0.0698456 0.0800032 0.091041 0.102939 0.115662 0.129159 0.143365 0.158198 0.173564 0.189357 0.20546 0.221748 0.238091 0.254355 0.270404 0.286105 0.301325 0.315938 0.329826 0.342876 0.354986 0.366064 0.376026 0.384799 0.392323 0.398545 0.403424 0.406927 0.409031 0.409723 0.408999 0.406863 0.403329 0.39842 0.392168 0.384615 0.375814 0.365827 0.354728 0.342598 0.329532 0.315633 0.301013 0.285791 0.270095 0.254055 0.237806 0.221483 0.205221 0.189148 0.173389 0.15806 0.143266 0.129101 0.115644 0.10296 0.0910991 0.0800955 0.0699682 0.060722 0.0523477 0.0448243 0.0381201 0.0321946 0.0270002 0.0224844 0.0185912 0.0152633 0.012443 0.0100743 0.00810335 0.00648003 0.00515824 0.00409665 0.00325906 0.00261463 0.00213807 0.00180964 0.00161548 
0.00178172 0.00184395 0.00204936 0.00240767 0.00293467 0.00365253 0.00458973 0.00578096 0.00726693 0.00909403 0.0113139 0.0139826 0.01716 0.0209082 0.0252907 0.0303702 0.0362075 0.0428588 0.0503742 0.0587956 0.0681542 0.0784691 0.0897455 0.101973 0.115125 0.129159 0.144015 0.159615 0.175867 0.192665 0.209891 0.227416 0.245102 0.262808 0.280389 0.297699 0.314597 0.330943 0.346606 0.361462 0.375397 0.388305 0.400093 0.410678 0.419989 0.427964 0.434552 0.439714 0.443418 0.445642 0.446373 0.445608 0.44335 0.439613 0.434418 0.427797 0.419791 0.41045 0.399836 0.388022 0.37509 0.361136 0.346264 0.33059 0.314238 0.297341 0.280037 0.262469 0.244782 0.22712 0.209626 0.192435 0.175675 0.159465 0.143909 0.129098 0.115108 0.101998 0.0898094 0.0785688 0.0682852 0.058953 0.0505526 0.0430527 0.0364114 0.0305791 0.0254996 0.0211129 0.0173568 0.0141684 0.0114863 0.00925122 0.00740763 0.00590442 0.00469558 0.0037407 0.00300531 0.00246105 0.0020858 0.00186398 
0.0020438 0.00211497 0.00234897 0.00275668 0.00335576 0.00417097 0.00523404 0.00658356 0.0082647 0.0103288 0.0128328 0.0158385 0.0194111 0.0236185 0.0285293 0.0342111 0.0407286 0.0481412 0.0565008 0.0658498 0.0762185 0.0876235 0.100066 0.113529 0.12798 0.143365 0.159615 0.17664 0.194338 0.212589 0.231261 0.250213 0.269296 0.288356 0.307238 0.325787 0.343855 0.361295 0.377971 0.393757 0.408534 0.422198 0.434656 0.445825 0.455636 0.464029 0.470956 0.476378 0.480266 0.4826 0.483368 0.482565 0.480196 0.476273 0.470816 0.463854 0.455427 0.445584 0.434382 0.421895 0.408203 0.393401 0.377596 0.360904 0.343454 0.325383 0.306836 0.287963 0.26892 0.24986 0.230938 0.212301 0.19409 0.176437 0.159457 0.143256 0.127919 0.113516 0.100097 0.0876962 0.076328 0.065991 0.0566681 0.0483286 0.0409303 0.0344212 0.0287424 0.0238297 0.0196161 0.0160336 0.0130152 0.0104961 0.00841528 0.0067163 0.00534831 0.00426649 0.00343252 0.00281483 0.00238875 0.0021369 
0.00232947 0.00241034 0.00267522 0.00313623 0.00381301 0.004733 0.00593137 0.00745078 0.00934103 0.0116586 0.014466 0.0178304 0.0218231 0.0265175 0.0319872 0.0383047 0.0455381 0.0537497 0.0629929 0.07331 0.0847298 0.0972654 0.110913 0.125649 0.141431 0.158198 0.175867 0.194338 0.213495 0.233204 0.253321 0.273692 0.294155 0.314546 0.3347 0.354453 0.373649 0.392137 0.409778 0.426441 0.442009 0.456377 0.469454 0.481159 0.491426 0.500198 0.50743 0.513086 0.517139 0.519572 0.520372 0.519536 0.517069 0.51298 0.507288 0.50002 0.491212 0.480909 0.469169 0.456059 0.441659 0.426062 0.409374 0.391714 0.373211 0.354006 0.334251 0.314103 0.293726 0.273283 0.25294 0.232857 0.213189 0.194078 0.175656 0.158038 0.141324 0.125594 0.110908 0.0973071 0.084814 0.0734316 0.0631458 0.0539277 0.0457348 0.0385137 0.0322026 0.0267337 0.0220352 0.018034 0.0146576 0.0118356 0.00950119 0.00759264 0.006054 0.00483586 0.00389591 0.0031992 0.00271839 0.00243421 
0.00263828 0.00272957 0.00302755 0.00354561 0.00430544 0.00533731 0.00667995 0.00838022 0.0104927 0.0130792 0.0162077 0.0199513 0.024387 0.0295936 0.03565 0.0426328 0.0506139 0.0596576 0.0698183 0.0811377 0.0936422 0.107341 0.122223 0.138259 0.155397 0.173564 0.192665 0.212589 0.233204 0.254364 0.275912 0.297679 0.319493 0.341178 0.36256 0.383467 0.403737 0.423216 0.44176 0.459238 0.475535 0.490547 0.504184 0.51637 0.527043 0.53615 0.54365 0.54951 0.553707 0.556225 0.557053 0.55619 0.553637 0.549405 0.543508 0.535972 0.526828 0.516117 0.503893 0.490219 0.475172 0.458843 0.441334 0.422765 0.403267 0.382983 0.362068 0.340688 0.319012 0.297215 0.275474 0.253959 0.232839 0.212271 0.192398 0.173351 0.155241 0.138159 0.122178 0.107348 0.0936977 0.0812362 0.0699537 0.0598233 0.050803 0.0428386 0.0358657 0.0298131 0.0246047 0.0201623 0.0164079 0.0132653 0.0106621 0.00853095 0.00681079 0.00544746 0.00439448 0.0036134 0.00307413 0.00275541 
0.00296931 0.00307171 0.00340486 0.00398347 0.00483136 0.00598172 0.00747692 0.00936818 0.011715 0.0145845 0.0180503 0.0221913 0.0270903 0.0328315 0.0394986 0.0471725 0.055928 0.0658313 0.0769372 0.0892859 0.102901 0.117786 0.133925 0.151278 0.169783 0.189357 0.209891 0.231261 0.253321 0.275912 0.298861 0.321989 0.34511 0.368039 0.390593 0.412593 0.433872 0.454271 0.473648 0.491871 0.508826 0.524412 0.538545 0.551152 0.562176 0.57157 0.579297 0.585329 0.589646 0.592235 0.593088 0.592202 0.589579 0.585227 0.57916 0.571396 0.561965 0.550902 0.538255 0.524083 0.508458 0.491466 0.473208 0.453801 0.433375 0.412077 0.390064 0.367506 0.344581 0.321473 0.298368 0.27545 0.252898 0.230885 0.209567 0.189089 0.169575 0.15113 0.133837 0.117756 0.102924 0.0893582 0.0770521 0.0659819 0.056107 0.0473727 0.0397127 0.0330526 0.0273123 0.0224086 0.0182581 0.0147789 0.011893 0.00952745 0.00761576 0.00609902 0.00492646 0.00405607 0.00345486 0.00309954 
0.00332115 0.00343529 0.00380549 0.00444783 0.00538831 0.0066631 0.00831833 0.0104096 0.0130014 0.0161662 0.0199834 0.0245377 0.0299174 0.0362119 0.0435099 0.0518956 0.0614469 0.0722311 0.0843027 0.0977001 0.112443 0.128529 0.145934 0.164611 0.184485 0.20546 0.227416 0.250213 0.273692 0.297679 0.321989 0.346428 0.370802 0.394913 0.41857 0.441592 0.463804 0.485047 0.505178 0.524067 0.541603 0.55769 0.572248 0.585211 0.596528 0.606158 0.614069 0.620239 0.624653 0.627299 0.628171 0.627268 0.624591 0.620145 0.61394 0.605993 0.596326 0.584969 0.571965 0.557365 0.541236 0.523659 0.50473 0.484563 0.463288 0.44105 0.418011 0.394342 0.37023 0.345865 0.321444 0.297162 0.273213 0.249779 0.227034 0.205136 0.184223 0.164414 0.145802 0.128459 0.112432 0.0977435 0.0843944 0.072364 0.0616134 0.052088 0.0437203 0.036433 0.0301422 0.0247601 0.0201979 0.0163684 0.0131876 0.010577 0.00846488 0.00678737 0.00548936 0.00452517 0.00385888 0.0034651 
0.00369184 0.00381829 0.0042272 0.00493605 0.00597305 0.00737743 0.00919909 0.0114981 0.0143439 0.0178144 0.0219947 0.0269751 0.0328494 0.0397121 0.0476561 0.0567694 0.0671317 0.0788113 0.0918618 0.106319 0.122197 0.139489 0.158162 0.178156 0.199388 0.221748 0.245102 0.269296 0.294155 0.319493 0.34511 0.370802 0.39636 0.421581 0.446267 0.470228 0.49329 0.515293 0.536092 0.555564 0.5736 0.59011 0.60502 0.618273 0.629823 0.639637 0.647689 0.653963 0.658447 0.661135 0.662022 0.661108 0.658392 0.653878 0.647572 0.639486 0.629636 0.618046 0.604751 0.589797 0.573242 0.555161 0.535645 0.514804 0.492764 0.469669 0.445683 0.42098 0.395752 0.370196 0.344518 0.318925 0.293621 0.268806 0.244664 0.221369 0.199073 0.177909 0.157982 0.139377 0.12215 0.106331 0.0919279 0.0789242 0.0672835 0.056952 0.0478611 0.0399315 0.0330756 0.0272013 0.0222149 0.0180235 0.0145376 0.0116731 0.00935299 0.0075084 0.00607989 0.00501801 0.00428391 0.00385006 
0.00407893 0.00421815 0.00466715 0.0054448 0.00658157 0.00811973 0.010113 0.0126259 0.0157328 0.0195172 0.0240694 0.0294854 0.0358644 0.0433057 0.0519061 0.0617566 0.0729388 0.0855211 0.0995556 0.115075 0.132088 0.15058 0.17051 0.191807 0.214375 0.238091 0.262808 0.288356 0.314546 0.341178 0.368039 0.394913 0.421581 0.447832 0.473461 0.498276 0.522099 0.544772 0.566152 0.58612 0.604572 0.621426 0.636615 0.65009 0.661813 0.671758 0.679907 0.686251 0.690781 0.693496 0.694394 0.693473 0.690734 0.686177 0.679806 0.671625 0.661645 0.649883 0.636366 0.621131 0.60423 0.585729 0.565713 0.544285 0.521569 0.497707 0.47286 0.447207 0.420942 0.39427 0.367404 0.340562 0.313961 0.287812 0.262315 0.237658 0.214007 0.191508 0.170283 0.150425 0.132002 0.115054 0.0995941 0.0856119 0.0730738 0.0619274 0.0521038 0.0435217 0.0360906 0.0297143 0.0242942 0.0197322 0.0159333 0.012808 0.0102738 0.00825711 0.00669397 0.00553125 0.00472709 0.00425184 
0.00447942 0.00463179 0.00512192 0.00597012 0.00720908 0.00888414 0.0110528 0.013784 0.017157 0.0212606 0.0261906 0.0320483 0.0389379 0.0469632 0.0562248 0.0668162 0.0788202 0.092305 0.10732 0.123895 0.142033 0.16171 0.182876 0.205449 0.229321 0.254355 0.280389 0.307238 0.3347 0.36256 0.390593 0.41857 0.446267 0.473461 0.499944 0.525521 0.550014 0.573265 0.595136 0.615512 0.634298 0.651417 0.666813 0.680443 0.69228 0.702306 0.710511 0.71689 0.721443 0.724171 0.725075 0.724153 0.721406 0.716831 0.710427 0.702194 0.692136 0.680261 0.666589 0.651147 0.633978 0.615141 0.594713 0.572789 0.549488 0.52495 0.499334 0.47282 0.445604 0.417897 0.38992 0.361901 0.334068 0.306643 0.279844 0.253869 0.228901 0.2051 0.182601 0.161511 0.141907 0.12384 0.10733 0.092372 0.0789368 0.0669735 0.0564137 0.0471744 0.0391627 0.0322786 0.026419 0.0214808 0.0173637 0.0139726 0.0112201 0.00902758 0.00732678 0.00606088 0.00518499 0.00466735 
0.00488984 0.00505561 0.00558756 0.00650743 0.00785011 0.00966396 0.0120102 0.0149622 0.018604 0.0230295 0.0283397 0.0346412 0.0420428 0.0506526 0.0605744 0.0719039 0.0847246 0.0991038 0.115089 0.132704 0.151946 0.172784 0.195155 0.218969 0.244102 0.270404 0.297699 0.325787 0.354453 0.383467 0.412593 0.441592 0.470228 0.498276 0.525521 0.551768 0.576837 0.600575 0.622848 0.643548 0.662585 0.679894 0.695426 0.709149 0.721044 0.731102 0.739322 0.745706 0.75026 0.752988 0.753892 0.752975 0.750234 0.745664 0.739259 0.731015 0.720927 0.708996 0.695232 0.679654 0.662294 0.643203 0.622447 0.600117 0.576323 0.551201 0.524909 0.497625 0.469548 0.440893 0.411889 0.382771 0.353779 0.325147 0.297105 0.269867 0.243631 0.21857 0.194833 0.17254 0.15178 0.132613 0.115068 0.0991459 0.0848214 0.0720464 0.060753 0.0508577 0.042265 0.0348718 0.0285708 0.023254 0.018816 0.0151568 0.0121836 0.00981307 0.00797283 0.00660228 0.00565363 0.00509297 
0.00530626 0.00548554 0.00605962 0.00705158 0.00849852 0.0104518 0.0129762 0.0161493 0.0200601 0.024807 0.0304965 0.0372397 0.0451501 0.0543395 0.0649146 0.0769728 0.0905979 0.105856 0.122791 0.141422 0.161739 0.183703 0.207241 0.232249 0.258592 0.286105 0.314597 0.343855 0.373649 0.403737 0.433872 0.463804 0.49329 0.522099 0.550014 0.576837 0.602393 0.626529 0.649118 0.670058 0.689271 0.706698 0.722301 0.736058 0.747959 0.758006 0.766205 0.772566 0.777099 0.779814 0.780717 0.779808 0.777085 0.772541 0.766165 0.757946 0.747873 0.735938 0.722142 0.706493 0.689015 0.669746 0.648745 0.626094 0.601897 0.576283 0.549406 0.521445 0.492599 0.463087 0.433143 0.40301 0.372937 0.343172 0.313957 0.28552 0.258072 0.231802 0.206873 0.183416 0.161534 0.141296 0.122739 0.105872 0.0906739 0.0770993 0.0650818 0.0545373 0.0453686 0.0374696 0.0307292 0.025035 0.0202767 0.0163492 0.013155 0.0106061 0.00862594 0.0071503 0.00612853 0.00552464 
0.00572436 0.00591714 0.00653319 0.00759696 0.00914765 0.0112395 0.0139408 0.0173333 0.0215104 0.0265755 0.0326394 0.0398182 0.0482292 0.0579879 0.0692033 0.0819743 0.0963843 0.112498 0.130355 0.149969 0.171325 0.194371 0.219027 0.245175 0.272667 0.301325 0.330943 0.361295 0.392137 0.423216 0.454271 0.485047 0.515293 0.544772 0.573265 0.600575 0.626529 0.650978 0.673803 0.694909 0.714225 0.731705 0.747319 0.761058 0.77292 0.782916 0.791062 0.797374 0.801869 0.804561 0.805458 0.804561 0.801868 0.797368 0.791046 0.782885 0.772866 0.760974 0.747199 0.731539 0.714007 0.694633 0.673464 0.650573 0.626057 0.600039 0.572668 0.544121 0.514598 0.484319 0.453523 0.422462 0.391392 0.360574 0.330261 0.300695 0.272101 0.244682 0.218614 0.194042 0.17108 0.149808 0.130272 0.112487 0.0964388 0.082084 0.0693583 0.0581774 0.0484431 0.0400465 0.032873 0.0268061 0.021731 0.017538 0.0141246 0.0113987 0.00927942 0.00769929 0.00660478 0.00595788 
0.00613949 0.0063456 0.00700304 0.00813754 0.00979037 0.0120185 0.0148937 0.0185016 0.0229397 0.0283161 0.034746 0.0423498 0.0512485 0.0615607 0.0733975 0.0868586 0.102027 0.118965 0.137708 0.158266 0.180613 0.204692 0.230408 0.257634 0.286208 0.315938 0.346606 0.377971 0.409778 0.44176 0.473648 0.505178 0.536092 0.566152 0.595136 0.622848 0.649118 0.673803 0.69679 0.717992 0.737349 0.754824 0.770398 0.784072 0.795855 0.805767 0.813832 0.820075 0.824517 0.827177 0.828064 0.827183 0.824529 0.820088 0.813842 0.805766 0.795836 0.784027 0.770318 0.7547 0.737173 0.717757 0.696489 0.673432 0.648676 0.622336 0.594556 0.565511 0.535399 0.504443 0.472886 0.440984 0.409005 0.377218 0.345887 0.315268 0.2856 0.257098 0.229952 0.204321 0.18033 0.15807 0.137595 0.118928 0.10206 0.0869512 0.0735396 0.0617413 0.051457 0.0425757 0.0349796 0.0285486 0.0231636 0.0187103 0.015082 0.0121821 0.00992616 0.00824323 0.00707712 0.00638789 
