0.00297166 0.00299903 0.00308784 0.00323882 0.00345285 0.00373113 0.00407515 0.00448663 0.0049675 0.00551982 0.00614571 0.00684732 0.0076267 0.00848577 0.00942621 0.0104494 0.0115563 0.0127474 0.0140227 0.0153815 0.0168223 0.018343 0.0199407 0.0216115 0.0233508 0.025153 0.0270115 0.0289191 0.0308673 0.0328472 0.0348488 0.0368617 0.0388746 0.0408757 0.042853 0.0447939 0.0466858 0.0485161 0.050272 0.0519411 0.0535115 0.0549715 0.0563103 0.0575177 0.0585843 0.0595019 0.0602634 0.0608627 0.061295 0.0615569 0.0616463 0.0615626 0.0613064 0.0608798 0.0602862 0.0595305 0.0586185 0.0575576 0.0563558 0.0550227 0.0535681 0.0520032 0.0503394 0.0485887 0.0467635 0.0448764 0.0429401 0.0409672 0.0389701 0.036961 0.0349515 0.0329528 0.0309755 0.0290294 0.0271235 0.0252661 0.0234645 0.0217253 0.020054 0.0184553 0.0169331 0.0154902 0.0141289 0.0128506 0.0116559 0.010545 0.00951745 0.00857219 0.00770795 0.00692306 0.00621565 0.00558369 0.00502507 0.0045377 0.00411955 0.00376873 0.00348354 0.00326252 0.0031045 0.00300881 
0.00299903 0.00302668 0.00311632 0.0032687 0.0034847 0.00376554 0.00411271 0.00452795 0.0050132 0.00557052 0.00620207 0.00691 0.00769638 0.00856313 0.00951195 0.0105442 0.0116609 0.0128625 0.0141489 0.0155195 0.0169727 0.0185066 0.020118 0.0218031 0.0235571 0.0253745 0.0272486 0.029172 0.0311365 0.0331327 0.0351508 0.0371801 0.0392093 0.0412266 0.0432198 0.0451763 0.0470833 0.0489281 0.0506978 0.0523801 0.0539628 0.0554343 0.0567835 0.0580002 0.0590751 0.0599998 0.0607671 0.061371 0.0618066 0.0620704 0.0621605 0.0620761 0.0618179 0.061388 0.0607898 0.0600281 0.0591091 0.0580398 0.0568287 0.055485 0.0540191 0.0524418 0.0507648 0.0490002 0.0471605 0.0452583 0.0433065 0.0413177 0.0393044 0.037279 0.0352531 0.033238 0.0312444 0.0292821 0.0273603 0.0254874 0.0236707 0.0219167 0.0202312 0.0186189 0.0170836 0.0156283 0.0142552 0.0129657 0.0117606 0.01064 0.00960334 0.00864972 0.0077778 0.00698592 0.00627219 0.00563457 0.00507093 0.00457917 0.00415725 0.00380326 0.00351549 0.00329248 0.00313304 0.00303649 
0.00308784 0.00311632 0.00320852 0.00336519 0.00358723 0.00387589 0.00423268 0.00465939 0.00515798 0.00573055 0.0063793 0.0071064 0.00791396 0.00880394 0.00977803 0.0108376 0.0119837 0.0132167 0.0145365 0.0159425 0.017433 0.0190059 0.0206581 0.0223855 0.0241834 0.0260458 0.0279661 0.0299366 0.0319488 0.0339932 0.0360597 0.0381375 0.0402148 0.0422797 0.0443196 0.0463217 0.048273 0.0501603 0.0519707 0.0536915 0.0553102 0.056815 0.0581947 0.0594388 0.0605378 0.0614831 0.0622675 0.0628848 0.06333 0.0635996 0.0636916 0.0636051 0.063341 0.0629013 0.0622896 0.0615107 0.0605709 0.0594774 0.0582388 0.0568646 0.0553652 0.0537519 0.0520364 0.0502311 0.0483488 0.0464024 0.044405 0.0423695 0.0403087 0.0382352 0.0361609 0.0340975 0.0320557 0.0300458 0.0280771 0.026158 0.0242964 0.0224988 0.020771 0.0191181 0.0175438 0.0160513 0.0146429 0.0133201 0.0120837 0.0109337 0.00986979 0.00889094 0.00799583 0.00718278 0.00644987 0.00579505 0.00521614 0.00471102 0.0042776 0.00391394 0.0036183 0.0033892 0.00322541 0.00312625 
0.00323882 0.0032687 0.00336519 0.00352906 0.00376125 0.00406303 0.00443598 0.00488191 0.00540287 0.006001 0.00667857 0.00743779 0.00828082 0.00920966 0.010226 0.0113313 0.0125265 0.013812 0.0151876 0.0166526 0.0182053 0.0198433 0.0215634 0.0233614 0.0252322 0.0271697 0.0291668 0.0312156 0.0333072 0.0354318 0.0375788 0.039737 0.0418943 0.0440381 0.0461556 0.0482334 0.050258 0.052216 0.0540938 0.0558783 0.0575568 0.0591169 0.060547 0.0618365 0.0629754 0.063955 0.0647677 0.0654071 0.0658683 0.0661475 0.0662425 0.0661527 0.0658788 0.0654229 0.0647888 0.0639814 0.0630071 0.0618735 0.0605894 0.0591645 0.0576097 0.0559365 0.0541572 0.0522845 0.0503315 0.0483117 0.0462386 0.0441256 0.041986 0.0398326 0.0376781 0.0355343 0.0334125 0.0313233 0.0292764 0.0272808 0.0253443 0.023474 0.0216759 0.0199551 0.0183158 0.0167614 0.0152941 0.0139157 0.0126269 0.0114279 0.0103184 0.0092973 0.00836338 0.00751488 0.00674987 0.00606622 0.00546173 0.0049342 0.00448149 0.00410162 0.00379278 0.00355344 0.00338235 0.00327881 
0.00345285 0.0034847 0.00358723 0.00376125 0.00400773 0.00432799 0.00472367 0.00519668 0.0057491 0.0063832 0.00710129 0.00790568 0.00879858 0.00978203 0.0108578 0.0120273 0.0132914 0.0146505 0.0161045 0.0176523 0.0192921 0.0210215 0.0228369 0.0247337 0.0267066 0.0287491 0.0308538 0.0330122 0.0352149 0.0374516 0.0397113 0.0419819 0.0442509 0.0465051 0.048731 0.0509145 0.0530416 0.0550982 0.0570701 0.0589436 0.0607054 0.0623427 0.0638433 0.0651961 0.0663907 0.0674181 0.0682703 0.0689407 0.069424 0.0697165 0.0698159 0.0697214 0.0694338 0.0689554 0.06829 0.0674428 0.0664204 0.0652308 0.0638831 0.0623876 0.0607555 0.0589988 0.0571303 0.0551634 0.0531118 0.0509895 0.0488107 0.0465894 0.0443395 0.0420745 0.0398077 0.0375515 0.0353178 0.0331177 0.0309615 0.0288586 0.0268173 0.0248451 0.0229484 0.0211326 0.0194023 0.0177609 0.0162111 0.0147545 0.0133922 0.0121244 0.0109508 0.0098705 0.00888204 0.00798373 0.00717357 0.00644939 0.00580891 0.00524985 0.00477001 0.0043673 0.00403988 0.00378613 0.00360477 0.00349507 
0.00373113 0.00376554 0.00387589 0.00406303 0.00432799 0.00467216 0.00509724 0.00560524 0.00619835 0.00687893 0.00764938 0.00851211 0.00946941 0.0105234 0.0116758 0.0129281 0.0142811 0.0157353 0.0172902 0.0189448 0.020697 0.022544 0.024482 0.0265061 0.0286105 0.0307882 0.0330312 0.0353305 0.0376761 0.040057 0.0424613 0.0448764 0.0472889 0.0496848 0.0520498 0.0543691 0.0566277 0.0588108 0.0609035 0.0628912 0.0647599 0.0664961 0.068087 0.0695209 0.070787 0.0718756 0.0727784 0.0734884 0.0740002 0.0743098 0.0744147 0.0743142 0.0740091 0.0735018 0.0727962 0.071898 0.070814 0.0695527 0.0681235 0.0665374 0.0648061 0.0629423 0.0609595 0.0588717 0.0566936 0.0544398 0.0521252 0.0497649 0.0473734 0.0449651 0.042554 0.0401533 0.0377758 0.0354331 0.0331363 0.0308953 0.0287192 0.0266159 0.0245922 0.0226542 0.0208065 0.0190531 0.0173968 0.0158395 0.0143825 0.013026 0.0117697 0.0106128 0.00955395 0.00859131 0.00772285 0.0069463 0.00625932 0.00565951 0.00514458 0.00471237 0.00436091 0.00408854 0.0038939 0.00377622 
0.00407515 0.00411271 0.00423268 0.00443598 0.00472367 0.00509724 0.0055585 0.00610953 0.00675267 0.00749037 0.00832517 0.00925958 0.010296 0.0114365 0.0126831 0.014037 0.0154992 0.0170699 0.0187486 0.020534 0.0224239 0.024415 0.0265032 0.0286831 0.0309484 0.0332915 0.0357037 0.0381754 0.0406956 0.0432527 0.0458338 0.0484253 0.0510131 0.053582 0.0561168 0.0586017 0.0610208 0.0633582 0.0655981 0.067725 0.0697241 0.0715808 0.0732819 0.0748146 0.0761677 0.0773309 0.0782953 0.0790536 0.0796001 0.0799304 0.0800421 0.0799343 0.0796078 0.0790653 0.0783109 0.0773505 0.0761915 0.0748427 0.0733143 0.0716177 0.0697655 0.0677711 0.0656489 0.0634138 0.0610813 0.058667 0.0561868 0.0536567 0.0510924 0.0485091 0.0459217 0.0433446 0.0407912 0.0382743 0.0358055 0.0333957 0.0310546 0.0287908 0.0266117 0.0245239 0.0225325 0.0206418 0.018855 0.0171743 0.015601 0.0141356 0.0127779 0.0115271 0.0103817 0.00934009 0.0084 0.00755911 0.00681497 0.00616508 0.00560702 0.00513851 0.0047575 0.00446223 0.00425126 0.00412377 
0.00448663 0.00452795 0.00465939 0.00488191 0.00519668 0.00560524 0.00610953 0.00671177 0.0074144 0.00822005 0.00913136 0.010151 0.0112814 0.0125248 0.0138831 0.0153577 0.0169494 0.0186584 0.0204839 0.0224244 0.0244774 0.0266393 0.0289054 0.0312698 0.0337256 0.0362644 0.0388768 0.0415522 0.0442789 0.0470441 0.049834 0.0526339 0.0554285 0.0582017 0.0609369 0.0636171 0.0662255 0.0687448 0.0711582 0.0734492 0.0756018 0.0776006 0.0794313 0.0810805 0.082536 0.0837869 0.0848239 0.0856391 0.0862263 0.0865811 0.0867007 0.0865843 0.0862327 0.0856487 0.0848368 0.0838033 0.0825559 0.0811041 0.0794588 0.0776321 0.0756375 0.0734892 0.0712027 0.0687939 0.0662793 0.0636758 0.0610003 0.05827 0.0555016 0.0527116 0.0499162 0.0471305 0.0443694 0.0416464 0.0389743 0.0363648 0.0338285 0.0313747 0.0290117 0.0267465 0.0245848 0.0225314 0.0205899 0.0187627 0.0170515 0.0154569 0.0139788 0.0126164 0.0113684 0.0102329 0.00920766 0.00829029 0.00747819 0.00676873 0.00615937 0.00564769 0.00523153 0.004909 0.00467859 0.00453944 
0.0049675 0.0050132 0.00515798 0.00540287 0.0057491 0.00619835 0.00675267 0.0074144 0.00818617 0.00907073 0.0100709 0.0111894 0.0124289 0.0137916 0.0152796 0.0168941 0.0186359 0.020505 0.0225006 0.0246207 0.0268626 0.029222 0.0316938 0.0342715 0.0369473 0.0397121 0.0425557 0.0454663 0.0484312 0.0514365 0.0544671 0.0575073 0.0605402 0.0635486 0.0665145 0.0694197 0.0722458 0.0749744 0.0775874 0.0800671 0.0823961 0.0845582 0.0865379 0.0883209 0.0898941 0.0912459 0.0923662 0.0932467 0.0938808 0.0942636 0.0943923 0.0942659 0.0938855 0.0932539 0.092376 0.0912584 0.0899095 0.0883394 0.0865597 0.0845835 0.0824251 0.0801 0.0776246 0.075016 0.0722919 0.0694705 0.0665702 0.0636092 0.0606058 0.0575777 0.0545424 0.0515163 0.0485155 0.0455548 0.042648 0.039808 0.0370462 0.0343729 0.0317972 0.0293268 0.0269681 0.0247265 0.0226058 0.0206091 0.0187381 0.0169938 0.0153761 0.0138844 0.0125172 0.0112728 0.0101487 0.00914256 0.00825153 0.00747289 0.00680393 0.00624209 0.00578507 0.00543087 0.00517788 0.00502517 
0.00551982 0.00557052 0.00573055 0.006001 0.0063832 0.00687893 0.00749037 0.00822005 0.00907073 0.0100453 0.0111469 0.0123782 0.013742 0.0152408 0.0168764 0.0186503 0.020563 0.0226144 0.0248034 0.0271278 0.0295842 0.0321681 0.0348735 0.0376933 0.0406188 0.0436401 0.0467456 0.0499228 0.0531576 0.0564347 0.059738 0.0630499 0.0663525 0.0696268 0.0728535 0.0760128 0.0790849 0.0820499 0.0848883 0.0875808 0.0901091 0.0924554 0.0946031 0.0965369 0.0982428 0.0997083 0.100923 0.101877 0.102563 0.102978 0.103117 0.102979 0.102566 0.101881 0.100929 0.0997163 0.098253 0.0965494 0.0946182 0.0924734 0.0901303 0.0876056 0.0849169 0.0820827 0.0791221 0.0760546 0.0729001 0.0696785 0.0664092 0.0631118 0.059805 0.0565069 0.0532346 0.0500046 0.0468318 0.0437303 0.0407127 0.0377904 0.0349732 0.0322698 0.0296874 0.0272317 0.0249074 0.0227178 0.020665 0.0187502 0.0169736 0.0153345 0.0138316 0.012463 0.0112262 0.0101188 0.00913771 0.00828012 0.00754312 0.00692402 0.00642035 0.00602998 0.0057512 0.00558302 
0.00614571 0.00620207 0.0063793 0.00667857 0.00710129 0.00764938 0.00832517 0.00913136 0.0100709 0.0111469 0.0123624 0.0137206 0.0152243 0.0168759 0.0186775 0.0206303 0.0227348 0.0249908 0.0273968 0.0299501 0.032647 0.0354823 0.0384494 0.0415401 0.0447449 0.0480529 0.0514513 0.0549262 0.0584624 0.062043 0.0656503 0.0692654 0.0728685 0.0764392 0.0799564 0.0833987 0.0867446 0.0899726 0.0930616 0.0959909 0.0987406 0.101292 0.103626 0.105727 0.107581 0.109172 0.110491 0.111527 0.112272 0.112722 0.112872 0.112722 0.112273 0.111528 0.110493 0.109175 0.107585 0.105733 0.103634 0.101301 0.0987531 0.0960064 0.0930805 0.0899953 0.0867715 0.0834301 0.0799926 0.0764805 0.0729151 0.0693174 0.0657078 0.062106 0.0585309 0.055 0.0515301 0.0481364 0.0448329 0.0416319 0.0385445 0.0355803 0.0327471 0.0300517 0.027499 0.0250931 0.0228363 0.0207302 0.018775 0.0169704 0.0153149 0.0138067 0.0124433 0.0112219 0.0101395 0.00919302 0.00837944 0.00769586 0.00713965 0.00670856 0.00640073 0.00621513 
0.00684732 0.00691 0.0071064 0.00743779 0.00790568 0.00851211 0.00925958 0.010151 0.0111894 0.0123782 0.0137206 0.01522 0.0168791 0.0187006 0.0206865 0.0228379 0.0251554 0.0276383 0.0302848 0.0330919 0.0360553 0.0391689 0.0424255 0.0458159 0.0493296 0.0529544 0.0566763 0.06048 0.0643486 0.0682639 0.0722065 0.0761556 0.0800898 0.0839868 0.0878237 0.0915773 0.0952243 0.0987414 0.102106 0.105295 0.108288 0.111064 0.113603 0.115889 0.117904 0.119634 0.121067 0.122192 0.123002 0.12349 0.123652 0.123489 0.123 0.12219 0.121064 0.119631 0.117901 0.115887 0.113603 0.111065 0.108291 0.1053 0.102114 0.0987528 0.0952396 0.091597 0.0878481 0.0840164 0.0801249 0.0761964 0.0722531 0.0683166 0.0644072 0.0605445 0.0567465 0.05303 0.0494104 0.0459014 0.0425151 0.0392622 0.0361515 0.0331904 0.0303847 0.0277388 0.0252558 0.0229373 0.020784 0.0187955 0.0169705 0.0153071 0.0138028 0.0124547 0.0112596 0.0102142 0.00931535 0.00855997 0.00794527 0.00746881 0.00712864 0.00692364 
0.0076267 0.00769638 0.00791396 0.00828082 0.00879858 0.00946941 0.010296 0.0112814 0.0124289 0.013742 0.0152243 0.0168791 0.0187094 0.020718 0.0229066 0.0252766 0.0278281 0.0305603 0.0334711 0.0365567 0.0398123 0.0432312 0.046805 0.0505238 0.0543756 0.058347 0.0624227 0.0665858 0.0708177 0.0750985 0.079407 0.0837205 0.0880157 0.0922683 0.0964535 0.100546 0.104521 0.108353 0.112017 0.115489 0.118746 0.121766 0.124528 0.127013 0.129203 0.131084 0.132641 0.133864 0.134743 0.135273 0.135449 0.135271 0.134739 0.133858 0.132634 0.131075 0.129194 0.127003 0.124518 0.121756 0.118738 0.115482 0.112012 0.108351 0.104523 0.100553 0.0964647 0.0922847 0.0880377 0.0837485 0.0794412 0.0751393 0.070865 0.0666396 0.062483 0.0584135 0.0544481 0.0506018 0.0468881 0.0433187 0.0399037 0.0366511 0.0335677 0.0306585 0.0279268 0.025375 0.0230037 0.0208129 0.0188014 0.0169671 0.0153076 0.0138198 0.0125005 0.011346 0.0103532 0.00951861 0.00883937 0.00831287 0.00793702 0.00771061 
0.00848577 0.00856313 0.00880394 0.00920966 0.00978203 0.0105234 0.0114365 0.0125248 0.0137916 0.0152408 0.0168759 0.0187006 0.020718 0.0229306 0.0253406 0.027949 0.0307557 0.0337596 0.036958 0.0403469 0.0439205 0.0476713 0.0515899 0.0556652 0.0598841 0.0642316 0.068691 0.0732435 0.0778689 0.0825455 0.0872498 0.0919574 0.0966428 0.10128 0.105841 0.110299 0.114628 0.118799 0.122786 0.126563 0.130105 0.133387 0.136389 0.139089 0.141468 0.143511 0.145201 0.146528 0.147483 0.148057 0.148248 0.148054 0.147476 0.146518 0.145188 0.143495 0.141451 0.13907 0.136369 0.133367 0.130084 0.126543 0.122768 0.118784 0.114616 0.110291 0.105837 0.101281 0.0966503 0.0919711 0.0872701 0.0825727 0.0779034 0.0732852 0.0687398 0.0642876 0.0599469 0.0557345 0.0516652 0.047752 0.0440059 0.0404364 0.0370506 0.0338545 0.030852 0.0280457 0.0254368 0.0230252 0.02081 0.0187892 0.0169601 0.0153197 0.0138644 0.0125908 0.011495 0.0105738 0.00982397 0.0092427 0.00882779 0.00857798 
0.00942621 0.00951195 0.00977803 0.010226 0.0108578 0.0116758 0.0126831 0.0138831 0.0152796 0.0168764 0.0186775 0.0206865 0.0229066 0.0253406 0.0279904 0.0308568 0.0339397 0.0372375 0.0407471 0.0444636 0.0483806 0.0524896 0.0567802 0.0612399 0.0658543 0.0706069 0.075479 0.0804505 0.0854989 0.0906006 0.09573 0.100861 0.105964 0.111013 0.115977 0.120828 0.125535 0.130069 0.134401 0.138504 0.14235 0.145914 0.149171 0.152101 0.154682 0.156896 0.158729 0.160168 0.161202 0.161824 0.162031 0.161819 0.161192 0.160153 0.15871 0.156873 0.154655 0.152072 0.14914 0.145881 0.142316 0.13847 0.134369 0.130038 0.125507 0.120804 0.115958 0.110999 0.105956 0.100858 0.0957348 0.0906129 0.085519 0.0804785 0.075515 0.0706508 0.065906 0.0612991 0.0568464 0.0525622 0.048459 0.0445471 0.0408347 0.0373284 0.0340329 0.0309512 0.0280849 0.0254342 0.0229983 0.0207751 0.0187621 0.0169561 0.0153534 0.0139502 0.0127428 0.0117274 0.0109008 0.01026 0.00980266 0.0095274 
0.0104494 0.0105442 0.0108376 0.0113313 0.0120273 0.0129281 0.014037 0.0153577 0.0168941 0.0186503 0.0206303 0.0228379 0.0252766 0.027949 0.0308568 0.034001 0.0373809 0.0409945 0.0448382 0.0489064 0.0531918 0.0576849 0.0623741 0.0672455 0.0722831 0.0774688 0.0827823 0.0882013 0.0937013 0.0992565 0.104839 0.110421 0.11597 0.121457 0.12685 0.132117 0.137227 0.142146 0.146845 0.151294 0.155462 0.159324 0.162853 0.166026 0.16882 0.171218 0.173202 0.174758 0.175877 0.17655 0.176773 0.176544 0.175864 0.174739 0.173176 0.171187 0.168785 0.165986 0.16281 0.159279 0.155415 0.151245 0.146797 0.142099 0.137182 0.132076 0.126813 0.121425 0.115944 0.110401 0.104827 0.0992522 0.0937054 0.088214 0.0828039 0.0774992 0.0723223 0.0672931 0.0624298 0.0577482 0.053262 0.0489827 0.0449197 0.0410803 0.0374699 0.0340922 0.030949 0.028041 0.0253673 0.0229262 0.020715 0.0187303 0.0169685 0.0154256 0.0140976 0.0129807 0.0120712 0.0113662 0.010863 0.0105603 
0.0115563 0.0116609 0.0119837 0.0125265 0.0132914 0.0142811 0.0154992 0.0169494 0.0186359 0.020563 0.0227348 0.0251554 0.0278281 0.0307557 0.0339397 0.0373809 0.0410782 0.0450292 0.0492296 0.0536731 0.0583514 0.0632538 0.0683673 0.0736769 0.0791647 0.0848109 0.0905932 0.0964871 0.102466 0.108502 0.114565 0.120624 0.126645 0.132596 0.138443 0.14415 0.149684 0.15501 0.160096 0.164909 0.169418 0.173594 0.177409 0.180837 0.183856 0.186446 0.188589 0.19027 0.191477 0.192204 0.192443 0.192195 0.191461 0.190245 0.188557 0.186407 0.183811 0.180786 0.177353 0.173534 0.169356 0.164845 0.160031 0.154946 0.149621 0.14409 0.138386 0.132545 0.1266 0.120585 0.114534 0.10848 0.102453 0.0964829 0.0905986 0.0848262 0.0791897 0.0737115 0.0684112 0.0633063 0.058412 0.053741 0.0493039 0.0451089 0.0411622 0.037468 0.0340287 0.0308453 0.0279172 0.0252427 0.0228191 0.020643 0.0187107 0.0170179 0.0155606 0.0143345 0.0133361 0.0125621 0.0120097 0.0116775 
0.0127474 0.0128625 0.0132167 0.013812 0.0146505 0.0157353 0.0170699 0.0186584 0.020505 0.0226144 0.0249908 0.0276383 0.0305603 0.0337596 0.0372375 0.0409945 0.0450292 0.0493386 0.0539177 0.0587594 0.0638541 0.0691902 0.0747532 0.0805264 0.0864903 0.0926231 0.0989005 0.105296 0.11178 0.118323 0.124892 0.131453 0.137971 0.144409 0.150732 0.156901 0.162881 0.168634 0.174126 0.179321 0.184186 0.18869 0.192804 0.196501 0.199755 0.202546 0.204854 0.206665 0.207966 0.208748 0.209006 0.208738 0.207946 0.206635 0.204815 0.202498 0.199699 0.196438 0.192735 0.188616 0.184108 0.179239 0.174043 0.168551 0.162798 0.156821 0.150655 0.144337 0.137905 0.131394 0.124841 0.118281 0.111747 0.105273 0.0988882 0.0926216 0.0864996 0.0805464 0.0747837 0.0692306 0.0639038 0.0588176 0.0539836 0.049411 0.045107 0.0410765 0.0373224 0.0338461 0.0306471 0.0277239 0.025074 0.0226939 0.0205797 0.0187271 0.0171317 0.0157892 0.0146959 0.0138482 0.0132433 0.0128797 
0.0140227 0.0141489 0.0145365 0.0151876 0.0161045 0.0172902 0.0187486 0.0204839 0.0225006 0.0248034 0.0273968 0.0302848 0.0334711 0.036958 0.0407471 0.0448382 0.0492296 0.0539177 0.0588967 0.0641585 0.0696926 0.0754857 0.0815221 0.0877832 0.0942479 0.100892 0.107689 0.114611 0.121626 0.1287 0.135799 0.142885 0.149922 0.15687 0.16369 0.170342 0.176787 0.182986 0.1889 0.194493 0.19973 0.204576 0.209001 0.212976 0.216475 0.219475 0.221956 0.223901 0.225299 0.226138 0.226415 0.226126 0.225275 0.223866 0.221909 0.219418 0.216408 0.212901 0.208918 0.204486 0.199634 0.194394 0.188798 0.182883 0.176684 0.170241 0.163592 0.156776 0.149834 0.142804 0.135725 0.128636 0.121572 0.114568 0.107658 0.100872 0.0942399 0.0877871 0.0815376 0.0755124 0.0697299 0.0642057 0.0589528 0.0539817 0.0493002 0.0449141 0.040827 0.0370405 0.0335547 0.0303681 0.0274783 0.0248819 0.0225747 0.0205524 0.0188105 0.0173444 0.0161503 0.0152243 0.0145636 0.0141666 
0.0153815 0.0155195 0.0159425 0.0166526 0.0176523 0.0189448 0.020534 0.0224244 0.0246207 0.0271278 0.0299501 0.0330919 0.0365567 0.0403469 0.0444636 0.0489064 0.0536731 0.0587594 0.0641585 0.0698615 0.0758564 0.0821288 0.0886612 0.0954333 0.102422 0.109601 0.116941 0.124412 0.13198 0.139608 0.147259 0.154893 0.16247 0.169948 0.177285 0.184439 0.191366 0.198027 0.204379 0.210385 0.216005 0.221206 0.225953 0.230216 0.233968 0.237183 0.239842 0.241927 0.243424 0.244324 0.244619 0.24431 0.243397 0.241886 0.239788 0.237117 0.23389 0.230127 0.225855 0.2211 0.215893 0.210267 0.204257 0.197902 0.191241 0.184315 0.177164 0.169831 0.162358 0.154789 0.147163 0.139521 0.131904 0.124348 0.116889 0.109561 0.102395 0.0954195 0.0886603 0.0821404 0.07588 0.0698963 0.0642036 0.0588136 0.0537353 0.0489752 0.0445375 0.0404244 0.0366364 0.0331722 0.0300294 0.0272046 0.0246938 0.0224923 0.0205956 0.018999 0.0176982 0.0166896 0.01597 0.0155376 
0.0168223 0.0169727 0.017433 0.0182053 0.0192921 0.020697 0.0224239 0.0244774 0.0268626 0.0295842 0.032647 0.0360553 0.0398123 0.0439205 0.0483806 0.0531918 0.0583514 0.0638541 0.0696926 0.0758564 0.0823326 0.089105 0.0961545 0.103459 0.110993 0.118728 0.126634 0.134675 0.142817 0.15102 0.159243 0.167444 0.175581 0.183607 0.191478 0.199149 0.206575 0.213712 0.220516 0.226947 0.232963 0.238528 0.243606 0.248166 0.252177 0.255615 0.258458 0.260686 0.262285 0.263246 0.263561 0.26323 0.262253 0.260638 0.258396 0.255539 0.252088 0.248064 0.243494 0.238406 0.232832 0.226809 0.220374 0.213566 0.206427 0.199001 0.191332 0.183465 0.175444 0.167315 0.159122 0.150909 0.142717 0.134588 0.126559 0.118667 0.110946 0.103426 0.0961356 0.0891 0.0823409 0.0758774 0.0697252 0.0638974 0.0584039 0.0532523 0.0484474 0.0439921 0.0398872 0.0361316 0.0327233 0.0296588 0.026934 0.0245442 0.0224848 0.0207509 0.019338 0.0182424 0.0174608 0.0169913 
0.018343 0.0185066 0.0190059 0.0198433 0.0210215 0.022544 0.024415 0.0266393 0.029222 0.0321681 0.0354823 0.0391689 0.0432312 0.0476713 0.0524896 0.0576849 0.0632538 0.0691902 0.0754857 0.0821288 0.089105 0.0963966 0.103983 0.111839 0.119938 0.128249 0.136739 0.145371 0.154106 0.162901 0.171715 0.180501 0.189213 0.197803 0.206224 0.214427 0.222365 0.229991 0.237259 0.244125 0.250547 0.256485 0.261902 0.266765 0.271042 0.274707 0.277737 0.280111 0.281815 0.282839 0.283175 0.282821 0.28178 0.280058 0.277667 0.274621 0.270941 0.26665 0.261774 0.256345 0.250397 0.243967 0.237095 0.229822 0.222194 0.214255 0.206053 0.197635 0.18905 0.180345 0.171568 0.162764 0.15398 0.145258 0.13664 0.128165 0.119869 0.111785 0.103944 0.0963735 0.0890967 0.0821346 0.0755047 0.0692212 0.0632955 0.0577359 0.0525483 0.047736 0.0433003 0.0392406 0.0355548 0.0322397 0.0292912 0.0267045 0.0244748 0.0225972 0.0210671 0.0198804 0.0190338 0.0185255 
0.0199407 0.020118 0.0206581 0.0215634 0.0228369 0.024482 0.0265032 0.0289054 0.0316938 0.0348735 0.0384494 0.0424255 0.046805 0.0515899 0.0567802 0.0623741 0.0683673 0.0747532 0.0815221 0.0886612 0.0961545 0.103983 0.112123 0.120549 0.129231 0.138135 0.147227 0.156465 0.16581 0.175215 0.184634 0.194019 0.203321 0.212489 0.221473 0.23022 0.238681 0.246806 0.254547 0.261858 0.268693 0.275011 0.280774 0.285946 0.290494 0.29439 0.297609 0.300132 0.301943 0.30303 0.303387 0.30301 0.301903 0.300073 0.297531 0.294293 0.29038 0.285817 0.28063 0.274855 0.268524 0.261679 0.254361 0.246614 0.238485 0.230023 0.221276 0.212295 0.203132 0.193837 0.18446 0.175051 0.165658 0.156327 0.147103 0.138027 0.129138 0.120473 0.112064 0.10394 0.0961282 0.0886505 0.0815261 0.0747707 0.0683971 0.0624145 0.0568298 0.0516468 0.0468675 0.0424916 0.0385174 0.0349416 0.0317602 0.0289685 0.0265615 0.0245341 0.0228818 0.0216002 0.020686 0.0201372 
0.0216115 0.0218031 0.0223855 0.0233614 0.0247337 0.0265061 0.0286831 0.0312698 0.0342715 0.0376933 0.0415401 0.0458159 0.0505238 0.0556652 0.0612399 0.0672455 0.0736769 0.0805264 0.0877832 0.0954333 0.103459 0.111839 0.120549 0.12956 0.13884 0.148353 0.158061 0.167921 0.177889 0.187916 0.197955 0.207952 0.217856 0.227613 0.237168 0.24647 0.255463 0.264095 0.272317 0.280078 0.287333 0.294037 0.30015 0.305634 0.310456 0.314585 0.317998 0.320671 0.32259 0.323741 0.324118 0.323719 0.322546 0.320606 0.317911 0.314479 0.31033 0.305491 0.29999 0.293862 0.287145 0.279879 0.272109 0.26388 0.255242 0.246247 0.236945 0.227391 0.217639 0.207741 0.197752 0.187725 0.177709 0.167755 0.15791 0.148219 0.138723 0.12946 0.120467 0.111776 0.103413 0.0954047 0.0877709 0.0805292 0.0736934 0.0672743 0.0612793 0.0557133 0.0505787 0.0458757 0.0416029 0.0377571 0.0343345 0.0313303 0.0287394 0.0265569 0.0247777 0.0233977 0.0224133 0.0218225 
0.0233508 0.0235571 0.0241834 0.0252322 0.0267066 0.0286105 0.0309484 0.0337256 0.0369473 0.0406188 0.0447449 0.0493296 0.0543756 0.0598841 0.0658543 0.0722831 0.0791647 0.0864903 0.0942479 0.102422 0.110993 0.119938 0.129231 0.13884 0.14873 0.158865 0.169202 0.179695 0.190298 0.200959 0.211626 0.222245 0.23276 0.243114 0.25325 0.263112 0.272644 0.281789 0.290496 0.298713 0.306391 0.313484 0.31995 0.325749 0.330847 0.335212 0.338818 0.341643 0.34367 0.344886 0.345284 0.344862 0.343622 0.341572 0.338724 0.335096 0.33071 0.325592 0.319775 0.313292 0.306184 0.298494 0.290266 0.281551 0.272399 0.262863 0.253 0.242865 0.232515 0.222006 0.211395 0.200738 0.19009 0.179501 0.169023 0.158704 0.148588 0.138716 0.129126 0.119853 0.110927 0.102374 0.0942181 0.0864772 0.079167 0.0722991 0.0658824 0.0599224 0.0544221 0.0493823 0.0448017 0.0406777 0.0370063 0.0337829 0.0310023 0.0286594 0.0267494 0.0252677 0.0242108 0.0235767 
0.025153 0.0253745 0.0260458 0.0271697 0.0287491 0.0307882 0.0332915 0.0362644 0.0397121 0.0436401 0.0480529 0.0529544 0.058347 0.0642316 0.0706069 0.0774688 0.0848109 0.0926231 0.100892 0.109601 0.118728 0.128249 0.138135 0.148353 0.158865 0.169631 0.180605 0.191741 0.202988 0.214291 0.225595 0.236842 0.247974 0.258931 0.269652 0.280079 0.290153 0.299815 0.30901 0.317685 0.325788 0.333271 0.340091 0.346206 0.35158 0.356181 0.359982 0.362958 0.365094 0.366375 0.366794 0.366349 0.365042 0.362881 0.35988 0.356055 0.351432 0.346036 0.3399 0.333062 0.325562 0.317445 0.308758 0.299553 0.289883 0.279804 0.269375 0.258654 0.2477 0.236574 0.225334 0.214041 0.20275 0.191519 0.180399 0.169442 0.158695 0.148203 0.138006 0.128141 0.11864 0.109533 0.100844 0.092593 0.0847978 0.0774711 0.0706227 0.0642592 0.0583842 0.052999 0.0481028 0.0436933 0.0397665 0.0363179 0.0333425 0.030835 0.0287904 0.0272042 0.0260728 0.0253941 
0.0270115 0.0272486 0.0279661 0.0291668 0.0308538 0.0330312 0.0357037 0.0388768 0.0425557 0.0467456 0.0514513 0.0566763 0.0624227 0.068691 0.075479 0.0827823 0.0905932 0.0989005 0.107689 0.116941 0.126634 0.136739 0.147227 0.158061 0.169202 0.180605 0.192225 0.20401 0.215905 0.227855 0.2398 0.25168 0.263432 0.274994 0.286304 0.297297 0.307914 0.318094 0.327777 0.33691 0.345438 0.353311 0.360484 0.366915 0.372565 0.377401 0.381395 0.384523 0.386766 0.388112 0.388552 0.388084 0.386711 0.38444 0.381285 0.377266 0.372405 0.366731 0.360279 0.353085 0.345193 0.336649 0.327503 0.317808 0.307619 0.296997 0.285999 0.274689 0.263129 0.251382 0.23951 0.227575 0.215638 0.203757 0.191989 0.180388 0.169004 0.157884 0.147072 0.136607 0.126523 0.116853 0.107621 0.0988524 0.0905637 0.0827698 0.0754817 0.0687068 0.0624497 0.0567121 0.0514938 0.0467925 0.0426048 0.0389261 0.0357514 0.0330755 0.0308932 0.0292002 0.0279925 0.0272682 
0.0289191 0.029172 0.0299366 0.0312156 0.0330122 0.0353305 0.0381754 0.0415522 0.0454663 0.0499228 0.0549262 0.06048 0.0665858 0.0732435 0.0804505 0.0882013 0.0964871 0.105296 0.114611 0.124412 0.134675 0.145371 0.156465 0.167921 0.179695 0.191741 0.20401 0.216446 0.228994 0.241592 0.25418 0.266693 0.279066 0.291234 0.30313 0.314689 0.325848 0.336543 0.346713 0.356301 0.365252 0.373513 0.381037 0.387781 0.393704 0.398774 0.40296 0.406238 0.408588 0.409998 0.410459 0.409968 0.408529 0.406149 0.402843 0.398629 0.393533 0.387584 0.380817 0.373271 0.364989 0.356021 0.346418 0.336234 0.325529 0.314363 0.302799 0.290901 0.278734 0.266365 0.25386 0.241282 0.228696 0.216164 0.203744 0.191495 0.179469 0.167717 0.156285 0.145213 0.134541 0.124301 0.114522 0.105229 0.0964404 0.0881731 0.0804391 0.0732469 0.0666018 0.0605063 0.0549606 0.0499628 0.0455097 0.0415968 0.0382193 0.0353719 0.0330495 0.0312476 0.0299623 0.0291916 
0.0308673 0.0311365 0.0319488 0.0333072 0.0352149 0.0376761 0.0406956 0.0442789 0.0484312 0.0531576 0.0584624 0.0643486 0.0708177 0.0778689 0.0854989 0.0937013 0.102466 0.11178 0.121626 0.13198 0.142817 0.154106 0.16581 0.177889 0.190298 0.202988 0.215905 0.228994 0.242192 0.255439 0.268667 0.281812 0.294803 0.307573 0.320053 0.332175 0.343871 0.355077 0.36573 0.375769 0.385138 0.393782 0.401653 0.408706 0.4149 0.4202 0.424575 0.428001 0.430457 0.43193 0.432412 0.431899 0.430395 0.427907 0.424451 0.420047 0.414718 0.408497 0.401419 0.393524 0.384858 0.37547 0.365413 0.354746 0.343528 0.331823 0.319695 0.307212 0.294443 0.281455 0.268317 0.255098 0.241864 0.228681 0.21561 0.202712 0.190043 0.177657 0.165602 0.153922 0.142659 0.131846 0.121516 0.111694 0.102401 0.0936568 0.0854728 0.0778592 0.0708221 0.0643648 0.0584879 0.0531901 0.0484683 0.0443184 0.0407354 0.0377142 0.0352498 0.0333376 0.0319735 0.0311558 
0.0328472 0.0331327 0.0339932 0.0354318 0.0374516 0.040057 0.0432527 0.0470441 0.0514365 0.0564347 0.062043 0.0682639 0.0750985 0.0825455 0.0906006 0.0992565 0.108502 0.118323 0.1287 0.139608 0.15102 0.162901 0.175215 0.187916 0.200959 0.214291 0.227855 0.241592 0.255439 0.269329 0.283194 0.296964 0.310568 0.323935 0.336992 0.349669 0.361897 0.373608 0.384736 0.39522 0.405 0.414022 0.422234 0.429591 0.436051 0.441577 0.446138 0.449709 0.452269 0.453804 0.454306 0.453771 0.452203 0.44961 0.446008 0.441415 0.435859 0.429371 0.421987 0.413749 0.404703 0.394902 0.384399 0.373255 0.361531 0.349292 0.336608 0.323547 0.31018 0.296578 0.282814 0.268958 0.25508 0.241249 0.22753 0.213985 0.200676 0.187656 0.174979 0.162692 0.150836 0.139451 0.128568 0.118216 0.108419 0.0991949 0.090559 0.0825219 0.0750907 0.0682693 0.0620592 0.0564592 0.0514668 0.047078 0.0432879 0.0400916 0.0374839 0.0354604 0.034017 0.0331518 
0.0348488 0.0351508 0.0360597 0.0375788 0.0397113 0.0424613 0.0458338 0.049834 0.0544671 0.059738 0.0656503 0.0722065 0.079407 0.0872498 0.09573 0.104839 0.114565 0.124892 0.135799 0.147259 0.159243 0.171715 0.184634 0.197955 0.211626 0.225595 0.2398 0.25418 0.268667 0.283194 0.297688 0.312076 0.326284 0.340238 0.353864 0.367088 0.379838 0.392044 0.403639 0.414558 0.424742 0.434134 0.44268 0.450334 0.457054 0.462801 0.467544 0.471256 0.473918 0.475514 0.476035 0.475479 0.473849 0.471153 0.467407 0.462631 0.456853 0.450103 0.44242 0.433846 0.42443 0.414223 0.403283 0.39167 0.379449 0.366687 0.353455 0.339824 0.325868 0.311662 0.297279 0.282794 0.268279 0.253806 0.239445 0.225259 0.211314 0.197666 0.184371 0.171479 0.159034 0.147078 0.135644 0.124764 0.114463 0.10476 0.0956724 0.0872118 0.0793863 0.0722006 0.0656566 0.059754 0.0544903 0.0498619 0.0458641 0.0424921 0.0397407 0.0376054 0.0360824 0.0351696 
0.0368617 0.0371801 0.0381375 0.039737 0.0419819 0.0448764 0.0484253 0.0526339 0.0575073 0.0630499 0.0692654 0.0761556 0.0837205 0.0919574 0.100861 0.110421 0.120624 0.131453 0.142885 0.154893 0.167444 0.180501 0.194019 0.207952 0.222245 0.236842 0.25168 0.266693 0.281812 0.296964 0.312076 0.327071 0.341872 0.356402 0.370585 0.384343 0.397604 0.410294 0.422345 0.43369 0.444267 0.454018 0.46289 0.470833 0.477805 0.483767 0.488687 0.492537 0.495297 0.496952 0.497492 0.496916 0.495225 0.49243 0.488544 0.483591 0.477596 0.470592 0.462618 0.453717 0.443939 0.433338 0.42197 0.4099 0.397194 0.38392 0.370151 0.355963 0.341429 0.326629 0.311638 0.296535 0.281394 0.26629 0.251295 0.236477 0.221904 0.207635 0.193729 0.180238 0.167211 0.154688 0.142709 0.131304 0.120502 0.110323 0.100787 0.0919047 0.0836866 0.076138 0.0692615 0.0630571 0.0575229 0.0526555 0.0484505 0.0449031 0.0420082 0.0397614 0.0381588 0.0371985 
0.0388746 0.0392093 0.0402148 0.0418943 0.0442509 0.0472889 0.0510131 0.0554285 0.0605402 0.0663525 0.0728685 0.0800898 0.0880157 0.0966428 0.105964 0.11597 0.126645 0.137971 0.149922 0.16247 0.175581 0.189213 0.203321 0.217856 0.23276 0.247974 0.263432 0.279066 0.294803 0.310568 0.326284 0.341872 0.357252 0.372344 0.387069 0.401348 0.415106 0.428266 0.440759 0.452517 0.463476 0.473576 0.482763 0.490986 0.498202 0.504372 0.509462 0.513446 0.516301 0.518012 0.518572 0.517975 0.516226 0.513334 0.509315 0.504189 0.497985 0.490735 0.48248 0.473263 0.463135 0.45215 0.440368 0.427854 0.414675 0.400903 0.386613 0.37188 0.356784 0.341404 0.325819 0.310111 0.294356 0.278634 0.263018 0.24758 0.23239 0.217511 0.203004 0.188924 0.175321 0.162241 0.149723 0.1378 0.126503 0.115855 0.105874 0.0965749 0.0879682 0.0800602 0.0728541 0.0663505 0.060548 0.0554435 0.0510328 0.0473112 0.0442739 0.0419164 0.0402348 0.0392273 
0.0408757 0.0412266 0.0422797 0.0440381 0.0465051 0.0496848 0.053582 0.0582017 0.0635486 0.0696268 0.0764392 0.0839868 0.0922683 0.10128 0.111013 0.121457 0.132596 0.144409 0.15687 0.169948 0.183607 0.197803 0.212489 0.227613 0.243114 0.258931 0.274994 0.291234 0.307573 0.323935 0.340238 0.356402 0.372344 0.387982 0.403232 0.418016 0.432253 0.445869 0.45879 0.470946 0.482272 0.492709 0.502199 0.510692 0.518143 0.524513 0.529767 0.533878 0.536825 0.538591 0.539168 0.538553 0.536748 0.533764 0.529615 0.524324 0.517919 0.510433 0.501906 0.492384 0.481918 0.470564 0.458382 0.445439 0.431804 0.41755 0.402754 0.387494 0.371852 0.355908 0.339747 0.32345 0.307098 0.290773 0.274551 0.258508 0.242715 0.22724 0.212145 0.197488 0.183322 0.169695 0.156648 0.144217 0.132434 0.121323 0.110906 0.101196 0.0922071 0.0839449 0.0764139 0.0696154 0.0635483 0.0582099 0.0535962 0.0497027 0.0465247 0.0440579 0.0422983 0.0412441 
0.042853 0.0432198 0.0443196 0.0461556 0.048731 0.0520498 0.0561168 0.0609369 0.0665145 0.0728535 0.0799564 0.0878237 0.0964535 0.105841 0.115977 0.12685 0.138443 0.150732 0.16369 0.177285 0.191478 0.206224 0.221473 0.237168 0.25325 0.269652 0.286304 0.30313 0.320053 0.336992 0.353864 0.370585 0.387069 0.403232 0.41899 0.434259 0.448959 0.463012 0.476343 0.488881 0.500561 0.511319 0.5211 0.529851 0.537527 0.544088 0.549499 0.553733 0.556767 0.558586 0.55918 0.558546 0.556688 0.553615 0.549343 0.543894 0.537297 0.529585 0.520799 0.510985 0.500195 0.488487 0.475921 0.462566 0.448492 0.433774 0.418491 0.402723 0.386553 0.370066 0.353347 0.336481 0.319551 0.302642 0.285833 0.269202 0.252824 0.236769 0.221101 0.205883 0.191169 0.177008 0.163445 0.150519 0.13826 0.126698 0.115853 0.105742 0.0963784 0.0877694 0.0799202 0.0728326 0.066506 0.0609381 0.0561253 0.0520631 0.0487471 0.0461728 0.0443367 0.0432368 
0.0447939 0.0451763 0.0463217 0.0482334 0.0509145 0.0543691 0.0586017 0.0636171 0.0694197 0.0760128 0.0833987 0.0915773 0.100546 0.110299 0.120828 0.132117 0.14415 0.156901 0.170342 0.184439 0.199149 0.214427 0.23022 0.24647 0.263112 0.280079 0.297297 0.314689 0.332175 0.349669 0.367088 0.384343 0.401348 0.418016 0.434259 0.449993 0.465135 0.479606 0.493329 0.506233 0.518249 0.529314 0.539371 0.548368 0.556258 0.563001 0.568561 0.572911 0.576028 0.577897 0.578507 0.577857 0.575948 0.572791 0.568402 0.562803 0.556022 0.548095 0.539062 0.528971 0.517873 0.505826 0.492894 0.479145 0.464652 0.44949 0.433741 0.417486 0.400811 0.383802 0.366547 0.349133 0.331647 0.314175 0.2968 0.279603 0.26266 0.246044 0.229823 0.214061 0.198815 0.184138 0.170075 0.156667 0.143948 0.131947 0.120687 0.110186 0.100457 0.0915106 0.0833515 0.0759823 0.0694029 0.0636114 0.0586044 0.0543777 0.050927 0.0482481 0.0463372 0.0451927 
0.0466858 0.0470833 0.048273 0.050258 0.0530416 0.0566277 0.0610208 0.0662255 0.0722458 0.0790849 0.0867446 0.0952243 0.104521 0.114628 0.125535 0.137227 0.149684 0.162881 0.176787 0.191366 0.206575 0.222365 0.238681 0.255463 0.272644 0.290153 0.307914 0.325848 0.343871 0.361897 0.379838 0.397604 0.415106 0.432253 0.448959 0.465135 0.480698 0.495565 0.509661 0.52291 0.535245 0.546602 0.556921 0.56615 0.574242 0.581157 0.586858 0.591317 0.594513 0.596428 0.597054 0.596388 0.594431 0.591195 0.586696 0.580955 0.574002 0.565871 0.556605 0.54625 0.53486 0.522493 0.509214 0.495092 0.4802 0.464616 0.448423 0.431704 0.414547 0.397041 0.379274 0.361337 0.34332 0.325309 0.307392 0.289651 0.272165 0.255011 0.238259 0.221975 0.206218 0.191043 0.176499 0.162626 0.149463 0.137038 0.125377 0.114499 0.104418 0.0951454 0.0866866 0.0790449 0.0722208 0.0662127 0.0610177 0.0566317 0.0530505 0.0502701 0.0482869 0.0470991 
0.0485161 0.0489281 0.0501603 0.052216 0.0550982 0.0588108 0.0633582 0.0687448 0.0749744 0.0820499 0.0899726 0.0987414 0.108353 0.118799 0.130069 0.142146 0.15501 0.168634 0.182986 0.198027 0.213712 0.229991 0.246806 0.264095 0.281789 0.299815 0.318094 0.336543 0.355077 0.373608 0.392044 0.410294 0.428266 0.445869 0.463012 0.479606 0.495565 0.510808 0.525254 0.53883 0.551465 0.563095 0.57366 0.583108 0.59139 0.598465 0.604299 0.608861 0.61213 0.61409 0.614731 0.614049 0.612048 0.608738 0.604134 0.59826 0.591145 0.582824 0.573339 0.562736 0.551072 0.538403 0.524797 0.510322 0.495054 0.479073 0.46246 0.445303 0.427689 0.409711 0.391459 0.373026 0.354503 0.335981 0.317547 0.299289 0.281287 0.26362 0.24636 0.229577 0.213332 0.197682 0.182676 0.16836 0.154771 0.14194 0.129895 0.118655 0.108237 0.0986505 0.0899039 0.0820005 0.0749413 0.0687251 0.0633493 0.0588101 0.0551035 0.0522255 0.0501726 0.0489433 
0.050272 0.0506978 0.0519707 0.0540938 0.0570701 0.0609035 0.0655981 0.0711582 0.0775874 0.0848883 0.0930616 0.102106 0.112017 0.122786 0.134401 0.146845 0.160096 0.174126 0.1889 0.204379 0.220516 0.237259 0.254547 0.272317 0.290496 0.30901 0.327777 0.346713 0.36573 0.384736 0.403639 0.422345 0.440759 0.45879 0.476343 0.493329 0.509661 0.525254 0.540029 0.553909 0.566825 0.57871 0.589506 0.599157 0.607616 0.614842 0.620798 0.625457 0.628795 0.630795 0.631449 0.630754 0.628711 0.625332 0.620632 0.614635 0.607368 0.598869 0.589179 0.578346 0.566425 0.553475 0.539562 0.524758 0.509138 0.492782 0.475776 0.458207 0.440165 0.421743 0.403035 0.384134 0.365134 0.346129 0.327209 0.308461 0.289971 0.271818 0.254079 0.236823 0.220115 0.204013 0.188571 0.173833 0.159839 0.146623 0.134212 0.122628 0.111888 0.102003 0.0929825 0.0848297 0.0775464 0.0711318 0.0655835 0.0608982 0.0570719 0.0541008 0.0519815 0.0507125 
0.0519411 0.0523801 0.0536915 0.0558783 0.0589436 0.0628912 0.067725 0.0734492 0.0800671 0.0875808 0.0959909 0.105295 0.115489 0.126563 0.138504 0.151294 0.164909 0.179321 0.194493 0.210385 0.226947 0.244125 0.261858 0.280078 0.298713 0.317685 0.33691 0.356301 0.375769 0.39522 0.414558 0.43369 0.452517 0.470946 0.488881 0.506233 0.52291 0.53883 0.553909 0.568073 0.581249 0.593371 0.604379 0.614219 0.622842 0.630206 0.636277 0.641024 0.644425 0.646464 0.64713 0.646422 0.644341 0.640898 0.636109 0.629997 0.622591 0.613928 0.604048 0.593002 0.580842 0.567631 0.553435 0.538324 0.522377 0.505674 0.488302 0.470349 0.451907 0.433071 0.413936 0.394598 0.375154 0.355697 0.33632 0.317114 0.298166 0.279558 0.261368 0.243668 0.226525 0.209999 0.194145 0.17901 0.164635 0.151055 0.1383 0.126391 0.115348 0.105182 0.0959018 0.0875134 0.0800183 0.0734162 0.067705 0.0628815 0.058942 0.0558828 0.0537007 0.0523942 
0.0535115 0.0539628 0.0553102 0.0575568 0.0607054 0.0647599 0.0697241 0.0756018 0.0823961 0.0901091 0.0987406 0.108288 0.118746 0.130105 0.14235 0.155462 0.169418 0.184186 0.19973 0.216005 0.232963 0.250547 0.268693 0.287333 0.306391 0.325788 0.345438 0.365252 0.385138 0.405 0.424742 0.444267 0.463476 0.482272 0.500561 0.518249 0.535245 0.551465 0.566825 0.581249 0.594663 0.607003 0.618206 0.628219 0.636993 0.644485 0.650659 0.655488 0.658947 0.66102 0.661698 0.660978 0.658862 0.655361 0.65049 0.644274 0.63674 0.627926 0.617873 0.60663 0.594252 0.580801 0.566343 0.550951 0.534702 0.51768 0.49997 0.481662 0.462852 0.443633 0.424104 0.404362 0.384504 0.364628 0.344829 0.325198 0.305824 0.286793 0.268184 0.25007 0.232522 0.215601 0.199363 0.183858 0.169128 0.155209 0.142132 0.12992 0.118593 0.108164 0.098642 0.0900333 0.0823401 0.0755625 0.0696987 0.0647459 0.0607005 0.0575589 0.0553179 0.0539763 
0.0549715 0.0554343 0.056815 0.0591169 0.0623427 0.0664961 0.0715808 0.0776006 0.0845582 0.0924554 0.101292 0.111064 0.121766 0.133387 0.145914 0.159324 0.173594 0.18869 0.204576 0.221206 0.238528 0.256485 0.275011 0.294037 0.313484 0.333271 0.353311 0.373513 0.393782 0.414022 0.434134 0.454018 0.473576 0.492709 0.511319 0.529314 0.546602 0.563095 0.57871 0.593371 0.607003 0.61954 0.630921 0.641091 0.650001 0.657608 0.663878 0.66878 0.672291 0.674396 0.675085 0.674354 0.672206 0.668652 0.663708 0.657396 0.649747 0.640795 0.630585 0.619164 0.606588 0.592918 0.578223 0.562574 0.546051 0.528736 0.510718 0.492087 0.472939 0.453371 0.433481 0.413368 0.393132 0.372872 0.352685 0.332663 0.312899 0.293479 0.274484 0.255991 0.23807 0.220785 0.204193 0.188347 0.173289 0.159057 0.145683 0.133191 0.121602 0.11093 0.101184 0.0923717 0.0844953 0.0775554 0.0715506 0.0664781 0.0623346 0.0591167 0.0568213 0.0554471 
