0.00381471 0.00384675 0.00394987 0.00412479 0.0043723 0.00469347 0.00508963 0.00556229 0.00611312 0.00674391 0.00745644 0.00825248 0.00913368 0.0101015 0.0111571 0.0123013 0.0135346 0.0148568 0.0162673 0.0177646 0.0193467 0.0210109 0.0227533 0.0245696 0.0264543 0.0284011 0.0304029 0.0324517 0.0345386 0.0366539 0.0387872 0.0409274 0.043063 0.0451816 0.0472709 0.0493181 0.0513101 0.0532341 0.0550773 0.056827 0.0584711 0.0599979 0.0613966 0.0626567 0.0637691 0.0647254 0.0655185 0.0661423 0.0665921 0.0668644 0.0669572 0.0668698 0.0666028 0.0661584 0.06554 0.0647523 0.0638014 0.0626944 0.0614396 0.0600464 0.0585249 0.0568861 0.0551416 0.0533036 0.0513846 0.0493975 0.047355 0.0452702 0.0431557 0.0410241 0.0388875 0.0367575 0.0346451 0.0325607 0.0305139 0.0285136 0.0265678 0.0246836 0.0228673 0.0211243 0.0194591 0.0178753 0.0163757 0.0149626 0.0136371 0.0124001 0.0112516 0.0101913 0.0092184 0.00833171 0.00752982 0.00681111 0.00617387 0.00561632 0.00513673 0.00473346 0.00440503 0.00415015 0.00396778 0.00385738 
0.00384675 0.00387907 0.00398307 0.00415946 0.00440905 0.0047329 0.00513235 0.00560893 0.00616432 0.00680031 0.00751869 0.00832125 0.00920964 0.0101853 0.0112495 0.0124029 0.0136461 0.0149789 0.0164005 0.0179097 0.0195043 0.0211815 0.0229375 0.0247679 0.0266671 0.0286289 0.030646 0.0327103 0.034813 0.0369442 0.0390935 0.0412497 0.043401 0.0455353 0.04764 0.0497021 0.0517086 0.0536465 0.055503 0.0572653 0.0589211 0.0604589 0.0618674 0.0631365 0.0642568 0.0652199 0.0660185 0.0666467 0.0670996 0.0673738 0.0674672 0.0673791 0.0671102 0.0666626 0.0660398 0.0652465 0.0642888 0.0631739 0.0619101 0.0605069 0.0589745 0.0573239 0.0555669 0.0537155 0.0517826 0.049781 0.0477236 0.0456234 0.0434934 0.041346 0.0391934 0.0370475 0.0349192 0.032819 0.0307567 0.0287412 0.0267804 0.0248818 0.0230514 0.0212949 0.0196166 0.0180204 0.016509 0.0150847 0.0137487 0.0125017 0.0113441 0.0102752 0.00929448 0.00840061 0.00759221 0.00686765 0.0062252 0.00566308 0.00517956 0.00477299 0.00444186 0.00418489 0.00400104 0.00388974 
0.00394987 0.00398307 0.00408974 0.00427062 0.00452651 0.00485851 0.00526797 0.00575644 0.00632563 0.00697735 0.00771343 0.00853565 0.00944569 0.010445 0.0115348 0.012716 0.0139888 0.0153531 0.0168083 0.0183527 0.0199844 0.0217003 0.0234967 0.0253688 0.0273111 0.029317 0.0313793 0.0334896 0.0356387 0.0378167 0.0400129 0.0422159 0.0444137 0.0465938 0.0487434 0.0508492 0.0528982 0.0548769 0.0567721 0.0585712 0.0602614 0.0618309 0.0632685 0.0645636 0.0657068 0.0666895 0.0675044 0.0681453 0.0686073 0.068887 0.0689821 0.0688921 0.0686176 0.0681608 0.0675251 0.0667154 0.0657379 0.0646 0.0633101 0.0618778 0.0603135 0.0586285 0.0568346 0.0549444 0.0529707 0.0509267 0.0488255 0.0466805 0.0445046 0.0423109 0.0401116 0.0379188 0.0357437 0.0335972 0.0314891 0.0294285 0.0274237 0.0254821 0.0236101 0.0218133 0.0200964 0.0184632 0.0169166 0.0154589 0.0140914 0.0128149 0.0116296 0.0105352 0.00953081 0.00861531 0.00778726 0.00704502 0.00638683 0.00581091 0.00531547 0.00489886 0.00455955 0.00429624 0.00410785 0.00399384 
0.00412479 0.00415946 0.00427062 0.00445902 0.00472547 0.00507112 0.00549733 0.00600571 0.006598 0.00727604 0.0080417 0.0088968 0.00984304 0.0108819 0.0120146 0.0132419 0.0145641 0.0159811 0.0174921 0.0190954 0.0207889 0.0225694 0.0244328 0.0263744 0.0283883 0.0304677 0.032605 0.0347916 0.0370179 0.0392736 0.0415477 0.0438284 0.0461032 0.0483593 0.0505834 0.0527619 0.0548811 0.0569273 0.058887 0.0607469 0.062494 0.0641162 0.0656019 0.0669401 0.0681212 0.0691365 0.0699782 0.0706401 0.0711173 0.071406 0.0715041 0.0714109 0.0711271 0.0706549 0.0699979 0.0691611 0.0681509 0.0669748 0.0656416 0.0641611 0.062544 0.0608019 0.0589472 0.0569925 0.0549512 0.0528369 0.0506631 0.0484436 0.0461918 0.0439211 0.0416442 0.0393736 0.037121 0.0348974 0.0327132 0.0305777 0.0284996 0.0264866 0.0245453 0.0226816 0.0209003 0.0192055 0.0176002 0.0160868 0.0146668 0.013341 0.0121096 0.0109724 0.00992859 0.00897694 0.00811604 0.00734422 0.00665971 0.00606067 0.00554529 0.00511188 0.00475887 0.00448493 0.00428896 0.00417039 
0.0043723 0.00440905 0.00452651 0.00472547 0.00500678 0.00537161 0.00582138 0.00635773 0.00698247 0.00769748 0.00850469 0.00940596 0.010403 0.0114973 0.0126901 0.0139822 0.0153738 0.0168646 0.0184538 0.0201396 0.0219196 0.0237904 0.0257479 0.0277867 0.0299008 0.032083 0.0343252 0.0366184 0.0389527 0.0413171 0.0437001 0.0460892 0.0484717 0.0508339 0.053162 0.0554418 0.0576591 0.0597996 0.0618491 0.0637939 0.0656204 0.0673161 0.0688687 0.0702671 0.0715011 0.0725617 0.0734409 0.0741322 0.0746303 0.0749317 0.0750339 0.0749362 0.0746394 0.0741458 0.0734591 0.0725846 0.0715287 0.0702995 0.0689059 0.0673581 0.0656674 0.0638457 0.0619059 0.0598613 0.0577258 0.0555133 0.0532382 0.0509147 0.0485569 0.0461787 0.0437934 0.0414141 0.039053 0.0367217 0.0344311 0.0321909 0.0300103 0.0278973 0.025859 0.0239016 0.0220302 0.0202491 0.0185616 0.0169701 0.0154764 0.0140815 0.0127855 0.0115883 0.0104891 0.0094867 0.00857968 0.00776634 0.00704485 0.00641334 0.00586995 0.00541293 0.00504067 0.00475179 0.00454516 0.0044202 
0.00469347 0.0047329 0.00485851 0.00507112 0.00537161 0.0057612 0.00624137 0.00681383 0.00748044 0.00824316 0.00910396 0.0100648 0.0111273 0.0122932 0.0135635 0.014939 0.0164199 0.0180058 0.0196957 0.0214877 0.023379 0.0253661 0.0274444 0.0296083 0.0318512 0.0341655 0.0365426 0.0389729 0.0414457 0.0439497 0.0464724 0.0490009 0.0515214 0.0540198 0.0564813 0.0588911 0.0612342 0.0634955 0.0656602 0.0677137 0.0696421 0.0714318 0.0730703 0.0745458 0.0758476 0.0769662 0.0778934 0.0786222 0.0791474 0.0794648 0.0795723 0.0794689 0.0791555 0.0786345 0.0779098 0.0769868 0.0758725 0.0745751 0.0731041 0.0714702 0.0696851 0.0677615 0.0657127 0.0635528 0.0612963 0.058958 0.0565529 0.054096 0.0516022 0.049086 0.0465617 0.0440428 0.0415424 0.0390728 0.0366454 0.0342706 0.0319583 0.0297168 0.0275538 0.0254758 0.0234885 0.0215963 0.0198029 0.018111 0.0165225 0.0150384 0.0136592 0.0123846 0.011214 0.0101462 0.00917973 0.00831283 0.00754365 0.00687024 0.0062907 0.00580321 0.0054061 0.00509793 0.00487755 0.00474432 
0.00508963 0.00513235 0.00526797 0.00549733 0.00582138 0.00624137 0.00675886 0.00737564 0.00809363 0.00891488 0.00984144 0.0108753 0.0120182 0.0132717 0.0146369 0.0161147 0.017705 0.0194074 0.0212206 0.0231425 0.0251701 0.0272995 0.0295256 0.0318423 0.0342427 0.0367185 0.0392603 0.0418579 0.0445 0.0471743 0.0498676 0.052566 0.055255 0.0579194 0.0605437 0.063112 0.0656084 0.0680169 0.0703219 0.072508 0.0745603 0.0764647 0.0782077 0.079777 0.0811613 0.0823506 0.0833362 0.0841108 0.0846687 0.0850058 0.0851196 0.0850093 0.0846757 0.0841213 0.0833503 0.0823684 0.0811829 0.0798025 0.0782373 0.0764985 0.0745985 0.0725506 0.0703691 0.0680687 0.0656648 0.0631732 0.0606096 0.0579901 0.0553303 0.0526458 0.0499517 0.0472625 0.0445921 0.0419536 0.0393591 0.03682 0.0343466 0.031948 0.0296325 0.0274072 0.025278 0.0232499 0.0213269 0.019512 0.0178073 0.0162141 0.0147329 0.0133636 0.0121055 0.0109575 0.00991807 0.00898547 0.00815777 0.00743296 0.00680906 0.00628417 0.00585656 0.00552473 0.00528746 0.0051441 
0.00556229 0.00560893 0.00575644 0.00600571 0.00635773 0.00681383 0.00737564 0.00804502 0.008824 0.00971472 0.0107193 0.0118397 0.0130779 0.0144353 0.0159131 0.017512 0.019232 0.0210723 0.0230315 0.0251072 0.0272961 0.0295937 0.0319946 0.0344921 0.0370786 0.0397451 0.0424815 0.0452768 0.0481187 0.050994 0.0538885 0.0567874 0.0596751 0.0625352 0.0653513 0.0681063 0.0707833 0.0733653 0.0758356 0.0781777 0.0803759 0.0824152 0.0842812 0.0859609 0.0874423 0.0887148 0.089769 0.0905975 0.091194 0.0915542 0.0916755 0.091557 0.0911996 0.0906059 0.0897805 0.0887293 0.08746 0.085982 0.0843059 0.0824436 0.0804083 0.0782141 0.0758763 0.0734104 0.070833 0.0681607 0.0654104 0.0625991 0.0597437 0.0568607 0.0539664 0.0510762 0.0482051 0.0453672 0.0425755 0.0398422 0.0371785 0.0345943 0.0320985 0.0296988 0.0274018 0.025213 0.0231366 0.0211761 0.0193339 0.0176114 0.0160093 0.0145277 0.0131659 0.0119227 0.0107968 0.00978628 0.00888915 0.00810334 0.00742679 0.00685751 0.00639369 0.00603376 0.00577644 0.00562105 
0.00611312 0.00616432 0.00632563 0.006598 0.00698247 0.00748044 0.00809363 0.008824 0.00967369 0.0106449 0.0117398 0.0129606 0.0143091 0.0157868 0.017395 0.019134 0.0210039 0.0230037 0.0251317 0.0273851 0.0297602 0.0322521 0.0348548 0.037561 0.0403621 0.0432486 0.0462094 0.0492325 0.0523046 0.0554114 0.0585377 0.0616674 0.0647836 0.067869 0.0709056 0.0738754 0.07676 0.0795414 0.0822015 0.0847229 0.0870887 0.0892829 0.0912902 0.0930966 0.0946895 0.0960573 0.0971905 0.0980806 0.0987214 0.0991081 0.099238 0.0991101 0.0987254 0.0980867 0.0971987 0.096068 0.0947026 0.0931125 0.0913091 0.089305 0.0871143 0.0847522 0.0822347 0.0795787 0.0768018 0.0739217 0.0709566 0.0679248 0.0648443 0.061733 0.0586081 0.0554865 0.0523843 0.0493165 0.0462975 0.0433404 0.0404572 0.0376589 0.034955 0.0323541 0.0298633 0.0274887 0.0252351 0.0231063 0.0211051 0.019233 0.0174911 0.0158795 0.0143976 0.0130444 0.0118183 0.0107174 0.00973987 0.00888337 0.00814579 0.00752505 0.00701926 0.00662675 0.00634619 0.00617686 
0.00674391 0.00680031 0.00697735 0.00727604 0.00769748 0.00824316 0.00891488 0.00971472 0.0106449 0.0117077 0.0129055 0.0142404 0.0157144 0.017329 0.0190852 0.0209835 0.0230237 0.0252046 0.0275242 0.0299793 0.0325657 0.035278 0.0381094 0.041052 0.0440963 0.0472319 0.0504467 0.0537275 0.05706 0.0604286 0.0638169 0.0672074 0.0705819 0.0739216 0.0772072 0.0804193 0.0835383 0.0865445 0.0894188 0.0921423 0.0946971 0.0970658 0.0992323 0.101181 0.1029 0.104375 0.105597 0.106557 0.107247 0.107664 0.107804 0.107665 0.10725 0.10656 0.105602 0.104381 0.102908 0.101191 0.0992445 0.0970806 0.0947148 0.0921633 0.0894433 0.0865729 0.0835709 0.0804564 0.0772489 0.0739681 0.0706334 0.067264 0.0638787 0.0604955 0.0571318 0.0538041 0.0505279 0.0473173 0.0441856 0.0411447 0.0382051 0.035376 0.0326655 0.0300802 0.0276255 0.0253057 0.0231238 0.0210819 0.0191811 0.0174217 0.0158033 0.0143248 0.0129848 0.0117812 0.0107121 0.00977513 0.00896807 0.00828874 0.00773514 0.00730553 0.00699849 0.00681328 
0.00745644 0.00751869 0.00771343 0.0080417 0.00850469 0.00910396 0.00984144 0.0107193 0.0117398 0.0129055 0.0142187 0.0156817 0.0172964 0.0190644 0.0209866 0.0230634 0.0252943 0.027678 0.030212 0.0328927 0.0357154 0.038674 0.041761 0.0449676 0.0482836 0.0516971 0.0551953 0.0587636 0.0623864 0.0660468 0.0697269 0.0734078 0.0770697 0.0806925 0.0842552 0.0877368 0.0911162 0.0943724 0.0974846 0.100433 0.103197 0.10576 0.108103 0.110211 0.112068 0.113663 0.114983 0.11602 0.116766 0.117216 0.117366 0.117216 0.116766 0.11602 0.114984 0.113664 0.11207 0.110214 0.108108 0.105766 0.103206 0.100444 0.0974994 0.0943907 0.0911384 0.0877633 0.0842863 0.0807284 0.0771108 0.0734542 0.0697787 0.0661041 0.0624491 0.0588316 0.0552684 0.0517751 0.0483661 0.0450542 0.0418513 0.0387673 0.0358111 0.0329902 0.0303105 0.0277769 0.0253928 0.0231607 0.0210819 0.0191569 0.0173855 0.0157666 0.0142987 0.0129799 0.011808 0.0107807 0.00989563 0.0091505 0.00854322 0.00807194 0.00773517 0.00753214 
0.00825248 0.00832125 0.00853565 0.0088968 0.00940596 0.0100648 0.0108753 0.0118397 0.0129606 0.0142404 0.0156817 0.0172867 0.0190575 0.0209954 0.0231016 0.025376 0.0278181 0.0304262 0.0331974 0.0361277 0.0392116 0.0424423 0.0458116 0.0493097 0.0529253 0.0566455 0.0604561 0.0643412 0.0682839 0.0722656 0.0762669 0.0802673 0.0842455 0.0881794 0.0920466 0.0958244 0.0994899 0.10302 0.106394 0.109588 0.112583 0.115358 0.117895 0.120177 0.122187 0.123912 0.125341 0.126462 0.127268 0.127754 0.127916 0.127753 0.127266 0.126459 0.125337 0.123908 0.122183 0.120172 0.117892 0.115356 0.112582 0.10959 0.106398 0.103027 0.0995004 0.095839 0.0920657 0.0882034 0.0842747 0.0803021 0.0763074 0.0723119 0.0683361 0.0643993 0.0605199 0.0567149 0.0529999 0.0493891 0.0458954 0.0425299 0.0393024 0.036221 0.0332925 0.0305223 0.0279145 0.0254718 0.0231959 0.0210875 0.0191464 0.0173718 0.0157621 0.0143155 0.0130296 0.0119021 0.0109304 0.0101122 0.00944533 0.00892779 0.00855801 0.00833518 
0.00913368 0.00920964 0.00944569 0.00984304 0.010403 0.0111273 0.0120182 0.0130779 0.0143091 0.0157144 0.0172964 0.0190575 0.0209995 0.0231241 0.0254321 0.0279234 0.0305971 0.0334511 0.0364822 0.0396857 0.0430555 0.046584 0.050262 0.0540788 0.0580218 0.0620769 0.0662285 0.0704594 0.0747508 0.0790828 0.0834342 0.0877826 0.0921051 0.0963777 0.100576 0.104676 0.108653 0.112481 0.116138 0.119601 0.122845 0.125851 0.128598 0.131068 0.133244 0.135111 0.136657 0.13787 0.138742 0.139267 0.139442 0.139265 0.138737 0.137863 0.136648 0.135101 0.133233 0.131056 0.128586 0.125839 0.122834 0.11959 0.11613 0.112476 0.10865 0.104677 0.100582 0.0963884 0.0921211 0.0878044 0.0834619 0.0791168 0.0747912 0.0705062 0.0662817 0.0621364 0.0580872 0.0541499 0.0503383 0.0466649 0.0431404 0.0397739 0.036573 0.0335438 0.0306907 0.028017 0.0255249 0.0232152 0.021088 0.0191424 0.0173771 0.0157899 0.0143787 0.013141 0.0120741 0.0111756 0.0104432 0.00987474 0.00946866 0.00922406 
0.0101015 0.0101853 0.010445 0.0108819 0.0114973 0.0122932 0.0132717 0.0144353 0.0157868 0.017329 0.0190644 0.0209954 0.0231241 0.025452 0.0279796 0.0307067 0.0336322 0.0367536 0.040067 0.0435672 0.0472473 0.0510989 0.0551118 0.0592739 0.0635716 0.0679894 0.0725101 0.0771149 0.0817835 0.0864941 0.0912236 0.0959479 0.100642 0.10528 0.109836 0.114283 0.118594 0.122744 0.126707 0.130457 0.133971 0.137225 0.140198 0.142871 0.145225 0.147245 0.148916 0.150227 0.15117 0.151737 0.151926 0.151734 0.151162 0.150216 0.148902 0.147228 0.145206 0.14285 0.140176 0.137202 0.133947 0.130434 0.126686 0.122725 0.118578 0.11427 0.109827 0.105276 0.100643 0.0959551 0.0912372 0.0865143 0.0818106 0.0771491 0.0725513 0.0680376 0.0636266 0.0593354 0.0551793 0.051172 0.0473254 0.0436495 0.0401527 0.0368419 0.0337223 0.0307976 0.0280703 0.0255416 0.0232117 0.0210799 0.0191449 0.0174047 0.0158569 0.014499 0.0133283 0.0123422 0.0115382 0.0109143 0.0104686 0.0102002 
0.0111571 0.0112495 0.0115348 0.0120146 0.0126901 0.0135635 0.0146369 0.0159131 0.017395 0.0190852 0.0209866 0.0231016 0.0254321 0.0279796 0.0307445 0.0337264 0.0369237 0.0403336 0.0439515 0.0477715 0.051786 0.0559855 0.0603587 0.0648924 0.0695715 0.074379 0.0792962 0.0843025 0.0893759 0.0944925 0.0996274 0.104754 0.109846 0.114876 0.119814 0.124632 0.129302 0.133795 0.138084 0.142142 0.145943 0.149462 0.152677 0.155566 0.15811 0.160292 0.162097 0.163513 0.164531 0.165143 0.165346 0.165138 0.164521 0.163498 0.162077 0.160267 0.158082 0.155535 0.152643 0.149427 0.145907 0.142106 0.138048 0.133761 0.12927 0.124603 0.119789 0.114855 0.109832 0.104746 0.0996252 0.0944974 0.0893882 0.0843226 0.079324 0.0744146 0.0696147 0.064943 0.0604163 0.0560496 0.051856 0.0478467 0.0440311 0.0404167 0.0370095 0.0338138 0.0308324 0.0280671 0.0255181 0.0231851 0.0210666 0.0191608 0.0174652 0.0159772 0.0146941 0.0136131 0.0127316 0.0120475 0.0115589 0.0112649 
0.0123013 0.0124029 0.012716 0.0132419 0.0139822 0.014939 0.0161147 0.017512 0.019134 0.0209835 0.0230634 0.025376 0.0279234 0.0307067 0.0337264 0.0369817 0.0404705 0.0441895 0.0481337 0.0522962 0.0566686 0.0612402 0.0659987 0.0709294 0.0760159 0.0812394 0.0865797 0.0920141 0.0975188 0.103068 0.108634 0.11419 0.119705 0.12515 0.130495 0.135707 0.140758 0.145615 0.150251 0.154635 0.15874 0.16254 0.16601 0.169128 0.171873 0.174227 0.176174 0.177701 0.178799 0.179459 0.179677 0.179452 0.178785 0.177681 0.176148 0.174195 0.171836 0.169087 0.165965 0.162492 0.15869 0.154583 0.150199 0.145565 0.140709 0.135661 0.130452 0.125112 0.119673 0.114164 0.108615 0.103056 0.0975149 0.0920185 0.0865926 0.0812609 0.0760459 0.0709678 0.066045 0.0612941 0.0567294 0.0523633 0.0482062 0.0442665 0.0405511 0.0370647 0.0338109 0.0307915 0.0280074 0.0254581 0.0231425 0.0210586 0.0192041 0.0175762 0.0161721 0.014989 0.0140241 0.0132753 0.0127405 0.0124188 
0.0135346 0.0136461 0.0139888 0.0145641 0.0153738 0.0164199 0.017705 0.019232 0.0210039 0.0230237 0.0252943 0.0278181 0.0305971 0.0336322 0.0369237 0.0404705 0.0442701 0.0483186 0.0526102 0.0571373 0.0618903 0.0668577 0.0720255 0.0773779 0.0828968 0.0885617 0.0943504 0.100239 0.1062 0.112207 0.11823 0.124239 0.130202 0.136086 0.141859 0.147488 0.152939 0.158181 0.163181 0.167909 0.172335 0.17643 0.18017 0.183529 0.186485 0.18902 0.191116 0.19276 0.193941 0.194652 0.194886 0.194643 0.193925 0.192735 0.191084 0.18898 0.186439 0.183476 0.180112 0.176369 0.17227 0.167842 0.163113 0.158113 0.152873 0.147423 0.141798 0.136029 0.13015 0.124194 0.118192 0.112177 0.106178 0.100226 0.0943469 0.0885676 0.0829121 0.0774026 0.0720593 0.0669 0.0619407 0.057195 0.0526744 0.0483884 0.0443445 0.0405484 0.0370039 0.0337135 0.0306783 0.0278981 0.0253719 0.0230978 0.0210734 0.0192959 0.0177624 0.01647 0.015416 0.0145979 0.0140137 0.0136624 
0.0148568 0.0149789 0.0153531 0.0159811 0.0168646 0.0180058 0.0194074 0.0210723 0.0230037 0.0252046 0.027678 0.0304262 0.0334511 0.0367536 0.0403336 0.0441895 0.0483186 0.0527161 0.0573756 0.0622885 0.0674443 0.07283 0.0784305 0.0842282 0.0902033 0.0963339 0.102595 0.108962 0.115404 0.121893 0.128396 0.134881 0.141314 0.14766 0.153883 0.159948 0.16582 0.171465 0.176847 0.181935 0.186696 0.191101 0.195122 0.198732 0.20191 0.204634 0.206886 0.208652 0.209921 0.210683 0.210934 0.210673 0.209901 0.208622 0.206847 0.204586 0.201854 0.198669 0.195051 0.191025 0.186616 0.181851 0.176762 0.171378 0.165734 0.159864 0.153801 0.147582 0.141242 0.134816 0.128338 0.121843 0.115363 0.10893 0.102574 0.0963227 0.0902026 0.0842378 0.0784502 0.0728595 0.0674829 0.0623357 0.0574304 0.0527776 0.0483858 0.0442612 0.0404085 0.0368306 0.0335289 0.0305035 0.0277535 0.0252772 0.0230721 0.0211356 0.0194645 0.0180559 0.016907 0.0160152 0.0153784 0.0149956 
0.0162673 0.0164005 0.0168083 0.0174921 0.0184538 0.0196957 0.0212206 0.0230315 0.0251317 0.0275242 0.030212 0.0331974 0.0364822 0.040067 0.0439515 0.0481337 0.0526102 0.0573756 0.0624227 0.0677418 0.0733213 0.079147 0.0852021 0.0914676 0.0979218 0.104541 0.111298 0.118165 0.125111 0.132105 0.13911 0.146093 0.153017 0.159844 0.166537 0.173058 0.179369 0.185433 0.191214 0.196676 0.201786 0.206513 0.210826 0.214699 0.218106 0.221027 0.223441 0.225334 0.226693 0.22751 0.227778 0.227498 0.226669 0.225298 0.223394 0.220969 0.218039 0.214623 0.210742 0.206422 0.20169 0.196575 0.191109 0.185327 0.179263 0.172953 0.166435 0.159745 0.152923 0.146006 0.139031 0.132033 0.12505 0.118114 0.111257 0.104511 0.0979035 0.0914607 0.0852064 0.0791622 0.0733469 0.0677771 0.0624668 0.0574277 0.0526691 0.0481982 0.0440203 0.0401389 0.0365558 0.0332713 0.0302849 0.0275947 0.0251986 0.0230938 0.0212771 0.0197455 0.0184961 0.0175262 0.0168338 0.0164176 
0.0177646 0.0179097 0.0183527 0.0190954 0.0201396 0.0214877 0.0231425 0.0251072 0.0273851 0.0299793 0.0328927 0.0361277 0.0396857 0.0435672 0.0477715 0.0522962 0.0571373 0.0622885 0.0677418 0.0734866 0.0795097 0.0857957 0.0923262 0.0990805 0.106035 0.113164 0.120438 0.127828 0.135299 0.142817 0.150345 0.157846 0.16528 0.172608 0.179788 0.186782 0.193548 0.200046 0.20624 0.21209 0.217562 0.222621 0.227237 0.231381 0.235026 0.238149 0.240731 0.242755 0.244208 0.24508 0.245367 0.245066 0.24418 0.242714 0.240677 0.238083 0.234948 0.231292 0.227139 0.222515 0.217448 0.211971 0.206116 0.19992 0.19342 0.186655 0.179663 0.172486 0.165164 0.157736 0.150243 0.142723 0.135215 0.127754 0.120377 0.113114 0.105998 0.0990556 0.0923137 0.0857952 0.0795209 0.0735087 0.0677741 0.06233 0.0571868 0.0523526 0.0478333 0.0436331 0.0397542 0.0361974 0.0329623 0.0300472 0.0274501 0.025168 0.023198 0.0215368 0.0201815 0.0191295 0.0183784 0.0179271 
0.0193467 0.0195043 0.0199844 0.0207889 0.0219196 0.023379 0.0251701 0.0272961 0.0297602 0.0325657 0.0357154 0.0392116 0.0430555 0.0472473 0.051786 0.0566686 0.0618903 0.0674443 0.0733213 0.0795097 0.0859951 0.0927603 0.0997856 0.107048 0.114523 0.122181 0.129992 0.137923 0.145938 0.154 0.16207 0.170107 0.178069 0.185913 0.193598 0.201079 0.208314 0.215261 0.221879 0.22813 0.233974 0.239376 0.244303 0.248725 0.252615 0.255947 0.2587 0.260859 0.262408 0.263338 0.263644 0.263322 0.262376 0.260812 0.258639 0.255871 0.252525 0.248624 0.244191 0.239253 0.233842 0.227991 0.221736 0.215114 0.208164 0.200929 0.193449 0.185768 0.177928 0.169972 0.161943 0.153883 0.145831 0.137827 0.129908 0.12211 0.114465 0.107004 0.0997549 0.0927429 0.0859906 0.0795175 0.0733406 0.067474 0.0619293 0.0567157 0.0518398 0.0473063 0.0431182 0.0392765 0.035781 0.0326304 0.0298227 0.0273549 0.0252242 0.0234272 0.0219609 0.0208226 0.02001 0.019522 
0.0210109 0.0211815 0.0217003 0.0225694 0.0237904 0.0253661 0.0272995 0.0295937 0.0322521 0.035278 0.038674 0.0424423 0.046584 0.0510989 0.0559855 0.0612402 0.0668577 0.07283 0.079147 0.0857957 0.0927603 0.100022 0.10756 0.115349 0.123361 0.131567 0.139932 0.148422 0.156999 0.165622 0.174249 0.182838 0.191343 0.199719 0.207921 0.215903 0.22362 0.231027 0.238082 0.244741 0.250967 0.25672 0.261966 0.266673 0.270813 0.274358 0.277288 0.279584 0.281231 0.28222 0.282545 0.282202 0.281196 0.279531 0.277218 0.274272 0.270712 0.266559 0.261839 0.256581 0.250818 0.244584 0.237917 0.230858 0.223448 0.21573 0.207748 0.199549 0.191177 0.182678 0.174097 0.165479 0.156867 0.148302 0.139825 0.131473 0.123282 0.115284 0.10751 0.0999866 0.0927388 0.0857877 0.0791519 0.0728467 0.0668851 0.061277 0.0560302 0.0511501 0.04664 0.0425015 0.0387349 0.0353388 0.0323115 0.0296501 0.0273517 0.025413 0.0238309 0.0226026 0.0217258 0.0211993 
0.0227533 0.0229375 0.0234967 0.0244328 0.0257479 0.0274444 0.0295256 0.0319946 0.0348548 0.0381094 0.041761 0.0458116 0.050262 0.0551118 0.0603587 0.0659987 0.0720255 0.0784305 0.0852021 0.0923262 0.0997856 0.10756 0.115626 0.123957 0.132523 0.141292 0.150227 0.159292 0.168445 0.177643 0.186842 0.195996 0.205057 0.213978 0.222709 0.231203 0.239412 0.247289 0.254789 0.261866 0.26848 0.274591 0.280162 0.28516 0.289553 0.293316 0.296425 0.298861 0.300608 0.301657 0.302001 0.301637 0.300569 0.298802 0.296347 0.293221 0.289441 0.285032 0.28002 0.274436 0.268313 0.261689 0.254603 0.247098 0.239217 0.231006 0.222511 0.213782 0.204865 0.19581 0.186664 0.177474 0.168287 0.159146 0.150095 0.141174 0.13242 0.12387 0.115555 0.107505 0.0997458 0.0923014 0.0851915 0.0784331 0.0720402 0.0660241 0.0603934 0.0551542 0.0503105 0.0458644 0.0418164 0.0381658 0.0349105 0.0320481 0.0295755 0.0274896 0.0257872 0.0244654 0.0235219 0.0229555 
0.0245696 0.0247679 0.0253688 0.0263744 0.0277867 0.0296083 0.0318423 0.0344921 0.037561 0.041052 0.0449676 0.0493097 0.0540788 0.0592739 0.0648924 0.0709294 0.0773779 0.0842282 0.0914676 0.0990805 0.107048 0.115349 0.123957 0.132843 0.141977 0.151322 0.160842 0.170494 0.180236 0.190022 0.199804 0.209535 0.219163 0.228638 0.237908 0.246924 0.255633 0.263987 0.271939 0.279441 0.286449 0.292923 0.298823 0.304114 0.308766 0.312748 0.316038 0.318615 0.320465 0.321574 0.321937 0.321552 0.320421 0.318551 0.315953 0.312643 0.308642 0.303973 0.298665 0.29275 0.286263 0.279243 0.271732 0.263773 0.255414 0.246701 0.237685 0.228416 0.218944 0.209322 0.199599 0.189825 0.180051 0.170322 0.160683 0.151179 0.14185 0.132733 0.123863 0.115273 0.106989 0.0990376 0.0914403 0.0842156 0.0773788 0.0709425 0.0649161 0.0593066 0.0541188 0.0493552 0.0450169 0.0411031 0.0376124 0.0345422 0.0318896 0.0296515 0.0278246 0.0264061 0.0253935 0.0247859 
0.0264543 0.0266671 0.0273111 0.0283883 0.0299008 0.0318512 0.0342427 0.0370786 0.0403621 0.0440963 0.0482836 0.0529253 0.0580218 0.0635716 0.0695715 0.0760159 0.0828968 0.0902033 0.0979218 0.106035 0.114523 0.123361 0.132523 0.141977 0.151689 0.161623 0.171736 0.181987 0.192328 0.202711 0.213087 0.223403 0.233606 0.243643 0.25346 0.263003 0.272219 0.281056 0.289464 0.297394 0.304801 0.311641 0.317873 0.323461 0.328372 0.332576 0.336049 0.338769 0.34072 0.341891 0.342274 0.341867 0.340673 0.338698 0.335956 0.332462 0.328237 0.323306 0.3177 0.311451 0.304596 0.297177 0.289236 0.280819 0.271975 0.262755 0.25321 0.243394 0.23336 0.223162 0.212854 0.202487 0.192115 0.181787 0.171551 0.161454 0.151537 0.141842 0.132406 0.123263 0.114443 0.105973 0.0978767 0.0901744 0.0828828 0.0760155 0.0695832 0.0635937 0.0580525 0.0529628 0.0483259 0.0441417 0.0404088 0.0371248 0.0342869 0.031892 0.0299369 0.0284188 0.0273353 0.0266851 
0.0284011 0.0286289 0.029317 0.0304677 0.032083 0.0341655 0.0367185 0.0397451 0.0432486 0.0472319 0.0516971 0.0566455 0.0620769 0.0679894 0.074379 0.0812394 0.0885617 0.0963339 0.104541 0.113164 0.122181 0.131567 0.141292 0.151322 0.161623 0.172153 0.182869 0.193726 0.204674 0.215662 0.226637 0.237545 0.248329 0.258933 0.269301 0.279375 0.289101 0.298424 0.307292 0.315653 0.32346 0.330668 0.337234 0.343119 0.348291 0.352718 0.356373 0.359236 0.36129 0.362521 0.362924 0.362496 0.361238 0.35916 0.356272 0.352593 0.348144 0.342951 0.337045 0.330461 0.323237 0.315416 0.307042 0.298165 0.288834 0.279102 0.269025 0.258657 0.248055 0.237276 0.226375 0.21541 0.204433 0.193498 0.182657 0.171957 0.161444 0.151163 0.141151 0.131446 0.12208 0.113081 0.104477 0.0962877 0.088532 0.0812248 0.0743779 0.0680001 0.0620976 0.0566742 0.0517319 0.0472708 0.0432898 0.0397868 0.0367591 0.0342035 0.0321171 0.0304969 0.0293405 0.0286468 
0.0304029 0.030646 0.0313793 0.032605 0.0343252 0.0365426 0.0392603 0.0424815 0.0462094 0.0504467 0.0551953 0.0604561 0.0662285 0.0725101 0.0792962 0.0865797 0.0943504 0.102595 0.111298 0.120438 0.129992 0.139932 0.150227 0.160842 0.171736 0.182869 0.194194 0.205663 0.217222 0.22882 0.240399 0.251901 0.263269 0.274443 0.285364 0.295972 0.306209 0.316019 0.325347 0.33414 0.342347 0.349922 0.356821 0.363004 0.368436 0.373085 0.376923 0.379929 0.382084 0.383377 0.3838 0.38335 0.382029 0.379847 0.376815 0.372951 0.368278 0.362823 0.356618 0.349699 0.342106 0.333882 0.325076 0.315737 0.305918 0.295674 0.285062 0.27414 0.262968 0.251604 0.240108 0.228538 0.216952 0.205406 0.193953 0.182645 0.171531 0.160656 0.150062 0.139788 0.129868 0.120335 0.111215 0.102531 0.094304 0.0865498 0.0792814 0.0725086 0.0662384 0.0604753 0.0552219 0.0504786 0.0462447 0.0425184 0.039297 0.0365776 0.0343571 0.0326327 0.0314019 0.0306638 
0.0324517 0.0327103 0.0334896 0.0347916 0.0366184 0.0389729 0.0418579 0.0452768 0.0492325 0.0537275 0.0587636 0.0643412 0.0704594 0.0771149 0.0843025 0.0920141 0.100239 0.108962 0.118165 0.127828 0.137923 0.148422 0.159292 0.170494 0.181987 0.193726 0.205663 0.217745 0.229919 0.242127 0.254311 0.26641 0.278362 0.290106 0.301579 0.312719 0.323467 0.333763 0.343549 0.352771 0.361377 0.369318 0.376549 0.383028 0.388718 0.393587 0.397607 0.400754 0.403011 0.404365 0.404807 0.404335 0.402952 0.400667 0.397491 0.393444 0.388549 0.382833 0.376331 0.369079 0.361118 0.352495 0.343257 0.333458 0.323152 0.312396 0.30125 0.289775 0.278032 0.266084 0.253991 0.241816 0.22962 0.217459 0.205393 0.193474 0.181754 0.170281 0.159101 0.148253 0.137776 0.127702 0.118061 0.108878 0.100175 0.0919684 0.0842733 0.0771004 0.0704577 0.0643503 0.0587813 0.0537518 0.0492614 0.0453083 0.0418903 0.0390044 0.0366477 0.0348175 0.0335112 0.0327279 
0.0345386 0.034813 0.0356387 0.0370179 0.0389527 0.0414457 0.0445 0.0481187 0.0523046 0.05706 0.0623864 0.0682839 0.0747508 0.0817835 0.0893759 0.0975188 0.1062 0.115404 0.125111 0.135299 0.145938 0.156999 0.168445 0.180236 0.192328 0.204674 0.217222 0.229919 0.242706 0.255524 0.268311 0.281004 0.293538 0.305849 0.317872 0.329542 0.340796 0.351574 0.361815 0.371463 0.380464 0.388767 0.396326 0.403097 0.409044 0.414131 0.41833 0.421617 0.423974 0.425388 0.425849 0.425357 0.423912 0.421525 0.418207 0.413979 0.408864 0.402891 0.396094 0.388512 0.380188 0.371168 0.361503 0.351247 0.340458 0.329194 0.317517 0.305492 0.293181 0.280649 0.267962 0.255184 0.242377 0.229604 0.216924 0.204393 0.192067 0.179996 0.168227 0.156805 0.145767 0.135151 0.124986 0.115301 0.106118 0.0974564 0.0893315 0.0817554 0.0747369 0.0682822 0.0623948 0.0570762 0.0523266 0.0481444 0.0445276 0.0414735 0.0389791 0.0370418 0.0356592 0.0348302 
0.0366539 0.0369442 0.0378167 0.0392736 0.0413171 0.0439497 0.0471743 0.050994 0.0554114 0.0604286 0.0660468 0.0722656 0.0790828 0.0864941 0.0944925 0.103068 0.112207 0.121893 0.132105 0.142817 0.154 0.165622 0.177643 0.190022 0.202711 0.215662 0.22882 0.242127 0.255524 0.268948 0.282334 0.295616 0.308727 0.3216 0.334166 0.34636 0.358116 0.36937 0.38006 0.390128 0.399519 0.408179 0.416061 0.42312 0.429318 0.43462 0.438995 0.442421 0.444876 0.446349 0.446829 0.446316 0.444811 0.442323 0.438866 0.43446 0.429128 0.422902 0.415816 0.407909 0.399225 0.389814 0.379728 0.369021 0.357754 0.345988 0.333787 0.321216 0.308342 0.295233 0.281956 0.268579 0.255166 0.241783 0.228492 0.215353 0.202422 0.189755 0.177399 0.165402 0.153805 0.142646 0.131958 0.12177 0.112106 0.102988 0.0944324 0.0864518 0.0790562 0.0722526 0.0660453 0.0604363 0.0554261 0.0510136 0.0471968 0.0439734 0.0413405 0.0392955 0.0378359 0.0369611 
0.0387872 0.0390935 0.0400129 0.0415477 0.0437001 0.0464724 0.0498676 0.0538885 0.0585377 0.0638169 0.0697269 0.0762669 0.0834342 0.0912236 0.0996274 0.108634 0.11823 0.128396 0.13911 0.150345 0.16207 0.174249 0.186842 0.199804 0.213087 0.226637 0.240399 0.254311 0.268311 0.282334 0.296312 0.310176 0.323856 0.337282 0.350385 0.363094 0.375343 0.387065 0.398197 0.408678 0.41845 0.42746 0.435659 0.443001 0.449445 0.454957 0.459506 0.463066 0.465618 0.467148 0.467647 0.467113 0.465549 0.462963 0.45937 0.454789 0.449246 0.442772 0.435401 0.427176 0.418141 0.408346 0.397845 0.386696 0.374959 0.362699 0.349981 0.336873 0.323444 0.309765 0.295906 0.281936 0.267924 0.253938 0.240042 0.226299 0.21277 0.19951 0.186571 0.174003 0.16185 0.150151 0.138941 0.128252 0.11811 0.108537 0.0995512 0.0911667 0.0833944 0.0762422 0.0697151 0.0638156 0.0585447 0.0539016 0.0498848 0.0464919 0.0437202 0.0415673 0.0400308 0.0391099 
0.0409274 0.0412497 0.0422159 0.0438284 0.0460892 0.0490009 0.052566 0.0567874 0.0616674 0.0672074 0.0734078 0.0802673 0.0877826 0.0959479 0.104754 0.11419 0.124239 0.134881 0.146093 0.157846 0.170107 0.182838 0.195996 0.209535 0.223403 0.237545 0.251901 0.26641 0.281004 0.295616 0.310176 0.324611 0.33885 0.35282 0.366448 0.379662 0.392394 0.404574 0.416137 0.427021 0.437166 0.446518 0.455026 0.462643 0.469328 0.475045 0.479761 0.483453 0.486099 0.487685 0.488203 0.487649 0.486027 0.483346 0.47962 0.474869 0.46912 0.462404 0.454756 0.44622 0.436842 0.426672 0.415767 0.404185 0.391989 0.379244 0.36602 0.352385 0.338413 0.324174 0.309742 0.29519 0.280588 0.266008 0.251516 0.237178 0.223058 0.209213 0.195698 0.182566 0.169862 0.157628 0.145902 0.134716 0.124099 0.114075 0.104662 0.095876 0.0877294 0.0802306 0.0733853 0.0671968 0.0616664 0.0567938 0.0525777 0.0490159 0.046106 0.0438455 0.0422323 0.0412656 
0.043063 0.043401 0.0444137 0.0461032 0.0484717 0.0515214 0.055255 0.0596751 0.0647836 0.0705819 0.0770697 0.0842455 0.0921051 0.100642 0.109846 0.119705 0.130202 0.141314 0.153017 0.16528 0.178069 0.191343 0.205057 0.219163 0.233606 0.248329 0.263269 0.278362 0.293538 0.308727 0.323856 0.33885 0.353635 0.368135 0.382275 0.395982 0.409184 0.421809 0.433792 0.445068 0.455576 0.46526 0.474068 0.481952 0.48887 0.494785 0.499665 0.503483 0.50622 0.507861 0.508396 0.507824 0.506146 0.503372 0.499518 0.494603 0.488654 0.481703 0.473787 0.464949 0.455238 0.444704 0.433405 0.421402 0.408758 0.395543 0.381825 0.367676 0.353172 0.338387 0.323396 0.308274 0.293095 0.277932 0.262855 0.247934 0.233233 0.218813 0.204733 0.191045 0.177799 0.165039 0.152803 0.141128 0.130042 0.119572 0.109737 0.100555 0.0920381 0.0841964 0.0770363 0.0705617 0.0647744 0.0596744 0.0552608 0.0515317 0.0484848 0.0461178 0.0444285 0.0434164 
0.0451816 0.0455353 0.0465938 0.0483593 0.0508339 0.0540198 0.0579194 0.0625352 0.067869 0.0739216 0.0806925 0.0881794 0.0963777 0.10528 0.114876 0.12515 0.136086 0.14766 0.159844 0.172608 0.185913 0.199719 0.213978 0.228638 0.243643 0.258933 0.274443 0.290106 0.305849 0.3216 0.337282 0.35282 0.368135 0.38315 0.397787 0.411972 0.425629 0.438686 0.451075 0.46273 0.473588 0.483593 0.49269 0.500832 0.507975 0.514081 0.519118 0.523059 0.525884 0.527577 0.528129 0.527538 0.525807 0.522945 0.518966 0.513892 0.507751 0.500573 0.492399 0.48327 0.473236 0.462351 0.450671 0.43826 0.425184 0.411511 0.397315 0.382668 0.367648 0.352332 0.336796 0.321119 0.305378 0.289648 0.274002 0.258511 0.243243 0.228261 0.213627 0.199396 0.185619 0.172343 0.159608 0.147453 0.135907 0.124999 0.114749 0.105177 0.0962968 0.0881179 0.080648 0.0738917 0.0678513 0.0625274 0.0579193 0.0540253 0.0508434 0.0483713 0.046607 0.0455501 
0.0472709 0.04764 0.0487434 0.0505834 0.053162 0.0564813 0.0605437 0.0653513 0.0709056 0.0772072 0.0842552 0.0920466 0.100576 0.109836 0.119814 0.130495 0.141859 0.153883 0.166537 0.179788 0.193598 0.207921 0.222709 0.237908 0.25346 0.269301 0.285364 0.301579 0.317872 0.334166 0.350385 0.366448 0.382275 0.397787 0.412905 0.427549 0.441645 0.455118 0.467898 0.479917 0.491112 0.501425 0.5108 0.519189 0.526548 0.532838 0.538025 0.542084 0.544993 0.546736 0.547305 0.546697 0.544914 0.541966 0.537869 0.532643 0.526317 0.518923 0.510499 0.501091 0.490748 0.479524 0.467479 0.454676 0.441183 0.42707 0.412411 0.397284 0.381766 0.365936 0.349874 0.333661 0.317375 0.301095 0.284896 0.268852 0.253033 0.237506 0.222333 0.207573 0.193279 0.1795 0.166279 0.153655 0.141661 0.130325 0.119671 0.109718 0.100481 0.0919726 0.0841995 0.0771675 0.0708794 0.0653362 0.0605375 0.056482 0.0531677 0.0505927 0.048755 0.0476542 
0.0493181 0.0497021 0.0508492 0.0527619 0.0554418 0.0588911 0.063112 0.0681063 0.0738754 0.0804193 0.0877368 0.0958244 0.104676 0.114283 0.124632 0.135707 0.147488 0.159948 0.173058 0.186782 0.201079 0.215903 0.231203 0.246924 0.263003 0.279375 0.295972 0.312719 0.329542 0.34636 0.363094 0.379662 0.395982 0.411972 0.427549 0.442635 0.457151 0.471022 0.484176 0.496544 0.508061 0.518668 0.528309 0.536934 0.544498 0.550963 0.556294 0.560465 0.563454 0.565245 0.56583 0.565204 0.563373 0.560344 0.556134 0.550763 0.544261 0.536659 0.527999 0.518324 0.507685 0.496138 0.483743 0.470565 0.456672 0.442138 0.427037 0.411448 0.395451 0.379127 0.36256 0.34583 0.32902 0.31221 0.295478 0.2789 0.26255 0.246496 0.230802 0.215531 0.200737 0.186471 0.172779 0.1597 0.14727 0.135519 0.124472 0.11415 0.104567 0.0957378 0.08767 0.0803698 0.0738407 0.068084 0.0630997 0.0588869 0.0554437 0.0527684 0.0508591 0.0497156 
0.0513101 0.0517086 0.0528982 0.0548811 0.0576591 0.0612342 0.0656084 0.0707833 0.07676 0.0835383 0.0911162 0.0994899 0.108653 0.118594 0.129302 0.140758 0.152939 0.16582 0.179369 0.193548 0.208314 0.22362 0.239412 0.255633 0.272219 0.289101 0.306209 0.323467 0.340796 0.358116 0.375343 0.392394 0.409184 0.425629 0.441645 0.457151 0.472068 0.486317 0.499827 0.512526 0.524349 0.535235 0.545127 0.553976 0.561736 0.568366 0.573834 0.578111 0.581175 0.583012 0.583612 0.582971 0.581093 0.577987 0.57367 0.568162 0.561493 0.553696 0.54481 0.534882 0.523963 0.512109 0.499381 0.485846 0.471573 0.456637 0.441114 0.425085 0.408632 0.391837 0.374786 0.357563 0.340251 0.322933 0.305691 0.288602 0.271741 0.255181 0.238988 0.223224 0.207949 0.193215 0.179069 0.165552 0.152703 0.140552 0.129126 0.118446 0.10853 0.099391 0.0910384 0.0834791 0.0767169 0.0707538 0.0655901 0.061225 0.0576572 0.0548849 0.0529064 0.0517215 
0.0532341 0.0536465 0.0548769 0.0569273 0.0597996 0.0634955 0.0680169 0.0733653 0.0795414 0.0865445 0.0943724 0.10302 0.112481 0.122744 0.133795 0.145615 0.158181 0.171465 0.185433 0.200046 0.215261 0.231027 0.247289 0.263987 0.281056 0.298424 0.316019 0.333763 0.351574 0.36937 0.387065 0.404574 0.421809 0.438686 0.455118 0.471022 0.486317 0.500925 0.51477 0.527782 0.539893 0.551043 0.561173 0.570233 0.578176 0.584963 0.590558 0.594935 0.598071 0.599951 0.600564 0.599909 0.597987 0.59481 0.590391 0.584755 0.577928 0.569946 0.560849 0.550682 0.539499 0.527355 0.514313 0.500441 0.485809 0.470492 0.454571 0.438125 0.421239 0.403997 0.386487 0.368795 0.351006 0.333206 0.315478 0.297901 0.280555 0.263512 0.246842 0.230609 0.214875 0.199693 0.185112 0.171178 0.157927 0.145393 0.133604 0.122582 0.112346 0.10291 0.0942838 0.0864758 0.0794899 0.0733286 0.0679927 0.0634815 0.0597939 0.0569284 0.0548833 0.0536587 
0.0550773 0.055503 0.0567721 0.058887 0.0618491 0.0656602 0.0703219 0.0758356 0.0822015 0.0894188 0.0974846 0.106394 0.116138 0.126707 0.138084 0.150251 0.163181 0.176847 0.191214 0.20624 0.221879 0.238082 0.254789 0.271939 0.289464 0.307292 0.325347 0.343549 0.361815 0.38006 0.398197 0.416137 0.433792 0.451075 0.467898 0.484176 0.499827 0.51477 0.52893 0.542235 0.554617 0.566013 0.576366 0.585623 0.593738 0.60067 0.606386 0.610856 0.614059 0.615978 0.616605 0.615936 0.613974 0.610729 0.606216 0.600459 0.593486 0.585331 0.576035 0.565646 0.554214 0.541799 0.528463 0.514274 0.499305 0.483632 0.467335 0.450497 0.433204 0.415542 0.397599 0.379465 0.361226 0.342971 0.324783 0.306747 0.288941 0.271441 0.254319 0.237642 0.221472 0.205865 0.190874 0.176542 0.16291 0.150012 0.137877 0.12653 0.11599 0.106271 0.0973856 0.0893408 0.082142 0.075792 0.0702918 0.0656414 0.0618397 0.0588854 0.056777 0.0555145 
0.056827 0.0572653 0.0585712 0.0607469 0.0637939 0.0677137 0.072508 0.0781777 0.0847229 0.0921423 0.100433 0.109588 0.119601 0.130457 0.142142 0.154635 0.167909 0.181935 0.196676 0.21209 0.22813 0.244741 0.261866 0.279441 0.297394 0.315653 0.33414 0.352771 0.371463 0.390128 0.408678 0.427021 0.445068 0.46273 0.479917 0.496544 0.512526 0.527782 0.542235 0.555813 0.568446 0.580071 0.59063 0.60007 0.608344 0.615413 0.621239 0.625796 0.629061 0.631017 0.631656 0.630974 0.628974 0.625667 0.621067 0.615199 0.608089 0.599774 0.590294 0.579697 0.568036 0.555368 0.541758 0.527275 0.511992 0.495987 0.47934 0.462137 0.444464 0.426409 0.408062 0.389514 0.370855 0.352173 0.333555 0.315087 0.29685 0.278922 0.261376 0.244282 0.227702 0.211697 0.196317 0.181612 0.167621 0.15438 0.141921 0.130267 0.11944 0.109455 0.100324 0.0920554 0.0846556 0.0781274 0.0724723 0.0676904 0.0637809 0.0607426 0.0585743 0.0572761 
0.0584711 0.0589211 0.0602614 0.062494 0.0656204 0.0696421 0.0745603 0.0803759 0.0870887 0.0946971 0.103197 0.112583 0.122845 0.133971 0.145943 0.15874 0.172335 0.186696 0.201786 0.217562 0.233974 0.250967 0.26848 0.286449 0.304801 0.32346 0.342347 0.361377 0.380464 0.399519 0.41845 0.437166 0.455576 0.473588 0.491112 0.508061 0.524349 0.539893 0.554617 0.568446 0.58131 0.593146 0.603895 0.613504 0.621925 0.629117 0.635046 0.639682 0.643004 0.644995 0.645645 0.644951 0.642917 0.639552 0.634872 0.628901 0.621666 0.613204 0.603555 0.592767 0.580894 0.567994 0.554132 0.539378 0.523805 0.507493 0.490523 0.472982 0.454957 0.436539 0.417818 0.398887 0.379838 0.36076 0.341744 0.322875 0.304238 0.285911 0.267971 0.250488 0.233528 0.217151 0.201411 0.186356 0.172031 0.158471 0.145708 0.133768 0.122673 0.112439 0.103079 0.0946018 0.087014 0.0803193 0.0745192 0.0696143 0.065604 0.0624873 0.060263 0.0589313 
0.0599979 0.0604589 0.0618309 0.0641162 0.0673161 0.0714318 0.0764647 0.0824152 0.0892829 0.0970658 0.10576 0.115358 0.125851 0.137225 0.149462 0.16254 0.17643 0.191101 0.206513 0.222621 0.239376 0.25672 0.274591 0.292923 0.311641 0.330668 0.349922 0.369318 0.388767 0.408179 0.42746 0.446518 0.46526 0.483593 0.501425 0.518668 0.535235 0.551043 0.566013 0.580071 0.593146 0.605174 0.616096 0.625858 0.634413 0.641719 0.64774 0.652449 0.655822 0.657844 0.658504 0.6578 0.655734 0.652317 0.647565 0.6415 0.634152 0.625555 0.615753 0.604791 0.592725 0.579613 0.565521 0.550519 0.534682 0.518089 0.500825 0.482974 0.464628 0.445877 0.426814 0.407532 0.388124 0.368684 0.349302 0.330065 0.31106 0.292367 0.274064 0.256224 0.238913 0.222194 0.206121 0.190746 0.176112 0.162257 0.149214 0.13701 0.125668 0.115204 0.105632 0.0969626 0.0892012 0.0823525 0.0764185 0.0714 0.0672965 0.0641072 0.0618311 0.0604685 
