7.4446e-40 1.27933e-40 3.53823e-40 3.36351e-39 3.17431e-38 2.8852e-37 2.52328e-36 2.12197e-35 1.71477e-34 1.33066e-33 9.90835e-33 7.07439e-32 4.83947e-31 3.16953e-30 1.98587e-29 1.18945e-28 6.80576e-28 3.71768e-27 1.93774e-26 9.63295e-26 4.566e-25 2.06327e-24 8.88825e-24 3.65055e-23 1.42972e-22 5.34023e-22 1.90239e-21 6.46258e-21 2.09271e-20 6.45571e-20 1.89571e-19 5.29462e-19 1.40538e-18 3.54285e-18 8.47759e-18 1.92455e-17 4.14281e-17 8.45084e-17 1.63204e-16 2.97908e-16 5.12599e-16 8.28155e-16 1.25062e-15 1.75892e-15 2.30207e-15 2.81353e-15 3.23675e-15 3.54478e-15 3.74198e-15 3.85083e-15 3.89507e-15 3.88736e-15 3.82389e-15 3.68544e-15 3.44595e-15 3.08828e-15 2.62165e-15 2.08885e-15 1.55441e-15 1.07959e-15 7.01538e-16 4.28213e-16 2.46502e-16 1.34259e-16 6.93494e-17 3.40257e-17 1.58754e-17 7.04971e-18 2.98182e-18 1.20218e-18 4.62356e-19 1.69769e-19 5.95661e-20 1.99888e-20 6.42076e-21 1.97568e-21 5.82686e-22 1.64791e-22 4.47049e-23 1.1636e-23 2.90648e-24 6.96854e-25 1.60413e-25 3.54656e-26 7.53382e-27 1.53841e-27 3.02146e-28 5.71098e-29 1.03953e-29 1.82345e-30 3.08454e-31 5.03547e-32 7.93885e-33 1.20965e-33 1.7826e-34 2.54246e-35 3.512e-36 4.70166e-37 6.10417e-38 7.69756e-39 
1.27933e-40 2.24677e-41 6.91213e-41 6.82397e-40 6.6637e-39 6.27162e-38 5.68414e-37 4.95804e-36 4.15953e-35 3.35412e-34 2.59786e-33 1.93127e-32 1.37705e-31 9.41042e-31 6.15893e-30 3.85766e-29 2.31082e-28 1.32298e-27 7.23496e-27 3.77751e-26 1.88233e-25 8.94929e-25 4.05888e-24 1.75593e-23 7.24524e-23 2.85097e-22 1.0696e-21 3.82423e-21 1.30221e-20 4.21953e-20 1.29975e-19 3.80219e-19 1.0553e-18 2.77675e-18 6.92156e-18 1.63344e-17 3.64719e-17 7.69945e-17 1.53528e-16 2.88694e-16 5.10469e-16 8.45067e-16 1.30285e-15 1.8621e-15 2.46372e-15 3.02861e-15 3.49035e-15 3.81969e-15 4.0251e-15 4.13525e-15 4.17862e-15 4.16988e-15 4.10428e-15 3.95881e-15 3.70147e-15 3.30979e-15 2.79285e-15 2.20116e-15 1.61182e-15 1.09634e-15 6.94981e-16 4.12538e-16 2.30351e-16 1.21415e-16 6.0556e-17 2.86247e-17 1.28391e-17 5.46953e-18 2.21496e-18 8.53405e-19 3.13121e-19 1.09511e-19 3.65469e-20 1.16506e-20 3.55144e-21 1.03616e-21 2.89587e-22 7.75809e-23 1.99345e-23 4.91519e-24 1.16345e-24 2.64494e-25 5.77744e-26 1.21316e-26 2.4502e-27 4.7625e-28 8.91452e-29 1.608e-29 2.79709e-30 4.69543e-31 7.61235e-32 1.19278e-32 1.80769e-33 2.65172e-34 3.76781e-35 5.18934e-36 6.93259e-37 8.98936e-38 1.13211e-38 1.38711e-39 
3.53823e-40 6.91213e-41 3.02491e-40 3.11228e-39 3.12777e-38 3.02589e-37 2.81606e-36 2.51973e-35 2.16632e-34 1.78841e-33 1.41674e-32 1.07617e-31 7.83292e-31 5.45867e-30 3.63951e-29 2.31988e-28 1.41268e-27 8.21251e-27 4.55511e-26 2.40925e-25 1.21462e-24 5.83505e-24 2.6706e-23 1.16437e-22 4.83586e-22 1.91307e-21 7.20767e-21 2.58537e-20 8.82423e-20 2.86369e-19 8.82824e-19 2.58289e-18 7.16529e-18 1.88333e-17 4.68716e-17 1.10392e-16 2.4591e-16 5.17795e-16 1.02972e-15 1.93119e-15 3.40657e-15 5.62803e-15 8.66225e-15 1.23625e-14 1.63343e-14 2.00519e-14 2.3078e-14 2.52251e-14 2.65561e-14 2.72647e-14 2.75401e-14 2.74783e-14 2.70459e-14 2.60886e-14 2.43923e-14 2.18064e-14 1.83913e-14 1.44837e-14 1.05962e-14 7.20156e-15 4.56271e-15 2.70791e-15 1.51218e-15 7.97216e-16 3.97664e-16 1.87953e-16 8.42605e-17 3.58594e-17 1.44983e-17 5.57313e-18 2.03848e-18 7.10121e-19 2.35828e-19 7.47348e-20 2.26214e-20 6.54557e-21 1.81177e-21 4.79989e-22 1.21764e-22 2.95891e-23 6.88991e-24 1.53786e-24 3.29162e-25 6.75904e-26 1.33218e-26 2.52164e-27 4.58688e-28 8.02325e-29 1.35046e-29 2.18889e-30 3.4189e-31 5.14979e-32 7.48592e-33 1.05091e-33 1.42578e-34 1.87072e-35 2.37532e-36 2.9206e-37 3.47963e-38 4.02338e-39 
3.36351e-39 6.82397e-40 3.11228e-39 3.1774e-38 3.1659e-37 3.03705e-36 2.80314e-35 2.4878e-34 2.12174e-33 1.73775e-32 1.36581e-31 1.0294e-30 7.43418e-30 5.14045e-29 3.40051e-28 2.1504e-27 1.29896e-26 7.48966e-26 4.11935e-25 2.15998e-24 1.07926e-23 5.13704e-23 2.32874e-22 1.00534e-21 4.13321e-21 1.61824e-20 6.03316e-20 2.14139e-19 7.23255e-19 2.32291e-18 7.08829e-18 2.0531e-17 5.63964e-17 1.46805e-16 3.6192e-16 8.44584e-16 1.86472e-15 3.89302e-15 7.6795e-15 1.42946e-14 2.50447e-14 4.11331e-14 6.29993e-14 8.95606e-14 1.17981e-13 1.44514e-13 1.66066e-13 1.81329e-13 1.90774e-13 1.95791e-13 1.97729e-13 1.97261e-13 1.94141e-13 1.87259e-13 1.75086e-13 1.56553e-13 1.32102e-13 1.04142e-13 7.63257e-14 5.20141e-14 3.30771e-14 1.97229e-14 1.10746e-14 5.87462e-15 2.94998e-15 1.40419e-15 6.34182e-16 2.71967e-16 1.10827e-16 4.29458e-17 1.58376e-17 5.56337e-18 1.86331e-18 5.95589e-19 1.81849e-19 5.30781e-20 1.48193e-20 3.95965e-21 1.0129e-21 2.4814e-22 5.82338e-23 1.30963e-23 2.82344e-24 5.83805e-25 1.15835e-25 2.20671e-26 4.03893e-27 7.10719e-28 1.20324e-28 1.9613e-29 3.08033e-30 4.66483e-31 6.81674e-32 9.6191e-33 1.31164e-33 1.7295e-34 2.20665e-35 2.72607e-36 3.26286e-37 3.78965e-38 
3.17431e-38 6.6637e-39 3.12777e-38 3.1659e-37 3.12602e-36 2.97232e-35 2.71963e-34 2.39314e-33 2.0239e-32 1.64389e-31 1.28145e-30 9.57963e-30 6.86225e-29 4.70655e-28 3.08816e-27 1.93687e-26 1.16025e-25 6.63327e-25 3.61674e-24 1.87955e-23 9.3051e-23 4.38691e-22 1.96912e-21 8.4144e-21 3.42311e-20 1.32584e-19 4.88923e-19 1.71635e-18 5.73362e-18 1.82157e-17 5.49923e-17 1.57615e-16 4.28497e-16 1.10417e-15 2.69526e-15 6.2293e-15 1.36257e-14 2.81932e-14 5.51447e-14 1.01838e-13 1.77154e-13 2.89151e-13 4.40577e-13 6.23752e-13 8.19102e-13 1.00099e-12 1.14841e-12 1.25261e-12 1.31698e-12 1.3511e-12 1.36418e-12 1.36079e-12 1.33916e-12 1.29164e-12 1.20773e-12 1.08015e-12 9.11994e-13 7.19811e-13 5.28598e-13 3.61297e-13 2.30686e-13 1.38245e-13 7.8085e-14 4.1694e-14 2.10861e-14 1.01127e-14 4.6032e-15 1.99016e-15 8.17785e-16 3.19608e-16 1.18895e-16 4.2137e-17 1.42406e-17 4.59368e-18 1.41558e-18 4.17014e-19 1.17503e-19 3.16817e-20 8.17635e-21 2.02032e-21 4.78088e-22 1.08383e-22 2.3548e-23 4.90553e-24 9.8038e-25 1.88082e-25 3.46607e-26 6.1401e-27 1.04636e-27 1.71669e-28 2.71354e-29 4.13568e-30 6.08209e-31 8.63725e-32 1.1853e-32 1.57295e-33 2.0199e-34 2.51163e-35 3.02598e-36 3.53793e-37 
2.8852e-37 6.27162e-38 3.02589e-37 3.03705e-36 2.97232e-35 2.80171e-34 2.54172e-33 2.21787e-32 1.86021e-31 1.49862e-30 1.15878e-29 8.59306e-29 6.10628e-28 4.15452e-27 2.70401e-26 1.68214e-25 9.99353e-25 5.6653e-24 3.0623e-23 1.57727e-22 7.73674e-22 3.61267e-21 1.6055e-20 6.78991e-20 2.7328e-19 1.04687e-18 3.81733e-18 1.32493e-17 4.37609e-17 1.37471e-16 4.10429e-16 1.16355e-15 3.1295e-15 7.97969e-15 1.92785e-14 4.41114e-14 9.55539e-14 1.95876e-13 3.79747e-13 6.95527e-13 1.20089e-12 1.94736e-12 2.95108e-12 4.15995e-12 5.44472e-12 6.63761e-12 7.6021e-12 8.28251e-12 8.70205e-12 8.92394e-12 9.00839e-12 8.98493e-12 8.84148e-12 8.52753e-12 7.97416e-12 7.1339e-12 6.02743e-12 4.7635e-12 3.50568e-12 2.40383e-12 1.54147e-12 9.2873e-13 5.27855e-13 2.8381e-13 1.44608e-13 6.9901e-14 3.20809e-14 1.39882e-14 5.79823e-15 2.28633e-15 8.58276e-16 3.07001e-16 1.04733e-16 3.41071e-17 1.06114e-17 3.156e-18 8.97718e-19 2.44299e-19 6.36188e-20 1.58573e-20 3.78409e-21 8.64805e-22 1.89354e-22 3.97417e-23 7.99987e-24 1.54549e-24 2.86751e-25 5.11356e-26 8.77122e-27 1.4483e-27 2.3039e-28 3.5336e-29 5.22946e-30 7.4733e-31 1.03206e-31 1.37829e-32 1.78124e-33 2.22915e-34 2.7031e-35 3.18122e-36 
2.52328e-36 5.68414e-37 2.81606e-36 2.80314e-35 2.71963e-34 2.54172e-33 2.28658e-32 1.97882e-31 1.64623e-30 1.31558e-29 1.00914e-28 7.42408e-28 5.23385e-27 3.53272e-26 2.28095e-25 1.40752e-24 8.29341e-24 4.66211e-23 2.49835e-22 1.27536e-21 6.19814e-21 2.86643e-20 1.26111e-19 5.27775e-19 2.10115e-18 7.95877e-18 2.86877e-17 9.84101e-17 3.21234e-16 9.97388e-16 2.94356e-15 8.25048e-15 2.19439e-14 5.53423e-14 1.32274e-13 2.99503e-13 6.42226e-13 1.30372e-12 2.50421e-12 4.54708e-12 7.78949e-12 1.2545e-11 1.89024e-11 2.6524e-11 3.45946e-11 4.20659e-11 4.80917e-11 5.23334e-11 5.49438e-11 5.6321e-11 5.68411e-11 5.66862e-11 5.57778e-11 5.37971e-11 5.03119e-11 4.50265e-11 3.80728e-11 3.01328e-11 2.22288e-11 1.52953e-11 9.85378e-12 5.9709e-12 3.41617e-12 1.85026e-12 9.50194e-13 4.63133e-13 2.14397e-13 9.43192e-14 3.94546e-14 1.57032e-14 5.9511e-15 2.14934e-15 7.40469e-16 2.43542e-16 7.65275e-17 2.29866e-17 6.6024e-18 1.81386e-18 4.76713e-19 1.19878e-19 2.88502e-20 6.647e-21 1.46675e-21 3.10143e-22 6.28802e-23 1.22324e-23 2.28495e-24 4.10159e-25 7.08096e-26 1.17666e-26 1.8836e-27 2.90706e-28 4.32909e-29 6.22518e-30 8.65064e-31 1.16252e-31 1.51187e-32 1.90406e-33 2.32369e-34 2.75244e-35 
2.12197e-35 4.95804e-36 2.51973e-35 2.4878e-34 2.39314e-33 2.21787e-32 1.97882e-31 1.69859e-30 1.40177e-29 1.11133e-28 8.45756e-28 6.17328e-27 4.31794e-26 2.89158e-25 1.8522e-24 1.13377e-23 6.62592e-23 3.69362e-22 1.96233e-21 9.92819e-21 4.78036e-20 2.18939e-19 9.53496e-19 3.94814e-18 1.55444e-17 5.82034e-17 2.07317e-16 7.02612e-16 2.26565e-15 6.94936e-15 2.02636e-14 5.61263e-14 1.47547e-13 3.67869e-13 8.6942e-13 1.94711e-12 4.13103e-12 8.30065e-12 1.57897e-11 2.84108e-11 4.82689e-11 7.71761e-11 1.15584e-10 1.61406e-10 2.0974e-10 2.54345e-10 2.90226e-10 3.15426e-10 3.30902e-10 3.39045e-10 3.42095e-10 3.41122e-10 3.35638e-10 3.23727e-10 3.02804e-10 2.71111e-10 2.29449e-10 1.81894e-10 1.34533e-10 9.29211e-11 6.01634e-11 3.668e-11 2.11344e-11 1.1536e-11 5.97377e-12 2.93726e-12 1.37216e-12 6.09335e-13 2.57347e-13 1.03432e-13 3.95907e-14 1.44444e-14 5.02762e-15 1.6708e-15 5.30473e-16 1.60978e-16 4.67037e-17 1.29563e-17 3.43716e-18 8.72116e-19 2.11689e-19 4.91719e-20 1.09352e-20 2.32952e-21 4.75693e-22 9.31802e-23 1.75227e-23 3.16603e-24 5.50093e-25 9.19886e-26 1.48176e-26 2.30108e-27 3.44785e-28 4.98858e-29 6.97508e-30 9.43164e-31 1.23424e-31 1.56418e-32 1.92099e-33 2.29001e-34 
1.71477e-34 4.15953e-35 2.16632e-34 2.12174e-33 2.0239e-32 1.86021e-31 1.64623e-30 1.40177e-29 1.14765e-28 9.02721e-28 6.81634e-27 4.93662e-26 3.42607e-25 2.27639e-24 1.44664e-23 8.78446e-23 5.09194e-22 2.81481e-21 1.48258e-20 7.43402e-20 3.54615e-19 1.60831e-18 6.93269e-18 2.83977e-17 1.10545e-16 4.09048e-16 1.43926e-15 4.81691e-15 1.53366e-14 4.6447e-14 1.33738e-13 3.6585e-13 9.50069e-13 2.34045e-12 5.46658e-12 1.21025e-11 2.53917e-11 5.04748e-11 9.50359e-11 1.69369e-10 2.85246e-10 4.5259e-10 6.73485e-10 9.35659e-10 1.21108e-09 1.46441e-09 1.66763e-09 1.81001e-09 1.89725e-09 1.94303e-09 1.96002e-09 1.95422e-09 1.92273e-09 1.85459e-09 1.7351e-09 1.5543e-09 1.31682e-09 1.04582e-09 7.7575e-10 5.38027e-10 3.50249e-10 2.14947e-10 1.24785e-10 6.86782e-11 3.58792e-11 1.78058e-11 8.39848e-12 3.76657e-12 1.60694e-12 6.52549e-13 2.52409e-13 9.30765e-14 3.2748e-14 1.10016e-14 3.53086e-15 1.08293e-15 3.17454e-16 8.89497e-17 2.3824e-17 6.10013e-18 1.49353e-18 3.49782e-19 7.83963e-20 1.68257e-20 3.46049e-21 6.82536e-22 1.29211e-22 2.34985e-23 4.10891e-24 6.91426e-25 1.12067e-25 1.75105e-26 2.6398e-27 3.84282e-28 5.406e-29 7.35488e-30 9.68421e-31 1.23493e-31 1.52615e-32 1.83085e-33 
1.33066e-33 3.35412e-34 1.78841e-33 1.73775e-32 1.64389e-31 1.49862e-30 1.31558e-29 1.11133e-28 9.02721e-28 7.0453e-27 5.27858e-26 3.79334e-25 2.61223e-24 1.72213e-23 1.0858e-22 6.54073e-22 3.76049e-21 2.06143e-20 1.0764e-19 5.34901e-19 2.52769e-18 1.13514e-17 4.84242e-17 1.96189e-16 7.54927e-16 2.75973e-15 9.58828e-15 3.1675e-14 9.95232e-14 2.97424e-13 8.45138e-13 2.28195e-12 5.8503e-12 1.4231e-11 3.28299e-11 7.18068e-11 1.48891e-10 2.92634e-10 5.45058e-10 9.6158e-10 1.60453e-09 2.52519e-09 3.73202e-09 5.1565e-09 6.64644e-09 8.01208e-09 9.10436e-09 9.8677e-09 1.03343e-08 1.05785e-08 1.06683e-08 1.06354e-08 1.04638e-08 1.00939e-08 9.4461e-09 8.4671e-09 7.18206e-09 5.71578e-09 4.25342e-09 2.96342e-09 1.94056e-09 1.1994e-09 7.01945e-10 3.89753e-10 2.05539e-10 1.03012e-10 4.90855e-11 2.22457e-11 9.59276e-12 3.9381e-12 1.54024e-12 5.74392e-13 2.04402e-13 6.94538e-14 2.25434e-14 6.99091e-15 2.07136e-15 5.86366e-16 1.58589e-16 4.09834e-17 1.01222e-17 2.39027e-18 5.39943e-19 1.16753e-19 2.41844e-20 4.80299e-21 9.15334e-22 1.67546e-22 2.94834e-23 4.99236e-24 8.1417e-25 1.27994e-25 1.94135e-26 2.84327e-27 4.02422e-28 5.5084e-29 7.29745e-30 9.36315e-31 1.16431e-31 1.40556e-32 
9.90835e-33 2.59786e-33 1.41674e-32 1.36581e-31 1.28145e-30 1.15878e-29 1.00914e-28 8.45756e-28 6.81634e-27 5.27858e-26 3.92436e-25 2.79841e-24 1.91219e-23 1.25081e-22 7.82437e-22 4.67564e-21 2.66626e-20 1.44934e-19 7.50237e-19 3.6946e-18 1.72943e-17 7.68949e-17 3.24588e-16 1.30046e-15 4.94528e-15 1.78541e-14 6.12266e-14 1.99546e-13 6.18365e-13 1.82238e-12 5.10682e-12 1.36006e-11 3.4399e-11 8.25698e-11 1.88008e-10 4.05989e-10 8.31405e-10 1.61458e-09 2.97307e-09 5.18892e-09 8.57361e-09 1.33763e-08 1.9625e-08 2.69571e-08 3.45906e-08 4.15613e-08 4.71193e-08 5.0993e-08 5.3355e-08 5.4587e-08 5.50357e-08 5.48601e-08 5.39747e-08 5.20729e-08 4.87483e-08 4.37286e-08 3.71437e-08 2.96299e-08 2.21284e-08 1.54946e-08 1.02119e-08 6.3604e-09 3.75485e-09 2.10466e-09 1.12109e-09 5.67795e-10 2.73506e-10 1.2534e-10 5.46656e-11 2.27024e-11 8.98409e-12 3.39048e-12 1.22108e-12 4.19906e-13 1.3791e-13 4.3261e-14 1.29602e-14 3.7076e-15 1.01279e-15 2.64196e-16 6.58307e-17 1.56752e-17 3.56893e-18 7.77518e-19 1.62214e-19 3.24379e-20 6.2232e-21 1.14652e-21 2.03038e-22 3.45949e-23 5.67668e-24 8.97879e-25 1.37014e-25 2.01888e-26 2.87476e-27 3.95896e-28 5.27682e-29 6.81216e-30 8.52341e-31 1.03539e-31 
7.07439e-32 1.93127e-32 1.07617e-31 1.0294e-30 9.57963e-30 8.59306e-29 7.42408e-28 6.17328e-27 4.93662e-26 3.79334e-25 2.79841e-24 1.98012e-23 1.34257e-22 8.71367e-22 5.40778e-21 3.20563e-20 1.81301e-19 9.77223e-19 5.01439e-18 2.44694e-17 1.1345e-16 4.99365e-16 2.08549e-15 8.26104e-15 3.1037e-14 1.10627e-13 3.74286e-13 1.20281e-12 3.67385e-12 1.06696e-11 2.94641e-11 7.73373e-11 1.92824e-10 4.56372e-10 1.02486e-09 2.18332e-09 4.41255e-09 8.46073e-09 1.53912e-08 2.65568e-08 4.3421e-08 6.71175e-08 9.77014e-08 1.33361e-07 1.70302e-07 2.03902e-07 2.30603e-07 2.4916e-07 2.60445e-07 2.66312e-07 2.68427e-07 2.67541e-07 2.63228e-07 2.53997e-07 2.37884e-07 2.13579e-07 1.81711e-07 1.4534e-07 1.08981e-07 7.67345e-08 5.09303e-08 3.19872e-08 1.90613e-08 1.07931e-08 5.81133e-09 2.97643e-09 1.45043e-09 6.72613e-10 2.96917e-10 1.24833e-10 5.0021e-11 1.91172e-11 6.97298e-12 2.42827e-12 8.07427e-13 2.56324e-13 7.76709e-14 2.24609e-14 6.19816e-15 1.63233e-15 4.10383e-16 9.85424e-17 2.26147e-17 4.964e-18 1.04311e-18 2.10037e-19 4.05653e-20 7.5222e-21 1.3406e-21 2.2985e-22 3.79491e-23 6.03916e-24 9.27176e-25 1.37447e-25 1.96904e-26 2.72816e-27 3.65852e-28 4.752e-29 5.98247e-30 7.31263e-31 
4.83947e-31 1.37705e-31 7.83292e-31 7.43418e-30 6.86225e-29 6.10628e-28 5.23385e-27 4.31794e-26 3.42607e-25 2.61223e-24 1.91219e-23 1.34257e-22 9.03221e-22 5.81622e-21 3.58095e-20 2.10559e-19 1.18102e-18 6.31165e-18 3.21016e-17 1.55213e-16 7.12698e-16 3.10511e-15 1.28278e-14 5.0228e-14 1.86389e-13 6.55659e-13 2.18756e-12 6.92788e-12 2.08424e-11 5.96039e-11 1.62064e-10 4.18888e-10 1.02866e-09 2.39852e-09 5.30776e-09 1.11459e-08 2.22125e-08 4.20176e-08 7.54516e-08 1.28608e-07 2.07927e-07 3.1821e-07 4.59313e-07 6.22706e-07 7.91071e-07 9.43555e-07 1.06431e-06 1.14798e-06 1.19871e-06 1.225e-06 1.23438e-06 1.23018e-06 1.2104e-06 1.16822e-06 1.0947e-06 9.83895e-07 8.38666e-07 6.72848e-07 5.06813e-07 3.59055e-07 2.40164e-07 1.52214e-07 9.16292e-08 5.2454e-08 2.85708e-08 1.48103e-08 7.30712e-09 3.43174e-09 1.53457e-09 6.537e-10 2.6545e-10 1.02824e-10 3.80127e-11 1.34146e-11 4.51858e-12 1.45238e-12 4.45315e-13 1.30211e-13 3.63066e-14 9.65457e-15 2.44932e-15 5.93147e-16 1.37215e-16 3.03484e-17 6.42354e-18 1.30244e-18 2.53241e-19 4.72671e-20 8.47786e-21 1.46271e-21 2.42999e-22 3.89085e-23 6.01006e-24 8.9638e-25 1.29197e-25 1.80098e-26 2.42994e-27 3.17564e-28 4.0227e-29 4.94787e-30 
3.16953e-30 9.41042e-31 5.45867e-30 5.14045e-29 4.70655e-28 4.15452e-27 3.53272e-26 2.89158e-25 2.27639e-24 1.72213e-23 1.25081e-22 8.71367e-22 5.81622e-21 3.71569e-20 2.26936e-19 1.32348e-18 7.3614e-18 3.90026e-17 1.96603e-16 9.41746e-16 4.28201e-15 1.84633e-14 7.54365e-14 2.91907e-13 1.06959e-12 3.71184e-12 1.22068e-11 3.80736e-11 1.12741e-10 3.17206e-10 8.48441e-10 2.1574e-09 5.21302e-09 1.19633e-08 2.60634e-08 5.38984e-08 1.05819e-07 1.97294e-07 3.4941e-07 5.87836e-07 9.38986e-07 1.42166e-06 2.0334e-06 2.73651e-06 3.45684e-06 4.10626e-06 4.61861e-06 4.97247e-06 5.18643e-06 5.2969e-06 5.33583e-06 5.31717e-06 5.23207e-06 5.05125e-06 4.73649e-06 4.26247e-06 3.64129e-06 2.93158e-06 2.21947e-06 1.58323e-06 1.06806e-06 6.83682e-07 4.16116e-07 2.41043e-07 1.32937e-07 6.98083e-08 3.49032e-08 1.66162e-08 7.53369e-09 3.25462e-09 1.34057e-09 5.26781e-10 1.97546e-10 7.0698e-11 2.41389e-11 7.8597e-12 2.43937e-12 7.21434e-13 2.03296e-13 5.45947e-14 1.3978e-14 3.41421e-15 7.96231e-16 1.77458e-16 3.78361e-17 7.72564e-18 1.51236e-18 2.84148e-19 5.12944e-20 8.90619e-21 1.48886e-21 2.39874e-22 3.72812e-23 5.59456e-24 8.11309e-25 1.13791e-25 1.54477e-26 2.03134e-27 2.5892e-28 3.20471e-29 
1.98587e-29 6.15893e-30 3.63951e-29 3.40051e-28 3.08816e-27 2.70401e-26 2.28095e-25 1.8522e-24 1.44664e-23 1.0858e-22 7.82437e-22 5.40778e-21 3.58095e-20 2.26936e-19 1.37475e-18 7.95111e-18 4.38501e-17 2.303e-16 1.15037e-15 5.45831e-15 2.45717e-14 1.04834e-13 4.23529e-13 1.61921e-12 5.85653e-12 2.00425e-11 6.49343e-11 1.99345e-10 5.80541e-10 1.60559e-09 4.22033e-09 1.0546e-08 2.50471e-08 5.65127e-08 1.2108e-07 2.46321e-07 4.75926e-07 8.73699e-07 1.52452e-06 2.52903e-06 3.98762e-06 5.96765e-06 8.45135e-06 1.12828e-05 1.41655e-05 1.67516e-05 1.87837e-05 2.01825e-05 2.10256e-05 2.14593e-05 2.16103e-05 2.1533e-05 2.11907e-05 2.04661e-05 1.92063e-05 1.73103e-05 1.48257e-05 1.19841e-05 9.12574e-06 6.55989e-06 4.4673e-06 2.89086e-06 1.78071e-06 1.04482e-06 5.84042e-07 3.11005e-07 1.57742e-07 7.62012e-08 3.50664e-08 1.53795e-08 6.43229e-09 2.56664e-09 9.77234e-10 3.54949e-10 1.22926e-10 4.05661e-11 1.27493e-11 3.81482e-12 1.08667e-12 2.94761e-13 7.61745e-14 1.87687e-14 4.41304e-15 9.91204e-16 2.12905e-16 4.37825e-17 8.62989e-18 1.63229e-18 2.96594e-19 5.18291e-20 8.71942e-21 1.41365e-21 2.21085e-22 3.33837e-23 4.87136e-24 6.8749e-25 9.39133e-26 1.24267e-26 1.59392e-27 1.98536e-28 
1.18945e-28 3.85766e-29 2.31988e-28 2.1504e-27 1.93687e-26 1.68214e-25 1.40752e-24 1.13377e-23 8.78446e-23 6.54073e-22 4.67564e-21 3.20563e-20 2.10559e-19 1.32348e-18 7.95111e-18 4.55986e-17 2.493e-16 1.29765e-15 6.42204e-15 3.01776e-14 1.34473e-13 5.67569e-13 2.26672e-12 8.55956e-12 3.05497e-11 1.03057e-10 3.28762e-10 9.92732e-10 2.84104e-09 7.71609e-09 1.99096e-08 4.88341e-08 1.13862e-07 2.52271e-07 5.30913e-07 1.06126e-06 2.01561e-06 3.63913e-06 6.24928e-06 1.02112e-05 1.58759e-05 2.34614e-05 3.2869e-05 4.34984e-05 5.42456e-05 6.3836e-05 7.13399e-05 7.64865e-05 7.95786e-05 8.1163e-05 8.17076e-05 8.14094e-05 8.01284e-05 7.74251e-05 7.27309e-05 6.56694e-05 5.64133e-05 4.58128e-05 3.5116e-05 2.54609e-05 1.75212e-05 1.14746e-05 7.16123e-06 4.26084e-06 2.41681e-06 1.30656e-06 6.73028e-07 3.3029e-07 1.5445e-07 6.88502e-08 2.92728e-08 1.18739e-08 4.59455e-09 1.69511e-09 5.95842e-10 1.99392e-10 6.34832e-11 1.9224e-11 5.53688e-12 1.51729e-12 3.95842e-13 9.83988e-14 2.33296e-14 5.2815e-15 1.14301e-15 2.36758e-16 4.69948e-17 8.94952e-18 1.63704e-18 2.87948e-19 4.87569e-20 7.95558e-21 1.25213e-21 1.90271e-22 2.79404e-23 3.96821e-24 5.45511e-25 7.26425e-26 9.37706e-27 1.17552e-27 
6.80576e-28 2.31082e-28 1.41268e-27 1.29896e-26 1.16025e-25 9.99353e-25 8.29341e-24 6.62592e-23 5.09194e-22 3.76049e-21 2.66626e-20 1.81301e-19 1.18102e-18 7.3614e-18 4.38501e-17 2.493e-16 1.35092e-15 6.96757e-15 3.41559e-14 1.58916e-13 7.00788e-13 2.92529e-12 1.15458e-11 4.30504e-11 1.51563e-10 5.03769e-10 1.58154e-09 4.69408e-09 1.31899e-08 3.51422e-08 8.89059e-08 2.13769e-07 4.8865e-07 1.06169e-06 2.1918e-06 4.29931e-06 8.01595e-06 1.42153e-05 2.39938e-05 3.85693e-05 5.90598e-05 8.60896e-05 0.000119194 0.000156229 0.000193392 0.000226364 0.000252043 0.000269589 0.000280094 0.000285456 0.000287274 0.000286211 0.000281768 0.000272424 0.000256215 0.000231837 0.000199866 0.000163183 0.000126023 9.22623e-05 6.42337e-05 4.26242e-05 2.69856e-05 1.63023e-05 9.39508e-06 5.16311e-06 2.70458e-06 1.35014e-06 6.424e-07 2.91448e-07 1.26128e-07 5.2069e-08 2.04972e-08 7.68789e-09 2.74469e-09 9.3187e-10 3.00683e-10 9.21781e-11 2.68506e-11 7.43503e-12 1.95855e-12 4.91273e-13 1.17471e-13 2.68089e-14 5.84673e-15 1.22007e-15 2.43918e-16 4.67762e-17 8.61494e-18 1.52555e-18 2.60032e-19 4.27084e-20 6.76583e-21 1.03482e-21 1.52945e-22 2.18628e-23 3.02501e-24 4.05444e-25 5.26784e-26 6.64728e-27 
3.71768e-27 1.32298e-27 8.21251e-27 7.48966e-26 6.63327e-25 5.6653e-24 4.66211e-23 3.69362e-22 2.81481e-21 2.06143e-20 1.44934e-19 9.77223e-19 6.31165e-18 3.90026e-17 2.303e-16 1.29765e-15 6.96757e-15 3.55984e-14 1.72807e-13 7.9584e-13 3.47203e-12 1.43295e-11 5.58758e-11 2.05646e-10 7.13874e-10 2.33683e-09 7.2156e-09 2.10356e-08 5.79831e-08 1.51386e-07 3.75028e-07 8.82702e-07 1.9752e-06 4.20204e-06 8.49691e-06 1.63309e-05 2.98473e-05 5.19139e-05 8.60049e-05 0.00013582 0.000204562 0.000293752 0.000401471 0.00052066 0.000639266 0.000743824 0.000824856 0.000879997 0.000912896 0.000929617 0.000935209 0.000931719 0.000917519 0.000887745 0.000836143 0.000758541 0.000656668 0.000539491 0.000420227 0.000311026 0.00021936 0.000147695 9.49896e-05 5.83476e-05 3.42142e-05 1.91413e-05 1.02112e-05 5.19286e-06 2.51775e-06 1.16425e-06 5.1356e-07 2.16049e-07 8.6617e-08 3.30566e-08 1.19949e-08 4.13405e-09 1.35242e-09 4.19862e-10 1.23725e-10 3.46274e-11 9.2123e-12 2.33224e-12 5.62556e-13 1.29452e-13 2.84565e-14 5.98363e-15 1.20513e-15 2.32779e-16 4.31752e-17 7.69875e-18 1.32128e-18 2.18486e-19 3.48461e-20 5.36544e-21 7.98314e-22 1.14878e-22 1.60011e-23 2.15899e-24 2.82392e-25 3.58744e-26 
1.93774e-26 7.23496e-27 4.55511e-26 4.11935e-25 3.61674e-24 3.0623e-23 2.49835e-22 1.96233e-21 1.48258e-20 1.0764e-19 7.50237e-19 5.01439e-18 3.21016e-17 1.96603e-16 1.15037e-15 6.42204e-15 3.41559e-14 1.72807e-13 8.30402e-13 3.78408e-12 1.63268e-11 6.65965e-11 2.56457e-10 9.31276e-10 3.18622e-09 1.02667e-08 3.11611e-08 8.91632e-08 2.40873e-07 6.1556e-07 1.4912e-06 3.43042e-06 7.50182e-06 1.56002e-05 3.08457e-05 5.79932e-05 0.000103728 0.000176665 0.00028681 0.000444284 0.00065719 0.000928378 0.00125084 0.00160326 0.00195068 0.00225482 0.00248925 0.00264809 0.00274251 0.0027903 0.00280605 0.00279557 0.00275399 0.00266705 0.00251648 0.00228997 0.0019922 0.00164859 0.00129681 0.000971717 0.000695302 0.000475736 0.000311311 0.000194746 0.000116382 6.63912e-05 3.61278e-05 1.87474e-05 9.27784e-06 4.37988e-06 1.97228e-06 8.46657e-07 3.46085e-07 1.34515e-07 4.96438e-08 1.73778e-08 5.76627e-09 1.81353e-09 5.408e-10 1.53023e-10 4.11266e-11 1.05115e-11 2.55836e-12 5.93772e-13 1.31599e-13 2.78914e-14 5.66072e-15 1.10162e-15 2.0583e-16 3.69681e-17 6.3899e-18 1.06411e-18 1.70904e-19 2.64985e-20 3.97005e-21 5.75251e-22 8.06797e-23 1.09612e-23 1.44362e-24 1.84669e-25 
9.63295e-26 3.77751e-26 2.40925e-25 2.15998e-24 1.87955e-23 1.57727e-22 1.27536e-21 9.92819e-21 7.43402e-20 5.34901e-19 3.6946e-18 2.44694e-17 1.55213e-16 9.41746e-16 5.45831e-15 3.01776e-14 1.58916e-13 7.9584e-13 3.78408e-12 1.70551e-11 7.27416e-11 2.9312e-10 1.11424e-09 3.99034e-09 1.34489e-08 4.26335e-08 1.27116e-07 3.56725e-07 9.43586e-07 2.35748e-06 5.57667e-06 1.25177e-05 2.6704e-05 5.41791e-05 0.000104555 0.000191935 0.000335354 0.000558274 0.000886599 0.00134485 0.00195052 0.00270629 0.00358933 0.00454102 0.00546941 0.00627579 0.00689372 0.00731048 0.00755724 0.00768158 0.00772198 0.00769339 0.00758255 0.00735143 0.00695133 0.00634906 0.00555566 0.00463629 0.00368822 0.00280235 0.00203778 0.00141933 0.000946666 0.000604192 0.000368651 0.000214826 0.000119464 6.33736e-05 3.20715e-05 1.54845e-05 7.12975e-06 3.12755e-06 1.30499e-06 5.17035e-07 1.9421e-07 6.90862e-08 2.32624e-08 7.41455e-09 2.23829e-09 6.40537e-10 1.73972e-10 4.49064e-11 1.10322e-11 2.58337e-12 5.77475e-13 1.23407e-13 2.52481e-14 4.95215e-15 9.32409e-16 1.68737e-16 2.93843e-17 4.9296e-18 7.97547e-19 1.24561e-19 1.87973e-20 2.74336e-21 3.87531e-22 5.30284e-23 7.03415e-24 9.06293e-25 
4.566e-25 1.88233e-25 1.21462e-24 1.07926e-23 9.3051e-23 7.73674e-22 6.19814e-21 4.78036e-20 3.54615e-19 2.52769e-18 1.72943e-17 1.1345e-16 7.12698e-16 4.28201e-15 2.45717e-14 1.34473e-13 7.00788e-13 3.47203e-12 1.63268e-11 7.27416e-11 3.06529e-10 1.21959e-09 4.57389e-09 1.61451e-08 5.35735e-08 1.66979e-07 4.88745e-07 1.34411e-06 3.47782e-06 8.48468e-06 1.95694e-05 4.27856e-05 8.88631e-05 0.000175537 0.000329926 0.000590146 0.00100522 0.00163239 0.00253098 0.00375223 0.00532616 0.00724541 0.00944385 0.0117759 0.0140238 0.0159592 0.0174327 0.0184216 0.0190048 0.0192973 0.019391 0.0193207 0.0190537 0.0184985 0.0175373 0.0160888 0.0141751 0.0119457 0.00962602 0.00742967 0.0055007 0.00390758 0.00266166 0.0017366 0.00108401 0.000646586 0.000368198 0.000200089 0.00010376 5.13346e-05 2.42111e-05 1.08685e-05 4.63447e-06 1.8734e-06 7.16719e-07 2.59242e-07 8.86226e-08 2.86399e-08 8.75603e-09 2.53529e-09 6.96173e-10 1.8156e-10 4.50422e-11 1.06464e-11 2.40135e-12 5.1766e-13 1.0681e-13 2.11237e-14 4.00967e-15 7.31441e-16 1.28383e-16 2.17061e-17 3.53895e-18 5.56953e-19 8.46894e-20 1.24536e-20 1.77246e-21 2.44357e-22 3.2656e-23 4.23896e-24 
2.06327e-24 8.94929e-25 5.83505e-24 5.13704e-23 4.38691e-22 3.61267e-21 2.86643e-20 2.18939e-19 1.60831e-18 1.13514e-17 7.68949e-17 4.99365e-16 3.10511e-15 1.84633e-14 1.04834e-13 5.67569e-13 2.92529e-12 1.43295e-11 6.65965e-11 2.9312e-10 1.21959e-09 4.78796e-09 1.77043e-08 6.15571e-08 2.0097e-07 6.15453e-07 1.76712e-06 4.75858e-06 1.20323e-05 2.8629e-05 6.42837e-05 0.000136645 0.000275725 0.000529089 0.000966302 0.00168035 0.00278409 0.00440069 0.00664721 0.00961149 0.0133259 0.0177394 0.0226823 0.0278311 0.0327265 0.0368997 0.0400542 0.04216 0.0433966 0.0440142 0.0442091 0.0440544 0.0434784 0.0422824 0.0402116 0.0370851 0.0329388 0.0280748 0.0229578 0.0180353 0.0136229 0.00989076 0.00689504 0.00460892 0.00294971 0.00180494 0.00105488 0.00058858 0.000313456 0.000159244 7.70682e-05 3.54561e-05 1.54687e-05 6.38548e-06 2.48994e-06 9.16319e-07 3.182e-07 1.04316e-07 3.2316e-08 9.47238e-09 2.63107e-09 6.93656e-10 1.7387e-10 4.15056e-11 9.45157e-12 2.05641e-12 4.28145e-13 8.54234e-14 1.63556e-14 3.00903e-15 5.32584e-16 9.0793e-17 1.49242e-17 2.36781e-18 3.6294e-19 5.37958e-20 7.71711e-21 1.07226e-21 1.44416e-22 1.88924e-23 
8.88825e-24 4.05888e-24 2.6706e-23 2.32874e-22 1.96912e-21 1.6055e-20 1.26111e-19 9.53496e-19 6.93269e-18 4.84242e-17 3.24588e-16 2.08549e-15 1.28278e-14 7.54365e-14 4.23529e-13 2.26672e-12 1.15458e-11 5.58758e-11 2.56457e-10 1.11424e-09 4.57389e-09 1.77043e-08 6.44947e-08 2.20713e-07 7.08415e-07 2.1299e-06 5.99417e-06 1.57911e-05 3.89799e-05 9.03436e-05 0.00019719 0.000406761 0.000795653 0.00147955 0.00261916 0.00441691 0.00710129 0.0108999 0.016003 0.0225187 0.0304305 0.0395609 0.0495271 0.0596934 0.0692075 0.0772262 0.0832389 0.0872294 0.0895625 0.0907227 0.0910839 0.0907824 0.0896784 0.0873898 0.0834233 0.0774186 0.0694142 0.0599416 0.0498394 0.0399342 0.0308407 0.0229363 0.0164017 0.0112586 0.00740534 0.0046598 0.002802 0.0016092 0.00088224 0.000461231 0.00022947 0.000108352 4.84196e-05 2.04295e-05 8.12559e-06 3.04444e-06 1.07461e-06 3.57604e-07 1.12325e-07 3.33519e-08 9.37701e-09 2.50078e-09 6.33772e-10 1.52899e-10 3.51754e-11 7.72954e-12 1.62492e-12 3.27282e-13 6.32461e-14 1.1742e-14 2.09695e-15 3.60645e-16 5.97989e-17 9.56916e-18 1.47925e-18 2.21103e-19 3.19816e-20 4.48033e-21 6.08348e-22 8.02301e-23 
3.65055e-23 1.75593e-23 1.16437e-22 1.00534e-21 8.4144e-21 6.78991e-20 5.27775e-19 3.94814e-18 2.83977e-17 1.96189e-16 1.30046e-15 8.26104e-15 5.0228e-14 2.91907e-13 1.61921e-12 8.55956e-12 4.30504e-11 2.05646e-10 9.31276e-10 3.99034e-09 1.61451e-08 6.15571e-08 2.20713e-07 7.42723e-07 2.34148e-06 6.90508e-06 1.90298e-05 4.89975e-05 0.000117951 0.000265966 0.000563454 0.00112582 0.00213005 0.00382874 0.00655215 0.0106871 0.0166304 0.0247268 0.0352021 0.0480966 0.0632133 0.0800931 0.0979859 0.115802 0.13217 0.145786 0.155903 0.162574 0.166457 0.16838 0.168971 0.168456 0.166595 0.162739 0.156046 0.145875 0.132225 0.115889 0.0981729 0.0804015 0.0636257 0.0485803 0.0357202 0.0252409 0.0171055 0.0110973 0.00688385 0.00408005 0.00230849 0.00124466 0.000637718 0.000309485 0.000141817 6.12152e-05 2.48548e-05 9.48833e-06 3.40688e-06 1.15171e-06 3.67085e-07 1.10501e-07 3.14729e-08 8.49781e-09 2.17922e-09 5.31767e-10 1.23693e-10 2.74735e-11 5.83616e-12 1.18753e-12 2.31788e-13 4.34557e-14 7.83539e-15 1.36033e-15 2.27657e-16 3.67638e-17 5.73437e-18 8.64718e-19 1.26172e-19 1.78279e-20 2.44131e-21 3.24683e-22 
1.42972e-22 7.24524e-23 4.83586e-22 4.13321e-21 3.42311e-20 2.7328e-19 2.10115e-18 1.55444e-17 1.10545e-16 7.54927e-16 4.94528e-15 3.1037e-14 1.86389e-13 1.06959e-12 5.85653e-12 3.05497e-11 1.51563e-10 7.13874e-10 3.18622e-09 1.34489e-08 5.35735e-08 2.0097e-07 7.08415e-07 2.34148e-06 7.2422e-06 2.09257e-05 5.64121e-05 0.000141808 0.000332542 0.000728631 0.00149609 0.00289038 0.00527804 0.00914762 0.0150922 0.0237446 0.0356692 0.0512458 0.0705778 0.0934252 0.11918 0.146893 0.175306 0.202817 0.227558 0.247824 0.262725 0.272484 0.278137 0.280925 0.281774 0.281009 0.278274 0.272607 0.262746 0.247685 0.227291 0.202538 0.175135 0.146894 0.11936 0.0937708 0.0710589 0.0518162 0.0362724 0.0243266 0.0156101 0.00957439 0.00560456 0.00312297 0.00165063 0.000824407 0.000387801 0.000171415 7.11133e-05 2.76853e-05 1.01214e-05 3.47918e-06 1.12636e-06 3.44084e-07 9.93811e-08 2.7194e-08 7.06382e-09 1.74517e-09 4.1084e-10 9.23207e-11 1.98351e-11 4.08085e-12 8.05153e-13 1.52549e-13 2.77905e-14 4.87368e-15 8.23715e-16 1.34311e-16 2.11491e-17 3.21895e-18 4.7398e-19 6.75748e-20 9.33524e-21 1.25239e-21 
5.34023e-22 2.85097e-22 1.91307e-21 1.61824e-20 1.32584e-19 1.04687e-18 7.95877e-18 5.82034e-17 4.09048e-16 2.75973e-15 1.78541e-14 1.10627e-13 6.55659e-13 3.71184e-12 2.00425e-11 1.03057e-10 5.03769e-10 2.33683e-09 1.02667e-08 4.26335e-08 1.66979e-07 6.15453e-07 2.1299e-06 6.90508e-06 2.09257e-05 5.91632e-05 0.000155818 0.000381947 0.000871443 0.00185309 0.00368273 0.00686827 0.0120809 0.0201407 0.031952 0.04836 0.0699514 0.0968836 0.128809 0.16488 0.203808 0.244003 0.283689 0.320904 0.353546 0.379812 0.398893 0.411292 0.418438 0.42195 0.423012 0.422035 0.418561 0.411355 0.398769 0.379415 0.352907 0.320165 0.283008 0.243477 0.203486 0.164794 0.128971 0.0972695 0.0705067 0.0490122 0.0326233 0.0207613 0.0126029 0.00727177 0.00397096 0.00204368 0.000987951 0.000447654 0.000189956 7.55003e-05 2.81359e-05 9.84601e-06 3.24164e-06 1.00618e-06 2.95063e-07 8.19245e-08 2.15809e-08 5.40443e-09 1.28906e-09 2.9337e-10 6.38122e-11 1.32868e-11 2.65219e-12 5.08221e-13 9.36107e-14 1.65938e-14 2.83404e-15 4.66839e-16 7.42441e-17 1.14103e-17 1.69612e-18 2.44063e-19 3.40234e-20 4.60542e-21 
1.90239e-21 1.0696e-21 7.20767e-21 6.03316e-20 4.88923e-19 3.81733e-18 2.86877e-17 2.07317e-16 1.43926e-15 9.58828e-15 6.12266e-14 3.74286e-13 2.18756e-12 1.22068e-11 6.49343e-11 3.28762e-10 1.58154e-09 7.2156e-09 3.11611e-08 1.27116e-07 4.88745e-07 1.76712e-06 5.99417e-06 1.90298e-05 5.64121e-05 0.000155818 0.000400316 0.000955476 0.00211816 0.00436567 0.00838647 0.015077 0.0255014 0.0408132 0.0621154 0.0902252 0.125386 0.167088 0.214102 0.264662 0.316681 0.368004 0.416596 0.460539 0.497994 0.527515 0.548666 0.562288 0.570097 0.573924 0.575077 0.574009 0.570215 0.562327 0.548481 0.527001 0.497161 0.459508 0.415507 0.366955 0.315749 0.263933 0.213656 0.166968 0.12559 0.0907065 0.0627835 0.0415543 0.026212 0.0156866 0.0088623 0.00470555 0.00234042 0.0010884 0.000472998 0.000192192 7.31108e-05 2.60842e-05 8.74641e-06 2.76252e-06 8.23731e-07 2.32398e-07 6.21692e-08 1.58016e-08 3.82336e-09 8.8226e-10 1.94488e-10 4.10225e-11 8.29155e-12 1.60819e-12 2.99704e-13 5.37322e-14 9.2782e-15 1.54471e-15 2.48215e-16 3.85317e-17 5.78379e-18 8.40192e-19 1.18214e-19 1.61474e-20 
6.46258e-21 3.82423e-21 2.58537e-20 2.14139e-19 1.71635e-18 1.32493e-17 9.84101e-17 7.02612e-16 4.81691e-15 3.1675e-14 1.99546e-13 1.20281e-12 6.92788e-12 3.80736e-11 1.99345e-10 9.92732e-10 4.69408e-09 2.10356e-08 8.91632e-08 3.56725e-07 1.34411e-06 4.75858e-06 1.57911e-05 4.89975e-05 0.000141808 0.000381947 0.000955476 0.00221684 0.00476767 0.00951102 0.0176386 0.0305304 0.0495928 0.0760791 0.11089 0.154306 0.205687 0.263387 0.325008 0.387832 0.449211 0.506855 0.55899 0.604284 0.641661 0.670433 0.690722 0.703659 0.711032 0.714635 0.715721 0.714724 0.711165 0.70374 0.69062 0.670043 0.640963 0.603337 0.557865 0.505595 0.447877 0.386529 0.323869 0.262542 0.205238 0.154295 0.111274 0.0767358 0.050375 0.0313087 0.0183212 0.010048 0.0051485 0.00246079 0.00109692 0.000456403 0.000177532 6.46897e-05 2.21312e-05 7.12534e-06 2.16399e-06 6.21366e-07 1.69056e-07 4.36724e-08 1.07331e-08 2.5141e-09 5.6225e-10 1.20245e-10 2.46293e-11 4.83839e-12 9.12837e-13 1.65605e-13 2.89234e-14 4.8686e-15 7.90659e-16 1.24003e-16 1.87989e-17 2.75724e-18 3.91576e-19 5.39784e-20 
2.09271e-20 1.30221e-20 8.82423e-20 7.23255e-19 5.73362e-18 4.37609e-17 3.21234e-16 2.26565e-15 1.53366e-14 9.95232e-14 6.18365e-13 3.67385e-12 2.08424e-11 1.12741e-10 5.80541e-10 2.84104e-09 1.31899e-08 5.79831e-08 2.40873e-07 9.43586e-07 3.47782e-06 1.20323e-05 3.89799e-05 0.000117951 0.000332542 0.000871443 0.00211816 0.00476767 0.00992968 0.0191434 0.034231 0.0569889 0.0888295 0.130519 0.18204 0.242462 0.309804 0.381122 0.453016 0.522277 0.586327 0.643408 0.692577 0.733482 0.766059 0.79048 0.807394 0.818059 0.824097 0.82704 0.827931 0.827131 0.824253 0.818216 0.807464 0.790379 0.765749 0.73296 0.69183 0.6424 0.585051 0.52079 0.45144 0.379632 0.308607 0.241729 0.181833 0.130782 0.0894313 0.0577763 0.0350551 0.0198826 0.0105106 0.00517195 0.00236916 0.00101141 0.000403121 0.000150335 5.25816e-05 1.72906e-05 5.35836e-06 1.56858e-06 4.34712e-07 1.14295e-07 2.85656e-08 6.79931e-09 1.54403e-09 3.35065e-10 6.95923e-11 1.38544e-11 2.64728e-12 4.86139e-13 8.5901e-14 1.4622e-14 2.40026e-15 3.80358e-16 5.82403e-17 8.62476e-18 1.23634e-18 1.71987e-19 
6.45571e-20 4.21953e-20 2.86369e-19 2.32291e-18 1.82157e-17 1.37471e-16 9.97388e-16 6.94936e-15 4.6447e-14 2.97424e-13 1.82238e-12 1.06696e-11 5.96039e-11 3.17206e-10 1.60559e-09 7.71609e-09 3.51422e-08 1.51386e-07 6.1556e-07 2.35748e-06 8.48468e-06 2.8629e-05 9.03436e-05 0.000265966 0.000728631 0.00185309 0.00436567 0.00951102 0.0191434 0.0356063 0.0613106 0.0980984 0.146677 0.206423 0.275562 0.35145 0.430735 0.509626 0.584478 0.65245 0.711811 0.761905 0.80291 0.835499 0.86048 0.878671 0.89102 0.898708 0.90303 0.90513 0.905771 0.905216 0.903192 0.898919 0.891237 0.878848 0.860583 0.835496 0.802738 0.761471 0.711031 0.651286 0.582968 0.507907 0.429041 0.350036 0.274609 0.205999 0.146765 0.0986087 0.0620906 0.0364685 0.0199233 0.0101132 0.0047712 0.00209479 0.000857549 0.000328068 0.000117572 3.95686e-05 1.25358e-05 3.74739e-06 1.05938e-06 2.83829e-07 7.22132e-08 1.7481e-08 4.03361e-09 8.88665e-10 1.8724e-10 3.77864e-11 7.31418e-12 1.3598e-12 2.43116e-13 4.18501e-14 6.94408e-15 1.1118e-15 1.71934e-16 2.5706e-17 3.71904e-18 5.22038e-19 
1.89571e-19 1.29975e-19 8.82824e-19 7.08829e-18 5.49923e-17 4.10429e-16 2.94356e-15 2.02636e-14 1.33738e-13 8.45138e-13 5.10682e-12 2.94641e-11 1.62064e-10 8.48441e-10 4.22033e-09 1.99096e-08 8.89059e-08 3.75028e-07 1.4912e-06 5.57667e-06 1.95694e-05 6.42837e-05 0.00019719 0.000563454 0.00149609 0.00368273 0.00838647 0.0176386 0.034231 0.0613106 0.101528 0.156026 0.223812 0.301936 0.386323 0.472659 0.556856 0.635289 0.705159 0.764862 0.814034 0.853271 0.883751 0.906852 0.923861 0.935865 0.943836 0.948729 0.951457 0.952779 0.953186 0.952848 0.951599 0.94894 0.944109 0.936187 0.924219 0.907219 0.884065 0.85343 0.813916 0.764354 0.704192 0.633893 0.55518 0.470925 0.384751 0.300716 0.223108 0.155925 0.101976 0.0621129 0.0351361 0.0184406 0.00898276 0.00406663 0.00171427 0.0006744 0.000248192 8.56551e-05 2.77884e-05 8.49473e-06 2.45247e-06 6.70163e-07 1.73696e-07 4.2786e-08 1.00354e-08 2.24525e-09 4.79984e-10 9.82003e-11 1.92564e-11 3.62429e-12 6.55597e-13 1.14119e-13 1.91379e-14 3.0955e-15 4.83409e-16 7.2958e-17 1.06515e-17 1.50845e-18 
5.29462e-19 3.80219e-19 2.58289e-18 2.0531e-17 1.57615e-16 1.16355e-15 8.25048e-15 5.61263e-14 3.6585e-13 2.28195e-12 1.36006e-11 7.73373e-11 4.18888e-10 2.1574e-09 1.0546e-08 4.88341e-08 2.13769e-07 8.82702e-07 3.43042e-06 1.25177e-05 4.27856e-05 0.000136645 0.000406761 0.00112582 0.00289038 0.00686827 0.015077 0.0305304 0.0569889 0.0980984 0.156026 0.230198 0.316958 0.410521 0.504668 0.594181 0.675364 0.74592 0.804787 0.852052 0.888731 0.916388 0.936758 0.951464 0.961847 0.968934 0.973529 0.976305 0.977839 0.978579 0.97881 0.978629 0.977944 0.976474 0.973772 0.96926 0.962263 0.951965 0.937312 0.916926 0.889148 0.852218 0.80457 0.74524 0.674219 0.592642 0.502868 0.408684 0.315405 0.229249 0.15584 0.0985837 0.0578644 0.0314782 0.0158746 0.00743017 0.00323343 0.00131103 0.000496424 0.000175966 5.85329e-05 1.83155e-05 5.404e-06 1.50691e-06 3.9801e-07 9.97817e-08 2.37919e-08 5.40569e-09 1.17245e-09 2.43159e-10 4.8298e-11 9.20142e-12 1.68374e-12 2.96319e-13 5.02159e-14 8.20396e-15 1.29353e-15 1.97036e-16 2.90234e-17 4.14612e-18 
1.40538e-18 1.0553e-18 7.16529e-18 5.63964e-17 4.28497e-16 3.1295e-15 2.19439e-14 1.47547e-13 9.50069e-13 5.8503e-12 3.4399e-11 1.92824e-10 1.02866e-09 5.21302e-09 2.50471e-08 1.13862e-07 4.8865e-07 1.9752e-06 7.50182e-06 2.6704e-05 8.88631e-05 0.000275725 0.000795653 0.00213005 0.00527804 0.0120809 0.0255014 0.0495928 0.0888295 0.146677 0.223812 0.316958 0.419304 0.522505 0.619164 0.704428 0.776139 0.83409 0.879246 0.913256 0.938102 0.955795 0.968145 0.976629 0.982366 0.986146 0.988534 0.989952 0.990728 0.9911 0.991217 0.991131 0.990794 0.990066 0.988708 0.986397 0.982711 0.977083 0.968707 0.956443 0.93878 0.913871 0.879673 0.834191 0.775783 0.703503 0.617621 0.520465 0.417126 0.31515 0.222801 0.146592 0.0894656 0.0505697 0.0264691 0.0128395 0.00578024 0.00241973 0.000943995 0.000344032 0.000117419 3.76263e-05 1.13486e-05 3.22967e-06 8.69283e-07 2.21784e-07 5.37522e-08 1.24004e-08 2.72821e-09 5.73452e-10 1.15351e-10 2.22398e-11 4.11591e-12 7.32188e-13 1.25361e-13 2.06825e-14 3.29187e-15 5.05983e-16 7.51838e-17 1.08321e-17 
3.54285e-18 2.77675e-18 1.88333e-17 1.46805e-16 1.10417e-15 7.97969e-15 5.53423e-14 3.67869e-13 2.34045e-12 1.4231e-11 8.25698e-11 4.56372e-10 2.39852e-09 1.19633e-08 5.65127e-08 2.52271e-07 1.06169e-06 4.20204e-06 1.56002e-05 5.41791e-05 0.000175537 0.000529089 0.00147955 0.00382874 0.00914762 0.0201407 0.0408132 0.0760791 0.130519 0.206423 0.301936 0.410521 0.522505 0.628093 0.720171 0.795503 0.854158 0.8981 0.929975 0.952436 0.967859 0.978224 0.985075 0.989551 0.992445 0.994283 0.995412 0.99607 0.996426 0.996596 0.99665 0.996612 0.996463 0.996136 0.995518 0.994443 0.992679 0.989879 0.985517 0.978791 0.968546 0.953208 0.930757 0.898771 0.854536 0.795346 0.719243 0.626318 0.520127 0.408097 0.300111 0.205607 0.130701 0.076916 0.041867 0.0210831 0.00983242 0.00425386 0.00171094 0.000641328 0.000224626 7.37135e-05 2.27253e-05 6.5992e-06 1.80965e-06 4.69753e-07 1.15694e-07 2.70931e-08 6.04486e-09 1.28741e-09 2.62193e-10 5.11462e-11 9.57114e-12 1.72067e-12 2.97577e-13 4.95692e-14 7.96245e-15 1.23476e-15 1.85042e-16 2.68828e-17 
8.47759e-18 6.92156e-18 4.68716e-17 3.6192e-16 2.69526e-15 1.92785e-14 1.32274e-13 8.6942e-13 5.46658e-12 3.28299e-11 1.88008e-10 1.02486e-09 5.30776e-09 2.60634e-08 1.2108e-07 5.30913e-07 2.1918e-06 8.49691e-06 3.08457e-05 0.000104555 0.000329926 0.000966302 0.00261916 0.00655215 0.0150922 0.031952 0.0621154 0.11089 0.18204 0.275562 0.386323 0.504668 0.619164 0.720171 0.802286 0.864658 0.909603 0.940751 0.961711 0.975481 0.984344 0.989954 0.993462 0.99564 0.996984 0.997806 0.998296 0.998575 0.998724 0.998795 0.998818 0.998803 0.998743 0.998609 0.998351 0.997894 0.99712 0.995843 0.993756 0.990366 0.984898 0.97619 0.962563 0.941681 0.910457 0.865164 0.802092 0.719004 0.617047 0.502039 0.383902 0.273999 0.181597 0.111388 0.0631158 0.0330206 0.0159604 0.00713777 0.00295985 0.00114098 0.000410015 0.000137753 4.33951e-05 1.28544e-05 3.59019e-06 9.47903e-07 2.37166e-07 5.6361e-08 1.27489e-08 2.75043e-09 5.66984e-10 1.11876e-10 2.11641e-11 3.84422e-12 6.71387e-13 1.12891e-13 1.82976e-14 2.86205e-15 4.32486e-16 6.33437e-17 
