0.000145566 0.000148595 0.000159511 0.000178674 0.000206659 0.00024427 0.000292548 0.000352758 0.00042639 0.000515148 0.000620936 0.000745845 0.000892129 0.00106218 0.00125848 0.0014836 0.0017401 0.00203052 0.00235728 0.00272266 0.00312871 0.00357715 0.00406935 0.00460622 0.00518814 0.00581491 0.0064857 0.00719896 0.00795242 0.00874304 0.00956701 0.0104198 0.011296 0.0121896 0.013094 0.0140019 0.0149057 0.015797 0.0166677 0.0175091 0.0183127 0.0190702 0.0197733 0.0204145 0.0209865 0.0214827 0.0218976 0.0222262 0.0224648 0.0226104 0.0226614 0.0226171 0.0224782 0.0222463 0.0219242 0.0215157 0.0210255 0.0204594 0.0198239 0.019126 0.0183734 0.0175743 0.016737 0.0158699 0.0149817 0.0140806 0.0131748 0.012272 0.0113794 0.0105036 0.00965085 0.00882632 0.00803463 0.00727964 0.00656439 0.00589121 0.00526168 0.00467668 0.00413646 0.0036407 0.00318852 0.00277862 0.00240931 0.00207861 0.00178427 0.00152391 0.00129503 0.00109508 0.000921548 0.000771947 0.0006439 0.00053516 0.000443637 0.00036742 0.000304796 0.000254262 0.000214532 0.000184547 0.000163475 0.000150741 
0.000148595 0.000151696 0.000162852 0.000182433 0.000211025 0.00024945 0.000298771 0.000360279 0.000435497 0.000526161 0.000634218 0.0007618 0.000911206 0.00108487 0.00128534 0.00151522 0.00177713 0.00207363 0.00240722 0.0027802 0.00319465 0.00365232 0.0041546 0.0047024 0.00529611 0.00593551 0.00661973 0.00734719 0.00811556 0.00892172 0.0097618 0.0106311 0.0115242 0.0124351 0.0133567 0.0142819 0.0152026 0.0161107 0.0169976 0.0178547 0.0186732 0.0194446 0.0201606 0.0208135 0.0213958 0.0219011 0.0223234 0.022658 0.0229007 0.0230489 0.0231008 0.0230557 0.0229142 0.0226781 0.02235 0.021934 0.0214349 0.0208584 0.0202112 0.0195004 0.0187339 0.01792 0.017067 0.0161838 0.0152789 0.0143608 0.0134378 0.0125177 0.011608 0.0107154 0.00984607 0.00900546 0.00819826 0.00742838 0.00669896 0.00601237 0.00537022 0.00477345 0.0042223 0.00371645 0.00325503 0.00283671 0.00245979 0.00212224 0.00182178 0.00155599 0.00132232 0.00111818 0.000940994 0.000788237 0.000657484 0.000546442 0.000452979 0.000375145 0.000311192 0.000259585 0.000219012 0.000188391 0.000166874 0.000153874 
0.000159511 0.000162852 0.000174817 0.000195801 0.000226426 0.000267569 0.000320359 0.000386169 0.000466616 0.000563545 0.000679019 0.000815299 0.000974819 0.00116016 0.001374 0.0016191 0.0018982 0.00221402 0.00256917 0.00296606 0.00340686 0.00389338 0.00442707 0.00500883 0.00563903 0.0063174 0.00704298 0.00781404 0.00862808 0.00948177 0.010371 0.0112907 0.0122353 0.0131981 0.014172 0.0151493 0.0161215 0.01708 0.0180158 0.0189199 0.019783 0.0205962 0.0213509 0.0220388 0.0226523 0.0231845 0.0236292 0.0239814 0.0242369 0.0243928 0.0244472 0.0243995 0.0242503 0.0240014 0.0236557 0.0232173 0.0226913 0.0220837 0.0214015 0.0206521 0.0198439 0.0189853 0.0180855 0.0171534 0.0161981 0.0152287 0.0142537 0.0132815 0.0123199 0.011376 0.0104564 0.00956675 0.00871213 0.00789667 0.00712372 0.00639584 0.00571477 0.00508154 0.00449645 0.0039592 0.00346891 0.00302422 0.00262335 0.00226418 0.00194434 0.00166127 0.0014123 0.0011947 0.00100575 0.000842782 0.000703231 0.000584672 0.000484845 0.000401684 0.000333333 0.000278162 0.00023478 0.000202036 0.000179029 0.000165134 
0.000178674 0.000182433 0.000195801 0.000219213 0.000253357 0.000299199 0.000357981 0.000431215 0.000520678 0.000628395 0.000756629 0.000907856 0.00108474 0.00129008 0.00152683 0.00179795 0.00210645 0.00245525 0.00284715 0.00328477 0.0037704 0.00430598 0.00489299 0.00553237 0.00622445 0.00696884 0.00776441 0.0086092 0.00950042 0.0104344 0.0114065 0.0124112 0.0134424 0.0144928 0.0155547 0.0166195 0.0176783 0.0187216 0.0197396 0.0207225 0.0216605 0.0225439 0.0233634 0.0241101 0.0247758 0.025353 0.0258352 0.026217 0.0264938 0.0266626 0.0267213 0.0266692 0.0265071 0.0262368 0.0258616 0.0253857 0.0248146 0.0241548 0.0234138 0.0225997 0.0217214 0.0207881 0.0198095 0.0187953 0.0177555 0.0166997 0.0156374 0.0145774 0.0135284 0.0124981 0.0114936 0.0105213 0.00958658 0.00869411 0.00784757 0.00704982 0.00630283 0.00560779 0.00496512 0.00437456 0.00383521 0.00334565 0.00290399 0.00250797 0.00215506 0.00184248 0.00156734 0.0013267 0.00111758 0.000937093 0.000782432 0.000650948 0.000540167 0.000447826 0.00037189 0.000310569 0.000262334 0.00022592 0.000200335 0.000184894 
0.000206659 0.000211025 0.000226426 0.000253357 0.000292596 0.000345238 0.000412688 0.000496654 0.00059914 0.000722431 0.000869069 0.00104184 0.00124372 0.00147786 0.00174753 0.00205604 0.00240673 0.00280282 0.00324742 0.00374335 0.00429313 0.00489885 0.00556206 0.00628371 0.00706405 0.00790255 0.00879783 0.0097476 0.0107486 0.0117966 0.0128865 0.014012 0.0151661 0.0163408 0.0175274 0.0187163 0.0198976 0.0210608 0.0221951 0.0232896 0.0243335 0.0253161 0.0262271 0.0270568 0.0277961 0.0284369 0.0289721 0.0293955 0.0297024 0.0298893 0.0299541 0.0298959 0.0297156 0.0294151 0.0289981 0.0284692 0.0278345 0.0271011 0.0262771 0.0253716 0.0243942 0.0233552 0.0222651 0.0211349 0.0199754 0.0187973 0.0176111 0.0164268 0.0152538 0.0141008 0.0129759 0.0118861 0.0108375 0.0098355 0.00888421 0.00798692 0.00714597 0.00636278 0.00563792 0.0049712 0.00436171 0.00380796 0.00330791 0.0028591 0.00245876 0.00210383 0.00179113 0.00151736 0.00127924 0.00107353 0.000897107 0.000746989 0.000620406 0.000514813 0.000427919 0.000357708 0.000302454 0.000260731 0.000231417 0.000213739 
0.00024427 0.00024945 0.000267569 0.000299199 0.000345238 0.00040695 0.000485954 0.000584218 0.000704043 0.000848052 0.00101916 0.00122054 0.00145561 0.00172794 0.00204124 0.00239927 0.00280578 0.0032644 0.0037786 0.00435151 0.0049859 0.00568404 0.00644758 0.00727748 0.00817387 0.00913601 0.0101622 0.0112496 0.0123946 0.0135921 0.0148361 0.0161196 0.0174344 0.0187714 0.0201207 0.0214716 0.0228127 0.0241322 0.0254179 0.0266577 0.0278394 0.028951 0.029981 0.0309186 0.0317537 0.0324771 0.033081 0.0335586 0.0339046 0.0341151 0.0341876 0.0341215 0.0339174 0.0335778 0.0331065 0.0325088 0.0317914 0.0309622 0.0300304 0.0290059 0.0278996 0.0267229 0.0254878 0.0242064 0.0228908 0.0215533 0.0202055 0.0188587 0.0175237 0.0162105 0.014928 0.0136844 0.0124867 0.0113411 0.0102524 0.00922448 0.00826011 0.00736103 0.00652805 0.00576106 0.00505917 0.00442078 0.00384368 0.00332517 0.00286214 0.00245121 0.00208877 0.00177113 0.00149456 0.0012554 0.00105007 0.000875194 0.000727601 0.000604377 0.000502897 0.000420845 0.00035624 0.000307439 0.000273155 0.000252494 
0.000292548 0.000298771 0.000320359 0.000357981 0.000412688 0.000485954 0.000579669 0.000696123 0.000837993 0.00100832 0.00121049 0.00144817 0.0017253 0.00204599 0.00241449 0.00283512 0.00331213 0.00384966 0.0044516 0.00512148 0.00586236 0.00667672 0.00756632 0.00853208 0.00957402 0.0106911 0.0118811 0.0131409 0.0144657 0.0158498 0.0172862 0.0187667 0.0202817 0.0218209 0.0233727 0.0249249 0.0264645 0.0279781 0.0294519 0.0308719 0.0322244 0.0334958 0.0346733 0.0357444 0.036698 0.0375237 0.0382126 0.0387572 0.0391514 0.0393909 0.0394732 0.0393971 0.0391638 0.0387757 0.0382372 0.0375543 0.0367345 0.0357869 0.0347214 0.0335496 0.0322835 0.0309362 0.0295211 0.0280519 0.0265426 0.0250069 0.0234581 0.0219093 0.0203727 0.0188596 0.0173807 0.0159451 0.0145613 0.0132362 0.0119756 0.0107842 0.00966517 0.00862079 0.00765211 0.00675919 0.00594115 0.00519627 0.00452214 0.00391577 0.00337368 0.00289203 0.00246676 0.00209364 0.00176841 0.00148687 0.00124491 0.00103862 0.000864359 0.000718737 0.000598715 0.000501604 0.000425099 0.000367291 0.000326679 0.000302223 
0.000352758 0.000360279 0.000386169 0.000431215 0.000496654 0.000584218 0.000696123 0.000835053 0.00100414 0.00120695 0.0014474 0.00172979 0.00205867 0.00243881 0.00287512 0.00337256 0.003936 0.00457017 0.00527946 0.00606786 0.00693878 0.00789491 0.00893813 0.0100693 0.0112883 0.0125936 0.0139826 0.0154513 0.0169941 0.0186042 0.0202733 0.0219918 0.0237486 0.0255316 0.0273275 0.0291223 0.0309009 0.0326479 0.0343476 0.0359841 0.0375417 0.0390049 0.0403591 0.0415903 0.0426858 0.043634 0.0444247 0.0450494 0.0455014 0.0457758 0.0458695 0.0457816 0.0455131 0.0450669 0.044448 0.0436631 0.0427207 0.041631 0.0404054 0.0390568 0.037599 0.0360468 0.0344154 0.0327206 0.0309782 0.0292039 0.0274131 0.0256207 0.0238407 0.0220865 0.02037 0.0187024 0.0170932 0.0155506 0.0140816 0.0126916 0.0113847 0.0101637 0.00902981 0.00798346 0.00702375 0.00614888 0.00535621 0.00464239 0.00400351 0.00343522 0.00293289 0.00249166 0.00210665 0.00177299 0.00148594 0.00124098 0.00103383 0.000860578 0.000717667 0.000601955 0.000510746 0.000441803 0.000393368 0.000364222 
0.00042639 0.000435497 0.000466616 0.000520678 0.00059914 0.000704043 0.000837993 0.00100414 0.00120617 0.00144823 0.00173494 0.00207127 0.00246254 0.00291428 0.00343218 0.00402192 0.00468914 0.0054392 0.00627712 0.00720737 0.00823374 0.00935919 0.0105857 0.011914 0.0133437 0.0148729 0.0164983 0.0182148 0.0200161 0.0218938 0.0238382 0.0258379 0.0278802 0.0299509 0.0320345 0.0341149 0.0361747 0.0381961 0.0401613 0.0420518 0.0438499 0.045538 0.0470993 0.048518 0.0497796 0.050871 0.0517808 0.0524992 0.0530187 0.0533337 0.0534409 0.0533391 0.0530294 0.0525153 0.0518023 0.050898 0.0498121 0.048556 0.0471428 0.045587 0.0439044 0.0421118 0.0402266 0.0382667 0.0362502 0.0341951 0.0321193 0.0300397 0.0279728 0.0259337 0.0239366 0.0219944 0.0201182 0.0183179 0.0166016 0.0149759 0.0134456 0.0120142 0.0106836 0.00945424 0.00832541 0.00729519 0.00636069 0.0055182 0.0047633 0.00409104 0.00349613 0.00297302 0.00251605 0.00211961 0.0017782 0.00148654 0.00123968 0.00103303 0.000862431 0.000724204 0.000615185 0.000532752 0.000474838 0.000440011 
0.000515148 0.000526161 0.000563545 0.000628395 0.000722431 0.000848052 0.00100832 0.00120695 0.00144823 0.00173705 0.00207878 0.00247923 0.00294458 0.00348125 0.00409579 0.00479479 0.00558468 0.00647159 0.00746121 0.00855856 0.00976786 0.0110923 0.012534 0.0140934 0.01577 0.0175611 0.0194626 0.0214685 0.023571 0.0257604 0.028025 0.0303517 0.0327253 0.0351296 0.0375466 0.0399574 0.0423423 0.0446808 0.0469523 0.0491359 0.0512112 0.0531582 0.0549578 0.0565922 0.0580448 0.0593008 0.0603473 0.0611733 0.0617702 0.0621319 0.0622544 0.0621366 0.0617797 0.0611876 0.0603665 0.059325 0.058074 0.0566266 0.0549975 0.0532032 0.0512617 0.0491919 0.0470138 0.0447478 0.0424147 0.040035 0.0376292 0.035217 0.0328172 0.0304475 0.0281243 0.0258627 0.0236757 0.0215748 0.0195699 0.0176687 0.0158772 0.0141995 0.0126382 0.0111941 0.00986655 0.00865359 0.00755209 0.0065579 0.00566606 0.00487097 0.00416657 0.0035465 0.00300425 0.00253332 0.00212734 0.00178019 0.00148607 0.00123965 0.00103605 0.00087097 0.000740703 0.000642168 0.000572939 0.000531333 
0.000620936 0.000634218 0.000679019 0.000756629 0.000869069 0.00101916 0.00121049 0.0014474 0.00173494 0.00207878 0.0024852 0.00296096 0.00351321 0.00414939 0.00487706 0.00570378 0.0066369 0.00768342 0.00884975 0.0101415 0.0115634 0.0131188 0.0148098 0.0166369 0.0185988 0.0206923 0.0229124 0.0252516 0.0277007 0.0302482 0.0328804 0.0355817 0.0383349 0.0411206 0.0439184 0.0467065 0.0494621 0.0521617 0.0547818 0.0572986 0.0596888 0.0619297 0.0639998 0.0658786 0.0675476 0.06899 0.0701912 0.0711389 0.0718235 0.0722378 0.0723777 0.0722417 0.0718313 0.0711508 0.0702073 0.0690104 0.0675725 0.0659082 0.0640343 0.0619694 0.0597338 0.0573491 0.0548379 0.0522236 0.0495297 0.0467799 0.0439974 0.0412051 0.0384245 0.0356762 0.0329792 0.0303509 0.0278068 0.0253603 0.0230229 0.020804 0.0187108 0.0167485 0.0149202 0.0132273 0.0116692 0.010244 0.00894825 0.00777743 0.00672597 0.00578753 0.0049552 0.00422172 0.0035796 0.00302135 0.0025396 0.00212725 0.00177758 0.00148435 0.00124189 0.00104517 0.000889843 0.000772313 0.000689734 0.000640133 
0.000745845 0.0007618 0.000815299 0.000907856 0.00104184 0.00122054 0.00144817 0.00172979 0.00207127 0.00247923 0.00296096 0.00352427 0.00417746 0.00492908 0.00578783 0.00676235 0.00786103 0.00909178 0.0104618 0.0119774 0.0136437 0.0154643 0.0174413 0.0195748 0.0218631 0.0243021 0.0268855 0.0296045 0.0324479 0.0354023 0.0384515 0.0415776 0.0447603 0.0479774 0.0512053 0.0544188 0.057592 0.0606981 0.0637102 0.0666013 0.0693449 0.0719154 0.0742884 0.076441 0.0783521 0.0800029 0.0813771 0.0824608 0.0832432 0.0837163 0.0838756 0.0837192 0.083249 0.0824697 0.0813893 0.0800186 0.0783715 0.0764644 0.0743163 0.071948 0.0693826 0.0666444 0.063759 0.0607529 0.0576528 0.0544859 0.0512786 0.0480569 0.0448459 0.041669 0.0385483 0.0355039 0.032554 0.0297142 0.0269982 0.024417 0.0219793 0.0196915 0.0175575 0.0155792 0.0137565 0.0120873 0.0105681 0.00919371 0.00795809 0.00685405 0.00587377 0.00500896 0.00425107 0.00359148 0.00302171 0.00253353 0.00211918 0.0017714 0.00148362 0.00124997 0.00106538 0.000925661 0.000827483 0.000768545 
0.000892129 0.000911206 0.000974819 0.00108474 0.00124372 0.00145561 0.0017253 0.00205867 0.00246254 0.00294458 0.00351321 0.00417746 0.00494686 0.00583123 0.00684052 0.00798457 0.0092729 0.0107144 0.0123172 0.0140882 0.0160329 0.0181552 0.0204571 0.0229384 0.0255965 0.0284263 0.0314202 0.0345676 0.0378553 0.0412675 0.0447854 0.048388 0.052052 0.0557519 0.0594604 0.0631489 0.0667878 0.0703466 0.0737948 0.0771018 0.0802379 0.083174 0.0858828 0.0883385 0.0905176 0.092399 0.0939644 0.0951984 0.0960888 0.0966269 0.0968074 0.0966285 0.0960922 0.0952036 0.0939718 0.0924089 0.0905303 0.0883544 0.0859024 0.0831978 0.0802663 0.0771355 0.0738341 0.070392 0.0668396 0.0632074 0.0595258 0.0558242 0.0521313 0.0484741 0.044878 0.0413661 0.0379596 0.0346768 0.0315336 0.028543 0.0257157 0.0230591 0.0205783 0.018276 0.0161523 0.0142052 0.0124311 0.0108243 0.00937809 0.00808446 0.00693458 0.00591904 0.00502811 0.00425192 0.00358075 0.00300515 0.00251614 0.00210535 0.00176516 0.00148877 0.0012703 0.00110487 0.000988621 0.000918868 
0.00106218 0.00108487 0.00116016 0.00129008 0.00147786 0.00172794 0.00204599 0.00243881 0.00291428 0.00348125 0.00414939 0.00492908 0.00583123 0.00686705 0.00804787 0.00938483 0.0108887 0.0125693 0.0144358 0.0164958 0.0187551 0.0212179 0.0238859 0.0267584 0.0298319 0.0331002 0.0365538 0.0401804 0.0439643 0.0478869 0.0519267 0.0560592 0.0602576 0.0644928 0.0687336 0.0729474 0.0771006 0.0811588 0.0850875 0.0888524 0.0924199 0.0957576 0.0988349 0.101623 0.104096 0.10623 0.108004 0.109403 0.110411 0.11102 0.111224 0.11102 0.110412 0.109404 0.108006 0.106233 0.1041 0.10163 0.0988445 0.0957707 0.0924371 0.0888744 0.085115 0.0811924 0.0771408 0.0729947 0.0687884 0.0645553 0.0603281 0.0561375 0.0520127 0.0479803 0.0440646 0.040287 0.036666 0.0332171 0.0299526 0.0268819 0.0240111 0.0213437 0.0188804 0.0166195 0.014557 0.012687 0.011002 0.00949299 0.00815022 0.00696305 0.00592043 0.00501116 0.00422411 0.00354848 0.00297396 0.00249093 0.0020906 0.00176513 0.00150773 0.00131275 0.00117572 0.00109354 
0.00125848 0.00128534 0.001374 0.00152683 0.00174753 0.00204124 0.00241449 0.00287512 0.00343218 0.00409579 0.00487706 0.00578783 0.00684052 0.00804787 0.00942268 0.0109775 0.0127244 0.0146745 0.0168376 0.019222 0.0218342 0.0246782 0.0277554 0.0310645 0.0346011 0.0383572 0.0423217 0.0464798 0.0508133 0.0553005 0.0599166 0.0646334 0.0694202 0.0742438 0.0790689 0.0838586 0.0885749 0.0931791 0.0976325 0.101897 0.105934 0.109709 0.113187 0.116336 0.119128 0.121535 0.123537 0.125113 0.12625 0.126936 0.127165 0.126934 0.126247 0.125109 0.123532 0.12153 0.119123 0.116332 0.113185 0.109709 0.105938 0.101905 0.0976456 0.0931982 0.0886007 0.0838919 0.0791102 0.0742937 0.0694789 0.0647011 0.0599932 0.0553859 0.0509071 0.0465815 0.0424305 0.0384723 0.0347215 0.0311892 0.0278832 0.0248078 0.0219645 0.0193517 0.0169655 0.0147995 0.0128456 0.0110939 0.00953337 0.00815219 0.00693789 0.0058778 0.00495928 0.00417002 0.00349827 0.00293301 0.00246417 0.00208275 0.00178093 0.00155222 0.00139147 0.0012951 
0.0014836 0.00151522 0.0016191 0.00179795 0.00205604 0.00239927 0.00283512 0.00337256 0.00402192 0.00479479 0.00570378 0.00676235 0.00798457 0.00938483 0.0109775 0.0127767 0.0147958 0.0170471 0.0195414 0.0222877 0.0252926 0.0285602 0.0320916 0.0358846 0.0399333 0.0442282 0.048756 0.0534993 0.0584368 0.0635436 0.068791 0.0741469 0.0795763 0.0850416 0.0905028 0.0959186 0.101246 0.106442 0.111464 0.116268 0.120813 0.125059 0.128969 0.132507 0.135641 0.138344 0.140589 0.142356 0.14363 0.144398 0.144654 0.144395 0.143623 0.142346 0.140576 0.138329 0.135626 0.132491 0.128953 0.125045 0.120801 0.116259 0.11146 0.106444 0.101255 0.0959349 0.0905276 0.0850756 0.0796201 0.0742008 0.0688552 0.0636181 0.0585213 0.0535933 0.0488589 0.0443392 0.0400513 0.0360086 0.0322203 0.0286922 0.0254266 0.0224223 0.0196753 0.017179 0.0149245 0.012901 0.0110964 0.00949747 0.00809021 0.00686038 0.00579372 0.00487629 0.00409473 0.00343651 0.00289014 0.00244535 0.0020932 0.00182625 0.00163859 0.00152615 
0.0017401 0.00177713 0.0018982 0.00210645 0.00240673 0.00280578 0.00331213 0.003936 0.00468914 0.00558468 0.0066369 0.00786103 0.0092729 0.0108887 0.0127244 0.0147958 0.0171177 0.0197035 0.0225651 0.025712 0.0291511 0.0328863 0.0369181 0.0412433 0.0458545 0.0507403 0.0558846 0.0612673 0.0668638 0.0726453 0.0785791 0.0846286 0.0907544 0.0969139 0.103062 0.109153 0.115139 0.120972 0.126603 0.131986 0.137075 0.141825 0.146196 0.150149 0.153649 0.156665 0.15917 0.161141 0.162561 0.163416 0.163701 0.163411 0.162549 0.161124 0.159149 0.15664 0.153621 0.150119 0.146165 0.141794 0.137044 0.131958 0.126579 0.120953 0.115127 0.109149 0.103067 0.0969288 0.09078 0.0846656 0.0786276 0.0727057 0.0669359 0.0613507 0.0559788 0.0508445 0.0459677 0.0413644 0.0370457 0.0330189 0.0292873 0.0258502 0.0227039 0.0198414 0.0172531 0.0149275 0.0128512 0.0110095 0.00938676 0.00796718 0.00673471 0.00567363 0.00476887 0.00400626 0.00337274 0.00285665 0.00244784 0.00213781 0.00191985 0.0017893 
0.00203052 0.00207363 0.00221402 0.00245525 0.00280282 0.0032644 0.00384966 0.00457017 0.0054392 0.00647159 0.00768342 0.00909178 0.0107144 0.0125693 0.0146745 0.0170471 0.0197035 0.0226585 0.0259246 0.029512 0.0334278 0.0376756 0.0422551 0.0471618 0.0523864 0.0579153 0.0637298 0.0698062 0.0761164 0.0826273 0.0893018 0.0960986 0.102973 0.109878 0.116763 0.123576 0.130265 0.136776 0.143057 0.149056 0.154722 0.160007 0.164867 0.169259 0.173146 0.176493 0.179271 0.181457 0.183031 0.183979 0.184293 0.183971 0.183015 0.181433 0.179241 0.176456 0.173104 0.169213 0.164818 0.159957 0.154671 0.149007 0.143011 0.136735 0.13023 0.123549 0.116745 0.10987 0.102977 0.0961151 0.0893312 0.0826701 0.0761726 0.0698758 0.0638122 0.0580098 0.0524921 0.0472773 0.0423793 0.0378068 0.0335645 0.0296524 0.026067 0.0228012 0.0198449 0.0171856 0.0148087 0.012698 0.0108363 0.009206 0.00778912 0.00656811 0.00552602 0.0046469 0.00391605 0.00332026 0.00284806 0.00248982 0.00223794 0.00208712 
0.00235728 0.00240722 0.00256917 0.00284715 0.00324742 0.0037786 0.0044516 0.00527946 0.00627712 0.00746121 0.00884975 0.0104618 0.0123172 0.0144358 0.0168376 0.0195414 0.0225651 0.0259246 0.0296334 0.0337022 0.0381379 0.0429438 0.0481186 0.0536561 0.0595453 0.0657696 0.0723072 0.079131 0.0862085 0.0935023 0.10097 0.108566 0.11624 0.123939 0.131607 0.139187 0.146621 0.153851 0.160818 0.167466 0.17374 0.179588 0.184961 0.189814 0.194106 0.1978 0.200865 0.203275 0.205009 0.206054 0.206399 0.206043 0.204988 0.203244 0.200824 0.19775 0.194049 0.189751 0.184894 0.179517 0.173667 0.167394 0.160748 0.153784 0.14656 0.139134 0.131563 0.123906 0.116219 0.108559 0.100977 0.093524 0.0862455 0.0791833 0.0723745 0.0658512 0.0596404 0.0537635 0.0482368 0.0430713 0.0382729 0.0338428 0.0297778 0.0260709 0.0227114 0.0196859 0.0169786 0.0145719 0.0124468 0.0105839 0.00896326 0.00756529 0.00637109 0.00536279 0.0045239 0.00383958 0.00329691 0.00288506 0.00259545 0.00242209 
0.00272266 0.0027802 0.00296606 0.00328477 0.00374335 0.00435151 0.00512148 0.00606786 0.00720737 0.00855856 0.0101415 0.0119774 0.0140882 0.0164958 0.019222 0.0222877 0.025712 0.029512 0.0337022 0.0382933 0.0432925 0.0487021 0.0545196 0.0607371 0.0673411 0.0743121 0.0816249 0.0892481 0.097145 0.105273 0.113585 0.12203 0.13055 0.139089 0.147584 0.155972 0.16419 0.172173 0.179859 0.187187 0.194096 0.200531 0.206439 0.211771 0.216483 0.220538 0.2239 0.226542 0.228444 0.229588 0.229966 0.229575 0.228417 0.226503 0.223849 0.220475 0.216411 0.21169 0.206351 0.200438 0.193999 0.187089 0.179762 0.172079 0.1641 0.155889 0.14751 0.139027 0.130501 0.121995 0.113566 0.10527 0.0971591 0.0892796 0.0816736 0.0743776 0.0674225 0.0608333 0.0546291 0.0488233 0.0434236 0.0384322 0.0338468 0.0296603 0.0258618 0.022437 0.019369 0.0166385 0.0142251 0.0121071 0.0102627 0.00867012 0.00730848 0.00615783 0.00519977 0.00441772 0.00379721 0.0033261 0.00299477 0.00279651 
0.00312871 0.00319465 0.00340686 0.0037704 0.00429313 0.0049859 0.00586236 0.00693878 0.00823374 0.00976786 0.0115634 0.0136437 0.0160329 0.0187551 0.0218342 0.0252926 0.0291511 0.0334278 0.0381379 0.0432925 0.0488981 0.0549564 0.0614634 0.068409 0.0757769 0.0835444 0.0916823 0.100155 0.108921 0.117932 0.127135 0.136473 0.145885 0.155305 0.164666 0.173899 0.182934 0.191703 0.200137 0.208169 0.215737 0.222779 0.229239 0.235065 0.240212 0.244636 0.248304 0.251186 0.253258 0.254505 0.254917 0.254489 0.253226 0.251138 0.248242 0.24456 0.240123 0.234966 0.22913 0.222662 0.215615 0.208044 0.200011 0.191579 0.182814 0.173785 0.16456 0.155211 0.145804 0.136408 0.127086 0.1179 0.108908 0.100162 0.0917089 0.0835902 0.0758413 0.0684908 0.0615613 0.0550687 0.0490228 0.0434274 0.0382809 0.0335765 0.0293031 0.0254457 0.0219861 0.0189038 0.0161765 0.0137805 0.0116918 0.00988671 0.00834189 0.00703535 0.00594666 0.00505739 0.00435142 0.00381523 0.00343806 0.00321244 
0.00357715 0.00365232 0.00389338 0.00430598 0.00489885 0.00568404 0.00667672 0.00789491 0.00935919 0.0110923 0.0131188 0.0154643 0.0181552 0.0212179 0.0246782 0.0285602 0.0328863 0.0376756 0.0429438 0.0487021 0.0549564 0.0617074 0.068949 0.076669 0.0848478 0.0934592 0.10247 0.111838 0.121519 0.131458 0.141596 0.15187 0.162211 0.17255 0.182811 0.19292 0.202803 0.212383 0.221588 0.230346 0.238589 0.246254 0.25328 0.259612 0.265201 0.270004 0.273983 0.277108 0.279355 0.280706 0.281151 0.280687 0.279317 0.277052 0.27391 0.269914 0.265096 0.259493 0.253149 0.246113 0.238441 0.230192 0.221431 0.212227 0.202649 0.192772 0.182671 0.172421 0.162096 0.15177 0.141514 0.131395 0.121477 0.111818 0.102471 0.093482 0.0848919 0.0767333 0.0690323 0.0618078 0.0550721 0.0488307 0.043083 0.0378227 0.0330388 0.0287156 0.0248339 0.0213716 0.0183047 0.0156076 0.0132541 0.0112182 0.0094742 0.00799799 0.00676699 0.0057608 0.00496159 0.00435434 0.00392712 0.00367164 
0.00406935 0.0041546 0.00442707 0.00489299 0.00556206 0.00644758 0.00756632 0.00893813 0.0105857 0.012534 0.0148098 0.0174413 0.0204571 0.0238859 0.0277554 0.0320916 0.0369181 0.0422551 0.0481186 0.0545196 0.0614634 0.068949 0.0769685 0.0855067 0.0945408 0.10404 0.113967 0.124275 0.134912 0.145819 0.15693 0.168176 0.179482 0.19077 0.20196 0.212972 0.223724 0.234137 0.24413 0.253629 0.262562 0.270859 0.278459 0.285304 0.291342 0.296527 0.300821 0.304192 0.306614 0.30807 0.30855 0.308048 0.306571 0.304127 0.300736 0.296423 0.29122 0.285166 0.278307 0.270694 0.262386 0.253446 0.243942 0.233947 0.223536 0.212788 0.201784 0.190604 0.179329 0.16804 0.156812 0.145721 0.134837 0.124223 0.113939 0.104037 0.0945612 0.0855503 0.077034 0.0690347 0.0615673 0.0546393 0.0482516 0.0423987 0.0370694 0.0322477 0.0279136 0.0240435 0.0206116 0.0175904 0.0149515 0.0126664 0.0107072 0.00904752 0.00766243 0.00652956 0.00562923 0.00494488 0.00446335 0.00417547 
0.00460622 0.0047024 0.00500883 0.00553237 0.00628371 0.00727748 0.00853208 0.0100693 0.011914 0.0140934 0.0166369 0.0195748 0.0229384 0.0267584 0.0310645 0.0358846 0.0412433 0.0471618 0.0536561 0.0607371 0.068409 0.076669 0.0855067 0.094904 0.104834 0.115262 0.126144 0.13743 0.149061 0.160971 0.173088 0.185336 0.197634 0.209897 0.222039 0.233973 0.245612 0.25687 0.267664 0.277913 0.287542 0.296478 0.304656 0.312016 0.318503 0.324071 0.32868 0.332296 0.334894 0.336456 0.336969 0.336431 0.334846 0.332224 0.328585 0.323954 0.318365 0.311859 0.304482 0.296289 0.28734 0.277701 0.267445 0.256647 0.245389 0.233752 0.221825 0.209692 0.197442 0.185161 0.172932 0.160836 0.148949 0.137344 0.126084 0.115229 0.104827 0.0949236 0.0855514 0.076737 0.0684983 0.0608454 0.0537806 0.0472996 0.0413913 0.0360397 0.0312237 0.0269187 0.0230969 0.019729 0.0167843 0.014232 0.0120418 0.0101848 0.00863387 0.00736455 0.00635524 0.00558776 0.00504766 0.00472483 
0.00518814 0.00529611 0.00563903 0.00622445 0.00706405 0.00817387 0.00957402 0.0112883 0.0133437 0.01577 0.0185988 0.0218631 0.0255965 0.0298319 0.0346011 0.0399333 0.0458545 0.0523864 0.0595453 0.0673411 0.0757769 0.0848478 0.0945408 0.104834 0.115696 0.127089 0.138962 0.151258 0.163914 0.176856 0.190006 0.203281 0.216592 0.229848 0.242958 0.255827 0.268362 0.280474 0.292073 0.303075 0.313401 0.322975 0.33173 0.339602 0.346537 0.352485 0.357406 0.361265 0.364037 0.365702 0.366249 0.365675 0.363983 0.361185 0.357301 0.352355 0.346384 0.339427 0.331535 0.322762 0.313172 0.302834 0.291822 0.280217 0.268103 0.255568 0.242704 0.229604 0.216359 0.203064 0.189809 0.176681 0.163764 0.151135 0.138866 0.127023 0.11566 0.104827 0.0945616 0.0848953 0.075849 0.0674353 0.0596589 0.0525163 0.0459974 0.0400857 0.0347598 0.0299936 0.0257579 0.0220214 0.0187511 0.015914 0.0134772 0.0114094 0.00968122 0.00826587 0.00713983 0.00628327 0.00568038 0.00532009 
0.00581491 0.00593551 0.0063174 0.00696884 0.00790255 0.00913601 0.0106911 0.0125936 0.0148729 0.0175611 0.0206923 0.0243021 0.0284263 0.0331002 0.0383572 0.0442282 0.0507403 0.0579153 0.0657696 0.0743121 0.0835444 0.0934592 0.10404 0.115262 0.127089 0.139475 0.152368 0.165703 0.179408 0.193405 0.207608 0.221926 0.236265 0.250526 0.264611 0.27842 0.291856 0.304821 0.317224 0.328976 0.339994 0.350201 0.359525 0.367903 0.375278 0.3816 0.386827 0.390925 0.393867 0.395634 0.396214 0.395604 0.393809 0.390838 0.386712 0.381458 0.375111 0.367711 0.359311 0.349965 0.339741 0.328707 0.316943 0.304531 0.291561 0.278125 0.264318 0.250241 0.235991 0.221668 0.207369 0.193188 0.179217 0.16554 0.152235 0.139374 0.127019 0.115225 0.104034 0.0934832 0.0835965 0.0743897 0.0658698 0.058035 0.0508759 0.0443762 0.0385138 0.0332618 0.0285895 0.0244635 0.0208488 0.0177099 0.0150116 0.0127201 0.0108034 0.00923271 0.00798243 0.007031 0.00636121 0.00596104 
0.0064857 0.00661973 0.00704298 0.00776441 0.00879783 0.0101622 0.0118811 0.0139826 0.0164983 0.0194626 0.0229124 0.0268855 0.0314202 0.0365538 0.0423217 0.048756 0.0558846 0.0637298 0.0723072 0.0816249 0.0916823 0.10247 0.113967 0.126144 0.138962 0.152368 0.166303 0.180696 0.19547 0.210537 0.225806 0.241178 0.256551 0.271821 0.286882 0.30163 0.31596 0.329773 0.342971 0.355463 0.367163 0.37799 0.387873 0.396745 0.404549 0.411234 0.416759 0.421088 0.424195 0.42606 0.426673 0.426029 0.424133 0.420995 0.416636 0.411082 0.404368 0.396538 0.38764 0.377734 0.366886 0.355168 0.342661 0.329452 0.315631 0.301297 0.28655 0.271494 0.256235 0.240876 0.225523 0.210277 0.195236 0.180492 0.16613 0.152229 0.138857 0.126075 0.113932 0.102468 0.0917118 0.0816834 0.0723918 0.0638371 0.0560109 0.0488976 0.0424745 0.0367139 0.0315838 0.0270489 0.0230721 0.0196155 0.0166416 0.0141139 0.0119982 0.0102633 0.00888162 0.00782978 0.00708917 0.00664678 
0.00719896 0.00734719 0.00781404 0.0086092 0.0097476 0.0112496 0.0131409 0.0154513 0.0182148 0.0214685 0.0252516 0.0296045 0.0345676 0.0401804 0.0464798 0.0534993 0.0612673 0.0698062 0.079131 0.0892481 0.100155 0.111838 0.124275 0.13743 0.151258 0.165703 0.180696 0.196163 0.212016 0.228162 0.244501 0.260929 0.277335 0.29361 0.309641 0.325318 0.340533 0.35518 0.369158 0.382374 0.394738 0.406168 0.416592 0.425942 0.43416 0.441196 0.447007 0.451558 0.454823 0.456783 0.457427 0.456751 0.454758 0.451461 0.446877 0.441035 0.433969 0.425722 0.416344 0.405895 0.39444 0.382055 0.368821 0.354828 0.340171 0.32495 0.309272 0.293244 0.276977 0.260584 0.244175 0.227858 0.211738 0.195915 0.180482 0.165524 0.151116 0.137326 0.124208 0.111808 0.100159 0.0892852 0.0791976 0.069899 0.0613824 0.0536326 0.0466272 0.0403375 0.0347303 0.0297687 0.0254136 0.0216247 0.0183621 0.0155868 0.0132623 0.0113549 0.00983505 0.00867762 0.00786252 0.00737572 
0.00795242 0.00811556 0.00862808 0.00950042 0.0107486 0.0123946 0.0144657 0.0169941 0.0200161 0.023571 0.0277007 0.0324479 0.0378553 0.0439643 0.0508133 0.0584368 0.0668638 0.0761164 0.0862085 0.097145 0.108921 0.121519 0.134912 0.149061 0.163914 0.179408 0.19547 0.212016 0.228952 0.246177 0.263585 0.281063 0.298495 0.315763 0.33275 0.349341 0.36542 0.380881 0.395618 0.409535 0.422541 0.434553 0.445496 0.455304 0.463918 0.471287 0.47737 0.482132 0.485548 0.487598 0.488271 0.487564 0.48548 0.482031 0.477236 0.47112 0.463719 0.455074 0.445236 0.434264 0.422225 0.409195 0.395257 0.380502 0.365028 0.348939 0.332345 0.315359 0.298096 0.280676 0.263215 0.245829 0.22863 0.211724 0.195213 0.179188 0.163733 0.14892 0.134811 0.121458 0.108898 0.0971584 0.086255 0.0761925 0.0669657 0.0585602 0.0509536 0.0441169 0.0380159 0.0326119 0.027864 0.0237297 0.0201666 0.0171334 0.014591 0.0125036 0.0108395 0.0095717 0.00867874 0.00814552 
0.00874304 0.00892172 0.00948177 0.0104344 0.0117966 0.0135921 0.0158498 0.0186042 0.0218938 0.0257604 0.0302482 0.0354023 0.0412675 0.0478869 0.0553005 0.0635436 0.0726453 0.0826273 0.0935023 0.105273 0.117932 0.131458 0.145819 0.160971 0.176856 0.193405 0.210537 0.228162 0.246177 0.264476 0.282943 0.301458 0.319899 0.338142 0.356064 0.373544 0.390464 0.406712 0.42218 0.436771 0.450391 0.462958 0.474395 0.484636 0.493623 0.501306 0.507645 0.512605 0.516162 0.518296 0.518997 0.518261 0.516093 0.512502 0.507508 0.501135 0.493418 0.484397 0.474124 0.462656 0.45006 0.436413 0.421798 0.406309 0.390044 0.373112 0.355625 0.337701 0.319461 0.30103 0.28253 0.264084 0.245811 0.227826 0.210237 0.193143 0.176634 0.160792 0.145683 0.131364 0.11788 0.105261 0.0935268 0.082685 0.0727322 0.0636552 0.0554321 0.0480337 0.0414245 0.0355648 0.0304117 0.0259206 0.0220468 0.0187466 0.0159785 0.0137044 0.0118906 0.0105083 0.00953448 0.00895307 
0.00956701 0.0097618 0.010371 0.0114065 0.0128865 0.0148361 0.0172862 0.0202733 0.0238382 0.028025 0.0328804 0.0384515 0.0447854 0.0519267 0.0599166 0.068791 0.0785791 0.0893018 0.10097 0.113585 0.127135 0.141596 0.15693 0.173088 0.190006 0.207608 0.225806 0.244501 0.263585 0.282943 0.302451 0.321983 0.34141 0.360603 0.379431 0.397771 0.4155 0.432503 0.44867 0.463901 0.478104 0.491193 0.503094 0.513742 0.523078 0.531054 0.53763 0.542774 0.54646 0.548672 0.549399 0.548638 0.546391 0.54267 0.537491 0.53088 0.522869 0.513498 0.502817 0.490883 0.477761 0.463529 0.448271 0.432079 0.415056 0.397312 0.378961 0.360127 0.340936 0.321516 0.301997 0.282508 0.263176 0.244122 0.225462 0.207303 0.189743 0.17287 0.156757 0.141469 0.127053 0.113546 0.100971 0.0893393 0.0786493 0.0688893 0.060038 0.0520661 0.0449377 0.0386115 0.0330431 0.0281859 0.023993 0.0204182 0.0174178 0.0149514 0.0129833 0.0114828 0.0104256 0.00979445 
0.0104198 0.0106311 0.0112907 0.0124112 0.014012 0.0161196 0.0187667 0.0219918 0.0258379 0.0303517 0.0355817 0.0415776 0.048388 0.0560592 0.0646334 0.0741469 0.0846286 0.0960986 0.108566 0.12203 0.136473 0.15187 0.168176 0.185336 0.203281 0.221926 0.241178 0.260929 0.281063 0.301458 0.321983 0.342505 0.362889 0.382998 0.4027 0.421864 0.440365 0.458085 0.474913 0.490748 0.505496 0.519074 0.531407 0.54243 0.552088 0.560333 0.567127 0.572438 0.576244 0.578527 0.579277 0.578493 0.576175 0.572335 0.566989 0.56016 0.551879 0.542185 0.531126 0.518758 0.505146 0.490366 0.4745 0.457644 0.4399 0.42138 0.402202 0.382492 0.36238 0.342001 0.32149 0.300982 0.280611 0.260506 0.24079 0.221578 0.202976 0.185078 0.167965 0.151707 0.136359 0.121961 0.108542 0.0961146 0.0846807 0.0742304 0.0647433 0.0561901 0.0485344 0.041734 0.0357428 0.0305124 0.0259938 0.0221385 0.0189005 0.0162374 0.0141113 0.0124898 0.0113471 0.010665 
0.011296 0.0115242 0.0122353 0.0134424 0.0151661 0.0174344 0.0202817 0.0237486 0.0278802 0.0327253 0.0383349 0.0447603 0.052052 0.0602576 0.0694202 0.0795763 0.0907544 0.102973 0.11624 0.13055 0.145885 0.162211 0.179482 0.197634 0.216592 0.236265 0.256551 0.277335 0.298495 0.319899 0.34141 0.362889 0.384193 0.405182 0.425716 0.445663 0.464895 0.483291 0.500739 0.517137 0.532391 0.54642 0.559149 0.570516 0.580466 0.588955 0.595946 0.601408 0.605321 0.607668 0.60844 0.607635 0.605254 0.601308 0.595811 0.588785 0.58026 0.570273 0.558869 0.546103 0.532038 0.516748 0.500316 0.482837 0.464414 0.44516 0.425195 0.404648 0.383653 0.36235 0.34088 0.319383 0.298001 0.27687 0.25612 0.235875 0.216246 0.197336 0.179233 0.162014 0.145738 0.130453 0.11619 0.102966 0.0907871 0.0796439 0.0695174 0.0603788 0.0521913 0.044912 0.0384933 0.0328851 0.0280363 0.0238965 0.0204174 0.0175544 0.0152675 0.0135229 0.0122932 0.0115593 
0.0121896 0.0124351 0.0131981 0.0144928 0.0163408 0.0187714 0.0218209 0.0255316 0.0299509 0.0351296 0.0411206 0.0479774 0.0557519 0.0644928 0.0742438 0.0850416 0.0969139 0.109878 0.123939 0.139089 0.155305 0.17255 0.19077 0.209897 0.229848 0.250526 0.271821 0.29361 0.315763 0.338142 0.360603 0.382998 0.405182 0.427006 0.44833 0.469015 0.488932 0.507958 0.525981 0.542898 0.558618 0.573057 0.586147 0.597824 0.608037 0.616744 0.623909 0.629506 0.633513 0.635917 0.636709 0.635885 0.63345 0.629409 0.623779 0.616579 0.607836 0.597586 0.58587 0.572743 0.558264 0.542507 0.525553 0.507496 0.488439 0.468496 0.447788 0.426449 0.404615 0.382429 0.360038 0.33759 0.315231 0.293105 0.271349 0.250095 0.229462 0.209559 0.190483 0.172316 0.155125 0.138961 0.123861 0.109847 0.0969262 0.0850921 0.0743272 0.0646031 0.0558831 0.0481235 0.0412756 0.0352876 0.0301066 0.0256802 0.0219579 0.0188931 0.016444 0.014575 0.0132574 0.0124711 
0.013094 0.0133567 0.014172 0.0155547 0.0175274 0.0201207 0.0233727 0.0273275 0.0320345 0.0375466 0.0439184 0.0512053 0.0594604 0.0687336 0.0790689 0.0905028 0.103062 0.116763 0.131607 0.147584 0.164666 0.182811 0.20196 0.222039 0.242958 0.264611 0.286882 0.309641 0.33275 0.356064 0.379431 0.4027 0.425716 0.44833 0.470394 0.491769 0.512322 0.531931 0.550482 0.567874 0.584015 0.598825 0.612237 0.62419 0.634636 0.643534 0.650852 0.656566 0.660655 0.663108 0.663917 0.663079 0.660595 0.656475 0.650729 0.643377 0.634443 0.62396 0.611968 0.598517 0.583666 0.567485 0.550054 0.531465 0.511822 0.491238 0.469837 0.447753 0.425125 0.402103 0.378836 0.355478 0.332182 0.309098 0.286371 0.26414 0.242531 0.221662 0.201636 0.182541 0.164452 0.147425 0.131502 0.116708 0.103054 0.0905356 0.0791376 0.0688322 0.0595827 0.0513449 0.0440691 0.0377021 0.0321893 0.0274762 0.0235105 0.0202437 0.017632 0.0156383 0.0142326 0.0133938 
0.0140019 0.0142819 0.0151493 0.0166195 0.0187163 0.0214716 0.0249249 0.0291223 0.0341149 0.0399574 0.0467065 0.0544188 0.0631489 0.0729474 0.0838586 0.0959186 0.109153 0.123576 0.139187 0.155972 0.173899 0.19292 0.212972 0.233973 0.255827 0.27842 0.30163 0.325318 0.349341 0.373544 0.397771 0.421864 0.445663 0.469015 0.491769 0.513783 0.534922 0.555064 0.574095 0.591915 0.608434 0.623574 0.63727 0.649465 0.660113 0.669176 0.676626 0.682439 0.686599 0.689094 0.689917 0.689067 0.686544 0.682355 0.676511 0.669029 0.65993 0.649245 0.637012 0.623275 0.608093 0.591532 0.57367 0.554598 0.534418 0.513244 0.4912 0.468422 0.445053 0.421243 0.397148 0.372927 0.348738 0.324739 0.301082 0.277911 0.255362 0.233558 0.212611 0.192616 0.173652 0.155783 0.139054 0.123496 0.109123 0.0959329 0.083912 0.0730338 0.0632617 0.0545514 0.0468522 0.0401098 0.034268 0.0292704 0.0250631 0.0215954 0.0188221 0.0167043 0.0152109 0.0143198 
0.0149057 0.0152026 0.0161215 0.0176783 0.0198976 0.0228127 0.0264645 0.0309009 0.0361747 0.0423423 0.0494621 0.057592 0.0667878 0.0771006 0.0885749 0.101246 0.115139 0.130265 0.146621 0.16419 0.182934 0.202803 0.223724 0.245612 0.268362 0.291856 0.31596 0.340533 0.36542 0.390464 0.4155 0.440365 0.464895 0.488932 0.512322 0.534922 0.556596 0.577221 0.596684 0.614885 0.631739 0.647168 0.661111 0.673514 0.684335 0.693539 0.701099 0.706995 0.711213 0.713743 0.714579 0.713719 0.711164 0.706919 0.700994 0.693403 0.684166 0.673309 0.660867 0.646882 0.631409 0.614512 0.596265 0.576759 0.556093 0.53438 0.511746 0.488327 0.464268 0.439723 0.414853 0.389819 0.364788 0.339921 0.315378 0.29131 0.267861 0.245161 0.223328 0.202464 0.182655 0.16397 0.146461 0.13016 0.115087 0.101242 0.0886126 0.0771742 0.0668905 0.0577169 0.0496023 0.0424911 0.0363256 0.0310481 0.0266026 0.022937 0.0200042 0.0177641 0.016184 0.0152414 
0.015797 0.0161107 0.01708 0.0187216 0.0210608 0.0241322 0.0279781 0.0326479 0.0381961 0.0446808 0.0521617 0.0606981 0.0703466 0.0811588 0.0931791 0.106442 0.120972 0.136776 0.153851 0.172173 0.191703 0.212383 0.234137 0.25687 0.280474 0.304821 0.329773 0.35518 0.380881 0.406712 0.432503 0.458085 0.483291 0.507958 0.531931 0.555064 0.577221 0.598278 0.618125 0.636663 0.653809 0.669489 0.683643 0.696222 0.707187 0.716506 0.724157 0.730121 0.734386 0.736945 0.737791 0.736923 0.734343 0.730054 0.724063 0.716384 0.707032 0.696032 0.683414 0.669218 0.653494 0.636302 0.617717 0.597824 0.576721 0.554522 0.531351 0.507345 0.482651 0.457427 0.431835 0.406043 0.380221 0.354537 0.329158 0.304242 0.279937 0.256384 0.233705 0.212011 0.191392 0.171924 0.153663 0.136647 0.120898 0.106419 0.093201 0.0812193 0.0704389 0.060815 0.052296 0.0448255 0.0383445 0.0327938 0.0281158 0.0242567 0.021168 0.0188081 0.0171433 0.0161502 
0.0166677 0.0169976 0.0180158 0.0197396 0.0221951 0.0254179 0.0294519 0.0343476 0.0401613 0.0469523 0.0547818 0.0637102 0.0737948 0.0850875 0.0976325 0.111464 0.126603 0.143057 0.160818 0.179859 0.200137 0.221588 0.24413 0.267664 0.292073 0.317224 0.342971 0.369158 0.395618 0.42218 0.44867 0.474913 0.500739 0.525981 0.550482 0.574095 0.596684 0.618125 0.638309 0.657141 0.674537 0.69043 0.704762 0.717487 0.728569 0.737982 0.745705 0.751722 0.756024 0.758604 0.759459 0.758586 0.755987 0.751664 0.745623 0.737874 0.728431 0.717314 0.704551 0.690177 0.67424 0.656795 0.637915 0.617681 0.596191 0.573557 0.549901 0.525363 0.500091 0.474242 0.447985 0.421491 0.394934 0.368489 0.342327 0.316613 0.291504 0.267145 0.243667 0.221184 0.199796 0.179582 0.160604 0.142904 0.126508 0.111422 0.0976386 0.0851349 0.0738764 0.0638187 0.0549099 0.0470925 0.0403067 0.0344918 0.0295887 0.0255423 0.0223026 0.0198266 0.0180798 0.0170377 
0.0175091 0.0178547 0.0189199 0.0207225 0.0232896 0.0266577 0.0308719 0.0359841 0.0420518 0.0491359 0.0572986 0.0666013 0.0771018 0.0888524 0.101897 0.116268 0.131986 0.149056 0.167466 0.187187 0.208169 0.230346 0.253629 0.277913 0.303075 0.328976 0.355463 0.382374 0.409535 0.436771 0.463901 0.490748 0.517137 0.542898 0.567874 0.591915 0.614885 0.636663 0.657141 0.676224 0.693834 0.709904 0.724382 0.737225 0.748401 0.757887 0.765664 0.771722 0.776052 0.778648 0.77951 0.778634 0.776021 0.771674 0.765596 0.757794 0.748281 0.737071 0.724191 0.709671 0.693555 0.675896 0.656762 0.636232 0.614403 0.591383 0.567296 0.542279 0.516483 0.490068 0.463203 0.436064 0.40883 0.38168 0.354792 0.328337 0.302477 0.277364 0.253135 0.229912 0.2078 0.186882 0.167227 0.14888 0.13187 0.116208 0.101887 0.0888867 0.0771728 0.0667014 0.0574203 0.0492715 0.0421941 0.0361263 0.0310077 0.0267818 0.0233972 0.0208099 0.0189843 0.0178953 
