0.00495426 0.0049918 0.00511167 0.00531454 0.00560106 0.00597214 0.00642885 0.00697242 0.00760419 0.00832554 0.0091378 0.0100423 0.01104 0.0121319 0.0133186 0.0146001 0.0159762 0.017446 0.0190081 0.0206604 0.0224 0.0242232 0.0261257 0.0281021 0.0301463 0.0322513 0.0344092 0.0366113 0.038848 0.0411091 0.0433837 0.0456602 0.0479265 0.05017 0.0523779 0.0545371 0.0566344 0.0586567 0.060591 0.0624247 0.0641454 0.0657415 0.067202 0.0685167 0.0696763 0.0706724 0.0714979 0.0721469 0.0726145 0.0728975 0.0729937 0.0729024 0.0726244 0.0721617 0.0715177 0.0706972 0.0697061 0.0685516 0.067242 0.0657866 0.0641956 0.0624799 0.0606513 0.058722 0.0567047 0.0546122 0.0524578 0.0502544 0.0480153 0.0457532 0.0434805 0.0412095 0.0389515 0.0367176 0.0345179 0.0323619 0.0302584 0.0282151 0.0262391 0.0243365 0.0225126 0.0207717 0.0191177 0.0175532 0.0160804 0.0147009 0.0134154 0.0122243 0.0111274 0.0101242 0.00921396 0.00839549 0.0076676 0.00702897 0.00647827 0.00601422 0.00563561 0.00534141 0.00513076 0.0050033 
0.0049918 0.00502964 0.00515043 0.00535483 0.00564351 0.00601738 0.0064775 0.00702513 0.0076616 0.00838829 0.00920656 0.0101177 0.0111228 0.0122227 0.0134179 0.0147087 0.0160948 0.0175752 0.0191485 0.0208125 0.0225644 0.0244006 0.0263164 0.0283067 0.0303651 0.0324847 0.0346574 0.0368745 0.0391265 0.041403 0.043693 0.0459848 0.0482662 0.0505247 0.0527472 0.0549206 0.0570318 0.0590673 0.0610142 0.0628598 0.0645917 0.0661982 0.0676681 0.0689912 0.0701581 0.0711606 0.0719914 0.0726445 0.0731151 0.0733998 0.0734966 0.0734047 0.0731248 0.0726591 0.072011 0.0711852 0.0701877 0.0690257 0.0677077 0.0662428 0.0646415 0.0629146 0.0610741 0.0591322 0.0571016 0.0549953 0.0528266 0.0506086 0.0483546 0.0460773 0.0437894 0.041503 0.0392297 0.0369805 0.0347658 0.032595 0.0304769 0.0284194 0.0264296 0.0245137 0.0226769 0.0209238 0.019258 0.0176823 0.016199 0.0148096 0.0135148 0.0123151 0.0112102 0.0101997 0.0092828 0.00845833 0.00772509 0.00708176 0.00652701 0.00605953 0.00567812 0.00538175 0.00516956 0.00504117 
0.00511167 0.00515043 0.00527399 0.00548303 0.00577824 0.0061605 0.00663094 0.00719078 0.0078414 0.00858417 0.00942047 0.0103516 0.0113786 0.0125024 0.0137235 0.015042 0.0164577 0.0179695 0.0195761 0.0212751 0.0230636 0.0249378 0.0268932 0.0289242 0.0310246 0.0331871 0.0354036 0.0376651 0.0399619 0.0422835 0.0446185 0.0469551 0.0492809 0.0515831 0.0538484 0.0560635 0.0582148 0.060289 0.0622728 0.0641531 0.0659175 0.0675539 0.0690512 0.0703988 0.0715874 0.0726083 0.0734544 0.0741194 0.0745986 0.0748885 0.0749869 0.0748932 0.0746081 0.0741336 0.0734734 0.0726322 0.0716161 0.0704324 0.0690897 0.0675974 0.0659659 0.0642066 0.0623312 0.0603525 0.0582832 0.0561366 0.0539263 0.0516655 0.0493678 0.0470461 0.0447134 0.042382 0.0400638 0.0377699 0.0355109 0.0332964 0.0311355 0.0290362 0.0270057 0.0250503 0.0231756 0.0213859 0.0196853 0.0180765 0.0165618 0.0151428 0.0138203 0.0125948 0.0114661 0.0104338 0.00949688 0.00865439 0.00790508 0.00724761 0.00668063 0.00620283 0.005813 0.00551009 0.00529323 0.00516204 
0.00531454 0.00535483 0.00548303 0.00569984 0.00600595 0.00640227 0.00688992 0.00747018 0.00814442 0.00891405 0.00978046 0.0107449 0.0118085 0.0129722 0.0142363 0.0156011 0.0170661 0.0186304 0.0202923 0.0220494 0.0238988 0.0258364 0.0278575 0.0299564 0.0321264 0.0343603 0.0366494 0.0389846 0.0413558 0.043752 0.0461617 0.0485727 0.0509721 0.0533467 0.0556829 0.057967 0.0601851 0.0623233 0.0643679 0.0663058 0.0681239 0.06981 0.0713526 0.0727409 0.0739651 0.0750167 0.075888 0.0765728 0.0770662 0.0773645 0.0774657 0.077369 0.0770751 0.0765862 0.0759059 0.0750392 0.0739923 0.0727727 0.0713892 0.0698514 0.0681702 0.0663569 0.064424 0.0623842 0.0602508 0.0580376 0.0557582 0.0534266 0.0510564 0.0486612 0.0462543 0.0438483 0.0414554 0.0390873 0.0367548 0.0344678 0.0322358 0.0300669 0.0279688 0.0259479 0.0240099 0.0221596 0.0204009 0.0187369 0.01717 0.0157017 0.0143331 0.0130647 0.0118962 0.0108273 0.0098571 0.00898455 0.00820841 0.00752731 0.00693991 0.00644487 0.00604096 0.00572712 0.00550245 0.00536657 
0.00560106 0.00564351 0.00577824 0.00600595 0.00632735 0.00674339 0.00725521 0.00786411 0.00857149 0.00937879 0.0102874 0.0112986 0.0124136 0.013633 0.0149575 0.0163871 0.0179212 0.0195588 0.0212982 0.0231368 0.0250713 0.0270975 0.0292105 0.0314042 0.0336717 0.0360052 0.0383958 0.040834 0.043309 0.0458096 0.0483236 0.0508383 0.0533404 0.0558161 0.0582513 0.0606316 0.0629427 0.0651701 0.0672998 0.0693178 0.0712109 0.0729662 0.0745719 0.0760168 0.0772908 0.078385 0.0792915 0.0800039 0.080517 0.0808272 0.0809322 0.0808313 0.0805252 0.0800162 0.079308 0.0784058 0.0773159 0.0760463 0.0746059 0.0730048 0.071254 0.0693657 0.0673524 0.0652275 0.0630049 0.0606986 0.0583229 0.0558924 0.0534212 0.0509234 0.0484128 0.0459026 0.0434056 0.0409338 0.0384985 0.0361103 0.0337788 0.0315127 0.02932 0.0272074 0.025181 0.0232458 0.0214059 0.0196647 0.0180246 0.0164874 0.0150542 0.0137255 0.0125014 0.0113812 0.0103643 0.00944964 0.00863585 0.00792163 0.00730558 0.00678636 0.00636269 0.0060335 0.00579788 0.00565543 
0.00597214 0.00601738 0.0061605 0.00640227 0.00674339 0.00718484 0.0077278 0.00837361 0.00912369 0.00997951 0.0109425 0.0120139 0.0131949 0.0144863 0.0158884 0.0174013 0.0190244 0.0207563 0.0225953 0.0245385 0.0265825 0.0287227 0.0309537 0.0332692 0.0356619 0.0381233 0.0406443 0.0432145 0.0458228 0.0484572 0.0511051 0.0537529 0.0563867 0.058992 0.061554 0.0640576 0.0664879 0.0688296 0.0710681 0.0731888 0.0751779 0.0770219 0.0787084 0.0802258 0.0815635 0.0827122 0.0836638 0.0844115 0.0849499 0.0852752 0.0853851 0.0852789 0.0849572 0.0844224 0.0836785 0.0827308 0.081586 0.0802522 0.078739 0.0770567 0.075217 0.0732325 0.0711163 0.0688824 0.0665453 0.0641198 0.0616208 0.0590634 0.0564627 0.0538333 0.0511897 0.0485459 0.0459153 0.0433104 0.0407433 0.0382251 0.0357659 0.0333751 0.0310608 0.0288305 0.0266905 0.0246461 0.0227019 0.0208613 0.0191271 0.0175012 0.0159849 0.0145787 0.0132828 0.0120968 0.0110198 0.0100508 0.00918849 0.00843159 0.00777864 0.00722825 0.00677913 0.00643017 0.00618043 0.00602952 
0.00642885 0.0064775 0.00663094 0.00688992 0.00725521 0.0077278 0.00830892 0.00899994 0.00980233 0.0107176 0.0117471 0.0128923 0.0141541 0.0155335 0.0170306 0.0186454 0.0203772 0.0222246 0.0241854 0.0262565 0.0284342 0.0307136 0.0330888 0.0355531 0.0380985 0.0407161 0.0433961 0.0461274 0.0488983 0.0516959 0.0545069 0.0573169 0.0601112 0.0628744 0.0655909 0.0682448 0.0708202 0.0733012 0.0756722 0.077918 0.0800238 0.0819757 0.0837606 0.0853662 0.0867815 0.0879965 0.0890029 0.0897935 0.0903627 0.0907064 0.0908223 0.0907095 0.0903688 0.0898027 0.0890154 0.0880123 0.0868006 0.0853889 0.083787 0.082006 0.0800581 0.0779564 0.0757149 0.0733483 0.0708719 0.0683011 0.0656518 0.06294 0.0601814 0.0573917 0.0545861 0.0517793 0.0489857 0.0462185 0.0434906 0.0408137 0.0381987 0.0356555 0.0331929 0.0308187 0.0285399 0.0263622 0.0242903 0.0223283 0.020479 0.0187447 0.0171267 0.0156257 0.0142421 0.0129753 0.0118247 0.0107892 0.0098676 0.00905843 0.00836027 0.0077717 0.00729141 0.00691822 0.00665119 0.00648991 
0.00697242 0.00702513 0.00719078 0.00747018 0.00786411 0.00837361 0.00899994 0.00974452 0.0106089 0.0115945 0.0127029 0.0139353 0.0152929 0.0167763 0.0183858 0.0201213 0.0219817 0.0239654 0.0260702 0.0282925 0.0306282 0.0330719 0.0356175 0.0382573 0.040983 0.0437849 0.0466524 0.0495738 0.0525363 0.0555264 0.0585297 0.0615308 0.0645142 0.0674634 0.0703618 0.0731926 0.0759388 0.0785836 0.0811105 0.0835034 0.0857466 0.0878255 0.089726 0.0914353 0.0929417 0.0942348 0.0953057 0.0961467 0.096752 0.0971174 0.0972403 0.0971198 0.0967568 0.0961539 0.0953154 0.0942472 0.0929569 0.0914535 0.0897474 0.0878503 0.085775 0.0835356 0.0811467 0.078624 0.0759835 0.0732418 0.0704156 0.0675219 0.0645774 0.0615987 0.0586021 0.0556034 0.0526176 0.0496591 0.0467415 0.0438775 0.0410786 0.0383555 0.0357177 0.0331738 0.030731 0.0283957 0.0261731 0.0240675 0.0220822 0.0202196 0.0184813 0.0168682 0.0153807 0.0140184 0.0127807 0.0116665 0.0106746 0.00980353 0.00905183 0.00841804 0.0079008 0.00749892 0.0072114 0.00703783 
0.00760419 0.0076616 0.0078414 0.00814442 0.00857149 0.00912369 0.00980233 0.0106089 0.0115448 0.0126118 0.0138113 0.0151447 0.0166128 0.0182165 0.0199559 0.0218306 0.0238394 0.0259807 0.0282515 0.0306482 0.0331661 0.0357993 0.0385411 0.0413833 0.0443167 0.0473308 0.0504143 0.0535544 0.0567374 0.0599489 0.0631732 0.0663942 0.0695948 0.0727577 0.0758652 0.0788991 0.0818415 0.0846745 0.0873804 0.0899421 0.092343 0.0945675 0.0966007 0.098429 0.10004 0.101423 0.102567 0.103466 0.104113 0.104503 0.104634 0.104505 0.104116 0.103471 0.102574 0.101431 0.100051 0.098442 0.0966163 0.094586 0.0923646 0.0899671 0.087409 0.084707 0.0818782 0.0789401 0.0759107 0.0728079 0.0696498 0.066454 0.0632378 0.0600183 0.0568114 0.0536328 0.0504969 0.0474173 0.0444067 0.0414764 0.0386368 0.0358971 0.0332653 0.0307483 0.0283519 0.0260806 0.0239383 0.0219276 0.0200505 0.0183079 0.0167004 0.0152278 0.0138894 0.0126842 0.011611 0.0106684 0.00985475 0.00916866 0.0086087 0.00817362 0.00786241 0.00767463 
0.00832554 0.00838829 0.00858417 0.00891405 0.00937879 0.00997951 0.0107176 0.0115945 0.0126118 0.0137713 0.0150742 0.016522 0.0181157 0.0198558 0.0217425 0.0237751 0.0259522 0.0282719 0.0307309 0.0333251 0.0360493 0.0388971 0.0418609 0.044932 0.0481002 0.0513543 0.0546818 0.058069 0.0615012 0.0649626 0.0684366 0.0719055 0.0753513 0.0787553 0.0820985 0.0853615 0.088525 0.09157 0.0944776 0.0972295 0.099808 0.102196 0.104379 0.106341 0.10807 0.109553 0.110781 0.111745 0.112438 0.112857 0.112996 0.112857 0.11244 0.111747 0.110784 0.109557 0.108075 0.106348 0.104388 0.102208 0.0998218 0.0972462 0.0944975 0.0915935 0.0885524 0.085393 0.0821345 0.078796 0.0753969 0.071956 0.0684921 0.0650232 0.0615668 0.0581394 0.0547568 0.0514337 0.0481837 0.0450191 0.0419512 0.03899 0.0361443 0.0334215 0.0308281 0.0283692 0.026049 0.0238705 0.0218358 0.0199464 0.0182028 0.0166049 0.0151523 0.0138438 0.0126784 0.0116544 0.0107705 0.010025 0.0094165 0.00894372 0.00860559 0.00840167 
0.0091378 0.00920656 0.00942047 0.00978046 0.0102874 0.0109425 0.0117471 0.0127029 0.0138113 0.0150742 0.016493 0.0180689 0.019803 0.0216958 0.0237471 0.0259562 0.0283214 0.0308404 0.0335095 0.0363242 0.0392787 0.0423658 0.0455774 0.0489036 0.0523336 0.0558551 0.0594544 0.0631168 0.0668263 0.0705658 0.0743174 0.0780622 0.0817806 0.0854525 0.0890576 0.092575 0.0959841 0.0992645 0.102396 0.105359 0.108134 0.110705 0.113053 0.115164 0.117023 0.118618 0.119938 0.120974 0.121719 0.122168 0.122318 0.122168 0.121718 0.120973 0.119937 0.118617 0.117023 0.115164 0.113055 0.110708 0.108139 0.105366 0.102406 0.0992779 0.0960011 0.0925959 0.0890828 0.0854824 0.0818154 0.0781021 0.0743626 0.0706163 0.0668821 0.0631779 0.0595207 0.0559263 0.0524095 0.0489837 0.0456613 0.0424531 0.0393686 0.0364163 0.033603 0.0309345 0.0284155 0.0260495 0.0238388 0.0217852 0.0198893 0.0181514 0.0165708 0.0151468 0.0138781 0.0127632 0.0118005 0.0109884 0.0103256 0.00981057 0.00944229 0.0092203 
0.0100423 0.0101177 0.0103516 0.0107449 0.0112986 0.0120139 0.0128923 0.0139353 0.0151447 0.016522 0.0180689 0.0197866 0.021676 0.0237375 0.0259708 0.0283749 0.0309479 0.0336869 0.036588 0.039646 0.0428545 0.0462055 0.0496901 0.0532975 0.0570158 0.0608316 0.0647302 0.0686953 0.0727098 0.0767552 0.0808119 0.0848598 0.0888776 0.0928437 0.0967363 0.100533 0.104211 0.10775 0.111127 0.114321 0.117313 0.120082 0.122612 0.124886 0.126888 0.128605 0.130026 0.131141 0.131943 0.132425 0.132586 0.132424 0.13194 0.131137 0.13002 0.128599 0.126881 0.124879 0.122606 0.120076 0.117308 0.114318 0.111126 0.107752 0.104217 0.100542 0.0967494 0.0928615 0.0889003 0.0848878 0.0808454 0.0767943 0.0727547 0.068746 0.0647865 0.0608935 0.057083 0.0533696 0.0497666 0.0462861 0.0429385 0.0397329 0.036677 0.0337772 0.0310388 0.0284655 0.0260604 0.0238253 0.0217612 0.0198683 0.0181464 0.0165945 0.0152115 0.0139958 0.012946 0.0120603 0.0113372 0.0107755 0.0103738 0.0101318 
0.01104 0.0111228 0.0113786 0.0118085 0.0124136 0.0131949 0.0141541 0.0152929 0.0166128 0.0181157 0.019803 0.021676 0.0237355 0.0259817 0.0284142 0.0310316 0.0338319 0.0368116 0.0399663 0.0432901 0.0467759 0.0504151 0.0541976 0.0581118 0.0621445 0.0662812 0.0705058 0.0748008 0.0791473 0.0835256 0.0879144 0.0922918 0.0966352 0.100921 0.105126 0.109226 0.113197 0.117016 0.120659 0.124104 0.12733 0.130316 0.133043 0.135492 0.137649 0.139499 0.141029 0.14223 0.143093 0.143613 0.143785 0.14361 0.143088 0.142222 0.141019 0.139487 0.137636 0.135478 0.133027 0.1303 0.127315 0.12409 0.120646 0.117005 0.11319 0.109222 0.105126 0.100925 0.0966445 0.0923066 0.0879348 0.083552 0.07918 0.0748396 0.0705509 0.0663325 0.0622018 0.0581747 0.0542657 0.050488 0.046853 0.0433708 0.0400498 0.0368973 0.0339189 0.0311191 0.0285012 0.0260674 0.0238191 0.0217566 0.0198797 0.0181877 0.0166795 0.0153534 0.014208 0.0132416 0.0124525 0.0118394 0.0114012 0.0111372 
0.0121319 0.0122227 0.0125024 0.0129722 0.013633 0.0144863 0.0155335 0.0167763 0.0182165 0.0198558 0.0216958 0.0237375 0.0259817 0.0284285 0.0310772 0.0339262 0.0369729 0.0402135 0.043643 0.0472548 0.051041 0.0549922 0.0590971 0.0633431 0.0677158 0.0721993 0.0767761 0.0814272 0.0861323 0.0908697 0.0956167 0.10035 0.105044 0.109674 0.114216 0.118642 0.122928 0.127048 0.130978 0.134694 0.138171 0.141389 0.144327 0.146967 0.14929 0.151282 0.15293 0.154222 0.155151 0.15571 0.155896 0.155706 0.155143 0.15421 0.152914 0.151263 0.149269 0.146943 0.144302 0.141363 0.138144 0.134667 0.130953 0.127024 0.122906 0.118623 0.114201 0.109664 0.105038 0.10035 0.0956227 0.0908821 0.0861513 0.081453 0.0768087 0.0722387 0.0677619 0.0633956 0.0591556 0.0550563 0.0511103 0.0473284 0.0437203 0.0402938 0.0370552 0.0340096 0.0311609 0.0285116 0.0260632 0.0238165 0.0217713 0.0199271 0.0182827 0.0168366 0.0155873 0.014533 0.0136722 0.0130034 0.0125253 0.0122375 
0.0133186 0.0134179 0.0137235 0.0142363 0.0149575 0.0158884 0.0170306 0.0183858 0.0199559 0.0217425 0.0237471 0.0259708 0.0284142 0.0310772 0.0339588 0.0370572 0.0403693 0.0438908 0.0476159 0.0515375 0.0556466 0.0599329 0.0643841 0.0689863 0.0737239 0.0785794 0.0835339 0.0885667 0.0936558 0.0987778 0.103908 0.109021 0.114091 0.11909 0.123991 0.128766 0.133388 0.137831 0.142066 0.146069 0.149816 0.153282 0.156445 0.159286 0.161787 0.163931 0.165704 0.167094 0.168093 0.168694 0.168893 0.168688 0.168082 0.167078 0.165683 0.163905 0.161757 0.159253 0.156409 0.153244 0.149776 0.146029 0.142026 0.137792 0.133351 0.128732 0.12396 0.119063 0.114069 0.109005 0.103898 0.0987747 0.0936597 0.0885779 0.0835525 0.0786056 0.0737575 0.0690272 0.0644319 0.0599872 0.0557068 0.051603 0.047686 0.0439647 0.0404461 0.037136 0.0340386 0.031157 0.028493 0.0260477 0.0238211 0.0218126 0.0200213 0.0184457 0.0170842 0.0159352 0.0149968 0.0142677 0.0137467 0.0134331 
0.0146001 0.0147087 0.015042 0.0156011 0.0163871 0.0174013 0.0186454 0.0201213 0.0218306 0.0237751 0.0259562 0.0283749 0.0310316 0.0339262 0.0370572 0.0404225 0.0440184 0.0478402 0.0518813 0.0561337 0.0605877 0.0652317 0.0700524 0.0750345 0.0801609 0.0854128 0.0907694 0.0962085 0.101706 0.107237 0.112775 0.118292 0.123761 0.129151 0.134433 0.139578 0.144557 0.149341 0.153901 0.158209 0.16224 0.165968 0.169371 0.172426 0.175114 0.177418 0.179323 0.180817 0.18189 0.182536 0.182749 0.182529 0.181876 0.180796 0.179296 0.177385 0.175075 0.172382 0.169323 0.165918 0.162187 0.158155 0.153846 0.149286 0.144504 0.139527 0.134385 0.129107 0.123722 0.118259 0.112748 0.107217 0.101694 0.0962039 0.0907728 0.0854244 0.0801808 0.0750624 0.0700882 0.0652749 0.0606378 0.0561901 0.0519432 0.0479068 0.0440889 0.0404958 0.0371323 0.0340021 0.0311073 0.0284492 0.0260281 0.0238437 0.0218949 0.0201804 0.0186986 0.0174478 0.0164263 0.0156326 0.0150654 0.0147243 
0.0159762 0.0160948 0.0164577 0.0170661 0.0179212 0.0190244 0.0203772 0.0219817 0.0238394 0.0259522 0.0283214 0.0309479 0.0338319 0.0369729 0.0403693 0.0440184 0.0479162 0.0520571 0.0564339 0.0610376 0.0658576 0.0708812 0.0760936 0.0814783 0.0870167 0.0926882 0.0984705 0.104339 0.110269 0.116233 0.122201 0.128145 0.134034 0.139836 0.145521 0.151057 0.156412 0.161555 0.166456 0.171085 0.175416 0.17942 0.183073 0.186353 0.189238 0.191711 0.193756 0.195358 0.196509 0.197201 0.197429 0.197193 0.196492 0.195333 0.193722 0.19167 0.189191 0.186299 0.183014 0.179356 0.175348 0.171016 0.166385 0.161483 0.156341 0.150988 0.145455 0.139774 0.133976 0.128093 0.122156 0.116194 0.110239 0.104317 0.0984573 0.0926839 0.0870214 0.081492 0.0761161 0.070912 0.0658964 0.0610837 0.0564865 0.0521154 0.0479794 0.0440854 0.040439 0.0370442 0.0339037 0.031019 0.0283908 0.0260189 0.0239022 0.0220397 0.0204296 0.0190704 0.0179602 0.0170976 0.0164812 0.0161106 
0.017446 0.0175752 0.0179695 0.0186304 0.0195588 0.0207563 0.0222246 0.0239654 0.0259807 0.0282719 0.0308404 0.0336869 0.0368116 0.0402135 0.0438908 0.0478402 0.0520571 0.0565352 0.0612666 0.0662414 0.0714476 0.0768715 0.0824971 0.0883061 0.0942784 0.100392 0.106622 0.112943 0.119327 0.125745 0.132165 0.138557 0.144887 0.151123 0.15723 0.163174 0.168923 0.174442 0.1797 0.184666 0.18931 0.193602 0.197518 0.201033 0.204124 0.206773 0.208963 0.21068 0.211912 0.212652 0.212896 0.212642 0.211891 0.210649 0.208923 0.206724 0.204067 0.200968 0.197447 0.193525 0.189227 0.18458 0.179612 0.174353 0.168833 0.163086 0.157144 0.15104 0.14481 0.138485 0.1321 0.125687 0.119278 0.112902 0.106591 0.10037 0.0942667 0.0883042 0.0825049 0.0768888 0.0714739 0.066276 0.0613089 0.0565843 0.052112 0.0478998 0.0439541 0.0402794 0.0368788 0.0337543 0.0309067 0.028336 0.0260415 0.024022 0.0222759 0.0208016 0.0195974 0.0186617 0.0179931 0.0175912 
0.0190081 0.0191485 0.0195761 0.0202923 0.0212982 0.0225953 0.0241854 0.0260702 0.0282515 0.0307309 0.0335095 0.036588 0.0399663 0.043643 0.0476159 0.0518813 0.0564339 0.0612666 0.0663707 0.0717351 0.0773469 0.083191 0.0892497 0.0955036 0.101931 0.108507 0.115206 0.122 0.128859 0.135751 0.142644 0.149504 0.156295 0.162982 0.169528 0.175899 0.182057 0.187969 0.193599 0.198915 0.203884 0.208477 0.212666 0.216424 0.21973 0.222562 0.224903 0.226737 0.228054 0.228845 0.229105 0.228833 0.22803 0.226701 0.224856 0.222504 0.219662 0.216348 0.212581 0.208385 0.203786 0.198812 0.193493 0.187861 0.181948 0.17579 0.169421 0.162878 0.156196 0.14941 0.142558 0.135672 0.128789 0.121939 0.115155 0.108466 0.101901 0.0954848 0.0892417 0.0831934 0.0773595 0.0717571 0.0664014 0.0613053 0.0564794 0.0519327 0.047672 0.0437026 0.0400281 0.0366509 0.0335721 0.0307919 0.0283099 0.0261248 0.0242353 0.0226396 0.0213361 0.0203232 0.0195995 0.0191647 
0.0206604 0.0208125 0.0212751 0.0220494 0.0231368 0.0245385 0.0262565 0.0282925 0.0306482 0.0333251 0.0363242 0.039646 0.0432901 0.0472548 0.0515375 0.0561337 0.0610376 0.0662414 0.0717351 0.0775068 0.0835423 0.089825 0.096336 0.103054 0.109955 0.117013 0.124201 0.131487 0.13884 0.146226 0.15361 0.160955 0.168225 0.17538 0.182383 0.189195 0.195779 0.202096 0.208111 0.213789 0.219095 0.223999 0.22847 0.232481 0.236008 0.239029 0.241525 0.243482 0.244886 0.245729 0.246006 0.245715 0.244858 0.243441 0.241471 0.238962 0.23593 0.232392 0.228371 0.223892 0.218981 0.213669 0.207987 0.201968 0.195649 0.189065 0.182254 0.175254 0.168103 0.160839 0.153501 0.146125 0.138748 0.131405 0.124129 0.116953 0.109906 0.103017 0.0963107 0.0898114 0.0835399 0.077515 0.0717532 0.0662686 0.0610729 0.056176 0.0515855 0.0473074 0.0433458 0.0397037 0.0363824 0.0333825 0.0307036 0.0283448 0.0263046 0.0245815 0.0231738 0.0220798 0.0212984 0.0208289 
0.0224 0.0225644 0.0230636 0.0238988 0.0250713 0.0265825 0.0284342 0.0306282 0.0331661 0.0360493 0.0392787 0.0428545 0.0467759 0.051041 0.0556466 0.0605877 0.0658576 0.0714476 0.0773469 0.0835423 0.0900183 0.0967568 0.103737 0.110937 0.11833 0.125888 0.133581 0.141378 0.149242 0.157139 0.165031 0.172878 0.180641 0.18828 0.195754 0.203022 0.210044 0.21678 0.223192 0.229242 0.234896 0.240119 0.24488 0.249151 0.252905 0.256121 0.258777 0.260859 0.262353 0.26325 0.263544 0.263234 0.262322 0.260813 0.258716 0.256045 0.252816 0.249049 0.244767 0.239996 0.234765 0.229104 0.223048 0.216632 0.209893 0.20287 0.195603 0.188132 0.180497 0.172739 0.164898 0.157015 0.149127 0.141273 0.133488 0.125806 0.11826 0.11088 0.103694 0.0967258 0.0899997 0.0835355 0.0773513 0.0714623 0.0658815 0.0606198 0.0556856 0.0510856 0.0468247 0.0429062 0.0393318 0.0361025 0.0332181 0.0306777 0.0284802 0.0266238 0.0251071 0.0239285 0.0230865 0.0225809 
0.0242232 0.0244006 0.0249378 0.0258364 0.0270975 0.0287227 0.0307136 0.0330719 0.0357993 0.0388971 0.0423658 0.0462055 0.0504151 0.0549922 0.0599329 0.0652317 0.0708812 0.0768715 0.083191 0.089825 0.0967568 0.103967 0.111433 0.11913 0.127031 0.135105 0.14332 0.151642 0.160034 0.168457 0.176871 0.185235 0.193506 0.201642 0.2096 0.217336 0.224807 0.231972 0.238791 0.245223 0.251232 0.256782 0.26184 0.266377 0.270364 0.273779 0.276599 0.278809 0.280395 0.281346 0.281658 0.281329 0.28036 0.278757 0.27653 0.273694 0.270264 0.266263 0.261714 0.256644 0.251083 0.245066 0.238627 0.231803 0.224634 0.217161 0.209425 0.201469 0.193337 0.185071 0.176714 0.168308 0.159894 0.151514 0.143204 0.135001 0.12694 0.119053 0.111369 0.103917 0.0967208 0.0898021 0.0831804 0.0768725 0.0708927 0.0652526 0.0599619 0.055028 0.0504562 0.0462506 0.0424133 0.0389455 0.0358474 0.0331182 0.030757 0.0287621 0.027132 0.0258652 0.0249603 0.0244171 
0.0261257 0.0263164 0.0268932 0.0278575 0.0292105 0.0309537 0.0330888 0.0356175 0.0385411 0.0418609 0.0455774 0.0496901 0.0541976 0.0590971 0.0643841 0.0700524 0.0760936 0.0824971 0.0892497 0.096336 0.103737 0.111433 0.119398 0.127607 0.13603 0.144634 0.153386 0.162247 0.171179 0.180141 0.189091 0.197983 0.206775 0.215419 0.223871 0.232085 0.240016 0.247619 0.254853 0.261675 0.268046 0.273929 0.279291 0.284098 0.288322 0.291939 0.294927 0.297267 0.298946 0.299953 0.300283 0.299933 0.298907 0.297209 0.29485 0.291845 0.288211 0.283971 0.279149 0.273775 0.26788 0.261498 0.254668 0.247428 0.23982 0.231887 0.223672 0.215222 0.20658 0.197794 0.188908 0.179967 0.171015 0.162094 0.153245 0.144507 0.135916 0.127508 0.119314 0.111364 0.103683 0.0962957 0.0892232 0.0824833 0.0760917 0.0700612 0.0644023 0.0591232 0.0542302 0.0497277 0.0456184 0.0419039 0.0385846 0.03566 0.0331292 0.0309908 0.0292433 0.0278852 0.0269151 0.0263329 
0.0281021 0.0283067 0.0289242 0.0299564 0.0314042 0.0332692 0.0355531 0.0382573 0.0413833 0.044932 0.0489036 0.0532975 0.0581118 0.0633431 0.0689863 0.0750345 0.0814783 0.0883061 0.0955036 0.103054 0.110937 0.11913 0.127607 0.13634 0.145297 0.154443 0.163743 0.173155 0.182639 0.192152 0.201647 0.211079 0.2204 0.229562 0.238517 0.247217 0.255614 0.263663 0.271318 0.278536 0.285275 0.291496 0.297164 0.302246 0.306711 0.310533 0.313689 0.316161 0.317935 0.318999 0.319347 0.318977 0.317892 0.316098 0.313605 0.310429 0.306588 0.302106 0.297008 0.291325 0.28509 0.27834 0.271113 0.26345 0.255396 0.246995 0.238293 0.229339 0.220179 0.210863 0.201438 0.191951 0.182449 0.172976 0.163576 0.154291 0.14516 0.136218 0.127501 0.11904 0.110863 0.102995 0.09546 0.0882766 0.081462 0.0750302 0.0689927 0.0633587 0.0581351 0.053327 0.0489376 0.044969 0.0414217 0.0382957 0.0355901 0.0333037 0.031435 0.0299827 0.0289455 0.0283231 
0.0301463 0.0303651 0.0310246 0.0321264 0.0336717 0.0356619 0.0380985 0.040983 0.0443167 0.0481002 0.0523336 0.0570158 0.0621445 0.0677158 0.0737239 0.0801609 0.0870167 0.0942784 0.101931 0.109955 0.11833 0.127031 0.13603 0.145297 0.154798 0.164497 0.174353 0.184326 0.194371 0.204443 0.214492 0.224471 0.234329 0.244016 0.25348 0.262673 0.271543 0.280042 0.288123 0.29574 0.302851 0.309414 0.315392 0.32075 0.325457 0.329486 0.332813 0.335418 0.337287 0.338408 0.338774 0.338384 0.33724 0.335349 0.332721 0.329373 0.325323 0.320597 0.315221 0.309226 0.302648 0.295525 0.287897 0.279807 0.271301 0.262426 0.253232 0.243767 0.234082 0.224228 0.214256 0.204215 0.194154 0.184121 0.174161 0.164319 0.154636 0.145151 0.135901 0.126919 0.118235 0.109877 0.101869 0.0942323 0.0869851 0.0801427 0.0737177 0.0677201 0.0621578 0.0570365 0.0523599 0.0481306 0.0443494 0.0410167 0.0381317 0.0356933 0.0337003 0.0321513 0.031045 0.0303813 
0.0322513 0.0324847 0.0331871 0.0343603 0.0360052 0.0381233 0.0407161 0.0437849 0.0473308 0.0513543 0.0558551 0.0608316 0.0662812 0.0721993 0.0785794 0.0854128 0.0926882 0.100392 0.108507 0.117013 0.125888 0.135105 0.144634 0.154443 0.164497 0.174755 0.185176 0.195717 0.20633 0.216966 0.227576 0.238107 0.248507 0.258723 0.268702 0.27839 0.287736 0.296689 0.305199 0.313218 0.320702 0.327609 0.333898 0.339534 0.344485 0.348721 0.352219 0.354958 0.356923 0.358101 0.358486 0.358075 0.356872 0.354883 0.35212 0.348599 0.34434 0.339368 0.333712 0.327405 0.320482 0.312983 0.304952 0.296432 0.287471 0.27812 0.268428 0.258448 0.248234 0.237837 0.227312 0.216711 0.206085 0.195484 0.184957 0.174551 0.164309 0.154273 0.144482 0.13497 0.125772 0.116915 0.108426 0.100328 0.0926405 0.0853798 0.0785598 0.0721916 0.0662838 0.0608428 0.0558731 0.0513775 0.0473575 0.0438135 0.0407451 0.0381515 0.0360313 0.0343834 0.0332065 0.0325007 
0.0344092 0.0346574 0.0354036 0.0366494 0.0383958 0.0406443 0.0433961 0.0466524 0.0504143 0.0546818 0.0594544 0.0647302 0.0705058 0.0767761 0.0835339 0.0907694 0.0984705 0.106622 0.115206 0.124201 0.133581 0.14332 0.153386 0.163743 0.174353 0.185176 0.196168 0.20728 0.218465 0.22967 0.240844 0.251931 0.262876 0.273624 0.284118 0.294305 0.304128 0.313535 0.322474 0.330896 0.338754 0.346004 0.352605 0.358519 0.363713 0.368157 0.371826 0.374699 0.376759 0.377994 0.378397 0.377966 0.376704 0.374618 0.371719 0.368025 0.363557 0.35834 0.352405 0.345784 0.338516 0.330642 0.322206 0.313256 0.303839 0.294009 0.283819 0.273322 0.262575 0.251634 0.240552 0.229387 0.218192 0.207019 0.195921 0.184945 0.174139 0.163547 0.153208 0.143162 0.133443 0.124081 0.115106 0.10654 0.0984058 0.0907209 0.0835001 0.0767556 0.0704969 0.0647311 0.0594635 0.0546972 0.0504343 0.0466755 0.0434205 0.0406688 0.0384192 0.0366706 0.0354219 0.0346731 
0.0366113 0.0368745 0.0376651 0.0389846 0.040834 0.0432145 0.0461274 0.0495738 0.0535544 0.058069 0.0631168 0.0686953 0.0748008 0.0814272 0.0885667 0.0962085 0.104339 0.112943 0.122 0.131487 0.141378 0.151642 0.162247 0.173155 0.184326 0.195717 0.20728 0.218967 0.230725 0.242501 0.254239 0.265882 0.277373 0.288653 0.299663 0.310346 0.320646 0.330507 0.339874 0.348698 0.356929 0.364521 0.371431 0.377622 0.383058 0.387709 0.391548 0.394553 0.396708 0.398 0.398422 0.397971 0.39665 0.394467 0.391434 0.387568 0.382891 0.377431 0.371217 0.364285 0.356673 0.348425 0.339586 0.330205 0.320334 0.310027 0.299338 0.288325 0.277046 0.265558 0.25392 0.24219 0.230424 0.218678 0.207006 0.195459 0.184086 0.172933 0.162045 0.15146 0.141216 0.131346 0.121879 0.112842 0.104257 0.0961437 0.0885181 0.0813932 0.0747798 0.0686856 0.0631164 0.0580762 0.0535673 0.0495909 0.0461469 0.043235 0.0408543 0.0390037 0.0376822 0.0368899 
0.038848 0.0391265 0.0399619 0.0413558 0.043309 0.0458228 0.0488983 0.0525363 0.0567374 0.0615012 0.0668263 0.0727098 0.0791473 0.0861323 0.0936558 0.101706 0.110269 0.119327 0.128859 0.13884 0.149242 0.160034 0.171179 0.182639 0.194371 0.20633 0.218465 0.230725 0.243056 0.255401 0.267703 0.2799 0.291934 0.303743 0.315266 0.326444 0.337218 0.347529 0.357322 0.366544 0.375144 0.383075 0.390293 0.396758 0.402434 0.407289 0.411296 0.414433 0.416682 0.41803 0.41847 0.417999 0.41662 0.414341 0.411175 0.407139 0.402257 0.396554 0.390065 0.382823 0.374871 0.366252 0.357013 0.347206 0.336883 0.326101 0.314916 0.303389 0.29158 0.279548 0.267356 0.255062 0.242727 0.230408 0.218162 0.206044 0.194104 0.182391 0.170952 0.159827 0.149057 0.138677 0.128717 0.119207 0.110169 0.101625 0.0935918 0.0860843 0.0791137 0.0726888 0.066816 0.0614997 0.0567429 0.0525471 0.0489126 0.0458392 0.0433261 0.0413726 0.0399777 0.0391414 
0.0411091 0.041403 0.0422835 0.043752 0.0458096 0.0484572 0.0516959 0.0555264 0.0599489 0.0649626 0.0705658 0.0767552 0.0835256 0.0908697 0.0987778 0.107237 0.116233 0.125745 0.135751 0.146226 0.157139 0.168457 0.180141 0.192152 0.204443 0.216966 0.22967 0.242501 0.255401 0.268312 0.281172 0.29392 0.306492 0.318826 0.330857 0.342525 0.353767 0.364523 0.374736 0.384352 0.393317 0.401583 0.409104 0.41584 0.421752 0.426809 0.430982 0.434248 0.436589 0.437993 0.43845 0.43796 0.436524 0.434151 0.430854 0.42665 0.421564 0.415624 0.408862 0.401316 0.393028 0.384042 0.374408 0.364179 0.35341 0.342158 0.330483 0.318447 0.306112 0.293541 0.280798 0.267944 0.255044 0.242156 0.22934 0.216652 0.204148 0.191877 0.179888 0.168225 0.156931 0.14604 0.135588 0.125604 0.116113 0.107138 0.0986979 0.0908073 0.0834789 0.0767225 0.0705451 0.0649521 0.0599466 0.0555305 0.0517047 0.0484692 0.0458233 0.0437664 0.0422977 0.0414174 
0.0433837 0.043693 0.0446185 0.0461617 0.0483236 0.0511051 0.0545069 0.0585297 0.0631732 0.0684366 0.0743174 0.0808119 0.0879144 0.0956167 0.103908 0.112775 0.122201 0.132165 0.142644 0.15361 0.165031 0.176871 0.189091 0.201647 0.214492 0.227576 0.240844 0.254239 0.267703 0.281172 0.294585 0.307876 0.32098 0.333831 0.346363 0.358513 0.370216 0.38141 0.392037 0.40204 0.411363 0.419958 0.427777 0.434778 0.440922 0.446177 0.450512 0.453905 0.456338 0.457795 0.458271 0.457761 0.456269 0.453804 0.450378 0.44601 0.440725 0.434551 0.427522 0.419677 0.411058 0.401712 0.39169 0.381046 0.369837 0.358122 0.345964 0.333426 0.320573 0.30747 0.294183 0.280777 0.267317 0.253866 0.240485 0.227234 0.21417 0.201345 0.188811 0.176615 0.164798 0.153401 0.14246 0.132004 0.122063 0.112659 0.103812 0.0955394 0.0878543 0.0807671 0.074286 0.0684166 0.0631627 0.0585268 0.0545099 0.0511123 0.0483338 0.0461736 0.0446312 0.0437068 
0.0456602 0.0459848 0.0469551 0.0485727 0.0508383 0.0537529 0.0573169 0.0615308 0.0663942 0.0719055 0.0780622 0.0848598 0.0922918 0.10035 0.109021 0.118292 0.128145 0.138557 0.149504 0.160955 0.172878 0.185235 0.197983 0.211079 0.224471 0.238107 0.251931 0.265882 0.2799 0.29392 0.307876 0.321701 0.335326 0.348685 0.361709 0.374331 0.386486 0.398111 0.409142 0.419523 0.429197 0.438114 0.446224 0.453484 0.459854 0.465302 0.469796 0.473313 0.475834 0.477345 0.477837 0.477309 0.475763 0.473207 0.469656 0.465128 0.459648 0.453246 0.445956 0.437819 0.428877 0.419179 0.408777 0.397727 0.386087 0.373919 0.361287 0.348256 0.334894 0.321269 0.307447 0.293497 0.279487 0.265481 0.251544 0.237738 0.224121 0.210751 0.197678 0.184953 0.172621 0.160724 0.149297 0.138376 0.127987 0.118158 0.108909 0.100257 0.092218 0.0848026 0.0780198 0.0718759 0.0663753 0.0615208 0.057314 0.0537553 0.0508447 0.0485819 0.0469661 0.045998 
0.0479265 0.0482662 0.0492809 0.0509721 0.0533404 0.0563867 0.0601112 0.0645142 0.0695948 0.0753513 0.0817806 0.0888776 0.0966352 0.105044 0.114091 0.123761 0.134034 0.144887 0.156295 0.168225 0.180641 0.193506 0.206775 0.2204 0.234329 0.248507 0.262876 0.277373 0.291934 0.306492 0.32098 0.335326 0.349462 0.363317 0.376821 0.389904 0.4025 0.414543 0.425969 0.436718 0.446734 0.455962 0.464355 0.471867 0.478458 0.484093 0.488742 0.492379 0.494986 0.496548 0.497058 0.496511 0.494912 0.492269 0.488596 0.483912 0.478243 0.47162 0.464077 0.455655 0.446398 0.436358 0.425586 0.41414 0.40208 0.38947 0.376376 0.362865 0.349006 0.334869 0.320525 0.306043 0.291494 0.276945 0.262462 0.248111 0.233953 0.220045 0.206444 0.1932 0.180361 0.16797 0.156066 0.144685 0.133857 0.123608 0.113961 0.104936 0.0965474 0.0888079 0.081727 0.0753118 0.0695673 0.0644968 0.0601021 0.0563841 0.053343 0.0509785 0.0492902 0.0482788 
0.05017 0.0505247 0.0515831 0.0533467 0.0558161 0.058992 0.0628744 0.0674634 0.0727577 0.0787553 0.0854525 0.0928437 0.100921 0.109674 0.11909 0.129151 0.139836 0.151123 0.162982 0.17538 0.18828 0.201642 0.215419 0.229562 0.244016 0.258723 0.273624 0.288653 0.303743 0.318826 0.333831 0.348685 0.363317 0.377654 0.391624 0.405155 0.418178 0.430626 0.442434 0.453541 0.463887 0.473418 0.482085 0.48984 0.496644 0.50246 0.507258 0.511012 0.513702 0.515314 0.515839 0.515275 0.513625 0.510897 0.507106 0.502273 0.496421 0.489583 0.481795 0.473098 0.463538 0.453165 0.442035 0.430206 0.417739 0.4047 0.391157 0.377179 0.362837 0.348203 0.33335 0.318351 0.303276 0.288198 0.273184 0.258301 0.243613 0.229181 0.215063 0.201311 0.187976 0.175102 0.162732 0.1509 0.13964 0.12898 0.118944 0.109551 0.100819 0.0927614 0.0853876 0.0787058 0.0727215 0.0674385 0.062859 0.0589843 0.0558147 0.0533503 0.0515906 0.0505365 
0.0523779 0.0527472 0.0538484 0.0556829 0.0582513 0.061554 0.0655909 0.0703618 0.0758652 0.0820985 0.0890576 0.0967363 0.105126 0.114216 0.123991 0.134433 0.145521 0.15723 0.169528 0.182383 0.195754 0.2096 0.223871 0.238517 0.25348 0.268702 0.284118 0.299663 0.315266 0.330857 0.346363 0.361709 0.376821 0.391624 0.406043 0.420007 0.433442 0.446282 0.458458 0.469908 0.480573 0.490396 0.499325 0.507315 0.514324 0.520314 0.525255 0.529121 0.53189 0.53355 0.534091 0.533511 0.531811 0.529003 0.525099 0.52012 0.514093 0.507049 0.499026 0.490064 0.480211 0.469519 0.458043 0.445844 0.432985 0.419533 0.405556 0.391127 0.376318 0.361203 0.345858 0.330357 0.314774 0.299182 0.283652 0.268254 0.253052 0.238111 0.22349 0.209245 0.195427 0.182083 0.169257 0.156987 0.145306 0.134245 0.123828 0.114077 0.10501 0.0966413 0.0889814 0.0820389 0.0758202 0.0703294 0.0655692 0.0615412 0.0582459 0.0556836 0.0538542 0.0527583 
0.0545371 0.0549206 0.0560635 0.057967 0.0606316 0.0640576 0.0682448 0.0731926 0.0788991 0.0853615 0.092575 0.100533 0.109226 0.118642 0.128766 0.139578 0.151057 0.163174 0.175899 0.189195 0.203022 0.217336 0.232085 0.247217 0.262673 0.27839 0.294305 0.310346 0.326444 0.342525 0.358513 0.374331 0.389904 0.405155 0.420007 0.434385 0.448217 0.461431 0.473961 0.48574 0.496709 0.506811 0.515992 0.524207 0.531411 0.537568 0.542646 0.546618 0.549464 0.551169 0.551725 0.551129 0.549383 0.546496 0.542485 0.537368 0.531173 0.523933 0.515683 0.506468 0.496335 0.485337 0.473531 0.460978 0.447742 0.433893 0.4195 0.404637 0.38938 0.373803 0.357985 0.342001 0.325928 0.309841 0.293814 0.277917 0.26222 0.246787 0.23168 0.216957 0.202672 0.188873 0.175606 0.162911 0.150823 0.139372 0.128587 0.118489 0.109096 0.100425 0.0924876 0.085292 0.0788455 0.0731527 0.0682168 0.0640397 0.0606222 0.0579648 0.0560674 0.054931 
0.0566344 0.0570318 0.0582148 0.0601851 0.0629427 0.0664879 0.0708202 0.0759388 0.0818415 0.088525 0.0959841 0.104211 0.113197 0.122928 0.133388 0.144557 0.156412 0.168923 0.182057 0.195779 0.210044 0.224807 0.240016 0.255614 0.271543 0.287736 0.304128 0.320646 0.337218 0.353767 0.370216 0.386486 0.4025 0.418178 0.433442 0.448217 0.462426 0.475998 0.488864 0.500957 0.512216 0.522583 0.532004 0.540431 0.547822 0.554137 0.559345 0.563418 0.566337 0.568086 0.568656 0.568044 0.566254 0.563294 0.55918 0.553932 0.547578 0.54015 0.531686 0.522231 0.511831 0.500542 0.488421 0.47553 0.461936 0.447707 0.432918 0.417641 0.401955 0.385937 0.369666 0.35322 0.336678 0.320117 0.303613 0.287239 0.271066 0.255161 0.239587 0.224406 0.209672 0.195436 0.181745 0.16864 0.156159 0.144334 0.133193 0.12276 0.113054 0.104092 0.0958856 0.0884457 0.0817793 0.0758915 0.070786 0.0664648 0.0629293 0.06018 0.058217 0.0570414 
0.0586567 0.0590673 0.060289 0.0623233 0.0651701 0.0688296 0.0733012 0.0785836 0.0846745 0.09157 0.0992645 0.10775 0.117016 0.127048 0.137831 0.149341 0.161555 0.174442 0.187969 0.202096 0.21678 0.231972 0.247619 0.263663 0.280042 0.296689 0.313535 0.330507 0.347529 0.364523 0.38141 0.398111 0.414543 0.430626 0.446282 0.461431 0.475998 0.489909 0.503092 0.515483 0.527016 0.537633 0.547281 0.55591 0.563476 0.56994 0.575271 0.57944 0.582427 0.584217 0.5848 0.584174 0.582342 0.579313 0.575102 0.569731 0.563226 0.555622 0.546956 0.537272 0.526621 0.515056 0.502637 0.489427 0.475493 0.460906 0.44574 0.430071 0.413979 0.397541 0.38084 0.363955 0.346967 0.329955 0.312998 0.296169 0.279542 0.263187 0.247169 0.23155 0.216387 0.201733 0.187637 0.174141 0.161285 0.149101 0.13762 0.126866 0.11686 0.107618 0.0991552 0.0914811 0.0846038 0.0785291 0.0732609 0.0688016 0.0651528 0.0623153 0.0602894 0.0590762 
0.060591 0.0610142 0.0622728 0.0643679 0.0672998 0.0710681 0.0756722 0.0811105 0.0873804 0.0944776 0.102396 0.111127 0.120659 0.130978 0.142066 0.153901 0.166456 0.1797 0.193599 0.208111 0.223192 0.238791 0.254853 0.271318 0.288123 0.305199 0.322474 0.339874 0.357322 0.374736 0.392037 0.409142 0.425969 0.442434 0.458458 0.473961 0.488864 0.503092 0.516575 0.529244 0.541035 0.551888 0.561748 0.570565 0.578296 0.5849 0.590346 0.594605 0.597656 0.599485 0.60008 0.599441 0.59757 0.594475 0.590174 0.584687 0.578041 0.570271 0.561415 0.551519 0.540631 0.528808 0.516109 0.502598 0.488345 0.473421 0.457901 0.441863 0.425387 0.408554 0.391447 0.374148 0.356739 0.339302 0.321915 0.304657 0.287602 0.27082 0.254381 0.238347 0.222778 0.207729 0.193248 0.179381 0.166169 0.153645 0.141841 0.130782 0.12049 0.110984 0.102276 0.0943794 0.0873016 0.081049 0.0756259 0.0710352 0.0672787 0.0643572 0.0622713 0.0610224 
0.0624247 0.0628598 0.0641531 0.0663058 0.0693178 0.0731888 0.077918 0.0835034 0.0899421 0.0972295 0.105359 0.114321 0.124104 0.134694 0.146069 0.158209 0.171085 0.184666 0.198915 0.213789 0.229242 0.245223 0.261675 0.278536 0.29574 0.313218 0.330896 0.348698 0.366544 0.384352 0.40204 0.419523 0.436718 0.453541 0.469908 0.48574 0.500957 0.515483 0.529244 0.542173 0.554203 0.565275 0.575333 0.584326 0.59221 0.598944 0.604497 0.608839 0.61195 0.613814 0.614422 0.61377 0.611862 0.608708 0.604322 0.598727 0.591951 0.584026 0.574994 0.564899 0.553791 0.541727 0.528767 0.514977 0.500426 0.485187 0.469336 0.452954 0.43612 0.418918 0.401432 0.383745 0.365942 0.348106 0.330318 0.312656 0.295199 0.278018 0.261183 0.24476 0.22881 0.213388 0.198546 0.18433 0.170782 0.157938 0.14583 0.134484 0.123923 0.114167 0.105229 0.0971224 0.0898555 0.0834351 0.077866 0.0731513 0.069293 0.0662924 0.06415 0.0628673 
0.0641454 0.0645917 0.0659175 0.0681239 0.0712109 0.0751779 0.0800238 0.0857466 0.092343 0.099808 0.108134 0.117313 0.12733 0.138171 0.149816 0.16224 0.175416 0.18931 0.203884 0.219095 0.234896 0.251232 0.268046 0.285275 0.302851 0.320702 0.338754 0.356929 0.375144 0.393317 0.411363 0.429197 0.446734 0.463887 0.480573 0.496709 0.512216 0.527016 0.541035 0.554203 0.566455 0.577729 0.587969 0.597124 0.605149 0.612004 0.617655 0.622074 0.62524 0.627137 0.627755 0.627092 0.625151 0.62194 0.617477 0.611783 0.604886 0.59682 0.587625 0.577346 0.566035 0.553749 0.540549 0.5265 0.511674 0.496144 0.479988 0.463286 0.446121 0.428577 0.410739 0.392693 0.374525 0.356318 0.338157 0.320122 0.302291 0.284738 0.267536 0.250751 0.234445 0.218677 0.203498 0.188958 0.175097 0.161955 0.149563 0.137949 0.127138 0.117148 0.107995 0.0996925 0.092249 0.0856719 0.0799664 0.0751358 0.0711826 0.0681079 0.0659127 0.0645985 
0.0657415 0.0661982 0.0675539 0.06981 0.0729662 0.0770219 0.0819757 0.0878255 0.0945675 0.102196 0.110705 0.120082 0.130316 0.141389 0.153282 0.165968 0.17942 0.193602 0.208477 0.223999 0.240119 0.256782 0.273929 0.291496 0.309414 0.327609 0.346004 0.364521 0.383075 0.401583 0.419958 0.438114 0.455962 0.473418 0.490396 0.506811 0.522583 0.537633 0.551888 0.565275 0.577729 0.589187 0.599594 0.608897 0.61705 0.624015 0.629756 0.634245 0.637461 0.639388 0.640016 0.639342 0.63737 0.63411 0.629576 0.623791 0.616784 0.608588 0.599245 0.588799 0.577303 0.564814 0.551393 0.537109 0.522031 0.506234 0.489799 0.472805 0.455336 0.437478 0.419319 0.400943 0.38244 0.363894 0.34539 0.327011 0.308837 0.290943 0.273402 0.256284 0.239651 0.223564 0.208076 0.193236 0.179087 0.16567 0.153016 0.141156 0.130113 0.119908 0.110557 0.102073 0.0944665 0.0877448 0.0819132 0.0769757 0.0729346 0.0697916 0.0675476 0.0662042 
