0.00355607 0.00358674 0.00368567 0.00385359 0.00409131 0.00439996 0.00478089 0.0052357 0.00576614 0.00637407 0.00706138 0.00782996 0.00868159 0.00961785 0.0106401 0.0117493 0.012946 0.0142304 0.0156018 0.0170592 0.0186007 0.0202237 0.0219246 0.0236992 0.0255422 0.0274477 0.0294087 0.0314172 0.0334646 0.0355414 0.0376373 0.0397414 0.0418422 0.0439276 0.0459852 0.0480024 0.0499662 0.0518638 0.0536824 0.0554094 0.0570328 0.0585409 0.0599227 0.0611681 0.0622677 0.0632132 0.0639974 0.0646143 0.0650592 0.0653286 0.0654205 0.0653341 0.0650702 0.0646307 0.0640193 0.0632405 0.0623005 0.0612064 0.0599665 0.0585902 0.0570875 0.0554694 0.0537476 0.0519342 0.0500416 0.0480827 0.0460702 0.0440171 0.0419358 0.0398389 0.0377384 0.0356457 0.0335717 0.0315266 0.02952 0.0275605 0.0256559 0.0238132 0.0220385 0.0203369 0.0187128 0.0171695 0.0157098 0.0143355 0.0130478 0.0118472 0.0107338 0.0097068 0.00876541 0.00790829 0.00713386 0.0064404 0.00582605 0.00528895 0.00482727 0.0044393 0.00412349 0.0038785 0.00370324 0.00359714 
0.00358674 0.00361769 0.00371749 0.00388686 0.00412663 0.00443792 0.00482211 0.0052808 0.00581575 0.00642883 0.00712195 0.007897 0.00875576 0.00969984 0.0107306 0.011849 0.0130556 0.0143505 0.0157331 0.0172024 0.0187564 0.0203924 0.0221069 0.0238956 0.0257533 0.0276738 0.0296501 0.0316743 0.0337376 0.0358305 0.0379425 0.0400627 0.0421795 0.0442807 0.0463538 0.0483861 0.0503646 0.0522763 0.0541083 0.0558481 0.0574834 0.0590026 0.0603945 0.0616489 0.0627565 0.0637088 0.0644987 0.06512 0.0655681 0.0658394 0.0659319 0.0658448 0.0655789 0.0651363 0.0645204 0.0637359 0.062789 0.0616869 0.0604379 0.0590514 0.0575377 0.0559077 0.0541731 0.0523462 0.0504396 0.048466 0.0464384 0.0443697 0.0422727 0.0401598 0.0380432 0.0359344 0.0338444 0.0317835 0.0297613 0.0277864 0.0258668 0.0240096 0.0222207 0.0205055 0.0188683 0.0173126 0.0158411 0.0144556 0.0131574 0.011947 0.0108244 0.00978892 0.00883972 0.00797546 0.00719457 0.0064953 0.00587579 0.00533418 0.00486861 0.00447737 0.0041589 0.00391184 0.00373512 0.00362812 
0.00368567 0.00371749 0.00381993 0.00399374 0.00423974 0.0045591 0.0049532 0.00542367 0.0059723 0.00660098 0.00731167 0.00810626 0.00898657 0.00995421 0.0110105 0.0121565 0.0133927 0.0147191 0.0161353 0.0176399 0.019231 0.0209059 0.0226609 0.0244916 0.0263926 0.0283575 0.0303793 0.0324498 0.0345599 0.0367 0.0388594 0.0410269 0.0431906 0.0453381 0.0474567 0.0495333 0.0515547 0.0535077 0.0553791 0.0571562 0.0588263 0.0603777 0.0617991 0.0630799 0.0642107 0.065183 0.0659893 0.0666236 0.067081 0.0673578 0.0674521 0.0673631 0.0670915 0.0666394 0.0660104 0.0652094 0.0642424 0.0631169 0.0618414 0.0604254 0.0588793 0.0572144 0.0554426 0.0535763 0.0516283 0.0496118 0.0475399 0.0454258 0.0432825 0.0411227 0.0389589 0.0368028 0.0346656 0.032558 0.0304895 0.0284693 0.0265054 0.024605 0.0227743 0.0210187 0.0193428 0.01775 0.0162432 0.0148244 0.0134947 0.0122547 0.0111045 0.0100436 0.00907086 0.00818508 0.00738466 0.00666782 0.0060327 0.00547738 0.00500001 0.00459883 0.00427226 0.00401892 0.00383771 0.00372803 
0.00385359 0.00388686 0.00399374 0.00417498 0.00443144 0.0047643 0.00517501 0.00566521 0.00623675 0.00689157 0.00763165 0.00845894 0.00937527 0.0103823 0.0114813 0.0126734 0.013959 0.0153381 0.0168101 0.0183736 0.0200267 0.0217663 0.0235887 0.0254892 0.0274622 0.0295012 0.0315985 0.0337459 0.0359339 0.0381524 0.0403905 0.0426365 0.0448781 0.0471025 0.0492965 0.0514466 0.0535392 0.0555606 0.0574973 0.0593361 0.061064 0.0626688 0.0641389 0.0654635 0.0666328 0.0676381 0.0684717 0.0691274 0.0696 0.0698861 0.0699834 0.0698911 0.0696101 0.0691424 0.0684918 0.0676633 0.0666631 0.0654989 0.0641794 0.0627144 0.0611148 0.0593921 0.0575584 0.0556268 0.0536104 0.0515226 0.0493772 0.0471878 0.0449677 0.0427301 0.0404879 0.0382532 0.0360378 0.0338524 0.0317072 0.0296116 0.0275739 0.0256016 0.0237013 0.0218785 0.020138 0.0184835 0.0169179 0.0154433 0.0140611 0.0127719 0.0115757 0.0104721 0.00946005 0.00853829 0.0077052 0.00695898 0.00629772 0.00571946 0.00522232 0.00480449 0.00446434 0.00420048 0.00401175 0.00389756 
0.00409131 0.00412663 0.00423974 0.00443144 0.00470261 0.00505448 0.00548852 0.00600647 0.00661021 0.00730175 0.00808313 0.00895634 0.00992326 0.0109855 0.0121445 0.0134012 0.0147561 0.0162091 0.0177594 0.0194056 0.0211454 0.0229757 0.0248925 0.0268908 0.0289646 0.031107 0.0333101 0.0355651 0.037862 0.0401902 0.0425383 0.0448939 0.0472443 0.0495761 0.0518754 0.0541282 0.0563201 0.058437 0.0604648 0.0623896 0.0641981 0.0658774 0.0674155 0.0688012 0.0700242 0.0710755 0.0719472 0.0726327 0.0731267 0.0734256 0.073527 0.0734302 0.073136 0.0726466 0.0719659 0.0710989 0.0700524 0.0688342 0.0674534 0.0659203 0.0642459 0.0624424 0.0605226 0.0584998 0.0563878 0.0542007 0.0519527 0.049658 0.0473306 0.0449844 0.0426326 0.0402881 0.0379631 0.0356691 0.0334166 0.0312155 0.0290746 0.0270017 0.0250039 0.023087 0.021256 0.0195149 0.0178669 0.0163143 0.0148584 0.0135 0.0122394 0.0110759 0.0100087 0.00903641 0.00815743 0.00736993 0.00667193 0.00606145 0.00553651 0.00509527 0.00473604 0.00445737 0.00425809 0.00413756 
0.00439996 0.00443792 0.0045591 0.0047643 0.00505448 0.00543088 0.00589508 0.00644885 0.00709417 0.00783311 0.00866778 0.00960025 0.0106324 0.011766 0.0130023 0.0143424 0.0157865 0.0173346 0.0189858 0.0207384 0.0225899 0.024537 0.0265752 0.0286993 0.0309028 0.0331782 0.0355172 0.0379104 0.0403472 0.0428163 0.0453056 0.0478021 0.0502922 0.0527617 0.0551961 0.0575805 0.0599 0.0621394 0.0642839 0.0663191 0.0682308 0.0700056 0.0716308 0.0730947 0.0743866 0.0754969 0.0764173 0.0771409 0.0776624 0.0779777 0.0780844 0.0779818 0.0776707 0.0771535 0.0764341 0.0755181 0.0744122 0.0731248 0.0716654 0.0700448 0.0682747 0.0663678 0.0643374 0.0621977 0.0599632 0.0576486 0.0552689 0.0528391 0.0503741 0.0478883 0.0453959 0.0429104 0.0404448 0.0380111 0.0356208 0.033284 0.0310104 0.0288082 0.0266849 0.0246469 0.0226995 0.020847 0.0190929 0.0174396 0.0158888 0.0144414 0.0130976 0.011857 0.0107186 0.00968115 0.00874298 0.00790221 0.00715681 0.00650472 0.0059439 0.00547243 0.00508856 0.00479077 0.00457786 0.00444914 
0.00478089 0.00482211 0.0049532 0.00517501 0.00548852 0.00589508 0.0063963 0.00699406 0.00769043 0.00848756 0.00938764 0.0103928 0.011505 0.012726 0.0140572 0.0154994 0.0170529 0.0187176 0.0204923 0.0223752 0.0243635 0.0264535 0.0286403 0.0309181 0.0332801 0.0357183 0.0382234 0.0407854 0.0433931 0.0460342 0.0486959 0.0513643 0.0540248 0.0566625 0.0592617 0.0618066 0.0642814 0.0666701 0.068957 0.0711266 0.0731641 0.0750552 0.0767866 0.0783458 0.0797215 0.0809036 0.0818833 0.0826534 0.0832082 0.0835434 0.0836567 0.083547 0.0832154 0.0826643 0.0818979 0.0809219 0.0797438 0.0783721 0.0768171 0.07509 0.0732032 0.0711702 0.0690052 0.066723 0.064339 0.061869 0.0593288 0.0567343 0.0541013 0.0514453 0.0487812 0.0461236 0.0434862 0.040882 0.0383231 0.0358207 0.0333848 0.0310245 0.0287478 0.0265616 0.0244717 0.0224828 0.0205988 0.0188223 0.0171552 0.0155987 0.0141529 0.0128177 0.011592 0.0104746 0.00946385 0.0085577 0.00775412 0.00705095 0.00644608 0.00593749 0.00552336 0.00520211 0.00497244 0.00483367 
0.0052357 0.0052808 0.00542367 0.00566521 0.00600647 0.00644885 0.00699406 0.00764409 0.00840108 0.0092673 0.010245 0.0113365 0.0125437 0.0138684 0.015312 0.0168753 0.0185586 0.0203614 0.0222824 0.0243196 0.0264698 0.0287288 0.0310914 0.0335512 0.0361006 0.038731 0.0414324 0.0441939 0.0470033 0.0498476 0.0527128 0.055584 0.0584456 0.0612814 0.0640749 0.0668091 0.069467 0.0720316 0.0744861 0.0768141 0.0789997 0.0810278 0.0828841 0.0845554 0.0860297 0.0872963 0.0883458 0.0891706 0.0897646 0.0901233 0.0902442 0.0901262 0.0897704 0.0891794 0.0883577 0.0873113 0.0860481 0.0845773 0.0829096 0.0810571 0.079033 0.0768516 0.0745279 0.0720779 0.0695179 0.0668647 0.0641352 0.0613465 0.0585155 0.0556586 0.052792 0.0499312 0.047091 0.0442854 0.0415274 0.0388291 0.0362015 0.0336542 0.0311961 0.0288346 0.0265761 0.0244258 0.0223879 0.0204654 0.0186606 0.0169747 0.0154081 0.0139607 0.0126315 0.0114193 0.0103223 0.00933857 0.00846591 0.00770209 0.0070449 0.00649223 0.00604216 0.00569302 0.00544346 0.00529275 
0.00576614 0.00581575 0.0059723 0.00623675 0.00661021 0.00709417 0.00769043 0.00840108 0.00922838 0.0101747 0.0112425 0.0124339 0.0137512 0.0151961 0.0167699 0.0184734 0.0203067 0.0222693 0.0243596 0.0265752 0.0289124 0.0313668 0.0339324 0.0366023 0.039368 0.0422202 0.045148 0.0481395 0.0511815 0.0542599 0.0573594 0.0604641 0.0635572 0.0666211 0.0696381 0.07259 0.0754585 0.0782253 0.0808725 0.0833825 0.0857382 0.0879236 0.0899234 0.0917235 0.093311 0.0946746 0.0958042 0.0966918 0.0973308 0.0977165 0.097846 0.0977186 0.097335 0.0966982 0.095813 0.0946857 0.0933248 0.0917402 0.0899431 0.0879466 0.0857648 0.0834128 0.0809068 0.0782639 0.0755015 0.0726377 0.0696905 0.0666784 0.0636193 0.0605312 0.0574313 0.0543364 0.0512626 0.0482249 0.0452374 0.0423132 0.0394643 0.0367013 0.0340336 0.0314697 0.0290163 0.0266795 0.0244637 0.0223725 0.0204083 0.0185727 0.0168662 0.0152889 0.0138398 0.0125177 0.0113208 0.0102472 0.00929441 0.00846026 0.0077424 0.00713859 0.00664681 0.00626532 0.00599268 0.00582813 
0.00637407 0.00642883 0.00660098 0.00689157 0.00730175 0.00783311 0.00848756 0.0092673 0.0101747 0.0112123 0.0123826 0.0136879 0.0151305 0.016712 0.0184339 0.0202968 0.0223008 0.0244449 0.0267275 0.0291456 0.0316952 0.0343712 0.0371671 0.0400751 0.043086 0.0461895 0.0493737 0.0526255 0.0559307 0.0592739 0.0626385 0.0660072 0.0693618 0.0726834 0.0759529 0.0791505 0.0822567 0.0852517 0.0881162 0.0908314 0.093379 0.0957418 0.0979033 0.0998485 0.101564 0.103036 0.104256 0.105215 0.105904 0.10632 0.10646 0.106321 0.105907 0.105218 0.104261 0.103043 0.101572 0.0998592 0.0979164 0.0957575 0.0933978 0.0908535 0.0881419 0.0852813 0.0822906 0.0791889 0.075996 0.0727315 0.0694149 0.0660654 0.0627018 0.0593423 0.0560041 0.0527037 0.0494564 0.0462764 0.0431767 0.0401691 0.037264 0.0344704 0.0317961 0.0292474 0.0268297 0.0245467 0.0224015 0.0203957 0.0185303 0.0168052 0.0152197 0.0137725 0.012462 0.0112859 0.0102419 0.00932769 0.00854068 0.0078786 0.00733931 0.00692095 0.00662201 0.00644168 
0.00706138 0.00712195 0.00731167 0.00763165 0.00808313 0.00866778 0.00938764 0.010245 0.0112425 0.0123826 0.013668 0.0151012 0.0166843 0.0184192 0.0203072 0.0223488 0.024544 0.0268915 0.0293894 0.0320342 0.0348215 0.0377454 0.0407987 0.0439728 0.0472577 0.0506417 0.0541121 0.0576544 0.0612532 0.0648915 0.0685515 0.0722143 0.0758602 0.0794687 0.0830191 0.0864901 0.0898606 0.0931093 0.0962154 0.0991586 0.101919 0.104479 0.10682 0.108926 0.110783 0.112377 0.113697 0.114734 0.11548 0.11593 0.11608 0.11593 0.11548 0.114735 0.113698 0.112379 0.110786 0.10893 0.106826 0.104487 0.101929 0.0991714 0.0962314 0.0931288 0.0898841 0.086518 0.0830517 0.0795063 0.0759029 0.0722624 0.068605 0.0649505 0.0613176 0.0577241 0.0541869 0.0507213 0.0473418 0.044061 0.0408904 0.03784 0.0349185 0.0321329 0.0294891 0.0269915 0.0246434 0.022447 0.0204032 0.0185124 0.0167739 0.0151865 0.0137483 0.0124572 0.0113108 0.0103066 0.00944192 0.00871436 0.00812166 0.00766186 0.00733335 0.00713529 
0.00782996 0.007897 0.00810626 0.00845894 0.00895634 0.00960025 0.0103928 0.0113365 0.0124339 0.0136879 0.0151012 0.0166762 0.0184153 0.0203204 0.0223925 0.0246322 0.0270392 0.029612 0.0323482 0.0352438 0.0382939 0.0414919 0.0448297 0.0482978 0.051885 0.0555788 0.0593648 0.0632275 0.0671498 0.0711133 0.0750986 0.0790851 0.0830515 0.0869756 0.0908349 0.0946064 0.0982672 0.101795 0.105166 0.108359 0.111354 0.11413 0.116668 0.118951 0.120963 0.12269 0.12412 0.125242 0.12605 0.126536 0.126699 0.126535 0.126048 0.125239 0.124116 0.122686 0.120959 0.118947 0.116665 0.114128 0.111354 0.108362 0.105171 0.101803 0.0982791 0.0946224 0.0908555 0.0870012 0.0830824 0.0791216 0.0751409 0.0711615 0.0672038 0.0632874 0.0594305 0.05565 0.0519614 0.048379 0.0449152 0.0415812 0.0383863 0.0353387 0.0324447 0.0297095 0.0271368 0.0247291 0.0224878 0.0204133 0.0185051 0.016762 0.0151822 0.0137635 0.0125034 0.0113992 0.0104482 0.00964787 0.00899583 0.00848997 0.00812862 0.00791086 
0.00868159 0.00875576 0.00898657 0.00937527 0.00992326 0.0106324 0.011505 0.0125437 0.0137512 0.0151305 0.0166843 0.0184153 0.0203259 0.0224178 0.0246922 0.0271494 0.0297888 0.0326086 0.035606 0.0387766 0.0421146 0.0456126 0.0492617 0.0530513 0.0569691 0.0610012 0.065132 0.0693444 0.0736197 0.077938 0.0822779 0.0866172 0.0909327 0.0952003 0.0993958 0.103494 0.107471 0.111301 0.114961 0.118426 0.121675 0.124685 0.127437 0.129912 0.132092 0.133963 0.135512 0.136728 0.137602 0.138129 0.138304 0.138127 0.137598 0.136721 0.135504 0.133953 0.132081 0.1299 0.127425 0.124674 0.121664 0.118417 0.114954 0.111297 0.10747 0.103497 0.0994031 0.0952127 0.0909504 0.0866407 0.0823075 0.0779739 0.0736621 0.0693933 0.0651873 0.0610627 0.0570366 0.0531244 0.0493399 0.0456954 0.0422014 0.0388667 0.0356986 0.0327029 0.0298839 0.0272445 0.0247863 0.0225101 0.0204155 0.0185013 0.0167658 0.0152067 0.0138215 0.0126073 0.0115614 0.010681 0.00996366 0.00940711 0.00900959 0.00877015 
0.00961785 0.00969984 0.00995421 0.0103823 0.0109855 0.011766 0.012726 0.0138684 0.0151961 0.016712 0.0184192 0.0203204 0.0224178 0.0247133 0.027208 0.0299019 0.0327942 0.0358828 0.0391642 0.0426335 0.0462841 0.0501079 0.0540947 0.0582331 0.0625092 0.0669079 0.0714121 0.076003 0.0806602 0.0853619 0.0900851 0.0948056 0.099498 0.104136 0.108694 0.113145 0.117462 0.121619 0.125589 0.129348 0.13287 0.136133 0.139114 0.141795 0.144157 0.146183 0.14786 0.149176 0.150122 0.150691 0.15088 0.150688 0.150115 0.149165 0.147846 0.146166 0.144138 0.141774 0.139092 0.13611 0.132847 0.129326 0.125569 0.121601 0.117447 0.113134 0.108687 0.104134 0.099501 0.0948146 0.0901006 0.0853842 0.0806894 0.0760393 0.0714555 0.0669584 0.0625665 0.0582968 0.0541645 0.0501832 0.0463643 0.0427179 0.039252 0.0359731 0.0328862 0.0299945 0.0273003 0.0248044 0.0225067 0.0204061 0.0185009 0.0167887 0.015267 0.0139329 0.0127833 0.0118155 0.0110268 0.0104149 0.00997786 0.00971476 
0.0106401 0.0107306 0.0110105 0.0114813 0.0121445 0.0130023 0.0140572 0.015312 0.0167699 0.0184339 0.0203072 0.0223925 0.0246922 0.027208 0.0299408 0.0328906 0.0360561 0.0394349 0.0430228 0.0468143 0.050802 0.0549767 0.0593274 0.0638411 0.0685028 0.0732957 0.0782011 0.0831985 0.0882657 0.093379 0.0985133 0.103642 0.108738 0.113774 0.11872 0.123548 0.12823 0.132735 0.137037 0.141108 0.144922 0.148455 0.151682 0.154583 0.157137 0.159329 0.161142 0.162565 0.163588 0.164203 0.164407 0.164198 0.163578 0.16255 0.161123 0.159305 0.15711 0.154552 0.151649 0.14842 0.144887 0.141073 0.137002 0.132702 0.128199 0.123521 0.118697 0.113755 0.108725 0.103635 0.0985131 0.093386 0.0882803 0.0832208 0.0782312 0.0733336 0.0685484 0.0638941 0.0593875 0.0550433 0.0508745 0.0468919 0.0431048 0.0395203 0.0361441 0.03298 0.0300307 0.0272973 0.0247799 0.0224776 0.0203886 0.0185107 0.0168412 0.015377 0.0141151 0.0130526 0.0121865 0.0115146 0.0110348 0.010746 
0.0117493 0.011849 0.0121565 0.0126734 0.0134012 0.0143424 0.0154994 0.0168753 0.0184734 0.0202968 0.0223488 0.0246322 0.0271494 0.0299019 0.0328906 0.0361151 0.0395739 0.0432639 0.0471805 0.0513172 0.0556659 0.0602163 0.0649562 0.0698712 0.0749449 0.0801588 0.0854925 0.0909236 0.0964281 0.10198 0.107552 0.113116 0.118642 0.1241 0.129459 0.134687 0.139755 0.144631 0.149285 0.153688 0.157812 0.16163 0.165117 0.168251 0.17101 0.173377 0.175335 0.176871 0.177974 0.178638 0.178857 0.178631 0.177961 0.176851 0.175309 0.173345 0.170974 0.16821 0.165073 0.161582 0.157762 0.153638 0.149235 0.144582 0.139707 0.134643 0.129418 0.124063 0.118611 0.113091 0.107535 0.10197 0.0964264 0.0909304 0.0855079 0.0801828 0.0749775 0.0699122 0.0650052 0.0602729 0.0557295 0.051387 0.0472556 0.0433435 0.0396569 0.0362005 0.0329773 0.0299888 0.0272353 0.0247161 0.0224296 0.0203734 0.0185447 0.0169406 0.0155578 0.0143932 0.0134438 0.0127072 0.0121813 0.0118649 
0.012946 0.0130556 0.0133927 0.013959 0.0147561 0.0157865 0.0170529 0.0185586 0.0203067 0.0223008 0.024544 0.0270392 0.0297888 0.0327942 0.0360561 0.0395739 0.0433455 0.0473673 0.0516341 0.0561387 0.0608716 0.0658217 0.0709754 0.0763169 0.0818281 0.0874889 0.093277 0.099168 0.105136 0.111152 0.117187 0.123211 0.129192 0.135096 0.14089 0.146542 0.152018 0.157285 0.16231 0.167062 0.171512 0.175631 0.179392 0.182771 0.185746 0.188296 0.190406 0.192061 0.193249 0.193964 0.1942 0.193956 0.193233 0.192036 0.190373 0.188257 0.185699 0.182719 0.179335 0.17557 0.171448 0.166996 0.162242 0.157217 0.151952 0.146479 0.140831 0.13504 0.129142 0.123168 0.117151 0.111124 0.105116 0.0991577 0.0932761 0.0874975 0.0818462 0.0763444 0.0710121 0.065867 0.060925 0.0561993 0.0517013 0.04744 0.0434226 0.0396544 0.0361389 0.032878 0.0298723 0.0271214 0.0246236 0.0223766 0.0203778 0.0186238 0.0171116 0.0158377 0.0147991 0.0139933 0.013418 0.013072 
0.0142304 0.0143505 0.0147191 0.0153381 0.0162091 0.0173346 0.0187176 0.0203614 0.0222693 0.0244449 0.0268915 0.029612 0.0326086 0.0358828 0.0394349 0.0432639 0.0473673 0.0517411 0.056379 0.061273 0.0664128 0.0717857 0.0773769 0.083169 0.0891423 0.0952747 0.101542 0.107918 0.114373 0.120879 0.127402 0.133909 0.140367 0.14674 0.152992 0.159088 0.164991 0.170667 0.176082 0.1812 0.185991 0.190425 0.194473 0.198108 0.201308 0.204051 0.206319 0.208098 0.209376 0.210144 0.210397 0.210134 0.209356 0.208068 0.20628 0.204003 0.201251 0.198044 0.194402 0.19035 0.185912 0.181117 0.175997 0.170582 0.164906 0.159005 0.152912 0.146664 0.140297 0.133846 0.127346 0.120831 0.114335 0.107889 0.101523 0.0952663 0.0891444 0.0831816 0.0773997 0.0718183 0.0664546 0.0613233 0.056437 0.0518057 0.0474376 0.0433386 0.0395128 0.0359626 0.0326891 0.0296918 0.0269694 0.0245196 0.0223396 0.0204263 0.0187761 0.0173859 0.0162524 0.0153728 0.0147448 0.0143673 
0.0156018 0.0157331 0.0161353 0.0168101 0.0177594 0.0189858 0.0204923 0.0222824 0.0243596 0.0267275 0.0293894 0.0323482 0.035606 0.0391642 0.0430228 0.0471805 0.0516341 0.056379 0.0614082 0.0667125 0.0722805 0.0780984 0.0841497 0.0904154 0.096874 0.103501 0.110271 0.117155 0.124122 0.131139 0.138173 0.145186 0.152143 0.159006 0.165735 0.172294 0.178644 0.184747 0.190566 0.196066 0.201213 0.205974 0.210319 0.214221 0.217655 0.220598 0.223031 0.224939 0.22631 0.227133 0.227404 0.227121 0.226286 0.224904 0.222985 0.220541 0.217588 0.214145 0.210235 0.205883 0.201116 0.195965 0.190463 0.184642 0.178539 0.17219 0.165634 0.158908 0.152051 0.145101 0.138095 0.13107 0.124063 0.117106 0.110233 0.103475 0.0968586 0.0904115 0.0841572 0.0781169 0.0723095 0.0667512 0.0614558 0.0564345 0.0516964 0.0472483 0.0430949 0.0392392 0.0356825 0.0324248 0.0294648 0.0268004 0.0244287 0.0223465 0.0205504 0.0190369 0.0178027 0.016845 0.0161613 0.0157504 
0.0170592 0.0172024 0.0176399 0.0183736 0.0194056 0.0207384 0.0223752 0.0243196 0.0265752 0.0291456 0.0320342 0.0352438 0.0387766 0.0426335 0.0468143 0.0513172 0.0561387 0.061273 0.0667125 0.0724469 0.0784637 0.0847474 0.09128 0.0980409 0.105007 0.112151 0.119446 0.126859 0.134359 0.14191 0.149474 0.157014 0.16449 0.171861 0.179087 0.186126 0.192939 0.199484 0.205723 0.211618 0.217132 0.222232 0.226886 0.231064 0.234739 0.237889 0.240493 0.242534 0.244 0.24488 0.245169 0.244866 0.243972 0.242493 0.240439 0.237823 0.234661 0.230975 0.226788 0.222126 0.217019 0.211499 0.2056 0.199358 0.192812 0.186 0.178963 0.17174 0.164374 0.156905 0.149373 0.141818 0.134278 0.126789 0.119387 0.112104 0.104972 0.0980191 0.0912708 0.0847504 0.0784784 0.0724727 0.0667485 0.0613182 0.0561918 0.0513772 0.0468796 0.0427028 0.0388484 0.0353167 0.0321066 0.0292161 0.0266425 0.0243825 0.0224325 0.020789 0.0194487 0.0184086 0.0176661 0.01722 
0.0186007 0.0187564 0.019231 0.0200267 0.0211454 0.0225899 0.0243635 0.0264698 0.0289124 0.0316952 0.0348215 0.0382939 0.0421146 0.0462841 0.050802 0.0556659 0.0608716 0.0664128 0.0722805 0.0784637 0.0849481 0.0917171 0.0987509 0.106027 0.11352 0.121202 0.129041 0.137005 0.145057 0.15316 0.161275 0.169359 0.177372 0.185269 0.193007 0.200543 0.207833 0.214834 0.221506 0.227808 0.233701 0.23915 0.244121 0.248582 0.252506 0.255869 0.258648 0.260826 0.26239 0.263328 0.263637 0.263313 0.262358 0.260779 0.258586 0.255793 0.252417 0.248481 0.244008 0.239028 0.23357 0.22767 0.221363 0.214687 0.207684 0.200394 0.192859 0.185124 0.177232 0.169226 0.16115 0.153045 0.144952 0.136911 0.12896 0.121133 0.113465 0.105986 0.0987236 0.0917032 0.0849473 0.0784752 0.0723036 0.0664464 0.0609146 0.0557169 0.0508596 0.0463468 0.0421808 0.0383622 0.0348901 0.0317628 0.0289775 0.026531 0.0244196 0.0226398 0.0211881 0.0200614 0.0192573 0.0187743 
0.0202237 0.0203924 0.0209059 0.0217663 0.0229757 0.024537 0.0264535 0.0287288 0.0313668 0.0343712 0.0377454 0.0414919 0.0456126 0.0501079 0.0549767 0.0602163 0.0658217 0.0717857 0.0780984 0.0847474 0.0917171 0.0989893 0.106542 0.114352 0.122391 0.130628 0.13903 0.147562 0.156185 0.164858 0.173539 0.182185 0.190749 0.199187 0.207452 0.215498 0.223278 0.230748 0.237864 0.244582 0.250864 0.25667 0.261965 0.266717 0.270895 0.274475 0.277433 0.279751 0.281415 0.282414 0.282742 0.282396 0.28138 0.279699 0.277364 0.274389 0.270795 0.266602 0.261837 0.256531 0.250715 0.244425 0.237699 0.230579 0.223106 0.215325 0.20728 0.199018 0.190584 0.182026 0.173388 0.164717 0.156054 0.147444 0.138925 0.130537 0.122314 0.11429 0.106496 0.0989571 0.0916993 0.0847433 0.0781073 0.0718065 0.0658533 0.0602572 0.0550255 0.050163 0.0456724 0.0415547 0.0378096 0.0344352 0.031429 0.0287878 0.0265079 0.0245857 0.0230177 0.0218007 0.0209321 0.0204105 
0.0219246 0.0221069 0.0226609 0.0235887 0.0248925 0.0265752 0.0286403 0.0310914 0.0339324 0.0371671 0.0407987 0.0448297 0.0492617 0.0540947 0.0593274 0.0649562 0.0709754 0.0773769 0.0841497 0.09128 0.0987509 0.106542 0.114631 0.122991 0.131591 0.1404 0.149382 0.158497 0.167706 0.176964 0.186227 0.195447 0.204578 0.213569 0.222373 0.23094 0.239221 0.247169 0.254737 0.261882 0.268559 0.274729 0.280355 0.285402 0.28984 0.29364 0.296781 0.299241 0.301007 0.302067 0.302414 0.302047 0.300967 0.299182 0.296703 0.293545 0.289727 0.285274 0.280212 0.274573 0.268391 0.261704 0.254552 0.246978 0.239025 0.230742 0.222175 0.213374 0.204386 0.195262 0.186049 0.176796 0.167549 0.158353 0.149252 0.140285 0.131492 0.122907 0.114563 0.106491 0.0987149 0.0912592 0.0841432 0.0773838 0.0709944 0.064986 0.0593664 0.0541413 0.0493142 0.0448864 0.0408577 0.0372269 0.0339912 0.0311477 0.0286927 0.0266225 0.0249335 0.0236225 0.0226869 0.0221252 
0.0236992 0.0238956 0.0244916 0.0254892 0.0268908 0.0286993 0.0309181 0.0335512 0.0366023 0.0400751 0.0439728 0.0482978 0.0530513 0.0582331 0.0638411 0.0698712 0.0763169 0.083169 0.0904154 0.0980409 0.106027 0.114352 0.122991 0.131915 0.141091 0.150486 0.16006 0.169773 0.17958 0.189436 0.199292 0.2091 0.218807 0.228362 0.237715 0.246812 0.255602 0.264036 0.272065 0.279641 0.286719 0.293259 0.29922 0.304566 0.309266 0.313291 0.316615 0.31922 0.321089 0.322211 0.322578 0.322189 0.321046 0.319155 0.31653 0.313185 0.309142 0.304424 0.299061 0.293086 0.286533 0.279443 0.271858 0.263822 0.255383 0.246589 0.237491 0.228141 0.218588 0.208887 0.199088 0.189241 0.179397 0.169602 0.159904 0.150346 0.140967 0.131807 0.122901 0.11428 0.105972 0.098002 0.0903923 0.0831608 0.0763223 0.0698887 0.0638692 0.0582702 0.0530956 0.0483474 0.0440259 0.0401299 0.0366571 0.0336043 0.030968 0.0287446 0.0269305 0.0255222 0.0245172 0.0239141 
0.0255422 0.0257533 0.0263926 0.0274622 0.0289646 0.0309028 0.0332801 0.0361006 0.039368 0.043086 0.0472577 0.051885 0.0569691 0.0625092 0.0685028 0.0749449 0.0818281 0.0891423 0.096874 0.105007 0.11352 0.122391 0.131591 0.141091 0.150856 0.160848 0.171027 0.181347 0.191764 0.202228 0.212687 0.22309 0.233383 0.24351 0.253418 0.263052 0.272358 0.281284 0.289777 0.297789 0.305273 0.312185 0.318484 0.324132 0.329097 0.333347 0.336857 0.339607 0.34158 0.342764 0.343151 0.34274 0.341533 0.339537 0.336764 0.333232 0.328961 0.323977 0.31831 0.311995 0.305068 0.297571 0.289548 0.281046 0.272115 0.262804 0.253169 0.243261 0.233137 0.22285 0.212454 0.202005 0.191553 0.181149 0.170844 0.160681 0.150707 0.14096 0.131478 0.122296 0.113444 0.104949 0.0968332 0.0891179 0.0818188 0.0749492 0.0685192 0.062536 0.0570044 0.0519269 0.0473042 0.0431353 0.0394182 0.03615 0.0333271 0.0309459 0.0290027 0.0274942 0.0264177 0.0257718 
0.0274477 0.0276738 0.0283575 0.0295012 0.031107 0.0331782 0.0357183 0.038731 0.0422202 0.0461895 0.0506417 0.0555788 0.0610012 0.0669079 0.0732957 0.0801588 0.0874889 0.0952747 0.103501 0.112151 0.121202 0.130628 0.1404 0.150486 0.160848 0.171447 0.182238 0.193175 0.204209 0.215288 0.226358 0.237363 0.248246 0.258951 0.26942 0.279595 0.28942 0.29884 0.307801 0.316252 0.324143 0.331429 0.338067 0.344019 0.349248 0.353724 0.357421 0.360317 0.362393 0.363639 0.364047 0.363613 0.362342 0.36024 0.35732 0.3536 0.349101 0.34385 0.337879 0.331222 0.323919 0.316014 0.307551 0.29858 0.289152 0.279322 0.269144 0.258675 0.247972 0.237094 0.226096 0.215036 0.203969 0.192949 0.182027 0.171253 0.160672 0.150329 0.140263 0.13051 0.121104 0.112073 0.103442 0.0952331 0.0874639 0.080149 0.0732994 0.0669234 0.0610266 0.055612 0.0506809 0.0462325 0.0422652 0.0387761 0.0357619 0.0332188 0.0311432 0.0295319 0.028382 0.0276923 
0.0294087 0.0296501 0.0303793 0.0315985 0.0333101 0.0355172 0.0382234 0.0414324 0.045148 0.0493737 0.0541121 0.0593648 0.065132 0.0714121 0.0782011 0.0854925 0.093277 0.101542 0.110271 0.119446 0.129041 0.13903 0.149382 0.16006 0.171027 0.182238 0.193648 0.205208 0.216864 0.228562 0.240246 0.251857 0.263335 0.27462 0.285651 0.296369 0.306715 0.31663 0.32606 0.334949 0.343248 0.350908 0.357885 0.364139 0.369633 0.374335 0.378217 0.381258 0.383438 0.384746 0.385174 0.384719 0.383383 0.381176 0.378109 0.3742 0.369474 0.363957 0.357681 0.350684 0.343006 0.334691 0.325787 0.316347 0.306422 0.29607 0.285348 0.274316 0.263033 0.251559 0.239956 0.228281 0.216595 0.204952 0.193409 0.182016 0.170824 0.159877 0.149219 0.138889 0.128921 0.119346 0.110192 0.101482 0.0932354 0.0854676 0.0781913 0.0714155 0.0651468 0.0593888 0.0541432 0.0494099 0.0451873 0.0414728 0.0382632 0.0355549 0.0333442 0.0316278 0.030403 0.0296685 
0.0314172 0.0316743 0.0324498 0.0337459 0.0355651 0.0379104 0.0407854 0.0441939 0.0481395 0.0526255 0.0576544 0.0632275 0.0693444 0.076003 0.0831985 0.0909236 0.099168 0.107918 0.117155 0.126859 0.137005 0.147562 0.158497 0.169773 0.181347 0.193175 0.205208 0.217392 0.229673 0.241993 0.254292 0.26651 0.278582 0.290447 0.302041 0.313301 0.324166 0.334575 0.344471 0.353797 0.362501 0.370533 0.377848 0.384402 0.390159 0.395085 0.399152 0.402337 0.404621 0.40599 0.406438 0.405961 0.404562 0.402249 0.399036 0.394942 0.389989 0.384207 0.377629 0.370293 0.362241 0.35352 0.344178 0.334269 0.323849 0.312977 0.301711 0.290116 0.278252 0.266183 0.253972 0.241682 0.229374 0.217107 0.204939 0.192925 0.181117 0.169563 0.158309 0.147396 0.136861 0.126738 0.117056 0.107839 0.099109 0.0908829 0.0831743 0.0759936 0.0693478 0.0632415 0.0576769 0.0526543 0.0481725 0.0442291 0.040821 0.0379447 0.0355966 0.0337735 0.0324726 0.0316925 
0.0334646 0.0337376 0.0345599 0.0359339 0.037862 0.0403472 0.0433931 0.0470033 0.0511815 0.0559307 0.0612532 0.0671498 0.0736197 0.0806602 0.0882657 0.0964281 0.105136 0.114373 0.124122 0.134359 0.145057 0.156185 0.167706 0.17958 0.191764 0.204209 0.216864 0.229673 0.242578 0.255519 0.268432 0.281254 0.293918 0.30636 0.318513 0.330312 0.341693 0.352593 0.362951 0.372711 0.381816 0.390216 0.397864 0.404716 0.410733 0.415881 0.42013 0.423457 0.425842 0.427273 0.42774 0.427241 0.42578 0.423364 0.420007 0.415728 0.410553 0.404509 0.397632 0.389961 0.381539 0.372414 0.362637 0.352264 0.341353 0.329963 0.318158 0.306002 0.29356 0.280899 0.268083 0.255178 0.242249 0.229359 0.216566 0.20393 0.191505 0.179343 0.167491 0.155993 0.14489 0.134215 0.124001 0.114275 0.105058 0.0963707 0.0882265 0.0806373 0.0736111 0.0671532 0.0612664 0.0559516 0.0512078 0.047033 0.0434241 0.0403779 0.0378909 0.0359597 0.0345817 0.0337555 
0.0355414 0.0358305 0.0367 0.0381524 0.0401902 0.0428163 0.0460342 0.0498476 0.0542599 0.0592739 0.0648915 0.0711133 0.077938 0.0853619 0.093379 0.10198 0.111152 0.120879 0.131139 0.14191 0.15316 0.164858 0.176964 0.189436 0.202228 0.215288 0.228562 0.241993 0.255519 0.269076 0.282599 0.29602 0.309272 0.322285 0.334992 0.347323 0.359214 0.370598 0.381413 0.3916 0.401101 0.409864 0.41784 0.424985 0.431257 0.436623 0.441052 0.444518 0.447004 0.448494 0.448981 0.448461 0.446938 0.44442 0.440922 0.436462 0.431067 0.424766 0.417595 0.409593 0.400807 0.391284 0.381079 0.370248 0.358851 0.34695 0.334611 0.3219 0.308886 0.295637 0.282221 0.268706 0.255161 0.241649 0.228235 0.21498 0.20194 0.189171 0.176722 0.164641 0.152968 0.141743 0.130997 0.12076 0.111056 0.101905 0.0933242 0.085325 0.0779167 0.0711056 0.064895 0.0592863 0.054279 0.0498713 0.0460604 0.0428432 0.0402162 0.0381762 0.0367205 0.035848 
0.0376373 0.0379425 0.0388594 0.0403905 0.0425383 0.0453056 0.0486959 0.0527128 0.0573594 0.0626385 0.0685515 0.0750986 0.0822779 0.0900851 0.0985133 0.107552 0.117187 0.127402 0.138173 0.149474 0.161275 0.173539 0.186227 0.199292 0.212687 0.226358 0.240246 0.254292 0.268432 0.282599 0.296724 0.310737 0.324568 0.338145 0.351397 0.364253 0.376644 0.388504 0.399768 0.410374 0.420264 0.429383 0.43768 0.445111 0.451634 0.457213 0.461817 0.465421 0.468004 0.469553 0.470059 0.469518 0.467935 0.465318 0.461681 0.457045 0.451435 0.444882 0.437422 0.429097 0.419953 0.410041 0.399415 0.388134 0.376259 0.363856 0.350991 0.337734 0.324155 0.310326 0.296317 0.2822 0.268045 0.253919 0.23989 0.22602 0.212371 0.198999 0.185958 0.173296 0.161058 0.149284 0.138008 0.127262 0.117072 0.10746 0.0984424 0.0900336 0.0822436 0.0750793 0.0685449 0.0626421 0.057371 0.0527301 0.0487169 0.0453283 0.0425611 0.0404121 0.0388786 0.0379596 
0.0397414 0.0400627 0.0410269 0.0426365 0.0448939 0.0478021 0.0513643 0.055584 0.0604641 0.0660072 0.0722143 0.0790851 0.0866172 0.0948056 0.103642 0.113116 0.123211 0.133909 0.145186 0.157014 0.169359 0.182185 0.195447 0.2091 0.22309 0.237363 0.251857 0.26651 0.281254 0.29602 0.310737 0.325332 0.339732 0.353861 0.367647 0.381017 0.393899 0.406224 0.417926 0.428942 0.43921 0.448676 0.457288 0.464998 0.471765 0.477552 0.482327 0.486063 0.488742 0.490348 0.490872 0.490312 0.48867 0.485956 0.482185 0.477376 0.471557 0.464758 0.457018 0.448378 0.438885 0.428592 0.417555 0.405834 0.393492 0.380597 0.367218 0.353425 0.339293 0.324894 0.310303 0.295593 0.280837 0.266107 0.251471 0.236996 0.222746 0.208779 0.195152 0.181916 0.169118 0.1568 0.144999 0.133749 0.123077 0.113006 0.103555 0.094739 0.0865695 0.0790539 0.0721971 0.0660016 0.0604679 0.0555946 0.0513798 0.0478204 0.0449134 0.0426557 0.0410447 0.0400793 
0.0418422 0.0421795 0.0431906 0.0448781 0.0472443 0.0502922 0.0540248 0.0584456 0.0635572 0.0693618 0.0758602 0.0830515 0.0909327 0.099498 0.108738 0.118642 0.129192 0.140367 0.152143 0.16449 0.177372 0.190749 0.204578 0.218807 0.233383 0.248246 0.263335 0.278582 0.293918 0.309272 0.324568 0.339732 0.354686 0.369355 0.383662 0.397532 0.410892 0.42367 0.435798 0.447212 0.457848 0.467651 0.476567 0.484548 0.491551 0.497539 0.502479 0.506345 0.509116 0.510776 0.511319 0.510739 0.509041 0.506234 0.502332 0.497357 0.491335 0.484298 0.476286 0.46734 0.457509 0.446846 0.43541 0.423261 0.410465 0.397091 0.383209 0.368895 0.354222 0.339267 0.324107 0.308817 0.293474 0.278151 0.262921 0.247852 0.23301 0.218459 0.204255 0.190454 0.177105 0.164252 0.151934 0.140186 0.129037 0.118513 0.108634 0.0994162 0.0908712 0.083008 0.0758321 0.0693468 0.0635528 0.0584493 0.0540346 0.0503059 0.0472603 0.0448948 0.0432069 0.0421956 
0.0439276 0.0442807 0.0453381 0.0471025 0.0495761 0.0527617 0.0566625 0.0612814 0.0666211 0.0726834 0.0794687 0.0869756 0.0952003 0.104136 0.113774 0.1241 0.135096 0.14674 0.159006 0.171861 0.185269 0.199187 0.213569 0.228362 0.24351 0.258951 0.27462 0.290447 0.30636 0.322285 0.338145 0.353861 0.369355 0.384547 0.399359 0.413715 0.427537 0.440754 0.453294 0.465092 0.476084 0.486212 0.495422 0.503664 0.510895 0.517077 0.522176 0.526166 0.529025 0.530739 0.531299 0.530701 0.528949 0.526051 0.522024 0.516888 0.510671 0.503405 0.49513 0.485889 0.475732 0.464712 0.45289 0.440327 0.427091 0.413253 0.398885 0.384064 0.368866 0.353371 0.337657 0.321804 0.305889 0.289988 0.274178 0.258529 0.24311 0.227987 0.213221 0.198867 0.184977 0.171599 0.158774 0.146537 0.134922 0.123953 0.113653 0.104039 0.095125 0.0869196 0.0794297 0.0726588 0.0666084 0.0612781 0.0566664 0.0527708 0.0495885 0.0471167 0.0453529 0.0442963 
0.0459852 0.0463538 0.0474567 0.0492965 0.0518754 0.0551961 0.0592617 0.0640749 0.0696381 0.0759529 0.0830191 0.0908349 0.0993958 0.108694 0.11872 0.129459 0.14089 0.152992 0.165735 0.179087 0.193007 0.207452 0.222373 0.237715 0.253418 0.26942 0.285651 0.302041 0.318513 0.334992 0.351397 0.367647 0.383662 0.399359 0.414659 0.429482 0.44375 0.457388 0.470326 0.482493 0.493827 0.504267 0.513758 0.522251 0.529701 0.536068 0.54132 0.545429 0.548373 0.550138 0.550714 0.550099 0.548294 0.545311 0.541163 0.535874 0.52947 0.521984 0.513457 0.503933 0.493462 0.4821 0.469906 0.456945 0.443286 0.429001 0.414164 0.398854 0.38315 0.367133 0.350884 0.334485 0.318015 0.301555 0.285182 0.268971 0.252992 0.237313 0.221998 0.207106 0.192691 0.178802 0.165481 0.152769 0.140697 0.129294 0.118583 0.108582 0.0993065 0.0907664 0.082969 0.0759185 0.069617 0.0640644 0.0592596 0.0552004 0.0518841 0.049308 0.0474699 0.0463688 
0.0480024 0.0483861 0.0495333 0.0514466 0.0541282 0.0575805 0.0618066 0.0668091 0.07259 0.0791505 0.0864901 0.0946064 0.103494 0.113145 0.123548 0.134687 0.146542 0.159088 0.172294 0.186126 0.200543 0.215498 0.23094 0.246812 0.263052 0.279595 0.296369 0.313301 0.330312 0.347323 0.364253 0.381017 0.397532 0.413715 0.429482 0.444753 0.459447 0.47349 0.486806 0.499327 0.510987 0.521725 0.531485 0.540217 0.547874 0.554419 0.559816 0.564038 0.567064 0.568877 0.569469 0.568837 0.566983 0.563917 0.559656 0.55422 0.547637 0.539943 0.531175 0.521381 0.510611 0.498921 0.486373 0.473031 0.458967 0.444254 0.428968 0.413189 0.396999 0.38048 0.363716 0.346792 0.329789 0.31279 0.295875 0.27912 0.2626 0.246385 0.23054 0.215128 0.200203 0.185818 0.172018 0.158844 0.146329 0.134504 0.123394 0.113018 0.103391 0.0945254 0.0864289 0.0791064 0.0725604 0.0667914 0.0617986 0.0575799 0.0541331 0.0514555 0.0495448 0.0484005 
0.0499662 0.0503646 0.0515547 0.0535392 0.0563201 0.0599 0.0642814 0.069467 0.0754585 0.0822567 0.0898606 0.0982672 0.107471 0.117462 0.12823 0.139755 0.152018 0.164991 0.178644 0.192939 0.207833 0.223278 0.239221 0.255602 0.272358 0.28942 0.306715 0.324166 0.341693 0.359214 0.376644 0.393899 0.410892 0.427537 0.44375 0.459447 0.474548 0.488975 0.502651 0.515508 0.527477 0.538498 0.548513 0.557471 0.565326 0.572038 0.577573 0.581902 0.585005 0.586864 0.587471 0.586823 0.584922 0.581779 0.577409 0.571835 0.565084 0.557191 0.548196 0.538146 0.527092 0.515091 0.502205 0.488502 0.474053 0.458932 0.443218 0.426992 0.410338 0.393341 0.376085 0.358659 0.341146 0.32363 0.306195 0.28892 0.271881 0.25515 0.238797 0.222884 0.20747 0.192609 0.178347 0.164727 0.151786 0.139555 0.128059 0.11732 0.107354 0.098174 0.0897884 0.0822029 0.0754205 0.0694422 0.0642674 0.0598945 0.0563213 0.0535453 0.0515646 0.0503783 
0.0518638 0.0522763 0.0535077 0.0555606 0.058437 0.0621394 0.0666701 0.0720316 0.0782253 0.0852517 0.0931093 0.101795 0.111301 0.121619 0.132735 0.144631 0.157285 0.170667 0.184747 0.199484 0.214834 0.230748 0.247169 0.264036 0.281284 0.29884 0.31663 0.334575 0.352593 0.370598 0.388504 0.406224 0.42367 0.440754 0.457388 0.47349 0.488975 0.503764 0.517781 0.530954 0.543215 0.554503 0.564758 0.573929 0.58197 0.588839 0.594503 0.598934 0.602108 0.604011 0.604632 0.603969 0.602024 0.598808 0.594337 0.588632 0.581723 0.573643 0.564434 0.554143 0.542821 0.530527 0.517323 0.503279 0.488465 0.472959 0.45684 0.440191 0.423097 0.405646 0.387924 0.370021 0.352023 0.334017 0.316087 0.298316 0.280782 0.263561 0.246722 0.230331 0.21445 0.199133 0.184429 0.170384 0.157034 0.144413 0.132548 0.121462 0.111171 0.101689 0.0930263 0.0851884 0.078179 0.0719997 0.0666502 0.0621291 0.0584344 0.0555641 0.0535159 0.0522893 
0.0536824 0.0541083 0.0553791 0.0574973 0.0604648 0.0642839 0.068957 0.0744861 0.0808725 0.0881162 0.0962154 0.105166 0.114961 0.125589 0.137037 0.149285 0.16231 0.176082 0.190566 0.205723 0.221506 0.237864 0.254737 0.272065 0.289777 0.307801 0.32606 0.344471 0.362951 0.381413 0.399768 0.417926 0.435798 0.453294 0.470326 0.486806 0.502651 0.517781 0.532117 0.545587 0.558122 0.569658 0.580138 0.589508 0.597722 0.604739 0.610524 0.615049 0.618291 0.620233 0.620868 0.620191 0.618206 0.614922 0.610356 0.604529 0.597472 0.589218 0.579809 0.569291 0.557719 0.545151 0.53165 0.517285 0.502129 0.486261 0.469762 0.452715 0.435208 0.41733 0.399169 0.380816 0.36236 0.343891 0.325494 0.307255 0.289253 0.271567 0.254268 0.237425 0.2211 0.205351 0.190229 0.175779 0.162042 0.149051 0.136835 0.125418 0.114818 0.105049 0.096122 0.0880437 0.0808182 0.0744473 0.0689312 0.0642689 0.0604586 0.0574981 0.0553856 0.0541207 
0.0554094 0.0558481 0.0571562 0.0593361 0.0623896 0.0663191 0.0711266 0.0768141 0.0833825 0.0908314 0.0991586 0.108359 0.118426 0.129348 0.141108 0.153688 0.167062 0.1812 0.196066 0.211618 0.227808 0.244582 0.261882 0.279641 0.297789 0.316252 0.334949 0.353797 0.372711 0.3916 0.410374 0.428942 0.447212 0.465092 0.482493 0.499327 0.515508 0.530954 0.545587 0.559332 0.572121 0.583889 0.594577 0.604132 0.612507 0.619661 0.625558 0.63017 0.633474 0.635454 0.636101 0.635411 0.633388 0.630041 0.625387 0.619448 0.612253 0.603838 0.594243 0.583517 0.571712 0.558888 0.54511 0.530448 0.514974 0.49877 0.481916 0.464498 0.446606 0.428328 0.409756 0.390983 0.3721 0.353197 0.334363 0.315685 0.297244 0.279122 0.261391 0.244123 0.227382 0.211227 0.19571 0.18088 0.166778 0.153438 0.140892 0.129163 0.118271 0.108231 0.0990552 0.09075 0.0833204 0.0767686 0.0710953 0.0662995 0.0623798 0.0593343 0.0571611 0.0558599 
0.0570328 0.0574834 0.0588263 0.061064 0.0641981 0.0682308 0.0731641 0.0789997 0.0857382 0.093379 0.101919 0.111354 0.121675 0.13287 0.144922 0.157812 0.171512 0.185991 0.201213 0.217132 0.233701 0.250864 0.268559 0.286719 0.305273 0.324143 0.343248 0.362501 0.381816 0.401101 0.420264 0.43921 0.457848 0.476084 0.493827 0.510987 0.527477 0.543215 0.558122 0.572121 0.585144 0.597124 0.608004 0.617729 0.626252 0.633531 0.639531 0.644223 0.647584 0.649599 0.650257 0.649555 0.647497 0.644093 0.639358 0.633316 0.625995 0.617431 0.607666 0.596747 0.584729 0.57167 0.557637 0.5427 0.526934 0.510418 0.493237 0.475477 0.457228 0.438581 0.41963 0.400468 0.381188 0.361883 0.342643 0.323557 0.304709 0.286181 0.268049 0.250386 0.233257 0.216723 0.20084 0.185655 0.171212 0.157547 0.144692 0.132672 0.121508 0.111215 0.101806 0.0932892 0.0856688 0.0789479 0.0731275 0.0682069 0.0641849 0.0610597 0.0588297 0.0574945 
0.0585409 0.0590026 0.0603777 0.0626688 0.0658774 0.0700056 0.0750552 0.0810278 0.0879236 0.0957418 0.104479 0.11413 0.124685 0.136133 0.148455 0.16163 0.175631 0.190425 0.205974 0.222232 0.23915 0.25667 0.274729 0.293259 0.312185 0.331429 0.350908 0.370533 0.390216 0.409864 0.429383 0.448676 0.467651 0.486212 0.504267 0.521725 0.538498 0.554503 0.569658 0.583889 0.597124 0.609299 0.620353 0.630233 0.63889 0.646283 0.652377 0.657141 0.660555 0.6626 0.663269 0.662557 0.660467 0.657011 0.652203 0.646067 0.638631 0.629932 0.620012 0.608918 0.596705 0.583432 0.569167 0.553979 0.537946 0.521147 0.503666 0.485593 0.467018 0.448033 0.428734 0.409215 0.389572 0.369898 0.350286 0.330825 0.311603 0.292703 0.274202 0.256175 0.238689 0.221807 0.205585 0.190073 0.175316 0.161351 0.148212 0.135923 0.124507 0.113981 0.104357 0.095644 0.0878473 0.0809701 0.0750136 0.0699776 0.065861 0.0626622 0.0603796 0.0590131 
