1.40228e-05 1.44564e-05 1.61776e-05 1.9296e-05 2.39957e-05 3.05436e-05 3.92951e-05 5.06999e-05 6.53098e-05 8.37853e-05 0.000106903 0.000135561 0.000170783 0.000213719 0.000265641 0.000327943 0.000402121 0.000489761 0.000592515 0.000712069 0.000850108 0.00100827 0.00118811 0.00139103 0.00161822 0.00187062 0.00214885 0.00245315 0.00278332 0.00313869 0.00351807 0.00391972 0.00434136 0.00478012 0.00523262 0.00569495 0.00616273 0.00663118 0.0070952 0.00754942 0.00798838 0.00840653 0.00879843 0.00915883 0.00948276 0.00976567 0.0100035 0.0101929 0.010331 0.0104157 0.010446 0.0104212 0.0103419 0.0102091 0.0100249 0.00979205 0.00951385 0.00919432 0.00883799 0.00844977 0.00803489 0.00759877 0.00714691 0.00668479 0.00621775 0.0057509 0.00528902 0.00483649 0.00439725 0.00397471 0.00357175 0.00319071 0.00283335 0.00250092 0.00219413 0.00191322 0.00165801 0.00142792 0.00122207 0.00103931 0.00087826 0.000737417 0.00061517 0.000509858 0.000419815 0.000343404 0.000279047 0.000225252 0.000180628 0.000143895 0.000113898 8.96015e-05 7.00962e-05 5.45914e-05 4.24111e-05 3.29874e-05 2.58542e-05 2.06395e-05 1.70594e-05 1.49168e-05 
1.44564e-05 1.49057e-05 1.66848e-05 1.9907e-05 2.47629e-05 3.15285e-05 4.05712e-05 5.23561e-05 6.74534e-05 8.65462e-05 0.000110437 0.000140054 0.000176454 0.000220824 0.000274481 0.000338861 0.000415508 0.000506059 0.000612217 0.000735719 0.0008783 0.00104165 0.00122736 0.00143687 0.00167141 0.00193194 0.00221908 0.00253308 0.00287371 0.00324027 0.00363154 0.0040457 0.0044804 0.00493268 0.00539903 0.00587544 0.00635739 0.00683995 0.00731787 0.00778564 0.00823762 0.00866813 0.00907155 0.0094425 0.00977588 0.010067 0.0103118 0.0105066 0.0106486 0.0107358 0.0107669 0.0107413 0.0106596 0.0105229 0.0103333 0.0100936 0.00980723 0.00947831 0.00911146 0.00871176 0.00828458 0.00783548 0.00737012 0.00689414 0.00641303 0.00593205 0.00545612 0.00498976 0.00453703 0.00410145 0.00368599 0.00329306 0.00292451 0.00258161 0.0022651 0.00197526 0.0017119 0.00147443 0.00126196 0.00107328 0.000907007 0.000761579 0.000635341 0.000526582 0.000433585 0.000354662 0.000288188 0.000232621 0.000186526 0.000148583 0.000117598 9.25025e-05 7.23565e-05 5.63433e-05 4.37644e-05 3.40334e-05 2.66681e-05 2.12844e-05 1.75889e-05 1.53778e-05 
1.61776e-05 1.66848e-05 1.86762e-05 2.22781e-05 2.77019e-05 3.52542e-05 4.53424e-05 5.84821e-05 7.53044e-05 9.6565e-05 0.00012315 0.000156084 0.000196532 0.000245801 0.000305337 0.000376715 0.000461629 0.000561867 0.000679287 0.000815782 0.000973237 0.00115348 0.00135823 0.00158903 0.0018472 0.00213375 0.00244932 0.00279412 0.00316788 0.00356979 0.00399846 0.00445189 0.00492746 0.00542191 0.00593142 0.00645157 0.00697745 0.00750368 0.00802455 0.00853409 0.00902619 0.00949467 0.00993351 0.0103368 0.0106992 0.0110155 0.0112813 0.0114928 0.011647 0.0117415 0.0117751 0.0117471 0.0116582 0.0115095 0.0113034 0.0110427 0.0107312 0.0103735 0.00997437 0.0095394 0.00907436 0.00858528 0.00807829 0.00755948 0.00703483 0.00651004 0.00599047 0.00548106 0.00498623 0.00450984 0.00405517 0.00362487 0.00322098 0.00284493 0.00249759 0.00217928 0.00188983 0.00162866 0.00139479 0.00118697 0.00100368 0.00084326 0.0007039 0.000583749 0.000480936 0.000393621 0.000320026 0.000258464 0.000207362 0.000165269 0.000130873 0.000102997 8.06068e-05 6.27995e-05 4.88042e-05 3.79726e-05 2.97715e-05 2.37756e-05 1.96599e-05 1.71989e-05 
1.9296e-05 1.9907e-05 2.22781e-05 2.65574e-05 3.29938e-05 4.19469e-05 5.3894e-05 6.94384e-05 8.93178e-05 0.000114413 0.000145757 0.00018454 0.000232112 0.000289987 0.000359834 0.000443468 0.000542834 0.000659982 0.000797033 0.000956141 0.00113944 0.001349 0.00158675 0.0018544 0.00215341 0.00248486 0.00284943 0.00324728 0.00367802 0.00414066 0.00463353 0.00515427 0.00569983 0.00626646 0.00684974 0.00744461 0.00804545 0.00864616 0.00924024 0.00982092 0.0103813 0.0109144 0.0114134 0.0118718 0.0122834 0.0126424 0.012944 0.0131839 0.0133585 0.0134655 0.0135033 0.0134713 0.0133701 0.0132011 0.0129668 0.0126705 0.0123165 0.0119097 0.0114558 0.0109608 0.0104314 0.00987422 0.00929631 0.00870451 0.00810559 0.00750603 0.00691193 0.00632892 0.00576206 0.0052158 0.0046939 0.00419947 0.00373488 0.00330185 0.00290143 0.00253405 0.0021996 0.00189746 0.00162659 0.0013856 0.00117282 0.000986346 0.000824165 0.000684171 0.000564236 0.000462258 0.000376203 0.000304135 0.000244242 0.000194853 0.00015445 0.00012167 9.5313e-05 7.43301e-05 5.78239e-05 4.50383e-05 3.53511e-05 2.82653e-05 2.34012e-05 2.04949e-05 
2.39957e-05 2.47629e-05 2.77019e-05 3.29938e-05 4.0942e-05 5.19845e-05 6.67015e-05 8.58252e-05 0.000110249 0.000141039 0.00017944 0.000226885 0.000284996 0.000355586 0.000440648 0.000542344 0.000662983 0.000804989 0.000970863 0.00116313 0.00138429 0.00163674 0.0019227 0.00224414 0.00260268 0.00299953 0.00343538 0.00391032 0.00442378 0.00497448 0.00556034 0.00617851 0.00682528 0.00749617 0.00818592 0.00888855 0.00959743 0.0103054 0.0110048 0.0116878 0.0123463 0.0129722 0.0135576 0.014095 0.0145771 0.0149975 0.0153503 0.0156308 0.0158348 0.0159597 0.0160035 0.0159657 0.0158468 0.0156486 0.0153739 0.0150266 0.0146115 0.0141344 0.0136018 0.0130207 0.0123987 0.0117438 0.0110639 0.010367 0.00966118 0.00895387 0.00825229 0.00756305 0.00689214 0.00624485 0.00562568 0.00503836 0.00448577 0.00397004 0.0034925 0.00305377 0.0026538 0.00229197 0.00196713 0.0016777 0.00142178 0.00119718 0.00100155 0.000832446 0.000687359 0.000563818 0.000459417 0.000371861 0.000298994 0.000238822 0.00018953 0.000149487 0.000117247 9.15498e-05 7.13114e-05 5.56186e-05 4.37185e-05 3.50087e-05 2.90288e-05 2.54587e-05 
3.05436e-05 3.15285e-05 3.52542e-05 4.19469e-05 5.19845e-05 6.59117e-05 8.44492e-05 0.000108504 0.000139183 0.0001778 0.00022589 0.000285213 0.000357757 0.000445738 0.000551583 0.00067792 0.000827543 0.00100337 0.00120842 0.0014457 0.00171818 0.00202869 0.00237985 0.00277392 0.00321277 0.00369772 0.00422948 0.00480802 0.00543252 0.00610129 0.00681172 0.00756022 0.00834226 0.00915236 0.00998413 0.0108303 0.011683 0.0125336 0.0133731 0.0141919 0.0149806 0.0157296 0.0164296 0.0170715 0.0176471 0.0181486 0.0185693 0.0189034 0.0191463 0.0192947 0.0193464 0.0193009 0.0191587 0.0189219 0.0185938 0.0181789 0.0176829 0.0171127 0.0164758 0.0157805 0.0150358 0.014251 0.0134356 0.0125992 0.011751 0.0109003 0.0100554 0.00922452 0.00841471 0.00763242 0.00688313 0.00617141 0.00550087 0.00487415 0.00429301 0.0037583 0.00327012 0.00282781 0.00243012 0.00207523 0.00176094 0.0014847 0.00124372 0.00103508 0.000855794 0.000702901 0.000573497 0.000464807 0.000374215 0.000299296 0.000237833 0.00018783 0.000147516 0.00011534 8.99681e-05 7.02726e-05 5.53231e-05 4.4374e-05 3.68551e-05 3.23696e-05 
3.92951e-05 4.05712e-05 4.53424e-05 5.3894e-05 6.67015e-05 8.44492e-05 0.000108041 0.000138613 0.000177546 0.000226481 0.000287326 0.000362265 0.000453759 0.000564541 0.0006976 0.000856155 0.00104362 0.00126356 0.00151961 0.00181541 0.00215453 0.00254033 0.0029759 0.00346389 0.00400643 0.00460498 0.00526025 0.00597202 0.00673914 0.00755936 0.00842935 0.00934461 0.0102995 0.0112873 0.0123001 0.0133292 0.0143649 0.0153968 0.016414 0.0174052 0.0183589 0.0192638 0.0201087 0.020883 0.0215766 0.0221807 0.022687 0.0230888 0.0233807 0.0235588 0.0236206 0.0235652 0.0233935 0.0231079 0.0227122 0.022212 0.0216138 0.0209258 0.0201568 0.019317 0.0184168 0.0174674 0.0164801 0.0154664 0.0144374 0.0134041 0.0123769 0.0113653 0.0103782 0.00942345 0.00850771 0.00763668 0.00681487 0.00604566 0.00533133 0.00467309 0.00407121 0.00352505 0.00303321 0.00259363 0.00220372 0.00186047 0.00156056 0.00130049 0.00107667 0.000885493 0.000723435 0.000587106 0.000473304 0.000379048 0.000301607 0.000238514 0.000187574 0.000146862 0.000114719 8.97387e-05 7.07595e-05 5.68496e-05 4.7295e-05 4.1599e-05 
5.06999e-05 5.23561e-05 5.84821e-05 6.94384e-05 8.58252e-05 0.000108504 0.000138613 0.000177576 0.000227126 0.000289313 0.000366517 0.000461457 0.000577186 0.000717087 0.000884846 0.00108442 0.00132 0.00159593 0.00191662 0.00228648 0.00270979 0.00319058 0.00373248 0.0043386 0.00501136 0.00575237 0.00656227 0.00744061 0.00838576 0.00939477 0.0104634 0.0115859 0.0127554 0.0139635 0.0152005 0.0164557 0.0177174 0.018973 0.0202092 0.0214126 0.0225693 0.0236658 0.0246887 0.0256253 0.0264638 0.0271934 0.0278046 0.0282893 0.0286412 0.0288555 0.0289295 0.0288621 0.0286542 0.0283088 0.0278304 0.0272254 0.0265019 0.0256693 0.0247384 0.023721 0.0226296 0.0214777 0.0202787 0.0190464 0.0177943 0.0165356 0.0152828 0.0140476 0.0128408 0.0116719 0.0105493 0.00947996 0.00846965 0.00752262 0.00664184 0.00582901 0.00508463 0.00440812 0.00379795 0.00325175 0.00276652 0.00233867 0.00196426 0.00163908 0.00135878 0.00111899 0.000915407 0.000743883 0.000600482 0.000481532 0.000383658 0.000303803 0.000239239 0.00018757 0.000146724 0.000114945 9.07768e-05 7.30515e-05 6.08728e-05 5.36171e-05 
6.53098e-05 6.74534e-05 7.53044e-05 8.93178e-05 0.000110249 0.000139183 0.000177546 0.000227126 0.000290089 0.000368994 0.000466807 0.000586904 0.00073307 0.000909484 0.00112069 0.00137154 0.00166715 0.00201283 0.00241392 0.00287575 0.00340344 0.00400179 0.00467507 0.0054269 0.00626002 0.00717617 0.00817588 0.00925835 0.0104213 0.0116609 0.0129718 0.0143468 0.0157772 0.0172527 0.0187615 0.0202906 0.0218255 0.0233512 0.0248517 0.0263107 0.0277118 0.0290386 0.0302752 0.0314067 0.0324189 0.033299 0.0340358 0.0346198 0.0350434 0.0353011 0.0353896 0.0353076 0.0350564 0.0346393 0.0340617 0.0333312 0.0324574 0.0314513 0.0303259 0.029095 0.0277738 0.026378 0.0249239 0.0234279 0.0219064 0.020375 0.0188491 0.0173427 0.0158691 0.0144399 0.0130654 0.0117543 0.0105138 0.00934931 0.00826465 0.00726215 0.00634267 0.00550573 0.00474968 0.00407186 0.00346874 0.00293611 0.00246928 0.0020632 0.00171261 0.00141223 0.0011568 0.000941277 0.000760815 0.0006109 0.000487366 0.000386431 0.000304711 0.000239225 0.000187393 0.00014702 0.000116288 9.37318e-05 7.82299e-05 6.89996e-05 
8.37853e-05 8.65462e-05 9.6565e-05 0.000114413 0.000141039 0.0001778 0.000226481 0.000289313 0.000368994 0.000468707 0.000592129 0.000743439 0.000927307 0.00114887 0.00141371 0.00172775 0.00209724 0.00252858 0.00302826 0.00360264 0.00425786 0.00499958 0.00583281 0.00676172 0.00778939 0.00891763 0.0101468 0.0114756 0.0129009 0.0144179 0.0160196 0.0176971 0.0194398 0.0212348 0.0230678 0.024923 0.026783 0.0286295 0.0304434 0.0322053 0.0338954 0.0354944 0.0369835 0.0383448 0.0395617 0.0406191 0.0415037 0.0422045 0.0427124 0.0430211 0.0431266 0.0430275 0.0427252 0.0422236 0.0415291 0.0406508 0.0395997 0.0383891 0.037034 0.035551 0.0339579 0.0322735 0.0305171 0.0287084 0.0268667 0.0250111 0.0231598 0.02133 0.0195376 0.017797 0.0161206 0.0145194 0.0130021 0.0115757 0.0102451 0.00901347 0.00788205 0.00685061 0.00591741 0.00507945 0.00433267 0.00367214 0.00309231 0.00258713 0.00215031 0.00177546 0.00145624 0.00118646 0.000960232 0.00077202 0.000616703 0.000489619 0.000386585 0.000303911 0.000238394 0.000187305 0.000148378 0.000119788 0.000100133 8.84357e-05 
0.000106903 0.000110437 0.00012315 0.000145757 0.00017944 0.00022589 0.000287326 0.000366517 0.000466807 0.000592129 0.000747021 0.000936623 0.00116666 0.00144343 0.00177373 0.00216476 0.00262408 0.00315941 0.00377854 0.00448906 0.00529822 0.0062127 0.0072383 0.00837978 0.00964054 0.0110224 0.0125255 0.0141477 0.0158851 0.0177313 0.0196776 0.021713 0.0238243 0.0259959 0.0282105 0.0304488 0.03269 0.0349123 0.0370928 0.0392084 0.0412357 0.043152 0.0449348 0.0465634 0.0480181 0.0492812 0.0503374 0.0511734 0.0517791 0.0521467 0.0522717 0.0521527 0.051791 0.0511914 0.0503614 0.0493114 0.0480545 0.046606 0.0449837 0.0432071 0.0412972 0.039276 0.0371664 0.0349918 0.032775 0.030539 0.0283055 0.0260951 0.023927 0.0218187 0.0197854 0.0178404 0.0159947 0.0142569 0.0126334 0.0111283 0.00974358 0.00847923 0.0073335 0.00630309 0.00538335 0.00456856 0.00385217 0.00322705 0.00268567 0.00222038 0.00182352 0.00148762 0.00120552 0.000970484 0.00077624 0.000617078 0.000487861 0.000384041 0.000301665 0.000237358 0.000188314 0.000152268 0.000127479 0.000112734 
0.000135561 0.000140054 0.000156084 0.00018454 0.000226885 0.000285213 0.000362265 0.000461457 0.000586904 0.000743439 0.000936623 0.00117274 0.00145877 0.00180236 0.00221174 0.00269562 0.00326308 0.00392336 0.00468573 0.00555919 0.00655226 0.0076727 0.00892721 0.0103211 0.0118581 0.01354 0.0153664 0.0173345 0.0194388 0.0216713 0.0240213 0.0264751 0.0290165 0.0316268 0.034285 0.036968 0.0396511 0.0423081 0.0449121 0.0474356 0.0498514 0.0521326 0.054253 0.0561883 0.0579157 0.0594146 0.060667 0.0616579 0.0623752 0.0628102 0.0629575 0.0628155 0.0623859 0.0616741 0.0606887 0.059442 0.057949 0.0562276 0.0542985 0.0521844 0.0499098 0.0475005 0.0449835 0.0423859 0.0397353 0.0370583 0.0343811 0.0317281 0.0291225 0.0265851 0.0241345 0.0217869 0.0195559 0.0174521 0.0154836 0.0136558 0.0119716 0.0104313 0.00903338 0.00777413 0.00664834 0.00564942 0.00476975 0.00400092 0.00333406 0.00276002 0.00226964 0.00185396 0.00150434 0.0012126 0.000971145 0.000773019 0.000611947 0.000482364 0.000379419 0.000298967 0.00023755 0.000192379 0.000161305 0.000142831 
0.000170783 0.000176454 0.000196532 0.000232112 0.000284996 0.000357757 0.000453759 0.000577186 0.00073307 0.000927307 0.00116666 0.00145877 0.00181208 0.00223581 0.00273987 0.0033347 0.00403112 0.00484012 0.00577265 0.00683927 0.00804993 0.00941357 0.0109378 0.0126286 0.0144898 0.016523 0.0187272 0.0210985 0.0236298 0.0263111 0.0291289 0.0320667 0.0351047 0.0382205 0.0413889 0.0445824 0.0477716 0.0509259 0.0540135 0.0570023 0.0598604 0.0625564 0.0650602 0.0673434 0.0693797 0.0711455 0.07262 0.0737858 0.0746292 0.0751402 0.0753126 0.0751446 0.0746381 0.0737992 0.0726381 0.0711686 0.0694081 0.0673774 0.0651001 0.0626026 0.0599131 0.0570618 0.05408 0.0509995 0.0478524 0.0446701 0.0414834 0.0383215 0.0352117 0.0321789 0.0292457 0.0264316 0.023753 0.0212234 0.0188527 0.016648 0.0146132 0.0127494 0.011055 0.00952629 0.00815738 0.00694078 0.0058677 0.00492834 0.00411227 0.00340868 0.00280671 0.00229564 0.00186513 0.00150536 0.00120717 0.000962138 0.000762657 0.000601963 0.000474145 0.000374144 0.000297731 0.00024149 0.000202788 0.000179788 
0.000213719 0.000220824 0.000245801 0.000289987 0.000355586 0.000445738 0.000564541 0.000717087 0.000909484 0.00114887 0.00144343 0.00180236 0.00223581 0.00275484 0.00337126 0.0040975 0.00494636 0.00593082 0.00706368 0.00835726 0.00982302 0.0114712 0.0133103 0.0153469 0.017585 0.0200258 0.0226673 0.0255043 0.0285278 0.0317251 0.0350798 0.0385718 0.0421773 0.0458696 0.0496185 0.0533919 0.057155 0.0608721 0.064506 0.0680194 0.0713755 0.074538 0.0774722 0.0801455 0.0825279 0.0845923 0.0863151 0.0876764 0.0886606 0.0892563 0.0894566 0.0892594 0.0886668 0.087686 0.0863283 0.0846095 0.0825496 0.0801721 0.0775041 0.0745758 0.0714197 0.0680706 0.0645644 0.0609382 0.057229 0.0534738 0.0497084 0.0459672 0.0422823 0.0386835 0.0351977 0.0318482 0.0286552 0.0256348 0.0227998 0.0201589 0.0177176 0.0154778 0.0134383 0.0115952 0.00994198 0.00847037 0.00717024 0.00603029 0.00503836 0.0041818 0.0034478 0.00282367 0.00229712 0.00185642 0.00149062 0.00118959 0.000944191 0.000746244 0.0005886 0.000465125 0.000370686 0.000301129 0.000253246 0.000224801 
0.000265641 0.000274481 0.000305337 0.000359834 0.000440648 0.000551583 0.0006976 0.000884846 0.00112069 0.00141371 0.00177373 0.00221174 0.00273987 0.00337126 0.00411991 0.00500048 0.00602803 0.0072177 0.00858439 0.0101423 0.0119046 0.0138827 0.0160863 0.0185221 0.0211944 0.0241036 0.0272468 0.0306167 0.034202 0.0379872 0.041952 0.0460725 0.0503202 0.0546632 0.0590664 0.0634917 0.0678988 0.072246 0.0764906 0.0805895 0.0845002 0.0881815 0.0915937 0.0946998 0.0974655 0.0998603 0.101858 0.103435 0.104574 0.105264 0.105495 0.105265 0.104577 0.103439 0.101864 0.0998698 0.0974782 0.0947163 0.0916149 0.0882079 0.0845328 0.0806288 0.0765374 0.0723009 0.0679623 0.0635641 0.0591479 0.0547539 0.0504197 0.0461805 0.0420679 0.03811 0.034331 0.0307505 0.0273842 0.0242433 0.0213349 0.0186621 0.0162243 0.0140175 0.0120349 0.0102671 0.00870273 0.00732884 0.00613141 0.00509574 0.00420684 0.00344981 0.00281016 0.00227399 0.00182827 0.00146096 0.0011611 0.00091891 0.00072579 0.000574359 0.000458428 0.000372978 0.000314136 0.000279192 
0.000327943 0.000338861 0.000376715 0.000443468 0.000542344 0.00067792 0.000856155 0.00108442 0.00137154 0.00172775 0.00216476 0.00269562 0.0033347 0.0040975 0.00500048 0.00606082 0.00729606 0.00872377 0.0103611 0.0122243 0.0143283 0.0166858 0.0193074 0.0222003 0.0253683 0.0288112 0.0325244 0.0364986 0.0407196 0.0451681 0.04982 0.0546464 0.0596137 0.0646845 0.0698174 0.0749684 0.0800908 0.0851366 0.0900567 0.0948019 0.0993241 0.103576 0.107513 0.111094 0.11428 0.117036 0.119334 0.121147 0.122456 0.123247 0.123511 0.123246 0.122455 0.121145 0.119332 0.117036 0.114281 0.111098 0.107521 0.103588 0.0993414 0.0948258 0.090088 0.0851763 0.0801397 0.0750271 0.0698864 0.0647639 0.0597037 0.0547467 0.0499301 0.0452873 0.0408469 0.0366329 0.0326644 0.0289553 0.0255149 0.0223479 0.0194544 0.0168307 0.0144695 0.0123606 0.0104912 0.00884678 0.00741119 0.00616751 0.00509838 0.00418642 0.00341464 0.00276674 0.00222734 0.00178218 0.00141826 0.00112393 0.00088895 0.000704487 0.000563131 0.000458866 0.000387041 0.000344402 
0.000402121 0.000415508 0.000461629 0.000542834 0.000662983 0.000827543 0.00104362 0.00132 0.00166715 0.00209724 0.00262408 0.00326308 0.00403112 0.00494636 0.00602803 0.00729606 0.00877075 0.0104723 0.0124203 0.0146332 0.0171276 0.0199177 0.0230148 0.0264263 0.0301555 0.0342012 0.0385566 0.0432099 0.0481433 0.0533337 0.058752 0.0643638 0.07013 0.0760066 0.0819457 0.0878965 0.0938056 0.0996177 0.105277 0.110729 0.115918 0.120791 0.125299 0.129395 0.133036 0.136183 0.138805 0.140873 0.142365 0.143266 0.143566 0.143263 0.142359 0.140864 0.138795 0.136172 0.133024 0.129384 0.12529 0.120785 0.115916 0.110733 0.105289 0.0996379 0.0938353 0.0879369 0.0819975 0.0760703 0.0702059 0.064452 0.0588521 0.0534452 0.0482653 0.0433412 0.0386959 0.0343468 0.0303059 0.0265796 0.0231691 0.0200714 0.0172788 0.0147803 0.0125619 0.0106071 0.00889779 0.00741452 0.00613734 0.00504619 0.00412132 0.00334371 0.00269534 0.00215947 0.00172077 0.0013655 0.0010815 0.000858311 0.000687114 0.000560746 0.000473662 0.000421982 
0.000489761 0.000506059 0.000561867 0.000659982 0.000804989 0.00100337 0.00126356 0.00159593 0.00201283 0.00252858 0.00315941 0.00392336 0.00484012 0.00593082 0.0072177 0.00872377 0.0104723 0.0124864 0.0147881 0.0173982 0.0203351 0.0236143 0.0272476 0.0312426 0.0356018 0.0403221 0.0453948 0.0508044 0.0565295 0.0625419 0.0688072 0.0752851 0.0819296 0.0886899 0.0955111 0.102335 0.1091 0.115745 0.122206 0.128421 0.134329 0.139872 0.144993 0.149641 0.15377 0.157336 0.160304 0.162644 0.164332 0.16535 0.165688 0.165344 0.16432 0.162627 0.160283 0.157311 0.153742 0.149613 0.144964 0.139845 0.134305 0.128402 0.122194 0.115741 0.109106 0.102352 0.0955408 0.0887329 0.0819865 0.0753563 0.0688926 0.0626411 0.0566418 0.0509288 0.0455298 0.0404662 0.035753 0.0313991 0.0274073 0.023775 0.0204949 0.0175552 0.0149405 0.0126327 0.0106112 0.00885412 0.00733873 0.00604198 0.0049411 0.00401406 0.00323994 0.00259919 0.00207391 0.00164793 0.001307 0.00103876 0.000832806 0.000680672 0.000575792 0.00051357 
0.000592515 0.000612217 0.000679287 0.000797033 0.000970863 0.00120842 0.00151961 0.00191662 0.00241392 0.00302826 0.00377854 0.00468573 0.00577265 0.00706368 0.00858439 0.0103611 0.0124203 0.0147881 0.0174893 0.020547 0.0239812 0.0278088 0.032042 0.036688 0.0417481 0.0472174 0.053084 0.0593288 0.0659255 0.0728406 0.0800336 0.0874572 0.0950585 0.102779 0.110556 0.118322 0.12601 0.13355 0.14087 0.147902 0.154579 0.160834 0.166607 0.171842 0.176487 0.180497 0.183831 0.186458 0.188352 0.189493 0.189872 0.189484 0.188334 0.186432 0.183798 0.180457 0.176442 0.171793 0.166557 0.160783 0.154529 0.147857 0.14083 0.133518 0.125988 0.118312 0.110558 0.102796 0.0950912 0.0875062 0.0800992 0.0729226 0.0660234 0.0594417 0.0532106 0.047356 0.0418968 0.0368446 0.0322044 0.0279745 0.024148 0.0207126 0.0176517 0.0149453 0.0125707 0.0105033 0.00871724 0.00718643 0.00588478 0.00478697 0.00386885 0.00310779 0.00248299 0.00197564 0.00156907 0.00124882 0.00100271 0.000820768 0.000695292 0.000620871 
0.000712069 0.000735719 0.000815782 0.000956141 0.00116313 0.0014457 0.00181541 0.00228648 0.00287575 0.00360264 0.00448906 0.00555919 0.00683927 0.00835726 0.0101423 0.0122243 0.0146332 0.0173982 0.020547 0.0241048 0.0280936 0.032531 0.0374296 0.0427958 0.0486294 0.0549229 0.0616608 0.0688196 0.0763676 0.0842651 0.0924648 0.100912 0.109545 0.118299 0.127101 0.135876 0.144549 0.15304 0.161273 0.16917 0.176657 0.183663 0.190122 0.195972 0.201158 0.205631 0.209348 0.212274 0.214382 0.215653 0.216073 0.21564 0.214358 0.212238 0.209301 0.205575 0.201094 0.195901 0.190047 0.183585 0.176579 0.169094 0.161201 0.152976 0.144494 0.135833 0.127071 0.118285 0.109549 0.100933 0.0925052 0.0843247 0.0764461 0.0689162 0.0617744 0.0550518 0.0487718 0.0429492 0.0375917 0.0326992 0.0282652 0.0242773 0.0207179 0.0175653 0.0147944 0.0123779 0.0102869 0.00849169 0.0069628 0.00567132 0.00458958 0.00369158 0.0029533 0.002353 0.00187133 0.00149152 0.00119933 0.000983183 0.000834052 0.000745623 
0.000850108 0.0008783 0.000973237 0.00113944 0.00138429 0.00171818 0.00215453 0.00270979 0.00340344 0.00425786 0.00529822 0.00655226 0.00804993 0.00982302 0.0119046 0.0143283 0.0171276 0.0203351 0.0239812 0.0280936 0.0326955 0.0378057 0.0434363 0.0495927 0.0562728 0.0634655 0.0711515 0.0793019 0.087879 0.0968361 0.106118 0.115663 0.125399 0.135253 0.145144 0.154989 0.164701 0.174195 0.183385 0.192187 0.200521 0.208309 0.21548 0.221969 0.227715 0.232666 0.236778 0.240013 0.242342 0.243744 0.244208 0.243729 0.242311 0.239966 0.236717 0.232593 0.22763 0.221875 0.215379 0.208202 0.200411 0.192078 0.183278 0.174094 0.164609 0.154908 0.145078 0.135203 0.125368 0.115651 0.106128 0.0968679 0.0879327 0.0793771 0.0712472 0.0635802 0.0564045 0.0497391 0.0435947 0.0379733 0.0328695 0.0282708 0.024159 0.0205108 0.0172987 0.0144927 0.0120605 0.00996904 0.00818494 0.00667552 0.0054093 0.00435659 0.0034899 0.00278423 0.00221732 0.00176978 0.00142517 0.00117005 0.000993954 0.000889562 
0.00100827 0.00104165 0.00115348 0.001349 0.00163674 0.00202869 0.00254033 0.00319058 0.00400179 0.00499958 0.0062127 0.0076727 0.00941357 0.0114712 0.0138827 0.0166858 0.0199177 0.0236143 0.0278088 0.032531 0.0378057 0.0436518 0.0500811 0.0570975 0.0646959 0.0728616 0.0815703 0.0907872 0.100468 0.110557 0.120993 0.131703 0.142607 0.153623 0.164659 0.175624 0.186423 0.196961 0.207146 0.216886 0.226094 0.234687 0.24259 0.249732 0.256051 0.261491 0.266005 0.269554 0.272107 0.273645 0.274152 0.273625 0.272069 0.269497 0.26593 0.2614 0.255946 0.249614 0.242462 0.23455 0.225951 0.216741 0.207002 0.196822 0.186291 0.175503 0.164552 0.153532 0.142536 0.131653 0.120967 0.110556 0.100491 0.0908357 0.081643 0.0729572 0.0648124 0.0572326 0.050232 0.0438155 0.037979 0.0327106 0.0279915 0.023797 0.0200976 0.0168602 0.0140495 0.0116285 0.00955997 0.00780716 0.00633452 0.0051084 0.0040975 0.00327332 0.00261037 0.00208642 0.00168259 0.00138341 0.00117682 0.00105437 
0.00118811 0.00122736 0.00135823 0.00158675 0.0019227 0.00237985 0.0029759 0.00373248 0.00467507 0.00583281 0.0072383 0.00892721 0.0109378 0.0133103 0.0160863 0.0193074 0.0230148 0.0272476 0.032042 0.0374296 0.0434363 0.0500811 0.0573749 0.0653193 0.0739059 0.0831155 0.092918 0.103272 0.114125 0.125415 0.137068 0.149004 0.161134 0.173363 0.185592 0.19772 0.209643 0.221258 0.232464 0.243163 0.253264 0.262677 0.271322 0.279126 0.286023 0.291955 0.296873 0.300737 0.303516 0.305188 0.305739 0.305165 0.303471 0.30067 0.296785 0.291847 0.285897 0.278984 0.271166 0.262509 0.253087 0.242982 0.23228 0.221076 0.209467 0.197554 0.18544 0.173228 0.161018 0.148912 0.137001 0.125375 0.114113 0.103289 0.0929626 0.083187 0.0740025 0.0654387 0.0575143 0.0502373 0.0436057 0.0376087 0.0322272 0.0274354 0.0232018 0.0194906 0.016263 0.0134784 0.0110953 0.0090728 0.00737096 0.00595192 0.00478031 0.00382382 0.0030535 0.00244401 0.0019738 0.00162517 0.00138435 0.00124164 
0.00139103 0.00143687 0.00158903 0.0018544 0.00224414 0.00277392 0.00346389 0.0043386 0.0054269 0.00676172 0.00837978 0.0103211 0.0126286 0.0153469 0.0185221 0.0222003 0.0264263 0.0312426 0.036688 0.0427958 0.0495927 0.0570975 0.0653193 0.074257 0.0838982 0.0942183 0.105181 0.116737 0.128825 0.141374 0.154301 0.167516 0.180918 0.194403 0.207862 0.221185 0.234257 0.24697 0.259213 0.270885 0.281885 0.292122 0.301511 0.309976 0.317449 0.32387 0.329189 0.333366 0.336368 0.338173 0.338767 0.338147 0.336316 0.333288 0.329087 0.323745 0.317302 0.30981 0.301328 0.291923 0.281675 0.270666 0.25899 0.246746 0.234037 0.220972 0.207663 0.19422 0.180755 0.167376 0.154189 0.141291 0.128773 0.116716 0.105192 0.0942606 0.08397 0.0743562 0.0654429 0.0572422 0.0497549 0.0429714 0.0368731 0.0314333 0.0266187 0.0223909 0.0187079 0.015525 0.0127967 0.0104776 0.00852321 0.00689118 0.00554183 0.00443876 0.0035493 0.00284476 0.00230071 0.00189704 0.00161808 0.0014528 
0.00161822 0.00167141 0.0018472 0.00215341 0.00260268 0.00321277 0.00400643 0.00501136 0.00626002 0.00778939 0.00964054 0.0118581 0.0144898 0.017585 0.0211944 0.0253683 0.0301555 0.0356018 0.0417481 0.0486294 0.0562728 0.0646959 0.0739059 0.0838982 0.0946554 0.106147 0.118329 0.131145 0.144523 0.158383 0.17263 0.187165 0.201876 0.216648 0.231363 0.245899 0.260135 0.273954 0.28724 0.299883 0.31178 0.322834 0.332959 0.342076 0.350114 0.357014 0.362726 0.367207 0.370426 0.372361 0.372998 0.372332 0.370369 0.367121 0.362612 0.356874 0.349949 0.341887 0.33275 0.322606 0.311536 0.299628 0.286977 0.273687 0.25987 0.245639 0.231113 0.216414 0.201662 0.186975 0.172469 0.158252 0.144426 0.131082 0.118302 0.106155 0.0946977 0.0839724 0.0740093 0.0648251 0.0564239 0.0487983 0.0419303 0.0357929 0.0303513 0.0255648 0.0213878 0.0177722 0.014668 0.0120251 0.00979454 0.00792915 0.00638471 0.00512049 0.00409984 0.0032905 0.00266493 0.00220044 0.00187931 0.00168907 
0.00187062 0.00193194 0.00213375 0.00248486 0.00299953 0.00369772 0.00460498 0.00575237 0.00717617 0.00891763 0.0110224 0.01354 0.016523 0.0200258 0.0241036 0.0288112 0.0342012 0.0403221 0.0472174 0.0549229 0.0634655 0.0728616 0.0831155 0.0942183 0.106147 0.118864 0.132318 0.146442 0.161156 0.176366 0.191971 0.207855 0.2239 0.239978 0.25596 0.271717 0.287119 0.302041 0.31636 0.329963 0.342741 0.354597 0.365439 0.375189 0.383775 0.391138 0.397227 0.402001 0.405428 0.407488 0.408165 0.407456 0.405366 0.401907 0.397103 0.390984 0.383593 0.37498 0.365206 0.354341 0.342467 0.329673 0.316059 0.301732 0.286808 0.271409 0.255661 0.239692 0.223633 0.207613 0.191757 0.176185 0.161009 0.146333 0.132249 0.118834 0.106155 0.0942631 0.0831944 0.0729712 0.0636019 0.0550815 0.0473936 0.0405111 0.0343981 0.0290116 0.0243033 0.0202209 0.0167104 0.0137169 0.0111866 0.00906752 0.00731057 0.00587052 0.00470651 0.00378248 0.0030676 0.00253641 0.00216902 0.0019514 
0.00214885 0.00221908 0.00244932 0.00284943 0.00343538 0.00422948 0.00526025 0.00656227 0.00817588 0.0101468 0.0125255 0.0153664 0.0187272 0.0226673 0.0272468 0.0325244 0.0385566 0.0453948 0.053084 0.0616608 0.0711515 0.0815703 0.092918 0.105181 0.118329 0.132318 0.147087 0.162558 0.178642 0.195233 0.212218 0.229471 0.246861 0.26425 0.281499 0.298471 0.315026 0.331034 0.346367 0.360905 0.374539 0.387168 0.3987 0.409055 0.418163 0.425965 0.432412 0.437462 0.441086 0.443262 0.443978 0.443229 0.441019 0.437362 0.432279 0.425801 0.417968 0.408829 0.398446 0.386888 0.374237 0.360583 0.346029 0.330685 0.314672 0.298116 0.28115 0.263912 0.24654 0.229174 0.211949 0.194998 0.178443 0.1624 0.14697 0.132245 0.118299 0.105192 0.0929681 0.0816562 0.0712692 0.0618057 0.053251 0.0455788 0.0387523 0.0327268 0.027451 0.0228692 0.0189228 0.0155525 0.0126994 0.0103065 0.00831983 0.0066894 0.00536991 0.00432135 0.00350936 0.0029056 0.00248783 0.0022404 
0.00245315 0.00253308 0.00279412 0.00324728 0.00391032 0.00480802 0.00597202 0.00744061 0.00925835 0.0114756 0.0141477 0.0173345 0.0210985 0.0255043 0.0306167 0.0364986 0.0432099 0.0508044 0.0593288 0.0688196 0.0793019 0.0907872 0.103272 0.116737 0.131145 0.146442 0.162558 0.179405 0.196882 0.214873 0.233249 0.251876 0.270609 0.289301 0.307804 0.32597 0.343655 0.360719 0.377032 0.392471 0.406923 0.420287 0.432471 0.443397 0.452994 0.461206 0.467984 0.47329 0.477096 0.47938 0.480132 0.479346 0.477027 0.473186 0.467846 0.461034 0.452788 0.443158 0.432201 0.419988 0.406597 0.392121 0.376662 0.360334 0.34326 0.325571 0.307407 0.288913 0.270235 0.251524 0.232925 0.214582 0.196629 0.179195 0.162392 0.146322 0.131072 0.11671 0.103289 0.0908456 0.0793973 0.0689473 0.0594835 0.0509806 0.0434019 0.0367008 0.0308237 0.0257114 0.0213011 0.0175289 0.0143308 0.0116447 0.0094116 0.00757659 0.00608979 0.00490701 0.00399027 0.00330813 0.00283593 0.00255629 
0.00278332 0.00287371 0.00316788 0.00367802 0.00442378 0.00543252 0.00673914 0.00838576 0.0104213 0.0129009 0.0158851 0.0194388 0.0236298 0.0285278 0.034202 0.0407196 0.0481433 0.0565295 0.0659255 0.0763676 0.087879 0.100468 0.114125 0.128825 0.144523 0.161156 0.178642 0.196882 0.215764 0.235158 0.254925 0.274917 0.294979 0.314953 0.334682 0.35401 0.372785 0.390865 0.408114 0.424406 0.43963 0.453682 0.466473 0.477925 0.487972 0.496558 0.503639 0.509177 0.513147 0.515529 0.516312 0.515494 0.513076 0.509071 0.503497 0.496382 0.48776 0.477678 0.466192 0.453368 0.439285 0.424034 0.407716 0.390448 0.372354 0.35357 0.33424 0.314516 0.294553 0.27451 0.254545 0.23481 0.215455 0.196617 0.178423 0.160987 0.144405 0.128757 0.114106 0.100495 0.0879486 0.0764748 0.0660648 0.0566951 0.0483291 0.0409194 0.03441 0.0287385 0.0238382 0.0196405 0.0160765 0.0130789 0.0105835 0.00853035 0.00686488 0.00553858 0.0045097 0.00374358 0.00321303 0.00289886 
0.00313869 0.00324027 0.00356979 0.00414066 0.00497448 0.00610129 0.00755936 0.00939477 0.0116609 0.0144179 0.0177313 0.0216713 0.0263111 0.0317251 0.0379872 0.0451681 0.0533337 0.0625419 0.0728406 0.0842651 0.0968361 0.110557 0.125415 0.141374 0.158383 0.176366 0.195233 0.214873 0.235158 0.255948 0.277092 0.298428 0.319791 0.341013 0.361928 0.382373 0.40219 0.421232 0.439361 0.456451 0.472389 0.487075 0.500419 0.512349 0.5228 0.53172 0.539069 0.544812 0.548926 0.551394 0.552207 0.55136 0.548856 0.544707 0.538928 0.531543 0.522586 0.512098 0.500132 0.486751 0.472031 0.456061 0.438942 0.420788 0.401727 0.381896 0.361445 0.34053 0.319316 0.297969 0.276656 0.255544 0.234792 0.214551 0.19496 0.176146 0.158216 0.141262 0.125356 0.11055 0.0968766 0.0843486 0.0729615 0.062694 0.0535106 0.0453633 0.0381941 0.0319378 0.0265239 0.0218793 0.0179302 0.0146041 0.0118316 0.00954766 0.00769287 0.00621431 0.0050663 0.00421089 0.00361828 0.00326737 
0.00351807 0.00363154 0.00399846 0.00463353 0.00556034 0.00681172 0.00842935 0.0104634 0.0129718 0.0160196 0.0196776 0.0240213 0.0291289 0.0350798 0.041952 0.04982 0.058752 0.0688072 0.0800336 0.0924648 0.106118 0.120993 0.137068 0.154301 0.17263 0.191971 0.212218 0.233249 0.254925 0.277092 0.299584 0.322231 0.344855 0.36728 0.389329 0.410834 0.431633 0.451575 0.47052 0.488343 0.504932 0.520188 0.534027 0.546379 0.557184 0.566395 0.573974 0.579894 0.584131 0.586672 0.587509 0.586639 0.584064 0.579792 0.573837 0.566221 0.556973 0.546129 0.533739 0.519861 0.504567 0.487943 0.470086 0.451111 0.431144 0.410326 0.388809 0.366755 0.344334 0.321722 0.299096 0.276633 0.254503 0.232872 0.21189 0.191697 0.172414 0.154143 0.136967 0.120949 0.106127 0.0925217 0.0801332 0.0689433 0.0589177 0.0500083 0.0421561 0.0352928 0.0293448 0.0242344 0.0198831 0.0162133 0.0131504 0.0106242 0.00857036 0.00693151 0.00565795 0.00470838 0.00405026 0.00366058 
0.00391972 0.0040457 0.00445189 0.00515427 0.00617851 0.00756022 0.00934461 0.0115859 0.0143468 0.0176971 0.021713 0.0264751 0.0320667 0.0385718 0.0460725 0.0546464 0.0643638 0.0752851 0.0874572 0.100912 0.115663 0.131703 0.149004 0.167516 0.187165 0.207855 0.229471 0.251876 0.274917 0.298428 0.322231 0.346143 0.369977 0.393547 0.416669 0.439168 0.46088 0.48165 0.50134 0.519824 0.536993 0.552752 0.567022 0.579737 0.590843 0.600298 0.60807 0.614134 0.618473 0.621074 0.621932 0.621043 0.61841 0.614038 0.60794 0.600133 0.59064 0.579495 0.56674 0.552429 0.536628 0.51942 0.500897 0.481173 0.460372 0.438635 0.416118 0.392986 0.369415 0.345589 0.321693 0.297916 0.274441 0.251443 0.229088 0.207528 0.186896 0.167309 0.148859 0.131619 0.115637 0.10094 0.0875331 0.0754026 0.064516 0.0548258 0.0462716 0.0387835 0.0322841 0.0266921 0.0219241 0.0178976 0.0145327 0.0117542 0.00949278 0.00768654 0.00628175 0.00523364 0.00450694 0.00407668 
0.00434136 0.0044804 0.00492746 0.00569983 0.00682528 0.00834226 0.0102995 0.0127554 0.0157772 0.0194398 0.0238243 0.0290165 0.0351047 0.0421773 0.0503202 0.0596137 0.07013 0.0819296 0.0950585 0.109545 0.125399 0.142607 0.161134 0.180918 0.201876 0.2239 0.246861 0.270609 0.294979 0.319791 0.344855 0.369977 0.39496 0.419607 0.443731 0.467151 0.4897 0.511221 0.531578 0.550646 0.568321 0.584512 0.599146 0.612163 0.623515 0.633167 0.641091 0.647268 0.651685 0.654333 0.655206 0.654304 0.651628 0.647181 0.640972 0.633013 0.623325 0.611934 0.598876 0.584199 0.567963 0.550245 0.531134 0.510737 0.48918 0.466601 0.443156 0.419016 0.394361 0.369381 0.344272 0.31923 0.29445 0.270122 0.246423 0.223518 0.201555 0.180662 0.160943 0.142482 0.125337 0.109542 0.0951084 0.0820265 0.0702665 0.0597822 0.0505126 0.0423861 0.0353223 0.0292362 0.0240399 0.0196461 0.0159697 0.0129306 0.0104544 0.00847482 0.00693395 0.00578359 0.00498568 0.00451327 
0.00478012 0.00493268 0.00542191 0.00626646 0.00749617 0.00915236 0.0112873 0.0139635 0.0172527 0.0212348 0.0259959 0.0316268 0.0382205 0.0458696 0.0546632 0.0646845 0.0760066 0.0886899 0.102779 0.118299 0.135253 0.153623 0.173363 0.194403 0.216648 0.239978 0.26425 0.289301 0.314953 0.341013 0.36728 0.393547 0.419607 0.445259 0.470308 0.494568 0.517871 0.540062 0.561004 0.580577 0.598681 0.615232 0.630163 0.643419 0.654962 0.664762 0.672798 0.679057 0.683529 0.68621 0.687095 0.686185 0.683479 0.67898 0.672692 0.664624 0.654789 0.643207 0.629909 0.614935 0.598337 0.580186 0.560566 0.539579 0.517346 0.494007 0.469715 0.444644 0.418979 0.392914 0.366655 0.340407 0.314376 0.288763 0.263759 0.239544 0.216276 0.194098 0.173126 0.153455 0.135153 0.118262 0.102801 0.0887643 0.0761256 0.0648402 0.0548473 0.0460738 0.0384369 0.031848 0.0262151 0.0214461 0.0174512 0.014145 0.0114485 0.00929083 0.00761002 0.00635443 0.00548321 0.00496741 
0.00523262 0.00539903 0.00593142 0.00684974 0.00818592 0.00998413 0.0123001 0.0152005 0.0187615 0.0230678 0.0282105 0.034285 0.0413889 0.0496185 0.0590664 0.0698174 0.0819457 0.0955111 0.110556 0.127101 0.145144 0.164659 0.185592 0.207862 0.231363 0.25596 0.281499 0.307804 0.334682 0.361928 0.389329 0.416669 0.443731 0.470308 0.496198 0.521215 0.545188 0.567963 0.589407 0.609405 0.627862 0.6447 0.659859 0.673295 0.684974 0.694875 0.702984 0.709294 0.713799 0.716499 0.717393 0.71648 0.713759 0.70923 0.702895 0.694757 0.684822 0.673105 0.659629 0.644424 0.627538 0.609031 0.588983 0.567489 0.544665 0.520649 0.495595 0.469675 0.443079 0.416006 0.388668 0.36128 0.334059 0.307217 0.280959 0.255475 0.23094 0.207508 0.185309 0.164449 0.145005 0.12703 0.110549 0.0955614 0.0820458 0.0699589 0.0592407 0.0498169 0.0416028 0.0345065 0.0284322 0.0232833 0.0189652 0.0153877 0.0124672 0.0101281 0.00830468 0.00694173 0.00599567 0.00543556 
0.00569495 0.00587544 0.00645157 0.00744461 0.00888855 0.0108303 0.0133292 0.0164557 0.0202906 0.024923 0.0304488 0.036968 0.0445824 0.0533919 0.0634917 0.0749684 0.0878965 0.102335 0.118322 0.135876 0.154989 0.175624 0.19772 0.221185 0.245899 0.271717 0.298471 0.32597 0.35401 0.382373 0.410834 0.439168 0.467151 0.494568 0.521215 0.546902 0.571459 0.594735 0.616599 0.636942 0.655676 0.67273 0.688054 0.701609 0.713373 0.72333 0.731476 0.737807 0.742325 0.745032 0.74593 0.745017 0.742295 0.737758 0.731405 0.723234 0.713246 0.701447 0.687851 0.672482 0.655378 0.636591 0.616194 0.594275 0.570946 0.54634 0.520608 0.493925 0.466481 0.438481 0.410142 0.381688 0.353346 0.325338 0.297882 0.271183 0.245427 0.220782 0.197391 0.175371 0.154811 0.135771 0.118285 0.10236 0.0879763 0.0750943 0.0636548 0.0535831 0.0447926 0.0371887 0.030672 0.0251417 0.0204987 0.0166481 0.0135016 0.0109795 0.0090119 0.00754039 0.00651862 0.00591369 
0.00616273 0.00635739 0.00697745 0.00804545 0.00959743 0.011683 0.0143649 0.0177174 0.0218255 0.026783 0.03269 0.0396511 0.0477716 0.057155 0.0678988 0.0800908 0.0938056 0.1091 0.12601 0.144549 0.164701 0.186423 0.209643 0.234257 0.260135 0.287119 0.315026 0.343655 0.372785 0.40219 0.431633 0.46088 0.4897 0.517871 0.545188 0.571459 0.596516 0.620209 0.642413 0.663025 0.681964 0.699168 0.714594 0.728215 0.740015 0.749987 0.758135 0.764461 0.768972 0.771675 0.772572 0.771666 0.768953 0.764428 0.758085 0.749916 0.739916 0.728083 0.714423 0.698952 0.681697 0.662703 0.642033 0.61977 0.596018 0.570906 0.544584 0.517224 0.489018 0.460174 0.430916 0.401474 0.372084 0.342982 0.314394 0.286539 0.259617 0.233809 0.209269 0.186128 0.164484 0.144409 0.125943 0.109099 0.0938641 0.0802002 0.0680498 0.057338 0.0479771 0.03987 0.0329139 0.0270042 0.0220374 0.0179143 0.0145421 0.0118369 0.00972504 0.00814479 0.00704713 0.00639728 
0.00663118 0.00683995 0.00750368 0.00864616 0.0103054 0.0125336 0.0153968 0.018973 0.0233512 0.0286295 0.0349123 0.0423081 0.0509259 0.0608721 0.072246 0.0851366 0.0996177 0.115745 0.13355 0.15304 0.174195 0.196961 0.221258 0.24697 0.273954 0.302041 0.331034 0.360719 0.390865 0.421232 0.451575 0.48165 0.511221 0.540062 0.567963 0.594735 0.620209 0.64424 0.666709 0.687518 0.706596 0.723888 0.739362 0.752997 0.764789 0.77474 0.782859 0.789156 0.793644 0.796332 0.797226 0.796329 0.793636 0.789141 0.782832 0.774696 0.764722 0.752899 0.739226 0.723707 0.706364 0.68723 0.666359 0.643827 0.619733 0.594197 0.567369 0.539417 0.510534 0.480932 0.450838 0.42049 0.390132 0.360009 0.330362 0.301418 0.273392 0.246477 0.220841 0.196625 0.17394 0.152866 0.133452 0.115718 0.0996547 0.0852288 0.072384 0.061046 0.0511258 0.0425244 0.035136 0.0288524 0.0235662 0.0191738 0.0155783 0.0126918 0.0104369 0.00874879 0.00757584 0.00688139 
0.0070952 0.00731787 0.00802455 0.00924024 0.0110048 0.0133731 0.016414 0.0202092 0.0248517 0.0304434 0.0370928 0.0449121 0.0540135 0.064506 0.0764906 0.0900567 0.105277 0.122206 0.14087 0.161273 0.183385 0.207146 0.232464 0.259213 0.28724 0.31636 0.346367 0.377032 0.408114 0.439361 0.47052 0.50134 0.531578 0.561004 0.589407 0.616599 0.642413 0.666709 0.689372 0.710314 0.72947 0.746796 0.762267 0.775874 0.787621 0.797517 0.805581 0.811829 0.816278 0.818943 0.819832 0.818947 0.816284 0.811832 0.805578 0.797502 0.787585 0.775811 0.762168 0.746654 0.729276 0.710063 0.689057 0.666327 0.641963 0.616082 0.588827 0.560365 0.53089 0.500615 0.469769 0.438598 0.407354 0.37629 0.345658 0.315698 0.286637 0.258679 0.232006 0.20677 0.183093 0.161064 0.140742 0.122153 0.105293 0.0901313 0.0766151 0.0646702 0.0542072 0.045125 0.0373156 0.0306674 0.0250691 0.0204134 0.0165993 0.013535 0.0111399 0.0093459 0.008099 0.00736076 
