0.00253659 0.00256131 0.00264188 0.00277906 0.00297377 0.00322725 0.00354109 0.0039171 0.00435733 0.00486397 0.00543933 0.00608572 0.00680542 0.00760059 0.00847319 0.00942485 0.0104569 0.0115701 0.0127648 0.0140407 0.0153968 0.0168313 0.0183416 0.0199245 0.0215756 0.0232897 0.0250607 0.0268817 0.0287448 0.0306413 0.0325617 0.0344956 0.0364323 0.0383603 0.0402676 0.0421421 0.0439712 0.0457425 0.0474435 0.0490618 0.0505855 0.0520032 0.053304 0.0544778 0.0555153 0.0564083 0.0571496 0.0577331 0.0581543 0.0584095 0.0584968 0.0584154 0.0581661 0.0577509 0.0571732 0.0564378 0.0555506 0.0545189 0.0533509 0.0520558 0.0506437 0.0491255 0.0475125 0.0458168 0.0440505 0.0422261 0.0403562 0.0384532 0.0365291 0.034596 0.0326653 0.0307477 0.0288536 0.0269924 0.0251727 0.0234025 0.0216888 0.0200375 0.018454 0.0169424 0.0155061 0.0141478 0.0128691 0.0116712 0.0105543 0.00951812 0.00856195 0.0076845 0.00688413 0.00615894 0.0055068 0.00492548 0.00441266 0.0039661 0.00358362 0.00326321 0.00300306 0.00280164 0.00265771 0.00257053 
0.00256131 0.00258628 0.00266766 0.00280618 0.00300279 0.00325875 0.00357563 0.00395528 0.00439975 0.00491127 0.00549214 0.0061447 0.00687125 0.00767396 0.00855478 0.00951539 0.0105571 0.0116807 0.0128864 0.0141741 0.0155426 0.0169902 0.0185142 0.0201114 0.0217773 0.0235067 0.0252935 0.0271306 0.0290101 0.0309231 0.0328602 0.0348108 0.0367642 0.0387086 0.0406322 0.0425226 0.0443671 0.0461533 0.0478685 0.0495003 0.0510366 0.052466 0.0537775 0.0549609 0.0560069 0.0569072 0.0576545 0.0582428 0.0586673 0.0589246 0.0590126 0.0589305 0.058679 0.0582604 0.0576779 0.0569364 0.056042 0.0550018 0.0538241 0.0525183 0.0510944 0.0495635 0.0479371 0.0462271 0.044446 0.0426062 0.0407204 0.0388011 0.0368606 0.0349109 0.0329635 0.0310293 0.0291186 0.027241 0.0254053 0.0236195 0.0218904 0.0202244 0.0186266 0.0171013 0.015652 0.0142813 0.0129909 0.0117819 0.0106546 0.00960884 0.00864374 0.00775806 0.00695016 0.00621813 0.00555981 0.00497296 0.00445527 0.00400445 0.00361831 0.00329483 0.0030322 0.00282885 0.00268355 0.00259555 
0.00264188 0.00266766 0.0027515 0.00289417 0.00309663 0.00336017 0.0036864 0.0040772 0.00453467 0.00506106 0.00565874 0.00633009 0.00707745 0.00790301 0.00880876 0.00979638 0.0108672 0.012022 0.013261 0.0145839 0.0159897 0.0174764 0.0190414 0.0206811 0.0223911 0.024166 0.0259994 0.0278842 0.0298121 0.0317741 0.0337604 0.0357604 0.0377628 0.0397559 0.0417272 0.0436642 0.0455541 0.0473839 0.0491407 0.050812 0.0523854 0.053849 0.0551919 0.0564034 0.0574742 0.0583958 0.0591607 0.0597628 0.0601972 0.0604604 0.0605503 0.0604661 0.0602086 0.0597799 0.0591835 0.0584243 0.0575085 0.0564433 0.0552374 0.0539001 0.052442 0.050874 0.0492081 0.0474564 0.0456316 0.0437466 0.0418141 0.0398471 0.0378581 0.0358594 0.0338627 0.0318793 0.0299198 0.0279939 0.0261107 0.0242782 0.0225038 0.0207938 0.0191535 0.0175875 0.0160991 0.0146912 0.0133657 0.0121235 0.0109651 0.00989027 0.0088982 0.00798762 0.0071569 0.00640406 0.00572696 0.00512328 0.00459068 0.00412683 0.00372951 0.00339663 0.00312635 0.0029171 0.00276758 0.00267704 
0.00277906 0.00280618 0.00289417 0.00304383 0.00325612 0.0035324 0.00387434 0.00428386 0.00476314 0.00531451 0.00594039 0.00664325 0.00742548 0.00828932 0.00923681 0.0102696 0.0113891 0.0125961 0.0138907 0.0152726 0.0167405 0.0182925 0.0199257 0.0216364 0.02342 0.0252706 0.0271818 0.0291459 0.0311544 0.0331979 0.0352661 0.0373481 0.039432 0.0415057 0.0435563 0.0455708 0.0475358 0.049438 0.0512641 0.0530008 0.0546356 0.0561561 0.0575509 0.0588091 0.059921 0.0608778 0.0616719 0.0622969 0.0627477 0.0630208 0.0631139 0.0630263 0.0627587 0.0623133 0.0616938 0.0609052 0.0599539 0.0588474 0.0575946 0.0562053 0.0546902 0.0530607 0.0513292 0.0495083 0.0476112 0.045651 0.0436411 0.0415948 0.0395253 0.0374451 0.0353666 0.0333014 0.0312606 0.0292542 0.0272919 0.0253819 0.023532 0.0217486 0.0200375 0.0184034 0.0168499 0.01538 0.0139957 0.0126981 0.0114876 0.0103642 0.00932699 0.00837474 0.00750577 0.00671809 0.00600947 0.00537757 0.00481996 0.00433424 0.00391812 0.00356946 0.00328635 0.00306716 0.00291055 0.00281576 
0.00297377 0.00300279 0.00309663 0.00325612 0.00348229 0.00377653 0.00414059 0.00457649 0.0050865 0.00567304 0.00633864 0.00708584 0.00791713 0.00883483 0.00984101 0.0109374 0.0121253 0.0134056 0.0147782 0.0162428 0.017798 0.0194416 0.0211706 0.0229808 0.0248674 0.0268242 0.0288442 0.0309194 0.0330408 0.0351983 0.0373812 0.0395778 0.0417758 0.0439622 0.0461237 0.0482465 0.0503166 0.0523199 0.0542426 0.0560708 0.0577912 0.0593911 0.0608584 0.0621819 0.0633512 0.0643572 0.065192 0.0658488 0.0663226 0.0666094 0.0667069 0.0666145 0.0663328 0.0658642 0.0652125 0.0643828 0.063382 0.0622179 0.0608997 0.0594377 0.057843 0.0561277 0.0543046 0.0523871 0.0503887 0.0483235 0.0462054 0.0440483 0.0418661 0.039672 0.0374791 0.0352994 0.0331448 0.0310259 0.0289527 0.0269341 0.0249783 0.0230922 0.0212818 0.0195522 0.0179074 0.0163505 0.0148836 0.0135081 0.0122246 0.0110328 0.00993217 0.00892132 0.00799855 0.00716184 0.00640888 0.00573724 0.00514441 0.0046279 0.0041853 0.00381441 0.00351321 0.00328001 0.00311343 0.00301264 
0.00322725 0.00325875 0.00336017 0.0035324 0.00377653 0.00409403 0.00448673 0.00495679 0.00550656 0.00613861 0.00685558 0.00766013 0.00855485 0.00954215 0.0106242 0.0118027 0.013079 0.0144538 0.0159272 0.0174985 0.0191663 0.020928 0.0227803 0.0247188 0.0267381 0.0288316 0.0309918 0.03321 0.0354765 0.0377807 0.040111 0.042455 0.0447995 0.0471309 0.0494348 0.0516967 0.0539017 0.0560349 0.0580815 0.0600271 0.0618575 0.0635592 0.0651195 0.0665265 0.0677694 0.0688385 0.0697255 0.0704233 0.0709264 0.0712308 0.0713341 0.0712354 0.0709357 0.0704373 0.0697442 0.068862 0.0677977 0.0665596 0.0651575 0.0636022 0.0619054 0.0600801 0.0581395 0.0560978 0.0539696 0.0517694 0.0495123 0.047213 0.044886 0.0425455 0.0402054 0.0378786 0.0355776 0.0333138 0.0310979 0.0289396 0.0268474 0.0248289 0.0228906 0.021038 0.0192754 0.0176062 0.0160329 0.0145569 0.013179 0.0118991 0.0107165 0.00962992 0.00863764 0.00773754 0.00692725 0.00620422 0.00556582 0.00500946 0.00453261 0.00413293 0.00380832 0.00355699 0.00337749 0.00326894 
0.00354109 0.00357563 0.0036864 0.00387434 0.00414059 0.00448673 0.00491473 0.00542683 0.00602555 0.00671361 0.00749379 0.00836888 0.00934161 0.0104145 0.0115897 0.0128691 0.0142539 0.0157449 0.017342 0.0190442 0.02085 0.0227566 0.0247601 0.0268558 0.0290377 0.0312986 0.0336303 0.0360235 0.0384676 0.0409512 0.0434617 0.0459859 0.0485096 0.051018 0.0534958 0.0559275 0.0582971 0.0605888 0.0627867 0.0648755 0.06684 0.0686659 0.0703396 0.0718485 0.0731811 0.0743271 0.0752777 0.0760253 0.0765642 0.07689 0.0770003 0.0768941 0.0765724 0.0760376 0.0752942 0.0743479 0.0732062 0.071878 0.0703736 0.0687045 0.0668833 0.0649236 0.0628397 0.0606466 0.0583598 0.055995 0.0535681 0.0510949 0.0485911 0.0460718 0.0435517 0.041045 0.0385649 0.0361239 0.0337335 0.031404 0.0291448 0.0269642 0.0248692 0.0228657 0.0209587 0.0191519 0.0174479 0.0158486 0.0143548 0.0129666 0.0116833 0.0105037 0.00942595 0.00844792 0.0075671 0.00678085 0.00608639 0.00548098 0.00496196 0.00452684 0.00417341 0.00389975 0.00370433 0.00358623 
0.0039171 0.00395528 0.0040772 0.00428386 0.00457649 0.00495679 0.00542683 0.00598903 0.00664607 0.00740082 0.00825625 0.00921532 0.0102809 0.0114555 0.0127416 0.0141408 0.0156547 0.0172836 0.0190275 0.0208852 0.0228548 0.0249331 0.027116 0.0293979 0.0317724 0.0342316 0.0367665 0.0393667 0.042021 0.0447167 0.0474403 0.0501774 0.0529127 0.0556302 0.0583134 0.0609455 0.0635095 0.0659881 0.0683645 0.0706221 0.0727447 0.0747169 0.0765243 0.0781533 0.0795915 0.0808282 0.0818536 0.08266 0.0832409 0.083592 0.0837105 0.0835954 0.0832477 0.0826702 0.0818674 0.0808456 0.0796127 0.0781783 0.0765534 0.0747502 0.0727823 0.0706642 0.0684113 0.0660396 0.0635657 0.0610066 0.0583794 0.0557009 0.0529882 0.0502575 0.0475248 0.0448054 0.0421136 0.0394629 0.0368658 0.0343337 0.0318768 0.029504 0.0272233 0.025041 0.0229627 0.0209925 0.0191335 0.0173878 0.0157564 0.0142395 0.0128365 0.0115463 0.0103669 0.00929612 0.00833139 0.00746987 0.00670867 0.00604484 0.00547559 0.00499826 0.00461048 0.00431022 0.00409583 0.00396634 
0.00435733 0.00439975 0.00453467 0.00476314 0.0050865 0.00550656 0.00602555 0.00664607 0.00737097 0.00820332 0.00914627 0.010203 0.0113764 0.0126693 0.014084 0.0156225 0.017286 0.019075 0.0209892 0.0230271 0.0251865 0.0274638 0.0298542 0.0323517 0.034949 0.0376375 0.0404071 0.0432466 0.0461435 0.0490841 0.0520537 0.0550364 0.0580157 0.0609743 0.0638942 0.0667572 0.0695449 0.0722388 0.0748207 0.0772725 0.0795769 0.0817175 0.0836786 0.0854456 0.0870053 0.0883461 0.0894576 0.0903314 0.0909608 0.0913408 0.0914687 0.0913434 0.0909659 0.0903393 0.0894682 0.0883597 0.087022 0.0854655 0.083702 0.0817446 0.079608 0.0773076 0.0748601 0.0722828 0.0695936 0.0668107 0.0639526 0.0610376 0.058084 0.0551096 0.0521316 0.0491667 0.0462304 0.0433376 0.0405018 0.0377355 0.0350499 0.0324549 0.0299591 0.0275699 0.0252931 0.0231337 0.021095 0.0191794 0.0173884 0.0157222 0.0141803 0.0127616 0.0114641 0.0102856 0.00922333 0.00827431 0.00743546 0.00670369 0.00607598 0.00554952 0.00512176 0.00479054 0.00455408 0.00441134 
0.00486397 0.00491127 0.00506106 0.00531451 0.00567304 0.00613861 0.00671361 0.00740082 0.00820332 0.00912437 0.0101673 0.0113355 0.0126321 0.01406 0.0156217 0.017319 0.0191531 0.0211245 0.0232326 0.0254757 0.0278511 0.0303547 0.0329812 0.0357237 0.0385742 0.041523 0.0445591 0.0476701 0.0508422 0.0540604 0.0573086 0.0605696 0.0638251 0.0670565 0.0702442 0.0733683 0.076409 0.0793462 0.0821601 0.0848313 0.0873411 0.0896717 0.0918062 0.093729 0.0954258 0.0968839 0.0980925 0.0990424 0.0997263 0.100139 0.100278 0.100141 0.0997297 0.0990475 0.0980996 0.0968931 0.0954372 0.093743 0.0918231 0.0896917 0.0873645 0.0848584 0.0821911 0.0793815 0.0764489 0.073413 0.0702937 0.0671111 0.0638849 0.0606345 0.0573787 0.0541356 0.0509222 0.0477547 0.044648 0.0416159 0.0386706 0.0358231 0.033083 0.0304584 0.027956 0.0255811 0.0233378 0.0212289 0.0192559 0.0174194 0.0157191 0.0141538 0.0127216 0.0114201 0.0102464 0.00919737 0.0082698 0.00746034 0.0067658 0.00618315 0.00570966 0.00534302 0.00508131 0.00492342 
0.00543933 0.00549214 0.00565874 0.00594039 0.00633864 0.00685558 0.00749379 0.00825625 0.00914627 0.0101673 0.011323 0.0126169 0.0140522 0.0156321 0.017359 0.0192349 0.021261 0.0234373 0.0257633 0.0282367 0.0308545 0.033612 0.0365031 0.0395202 0.0426542 0.0458945 0.0492287 0.0526433 0.0561231 0.0596515 0.0632109 0.0667824 0.0703463 0.0738819 0.0773681 0.0807833 0.0841058 0.0873139 0.0903861 0.0933015 0.0960398 0.0985817 0.100909 0.103005 0.104854 0.106443 0.107759 0.108793 0.109538 0.109987 0.110137 0.109988 0.109539 0.108796 0.107762 0.106447 0.10486 0.103012 0.100918 0.0985935 0.0960544 0.0933193 0.0904075 0.0873393 0.0841355 0.0808177 0.0774074 0.0739264 0.0703962 0.0668378 0.0632718 0.059718 0.0561949 0.0527204 0.0493108 0.0459812 0.0427452 0.0396149 0.036601 0.0337125 0.0309569 0.0283404 0.0258674 0.0235412 0.0213638 0.0193359 0.0174575 0.0157272 0.0141433 0.0127032 0.011404 0.0102423 0.00921475 0.00831771 0.00754779 0.00690175 0.00637669 0.00597007 0.00567988 0.0055049 
0.00608572 0.0061447 0.00633009 0.00664325 0.00708584 0.00766013 0.00836888 0.00921532 0.010203 0.0113355 0.0126169 0.0140507 0.0156406 0.0173896 0.0193005 0.021375 0.0236144 0.0260185 0.0285864 0.0313156 0.0342023 0.0372413 0.0404256 0.0437468 0.0471947 0.0507574 0.0544215 0.0581716 0.0619912 0.0658622 0.0697651 0.0736792 0.0775829 0.0814539 0.0852689 0.0890046 0.0926372 0.0961433 0.0994997 0.102683 0.105673 0.108447 0.110986 0.113272 0.115288 0.11702 0.118455 0.119582 0.120393 0.120882 0.121045 0.120881 0.120392 0.119581 0.118453 0.117019 0.115287 0.113272 0.110987 0.10845 0.105678 0.102691 0.0995102 0.0961575 0.0926554 0.0890273 0.0852966 0.0814868 0.0776215 0.0737236 0.0698154 0.0659186 0.0620536 0.0582399 0.0544954 0.0508368 0.0472791 0.0438358 0.0405186 0.0373377 0.0343014 0.0314167 0.0286887 0.0261213 0.0237168 0.0214762 0.0193996 0.0174858 0.0157331 0.0141387 0.0126997 0.0114125 0.0102734 0.00927871 0.00842471 0.00770797 0.00712534 0.00667413 0.00635215 0.0061581 
0.00680542 0.00687125 0.00707745 0.00742548 0.00791713 0.00855485 0.00934161 0.0102809 0.0113764 0.0126321 0.0140522 0.0156406 0.0174009 0.0193366 0.0214501 0.0237435 0.0262177 0.0288725 0.0317065 0.0347168 0.037899 0.0412471 0.0447534 0.0484082 0.0522002 0.0561162 0.0601413 0.0642587 0.0684501 0.0726955 0.0769737 0.0812619 0.0855367 0.0897734 0.093947 0.0980319 0.102002 0.105833 0.109499 0.112975 0.116237 0.119264 0.122033 0.124526 0.126723 0.128611 0.130174 0.131402 0.132285 0.132817 0.132994 0.132815 0.132281 0.131397 0.130168 0.128603 0.126715 0.124517 0.122025 0.119256 0.116231 0.11297 0.109497 0.105835 0.102008 0.0980416 0.0939616 0.0897933 0.0855624 0.0812938 0.0770119 0.0727403 0.0685015 0.0643167 0.0602058 0.0561869 0.0522768 0.0484902 0.0448404 0.0413385 0.037994 0.0348146 0.0318064 0.0289736 0.0263191 0.0238444 0.0215494 0.0194335 0.0174946 0.0157301 0.0141367 0.0127109 0.0114487 0.0103461 0.00939923 0.00860433 0.00795808 0.00745756 0.00710044 0.00688531 
0.00760059 0.00767396 0.00790301 0.00828932 0.00883483 0.00954215 0.0104145 0.0114555 0.0126693 0.01406 0.0156321 0.0173896 0.0193366 0.0214763 0.0238115 0.026344 0.0290747 0.0320031 0.0351274 0.0384442 0.0419484 0.0456331 0.0494897 0.0535073 0.0576734 0.0619733 0.0663904 0.0709063 0.0755009 0.0801521 0.0848368 0.0895301 0.0942062 0.0988385 0.1034 0.107862 0.112197 0.116378 0.120377 0.124168 0.127725 0.131024 0.134041 0.136756 0.13915 0.141204 0.142906 0.144242 0.145203 0.145781 0.145974 0.145778 0.145196 0.144233 0.142894 0.14119 0.139133 0.136738 0.134022 0.131005 0.127707 0.124151 0.120362 0.116366 0.112188 0.107857 0.1034 0.0988439 0.0942175 0.0895478 0.0848613 0.0801838 0.0755398 0.0709525 0.0664439 0.0620339 0.0577408 0.0535812 0.0495695 0.0457183 0.0420381 0.0385378 0.035224 0.0321017 0.0291745 0.0264439 0.0239105 0.0215734 0.0194309 0.0174802 0.015718 0.0141404 0.0127433 0.0115225 0.0104738 0.00959321 0.00887718 0.00832259 0.00792693 0.00768869 
0.00847319 0.00855478 0.00880876 0.00923681 0.00984101 0.0106242 0.0115897 0.0127416 0.014084 0.0156217 0.017359 0.0193005 0.0214501 0.0238115 0.0263872 0.0291792 0.032188 0.035413 0.0388516 0.0425001 0.0463526 0.0504012 0.0546362 0.0590455 0.0636152 0.068329 0.0731686 0.0781137 0.0831421 0.0882299 0.0933514 0.0984798 0.103587 0.108644 0.11362 0.118487 0.123213 0.127769 0.132126 0.136253 0.140125 0.143714 0.146997 0.149949 0.152552 0.154785 0.156635 0.158086 0.15913 0.159758 0.159966 0.159753 0.15912 0.158072 0.156616 0.154763 0.152526 0.149921 0.146967 0.143683 0.140093 0.136222 0.132096 0.127742 0.123189 0.118466 0.113604 0.108633 0.103582 0.0984818 0.0933606 0.0882467 0.0831668 0.0781465 0.0732095 0.068378 0.063672 0.0591098 0.0547075 0.0504789 0.0464359 0.0425884 0.0389439 0.0355082 0.0322853 0.0292774 0.0264853 0.0239084 0.0215448 0.0193918 0.017446 0.0157034 0.0141596 0.0128101 0.0116506 0.0106767 0.0098847 0.00927123 0.00883359 0.0085702 
0.00942485 0.00951539 0.00979638 0.0102696 0.0109374 0.0118027 0.0128691 0.0141408 0.0156225 0.017319 0.0192349 0.021375 0.0237435 0.026344 0.0291792 0.0322508 0.0355592 0.0391033 0.0428803 0.0468854 0.0511121 0.0555515 0.0601925 0.0650219 0.0700241 0.0751811 0.0804729 0.085877 0.0913692 0.0969232 0.102511 0.108104 0.11367 0.119179 0.124599 0.129896 0.135038 0.139992 0.144728 0.149214 0.153419 0.157317 0.160881 0.164085 0.166909 0.169332 0.171338 0.172912 0.174043 0.174724 0.174949 0.174717 0.17403 0.172893 0.171313 0.169302 0.166874 0.164047 0.160839 0.157273 0.153374 0.149167 0.144682 0.139948 0.134996 0.129857 0.124565 0.119151 0.113648 0.108088 0.102503 0.0969235 0.0913781 0.0858948 0.0804997 0.075217 0.0700688 0.0650752 0.0602539 0.0556203 0.0511878 0.0469671 0.0429671 0.0391942 0.0356531 0.0323466 0.0292757 0.02644 0.0238379 0.0214666 0.0193226 0.0174017 0.0156993 0.0142108 0.0129313 0.0118566 0.0109823 0.0103051 0.00982209 0.00953148 
0.0104569 0.0105571 0.0108672 0.0113891 0.0121253 0.013079 0.0142539 0.0156547 0.017286 0.0191531 0.021261 0.0236144 0.0262177 0.0290747 0.032188 0.0355592 0.0391884 0.043074 0.0472127 0.051599 0.0562253 0.0610817 0.0661559 0.071433 0.0768958 0.0825246 0.0882972 0.0941891 0.100174 0.106223 0.112305 0.11839 0.124443 0.130431 0.136319 0.142071 0.147652 0.153028 0.158164 0.163027 0.167585 0.171808 0.175668 0.179138 0.182195 0.184817 0.186987 0.18869 0.189914 0.19065 0.190893 0.190642 0.189898 0.188666 0.186956 0.184779 0.18215 0.179088 0.175613 0.17175 0.167524 0.162964 0.158101 0.152965 0.147592 0.142013 0.136265 0.130383 0.124402 0.118355 0.112279 0.106205 0.100165 0.0941902 0.0883081 0.0825456 0.0769267 0.0714736 0.0662058 0.0611404 0.056292 0.0516729 0.0472929 0.0431595 0.0392779 0.0356516 0.0322821 0.0291691 0.0263112 0.0237056 0.0213488 0.0192364 0.0173637 0.0157256 0.0143173 0.013134 0.0121714 0.0114256 0.0108937 0.0105738 
0.0115701 0.0116807 0.012022 0.0125961 0.0134056 0.0144538 0.0157449 0.0172836 0.019075 0.0211245 0.0234373 0.0260185 0.0288725 0.0320031 0.035413 0.0391033 0.043074 0.047323 0.0518463 0.0566376 0.0616883 0.0669873 0.0725207 0.0782722 0.0842228 0.0903508 0.0966318 0.103039 0.109544 0.116115 0.122719 0.129322 0.135888 0.14238 0.148759 0.15499 0.161032 0.16685 0.172406 0.177665 0.182592 0.187156 0.191326 0.195074 0.198374 0.201206 0.203548 0.205385 0.206706 0.207499 0.207761 0.207489 0.206686 0.205356 0.203509 0.201158 0.198319 0.195012 0.191258 0.187083 0.182515 0.177585 0.172325 0.166769 0.160952 0.154912 0.148685 0.142311 0.135825 0.129267 0.122672 0.116077 0.109516 0.103022 0.0966253 0.0903552 0.0842383 0.0782986 0.0725576 0.0670342 0.0617447 0.0567025 0.0519187 0.0474019 0.0431581 0.0391913 0.0355036 0.0320951 0.0289643 0.0261088 0.0235248 0.0212079 0.0191531 0.0173553 0.0158092 0.0145098 0.0134525 0.0126334 0.0120492 0.011698 
0.0127648 0.0128864 0.013261 0.0138907 0.0147782 0.0159272 0.017342 0.0190275 0.0209892 0.0232326 0.0257633 0.0285864 0.0317065 0.0351274 0.0388516 0.0428803 0.0472127 0.0518463 0.0567764 0.0619958 0.0674947 0.0732607 0.0792785 0.08553 0.0919943 0.0986476 0.105463 0.112412 0.119463 0.126582 0.133733 0.140879 0.147981 0.155 0.161894 0.168624 0.175149 0.181427 0.187422 0.193093 0.198405 0.203324 0.207816 0.211853 0.215407 0.218455 0.220976 0.222954 0.224374 0.225228 0.225509 0.225216 0.224351 0.222919 0.22093 0.218399 0.215341 0.211778 0.207734 0.203235 0.198311 0.192995 0.187321 0.181326 0.175047 0.168525 0.161798 0.154909 0.147896 0.140802 0.133664 0.126523 0.119414 0.112375 0.105437 0.0986338 0.0919928 0.0855406 0.0793009 0.0732945 0.0675392 0.0620502 0.0568397 0.0519173 0.0472902 0.0429629 0.038938 0.035216 0.0317959 0.028675 0.0258498 0.0233155 0.0210673 0.0190995 0.0174068 0.0159839 0.0148259 0.0139288 0.0132889 0.0129044 
0.0140407 0.0141741 0.0145839 0.0152726 0.0162428 0.0174985 0.0190442 0.0208852 0.0230271 0.0254757 0.0282367 0.0313156 0.0347168 0.0384442 0.0425001 0.0468854 0.051599 0.0566376 0.0619958 0.0676653 0.0736352 0.0798916 0.0864176 0.0931933 0.100196 0.107399 0.114774 0.122289 0.12991 0.137601 0.145322 0.153034 0.160695 0.168261 0.175691 0.18294 0.189965 0.196722 0.20317 0.209269 0.21498 0.220266 0.225092 0.229428 0.233244 0.236517 0.239223 0.241345 0.242869 0.243784 0.244086 0.24377 0.242841 0.241304 0.239169 0.23645 0.233167 0.22934 0.224995 0.22016 0.214868 0.209152 0.203049 0.196599 0.189841 0.182818 0.175572 0.168146 0.160586 0.152932 0.145229 0.137518 0.129839 0.12223 0.114727 0.107365 0.100175 0.0931864 0.0864238 0.0799106 0.0736663 0.0677077 0.0620485 0.0566995 0.0516687 0.0469615 0.0425811 0.0385286 0.0348029 0.0314018 0.0283216 0.0255577 0.0231047 0.0209571 0.0191093 0.0175556 0.016291 0.0153112 0.0146124 0.0141926 
0.0153968 0.0155426 0.0159897 0.0167405 0.017798 0.0191663 0.02085 0.0228548 0.0251865 0.0278511 0.0308545 0.0342023 0.037899 0.0419484 0.0463526 0.0511121 0.0562253 0.0616883 0.0674947 0.0736352 0.0800975 0.0868662 0.0939228 0.101245 0.108809 0.116584 0.124541 0.132645 0.140859 0.149143 0.157456 0.165754 0.173993 0.182128 0.190111 0.197896 0.205437 0.212689 0.219606 0.226145 0.232267 0.23793 0.243101 0.247744 0.25183 0.255333 0.258229 0.260499 0.26213 0.263109 0.263431 0.263093 0.262098 0.260452 0.258167 0.255256 0.25174 0.247642 0.242988 0.237808 0.232136 0.226008 0.219464 0.212543 0.205291 0.19775 0.189967 0.181988 0.173859 0.165628 0.157338 0.149036 0.140763 0.132562 0.124472 0.116529 0.108768 0.101219 0.0939113 0.0868689 0.0801137 0.0736642 0.0675355 0.0617397 0.0562859 0.0511805 0.0464272 0.0420275 0.037981 0.0342854 0.030937 0.0279314 0.025263 0.0229261 0.0209148 0.0192234 0.0178465 0.0167795 0.0160186 0.0155616 
0.0168313 0.0169902 0.0174764 0.0182925 0.0194416 0.020928 0.0227566 0.0249331 0.0274638 0.0303547 0.033612 0.0372413 0.0412471 0.0456331 0.0504012 0.0555515 0.0610817 0.0669873 0.0732607 0.0798916 0.0868662 0.0941676 0.101775 0.109665 0.117811 0.12618 0.134739 0.143452 0.152278 0.161175 0.170099 0.179002 0.187838 0.196557 0.205109 0.213446 0.221518 0.229276 0.236674 0.243665 0.250207 0.256258 0.26178 0.266738 0.2711 0.274838 0.277929 0.280351 0.28209 0.283134 0.283477 0.283116 0.282054 0.280298 0.277858 0.274752 0.270999 0.266622 0.261652 0.256118 0.250058 0.243508 0.23651 0.229108 0.221347 0.213275 0.20494 0.196391 0.187677 0.178849 0.169955 0.161042 0.152157 0.143344 0.134646 0.126102 0.117748 0.109619 0.101744 0.0941524 0.0868661 0.0799058 0.0732882 0.0670269 0.0611321 0.055611 0.0504683 0.045706 0.041324 0.0373203 0.0336914 0.0304327 0.0275387 0.0250034 0.0228208 0.0209848 0.0194901 0.0183317 0.0175056 0.0170096 
0.0183416 0.0185142 0.0190414 0.0199257 0.0211706 0.0227803 0.0247601 0.027116 0.0298542 0.0329812 0.0365031 0.0404256 0.0447534 0.0494897 0.0546362 0.0601925 0.0661559 0.0725207 0.0792785 0.0864176 0.0939228 0.101775 0.109953 0.118429 0.127175 0.136156 0.145337 0.154677 0.164133 0.17366 0.183211 0.192735 0.202182 0.211499 0.220635 0.229536 0.23815 0.246426 0.254315 0.261767 0.268738 0.275183 0.281063 0.286342 0.290984 0.294962 0.29825 0.300826 0.302676 0.303786 0.30415 0.303766 0.302636 0.300767 0.298171 0.294865 0.29087 0.286212 0.280919 0.275026 0.268569 0.261588 0.254128 0.246234 0.237954 0.229339 0.220439 0.211306 0.201994 0.192554 0.183039 0.1735 0.163985 0.154543 0.145218 0.136053 0.127089 0.11836 0.109901 0.101741 0.0939048 0.0864155 0.0792914 0.0725472 0.0661947 0.0602421 0.0546947 0.0495553 0.0448242 0.0404998 0.0365786 0.0330561 0.0299268 0.0271846 0.0248232 0.0228365 0.0212187 0.0199649 0.0190708 0.0185341 
0.0199245 0.0201114 0.0206811 0.0216364 0.0229808 0.0247188 0.0268558 0.0293979 0.0323517 0.0357237 0.0395202 0.0437468 0.0484082 0.0535073 0.0590455 0.0650219 0.071433 0.0782722 0.08553 0.0931933 0.101245 0.109665 0.118429 0.127509 0.136871 0.146481 0.156298 0.166281 0.176382 0.186554 0.196745 0.206903 0.216974 0.226901 0.236631 0.246106 0.255272 0.264074 0.272461 0.280381 0.287787 0.294632 0.300875 0.306477 0.311404 0.315624 0.319111 0.321844 0.323805 0.324982 0.325368 0.32496 0.323761 0.321778 0.319025 0.315517 0.311278 0.306334 0.300715 0.294457 0.287598 0.280181 0.272252 0.263858 0.255051 0.245883 0.236408 0.226681 0.216758 0.206694 0.196545 0.186365 0.176206 0.166119 0.156152 0.146352 0.13676 0.127416 0.118355 0.10961 0.101208 0.0931736 0.0855269 0.0782844 0.0714591 0.0650603 0.0590943 0.0535646 0.048472 0.0438152 0.039591 0.035795 0.0324215 0.0294645 0.0269174 0.024774 0.0230284 0.0216754 0.0207106 0.0201316 
0.0215756 0.0217773 0.0223911 0.02342 0.0248674 0.0267381 0.0290377 0.0317724 0.034949 0.0385742 0.0426542 0.0471947 0.0522002 0.0576734 0.0636152 0.0700241 0.0768958 0.0842228 0.0919943 0.100196 0.108809 0.117811 0.127175 0.136871 0.146864 0.157116 0.167583 0.178221 0.188979 0.199807 0.210651 0.221453 0.232156 0.242703 0.253034 0.263091 0.272815 0.28215 0.29104 0.299432 0.307277 0.314525 0.321134 0.327063 0.332276 0.33674 0.340428 0.343317 0.345391 0.346635 0.347043 0.346611 0.345343 0.343246 0.340333 0.336623 0.332138 0.326905 0.320958 0.314332 0.307069 0.299212 0.290809 0.28191 0.272569 0.262841 0.252784 0.242454 0.231912 0.221214 0.210421 0.199589 0.188774 0.17803 0.167409 0.15696 0.146727 0.136754 0.127077 0.117733 0.108751 0.100157 0.0919739 0.0842194 0.0769079 0.0700501 0.0636532 0.0577214 0.0522561 0.0472565 0.0427196 0.038641 0.0350153 0.0318363 0.0290973 0.0267919 0.0249141 0.0234584 0.0224204 0.0217977 
0.0232897 0.0235067 0.024166 0.0252706 0.0268242 0.0288316 0.0312986 0.0342316 0.0376375 0.041523 0.0458945 0.0507574 0.0561162 0.0619733 0.068329 0.0751811 0.0825246 0.0903508 0.0986476 0.107399 0.116584 0.12618 0.136156 0.146481 0.157116 0.16802 0.179147 0.19045 0.201875 0.213368 0.224871 0.236325 0.247668 0.25884 0.269778 0.28042 0.290707 0.300577 0.309973 0.31884 0.327125 0.334778 0.341754 0.34801 0.353509 0.358217 0.362106 0.365153 0.367339 0.36865 0.369079 0.368624 0.367286 0.365075 0.362004 0.35809 0.353359 0.347838 0.341562 0.334568 0.326898 0.318598 0.309719 0.300313 0.290435 0.280144 0.2695 0.258562 0.247394 0.236056 0.224611 0.21312 0.20164 0.19023 0.178945 0.167836 0.156951 0.146337 0.136034 0.126079 0.116505 0.10734 0.0986087 0.0903306 0.0825216 0.0751937 0.0683552 0.062011 0.0561633 0.0508117 0.0459536 0.0415847 0.0376997 0.0342922 0.0313558 0.0288836 0.0268697 0.0253083 0.0241951 0.0235273 
0.0250607 0.0252935 0.0259994 0.0271818 0.0288442 0.0309918 0.0336303 0.0367665 0.0404071 0.0445591 0.0492287 0.0544215 0.0601413 0.0663904 0.0731686 0.0804729 0.0882972 0.0966318 0.105463 0.114774 0.124541 0.134739 0.145337 0.156298 0.167583 0.179147 0.190943 0.202917 0.215015 0.227178 0.239345 0.251455 0.263441 0.275241 0.286788 0.298019 0.308868 0.319274 0.329177 0.338518 0.347243 0.3553 0.362642 0.369224 0.375008 0.37996 0.384049 0.387252 0.38955 0.390928 0.391379 0.3909 0.389494 0.387169 0.383939 0.379823 0.374847 0.369039 0.362434 0.355073 0.346997 0.338256 0.328901 0.318987 0.308572 0.297716 0.286483 0.274935 0.263138 0.251156 0.239055 0.226899 0.214749 0.202667 0.19071 0.178934 0.167391 0.156128 0.145189 0.134614 0.124439 0.114694 0.105405 0.0965938 0.0882781 0.080471 0.073182 0.0664169 0.0601787 0.0544674 0.0492809 0.044615 0.0404646 0.0368233 0.0336846 0.0310416 0.0288882 0.0272186 0.0260281 0.0253141 
0.0268817 0.0271306 0.0278842 0.0291459 0.0309194 0.03321 0.0360235 0.0393667 0.0432466 0.0476701 0.0526433 0.0581716 0.0642587 0.0709063 0.0781137 0.085877 0.0941891 0.103039 0.112412 0.122289 0.132645 0.143452 0.154677 0.166281 0.178221 0.19045 0.202917 0.215567 0.22834 0.241176 0.254009 0.266775 0.279406 0.291833 0.303989 0.315805 0.327216 0.338157 0.348563 0.358376 0.367538 0.375996 0.383701 0.390607 0.396674 0.401867 0.406155 0.409513 0.411921 0.413366 0.413838 0.413336 0.411861 0.409424 0.406037 0.401722 0.396502 0.390409 0.383479 0.375752 0.367274 0.358094 0.348265 0.337846 0.326895 0.315477 0.303655 0.291498 0.279073 0.266447 0.253689 0.240866 0.228043 0.215286 0.202654 0.190207 0.178 0.166082 0.154502 0.143302 0.132519 0.122187 0.112333 0.102982 0.0941529 0.0858597 0.0781133 0.0709208 0.0642856 0.0582085 0.0526877 0.0477196 0.0432988 0.0394193 0.0360744 0.0332573 0.0309616 0.0291815 0.0279123 0.0271512 
0.0287448 0.0290101 0.0298121 0.0311544 0.0330408 0.0354765 0.0384676 0.042021 0.0461435 0.0508422 0.0561231 0.0619912 0.0684501 0.0755009 0.0831421 0.0913692 0.100174 0.109544 0.119463 0.12991 0.140859 0.152278 0.164133 0.176382 0.188979 0.201875 0.215015 0.22834 0.241789 0.255296 0.268794 0.282214 0.295486 0.308538 0.321298 0.333697 0.345665 0.357135 0.36804 0.37832 0.387915 0.396769 0.404832 0.412058 0.418404 0.423835 0.428318 0.431829 0.434346 0.435856 0.436349 0.435824 0.434283 0.431734 0.428193 0.423681 0.418222 0.411848 0.404597 0.396509 0.387633 0.378018 0.367721 0.356801 0.34532 0.333343 0.320938 0.308175 0.295124 0.281856 0.268443 0.254955 0.241461 0.228028 0.214722 0.201602 0.188729 0.176155 0.163931 0.152102 0.140708 0.129785 0.119363 0.109467 0.10012 0.0913356 0.0831272 0.0755025 0.0684657 0.0620184 0.0561591 0.0508846 0.0461899 0.0420688 0.0385147 0.0355209 0.0330808 0.0311886 0.0298395 0.0290306 
0.0306413 0.0309231 0.0317741 0.0331979 0.0351983 0.0377807 0.0409512 0.0447167 0.0490841 0.0540604 0.0596515 0.0658622 0.0726955 0.0801521 0.0882299 0.0969232 0.106223 0.116115 0.126582 0.137601 0.149143 0.161175 0.17366 0.186554 0.199807 0.213368 0.227178 0.241176 0.255296 0.26947 0.283628 0.297698 0.311604 0.325274 0.338633 0.351607 0.364125 0.376116 0.387514 0.398253 0.408273 0.417518 0.425933 0.433472 0.440093 0.445756 0.450431 0.454091 0.456716 0.458289 0.458804 0.458256 0.456649 0.453992 0.4503 0.445594 0.4399 0.433251 0.425684 0.417243 0.407975 0.397933 0.387175 0.375761 0.363756 0.351227 0.338246 0.324883 0.311213 0.29731 0.283247 0.269099 0.254937 0.240833 0.226854 0.213065 0.199527 0.186298 0.173431 0.160973 0.148967 0.137452 0.12646 0.116018 0.10615 0.0968727 0.0881998 0.0801401 0.0726992 0.0658789 0.0596786 0.0540952 0.0491241 0.0447593 0.0409941 0.0378219 0.0352359 0.0332305 0.0318006 0.0309435 
0.0325617 0.0328602 0.0337604 0.0352661 0.0373812 0.040111 0.0434617 0.0474403 0.0520537 0.0573086 0.0632109 0.0697651 0.0769737 0.0848368 0.0933514 0.102511 0.112305 0.122719 0.133733 0.145322 0.157456 0.170099 0.183211 0.196745 0.210651 0.224871 0.239345 0.254009 0.268794 0.283628 0.298438 0.313148 0.327681 0.341959 0.355906 0.369446 0.382504 0.395008 0.406888 0.418077 0.428514 0.438139 0.446899 0.454744 0.461632 0.467523 0.472385 0.476191 0.47892 0.480556 0.481091 0.480521 0.47885 0.476088 0.472248 0.467353 0.46143 0.454512 0.446637 0.43785 0.428199 0.417739 0.406529 0.394631 0.382113 0.369043 0.355494 0.341542 0.327262 0.312731 0.298027 0.283227 0.268405 0.253636 0.238991 0.224537 0.210341 0.196461 0.182953 0.169869 0.157254 0.145149 0.133588 0.122601 0.112213 0.102443 0.0933055 0.0848106 0.0769648 0.0697708 0.0632285 0.0573353 0.0520868 0.0474773 0.0435001 0.0401486 0.0374162 0.035297 0.0337859 0.0328804 
0.0344956 0.0348108 0.0357604 0.0373481 0.0395778 0.042455 0.0459859 0.0501774 0.0550364 0.0605696 0.0667824 0.0736792 0.0812619 0.0895301 0.0984798 0.108104 0.11839 0.129322 0.140879 0.153034 0.165754 0.179002 0.192735 0.206903 0.221453 0.236325 0.251455 0.266775 0.282214 0.297698 0.313148 0.328486 0.343633 0.358508 0.373031 0.387124 0.40071 0.413714 0.426064 0.437692 0.448534 0.45853 0.467625 0.475768 0.482915 0.489027 0.494071 0.498018 0.500848 0.502544 0.503099 0.502508 0.500776 0.49791 0.493928 0.48885 0.482705 0.475526 0.467352 0.458228 0.448205 0.437338 0.425687 0.413317 0.400297 0.386698 0.372595 0.358065 0.343187 0.328042 0.312708 0.297266 0.281795 0.266371 0.251069 0.235961 0.221113 0.20659 0.192449 0.178746 0.165527 0.152836 0.140711 0.129183 0.118278 0.108018 0.0984176 0.0894892 0.08124 0.0736735 0.0667901 0.0605877 0.0550623 0.0502084 0.0460194 0.0424888 0.0396099 0.0373769 0.0357848 0.0348307 
0.0364323 0.0367642 0.0377628 0.039432 0.0417758 0.0447995 0.0485096 0.0529127 0.0580157 0.0638251 0.0703463 0.0775829 0.0855367 0.0942062 0.103587 0.11367 0.124443 0.135888 0.147981 0.160695 0.173993 0.187838 0.202182 0.216974 0.232156 0.247668 0.263441 0.279406 0.295486 0.311604 0.327681 0.343633 0.359379 0.374835 0.38992 0.404551 0.418649 0.432138 0.444945 0.456998 0.468233 0.478587 0.488006 0.496437 0.503835 0.51016 0.515379 0.519462 0.522389 0.524145 0.524718 0.524107 0.522315 0.519351 0.515231 0.509977 0.503617 0.496186 0.487722 0.478273 0.46789 0.456629 0.444551 0.431724 0.418216 0.404102 0.38946 0.374368 0.358907 0.343161 0.327213 0.311144 0.295037 0.278972 0.263027 0.247275 0.231788 0.216631 0.201868 0.187554 0.173741 0.160473 0.14779 0.135727 0.124312 0.113566 0.103508 0.0941504 0.0855014 0.0775654 0.0703436 0.0638344 0.0580341 0.0529373 0.048538 0.0448293 0.0418049 0.0394588 0.037786 0.0367837 
0.0383603 0.0387086 0.0397559 0.0415057 0.0439622 0.0471309 0.051018 0.0556302 0.0609743 0.0670565 0.0738819 0.0814539 0.0897734 0.0988385 0.108644 0.119179 0.130431 0.14238 0.155 0.168261 0.182128 0.196557 0.211499 0.226901 0.242703 0.25884 0.275241 0.291833 0.308538 0.325274 0.341959 0.358508 0.374835 0.390855 0.406483 0.421634 0.436229 0.450187 0.463433 0.475897 0.487509 0.498209 0.507939 0.516647 0.524285 0.530815 0.536202 0.540416 0.543437 0.545248 0.54584 0.54521 0.543361 0.540302 0.53605 0.530627 0.524061 0.516387 0.507646 0.497885 0.487154 0.475513 0.463024 0.449755 0.435777 0.421166 0.406001 0.390364 0.374339 0.35801 0.341464 0.324786 0.30806 0.291371 0.274797 0.258417 0.242306 0.226531 0.211158 0.196246 0.181849 0.168015 0.154786 0.142197 0.130279 0.119057 0.108548 0.0987674 0.0897244 0.0814242 0.0738686 0.0670566 0.0609848 0.0556483 0.051041 0.0471564 0.0439881 0.0415302 0.0397777 0.0387278 
0.0402676 0.0406322 0.0417272 0.0435563 0.0461237 0.0494348 0.0534958 0.0583134 0.0638942 0.0702442 0.0773681 0.0852689 0.093947 0.1034 0.11362 0.124599 0.136319 0.148759 0.161894 0.175691 0.190111 0.205109 0.220635 0.236631 0.253034 0.269778 0.286788 0.303989 0.321298 0.338633 0.355906 0.373031 0.38992 0.406483 0.422634 0.438286 0.453357 0.467765 0.481434 0.49429 0.506265 0.517295 0.527323 0.536294 0.544163 0.550889 0.556435 0.560775 0.563885 0.565749 0.566359 0.56571 0.563807 0.560658 0.55628 0.550696 0.543933 0.536028 0.527022 0.516961 0.505899 0.493894 0.481011 0.467317 0.452887 0.437799 0.422131 0.40597 0.3894 0.372509 0.355386 0.338118 0.320794 0.303499 0.286316 0.269327 0.252609 0.236232 0.220266 0.204772 0.189807 0.175421 0.161657 0.148555 0.136147 0.124457 0.113508 0.103313 0.0938843 0.085227 0.0773441 0.070235 0.0638968 0.0583249 0.0535134 0.049456 0.0461463 0.0435785 0.0417476 0.0406509 
0.0421421 0.0425226 0.0436642 0.0455708 0.0482465 0.0516967 0.0559275 0.0609455 0.0667572 0.0733683 0.0807833 0.0890046 0.0980319 0.107862 0.118487 0.129896 0.142071 0.15499 0.168624 0.18294 0.197896 0.213446 0.229536 0.246106 0.263091 0.28042 0.298019 0.315805 0.333697 0.351607 0.369446 0.387124 0.404551 0.421634 0.438286 0.454418 0.469943 0.484781 0.498853 0.512083 0.524403 0.535748 0.546058 0.555281 0.563368 0.570279 0.575978 0.580435 0.58363 0.585545 0.586172 0.585506 0.583551 0.580316 0.575819 0.570082 0.563133 0.555009 0.54575 0.535405 0.524027 0.511676 0.498417 0.48432 0.469458 0.453913 0.437765 0.421101 0.404009 0.386579 0.368901 0.351067 0.333167 0.315289 0.29752 0.279943 0.262638 0.245681 0.229141 0.213084 0.197568 0.182646 0.168365 0.154764 0.141879 0.129736 0.118358 0.10776 0.0979554 0.0889504 0.0807485 0.0733498 0.0667518 0.0609502 0.0559394 0.0517134 0.0482657 0.0455906 0.0436832 0.0425407 
0.0439712 0.0443671 0.0455541 0.0475358 0.0503166 0.0539017 0.0582971 0.0635095 0.0695449 0.076409 0.0841058 0.0926372 0.102002 0.112197 0.123213 0.135038 0.147652 0.161032 0.175149 0.189965 0.205437 0.221518 0.23815 0.255272 0.272815 0.290707 0.308868 0.327216 0.345665 0.364125 0.382504 0.40071 0.418649 0.436229 0.453357 0.469943 0.485902 0.501147 0.5156 0.529185 0.541831 0.553473 0.564051 0.57351 0.581804 0.588889 0.594731 0.599301 0.602575 0.604538 0.60518 0.604498 0.602494 0.59918 0.594571 0.588689 0.581565 0.573233 0.563737 0.553123 0.541447 0.528769 0.515153 0.500673 0.485402 0.469423 0.452818 0.435676 0.418087 0.400143 0.381937 0.363561 0.34511 0.326674 0.308343 0.290203 0.272336 0.254821 0.23773 0.221131 0.205085 0.189647 0.174867 0.160786 0.147441 0.13486 0.123067 0.112081 0.101912 0.0925709 0.0840602 0.076381 0.0695314 0.0635073 0.0583034 0.0539138 0.0503323 0.0475532 0.0455715 0.0443848 
0.0457425 0.0461533 0.0473839 0.049438 0.0523199 0.0560349 0.0605888 0.0659881 0.0722388 0.0793462 0.0873139 0.0961433 0.105833 0.116378 0.127769 0.139992 0.153028 0.16685 0.181427 0.196722 0.212689 0.229276 0.246426 0.264074 0.28215 0.300577 0.319274 0.338157 0.357135 0.376116 0.395008 0.413714 0.432138 0.450187 0.467765 0.484781 0.501147 0.516777 0.531589 0.545508 0.558461 0.570381 0.58121 0.590891 0.599378 0.606627 0.612603 0.617277 0.620626 0.622634 0.62329 0.622593 0.620544 0.617155 0.612441 0.606424 0.599136 0.59061 0.580891 0.570025 0.558069 0.545082 0.531132 0.516291 0.500635 0.484246 0.467211 0.449617 0.431558 0.413127 0.394419 0.375531 0.356556 0.337591 0.318725 0.300049 0.281646 0.263599 0.245982 0.228865 0.212313 0.196383 0.181125 0.166584 0.152798 0.139797 0.127607 0.116247 0.10573 0.0960651 0.0872577 0.0793089 0.0722173 0.0659792 0.0605895 0.0560425 0.0523322 0.0494529 0.0473998 0.0461704 
0.0474435 0.0478685 0.0491407 0.0512641 0.0542426 0.0580815 0.0627867 0.0683645 0.0748207 0.0821601 0.0903861 0.0994997 0.109499 0.120377 0.132126 0.144728 0.158164 0.172406 0.187422 0.20317 0.219606 0.236674 0.254315 0.272461 0.29104 0.309973 0.329177 0.348563 0.36804 0.387514 0.406888 0.426064 0.444945 0.463433 0.481434 0.498853 0.5156 0.531589 0.546738 0.560967 0.574206 0.586387 0.597449 0.607338 0.616004 0.623405 0.629506 0.634277 0.637695 0.639744 0.640415 0.639703 0.637613 0.634154 0.629342 0.623201 0.615759 0.607053 0.597126 0.586026 0.573808 0.560535 0.546272 0.531094 0.515077 0.498305 0.480865 0.462848 0.444347 0.425459 0.406279 0.386908 0.367441 0.347975 0.328605 0.309422 0.290513 0.271962 0.253847 0.23624 0.219208 0.20281 0.187099 0.172121 0.157916 0.144516 0.131948 0.120232 0.109382 0.0994097 0.0903196 0.0821138 0.0747913 0.0683489 0.0627819 0.0580847 0.0542514 0.0512765 0.0491552 0.047885 
0.0490618 0.0495003 0.050812 0.0530008 0.0560708 0.0600271 0.0648755 0.0706221 0.0772725 0.0848313 0.0933015 0.102683 0.112975 0.124168 0.136253 0.149214 0.163027 0.177665 0.193093 0.209269 0.226145 0.243665 0.261767 0.280381 0.299432 0.31884 0.338518 0.358376 0.37832 0.398253 0.418077 0.437692 0.456998 0.475897 0.49429 0.512083 0.529185 0.545508 0.560967 0.575485 0.588989 0.601411 0.612689 0.622768 0.6316 0.639142 0.645358 0.650218 0.6537 0.655788 0.656471 0.655747 0.653618 0.650094 0.645193 0.638936 0.631353 0.622481 0.612362 0.601045 0.588586 0.575047 0.560495 0.545003 0.528652 0.511524 0.493709 0.475297 0.456385 0.43707 0.417451 0.397628 0.3777 0.357767 0.337925 0.318267 0.298884 0.27986 0.261278 0.243211 0.225727 0.208889 0.192751 0.177361 0.162762 0.148985 0.13606 0.124009 0.112846 0.102582 0.093225 0.0847762 0.0772355 0.0706 0.0648653 0.0600259 0.0560763 0.0530108 0.0508249 0.0495162 
0.0505855 0.0510366 0.0523854 0.0546356 0.0577912 0.0618575 0.06684 0.0727447 0.0795769 0.0873411 0.0960398 0.105673 0.116237 0.127725 0.140125 0.153419 0.167585 0.182592 0.198405 0.21498 0.232267 0.250207 0.268738 0.287787 0.307277 0.327125 0.347243 0.367538 0.387915 0.408273 0.428514 0.448534 0.468233 0.487509 0.506265 0.524403 0.541831 0.558461 0.574206 0.588989 0.602735 0.615377 0.626853 0.637108 0.646091 0.653762 0.660083 0.665025 0.668565 0.670688 0.671383 0.670647 0.668483 0.664901 0.659917 0.653555 0.645844 0.636819 0.626525 0.615009 0.602329 0.588545 0.573727 0.557949 0.54129 0.523834 0.505673 0.486898 0.467606 0.447897 0.427871 0.407631 0.387277 0.366911 0.34663 0.326532 0.306708 0.287246 0.268228 0.249732 0.231829 0.21458 0.198045 0.182272 0.167303 0.153176 0.139918 0.127553 0.116096 0.105561 0.0959538 0.0872777 0.0795328 0.0727164 0.0668247 0.0618522 0.0577935 0.0546433 0.0523969 0.051052 
