0.000627666 0.000636987 0.00066882 0.000723777 0.000802753 0.000906994 0.00103808 0.00119788 0.00138857 0.00161256 0.00187247 0.00217106 0.00251124 0.00289594 0.00332808 0.00381051 0.00434594 0.0049368 0.00558527 0.00629309 0.00706155 0.00789139 0.00878273 0.00973498 0.0107468 0.0118161 0.0129399 0.0141142 0.0153345 0.0165951 0.0178896 0.0192106 0.0205501 0.0218994 0.0232491 0.0245893 0.0259098 0.0272001 0.0284495 0.0296473 0.0307829 0.0318463 0.0328275 0.0337175 0.0345077 0.0351905 0.0357593 0.0362084 0.0365334 0.0367311 0.0367995 0.0367379 0.0365471 0.0362288 0.0357864 0.0352243 0.0345479 0.033764 0.0328802 0.0319048 0.0308471 0.0297168 0.0285241 0.0272794 0.0259935 0.0246769 0.0233401 0.0219934 0.0206466 0.0193091 0.0179896 0.0166961 0.015436 0.0142156 0.0130405 0.0119156 0.0108447 0.00983072 0.00887592 0.00798162 0.00714845 0.00637634 0.0056646 0.00501197 0.00441676 0.00387684 0.00338981 0.00295302 0.00256364 0.0022188 0.00191556 0.00165108 0.00142258 0.00122747 0.00106333 0.000928011 0.000819617 0.000736569 0.000677608 0.000641889 
0.000636987 0.000646459 0.000678785 0.00073458 0.000814755 0.000920574 0.00105363 0.00121584 0.0014094 0.00163674 0.00190052 0.00220355 0.00254877 0.00293914 0.00337764 0.00386713 0.00441036 0.0050098 0.00566762 0.00638561 0.00716505 0.00800668 0.00891061 0.00987624 0.0109022 0.0119863 0.0131256 0.0143161 0.0155531 0.0168308 0.0181427 0.0194814 0.0208387 0.0222059 0.0235733 0.0249312 0.0262689 0.0275759 0.0288414 0.0300545 0.0312047 0.0322816 0.0332753 0.0341765 0.0349766 0.035668 0.0362439 0.0366986 0.0370276 0.0372277 0.0372969 0.0372345 0.0370412 0.0367189 0.0362709 0.0357016 0.0350167 0.0342229 0.0333278 0.03234 0.0312687 0.0301239 0.0289158 0.0276551 0.0263524 0.0250186 0.0236643 0.0222999 0.0209353 0.0195799 0.0182428 0.0169319 0.0156546 0.0144176 0.0132265 0.0120861 0.0110004 0.0099723 0.00900414 0.00809728 0.00725234 0.00646926 0.00574736 0.00508538 0.00448159 0.00393387 0.00343977 0.00299661 0.00260154 0.00225163 0.00194394 0.00167555 0.00144368 0.00124567 0.0010791 0.000941768 0.000831765 0.000747484 0.00068765 0.000651406 
0.00066882 0.000678785 0.000712687 0.000771171 0.000855183 0.00096604 0.0011054 0.00127526 0.00147788 0.00171582 0.00199181 0.0023088 0.0026698 0.0030779 0.00353617 0.00404758 0.00461495 0.00524083 0.00592745 0.00667663 0.00748966 0.00836729 0.00930957 0.0103159 0.0113847 0.0125137 0.0136998 0.0149389 0.0162259 0.017555 0.0189192 0.0203109 0.0217216 0.0231421 0.0245625 0.0259726 0.0273615 0.0287182 0.0300315 0.0312903 0.0324835 0.0336005 0.0346309 0.0355654 0.0363949 0.0371116 0.0377084 0.0381796 0.0385205 0.0387278 0.0387993 0.0387345 0.0385339 0.0381997 0.0377351 0.0371447 0.0364344 0.0356111 0.0346828 0.0336582 0.0325468 0.031359 0.0301053 0.0287968 0.0274445 0.0260596 0.0246531 0.0232357 0.0218179 0.0204093 0.0190193 0.0176562 0.0163278 0.0150408 0.0138012 0.0126141 0.0114836 0.0104128 0.00940403 0.00845888 0.00757802 0.00676139 0.00600834 0.00531758 0.00468736 0.00411549 0.00359945 0.00313649 0.00272365 0.0023579 0.00203619 0.00175552 0.00151297 0.00130581 0.0011315 0.000987773 0.000872633 0.000784415 0.000721791 0.00068387 
0.000723777 0.00073458 0.000771171 0.000834235 0.000924782 0.00104421 0.0011943 0.00137715 0.00159519 0.00185111 0.00214784 0.00248847 0.00287621 0.00331432 0.00380604 0.00435449 0.00496263 0.00563313 0.00636831 0.00717004 0.00803964 0.00897782 0.00998459 0.0110592 0.0121999 0.0134044 0.0146691 0.0159895 0.0173604 0.0187754 0.0202271 0.0217074 0.0232073 0.0247169 0.0262259 0.0277233 0.0291976 0.0306372 0.0320303 0.0333651 0.03463 0.0358137 0.0369055 0.0378953 0.0387738 0.0395325 0.0401643 0.0406629 0.0410236 0.0412427 0.0413182 0.0412493 0.0410367 0.0406825 0.0401903 0.0395649 0.0388123 0.03794 0.0369562 0.0358702 0.0346921 0.0334326 0.0321029 0.0307146 0.0292795 0.0278093 0.0263157 0.0248099 0.0233031 0.0218056 0.0203271 0.0188767 0.0174626 0.0160919 0.0147712 0.0135057 0.0123 0.0111574 0.0100805 0.009071 0.00812969 0.00725659 0.00645105 0.00571178 0.00503696 0.00442432 0.00387121 0.00337475 0.00293183 0.00253926 0.0021938 0.00189228 0.00163162 0.0014089 0.00122145 0.00106684 0.000942967 0.000848047 0.000780673 0.000739896 
0.000802753 0.000814755 0.000855183 0.000924782 0.00102465 0.00115631 0.00132167 0.00152303 0.00176302 0.00204455 0.00237077 0.00274502 0.00317077 0.00365151 0.00419071 0.00479172 0.00545767 0.00619141 0.00699537 0.0078715 0.00882114 0.00984497 0.0109429 0.012114 0.0133563 0.0146672 0.0160427 0.0174779 0.018967 0.020503 0.022078 0.0236831 0.0253084 0.0269434 0.0285768 0.0301968 0.0317912 0.0333472 0.0348523 0.0362938 0.0376593 0.0389367 0.0401145 0.0411819 0.042129 0.0429468 0.0436275 0.0441647 0.044553 0.0447888 0.0448697 0.0447951 0.0445656 0.0441835 0.0436525 0.0429779 0.0421662 0.0412251 0.0401636 0.0389915 0.0377197 0.0363595 0.0349232 0.0334229 0.0318715 0.0302814 0.0286653 0.0270353 0.0254034 0.0237807 0.0221777 0.0206044 0.0190694 0.0175809 0.0161457 0.0147697 0.0134578 0.0122138 0.0110407 0.00994025 0.00891346 0.00796046 0.00708062 0.00627264 0.00553462 0.00486416 0.00425847 0.00371447 0.00322884 0.00279815 0.00241893 0.00208776 0.00180132 0.00155646 0.00135029 0.00118018 0.00104386 0.000939387 0.000865242 0.000820396 
0.000906994 0.000920574 0.00096604 0.00104421 0.00115631 0.00130399 0.00148939 0.00171501 0.00198375 0.00229879 0.00266361 0.00308184 0.00355728 0.00409372 0.00469493 0.00536454 0.00610592 0.00692212 0.00781572 0.00878875 0.00984259 0.0109779 0.0121943 0.0134908 0.0148651 0.0163141 0.0178334 0.0194175 0.0210599 0.0227528 0.0244874 0.0262539 0.0280416 0.0298388 0.0316331 0.0334117 0.035161 0.0368674 0.0385172 0.0400964 0.0415917 0.04299 0.0442787 0.0454462 0.0464817 0.0473756 0.0481194 0.0487061 0.0491301 0.0493873 0.0494753 0.0493932 0.0491419 0.0487238 0.048143 0.0474051 0.046517 0.0454873 0.0443255 0.0430424 0.0416496 0.0401596 0.0385855 0.0369408 0.035239 0.0334941 0.0317197 0.0299291 0.0281353 0.0263505 0.0245865 0.0228539 0.0211624 0.019521 0.0179373 0.0164179 0.0149682 0.0135926 0.0122943 0.0110756 0.00993764 0.00888064 0.00790404 0.00700653 0.00618611 0.00544024 0.00476594 0.00415986 0.00361842 0.00313791 0.00271455 0.00234459 0.0020244 0.00175056 0.00151987 0.00132946 0.00117682 0.00105983 0.00097681 0.00092663 
0.00103808 0.00105363 0.0011054 0.0011943 0.00132167 0.00148939 0.00169981 0.00195572 0.00226033 0.00261719 0.00303013 0.00350317 0.00404049 0.00464627 0.00532464 0.00607955 0.00691467 0.00783329 0.00883815 0.0099314 0.0111144 0.0123878 0.013751 0.0152027 0.0167403 0.0183601 0.020057 0.021825 0.0236565 0.0255429 0.0274743 0.0294398 0.0314274 0.0334242 0.0354166 0.0373901 0.03933 0.0412213 0.0430486 0.044797 0.0464517 0.0479982 0.049423 0.0507132 0.0518571 0.0528443 0.0536654 0.0543129 0.0547806 0.0550641 0.0551607 0.0550695 0.0547915 0.0543293 0.0536873 0.0528716 0.05189 0.0507515 0.0494667 0.0480474 0.0465062 0.0448569 0.0431137 0.0412913 0.0394049 0.0374696 0.0355005 0.0335122 0.0315191 0.0295349 0.0275722 0.0256432 0.0237588 0.0219287 0.0201616 0.018465 0.016845 0.0153066 0.0138535 0.0124883 0.0112126 0.0100266 0.00893002 0.00792139 0.00699865 0.00615908 0.00539947 0.00471617 0.0041053 0.00356275 0.00308439 0.00266608 0.00230383 0.00199382 0.00173253 0.00151678 0.00134376 0.00121114 0.00111703 0.00106019 
0.00119788 0.00121584 0.00127526 0.00137715 0.00152303 0.00171501 0.00195572 0.00224829 0.0025963 0.00300371 0.00347479 0.00401403 0.00462604 0.00531546 0.00608684 0.00694452 0.0078925 0.00893435 0.010073 0.0113107 0.0126489 0.0140879 0.0156272 0.0172649 0.0189981 0.0208222 0.0227317 0.0247194 0.0267769 0.0288943 0.0310606 0.0332635 0.0354894 0.037724 0.0399521 0.0421576 0.0443242 0.0464352 0.0484737 0.050423 0.0522668 0.0539893 0.0555755 0.0570113 0.0582839 0.0593816 0.0602944 0.0610138 0.0615333 0.0618479 0.0619547 0.0618528 0.0615431 0.0610286 0.0603141 0.0594063 0.0583136 0.0570462 0.0556155 0.0540345 0.0523172 0.0504786 0.0485344 0.046501 0.0443951 0.0422333 0.0400324 0.0378088 0.0355783 0.0333562 0.0311567 0.0289934 0.0268785 0.024823 0.0228367 0.0209281 0.0191042 0.0173708 0.0157322 0.0141914 0.0127503 0.0114096 0.0101688 0.00902654 0.00798071 0.00702836 0.00616599 0.00538964 0.00469502 0.00407763 0.00353287 0.00305617 0.00264307 0.00228935 0.00199105 0.00174463 0.00154696 0.00139541 0.00128789 0.00122299 
0.00138857 0.0014094 0.00147788 0.00159519 0.00176302 0.00198375 0.00226033 0.0025963 0.00299566 0.00346286 0.00400268 0.00462011 0.0053203 0.00610841 0.00698945 0.00796821 0.00904908 0.0102359 0.0115319 0.0129393 0.0144596 0.0160931 0.0178387 0.0196944 0.0216565 0.0237198 0.0258777 0.0281222 0.0304434 0.0328304 0.0352705 0.0377498 0.0402533 0.0427646 0.0452668 0.047742 0.0501719 0.0525379 0.0548214 0.0570037 0.0590668 0.0609933 0.0627665 0.0643709 0.0657923 0.0670179 0.0680368 0.0688395 0.0694188 0.0697694 0.069888 0.0697736 0.0694272 0.0688522 0.0680538 0.0670394 0.0658182 0.0644015 0.0628018 0.0610335 0.059112 0.0570539 0.0548767 0.0525984 0.0502375 0.0478126 0.0453424 0.042845 0.0403383 0.0378392 0.0353638 0.0329273 0.0305435 0.0282249 0.0259825 0.0238261 0.0217638 0.019802 0.017946 0.0161994 0.0145644 0.0130419 0.0116317 0.0103325 0.00914184 0.00805673 0.00707333 0.00618729 0.00539391 0.00468818 0.00406501 0.00351932 0.00304612 0.00264069 0.00229861 0.00201589 0.00178903 0.00161507 0.00149166 0.00141722 
0.00161256 0.00163674 0.00171582 0.00185111 0.00204455 0.00229879 0.00261719 0.00300371 0.00346286 0.00399964 0.00461937 0.00532768 0.00613028 0.00703291 0.00804112 0.0091602 0.0103949 0.0117495 0.0132274 0.0148309 0.0165615 0.0184192 0.0204027 0.0225094 0.0247348 0.0270731 0.0295165 0.0320557 0.0346797 0.0373756 0.0401294 0.0429252 0.045746 0.0485736 0.0513889 0.054172 0.0569023 0.0595591 0.0621217 0.0645694 0.0668822 0.0690407 0.0710266 0.0728227 0.0744132 0.0757843 0.0769235 0.0778208 0.0784681 0.0788595 0.0789915 0.0788628 0.0784748 0.077831 0.0769373 0.0758017 0.0744345 0.072848 0.0710562 0.0690748 0.0669209 0.064613 0.0621703 0.0596128 0.0569612 0.0542362 0.0514585 0.0486484 0.0458258 0.0430099 0.0402188 0.0374693 0.0347772 0.0321567 0.0296204 0.0271793 0.0248427 0.0226183 0.020512 0.0185281 0.0166694 0.0149372 0.0133314 0.0118506 0.0104925 0.00925366 0.00813003 0.00711684 0.00620887 0.0054006 0.00468635 0.00406046 0.00351737 0.00305177 0.00265872 0.00233373 0.00207286 0.00187279 0.00173087 0.00164532 
0.00187247 0.00190052 0.00199181 0.00214784 0.00237077 0.00266361 0.00303013 0.00347479 0.00400268 0.00461937 0.00533087 0.00614344 0.00706345 0.00809727 0.00925107 0.0105306 0.0119413 0.0134874 0.0151728 0.0169999 0.0189699 0.0210829 0.0233369 0.0257288 0.0282533 0.0309034 0.0336704 0.0365434 0.0395097 0.042555 0.045663 0.048816 0.0519948 0.0551789 0.0583468 0.0614763 0.0645444 0.067528 0.0704041 0.0731497 0.0757426 0.0781613 0.0803855 0.0823963 0.0841763 0.0857101 0.0869842 0.0879873 0.0887106 0.0891476 0.0892945 0.0891499 0.0887153 0.0879945 0.0869941 0.0857229 0.0841922 0.0824155 0.0804084 0.0781881 0.0757736 0.0731853 0.0704445 0.0675736 0.0645952 0.0615326 0.0584087 0.0552465 0.052068 0.0488947 0.045747 0.0426441 0.0396035 0.0366415 0.0337723 0.0310085 0.0283609 0.0258383 0.0234476 0.021194 0.0190808 0.0171097 0.0152808 0.0135929 0.0120436 0.0106292 0.00934519 0.00818649 0.00714729 0.0062215 0.00540281 0.00468489 0.00406154 0.00352682 0.00307518 0.00270158 0.0024016 0.00217149 0.00200827 0.00190993 
0.00217106 0.00220355 0.0023088 0.00248847 0.00274502 0.00308184 0.00350317 0.00401403 0.00462011 0.00532768 0.00614344 0.00707437 0.00812758 0.00931012 0.0106288 0.01209 0.0136995 0.0154621 0.0173817 0.0194609 0.0217008 0.0241011 0.0266594 0.0293717 0.0322319 0.0352319 0.0383614 0.041608 0.0449574 0.048393 0.0518966 0.0554482 0.059026 0.0626071 0.0661675 0.0696822 0.0731257 0.0764722 0.0796962 0.0827722 0.0856755 0.0883824 0.0908705 0.0931189 0.0951085 0.0968222 0.0982452 0.0993653 0.100173 0.10066 0.100823 0.100661 0.100175 0.0993691 0.0982507 0.0968295 0.0951179 0.0931308 0.0908854 0.0884006 0.0856974 0.0827983 0.0797269 0.0765079 0.0731667 0.0697289 0.0662201 0.0626658 0.0590908 0.0555192 0.0519738 0.0484761 0.045046 0.0417019 0.03846 0.0353347 0.0323383 0.0294809 0.0267707 0.0242137 0.021814 0.0195738 0.0174934 0.0155719 0.0138065 0.0121936 0.0107282 0.00940474 0.00821684 0.00715778 0.00622056 0.00539813 0.00468359 0.00407027 0.00355198 0.00312307 0.00277855 0.00251423 0.00232676 0.00221387 
0.00251124 0.00254877 0.0026698 0.00287621 0.00317077 0.00355728 0.00404049 0.00462604 0.0053203 0.00613028 0.00706345 0.00812758 0.00933056 0.0106802 0.012184 0.0138489 0.0156812 0.0176861 0.0198677 0.0222286 0.0247698 0.0274904 0.0303877 0.0334567 0.0366903 0.0400789 0.0436107 0.0472717 0.0510453 0.054913 0.058854 0.0628457 0.0668639 0.0708829 0.0748756 0.0788143 0.0826707 0.0864162 0.0900222 0.0934607 0.0967045 0.0997273 0.102505 0.105013 0.107232 0.109143 0.110729 0.111976 0.112875 0.113418 0.113599 0.113418 0.112875 0.111976 0.110729 0.109144 0.107234 0.105017 0.10251 0.0997355 0.0967157 0.0934757 0.0900414 0.0864402 0.0827001 0.0788495 0.0749169 0.0709307 0.0669185 0.0629072 0.0589224 0.0549882 0.0511271 0.0473597 0.0437046 0.040178 0.0367941 0.0335645 0.0304987 0.0276037 0.0248845 0.0223439 0.0199826 0.0177997 0.0157926 0.0139573 0.0122886 0.0107802 0.0094253 0.00821645 0.0071459 0.00620585 0.00538858 0.00468669 0.00409325 0.00360192 0.00320715 0.00290421 0.00268936 0.00256005 
0.00289594 0.00293914 0.0030779 0.00331432 0.00365151 0.00409372 0.00464627 0.00531546 0.00610841 0.00703291 0.00809727 0.00931012 0.0106802 0.0122161 0.013926 0.0158176 0.0178976 0.0201716 0.0226439 0.025317 0.0281917 0.0312668 0.0345387 0.0380014 0.0416466 0.0454634 0.049438 0.0535545 0.0577941 0.0621357 0.0665561 0.0710299 0.0755298 0.0800272 0.084492 0.0888933 0.0931997 0.0973796 0.101401 0.105234 0.108848 0.112214 0.115305 0.118095 0.120563 0.122687 0.124449 0.125836 0.126834 0.127436 0.127637 0.127434 0.126831 0.125831 0.124444 0.122681 0.120557 0.118089 0.1153 0.11221 0.108847 0.105236 0.101407 0.0973901 0.0932155 0.0889149 0.08452 0.0800621 0.075572 0.0710797 0.0666136 0.062201 0.057867 0.0536348 0.0495254 0.0455572 0.0417464 0.0381064 0.034648 0.0313796 0.0283071 0.0254339 0.0227613 0.0202885 0.018013 0.0159305 0.0140355 0.0123213 0.0107804 0.00940446 0.00818512 0.00711368 0.00618161 0.00538066 0.00470311 0.00414192 0.00369086 0.00334467 0.00309914 0.00295144 
0.00332808 0.00337764 0.00353617 0.00380604 0.00419071 0.00469493 0.00532464 0.00608684 0.00698945 0.00804112 0.00925107 0.0106288 0.012184 0.013926 0.0158639 0.0180059 0.0203592 0.0229299 0.0257223 0.028739 0.0319804 0.0354446 0.0391273 0.0430214 0.0471172 0.051402 0.0558602 0.0604736 0.065221 0.0700786 0.0750203 0.0800177 0.0850404 0.0900564 0.0950325 0.0999344 0.104727 0.109376 0.113847 0.118105 0.122117 0.125852 0.129281 0.132375 0.13511 0.137463 0.139415 0.14095 0.142055 0.142721 0.142942 0.142718 0.142048 0.14094 0.139403 0.137449 0.135094 0.132358 0.129264 0.125836 0.122102 0.118092 0.113838 0.109371 0.104727 0.0999404 0.0950451 0.0900763 0.085068 0.0800536 0.0750648 0.0701318 0.0652829 0.0605441 0.0559391 0.0514887 0.0472112 0.043122 0.0392335 0.0355556 0.0320951 0.0288565 0.0258414 0.0230494 0.020478 0.0181229 0.015978 0.0140362 0.0122894 0.0107285 0.00934428 0.00812712 0.00706762 0.00615666 0.00538566 0.0047468 0.00423314 0.00383882 0.00355916 0.00339101 
0.00381051 0.00386713 0.00404758 0.00435449 0.00479172 0.00536454 0.00607955 0.00694452 0.00796821 0.0091602 0.0105306 0.01209 0.0138489 0.0158176 0.0180059 0.0204226 0.0230757 0.0259713 0.029114 0.0325061 0.0361477 0.0400363 0.0441665 0.0485301 0.0531156 0.0579085 0.0628911 0.0680427 0.0733394 0.0787547 0.0842592 0.0898212 0.0954071 0.100981 0.106507 0.111946 0.117261 0.122413 0.127364 0.132077 0.136515 0.140645 0.144434 0.147852 0.150872 0.153469 0.155623 0.157316 0.158535 0.159269 0.159512 0.159264 0.158525 0.157301 0.155604 0.153446 0.150846 0.147824 0.144404 0.140615 0.136485 0.132048 0.127338 0.122391 0.117244 0.111934 0.106502 0.100984 0.0954178 0.0898409 0.0842883 0.0787935 0.0733881 0.0681012 0.0629593 0.057986 0.0532018 0.0486244 0.044268 0.040144 0.0362606 0.0326229 0.0292336 0.0260924 0.0231971 0.020543 0.0181241 0.0159324 0.0139593 0.0121949 0.0106291 0.00925135 0.00805134 0.00701898 0.00614479 0.00542012 0.00483727 0.00438976 0.00407238 0.00388162 
0.00434594 0.00441036 0.00461495 0.00496263 0.00545767 0.00610592 0.00691467 0.0078925 0.00904908 0.0103949 0.0119413 0.0136995 0.0156812 0.0178976 0.0203592 0.0230757 0.0260553 0.0293045 0.032828 0.0366278 0.0407036 0.045052 0.0496666 0.0545376 0.0596518 0.0649927 0.0705402 0.0762709 0.0821581 0.0881719 0.0942798 0.100447 0.106635 0.112805 0.118918 0.12493 0.130801 0.136488 0.141949 0.147145 0.152036 0.156584 0.160755 0.164516 0.167837 0.170693 0.17306 0.174921 0.176259 0.177065 0.177332 0.177058 0.176245 0.1749 0.173033 0.17066 0.1678 0.164474 0.160711 0.156538 0.151989 0.147099 0.141905 0.136446 0.130763 0.124898 0.118892 0.112788 0.106626 0.100447 0.094291 0.0881939 0.0821911 0.0763151 0.0705955 0.0650588 0.0597282 0.0546236 0.0497615 0.0451547 0.040813 0.0367426 0.0329469 0.0294262 0.0261783 0.0231987 0.0204808 0.0180165 0.0157961 0.0138092 0.0120447 0.0104911 0.00913706 0.00797154 0.00698412 0.00616522 0.00550638 0.00500042 0.00464158 0.00442599 
0.0049368 0.0050098 0.00524083 0.00563313 0.00619141 0.00692212 0.00783329 0.00893435 0.0102359 0.0117495 0.0134874 0.0154621 0.0176861 0.0201716 0.0229299 0.0259713 0.0293045 0.0329364 0.0368713 0.0411113 0.0456552 0.0504988 0.0556343 0.0610504 0.066732 0.0726602 0.0788124 0.0851622 0.0916798 0.098332 0.105083 0.111893 0.118721 0.125525 0.132259 0.138878 0.145337 0.151589 0.15759 0.163295 0.168662 0.173651 0.178223 0.182345 0.185983 0.18911 0.191701 0.193737 0.195201 0.196082 0.196374 0.196073 0.195183 0.19371 0.191666 0.189067 0.185933 0.182289 0.178164 0.173588 0.168597 0.163229 0.157525 0.151526 0.145278 0.138824 0.132211 0.125485 0.118691 0.111872 0.105073 0.0983346 0.0916946 0.0851895 0.0788523 0.0727125 0.0667963 0.061126 0.0557205 0.0505945 0.0457593 0.0412224 0.0369881 0.0330573 0.0294281 0.026096 0.0230541 0.0202938 0.017805 0.0155762 0.0135955 0.0118504 0.0103286 0.00901784 0.00790685 0.00698509 0.00624325 0.00567344 0.00526931 0.00502659 
0.00558527 0.00566762 0.00592745 0.00636831 0.00699537 0.00781572 0.00883815 0.010073 0.0115319 0.0132274 0.0151728 0.0173817 0.0198677 0.0226439 0.0257223 0.029114 0.032828 0.0368713 0.0412484 0.0459606 0.0510063 0.05638 0.0620725 0.0680708 0.0743575 0.0809113 0.0877068 0.0947145 0.101901 0.10923 0.116661 0.124151 0.131655 0.139126 0.146515 0.153773 0.160849 0.167695 0.174261 0.1805 0.186366 0.191815 0.196807 0.201304 0.205273 0.208682 0.211507 0.213726 0.215321 0.21628 0.216597 0.216269 0.215298 0.213692 0.211463 0.208629 0.20521 0.201234 0.19673 0.191733 0.186281 0.180413 0.174174 0.167609 0.160766 0.153695 0.146443 0.139062 0.1316 0.124107 0.116629 0.10921 0.101895 0.0947224 0.0877288 0.0809474 0.0744073 0.0681338 0.0621479 0.0564668 0.0511032 0.0460664 0.0413615 0.0369901 0.0329509 0.0292392 0.0258482 0.0227687 0.0199899 0.0174997 0.0152851 0.0133326 0.0116289 0.0101608 0.0089157 0.00788227 0.00705029 0.0064111 0.00595777 0.00568559 
0.00629309 0.00638561 0.00667663 0.00717004 0.0078715 0.00878875 0.0099314 0.0113107 0.0129393 0.0148309 0.0169999 0.0194609 0.0222286 0.025317 0.028739 0.0325061 0.0366278 0.0411113 0.0459606 0.0511768 0.0567572 0.0626951 0.0689798 0.0755962 0.0825246 0.0897409 0.0972167 0.104919 0.112811 0.120853 0.128999 0.137204 0.145417 0.153587 0.161662 0.169587 0.177309 0.184773 0.191928 0.198722 0.205106 0.211033 0.21646 0.221347 0.225658 0.22936 0.232427 0.234834 0.236565 0.237605 0.237948 0.237591 0.236537 0.234793 0.232373 0.229295 0.225582 0.221262 0.216366 0.210932 0.205 0.198612 0.191817 0.184662 0.1772 0.169483 0.161564 0.153497 0.145336 0.137134 0.128942 0.120809 0.112782 0.104905 0.0972183 0.0897583 0.0825575 0.0756442 0.0690422 0.0627708 0.0568451 0.0512754 0.0460684 0.0412265 0.0367486 0.0326307 0.0288654 0.0254434 0.0223533 0.019582 0.0171158 0.0149401 0.0130404 0.0114025 0.0100127 0.00885875 0.0079294 0.00721526 0.00670875 0.00640475 
0.00706155 0.00716505 0.00748966 0.00803964 0.00882114 0.00984259 0.0111144 0.0126489 0.0144596 0.0165615 0.0189699 0.0217008 0.0247698 0.0281917 0.0319804 0.0361477 0.0407036 0.0456552 0.0510063 0.0567572 0.0629042 0.0694394 0.07635 0.0836189 0.0912237 0.0991376 0.107329 0.115761 0.124393 0.13318 0.142075 0.151026 0.159978 0.168877 0.177664 0.186282 0.194673 0.202778 0.210542 0.21791 0.224829 0.231249 0.237125 0.242413 0.247076 0.25108 0.254394 0.256995 0.258865 0.259989 0.260359 0.259973 0.258833 0.256948 0.254331 0.251003 0.246987 0.242312 0.237013 0.231128 0.224701 0.217777 0.210406 0.202642 0.194537 0.18615 0.177537 0.168758 0.159869 0.150927 0.14199 0.13311 0.124338 0.115722 0.107307 0.0991337 0.0912373 0.0836495 0.0763971 0.0695018 0.0629809 0.0568466 0.0511068 0.0457651 0.0408209 0.0362703 0.0321062 0.0283188 0.0248961 0.0218244 0.0190889 0.0166741 0.0145644 0.0127443 0.0111993 0.00991584 0.00888189 0.00808721 0.00752355 0.00718536 
0.00789139 0.00800668 0.00836729 0.00897782 0.00984497 0.0109779 0.0123878 0.0140879 0.0160931 0.0184192 0.0210829 0.0241011 0.0274904 0.0312668 0.0354446 0.0400363 0.045052 0.0504988 0.05638 0.0626951 0.0694394 0.0766031 0.0841717 0.0921255 0.10044 0.109084 0.118022 0.127216 0.136619 0.146183 0.155856 0.165581 0.1753 0.184952 0.194476 0.20381 0.21289 0.221655 0.230045 0.238002 0.245469 0.252395 0.25873 0.264429 0.269451 0.273762 0.27733 0.280129 0.28214 0.283349 0.283746 0.28333 0.282103 0.280074 0.277257 0.273673 0.269348 0.264311 0.258599 0.252254 0.245319 0.237845 0.229884 0.221491 0.212726 0.203648 0.19432 0.184803 0.17516 0.165452 0.155741 0.146084 0.136536 0.12715 0.117976 0.109056 0.100431 0.0921364 0.0842011 0.0766501 0.0695027 0.0627734 0.0564715 0.0506016 0.0451641 0.0401555 0.0355686 0.0313934 0.0276174 0.0242262 0.0212041 0.0185346 0.016201 0.0141866 0.0124759 0.0110541 0.0099084 0.00902762 0.00840287 0.00802814 
0.00878273 0.00891061 0.00930957 0.00998459 0.0109429 0.0121943 0.013751 0.0156272 0.0178387 0.0204027 0.0233369 0.0266594 0.0303877 0.0345387 0.0391273 0.0441665 0.0496666 0.0556343 0.0620725 0.0689798 0.07635 0.0841717 0.0924281 0.101097 0.11015 0.119554 0.12927 0.139254 0.149457 0.159825 0.170301 0.180825 0.191333 0.201761 0.212042 0.222109 0.231895 0.241335 0.250365 0.258923 0.26695 0.274389 0.281191 0.287307 0.292695 0.297317 0.301141 0.304141 0.306295 0.30759 0.308015 0.307569 0.306254 0.304079 0.301059 0.297216 0.292576 0.287173 0.281042 0.274228 0.266777 0.258741 0.250177 0.241144 0.231702 0.221917 0.211854 0.20158 0.191161 0.180664 0.170154 0.159694 0.149343 0.13916 0.129196 0.119501 0.110118 0.101086 0.0924375 0.084201 0.076398 0.069045 0.0621531 0.0557283 0.0497719 0.0442808 0.0392481 0.0346636 0.0305143 0.0267852 0.0234598 0.0205204 0.0179493 0.0157287 0.013842 0.0122733 0.0110088 0.0100365 0.00934677 0.00893319 
0.00973498 0.00987624 0.0103159 0.0110592 0.012114 0.0134908 0.0152027 0.0172649 0.0196944 0.0225094 0.0257288 0.0293717 0.0334567 0.0380014 0.0430214 0.0485301 0.0545376 0.0610504 0.0680708 0.0755962 0.0836189 0.0921255 0.101097 0.110508 0.120328 0.130518 0.141038 0.151837 0.162864 0.174059 0.185361 0.196704 0.208021 0.219241 0.230295 0.241109 0.251615 0.261741 0.27142 0.280587 0.289179 0.297139 0.304412 0.310948 0.316704 0.32164 0.325722 0.328924 0.331223 0.332604 0.333057 0.33258 0.331176 0.328855 0.325631 0.321528 0.316572 0.310798 0.304244 0.296957 0.288984 0.280381 0.271205 0.261521 0.251392 0.240886 0.230075 0.219027 0.207815 0.19651 0.18518 0.173895 0.162718 0.151712 0.140934 0.130437 0.120269 0.110472 0.101084 0.0921349 0.0836493 0.0756461 0.0681385 0.0611338 0.0546344 0.0486379 0.0431377 0.0381234 0.0335818 0.0294973 0.0258523 0.0226285 0.0198069 0.0173688 0.0152961 0.0135722 0.0121821 0.011113 0.0103546 0.00989989 
0.0107468 0.0109022 0.0113847 0.0121999 0.0133563 0.0148651 0.0167403 0.0189981 0.0216565 0.0247348 0.0282533 0.0322319 0.0366903 0.0416466 0.0471172 0.0531156 0.0596518 0.066732 0.0743575 0.0825246 0.0912237 0.10044 0.11015 0.120328 0.130937 0.141938 0.153283 0.164919 0.17679 0.188831 0.200976 0.213155 0.225295 0.237321 0.249158 0.260731 0.271963 0.282782 0.293116 0.302896 0.312058 0.32054 0.328285 0.335243 0.341367 0.346617 0.350958 0.354361 0.356804 0.358271 0.358752 0.358245 0.356753 0.354285 0.350858 0.346494 0.341222 0.335077 0.3281 0.320337 0.31184 0.302665 0.292875 0.282533 0.27171 0.260476 0.248905 0.237073 0.225055 0.212926 0.200761 0.188632 0.17661 0.164761 0.153147 0.141826 0.13085 0.120265 0.110113 0.100427 0.0912345 0.0825574 0.0744105 0.066803 0.0597386 0.0532154 0.0472274 0.0417644 0.0368127 0.0323562 0.0283767 0.0248547 0.0217703 0.0191037 0.0168357 0.0149486 0.0134264 0.0122555 0.0114248 0.0109269 
0.0118161 0.0119863 0.0125137 0.0134044 0.0146672 0.0163141 0.0183601 0.0208222 0.0237198 0.0270731 0.0309034 0.0352319 0.0400789 0.0454634 0.051402 0.0579085 0.0649927 0.0726602 0.0809113 0.0897409 0.0991376 0.109084 0.119554 0.130518 0.141938 0.153768 0.165956 0.178447 0.191177 0.204079 0.21708 0.230106 0.243079 0.255919 0.268547 0.280882 0.292846 0.30436 0.31535 0.325744 0.335474 0.344477 0.352694 0.360071 0.366561 0.372123 0.37672 0.380322 0.382908 0.384461 0.38497 0.384433 0.382853 0.38024 0.376611 0.371989 0.366403 0.359889 0.352491 0.344254 0.335234 0.325489 0.315083 0.304083 0.292563 0.280596 0.268261 0.255637 0.242804 0.229841 0.216829 0.203844 0.190962 0.178254 0.165787 0.153624 0.14182 0.130428 0.119491 0.109047 0.0991268 0.0897546 0.0809477 0.0727171 0.0650677 0.0579988 0.0515048 0.0455756 0.0401975 0.0353538 0.0310257 0.0271929 0.0238343 0.0209291 0.018457 0.0163993 0.0147389 0.0134614 0.0125551 0.012012 
0.0129399 0.0131256 0.0136998 0.0146691 0.0160427 0.0178334 0.020057 0.0227317 0.0258777 0.0295165 0.0336704 0.0383614 0.0436107 0.049438 0.0558602 0.0628911 0.0705402 0.0788124 0.0877068 0.0972167 0.107329 0.118022 0.12927 0.141038 0.153283 0.165956 0.179003 0.19236 0.205961 0.219733 0.233598 0.247478 0.261288 0.274946 0.288367 0.301466 0.314159 0.326367 0.33801 0.349014 0.359308 0.368828 0.377511 0.385303 0.392154 0.398023 0.402873 0.406672 0.409399 0.411035 0.411572 0.411006 0.40934 0.406584 0.402756 0.397879 0.391984 0.385107 0.377291 0.368586 0.359048 0.348736 0.337717 0.326063 0.313847 0.301148 0.288048 0.27463 0.260978 0.247177 0.233311 0.219462 0.20571 0.192132 0.178799 0.165779 0.153133 0.140917 0.129179 0.11796 0.107295 0.0972096 0.0877249 0.0788535 0.0706019 0.0629704 0.0559542 0.0495435 0.0437244 0.0384799 0.0337906 0.0296354 0.0259922 0.0228392 0.020155 0.0179198 0.0161157 0.0147273 0.0137423 0.0131521 
0.0141142 0.0143161 0.0149389 0.0159895 0.0174779 0.0194175 0.021825 0.0247194 0.0281222 0.0320557 0.0365434 0.041608 0.0472717 0.0535545 0.0604736 0.0680427 0.0762709 0.0851622 0.0947145 0.104919 0.115761 0.127216 0.139254 0.151837 0.164919 0.178447 0.19236 0.206592 0.22107 0.235716 0.250449 0.265184 0.279832 0.294307 0.308517 0.322375 0.335793 0.348688 0.360977 0.372583 0.383434 0.393461 0.402603 0.410802 0.418008 0.424178 0.429274 0.433266 0.43613 0.437849 0.438413 0.437818 0.436068 0.433173 0.429151 0.424025 0.417826 0.410593 0.402368 0.393203 0.383154 0.372283 0.36066 0.348357 0.335452 0.322027 0.308166 0.293956 0.279487 0.264847 0.250125 0.235408 0.220782 0.206327 0.19212 0.178235 0.164737 0.151685 0.139133 0.127126 0.115702 0.10489 0.0947126 0.0851859 0.0763177 0.0681096 0.0605574 0.0536519 0.0473792 0.0417221 0.0366606 0.0321728 0.0282359 0.0248269 0.0219235 0.0195048 0.017552 0.0160489 0.0149823 0.0143435 
0.0153345 0.0155531 0.0162259 0.0173604 0.018967 0.0210599 0.0236565 0.0267769 0.0304434 0.0346797 0.0395097 0.0449574 0.0510453 0.0577941 0.065221 0.0733394 0.0821581 0.0916798 0.101901 0.112811 0.124393 0.136619 0.149457 0.162864 0.17679 0.191177 0.205961 0.22107 0.236426 0.251947 0.267545 0.283131 0.298613 0.313897 0.328889 0.343497 0.357631 0.371202 0.384126 0.396323 0.407719 0.418243 0.427831 0.436427 0.443979 0.450441 0.455778 0.459957 0.462954 0.464753 0.465343 0.46472 0.462889 0.459859 0.455648 0.45028 0.443787 0.436207 0.427583 0.417968 0.40742 0.396003 0.383787 0.370846 0.357263 0.34312 0.328507 0.313514 0.298233 0.282759 0.267185 0.251602 0.236101 0.220768 0.205685 0.19093 0.176573 0.162679 0.149305 0.136501 0.124307 0.112758 0.101878 0.0916847 0.0821886 0.0733925 0.0652933 0.0578822 0.0511456 0.045066 0.0396231 0.0347942 0.0305557 0.0268837 0.023755 0.0211476 0.0190418 0.0174205 0.0162701 0.0155811 
0.0165951 0.0168308 0.017555 0.0187754 0.020503 0.0227528 0.0255429 0.0288943 0.0328304 0.0373756 0.042555 0.048393 0.054913 0.0621357 0.0700786 0.0787547 0.0881719 0.098332 0.10923 0.120853 0.13318 0.146183 0.159825 0.174059 0.188831 0.204079 0.219733 0.235716 0.251947 0.268337 0.284794 0.301223 0.317527 0.333609 0.349371 0.364716 0.379551 0.393784 0.407328 0.420101 0.432027 0.443033 0.453055 0.462034 0.469919 0.476665 0.482233 0.486592 0.489718 0.491593 0.492208 0.491559 0.48965 0.48649 0.482098 0.476497 0.46972 0.461804 0.452795 0.442744 0.431712 0.419762 0.406968 0.393405 0.379158 0.364312 0.348959 0.333195 0.317114 0.300816 0.284397 0.267955 0.251584 0.235377 0.21942 0.203795 0.188579 0.173841 0.159642 0.146035 0.133067 0.120774 0.109184 0.0983169 0.0881849 0.0787928 0.0701383 0.0622135 0.0550049 0.0484952 0.0426635 0.0374867 0.0329405 0.0289999 0.0256409 0.0228405 0.0205781 0.018836 0.0175997 0.0168595 
0.0178896 0.0181427 0.0189192 0.0202271 0.022078 0.0244874 0.0274743 0.0310606 0.0352705 0.0401294 0.045663 0.0518966 0.058854 0.0665561 0.0750203 0.0842592 0.0942798 0.105083 0.116661 0.128999 0.142075 0.155856 0.170301 0.185361 0.200976 0.21708 0.233598 0.250449 0.267545 0.284794 0.302097 0.319356 0.336469 0.353333 0.369848 0.385912 0.401429 0.416305 0.430451 0.443782 0.456219 0.46769 0.478129 0.487478 0.495683 0.502699 0.508488 0.51302 0.516268 0.518218 0.518857 0.518183 0.516199 0.512915 0.50835 0.502526 0.495477 0.487239 0.477859 0.46739 0.45589 0.443427 0.430072 0.415906 0.401013 0.385482 0.369408 0.352889 0.336024 0.318915 0.301666 0.284376 0.267146 0.250073 0.233248 0.21676 0.200689 0.185108 0.170085 0.155677 0.141934 0.128895 0.116591 0.105046 0.0942742 0.0842811 0.0750663 0.0666224 0.0589366 0.0519915 0.0457659 0.0402364 0.0353777 0.0311644 0.0275713 0.0245747 0.0221531 0.020288 0.0189644 0.0181719 
0.0192106 0.0194814 0.0203109 0.0217074 0.0236831 0.0262539 0.0294398 0.0332635 0.0377498 0.0429252 0.048816 0.0554482 0.0628457 0.0710299 0.0800177 0.0898212 0.100447 0.111893 0.124151 0.137204 0.151026 0.165581 0.180825 0.196704 0.213155 0.230106 0.247478 0.265184 0.283131 0.301223 0.319356 0.337427 0.355328 0.372955 0.390201 0.406963 0.423141 0.438638 0.453362 0.467229 0.480157 0.492074 0.502912 0.512612 0.521122 0.528396 0.534395 0.53909 0.542455 0.544474 0.545137 0.544439 0.542385 0.538984 0.534254 0.528219 0.520911 0.512367 0.502634 0.491764 0.479817 0.46686 0.452967 0.43822 0.422703 0.406509 0.389735 0.372482 0.354853 0.336954 0.318891 0.30077 0.282697 0.264771 0.247091 0.22975 0.212832 0.196418 0.180577 0.165371 0.150855 0.137072 0.124057 0.111834 0.100421 0.0898261 0.0800491 0.0710839 0.0629182 0.0555348 0.0489125 0.0430273 0.0378535 0.0333648 0.0295353 0.0263404 0.0237578 0.0217684 0.0203563 0.0195111 
0.0205501 0.0208387 0.0217216 0.0232073 0.0253084 0.0280416 0.0314274 0.0354894 0.0402533 0.045746 0.0519948 0.059026 0.0668639 0.0755298 0.0850404 0.0954071 0.106635 0.118721 0.131655 0.145417 0.159978 0.1753 0.191333 0.208021 0.225295 0.243079 0.261288 0.279832 0.298613 0.317527 0.336469 0.355328 0.373995 0.39236 0.410312 0.427746 0.444559 0.460652 0.475931 0.490309 0.503705 0.516045 0.527261 0.537294 0.546092 0.553609 0.559807 0.564656 0.568131 0.570216 0.5709 0.57018 0.568059 0.564549 0.559664 0.55343 0.545878 0.537045 0.526977 0.515727 0.503355 0.489928 0.475522 0.460218 0.444103 0.427271 0.409823 0.391861 0.373492 0.354825 0.335972 0.317041 0.298144 0.279384 0.260867 0.242687 0.224937 0.2077 0.191052 0.175059 0.159778 0.145258 0.131536 0.11864 0.106589 0.0953941 0.0850564 0.0755707 0.0669255 0.0591038 0.0520842 0.0458426 0.0403528 0.0355878 0.0315209 0.0281268 0.0253825 0.023268 0.0217671 0.0208689 
0.0218994 0.0222059 0.0231421 0.0247169 0.0269434 0.0298388 0.0334242 0.037724 0.0427646 0.0485736 0.0551789 0.0626071 0.0708829 0.0800272 0.0900564 0.100981 0.112805 0.125525 0.139126 0.153587 0.168877 0.184952 0.201761 0.219241 0.237321 0.255919 0.274946 0.294307 0.313897 0.333609 0.353333 0.372955 0.39236 0.411434 0.430064 0.448142 0.465561 0.482221 0.498027 0.51289 0.526728 0.539467 0.55104 0.561386 0.570454 0.578199 0.584583 0.589575 0.593152 0.595298 0.596003 0.595263 0.593081 0.589468 0.584439 0.578019 0.570239 0.561134 0.550752 0.539145 0.526371 0.5125 0.497607 0.481773 0.465088 0.447648 0.429553 0.410911 0.39183 0.372423 0.352806 0.333091 0.313394 0.293824 0.27449 0.255493 0.236929 0.218887 0.201447 0.18468 0.168648 0.153401 0.138981 0.12542 0.112739 0.10095 0.0900564 0.0800544 0.0709329 0.0626754 0.0552606 0.0486642 0.0428596 0.037819 0.0335153 0.0299224 0.0270166 0.0247773 0.0231876 0.0222363 
0.0232491 0.0235733 0.0245625 0.0262259 0.0285768 0.0316331 0.0354166 0.0399521 0.0452668 0.0513889 0.0583468 0.0661675 0.0748756 0.084492 0.0950325 0.106507 0.118918 0.132259 0.146515 0.161662 0.177664 0.194476 0.212042 0.230295 0.249158 0.268547 0.288367 0.308517 0.328889 0.349371 0.369848 0.390201 0.410312 0.430064 0.449341 0.46803 0.486025 0.503222 0.519525 0.534844 0.549098 0.562211 0.574117 0.584755 0.594075 0.602031 0.608586 0.613712 0.617384 0.619587 0.620311 0.619552 0.617313 0.613605 0.608444 0.601852 0.593859 0.584503 0.573828 0.561886 0.548737 0.534448 0.519096 0.502763 0.485539 0.467521 0.448812 0.42952 0.409759 0.389644 0.369292 0.348823 0.328355 0.308002 0.287877 0.268087 0.248733 0.229908 0.211696 0.194173 0.177406 0.161448 0.146345 0.132131 0.11883 0.106457 0.095016 0.084505 0.0749136 0.0662257 0.0584204 0.051473 0.0453567 0.0400433 0.0355049 0.0317149 0.0286489 0.0262856 0.0246079 0.0236041 
0.0245893 0.0249312 0.0259726 0.0277233 0.0301968 0.0334117 0.0373901 0.0421576 0.047742 0.054172 0.0614763 0.0696822 0.0788143 0.0888933 0.0999344 0.111946 0.12493 0.138878 0.153773 0.169587 0.186282 0.20381 0.222109 0.241109 0.260731 0.280882 0.301466 0.322375 0.343497 0.364716 0.385912 0.406963 0.427746 0.448142 0.46803 0.487298 0.505834 0.523535 0.540304 0.55605 0.570691 0.584152 0.596367 0.607275 0.616827 0.624978 0.631692 0.63694 0.640699 0.642954 0.643695 0.642919 0.640629 0.636835 0.631551 0.624801 0.616613 0.607024 0.596078 0.583826 0.570328 0.555651 0.53987 0.523068 0.505337 0.486775 0.467485 0.447579 0.427172 0.406382 0.385331 0.364141 0.342934 0.321829 0.300944 0.28039 0.260273 0.24069 0.221731 0.203476 0.185995 0.169346 0.153577 0.138727 0.124822 0.111877 0.0999013 0.0888918 0.07884 0.06973 0.0615413 0.0542492 0.0478265 0.0422447 0.0374753 0.0334913 0.0302675 0.0277822 0.0260177 0.024962 
0.0259098 0.0262689 0.0273615 0.0291976 0.0317912 0.035161 0.03933 0.0443242 0.0501719 0.0569023 0.0645444 0.0731257 0.0826707 0.0931997 0.104727 0.117261 0.130801 0.145337 0.160849 0.177309 0.194673 0.21289 0.231895 0.251615 0.271963 0.292846 0.314159 0.335793 0.357631 0.379551 0.401429 0.423141 0.444559 0.465561 0.486025 0.505834 0.524877 0.543049 0.560251 0.576393 0.591392 0.605174 0.617672 0.628829 0.638593 0.646922 0.65378 0.65914 0.662978 0.665281 0.666039 0.665247 0.662911 0.659037 0.653642 0.646748 0.638382 0.62858 0.617386 0.604849 0.591029 0.575991 0.559813 0.542576 0.524372 0.5053 0.485466 0.464982 0.443966 0.422538 0.400824 0.37895 0.35704 0.335219 0.313608 0.292323 0.271475 0.251165 0.231488 0.212527 0.194357 0.177041 0.160629 0.145163 0.130671 0.117173 0.104677 0.0931837 0.0826838 0.0731629 0.0646006 0.0569723 0.0502507 0.0444068 0.039412 0.0352382 0.0318602 0.0292555 0.0274062 0.0262998 
0.0272001 0.0275759 0.0287182 0.0306372 0.0333472 0.0368674 0.0412213 0.0464352 0.0525379 0.0595591 0.067528 0.0764722 0.0864162 0.0973796 0.109376 0.122413 0.136488 0.151589 0.167695 0.184773 0.202778 0.221655 0.241335 0.261741 0.282782 0.30436 0.326367 0.348688 0.371202 0.393784 0.416305 0.438638 0.460652 0.482221 0.503222 0.523535 0.543049 0.561656 0.579258 0.595764 0.611092 0.625168 0.637925 0.649307 0.659264 0.667755 0.674744 0.680204 0.684114 0.68646 0.687232 0.686427 0.684049 0.680105 0.67461 0.667585 0.659058 0.649063 0.637643 0.624846 0.610731 0.595364 0.578819 0.56118 0.542538 0.522993 0.502652 0.481629 0.460042 0.438017 0.415679 0.393159 0.370586 0.348087 0.325788 0.303809 0.282264 0.261262 0.240899 0.221264 0.202435 0.184479 0.167451 0.151393 0.136338 0.122307 0.10931 0.097349 0.0864167 0.0764988 0.0675754 0.0596219 0.0526108 0.0465132 0.0412997 0.0369421 0.0334145 0.0306941 0.0287624 0.0276069 
0.0284495 0.0288414 0.0300315 0.0320303 0.0348523 0.0385172 0.0430486 0.0484737 0.0548214 0.0621217 0.0704041 0.0796962 0.0900222 0.101401 0.113847 0.127364 0.141949 0.15759 0.174261 0.191928 0.210542 0.230045 0.250365 0.27142 0.293116 0.31535 0.33801 0.360977 0.384126 0.407328 0.430451 0.453362 0.475931 0.498027 0.519525 0.540304 0.560251 0.579258 0.597227 0.614065 0.629693 0.644035 0.657027 0.668612 0.678743 0.687378 0.694484 0.700035 0.704009 0.706393 0.707178 0.706362 0.703946 0.699939 0.694355 0.687214 0.678542 0.668374 0.65675 0.643718 0.629335 0.613667 0.596788 0.578781 0.559737 0.539756 0.518947 0.497424 0.475308 0.452725 0.429806 0.406683 0.383487 0.360352 0.337405 0.314772 0.292571 0.270913 0.249901 0.229628 0.210173 0.191609 0.173993 0.157372 0.141779 0.127239 0.113764 0.101357 0.0900103 0.0797122 0.0704425 0.0621771 0.0548883 0.048547 0.0431235 0.0385892 0.0349177 0.032086 0.0300751 0.0288723 
0.0296473 0.0300545 0.0312903 0.0333651 0.0362938 0.0400964 0.044797 0.050423 0.0570037 0.0645694 0.0731497 0.0827722 0.0934607 0.105234 0.118105 0.132077 0.147145 0.163295 0.1805 0.198722 0.21791 0.238002 0.258923 0.280587 0.302896 0.325744 0.349014 0.372583 0.396323 0.420101 0.443782 0.467229 0.490309 0.51289 0.534844 0.55605 0.576393 0.595764 0.614065 0.631205 0.647103 0.661684 0.674887 0.686654 0.69694 0.705704 0.712914 0.718544 0.722575 0.724994 0.725791 0.724964 0.722515 0.718453 0.71279 0.705546 0.696746 0.686423 0.674616 0.661374 0.64675 0.630811 0.61363 0.595288 0.575877 0.555499 0.53426 0.512278 0.489674 0.466578 0.44312 0.419437 0.395664 0.371936 0.348385 0.325141 0.302326 0.280054 0.258433 0.237559 0.217516 0.19838 0.18021 0.163056 0.146956 0.131935 0.118006 0.105175 0.0934367 0.0827778 0.0731793 0.0646175 0.0570647 0.0504916 0.0448682 0.0401657 0.0363573 0.0334195 0.0313332 0.0300854 
0.0307829 0.0312047 0.0324835 0.03463 0.0376593 0.0415917 0.0464517 0.0522668 0.0590668 0.0668822 0.0757426 0.0856755 0.0967045 0.108848 0.122117 0.136515 0.152036 0.168662 0.186366 0.205106 0.224829 0.245469 0.26695 0.289179 0.312058 0.335474 0.359308 0.383434 0.407719 0.432027 0.456219 0.480157 0.503705 0.526728 0.549098 0.570691 0.591392 0.611092 0.629693 0.647103 0.663241 0.678037 0.691426 0.703355 0.713777 0.722655 0.729956 0.735656 0.739737 0.742186 0.742993 0.742157 0.73968 0.73557 0.729838 0.722503 0.713591 0.703131 0.691163 0.677733 0.662895 0.646714 0.629261 0.610618 0.590877 0.570138 0.54851 0.52611 0.503061 0.479494 0.455544 0.431346 0.407041 0.382767 0.358658 0.334849 0.311464 0.288623 0.266436 0.245003 0.224412 0.204741 0.186054 0.168404 0.151829 0.136357 0.122004 0.108776 0.0966689 0.085671 0.0757637 0.0669232 0.059122 0.0523307 0.0465192 0.0416583 0.0377208 0.0346831 0.0325257 0.0312355 
