0.003413 0.00344289 0.00353943 0.00370335 0.00393549 0.00423697 0.00460921 0.00505381 0.00557259 0.00616743 0.00684031 0.00759316 0.00842783 0.009346 0.0103491 0.0114381 0.0126139 0.0138765 0.0152255 0.0166599 0.0181779 0.019777 0.021454 0.0232045 0.0250235 0.026905 0.0288422 0.0308274 0.0328519 0.0349063 0.0369805 0.0390636 0.0411441 0.0432102 0.0452493 0.047249 0.0491963 0.0510785 0.0528827 0.0545965 0.0562078 0.0577049 0.0590769 0.0603135 0.0614056 0.0623447 0.0631238 0.0637367 0.0641787 0.0644464 0.0645377 0.0644519 0.0641898 0.0637533 0.0631459 0.0623724 0.0614388 0.0603522 0.0591211 0.0577546 0.0562629 0.054657 0.0529485 0.0511494 0.0492723 0.0473298 0.0453349 0.0433001 0.0412382 0.0391616 0.037082 0.035011 0.0329593 0.0309371 0.0289538 0.0270179 0.0251372 0.0233185 0.0215678 0.0198901 0.0182897 0.0167698 0.0153331 0.0139812 0.0127152 0.0115356 0.0104422 0.00943441 0.0085111 0.00767093 0.00691224 0.00623323 0.00563198 0.00510658 0.00465515 0.00427593 0.00396733 0.00372799 0.0035568 0.00345314 
0.00344289 0.00347305 0.00357046 0.00373582 0.00396999 0.0042741 0.00464957 0.00509803 0.00562128 0.00622125 0.0068999 0.00765919 0.00850097 0.00942692 0.0104385 0.0115367 0.0127223 0.0139954 0.0153556 0.0168019 0.0183324 0.0199446 0.0216352 0.0233998 0.0252335 0.0271301 0.0290828 0.0310837 0.0331241 0.0351946 0.037285 0.0393843 0.0414809 0.0435628 0.0456176 0.0476325 0.0495946 0.0514909 0.0533087 0.0550354 0.0566586 0.0581669 0.059549 0.0607949 0.061895 0.062841 0.0636257 0.0642431 0.0646883 0.0649579 0.0650499 0.0649634 0.0646993 0.0642595 0.0636476 0.0628684 0.0619279 0.0608332 0.0595929 0.0582162 0.0567134 0.0550954 0.0533741 0.0515614 0.0496701 0.0477129 0.0457027 0.0436523 0.0415746 0.0394819 0.0373862 0.035299 0.0332312 0.0311931 0.0291941 0.0272428 0.0253471 0.0235138 0.0217489 0.0200576 0.0184441 0.0169118 0.0154632 0.0141002 0.0128237 0.0116343 0.0105317 0.00951547 0.00858439 0.00773711 0.00697198 0.00628719 0.00568082 0.00515093 0.00469564 0.00431317 0.00400193 0.00376054 0.00358788 0.00348335 
0.00353943 0.00357046 0.00367048 0.00384025 0.00408061 0.00439273 0.00477805 0.00523822 0.00577508 0.00639058 0.00708672 0.00786548 0.00872873 0.00967817 0.0107152 0.011841 0.0130561 0.0143608 0.0157545 0.0172361 0.0188038 0.020455 0.0221861 0.0239928 0.0258699 0.0278111 0.0298094 0.0318567 0.0339443 0.0360623 0.0382003 0.0403471 0.042491 0.0446195 0.04672 0.0487795 0.0507849 0.0527228 0.0545803 0.0563444 0.0580028 0.0595436 0.0609554 0.0622279 0.0633514 0.0643176 0.0651189 0.0657493 0.0662039 0.0664791 0.0665729 0.0664844 0.0662145 0.0657653 0.0651403 0.0643443 0.0633835 0.0622653 0.0609982 0.0595917 0.0580563 0.0564032 0.0546442 0.0527919 0.050859 0.0488585 0.0468037 0.0447076 0.0425833 0.0404434 0.0383002 0.0361655 0.0340503 0.0319652 0.0299198 0.0279231 0.0259828 0.0241062 0.0222994 0.0205677 0.0189154 0.017346 0.0158621 0.0144656 0.0131577 0.0119388 0.0108088 0.00976703 0.0088125 0.00794377 0.00715919 0.00645691 0.005835 0.00529148 0.00482444 0.00443209 0.0041128 0.00386517 0.00368806 0.00358085 
0.00370335 0.00373582 0.00384025 0.0040174 0.00426815 0.0045937 0.00499552 0.00547532 0.00603498 0.00667649 0.0074019 0.00821323 0.00911239 0.0101011 0.0111808 0.0123526 0.0136171 0.0149743 0.0164239 0.0179645 0.0195942 0.0213102 0.0231089 0.0249856 0.026935 0.0289504 0.0310246 0.0331492 0.035315 0.0375119 0.039729 0.0419548 0.044177 0.0463829 0.0485593 0.0506929 0.0527699 0.0547768 0.0567 0.0585264 0.060243 0.0618376 0.0632986 0.0646152 0.0657776 0.066777 0.0676059 0.0682579 0.0687279 0.0690124 0.0691092 0.0690175 0.068738 0.0682731 0.0676262 0.0668025 0.0658082 0.064651 0.0633395 0.0618837 0.0602943 0.0585829 0.0567617 0.0548435 0.0528416 0.0507695 0.0486406 0.0464687 0.0442671 0.0420489 0.0398268 0.0376131 0.0354192 0.033256 0.0311336 0.0290611 0.0270468 0.0250981 0.0232215 0.0214224 0.0197054 0.0180742 0.0165314 0.0150793 0.0137188 0.0124507 0.0112748 0.0101905 0.0091967 0.0082921 0.00747497 0.00674343 0.00609549 0.00552915 0.00504244 0.00463353 0.00430075 0.00404265 0.00385808 0.00374639 
0.00393549 0.00396999 0.00408061 0.00426815 0.00453352 0.00487796 0.00530299 0.00581039 0.00640209 0.00708017 0.00784672 0.00870381 0.00965341 0.0106973 0.0118368 0.0130732 0.0144069 0.015838 0.0173659 0.0189892 0.0207058 0.0225127 0.024406 0.0263808 0.0284312 0.0305505 0.0327309 0.0349636 0.0372388 0.0395459 0.0418737 0.0442098 0.0465415 0.0488555 0.051138 0.0533749 0.055552 0.0576551 0.0596701 0.0615832 0.0633811 0.0650508 0.0665804 0.0679586 0.0691751 0.070221 0.0710883 0.0717703 0.0722619 0.0725593 0.0726603 0.072564 0.0722713 0.0717845 0.0711072 0.0702447 0.0692037 0.067992 0.0666188 0.0650942 0.0634294 0.0616366 0.0597285 0.0577185 0.0556203 0.053448 0.0512158 0.0489379 0.0466283 0.0443008 0.0419685 0.0396444 0.0373404 0.035068 0.0328377 0.0306593 0.0285414 0.0264918 0.0245174 0.022624 0.0208163 0.0190984 0.0174733 0.0159429 0.0145089 0.0131716 0.0119313 0.0107872 0.00973843 0.00878345 0.00792059 0.00714792 0.0064634 0.00586498 0.00535062 0.00491842 0.00456666 0.00429385 0.00409878 0.00398079 
0.00423697 0.0042741 0.00439273 0.0045937 0.00487796 0.0052468 0.00570183 0.00624487 0.00687797 0.00760325 0.0084229 0.00933906 0.0103537 0.0114687 0.0126855 0.0140051 0.015428 0.0169543 0.0185831 0.0203129 0.0221414 0.0240653 0.0260803 0.0281813 0.0303619 0.0326148 0.0349316 0.0373032 0.039719 0.0421678 0.0446376 0.0471154 0.0495877 0.0520404 0.0544589 0.0568285 0.059134 0.0613606 0.0634933 0.0655176 0.0674196 0.0691856 0.070803 0.0722601 0.0735462 0.0746515 0.0755679 0.0762885 0.0768078 0.0771217 0.0772281 0.077126 0.0768162 0.0763013 0.075585 0.074673 0.0735721 0.0722906 0.0708381 0.0692253 0.067464 0.0655669 0.0635474 0.0614195 0.0591978 0.0568971 0.0545323 0.0521184 0.0496703 0.0472022 0.0447285 0.0422625 0.0398171 0.0374044 0.0350356 0.0327209 0.0304698 0.0282905 0.0261902 0.0241754 0.0222511 0.0204216 0.0186901 0.0170592 0.0155302 0.0141039 0.0127805 0.0115594 0.0104396 0.00941961 0.00849773 0.00767198 0.00694025 0.0063004 0.00575033 0.00528805 0.00491178 0.00461996 0.00441133 0.0042852 
0.00460921 0.00464957 0.00477805 0.00499552 0.00530299 0.00570183 0.0061937 0.00678053 0.00746446 0.00824771 0.00913255 0.0101212 0.0112158 0.012418 0.0137295 0.0151511 0.0166835 0.0183263 0.0200788 0.0219391 0.0239046 0.0259717 0.0281357 0.0303909 0.0327306 0.0351469 0.0376306 0.0401718 0.0427594 0.0453813 0.0480245 0.0506753 0.0533192 0.0559411 0.0585256 0.0610569 0.063519 0.065896 0.0681722 0.0703322 0.0723609 0.0742443 0.0759688 0.077522 0.0788926 0.0800704 0.0810467 0.0818141 0.082367 0.0827011 0.082814 0.0827048 0.0823743 0.0818252 0.0810615 0.080089 0.0789152 0.0775487 0.0759997 0.0742795 0.0724006 0.0703763 0.068221 0.0659496 0.0635773 0.06112 0.0585935 0.0560137 0.0533964 0.0507569 0.0481105 0.0454713 0.0428532 0.040269 0.0377308 0.0352497 0.0328357 0.0304976 0.0282435 0.02608 0.0240129 0.0220468 0.0201853 0.018431 0.0167857 0.0152503 0.0138251 0.0125095 0.0113025 0.0102028 0.00920847 0.00831756 0.00752786 0.00683714 0.00624321 0.005744 0.00533761 0.00502244 0.00479715 0.00466102 
0.00505381 0.00509803 0.00523822 0.00547532 0.00581039 0.00624487 0.00678053 0.00741941 0.00816372 0.00901582 0.00997809 0.0110528 0.0122422 0.013548 0.0149717 0.0165145 0.0181765 0.0199575 0.0218565 0.0238713 0.0259991 0.0282357 0.030576 0.0330138 0.0355417 0.038151 0.040832 0.0435737 0.0463642 0.0491904 0.0520384 0.0548933 0.0577396 0.0605611 0.0633413 0.0660633 0.06871 0.0712643 0.0737095 0.0760291 0.0782073 0.0802288 0.0820793 0.0837456 0.0852157 0.0864788 0.0875255 0.0883482 0.0889406 0.0892985 0.089419 0.0893014 0.0889466 0.0883571 0.0875376 0.0864941 0.0852344 0.0837679 0.0821053 0.0802586 0.0782411 0.0760672 0.073752 0.0713113 0.0687616 0.0661196 0.0634024 0.060627 0.0578102 0.0549686 0.0521182 0.0492746 0.0464525 0.0436659 0.0409276 0.0382497 0.0356431 0.0331173 0.0306811 0.0283418 0.0261056 0.0239778 0.0219621 0.0200617 0.0182786 0.0166139 0.0150678 0.0136402 0.0123298 0.0111355 0.0100552 0.00908689 0.00822835 0.0074772 0.00683117 0.00628806 0.0058459 0.00550297 0.00525788 0.00510988 
0.00557259 0.00562128 0.00577508 0.00603498 0.00640209 0.00687797 0.00746446 0.00816372 0.00897811 0.00991008 0.0109621 0.0121367 0.0134359 0.0148617 0.0164156 0.0180985 0.0199107 0.0218516 0.0239201 0.0261136 0.0284289 0.0308614 0.0334054 0.0360541 0.0387992 0.0416314 0.0445399 0.0475128 0.0505372 0.0535989 0.0566828 0.0597728 0.0628522 0.0659035 0.0689089 0.0718503 0.0747092 0.0774674 0.0801069 0.08261 0.0849598 0.08714 0.0891353 0.0909316 0.0925159 0.0938769 0.0950045 0.0958905 0.0965284 0.0969134 0.0970428 0.0969155 0.0965327 0.0958971 0.0950134 0.0938883 0.0925301 0.0909487 0.0891555 0.0871635 0.0849869 0.082641 0.0801419 0.0775067 0.0747529 0.0718987 0.0689621 0.0659616 0.0629151 0.0598406 0.0567554 0.0536763 0.0506191 0.047599 0.04463 0.0417251 0.0388961 0.0361537 0.0335072 0.0309647 0.0285332 0.0262183 0.0240244 0.021955 0.0200124 0.0181979 0.016512 0.0149545 0.0135244 0.0122204 0.0110404 0.00998241 0.00904401 0.00822278 0.00751629 0.00692225 0.00643857 0.00606343 0.00579537 0.00563357 
0.00616743 0.00622125 0.00639058 0.00667649 0.00708017 0.00760325 0.00824771 0.00901582 0.00991008 0.0109331 0.0120874 0.0133756 0.0147999 0.0163623 0.0180643 0.0199066 0.0218895 0.0240123 0.0262733 0.0286698 0.031198 0.0338529 0.036628 0.0395158 0.0425072 0.0455919 0.0487581 0.0519929 0.0552821 0.0586102 0.0619609 0.0653168 0.0686596 0.0719706 0.0752304 0.0784194 0.0815179 0.0845063 0.087365 0.0900751 0.0926185 0.0949776 0.0971361 0.0990788 0.100792 0.102263 0.103482 0.104439 0.105128 0.105544 0.105683 0.105545 0.105131 0.104443 0.103487 0.10227 0.100801 0.0990899 0.0971497 0.0949939 0.0926378 0.0900979 0.0873914 0.0845367 0.0815526 0.0784586 0.0752744 0.0720195 0.0687135 0.0653758 0.0620251 0.0586795 0.0553563 0.0520719 0.0488416 0.0456796 0.0425987 0.0396106 0.0367256 0.0339527 0.0312995 0.0287722 0.026376 0.0241145 0.0219906 0.0200058 0.0181609 0.0164556 0.0148893 0.0134603 0.0121668 0.0110067 0.00997728 0.00907617 0.00830077 0.00764867 0.00711765 0.00670579 0.00641153 0.00623402 
0.00684031 0.0068999 0.00708672 0.0074019 0.00784672 0.0084229 0.00913255 0.00997809 0.0109621 0.0120874 0.0133567 0.0147725 0.0163373 0.018053 0.0199211 0.0219423 0.0241166 0.0264431 0.0289198 0.0315436 0.0343102 0.0372138 0.0402474 0.0434025 0.0466691 0.0500358 0.0534898 0.0570169 0.0606014 0.0642267 0.0678749 0.0715269 0.0751632 0.0787633 0.0823063 0.0857709 0.0891359 0.0923801 0.0954825 0.0984228 0.101181 0.103739 0.106079 0.108184 0.11004 0.111634 0.112954 0.11399 0.114736 0.115186 0.115336 0.115186 0.114736 0.113991 0.112955 0.111636 0.110043 0.108188 0.106085 0.103747 0.101192 0.0984362 0.0954992 0.0924004 0.0891603 0.0857996 0.0823397 0.0788017 0.0752068 0.0715759 0.0679293 0.0642866 0.0606668 0.0570875 0.0535656 0.0501164 0.0467541 0.0434915 0.04034 0.0373093 0.034408 0.031643 0.0290201 0.0265436 0.0242165 0.0220408 0.0200175 0.0181466 0.0164272 0.0148581 0.0134371 0.0121622 0.0110306 0.0100397 0.00918685 0.00846947 0.00788523 0.00743207 0.00710836 0.00691318 
0.00759316 0.00765919 0.00786548 0.00821323 0.00870381 0.00933906 0.0101212 0.0110528 0.0121367 0.0133756 0.0147725 0.0163301 0.0180509 0.0199367 0.021989 0.0242084 0.0265949 0.0291471 0.0318627 0.0347381 0.0377684 0.0409472 0.0442665 0.0477169 0.0512875 0.0549655 0.0587371 0.0625865 0.0664967 0.0704494 0.0744251 0.0784034 0.0823626 0.0862807 0.0901351 0.0939028 0.0975607 0.101086 0.104456 0.107649 0.110643 0.113419 0.115958 0.118241 0.120254 0.121982 0.123413 0.124536 0.125344 0.125831 0.125993 0.12583 0.125342 0.124533 0.123409 0.121978 0.120251 0.118238 0.115955 0.113418 0.110644 0.107652 0.104462 0.101095 0.0975734 0.0939197 0.0901567 0.0863073 0.0823945 0.0784409 0.0744684 0.0704986 0.0665518 0.0626475 0.0588038 0.0550378 0.0513649 0.0477991 0.044353 0.0410374 0.0378617 0.0348338 0.0319601 0.0292453 0.0266932 0.024306 0.0220849 0.0200301 0.018141 0.0164163 0.0148539 0.0134514 0.0122063 0.0111156 0.0101767 0.00938677 0.00874334 0.00824428 0.00788782 0.007673 
0.00842783 0.00850097 0.00872873 0.00911239 0.00965341 0.0103537 0.0112158 0.0122422 0.0134359 0.0147999 0.0163373 0.0180509 0.019943 0.0220158 0.0242705 0.0267078 0.0293271 0.0321269 0.0351046 0.0382558 0.041575 0.0450551 0.0486871 0.0524607 0.0563636 0.0603821 0.0645005 0.0687018 0.0729675 0.0772775 0.0816105 0.0859442 0.0902553 0.0945198 0.0987132 0.102811 0.106787 0.110618 0.114279 0.117746 0.120997 0.12401 0.126764 0.129241 0.131424 0.133298 0.134848 0.136066 0.136941 0.137469 0.137644 0.137467 0.136937 0.13606 0.13484 0.133288 0.131413 0.12923 0.126753 0.123999 0.120987 0.117738 0.114272 0.110614 0.106787 0.102814 0.0987214 0.0945331 0.090274 0.0859687 0.0816412 0.0773145 0.073011 0.0687519 0.0645569 0.0604447 0.0564323 0.0525349 0.0487665 0.045139 0.0416629 0.0383469 0.0351981 0.0322222 0.0294231 0.0268037 0.0243654 0.0221087 0.0200332 0.0181373 0.0164193 0.0148766 0.0135065 0.0123061 0.0112724 0.0104025 0.00969393 0.0091443 0.00875176 0.00851533 
0.009346 0.00942692 0.00967817 0.0101011 0.0106973 0.0114687 0.012418 0.013548 0.0148617 0.0163623 0.018053 0.0199367 0.0220158 0.0242924 0.0267677 0.0294421 0.0323149 0.0353843 0.0386468 0.0420979 0.0457311 0.0495383 0.0535098 0.057634 0.0618973 0.0662846 0.0707788 0.0753612 0.0800115 0.0847079 0.0894271 0.0941449 0.0988361 0.103475 0.108034 0.112487 0.116807 0.120967 0.124941 0.128704 0.132231 0.135499 0.138485 0.14117 0.143536 0.145566 0.147246 0.148565 0.149513 0.150084 0.150273 0.15008 0.149506 0.148555 0.147233 0.14555 0.143518 0.14115 0.138464 0.135476 0.132209 0.128683 0.124921 0.120949 0.116792 0.112476 0.108027 0.103473 0.0988402 0.0941551 0.0894437 0.0847313 0.080042 0.0753988 0.0708235 0.0663364 0.0619559 0.057699 0.0535809 0.0496149 0.0458125 0.0421835 0.0387358 0.0354757 0.0324079 0.0295357 0.026861 0.0243843 0.0221055 0.0200231 0.0181353 0.0164396 0.0149331 0.0136128 0.0124756 0.0115185 0.0107387 0.0101338 0.00970188 0.00944183 
0.0103491 0.0104385 0.0107152 0.0111808 0.0118368 0.0126855 0.0137295 0.0149717 0.0164156 0.0180643 0.0199211 0.021989 0.0242705 0.0267677 0.0294816 0.0324125 0.0355593 0.0389197 0.0424899 0.0462645 0.0502363 0.0543963 0.0587335 0.0632352 0.0678864 0.0726705 0.0775686 0.0825605 0.0876238 0.0927349 0.0978684 0.102998 0.108097 0.113135 0.118086 0.12292 0.127607 0.13212 0.136429 0.140507 0.144329 0.147869 0.151103 0.154011 0.156572 0.158769 0.160587 0.162013 0.163039 0.163656 0.16386 0.163651 0.163029 0.161998 0.160567 0.158745 0.156545 0.153981 0.151071 0.147835 0.144294 0.140472 0.136395 0.132087 0.127577 0.122893 0.118064 0.113118 0.108084 0.102992 0.0978694 0.0927431 0.0876396 0.0825841 0.0776001 0.0727098 0.0679335 0.0632897 0.058795 0.0544643 0.0503102 0.0463435 0.0425733 0.0390064 0.0356485 0.0325031 0.0295727 0.0268581 0.0243592 0.0220749 0.0200033 0.0181418 0.0164875 0.0150373 0.0137878 0.0127361 0.0118791 0.0112143 0.0107396 0.0104539 
0.0114381 0.0115367 0.011841 0.0123526 0.0130732 0.0140051 0.0151511 0.0165145 0.0180985 0.0199066 0.0219423 0.0242084 0.0267078 0.0294421 0.0324125 0.0356189 0.0390598 0.0427326 0.0466328 0.0507542 0.0550888 0.0596265 0.0643551 0.0692605 0.0743264 0.0795343 0.0848638 0.0902926 0.0957965 0.10135 0.106925 0.112493 0.118025 0.12349 0.128857 0.134095 0.139172 0.144059 0.148723 0.153137 0.157271 0.1611 0.164597 0.16774 0.170507 0.172881 0.174845 0.176386 0.177493 0.178159 0.178379 0.178152 0.17748 0.176366 0.174819 0.17285 0.170471 0.167699 0.164553 0.161053 0.157223 0.153087 0.148673 0.14401 0.139125 0.134051 0.128817 0.123454 0.117995 0.11247 0.106908 0.101341 0.0957962 0.0903008 0.0848806 0.0795598 0.0743605 0.0693031 0.0644057 0.0596846 0.0551539 0.0508255 0.0467094 0.0428137 0.0391443 0.0357056 0.0325005 0.0295303 0.0267949 0.0242934 0.022024 0.019984 0.0181706 0.0165804 0.0152101 0.0140563 0.0131161 0.0123867 0.011866 0.0115527 
0.0126139 0.0127223 0.0130561 0.0136171 0.0144069 0.015428 0.0166835 0.0181765 0.0199107 0.0218895 0.0241166 0.0265949 0.0293271 0.0323149 0.0355593 0.0390598 0.0428147 0.0468208 0.0510727 0.0555637 0.0602846 0.0652242 0.0703692 0.0757038 0.0812102 0.0868682 0.0926555 0.0985476 0.104518 0.11054 0.116582 0.122614 0.128605 0.13452 0.140327 0.145992 0.151481 0.156762 0.161801 0.166568 0.171032 0.175164 0.178938 0.182328 0.185313 0.187873 0.18999 0.191651 0.192844 0.193562 0.193799 0.193553 0.192828 0.191626 0.189958 0.187833 0.185267 0.182276 0.178881 0.175103 0.170968 0.166502 0.161735 0.156695 0.151416 0.145929 0.140268 0.134465 0.128556 0.122572 0.116547 0.110513 0.1045 0.0985387 0.092656 0.0868783 0.0812299 0.075733 0.0704075 0.0652712 0.0603396 0.0556261 0.0511416 0.0468951 0.0428935 0.0391419 0.0356435 0.0324001 0.029412 0.0266783 0.0241973 0.0219664 0.0199826 0.0182426 0.0167427 0.0154797 0.0144503 0.0136517 0.0130816 0.0127388 
0.0138765 0.0139954 0.0143608 0.0149743 0.015838 0.0169543 0.0183263 0.0199575 0.0218516 0.0240123 0.0264431 0.0291471 0.0321269 0.0353843 0.0389197 0.0427326 0.0468208 0.0511802 0.0558051 0.0606876 0.0658176 0.0711827 0.0767679 0.0825562 0.088528 0.0946611 0.100931 0.107312 0.113775 0.120289 0.126823 0.133344 0.139816 0.146204 0.152473 0.158586 0.164507 0.170202 0.175634 0.18077 0.185579 0.190029 0.194092 0.197742 0.200954 0.203708 0.205986 0.207772 0.209055 0.209827 0.210081 0.209816 0.209035 0.207742 0.205947 0.20366 0.200898 0.197678 0.194022 0.189954 0.185499 0.180688 0.175549 0.170117 0.164423 0.158504 0.152394 0.146129 0.139746 0.133281 0.126768 0.120243 0.113737 0.107284 0.100914 0.0946543 0.0885318 0.0825706 0.0767925 0.0712171 0.0658613 0.0607398 0.055865 0.0512467 0.0468928 0.042809 0.0389993 0.0354657 0.0322089 0.0292283 0.0265222 0.0240881 0.021923 0.0200234 0.0183856 0.0170062 0.0158818 0.0150094 0.0143867 0.0140123 
0.0152255 0.0153556 0.0157545 0.0164239 0.0173659 0.0185831 0.0200788 0.0218565 0.0239201 0.0262733 0.0289198 0.0318627 0.0351046 0.0386468 0.0424899 0.0466328 0.0510727 0.0558051 0.0608234 0.0661185 0.0716794 0.0774922 0.0835407 0.089806 0.0962666 0.102899 0.109675 0.116569 0.123547 0.130578 0.137627 0.144658 0.151633 0.158516 0.165267 0.171848 0.17822 0.184345 0.190186 0.195708 0.200875 0.205656 0.21002 0.213939 0.217388 0.220344 0.222789 0.224706 0.226082 0.226909 0.227181 0.226897 0.226058 0.22467 0.222742 0.220287 0.217321 0.213864 0.209937 0.205566 0.200779 0.195608 0.190083 0.18424 0.178115 0.171744 0.165166 0.158419 0.151542 0.144573 0.13755 0.13051 0.123489 0.116521 0.109639 0.102873 0.0962529 0.0898039 0.0835501 0.0775126 0.0717103 0.0661592 0.0608729 0.0558626 0.051137 0.0467025 0.0425639 0.0387236 0.0351827 0.031941 0.0289967 0.0263475 0.0239903 0.0219217 0.0201378 0.0186349 0.0174098 0.0164592 0.0157807 0.015373 
0.0166599 0.0168019 0.0172361 0.0179645 0.0189892 0.0203129 0.0219391 0.0238713 0.0261136 0.0286698 0.0315436 0.0347381 0.0382558 0.0420979 0.0462645 0.0507542 0.0555637 0.0606876 0.0661185 0.0718464 0.0778588 0.0841406 0.0906739 0.097438 0.10441 0.111563 0.118869 0.126296 0.133812 0.141381 0.148966 0.156528 0.164027 0.171424 0.178675 0.185742 0.192581 0.199153 0.205418 0.211339 0.216878 0.222002 0.226677 0.230874 0.234568 0.237733 0.240349 0.242401 0.243874 0.244758 0.245049 0.244744 0.243846 0.24236 0.240295 0.237666 0.23449 0.230786 0.226579 0.221895 0.216765 0.21122 0.205296 0.199028 0.192455 0.185616 0.178552 0.171304 0.163913 0.15642 0.148866 0.14129 0.133732 0.126227 0.118811 0.111517 0.104377 0.0974181 0.0906666 0.0841456 0.0778756 0.0718743 0.0661566 0.0607349 0.055619 0.0508162 0.0463319 0.0421691 0.0383294 0.0348127 0.0316176 0.0287419 0.0261823 0.0239354 0.0219974 0.0203644 0.019033 0.0179999 0.0172626 0.0168196 
0.0181779 0.0183324 0.0188038 0.0195942 0.0207058 0.0221414 0.0239046 0.0259991 0.0284289 0.031198 0.0343102 0.0377684 0.041575 0.0457311 0.0502363 0.0550888 0.0602846 0.0658176 0.0716794 0.0778588 0.0843421 0.0911126 0.0981508 0.105434 0.112937 0.120632 0.128487 0.13647 0.144543 0.15267 0.16081 0.168922 0.176963 0.18489 0.192659 0.200227 0.207548 0.214582 0.221284 0.227616 0.233538 0.239013 0.244009 0.248493 0.252438 0.255817 0.258611 0.260801 0.262373 0.263317 0.263627 0.263301 0.262341 0.260754 0.258549 0.255741 0.252348 0.248392 0.243896 0.238891 0.233407 0.227478 0.221141 0.214435 0.2074 0.200078 0.192512 0.184746 0.176824 0.168789 0.160686 0.152555 0.144439 0.136377 0.128407 0.120565 0.112884 0.105395 0.0981254 0.0911008 0.0843434 0.0778725 0.0717047 0.0658535 0.0603298 0.055142 0.050296 0.0457958 0.0416433 0.0378386 0.0343807 0.0312673 0.0284955 0.0260616 0.0239618 0.0221922 0.0207492 0.0196295 0.0188304 0.0183505 
0.019777 0.0199446 0.020455 0.0213102 0.0225127 0.0240653 0.0259717 0.0282357 0.0308614 0.0338529 0.0372138 0.0409472 0.0450551 0.0495383 0.0543963 0.0596265 0.0652242 0.0711827 0.0774922 0.0841406 0.0911126 0.0983901 0.105952 0.113773 0.121826 0.130081 0.138504 0.14706 0.155709 0.164411 0.173123 0.181801 0.1904 0.198874 0.207175 0.215257 0.223074 0.23058 0.237731 0.244484 0.250798 0.256635 0.261958 0.266736 0.270937 0.274537 0.277511 0.279842 0.281516 0.28252 0.28285 0.282502 0.28148 0.279789 0.277441 0.274451 0.270836 0.266621 0.26183 0.256495 0.250649 0.244326 0.237567 0.230411 0.222902 0.215084 0.207003 0.198705 0.190236 0.181643 0.172973 0.16427 0.155579 0.146943 0.138401 0.129991 0.121751 0.113713 0.105907 0.09836 0.0910971 0.0841389 0.0775035 0.0712058 0.0652581 0.0596697 0.0544474 0.0495957 0.045117 0.0410121 0.03728 0.0339187 0.0309253 0.0282961 0.0260274 0.0241151 0.0225555 0.0213453 0.0204815 0.0199629 
0.021454 0.0216352 0.0221861 0.0231089 0.024406 0.0260803 0.0281357 0.030576 0.0334054 0.036628 0.0402474 0.0442665 0.0486871 0.0535098 0.0587335 0.0643551 0.0703692 0.0767679 0.0835407 0.0906739 0.0981508 0.105952 0.114053 0.122429 0.131049 0.13988 0.148888 0.158032 0.167273 0.176565 0.185864 0.195123 0.204294 0.213327 0.222172 0.230781 0.239104 0.247093 0.254701 0.261884 0.268598 0.274802 0.28046 0.285536 0.289999 0.293822 0.29698 0.299455 0.301232 0.302298 0.302647 0.302278 0.301192 0.299396 0.296903 0.293726 0.289886 0.285407 0.280317 0.274646 0.26843 0.261706 0.254516 0.246901 0.238908 0.230583 0.221975 0.213131 0.204103 0.194939 0.185688 0.176398 0.167117 0.15789 0.148759 0.139767 0.130951 0.122347 0.113987 0.105902 0.0981171 0.0906554 0.0835366 0.0767773 0.0703907 0.0643874 0.058775 0.0535588 0.0487419 0.0443253 0.0403086 0.0366897 0.033466 0.0306339 0.0281895 0.0261287 0.0244479 0.0231434 0.0222125 0.0216537 
0.0232045 0.0233998 0.0239928 0.0249856 0.0263808 0.0281813 0.0303909 0.0330138 0.0360541 0.0395158 0.0434025 0.0477169 0.0524607 0.057634 0.0632352 0.0692605 0.0757038 0.0825562 0.089806 0.097438 0.105434 0.113773 0.122429 0.131373 0.140575 0.149997 0.159603 0.16935 0.179195 0.189091 0.19899 0.208841 0.218594 0.228197 0.237596 0.246741 0.255578 0.264058 0.272131 0.27975 0.286869 0.293447 0.299443 0.304821 0.309549 0.313598 0.316943 0.319564 0.321444 0.322573 0.322942 0.322551 0.321401 0.319499 0.316858 0.313493 0.309425 0.304679 0.299284 0.293273 0.286683 0.279552 0.271924 0.263843 0.255358 0.246518 0.237373 0.227975 0.218376 0.208629 0.198786 0.188897 0.179013 0.169181 0.159448 0.149858 0.140452 0.131268 0.122341 0.113702 0.105381 0.0974015 0.0897854 0.0825506 0.0757118 0.0692807 0.063266 0.0576737 0.0525074 0.0477689 0.0434579 0.0395727 0.0361108 0.0330686 0.0304424 0.0282279 0.0264214 0.0250194 0.0240189 0.0234185 
0.0250235 0.0252335 0.0258699 0.026935 0.0284312 0.0303619 0.0327306 0.0355417 0.0387992 0.0425072 0.0466691 0.0512875 0.0563636 0.0618973 0.0678864 0.0743264 0.0812102 0.088528 0.0962666 0.10441 0.112937 0.121826 0.131049 0.140575 0.150369 0.160395 0.17061 0.180972 0.191432 0.201941 0.212449 0.222902 0.233246 0.243427 0.253388 0.263074 0.272433 0.281409 0.289952 0.298011 0.30554 0.312494 0.318831 0.324515 0.32951 0.333786 0.337319 0.340086 0.342072 0.343263 0.343653 0.343239 0.342024 0.340016 0.337226 0.333671 0.329373 0.324359 0.318657 0.312303 0.305335 0.297793 0.289723 0.281171 0.272188 0.262826 0.253138 0.243178 0.233001 0.222662 0.212217 0.201719 0.191221 0.180775 0.170428 0.160229 0.150221 0.140445 0.130938 0.121734 0.112864 0.104354 0.0962284 0.0885062 0.0812036 0.0743335 0.0679055 0.0619268 0.0564015 0.0513318 0.046718 0.0425587 0.0388515 0.0355929 0.0327792 0.0304064 0.0284704 0.0269678 0.0258956 0.0252522 
0.026905 0.0271301 0.0278111 0.0289504 0.0305505 0.0326148 0.0351469 0.038151 0.0416314 0.0455919 0.0500358 0.0549655 0.0603821 0.0662846 0.0726705 0.0795343 0.0868682 0.0946611 0.102899 0.111563 0.120632 0.130081 0.13988 0.149997 0.160395 0.171033 0.181867 0.192851 0.203934 0.215065 0.226189 0.23725 0.248191 0.258955 0.269482 0.279715 0.289598 0.299074 0.308089 0.316592 0.324532 0.331864 0.338544 0.344533 0.349796 0.354301 0.358022 0.360936 0.363026 0.36428 0.36469 0.364254 0.362975 0.360859 0.35792 0.354176 0.349648 0.344364 0.338355 0.331656 0.324308 0.316353 0.307838 0.298813 0.289329 0.279442 0.269206 0.258678 0.247917 0.236981 0.225928 0.214813 0.203694 0.192625 0.181657 0.17084 0.16022 0.149842 0.139745 0.129966 0.120537 0.111487 0.102842 0.0946221 0.0868459 0.0795273 0.072677 0.0663029 0.0604102 0.0550015 0.0500775 0.0456373 0.0416786 0.0381981 0.0351922 0.0326568 0.0305879 0.0289821 0.0278362 0.0271488 
0.0288422 0.0290828 0.0298094 0.0310246 0.0327309 0.0349316 0.0376306 0.040832 0.0445399 0.0487581 0.0534898 0.0587371 0.0645005 0.0707788 0.0775686 0.0848638 0.0926555 0.100931 0.109675 0.118869 0.128487 0.138504 0.148888 0.159603 0.17061 0.181867 0.193326 0.204938 0.21665 0.228407 0.240151 0.251824 0.263366 0.274715 0.285811 0.296593 0.307001 0.316977 0.326465 0.335411 0.343763 0.351472 0.358494 0.364789 0.370319 0.375052 0.378961 0.382021 0.384216 0.385533 0.385964 0.385505 0.384161 0.381939 0.378852 0.374918 0.37016 0.364607 0.35829 0.351248 0.34352 0.335152 0.326193 0.316693 0.306708 0.296293 0.285507 0.274411 0.263063 0.251527 0.239861 0.228126 0.216381 0.204683 0.193087 0.181646 0.170409 0.159421 0.148727 0.138365 0.128369 0.118772 0.109599 0.100874 0.0926167 0.0848418 0.0775617 0.0707852 0.0645181 0.0587638 0.0535236 0.0487968 0.0445815 0.0408745 0.0376723 0.0349708 0.0327662 0.0310549 0.0298337 0.0291014 
0.0308274 0.0310837 0.0318567 0.0331492 0.0349636 0.0373032 0.0401718 0.0435737 0.0475128 0.0519929 0.0570169 0.0625865 0.0687018 0.0753612 0.0825605 0.0902926 0.0985476 0.107312 0.116569 0.126296 0.13647 0.14706 0.158032 0.16935 0.180972 0.192851 0.204938 0.217181 0.229524 0.241908 0.254275 0.26656 0.278703 0.290637 0.302301 0.313631 0.324563 0.335039 0.344998 0.354385 0.363146 0.371231 0.378594 0.385192 0.390987 0.395947 0.400041 0.403247 0.405547 0.406925 0.407376 0.406896 0.405488 0.403159 0.399925 0.395803 0.390817 0.384997 0.378375 0.37099 0.362885 0.354107 0.344704 0.334732 0.324246 0.313306 0.301972 0.290306 0.278372 0.266234 0.253955 0.241598 0.229225 0.216897 0.20467 0.192601 0.180742 0.169142 0.157846 0.146895 0.136328 0.126177 0.116471 0.107236 0.0984914 0.0902548 0.0825393 0.0753548 0.0687081 0.0626033 0.0570421 0.0520243 0.0475483 0.0436112 0.0402094 0.0373391 0.0349965 0.0331779 0.0318802 0.0311021 
0.0328519 0.0331241 0.0339443 0.035315 0.0372388 0.039719 0.0427594 0.0463642 0.0505372 0.0552821 0.0606014 0.0664967 0.0729675 0.0800115 0.0876238 0.0957965 0.104518 0.113775 0.123547 0.133812 0.144543 0.155709 0.167273 0.179195 0.191432 0.203934 0.21665 0.229524 0.242497 0.255509 0.268495 0.281391 0.294132 0.306649 0.318878 0.330752 0.342205 0.353176 0.363602 0.373426 0.382593 0.39105 0.398749 0.405647 0.411705 0.416888 0.421166 0.424516 0.426918 0.428358 0.428829 0.428327 0.426855 0.424423 0.421043 0.416735 0.411524 0.40544 0.398516 0.390793 0.382315 0.373129 0.363288 0.352847 0.341864 0.330402 0.318522 0.306291 0.293773 0.281036 0.268146 0.255168 0.242169 0.22921 0.216353 0.203655 0.191174 0.178959 0.16706 0.155519 0.144378 0.13367 0.123429 0.113679 0.104444 0.0957421 0.0875877 0.0799917 0.0729619 0.066503 0.0606175 0.0553057 0.0505661 0.0463961 0.0427925 0.0397514 0.0372691 0.0353418 0.0339667 0.0331423 
0.0349063 0.0351946 0.0360623 0.0375119 0.0395459 0.0421678 0.0453813 0.0491904 0.0535989 0.0586102 0.0642267 0.0704494 0.0772775 0.0847079 0.0927349 0.10135 0.11054 0.120289 0.130578 0.141381 0.15267 0.164411 0.176565 0.189091 0.201941 0.215065 0.228407 0.241908 0.255509 0.269143 0.282745 0.296247 0.30958 0.322675 0.335463 0.347875 0.359843 0.371302 0.38219 0.392445 0.402011 0.410834 0.418865 0.426058 0.432374 0.437777 0.442236 0.445727 0.44823 0.449731 0.450221 0.449698 0.448164 0.445629 0.442106 0.437616 0.432184 0.425839 0.418619 0.410563 0.401716 0.392129 0.381855 0.370952 0.359479 0.3475 0.335082 0.32229 0.309194 0.295863 0.282367 0.268773 0.25515 0.241565 0.22808 0.214757 0.201655 0.188827 0.176325 0.164195 0.15248 0.141216 0.130438 0.120173 0.110447 0.101278 0.0926831 0.084674 0.0772593 0.0704447 0.0642332 0.0586255 0.0536207 0.0492164 0.0454096 0.0421965 0.0395734 0.0375367 0.0360836 0.0352125 
0.0369805 0.037285 0.0382003 0.039729 0.0418737 0.0446376 0.0480245 0.0520384 0.0566828 0.0619609 0.0678749 0.0744251 0.0816105 0.0894271 0.0978684 0.106925 0.116582 0.126823 0.137627 0.148966 0.16081 0.173123 0.185864 0.19899 0.212449 0.226189 0.240151 0.254275 0.268495 0.282745 0.296955 0.311056 0.324974 0.338638 0.351976 0.364917 0.377391 0.389331 0.400672 0.41135 0.421308 0.43049 0.438845 0.446328 0.452896 0.458514 0.46315 0.466779 0.46938 0.47094 0.471449 0.470906 0.469311 0.466676 0.463014 0.458345 0.452696 0.446098 0.438586 0.430204 0.420997 0.411017 0.400318 0.38896 0.377005 0.364519 0.35157 0.338226 0.32456 0.310644 0.296548 0.282346 0.268107 0.253901 0.239795 0.225852 0.212134 0.198698 0.185597 0.172881 0.160595 0.148777 0.137465 0.126687 0.11647 0.106835 0.0978006 0.0893787 0.0815793 0.0744089 0.0678712 0.0619674 0.0566971 0.0520581 0.0480477 0.0446622 0.041898 0.0397517 0.0382203 0.0373025 
0.0390636 0.0393843 0.0403471 0.0419548 0.0442098 0.0471154 0.0506753 0.0548933 0.0597728 0.0653168 0.0715269 0.0784034 0.0859442 0.0941449 0.102998 0.112493 0.122614 0.133344 0.144658 0.156528 0.168922 0.181801 0.195123 0.208841 0.222902 0.23725 0.251824 0.26656 0.281391 0.296247 0.311056 0.325743 0.340235 0.354458 0.368335 0.381795 0.394764 0.407174 0.418957 0.430048 0.440388 0.44992 0.458592 0.466356 0.473171 0.478998 0.483806 0.487569 0.490267 0.491884 0.492412 0.491848 0.490195 0.487462 0.483664 0.478822 0.472962 0.466116 0.458321 0.449621 0.440062 0.429698 0.418585 0.406783 0.394357 0.381374 0.367905 0.354021 0.339796 0.325304 0.31062 0.29582 0.280975 0.266158 0.251439 0.236884 0.222559 0.208522 0.194829 0.181534 0.168682 0.156316 0.144473 0.133186 0.122483 0.112386 0.102914 0.0940816 0.0858996 0.0783752 0.0715128 0.0653142 0.0597793 0.0549065 0.050693 0.0471357 0.0442308 0.0419752 0.0403658 0.0394013 
0.0411441 0.0414809 0.042491 0.044177 0.0465415 0.0495877 0.0533192 0.0577396 0.0628522 0.0686596 0.0751632 0.0823626 0.0902553 0.0988361 0.108097 0.118025 0.128605 0.139816 0.151633 0.164027 0.176963 0.1904 0.204294 0.218594 0.233246 0.248191 0.263366 0.278703 0.294132 0.30958 0.324974 0.340235 0.355288 0.370055 0.384458 0.398423 0.411875 0.424741 0.436954 0.448447 0.459158 0.46903 0.478009 0.486046 0.493098 0.499128 0.504103 0.507996 0.510786 0.512459 0.513005 0.512422 0.510712 0.507885 0.503956 0.498946 0.492881 0.485796 0.477727 0.468718 0.458818 0.448081 0.436565 0.424332 0.411447 0.397981 0.384005 0.369594 0.354823 0.33977 0.324511 0.309125 0.293687 0.278271 0.262952 0.247797 0.232874 0.218247 0.203973 0.190107 0.176698 0.163791 0.151426 0.139637 0.128453 0.117899 0.107996 0.0987575 0.090197 0.0823223 0.0751383 0.0686476 0.0628506 0.0577459 0.0533313 0.0496035 0.0465591 0.044195 0.0425081 0.0414975 
0.0432102 0.0435628 0.0446195 0.0463829 0.0488555 0.0520404 0.0559411 0.0605611 0.0659035 0.0719706 0.0787633 0.0862807 0.0945198 0.103475 0.113135 0.12349 0.13452 0.146204 0.158516 0.171424 0.18489 0.198874 0.213327 0.228197 0.243427 0.258955 0.274715 0.290637 0.306649 0.322675 0.338638 0.354458 0.370055 0.38535 0.400264 0.414718 0.428636 0.441945 0.454574 0.466454 0.477524 0.487723 0.496998 0.505298 0.51258 0.518806 0.523941 0.527959 0.530839 0.532565 0.533128 0.532526 0.530762 0.527844 0.523789 0.518617 0.512356 0.505039 0.496706 0.4874 0.477171 0.466074 0.454168 0.441518 0.42819 0.414255 0.399788 0.384866 0.369565 0.353967 0.338149 0.322193 0.306177 0.290178 0.274273 0.258532 0.243027 0.227822 0.212979 0.198554 0.1846 0.171164 0.158286 0.146004 0.134349 0.123346 0.113018 0.103381 0.0944477 0.086228 0.0787274 0.071949 0.0658937 0.0605605 0.0559474 0.0520515 0.0488695 0.0463983 0.0446351 0.0435788 
0.0452493 0.0456176 0.04672 0.0485593 0.051138 0.0544589 0.0585256 0.0633413 0.0689089 0.0752304 0.0823063 0.0901351 0.0987132 0.108034 0.118086 0.128857 0.140327 0.152473 0.165267 0.178675 0.192659 0.207175 0.222172 0.237596 0.253388 0.269482 0.285811 0.302301 0.318878 0.335463 0.351976 0.368335 0.384458 0.400264 0.415669 0.430595 0.444963 0.458697 0.471726 0.483979 0.495393 0.505907 0.515465 0.524018 0.53152 0.537932 0.543221 0.547359 0.550324 0.552102 0.552682 0.552062 0.550246 0.547241 0.543065 0.537738 0.531289 0.523751 0.515164 0.505573 0.495028 0.483585 0.471306 0.458254 0.444499 0.430113 0.415173 0.399758 0.383946 0.36782 0.351462 0.334955 0.318379 0.301815 0.285341 0.269033 0.252961 0.237195 0.221798 0.20683 0.192345 0.178392 0.165015 0.152252 0.140136 0.128695 0.117952 0.107924 0.0986272 0.0900699 0.0822593 0.0751991 0.0688907 0.0633336 0.058526 0.0544653 0.0511483 0.0485722 0.0467341 0.045633 
0.047249 0.0476325 0.0487795 0.0506929 0.0533749 0.0568285 0.0610569 0.0660633 0.0718503 0.0784194 0.0857709 0.0939028 0.102811 0.112487 0.12292 0.134095 0.145992 0.158586 0.171848 0.185742 0.200227 0.215257 0.230781 0.246741 0.263074 0.279715 0.296593 0.313631 0.330752 0.347875 0.364917 0.381795 0.398423 0.414718 0.430595 0.445973 0.460771 0.474913 0.488323 0.500933 0.512675 0.523489 0.533318 0.542112 0.549823 0.556414 0.561849 0.5661 0.569147 0.570974 0.57157 0.570933 0.569067 0.56598 0.561689 0.556215 0.549586 0.541838 0.533009 0.523146 0.512299 0.500527 0.48789 0.474454 0.46029 0.445473 0.43008 0.414191 0.397889 0.381257 0.36438 0.347342 0.330227 0.313119 0.296097 0.27924 0.262622 0.246314 0.230382 0.214888 0.199889 0.185435 0.171574 0.158344 0.145781 0.133915 0.122768 0.112362 0.102711 0.0938251 0.0857129 0.0783784 0.0718236 0.0660484 0.0610513 0.05683 0.0533815 0.0507031 0.048792 0.0476473 
0.0491963 0.0495946 0.0507849 0.0527699 0.055552 0.059134 0.063519 0.06871 0.0747092 0.0815179 0.0891359 0.0975607 0.106787 0.116807 0.127607 0.139172 0.151481 0.164507 0.17822 0.192581 0.207548 0.223074 0.239104 0.255578 0.272433 0.289598 0.307001 0.324563 0.342205 0.359843 0.377391 0.394764 0.411875 0.428636 0.444963 0.460771 0.475979 0.490508 0.504281 0.517229 0.529283 0.540382 0.550468 0.559489 0.567399 0.574158 0.579731 0.584091 0.587215 0.589087 0.589699 0.589046 0.587133 0.583968 0.579568 0.573955 0.567157 0.559209 0.550151 0.54003 0.528898 0.516812 0.503835 0.490035 0.475483 0.460255 0.44443 0.42809 0.41132 0.394205 0.376831 0.359287 0.341657 0.324027 0.306481 0.289098 0.271955 0.255126 0.23868 0.222681 0.207187 0.192252 0.177925 0.164245 0.151252 0.138975 0.127439 0.116667 0.106674 0.0974708 0.089067 0.0814673 0.0746741 0.0686879 0.0635075 0.0591307 0.0555549 0.0527774 0.0507956 0.0496088 
0.0510785 0.0514909 0.0527228 0.0547768 0.0576551 0.0613606 0.065896 0.0712643 0.0774674 0.0845063 0.0923801 0.101086 0.110618 0.120967 0.13212 0.144059 0.156762 0.170202 0.184345 0.199153 0.214582 0.23058 0.247093 0.264058 0.281409 0.299074 0.316977 0.335039 0.353176 0.371302 0.389331 0.407174 0.424741 0.441945 0.458697 0.474913 0.490508 0.505402 0.519518 0.532785 0.545133 0.5565 0.566827 0.576062 0.584159 0.591077 0.59678 0.601242 0.604438 0.606354 0.60698 0.606312 0.604354 0.601117 0.596614 0.59087 0.583913 0.575777 0.566504 0.55614 0.544739 0.532358 0.519061 0.504917 0.489998 0.474381 0.458148 0.441382 0.424168 0.406595 0.38875 0.370724 0.352605 0.33448 0.316434 0.29855 0.280907 0.263582 0.246646 0.230164 0.214198 0.198803 0.184029 0.16992 0.156514 0.143844 0.131936 0.120813 0.110491 0.100984 0.0923004 0.0844461 0.0774241 0.0712352 0.0658786 0.0613525 0.0576543 0.0547816 0.0527319 0.0515045 
0.0528827 0.0533087 0.0545803 0.0567 0.0596701 0.0634933 0.0681722 0.0737095 0.0801069 0.087365 0.0954825 0.104456 0.114279 0.124941 0.136429 0.148723 0.161801 0.175634 0.190186 0.205418 0.221284 0.237731 0.254701 0.272131 0.289952 0.308089 0.326465 0.344998 0.363602 0.38219 0.400672 0.418957 0.436954 0.454574 0.471726 0.488323 0.504281 0.519518 0.533956 0.547521 0.560145 0.571762 0.582315 0.591751 0.600022 0.607088 0.612913 0.617469 0.620733 0.622689 0.623328 0.622647 0.620648 0.617342 0.612745 0.606878 0.599772 0.591461 0.581987 0.571396 0.559743 0.547086 0.533489 0.519022 0.503759 0.487778 0.471161 0.453994 0.436363 0.418359 0.400071 0.381591 0.36301 0.344417 0.325899 0.307542 0.289428 0.271633 0.254232 0.237293 0.220879 0.205048 0.189851 0.175334 0.161536 0.148492 0.13623 0.124773 0.114139 0.104342 0.0953924 0.0872956 0.0800556 0.0736735 0.068149 0.0634805 0.0596657 0.0567022 0.0545877 0.0533216 
0.0545965 0.0550354 0.0563444 0.0585264 0.0615832 0.0655176 0.0703322 0.0760291 0.08261 0.0900751 0.0984228 0.107649 0.117746 0.128704 0.140507 0.153137 0.166568 0.18077 0.195708 0.211339 0.227616 0.244484 0.261884 0.27975 0.298011 0.316592 0.335411 0.354385 0.373426 0.392445 0.41135 0.430048 0.448447 0.466454 0.483979 0.500933 0.517229 0.532785 0.547521 0.561364 0.574243 0.586093 0.596856 0.606477 0.61491 0.622113 0.62805 0.632694 0.63602 0.638014 0.638666 0.637971 0.635935 0.632566 0.62788 0.621901 0.614657 0.606183 0.596522 0.585721 0.573834 0.560921 0.547045 0.532279 0.516695 0.500375 0.483401 0.46586 0.44784 0.429433 0.410732 0.391828 0.372815 0.353784 0.334824 0.316024 0.297466 0.279231 0.261394 0.244026 0.227191 0.210949 0.195354 0.180452 0.166286 0.15289 0.140294 0.128522 0.117594 0.107524 0.0983226 0.0899969 0.082551 0.0759865 0.0703034 0.0655004 0.0615753 0.058526 0.0563503 0.0550476 
0.0562078 0.0566586 0.0580028 0.060243 0.0633811 0.0674196 0.0723609 0.0782073 0.0849598 0.0926185 0.101181 0.110643 0.120997 0.132231 0.144329 0.157271 0.171032 0.185579 0.200875 0.216878 0.233538 0.250798 0.268598 0.286869 0.30554 0.324532 0.343763 0.363146 0.382593 0.402011 0.421308 0.440388 0.459158 0.477524 0.495393 0.512675 0.529283 0.545133 0.560145 0.574243 0.587357 0.599421 0.610376 0.620168 0.62875 0.636078 0.642119 0.646843 0.650227 0.652255 0.652918 0.652212 0.650141 0.646714 0.641947 0.635864 0.628494 0.619871 0.610039 0.599044 0.586942 0.573793 0.559661 0.544618 0.52874 0.512107 0.494803 0.476916 0.458537 0.439758 0.420673 0.401377 0.381963 0.362526 0.343157 0.323945 0.304975 0.286331 0.268088 0.250321 0.233094 0.21647 0.200504 0.185244 0.170734 0.157009 0.144102 0.132036 0.120833 0.110508 0.101072 0.0925319 0.0848934 0.0781583 0.0723269 0.0673979 0.0633698 0.0602402 0.0580072 0.0566703 
0.0577049 0.0581669 0.0595436 0.0618376 0.0650508 0.0691856 0.0742443 0.0802288 0.08714 0.0949776 0.103739 0.113419 0.12401 0.135499 0.147869 0.1611 0.175164 0.190029 0.205656 0.222002 0.239013 0.256635 0.274802 0.293447 0.312494 0.331864 0.351472 0.371231 0.39105 0.410834 0.43049 0.44992 0.46903 0.487723 0.505907 0.523489 0.540382 0.5565 0.571762 0.586093 0.599421 0.61168 0.62281 0.632758 0.641474 0.648917 0.655052 0.659849 0.663285 0.665344 0.666018 0.665301 0.663198 0.659719 0.654879 0.648702 0.641216 0.632458 0.62247 0.6113 0.599002 0.585637 0.571272 0.555977 0.53983 0.522911 0.505306 0.487104 0.468396 0.449276 0.42984 0.410184 0.390404 0.370594 0.350849 0.331259 0.311911 0.29289 0.274275 0.25614 0.238553 0.221577 0.205269 0.189679 0.174851 0.160824 0.147629 0.135292 0.123835 0.113274 0.10362 0.0948831 0.0870667 0.0801739 0.0742052 0.0691599 0.0650363 0.0618325 0.0595465 0.0581779 
