0.000272874 0.000277838 0.000295303 0.000325738 0.00036986 0.000428674 0.000503466 0.000595789 0.000707451 0.000840497 0.000997184 0.00117996 0.00139141 0.00163425 0.00191124 0.00222518 0.00257881 0.00297474 0.00341543 0.00390307 0.00443953 0.00502626 0.00566425 0.00635392 0.00709507 0.00788682 0.00872754 0.00961483 0.0105455 0.0115155 0.0125199 0.0135532 0.0146089 0.0156798 0.0167582 0.0178357 0.0189035 0.0199525 0.0209732 0.0219563 0.0228923 0.023772 0.0245866 0.0253276 0.0259873 0.0265588 0.0270357 0.027413 0.0276865 0.0278532 0.0279112 0.0278601 0.0277002 0.0274335 0.0270629 0.0265925 0.0260275 0.0253739 0.0246388 0.0238298 0.0229554 0.0220243 0.0210458 0.0200291 0.0189838 0.0179192 0.0168444 0.0157681 0.0146989 0.0136443 0.0126115 0.0116071 0.0106366 0.00970491 0.0088161 0.0079734 0.00717924 0.00643529 0.00574248 0.00510104 0.00451061 0.00397025 0.00347857 0.00303373 0.00263359 0.00227575 0.00195762 0.0016765 0.00142963 0.00121427 0.00102772 0.000867413 0.000730904 0.000615937 0.000520463 0.000442665 0.000380975 0.00033409 0.000300983 0.000280948 
0.000277838 0.000282902 0.000300702 0.000331711 0.000376663 0.00043658 0.000512771 0.000606818 0.000720559 0.000856076 0.00101567 0.00120182 0.00141716 0.00166446 0.00194653 0.00226619 0.00262623 0.00302932 0.00347793 0.0039743 0.00452032 0.00511745 0.00576668 0.00646844 0.00722251 0.00802797 0.00888317 0.00978565 0.0107321 0.0117185 0.0127399 0.0137904 0.0148636 0.0159522 0.0170483 0.0181434 0.0192286 0.0202945 0.0213316 0.0223304 0.0232813 0.024175 0.0250024 0.025755 0.0264251 0.0270054 0.0274897 0.0278728 0.0281505 0.0283198 0.0283787 0.0283267 0.0281643 0.0278933 0.0275169 0.0270391 0.0264651 0.0258012 0.0250545 0.0242327 0.0233443 0.0223984 0.0214041 0.0203711 0.0193089 0.018227 0.0171346 0.0160407 0.0149538 0.0138817 0.0128318 0.0118105 0.0108236 0.00987612 0.00897215 0.008115 0.00730714 0.0065503 0.00584541 0.00519274 0.00459191 0.004042 0.00354158 0.0030888 0.00268149 0.00231721 0.00199334 0.00170712 0.00145577 0.00123648 0.00104653 0.000883285 0.000744272 0.000627193 0.000529964 0.000450734 0.000387909 0.000340163 0.00030645 0.000286051 
0.000295303 0.000300702 0.000319601 0.000352503 0.000400178 0.000463706 0.000544464 0.000644117 0.000764599 0.0009081 0.00107703 0.001274 0.00150179 0.00176326 0.00206138 0.0023991 0.00277933 0.00320483 0.0036782 0.00420174 0.0047774 0.00540669 0.0060906 0.00682953 0.00762321 0.00847065 0.00937004 0.0103188 0.0113134 0.0123495 0.013422 0.0145247 0.0156508 0.0167926 0.017942 0.0190899 0.020227 0.0213436 0.0224298 0.0234756 0.0244709 0.0254062 0.0262719 0.0270592 0.02776 0.0283668 0.0288732 0.0292736 0.0295638 0.0297406 0.029802 0.0297474 0.0295775 0.029294 0.0289001 0.0284002 0.0277998 0.0271051 0.0263237 0.0254636 0.0245337 0.0235433 0.0225022 0.0214202 0.0203073 0.0191735 0.0180285 0.0168815 0.0157414 0.0146166 0.0135146 0.0124423 0.0114058 0.0104103 0.00946014 0.00855889 0.00770915 0.00691275 0.00617074 0.00548343 0.00485047 0.00427092 0.00374332 0.00326577 0.002836 0.00245149 0.00210951 0.00180717 0.00154156 0.00130975 0.00110889 0.00093621 0.000789119 0.000665202 0.000562268 0.000478373 0.000411839 0.000361271 0.000325567 0.000303973 
0.000325738 0.000331711 0.000352503 0.000388657 0.000441012 0.000510739 0.000599332 0.000708595 0.000840624 0.000997786 0.00118269 0.00139815 0.00164715 0.0019328 0.00225826 0.0026267 0.00304122 0.0035048 0.00402017 0.00458976 0.00521562 0.00589932 0.00664186 0.00744358 0.00830414 0.00922235 0.0101962 0.0112229 0.0122985 0.0134183 0.0145767 0.015767 0.0169819 0.0182131 0.0194517 0.0206881 0.0219123 0.0231139 0.0242823 0.0254066 0.0264763 0.0274811 0.0284108 0.0292561 0.0300082 0.0306593 0.0312025 0.031632 0.031943 0.0321324 0.032198 0.0321391 0.0319564 0.031652 0.0312291 0.0306923 0.0300475 0.0293014 0.028462 0.0275379 0.0265386 0.0254739 0.0243542 0.0231902 0.0219925 0.0207718 0.0195384 0.0183023 0.0170731 0.0158597 0.0146702 0.0135122 0.0123923 0.011316 0.0102881 0.00931252 0.00839214 0.00752899 0.00672428 0.00597842 0.0052911 0.00466136 0.0040877 0.00356812 0.00310024 0.00268135 0.00230855 0.00197876 0.00168886 0.0014357 0.00121621 0.00102741 0.000866496 0.000730871 0.000618163 0.000526269 0.00045337 0.000397957 0.000358837 0.00033519 
0.00036986 0.000376663 0.000400178 0.000441012 0.000500097 0.000578735 0.000678584 0.000801648 0.000950248 0.001127 0.0013348 0.00157674 0.00185612 0.00217634 0.00254088 0.0029532 0.0034167 0.00393458 0.00450981 0.00514501 0.00584234 0.00660344 0.00742933 0.00832027 0.00927577 0.0102944 0.0113739 0.012511 0.0137014 0.0149396 0.0162196 0.0175338 0.0188742 0.0202317 0.0215963 0.0229577 0.0243048 0.0256262 0.0269103 0.0281454 0.0293199 0.0304225 0.0314424 0.0323693 0.0331937 0.0339071 0.0345021 0.0349723 0.0353127 0.0355197 0.0355912 0.0355263 0.0353257 0.0349918 0.034528 0.0339393 0.0332321 0.0324137 0.0314927 0.0304784 0.0293812 0.0282118 0.0269815 0.0257019 0.0243846 0.0230412 0.021683 0.0203212 0.018966 0.0176274 0.0163143 0.0150351 0.0137969 0.0126061 0.0114681 0.0103871 0.00936651 0.0084086 0.00751482 0.00668572 0.00592107 0.00521991 0.00458065 0.00400118 0.00347892 0.00301098 0.00259417 0.00222517 0.00190052 0.00161681 0.00137063 0.00115873 0.000978012 0.000825593 0.000698857 0.000595476 0.000513436 0.000451061 0.00040703 0.000380433 
0.000428674 0.00043658 0.000463706 0.000510739 0.000578735 0.000669165 0.000783906 0.000925217 0.00109572 0.00129835 0.00153636 0.00181323 0.00213265 0.00249841 0.0029144 0.00338445 0.00391232 0.00450154 0.00515536 0.00587662 0.00666765 0.00753016 0.00846516 0.00947284 0.0105525 0.0117024 0.0129198 0.014201 0.015541 0.0169336 0.0183719 0.0198475 0.0213512 0.0228727 0.0244012 0.0259249 0.0274316 0.0289085 0.0303427 0.0317214 0.0330318 0.0342613 0.0353979 0.0364304 0.0373484 0.0381425 0.0388044 0.0393274 0.0397058 0.0399357 0.0400147 0.039942 0.0397183 0.0393462 0.0388294 0.0381736 0.0373856 0.0364735 0.0354468 0.0343157 0.0330917 0.0317866 0.0304128 0.0289832 0.0275106 0.0260079 0.0244877 0.0229623 0.0214434 0.0199418 0.0184678 0.0170306 0.0156384 0.0142984 0.0130167 0.0117981 0.0106465 0.0095647 0.0085544 0.00761635 0.0067504 0.00595562 0.00523032 0.00457224 0.00397858 0.00344616 0.00297149 0.00255087 0.00218048 0.0018565 0.00157515 0.00133278 0.0011259 0.000951303 0.000806031 0.000687465 0.000593336 0.000521754 0.000471227 0.000440729 
0.000503466 0.000512771 0.000544464 0.000599332 0.000678584 0.000783906 0.000917441 0.00108177 0.00127987 0.00151511 0.00179117 0.00211199 0.00248175 0.00290474 0.00338531 0.00392779 0.00453636 0.00521496 0.00596716 0.00679607 0.0077042 0.00869337 0.00976455 0.0109178 0.0121521 0.0134655 0.0148545 0.0163149 0.0178408 0.0194252 0.0210599 0.0227356 0.0244416 0.0261665 0.0278978 0.0296222 0.0313261 0.0329952 0.0346149 0.0361709 0.0376489 0.0390348 0.0403154 0.0414781 0.0425114 0.0434048 0.0441493 0.0447371 0.0451623 0.0454204 0.0455087 0.0454263 0.0451742 0.044755 0.044173 0.0434344 0.0425468 0.0415193 0.0403623 0.0390872 0.0377067 0.0362341 0.0346831 0.0330682 0.0314037 0.0297041 0.0279835 0.0262557 0.0245339 0.0228304 0.0211569 0.0195236 0.0179402 0.0164148 0.0149542 0.0135644 0.0122498 0.0110136 0.00985804 0.00878404 0.00779162 0.00687984 0.00604695 0.00529049 0.00460741 0.00399419 0.00344694 0.00296153 0.0025337 0.00215912 0.00183353 0.00155281 0.00131301 0.00111046 0.000941824 0.000804108 0.000694728 0.000611528 0.000552804 0.000517384 
0.000595789 0.000606818 0.000644117 0.000708595 0.000801648 0.000925217 0.00108177 0.00127427 0.00150614 0.00178123 0.00210376 0.00247823 0.00290939 0.00340212 0.00396136 0.00459197 0.00529866 0.00608582 0.00695743 0.0079169 0.00896695 0.0101095 0.0113454 0.0126746 0.0140958 0.0156063 0.0172024 0.0188786 0.0206283 0.0224433 0.0243142 0.0262302 0.0281791 0.0301478 0.0321221 0.0340871 0.0360271 0.037926 0.0397675 0.0415353 0.0432134 0.0447861 0.0462385 0.0475566 0.0487273 0.0497391 0.0505819 0.0512471 0.0517279 0.0520195 0.0521188 0.052025 0.0517389 0.0512636 0.0506039 0.0497667 0.0487604 0.0475951 0.0462826 0.0448357 0.0432684 0.0415956 0.039833 0.0379965 0.0361024 0.034167 0.0322063 0.030236 0.0282708 0.026325 0.0244117 0.0225429 0.0207294 0.0189807 0.0173049 0.0157086 0.0141972 0.0127747 0.0114435 0.010205 0.00905951 0.008006 0.00704265 0.00616682 0.00537515 0.00466372 0.0040282 0.00346394 0.00296611 0.00252985 0.00215029 0.00182275 0.00154272 0.00130602 0.00110881 0.00094766 0.000819612 0.000722186 0.000653425 0.00061198 
0.000707451 0.000720559 0.000764599 0.000840624 0.000950248 0.00109572 0.00127987 0.00150614 0.00177846 0.00210126 0.00247937 0.00291796 0.00342244 0.00399839 0.00465139 0.00538697 0.00621042 0.00712666 0.00814011 0.00925452 0.0104728 0.011797 0.0132279 0.0147652 0.016407 0.0181504 0.0199904 0.021921 0.0239341 0.0260204 0.0281688 0.0303669 0.0326007 0.0348552 0.0371142 0.0393607 0.0415768 0.0437443 0.0458449 0.04786 0.0497716 0.0515621 0.0532147 0.0547136 0.0560444 0.0571941 0.0581512 0.0589064 0.0594519 0.0597825 0.0598946 0.0597874 0.0594618 0.0589211 0.058171 0.0572189 0.0560744 0.0547488 0.0532551 0.0516078 0.0498226 0.0479164 0.0459065 0.0438112 0.0416488 0.0394376 0.0371959 0.0349414 0.032691 0.0304609 0.0282661 0.0261205 0.0240365 0.022025 0.0200955 0.0182558 0.0165122 0.0148695 0.0133307 0.0118977 0.0105709 0.00934934 0.00823123 0.00721365 0.00629291 0.00546466 0.00472404 0.00406582 0.00348453 0.00297464 0.00253063 0.00214712 0.00181897 0.00154139 0.00130995 0.00112073 0.000970305 0.000855822 0.000775025 0.000726358 
0.000840497 0.000856076 0.0009081 0.000997786 0.001127 0.00129835 0.00151511 0.00178123 0.00210126 0.00248028 0.00292384 0.00343786 0.00402854 0.00470221 0.00546524 0.00632387 0.00728406 0.00835132 0.00953055 0.0108259 0.0122405 0.0137763 0.0154342 0.0172134 0.0191117 0.0211252 0.0232483 0.0254734 0.0277914 0.0301913 0.0326603 0.0351839 0.0377462 0.04033 0.0429166 0.0454868 0.0480202 0.0504962 0.0528939 0.0551925 0.0573717 0.0594116 0.0612933 0.0629992 0.064513 0.0658202 0.066908 0.0677659 0.0683854 0.0687604 0.0688872 0.0687646 0.0683938 0.0677786 0.066925 0.0658416 0.064539 0.06303 0.061329 0.0594523 0.0574176 0.0552437 0.0529504 0.0505581 0.0480875 0.0455594 0.0429945 0.0404128 0.0378338 0.0352759 0.0327563 0.030291 0.0278941 0.0255786 0.0233552 0.0212334 0.0192203 0.0173218 0.0155417 0.0138822 0.0123441 0.0109266 0.00962786 0.00844466 0.00737297 0.00640797 0.0055442 0.00477578 0.00409653 0.00350014 0.00298034 0.00253097 0.00214616 0.00182039 0.0015486 0.00132626 0.00114942 0.0010148 0.000919789 0.000862597 
0.000997184 0.00101567 0.00107703 0.00118269 0.0013348 0.00153636 0.00179117 0.00210376 0.00247937 0.00292384 0.00344353 0.00404522 0.00473597 0.005523 0.00641352 0.0074146 0.00853291 0.00977463 0.0111452 0.0126491 0.0142897 0.016069 0.0179877 0.0200447 0.022237 0.02456 0.0270068 0.0295686 0.0322348 0.0349923 0.0378265 0.0407206 0.0436565 0.0466143 0.0495728 0.05251 0.0554028 0.058228 0.0609618 0.0635809 0.0660623 0.0683836 0.0705238 0.072463 0.0741831 0.0756677 0.0769027 0.0778762 0.0785789 0.0790039 0.0791471 0.0790071 0.0785855 0.0778862 0.0769162 0.0756849 0.0742042 0.0724883 0.0705535 0.068418 0.0661016 0.0636254 0.0610117 0.0582833 0.0554638 0.0525767 0.0496452 0.0466923 0.04374 0.0408093 0.03792 0.0350902 0.0323367 0.0296739 0.0271148 0.02467 0.0223484 0.0201567 0.0180995 0.0161799 0.0143988 0.0127558 0.0112488 0.00987454 0.00862854 0.00750546 0.0064992 0.00560314 0.00481031 0.00411356 0.00350573 0.00297981 0.00252908 0.00214723 0.00182842 0.00156747 0.00135983 0.00120172 0.00109013 0.00102299 
0.00117996 0.00120182 0.001274 0.00139815 0.00157674 0.00181323 0.00211199 0.00247823 0.00291796 0.00343786 0.00404522 0.00474776 0.00555352 0.0064707 0.00750745 0.00867172 0.00997101 0.0114122 0.0130012 0.014743 0.0166411 0.0186976 0.0209127 0.023285 0.0258108 0.0284843 0.0312975 0.0342399 0.0372991 0.0404599 0.0437055 0.0470166 0.0503724 0.0537501 0.0571258 0.0604742 0.0637696 0.0669853 0.0700948 0.0730717 0.0758902 0.0785254 0.0809536 0.0831526 0.0851021 0.0867841 0.0881828 0.0892849 0.0900799 0.0905604 0.0907218 0.0905626 0.0900843 0.0892916 0.0881921 0.0867963 0.0851174 0.0831712 0.080976 0.078552 0.0759214 0.0731078 0.0701361 0.0670322 0.0638224 0.0605331 0.0571908 0.0538214 0.0504498 0.0471001 0.0437948 0.0405546 0.0373987 0.034344 0.0314054 0.0285953 0.0259241 0.0233999 0.0210282 0.0188129 0.0167554 0.0148555 0.0131111 0.0115187 0.0100735 0.00876955 0.00760012 0.00655775 0.00563459 0.00482255 0.00411351 0.00349951 0.00297287 0.00252637 0.00215334 0.00184783 0.00160463 0.00141938 0.00128864 0.00121003 
0.00139141 0.00141716 0.00150179 0.00164715 0.00185612 0.00213265 0.00248175 0.00290939 0.00342244 0.00402854 0.00473597 0.00555352 0.00649031 0.00755561 0.0087586 0.0101082 0.0116127 0.0132799 0.0151161 0.0171268 0.0193156 0.0216846 0.0242336 0.0269607 0.0298611 0.032928 0.0361517 0.0395201 0.0430186 0.0466299 0.0503344 0.05411 0.057933 0.0617776 0.0656164 0.0694211 0.0731623 0.0768104 0.0803353 0.0837076 0.0868984 0.0898798 0.0926255 0.0951107 0.097313 0.0992122 0.100791 0.102034 0.102931 0.103472 0.103654 0.103473 0.102933 0.102037 0.100795 0.0992182 0.0973211 0.0951213 0.0926391 0.089897 0.0869197 0.0837335 0.0803662 0.0768469 0.0732048 0.06947 0.065672 0.06184 0.0580024 0.0541863 0.0504174 0.0467194 0.0431143 0.0396214 0.0362579 0.0330385 0.0299751 0.0270773 0.024352 0.0218037 0.0194345 0.0172446 0.0152319 0.0133928 0.011722 0.010213 0.0088584 0.00764978 0.00657837 0.00563507 0.0048107 0.00409621 0.00348289 0.00296252 0.00252749 0.002171 0.00188709 0.00167077 0.0015181 0.00142635 
0.00163425 0.00166446 0.00176326 0.0019328 0.00217634 0.00249841 0.00290474 0.00340212 0.00399839 0.00470221 0.005523 0.0064707 0.00755561 0.00878815 0.0101786 0.011737 0.0134725 0.0153936 0.0175074 0.0198195 0.0223339 0.0250523 0.0279743 0.031097 0.0344148 0.0379193 0.0415993 0.0454405 0.049426 0.0535359 0.0577476 0.0620363 0.0663746 0.0707333 0.0750818 0.0793879 0.0836187 0.0877408 0.0917209 0.095526 0.0991238 0.102484 0.105576 0.108373 0.110851 0.112987 0.114762 0.116159 0.117166 0.117774 0.117977 0.117773 0.117165 0.116157 0.11476 0.112986 0.110851 0.108375 0.105579 0.10249 0.0991333 0.0955396 0.0917393 0.0877647 0.0836486 0.0794244 0.0751254 0.0707845 0.0664334 0.062103 0.0578221 0.0536181 0.0495155 0.0455369 0.041702 0.0380277 0.034528 0.0312141 0.0280943 0.0251741 0.0224566 0.019942 0.0176287 0.0155127 0.0135884 0.0118488 0.0102856 0.00888953 0.00765082 0.00655922 0.00560441 0.00477618 0.00406466 0.00346052 0.00295515 0.00254076 0.0022106 0.00195898 0.00178138 0.0016747 
0.00191124 0.00194653 0.00206138 0.00225826 0.00254088 0.0029144 0.00338531 0.00396136 0.00465139 0.00546524 0.00641352 0.00750745 0.0087586 0.0101786 0.0117791 0.0135709 0.0155645 0.0177689 0.0201919 0.0228395 0.0257156 0.0288219 0.0321573 0.0357181 0.0394973 0.0434849 0.0476679 0.0520297 0.0565507 0.061208 0.0659761 0.0708266 0.0757285 0.080649 0.0855535 0.0904059 0.0951696 0.0998073 0.104282 0.108556 0.112595 0.116365 0.119832 0.122967 0.125743 0.128134 0.13012 0.131684 0.13281 0.13349 0.133716 0.133487 0.132806 0.131677 0.130112 0.128125 0.125733 0.122958 0.119823 0.116358 0.112591 0.108555 0.104285 0.0998161 0.0951845 0.0904276 0.0855827 0.0806863 0.0757742 0.0708811 0.0660396 0.0612804 0.0566317 0.052119 0.047765 0.0435892 0.0396078 0.0358339 0.0322775 0.0289453 0.0258411 0.0229658 0.0203179 0.0178935 0.0156865 0.0136894 0.011893 0.0102872 0.008861 0.00760306 0.00650179 0.00554571 0.00472372 0.00402527 0.00344061 0.00296096 0.00257862 0.00228714 0.00208141 0.00195788 
0.00222518 0.00226619 0.0023991 0.0026267 0.0029532 0.00338445 0.00392779 0.00459197 0.00538697 0.00632387 0.0074146 0.00867172 0.0101082 0.011737 0.0135709 0.0156222 0.017902 0.0204203 0.0231855 0.0262038 0.0294792 0.033013 0.0368034 0.0408455 0.0451311 0.0496484 0.0543819 0.0593126 0.0644179 0.069672 0.0750455 0.0805065 0.0860202 0.0915496 0.0970559 0.102499 0.107838 0.113032 0.118039 0.122818 0.127332 0.131541 0.135411 0.138908 0.142003 0.144668 0.14688 0.148621 0.149875 0.150631 0.150882 0.150627 0.149867 0.148609 0.146865 0.144649 0.141982 0.138886 0.135389 0.13152 0.127312 0.122801 0.118025 0.113023 0.107835 0.102503 0.0970679 0.0915702 0.08605 0.0805461 0.0750952 0.0697318 0.0644878 0.0593923 0.0544709 0.0497462 0.0452369 0.0409583 0.036922 0.0331363 0.0296061 0.0263328 0.0233153 0.0205497 0.0180296 0.0157468 0.0136915 0.0118525 0.0102177 0.00877442 0.00750978 0.00641097 0.00546551 0.00466156 0.00398817 0.0034354 0.00299458 0.00265843 0.00242114 0.00227873 
0.00257881 0.00262623 0.00277933 0.00304122 0.0034167 0.00391232 0.00453636 0.00529866 0.00621042 0.00728406 0.00853291 0.00997101 0.0116127 0.0134725 0.0155645 0.017902 0.0204973 0.0233612 0.0265025 0.0299279 0.033641 0.0376427 0.0419304 0.046498 0.0513356 0.0564292 0.061761 0.0673091 0.0730477 0.0789474 0.0849752 0.0910949 0.0972676 0.103452 0.109605 0.115682 0.121637 0.127426 0.133002 0.138321 0.14334 0.148018 0.152316 0.156198 0.159632 0.162587 0.16504 0.166969 0.168358 0.169195 0.169473 0.169189 0.168346 0.166951 0.165017 0.162559 0.159599 0.156163 0.152279 0.14798 0.143303 0.138285 0.132969 0.127397 0.121614 0.115666 0.109597 0.103453 0.0972786 0.0911165 0.085008 0.0789917 0.0731036 0.0673764 0.0618394 0.0565182 0.0514343 0.0466055 0.0420455 0.0377642 0.0337676 0.0300581 0.026635 0.0234943 0.0206297 0.0180322 0.0156913 0.0135947 0.0117292 0.0100807 0.00863499 0.00737781 0.00629524 0.00537405 0.00460194 0.00396778 0.00346184 0.0030759 0.00280346 0.00264002 
0.00297474 0.00302932 0.00320483 0.0035048 0.00393458 0.00450154 0.00521496 0.00608582 0.00712666 0.00835132 0.00977463 0.0114122 0.0132799 0.0153936 0.0177689 0.0204203 0.0233612 0.0266031 0.0301553 0.0340245 0.0382143 0.042725 0.0475528 0.0526903 0.0581256 0.0638423 0.06982 0.0760335 0.0824536 0.089047 0.0957766 0.102602 0.10948 0.116364 0.123206 0.129958 0.136569 0.142989 0.149169 0.15506 0.160614 0.165787 0.170538 0.174826 0.178616 0.181878 0.184584 0.186711 0.188242 0.189164 0.189469 0.189155 0.188225 0.186686 0.184551 0.181839 0.178571 0.174776 0.170484 0.165731 0.160557 0.155003 0.149115 0.142939 0.136523 0.129919 0.123175 0.116342 0.109469 0.102603 0.0957896 0.0890728 0.0824925 0.0760855 0.0698849 0.0639197 0.0582146 0.0527901 0.0476623 0.0428427 0.0383389 0.0341544 0.0302889 0.0267388 0.0234973 0.0205553 0.0179013 0.0155219 0.0134028 0.0115286 0.00988347 0.00845168 0.00721778 0.00616706 0.00528581 0.00456162 0.00398358 0.00354252 0.00323114 0.0030444 
0.00341543 0.00347793 0.0036782 0.00402017 0.00450981 0.00515536 0.00596716 0.00695743 0.00814011 0.00953055 0.0111452 0.0130012 0.0151161 0.0175074 0.0201919 0.0231855 0.0265025 0.0301553 0.0341535 0.0385038 0.0432097 0.0482704 0.0536811 0.0594325 0.0655107 0.0718968 0.078567 0.085493 0.0926417 0.0999755 0.107453 0.115029 0.122655 0.130281 0.137854 0.145319 0.152623 0.159709 0.166524 0.173015 0.179132 0.184825 0.190049 0.194762 0.198926 0.202508 0.205478 0.207812 0.209491 0.210502 0.210836 0.21049 0.209469 0.207779 0.205435 0.202456 0.198867 0.194696 0.189977 0.184749 0.179054 0.172936 0.166446 0.159634 0.152552 0.145255 0.137798 0.130235 0.12262 0.115006 0.107443 0.0999797 0.0926605 0.0855267 0.0786155 0.0719597 0.0655874 0.0595221 0.0537824 0.0483821 0.0433303 0.0386316 0.0342867 0.0302922 0.0266413 0.0233243 0.020329 0.0176412 0.0152451 0.013124 0.0112605 0.00963737 0.00823745 0.0070445 0.00604331 0.00522009 0.00456272 0.00406098 0.00370673 0.00349436 
0.00390307 0.0039743 0.00420174 0.00458976 0.00514501 0.00587662 0.00679607 0.0079169 0.00925452 0.0108259 0.0126491 0.014743 0.0171268 0.0198195 0.0228395 0.0262038 0.0299279 0.0340245 0.0385038 0.0433726 0.0486334 0.0542849 0.0603207 0.0667295 0.0734949 0.0805953 0.0880035 0.0956873 0.10361 0.111728 0.119997 0.128367 0.136783 0.14519 0.153531 0.161745 0.169774 0.177557 0.185036 0.192155 0.198857 0.20509 0.210807 0.215961 0.220513 0.224426 0.22767 0.230218 0.23205 0.233153 0.233517 0.233139 0.232023 0.230178 0.227618 0.224363 0.220439 0.215878 0.210716 0.204994 0.198756 0.192051 0.184933 0.177455 0.169676 0.161653 0.153446 0.145115 0.13672 0.128316 0.119962 0.111708 0.103605 0.0956996 0.0880325 0.0806408 0.0735564 0.0668061 0.0604113 0.0543882 0.0487478 0.0434962 0.0386349 0.034161 0.0300678 0.0263453 0.0229804 0.0199581 0.0172612 0.0148717 0.0127706 0.0109389 0.00935792 0.0080097 0.00687748 0.005946 0.00520185 0.0046337 0.00423253 0.00399211 
0.00443953 0.00452032 0.0047774 0.00521562 0.00584234 0.00666765 0.0077042 0.00896695 0.0104728 0.0122405 0.0142897 0.0166411 0.0193156 0.0223339 0.0257156 0.0294792 0.033641 0.0382143 0.0432097 0.0486334 0.0544877 0.0607698 0.0674717 0.07458 0.0820755 0.0899333 0.0981228 0.106608 0.115346 0.124292 0.133393 0.142595 0.151838 0.161063 0.170205 0.1792 0.187984 0.196491 0.204659 0.212427 0.219735 0.226527 0.232752 0.238361 0.243312 0.247566 0.251091 0.253859 0.255849 0.257046 0.25744 0.25703 0.255817 0.253811 0.251028 0.24749 0.243223 0.238261 0.232641 0.226409 0.21961 0.212298 0.204529 0.196361 0.187856 0.179078 0.17009 0.160958 0.151745 0.142515 0.133328 0.124243 0.115316 0.106595 0.0981292 0.0899584 0.0821188 0.0746408 0.067549 0.0608621 0.0545935 0.0487509 0.0433367 0.0383488 0.0337807 0.029622 0.0258592 0.0224762 0.0194547 0.0167751 0.0144169 0.0123593 0.010582 0.00906531 0.00779077 0.00674162 0.00590308 0.00526268 0.00481045 0.00453951 
0.00502626 0.00511745 0.00540669 0.00589932 0.00660344 0.00753016 0.00869337 0.0101095 0.011797 0.0137763 0.016069 0.0186976 0.0216846 0.0250523 0.0288219 0.033013 0.0376427 0.042725 0.0482704 0.0542849 0.0607698 0.0677209 0.0751284 0.0829764 0.0912426 0.0998988 0.10891 0.118236 0.12783 0.137641 0.147611 0.157681 0.167786 0.17786 0.187833 0.197636 0.2072 0.216454 0.225332 0.233767 0.241696 0.249061 0.255806 0.261881 0.267239 0.271841 0.275653 0.278645 0.280795 0.282088 0.282514 0.282069 0.280758 0.278589 0.27558 0.271752 0.267135 0.261762 0.255676 0.24892 0.241547 0.233611 0.225173 0.216294 0.207041 0.197482 0.187685 0.177721 0.16766 0.157569 0.147515 0.137562 0.12777 0.118196 0.108891 0.0999004 0.0912648 0.0830185 0.0751896 0.0677997 0.0608646 0.0543938 0.0483912 0.0428555 0.0377804 0.0331556 0.028967 0.0251974 0.0218275 0.0188362 0.0162014 0.0139006 0.0119117 0.0102132 0.00878492 0.00760861 0.00666803 0.00594947 0.005442 0.00513805 
0.00566425 0.00576668 0.0060906 0.00664186 0.00742933 0.00846516 0.00976455 0.0113454 0.0132279 0.0154342 0.0179877 0.0209127 0.0242336 0.0279743 0.0321573 0.0368034 0.0419304 0.0475528 0.0536811 0.0603207 0.0674717 0.0751284 0.0832788 0.0919042 0.100979 0.110471 0.120342 0.130546 0.141031 0.151741 0.162614 0.173582 0.184577 0.195527 0.206356 0.21699 0.227353 0.237373 0.246976 0.256092 0.264655 0.272603 0.279876 0.286423 0.292194 0.297148 0.301249 0.304468 0.306781 0.30817 0.308628 0.308149 0.306738 0.304405 0.301166 0.297046 0.292074 0.286286 0.279725 0.272439 0.264481 0.255909 0.246788 0.237182 0.227163 0.216802 0.206174 0.195354 0.184416 0.173435 0.162483 0.151629 0.140939 0.130476 0.120294 0.110447 0.100977 0.0919248 0.0833211 0.0751911 0.067553 0.0604187 0.0537937 0.0476775 0.0420645 0.0369443 0.0323025 0.028121 0.0243794 0.0210551 0.0181245 0.0155634 0.0133476 0.0114541 0.00986085 0.00854793 0.00749764 0.00669503 0.00612814 0.0057887 
0.00635392 0.00646844 0.00682953 0.00744358 0.00832027 0.00947284 0.0109178 0.0126746 0.0147652 0.0172134 0.0200447 0.023285 0.0269607 0.031097 0.0357181 0.0408455 0.046498 0.0526903 0.0594325 0.0667295 0.07458 0.0829764 0.0919042 0.101342 0.11126 0.121622 0.132386 0.1435 0.154908 0.166546 0.178349 0.190242 0.202151 0.213998 0.225702 0.237184 0.248363 0.25916 0.269499 0.279305 0.288509 0.297044 0.304851 0.311872 0.318058 0.323366 0.327759 0.331204 0.333679 0.335166 0.335655 0.335142 0.333631 0.331133 0.327665 0.323251 0.317923 0.311718 0.304679 0.296858 0.288309 0.279095 0.269281 0.258938 0.248139 0.236962 0.225485 0.213789 0.201953 0.190058 0.178182 0.166399 0.154781 0.143396 0.132307 0.121568 0.111231 0.101338 0.0919249 0.0830202 0.0746453 0.0668143 0.0595346 0.052807 0.0466266 0.0409832 0.0358618 0.031244 0.0271081 0.0234303 0.0201852 0.0173468 0.0148894 0.0127879 0.0110186 0.0095597 0.00839217 0.00749969 0.00686924 0.00649185 
0.00709507 0.00722251 0.00762321 0.00830414 0.00927577 0.0105525 0.0121521 0.0140958 0.016407 0.0191117 0.022237 0.0258108 0.0298611 0.0344148 0.0394973 0.0451311 0.0513356 0.0581256 0.0655107 0.0734949 0.0820755 0.0912426 0.100979 0.11126 0.122052 0.133315 0.145 0.157052 0.169408 0.182001 0.194755 0.207594 0.220435 0.233195 0.245789 0.25813 0.270133 0.281715 0.292794 0.303294 0.313141 0.322266 0.330604 0.3381 0.3447 0.35036 0.355042 0.358713 0.361349 0.362933 0.363453 0.362907 0.361297 0.358635 0.354939 0.350233 0.34455 0.337928 0.330413 0.322057 0.312917 0.303058 0.292548 0.281461 0.269876 0.257873 0.245535 0.232949 0.220199 0.207372 0.19455 0.181815 0.169245 0.156913 0.144887 0.133229 0.121994 0.111229 0.100976 0.0912651 0.0821224 0.0735642 0.0656001 0.0582323 0.0514568 0.0452638 0.0396382 0.0345608 0.0300092 0.0259579 0.0223804 0.0192487 0.0165353 0.0142133 0.012257 0.0106432 0.00935106 0.00836304 0.00766503 0.00724728 
0.00788682 0.00802797 0.00847065 0.00922235 0.0102944 0.0117024 0.0134655 0.0156063 0.0181504 0.0211252 0.02456 0.0284843 0.032928 0.0379193 0.0434849 0.0496484 0.0564292 0.0638423 0.0718968 0.0805953 0.0899333 0.0998988 0.110471 0.121622 0.133315 0.145503 0.158134 0.171147 0.184472 0.198037 0.21176 0.225559 0.239345 0.253028 0.266518 0.279723 0.292554 0.304922 0.316743 0.327935 0.338422 0.348132 0.356999 0.364964 0.371973 0.377982 0.382949 0.386842 0.389637 0.391316 0.391867 0.391287 0.38958 0.386757 0.382837 0.377843 0.37181 0.364776 0.356789 0.347902 0.338174 0.327672 0.316468 0.304638 0.292264 0.279432 0.266228 0.252744 0.23907 0.225297 0.211516 0.197812 0.184271 0.17097 0.157986 0.145384 0.133225 0.121563 0.110441 0.0998975 0.0899594 0.0806468 0.0719713 0.0639371 0.0565412 0.0497743 0.0436214 0.038063 0.0330754 0.0286323 0.0247053 0.021265 0.018282 0.0157275 0.013574 0.0117966 0.0103729 0.0092839 0.00851447 0.00805408 
0.00872754 0.00888317 0.00937004 0.0101962 0.0113739 0.0129198 0.0148545 0.0172024 0.0199904 0.0232483 0.0270068 0.0312975 0.0361517 0.0415993 0.0476679 0.0543819 0.061761 0.06982 0.078567 0.0880035 0.0981228 0.10891 0.120342 0.132386 0.145 0.158134 0.17173 0.185719 0.200029 0.214579 0.229282 0.244049 0.258785 0.273395 0.287783 0.301852 0.315508 0.328658 0.341214 0.353091 0.36421 0.374497 0.383884 0.39231 0.399721 0.40607 0.411316 0.415427 0.418377 0.420148 0.42073 0.420118 0.418316 0.415336 0.411196 0.405921 0.399545 0.392108 0.383657 0.374247 0.36394 0.352804 0.340912 0.328344 0.315186 0.301526 0.287457 0.273073 0.258471 0.243747 0.228997 0.214314 0.199788 0.185504 0.171543 0.157978 0.144876 0.132294 0.120283 0.108883 0.0981258 0.0880349 0.0786245 0.0699007 0.0618618 0.0544993 0.0477984 0.0417391 0.0362972 0.0314451 0.0271531 0.0233901 0.0201248 0.0173266 0.0149664 0.0130173 0.0114553 0.0102602 0.00941576 0.00891057 
0.00961483 0.00978565 0.0103188 0.0112229 0.012511 0.014201 0.0163149 0.0188786 0.021921 0.0254734 0.0295686 0.0342399 0.0395201 0.0454405 0.0520297 0.0593126 0.0673091 0.0760335 0.085493 0.0956873 0.106608 0.118236 0.130546 0.1435 0.157052 0.171147 0.185719 0.200697 0.216 0.231542 0.247229 0.262965 0.278651 0.294186 0.309467 0.324393 0.338865 0.352788 0.366067 0.378618 0.390356 0.401207 0.411101 0.419976 0.427777 0.434456 0.439973 0.444294 0.447395 0.449256 0.449866 0.449224 0.447331 0.444199 0.439846 0.434299 0.42759 0.419761 0.410859 0.400939 0.390066 0.378307 0.365739 0.352445 0.338513 0.324034 0.309105 0.293827 0.278299 0.262624 0.246903 0.231236 0.215718 0.200442 0.185494 0.170953 0.156892 0.143375 0.130456 0.118181 0.106586 0.0956967 0.0855316 0.0760983 0.0673969 0.0594198 0.0521526 0.0455751 0.0396625 0.0343862 0.029715 0.0256164 0.0220574 0.0190054 0.0164295 0.0143012 0.012595 0.0112892 0.0103663 0.00981428 
0.0105455 0.0107321 0.0113134 0.0122985 0.0137014 0.015541 0.0178408 0.0206283 0.0239341 0.0277914 0.0322348 0.0372991 0.0430186 0.049426 0.0565507 0.0644179 0.0730477 0.0824536 0.0926417 0.10361 0.115346 0.12783 0.141031 0.154908 0.169408 0.184472 0.200029 0.216 0.232299 0.248832 0.265501 0.282203 0.298832 0.315282 0.331445 0.347215 0.362489 0.377168 0.391155 0.404361 0.416702 0.428099 0.438484 0.447793 0.45597 0.462967 0.468743 0.473266 0.476511 0.478458 0.479097 0.478424 0.476444 0.473167 0.468611 0.462802 0.455774 0.447567 0.438229 0.427817 0.416393 0.40403 0.390803 0.376799 0.362108 0.346824 0.331049 0.314886 0.298442 0.281822 0.265135 0.248485 0.231975 0.215704 0.199764 0.18424 0.169211 0.154748 0.140909 0.127745 0.115297 0.103595 0.0926594 0.0825007 0.0731209 0.0645134 0.0566645 0.049554 0.0431566 0.0374428 0.0323802 0.0279348 0.0240718 0.020757 0.0179577 0.0156436 0.0137876 0.0123668 0.0113625 0.0107619 
0.0115155 0.0117185 0.0123495 0.0134183 0.0149396 0.0169336 0.0194252 0.0224433 0.0260204 0.0301913 0.0349923 0.0404599 0.0466299 0.0535359 0.061208 0.069672 0.0789474 0.089047 0.0999755 0.111728 0.124292 0.137641 0.151741 0.166546 0.182001 0.198037 0.214579 0.231542 0.248832 0.266351 0.283993 0.301649 0.319208 0.336558 0.353586 0.370181 0.386238 0.401652 0.416325 0.430165 0.443086 0.45501 0.465865 0.475588 0.484124 0.491424 0.497447 0.502162 0.505543 0.507572 0.508238 0.507538 0.505475 0.50206 0.497311 0.491254 0.483921 0.475353 0.465599 0.454714 0.442762 0.429815 0.415952 0.40126 0.38583 0.369761 0.353158 0.336128 0.318781 0.30123 0.283587 0.265963 0.248467 0.231204 0.214273 0.197765 0.181766 0.16635 0.151585 0.137524 0.124214 0.111688 0.0999708 0.0890748 0.0790043 0.0697542 0.0613114 0.053656 0.0467622 0.0406 0.0351358 0.0303341 0.0261586 0.0225733 0.0195439 0.0170383 0.0150279 0.0134884 0.0124001 0.0117494 
0.0125199 0.0127399 0.013422 0.0145767 0.0162196 0.0183719 0.0210599 0.0243142 0.0281688 0.0326603 0.0378265 0.0437055 0.0503344 0.0577476 0.0659761 0.0750455 0.0849752 0.0957766 0.107453 0.119997 0.133393 0.147611 0.162614 0.178349 0.194755 0.21176 0.229282 0.247229 0.265501 0.283993 0.302593 0.321186 0.339656 0.357885 0.375755 0.393152 0.409965 0.426088 0.441421 0.455869 0.469345 0.48177 0.493073 0.503189 0.512064 0.51965 0.525906 0.530802 0.534311 0.536417 0.537108 0.536382 0.534242 0.530698 0.525768 0.519476 0.511856 0.502948 0.492798 0.481464 0.469009 0.455504 0.441031 0.425675 0.409533 0.392705 0.375298 0.357423 0.339195 0.320731 0.302148 0.283565 0.265096 0.24685 0.228935 0.211449 0.194482 0.178115 0.162422 0.147462 0.133285 0.11993 0.107424 0.0957837 0.0850144 0.0751131 0.0660677 0.0578585 0.0504599 0.0438409 0.0379671 0.0328017 0.0283068 0.0244449 0.0211799 0.0184781 0.0163095 0.0146483 0.0134739 0.0127718 
0.0135532 0.0137904 0.0145247 0.015767 0.0175338 0.0198475 0.0227356 0.0262302 0.0303669 0.0351839 0.0407206 0.0470166 0.05411 0.0620363 0.0708266 0.0805065 0.0910949 0.102602 0.115029 0.128367 0.142595 0.157681 0.173582 0.190242 0.207594 0.225559 0.244049 0.262965 0.282203 0.301649 0.321186 0.340694 0.36005 0.37913 0.397815 0.415984 0.433524 0.450327 0.466288 0.481314 0.495317 0.508215 0.519939 0.530425 0.539617 0.54747 0.553944 0.559007 0.562636 0.564813 0.565528 0.564778 0.562566 0.558903 0.553804 0.547295 0.539407 0.53018 0.519659 0.507902 0.494971 0.480938 0.465883 0.449896 0.433071 0.415513 0.397331 0.378639 0.359556 0.340204 0.320705 0.301183 0.281758 0.262547 0.243661 0.225207 0.207281 0.189972 0.173355 0.157499 0.142456 0.128272 0.114975 0.102587 0.0911153 0.0805582 0.0709051 0.0621369 0.0542277 0.0471464 0.0408575 0.0353231 0.0305039 0.0263609 0.0228562 0.0199548 0.0176251 0.01584 0.0145777 0.0138233 
0.0146089 0.0148636 0.0156508 0.0169819 0.0188742 0.0213512 0.0244416 0.0281791 0.0326007 0.0377462 0.0436565 0.0503724 0.057933 0.0663746 0.0757285 0.0860202 0.0972676 0.10948 0.122655 0.136783 0.151838 0.167786 0.184577 0.202151 0.220435 0.239345 0.258785 0.278651 0.298832 0.319208 0.339656 0.36005 0.380261 0.400162 0.419627 0.438535 0.456768 0.474216 0.490773 0.506344 0.52084 0.534183 0.546299 0.557128 0.566615 0.574715 0.581389 0.586607 0.590346 0.592589 0.593326 0.592554 0.590277 0.586504 0.581251 0.574541 0.566405 0.556882 0.546017 0.533865 0.520488 0.505959 0.490357 0.473771 0.456298 0.438044 0.41912 0.399643 0.379737 0.359527 0.33914 0.318705 0.298349 0.278194 0.258358 0.238954 0.220084 0.201843 0.184314 0.16757 0.151669 0.136659 0.122576 0.109442 0.0972681 0.086055 0.075793 0.0664638 0.0580419 0.0504956 0.0437888 0.0378825 0.0327362 0.0283092 0.0245624 0.0214592 0.0189664 0.0170559 0.0157048 0.0148973 
0.0156798 0.0159522 0.0167926 0.0182131 0.0202317 0.0228727 0.0261665 0.0301478 0.0348552 0.04033 0.0466143 0.0537501 0.0617776 0.0707333 0.080649 0.0915496 0.103452 0.116364 0.130281 0.14519 0.161063 0.17786 0.195527 0.213998 0.233195 0.253028 0.273395 0.294186 0.315282 0.336558 0.357885 0.37913 0.400162 0.420847 0.441057 0.460666 0.479554 0.497609 0.514725 0.530806 0.545763 0.559516 0.571996 0.583141 0.592898 0.601224 0.60808 0.613439 0.617278 0.619581 0.620338 0.619547 0.617211 0.613338 0.607944 0.601052 0.59269 0.582896 0.571714 0.559197 0.545407 0.530415 0.514301 0.497153 0.47907 0.460157 0.440529 0.420305 0.399611 0.378577 0.357336 0.33602 0.314762 0.293691 0.27293 0.252599 0.232806 0.213653 0.195228 0.177609 0.160862 0.145037 0.130175 0.116302 0.103432 0.0915666 0.0806986 0.0708104 0.0618768 0.0538659 0.0467412 0.0404626 0.0349884 0.0302768 0.026287 0.022981 0.0203245 0.0182879 0.0168475 0.0159867 
0.0167582 0.0170483 0.017942 0.0194517 0.0215963 0.0244012 0.0278978 0.0321221 0.0371142 0.0429166 0.0495728 0.0571258 0.0656164 0.0750818 0.0855535 0.0970559 0.109605 0.123206 0.137854 0.153531 0.170205 0.187833 0.206356 0.225702 0.245789 0.266518 0.287783 0.309467 0.331445 0.353586 0.375755 0.397815 0.419627 0.441057 0.46197 0.482239 0.501743 0.520366 0.538002 0.554555 0.569936 0.584067 0.596878 0.608311 0.618314 0.626844 0.633865 0.639351 0.643279 0.645636 0.646412 0.645604 0.643215 0.639253 0.633733 0.626677 0.618111 0.608071 0.5966 0.58375 0.569581 0.554162 0.537573 0.519903 0.501248 0.481718 0.461425 0.440494 0.419053 0.397235 0.375177 0.353016 0.330891 0.308936 0.287281 0.266051 0.245362 0.225321 0.206022 0.187549 0.169972 0.153348 0.137721 0.123121 0.109564 0.0970546 0.0855875 0.075146 0.0657053 0.0572335 0.0496937 0.043045 0.0372446 0.0322495 0.0280176 0.0245094 0.0216895 0.019527 0.0179974 0.0170834 
0.0178357 0.0181434 0.0190899 0.0206881 0.0229577 0.0259249 0.0296222 0.0340871 0.0393607 0.0454868 0.05251 0.0604742 0.0694211 0.0793879 0.0904059 0.102499 0.115682 0.129958 0.145319 0.161745 0.1792 0.197636 0.21699 0.237184 0.25813 0.279723 0.301852 0.324393 0.347215 0.370181 0.393152 0.415984 0.438535 0.460666 0.482239 0.503126 0.523201 0.54235 0.560466 0.577453 0.593221 0.607696 0.620808 0.632501 0.642723 0.651435 0.658604 0.664202 0.66821 0.670614 0.671406 0.670584 0.668148 0.664108 0.658477 0.651275 0.642527 0.632267 0.620536 0.607385 0.59287 0.577062 0.560037 0.541884 0.5227 0.502594 0.481681 0.460086 0.43794 0.41538 0.392547 0.369583 0.34663 0.323829 0.301316 0.279221 0.257668 0.236767 0.216621 0.197319 0.178936 0.161534 0.14516 0.129848 0.115619 0.102479 0.090424 0.0794387 0.0694991 0.0605734 0.0526243 0.0456103 0.0394877 0.0342124 0.0297409 0.0260327 0.0230509 0.0207638 0.0191458 0.0181791 
0.0189035 0.0192286 0.020227 0.0219123 0.0243048 0.0274316 0.0313261 0.0360271 0.0415768 0.0480202 0.0554028 0.0637696 0.0731623 0.0836187 0.0951696 0.107838 0.121637 0.136569 0.152623 0.169774 0.187984 0.2072 0.227353 0.248363 0.270133 0.292554 0.315508 0.338865 0.362489 0.386238 0.409965 0.433524 0.456768 0.479554 0.501743 0.523201 0.543805 0.563437 0.581992 0.599373 0.615493 0.630276 0.643658 0.655581 0.665999 0.674872 0.682169 0.687866 0.691944 0.69439 0.695196 0.694361 0.691886 0.687778 0.68205 0.674719 0.665811 0.655356 0.643394 0.629973 0.615148 0.598986 0.581565 0.56297 0.5433 0.522663 0.501174 0.478961 0.456156 0.4329 0.409337 0.385612 0.361875 0.33827 0.314939 0.292019 0.269637 0.247912 0.226952 0.20685 0.187689 0.169533 0.152437 0.136435 0.121553 0.107799 0.0951714 0.0836558 0.073229 0.0638596 0.0555101 0.0481384 0.0417001 0.0361498 0.0314433 0.0275385 0.0243977 0.0219881 0.0202833 0.0192647 
0.0199525 0.0202945 0.0213436 0.0231139 0.0256262 0.0289085 0.0329952 0.037926 0.0437443 0.0504962 0.058228 0.0669853 0.0768104 0.0877408 0.0998073 0.113032 0.127426 0.142989 0.159709 0.177557 0.196491 0.216454 0.237373 0.25916 0.281715 0.304922 0.328658 0.352788 0.377168 0.401652 0.426088 0.450327 0.474216 0.497609 0.520366 0.54235 0.563437 0.58351 0.602462 0.620198 0.636633 0.651692 0.665311 0.677438 0.688026 0.69704 0.704449 0.710231 0.714368 0.716851 0.71767 0.716824 0.714315 0.710149 0.704337 0.696896 0.687849 0.677224 0.665059 0.651398 0.636297 0.619819 0.60204 0.583046 0.562933 0.541808 0.51979 0.497005 0.473589 0.449685 0.425439 0.401002 0.376527 0.352163 0.328059 0.304355 0.281187 0.258677 0.236939 0.216074 0.196167 0.177289 0.159497 0.142832 0.12732 0.112974 0.0997928 0.0877641 0.0768656 0.067066 0.0583279 0.0506088 0.0438636 0.0380459 0.0331105 0.0290144 0.0257187 0.0231897 0.0214001 0.0203311 
0.0209732 0.0213316 0.0224298 0.0242823 0.0269103 0.0303427 0.0346149 0.0397675 0.0458449 0.0528939 0.0609618 0.0700948 0.0803353 0.0917209 0.104282 0.118039 0.133002 0.149169 0.166524 0.185036 0.204659 0.225332 0.246976 0.269499 0.292794 0.316743 0.341214 0.366067 0.391155 0.416325 0.441421 0.466288 0.490773 0.514725 0.538002 0.560466 0.581992 0.602462 0.621771 0.639824 0.656537 0.671839 0.685667 0.697971 0.708706 0.71784 0.725344 0.731199 0.735387 0.7379 0.73873 0.737876 0.735339 0.731124 0.725242 0.717707 0.70854 0.697769 0.685427 0.671557 0.656212 0.639455 0.621357 0.602003 0.58149 0.559923 0.537422 0.514114 0.490136 0.465632 0.440754 0.415655 0.390491 0.365417 0.340587 0.316147 0.292236 0.268985 0.246512 0.224922 0.204306 0.184741 0.166287 0.148989 0.132875 0.117962 0.104251 0.0917305 0.080379 0.0701661 0.0610543 0.0530008 0.0459598 0.0398844 0.0347282 0.0304474 0.0270021 0.0243578 0.0224864 0.0213685 
0.0219563 0.0223304 0.0234756 0.0254066 0.0281454 0.0317214 0.0361709 0.0415353 0.04786 0.0551925 0.0635809 0.0730717 0.0837076 0.095526 0.108556 0.122818 0.138321 0.15506 0.173015 0.192155 0.212427 0.233767 0.256092 0.279305 0.303294 0.327935 0.353091 0.378618 0.404361 0.430165 0.455869 0.481314 0.506344 0.530806 0.554555 0.577453 0.599373 0.620198 0.639824 0.658156 0.675114 0.690627 0.704636 0.717091 0.727952 0.737188 0.744772 0.750687 0.754918 0.757456 0.758296 0.757435 0.754875 0.75062 0.744679 0.737066 0.727799 0.716903 0.704409 0.690359 0.674803 0.657799 0.639419 0.619746 0.598875 0.576911 0.553973 0.53019 0.505698 0.480646 0.455187 0.429476 0.403676 0.377944 0.352439 0.327312 0.302709 0.278763 0.2556 0.233329 0.212047 0.191834 0.172754 0.154857 0.138175 0.122724 0.10851 0.0955221 0.08374 0.0731337 0.0636659 0.0552935 0.0479705 0.041649 0.036282 0.0318247 0.0282364 0.0254818 0.0235321 0.0223676 
0.0228923 0.0232813 0.0244709 0.0264763 0.0293199 0.0330318 0.0376489 0.0432134 0.0497716 0.0573717 0.0660623 0.0758902 0.0868984 0.0991238 0.112595 0.127332 0.14334 0.160614 0.179132 0.198857 0.219735 0.241696 0.264655 0.288509 0.313141 0.338422 0.36421 0.390356 0.416702 0.443086 0.469345 0.495317 0.52084 0.545763 0.569936 0.593221 0.615493 0.636633 0.656537 0.675114 0.692284 0.707979 0.722141 0.734725 0.745691 0.755011 0.762662 0.768627 0.772893 0.775452 0.776299 0.775433 0.772855 0.768568 0.762579 0.754902 0.745552 0.734551 0.72193 0.707726 0.691987 0.67477 0.656144 0.63619 0.615002 0.592684 0.569355 0.545144 0.520189 0.49464 0.46865 0.442382 0.415998 0.389662 0.363535 0.337775 0.31253 0.287941 0.264137 0.241233 0.21933 0.198512 0.178848 0.16039 0.143175 0.127221 0.112534 0.0991069 0.0869197 0.0759431 0.0661398 0.0574668 0.0498776 0.0433238 0.0377576 0.0331335 0.02941 0.026551 0.0245274 0.0233187 
