0.000959596 0.000972285 0.001015 0.00108841 0.00119347 0.00133151 0.00150421 0.00171353 0.00196174 0.00225135 0.00258503 0.00296562 0.003396 0.00387909 0.00441772 0.0050146 0.00567221 0.00639273 0.00717797 0.00802926 0.00894739 0.00993253 0.0109842 0.012101 0.013281 0.0145213 0.0158179 0.0171662 0.0185605 0.0199944 0.0214606 0.0229508 0.0244561 0.0259669 0.0274732 0.0289641 0.0304289 0.0318561 0.0332346 0.0345532 0.0358007 0.0369665 0.0380405 0.039013 0.0398754 0.0406196 0.0412389 0.0417275 0.0420807 0.0422954 0.0423694 0.0423021 0.0420941 0.0417475 0.0412655 0.0406527 0.0399149 0.0390588 0.0380924 0.0370244 0.0358643 0.0346223 0.033309 0.0319354 0.0305128 0.0290523 0.0275652 0.0260624 0.0245545 0.0230517 0.0215635 0.0200989 0.0186659 0.017272 0.0159237 0.0146264 0.0133851 0.0122035 0.0110845 0.0100303 0.00904218 0.00812069 0.00726569 0.00647644 0.00575164 0.00508952 0.00448796 0.00394449 0.00345647 0.00302108 0.00263544 0.00229669 0.00200203 0.00174878 0.00153447 0.00135682 0.00121387 0.00110396 0.00102574 0.000978345 
0.000972285 0.000985157 0.00102845 0.00110285 0.00120933 0.00134922 0.00152422 0.00173633 0.00198784 0.00228128 0.00261937 0.00300496 0.00344098 0.00393037 0.004476 0.0050806 0.00574668 0.00647644 0.00727169 0.00813378 0.0090635 0.010061 0.0111258 0.0122565 0.0134511 0.0147065 0.016019 0.0173836 0.0187948 0.0202459 0.0217295 0.0232374 0.0247604 0.026289 0.0278127 0.029321 0.0308026 0.0322462 0.0336405 0.034974 0.0362357 0.0374146 0.0385006 0.039484 0.040356 0.0411085 0.0417346 0.0422286 0.0425857 0.0428027 0.0428775 0.0428094 0.042599 0.0422485 0.0417611 0.0411414 0.0403953 0.0395296 0.0385523 0.0374722 0.036299 0.0350429 0.0337146 0.0323253 0.0308863 0.0294089 0.0279046 0.0263842 0.0248587 0.0233382 0.0218324 0.0203503 0.0189002 0.0174895 0.0161248 0.0148118 0.0135553 0.0123592 0.0112264 0.0101591 0.00915859 0.00822553 0.00735975 0.00656049 0.00582646 0.00515588 0.00454659 0.00399612 0.00350178 0.00306074 0.00267008 0.00232691 0.00202839 0.00177182 0.00155469 0.00137471 0.00122988 0.00111852 0.00103927 0.000991263 
0.001015 0.00102845 0.0010736 0.00115114 0.00126208 0.00140781 0.00159007 0.00181094 0.00207278 0.00237821 0.00273003 0.00313119 0.0035847 0.0040936 0.00466083 0.0052892 0.00598128 0.00673931 0.00756516 0.00846016 0.00942511 0.0104601 0.0115646 0.0127372 0.0139757 0.0152769 0.0166369 0.0180505 0.019512 0.0210145 0.0225503 0.0241107 0.0256865 0.0272677 0.0288436 0.0304031 0.0319347 0.0334268 0.0348676 0.0362454 0.0375487 0.0387664 0.039888 0.0409034 0.0418037 0.0425805 0.0432268 0.0437366 0.0441052 0.044329 0.044406 0.0443355 0.0441182 0.0437562 0.0432528 0.0426129 0.0418424 0.0409483 0.0399389 0.0388232 0.0376112 0.0363134 0.0349408 0.033505 0.0320175 0.0304902 0.0289347 0.0273624 0.0257843 0.0242111 0.0226528 0.0211187 0.0196174 0.0181565 0.0167429 0.0153825 0.0140804 0.0128404 0.0116658 0.0105589 0.00952099 0.00855277 0.00765413 0.00682433 0.00606204 0.00536548 0.00473242 0.00416034 0.00364647 0.0031879 0.00278163 0.00242467 0.00211409 0.00184712 0.00162114 0.00143381 0.00128306 0.00116714 0.00108466 0.0010347 
0.00108841 0.00110285 0.00115114 0.00123401 0.00135252 0.00150813 0.0017027 0.00193841 0.00221774 0.00254345 0.00291848 0.00334594 0.00382899 0.0043708 0.00497445 0.00564286 0.00637871 0.00718432 0.0080616 0.0090119 0.010036 0.011134 0.0123051 0.0135479 0.0148599 0.0162378 0.0176772 0.0191728 0.0207184 0.0223067 0.0239295 0.0255778 0.0272417 0.0289105 0.0305733 0.0322181 0.0338331 0.0354059 0.0369242 0.0383757 0.0397483 0.0410305 0.0422112 0.04328 0.0442273 0.0450446 0.0457244 0.0462606 0.046648 0.0468832 0.046964 0.0468896 0.0466607 0.0462795 0.0457496 0.045076 0.0442648 0.0433236 0.0422608 0.0410859 0.0398093 0.0384421 0.0369959 0.0354826 0.0339145 0.0323039 0.0306631 0.0290041 0.0273384 0.0256774 0.0240315 0.0224105 0.0208236 0.0192788 0.0177834 0.0163438 0.0149651 0.0136518 0.0124072 0.0112338 0.0101331 0.00910587 0.00815203 0.00727088 0.00646107 0.00572077 0.00504767 0.00443916 0.00389235 0.00340419 0.00297154 0.00259127 0.00226031 0.00197572 0.00173478 0.001535 0.00137421 0.00125056 0.00116259 0.00110933 
0.00119347 0.00120933 0.00126208 0.00135252 0.00148178 0.00165145 0.00186349 0.00212025 0.0024244 0.00277887 0.00318682 0.00365155 0.00417644 0.00476484 0.00542002 0.00614508 0.00694281 0.00781566 0.00876558 0.00979395 0.0109015 0.0120883 0.0133534 0.014695 0.0161106 0.0175964 0.0191477 0.0207587 0.0224225 0.0241314 0.0258765 0.0276481 0.0294356 0.0312277 0.0330122 0.0347769 0.0365087 0.0381947 0.0398215 0.0413763 0.0428461 0.0442186 0.0454821 0.0466255 0.0476386 0.0485126 0.0492393 0.0498123 0.0502263 0.0504774 0.0505634 0.0504834 0.0502383 0.0498304 0.0492634 0.0485426 0.0476746 0.0466672 0.0455296 0.0442718 0.0429049 0.0414405 0.039891 0.0382691 0.0365879 0.0348606 0.0331002 0.0313194 0.0295309 0.0277464 0.0259774 0.0242344 0.0225271 0.0208644 0.019254 0.0177028 0.0162165 0.0147999 0.0134567 0.0121895 0.0110003 0.00988973 0.00885796 0.00790428 0.00702733 0.00622519 0.00549547 0.00483541 0.00424197 0.0037119 0.00324188 0.00282857 0.0024687 0.00215913 0.00189695 0.00167951 0.00150446 0.00136984 0.00127408 0.00121613 
0.00133151 0.00134922 0.00140781 0.00150813 0.00165145 0.00183945 0.00207431 0.00235854 0.00269506 0.00308705 0.00353791 0.00405121 0.00463058 0.00527964 0.00600189 0.00680062 0.00767882 0.00863903 0.0096833 0.010813 0.0120289 0.0133308 0.0147177 0.0161875 0.0177373 0.0193628 0.0210588 0.022819 0.0246358 0.0265006 0.0284037 0.0303346 0.0322817 0.0342326 0.0361744 0.0380935 0.039976 0.0418078 0.0435745 0.0452623 0.0468572 0.048346 0.049716 0.0509555 0.0520534 0.0530002 0.0537873 0.0544077 0.0548557 0.0551273 0.05522 0.0551329 0.054867 0.0544246 0.0538099 0.0530284 0.0520872 0.0509948 0.0497609 0.0483964 0.046913 0.0453235 0.0436409 0.0418792 0.0400523 0.0381744 0.0362597 0.034322 0.0323747 0.030431 0.028503 0.0266024 0.0247396 0.0229243 0.0211651 0.0194695 0.0178438 0.0162934 0.0148224 0.0134337 0.0121296 0.010911 0.00977805 0.00873018 0.00776598 0.00688346 0.0060801 0.00535297 0.00469882 0.00411418 0.00359548 0.00313912 0.00274156 0.00239941 0.00210953 0.00186903 0.00167537 0.00152643 0.0014205 0.00135644 
0.00150421 0.00152422 0.00159007 0.0017027 0.00186349 0.00207431 0.00233751 0.0026559 0.00303263 0.0034712 0.00397532 0.00454888 0.00519583 0.00592009 0.00672543 0.00761541 0.0085932 0.00966151 0.0108225 0.0120775 0.0134272 0.0148713 0.0164084 0.0180364 0.0197515 0.0215492 0.0234235 0.0253673 0.0273722 0.0294288 0.0315262 0.0336528 0.0357959 0.0379419 0.0400767 0.0421853 0.0442525 0.046263 0.0482012 0.0500519 0.0518001 0.0534312 0.0549317 0.0562886 0.0574903 0.0585262 0.0593872 0.0600655 0.0605552 0.0608518 0.0609527 0.0608569 0.0605655 0.0600809 0.0594078 0.058552 0.0575213 0.0563249 0.0549732 0.053478 0.0518521 0.0501092 0.0482636 0.0463305 0.0443249 0.0422624 0.0401584 0.038028 0.035886 0.0337466 0.0316233 0.0295288 0.0274747 0.0254717 0.0235293 0.0216559 0.0198585 0.0181432 0.0165145 0.0149759 0.0135299 0.0121778 0.0109199 0.00975554 0.00868341 0.00770141 0.00680687 0.00599666 0.00526728 0.00461498 0.00403589 0.00352609 0.00308174 0.00269914 0.00237484 0.00210569 0.00188892 0.00172218 0.0016036 0.00153194 
0.00171353 0.00173633 0.00181094 0.00193841 0.00212025 0.00235854 0.0026559 0.0030154 0.00344053 0.00393512 0.00450328 0.00514926 0.00587738 0.00669192 0.00759698 0.00859638 0.00969355 0.0108914 0.012192 0.0135969 0.0151067 0.0167207 0.0184374 0.0202541 0.0221666 0.0241696 0.0262565 0.0284191 0.030648 0.0329327 0.0352613 0.0376206 0.0399966 0.0423743 0.0447381 0.0470716 0.049358 0.0515804 0.0537218 0.0557656 0.0576952 0.0594949 0.0611497 0.0626458 0.0639702 0.0651115 0.0660597 0.0668066 0.0673455 0.0676717 0.0677822 0.0676762 0.0673546 0.0668202 0.0660779 0.0651343 0.0639978 0.0626782 0.0611871 0.0595371 0.0577424 0.0558179 0.0537792 0.0516428 0.0494254 0.047144 0.0448153 0.0424561 0.0400828 0.0377108 0.0353553 0.0330302 0.0307485 0.028522 0.0263614 0.024276 0.0222739 0.0203616 0.0185447 0.0168271 0.0152116 0.0136998 0.0122923 0.0109885 0.00978713 0.0086859 0.00768203 0.00677214 0.00595245 0.0052189 0.00456726 0.00399324 0.00349263 0.00306137 0.00269566 0.00239203 0.00214742 0.00195924 0.00182544 0.00174464 
0.00196174 0.00198784 0.00207278 0.00221774 0.0024244 0.00269506 0.00303263 0.00344053 0.0039226 0.00448311 0.00512655 0.00585763 0.00668108 0.00760158 0.00862361 0.00975131 0.0109884 0.0123378 0.0138019 0.0153822 0.017079 0.0188915 0.0208179 0.0228548 0.0249974 0.0272397 0.029574 0.0319912 0.0344808 0.0370307 0.0396277 0.0422572 0.0449035 0.04755 0.0501793 0.0527733 0.0553135 0.0577812 0.0601578 0.0624248 0.0645642 0.0665587 0.068392 0.0700486 0.0715147 0.0727777 0.0738268 0.0746527 0.0752485 0.0756087 0.0757304 0.0756125 0.075256 0.0746641 0.0738421 0.0727971 0.0715382 0.0700764 0.0684242 0.0665955 0.0646057 0.0624711 0.0602091 0.0578375 0.0553749 0.0528397 0.0502508 0.0476264 0.0449847 0.0423429 0.0397177 0.0371247 0.0345783 0.0320919 0.0296773 0.0273451 0.0251044 0.0229627 0.0209261 0.0189995 0.017186 0.0154876 0.0139052 0.0124383 0.0110855 0.00984459 0.00871256 0.00768577 0.00676011 0.00593116 0.00519429 0.0045448 0.00397805 0.00348955 0.00307511 0.0027309 0.00245352 0.00224011 0.00208838 0.00199681 
0.00225135 0.00228128 0.00237821 0.00254345 0.00277887 0.00308705 0.0034712 0.00393512 0.00448311 0.00511985 0.00585033 0.00667974 0.00761328 0.00865608 0.00981302 0.0110886 0.0124868 0.0140108 0.015663 0.0174449 0.0193566 0.021397 0.0235639 0.0258532 0.0282595 0.0307758 0.0333933 0.0361016 0.038889 0.0417418 0.0446451 0.0475828 0.0505372 0.0534898 0.0564214 0.0593118 0.0621407 0.0648872 0.0675309 0.0700515 0.072429 0.0746446 0.0766801 0.0785189 0.0801456 0.0815465 0.0827097 0.0836253 0.0842853 0.0846842 0.0848185 0.0846871 0.0842911 0.083634 0.0827216 0.0815617 0.0801642 0.0785412 0.0767063 0.0746748 0.0724636 0.0700906 0.0675748 0.0649361 0.0621946 0.059371 0.0564858 0.0535595 0.050612 0.0476626 0.0447299 0.0418311 0.0389826 0.0361991 0.0334941 0.0308795 0.0283655 0.0259609 0.0236726 0.0215061 0.0194653 0.0175526 0.0157691 0.0141145 0.0125875 0.0111858 0.00990606 0.00874446 0.00769653 0.00675745 0.00592214 0.00518542 0.00454218 0.00398748 0.00351665 0.00312546 0.00281014 0.00256751 0.00239501 0.00229098 
0.00258503 0.00261937 0.00273003 0.00291848 0.00318682 0.00353791 0.00397532 0.00450328 0.00512655 0.00585033 0.00668014 0.00762168 0.0086807 0.00986279 0.0111733 0.0126171 0.0141985 0.0159208 0.0177865 0.019797 0.0219522 0.0242508 0.0266899 0.0292647 0.031969 0.0347946 0.0377316 0.0407683 0.0438911 0.047085 0.0503331 0.0536172 0.0569178 0.0602143 0.0634851 0.066708 0.0698603 0.0729192 0.075862 0.0786663 0.0813102 0.0837729 0.0860346 0.0880769 0.0898829 0.0914378 0.0927284 0.0937439 0.0944758 0.0949178 0.0950661 0.0949196 0.0944795 0.0937497 0.0927363 0.0914481 0.0898959 0.0880927 0.0860536 0.0837955 0.0813366 0.0786969 0.0758972 0.0729592 0.0699053 0.0667583 0.0635409 0.0602757 0.0569848 0.0536898 0.0504112 0.0471684 0.0439796 0.0408614 0.0378289 0.0348956 0.0320732 0.0293714 0.0267984 0.0243605 0.0220623 0.0199067 0.0178952 0.0160276 0.0143028 0.0127182 0.0112705 0.00995549 0.00876834 0.00770377 0.00675623 0.00592001 0.00518949 0.00455919 0.00402396 0.00357909 0.00322041 0.00294437 0.00274815 0.00262987 
0.00296562 0.00300496 0.00313119 0.00334594 0.00365155 0.00405121 0.00454888 0.00514926 0.00585763 0.00667974 0.00762168 0.00868975 0.00989025 0.0112293 0.0127128 0.0143458 0.0161331 0.0180782 0.0201836 0.0224506 0.0248789 0.0274666 0.0302103 0.0331044 0.0361416 0.0393126 0.0426061 0.0460088 0.0495053 0.0530788 0.0567103 0.0603795 0.0640645 0.0677425 0.0713895 0.0749809 0.0784915 0.0818962 0.0851699 0.0882878 0.0912261 0.0939618 0.0964731 0.0987399 0.100744 0.102468 0.1039 0.105025 0.105836 0.106326 0.10649 0.106326 0.105838 0.105028 0.103903 0.102473 0.10075 0.0987483 0.0964839 0.0939754 0.091243 0.0883085 0.0851948 0.0819257 0.0785261 0.0750208 0.0714351 0.0677941 0.0641222 0.0604432 0.0567802 0.0531548 0.0495871 0.0460961 0.0426986 0.0394098 0.0362429 0.0332091 0.0303178 0.0275762 0.0249897 0.0225618 0.0202945 0.0181879 0.0162408 0.0144507 0.012814 0.0113263 0.00998234 0.00877632 0.00770218 0.00675369 0.00592461 0.00520891 0.00460089 0.00409533 0.0036876 0.00337377 0.00315071 0.00301632 
0.003396 0.00344098 0.0035847 0.00382899 0.00417644 0.00463058 0.00519583 0.00587738 0.00668108 0.00761328 0.0086807 0.00989025 0.0112488 0.0127632 0.0144396 0.0162837 0.0183004 0.0204935 0.0228656 0.0254176 0.0281491 0.0310576 0.034139 0.0373867 0.0407924 0.0443454 0.0480327 0.0518394 0.0557482 0.05974 0.0637937 0.0678866 0.0719943 0.0760915 0.0801515 0.084147 0.0880505 0.091834 0.0954699 0.0989311 0.102191 0.105225 0.108009 0.110521 0.112741 0.114651 0.116236 0.117481 0.118379 0.11892 0.1191 0.118919 0.118377 0.11748 0.116234 0.11465 0.11274 0.110521 0.108011 0.105229 0.102197 0.0989404 0.095483 0.0918514 0.0880728 0.0841748 0.0801851 0.0761314 0.0720407 0.0679397 0.0638537 0.0598068 0.0558217 0.0519194 0.0481189 0.0444373 0.0408895 0.0374883 0.0342444 0.0311661 0.0282597 0.0255296 0.022978 0.0206055 0.018411 0.016392 0.0145447 0.0128644 0.0113453 0.0099813 0.00876566 0.00769158 0.0067522 0.00594088 0.00525132 0.00467775 0.00421505 0.00385886 0.0036057 0.00345326 
0.00387909 0.00393037 0.0040936 0.0043708 0.00476484 0.00527964 0.00592009 0.00669192 0.00760158 0.00865608 0.00986279 0.0112293 0.0127632 0.0144717 0.0163617 0.0184393 0.0207095 0.0231765 0.0258427 0.028709 0.0317744 0.035036 0.0384886 0.0421248 0.045935 0.0499067 0.0540255 0.0582744 0.062634 0.0670829 0.0715976 0.0761526 0.0807211 0.0852747 0.0897841 0.0942191 0.0985493 0.102744 0.106773 0.110606 0.114215 0.117572 0.120652 0.123429 0.125882 0.127993 0.129743 0.131118 0.132109 0.132706 0.132905 0.132704 0.132105 0.131112 0.129735 0.127984 0.125873 0.123419 0.120642 0.117564 0.114209 0.110603 0.106773 0.102748 0.0985577 0.0942329 0.0898038 0.085301 0.0807543 0.0761932 0.0716457 0.0671387 0.0626975 0.0583454 0.0541037 0.0499918 0.0460263 0.0422219 0.0385907 0.0351422 0.0318839 0.0288209 0.025956 0.0232902 0.0208225 0.0185506 0.0164704 0.0145769 0.0128639 0.0113247 0.00995219 0.00873873 0.00767688 0.00675932 0.00597913 0.00532994 0.00480609 0.00440277 0.00411613 0.00394361 
0.00441772 0.004476 0.00466083 0.00497445 0.00542002 0.00600189 0.00672543 0.00759698 0.00862361 0.00981302 0.0111733 0.0127128 0.0144396 0.0163617 0.0184864 0.0208204 0.0233689 0.0261361 0.0291245 0.0323347 0.0357652 0.0394124 0.0432703 0.0473301 0.0515807 0.0560083 0.0605962 0.0653254 0.0701743 0.0751188 0.0801327 0.0851879 0.0902545 0.0953012 0.100296 0.105205 0.109995 0.114632 0.119084 0.123318 0.127302 0.131006 0.134402 0.137464 0.140168 0.142493 0.14442 0.145935 0.147025 0.147682 0.1479 0.147678 0.147018 0.145924 0.144406 0.142476 0.140149 0.137444 0.134381 0.130985 0.127282 0.1233 0.119069 0.114621 0.109987 0.105203 0.1003 0.0953119 0.0902726 0.0852138 0.0801669 0.0751615 0.0702256 0.0653854 0.0606646 0.0560847 0.0516648 0.0474211 0.0433676 0.0395152 0.0358724 0.0324454 0.0292377 0.0262506 0.0234836 0.0209342 0.0185983 0.0164704 0.0145442 0.0128124 0.011267 0.00989995 0.00870305 0.00766828 0.00678806 0.00605536 0.00546397 0.00500858 0.00468494 0.00449024 
0.0050146 0.0050806 0.0052892 0.00564286 0.00614508 0.00680062 0.00761541 0.00859638 0.00975131 0.0110886 0.0126171 0.0143458 0.0162837 0.0184393 0.0208204 0.023434 0.0262859 0.0293801 0.0327191 0.0363031 0.0401301 0.0441958 0.0484928 0.0530114 0.0577386 0.0626587 0.0677532 0.0730005 0.0783766 0.0838546 0.0894055 0.0949981 0.100599 0.106175 0.111689 0.117106 0.122388 0.127499 0.132402 0.137063 0.141446 0.14552 0.149254 0.152619 0.155589 0.158143 0.160259 0.161922 0.163118 0.163838 0.164077 0.163832 0.163107 0.161905 0.160238 0.158117 0.155561 0.152587 0.14922 0.145485 0.141411 0.137029 0.13237 0.127469 0.122363 0.117086 0.111675 0.106168 0.1006 0.0950072 0.0894236 0.0838821 0.0784137 0.0730474 0.0678097 0.0627246 0.0578134 0.0530946 0.0485837 0.0442935 0.0402337 0.0364114 0.032831 0.0294945 0.0264015 0.0235496 0.0209347 0.0185511 0.0163919 0.0144493 0.0127148 0.0111796 0.00983477 0.00867153 0.00768157 0.00685725 0.00619172 0.00567916 0.0053149 0.00509587 
0.00567221 0.00574668 0.00598128 0.00637871 0.00694281 0.00767882 0.0085932 0.00969355 0.0109884 0.0124868 0.0141985 0.0161331 0.0183004 0.0207095 0.0233689 0.0262859 0.0294663 0.0329145 0.0366326 0.0406205 0.0448755 0.0493923 0.0541625 0.0591746 0.064414 0.0698631 0.075501 0.0813035 0.0872439 0.0932925 0.099417 0.105583 0.111755 0.117894 0.123961 0.129917 0.135721 0.141335 0.146717 0.15183 0.156637 0.161102 0.165193 0.168878 0.17213 0.174925 0.17724 0.179059 0.180367 0.181154 0.181414 0.181146 0.180352 0.179037 0.177212 0.17489 0.17209 0.168834 0.165145 0.161052 0.156586 0.151779 0.146666 0.141286 0.135677 0.129877 0.123927 0.117867 0.111736 0.105573 0.0994169 0.0933026 0.0872647 0.0813352 0.0755435 0.0699164 0.0644777 0.0592481 0.0542452 0.0494834 0.0449739 0.040725 0.0367421 0.0330277 0.0295818 0.0264023 0.023485 0.0208239 0.0184117 0.0162401 0.0142999 0.0125817 0.0110757 0.00977239 0.00866281 0.00773854 0.00699211 0.00641717 0.00600858 0.00576298 
0.00639273 0.00647644 0.00673931 0.00718432 0.00781566 0.00863903 0.00966151 0.0108914 0.0123378 0.0140108 0.0159208 0.0180782 0.0204935 0.0231765 0.0261361 0.0293801 0.0329145 0.0367436 0.0408692 0.0452909 0.0500051 0.0550054 0.0602821 0.0658221 0.0716089 0.0776225 0.0838396 0.0902335 0.0967742 0.103429 0.110163 0.116937 0.123712 0.130447 0.137099 0.143625 0.149981 0.156124 0.162011 0.1676 0.172852 0.177729 0.182194 0.186216 0.189763 0.19281 0.195334 0.197316 0.198742 0.199599 0.199882 0.199589 0.198723 0.197289 0.195298 0.192766 0.189712 0.186158 0.182132 0.177662 0.172783 0.16753 0.161941 0.156055 0.149915 0.143564 0.137044 0.130399 0.123672 0.116906 0.110142 0.10342 0.0967763 0.0902476 0.083866 0.0776611 0.0716593 0.065884 0.0603548 0.055088 0.0500966 0.0453901 0.0409749 0.0368543 0.0330288 0.0294965 0.0262531 0.0232926 0.0206072 0.0181881 0.0160255 0.0141092 0.0124287 0.0109737 0.00973442 0.00870174 0.00786755 0.0072249 0.0067682 0.00649379 
0.00717797 0.00727169 0.00756516 0.0080616 0.00876558 0.0096833 0.0108225 0.012192 0.0138019 0.015663 0.0177865 0.0201836 0.0228656 0.0258427 0.0291245 0.0327191 0.0366326 0.0408692 0.0454306 0.0503155 0.0555196 0.0610351 0.066851 0.0729523 0.0793205 0.0859331 0.0927641 0.099784 0.10696 0.114255 0.121631 0.129046 0.136458 0.14382 0.151086 0.15821 0.165144 0.171842 0.178256 0.184344 0.190061 0.195367 0.200223 0.204595 0.20845 0.21176 0.214502 0.216654 0.218201 0.219131 0.219438 0.21912 0.218178 0.21662 0.214457 0.211706 0.208386 0.204523 0.200145 0.195283 0.189973 0.184253 0.178165 0.17175 0.165055 0.158125 0.151007 0.143747 0.136394 0.128992 0.121588 0.114223 0.106941 0.0997784 0.0927721 0.0859547 0.0793555 0.0730005 0.0669116 0.0611074 0.0556024 0.0504077 0.0455309 0.0409761 0.0367444 0.0328342 0.0292414 0.0259596 0.0229809 0.0202958 0.017894 0.0157645 0.013896 0.0122776 0.0108985 0.00974885 0.00881995 0.00810421 0.00759559 0.00729008 
0.00802926 0.00813378 0.00846016 0.0090119 0.00979395 0.010813 0.0120775 0.0135969 0.0153822 0.0174449 0.019797 0.0224506 0.0254176 0.028709 0.0323347 0.0363031 0.0406205 0.0452909 0.0503155 0.0556923 0.0614161 0.0674777 0.0738644 0.0805593 0.0875414 0.094786 0.102264 0.109943 0.117786 0.125754 0.133804 0.141891 0.149968 0.157985 0.165893 0.173641 0.181177 0.188452 0.195416 0.202021 0.208221 0.213972 0.219233 0.223968 0.228142 0.231725 0.234691 0.237019 0.238692 0.239697 0.240029 0.239684 0.238664 0.236978 0.234637 0.231659 0.228065 0.223882 0.219138 0.213869 0.208113 0.201909 0.195302 0.188337 0.181064 0.17353 0.165788 0.157887 0.149878 0.141811 0.133736 0.125698 0.117744 0.109915 0.102251 0.0947884 0.0875589 0.0805915 0.0739109 0.0675376 0.0614884 0.0557758 0.0504088 0.0453924 0.0407285 0.0364158 0.0324504 0.0288258 0.0255338 0.0225644 0.0199067 0.0175489 0.0154791 0.0136854 0.0121563 0.0108812 0.00985066 0.00905647 0.00849209 0.0081532 
0.00894739 0.0090635 0.00942511 0.010036 0.0109015 0.0120289 0.0134272 0.0151067 0.017079 0.0193566 0.0219522 0.0248789 0.0281491 0.0317744 0.0357652 0.0401301 0.0448755 0.0500051 0.0555196 0.0614161 0.0676882 0.0743254 0.081313 0.0886321 0.0962593 0.104167 0.112323 0.120691 0.129232 0.137902 0.146655 0.155442 0.164211 0.17291 0.181483 0.189878 0.198038 0.205911 0.213442 0.220581 0.227279 0.233489 0.239168 0.244276 0.248778 0.252641 0.255838 0.258346 0.260148 0.261232 0.261588 0.261215 0.260116 0.258299 0.255775 0.252564 0.248688 0.244175 0.239056 0.233368 0.22715 0.220447 0.213304 0.205771 0.197899 0.189741 0.181351 0.172784 0.164094 0.155335 0.14656 0.13782 0.129165 0.120639 0.112287 0.104148 0.0962569 0.0886463 0.0813433 0.074371 0.0677481 0.0614891 0.0556041 0.0500997 0.0449783 0.0402392 0.0358786 0.0318901 0.0282652 0.0249935 0.0220634 0.0194626 0.0171782 0.0151976 0.0135085 0.0120995 0.0109604 0.0100824 0.00945846 0.00908392 
0.00993253 0.010061 0.0104601 0.011134 0.0120883 0.0133308 0.0148713 0.0167207 0.0188915 0.021397 0.0242508 0.0274666 0.0310576 0.035036 0.0394124 0.0441958 0.0493923 0.0550054 0.0610351 0.0674777 0.0743254 0.081566 0.089183 0.097155 0.105456 0.114055 0.122918 0.132004 0.14127 0.15067 0.160152 0.169663 0.179148 0.188551 0.197812 0.206873 0.215676 0.224163 0.232277 0.239964 0.247173 0.253853 0.259959 0.26545 0.270286 0.274435 0.277867 0.28056 0.282494 0.283657 0.284039 0.283638 0.282458 0.280506 0.277796 0.274347 0.270183 0.265332 0.259829 0.253712 0.247023 0.239807 0.232114 0.223997 0.215509 0.206708 0.197651 0.188396 0.179002 0.169527 0.160028 0.15056 0.141176 0.131926 0.122857 0.114013 0.105432 0.097149 0.089195 0.0815953 0.074371 0.0675383 0.0611093 0.0550914 0.0494883 0.0442997 0.0395222 0.0351495 0.0311727 0.0275812 0.0243628 0.0215044 0.0189926 0.0168137 0.0149547 0.0134035 0.0121491 0.011182 0.0104948 0.0100824 
0.0109842 0.0111258 0.0115646 0.0123051 0.0133534 0.0147177 0.0164084 0.0184374 0.0208179 0.0235639 0.0266899 0.0302103 0.034139 0.0384886 0.0432703 0.0484928 0.0541625 0.0602821 0.066851 0.0738644 0.081313 0.089183 0.0974555 0.106107 0.115108 0.124425 0.13402 0.14385 0.153866 0.164018 0.174252 0.18451 0.194732 0.204857 0.214823 0.224567 0.234028 0.243143 0.251853 0.260099 0.267828 0.274987 0.281528 0.287406 0.292583 0.297022 0.300694 0.303573 0.305641 0.306884 0.307292 0.306863 0.3056 0.303512 0.300613 0.296923 0.292466 0.287273 0.28138 0.274826 0.267656 0.259919 0.251665 0.242951 0.233834 0.224374 0.214632 0.204672 0.194555 0.184343 0.174098 0.163878 0.153742 0.143743 0.133932 0.124357 0.11506 0.106079 0.0974472 0.0891939 0.0813423 0.0739108 0.066913 0.0603579 0.0542501 0.0485903 0.0433752 0.0385987 0.0342519 0.0303238 0.0268018 0.0236719 0.0209201 0.018532 0.0164937 0.0147922 0.0134159 0.0123547 0.0116005 0.0111481 
0.012101 0.0122565 0.0127372 0.0135479 0.014695 0.0161875 0.0180364 0.0202541 0.0228548 0.0258532 0.0292647 0.0331044 0.0373867 0.0421248 0.0473301 0.0530114 0.0591746 0.0658221 0.0729523 0.0805593 0.0886321 0.097155 0.106107 0.115461 0.125186 0.135245 0.145595 0.156189 0.166977 0.177903 0.188907 0.199929 0.210905 0.221769 0.232454 0.242894 0.253024 0.262777 0.272091 0.280905 0.289161 0.296804 0.303784 0.310055 0.315575 0.320307 0.32422 0.327287 0.32949 0.330813 0.331247 0.33079 0.329444 0.327219 0.32413 0.320196 0.315444 0.309906 0.303619 0.296624 0.288967 0.280701 0.271878 0.262558 0.252801 0.242671 0.232233 0.221552 0.210696 0.19973 0.188721 0.177731 0.166822 0.156053 0.145478 0.135149 0.125112 0.115409 0.106076 0.0971456 0.0886432 0.0805896 0.0730004 0.065886 0.0592524 0.0531008 0.0474288 0.0422304 0.0374965 0.033216 0.0293757 0.0259612 0.0229575 0.0203497 0.0181229 0.0162634 0.014759 0.0135988 0.0127742 0.0122797 
0.013281 0.0134511 0.0139757 0.0148599 0.0161106 0.0177373 0.0197515 0.0221666 0.0249974 0.0282595 0.031969 0.0361416 0.0407924 0.045935 0.0515807 0.0577386 0.064414 0.0716089 0.0793205 0.0875414 0.0962593 0.105456 0.115108 0.125186 0.135655 0.146475 0.157599 0.168978 0.180554 0.192269 0.20406 0.215861 0.227603 0.239217 0.250632 0.261778 0.272584 0.282982 0.292906 0.302292 0.311078 0.319208 0.32663 0.333294 0.339158 0.344184 0.348338 0.351594 0.353932 0.355335 0.355796 0.35531 0.353882 0.35152 0.348239 0.344062 0.339015 0.33313 0.326447 0.319008 0.310863 0.302064 0.292668 0.282736 0.272333 0.261524 0.25038 0.238968 0.227361 0.215629 0.203841 0.192065 0.180367 0.168809 0.157452 0.14635 0.135553 0.125108 0.115053 0.105424 0.0962504 0.0875539 0.0793529 0.0716593 0.0644805 0.0578186 0.0516719 0.0460346 0.0408979 0.0362503 0.0320782 0.0283666 0.0251001 0.0222626 0.0198389 0.0178142 0.0161757 0.0149118 0.0140137 0.0134751 
0.0145213 0.0147065 0.0152769 0.0162378 0.0175964 0.0193628 0.0215492 0.0241696 0.0272397 0.0307758 0.0347946 0.0393126 0.0443454 0.0499067 0.0560083 0.0626587 0.0698631 0.0776225 0.0859331 0.094786 0.104167 0.114055 0.124425 0.135245 0.146475 0.158072 0.169986 0.182163 0.194542 0.207059 0.219648 0.232237 0.244755 0.257126 0.269277 0.281133 0.29262 0.303666 0.314202 0.32416 0.333477 0.342095 0.349957 0.357014 0.363221 0.368539 0.372933 0.376377 0.378849 0.380333 0.380819 0.380305 0.378795 0.376296 0.372826 0.368407 0.363065 0.356835 0.349757 0.341876 0.333241 0.323909 0.313938 0.303393 0.29234 0.28085 0.268993 0.256845 0.24448 0.231971 0.219394 0.206821 0.194321 0.181962 0.169807 0.157916 0.146343 0.135138 0.124345 0.114 0.104136 0.094779 0.0859482 0.0776579 0.0699167 0.0627279 0.0560906 0.0499993 0.0444455 0.0394173 0.0349011 0.0308812 0.0273416 0.0242655 0.0216369 0.0194404 0.0176623 0.0162906 0.0153157 0.0147312 
0.0158179 0.016019 0.0166369 0.0176772 0.0191477 0.0210588 0.0234235 0.0262565 0.029574 0.0333933 0.0377316 0.0426061 0.0480327 0.0540255 0.0605962 0.0677532 0.075501 0.0838396 0.0927641 0.102264 0.112323 0.122918 0.13402 0.145595 0.157599 0.169986 0.182702 0.195687 0.208878 0.222206 0.2356 0.248983 0.262281 0.275413 0.288302 0.300869 0.313037 0.32473 0.335876 0.346404 0.35625 0.365351 0.37365 0.381096 0.387643 0.39325 0.397883 0.401512 0.404116 0.405679 0.406192 0.40565 0.404058 0.401425 0.397768 0.393108 0.387475 0.380904 0.373434 0.365113 0.355993 0.346131 0.335588 0.324431 0.312729 0.300556 0.287987 0.2751 0.261972 0.248683 0.235311 0.221933 0.208623 0.195452 0.182489 0.169798 0.157437 0.145459 0.133912 0.122837 0.112269 0.102236 0.0927604 0.0838584 0.0755401 0.0678102 0.0606684 0.0541099 0.0481263 0.0427058 0.0378345 0.0334963 0.0296744 0.0263516 0.023511 0.0211367 0.019214 0.0177306 0.0166763 0.0160443 
0.0171662 0.0173836 0.0180505 0.0191728 0.0207587 0.022819 0.0253673 0.0284191 0.0319912 0.0361016 0.0407683 0.0460088 0.0518394 0.0582744 0.0653254 0.0730005 0.0813035 0.0902335 0.099784 0.109943 0.120691 0.132004 0.14385 0.156189 0.168978 0.182163 0.195687 0.209488 0.223496 0.237638 0.251839 0.266018 0.280095 0.293988 0.307613 0.320888 0.333732 0.346068 0.357818 0.368911 0.379279 0.388858 0.397588 0.405418 0.412299 0.418191 0.423057 0.426869 0.429603 0.431244 0.431782 0.431213 0.429541 0.426776 0.422935 0.41804 0.412121 0.405212 0.397357 0.388603 0.379003 0.368617 0.357507 0.345743 0.333397 0.320546 0.307267 0.293642 0.279754 0.265684 0.251516 0.23733 0.223205 0.209218 0.195441 0.181942 0.168783 0.156023 0.143713 0.131897 0.120613 0.109892 0.09976 0.0902343 0.081327 0.0730441 0.0653862 0.0583494 0.0519254 0.0461025 0.0408666 0.0362014 0.0320894 0.0285129 0.0254541 0.0228966 0.0208251 0.0192266 0.0180904 0.0174095 
0.0185605 0.0187948 0.019512 0.0207184 0.0224225 0.0246358 0.0273722 0.030648 0.0344808 0.038889 0.0438911 0.0495053 0.0557482 0.062634 0.0701743 0.0783766 0.0872439 0.0967742 0.10696 0.117786 0.129232 0.14127 0.153866 0.166977 0.180554 0.194542 0.208878 0.223496 0.238321 0.253277 0.268283 0.283256 0.298109 0.312756 0.32711 0.341086 0.3546 0.367569 0.379915 0.391564 0.402445 0.412492 0.421645 0.429851 0.437059 0.443229 0.448323 0.452312 0.455173 0.45689 0.457453 0.456858 0.455109 0.452215 0.448194 0.443069 0.43687 0.429633 0.421401 0.412222 0.402151 0.391249 0.379582 0.36722 0.354239 0.340716 0.326735 0.312379 0.297734 0.282888 0.267926 0.252934 0.237995 0.22319 0.208597 0.194287 0.180327 0.16678 0.1537 0.141135 0.129128 0.117712 0.106914 0.0967559 0.0872505 0.0784054 0.0702225 0.0626985 0.0558255 0.0495922 0.0439841 0.0389847 0.0345761 0.0307399 0.0274579 0.0247128 0.0224888 0.0207723 0.0195522 0.0188212 
0.0199944 0.0202459 0.0210145 0.0223067 0.0241314 0.0265006 0.0294288 0.0329327 0.0370307 0.0417418 0.047085 0.0530788 0.05974 0.0670829 0.0751188 0.0838546 0.0932925 0.103429 0.114255 0.125754 0.137902 0.15067 0.164018 0.177903 0.192269 0.207059 0.222206 0.237638 0.253277 0.269042 0.284848 0.300605 0.316226 0.331618 0.346692 0.361358 0.375528 0.389119 0.402049 0.414241 0.425623 0.436127 0.445692 0.454263 0.461789 0.468228 0.473544 0.477705 0.48069 0.48248 0.483067 0.482446 0.480622 0.477604 0.47341 0.468062 0.461591 0.454035 0.445435 0.435843 0.425313 0.413908 0.401696 0.388748 0.375143 0.360961 0.346288 0.331211 0.315819 0.300204 0.284456 0.268664 0.252916 0.237298 0.22189 0.20677 0.192009 0.177673 0.163821 0.150506 0.137771 0.125655 0.114187 0.10339 0.093281 0.0838676 0.0751534 0.0671359 0.0598078 0.0531579 0.0471718 0.0418327 0.0371225 0.033022 0.0295127 0.0265765 0.0241972 0.0223605 0.0210549 0.0202727 
0.0214606 0.0217295 0.0225503 0.0239295 0.0258765 0.0284037 0.0315262 0.0352613 0.0396277 0.0446451 0.0503331 0.0567103 0.0637937 0.0715976 0.0801327 0.0894055 0.099417 0.110163 0.121631 0.133804 0.146655 0.160152 0.174252 0.188907 0.20406 0.219648 0.2356 0.251839 0.268283 0.284848 0.301442 0.317973 0.334348 0.350472 0.36625 0.381591 0.396404 0.410601 0.4241 0.43682 0.448687 0.459634 0.469598 0.478521 0.486355 0.493054 0.498583 0.50291 0.506013 0.507875 0.508485 0.50784 0.505943 0.502806 0.498444 0.492882 0.486149 0.478284 0.46933 0.459337 0.448363 0.43647 0.423727 0.410209 0.395995 0.381169 0.365819 0.350035 0.333911 0.31754 0.301017 0.284435 0.267888 0.251463 0.235248 0.219324 0.203767 0.188646 0.174024 0.159958 0.146496 0.133679 0.12154 0.110103 0.0993866 0.0894018 0.0801528 0.0716381 0.0638511 0.0567808 0.0504129 0.0447306 0.0397153 0.0353475 0.031608 0.0284782 0.0259415 0.0239829 0.0225906 0.0217567 
0.0229508 0.0232374 0.0241107 0.0255778 0.0276481 0.0303346 0.0336528 0.0376206 0.0422572 0.0475828 0.0536172 0.0603795 0.0678866 0.0761526 0.0851879 0.0949981 0.105583 0.116937 0.129046 0.141891 0.155442 0.169663 0.18451 0.199929 0.215861 0.232237 0.248983 0.266018 0.283256 0.300605 0.317973 0.335262 0.352375 0.369212 0.385678 0.401676 0.417112 0.431897 0.445945 0.459175 0.471511 0.482885 0.493231 0.502494 0.510621 0.51757 0.523303 0.527789 0.531005 0.532935 0.533567 0.532899 0.530934 0.527682 0.52316 0.517393 0.51041 0.502249 0.492954 0.482576 0.471174 0.45881 0.445555 0.431485 0.416681 0.40123 0.385221 0.368749 0.351908 0.334798 0.317516 0.30016 0.282826 0.265609 0.248598 0.231879 0.215534 0.199635 0.18425 0.16944 0.155255 0.14174 0.128931 0.116855 0.105533 0.094977 0.0851927 0.07618 0.0679327 0.0604406 0.0536894 0.0476622 0.04234 0.0377032 0.0337319 0.0304073 0.0277119 0.0256305 0.0241509 0.0232648 
0.0244561 0.0247604 0.0256865 0.0272417 0.0294356 0.0322817 0.0357959 0.0399966 0.0449035 0.0505372 0.0569178 0.0640645 0.0719943 0.0807211 0.0902545 0.100599 0.111755 0.123712 0.136458 0.149968 0.164211 0.179148 0.194732 0.210905 0.227603 0.244755 0.262281 0.280095 0.298109 0.316226 0.334348 0.352375 0.370204 0.387735 0.404866 0.421498 0.437536 0.452887 0.467463 0.481183 0.493969 0.50575 0.516463 0.526048 0.534456 0.541642 0.547569 0.552206 0.55553 0.557524 0.558178 0.557488 0.555458 0.552098 0.547424 0.541462 0.53424 0.525798 0.516178 0.505433 0.493621 0.480805 0.467059 0.452458 0.437086 0.421031 0.404386 0.387246 0.36971 0.351881 0.33386 0.315748 0.297646 0.279652 0.261861 0.244363 0.227243 0.210578 0.194441 0.178895 0.163996 0.14979 0.136318 0.123608 0.111684 0.10056 0.0902434 0.0807346 0.0720287 0.0641158 0.0569818 0.0506099 0.044981 0.0400751 0.035872 0.0323522 0.029498 0.0272936 0.0257264 0.024788 
0.0259669 0.026289 0.0272677 0.0289105 0.0312277 0.0342326 0.0379419 0.0423743 0.04755 0.0534898 0.0602143 0.0677425 0.0760915 0.0852747 0.0953012 0.106175 0.117894 0.130447 0.14382 0.157985 0.17291 0.188551 0.204857 0.221769 0.239217 0.257126 0.275413 0.293988 0.312756 0.331618 0.350472 0.369212 0.387735 0.405934 0.423705 0.440947 0.457562 0.473455 0.488537 0.502723 0.515937 0.528106 0.539166 0.549058 0.557731 0.565141 0.571251 0.576031 0.579456 0.581511 0.582185 0.581474 0.579383 0.575921 0.571105 0.564958 0.557512 0.548802 0.538875 0.527782 0.51558 0.502335 0.488119 0.473011 0.457095 0.440461 0.423203 0.405421 0.387215 0.368692 0.349954 0.331109 0.312261 0.293512 0.274961 0.256702 0.238824 0.22141 0.204535 0.188267 0.172666 0.157781 0.143655 0.13032 0.117802 0.106117 0.0952737 0.0852739 0.0761135 0.0677833 0.0602696 0.0535554 0.0476218 0.0424484 0.0380146 0.0343007 0.0312883 0.0289614 0.0273071 0.0263166 
0.0274732 0.0278127 0.0288436 0.0305733 0.0330122 0.0361744 0.0400767 0.0447381 0.0501793 0.0564214 0.0634851 0.0713895 0.0801515 0.0897841 0.100296 0.111689 0.123961 0.137099 0.151086 0.165893 0.181483 0.197812 0.214823 0.232454 0.250632 0.269277 0.288302 0.307613 0.32711 0.346692 0.36625 0.385678 0.404866 0.423705 0.442089 0.459914 0.477078 0.493487 0.509048 0.523677 0.537295 0.54983 0.561217 0.571398 0.58032 0.587941 0.594223 0.599136 0.602656 0.604768 0.605461 0.604731 0.602583 0.599026 0.594076 0.587757 0.580099 0.57114 0.560923 0.549501 0.536931 0.52328 0.50862 0.49303 0.476597 0.459411 0.441568 0.423171 0.404323 0.385132 0.365706 0.346154 0.326586 0.307106 0.287818 0.268821 0.250207 0.232064 0.214471 0.197499 0.181211 0.165662 0.150896 0.13695 0.123849 0.111613 0.100251 0.0897685 0.0801608 0.0714194 0.0635312 0.0564795 0.050245 0.0448074 0.0401457 0.0362397 0.033071 0.030623 0.0288824 0.0278404 
0.0289641 0.029321 0.0304031 0.0322181 0.0347769 0.0380935 0.0421853 0.0470716 0.0527733 0.0593118 0.066708 0.0749809 0.084147 0.0942191 0.105205 0.117106 0.129917 0.143625 0.15821 0.173641 0.189878 0.206873 0.224567 0.242894 0.261778 0.281133 0.300869 0.320888 0.341086 0.361358 0.381591 0.401676 0.421498 0.440947 0.459914 0.478291 0.495976 0.512871 0.528885 0.54393 0.557929 0.570807 0.5825 0.59295 0.602105 0.609922 0.616364 0.621401 0.62501 0.627175 0.627885 0.627138 0.624937 0.621291 0.616217 0.609738 0.601884 0.592691 0.582204 0.570474 0.55756 0.543527 0.528449 0.512405 0.495482 0.477773 0.459376 0.440394 0.420934 0.401106 0.381021 0.360793 0.340533 0.320351 0.300355 0.280646 0.261322 0.242474 0.224185 0.206531 0.189578 0.173384 0.157996 0.143453 0.129784 0.11701 0.105144 0.0941887 0.0841434 0.0749997 0.0667447 0.0593621 0.0528326 0.0471357 0.0422503 0.0381559 0.0348335 0.0322665 0.0304412 0.0293486 
0.0304289 0.0308026 0.0319347 0.0338331 0.0365087 0.039976 0.0442525 0.049358 0.0553135 0.0621407 0.0698603 0.0784915 0.0880505 0.0985493 0.109995 0.122388 0.135721 0.149981 0.165144 0.181177 0.198038 0.215676 0.234028 0.253024 0.272584 0.29262 0.313037 0.333732 0.3546 0.375528 0.396404 0.417112 0.437536 0.457562 0.477078 0.495976 0.514151 0.531503 0.54794 0.563375 0.577728 0.590926 0.602904 0.613604 0.622974 0.630973 0.637563 0.642714 0.646405 0.648618 0.649345 0.648582 0.646332 0.642605 0.637417 0.63079 0.622753 0.613345 0.602607 0.590591 0.577356 0.562967 0.547498 0.531028 0.513646 0.495445 0.476525 0.456991 0.436952 0.41652 0.395811 0.374939 0.35402 0.333168 0.312494 0.292104 0.272099 0.252574 0.233617 0.215306 0.197712 0.180895 0.164906 0.149786 0.135568 0.122274 0.109917 0.098504 0.0880338 0.0784991 0.0698875 0.0621829 0.0553663 0.0494168 0.0443134 0.0400353 0.0365631 0.03388 0.031972 0.0308301 
0.0318561 0.0322462 0.0334268 0.0354059 0.0381947 0.0418078 0.046263 0.0515804 0.0577812 0.0648872 0.0729192 0.0818962 0.091834 0.102744 0.114632 0.127499 0.141335 0.156124 0.171842 0.188452 0.205911 0.224163 0.243143 0.262777 0.282982 0.303666 0.32473 0.346068 0.367569 0.389119 0.410601 0.431897 0.452887 0.473455 0.493487 0.512871 0.531503 0.549281 0.566112 0.581909 0.59659 0.610083 0.622324 0.633254 0.642823 0.650988 0.657713 0.66297 0.666735 0.668994 0.669736 0.668958 0.666664 0.662862 0.657569 0.650807 0.642604 0.632996 0.622028 0.609749 0.596217 0.581498 0.565666 0.548801 0.53099 0.51233 0.492921 0.472869 0.452286 0.431286 0.409987 0.388507 0.366965 0.345478 0.32416 0.303123 0.282469 0.2623 0.242704 0.223766 0.205558 0.188145 0.17158 0.155907 0.141161 0.127366 0.114538 0.102684 0.0918043 0.0818925 0.0729369 0.0649214 0.0578273 0.0516339 0.0463196 0.0418637 0.0382467 0.0354512 0.0334633 0.0322736 
0.0332346 0.0336405 0.0348676 0.0369242 0.0398215 0.0435745 0.0482012 0.0537218 0.0601578 0.0675309 0.075862 0.0851699 0.0954699 0.106773 0.119084 0.132402 0.146717 0.162011 0.178256 0.195416 0.213442 0.232277 0.251853 0.272091 0.292906 0.314202 0.335876 0.357818 0.379915 0.402049 0.4241 0.445945 0.467463 0.488537 0.509048 0.528885 0.54794 0.566112 0.583307 0.599436 0.614419 0.628183 0.640664 0.651804 0.661554 0.669871 0.67672 0.682072 0.685905 0.688204 0.68896 0.68817 0.685835 0.681967 0.676578 0.669693 0.661338 0.65155 0.64037 0.62785 0.614046 0.599024 0.582858 0.565627 0.547421 0.528336 0.508472 0.487938 0.466848 0.445317 0.423466 0.401416 0.379289 0.357205 0.335281 0.313633 0.292367 0.271588 0.251388 0.231855 0.213065 0.195085 0.177972 0.161773 0.146524 0.132252 0.118974 0.106698 0.0954275 0.0851551 0.0758702 0.0675571 0.0601972 0.0537699 0.0482536 0.0436272 0.0398711 0.0369678 0.0349031 0.0336676 
0.0345532 0.034974 0.0362454 0.0383757 0.0413763 0.0452623 0.0500519 0.0557656 0.0624248 0.0700515 0.0786663 0.0882878 0.0989311 0.110606 0.123318 0.137063 0.15183 0.1676 0.184344 0.202021 0.220581 0.239964 0.260099 0.280905 0.302292 0.32416 0.346404 0.368911 0.391564 0.414241 0.43682 0.459175 0.481183 0.502723 0.523677 0.54393 0.563375 0.581909 0.599436 0.615868 0.631127 0.645138 0.657837 0.669168 0.679081 0.687535 0.694495 0.699933 0.703828 0.706164 0.706932 0.70613 0.703759 0.69983 0.694357 0.68736 0.678869 0.668917 0.657546 0.644807 0.630756 0.615458 0.598986 0.581421 0.562852 0.543375 0.523092 0.502114 0.480555 0.458532 0.436169 0.413589 0.390917 0.368276 0.345787 0.323567 0.301729 0.280377 0.259611 0.239518 0.220181 0.201667 0.184038 0.167342 0.151618 0.136895 0.123192 0.110518 0.0988764 0.0882623 0.0786651 0.0700698 0.0624577 0.0558082 0.0501 0.0453116 0.0414234 0.0384177 0.03628 0.0350009 
0.0358007 0.0362357 0.0375487 0.0397483 0.0428461 0.0468572 0.0518001 0.0576952 0.0645642 0.072429 0.0813102 0.0912261 0.102191 0.114215 0.127302 0.141446 0.156637 0.172852 0.190061 0.208221 0.227279 0.247173 0.267828 0.289161 0.311078 0.333477 0.35625 0.379279 0.402445 0.425623 0.448687 0.471511 0.493969 0.515937 0.537295 0.557929 0.577728 0.59659 0.614419 0.631127 0.646633 0.660866 0.673762 0.685264 0.695324 0.703901 0.71096 0.716475 0.720424 0.722793 0.723573 0.72276 0.720358 0.716375 0.710825 0.70373 0.695116 0.685017 0.673476 0.66054 0.646265 0.630718 0.613969 0.596101 0.577202 0.557368 0.536704 0.515319 0.49333 0.470856 0.448022 0.424954 0.40178 0.378624 0.355612 0.332863 0.310493 0.28861 0.267317 0.246705 0.226857 0.207846 0.189735 0.172575 0.156408 0.141262 0.127161 0.114114 0.102125 0.0911902 0.0813001 0.0724397 0.0645907 0.0577326 0.0518439 0.0469033 0.0428908 0.0397887 0.0375824 0.0362623 
