5.48609e-06 5.67773e-06 6.47198e-06 7.93126e-06 1.01626e-05 1.33232e-05 1.76255e-05 2.33432e-05 3.08182e-05 4.04685e-05 5.27959e-05 6.83936e-05 8.79529e-05 0.000112268 0.00014224 0.000178876 0.000223285 0.000276671 0.000340321 0.000415582 0.00050384 0.000606486 0.000724885 0.000860325 0.00101398 0.00118684 0.00137969 0.00159304 0.00182706 0.00208154 0.00235588 0.00264902 0.00295942 0.00328508 0.0036235 0.00397175 0.00432643 0.0046838 0.00503979 0.00539007 0.00573016 0.00605552 0.00636162 0.00664407 0.0068987 0.00712166 0.00730955 0.00745941 0.00756891 0.00763629 0.0076605 0.00764115 0.00757856 0.00747376 0.00732842 0.00714486 0.00692596 0.0066751 0.00639609 0.00609305 0.00577035 0.0054325 0.00508403 0.0047294 0.00437294 0.00401872 0.00367052 0.00333171 0.00300528 0.00269374 0.00239914 0.00212305 0.00186657 0.00163036 0.00141467 0.00121936 0.00104397 0.000887777 0.000749813 0.000628945 0.000523913 0.00043338 0.000355977 0.000290332 0.000235108 0.000189026 0.000150882 0.000119565 9.40628e-05 7.34654e-05 5.69685e-05 4.3869e-05 3.35611e-05 2.55295e-05 1.9343e-05 1.46462e-05 1.11524e-05 8.63663e-06 6.92934e-06 5.91353e-06 
5.67773e-06 5.87729e-06 6.70203e-06 8.21685e-06 1.0533e-05 1.3814e-05 1.82806e-05 2.42173e-05 3.19795e-05 4.20016e-05 5.4805e-05 7.1006e-05 9.13226e-05 0.00011658 0.000147714 0.000185768 0.000231896 0.000287346 0.000353452 0.000431609 0.000523254 0.000629828 0.00075274 0.000893324 0.00105279 0.00123216 0.00143224 0.00165354 0.00189624 0.00216012 0.00244453 0.00274837 0.00307005 0.00340747 0.00375805 0.00411873 0.00448602 0.00485602 0.00522453 0.00558707 0.00593901 0.00627565 0.00659232 0.00688448 0.00714782 0.0073784 0.00757267 0.00772761 0.00784079 0.00791041 0.00793539 0.00791532 0.00785055 0.00774212 0.00759177 0.00740188 0.00717543 0.0069159 0.00662723 0.00631367 0.00597975 0.00563009 0.0052694 0.0049023 0.00453324 0.00416645 0.00380583 0.00345489 0.00311671 0.00279391 0.0024886 0.00220243 0.00193654 0.00169163 0.00146795 0.00126538 0.00108345 0.000921403 0.000778252 0.000652824 0.000543818 0.000449852 0.000369506 0.000301361 0.000244032 0.000196191 0.000156591 0.000124079 9.76032e-05 7.62211e-05 5.90966e-05 4.55e-05 3.4802e-05 2.64676e-05 2.00486e-05 1.51761e-05 1.15522e-05 8.94317e-06 7.17301e-06 6.12013e-06 
6.47198e-06 6.70203e-06 7.64299e-06 9.36849e-06 1.20045e-05 1.57361e-05 2.08126e-05 2.75553e-05 3.63651e-05 4.77314e-05 6.22409e-05 8.05861e-05 0.000103573 0.000132126 0.000167291 0.000210236 0.000262245 0.000324707 0.000399104 0.000486983 0.00058993 0.000709535 0.000847346 0.00100482 0.00118327 0.00138382 0.00160731 0.00185428 0.00212488 0.00241882 0.00273537 0.00307325 0.00343066 0.00380525 0.00419415 0.00459395 0.00500078 0.00541032 0.00581794 0.00621871 0.00660754 0.00697925 0.00732872 0.007651 0.00794136 0.00819547 0.00840949 0.0085801 0.00870466 0.00878121 0.00880855 0.00878627 0.00871473 0.00859508 0.00842921 0.00821973 0.00796989 0.00768351 0.00736488 0.00701867 0.00664982 0.00626343 0.00586465 0.00545856 0.00505007 0.00464385 0.0042442 0.00385501 0.0034797 0.0031212 0.00278187 0.00246355 0.00216757 0.0018947 0.00164529 0.00141922 0.00121602 0.00103487 0.000874698 0.00073424 0.000612067 0.000506659 0.000416454 0.000339882 0.000275409 0.000221563 0.000176956 0.000140305 0.000110435 8.62941e-05 6.69459e-05 5.15728e-05 3.9469e-05 3.00334e-05 2.27622e-05 1.72399e-05 1.3131e-05 1.0172e-05 8.16444e-06 6.97112e-06 
7.93126e-06 8.21685e-06 9.36849e-06 1.14752e-05 1.46893e-05 1.92337e-05 2.54088e-05 3.36006e-05 4.42902e-05 5.80637e-05 7.56223e-05 9.77922e-05 0.000125532 0.00015994 0.000202255 0.000253856 0.000316257 0.000391088 0.000480084 0.000585051 0.000707833 0.000850268 0.00101414 0.00120112 0.00141269 0.00165011 0.00191431 0.00220585 0.00252483 0.00287086 0.003243 0.00363969 0.00405877 0.00449747 0.00495237 0.00541948 0.00589428 0.00637176 0.00684651 0.00731284 0.00776487 0.00819665 0.00860229 0.00897608 0.00931263 0.00960699 0.00985474 0.0100521 0.0101961 0.0102845 0.0103159 0.0102898 0.0102067 0.0100678 0.00987544 0.00963247 0.00934264 0.00901032 0.00864042 0.00823829 0.00780962 0.00736026 0.00689615 0.00642314 0.00594692 0.0054729 0.00500609 0.00455102 0.00411172 0.0036916 0.00329349 0.00291959 0.00257148 0.00225016 0.00195607 0.00168916 0.00144892 0.00123447 0.0010446 0.000877868 0.00073264 0.00060717 0.000499647 0.00040825 0.00033119 0.000266743 0.000213283 0.000169298 0.000133406 0.000104359 8.10493e-05 6.25058e-05 4.78881e-05 3.64798e-05 2.76788e-05 2.09882e-05 1.60059e-05 1.24158e-05 9.97963e-06 8.53269e-06 
1.01626e-05 1.0533e-05 1.20045e-05 1.46893e-05 1.87788e-05 2.45527e-05 3.23874e-05 4.27655e-05 5.62874e-05 7.36827e-05 9.58226e-05 0.00012373 0.000158591 0.000201758 0.000254753 0.000319266 0.000397144 0.000490372 0.000601052 0.000731364 0.000883523 0.00105973 0.00126209 0.00149259 0.00175295 0.00204462 0.00236864 0.00272559 0.0031155 0.00353779 0.00399122 0.00447382 0.0049829 0.00551503 0.00606604 0.00663109 0.00720468 0.0077808 0.00835296 0.00891435 0.00945795 0.0099767 0.0104636 0.0109119 0.0113152 0.0116677 0.0119642 0.0122002 0.0123722 0.0124776 0.0125148 0.0124832 0.0123834 0.0122168 0.0119861 0.0116947 0.0113471 0.0109483 0.0105043 0.0100212 0.00950592 0.00896531 0.00840646 0.00783634 0.00726177 0.00668922 0.00612471 0.00557373 0.00504115 0.00453114 0.00404719 0.00359201 0.00316762 0.00277529 0.00241567 0.00208877 0.00179408 0.00153059 0.00129694 0.00109142 0.000912121 0.00075696 0.000623776 0.000510381 0.000414617 0.000334398 0.000267748 0.000212824 0.000167933 0.000131546 0.000102303 7.90032e-05 6.06095e-05 4.62339e-05 3.51291e-05 2.66767e-05 2.0376e-05 1.58325e-05 1.27485e-05 1.09182e-05 
1.33232e-05 1.3814e-05 1.57361e-05 1.92337e-05 2.45527e-05 3.20516e-05 4.22119e-05 5.56499e-05 7.31302e-05 9.55805e-05 0.000124105 0.000159999 0.000204755 0.000260076 0.00032787 0.000410247 0.000509507 0.000628113 0.000768661 0.000933832 0.00112634 0.00134885 0.00160393 0.00189393 0.00222092 0.00258657 0.00299204 0.00343793 0.00392415 0.00444986 0.00501338 0.0056122 0.00624286 0.00690107 0.00758162 0.00827851 0.00898498 0.00969363 0.0103965 0.0110854 0.0117517 0.0123869 0.0129825 0.0135304 0.014023 0.0144531 0.0148146 0.0151022 0.0153116 0.0154397 0.0154846 0.0154457 0.0153235 0.0151199 0.014838 0.0144819 0.014057 0.0135694 0.0130261 0.0124348 0.0118034 0.0111405 0.0104546 0.00975413 0.0090474 0.00834233 0.00764629 0.00696604 0.00630761 0.0056762 0.00507616 0.00451095 0.00398313 0.00349443 0.00304574 0.00263721 0.00226831 0.00193792 0.00164444 0.00138585 0.00115987 0.000963969 0.000795527 0.000651865 0.000530332 0.000428352 0.000343478 0.000273416 0.000216057 0.000169489 0.000132 0.000102084 7.84301e-05 5.99156e-05 4.55934e-05 3.4678e-05 2.65321e-05 2.06531e-05 1.66613e-05 1.4294e-05 
1.76255e-05 1.82806e-05 2.08126e-05 2.54088e-05 3.23874e-05 4.22119e-05 5.55036e-05 7.30558e-05 9.58512e-05 0.000125079 0.000162151 0.000208719 0.000266682 0.000338199 0.00042568 0.000531786 0.000659402 0.000811609 0.000991638 0.00120281 0.00144848 0.00173191 0.00205622 0.00242426 0.00283847 0.0033008 0.00381258 0.00437437 0.0049859 0.00564595 0.0063523 0.00710164 0.00788959 0.00871066 0.00955833 0.0104251 0.0113026 0.0121816 0.0130523 0.0139047 0.0147283 0.0155125 0.0162472 0.0169224 0.0175289 0.0180582 0.0185026 0.018856 0.019113 0.01927 0.0193247 0.0192763 0.0191256 0.0188747 0.0185274 0.0180888 0.0175652 0.016964 0.0162939 0.0155639 0.014784 0.0139643 0.0131154 0.0122475 0.0113709 0.0104953 0.00962977 0.00878278 0.00796181 0.00717339 0.00642301 0.0057151 0.00505299 0.00443896 0.00387428 0.00335927 0.00289344 0.00247553 0.00210366 0.00177544 0.0014881 0.00123859 0.00102367 0.000840045 0.000684437 0.00055364 0.000444594 0.000354427 0.000280483 0.000220349 0.000171861 0.000133104 0.000102412 7.83528e-05 5.97144e-05 4.5491e-05 3.48643e-05 2.71885e-05 2.19747e-05 1.88846e-05 
2.33432e-05 2.42173e-05 2.75553e-05 3.36006e-05 4.27655e-05 5.56499e-05 7.30558e-05 9.60061e-05 0.000125765 0.000163857 0.000212092 0.000272577 0.00034773 0.000440291 0.000553312 0.000690145 0.000854417 0.00104999 0.00128088 0.00155121 0.00186512 0.00222661 0.00263948 0.00310716 0.00363255 0.00421792 0.00486472 0.00557348 0.00634365 0.0071735 0.00806006 0.00899903 0.0099848 0.0110104 0.0120677 0.0131471 0.0142384 0.0153302 0.0164103 0.0174664 0.0184856 0.0194552 0.0203626 0.0211959 0.0219437 0.0225957 0.0231429 0.0235776 0.0238936 0.0240863 0.0241531 0.0240929 0.0239067 0.0235972 0.0231689 0.0226279 0.0219819 0.0212399 0.0204122 0.0195099 0.0185452 0.0175304 0.0164783 0.0154016 0.0143129 0.013224 0.0121463 0.0110902 0.0100651 0.00907927 0.00813957 0.00725168 0.00641991 0.00564729 0.00493559 0.00428543 0.00369635 0.00316696 0.00269508 0.00227788 0.001912 0.00159373 0.00131912 0.00108409 0.000884569 0.000716575 0.000576279 0.000460074 0.000364618 0.000286861 0.00022406 0.000173783 0.000133906 0.000102599 7.83114e-05 5.97531e-05 4.58722e-05 3.58371e-05 2.90182e-05 2.4979e-05 
3.08182e-05 3.19795e-05 3.63651e-05 4.42902e-05 5.62874e-05 7.31302e-05 9.58512e-05 0.000125765 0.000164491 0.000213982 0.000276545 0.000354862 0.000452005 0.000571436 0.000717006 0.000892931 0.00110375 0.00135428 0.00164951 0.00199455 0.00239446 0.00285415 0.00337822 0.00397076 0.00463521 0.00537418 0.00618925 0.00708081 0.00804792 0.00908818 0.0101977 0.0113708 0.0126004 0.0138778 0.0151925 0.0165329 0.0178861 0.0192381 0.020574 0.0218786 0.0231362 0.0243313 0.0254487 0.0264738 0.0273931 0.028194 0.0288658 0.0293989 0.0297862 0.0300221 0.0301034 0.0300289 0.0297997 0.0294192 0.0288926 0.0282274 0.0274328 0.0265197 0.0255005 0.0243888 0.0231991 0.0219465 0.0206465 0.0193147 0.0179664 0.0166163 0.0152783 0.0139653 0.0126891 0.0114599 0.0102865 0.00917604 0.00813411 0.00716471 0.00627027 0.00545179 0.00470894 0.00404023 0.00344315 0.00291433 0.00244976 0.00204494 0.00169504 0.00139506 0.00113997 0.000924814 0.000744826 0.000595494 0.000472622 0.000372366 0.000291263 0.00022623 0.00017457 0.000133951 0.000102396 7.82534e-05 6.01751e-05 4.70945e-05 3.82025e-05 3.2938e-05 
4.04685e-05 4.20016e-05 4.77314e-05 5.80637e-05 7.36827e-05 9.55805e-05 0.000125079 0.000163857 0.000213982 0.000277936 0.000358648 0.000459512 0.000584404 0.000737682 0.000924176 0.00114915 0.00141827 0.00173749 0.00211299 0.00255103 0.0030578 0.00363926 0.00430092 0.00504767 0.00588352 0.00681142 0.00783304 0.00894854 0.0101565 0.0114535 0.0128345 0.0142923 0.0158178 0.0174 0.0190261 0.0206815 0.0223503 0.0240153 0.0256585 0.0272611 0.0288043 0.0302693 0.0316377 0.0328919 0.0340156 0.034994 0.035814 0.0364644 0.0369364 0.0372236 0.0373221 0.0372304 0.03695 0.0364848 0.0358411 0.0350278 0.034056 0.0329387 0.0316908 0.0303286 0.0288696 0.027332 0.0257346 0.0240963 0.0224356 0.0207706 0.0191185 0.017495 0.0159146 0.0143902 0.0129327 0.0115513 0.010253 0.00904313 0.00792493 0.00689996 0.00596812 0.00512784 0.00437625 0.00370944 0.00312263 0.0026104 0.00216689 0.001786 0.00146154 0.00118741 0.000957699 0.00076679 0.000609447 0.000480854 0.000376658 0.000292976 0.000226399 0.000173975 0.000133191 0.000101946 7.85245e-05 6.15631e-05 5.0028e-05 4.3202e-05 
5.27959e-05 5.4805e-05 6.22409e-05 7.56223e-05 9.58226e-05 0.000124105 0.000162151 0.000212092 0.000276545 0.000358648 0.000462092 0.000591143 0.000750661 0.000946091 0.00118345 0.00146927 0.00181055 0.00221464 0.00268909 0.00324155 0.00387951 0.00461014 0.00544001 0.00637487 0.00741936 0.00857676 0.00984874 0.0112351 0.0127337 0.01434 0.0160474 0.0178467 0.0197264 0.0216729 0.0236703 0.0257007 0.0277445 0.029781 0.031788 0.0337432 0.0356237 0.0374069 0.0390708 0.0405946 0.0419587 0.0431454 0.0441393 0.0449271 0.0454984 0.0458457 0.0459641 0.0458523 0.0455117 0.044947 0.0441659 0.0431787 0.0419986 0.0406411 0.0391239 0.0374665 0.0356897 0.0338154 0.0318662 0.0298647 0.0278335 0.0257944 0.0237682 0.0217743 0.0198306 0.0179528 0.0161546 0.0144476 0.0128406 0.0113406 0.00995188 0.00867678 0.00751553 0.00646655 0.00552666 0.00469132 0.0039549 0.00331095 0.00275242 0.00227191 0.00186188 0.00151486 0.00122357 0.000981072 0.000780877 0.000616994 0.000483987 0.000376998 0.000291745 0.000224516 0.000172141 0.000131965 0.000101815 7.99617e-05 6.50935e-05 5.6299e-05 
6.83936e-05 7.1006e-05 8.05861e-05 9.77922e-05 0.00012373 0.000159999 0.000208719 0.000272577 0.000354862 0.000459512 0.000591143 0.00075508 0.000957368 0.00120476 0.00150469 0.00186521 0.0022949 0.00280273 0.00339789 0.00408962 0.00488692 0.00579833 0.00683161 0.00799344 0.0092891 0.0107222 0.0122942 0.0140045 0.0158498 0.0178244 0.0199195 0.0221236 0.0244224 0.026799 0.0292337 0.031705 0.034189 0.0366605 0.0390932 0.0414599 0.0437335 0.0458871 0.0478946 0.0497313 0.0513742 0.0528023 0.0539975 0.0549443 0.0556304 0.0560469 0.0561884 0.056053 0.0556427 0.0549629 0.0540224 0.0528337 0.0514121 0.0497758 0.0479458 0.0459451 0.0437982 0.0415313 0.0391712 0.036745 0.0342796 0.0318013 0.0293353 0.0269051 0.0245324 0.0222367 0.0200348 0.017941 0.0159667 0.0141206 0.0124086 0.0108339 0.00939723 0.00809719 0.00693028 0.00589133 0.00497379 0.00417003 0.00347166 0.00286977 0.00235528 0.00191909 0.00155232 0.00124647 0.00099355 0.000786159 0.000617567 0.000481736 0.000373335 0.000287723 0.000220934 0.000169635 0.000131094 0.000103135 8.41046e-05 7.28524e-05 
8.79529e-05 9.13226e-05 0.000103573 0.000125532 0.000158591 0.000204755 0.000266682 0.00034773 0.000452005 0.000584404 0.000750661 0.000957368 0.00121198 0.00152282 0.001899 0.00235034 0.00288729 0.00352071 0.00426168 0.00512126 0.00611017 0.00723847 0.00851522 0.0099481 0.011543 0.0133037 0.0152316 0.0173251 0.0195799 0.0219881 0.0245387 0.0272174 0.0300064 0.0328849 0.0358291 0.0388128 0.0418073 0.0447825 0.0477069 0.0505484 0.0532747 0.0558542 0.0582562 0.0604517 0.0624138 0.0641181 0.0655434 0.0666717 0.0674888 0.0679842 0.0681519 0.0679896 0.0674995 0.066688 0.0655654 0.064146 0.0624478 0.0604921 0.0583032 0.055908 0.0533355 0.0506164 0.0477821 0.044865 0.0418969 0.0389091 0.0359319 0.0329935 0.0301202 0.0273356 0.0246605 0.0221123 0.0197055 0.0174511 0.0153567 0.0134269 0.0116631 0.0100642 0.00862636 0.0073439 0.00620926 0.00521353 0.0043468 0.00359849 0.0029577 0.00241348 0.00195508 0.00157216 0.00125496 0.000994433 0.000782298 0.000611112 0.000474282 0.000366056 0.000281505 0.000216481 0.000167572 0.000132062 0.00010788 9.35878e-05 
0.000112268 0.00011658 0.000132126 0.00015994 0.000201758 0.000260076 0.000338199 0.000440291 0.000571436 0.000737682 0.000946091 0.00120476 0.00152282 0.00191042 0.00237864 0.0029394 0.00360528 0.00438932 0.00530476 0.00636472 0.00758184 0.00896785 0.0105332 0.0122866 0.0142346 0.0163809 0.0187265 0.0212689 0.0240019 0.0269155 0.0299958 0.0332249 0.0365811 0.0400391 0.0435702 0.0471428 0.0507229 0.0542746 0.0577607 0.0611434 0.064385 0.0674484 0.0702979 0.0728999 0.0752232 0.0772396 0.0789247 0.0802577 0.0812224 0.0818068 0.0820038 0.081811 0.0812309 0.0802707 0.0789423 0.0772622 0.0752512 0.0729337 0.070338 0.0674951 0.0644388 0.0612047 0.0578298 0.0543516 0.050808 0.0472359 0.043671 0.0401472 0.0366959 0.0333457 0.0301216 0.0270454 0.0241347 0.0214034 0.0188614 0.0165148 0.0143662 0.0124149 0.0106569 0.00908604 0.00769366 0.00646951 0.00540201 0.00447869 0.00368663 0.00301273 0.00244409 0.00196827 0.00157344 0.0012486 0.000983666 0.000769524 0.000598089 0.00046229 0.000356047 0.000274233 0.000212628 0.00016786 0.000137359 0.000119338 
0.00014224 0.000147714 0.000167291 0.000202255 0.000254753 0.00032787 0.00042568 0.000553312 0.000717006 0.000924176 0.00118345 0.00150469 0.001899 0.00237864 0.002957 0.00364838 0.00446783 0.00543087 0.00655317 0.00785015 0.00933654 0.0110259 0.0129302 0.015059 0.0174195 0.0200152 0.0228465 0.0259093 0.0291954 0.0326921 0.0363819 0.0402429 0.0442487 0.0483686 0.0525685 0.0568106 0.0610549 0.0652591 0.0693796 0.0733723 0.0771936 0.0808004 0.0841518 0.0872088 0.0899359 0.0923008 0.0942757 0.0958369 0.0969659 0.0976493 0.0978788 0.0976519 0.0969712 0.0958451 0.0942872 0.0923161 0.0899555 0.0872333 0.0841818 0.0808368 0.0772369 0.0734232 0.0694386 0.0653267 0.0611315 0.0568964 0.0526633 0.0484723 0.0443609 0.0403629 0.0365089 0.032825 0.029333 0.0260502 0.0229894 0.0201586 0.0175618 0.0151989 0.0130662 0.0111569 0.00946134 0.00796789 0.00666315 0.00553256 0.00456093 0.00373275 0.00303271 0.00244588 0.00195811 0.00155612 0.00122771 0.00096183 0.000748641 0.000579511 0.000447003 0.00034483 0.000267807 0.000211786 0.0001736 0.000151046 
0.000178876 0.000185768 0.000210236 0.000253856 0.000319266 0.000410247 0.000531786 0.000690145 0.000892931 0.00114915 0.00146927 0.00186521 0.00235034 0.0029394 0.00364838 0.00449432 0.00549507 0.00666894 0.0080343 0.00960909 0.0114103 0.0134535 0.0157521 0.0183166 0.0211544 0.0242689 0.0276593 0.0313197 0.0352394 0.039402 0.0437862 0.0483652 0.053107 0.0579752 0.062929 0.0679242 0.0729137 0.0778482 0.0826772 0.0873499 0.0918158 0.0960259 0.0999332 0.103494 0.106667 0.109416 0.11171 0.113523 0.114833 0.115625 0.11589 0.115625 0.114834 0.113525 0.111714 0.109422 0.106675 0.103506 0.0999501 0.0960483 0.0918446 0.0873862 0.0827218 0.077902 0.0729773 0.0679981 0.0630134 0.0580701 0.0532123 0.0484803 0.0439105 0.0395344 0.0353786 0.0314644 0.0278079 0.0244198 0.0213058 0.0184669 0.0158996 0.0135968 0.011548 0.00973994 0.00815737 0.0067835 0.00560059 0.00459051 0.00373516 0.00301688 0.00241879 0.00192503 0.00152098 0.00119332 0.000930178 0.000721101 0.00055706 0.000430408 0.000334823 0.000265239 0.000217785 0.000189764 
0.000223285 0.000231896 0.000262245 0.000316257 0.000397144 0.000509507 0.000659402 0.000854417 0.00110375 0.00141827 0.00181055 0.0022949 0.00288729 0.00360528 0.00446783 0.00549507 0.00670799 0.00812798 0.00977639 0.0116739 0.01384 0.0162921 0.0190451 0.0221104 0.0254956 0.0292034 0.0332314 0.0375714 0.0422095 0.0471254 0.0522927 0.0576791 0.0632465 0.0689516 0.0747466 0.0805797 0.0863962 0.0921392 0.0977507 0.103172 0.108347 0.113219 0.117735 0.121846 0.125506 0.128675 0.131316 0.133402 0.134908 0.135818 0.136122 0.135816 0.134905 0.133397 0.131311 0.128669 0.125501 0.121843 0.117735 0.113224 0.108357 0.10319 0.0977763 0.0921742 0.0864418 0.0806366 0.0748155 0.0690328 0.06334 0.0577847 0.0524098 0.0472531 0.0423466 0.0377165 0.0333827 0.0293593 0.0256541 0.0222695 0.0192029 0.0164468 0.01399 0.0118177 0.00991265 0.00825572 0.00682643 0.00560371 0.0045664 0.00369376 0.00296586 0.0023639 0.00187046 0.00146966 0.00114726 0.000890706 0.000689126 0.000533287 0.000415539 0.000329745 0.000271207 0.000236651 
0.000276671 0.000287346 0.000324707 0.000391088 0.000490372 0.000628113 0.000811609 0.00104999 0.00135428 0.00173749 0.00221464 0.00280273 0.00352071 0.00438932 0.00543087 0.00666894 0.00812798 0.00983279 0.0118079 0.014077 0.016662 0.0195825 0.0228546 0.0264905 0.0304974 0.0348772 0.0396254 0.044731 0.0501759 0.0559353 0.0619771 0.0682624 0.0747464 0.0813779 0.0881014 0.0948568 0.101581 0.108209 0.114675 0.120913 0.126858 0.132447 0.137623 0.142328 0.146513 0.150132 0.153148 0.155527 0.157244 0.15828 0.158626 0.158276 0.157234 0.155513 0.153131 0.150113 0.146492 0.142306 0.137603 0.13243 0.126845 0.120907 0.114677 0.10822 0.101603 0.0948913 0.0881492 0.0814398 0.0748226 0.0683532 0.0620819 0.0560535 0.0503065 0.0448723 0.0397759 0.0350349 0.0306602 0.0266561 0.0230209 0.0197474 0.0168235 0.0142331 0.0119571 0.00997374 0.00825961 0.00679047 0.00554182 0.00448949 0.00361013 0.00288165 0.00228348 0.0017968 0.00140469 0.00109219 0.000846297 0.000655948 0.00051196 0.000406952 0.000335269 0.000292963 
0.000340321 0.000353452 0.000399104 0.000480084 0.000601052 0.000768661 0.000991638 0.00128088 0.00164951 0.00211299 0.00268909 0.00339789 0.00426168 0.00530476 0.00655317 0.0080343 0.00977639 0.0118079 0.0141569 0.01685 0.0199119 0.0233639 0.0272236 0.0315035 0.0362104 0.0413444 0.0468984 0.052858 0.0592004 0.0658951 0.0729036 0.0801798 0.0876707 0.0953172 0.103055 0.110814 0.118524 0.126111 0.133499 0.140615 0.147387 0.153746 0.159625 0.164965 0.169708 0.173808 0.17722 0.17991 0.181851 0.183021 0.18341 0.183013 0.181835 0.179887 0.17719 0.173772 0.169669 0.164922 0.159582 0.153704 0.147348 0.140581 0.133472 0.126093 0.118518 0.110821 0.103076 0.0953539 0.0877239 0.0802499 0.0729906 0.0659985 0.0593193 0.0529909 0.0470438 0.0415 0.0363741 0.0316729 0.0273962 0.0235371 0.0200834 0.0170175 0.0143185 0.0119618 0.00992121 0.00816896 0.00667692 0.00541716 0.00436259 0.00348742 0.00276756 0.0021809 0.00170748 0.00132959 0.00103181 0.000800993 0.000626194 0.000498602 0.000411456 0.000360036 
0.000415582 0.000431609 0.000486983 0.000585051 0.000731364 0.000933832 0.00120281 0.00155121 0.00199455 0.00255103 0.00324155 0.00408962 0.00512126 0.00636472 0.00785015 0.00960909 0.0116739 0.014077 0.01685 0.0200228 0.0236227 0.0276728 0.0321917 0.037192 0.0426793 0.0486518 0.0550993 0.0620025 0.0693336 0.0770554 0.0851219 0.0934791 0.102065 0.110812 0.119645 0.128486 0.137254 0.145866 0.154239 0.16229 0.16994 0.177113 0.183736 0.189743 0.195074 0.199677 0.203505 0.206521 0.208695 0.210005 0.210439 0.209993 0.208672 0.206487 0.203461 0.199625 0.195015 0.189677 0.183667 0.177042 0.169871 0.162224 0.154179 0.145815 0.137214 0.128459 0.119633 0.110817 0.102089 0.0935225 0.085185 0.077138 0.0694352 0.0621218 0.0552345 0.0488011 0.0428401 0.0373617 0.0323675 0.0278519 0.0238023 0.0202004 0.017023 0.0142433 0.0118317 0.0097569 0.00798692 0.00648975 0.00523417 0.00419034 0.00333027 0.00262817 0.00206068 0.001607 0.00124898 0.000971108 0.000760428 0.000606507 0.000501323 0.000439272 
0.00050384 0.000523254 0.00058993 0.000707833 0.000883523 0.00112634 0.00144848 0.00186512 0.00239446 0.0030578 0.00387951 0.00488692 0.00611017 0.00758184 0.00933654 0.0114103 0.01384 0.016662 0.0199119 0.0236227 0.0278241 0.0325411 0.0377929 0.0435917 0.0499416 0.0568379 0.0642663 0.0722026 0.0806122 0.0894508 0.098664 0.108189 0.117953 0.12788 0.137884 0.147878 0.157769 0.167467 0.176878 0.185912 0.194482 0.202506 0.209904 0.216606 0.222547 0.227671 0.231929 0.235281 0.237695 0.23915 0.239631 0.239134 0.237665 0.235236 0.23187 0.2276 0.222465 0.216515 0.209806 0.202404 0.19438 0.185811 0.176781 0.167377 0.15769 0.147812 0.137834 0.127849 0.117942 0.108199 0.0986971 0.0895067 0.0806906 0.0723025 0.0643862 0.0569758 0.050095 0.0437578 0.0379686 0.0327232 0.0280095 0.0238083 0.0200948 0.0168397 0.0140101 0.011571 0.00948634 0.0077197 0.00623544 0.00499932 0.00397904 0.00314476 0.00246933 0.00192853 0.00150115 0.001169 0.000916876 0.000732512 0.000606458 0.000532109 
0.000606486 0.000629828 0.000709535 0.000850268 0.00105973 0.00134885 0.00173191 0.00222661 0.00285415 0.00363926 0.00461014 0.00579833 0.00723847 0.00896785 0.0110259 0.0134535 0.0162921 0.0195825 0.0233639 0.0276728 0.0325411 0.0379952 0.0440547 0.0507307 0.0580252 0.0659298 0.0744255 0.0834818 0.0930569 0.103098 0.113541 0.124314 0.135334 0.146513 0.157756 0.168963 0.180034 0.190867 0.20136 0.211416 0.220938 0.229839 0.238035 0.24545 0.252015 0.257672 0.262368 0.266062 0.268721 0.270322 0.270851 0.270303 0.268683 0.266005 0.262294 0.257582 0.251911 0.245333 0.237908 0.229705 0.2208 0.211276 0.201223 0.190735 0.179912 0.168854 0.157663 0.146439 0.135282 0.124286 0.113538 0.103121 0.093106 0.0835565 0.0745244 0.0660511 0.0581663 0.0508887 0.0442264 0.0381771 0.0327295 0.0278642 0.023555 0.0197702 0.0164736 0.0136265 0.0111885 0.00911856 0.00737632 0.00592275 0.00472093 0.00373654 0.00293829 0.00229817 0.00179156 0.00139732 0.00109773 0.000878452 0.000728449 0.000639987 
0.000724885 0.00075274 0.000847346 0.00101414 0.00126209 0.00160393 0.00205622 0.00263948 0.00337822 0.00430092 0.00544001 0.00683161 0.00851522 0.0105332 0.0129302 0.0157521 0.0190451 0.0228546 0.0272236 0.0321917 0.0377929 0.0440547 0.0509963 0.0586274 0.066947 0.0759423 0.0855883 0.0958476 0.10667 0.117993 0.129743 0.141837 0.154181 0.166674 0.179212 0.191684 0.203979 0.215985 0.227592 0.238695 0.249191 0.258986 0.267991 0.276127 0.283323 0.289515 0.294651 0.298688 0.301592 0.30334 0.303916 0.303317 0.301547 0.29862 0.294562 0.289406 0.283195 0.275984 0.267834 0.258818 0.249015 0.238515 0.227412 0.215808 0.20381 0.191527 0.179071 0.166553 0.154082 0.141764 0.129698 0.117977 0.106684 0.0958909 0.0856603 0.0760412 0.0670705 0.0587726 0.0511596 0.0442324 0.037981 0.0323862 0.0274208 0.0230506 0.0192368 0.0159365 0.013105 0.0106966 0.00866567 0.00696825 0.00556238 0.00440892 0.00347207 0.00271964 0.00212329 0.00165861 0.00130508 0.0010461 0.000868838 0.000764315 
0.000860325 0.000893324 0.00100482 0.00120112 0.00149259 0.00189393 0.00242426 0.00310716 0.00397076 0.00504767 0.00637487 0.00799344 0.0099481 0.0122866 0.015059 0.0183166 0.0221104 0.0264905 0.0315035 0.037192 0.0435917 0.0507307 0.0586274 0.0672892 0.0767112 0.0868754 0.0977499 0.109289 0.121433 0.13411 0.147235 0.160712 0.174436 0.188295 0.202173 0.215947 0.229496 0.2427 0.25544 0.267603 0.279082 0.289775 0.29959 0.308446 0.316267 0.32299 0.328562 0.332937 0.336083 0.337975 0.338598 0.337948 0.33603 0.332859 0.328458 0.322863 0.316118 0.308276 0.299403 0.289573 0.278869 0.267383 0.255217 0.242477 0.229279 0.21574 0.20198 0.188123 0.174286 0.160589 0.147142 0.134049 0.121406 0.109295 0.0977891 0.0869464 0.0768118 0.0674165 0.0587778 0.0509001 0.0437759 0.0373865 0.0317041 0.0266928 0.0223107 0.0185114 0.0152454 0.0124622 0.010111 0.00814234 0.00650901 0.00516669 0.00407469 0.00319631 0.00249914 0.00195518 0.00154088 0.00123711 0.00102908 0.000906422 
0.00101398 0.00105279 0.00118327 0.00141269 0.00175295 0.00222092 0.00283847 0.00363255 0.00463521 0.00588352 0.00741936 0.0092891 0.011543 0.0142346 0.0174195 0.0211544 0.0254956 0.0304974 0.0362104 0.0426793 0.0499416 0.0580252 0.066947 0.0767112 0.0873083 0.0987138 0.110888 0.123776 0.137309 0.151401 0.165957 0.180868 0.196016 0.211279 0.226526 0.241626 0.256447 0.270859 0.284736 0.297958 0.310413 0.321995 0.332609 0.342171 0.350605 0.357846 0.363841 0.368545 0.371925 0.373956 0.374625 0.373927 0.371866 0.368457 0.363724 0.357702 0.350435 0.341977 0.332394 0.321761 0.310164 0.297698 0.284469 0.270589 0.25618 0.241367 0.22628 0.211052 0.195812 0.180691 0.165811 0.15129 0.137234 0.12374 0.110889 0.0987513 0.0873805 0.0768154 0.0670795 0.0581819 0.050118 0.0428705 0.0364115 0.0307037 0.0257026 0.0213581 0.0176163 0.0144216 0.0117179 0.00945011 0.00756532 0.00601375 0.0047495 0.00373101 0.0029215 0.00228906 0.00180684 0.00145295 0.00121046 0.00106751 
0.00118684 0.00123216 0.00138382 0.00165011 0.00204462 0.00258657 0.0033008 0.00421792 0.00537418 0.00681142 0.00857676 0.0107222 0.0133037 0.0163809 0.0200152 0.0242689 0.0292034 0.0348772 0.0413444 0.0486518 0.0568379 0.0659298 0.0759423 0.0868754 0.0987138 0.111426 0.124963 0.13926 0.154235 0.169793 0.185824 0.202206 0.21881 0.235498 0.25213 0.268564 0.284657 0.300271 0.315274 0.32954 0.342951 0.3554 0.36679 0.377033 0.386057 0.393794 0.400194 0.405211 0.408813 0.410977 0.411689 0.410945 0.408748 0.405114 0.400066 0.393636 0.385869 0.376818 0.366549 0.355137 0.342668 0.329242 0.314965 0.299956 0.284341 0.268252 0.25183 0.235214 0.218548 0.201972 0.185622 0.169628 0.154109 0.139175 0.12492 0.111424 0.0987523 0.0869513 0.0760521 0.0660694 0.0570024 0.048836 0.0415429 0.0350848 0.029415 0.0244798 0.0202213 0.0165786 0.0134901 0.010895 0.00873442 0.00695291 0.00549898 0.00432593 0.00339224 0.00266187 0.00210435 0.00169484 0.0014141 0.0012486 
0.00137969 0.00143224 0.00160731 0.00191431 0.00236864 0.00299204 0.00381258 0.00486472 0.00618925 0.00783304 0.00984874 0.0122942 0.0152316 0.0187265 0.0228465 0.0276593 0.0332314 0.0396254 0.0468984 0.0550993 0.0642663 0.0744255 0.0855883 0.0977499 0.110888 0.124963 0.139916 0.15567 0.172131 0.189192 0.206727 0.224603 0.242677 0.260798 0.278814 0.296573 0.313923 0.330719 0.346822 0.3621 0.376434 0.389715 0.401844 0.412735 0.422314 0.430519 0.437296 0.442606 0.446415 0.448703 0.449455 0.448668 0.446347 0.442503 0.43716 0.430349 0.422113 0.412502 0.401582 0.389426 0.376122 0.361768 0.346473 0.330361 0.31356 0.296211 0.278459 0.260457 0.242357 0.22431 0.206466 0.188968 0.17195 0.155532 0.139824 0.124917 0.110888 0.0977925 0.0856707 0.0745434 0.0644147 0.0552726 0.0470911 0.0398315 0.0334451 0.0278755 0.0230602 0.0189337 0.0154286 0.0124783 0.0100178 0.0079857 0.00632461 0.00498242 0.00391262 0.00307472 0.00243441 0.00196369 0.00164081 0.00145048 
0.00159304 0.00165354 0.00185428 0.00220585 0.00272559 0.00343793 0.00437437 0.00557348 0.00708081 0.00894854 0.0112351 0.0140045 0.0173251 0.0212689 0.0259093 0.0313197 0.0375714 0.044731 0.052858 0.0620025 0.0722026 0.0834818 0.0958476 0.109289 0.123776 0.13926 0.15567 0.172917 0.190895 0.20948 0.228536 0.247913 0.267455 0.287 0.306384 0.325443 0.344019 0.36196 0.37912 0.395366 0.410577 0.424641 0.437462 0.448956 0.459049 0.467683 0.474806 0.480382 0.48438 0.486779 0.487569 0.486744 0.484309 0.480275 0.474664 0.467505 0.458837 0.44871 0.437184 0.424332 0.410239 0.395004 0.378737 0.361561 0.343611 0.325032 0.305976 0.286603 0.267077 0.24756 0.228215 0.209197 0.190655 0.172723 0.155525 0.139166 0.123733 0.109294 0.0958978 0.0835735 0.0723306 0.0621613 0.0530413 0.0449324 0.0377848 0.031539 0.026129 0.0214842 0.0175319 0.0141992 0.0114153 0.00911216 0.00722667 0.00570091 0.00448313 0.00352813 0.00279756 0.00226002 0.00189111 0.00167366 
0.00182706 0.00189624 0.00212488 0.00252483 0.0031155 0.00392415 0.0049859 0.00634365 0.00804792 0.0101565 0.0127337 0.0158498 0.0195799 0.0240019 0.0291954 0.0352394 0.0422095 0.0501759 0.0592004 0.0693336 0.0806122 0.0930569 0.10667 0.121433 0.137309 0.154235 0.172131 0.190895 0.210405 0.230524 0.251099 0.271968 0.292962 0.313905 0.334622 0.354942 0.374697 0.39373 0.411893 0.429049 0.445076 0.459865 0.473321 0.485362 0.49592 0.504938 0.51237 0.518182 0.522346 0.524844 0.525667 0.524809 0.522275 0.518074 0.512226 0.504757 0.495703 0.485108 0.473031 0.459541 0.44472 0.428663 0.411481 0.393298 0.37425 0.354486 0.334165 0.313455 0.292526 0.271556 0.250717 0.230179 0.210104 0.190642 0.171931 0.154089 0.137217 0.121396 0.106684 0.0931182 0.080716 0.0694739 0.0593709 0.0503698 0.0424198 0.0354596 0.0294193 0.0242239 0.0197952 0.0160544 0.0129243 0.0103307 0.0082041 0.00648075 0.00510341 0.00402196 0.00319378 0.0025839 0.00216512 0.00191829 
0.00208154 0.00216012 0.00241882 0.00287086 0.00353779 0.00444986 0.00564595 0.0071735 0.00908818 0.0114535 0.01434 0.0178244 0.0219881 0.0269155 0.0326921 0.039402 0.0471254 0.0559353 0.0658951 0.0770554 0.0894508 0.103098 0.117993 0.13411 0.151401 0.169793 0.189192 0.20948 0.230524 0.252168 0.274248 0.296585 0.318997 0.341297 0.363299 0.384824 0.405698 0.425758 0.444854 0.46285 0.479623 0.495068 0.509092 0.521619 0.532584 0.541937 0.549635 0.555649 0.559955 0.562538 0.563388 0.562503 0.559885 0.555543 0.549493 0.541757 0.532367 0.521363 0.508798 0.494736 0.479254 0.462447 0.444421 0.425298 0.405217 0.384329 0.362798 0.340797 0.318508 0.296115 0.273806 0.251762 0.230161 0.209167 0.188933 0.169592 0.151259 0.134027 0.117967 0.103125 0.0895263 0.0771736 0.0660494 0.0561184 0.0473299 0.0396208 0.0329182 0.0271426 0.0222107 0.0180378 0.0145404 0.0116379 0.0092544 0.00732012 0.00577216 0.00455528 0.00362242 0.00293489 0.00246255 0.00218415 
0.00235588 0.00244453 0.00273537 0.003243 0.00399122 0.00501338 0.0063523 0.00806006 0.0101977 0.0128345 0.0160474 0.0199195 0.0245387 0.0299958 0.0363819 0.0437862 0.0522927 0.0619771 0.0729036 0.0851219 0.098664 0.113541 0.129743 0.147235 0.165957 0.185824 0.206727 0.228536 0.251099 0.274248 0.297801 0.321567 0.345349 0.36895 0.392175 0.414836 0.436754 0.457764 0.477714 0.496469 0.513909 0.529932 0.544451 0.557395 0.568706 0.578339 0.586258 0.592438 0.596859 0.59951 0.600384 0.599478 0.596793 0.592337 0.586122 0.578166 0.568494 0.557144 0.544159 0.529599 0.513536 0.496057 0.477266 0.457284 0.436247 0.414309 0.391635 0.368406 0.34481 0.321042 0.297301 0.273782 0.250675 0.228162 0.206408 0.185565 0.165761 0.147103 0.129673 0.113531 0.0987079 0.0852148 0.0730385 0.0621465 0.0524888 0.0440012 0.0366081 0.0302263 0.0247672 0.0201406 0.0162567 0.0130284 0.0103735 0.00821595 0.00648706 0.00512636 0.00408219 0.003312 0.0027826 0.00247056 
0.00264902 0.00274837 0.00307325 0.00363969 0.00447382 0.0056122 0.00710164 0.00899903 0.0113708 0.0142923 0.0178467 0.0221236 0.0272174 0.0332249 0.0402429 0.0483652 0.0576791 0.0682624 0.0801798 0.0934791 0.108189 0.124314 0.141837 0.160712 0.180868 0.202206 0.224603 0.247913 0.271968 0.296585 0.321567 0.346708 0.371799 0.396632 0.421005 0.444721 0.467599 0.489472 0.510187 0.529613 0.547633 0.564151 0.579087 0.592376 0.603967 0.613823 0.621915 0.628222 0.632732 0.635435 0.636327 0.635405 0.632671 0.628129 0.621788 0.61366 0.603766 0.592135 0.578804 0.563825 0.547263 0.5292 0.509733 0.48898 0.467074 0.444169 0.420433 0.39605 0.371215 0.346133 0.321012 0.296061 0.271485 0.247478 0.224225 0.201889 0.180617 0.160529 0.141721 0.124263 0.108198 0.0935435 0.0802923 0.0684154 0.0578641 0.0485739 0.0404673 0.0334571 0.0274504 0.0223514 0.018064 0.0144951 0.0115558 0.00916386 0.00724474 0.0057326 0.00457106 0.00371363 0.00312397 0.00277642 
0.00295942 0.00307005 0.00343066 0.00405877 0.0049829 0.00624286 0.00788959 0.0099848 0.0126004 0.0158178 0.0197264 0.0244224 0.0300064 0.0365811 0.0442487 0.053107 0.0632465 0.0747464 0.0876707 0.102065 0.117953 0.135334 0.154181 0.174436 0.196016 0.21881 0.242677 0.267455 0.292962 0.318997 0.345349 0.371799 0.398126 0.424112 0.449546 0.474228 0.497973 0.520614 0.542 0.562003 0.580512 0.597438 0.612709 0.626268 0.638072 0.648093 0.656308 0.662705 0.667275 0.670014 0.670919 0.669988 0.667222 0.662623 0.656195 0.647946 0.637888 0.626044 0.612442 0.597127 0.580154 0.561597 0.541548 0.520118 0.497438 0.473659 0.44895 0.423498 0.397504 0.37118 0.344745 0.318419 0.292421 0.266961 0.242239 0.218435 0.19571 0.1742 0.154016 0.13524 0.117926 0.102098 0.0877583 0.0748802 0.0634181 0.0533074 0.0444692 0.0368133 0.0302425 0.0246556 0.0199509 0.0160287 0.012794 0.0101581 0.00804073 0.0063705 0.0050863 0.0041376 0.00348485 0.0031001 
0.00328508 0.00340747 0.00380525 0.00449747 0.00551503 0.00690107 0.00871066 0.0110104 0.0138778 0.0174 0.0216729 0.026799 0.0328849 0.0400391 0.0483686 0.0579752 0.0689516 0.0813779 0.0953172 0.110812 0.12788 0.146513 0.166674 0.188295 0.211279 0.235498 0.260798 0.287 0.313905 0.341297 0.36895 0.396632 0.424112 0.451162 0.477564 0.503115 0.527628 0.550937 0.572895 0.593379 0.612285 0.629531 0.645054 0.658808 0.670759 0.680886 0.689177 0.695626 0.700229 0.702987 0.703899 0.702965 0.700185 0.695557 0.689081 0.680759 0.670597 0.658607 0.644811 0.629241 0.611945 0.592989 0.572454 0.550446 0.527091 0.502537 0.476951 0.450524 0.423459 0.395976 0.368301 0.340669 0.31331 0.28645 0.260302 0.235066 0.210916 0.188006 0.166461 0.146375 0.127813 0.110812 0.0953775 0.0814905 0.0691076 0.0581652 0.0485834 0.0402696 0.0331226 0.0270364 0.0219035 0.0176182 0.0140792 0.0111918 0.00886949 0.00703569 0.00562441 0.00458107 0.00386285 0.00343951 
0.0036235 0.00375805 0.00419415 0.00495237 0.00606604 0.00758162 0.00955833 0.0120677 0.0151925 0.0190261 0.0236703 0.0292337 0.0358291 0.0435702 0.0525685 0.062929 0.0747466 0.0881014 0.103055 0.119645 0.137884 0.157756 0.179212 0.202173 0.226526 0.25213 0.278814 0.306384 0.334622 0.363299 0.392175 0.421005 0.449546 0.477564 0.504836 0.531155 0.556334 0.58021 0.602641 0.623508 0.642718 0.660197 0.675893 0.689768 0.701801 0.711979 0.720299 0.726762 0.731373 0.734134 0.735048 0.734118 0.731339 0.72671 0.720223 0.711876 0.701666 0.689596 0.675678 0.659936 0.642405 0.623141 0.602218 0.579733 0.555804 0.530576 0.504215 0.47691 0.448869 0.420316 0.391488 0.362627 0.333978 0.305781 0.278264 0.251642 0.226108 0.201831 0.178949 0.157572 0.137777 0.11961 0.103086 0.0881907 0.074885 0.0631068 0.0527758 0.0437974 0.036067 0.0294741 0.0239059 0.0192507 0.0154012 0.0122565 0.00972444 0.00772292 0.00618119 0.00504059 0.00425507 0.00379204 
0.00397175 0.00411873 0.00459395 0.00541948 0.00663109 0.00827851 0.0104251 0.0131471 0.0165329 0.0206815 0.0257007 0.031705 0.0388128 0.0471428 0.0568106 0.0679242 0.0805797 0.0948568 0.110814 0.128486 0.147878 0.168963 0.191684 0.215947 0.241626 0.268564 0.296573 0.325443 0.354942 0.384824 0.414836 0.444721 0.474228 0.503115 0.531155 0.558139 0.583883 0.608225 0.631029 0.652187 0.671611 0.68924 0.705032 0.71896 0.731012 0.741189 0.749495 0.755939 0.760532 0.763281 0.764194 0.763272 0.760511 0.755904 0.749442 0.741113 0.730908 0.71882 0.704851 0.689013 0.671331 0.65185 0.630633 0.607769 0.583368 0.557568 0.530534 0.502453 0.473534 0.444008 0.414117 0.384113 0.354253 0.324791 0.295971 0.268022 0.241155 0.215553 0.191371 0.168733 0.147729 0.128415 0.110815 0.0949215 0.0806991 0.0680882 0.057009 0.0473653 0.0390496 0.0319472 0.0259403 0.0209117 0.0167482 0.0133429 0.010598 0.00842613 0.00675174 0.00551215 0.00465808 0.00415461 
0.00432643 0.00448602 0.00500078 0.00589428 0.00720468 0.00898498 0.0113026 0.0142384 0.0178861 0.0223503 0.0277445 0.034189 0.0418073 0.0507229 0.0610549 0.0729137 0.0863962 0.101581 0.118524 0.137254 0.157769 0.180034 0.203979 0.229496 0.256447 0.284657 0.313923 0.344019 0.374697 0.405698 0.436754 0.467599 0.497973 0.527628 0.556334 0.583883 0.610091 0.634801 0.657886 0.679244 0.698799 0.7165 0.732316 0.746233 0.75825 0.768377 0.776629 0.783024 0.787577 0.790303 0.791209 0.790299 0.787569 0.783008 0.776601 0.768331 0.75818 0.74613 0.732174 0.716312 0.698558 0.678944 0.657523 0.634373 0.609597 0.583327 0.555721 0.526965 0.49727 0.466869 0.436009 0.404954 0.37397 0.343323 0.313273 0.284065 0.255925 0.229052 0.203618 0.179759 0.15758 0.137147 0.118494 0.10162 0.0864953 0.0730626 0.061243 0.0509394 0.0420418 0.0344319 0.0279872 0.0225853 0.0181072 0.0144405 0.0114818 0.00913853 0.00733054 0.00599118 0.00506797 0.00452373 
0.0046838 0.00485602 0.00541032 0.00637176 0.0077808 0.00969363 0.0121816 0.0153302 0.0192381 0.0240153 0.029781 0.0366605 0.0447825 0.0542746 0.0652591 0.0778482 0.0921392 0.108209 0.126111 0.145866 0.167467 0.190867 0.215985 0.2427 0.270859 0.300271 0.330719 0.36196 0.39373 0.425758 0.457764 0.489472 0.520614 0.550937 0.58021 0.608225 0.634801 0.659789 0.683066 0.704542 0.724151 0.741854 0.75763 0.77148 0.783412 0.793448 0.801612 0.80793 0.812425 0.815115 0.816012 0.815119 0.812431 0.807935 0.801611 0.793434 0.783378 0.771417 0.757531 0.741709 0.723953 0.704283 0.682742 0.659395 0.634337 0.607691 0.579611 0.55028 0.519908 0.48873 0.457 0.424987 0.392969 0.361224 0.330025 0.299633 0.270289 0.242208 0.215577 0.190548 0.167237 0.145723 0.126049 0.108222 0.0922172 0.0779811 0.0654359 0.054484 0.0450137 0.0369032 0.0300258 0.0242542 0.0194642 0.0155379 0.0123666 0.00985269 0.00791154 0.00647265 0.00548044 0.00489548 
0.00503979 0.00522453 0.00581794 0.00684651 0.00835296 0.0103965 0.0130523 0.0164103 0.020574 0.0256585 0.031788 0.0390932 0.0477069 0.0577607 0.0693796 0.0826772 0.0977507 0.114675 0.133499 0.154239 0.176878 0.20136 0.227592 0.25544 0.284736 0.315274 0.346822 0.37912 0.411893 0.444854 0.477714 0.510187 0.542 0.572895 0.602641 0.631029 0.657886 0.683066 0.706457 0.727977 0.747573 0.765215 0.780898 0.794631 0.806438 0.816348 0.824396 0.830615 0.835036 0.837681 0.838565 0.837692 0.835056 0.83064 0.824421 0.816366 0.806441 0.79461 0.780843 0.765116 0.747421 0.727764 0.706175 0.682711 0.657455 0.630523 0.602062 0.57225 0.541298 0.509441 0.476937 0.444062 0.411103 0.37835 0.346089 0.314594 0.284121 0.254903 0.22714 0.200998 0.176608 0.15406 0.133406 0.114661 0.0978072 0.0827935 0.0695443 0.0579623 0.0479339 0.0393347 0.0320342 0.0259005 0.0208045 0.0166232 0.0132427 0.0105607 0.00848824 0.00695113 0.00589079 0.00526564 
