0.00508628 0.00512441 0.00524606 0.0054519 0.00574258 0.00611895 0.00658209 0.00713319 0.00777353 0.00850445 0.00932726 0.0102432 0.0112532 0.0123582 0.0135585 0.0148544 0.0162455 0.0177307 0.0193086 0.020977 0.0227329 0.0245727 0.0264917 0.0284847 0.0305453 0.0326665 0.0348404 0.0370581 0.0393102 0.0415862 0.0438751 0.0461654 0.0484449 0.050701 0.0529209 0.0550913 0.0571992 0.0592314 0.0611748 0.0630169 0.0647453 0.0663483 0.067815 0.069135 0.0702993 0.0712993 0.0721281 0.0727795 0.0732489 0.0735329 0.0736295 0.0735378 0.0732587 0.0727942 0.0721477 0.0713239 0.0703288 0.0691696 0.0678546 0.066393 0.064795 0.0630717 0.0612347 0.0592963 0.0572691 0.055166 0.0530003 0.050785 0.0485333 0.0462579 0.0439715 0.0416861 0.0394133 0.0371641 0.0349488 0.0327769 0.0306571 0.0285975 0.026605 0.0246859 0.0228455 0.0210884 0.0194182 0.017838 0.0163498 0.0149554 0.0136555 0.0124507 0.0113408 0.0103253 0.00940364 0.00857463 0.00783715 0.00718995 0.00663172 0.00616121 0.00577728 0.00547891 0.00526526 0.00513599 
0.00512441 0.00516284 0.00528541 0.00549279 0.00578563 0.00616481 0.00663137 0.00718653 0.00783159 0.00856787 0.00939669 0.0103193 0.0113366 0.0124496 0.0136586 0.0149638 0.0163648 0.0178606 0.0194497 0.0211298 0.0228981 0.0247507 0.026683 0.0286898 0.0307646 0.0329003 0.035089 0.0373218 0.039589 0.0418803 0.0441846 0.0464901 0.0487847 0.0510557 0.0532901 0.0554748 0.0575964 0.0596417 0.0615977 0.0634516 0.0651911 0.0668043 0.0682803 0.0696088 0.0707804 0.0717868 0.0726207 0.0732763 0.0737486 0.0740344 0.0741315 0.0740392 0.0737583 0.0732908 0.0726401 0.0718111 0.0708097 0.0696431 0.0683196 0.0668486 0.0652404 0.063506 0.0616571 0.0597061 0.0576657 0.055549 0.0533691 0.0511392 0.0488726 0.0465822 0.0442805 0.0419798 0.0396918 0.0374274 0.0351971 0.0330104 0.0308762 0.0288024 0.0267961 0.0248637 0.0230105 0.0212411 0.0195592 0.0179678 0.0164691 0.0150648 0.0137556 0.0125421 0.0114243 0.0104015 0.00947314 0.00863813 0.00789529 0.00724337 0.00668107 0.00620713 0.0058204 0.00551985 0.00530465 0.00517445 
0.00524606 0.00528541 0.00541077 0.00562281 0.00592218 0.00630978 0.00678668 0.00735408 0.0080133 0.00876569 0.00961257 0.0105551 0.0115945 0.0127313 0.0139662 0.0152991 0.0167297 0.0182569 0.0198792 0.0215943 0.023399 0.0252896 0.0272614 0.0293088 0.0314255 0.033604 0.0358363 0.0381133 0.0404251 0.0427613 0.0451104 0.0474605 0.0497993 0.0521138 0.0543907 0.0566168 0.0587784 0.0608622 0.0628547 0.0647432 0.0665149 0.068158 0.0696612 0.0710141 0.0722071 0.0732318 0.074081 0.0747484 0.0752293 0.0755201 0.0756189 0.0755248 0.0752386 0.0747625 0.0740998 0.0732554 0.0722355 0.0710473 0.0696994 0.0682011 0.066563 0.0647962 0.0629127 0.0609251 0.0588463 0.0566895 0.0544681 0.0521957 0.0498857 0.0475511 0.0452049 0.0428594 0.0405266 0.0382177 0.0359432 0.033713 0.0315361 0.0294206 0.0273738 0.025402 0.0235109 0.0217051 0.0199884 0.0183639 0.0168339 0.0154 0.0140632 0.0128239 0.0116822 0.0106375 0.00968917 0.00883612 0.00807719 0.0074111 0.00683656 0.00635228 0.0059571 0.00564999 0.00543011 0.0052971 
0.0054519 0.00549279 0.00562281 0.00584263 0.00615293 0.00655462 0.00704877 0.00763662 0.00831951 0.0090988 0.0099758 0.0109518 0.0120277 0.0132044 0.0144823 0.0158615 0.0173414 0.018921 0.0205985 0.0223716 0.0242371 0.026191 0.0282283 0.0303433 0.0325295 0.0347791 0.0370837 0.0394341 0.04182 0.0442305 0.046654 0.0490781 0.0514901 0.0538766 0.0562241 0.0585188 0.0607467 0.0628941 0.0649472 0.0668928 0.068718 0.0704105 0.0719586 0.0733519 0.0745804 0.0756355 0.0765097 0.0771968 0.0776918 0.0779911 0.0780925 0.0779955 0.0777006 0.0772101 0.0765275 0.0756578 0.0746073 0.0733834 0.0719949 0.0704515 0.0687638 0.0669435 0.0650028 0.0629545 0.060812 0.0585889 0.0562989 0.053956 0.0515739 0.0491662 0.0467461 0.0443263 0.0419193 0.0395364 0.0371887 0.0348863 0.0326385 0.0304537 0.0283394 0.0263023 0.0243481 0.0224817 0.0207071 0.0190275 0.0174452 0.0159621 0.0145792 0.013297 0.0121155 0.0110343 0.0100526 0.00916948 0.00838367 0.00769393 0.00709892 0.00659737 0.00618809 0.00587002 0.00564232 0.00550461 
0.00574258 0.00578563 0.00592218 0.00615293 0.00647857 0.00690001 0.00741837 0.00803492 0.008751 0.009568 0.0104873 0.01151 0.0126373 0.0138698 0.0152081 0.016652 0.0182009 0.0198538 0.0216087 0.0234631 0.0254135 0.0274558 0.0295848 0.0317944 0.0340776 0.0364265 0.0388323 0.0412851 0.0437745 0.0462888 0.0488161 0.0513435 0.0538576 0.0563447 0.0587906 0.061181 0.0635014 0.0657375 0.0678751 0.0699004 0.0718 0.0735613 0.0751722 0.0766217 0.0778996 0.0789971 0.0799063 0.0806207 0.0811353 0.0814463 0.0815516 0.0814504 0.0811434 0.0806329 0.0799226 0.0790176 0.0779245 0.0766509 0.0752058 0.0735994 0.0718428 0.0699478 0.0679272 0.0657944 0.0635631 0.0612474 0.0588617 0.0564204 0.0539378 0.051428 0.0489048 0.0463814 0.0438706 0.0413845 0.0389345 0.0365312 0.0341843 0.0319026 0.029694 0.0275655 0.0255231 0.023572 0.0217163 0.0199596 0.0183043 0.0167523 0.0153048 0.0139624 0.0127252 0.0115927 0.0105643 0.00963899 0.00881551 0.00809259 0.00746889 0.00694311 0.00651404 0.0061806 0.00594192 0.00579763 
0.00611895 0.00616481 0.00630978 0.00655462 0.00690001 0.00734692 0.00789648 0.00854998 0.00930882 0.0101744 0.0111481 0.0122311 0.0134244 0.0147288 0.0161447 0.0176719 0.0193096 0.0210567 0.0229111 0.0248699 0.0269296 0.0290855 0.0313322 0.0336632 0.0360712 0.0385476 0.0410831 0.0436675 0.0462895 0.0489372 0.0515976 0.0542574 0.0569025 0.0595185 0.0620905 0.0646035 0.0670424 0.0693922 0.0716379 0.0737653 0.0757603 0.0776097 0.0793009 0.0808224 0.0821636 0.0833153 0.0842692 0.0850187 0.0855584 0.0858845 0.0859946 0.0858881 0.0855656 0.0850295 0.0842837 0.0833336 0.0821858 0.0808485 0.0793311 0.0776441 0.0757991 0.0738085 0.0716857 0.0694445 0.0670994 0.0646652 0.0621568 0.0595894 0.056978 0.0543373 0.0516818 0.0490254 0.0463815 0.043763 0.0411818 0.0386489 0.0361748 0.0337687 0.031439 0.0291931 0.0270374 0.0249773 0.0230175 0.0211615 0.0194123 0.0177717 0.0162411 0.0148213 0.0135124 0.012314 0.0112254 0.0102457 0.00937373 0.00860808 0.00794743 0.00739043 0.00693586 0.00658261 0.00632979 0.00617702 
0.00658209 0.00663137 0.00678668 0.00704877 0.00741837 0.00789648 0.00848425 0.00918303 0.00999423 0.0109193 0.0119596 0.0131163 0.0143905 0.0157829 0.0172937 0.0189227 0.0206691 0.0225314 0.0245074 0.0265939 0.028787 0.0310817 0.0334721 0.0359514 0.0385116 0.0411436 0.0438375 0.0465823 0.0493662 0.0521763 0.054999 0.0578202 0.060625 0.0633981 0.0661237 0.0687861 0.0713692 0.0738574 0.0762348 0.0784864 0.0805975 0.0825541 0.084343 0.0859521 0.0873704 0.0885879 0.0895963 0.0903884 0.0909587 0.0913031 0.0914191 0.0913061 0.0909647 0.0903975 0.0896086 0.0886034 0.0873892 0.0859745 0.084369 0.0825839 0.0806313 0.0785244 0.0762771 0.073904 0.0714204 0.0688418 0.066184 0.0634631 0.0606946 0.0578944 0.0550776 0.0522591 0.0494531 0.046673 0.0439316 0.0412408 0.0386114 0.0360534 0.0335758 0.0311865 0.0288923 0.0266993 0.0246121 0.0226349 0.0207708 0.0190218 0.0173897 0.0158751 0.0144784 0.0131993 0.0120372 0.010991 0.0100596 0.0092416 0.00853568 0.00794046 0.00745465 0.00707714 0.006807 0.00664384 
0.00713319 0.00718653 0.00735408 0.00763662 0.00803492 0.00854998 0.00918303 0.00993544 0.0108086 0.0118041 0.0129233 0.0141673 0.0155372 0.0170337 0.0186568 0.0204063 0.0222811 0.0242796 0.0263992 0.0286366 0.0309872 0.0334459 0.0360061 0.0386604 0.0414002 0.0442158 0.0470965 0.0500305 0.0530051 0.0560067 0.0590207 0.0620321 0.0650249 0.0679829 0.0708894 0.0737276 0.0764806 0.0791316 0.081664 0.0840617 0.0863093 0.088392 0.0902958 0.0920079 0.0935167 0.0948118 0.0958841 0.0967264 0.0973325 0.0976984 0.0978214 0.0977007 0.0973372 0.0967334 0.0958937 0.0948239 0.0935317 0.0920258 0.0903168 0.0884164 0.0863373 0.0840935 0.0816997 0.0791714 0.0765248 0.0737763 0.0709426 0.0680408 0.0650875 0.0620993 0.0590926 0.0560831 0.0530858 0.0501153 0.047185 0.0443078 0.0414952 0.0387581 0.0361059 0.0335473 0.0310897 0.0287394 0.0265019 0.0243814 0.0223814 0.0205044 0.0187521 0.0171255 0.015625 0.0142504 0.0130011 0.0118762 0.0108744 0.00999447 0.00923496 0.00859446 0.00807166 0.00766541 0.00737475 0.00719929 
0.00777353 0.00783159 0.0080133 0.00831951 0.008751 0.00930882 0.00999423 0.0108086 0.0117536 0.0128304 0.0140407 0.0153857 0.0168661 0.0184828 0.0202356 0.0221242 0.0241473 0.0263029 0.0285883 0.0309996 0.0335319 0.0361795 0.0389354 0.0417913 0.0447379 0.0477649 0.0508606 0.0540124 0.0572065 0.0604283 0.0636623 0.0668923 0.0701012 0.0732717 0.076386 0.0794262 0.0823742 0.0852121 0.0879224 0.0904879 0.0928921 0.0951194 0.097155 0.0989853 0.100598 0.101982 0.103128 0.104027 0.104675 0.105065 0.105196 0.105067 0.104678 0.104032 0.103134 0.10199 0.100608 0.0989981 0.0971703 0.0951375 0.0929133 0.0905124 0.0879505 0.0852441 0.0824103 0.0794666 0.076431 0.0733213 0.0701556 0.0669514 0.0637263 0.0604971 0.0572799 0.0540902 0.0509426 0.0478508 0.0448274 0.0418838 0.0390305 0.0362768 0.0336307 0.0310993 0.0286883 0.0264025 0.0242458 0.022221 0.0203299 0.018574 0.0169535 0.0154686 0.0141186 0.0129027 0.0118197 0.0108681 0.0100466 0.00935379 0.00878822 0.00834873 0.00803435 0.00784466 
0.00850445 0.00856787 0.00876569 0.0090988 0.009568 0.0101744 0.0109193 0.0118041 0.0128304 0.0139998 0.0153135 0.0167729 0.0183788 0.0201318 0.0220317 0.024078 0.0262691 0.0286028 0.0310759 0.0336842 0.0364223 0.0392837 0.0422609 0.0453448 0.0485254 0.0517913 0.05513 0.0585277 0.0619697 0.0654403 0.0689226 0.0723991 0.0758519 0.0792621 0.0826107 0.0858785 0.0890463 0.0920949 0.0950055 0.0977599 0.100341 0.102731 0.104915 0.106878 0.108608 0.110091 0.11132 0.112284 0.112978 0.113396 0.113536 0.113397 0.112979 0.112286 0.111323 0.110095 0.108613 0.106885 0.104923 0.102742 0.100354 0.0977762 0.095025 0.0921178 0.0890731 0.0859095 0.0826461 0.0793021 0.0758967 0.072449 0.0689774 0.0655001 0.0620346 0.0585974 0.0552043 0.0518701 0.0486082 0.0454313 0.0423505 0.0393761 0.0365167 0.0337801 0.0311727 0.0286997 0.0263654 0.024173 0.0221248 0.0202221 0.0184657 0.0168556 0.0153914 0.0140722 0.0128969 0.011864 0.0109721 0.0102198 0.00960568 0.00912845 0.00878712 0.00858128 
0.00932726 0.00939669 0.00961257 0.0099758 0.0104873 0.0111481 0.0119596 0.0129233 0.0140407 0.0153135 0.0167431 0.0183305 0.0200768 0.0219822 0.0240465 0.026269 0.0286478 0.0311804 0.0338632 0.0366913 0.039659 0.042759 0.0459829 0.049321 0.0527623 0.0562944 0.0599036 0.0635752 0.0672932 0.0710404 0.0747988 0.0785497 0.0822734 0.08595 0.0895589 0.0930796 0.0964914 0.0997738 0.102907 0.105871 0.108647 0.111218 0.113567 0.115678 0.117537 0.119131 0.120451 0.121487 0.122232 0.122681 0.122831 0.122681 0.122231 0.121486 0.12045 0.11913 0.117536 0.115678 0.113568 0.111221 0.108652 0.105878 0.102917 0.0997867 0.0965078 0.0930999 0.0895835 0.0859792 0.0823075 0.0785889 0.0748433 0.0710902 0.0673483 0.0636357 0.0599692 0.0563649 0.0528374 0.0494004 0.0460661 0.0428455 0.0397483 0.0367827 0.033956 0.031274 0.0287414 0.0263618 0.0241378 0.0220712 0.0201627 0.0184126 0.0168206 0.0153859 0.0141073 0.0129834 0.0120128 0.0111939 0.0105254 0.0100059 0.00963438 0.00941045 
0.0102432 0.0103193 0.0105551 0.0109518 0.01151 0.0122311 0.0131163 0.0141673 0.0153857 0.0167729 0.0183305 0.0200596 0.021961 0.0240349 0.026281 0.0286981 0.0312842 0.0340364 0.0369505 0.0400212 0.0432419 0.0466049 0.0501008 0.053719 0.0574474 0.0612725 0.0651795 0.0691524 0.0731737 0.0772251 0.081287 0.0853392 0.0893606 0.0933296 0.0972242 0.101022 0.104702 0.108241 0.111618 0.114812 0.117802 0.120571 0.1231 0.125372 0.127373 0.129089 0.13051 0.131624 0.132425 0.132908 0.133068 0.132906 0.132422 0.13162 0.130504 0.129083 0.127366 0.125365 0.123093 0.120565 0.117797 0.114808 0.111616 0.108242 0.104707 0.101031 0.0972368 0.0933467 0.0893826 0.0853665 0.0813198 0.0772635 0.0732178 0.0692023 0.0652351 0.0613335 0.0575137 0.0537903 0.0501766 0.0466847 0.0433252 0.0401072 0.0370387 0.034126 0.0313745 0.0287882 0.0263701 0.0241222 0.0220457 0.0201409 0.0184076 0.016845 0.0154522 0.0142276 0.0131698 0.0122773 0.0115485 0.0109822 0.0105773 0.0103334 
0.0112532 0.0113366 0.0115945 0.0120277 0.0126373 0.0134244 0.0143905 0.0155372 0.0168661 0.0183788 0.0200768 0.021961 0.0240322 0.0262906 0.0287355 0.0313655 0.0341784 0.0371705 0.0403374 0.0436731 0.0471703 0.0508203 0.054613 0.0585366 0.062578 0.0667225 0.0709539 0.0752549 0.0796066 0.083989 0.0883811 0.092761 0.0971059 0.101393 0.105598 0.109697 0.113667 0.117485 0.121126 0.124569 0.127793 0.130776 0.133501 0.135948 0.138103 0.139951 0.141479 0.142679 0.143541 0.14406 0.144232 0.144057 0.143535 0.142671 0.141469 0.139938 0.138089 0.135933 0.133485 0.13076 0.127777 0.124555 0.121113 0.117474 0.113659 0.109693 0.105597 0.101396 0.0971146 0.0927749 0.0884008 0.0840146 0.0796384 0.075293 0.0709982 0.0667729 0.0626343 0.0585986 0.0546802 0.0508924 0.0472466 0.043753 0.0404202 0.0372554 0.0342646 0.0314522 0.0288218 0.0263757 0.0241152 0.022041 0.020153 0.0184504 0.0169324 0.0155975 0.0144441 0.0134708 0.0126761 0.0120585 0.011617 0.0113511 
0.0123582 0.0124496 0.0127313 0.0132044 0.0138698 0.0147288 0.0157829 0.0170337 0.0184828 0.0201318 0.0219822 0.0240349 0.0262906 0.0287492 0.0314098 0.0342709 0.0373295 0.0405819 0.0440227 0.0476454 0.0514419 0.0554026 0.0595163 0.0637703 0.06815 0.0726396 0.0772215 0.0818768 0.0865849 0.0913245 0.0960727 0.100806 0.1055 0.110129 0.114668 0.119092 0.123375 0.127492 0.131418 0.135129 0.138603 0.141817 0.144751 0.147387 0.149707 0.151696 0.153341 0.154631 0.155559 0.156117 0.156302 0.156113 0.155551 0.15462 0.153325 0.151677 0.149685 0.147363 0.144726 0.14179 0.138575 0.135102 0.131392 0.127467 0.123353 0.119073 0.114653 0.110118 0.105493 0.100805 0.0960779 0.091336 0.0866031 0.0819016 0.0772532 0.0726781 0.0681952 0.0638218 0.0595739 0.0554658 0.0515101 0.0477181 0.0440991 0.0406612 0.037411 0.0343535 0.0314928 0.0288315 0.0263714 0.0241132 0.0220571 0.0202026 0.0185485 0.0170936 0.0158364 0.0147753 0.0139088 0.0132355 0.0127541 0.0124644 
0.0135585 0.0136586 0.0139662 0.0144823 0.0152081 0.0161447 0.0172937 0.0186568 0.0202356 0.0220317 0.0240465 0.026281 0.0287355 0.0314098 0.0343029 0.0374127 0.040736 0.0442683 0.0480037 0.051935 0.0560532 0.0603477 0.0648062 0.0694147 0.0741575 0.0790172 0.0839748 0.0890096 0.0940997 0.0992216 0.104351 0.109462 0.114529 0.119524 0.12442 0.129191 0.133808 0.138244 0.142474 0.146471 0.150212 0.153672 0.15683 0.159666 0.162162 0.164302 0.166071 0.167459 0.168456 0.169056 0.169254 0.16905 0.168445 0.167443 0.16605 0.164276 0.162132 0.159633 0.156794 0.153634 0.150172 0.146431 0.142434 0.138205 0.13377 0.129156 0.124389 0.119497 0.114506 0.109445 0.10434 0.0992177 0.0941027 0.08902 0.0839926 0.0790425 0.0741901 0.0694545 0.0648529 0.0604009 0.0561124 0.0519995 0.0480728 0.0443412 0.0408118 0.0374906 0.0343818 0.0314888 0.0288136 0.0263572 0.0241199 0.0221013 0.0203005 0.0187162 0.0173469 0.0161911 0.0152471 0.0145136 0.0139892 0.0136738 
0.0148544 0.0149638 0.0152991 0.0158615 0.016652 0.0176719 0.0189227 0.0204063 0.0221242 0.024078 0.026269 0.0286981 0.0313655 0.0342709 0.0374127 0.0407886 0.0443948 0.0482264 0.0522767 0.0565375 0.0609991 0.0656498 0.070476 0.0754626 0.0805923 0.0858463 0.0912039 0.0966427 0.102139 0.107668 0.113202 0.118714 0.124177 0.129561 0.134836 0.139975 0.144946 0.149721 0.154273 0.158573 0.162596 0.166317 0.169712 0.17276 0.175442 0.177741 0.179642 0.181132 0.182203 0.182847 0.183059 0.18284 0.182189 0.181112 0.179615 0.177708 0.175404 0.172717 0.169664 0.166266 0.162543 0.158518 0.154217 0.149666 0.144892 0.139923 0.134788 0.129516 0.124137 0.11868 0.113174 0.107647 0.102126 0.0966371 0.0912063 0.0858569 0.0806111 0.0754894 0.0705107 0.0656918 0.0610481 0.0565928 0.0523374 0.0482919 0.0444642 0.0408608 0.0374868 0.0343458 0.0314403 0.0287716 0.0263402 0.0241459 0.0221879 0.0204649 0.0189754 0.017718 0.0166909 0.0158928 0.0153224 0.0149793 
0.0162455 0.0163648 0.0167297 0.0173414 0.0182009 0.0193096 0.0206691 0.0222811 0.0241473 0.0262691 0.0286478 0.0312842 0.0341784 0.0373295 0.040736 0.0443948 0.0483019 0.0524514 0.056836 0.0614468 0.0662728 0.0713012 0.0765173 0.0819045 0.087444 0.0931154 0.0988962 0.104762 0.110688 0.116646 0.122609 0.128545 0.134426 0.140219 0.145895 0.15142 0.156765 0.161897 0.166788 0.171407 0.175727 0.179722 0.183366 0.186637 0.189515 0.191981 0.19402 0.195619 0.196767 0.197457 0.197684 0.197448 0.19675 0.195593 0.193987 0.191941 0.189467 0.186583 0.183307 0.179658 0.17566 0.171337 0.166716 0.161825 0.156693 0.15135 0.145828 0.140156 0.134367 0.128492 0.122562 0.116607 0.110657 0.104739 0.098882 0.0931101 0.0874477 0.0819171 0.0765386 0.0713309 0.0663104 0.0614917 0.0568875 0.0525085 0.0483638 0.0444606 0.0408045 0.0373997 0.0342491 0.0313544 0.0287164 0.0263349 0.0242093 0.0223385 0.020721 0.0193552 0.0182395 0.0173726 0.016753 0.0163805 
0.0177307 0.0178606 0.0182569 0.018921 0.0198538 0.0210567 0.0225314 0.0242796 0.0263029 0.0286028 0.0311804 0.0340364 0.0371705 0.0405819 0.0442683 0.0482264 0.0524514 0.0569369 0.0616747 0.0666548 0.0718653 0.0772922 0.0829193 0.0887286 0.0946997 0.10081 0.107037 0.113352 0.119729 0.126139 0.13255 0.138932 0.145251 0.151475 0.157569 0.163501 0.169236 0.174742 0.179987 0.18494 0.189571 0.193852 0.197757 0.201262 0.204344 0.206986 0.209169 0.21088 0.212109 0.212847 0.21309 0.212836 0.212088 0.210849 0.209129 0.206936 0.204287 0.201197 0.197685 0.193775 0.189489 0.184854 0.179899 0.174652 0.169146 0.163412 0.157482 0.151392 0.145173 0.138859 0.132484 0.12608 0.119679 0.113311 0.107004 0.100788 0.0946868 0.0887255 0.082926 0.0773082 0.0718903 0.0666881 0.0617156 0.0569846 0.0525049 0.0482848 0.0443304 0.0406465 0.0372366 0.0341026 0.0312457 0.028666 0.0263629 0.0243354 0.0225821 0.0211015 0.0198919 0.0189519 0.0182803 0.0178766 
0.0193086 0.0194497 0.0198792 0.0205985 0.0216087 0.0229111 0.0245074 0.0263992 0.0285883 0.0310759 0.0338632 0.0369505 0.0403374 0.0440227 0.0480037 0.0522767 0.056836 0.0616747 0.0667835 0.0721516 0.0777657 0.0836106 0.0896687 0.0959204 0.102344 0.108914 0.115607 0.122392 0.129242 0.136123 0.143004 0.14985 0.156627 0.163298 0.16983 0.176184 0.182327 0.188222 0.193837 0.199137 0.204091 0.20867 0.212846 0.216593 0.219888 0.222711 0.225044 0.226872 0.228185 0.228973 0.229232 0.228961 0.22816 0.226836 0.224997 0.222653 0.21982 0.216516 0.212761 0.208578 0.203993 0.199034 0.19373 0.188114 0.182217 0.176075 0.169722 0.163194 0.156527 0.149756 0.142916 0.136043 0.129171 0.122331 0.115555 0.108873 0.102313 0.0959004 0.0896594 0.0836117 0.0777768 0.0721722 0.0668129 0.0617119 0.0568802 0.0523267 0.0480585 0.044081 0.040398 0.0370121 0.0339246 0.031136 0.0286458 0.0264531 0.0245566 0.0229548 0.0216461 0.0206291 0.0199025 0.0194659 
0.020977 0.0211298 0.0215943 0.0223716 0.0234631 0.0248699 0.0265939 0.0286366 0.0309996 0.0336842 0.0366913 0.0400212 0.0436731 0.0476454 0.051935 0.0565375 0.0614468 0.0666548 0.0721516 0.077925 0.0839606 0.0902419 0.0967497 0.103463 0.110357 0.117407 0.124585 0.13186 0.1392 0.146572 0.15394 0.161269 0.168521 0.175658 0.182642 0.189435 0.196 0.202298 0.208295 0.213954 0.219243 0.224131 0.228586 0.232584 0.236099 0.239109 0.241597 0.243546 0.244945 0.245785 0.246061 0.245772 0.244918 0.243505 0.241543 0.239043 0.23602 0.232495 0.228488 0.224023 0.219129 0.213834 0.20817 0.20217 0.19587 0.189305 0.182513 0.175531 0.168399 0.161152 0.15383 0.14647 0.139107 0.131777 0.124513 0.117346 0.110307 0.103425 0.0967232 0.0902269 0.0839567 0.0779317 0.0721682 0.0666805 0.0614806 0.0565783 0.0519816 0.0476965 0.0437275 0.0400775 0.0367483 0.0337405 0.031054 0.028688 0.0266412 0.0249122 0.0234995 0.0224016 0.0216173 0.0211461 
0.0227329 0.0228981 0.023399 0.0242371 0.0254135 0.0269296 0.028787 0.0309872 0.0335319 0.0364223 0.039659 0.0432419 0.0471703 0.0514419 0.0560532 0.0609991 0.0662728 0.0718653 0.0777657 0.0839606 0.0904345 0.0971691 0.104144 0.111336 0.118719 0.126266 0.133947 0.141728 0.149576 0.157456 0.165328 0.173156 0.180898 0.188515 0.195967 0.203213 0.210212 0.216927 0.223317 0.229346 0.23498 0.240184 0.244928 0.249183 0.252924 0.256127 0.258774 0.260848 0.262336 0.263229 0.263523 0.263214 0.262305 0.260801 0.258713 0.256052 0.252835 0.249082 0.244816 0.240062 0.234849 0.229208 0.223172 0.216778 0.210061 0.203061 0.195816 0.188366 0.180753 0.173016 0.165195 0.157331 0.149461 0.141623 0.133852 0.126184 0.118649 0.111278 0.104099 0.0971367 0.0904143 0.0839523 0.0777685 0.0718784 0.0662951 0.0610296 0.0560906 0.051485 0.0472177 0.0432923 0.0397108 0.0364743 0.0335828 0.0310358 0.028832 0.0269702 0.0254488 0.0242664 0.0234217 0.0229145 
0.0245727 0.0247507 0.0252896 0.026191 0.0274558 0.0290855 0.0310817 0.0334459 0.0361795 0.0392837 0.042759 0.0466049 0.0508203 0.0554026 0.0603477 0.0656498 0.0713012 0.0772922 0.0836106 0.0902419 0.0971691 0.104373 0.11183 0.119516 0.127405 0.135464 0.143663 0.151967 0.160339 0.168741 0.177132 0.185473 0.193719 0.20183 0.209762 0.217472 0.224918 0.232059 0.238853 0.245261 0.251248 0.256777 0.261816 0.266334 0.270306 0.273707 0.276516 0.278717 0.280297 0.281244 0.281555 0.281227 0.280261 0.278665 0.276448 0.273622 0.270206 0.26622 0.261689 0.256638 0.251099 0.245104 0.238688 0.231889 0.224745 0.217297 0.209587 0.201657 0.19355 0.185308 0.176974 0.168591 0.160199 0.151838 0.143546 0.135359 0.127313 0.119438 0.111765 0.104322 0.0971315 0.0902173 0.0835984 0.0772915 0.0713111 0.065669 0.0603751 0.0554368 0.0508599 0.0466485 0.042805 0.0393308 0.0362264 0.0334911 0.0311241 0.0291241 0.0274896 0.0262193 0.0253118 0.0247671 
0.0264917 0.026683 0.0272614 0.0282283 0.0295848 0.0313322 0.0334721 0.0360061 0.0389354 0.0422609 0.0459829 0.0501008 0.054613 0.0595163 0.0648062 0.070476 0.0765173 0.0829193 0.0896687 0.0967497 0.104144 0.11183 0.119784 0.127979 0.136386 0.144973 0.153704 0.162544 0.171452 0.18039 0.189313 0.198178 0.206941 0.215557 0.22398 0.232164 0.240066 0.247641 0.254847 0.261643 0.267989 0.273849 0.279188 0.283976 0.288183 0.291785 0.29476 0.29709 0.298762 0.299765 0.300093 0.299745 0.298723 0.297032 0.294683 0.29169 0.288072 0.283849 0.279047 0.273694 0.267823 0.261467 0.254663 0.24745 0.239871 0.231966 0.223781 0.215359 0.206746 0.197988 0.189129 0.180215 0.171287 0.16239 0.153562 0.144844 0.136271 0.127879 0.119698 0.111759 0.104088 0.0967079 0.0896405 0.0829039 0.0765137 0.0704831 0.0648226 0.0595408 0.054644 0.0501369 0.0460225 0.0423025 0.0389776 0.0360475 0.0335115 0.0313684 0.0296168 0.0282555 0.027283 0.0266994 
0.0284847 0.0286898 0.0293088 0.0303433 0.0317944 0.0336632 0.0359514 0.0386604 0.0417913 0.0453448 0.049321 0.053719 0.0585366 0.0637703 0.0694147 0.0754626 0.0819045 0.0887286 0.0959204 0.103463 0.111336 0.119516 0.127979 0.136695 0.145633 0.154758 0.164034 0.173421 0.182877 0.192361 0.201826 0.211227 0.220516 0.229645 0.238567 0.247235 0.2556 0.263617 0.271241 0.27843 0.285141 0.291336 0.296981 0.30204 0.306486 0.310291 0.313434 0.315896 0.317661 0.31872 0.319067 0.318699 0.317618 0.315832 0.31335 0.310188 0.306364 0.3019 0.296825 0.291166 0.284957 0.278234 0.271036 0.263404 0.255382 0.247013 0.238344 0.229422 0.220295 0.211011 0.201617 0.19216 0.182686 0.173241 0.163867 0.154605 0.145494 0.136572 0.127872 0.119425 0.11126 0.103403 0.0958751 0.0886974 0.0818865 0.0754565 0.0694193 0.0637841 0.0585582 0.0537468 0.0493534 0.0453803 0.0418283 0.0386975 0.0359873 0.0336967 0.0318244 0.0303692 0.0293297 0.028706 
0.0305453 0.0307646 0.0314255 0.0325295 0.0340776 0.0360712 0.0385116 0.0414002 0.0447379 0.0485254 0.0527623 0.0574474 0.062578 0.06815 0.0741575 0.0805923 0.087444 0.0946997 0.102344 0.110357 0.118719 0.127405 0.136386 0.145633 0.155111 0.164785 0.174614 0.184558 0.194572 0.20461 0.214625 0.224569 0.234391 0.244042 0.25347 0.262626 0.27146 0.279924 0.287971 0.295556 0.302636 0.309171 0.315123 0.320457 0.325144 0.329154 0.332466 0.33506 0.33692 0.338036 0.338401 0.338012 0.336873 0.33499 0.332375 0.329041 0.32501 0.320304 0.314952 0.308984 0.302434 0.295342 0.287746 0.279689 0.271218 0.26238 0.253221 0.243793 0.234144 0.224326 0.214389 0.204382 0.194354 0.184351 0.174421 0.164606 0.154948 0.145486 0.136256 0.127291 0.118623 0.110278 0.10228 0.0946518 0.0874106 0.0805722 0.0741495 0.0681525 0.0625895 0.0574663 0.052787 0.0485542 0.0447693 0.0414326 0.0385436 0.0361016 0.0341054 0.0325537 0.0314455 0.0307806 
0.0326665 0.0329003 0.033604 0.0347791 0.0364265 0.0385476 0.0411436 0.0442158 0.0477649 0.0517913 0.0562944 0.0612725 0.0667225 0.0726396 0.0790172 0.0858463 0.0931154 0.10081 0.108914 0.117407 0.126266 0.135464 0.144973 0.154758 0.164785 0.175014 0.185404 0.195911 0.206489 0.217089 0.22766 0.238153 0.248513 0.258689 0.268627 0.278276 0.287582 0.296497 0.30497 0.312954 0.320405 0.32728 0.333541 0.339151 0.344079 0.348296 0.351778 0.354504 0.356459 0.357632 0.358015 0.357607 0.356409 0.354429 0.351679 0.348174 0.343934 0.338985 0.333355 0.327076 0.320185 0.312719 0.304723 0.29624 0.287317 0.278005 0.268353 0.258414 0.248239 0.237883 0.227397 0.216833 0.206244 0.195678 0.185184 0.174809 0.164596 0.154586 0.144819 0.135329 0.126149 0.117308 0.108832 0.100745 0.0930658 0.0858114 0.0789957 0.07263 0.0667231 0.0612818 0.0563106 0.0518128 0.0477901 0.044243 0.0411714 0.0385747 0.0364518 0.0348016 0.033623 0.0329161 
0.0348404 0.035089 0.0358363 0.0370837 0.0388323 0.0410831 0.0438375 0.0470965 0.0508606 0.05513 0.0599036 0.0651795 0.0709539 0.0772215 0.0839748 0.0912039 0.0988962 0.107037 0.115607 0.124585 0.133947 0.143663 0.153704 0.164034 0.174614 0.185404 0.19636 0.207436 0.218581 0.229746 0.240877 0.251921 0.262822 0.273526 0.283977 0.294119 0.3039 0.313265 0.322165 0.330549 0.338371 0.345587 0.352157 0.358043 0.363213 0.367636 0.371288 0.374146 0.376196 0.377425 0.377827 0.377398 0.376142 0.374066 0.371181 0.367504 0.363057 0.357865 0.351957 0.345367 0.338133 0.330295 0.321897 0.312986 0.303612 0.293824 0.283677 0.273225 0.262522 0.251624 0.240586 0.229462 0.218308 0.207174 0.196113 0.185173 0.174399 0.163837 0.153526 0.143504 0.133807 0.124464 0.115505 0.106953 0.0988297 0.0911534 0.0839391 0.0771991 0.0709431 0.0651786 0.0599109 0.0551437 0.0508791 0.047118 0.0438607 0.0411066 0.0388548 0.0371043 0.0358542 0.0351045 
0.0370581 0.0373218 0.0381133 0.0394341 0.0412851 0.0436675 0.0465823 0.0500305 0.0540124 0.0585277 0.0635752 0.0691524 0.0752549 0.0818768 0.0890096 0.0966427 0.104762 0.113352 0.122392 0.13186 0.141728 0.151967 0.162544 0.173421 0.184558 0.195911 0.207436 0.219081 0.230796 0.242527 0.254219 0.265815 0.277258 0.288489 0.299452 0.310088 0.320342 0.330157 0.339482 0.348265 0.356457 0.364013 0.37089 0.377052 0.382462 0.38709 0.39091 0.393901 0.396045 0.39733 0.39775 0.397301 0.395987 0.393815 0.390796 0.386949 0.382295 0.376861 0.370676 0.363777 0.356201 0.347992 0.339194 0.329857 0.32003 0.309769 0.299127 0.288162 0.27693 0.26549 0.2539 0.242215 0.230494 0.218792 0.207161 0.195653 0.184316 0.173198 0.16234 0.151784 0.141565 0.131717 0.12227 0.113249 0.104678 0.096576 0.088959 0.0818408 0.0752319 0.0691407 0.063573 0.0585332 0.0540237 0.0500461 0.0466006 0.043687 0.0413046 0.0394525 0.0381299 0.0373369 
0.0393102 0.039589 0.0404251 0.04182 0.0437745 0.0462895 0.0493662 0.0530051 0.0572065 0.0619697 0.0672932 0.0731737 0.0796066 0.0865849 0.0940997 0.102139 0.110688 0.119729 0.129242 0.1392 0.149576 0.160339 0.171452 0.182877 0.194572 0.206489 0.218581 0.230796 0.243079 0.255376 0.267627 0.279773 0.291755 0.303512 0.314984 0.326111 0.336835 0.347098 0.356845 0.366023 0.374582 0.382475 0.389658 0.396091 0.401739 0.406571 0.410558 0.413679 0.415917 0.417258 0.417696 0.417227 0.415855 0.413588 0.410437 0.406421 0.401562 0.395888 0.38943 0.382224 0.37431 0.365732 0.356537 0.346776 0.336501 0.325768 0.314635 0.303159 0.291401 0.279421 0.26728 0.255036 0.24275 0.230479 0.218278 0.206203 0.194303 0.182628 0.171224 0.160131 0.14939 0.139035 0.129098 0.119607 0.110586 0.102055 0.0940337 0.086535 0.079571 0.0731507 0.0672809 0.0619665 0.0572103 0.0530143 0.0493791 0.0463047 0.0437907 0.0418361 0.0404404 0.0396037 
0.0415862 0.0418803 0.0427613 0.0442305 0.0462888 0.0489372 0.0521763 0.0560067 0.0604283 0.0654403 0.0710404 0.0772251 0.083989 0.0913245 0.0992216 0.107668 0.116646 0.126139 0.136123 0.146572 0.157456 0.168741 0.18039 0.192361 0.20461 0.217089 0.229746 0.242527 0.255376 0.268233 0.281039 0.293732 0.306248 0.318526 0.330503 0.342116 0.353304 0.36401 0.374174 0.383743 0.392664 0.400889 0.408374 0.415076 0.420959 0.42599 0.430142 0.433392 0.435721 0.437118 0.437573 0.437085 0.435657 0.433295 0.430014 0.425832 0.420771 0.414861 0.408132 0.400623 0.392375 0.383433 0.373846 0.363666 0.352948 0.341749 0.330128 0.318147 0.305868 0.293353 0.280664 0.267866 0.255018 0.242181 0.229415 0.216775 0.204314 0.192085 0.180135 0.168508 0.157246 0.146385 0.135958 0.125997 0.116525 0.107567 0.0991397 0.09126 0.0839403 0.0771903 0.0710177 0.0654278 0.0604243 0.0560092 0.0521836 0.0489479 0.0463016 0.0442442 0.042775 0.0418944 
0.0438751 0.0441846 0.0451104 0.046654 0.0488161 0.0515976 0.054999 0.0590207 0.0636623 0.0689226 0.0747988 0.081287 0.0883811 0.0960727 0.104351 0.113202 0.122609 0.13255 0.143004 0.15394 0.165328 0.177132 0.189313 0.201826 0.214625 0.22766 0.240877 0.254219 0.267627 0.281039 0.294393 0.307625 0.320669 0.333461 0.345935 0.358027 0.369673 0.380814 0.391389 0.401342 0.410619 0.419171 0.426951 0.433917 0.44003 0.445258 0.449572 0.452948 0.455367 0.456818 0.457291 0.456784 0.455299 0.452846 0.449437 0.445092 0.439833 0.43369 0.426697 0.418891 0.410314 0.401015 0.391042 0.38045 0.369295 0.357637 0.345537 0.333057 0.320263 0.30722 0.293991 0.280644 0.267241 0.253845 0.240518 0.227319 0.214303 0.201524 0.189032 0.176875 0.165094 0.15373 0.142817 0.132388 0.122468 0.113083 0.104253 0.0959933 0.0883189 0.0812402 0.0747654 0.0689007 0.0636501 0.0590162 0.0550006 0.0516036 0.0488252 0.0466651 0.0451225 0.0441981 
0.0461654 0.0464901 0.0474605 0.0490781 0.0513435 0.0542574 0.0578202 0.0620321 0.0668923 0.0723991 0.0785497 0.0853392 0.092761 0.100806 0.109462 0.118714 0.128545 0.138932 0.14985 0.161269 0.173156 0.185473 0.198178 0.211227 0.224569 0.238153 0.251921 0.265815 0.279773 0.293732 0.307625 0.321387 0.334949 0.348245 0.361207 0.373768 0.385864 0.397431 0.408408 0.418737 0.428362 0.437234 0.445303 0.452526 0.458864 0.464284 0.468755 0.472254 0.474762 0.476265 0.476755 0.47623 0.474691 0.472148 0.468615 0.46411 0.458658 0.452289 0.445036 0.436939 0.428042 0.418393 0.408043 0.397047 0.385465 0.373356 0.360785 0.347817 0.334518 0.320955 0.307197 0.293309 0.27936 0.265414 0.251534 0.237783 0.224219 0.210898 0.197872 0.18519 0.172898 0.161036 0.149642 0.138749 0.128386 0.118578 0.109347 0.100711 0.092685 0.08528 0.0785053 0.0723676 0.0668716 0.0620204 0.0578158 0.0542585 0.0513489 0.0490865 0.047471 0.046503 
0.0484449 0.0487847 0.0497993 0.0514901 0.0538576 0.0569025 0.060625 0.0650249 0.0701012 0.0758519 0.0822734 0.0893606 0.0971059 0.1055 0.114529 0.124177 0.134426 0.145251 0.156627 0.168521 0.180898 0.193719 0.206941 0.220516 0.234391 0.248513 0.262822 0.277258 0.291755 0.306248 0.320669 0.334949 0.349018 0.362807 0.376245 0.389264 0.401798 0.41378 0.425149 0.435844 0.445809 0.45499 0.46334 0.470814 0.477371 0.482977 0.487602 0.491221 0.493814 0.495368 0.495875 0.495331 0.49374 0.49111 0.487456 0.482796 0.477156 0.470567 0.463062 0.454683 0.445474 0.435484 0.424766 0.413378 0.401378 0.388831 0.375801 0.362355 0.348562 0.334492 0.320215 0.305799 0.291315 0.276829 0.262409 0.248117 0.234015 0.220161 0.206609 0.193412 0.180616 0.168265 0.156397 0.145047 0.134247 0.124023 0.114397 0.10539 0.0970161 0.0892888 0.0822178 0.0758104 0.0700719 0.0650058 0.0606144 0.0568987 0.0538591 0.0514957 0.049808 0.048797 
0.050701 0.0510557 0.0521138 0.0538766 0.0563447 0.0595185 0.0633981 0.0679829 0.0732717 0.0792621 0.08595 0.0933296 0.101393 0.110129 0.119524 0.129561 0.140219 0.151475 0.163298 0.175658 0.188515 0.20183 0.215557 0.229645 0.244042 0.258689 0.273526 0.288489 0.303512 0.318526 0.333461 0.348245 0.362807 0.377074 0.390974 0.404438 0.417397 0.429782 0.44153 0.45258 0.462873 0.472356 0.480978 0.488693 0.495462 0.501248 0.506021 0.509755 0.512431 0.514035 0.514558 0.513997 0.512355 0.509641 0.50587 0.501061 0.495239 0.488436 0.480688 0.472036 0.462524 0.452205 0.441131 0.429362 0.416958 0.403985 0.390509 0.376599 0.362327 0.347764 0.332981 0.318051 0.303046 0.288035 0.273086 0.258266 0.243639 0.229264 0.2152 0.201499 0.18821 0.175379 0.163047 0.15125 0.140021 0.129388 0.119376 0.110004 0.101289 0.0932452 0.085883 0.0792106 0.0732336 0.0679563 0.0633811 0.0595095 0.0563422 0.0538793 0.0521207 0.0510673 
0.0529209 0.0532901 0.0543907 0.0562241 0.0587906 0.0620905 0.0661237 0.0708894 0.076386 0.0826107 0.0895589 0.0972242 0.105598 0.114668 0.12442 0.134836 0.145895 0.157569 0.16983 0.182642 0.195967 0.209762 0.22398 0.238567 0.25347 0.268627 0.283977 0.299452 0.314984 0.330503 0.345935 0.361207 0.376245 0.390974 0.405322 0.419215 0.432583 0.445357 0.457472 0.468863 0.479472 0.489245 0.498128 0.506077 0.513049 0.519009 0.523924 0.527769 0.530525 0.532176 0.532714 0.532136 0.530446 0.527651 0.523767 0.518815 0.512819 0.505811 0.497829 0.488913 0.479111 0.468474 0.457057 0.44492 0.432127 0.418742 0.404836 0.390478 0.375742 0.360702 0.345431 0.330003 0.314493 0.298972 0.283511 0.268179 0.253042 0.238162 0.223598 0.209407 0.195638 0.182341 0.169557 0.157324 0.145678 0.134646 0.124256 0.114528 0.10548 0.0971272 0.0894806 0.0825492 0.0763392 0.0708553 0.0661004 0.0620764 0.0587841 0.0562239 0.0543959 0.0533009 
0.0550913 0.0554748 0.0566168 0.0585188 0.061181 0.0646035 0.0687861 0.0737276 0.0794262 0.0858785 0.0930796 0.101022 0.109697 0.119092 0.129191 0.139975 0.15142 0.163501 0.176184 0.189435 0.203213 0.217472 0.232164 0.247235 0.262626 0.278276 0.294119 0.310088 0.326111 0.342116 0.358027 0.373768 0.389264 0.404438 0.419215 0.433521 0.447282 0.460429 0.472894 0.484613 0.495525 0.505574 0.514708 0.52288 0.530047 0.536172 0.541223 0.545175 0.548006 0.549703 0.550256 0.549662 0.547925 0.545053 0.541062 0.535972 0.529809 0.522606 0.514399 0.505232 0.495151 0.48421 0.472465 0.459976 0.446808 0.433029 0.41871 0.403922 0.38874 0.373241 0.357499 0.341592 0.325595 0.309583 0.293629 0.277803 0.262173 0.246804 0.231759 0.217093 0.202861 0.189112 0.17589 0.163236 0.151184 0.139767 0.12901 0.118936 0.109566 0.100913 0.0929901 0.085807 0.0793706 0.073686 0.0687565 0.0645843 0.0611705 0.0585157 0.0566201 0.0554848 
0.0571992 0.0575964 0.0587784 0.0607467 0.0635014 0.0670424 0.0713692 0.0764806 0.0823742 0.0890463 0.0964914 0.104702 0.113667 0.123375 0.133808 0.144946 0.156765 0.169236 0.182327 0.196 0.210212 0.224918 0.240066 0.2556 0.27146 0.287582 0.3039 0.320342 0.336835 0.353304 0.369673 0.385864 0.401798 0.417397 0.432583 0.447282 0.461418 0.47492 0.487719 0.49975 0.510951 0.521264 0.530636 0.53902 0.546372 0.552654 0.557835 0.561887 0.564791 0.566531 0.567098 0.566489 0.564708 0.561763 0.55767 0.552449 0.546128 0.538738 0.530319 0.520912 0.510566 0.499335 0.487277 0.474453 0.460928 0.446773 0.432059 0.416861 0.401253 0.385315 0.369124 0.352758 0.336296 0.319813 0.303385 0.287085 0.270983 0.255146 0.239637 0.224517 0.209839 0.195656 0.182013 0.168952 0.15651 0.144721 0.133611 0.123205 0.113522 0.10458 0.0963908 0.0889649 0.08231 0.0764316 0.0713334 0.067018 0.0634869 0.0607407 0.0587799 0.0576057 
0.0592314 0.0596417 0.0608622 0.0628941 0.0657375 0.0693922 0.0738574 0.0791316 0.0852121 0.0920949 0.0997738 0.108241 0.117485 0.127492 0.138244 0.149721 0.161897 0.174742 0.188222 0.202298 0.216927 0.232059 0.247641 0.263617 0.279924 0.296497 0.313265 0.330157 0.347098 0.36401 0.380814 0.397431 0.41378 0.429782 0.445357 0.460429 0.47492 0.488759 0.501874 0.5142 0.525673 0.536236 0.545833 0.554417 0.561944 0.568375 0.573678 0.577826 0.580797 0.582578 0.583158 0.582535 0.580712 0.577698 0.573509 0.568165 0.561694 0.554129 0.545508 0.535875 0.525279 0.513774 0.501419 0.488278 0.474416 0.459904 0.444816 0.429228 0.413217 0.396862 0.380244 0.363442 0.346537 0.329607 0.312728 0.295977 0.279425 0.263141 0.247191 0.231635 0.216532 0.201934 0.187889 0.17444 0.161625 0.14948 0.138032 0.127307 0.117326 0.108107 0.0996625 0.0920039 0.0851395 0.0790753 0.0738154 0.0693628 0.065719 0.0628852 0.0608619 0.0596503 
0.0611748 0.0615977 0.0628547 0.0649472 0.0678751 0.0716379 0.0762348 0.081664 0.0879224 0.0950055 0.102907 0.111618 0.121126 0.131418 0.142474 0.154273 0.166788 0.179987 0.193837 0.208295 0.223317 0.238853 0.254847 0.271241 0.287971 0.30497 0.322165 0.339482 0.356845 0.374174 0.391389 0.408408 0.425149 0.44153 0.457472 0.472894 0.487719 0.501874 0.515287 0.52789 0.539619 0.550416 0.560225 0.568996 0.576687 0.583257 0.588675 0.592912 0.595947 0.597766 0.598358 0.597722 0.59586 0.592782 0.588502 0.583043 0.576432 0.568702 0.559892 0.550047 0.539216 0.527454 0.514821 0.501381 0.487201 0.472354 0.456915 0.440959 0.424568 0.40782 0.3908 0.373587 0.356263 0.33891 0.321606 0.304428 0.287451 0.270744 0.254375 0.238409 0.222902 0.207911 0.193484 0.179667 0.166499 0.154015 0.142247 0.131219 0.120955 0.111472 0.102785 0.0949053 0.0878416 0.0816006 0.0761869 0.0716037 0.0678528 0.0649356 0.0628527 0.0616055 
0.0630169 0.0634516 0.0647432 0.0668928 0.0699004 0.0737653 0.0784864 0.0840617 0.0904879 0.0977599 0.105871 0.114812 0.124569 0.135129 0.146471 0.158573 0.171407 0.18494 0.199137 0.213954 0.229346 0.245261 0.261643 0.27843 0.295556 0.312954 0.330549 0.348265 0.366023 0.383743 0.401342 0.418737 0.435844 0.45258 0.468863 0.484613 0.49975 0.5142 0.52789 0.540751 0.552719 0.563733 0.573739 0.582685 0.590528 0.597228 0.602752 0.607072 0.610167 0.612021 0.612626 0.611977 0.610079 0.60694 0.602577 0.597011 0.590269 0.582386 0.5734 0.563357 0.552307 0.540306 0.527413 0.513695 0.49922 0.48406 0.468292 0.451994 0.435246 0.418132 0.400735 0.383137 0.365422 0.347673 0.32997 0.312393 0.295015 0.277912 0.261151 0.244798 0.228913 0.213552 0.198767 0.184603 0.171102 0.1583 0.14623 0.134918 0.124386 0.114655 0.105739 0.0976508 0.0903993 0.0839916 0.0784328 0.0737263 0.0698744 0.0668785 0.0647394 0.0634587 
0.0647453 0.0651911 0.0665149 0.068718 0.0718 0.0757603 0.0805975 0.0863093 0.0928921 0.100341 0.108647 0.117802 0.127793 0.138603 0.150212 0.162596 0.175727 0.189571 0.204091 0.219243 0.23498 0.251248 0.267989 0.285141 0.302636 0.320405 0.338371 0.356457 0.374582 0.392664 0.410619 0.428362 0.445809 0.462873 0.479472 0.495525 0.510951 0.525673 0.539619 0.552719 0.564907 0.576122 0.586309 0.595417 0.603401 0.61022 0.615842 0.620239 0.623388 0.625275 0.62589 0.62523 0.623299 0.620105 0.615664 0.609999 0.603137 0.595113 0.585965 0.575739 0.564487 0.552265 0.539133 0.525158 0.510409 0.49496 0.478888 0.462273 0.445196 0.427742 0.409996 0.392041 0.373964 0.355847 0.337774 0.319825 0.302077 0.284605 0.267479 0.250766 0.234529 0.218824 0.203705 0.189218 0.175407 0.162309 0.149957 0.138379 0.127598 0.117636 0.108506 0.100223 0.0927962 0.0862328 0.0805385 0.0757169 0.0717705 0.0687011 0.0665095 0.0651975 
0.0663483 0.0668043 0.068158 0.0704105 0.0735613 0.0776097 0.0825541 0.088392 0.0951194 0.102731 0.111218 0.120571 0.130776 0.141817 0.153672 0.166317 0.179722 0.193852 0.20867 0.224131 0.240184 0.256777 0.273849 0.291336 0.309171 0.32728 0.345587 0.364013 0.382475 0.400889 0.419171 0.437234 0.45499 0.472356 0.489245 0.505574 0.521264 0.536236 0.550416 0.563733 0.576122 0.587521 0.597874 0.607129 0.615241 0.622169 0.627881 0.632347 0.635546 0.637463 0.638088 0.637418 0.635456 0.632211 0.627701 0.621945 0.614974 0.60682 0.597524 0.587133 0.575696 0.563272 0.549921 0.535711 0.520712 0.504998 0.488648 0.471743 0.454365 0.436599 0.418532 0.400251 0.38184 0.363387 0.344974 0.326683 0.308594 0.290783 0.273322 0.256278 0.239717 0.223695 0.208268 0.193484 0.179388 0.166016 0.153405 0.141581 0.130571 0.120395 0.111068 0.102605 0.0950165 0.0883095 0.0824899 0.077562 0.0735285 0.0703912 0.0681511 0.0668101 
