0.00236279 0.00238638 0.00246347 0.0025948 0.0027813 0.00302427 0.00332528 0.0036862 0.00410912 0.00459628 0.00515006 0.00577285 0.00646701 0.00723478 0.00807824 0.00899914 0.00999891 0.0110785 0.0122384 0.0134784 0.0147977 0.0161947 0.0176671 0.0192116 0.0208241 0.0224997 0.0242324 0.0260155 0.0278411 0.0297009 0.0315854 0.0334845 0.0353875 0.0372831 0.0391594 0.0410043 0.0428055 0.0445506 0.046227 0.0478227 0.0493256 0.0507244 0.0520081 0.0531669 0.0541913 0.0550733 0.0558055 0.056382 0.0567981 0.0570504 0.0571367 0.0570564 0.0568101 0.0564 0.0558294 0.0551031 0.0542271 0.0532085 0.0520556 0.0507775 0.0493844 0.047887 0.0462967 0.0446255 0.0428854 0.041089 0.0392486 0.0373765 0.0354848 0.0335853 0.0316893 0.0298075 0.02795 0.0261261 0.0243443 0.0226124 0.020937 0.0193242 0.0177789 0.0163052 0.0149063 0.0135846 0.0123418 0.0111786 0.0100952 0.00909126 0.00816582 0.00731748 0.00654451 0.00584488 0.00521638 0.00465668 0.00416341 0.00373424 0.00336694 0.00305946 0.00280996 0.00261687 0.00247892 0.00239536 
0.00238638 0.00241023 0.0024881 0.00262075 0.00280913 0.00305452 0.00335852 0.00372303 0.00415013 0.00464211 0.00520133 0.00583021 0.00653114 0.00730638 0.008158 0.00908778 0.0100971 0.0111871 0.012358 0.0136097 0.0149414 0.0163515 0.0178376 0.0193964 0.0210237 0.0227147 0.0244632 0.0262624 0.0281045 0.0299809 0.0318822 0.0337981 0.0357179 0.0376301 0.0395228 0.0413837 0.0432005 0.0449606 0.0466514 0.0482606 0.0497763 0.0511869 0.0524816 0.05365 0.0546831 0.0555724 0.0563107 0.056892 0.0573115 0.0575658 0.0576528 0.0575718 0.0573234 0.0569098 0.0563344 0.055602 0.0547186 0.0536914 0.0525287 0.0512397 0.0498347 0.0483246 0.0467207 0.0450351 0.04328 0.041468 0.0396116 0.0377231 0.0358148 0.0338986 0.0319858 0.0300873 0.0282131 0.0263728 0.0245749 0.0228272 0.0211366 0.0195089 0.0179494 0.016462 0.0150501 0.013716 0.0124614 0.0112872 0.0101936 0.00918009 0.00824578 0.00738929 0.00660886 0.00590246 0.00526786 0.0047027 0.00420461 0.00377124 0.00340035 0.00308985 0.0028379 0.00264291 0.00250362 0.00241925 
0.00246347 0.0024881 0.0025684 0.00270514 0.00289927 0.00315213 0.00346535 0.00384085 0.00428078 0.00478745 0.0053633 0.00601079 0.00673233 0.00753024 0.0084066 0.00936323 0.0104016 0.0115225 0.0127266 0.0140135 0.0153825 0.0168317 0.0183587 0.0199601 0.0216317 0.0233683 0.0251636 0.0270107 0.0289015 0.0308272 0.0327781 0.0347437 0.036713 0.0386741 0.040615 0.0425231 0.0443856 0.0461897 0.0479227 0.0495718 0.0511249 0.0525702 0.0538965 0.0550935 0.0561517 0.0570625 0.0578186 0.0584139 0.0588435 0.0591038 0.0591928 0.0591096 0.0588551 0.0584313 0.0578418 0.0570914 0.0561863 0.0551339 0.0539426 0.0526219 0.0511822 0.0496345 0.0479907 0.0462629 0.0444638 0.0426061 0.0407025 0.0387659 0.0368088 0.0348431 0.0328808 0.0309327 0.0290094 0.0271205 0.0252748 0.0234804 0.0217442 0.0200725 0.0184704 0.0169422 0.0154912 0.0141201 0.0128304 0.0116231 0.0104984 0.00945603 0.00849491 0.0076137 0.00681063 0.00608362 0.00543041 0.00484861 0.00433579 0.00388955 0.00350761 0.00318785 0.00292837 0.00272756 0.00258411 0.00249724 
0.0025948 0.00262075 0.00270514 0.00284874 0.00305257 0.00331798 0.00364669 0.00404067 0.00450214 0.00503351 0.00563727 0.00631596 0.00707207 0.00790796 0.00882578 0.00982737 0.0109142 0.0120871 0.0133466 0.0146924 0.0161234 0.017638 0.0192333 0.0209058 0.0226512 0.0244637 0.0263372 0.028264 0.0302359 0.0322436 0.034277 0.0363252 0.0383766 0.0404191 0.04244 0.0444264 0.0463648 0.0482421 0.050045 0.0517603 0.0533755 0.0548783 0.0562572 0.0575015 0.0586012 0.0595478 0.0603335 0.0609519 0.0613981 0.0616684 0.0617606 0.061674 0.0614092 0.0609686 0.0603557 0.0595755 0.0586346 0.0575403 0.0563016 0.0549282 0.0534308 0.051821 0.0501109 0.0483132 0.0464409 0.0445072 0.0425255 0.0405089 0.0384704 0.0364227 0.0343779 0.0323475 0.0303423 0.0283725 0.0264473 0.024575 0.022763 0.0210178 0.0193447 0.0177484 0.0162323 0.0147992 0.0134508 0.0121882 0.0110117 0.00992092 0.00891492 0.00799231 0.00715127 0.00638971 0.00570529 0.00509555 0.004558 0.00409016 0.00368967 0.00335433 0.00308219 0.00287158 0.00272116 0.0026301 
0.0027813 0.00280913 0.00289927 0.00305257 0.00327006 0.00355319 0.00390373 0.00432376 0.0048156 0.00538175 0.00602482 0.00674745 0.00755222 0.00844157 0.00941772 0.0104825 0.0116375 0.0128835 0.0142208 0.0156492 0.0171675 0.0187737 0.0204649 0.0222372 0.0240859 0.026005 0.0279878 0.0300263 0.0321118 0.0342342 0.0363831 0.0385469 0.0407134 0.0428697 0.0450025 0.0470982 0.0491428 0.0511224 0.0530229 0.0548308 0.0565327 0.0581158 0.0595681 0.0608783 0.0620362 0.0630326 0.0638595 0.0645103 0.0649797 0.0652639 0.0653606 0.0652691 0.0649901 0.0645259 0.0638803 0.0630587 0.0620675 0.0609149 0.05961 0.058163 0.0565851 0.0548884 0.0530857 0.0511903 0.0492157 0.0471759 0.0450849 0.0429565 0.0408044 0.0386418 0.0364816 0.0343359 0.0322162 0.0301331 0.0280965 0.026115 0.0241968 0.0223484 0.0205759 0.0188839 0.0172764 0.0157563 0.0143255 0.0129853 0.0117359 0.0105771 0.00950795 0.00852709 0.00763265 0.00682245 0.00609408 0.00544501 0.00487261 0.00437433 0.00394768 0.0035904 0.00330041 0.00307599 0.00291572 0.00281875 
0.00302427 0.00305452 0.00315213 0.00331798 0.00355319 0.00385926 0.00423809 0.00469186 0.00522301 0.00583419 0.00652814 0.00730762 0.00817533 0.00913381 0.0101854 0.0113319 0.0125749 0.0139152 0.0153531 0.0168881 0.018519 0.0202433 0.0220581 0.0239591 0.0259409 0.0279974 0.030121 0.0323033 0.0345348 0.036805 0.0391025 0.0414148 0.0437292 0.0460317 0.0483084 0.0505446 0.0527255 0.0548363 0.0568623 0.0587889 0.060602 0.0622882 0.0638347 0.0652296 0.066462 0.0675223 0.0684021 0.0690943 0.0695935 0.0698955 0.0699981 0.0699003 0.069603 0.0691086 0.0684211 0.0675462 0.0664908 0.0652633 0.0638734 0.0623319 0.0606508 0.0588427 0.0569211 0.0549001 0.0527943 0.0506182 0.0483867 0.0461146 0.0438164 0.0415061 0.0391975 0.0369036 0.0346365 0.0324076 0.0302275 0.0281056 0.0260504 0.0240692 0.0221684 0.0203532 0.0186278 0.0169954 0.0154583 0.0140177 0.0126742 0.0114276 0.0102769 0.00922075 0.00825725 0.00738414 0.00659893 0.00589895 0.00528146 0.00474376 0.00428326 0.00389755 0.00358445 0.00334214 0.00316912 0.00306449 
0.00332528 0.00335852 0.00346535 0.00364669 0.00390373 0.00423809 0.00465177 0.0051471 0.00572669 0.00639333 0.00714991 0.00799936 0.00894452 0.00998804 0.0111323 0.0123793 0.0137304 0.0151866 0.016748 0.018414 0.0201829 0.0220523 0.0240187 0.0260772 0.0282223 0.030447 0.0327431 0.0351015 0.0375118 0.0399627 0.0424418 0.0449359 0.0474309 0.0499123 0.0523646 0.0547724 0.0571198 0.0593908 0.0615699 0.0636414 0.0655902 0.0674022 0.0690635 0.0705616 0.0718849 0.0730231 0.0739673 0.0747101 0.0752455 0.0755693 0.0756789 0.0755734 0.0752538 0.0747226 0.0739842 0.0730443 0.0719104 0.0705916 0.0690981 0.0674415 0.0656343 0.0636903 0.0616237 0.0594495 0.0571833 0.0548408 0.0524378 0.0499902 0.0475134 0.0450226 0.0425326 0.0400573 0.0376098 0.0352025 0.0328468 0.0305528 0.0283298 0.0261859 0.0241278 0.0221615 0.0202915 0.0185214 0.0168537 0.0152899 0.0138308 0.0124762 0.0112253 0.0100766 0.00902814 0.00807765 0.00722248 0.00645983 0.00578682 0.00520058 0.00469838 0.00427764 0.00393607 0.00367171 0.00348298 0.00336891 
0.0036862 0.00372303 0.00384085 0.00404067 0.00432376 0.00469186 0.0051471 0.005692 0.00632932 0.00706204 0.00789324 0.00882603 0.00986339 0.0110081 0.0122627 0.0136291 0.0151089 0.0167028 0.0184109 0.0202323 0.0221652 0.0242067 0.0263529 0.0285984 0.0309369 0.0333608 0.0358613 0.0384281 0.04105 0.0437147 0.0464087 0.0491177 0.0518263 0.0545188 0.0571787 0.0597891 0.0623329 0.0647932 0.0671528 0.0693951 0.0715041 0.0734642 0.0752609 0.0768807 0.0783111 0.0795411 0.0805613 0.0813635 0.0819416 0.082291 0.0824089 0.0822945 0.0819486 0.0813741 0.0805754 0.079559 0.0783328 0.0769064 0.0752908 0.0734983 0.0715426 0.0694382 0.0672005 0.0648456 0.0623902 0.0598512 0.0572457 0.0545906 0.0519028 0.0491988 0.0464942 0.0438044 0.0411435 0.0385251 0.0359614 0.0334636 0.0310418 0.0287049 0.0264605 0.0243149 0.0222732 0.0203396 0.0185168 0.0168068 0.0152103 0.0137274 0.0123572 0.0110984 0.00994886 0.00890625 0.00796777 0.00713048 0.00639132 0.00574725 0.00519533 0.00473284 0.00435732 0.00406668 0.00385921 0.0037339 
0.00410912 0.00415013 0.00428078 0.00450214 0.0048156 0.00522301 0.00572669 0.00632932 0.00703387 0.00784352 0.00876157 0.00979131 0.0109359 0.0121983 0.0135811 0.0150863 0.0167154 0.0184692 0.0203475 0.0223492 0.0244722 0.0267132 0.0290676 0.0315295 0.034092 0.0367465 0.0394831 0.0422909 0.0451574 0.048069 0.0510111 0.0539679 0.056923 0.0598591 0.0627582 0.0656021 0.0683723 0.0710503 0.0736179 0.0760569 0.0783501 0.0804808 0.0824332 0.0841928 0.0857463 0.0870819 0.0881893 0.08906 0.0896872 0.090066 0.0901935 0.0900687 0.0896926 0.0890682 0.0882004 0.087096 0.0857636 0.0842134 0.0824573 0.0805087 0.078382 0.076093 0.0736584 0.0710954 0.0684221 0.0656567 0.0628177 0.0599236 0.0569925 0.0540423 0.0510901 0.0481526 0.0452453 0.0423828 0.0395787 0.0368453 0.0341936 0.0316334 0.0291731 0.0268198 0.0245793 0.0224561 0.0204535 0.0185737 0.0168177 0.0151858 0.0136771 0.0122903 0.0110233 0.00987357 0.00883819 0.00791405 0.0070979 0.00638649 0.00577669 0.00526557 0.00485051 0.00452924 0.00429995 0.00416154 
0.00459628 0.00464211 0.00478745 0.00503351 0.00538175 0.00583419 0.00639333 0.00706204 0.00784352 0.00874119 0.00975856 0.0108991 0.0121663 0.0135631 0.0150922 0.0167559 0.0185554 0.0204915 0.0225638 0.024771 0.0271105 0.0295785 0.0321698 0.0348779 0.0376949 0.0406113 0.0436162 0.0466975 0.0498414 0.0530331 0.0562564 0.0594942 0.0627284 0.0659402 0.0691101 0.0722181 0.0752444 0.0781687 0.0809712 0.0836325 0.0861337 0.0884569 0.0905852 0.0925027 0.0941951 0.0956498 0.0968557 0.0978035 0.098486 0.098898 0.0990362 0.0988997 0.0984895 0.0978089 0.0968631 0.0956594 0.0942072 0.0925173 0.0906027 0.0884777 0.086158 0.0836606 0.0810033 0.0782051 0.0752854 0.072264 0.0691608 0.0659961 0.0627895 0.0595605 0.0563278 0.0531095 0.0499227 0.0467833 0.0437063 0.0407053 0.0377923 0.0349782 0.0322724 0.0296829 0.027216 0.0248769 0.0226695 0.0205962 0.0186584 0.0168564 0.0151897 0.0136568 0.0122556 0.0109835 0.00983734 0.00881389 0.00790968 0.00712124 0.0064452 0.00587843 0.0054181 0.00506178 0.0048075 0.0046541 
0.00515006 0.00520133 0.0053633 0.00563727 0.00602482 0.00652814 0.00714991 0.00789324 0.00876157 0.00975856 0.010888 0.0121535 0.0135588 0.0151071 0.0168011 0.018643 0.0206343 0.0227754 0.0250658 0.0275038 0.0300864 0.0328092 0.0356663 0.0386504 0.0417526 0.0449624 0.0482677 0.051655 0.0551093 0.058614 0.0621516 0.0657031 0.069249 0.0727684 0.0762402 0.0796428 0.0829543 0.086153 0.0892172 0.0921259 0.0948587 0.0973961 0.0997198 0.101813 0.10366 0.105247 0.106562 0.107596 0.10834 0.108788 0.108939 0.108789 0.108341 0.107598 0.106566 0.105251 0.103666 0.101821 0.0997299 0.0974087 0.0948742 0.0921447 0.0892397 0.0861795 0.0829853 0.0796785 0.0762809 0.0728143 0.0693003 0.06576 0.0622139 0.0586819 0.0551826 0.0517336 0.0483512 0.0450505 0.0418448 0.0387463 0.0357653 0.0329106 0.0301897 0.0276083 0.0251706 0.0228799 0.0207376 0.0187444 0.0168998 0.0152024 0.01365 0.0122399 0.0109689 0.00983346 0.00882991 0.00795453 0.00720373 0.00657412 0.00606268 0.00566677 0.00538428 0.00521395 
0.00577285 0.00583021 0.00601079 0.00631596 0.00674745 0.00730762 0.00799936 0.00882603 0.00979131 0.0108991 0.0121535 0.0135585 0.0151177 0.0168347 0.0187123 0.0207527 0.0229573 0.0253264 0.0278592 0.0305535 0.033406 0.0364115 0.0395634 0.0428534 0.0462715 0.0498062 0.0534439 0.0571696 0.0609668 0.0648174 0.068702 0.0725998 0.0764893 0.080348 0.0841526 0.0878796 0.0915053 0.0950059 0.098358 0.101539 0.104526 0.107299 0.109837 0.112123 0.11414 0.115872 0.117308 0.118435 0.119247 0.119736 0.119899 0.119736 0.119246 0.118434 0.117306 0.115871 0.114139 0.112124 0.109839 0.107302 0.104532 0.101547 0.0983696 0.0950212 0.0915248 0.0879037 0.0841817 0.0803825 0.0765294 0.0726458 0.0687539 0.0648754 0.0610308 0.0572395 0.0535194 0.0498871 0.0463575 0.0429438 0.0396577 0.0365092 0.0335063 0.0306558 0.0279625 0.0254301 0.0230605 0.0208545 0.0188119 0.0169313 0.0152106 0.0136468 0.0122365 0.0109762 0.00986181 0.00888941 0.00805514 0.00735538 0.00678685 0.00634673 0.00603273 0.0058435 
0.00646701 0.00653114 0.00673233 0.00707207 0.00755222 0.00817533 0.00894452 0.00986339 0.0109359 0.0121663 0.0135588 0.0151177 0.016847 0.0187502 0.0208303 0.0230896 0.0255292 0.0281494 0.030949 0.0339254 0.0370746 0.0403907 0.0438663 0.0474921 0.0512569 0.0551476 0.0591495 0.0632458 0.0674184 0.0716473 0.0759112 0.0801874 0.0844522 0.0886811 0.0928488 0.0969295 0.100898 0.104727 0.108393 0.111869 0.115134 0.118163 0.120935 0.12343 0.125631 0.127522 0.129087 0.130317 0.131202 0.131735 0.131912 0.131733 0.131198 0.130312 0.129081 0.127514 0.125623 0.123422 0.120927 0.118156 0.115128 0.111866 0.108392 0.10473 0.100904 0.0969406 0.0928648 0.0887026 0.0844796 0.0802209 0.0759511 0.0716939 0.0674716 0.0633056 0.0592157 0.0552201 0.0513352 0.0475759 0.043955 0.0404836 0.037171 0.0340246 0.0310502 0.0282517 0.0256317 0.0231914 0.0209305 0.0188478 0.0169412 0.0152077 0.0136437 0.0122454 0.0110085 0.00992881 0.00900224 0.00822486 0.00759317 0.00710412 0.00675526 0.00654511 
0.00723478 0.00730638 0.00753024 0.00790796 0.00844157 0.00913381 0.00998804 0.0110081 0.0121983 0.0135631 0.0151071 0.0168347 0.0187502 0.0208573 0.023159 0.0256576 0.0283541 0.0312486 0.0343394 0.0376236 0.0410963 0.044751 0.0485792 0.0525704 0.0567122 0.06099 0.0653875 0.0698863 0.0744662 0.0791053 0.0837802 0.0884662 0.0931374 0.0977668 0.102327 0.10679 0.111128 0.115312 0.119316 0.123113 0.126676 0.129981 0.133004 0.135726 0.138125 0.140185 0.141892 0.143231 0.144195 0.144775 0.144968 0.144772 0.144189 0.143222 0.14188 0.140171 0.138109 0.135708 0.132986 0.129962 0.126658 0.123097 0.119302 0.115301 0.11112 0.106787 0.102328 0.0977737 0.0931503 0.0884857 0.0838066 0.0791388 0.074507 0.0699345 0.065443 0.0610526 0.0567816 0.0526463 0.0486609 0.044838 0.0411879 0.0377189 0.0344376 0.0313487 0.0284553 0.0257587 0.0232592 0.0209555 0.0188455 0.0169261 0.0151937 0.013644 0.0122728 0.0110755 0.0100476 0.00918507 0.00848405 0.00794129 0.00755415 0.00732106 
0.00807824 0.008158 0.0084066 0.00882578 0.00941772 0.0101854 0.0111323 0.0122627 0.0135811 0.0150922 0.0168011 0.0187123 0.0208303 0.023159 0.0257015 0.0284599 0.0314352 0.0346271 0.0380336 0.0416511 0.0454741 0.049495 0.0537043 0.0580903 0.0626391 0.0673346 0.0721587 0.077091 0.0821095 0.08719 0.0923071 0.0974335 0.102541 0.1076 0.112582 0.117455 0.122189 0.126754 0.13112 0.135258 0.13914 0.142741 0.146033 0.148996 0.151607 0.153849 0.155705 0.157162 0.15821 0.158841 0.15905 0.158836 0.158201 0.157149 0.155687 0.153828 0.151583 0.148969 0.146004 0.14271 0.13911 0.135228 0.131091 0.126727 0.122165 0.117435 0.112567 0.107591 0.102538 0.0974373 0.0923182 0.0872088 0.0821363 0.077126 0.0722018 0.0673858 0.0626982 0.0581568 0.0537778 0.0495748 0.0455595 0.0417414 0.0381278 0.0347242 0.0315342 0.0285597 0.025801 0.0232572 0.0209262 0.0188047 0.016889 0.0151748 0.0136573 0.0123318 0.0111936 0.0102382 0.00946165 0.00886035 0.00843149 0.00817338 
0.00899914 0.00908778 0.00936323 0.00982737 0.0104825 0.0113319 0.0123793 0.0136291 0.0150863 0.0167559 0.018643 0.0207527 0.0230896 0.0256576 0.0284599 0.0314986 0.0347745 0.0382868 0.0420332 0.0460094 0.0502089 0.0546234 0.059242 0.0640516 0.0690368 0.0741799 0.0794608 0.0848571 0.0903446 0.0958969 0.101486 0.107083 0.112656 0.118173 0.123603 0.128913 0.134068 0.139038 0.143789 0.14829 0.152512 0.156425 0.160003 0.163222 0.166058 0.168492 0.170507 0.172089 0.173226 0.17391 0.174136 0.173903 0.173213 0.17207 0.170483 0.168463 0.166024 0.163184 0.159962 0.156382 0.152467 0.148245 0.143744 0.138995 0.134028 0.128876 0.123571 0.118146 0.112635 0.107069 0.10148 0.0958993 0.0903556 0.0848771 0.0794899 0.0742181 0.0690839 0.0641073 0.0593057 0.0546947 0.050287 0.0460934 0.0421223 0.0383799 0.0348704 0.0315963 0.0285581 0.0257552 0.0231854 0.0208456 0.0187319 0.0168396 0.015164 0.0136998 0.0124422 0.0113863 0.0105278 0.00986311 0.00938906 0.00910386 
0.00999891 0.0100971 0.0104016 0.0109142 0.0116375 0.0125749 0.0137304 0.0151089 0.0167154 0.0185554 0.0206343 0.0229573 0.0255292 0.0283541 0.0314352 0.0347745 0.0383724 0.0422279 0.0463381 0.0506978 0.0552998 0.0601345 0.0651899 0.0704513 0.0759017 0.0815214 0.0872884 0.0931781 0.099164 0.105217 0.111308 0.117402 0.123469 0.129472 0.135377 0.141148 0.146749 0.152146 0.157303 0.162188 0.166767 0.171011 0.17489 0.178378 0.181451 0.184088 0.18627 0.187982 0.189213 0.189953 0.190198 0.189945 0.189197 0.187958 0.186239 0.18405 0.181407 0.178328 0.174836 0.170953 0.166707 0.162126 0.157241 0.152085 0.14669 0.141091 0.135325 0.129425 0.123429 0.11737 0.111283 0.105202 0.0991576 0.0931815 0.0873018 0.0815449 0.0759352 0.0704946 0.0652425 0.0601959 0.0553692 0.0507743 0.0464208 0.0423158 0.0384643 0.0348691 0.0315313 0.0284505 0.0256245 0.0230502 0.0207237 0.01864 0.0167942 0.0151808 0.0137946 0.0126306 0.011684 0.010951 0.0104283 0.0101139 
0.0110785 0.0111871 0.0115225 0.0120871 0.0128835 0.0139152 0.0151866 0.0167028 0.0184692 0.0204915 0.0227754 0.0253264 0.0281494 0.0312486 0.0346271 0.0382868 0.0422279 0.0464489 0.0509461 0.0557137 0.0607434 0.0660244 0.0715432 0.0772837 0.0832269 0.0893513 0.0956325 0.102044 0.108556 0.115138 0.121757 0.128377 0.134963 0.141477 0.147881 0.154138 0.160207 0.166053 0.171637 0.176923 0.181878 0.186467 0.190661 0.194432 0.197752 0.200601 0.202958 0.204807 0.206136 0.206935 0.207198 0.206925 0.206116 0.204778 0.202919 0.200554 0.197697 0.19437 0.190593 0.186394 0.181801 0.176844 0.171556 0.165972 0.160128 0.154061 0.147809 0.14141 0.134902 0.128324 0.121712 0.115103 0.108531 0.102029 0.0956284 0.0893583 0.0832451 0.0773129 0.071583 0.0660743 0.0608026 0.0557814 0.0510213 0.0465305 0.0423147 0.0383774 0.0347202 0.0313428 0.0282433 0.0254187 0.0228647 0.0205765 0.0185487 0.0167757 0.0152519 0.013972 0.0129311 0.0121249 0.0115501 0.0112045 
0.0122384 0.012358 0.0127266 0.0133466 0.0142208 0.0153531 0.016748 0.0184109 0.0203475 0.0225638 0.0250658 0.0278592 0.030949 0.0343394 0.0380336 0.0420332 0.0463381 0.0509461 0.055853 0.061052 0.0665337 0.0722861 0.078294 0.0845396 0.0910022 0.0976578 0.10448 0.11144 0.118505 0.125643 0.132815 0.139987 0.147116 0.154165 0.161092 0.167855 0.174414 0.180727 0.186756 0.192462 0.197807 0.202757 0.207279 0.211343 0.214921 0.21799 0.220529 0.22252 0.223951 0.224811 0.225094 0.224799 0.223927 0.222485 0.220483 0.217934 0.214855 0.211268 0.207196 0.202668 0.197713 0.192364 0.186656 0.180626 0.174313 0.167757 0.160997 0.154075 0.147033 0.139911 0.132748 0.125585 0.118459 0.111405 0.104457 0.0976467 0.0910034 0.0845531 0.0783194 0.0723229 0.0665813 0.0611095 0.0559193 0.0510201 0.0464185 0.0421187 0.0381227 0.0344306 0.0310408 0.0279501 0.0251544 0.0226487 0.0204273 0.0184844 0.0168141 0.0154108 0.0142693 0.0133852 0.0127549 0.012376 
0.0134784 0.0136097 0.0140135 0.0146924 0.0156492 0.0168881 0.018414 0.0202323 0.0223492 0.024771 0.0275038 0.0305535 0.0339254 0.0376236 0.0416511 0.0460094 0.0506978 0.0557137 0.061052 0.0667049 0.0726619 0.0789095 0.0854309 0.0922065 0.0992133 0.106425 0.113814 0.121347 0.12899 0.136707 0.144458 0.152203 0.1599 0.167505 0.174975 0.182265 0.189332 0.196132 0.202622 0.208762 0.214512 0.219835 0.224696 0.229064 0.232908 0.236205 0.238932 0.24107 0.242606 0.243529 0.243832 0.243515 0.242578 0.241029 0.238878 0.236139 0.232831 0.228975 0.224599 0.219729 0.2144 0.208645 0.202501 0.196009 0.189209 0.182144 0.174857 0.167392 0.159793 0.152104 0.144368 0.136627 0.128921 0.12129 0.11377 0.106395 0.0991959 0.0922026 0.0854403 0.0789317 0.0726964 0.0667507 0.061108 0.0557789 0.0507707 0.0460886 0.0417352 0.0377109 0.0340142 0.0306424 0.027591 0.0248551 0.0224287 0.0203059 0.0184804 0.0169464 0.0156984 0.0147317 0.0140425 0.0136284 
0.0147977 0.0149414 0.0153825 0.0161234 0.0171675 0.018519 0.0201829 0.0221652 0.0244722 0.0271105 0.0300864 0.033406 0.0370746 0.0410963 0.0454741 0.0502089 0.0552998 0.0607434 0.0665337 0.0726619 0.0791162 0.0858814 0.0929392 0.100268 0.107842 0.115634 0.123612 0.131742 0.139986 0.148305 0.156656 0.164996 0.17328 0.181461 0.189493 0.197328 0.204919 0.212221 0.219187 0.225775 0.231942 0.237649 0.242859 0.247539 0.251658 0.255189 0.258109 0.260398 0.262042 0.263029 0.263354 0.263013 0.26201 0.260351 0.258047 0.255113 0.251569 0.247437 0.242746 0.237526 0.231811 0.225637 0.219045 0.212076 0.204773 0.197182 0.18935 0.181322 0.173147 0.164871 0.15654 0.148199 0.139893 0.131662 0.123546 0.115582 0.107805 0.100245 0.0929309 0.0858874 0.0791359 0.0726945 0.0665781 0.0607984 0.055364 0.0502808 0.045552 0.0411787 0.0371596 0.0334919 0.0301715 0.0271932 0.0245509 0.0222385 0.0202494 0.0185775 0.0172171 0.0161632 0.0154119 0.0149606 
0.0161947 0.0163515 0.0168317 0.017638 0.0187737 0.0202433 0.0220523 0.0242067 0.0267132 0.0295785 0.0328092 0.0364115 0.0403907 0.044751 0.049495 0.0546234 0.0601345 0.0660244 0.0722861 0.0789095 0.0858814 0.0931851 0.1008 0.108704 0.116867 0.12526 0.133849 0.142596 0.151461 0.160402 0.169373 0.178327 0.187216 0.195991 0.204601 0.212996 0.221126 0.228943 0.236397 0.243444 0.250038 0.256139 0.261707 0.266707 0.271106 0.274876 0.277993 0.280437 0.282191 0.283244 0.28359 0.283226 0.282155 0.280383 0.277923 0.27479 0.271004 0.266591 0.261578 0.255999 0.249889 0.243286 0.236233 0.228774 0.220956 0.212825 0.204432 0.195826 0.187057 0.178175 0.16923 0.16027 0.151342 0.142491 0.133758 0.125185 0.116807 0.10866 0.100773 0.0931733 0.0858849 0.0789274 0.0723173 0.0660678 0.0601887 0.0546867 0.0495658 0.0448274 0.0404709 0.0364936 0.0328915 0.0296591 0.0267905 0.0242791 0.0221184 0.0203018 0.0188234 0.017678 0.0168615 0.0163712 
0.0176671 0.0178376 0.0183587 0.0192333 0.0204649 0.0220581 0.0240187 0.0263529 0.0290676 0.0321698 0.0356663 0.0395634 0.0438663 0.0485792 0.0537043 0.059242 0.0651899 0.0715432 0.078294 0.0854309 0.0929392 0.1008 0.108992 0.117489 0.126261 0.135275 0.144493 0.153876 0.163381 0.172961 0.182568 0.192152 0.201662 0.211045 0.220247 0.229215 0.237896 0.246239 0.254192 0.261707 0.268737 0.275239 0.28117 0.286495 0.29118 0.295193 0.298511 0.301111 0.302978 0.304098 0.304466 0.304078 0.302938 0.301052 0.298432 0.295097 0.291066 0.286365 0.281026 0.275081 0.268568 0.261528 0.254006 0.246047 0.237701 0.229018 0.220051 0.210852 0.201475 0.191973 0.182398 0.172801 0.163234 0.153744 0.144376 0.135174 0.126178 0.117423 0.108944 0.100769 0.0929249 0.0854327 0.0783108 0.0715738 0.0652327 0.0592955 0.0537667 0.0486486 0.0439408 0.0396409 0.035745 0.0322477 0.0291429 0.0264239 0.0240838 0.0221161 0.0205144 0.0192735 0.0183888 0.0178577 
0.0192116 0.0193964 0.0199601 0.0209058 0.0222372 0.0239591 0.0260772 0.0285984 0.0315295 0.0348779 0.0386504 0.0428534 0.0474921 0.0525704 0.0580903 0.0640516 0.0704513 0.0772837 0.0845396 0.0922065 0.100268 0.108704 0.117489 0.126597 0.135994 0.145644 0.155509 0.165543 0.175703 0.185937 0.196195 0.206423 0.216566 0.226569 0.236374 0.245925 0.255167 0.264044 0.272504 0.280494 0.287966 0.294873 0.301174 0.306828 0.311801 0.316061 0.319581 0.32234 0.32432 0.325508 0.325898 0.325486 0.324276 0.322274 0.319494 0.315954 0.311675 0.306684 0.301013 0.294698 0.287777 0.280294 0.272295 0.263828 0.254946 0.245702 0.236151 0.226348 0.216351 0.206214 0.195996 0.185749 0.175528 0.165384 0.155365 0.145518 0.135885 0.126507 0.117419 0.108652 0.100234 0.0921907 0.0845405 0.0773 0.0704816 0.0640941 0.0581433 0.0526318 0.0475599 0.0429254 0.0387247 0.0349524 0.0316023 0.0286675 0.0261411 0.0240162 0.0222863 0.0209459 0.0199903 0.0194168 
0.0208241 0.0210237 0.0216317 0.0226512 0.0240859 0.0259409 0.0282223 0.0309369 0.034092 0.0376949 0.0417526 0.0462715 0.0512569 0.0567122 0.0626391 0.0690368 0.0759017 0.0832269 0.0910022 0.0992133 0.107842 0.116867 0.126261 0.135994 0.14603 0.156332 0.166855 0.177555 0.188382 0.199282 0.210202 0.221084 0.231871 0.242502 0.252918 0.263061 0.27287 0.282287 0.291258 0.299728 0.307646 0.314963 0.321635 0.327621 0.332884 0.337392 0.341116 0.344034 0.346128 0.347385 0.347796 0.34736 0.34608 0.343962 0.341021 0.337274 0.332745 0.327463 0.321458 0.314769 0.307437 0.299507 0.291026 0.282047 0.272623 0.262811 0.252668 0.242253 0.231626 0.220846 0.209973 0.199065 0.188178 0.177366 0.166684 0.156178 0.145896 0.135879 0.126167 0.116793 0.107788 0.0991787 0.0909859 0.0832278 0.0759182 0.0690672 0.0626815 0.0567645 0.051317 0.0463372 0.0418217 0.0377652 0.0341615 0.0310036 0.0282844 0.0259968 0.0241342 0.0226908 0.0216619 0.0210445 
0.0224997 0.0227147 0.0233683 0.0244637 0.026005 0.0279974 0.030447 0.0333608 0.0367465 0.0406113 0.0449624 0.0498062 0.0551476 0.06099 0.0673346 0.0741799 0.0815214 0.0893513 0.0976578 0.106425 0.115634 0.12526 0.135275 0.145644 0.156332 0.167295 0.178489 0.189864 0.201367 0.212942 0.224532 0.236076 0.247512 0.258779 0.269812 0.280549 0.290929 0.300891 0.310376 0.319328 0.327693 0.335421 0.342465 0.348783 0.354337 0.359093 0.363021 0.366099 0.368307 0.369631 0.370065 0.369605 0.368254 0.366021 0.362918 0.358965 0.354187 0.348611 0.342273 0.33521 0.327465 0.319085 0.310121 0.300626 0.290657 0.280273 0.269533 0.258501 0.247238 0.235808 0.224273 0.212695 0.201133 0.189645 0.178288 0.167113 0.15617 0.145504 0.135156 0.125163 0.115559 0.106371 0.0976231 0.0893354 0.0815229 0.074197 0.0673653 0.0610323 0.0551991 0.0498646 0.0450255 0.0406767 0.0368121 0.0334245 0.0305068 0.0280517 0.0260523 0.0245028 0.0233982 0.0227356 
0.0242324 0.0244632 0.0251636 0.0263372 0.0279878 0.030121 0.0327431 0.0358613 0.0394831 0.0436162 0.0482677 0.0534439 0.0591495 0.0653875 0.0721587 0.0794608 0.0872884 0.0956325 0.10448 0.113814 0.123612 0.133849 0.144493 0.155509 0.166855 0.178489 0.190361 0.202417 0.214603 0.22686 0.239125 0.251334 0.263424 0.275328 0.28698 0.298315 0.309267 0.319773 0.329772 0.339205 0.348017 0.356155 0.363571 0.37022 0.376063 0.381066 0.385198 0.388434 0.390755 0.392148 0.392603 0.39212 0.390699 0.38835 0.385087 0.380929 0.375902 0.370035 0.363363 0.355927 0.34777 0.338942 0.329495 0.319484 0.308969 0.298011 0.286674 0.275021 0.26312 0.251036 0.238835 0.226581 0.214338 0.202168 0.190129 0.178278 0.166665 0.155341 0.144348 0.133727 0.123514 0.113738 0.104426 0.0955989 0.0872738 0.0794635 0.0721768 0.0654187 0.0591915 0.0534942 0.0483241 0.0436761 0.0395442 0.0359214 0.0328002 0.0301733 0.0280337 0.0263754 0.0251932 0.0244843 
0.0260155 0.0262624 0.0270107 0.028264 0.0300263 0.0323033 0.0351015 0.0384281 0.0422909 0.0466975 0.051655 0.0571696 0.0632458 0.0698863 0.077091 0.0848571 0.0931781 0.102044 0.11144 0.121347 0.131742 0.142596 0.153876 0.165543 0.177555 0.189864 0.202417 0.21516 0.228032 0.240971 0.253913 0.26679 0.279534 0.292075 0.304345 0.316275 0.327797 0.338846 0.349357 0.359269 0.368524 0.377069 0.384854 0.391831 0.397962 0.403209 0.407542 0.410935 0.413368 0.414828 0.415306 0.414798 0.413309 0.410845 0.407424 0.403063 0.397789 0.391633 0.384631 0.376825 0.368259 0.358985 0.349058 0.338534 0.327475 0.315946 0.304011 0.29174 0.2792 0.266461 0.253592 0.240662 0.227736 0.21488 0.202156 0.189623 0.177336 0.165348 0.153704 0.142449 0.13162 0.121249 0.111365 0.101991 0.0931466 0.0848446 0.0770955 0.0699056 0.0632775 0.0572111 0.0517039 0.0467511 0.0423469 0.0384841 0.0351554 0.0323532 0.0300706 0.0283012 0.0270398 0.0262835 
0.0278411 0.0281045 0.0289015 0.0302359 0.0321118 0.0345348 0.0375118 0.04105 0.0451574 0.0498414 0.0551093 0.0609668 0.0674184 0.0744662 0.0821095 0.0903446 0.099164 0.108556 0.118505 0.12899 0.139986 0.151461 0.163381 0.175703 0.188382 0.201367 0.214603 0.228032 0.24159 0.255212 0.268828 0.28237 0.295765 0.30894 0.321825 0.334346 0.346434 0.35802 0.369037 0.379423 0.389117 0.398064 0.406212 0.413514 0.419927 0.425415 0.429946 0.433494 0.436038 0.437564 0.438063 0.437532 0.435975 0.433399 0.429821 0.42526 0.419744 0.413303 0.405975 0.397803 0.388834 0.37912 0.368717 0.357685 0.346087 0.33399 0.321463 0.308577 0.295402 0.282011 0.268477 0.254871 0.241263 0.227721 0.214311 0.201095 0.188133 0.175478 0.163181 0.151288 0.139839 0.128869 0.118409 0.108484 0.0991145 0.0903159 0.0820996 0.0744727 0.067439 0.0609988 0.0551499 0.0498882 0.0452077 0.0411015 0.0375621 0.034582 0.032154 0.0302718 0.02893 0.0281256 
0.0297009 0.0299809 0.0308272 0.0322436 0.0342342 0.036805 0.0399627 0.0437147 0.048069 0.0530331 0.058614 0.0648174 0.0716473 0.0791053 0.08719 0.0958969 0.105217 0.115138 0.125643 0.136707 0.148305 0.160402 0.172961 0.185937 0.199282 0.212942 0.22686 0.240971 0.255212 0.269511 0.283798 0.297999 0.312039 0.325842 0.339334 0.352439 0.365085 0.3772 0.388717 0.399569 0.409695 0.419037 0.427542 0.435161 0.441852 0.447576 0.452301 0.456001 0.458653 0.460244 0.460764 0.460211 0.458587 0.455901 0.45217 0.447414 0.441659 0.434939 0.427292 0.418761 0.409395 0.399247 0.388376 0.376844 0.364715 0.352058 0.338946 0.32545 0.311647 0.29761 0.283416 0.269139 0.254853 0.240629 0.226536 0.21264 0.199003 0.185683 0.172733 0.160202 0.148132 0.136562 0.125524 0.115046 0.105149 0.0958514 0.087165 0.0790984 0.071656 0.0648391 0.0586459 0.0530724 0.0481131 0.0437611 0.040009 0.0368491 0.0342743 0.032278 0.0308549 0.0300019 
0.0315854 0.0318822 0.0327781 0.034277 0.0363831 0.0391025 0.0424418 0.0464087 0.0510111 0.0562564 0.0621516 0.068702 0.0759112 0.0837802 0.0923071 0.101486 0.111308 0.121757 0.132815 0.144458 0.156656 0.169373 0.182568 0.196195 0.210202 0.224532 0.239125 0.253913 0.268828 0.283798 0.298747 0.313598 0.328274 0.342695 0.356784 0.370464 0.383658 0.396293 0.408298 0.419606 0.430154 0.439882 0.448736 0.456666 0.463628 0.469582 0.474497 0.478344 0.481102 0.482756 0.483296 0.482721 0.481032 0.47824 0.474359 0.469412 0.463426 0.456433 0.448474 0.439593 0.429839 0.419268 0.407938 0.395915 0.383265 0.370059 0.356371 0.342277 0.327854 0.31318 0.298335 0.283395 0.268439 0.253539 0.23877 0.2242 0.209893 0.195912 0.182313 0.169146 0.156458 0.144289 0.132675 0.121644 0.11122 0.101423 0.0922662 0.0837593 0.0759075 0.0687128 0.0621741 0.0562878 0.0510486 0.0464497 0.0424837 0.0391431 0.0364206 0.0343097 0.0328048 0.031903 
0.0334845 0.0337981 0.0347437 0.0363252 0.0385469 0.0414148 0.0449359 0.0491177 0.0539679 0.0594942 0.0657031 0.0725998 0.0801874 0.0884662 0.0974335 0.107083 0.117402 0.128377 0.139987 0.152203 0.164996 0.178327 0.192152 0.206423 0.221084 0.236076 0.251334 0.26679 0.28237 0.297999 0.313598 0.329088 0.344387 0.359414 0.374088 0.388328 0.402057 0.415199 0.427681 0.439434 0.450393 0.460496 0.469689 0.47792 0.485145 0.491323 0.496421 0.50041 0.503271 0.504986 0.505547 0.50495 0.503199 0.500303 0.496278 0.491146 0.484934 0.477678 0.469416 0.460194 0.450063 0.439079 0.427304 0.414802 0.401643 0.3879 0.37365 0.358969 0.34394 0.328642 0.313157 0.297566 0.28195 0.266386 0.250949 0.235713 0.220746 0.206111 0.191869 0.178073 0.164772 0.15201 0.139823 0.128243 0.117295 0.107002 0.0973764 0.0884307 0.0801708 0.0725993 0.0657159 0.0595173 0.0539984 0.0491528 0.0449731 0.0414518 0.0385817 0.036356 0.0347694 0.0338187 
0.0353875 0.0357179 0.036713 0.0383766 0.0407134 0.0437292 0.0474309 0.0518263 0.056923 0.0627284 0.069249 0.0764893 0.0844522 0.0931374 0.102541 0.112656 0.123469 0.134963 0.147116 0.1599 0.17328 0.187216 0.201662 0.216566 0.231871 0.247512 0.263424 0.279534 0.295765 0.312039 0.328274 0.344387 0.360294 0.375911 0.391154 0.40594 0.420189 0.433823 0.446768 0.458951 0.470307 0.480774 0.490294 0.498816 0.506294 0.512688 0.517962 0.52209 0.525049 0.526823 0.527403 0.526786 0.524975 0.521979 0.517815 0.512505 0.506076 0.498565 0.49001 0.480459 0.469964 0.458581 0.446373 0.433407 0.419755 0.405491 0.390693 0.375442 0.359821 0.343914 0.327804 0.311577 0.295315 0.279099 0.263009 0.247119 0.231502 0.216225 0.20135 0.186935 0.17303 0.159682 0.146929 0.134807 0.123342 0.112556 0.102467 0.0930869 0.0844223 0.0764771 0.0692515 0.0627427 0.0569461 0.0518553 0.0474632 0.0437622 0.0407452 0.0384054 0.0367374 0.0357381 
0.0372831 0.0376301 0.0386741 0.0404191 0.0428697 0.0460317 0.0499123 0.0545188 0.0598591 0.0659402 0.0727684 0.080348 0.0886811 0.0977668 0.1076 0.118173 0.129472 0.141477 0.154165 0.167505 0.181461 0.195991 0.211045 0.226569 0.242502 0.258779 0.275328 0.292075 0.30894 0.325842 0.342695 0.359414 0.375911 0.3921 0.407894 0.423208 0.437959 0.452068 0.465458 0.478056 0.489795 0.500611 0.510446 0.519247 0.526968 0.533568 0.539013 0.543273 0.546326 0.548157 0.548755 0.548118 0.54625 0.543159 0.538861 0.53338 0.526744 0.518988 0.510153 0.500286 0.48944 0.477672 0.465048 0.451635 0.437506 0.422738 0.40741 0.391607 0.375413 0.358915 0.342199 0.325353 0.308462 0.291612 0.274884 0.258356 0.242105 0.226199 0.210705 0.195682 0.181185 0.167262 0.153955 0.141299 0.129325 0.118055 0.10751 0.0977011 0.0886376 0.0803238 0.0727604 0.0659454 0.0598744 0.0545414 0.0499392 0.0460607 0.0428984 0.0404458 0.0386973 0.0376499 
0.0391594 0.0395228 0.040615 0.04244 0.0450025 0.0483084 0.0523646 0.0571787 0.0627582 0.0691101 0.0762402 0.0841526 0.0928488 0.102327 0.112582 0.123603 0.135377 0.147881 0.161092 0.174975 0.189493 0.204601 0.220247 0.236374 0.252918 0.269812 0.28698 0.304345 0.321825 0.339334 0.356784 0.374088 0.391154 0.407894 0.424218 0.440039 0.455273 0.469838 0.483655 0.496651 0.508756 0.519905 0.530041 0.539109 0.547062 0.55386 0.559466 0.563851 0.566995 0.568879 0.569495 0.56884 0.566917 0.563735 0.559311 0.553667 0.546833 0.538843 0.52974 0.519571 0.50839 0.496255 0.483231 0.469389 0.454803 0.43955 0.423714 0.407379 0.390633 0.373564 0.356262 0.338817 0.321319 0.303854 0.286507 0.269361 0.252493 0.235976 0.21988 0.204266 0.189192 0.174708 0.160858 0.147682 0.135209 0.123467 0.112474 0.102246 0.0927915 0.0841162 0.0762216 0.0691061 0.0627657 0.0571946 0.0523862 0.048333 0.045028 0.0424644 0.0406369 0.0395422 
0.0410043 0.0413837 0.0425231 0.0444264 0.0470982 0.0505446 0.0547724 0.0597891 0.0656021 0.0722181 0.0796428 0.0878796 0.0969295 0.10679 0.117455 0.128913 0.141148 0.154138 0.167855 0.182265 0.197328 0.212996 0.229215 0.245925 0.263061 0.280549 0.298315 0.316275 0.334346 0.352439 0.370464 0.388328 0.40594 0.423208 0.440039 0.456346 0.472041 0.48704 0.501265 0.514639 0.527092 0.538559 0.54898 0.558301 0.566475 0.573459 0.579218 0.583723 0.586951 0.588887 0.58952 0.588847 0.586872 0.583604 0.57906 0.573263 0.566241 0.55803 0.548672 0.538216 0.526716 0.514232 0.500828 0.486578 0.471555 0.45584 0.439517 0.422673 0.405397 0.387781 0.369917 0.351897 0.333814 0.315757 0.297815 0.280071 0.262608 0.245501 0.228821 0.212635 0.197002 0.181974 0.167599 0.153916 0.14096 0.128758 0.11733 0.106694 0.0968586 0.0878311 0.0796135 0.0722048 0.0656016 0.0597983 0.0547885 0.0505648 0.0471203 0.0444484 0.0425435 0.0414027 
0.0428055 0.0432005 0.0443856 0.0463648 0.0491428 0.0527255 0.0571198 0.0623329 0.0683723 0.0752444 0.0829543 0.0915053 0.100898 0.111128 0.122189 0.134068 0.146749 0.160207 0.174414 0.189332 0.204919 0.221126 0.237896 0.255167 0.27287 0.290929 0.309267 0.327797 0.346434 0.365085 0.383658 0.402057 0.420189 0.437959 0.455273 0.472041 0.488173 0.503584 0.518194 0.531927 0.544709 0.556476 0.567166 0.576726 0.585107 0.592267 0.598171 0.602788 0.606097 0.60808 0.608729 0.60804 0.606016 0.602668 0.598011 0.592068 0.584869 0.57645 0.566853 0.556126 0.544325 0.53151 0.517747 0.503109 0.487673 0.471519 0.454733 0.437405 0.419626 0.401488 0.383088 0.364519 0.345877 0.327254 0.308741 0.290425 0.27239 0.254716 0.237477 0.22074 0.204569 0.189017 0.174136 0.159965 0.146542 0.133896 0.122048 0.111016 0.100813 0.0914446 0.0829143 0.0752217 0.0683638 0.0623355 0.0571303 0.0527413 0.0491615 0.0463845 0.0444046 0.043219 
0.0445506 0.0449606 0.0461897 0.0482421 0.0511224 0.0548363 0.0593908 0.0647932 0.0710503 0.0781687 0.086153 0.0950059 0.104727 0.115312 0.126754 0.139038 0.152146 0.166053 0.180727 0.196132 0.212221 0.228943 0.246239 0.264044 0.282287 0.300891 0.319773 0.338846 0.35802 0.3772 0.396293 0.415199 0.433823 0.452068 0.469838 0.48704 0.503584 0.519384 0.534357 0.548426 0.561517 0.573565 0.584508 0.594292 0.602867 0.610192 0.61623 0.620952 0.624336 0.626365 0.627028 0.626324 0.624255 0.620831 0.616069 0.609991 0.602627 0.594012 0.584191 0.57321 0.561127 0.548001 0.5339 0.518898 0.503072 0.486504 0.469283 0.451497 0.433241 0.414611 0.395702 0.376613 0.35744 0.338278 0.319222 0.300362 0.281783 0.263569 0.245795 0.228533 0.211847 0.195795 0.180428 0.165791 0.15192 0.138847 0.126597 0.115186 0.104629 0.0949332 0.0861024 0.0781368 0.0710339 0.064789 0.0593958 0.0548477 0.0511377 0.0482594 0.0462073 0.0449785 
0.046227 0.0466514 0.0479227 0.050045 0.0530229 0.0568623 0.0615699 0.0671528 0.0736179 0.0809712 0.0892172 0.098358 0.108393 0.119316 0.13112 0.143789 0.157303 0.171637 0.186756 0.202622 0.219187 0.236397 0.254192 0.272504 0.291258 0.310376 0.329772 0.349357 0.369037 0.388717 0.408298 0.427681 0.446768 0.465458 0.483655 0.501265 0.518194 0.534357 0.549669 0.564051 0.577431 0.589741 0.60092 0.610911 0.619667 0.627145 0.633308 0.638128 0.641581 0.643651 0.644329 0.64361 0.641499 0.638006 0.633145 0.626942 0.619424 0.610628 0.600598 0.589382 0.577035 0.56362 0.549204 0.533862 0.517671 0.500716 0.483086 0.464871 0.446169 0.427074 0.407688 0.388108 0.368435 0.348767 0.329198 0.309823 0.290731 0.272005 0.253725 0.235965 0.218791 0.202264 0.186436 0.171355 0.157059 0.143581 0.130947 0.119176 0.108282 0.0982737 0.0891563 0.0809304 0.0735937 0.067142 0.0615694 0.0568693 0.0530349 0.0500598 0.0479388 0.0466688 
0.0478227 0.0482606 0.0495718 0.0517603 0.0548308 0.0587889 0.0636414 0.0693951 0.0760569 0.0836325 0.0921259 0.101539 0.111869 0.123113 0.135258 0.14829 0.162188 0.176923 0.192462 0.208762 0.225775 0.243444 0.261707 0.280494 0.299728 0.319328 0.339205 0.359269 0.379423 0.399569 0.419606 0.439434 0.458951 0.478056 0.496651 0.514639 0.531927 0.548426 0.564051 0.578724 0.592371 0.604923 0.616318 0.626502 0.635424 0.643043 0.649321 0.654231 0.657748 0.659857 0.660547 0.659816 0.657667 0.654108 0.649158 0.642839 0.63518 0.626217 0.615994 0.60456 0.59197 0.578287 0.56358 0.547922 0.531393 0.514079 0.496069 0.477456 0.458337 0.438811 0.418978 0.398941 0.378801 0.358658 0.33861 0.318753 0.299178 0.279973 0.261218 0.24299 0.225357 0.208383 0.192122 0.176623 0.161927 0.148067 0.13507 0.122958 0.111746 0.101443 0.0920551 0.0835829 0.0760253 0.069378 0.0636356 0.0587916 0.0548394 0.0517728 0.0495865 0.0482775 
0.0493256 0.0497763 0.0511249 0.0533755 0.0565327 0.060602 0.0655902 0.0715041 0.0783501 0.0861337 0.0948587 0.104526 0.115134 0.126676 0.13914 0.152512 0.166767 0.181878 0.197807 0.214512 0.231942 0.250038 0.268737 0.287966 0.307646 0.327693 0.348017 0.368524 0.389117 0.409695 0.430154 0.450393 0.470307 0.489795 0.508756 0.527092 0.544709 0.561517 0.577431 0.592371 0.606262 0.619035 0.63063 0.640988 0.650063 0.65781 0.664194 0.669186 0.672762 0.674905 0.675608 0.674865 0.67268 0.669063 0.664031 0.657606 0.649818 0.640702 0.630303 0.618669 0.605857 0.591929 0.576954 0.561007 0.544168 0.526523 0.508163 0.489183 0.469679 0.449754 0.42951 0.40905 0.388477 0.367895 0.347402 0.327098 0.307076 0.287424 0.268228 0.249564 0.231505 0.214114 0.197449 0.18156 0.16649 0.152273 0.138938 0.126508 0.114999 0.10442 0.0947784 0.0860759 0.0783112 0.0714808 0.0655794 0.0606006 0.0565381 0.0533858 0.0511382 0.0497926 
