1.29501e-08 1.36481e-08 1.77834e-08 2.62328e-08 4.06898e-08 6.39204e-08 1.0014e-07 1.55548e-07 2.39055e-07 3.63234e-07 5.45547e-07 8.0987e-07 1.18836e-06 1.72365e-06 2.47144e-06 3.50333e-06 4.90995e-06 6.80411e-06 9.32394e-06 1.26357e-05 1.69359e-05 2.24524e-05 2.94445e-05 3.82005e-05 4.90339e-05 6.22767e-05 7.82698e-05 9.73515e-05 0.000119842 0.000146026 0.000176137 0.000210332 0.000248678 0.000291129 0.000337516 0.000387529 0.000440718 0.000496487 0.000554105 0.000612716 0.000671361 0.000729001 0.000784552 0.000836913 0.000885004 0.000927803 0.000964375 0.000993907 0.00101573 0.00102936 0.00103447 0.00103096 0.0010189 0.000998585 0.000970472 0.000935204 0.000893572 0.000846491 0.00079497 0.000740078 0.000682912 0.000624555 0.00056605 0.000508366 0.00045237 0.000398811 0.000348303 0.000301318 0.000258187 0.000219103 0.000184133 0.000153232 0.000126261 0.000103005 8.31914e-05 6.65123e-05 5.26375e-05 4.12312e-05 3.1964e-05 2.45229e-05 1.86175e-05 1.39857e-05 1.0395e-05 7.64389e-06 5.56064e-06 4.00154e-06 2.84835e-06 2.00539e-06 1.39643e-06 9.61679e-07 6.54963e-07 4.4113e-07 2.93823e-07 1.93563e-07 1.26166e-07 8.1458e-08 5.22582e-08 3.35978e-08 2.21304e-08 1.57177e-08 
1.36481e-08 1.43959e-08 1.87955e-08 2.77868e-08 4.31844e-08 6.79544e-08 1.06621e-07 1.65843e-07 2.55201e-07 3.88226e-07 5.83722e-07 8.67419e-07 1.27399e-06 1.84944e-06 2.65387e-06 3.7646e-06 5.27948e-06 7.32036e-06 1.00364e-05 1.36073e-05 1.8245e-05 2.41959e-05 3.17395e-05 4.11871e-05 5.28767e-05 6.71662e-05 8.44229e-05 0.000105011 0.000129274 0.000157518 0.000189993 0.000226866 0.000268207 0.000313964 0.000363952 0.000417836 0.000475127 0.000535182 0.000597213 0.000660297 0.000723402 0.00078541 0.000845157 0.000901459 0.000953158 0.000999156 0.00103845 0.00107018 0.00109362 0.00110824 0.00111371 0.00110991 0.00109693 0.00107507 0.00104483 0.0010069 0.000962124 0.000911486 0.000856067 0.000797016 0.000735509 0.000672713 0.000609747 0.000547655 0.000487369 0.000429697 0.000375301 0.000324692 0.000278226 0.000236114 0.00019843 0.000165127 0.000136056 0.000110987 8.96296e-05 7.16499e-05 5.66935e-05 4.43988e-05 3.44108e-05 2.63919e-05 2.00294e-05 1.50401e-05 1.11735e-05 8.21208e-06 5.97049e-06 4.29369e-06 3.05413e-06 2.14859e-06 1.49487e-06 1.02853e-06 6.99794e-07 4.70822e-07 3.13241e-07 2.06103e-07 1.34164e-07 8.64995e-08 5.54074e-08 3.55625e-08 2.33818e-08 1.65782e-08 
1.77834e-08 1.87955e-08 2.45708e-08 3.63384e-08 5.6465e-08 8.88132e-08 1.39266e-07 2.1647e-07 3.32847e-07 5.05912e-07 7.59964e-07 1.12819e-06 1.65523e-06 2.40017e-06 3.44006e-06 4.87376e-06 6.82609e-06 9.4521e-06 1.29411e-05 1.75203e-05 2.34574e-05 3.10619e-05 4.06846e-05 5.27141e-05 6.75712e-05 8.56994e-05 0.000107552 0.000133576 0.00016419 0.000199764 0.000240595 0.000286878 0.000338681 0.000395926 0.000458365 0.000525568 0.000596917 0.000671605 0.000748647 0.000826897 0.00090508 0.00098182 0.00105568 0.00112522 0.00118901 0.00124572 0.00129412 0.00133316 0.00136197 0.00137991 0.00138657 0.00138181 0.00136574 0.00133873 0.00130138 0.00125454 0.00119924 0.00113667 0.00106816 0.000995114 0.000918974 0.000841172 0.000763087 0.000686006 0.000611086 0.000539331 0.000471568 0.00040844 0.000350401 0.000297727 0.000250523 0.000208744 0.000172219 0.000140674 0.000113755 9.10576e-05 7.21467e-05 5.65761e-05 4.39067e-05 3.37189e-05 2.56228e-05 1.92643e-05 1.43292e-05 1.05437e-05 7.67437e-06 5.52502e-06 3.93404e-06 2.7703e-06 1.92919e-06 1.32849e-06 9.04596e-07 6.09052e-07 4.05471e-07 2.66944e-07 1.73859e-07 1.12144e-07 7.18653e-08 4.61479e-08 3.03629e-08 2.15542e-08 
2.62328e-08 2.77868e-08 3.63384e-08 5.36898e-08 8.32982e-08 1.3079e-07 2.04712e-07 3.17597e-07 4.87392e-07 7.39339e-07 1.10835e-06 1.64194e-06 2.40384e-06 3.47812e-06 4.97401e-06 7.03114e-06 9.82518e-06 1.35735e-05 1.85403e-05 2.50416e-05 3.3448e-05 4.4186e-05 5.77366e-05 7.46304e-05 9.54384e-05 0.000120759 0.0001512 0.000187356 0.000229779 0.00027895 0.000335245 0.000398901 0.000469982 0.00054835 0.00063364 0.000725243 0.0008223 0.000923701 0.00102811 0.00113397 0.00123956 0.00134305 0.00144251 0.00153603 0.00162171 0.00169779 0.00176266 0.00181492 0.00185343 0.00187735 0.00188615 0.00187964 0.00185797 0.00182163 0.00177143 0.00170846 0.00163409 0.00154991 0.00145767 0.00135923 0.00125651 0.00115143 0.00104582 0.000941427 0.000839799 0.000742302 0.000650067 0.000563981 0.000484682 0.000412566 0.000347802 0.000290357 0.000240024 0.000196453 0.000159186 0.000127688 0.000101382 7.967e-05 6.19601e-05 4.76843e-05 3.63116e-05 2.73581e-05 2.03919e-05 1.50359e-05 1.09663e-05 7.91085e-06 5.64395e-06 3.98209e-06 2.7783e-06 1.91674e-06 1.3075e-06 8.8186e-07 5.88091e-07 3.87814e-07 2.5299e-07 1.63448e-07 1.04915e-07 6.74931e-08 4.4505e-08 3.1683e-08 
4.06898e-08 4.31844e-08 5.6465e-08 8.32982e-08 1.28969e-07 2.02054e-07 3.15543e-07 4.88427e-07 7.47822e-07 1.13173e-06 1.69255e-06 2.50136e-06 3.6531e-06 5.27258e-06 7.52133e-06 1.06051e-05 1.47814e-05 2.03679e-05 2.7749e-05 3.73819e-05 4.98007e-05 6.5617e-05 8.55169e-05 0.000110253 0.000140631 0.000177489 0.000221672 0.000273999 0.000335225 0.000405994 0.000486799 0.000577929 0.00067943 0.000791062 0.000912264 0.00104214 0.00117945 0.00132261 0.00146972 0.0016186 0.00176685 0.00191191 0.00205111 0.0021818 0.0023014 0.00240746 0.00249778 0.00257046 0.00262395 0.00265708 0.00266916 0.00265992 0.00262958 0.00257879 0.00250867 0.00242072 0.00231682 0.00219913 0.00207007 0.0019322 0.00178817 0.00164064 0.00149215 0.00134514 0.00120178 0.001064 0.0009334 0.000811262 0.000698515 0.000595754 0.000503257 0.000421019 0.000348786 0.000286101 0.000232348 0.000186799 0.000148657 0.000117093 9.12774e-05 7.04119e-05 5.37449e-05 4.05879e-05 3.03239e-05 2.24111e-05 1.63832e-05 1.18454e-05 8.47015e-06 5.98945e-06 4.18802e-06 2.89556e-06 1.9794e-06 1.33783e-06 8.94005e-07 5.90742e-07 3.86144e-07 2.49976e-07 1.60791e-07 1.03675e-07 6.85489e-08 4.89606e-08 
6.39204e-08 6.79544e-08 8.88132e-08 1.3079e-07 2.02054e-07 3.15822e-07 4.92057e-07 7.59855e-07 1.16063e-06 1.75224e-06 2.61417e-06 3.85387e-06 5.61434e-06 8.08286e-06 1.15009e-05 1.61746e-05 2.24861e-05 3.0904e-05 4.19933e-05 5.64228e-05 7.49703e-05 9.85214e-05 0.000128065 0.000164679 0.000209511 0.000263746 0.000328571 0.000405125 0.000494443 0.000597398 0.000714634 0.000846503 0.000993001 0.00115372 0.0013278 0.00151392 0.00171025 0.00191451 0.002124 0.00233562 0.00254597 0.00275144 0.00294833 0.00313293 0.00330163 0.00345106 0.00357817 0.00368033 0.00375541 0.00380182 0.00381859 0.00380537 0.00376244 0.00369074 0.00359179 0.00346767 0.00332098 0.00315472 0.00297224 0.0027771 0.00257301 0.00236366 0.00215265 0.0019434 0.00173899 0.00154218 0.00135526 0.00118009 0.00101803 0.000869999 0.00073644 0.000617407 0.000512596 0.000421407 0.00034301 0.000276404 0.000220479 0.000174074 0.000136018 0.000105175 8.04706e-05 6.09158e-05 4.56194e-05 3.37952e-05 2.47633e-05 1.79462e-05 1.28622e-05 9.11595e-06 6.38857e-06 4.42684e-06 3.03284e-06 2.05428e-06 1.3757e-06 9.10962e-07 5.96709e-07 3.87106e-07 2.49542e-07 1.61286e-07 1.06941e-07 7.66369e-08 
1.0014e-07 1.06621e-07 1.39266e-07 2.04712e-07 3.15543e-07 4.92057e-07 7.64828e-07 1.17828e-06 1.79545e-06 2.70412e-06 4.02445e-06 5.91833e-06 8.60041e-06 1.23508e-05 1.7529e-05 2.45895e-05 3.40966e-05 4.67396e-05 6.3346e-05 8.48909e-05 0.000112502 0.000147458 0.000191177 0.000245199 0.00031115 0.000390701 0.000485507 0.000597145 0.000727028 0.000876327 0.00104587 0.00123607 0.00144683 0.00167748 0.00192669 0.00219252 0.00247233 0.00276283 0.00306016 0.00335995 0.00365743 0.00394754 0.0042251 0.00448497 0.00472215 0.00493199 0.00511029 0.00525343 0.00535849 0.0054233 0.00544653 0.0054277 0.00536722 0.00526635 0.00512721 0.00495267 0.00474628 0.0045122 0.00425505 0.00397978 0.00369152 0.00339544 0.00309656 0.00279967 0.00250916 0.0022289 0.00196221 0.00171175 0.00147954 0.00126693 0.00107466 0.000902881 0.000751249 0.000618986 0.000504979 0.000407862 0.0003261 0.000258072 0.000202131 0.000156669 0.000120155 9.11738e-05 6.84417e-05 5.08222e-05 3.73274e-05 2.71148e-05 1.94783e-05 1.38367e-05 9.71891e-06 6.74961e-06 4.63441e-06 3.14594e-06 2.11131e-06 1.40105e-06 9.19677e-07 5.97903e-07 3.86285e-07 2.50273e-07 1.66414e-07 1.19649e-07 
1.55548e-07 1.65843e-07 2.1647e-07 3.17597e-07 4.88427e-07 7.59855e-07 1.17828e-06 1.81093e-06 2.75287e-06 4.13606e-06 6.14053e-06 9.00796e-06 1.30576e-05 1.87044e-05 2.64792e-05 3.70496e-05 5.12419e-05 7.00605e-05 9.47056e-05 0.000126585 0.000167319 0.000218734 0.000282848 0.000361832 0.000457971 0.000573591 0.00071098 0.00087229 0.00105943 0.00127394 0.00151687 0.00178866 0.00208905 0.00241694 0.00277038 0.00314649 0.00354149 0.00395072 0.00436873 0.00478939 0.00520606 0.00561173 0.00599927 0.00636158 0.00669184 0.00698368 0.00723138 0.00743002 0.00757563 0.00766528 0.00769716 0.00767064 0.00758628 0.00744581 0.00725209 0.00700903 0.00672148 0.00639511 0.00603625 0.00565167 0.00524844 0.00483367 0.00441435 0.00399711 0.00358808 0.00319274 0.00281575 0.00246096 0.00213128 0.00182872 0.00155445 0.0013088 0.00109141 0.000901287 0.000736975 0.000596627 0.000478149 0.0003793 0.000297792 0.000231367 0.000177871 0.000135292 0.000101803 7.57746e-05 5.57858e-05 4.06181e-05 2.92465e-05 2.08235e-05 1.46598e-05 1.02039e-05 7.02174e-06 4.77697e-06 3.21288e-06 2.13662e-06 1.40552e-06 9.15734e-07 5.92949e-07 3.85108e-07 2.56795e-07 1.85233e-07 
2.39055e-07 2.55201e-07 3.32847e-07 4.87392e-07 7.47822e-07 1.16063e-06 1.79545e-06 2.75287e-06 4.17467e-06 6.25701e-06 9.26656e-06 1.356e-05 1.96068e-05 2.80148e-05 3.95583e-05 5.52075e-05 7.61573e-05 0.000103855 0.00014002 0.00018666 0.000246076 0.000320845 0.000413798 0.000527964 0.000666506 0.000832619 0.00102942 0.00125981 0.0015263 0.0018309 0.00217488 0.00255869 0.00298174 0.00344233 0.00393758 0.00446333 0.00501421 0.0055837 0.00616419 0.00674723 0.00732368 0.00788397 0.00841837 0.00891726 0.00937142 0.00977227 0.0101121 0.0103843 0.0105837 0.0107061 0.0107494 0.0107125 0.0105964 0.0104032 0.0101369 0.0098027 0.00940709 0.00895773 0.00846314 0.00793249 0.00737537 0.00680147 0.00622032 0.00564105 0.00507212 0.00452112 0.0039946 0.00349797 0.00303542 0.00260991 0.00222322 0.001876 0.00156792 0.00129777 0.00106365 0.00086313 0.000693384 0.000551364 0.000433928 0.000337956 0.000260445 0.00019858 0.000149786 0.000111758 8.24735e-05 6.01919e-05 4.34422e-05 3.10027e-05 2.18761e-05 1.52613e-05 1.05256e-05 7.17655e-06 4.83736e-06 3.2239e-06 2.12534e-06 1.38773e-06 9.00603e-07 5.86363e-07 3.92106e-07 2.83753e-07 
3.63234e-07 3.88226e-07 5.05912e-07 7.39339e-07 1.13173e-06 1.75224e-06 2.70412e-06 4.13606e-06 6.25701e-06 9.35502e-06 1.38204e-05 2.01731e-05 2.9095e-05 4.14657e-05 5.84007e-05 8.12921e-05 0.000111847 0.000152122 0.000204552 0.000271963 0.000357576 0.000464981 0.000598095 0.000761084 0.000958263 0.00119396 0.00147235 0.00179726 0.00217197 0.00259901 0.00307988 0.0036149 0.00420301 0.00484162 0.00552651 0.00625179 0.00700994 0.00779192 0.00858733 0.00938461 0.0101714 0.0109348 0.0116617 0.0123394 0.0129554 0.0134985 0.0139583 0.0143263 0.0145954 0.0147605 0.0148184 0.014768 0.0146103 0.0143484 0.0139874 0.0135341 0.0129973 0.012387 0.0117147 0.0109924 0.010233 0.0094496 0.00865493 0.00786138 0.00708047 0.00632259 0.0055968 0.00491063 0.00427002 0.00367925 0.00314099 0.0026564 0.00222526 0.00184617 0.00151673 0.00123376 0.000993539 0.000791978 0.000624829 0.000487836 0.000376876 0.000288062 0.000217813 0.000162911 0.000120513 8.81659e-05 6.37831e-05 4.56262e-05 3.22696e-05 2.25639e-05 1.55974e-05 1.06585e-05 7.20028e-06 4.80922e-06 3.17738e-06 2.07923e-06 1.35245e-06 8.82746e-07 5.91987e-07 4.29784e-07 
5.45547e-07 5.83722e-07 7.59964e-07 1.10835e-06 1.69255e-06 2.61417e-06 4.02445e-06 6.14053e-06 9.26656e-06 1.38204e-05 2.0366e-05 2.96523e-05 4.26574e-05 6.06375e-05 8.51799e-05 0.000118256 0.000162273 0.000220118 0.000295189 0.000391414 0.00051324 0.000665598 0.000853831 0.00108358 0.00136066 0.00169082 0.00207956 0.00253187 0.00305192 0.00364278 0.00430617 0.00504213 0.00584883 0.00672239 0.00765677 0.00864373 0.00967291 0.010732 0.0118068 0.0128819 0.0139408 0.0149664 0.0159414 0.0168488 0.0176726 0.0183979 0.0190114 0.0195018 0.0198599 0.0200793 0.0201557 0.0200877 0.0198768 0.0195268 0.0190444 0.0184385 0.0177205 0.0169035 0.0160023 0.015033 0.0140125 0.0129579 0.0118863 0.0108141 0.00975688 0.0087286 0.0077416 0.00680626 0.00593084 0.00512143 0.00438201 0.0037145 0.00311896 0.00259383 0.00213616 0.00174191 0.00140623 0.00112375 0.000888804 0.000695677 0.000538792 0.000412851 0.000312949 0.000234645 0.000174006 0.00012761 9.25416e-05 6.63561e-05 4.70417e-05 3.29697e-05 2.28429e-05 1.56452e-05 1.05927e-05 7.09082e-06 4.69517e-06 3.0793e-06 2.0076e-06 1.31366e-06 8.83505e-07 6.43493e-07 
8.0987e-07 8.67419e-07 1.12819e-06 1.64194e-06 2.50136e-06 3.85387e-06 5.91833e-06 9.00796e-06 1.356e-05 2.01731e-05 2.96523e-05 4.30626e-05 6.17891e-05 8.76039e-05 0.000122736 0.000169943 0.000232574 0.000314626 0.000420782 0.000556425 0.000727612 0.000941018 0.00120383 0.00152358 0.00190795 0.00236449 0.00290032 0.00352179 0.00423408 0.00504086 0.0059439 0.00694274 0.0080344 0.00921318 0.0104706 0.0117952 0.013173 0.0145873 0.0160195 0.017449 0.018854 0.0202122 0.0215011 0.0226989 0.0237847 0.0247394 0.025546 0.0261901 0.02666 0.0269472 0.0270466 0.0269564 0.0266784 0.0262175 0.0255823 0.0247842 0.0238377 0.0227597 0.0215692 0.020287 0.0189349 0.0175353 0.0161105 0.0146821 0.0132705 0.0118945 0.0105706 0.00931289 0.00813266 0.00703851 0.0060362 0.0051288 0.00431691 0.0035989 0.00297127 0.00242899 0.00196588 0.00157498 0.00124888 0.000980014 0.000760946 0.000584561 0.00044423 0.000333916 0.00024824 0.000182501 0.000132672 9.53615e-05 6.77663e-05 4.76069e-05 3.30612e-05 2.26958e-05 1.54014e-05 1.0333e-05 6.8573e-06 4.5075e-06 2.94563e-06 1.93236e-06 1.30338e-06 9.5236e-07 
1.18836e-06 1.27399e-06 1.65523e-06 2.40384e-06 3.6531e-06 5.61434e-06 8.60041e-06 1.30576e-05 1.96068e-05 2.9095e-05 4.26574e-05 6.17891e-05 8.84275e-05 0.000125041 0.000174719 0.000241269 0.000329289 0.000444244 0.0005925 0.000781329 0.00101887 0.00131404 0.00167634 0.0021157 0.00264211 0.00326531 0.00399434 0.00483712 0.00579996 0.00688704 0.0081 0.0094375 0.0108949 0.012464 0.0141329 0.0158863 0.0177053 0.0195678 0.0214493 0.023323 0.0251608 0.0269339 0.0286135 0.0301717 0.0315822 0.0328207 0.0338659 0.0346994 0.0353068 0.0356776 0.0358051 0.0356873 0.0353262 0.0347284 0.0339042 0.0328683 0.0316387 0.0302369 0.0286869 0.027015 0.0252492 0.0234181 0.0215503 0.0196739 0.0178155 0.0159996 0.0142481 0.0125797 0.01101 0.00955067 0.00821002 0.00699275 0.00590035 0.00493134 0.00408171 0.00334534 0.00271454 0.00218043 0.00173347 0.00136382 0.00106171 0.000817722 0.000623017 0.000469503 0.000349922 0.000257902 0.000187951 0.000135427 9.64711e-05 6.79349e-05 4.72897e-05 3.25391e-05 2.21319e-05 1.48825e-05 9.89891e-06 6.52174e-06 4.27204e-06 2.80971e-06 1.90069e-06 1.39326e-06 
1.72365e-06 1.84944e-06 2.40017e-06 3.47812e-06 5.27258e-06 8.08286e-06 1.23508e-05 1.87044e-05 2.80148e-05 4.14657e-05 6.06375e-05 8.76039e-05 0.000125041 0.000176341 0.000245738 0.000338413 0.000460606 0.000619683 0.000824183 0.0010838 0.00140933 0.00181247 0.00230568 0.00290176 0.00361355 0.00445336 0.0054325 0.00656063 0.00784518 0.00929072 0.0108984 0.0126655 0.0145851 0.0166454 0.0188305 0.0211195 0.0234877 0.0259063 0.0283434 0.0307648 0.0331345 0.0354161 0.0375735 0.0395714 0.0413772 0.0429605 0.044295 0.0453581 0.0461319 0.0466034 0.0467647 0.0466132 0.0461514 0.0453872 0.0443337 0.0430087 0.0414348 0.0396383 0.0376493 0.0355008 0.0332276 0.0308659 0.0284519 0.0260214 0.0236086 0.0212451 0.0189594 0.0167764 0.0147167 0.0127962 0.0110267 0.00941517 0.00796446 0.00667358 0.00553814 0.00455095 0.00370257 0.00298194 0.00237698 0.00187507 0.00146356 0.00113019 0.000863337 0.000652296 0.000487409 0.000360149 0.000263127 0.000190066 0.000135726 9.58101e-05 6.68535e-05 4.61092e-05 3.1435e-05 2.1187e-05 1.41247e-05 9.32742e-06 6.12457e-06 4.03858e-06 2.74002e-06 2.01494e-06 
2.47144e-06 2.65387e-06 3.44006e-06 4.97401e-06 7.52133e-06 1.15009e-05 1.7529e-05 2.64792e-05 3.95583e-05 5.84007e-05 8.51799e-05 0.000122736 0.000174719 0.000245738 0.00034151 0.00046901 0.000636585 0.000854041 0.00113268 0.00148524 0.00192583 0.00246964 0.00313266 0.00393124 0.00488155 0.00599892 0.00729718 0.00878785 0.0104794 0.0123765 0.0144794 0.0167832 0.0192777 0.0219467 0.0247687 0.0277162 0.030757 0.033854 0.0369667 0.0400517 0.0430641 0.0459583 0.0486895 0.0512144 0.0534926 0.0554875 0.0571666 0.0585027 0.0594741 0.0600652 0.0602663 0.0600743 0.0594924 0.0585302 0.0572033 0.0555335 0.053548 0.0512793 0.0487639 0.0460423 0.0431576 0.0401546 0.0370785 0.0339743 0.0308849 0.0278509 0.0249088 0.0220909 0.0194242 0.0169305 0.0146256 0.0125199 0.0106182 0.00892059 0.00742252 0.00611577 0.00498908 0.00402892 0.00322022 0.00254711 0.00199346 0.00154351 0.00118219 0.000895561 0.000670929 0.000497032 0.000364062 0.000263638 0.000188733 0.000133556 9.34172e-05 6.45844e-05 4.41344e-05 2.98158e-05 1.99234e-05 1.31875e-05 8.6802e-06 5.7388e-06 3.90504e-06 2.88082e-06 
3.50333e-06 3.7646e-06 4.87376e-06 7.03114e-06 1.06051e-05 1.61746e-05 2.45895e-05 3.70496e-05 5.52075e-05 8.12921e-05 0.000118256 0.000169943 0.000241269 0.000338413 0.00046901 0.00064232 0.000869369 0.00116304 0.00153808 0.00201105 0.00260008 0.00332461 0.0042049 0.00526148 0.00651437 0.00798234 0.00968192 0.0116265 0.0138254 0.016283 0.0189977 0.0219617 0.0251603 0.0285716 0.032167 0.0359108 0.0397617 0.0436727 0.0475929 0.0514684 0.0552436 0.0588627 0.0622709 0.0654158 0.0682488 0.0707256 0.0728076 0.0744624 0.0756641 0.0763943 0.0766415 0.0764021 0.0756798 0.074486 0.0728394 0.0707659 0.0682979 0.0654741 0.0623388 0.0589407 0.055332 0.0515674 0.0477025 0.0437926 0.0398915 0.0360498 0.032314 0.0287252 0.0253187 0.0221231 0.0191601 0.0164442 0.0139834 0.0117793 0.00982775 0.00811967 0.00664198 0.00537846 0.0043107 0.00341899 0.00268314 0.00208315 0.00159982 0.00121517 0.000912776 0.000677965 0.000497875 0.000361461 0.000259415 0.000184029 0.000129037 8.94262e-05 6.1256e-05 4.14803e-05 2.7783e-05 1.84333e-05 1.21628e-05 8.06254e-06 5.50254e-06 4.0722e-06 
4.90995e-06 5.27948e-06 6.82609e-06 9.82518e-06 1.47814e-05 2.24861e-05 3.40966e-05 5.12419e-05 7.61573e-05 0.000111847 0.000162273 0.000232574 0.000329289 0.000460606 0.000636585 0.000869369 0.00117334 0.0015652 0.00206395 0.00269078 0.00346873 0.00442229 0.00557676 0.00695748 0.00858886 0.0104934 0.0126904 0.0151951 0.0180172 0.0211599 0.0246191 0.0283828 0.0324303 0.0367326 0.041252 0.0459431 0.0507534 0.0556245 0.0604935 0.0652941 0.0699588 0.0744202 0.0786126 0.0824737 0.0859457 0.0889765 0.0915207 0.0935404 0.0950055 0.0958944 0.096194 0.0959 0.0950168 0.0935576 0.0915443 0.089007 0.0859837 0.08252 0.0786681 0.0744856 0.0700351 0.065382 0.0605936 0.0557371 0.0508783 0.0460799 0.0413998 0.0368901 0.0325959 0.0285544 0.0247945 0.0213366 0.0181928 0.0153672 0.0128567 0.0106517 0.00873755 0.00709517 0.00570248 0.00453547 0.00356919 0.0027787 0.00213981 0.00162973 0.00122746 0.000914112 0.00067305 0.000489903 0.000352491 0.000250687 0.000176211 0.000122417 8.40567e-05 5.70557e-05 3.83057e-05 2.54756e-05 1.6851e-05 1.12e-05 7.66654e-06 5.69159e-06 
6.80411e-06 7.32036e-06 9.4521e-06 1.35735e-05 2.03679e-05 3.0904e-05 4.67396e-05 7.00605e-05 0.000103855 0.000152122 0.000220118 0.000314626 0.000444244 0.000619683 0.000854041 0.00116304 0.0015652 0.00208189 0.00273729 0.00355812 0.00457328 0.00581317 0.00730889 0.00909123 0.0111894 0.0136299 0.0164348 0.0196206 0.0231967 0.0271645 0.031516 0.0362334 0.0412885 0.046643 0.0522486 0.0580479 0.0639756 0.0699599 0.0759239 0.081788 0.0874712 0.0928935 0.0979776 0.10265 0.106845 0.1105 0.113564 0.115993 0.117754 0.11882 0.119178 0.118823 0.117759 0.116001 0.113576 0.110516 0.106866 0.102679 0.0980138 0.0929392 0.0875277 0.0818568 0.0760062 0.0700565 0.0640872 0.0581744 0.0523895 0.0467973 0.0414548 0.0364096 0.0316997 0.027353 0.023387 0.0198098 0.0166202 0.0138088 0.0113594 0.00925043 0.00745578 0.00594672 0.00469293 0.00366376 0.00282919 0.00216068 0.00163176 0.00121846 0.000899516 0.000656453 0.000473543 0.000337632 0.00023792 0.000165695 0.000114049 7.75998e-05 5.22229e-05 3.4815e-05 2.30859e-05 1.53851e-05 1.05626e-05 7.8662e-06 
9.32394e-06 1.00364e-05 1.29411e-05 1.85403e-05 2.7749e-05 4.19933e-05 6.3346e-05 9.47056e-05 0.00014002 0.000204552 0.000295189 0.000420782 0.0005925 0.000824183 0.00113268 0.00153808 0.00206395 0.00273729 0.00358842 0.00465066 0.00595968 0.0075527 0.00946738 0.0117405 0.0144064 0.0174956 0.0210326 0.0250346 0.02951 0.0344567 0.0398613 0.0456985 0.0519306 0.0585079 0.0653694 0.0724437 0.0796506 0.0869029 0.0941087 0.101173 0.108001 0.114499 0.120578 0.126153 0.131147 0.135492 0.139129 0.142009 0.144093 0.145355 0.145776 0.145353 0.14409 0.142005 0.139125 0.135489 0.131147 0.126156 0.120588 0.114517 0.10803 0.101214 0.0941638 0.086974 0.079739 0.0725502 0.0654941 0.0586502 0.0520892 0.0458716 0.0400465 0.0346511 0.0297104 0.0252375 0.0212346 0.0176934 0.014597 0.0119212 0.00963606 0.00770773 0.00609997 0.00477569 0.00369816 0.00283216 0.00214473 0.00160584 0.00118866 0.000869757 0.000629044 0.000449651 0.000317656 0.000221774 0.000153023 0.000104369 7.04071e-05 4.70514e-05 3.1278e-05 2.09006e-05 1.43919e-05 1.07513e-05 
1.26357e-05 1.36073e-05 1.75203e-05 2.50416e-05 3.73819e-05 5.64228e-05 8.48909e-05 0.000126585 0.00018666 0.000271963 0.000391414 0.000556425 0.000781329 0.0010838 0.00148524 0.00201105 0.00269078 0.00355812 0.00465066 0.00600932 0.00767755 0.00970026 0.0121223 0.014987 0.0183339 0.0221972 0.0266034 0.0315695 0.0371014 0.0431921 0.0498208 0.0569525 0.0645378 0.0725134 0.0808031 0.0893194 0.0979654 0.106637 0.115225 0.12362 0.13171 0.139389 0.146555 0.153112 0.158975 0.164066 0.168321 0.171687 0.174119 0.17559 0.17608 0.175583 0.174107 0.171668 0.168299 0.16404 0.158947 0.153086 0.146532 0.139372 0.131702 0.123623 0.115243 0.106672 0.09802 0.0893952 0.0809008 0.0726332 0.064679 0.0571135 0.0499993 0.0433851 0.0373056 0.0317809 0.026818 0.022411 0.0185431 0.0151882 0.0123126 0.00987724 0.00783948 0.0061551 0.00477984 0.00367079 0.00278751 0.00209282 0.00155331 0.00113959 0.000826358 0.000592217 0.000419433 0.000293563 0.000203055 0.000138831 9.38809e-05 6.28909e-05 4.19125e-05 2.80822e-05 1.93946e-05 1.4533e-05 
1.69359e-05 1.8245e-05 2.34574e-05 3.3448e-05 4.98007e-05 7.49703e-05 0.000112502 0.000167319 0.000246076 0.000357576 0.00051324 0.000727612 0.00101887 0.00140933 0.00192583 0.00260008 0.00346873 0.00457328 0.00595968 0.00767755 0.00977912 0.0123177 0.015346 0.018914 0.0230664 0.0278406 0.0332642 0.0393528 0.0461078 0.0535154 0.0615453 0.0701504 0.0792668 0.0888152 0.098702 0.108821 0.119058 0.129289 0.139389 0.149229 0.158684 0.167634 0.175964 0.183568 0.190353 0.196235 0.201142 0.205018 0.207817 0.209506 0.210068 0.209494 0.207793 0.204984 0.201098 0.196182 0.190295 0.183506 0.175901 0.167574 0.158631 0.149186 0.13936 0.129278 0.119068 0.108855 0.0987612 0.088901 0.0793792 0.0702884 0.0617071 0.0536981 0.0463077 0.0395658 0.0334858 0.028066 0.0232911 0.0191337 0.0155568 0.0125164 0.00996306 0.007845 0.00610957 0.00470525 0.00358303 0.0026975 0.00200754 0.00147679 0.00107369 0.000771468 0.00054778 0.000384356 0.000266513 0.000182662 0.00012382 8.31495e-05 5.55529e-05 3.73218e-05 2.58521e-05 1.94307e-05 
2.24524e-05 2.41959e-05 3.10619e-05 4.4186e-05 6.5617e-05 9.85214e-05 0.000147458 0.000218734 0.000320845 0.000464981 0.000665598 0.000941018 0.00131404 0.00181247 0.00246964 0.00332461 0.00442229 0.00581317 0.0075527 0.00970026 0.0123177 0.0154676 0.0192106 0.0236033 0.0286955 0.0345268 0.0411245 0.048501 0.0566514 0.0655525 0.0751619 0.0854174 0.0962384 0.107527 0.119169 0.13104 0.143003 0.154917 0.166636 0.178017 0.188919 0.199207 0.208757 0.217454 0.225196 0.231895 0.237475 0.241875 0.245049 0.246963 0.247597 0.246945 0.245014 0.241823 0.237407 0.231813 0.225103 0.217352 0.20865 0.199099 0.188814 0.17792 0.166552 0.15485 0.142958 0.13102 0.119178 0.107567 0.0963101 0.0855208 0.0752957 0.0657143 0.0568375 0.0487072 0.0413459 0.034758 0.0289311 0.0238381 0.0194396 0.0156866 0.0125233 0.00988969 0.00772414 0.00596564 0.00455559 0.0034392 0.00256653 0.00189307 0.00137999 0.000994133 0.000707691 0.00049781 0.000346037 0.000237746 0.00016155 0.000108751 7.28406e-05 4.90678e-05 3.40884e-05 2.5698e-05 
2.94445e-05 3.17395e-05 4.06846e-05 5.77366e-05 8.55169e-05 0.000128065 0.000191177 0.000282848 0.000413798 0.000598095 0.000853831 0.00120383 0.00167634 0.00230568 0.00313266 0.0042049 0.00557676 0.00730889 0.00946738 0.0121223 0.015346 0.0192106 0.023785 0.0291322 0.0353058 0.0423468 0.0502804 0.0591135 0.0688326 0.0794022 0.0907647 0.10284 0.115529 0.12871 0.14225 0.156 0.169803 0.183497 0.196919 0.209908 0.222309 0.233977 0.244776 0.254586 0.263298 0.270821 0.277077 0.282003 0.285551 0.287689 0.288396 0.287665 0.285504 0.281933 0.276985 0.27071 0.26317 0.254443 0.244623 0.233817 0.222148 0.20975 0.196771 0.183365 0.169693 0.155916 0.142197 0.128692 0.115547 0.102897 0.0908585 0.0795315 0.0689942 0.0593033 0.0504931 0.0425765 0.0355464 0.0293774 0.0240289 0.0194479 0.0155721 0.0123334 0.00966066 0.00748267 0.0057302 0.00433802 0.00324616 0.00240083 0.00175478 0.00126743 0.000904554 0.000637892 0.00044451 0.000306148 0.000208535 0.000140722 9.4491e-05 6.38227e-05 4.44685e-05 3.36224e-05 
3.82005e-05 4.11871e-05 5.27141e-05 7.46304e-05 0.000110253 0.000164679 0.000245199 0.000361832 0.000527964 0.000761084 0.00108358 0.00152358 0.0021157 0.00290176 0.00393124 0.00526148 0.00695748 0.00909123 0.0117405 0.014987 0.018914 0.0236033 0.0291322 0.0355692 0.0429707 0.0513771 0.0608094 0.0712665 0.0827232 0.0951289 0.108408 0.122459 0.137159 0.152366 0.167919 0.183649 0.199376 0.214917 0.230091 0.244723 0.258645 0.271701 0.28375 0.294664 0.304334 0.312665 0.31958 0.325018 0.32893 0.331284 0.332061 0.331255 0.328871 0.324931 0.319466 0.312525 0.30417 0.29448 0.283549 0.271488 0.258425 0.244503 0.229877 0.214715 0.199193 0.183493 0.167795 0.152279 0.137113 0.122456 0.108449 0.0952137 0.0828488 0.0714289 0.0610034 0.0515966 0.0432089 0.0358189 0.0293865 0.0238555 0.0191583 0.0152185 0.0119553 0.00928661 0.00713182 0.00541419 0.00406261 0.00301279 0.00220792 0.00159888 0.00114404 0.000808805 0.000565004 0.000390085 0.000266351 0.000180174 0.000121284 8.2138e-05 5.73952e-05 4.35223e-05 
4.90339e-05 5.28767e-05 6.75712e-05 9.54384e-05 0.000140631 0.000209511 0.00031115 0.000457971 0.000666506 0.000958263 0.00136066 0.00190795 0.00264211 0.00361355 0.00488155 0.00651437 0.00858886 0.0111894 0.0144064 0.0183339 0.0230664 0.0286955 0.0353058 0.0429707 0.0517475 0.061674 0.0727644 0.0850065 0.0983602 0.112756 0.128097 0.144258 0.161091 0.178426 0.19608 0.213857 0.231555 0.248973 0.265913 0.282185 0.297612 0.31203 0.325294 0.337274 0.347861 0.356962 0.364502 0.37042 0.374674 0.377231 0.378074 0.377197 0.374606 0.370319 0.364368 0.356797 0.347666 0.337052 0.325049 0.311766 0.297335 0.281901 0.26563 0.248698 0.231296 0.213622 0.195877 0.178261 0.16097 0.144185 0.128074 0.112784 0.0984376 0.0851301 0.0729291 0.0618737 0.0519749 0.0432178 0.0355647 0.0289582 0.0233258 0.0185838 0.0146417 0.0114061 0.00878445 0.00668745 0.00503181 0.00374163 0.00274933 0.00199613 0.00143193 0.00101488 0.000710706 0.00049187 0.000336657 0.000228283 0.00015405 0.000104604 7.33024e-05 5.57431e-05 
6.22767e-05 6.71662e-05 8.56994e-05 0.000120759 0.000177489 0.000263746 0.000390701 0.000573591 0.000832619 0.00119396 0.00169082 0.00236449 0.00326531 0.00445336 0.00599892 0.00798234 0.0104934 0.0136299 0.0174956 0.0221972 0.0278406 0.0345268 0.0423468 0.0513771 0.061674 0.07327 0.0861694 0.100346 0.11574 0.132262 0.149787 0.168165 0.18722 0.206755 0.226559 0.246411 0.26609 0.285374 0.304051 0.32192 0.338797 0.354515 0.368925 0.381903 0.393339 0.403147 0.411255 0.41761 0.422171 0.42491 0.425812 0.424872 0.422095 0.417497 0.411105 0.40296 0.393118 0.381648 0.368641 0.354204 0.338467 0.321576 0.3037 0.285026 0.265753 0.246095 0.226271 0.206505 0.187016 0.168012 0.149689 0.132221 0.115758 0.100419 0.0862938 0.0734396 0.0618813 0.0516136 0.0426036 0.0347947 0.0281112 0.0224627 0.0177495 0.0138671 0.01071 0.00817613 0.00616882 0.00459946 0.0033886 0.00246665 0.00177396 0.00126043 0.00088482 0.000613847 0.000421145 0.000286256 0.000193647 0.000131834 9.26449e-05 7.06488e-05 
7.82698e-05 8.44229e-05 0.000107552 0.0001512 0.000221672 0.000328571 0.000485507 0.00071098 0.00102942 0.00147235 0.00207956 0.00290032 0.00399434 0.0054325 0.00729718 0.00968192 0.0126904 0.0164348 0.0210326 0.0266034 0.0332642 0.0411245 0.0502804 0.0608094 0.0727644 0.0861694 0.101015 0.117258 0.134816 0.153573 0.173378 0.194049 0.21538 0.237146 0.259108 0.281023 0.302647 0.323744 0.344087 0.36347 0.381704 0.398622 0.414078 0.427953 0.440145 0.450574 0.459178 0.465908 0.470733 0.473628 0.474581 0.473588 0.470653 0.465788 0.459017 0.450373 0.439905 0.427674 0.413763 0.398274 0.381328 0.363073 0.343676 0.323327 0.302235 0.280625 0.258735 0.236808 0.215086 0.193808 0.173196 0.153455 0.134763 0.11727 0.101088 0.0862983 0.0729419 0.0610266 0.0505276 0.0413914 0.033541 0.0268808 0.0213027 0.0166909 0.0129274 0.00989635 0.00748711 0.00559733 0.00413461 0.00301744 0.00217555 0.00154959 0.00109045 0.000758306 0.000521483 0.000355295 0.000240934 0.00016445 0.000115885 8.8612e-05 
9.73515e-05 0.000105011 0.000133576 0.000187356 0.000273999 0.000405125 0.000597145 0.00087229 0.00125981 0.00179726 0.00253187 0.00352179 0.00483712 0.00656063 0.00878785 0.0116265 0.0151951 0.0196206 0.0250346 0.0315695 0.0393528 0.048501 0.0591135 0.0712665 0.0850065 0.100346 0.117258 0.135678 0.155497 0.17657 0.198714 0.221716 0.245339 0.269327 0.293415 0.317335 0.340827 0.363639 0.385537 0.406311 0.425772 0.443756 0.460127 0.474773 0.487603 0.498548 0.507556 0.514591 0.519627 0.522646 0.52364 0.522606 0.519546 0.51447 0.507393 0.498341 0.487353 0.47448 0.459792 0.443382 0.425362 0.405871 0.385074 0.363161 0.340345 0.31686 0.292957 0.2689 0.244953 0.221383 0.198441 0.176365 0.155364 0.135617 0.117269 0.100424 0.0851442 0.0714552 0.0593429 0.0487599 0.03963 0.0318545 0.0253176 0.0198934 0.0154512 0.011861 0.00899783 0.00674462 0.00499506 0.0036547 0.00264158 0.00188613 0.00133045 0.000927384 0.000639241 0.000436542 0.000296738 0.000203052 0.000143475 0.00011 
0.000119842 0.000129274 0.00016419 0.000229779 0.000335225 0.000494443 0.000727028 0.00105943 0.0015263 0.00217197 0.00305192 0.00423408 0.00579996 0.00784518 0.0104794 0.0138254 0.0180172 0.0231967 0.02951 0.0371014 0.0461078 0.0566514 0.0688326 0.0827232 0.0983602 0.11574 0.134816 0.155497 0.177644 0.201081 0.225589 0.250923 0.276811 0.302969 0.329106 0.354933 0.380172 0.404563 0.427867 0.449873 0.470397 0.489286 0.506413 0.52168 0.535012 0.546352 0.555663 0.56292 0.568107 0.571214 0.572238 0.571176 0.56803 0.562803 0.555504 0.546149 0.534763 0.521386 0.506072 0.488899 0.469967 0.449403 0.427365 0.404036 0.37963 0.354388 0.328571 0.302457 0.276335 0.250496 0.225223 0.200784 0.177424 0.155356 0.134756 0.115757 0.0984484 0.0828742 0.0690358 0.0568949 0.0463793 0.0373888 0.029802 0.0234834 0.0182905 0.014079 0.010709 0.00804842 0.00597599 0.00438342 0.0031761 0.00227324 0.0016073 0.00112295 0.000775817 0.000531025 0.000361811 0.000248195 0.000175838 0.00013516 
0.000146026 0.000157518 0.000199764 0.00027895 0.000405994 0.000597398 0.000876327 0.00127394 0.0018309 0.00259901 0.00364278 0.00504086 0.00688704 0.00929072 0.0123765 0.016283 0.0211599 0.0271645 0.0344567 0.0431921 0.0535154 0.0655525 0.0794022 0.0951289 0.112756 0.132262 0.153573 0.17657 0.201081 0.226892 0.253752 0.281377 0.309465 0.3377 0.365768 0.393361 0.42019 0.445987 0.470514 0.493563 0.514962 0.53457 0.552275 0.567998 0.58168 0.593283 0.602786 0.610176 0.615451 0.618608 0.619649 0.618574 0.615381 0.610069 0.602639 0.593093 0.581444 0.567714 0.551941 0.534184 0.514527 0.49308 0.469988 0.445426 0.419602 0.392759 0.365164 0.337109 0.308902 0.280858 0.25329 0.2265 0.200768 0.176342 0.153433 0.132209 0.112786 0.0952334 0.0795709 0.0657731 0.0537746 0.0434764 0.0347533 0.0274618 0.021448 0.0165541 0.012625 0.00951298 0.00708132 0.00520705 0.00378201 0.00271332 0.0019229 0.0013465 0.000932347 0.000639598 0.000436789 0.000300355 0.000213342 0.000164396 
0.000176137 0.000189993 0.000240595 0.000335245 0.000486799 0.000714634 0.00104587 0.00151687 0.00217488 0.00307988 0.00430617 0.0059439 0.0081 0.0108984 0.0144794 0.0189977 0.0246191 0.031516 0.0398613 0.0498208 0.0615453 0.0751619 0.0907647 0.108408 0.128097 0.149787 0.173378 0.198714 0.225589 0.253752 0.282912 0.31275 0.342931 0.373112 0.402957 0.432143 0.460371 0.487372 0.512912 0.536794 0.558859 0.578983 0.597077 0.613079 0.626953 0.638682 0.648261 0.655694 0.660991 0.664159 0.665205 0.66413 0.660932 0.655603 0.648134 0.638515 0.626742 0.612819 0.596765 0.578616 0.558435 0.536315 0.51238 0.486793 0.459753 0.431498 0.402298 0.372454 0.34229 0.312144 0.282358 0.253265 0.225181 0.198394 0.173153 0.149658 0.12806 0.108457 0.0908908 0.075352 0.0617854 0.0500962 0.0401577 0.0318202 0.0249193 0.0192845 0.0147456 0.0111391 0.00831241 0.00612714 0.00446085 0.00320775 0.00227844 0.00159901 0.00110962 0.000762875 0.000522144 0.000359898 0.000256276 0.000197956 
0.000210332 0.000226866 0.000286878 0.000398901 0.000577929 0.000846503 0.00123607 0.00178866 0.00255869 0.0036149 0.00504213 0.00694274 0.0094375 0.0126655 0.0167832 0.0219617 0.0283828 0.0362334 0.0456985 0.0569525 0.0701504 0.0854174 0.10284 0.122459 0.144258 0.168165 0.194049 0.221716 0.250923 0.281377 0.31275 0.344687 0.376821 0.408784 0.440221 0.470796 0.500208 0.52819 0.554517 0.579006 0.601517 0.621948 0.640234 0.656337 0.670244 0.681961 0.691501 0.698887 0.704141 0.707282 0.70832 0.70726 0.704097 0.698817 0.691401 0.681825 0.670068 0.656113 0.639957 0.621614 0.601121 0.578547 0.553996 0.527611 0.499578 0.470124 0.43952 0.408071 0.376113 0.344003 0.312109 0.280798 0.250421 0.221303 0.193734 0.167954 0.144149 0.122447 0.102917 0.08557 0.0703648 0.0572132 0.0459897 0.0365403 0.0286919 0.0222619 0.0170656 0.0129237 0.00966761 0.00714297 0.00521247 0.0037567 0.00267424 0.00188084 0.00130797 0.000901163 0.000618139 0.000427042 0.000304826 0.000236004 
0.000248678 0.000268207 0.000338681 0.000469982 0.00067943 0.000993001 0.00144683 0.00208905 0.00298174 0.00420301 0.00584883 0.0080344 0.0108949 0.0145851 0.0192777 0.0251603 0.0324303 0.0412885 0.0519306 0.0645378 0.0792668 0.0962384 0.115529 0.137159 0.161091 0.18722 0.21538 0.245339 0.276811 0.309465 0.342931 0.376821 0.410738 0.444292 0.47711 0.508853 0.539217 0.567943 0.59482 0.619686 0.642422 0.662952 0.681237 0.697266 0.711053 0.722625 0.732018 0.739272 0.744423 0.747499 0.748518 0.747486 0.744396 0.739227 0.73195 0.722528 0.71092 0.697089 0.681008 0.662664 0.64207 0.619265 0.594329 0.567382 0.538592 0.508172 0.476386 0.443539 0.409976 0.37607 0.342212 0.308799 0.276218 0.244833 0.214975 0.186923 0.160904 0.137079 0.115549 0.096347 0.0794493 0.064778 0.0522116 0.0415939 0.032745 0.0254712 0.0195743 0.0148596 0.011142 0.00825135 0.00603483 0.00435893 0.00310959 0.00219162 0.00152724 0.00105441 0.000724781 0.000501826 0.000359045 0.0002786 
0.000291129 0.000313964 0.000395926 0.00054835 0.000791062 0.00115372 0.00167748 0.00241694 0.00344233 0.00484162 0.00672239 0.00921318 0.012464 0.0166454 0.0219467 0.0285716 0.0367326 0.046643 0.0585079 0.0725134 0.0888152 0.107527 0.12871 0.152366 0.178426 0.206755 0.237146 0.269327 0.302969 0.3377 0.373112 0.408784 0.444292 0.479225 0.513201 0.545876 0.576953 0.606184 0.633377 0.658391 0.681137 0.701566 0.719667 0.73546 0.748983 0.760289 0.769436 0.776481 0.781473 0.784452 0.785441 0.784449 0.781465 0.776464 0.769405 0.760237 0.748901 0.735338 0.719497 0.701337 0.680842 0.658023 0.632931 0.605659 0.576351 0.545205 0.51247 0.47845 0.443491 0.407979 0.372326 0.336956 0.30229 0.268732 0.236651 0.206371 0.178158 0.152214 0.128669 0.107586 0.0889601 0.0727278 0.0587738 0.0469427 0.0370493 0.0288906 0.0222556 0.0169348 0.0127272 0.00944634 0.00692386 0.00501168 0.00358266 0.00253014 0.00176666 0.00122213 0.000841782 0.00058408 0.000418835 0.000325684 
0.000337516 0.000363952 0.000458365 0.00063364 0.000912264 0.0013278 0.00192669 0.00277038 0.00393758 0.00552651 0.00765677 0.0104706 0.0141329 0.0188305 0.0247687 0.032167 0.041252 0.0522486 0.0653694 0.0808031 0.098702 0.119169 0.14225 0.167919 0.19608 0.226559 0.259108 0.293415 0.329106 0.365768 0.402957 0.440221 0.47711 0.513201 0.548103 0.581474 0.613025 0.642527 0.669809 0.694758 0.717313 0.737457 0.755209 0.770619 0.783752 0.794686 0.8035 0.810269 0.815056 0.81791 0.81886 0.817917 0.815068 0.810282 0.803509 0.794681 0.783725 0.770559 0.755105 0.737297 0.717087 0.694456 0.669423 0.642054 0.612464 0.580829 0.547383 0.51242 0.476286 0.439376 0.402116 0.364956 0.328349 0.292735 0.258526 0.226088 0.19573 0.167693 0.142144 0.119174 0.0988045 0.0809868 0.0656157 0.0525385 0.0415672 0.0324911 0.0250876 0.0191331 0.0144111 0.0107192 0.00787332 0.00571057 0.0040904 0.00289434 0.00202484 0.00140341 0.000968532 0.000673402 0.000483924 0.000377059 
0.000387529 0.000417836 0.000525568 0.000725243 0.00104214 0.00151392 0.00219252 0.00314649 0.00446333 0.00625179 0.00864373 0.0117952 0.0158863 0.0211195 0.0277162 0.0359108 0.0459431 0.0580479 0.0724437 0.0893194 0.108821 0.13104 0.156 0.183649 0.213857 0.246411 0.281023 0.317335 0.354933 0.393361 0.432143 0.470796 0.508853 0.545876 0.581474 0.615309 0.647107 0.67666 0.703822 0.728511 0.750695 0.770391 0.787651 0.802553 0.81519 0.825664 0.834075 0.840513 0.845057 0.847763 0.848667 0.84778 0.845089 0.840557 0.834123 0.825709 0.815221 0.802558 0.787618 0.770307 0.750546 0.728284 0.703509 0.676252 0.646601 0.614706 0.580781 0.545106 0.508022 0.469926 0.43126 0.392493 0.354107 0.316578 0.280359 0.245857 0.213426 0.183347 0.155826 0.130987 0.108878 0.0894683 0.0726662 0.0583242 0.0462535 0.0362372 0.0280428 0.0214336 0.0161782 0.0120585 0.00887481 0.00644955 0.00462852 0.00328122 0.0022997 0.00159684 0.00110407 0.000769142 0.000553856 0.000432374 
0.000440718 0.000475127 0.000596917 0.0008223 0.00117945 0.00171025 0.00247233 0.00354149 0.00501421 0.00700994 0.00967291 0.013173 0.0177053 0.0234877 0.030757 0.0397617 0.0507534 0.0639756 0.0796506 0.0979654 0.119058 0.143003 0.169803 0.199376 0.231555 0.26609 0.302647 0.340827 0.380172 0.42019 0.460371 0.500208 0.539217 0.576953 0.613025 0.647107 0.678943 0.708348 0.735205 0.759462 0.781123 0.800236 0.816886 0.831179 0.843237 0.853183 0.861136 0.867204 0.871476 0.874018 0.874869 0.874045 0.871528 0.867277 0.861224 0.853276 0.843325 0.83125 0.816926 0.80023 0.781055 0.759318 0.734971 0.708015 0.678504 0.64656 0.612374 0.576207 0.538393 0.499328 0.45946 0.419277 0.379288 0.340001 0.301906 0.265456 0.231045 0.198998 0.16956 0.142891 0.119065 0.0980761 0.079846 0.064235 0.0510559 0.0400876 0.031089 0.0238113 0.0180094 0.0134498 0.00991781 0.00722096 0.00519153 0.00368687 0.00258852 0.00180051 0.0012471 0.000870393 0.00062798 0.000491127 
0.000496487 0.000535182 0.000671605 0.000923701 0.00132261 0.00191451 0.00276283 0.00395072 0.0055837 0.00779192 0.010732 0.0145873 0.0195678 0.0259063 0.033854 0.0436727 0.0556245 0.0699599 0.0869029 0.106637 0.129289 0.154917 0.183497 0.214917 0.248973 0.285374 0.323744 0.363639 0.404563 0.445987 0.487372 0.52819 0.567943 0.606184 0.642527 0.67666 0.708348 0.737431 0.763826 0.787512 0.808526 0.826951 0.842901 0.856512 0.86793 0.8773 0.88476 0.890432 0.894413 0.89678 0.897576 0.896816 0.894484 0.890532 0.884885 0.87744 0.868074 0.856647 0.843013 0.827023 0.808542 0.787454 0.763678 0.737181 0.707985 0.676179 0.641929 0.605477 0.567141 0.527313 0.486446 0.445042 0.403631 0.362753 0.322934 0.284666 0.248388 0.214466 0.183186 0.154744 0.129245 0.106707 0.0870685 0.0701995 0.0559164 0.0439957 0.0341892 0.0262377 0.0198827 0.0148766 0.0109898 0.00801561 0.00577275 0.00410651 0.0028879 0.00201206 0.00139597 0.000975997 0.000705458 0.000552656 
