0.0004381 0.000445227 0.000469881 0.000512611 0.000574241 0.000655923 0.000759117 0.00088558 0.00103734 0.00121667 0.00142606 0.00166816 0.00194579 0.00226181 0.00261913 0.00302061 0.00346901 0.00396692 0.00451667 0.00512027 0.0057793 0.00649488 0.00726755 0.00809722 0.0089831 0.00992364 0.0109165 0.0119585 0.0130456 0.014173 0.0153348 0.0165245 0.0177348 0.0189577 0.0201845 0.0214059 0.0226124 0.0237939 0.0249405 0.0260419 0.027088 0.0280691 0.0289758 0.0297993 0.0305312 0.0311644 0.0316922 0.0321094 0.0324114 0.0325954 0.0326592 0.0326023 0.0324252 0.03213 0.0317196 0.0311983 0.0305716 0.0298459 0.0290286 0.0281277 0.027152 0.0261111 0.0250146 0.0238725 0.022695 0.0214921 0.0202738 0.0190497 0.0178289 0.0166202 0.0154315 0.0142703 0.0131429 0.0120553 0.0110122 0.0100178 0.00907521 0.00818687 0.00735434 0.00657846 0.00585934 0.0051965 0.00458888 0.00403493 0.00353269 0.00307988 0.00267395 0.00231219 0.00199175 0.00170977 0.0014634 0.00124985 0.00106647 0.000910793 0.000780534 0.000673664 0.000588417 0.000523321 0.000477206 0.000449279 
0.000445227 0.000452483 0.000477556 0.000521003 0.000583664 0.000666707 0.000771616 0.000900175 0.00105444 0.00123673 0.00144956 0.00169563 0.00197779 0.00229896 0.00266207 0.00307003 0.00352564 0.00403152 0.00459003 0.00520319 0.00587261 0.00659942 0.00738414 0.00822667 0.00912621 0.0100812 0.0110892 0.012147 0.0132504 0.0143946 0.0155737 0.0167811 0.0180092 0.0192499 0.0204945 0.0217336 0.0229574 0.0241559 0.0253187 0.0264357 0.0274966 0.0284915 0.0294108 0.0302457 0.0309878 0.0316297 0.0321648 0.0325877 0.0328939 0.0330803 0.0331449 0.0330872 0.0329076 0.0326082 0.0321921 0.0316636 0.0310281 0.0302923 0.0294634 0.0285499 0.0275605 0.0265048 0.0253927 0.0242343 0.0230399 0.0218198 0.0205838 0.0193419 0.0181034 0.0168769 0.0156707 0.0144921 0.013348 0.012244 0.0111852 0.0101756 0.00921869 0.00831672 0.00747135 0.00668343 0.0059531 0.00527988 0.00466269 0.00409998 0.00358977 0.00312974 0.00271731 0.00234974 0.00202413 0.0017376 0.00148723 0.00127021 0.00108385 0.000925627 0.00079324 0.000684622 0.000597982 0.000531822 0.000484955 0.000456577 
0.000469881 0.000477556 0.000503989 0.000549762 0.000615756 0.000703191 0.000813621 0.000948908 0.00111121 0.00130292 0.0015267 0.00178535 0.00208183 0.00241917 0.00280045 0.00322868 0.00370675 0.00423737 0.00482299 0.00546568 0.00616709 0.00692834 0.00774996 0.00863179 0.00957294 0.0105717 0.0116256 0.0127312 0.0138841 0.0150792 0.0163103 0.0175705 0.018852 0.0201463 0.0214442 0.022736 0.0240116 0.0252604 0.0264718 0.0276352 0.0287399 0.0297756 0.0307326 0.0316015 0.0323737 0.0330415 0.0335981 0.0340379 0.0343563 0.0345501 0.0346171 0.0345569 0.0343699 0.0340582 0.0336251 0.033075 0.0324136 0.0316476 0.0307847 0.0298335 0.0288033 0.0277038 0.0265454 0.0253385 0.0240938 0.0228219 0.0215334 0.0202382 0.0189462 0.0176665 0.0164075 0.0151771 0.0139822 0.0128289 0.0117224 0.0106671 0.00966641 0.00872291 0.00783832 0.00701357 0.00624884 0.00554367 0.00489697 0.00430715 0.00377218 0.00328967 0.00285694 0.00247115 0.0021293 0.00182838 0.00156536 0.00133731 0.00114143 0.00097509 0.000835879 0.000721642 0.000630509 0.000560915 0.000511621 0.000481783 
0.000512611 0.000521003 0.000549762 0.000599515 0.000671205 0.000766144 0.000885998 0.00103277 0.00120875 0.00141654 0.00165894 0.00193897 0.00225979 0.00262461 0.00303671 0.00349927 0.00401538 0.00458787 0.00521932 0.00591189 0.00666728 0.00748663 0.00837042 0.00931842 0.0103296 0.0114021 0.0125331 0.0137189 0.0149548 0.0162352 0.0175535 0.0189023 0.0202732 0.0216571 0.0230443 0.0244243 0.0257863 0.0271193 0.0284119 0.0296527 0.0308305 0.0319345 0.0329542 0.0338798 0.0347022 0.0354132 0.0360057 0.0364737 0.0368125 0.0370184 0.0370895 0.0370251 0.0368257 0.0364936 0.0360321 0.035446 0.0347413 0.033925 0.0330054 0.0319915 0.030893 0.0297204 0.0284846 0.0271966 0.0258679 0.0245097 0.0231331 0.0217489 0.0203674 0.0189985 0.0176512 0.0163337 0.0150537 0.0138176 0.0126311 0.0114988 0.0104246 0.00941125 0.00846062 0.0075738 0.00675106 0.00599197 0.00529543 0.0046598 0.00408294 0.00356236 0.00309524 0.00267856 0.00230914 0.00198377 0.00169925 0.00145244 0.00124035 0.00106017 0.000909316 0.000785492 0.000686688 0.000611229 0.000557786 0.000525454 
0.000574241 0.000583664 0.000615756 0.000671205 0.000751046 0.000856721 0.000990053 0.00115323 0.00134877 0.0015795 0.00184849 0.00215902 0.00251452 0.00291849 0.00337446 0.00388589 0.00445607 0.00508807 0.0057846 0.00654797 0.00737994 0.00828165 0.00925353 0.0102952 0.0114055 0.0125823 0.0138223 0.0151215 0.0164746 0.0178755 0.0193168 0.0207905 0.0222874 0.0237976 0.0253105 0.0268146 0.0282984 0.0297498 0.0311564 0.0325061 0.0337868 0.0349867 0.0360945 0.0370998 0.0379926 0.0387643 0.0394072 0.0399148 0.040282 0.0405051 0.0405819 0.0405116 0.0402948 0.039934 0.0394327 0.038796 0.0380305 0.0371437 0.0361444 0.0350422 0.0338479 0.0325725 0.0312278 0.0298259 0.0283789 0.0268991 0.0253986 0.0238889 0.0223814 0.0208868 0.0194148 0.0179746 0.0165744 0.0152214 0.0139218 0.0126808 0.0115026 0.0103903 0.00934618 0.00837142 0.00746646 0.00663089 0.00586361 0.00516292 0.00452656 0.00395186 0.00343581 0.00297515 0.00256647 0.00220628 0.00189109 0.00161751 0.00138228 0.00118233 0.00101485 0.000877321 0.000767551 0.000683705 0.000624327 0.000588429 
0.000655923 0.000666707 0.000703191 0.000766144 0.000856721 0.000976526 0.00112759 0.00131235 0.00153361 0.00179449 0.00209839 0.00244895 0.00284994 0.00330524 0.0038187 0.00439411 0.00503507 0.00574489 0.00652651 0.00738236 0.0083143 0.00932348 0.0104102 0.0115741 0.0128135 0.0141259 0.0155078 0.0169544 0.0184598 0.0200171 0.0216183 0.023254 0.0249144 0.0265883 0.0282639 0.0299289 0.0315703 0.0331749 0.0347291 0.0362197 0.0376332 0.038957 0.0401787 0.0412868 0.0422706 0.0431207 0.0438285 0.0443873 0.0447913 0.0450365 0.0451206 0.0450427 0.0448035 0.0444056 0.0438529 0.043151 0.0423069 0.0413289 0.0402266 0.0390106 0.0376923 0.036284 0.0347985 0.0332491 0.0316491 0.030012 0.0283508 0.0266787 0.0250078 0.0233501 0.0217164 0.0201168 0.0185605 0.0170556 0.0156089 0.0142265 0.0129129 0.0116718 0.0105058 0.00941641 0.00840417 0.00746876 0.0066091 0.00582338 0.00510921 0.0044637 0.00388359 0.00336533 0.00290518 0.00249931 0.00214389 0.00183517 0.00156954 0.00134362 0.00115428 0.00099873 0.000874533 0.000779651 0.000712465 0.000671876 
0.000759117 0.000771616 0.000813621 0.000885998 0.000990053 0.00112759 0.00130091 0.00151273 0.00176621 0.00206485 0.00241246 0.00281311 0.00327099 0.00379043 0.00437569 0.00503096 0.00576019 0.00656701 0.0074546 0.00842559 0.00948189 0.0106247 0.0118541 0.0131696 0.0145692 0.0160499 0.0176075 0.0192367 0.0209306 0.0226815 0.0244801 0.0263161 0.0281782 0.0300541 0.0319306 0.0337939 0.0356295 0.0374227 0.0391587 0.0408225 0.0423996 0.0438757 0.0452374 0.0464719 0.0475675 0.0485137 0.0493014 0.0499229 0.0503721 0.0506445 0.0507375 0.0506502 0.0503835 0.04994 0.0493242 0.0485422 0.0476016 0.0465116 0.0452827 0.0439265 0.0424558 0.0408841 0.0392254 0.0374944 0.0357059 0.0338748 0.0320157 0.030143 0.0282706 0.0264115 0.024578 0.0227814 0.0210321 0.0193391 0.0177103 0.0161525 0.0146711 0.0132703 0.011953 0.0107212 0.00957558 0.00851601 0.00754137 0.00664975 0.00583861 0.00510481 0.00444478 0.0038546 0.00333015 0.00286719 0.00246145 0.00210875 0.00180507 0.00154661 0.00132988 0.00115174 0.00100945 0.00090073 0.000823751 0.000777278 
0.00088558 0.000900175 0.000948908 0.00103277 0.00115323 0.00131235 0.00151273 0.00175745 0.00205009 0.00239459 0.00279527 0.00325666 0.00378352 0.00438065 0.00505283 0.0058047 0.00664065 0.00756465 0.00858017 0.00969003 0.0108962 0.0121999 0.0136012 0.015099 0.0166911 0.0183739 0.0201424 0.0219905 0.0239104 0.0258931 0.027928 0.0300036 0.0321069 0.0342241 0.0363404 0.0384402 0.0405074 0.0425255 0.0444779 0.0463481 0.0481198 0.0497771 0.0513053 0.05269 0.0539185 0.054979 0.0558616 0.0565576 0.0570604 0.057365 0.0574687 0.0573702 0.0570707 0.0565731 0.0558823 0.0550051 0.0539498 0.0527266 0.0513472 0.0498244 0.0481723 0.046406 0.044541 0.0425937 0.0405805 0.0385181 0.0364228 0.0343107 0.0321974 0.0300976 0.0280251 0.0259927 0.0240122 0.0220939 0.0202468 0.0184786 0.0167956 0.0152027 0.0137035 0.0123003 0.0109941 0.00978488 0.00867156 0.00765216 0.00672391 0.0058834 0.0051267 0.00444949 0.00384718 0.00331504 0.00284829 0.00244224 0.00209237 0.00179439 0.00154438 0.00133877 0.00117449 0.00104893 0.000960044 0.000906418 
0.00103734 0.00105444 0.00111121 0.00120875 0.00134877 0.00153361 0.00176621 0.00205009 0.0023893 0.00278832 0.00325201 0.00378553 0.0043942 0.00508342 0.00585855 0.00672477 0.00768692 0.00874939 0.00991597 0.0111897 0.0125726 0.0140658 0.0156693 0.0173815 0.0191998 0.0211199 0.023136 0.0252407 0.0274253 0.0296792 0.0319906 0.0343461 0.0367311 0.03913 0.041526 0.0439015 0.0462384 0.0485183 0.0507226 0.0528327 0.0548305 0.0566985 0.0584199 0.059979 0.0613616 0.0625548 0.0635473 0.0643297 0.0648947 0.0652367 0.0653526 0.0652412 0.0649037 0.0643434 0.0635656 0.0625778 0.0613894 0.0600117 0.0584575 0.0567412 0.0548784 0.0528858 0.0507809 0.0485818 0.046307 0.0439751 0.0416045 0.0392132 0.0368188 0.0344378 0.032086 0.0297779 0.0275267 0.0253444 0.0232413 0.0212262 0.0193066 0.0174881 0.015775 0.0141701 0.0126748 0.0112892 0.0100123 0.00884204 0.00777544 0.00680877 0.00593771 0.00515745 0.00446289 0.00384871 0.00330957 0.00284018 0.00243543 0.00209049 0.00180089 0.00156262 0.00137216 0.00122656 0.00112349 0.00106135 
0.00121667 0.00123673 0.00130292 0.00141654 0.0015795 0.00179449 0.00206485 0.00239459 0.00278832 0.00325111 0.00378848 0.00440624 0.0051104 0.00590703 0.00680214 0.00780149 0.00891047 0.0101339 0.0114759 0.0129397 0.0145276 0.0162404 0.0180778 0.020038 0.0221177 0.0243116 0.0266131 0.0290137 0.0315029 0.0340689 0.036698 0.0393751 0.0420834 0.0448053 0.0475217 0.0502129 0.0528585 0.0554377 0.0579298 0.0603139 0.0625699 0.064678 0.0666198 0.0683778 0.0699361 0.0712802 0.0723979 0.0732787 0.0739144 0.0742989 0.0744287 0.0743026 0.0739218 0.07329 0.0724131 0.0712995 0.0699595 0.0684056 0.0666522 0.0647151 0.0626118 0.060361 0.057982 0.0554952 0.0529213 0.050281 0.0475951 0.0448838 0.042167 0.0394633 0.0367907 0.0341656 0.0316031 0.0291169 0.0267188 0.0244191 0.0222263 0.0201471 0.0181867 0.0163484 0.014634 0.013044 0.0115774 0.0102319 0.00900455 0.00789116 0.00688697 0.00598668 0.00518456 0.00447468 0.00385102 0.00330762 0.00283871 0.00243883 0.00210291 0.00182638 0.00160525 0.00143618 0.0013165 0.00124439 
0.00142606 0.00144956 0.0015267 0.00165894 0.00184849 0.00209839 0.00241246 0.00279527 0.00325201 0.00378848 0.00441089 0.00512583 0.00594005 0.00686038 0.00789353 0.00904593 0.0103235 0.0117317 0.0132748 0.0149564 0.0167787 0.0187425 0.0208472 0.0230904 0.0254679 0.0279738 0.0306001 0.0333368 0.0361721 0.0390923 0.0420816 0.0451228 0.048197 0.051284 0.0543624 0.05741 0.0604037 0.0633204 0.0661366 0.0688292 0.0713756 0.0737538 0.0759432 0.0779245 0.0796799 0.0811936 0.0824518 0.0834429 0.0841578 0.0845899 0.0847353 0.0845927 0.0841633 0.0834513 0.0824632 0.0812083 0.0796981 0.0779464 0.0759691 0.073784 0.0714103 0.0688688 0.0661813 0.0633704 0.0604592 0.057471 0.0544291 0.0513563 0.0482749 0.0452061 0.04217 0.0391856 0.0362699 0.0334384 0.0307051 0.0280815 0.0255776 0.0232014 0.0209588 0.018854 0.0168892 0.0150653 0.0133813 0.0118352 0.0104233 0.00914148 0.00798432 0.00694596 0.00602003 0.0051999 0.0044788 0.00385002 0.00330704 0.00284368 0.00245421 0.00213344 0.00187684 0.0016806 0.00154169 0.00145805 
0.00166816 0.00169563 0.00178535 0.00193897 0.00215902 0.00244895 0.00281311 0.00325666 0.00378553 0.00440624 0.00512583 0.0059517 0.00689146 0.00795277 0.0091431 0.0104696 0.0119389 0.0135567 0.015328 0.0172563 0.019344 0.0215916 0.0239982 0.0265608 0.0292742 0.0321314 0.0351231 0.0382377 0.0414616 0.044779 0.0481719 0.0516209 0.0551043 0.0585994 0.0620821 0.0655272 0.068909 0.0722015 0.0753785 0.0784141 0.0812832 0.0839614 0.0864257 0.0886548 0.0906288 0.0923303 0.0937441 0.0948574 0.0956601 0.096145 0.0963077 0.0961466 0.0956634 0.0948625 0.0937512 0.0923397 0.0906408 0.0886696 0.0864439 0.0839833 0.0813092 0.0784446 0.0754139 0.0722422 0.0689553 0.0655793 0.0621402 0.0586637 0.0551748 0.0516976 0.0482546 0.0448674 0.0415554 0.0383364 0.0352262 0.0322382 0.029384 0.0266729 0.0241119 0.021706 0.0194582 0.0173695 0.0154394 0.0136655 0.0120444 0.0105711 0.00923999 0.00804449 0.00697753 0.00603169 0.0051994 0.00447312 0.0038455 0.00330956 0.00285882 0.00248741 0.00219018 0.00196282 0.00180189 0.00170503 
0.00194579 0.00197779 0.00208183 0.00225979 0.00251452 0.00284994 0.00327099 0.00378352 0.0043942 0.0051104 0.00594005 0.00689146 0.00797317 0.00919371 0.0105614 0.0120842 0.0137693 0.0156231 0.0176508 0.0198562 0.0222415 0.0248072 0.0275517 0.0304712 0.0335598 0.0368089 0.0402078 0.0437431 0.0473991 0.0511577 0.0549986 0.0588995 0.0628361 0.0667827 0.0707122 0.0745963 0.0784063 0.0821131 0.0856874 0.0891005 0.0923245 0.0953324 0.0980987 0.1006 0.102814 0.104721 0.106305 0.107553 0.108452 0.108994 0.109176 0.108994 0.108452 0.107554 0.106308 0.104724 0.102818 0.100606 0.0981078 0.0953445 0.0923401 0.0891203 0.0857117 0.0821426 0.0784415 0.0746375 0.0707598 0.0668371 0.0628973 0.0589676 0.0550736 0.0512394 0.0474872 0.0438372 0.0403074 0.0369134 0.0336685 0.0305833 0.0276664 0.0249236 0.0223586 0.0199731 0.0177666 0.015737 0.0138804 0.0121916 0.0106644 0.00929167 0.00806547 0.00697757 0.00601953 0.00518288 0.00445937 0.00384116 0.00332092 0.00289203 0.00254868 0.00228598 0.00210003 0.00198817 
0.00226181 0.00229896 0.00241917 0.00262461 0.00291849 0.00330524 0.00379043 0.00438065 0.00508342 0.00590703 0.00686038 0.00795277 0.00919371 0.0105927 0.012159 0.0139014 0.0158277 0.0179448 0.0202583 0.0227723 0.0254888 0.0284079 0.0315274 0.0348428 0.0383468 0.0420295 0.0458783 0.0498779 0.0540103 0.0582548 0.0625885 0.066986 0.07142 0.0758617 0.0802805 0.084645 0.0889231 0.0930823 0.0970902 0.100915 0.104526 0.107892 0.110987 0.113784 0.116258 0.11839 0.120159 0.121552 0.122555 0.12316 0.123362 0.123159 0.122553 0.121549 0.120156 0.118386 0.116255 0.113781 0.110986 0.107893 0.104529 0.100922 0.0971016 0.0930986 0.088945 0.0846732 0.0803154 0.0759037 0.0714696 0.0670433 0.0626536 0.0583276 0.0540907 0.0499655 0.0459727 0.04213 0.0384528 0.0349535 0.0316419 0.0285252 0.0256079 0.0228922 0.0203781 0.0180633 0.0159439 0.0140144 0.012268 0.0106969 0.00929227 0.00804509 0.00694591 0.00598528 0.005154 0.00444323 0.00384476 0.00335114 0.00295582 0.00265328 0.00243914 0.00231038 
0.00261913 0.00266207 0.00280045 0.00303671 0.00337446 0.0038187 0.00437569 0.00505283 0.00585855 0.00680214 0.00789353 0.0091431 0.0105614 0.012159 0.0139461 0.0159322 0.0181261 0.020535 0.023165 0.0260201 0.0291022 0.0324111 0.0359439 0.0396948 0.0436554 0.047814 0.0521562 0.0566643 0.0613177 0.0660932 0.0709645 0.0759034 0.080879 0.0858591 0.0908095 0.0956954 0.100481 0.10513 0.109607 0.113877 0.117905 0.121659 0.125108 0.128224 0.130979 0.133351 0.13532 0.136869 0.137984 0.138657 0.138881 0.138654 0.137979 0.136861 0.13531 0.133339 0.130966 0.12821 0.125095 0.121647 0.117895 0.11387 0.109604 0.105131 0.100487 0.0957082 0.0908293 0.0858865 0.0809146 0.0759475 0.0710174 0.0661548 0.0613882 0.0567433 0.0522433 0.0479087 0.043757 0.0398025 0.0360567 0.0325281 0.0292223 0.026142 0.0232877 0.0206574 0.018247 0.0160506 0.0140608 0.0122692 0.0106662 0.00924163 0.00798515 0.00688626 0.00593466 0.00512049 0.00443458 0.00386856 0.00341509 0.00306797 0.00282226 0.0026746 
0.00302061 0.00307003 0.00322868 0.00349927 0.00388589 0.00439411 0.00503096 0.0058047 0.00672477 0.00780149 0.00904593 0.0104696 0.0120842 0.0139014 0.0159322 0.0181873 0.0206759 0.023406 0.0263839 0.0296135 0.0330967 0.0368326 0.0408174 0.0450443 0.0495031 0.0541806 0.0590598 0.0641207 0.06934 0.0746912 0.080145 0.0856695 0.0912304 0.0967915 0.102315 0.107762 0.113094 0.118269 0.12325 0.127997 0.132473 0.136642 0.14047 0.143926 0.146981 0.149611 0.151792 0.153508 0.154743 0.155487 0.155734 0.155482 0.154733 0.153494 0.151775 0.14959 0.146957 0.1439 0.140443 0.136615 0.132447 0.127973 0.12323 0.118253 0.113083 0.107757 0.102317 0.0968018 0.0912494 0.0856978 0.0801831 0.0747392 0.069398 0.0641887 0.0591373 0.0542672 0.0495983 0.0451471 0.0409269 0.0369477 0.0332162 0.0297363 0.0265086 0.0235315 0.0208008 0.0183103 0.0160523 0.0140172 0.0121949 0.0105742 0.0091436 0.00789149 0.00680645 0.00587754 0.00509451 0.00444804 0.00392992 0.00353322 0.00325241 0.00308372 
0.00346901 0.00352564 0.00370675 0.00401538 0.00445607 0.00503507 0.00576019 0.00664065 0.00768692 0.00891047 0.0103235 0.0119389 0.0137693 0.0158277 0.0181261 0.0206759 0.0234873 0.0265686 0.0299264 0.0335647 0.0374849 0.0416854 0.0461616 0.0509051 0.0559041 0.0611431 0.066603 0.0722609 0.0780904 0.0840617 0.0901421 0.0962957 0.102484 0.108668 0.114805 0.120853 0.126767 0.132504 0.138021 0.143276 0.148228 0.152837 0.157068 0.160885 0.164258 0.16716 0.169567 0.171459 0.172821 0.173641 0.173913 0.173634 0.172807 0.171439 0.169541 0.167129 0.164223 0.160846 0.157026 0.152795 0.148185 0.143234 0.137982 0.132468 0.126736 0.120828 0.114787 0.108659 0.102484 0.0963056 0.0901627 0.0840935 0.0781335 0.0723153 0.0666686 0.0612194 0.0559905 0.0510009 0.0462657 0.0417969 0.0376023 0.0336868 0.0300519 0.026696 0.0236152 0.0208029 0.0182508 0.0159488 0.0138857 0.0120493 0.0104271 0.00900626 0.00777416 0.00671868 0.00582845 0.00509312 0.00450357 0.00405206 0.00373246 0.00354054 
0.00396692 0.00403152 0.00423737 0.00458787 0.00508807 0.00574489 0.00656701 0.00756465 0.00874939 0.0101339 0.0117317 0.0135567 0.0156231 0.0179448 0.020535 0.023406 0.0265686 0.0300317 0.0338019 0.0378832 0.0422766 0.0469797 0.0519864 0.0572871 0.062868 0.0687112 0.0747949 0.0810932 0.0875764 0.0942111 0.100961 0.107786 0.114644 0.12149 0.128279 0.134963 0.141495 0.147827 0.153912 0.159704 0.165158 0.170231 0.174886 0.179083 0.182791 0.185979 0.188623 0.1907 0.192195 0.193095 0.193392 0.193086 0.192177 0.190674 0.188589 0.185938 0.182743 0.17903 0.174828 0.170171 0.165096 0.159642 0.153851 0.147769 0.141442 0.134916 0.128239 0.121458 0.114622 0.107775 0.100961 0.0942238 0.0876017 0.0811314 0.0748458 0.0687746 0.0629434 0.0573737 0.0520832 0.0470855 0.0423902 0.0380032 0.0339268 0.0301599 0.0266985 0.0235361 0.0206637 0.0180706 0.0157446 0.0136727 0.0118409 0.0102353 0.00884209 0.00764782 0.00663997 0.00580709 0.00513906 0.00462734 0.0042651 0.00404766 
0.00451667 0.00459003 0.00482299 0.00521932 0.0057846 0.00652651 0.0074546 0.00858017 0.00991597 0.0114759 0.0132748 0.015328 0.0176508 0.0202583 0.023165 0.0263839 0.0299264 0.0338019 0.0380172 0.042576 0.0474786 0.0527218 0.0582982 0.0641962 0.0703998 0.0768889 0.0836384 0.0906193 0.0977984 0.105138 0.112599 0.120135 0.127701 0.135248 0.142725 0.150081 0.157263 0.16422 0.170901 0.177256 0.183236 0.188796 0.193893 0.198489 0.202546 0.206033 0.208923 0.211194 0.212827 0.213809 0.214134 0.213798 0.212804 0.211161 0.20888 0.20598 0.202484 0.19842 0.193819 0.188717 0.183154 0.177172 0.170818 0.164139 0.157185 0.150008 0.142659 0.135191 0.127654 0.1201 0.112576 0.105129 0.0978032 0.0906385 0.0836721 0.0769368 0.0704616 0.0642711 0.0583853 0.0528199 0.0475864 0.042692 0.0381398 0.0339294 0.030057 0.0265159 0.0232967 0.020388 0.0177769 0.0154489 0.0133893 0.0115827 0.0100139 0.00866836 0.00753219 0.00659281 0.00583909 0.00526159 0.00485275 0.00460743 
0.00512027 0.00520319 0.00546568 0.00591189 0.00654797 0.00738236 0.00842559 0.00969003 0.0111897 0.0129397 0.0149564 0.0172563 0.0198562 0.0227723 0.0260201 0.0296135 0.0335647 0.0378832 0.042576 0.0476463 0.0530938 0.0589141 0.0650982 0.0716326 0.078499 0.0856742 0.0931301 0.100834 0.108749 0.116834 0.125044 0.133329 0.14164 0.149922 0.158121 0.16618 0.174042 0.181653 0.188955 0.195896 0.202424 0.208489 0.214047 0.219054 0.223473 0.22727 0.230416 0.232887 0.234663 0.235731 0.236084 0.235717 0.234636 0.232846 0.230363 0.227206 0.223398 0.21897 0.213954 0.20839 0.20232 0.195789 0.188847 0.181546 0.173938 0.16608 0.158028 0.149838 0.141567 0.133268 0.124995 0.1168 0.108731 0.100832 0.0931437 0.0857039 0.0785446 0.0716934 0.0651733 0.0590023 0.0531938 0.0477564 0.0426946 0.0380085 0.0336947 0.0297463 0.0261538 0.022905 0.0199861 0.0173817 0.0150757 0.0130515 0.0112926 0.00978303 0.00850766 0.00745269 0.00660591 0.00595693 0.00549747 0.00522187 
0.0057793 0.00587261 0.00616709 0.00666728 0.00737994 0.0083143 0.00948189 0.0108962 0.0125726 0.0145276 0.0167787 0.019344 0.0222415 0.0254888 0.0291022 0.0330967 0.0374849 0.0422766 0.0474786 0.0530938 0.059121 0.0655543 0.0723831 0.0795916 0.0871589 0.0950587 0.10326 0.111725 0.120414 0.129281 0.138275 0.147345 0.156434 0.165483 0.174434 0.183224 0.191793 0.20008 0.208027 0.215574 0.222668 0.229255 0.235287 0.240719 0.245511 0.249626 0.253034 0.25571 0.257633 0.25879 0.259171 0.258773 0.257601 0.255662 0.252972 0.249549 0.245421 0.240618 0.235176 0.229135 0.222541 0.215443 0.207893 0.199946 0.191661 0.183096 0.174312 0.16537 0.156331 0.147255 0.138199 0.12922 0.120369 0.111698 0.10325 0.0950674 0.0871855 0.0796356 0.0724436 0.0656302 0.0592109 0.053196 0.0475914 0.0423979 0.0376127 0.033229 0.0292368 0.0256235 0.0223744 0.0194731 0.0169022 0.0146439 0.0126802 0.0109938 0.00956826 0.00838852 0.00744123 0.00671504 0.00620089 0.00589258 
0.00649488 0.00659942 0.00692834 0.00748663 0.00828165 0.00932348 0.0106247 0.0121999 0.0140658 0.0162404 0.0187425 0.0215916 0.0248072 0.0284079 0.0324111 0.0368326 0.0416854 0.0469797 0.0527218 0.0589141 0.0655543 0.0726351 0.0801437 0.0880621 0.0963663 0.105027 0.114008 0.123271 0.132768 0.14245 0.152263 0.162148 0.172045 0.18189 0.191618 0.201164 0.210462 0.219447 0.228056 0.236226 0.2439 0.251022 0.25754 0.263406 0.268578 0.273018 0.276694 0.279579 0.281652 0.282899 0.283309 0.28288 0.281615 0.279524 0.276622 0.272929 0.268474 0.263288 0.257409 0.250881 0.243751 0.23607 0.227895 0.219284 0.2103 0.201005 0.191465 0.181745 0.171911 0.162027 0.152156 0.14236 0.132695 0.123216 0.113974 0.105012 0.0963713 0.0880867 0.0801871 0.0726962 0.0656318 0.0590063 0.0528267 0.0470953 0.0418095 0.0369629 0.0325453 0.0285436 0.0249422 0.0217237 0.0188697 0.0163607 0.0141777 0.0123017 0.0107151 0.0094014 0.00834616 0.00753702 0.00696411 0.00662065 
0.00726755 0.00738414 0.00774996 0.00837042 0.00925353 0.0104102 0.0118541 0.0136012 0.0156693 0.0180778 0.0208472 0.0239982 0.0275517 0.0315274 0.0359439 0.0408174 0.0461616 0.0519864 0.0582982 0.0650982 0.0723831 0.0801437 0.0883652 0.0970267 0.106101 0.115556 0.125351 0.135442 0.145779 0.156307 0.166967 0.177694 0.188424 0.199088 0.209616 0.219938 0.229983 0.239682 0.248968 0.257774 0.26604 0.273705 0.280717 0.287024 0.292582 0.297351 0.301298 0.304395 0.30662 0.307957 0.308396 0.307935 0.306578 0.304332 0.301216 0.29725 0.292463 0.286888 0.280567 0.273542 0.265866 0.257592 0.24878 0.239491 0.229791 0.219748 0.209431 0.19891 0.188257 0.177539 0.166827 0.156184 0.145675 0.135358 0.125288 0.115515 0.106082 0.0970294 0.0883891 0.0801878 0.072446 0.0651782 0.0583933 0.0520945 0.0462802 0.0409442 0.0360763 0.0316629 0.0276877 0.0241324 0.0209772 0.0182016 0.0157848 0.0137068 0.0119483 0.0104916 0.00932111 0.00842334 0.00778763 0.00740663 
0.00809722 0.00822667 0.00863179 0.00931842 0.0102952 0.0115741 0.0131696 0.015099 0.0173815 0.020038 0.0230904 0.0265608 0.0304712 0.0348428 0.0396948 0.0450443 0.0509051 0.0572871 0.0641962 0.0716326 0.0795916 0.0880621 0.0970267 0.106462 0.116337 0.126615 0.137253 0.148202 0.159406 0.170805 0.182336 0.193929 0.205513 0.217015 0.22836 0.239473 0.250279 0.260704 0.270676 0.280127 0.288991 0.297206 0.304715 0.311466 0.317413 0.322514 0.326733 0.330043 0.33242 0.333848 0.334317 0.333824 0.332373 0.329973 0.326641 0.3224 0.317279 0.311314 0.304546 0.297022 0.288793 0.279919 0.27046 0.260483 0.250055 0.23925 0.228141 0.216803 0.20531 0.193739 0.182161 0.170648 0.159268 0.148085 0.13716 0.126545 0.116291 0.10644 0.0970286 0.0880866 0.0796375 0.0716982 0.0642794 0.0573857 0.0510165 0.045166 0.039824 0.0349767 0.0306072 0.026696 0.0232224 0.0201645 0.0175002 0.015208 0.0132671 0.0116587 0.0103657 0.00937373 0.00867127 0.00825039 
0.0089831 0.00912621 0.00957294 0.0103296 0.0114055 0.0128135 0.0145692 0.0166911 0.0191998 0.0221177 0.0254679 0.0292742 0.0335598 0.0383468 0.0436554 0.0495031 0.0559041 0.062868 0.0703998 0.078499 0.0871589 0.0963663 0.106101 0.116337 0.127039 0.138167 0.149673 0.161503 0.173596 0.185889 0.19831 0.210786 0.223241 0.235595 0.24777 0.259684 0.271259 0.282417 0.293082 0.303181 0.312646 0.321412 0.329421 0.336616 0.342951 0.348382 0.352874 0.356396 0.358924 0.360443 0.360941 0.360417 0.358872 0.356319 0.352772 0.348257 0.342804 0.336448 0.329233 0.321207 0.312425 0.302948 0.292838 0.282166 0.271005 0.259429 0.247517 0.235348 0.223002 0.21056 0.198099 0.185695 0.173424 0.161352 0.149547 0.138066 0.126964 0.116288 0.106079 0.0963691 0.0871856 0.0785481 0.0704692 0.0629552 0.0560066 0.0496181 0.0437799 0.0384779 0.0336945 0.0294096 0.0256011 0.0222461 0.0193211 0.0168029 0.0146697 0.0129009 0.0114786 0.0103871 0.00961414 0.00915111 
0.00992364 0.0100812 0.0105717 0.0114021 0.0125823 0.0141259 0.0160499 0.0183739 0.0211199 0.0243116 0.0279738 0.0321314 0.0368089 0.0420295 0.047814 0.0541806 0.0611431 0.0687112 0.0768889 0.0856742 0.0950587 0.105027 0.115556 0.126615 0.138167 0.150166 0.162561 0.175291 0.188292 0.201493 0.21482 0.228192 0.241528 0.254744 0.267755 0.280477 0.292825 0.304717 0.316075 0.326822 0.336887 0.346202 0.354706 0.362343 0.369063 0.374822 0.379583 0.383314 0.385993 0.387601 0.388129 0.387573 0.385937 0.383231 0.379473 0.374686 0.368903 0.362159 0.3545 0.345976 0.336643 0.326563 0.315804 0.304437 0.292538 0.280188 0.267467 0.254461 0.241253 0.227928 0.214571 0.201263 0.188083 0.175105 0.1624 0.150033 0.138061 0.126538 0.115507 0.105006 0.0950641 0.0857046 0.0769423 0.0687851 0.0612349 0.0542872 0.0479324 0.0421564 0.0369412 0.0322658 0.0281073 0.0244413 0.021243 0.018488 0.0161529 0.0142159 0.0126577 0.0114616 0.0106145 0.0101072 
0.0109165 0.0110892 0.0116256 0.0125331 0.0138223 0.0155078 0.0176075 0.0201424 0.023136 0.0266131 0.0306001 0.0351231 0.0402078 0.0458783 0.0521562 0.0590598 0.066603 0.0747949 0.0836384 0.0931301 0.10326 0.114008 0.125351 0.137253 0.149673 0.162561 0.175859 0.189504 0.203425 0.217547 0.231787 0.246063 0.260285 0.274366 0.288216 0.301744 0.314864 0.327488 0.339535 0.350925 0.361584 0.371442 0.380436 0.388509 0.395608 0.401689 0.406714 0.410651 0.413477 0.415173 0.415729 0.415143 0.413417 0.410562 0.406596 0.401543 0.395435 0.38831 0.380214 0.371197 0.361319 0.350643 0.339238 0.32718 0.314547 0.301423 0.287894 0.274048 0.259974 0.245762 0.231501 0.217278 0.203178 0.189281 0.175662 0.162392 0.149534 0.137145 0.125274 0.113961 0.103242 0.0931401 0.083674 0.0748537 0.0666823 0.0591564 0.0522669 0.0459997 0.0403364 0.0352554 0.0307329 0.0267432 0.0232603 0.0202583 0.0177125 0.0155999 0.0138997 0.0125945 0.0116699 0.0111163 
0.0119585 0.012147 0.0127312 0.0137189 0.0151215 0.0169544 0.0192367 0.0219905 0.0252407 0.0290137 0.0333368 0.0382377 0.0437431 0.0498779 0.0566643 0.0641207 0.0722609 0.0810932 0.0906193 0.100834 0.111725 0.123271 0.135442 0.148202 0.161503 0.175291 0.189504 0.204073 0.218922 0.233969 0.249127 0.264307 0.279417 0.294361 0.309045 0.323375 0.337259 0.350608 0.363335 0.375358 0.386601 0.396992 0.406466 0.414964 0.422434 0.428829 0.434112 0.43825 0.441218 0.443 0.443585 0.442969 0.441155 0.438155 0.433987 0.428674 0.42225 0.414753 0.406228 0.39673 0.386316 0.375053 0.363013 0.350272 0.336913 0.323022 0.308689 0.294006 0.279068 0.263969 0.248802 0.233662 0.218636 0.203812 0.18927 0.175087 0.16133 0.148061 0.135335 0.123196 0.111682 0.100822 0.0906354 0.0811352 0.0723261 0.0642058 0.0567659 0.0499924 0.0438668 0.0383669 0.0334679 0.0291432 0.0253655 0.0221075 0.0193432 0.0170482 0.0152006 0.0137818 0.0127768 0.0121751 
0.0130456 0.0132504 0.0138841 0.0149548 0.0164746 0.0184598 0.0209306 0.0239104 0.0274253 0.0315029 0.0361721 0.0414616 0.0473991 0.0540103 0.0613177 0.06934 0.0780904 0.0875764 0.0977984 0.108749 0.120414 0.132768 0.145779 0.159406 0.173596 0.188292 0.203425 0.218922 0.2347 0.250672 0.266746 0.282827 0.298817 0.314617 0.330126 0.345248 0.359885 0.373945 0.387339 0.399982 0.411795 0.422706 0.432647 0.441558 0.449386 0.456086 0.461618 0.465949 0.469056 0.470921 0.471533 0.470888 0.468991 0.465851 0.461487 0.455924 0.449193 0.441335 0.432395 0.422428 0.411492 0.399657 0.386994 0.373584 0.359511 0.344865 0.329739 0.314228 0.298433 0.282452 0.266383 0.250326 0.234375 0.218622 0.203154 0.188051 0.173388 0.159232 0.14564 0.132664 0.120344 0.108713 0.0977933 0.0876001 0.07814 0.0694122 0.0614089 0.0541167 0.0475168 0.0415866 0.0363006 0.0316311 0.0275497 0.0240279 0.0210382 0.0185549 0.0165552 0.0150191 0.0139308 0.0132795 
0.014173 0.0143946 0.0150792 0.0162352 0.0178755 0.0200171 0.0226815 0.0258931 0.0296792 0.0340689 0.0390923 0.044779 0.0511577 0.0582548 0.0660932 0.0746912 0.0840617 0.0942111 0.105138 0.116834 0.129281 0.14245 0.156307 0.170805 0.185889 0.201493 0.217547 0.233969 0.250672 0.267564 0.284546 0.301519 0.318378 0.33502 0.351341 0.367238 0.382612 0.397366 0.411409 0.424654 0.43702 0.448432 0.458824 0.468133 0.476307 0.483299 0.489069 0.493587 0.496826 0.49877 0.499408 0.498736 0.496758 0.493485 0.488934 0.48313 0.476106 0.467901 0.458561 0.448141 0.436701 0.424311 0.411044 0.396982 0.382212 0.366827 0.350922 0.334599 0.317959 0.301106 0.284146 0.267179 0.250308 0.23363 0.217237 0.201215 0.185644 0.170596 0.156136 0.142316 0.129183 0.116772 0.105111 0.0942151 0.0840943 0.074749 0.0661726 0.0583518 0.0512682 0.0448987 0.0392172 0.034195 0.0298026 0.0260104 0.0227895 0.0201131 0.0179571 0.0163006 0.0151269 0.0144245 
0.0153348 0.0155737 0.0163103 0.0175535 0.0193168 0.0216183 0.0244801 0.027928 0.0319906 0.036698 0.0420816 0.0481719 0.0549986 0.0625885 0.0709645 0.080145 0.0901421 0.100961 0.112599 0.125044 0.138275 0.152263 0.166967 0.182336 0.19831 0.21482 0.231787 0.249127 0.266746 0.284546 0.302424 0.320273 0.337985 0.355451 0.372564 0.389217 0.405306 0.420733 0.435404 0.449229 0.462126 0.474021 0.484843 0.494533 0.503036 0.510306 0.516304 0.520998 0.524363 0.526382 0.527045 0.526347 0.524293 0.520893 0.516165 0.510133 0.502829 0.494293 0.484571 0.473718 0.461794 0.44887 0.43502 0.420328 0.404883 0.38878 0.372117 0.354999 0.337533 0.319826 0.301987 0.284124 0.266344 0.24875 0.231439 0.214503 0.198028 0.182092 0.166761 0.152097 0.138149 0.124955 0.112547 0.100944 0.0901564 0.0801873 0.071031 0.062675 0.0551009 0.0482855 0.042202 0.0368211 0.0321123 0.0280445 0.024588 0.0217147 0.0193992 0.0176198 0.0163588 0.0156044 
0.0165245 0.0167811 0.0175705 0.0189023 0.0207905 0.023254 0.0263161 0.0300036 0.0343461 0.0393751 0.0451228 0.0516209 0.0588995 0.066986 0.0759034 0.0856695 0.0962957 0.107786 0.120135 0.133329 0.147345 0.162148 0.177694 0.193929 0.210786 0.228192 0.246063 0.264307 0.282827 0.301519 0.320273 0.338978 0.357521 0.37579 0.39367 0.411054 0.427833 0.443908 0.45918 0.47356 0.486965 0.499318 0.510551 0.520601 0.529416 0.536949 0.543161 0.54802 0.551504 0.553594 0.55428 0.553559 0.551434 0.547915 0.54302 0.536773 0.529205 0.520356 0.510272 0.499007 0.486622 0.473188 0.458781 0.443484 0.427389 0.410593 0.393197 0.375309 0.357038 0.338498 0.319801 0.30106 0.282388 0.263892 0.245676 0.227838 0.210468 0.193649 0.177455 0.16195 0.147189 0.133214 0.120059 0.107747 0.0962907 0.0856952 0.0759559 0.067061 0.0589925 0.0517273 0.0452379 0.0394945 0.0344654 0.0301188 0.0264235 0.0233505 0.0208733 0.0189691 0.0176197 0.0168124 
0.0177348 0.0180092 0.018852 0.0202732 0.0222874 0.0249144 0.0281782 0.0321069 0.0367311 0.0420834 0.048197 0.0551043 0.0628361 0.07142 0.080879 0.0912304 0.102484 0.114644 0.127701 0.14164 0.156434 0.172045 0.188424 0.205513 0.223241 0.241528 0.260285 0.279417 0.298817 0.318378 0.337985 0.357521 0.37687 0.395912 0.414533 0.432618 0.450059 0.466751 0.482597 0.497505 0.511391 0.524177 0.535796 0.546185 0.555292 0.563071 0.569483 0.574498 0.578092 0.580248 0.580956 0.580212 0.578021 0.574392 0.569342 0.562894 0.555079 0.545937 0.535512 0.523859 0.51104 0.497122 0.482185 0.466312 0.449596 0.432136 0.414035 0.395405 0.376357 0.35701 0.33748 0.317885 0.298342 0.278964 0.259861 0.241137 0.222886 0.205198 0.188151 0.171815 0.156247 0.141496 0.127599 0.114582 0.102459 0.0912386 0.0809167 0.0714827 0.0629191 0.0552028 0.0483061 0.0421984 0.0368474 0.0322202 0.0282846 0.0250104 0.0223702 0.0203403 0.0189017 0.0180411 
0.0189577 0.0192499 0.0201463 0.0216571 0.0237976 0.0265883 0.0300541 0.0342241 0.03913 0.0448053 0.051284 0.0585994 0.0667827 0.0758617 0.0858591 0.0967915 0.108668 0.12149 0.135248 0.149922 0.165483 0.18189 0.199088 0.217015 0.235595 0.254744 0.274366 0.294361 0.314617 0.33502 0.355451 0.37579 0.395912 0.415697 0.435025 0.45378 0.47185 0.489129 0.505517 0.520922 0.53526 0.548452 0.560432 0.571137 0.580516 0.588522 0.59512 0.600278 0.603974 0.606191 0.60692 0.606157 0.603905 0.600173 0.59498 0.588346 0.580303 0.570888 0.560147 0.548131 0.534903 0.520532 0.505095 0.488677 0.471372 0.45328 0.434507 0.415166 0.395373 0.375249 0.354915 0.334494 0.314107 0.293873 0.273906 0.254316 0.235205 0.216665 0.198781 0.181627 0.165266 0.14975 0.13512 0.121405 0.108622 0.0967816 0.0858811 0.0759112 0.0668549 0.0586892 0.0513864 0.0449152 0.0392427 0.034335 0.030159 0.0266835 0.0238802 0.0217244 0.0201963 0.0192824 
0.0201845 0.0204945 0.0214442 0.0230443 0.0253105 0.0282639 0.0319306 0.0363404 0.041526 0.0475217 0.0543624 0.0620821 0.0707122 0.0802805 0.0908095 0.102315 0.114805 0.128279 0.142725 0.158121 0.174434 0.191618 0.209616 0.22836 0.24777 0.267755 0.288216 0.309045 0.330126 0.351341 0.372564 0.39367 0.414533 0.435025 0.455026 0.474415 0.493079 0.510909 0.527806 0.543677 0.558435 0.572006 0.584319 0.595317 0.604946 0.613162 0.61993 0.62522 0.629009 0.631282 0.63203 0.631248 0.628941 0.625117 0.619792 0.612988 0.604735 0.595069 0.584035 0.571684 0.558077 0.543282 0.527378 0.510449 0.492589 0.4739 0.45449 0.434473 0.41397 0.393103 0.371999 0.350784 0.329584 0.308523 0.287721 0.267292 0.247344 0.227975 0.209275 0.191323 0.174186 0.157921 0.142571 0.12817 0.114738 0.102287 0.0908155 0.0803164 0.070773 0.0621627 0.0544575 0.047626 0.0416345 0.0364484 0.0320336 0.0283581 0.0253924 0.0231114 0.0214944 0.0205274 
0.0214059 0.0217336 0.022736 0.0244243 0.0268146 0.0299289 0.0337939 0.0384402 0.0439015 0.0502129 0.05741 0.0655272 0.0745963 0.084645 0.0956954 0.107762 0.120853 0.134963 0.150081 0.16618 0.183224 0.201164 0.219938 0.239473 0.259684 0.280477 0.301744 0.323375 0.345248 0.367238 0.389217 0.411054 0.432618 0.45378 0.474415 0.4944 0.513621 0.531967 0.549338 0.56564 0.580788 0.594707 0.607328 0.618592 0.62845 0.636857 0.64378 0.649189 0.653063 0.655387 0.656151 0.655354 0.652996 0.649089 0.643645 0.636687 0.628243 0.618348 0.607046 0.594386 0.58043 0.565244 0.548905 0.5315 0.513122 0.493873 0.473864 0.45321 0.432034 0.410463 0.388625 0.366653 0.344675 0.322821 0.301217 0.27998 0.259225 0.239055 0.219564 0.200837 0.182946 0.165951 0.149901 0.13483 0.120764 0.107715 0.0956849 0.0846669 0.0746454 0.0655981 0.0574973 0.0503112 0.0440055 0.0385449 0.0338946 0.0300216 0.0268958 0.0244911 0.0227862 0.0217668 
0.0226124 0.0229574 0.0240116 0.0257863 0.0282984 0.0315703 0.0356295 0.0405074 0.0462384 0.0528585 0.0604037 0.068909 0.0784063 0.0889231 0.100481 0.113094 0.126767 0.141495 0.157263 0.174042 0.191793 0.210462 0.229983 0.250279 0.271259 0.292825 0.314864 0.337259 0.359885 0.382612 0.405306 0.427833 0.450059 0.47185 0.493079 0.513621 0.533359 0.552184 0.569992 0.586692 0.602197 0.616434 0.629334 0.640841 0.650906 0.659486 0.666547 0.672063 0.676013 0.678383 0.679163 0.678351 0.67595 0.671967 0.666417 0.659321 0.650705 0.640603 0.629057 0.616117 0.601841 0.586297 0.569559 0.551713 0.532854 0.513085 0.492516 0.471265 0.449457 0.427222 0.404691 0.382001 0.359284 0.336676 0.314305 0.292296 0.270768 0.249828 0.229578 0.210105 0.191486 0.173786 0.157058 0.141339 0.126657 0.113027 0.100454 0.0889307 0.0784434 0.06897 0.060483 0.0529504 0.0463375 0.0406084 0.0357277 0.0316613 0.0283786 0.0258526 0.0240617 0.0229909 
0.0237939 0.0241559 0.0252604 0.0271193 0.0297498 0.0331749 0.0374227 0.0425255 0.0485183 0.0554377 0.0633204 0.0722015 0.0821131 0.0930823 0.10513 0.118269 0.132504 0.147827 0.16422 0.181653 0.20008 0.219447 0.239682 0.260704 0.282417 0.304717 0.327488 0.350608 0.373945 0.397366 0.420733 0.443908 0.466751 0.489129 0.510909 0.531967 0.552184 0.571448 0.589658 0.60672 0.62255 0.637075 0.650228 0.661953 0.672203 0.680936 0.688122 0.693733 0.69775 0.70016 0.700954 0.70013 0.69769 0.693641 0.687997 0.680778 0.672008 0.661722 0.649958 0.636765 0.6222 0.606328 0.589226 0.570977 0.551675 0.531425 0.510337 0.488531 0.466134 0.443278 0.420097 0.396731 0.373319 0.349997 0.326901 0.304159 0.281895 0.260223 0.239247 0.219061 0.199745 0.18137 0.16399 0.147648 0.132374 0.118184 0.105087 0.0930756 0.082138 0.0722524 0.0633914 0.0555231 0.0486123 0.0426227 0.0375181 0.033264 0.0298287 0.0271849 0.0253103 0.0241895 
0.0249405 0.0253187 0.0264718 0.0284119 0.0311564 0.0347291 0.0391587 0.0444779 0.0507226 0.0579298 0.0661366 0.0753785 0.0856874 0.0970902 0.109607 0.12325 0.138021 0.153912 0.170901 0.188955 0.208027 0.228056 0.248968 0.270676 0.293082 0.316075 0.339535 0.363335 0.387339 0.411409 0.435404 0.45918 0.482597 0.505517 0.527806 0.549338 0.569992 0.589658 0.608232 0.625622 0.641746 0.656529 0.669907 0.681827 0.69224 0.70111 0.708405 0.7141 0.718176 0.720622 0.721428 0.720593 0.718119 0.714013 0.708287 0.700959 0.692055 0.681604 0.669646 0.656226 0.641402 0.625236 0.607804 0.589188 0.569483 0.548792 0.527228 0.50491 0.481968 0.458535 0.434749 0.410753 0.386689 0.362699 0.338921 0.315489 0.292531 0.270166 0.248504 0.227641 0.207665 0.188647 0.170647 0.15371 0.13787 0.123147 0.109548 0.0970694 0.0857002 0.0754192 0.0661993 0.0580084 0.0508113 0.0445711 0.0392511 0.0348161 0.031234 0.0284767 0.0265214 0.0253525 
0.0260419 0.0264357 0.0276352 0.0296527 0.0325061 0.0362197 0.0408225 0.0463481 0.0528327 0.0603139 0.0688292 0.0784141 0.0891005 0.100915 0.113877 0.127997 0.143276 0.159704 0.177256 0.195896 0.215574 0.236226 0.257774 0.280127 0.303181 0.326822 0.350925 0.375358 0.399982 0.424654 0.449229 0.47356 0.497505 0.520922 0.543677 0.56564 0.586692 0.60672 0.625622 0.643307 0.659692 0.674705 0.688283 0.700373 0.710931 0.71992 0.727309 0.733077 0.737205 0.739681 0.740499 0.739655 0.737152 0.732996 0.727199 0.719777 0.710755 0.70016 0.688031 0.674412 0.659357 0.642928 0.6252 0.606254 0.586184 0.565093 0.543094 0.520308 0.496866 0.472902 0.448559 0.42398 0.399312 0.374699 0.350286 0.32621 0.302604 0.279591 0.257284 0.235786 0.215187 0.195563 0.176978 0.159481 0.143106 0.127876 0.113802 0.10088 0.0891015 0.0784449 0.0688836 0.0603858 0.0529161 0.0464371 0.0409119 0.0363045 0.0325823 0.0297167 0.0276844 0.0264695 
0.027088 0.0274966 0.0287399 0.0308305 0.0337868 0.0376332 0.0423996 0.0481198 0.0548305 0.0625699 0.0713756 0.0812832 0.0923245 0.104526 0.117905 0.132473 0.148228 0.165158 0.183236 0.202424 0.222668 0.2439 0.26604 0.288991 0.312646 0.336887 0.361584 0.386601 0.411795 0.43702 0.462126 0.486965 0.511391 0.53526 0.558435 0.580788 0.602197 0.62255 0.641746 0.659692 0.676308 0.691523 0.705276 0.717515 0.728198 0.73729 0.744761 0.750591 0.754764 0.757267 0.758094 0.757242 0.754715 0.750516 0.744658 0.737156 0.728032 0.717313 0.705035 0.69124 0.675982 0.659322 0.64133 0.622089 0.601692 0.580242 0.55785 0.534641 0.510744 0.486296 0.461443 0.43633 0.411107 0.385922 0.360923 0.336252 0.312045 0.28843 0.265524 0.243435 0.222256 0.202068 0.182937 0.164914 0.148039 0.132335 0.117815 0.104478 0.0923141 0.0813042 0.0714219 0.0626352 0.0549086 0.0482047 0.0424858 0.0377158 0.0338614 0.0308936 0.0287887 0.0275305 
