1.85308e-05 1.90815e-05 2.12405e-05 2.51363e-05 3.09835e-05 3.90922e-05 4.98731e-05 6.38438e-05 8.16356e-05 0.000104 0.000131816 0.000166091 0.000207968 0.000258722 0.000319755 0.000392588 0.000478846 0.000580237 0.000698526 0.000835499 0.000992926 0.00117251 0.00137584 0.00160433 0.00185916 0.00214122 0.00245104 0.00278874 0.00315398 0.0035459 0.00396309 0.00440357 0.00486478 0.00534358 0.00583625 0.00633856 0.0068458 0.00735284 0.00785425 0.00834433 0.00881727 0.00926722 0.00968846 0.0100754 0.0104229 0.0107262 0.010981 0.0111837 0.0113315 0.0114221 0.0114544 0.0114278 0.0113428 0.0112005 0.0110032 0.0107535 0.0104551 0.0101122 0.00972951 0.00931216 0.00886566 0.00839574 0.00790822 0.0074089 0.00690343 0.00639728 0.00589557 0.00540301 0.00492385 0.00446184 0.00402013 0.00360133 0.00320746 0.00283996 0.00249975 0.00218721 0.00190228 0.00164447 0.00141294 0.00120656 0.00102395 0.000863559 0.000723723 0.000602699 0.000498723 0.000410047 0.000334975 0.00027189 0.000219271 0.000175715 0.00013994 0.000110796 8.72608e-05 6.84434e-05 5.35763e-05 4.20115e-05 3.3214e-05 2.67551e-05 2.23067e-05 1.96403e-05 
1.90815e-05 1.96512e-05 2.18797e-05 2.58998e-05 3.19331e-05 4.02998e-05 5.14239e-05 6.58397e-05 8.41989e-05 0.000107277 0.000135981 0.000171351 0.000214565 0.000266937 0.000329914 0.000405063 0.000494058 0.000598658 0.00072068 0.000861962 0.00102432 0.00120951 0.00141916 0.00165472 0.00191739 0.00220809 0.00252736 0.0028753 0.00325155 0.00365521 0.00408484 0.00453837 0.00501317 0.00550599 0.00601301 0.00652986 0.00705171 0.00757328 0.00808897 0.00859294 0.00907922 0.00954182 0.00997483 0.0103726 0.0107297 0.0110414 0.0113032 0.0115115 0.0116632 0.0117563 0.0117894 0.0117621 0.0116746 0.0115284 0.0113255 0.0110689 0.0107622 0.0104097 0.0100162 0.00958711 0.00912803 0.00864481 0.00814344 0.00762987 0.00710992 0.0065892 0.00607298 0.0055661 0.00507295 0.00459737 0.00414262 0.0037114 0.00330578 0.00292727 0.00257681 0.00225482 0.00196122 0.00169554 0.00145691 0.00124417 0.00105591 0.000890551 0.000746365 0.000621565 0.000514337 0.000422883 0.000345455 0.000280387 0.000226114 0.000181187 0.000144288 0.000114227 8.99535e-05 7.05461e-05 5.52138e-05 4.3288e-05 3.42166e-05 2.75573e-05 2.29715e-05 2.02235e-05 
2.12405e-05 2.18797e-05 2.43606e-05 2.883e-05 3.55329e-05 4.48227e-05 5.71671e-05 7.31553e-05 9.35048e-05 0.000119069 0.000150844 0.000189972 0.000237746 0.000295603 0.000365125 0.000448024 0.000546124 0.00066134 0.000795643 0.000951025 0.00112945 0.00133281 0.00156285 0.00182112 0.0021089 0.00242715 0.00277639 0.00315672 0.00356769 0.00400829 0.00447689 0.00497122 0.00548838 0.00602481 0.00657635 0.00713824 0.00770523 0.00827159 0.00883127 0.00937796 0.0099052 0.0104065 0.0108756 0.0113063 0.0116929 0.0120302 0.0123134 0.0125386 0.0127027 0.0128032 0.0128388 0.012809 0.0127142 0.0125558 0.0123361 0.0120582 0.011726 0.0113441 0.0109178 0.0104528 0.00995511 0.00943106 0.00888711 0.00832967 0.00776506 0.00719932 0.00663817 0.00608688 0.0055502 0.00503233 0.00453685 0.00406669 0.00362416 0.00321094 0.00282807 0.00247606 0.00215487 0.00186401 0.00160258 0.00136935 0.00116282 0.000981274 0.000822865 0.000685659 0.00056769 0.000467006 0.000381706 0.000309975 0.000250106 0.000200516 0.000159761 0.00012654 9.96985e-05 7.82271e-05 6.1256e-05 4.80499e-05 3.80013e-05 3.06232e-05 2.55426e-05 2.24999e-05 
2.51363e-05 2.58998e-05 2.883e-05 3.40984e-05 4.19904e-05 5.29175e-05 6.74237e-05 8.61927e-05 0.000110057 0.000140004 0.000177185 0.000222917 0.000278688 0.000346152 0.00042712 0.000523549 0.00063752 0.000771212 0.000926859 0.00110671 0.00131298 0.00154779 0.00181307 0.00211054 0.00244161 0.00280727 0.00320808 0.00364405 0.0041146 0.0046185 0.00515383 0.00571795 0.0063075 0.00691841 0.00754589 0.00818456 0.00882842 0.00947103 0.0101055 0.0107248 0.0113217 0.0118888 0.0124191 0.0129057 0.0133423 0.0137229 0.0140424 0.0142963 0.0144811 0.0145943 0.0146342 0.0146002 0.014493 0.014314 0.0140657 0.0137517 0.0133763 0.0129446 0.0124626 0.0119366 0.0113733 0.0107799 0.0101635 0.00953146 0.00889081 0.00824839 0.00761066 0.00698359 0.00637261 0.00578248 0.00521731 0.00468051 0.00417473 0.00370194 0.00326342 0.00285979 0.00249111 0.00215686 0.0018561 0.00158748 0.00134933 0.00113975 0.000956675 0.00079792 0.000661268 0.000544506 0.000445473 0.000362102 0.000292439 0.000234675 0.000187151 0.000148372 0.00011701 9.18978e-05 7.20316e-05 5.65606e-05 4.4781e-05 3.61283e-05 3.01695e-05 2.66036e-05 
3.09835e-05 3.19331e-05 3.55329e-05 4.19904e-05 5.16507e-05 6.50105e-05 8.27252e-05 0.000105618 0.000134687 0.000171117 0.000216286 0.000271765 0.000339326 0.000420933 0.000518731 0.000635032 0.000772287 0.00093305 0.00111993 0.00133556 0.00158249 0.00186315 0.00217978 0.00253431 0.00292828 0.00336281 0.00383841 0.00435501 0.00491181 0.00550727 0.00613902 0.00680389 0.00749785 0.00821606 0.0089529 0.00970202 0.0104564 0.0112086 0.0119505 0.0126739 0.0133706 0.014032 0.0146499 0.0152166 0.0157247 0.0161673 0.0165387 0.0168336 0.0170482 0.0171793 0.0172253 0.0171855 0.0170604 0.0168518 0.0165627 0.016197 0.0157598 0.0152569 0.0146951 0.0140816 0.0134243 0.0127314 0.0120112 0.011272 0.0105221 0.00976946 0.00902155 0.00828539 0.00756732 0.00687299 0.00620725 0.00557415 0.00497691 0.00441792 0.00389877 0.0034203 0.00298267 0.00258538 0.00222741 0.00190724 0.001623 0.00137252 0.0011534 0.000963133 0.000799125 0.000658794 0.000539608 0.000439132 0.000355065 0.000285263 0.00022776 0.000180779 0.000142735 0.000112238 8.80846e-05 6.92565e-05 5.49091e-05 4.43643e-05 3.71016e-05 3.27589e-05 
3.90922e-05 4.02998e-05 4.48227e-05 5.29175e-05 6.50105e-05 8.17139e-05 0.000103834 0.000132383 0.000168584 0.000213889 0.000269977 0.000338765 0.000422406 0.000523277 0.000643974 0.000787279 0.000956134 0.00115359 0.00138277 0.00164677 0.00194861 0.00229114 0.00267695 0.00310825 0.0035868 0.00411377 0.00468969 0.0053143 0.00598651 0.00670434 0.00746484 0.00826409 0.00909717 0.00995824 0.0108405 0.0117364 0.0126375 0.013535 0.0144193 0.0152807 0.0161094 0.0168955 0.0176293 0.0183018 0.0189042 0.0194288 0.0198686 0.0202177 0.0204714 0.0206263 0.0206802 0.0206326 0.0204839 0.0202364 0.0198933 0.0194594 0.0189405 0.0183435 0.0176762 0.0169471 0.0161655 0.0153408 0.014483 0.0136018 0.0127071 0.011808 0.0109137 0.0100325 0.00917189 0.00833872 0.00753885 0.00677721 0.00605774 0.00538342 0.0047563 0.0041775 0.00364734 0.00316535 0.00273041 0.00234083 0.00199446 0.00168876 0.00142095 0.00118804 0.000986982 0.000814692 0.000668146 0.000544424 0.000440755 0.000354554 0.000283441 0.000225261 0.000178085 0.000140219 0.000110194 8.67638e-05 6.88937e-05 5.57515e-05 4.66983e-05 4.1289e-05 
4.98731e-05 5.14239e-05 5.71671e-05 6.74237e-05 8.27252e-05 0.000103834 0.000131754 0.000167739 0.000213308 0.000270254 0.000340649 0.000426853 0.000531507 0.000657523 0.000808066 0.000986523 0.00119646 0.00144156 0.00172557 0.0020522 0.00242505 0.00284747 0.00332249 0.00385268 0.00444 0.00508574 0.00579034 0.00655334 0.00737325 0.00824748 0.00917233 0.0101429 0.0111532 0.012196 0.0132631 0.0143452 0.0154324 0.016514 0.0175785 0.0186144 0.01961 0.0205535 0.0214336 0.0222395 0.0229609 0.0235887 0.0241146 0.0245318 0.0248348 0.0250195 0.0250835 0.0250259 0.0248476 0.024551 0.02414 0.0236201 0.0229983 0.0222825 0.0214821 0.0206071 0.0196684 0.0186773 0.0176454 0.0165844 0.015506 0.0144214 0.0133413 0.0122756 0.0112337 0.0102238 0.0092529 0.0083272 0.00745155 0.00662971 0.00586429 0.00515682 0.00450785 0.00391696 0.00338296 0.00290392 0.00247737 0.00210033 0.00176951 0.00148137 0.00123225 0.00101845 0.000836329 0.000682339 0.000553118 0.000445513 0.000356615 0.000283781 0.000224644 0.000177115 0.000139383 0.000109906 8.7404e-05 7.08445e-05 5.94347e-05 5.26222e-05 
6.38438e-05 6.58397e-05 7.31553e-05 8.61927e-05 0.000105618 0.000132383 0.000167739 0.00021325 0.000270804 0.000342623 0.000431275 0.000539671 0.000671065 0.000829032 0.00101745 0.00124045 0.00150236 0.00180765 0.00216084 0.00256637 0.00302854 0.00355131 0.00413823 0.00479225 0.0055156 0.00630965 0.00717472 0.00811004 0.00911359 0.010182 0.0113107 0.0124934 0.0137228 0.0149901 0.0162852 0.0175969 0.0189132 0.020221 0.0215069 0.0227569 0.0239571 0.0250935 0.0261526 0.0271217 0.0279885 0.0287423 0.0293734 0.0298738 0.0302368 0.0304579 0.030534 0.0304644 0.0302498 0.0298931 0.0293991 0.0287742 0.0280265 0.0271656 0.0262023 0.0251486 0.0240174 0.0228221 0.0215766 0.0202949 0.0189907 0.0176775 0.0163684 0.0150753 0.0138095 0.0125809 0.0113983 0.0102692 0.00919965 0.00819442 0.00725686 0.00638902 0.00559175 0.00486476 0.00420676 0.0036156 0.0030884 0.00262169 0.00221156 0.00185381 0.00154403 0.00127777 0.00105062 0.000858269 0.000696619 0.000561813 0.000450284 0.000358782 0.000284386 0.000224516 0.00017693 0.000139715 0.000111279 9.03397e-05 7.59085e-05 6.72978e-05 
8.16356e-05 8.41989e-05 9.35048e-05 0.000110057 0.000134687 0.000168584 0.000213308 0.000270804 0.000343415 0.000433896 0.000545422 0.000681585 0.000846385 0.00104421 0.0012798 0.00155819 0.00188464 0.00226456 0.00270337 0.00320641 0.00377878 0.00442517 0.00514971 0.00595581 0.00684595 0.00782153 0.00888272 0.0100283 0.0112556 0.0125603 0.0139366 0.0153767 0.0168715 0.0184103 0.0199808 0.0215695 0.0231617 0.0247418 0.0262938 0.0278009 0.0292464 0.0306139 0.0318874 0.0330515 0.0340922 0.0349966 0.0357533 0.0363528 0.0367876 0.0370519 0.0371426 0.0370583 0.0368004 0.0363721 0.0357789 0.0350285 0.0341303 0.0330957 0.0319375 0.0306698 0.0293079 0.0278677 0.0263656 0.0248183 0.0232424 0.021654 0.0200686 0.0185008 0.0169641 0.0154707 0.0140313 0.0126552 0.0113498 0.0101212 0.00897367 0.0079099 0.00693119 0.00603741 0.00522724 0.00449827 0.00384718 0.00326992 0.00276187 0.00231803 0.00193313 0.0016018 0.00131871 0.00107864 0.000876591 0.000707852 0.000568051 0.000453194 0.000359685 0.000284339 0.000224379 0.000177438 0.000141537 0.000115083 9.68473e-05 8.59727e-05 
0.000104 0.000107277 0.000119069 0.000140004 0.000171117 0.000213889 0.000270254 0.000342623 0.000433896 0.000547475 0.00068727 0.000857694 0.00106365 0.00131051 0.00160403 0.00195033 0.00235579 0.0028269 0.00337017 0.00399198 0.00469834 0.00549478 0.00638609 0.00737615 0.00846769 0.00966213 0.0109594 0.0123576 0.0138533 0.015441 0.0171132 0.0188606 0.0206717 0.0225336 0.0244314 0.0263486 0.0282678 0.0301703 0.0320366 0.0338472 0.0355821 0.0372218 0.0387474 0.0401411 0.041386 0.0424671 0.0433712 0.044087 0.0446057 0.0449207 0.0450283 0.0449269 0.0446181 0.0441056 0.043396 0.0424981 0.0414232 0.0401845 0.038797 0.0372773 0.0356435 0.0339144 0.0321094 0.0302483 0.0283507 0.0264361 0.0245228 0.0226286 0.0207696 0.0189606 0.0172147 0.0155433 0.0139556 0.0124592 0.0110594 0.00975994 0.00856259 0.00746751 0.00647337 0.00557752 0.00477615 0.00406458 0.00343738 0.00288861 0.002412 0.00200111 0.00164952 0.00135092 0.00109925 0.000888759 0.000714126 0.000570454 0.00045333 0.000358836 0.00028355 0.000224547 0.000179382 0.000146079 0.000123115 0.000109429 
0.000131816 0.000135981 0.000150844 0.000177185 0.000216286 0.000269977 0.000340649 0.000431275 0.000545422 0.00068727 0.000861609 0.00107384 0.00132993 0.0016364 0.00200026 0.00242887 0.00292991 0.00351116 0.00418038 0.00494511 0.00581245 0.00678882 0.00787976 0.00908963 0.0104214 0.0118764 0.0134542 0.0151521 0.0169657 0.0188878 0.0209093 0.0230186 0.0252018 0.027443 0.0297244 0.0320262 0.0343275 0.0366061 0.0388389 0.0410026 0.0430739 0.0450297 0.0468479 0.0485074 0.0499887 0.0512743 0.0523487 0.0531989 0.0538145 0.0541881 0.0543151 0.0541939 0.0538261 0.0532163 0.052372 0.0513035 0.0500239 0.0485487 0.0468953 0.0450833 0.0431337 0.0410686 0.0389109 0.036684 0.0344111 0.0321151 0.0298181 0.0275411 0.0253037 0.0231236 0.0210168 0.018997 0.0170756 0.0152621 0.0135632 0.0119837 0.0105262 0.00919116 0.00797733 0.00688184 0.00590041 0.00502761 0.00425714 0.00358198 0.00299471 0.00248768 0.00205317 0.0016836 0.00137166 0.00111039 0.000893326 0.000714499 0.000568523 0.000450603 0.000356543 0.000282748 0.000226209 0.000184492 0.000155719 0.000138579 
0.000166091 0.000171351 0.000189972 0.000222917 0.000271765 0.000338765 0.000426853 0.000539671 0.000681585 0.000857694 0.00107384 0.00133656 0.00165312 0.00203138 0.00247977 0.00300714 0.00362265 0.00433557 0.00515508 0.00609004 0.00714875 0.00833865 0.00966601 0.0111357 0.0127509 0.0145128 0.0164202 0.0184698 0.0206555 0.0229686 0.0253975 0.0279282 0.0305439 0.0332254 0.0359511 0.0386977 0.0414402 0.0441523 0.0468069 0.0493766 0.051834 0.0541522 0.0563054 0.0582691 0.0600208 0.0615399 0.0628087 0.0638121 0.0645382 0.0649784 0.0651274 0.0649835 0.0645484 0.0638275 0.0628293 0.061566 0.0600525 0.0583068 0.0563491 0.0542021 0.0518902 0.0494393 0.0468761 0.0442279 0.0415222 0.0387859 0.0360451 0.0333248 0.0306483 0.0280368 0.0255097 0.0230834 0.0207722 0.0185875 0.0165378 0.0146293 0.0128655 0.0112475 0.00977414 0.00844236 0.00724741 0.00618309 0.0052421 0.00441628 0.00369687 0.0030748 0.00254092 0.00208616 0.00170175 0.00137933 0.00111107 0.00088977 0.000708885 0.000562581 0.000445743 0.00035398 0.000283612 0.000231657 0.000195812 0.00017447 
0.000207968 0.000214565 0.000237746 0.000278688 0.000339326 0.000422406 0.000531507 0.000671065 0.000846385 0.00106365 0.00132993 0.00165312 0.00204195 0.00250586 0.00305493 0.0036997 0.00445105 0.00531991 0.00631708 0.0074529 0.00873697 0.0101778 0.0117825 0.0135564 0.0155027 0.0176223 0.0199134 0.0223714 0.0249884 0.0277537 0.0306531 0.0336694 0.0367824 0.0399691 0.043204 0.0464594 0.0497057 0.052912 0.0560467 0.0590778 0.0619734 0.0647023 0.0672347 0.0695424 0.0715993 0.073382 0.07487 0.0760461 0.0768966 0.0774118 0.0775855 0.0774158 0.0769048 0.0760585 0.0748869 0.0734036 0.071626 0.0695744 0.0672724 0.0647461 0.0620235 0.0591346 0.0561104 0.0529827 0.0497835 0.0465442 0.0432958 0.0400674 0.0368868 0.0337793 0.0307679 0.0278725 0.0251104 0.0224955 0.0200386 0.0177474 0.0156267 0.0136782 0.0119011 0.0102924 0.00884662 0.00755695 0.00641495 0.00541117 0.00453539 0.00377697 0.00312509 0.00256899 0.00209822 0.0017028 0.00137335 0.00110119 0.000878439 0.000698045 0.000553815 0.000440417 0.000353381 0.000289077 0.000244698 0.000218286 
0.000258722 0.000266937 0.000295603 0.000346152 0.000420933 0.000523277 0.000657523 0.000829032 0.00104421 0.00131051 0.0016364 0.00203138 0.00250586 0.0030711 0.00373905 0.00452219 0.00543333 0.00648528 0.00769062 0.00906133 0.0106084 0.0123415 0.0142685 0.0163952 0.0187249 0.0212578 0.0239912 0.0269188 0.030031 0.0333143 0.0367514 0.0403218 0.0440011 0.047762 0.0515744 0.0554056 0.0592211 0.0629849 0.0666603 0.07021 0.0735975 0.0767868 0.0797438 0.082436 0.0848339 0.0869107 0.0886431 0.0900115 0.0910006 0.0915991 0.0918003 0.0916019 0.0910062 0.0900201 0.088655 0.0869262 0.0848536 0.0824603 0.0797732 0.0768219 0.0736387 0.0702579 0.0667153 0.0630475 0.0592915 0.0554839 0.0516607 0.0478561 0.0441027 0.0404304 0.0368664 0.0334348 0.0301562 0.0270476 0.0241223 0.0213902 0.0188573 0.0165264 0.0143973 0.0124667 0.0107291 0.00917661 0.00779972 0.00658759 0.0055284 0.00460974 0.00381893 0.0031433 0.00257051 0.00208869 0.00168669 0.00135413 0.00108159 0.000860592 0.00068369 0.000544458 0.000437496 0.000358417 0.000303826 0.000271348 
0.000319755 0.000329914 0.000365125 0.00042712 0.000518731 0.000643974 0.000808066 0.00101745 0.0012798 0.00160403 0.00200026 0.00247977 0.00305493 0.00373905 0.00454622 0.0054911 0.00658863 0.00785375 0.00930097 0.010944 0.0127954 0.014866 0.0171645 0.0196968 0.0224662 0.0254722 0.0287108 0.032174 0.0358493 0.0397204 0.0437666 0.047963 0.0522808 0.0566879 0.0611488 0.0656254 0.0700776 0.0744638 0.0787416 0.0828685 0.0868023 0.0905023 0.0939294 0.097047 0.0998216 0.102223 0.104225 0.105805 0.106947 0.107637 0.107868 0.107638 0.106949 0.105809 0.10423 0.102231 0.0998322 0.0970612 0.0939478 0.0905257 0.0868315 0.0829042 0.0787847 0.0745148 0.070137 0.0656936 0.061226 0.0567743 0.0523762 0.0480669 0.0438787 0.0398398 0.0359751 0.0323051 0.0288461 0.0256102 0.0226056 0.0198363 0.0173025 0.0150014 0.0129269 0.0110705 0.00942143 0.00796742 0.00669489 0.00558948 0.00463644 0.00382099 0.00312863 0.00254539 0.00205806 0.00165437 0.00132308 0.00105411 0.000838549 0.00066871 0.000538118 0.000441504 0.000374785 0.000335108 
0.000392588 0.000405063 0.000448024 0.000523549 0.000635032 0.000787279 0.000986523 0.00124045 0.00155819 0.00195033 0.00242887 0.00300714 0.0036997 0.00452219 0.0054911 0.00662349 0.00793672 0.00944797 0.0111739 0.0131302 0.0153308 0.0177878 0.0205106 0.0235054 0.0267749 0.0303179 0.0341286 0.0381966 0.0425067 0.047039 0.0517685 0.0566658 0.0616969 0.0668241 0.0720062 0.0771991 0.0823565 0.0874307 0.0923731 0.0971354 0.10167 0.10593 0.109873 0.113456 0.116642 0.119398 0.121694 0.123505 0.124813 0.125603 0.125867 0.125602 0.124811 0.123503 0.121691 0.119396 0.116641 0.113457 0.109877 0.105939 0.101684 0.0971555 0.0924004 0.087466 0.0824008 0.077253 0.0720703 0.0668987 0.061782 0.0567612 0.051874 0.0471538 0.04263 0.0383272 0.0342653 0.0304593 0.0269195 0.0236515 0.0206567 0.0179324 0.0154724 0.0132675 0.0113056 0.00957311 0.00805441 0.0067331 0.00559217 0.00461446 0.00378309 0.00308171 0.00249484 0.002008 0.00160795 0.00128273 0.00102179 0.000815969 0.000657569 0.000540302 0.000459295 0.000411138 
0.000478846 0.000494058 0.000546124 0.00063752 0.000772287 0.000956134 0.00119646 0.00150236 0.00188464 0.00235579 0.00292991 0.00362265 0.00445105 0.00543333 0.00658863 0.00793672 0.00949752 0.0112907 0.0133353 0.0156487 0.0182468 0.0211426 0.0243461 0.0278637 0.0316974 0.0358445 0.0402974 0.0450428 0.0500621 0.0553313 0.0608206 0.0664954 0.0723159 0.0782382 0.0842148 0.090195 0.0961257 0.101953 0.107621 0.113076 0.118264 0.123133 0.127634 0.131721 0.135353 0.138491 0.141104 0.143164 0.144651 0.145548 0.145847 0.145545 0.144644 0.143155 0.141092 0.138478 0.135339 0.131708 0.127622 0.123124 0.118259 0.113077 0.107629 0.101968 0.0961507 0.0902303 0.0842613 0.0782965 0.0723863 0.066578 0.0609153 0.0554375 0.0501791 0.0451694 0.0404324 0.0359865 0.0318447 0.0280146 0.0244987 0.0212952 0.0183976 0.0157962 0.0134779 0.0114272 0.00962671 0.00805778 0.00670092 0.00553639 0.00454465 0.00370675 0.00300463 0.00242137 0.00194144 0.00155078 0.00123696 0.000989179 0.000798306 0.0006569 0.000559185 0.000501116 
0.000580237 0.000598658 0.00066134 0.000771212 0.00093305 0.00115359 0.00144156 0.00180765 0.00226456 0.0028269 0.00351116 0.00433557 0.00531991 0.00648528 0.00785375 0.00944797 0.0112907 0.0134044 0.0158102 0.0185278 0.0215746 0.0249646 0.0287084 0.032812 0.0372766 0.0420978 0.0472654 0.0527628 0.0585676 0.0646509 0.0709775 0.0775069 0.084193 0.0909851 0.0978286 0.104666 0.111436 0.118079 0.124532 0.130735 0.136626 0.142149 0.14725 0.151877 0.155984 0.159531 0.162483 0.164809 0.166486 0.167498 0.167834 0.167492 0.166474 0.164791 0.16246 0.159505 0.155955 0.151846 0.147218 0.142119 0.136599 0.130712 0.124516 0.118071 0.111438 0.104678 0.0978527 0.0910222 0.0842439 0.0775719 0.0710568 0.064744 0.0586741 0.0528816 0.0473952 0.0422371 0.0374237 0.032965 0.0288653 0.0251233 0.0217332 0.0186844 0.0159629 0.0135517 0.0114312 0.00958052 0.00797744 0.00659946 0.00542417 0.0044297 0.00359516 0.00290094 0.00232892 0.00186272 0.00148777 0.00119139 0.000962882 0.000793477 0.000676374 0.000606803 
0.000698526 0.00072068 0.000795643 0.000926859 0.00111993 0.00138277 0.00172557 0.00216084 0.00270337 0.00337017 0.00418038 0.00515508 0.00631708 0.00769062 0.00930097 0.0111739 0.0133353 0.0158102 0.0186224 0.0217938 0.025343 0.0292852 0.0336312 0.0383864 0.0435508 0.0491177 0.055074 0.0613993 0.0680664 0.0750411 0.0822822 0.0897425 0.097369 0.105104 0.112884 0.120645 0.128319 0.135837 0.14313 0.150131 0.156772 0.162991 0.168727 0.173926 0.178538 0.182517 0.185825 0.188431 0.190309 0.191441 0.191817 0.191432 0.190291 0.188404 0.185791 0.182476 0.178491 0.173876 0.168674 0.162937 0.15672 0.150082 0.143087 0.135801 0.128292 0.120629 0.112881 0.105115 0.0973955 0.0897851 0.0823412 0.0751164 0.0681578 0.0615058 0.0551944 0.0492506 0.0436943 0.0385386 0.0337897 0.0294479 0.0255076 0.021958 0.0187843 0.0159676 0.0134866 0.0113177 0.00943608 0.0078161 0.00643229 0.00525963 0.00427413 0.00345316 0.0027758 0.00222303 0.00177792 0.00142571 0.00115391 0.000952268 0.000812831 0.000730016 
0.000835499 0.000861962 0.000951025 0.00110671 0.00133556 0.00164677 0.0020522 0.00256637 0.00320641 0.00399198 0.00494511 0.00609004 0.0074529 0.00906133 0.010944 0.0131302 0.0156487 0.0185278 0.0217938 0.0254703 0.0295778 0.034132 0.0391437 0.0446176 0.0505518 0.0569369 0.0637562 0.070985 0.0785907 0.086533 0.094764 0.103229 0.111868 0.120615 0.129398 0.138146 0.146782 0.155229 0.163412 0.171256 0.178688 0.185638 0.192043 0.197842 0.20298 0.20741 0.211091 0.213989 0.216076 0.217333 0.21775 0.217321 0.216051 0.213953 0.211044 0.207354 0.202915 0.19777 0.191966 0.185559 0.178607 0.171177 0.163338 0.155161 0.146722 0.138098 0.129363 0.120595 0.111865 0.103244 0.0947975 0.0865854 0.078662 0.0710746 0.0638629 0.0570592 0.0506879 0.0447655 0.039301 0.0342961 0.0297462 0.0256405 0.0219633 0.0186944 0.0158102 0.0132848 0.0110904 0.00919811 0.00757923 0.00620531 0.00504897 0.00408433 0.00328735 0.00263612 0.0021111 0.00169522 0.00137399 0.00113552 0.000970548 0.000872595 
0.000992926 0.00102432 0.00112945 0.00131298 0.00158249 0.00194861 0.00242505 0.00302854 0.00377878 0.00469834 0.00581245 0.00714875 0.00873697 0.0106084 0.0127954 0.0153308 0.0182468 0.0215746 0.025343 0.0295778 0.0343005 0.0395277 0.0452696 0.0515296 0.0583035 0.065579 0.0733349 0.0815413 0.0901598 0.0991431 0.108436 0.117977 0.127695 0.137518 0.147366 0.157156 0.166806 0.176231 0.185347 0.194073 0.20233 0.210042 0.21714 0.22356 0.229243 0.23414 0.238205 0.241403 0.243705 0.245091 0.245549 0.245075 0.243673 0.241356 0.238144 0.234066 0.229158 0.223465 0.217038 0.209934 0.202219 0.193962 0.185239 0.176128 0.166711 0.157071 0.147294 0.137463 0.127658 0.117959 0.108439 0.0991676 0.090206 0.0816089 0.073423 0.0656863 0.0584282 0.0516694 0.0454221 0.0396902 0.0344702 0.0297517 0.0255184 0.0217488 0.0184174 0.0154956 0.0129526 0.0107563 0.00887441 0.00727488 0.00592668 0.00480039 0.00386859 0.00310622 0.00249087 0.00200292 0.00162567 0.00134542 0.00115148 0.00103635 
0.00117251 0.00120951 0.00133281 0.00154779 0.00186315 0.00229114 0.00284747 0.00355131 0.00442517 0.00549478 0.00678882 0.00833865 0.0101778 0.0123415 0.014866 0.0177878 0.0211426 0.0249646 0.0292852 0.034132 0.0395277 0.0454889 0.0520251 0.0591382 0.066821 0.0750572 0.0838208 0.0930763 0.102778 0.112872 0.123295 0.133975 0.144835 0.155791 0.166756 0.177639 0.188348 0.19879 0.208874 0.218513 0.22762 0.236116 0.243926 0.250982 0.257223 0.262595 0.267051 0.270555 0.273075 0.274593 0.275093 0.274573 0.273037 0.270498 0.266977 0.262504 0.257118 0.250864 0.243797 0.235978 0.227477 0.218367 0.208729 0.198648 0.188212 0.177514 0.166644 0.155696 0.144758 0.133919 0.123262 0.112863 0.102794 0.0931169 0.0838855 0.0751447 0.0669297 0.0592659 0.0521692 0.0456464 0.0396957 0.0343072 0.0294645 0.0251449 0.021321 0.0179618 0.0150333 0.0125001 0.0103262 0.00847562 0.00691356 0.00560675 0.00452414 0.00363726 0.00292055 0.00235162 0.00191136 0.00158408 0.00135751 0.00122304 
0.00137584 0.00141916 0.00156285 0.00181307 0.00217978 0.00267695 0.00332249 0.00413823 0.00514971 0.00638609 0.00787976 0.00966601 0.0117825 0.0142685 0.0171645 0.0205106 0.0243461 0.0287084 0.0336312 0.0391437 0.0452696 0.0520251 0.0594189 0.0674501 0.0761084 0.0853729 0.095212 0.105584 0.116435 0.127703 0.139315 0.151193 0.163248 0.175387 0.187515 0.19953 0.211333 0.222822 0.233901 0.244473 0.254449 0.263742 0.272275 0.279975 0.286779 0.292629 0.297479 0.30129 0.30403 0.305679 0.306222 0.305656 0.303985 0.301223 0.297392 0.292522 0.286653 0.279833 0.272119 0.263575 0.254272 0.244291 0.233717 0.22264 0.211155 0.199362 0.187359 0.175248 0.163128 0.151095 0.139242 0.127656 0.116415 0.105592 0.0952482 0.0854359 0.0761966 0.0675614 0.0595505 0.0521742 0.0454327 0.0393174 0.033812 0.0288928 0.0245308 0.0206925 0.017341 0.0144372 0.0119414 0.00981369 0.008015 0.00650811 0.00525806 0.00423269 0.0034031 0.00274386 0.00223326 0.00185342 0.00159037 0.00143428 
0.00160433 0.00165472 0.00182112 0.00211054 0.00253431 0.00310825 0.00385268 0.00479225 0.00595581 0.00737615 0.00908963 0.0111357 0.0135564 0.0163952 0.0196968 0.0235054 0.0278637 0.032812 0.0383864 0.0446176 0.0515296 0.0591382 0.0674501 0.0764619 0.0861588 0.0965149 0.107492 0.119041 0.131101 0.143599 0.156455 0.169579 0.182874 0.196237 0.209561 0.222739 0.23566 0.248217 0.260306 0.271823 0.282674 0.29277 0.302027 0.31037 0.317735 0.324062 0.329303 0.333418 0.336376 0.338154 0.33874 0.338128 0.336325 0.333342 0.329203 0.323938 0.31759 0.310205 0.301844 0.292572 0.282465 0.271605 0.260083 0.247993 0.235439 0.222525 0.209359 0.196051 0.182707 0.169436 0.156338 0.14351 0.131041 0.119013 0.107495 0.0965484 0.0862218 0.0765522 0.0675652 0.0592749 0.0516844 0.0447868 0.0385661 0.0329983 0.0280528 0.0236938 0.0198815 0.0165732 0.0137254 0.0112938 0.00923524 0.00750822 0.00607363 0.0048954 0.00394102 0.00318181 0.00259326 0.00215513 0.00185159 0.00167151 
0.00185916 0.00191739 0.0021089 0.00244161 0.00292828 0.0035868 0.00444 0.0055156 0.00684595 0.00846769 0.0104214 0.0127509 0.0155027 0.0187249 0.0224662 0.0267749 0.0316974 0.0372766 0.0435508 0.0505518 0.0583035 0.066821 0.0761084 0.0861588 0.0969527 0.108458 0.12063 0.133411 0.14673 0.160507 0.174651 0.189061 0.203629 0.218244 0.23279 0.247148 0.261202 0.274836 0.287937 0.300401 0.312125 0.323017 0.33299 0.341969 0.349886 0.356681 0.362305 0.366717 0.369887 0.371792 0.372419 0.371764 0.36983 0.366632 0.362192 0.356542 0.349722 0.341782 0.332782 0.32279 0.311883 0.300147 0.287676 0.27457 0.260937 0.246888 0.23254 0.218009 0.203413 0.188867 0.174485 0.160371 0.146626 0.133341 0.120595 0.108458 0.0969859 0.0862238 0.0762027 0.0669414 0.0584465 0.0507132 0.0437265 0.0374623 0.0318889 0.0269682 0.0226576 0.0189112 0.015681 0.0129189 0.0105771 0.0086097 0.00697324 0.00562753 0.00453621 0.00366717 0.00299287 0.00249057 0.00214243 0.00193593 
0.00214122 0.00220809 0.00242715 0.00280727 0.00336281 0.00411377 0.00508574 0.00630965 0.00782153 0.00966213 0.0118764 0.0145128 0.0176223 0.0212578 0.0254722 0.0303179 0.0358445 0.0420978 0.0491177 0.0569369 0.065579 0.0750572 0.0853729 0.0965149 0.108458 0.121164 0.134579 0.148638 0.16326 0.178354 0.193818 0.209542 0.225408 0.241293 0.257071 0.272617 0.287805 0.302511 0.31662 0.330018 0.342601 0.354274 0.364948 0.374545 0.382997 0.390245 0.396238 0.400937 0.404311 0.406338 0.407004 0.406307 0.404249 0.400844 0.396115 0.390092 0.382817 0.374339 0.364717 0.354021 0.342329 0.32973 0.31632 0.302205 0.287495 0.27231 0.256773 0.241007 0.22514 0.209297 0.193601 0.178167 0.163108 0.148522 0.134502 0.121125 0.108457 0.0965502 0.0854422 0.0751574 0.0657063 0.0570872 0.0492864 0.0422803 0.0360362 0.0305142 0.025669 0.0214512 0.0178091 0.01469 0.0120418 0.00981383 0.00795819 0.00643034 0.00518988 0.00420106 0.00343314 0.00286071 0.00246383 0.00222844 
0.00245104 0.00252736 0.00277639 0.00320808 0.00383841 0.00468969 0.00579034 0.00717472 0.00888272 0.0109594 0.0134542 0.0164202 0.0199134 0.0239912 0.0287108 0.0341286 0.0402974 0.0472654 0.055074 0.0637562 0.0733349 0.0838208 0.095212 0.107492 0.12063 0.134579 0.149278 0.164651 0.180608 0.197046 0.213854 0.230909 0.248083 0.265243 0.282254 0.298982 0.315292 0.331056 0.346152 0.360463 0.373882 0.38631 0.397659 0.407849 0.416813 0.424491 0.430835 0.435806 0.439373 0.441515 0.442219 0.441482 0.439307 0.435707 0.430704 0.424328 0.416619 0.407626 0.397408 0.386034 0.373583 0.360145 0.345818 0.330711 0.31494 0.298629 0.281907 0.264907 0.247763 0.230611 0.213583 0.196808 0.180405 0.164487 0.149155 0.134498 0.120591 0.107494 0.0952524 0.0838969 0.073443 0.063892 0.0552326 0.0474419 0.0404867 0.0343258 0.0289112 0.0241903 0.0201076 0.0166059 0.0136286 0.0111204 0.00902854 0.00730408 0.0059024 0.00478392 0.00391457 0.00326608 0.00281629 0.00254956 
0.00278874 0.0028753 0.00315672 0.00364405 0.00435501 0.0053143 0.00655334 0.00811004 0.0100283 0.0123576 0.0151521 0.0184698 0.0223714 0.0269188 0.032174 0.0381966 0.0450428 0.0527628 0.0613993 0.070985 0.0815413 0.0930763 0.105584 0.119041 0.133411 0.148638 0.164651 0.181365 0.198678 0.216477 0.234639 0.253029 0.27151 0.289938 0.308168 0.326059 0.343469 0.360264 0.376317 0.391508 0.405727 0.418876 0.430865 0.441615 0.45106 0.459142 0.465813 0.471037 0.474783 0.477032 0.477771 0.476997 0.474714 0.470934 0.465676 0.458971 0.450856 0.441379 0.430598 0.41858 0.405405 0.391162 0.375951 0.359883 0.343078 0.325663 0.307774 0.289551 0.271138 0.252678 0.234314 0.216184 0.198421 0.181149 0.164479 0.148511 0.133329 0.119005 0.105591 0.0931246 0.0816266 0.0711029 0.0615449 0.0529307 0.0452274 0.0383926 0.0323762 0.0271223 0.0225717 0.0186631 0.015335 0.0125275 0.010183 0.00824788 0.00667322 0.00541546 0.004437 0.00370665 0.00319988 0.00289939 
0.00315398 0.00325155 0.00356769 0.0041146 0.00491181 0.00598651 0.00737325 0.00911359 0.0112556 0.0138533 0.0169657 0.0206555 0.0249884 0.030031 0.0358493 0.0425067 0.0500621 0.0585676 0.0680664 0.0785907 0.0901598 0.102778 0.116435 0.131101 0.14673 0.16326 0.180608 0.198678 0.217358 0.236522 0.256036 0.275754 0.295528 0.315203 0.334628 0.353651 0.372125 0.389912 0.406881 0.422909 0.437885 0.451711 0.464297 0.475568 0.485457 0.49391 0.500881 0.506334 0.510243 0.512589 0.513361 0.512554 0.510173 0.506229 0.50074 0.493734 0.485246 0.475323 0.464018 0.4514 0.437544 0.42254 0.406488 0.3895 0.371698 0.353215 0.33419 0.314769 0.295105 0.27535 0.255656 0.236174 0.217047 0.198409 0.180384 0.163084 0.146604 0.131024 0.116406 0.102795 0.0902189 0.0786876 0.0681958 0.058724 0.0502396 0.0426994 0.0360515 0.0302372 0.0251937 0.0208553 0.0171562 0.0140314 0.0114187 0.00925963 0.00750078 0.0060945 0.00499959 0.00418179 0.00361412 0.00327755 
0.0035459 0.00365521 0.00400829 0.0046185 0.00550727 0.00670434 0.00824748 0.010182 0.0125603 0.015441 0.0188878 0.0229686 0.0277537 0.0333143 0.0397204 0.047039 0.0553313 0.0646509 0.0750411 0.086533 0.0991431 0.112872 0.127703 0.143599 0.160507 0.178354 0.197046 0.216477 0.236522 0.257045 0.277897 0.298923 0.319962 0.340854 0.361435 0.381548 0.401041 0.419771 0.437603 0.454416 0.470097 0.484548 0.497683 0.509427 0.519718 0.528504 0.535743 0.541402 0.545456 0.547889 0.548689 0.547854 0.545387 0.541298 0.535603 0.528328 0.519505 0.509178 0.497397 0.484227 0.469742 0.45403 0.437189 0.419332 0.400583 0.381076 0.360956 0.340375 0.319491 0.298467 0.277464 0.256642 0.236156 0.216154 0.19677 0.178127 0.160334 0.143479 0.127635 0.112855 0.099173 0.0866057 0.0751514 0.0647931 0.0554991 0.0472262 0.0399206 0.0335215 0.0279624 0.0231738 0.0190851 0.0156267 0.0127313 0.0103359 0.00838242 0.006819 0.00560074 0.00469023 0.00405797 0.00368314 
0.00396309 0.00408484 0.00447689 0.00515383 0.00613902 0.00746484 0.00917233 0.0113107 0.0139366 0.0171132 0.0209093 0.0253975 0.0306531 0.0367514 0.0437666 0.0517685 0.0608206 0.0709775 0.0822822 0.094764 0.108436 0.123295 0.139315 0.156455 0.174651 0.193818 0.213854 0.234639 0.256036 0.277897 0.300061 0.322363 0.344631 0.366695 0.388384 0.409535 0.429991 0.449605 0.468241 0.485777 0.502103 0.517121 0.530749 0.542916 0.553563 0.562642 0.570115 0.575951 0.580131 0.582637 0.583463 0.582604 0.580063 0.575849 0.569977 0.562468 0.553352 0.542668 0.530463 0.516796 0.501741 0.48538 0.467811 0.449145 0.429507 0.409033 0.38787 0.366176 0.344116 0.321859 0.299577 0.27744 0.255615 0.23426 0.213524 0.19354 0.174428 0.156289 0.139206 0.12324 0.108434 0.0948099 0.0823709 0.071103 0.0609765 0.051948 0.0439629 0.0369581 0.0308639 0.025607 0.0211124 0.0173057 0.0141149 0.011472 0.00931436 0.00758596 0.00623806 0.00523002 0.00452978 0.00411467 
0.00440357 0.00453837 0.00497122 0.00571795 0.00680389 0.00826409 0.0101429 0.0124934 0.0153767 0.0188606 0.0230186 0.0279282 0.0336694 0.0403218 0.047963 0.0566658 0.0664954 0.0775069 0.0897425 0.103229 0.117977 0.133975 0.151193 0.169579 0.189061 0.209542 0.230909 0.253029 0.275754 0.298923 0.322363 0.345897 0.369346 0.392528 0.415267 0.437394 0.458747 0.479179 0.498552 0.516745 0.53365 0.549173 0.563234 0.575769 0.586721 0.59605 0.603719 0.609705 0.613989 0.616558 0.617404 0.616526 0.613925 0.609609 0.603588 0.595883 0.586518 0.575526 0.562952 0.54885 0.533287 0.516343 0.498113 0.478706 0.458245 0.436867 0.414723 0.391973 0.36879 0.345349 0.32183 0.298415 0.27528 0.252597 0.230525 0.209211 0.188787 0.169366 0.15104 0.133881 0.11794 0.103246 0.0898072 0.0776134 0.066637 0.0568355 0.0481536 0.0405262 0.0338809 0.0281407 0.0232264 0.019059 0.0155617 0.0126616 0.0102917 0.00839139 0.0069083 0.00579848 0.00502726 0.00457009 
0.00486478 0.00501317 0.00548838 0.0063075 0.00749785 0.00909717 0.0111532 0.0137228 0.0168715 0.0206717 0.0252018 0.0305439 0.0367824 0.0440011 0.0522808 0.0616969 0.0723159 0.084193 0.097369 0.111868 0.127695 0.144835 0.163248 0.182874 0.203629 0.225408 0.248083 0.27151 0.295528 0.319962 0.344631 0.369346 0.393916 0.418154 0.441877 0.46491 0.48709 0.508266 0.528303 0.547081 0.564495 0.580456 0.594888 0.607733 0.61894 0.628473 0.636302 0.642408 0.646774 0.649392 0.650256 0.649363 0.646716 0.642319 0.636181 0.628317 0.618748 0.607501 0.594616 0.580141 0.564138 0.546681 0.527862 0.507786 0.486574 0.464364 0.441308 0.41757 0.393325 0.368757 0.344054 0.319406 0.295003 0.271025 0.247646 0.225025 0.203305 0.182613 0.16305 0.144701 0.127623 0.111854 0.0974075 0.0842783 0.0724413 0.061855 0.0524639 0.0442017 0.0369932 0.0307582 0.0254134 0.0208754 0.0170625 0.0138974 0.0113082 0.00923034 0.0076074 0.00639221 0.00554747 0.00504674 
0.00534358 0.00550599 0.00602481 0.00691841 0.00821606 0.00995824 0.012196 0.0149901 0.0184103 0.0225336 0.027443 0.0332254 0.0399691 0.047762 0.0566879 0.0668241 0.0782382 0.0909851 0.105104 0.120615 0.137518 0.155791 0.175387 0.196237 0.218244 0.241293 0.265243 0.289938 0.315203 0.340854 0.366695 0.392528 0.418154 0.443378 0.468011 0.491875 0.514804 0.536648 0.557273 0.576561 0.594412 0.610742 0.625483 0.638579 0.649988 0.65968 0.667632 0.673827 0.678255 0.680909 0.681786 0.680884 0.678203 0.673748 0.667523 0.659539 0.649812 0.638363 0.625226 0.610442 0.594067 0.57617 0.556836 0.536168 0.514283 0.491318 0.467425 0.44277 0.417533 0.391903 0.366077 0.340253 0.31463 0.289403 0.264755 0.240858 0.21787 0.195927 0.175145 0.155615 0.137408 0.120567 0.105114 0.0910476 0.0783457 0.0669688 0.0568619 0.0479573 0.0401779 0.0334403 0.0276574 0.0227415 0.0186066 0.0151704 0.0123568 0.0100969 0.00833049 0.00700711 0.00608683 0.00554135 
0.00583625 0.00601301 0.00657635 0.00754589 0.0089529 0.0108405 0.0132631 0.0162852 0.0199808 0.0244314 0.0297244 0.0359511 0.043204 0.0515744 0.0611488 0.0720062 0.0842148 0.0978286 0.112884 0.129398 0.147366 0.166756 0.187515 0.209561 0.23279 0.257071 0.282254 0.308168 0.334628 0.361435 0.388384 0.415267 0.441877 0.468011 0.493476 0.518091 0.54169 0.564122 0.585257 0.60498 0.623195 0.639826 0.654811 0.668101 0.679661 0.689468 0.697505 0.70376 0.708229 0.710907 0.711793 0.710886 0.708186 0.703694 0.697411 0.689345 0.679505 0.667906 0.654575 0.639546 0.622868 0.604604 0.584831 0.563649 0.54117 0.51753 0.492879 0.467385 0.441231 0.414612 0.38773 0.360794 0.334011 0.307586 0.281717 0.256587 0.232366 0.209204 0.187226 0.166538 0.147217 0.129317 0.112866 0.0978669 0.0843029 0.0721361 0.0613123 0.051763 0.0434095 0.0361655 0.0299405 0.0246427 0.0201816 0.0164707 0.0134293 0.0109843 0.00907192 0.00763839 0.00664117 0.0060501 
0.00633856 0.00652986 0.00713824 0.00818456 0.00970202 0.0117364 0.0143452 0.0175969 0.0215695 0.0263486 0.0320262 0.0386977 0.0464594 0.0554056 0.0656254 0.0771991 0.090195 0.104666 0.120645 0.138146 0.157156 0.177639 0.19953 0.222739 0.247148 0.272617 0.298982 0.326059 0.353651 0.381548 0.409535 0.437394 0.46491 0.491875 0.518091 0.543376 0.567563 0.590504 0.61207 0.632152 0.650661 0.667527 0.682693 0.696122 0.707784 0.717664 0.72575 0.732039 0.736528 0.739219 0.74011 0.739202 0.736495 0.731986 0.725675 0.717562 0.707651 0.695953 0.682484 0.667272 0.650358 0.631797 0.611662 0.590043 0.567051 0.542816 0.517489 0.491238 0.464246 0.436715 0.408851 0.380871 0.352993 0.325433 0.298398 0.272086 0.246677 0.222334 0.199197 0.177379 0.15697 0.138031 0.120597 0.104679 0.0902625 0.077313 0.0657771 0.0555864 0.0466604 0.0389106 0.0322432 0.0265625 0.0217741 0.017787 0.0145163 0.0118849 0.0098253 0.00828061 0.00720571 0.00656861 
0.0068458 0.00705171 0.00770523 0.00882842 0.0104564 0.0126375 0.0154324 0.0189132 0.0231617 0.0282678 0.0343275 0.0414402 0.0497057 0.0592211 0.0700776 0.0823565 0.0961257 0.111436 0.128319 0.146782 0.166806 0.188348 0.211333 0.23566 0.261202 0.287805 0.315292 0.343469 0.372125 0.401041 0.429991 0.458747 0.48709 0.514804 0.54169 0.567563 0.592258 0.615628 0.63755 0.657919 0.676654 0.69369 0.708981 0.722495 0.734213 0.744126 0.75223 0.758526 0.763018 0.765709 0.766603 0.765698 0.762995 0.758488 0.752174 0.744047 0.734107 0.722355 0.708801 0.693465 0.676379 0.657591 0.637165 0.615186 0.59176 0.567011 0.541089 0.514162 0.486414 0.45805 0.429282 0.400334 0.371432 0.342803 0.314665 0.287228 0.260685 0.235211 0.210956 0.188046 0.166581 0.146632 0.128241 0.111424 0.0961719 0.0824535 0.0702167 0.059393 0.0499013 0.0416506 0.0345444 0.0284834 0.0233694 0.0191072 0.0156078 0.0127903 0.0105836 0.00892778 0.00777518 0.00709202 
0.00735284 0.00757328 0.00827159 0.00947103 0.0112086 0.013535 0.016514 0.020221 0.0247418 0.0301703 0.0366061 0.0441523 0.052912 0.0629849 0.0744638 0.0874307 0.101953 0.118079 0.135837 0.155229 0.176231 0.19879 0.222822 0.248217 0.274836 0.302511 0.331056 0.360264 0.389912 0.419771 0.449605 0.479179 0.508266 0.536648 0.564122 0.590504 0.615628 0.639353 0.661558 0.682146 0.701042 0.71819 0.733552 0.747105 0.758837 0.768747 0.776838 0.783119 0.787597 0.79028 0.791172 0.790275 0.787586 0.783098 0.776804 0.768694 0.758759 0.746996 0.733405 0.717999 0.7008 0.681849 0.661201 0.638935 0.615149 0.589966 0.563529 0.536006 0.507584 0.478468 0.448876 0.419038 0.389188 0.359562 0.330391 0.301893 0.274276 0.247725 0.222403 0.198448 0.175969 0.155045 0.135728 0.11804 0.101977 0.0875102 0.0745895 0.0631472 0.0531014 0.0443594 0.0368221 0.0303869 0.024952 0.0204183 0.0166931 0.0136916 0.0113394 0.00957344 0.00834385 0.00761506 
0.00785425 0.00808897 0.00883127 0.0101055 0.0119505 0.0144193 0.0175785 0.0215069 0.0262938 0.0320366 0.0388389 0.0468069 0.0560467 0.0666603 0.0787416 0.0923731 0.107621 0.124532 0.14313 0.163412 0.185347 0.208874 0.233901 0.260306 0.287937 0.31662 0.346152 0.376317 0.406881 0.437603 0.468241 0.498552 0.528303 0.557273 0.585257 0.61207 0.63755 0.661558 0.683979 0.704724 0.723724 0.740931 0.756316 0.769865 0.781574 0.79145 0.799504 0.80575 0.8102 0.812866 0.813754 0.812867 0.8102 0.805746 0.799492 0.791424 0.781527 0.769789 0.756205 0.740776 0.723518 0.704461 0.683655 0.661168 0.637094 0.61155 0.584676 0.556637 0.527621 0.497833 0.467498 0.436849 0.40613 0.375584 0.345451 0.315964 0.287338 0.259773 0.233442 0.208494 0.185049 0.163195 0.142992 0.124468 0.107624 0.0924349 0.0788535 0.0668124 0.0562293 0.0470101 0.0390533 0.0322537 0.0265057 0.021707 0.0177609 0.0145793 0.0120845 0.0102107 0.00890566 0.00813213 
