3.78156e-05 3.8822e-05 4.26493e-05 4.94871e-05 5.96468e-05 7.35744e-05 9.18544e-05 0.000115214 0.000144531 0.000180831 0.000225297 0.000279267 0.000344227 0.00042181 0.000513778 0.000622009 0.00074847 0.000895187 0.00106421 0.00125756 0.0014772 0.00172494 0.00200242 0.00231102 0.00265181 0.00302544 0.00343215 0.00387166 0.00434313 0.00484512 0.00537557 0.00593174 0.00651029 0.00710722 0.00771791 0.00833721 0.00895947 0.00957861 0.0101883 0.0107818 0.0113525 0.0118938 0.012399 0.012862 0.0132767 0.013638 0.013941 0.0141817 0.0143569 0.0144642 0.0145021 0.0144703 0.014369 0.0141998 0.0139649 0.0136676 0.0133117 0.012902 0.0124438 0.0119429 0.0114057 0.0108384 0.010248 0.00964089 0.00902381 0.00840311 0.00778485 0.00717468 0.00657778 0.00599875 0.00544163 0.00490981 0.00440603 0.00393241 0.00349043 0.00308097 0.00270437 0.00236044 0.00204857 0.00176775 0.00151664 0.00129366 0.00109702 0.000924806 0.000775021 0.000645644 0.000534667 0.000440138 0.000360187 0.000293056 0.000237111 0.000190859 0.000152953 0.0001222 9.75547e-05 7.8125e-05 6.31635e-05 5.2065e-05 4.4362e-05 3.97291e-05 
3.8822e-05 3.98593e-05 4.37961e-05 5.08276e-05 6.12742e-05 7.55946e-05 9.43899e-05 0.000118408 0.000148551 0.000185874 0.000231593 0.000287081 0.000353867 0.000433626 0.00052817 0.000639424 0.000769409 0.000920201 0.0010939 0.00129258 0.00151825 0.00177277 0.0020578 0.00237476 0.00272472 0.00310837 0.00352592 0.00397708 0.00446097 0.00497611 0.00552036 0.00609094 0.00668437 0.00729657 0.00792279 0.00855775 0.00919566 0.00983029 0.0104551 0.0110633 0.0116481 0.0122027 0.0127202 0.0131944 0.0136192 0.0139892 0.0142995 0.0145459 0.0147253 0.0148351 0.0148739 0.0148412 0.0147375 0.0145641 0.0143235 0.0140189 0.0136543 0.0132346 0.0127652 0.0122521 0.0117015 0.0111203 0.0105152 0.00989299 0.00926047 0.00862416 0.00799028 0.00736461 0.00675247 0.00615859 0.00558709 0.00504148 0.00452457 0.00403853 0.0035849 0.0031646 0.00277798 0.00242485 0.00210461 0.00181621 0.00155829 0.00132925 0.00112724 0.000950308 0.000796409 0.000663468 0.000549428 0.000452285 0.000370121 0.000301128 0.000243631 0.000196096 0.000157139 0.000125532 0.000100205 8.02375e-05 6.48628e-05 5.34586e-05 4.55443e-05 4.07853e-05 
4.26493e-05 4.37961e-05 4.81198e-05 5.58332e-05 6.72857e-05 8.2977e-05 0.000103561 0.000129853 0.000162831 0.000203643 0.000253606 0.00031421 0.000387109 0.000474116 0.000577185 0.000698395 0.000839917 0.00100399 0.00119285 0.00140874 0.00165379 0.00192997 0.00223906 0.00258254 0.00296153 0.00337673 0.00382832 0.00431594 0.0048386 0.00539466 0.00598179 0.00659694 0.00723636 0.00789562 0.00856961 0.00925265 0.0099385 0.0106205 0.0112916 0.0119447 0.0125723 0.0131672 0.0137222 0.0142306 0.0146859 0.0150823 0.0154146 0.0156785 0.0158704 0.0159879 0.0160293 0.0159941 0.0158828 0.0156969 0.0154389 0.0151123 0.0147214 0.0142713 0.0137678 0.0132173 0.0126265 0.0120025 0.0113527 0.0106843 0.0100046 0.00932043 0.0086386 0.00796528 0.00730618 0.00666641 0.00605042 0.005462 0.00490422 0.00437945 0.00388938 0.00343504 0.00301685 0.00263466 0.00228784 0.00197531 0.00169565 0.00144714 0.00122782 0.00103561 0.000868325 0.000723731 0.00059962 0.000493836 0.000404312 0.000329098 0.000266381 0.000214503 0.000171967 0.00013744 0.000109761 8.79314e-05 7.11182e-05 5.8645e-05 4.99893e-05 4.47872e-05 
4.94871e-05 5.08276e-05 5.58332e-05 6.47474e-05 7.79696e-05 9.60701e-05 0.000119795 0.000150071 0.000188012 0.000234922 0.000292294 0.000361814 0.000445353 0.000544954 0.000662817 0.000801275 0.000962763 0.00114978 0.00136482 0.00161036 0.00188876 0.0022022 0.0025526 0.00294157 0.0033703 0.00383948 0.00434927 0.00489915 0.00548796 0.00611378 0.00677392 0.00746491 0.00818251 0.00892171 0.00967678 0.0104414 0.0112085 0.0119707 0.0127202 0.0134491 0.0141491 0.0148123 0.0154306 0.0159967 0.0165035 0.0169444 0.017314 0.0176073 0.0178205 0.0179508 0.0179966 0.0179571 0.017833 0.0176259 0.0173386 0.0169749 0.0165395 0.0160381 0.015477 0.0148633 0.0142045 0.0135083 0.0127829 0.0120363 0.0112765 0.0105113 0.00974811 0.00899391 0.00825505 0.00753727 0.00684559 0.00618429 0.00555686 0.00496601 0.00441372 0.0039012 0.003429 0.00299703 0.00260464 0.0022507 0.00193366 0.00165165 0.00140252 0.00118396 0.000993542 0.000828793 0.000687241 0.000566473 0.000464168 0.000378133 0.000306327 0.000246876 0.000198088 0.000158454 0.000126656 0.000101561 8.22231e-05 6.78718e-05 5.79127e-05 5.19316e-05 
5.96468e-05 6.12742e-05 6.72857e-05 7.79696e-05 9.37977e-05 0.000115443 0.000143785 0.000179914 0.000225138 0.000280986 0.000349208 0.000431773 0.000530859 0.000648845 0.00078828 0.000951865 0.00114241 0.00136277 0.00161582 0.00190438 0.00223112 0.00259849 0.00300864 0.00346333 0.00396385 0.00451089 0.00510451 0.00574403 0.00642797 0.00715402 0.00791899 0.00871879 0.00954845 0.0104022 0.0112733 0.0121545 0.0130378 0.0139146 0.0147761 0.0156131 0.0164164 0.0171768 0.0178854 0.0185337 0.0191137 0.0196181 0.0200406 0.0203757 0.0206192 0.0207679 0.0208197 0.0207742 0.0206319 0.0203946 0.0200656 0.019649 0.0191504 0.0185759 0.0179328 0.0172291 0.0164732 0.015674 0.0148406 0.0139823 0.0131082 0.0122272 0.0113477 0.0104777 0.00962458 0.00879498 0.00799472 0.00722878 0.00650127 0.00581542 0.00517357 0.00457725 0.00402718 0.00352338 0.00306518 0.00265136 0.00228024 0.00194969 0.00165733 0.00140053 0.00117651 0.000982455 0.000815515 0.00067291 0.000551961 0.000450127 0.000365034 0.000294503 0.000236557 0.000189436 0.000151594 0.000121706 9.86569e-05 8.15441e-05 6.96679e-05 6.25413e-05 
7.35744e-05 7.55946e-05 8.2977e-05 9.60701e-05 0.000115443 0.000141907 0.000176519 0.000220589 0.000275687 0.000343642 0.000426544 0.000526738 0.000646817 0.000789598 0.000958099 0.0011555 0.0013851 0.00165025 0.0019543 0.0023005 0.00269194 0.00313142 0.00362139 0.00416379 0.00476001 0.00541073 0.00611589 0.00687453 0.00768479 0.0085438 0.00944768 0.0103915 0.0113694 0.0123745 0.0133989 0.014434 0.0154704 0.0164983 0.0175072 0.0184866 0.0194257 0.020314 0.0211411 0.0218973 0.0225734 0.023161 0.023653 0.024043 0.0243261 0.0244987 0.0245587 0.0245051 0.0243389 0.0240621 0.0236783 0.0231924 0.0226106 0.0219402 0.0211894 0.0203673 0.0194838 0.0185491 0.0175738 0.0165684 0.0155436 0.0145098 0.0134768 0.0124539 0.0114498 0.0104723 0.00952827 0.00862369 0.00776345 0.00695147 0.00619062 0.00548285 0.00482912 0.00422958 0.00368359 0.00318983 0.00274641 0.00235094 0.00200068 0.0016926 0.00142349 0.00119005 0.000988969 0.000816969 0.000670895 0.000547746 0.000444713 0.000359205 0.000288871 0.000231611 0.000185579 0.000149188 0.000121103 0.00010024 8.57602e-05 7.70779e-05 
9.18544e-05 9.43899e-05 0.000103561 0.000119795 0.000143785 0.000176519 0.000219283 0.000273671 0.000341582 0.000425231 0.000527143 0.000650143 0.000797346 0.000972129 0.0011781 0.00141904 0.00169887 0.00202156 0.00239104 0.00281112 0.00328538 0.00381708 0.00440897 0.00506325 0.0057814 0.00656408 0.00741103 0.00832094 0.00929141 0.0103189 0.0113986 0.0125246 0.0136898 0.0148858 0.0161034 0.0173323 0.0185615 0.0197793 0.0209734 0.0221315 0.0232409 0.0242895 0.0252651 0.0261565 0.0269529 0.0276447 0.0282235 0.0286821 0.0290147 0.0292173 0.0292872 0.0292237 0.0290275 0.0287012 0.0282489 0.0276762 0.0269904 0.0261998 0.0253141 0.0243438 0.0233003 0.0221955 0.0210418 0.0198517 0.0186375 0.0174113 0.0161849 0.0149693 0.0137747 0.0126103 0.0114846 0.0104045 0.00937617 0.00840423 0.00749233 0.0066429 0.00585729 0.00513582 0.00447789 0.00388208 0.00334626 0.00286773 0.00244331 0.00206949 0.00174249 0.00145845 0.00121343 0.00100357 0.000825102 0.000674441 0.000548225 0.000443344 0.000356969 0.000286568 0.000229912 0.000185079 0.000150452 0.000124715 0.000106851 9.61465e-05 
0.000115214 0.000118408 0.000129853 0.000150071 0.000179914 0.000220589 0.000273671 0.000341099 0.000425191 0.000528637 0.0006545 0.000806199 0.000987494 0.00120245 0.0014554 0.00175086 0.00209352 0.00248806 0.00293915 0.00345127 0.00402858 0.00467484 0.00539322 0.00618615 0.00705523 0.00800103 0.00902302 0.0101195 0.0112872 0.0125219 0.0138177 0.0151672 0.0165618 0.0179917 0.0194456 0.0209114 0.0223758 0.0238251 0.0252449 0.0266204 0.0279371 0.0291805 0.0303365 0.0313919 0.0323342 0.0331523 0.0338363 0.034378 0.0347706 0.0350094 0.0350914 0.0350157 0.0347832 0.0343969 0.0338615 0.0331836 0.0323716 0.0314352 0.0303856 0.0292351 0.0279971 0.0266855 0.0253147 0.0238994 0.0224541 0.0209933 0.0195306 0.0180792 0.0166513 0.015258 0.0139093 0.0126137 0.0113785 0.0102097 0.00911154 0.00808729 0.0071387 0.00626638 0.00546978 0.0047474 0.00409685 0.00351504 0.0029983 0.00254252 0.00214328 0.001796 0.00149603 0.00123874 0.00101964 0.000834441 0.000679084 0.000549824 0.000443243 0.000356272 0.000286205 0.000230707 0.000187809 0.000155908 0.000133761 0.0001205 
0.000144531 0.000148551 0.000162831 0.000188012 0.000225138 0.000275687 0.000341582 0.000425191 0.000529336 0.000657288 0.000812761 0.000999897 0.00122323 0.00148766 0.00179838 0.00216081 0.00258051 0.00306307 0.00361398 0.0042385 0.00494149 0.00572729 0.00659949 0.00756081 0.00861292 0.00975627 0.01099 0.0123117 0.0137174 0.0152017 0.0167573 0.0183753 0.0200453 0.0217554 0.0234922 0.025241 0.0269864 0.0287119 0.0304005 0.032035 0.0335981 0.035073 0.0364432 0.0376932 0.0388086 0.0397764 0.0405851 0.0412251 0.0416887 0.0419703 0.0420666 0.0419765 0.0417009 0.0412434 0.0406095 0.0398069 0.0388452 0.0377357 0.0364916 0.0351272 0.0336579 0.0321002 0.0304709 0.0287872 0.0270663 0.0253251 0.0235799 0.0218464 0.020139 0.018471 0.0168544 0.0152996 0.0138154 0.012409 0.0110861 0.00985045 0.00870457 0.00764937 0.00668445 0.0058082 0.005018 0.00431031 0.00368089 0.00312495 0.0026373 0.00221254 0.00184513 0.00152957 0.0012605 0.00103275 0.000841454 0.000682094 0.000550534 0.000443057 0.000356379 0.000287657 0.000234497 0.000194943 0.000167479 0.000151044 
0.000180831 0.000185874 0.000203643 0.000234922 0.000280986 0.000343642 0.000425231 0.000528637 0.000657288 0.00081515 0.00100672 0.00123699 0.00151143 0.00183592 0.00221667 0.00266016 0.00317298 0.00376176 0.00443295 0.00519271 0.0060467 0.00699989 0.00805634 0.00921905 0.0104897 0.0118686 0.0133544 0.0149438 0.0166321 0.0184122 0.0202753 0.0222107 0.0242057 0.026246 0.0283157 0.0303974 0.0324727 0.034522 0.0365256 0.0384632 0.0403145 0.0420597 0.0436799 0.0451569 0.0464739 0.047616 0.0485698 0.0493242 0.0498703 0.0502018 0.0503146 0.0502075 0.0498818 0.0493415 0.0485929 0.0476449 0.0465088 0.0451976 0.0437265 0.0421123 0.0403728 0.0385273 0.0365953 0.0345972 0.0325529 0.0304825 0.0284053 0.0263396 0.0243027 0.0223105 0.0203773 0.0185157 0.0167364 0.0150483 0.0134581 0.0119709 0.0105899 0.00931637 0.00815023 0.00708979 0.00613216 0.00527332 0.00450842 0.00383187 0.00323762 0.00271929 0.00227033 0.00188422 0.00155454 0.00127513 0.00104014 0.000844138 0.000682134 0.000549636 0.000442666 0.000357778 0.000292061 0.000243137 0.00020916 0.00018884 
0.000225297 0.000231593 0.000253606 0.000292294 0.000349208 0.000426544 0.000527143 0.0006545 0.000812761 0.00100672 0.00124178 0.00152397 0.00185982 0.00225637 0.00272103 0.00326148 0.00388554 0.00460099 0.0054154 0.00633595 0.00736916 0.00852069 0.00979513 0.0111957 0.0127241 0.0143804 0.0161624 0.0180661 0.0200854 0.0222115 0.0244339 0.0267394 0.0291129 0.0315373 0.0339936 0.0364612 0.0389185 0.0413425 0.0437099 0.0459971 0.0481805 0.0502371 0.0521448 0.0538826 0.0554313 0.0567734 0.0578936 0.0587791 0.0594198 0.0598082 0.0599399 0.0598134 0.0594302 0.0587948 0.0579146 0.0567998 0.0554633 0.0539203 0.0521882 0.0502864 0.0482358 0.0460584 0.0437772 0.0414157 0.0389975 0.0365458 0.0340834 0.0316319 0.0292119 0.0268422 0.0245398 0.0223199 0.0201954 0.0181771 0.0162734 0.0144906 0.0128328 0.011302 0.00989825 0.00862001 0.00746408 0.00642597 0.00550011 0.00468007 0.00395879 0.00332879 0.00278237 0.00231181 0.00190949 0.00156807 0.00128057 0.00104047 0.000841775 0.000679089 0.000547611 0.000443177 0.000362265 0.000301996 0.000260132 0.000235109 
0.000279267 0.000287081 0.00031421 0.000361814 0.000431773 0.000526738 0.000650143 0.000806199 0.000999897 0.00123699 0.00152397 0.00186802 0.00227695 0.00275912 0.00332331 0.0039786 0.00473417 0.00559916 0.00658237 0.00769209 0.00893581 0.0103199 0.0118496 0.0135281 0.0153573 0.0173365 0.019463 0.0217315 0.0241343 0.0266608 0.029298 0.0320303 0.0348395 0.0377053 0.0406053 0.0435152 0.0464095 0.0492616 0.0520442 0.0547299 0.0572914 0.059702 0.0619364 0.0639703 0.0657816 0.0673503 0.068659 0.069693 0.0704406 0.0708935 0.0710464 0.0708978 0.0704494 0.0697063 0.0686769 0.0673731 0.0658094 0.0640033 0.061975 0.0597464 0.0573417 0.0547864 0.0521071 0.0493308 0.0464851 0.0435971 0.0406933 0.0377991 0.0349387 0.0321344 0.0294064 0.0267727 0.0242489 0.0218481 0.0195805 0.0174541 0.015474 0.0136431 0.0119619 0.0104288 0.00904051 0.00779195 0.00667684 0.00568781 0.00481669 0.00405477 0.00339303 0.0028224 0.00233387 0.00191875 0.00156875 0.00127608 0.00103361 0.000834852 0.000674055 0.000546214 0.000447092 0.000373218 0.000321893 0.00029123 
0.000344227 0.000353867 0.000387109 0.000445353 0.000530859 0.000646817 0.000797346 0.000987494 0.00122323 0.00151143 0.00185982 0.00227695 0.00277207 0.00335505 0.00403626 0.00482634 0.00573603 0.00677594 0.00795627 0.00928652 0.0107752 0.0124295 0.0142551 0.0162554 0.018432 0.0207838 0.0233069 0.0259946 0.0288374 0.0318224 0.0349339 0.0381532 0.0414588 0.0448267 0.0482304 0.0516417 0.0550308 0.0583667 0.061618 0.0647528 0.0677399 0.0705487 0.0731499 0.075516 0.0776218 0.0794444 0.0809641 0.0821641 0.0830313 0.0835561 0.0837328 0.0835594 0.0830379 0.0821741 0.0809778 0.0794621 0.0776438 0.0755427 0.0731816 0.0705859 0.067783 0.0648021 0.0616738 0.0584294 0.0551004 0.0517183 0.048314 0.0449172 0.0415559 0.0382564 0.0350426 0.0319359 0.0289549 0.0261153 0.0234298 0.0209078 0.0185562 0.0163787 0.0143764 0.0125479 0.0108897 0.00939642 0.00806084 0.00687461 0.00582835 0.00491198 0.00411502 0.00342684 0.00283691 0.00233497 0.00191122 0.00155645 0.00126218 0.00102069 0.000825124 0.000669495 0.000548733 0.000458682 0.000396104 0.000358736 
0.00042181 0.000433626 0.000474116 0.000544954 0.000648845 0.000789598 0.000972129 0.00120245 0.00148766 0.00183592 0.00225637 0.00275912 0.00335505 0.00405579 0.00487343 0.0058204 0.00690916 0.00815196 0.00956052 0.0111457 0.012917 0.0148825 0.0170481 0.0194177 0.0219922 0.0247697 0.0277453 0.0309104 0.0342533 0.0377584 0.041407 0.0451769 0.0490425 0.0529758 0.0569459 0.06092 0.0648635 0.0687408 0.0725156 0.0761516 0.0796128 0.0828645 0.0858734 0.0886084 0.0910407 0.0931447 0.0948979 0.0962817 0.0972811 0.0978854 0.0980882 0.0978873 0.0972849 0.0962876 0.0949063 0.0931559 0.0910552 0.0886267 0.0858961 0.0828922 0.079646 0.0761909 0.0725616 0.068794 0.0649242 0.0609884 0.0570223 0.0530601 0.0491346 0.0452764 0.0415135 0.0378713 0.0343716 0.0310334 0.0278719 0.0248988 0.0221226 0.0195482 0.0171777 0.0150098 0.0130411 0.0112656 0.00967534 0.00826093 0.00701167 0.00591598 0.00496176 0.00413667 0.00342843 0.00282504 0.00231499 0.00188745 0.00153239 0.00124068 0.0010042 0.000815846 0.000669575 0.000560441 0.000484585 0.000439307 
0.000513778 0.00052817 0.000577185 0.000662817 0.00078828 0.000958099 0.0011781 0.0014554 0.00179838 0.00221667 0.00272103 0.00332331 0.00403626 0.00487343 0.00584889 0.00697702 0.0082722 0.00974847 0.0114192 0.0132965 0.0153912 0.017712 0.0202654 0.023055 0.0260813 0.0293414 0.0328288 0.0365328 0.0404391 0.0445291 0.0487804 0.0531668 0.0576586 0.0622228 0.0668238 0.0714236 0.0759825 0.0804596 0.0848135 0.0890029 0.0929871 0.0967266 0.100184 0.103324 0.106115 0.108528 0.110537 0.112122 0.113266 0.113957 0.114188 0.113957 0.113266 0.112123 0.110539 0.108531 0.10612 0.103332 0.100195 0.0967422 0.0930076 0.0890293 0.0848465 0.0804999 0.0760308 0.0714804 0.0668894 0.0622975 0.0577424 0.0532595 0.0488816 0.0446383 0.0405556 0.0366556 0.0329569 0.0294736 0.0262164 0.0231916 0.0204022 0.0178477 0.0155244 0.0134261 0.0115441 0.00986779 0.00838511 0.00708288 0.00594723 0.00496391 0.00411872 0.0033977 0.00278744 0.00227526 0.0018494 0.00149915 0.0012149 0.000988289 0.000812175 0.0006807 0.000589294 0.000534757 
0.000622009 0.000639424 0.000698395 0.000801275 0.000951865 0.0011555 0.00141904 0.00175086 0.00216081 0.00266016 0.00326148 0.0039786 0.00482634 0.0058204 0.00697702 0.00831275 0.00984403 0.0115868 0.0135562 0.0157659 0.0182278 0.0209512 0.023943 0.0272066 0.0307417 0.0345442 0.0386056 0.0429128 0.0474485 0.0521905 0.0571123 0.0621833 0.0673688 0.0726307 0.0779279 0.083217 0.0884524 0.0935879 0.0985764 0.103371 0.107926 0.112198 0.116144 0.119725 0.122905 0.125653 0.127939 0.129742 0.131043 0.131829 0.132091 0.131827 0.13104 0.129737 0.127933 0.125646 0.122899 0.11972 0.116141 0.112199 0.107931 0.103381 0.098593 0.0936119 0.0884847 0.0832583 0.077979 0.072692 0.0674405 0.0622655 0.0572048 0.0522928 0.0475599 0.0430326 0.0387326 0.0346772 0.0308794 0.0273474 0.0240855 0.0210939 0.0183692 0.0159046 0.0136909 0.0117164 0.00996736 0.00842906 0.00708566 0.00592087 0.00491834 0.00406196 0.0033362 0.00272633 0.00221863 0.0018006 0.001461 0.00119 0.000979232 0.000821796 0.000712313 0.000647016 
0.00074847 0.000769409 0.000839917 0.000962763 0.00114241 0.0013851 0.00169887 0.00209352 0.00258051 0.00317298 0.00388554 0.00473417 0.00573603 0.00690916 0.0082722 0.00984403 0.0116433 0.0136882 0.0159954 0.0185802 0.0214556 0.0246316 0.0281153 0.0319095 0.0360132 0.0404203 0.0451203 0.0500972 0.05533 0.0607927 0.0664541 0.0722786 0.078226 0.0842527 0.0903115 0.0963529 0.102325 0.108177 0.113854 0.119305 0.124478 0.129324 0.133797 0.137852 0.141452 0.144559 0.147144 0.149181 0.150649 0.151536 0.151831 0.151531 0.150641 0.149169 0.147129 0.144541 0.141433 0.137833 0.133778 0.129307 0.124464 0.119296 0.113851 0.108181 0.102338 0.0963749 0.090344 0.0842965 0.0782816 0.0723463 0.0665339 0.0608843 0.0554329 0.0502105 0.0452431 0.0405513 0.0361509 0.0320525 0.0282617 0.0247799 0.0216039 0.018727 0.0161391 0.0138274 0.0117769 0.00997078 0.00839127 0.00701988 0.00583792 0.00482693 0.00396902 0.00324721 0.00264561 0.00214969 0.0017464 0.00142428 0.00117355 0.00098616 0.000855815 0.000778104 
0.000895187 0.000920201 0.00100399 0.00114978 0.00136277 0.00165025 0.00202156 0.00248806 0.00306307 0.00376176 0.00460099 0.00559916 0.00677594 0.00815196 0.00974847 0.0115868 0.0136882 0.0160726 0.018759 0.0217641 0.0251017 0.0287827 0.0328139 0.0371977 0.0419314 0.0470074 0.0524121 0.0581264 0.0641252 0.0703779 0.0768483 0.0834951 0.0902722 0.0971297 0.104014 0.110869 0.117638 0.12426 0.130678 0.136833 0.142668 0.148128 0.153164 0.157726 0.161771 0.165261 0.168163 0.170448 0.172095 0.173088 0.173418 0.173082 0.172082 0.170428 0.168137 0.165231 0.161737 0.157689 0.153126 0.148091 0.142632 0.136801 0.130651 0.124241 0.117626 0.110868 0.104024 0.0971517 0.0903074 0.0835439 0.0769112 0.0704547 0.0642156 0.0582296 0.0525272 0.0471332 0.0420664 0.0373401 0.032962 0.0289346 0.0252555 0.0219178 0.0189109 0.016221 0.0138315 0.0117238 0.00987793 0.00827305 0.00688795 0.00570162 0.00469362 0.00384445 0.00313586 0.00255108 0.00207504 0.00169445 0.00139798 0.00117628 0.00102203 0.000930098 
0.00106421 0.0010939 0.00119285 0.00136482 0.00161582 0.0019543 0.00239104 0.00293915 0.00361398 0.00443295 0.0054154 0.00658237 0.00795627 0.00956052 0.0114192 0.0135562 0.0159954 0.018759 0.0218679 0.0253401 0.0291907 0.0334307 0.0380668 0.0431004 0.0485272 0.0543371 0.0605134 0.0670331 0.0738668 0.0809784 0.0883263 0.0958629 0.103536 0.111288 0.11906 0.126788 0.134407 0.141853 0.14906 0.155963 0.1625 0.168612 0.174242 0.179338 0.183854 0.187747 0.190982 0.193528 0.195363 0.196468 0.196834 0.196458 0.195343 0.1935 0.190945 0.187703 0.183804 0.179283 0.174183 0.168552 0.16244 0.155905 0.149006 0.141806 0.134368 0.126759 0.119042 0.111284 0.103546 0.0958884 0.0883677 0.081036 0.0739403 0.0671222 0.060617 0.054454 0.048656 0.0432393 0.0382139 0.0335839 0.0293478 0.0254991 0.0220266 0.0189155 0.0161478 0.013703 0.0115588 0.00969191 0.00807849 0.00669474 0.00551747 0.00452445 0.00369483 0.0030094 0.00245082 0.00200385 0.00165539 0.00139467 0.00121321 0.0011051 
0.00125756 0.00129258 0.00140874 0.00161036 0.00190438 0.0023005 0.00281112 0.00345127 0.0042385 0.00519271 0.00633595 0.00769209 0.00928652 0.0111457 0.0132965 0.0157659 0.0185802 0.0217641 0.0253401 0.0293279 0.0337433 0.0385977 0.043897 0.0496414 0.0558246 0.0624336 0.0694481 0.0768407 0.0845768 0.0926147 0.100906 0.109398 0.118029 0.126737 0.135454 0.144109 0.152631 0.160948 0.168987 0.176678 0.183953 0.190747 0.197 0.202655 0.207661 0.211975 0.215556 0.218374 0.220403 0.221625 0.222029 0.221612 0.220378 0.218337 0.215508 0.211916 0.207593 0.202579 0.196919 0.190662 0.183866 0.176592 0.168904 0.16087 0.152561 0.144049 0.135406 0.126703 0.11801 0.109396 0.100922 0.0926485 0.084629 0.0769112 0.069536 0.0625379 0.0559437 0.0497735 0.0440401 0.0387496 0.0339017 0.0294902 0.025504 0.0219274 0.0187407 0.0159217 0.0134458 0.0112871 0.00941889 0.00781446 0.00644764 0.00529328 0.00432771 0.00352905 0.00287753 0.0023557 0.00194856 0.00164376 0.00143156 0.00130517 
0.0014772 0.00151825 0.00165379 0.00188876 0.00223112 0.00269194 0.00328538 0.00402858 0.00494149 0.0060467 0.00736916 0.00893581 0.0107752 0.012917 0.0153912 0.0182278 0.0214556 0.0251017 0.0291907 0.0337433 0.0387762 0.0443005 0.0503215 0.0568377 0.0638402 0.0713126 0.0792305 0.0875614 0.0962651 0.105294 0.114593 0.1241 0.133749 0.143468 0.153183 0.162814 0.172284 0.181513 0.190422 0.198935 0.206977 0.21448 0.221378 0.227611 0.233124 0.237871 0.24181 0.244907 0.247136 0.248478 0.248921 0.248462 0.247104 0.24486 0.241749 0.237797 0.233038 0.227514 0.221273 0.214369 0.206862 0.198818 0.190307 0.181402 0.17218 0.162719 0.153099 0.143399 0.133696 0.124065 0.114577 0.105299 0.0962915 0.0876088 0.0792983 0.0713999 0.0639456 0.0569594 0.0504574 0.0444482 0.0389331 0.0339068 0.029358 0.0252703 0.021623 0.0183917 0.0155496 0.0130681 0.0109175 0.0090681 0.00749052 0.00615649 0.00503929 0.00411416 0.00335869 0.00275304 0.00228014 0.00192589 0.00167921 0.00153232 
0.00172494 0.00177277 0.00192997 0.0022022 0.00259849 0.00313142 0.00381708 0.00467484 0.00572729 0.00699989 0.00852069 0.0103199 0.0124295 0.0148825 0.017712 0.0209512 0.0246316 0.0287827 0.0334307 0.0385977 0.0443005 0.0505502 0.0573507 0.0646983 0.0725814 0.0809795 0.0898634 0.0991952 0.108928 0.119008 0.129372 0.139952 0.150671 0.161452 0.172211 0.182861 0.193317 0.203493 0.213303 0.222664 0.231498 0.239729 0.247288 0.254112 0.260144 0.265332 0.269635 0.273016 0.275449 0.276912 0.277395 0.276893 0.27541 0.27296 0.269561 0.265242 0.260038 0.253994 0.247158 0.23959 0.231352 0.222515 0.213153 0.203345 0.193175 0.182728 0.172089 0.161345 0.150581 0.13988 0.129322 0.118981 0.108924 0.099215 0.0899067 0.0810456 0.0726691 0.0648058 0.0574758 0.0506904 0.0444531 0.0387597 0.0335992 0.0289548 0.0248045 0.0211222 0.0178786 0.0150426 0.0125814 0.0104619 0.00865168 0.00711895 0.0058338 0.00476841 0.00389749 0.00319864 0.00265255 0.00224324 0.00195813 0.00178839 
0.00200242 0.0020578 0.00223906 0.0025526 0.00300864 0.00362139 0.00440897 0.00539322 0.00659949 0.00805634 0.00979513 0.0118496 0.0142551 0.0170481 0.0202654 0.023943 0.0281153 0.0328139 0.0380668 0.043897 0.0503215 0.0573507 0.0649868 0.0732237 0.082046 0.0914289 0.101338 0.111729 0.122548 0.133734 0.145216 0.156917 0.168754 0.180639 0.19248 0.204184 0.215658 0.226807 0.23754 0.247768 0.257408 0.266381 0.274611 0.282034 0.288589 0.294223 0.298892 0.30256 0.305196 0.306782 0.307305 0.30676 0.305152 0.302494 0.298806 0.294117 0.288464 0.281893 0.274456 0.266213 0.257232 0.247586 0.237354 0.226621 0.215476 0.20401 0.192317 0.18049 0.168622 0.156806 0.145127 0.13367 0.122509 0.111717 0.101352 0.0914695 0.0821117 0.0733129 0.0650973 0.05748 0.0504667 0.0440548 0.0382341 0.0329875 0.0282919 0.0241196 0.0204391 0.0172165 0.0144159 0.0120009 0.00993554 0.00818461 0.00671476 0.00549487 0.00449663 0.00369488 0.00306791 0.00259769 0.00227006 0.00207506 
0.00231102 0.00237476 0.00258254 0.00294157 0.00346333 0.00416379 0.00506325 0.00618615 0.00756081 0.00921905 0.0111957 0.0135281 0.0162554 0.0194177 0.023055 0.0272066 0.0319095 0.0371977 0.0431004 0.0496414 0.0568377 0.0646983 0.0732237 0.0824044 0.092221 0.102644 0.113632 0.125135 0.137092 0.149432 0.162078 0.174943 0.187935 0.200958 0.213912 0.226696 0.239208 0.251348 0.263018 0.274125 0.284579 0.294296 0.303201 0.311223 0.318301 0.324379 0.329413 0.333365 0.336205 0.337912 0.338474 0.337886 0.336154 0.33329 0.329314 0.324258 0.318158 0.311061 0.303021 0.294101 0.284371 0.273908 0.262796 0.251124 0.238986 0.226479 0.213705 0.200764 0.187759 0.174787 0.161946 0.149326 0.137014 0.125086 0.113613 0.102655 0.0922606 0.0824713 0.0733158 0.0648132 0.0569721 0.0497921 0.0432639 0.0373704 0.0320879 0.0273872 0.0232346 0.0195933 0.0164244 0.0136883 0.0113452 0.00935635 0.00768477 0.00629591 0.00515824 0.00424367 0.00352792 0.00299082 0.00261648 0.00239372 
0.00265181 0.00272472 0.00296153 0.0033703 0.00396385 0.00476001 0.0057814 0.00705523 0.00861292 0.0104897 0.0127241 0.0153573 0.018432 0.0219922 0.0260813 0.0307417 0.0360132 0.0419314 0.0485272 0.0558246 0.0638402 0.0725814 0.082046 0.092221 0.103082 0.114595 0.12671 0.139372 0.15251 0.166046 0.179892 0.193954 0.208131 0.222317 0.236405 0.250285 0.263848 0.276987 0.289599 0.301585 0.312851 0.323311 0.332884 0.3415 0.349093 0.35561 0.361003 0.365233 0.368272 0.370098 0.370699 0.37007 0.368216 0.36515 0.360892 0.355474 0.348933 0.341317 0.332681 0.323089 0.312614 0.301335 0.289341 0.276724 0.263584 0.250025 0.236153 0.222078 0.207908 0.193752 0.179715 0.165896 0.152389 0.139283 0.126654 0.114572 0.103092 0.0922617 0.082116 0.0726782 0.0639606 0.0559653 0.0486842 0.042101 0.0361913 0.0309246 0.0262653 0.0221738 0.0186084 0.0155256 0.0128823 0.0106358 0.0087454 0.00717303 0.00588373 0.00484633 0.00403383 0.00342378 0.00299847 0.00274543 
0.00302544 0.00310837 0.00337673 0.00383948 0.00451089 0.00541073 0.00656408 0.00800103 0.00975627 0.0118686 0.0143804 0.0173365 0.0207838 0.0247697 0.0293414 0.0345442 0.0404203 0.0470074 0.0543371 0.0624336 0.0713126 0.0809795 0.0914289 0.102644 0.114595 0.12724 0.140525 0.154383 0.168738 0.183502 0.198578 0.213861 0.229242 0.244607 0.259838 0.27482 0.289436 0.303573 0.317121 0.329978 0.342046 0.353236 0.363465 0.372661 0.380758 0.3877 0.393441 0.397943 0.401174 0.403116 0.403754 0.403085 0.401114 0.397852 0.393321 0.387552 0.380582 0.372459 0.36324 0.352989 0.341781 0.329697 0.316828 0.303272 0.289131 0.274517 0.259541 0.24432 0.228971 0.21361 0.198352 0.183304 0.168572 0.154251 0.140428 0.127179 0.11457 0.102654 0.091473 0.0810546 0.0714156 0.062561 0.0544847 0.0471712 0.040596 0.0347275 0.0295282 0.0249562 0.0209664 0.0175122 0.0145465 0.012023 0.00989701 0.00812673 0.00667368 0.00550348 0.00458629 0.00389724 0.00341671 0.00313086 
0.00343215 0.00352592 0.00382832 0.00434927 0.00510451 0.00611589 0.00741103 0.00902302 0.01099 0.0133544 0.0161624 0.019463 0.0233069 0.0277453 0.0328288 0.0386056 0.0451203 0.0524121 0.0605134 0.0694481 0.0792305 0.0898634 0.101338 0.113632 0.12671 0.140525 0.155012 0.170099 0.185698 0.201712 0.218036 0.234554 0.251149 0.267696 0.284072 0.300151 0.315811 0.330934 0.345404 0.359115 0.371966 0.383865 0.39473 0.404486 0.413067 0.420418 0.426493 0.431252 0.434668 0.436719 0.437393 0.436687 0.434603 0.431156 0.426364 0.420259 0.412878 0.404268 0.394486 0.383596 0.371674 0.358804 0.345078 0.330596 0.315467 0.299805 0.28373 0.267363 0.250829 0.234254 0.21776 0.201465 0.185484 0.16992 0.154871 0.140423 0.126648 0.113609 0.101353 0.0899134 0.0793128 0.0695591 0.0606489 0.0525676 0.0452911 0.0387872 0.0330166 0.0279351 0.0234947 0.0196452 0.0163359 0.0135165 0.0111386 0.00915637 0.00752775 0.00621499 0.0051853 0.0044113 0.00387136 0.00355022 
0.00387166 0.00397708 0.00431594 0.00489915 0.00574403 0.00687453 0.00832094 0.0101195 0.0123117 0.0149438 0.0180661 0.0217315 0.0259946 0.0309104 0.0365328 0.0429128 0.0500972 0.0581264 0.0670331 0.0768407 0.0875614 0.0991952 0.111729 0.125135 0.139372 0.154383 0.170099 0.186435 0.203296 0.220574 0.238153 0.25591 0.273717 0.291441 0.30895 0.326112 0.342798 0.358883 0.37425 0.388788 0.402395 0.414976 0.426449 0.436738 0.445779 0.453517 0.459906 0.464909 0.468497 0.470652 0.47136 0.470618 0.46843 0.464808 0.459771 0.45335 0.445579 0.436507 0.426188 0.414688 0.402081 0.388452 0.373895 0.358513 0.342417 0.325726 0.308564 0.291062 0.273349 0.255561 0.237827 0.220276 0.203031 0.186208 0.169911 0.154238 0.139269 0.125075 0.111711 0.0992169 0.0876199 0.0769323 0.0671535 0.0582709 0.0502609 0.0430908 0.03672 0.0311021 0.0261863 0.0219192 0.0182462 0.0151132 0.0124677 0.0102601 0.00844456 0.00697985 0.00583014 0.00496543 0.00436203 0.0040032 
0.00434313 0.00446097 0.0048386 0.00548796 0.00642797 0.00768479 0.00929141 0.0112872 0.0137174 0.0166321 0.0200854 0.0241343 0.0288374 0.0342533 0.0404391 0.0474485 0.05533 0.0641252 0.0738668 0.0845768 0.0962651 0.108928 0.122548 0.137092 0.15251 0.168738 0.185698 0.203296 0.221425 0.23997 0.258803 0.277792 0.296799 0.315683 0.334304 0.352523 0.370206 0.387223 0.403453 0.418783 0.433109 0.446336 0.458382 0.469172 0.478643 0.486741 0.493422 0.49865 0.502399 0.504648 0.505388 0.504614 0.502329 0.498547 0.493284 0.486569 0.478436 0.468932 0.458109 0.446033 0.432776 0.418424 0.403071 0.386822 0.369791 0.352099 0.333877 0.315259 0.296384 0.277393 0.258426 0.239621 0.221109 0.203018 0.185462 0.168547 0.152364 0.136992 0.122495 0.108919 0.0962968 0.0846461 0.0739694 0.0642563 0.0554843 0.0476206 0.0406237 0.0344452 0.0290316 0.0243262 0.020271 0.0168079 0.0138804 0.0114348 0.00942165 0.00779613 0.00651927 0.00555842 0.00488771 0.00448891 
0.00484512 0.00497611 0.00539466 0.00611378 0.00715402 0.0085438 0.0103189 0.0125219 0.0152017 0.0184122 0.0222115 0.0266608 0.0318224 0.0377584 0.0445291 0.0521905 0.0607927 0.0703779 0.0809784 0.0926147 0.105294 0.119008 0.133734 0.149432 0.166046 0.183502 0.201712 0.220574 0.23997 0.259773 0.279848 0.300052 0.320236 0.340253 0.359955 0.379196 0.397837 0.415745 0.432796 0.448875 0.463877 0.477708 0.490287 0.50154 0.511406 0.519834 0.526781 0.532214 0.536107 0.538443 0.539212 0.538409 0.536038 0.53211 0.526642 0.519659 0.511196 0.501294 0.490006 0.477394 0.46353 0.448498 0.432393 0.415319 0.397392 0.378738 0.35949 0.339787 0.319776 0.299605 0.279422 0.259374 0.239603 0.220245 0.201426 0.183262 0.165855 0.149291 0.133642 0.118965 0.105296 0.0926591 0.0810607 0.0704931 0.0609353 0.0523548 0.0447094 0.037949 0.0320177 0.0268559 0.0224019 0.0185937 0.0153709 0.012676 0.0104554 0.00866091 0.00725034 0.0061883 0.00544673 0.00500585 
0.00537557 0.00552036 0.00598179 0.00677392 0.00791899 0.00944768 0.0113986 0.0138177 0.0167573 0.0202753 0.0244339 0.029298 0.0349339 0.041407 0.0487804 0.0571123 0.0664541 0.0768483 0.0883263 0.100906 0.114593 0.129372 0.145216 0.162078 0.179892 0.198578 0.218036 0.238153 0.258803 0.279848 0.301142 0.322532 0.343862 0.364975 0.385716 0.405935 0.425488 0.444239 0.46206 0.478838 0.494467 0.508855 0.521921 0.533594 0.543818 0.552541 0.559726 0.565342 0.569364 0.571776 0.57257 0.571742 0.569296 0.565239 0.559589 0.552368 0.543608 0.533348 0.521637 0.508535 0.494112 0.478449 0.461641 0.443792 0.425018 0.405448 0.385217 0.364471 0.34336 0.32204 0.300668 0.279399 0.258385 0.237773 0.217699 0.198289 0.179655 0.161893 0.145084 0.129293 0.114563 0.100924 0.0883859 0.0769454 0.0665829 0.0572668 0.0489545 0.0415946 0.035129 0.0294952 0.0246279 0.0204617 0.0169321 0.0139777 0.011541 0.00957027 0.00802011 0.00685236 0.00603674 0.00555187 
0.00593174 0.00609094 0.00659694 0.00746491 0.00871879 0.0103915 0.0125246 0.0151672 0.0183753 0.0222107 0.0267394 0.0320303 0.0381532 0.0451769 0.0531668 0.0621833 0.0722786 0.0834951 0.0958629 0.109398 0.1241 0.139952 0.156917 0.174943 0.193954 0.213861 0.234554 0.25591 0.277792 0.300052 0.322532 0.345071 0.367504 0.389668 0.4114 0.432545 0.452955 0.472493 0.49103 0.50845 0.524652 0.539543 0.553047 0.565096 0.575635 0.584619 0.592011 0.597785 0.601918 0.604397 0.605214 0.604365 0.601853 0.597686 0.591878 0.58445 0.575429 0.564852 0.552765 0.539223 0.524293 0.508055 0.4906 0.472031 0.452466 0.432033 0.410872 0.38913 0.366965 0.344537 0.322012 0.299554 0.277325 0.25548 0.234168 0.213523 0.193669 0.174713 0.156744 0.139834 0.124037 0.109386 0.0958978 0.0835719 0.0723916 0.0623262 0.0533331 0.0453599 0.0383467 0.0322282 0.0269361 0.0224011 0.0185551 0.0153326 0.0126724 0.0105193 0.00882446 0.0075471 0.00665466 0.00612417 
0.00651029 0.00668437 0.00723636 0.00818251 0.00954845 0.0113694 0.0136898 0.0165618 0.0200453 0.0242057 0.0291129 0.0348395 0.0414588 0.0490425 0.0576586 0.0673688 0.078226 0.0902722 0.103536 0.118029 0.133749 0.150671 0.168754 0.187935 0.208131 0.229242 0.251149 0.273717 0.296799 0.320236 0.343862 0.367504 0.390991 0.414152 0.436818 0.458831 0.480039 0.500302 0.519492 0.537496 0.554211 0.569551 0.58344 0.595816 0.606628 0.615834 0.623403 0.62931 0.633537 0.636072 0.636907 0.636041 0.633476 0.629217 0.623277 0.615673 0.60643 0.595581 0.583165 0.569235 0.553855 0.5371 0.519057 0.499831 0.479535 0.4583 0.436266 0.413585 0.390418 0.366932 0.3433 0.319694 0.296285 0.273238 0.250713 0.228855 0.207798 0.18766 0.168538 0.150515 0.133651 0.117986 0.103544 0.0903271 0.0783215 0.0674983 0.0578154 0.0492196 0.0416494 0.035037 0.0293112 0.0243993 0.0202293 0.016732 0.0138425 0.0115019 0.0096584 0.00826825 0.00729673 0.00671927 
0.00710722 0.00729657 0.00789562 0.00892171 0.0104022 0.0123745 0.0148858 0.0179917 0.0217554 0.026246 0.0315373 0.0377053 0.0448267 0.0529758 0.0622228 0.0726307 0.0842527 0.0971297 0.111288 0.126737 0.143468 0.161452 0.180639 0.200958 0.222317 0.244607 0.267696 0.291441 0.315683 0.340253 0.364975 0.389668 0.414152 0.438249 0.461787 0.484603 0.506543 0.527467 0.547247 0.56577 0.582939 0.598669 0.61289 0.625544 0.636585 0.645976 0.653689 0.659704 0.664007 0.666586 0.667438 0.666559 0.663951 0.659619 0.653573 0.645826 0.6364 0.625321 0.612627 0.598364 0.582591 0.565379 0.546813 0.526993 0.506032 0.484059 0.461217 0.437658 0.413549 0.389062 0.364375 0.339669 0.315124 0.290916 0.267213 0.244172 0.221938 0.200637 0.18038 0.161256 0.143334 0.126662 0.111269 0.0971612 0.0843291 0.0727454 0.0623687 0.0531456 0.045013 0.0379013 0.0317362 0.0264419 0.0219428 0.018166 0.015043 0.0125113 0.0105161 0.00901078 0.00795849 0.00733307 
0.00771791 0.00792279 0.00856961 0.00967678 0.0112733 0.0133989 0.0161034 0.0194456 0.0234922 0.0283157 0.0339936 0.0406053 0.0482304 0.0569459 0.0668238 0.0779279 0.0903115 0.104014 0.11906 0.135454 0.153183 0.172211 0.19248 0.213912 0.236405 0.259838 0.284072 0.30895 0.334304 0.359955 0.385716 0.4114 0.436818 0.461787 0.486131 0.509682 0.532286 0.553803 0.574106 0.593085 0.610645 0.626708 0.641206 0.654089 0.665315 0.674853 0.682679 0.688778 0.693138 0.695752 0.696616 0.695728 0.693089 0.688703 0.682575 0.674718 0.665146 0.653883 0.640959 0.626417 0.61031 0.592704 0.573679 0.553331 0.531773 0.509131 0.485548 0.461178 0.436192 0.410765 0.385082 0.359333 0.333704 0.308381 0.283543 0.259358 0.235979 0.213546 0.192178 0.171974 0.153011 0.135346 0.119012 0.104021 0.0903677 0.0780266 0.0669576 0.0571072 0.0484114 0.0407986 0.0341922 0.028513 0.0236823 0.0196235 0.0162645 0.0135397 0.0113909 0.00976895 0.00863484 0.00796081 
0.00833721 0.00855775 0.00925265 0.0104414 0.0121545 0.014434 0.0173323 0.0209114 0.025241 0.0303974 0.0364612 0.0435152 0.0516417 0.06092 0.0714236 0.083217 0.0963529 0.110869 0.126788 0.144109 0.162814 0.182861 0.204184 0.226696 0.250285 0.27482 0.300151 0.326112 0.352523 0.379196 0.405935 0.432545 0.458831 0.484603 0.509682 0.533899 0.557097 0.579137 0.599896 0.619266 0.637157 0.653495 0.668219 0.681283 0.692651 0.702299 0.710208 0.716366 0.720767 0.723405 0.724278 0.723385 0.720726 0.716303 0.710119 0.702181 0.692501 0.681096 0.667992 0.653225 0.636841 0.618901 0.599482 0.578674 0.556587 0.533346 0.509092 0.483981 0.458186 0.431886 0.405272 0.37854 0.351885 0.325502 0.299579 0.274295 0.249815 0.226287 0.20384 0.182585 0.162606 0.143968 0.12671 0.110851 0.096388 0.0832986 0.0715442 0.0610717 0.0518164 0.043705 0.0366586 0.0305954 0.0254332 0.0210921 0.0174969 0.0145783 0.0122754 0.0105364 0.00932006 0.00859721 
0.00895947 0.00919566 0.0099385 0.0112085 0.0130378 0.0154704 0.0185615 0.0223758 0.0269864 0.0324727 0.0389185 0.0464095 0.0550308 0.0648635 0.0759825 0.0884524 0.102325 0.117638 0.134407 0.152631 0.172284 0.193317 0.215658 0.239208 0.263848 0.289436 0.315811 0.342798 0.370206 0.397837 0.425488 0.452955 0.480039 0.506543 0.532286 0.557097 0.58082 0.603316 0.624465 0.644163 0.662326 0.678883 0.693781 0.706981 0.718452 0.728175 0.736138 0.742334 0.746759 0.749412 0.750291 0.749396 0.746727 0.742283 0.736065 0.728077 0.718323 0.706818 0.693579 0.678637 0.662032 0.643819 0.624068 0.602867 0.580319 0.556548 0.531694 0.505914 0.47938 0.452277 0.424801 0.397151 0.369534 0.34215 0.315199 0.288869 0.263335 0.238757 0.215273 0.193002 0.17204 0.152457 0.1343 0.117594 0.102339 0.0885164 0.0760892 0.0650049 0.0551983 0.046595 0.0391139 0.0326705 0.0271799 0.0225589 0.0187289 0.0156178 0.0131616 0.0113061 0.0100079 0.00923646 
0.00957861 0.00983029 0.0106205 0.0119707 0.0139146 0.0164983 0.0197793 0.0238251 0.0287119 0.034522 0.0413425 0.0492616 0.0583667 0.0687408 0.0804596 0.0935879 0.108177 0.12426 0.141853 0.160948 0.181513 0.203493 0.226807 0.251348 0.276987 0.303573 0.330934 0.358883 0.387223 0.415745 0.444239 0.472493 0.500302 0.527467 0.553803 0.579137 0.603316 0.626202 0.647678 0.667645 0.686022 0.702747 0.717773 0.731065 0.742601 0.752369 0.76036 0.766573 0.771008 0.773666 0.774548 0.773655 0.770985 0.766536 0.760305 0.752292 0.742497 0.730928 0.717598 0.702528 0.685754 0.667325 0.647303 0.625771 0.602829 0.578597 0.553214 0.526835 0.499635 0.4718 0.443531 0.415034 0.386521 0.358202 0.330285 0.302967 0.276435 0.250857 0.226383 0.20314 0.181233 0.160741 0.141717 0.124191 0.108168 0.0936337 0.0805519 0.0688712 0.0585265 0.0494421 0.0415352 0.0347192 0.0289061 0.02401 0.0199491 0.0166484 0.0140411 0.0120706 0.0106918 0.00987233 
0.0101883 0.0104551 0.0112916 0.0127202 0.0147761 0.0175072 0.0209734 0.0252449 0.0304005 0.0365256 0.0437099 0.0520442 0.061618 0.0725156 0.0848135 0.0985764 0.113854 0.130678 0.14906 0.168987 0.190422 0.213303 0.23754 0.263018 0.289599 0.317121 0.345404 0.37425 0.403453 0.432796 0.46206 0.49103 0.519492 0.547247 0.574106 0.599896 0.624465 0.647678 0.669421 0.6896 0.708141 0.724986 0.740096 0.753443 0.765011 0.774794 0.78279 0.789002 0.793434 0.79609 0.796974 0.796085 0.793422 0.78898 0.782755 0.77474 0.764933 0.753334 0.73995 0.724797 0.707903 0.689308 0.669071 0.647269 0.623996 0.599369 0.573524 0.546617 0.518821 0.490327 0.461337 0.432064 0.402725 0.373539 0.344722 0.31648 0.28901 0.262489 0.237078 0.212914 0.190108 0.168748 0.148895 0.130583 0.113824 0.098604 0.0848912 0.0726347 0.0617695 0.0522192 0.0438994 0.0367215 0.0305949 0.025431 0.0211452 0.0176596 0.0149049 0.0128223 0.0113645 0.0104983 
0.0107818 0.0110633 0.0119447 0.0134491 0.0156131 0.0184866 0.0221315 0.0266204 0.032035 0.0384632 0.0459971 0.0547299 0.0647528 0.0761516 0.0890029 0.103371 0.119305 0.136833 0.155963 0.176678 0.198935 0.222664 0.247768 0.274125 0.301585 0.329978 0.359115 0.388788 0.418783 0.448875 0.478838 0.50845 0.537496 0.56577 0.593085 0.619266 0.644163 0.667645 0.6896 0.709941 0.728598 0.745522 0.760678 0.774046 0.785618 0.795392 0.803372 0.809568 0.813986 0.816634 0.817516 0.816634 0.813984 0.809561 0.803357 0.795362 0.785567 0.773967 0.760563 0.745365 0.728392 0.709679 0.689279 0.667261 0.643716 0.618756 0.592515 0.565146 0.536825 0.507742 0.478103 0.448126 0.418033 0.388051 0.358403 0.329305 0.300962 0.273561 0.247272 0.222241 0.198588 0.176409 0.15577 0.136713 0.119253 0.103381 0.0890659 0.0762591 0.0648958 0.0548989 0.046183 0.0386572 0.0322291 0.0268074 0.0223048 0.0186409 0.0157439 0.013553 0.0120191 0.0111076 
