0.00219651 0.00221899 0.00229262 0.00241815 0.00259652 0.00282903 0.0031173 0.00346322 0.00386892 0.00433671 0.00486899 0.00546825 0.00613691 0.00687732 0.00769163 0.00858174 0.00954919 0.0105951 0.01172 0.0129239 0.0142063 0.0155655 0.0169995 0.0185053 0.0200789 0.0217155 0.0234094 0.0251539 0.0269416 0.0287641 0.0306121 0.0324758 0.0343444 0.0362069 0.0380516 0.0398664 0.0416391 0.0433573 0.0450087 0.0465811 0.0480626 0.049442 0.0507084 0.0518517 0.0528627 0.0537333 0.0544562 0.0550255 0.0554364 0.0556856 0.0557709 0.0556917 0.0554486 0.0550437 0.0544804 0.0537635 0.0528989 0.0518938 0.0507563 0.0494957 0.048122 0.046646 0.045079 0.0434328 0.0417196 0.0399517 0.0381413 0.0363008 0.0344421 0.0325769 0.0307163 0.0288709 0.0270506 0.0252645 0.0235211 0.0218279 0.0201914 0.0186174 0.0171107 0.0156752 0.014314 0.0130292 0.0118223 0.010694 0.00964429 0.00867263 0.00777795 0.00695873 0.00621313 0.00553902 0.00493409 0.00439594 0.00392212 0.00351025 0.00315805 0.00286343 0.0026245 0.00243968 0.00230768 0.00222772 
0.00221899 0.00224172 0.00231612 0.00244294 0.00262315 0.00285804 0.00314926 0.0034987 0.00390853 0.00438105 0.0049187 0.00552398 0.00619933 0.00694713 0.00776953 0.00866844 0.00964541 0.0107015 0.0118374 0.0130531 0.0143477 0.01572 0.0171678 0.0186878 0.0202763 0.0219283 0.023638 0.0253987 0.0272029 0.0290421 0.0309071 0.0327876 0.0346732 0.0365525 0.0384136 0.0402446 0.042033 0.0437664 0.0454322 0.0470184 0.0485129 0.0499042 0.0511815 0.0523346 0.0533544 0.0542324 0.0549615 0.0555356 0.05595 0.0562013 0.0562873 0.0562073 0.0559621 0.0555537 0.0549855 0.0542624 0.0533903 0.0523765 0.0512291 0.0499576 0.0485719 0.0470829 0.0455022 0.0438415 0.0421131 0.0403295 0.038503 0.036646 0.0347706 0.0328885 0.031011 0.0291487 0.0273117 0.0255092 0.0237496 0.0220406 0.0203887 0.0187999 0.017279 0.0158298 0.0144556 0.0131584 0.0119399 0.0108006 0.0097407 0.00875954 0.00785606 0.00702877 0.00627579 0.00559498 0.00498402 0.00444049 0.00396192 0.00354592 0.00319018 0.00289259 0.00265126 0.00246457 0.00233125 0.00225049 
0.00229262 0.00231612 0.00239291 0.00252374 0.00270961 0.00295185 0.00325214 0.00361242 0.00403489 0.00452192 0.005076 0.00569967 0.00639543 0.00716569 0.00801264 0.00893822 0.00994398 0.011031 0.0122 0.0134507 0.0147825 0.0161939 0.0176826 0.0192453 0.0208781 0.0225758 0.0243326 0.0261414 0.0279946 0.0298834 0.0317982 0.0337288 0.0356642 0.0375929 0.0395026 0.0413812 0.0432157 0.0449936 0.0467021 0.0483286 0.0498609 0.0512873 0.0525966 0.0537786 0.0548238 0.0557236 0.0564707 0.057059 0.0574836 0.057741 0.0578289 0.0577468 0.0574954 0.0570766 0.0564942 0.0557529 0.0548589 0.0538195 0.0526433 0.0513396 0.0499187 0.0483919 0.0467708 0.0450675 0.0432946 0.0414648 0.0395908 0.0376852 0.0357605 0.0338287 0.0319012 0.0299891 0.0281026 0.0262512 0.0244437 0.0226877 0.0209903 0.0193573 0.0177937 0.0163037 0.0148905 0.0135563 0.0123028 0.0111305 0.0100398 0.00902985 0.00809975 0.00724793 0.0064725 0.00577129 0.00514193 0.00458195 0.00408884 0.00366014 0.00329352 0.0029868 0.00273806 0.00254564 0.00240823 0.00232502 
0.00241815 0.00244294 0.00252374 0.00266133 0.00285674 0.00311134 0.00342688 0.00380539 0.00424912 0.00476053 0.0053422 0.00599674 0.00672674 0.00753466 0.00842277 0.00939302 0.010447 0.0115858 0.01281 0.0141194 0.0155133 0.01699 0.018547 0.020181 0.0218876 0.0236616 0.0254967 0.0273857 0.0293204 0.0312917 0.0332896 0.0353034 0.0373217 0.0393324 0.0413229 0.0432804 0.0451917 0.0470435 0.0488226 0.0505161 0.0521111 0.0535957 0.0549583 0.0561881 0.0572754 0.0582114 0.0589884 0.0596002 0.0600416 0.0603091 0.0604004 0.0603147 0.0600529 0.0596171 0.059011 0.0582395 0.0573092 0.0562275 0.0550032 0.0536462 0.0521671 0.0505774 0.0488892 0.0471152 0.0452684 0.0433619 0.041409 0.0394228 0.0374161 0.0354015 0.0333909 0.0313959 0.0294271 0.0274944 0.0256069 0.0237728 0.0219993 0.0202926 0.018658 0.0170998 0.0156215 0.0142254 0.0129133 0.0116859 0.0105435 0.00948548 0.00851078 0.00761786 0.00680479 0.00606935 0.0054091 0.0048215 0.00430396 0.00385394 0.00346902 0.00314695 0.00288574 0.00268367 0.00253939 0.00245204 
0.00259652 0.00262315 0.00270961 0.00285674 0.0030656 0.00333765 0.00367471 0.00407891 0.00455262 0.0050984 0.00571895 0.00641699 0.00719521 0.00805616 0.00900218 0.0100353 0.0111571 0.0123686 0.0136704 0.0150623 0.0165434 0.0181117 0.0197647 0.0214986 0.0233089 0.0251899 0.0271348 0.0291361 0.0311849 0.0332717 0.035386 0.0375162 0.0396505 0.041776 0.0438795 0.0459474 0.0479659 0.049921 0.0517989 0.0535859 0.0552687 0.0568346 0.0582714 0.0595681 0.0607142 0.0617007 0.0625195 0.063164 0.0636289 0.0639104 0.0640063 0.0639157 0.0636395 0.0631798 0.0625406 0.0617271 0.060746 0.0596052 0.0583139 0.0568824 0.0553218 0.0536443 0.0518625 0.0499897 0.0480396 0.0460259 0.0439626 0.0418635 0.0397421 0.0376117 0.0354849 0.0333738 0.0312897 0.0292431 0.0272436 0.0252999 0.0234197 0.0216096 0.0198754 0.0182215 0.0166517 0.0151688 0.0137744 0.0124696 0.0112545 0.0101288 0.00909139 0.00814063 0.00727457 0.00649093 0.00578717 0.00516065 0.00460868 0.00412859 0.00371787 0.00337415 0.00309535 0.00287968 0.0027257 0.00263253 
0.00282903 0.00285804 0.00295185 0.00311134 0.00333765 0.00363232 0.00399728 0.00443477 0.00494732 0.00553762 0.0062085 0.00696285 0.00780347 0.00873303 0.00975395 0.0108683 0.0120777 0.0133833 0.0147854 0.0162838 0.0178773 0.0195639 0.0213407 0.0232035 0.0251474 0.0271662 0.0292526 0.0313985 0.0335943 0.0358298 0.0380937 0.0403738 0.0426571 0.0449302 0.0471789 0.0493888 0.051545 0.0536328 0.0556375 0.0575446 0.05934 0.0610102 0.0625424 0.0639247 0.0651464 0.0661976 0.0670699 0.0677564 0.0682515 0.0685511 0.0686529 0.068556 0.0682612 0.0677709 0.0670893 0.0662219 0.0651756 0.063959 0.0625817 0.0610546 0.0593895 0.0575992 0.0556972 0.0536975 0.0516146 0.0494632 0.0472581 0.0450139 0.0427451 0.0404658 0.0381894 0.0359289 0.0336964 0.0315031 0.0293594 0.0272746 0.0252569 0.0233136 0.0214508 0.0196735 0.0179858 0.0163906 0.01489 0.0134852 0.0121763 0.0109632 0.00984461 0.00881905 0.00788445 0.00703843 0.00627836 0.00560146 0.00500489 0.00448587 0.00404171 0.00366995 0.00336836 0.00313505 0.0029685 0.00286778 
0.0031173 0.00314926 0.00325214 0.00342688 0.00367471 0.00399728 0.00439664 0.00487518 0.00543559 0.00608075 0.00681365 0.00763734 0.00855479 0.00956879 0.0106819 0.0118962 0.0132134 0.0146344 0.0161598 0.017789 0.0195206 0.0213524 0.023281 0.0253019 0.0274095 0.0295972 0.0318571 0.03418 0.0365558 0.0389733 0.0414203 0.0438836 0.0463493 0.0488028 0.0512289 0.0536121 0.0559366 0.0581865 0.060346 0.0623997 0.0643325 0.0661299 0.0677784 0.0692653 0.070579 0.0717092 0.0726468 0.0733845 0.0739163 0.074238 0.0743469 0.0742423 0.0739249 0.0733974 0.072664 0.0717308 0.0706051 0.069296 0.0678138 0.06617 0.0643774 0.0624495 0.0604007 0.0582461 0.0560011 0.0536815 0.0513031 0.0488816 0.0464326 0.0439711 0.0415119 0.0390686 0.0366544 0.0342816 0.0319612 0.0297035 0.0275173 0.0254106 0.0233902 0.0214615 0.019629 0.0178961 0.0162651 0.0147373 0.0133132 0.0119925 0.0107742 0.00965656 0.00863762 0.00771482 0.0068854 0.00614644 0.00549494 0.00492793 0.00444258 0.00403623 0.00370655 0.00345149 0.00326945 0.00315943 
0.00346322 0.0034987 0.00361242 0.00380539 0.00407891 0.00443477 0.00487518 0.00540271 0.00602021 0.00673078 0.00753762 0.00844395 0.00945293 0.0105675 0.0117903 0.0131235 0.0145689 0.0161274 0.0177992 0.0195838 0.0214795 0.0234836 0.0255924 0.0278008 0.0301027 0.0324907 0.0349559 0.0374886 0.0400775 0.0427104 0.045374 0.0480541 0.0507354 0.0534021 0.0560379 0.0586259 0.0611491 0.0635903 0.0659325 0.0681591 0.070254 0.0722015 0.0739872 0.0755973 0.0770195 0.0782427 0.0792573 0.0800553 0.0806304 0.080978 0.0810954 0.0809816 0.0806376 0.0800661 0.0792718 0.078261 0.0770418 0.0756236 0.0740177 0.0722364 0.0702933 0.0682031 0.0659811 0.0636437 0.0612073 0.0586891 0.0561059 0.053475 0.0508129 0.0481362 0.0454605 0.042801 0.0401718 0.0375863 0.0350567 0.032594 0.0302081 0.0279078 0.0257003 0.0235919 0.0215876 0.019691 0.017905 0.0162311 0.01467 0.0132213 0.0118843 0.0106572 0.00953778 0.00852352 0.00761148 0.00679855 0.00608156 0.00545733 0.00492283 0.00447524 0.00411202 0.00383102 0.00363049 0.00350937 
0.00386892 0.00390853 0.00403489 0.00424912 0.00455262 0.00494732 0.00543559 0.00602021 0.00670426 0.00749105 0.00838399 0.00938654 0.010502 0.0117336 0.013084 0.0145555 0.0161498 0.0178679 0.0197099 0.0216748 0.0237608 0.0259647 0.0282824 0.030708 0.0332349 0.0358546 0.0385575 0.0413327 0.044168 0.0470498 0.0499637 0.0528939 0.055824 0.0587368 0.0616144 0.0644385 0.0671906 0.0698522 0.0724049 0.0748307 0.0771121 0.0792324 0.0811758 0.0829276 0.0844746 0.0858048 0.0869079 0.0877753 0.0884002 0.0887777 0.0889047 0.0887804 0.0884058 0.0877838 0.0869194 0.0858194 0.0844925 0.0829489 0.0812007 0.0792611 0.0771449 0.0748677 0.0724464 0.0698983 0.0672415 0.0644942 0.0616751 0.0588025 0.0558946 0.0529694 0.0500438 0.0471345 0.044257 0.0414257 0.038654 0.0359542 0.0333372 0.0308125 0.0283884 0.0260717 0.0238681 0.0217818 0.0198159 0.0179724 0.016252 0.0146548 0.0131798 0.0118253 0.010589 0.00946833 0.00846011 0.00756106 0.00676777 0.00607688 0.00548511 0.00498944 0.00458714 0.00427589 0.00405381 0.00391974 
0.00433671 0.00438105 0.00452192 0.00476053 0.0050984 0.00553762 0.00608075 0.00673078 0.00749105 0.00836509 0.00935659 0.0104692 0.0117066 0.0130719 0.0145681 0.0161975 0.0179619 0.0198621 0.0218981 0.0240686 0.0263714 0.028803 0.0313584 0.0340313 0.036814 0.0396972 0.0426701 0.0457208 0.0488357 0.052 0.0551977 0.0584116 0.0616237 0.0648151 0.0679664 0.0710577 0.0740689 0.0769798 0.0797704 0.0824213 0.0849135 0.0872289 0.0893504 0.0912624 0.0929502 0.0944012 0.0956041 0.0965498 0.0972308 0.0976419 0.0977799 0.0976437 0.0972345 0.0965555 0.095612 0.0944113 0.0929629 0.0912777 0.0893688 0.0872505 0.0849387 0.0824503 0.0798036 0.0770173 0.0741111 0.0711048 0.0680185 0.0648723 0.061686 0.0584791 0.0552704 0.0520777 0.0489182 0.0458079 0.0427614 0.0397922 0.0369124 0.0341325 0.0314619 0.0289081 0.0264775 0.024175 0.0220041 0.019967 0.018065 0.0162981 0.0146655 0.0131655 0.0117957 0.0105533 0.00943505 0.00843745 0.00755684 0.00678961 0.00613226 0.00558151 0.00513444 0.00478853 0.00454175 0.00439287 
0.00486899 0.0049187 0.005076 0.0053422 0.00571895 0.0062085 0.00681365 0.00753762 0.00838399 0.00935659 0.0104594 0.0116962 0.013071 0.0145871 0.0162477 0.0180551 0.0200109 0.0221161 0.0243703 0.026772 0.0293185 0.0320057 0.034828 0.0377783 0.0408478 0.0440263 0.0473018 0.0506609 0.0540887 0.0575689 0.0610838 0.0646147 0.0681417 0.0716442 0.075101 0.0784903 0.0817903 0.084979 0.0880347 0.0909362 0.0936631 0.0961956 0.0985154 0.100605 0.10245 0.104035 0.105349 0.106382 0.107125 0.107574 0.107724 0.107574 0.107127 0.106384 0.105353 0.10404 0.102457 0.100614 0.0985263 0.0962091 0.0936795 0.0909561 0.0880583 0.0850067 0.0818225 0.0785273 0.075143 0.0716915 0.0681944 0.064673 0.0611477 0.0576383 0.0541635 0.0507409 0.0473866 0.0441157 0.0409413 0.0378754 0.0349281 0.0321082 0.0294227 0.0268772 0.0244757 0.0222211 0.0201147 0.0181568 0.0163466 0.0146826 0.0131622 0.0117826 0.0105402 0.00943133 0.00845213 0.00759869 0.00686723 0.00625425 0.00575658 0.0053715 0.0050968 0.00493117 
0.00546825 0.00552398 0.00569967 0.00599674 0.00641699 0.00696285 0.00763734 0.00844395 0.00938654 0.0104692 0.0116962 0.0130718 0.0145999 0.0162842 0.0181279 0.0201334 0.0223025 0.0246358 0.0271326 0.0297913 0.0326086 0.0355796 0.0386981 0.041956 0.0453435 0.0488491 0.0524595 0.05616 0.0599339 0.0637632 0.0676286 0.0715095 0.075384 0.0792297 0.0830232 0.086741 0.0903591 0.0938536 0.097201 0.100378 0.103363 0.106135 0.108672 0.110958 0.112974 0.114707 0.116143 0.117271 0.118083 0.118572 0.118736 0.118572 0.118082 0.11727 0.116142 0.114707 0.112974 0.110959 0.108675 0.106139 0.10337 0.100388 0.0972138 0.0938702 0.0903799 0.0867665 0.0830538 0.0792656 0.0754256 0.071557 0.0676822 0.0638228 0.0599995 0.0562315 0.0525367 0.0489316 0.0454309 0.0420479 0.0387939 0.0356786 0.0327101 0.0298946 0.027237 0.0247403 0.0224064 0.0202359 0.018228 0.0163812 0.014693 0.0131602 0.0117794 0.0105463 0.00945703 0.00850728 0.00769303 0.0070105 0.00645626 0.00602738 0.00572149 0.00553713 
0.00613691 0.00619933 0.00639543 0.00672674 0.00719521 0.00780347 0.00855479 0.00945293 0.010502 0.0117066 0.013071 0.0145999 0.0162974 0.0181675 0.0202134 0.0224377 0.0248419 0.0274266 0.0301908 0.0331324 0.0362475 0.0395307 0.0429747 0.0465705 0.050307 0.0541714 0.0581491 0.0622235 0.0663764 0.0705879 0.0748366 0.0791 0.0833543 0.0875746 0.0917357 0.0958118 0.0997767 0.103605 0.10727 0.110747 0.114013 0.117044 0.119819 0.122317 0.124521 0.126414 0.127982 0.129214 0.1301 0.130634 0.130812 0.130632 0.130097 0.129209 0.127976 0.126407 0.124513 0.12231 0.119812 0.117038 0.114009 0.110745 0.10727 0.103609 0.0997846 0.0958242 0.0917533 0.0875977 0.0833832 0.0791353 0.0748783 0.0706362 0.0664314 0.0622851 0.0582172 0.0542457 0.0503871 0.046656 0.043065 0.0396252 0.0363455 0.033233 0.0302933 0.02753 0.0249455 0.0225404 0.0203144 0.0182658 0.0163922 0.0146903 0.0131563 0.0117859 0.0105748 0.00951847 0.00861257 0.00785302 0.00723613 0.00675874 0.00641828 0.0062132 
0.00687732 0.00694713 0.00716569 0.00753466 0.00805616 0.00873303 0.00956879 0.0105675 0.0117336 0.0130719 0.0145871 0.0162842 0.0181675 0.0202411 0.0225085 0.0249722 0.0276336 0.0304931 0.0335495 0.0368 0.0402402 0.0438638 0.0476626 0.0516263 0.0557427 0.0599975 0.0643743 0.068855 0.0734193 0.0780454 0.0827099 0.0873878 0.0920533 0.0966792 0.101238 0.105701 0.110041 0.114229 0.118237 0.122039 0.125608 0.128919 0.131949 0.134676 0.137081 0.139147 0.140858 0.142201 0.143167 0.143749 0.143943 0.143746 0.143161 0.142192 0.140846 0.139133 0.137066 0.13466 0.131931 0.128901 0.125591 0.122024 0.118224 0.114219 0.110035 0.105699 0.101241 0.0966878 0.092068 0.0874091 0.0827381 0.0780808 0.0734621 0.0689052 0.0644318 0.0600621 0.0558141 0.0517041 0.0477462 0.0439526 0.0403335 0.036897 0.0336492 0.0305947 0.0277361 0.0250746 0.0226098 0.0203403 0.0182636 0.0163763 0.0146743 0.0131533 0.0118085 0.0106352 0.0096286 0.00878444 0.00809872 0.00756802 0.00718958 0.00696172 
0.00769163 0.00776953 0.00801264 0.00842277 0.00900218 0.00975395 0.0106819 0.0117903 0.013084 0.0145681 0.0162477 0.0181279 0.0202134 0.0225085 0.0250167 0.0277405 0.0306813 0.0338391 0.0372123 0.0407977 0.04459 0.0485821 0.0527646 0.0571262 0.061653 0.0663292 0.0711367 0.0760554 0.081063 0.0861355 0.0912473 0.096371 0.101478 0.10654 0.111525 0.116404 0.121146 0.125719 0.130095 0.134244 0.138137 0.141747 0.14505 0.148023 0.150643 0.152893 0.154756 0.156219 0.15727 0.157904 0.158114 0.157899 0.157261 0.156205 0.154738 0.152872 0.150619 0.147996 0.145022 0.141718 0.138107 0.134214 0.130067 0.125694 0.121124 0.116386 0.111512 0.106532 0.101477 0.0963766 0.0912603 0.0861563 0.0810919 0.0760925 0.071182 0.0663826 0.0617143 0.0571949 0.0528403 0.0486641 0.0446775 0.0408899 0.0373084 0.033938 0.030782 0.0278419 0.0251177 0.0226081 0.0203104 0.0182213 0.0163365 0.0146513 0.0131609 0.0118599 0.0107436 0.00980714 0.00904632 0.00845745 0.00803757 0.00778486 
0.00858174 0.00866844 0.00893822 0.00939302 0.0100353 0.0108683 0.0118962 0.0131235 0.0145555 0.0161975 0.0180551 0.0201334 0.0224377 0.0249722 0.0277405 0.0307452 0.0339874 0.0374668 0.0411815 0.0451274 0.0492986 0.0536869 0.0582819 0.0630706 0.0680378 0.0731659 0.0784349 0.0838225 0.0893045 0.0948544 0.100444 0.106044 0.111623 0.117149 0.122589 0.12791 0.13308 0.138064 0.14283 0.147347 0.151584 0.155513 0.159106 0.162338 0.165187 0.167633 0.169657 0.171246 0.172388 0.173076 0.173303 0.173069 0.172376 0.171227 0.169633 0.167603 0.165153 0.162301 0.159065 0.15547 0.15154 0.147303 0.142786 0.138022 0.13304 0.127875 0.122558 0.117123 0.111604 0.106032 0.10044 0.0948588 0.0893177 0.0838449 0.0784664 0.0732065 0.0680873 0.0631287 0.0583481 0.0537607 0.0493791 0.0452137 0.0412727 0.037562 0.0340853 0.0308447 0.0278405 0.0250714 0.022535 0.0202277 0.0181451 0.0162823 0.0146341 0.0131949 0.0119596 0.0109232 0.0100809 0.00942897 0.00896415 0.00868451 
0.00954919 0.00964541 0.00994398 0.010447 0.0111571 0.0120777 0.0132134 0.0145689 0.0161498 0.0179619 0.0200109 0.0223025 0.0248419 0.0276336 0.0306813 0.0339874 0.0375528 0.041377 0.0454573 0.0497892 0.0543656 0.0591774 0.0642128 0.0694574 0.0748942 0.0805038 0.0862642 0.0921509 0.0981371 0.104194 0.110291 0.116396 0.122475 0.128493 0.134415 0.140204 0.145826 0.151244 0.156423 0.161329 0.16593 0.170194 0.174092 0.177598 0.180688 0.183339 0.185533 0.187255 0.188493 0.189237 0.189483 0.189229 0.188476 0.187231 0.185502 0.183301 0.180644 0.177549 0.174038 0.170136 0.16587 0.161268 0.156362 0.151184 0.145768 0.14015 0.134364 0.128448 0.122437 0.116365 0.110269 0.104181 0.098133 0.0921566 0.0862801 0.0805299 0.0749303 0.0695033 0.0642681 0.0592415 0.0544377 0.0498683 0.0455426 0.0414673 0.037647 0.0340842 0.0307795 0.0277319 0.0249389 0.0223971 0.0201017 0.0180478 0.0162297 0.0146418 0.0132784 0.0121341 0.0112041 0.0104841 0.00997087 0.00966221 
0.0105951 0.0107015 0.011031 0.0115858 0.0123686 0.0133833 0.0146344 0.0161274 0.0178679 0.0198621 0.0221161 0.0246358 0.0274266 0.0304931 0.0338391 0.0374668 0.041377 0.0455685 0.0500383 0.0547808 0.0597883 0.0650501 0.0705531 0.0762813 0.0822161 0.0883358 0.0946163 0.101031 0.10755 0.114143 0.120775 0.127413 0.134018 0.140555 0.146983 0.153265 0.159362 0.165235 0.170847 0.176162 0.181143 0.185759 0.189977 0.19377 0.197111 0.199977 0.202349 0.20421 0.205548 0.206352 0.206617 0.206342 0.205528 0.204181 0.202311 0.199931 0.197056 0.193708 0.18991 0.185686 0.181067 0.176083 0.170767 0.165156 0.159284 0.15319 0.146912 0.140489 0.133959 0.127361 0.120732 0.114109 0.107527 0.101018 0.0946148 0.0883456 0.0822371 0.0763134 0.0705958 0.0651028 0.0598504 0.0548514 0.0501164 0.0456529 0.0414664 0.0375599 0.0339346 0.0305896 0.0275226 0.02473 0.0222071 0.0199487 0.0179488 0.0162015 0.0147007 0.0134409 0.0124168 0.011624 0.0110588 0.010719 
0.01172 0.0118374 0.0122 0.01281 0.0136704 0.0147854 0.0161598 0.0177992 0.0197099 0.0218981 0.0243703 0.0271326 0.0301908 0.0335495 0.0372123 0.0411815 0.0454573 0.0500383 0.0549206 0.0600978 0.065561 0.0712984 0.0772953 0.0835339 0.0899936 0.0966508 0.103479 0.110449 0.117528 0.124683 0.131878 0.139073 0.146231 0.15331 0.160268 0.167065 0.173658 0.180007 0.186071 0.191811 0.197189 0.202171 0.206723 0.210814 0.214417 0.217507 0.220064 0.222069 0.22351 0.224376 0.224661 0.224364 0.223486 0.222034 0.220018 0.217451 0.214351 0.210739 0.206641 0.202083 0.197096 0.191714 0.185972 0.179907 0.173559 0.166968 0.160175 0.153221 0.146149 0.138999 0.131812 0.124628 0.117484 0.110416 0.103458 0.0966424 0.0899977 0.0835504 0.0773237 0.0713384 0.0656117 0.0601584 0.05499 0.0501154 0.0455407 0.0412698 0.0373041 0.0336433 0.030285 0.0272258 0.0244609 0.0219847 0.0197912 0.0178741 0.016227 0.0148441 0.0137197 0.0128491 0.0122285 0.0118556 
0.0129239 0.0130531 0.0134507 0.0141194 0.0150623 0.0162838 0.017789 0.0195838 0.0216748 0.0240686 0.026772 0.0297913 0.0331324 0.0368 0.0407977 0.0451274 0.0497892 0.0547808 0.0600978 0.0657328 0.0716756 0.077913 0.0844286 0.091203 0.0982133 0.105434 0.112835 0.120385 0.128051 0.135793 0.143574 0.151352 0.159085 0.166728 0.174238 0.18157 0.188679 0.195522 0.202054 0.208235 0.214025 0.219386 0.224282 0.228682 0.232556 0.235878 0.238625 0.24078 0.242328 0.243258 0.243564 0.243244 0.2423 0.240739 0.238571 0.235811 0.232478 0.228594 0.224185 0.219281 0.213914 0.208119 0.201934 0.1954 0.188557 0.18145 0.174121 0.166616 0.158979 0.151254 0.143485 0.135715 0.127984 0.120331 0.112793 0.105405 0.0981988 0.0912021 0.0844412 0.0779385 0.0717133 0.0657819 0.0601572 0.0548493 0.0498654 0.0452098 0.0408848 0.0368902 0.033224 0.0298827 0.0268615 0.0241548 0.0217562 0.019659 0.0178568 0.0163432 0.0151124 0.0141593 0.01348 0.0130719 
0.0142063 0.0143477 0.0147825 0.0155133 0.0165434 0.0178773 0.0195206 0.0214795 0.0237608 0.0263714 0.0293185 0.0326086 0.0362475 0.0402402 0.04459 0.0492986 0.0543656 0.0597883 0.065561 0.0716756 0.0781204 0.0848808 0.0919387 0.0992725 0.106857 0.114665 0.122663 0.130818 0.139092 0.147445 0.155835 0.164217 0.172546 0.180774 0.188855 0.19674 0.204382 0.211734 0.21875 0.225386 0.2316 0.237351 0.242602 0.247319 0.251472 0.255031 0.257975 0.260284 0.261941 0.262937 0.263264 0.262921 0.261909 0.260236 0.257913 0.254955 0.251382 0.247218 0.242489 0.237229 0.231469 0.225249 0.218609 0.211589 0.204236 0.196595 0.188713 0.180636 0.172414 0.164093 0.155721 0.147342 0.139001 0.13074 0.122599 0.114615 0.106823 0.0992527 0.0919337 0.0848903 0.0781436 0.0717117 0.065609 0.0598468 0.0544333 0.0493739 0.0446713 0.0403257 0.0363356 0.0326973 0.0294063 0.0264565 0.0238416 0.0215546 0.0195887 0.0179371 0.016594 0.0155538 0.0148124 0.0143671 
0.0155655 0.01572 0.0161939 0.01699 0.0181117 0.0195639 0.0213524 0.0234836 0.0259647 0.028803 0.0320057 0.0355796 0.0395307 0.0438638 0.0485821 0.0536869 0.0591774 0.0650501 0.0712984 0.077913 0.0848808 0.0921857 0.0998075 0.107723 0.115904 0.12432 0.132938 0.141719 0.150623 0.159607 0.168625 0.177631 0.186574 0.195405 0.204073 0.212527 0.220717 0.228592 0.236104 0.243207 0.249855 0.256006 0.26162 0.266662 0.271099 0.274902 0.278047 0.280512 0.282281 0.283344 0.283693 0.283326 0.282245 0.280458 0.277976 0.274816 0.270997 0.266546 0.261491 0.255865 0.249705 0.243049 0.23594 0.228424 0.220547 0.212357 0.203905 0.195241 0.186415 0.17748 0.168484 0.159477 0.150506 0.141616 0.132849 0.124248 0.115847 0.107682 0.0997833 0.0921774 0.0848879 0.0779346 0.0713335 0.0650973 0.0592354 0.053754 0.0486564 0.0439437 0.0396143 0.035665 0.032091 0.0288864 0.0260445 0.0235581 0.0214203 0.0196239 0.0181626 0.0170309 0.0162243 0.01574 
0.0169995 0.0171678 0.0176826 0.018547 0.0197647 0.0213407 0.023281 0.0255924 0.0282824 0.0313584 0.034828 0.0386981 0.0429747 0.0476626 0.0527646 0.0582819 0.0642128 0.0705531 0.0772953 0.0844286 0.0919387 0.0998075 0.108013 0.116529 0.125327 0.134372 0.143628 0.153054 0.162607 0.17224 0.181904 0.191549 0.201123 0.210571 0.219841 0.228877 0.237626 0.246036 0.254055 0.261633 0.268724 0.275282 0.281267 0.286639 0.291366 0.295416 0.298764 0.301389 0.303272 0.304403 0.304774 0.304383 0.303232 0.301329 0.298685 0.295319 0.291252 0.286509 0.281122 0.275124 0.268555 0.261455 0.253869 0.245844 0.237431 0.228681 0.219645 0.210379 0.200936 0.191371 0.181735 0.172082 0.162462 0.152924 0.143514 0.134274 0.125246 0.116467 0.107968 0.09978 0.0919282 0.0844342 0.077316 0.0705876 0.0642597 0.0583394 0.0528309 0.0477357 0.0430528 0.0387791 0.0349099 0.0314393 0.0283604 0.0256658 0.0233482 0.0214003 0.0198156 0.0185882 0.0177133 0.0171882 
0.0185053 0.0186878 0.0192453 0.020181 0.0214986 0.0232035 0.0253019 0.0278008 0.030708 0.0340313 0.0377783 0.041956 0.0465705 0.0516263 0.0571262 0.0630706 0.0694574 0.0762813 0.0835339 0.091203 0.0992725 0.107723 0.116529 0.125664 0.135095 0.144786 0.154697 0.164785 0.175002 0.185299 0.195624 0.205923 0.21614 0.226218 0.2361 0.245729 0.255048 0.264001 0.272534 0.280596 0.288135 0.295106 0.301465 0.307172 0.312192 0.316492 0.320046 0.322831 0.32483 0.32603 0.326424 0.326008 0.324786 0.322765 0.319959 0.316385 0.312065 0.307027 0.301304 0.29493 0.287946 0.280395 0.272325 0.263785 0.254827 0.245506 0.235878 0.225998 0.215925 0.205715 0.195426 0.185113 0.174829 0.164627 0.154556 0.144663 0.13499 0.125578 0.116462 0.107674 0.0992429 0.0911912 0.0835389 0.0763018 0.0694919 0.0631173 0.0571832 0.0516917 0.0466421 0.0420318 0.0378561 0.034109 0.0307837 0.0278726 0.025368 0.0232625 0.0215492 0.0202221 0.0192763 0.0187086 
0.0200789 0.0202763 0.0208781 0.0218876 0.0233089 0.0251474 0.0274095 0.0301027 0.0332349 0.036814 0.0408478 0.0453435 0.050307 0.0557427 0.061653 0.0680378 0.0748942 0.0822161 0.0899936 0.0982133 0.106857 0.115904 0.125327 0.135095 0.145175 0.155526 0.166106 0.176869 0.187763 0.198737 0.209734 0.220697 0.231567 0.242285 0.252788 0.263017 0.272912 0.282414 0.291467 0.300016 0.308008 0.315395 0.322131 0.328175 0.33349 0.338042 0.341803 0.34475 0.346865 0.348134 0.34855 0.348109 0.346816 0.344678 0.341707 0.337924 0.333351 0.328016 0.321954 0.315201 0.307799 0.299794 0.291235 0.282173 0.272665 0.262767 0.252537 0.242036 0.231323 0.22046 0.209506 0.19852 0.18756 0.176681 0.165936 0.155375 0.145043 0.134984 0.125236 0.115834 0.106807 0.0981826 0.0899815 0.0822212 0.0749151 0.0680726 0.0616997 0.0557993 0.0503712 0.0454132 0.0409207 0.0368878 0.0333075 0.0301723 0.0274741 0.0252054 0.0233589 0.0219285 0.0209091 0.0202974 
0.0217155 0.0219283 0.0225758 0.0236616 0.0251899 0.0271662 0.0295972 0.0324907 0.0358546 0.0396972 0.0440263 0.0488491 0.0541714 0.0599975 0.0663292 0.0731659 0.0805038 0.0883358 0.0966508 0.105434 0.114665 0.12432 0.134372 0.144786 0.155526 0.166549 0.177809 0.189257 0.200839 0.212498 0.224176 0.235811 0.247342 0.258704 0.269833 0.280667 0.291142 0.301197 0.310772 0.31981 0.328257 0.336061 0.343175 0.349557 0.355166 0.35997 0.363939 0.367047 0.369278 0.370616 0.371055 0.37059 0.369225 0.366969 0.363835 0.359843 0.355016 0.349384 0.342982 0.335849 0.328028 0.319567 0.310517 0.300932 0.29087 0.28039 0.269554 0.258426 0.247067 0.235543 0.223917 0.212251 0.200605 0.18904 0.17761 0.166369 0.155367 0.144649 0.134256 0.124227 0.114593 0.105383 0.0966204 0.0883244 0.0805099 0.0731876 0.0663645 0.0600442 0.0542273 0.0489118 0.0440934 0.0397663 0.0359236 0.0325574 0.0296597 0.0272227 0.025239 0.0237021 0.0226067 0.0219496 
0.0234094 0.023638 0.0243326 0.0254967 0.0271348 0.0292526 0.0318571 0.0349559 0.0385575 0.0426701 0.0473018 0.0524595 0.0581491 0.0643743 0.0711367 0.0784349 0.0862642 0.0946163 0.103479 0.112835 0.122663 0.132938 0.143628 0.154697 0.166106 0.177809 0.189758 0.201898 0.214173 0.226524 0.238887 0.251199 0.263394 0.275404 0.287162 0.298602 0.309659 0.320266 0.330364 0.339891 0.348791 0.357011 0.364503 0.37122 0.377124 0.382178 0.386352 0.389622 0.391968 0.393375 0.393836 0.393347 0.391911 0.389538 0.386241 0.382041 0.376961 0.371034 0.364294 0.356782 0.348543 0.339627 0.330086 0.319977 0.30936 0.298298 0.286855 0.275096 0.263089 0.250901 0.238597 0.226245 0.213909 0.20165 0.189528 0.1776 0.165918 0.154532 0.143486 0.13282 0.122569 0.112763 0.103429 0.0945872 0.0862543 0.0784424 0.0711596 0.0644103 0.0581957 0.0525144 0.0473624 0.042734 0.0386223 0.0350193 0.031917 0.0293073 0.0271827 0.0255365 0.0243632 0.0236595 
0.0251539 0.0253987 0.0261414 0.0273857 0.0291361 0.0313985 0.03418 0.0374886 0.0413327 0.0457208 0.0506609 0.05616 0.0622235 0.068855 0.0760554 0.0838225 0.0921509 0.101031 0.110449 0.120385 0.130818 0.141719 0.153054 0.164785 0.176869 0.189257 0.201898 0.214734 0.227706 0.240751 0.253802 0.266792 0.27965 0.292308 0.304694 0.31674 0.328375 0.339534 0.35015 0.360163 0.369514 0.378147 0.386013 0.393063 0.399258 0.40456 0.408939 0.412368 0.414827 0.416303 0.416786 0.416273 0.414767 0.412278 0.40882 0.404414 0.399085 0.392864 0.385789 0.377902 0.369248 0.359879 0.34985 0.33922 0.328052 0.316409 0.304359 0.291972 0.279316 0.266462 0.253481 0.240441 0.227411 0.214455 0.201637 0.189017 0.176652 0.164592 0.152885 0.141575 0.1307 0.120291 0.110378 0.100983 0.0921241 0.0838149 0.0760648 0.0688792 0.06226 0.0562062 0.0507142 0.0457787 0.0413926 0.0375481 0.034237 0.031451 0.0291824 0.0274245 0.0261716 0.0254204 
0.0269416 0.0272029 0.0279946 0.0293204 0.0311849 0.0335943 0.0365558 0.0400775 0.044168 0.0488357 0.0540887 0.0599339 0.0663764 0.0734193 0.081063 0.0893045 0.0981371 0.10755 0.117528 0.128051 0.139092 0.150623 0.162607 0.175002 0.187763 0.200839 0.214173 0.227706 0.241375 0.255113 0.26885 0.282515 0.296035 0.309337 0.322347 0.334993 0.347202 0.358906 0.370037 0.380531 0.390327 0.399368 0.407602 0.414981 0.421463 0.427009 0.431589 0.435175 0.437746 0.439289 0.439793 0.439257 0.437683 0.43508 0.431463 0.426854 0.421279 0.41477 0.407365 0.399107 0.390043 0.380227 0.369716 0.35857 0.346854 0.334636 0.321985 0.308972 0.295671 0.282155 0.268498 0.254772 0.241048 0.227396 0.213881 0.200568 0.187516 0.17478 0.16241 0.150453 0.138949 0.127933 0.117436 0.107483 0.0980925 0.0892808 0.0810581 0.0734309 0.0664019 0.0599707 0.0541341 0.0488869 0.0442224 0.0401326 0.0366093 0.0336442 0.0312294 0.029358 0.0280242 0.0272246 
0.0287641 0.0290421 0.0298834 0.0312917 0.0332717 0.0358298 0.0389733 0.0427104 0.0470498 0.052 0.0575689 0.0637632 0.0705879 0.0780454 0.0861355 0.0948544 0.104194 0.114143 0.124683 0.135793 0.147445 0.159607 0.17224 0.185299 0.198737 0.212498 0.226524 0.240751 0.255113 0.269539 0.283957 0.298292 0.312467 0.326406 0.340033 0.353272 0.366048 0.37829 0.389927 0.400893 0.411127 0.420568 0.429165 0.436866 0.443629 0.449415 0.454191 0.45793 0.460611 0.462219 0.462745 0.462186 0.460544 0.45783 0.454059 0.449251 0.443435 0.436643 0.428914 0.420292 0.410826 0.400571 0.389585 0.377932 0.365676 0.35289 0.339644 0.326013 0.312074 0.297902 0.283574 0.269167 0.254754 0.240409 0.226201 0.212197 0.19846 0.185048 0.172015 0.15941 0.147277 0.135652 0.124569 0.114055 0.104131 0.0948138 0.0861156 0.0780437 0.0706018 0.06379 0.0576057 0.052044 0.0470982 0.0427607 0.039023 0.0358768 0.0333141 0.0313279 0.0299122 0.0290637 
0.0306121 0.0309071 0.0317982 0.0332896 0.035386 0.0380937 0.0414203 0.045374 0.0499637 0.0551977 0.0610838 0.0676286 0.0748366 0.0827099 0.0912473 0.100444 0.110291 0.120775 0.131878 0.143574 0.155835 0.168625 0.181904 0.195624 0.209734 0.224176 0.238887 0.253802 0.26885 0.283957 0.299047 0.314043 0.328864 0.343431 0.357664 0.371485 0.384818 0.397586 0.409719 0.421149 0.43181 0.441643 0.450592 0.458608 0.465645 0.471664 0.476631 0.48052 0.483308 0.484979 0.485526 0.484945 0.483238 0.480416 0.476494 0.471493 0.465442 0.458374 0.450329 0.441352 0.431494 0.420809 0.409359 0.397207 0.384423 0.371079 0.357249 0.343011 0.328442 0.313624 0.298634 0.283554 0.26846 0.253428 0.238533 0.223844 0.209426 0.195343 0.181651 0.168401 0.15564 0.143409 0.131741 0.120666 0.110209 0.100386 0.0912116 0.0826942 0.0748382 0.0676447 0.0611114 0.0552339 0.0500056 0.045419 0.0414658 0.0381374 0.0354259 0.0333242 0.0318262 0.0309285 
0.0324758 0.0327876 0.0337288 0.0353034 0.0375162 0.0403738 0.0438836 0.0480541 0.0528939 0.0584116 0.0646147 0.0715095 0.0791 0.0873878 0.096371 0.106044 0.116396 0.127413 0.139073 0.151352 0.164217 0.177631 0.191549 0.205923 0.220697 0.235811 0.251199 0.266792 0.282515 0.298292 0.314043 0.329686 0.34514 0.360322 0.375149 0.389539 0.403415 0.416697 0.429314 0.441193 0.45227 0.462484 0.471776 0.480096 0.487399 0.493644 0.498797 0.50283 0.505721 0.507455 0.508022 0.507419 0.50565 0.502723 0.498654 0.493467 0.487189 0.479854 0.471502 0.46218 0.45194 0.440837 0.428935 0.416299 0.402999 0.38911 0.374709 0.359876 0.344692 0.329239 0.3136 0.297858 0.282094 0.266387 0.250814 0.235448 0.22036 0.205613 0.191268 0.177379 0.163996 0.151162 0.138914 0.127282 0.116294 0.105968 0.0963192 0.0873577 0.0790888 0.0715143 0.0646326 0.0584395 0.052929 0.0480934 0.0439245 0.0404139 0.0375536 0.0353362 0.0337558 0.0328088 
0.0343444 0.0346732 0.0356642 0.0373217 0.0396505 0.0426571 0.0463493 0.0507354 0.055824 0.0616237 0.0681417 0.075384 0.0833543 0.0920533 0.101478 0.111623 0.122475 0.134018 0.146231 0.159085 0.172546 0.186574 0.201123 0.21614 0.231567 0.247342 0.263394 0.27965 0.296035 0.312467 0.328864 0.34514 0.361212 0.376992 0.392396 0.40734 0.421743 0.435524 0.448609 0.460924 0.472404 0.482984 0.492608 0.501223 0.508782 0.515244 0.520576 0.524748 0.527739 0.529533 0.530119 0.529495 0.527665 0.524637 0.520429 0.515061 0.508564 0.500971 0.492324 0.48267 0.47206 0.460554 0.448213 0.435107 0.421307 0.406889 0.391934 0.376521 0.360737 0.344665 0.328393 0.312004 0.295584 0.279215 0.262978 0.246949 0.2312 0.2158 0.200813 0.186295 0.172299 0.15887 0.146048 0.133866 0.122353 0.111528 0.10141 0.0920082 0.0833298 0.0753773 0.0681495 0.061643 0.0558518 0.0507687 0.0463854 0.0426935 0.039685 0.0373526 0.0356901 0.0346941 
0.0362069 0.0365525 0.0375929 0.0393324 0.041776 0.0449302 0.0488028 0.0534021 0.0587368 0.0648151 0.0716442 0.0792297 0.0875746 0.0966792 0.10654 0.117149 0.128493 0.140555 0.15331 0.166728 0.180774 0.195405 0.210571 0.226218 0.242285 0.258704 0.275404 0.292308 0.309337 0.326406 0.343431 0.360322 0.376992 0.393353 0.409316 0.424795 0.439706 0.453968 0.467504 0.48024 0.492106 0.50304 0.512981 0.521878 0.529683 0.536354 0.541857 0.546163 0.549249 0.551099 0.551704 0.551061 0.549173 0.546049 0.541706 0.536166 0.529459 0.521619 0.512689 0.502714 0.49175 0.479855 0.467094 0.453534 0.439252 0.424323 0.408831 0.392858 0.376492 0.359821 0.342932 0.325915 0.308857 0.291844 0.274958 0.258281 0.241888 0.22585 0.210233 0.195099 0.180501 0.166489 0.153103 0.140381 0.12835 0.117036 0.106455 0.096619 0.0875367 0.079211 0.0716417 0.0648256 0.0587571 0.0534291 0.0488338 0.0449626 0.0418075 0.0393612 0.0376175 0.036573 
0.0380516 0.0384136 0.0395026 0.0413229 0.0438795 0.0471789 0.0512289 0.0560379 0.0616144 0.0679664 0.075101 0.0830232 0.0917357 0.101238 0.111525 0.122589 0.134415 0.146983 0.160268 0.174238 0.188855 0.204073 0.219841 0.2361 0.252788 0.269833 0.287162 0.304694 0.322347 0.340033 0.357664 0.375149 0.392396 0.409316 0.425816 0.441809 0.457209 0.471933 0.485901 0.499039 0.511275 0.522546 0.532791 0.541957 0.549996 0.556866 0.562532 0.566965 0.570141 0.572046 0.572669 0.572007 0.570064 0.566848 0.562378 0.556674 0.549767 0.541692 0.532491 0.522212 0.510909 0.498642 0.485477 0.471484 0.456738 0.441319 0.425311 0.408799 0.391873 0.374623 0.35714 0.339515 0.32184 0.304202 0.286688 0.269382 0.252362 0.235704 0.219475 0.20374 0.188556 0.173974 0.160039 0.146788 0.134252 0.122458 0.111423 0.101162 0.0916841 0.0829925 0.0750879 0.0679678 0.0616269 0.0560585 0.0512546 0.0472071 0.0439078 0.0413495 0.039526 0.0384338 
0.0398664 0.0402446 0.0413812 0.0432804 0.0459474 0.0493888 0.0536121 0.0586259 0.0644385 0.0710577 0.0784903 0.086741 0.0958118 0.105701 0.116404 0.12791 0.140204 0.153265 0.167065 0.18157 0.19674 0.212527 0.228877 0.245729 0.263017 0.280667 0.298602 0.31674 0.334993 0.353272 0.371485 0.389539 0.40734 0.424795 0.441809 0.458294 0.47416 0.489324 0.503704 0.517224 0.529812 0.541403 0.551936 0.561357 0.569618 0.576676 0.582497 0.587049 0.590312 0.592268 0.592908 0.592229 0.590233 0.586931 0.58234 0.576481 0.569385 0.561087 0.551629 0.541061 0.529436 0.516817 0.503267 0.488861 0.473674 0.457787 0.441286 0.424258 0.406795 0.38899 0.370937 0.352729 0.334459 0.31622 0.298101 0.280188 0.262564 0.245305 0.228484 0.212168 0.196416 0.181282 0.166813 0.153048 0.140022 0.127761 0.116285 0.105611 0.0957465 0.0866981 0.0784666 0.0710498 0.0644431 0.0586399 0.0536324 0.0494126 0.0459725 0.0433047 0.0414032 0.0402643 
0.0416391 0.042033 0.0432157 0.0451917 0.0479659 0.051545 0.0559366 0.0611491 0.0671906 0.0740689 0.0817903 0.0903591 0.0997767 0.110041 0.121146 0.13308 0.145826 0.159362 0.173658 0.188679 0.204382 0.220717 0.237626 0.255048 0.272912 0.291142 0.309659 0.328375 0.347202 0.366048 0.384818 0.403415 0.421743 0.439706 0.457209 0.47416 0.490469 0.506049 0.520819 0.5347 0.547621 0.559514 0.570319 0.57998 0.58845 0.595685 0.601651 0.606316 0.609659 0.611664 0.61232 0.611624 0.60958 0.606197 0.601492 0.595487 0.588213 0.579705 0.570007 0.559165 0.547238 0.534284 0.520372 0.505574 0.489969 0.473638 0.456668 0.439151 0.421178 0.402844 0.384246 0.365481 0.346644 0.32783 0.309131 0.290637 0.272432 0.254598 0.237208 0.220332 0.204034 0.188368 0.173384 0.159124 0.145624 0.132912 0.12101 0.109935 0.0996978 0.0903041 0.0817559 0.0740518 0.0671873 0.0611564 0.0559515 0.0515645 0.0479877 0.0452137 0.0432364 0.0420523 
0.0433573 0.0437664 0.0449936 0.0470435 0.049921 0.0536328 0.0581865 0.0635903 0.0698522 0.0769798 0.084979 0.0938536 0.103605 0.114229 0.125719 0.138064 0.151244 0.165235 0.180007 0.195522 0.211734 0.228592 0.246036 0.264001 0.282414 0.301197 0.320266 0.339534 0.358906 0.37829 0.397586 0.416697 0.435524 0.453968 0.471933 0.489324 0.506049 0.522022 0.537157 0.551378 0.56461 0.576787 0.587846 0.597733 0.606398 0.613799 0.619899 0.62467 0.628089 0.630139 0.630809 0.630098 0.628009 0.62455 0.619739 0.613599 0.606158 0.597454 0.58753 0.576433 0.564221 0.550954 0.536701 0.521536 0.505537 0.488788 0.471377 0.453396 0.43494 0.416107 0.396994 0.3777 0.358324 0.338964 0.319714 0.300667 0.28191 0.263526 0.245593 0.228183 0.211362 0.195187 0.179711 0.164977 0.151022 0.137878 0.125567 0.114108 0.103512 0.0937867 0.0849341 0.0769535 0.0698411 0.063591 0.0581959 0.053648 0.0499395 0.0470631 0.0450128 0.0437851 
0.0450087 0.0454322 0.0467021 0.0488226 0.0517989 0.0556375 0.060346 0.0659325 0.0724049 0.0797704 0.0880347 0.097201 0.10727 0.118237 0.130095 0.14283 0.156423 0.170847 0.186071 0.202054 0.21875 0.236104 0.254055 0.272534 0.291467 0.310772 0.330364 0.35015 0.370037 0.389927 0.409719 0.429314 0.448609 0.467504 0.485901 0.503704 0.520819 0.537157 0.552635 0.567172 0.580695 0.593135 0.604431 0.614526 0.623373 0.630927 0.637153 0.642022 0.64551 0.647602 0.648287 0.647562 0.64543 0.641901 0.636992 0.630726 0.623131 0.614245 0.604111 0.592777 0.5803 0.566742 0.552171 0.536662 0.520295 0.503155 0.485331 0.466916 0.448008 0.428705 0.409107 0.389316 0.369434 0.349558 0.329788 0.310218 0.290939 0.272035 0.253588 0.235673 0.218356 0.201698 0.185754 0.170569 0.156183 0.142627 0.129927 0.118102 0.107165 0.0971226 0.0879796 0.0797352 0.0723861 0.0659267 0.06035 0.0556484 0.0518141 0.0488399 0.0467198 0.0454505 
0.0465811 0.0470184 0.0483286 0.0505161 0.0535859 0.0575446 0.0623997 0.0681591 0.0748307 0.0824213 0.0909362 0.100378 0.110747 0.122039 0.134244 0.147347 0.161329 0.176162 0.191811 0.208235 0.225386 0.243207 0.261633 0.280596 0.300016 0.31981 0.339891 0.360163 0.380531 0.400893 0.421149 0.441193 0.460924 0.48024 0.499039 0.517224 0.5347 0.551378 0.567172 0.582002 0.595793 0.608476 0.61999 0.630278 0.639292 0.646988 0.65333 0.658288 0.661841 0.663971 0.664668 0.66393 0.66176 0.658167 0.653168 0.646786 0.639049 0.629996 0.619668 0.608115 0.595394 0.581566 0.566702 0.550875 0.534167 0.516664 0.498456 0.479638 0.460309 0.440568 0.420519 0.400264 0.379907 0.359551 0.339294 0.319234 0.299465 0.280074 0.261145 0.242753 0.224971 0.207859 0.191474 0.175865 0.161072 0.147128 0.134061 0.12189 0.11063 0.100289 0.0908712 0.0823774 0.0748044 0.068147 0.0623985 0.0575513 0.0535978 0.0505311 0.0483449 0.0470361 
0.0480626 0.0485129 0.0498609 0.0521111 0.0552687 0.05934 0.0643325 0.070254 0.0771121 0.0849135 0.0936631 0.103363 0.114013 0.125608 0.138137 0.151584 0.16593 0.181143 0.197189 0.214025 0.2316 0.249855 0.268724 0.288135 0.308008 0.328257 0.348791 0.369514 0.390327 0.411127 0.43181 0.45227 0.472404 0.492106 0.511275 0.529812 0.547621 0.56461 0.580695 0.595793 0.609829 0.622735 0.634449 0.644913 0.654079 0.661904 0.668351 0.673392 0.677003 0.679168 0.679877 0.679128 0.676922 0.673271 0.66819 0.661702 0.653836 0.64463 0.634125 0.622372 0.609427 0.595353 0.580219 0.564101 0.54708 0.529243 0.510682 0.491493 0.471775 0.451631 0.431164 0.41048 0.389685 0.368882 0.348174 0.327661 0.307437 0.287593 0.268215 0.249381 0.231164 0.21363 0.196834 0.180829 0.165656 0.15135 0.137939 0.125446 0.113884 0.103263 0.0935886 0.0848613 0.0770786 0.0702358 0.0643262 0.0593426 0.0552775 0.0521239 0.0498759 0.0485301 
