5.80572e-06 6.00714e-06 6.8397e-06 8.36802e-06 1.07028e-05 1.40066e-05 1.84987e-05 2.44613e-05 3.22469e-05 4.22855e-05 5.50928e-05 7.12775e-05 9.1548e-05 0.000116717 0.000147707 0.000185543 0.000231358 0.000286377 0.000351906 0.000429314 0.000520004 0.000625385 0.000746831 0.000885642 0.00104299 0.00121988 0.00141709 0.00163509 0.00187406 0.00213377 0.00241359 0.0027124 0.00302865 0.00336027 0.00370474 0.00405905 0.00441976 0.00478308 0.00514487 0.00550075 0.00584618 0.00617656 0.00648731 0.00677399 0.00703238 0.00725861 0.00744922 0.00760125 0.0077123 0.00778064 0.00780518 0.00778553 0.00772203 0.00761571 0.00746825 0.00728201 0.00705988 0.00680529 0.00652208 0.00621442 0.00588674 0.00554359 0.00518955 0.00482915 0.00446677 0.00410654 0.00375229 0.00340746 0.00307508 0.0027577 0.00245743 0.00217587 0.00191417 0.00167299 0.00145263 0.00125295 0.00107352 0.000913602 0.000772241 0.000648297 0.000540501 0.000447505 0.000367923 0.000300366 0.000243478 0.000195959 0.000156585 0.000124223 9.78394e-05 7.65061e-05 5.93997e-05 4.57998e-05 3.5085e-05 2.67264e-05 2.02801e-05 1.53804e-05 1.17317e-05 9.10184e-06 7.31586e-06 6.25282e-06 
6.00714e-06 6.21682e-06 7.08109e-06 8.66714e-06 1.10901e-05 1.45187e-05 1.9181e-05 2.53703e-05 3.34526e-05 4.38747e-05 5.71724e-05 7.39779e-05 9.50269e-05 0.000121163 0.000153343 0.000192633 0.000240206 0.000297333 0.000365368 0.000445729 0.000539869 0.000649246 0.000775281 0.000919317 0.00108257 0.00126606 0.00147058 0.00169665 0.0019444 0.00221361 0.0025036 0.00281323 0.00314086 0.00348435 0.00384107 0.00420792 0.00458134 0.00495738 0.00533177 0.00569999 0.00605734 0.00639907 0.00672045 0.0070169 0.00728406 0.00751794 0.00771497 0.00787209 0.00798685 0.00805744 0.00808275 0.00806239 0.00799669 0.00788672 0.00773422 0.00754161 0.00731189 0.00704859 0.00675566 0.00643743 0.00609845 0.00574342 0.00537709 0.00500412 0.00462906 0.00425616 0.00388939 0.00353232 0.00318809 0.00285934 0.00254826 0.00225651 0.00198529 0.00173531 0.00150686 0.00129983 0.00111376 0.000947907 0.000801278 0.000672699 0.000560861 0.000464369 0.000381788 0.000311681 0.000252642 0.000203325 0.000162461 0.000128874 0.000101492 7.93528e-05 6.1601e-05 4.74892e-05 3.63722e-05 2.77008e-05 2.10143e-05 1.59327e-05 1.21491e-05 9.42257e-06 7.57131e-06 6.46977e-06 
6.8397e-06 7.08109e-06 8.066e-06 9.87053e-06 1.26248e-05 1.65198e-05 2.18127e-05 2.88342e-05 3.79969e-05 4.98036e-05 6.48562e-05 8.38646e-05 0.000107653 0.000137167 0.000173474 0.000217764 0.000271343 0.000335625 0.000412112 0.000502372 0.000608011 0.000730632 0.000871797 0.00103297 0.00121547 0.00142042 0.00164864 0.00190067 0.00217663 0.00247622 0.00279866 0.00314264 0.00350631 0.00388728 0.00428262 0.00468888 0.00510211 0.00551795 0.0059317 0.00633837 0.00673281 0.0071098 0.00746416 0.00779087 0.00808518 0.00834271 0.00855957 0.00873243 0.00885861 0.00893616 0.00896385 0.00894126 0.00886876 0.00874751 0.00857943 0.00836714 0.00811393 0.00782364 0.0075006 0.00714955 0.00677545 0.00638348 0.00597883 0.00556664 0.00515188 0.00473928 0.00433319 0.00393758 0.00355591 0.00319116 0.00284574 0.00252154 0.00221991 0.00194167 0.00168719 0.00145638 0.00124876 0.00106354 0.000899644 0.000755805 0.000630586 0.000522458 0.00042984 0.000351146 0.000284822 0.000229373 0.000183391 0.000145568 0.00011471 8.97414e-05 6.97062e-05 5.37683e-05 4.12043e-05 3.13981e-05 2.38321e-05 1.80792e-05 1.37941e-05 1.07053e-05 8.60815e-06 7.36109e-06 
8.36802e-06 8.66714e-06 9.87053e-06 1.20701e-05 1.54228e-05 2.01584e-05 2.6586e-05 3.51027e-05 4.62025e-05 6.04866e-05 7.86734e-05 0.000101608 0.000130271 0.000165781 0.000209402 0.000262537 0.000326723 0.000403617 0.000494975 0.000602625 0.000728429 0.000874241 0.00104186 0.00123295 0.00144901 0.00169129 0.0019607 0.0022578 0.00258265 0.00293484 0.00331338 0.00371669 0.00414254 0.00458811 0.00504993 0.00552396 0.00600561 0.00648979 0.00697106 0.00744366 0.00790163 0.00833898 0.00874977 0.00912823 0.00946893 0.00976687 0.0100176 0.0102173 0.010363 0.0104524 0.0104842 0.0104578 0.0103737 0.0102331 0.0100384 0.00979251 0.00949913 0.00916269 0.00878816 0.00838092 0.00794671 0.00749143 0.00702108 0.00654159 0.00605869 0.00557786 0.00510415 0.00464219 0.00419603 0.00376916 0.00336445 0.00298415 0.00262988 0.00230269 0.00200304 0.0017309 0.00148579 0.00126683 0.00107283 0.000902325 0.000753694 0.000625172 0.000514936 0.000421145 0.00034199 0.000275725 0.0002207 0.000175379 0.000138356 0.000108359 8.42592e-05 6.50642e-05 4.99147e-05 3.8077e-05 2.89338e-05 2.19749e-05 1.67872e-05 1.30457e-05 1.05049e-05 8.99525e-06 
1.07028e-05 1.10901e-05 1.26248e-05 1.54228e-05 1.96809e-05 2.5687e-05 3.38275e-05 4.45981e-05 5.8614e-05 7.66225e-05 9.95144e-05 0.000128335 0.000164293 0.000208767 0.000263305 0.000329623 0.000409596 0.000505235 0.000618664 0.000752087 0.000907738 0.00108783 0.00129449 0.00152968 0.00179515 0.00209232 0.00242223 0.00278542 0.0031819 0.00361105 0.00407159 0.0045615 0.00507804 0.00561771 0.0061763 0.00674887 0.00732989 0.00791327 0.00849246 0.00906058 0.00961056 0.0101353 0.0106277 0.0110809 0.0114886 0.0118449 0.0121446 0.0123831 0.0125569 0.0126634 0.012701 0.012669 0.0125681 0.0123998 0.0121666 0.0118721 0.0115207 0.0111176 0.0106686 0.01018 0.00965881 0.00911185 0.0085463 0.00796919 0.00738739 0.00680743 0.00623542 0.00567689 0.00513679 0.00461936 0.00412811 0.00366583 0.00323458 0.00283569 0.00246983 0.00213704 0.00183683 0.00156823 0.00132986 0.00112003 0.000936817 0.000778137 0.000641812 0.000525636 0.00042743 0.000345084 0.000276596 0.000220097 0.000173869 0.000136357 0.000106173 8.20958e-05 6.30655e-05 4.81745e-05 3.66579e-05 2.78821e-05 2.13333e-05 1.66064e-05 1.33957e-05 1.14894e-05 
1.40066e-05 1.45187e-05 1.65198e-05 2.01584e-05 2.5687e-05 3.34736e-05 4.40121e-05 5.79339e-05 7.60215e-05 9.92232e-05 0.000128667 0.000165671 0.000211759 0.000268659 0.00033831 0.000422853 0.000524615 0.000646089 0.000789896 0.000958738 0.00115535 0.00138241 0.00164249 0.00193794 0.00227082 0.00264279 0.003055 0.003508 0.00400167 0.00453512 0.00510664 0.00571362 0.00635259 0.00701916 0.00770807 0.00841323 0.00912783 0.00984439 0.0105549 0.0112511 0.0119243 0.0125659 0.0131674 0.0137206 0.0142178 0.014652 0.0150169 0.0153071 0.0155184 0.0156476 0.0156929 0.0156536 0.0155303 0.0153248 0.0150403 0.0146809 0.014252 0.0137597 0.0132111 0.0126139 0.0119762 0.0113065 0.0106133 0.0099052 0.0091906 0.00847742 0.00777313 0.00708457 0.0064178 0.00577812 0.00516993 0.00459674 0.0040612 0.00356506 0.00310927 0.00269401 0.00231878 0.00198249 0.00168354 0.00141994 0.00118939 0.000989359 0.000817218 0.000670267 0.000545834 0.00044132 0.000354247 0.000282294 0.000223324 0.000175394 0.000136764 0.000105902 8.14706e-05 6.23248e-05 4.74967e-05 3.6183e-05 2.77309e-05 2.16254e-05 1.74768e-05 1.50155e-05 
1.84987e-05 1.9181e-05 2.18127e-05 2.6586e-05 3.38275e-05 4.40121e-05 5.77758e-05 7.59301e-05 9.94792e-05 0.000129636 0.000167841 0.000215773 0.000275366 0.000348808 0.000438545 0.000547271 0.000677902 0.000833551 0.00101747 0.00123302 0.00148354 0.00177233 0.00210251 0.00247691 0.00289798 0.00336763 0.00388715 0.00445709 0.00507711 0.00574595 0.00646131 0.00721983 0.00801705 0.00884741 0.00970432 0.0105802 0.0114666 0.0123542 0.0132333 0.0140935 0.0149245 0.0157156 0.0164566 0.0171375 0.017749 0.0182825 0.0187305 0.0190866 0.0193457 0.0195039 0.019559 0.0195102 0.0193583 0.0191054 0.0187553 0.0183131 0.0177853 0.0171792 0.0165033 0.0157671 0.0149803 0.0141533 0.0132965 0.0124204 0.0115352 0.0106507 0.00977609 0.0089199 0.00808967 0.00729201 0.00653248 0.00581559 0.00514472 0.00452222 0.0039494 0.00342666 0.00295352 0.00252875 0.00215051 0.00181642 0.0015237 0.0012693 0.00104999 0.000862449 0.00070337 0.000569526 0.000457827 0.000365369 0.000289465 0.000227669 0.000177783 0.000137864 0.000106214 8.13733e-05 6.21077e-05 4.7389e-05 3.63809e-05 2.84222e-05 2.30125e-05 1.9805e-05 
2.44613e-05 2.53703e-05 2.88342e-05 3.51027e-05 4.45981e-05 5.79339e-05 7.59301e-05 9.96314e-05 0.000130327 0.000169572 0.000219205 0.00028137 0.000358521 0.000453435 0.000569201 0.00070921 0.000877122 0.00107683 0.00131237 0.00158791 0.00190758 0.0022754 0.00269517 0.00317028 0.00370364 0.00429747 0.0049532 0.00567128 0.00645112 0.00729091 0.00818763 0.00913688 0.010133 0.0111689 0.0122363 0.0133258 0.0144268 0.0155279 0.016617 0.0176816 0.0187087 0.0196856 0.0205997 0.0214389 0.022192 0.0228485 0.0233995 0.0238371 0.0241551 0.0243491 0.0244163 0.0243557 0.0241683 0.0238567 0.0234255 0.0228807 0.0222302 0.021483 0.0206493 0.0197404 0.0187683 0.0177457 0.0166851 0.0155995 0.0145014 0.0134028 0.0123152 0.011249 0.0102136 0.00921748 0.00826754 0.00736953 0.00652784 0.00574559 0.00502459 0.00436553 0.00376799 0.00323065 0.00275133 0.00232724 0.00195503 0.00163098 0.00135114 0.00111143 0.000907747 0.000736082 0.000592577 0.000473592 0.000375747 0.000295957 0.000231441 0.000179731 0.00013867 0.000106395 8.13282e-05 6.21526e-05 4.77953e-05 3.74064e-05 3.03421e-05 2.6156e-05 
3.22469e-05 3.34526e-05 3.79969e-05 4.62025e-05 5.8614e-05 7.60215e-05 9.94792e-05 0.000130327 0.000170216 0.000221132 0.000285418 0.000365799 0.000465385 0.000587683 0.000736587 0.00091635 0.00113155 0.00138703 0.00168783 0.00203904 0.00244577 0.0029129 0.00344503 0.00404623 0.00471992 0.00546864 0.00629392 0.0071961 0.00817416 0.00922563 0.0103465 0.0115311 0.0127721 0.0140608 0.0153866 0.0167379 0.0181016 0.0194636 0.0208091 0.0221227 0.0233886 0.0245914 0.0257158 0.0267472 0.0276719 0.0284775 0.0291531 0.0296893 0.0300787 0.0303159 0.0303976 0.0303226 0.0300922 0.0297095 0.0291799 0.0285108 0.0277116 0.026793 0.0257676 0.0246489 0.0234515 0.0221906 0.0208816 0.0195403 0.0181819 0.0168213 0.0154725 0.0141485 0.012861 0.0116204 0.0104356 0.00931385 0.00826076 0.00728045 0.00637542 0.00554675 0.00479418 0.00411627 0.00351053 0.00297365 0.00250165 0.00209001 0.00173392 0.00142836 0.00116828 0.000948719 0.00076486 0.00061216 0.000486384 0.000383647 0.000300443 0.000233649 0.000180529 0.000138714 0.000106191 8.12809e-05 6.26089e-05 4.90866e-05 3.98878e-05 3.44398e-05 
4.22855e-05 4.38747e-05 4.98036e-05 6.04866e-05 7.66225e-05 9.92232e-05 0.000129636 0.000169572 0.000221132 0.000286839 0.000369664 0.000473049 0.000600915 0.00075767 0.000948188 0.00117778 0.00145214 0.00177727 0.00215937 0.0026047 0.00311948 0.00370963 0.00438067 0.00513744 0.0059839 0.00692295 0.00795618 0.00908369 0.0103039 0.0116134 0.013007 0.0144774 0.0160154 0.01761 0.019248 0.0209151 0.022595 0.0242707 0.0259239 0.0275359 0.0290878 0.0305607 0.0319362 0.0331969 0.0343262 0.0353093 0.0361331 0.0367865 0.0372607 0.0375492 0.037648 0.037556 0.0372743 0.0368068 0.0361601 0.035343 0.0343664 0.0332436 0.0319893 0.0306199 0.0291529 0.0276066 0.0259999 0.0243516 0.0226803 0.0210042 0.0193404 0.017705 0.0161124 0.0145755 0.0131055 0.0117115 0.0104008 0.00917864 0.00804849 0.00701195 0.006069 0.00521814 0.00445656 0.00378039 0.00318489 0.00266466 0.00221385 0.00182635 0.00149597 0.00121657 0.000982211 0.000787244 0.000626386 0.00049478 0.000388023 0.000302188 0.000233819 0.000179921 0.000137943 0.000105749 8.15905e-05 6.40802e-05 5.21636e-05 4.51093e-05 
5.50928e-05 5.71724e-05 6.48562e-05 7.86734e-05 9.95144e-05 0.000128667 0.000167841 0.000219205 0.000285418 0.000369664 0.000475683 0.000607793 0.000770908 0.000970525 0.00121271 0.00150404 0.00185156 0.00226263 0.00274485 0.00330586 0.00395315 0.00469386 0.00553455 0.00648089 0.00753747 0.0087075 0.00999255 0.0113923 0.0129046 0.0145247 0.0162458 0.0180588 0.019952 0.0219117 0.0239218 0.0259644 0.02802 0.0300674 0.0320848 0.0340496 0.0359389 0.03773 0.0394011 0.0409312 0.0423008 0.0434922 0.0444898 0.0452806 0.045854 0.0462025 0.0463213 0.0462091 0.0458672 0.0453004 0.0445163 0.0435253 0.0423405 0.0409775 0.039454 0.0377894 0.0360046 0.0341215 0.0321627 0.030151 0.0281088 0.026058 0.0240196 0.022013 0.0200562 0.018165 0.0163532 0.0146324 0.0130117 0.0114981 0.010096 0.00880791 0.00763409 0.00657306 0.00562172 0.0047756 0.00402913 0.00337587 0.00280879 0.00232051 0.00190348 0.0015502 0.00125337 0.00100602 0.000801601 0.000634081 0.000497974 0.000388366 0.000300928 0.000231897 0.000178057 0.000136713 0.000105654 8.31234e-05 6.77836e-05 5.87068e-05 
7.12775e-05 7.39779e-05 8.38646e-05 0.000101608 0.000128335 0.000165671 0.000215773 0.00028137 0.000365799 0.000473049 0.000607793 0.000775416 0.000982019 0.00123441 0.00154009 0.00190714 0.00234418 0.00286021 0.00346444 0.0041661 0.00497417 0.00589716 0.00694278 0.00811764 0.00942693 0.0108741 0.0124607 0.0141858 0.0160461 0.0180356 0.0201456 0.0223643 0.0246774 0.0270678 0.0295159 0.0319998 0.0344957 0.0369784 0.0394213 0.0417976 0.0440798 0.0462412 0.0482556 0.0500984 0.0517464 0.053179 0.0543777 0.0553272 0.0560152 0.0564328 0.0565747 0.056439 0.0560275 0.0553456 0.0544024 0.0532101 0.051784 0.0501426 0.0483065 0.0462988 0.0441442 0.0418687 0.039499 0.0370625 0.034586 0.0320958 0.0296172 0.0271738 0.0247873 0.0224773 0.0202609 0.0181522 0.016163 0.0143021 0.0125753 0.0109861 0.00953543 0.00822182 0.00704194 0.0059907 0.00506161 0.00424711 0.00353882 0.00292788 0.00240518 0.00196163 0.00158831 0.00127669 0.00101873 0.00080698 0.00063466 0.000495671 0.000384624 0.000296823 0.000228249 0.000175523 0.00013587 0.00010708 8.74704e-05 7.58717e-05 
9.1548e-05 9.50269e-05 0.000107653 0.000130271 0.000164293 0.000211759 0.000275366 0.000358521 0.000465385 0.000600915 0.000770908 0.000982019 0.00124177 0.00155854 0.00194149 0.0024005 0.00294605 0.00358901 0.00434047 0.00521146 0.00621269 0.00735415 0.00864484 0.0100923 0.0117024 0.0134788 0.0154226 0.0175323 0.0198031 0.0222274 0.0247937 0.0274878 0.0302916 0.0331843 0.036142 0.0391384 0.0421448 0.0451309 0.0480653 0.0509158 0.0536503 0.056237 0.0586454 0.0608464 0.0628131 0.0645213 0.0659497 0.0670804 0.0678991 0.0683956 0.0685635 0.0684009 0.0679098 0.0670965 0.0659715 0.0645489 0.0628468 0.0608864 0.0586919 0.0562904 0.0537106 0.0509833 0.04814 0.0452128 0.0422338 0.0392342 0.0362444 0.0332925 0.0304051 0.0276057 0.0249153 0.0223515 0.0199288 0.0176583 0.0155478 0.0136021 0.0118228 0.0102088 0.0087564 0.00746007 0.00631231 0.00530431 0.00442619 0.00366742 0.0030171 0.00246428 0.0019982 0.00160848 0.00128532 0.00101962 0.000803037 0.00062807 0.000488059 0.000377195 0.000290486 0.000223731 0.000173472 0.00013695 0.000112062 9.73472e-05 
0.000116717 0.000121163 0.000137167 0.000165781 0.000208767 0.000268659 0.000348808 0.000453435 0.000587683 0.00075767 0.000970525 0.00123441 0.00155854 0.00195311 0.00242926 0.00299894 0.00367477 0.0044698 0.00539726 0.00647022 0.00770127 0.00910209 0.010683 0.0124526 0.0144173 0.0165807 0.0189435 0.0215032 0.0242533 0.0271837 0.0302803 0.0335252 0.0368965 0.0403687 0.0439131 0.047498 0.0510894 0.0546513 0.0581466 0.0615375 0.0647864 0.0678561 0.0707111 0.0733177 0.0756448 0.0776643 0.0793519 0.0806868 0.0816528 0.082238 0.0824352 0.0822421 0.0816611 0.0806995 0.0793692 0.0776866 0.0756724 0.073351 0.0707506 0.0679023 0.0648396 0.0615983 0.0582151 0.0547277 0.0511738 0.0475904 0.0440132 0.0404762 0.0370108 0.0336456 0.0304058 0.0273133 0.0243859 0.0216375 0.0190783 0.0167146 0.0145491 0.0125811 0.0108071 0.00922069 0.00781358 0.00657555 0.00549509 0.0045598 0.00375677 0.00307292 0.00249536 0.0020116 0.00160978 0.00127884 0.00100864 0.000790005 0.00061478 0.000475824 0.000366992 0.000283097 0.000219862 0.000173871 0.000142517 0.000123985 
0.000147707 0.000153343 0.000173474 0.000209402 0.000263305 0.00033831 0.000438545 0.000569201 0.000736587 0.000948188 0.00121271 0.00154009 0.00194149 0.00242926 0.0030168 0.00371848 0.00454935 0.00552493 0.00666085 0.00797248 0.00947448 0.0111803 0.0131017 0.0152483 0.0176269 0.020241 0.0230906 0.0261716 0.0294755 0.0329895 0.0366959 0.0405726 0.0445932 0.0487268 0.0529393 0.0571929 0.0614474 0.0656606 0.0697891 0.0737887 0.0776159 0.0812276 0.0845831 0.0876435 0.0903732 0.0927403 0.0947167 0.0962792 0.097409 0.0980928 0.0983224 0.0980953 0.0974141 0.0962872 0.094728 0.0927552 0.0903924 0.0876675 0.0846126 0.0812634 0.0776585 0.0738389 0.0698474 0.0657275 0.0615233 0.0572779 0.0530334 0.0488298 0.0447047 0.040692 0.0368223 0.0331218 0.0296127 0.0263122 0.0232332 0.0203842 0.0177691 0.0153882 0.0132379 0.0113116 0.00959967 0.0080907 0.00677137 0.00562722 0.00464309 0.00380352 0.00309318 0.00249717 0.00200126 0.00159214 0.00125755 0.000986383 0.000768712 0.000595835 0.000460245 0.000355587 0.000276614 0.000219127 0.000179916 0.000156748 
0.000185543 0.000192633 0.000217764 0.000262537 0.000329623 0.000422853 0.000547271 0.00070921 0.00091635 0.00117778 0.00150404 0.00190714 0.0024005 0.00299894 0.00371848 0.00457619 0.00558992 0.00677796 0.0081586 0.00974973 0.0115682 0.0136295 0.0159467 0.0185304 0.0213875 0.0245215 0.027931 0.0316102 0.035548 0.039728 0.0441286 0.0487227 0.0534785 0.0583594 0.0633246 0.0683298 0.0733279 0.0782697 0.0831048 0.0877825 0.0922524 0.0964656 0.100375 0.103937 0.107112 0.109862 0.112157 0.113969 0.115279 0.116071 0.116337 0.116072 0.11528 0.113971 0.11216 0.109867 0.10712 0.103949 0.100392 0.0964873 0.0922805 0.087818 0.0831487 0.0783226 0.0733906 0.0684028 0.0634081 0.0584535 0.053583 0.0488371 0.0442521 0.0398597 0.0356866 0.0317544 0.0280792 0.024672 0.0215388 0.0186806 0.0160943 0.013773 0.0117062 0.00988097 0.00828216 0.00689307 0.00569606 0.00467304 0.00380594 0.00307711 0.00246963 0.00196762 0.00155638 0.00122253 0.000954133 0.000740644 0.000572963 0.000443366 0.000345465 0.000274137 0.000225463 0.000196711 
0.000231358 0.000240206 0.000271343 0.000326723 0.000409596 0.000524615 0.000677902 0.000877122 0.00113155 0.00145214 0.00185156 0.00234418 0.00294605 0.00367477 0.00454935 0.00558992 0.00681745 0.00825328 0.00991867 0.0118342 0.0140192 0.0164908 0.0192639 0.0223496 0.0257552 0.0294831 0.0335307 0.0378897 0.0425458 0.0474786 0.0526614 0.058062 0.0636419 0.0693581 0.0751625 0.0810035 0.0868263 0.0925742 0.0981894 0.103614 0.10879 0.113663 0.118179 0.122289 0.125949 0.129116 0.131757 0.133842 0.135348 0.136257 0.136561 0.136255 0.135344 0.133837 0.131751 0.12911 0.125943 0.122286 0.118179 0.113667 0.1088 0.10363 0.0982141 0.0926084 0.0868709 0.0810594 0.0752304 0.0694383 0.0637345 0.0581666 0.0527776 0.0476054 0.0426821 0.0380341 0.0336815 0.0296385 0.0259132 0.0225085 0.0194217 0.0166456 0.0141693 0.0119783 0.0100553 0.0083815 0.00693645 0.00569919 0.00464859 0.00376395 0.00302532 0.00241387 0.00191213 0.00150416 0.00117564 0.000913931 0.000708085 0.000548785 0.000428309 0.000340455 0.000280474 0.000245054 
0.000286377 0.000297333 0.000335625 0.000403617 0.000505235 0.000646089 0.000833551 0.00107683 0.00138703 0.00177727 0.00226263 0.00286021 0.00358901 0.0044698 0.00552493 0.00677796 0.00825328 0.00997562 0.0119694 0.0142581 0.0168636 0.019805 0.0230983 0.0267555 0.0307836 0.0351839 0.0399518 0.0450759 0.0505382 0.0563134 0.0623693 0.068667 0.0751614 0.0818016 0.0885319 0.0952923 0.10202 0.10865 0.115117 0.121354 0.127297 0.132885 0.138057 0.14276 0.146942 0.150559 0.153572 0.155949 0.157664 0.1587 0.159045 0.158695 0.157655 0.155935 0.153554 0.150539 0.14692 0.142738 0.138037 0.132867 0.127284 0.121347 0.115117 0.10866 0.102041 0.0953258 0.0885786 0.0818624 0.0752366 0.0687566 0.062473 0.0564305 0.0506677 0.0452163 0.0401014 0.0353408 0.0309457 0.0269208 0.0232644 0.0199697 0.017025 0.0144144 0.0121189 0.010117 0.00838541 0.00690007 0.00563652 0.00457065 0.00367913 0.00293984 0.00233217 0.00183724 0.00143807 0.00111959 0.000868736 0.000674349 0.00052717 0.000419749 0.000346373 0.000303053 
0.000351906 0.000365368 0.000412112 0.000494975 0.000618664 0.000789896 0.00101747 0.00131237 0.00168783 0.00215937 0.00274485 0.00346444 0.00434047 0.00539726 0.00666085 0.0081586 0.00991867 0.0119694 0.0143387 0.017053 0.0201366 0.0236108 0.0274927 0.0317945 0.0365227 0.0416771 0.0472504 0.0532276 0.0595861 0.0662948 0.0733153 0.0806013 0.0880999 0.0957519 0.103493 0.111254 0.118964 0.126548 0.133933 0.141046 0.147813 0.154166 0.16004 0.165373 0.170112 0.174206 0.177614 0.180301 0.182239 0.183407 0.183796 0.183399 0.182222 0.180277 0.177584 0.174171 0.170072 0.165331 0.159996 0.154123 0.147773 0.141011 0.133906 0.12653 0.118956 0.111259 0.103513 0.0957874 0.0881519 0.0806702 0.073401 0.066397 0.0597037 0.0533594 0.0473946 0.0418318 0.0366856 0.0319632 0.0276647 0.0237837 0.0203079 0.0172205 0.0145004 0.0121236 0.0100639 0.00829378 0.0067852 0.00551032 0.00444207 0.00355468 0.00282404 0.00222797 0.00174644 0.00136168 0.00105818 0.000822689 0.000644186 0.000513787 0.000424669 0.000372067 
0.000429314 0.000445729 0.000502372 0.000602625 0.000752087 0.000958738 0.00123302 0.00158791 0.00203904 0.0026047 0.00330586 0.0041661 0.00521146 0.00647022 0.00797248 0.00974973 0.0118342 0.0142581 0.017053 0.0202483 0.0238711 0.0279442 0.0324859 0.0375083 0.0430168 0.0490091 0.0554746 0.0623941 0.0697391 0.0774725 0.0855481 0.0939119 0.102502 0.11125 0.120083 0.128921 0.137685 0.146291 0.154656 0.162699 0.17034 0.177503 0.184117 0.190116 0.195439 0.200034 0.203856 0.206867 0.209037 0.210345 0.210778 0.210333 0.209014 0.206833 0.203812 0.199981 0.195379 0.19005 0.184048 0.177432 0.17027 0.162632 0.154595 0.146238 0.137643 0.128893 0.12007 0.111255 0.102525 0.093954 0.0856099 0.0775538 0.0698393 0.062512 0.0556087 0.0491572 0.0431765 0.0376771 0.032661 0.0281228 0.0240503 0.0204256 0.0172259 0.0144245 0.0119923 0.00989796 0.00810979 0.00659587 0.00532505 0.00426753 0.00339531 0.00268256 0.00210586 0.00164433 0.00127976 0.000996509 0.000781561 0.000624399 0.000516935 0.000453518 
0.000520004 0.000539869 0.000608011 0.000728429 0.000907738 0.00115535 0.00148354 0.00190758 0.00244577 0.00311948 0.00395315 0.00497417 0.00621269 0.00770127 0.00947448 0.0115682 0.0140192 0.0168636 0.0201366 0.0238711 0.0280963 0.0328369 0.0381116 0.0439323 0.0503026 0.0572175 0.0646623 0.0726124 0.0810333 0.0898802 0.0990988 0.108626 0.11839 0.128314 0.138313 0.148298 0.158181 0.167867 0.177266 0.186287 0.194844 0.202854 0.210239 0.216929 0.222859 0.227973 0.232223 0.235568 0.237977 0.239429 0.239909 0.239413 0.237947 0.235523 0.232164 0.227902 0.222777 0.216838 0.210142 0.202752 0.194741 0.186185 0.177168 0.167777 0.158101 0.148232 0.138262 0.128281 0.118378 0.108635 0.0991305 0.0899347 0.0811102 0.0727109 0.0647808 0.057354 0.0504548 0.0440973 0.0382864 0.0330183 0.0282811 0.0240563 0.0203193 0.0170412 0.0141894 0.0117292 0.00962473 0.0078397 0.0063386 0.00508726 0.0040534 0.00320716 0.00252134 0.00197166 0.00153681 0.00119853 0.000941528 0.000753449 0.000624779 0.00054886 
0.000625385 0.000649246 0.000730632 0.000874241 0.00108783 0.00138241 0.00177233 0.0022754 0.0029129 0.00370963 0.00469386 0.00589716 0.00735415 0.00910209 0.0111803 0.0136295 0.0164908 0.019805 0.0236108 0.0279442 0.0328369 0.0383148 0.0443969 0.0510939 0.0584075 0.0663288 0.0748384 0.0839056 0.0934884 0.103534 0.113978 0.124749 0.135764 0.146934 0.158165 0.16936 0.180415 0.191232 0.201707 0.211745 0.22125 0.230133 0.238312 0.245711 0.252262 0.257906 0.262591 0.266277 0.26893 0.270527 0.271055 0.270508 0.268892 0.26622 0.262517 0.257816 0.252157 0.245594 0.238185 0.229998 0.221111 0.211605 0.201569 0.191099 0.180293 0.169249 0.158071 0.146859 0.13571 0.124719 0.113974 0.103555 0.093536 0.0839787 0.0749358 0.0664486 0.0585472 0.0512507 0.0445674 0.0384956 0.0330245 0.0281351 0.0238015 0.0199925 0.0166724 0.0138027 0.0113432 0.00925328 0.00749259 0.00602224 0.00480535 0.00380763 0.00299775 0.00234764 0.00183261 0.00143142 0.00112629 0.000902788 0.000749802 0.000659552 
0.000746831 0.000775281 0.000871797 0.00104186 0.00129449 0.00164249 0.00210251 0.00269517 0.00344503 0.00438067 0.00553455 0.00694278 0.00864484 0.010683 0.0131017 0.0159467 0.0192639 0.0230983 0.0274927 0.0324859 0.0381116 0.0443969 0.0513603 0.0590111 0.0673477 0.0763571 0.0860139 0.0962803 0.107106 0.118429 0.130175 0.14226 0.154593 0.167072 0.179593 0.192045 0.204319 0.216302 0.227887 0.238966 0.24944 0.259212 0.268197 0.276314 0.283491 0.289668 0.294792 0.298819 0.301716 0.303459 0.304034 0.303436 0.30167 0.298751 0.294703 0.289559 0.283364 0.27617 0.26804 0.259044 0.249264 0.238786 0.227706 0.216126 0.20415 0.191888 0.179451 0.16695 0.154493 0.142186 0.130128 0.118411 0.107118 0.096322 0.0860843 0.0764545 0.0674697 0.0591548 0.0515222 0.0445734 0.0382987 0.0326796 0.0276892 0.023294 0.0194555 0.0161312 0.0132768 0.0108467 0.0087958 0.00708003 0.00565759 0.00448938 0.00353959 0.00277601 0.00217022 0.00169773 0.00133796 0.0010742 0.00089356 0.000787013 
0.000885642 0.000919317 0.00103297 0.00123295 0.00152968 0.00193794 0.00247691 0.00317028 0.00404623 0.00513744 0.00648089 0.00811764 0.0100923 0.0124526 0.0152483 0.0185304 0.0223496 0.0267555 0.0317945 0.0375083 0.0439323 0.0510939 0.0590111 0.0676905 0.077127 0.0873019 0.0981833 0.109725 0.121868 0.134539 0.147653 0.161116 0.174822 0.188661 0.202514 0.216263 0.229785 0.24296 0.255672 0.267806 0.279256 0.289922 0.299713 0.308546 0.316347 0.323052 0.328609 0.332973 0.33611 0.337997 0.338619 0.337971 0.336058 0.332894 0.328505 0.322925 0.316197 0.308377 0.299527 0.289721 0.279043 0.267586 0.255448 0.242737 0.229567 0.216055 0.202322 0.188487 0.174672 0.160992 0.147559 0.134476 0.121839 0.10973 0.0982209 0.0873713 0.0772259 0.0678162 0.0591599 0.051262 0.0441153 0.0377018 0.0319943 0.0269573 0.0225496 0.018725 0.0154348 0.0126284 0.0102556 0.00826708 0.00661566 0.00525714 0.00415087 0.00326012 0.00255245 0.00199977 0.00157847 0.00126934 0.00105751 0.000932581 
0.00104299 0.00108257 0.00121547 0.00144901 0.00179515 0.00227082 0.00289798 0.00370364 0.00471992 0.0059839 0.00753747 0.00942693 0.0117024 0.0144173 0.0176269 0.0213875 0.0257552 0.0307836 0.0365227 0.0430168 0.0503026 0.0584075 0.0673477 0.077127 0.0877352 0.0991475 0.111324 0.12421 0.137735 0.151815 0.166353 0.181243 0.196368 0.211602 0.226819 0.241886 0.256673 0.27105 0.284893 0.298081 0.310503 0.322054 0.33264 0.342175 0.350586 0.357807 0.363785 0.368477 0.371847 0.373873 0.37454 0.373843 0.371788 0.368388 0.363669 0.357664 0.350416 0.341982 0.332425 0.321821 0.310254 0.297821 0.284626 0.270781 0.256406 0.241627 0.226573 0.211374 0.196163 0.181066 0.166207 0.151703 0.137659 0.124171 0.111323 0.0991832 0.0878056 0.0772294 0.0674786 0.0585627 0.0504776 0.0432067 0.0367228 0.0309891 0.0259617 0.0215909 0.0178236 0.0146045 0.0118777 0.0095884 0.007684 0.00611477 0.00483488 0.00380279 0.00298166 0.00233956 0.00184955 0.00148968 0.00124296 0.00109746 
0.00121988 0.00126606 0.00142042 0.00169129 0.00209232 0.00264279 0.00336763 0.00429747 0.00546864 0.00692295 0.0087075 0.0108741 0.0134788 0.0165807 0.020241 0.0245215 0.0294831 0.0351839 0.0416771 0.0490091 0.0572175 0.0663288 0.0763571 0.0873019 0.0991475 0.111862 0.125396 0.139684 0.154646 0.170184 0.186191 0.202545 0.219117 0.23577 0.252364 0.268759 0.284811 0.300385 0.315348 0.329575 0.342949 0.355363 0.36672 0.376935 0.385932 0.393648 0.400029 0.405032 0.408624 0.410782 0.411492 0.410749 0.408559 0.404935 0.399901 0.39349 0.385745 0.37672 0.36648 0.3551 0.342667 0.329277 0.315039 0.30007 0.284495 0.268447 0.252064 0.235486 0.218855 0.20231 0.185989 0.170018 0.154518 0.139598 0.125351 0.111858 0.0991842 0.087376 0.0764651 0.0664667 0.0573803 0.0491918 0.0418744 0.0353905 0.0296939 0.0247319 0.0204468 0.0167783 0.0136653 0.0110473 0.00886565 0.00706503 0.00559408 0.00440615 0.00345971 0.00271869 0.00215257 0.00173644 0.001451 0.00128268 
0.00141709 0.00147058 0.00164864 0.0019607 0.00242223 0.003055 0.00388715 0.0049532 0.00629392 0.00795618 0.00999255 0.0124607 0.0154226 0.0189435 0.0230906 0.027931 0.0335307 0.0399518 0.0472504 0.0554746 0.0646623 0.0748384 0.0860139 0.0981833 0.111324 0.125396 0.140339 0.156078 0.172519 0.189553 0.207057 0.224897 0.242931 0.26101 0.278982 0.296694 0.313998 0.330748 0.346805 0.36204 0.376333 0.389575 0.401668 0.412528 0.42208 0.43026 0.437018 0.442312 0.446111 0.448392 0.449142 0.448358 0.446042 0.44221 0.436882 0.430091 0.421878 0.412296 0.401407 0.389286 0.376021 0.361708 0.346457 0.330389 0.313635 0.296332 0.278627 0.260669 0.242611 0.224604 0.206796 0.189329 0.172336 0.155939 0.140246 0.125348 0.111322 0.0982241 0.0860944 0.0749544 0.0648089 0.0556464 0.0474416 0.0401566 0.0337435 0.0281465 0.0233039 0.0191505 0.0156197 0.0126451 0.0101621 0.00810937 0.00642988 0.00507153 0.00398783 0.00313827 0.00248852 0.00201051 0.00168245 0.00148901 
0.00163509 0.00169665 0.00190067 0.0022578 0.00278542 0.003508 0.00445709 0.00567128 0.0071961 0.00908369 0.0113923 0.0141858 0.0175323 0.0215032 0.0261716 0.0316102 0.0378897 0.0450759 0.0532276 0.0623941 0.0726124 0.0839056 0.0962803 0.109725 0.12421 0.139684 0.156078 0.173304 0.191253 0.209805 0.228821 0.248155 0.26765 0.287145 0.306477 0.325484 0.344007 0.361896 0.379006 0.395205 0.410371 0.424394 0.437178 0.448638 0.458702 0.467311 0.474414 0.479974 0.48396 0.486353 0.48714 0.486318 0.483889 0.479867 0.474272 0.467134 0.45849 0.448392 0.436899 0.424085 0.410034 0.394844 0.378624 0.361499 0.3436 0.325073 0.30607 0.286749 0.267272 0.247802 0.2285 0.209521 0.191012 0.173109 0.155932 0.139588 0.124164 0.109728 0.0963286 0.0839953 0.0727386 0.062551 0.0534093 0.045276 0.038102 0.0318287 0.0263907 0.0217182 0.0177389 0.0143807 0.0115728 0.00924775 0.00734251 0.0057993 0.00456646 0.00359878 0.00285791 0.0023124 0.00193781 0.00171696 
0.00187406 0.0019444 0.00217663 0.00258265 0.0031819 0.00400167 0.00507711 0.00645112 0.00817416 0.0103039 0.0129046 0.0160461 0.0198031 0.0242533 0.0294755 0.035548 0.0425458 0.0505382 0.0595861 0.0697391 0.0810333 0.0934884 0.107106 0.121868 0.137735 0.154646 0.172519 0.191253 0.210728 0.230804 0.251333 0.272151 0.29309 0.313976 0.334635 0.354897 0.374594 0.393571 0.41168 0.428785 0.444764 0.45951 0.472927 0.484933 0.495461 0.504454 0.511866 0.517661 0.521814 0.524305 0.525125 0.52427 0.521742 0.517554 0.511722 0.504273 0.495244 0.48468 0.472638 0.459186 0.444409 0.4284 0.411269 0.39314 0.374148 0.354442 0.334179 0.313527 0.292655 0.271739 0.250951 0.230459 0.210426 0.191 0.172318 0.154498 0.137642 0.121828 0.107118 0.0935476 0.081135 0.0698775 0.0597548 0.0507304 0.0427548 0.0357671 0.0296986 0.0244748 0.0200182 0.0162507 0.0130953 0.0104785 0.00833082 0.00658877 0.00519519 0.00410004 0.00326068 0.00264214 0.00221719 0.00196665 
0.00213377 0.00221361 0.00247622 0.00293484 0.00361105 0.00453512 0.00574595 0.00729091 0.00922563 0.0116134 0.0145247 0.0180356 0.0222274 0.0271837 0.0329895 0.039728 0.0474786 0.0563134 0.0662948 0.0774725 0.0898802 0.103534 0.118429 0.134539 0.151815 0.170184 0.189553 0.209805 0.230804 0.252399 0.274424 0.296703 0.319053 0.34129 0.363228 0.384689 0.405501 0.425501 0.44454 0.462482 0.479206 0.494606 0.50859 0.521082 0.532018 0.541345 0.549023 0.555021 0.559316 0.561892 0.56274 0.561857 0.559246 0.554915 0.548881 0.541165 0.5318 0.520827 0.508296 0.494274 0.478838 0.46208 0.444107 0.425042 0.405021 0.384195 0.362728 0.340791 0.318565 0.296234 0.273983 0.251993 0.230441 0.209491 0.189293 0.169982 0.151671 0.134454 0.1184 0.103559 0.0899537 0.0775887 0.0664472 0.0564947 0.0476816 0.0399455 0.0332145 0.0274101 0.0224495 0.0182489 0.0147251 0.0117981 0.00939224 0.00743802 0.00587268 0.00464108 0.00369617 0.00299928 0.00252026 0.00223783 
0.00241359 0.0025036 0.00279866 0.00331338 0.00407159 0.00510664 0.00646131 0.00818763 0.0103465 0.013007 0.0162458 0.0201456 0.0247937 0.0302803 0.0366959 0.0441286 0.0526614 0.0623693 0.0733153 0.0855481 0.0990988 0.113978 0.130175 0.147653 0.166353 0.186191 0.207057 0.228821 0.251333 0.274424 0.297915 0.321615 0.345329 0.368861 0.392017 0.414609 0.436461 0.457408 0.477299 0.495999 0.513389 0.529367 0.543847 0.556756 0.568038 0.577646 0.585545 0.59171 0.596121 0.598766 0.599637 0.598733 0.596055 0.591609 0.585409 0.577473 0.567826 0.556505 0.543555 0.529034 0.513016 0.495588 0.476852 0.456929 0.435956 0.414083 0.391478 0.368318 0.344791 0.321092 0.297416 0.273959 0.250909 0.228447 0.206738 0.185932 0.166156 0.147519 0.130103 0.113965 0.0991407 0.0856389 0.0734481 0.0625368 0.0528558 0.044342 0.0369209 0.03051 0.0250217 0.0203665 0.0164551 0.0132011 0.0105226 0.00834394 0.00659654 0.00522011 0.00416302 0.00338278 0.00284619 0.00252982 
0.0027124 0.00281323 0.00314264 0.00371669 0.0045615 0.00571362 0.00721983 0.00913688 0.0115311 0.0144774 0.0180588 0.0223643 0.0274878 0.0335252 0.0405726 0.0487227 0.058062 0.068667 0.0806013 0.0939119 0.108626 0.124749 0.14226 0.161116 0.181243 0.202545 0.224897 0.248155 0.272151 0.296703 0.321615 0.346684 0.371701 0.39646 0.420758 0.444403 0.467212 0.48902 0.509675 0.529045 0.547016 0.56349 0.578387 0.591642 0.603205 0.613038 0.621111 0.627405 0.631905 0.634603 0.635492 0.634572 0.631844 0.627312 0.620985 0.612875 0.603005 0.591401 0.578104 0.563164 0.546646 0.528633 0.509221 0.488528 0.466688 0.443852 0.420188 0.395879 0.371119 0.346111 0.321062 0.29618 0.271668 0.24772 0.224519 0.202228 0.180991 0.160931 0.142142 0.124695 0.108633 0.0939741 0.0807117 0.0688179 0.0582451 0.0489299 0.0407956 0.0337564 0.0277201 0.0225917 0.018276 0.0146802 0.0117163 0.00930205 0.00736334 0.00583448 0.00465918 0.00379101 0.00319366 0.00284146 
0.00302865 0.00314086 0.00350631 0.00414254 0.00507804 0.00635259 0.00801705 0.010133 0.0127721 0.0160154 0.019952 0.0246774 0.0302916 0.0368965 0.0445932 0.0534785 0.0636419 0.0751614 0.0880999 0.102502 0.11839 0.135764 0.154593 0.174822 0.196368 0.219117 0.242931 0.26765 0.29309 0.319053 0.345329 0.371701 0.397949 0.423856 0.449212 0.47382 0.497495 0.520069 0.541395 0.561343 0.579804 0.596688 0.611922 0.625449 0.637228 0.647227 0.655426 0.661811 0.666373 0.669106 0.670009 0.66908 0.666319 0.661729 0.655313 0.64708 0.637044 0.625225 0.611655 0.596376 0.579446 0.560938 0.540944 0.519574 0.49696 0.473251 0.448617 0.423243 0.397328 0.371084 0.344727 0.318476 0.29255 0.267156 0.242493 0.218741 0.19606 0.174585 0.154427 0.135667 0.118361 0.102533 0.0881852 0.0752931 0.0638115 0.0536772 0.0448121 0.0371274 0.0305268 0.02491 0.0201762 0.0162263 0.0129658 0.0103066 0.00816854 0.00648063 0.00518184 0.00422173 0.00356078 0.0031711 
0.00336027 0.00348435 0.00388728 0.00458811 0.00561771 0.00701916 0.00884741 0.0111689 0.0140608 0.01761 0.0219117 0.0270678 0.0331843 0.0403687 0.0487268 0.0583594 0.0693581 0.0818016 0.0957519 0.11125 0.128314 0.146934 0.167072 0.188661 0.211602 0.23577 0.26101 0.287145 0.313976 0.34129 0.368861 0.39646 0.423856 0.450823 0.477145 0.50262 0.527063 0.550306 0.572205 0.592635 0.611495 0.628701 0.644191 0.657916 0.669844 0.679953 0.68823 0.694668 0.699264 0.702017 0.702928 0.701996 0.69922 0.694599 0.688133 0.679825 0.669682 0.657715 0.643946 0.628411 0.611155 0.592245 0.571764 0.549815 0.526526 0.502043 0.476534 0.450186 0.423204 0.395804 0.368214 0.340663 0.313382 0.286595 0.260515 0.235337 0.211239 0.188371 0.166857 0.146793 0.128245 0.111248 0.0958099 0.0819119 0.0695119 0.0585475 0.0489399 0.0405977 0.0334209 0.0273044 0.0221418 0.0178279 0.0142622 0.0113504 0.00900652 0.00715413 0.00572746 0.00467204 0.00394515 0.00351657 
0.00370474 0.00384107 0.00428262 0.00504993 0.0061763 0.00770807 0.00970432 0.0122363 0.0153866 0.019248 0.0239218 0.0295159 0.036142 0.0439131 0.0529393 0.0633246 0.0751625 0.0885319 0.103493 0.120083 0.138313 0.158165 0.179593 0.202514 0.226819 0.252364 0.278982 0.306477 0.334635 0.363228 0.392017 0.420758 0.449212 0.477145 0.504335 0.530578 0.555687 0.579499 0.601872 0.622689 0.641856 0.659299 0.674964 0.688815 0.700828 0.710991 0.7193 0.725755 0.73036 0.733118 0.734032 0.733102 0.730326 0.725702 0.719224 0.710887 0.700692 0.688642 0.674749 0.659036 0.641542 0.622322 0.601449 0.579021 0.555157 0.53 0.503716 0.476492 0.448537 0.420071 0.391331 0.362557 0.333993 0.305875 0.278432 0.251877 0.226401 0.202171 0.179328 0.15798 0.138203 0.120046 0.103522 0.0886189 0.0752987 0.0635003 0.0531447 0.0441387 0.0363787 0.0297553 0.0241568 0.0194723 0.0155952 0.0124252 0.00987063 0.00784965 0.00629176 0.00513846 0.0043438 0.00387524 
0.00405905 0.00420792 0.00468888 0.00552396 0.00674887 0.00841323 0.0105802 0.0133258 0.0167379 0.0209151 0.0259644 0.0319998 0.0391384 0.047498 0.0571929 0.0683298 0.0810035 0.0952923 0.111254 0.128921 0.148298 0.16936 0.192045 0.216263 0.241886 0.268759 0.296694 0.325484 0.354897 0.384689 0.414609 0.444403 0.47382 0.50262 0.530578 0.557487 0.583161 0.607441 0.630192 0.651302 0.670688 0.688285 0.70405 0.717958 0.729996 0.740161 0.748458 0.754897 0.759486 0.762234 0.763146 0.762224 0.759464 0.754861 0.748404 0.740084 0.72989 0.717818 0.703869 0.688056 0.670407 0.650965 0.629795 0.606985 0.582646 0.556916 0.529958 0.501959 0.473128 0.443691 0.413892 0.38398 0.35421 0.324833 0.296093 0.268218 0.241415 0.215868 0.191732 0.169128 0.148148 0.128848 0.111253 0.0953546 0.0811205 0.0684916 0.0573892 0.0477187 0.0393738 0.0322409 0.0262033 0.0211448 0.0169529 0.0135215 0.0107532 0.00856107 0.0068698 0.0056169 0.00475324 0.00424397 
0.00441976 0.00458134 0.00510211 0.00600561 0.00732989 0.00912783 0.0114666 0.0144268 0.0181016 0.022595 0.02802 0.0344957 0.0421448 0.0510894 0.0614474 0.0733279 0.0868263 0.10202 0.118964 0.137685 0.158181 0.180415 0.204319 0.229785 0.256673 0.284811 0.313998 0.344007 0.374594 0.405501 0.436461 0.467212 0.497495 0.527063 0.555687 0.583161 0.609302 0.633954 0.656989 0.678304 0.697825 0.715499 0.731294 0.745196 0.757202 0.767322 0.775569 0.781961 0.786513 0.789238 0.790144 0.789234 0.786504 0.781944 0.77554 0.767275 0.75713 0.745092 0.731151 0.715309 0.697582 0.678003 0.656625 0.633525 0.608809 0.582605 0.555074 0.5264 0.496793 0.466483 0.435718 0.404758 0.373868 0.343313 0.313349 0.28422 0.256151 0.22934 0.203957 0.180139 0.157989 0.137576 0.118931 0.102057 0.086923 0.0734745 0.0616334 0.051304 0.0423777 0.0347374 0.0282617 0.0228294 0.0183223 0.0146287 0.0116459 0.00928154 0.00745598 0.00610274 0.00516952 0.00461921 
0.00478308 0.00495738 0.00551795 0.00648979 0.00791327 0.00984439 0.0123542 0.0155279 0.0194636 0.0242707 0.0300674 0.0369784 0.0451309 0.0546513 0.0656606 0.0782697 0.0925742 0.10865 0.126548 0.146291 0.167867 0.191232 0.216302 0.24296 0.27105 0.300385 0.330748 0.361896 0.393571 0.425501 0.457408 0.48902 0.520069 0.550306 0.579499 0.607441 0.633954 0.658887 0.682119 0.703558 0.723138 0.740819 0.75658 0.770419 0.782346 0.792379 0.800542 0.80686 0.811356 0.814046 0.814943 0.81405 0.811361 0.806864 0.800539 0.792363 0.78231 0.770354 0.756479 0.740672 0.722938 0.703297 0.681793 0.658492 0.633489 0.606907 0.5789 0.549649 0.519365 0.488279 0.456646 0.424731 0.392811 0.361162 0.330055 0.299748 0.270481 0.242468 0.215894 0.190911 0.167635 0.146145 0.126484 0.10866 0.0926498 0.0784002 0.0658352 0.0548588 0.0453603 0.0372196 0.0303112 0.0245088 0.0196893 0.0157354 0.0125392 0.0100035 0.00804419 0.00659089 0.00558825 0.00499699 
0.00514487 0.00533177 0.0059317 0.00697106 0.00849246 0.0105549 0.0132333 0.016617 0.0208091 0.0259239 0.0320848 0.0394213 0.0480653 0.0581466 0.0697891 0.0831048 0.0981894 0.115117 0.133933 0.154656 0.177266 0.201707 0.227887 0.255672 0.284893 0.315348 0.346805 0.379006 0.41168 0.44454 0.477299 0.509675 0.541395 0.572205 0.601872 0.630192 0.656989 0.682119 0.70547 0.726958 0.746531 0.764158 0.779831 0.793559 0.805365 0.815276 0.823327 0.829549 0.833973 0.83662 0.837504 0.83663 0.833992 0.829573 0.82335 0.815293 0.805366 0.793536 0.779773 0.764056 0.746376 0.726742 0.705186 0.681762 0.656557 0.629684 0.601293 0.57156 0.540694 0.50893 0.476523 0.443749 0.410892 0.378238 0.346073 0.314669 0.284279 0.255134 0.227434 0.201345 0.176995 0.154475 0.133838 0.1151 0.0982434 0.0832187 0.0699515 0.0583461 0.0482904 0.0396613 0.0323298 0.0261651 0.021039 0.0168295 0.0134235 0.0107191 0.00862786 0.00707585 0.00600472 0.00537302 
