8.98261e-05 9.18805e-05 9.94227e-05 0.000112744 0.000132314 0.000158794 0.000193045 0.00023612 0.000289272 0.000353944 0.000431766 0.000524546 0.000634256 0.000763013 0.000913054 0.0010867 0.00128634 0.00151434 0.00177304 0.00206467 0.00239131 0.00275477 0.0031566 0.00359793 0.0040795 0.00460148 0.00516352 0.00576459 0.00640304 0.00707647 0.00778178 0.00851513 0.00927198 0.0100471 0.0108346 0.011628 0.0124203 0.0132044 0.0139723 0.0147165 0.015429 0.016102 0.016728 0.0172999 0.0178108 0.0182546 0.0186262 0.0189207 0.0191348 0.0192656 0.0193116 0.0192722 0.0191479 0.0189403 0.018652 0.0182866 0.0178486 0.0173433 0.0167768 0.0161557 0.0154873 0.014779 0.0140385 0.0132738 0.0124925 0.0117023 0.0109106 0.0101243 0.00934981 0.00859306 0.00785928 0.00715305 0.00647823 0.00583796 0.00523465 0.00467002 0.00414513 0.00366039 0.00321567 0.00281029 0.00244317 0.00211281 0.00181744 0.00155503 0.00132339 0.00112022 0.000943165 0.00078988 0.000658054 0.000545464 0.000449999 0.000369689 0.000302721 0.000247457 0.00020244 0.000166402 0.000138269 0.000117159 0.000102386 9.34712e-05 
9.18805e-05 9.39883e-05 0.000101714 0.000115357 0.000135396 0.00016251 0.00019758 0.000241684 0.000296103 0.000362315 0.000441988 0.000536971 0.00064928 0.00078108 0.000934657 0.00111239 0.00131669 0.00155001 0.00181472 0.00211311 0.00244726 0.00281905 0.00323004 0.00368139 0.00417381 0.00470751 0.00528208 0.00589648 0.006549 0.00723718 0.00795785 0.00870707 0.0094802 0.0102719 0.0110761 0.0118863 0.0126953 0.0134957 0.0142797 0.0150393 0.0157664 0.0164532 0.017092 0.0176754 0.0181967 0.0186495 0.0190285 0.019329 0.0195473 0.0196807 0.0197275 0.0196872 0.0195604 0.0193485 0.0190544 0.0186815 0.0182346 0.017719 0.0171409 0.0165071 0.0158249 0.0151019 0.0143461 0.0135654 0.0127678 0.011961 0.0111525 0.0103495 0.00955849 0.00878549 0.00803588 0.00731432 0.00662477 0.00597045 0.00535383 0.00477667 0.00424008 0.00374448 0.00328974 0.00287519 0.00249971 0.00216181 0.00185967 0.00159122 0.00135423 0.00114635 0.000965185 0.000808329 0.000673425 0.0005582 0.000460499 0.000378304 0.000309764 0.000253201 0.000207126 0.000170242 0.000141449 0.000119845 0.000104727 9.56061e-05 
9.94227e-05 0.000101714 0.000110068 0.000124807 0.000146444 0.000175708 0.000213542 0.000261104 0.000319764 0.000391103 0.000476904 0.000579143 0.00069997 0.000841694 0.00100675 0.00119765 0.00141699 0.00166734 0.00195121 0.00227101 0.00262895 0.00302699 0.00346674 0.00394941 0.00447571 0.00504582 0.00565924 0.00631485 0.00701076 0.00774433 0.00851213 0.00930996 0.0101329 0.0109751 0.0118303 0.0126914 0.013551 0.0144011 0.0152334 0.0160395 0.0168109 0.0175393 0.0182166 0.018835 0.0193874 0.0198671 0.0202685 0.0205867 0.0208178 0.0209589 0.0210083 0.0209655 0.0208309 0.0206063 0.0202944 0.0198992 0.0194254 0.0188787 0.0182657 0.0175934 0.0168697 0.0161025 0.0153003 0.0144714 0.0136242 0.012767 0.0119077 0.0110538 0.0102124 0.00938971 0.0085916 0.007823 0.00708816 0.00639052 0.00573275 0.00511678 0.00454381 0.00401434 0.00352827 0.00308493 0.00268317 0.00232143 0.0019978 0.00171012 0.00145602 0.00123302 0.00103857 0.000870137 0.000725205 0.000601358 0.000496296 0.000407872 0.000334106 0.000273208 0.000223584 0.000183847 0.000152821 0.000129538 0.000113246 0.000103422 
0.000112744 0.000115357 0.000124807 0.000141453 0.000165871 0.000198873 0.00024151 0.000295071 0.00036108 0.000441294 0.00053769 0.000652458 0.000787977 0.000946793 0.00113159 0.00134514 0.00159027 0.0018698 0.00218647 0.0025429 0.00294148 0.00338431 0.00387309 0.00440911 0.00499306 0.00562504 0.00630447 0.00702999 0.00779946 0.0086099 0.00945748 0.0103375 0.0112445 0.0121721 0.0131134 0.0140605 0.0150053 0.015939 0.0168527 0.0177371 0.0185831 0.0193814 0.0201234 0.0208006 0.0214053 0.0219302 0.0223693 0.0227172 0.0229697 0.0231238 0.0231775 0.0231303 0.0229828 0.0227367 0.0223952 0.0219623 0.0214433 0.0208444 0.0201727 0.0194359 0.0186423 0.0178008 0.0169203 0.0160102 0.0150795 0.0141373 0.0131922 0.0122525 0.0113259 0.0104194 0.00953922 0.00869102 0.00787945 0.00710838 0.00638081 0.00569893 0.00506413 0.00447704 0.00393763 0.00344523 0.00299863 0.00259617 0.00223581 0.0019152 0.00163178 0.00138283 0.00116559 0.000977243 0.000815047 0.000676337 0.000558574 0.000459385 0.000376579 0.000308172 0.000252395 0.000207707 0.0001728 0.0001466 0.000128267 0.000117219 
0.000132314 0.000135396 0.000146444 0.000165871 0.000194339 0.000232781 0.000282404 0.000344683 0.000421366 0.000514458 0.000626217 0.000759134 0.000915914 0.00109944 0.00131276 0.00155899 0.00184132 0.0021629 0.0025268 0.00293591 0.00339289 0.00390002 0.00445916 0.00507163 0.00573814 0.00645869 0.00723249 0.00805792 0.00893242 0.00985255 0.0108139 0.0118111 0.0128378 0.0138869 0.0149505 0.0160198 0.0170857 0.0181382 0.0191674 0.0201629 0.0211145 0.022012 0.0228457 0.0236061 0.0242848 0.0248737 0.0253661 0.025756 0.0260388 0.0262112 0.0262711 0.0262178 0.0260519 0.0257755 0.0253919 0.0249057 0.0243228 0.02365 0.0228951 0.0220667 0.0211741 0.0202271 0.0192358 0.0182104 0.0171612 0.0160982 0.0150312 0.0139695 0.0129216 0.0118956 0.0108986 0.00993687 0.00901585 0.00813994 0.00731265 0.00653652 0.00581325 0.00514366 0.0045278 0.00396502 0.00345406 0.00299311 0.00257993 0.00221194 0.00188629 0.00159995 0.0013498 0.00113271 0.000945565 0.000785355 0.000649205 0.000534418 0.000438504 0.000359198 0.000294485 0.000242603 0.000202054 0.000171609 0.000150306 0.000137478 
0.000158794 0.00016251 0.000175708 0.000198873 0.000232781 0.000278526 0.00033752 0.000411489 0.00050247 0.000612799 0.000745102 0.000902272 0.00108744 0.00130394 0.00155526 0.00184501 0.00217682 0.00255429 0.00298089 0.00345991 0.00399429 0.00458658 0.00523881 0.00595237 0.00672793 0.00756537 0.00846362 0.00942066 0.0104334 0.0114979 0.0126087 0.0137597 0.0149436 0.0161521 0.0173761 0.0186055 0.0198297 0.0210376 0.0222178 0.0233585 0.024448 0.025475 0.0264283 0.0272973 0.0280725 0.0287448 0.0293066 0.0297513 0.0300736 0.0302699 0.0303377 0.0302763 0.0300865 0.0297705 0.0293321 0.0287765 0.0281102 0.027341 0.0264775 0.0255297 0.0245078 0.0234231 0.0222868 0.0211108 0.0199065 0.0186854 0.0174587 0.016237 0.0150301 0.0138473 0.0126968 0.011586 0.010521 0.00950706 0.00854838 0.00764801 0.006808 0.00602945 0.00531255 0.00465668 0.00406051 0.00352205 0.00303883 0.00260795 0.00222619 0.00189013 0.0015962 0.00134082 0.00112041 0.000931516 0.000770813 0.000635181 0.000521734 0.000427843 0.000351161 0.000289636 0.000241523 0.000205384 0.000180097 0.000164882 
0.000193045 0.00019758 0.000213542 0.00024151 0.000282404 0.00033752 0.000408531 0.000497478 0.000606764 0.000739144 0.000897706 0.00108584 0.00130722 0.00156574 0.00186546 0.00221057 0.00260526 0.00305368 0.00355982 0.0041274 0.00475977 0.00545975 0.00622957 0.00707071 0.00798378 0.00896845 0.0100233 0.0111458 0.0123323 0.0135778 0.0148762 0.0162199 0.0176005 0.0190084 0.0204327 0.0218619 0.0232839 0.0246856 0.0260539 0.0273753 0.0286366 0.0298246 0.0309266 0.0319306 0.0328256 0.0336015 0.0342494 0.0347621 0.0351335 0.0353593 0.035437 0.0353656 0.0351461 0.0347809 0.0342745 0.0336326 0.0328627 0.0319736 0.0309753 0.0298788 0.0286962 0.0274399 0.0261232 0.0247593 0.0233616 0.0219433 0.0205171 0.0190955 0.0176898 0.0163107 0.0149679 0.01367 0.0124244 0.0112371 0.0101133 0.00905658 0.00806956 0.00715366 0.00630928 0.00553585 0.00483195 0.00419543 0.0036235 0.00311289 0.00265994 0.00226072 0.00191113 0.00160702 0.00134426 0.00111879 0.000926758 0.000764507 0.000628652 0.000516104 0.000424102 0.000350228 0.00029242 0.000248981 0.000218586 0.000200311 
0.00023612 0.000241684 0.000261104 0.000295071 0.000344683 0.000411489 0.000497478 0.000605077 0.00073714 0.000896933 0.00108811 0.00131467 0.00158093 0.00189148 0.00225106 0.00266456 0.00313687 0.00367277 0.00427686 0.0049534 0.00570617 0.00653835 0.00745237 0.00844978 0.0095311 0.0106957 0.0119418 0.0132662 0.0146643 0.0161302 0.0176565 0.0192344 0.0208537 0.0225032 0.0241703 0.0258414 0.0275024 0.0291383 0.0307337 0.0322733 0.0337416 0.0351236 0.0364047 0.0375711 0.0386103 0.0395107 0.0402623 0.0408566 0.0412869 0.0415483 0.0416377 0.0415543 0.041299 0.0408747 0.0402865 0.0395408 0.0386463 0.037613 0.0364522 0.0351768 0.0338003 0.0323372 0.0308027 0.0292119 0.0275805 0.0259236 0.0242561 0.0225922 0.0209454 0.0193282 0.0177519 0.0162265 0.014761 0.0133626 0.0120374 0.0107898 0.00962314 0.00853924 0.00753875 0.00662121 0.00578513 0.00502813 0.00434712 0.00373837 0.0031977 0.00272058 0.00230226 0.00193793 0.00162275 0.00135199 0.00112112 0.000925839 0.000762154 0.000626418 0.000515359 0.000426112 0.00035623 0.000303698 0.000266937 0.000244851 
0.000289272 0.000296103 0.000319764 0.00036108 0.000421366 0.00050247 0.000606764 0.00073714 0.000896993 0.0010902 0.00132108 0.00159437 0.00191518 0.00228886 0.00272101 0.00321733 0.0037835 0.00442507 0.00514735 0.0059552 0.00685291 0.00784403 0.00893121 0.010116 0.0113989 0.0127789 0.0142535 0.0158188 0.0174693 0.0191977 0.0209952 0.0228513 0.0247541 0.0266901 0.0286448 0.0306023 0.0325459 0.0344584 0.036322 0.0381188 0.0398311 0.0414415 0.0429334 0.044291 0.0454997 0.0465464 0.0474197 0.0481098 0.0486092 0.0489122 0.0490155 0.0489179 0.0486206 0.0481269 0.0474424 0.0465748 0.0455338 0.0443308 0.0429789 0.0414927 0.0398879 0.038181 0.0363895 0.034531 0.0326234 0.0306844 0.0287311 0.0267803 0.0248476 0.0229476 0.0210937 0.0192979 0.0175705 0.0159204 0.0143547 0.0128791 0.0114975 0.0102124 0.00902475 0.00793422 0.00693927 0.00603734 0.00522493 0.00449784 0.00385126 0.00327997 0.0027785 0.00234121 0.00196247 0.00163673 0.00135867 0.00112321 0.000925641 0.000761645 0.000627344 0.000519335 0.000434708 0.000371065 0.000326526 0.000299783 
0.000353944 0.000362315 0.000391103 0.000441294 0.000514458 0.000612799 0.000739144 0.000896933 0.0010902 0.00132353 0.00160205 0.00193136 0.00231744 0.00276661 0.00328542 0.00388051 0.00455849 0.00532579 0.00618849 0.00715216 0.00822164 0.00940087 0.0106927 0.0120988 0.0136194 0.0152529 0.0169962 0.0188446 0.0207911 0.022827 0.0249419 0.0271232 0.0293569 0.0316271 0.0339167 0.0362073 0.0384795 0.0407131 0.0428878 0.0449828 0.0469776 0.0488524 0.050588 0.0521663 0.0535708 0.0547864 0.0558001 0.0566008 0.0571799 0.0575309 0.05765 0.057536 0.0571901 0.0566163 0.0558208 0.0548125 0.0536022 0.0522032 0.0506304 0.0489004 0.0470312 0.045042 0.0429526 0.0407835 0.0385551 0.0362881 0.0340024 0.0317173 0.0294511 0.0272211 0.0250428 0.0229304 0.0208962 0.0189508 0.0171029 0.0153591 0.0137246 0.0122023 0.0107937 0.00949877 0.00831588 0.00724225 0.006274 0.00540636 0.00463386 0.00395049 0.0033499 0.00282556 0.00237088 0.0019794 0.00164482 0.00136121 0.00112299 0.000925056 0.000762819 0.000632241 0.000529867 0.000452844 0.000398937 0.000366589 
0.000431766 0.000441988 0.000476904 0.00053769 0.000626217 0.000745102 0.000897706 0.00108811 0.00132108 0.00160205 0.00193707 0.00233271 0.00279601 0.00333438 0.00395544 0.00466692 0.00547649 0.00639155 0.00741908 0.00856538 0.00983592 0.0112351 0.0127659 0.0144299 0.016227 0.0181553 0.0202107 0.0223871 0.0246763 0.0270679 0.0295492 0.0321055 0.0347202 0.0373748 0.0400492 0.0427221 0.0453708 0.0479722 0.0505027 0.0529383 0.0552558 0.0574321 0.0594455 0.0612753 0.0629025 0.0643103 0.0654836 0.0664099 0.0670794 0.0674849 0.067622 0.0674893 0.0670882 0.0664232 0.0655015 0.0643329 0.0629301 0.0613079 0.0594834 0.0574754 0.0553047 0.052993 0.0505631 0.0480385 0.0454429 0.0427999 0.0401326 0.0374634 0.0348138 0.0322036 0.0296512 0.0271733 0.0247845 0.0224973 0.0203221 0.0182672 0.0163385 0.0145402 0.0128743 0.0113408 0.0099383 0.00866378 0.00751296 0.00648045 0.00556004 0.00474485 0.00402754 0.00340056 0.00285625 0.00238705 0.00198561 0.00164495 0.00135852 0.0011203 0.000924875 0.000767461 0.00064397 0.00055102 0.00048596 0.000446941 
0.000524546 0.000536971 0.000579143 0.000652458 0.000759134 0.000902272 0.00108584 0.00131467 0.00159437 0.00193136 0.00233271 0.00280614 0.0033599 0.00400259 0.00474311 0.00559038 0.00655325 0.00764021 0.0088592 0.0102174 0.0117208 0.0133743 0.0151811 0.0171426 0.0192583 0.0215255 0.0239391 0.0264917 0.0291733 0.0319714 0.034871 0.0378549 0.0409034 0.0439951 0.0471065 0.0502128 0.0532881 0.0563056 0.0592381 0.0620583 0.0647395 0.0672556 0.0695817 0.0716943 0.0735721 0.0751956 0.0765481 0.0776154 0.0783864 0.0788529 0.0790101 0.0788564 0.0783933 0.0776259 0.0765624 0.0752139 0.0735946 0.0717214 0.0696135 0.0672926 0.064782 0.0621065 0.0592922 0.0563658 0.0533546 0.0502856 0.0471856 0.0440803 0.0409945 0.0379514 0.0349726 0.0320775 0.0292832 0.0266047 0.0240543 0.0216421 0.0193755 0.0172594 0.0152966 0.0134877 0.0118313 0.0103242 0.00896172 0.00773779 0.00664542 0.00567675 0.00482338 0.00407659 0.00342751 0.00286736 0.00238758 0.00198001 0.00163696 0.00135139 0.0011169 0.000927889 0.000779513 0.000667785 0.000589572 0.000542689 
0.000634256 0.00064928 0.00069997 0.000787977 0.000915914 0.00108744 0.00130722 0.00158093 0.00191518 0.00231744 0.00279601 0.0033599 0.00401867 0.00478235 0.00566117 0.00666546 0.00780532 0.00909047 0.0105299 0.0121316 0.0139023 0.0158473 0.0179699 0.0202712 0.0227503 0.0254036 0.0282246 0.0312044 0.0343308 0.0375891 0.0409616 0.044428 0.0479655 0.0515489 0.0551514 0.0587442 0.0622976 0.0657808 0.0691628 0.0724125 0.0754996 0.0783943 0.0810685 0.0834958 0.085652 0.0875152 0.0890667 0.0902904 0.0911739 0.0917081 0.0918876 0.0917104 0.0911785 0.0902974 0.0890764 0.0875279 0.085668 0.0835157 0.0810926 0.078423 0.0755334 0.072452 0.0692083 0.0658327 0.0623561 0.0588096 0.0552238 0.0516283 0.0480517 0.0445208 0.0410607 0.0376939 0.0344406 0.0313185 0.0283423 0.0255238 0.0228722 0.0203937 0.018092 0.0159681 0.0140208 0.0122468 0.0106411 0.00919693 0.0079064 0.00676064 0.00575006 0.00486463 0.00409417 0.00342852 0.00285774 0.00237234 0.00196339 0.00162262 0.00134257 0.00111665 0.000939201 0.00080552 0.000711928 0.000655854 
0.000763013 0.00078108 0.000841694 0.000946793 0.00109944 0.00130394 0.00156574 0.00189148 0.00228886 0.00276661 0.00333438 0.00400259 0.00478235 0.00568518 0.00672287 0.00790724 0.00924981 0.0107616 0.0124527 0.014332 0.016407 0.0186832 0.021164 0.0238504 0.0267405 0.0298296 0.0331099 0.0365704 0.0401967 0.0439712 0.0478733 0.0518793 0.0559627 0.0600944 0.0642435 0.0683772 0.0724612 0.0764607 0.0803403 0.0840649 0.0876001 0.0909126 0.0939705 0.0967443 0.0992068 0.101334 0.103104 0.104499 0.105506 0.106115 0.106318 0.106115 0.105508 0.104502 0.103108 0.10134 0.0992149 0.0967553 0.0939849 0.0909309 0.0876232 0.0840933 0.0803746 0.0765014 0.072509 0.0684324 0.0643065 0.0601652 0.0560414 0.0519658 0.0479673 0.0440723 0.0403042 0.0366837 0.0332282 0.0299518 0.0268656 0.0239774 0.0212918 0.0188106 0.0165328 0.0144553 0.0125724 0.0108769 0.00935992 0.00801147 0.00682068 0.00577614 0.00486617 0.00407908 0.00340344 0.00282825 0.00234315 0.00193855 0.00160576 0.00133709 0.00112592 0.000966772 0.000855334 0.0007886 
0.000913054 0.000934657 0.00100675 0.00113159 0.00131276 0.00155526 0.00186546 0.00225106 0.00272101 0.00328542 0.00395544 0.00474311 0.00566117 0.00672287 0.00794168 0.00933103 0.010904 0.0126729 0.0146492 0.0168425 0.0192611 0.0219108 0.0247949 0.0279138 0.031265 0.0348422 0.038636 0.042633 0.0468162 0.051165 0.0556553 0.0602595 0.064947 0.0696847 0.0744369 0.0791662 0.0838339 0.0884004 0.0928259 0.0970708 0.101096 0.104865 0.108342 0.111494 0.11429 0.116704 0.118712 0.120294 0.121435 0.122124 0.122354 0.122123 0.121433 0.120292 0.118709 0.116701 0.114289 0.111494 0.108345 0.104871 0.101106 0.0970854 0.0928462 0.0884273 0.083868 0.0792082 0.0744872 0.0697438 0.0650151 0.0603366 0.0557413 0.0512597 0.0469189 0.0427431 0.0387526 0.0349644 0.0313917 0.0280438 0.0249269 0.0220437 0.0193935 0.0169733 0.014777 0.0127969 0.0110231 0.00944438 0.0080486 0.00682279 0.00575366 0.00482785 0.00403225 0.00335422 0.0027818 0.00230392 0.00191052 0.00159267 0.00134269 0.00115422 0.00102222 0.000943213 
0.0010867 0.00111239 0.00119765 0.00134514 0.00155899 0.00184501 0.00221057 0.00266456 0.00321733 0.00388051 0.00466692 0.00559038 0.00666546 0.00790724 0.00933103 0.010952 0.0127849 0.0148436 0.0171405 0.0196864 0.0224902 0.0255577 0.0288923 0.0324936 0.036358 0.0404777 0.044841 0.0494321 0.0542309 0.0592133 0.0643513 0.0696132 0.074964 0.0803655 0.0857775 0.0911574 0.0964616 0.101645 0.106664 0.111474 0.116031 0.120294 0.124224 0.127784 0.13094 0.133664 0.135928 0.137711 0.138997 0.139773 0.140031 0.13977 0.138991 0.137703 0.135918 0.133652 0.130928 0.127772 0.124213 0.120285 0.116025 0.111472 0.106668 0.101655 0.0964787 0.0911828 0.0858119 0.0804096 0.0750182 0.0696778 0.0644262 0.0592984 0.0543258 0.0495361 0.0449534 0.0405975 0.0364841 0.0326247 0.029027 0.0256947 0.022628 0.0198237 0.0172758 0.0149757 0.0129127 0.0110744 0.00944708 0.00801625 0.00676683 0.00568368 0.00475183 0.00395684 0.003285 0.00272358 0.002261 0.00188698 0.00159265 0.00137063 0.00121512 0.00112207 
0.00128634 0.00131669 0.00141699 0.00159027 0.00184132 0.00217682 0.00260526 0.00313687 0.0037835 0.00455849 0.00547649 0.00655325 0.00780532 0.00924981 0.010904 0.0127849 0.0149091 0.0172917 0.0199467 0.0228857 0.026118 0.0296498 0.0334838 0.0376192 0.0420506 0.0467685 0.0517588 0.0570026 0.0624766 0.0681527 0.0739986 0.0799778 0.0860506 0.0921736 0.0983013 0.104386 0.110378 0.116228 0.121887 0.127304 0.132432 0.137226 0.141641 0.145638 0.14918 0.152234 0.154772 0.15677 0.15821 0.159078 0.159367 0.159073 0.1582 0.156755 0.154753 0.152211 0.149155 0.145612 0.141614 0.137199 0.132408 0.127283 0.12187 0.116218 0.110375 0.104391 0.0983163 0.0921991 0.0860872 0.0800261 0.0740587 0.0682248 0.0625604 0.0570975 0.0518641 0.0468832 0.0421736 0.0377491 0.0336193 0.0297892 0.0262598 0.0230283 0.0200885 0.0174313 0.015045 0.012916 0.011029 0.00936791 0.0079157 0.00665529 0.00556975 0.00464264 0.00385836 0.00320236 0.00266138 0.00222364 0.00187894 0.00161881 0.00143659 0.00132759 
0.00151434 0.00155001 0.00166734 0.0018698 0.0021629 0.00255429 0.00305368 0.00367277 0.00442507 0.00532579 0.00639155 0.00764021 0.00909047 0.0107616 0.0126729 0.0148436 0.0172917 0.0200343 0.0230863 0.0264604 0.0301663 0.0342101 0.0385941 0.0433161 0.0483695 0.0537423 0.0594177 0.0653735 0.0715824 0.078012 0.0846253 0.0913809 0.0982335 0.105134 0.112032 0.118873 0.125603 0.132167 0.138508 0.144574 0.150311 0.155668 0.1606 0.16506 0.16901 0.172415 0.175242 0.177467 0.17907 0.180036 0.180356 0.180028 0.179055 0.177445 0.175213 0.17238 0.168971 0.165018 0.160555 0.155623 0.150265 0.144531 0.138469 0.132133 0.125577 0.118855 0.112024 0.105138 0.0982488 0.0914092 0.084667 0.0780674 0.0716514 0.0654558 0.0595126 0.0538489 0.0484866 0.0434424 0.0387279 0.0343499 0.0303103 0.0266069 0.0232334 0.0201804 0.0174351 0.0149828 0.0128066 0.0108886 0.00920982 0.00775108 0.00649333 0.00541799 0.00450739 0.00374501 0.00311577 0.00260621 0.00220471 0.00190158 0.0016892 0.00156221 
0.00177304 0.00181472 0.00195121 0.00218647 0.0025268 0.00298089 0.00355982 0.00427686 0.00514735 0.00618849 0.00741908 0.0088592 0.0105299 0.0124527 0.0146492 0.0171405 0.0199467 0.0230863 0.0265756 0.030428 0.0346535 0.0392581 0.0442432 0.0496055 0.0553362 0.0614209 0.0678393 0.0745658 0.0815686 0.0888106 0.0962497 0.103839 0.111527 0.11926 0.12698 0.134627 0.142141 0.149462 0.156527 0.163278 0.169658 0.17561 0.181084 0.186033 0.190412 0.194183 0.197314 0.199777 0.20155 0.202618 0.202971 0.202607 0.201529 0.199746 0.197275 0.194136 0.190357 0.185972 0.18102 0.175543 0.169589 0.163211 0.156463 0.149402 0.142088 0.134582 0.126945 0.119237 0.111517 0.103843 0.0962691 0.0888455 0.0816191 0.0746317 0.0679203 0.0615159 0.0554443 0.0497252 0.0443729 0.039396 0.0347977 0.0305766 0.0267266 0.0232377 0.0200966 0.0172871 0.014791 0.0125883 0.010658 0.00897886 0.00752942 0.00628888 0.00523731 0.00435607 0.00362809 0.00303814 0.00257299 0.00222166 0.00197545 0.00182829 
0.00206467 0.00211311 0.00227101 0.0025429 0.00293591 0.00345991 0.0041274 0.0049534 0.0059552 0.00715216 0.00856538 0.0102174 0.0121316 0.014332 0.0168425 0.0196864 0.0228857 0.0264604 0.030428 0.0348026 0.0395943 0.0448089 0.0504467 0.0565027 0.0629657 0.0698184 0.0770372 0.0845918 0.092446 0.100557 0.108878 0.117356 0.125933 0.134548 0.143138 0.151637 0.159979 0.168096 0.175921 0.183391 0.190443 0.197017 0.203058 0.208514 0.21334 0.217493 0.220939 0.223648 0.225598 0.226772 0.22716 0.226759 0.225572 0.22361 0.220888 0.217432 0.213269 0.208435 0.202972 0.196927 0.19035 0.183298 0.175829 0.168007 0.159896 0.151563 0.143073 0.134496 0.125894 0.117332 0.108871 0.100568 0.092474 0.0846376 0.0771004 0.0698984 0.0630614 0.0566127 0.0505693 0.0449423 0.0397365 0.0349513 0.030581 0.0266156 0.0230409 0.0198396 0.0169918 0.0144757 0.0122682 0.0103456 0.00868424 0.00726076 0.0060529 0.00503972 0.00420203 0.00352265 0.00298666 0.00258164 0.00229775 0.00212812 
0.00239131 0.00244726 0.00262895 0.00294148 0.00339289 0.00399429 0.00475977 0.00570617 0.00685291 0.00822164 0.00983592 0.0117208 0.0139023 0.016407 0.0192611 0.0224902 0.026118 0.0301663 0.0346535 0.0395943 0.044999 0.0508725 0.0572139 0.0640162 0.0712656 0.0789413 0.0870156 0.0954538 0.104214 0.113249 0.122505 0.131921 0.141436 0.15098 0.160485 0.169877 0.179083 0.188031 0.196649 0.204866 0.212616 0.219834 0.22646 0.232441 0.237726 0.242273 0.246043 0.249006 0.251138 0.25242 0.252843 0.252404 0.251106 0.248959 0.245981 0.242197 0.237638 0.232342 0.226352 0.219719 0.212496 0.204744 0.196527 0.187911 0.178968 0.169769 0.160387 0.150895 0.141365 0.131867 0.122468 0.113231 0.104216 0.0954756 0.0870574 0.0790025 0.0713454 0.0641132 0.0573264 0.0509985 0.0451365 0.0397409 0.0348066 0.0303236 0.0262771 0.0226487 0.019417 0.0165581 0.0140469 0.0118574 0.0099631 0.00833838 0.00695836 0.00579968 0.00484086 0.00406265 0.00344832 0.00298388 0.00265828 0.00246379 
0.00275477 0.00281905 0.00302699 0.00338431 0.00390002 0.00458658 0.00545975 0.00653835 0.00784403 0.00940087 0.0112351 0.0133743 0.0158473 0.0186832 0.0219108 0.0255577 0.0296498 0.0342101 0.0392581 0.0448089 0.0508725 0.0574529 0.0645478 0.0721475 0.0802353 0.0887866 0.0977691 0.107143 0.116861 0.12687 0.137108 0.147511 0.158007 0.168522 0.178979 0.189299 0.199403 0.209211 0.218647 0.227634 0.236101 0.243979 0.251206 0.257723 0.263479 0.268426 0.272527 0.275748 0.278064 0.279457 0.279916 0.279438 0.278026 0.275692 0.272453 0.268336 0.263373 0.257604 0.251075 0.243839 0.235953 0.227482 0.218492 0.209058 0.199253 0.189156 0.178845 0.1684 0.1579 0.147421 0.137037 0.12682 0.116833 0.107137 0.0977856 0.0888253 0.0802955 0.072228 0.0646469 0.0575686 0.0510025 0.0449508 0.0394092 0.0343677 0.0298112 0.0257203 0.0220721 0.0188409 0.0159993 0.0135187 0.0113703 0.0095256 0.00795717 0.00663905 0.00554737 0.00466065 0.00396022 0.00343045 0.00305898 0.00283715 
0.0031566 0.00323004 0.00346674 0.00387309 0.00445916 0.00523881 0.00622957 0.00745237 0.00893121 0.0106927 0.0127659 0.0151811 0.0179699 0.021164 0.0247949 0.0288923 0.0334838 0.0385941 0.0442432 0.0504467 0.0572139 0.0645478 0.0724438 0.0808897 0.0898652 0.0993415 0.109281 0.119639 0.130362 0.14139 0.152655 0.164084 0.175599 0.18712 0.198561 0.209839 0.220865 0.231557 0.241829 0.251603 0.260801 0.269352 0.277188 0.284248 0.290479 0.295832 0.300265 0.303747 0.306249 0.307753 0.308249 0.307731 0.306205 0.303682 0.30018 0.295727 0.290356 0.284109 0.277034 0.269186 0.260625 0.25142 0.241642 0.231369 0.220679 0.209658 0.198389 0.18696 0.175454 0.163956 0.152547 0.141304 0.1303 0.119602 0.109269 0.099354 0.0899023 0.0809502 0.0725261 0.06465 0.0573337 0.0505814 0.04439 0.0387499 0.0336458 0.0290574 0.0249604 0.0213273 0.0181284 0.0153327 0.0129087 0.0108252 0.00905186 0.00756018 0.00632368 0.00531859 0.00452417 0.00392304 0.00350144 0.00324974 
0.00359793 0.00368139 0.00394941 0.00440911 0.00507163 0.00595237 0.00707071 0.00844978 0.010116 0.0120988 0.0144299 0.0171426 0.0202712 0.0238504 0.0279138 0.0324936 0.0376192 0.0433161 0.0496055 0.0565027 0.0640162 0.0721475 0.0808897 0.0902275 0.100136 0.110583 0.121525 0.13291 0.14468 0.156766 0.169094 0.181584 0.19415 0.206705 0.219157 0.231412 0.243381 0.25497 0.266092 0.276662 0.286598 0.295826 0.304274 0.31188 0.318587 0.324345 0.329112 0.332852 0.33554 0.337156 0.337687 0.337131 0.335491 0.332779 0.329015 0.324226 0.318447 0.311721 0.304098 0.295634 0.286394 0.276448 0.265872 0.254746 0.243157 0.231193 0.218944 0.206504 0.193964 0.181415 0.168946 0.156641 0.14458 0.132837 0.12148 0.110566 0.100147 0.0902645 0.080952 0.0722331 0.0641228 0.0566274 0.0497454 0.043468 0.0377797 0.0326596 0.0280821 0.024018 0.0204354 0.0173007 0.0145798 0.0122386 0.0102439 0.00856452 0.00717123 0.00603784 0.00514146 0.00446287 0.00398686 0.00370273 
0.0040795 0.00417381 0.00447571 0.00499306 0.00573814 0.00672793 0.00798378 0.0095311 0.0113989 0.0136194 0.016227 0.0192583 0.0227503 0.0267405 0.031265 0.036358 0.0420506 0.0483695 0.0553362 0.0629657 0.0712656 0.0802353 0.0898652 0.100136 0.11102 0.122478 0.134461 0.146911 0.159763 0.17294 0.186362 0.19994 0.213582 0.227191 0.240669 0.253918 0.266838 0.279333 0.29131 0.302678 0.313353 0.323256 0.332314 0.340462 0.347641 0.3538 0.358896 0.362893 0.365764 0.367488 0.368055 0.367461 0.365709 0.362812 0.358789 0.353668 0.347485 0.340284 0.332116 0.32304 0.313121 0.302434 0.291056 0.279074 0.266577 0.253659 0.240416 0.226948 0.213353 0.199729 0.186171 0.172774 0.159623 0.1468 0.134379 0.122427 0.111 0.100147 0.0899041 0.0803011 0.0713559 0.0630777 0.0554667 0.048515 0.0422077 0.0365231 0.0314346 0.0269112 0.0229191 0.0194221 0.0163833 0.0137659 0.0115337 0.00965253 0.00809055 0.00681901 0.00581274 0.00505063 0.00451591 0.00419681 
0.00460148 0.00470751 0.00504582 0.00562504 0.00645869 0.00756537 0.00896845 0.0106957 0.0127789 0.0152529 0.0181553 0.0215255 0.0254036 0.0298296 0.0348422 0.0404777 0.0467685 0.0537423 0.0614209 0.0698184 0.0789413 0.0887866 0.0993415 0.110583 0.122478 0.134981 0.148038 0.161585 0.175547 0.189842 0.20438 0.219066 0.233799 0.248475 0.26299 0.277236 0.291111 0.304512 0.31734 0.329502 0.340909 0.351479 0.361139 0.369819 0.377461 0.384013 0.38943 0.393678 0.396727 0.398558 0.39916 0.398529 0.396668 0.39359 0.389314 0.383869 0.377291 0.369624 0.36092 0.35124 0.340651 0.329228 0.317055 0.304218 0.290813 0.276938 0.262695 0.248189 0.233526 0.21881 0.204145 0.189632 0.175365 0.161433 0.147918 0.134894 0.122424 0.110563 0.0993539 0.0888295 0.0790124 0.0699148 0.0615393 0.0538792 0.04692 0.04064 0.0350115 0.0300021 0.0255757 0.021694 0.0183172 0.0154056 0.0129201 0.0108235 0.00908124 0.00766189 0.00653797 0.00568638 0.00508874 0.00473217 
0.00516352 0.00528208 0.00565924 0.00630447 0.00723249 0.00846362 0.0100233 0.0119418 0.0142535 0.0169962 0.0202107 0.0239391 0.0282246 0.0331099 0.038636 0.044841 0.0517588 0.0594177 0.0678393 0.0770372 0.0870156 0.0977691 0.109281 0.121525 0.134461 0.148038 0.162197 0.176864 0.191958 0.207388 0.223057 0.238862 0.254693 0.270441 0.285992 0.301234 0.316058 0.330356 0.344024 0.356967 0.369092 0.380316 0.390562 0.399761 0.407853 0.414785 0.420513 0.425002 0.428223 0.430158 0.430793 0.430126 0.42816 0.424908 0.420388 0.41463 0.407669 0.39955 0.390325 0.380056 0.36881 0.356667 0.343709 0.330028 0.315723 0.300897 0.285656 0.270112 0.254376 0.23856 0.222777 0.207132 0.19173 0.176668 0.162035 0.147913 0.134371 0.121472 0.109264 0.0977862 0.0870646 0.0771153 0.0679432 0.0595436 0.0519026 0.0449986 0.0388032 0.0332827 0.028399 0.0241113 0.0203774 0.0171545 0.0144006 0.0120756 0.0101418 0.00856537 0.00731631 0.00636948 0.00570486 0.0053084 
0.00576459 0.00589648 0.00631485 0.00702999 0.00805792 0.00942066 0.0111458 0.0132662 0.0158188 0.0188446 0.0223871 0.0264917 0.0312044 0.0365704 0.042633 0.0494321 0.0570026 0.0653735 0.0745658 0.0845918 0.0954538 0.107143 0.119639 0.13291 0.146911 0.161585 0.176864 0.192667 0.208906 0.225482 0.242288 0.259214 0.276143 0.292957 0.309537 0.325764 0.341522 0.356701 0.371192 0.384897 0.39772 0.409576 0.420387 0.430085 0.438608 0.445904 0.45193 0.456649 0.460034 0.462066 0.462734 0.462033 0.459968 0.45655 0.451799 0.445742 0.438414 0.429861 0.420135 0.409297 0.397416 0.384571 0.370849 0.356343 0.341154 0.325389 0.309161 0.292586 0.275782 0.258868 0.241962 0.22518 0.208633 0.192427 0.176659 0.161418 0.146783 0.132822 0.11959 0.107132 0.0954781 0.084649 0.0746526 0.065486 0.0571366 0.0495831 0.0427965 0.0367419 0.0313796 0.0266665 0.0225577 0.0190076 0.0159713 0.0134055 0.0112697 0.0095274 0.00814609 0.00709856 0.00636309 0.00592444 
0.00640304 0.006549 0.00701076 0.00779946 0.00893242 0.0104334 0.0123323 0.0146643 0.0174693 0.0207911 0.0246763 0.0291733 0.0343308 0.0401967 0.0468162 0.0542309 0.0624766 0.0715824 0.0815686 0.092446 0.104214 0.116861 0.130362 0.14468 0.159763 0.175547 0.191958 0.208906 0.226295 0.244017 0.261959 0.28 0.298017 0.315884 0.333476 0.350668 0.36734 0.383375 0.398664 0.413102 0.426596 0.439058 0.45041 0.460582 0.469514 0.477154 0.48346 0.488396 0.491935 0.49406 0.494758 0.494026 0.491867 0.488294 0.483324 0.476985 0.469312 0.460348 0.450145 0.438764 0.426275 0.412756 0.398295 0.382988 0.366939 0.350259 0.333063 0.315473 0.297613 0.279609 0.261586 0.243669 0.225975 0.208619 0.191708 0.175337 0.159594 0.144553 0.130279 0.116819 0.104211 0.0924799 0.081636 0.0716793 0.0625987 0.0543733 0.0469742 0.0403654 0.0345056 0.0293495 0.0248499 0.0209581 0.0176264 0.0148086 0.0124612 0.0105449 0.00902474 0.00787144 0.00706153 0.00657856 
0.00707647 0.00723718 0.00774433 0.0086099 0.00985255 0.0114979 0.0135778 0.0161302 0.0191977 0.022827 0.0270679 0.0319714 0.0375891 0.0439712 0.051165 0.0592133 0.0681527 0.078012 0.0888106 0.100557 0.113249 0.12687 0.14139 0.156766 0.17294 0.189842 0.207388 0.225482 0.244017 0.262879 0.281945 0.301087 0.320174 0.339073 0.357652 0.375782 0.393337 0.410198 0.426251 0.441392 0.455524 0.468559 0.48042 0.491038 0.500353 0.508314 0.51488 0.520017 0.5237 0.52591 0.526636 0.525875 0.523631 0.519914 0.514742 0.508142 0.500146 0.490797 0.480146 0.468253 0.455187 0.441027 0.425861 0.409786 0.392908 0.375341 0.357203 0.338623 0.319728 0.300652 0.281527 0.262484 0.243651 0.225148 0.207092 0.189588 0.172729 0.1566 0.141269 0.126794 0.113217 0.100566 0.0888566 0.0780913 0.0682608 0.0593454 0.0513159 0.0441357 0.037762 0.0321479 0.0272433 0.0229972 0.0193588 0.0162789 0.0137112 0.0116136 0.00994876 0.00868511 0.00779752 0.0072683 
0.00778178 0.00795785 0.00851213 0.00945748 0.0108139 0.0126087 0.0148762 0.0176565 0.0209952 0.0249419 0.0295492 0.034871 0.0409616 0.0478733 0.0556553 0.0643513 0.0739986 0.0846253 0.0962497 0.108878 0.122505 0.137108 0.152655 0.169094 0.186362 0.20438 0.223057 0.242288 0.261959 0.281945 0.302116 0.322336 0.342466 0.362368 0.381902 0.400935 0.419337 0.436985 0.453765 0.469569 0.484301 0.497873 0.510209 0.52124 0.530908 0.539165 0.54597 0.551291 0.555105 0.557392 0.558145 0.557358 0.555036 0.551188 0.545832 0.538991 0.530699 0.520995 0.509929 0.49756 0.483954 0.469191 0.453358 0.436553 0.418884 0.400465 0.381421 0.361882 0.341982 0.32186 0.301655 0.281505 0.261546 0.241909 0.222715 0.204081 0.186108 0.168887 0.152496 0.136998 0.122441 0.108859 0.0962722 0.084685 0.0740909 0.0644713 0.0557973 0.048032 0.0411314 0.0350466 0.0297255 0.0251143 0.0211595 0.017809 0.0150136 0.0127284 0.0109137 0.00953572 0.00856762 0.00799047 
0.00851513 0.00870707 0.00930996 0.0103375 0.0118111 0.0137597 0.0162199 0.0192344 0.0228513 0.0271232 0.0321055 0.0378549 0.044428 0.0518793 0.0602595 0.0696132 0.0799778 0.0913809 0.103839 0.117356 0.131921 0.147511 0.164084 0.181584 0.19994 0.219066 0.238862 0.259214 0.28 0.301087 0.322336 0.343603 0.364743 0.38561 0.406061 0.425956 0.445162 0.463555 0.481016 0.497441 0.51273 0.526799 0.53957 0.550979 0.560969 0.569494 0.576515 0.582002 0.585932 0.58829 0.589066 0.588256 0.585865 0.5819 0.576378 0.569322 0.560762 0.550735 0.539289 0.526481 0.512377 0.497053 0.480597 0.463106 0.444689 0.425462 0.405552 0.385093 0.364224 0.343089 0.321833 0.300603 0.279542 0.258789 0.238474 0.218721 0.199642 0.181335 0.163886 0.147364 0.131825 0.117308 0.103836 0.0914194 0.0800528 0.0697194 0.0603912 0.0520308 0.0445934 0.0380284 0.0322817 0.027297 0.0230181 0.01939 0.0163609 0.013883 0.0119142 0.0104186 0.00936761 0.00874113 
0.00927198 0.0094802 0.0101329 0.0112445 0.0128378 0.0149436 0.0176005 0.0208537 0.0247541 0.0293569 0.0347202 0.0409034 0.0479655 0.0559627 0.064947 0.074964 0.0860506 0.0982335 0.111527 0.125933 0.141436 0.158007 0.175599 0.19415 0.213582 0.233799 0.254693 0.276143 0.298017 0.320174 0.342466 0.364743 0.386852 0.408642 0.429963 0.450673 0.470636 0.489724 0.50782 0.524817 0.540619 0.55514 0.568307 0.580056 0.590334 0.599097 0.606309 0.611942 0.615976 0.618395 0.619192 0.618363 0.615911 0.611845 0.606177 0.59893 0.590131 0.579816 0.568029 0.554824 0.540264 0.524426 0.507394 0.489265 0.470147 0.45016 0.42943 0.408096 0.386301 0.364193 0.341925 0.319649 0.297516 0.275673 0.254261 0.23341 0.21324 0.19386 0.175362 0.157823 0.141306 0.125855 0.111498 0.0982494 0.0861067 0.075055 0.0650671 0.0561057 0.0481252 0.0410738 0.0348953 0.0295312 0.0249227 0.021012 0.0177445 0.01507 0.0129439 0.0113281 0.0101925 0.00951562 
0.0100471 0.0102719 0.0109751 0.0121721 0.0138869 0.0161521 0.0190084 0.0225032 0.0266901 0.0316271 0.0373748 0.0439951 0.0515489 0.0600944 0.0696847 0.0803655 0.0921736 0.105134 0.11926 0.134548 0.15098 0.168522 0.18712 0.206705 0.227191 0.248475 0.270441 0.292957 0.315884 0.339073 0.362368 0.38561 0.408642 0.431305 0.453446 0.47492 0.495587 0.51532 0.533999 0.551518 0.567784 0.582712 0.596232 0.608282 0.618814 0.627785 0.635163 0.640923 0.645045 0.647518 0.648333 0.647488 0.644984 0.64083 0.635038 0.627625 0.618618 0.60805 0.59596 0.582401 0.567432 0.551127 0.533569 0.514853 0.495088 0.474392 0.452894 0.430735 0.408062 0.385028 0.36179 0.338509 0.315342 0.292445 0.269965 0.248042 0.226806 0.206373 0.186843 0.168301 0.150816 0.134439 0.119203 0.105126 0.0922098 0.0804403 0.0697919 0.0602278 0.051702 0.0441613 0.0375479 0.0318012 0.0268597 0.0226634 0.0191548 0.0162812 0.0139956 0.0122581 0.0110366 0.0103086 
0.0108346 0.0110761 0.0118303 0.0131134 0.0149505 0.0173761 0.0204327 0.0241703 0.0286448 0.0339167 0.0400492 0.0471065 0.0551514 0.0642435 0.0744369 0.0857775 0.0983013 0.112032 0.12698 0.143138 0.160485 0.178979 0.198561 0.219157 0.240669 0.26299 0.285992 0.309537 0.333476 0.357652 0.381902 0.406061 0.429963 0.453446 0.476354 0.498536 0.519853 0.540174 0.559383 0.577374 0.594053 0.609342 0.623171 0.635484 0.646234 0.655383 0.662902 0.668769 0.672966 0.675483 0.676314 0.675456 0.67291 0.668683 0.662786 0.655234 0.64605 0.635263 0.62291 0.60904 0.593709 0.576987 0.558955 0.539706 0.519348 0.497998 0.475787 0.452858 0.429359 0.40545 0.381293 0.357053 0.332896 0.308984 0.285474 0.262515 0.240243 0.218783 0.198245 0.178721 0.160286 0.142997 0.126895 0.112 0.0983166 0.0858349 0.0745303 0.0643664 0.0552968 0.0472676 0.0402194 0.0340897 0.0288147 0.0243318 0.0205811 0.0175074 0.0150615 0.0132014 0.0118934 0.011114 
0.011628 0.0118863 0.0126914 0.0140605 0.0160198 0.0186055 0.0218619 0.0258414 0.0306023 0.0362073 0.0427221 0.0502128 0.0587442 0.0683772 0.0791662 0.0911574 0.104386 0.118873 0.134627 0.151637 0.169877 0.189299 0.209839 0.231412 0.253918 0.277236 0.301234 0.325764 0.350668 0.375782 0.400935 0.425956 0.450673 0.47492 0.498536 0.521369 0.543278 0.564133 0.583817 0.602226 0.619271 0.634873 0.648969 0.661506 0.672439 0.681737 0.689372 0.695325 0.699584 0.702137 0.702981 0.702113 0.699533 0.695248 0.689266 0.6816 0.672268 0.661298 0.648722 0.634584 0.618938 0.601849 0.583396 0.563668 0.542772 0.520826 0.49796 0.474317 0.45005 0.425321 0.400298 0.375151 0.350053 0.325173 0.300677 0.276721 0.253451 0.230999 0.209483 0.189004 0.169643 0.151465 0.134514 0.118816 0.10438 0.0911969 0.0792451 0.0684886 0.0588812 0.0503681 0.0428887 0.0363785 0.0307719 0.0260037 0.0220119 0.0187387 0.0161328 0.0141503 0.0127561 0.0119253 
0.0124203 0.0126953 0.013551 0.0150053 0.0170857 0.0198297 0.0232839 0.0275024 0.0325459 0.0384795 0.0453708 0.0532881 0.0622976 0.0724612 0.0838339 0.0964616 0.110378 0.125603 0.142141 0.159979 0.179083 0.199403 0.220865 0.243381 0.266838 0.291111 0.316058 0.341522 0.36734 0.393337 0.419337 0.445162 0.470636 0.495587 0.519853 0.543278 0.565722 0.587053 0.607158 0.625934 0.643294 0.659165 0.673486 0.686208 0.697292 0.706709 0.714437 0.720459 0.724765 0.727347 0.728201 0.727326 0.724722 0.720392 0.714344 0.706587 0.697138 0.686017 0.673256 0.658893 0.642977 0.625571 0.606747 0.586596 0.565219 0.542734 0.519271 0.494974 0.469998 0.444508 0.418675 0.392678 0.366693 0.340898 0.315464 0.290558 0.266332 0.242929 0.220472 0.199072 0.178816 0.159775 0.142 0.125521 0.11035 0.0964826 0.0838976 0.0725606 0.0624254 0.0534369 0.0455332 0.0386483 0.0327146 0.0276649 0.0234348 0.0199644 0.0172003 0.0150967 0.013617 0.0127353 
0.0132044 0.0134957 0.0144011 0.015939 0.0181382 0.0210376 0.0246856 0.0291383 0.0344584 0.0407131 0.0479722 0.0563056 0.0657808 0.0764607 0.0884004 0.101645 0.116228 0.132167 0.149462 0.168096 0.188031 0.209211 0.231557 0.25497 0.279333 0.304512 0.330356 0.356701 0.383375 0.410198 0.436985 0.463555 0.489724 0.51532 0.540174 0.564133 0.587053 0.608807 0.629279 0.648371 0.666 0.682096 0.696601 0.709473 0.720677 0.730187 0.737985 0.744058 0.748399 0.751002 0.751865 0.750985 0.748363 0.744002 0.737905 0.73008 0.72054 0.709302 0.696392 0.681843 0.665702 0.648025 0.628882 0.60836 0.586558 0.563592 0.539591 0.5147 0.489075 0.462884 0.436303 0.409514 0.3827 0.356045 0.329728 0.303923 0.278791 0.254482 0.231128 0.208845 0.187731 0.167861 0.149292 0.132059 0.116178 0.101648 0.0884487 0.0765477 0.065899 0.0564473 0.0481298 0.0408791 0.0346257 0.0293006 0.0248371 0.0211734 0.0182541 0.0160318 0.0144682 0.0135366 
0.0139723 0.0142797 0.0152334 0.0168527 0.0191674 0.0222178 0.0260539 0.0307337 0.036322 0.0428878 0.0505027 0.0592381 0.0691628 0.0803403 0.0928259 0.106664 0.121887 0.138508 0.156527 0.175921 0.196649 0.218647 0.241829 0.266092 0.29131 0.31734 0.344024 0.371192 0.398664 0.426251 0.453765 0.481016 0.50782 0.533999 0.559383 0.583817 0.607158 0.629279 0.650067 0.669428 0.687281 0.70356 0.718214 0.731203 0.742496 0.752074 0.759923 0.766032 0.770397 0.773014 0.773883 0.773001 0.770369 0.765987 0.759858 0.751986 0.74238 0.731053 0.718027 0.70333 0.687004 0.669102 0.649689 0.628847 0.606674 0.583282 0.558802 0.533377 0.507164 0.480334 0.453066 0.425546 0.397964 0.370508 0.343367 0.316718 0.290734 0.265569 0.241366 0.218248 0.196317 0.175658 0.15633 0.138376 0.121815 0.106648 0.0928587 0.0804147 0.0692712 0.0593724 0.050655 0.0430504 0.0364875 0.0308954 0.0262056 0.0223543 0.0192843 0.0169466 0.0153015 0.0143214 
0.0147165 0.0150393 0.0160395 0.0177371 0.0201629 0.0233585 0.0273753 0.0322733 0.0381188 0.0449828 0.0529383 0.0620583 0.0724125 0.0840649 0.0970708 0.111474 0.127304 0.144574 0.163278 0.183391 0.204866 0.227634 0.251603 0.276662 0.302678 0.329502 0.356967 0.384897 0.413102 0.441392 0.469569 0.497441 0.524817 0.551518 0.577374 0.602226 0.625934 0.648371 0.669428 0.689013 0.707048 0.723474 0.738242 0.751317 0.762675 0.772299 0.78018 0.78631 0.790689 0.793315 0.794188 0.793306 0.79067 0.786278 0.78013 0.772229 0.762579 0.75119 0.738078 0.723268 0.706795 0.688708 0.66907 0.647957 0.625464 0.601702 0.576798 0.550897 0.524157 0.49675 0.468858 0.44067 0.412381 0.384188 0.356282 0.32885 0.302071 0.276107 0.251108 0.227204 0.204504 0.183099 0.163055 0.144418 0.127211 0.11144 0.0970883 0.0841268 0.072511 0.0621851 0.0530852 0.0451417 0.0382822 0.032434 0.027527 0.0234955 0.0202807 0.0178319 0.0161085 0.0150817 
