1.07446e-06 1.11905e-06 1.31958e-06 1.69775e-06 2.29202e-06 3.16031e-06 4.38315e-06 6.06777e-06 8.35293e-06 1.14147e-05 1.54724e-05 2.0796e-05 2.77123e-05 3.66119e-05 4.79554e-05 6.22783e-05 8.01941e-05 0.000102395 0.000129651 0.000162801 0.000202747 0.000250437 0.000306843 0.000372941 0.000449676 0.00053793 0.000638484 0.000751975 0.000878856 0.00101935 0.00117343 0.00134074 0.00152062 0.00171205 0.00191366 0.00212371 0.00234013 0.00256053 0.00278224 0.00300235 0.00321782 0.00342547 0.00362212 0.00380464 0.00397003 0.0041155 0.00423857 0.00433707 0.00440926 0.00445387 0.00447009 0.00445764 0.00441675 0.00434817 0.00425314 0.00413336 0.00399092 0.0038283 0.00364825 0.00345373 0.00324786 0.00303381 0.00281474 0.0025937 0.00237361 0.00215714 0.0019467 0.00174439 0.00155198 0.00137087 0.00120211 0.00104641 0.000904161 0.00077543 0.000660033 0.000557554 0.00046739 0.000388791 0.000320899 0.000262791 0.000213509 0.000172092 0.000137599 0.000109134 8.58557e-05 6.69914e-05 5.18428e-05 3.97885e-05 3.02839e-05 2.28581e-05 1.71101e-05 1.27023e-05 9.35467e-06 6.83805e-06 4.96734e-06 3.59546e-06 2.60769e-06 1.91668e-06 1.45835e-06 1.18909e-06 
1.11905e-06 1.16588e-06 1.37572e-06 1.77135e-06 2.3931e-06 3.30174e-06 4.58176e-06 6.34564e-06 8.73901e-06 1.19465e-05 1.61985e-05 2.1778e-05 2.9028e-05 3.83582e-05 5.02519e-05 6.52706e-05 8.40574e-05 0.000107338 0.000135919 0.00017068 0.000212565 0.000262564 0.000321695 0.000390978 0.000471399 0.000563877 0.000669226 0.000788108 0.00092099 0.0010681 0.0012294 0.00140451 0.00159274 0.00179301 0.00200388 0.00222354 0.0024498 0.00268018 0.00291187 0.00314186 0.00336695 0.00358383 0.00378918 0.00397975 0.0041524 0.00430425 0.00443267 0.00453545 0.00461076 0.00465727 0.00467416 0.00466112 0.0046184 0.00454677 0.00444754 0.00432245 0.00417372 0.00400389 0.00381585 0.00361268 0.00339763 0.00317401 0.0029451 0.00271411 0.00248407 0.00225777 0.00203774 0.00182617 0.00162491 0.00143544 0.00125886 0.00109592 0.000947016 0.000812247 0.000691418 0.0005841 0.000489664 0.00040733 0.000336205 0.000275324 0.000223686 0.000180286 0.000144142 0.000114313 8.99192e-05 7.01521e-05 5.42796e-05 4.16505e-05 3.16939e-05 2.39163e-05 1.7897e-05 1.32822e-05 9.77823e-06 7.14481e-06 5.18787e-06 3.75323e-06 2.72062e-06 1.99848e-06 1.51969e-06 1.23854e-06 
1.31958e-06 1.37572e-06 1.62373e-06 2.09038e-06 2.82299e-06 3.89277e-06 5.39861e-06 7.47201e-06 1.0283e-05 1.40469e-05 1.90318e-05 2.55669e-05 3.40503e-05 4.49567e-05 5.88451e-05 7.63637e-05 9.82538e-05 0.00012535 0.000158577 0.000198942 0.000247523 0.000305447 0.00037387 0.000453945 0.000546783 0.000653414 0.000774742 0.000911497 0.00106418 0.00123302 0.00141794 0.00161848 0.00183381 0.00206268 0.00230342 0.00255395 0.00281178 0.00307406 0.00333762 0.00359903 0.00385467 0.00410082 0.00433374 0.00454975 0.00474534 0.00491727 0.0050626 0.00517884 0.00526396 0.00531646 0.00533542 0.00532051 0.00527201 0.00519079 0.0050783 0.0049365 0.00476788 0.0045753 0.00436199 0.00413143 0.00388727 0.00363322 0.00337302 0.00311027 0.00284841 0.00259061 0.00233975 0.00209833 0.00186847 0.00165187 0.00144982 0.00126319 0.00109248 0.000937802 0.000798982 0.000675553 0.000566826 0.000471931 0.000389867 0.000319547 0.00025984 0.000209606 0.000167725 0.000133127 0.000104804 8.18301e-05 6.33647e-05 4.86586e-05 3.70539e-05 2.79807e-05 2.09527e-05 1.55601e-05 1.14624e-05 8.3805e-06 6.0887e-06 4.40755e-06 3.19689e-06 2.34996e-06 1.78842e-06 1.45891e-06 
1.69775e-06 1.77135e-06 2.09038e-06 2.68891e-06 3.62699e-06 4.99481e-06 6.91739e-06 9.56065e-06 1.31387e-05 1.7922e-05 2.42468e-05 3.25245e-05 4.32516e-05 5.70189e-05 7.45196e-05 9.65555e-05 0.000124041 0.000158001 0.000199569 0.000249974 0.000310528 0.000382594 0.000467568 0.000566828 0.000681699 0.000813401 0.000962987 0.00113129 0.00131888 0.00152597 0.00175239 0.00199754 0.00226035 0.00253927 0.00283222 0.00313664 0.0034495 0.00376736 0.00408636 0.0044024 0.00471112 0.00500808 0.0052888 0.00554891 0.00578424 0.00599093 0.00616553 0.00630506 0.00640713 0.00646998 0.00649252 0.00647437 0.00641586 0.00631802 0.00618256 0.00601183 0.00580876 0.00557675 0.00531963 0.00504154 0.00474682 0.00443994 0.00412532 0.00380731 0.00349002 0.00317731 0.00287264 0.00257907 0.00229918 0.00203506 0.00178833 0.0015601 0.001351 0.00116126 0.000990701 0.000838804 0.000704781 0.000587614 0.00048612 0.000399006 0.000324915 0.000262473 0.000210328 0.000167178 0.000131796 0.000103049 7.99062e-05 6.14451e-05 4.68541e-05 3.54284e-05 2.65645e-05 1.97532e-05 1.45699e-05 1.0666e-05 7.75914e-06 5.62418e-06 4.08508e-06 3.00752e-06 2.29283e-06 1.87377e-06 
2.29202e-06 2.3931e-06 2.82299e-06 3.62699e-06 4.88473e-06 6.71552e-06 9.28445e-06 1.28101e-05 1.75738e-05 2.39301e-05 3.23187e-05 4.32758e-05 5.74468e-05 7.55972e-05 9.86224e-05 0.000127555 0.000163567 0.000207969 0.000262205 0.000327833 0.000406506 0.000499941 0.000609877 0.000738029 0.000886027 0.00105536 0.00124729 0.00146281 0.00170254 0.00196668 0.00225493 0.00256645 0.00289981 0.00325297 0.00362327 0.00400745 0.00440168 0.00480159 0.00520239 0.00559893 0.00598581 0.00635751 0.0067085 0.00703339 0.00732706 0.00758476 0.00780226 0.00797593 0.00810283 0.00818083 0.0082086 0.00818567 0.00811245 0.00799022 0.00782106 0.00760786 0.0073542 0.00706426 0.00674276 0.00639478 0.00602568 0.00564098 0.00524616 0.00484662 0.00444751 0.00405362 0.00366933 0.00329849 0.00294439 0.00260972 0.00229655 0.00200637 0.00174006 0.00149796 0.00127993 0.00108541 0.000913448 0.000762828 0.000632107 0.000519688 0.00042389 0.000342997 0.000275312 0.000219194 0.000173091 0.00013556 0.000105288 8.10952e-05 6.1938e-05 4.6909e-05 3.52287e-05 2.62371e-05 1.93828e-05 1.42116e-05 1.03549e-05 7.51809e-06 5.47031e-06 4.03515e-06 3.0828e-06 2.52477e-06 
3.16031e-06 3.30174e-06 3.89277e-06 4.99481e-06 6.71552e-06 9.21589e-06 1.27181e-05 1.75158e-05 2.39859e-05 3.26023e-05 4.39507e-05 5.87438e-05 7.78363e-05 0.000102239 0.000133131 0.000171865 0.000219974 0.000279165 0.000351307 0.000438413 0.000542606 0.000666081 0.000811048 0.000979669 0.00117399 0.00139584 0.00164678 0.00192797 0.00224011 0.00258334 0.00295717 0.0033604 0.00379109 0.00424654 0.00472326 0.00521702 0.00572287 0.00623523 0.00674798 0.00725457 0.00774819 0.00822185 0.00866863 0.00908177 0.00945483 0.00978191 0.0100577 0.0102778 0.0104384 0.0105369 0.0105718 0.0105423 0.0104491 0.0102936 0.0100786 0.00980762 0.0094851 0.00911627 0.00870702 0.00826372 0.00779311 0.0073021 0.00679763 0.0062865 0.00577526 0.00527002 0.00477636 0.00429925 0.00384294 0.00341095 0.00300602 0.00263015 0.00228456 0.00196982 0.00168583 0.00143196 0.0012071 0.00100975 0.000838138 0.000690256 0.000563984 0.000457144 0.000367568 0.000293151 0.000231891 0.000181923 0.00014154 0.000109202 8.35462e-05 6.33803e-05 4.7678e-05 3.55677e-05 2.63192e-05 1.93295e-05 1.41077e-05 1.02607e-05 7.47981e-06 5.5287e-06 4.23323e-06 3.47461e-06 
4.38315e-06 4.58176e-06 5.39861e-06 6.91739e-06 9.28445e-06 1.27181e-05 1.75192e-05 2.40842e-05 3.29208e-05 4.46657e-05 6.01037e-05 8.0187e-05 0.000106054 0.000139047 0.000180725 0.000232873 0.000297504 0.000376851 0.000473352 0.000589617 0.000728389 0.000892485 0.00108473 0.00130785 0.00156444 0.00185676 0.0021867 0.00255566 0.00296439 0.00341292 0.00390047 0.00442536 0.00498495 0.00557563 0.00619282 0.00683098 0.00748371 0.00814382 0.00880346 0.00945428 0.0100876 0.0106946 0.0112665 0.0117947 0.0122713 0.0126888 0.0130405 0.0133208 0.0135253 0.0136505 0.0136945 0.0136564 0.0135371 0.0133384 0.0130637 0.0127173 0.012305 0.0118332 0.0113094 0.0107416 0.0101382 0.009508 0.0088598 0.00820225 0.00754367 0.00689191 0.00625415 0.0056368 0.00504542 0.00448461 0.00395802 0.00346833 0.00301727 0.0026057 0.00223363 0.00190038 0.00160463 0.00134455 0.00111793 0.000922255 0.000754837 0.000612897 0.000493653 0.000394389 0.000312511 0.000245593 0.000191403 0.000147925 0.000113363 8.61447e-05 6.4911e-05 4.8504e-05 3.59514e-05 2.64477e-05 1.93357e-05 1.40878e-05 1.0289e-05 7.62068e-06 5.84793e-06 4.81033e-06 
6.06777e-06 6.34564e-06 7.47201e-06 9.56065e-06 1.28101e-05 1.75158e-05 2.40842e-05 3.30494e-05 4.50941e-05 6.10722e-05 8.20329e-05 0.000109246 0.000144224 0.000188747 0.000244872 0.000314949 0.000401617 0.000507792 0.000636644 0.000791553 0.000976052 0.00119375 0.00144824 0.00174298 0.00208119 0.0024657 0.00289879 0.00338207 0.00391637 0.00450151 0.00513631 0.00581841 0.00654424 0.00730901 0.00810669 0.00893008 0.00977089 0.0106199 0.011467 0.0123017 0.0131129 0.0138893 0.0146201 0.0152944 0.0159021 0.016434 0.0168818 0.0172384 0.0174982 0.0176571 0.0177125 0.0176636 0.0175112 0.0172577 0.0169073 0.0164655 0.0159393 0.015337 0.0146677 0.0139417 0.0131694 0.012362 0.0115305 0.010686 0.0098391 0.00899973 0.00817716 0.00737967 0.00661446 0.00588758 0.00520386 0.0045669 0.00397911 0.00344175 0.00295505 0.00251827 0.00212988 0.00178766 0.00148886 0.00123035 0.00100873 0.00082045 0.000661959 0.00052976 0.000420497 0.000331021 0.00025842 0.000200057 0.000153572 0.000116895 8.82282e-05 6.60366e-05 4.90275e-05 3.61271e-05 2.64569e-05 1.93102e-05 1.41294e-05 1.04864e-05 8.06453e-06 6.64762e-06 
8.35293e-06 8.73901e-06 1.0283e-05 1.31387e-05 1.75738e-05 2.39859e-05 3.29208e-05 4.50941e-05 6.14185e-05 8.30321e-05 0.00011133 0.000147995 0.000195028 0.000254771 0.000329926 0.000423568 0.000539135 0.000680414 0.0008515 0.00105674 0.00130067 0.00158786 0.00192287 0.00231004 0.00275336 0.00325629 0.00382157 0.00445107 0.00514558 0.00590466 0.00672651 0.0076079 0.00854402 0.00952856 0.0105536 0.01161 0.0126869 0.0137725 0.0148542 0.0159185 0.0169514 0.017939 0.0188673 0.0197231 0.0204936 0.0211674 0.0217341 0.0221851 0.0225134 0.0227138 0.0227833 0.0227208 0.0225273 0.0222059 0.0217616 0.0212014 0.020534 0.0197695 0.0189194 0.0179964 0.0170138 0.0159853 0.0149249 0.0138465 0.0127636 0.0116887 0.0106338 0.00960936 0.00862479 0.00768792 0.00680511 0.00598118 0.00521943 0.00452172 0.00388855 0.00331921 0.00281194 0.00236409 0.00197227 0.0016326 0.0013408 0.00109241 0.000882893 0.00070778 0.000562762 0.000443768 0.000347027 0.000269105 0.000206924 0.000157767 0.000119274 8.94213e-05 6.64984e-05 4.90821e-05 3.60048e-05 2.63249e-05 1.9298e-05 1.43512e-05 1.10605e-05 9.13599e-06 
1.14147e-05 1.19465e-05 1.40469e-05 1.7922e-05 2.39301e-05 3.26023e-05 4.46657e-05 6.10722e-05 8.30321e-05 0.000112052 0.000149971 0.000199005 0.000261775 0.000341344 0.000441234 0.000565432 0.000718386 0.00090497 0.00113044 0.00140034 0.0017204 0.00209644 0.00253413 0.00303888 0.00361558 0.00426843 0.00500067 0.00581437 0.00671024 0.0076874 0.00874326 0.00987337 0.0110714 0.012329 0.013636 0.0149806 0.016349 0.0177265 0.0190967 0.020443 0.0217479 0.0229939 0.0241639 0.0252412 0.0262102 0.0270569 0.0277684 0.0283342 0.0287457 0.0289966 0.0290831 0.029004 0.0287604 0.0283562 0.0277975 0.027093 0.0262532 0.0252907 0.0242197 0.0230557 0.0218153 0.0205156 0.019174 0.0178079 0.016434 0.0150683 0.0137259 0.0124202 0.0111631 0.00996481 0.00883364 0.00777594 0.00679622 0.00589712 0.00507958 0.00434301 0.00368541 0.00310366 0.00259367 0.00215064 0.00176928 0.00144399 0.00116905 0.000938792 0.000747721 0.000590625 0.000462655 0.000359377 0.000276801 0.000211397 0.000160084 0.000120215 8.95457e-05 6.62028e-05 4.86459e-05 3.56297e-05 2.61676e-05 1.94989e-05 1.50599e-05 1.24647e-05 
1.54724e-05 1.61985e-05 1.90318e-05 2.42468e-05 3.23187e-05 4.39507e-05 6.01037e-05 8.20329e-05 0.00011133 0.000149971 0.000200364 0.000265395 0.000348475 0.000453572 0.000585232 0.000748587 0.000949335 0.0011937 0.00148834 0.00184028 0.00225674 0.00274494 0.00331195 0.0039644 0.00470823 0.00554845 0.00648882 0.00753157 0.0086772 0.00992419 0.0112689 0.0127052 0.0142249 0.0158171 0.0174689 0.0191651 0.0208885 0.0226203 0.0243405 0.0260281 0.0276615 0.0292193 0.0306803 0.0320241 0.0332317 0.0342858 0.0351709 0.0358742 0.0363853 0.0366965 0.0368032 0.036704 0.0364003 0.0358967 0.0352008 0.034323 0.0332761 0.0320755 0.0307386 0.0292843 0.0277328 0.0261053 0.0244233 0.0227081 0.0209806 0.019261 0.0175679 0.0159183 0.0143273 0.0128081 0.0113713 0.0100252 0.00877598 0.00762727 0.00658068 0.00563581 0.00479054 0.00404121 0.00338295 0.00280995 0.00231567 0.0018932 0.00153539 0.00123511 0.000985425 0.000779726 0.000611828 0.000476058 0.000367291 0.000280976 0.000213129 0.000160314 0.000119613 8.85792e-05 6.51984e-05 4.78371e-05 3.51985e-05 2.6281e-05 2.03411e-05 1.68695e-05 
2.0796e-05 2.1778e-05 2.55669e-05 3.25245e-05 4.32758e-05 5.87438e-05 8.0187e-05 0.000109246 0.000147995 0.000199005 0.000265395 0.000350898 0.000459908 0.000597518 0.000769546 0.000982531 0.00124371 0.00156093 0.0019426 0.00239749 0.00293457 0.00356279 0.00429079 0.00512663 0.00607743 0.00714907 0.0083458 0.00966995 0.0111216 0.0126983 0.014395 0.0162037 0.0181135 0.0201105 0.0221784 0.0242979 0.0264476 0.0286043 0.0307431 0.0328382 0.0348632 0.0367918 0.0385984 0.0402582 0.0417483 0.0430478 0.0441382 0.0450038 0.0456323 0.0460145 0.046145 0.0460219 0.0456471 0.045026 0.0441678 0.0430848 0.0417928 0.04031 0.0386574 0.036858 0.0349363 0.0329181 0.0308294 0.0286966 0.0265454 0.0244005 0.0222851 0.0202206 0.0182259 0.0163175 0.0145092 0.0128119 0.0112334 0.00977907 0.00845129 0.00725008 0.00617323 0.0052166 0.00437448 0.00363987 0.00300486 0.00246095 0.00199933 0.00161112 0.00128767 0.00102065 0.000802252 0.000625294 0.000483252 0.00037031 0.000281363 0.000211993 0.000158434 0.000117525 8.66515e-05 6.36897e-05 4.69505e-05 3.51261e-05 2.72445e-05 2.26395e-05 
2.77123e-05 2.9028e-05 3.40503e-05 4.32516e-05 5.74468e-05 7.78363e-05 0.000106054 0.000144224 0.000195028 0.000261775 0.000348475 0.000459908 0.000601681 0.000780274 0.00100306 0.00127829 0.00161507 0.00202322 0.0025132 0.00309587 0.00378228 0.00458336 0.00550959 0.00657061 0.00777485 0.00912908 0.010638 0.0123039 0.0141261 0.0161011 0.0182218 0.0204777 0.0228548 0.0253356 0.0278993 0.0305221 0.0331775 0.035837 0.03847 0.0410451 0.0435306 0.0458945 0.048106 0.0501356 0.0519558 0.0535416 0.0548711 0.0559257 0.0566908 0.0571555 0.0573135 0.0571625 0.0567046 0.0559466 0.054899 0.0535767 0.0519982 0.0501855 0.0481634 0.0459594 0.043603 0.041125 0.0385572 0.0359312 0.0332784 0.0306291 0.0280117 0.0254526 0.0229755 0.0206011 0.0183467 0.0162264 0.0142506 0.0124264 0.0107574 0.00924425 0.00788487 0.00667467 0.00560702 0.00467368 0.00386515 0.00317113 0.00258085 0.00208341 0.00166807 0.00132448 0.00104288 0.000814253 0.000630367 0.000483865 0.000368264 0.000277935 0.000208065 0.000154601 0.000114183 8.40748e-05 6.20942e-05 4.65494e-05 3.61809e-05 3.01243e-05 
3.66119e-05 3.83582e-05 4.49567e-05 5.70189e-05 7.55972e-05 0.000102239 0.000139047 0.000188747 0.000254771 0.000341344 0.000453572 0.000597518 0.000780274 0.00101001 0.00129597 0.00164848 0.00207887 0.00259931 0.00322269 0.00396232 0.00483165 0.00584389 0.00701157 0.00834612 0.00985732 0.0115528 0.0134377 0.0155139 0.0177799 0.0202303 0.0228557 0.0256425 0.0285728 0.0316247 0.0347722 0.0379861 0.0412339 0.0444807 0.0476898 0.0508234 0.0538432 0.0567114 0.0593912 0.0618476 0.0640481 0.0659635 0.0675679 0.0688396 0.0697614 0.0703207 0.07051 0.0703267 0.0697734 0.0688578 0.0675925 0.0659947 0.0640862 0.0618928 0.0594438 0.0567718 0.0539116 0.0508998 0.0477744 0.0445734 0.0413345 0.0380942 0.0348873 0.031746 0.0286994 0.0257734 0.0229897 0.0203661 0.0179161 0.0156492 0.0135707 0.0116822 0.00998189 0.00846484 0.00712355 0.00594841 0.00492819 0.00405055 0.00330248 0.00267072 0.00214209 0.00170387 0.00134397 0.00105116 0.000815183 0.000626804 0.000477866 0.000361265 0.000270904 0.000201635 0.000149177 0.000110038 8.14226e-05 6.11622e-05 4.76388e-05 3.97412e-05 
4.79554e-05 5.02519e-05 5.88451e-05 7.45196e-05 9.86224e-05 0.000133131 0.000180725 0.000244872 0.000329926 0.000441234 0.000585232 0.000769546 0.00100306 0.00129597 0.00165978 0.00210727 0.00265239 0.0033101 0.0040961 0.00502655 0.00611762 0.0073851 0.00884381 0.0105071 0.012386 0.0144893 0.0168219 0.0193854 0.0221767 0.0251883 0.0284077 0.0318175 0.035395 0.039113 0.0429396 0.0468391 0.0507722 0.0546968 0.058569 0.0623437 0.0659758 0.0694204 0.0726344 0.0755769 0.0782101 0.0804996 0.0824158 0.0839334 0.0850325 0.0856987 0.0859232 0.0857033 0.0850417 0.0839475 0.0824351 0.0805245 0.078241 0.0756143 0.0726789 0.0694725 0.066036 0.0624126 0.0586467 0.0547836 0.0508682 0.0469442 0.0430534 0.0392348 0.0355241 0.0319528 0.0285481 0.0253323 0.0223228 0.019532 0.0169675 0.0146323 0.012525 0.0106406 0.00897079 0.00750452 0.00622872 0.00512878 0.00418916 0.00339389 0.00272702 0.00217301 0.00171706 0.00134533 0.00104513 0.000805004 0.000614777 0.000465561 0.000349707 0.000260733 0.000193235 0.000142792 0.000105859 7.9679e-05 6.21917e-05 5.19811e-05 
6.22783e-05 6.52706e-05 7.63637e-05 9.65555e-05 0.000127555 0.000171865 0.000232873 0.000314949 0.000423568 0.000565432 0.000748587 0.000982531 0.00127829 0.00164848 0.00210727 0.00267033 0.00335469 0.00417851 0.00516075 0.0063208 0.00767792 0.00925073 0.0110565 0.0131106 0.0154256 0.0180107 0.0208709 0.0240066 0.027413 0.0310796 0.0349901 0.0391223 0.0434482 0.0479341 0.0525412 0.0572263 0.0619423 0.0666392 0.071265 0.0757665 0.0800908 0.0841858 0.0880013 0.09149 0.0946083 0.097317 0.0995818 0.101374 0.102671 0.103457 0.10372 0.103459 0.102677 0.101383 0.0995937 0.0973329 0.094629 0.0915161 0.0880337 0.0842253 0.0801384 0.0758229 0.0713309 0.0667152 0.0620288 0.0573234 0.0526488 0.0480518 0.0435754 0.0392581 0.0351332 0.0312286 0.0275663 0.0241624 0.0210275 0.0181662 0.0155782 0.0132587 0.0111986 0.00938541 0.00780419 0.00643785 0.00526804 0.00427574 0.00344183 0.00274754 0.00217492 0.0017071 0.00132851 0.00102505 0.000784181 0.000594868 0.000447601 0.000334293 0.000248185 0.000183727 0.000136465 0.000102924 8.05027e-05 6.74137e-05 
8.01941e-05 8.40574e-05 9.82538e-05 0.000124041 0.000163567 0.000219974 0.000297504 0.000401617 0.000539135 0.000718386 0.000949335 0.00124371 0.00161507 0.00207887 0.00265239 0.00335469 0.00420634 0.00522917 0.00644585 0.00787938 0.00955246 0.0114868 0.0137023 0.0162163 0.0190427 0.0221911 0.0256661 0.0294666 0.0335851 0.0380076 0.042713 0.0476736 0.0528547 0.0582153 0.0637086 0.069283 0.0748826 0.0804484 0.0859195 0.0912342 0.096331 0.10115 0.105633 0.109728 0.113383 0.116554 0.119204 0.121299 0.122813 0.12373 0.124036 0.12373 0.122814 0.1213 0.119206 0.116559 0.11339 0.109739 0.10565 0.101172 0.0963609 0.0912728 0.085968 0.0805077 0.0749536 0.0693662 0.0638043 0.0583233 0.0529747 0.0478048 0.0428543 0.0381575 0.033742 0.0296286 0.0258312 0.0223571 0.0192075 0.0163779 0.0138588 0.0116366 0.00969414 0.00801177 0.00656811 0.00534075 0.004307 0.00344444 0.0027315 0.00214779 0.00167442 0.00129422 0.000991818 0.000753676 0.000568069 0.000424997 0.000316078 0.00023441 0.000174442 0.000131832 0.000103328 8.66907e-05 
0.000102395 0.000107338 0.00012535 0.000158001 0.000207969 0.000279165 0.000376851 0.000507792 0.000680414 0.00090497 0.0011937 0.00156093 0.00202322 0.00259931 0.0033101 0.00417851 0.00522917 0.00648808 0.00798203 0.00973804 0.0117825 0.0141405 0.0168346 0.0198842 0.0233042 0.0271043 0.0312881 0.0358524 0.0407864 0.0460714 0.0516809 0.0575803 0.0637272 0.0700723 0.0765598 0.0831284 0.0897126 0.0962437 0.102651 0.108864 0.114811 0.120425 0.12564 0.130396 0.134637 0.138312 0.14138 0.143803 0.145554 0.146612 0.146965 0.146609 0.145548 0.143795 0.14137 0.138302 0.134627 0.130388 0.125636 0.120425 0.114818 0.108879 0.102676 0.0962802 0.0897618 0.0831913 0.0766371 0.0701643 0.0638339 0.0577011 0.0518149 0.0462173 0.0409424 0.0360166 0.0314582 0.0272779 0.023479 0.0200577 0.0170047 0.0143049 0.0119395 0.00988595 0.00811972 0.00661469 0.0053442 0.00428175 0.00340167 0.00267955 0.0020927 0.00162038 0.00124394 0.000946897 0.000714937 0.000535802 0.000399185 0.000296581 0.000221128 0.000167452 0.000131518 0.000110546 
0.000129651 0.000135919 0.000158577 0.000199569 0.000262205 0.000351307 0.000473352 0.000636644 0.0008515 0.00113044 0.00148834 0.0019426 0.0025132 0.00322269 0.0040961 0.00516075 0.00644585 0.00798203 0.00980068 0.0119332 0.0144099 0.0172593 0.0205068 0.0241735 0.0282752 0.0328212 0.0378136 0.043246 0.0491034 0.0553619 0.0619878 0.0689389 0.0761639 0.0836039 0.0911931 0.0988596 0.106527 0.114117 0.121547 0.128738 0.13561 0.142085 0.148091 0.15356 0.15843 0.162646 0.166161 0.168936 0.170939 0.172149 0.172551 0.172142 0.170926 0.168917 0.166138 0.162619 0.1584 0.153529 0.148061 0.142059 0.135589 0.128725 0.121543 0.114124 0.106548 0.0988953 0.091245 0.083673 0.0762504 0.0690426 0.0621082 0.0554977 0.0492532 0.0434075 0.0379845 0.032999 0.0284571 0.0243567 0.0206886 0.0174371 0.0145813 0.0120963 0.00995391 0.00812409 0.00657589 0.00527829 0.00420103 0.0033152 0.00259377 0.00201191 0.00154721 0.0011798 0.000892329 0.000669906 0.000499973 0.000372137 0.000277991 0.000210935 0.000166011 0.000139794 
0.000162801 0.00017068 0.000198942 0.000249974 0.000327833 0.000438413 0.000589617 0.000791553 0.00105674 0.00140034 0.00184028 0.00239749 0.00309587 0.00396232 0.00502655 0.0063208 0.00787938 0.00973804 0.0119332 0.0145008 0.0174755 0.0208893 0.0247702 0.0291408 0.0340172 0.039408 0.0453126 0.051721 0.0586129 0.0659575 0.0737133 0.0818289 0.0902432 0.0988864 0.107681 0.116545 0.12539 0.134125 0.142659 0.150902 0.158763 0.166157 0.173005 0.179231 0.184768 0.189556 0.193543 0.196688 0.198957 0.200326 0.20078 0.200315 0.198936 0.196658 0.193504 0.189509 0.184716 0.179175 0.172947 0.1661 0.158709 0.150853 0.14262 0.134097 0.125375 0.116547 0.107701 0.0989251 0.0903022 0.0819085 0.0738132 0.0660767 0.0587501 0.0518742 0.0454793 0.0395854 0.0342024 0.0293304 0.0249611 0.0210786 0.0176603 0.0146785 0.0121017 0.00989563 0.0080248 0.00645323 0.00514559 0.00406796 0.00318843 0.00247756 0.00190865 0.00145794 0.00110461 0.000830713 0.000621079 0.000463116 0.00034661 0.000263529 0.000207826 0.000175322 
0.000202747 0.000212565 0.000247523 0.000310528 0.000406506 0.000542606 0.000728389 0.000976052 0.00130067 0.0017204 0.00225674 0.00293457 0.00378228 0.00483165 0.00611762 0.00767792 0.00955246 0.0117825 0.0144099 0.0174755 0.0210183 0.0250737 0.029672 0.0348373 0.0405853 0.0469227 0.0538458 0.0613397 0.0693775 0.0779205 0.0869181 0.0963083 0.106019 0.115968 0.126067 0.13622 0.146327 0.156286 0.165994 0.17535 0.184257 0.192619 0.20035 0.207367 0.2136 0.218982 0.22346 0.226989 0.229533 0.231066 0.231574 0.231051 0.229503 0.226946 0.223405 0.218915 0.213523 0.207283 0.20026 0.192527 0.184166 0.175263 0.165914 0.156216 0.146271 0.13618 0.126047 0.115969 0.106043 0.096356 0.0869899 0.0780159 0.0694954 0.0614781 0.0540025 0.0470946 0.0407691 0.0350295 0.0298691 0.025272 0.0212145 0.0176665 0.0145929 0.0119554 0.00971332 0.00782559 0.00625135 0.00495113 0.00388763 0.00302623 0.00233543 0.00178705 0.0013563 0.00102176 0.000765259 0.000571657 0.000428656 0.000326558 0.000258052 0.000218079 
0.000250437 0.000262564 0.000305447 0.000382594 0.000499941 0.000666081 0.000892485 0.00119375 0.00158786 0.00209644 0.00274494 0.00356279 0.00458336 0.00584389 0.0073851 0.00925073 0.0114868 0.0141405 0.0172593 0.0208893 0.0250737 0.0298512 0.0352542 0.0413073 0.0480255 0.0554128 0.063461 0.0721491 0.0814424 0.0912931 0.10164 0.112409 0.123516 0.134866 0.146356 0.157879 0.169322 0.18057 0.191511 0.202031 0.212025 0.221391 0.230033 0.237866 0.244812 0.250803 0.255783 0.259702 0.262525 0.264226 0.264788 0.264207 0.262487 0.259646 0.255709 0.250715 0.244709 0.237752 0.22991 0.221262 0.211894 0.201901 0.191385 0.180454 0.169218 0.157792 0.146289 0.134822 0.123497 0.112417 0.101676 0.091357 0.0815336 0.0722658 0.063601 0.0555732 0.0482028 0.0414977 0.0354535 0.0300554 0.0252789 0.0210917 0.0174556 0.0143278 0.0116628 0.00941372 0.00753385 0.00597774 0.00470216 0.00366679 0.00283474 0.00217288 0.00165198 0.00124666 0.000935336 0.000699965 0.000525856 0.000401399 0.000317826 0.000269063 
0.000306843 0.000321695 0.00037387 0.000467568 0.000609877 0.000811048 0.00108473 0.00144824 0.00192287 0.00253413 0.00331195 0.00429079 0.00550959 0.00701157 0.00884381 0.0110565 0.0137023 0.0168346 0.0205068 0.0247702 0.029672 0.0352542 0.0415507 0.048586 0.0563731 0.0649125 0.0741904 0.0841782 0.0948322 0.106094 0.117889 0.130133 0.142726 0.155559 0.168517 0.181477 0.194315 0.206903 0.219118 0.230837 0.241946 0.252335 0.261904 0.270562 0.278228 0.284832 0.290314 0.294625 0.297727 0.299595 0.300211 0.299571 0.297681 0.294556 0.290223 0.284721 0.2781 0.270418 0.261746 0.252167 0.241772 0.230661 0.218944 0.206736 0.194159 0.181338 0.168398 0.155464 0.142657 0.130094 0.117882 0.106119 0.0948891 0.0842659 0.0743069 0.065055 0.056538 0.0487692 0.0417478 0.0354606 0.0298832 0.0249817 0.0207147 0.0170353 0.0138928 0.0112346 0.00900765 0.00716013 0.00564236 0.00440775 0.00341353 0.00262107 0.00199615 0.00150899 0.00113412 0.00085025 0.000639954 0.00048945 0.000388308 0.000329294 
0.000372941 0.000390978 0.000453945 0.000566828 0.000738029 0.000979669 0.00130785 0.00174298 0.00231004 0.00303888 0.0039644 0.00512663 0.00657061 0.00834612 0.0105071 0.0131106 0.0162163 0.0198842 0.0241735 0.0291408 0.0348373 0.0413073 0.048586 0.0566967 0.0656497 0.0754404 0.086048 0.0974353 0.109548 0.122314 0.135649 0.14945 0.163605 0.177991 0.192476 0.206924 0.221198 0.235159 0.248672 0.261607 0.27384 0.285257 0.295752 0.305231 0.313611 0.320819 0.326796 0.331491 0.334868 0.336899 0.337568 0.336871 0.334813 0.33141 0.326689 0.320688 0.313457 0.305057 0.29556 0.285051 0.273624 0.261384 0.248448 0.234939 0.220987 0.206728 0.192299 0.177838 0.163481 0.149358 0.135591 0.122293 0.109563 0.0974866 0.0861339 0.0755581 0.0657959 0.0568671 0.0487758 0.0415116 0.0350508 0.0293585 0.0243907 0.0200966 0.0164203 0.0133031 0.0106858 0.00850948 0.00671767 0.00525704 0.00407834 0.00313694 0.00239312 0.00181217 0.00136435 0.00102467 0.000772661 0.000592092 0.00047065 0.000399792 
0.000449676 0.000471399 0.000546783 0.000681699 0.000886027 0.00117399 0.00156444 0.00208119 0.00275336 0.00361558 0.00470823 0.00607743 0.00777485 0.00985732 0.012386 0.0154256 0.0190427 0.0233042 0.0282752 0.0340172 0.0405853 0.0480255 0.0563731 0.0656497 0.0758613 0.086997 0.0990278 0.111906 0.125564 0.139919 0.154869 0.170297 0.186074 0.202063 0.218116 0.234085 0.249817 0.265163 0.27998 0.294127 0.307476 0.319907 0.331311 0.341592 0.350665 0.358458 0.364912 0.369977 0.373616 0.375804 0.376525 0.375773 0.373554 0.369884 0.36479 0.358308 0.350488 0.34139 0.331087 0.319664 0.307218 0.293859 0.279706 0.26489 0.249549 0.233829 0.217879 0.201849 0.185889 0.170145 0.154754 0.139844 0.125531 0.111913 0.0990759 0.0870832 0.0759823 0.0658012 0.0565503 0.0482229 0.0407971 0.0342378 0.0284991 0.0235263 0.0192587 0.0156317 0.0125792 0.0100353 0.00793632 0.00622161 0.004835 0.0037253 0.0028468 0.00215937 0.00162854 0.00122523 0.000925596 0.000710643 0.000565964 0.000481545 
0.00053793 0.000563877 0.000653414 0.000813401 0.00105536 0.00139584 0.00185676 0.0024657 0.00325629 0.00426843 0.00554845 0.00714907 0.00912908 0.0115528 0.0144893 0.0180107 0.0221911 0.0271043 0.0328212 0.039408 0.0469227 0.0554128 0.0649125 0.0754404 0.086997 0.0995639 0.113102 0.127551 0.142831 0.158842 0.175468 0.192574 0.210016 0.22764 0.245283 0.262782 0.279974 0.296698 0.312801 0.328138 0.342574 0.355986 0.368265 0.379313 0.389046 0.397393 0.404296 0.409708 0.413594 0.415928 0.416696 0.415894 0.413526 0.409607 0.404162 0.397227 0.388849 0.379087 0.368012 0.35571 0.342278 0.327826 0.312479 0.296372 0.279649 0.262466 0.244982 0.227361 0.209766 0.192358 0.175291 0.158708 0.142742 0.127508 0.113105 0.0996116 0.0870862 0.0755669 0.0650713 0.0555981 0.0471283 0.0396276 0.0330487 0.0273336 0.0224172 0.0182289 0.0146959 0.0117451 0.00930485 0.00730715 0.00568835 0.00439023 0.00336056 0.00255336 0.00192894 0.00145376 0.00110023 0.000846309 0.000675273 0.00057547 
0.000638484 0.000669226 0.000774742 0.000962987 0.00124729 0.00164678 0.0021867 0.00289879 0.00382157 0.00500067 0.00648882 0.0083458 0.010638 0.0134377 0.0168219 0.0208709 0.0256661 0.0312881 0.0378136 0.0453126 0.0538458 0.063461 0.0741904 0.086048 0.0990278 0.113102 0.128219 0.144307 0.161268 0.178989 0.197333 0.21615 0.235279 0.254548 0.27378 0.292799 0.311429 0.329501 0.346854 0.363337 0.378813 0.393157 0.406259 0.418024 0.42837 0.437228 0.444543 0.450273 0.454382 0.45685 0.457662 0.456814 0.45431 0.450165 0.4444 0.43705 0.428157 0.417778 0.405983 0.392852 0.378483 0.362987 0.346488 0.329125 0.31105 0.292424 0.273417 0.254204 0.234962 0.215867 0.197089 0.17879 0.161118 0.144207 0.128171 0.113105 0.0990788 0.0861433 0.0743249 0.0636289 0.0540406 0.0455272 0.0380411 0.0315219 0.0259002 0.0210998 0.017041 0.0136435 0.0108277 0.00851773 0.00664199 0.00513483 0.00393705 0.00299634 0.00226738 0.00171177 0.00129779 0.00100013 0.00079947 0.000682375 
0.000751975 0.000788108 0.000911497 0.00113129 0.00146281 0.00192797 0.00255566 0.00338207 0.00445107 0.00581437 0.00753157 0.00966995 0.0123039 0.0155139 0.0193854 0.0240066 0.0294666 0.0358524 0.043246 0.051721 0.0613397 0.0721491 0.0841782 0.0974353 0.111906 0.127551 0.144307 0.162084 0.180772 0.200235 0.220321 0.240862 0.261678 0.282581 0.303381 0.323886 0.343912 0.36328 0.381824 0.399391 0.41584 0.431048 0.444907 0.457325 0.468224 0.47754 0.485223 0.491233 0.49554 0.498125 0.498976 0.498088 0.495466 0.491122 0.485075 0.477355 0.468001 0.457066 0.444613 0.430721 0.415483 0.399007 0.381419 0.362859 0.343482 0.323455 0.302957 0.282173 0.261294 0.24051 0.220009 0.199968 0.180556 0.161923 0.144202 0.127503 0.111912 0.0974933 0.0842828 0.0722943 0.0615186 0.0519262 0.0434699 0.0360876 0.0297061 0.0242441 0.0196155 0.0157323 0.012507 0.00985547 0.007698 0.00596104 0.00457802 0.00348985 0.00264518 0.00200035 0.00151925 0.00117291 0.000939268 0.000802914 
0.000878856 0.00092099 0.00106418 0.00131888 0.00170254 0.00224011 0.00296439 0.00391637 0.00514558 0.00671024 0.0086772 0.0111216 0.0141261 0.0177799 0.0221767 0.027413 0.0335851 0.0407864 0.0491034 0.0586129 0.0693775 0.0814424 0.0948322 0.109548 0.125564 0.142831 0.161268 0.180772 0.20121 0.222431 0.244263 0.266519 0.289001 0.311505 0.333827 0.355764 0.377121 0.397715 0.417373 0.435941 0.453281 0.46927 0.483806 0.4968 0.508183 0.517895 0.525892 0.53214 0.536614 0.539298 0.540181 0.539261 0.536541 0.532029 0.525743 0.517708 0.507956 0.496535 0.483502 0.468929 0.452904 0.435532 0.416937 0.397256 0.376647 0.355283 0.333347 0.311036 0.288551 0.266098 0.243881 0.222095 0.200926 0.180545 0.161102 0.142727 0.125521 0.109563 0.0949013 0.0815596 0.0695358 0.0588044 0.0493199 0.0410196 0.0338274 0.0276571 0.0224163 0.0180097 0.0143419 0.0113203 0.00885669 0.00686943 0.00528414 0.00403459 0.00306301 0.00232017 0.00176516 0.00136519 0.00109515 0.000937545 
0.00101935 0.0010681 0.00123302 0.00152597 0.00196668 0.00258334 0.00341292 0.00450151 0.00590466 0.0076874 0.00992419 0.0126983 0.0161011 0.0202303 0.0251883 0.0310796 0.0380076 0.0460714 0.0553619 0.0659575 0.0779205 0.0912931 0.106094 0.122314 0.139919 0.158842 0.178989 0.200235 0.222431 0.245406 0.268966 0.292907 0.317012 0.341064 0.364843 0.388136 0.410741 0.432469 0.453147 0.47262 0.490751 0.507426 0.522546 0.536031 0.547818 0.557857 0.56611 0.572549 0.577156 0.579918 0.580828 0.579883 0.577086 0.572442 0.565965 0.557674 0.547595 0.535767 0.52224 0.507079 0.490364 0.472195 0.452688 0.431981 0.410231 0.387611 0.364312 0.340537 0.3165 0.29242 0.268514 0.244998 0.222077 0.19994 0.178758 0.158678 0.139822 0.122282 0.106122 0.0913773 0.0780533 0.0661308 0.0555669 0.0462993 0.0382497 0.0313278 0.0254354 0.0204701 0.0163285 0.0129095 0.0101164 0.00785897 0.00605485 0.00463031 0.00352085 0.00267128 0.00203569 0.00157714 0.00126733 0.00108649 
0.00117343 0.0012294 0.00141794 0.00175239 0.00225493 0.00295717 0.00390047 0.00513631 0.00672651 0.00874326 0.0112689 0.014395 0.0182218 0.0228557 0.0284077 0.0349901 0.042713 0.0516809 0.0619878 0.0737133 0.0869181 0.10164 0.117889 0.135649 0.154869 0.175468 0.197333 0.220321 0.244263 0.268966 0.294217 0.319793 0.34546 0.370985 0.396136 0.420693 0.444446 0.467202 0.48879 0.509056 0.527871 0.545125 0.560728 0.57461 0.586716 0.597007 0.605453 0.612034 0.616739 0.619558 0.620487 0.619526 0.616674 0.611936 0.605318 0.596834 0.586504 0.574355 0.560429 0.544781 0.527483 0.508625 0.488318 0.466694 0.443908 0.420133 0.395563 0.370408 0.344891 0.319244 0.293699 0.268489 0.243839 0.219956 0.197034 0.17524 0.154713 0.135564 0.117873 0.101686 0.087021 0.0738642 0.0621776 0.0519 0.0429521 0.03524 0.0286604 0.023104 0.0184597 0.0146179 0.0114732 0.00892692 0.00688823 0.0052757 0.00401779 0.00305313 0.00233048 0.00180856 0.00145568 0.00124968 
0.00134074 0.00140451 0.00161848 0.00199754 0.00256645 0.0033604 0.00442536 0.00581841 0.0076079 0.00987337 0.0127052 0.0162037 0.0204777 0.0256425 0.0318175 0.0391223 0.0476736 0.0575803 0.0689389 0.0818289 0.0963083 0.112409 0.130133 0.14945 0.170297 0.192574 0.21615 0.240862 0.266519 0.292907 0.319793 0.346935 0.374083 0.40099 0.427413 0.453124 0.477909 0.501576 0.523953 0.544893 0.564273 0.581992 0.597972 0.612152 0.624489 0.634955 0.643529 0.650201 0.654966 0.657819 0.658761 0.657791 0.654909 0.650114 0.643408 0.634798 0.624294 0.611914 0.597689 0.581662 0.563894 0.544466 0.523479 0.501059 0.477354 0.452538 0.426805 0.40037 0.373464 0.346329 0.319212 0.292364 0.266026 0.240428 0.215784 0.192281 0.17008 0.14931 0.130068 0.112414 0.0963774 0.0819535 0.0691096 0.0577872 0.0479065 0.0393714 0.0320735 0.0258975 0.0207247 0.0164373 0.0129211 0.0100687 0.00778091 0.0059683 0.00455208 0.00346444 0.00264864 0.00205881 0.00165974 0.00142674 
0.00152062 0.00159274 0.00183381 0.00226035 0.00289981 0.00379109 0.00498495 0.00654424 0.00854402 0.0110714 0.0142249 0.0181135 0.0228548 0.0285728 0.035395 0.0434482 0.0528547 0.0637272 0.0761639 0.0902432 0.106019 0.123516 0.142726 0.163605 0.186074 0.210016 0.235279 0.261678 0.289001 0.317012 0.34546 0.374083 0.402616 0.430799 0.45838 0.485125 0.510817 0.535266 0.558304 0.579791 0.599614 0.617682 0.633929 0.648307 0.660786 0.671348 0.679986 0.686698 0.691486 0.694353 0.695301 0.69433 0.69144 0.686626 0.679885 0.671214 0.660615 0.648094 0.63367 0.617375 0.599255 0.579379 0.557839 0.53475 0.510256 0.484523 0.457748 0.430146 0.401955 0.373427 0.344823 0.316407 0.288442 0.261176 0.234845 0.209657 0.185795 0.163407 0.142609 0.123476 0.106051 0.090338 0.0763123 0.0639188 0.0530786 0.0436939 0.0356523 0.0288328 0.0231096 0.0183567 0.0144515 0.0112778 0.00872798 0.00670444 0.00512099 0.00390321 0.00298866 0.00232677 0.00187863 0.00161696 
0.00171205 0.00179301 0.00206268 0.00253927 0.00325297 0.00424654 0.00557563 0.00730901 0.00952856 0.012329 0.0158171 0.0201105 0.0253356 0.0316247 0.039113 0.0479341 0.0582153 0.0700723 0.0836039 0.0988864 0.115968 0.134866 0.155559 0.177991 0.202063 0.22764 0.254548 0.282581 0.311505 0.341064 0.370985 0.40099 0.430799 0.46014 0.488756 0.516405 0.542873 0.567971 0.591539 0.613445 0.633586 0.651886 0.668292 0.682769 0.695303 0.705887 0.714525 0.721227 0.726003 0.728861 0.729808 0.728845 0.725969 0.721173 0.714447 0.705779 0.695161 0.682589 0.668066 0.65161 0.633256 0.613057 0.591093 0.567468 0.542316 0.515799 0.488109 0.459464 0.430104 0.400291 0.370297 0.340402 0.310884 0.282014 0.254047 0.227215 0.20172 0.177734 0.155389 0.134779 0.11596 0.0989484 0.083727 0.0702456 0.0584275 0.0481739 0.0393695 0.0318878 0.0255966 0.0203622 0.0160536 0.0125459 0.00972302 0.00747923 0.00572082 0.00436666 0.00334845 0.00261083 0.00211108 0.00181923 
0.00191366 0.00200388 0.00230342 0.00283222 0.00362327 0.00472326 0.00619282 0.00810669 0.0105536 0.013636 0.0174689 0.0221784 0.0278993 0.0347722 0.0429396 0.0525412 0.0637086 0.0765598 0.0911931 0.107681 0.126067 0.146356 0.168517 0.192476 0.218116 0.245283 0.27378 0.303381 0.333827 0.364843 0.396136 0.427413 0.45838 0.488756 0.518274 0.546695 0.573804 0.599418 0.623384 0.645582 0.665922 0.684341 0.700801 0.715284 0.727788 0.738322 0.746903 0.753549 0.758279 0.761109 0.762048 0.7611 0.758259 0.753514 0.74685 0.738246 0.727682 0.715141 0.700615 0.684104 0.665629 0.645229 0.622968 0.598938 0.573262 0.546095 0.517624 0.488065 0.457662 0.426681 0.395406 0.36413 0.333149 0.302753 0.273216 0.244794 0.217711 0.192159 0.168292 0.14622 0.126016 0.107708 0.0912882 0.0767123 0.0639068 0.0527729 0.0431932 0.0350368 0.0281652 0.0224373 0.0177143 0.0138627 0.0107581 0.00828654 0.00634691 0.00485121 0.0037253 0.00290887 0.00235538 0.00203211 
0.00212371 0.00222354 0.00255395 0.00313664 0.00400745 0.00521702 0.00683098 0.00893008 0.01161 0.0149806 0.0191651 0.0242979 0.0305221 0.0379861 0.0468391 0.0572263 0.069283 0.0831284 0.0988596 0.116545 0.13622 0.157879 0.181477 0.206924 0.234085 0.262782 0.292799 0.323886 0.355764 0.388136 0.420693 0.453124 0.485125 0.516405 0.546695 0.575754 0.603371 0.62937 0.653607 0.675976 0.696399 0.714831 0.731249 0.74565 0.758049 0.768468 0.776936 0.783485 0.78814 0.790924 0.79185 0.790922 0.788135 0.783473 0.776913 0.768426 0.757982 0.745551 0.731108 0.714641 0.696152 0.675666 0.653229 0.628922 0.602854 0.575171 0.546052 0.51571 0.484392 0.452367 0.419928 0.38738 0.355036 0.323202 0.292175 0.262232 0.233618 0.206549 0.181197 0.157693 0.136125 0.116535 0.0989247 0.083258 0.0694649 0.0574479 0.047088 0.0382504 0.0307913 0.0245629 0.0194183 0.0152162 0.0118237 0.00911911 0.00699363 0.00535257 0.00411587 0.0032183 0.00260942 0.00225374 
0.00234013 0.0024498 0.00281178 0.0034495 0.00440168 0.00572287 0.00748371 0.00977089 0.0126869 0.016349 0.0208885 0.0264476 0.0331775 0.0412339 0.0507722 0.0619423 0.0748826 0.0897126 0.106527 0.12539 0.146327 0.169322 0.194315 0.221198 0.249817 0.279974 0.311429 0.343912 0.377121 0.410741 0.444446 0.477909 0.510817 0.542873 0.573804 0.603371 0.631368 0.657627 0.682017 0.704444 0.724846 0.743194 0.759482 0.773724 0.78595 0.796196 0.804506 0.81092 0.815474 0.818197 0.819105 0.818203 0.815485 0.810932 0.804513 0.796192 0.785925 0.773671 0.759391 0.743055 0.724651 0.704183 0.681685 0.65722 0.630885 0.602813 0.573176 0.542184 0.510079 0.477136 0.443654 0.40995 0.376349 0.343177 0.31075 0.279365 0.249292 0.220765 0.19398 0.169086 0.146187 0.125341 0.106561 0.0898176 0.0750465 0.0621521 0.0510146 0.0414964 0.0334487 0.0267175 0.0211486 0.0165928 0.0129093 0.00996859 0.00765453 0.00586574 0.00451628 0.00353604 0.00287068 0.00248196 
0.00256053 0.00268018 0.00307406 0.00376736 0.00480159 0.00623523 0.00814382 0.0106199 0.0137725 0.0177265 0.0226203 0.0286043 0.035837 0.0444807 0.0546968 0.0666392 0.0804484 0.0962437 0.114117 0.134125 0.156286 0.18057 0.206903 0.235159 0.265163 0.296698 0.329501 0.36328 0.397715 0.432469 0.467202 0.501576 0.535266 0.567971 0.599418 0.62937 0.657627 0.684032 0.708466 0.73085 0.751138 0.769318 0.7854 0.799417 0.811412 0.821438 0.82955 0.8358 0.840232 0.84288 0.843766 0.842895 0.840259 0.835836 0.829589 0.821472 0.811432 0.799413 0.785362 0.769234 0.750998 0.730644 0.708186 0.683673 0.657185 0.628845 0.598814 0.567296 0.53453 0.500794 0.466392 0.431649 0.396905 0.362501 0.328772 0.296036 0.264583 0.234671 0.206515 0.180285 0.156102 0.134038 0.114118 0.096323 0.080593 0.0668357 0.0549313 0.04474 0.0361088 0.0288778 0.0228863 0.0179775 0.0140029 0.0108257 0.00832235 0.00638506 0.00492213 0.00385858 0.00313628 0.00271422 
0.00278224 0.00291187 0.00333762 0.00408636 0.00520239 0.00674798 0.00880346 0.011467 0.0148542 0.0190967 0.0243405 0.0307431 0.03847 0.0476898 0.058569 0.071265 0.0859195 0.102651 0.121547 0.142659 0.165994 0.191511 0.219118 0.248672 0.27998 0.312801 0.346854 0.381824 0.417373 0.453147 0.48879 0.523953 0.558304 0.591539 0.623384 0.653607 0.682017 0.708466 0.73285 0.755103 0.775199 0.793139 0.808954 0.822691 0.834411 0.844179 0.852063 0.858125 0.862418 0.864982 0.865842 0.865005 0.862461 0.858185 0.852133 0.844251 0.834475 0.822738 0.808971 0.793113 0.775117 0.754956 0.732626 0.708159 0.681622 0.653122 0.622811 0.590885 0.557579 0.523171 0.487969 0.452306 0.416533 0.381007 0.346081 0.31209 0.279348 0.248132 0.218679 0.191178 0.165767 0.142534 0.121517 0.102704 0.0860439 0.0714471 0.0587945 0.0479448 0.0387414 0.0310192 0.0246114 0.0193542 0.0150919 0.0116803 0.00898921 0.00690438 0.00532856 0.00418207 0.00340301 0.00294774 
