9.57188e-05 9.7882e-05 0.000105803 0.000119783 0.000140303 0.000168045 0.00020389 0.000248919 0.000304416 0.000371856 0.000452906 0.000549411 0.000663379 0.000796964 0.000952438 0.00113216 0.00133852 0.00157394 0.00184077 0.00214123 0.00247742 0.00285113 0.0032639 0.00371684 0.00421063 0.00474542 0.00532079 0.00593565 0.00658827 0.00727617 0.00799618 0.00874435 0.00951604 0.0103059 0.011108 0.0119157 0.0127221 0.0135195 0.0143004 0.0150568 0.0157808 0.0164645 0.0171003 0.0176808 0.0181995 0.01865 0.019027 0.0193259 0.019543 0.0196757 0.0197223 0.0196823 0.0195562 0.0193455 0.0190529 0.0186821 0.0182375 0.0177245 0.0171493 0.0165185 0.0158395 0.0151197 0.014367 0.0135894 0.0127947 0.0119907 0.0111847 0.0103838 0.00959462 0.00882307 0.00807452 0.00735364 0.00666439 0.00600997 0.0053929 0.00481497 0.00427728 0.00378033 0.003324 0.00290768 0.00253028 0.00219036 0.00188612 0.00161556 0.00137646 0.00116651 0.00098334 0.000824571 0.000687863 0.000570959 0.000471712 0.000388115 0.00031832 0.000260653 0.000213624 0.000175935 0.000146485 0.00012437 0.000108884 9.95376e-05 
9.7882e-05 0.000100101 0.000108212 0.000122525 0.000143531 0.000171928 0.000208619 0.00025471 0.000311513 0.000380539 0.000463491 0.000562256 0.000678889 0.000815589 0.000974677 0.00115856 0.0013697 0.00161053 0.00188347 0.0021908 0.00253461 0.00291678 0.00333883 0.0038019 0.00430668 0.0048533 0.00544132 0.00606963 0.00673643 0.0074392 0.00817467 0.00893881 0.00972688 0.0105334 0.0113523 0.0121769 0.0129999 0.0138139 0.0146108 0.0153826 0.0161213 0.0168188 0.0174673 0.0180596 0.0185885 0.019048 0.0194325 0.0197373 0.0199587 0.020094 0.0201414 0.0201006 0.0199718 0.0197569 0.0194585 0.0190801 0.0186266 0.0181033 0.0175164 0.0168729 0.0161801 0.0154456 0.0146776 0.013884 0.0130729 0.0122522 0.0114294 0.0106117 0.0098059 0.00901801 0.00825353 0.00751721 0.00681312 0.00614454 0.00551404 0.00492346 0.00437395 0.00386601 0.00339954 0.00297393 0.00258807 0.00224049 0.00192937 0.00165266 0.00140812 0.00119337 0.001006 0.00084358 0.000703722 0.000584119 0.000482577 0.000397045 0.000325632 0.000266628 0.000218508 0.000179946 0.000149813 0.000127187 0.000111344 0.000101784 
0.000105803 0.000108212 0.000116974 0.00013242 0.000155077 0.000185693 0.000225234 0.000274886 0.000336051 0.000410344 0.000499585 0.000605785 0.000731136 0.00087798 0.00104878 0.00124611 0.00147255 0.0017307 0.00202311 0.00235218 0.00272012 0.00312887 0.00358003 0.00407478 0.00461379 0.00519717 0.00582439 0.00649423 0.00720474 0.00795319 0.00873607 0.00954908 0.0103871 0.0112445 0.0121145 0.0129902 0.013864 0.0147277 0.015573 0.0163915 0.0171745 0.0179137 0.0186008 0.019228 0.0197881 0.0202745 0.0206814 0.0210039 0.0212381 0.0213811 0.0214311 0.0213877 0.0212512 0.0210235 0.0207074 0.0203067 0.0198262 0.0192718 0.01865 0.017968 0.0172336 0.0164549 0.0156403 0.0147984 0.0139376 0.0130663 0.0121925 0.0113238 0.0104673 0.00962958 0.00881633 0.00803271 0.00728302 0.00657081 0.00589884 0.00526911 0.00468287 0.00414071 0.00364257 0.00318782 0.00277534 0.00240359 0.00207066 0.00177441 0.00151246 0.00128231 0.00108141 0.000907173 0.000757068 0.000628642 0.000519562 0.00042764 0.000350861 0.000287399 0.000235626 0.000194124 0.000161688 0.000137329 0.000120274 0.000109988 
0.000119783 0.000122525 0.00013242 0.000149836 0.000175364 0.000209834 0.000254324 0.00031015 0.000378869 0.000462274 0.000562379 0.000681411 0.000821787 0.000986091 0.00117704 0.00139743 0.00165013 0.00193796 0.00226369 0.00262992 0.00303905 0.00349315 0.00399392 0.00454258 0.0051398 0.00578562 0.00647938 0.00721966 0.00800424 0.00883004 0.00969314 0.0105888 0.0115113 0.0124543 0.0134107 0.0143727 0.0153318 0.0162794 0.0172063 0.0181032 0.0189608 0.01977 0.0205218 0.0212078 0.0218202 0.0223518 0.0227964 0.0231486 0.0234042 0.0235602 0.0236146 0.0235668 0.0234174 0.0231682 0.0228224 0.022384 0.0218584 0.0212518 0.0205712 0.0198246 0.0190202 0.0181671 0.0172742 0.0163509 0.0154065 0.01445 0.0134901 0.0125353 0.0115933 0.0106713 0.00977561 0.00891193 0.00808505 0.00729892 0.00655662 0.00586044 0.00521182 0.00461148 0.00405943 0.00355505 0.00309717 0.00268416 0.00231397 0.00198428 0.00169253 0.00143598 0.00121185 0.0010173 0.000849568 0.000705945 0.000583862 0.000480906 0.000394851 0.000323673 0.000265571 0.000218972 0.000182537 0.000155168 0.000136007 0.000124458 
0.000140303 0.000143531 0.000155077 0.000175364 0.000205068 0.000245145 0.000296826 0.000361619 0.000441302 0.000537919 0.000653765 0.000791371 0.000953479 0.00114301 0.00136304 0.00161672 0.00190725 0.00223781 0.00261147 0.00303113 0.00349941 0.00401859 0.00459048 0.00521638 0.00589694 0.00663208 0.00742095 0.00826183 0.00915211 0.0100882 0.0110657 0.0120789 0.0131217 0.0141867 0.0152657 0.0163502 0.0174306 0.0184972 0.0195397 0.0205478 0.0215112 0.0224196 0.0232631 0.0240324 0.0247188 0.0253143 0.0258122 0.0262064 0.0264923 0.0266666 0.0267271 0.0266731 0.0265054 0.0262259 0.025838 0.0253464 0.0247569 0.0240763 0.0233126 0.0224743 0.021571 0.0206123 0.0196084 0.0185697 0.0175065 0.0164289 0.0153469 0.0142696 0.013206 0.012164 0.011151 0.0101732 0.00923627 0.00834464 0.00750192 0.00671077 0.00597294 0.00528933 0.00466006 0.00408453 0.00356153 0.00308927 0.00266554 0.00228777 0.00195311 0.00165853 0.0014009 0.00117705 0.000983857 0.000818266 0.000677372 0.00055844 0.000458942 0.000376576 0.000309288 0.000255286 0.000213041 0.000181297 0.000159074 0.000145689 
0.000168045 0.000171928 0.000185693 0.000209834 0.000245145 0.000292742 0.000354062 0.000430865 0.000525223 0.00063951 0.000776391 0.000938796 0.0011299 0.00135306 0.00161181 0.00190978 0.00225061 0.00263792 0.00307518 0.00356567 0.0041123 0.00471761 0.00538356 0.00611151 0.00690206 0.00775501 0.00866922 0.00964257 0.0106719 0.0117531 0.0128807 0.0140484 0.0152489 0.0164736 0.0177135 0.0189583 0.0201974 0.0214196 0.0226132 0.0237666 0.0248679 0.0259057 0.0268688 0.0277467 0.0285295 0.0292084 0.0297756 0.0302245 0.0305499 0.030748 0.0308165 0.0307545 0.0305628 0.0302438 0.0298012 0.0292402 0.0285673 0.0277903 0.0269181 0.0259604 0.0249278 0.0238313 0.0226824 0.0214929 0.0202744 0.0190385 0.0177964 0.0165588 0.0153358 0.0141365 0.0129693 0.0118417 0.0107601 0.00972965 0.00875471 0.00783842 0.00698294 0.00618944 0.00545818 0.00478861 0.00417943 0.00362872 0.00313404 0.00269249 0.00230087 0.00195576 0.00165358 0.00139073 0.00116362 0.000968736 0.000802743 0.000662478 0.000545014 0.000447684 0.000368105 0.00030419 0.00025416 0.000216554 0.000190226 0.00017438 
0.00020389 0.000208619 0.000225234 0.000254324 0.000296826 0.000354062 0.000427732 0.00051991 0.000633037 0.000769908 0.000933649 0.00112769 0.00135575 0.00162174 0.00192976 0.00228401 0.00268871 0.003148 0.00366587 0.00424603 0.00489177 0.0056059 0.00639059 0.00724723 0.00817639 0.00917762 0.0102495 0.0113892 0.0125932 0.0138562 0.015172 0.0165331 0.0179308 0.0193554 0.020796 0.022241 0.023678 0.025094 0.0264759 0.02781 0.029083 0.0302817 0.0313934 0.0324061 0.0333087 0.034091 0.0347443 0.0352611 0.0356354 0.035863 0.0359413 0.0358693 0.035648 0.0352799 0.0347693 0.0341221 0.0333458 0.0324491 0.0314421 0.0303359 0.0291425 0.0278746 0.0265452 0.0251678 0.0237558 0.0223224 0.0208806 0.0194427 0.0180203 0.0166242 0.0152642 0.0139488 0.0126857 0.0114811 0.0103401 0.00926643 0.00826288 0.00733095 0.0064711 0.00568284 0.00496482 0.00431493 0.00373044 0.0032081 0.00274427 0.00233502 0.00197626 0.00166382 0.00139354 0.00116136 0.000963369 0.000795884 0.000655479 0.000539028 0.00044373 0.00036713 0.000307135 0.000262019 0.000230433 0.000211438 
0.000248919 0.00025471 0.000274886 0.00031015 0.000361619 0.000430865 0.00051991 0.000631215 0.000767674 0.00093259 0.00112966 0.00136292 0.00163673 0.00195569 0.0023246 0.00274833 0.00323178 0.00377975 0.00439681 0.00508718 0.00585461 0.00670222 0.00763237 0.00864653 0.00974513 0.0109275 0.0121916 0.0135342 0.0149507 0.016435 0.0179795 0.0195753 0.0212122 0.0228788 0.0245625 0.0262495 0.0279257 0.0295759 0.0311848 0.0327369 0.0342168 0.0356093 0.0368999 0.0380748 0.0391213 0.0400279 0.0407846 0.0413829 0.041816 0.042079 0.042169 0.042085 0.041828 0.0414009 0.0408086 0.0400579 0.0391572 0.0381165 0.0369473 0.0356623 0.0342753 0.0328007 0.0312536 0.0296494 0.0280037 0.0263316 0.0246483 0.0229679 0.021304 0.0196693 0.018075 0.0165316 0.0150478 0.0136311 0.0122876 0.0110221 0.00983778 0.00873665 0.00771946 0.00678583 0.00593436 0.00516274 0.00446791 0.00384621 0.00329348 0.00280519 0.00237663 0.00200296 0.00167932 0.00140098 0.00116336 0.000962137 0.000793271 0.000653076 0.000538245 0.000445873 0.000373479 0.000319018 0.000280886 0.000257971 
0.000304416 0.000311513 0.000336051 0.000378869 0.000441302 0.000525223 0.000633037 0.000767674 0.000932565 0.00113163 0.00136923 0.00165014 0.00197948 0.00236267 0.0028053 0.00331308 0.00389169 0.00454667 0.00528329 0.00610636 0.00702013 0.00802808 0.00913276 0.0103357 0.0116371 0.013036 0.0145297 0.0161143 0.0177841 0.0195316 0.0213479 0.0232225 0.0251433 0.0270967 0.029068 0.0310414 0.0330001 0.0349268 0.0368036 0.0386126 0.0403361 0.0419567 0.0434576 0.0448232 0.0460389 0.0470915 0.0479695 0.0486634 0.0491654 0.04947 0.0495738 0.0494757 0.0491767 0.0486803 0.0479921 0.0471197 0.0460728 0.0448628 0.0435029 0.0420076 0.0403926 0.0386746 0.0368708 0.0349992 0.0330774 0.0311233 0.0291542 0.0271867 0.0252367 0.0233188 0.0214465 0.0196319 0.0178854 0.0162161 0.0146313 0.0131366 0.0117362 0.0104326 0.0092269 0.00811892 0.00710721 0.00618926 0.00536166 0.00462025 0.00396028 0.00337656 0.00286362 0.00241584 0.00202757 0.00169326 0.00140754 0.00116531 0.000961826 0.000792728 0.0006541 0.000542499 0.00045498 0.000389113 0.000342993 0.000315295 
0.000371856 0.000380539 0.000410344 0.000462274 0.000537919 0.00063951 0.000769908 0.00093259 0.00113163 0.00137165 0.00165783 0.00199578 0.00239153 0.00285142 0.003382 0.00398991 0.00468175 0.00546392 0.00634246 0.00732286 0.00840989 0.00960743 0.0109182 0.0123438 0.0138841 0.0155377 0.0173013 0.0191699 0.0211364 0.0231921 0.0253263 0.0275265 0.0297783 0.0320659 0.0343721 0.0366784 0.0389653 0.0412127 0.0434001 0.0455067 0.0475122 0.0493965 0.0511405 0.0527263 0.0541371 0.0553581 0.0563761 0.0571802 0.0577616 0.058114 0.0582336 0.0581191 0.0577718 0.0571955 0.0563966 0.0553839 0.0541682 0.0527628 0.0511826 0.0494441 0.0475654 0.0455656 0.0434645 0.0412826 0.0390406 0.0367588 0.0344574 0.0321558 0.0298723 0.0276241 0.0254271 0.0232954 0.0212415 0.0192762 0.0174081 0.0156442 0.0139896 0.0124476 0.0110197 0.00970586 0.00850475 0.00741362 0.00642868 0.00554526 0.00475792 0.00406071 0.0034473 0.00291119 0.00244578 0.0020446 0.00170134 0.00141003 0.00116506 0.000961292 0.000794094 0.000659389 0.000553687 0.000474102 0.000418373 0.000384924 
0.000452906 0.000463491 0.000499585 0.000562379 0.000653765 0.000776391 0.000933649 0.00112966 0.00136923 0.00165783 0.00200154 0.00240698 0.00288119 0.00343161 0.00406585 0.00479164 0.0056166 0.00654809 0.00759303 0.00875765 0.0100473 0.0114662 0.0130174 0.0147022 0.0165204 0.0184699 0.0205465 0.0227439 0.0250538 0.0274656 0.0299665 0.0325417 0.0351745 0.0378463 0.0405369 0.0432249 0.0458878 0.0485022 0.0510445 0.0534909 0.055818 0.058003 0.0600239 0.0618603 0.0634932 0.0649055 0.0660826 0.0670118 0.0676833 0.06809 0.0682275 0.0680943 0.067692 0.0670249 0.0661003 0.0649279 0.0635204 0.0618925 0.0600614 0.0580458 0.0558665 0.053545 0.0511044 0.0485679 0.0459593 0.0433022 0.0406198 0.0379344 0.0352676 0.0326394 0.0300682 0.0275707 0.0251617 0.0228539 0.0206578 0.0185818 0.0166321 0.0148128 0.0131261 0.0115724 0.0101502 0.00885661 0.00768754 0.00663768 0.00570089 0.00487033 0.00413875 0.0034986 0.00294224 0.0024621 0.00205084 0.00170145 0.00140734 0.00116246 0.000961356 0.000799213 0.0006719 0.000576005 0.000508849 0.000468564 
0.000549411 0.000562256 0.000605785 0.000681411 0.000791371 0.000938796 0.00112769 0.00136292 0.00165014 0.00199578 0.00240698 0.00289146 0.00345748 0.00411367 0.00486888 0.00573203 0.00671191 0.00781694 0.00905499 0.0104331 0.0119572 0.013632 0.0154605 0.0174441 0.019582 0.0218714 0.024307 0.0268812 0.0295839 0.0324023 0.0353216 0.0383241 0.0413903 0.0444985 0.0476254 0.0507459 0.0538343 0.0568636 0.0598068 0.0626365 0.0653262 0.0678496 0.070182 0.0723001 0.0741825 0.0758097 0.0771652 0.0782348 0.0790073 0.0794748 0.0796323 0.0794781 0.0790141 0.0782451 0.0771792 0.0758277 0.0742046 0.0723267 0.0702134 0.0678861 0.065368 0.0626841 0.0598602 0.0569232 0.0539001 0.050818 0.0477037 0.044583 0.0414807 0.03842 0.0354226 0.0325079 0.0296933 0.0269938 0.0244219 0.0219878 0.0196991 0.0175609 0.0155762 0.0137457 0.0120681 0.0105404 0.00915803 0.00791513 0.00680475 0.00581912 0.00494991 0.00418845 0.00352589 0.00295346 0.00246262 0.00204517 0.00169341 0.00140027 0.00115932 0.000964902 0.000812154 0.000697053 0.000616437 0.000568104 
0.000663379 0.000678889 0.000731136 0.000821787 0.000953479 0.0011299 0.00135575 0.00163673 0.00197948 0.00239153 0.00288119 0.00345748 0.00412998 0.00490868 0.0058038 0.00682562 0.00798417 0.00928908 0.0107492 0.0123725 0.0141654 0.0161331 0.0182787 0.0206033 0.0231056 0.0257818 0.0286253 0.031627 0.0347746 0.0380531 0.0414448 0.0449292 0.0484835 0.0520825 0.0556991 0.0593048 0.0628697 0.0663632 0.0697542 0.0730118 0.0761056 0.079006 0.0816851 0.0841164 0.0862758 0.0881417 0.0896951 0.0909203 0.0918049 0.0923397 0.0925192 0.0923418 0.0918093 0.0909271 0.0897045 0.088154 0.0862914 0.0841357 0.0817086 0.0790341 0.0761388 0.0730505 0.0697989 0.0664142 0.0629274 0.0593693 0.0557706 0.0521609 0.0485688 0.0450212 0.041543 0.0381571 0.0348837 0.0317405 0.0287424 0.0259016 0.0232271 0.0207256 0.0184008 0.0162539 0.014284 0.012488 0.0108608 0.00939603 0.00808584 0.00692145 0.0058934 0.00499171 0.00420625 0.00352688 0.00294369 0.00244719 0.0020284 0.00167906 0.00139168 0.00115962 0.000977191 0.000839664 0.000743329 0.000685601 
0.000796964 0.000815589 0.00087798 0.000986091 0.00114301 0.00135306 0.00162174 0.00195569 0.00236267 0.00285142 0.00343161 0.00411367 0.00490868 0.00582814 0.00688381 0.00808741 0.00945039 0.0109836 0.0126971 0.0145995 0.0166982 0.0189984 0.0215034 0.0242139 0.0271279 0.0302404 0.0335434 0.0370258 0.0406729 0.0444671 0.0483875 0.0524104 0.0565092 0.0606549 0.0648165 0.0689611 0.0730546 0.0770623 0.0809488 0.0846791 0.088219 0.0915351 0.094596 0.097372 0.0998361 0.101964 0.103735 0.105131 0.106138 0.106747 0.106951 0.106748 0.10614 0.105133 0.103739 0.10197 0.0998438 0.0973824 0.0946097 0.0915528 0.0882413 0.0847066 0.0809822 0.0771021 0.0731014 0.0690153 0.0648784 0.0607247 0.0565869 0.0524958 0.0484805 0.0445672 0.0407795 0.0371383 0.033661 0.030362 0.0272525 0.0243405 0.0216309 0.0191256 0.016824 0.0147229 0.0128171 0.0110993 0.00956097 0.00819221 0.00698226 0.00591981 0.00499323 0.00419091 0.00350143 0.00291381 0.00241768 0.00200343 0.00166236 0.00138674 0.00116993 0.00100642 0.000891869 0.000823255 
0.000952438 0.000974677 0.00104878 0.00117704 0.00136304 0.00161181 0.00192976 0.0023246 0.0028053 0.003382 0.00406585 0.00486888 0.0058038 0.00688381 0.00812231 0.00953262 0.0111277 0.0129197 0.0149199 0.0171378 0.0195814 0.0222562 0.0251654 0.0283092 0.0316846 0.0352854 0.0391017 0.04312 0.0473233 0.0516906 0.0561978 0.0608172 0.0655183 0.0702678 0.0750301 0.0797679 0.0844426 0.0890146 0.0934443 0.0976922 0.10172 0.10549 0.108967 0.112119 0.114915 0.117328 0.119336 0.120917 0.122058 0.122747 0.122977 0.122746 0.122056 0.120915 0.119333 0.117326 0.114913 0.112119 0.108969 0.105495 0.101729 0.0977059 0.0934637 0.0890404 0.0844756 0.0798088 0.0750793 0.0703257 0.0655852 0.0608932 0.0562826 0.0517841 0.0474249 0.0432291 0.0392174 0.0354067 0.0318105 0.0284386 0.025297 0.0223887 0.0197136 0.0172685 0.0150478 0.0130439 0.0112471 0.00964642 0.00822977 0.00698436 0.00589697 0.00495434 0.0041434 0.00345153 0.0028668 0.00237813 0.00197543 0.00164976 0.00139343 0.00120003 0.00106452 0.000983388 
0.00113216 0.00115856 0.00124611 0.00139743 0.00161672 0.00190978 0.00228401 0.00274833 0.00331308 0.00398991 0.00479164 0.00573203 0.00682562 0.00808741 0.00953262 0.0111763 0.013033 0.0151163 0.0174386 0.0200105 0.0228403 0.0259339 0.0292942 0.0329206 0.0368093 0.0409522 0.0453374 0.0499488 0.0547663 0.0597656 0.0649185 0.0701934 0.0755551 0.0809657 0.0863848 0.0917701 0.097078 0.102264 0.107284 0.112093 0.11665 0.120911 0.124839 0.128396 0.13155 0.134271 0.136533 0.138315 0.139599 0.140374 0.140632 0.140371 0.139593 0.138306 0.136522 0.134259 0.131537 0.128383 0.124827 0.120901 0.116643 0.112091 0.107286 0.102273 0.097094 0.0917943 0.0864179 0.0810084 0.0756079 0.0702565 0.064992 0.0598493 0.0548599 0.0500516 0.0454486 0.0410709 0.0369344 0.0330509 0.0294282 0.0260703 0.0229777 0.0201474 0.0175738 0.0152485 0.0131609 0.011299 0.0096491 0.00819696 0.00692761 0.00582599 0.00487724 0.00406695 0.00338144 0.00280801 0.00233506 0.0019523 0.00165084 0.0014233 0.00126384 0.00116841 
0.00133852 0.0013697 0.00147255 0.00165013 0.00190725 0.00225061 0.00268871 0.00323178 0.00389169 0.00468175 0.0056166 0.00671191 0.00798417 0.00945039 0.0111277 0.013033 0.0151825 0.0175913 0.020273 0.023239 0.0264983 0.0300567 0.0339167 0.0380771 0.0425324 0.0472727 0.0522837 0.0575463 0.063037 0.0687275 0.0745857 0.0805749 0.0866554 0.092784 0.0989152 0.105001 0.110993 0.116842 0.122498 0.127911 0.133035 0.137823 0.142233 0.146225 0.149762 0.152811 0.155345 0.15734 0.158777 0.159644 0.159932 0.159639 0.158767 0.157325 0.155326 0.152788 0.149736 0.146198 0.142206 0.137796 0.13301 0.127889 0.12248 0.116831 0.110989 0.105006 0.0989289 0.0928081 0.0866906 0.0806217 0.0746443 0.0687981 0.0631192 0.0576397 0.0523875 0.0473861 0.0426542 0.038206 0.0340512 0.0301953 0.0266394 0.0233811 0.0204145 0.0177307 0.0153184 0.0131642 0.011253 0.00956891 0.00809507 0.00681455 0.0057105 0.00476658 0.00396722 0.00329793 0.00274544 0.00229798 0.00194535 0.00167905 0.00149241 0.00138076 
0.00157394 0.00161053 0.0017307 0.00193796 0.00223781 0.00263792 0.003148 0.00377975 0.00454667 0.00546392 0.00654809 0.00781694 0.00928908 0.0109836 0.0129197 0.0151163 0.0175913 0.0203614 0.0234412 0.0268431 0.0305765 0.0346471 0.039057 0.0438036 0.0488799 0.0542738 0.059968 0.0659403 0.0721632 0.0786044 0.0852266 0.0919885 0.0988448 0.105747 0.112644 0.119482 0.126208 0.132765 0.1391 0.145157 0.150885 0.156234 0.161157 0.165609 0.169551 0.172948 0.175769 0.177989 0.179588 0.180552 0.180872 0.180544 0.179573 0.177967 0.17574 0.172913 0.169511 0.165566 0.161111 0.156188 0.150839 0.145113 0.13906 0.132731 0.12618 0.119463 0.112635 0.105749 0.0988587 0.0920152 0.0852667 0.0786581 0.0722306 0.066021 0.0600613 0.0543788 0.0489956 0.0439286 0.0391897 0.0347859 0.0307197 0.0269889 0.0235878 0.0205071 0.0177345 0.0152555 0.0130536 0.0111109 0.00940884 0.00792832 0.00665044 0.00555674 0.00462962 0.00385262 0.00321068 0.00269038 0.00228009 0.00197013 0.00175284 0.0016229 
0.00184077 0.00188347 0.00202311 0.00226369 0.00261147 0.00307518 0.00366587 0.00439681 0.00528329 0.00634246 0.00759303 0.00905499 0.0107492 0.0126971 0.0149199 0.0174386 0.020273 0.0234412 0.0269591 0.0308399 0.0350931 0.0397243 0.0447348 0.0501206 0.0558726 0.0619763 0.0684112 0.0751513 0.0821648 0.0894146 0.0968585 0.10445 0.112137 0.119866 0.12758 0.13522 0.142724 0.150034 0.157087 0.163825 0.170192 0.176131 0.181593 0.186529 0.190897 0.194658 0.197781 0.200237 0.202005 0.20307 0.203423 0.20306 0.201985 0.200207 0.197741 0.194611 0.190842 0.186468 0.181528 0.176063 0.170123 0.163757 0.157022 0.149973 0.14267 0.135174 0.127544 0.119842 0.112126 0.104452 0.0968762 0.0894478 0.0822135 0.0752155 0.0684904 0.0620696 0.055979 0.0502387 0.044863 0.039861 0.0352362 0.0309875 0.0271093 0.023592 0.0204225 0.0175851 0.0150617 0.0128328 0.0108776 0.00917505 0.00770386 0.00644339 0.00537383 0.00447661 0.00373471 0.00313295 0.00265813 0.00229925 0.00204764 0.00189721 
0.00214123 0.0021908 0.00235218 0.00262992 0.00303113 0.00356567 0.00424603 0.00508718 0.00610636 0.00732286 0.00875765 0.0104331 0.0123725 0.0145995 0.0171378 0.0200105 0.023239 0.0268431 0.0308399 0.035243 0.0400623 0.0453028 0.0509648 0.0570426 0.0635249 0.070394 0.077626 0.0851907 0.0930515 0.101166 0.109487 0.117961 0.126532 0.135138 0.143717 0.152203 0.160529 0.168629 0.176437 0.183889 0.190923 0.19748 0.203504 0.208944 0.213755 0.217896 0.221331 0.224032 0.225976 0.227146 0.227532 0.227133 0.225949 0.223993 0.22128 0.217834 0.213684 0.208865 0.203418 0.197389 0.190829 0.183795 0.176344 0.168539 0.160445 0.152127 0.143651 0.135084 0.126492 0.117936 0.109479 0.101175 0.0930778 0.0852346 0.0776874 0.0704722 0.0636188 0.0571508 0.0510858 0.0454347 0.040203 0.0353905 0.0309919 0.0269975 0.0233936 0.0201632 0.0172869 0.0147432 0.0125092 0.0105616 0.00887688 0.00743192 0.00620458 0.00517404 0.00432119 0.0036289 0.00308232 0.00266902 0.0023792 0.00220599 
0.00247742 0.00253461 0.00272012 0.00303905 0.00349941 0.0041123 0.00489177 0.00585461 0.00702013 0.00840989 0.0100473 0.0119572 0.0141654 0.0166982 0.0195814 0.0228403 0.0264983 0.0305765 0.0350931 0.0400623 0.0454938 0.0513921 0.057756 0.0645779 0.0718438 0.0795325 0.0876163 0.0960601 0.104822 0.113855 0.123105 0.132513 0.142015 0.151544 0.161031 0.170403 0.179588 0.188514 0.197108 0.205302 0.213028 0.220224 0.226829 0.23279 0.238057 0.242588 0.246346 0.249298 0.251422 0.2527 0.253122 0.252684 0.25139 0.249251 0.246284 0.242513 0.23797 0.232691 0.226721 0.220108 0.212908 0.205179 0.196985 0.188393 0.179472 0.170294 0.160932 0.151458 0.141943 0.132457 0.123067 0.113836 0.104822 0.09608 0.0876561 0.0795918 0.0719215 0.0646729 0.0578666 0.0515164 0.0456296 0.0402074 0.035245 0.0307328 0.0266565 0.0229982 0.0197368 0.0168491 0.01431 0.0120939 0.0101747 0.008527 0.00712602 0.00594859 0.00497335 0.00418112 0.00355525 0.00308179 0.00274971 0.00255131 
0.00285113 0.00291678 0.00312887 0.00349315 0.00401859 0.00471761 0.0056059 0.00670222 0.00802808 0.00960743 0.0114662 0.013632 0.0161331 0.0189984 0.0222562 0.0259339 0.0300567 0.0346471 0.0397243 0.0453028 0.0513921 0.0579956 0.0651106 0.0727271 0.080828 0.0893883 0.0983757 0.10775 0.117465 0.127465 0.137692 0.148079 0.158556 0.169049 0.179481 0.189775 0.19985 0.20963 0.219036 0.227994 0.236432 0.244283 0.251484 0.257978 0.263712 0.268641 0.272726 0.275934 0.278242 0.27963 0.280087 0.27961 0.278204 0.275878 0.272652 0.268551 0.263606 0.257859 0.251354 0.244143 0.236285 0.227842 0.218882 0.209476 0.1997 0.189631 0.179347 0.168926 0.158448 0.147988 0.13762 0.127414 0.117435 0.107742 0.0983901 0.0894249 0.0808861 0.0728055 0.0652077 0.0581094 0.0515203 0.0454431 0.039874 0.0348035 0.030217 0.0260956 0.0224169 0.0191557 0.0162849 0.0137763 0.0116016 0.00973239 0.00814155 0.00680331 0.00569393 0.00479208 0.00407916 0.00353961 0.00316112 0.00293504 
0.0032639 0.00333883 0.00358003 0.00399392 0.00459048 0.00538356 0.00639059 0.00763237 0.00913276 0.0109182 0.0130174 0.0154605 0.0182787 0.0215034 0.0251654 0.0292942 0.0339167 0.039057 0.0447348 0.0509648 0.057756 0.0651106 0.0730239 0.0814831 0.0904675 0.0999481 0.109888 0.12024 0.130954 0.141967 0.153212 0.164619 0.176108 0.187599 0.199009 0.210253 0.221244 0.2319 0.242137 0.251875 0.261039 0.269557 0.277363 0.284396 0.290601 0.295932 0.300348 0.303815 0.306307 0.307806 0.308299 0.307784 0.306264 0.30375 0.300263 0.295828 0.290479 0.284256 0.277209 0.269391 0.260863 0.251692 0.24195 0.231712 0.221058 0.210071 0.198837 0.187438 0.175962 0.16449 0.153103 0.141879 0.130889 0.120201 0.109873 0.0999585 0.0905024 0.0815414 0.0731041 0.0652108 0.0578737 0.0510976 0.0448798 0.0392113 0.0340774 0.0294582 0.0253301 0.021666 0.0184368 0.0156119 0.0131602 0.0110507 0.00925363 0.00774047 0.00648504 0.0054637 0.00465583 0.00404416 0.00361497 0.00335869 
0.00371684 0.0038019 0.00407478 0.00454258 0.00521638 0.00611151 0.00724723 0.00864653 0.0103357 0.0123438 0.0147022 0.0174441 0.0206033 0.0242139 0.0283092 0.0329206 0.0380771 0.0438036 0.0501206 0.0570426 0.0645779 0.0727271 0.0814831 0.0908299 0.100743 0.111189 0.122124 0.133498 0.145251 0.157315 0.169617 0.182076 0.194609 0.207126 0.219538 0.231753 0.243679 0.255226 0.266306 0.276834 0.286731 0.295921 0.304334 0.311909 0.318587 0.32432 0.329067 0.332791 0.335468 0.337076 0.337605 0.337051 0.335418 0.332718 0.32897 0.324202 0.318448 0.31175 0.304158 0.29573 0.286527 0.276621 0.266086 0.255002 0.243456 0.231533 0.219326 0.206925 0.194422 0.181907 0.169468 0.157189 0.145149 0.133423 0.122077 0.111169 0.100751 0.0908647 0.0815431 0.0728105 0.0646822 0.0571652 0.0502585 0.0439537 0.0382361 0.0330854 0.0284764 0.0243807 0.0207668 0.0176018 0.0148519 0.0124834 0.0104637 0.00876146 0.00734801 0.00619727 0.0052865 0.0045966 0.00411244 0.0038234 
0.00421063 0.00430668 0.00461379 0.0051398 0.00589694 0.00690206 0.00817639 0.00974513 0.0116371 0.0138841 0.0165204 0.019582 0.0231056 0.0271279 0.0316846 0.0368093 0.0425324 0.0488799 0.0558726 0.0635249 0.0718438 0.080828 0.0904675 0.100743 0.111625 0.123076 0.135046 0.147478 0.160305 0.173453 0.186841 0.20038 0.21398 0.227544 0.240975 0.254175 0.267046 0.279491 0.291419 0.30274 0.31337 0.323231 0.33225 0.340362 0.347509 0.353641 0.358714 0.362693 0.365551 0.367268 0.367833 0.367241 0.365497 0.362612 0.358607 0.353509 0.347354 0.340184 0.332052 0.323015 0.313139 0.302496 0.291166 0.279233 0.266785 0.253916 0.240722 0.227301 0.21375 0.200168 0.186649 0.173286 0.160164 0.147365 0.134963 0.123023 0.111603 0.100751 0.0905041 0.0808914 0.0719317 0.0636346 0.0560009 0.0490235 0.0426877 0.0369729 0.0318529 0.0272976 0.0232735 0.0197452 0.0166764 0.0140304 0.0117718 0.00986664 0.00828331 0.00699334 0.00597176 0.00519759 0.00465417 0.00432982 
0.00474542 0.0048533 0.00519717 0.00578562 0.00663208 0.00775501 0.00917762 0.0109275 0.013036 0.0155377 0.0184699 0.0218714 0.0257818 0.0302404 0.0352854 0.0409522 0.0472727 0.0542738 0.0619763 0.070394 0.0795325 0.0893883 0.0999481 0.111189 0.123076 0.135566 0.148603 0.162123 0.176053 0.190311 0.204806 0.219445 0.234127 0.24875 0.26321 0.2774 0.291218 0.304563 0.317336 0.329444 0.340801 0.351325 0.360941 0.369582 0.37719 0.383712 0.389104 0.393332 0.396368 0.398191 0.39879 0.398161 0.396309 0.393244 0.388988 0.383568 0.377019 0.369387 0.360723 0.351086 0.340544 0.329172 0.317051 0.304269 0.29092 0.277102 0.262915 0.248464 0.233854 0.219189 0.204571 0.190099 0.17587 0.16197 0.148481 0.135477 0.123021 0.111166 0.0999581 0.0894287 0.0796012 0.070488 0.0620924 0.0544085 0.0474222 0.0411128 0.0354531 0.0304116 0.0259529 0.0220391 0.0186313 0.0156901 0.013177 0.0110552 0.00929046 0.00785164 0.00671151 0.00584712 0.00524025 0.0048781 
0.00532079 0.00544132 0.00582439 0.00647938 0.00742095 0.00866922 0.0102495 0.0121916 0.0145297 0.0173013 0.0205465 0.024307 0.0286253 0.0335434 0.0391017 0.0453374 0.0522837 0.059968 0.0684112 0.077626 0.0876163 0.0983757 0.109888 0.122124 0.135046 0.148603 0.162734 0.177366 0.19242 0.207804 0.223422 0.239171 0.254943 0.270629 0.286117 0.301296 0.316056 0.330291 0.343899 0.356783 0.368853 0.380026 0.390224 0.399381 0.407436 0.414336 0.420038 0.424506 0.427712 0.429638 0.43027 0.429606 0.42765 0.424412 0.419913 0.414182 0.407253 0.399171 0.389988 0.379766 0.368572 0.356483 0.343584 0.329964 0.315722 0.300959 0.285782 0.270301 0.254626 0.23887 0.223141 0.207548 0.192192 0.17717 0.162571 0.148475 0.134955 0.122069 0.109868 0.0983903 0.0876628 0.0777017 0.0685126 0.0600915 0.0524253 0.045493 0.0392672 0.0337147 0.0287984 0.0244782 0.0207124 0.017459 0.0146765 0.0123252 0.0103679 0.00877099 0.00750484 0.0065445 0.00587012 0.00546775 
0.00593565 0.00606963 0.00649423 0.00721966 0.00826183 0.00964257 0.0113892 0.0135342 0.0161143 0.0191699 0.0227439 0.0268812 0.031627 0.0370258 0.04312 0.0499488 0.0575463 0.0659403 0.0751513 0.0851907 0.0960601 0.10775 0.12024 0.133498 0.147478 0.162123 0.177366 0.193127 0.209317 0.225838 0.242584 0.259446 0.276308 0.293052 0.309561 0.325717 0.341405 0.356514 0.37094 0.38458 0.397344 0.409145 0.419907 0.429559 0.438043 0.445305 0.451303 0.456 0.45937 0.461393 0.462058 0.46136 0.459304 0.455902 0.451172 0.445143 0.437849 0.429336 0.419655 0.408867 0.397041 0.384256 0.370597 0.356157 0.341037 0.325343 0.309186 0.292682 0.275947 0.2591 0.242258 0.225535 0.209043 0.192886 0.17716 0.161955 0.147348 0.133407 0.120189 0.107736 0.0960818 0.0852453 0.0752355 0.0660503 0.0576779 0.0500976 0.0432815 0.0371955 0.0318007 0.0270548 0.0229136 0.0193322 0.0162663 0.0136732 0.0115129 0.00974922 0.00835 0.00728828 0.00654254 0.00609768 
0.00658827 0.00673643 0.00720474 0.00800424 0.00915211 0.0106719 0.0125932 0.0149507 0.0177841 0.0211364 0.0250538 0.0295839 0.0347746 0.0406729 0.0473233 0.0547663 0.063037 0.0721632 0.0821648 0.0930515 0.104822 0.117465 0.130954 0.145251 0.160305 0.176053 0.19242 0.209317 0.226648 0.244307 0.26218 0.280148 0.298089 0.315879 0.333392 0.350507 0.367102 0.383062 0.39828 0.412651 0.426082 0.438485 0.449784 0.459909 0.4688 0.476405 0.482682 0.487596 0.491119 0.493234 0.493929 0.4932 0.491051 0.487494 0.482547 0.476237 0.468598 0.459676 0.44952 0.438192 0.425761 0.412305 0.397912 0.382677 0.366702 0.350098 0.33298 0.315468 0.297686 0.279757 0.261807 0.243958 0.226328 0.20903 0.192169 0.175842 0.160135 0.145122 0.130867 0.11742 0.104817 0.0930828 0.0822296 0.0722575 0.0631564 0.0549063 0.0474791 0.0408396 0.0349476 0.0297586 0.0252261 0.0213025 0.0179405 0.0150945 0.0127217 0.0107831 0.00924433 0.0080762 0.00725554 0.00676607 
0.00727617 0.0074392 0.00795319 0.00883004 0.0100882 0.0117531 0.0138562 0.016435 0.0195316 0.0231921 0.0274656 0.0324023 0.0380531 0.0444671 0.0516906 0.0597656 0.0687275 0.0786044 0.0894146 0.101166 0.113855 0.127465 0.141967 0.157315 0.173453 0.190311 0.207804 0.225838 0.244307 0.263096 0.282085 0.301146 0.320149 0.338963 0.357457 0.375502 0.392975 0.409756 0.425734 0.440804 0.454869 0.467844 0.47965 0.49022 0.499492 0.507418 0.513955 0.519069 0.522735 0.524935 0.525659 0.524901 0.522666 0.518966 0.513817 0.507245 0.499285 0.489979 0.479377 0.467539 0.454534 0.44044 0.425345 0.409346 0.392548 0.375062 0.357009 0.338514 0.319704 0.300712 0.281667 0.262701 0.24394 0.225504 0.207507 0.190055 0.173241 0.157147 0.141844 0.127388 0.113821 0.101172 0.0894578 0.0786809 0.068833 0.059895 0.051839 0.0446293 0.0382241 0.0325772 0.0276396 0.0233612 0.0196918 0.016583 0.0139891 0.0118685 0.0101842 0.00890516 0.00800637 0.00747037 
0.00799618 0.00817467 0.00873607 0.00969314 0.0110657 0.0128807 0.015172 0.0179795 0.0213479 0.0253263 0.0299665 0.0353216 0.0414448 0.0483875 0.0561978 0.0649185 0.0745857 0.0852266 0.0968585 0.109487 0.123105 0.137692 0.153212 0.169617 0.186841 0.204806 0.223422 0.242584 0.26218 0.282085 0.30217 0.322301 0.34234 0.362149 0.381592 0.400535 0.41885 0.436415 0.453115 0.468845 0.483509 0.497019 0.509298 0.52028 0.529905 0.538126 0.544902 0.550201 0.553997 0.556276 0.557025 0.556241 0.553929 0.550097 0.544764 0.537953 0.529697 0.520036 0.509019 0.496705 0.483163 0.468468 0.45271 0.435984 0.418398 0.400067 0.381113 0.361665 0.341857 0.321826 0.301709 0.281645 0.261767 0.242204 0.22308 0.204506 0.186585 0.169408 0.153052 0.137579 0.123039 0.109466 0.0968781 0.0852835 0.0746752 0.0650357 0.0563372 0.0485438 0.0416124 0.0354953 0.0301412 0.0254974 0.0215111 0.0181311 0.0153088 0.0129999 0.0111652 0.00977122 0.0087915 0.00820732 
0.00874435 0.00893881 0.00954908 0.0105888 0.0120789 0.0140484 0.0165331 0.0195753 0.0232225 0.0275265 0.0325417 0.0383241 0.0449292 0.0524104 0.0608172 0.0701934 0.0805749 0.0919885 0.10445 0.117961 0.132513 0.148079 0.164619 0.182076 0.20038 0.219445 0.239171 0.259446 0.280148 0.301146 0.322301 0.343472 0.364514 0.385282 0.405635 0.425436 0.444551 0.462856 0.480236 0.496584 0.511804 0.525809 0.538525 0.549884 0.559831 0.56832 0.575312 0.580776 0.584691 0.587039 0.587812 0.587006 0.584624 0.580675 0.575176 0.568148 0.559624 0.54964 0.538244 0.525492 0.511451 0.496198 0.479818 0.462409 0.444079 0.424943 0.405128 0.384766 0.363995 0.342958 0.321799 0.300663 0.279691 0.259021 0.238783 0.2191 0.200081 0.181826 0.164419 0.14793 0.132414 0.117911 0.104444 0.0920241 0.080647 0.0702967 0.0609462 0.0525593 0.0450922 0.0384955 0.0327161 0.0276987 0.023388 0.0197299 0.0166733 0.0141711 0.0121816 0.0106696 0.00960662 0.00897287 
0.00951604 0.00972688 0.0103871 0.0115113 0.0131217 0.0152489 0.0179308 0.0212122 0.0251433 0.0297783 0.0351745 0.0413903 0.0484835 0.0565092 0.0655183 0.0755551 0.0866554 0.0988448 0.112137 0.126532 0.142015 0.158556 0.176108 0.194609 0.21398 0.234127 0.254943 0.276308 0.298089 0.320149 0.34234 0.364514 0.386518 0.408204 0.429423 0.450034 0.469902 0.488901 0.506914 0.523833 0.539565 0.554023 0.567133 0.578834 0.58907 0.597798 0.604982 0.610593 0.614612 0.617022 0.617816 0.61699 0.614547 0.610495 0.60485 0.597631 0.588866 0.578593 0.566855 0.553706 0.53921 0.523442 0.506487 0.488443 0.469415 0.449522 0.428892 0.40766 0.385968 0.363965 0.3418 0.319625 0.297589 0.275838 0.254511 0.233738 0.213638 0.194317 0.175869 0.158371 0.141883 0.126451 0.112105 0.0988578 0.0867085 0.0756431 0.0656355 0.0566495 0.0486407 0.0415584 0.0353476 0.0299509 0.0253103 0.0213693 0.0180739 0.0153745 0.0132272 0.0115946 0.0104466 0.00976227 
0.0103059 0.0105334 0.0112445 0.0124543 0.0141867 0.0164736 0.0193554 0.0228788 0.0270967 0.0320659 0.0378463 0.0444985 0.0520825 0.0606549 0.0702678 0.0809657 0.092784 0.105747 0.119866 0.135138 0.151544 0.169049 0.187599 0.207126 0.227544 0.24875 0.270629 0.293052 0.315879 0.338963 0.362149 0.385282 0.408204 0.430758 0.452794 0.474165 0.494736 0.514377 0.532971 0.550414 0.566609 0.581475 0.594939 0.606943 0.617434 0.626371 0.633722 0.639462 0.64357 0.646034 0.646846 0.646003 0.643508 0.639369 0.633597 0.626211 0.617238 0.606709 0.594667 0.581163 0.566257 0.550022 0.532542 0.513911 0.494237 0.473638 0.452243 0.43019 0.407626 0.384701 0.361574 0.338401 0.315338 0.29254 0.270154 0.248318 0.227159 0.206793 0.187321 0.168826 0.151378 0.135027 0.119807 0.105736 0.0928171 0.0810373 0.070372 0.0607854 0.0522328 0.0446622 0.0380171 0.032238 0.0272646 0.0230376 0.0195008 0.0166019 0.0142947 0.0125399 0.0113057 0.0105701 
0.011108 0.0113523 0.0121145 0.0134107 0.0152657 0.0177135 0.020796 0.0245625 0.029068 0.0343721 0.0405369 0.0476254 0.0556991 0.0648165 0.0750301 0.0863848 0.0989152 0.112644 0.12758 0.143717 0.161031 0.179481 0.199009 0.219538 0.240975 0.26321 0.286117 0.309561 0.333392 0.357457 0.381592 0.405635 0.429423 0.452794 0.475592 0.49767 0.518888 0.539118 0.558242 0.576156 0.592767 0.607995 0.621771 0.634038 0.64475 0.653867 0.661361 0.667208 0.671392 0.673902 0.67473 0.673874 0.671336 0.667122 0.661244 0.653717 0.644564 0.633815 0.621509 0.607692 0.592422 0.575769 0.557814 0.53865 0.518384 0.497133 0.475027 0.452207 0.428821 0.405027 0.380985 0.356859 0.332814 0.309009 0.285601 0.262735 0.240548 0.219164 0.198691 0.179222 0.16083 0.143574 0.127493 0.112609 0.0989273 0.086439 0.0751204 0.0649362 0.0558416 0.0477838 0.0407047 0.034543 0.0292361 0.0247224 0.0209432 0.0178439 0.015376 0.0134983 0.0121774 0.0113901 
0.0119157 0.0121769 0.0129902 0.0143727 0.0163502 0.0189583 0.022241 0.0262495 0.0310414 0.0366784 0.0432249 0.0507459 0.0593048 0.0689611 0.0797679 0.0917701 0.105001 0.119482 0.13522 0.152203 0.170403 0.189775 0.210253 0.231753 0.254175 0.2774 0.301296 0.325717 0.350507 0.375502 0.400535 0.425436 0.450034 0.474165 0.49767 0.520398 0.542207 0.562971 0.582571 0.600905 0.617882 0.633426 0.647472 0.659965 0.670863 0.680131 0.687744 0.69368 0.697926 0.700473 0.701314 0.700447 0.697875 0.693602 0.687637 0.679993 0.670691 0.659756 0.647223 0.633136 0.617549 0.600527 0.582149 0.562505 0.541701 0.519854 0.497094 0.473563 0.449413 0.424803 0.3999 0.374873 0.349893 0.325128 0.30074 0.276885 0.253708 0.231339 0.209896 0.189479 0.170168 0.152028 0.135104 0.119422 0.104992 0.0918063 0.0798435 0.0690693 0.0594387 0.0508984 0.0433889 0.0368473 0.031209 0.0264101 0.0223895 0.0190904 0.0164623 0.0144619 0.0130546 0.0122158 
0.0127221 0.0129999 0.013864 0.0153318 0.0174306 0.0201974 0.023678 0.0279257 0.0330001 0.0389653 0.0458878 0.0538343 0.0628697 0.0730546 0.0844426 0.097078 0.110993 0.126208 0.142724 0.160529 0.179588 0.19985 0.221244 0.243679 0.267046 0.291218 0.316056 0.341405 0.367102 0.392975 0.41885 0.444551 0.469902 0.494736 0.518888 0.542207 0.564552 0.585793 0.605816 0.624519 0.641815 0.65763 0.671904 0.684586 0.695638 0.705028 0.712736 0.718743 0.723038 0.725614 0.726466 0.725592 0.722994 0.718674 0.712641 0.704904 0.695481 0.684394 0.671672 0.657356 0.641496 0.624154 0.605404 0.585335 0.564049 0.541663 0.518307 0.494123 0.469266 0.443898 0.418191 0.392318 0.366457 0.340782 0.315464 0.290666 0.26654 0.243227 0.220851 0.199519 0.179319 0.160323 0.14258 0.126122 0.110962 0.0970957 0.0845029 0.0731507 0.0629944 0.05398 0.0460473 0.0391317 0.0331667 0.0280863 0.0238274 0.0203309 0.0175443 0.0154226 0.0139296 0.0130398 
0.0135195 0.0138139 0.0147277 0.0162794 0.0184972 0.0214196 0.025094 0.0295759 0.0349268 0.0412127 0.0485022 0.0568636 0.0663632 0.0770623 0.0890146 0.102264 0.116842 0.132765 0.150034 0.168629 0.188514 0.20963 0.2319 0.255226 0.279491 0.304563 0.330291 0.356514 0.383062 0.409756 0.436415 0.462856 0.488901 0.514377 0.539118 0.562971 0.585793 0.607457 0.62785 0.646872 0.66444 0.680484 0.694946 0.707782 0.718957 0.728443 0.736224 0.742285 0.746617 0.749214 0.750075 0.749196 0.74658 0.742227 0.736143 0.728335 0.718818 0.707609 0.694734 0.680229 0.66414 0.646524 0.627452 0.60701 0.585297 0.562429 0.538535 0.513758 0.488253 0.462188 0.435735 0.409075 0.382389 0.35586 0.329665 0.303975 0.27895 0.254738 0.231471 0.209263 0.188212 0.168393 0.149862 0.132655 0.116789 0.102263 0.0890595 0.0771459 0.0664781 0.0570022 0.0486568 0.041376 0.0350918 0.0297362 0.0252439 0.021554 0.0186121 0.0163714 0.0147944 0.0138546 
0.0143004 0.0146108 0.015573 0.0172063 0.0195397 0.0226132 0.0264759 0.0311848 0.0368036 0.0434001 0.0510445 0.0598068 0.0697542 0.0809488 0.0934443 0.107284 0.122498 0.1391 0.157087 0.176437 0.197108 0.219036 0.242137 0.266306 0.291419 0.317336 0.343899 0.37094 0.39828 0.425734 0.453115 0.480236 0.506914 0.532971 0.558242 0.582571 0.605816 0.62785 0.648562 0.667857 0.685653 0.701884 0.716498 0.729455 0.740724 0.750282 0.758116 0.764214 0.768572 0.771185 0.772052 0.771171 0.768543 0.764168 0.758049 0.750191 0.740604 0.729302 0.716308 0.701651 0.685373 0.667528 0.648182 0.627417 0.60533 0.582036 0.557661 0.53235 0.506258 0.479556 0.452418 0.425031 0.397582 0.370257 0.343243 0.316716 0.290844 0.265784 0.241674 0.218637 0.196775 0.176172 0.156888 0.138965 0.122423 0.107264 0.0934736 0.0810197 0.0698592 0.0599379 0.0511938 0.0435599 0.0369666 0.0313443 0.0266258 0.0227483 0.0196556 0.0172993 0.0156407 0.0146523 
0.0150568 0.0153826 0.0163915 0.0181032 0.0205478 0.0237666 0.02781 0.0327369 0.0386126 0.0455067 0.0534909 0.0626365 0.0730118 0.0846791 0.0976922 0.112093 0.127911 0.145157 0.163825 0.183889 0.205302 0.227994 0.251875 0.276834 0.30274 0.329444 0.356783 0.38458 0.412651 0.440804 0.468845 0.496584 0.523833 0.550414 0.576156 0.600905 0.624519 0.646872 0.667857 0.687379 0.705361 0.721744 0.736477 0.749524 0.760861 0.77047 0.778339 0.784461 0.788835 0.791458 0.792329 0.791448 0.788814 0.784427 0.778287 0.770397 0.760762 0.749394 0.736309 0.721534 0.705105 0.687071 0.667495 0.646456 0.624047 0.600379 0.57558 0.549793 0.523174 0.495895 0.468135 0.440084 0.411932 0.383873 0.3561 0.328795 0.302134 0.27628 0.25138 0.227563 0.204939 0.183596 0.1636 0.144999 0.127816 0.112056 0.0977062 0.0847375 0.0731068 0.06276 0.0536347 0.0456628 0.0387734 0.0328953 0.0279597 0.023902 0.0206644 0.0181971 0.01646 0.0154249 
