0.000336876 0.000342713 0.000363097 0.00039853 0.000449779 0.000517916 0.000604308 0.000710599 0.000838701 0.000990765 0.00116916 0.00137643 0.00161527 0.00188847 0.00219887 0.00254932 0.00294256 0.00338122 0.00386773 0.00440419 0.00499237 0.0056336 0.00632867 0.00707779 0.00788053 0.00873572 0.00964143 0.0105949 0.0115927 0.0126302 0.0137023 0.014803 0.0159253 0.0170619 0.0182044 0.0193442 0.0204721 0.0215786 0.022654 0.0236885 0.0246724 0.0255963 0.026451 0.027228 0.0279192 0.0285176 0.0290167 0.0294114 0.0296974 0.0298716 0.0299322 0.0298785 0.0297112 0.029432 0.029044 0.0285515 0.0279595 0.0272745 0.0265035 0.0256545 0.024736 0.0237572 0.0227274 0.0216562 0.0205536 0.019429 0.0182921 0.0171519 0.0160173 0.0148962 0.0137963 0.0127244 0.0116866 0.010688 0.00973322 0.00882571 0.00796826 0.00716286 0.0064107 0.00571227 0.00506741 0.00447535 0.00393484 0.00344416 0.00300122 0.00260366 0.00224891 0.00193423 0.00165682 0.00141387 0.00120261 0.00102036 0.000864575 0.000732901 0.000623181 0.000533496 0.000462189 0.000407877 0.000369469 0.000346218 
0.000342713 0.000348663 0.000369417 0.000405486 0.000457651 0.000527002 0.000614928 0.000723104 0.00085347 0.00100822 0.00118975 0.00140065 0.00164366 0.00192163 0.00223742 0.00259392 0.00299393 0.00344012 0.00393491 0.00448048 0.0050786 0.0057306 0.00643728 0.00719885 0.00801485 0.00888409 0.00980459 0.0107736 0.0117874 0.0128415 0.0139308 0.0150488 0.0161889 0.0173432 0.0185035 0.019661 0.0208063 0.0219297 0.0230215 0.0240716 0.0250704 0.0260081 0.0268756 0.0276642 0.0283656 0.0289728 0.0294794 0.0298798 0.03017 0.0303467 0.0304082 0.0303536 0.0301838 0.0299004 0.0295066 0.0290067 0.0284059 0.0277106 0.026928 0.0260663 0.0251339 0.0241402 0.0230947 0.0220073 0.0208877 0.0197458 0.0185913 0.0174334 0.0162809 0.0151423 0.014025 0.0129361 0.0118816 0.010867 0.00989674 0.00897447 0.00810301 0.00728437 0.00651978 0.00580975 0.00515412 0.00455214 0.00400252 0.00350352 0.00305306 0.00264872 0.00228788 0.00196779 0.0016856 0.00143845 0.00122352 0.0010381 0.00087961 0.000745639 0.000634002 0.000542751 0.000470197 0.000414937 0.000375861 0.000352209 
0.000363097 0.000369417 0.000391382 0.00042953 0.000484681 0.00055798 0.000650885 0.000765153 0.00090282 0.00106618 0.00125775 0.00148025 0.00173652 0.00202955 0.00236233 0.00273787 0.00315908 0.00362873 0.00414934 0.00472314 0.00535197 0.00603717 0.00677956 0.00757929 0.00843584 0.00934792 0.0103134 0.0113294 0.012392 0.0134965 0.0146373 0.0158079 0.0170011 0.0182089 0.0194226 0.0206329 0.0218301 0.0230042 0.0241448 0.0252418 0.0262848 0.0272638 0.0281693 0.0289923 0.0297243 0.0303577 0.0308861 0.0313038 0.0316063 0.0317905 0.0318544 0.0317973 0.0316199 0.0313241 0.0309131 0.0303912 0.0297641 0.0290383 0.0282214 0.0273215 0.0263479 0.02531 0.0242178 0.0230815 0.0219114 0.0207177 0.0195104 0.0182992 0.0170934 0.0159017 0.014732 0.0135916 0.012487 0.0114237 0.0104066 0.00943938 0.00852517 0.00766605 0.00686337 0.00611768 0.00542888 0.00479621 0.00421835 0.00369353 0.00321958 0.002794 0.00241408 0.00207694 0.00177962 0.00151913 0.00129253 0.00109698 0.000929777 0.000788411 0.000670584 0.000574254 0.000497653 0.000439307 0.000398052 0.00037309 
0.00039853 0.000405486 0.00042953 0.000471243 0.000531512 0.000611574 0.000713002 0.000837692 0.000987838 0.00116591 0.00137461 0.00161687 0.00189573 0.00221439 0.00257605 0.00298393 0.00344111 0.00395053 0.00451487 0.00513646 0.00581721 0.00655852 0.00736117 0.00822527 0.00915017 0.0101344 0.0111757 0.0122707 0.0134153 0.0146043 0.0158317 0.0170905 0.0183729 0.0196703 0.0209733 0.0222721 0.0235562 0.024815 0.0260375 0.0272126 0.0283295 0.0293776 0.0303467 0.0312271 0.03201 0.0326873 0.0332521 0.0336984 0.0340216 0.0342183 0.0342863 0.034225 0.034035 0.0337184 0.0332786 0.0327202 0.0320492 0.0312724 0.030398 0.0294346 0.028392 0.0272802 0.0261099 0.0248919 0.0236372 0.0223567 0.021061 0.0197607 0.0184655 0.0171848 0.0159271 0.0147003 0.0135114 0.0123663 0.0112703 0.0102276 0.00924134 0.00831401 0.00744707 0.00664121 0.00589637 0.00521181 0.00458618 0.00401763 0.00350386 0.00304226 0.00262993 0.00226382 0.00194075 0.00165754 0.00141105 0.00119823 0.00101616 0.000862159 0.000733748 0.00062873 0.0005452 0.000481568 0.000436579 0.000409374 
0.000449779 0.000457651 0.000484681 0.000531512 0.000599126 0.000688888 0.000802536 0.00094216 0.00111018 0.00130931 0.00154252 0.00181302 0.00212416 0.00247941 0.00288229 0.00333626 0.0038447 0.00441076 0.00503733 0.00572688 0.00648144 0.00730243 0.00819062 0.00914604 0.0101679 0.0112544 0.0124029 0.0136098 0.0148703 0.0161789 0.0175286 0.018912 0.0203203 0.0217441 0.0231732 0.0245967 0.0260034 0.0273815 0.0287191 0.0300043 0.0312253 0.0323705 0.0334289 0.0343901 0.0352446 0.0359835 0.0365995 0.0370862 0.0374384 0.0376525 0.0377263 0.037659 0.0374514 0.0371056 0.0366253 0.0360156 0.0352828 0.0344344 0.0334791 0.0324263 0.0312866 0.0300708 0.0287905 0.0274575 0.0260836 0.0246808 0.0232606 0.0218345 0.0204132 0.0190068 0.0176249 0.016276 0.0149679 0.0137071 0.0124995 0.0113497 0.0102615 0.00923742 0.00827933 0.00738806 0.00656364 0.00580534 0.00511178 0.004481 0.00391055 0.00339763 0.0029391 0.00253165 0.00217184 0.0018562 0.00158127 0.00134374 0.00114041 0.000968316 0.000824746 0.000707279 0.000613816 0.000542606 0.000492264 0.000461842 
0.000517916 0.000527002 0.00055798 0.000611574 0.000688888 0.000791456 0.00092123 0.00108055 0.00127213 0.00149901 0.0017645 0.00207217 0.00242576 0.00282912 0.00328613 0.00380062 0.00437631 0.00501663 0.00572473 0.00650327 0.0073544 0.00827959 0.00927958 0.0103543 0.0115026 0.0127225 0.0140108 0.0153635 0.016775 0.0182391 0.019748 0.0212932 0.0228651 0.024453 0.0260457 0.0276311 0.0291967 0.0307295 0.0322163 0.033644 0.0349997 0.0362706 0.0374446 0.0385103 0.0394573 0.040276 0.0409582 0.0414969 0.0418866 0.0421233 0.0422045 0.0421295 0.041899 0.0415155 0.0409829 0.0403068 0.0394941 0.0385531 0.0374931 0.0363247 0.0350593 0.0337089 0.0322862 0.0308041 0.0292757 0.0277143 0.0261325 0.0245431 0.022958 0.0213884 0.019845 0.0183374 0.0168741 0.0154627 0.0141097 0.0128204 0.011599 0.0104488 0.00937168 0.00836881 0.00744034 0.00658557 0.00580308 0.00509078 0.00444604 0.0038658 0.00334664 0.00288491 0.00247682 0.00211852 0.0018062 0.00153614 0.0013048 0.00110887 0.000945319 0.000811433 0.000704867 0.000623656 0.00056625 0.000531584 
0.000604308 0.000614928 0.000650885 0.000713002 0.000802536 0.00092123 0.0010713 0.0012554 0.00147661 0.00173834 0.00204437 0.0023987 0.00280553 0.00326918 0.00379399 0.00438424 0.00504403 0.00577717 0.00658709 0.0074767 0.00844827 0.00950333 0.0106426 0.0118657 0.0131713 0.0145569 0.016019 0.0175525 0.0191514 0.0208082 0.0225143 0.0242599 0.0260342 0.0278251 0.0296199 0.0314052 0.0331669 0.0348905 0.0365614 0.0381648 0.0396864 0.0411121 0.0424285 0.0436229 0.0446837 0.0456004 0.046364 0.0469667 0.0474025 0.047667 0.0477573 0.0476728 0.0474142 0.0469843 0.0463874 0.0456296 0.0447186 0.0436635 0.0424747 0.0411639 0.0397436 0.0382273 0.036629 0.034963 0.0332441 0.0314868 0.0297055 0.0279143 0.0261266 0.0243551 0.0226118 0.0209075 0.0192519 0.0176536 0.0161202 0.0146576 0.0132709 0.0119637 0.0107385 0.00959666 0.00853852 0.00756346 0.00667 0.00585592 0.00511835 0.00445394 0.00385891 0.00332922 0.00286064 0.00244887 0.00208963 0.00177874 0.00151223 0.00128635 0.00109767 0.000943137 0.000820085 0.00072629 0.000659993 0.000619989 
0.000710599 0.000723104 0.000765153 0.000837692 0.00094216 0.00108055 0.0012554 0.00146975 0.00172708 0.00203131 0.00238671 0.00279782 0.00326941 0.00380634 0.0044135 0.00509568 0.00585746 0.00670307 0.00763628 0.00866026 0.00977743 0.0109894 0.0122966 0.0136987 0.0151939 0.0167792 0.0184502 0.0202013 0.0220252 0.0239134 0.025856 0.0278419 0.0298585 0.0318924 0.0339292 0.0359535 0.0379495 0.039901 0.0417915 0.0436046 0.0453241 0.0469343 0.0484202 0.0497678 0.0509642 0.0519976 0.0528581 0.053537 0.0540276 0.054325 0.0544262 0.0543303 0.0540383 0.0535531 0.0528796 0.0520245 0.0509965 0.0498056 0.0484634 0.0469829 0.045378 0.0436638 0.041856 0.0399706 0.038024 0.0360326 0.0340127 0.03198 0.0299498 0.0279365 0.0259534 0.0240131 0.0221267 0.020304 0.0185537 0.0168827 0.0152968 0.0138005 0.0123967 0.0110871 0.00987241 0.00875197 0.00772429 0.006787 0.00593698 0.00517053 0.00448346 0.00387127 0.00332919 0.00285241 0.00243609 0.00207551 0.00176615 0.00150376 0.00128445 0.00110473 0.000961555 0.0008524 0.000775251 0.00072873 
0.000838701 0.00085347 0.00090282 0.000987838 0.00111018 0.00127213 0.00147661 0.00172708 0.00202755 0.00238248 0.00279674 0.00327552 0.0038242 0.0044483 0.00515335 0.00594471 0.00682752 0.00780648 0.00888574 0.0100688 0.0113581 0.0127554 0.014261 0.0158743 0.0175929 0.0194132 0.0213301 0.0233368 0.025425 0.0275848 0.0298048 0.0320721 0.0343725 0.0366907 0.0390102 0.0413137 0.0435833 0.0458007 0.0479473 0.0500046 0.0519545 0.0537795 0.0554628 0.0569886 0.0583425 0.0595116 0.0604845 0.0612519 0.0618061 0.0621418 0.0622556 0.0621465 0.0618156 0.0612662 0.0605037 0.0595356 0.0583715 0.0570227 0.055502 0.053824 0.0520042 0.0500596 0.0480075 0.0458661 0.0436539 0.0413893 0.0390906 0.0367756 0.0344617 0.0321652 0.0299013 0.0276843 0.025527 0.0234407 0.0214354 0.0195192 0.0176989 0.0159797 0.0143653 0.0128578 0.0114581 0.0101657 0.00897924 0.00789604 0.00691274 0.00602525 0.00522892 0.00451869 0.00388923 0.00333509 0.00285079 0.00243099 0.00207053 0.00176459 0.00150871 0.0012989 0.00113169 0.00100417 0.000914055 0.000859749 
0.000990765 0.00100822 0.00106618 0.00116591 0.00130931 0.00149901 0.00173834 0.00203131 0.00238248 0.00279697 0.00328032 0.00383844 0.00447746 0.00520362 0.00602316 0.00694212 0.00796624 0.00910075 0.0103502 0.0117184 0.0132081 0.0148208 0.0165568 0.0184149 0.0203924 0.0224848 0.0246861 0.0269882 0.0293816 0.0318546 0.0343943 0.0369857 0.0396127 0.0422576 0.0449019 0.0475259 0.0501092 0.0526313 0.0550711 0.057408 0.0596216 0.0616921 0.0636008 0.0653301 0.0668639 0.0681877 0.069289 0.0701573 0.0707841 0.0711634 0.0712915 0.0711673 0.070792 0.0701693 0.0693053 0.0682082 0.0668888 0.0653596 0.063635 0.0617312 0.0596658 0.0574574 0.0551258 0.0526913 0.0501746 0.0475966 0.0449779 0.0423387 0.0396986 0.0370761 0.0344889 0.0319531 0.0294833 0.0270926 0.0247926 0.0225928 0.0205011 0.0185237 0.016665 0.0149277 0.0133131 0.0118208 0.0104495 0.00919626 0.00805753 0.00702876 0.00610479 0.00527994 0.00454822 0.00390348 0.00333952 0.00285025 0.00242982 0.00207272 0.00177386 0.00152867 0.00133319 0.00118408 0.0010787 0.00101523 
0.00116916 0.00118975 0.00125775 0.00137461 0.00154252 0.0017645 0.00204437 0.00238671 0.00279674 0.00328032 0.00384377 0.00449378 0.00523734 0.0060815 0.00703329 0.0080995 0.00928653 0.0106002 0.0120455 0.0136266 0.0153462 0.017206 0.0192059 0.0213444 0.023618 0.0260213 0.0285471 0.0311861 0.033927 0.0367565 0.0396595 0.042619 0.0456164 0.0486318 0.051644 0.0546305 0.0575687 0.060435 0.0632059 0.0658582 0.0683689 0.070716 0.0728785 0.0748369 0.076573 0.0780709 0.0793165 0.0802981 0.0810064 0.0814346 0.0815788 0.0814377 0.0810125 0.0803074 0.0793291 0.0780871 0.0765929 0.0748607 0.0729066 0.0707485 0.0684062 0.0659005 0.0632535 0.0604879 0.0576272 0.0546948 0.0517139 0.0487074 0.0456975 0.0427054 0.0397509 0.0368525 0.0340272 0.0312899 0.0286539 0.0261304 0.0237288 0.0214561 0.0193178 0.0173172 0.0154561 0.0137344 0.0121506 0.0107018 0.00938412 0.00819254 0.00712132 0.00616413 0.00531425 0.00456472 0.00390854 0.0033388 0.00284884 0.00243239 0.00208363 0.00179736 0.00156902 0.00139481 0.00127169 0.00119758 
0.00137643 0.00140065 0.00148025 0.00161687 0.00181302 0.00207217 0.0023987 0.00279782 0.00327552 0.00383844 0.00449378 0.00524916 0.00611245 0.00709164 0.00819461 0.00942898 0.0108019 0.0123197 0.013988 0.0158111 0.017792 0.0199322 0.0222313 0.0246872 0.0272957 0.0300503 0.0329424 0.0359612 0.0390935 0.042324 0.0456353 0.049008 0.052421 0.0558514 0.0592753 0.0626674 0.0660019 0.0692525 0.0723928 0.0753965 0.0782382 0.0808932 0.0833381 0.0855511 0.0875121 0.0892032 0.090609 0.0917163 0.092515 0.0929976 0.0931596 0.0929996 0.092519 0.0917224 0.0906173 0.0892141 0.0875259 0.0855681 0.0833587 0.0809177 0.0782671 0.0754301 0.0724315 0.0692967 0.0660519 0.0627233 0.0593373 0.0559197 0.0524955 0.0490886 0.0457217 0.042416 0.0391906 0.036063 0.0330482 0.0301595 0.0274076 0.024801 0.0223461 0.0200472 0.0179064 0.015924 0.0140987 0.0124274 0.0109058 0.00952857 0.00828927 0.00718087 0.00619583 0.00532634 0.0045645 0.00390247 0.00333273 0.00284811 0.00244202 0.0021085 0.00184237 0.00163927 0.00149573 0.00140939 
0.00161527 0.00164366 0.00173652 0.00189573 0.00212416 0.00242576 0.00280553 0.00326941 0.0038242 0.00447746 0.00523734 0.00611245 0.00711169 0.00824402 0.00951829 0.010943 0.012526 0.0142745 0.0161943 0.0182902 0.0205652 0.0230206 0.0256557 0.0284677 0.0314514 0.0345991 0.0379007 0.0413435 0.0449123 0.0485896 0.0523553 0.0561874 0.0600617 0.0639526 0.0678326 0.0716737 0.0754465 0.0791217 0.0826696 0.0860611 0.0892675 0.0922616 0.0950172 0.0975102 0.0997184 0.101622 0.103204 0.104449 0.105347 0.105889 0.106071 0.10589 0.105348 0.104451 0.103207 0.101627 0.099725 0.0975191 0.0950289 0.0922765 0.0892863 0.0860842 0.0826976 0.0791551 0.0754858 0.0717192 0.0678847 0.0640114 0.0601275 0.0562601 0.0524349 0.0486757 0.0450047 0.0414417 0.0380041 0.0347071 0.0315632 0.0285825 0.0257726 0.0231386 0.0206834 0.0184078 0.0163103 0.014388 0.0126363 0.0110491 0.00961967 0.00834001 0.00720175 0.00619614 0.00531428 0.00454735 0.00388682 0.0033246 0.00285318 0.00246581 0.00215657 0.00192051 0.00175369 0.00165338 
0.00188847 0.00192163 0.00202955 0.00221439 0.00247941 0.00282912 0.00326918 0.00380634 0.0044483 0.00520362 0.0060815 0.00709164 0.00824402 0.0095487 0.0110155 0.012654 0.0144727 0.0164795 0.0186808 0.0210816 0.023685 0.0264919 0.0295013 0.0327095 0.03611 0.039694 0.0434494 0.0473616 0.0514132 0.0555838 0.0598507 0.0641889 0.068571 0.0729678 0.0773489 0.0816823 0.0859354 0.0900753 0.0940691 0.0978842 0.101489 0.104853 0.107947 0.110745 0.113222 0.115357 0.11713 0.118525 0.119531 0.120138 0.120341 0.120137 0.11953 0.118523 0.117127 0.115355 0.113221 0.110745 0.107948 0.104856 0.101496 0.0978948 0.0940844 0.0900958 0.0859618 0.0817151 0.0773887 0.073015 0.0686258 0.0642515 0.0599211 0.0556619 0.0514987 0.0474542 0.0435485 0.039799 0.0362202 0.0328239 0.029619 0.0266119 0.0238063 0.0212032 0.0188016 0.0165985 0.0145889 0.0127665 0.0111236 0.00965147 0.00834087 0.00718199 0.00616487 0.00527961 0.00451659 0.00386668 0.0033214 0.0028731 0.00251508 0.0022417 0.0020485 0.00193239 
0.00219887 0.00223742 0.00236233 0.00257605 0.00288229 0.00328613 0.00379399 0.0044135 0.00515335 0.00602316 0.00703329 0.00819461 0.00951829 0.0110155 0.0126973 0.014574 0.0166553 0.0189494 0.0214634 0.0242025 0.0271697 0.0303658 0.0337889 0.0374344 0.0412946 0.0453589 0.0496135 0.0540413 0.0586223 0.0633335 0.0681489 0.0730401 0.0779764 0.0829249 0.0878515 0.0927204 0.0974954 0.10214 0.106617 0.110891 0.114926 0.11869 0.122151 0.125278 0.128045 0.130429 0.132408 0.133966 0.135088 0.135764 0.135989 0.135762 0.135083 0.133958 0.132399 0.130419 0.128034 0.125267 0.12214 0.118681 0.11492 0.110887 0.106617 0.102145 0.0975066 0.0927382 0.0878765 0.0829579 0.0780176 0.07309 0.0682077 0.0634011 0.0586987 0.0541261 0.0497062 0.045459 0.0414013 0.0375467 0.033906 0.0304865 0.0272929 0.0243271 0.0215882 0.0190732 0.016777 0.0146926 0.0128118 0.011125 0.00962192 0.00829169 0.0071232 0.00610539 0.00522748 0.00447919 0.00385098 0.00333423 0.00292137 0.00260604 0.00238318 0.00224931 
0.00254932 0.00259392 0.00273787 0.00298393 0.00333626 0.00380062 0.00438424 0.00509568 0.00594471 0.00694212 0.0080995 0.00942898 0.010943 0.012654 0.014574 0.0167146 0.0190861 0.0216977 0.0245568 0.0276686 0.0310363 0.03466 0.0385372 0.042662 0.0470255 0.051615 0.0564145 0.0614045 0.0665621 0.071861 0.077272 0.0827631 0.0882997 0.0938451 0.0993611 0.104808 0.110145 0.115333 0.12033 0.125097 0.129595 0.133788 0.13764 0.14112 0.144198 0.146848 0.149048 0.150778 0.152024 0.152775 0.153024 0.15277 0.152015 0.150765 0.149031 0.146829 0.144176 0.141097 0.137616 0.133764 0.129572 0.125077 0.120313 0.115321 0.110139 0.104808 0.0993687 0.0938612 0.0883248 0.0827977 0.0773166 0.0719156 0.0666268 0.0614791 0.0564986 0.051708 0.0471266 0.0427705 0.0386519 0.0347798 0.03116 0.0277951 0.0246846 0.0218256 0.0192127 0.0168388 0.0146946 0.0127699 0.0110533 0.00953273 0.00819598 0.00703068 0.0060248 0.00516685 0.00444614 0.00385299 0.00337889 0.00301669 0.0027607 0.00260699 
0.00294256 0.00299393 0.00315908 0.00344111 0.0038447 0.00437631 0.00504403 0.00585746 0.00682752 0.00796624 0.00928653 0.0108019 0.012526 0.0144727 0.0166553 0.0190861 0.0217767 0.0247367 0.0279739 0.0314939 0.0352993 0.0393899 0.0437621 0.048409 0.0533196 0.0584793 0.0638697 0.0694685 0.0752494 0.0811831 0.0872363 0.0933733 0.0995554 0.105742 0.11189 0.117956 0.123895 0.129663 0.135215 0.140507 0.145498 0.150147 0.154416 0.158271 0.161678 0.164611 0.167044 0.168958 0.170335 0.171164 0.17144 0.171158 0.170322 0.168939 0.16702 0.164582 0.161645 0.158234 0.154377 0.150107 0.145458 0.140468 0.135179 0.129631 0.123868 0.117936 0.111877 0.105738 0.0995615 0.0933898 0.0872638 0.0812218 0.0752997 0.0695301 0.0639425 0.0585628 0.053413 0.0485114 0.0438726 0.0395071 0.035422 0.0316207 0.0281035 0.0248675 0.0219073 0.0192152 0.0167814 0.0145947 0.0126426 0.0109121 0.00938949 0.0080611 0.0069136 0.00593418 0.00511093 0.00443304 0.00389098 0.00347675 0.00318396 0.00300823 
0.00338122 0.00344012 0.00362873 0.00395053 0.00441076 0.00501663 0.00577717 0.00670307 0.00780648 0.00910075 0.0106002 0.0123197 0.0142745 0.0164795 0.0189494 0.0216977 0.0247367 0.0280767 0.0317259 0.0356897 0.0399707 0.0445678 0.0494764 0.0546879 0.0601895 0.0659644 0.0719913 0.0782447 0.0846952 0.0913094 0.0980505 0.104878 0.111749 0.118619 0.12544 0.132165 0.138743 0.145126 0.151266 0.157114 0.162626 0.167756 0.172465 0.176715 0.18047 0.1837 0.186379 0.188484 0.19 0.190912 0.191214 0.190903 0.189982 0.188459 0.186345 0.183659 0.180423 0.176663 0.17241 0.167698 0.162566 0.157055 0.151208 0.145072 0.138694 0.132122 0.125405 0.118593 0.111734 0.104874 0.0980579 0.0913295 0.0847281 0.0782906 0.0720501 0.0660357 0.0602726 0.0547819 0.0495804 0.0446804 0.0400906 0.0358154 0.0318558 0.0282093 0.0248703 0.0218308 0.0190804 0.016607 0.014397 0.0124362 0.0107094 0.00920181 0.0078985 0.00678535 0.00584912 0.00507778 0.00446076 0.00398911 0.00365572 0.00345569 
0.00386773 0.00393491 0.00414934 0.00451487 0.00503733 0.00572473 0.00658709 0.00763628 0.00888574 0.0103502 0.0120455 0.013988 0.0161943 0.0186808 0.0214634 0.0245568 0.0279739 0.0317259 0.035821 0.0402648 0.0450592 0.0502023 0.0556883 0.0615068 0.0676429 0.074077 0.080785 0.087738 0.0949029 0.102242 0.109715 0.117276 0.124878 0.132472 0.140005 0.147424 0.154676 0.161707 0.168465 0.174897 0.180955 0.186591 0.19176 0.196422 0.20054 0.20408 0.207016 0.209322 0.210981 0.21198 0.21231 0.211969 0.210959 0.209289 0.206973 0.204028 0.20048 0.196355 0.191687 0.186513 0.180875 0.174816 0.168384 0.161629 0.154602 0.147356 0.139944 0.132421 0.124838 0.117247 0.109699 0.10224 0.0949155 0.0877653 0.080827 0.0741334 0.0677131 0.06159 0.0557835 0.0503082 0.0451743 0.0403876 0.0359498 0.0318588 0.0281093 0.0246929 0.0215984 0.0188131 0.0163223 0.0141103 0.0121608 0.0104573 0.00898359 0.00772405 0.00666407 0.00579031 0.00509107 0.00455642 0.00417848 0.0039518 
0.00440419 0.00448048 0.00472314 0.00513646 0.00572688 0.00650327 0.0074767 0.00866026 0.0100688 0.0117184 0.0136266 0.0158111 0.0182902 0.0210816 0.0242025 0.0276686 0.0314939 0.0356897 0.0402648 0.0452243 0.0505697 0.056298 0.0624017 0.0688687 0.0756815 0.0828178 0.0902501 0.0979459 0.105868 0.113975 0.12222 0.130556 0.138928 0.147282 0.155563 0.163711 0.171668 0.179377 0.18678 0.193821 0.200448 0.206609 0.212256 0.217347 0.221841 0.225703 0.228904 0.231418 0.233226 0.234314 0.234673 0.2343 0.233199 0.231378 0.228852 0.225639 0.221766 0.217263 0.212165 0.206511 0.200346 0.193716 0.186674 0.179273 0.171567 0.163615 0.155475 0.147204 0.13886 0.1305 0.122179 0.113948 0.105857 0.0979516 0.0902723 0.0828564 0.075736 0.0689384 0.0624856 0.0563947 0.0506778 0.0453422 0.0403906 0.0358215 0.0316297 0.0278065 0.0243405 0.0212179 0.0184229 0.0159386 0.0137474 0.0118312 0.0101722 0.00875338 0.00755861 0.00657325 0.00578435 0.00518099 0.00475445 0.00449871 
0.00499237 0.0050786 0.00535197 0.00581721 0.00648144 0.0073544 0.00844827 0.00977743 0.0113581 0.0132081 0.0153462 0.017792 0.0205652 0.023685 0.0271697 0.0310363 0.0352993 0.0399707 0.0450592 0.0505697 0.0565027 0.0628542 0.069615 0.0767706 0.0843009 0.0921805 0.100378 0.108858 0.117577 0.126491 0.135548 0.144695 0.153873 0.163023 0.172082 0.180989 0.18968 0.198092 0.206164 0.213836 0.221051 0.227754 0.233894 0.239426 0.244308 0.248501 0.251975 0.254703 0.256663 0.257843 0.258231 0.257826 0.256631 0.254655 0.251912 0.248425 0.244218 0.239325 0.233783 0.227634 0.220925 0.213706 0.206032 0.19796 0.18955 0.180864 0.171964 0.162914 0.153775 0.14461 0.135478 0.126437 0.117541 0.108839 0.100378 0.0921983 0.0843369 0.076824 0.069685 0.0629394 0.0566016 0.0506805 0.0451801 0.0400996 0.035434 0.0311747 0.0273096 0.0238243 0.0207018 0.0179242 0.0154721 0.0133261 0.0114669 0.00987569 0.00853498 0.00742867 0.00654259 0.0058647 0.00538543 0.00509817 
0.0056336 0.0057306 0.00603717 0.00655852 0.00730243 0.00827959 0.00950333 0.0109894 0.0127554 0.0148208 0.017206 0.0199322 0.0230206 0.0264919 0.0303658 0.03466 0.0393899 0.0445678 0.0502023 0.056298 0.0628542 0.0698656 0.077321 0.0852033 0.0934897 0.102151 0.111153 0.120454 0.130009 0.139766 0.14967 0.159661 0.169676 0.179651 0.189519 0.19921 0.208659 0.217796 0.226557 0.234876 0.242694 0.249953 0.256599 0.262582 0.267859 0.27239 0.276142 0.279088 0.281204 0.282477 0.282895 0.282458 0.281167 0.279032 0.276069 0.272301 0.267754 0.262464 0.256468 0.249812 0.242545 0.23472 0.226397 0.217635 0.208499 0.199054 0.189369 0.17951 0.169546 0.159544 0.149568 0.139682 0.129943 0.120408 0.111127 0.102146 0.0935044 0.0852378 0.0773744 0.0699367 0.0629415 0.0563996 0.0503164 0.0446919 0.0395219 0.0347974 0.0305063 0.0266332 0.0231603 0.0200682 0.0173363 0.0149436 0.0128691 0.0110925 0.00959463 0.00835802 0.00736716 0.00660891 0.00607278 0.00575153 
0.00632867 0.00643728 0.00677956 0.00736117 0.00819062 0.00927958 0.0106426 0.0122966 0.014261 0.0165568 0.0192059 0.0222313 0.0256557 0.0295013 0.0337889 0.0385372 0.0437621 0.0494764 0.0556883 0.0624017 0.069615 0.077321 0.0855063 0.0941512 0.10323 0.112709 0.12255 0.132707 0.14313 0.153763 0.164545 0.17541 0.18629 0.197116 0.207814 0.218312 0.228537 0.238417 0.247881 0.256862 0.265295 0.273119 0.280278 0.286719 0.292397 0.29727 0.301304 0.304469 0.306743 0.30811 0.308559 0.308088 0.306701 0.304406 0.301221 0.297168 0.292277 0.286583 0.280127 0.272955 0.265121 0.25668 0.247693 0.238226 0.228346 0.218123 0.207631 0.196941 0.186126 0.175259 0.16441 0.153646 0.143033 0.132631 0.122495 0.112677 0.10322 0.0941639 0.0855405 0.0773755 0.0696883 0.0624919 0.0557934 0.0495939 0.0438897 0.0386721 0.0339287 0.0296434 0.0257975 0.0223704 0.01934 0.0166839 0.0143792 0.0124043 0.0107382 0.00936197 0.0082588 0.00741437 0.00681725 0.00645955 
0.00707779 0.00719885 0.00757929 0.00822527 0.00914604 0.0103543 0.0118657 0.0136987 0.0158743 0.0184149 0.0213444 0.0246872 0.0284677 0.0327095 0.0374344 0.042662 0.048409 0.0546879 0.0615068 0.0688687 0.0767706 0.0852033 0.0941512 0.103591 0.113494 0.123823 0.134535 0.145579 0.156901 0.168437 0.180122 0.191886 0.203654 0.215351 0.226899 0.238219 0.249235 0.259869 0.270048 0.279698 0.288753 0.297148 0.304824 0.311727 0.317808 0.323025 0.327341 0.330727 0.333159 0.33462 0.3351 0.334596 0.333112 0.330657 0.327249 0.322911 0.317673 0.311573 0.304654 0.296962 0.288555 0.279489 0.269831 0.259648 0.249011 0.237997 0.22668 0.21514 0.203454 0.191699 0.179952 0.168285 0.156769 0.14547 0.13445 0.123762 0.113458 0.10358 0.0941636 0.0852387 0.0768274 0.0689452 0.0616007 0.0547968 0.0485302 0.0427929 0.037572 0.032851 0.0286104 0.0248284 0.0214815 0.0185456 0.0159964 0.0138104 0.0119653 0.0104404 0.00921748 0.00828117 0.00761901 0.00722245 
0.00788053 0.00801485 0.00843584 0.00915017 0.0101679 0.0115026 0.0131713 0.0151939 0.0175929 0.0203924 0.023618 0.0272957 0.0314514 0.03611 0.0412946 0.0470255 0.0533196 0.0601895 0.0676429 0.0756815 0.0843009 0.0934897 0.10323 0.113494 0.124251 0.135458 0.147067 0.159025 0.171268 0.183731 0.196341 0.209023 0.221696 0.234279 0.246689 0.258844 0.270659 0.282055 0.292953 0.303277 0.312956 0.321924 0.330117 0.337481 0.343965 0.349525 0.354123 0.357728 0.360317 0.361872 0.362383 0.361846 0.360265 0.357651 0.35402 0.349398 0.343816 0.337311 0.329928 0.321716 0.312734 0.303042 0.292708 0.281803 0.270403 0.258587 0.246436 0.234032 0.221459 0.208799 0.196134 0.183542 0.171101 0.158881 0.146949 0.135365 0.124185 0.113456 0.103218 0.0935036 0.084339 0.075742 0.0677235 0.0602878 0.0534327 0.0471505 0.0414285 0.0362498 0.0315939 0.0274379 0.0237572 0.0205259 0.0177184 0.0153092 0.0132745 0.0115921 0.0102424 0.00920863 0.0084775 0.00803974 
0.00873572 0.00888409 0.00934792 0.0101344 0.0112544 0.0127225 0.0145569 0.0167792 0.0194132 0.0224848 0.0260213 0.0300503 0.0345991 0.039694 0.0453589 0.051615 0.0584793 0.0659644 0.074077 0.0828178 0.0921805 0.102151 0.112709 0.123823 0.135458 0.147567 0.160097 0.172988 0.186174 0.199581 0.213131 0.226744 0.240334 0.253813 0.267093 0.280086 0.292705 0.304865 0.316482 0.327479 0.33778 0.347317 0.356025 0.363845 0.370728 0.376627 0.381503 0.385325 0.388069 0.389717 0.390258 0.389688 0.388013 0.385241 0.381392 0.376489 0.370566 0.363659 0.355817 0.347089 0.337534 0.327218 0.316209 0.304582 0.292417 0.279796 0.266804 0.253529 0.240059 0.226482 0.212885 0.199353 0.185968 0.172807 0.159943 0.147441 0.135361 0.123756 0.11267 0.102141 0.0921975 0.0828601 0.0741423 0.0660501 0.0585825 0.0517326 0.0454876 0.0398305 0.0347401 0.0301926 0.0261617 0.0226205 0.0195414 0.0168976 0.0146634 0.0128151 0.0113317 0.0101953 0.00939141 0.00891023 
0.00964143 0.00980459 0.0103134 0.0111757 0.0124029 0.0140108 0.016019 0.0184502 0.0213301 0.0246861 0.0285471 0.0329424 0.0379007 0.0434494 0.0496135 0.0564145 0.0638697 0.0719913 0.080785 0.0902501 0.100378 0.111153 0.12255 0.134535 0.147067 0.160097 0.173565 0.187406 0.201547 0.21591 0.230412 0.244964 0.259475 0.273854 0.288005 0.301837 0.315258 0.328177 0.340509 0.352172 0.363089 0.373187 0.382402 0.390672 0.397946 0.404177 0.409326 0.413361 0.416257 0.417995 0.418566 0.417965 0.416196 0.413271 0.409207 0.40403 0.397772 0.390472 0.382177 0.37294 0.362821 0.351887 0.340209 0.327865 0.314938 0.301513 0.287681 0.273533 0.259162 0.244662 0.230126 0.215644 0.201303 0.187187 0.173374 0.159935 0.146937 0.134436 0.122483 0.111117 0.100372 0.0902721 0.0808329 0.0720625 0.0639612 0.0565229 0.0497355 0.0435814 0.038039 0.0330836 0.0286878 0.0248231 0.0214604 0.0185711 0.0161281 0.0141062 0.0124827 0.0112387 0.0103586 0.00983192 
0.0105949 0.0107736 0.0113294 0.0122707 0.0136098 0.0153635 0.0175525 0.0202013 0.0233368 0.0269882 0.0311861 0.0359612 0.0413435 0.0473616 0.0540413 0.0614045 0.0694685 0.0782447 0.087738 0.0979459 0.108858 0.120454 0.132707 0.145579 0.159025 0.172988 0.187406 0.202206 0.217312 0.232637 0.248093 0.263586 0.279019 0.294295 0.309314 0.323978 0.338192 0.351862 0.364899 0.377218 0.388738 0.399387 0.409097 0.417806 0.425462 0.432016 0.43743 0.441671 0.444714 0.44654 0.447139 0.446508 0.44465 0.441576 0.437304 0.43186 0.425276 0.417593 0.408856 0.399122 0.38845 0.37691 0.364574 0.351523 0.337842 0.323622 0.308955 0.293938 0.278669 0.263246 0.247768 0.232331 0.217028 0.201948 0.187176 0.17279 0.158859 0.145448 0.132609 0.12039 0.108826 0.0979457 0.0877667 0.0782996 0.0695465 0.0615022 0.054155 0.0474876 0.0414779 0.0361002 0.0313261 0.0271257 0.0234684 0.0203241 0.0176639 0.0154611 0.0136919 0.0123357 0.0113762 0.010802 
0.0115927 0.0117874 0.012392 0.0134153 0.0148703 0.016775 0.0191514 0.0220252 0.025425 0.0293816 0.033927 0.0390935 0.0449123 0.0514132 0.0586223 0.0665621 0.0752494 0.0846952 0.0949029 0.105868 0.117577 0.130009 0.14313 0.156901 0.171268 0.186174 0.201547 0.217312 0.233383 0.249671 0.266079 0.282509 0.298858 0.315022 0.330898 0.346383 0.361377 0.375784 0.38951 0.402469 0.414578 0.425761 0.435951 0.445085 0.453109 0.459976 0.465645 0.470084 0.473269 0.47518 0.475807 0.475146 0.473202 0.469985 0.465514 0.459812 0.452915 0.444861 0.435698 0.425481 0.414272 0.40214 0.389162 0.375419 0.360999 0.345996 0.330506 0.31463 0.29847 0.28213 0.265715 0.249324 0.233059 0.217014 0.201278 0.185937 0.171066 0.156734 0.143001 0.129915 0.117519 0.105844 0.0949106 0.0847321 0.0753123 0.0666474 0.0587264 0.0515319 0.0450416 0.0392292 0.0340653 0.0295186 0.0255572 0.0221493 0.0192645 0.0168746 0.0149543 0.013482 0.0124402 0.0118169 
0.0126302 0.0128415 0.0134965 0.0146043 0.0161789 0.0182391 0.0208082 0.0239134 0.0275848 0.0318546 0.0367565 0.042324 0.0485896 0.0555838 0.0633335 0.071861 0.0811831 0.0913094 0.102242 0.113975 0.126491 0.139766 0.153763 0.168437 0.183731 0.199581 0.21591 0.232637 0.249671 0.266915 0.284268 0.301624 0.318876 0.335914 0.352631 0.36892 0.384676 0.3998 0.414196 0.427775 0.440452 0.452151 0.462803 0.472345 0.480722 0.487887 0.4938 0.498428 0.501747 0.503739 0.504393 0.503705 0.501679 0.498326 0.493664 0.487718 0.48052 0.472111 0.462538 0.451857 0.44013 0.427428 0.413827 0.399412 0.384272 0.368504 0.352208 0.335488 0.318452 0.301208 0.283864 0.266529 0.249307 0.232299 0.215602 0.199306 0.183492 0.168235 0.1536 0.139641 0.126405 0.113925 0.102227 0.0913268 0.0812294 0.0719326 0.0634264 0.0556939 0.0487126 0.0424554 0.0368922 0.0319904 0.0277168 0.0240381 0.0209225 0.0183402 0.0162644 0.0146725 0.0135459 0.0128721 
0.0137023 0.0139308 0.0146373 0.0158317 0.0175286 0.019748 0.0225143 0.025856 0.0298048 0.0343943 0.0396595 0.0456353 0.0523553 0.0598507 0.0681489 0.077272 0.0872363 0.0980505 0.109715 0.12222 0.135548 0.14967 0.164545 0.180122 0.196341 0.213131 0.230412 0.248093 0.266079 0.284268 0.302551 0.320817 0.338954 0.356847 0.374384 0.391454 0.407949 0.423767 0.438808 0.452983 0.466205 0.478397 0.489489 0.499419 0.508131 0.515579 0.521722 0.52653 0.529976 0.532044 0.532723 0.532009 0.529907 0.526426 0.521584 0.515406 0.507924 0.499178 0.489216 0.478092 0.46587 0.45262 0.438421 0.423357 0.407521 0.391012 0.373932 0.35639 0.338497 0.320365 0.30211 0.283843 0.265676 0.247715 0.230064 0.212818 0.196064 0.179884 0.164347 0.149513 0.135433 0.122144 0.109676 0.0980469 0.0872647 0.0773286 0.0682295 0.0599511 0.0524708 0.0457614 0.0397915 0.0345279 0.0299359 0.0259808 0.0226293 0.0198502 0.0176155 0.0159011 0.0146878 0.0139622 
0.014803 0.0150488 0.0158079 0.0170905 0.018912 0.0212932 0.0242599 0.0278419 0.0320721 0.0369857 0.042619 0.049008 0.0561874 0.0641889 0.0730401 0.0827631 0.0933733 0.104878 0.117276 0.130556 0.144695 0.159661 0.17541 0.191886 0.209023 0.226744 0.244964 0.263586 0.282509 0.301624 0.320817 0.339972 0.358971 0.377694 0.396025 0.413849 0.431055 0.447537 0.463196 0.477939 0.491679 0.504339 0.515848 0.526143 0.535171 0.542884 0.549244 0.554218 0.557784 0.559923 0.560625 0.559888 0.557714 0.554113 0.549103 0.542709 0.534961 0.525898 0.515569 0.504027 0.491335 0.477564 0.462794 0.44711 0.430606 0.413382 0.395546 0.377207 0.358481 0.339486 0.32034 0.301161 0.282067 0.263169 0.244577 0.226391 0.208708 0.191611 0.175177 0.159471 0.144548 0.130451 0.117212 0.104853 0.0933826 0.0828035 0.0731073 0.0642784 0.0562945 0.0491278 0.0427466 0.0371165 0.0322016 0.0279661 0.0243751 0.021396 0.0189997 0.0171609 0.0158594 0.0150811 
0.0159253 0.0161889 0.0170011 0.0183729 0.0203203 0.0228651 0.0260342 0.0298585 0.0343725 0.0396127 0.0456164 0.052421 0.0600617 0.068571 0.0779764 0.0882997 0.0995554 0.111749 0.124878 0.138928 0.153873 0.169676 0.18629 0.203654 0.221696 0.240334 0.259475 0.279019 0.298858 0.318876 0.338954 0.358971 0.378802 0.398326 0.41742 0.435966 0.453851 0.470967 0.487212 0.502493 0.516722 0.529821 0.54172 0.552358 0.561679 0.569639 0.576199 0.581329 0.585005 0.58721 0.587934 0.587175 0.584935 0.581224 0.576059 0.569463 0.561468 0.552111 0.541438 0.529504 0.51637 0.502109 0.486798 0.470525 0.453384 0.435479 0.416917 0.397812 0.378284 0.358453 0.338443 0.318377 0.298378 0.278564 0.25905 0.239942 0.221343 0.203343 0.186023 0.169454 0.153696 0.138795 0.124789 0.111701 0.0995447 0.0883229 0.0780292 0.0686487 0.0601594 0.0525335 0.0457388 0.0397398 0.0344998 0.0299815 0.0261489 0.0229681 0.0204085 0.018444 0.0170534 0.0162219 
0.0170619 0.0173432 0.0182089 0.0196703 0.0217441 0.024453 0.0278251 0.0318924 0.0366907 0.0422576 0.0486318 0.0558514 0.0639526 0.0729678 0.0829249 0.0938451 0.105742 0.118619 0.132472 0.147282 0.163023 0.179651 0.197116 0.215351 0.234279 0.253813 0.273854 0.294295 0.315022 0.335914 0.356847 0.377694 0.398326 0.418615 0.438437 0.457671 0.4762 0.493915 0.510712 0.526497 0.541183 0.554692 0.566954 0.577908 0.5875 0.595688 0.602432 0.607704 0.611481 0.613747 0.614492 0.613713 0.611413 0.607601 0.602294 0.595514 0.58729 0.577661 0.566671 0.554372 0.540828 0.526107 0.510289 0.493461 0.475719 0.457166 0.437914 0.418078 0.39778 0.377147 0.356304 0.335382 0.314507 0.293803 0.273391 0.253384 0.233889 0.215003 0.196813 0.179396 0.162814 0.147121 0.132356 0.118547 0.10571 0.0938503 0.0829625 0.073033 0.0640401 0.055956 0.0487482 0.0423805 0.0368151 0.0320137 0.027939 0.0245559 0.0218326 0.0197419 0.0182617 0.0173768 
0.0182044 0.0185035 0.0194226 0.0209733 0.0231732 0.0260457 0.0296199 0.0339292 0.0390102 0.0449019 0.051644 0.0592753 0.0678326 0.0773489 0.0878515 0.0993611 0.11189 0.12544 0.140005 0.155563 0.172082 0.189519 0.207814 0.226899 0.246689 0.267093 0.288005 0.309314 0.330898 0.352631 0.374384 0.396025 0.41742 0.438437 0.45895 0.478833 0.497968 0.516244 0.533557 0.549811 0.564921 0.578808 0.591403 0.602647 0.612488 0.620883 0.627795 0.633196 0.637064 0.639385 0.640148 0.639352 0.636998 0.633096 0.62766 0.620712 0.612282 0.602404 0.591122 0.578489 0.564564 0.549418 0.533128 0.515782 0.497475 0.478314 0.458409 0.437879 0.41685 0.395451 0.373812 0.352067 0.330349 0.308787 0.287507 0.266628 0.246263 0.226515 0.207477 0.18923 0.171843 0.155372 0.139863 0.125344 0.111837 0.0993478 0.0878733 0.0774008 0.0679093 0.0593713 0.0517537 0.0450199 0.0391312 0.0340483 0.0297326 0.026148 0.0232616 0.0210452 0.0194758 0.0185377 
0.0193442 0.019661 0.0206329 0.0222721 0.0245967 0.0276311 0.0314052 0.0359535 0.0413137 0.0475259 0.0546305 0.0626674 0.0716737 0.0816823 0.0927204 0.104808 0.117956 0.132165 0.147424 0.163711 0.180989 0.19921 0.218312 0.238219 0.258844 0.280086 0.301837 0.323978 0.346383 0.36892 0.391454 0.413849 0.435966 0.457671 0.478833 0.499324 0.519025 0.537823 0.555614 0.572302 0.587801 0.602034 0.614933 0.626441 0.636506 0.645087 0.65215 0.657667 0.661617 0.663987 0.664768 0.663956 0.661554 0.65757 0.65202 0.644922 0.636305 0.626203 0.614657 0.601718 0.587446 0.571908 0.555183 0.537356 0.518525 0.498794 0.478277 0.457096 0.435376 0.413251 0.390855 0.368327 0.345803 0.323419 0.301305 0.279587 0.258383 0.237802 0.217942 0.198889 0.180719 0.163492 0.147255 0.132045 0.117882 0.104776 0.092726 0.0817205 0.071739 0.0627543 0.0547332 0.0476385 0.0414309 0.03607 0.0315163 0.0277325 0.0246848 0.022344 0.0206864 0.0196956 
0.0204721 0.0208063 0.0218301 0.0235562 0.0260034 0.0291967 0.0331669 0.0379495 0.0435833 0.0501092 0.0575687 0.0660019 0.0754465 0.0859354 0.0974954 0.110145 0.123895 0.138743 0.154676 0.171668 0.18968 0.208659 0.228537 0.249235 0.270659 0.292705 0.315258 0.338192 0.361377 0.384676 0.407949 0.431055 0.453851 0.4762 0.497968 0.519025 0.53925 0.55853 0.57676 0.593844 0.609698 0.624244 0.637419 0.649163 0.659429 0.668176 0.675373 0.680993 0.685016 0.68743 0.688225 0.6874 0.684956 0.680901 0.675249 0.668018 0.659235 0.648932 0.637149 0.623935 0.609348 0.593454 0.576329 0.558061 0.538745 0.518487 0.497401 0.47561 0.453244 0.430436 0.407327 0.384057 0.360769 0.337602 0.314693 0.292173 0.270165 0.248784 0.228134 0.208306 0.18938 0.171421 0.154481 0.138599 0.123799 0.110094 0.0974846 0.0859596 0.0755003 0.0660794 0.0576638 0.0502161 0.0436962 0.038063 0.033276 0.0292969 0.0260909 0.023628 0.0218838 0.0208413 
0.0215786 0.0219297 0.0230042 0.024815 0.0273815 0.0307295 0.0348905 0.039901 0.0458007 0.0526313 0.060435 0.0692525 0.0791217 0.0900753 0.10214 0.115333 0.129663 0.145126 0.161707 0.179377 0.198092 0.217796 0.238417 0.259869 0.282055 0.304865 0.328177 0.351862 0.375784 0.3998 0.423767 0.447537 0.470967 0.493915 0.516244 0.537823 0.55853 0.57825 0.59688 0.614324 0.630497 0.645326 0.658745 0.6707 0.681144 0.690038 0.697352 0.703062 0.707149 0.7096 0.710409 0.709572 0.707092 0.702976 0.697235 0.689888 0.680959 0.670478 0.658484 0.645025 0.630154 0.613939 0.596453 0.577783 0.558023 0.537281 0.515669 0.493314 0.470345 0.446901 0.423123 0.399157 0.375149 0.351244 0.327583 0.304302 0.28153 0.259387 0.237982 0.217413 0.197763 0.179102 0.161487 0.144959 0.129546 0.115263 0.102113 0.0900855 0.0791636 0.0693202 0.0605223 0.0527321 0.045909 0.0400112 0.0349973 0.0308282 0.0274682 0.0248865 0.0230579 0.0219651 
0.022654 0.0230215 0.0241448 0.0260375 0.0287191 0.0322163 0.0365614 0.0417915 0.0479473 0.0550711 0.0632059 0.0723928 0.0826696 0.0940691 0.106617 0.12033 0.135215 0.151266 0.168465 0.18678 0.206164 0.226557 0.247881 0.270048 0.292953 0.316482 0.340509 0.364899 0.38951 0.414196 0.438808 0.463196 0.487212 0.510712 0.533557 0.555614 0.57676 0.59688 0.61587 0.633637 0.650096 0.665175 0.678811 0.690951 0.70155 0.710573 0.717989 0.723776 0.727918 0.730403 0.731223 0.730377 0.727866 0.723696 0.717879 0.710432 0.701375 0.69074 0.678561 0.664884 0.649763 0.63326 0.615449 0.596416 0.576254 0.555069 0.532977 0.510103 0.486579 0.462545 0.438147 0.413533 0.388852 0.364255 0.339888 0.315891 0.292398 0.269536 0.247417 0.226145 0.205807 0.186479 0.16822 0.151076 0.135077 0.120242 0.106574 0.0940654 0.0826998 0.0724508 0.0632854 0.0551658 0.0480509 0.0418982 0.0366657 0.0323134 0.0288049 0.0261085 0.0241984 0.0230571 
0.0236885 0.0240716 0.0252418 0.0272126 0.0300043 0.033644 0.0381648 0.0436046 0.0500046 0.057408 0.0658582 0.0753965 0.0860611 0.0978842 0.110891 0.125097 0.140507 0.157114 0.174897 0.193821 0.213836 0.234876 0.256862 0.279698 0.303277 0.327479 0.352172 0.377218 0.402469 0.427775 0.452983 0.477939 0.502493 0.526497 0.549811 0.572302 0.593844 0.614324 0.633637 0.65169 0.668402 0.683702 0.697527 0.709828 0.720562 0.729694 0.737198 0.743051 0.74724 0.749753 0.750583 0.749729 0.747192 0.742978 0.737097 0.729563 0.720398 0.709629 0.697289 0.683423 0.66808 0.651323 0.633224 0.613865 0.593342 0.571758 0.549229 0.525882 0.50185 0.477275 0.452306 0.427093 0.40179 0.376551 0.351526 0.326861 0.302695 0.279159 0.256371 0.234437 0.213453 0.193495 0.174629 0.156902 0.14035 0.124991 0.110832 0.0978668 0.0860797 0.0754449 0.0659298 0.0574964 0.0501033 0.0437076 0.0382665 0.0337394 0.030089 0.027283 0.0252952 0.0241074 
0.0246724 0.0250704 0.0262848 0.0283295 0.0312253 0.0349997 0.0396864 0.0453241 0.0519545 0.0596216 0.0683689 0.0782382 0.0892675 0.101489 0.114926 0.129595 0.145498 0.162626 0.180955 0.200448 0.221051 0.242694 0.265295 0.288753 0.312956 0.33778 0.363089 0.388738 0.414578 0.440452 0.466205 0.491679 0.516722 0.541183 0.564921 0.587801 0.609698 0.630497 0.650096 0.668402 0.685336 0.700827 0.714816 0.727255 0.738104 0.747329 0.754906 0.760816 0.765044 0.76758 0.768419 0.767559 0.765001 0.760749 0.754814 0.747209 0.737952 0.727069 0.714591 0.70056 0.685026 0.668046 0.649693 0.630046 0.6092 0.587259 0.564339 0.540565 0.516072 0.491006 0.465515 0.439754 0.413881 0.388051 0.36242 0.337139 0.31235 0.288188 0.264778 0.24223 0.220643 0.200098 0.180664 0.162393 0.145322 0.129472 0.114852 0.101458 0.0892749 0.0782772 0.0684328 0.0597037 0.0520484 0.0454234 0.0397855 0.0350932 0.0313087 0.0283993 0.026338 0.0251063 
