6.75195e-07 7.04381e-07 8.38973e-07 1.09479e-06 1.50011e-06 2.09787e-06 2.94829e-06 4.13233e-06 5.75589e-06 7.95472e-06 1.09001e-05 1.48047e-05 1.99292e-05 2.65888e-05 3.5159e-05 4.60811e-05 5.98664e-05 7.70979e-05 9.84308e-05 0.000124588 0.000156354 0.000194563 0.000240082 0.000293792 0.000356558 0.000429206 0.00051248 0.00060701 0.000713274 0.000831554 0.000961903 0.00110411 0.00125767 0.00142175 0.00159523 0.00177661 0.00196411 0.00215564 0.00234885 0.00254116 0.00272984 0.00291206 0.00308495 0.00324569 0.00339154 0.00352 0.00362879 0.00371595 0.00377989 0.00381943 0.00383386 0.00382292 0.0037868 0.0037262 0.00364223 0.00353645 0.00341077 0.00326743 0.00310892 0.00293794 0.0027573 0.00256984 0.0023784 0.00218572 0.00199438 0.00180673 0.0016249 0.00145069 0.00128561 0.00113084 0.000987234 0.000855339 0.000735404 0.000627413 0.00053112 0.000446081 0.000371697 0.000307249 0.000251936 0.000204909 0.000165301 0.000132253 0.000104937 8.2569e-05 6.44238e-05 4.98418e-05 3.82328e-05 2.90772e-05 2.19243e-05 1.63887e-05 1.21454e-05 8.92377e-06 6.50192e-06 4.69999e-06 3.37436e-06 2.41209e-06 1.72594e-06 1.25013e-06 9.36768e-07 7.53444e-07 
7.04381e-07 7.35109e-07 8.76249e-07 1.14444e-06 1.56943e-06 2.19636e-06 3.08859e-06 4.33128e-06 6.03583e-06 8.34509e-06 1.14392e-05 1.55421e-05 2.09281e-05 2.79287e-05 3.69389e-05 4.84231e-05 6.29188e-05 8.10392e-05 0.000103473 0.000130979 0.000164382 0.000204557 0.000252414 0.000308875 0.000374849 0.000451196 0.000538697 0.000638007 0.000749622 0.000873833 0.00101069 0.00115996 0.00132111 0.00149328 0.00167525 0.00186548 0.00206207 0.00226285 0.00246534 0.00266685 0.00286453 0.00305539 0.00323644 0.00340474 0.00355743 0.00369189 0.00380574 0.00389693 0.00396382 0.00400517 0.00402023 0.00400873 0.00397088 0.00390741 0.00381948 0.00370871 0.00357709 0.00342698 0.00326097 0.00308187 0.00289263 0.00269623 0.00249563 0.0022937 0.00209313 0.0018964 0.00170573 0.00152302 0.00134985 0.00118747 0.00103678 0.000898344 0.000772442 0.00065906 0.000557943 0.000468631 0.000390499 0.000322796 0.000264683 0.000215271 0.000173652 0.000138925 0.000110221 8.6716e-05 6.76495e-05 5.23282e-05 4.01317e-05 3.05142e-05 2.30016e-05 1.71888e-05 1.27339e-05 9.35268e-06 6.81159e-06 4.92157e-06 3.53165e-06 2.52309e-06 1.80423e-06 1.30594e-06 9.77917e-07 7.86114e-07 
8.38973e-07 8.76249e-07 1.04482e-06 1.36445e-06 1.87041e-06 2.61616e-06 3.67663e-06 5.15241e-06 7.17493e-06 9.91248e-06 1.3577e-05 1.84314e-05 2.47974e-05 3.30629e-05 4.36897e-05 5.7219e-05 7.42766e-05 9.55744e-05 0.00012191 0.000154162 0.000193279 0.000240269 0.000296173 0.000362047 0.000438922 0.000527774 0.000629479 0.000744768 0.000874185 0.00101803 0.00117634 0.00134881 0.00153479 0.00173327 0.00194283 0.00216167 0.00238762 0.00261815 0.00285045 0.00308143 0.00330782 0.00352625 0.00373331 0.00392566 0.00410006 0.00425355 0.00438344 0.00448742 0.00456362 0.00461068 0.00462772 0.00461446 0.00457113 0.00449855 0.00439805 0.00427144 0.004121 0.00394936 0.00375948 0.00355455 0.00333789 0.0031129 0.00288296 0.00265131 0.00242106 0.00219504 0.00197578 0.00176549 0.001566 0.00137874 0.00120479 0.00104483 0.000899194 0.000767896 0.000650673 0.00054702 0.00045624 0.000377488 0.000309816 0.00025221 0.000203636 0.00016306 0.000129484 0.000101961 7.96107e-05 6.16319e-05 4.73055e-05 3.59971e-05 2.71553e-05 2.03076e-05 1.5055e-05 1.10649e-05 8.06378e-06 5.8299e-06 4.18594e-06 2.9923e-06 2.14108e-06 1.55083e-06 1.16226e-06 9.35218e-07 
1.09479e-06 1.14444e-06 1.36445e-06 1.78034e-06 2.43752e-06 3.40469e-06 4.77792e-06 6.68596e-06 9.29666e-06 1.28244e-05 1.75386e-05 2.37727e-05 3.19333e-05 4.25098e-05 5.60827e-05 7.33306e-05 9.50354e-05 0.000122084 0.000155467 0.00019627 0.000245664 0.000304883 0.000375201 0.000457898 0.000554222 0.00066534 0.000792293 0.000935936 0.00109688 0.00127546 0.00147164 0.001685 0.0019147 0.00215943 0.00241742 0.00268644 0.00296379 0.00324639 0.00353077 0.00381319 0.00408968 0.00435616 0.00460852 0.00484271 0.00505488 0.00524145 0.00539921 0.00552539 0.00561777 0.00567471 0.00569519 0.00567885 0.00562599 0.00553759 0.00541522 0.00526109 0.00507789 0.00486879 0.00463736 0.00438741 0.00412296 0.0038481 0.00356692 0.00328336 0.00300119 0.00272386 0.00245449 0.00219579 0.00195003 0.00171901 0.00150408 0.00130612 0.0011256 0.000962592 0.000816811 0.000687686 0.000574404 0.000475959 0.000391216 0.000318953 0.000257911 0.000206831 0.000164488 0.000129717 0.000101433 7.86408e-05 6.04483e-05 4.60641e-05 3.47987e-05 2.60599e-05 1.9346e-05 1.42378e-05 1.03899e-05 7.52154e-06 5.40772e-06 3.87094e-06 2.77377e-06 2.01231e-06 1.51085e-06 1.21806e-06 
1.50011e-06 1.56943e-06 1.87041e-06 2.43752e-06 3.33189e-06 4.64579e-06 6.50799e-06 9.09064e-06 1.26176e-05 1.73741e-05 2.37175e-05 3.20889e-05 4.30245e-05 5.71676e-05 7.52789e-05 9.82444e-05 0.000127082 0.000162941 0.000207099 0.000260955 0.000326006 0.000403824 0.000496023 0.000604217 0.000729963 0.000874711 0.00103973 0.00122605 0.00143439 0.00166508 0.00191799 0.00219253 0.00248753 0.00280127 0.00313142 0.00347509 0.00382883 0.0041887 0.00455031 0.00490893 0.00525956 0.00559708 0.00591635 0.00621232 0.00648021 0.00671555 0.00691437 0.00707325 0.00718944 0.00726092 0.00728643 0.00726553 0.00719861 0.00708686 0.00693226 0.00673751 0.00650598 0.0062416 0.00594879 0.00563232 0.00529719 0.00494852 0.00459143 0.00423089 0.00387165 0.00351809 0.00317418 0.00284339 0.00252863 0.00223226 0.00195604 0.00170119 0.00146837 0.00125773 0.00106899 0.000901496 0.00075426 0.000626056 0.000515473 0.000420985 0.000341007 0.000273945 0.000218242 0.000172407 0.000135048 0.000104884 8.07583e-05 6.16458e-05 4.66483e-05 3.49921e-05 2.60198e-05 1.91808e-05 1.40198e-05 1.01658e-05 7.32084e-06 5.24927e-06 3.76821e-06 2.73919e-06 2.06115e-06 1.66552e-06 
2.09787e-06 2.19636e-06 2.61616e-06 3.40469e-06 4.64579e-06 6.46577e-06 9.04048e-06 1.26044e-05 1.74619e-05 2.39993e-05 3.26998e-05 4.41574e-05 5.90925e-05 7.83664e-05 0.000102994 0.000134153 0.000173192 0.000221627 0.000281139 0.000353556 0.000440827 0.000544992 0.000668128 0.000812301 0.00097949 0.00117152 0.00138996 0.00163606 0.00191066 0.00221407 0.00254605 0.00290569 0.00329138 0.00370079 0.00413084 0.00457771 0.00503692 0.00550333 0.00597128 0.00643469 0.00688717 0.00732218 0.00773319 0.0081138 0.00845794 0.00875999 0.00901494 0.00921849 0.00936719 0.00945849 0.00949083 0.00946367 0.00937749 0.00923379 0.00903508 0.00878475 0.00848704 0.00814694 0.00777 0.00736227 0.0069301 0.00648001 0.00601851 0.00555198 0.00508649 0.00462771 0.00418077 0.00375019 0.00333979 0.0029527 0.0025913 0.00225722 0.00195144 0.00167426 0.00142542 0.00120413 0.00100922 0.00083915 0.000692151 0.000566286 0.000459526 0.000369821 0.000295152 0.000233585 0.000183297 0.00014261 0.000110002 8.41173e-05 6.37645e-05 4.79147e-05 3.56905e-05 2.63548e-05 1.92963e-05 1.40158e-05 1.01109e-05 7.26282e-06 5.2236e-06 3.80511e-06 2.86982e-06 2.32439e-06 
2.94829e-06 3.08859e-06 3.67663e-06 4.77792e-06 6.50799e-06 9.04048e-06 1.26166e-05 1.75573e-05 2.42778e-05 3.33044e-05 4.52927e-05 6.10467e-05 8.15386e-05 0.000107926 0.00014157 0.000184044 0.000237139 0.000302869 0.000383449 0.000481282 0.000598917 0.000739007 0.000904241 0.00109727 0.00132061 0.00157657 0.0018671 0.00219371 0.00255737 0.00295834 0.00339617 0.00386953 0.00437619 0.00491299 0.00547582 0.00605964 0.00665857 0.00726591 0.00787433 0.00847598 0.00906265 0.00962595 0.0101575 0.0106493 0.0110935 0.011483 0.0118114 0.0120735 0.0122647 0.0123819 0.0124231 0.0123877 0.0122762 0.0120906 0.0118341 0.0115108 0.0111263 0.0106867 0.0101993 0.00967151 0.0091116 0.00852785 0.0079286 0.00732204 0.00671601 0.00611784 0.00553421 0.00497103 0.00443335 0.00392532 0.00345014 0.00301007 0.00260651 0.00223998 0.00191026 0.00161647 0.00135716 0.00113044 0.000934061 0.000765567 0.000622349 0.000501758 0.000401171 0.000318058 0.000250032 0.000194879 0.000150588 0.000115356 8.75982e-05 6.59389e-05 4.92014e-05 3.63941e-05 2.66926e-05 1.94214e-05 1.40349e-05 1.00997e-05 7.2779e-06 5.31268e-06 4.01603e-06 3.26021e-06 
4.13233e-06 4.33128e-06 5.15241e-06 6.68596e-06 9.09064e-06 1.26044e-05 1.75573e-05 2.43871e-05 3.36591e-05 4.60877e-05 6.25604e-05 8.41622e-05 0.000112201 0.00014823 0.000194067 0.000251806 0.000323828 0.000412789 0.000521607 0.000653428 0.000811577 0.000999492 0.00122064 0.00147841 0.001776 0.0021163 0.00250171 0.00293407 0.00341442 0.00394298 0.00451892 0.00514036 0.00580422 0.00650625 0.00724096 0.00800175 0.00878088 0.0095697 0.0103587 0.0111378 0.0118965 0.012624 0.0133098 0.0139434 0.0145153 0.0150162 0.0154383 0.0157748 0.01602 0.0161701 0.0162226 0.0161765 0.0160328 0.0157938 0.0154635 0.0150472 0.0145519 0.0139854 0.0133566 0.0126753 0.0119518 0.0111967 0.0104206 0.00963401 0.00884701 0.00806907 0.00730886 0.00657409 0.00587139 0.00520627 0.00458302 0.00400475 0.00347342 0.0029899 0.00255408 0.00216496 0.0018208 0.00151927 0.00125756 0.00103254 0.000840875 0.000679152 0.000543973 0.000432046 0.000340246 0.000265665 0.000205648 0.000157811 0.000120047 9.05215e-05 6.76606e-05 5.0134e-05 3.68327e-05 2.68452e-05 1.94335e-05 1.40098e-05 1.01148e-05 7.39898e-06 5.6058e-06 4.56096e-06 
5.75589e-06 6.03583e-06 7.17493e-06 9.29666e-06 1.26176e-05 1.74619e-05 2.42778e-05 3.36591e-05 4.63702e-05 6.33747e-05 8.58659e-05 0.000115299 0.000153422 0.000202305 0.00026436 0.000342359 0.000439438 0.000559084 0.000705111 0.000881613 0.00109289 0.00134337 0.00163749 0.00197955 0.00237358 0.00282315 0.00333121 0.00389991 0.00453041 0.0052227 0.00597551 0.00678615 0.00765042 0.00856262 0.00951554 0.0105005 0.0115075 0.0125254 0.0135419 0.0145442 0.0155189 0.0164524 0.0173312 0.0181424 0.0188737 0.0195138 0.0200527 0.0204818 0.0207944 0.0209854 0.0210517 0.0209924 0.0208083 0.0205026 0.0200802 0.0195478 0.018914 0.0181886 0.017383 0.0165094 0.0155806 0.0146102 0.0136116 0.0125981 0.0115827 0.0105775 0.00959363 0.00864108 0.00772855 0.00686325 0.00605093 0.0052958 0.00460062 0.00396674 0.00339424 0.00288204 0.00242809 0.00202954 0.0016829 0.00138422 0.00112928 0.000913721 0.000733162 0.000583348 0.000460218 0.000359977 0.000279146 0.000214589 0.000163523 0.000123518 9.24826e-05 6.86435e-05 5.05174e-05 3.68822e-05 2.67458e-05 1.93159e-05 1.39724e-05 1.0242e-05 7.77717e-06 6.34149e-06 
7.95472e-06 8.34509e-06 9.91248e-06 1.28244e-05 1.73741e-05 2.39993e-05 3.33044e-05 4.60877e-05 6.33747e-05 8.64542e-05 0.000116918 0.000156702 0.000208123 0.000273915 0.000357254 0.000461779 0.000591584 0.00075121 0.000945597 0.00118002 0.00146001 0.00179119 0.00217919 0.00262942 0.00314689 0.00373598 0.00440024 0.00514215 0.00596289 0.00686216 0.00783798 0.00888661 0.0100024 0.0111778 0.0124033 0.0136677 0.0149582 0.0162605 0.0175589 0.0188373 0.0200787 0.0212661 0.0223827 0.0234122 0.0243393 0.0251501 0.025832 0.0263747 0.0267695 0.0270105 0.0270937 0.0270179 0.0267844 0.0263969 0.0258615 0.0251865 0.0243826 0.0234621 0.0224389 0.0213282 0.0201463 0.0189099 0.017636 0.0163414 0.0150424 0.0137544 0.0124918 0.0112672 0.010092 0.00897564 0.00792561 0.00694763 0.00604549 0.00522125 0.00447529 0.00380651 0.00321255 0.00268998 0.00223449 0.00184121 0.0015048 0.00121974 0.000980469 0.00078152 0.000617663 0.00048399 0.000375978 0.000289536 0.000221021 0.000167239 0.000125435 9.32613e-05 6.8752e-05 5.02813e-05 3.65258e-05 2.64266e-05 1.91525e-05 1.40681e-05 1.07063e-05 8.74876e-06 
1.09001e-05 1.14392e-05 1.3577e-05 1.75386e-05 2.37175e-05 3.26998e-05 4.52927e-05 6.25604e-05 8.58659e-05 0.000116918 0.000157822 0.000211127 0.000279878 0.000367653 0.000478598 0.000617437 0.000789475 0.00100056 0.00125703 0.00156563 0.00193336 0.00236735 0.00287462 0.00346191 0.00413536 0.00490029 0.00576089 0.00671994 0.00777855 0.00893593 0.0101892 0.0115331 0.0129601 0.0144604 0.0160217 0.0176295 0.0192676 0.0209178 0.0225605 0.0241754 0.0257413 0.027237 0.0286418 0.0299356 0.0310995 0.0321164 0.032971 0.0336505 0.0341445 0.0344455 0.0345489 0.0344532 0.0341599 0.0336736 0.0330016 0.0321545 0.0311449 0.0299881 0.0287012 0.027303 0.0258135 0.0242534 0.0226439 0.021006 0.01936 0.0177253 0.0161201 0.0145606 0.0130613 0.0116343 0.0102895 0.00903445 0.00787441 0.00681234 0.00584912 0.00498374 0.00421353 0.00353443 0.00294123 0.00242793 0.00198792 0.00161426 0.00129995 0.00103805 0.000821888 0.000645173 0.000502085 0.000387336 0.000296198 0.000224515 0.000168686 0.000125635 9.27771e-05 6.79689e-05 4.9461e-05 3.585e-05 2.60318e-05 1.91609e-05 1.46145e-05 1.19678e-05 
1.48047e-05 1.55421e-05 1.84314e-05 2.37727e-05 3.20889e-05 4.41574e-05 6.10467e-05 8.41622e-05 0.000115299 0.000156702 0.000211127 0.000281903 0.000372992 0.000489034 0.000635383 0.000818123 0.00104405 0.00132062 0.0016559 0.00205839 0.0025369 0.00310032 0.00375735 0.00451625 0.00538447 0.00636835 0.00747274 0.00870066 0.010053 0.0115282 0.0131221 0.0148277 0.016635 0.0185312 0.0205006 0.0225248 0.0245833 0.0266534 0.0287107 0.0307299 0.032685 0.03455 0.0362993 0.0379085 0.0393547 0.0406169 0.0416768 0.0425188 0.0431304 0.0435026 0.0436299 0.0435103 0.0431458 0.0425419 0.0417075 0.0406553 0.0394006 0.0379619 0.0363601 0.034618 0.03276 0.0308116 0.0287987 0.0267472 0.0246823 0.0226284 0.0206079 0.0186414 0.0167471 0.0149408 0.0132351 0.01164 0.0101626 0.00880704 0.00757503 0.00646576 0.00547633 0.00460201 0.00383662 0.00317284 0.00260259 0.00211728 0.00170815 0.00136651 0.00108392 0.000852406 0.000664553 0.00051359 0.000393443 0.000298752 0.000224855 0.00016776 0.000124099 9.10737e-05 6.63912e-05 4.82088e-05 3.50734e-05 2.58698e-05 1.97751e-05 1.6228e-05 
1.99292e-05 2.09281e-05 2.47974e-05 3.19333e-05 4.30245e-05 5.90925e-05 8.15386e-05 0.000112201 0.000153422 0.000208123 0.000279878 0.000372992 0.00049257 0.000644572 0.000835847 0.00107415 0.00136809 0.00172711 0.00216132 0.00268136 0.00329818 0.00402273 0.00486567 0.005837 0.00694564 0.00819899 0.00960255 0.0111595 0.0128702 0.0147322 0.0167394 0.0188825 0.0211485 0.023521 0.0259801 0.0285027 0.0310632 0.0336333 0.0361832 0.0386818 0.0410974 0.0433984 0.0455538 0.0475343 0.0493121 0.0508623 0.0521629 0.0531952 0.0539444 0.0543998 0.0545547 0.0544071 0.0539591 0.0532172 0.0521923 0.0508993 0.0493566 0.0475864 0.0456137 0.0434659 0.0411726 0.0387645 0.0362731 0.0337301 0.0311664 0.0286118 0.0260943 0.0236394 0.0212702 0.0190063 0.0168642 0.0148567 0.0129934 0.01128 0.00971938 0.00831108 0.0070521 0.00593709 0.0049588 0.00410849 0.00337634 0.00275185 0.00222422 0.00178265 0.00141661 0.00111608 0.000871702 0.000674899 0.000517943 0.000393987 0.000297056 0.000222016 0.000164522 0.00012095 8.83273e-05 6.42548e-05 4.68379e-05 3.46192e-05 2.65218e-05 2.18101e-05 
2.65888e-05 2.79287e-05 3.30629e-05 4.25098e-05 5.71676e-05 7.83664e-05 0.000107926 0.00014823 0.000202305 0.000273915 0.000367653 0.000489034 0.000644572 0.000841845 0.00108953 0.00139741 0.0017763 0.002238 0.00279509 0.00346072 0.00424833 0.0051713 0.0062425 0.00747388 0.00887592 0.0104572 0.0122237 0.0141786 0.0163215 0.0186484 0.021151 0.0238171 0.0266298 0.0295682 0.0326076 0.0357191 0.0388711 0.0420292 0.0451568 0.0482163 0.0511694 0.0539783 0.056606 0.0590173 0.0611795 0.063063 0.0646417 0.0658937 0.0668017 0.0673528 0.0675396 0.0673593 0.0668147 0.0659134 0.0646681 0.0630964 0.0612202 0.0590654 0.0566619 0.0540421 0.0512414 0.0482964 0.0452451 0.0421256 0.0389753 0.0358306 0.0327257 0.0296922 0.0267586 0.0239496 0.0212861 0.0187846 0.0164574 0.0143129 0.012355 0.0105842 0.00899755 0.00758909 0.00635049 0.00527144 0.0043402 0.0035441 0.00286995 0.00230448 0.0018347 0.00144815 0.00113315 0.000878918 0.000675736 0.000514939 0.000388941 0.000291203 0.000216172 0.000159201 0.000116469 8.4883e-05 6.19951e-05 4.59182e-05 3.52557e-05 2.90525e-05 
3.5159e-05 3.69389e-05 4.36897e-05 5.60827e-05 7.52789e-05 0.000102994 0.00014157 0.000194067 0.00026436 0.000357254 0.000478598 0.000635383 0.000835847 0.00108953 0.00140732 0.00180143 0.00228531 0.00287356 0.00358165 0.00442568 0.00542196 0.00658661 0.00793501 0.00948122 0.0112374 0.0132132 0.0154151 0.0178458 0.0205039 0.0233832 0.0264727 0.0297562 0.0332125 0.0368153 0.0405336 0.0443324 0.0481727 0.0520129 0.0558091 0.0595162 0.0630885 0.0664811 0.0696504 0.0725549 0.0751564 0.0774201 0.0793158 0.080818 0.0819064 0.0825664 0.0827891 0.0825715 0.0819167 0.0808337 0.0793372 0.0774476 0.0751903 0.0725958 0.0696987 0.0665373 0.0631531 0.0595896 0.0558916 0.0521046 0.0482736 0.0444421 0.0406518 0.0369412 0.0333453 0.0298947 0.0266156 0.023529 0.020651 0.0179927 0.0155602 0.0133549 0.0113743 0.00961196 0.00805852 0.00670202 0.0055286 0.00452312 0.00366971 0.00295225 0.00235485 0.00186219 0.00145982 0.00113439 0.000873741 0.00066703 0.000504721 0.000378561 0.000281519 0.000207695 0.000152219 0.000111144 8.13337e-05 6.03681e-05 4.64524e-05 3.83578e-05 
4.60811e-05 4.84231e-05 5.7219e-05 7.33306e-05 9.82444e-05 0.000134153 0.000184044 0.000251806 0.000342359 0.000461779 0.000617437 0.000818123 0.00107415 0.00139741 0.00180143 0.00230131 0.00291361 0.00365621 0.00454793 0.00560825 0.00685677 0.00831267 0.00999406 0.0119173 0.0140963 0.0165415 0.0192597 0.022253 0.025518 0.0290462 0.0328227 0.0368267 0.0410315 0.0454045 0.0499076 0.054498 0.0591291 0.0637506 0.0683105 0.0727552 0.0770311 0.0810854 0.0848673 0.0883286 0.091425 0.0941166 0.0963684 0.0981512 0.0994419 0.100224 0.100486 0.100227 0.0994484 0.0981613 0.0963825 0.0941353 0.091449 0.0883585 0.0849039 0.0811296 0.0770836 0.0728169 0.068382 0.0638324 0.0592214 0.0546009 0.0500209 0.0455277 0.0411639 0.0369671 0.0329698 0.0291986 0.0256739 0.0224105 0.0194171 0.0166969 0.0142478 0.0120635 0.0101334 0.0084439 0.00697897 0.00572074 0.00465029 0.00374828 0.00299549 0.00237328 0.00186397 0.00145113 0.00111976 0.000856405 0.000649185 0.000487787 0.000363392 0.000268577 0.000197195 0.000144252 0.000105769 7.86697e-05 6.06682e-05 5.01983e-05 
5.98664e-05 6.29188e-05 7.42766e-05 9.50354e-05 0.000127082 0.000173192 0.000237139 0.000323828 0.000439438 0.000591584 0.000789475 0.00104405 0.00136809 0.0017763 0.00228531 0.00291361 0.00368139 0.00461029 0.00572301 0.00704283 0.00859304 0.0103962 0.0124734 0.0148432 0.0175213 0.020519 0.0238428 0.0274935 0.0314657 0.035747 0.0403183 0.045153 0.0502179 0.0554727 0.0608715 0.0663627 0.0718904 0.0773952 0.0828158 0.0880896 0.093154 0.0979481 0.102413 0.106494 0.11014 0.113306 0.115952 0.118046 0.11956 0.120476 0.120783 0.120477 0.119561 0.118048 0.115957 0.113313 0.110151 0.106509 0.102434 0.0979754 0.0931893 0.088134 0.0828705 0.0774611 0.0719681 0.0664528 0.0609741 0.0555876 0.0503444 0.0452904 0.0404652 0.035902 0.0316268 0.0276588 0.0240102 0.0206863 0.0176864 0.0150041 0.0126282 0.0105434 0.00873127 0.00717109 0.00584059 0.00471681 0.00377674 0.00299795 0.00235904 0.00183999 0.00142246 0.00108991 0.000827688 0.000623032 0.000464979 0.000344274 0.000253234 0.000185592 0.000136348 0.000101627 7.8544e-05 6.512e-05 
7.70979e-05 8.10392e-05 9.55744e-05 0.000122084 0.000162941 0.000221627 0.000302869 0.000412789 0.000559084 0.00075121 0.00100056 0.00132062 0.00172711 0.002238 0.00287356 0.00365621 0.00461029 0.00576177 0.0071377 0.00876564 0.0106729 0.0128857 0.0154282 0.0183215 0.0215825 0.0252232 0.0292493 0.0336599 0.0384463 0.0435918 0.0490718 0.0548528 0.0608939 0.0671464 0.0735546 0.0800574 0.0865887 0.0930791 0.0994569 0.10565 0.111586 0.117195 0.122412 0.127173 0.131421 0.135105 0.138181 0.140612 0.142369 0.143431 0.143786 0.143429 0.142364 0.140606 0.138173 0.135097 0.131414 0.127169 0.122412 0.117201 0.111598 0.105671 0.0994885 0.0931226 0.0866453 0.080128 0.0736398 0.0672463 0.0610085 0.0549813 0.049213 0.0437443 0.0386082 0.0338291 0.0294235 0.0253998 0.0217591 0.0184957 0.0155977 0.0130485 0.0108272 0.00891005 0.00727116 0.00588358 0.0047201 0.00375399 0.00295958 0.00231274 0.00179127 0.00137503 0.00104612 0.000788878 0.000589812 0.000437489 0.000322385 0.000236715 0.00017425 0.00013015 0.000100807 8.37444e-05 
9.84308e-05 0.000103473 0.00012191 0.000155467 0.000207099 0.000281139 0.000383449 0.000521607 0.000705111 0.000945597 0.00125703 0.0016559 0.00216132 0.00279509 0.00358165 0.00454793 0.00572301 0.0071377 0.00882392 0.0108139 0.0131394 0.0158304 0.0189143 0.0224144 0.0263488 0.0307296 0.0355613 0.0408401 0.0465535 0.0526793 0.0591859 0.0660322 0.073168 0.0805348 0.0880665 0.095691 0.103331 0.110906 0.118334 0.125532 0.132418 0.138914 0.144944 0.150439 0.155336 0.159578 0.163116 0.16591 0.167927 0.169146 0.169551 0.16914 0.167915 0.165893 0.163095 0.159553 0.15531 0.150413 0.144919 0.138892 0.132402 0.125524 0.118336 0.110921 0.103359 0.0957348 0.088127 0.0806126 0.0732634 0.0661448 0.0593149 0.0528233 0.0467107 0.0410084 0.035738 0.0309121 0.0265342 0.0225997 0.0190969 0.0160078 0.0133093 0.0109745 0.00897358 0.00727541 0.00584809 0.0046601 0.00368097 0.00288193 0.00223629 0.00171982 0.00131084 0.000990299 0.000741743 0.000551176 0.000406903 0.000299335 0.000220781 0.00016525 0.000128271 0.000106768 
0.000124588 0.000130979 0.000154162 0.00019627 0.000260955 0.000353556 0.000481282 0.000653428 0.000881613 0.00118002 0.00156563 0.00205839 0.00268136 0.00346072 0.00442568 0.00560825 0.00704283 0.00876564 0.0108139 0.013225 0.0160353 0.0192787 0.0229858 0.0271818 0.031886 0.0371094 0.0428548 0.0491147 0.0558714 0.0630961 0.0707492 0.0787801 0.0871286 0.0957247 0.104491 0.113343 0.122192 0.130945 0.139509 0.14779 0.155697 0.163141 0.17004 0.176318 0.181903 0.186736 0.190762 0.193938 0.19623 0.197613 0.198073 0.197603 0.19621 0.193909 0.190725 0.186691 0.181854 0.176265 0.169986 0.163088 0.155647 0.147747 0.139475 0.130924 0.122185 0.113353 0.104519 0.0957726 0.0871971 0.0788694 0.0708587 0.0632249 0.0560177 0.0492763 0.043029 0.0372933 0.0320763 0.0273754 0.0231792 0.0194691 0.0162198 0.0134012 0.0109797 0.00891953 0.00718374 0.00573556 0.00453919 0.00356061 0.00276813 0.00213279 0.00162859 0.00123259 0.000924889 0.000688511 0.000509219 0.000375307 0.000277361 0.000208032 0.000161826 0.000134959 
0.000156354 0.000164382 0.000193279 0.000245664 0.000326006 0.000440827 0.000598917 0.000811577 0.00109289 0.00146001 0.00193336 0.0025369 0.00329818 0.00424833 0.00542196 0.00685677 0.00859304 0.0106729 0.0131394 0.0160353 0.0194017 0.0232766 0.0276935 0.0326795 0.0382537 0.0444263 0.0511967 0.0585528 0.0664704 0.0749129 0.083831 0.0931637 0.102839 0.112774 0.12288 0.133058 0.143207 0.153222 0.162997 0.172429 0.181416 0.189861 0.197673 0.20477 0.211075 0.216523 0.221057 0.224631 0.227207 0.22876 0.229275 0.228746 0.227178 0.224588 0.221003 0.216457 0.211 0.204688 0.197587 0.189772 0.181329 0.172346 0.162922 0.153158 0.143157 0.133026 0.122868 0.112785 0.102873 0.0932217 0.0839134 0.0750189 0.0665986 0.0587011 0.0513624 0.0446064 0.0384446 0.0328774 0.0278948 0.0234777 0.0195991 0.016226 0.0133208 0.0108429 0.00875003 0.00699974 0.00555038 0.00436211 0.00339764 0.00262269 0.00200636 0.00152126 0.00114357 0.000852838 0.000631907 0.000466604 0.000345509 0.000259685 0.000202435 0.000169148 
0.000194563 0.000204557 0.000240269 0.000304883 0.000403824 0.000544992 0.000739007 0.000999492 0.00134337 0.00179119 0.00236735 0.00310032 0.00402273 0.0051713 0.00658661 0.00831267 0.0103962 0.0128857 0.0158304 0.0192787 0.0232766 0.0278661 0.0330832 0.0389561 0.0455037 0.0527336 0.0606412 0.0692084 0.0784033 0.0881796 0.0984774 0.109223 0.120332 0.131708 0.143247 0.154839 0.166367 0.177714 0.188764 0.1994 0.209513 0.218997 0.227754 0.235695 0.242739 0.248818 0.253871 0.257849 0.260715 0.262441 0.263012 0.262422 0.260677 0.257793 0.253798 0.248729 0.242637 0.235581 0.227632 0.21887 0.209384 0.199273 0.188643 0.177603 0.166269 0.154759 0.143188 0.131673 0.120323 0.109242 0.0985244 0.0882549 0.0785058 0.0693363 0.0607919 0.0529038 0.0456897 0.0391539 0.0332886 0.0280748 0.0234846 0.0194823 0.0160264 0.0130713 0.0105692 0.00847155 0.00673043 0.00529964 0.00413566 0.00319832 0.00245122 0.00186195 0.00140219 0.0010476 0.000777629 0.00057528 0.000426814 0.000321455 0.000251115 0.000210217 
0.000240082 0.000252414 0.000296173 0.000375201 0.000496023 0.000668128 0.000904241 0.00122064 0.00163749 0.00217919 0.00287462 0.00375735 0.00486567 0.0062425 0.00793501 0.00999406 0.0124734 0.0154282 0.0189143 0.0229858 0.0276935 0.0330832 0.0391929 0.0460514 0.0536762 0.0620714 0.071227 0.0811175 0.0917017 0.102922 0.114707 0.126968 0.139607 0.152513 0.165567 0.178645 0.191615 0.20435 0.216719 0.228597 0.239865 0.25041 0.260127 0.268923 0.276714 0.283426 0.289 0.293383 0.296539 0.298438 0.299065 0.298415 0.296492 0.293314 0.288909 0.283315 0.276585 0.268778 0.25997 0.250243 0.239693 0.228423 0.216548 0.204186 0.191464 0.17851 0.165455 0.152425 0.139548 0.126939 0.11471 0.102959 0.0917705 0.0812173 0.0713554 0.0622252 0.0538515 0.0462439 0.0393979 0.0332959 0.0279092 0.0232001 0.0191232 0.0156283 0.0126618 0.0101688 0.00809448 0.00638589 0.00499273 0.00386831 0.00297014 0.00226022 0.00170518 0.00127626 0.000949077 0.000703421 0.000522899 0.000394626 0.000308917 0.00025908 
0.000293792 0.000308875 0.000362047 0.000457898 0.000604217 0.000812301 0.00109727 0.00147841 0.00197955 0.00262942 0.00346191 0.00451625 0.005837 0.00747388 0.00948122 0.0119173 0.0148432 0.0183215 0.0224144 0.0271818 0.0326795 0.0389561 0.0460514 0.0539938 0.0627981 0.0724638 0.0829742 0.0942945 0.106373 0.119139 0.132506 0.146373 0.160625 0.175135 0.189769 0.204387 0.218846 0.233003 0.246718 0.259856 0.272289 0.283898 0.294575 0.304221 0.312751 0.320089 0.326174 0.330955 0.334394 0.336462 0.337144 0.336435 0.334339 0.330873 0.326066 0.319957 0.312596 0.304046 0.294382 0.283691 0.272072 0.259633 0.246495 0.232784 0.218637 0.204194 0.189597 0.174989 0.160508 0.14629 0.132459 0.119128 0.1064 0.0943584 0.0830727 0.0725941 0.0629562 0.0541751 0.0462509 0.0391685 0.0328994 0.0274041 0.0226342 0.0185348 0.0150463 0.0121074 0.0096563 0.00763256 0.00597863 0.00464076 0.00356975 0.00272141 0.00205679 0.00154217 0.00114889 0.000853088 0.000635378 0.000480483 0.000376897 0.000316662 
0.000356558 0.000374849 0.000438922 0.000554222 0.000729963 0.00097949 0.00132061 0.001776 0.00237358 0.00314689 0.00413536 0.00538447 0.00694564 0.00887592 0.0112374 0.0140963 0.0175213 0.0215825 0.0263488 0.031886 0.0382537 0.0455037 0.0536762 0.0627981 0.0728805 0.0839169 0.0958817 0.10873 0.122397 0.136797 0.151831 0.167378 0.183308 0.199478 0.215736 0.23193 0.2479 0.263494 0.27856 0.292954 0.306543 0.319203 0.33082 0.341295 0.350541 0.358484 0.365061 0.370223 0.373933 0.376163 0.376897 0.376131 0.37387 0.37013 0.364938 0.358331 0.350362 0.341091 0.330593 0.318957 0.306283 0.292684 0.278285 0.26322 0.247633 0.231675 0.215502 0.199268 0.183129 0.167234 0.151725 0.136733 0.122375 0.10875 0.0959429 0.0840164 0.0730145 0.062962 0.0538646 0.0457109 0.0384737 0.0321128 0.0265771 0.021807 0.0177377 0.014301 0.0114278 0.0090499 0.0071021 0.00552298 0.00425608 0.00325045 0.002461 0.00184851 0.00137957 0.00102625 0.000765805 0.000580271 0.00045609 0.000383874 
0.000429206 0.000451196 0.000527774 0.00066534 0.000874711 0.00117152 0.00157657 0.0021163 0.00282315 0.00373598 0.00490029 0.00636835 0.00819899 0.0104572 0.0132132 0.0165415 0.020519 0.0252232 0.0307296 0.0371094 0.0444263 0.0527336 0.0620714 0.0724638 0.0839169 0.0964161 0.109926 0.124389 0.139725 0.155836 0.172601 0.189885 0.207539 0.225403 0.24331 0.26109 0.278574 0.295596 0.311995 0.327621 0.342335 0.356009 0.368529 0.379795 0.38972 0.398233 0.405272 0.410791 0.414754 0.417134 0.417918 0.4171 0.414685 0.410689 0.405136 0.398064 0.38952 0.379565 0.368272 0.355729 0.342035 0.327306 0.31167 0.295267 0.278248 0.260774 0.24301 0.225126 0.207293 0.189675 0.172431 0.155711 0.139647 0.124358 0.109942 0.0964776 0.0840199 0.0726039 0.0622429 0.0529304 0.0446419 0.0373372 0.0309632 0.0254566 0.0207471 0.0167598 0.0134182 0.0106462 0.00837033 0.00652112 0.0050343 0.00385163 0.0029213 0.0021981 0.00164337 0.0012247 0.000915614 0.000695151 0.000547466 0.000461575 
0.00051248 0.000538697 0.000629479 0.000792293 0.00103973 0.00138996 0.0018671 0.00250171 0.00333121 0.00440024 0.00576089 0.00747274 0.00960255 0.0122237 0.0154151 0.0192597 0.0238428 0.0292493 0.0355613 0.0428548 0.0511967 0.0606412 0.071227 0.0829742 0.0958817 0.109926 0.125059 0.14121 0.158282 0.176159 0.194703 0.21376 0.233163 0.252733 0.272288 0.291644 0.310619 0.329036 0.346728 0.363538 0.379325 0.393958 0.407325 0.419328 0.429882 0.438917 0.446379 0.452222 0.456413 0.458929 0.459757 0.458893 0.45634 0.452113 0.446234 0.438737 0.429666 0.419079 0.407045 0.393649 0.37899 0.363183 0.346356 0.328655 0.310236 0.291266 0.271923 0.252389 0.232847 0.21348 0.194465 0.175968 0.158142 0.141122 0.125024 0.109942 0.095947 0.0830838 0.0713755 0.0608221 0.051403 0.0430792 0.0357967 0.0294889 0.0240804 0.01949 0.0156337 0.0124272 0.00978857 0.00763983 0.00590846 0.00452836 0.00344054 0.00259329 0.00194221 0.00144999 0.00108605 0.000826147 0.000651894 0.000550541 
0.00060701 0.000638007 0.000744768 0.000935936 0.00122605 0.00163606 0.00219371 0.00293407 0.00389991 0.00514215 0.00671994 0.00870066 0.0111595 0.0141786 0.0178458 0.022253 0.0274935 0.0336599 0.0408401 0.0491147 0.0585528 0.0692084 0.0811175 0.0942945 0.10873 0.124389 0.14121 0.159105 0.177962 0.197643 0.217993 0.238837 0.259989 0.281254 0.302434 0.323329 0.343748 0.363505 0.382427 0.400353 0.41714 0.43266 0.446802 0.459471 0.470588 0.480089 0.487923 0.49405 0.498441 0.501075 0.501943 0.501038 0.498366 0.493938 0.487773 0.479901 0.470362 0.459208 0.446503 0.432328 0.416777 0.399963 0.382015 0.363078 0.343313 0.322894 0.302006 0.280843 0.259604 0.238486 0.217683 0.197382 0.177754 0.158954 0.141117 0.124354 0.108751 0.0943674 0.0812369 0.0693678 0.0587448 0.0493314 0.0410736 0.0339025 0.0277382 0.0224934 0.0180767 0.0143957 0.0113597 0.00888195 0.00688115 0.005283 0.00402077 0.0030358 0.00227753 0.00170331 0.00127812 0.000974094 0.000770093 0.000651423 
0.000713274 0.000749622 0.000874185 0.00109688 0.00143439 0.00191066 0.00255737 0.00341442 0.00453041 0.00596289 0.00777855 0.010053 0.0128702 0.0163215 0.0205039 0.025518 0.0314657 0.0384463 0.0465535 0.0558714 0.0664704 0.0784033 0.0917017 0.106373 0.122397 0.139725 0.158282 0.177962 0.198631 0.220135 0.242294 0.264917 0.287797 0.310722 0.333478 0.355854 0.377648 0.398667 0.418734 0.437688 0.455385 0.471701 0.486529 0.499782 0.511387 0.521286 0.529434 0.535799 0.540356 0.543089 0.543989 0.543053 0.540283 0.535688 0.529285 0.521097 0.511158 0.499514 0.486221 0.471354 0.455002 0.437272 0.418291 0.398202 0.377167 0.355366 0.332991 0.310247 0.287343 0.264495 0.241912 0.219801 0.198353 0.177743 0.158127 0.139634 0.122367 0.106403 0.0917861 0.0785357 0.066643 0.0560758 0.0467811 0.0386886 0.0317148 0.0257666 0.0207456 0.0165512 0.0130841 0.0102482 0.00795333 0.00611656 0.00466302 0.00352662 0.00265021 0.00198545 0.00149249 0.00113958 0.000902588 0.000764709 
0.000831554 0.000873833 0.00101803 0.00127546 0.00166508 0.00221407 0.00295834 0.00394298 0.0052227 0.00686216 0.00893593 0.0115282 0.0147322 0.0186484 0.0233832 0.0290462 0.035747 0.0435918 0.0526793 0.0630961 0.0749129 0.0881796 0.102922 0.119139 0.136797 0.155836 0.176159 0.197643 0.220135 0.243456 0.267409 0.291778 0.316341 0.340868 0.36513 0.388906 0.411984 0.434168 0.455277 0.475152 0.493653 0.510661 0.526076 0.539819 0.551825 0.562047 0.570447 0.576999 0.581686 0.584495 0.585421 0.58446 0.581615 0.576892 0.570302 0.561863 0.551601 0.539552 0.525767 0.510309 0.49326 0.474721 0.454811 0.433672 0.411465 0.388373 0.364591 0.340334 0.315823 0.291287 0.266955 0.243049 0.219783 0.197354 0.175937 0.155682 0.136713 0.119121 0.102966 0.0882796 0.075061 0.0632837 0.0528971 0.0438305 0.0359976 0.0293005 0.0236339 0.0188894 0.0149587 0.0117367 0.00912402 0.00702861 0.00536718 0.00406584 0.00306047 0.00229666 0.00172945 0.0013229 0.00104966 0.000890679 
0.000961903 0.00101069 0.00117634 0.00147164 0.00191799 0.00254605 0.00339617 0.00451892 0.00597551 0.00783798 0.0101892 0.0131221 0.0167394 0.021151 0.0264727 0.0328227 0.0403183 0.0490718 0.0591859 0.0707492 0.083831 0.0984774 0.114707 0.132506 0.151831 0.172601 0.194703 0.217993 0.242294 0.267409 0.293115 0.319179 0.345358 0.371407 0.397085 0.422159 0.446413 0.469646 0.491679 0.512355 0.531541 0.549126 0.565018 0.57915 0.591466 0.601929 0.610513 0.617199 0.621976 0.624838 0.625782 0.624807 0.621912 0.6171 0.610379 0.601757 0.591253 0.578894 0.564718 0.548779 0.531149 0.511919 0.491201 0.46913 0.445866 0.42159 0.396502 0.370821 0.344781 0.318623 0.292592 0.26693 0.24187 0.217632 0.194411 0.172382 0.151687 0.132435 0.114705 0.0985401 0.08395 0.0709155 0.0593898 0.0493031 0.0405673 0.0330802 0.0267304 0.0214018 0.0169775 0.0133432 0.0103901 0.00801703 0.00613183 0.00465254 0.00350774 0.00263663 0.00198882 0.00152398 0.00121132 0.00102937 
0.00110411 0.00115996 0.00134881 0.001685 0.00219253 0.00290569 0.00386953 0.00514036 0.00678615 0.00888661 0.0115331 0.0148277 0.0188825 0.0238171 0.0297562 0.0368267 0.045153 0.0548528 0.0660322 0.0787801 0.0931637 0.109223 0.126968 0.146373 0.167378 0.189885 0.21376 0.238837 0.264917 0.291778 0.319179 0.346864 0.374574 0.402047 0.429031 0.455286 0.480592 0.504746 0.527572 0.54892 0.568663 0.586702 0.602956 0.61737 0.6299 0.640522 0.64922 0.655984 0.660812 0.663704 0.664659 0.663677 0.660757 0.655898 0.649101 0.640368 0.629707 0.617133 0.602674 0.586371 0.568283 0.548489 0.527093 0.504221 0.480028 0.454691 0.428413 0.401417 0.373945 0.346249 0.318591 0.291231 0.264421 0.238404 0.213398 0.189599 0.167171 0.146246 0.126918 0.109245 0.0932493 0.078921 0.0662183 0.0550735 0.0453975 0.0370849 0.0300188 0.024076 0.019131 0.0150605 0.0117463 0.00907791 0.00695414 0.00528471 0.0039906 0.00300437 0.00226996 0.00174237 0.00138724 0.00118054 
0.00125767 0.00132111 0.00153479 0.0019147 0.00248753 0.00329138 0.00437619 0.00580422 0.00765042 0.0100024 0.0129601 0.016635 0.0211485 0.0266298 0.0332125 0.0410315 0.0502179 0.0608939 0.073168 0.0871286 0.102839 0.120332 0.139607 0.160625 0.183308 0.207539 0.233163 0.259989 0.287797 0.316341 0.345358 0.374574 0.40371 0.432493 0.460661 0.487967 0.514189 0.539126 0.562607 0.58449 0.604659 0.623026 0.639525 0.654112 0.666762 0.677459 0.686201 0.692989 0.697829 0.700726 0.701684 0.700704 0.697784 0.692919 0.686102 0.677328 0.666594 0.653903 0.639269 0.62272 0.6043 0.584077 0.562139 0.538605 0.51362 0.487357 0.460018 0.431829 0.403037 0.373907 0.344711 0.315729 0.287233 0.259485 0.23273 0.207185 0.183037 0.160439 0.139504 0.120308 0.102887 0.0872402 0.0733327 0.0611004 0.0504548 0.0412878 0.0334779 0.026895 0.021406 0.0168785 0.013185 0.0102055 0.00782983 0.00595918 0.00450675 0.0033982 0.00257162 0.00197718 0.00157674 0.00134363 
0.00142175 0.00149328 0.00173327 0.00215943 0.00280127 0.00370079 0.00491299 0.00650625 0.00856262 0.0111778 0.0144604 0.0185312 0.023521 0.0295682 0.0368153 0.0454045 0.0554727 0.0671464 0.0805348 0.0957247 0.112774 0.131708 0.152513 0.175135 0.199478 0.225403 0.252733 0.281254 0.310722 0.340868 0.371407 0.402047 0.432493 0.462461 0.491679 0.519898 0.546893 0.57247 0.596465 0.618745 0.639207 0.657777 0.674404 0.689061 0.701734 0.712426 0.721145 0.727905 0.732719 0.735599 0.736553 0.735584 0.732687 0.727854 0.721072 0.712325 0.701599 0.688886 0.674184 0.657505 0.63888 0.618359 0.596019 0.571964 0.54633 0.519284 0.491023 0.461773 0.431787 0.401336 0.370708 0.340196 0.310093 0.280683 0.252231 0.224981 0.199141 0.174888 0.152355 0.131636 0.112782 0.0958039 0.0806748 0.0673357 0.0556993 0.0456563 0.0370812 0.0298381 0.023786 0.0187843 0.014696 0.011392 0.00875306 0.00667158 0.00505291 0.00381571 0.00289202 0.00222705 0.00177876 0.00151776 
0.00159523 0.00167525 0.00194283 0.00241742 0.00313142 0.00413084 0.00547582 0.00724096 0.00951554 0.0124033 0.0160217 0.0205006 0.0259801 0.0326076 0.0405336 0.0499076 0.0608715 0.0735546 0.0880665 0.104491 0.12288 0.143247 0.165567 0.189769 0.215736 0.24331 0.272288 0.302434 0.333478 0.36513 0.397085 0.429031 0.460661 0.491679 0.521807 0.550796 0.578421 0.604495 0.628863 0.651404 0.67203 0.690682 0.707326 0.721952 0.734562 0.745173 0.753807 0.760489 0.765242 0.768084 0.769028 0.768076 0.765225 0.76046 0.753761 0.745104 0.734464 0.721818 0.707148 0.690453 0.671744 0.651056 0.628449 0.604015 0.577876 0.55019 0.521149 0.490978 0.45993 0.428286 0.396342 0.364407 0.332791 0.301799 0.271721 0.242821 0.215336 0.189461 0.165354 0.143126 0.122845 0.104535 0.0881791 0.073724 0.0610851 0.0501526 0.040798 0.0328801 0.0262511 0.020762 0.0162671 0.0126281 0.00971652 0.00741634 0.00562491 0.00425375 0.00322878 0.00249016 0.00199187 0.00170171 
0.00177661 0.00186548 0.00216167 0.00268644 0.00347509 0.00457771 0.00605964 0.00800175 0.0105005 0.0136677 0.0176295 0.0225248 0.0285027 0.0357191 0.0443324 0.054498 0.0663627 0.0800574 0.095691 0.113343 0.133058 0.154839 0.178645 0.204387 0.23193 0.26109 0.291644 0.323329 0.355854 0.388906 0.422159 0.455286 0.487967 0.519898 0.550796 0.58041 0.608523 0.634954 0.659559 0.682232 0.7029 0.721522 0.738081 0.752583 0.76505 0.775511 0.784004 0.790564 0.795225 0.798011 0.798938 0.798011 0.795224 0.790559 0.783989 0.775479 0.764994 0.752495 0.737952 0.721343 0.702663 0.68193 0.659187 0.634509 0.608006 0.579823 0.550146 0.519194 0.487223 0.454517 0.421381 0.388138 0.355115 0.322637 0.291015 0.260538 0.231465 0.204018 0.178374 0.154666 0.132979 0.11335 0.095774 0.0802045 0.066561 0.0547341 0.0445933 0.0359927 0.0287784 0.0227935 0.0178839 0.0139023 0.0107115 0.00818676 0.00621761 0.00470842 0.00357895 0.00276422 0.00221423 0.0018939 
0.00196411 0.00206207 0.00238762 0.00296379 0.00382883 0.00503692 0.00665857 0.00878088 0.0115075 0.0149582 0.0192676 0.0245833 0.0310632 0.0388711 0.0481727 0.0591291 0.0718904 0.0865887 0.103331 0.122192 0.143207 0.166367 0.191615 0.218846 0.2479 0.278574 0.310619 0.343748 0.377648 0.411984 0.446413 0.480592 0.514189 0.546893 0.578421 0.608523 0.636987 0.663643 0.68836 0.711046 0.731645 0.750135 0.766517 0.780815 0.793067 0.803319 0.811622 0.818023 0.822565 0.825278 0.826183 0.825287 0.822581 0.818042 0.811639 0.803326 0.793056 0.780776 0.76644 0.75001 0.731463 0.710797 0.688037 0.663243 0.636507 0.607965 0.577789 0.546197 0.51344 0.479806 0.445608 0.411179 0.376864 0.343004 0.309932 0.277962 0.247376 0.218417 0.191289 0.166143 0.143082 0.12216 0.103383 0.0867118 0.0720715 0.0593543 0.0484284 0.0391442 0.031342 0.0248579 0.0195298 0.0152017 0.0117278 0.00897505 0.00682505 0.00517517 0.00393902 0.00304651 0.00244363 0.00209244 
0.00215564 0.00226285 0.00261815 0.00324639 0.0041887 0.00550333 0.00726591 0.0095697 0.0125254 0.0162605 0.0209178 0.0266534 0.0336333 0.0420292 0.0520129 0.0637506 0.0773952 0.0930791 0.110906 0.130945 0.153222 0.177714 0.20435 0.233003 0.263494 0.295596 0.329036 0.363505 0.398667 0.434168 0.469646 0.504746 0.539126 0.57247 0.604495 0.634954 0.663643 0.690403 0.715117 0.737709 0.758143 0.776413 0.79254 0.806565 0.818544 0.828538 0.836611 0.842822 0.847223 0.849851 0.85073 0.849868 0.847255 0.842866 0.83666 0.828585 0.818578 0.806577 0.792519 0.776346 0.75802 0.737519 0.71485 0.690054 0.663208 0.634432 0.603891 0.571791 0.538382 0.503953 0.468823 0.433334 0.397844 0.362715 0.328297 0.294928 0.262912 0.232518 0.203969 0.17744 0.153052 0.130875 0.110926 0.0931768 0.0775577 0.0639635 0.0522618 0.0423002 0.0339139 0.0269327 0.0211868 0.016512 0.0127543 0.00977247 0.00744049 0.0056488 0.00430498 0.00333389 0.00267752 0.00229511 
