0.000259947 0.000264727 0.000281578 0.000310958 0.000353575 0.000410417 0.000482752 0.000572111 0.000680277 0.000809269 0.00096132 0.00113885 0.00134442 0.00158073 0.00185052 0.00215658 0.00250161 0.00288827 0.00331899 0.00379598 0.00432113 0.00489592 0.00552139 0.00619798 0.00692556 0.0077033 0.00852964 0.00940227 0.010318 0.011273 0.0122624 0.0132807 0.0143215 0.0153777 0.0164417 0.0175053 0.0185596 0.0195957 0.0206042 0.0215757 0.0225009 0.0233707 0.0241762 0.0249091 0.0255617 0.026127 0.0265989 0.0269723 0.027243 0.027408 0.0274655 0.0274149 0.0272567 0.0269928 0.0266261 0.0261608 0.0256018 0.0249553 0.0242282 0.0234283 0.0225638 0.0216435 0.0206765 0.0196721 0.0186396 0.0175884 0.0165275 0.0154656 0.014411 0.0133712 0.0123535 0.011364 0.0104085 0.00949164 0.00861745 0.00778908 0.0070089 0.00627849 0.00559873 0.00496981 0.00439131 0.00386226 0.00338122 0.00294637 0.00255553 0.00220629 0.00189608 0.0016222 0.0013819 0.00117246 0.000991214 0.000835595 0.000703196 0.000591785 0.000499338 0.00042406 0.000364407 0.000319093 0.000287107 0.000267752 
0.000264727 0.000269605 0.000286782 0.000316724 0.000360152 0.000418073 0.000491776 0.000582822 0.000693026 0.000824444 0.000979345 0.00116019 0.0013696 0.0016103 0.00188509 0.00219678 0.00254816 0.00294188 0.00338044 0.00386608 0.0044007 0.0049858 0.00562242 0.00631102 0.00705143 0.0078428 0.00868356 0.0095713 0.0105028 0.0114742 0.0124804 0.0135159 0.0145742 0.0156481 0.0167298 0.0178109 0.0188826 0.0199355 0.0209604 0.0219477 0.0228878 0.0237715 0.0245898 0.0253344 0.0259974 0.0265716 0.0270509 0.0274301 0.027705 0.0278725 0.0279309 0.0278794 0.0277187 0.0274506 0.0270781 0.0266053 0.0260374 0.0253805 0.0246419 0.0238291 0.0229506 0.0220155 0.0210327 0.020012 0.0189626 0.0178942 0.0168157 0.0157362 0.0146639 0.0136067 0.0125717 0.0115655 0.0105937 0.00966107 0.00877179 0.00792905 0.00713525 0.00639203 0.00570028 0.00506021 0.0044714 0.00393288 0.00344319 0.00300048 0.00260255 0.00224696 0.00193108 0.00165218 0.00140746 0.00119416 0.00100956 0.00085106 0.000716205 0.000602723 0.000508556 0.000431878 0.000371114 0.000324958 0.000292379 0.000272668 
0.000281578 0.000286782 0.000305035 0.000336827 0.00038292 0.000444377 0.000522555 0.000619099 0.000735919 0.000875177 0.00103926 0.00123076 0.00145242 0.00170709 0.00199772 0.00232725 0.00269858 0.00311448 0.00357755 0.0040901 0.00465411 0.00527113 0.00594218 0.00666771 0.00744752 0.00828065 0.0091654 0.0100992 0.0110787 0.0120996 0.0131569 0.0142444 0.0153555 0.0164826 0.0176175 0.0187514 0.019875 0.0209787 0.0220527 0.0230869 0.0240715 0.0249969 0.0258536 0.0266329 0.0273266 0.0279274 0.0284288 0.0288254 0.0291128 0.0292879 0.0293487 0.0292947 0.0291264 0.0288457 0.0284557 0.0279608 0.0273663 0.0266787 0.0259053 0.0250542 0.0241342 0.0231545 0.0221249 0.0210551 0.0199551 0.0188348 0.0177036 0.016571 0.0154457 0.0143358 0.0132489 0.0121918 0.0111705 0.01019 0.00925479 0.00836814 0.00753266 0.00675012 0.00602148 0.00534701 0.00472631 0.0041584 0.00364178 0.00317454 0.00275439 0.0023788 0.00204503 0.00175022 0.00149145 0.00126581 0.00107047 0.000902693 0.0007599 0.000639705 0.000539943 0.000458691 0.000394294 0.000345374 0.000310847 0.000289967 
0.000310958 0.000316724 0.000336827 0.000371803 0.000422478 0.000490008 0.000575867 0.00068184 0.000809997 0.000962681 0.00114248 0.00135217 0.00159474 0.00187325 0.00219087 0.00255075 0.00295599 0.00340957 0.00391423 0.00447243 0.00508625 0.00575727 0.00648656 0.00727451 0.00812083 0.00902441 0.00998333 0.0109948 0.012055 0.0131594 0.0143024 0.0154774 0.0166771 0.0178935 0.0191176 0.02034 0.0215508 0.0227395 0.0238956 0.0250085 0.0260676 0.0270625 0.0279833 0.0288207 0.0295659 0.030211 0.0307493 0.0311749 0.0314833 0.031671 0.031736 0.0316777 0.0314967 0.0311949 0.0307759 0.030244 0.0296051 0.028866 0.0280345 0.0271193 0.0261297 0.0250757 0.0239675 0.0228156 0.0216308 0.0204235 0.019204 0.0179824 0.016768 0.0155696 0.0143955 0.0132528 0.0121482 0.0110873 0.0100745 0.00911388 0.00820809 0.00735915 0.00656818 0.00583555 0.00516088 0.00454318 0.00398091 0.00347203 0.00301416 0.00260457 0.00224035 0.00191844 0.00163571 0.00138903 0.00117534 0.000991703 0.000835326 0.000703632 0.000594277 0.000505179 0.000434544 0.000380878 0.000343005 0.000320114 
0.000353575 0.000360152 0.00038292 0.000422478 0.000479745 0.000556009 0.000652911 0.000772429 0.000916865 0.00108881 0.00129114 0.00152692 0.00179942 0.00211205 0.00246826 0.00287151 0.0033252 0.00383254 0.00439651 0.00501977 0.0057045 0.0064524 0.00726451 0.00814118 0.00908196 0.0100855 0.0111497 0.0122712 0.0134459 0.0146684 0.0159327 0.0172315 0.0185566 0.0198992 0.0212493 0.0225967 0.0239303 0.0252389 0.0265109 0.0277347 0.0288987 0.0299917 0.0310028 0.0319219 0.0327395 0.0334471 0.0340373 0.0345038 0.0348415 0.035047 0.0351179 0.0350535 0.0348546 0.0345233 0.0340632 0.0334794 0.0327779 0.0319663 0.0310531 0.0300476 0.02896 0.0278011 0.0265821 0.0253146 0.02401 0.02268 0.0213358 0.0199884 0.0186481 0.0173247 0.0160271 0.0147634 0.0135409 0.0123658 0.0112433 0.0101776 0.00917204 0.0082288 0.00734926 0.0065339 0.00578244 0.00509385 0.00446653 0.00389831 0.0033866 0.00292848 0.00252076 0.00216011 0.00184309 0.00156629 0.00132632 0.00111994 0.000944081 0.000795884 0.000672755 0.000572386 0.000492786 0.000432297 0.000389612 0.00036383 
0.000410417 0.000418073 0.000444377 0.000490008 0.000556009 0.00064384 0.000755356 0.000892795 0.00105876 0.00125616 0.00148823 0.00175843 0.00207043 0.00242801 0.00283505 0.00329539 0.00381279 0.00439079 0.00503267 0.0057413 0.00651906 0.0073677 0.00828828 0.00928107 0.0103454 0.0114797 0.0126813 0.0139465 0.0152704 0.0166471 0.0180695 0.0195294 0.0210177 0.0225244 0.0240384 0.0255481 0.0270414 0.0285056 0.029928 0.0312956 0.0325957 0.0338157 0.0349439 0.0359688 0.0368802 0.0376687 0.038326 0.0388454 0.0392212 0.0394496 0.0395281 0.0394559 0.0392338 0.0388642 0.0383511 0.0376999 0.0369174 0.036012 0.0349928 0.0338703 0.0326556 0.0313608 0.0299981 0.0285804 0.0271204 0.025631 0.0241248 0.0226138 0.0211098 0.0196235 0.0181652 0.0167438 0.0153675 0.0140435 0.0127777 0.0115749 0.0104389 0.0093723 0.00837685 0.00745317 0.00660107 0.00581954 0.00510685 0.0044607 0.00387826 0.00335632 0.00289137 0.00247971 0.00211753 0.00180101 0.00152637 0.00128998 0.00108839 0.000918385 0.000777044 0.000661767 0.000570305 0.000500786 0.000451732 0.000422126 
0.000482752 0.000491776 0.000522555 0.000575867 0.000652911 0.000755356 0.000885328 0.00104539 0.0012385 0.001468 0.00173755 0.00205108 0.00241276 0.00282687 0.00329776 0.00382976 0.00442707 0.00509364 0.0058331 0.00664858 0.00754265 0.00851718 0.00957322 0.0107109 0.0119293 0.0132264 0.0145992 0.0160431 0.0175526 0.0191207 0.0207393 0.0223992 0.0240898 0.0257997 0.0275166 0.0292273 0.0309181 0.0325747 0.0341829 0.0357281 0.037196 0.0385729 0.0398454 0.0410009 0.0420278 0.0429159 0.043656 0.0442405 0.0446632 0.0449198 0.0450076 0.0449258 0.0446751 0.0442583 0.0436798 0.0429456 0.0420634 0.0410421 0.0398923 0.0386255 0.037254 0.0357913 0.0342512 0.0326479 0.0309957 0.0293092 0.0276024 0.025889 0.024182 0.0224939 0.0208361 0.0192189 0.0176517 0.0161426 0.0146985 0.013325 0.0120265 0.0108062 0.00966613 0.00860723 0.0076294 0.00673165 0.00591217 0.00516844 0.00449737 0.0038954 0.00335864 0.00288293 0.002464 0.00209753 0.00177926 0.00150508 0.00127107 0.00107358 0.000909266 0.000775177 0.000668742 0.00058782 0.000530724 0.00049629 
0.000572111 0.000582822 0.000619099 0.00068184 0.000772429 0.000892795 0.00104539 0.00123315 0.0014595 0.00172825 0.00204362 0.00241009 0.0028324 0.00331544 0.00386414 0.00448339 0.00517792 0.00595215 0.00681011 0.00775525 0.00879036 0.00991739 0.0111374 0.0124503 0.0138548 0.0153486 0.0169278 0.0185871 0.0203201 0.0221186 0.0239733 0.0258734 0.0278069 0.0297608 0.0317209 0.0336724 0.0355996 0.0374865 0.0393168 0.0410743 0.042743 0.0443071 0.0457518 0.047063 0.0482279 0.0492348 0.0500735 0.0507355 0.0512141 0.0515043 0.0516033 0.0515099 0.0512251 0.0507521 0.0500956 0.0492624 0.0482611 0.0471018 0.0457961 0.0443569 0.0427981 0.0411348 0.0393825 0.0375572 0.0356751 0.0337525 0.0318053 0.0298491 0.0278987 0.0259682 0.0240707 0.0222181 0.0204211 0.0186891 0.0170301 0.0154506 0.013956 0.0125499 0.011235 0.0100125 0.00888235 0.00784373 0.00689468 0.00603248 0.00525371 0.00455443 0.00393026 0.00337654 0.00288842 0.00246103 0.00208951 0.00176916 0.00149552 0.00126439 0.00107197 0.00091485 0.000790073 0.000695181 0.000628231 0.000587882 
0.000680277 0.000693026 0.000735919 0.000809997 0.000916865 0.00105876 0.0012385 0.0014595 0.00172569 0.00204147 0.00241166 0.00284144 0.00333621 0.00390155 0.00454308 0.00526632 0.00607662 0.00697893 0.00797774 0.00907685 0.0102793 0.0115871 0.0130012 0.0145214 0.016146 0.017872 0.0196947 0.021608 0.0236042 0.0256738 0.0278059 0.0299882 0.0322069 0.0344468 0.036692 0.0389254 0.0411293 0.0432854 0.0453754 0.0473808 0.0492836 0.0510661 0.0527116 0.0542044 0.0555298 0.056675 0.0576285 0.0583808 0.0589244 0.0592537 0.0593655 0.0592587 0.0589343 0.0583957 0.0576485 0.0567 0.05556 0.0542398 0.0527523 0.0511121 0.0493349 0.0474375 0.0454373 0.0433526 0.0412016 0.0390027 0.036774 0.0345333 0.0322974 0.0300824 0.0279034 0.0257739 0.0237065 0.021712 0.0197997 0.0179773 0.016251 0.0146255 0.0131037 0.0116874 0.0103769 0.00917115 0.00806829 0.00706531 0.00615847 0.00534335 0.00461505 0.0039683 0.00339763 0.00289746 0.00246229 0.00208672 0.00176563 0.00149423 0.00126812 0.00108337 0.000936594 0.000824939 0.000746162 0.000698718 
0.000809269 0.000824444 0.000875177 0.000962681 0.00108881 0.00125616 0.001468 0.00172825 0.00204147 0.00241271 0.00284753 0.00335184 0.00393185 0.00459392 0.00534444 0.00618967 0.00713564 0.0081879 0.00935145 0.0106305 0.0120282 0.0135468 0.0151871 0.0169485 0.0188289 0.0208245 0.0229298 0.0251375 0.0274384 0.0298216 0.0322744 0.0347825 0.0373301 0.0398998 0.0424732 0.045031 0.0475528 0.0500182 0.0524062 0.054696 0.0568672 0.0589 0.0607754 0.0624759 0.0639851 0.0652884 0.0663731 0.0672286 0.0678464 0.0682204 0.0683468 0.0682246 0.0678548 0.0672414 0.0663903 0.0653101 0.0640114 0.062507 0.0608115 0.0589411 0.0569135 0.0547476 0.0524631 0.0500806 0.0476206 0.045104 0.0425515 0.039983 0.037418 0.0348749 0.0323708 0.0299215 0.0275413 0.0252428 0.0230369 0.0209327 0.0189375 0.0170568 0.0152944 0.0136524 0.0121315 0.0107308 0.00944829 0.00828073 0.00722399 0.00627318 0.00542278 0.00466686 0.0039992 0.00341348 0.0029034 0.0024628 0.00208581 0.0017669 0.00150103 0.00128367 0.0011109 0.000979431 0.00088668 0.000830854 
0.00096132 0.000979345 0.00103926 0.00114248 0.00129114 0.00148823 0.00173755 0.00204362 0.00241166 0.00284753 0.00335757 0.00394858 0.00462763 0.00540199 0.0062789 0.00726545 0.00836842 0.00959404 0.0109478 0.0124344 0.0140572 0.0158184 0.0177187 0.0197572 0.0219311 0.0242358 0.0266646 0.0292089 0.0318579 0.034599 0.0374173 0.0402965 0.0432182 0.0461627 0.0491088 0.0520346 0.0549169 0.0577325 0.0604578 0.0630691 0.0655436 0.0678589 0.0699939 0.0719286 0.0736448 0.0751263 0.0763588 0.0773305 0.0780318 0.078456 0.078599 0.0784593 0.0780385 0.0773406 0.0763726 0.0751438 0.0736663 0.0719542 0.070024 0.0678937 0.0655834 0.0631141 0.0605081 0.0577884 0.0549785 0.0521018 0.0491818 0.0462412 0.0433022 0.0403856 0.0375113 0.0346973 0.0319602 0.0293145 0.0267729 0.0243461 0.0220426 0.0198692 0.0178305 0.0159291 0.0141661 0.0125408 0.0110511 0.00969353 0.00846358 0.00735579 0.00636401 0.00548155 0.00470138 0.00401631 0.00341917 0.00290292 0.00246083 0.00208657 0.00177434 0.00151894 0.00131583 0.00116124 0.00105217 0.000986559 
0.00113885 0.00116019 0.00123076 0.00135217 0.00152692 0.00175843 0.00205108 0.00241009 0.00284144 0.00335184 0.00394858 0.0046394 0.00543238 0.00633575 0.00735773 0.00850632 0.00978911 0.0112131 0.0127842 0.0145077 0.0163871 0.0184246 0.0206207 0.022974 0.025481 0.028136 0.030931 0.033856 0.0368983 0.0400431 0.0432735 0.0465705 0.0499129 0.0532784 0.0566429 0.0599812 0.0632673 0.0664748 0.0695771 0.0725477 0.0753607 0.0779912 0.0804154 0.0826111 0.0845579 0.0862377 0.0876346 0.0887354 0.0895296 0.0900096 0.0901708 0.0900118 0.0895341 0.0887423 0.0876442 0.0862501 0.0845735 0.0826301 0.0804383 0.0780183 0.0753924 0.0725843 0.0696191 0.0665224 0.0633208 0.0600407 0.0567086 0.0533504 0.0499911 0.0466546 0.0433634 0.0401384 0.0369985 0.0339606 0.0310394 0.0282473 0.0255946 0.023089 0.0207363 0.01854 0.0165013 0.01462 0.0128939 0.0113193 0.00989121 0.00860372 0.00744991 0.00642228 0.00551289 0.00471362 0.0040163 0.00341293 0.00289582 0.00245772 0.00209198 0.00179263 0.00155446 0.00137314 0.00124521 0.00116829 
0.00134442 0.0013696 0.00145242 0.00159474 0.00179942 0.00207043 0.00241276 0.0028324 0.00333621 0.00393185 0.00462763 0.00543238 0.00635525 0.00740556 0.00859259 0.00992532 0.0114122 0.013061 0.0148784 0.0168698 0.0190391 0.0213884 0.0239178 0.0266254 0.0295068 0.0325551 0.035761 0.0391123 0.0425946 0.0461906 0.0498808 0.0536433 0.0574543 0.061288 0.0651172 0.0689133 0.0726471 0.0762886 0.0798081 0.0831758 0.0863627 0.089341 0.0920842 0.0945675 0.0967683 0.0986664 0.100244 0.101487 0.102383 0.102925 0.103106 0.102926 0.102385 0.10149 0.100249 0.0986727 0.0967768 0.0945785 0.0920983 0.0893587 0.0863845 0.0832022 0.0798397 0.0763258 0.0726903 0.068963 0.0651735 0.0613512 0.0575245 0.0537204 0.0499646 0.0462809 0.0426909 0.0392142 0.0358678 0.0326662 0.0296213 0.0267424 0.0240364 0.0215077 0.0191581 0.0169876 0.0149941 0.0131738 0.0115212 0.0100299 0.008692 0.00749929 0.00644282 0.00551341 0.00470184 0.003999 0.00339615 0.00288504 0.00245806 0.00210838 0.00183006 0.00161809 0.00146854 0.00137867 
0.00158073 0.0016103 0.00170709 0.00187325 0.00211205 0.00242801 0.00282687 0.00331544 0.00390155 0.00459392 0.00540199 0.00633575 0.00740556 0.00862193 0.00999525 0.0115356 0.0132523 0.015154 0.017248 0.01954 0.0220341 0.0247322 0.0276343 0.0307374 0.0340362 0.0375224 0.0411849 0.0450097 0.0489799 0.0530756 0.0572744 0.0615514 0.0658794 0.0702291 0.0745698 0.0788693 0.0830947 0.0872125 0.0911892 0.0949917 0.0985877 0.101946 0.105038 0.107835 0.110313 0.112449 0.114224 0.115621 0.116629 0.117237 0.11744 0.117236 0.116628 0.11562 0.114222 0.112448 0.110313 0.107837 0.105042 0.101953 0.0985977 0.0950059 0.0912082 0.0872371 0.0831254 0.0789067 0.0746143 0.0702812 0.0659392 0.061619 0.0573499 0.0531587 0.0490703 0.045107 0.0412884 0.0376315 0.03415 0.030855 0.0277547 0.0248545 0.0221571 0.0196627 0.0173693 0.0152731 0.0133681 0.0116472 0.0101019 0.00872295 0.00750036 0.00642382 0.00548293 0.00466741 0.00396735 0.00337338 0.00287685 0.00246998 0.00214598 0.00189916 0.00172501 0.00162041 
0.00185052 0.00188509 0.00199772 0.00219087 0.00246826 0.00283505 0.00329776 0.00386414 0.00454308 0.00534444 0.0062789 0.00735773 0.00859259 0.00999525 0.0115773 0.01335 0.0153237 0.0175078 0.0199101 0.0225368 0.0253922 0.0284779 0.0317931 0.0353344 0.0390948 0.0430648 0.0472311 0.0515775 0.0560844 0.0607291 0.0654861 0.0703268 0.0752205 0.0801342 0.0850332 0.0898816 0.0946423 0.099278 0.103752 0.108026 0.112066 0.115836 0.119305 0.122441 0.125219 0.127612 0.129599 0.131164 0.132291 0.132971 0.133198 0.132969 0.132287 0.131158 0.129591 0.127603 0.125209 0.122432 0.119296 0.11583 0.112062 0.108026 0.103756 0.0992876 0.094658 0.0899042 0.0850634 0.0801724 0.0752672 0.0703823 0.0655506 0.0608025 0.0561665 0.0516679 0.0473292 0.0431699 0.0392062 0.035451 0.031914 0.0286018 0.0255181 0.0226635 0.0200364 0.0176325 0.0154458 0.0134684 0.0116911 0.0101035 0.00869467 0.00745296 0.00636675 0.00542447 0.00461496 0.00392762 0.00335265 0.00288124 0.00250568 0.00221949 0.00201756 0.00189632 
0.00215658 0.00219678 0.00232725 0.00255075 0.00287151 0.00329539 0.00382976 0.00448339 0.00526632 0.00618967 0.00726545 0.00850632 0.00992532 0.0115356 0.01335 0.015381 0.01764 0.0201371 0.0228809 0.0258778 0.0291321 0.0326451 0.0364155 0.0404385 0.044706 0.0492064 0.0539245 0.0588412 0.0639342 0.0691776 0.0745422 0.0799958 0.0855038 0.0910291 0.0965328 0.101975 0.107314 0.112508 0.117517 0.1223 0.126816 0.131029 0.134902 0.138403 0.141501 0.14417 0.146385 0.148128 0.149384 0.150141 0.150392 0.150137 0.149376 0.148116 0.14637 0.144152 0.141481 0.138382 0.134881 0.131008 0.126797 0.122283 0.117504 0.1125 0.107312 0.10198 0.0965458 0.0910508 0.0855348 0.0800365 0.0745929 0.0692386 0.0640053 0.0589221 0.0540147 0.0493053 0.0448128 0.0405522 0.036535 0.0327692 0.0292595 0.0260073 0.0230111 0.0202668 0.0177678 0.0155058 0.0134706 0.011651 0.0100346 0.00860873 0.0073603 0.0062764 0.00534447 0.0045526 0.00388976 0.00334599 0.00291258 0.00258223 0.0023491 0.0022092 
0.00250161 0.00254816 0.00269858 0.00295599 0.0033252 0.00381279 0.00442707 0.00517792 0.00607662 0.00713564 0.00836842 0.00978911 0.0114122 0.0132523 0.0153237 0.01764 0.0202136 0.0230556 0.026175 0.0295785 0.0332704 0.0372515 0.0415197 0.0460689 0.0508894 0.0559675 0.0612855 0.0668215 0.07255 0.0784414 0.0844628 0.0905781 0.0967481 0.102932 0.109085 0.115164 0.121123 0.126916 0.132497 0.137822 0.142847 0.147532 0.151836 0.155724 0.159163 0.162124 0.164581 0.166514 0.167905 0.168744 0.169022 0.168737 0.167893 0.166496 0.164558 0.162096 0.159131 0.155689 0.151799 0.147494 0.14281 0.137787 0.132465 0.126888 0.121101 0.115149 0.109078 0.102934 0.0967603 0.0906009 0.0844969 0.078487 0.0726071 0.0668901 0.0613652 0.0560577 0.0509893 0.0461775 0.0416359 0.037374 0.0333978 0.0297095 0.026308 0.0231892 0.0203463 0.0177705 0.0154507 0.0133745 0.0115285 0.00989861 0.00847026 0.0072291 0.00616111 0.00525297 0.00449231 0.00386793 0.00337006 0.00299044 0.00272254 0.00256183 
0.00288827 0.00294188 0.00311448 0.00340957 0.00383254 0.00439079 0.00509364 0.00595215 0.00697893 0.0081879 0.00959404 0.0112131 0.013061 0.015154 0.0175078 0.0201371 0.0230556 0.026275 0.0298049 0.0336523 0.037821 0.0423116 0.0471207 0.0522408 0.0576604 0.0633634 0.0693293 0.0755331 0.0819458 0.0885339 0.0952603 0.102085 0.108963 0.11585 0.122697 0.129454 0.136073 0.142501 0.148689 0.154589 0.160153 0.165336 0.170095 0.174392 0.178191 0.18146 0.184171 0.186303 0.187838 0.188762 0.189068 0.188753 0.187821 0.186278 0.184139 0.18142 0.178146 0.174342 0.170042 0.16528 0.160097 0.154533 0.148636 0.142451 0.136028 0.129416 0.122667 0.11583 0.108953 0.102087 0.0952746 0.088561 0.0819861 0.0755866 0.0693956 0.0634421 0.0577508 0.0523419 0.0472313 0.0424305 0.0379467 0.0337831 0.0299393 0.0264113 0.0231922 0.0202725 0.0176404 0.0152825 0.013184 0.0113294 0.00970274 0.00828806 0.0070698 0.00603312 0.00516421 0.00445059 0.00388128 0.00344707 0.00314062 0.00295686 
0.00331899 0.00338044 0.00357755 0.00391423 0.00439651 0.00503267 0.0058331 0.00681011 0.00797774 0.00935145 0.0109478 0.0127842 0.0148784 0.017248 0.0199101 0.0228809 0.026175 0.0298049 0.0337807 0.0381094 0.0427947 0.0478361 0.0532292 0.0589648 0.0650292 0.0714038 0.0780648 0.084984 0.0921283 0.0994603 0.106938 0.114517 0.122148 0.129781 0.137363 0.144838 0.152152 0.159251 0.166079 0.172583 0.178713 0.184419 0.189655 0.194379 0.198554 0.202145 0.205122 0.207463 0.209146 0.21016 0.210495 0.210149 0.209124 0.20743 0.20508 0.202094 0.198495 0.194313 0.189583 0.184343 0.178635 0.172505 0.166001 0.159176 0.152082 0.144774 0.137307 0.129736 0.122114 0.114495 0.10693 0.0994659 0.0921486 0.0850192 0.0781148 0.0714682 0.0651074 0.0590559 0.0533319 0.0479491 0.0429165 0.0382383 0.0339149 0.0299426 0.0263144 0.0230203 0.0200477 0.0173821 0.0150076 0.0129071 0.0110632 0.00945815 0.0080749 0.00689697 0.00590902 0.00509717 0.00444921 0.00395485 0.00360592 0.00339676 
0.00379598 0.00386608 0.0040901 0.00447243 0.00501977 0.0057413 0.00664858 0.00775525 0.00907685 0.0106305 0.0124344 0.0145077 0.0168698 0.01954 0.0225368 0.0258778 0.0295785 0.0336523 0.0381094 0.042957 0.0481982 0.0538316 0.0598513 0.0662462 0.0730002 0.0800917 0.0874938 0.0951743 0.103096 0.111217 0.119491 0.127867 0.136293 0.144711 0.153065 0.161294 0.169339 0.177139 0.184635 0.19177 0.198489 0.20474 0.210472 0.215641 0.220205 0.22413 0.227383 0.229939 0.231777 0.232883 0.233248 0.232869 0.23175 0.229899 0.227331 0.224066 0.220132 0.215558 0.210381 0.204643 0.198389 0.191668 0.184532 0.177037 0.169241 0.161203 0.152982 0.144638 0.136231 0.127818 0.119456 0.111198 0.103093 0.095188 0.0875243 0.0801388 0.0730633 0.0663244 0.0599434 0.0539364 0.0483139 0.043082 0.0382417 0.0337898 0.0297194 0.02602 0.0226784 0.019679 0.0170045 0.0146366 0.012556 0.0107435 0.00918017 0.00784793 0.00672983 0.0058105 0.00507643 0.00451621 0.00412075 0.00388378 
0.00432113 0.0044007 0.00465411 0.00508625 0.0057045 0.00651906 0.00754265 0.00879036 0.0102793 0.0120282 0.0140572 0.0163871 0.0190391 0.0220341 0.0253922 0.0291321 0.0332704 0.037821 0.0427947 0.0481982 0.0540339 0.0602996 0.0669874 0.0740842 0.0815711 0.0894233 0.0976102 0.106096 0.114838 0.12379 0.1329 0.142114 0.151372 0.160614 0.169774 0.178789 0.187593 0.196122 0.204312 0.212101 0.21943 0.226242 0.232486 0.238113 0.243079 0.247347 0.250883 0.25366 0.255657 0.256858 0.257254 0.256842 0.255625 0.253613 0.250821 0.247271 0.24299 0.238012 0.232375 0.226124 0.219305 0.211972 0.204181 0.195992 0.187466 0.178667 0.16966 0.160509 0.15128 0.142035 0.132837 0.123743 0.114808 0.106085 0.0976182 0.08945 0.0816161 0.0741467 0.0670663 0.0603935 0.0541413 0.0483171 0.042923 0.0379567 0.0334112 0.0292758 0.0255366 0.0221771 0.0191787 0.0165214 0.0141846 0.0121472 0.0103885 0.00888869 0.00762913 0.00659291 0.00576512 0.00513318 0.00468705 0.0044198 
0.00489592 0.0049858 0.00527113 0.00575727 0.0064524 0.0073677 0.00851718 0.00991739 0.0115871 0.0135468 0.0158184 0.0184246 0.0213884 0.0247322 0.0284779 0.0326451 0.0372515 0.0423116 0.0478361 0.0538316 0.0602996 0.0672363 0.0746322 0.0824715 0.0907325 0.0993867 0.1084 0.11773 0.127333 0.137155 0.14714 0.157227 0.167352 0.177447 0.187444 0.197273 0.206862 0.216143 0.225047 0.233508 0.241463 0.248852 0.25562 0.261715 0.267092 0.27171 0.275534 0.278537 0.280695 0.281993 0.28242 0.281974 0.280658 0.278482 0.275461 0.27162 0.266987 0.261596 0.255489 0.248711 0.241314 0.233353 0.224888 0.215983 0.206704 0.197119 0.187297 0.17731 0.167226 0.157116 0.147045 0.137077 0.127274 0.117692 0.108382 0.0993899 0.0907563 0.0825154 0.0746951 0.0673168 0.0603961 0.0539421 0.0479585 0.0424435 0.0373906 0.0327889 0.0286239 0.0248782 0.0215319 0.0185637 0.0159511 0.0136713 0.0117019 0.0100212 0.00860873 0.0074461 0.00651691 0.00580734 0.00530635 0.00500632 
0.00552139 0.00562242 0.00594218 0.00648656 0.00726451 0.00828828 0.00957322 0.0111374 0.0130012 0.0151871 0.0177187 0.0206207 0.0239178 0.0276343 0.0317931 0.0364155 0.0415197 0.0471207 0.0532292 0.0598513 0.0669874 0.0746322 0.0827738 0.0913939 0.100467 0.109962 0.119839 0.130052 0.140551 0.151278 0.16217 0.173162 0.184183 0.19516 0.206018 0.216683 0.227078 0.237129 0.246763 0.25591 0.264503 0.272478 0.279778 0.286348 0.292141 0.297113 0.30123 0.304461 0.306782 0.308177 0.308636 0.308156 0.306739 0.304397 0.301147 0.297011 0.29202 0.286211 0.279627 0.272314 0.264328 0.255728 0.246575 0.236938 0.226887 0.216495 0.205837 0.194987 0.184022 0.173016 0.162041 0.151167 0.14046 0.129983 0.119792 0.109939 0.100467 0.0914164 0.0828179 0.0746966 0.0670705 0.0599511 0.0533435 0.0472469 0.0416552 0.0365578 0.0319394 0.027782 0.0240644 0.0207638 0.017856 0.0153166 0.0131212 0.0112463 0.00966961 0.00837108 0.00733281 0.00653969 0.00597966 0.00564436 
0.00619798 0.00631102 0.00666771 0.00727451 0.00814118 0.00928107 0.0107109 0.0124503 0.0145214 0.0169485 0.0197572 0.022974 0.0266254 0.0307374 0.0353344 0.0404385 0.0460689 0.0522408 0.0589648 0.0662462 0.0740842 0.0824715 0.0913939 0.10083 0.110751 0.12112 0.131895 0.143024 0.154451 0.166112 0.177941 0.189863 0.201804 0.213685 0.225424 0.236942 0.248158 0.258992 0.269367 0.279209 0.288447 0.297014 0.30485 0.311898 0.318108 0.323437 0.327846 0.331305 0.33379 0.335283 0.335774 0.335259 0.333742 0.331234 0.327753 0.323322 0.317973 0.311743 0.304678 0.296827 0.288247 0.278999 0.26915 0.25877 0.247934 0.23672 0.225207 0.213476 0.201607 0.18968 0.177774 0.165965 0.154325 0.142922 0.131817 0.121068 0.110724 0.100828 0.0914165 0.0825173 0.0741515 0.066333 0.0590688 0.0523593 0.0461991 0.0405776 0.0354795 0.0308856 0.0267739 0.0231201 0.0198984 0.0170825 0.0146461 0.0125639 0.0108118 0.00936806 0.00821313 0.00733063 0.0067074 0.00633437 
0.00692556 0.00705143 0.00744752 0.00812083 0.00908196 0.0103454 0.0119293 0.0138548 0.016146 0.0188289 0.0219311 0.025481 0.0295068 0.0340362 0.0390948 0.044706 0.0508894 0.0576604 0.0650292 0.0730002 0.0815711 0.0907325 0.100467 0.110751 0.12155 0.132825 0.144527 0.1566 0.168981 0.181602 0.194389 0.207263 0.220143 0.232943 0.245577 0.25796 0.270006 0.28163 0.292751 0.303291 0.313176 0.322336 0.330708 0.338234 0.34486 0.350544 0.355244 0.35893 0.361577 0.363167 0.363689 0.363141 0.361525 0.358852 0.355141 0.350416 0.34471 0.338062 0.330517 0.322127 0.312952 0.303054 0.292505 0.281377 0.269749 0.257703 0.245324 0.232696 0.219907 0.207041 0.194184 0.181417 0.168819 0.156462 0.144415 0.132741 0.121494 0.110722 0.100466 0.0907569 0.08162 0.0730716 0.0651206 0.0577691 0.0510124 0.0448403 0.0392373 0.0341836 0.0296561 0.0256291 0.0220753 0.0189666 0.0162749 0.0139728 0.0120345 0.0104363 0.00915738 0.0081798 0.00748934 0.00707616 
0.0077033 0.0078428 0.00828065 0.00902441 0.0100855 0.0114797 0.0132264 0.0153486 0.017872 0.0208245 0.0242358 0.028136 0.0325551 0.0375224 0.0430648 0.0492064 0.0559675 0.0633634 0.0714038 0.0800917 0.0894233 0.0993867 0.109962 0.12112 0.132825 0.145031 0.157684 0.170723 0.18408 0.19768 0.211443 0.225283 0.239113 0.252843 0.266381 0.279634 0.292513 0.304929 0.316796 0.328032 0.338561 0.34831 0.357214 0.365211 0.37225 0.378283 0.38327 0.38718 0.389987 0.391673 0.392226 0.391644 0.38993 0.387095 0.383158 0.378144 0.372086 0.365023 0.357003 0.34808 0.338313 0.327769 0.31652 0.304644 0.292223 0.279342 0.26609 0.252559 0.238839 0.225022 0.211198 0.197456 0.183879 0.170548 0.157537 0.144913 0.132737 0.121062 0.109934 0.0993873 0.0894514 0.0801453 0.0714803 0.0634602 0.0560814 0.0493342 0.043203 0.0376676 0.0327039 0.0282851 0.0243821 0.0209652 0.0180044 0.0154703 0.0133355 0.0115743 0.0101642 0.00908608 0.00832452 0.0078689 
0.00852964 0.00868356 0.0091654 0.00998333 0.0111497 0.0126813 0.0145992 0.0169278 0.0196947 0.0229298 0.0266646 0.030931 0.035761 0.0411849 0.0472311 0.0539245 0.0612855 0.0693293 0.0780648 0.0874938 0.0976102 0.1084 0.119839 0.131895 0.144527 0.157684 0.171308 0.185331 0.199679 0.21427 0.229019 0.243834 0.258621 0.273284 0.287726 0.301849 0.315558 0.328761 0.341368 0.353294 0.364459 0.374788 0.384214 0.392676 0.400118 0.406493 0.411761 0.41589 0.418852 0.420631 0.421215 0.420601 0.418792 0.415799 0.411641 0.406344 0.399942 0.392473 0.383987 0.374538 0.364188 0.353005 0.341065 0.328446 0.315236 0.301522 0.287399 0.272962 0.258307 0.243533 0.228734 0.214005 0.199438 0.185116 0.171122 0.15753 0.144404 0.131805 0.119781 0.108374 0.0976153 0.0875274 0.0781245 0.0694122 0.0613883 0.0540439 0.0473635 0.0413265 0.0359081 0.0310801 0.0268122 0.0230727 0.01983 0.0170528 0.0147116 0.0127792 0.0112314 0.0100475 0.00921121 0.00871095 
0.00940227 0.0095713 0.0100992 0.0109948 0.0122712 0.0139465 0.0160431 0.0185871 0.021608 0.0251375 0.0292089 0.033856 0.0391123 0.0450097 0.0515775 0.0588412 0.0668215 0.0755331 0.084984 0.0951743 0.106096 0.11773 0.130052 0.143024 0.1566 0.170723 0.185331 0.200349 0.215696 0.231286 0.247026 0.262817 0.278561 0.294154 0.309495 0.32448 0.339012 0.352991 0.366326 0.378929 0.390717 0.401614 0.41155 0.420463 0.428297 0.435004 0.440545 0.444884 0.447998 0.449867 0.45048 0.449834 0.447934 0.444788 0.440418 0.434847 0.42811 0.420247 0.411307 0.401346 0.390426 0.378618 0.365998 0.352648 0.338658 0.324121 0.309133 0.293794 0.278208 0.262476 0.2467 0.23098 0.215414 0.200094 0.185106 0.170531 0.156441 0.142901 0.129964 0.117677 0.106076 0.0951859 0.0850248 0.0756002 0.0669116 0.0589506 0.0517024 0.0451462 0.0392564 0.0340038 0.0293567 0.0252817 0.0217454 0.0187148 0.0161584 0.0140473 0.0123556 0.0110613 0.0101468 0.00959995 
0.010318 0.0105028 0.0110787 0.012055 0.0134459 0.0152704 0.0175526 0.0203201 0.0236042 0.0274384 0.0318579 0.0368983 0.0425946 0.0489799 0.0560844 0.0639342 0.07255 0.0819458 0.0921283 0.103096 0.114838 0.127333 0.140551 0.154451 0.168981 0.18408 0.199679 0.215696 0.232046 0.248635 0.265363 0.282126 0.298819 0.315334 0.331562 0.347397 0.362736 0.377476 0.391523 0.404785 0.417178 0.428625 0.439054 0.448402 0.456614 0.46364 0.469441 0.473983 0.477241 0.479197 0.479838 0.479163 0.477175 0.473884 0.469309 0.463476 0.456418 0.448175 0.438798 0.428341 0.416869 0.404453 0.39117 0.377107 0.362353 0.347006 0.331166 0.314938 0.298428 0.281745 0.264996 0.248288 0.231723 0.2154 0.199414 0.183849 0.168785 0.154292 0.14043 0.127249 0.114791 0.103084 0.0921484 0.0819952 0.0726255 0.064032 0.0562004 0.0491099 0.0427344 0.0370438 0.0320049 0.0275831 0.023743 0.0204498 0.0176703 0.0153737 0.0135326 0.0121237 0.011128 0.0105327 
0.011273 0.0114742 0.0120996 0.0131594 0.0146684 0.0166471 0.0191207 0.0221186 0.0256738 0.0298216 0.034599 0.0400431 0.0461906 0.0530756 0.0607291 0.0691776 0.0784414 0.0885339 0.0994603 0.111217 0.12379 0.137155 0.151278 0.166112 0.181602 0.19768 0.21427 0.231286 0.248635 0.266216 0.283923 0.301648 0.319277 0.336697 0.353796 0.370462 0.386587 0.402066 0.416802 0.430702 0.443678 0.455653 0.466555 0.476319 0.484891 0.492221 0.49827 0.503005 0.5064 0.508437 0.509106 0.508403 0.506331 0.502902 0.498134 0.492051 0.484688 0.476084 0.466288 0.455357 0.443354 0.430352 0.416429 0.401673 0.386178 0.370041 0.353368 0.336267 0.318849 0.301228 0.283517 0.265828 0.24827 0.230949 0.213964 0.197409 0.181368 0.165917 0.151123 0.13704 0.123714 0.111179 0.0994579 0.0885641 0.0785007 0.0692622 0.0608348 0.0531979 0.046325 0.0401852 0.0347442 0.0299659 0.0258133 0.0222498 0.0192403 0.0167525 0.0147573 0.0132299 0.0121505 0.0115051 
0.0122624 0.0124804 0.0131569 0.0143024 0.0159327 0.0180695 0.0207393 0.0239733 0.0278059 0.0322744 0.0374173 0.0432735 0.0498808 0.0572744 0.0654861 0.0745422 0.0844628 0.0952603 0.106938 0.119491 0.1329 0.14714 0.16217 0.177941 0.194389 0.211443 0.229019 0.247026 0.265363 0.283923 0.302596 0.321264 0.339809 0.358114 0.37606 0.393532 0.410417 0.42661 0.442009 0.456519 0.470053 0.482531 0.493881 0.50404 0.512952 0.520569 0.526851 0.531766 0.53529 0.537404 0.538098 0.537369 0.53522 0.531662 0.526712 0.520395 0.512744 0.503799 0.493607 0.482224 0.469716 0.456154 0.441618 0.426196 0.409984 0.393084 0.375602 0.357651 0.339347 0.320807 0.30215 0.283495 0.264957 0.246647 0.228672 0.211131 0.194116 0.177709 0.16198 0.146993 0.132795 0.119426 0.106912 0.0952698 0.0845046 0.0746122 0.06558 0.0573877 0.0500085 0.0434111 0.0375599 0.0324175 0.0279454 0.0241052 0.0208603 0.0181765 0.0160233 0.0143745 0.013209 0.0125124 
0.0132807 0.0135159 0.0142444 0.0154774 0.0172315 0.0195294 0.0223992 0.0258734 0.0299882 0.0347825 0.0402965 0.0465705 0.0536433 0.0615514 0.0703268 0.0799958 0.0905781 0.102085 0.114517 0.127867 0.142114 0.157227 0.173162 0.189863 0.207263 0.225283 0.243834 0.262817 0.282126 0.301648 0.321264 0.340852 0.360289 0.379451 0.398215 0.416463 0.43408 0.450955 0.466985 0.482076 0.496137 0.50909 0.520863 0.531391 0.540621 0.548506 0.555005 0.560089 0.563732 0.565917 0.566635 0.565883 0.563662 0.559984 0.554866 0.548331 0.540412 0.531146 0.520583 0.508777 0.495791 0.481698 0.46658 0.450523 0.433626 0.415992 0.39773 0.378958 0.359793 0.34036 0.320781 0.301181 0.281681 0.262398 0.243447 0.224932 0.206951 0.189594 0.172936 0.157046 0.141978 0.127774 0.114466 0.102072 0.090601 0.0800501 0.0704078 0.0616545 0.0537634 0.0467025 0.0404355 0.0349236 0.0301269 0.0260055 0.022521 0.0196377 0.0173235 0.0155509 0.0142978 0.0135488 
0.0143215 0.0145742 0.0153555 0.0166771 0.0185566 0.0210177 0.0240898 0.0278069 0.0322069 0.0373301 0.0432182 0.0499129 0.0574543 0.0658794 0.0752205 0.0855038 0.0967481 0.108963 0.122148 0.136293 0.151372 0.167352 0.184183 0.201804 0.220143 0.239113 0.258621 0.278561 0.298819 0.319277 0.339809 0.360289 0.380586 0.400573 0.420123 0.439113 0.457426 0.474948 0.491577 0.507214 0.521771 0.535168 0.547334 0.558206 0.56773 0.575862 0.582561 0.587799 0.591552 0.593803 0.594544 0.593769 0.591483 0.587696 0.582423 0.575688 0.567521 0.55796 0.547052 0.53485 0.521418 0.506828 0.49116 0.474503 0.456955 0.438621 0.419615 0.400053 0.380061 0.359764 0.339292 0.318773 0.298335 0.278103 0.258194 0.238723 0.219792 0.201497 0.183921 0.167137 0.151205 0.136171 0.122071 0.108928 0.0967512 0.0855412 0.0752876 0.0659712 0.0575657 0.0500385 0.0433527 0.0374683 0.0323441 0.0279386 0.024212 0.0211268 0.0186497 0.0167517 0.0154099 0.014608 
0.0153777 0.0156481 0.0164826 0.0178935 0.0198992 0.0225244 0.0257997 0.0297608 0.0344468 0.0398998 0.0461627 0.0532784 0.061288 0.0702291 0.0801342 0.0910291 0.102932 0.11585 0.129781 0.144711 0.160614 0.177447 0.19516 0.213685 0.232943 0.252843 0.273284 0.294154 0.315334 0.336697 0.358114 0.379451 0.400573 0.421349 0.441646 0.461341 0.480311 0.498443 0.515632 0.531779 0.546797 0.560606 0.573135 0.584323 0.594117 0.602474 0.609356 0.614734 0.618587 0.620898 0.621658 0.620864 0.61852 0.614633 0.60922 0.602303 0.59391 0.584079 0.572853 0.560287 0.546442 0.531389 0.515207 0.497987 0.479826 0.460832 0.441118 0.420805 0.400021 0.378896 0.357564 0.336159 0.314813 0.293658 0.272819 0.252414 0.232554 0.21334 0.194862 0.177198 0.160414 0.14456 0.129678 0.115791 0.102914 0.0910488 0.0801865 0.0703089 0.0613899 0.0533967 0.0462919 0.0400345 0.034582 0.0298915 0.0259217 0.0226338 0.0199929 0.017969 0.0165378 0.0156827 
0.0164417 0.0167298 0.0176175 0.0191176 0.0212493 0.0240384 0.0275166 0.0317209 0.036692 0.0424732 0.0491088 0.0566429 0.0651172 0.0745698 0.0850332 0.0965328 0.109085 0.122697 0.137363 0.153065 0.169774 0.187444 0.206018 0.225424 0.245577 0.266381 0.287726 0.309495 0.331562 0.353796 0.37606 0.398215 0.420123 0.441646 0.462651 0.483008 0.502595 0.521297 0.539006 0.555626 0.571068 0.585254 0.598115 0.60959 0.619629 0.628189 0.635235 0.64074 0.644682 0.647046 0.647825 0.647014 0.644617 0.640642 0.635104 0.628023 0.619427 0.609351 0.597838 0.584939 0.570714 0.555234 0.538577 0.520833 0.5021 0.482486 0.462105 0.441083 0.419547 0.397634 0.37548 0.353225 0.331007 0.308963 0.287223 0.265914 0.245151 0.225043 0.205685 0.187161 0.169542 0.152885 0.137232 0.122614 0.109046 0.0965342 0.08507 0.0746368 0.0652088 0.0567533 0.0492322 0.0426038 0.0368245 0.0318502 0.027638 0.0241478 0.0213435 0.0191937 0.0176734 0.0167651 
0.0175053 0.0178109 0.0187514 0.02034 0.0225967 0.0255481 0.0292273 0.0336724 0.0389254 0.045031 0.0520346 0.0599812 0.0689133 0.0788693 0.0898816 0.101975 0.115164 0.129454 0.144838 0.161294 0.178789 0.197273 0.216683 0.236942 0.25796 0.279634 0.301849 0.32448 0.347397 0.370462 0.393532 0.416463 0.439113 0.461341 0.483008 0.503984 0.524145 0.543373 0.561563 0.578616 0.594446 0.608975 0.622135 0.633868 0.644126 0.652868 0.660059 0.665676 0.669696 0.672108 0.672903 0.672078 0.669635 0.665583 0.659934 0.652708 0.643931 0.633636 0.621864 0.608664 0.594096 0.578226 0.561134 0.542907 0.523643 0.503452 0.482449 0.46076 0.438517 0.415858 0.392925 0.369862 0.346811 0.323915 0.301311 0.279131 0.257498 0.236525 0.216315 0.196956 0.178526 0.161084 0.14468 0.129347 0.115104 0.101957 0.0899024 0.078923 0.0689941 0.060083 0.0521514 0.0451569 0.0390547 0.0337996 0.0293476 0.0256572 0.022691 0.0204165 0.0188078 0.0178468 
0.0185596 0.0188826 0.019875 0.0215508 0.0239303 0.0270414 0.0309181 0.0355996 0.0411293 0.0475528 0.0549169 0.0632673 0.0726471 0.0830947 0.0946423 0.107314 0.121123 0.136073 0.152152 0.169339 0.187593 0.206862 0.227078 0.248158 0.270006 0.292513 0.315558 0.339012 0.362736 0.386587 0.410417 0.43408 0.457426 0.480311 0.502595 0.524145 0.544834 0.564546 0.583174 0.600621 0.616801 0.631638 0.645066 0.657029 0.66748 0.676381 0.683701 0.689415 0.693504 0.695958 0.696767 0.695929 0.693447 0.689328 0.683583 0.67623 0.667294 0.656806 0.644804 0.631336 0.616458 0.600236 0.582748 0.56408 0.544329 0.523606 0.502026 0.479716 0.456812 0.433454 0.409787 0.38596 0.36212 0.338415 0.314988 0.291976 0.26951 0.247707 0.226677 0.206514 0.187299 0.1691 0.151968 0.135941 0.121041 0.107278 0.0946469 0.0831348 0.0727167 0.0633602 0.0550269 0.0476736 0.0412549 0.0357245 0.031037 0.0271499 0.0240245 0.0216274 0.0199319 0.018919 
0.0195957 0.0199355 0.0209787 0.0227395 0.0252389 0.0285056 0.0325747 0.0374865 0.0432854 0.0500182 0.0577325 0.0664748 0.0762886 0.0872125 0.099278 0.112508 0.126916 0.142501 0.159251 0.177139 0.196122 0.216143 0.237129 0.258992 0.28163 0.304929 0.328761 0.352991 0.377476 0.402066 0.42661 0.450955 0.474948 0.498443 0.521297 0.543373 0.564546 0.584699 0.603723 0.621525 0.638017 0.653128 0.666792 0.678957 0.689577 0.698617 0.706047 0.711844 0.715993 0.718482 0.719304 0.718456 0.715941 0.711764 0.705937 0.698475 0.689402 0.678745 0.666541 0.652836 0.637683 0.621147 0.603302 0.584235 0.564042 0.542831 0.52072 0.497838 0.474321 0.450312 0.425959 0.401416 0.376834 0.352366 0.32816 0.304361 0.281102 0.258509 0.236696 0.215763 0.195798 0.176872 0.159041 0.142346 0.126813 0.112453 0.0992664 0.0872388 0.0763468 0.0665586 0.0578353 0.0501335 0.0434071 0.0376086 0.0326919 0.0286132 0.0253327 0.0228161 0.0210358 0.0199724 
0.0206042 0.0209604 0.0220527 0.0238956 0.0265109 0.029928 0.0341829 0.0393168 0.0453754 0.0524062 0.0604578 0.0695771 0.0798081 0.0911892 0.103752 0.117517 0.132497 0.148689 0.166079 0.184635 0.204312 0.225047 0.246763 0.269367 0.292751 0.316796 0.341368 0.366326 0.391523 0.416802 0.442009 0.466985 0.491577 0.515632 0.539006 0.561563 0.583174 0.603723 0.623104 0.64122 0.65799 0.673341 0.687212 0.699552 0.710317 0.719475 0.726999 0.732868 0.737067 0.739585 0.740418 0.739562 0.737019 0.732795 0.726898 0.719344 0.710154 0.699352 0.686974 0.673062 0.657668 0.640853 0.622691 0.603265 0.582673 0.56102 0.538426 0.51502 0.490938 0.466328 0.44134 0.416131 0.390857 0.365675 0.340739 0.316198 0.292193 0.268853 0.246299 0.224638 0.20396 0.184341 0.165844 0.148511 0.132373 0.117444 0.103724 0.0912018 0.0798548 0.0696515 0.0605531 0.0525159 0.0454928 0.039436 0.0342981 0.0300344 0.0266041 0.0239721 0.0221099 0.0209976 
0.0215757 0.0219477 0.0230869 0.0250085 0.0277347 0.0312956 0.0357281 0.0410743 0.0473808 0.054696 0.0630691 0.0725477 0.0831758 0.0949917 0.108026 0.1223 0.137822 0.154589 0.172583 0.19177 0.212101 0.233508 0.25591 0.279209 0.303291 0.328032 0.353294 0.378929 0.404785 0.430702 0.456519 0.482076 0.507214 0.531779 0.555626 0.578616 0.600621 0.621525 0.64122 0.659615 0.676628 0.692188 0.706237 0.718725 0.729614 0.738872 0.746474 0.752402 0.756642 0.759186 0.760028 0.759165 0.7566 0.752337 0.746383 0.738753 0.729464 0.71854 0.706013 0.691923 0.676318 0.65926 0.640818 0.621075 0.600125 0.578076 0.555045 0.531163 0.506567 0.481407 0.455835 0.430012 0.404098 0.378254 0.35264 0.327408 0.302705 0.278666 0.255418 0.233071 0.211722 0.191451 0.172324 0.154389 0.137678 0.122208 0.107983 0.0949908 0.0832112 0.0726128 0.063157 0.0547999 0.0474939 0.0411904 0.0358412 0.0314006 0.0278271 0.0250847 0.0231442 0.0219851 
0.0225009 0.0228878 0.0240715 0.0260676 0.0288987 0.0325957 0.037196 0.042743 0.0492836 0.0568672 0.0655436 0.0753607 0.0863627 0.0985877 0.112066 0.126816 0.142847 0.160153 0.178713 0.198489 0.21943 0.241463 0.264503 0.288447 0.313176 0.338561 0.364459 0.390717 0.417178 0.443678 0.470053 0.496137 0.521771 0.546797 0.571068 0.594446 0.616801 0.638017 0.65799 0.676628 0.69385 0.70959 0.72379 0.736404 0.747396 0.756737 0.764403 0.770379 0.774653 0.777217 0.778066 0.777199 0.774616 0.770322 0.764322 0.75663 0.747259 0.736233 0.723581 0.70934 0.693555 0.676286 0.6576 0.637577 0.616312 0.59391 0.570489 0.546178 0.521119 0.49546 0.469357 0.442973 0.416473 0.390022 0.363782 0.337912 0.312564 0.287878 0.263985 0.241 0.219025 0.198146 0.178431 0.159932 0.142684 0.126708 0.112007 0.0985738 0.0863871 0.0754167 0.0656242 0.0569653 0.0493923 0.0428558 0.0373069 0.0326992 0.0289903 0.0261434 0.0241287 0.0229255 
