0.0022237 0.00224637 0.00232057 0.00244706 0.00262678 0.00286103 0.00315142 0.00349983 0.0039084 0.00437941 0.00491527 0.00551843 0.00619134 0.00693631 0.00775548 0.00865072 0.00962356 0.0106751 0.0118058 0.0130158 0.0143043 0.0156699 0.0171103 0.0186225 0.0202026 0.0218458 0.0235462 0.0252972 0.0270912 0.02892 0.0307741 0.0326437 0.0345181 0.0363862 0.0382362 0.0400561 0.0418335 0.0435563 0.0452119 0.0467882 0.0482733 0.0496559 0.0509252 0.0520711 0.0530844 0.0539569 0.0546814 0.0552519 0.0556637 0.0559134 0.0559989 0.0559195 0.0556759 0.0552701 0.0547056 0.0539871 0.0531206 0.0521132 0.0509731 0.0497096 0.0483326 0.046853 0.0452821 0.0436317 0.0419139 0.0401412 0.0383258 0.03648 0.0346158 0.0327448 0.0308782 0.0290267 0.0272002 0.0254078 0.0236579 0.0219582 0.0203152 0.0187347 0.0172216 0.0157797 0.0144122 0.0131212 0.0119083 0.0107742 0.00971886 0.00874182 0.00784201 0.00701795 0.00626778 0.00558942 0.00498057 0.00443883 0.00396178 0.00354703 0.00319233 0.00289557 0.00265488 0.00246869 0.0023357 0.00225514 
0.00224637 0.00226928 0.00234426 0.00247205 0.00265361 0.00289025 0.00318359 0.00353554 0.00394824 0.00442399 0.00496523 0.00557444 0.00625405 0.00700642 0.00783369 0.00873775 0.00972012 0.0107819 0.0119236 0.0131453 0.0144461 0.0158248 0.0172789 0.0188055 0.0204004 0.0220589 0.0237751 0.0255423 0.0273529 0.0291983 0.0310694 0.0329559 0.0348472 0.036732 0.0385985 0.0404345 0.0422276 0.0439655 0.0456356 0.0472256 0.0487236 0.0501182 0.0513984 0.0525542 0.0535761 0.054456 0.0551867 0.055762 0.0561773 0.0564291 0.0565153 0.0564351 0.0561893 0.0557801 0.0552107 0.054486 0.053612 0.0525959 0.051446 0.0501715 0.0487826 0.04729 0.0457054 0.0440405 0.0423077 0.0405192 0.0386877 0.0368254 0.0349445 0.0330567 0.0311732 0.0293049 0.0274616 0.0256528 0.0238868 0.0221713 0.0205129 0.0189176 0.0173902 0.0159347 0.0145541 0.0132508 0.0120263 0.0108812 0.00981561 0.00882905 0.00792044 0.00708828 0.00633072 0.00564565 0.00503076 0.00448363 0.00400182 0.00358292 0.00322466 0.00292493 0.00268183 0.00249377 0.00235945 0.00227809 
0.00232057 0.00234426 0.00242163 0.00255345 0.00274069 0.00298469 0.00328713 0.00364994 0.00407531 0.00456561 0.00512332 0.00575095 0.00645101 0.00722587 0.00807773 0.00900848 0.0100197 0.0111124 0.0122872 0.013544 0.014882 0.0162997 0.0177948 0.019364 0.0210033 0.0227075 0.0244707 0.026286 0.0281455 0.0300404 0.0319613 0.0338978 0.0358389 0.037773 0.039688 0.0415715 0.0434108 0.0451931 0.0469057 0.048536 0.0500718 0.0515014 0.0528136 0.0539981 0.0550454 0.0559471 0.0566958 0.0572852 0.0577107 0.0579685 0.0580567 0.0579744 0.0577224 0.0573028 0.0567192 0.0559764 0.0550805 0.0540389 0.0528601 0.0515536 0.0501296 0.0485992 0.0469742 0.0452669 0.0434896 0.041655 0.0397761 0.0378653 0.0359351 0.0339976 0.0320643 0.0301461 0.0282535 0.0263958 0.0245819 0.0228195 0.0211155 0.019476 0.017906 0.0164096 0.0149901 0.0136498 0.0123902 0.0112121 0.0101156 0.00910031 0.00816504 0.00730832 0.00652829 0.00582277 0.00518944 0.00462583 0.00412944 0.00369783 0.00332866 0.00301977 0.00276924 0.00257543 0.00243702 0.0023532 
0.00244706 0.00247205 0.00255345 0.00269204 0.00288884 0.00314524 0.00346297 0.00384405 0.00429073 0.00480547 0.00539081 0.00604938 0.00678373 0.00759631 0.00848937 0.00946485 0.0105243 0.0116688 0.0128989 0.0142144 0.0156145 0.0170975 0.0186609 0.0203014 0.0220145 0.023795 0.0256365 0.0275318 0.0294727 0.0314501 0.033454 0.0354736 0.0374975 0.0395135 0.0415092 0.0434715 0.0453873 0.0472434 0.0490266 0.0507237 0.0523222 0.0538098 0.0551751 0.0564074 0.0574968 0.0584346 0.0592131 0.0598259 0.0602682 0.0605361 0.0606275 0.0605417 0.0602794 0.0598428 0.0592355 0.0584626 0.0575305 0.0564467 0.05522 0.0538602 0.052378 0.0507849 0.049093 0.0473151 0.045464 0.0435529 0.0415951 0.0396038 0.0375918 0.0355716 0.0335553 0.0315543 0.0295794 0.0276405 0.0257467 0.0239062 0.0221262 0.020413 0.018772 0.0172074 0.0157228 0.0143205 0.0130023 0.0117691 0.010621 0.0095575 0.00857758 0.00767971 0.00686198 0.00612218 0.00545791 0.00486662 0.00434575 0.00389276 0.00350525 0.00318097 0.00291795 0.00271446 0.00256915 0.00248119 
0.00262678 0.00265361 0.00274069 0.00288884 0.00309913 0.00337303 0.00371234 0.00411917 0.00459589 0.00514507 0.00576937 0.00647151 0.00725415 0.00811984 0.00907089 0.0101093 0.0112366 0.0124539 0.0137617 0.0151597 0.0166469 0.0182216 0.019881 0.0216214 0.0234381 0.0253254 0.0272767 0.0292842 0.0313392 0.033432 0.0355521 0.037688 0.0398277 0.0419583 0.0440668 0.0461394 0.0481623 0.0501215 0.0520032 0.0537937 0.0554797 0.0570485 0.058488 0.0597869 0.060935 0.0619231 0.0627433 0.0633889 0.0638546 0.0641366 0.0642326 0.0641418 0.0638651 0.0634047 0.0627644 0.0619496 0.0609668 0.059824 0.0585304 0.0570962 0.0555327 0.053852 0.0520667 0.0501901 0.0482358 0.0462177 0.0441498 0.0420457 0.0399192 0.0377834 0.0356509 0.033534 0.0314439 0.0293912 0.0273855 0.0254355 0.0235489 0.0217324 0.0199917 0.0183315 0.0167554 0.0152662 0.0138657 0.012555 0.0113342 0.010203 0.00916028 0.00820449 0.0073337 0.00654563 0.00583777 0.00520749 0.00465212 0.004169 0.00375563 0.00340965 0.00312899 0.00291187 0.00275684 0.00266304 
0.00286103 0.00289025 0.00298469 0.00314524 0.00337303 0.0036696 0.00403687 0.00447707 0.00499272 0.0055865 0.00626123 0.00701977 0.00786491 0.0087993 0.00982533 0.0109451 0.0121601 0.0134715 0.0148796 0.0163841 0.0179839 0.0196768 0.0214599 0.0233291 0.0252794 0.0273045 0.0293972 0.0315491 0.033751 0.0359923 0.0382618 0.0405473 0.0428359 0.045114 0.0473674 0.0495816 0.051742 0.0538338 0.055842 0.0577524 0.0595508 0.0612237 0.0627583 0.0641428 0.0653662 0.0664189 0.0672926 0.06798 0.0684758 0.0687758 0.0688777 0.0687806 0.0684854 0.0679945 0.0673119 0.0664432 0.0653954 0.0641769 0.0627975 0.061268 0.0596001 0.0578068 0.0559015 0.0538983 0.0518115 0.0496559 0.0474464 0.0451975 0.0429237 0.0406392 0.0383574 0.0360913 0.033853 0.0316537 0.0295039 0.0274129 0.0253889 0.0234392 0.02157 0.0197864 0.0180924 0.016491 0.0149843 0.0135734 0.0122588 0.0110401 0.00991614 0.00888547 0.00794605 0.00709551 0.00633125 0.00565049 0.00505044 0.00452831 0.00408143 0.00370734 0.00340383 0.00316903 0.0030014 0.00290003 
0.00315142 0.00318359 0.00328713 0.00346297 0.00371234 0.00403687 0.00443861 0.00491996 0.00548357 0.00613231 0.00686916 0.00769715 0.00861923 0.00963816 0.0107565 0.0119762 0.0132991 0.014726 0.0162574 0.0178928 0.0196306 0.0214687 0.0234036 0.0254309 0.0275448 0.0297387 0.0320046 0.0343335 0.0367151 0.0391382 0.0415906 0.0440591 0.0465298 0.048988 0.0514185 0.0538059 0.0561342 0.0583877 0.0605505 0.0626072 0.0645427 0.0663426 0.0679932 0.069482 0.0707973 0.0719288 0.0728676 0.0736062 0.0741386 0.0744606 0.0745697 0.0744649 0.0741471 0.073619 0.0728847 0.0719504 0.0708233 0.0695126 0.0680285 0.0663825 0.0645874 0.0626568 0.060605 0.0584471 0.0561985 0.0538751 0.0514925 0.0490666 0.0466129 0.0441465 0.0416821 0.0392334 0.0368137 0.034435 0.0321087 0.0298449 0.0276525 0.0255396 0.0235129 0.0215778 0.0197391 0.0179999 0.0163628 0.0148289 0.013399 0.0120726 0.0108489 0.00972606 0.00870219 0.00777477 0.00694105 0.00619814 0.00554305 0.00497284 0.00448467 0.00407593 0.00374426 0.00348765 0.00330449 0.0031938 
0.00349983 0.00353554 0.00364994 0.00384405 0.00411917 0.00447707 0.00491996 0.00545038 0.0060712 0.00678547 0.00759637 0.00850713 0.00952084 0.0106405 0.0118686 0.0132074 0.0146585 0.0162229 0.0179008 0.0196916 0.0215935 0.0236039 0.0257189 0.0279336 0.0302417 0.0326356 0.0351068 0.0376452 0.0402397 0.0428779 0.0455467 0.0482316 0.0509175 0.0535886 0.0562284 0.0588202 0.0613469 0.0637913 0.0661365 0.0683658 0.070463 0.0724127 0.0742002 0.0758119 0.0772355 0.0784599 0.0794754 0.0802742 0.0808498 0.0811977 0.0813152 0.0812013 0.0808569 0.0802849 0.0794899 0.0784781 0.0772577 0.0758382 0.0742306 0.0724474 0.0705022 0.0684096 0.066185 0.0638446 0.061405 0.0588832 0.0562963 0.0536613 0.0509949 0.0483135 0.045633 0.0429684 0.0403339 0.0377428 0.0352075 0.0327389 0.030347 0.0280405 0.0258268 0.0237122 0.0217016 0.0197988 0.0180066 0.0163267 0.0147596 0.0133053 0.0119627 0.0107302 0.0096058 0.0085868 0.00767035 0.00685335 0.00613265 0.00550511 0.00496771 0.00451763 0.00415236 0.00386975 0.00366806 0.00354624 
0.0039084 0.00394824 0.00407531 0.00429073 0.00459589 0.00499272 0.00548357 0.0060712 0.00675867 0.00754928 0.00844642 0.00945352 0.0105739 0.0118106 0.0131664 0.0146436 0.0162438 0.0179678 0.0198158 0.0217869 0.0238791 0.0260893 0.0284131 0.0308449 0.0333777 0.0360033 0.0387119 0.0414926 0.0443331 0.0472199 0.0501386 0.0530733 0.0560076 0.0589243 0.0618055 0.064633 0.0673882 0.0700526 0.0726078 0.0750358 0.0773192 0.0794412 0.0813862 0.0831394 0.0846875 0.0860186 0.0871224 0.0879904 0.0886156 0.0889933 0.0891205 0.0889961 0.0886212 0.0879988 0.0871338 0.0860331 0.0847052 0.0831605 0.081411 0.0794699 0.0773519 0.0750727 0.0726491 0.0700985 0.0674389 0.0646885 0.061866 0.0589898 0.056078 0.0531486 0.0502186 0.0473045 0.0444219 0.0415853 0.0388082 0.0361028 0.0334799 0.0309493 0.0285191 0.0261962 0.0239864 0.0218939 0.0199219 0.0180723 0.016346 0.0147429 0.0132622 0.0119023 0.0106609 0.00953539 0.00852263 0.00761938 0.00682227 0.00612795 0.00553317 0.00503491 0.00463049 0.00431756 0.00409427 0.00395948 
0.00437941 0.00442399 0.00456561 0.00480547 0.00514507 0.0055865 0.00613231 0.00678547 0.00754928 0.00842727 0.0094231 0.0105404 0.0117827 0.0131533 0.0146551 0.0162903 0.0180605 0.0199668 0.0220088 0.0241855 0.0264945 0.0289322 0.0314936 0.0341725 0.0369609 0.0398497 0.042828 0.0458839 0.0490037 0.0521726 0.0553746 0.0585925 0.0618084 0.0650032 0.0681577 0.0712518 0.0742656 0.0771787 0.0799714 0.082624 0.0851177 0.0874345 0.0895572 0.0914701 0.0931587 0.0946103 0.0958138 0.0967598 0.097441 0.0978523 0.0979903 0.0978541 0.0974447 0.0967654 0.0958215 0.0946204 0.0931712 0.0914853 0.0895754 0.087456 0.0851428 0.0826529 0.0800044 0.0772161 0.0743076 0.0712987 0.0682095 0.0650602 0.0618705 0.0586599 0.055447 0.0522501 0.049086 0.0459707 0.0429191 0.0399445 0.0370591 0.0342735 0.031597 0.0290372 0.0266005 0.0242918 0.0221147 0.0200716 0.0181636 0.0163909 0.0147525 0.013247 0.0118719 0.0106245 0.00950163 0.00849969 0.00761514 0.00684436 0.00618388 0.00563045 0.00518116 0.00483351 0.00458548 0.00443584 
0.00491527 0.00496523 0.00512332 0.00539081 0.00576937 0.00626123 0.00686916 0.00759637 0.00844642 0.0094231 0.0105303 0.011772 0.0131519 0.0146734 0.0163396 0.0181528 0.0201146 0.0222258 0.0244861 0.0268939 0.0294465 0.0321397 0.0349678 0.0379238 0.0409988 0.0441826 0.0474631 0.050827 0.0542593 0.0577436 0.0612624 0.0647967 0.0683269 0.0718323 0.0752917 0.0786833 0.0819852 0.0851756 0.0882327 0.0911355 0.0938633 0.0963967 0.0987172 0.100808 0.102653 0.104238 0.105552 0.106585 0.107329 0.107777 0.107927 0.107778 0.10733 0.106588 0.105556 0.104243 0.102659 0.100816 0.098728 0.0964101 0.0938797 0.0911552 0.0882561 0.0852031 0.0820172 0.07872 0.0753335 0.0718794 0.0683794 0.0648548 0.061326 0.0578127 0.0543338 0.0509067 0.0475477 0.0442717 0.0410921 0.0380207 0.0350677 0.032242 0.0295505 0.0269989 0.0245914 0.0223307 0.0202183 0.0182544 0.0164385 0.0147688 0.0132431 0.0118584 0.0106112 0.00949788 0.0085146 0.00765748 0.00692279 0.00630702 0.00580704 0.00542015 0.00514415 0.00497773 
0.00551843 0.00557444 0.00575095 0.00604938 0.00647151 0.00701977 0.00769715 0.00850713 0.00945352 0.0105404 0.011772 0.0131525 0.0146858 0.0163756 0.018225 0.0202364 0.0224115 0.0247508 0.0272537 0.0299184 0.0327415 0.0357184 0.0388425 0.0421058 0.0454985 0.049009 0.0526241 0.0563288 0.0601066 0.0639396 0.0678082 0.071692 0.0755691 0.0794169 0.0832124 0.0869317 0.0905511 0.0940467 0.0973949 0.100573 0.103558 0.10633 0.108868 0.111153 0.11317 0.114903 0.116338 0.117466 0.118278 0.118768 0.118931 0.118767 0.118277 0.117465 0.116337 0.114902 0.11317 0.111154 0.10887 0.106334 0.103565 0.100582 0.0974075 0.094063 0.0905717 0.086957 0.0832427 0.0794526 0.0756104 0.0717392 0.0678615 0.0639989 0.060172 0.0564 0.052701 0.0490912 0.0455857 0.0421975 0.0389381 0.0358172 0.0328429 0.0300215 0.0273578 0.0248552 0.0225153 0.0203388 0.0183251 0.0164726 0.0147789 0.0132409 0.0118551 0.0106175 0.00952401 0.00857046 0.00775286 0.00706744 0.00651081 0.00608004 0.00577279 0.00558762 
0.00619134 0.00625405 0.00645101 0.00678373 0.00725415 0.00786491 0.00861923 0.00952084 0.0105739 0.0117827 0.0131519 0.0146858 0.0163887 0.0182643 0.020316 0.0225462 0.0249564 0.027547 0.0303172 0.0332647 0.0363855 0.0396743 0.0431236 0.0467245 0.0504658 0.0543346 0.0583164 0.0623945 0.0665508 0.0707652 0.0750166 0.0792822 0.0835382 0.08776 0.0919223 0.0959991 0.0999646 0.103793 0.107458 0.110936 0.114201 0.117232 0.120006 0.122504 0.124707 0.1266 0.128167 0.129399 0.130285 0.130819 0.130997 0.130817 0.130282 0.129394 0.128161 0.126593 0.1247 0.122496 0.119999 0.117226 0.114197 0.110933 0.107458 0.103797 0.0999723 0.0960114 0.0919396 0.0877828 0.0835669 0.0793171 0.075058 0.0708133 0.0666055 0.0624559 0.0583842 0.0544086 0.0505456 0.0468097 0.0432137 0.0397685 0.0364832 0.033365 0.0304195 0.0276503 0.0250597 0.0226487 0.0204169 0.0183626 0.0164834 0.0147762 0.0132371 0.0118621 0.0106466 0.00958637 0.008677 0.00791446 0.00729509 0.00681574 0.00647387 0.00626794 
0.00693631 0.00700642 0.00722587 0.00759631 0.00811984 0.0087993 0.00963816 0.0106405 0.0118106 0.0131533 0.0146734 0.0163756 0.0182643 0.0203436 0.0226168 0.0250863 0.0277537 0.0306191 0.0336813 0.0369375 0.0403832 0.044012 0.0478158 0.0517841 0.0559048 0.0601635 0.0645439 0.0690277 0.0735946 0.078223 0.0828892 0.0875686 0.092235 0.0968616 0.101421 0.105884 0.110223 0.114411 0.118418 0.122219 0.125787 0.129097 0.132126 0.134852 0.137257 0.139321 0.141031 0.142374 0.14334 0.143922 0.144115 0.143919 0.143334 0.142365 0.14102 0.139308 0.137241 0.134836 0.132109 0.12908 0.12577 0.122204 0.118405 0.114401 0.110217 0.105882 0.101423 0.0968699 0.0922494 0.0875896 0.0829171 0.0782581 0.0736371 0.0690775 0.0646011 0.0602279 0.055976 0.0518616 0.0478991 0.0441006 0.0404762 0.0370342 0.0337808 0.0307205 0.027856 0.0251885 0.0227179 0.0204426 0.0183603 0.0164676 0.0147605 0.0132347 0.0118855 0.0107081 0.00969793 0.00885068 0.00816239 0.00762967 0.00724977 0.00702103 
0.00775548 0.00783369 0.00807773 0.00848937 0.00907089 0.00982533 0.0107565 0.0118686 0.0131664 0.0146551 0.0163396 0.018225 0.020316 0.0226168 0.0251308 0.0278604 0.030807 0.0339706 0.0373494 0.0409402 0.0447377 0.0487347 0.0529218 0.0572875 0.061818 0.0664975 0.0713079 0.0762289 0.0812384 0.0863123 0.091425 0.0965492 0.101657 0.106718 0.111703 0.116581 0.121321 0.125893 0.130267 0.134414 0.138305 0.141914 0.145216 0.148186 0.150805 0.153054 0.154916 0.156377 0.157428 0.158061 0.158271 0.158057 0.157419 0.156364 0.154898 0.153033 0.150781 0.148159 0.145187 0.141884 0.138275 0.134385 0.130239 0.125868 0.121299 0.116562 0.111689 0.10671 0.101655 0.0965545 0.0914377 0.0863328 0.0812669 0.0762656 0.0713529 0.0665506 0.0618789 0.0573558 0.0529971 0.0488163 0.0448249 0.0410322 0.0374452 0.0340692 0.0309074 0.0279615 0.0252315 0.0227161 0.0204128 0.0183182 0.0164283 0.0147382 0.0132432 0.0119381 0.0108181 0.00987847 0.009115 0.00852404 0.00810265 0.00784903 
0.00865072 0.00873775 0.00900848 0.00946485 0.0101093 0.0109451 0.0119762 0.0132074 0.0146436 0.0162903 0.0181528 0.0202364 0.0225462 0.0250863 0.0278604 0.0308708 0.0341187 0.0376037 0.0413237 0.0452748 0.0494508 0.0538436 0.0584426 0.0632348 0.0682051 0.0733358 0.0786068 0.083996 0.0894789 0.0950293 0.100619 0.106218 0.111796 0.117321 0.122759 0.128079 0.133246 0.138228 0.142991 0.147506 0.15174 0.155667 0.159257 0.162487 0.165334 0.167777 0.1698 0.171388 0.172529 0.173216 0.173443 0.17321 0.172517 0.171369 0.169776 0.167748 0.1653 0.162449 0.159216 0.155624 0.151696 0.147461 0.142947 0.138185 0.133206 0.128043 0.122728 0.117295 0.111777 0.106206 0.100615 0.0950334 0.0894918 0.0840179 0.0786379 0.073376 0.0682543 0.0632925 0.0585084 0.0539169 0.0495309 0.0453608 0.0414147 0.0376985 0.0342163 0.0309701 0.0279601 0.0251853 0.0226433 0.0203305 0.0182426 0.0163749 0.014722 0.0132787 0.0120396 0.0109998 0.0101549 0.00950077 0.00903439 0.00875382 
0.00962356 0.00972012 0.0100197 0.0105243 0.0112366 0.0121601 0.0132991 0.0146585 0.0162438 0.0180605 0.0201146 0.0224115 0.0249564 0.0277537 0.030807 0.0341187 0.0376897 0.0415192 0.0456045 0.0499411 0.0545219 0.0593377 0.0643764 0.0696239 0.0750631 0.0806745 0.086436 0.0923232 0.0983095 0.104366 0.110462 0.116565 0.122642 0.128658 0.134577 0.140363 0.145981 0.151396 0.156571 0.161474 0.166071 0.170331 0.174227 0.17773 0.180816 0.183465 0.185657 0.187378 0.188614 0.189358 0.189603 0.18935 0.188598 0.187354 0.185626 0.183427 0.180772 0.17768 0.174173 0.170274 0.166011 0.161412 0.15651 0.151335 0.145923 0.140308 0.134526 0.128612 0.122603 0.116534 0.110439 0.104352 0.098305 0.0923286 0.0864514 0.0807001 0.0750988 0.0696694 0.0644312 0.0594012 0.0545935 0.0500198 0.0456894 0.0416091 0.0377835 0.0342152 0.0309049 0.0278516 0.0250531 0.0225058 0.0202052 0.0181462 0.0163235 0.0147312 0.0133639 0.0122163 0.0112835 0.0105614 0.0100465 0.00973691 
0.0106751 0.0107819 0.0111124 0.0116688 0.0124539 0.0134715 0.014726 0.0162229 0.0179678 0.0199668 0.0222258 0.0247508 0.027547 0.0306191 0.0339706 0.0376037 0.0415192 0.0457157 0.0501901 0.0549369 0.0599482 0.0652133 0.070719 0.0764494 0.0823856 0.0885062 0.0947869 0.101201 0.107719 0.11431 0.12094 0.127575 0.134177 0.14071 0.147134 0.153412 0.159504 0.165373 0.17098 0.17629 0.181267 0.185878 0.190093 0.193882 0.197219 0.200083 0.202452 0.204311 0.205647 0.20645 0.206715 0.20644 0.205627 0.204282 0.202414 0.200036 0.197165 0.19382 0.190025 0.185806 0.181191 0.176211 0.1709 0.165293 0.159426 0.153336 0.147063 0.140644 0.134118 0.127523 0.120897 0.114276 0.107695 0.101188 0.0947849 0.0885155 0.0824061 0.0764809 0.0707612 0.0652656 0.0600098 0.0550071 0.0502677 0.0457996 0.0416081 0.0376964 0.0340657 0.0307152 0.0276427 0.0248446 0.0223165 0.020053 0.0180484 0.0162968 0.0147922 0.0135289 0.012502 0.0117069 0.0111401 0.0107994 
0.0118058 0.0119236 0.0122872 0.0128989 0.0137617 0.0148796 0.0162574 0.0179008 0.0198158 0.0220088 0.0244861 0.0272537 0.0303172 0.0336813 0.0373494 0.0413237 0.0456045 0.0501901 0.0550766 0.0602576 0.065724 0.0714639 0.0774627 0.0837026 0.0901629 0.0968198 0.103647 0.110615 0.117692 0.124844 0.132035 0.139227 0.14638 0.153454 0.160407 0.167198 0.173786 0.180129 0.186187 0.191921 0.197294 0.20227 0.206817 0.210903 0.214502 0.217589 0.220143 0.222146 0.223585 0.22445 0.224735 0.224438 0.223561 0.222111 0.220096 0.217532 0.214436 0.210829 0.206735 0.202182 0.1972 0.191824 0.186087 0.180028 0.173686 0.167101 0.160313 0.153365 0.146298 0.139153 0.13197 0.124789 0.117648 0.110582 0.103626 0.096811 0.0901665 0.0837186 0.0774907 0.0715034 0.0657742 0.0603176 0.0551455 0.0502667 0.0456875 0.0414116 0.0374408 0.0337746 0.030411 0.0273465 0.0245763 0.0220952 0.0198969 0.0179755 0.0163245 0.0149381 0.0138108 0.0129379 0.0123157 0.0119418 
0.0130158 0.0131453 0.013544 0.0142144 0.0151597 0.0163841 0.0178928 0.0196916 0.0217869 0.0241855 0.0268939 0.0299184 0.0332647 0.0369375 0.0409402 0.0452748 0.0499411 0.0549369 0.0602576 0.0658956 0.0718409 0.0780801 0.0845968 0.0913714 0.0983812 0.1056 0.112999 0.120547 0.128209 0.135947 0.143723 0.151496 0.159222 0.166859 0.174363 0.181688 0.18879 0.195625 0.20215 0.208325 0.214108 0.219462 0.224353 0.228747 0.232616 0.235933 0.238678 0.24083 0.242375 0.243304 0.24361 0.24329 0.242348 0.240789 0.238624 0.235867 0.232538 0.228659 0.224255 0.219357 0.213996 0.208208 0.20203 0.195503 0.188667 0.181567 0.174245 0.166747 0.159116 0.151397 0.143634 0.135868 0.128141 0.120492 0.112957 0.105572 0.0983662 0.09137 0.0846088 0.078105 0.0718781 0.0659442 0.0603164 0.0550049 0.0500168 0.0453567 0.0410268 0.0370271 0.0333558 0.0300093 0.026983 0.0242713 0.021868 0.0197665 0.0179604 0.0164433 0.0152096 0.0142542 0.0135732 0.0131641 
0.0143043 0.0144461 0.014882 0.0156145 0.0166469 0.0179839 0.0196306 0.0215935 0.0238791 0.0264945 0.0294465 0.0327415 0.0363855 0.0403832 0.0447377 0.0494508 0.0545219 0.0599482 0.065724 0.0718409 0.0782874 0.0850487 0.0921067 0.0994397 0.107023 0.114828 0.122823 0.130974 0.139243 0.14759 0.155973 0.164349 0.17267 0.18089 0.188963 0.19684 0.204473 0.211817 0.218824 0.225452 0.231658 0.237402 0.242646 0.247357 0.251504 0.255059 0.257999 0.260304 0.261959 0.262953 0.26328 0.262937 0.261927 0.260256 0.257936 0.254982 0.251414 0.247255 0.242533 0.237279 0.231527 0.225315 0.218683 0.211672 0.204327 0.196694 0.18882 0.180752 0.172538 0.164224 0.155859 0.147486 0.139151 0.130895 0.122758 0.114778 0.106987 0.0994193 0.0921011 0.0850576 0.07831 0.0718764 0.0657713 0.0600061 0.0545891 0.0495256 0.0448185 0.0404682 0.0364731 0.0328298 0.0295338 0.0265792 0.0239596 0.0216683 0.0196984 0.0180435 0.0166974 0.0156549 0.0149118 0.0144655 
0.0156699 0.0158248 0.0162997 0.0170975 0.0182216 0.0196768 0.0214687 0.0236039 0.0260893 0.0289322 0.0321397 0.0357184 0.0396743 0.044012 0.0487347 0.0538436 0.0593377 0.0652133 0.0714639 0.0780801 0.0850487 0.0923534 0.0999742 0.107887 0.116066 0.124479 0.133091 0.141867 0.150764 0.159741 0.168752 0.177748 0.186682 0.195504 0.204162 0.212607 0.220786 0.228652 0.236154 0.243247 0.249886 0.256029 0.261636 0.266671 0.271101 0.274899 0.278038 0.2805 0.282267 0.283328 0.283677 0.28331 0.282231 0.280446 0.277968 0.274812 0.270999 0.266555 0.261507 0.255889 0.249737 0.24309 0.23599 0.228484 0.220616 0.212436 0.203994 0.195339 0.186524 0.177597 0.16861 0.159611 0.150647 0.141763 0.133002 0.124405 0.116009 0.107846 0.0999495 0.0923446 0.0850552 0.0781011 0.0714984 0.0652599 0.059395 0.05391 0.0488085 0.0440913 0.0397573 0.0358032 0.0322244 0.0290151 0.0261686 0.0236781 0.0215363 0.0197365 0.0182723 0.0171383 0.01633 0.0158447 
0.0171103 0.0172789 0.0177948 0.0186609 0.019881 0.0214599 0.0234036 0.0257189 0.0284131 0.0314936 0.0349678 0.0388425 0.0431236 0.0478158 0.0529218 0.0584426 0.0643764 0.070719 0.0774627 0.0845968 0.0921067 0.0999742 0.108178 0.116691 0.125484 0.134524 0.143774 0.153193 0.162737 0.172361 0.182016 0.191651 0.201214 0.210652 0.21991 0.228935 0.237673 0.246071 0.254079 0.261647 0.268727 0.275276 0.281251 0.286616 0.291336 0.29538 0.298723 0.301343 0.303224 0.304353 0.304724 0.304333 0.303184 0.301283 0.298644 0.295283 0.291221 0.286486 0.281107 0.275118 0.268558 0.261468 0.253893 0.245879 0.237477 0.228738 0.219714 0.21046 0.201028 0.191472 0.181847 0.172203 0.162592 0.153062 0.143659 0.134426 0.125403 0.116627 0.108132 0.0999461 0.0920955 0.0846017 0.0774828 0.0707529 0.0644226 0.0584994 0.0529874 0.0478883 0.0432011 0.038923 0.0350492 0.031574 0.0284907 0.025792 0.0234705 0.0215193 0.0199317 0.0187019 0.0178254 0.0172993 
0.0186225 0.0188055 0.019364 0.0203014 0.0216214 0.0233291 0.0254309 0.0279336 0.0308449 0.0341725 0.0379238 0.0421058 0.0467245 0.0517841 0.0572875 0.0632348 0.0696239 0.0764494 0.0837026 0.0913714 0.0994397 0.107887 0.116691 0.125821 0.135247 0.144931 0.154834 0.164913 0.17512 0.185407 0.195721 0.206008 0.216212 0.226278 0.236147 0.245763 0.255069 0.264009 0.27253 0.280579 0.288107 0.295068 0.301417 0.307115 0.312127 0.316421 0.319969 0.32275 0.324746 0.325944 0.326336 0.325921 0.324701 0.322684 0.319882 0.316313 0.312 0.306971 0.301256 0.294892 0.287918 0.280379 0.272321 0.263793 0.254848 0.24554 0.235924 0.226058 0.215997 0.2058 0.195522 0.18522 0.174947 0.164755 0.154692 0.144807 0.135141 0.125734 0.116623 0.107839 0.0994094 0.0913589 0.0837069 0.0764692 0.0696577 0.0632808 0.0573439 0.0518489 0.0467955 0.042181 0.038001 0.0342496 0.0309201 0.0280049 0.0254966 0.0233878 0.0216717 0.0203424 0.0193948 0.0188262 
0.0202026 0.0204004 0.0210033 0.0220145 0.0234381 0.0252794 0.0275448 0.0302417 0.0333777 0.0369609 0.0409988 0.0454985 0.0504658 0.0559048 0.061818 0.0682051 0.0750631 0.0823856 0.0901629 0.0983812 0.107023 0.116066 0.125484 0.135247 0.145319 0.155662 0.166233 0.176984 0.187868 0.198829 0.209813 0.220763 0.231619 0.242322 0.252811 0.263025 0.272906 0.282394 0.291433 0.299968 0.307948 0.315323 0.322049 0.328083 0.333389 0.337933 0.341688 0.344631 0.346742 0.348009 0.348424 0.347985 0.346693 0.344558 0.341593 0.337816 0.33325 0.327924 0.321872 0.315129 0.307739 0.299747 0.291201 0.282153 0.272659 0.262775 0.25256 0.242073 0.231375 0.220525 0.209585 0.198612 0.187665 0.176797 0.166062 0.15551 0.145187 0.135135 0.125392 0.115995 0.106972 0.0983499 0.0901501 0.08239 0.0750832 0.0682392 0.061864 0.0559607 0.0505293 0.0455675 0.0410711 0.0370341 0.0334499 0.0303107 0.027609 0.025337 0.0234878 0.0220552 0.0210341 0.0204215 
0.0218458 0.0220589 0.0227075 0.023795 0.0253254 0.0273045 0.0297387 0.0326356 0.0360033 0.0398497 0.0441826 0.049009 0.0543346 0.0601635 0.0664975 0.0733358 0.0806745 0.0885062 0.0968198 0.1056 0.114828 0.124479 0.134524 0.144931 0.155662 0.166675 0.177924 0.18936 0.200928 0.212573 0.224236 0.235856 0.247371 0.258717 0.269831 0.280648 0.291108 0.301147 0.310707 0.31973 0.328163 0.335954 0.343057 0.349428 0.355028 0.359824 0.363785 0.366889 0.369116 0.370452 0.370889 0.370426 0.369063 0.366811 0.363682 0.359696 0.354877 0.349255 0.342864 0.335743 0.327935 0.319487 0.310451 0.300882 0.290835 0.280371 0.269552 0.258439 0.247097 0.235588 0.223977 0.212326 0.200695 0.189142 0.177725 0.166495 0.155502 0.144793 0.134408 0.124384 0.114755 0.105549 0.0967887 0.088494 0.0806797 0.0733567 0.0665321 0.0602095 0.0543898 0.049071 0.044249 0.0399182 0.0360717 0.0327019 0.0298008 0.0273606 0.0253742 0.0238352 0.0227382 0.0220802 
0.0235462 0.0237751 0.0244707 0.0256365 0.0272767 0.0293972 0.0320046 0.0351068 0.0387119 0.042828 0.0474631 0.0526241 0.0583164 0.0645439 0.0713079 0.0786068 0.086436 0.0947869 0.103647 0.112999 0.122823 0.133091 0.143774 0.154834 0.166233 0.177924 0.189859 0.201986 0.214246 0.226581 0.238928 0.251223 0.2634 0.275392 0.287133 0.298555 0.309594 0.320185 0.330265 0.339776 0.348662 0.356868 0.364347 0.371053 0.376947 0.381992 0.38616 0.389424 0.391765 0.39317 0.39363 0.393142 0.391709 0.38934 0.386048 0.381855 0.376784 0.370867 0.364139 0.35664 0.348414 0.339513 0.329987 0.319895 0.309296 0.298251 0.286825 0.275085 0.263095 0.250924 0.238638 0.226302 0.213982 0.201738 0.18963 0.177714 0.166044 0.154669 0.143631 0.132972 0.122727 0.112927 0.103596 0.094757 0.0864253 0.0786136 0.0713299 0.0645791 0.0583623 0.0526782 0.047523 0.0428912 0.038776 0.0351697 0.0320641 0.0294515 0.0273243 0.025676 0.0245011 0.0237966 
0.0252972 0.0255423 0.026286 0.0275318 0.0292842 0.0315491 0.0343335 0.0376452 0.0414926 0.0458839 0.050827 0.0563288 0.0623945 0.0690277 0.0762289 0.083996 0.0923232 0.101201 0.110615 0.120547 0.130974 0.141867 0.153193 0.164913 0.176984 0.18936 0.201986 0.214806 0.227762 0.240789 0.253822 0.266792 0.279632 0.29227 0.304637 0.316663 0.328279 0.339419 0.350018 0.360014 0.369349 0.377967 0.385819 0.392857 0.399041 0.404334 0.408705 0.412128 0.414583 0.416056 0.416538 0.416026 0.414523 0.412039 0.408587 0.404188 0.398868 0.392659 0.385596 0.377722 0.369083 0.35973 0.349718 0.339106 0.327956 0.316332 0.304302 0.291934 0.279297 0.266463 0.253501 0.240479 0.227466 0.214527 0.201725 0.18912 0.176767 0.164719 0.153023 0.141722 0.130854 0.120452 0.110544 0.101152 0.0922956 0.0839875 0.0762375 0.069051 0.0624302 0.0563742 0.0508796 0.045941 0.0415518 0.0377041 0.03439 0.0316012 0.0293302 0.0275703 0.026316 0.0255639 
0.0270912 0.0273529 0.0281455 0.0294727 0.0313392 0.033751 0.0367151 0.0402397 0.0443331 0.0490037 0.0542593 0.0601066 0.0665508 0.0735946 0.0812384 0.0894789 0.0983095 0.107719 0.117692 0.128209 0.139243 0.150764 0.162737 0.17512 0.187868 0.200928 0.214246 0.227762 0.241412 0.25513 0.268847 0.282491 0.29599 0.309271 0.32226 0.334885 0.347074 0.358758 0.36987 0.380346 0.390125 0.39915 0.40737 0.414736 0.421206 0.426743 0.431314 0.434893 0.43746 0.439 0.439504 0.438968 0.437397 0.434799 0.431189 0.426588 0.421022 0.414525 0.407132 0.398889 0.389841 0.380042 0.369549 0.358423 0.346727 0.334529 0.321898 0.308906 0.295627 0.282132 0.268495 0.254789 0.241085 0.227451 0.213954 0.200658 0.18762 0.174898 0.16254 0.150594 0.139099 0.128091 0.1176 0.107651 0.098264 0.0894544 0.0812327 0.0736054 0.0665755 0.0601426 0.0543039 0.0490541 0.0443868 0.0402942 0.0367681 0.0338004 0.0313834 0.0295101 0.0281749 0.0273744 
0.02892 0.0291983 0.0300404 0.0314501 0.033432 0.0359923 0.0391382 0.0428779 0.0472199 0.0521726 0.0577436 0.0639396 0.0707652 0.078223 0.0863123 0.0950293 0.104366 0.11431 0.124844 0.135947 0.14759 0.159741 0.172361 0.185407 0.198829 0.212573 0.226581 0.240789 0.25513 0.269535 0.283931 0.298243 0.312396 0.326313 0.339917 0.353133 0.365887 0.378108 0.389725 0.400672 0.410887 0.420312 0.428893 0.436581 0.443331 0.449107 0.453874 0.457607 0.460283 0.461888 0.462413 0.461855 0.460217 0.457507 0.453743 0.448944 0.443138 0.436358 0.428643 0.420036 0.410587 0.40035 0.389383 0.37775 0.365516 0.352751 0.339528 0.32592 0.312003 0.297854 0.283549 0.269163 0.254771 0.240447 0.226258 0.212272 0.198552 0.185155 0.172136 0.159544 0.147421 0.135805 0.12473 0.114221 0.104302 0.0949879 0.0862915 0.0782204 0.0707782 0.0639655 0.0577796 0.0522158 0.0472677 0.0429276 0.0391874 0.0360388 0.033474 0.031486 0.0300691 0.0292198 
0.0307741 0.0310694 0.0319613 0.033454 0.0355521 0.0382618 0.0415906 0.0455467 0.0501386 0.0553746 0.0612624 0.0678082 0.0750166 0.0828892 0.091425 0.100619 0.110462 0.12094 0.132035 0.143723 0.155973 0.168752 0.182016 0.195721 0.209813 0.224236 0.238928 0.253822 0.268847 0.283931 0.298998 0.313969 0.328766 0.343308 0.357517 0.371315 0.384624 0.39737 0.409482 0.420891 0.431533 0.441348 0.450281 0.458283 0.465307 0.471315 0.476274 0.480155 0.482938 0.484607 0.485153 0.484572 0.482869 0.480052 0.476136 0.471145 0.465105 0.458049 0.450019 0.441058 0.431217 0.420551 0.409121 0.396991 0.38423 0.370909 0.357103 0.342888 0.328344 0.31355 0.298585 0.283528 0.268457 0.253448 0.238574 0.223904 0.209506 0.19544 0.181763 0.168527 0.155778 0.143557 0.131898 0.120831 0.110379 0.10056 0.0913885 0.0828727 0.0750173 0.0678234 0.0612891 0.05541 0.0501798 0.045591 0.0416355 0.038305 0.0355916 0.0334883 0.0319891 0.0310907 
0.0326437 0.0329559 0.0338978 0.0354736 0.037688 0.0405473 0.0440591 0.0482316 0.0530733 0.0585925 0.0647967 0.071692 0.0792822 0.0875686 0.0965492 0.106218 0.116565 0.127575 0.139227 0.151496 0.164349 0.177748 0.191651 0.206008 0.220763 0.235856 0.251223 0.266792 0.282491 0.298243 0.313969 0.329587 0.345015 0.360171 0.374972 0.389337 0.403188 0.416447 0.42904 0.440899 0.451956 0.462151 0.471427 0.479732 0.487022 0.493255 0.498399 0.502425 0.505311 0.507042 0.507608 0.507006 0.505239 0.502317 0.498256 0.493078 0.486811 0.479489 0.471153 0.461848 0.451626 0.440543 0.428662 0.416048 0.402772 0.388908 0.374532 0.359725 0.344566 0.32914 0.313527 0.29781 0.282071 0.266388 0.250838 0.235494 0.220425 0.205697 0.191369 0.177496 0.164127 0.151305 0.139067 0.127444 0.116462 0.106141 0.0964965 0.0875375 0.07927 0.0716959 0.0648138 0.0586197 0.0531076 0.0482702 0.0440994 0.040587 0.0377249 0.0355061 0.0339246 0.032977 
0.0345181 0.0348472 0.0358389 0.0374975 0.0398277 0.0428359 0.0465298 0.0509175 0.0560076 0.0618084 0.0683269 0.0755691 0.0835382 0.092235 0.101657 0.111796 0.122642 0.134177 0.14638 0.159222 0.17267 0.186682 0.201214 0.216212 0.231619 0.247371 0.2634 0.279632 0.29599 0.312396 0.328766 0.345015 0.361059 0.376812 0.392189 0.407106 0.421483 0.435239 0.4483 0.460594 0.472053 0.482614 0.492221 0.50082 0.508365 0.514816 0.520138 0.524303 0.527289 0.529079 0.529664 0.529042 0.527214 0.524192 0.519991 0.514633 0.508147 0.500568 0.491937 0.4823 0.471709 0.460223 0.447905 0.434823 0.421047 0.406656 0.391726 0.376341 0.360584 0.34454 0.328295 0.311933 0.29554 0.279197 0.262984 0.246978 0.231252 0.215872 0.200904 0.186403 0.172422 0.159007 0.146196 0.134024 0.122519 0.111701 0.101587 0.0921891 0.0835129 0.0755614 0.0683339 0.0618269 0.0560346 0.0509501 0.0465652 0.0428717 0.0398617 0.037528 0.0358646 0.034868 
0.0363862 0.036732 0.037773 0.0395135 0.0419583 0.045114 0.048988 0.0535886 0.0589243 0.0650032 0.0718323 0.0794169 0.08776 0.0968616 0.106718 0.117321 0.128658 0.14071 0.153454 0.166859 0.18089 0.195504 0.210652 0.226278 0.242322 0.258717 0.275392 0.29227 0.309271 0.326313 0.343308 0.360171 0.376812 0.393143 0.409078 0.424529 0.439414 0.45365 0.467161 0.479874 0.491719 0.502633 0.512557 0.521437 0.529228 0.535887 0.541381 0.545679 0.548759 0.550606 0.55121 0.550568 0.548683 0.545565 0.541229 0.5357 0.529004 0.521179 0.512264 0.502308 0.491363 0.47949 0.466751 0.453216 0.43896 0.424058 0.408593 0.392649 0.376312 0.35967 0.34281 0.325822 0.308792 0.291806 0.274947 0.258295 0.241925 0.225909 0.210313 0.195197 0.180617 0.166619 0.153247 0.140535 0.128514 0.117207 0.106632 0.0968005 0.0877212 0.0793974 0.0718289 0.0650128 0.0589438 0.0536149 0.0490183 0.0451457 0.0419894 0.0395419 0.0377974 0.0367524 
0.0382362 0.0385985 0.039688 0.0415092 0.0440668 0.0473674 0.0514185 0.0562284 0.0618055 0.0681577 0.0752917 0.0832124 0.0919223 0.101421 0.111703 0.122759 0.134577 0.147134 0.160407 0.174363 0.188963 0.204162 0.21991 0.236147 0.252811 0.269831 0.287133 0.304637 0.32226 0.339917 0.357517 0.374972 0.392189 0.409078 0.425549 0.441513 0.456885 0.471582 0.485525 0.498639 0.510853 0.522104 0.532331 0.54148 0.549505 0.556363 0.562018 0.566443 0.569614 0.571516 0.572138 0.571477 0.569537 0.566327 0.561864 0.55617 0.549275 0.541215 0.53203 0.521769 0.510487 0.498242 0.485101 0.471133 0.456414 0.441023 0.425044 0.408562 0.391666 0.374446 0.356993 0.339399 0.321753 0.304145 0.286659 0.26938 0.252385 0.23575 0.219544 0.203829 0.188663 0.174098 0.160177 0.146938 0.134413 0.122627 0.1116 0.101344 0.0918697 0.0831807 0.0752777 0.0681581 0.0618172 0.0562482 0.0514435 0.047395 0.0440946 0.0415354 0.0397112 0.0386185 
0.0400561 0.0404345 0.0415715 0.0434715 0.0461394 0.0495816 0.0538059 0.0588202 0.064633 0.0712518 0.0786833 0.0869317 0.0959991 0.105884 0.116581 0.128079 0.140363 0.153412 0.167198 0.181688 0.19684 0.212607 0.228935 0.245763 0.263025 0.280648 0.298555 0.316663 0.334885 0.353133 0.371315 0.389337 0.407106 0.424529 0.441513 0.457968 0.473806 0.488942 0.503295 0.516791 0.529356 0.540927 0.551441 0.560845 0.569092 0.576137 0.581947 0.586492 0.589749 0.591702 0.592341 0.591662 0.58967 0.586374 0.58179 0.575942 0.568858 0.560575 0.551134 0.540585 0.528981 0.516384 0.502859 0.488479 0.473319 0.457461 0.44099 0.423993 0.406562 0.388788 0.370767 0.35259 0.334352 0.316143 0.298054 0.28017 0.262572 0.245339 0.228542 0.212247 0.196515 0.181399 0.166945 0.153194 0.14018 0.127928 0.116461 0.105792 0.0959329 0.0868879 0.0786586 0.071243 0.0646368 0.0588334 0.0538254 0.0496049 0.046164 0.0434954 0.0415933 0.0404541 
0.0418335 0.0422276 0.0434108 0.0453873 0.0481623 0.051742 0.0561342 0.0613469 0.0673882 0.0742656 0.0819852 0.0905511 0.0999646 0.110223 0.121321 0.133246 0.145981 0.159504 0.173786 0.18879 0.204473 0.220786 0.237673 0.255069 0.272906 0.291108 0.309594 0.328279 0.347074 0.365887 0.384624 0.403188 0.421483 0.439414 0.456885 0.473806 0.490085 0.505637 0.520379 0.534236 0.547133 0.559005 0.569791 0.579435 0.58789 0.595113 0.601068 0.605725 0.609063 0.611064 0.611719 0.611024 0.608983 0.605606 0.600909 0.594915 0.587653 0.57916 0.569478 0.558656 0.54675 0.533819 0.519932 0.505161 0.489584 0.473283 0.456345 0.438859 0.420918 0.402617 0.384053 0.36532 0.346516 0.327734 0.309067 0.290602 0.272426 0.254619 0.237254 0.220402 0.204124 0.188477 0.17351 0.159266 0.145778 0.133077 0.121184 0.110117 0.0998848 0.0904952 0.0819499 0.0742475 0.067384 0.0613534 0.0561483 0.0517609 0.0481835 0.0454089 0.0434311 0.0422468 
0.0435563 0.0439655 0.0451931 0.0472434 0.0501215 0.0538338 0.0583877 0.0637913 0.0700526 0.0771787 0.0851756 0.0940467 0.103793 0.114411 0.125893 0.138228 0.151396 0.165373 0.180129 0.195625 0.211817 0.228652 0.246071 0.264009 0.282394 0.301147 0.320185 0.339419 0.358758 0.378108 0.39737 0.416447 0.435239 0.45365 0.471582 0.488942 0.505637 0.52158 0.536688 0.550884 0.564092 0.576247 0.587287 0.597157 0.605807 0.613195 0.619285 0.624048 0.62746 0.629507 0.630176 0.629466 0.62738 0.623927 0.619124 0.612994 0.605567 0.596878 0.58697 0.575893 0.563702 0.550459 0.536232 0.521094 0.505124 0.488405 0.471026 0.453078 0.434656 0.415856 0.396778 0.377518 0.358177 0.33885 0.319633 0.300617 0.281889 0.263534 0.245628 0.228243 0.211444 0.19529 0.179832 0.165114 0.151173 0.138041 0.12574 0.114289 0.1037 0.0939788 0.0851297 0.0771515 0.0700406 0.0637912 0.0583963 0.0538483 0.0501394 0.0472627 0.045212 0.0439841 
0.0452119 0.0456356 0.0469057 0.0490266 0.0520032 0.055842 0.0605505 0.0661365 0.0726078 0.0799714 0.0882327 0.0973949 0.107458 0.118418 0.130267 0.142991 0.156571 0.17098 0.186187 0.20215 0.218824 0.236154 0.254079 0.27253 0.291433 0.310707 0.330265 0.350018 0.36987 0.389725 0.409482 0.42904 0.4483 0.467161 0.485525 0.503295 0.520379 0.536688 0.552138 0.566649 0.580148 0.592566 0.603843 0.613921 0.622752 0.630294 0.636509 0.64137 0.644852 0.64694 0.647624 0.6469 0.644772 0.641249 0.636348 0.630092 0.62251 0.61364 0.603522 0.592208 0.579753 0.566219 0.551674 0.536193 0.519856 0.502747 0.484955 0.466574 0.4477 0.428432 0.40887 0.389115 0.369267 0.349426 0.32969 0.310153 0.290905 0.272031 0.253612 0.235723 0.21843 0.201794 0.185869 0.170702 0.156331 0.142788 0.130099 0.118282 0.107352 0.0973155 0.0881766 0.0799352 0.0725881 0.0661298 0.0605537 0.0558522 0.0520178 0.0490434 0.0469231 0.0456536 
0.0467882 0.0472256 0.048536 0.0507237 0.0537937 0.0577524 0.0626072 0.0683658 0.0750358 0.082624 0.0911355 0.100573 0.110936 0.122219 0.134414 0.147506 0.161474 0.17629 0.191921 0.208325 0.225452 0.243247 0.261647 0.280579 0.299968 0.31973 0.339776 0.360014 0.380346 0.400672 0.420891 0.440899 0.460594 0.479874 0.498639 0.516791 0.534236 0.550884 0.566649 0.581453 0.59522 0.607881 0.619375 0.629646 0.638644 0.646327 0.652658 0.657609 0.661156 0.663282 0.663978 0.663242 0.661075 0.657488 0.652497 0.646125 0.638401 0.629363 0.619053 0.60752 0.59482 0.581017 0.566179 0.55038 0.533703 0.516231 0.498057 0.479273 0.459979 0.440274 0.420261 0.400043 0.379723 0.359402 0.33918 0.319155 0.299418 0.280058 0.261158 0.242794 0.225036 0.207948 0.191584 0.175993 0.161216 0.147286 0.13423 0.122069 0.110817 0.100482 0.0910695 0.0825792 0.0750086 0.0683528 0.0626052 0.0577584 0.0538051 0.0507383 0.048552 0.0472432 
0.0482733 0.0487236 0.0500718 0.0523222 0.0554797 0.0595508 0.0645427 0.070463 0.0773192 0.0851177 0.0938633 0.103558 0.114201 0.125787 0.138305 0.15174 0.166071 0.181267 0.197294 0.214108 0.231658 0.249886 0.268727 0.288107 0.307948 0.328163 0.348662 0.369349 0.390125 0.410887 0.431533 0.451956 0.472053 0.491719 0.510853 0.529356 0.547133 0.564092 0.580148 0.59522 0.609232 0.622116 0.633809 0.644256 0.653407 0.661218 0.667655 0.672688 0.676293 0.678454 0.679163 0.678414 0.676212 0.672566 0.667493 0.661016 0.653163 0.643972 0.633485 0.621752 0.608829 0.594779 0.579672 0.563583 0.546592 0.528788 0.51026 0.491106 0.471424 0.451317 0.430887 0.410241 0.389483 0.368717 0.348046 0.327567 0.307377 0.287565 0.268218 0.249413 0.231222 0.213712 0.196938 0.180952 0.165796 0.151505 0.138107 0.125624 0.114071 0.103457 0.0937879 0.0850646 0.0772848 0.0704439 0.0645356 0.0595527 0.055488 0.0523345 0.0500865 0.0487407 
