5.25939e-18 4.62454e-18 9.7697e-18 2.68705e-17 7.53064e-17 2.07347e-16 5.58332e-16 1.46933e-15 3.77815e-15 9.49093e-15 2.32892e-14 5.58182e-14 1.3066e-13 2.98703e-13 6.66897e-13 1.45414e-12 3.09673e-12 6.4413e-12 1.30874e-11 2.5977e-11 5.0376e-11 9.5457e-11 1.76762e-10 3.199e-10 5.65877e-10 9.78467e-10 1.65391e-09 2.73295e-09 4.41485e-09 6.97203e-09 1.07634e-08 1.6243e-08 2.39598e-08 3.45435e-08 4.86728e-08 6.70209e-08 9.01813e-08 1.18577e-07 1.52361e-07 1.91333e-07 2.34875e-07 2.8194e-07 3.31088e-07 3.80585e-07 4.28535e-07 4.73039e-07 5.12343e-07 5.44942e-07 5.69654e-07 5.85633e-07 5.92359e-07 5.89617e-07 5.77489e-07 5.5636e-07 5.26942e-07 4.90289e-07 4.47793e-07 4.01133e-07 3.52172e-07 3.0282e-07 2.54882e-07 2.09911e-07 1.69099e-07 1.33223e-07 1.02638e-07 7.73258e-08 5.697e-08 4.10496e-08 2.89307e-08 1.99456e-08 1.34532e-08 8.87844e-09 5.73361e-09 3.62355e-09 2.24122e-09 1.35674e-09 8.0387e-10 4.66179e-10 2.64603e-10 1.46995e-10 7.99209e-11 4.25255e-11 2.21437e-11 1.12834e-11 5.62612e-12 2.74499e-12 1.31048e-12 6.12181e-13 2.79834e-13 1.25173e-13 5.47948e-14 2.34761e-14 9.84506e-15 4.04178e-15 1.62463e-15 6.39497e-16 2.46555e-16 9.31499e-17 3.45708e-17 1.28683e-17 
4.62454e-18 4.05691e-18 8.72541e-18 2.44247e-17 6.9558e-17 1.94512e-16 5.31806e-16 1.42062e-15 3.70695e-15 9.44699e-15 2.35096e-14 5.7124e-14 1.35512e-13 3.13827e-13 7.09487e-13 1.56581e-12 3.37351e-12 7.09573e-12 1.45718e-11 2.92193e-11 5.72155e-11 1.09419e-10 2.04387e-10 3.72945e-10 6.64829e-10 1.15794e-09 1.97063e-09 3.27708e-09 5.32528e-09 8.45622e-09 1.31215e-08 1.98951e-08 2.94747e-08 4.26643e-08 6.03344e-08 8.33537e-08 1.12493e-07 1.48308e-07 1.91012e-07 2.40362e-07 2.95578e-07 3.55325e-07 4.17759e-07 4.80657e-07 5.41587e-07 5.98121e-07 6.48016e-07 6.89365e-07 7.20673e-07 7.40879e-07 7.49336e-07 7.45779e-07 7.3031e-07 7.03412e-07 6.65981e-07 6.19351e-07 5.65294e-07 5.05952e-07 4.43709e-07 3.81015e-07 3.20181e-07 2.63189e-07 2.11557e-07 1.66262e-07 1.27738e-07 9.59417e-08 7.04479e-08 5.0575e-08 3.5502e-08 2.43706e-08 1.63614e-08 1.07438e-08 6.90108e-09 4.33638e-09 2.66571e-09 1.6032e-09 9.43316e-10 5.43029e-10 3.05829e-10 1.68503e-10 9.0823e-11 4.78876e-11 2.46984e-11 1.246e-11 6.1483e-12 2.96737e-12 1.40078e-12 6.46775e-13 2.92108e-13 1.29052e-13 5.57771e-14 2.35866e-14 9.75993e-15 3.95247e-15 1.56676e-15 6.08043e-16 2.3108e-16 8.60362e-17 3.14561e-17 1.15233e-17 
9.7697e-18 8.72541e-18 1.90751e-17 5.37754e-17 1.53872e-16 4.32056e-16 1.18565e-15 3.17785e-15 8.31688e-15 2.12501e-14 5.29991e-14 1.29012e-13 3.0648e-13 7.10491e-13 1.60725e-12 3.54793e-12 7.64272e-12 1.60667e-11 3.29646e-11 6.60173e-11 1.29066e-10 2.4636e-10 4.59191e-10 8.35877e-10 1.48619e-09 2.58133e-09 4.3802e-09 7.26209e-09 1.17645e-08 1.86229e-08 2.88064e-08 4.35409e-08 6.43079e-08 9.28056e-08 1.30861e-07 1.80281e-07 2.42654e-07 3.19097e-07 4.09995e-07 5.14765e-07 6.31699e-07 7.57926e-07 8.89529e-07 1.02181e-06 1.14969e-06 1.26808e-06 1.37235e-06 1.45857e-06 1.52367e-06 1.56551e-06 1.58279e-06 1.57496e-06 1.54226e-06 1.48568e-06 1.40705e-06 1.30913e-06 1.19559e-06 1.07088e-06 9.3996e-07 8.07968e-07 6.79747e-07 5.59475e-07 4.50363e-07 3.54494e-07 2.72821e-07 2.05286e-07 1.51031e-07 1.08649e-07 7.64317e-08 5.2583e-08 3.53816e-08 2.32865e-08 1.49916e-08 9.44127e-09 5.81647e-09 3.5054e-09 2.0666e-09 1.1918e-09 6.72287e-10 3.70925e-10 2.00155e-10 1.05624e-10 5.45066e-11 2.7504e-11 1.35701e-11 6.54631e-12 3.08767e-12 1.42394e-12 6.42088e-13 2.83117e-13 1.2208e-13 5.14848e-14 2.12386e-14 8.57148e-15 3.38489e-15 1.30821e-15 4.94942e-16 1.83391e-16 6.67077e-17 2.4316e-17 
2.68705e-17 2.44247e-17 5.37754e-17 1.51461e-16 4.3242e-16 1.21116e-15 3.3149e-15 8.85995e-15 2.31194e-14 5.88875e-14 1.46387e-13 3.55108e-13 8.40524e-13 1.94107e-12 4.37337e-12 9.61337e-12 2.06173e-11 4.31433e-11 8.80965e-11 1.75558e-10 3.41477e-10 6.48406e-10 1.20213e-09 2.17642e-09 3.84852e-09 6.64769e-09 1.12184e-08 1.84979e-08 2.98047e-08 4.693e-08 7.22166e-08 1.08606e-07 1.59625e-07 2.29285e-07 3.2186e-07 4.41534e-07 5.91921e-07 7.75483e-07 9.92928e-07 1.24267e-06 1.5205e-06 1.8195e-06 2.13036e-06 2.44203e-06 2.74259e-06 3.02025e-06 3.26427e-06 3.4656e-06 3.61726e-06 3.71434e-06 3.75389e-06 3.73476e-06 3.65744e-06 3.52424e-06 3.33938e-06 3.10921e-06 2.84222e-06 2.54872e-06 2.24029e-06 1.92889e-06 1.62588e-06 1.3411e-06 1.08216e-06 8.5408e-07 6.59231e-07 4.97618e-07 3.67351e-07 2.65224e-07 1.87293e-07 1.2937e-07 8.74136e-08 5.77801e-08 3.73634e-08 2.3637e-08 1.46289e-08 8.85716e-09 5.24593e-09 3.03926e-09 1.72225e-09 9.54488e-10 5.17308e-10 2.74153e-10 1.42057e-10 7.19653e-11 3.56411e-11 1.72555e-11 8.16666e-12 3.7784e-12 1.70896e-12 7.55695e-13 3.2673e-13 1.38137e-13 5.71181e-14 2.31019e-14 9.14143e-15 3.53965e-15 1.3415e-15 4.9787e-16 1.81387e-16 6.62728e-17 
7.53064e-17 6.9558e-17 1.53872e-16 4.3242e-16 1.23055e-15 3.43485e-15 9.36784e-15 2.4947e-14 6.48531e-14 1.64548e-13 4.07408e-13 9.842e-13 2.31956e-12 5.33289e-12 1.19601e-11 2.61651e-11 5.58388e-11 1.16253e-10 2.3614e-10 4.68047e-10 9.05375e-10 1.70948e-09 3.15118e-09 5.67208e-09 9.97129e-09 1.71229e-08 2.87273e-08 4.70937e-08 7.54458e-08 1.18128e-07 1.80781e-07 2.70426e-07 3.95418e-07 5.65172e-07 7.89621e-07 1.07838e-06 1.43959e-06 1.8786e-06 2.39657e-06 2.98929e-06 3.64641e-06 4.35139e-06 5.08224e-06 5.81306e-06 6.51614e-06 7.16423e-06 7.73261e-06 8.2006e-06 8.55229e-06 8.77658e-06 8.86686e-06 8.8205e-06 8.63875e-06 8.32684e-06 7.89445e-06 7.35614e-06 6.73141e-06 6.04405e-06 5.32083e-06 4.58952e-06 3.8766e-06 3.20513e-06 2.59311e-06 2.05255e-06 1.58933e-06 1.20384e-06 8.91982e-07 6.46538e-07 4.58461e-07 3.18054e-07 2.15878e-07 1.43363e-07 9.31515e-08 5.92193e-08 3.68335e-08 2.24133e-08 1.3342e-08 7.76865e-09 4.42424e-09 2.46404e-09 1.34191e-09 7.14526e-10 3.71949e-10 1.8927e-10 9.4142e-11 4.57685e-11 2.17483e-11 1.01009e-11 4.58555e-12 2.03492e-12 8.82818e-13 3.74468e-13 1.55326e-13 6.30134e-14 2.50072e-14 9.71025e-15 3.69012e-15 1.37313e-15 5.01607e-16 1.83909e-16 
2.07347e-16 1.94512e-16 4.32056e-16 1.21116e-15 3.43485e-15 9.55333e-15 2.59587e-14 6.88675e-14 1.78333e-13 4.50657e-13 1.11118e-12 2.67286e-12 6.27156e-12 1.43531e-11 3.20378e-11 6.97468e-11 1.48095e-10 3.0672e-10 6.19687e-10 1.22149e-09 2.34946e-09 4.41049e-09 8.08233e-09 1.44614e-08 2.52697e-08 4.31319e-08 7.19264e-08 1.17205e-07 1.86656e-07 2.90554e-07 4.42127e-07 6.57712e-07 9.56569e-07 1.3602e-06 1.89107e-06 2.57061e-06 3.41662e-06 4.44027e-06 5.64303e-06 7.01405e-06 8.52864e-06 1.01482e-05 1.18223e-05 1.34918e-05 1.50939e-05 1.65673e-05 1.78569e-05 1.89164e-05 1.97108e-05 2.02156e-05 2.04163e-05 2.03073e-05 1.98914e-05 1.91802e-05 1.81953e-05 1.69692e-05 1.55453e-05 1.39772e-05 1.2325e-05 1.06516e-05 9.01703e-06 7.47392e-06 6.06374e-06 4.81453e-06 3.74058e-06 2.84364e-06 2.11523e-06 1.53955e-06 1.09647e-06 7.64153e-07 5.21133e-07 3.47779e-07 2.27111e-07 1.45123e-07 9.07336e-08 5.5501e-08 3.32115e-08 1.94392e-08 1.11279e-08 6.22922e-09 3.40939e-09 1.82426e-09 9.54142e-10 4.87763e-10 2.43692e-10 1.18984e-10 5.67733e-11 2.64734e-11 1.20644e-11 5.37356e-12 2.33952e-12 9.95759e-13 4.14395e-13 1.68649e-13 6.71352e-14 2.61462e-14 9.9649e-15 3.71851e-15 1.36227e-15 5.01313e-16 
5.58332e-16 5.31806e-16 1.18565e-15 3.3149e-15 9.36784e-15 2.59587e-14 7.02694e-14 1.85698e-13 4.78948e-13 1.20536e-12 2.95945e-12 7.0877e-12 1.65555e-11 3.77125e-11 8.37736e-11 1.81469e-10 3.83336e-10 7.8971e-10 1.58677e-09 3.11012e-09 5.94751e-09 1.10988e-08 2.02161e-08 3.59504e-08 6.24306e-08 1.05897e-07 1.75493e-07 2.84196e-07 4.4982e-07 6.95973e-07 1.05278e-06 1.55711e-06 2.25205e-06 3.18518e-06 4.40566e-06 5.9597e-06 7.88484e-06 1.02034e-05 1.29157e-05 1.59949e-05 1.9384e-05 2.29957e-05 2.67173e-05 3.04181e-05 3.39605e-05 3.72109e-05 4.00493e-05 4.23766e-05 4.41173e-05 4.52194e-05 4.56523e-05 4.54042e-05 4.44812e-05 4.29085e-05 4.07323e-05 3.80228e-05 3.48743e-05 3.1403e-05 2.77402e-05 2.40234e-05 2.03851e-05 1.69419e-05 1.37863e-05 1.09822e-05 8.563e-06 6.53488e-06 4.88103e-06 3.56819e-06 2.553e-06 1.7878e-06 1.22533e-06 8.21937e-07 5.39581e-07 3.46638e-07 2.17901e-07 1.34015e-07 8.06307e-08 4.74499e-08 2.73079e-08 1.5367e-08 8.45402e-09 4.54621e-09 2.3894e-09 1.22725e-09 6.15945e-10 3.02063e-10 1.4474e-10 6.7768e-11 3.10043e-11 1.38618e-11 6.05705e-12 2.58709e-12 1.08029e-12 4.41092e-13 1.76145e-13 6.88115e-14 2.63039e-14 9.84426e-15 3.61717e-15 1.33622e-15 
1.46933e-15 1.42062e-15 3.17785e-15 8.85995e-15 2.4947e-14 6.88675e-14 1.85698e-13 4.88784e-13 1.25551e-12 3.14643e-12 7.69185e-12 1.83394e-11 4.26402e-11 9.66703e-11 2.13686e-10 4.60534e-10 9.67731e-10 1.98282e-09 3.96182e-09 7.72058e-09 1.46768e-08 2.72227e-08 4.92783e-08 8.708e-08 1.50257e-07 2.53234e-07 4.16959e-07 6.70895e-07 1.05512e-06 1.62227e-06 2.43887e-06 3.5856e-06 5.15573e-06 7.25125e-06 9.97615e-06 1.34266e-05 1.76787e-05 2.27745e-05 2.87086e-05 3.5417e-05 4.27714e-05 5.0581e-05 5.86017e-05 6.65543e-05 7.41461e-05 8.10951e-05 8.71497e-05 9.21032e-05 9.57994e-05 9.81311e-05 9.90357e-05 9.84895e-05 9.65056e-05 9.3136e-05 8.84772e-05 8.26753e-05 7.59279e-05 6.84793e-05 6.06073e-05 5.26034e-05 4.47501e-05 3.72978e-05 3.04474e-05 2.43392e-05 1.905e-05 1.45976e-05 1.0951e-05 8.04259e-06 5.78237e-06 4.0698e-06 2.80402e-06 1.89106e-06 1.24829e-06 8.06422e-07 5.09793e-07 3.15315e-07 1.90784e-07 1.12903e-07 6.5336e-08 3.69659e-08 2.04444e-08 1.10508e-08 5.83716e-09 3.0126e-09 1.51907e-09 7.48314e-10 3.60127e-10 1.69317e-10 7.77748e-11 3.4907e-11 1.53099e-11 6.5627e-12 2.74992e-12 1.1266e-12 4.5136e-13 1.76883e-13 6.78238e-14 2.54597e-14 9.38367e-15 3.48019e-15 
3.77815e-15 3.70695e-15 8.31688e-15 2.31194e-14 6.48531e-14 1.78333e-13 4.78948e-13 1.25551e-12 3.21142e-12 8.01351e-12 1.95033e-11 4.62889e-11 1.07119e-10 2.41672e-10 5.31532e-10 1.13962e-09 2.38189e-09 4.85336e-09 9.642e-09 1.86793e-08 3.52943e-08 6.5058e-08 1.1702e-07 2.05448e-07 3.52176e-07 5.89605e-07 9.64348e-07 1.54134e-06 2.40809e-06 3.67835e-06 5.49455e-06 8.02758e-06 1.1473e-05 1.6042e-05 2.1947e-05 2.93809e-05 3.84916e-05 4.93539e-05 6.19421e-05 7.61094e-05 9.15773e-05 0.000107941 0.000124689 0.000141243 0.000157002 0.00017139 0.000183898 0.000194107 0.000201707 0.000206484 0.000208315 0.000207153 0.000203025 0.000196036 0.000186379 0.000174348 0.000160344 0.000144863 0.000128472 0.000111772 9.5343e-05 7.97083e-05 6.52893e-05 5.23856e-05 4.11672e-05 3.16827e-05 2.3878e-05 1.76223e-05 1.27348e-05 9.01101e-06 6.24269e-06 4.23399e-06 2.811e-06 1.8266e-06 1.16152e-06 7.22654e-07 4.39812e-07 2.61784e-07 1.52357e-07 8.66829e-08 4.82021e-08 2.61928e-08 1.39063e-08 7.21272e-09 3.65432e-09 1.80847e-09 8.74188e-10 4.12762e-10 1.90381e-10 8.57858e-11 3.77688e-11 1.62497e-11 6.83333e-12 2.8092e-12 1.12926e-12 4.43992e-13 1.70785e-13 6.43095e-14 2.37781e-14 8.85506e-15 
9.49093e-15 9.44699e-15 2.12501e-14 5.88875e-14 1.64548e-13 4.50657e-13 1.20536e-12 3.14643e-12 8.01351e-12 1.99079e-11 4.82321e-11 1.13939e-10 2.62403e-10 5.89075e-10 1.28897e-09 2.74898e-09 5.7142e-09 1.15776e-08 2.28668e-08 4.40333e-08 8.26857e-08 1.51446e-07 2.70632e-07 4.71987e-07 8.03612e-07 1.33621e-06 2.17047e-06 3.44527e-06 5.34584e-06 8.11051e-06 1.20345e-05 1.74682e-05 2.48078e-05 3.44759e-05 4.68909e-05 6.24251e-05 8.13531e-05 0.000103798 0.000129676 0.000158665 0.000190177 0.000223382 0.000257245 0.000290608 0.000322275 0.00035111 0.000376115 0.00039648 0.000411602 0.000421073 0.000424658 0.00042227 0.000413963 0.000399937 0.000380567 0.000356424 0.000328292 0.000297145 0.000264103 0.000230356 0.000197069 0.00016529 0.000135879 0.000109455 8.63846e-05 6.67886e-05 5.05825e-05 3.75234e-05 2.72632e-05 1.93995e-05 1.35175e-05 9.22247e-06 6.1599e-06 4.02717e-06 2.57655e-06 1.61285e-06 9.87556e-07 5.91336e-07 3.46182e-07 1.98092e-07 1.10771e-07 6.05196e-08 3.23001e-08 1.6838e-08 8.57275e-09 4.26253e-09 2.06981e-09 9.8157e-10 4.54644e-10 2.05697e-10 9.09177e-11 3.92652e-11 1.65726e-11 6.83736e-12 2.75807e-12 1.08805e-12 4.19907e-13 1.58628e-13 5.88457e-14 2.20079e-14 
2.32892e-14 2.35096e-14 5.29991e-14 1.46387e-13 4.07408e-13 1.11118e-12 2.95945e-12 7.69185e-12 1.95033e-11 4.82321e-11 1.16311e-10 2.73446e-10 6.26648e-10 1.39964e-09 3.04658e-09 6.46232e-09 1.33581e-08 2.6909e-08 5.28315e-08 1.0111e-07 1.88664e-07 3.43307e-07 6.09397e-07 1.05556e-06 1.78474e-06 2.94673e-06 4.75261e-06 7.49043e-06 1.15402e-05 1.73854e-05 2.56183e-05 3.69335e-05 5.21065e-05 7.1953e-05 9.72665e-05 0.000128736 0.000166848 0.000211782 0.000263314 0.000320753 0.000382907 0.000448126 0.000514387 0.000579444 0.000641004 0.000696904 0.000745257 0.000784546 0.000813646 0.000831807 0.000838598 0.000833863 0.000817701 0.000790485 0.000752913 0.000706057 0.00065139 0.000590762 0.000526309 0.00046031 0.000395015 0.000332469 0.000274362 0.000221939 0.000175956 0.000136705 0.00010407 7.76229e-05 5.67194e-05 4.05979e-05 2.84606e-05 1.95382e-05 1.31324e-05 8.64025e-06 5.56322e-06 3.50454e-06 2.15934e-06 1.30099e-06 7.66251e-07 4.41059e-07 2.48055e-07 1.3628e-07 7.31262e-08 3.8319e-08 1.96071e-08 9.79612e-09 4.77895e-09 2.2765e-09 1.05899e-09 4.81127e-10 2.13517e-10 9.25739e-11 3.92208e-11 1.6241e-11 6.57482e-12 2.60282e-12 1.00792e-12 3.8204e-13 1.42211e-13 5.34211e-14 
5.58182e-14 5.7124e-14 1.29012e-13 3.55108e-13 9.842e-13 2.67286e-12 7.0877e-12 1.83394e-11 4.62889e-11 1.13939e-10 2.73446e-10 6.39715e-10 1.45861e-09 3.24094e-09 7.01674e-09 1.48015e-08 3.04214e-08 6.09215e-08 1.18883e-07 2.26095e-07 4.19151e-07 7.57648e-07 1.33571e-06 2.29746e-06 3.85691e-06 6.32199e-06 1.01219e-05 1.58358e-05 2.42186e-05 3.62202e-05 5.2989e-05 7.58553e-05 0.000106284 0.000145791 0.000195825 0.000257605 0.000331946 0.000419064 0.000518413 0.000628568 0.000747194 0.00087112 0.000996523 0.0011192 0.00123491 0.00133968 0.00143006 0.00150333 0.00155745 0.00159111 0.00160355 0.00159449 0.00156411 0.00151308 0.00144265 0.00135475 0.00125206 0.00113795 0.00101636 0.000891503 0.00076758 0.000648437 0.000537299 0.000436579 0.000347797 0.000271607 0.0002079 0.000155958 0.000114643 8.25671e-05 5.82516e-05 4.02498e-05 2.72316e-05 1.80353e-05 1.16893e-05 7.41213e-06 4.5967e-06 2.78718e-06 1.65183e-06 9.56587e-07 5.41168e-07 2.99013e-07 1.61333e-07 8.49905e-08 4.37114e-08 2.19472e-08 1.07578e-08 5.1482e-09 2.40551e-09 1.09758e-09 4.89118e-10 2.12921e-10 9.0562e-11 3.7644e-11 1.5296e-11 6.07726e-12 2.36171e-12 8.98292e-13 3.35575e-13 1.26636e-13 
1.3066e-13 1.35512e-13 3.0648e-13 8.40524e-13 2.31956e-12 6.27156e-12 1.65555e-11 4.26402e-11 1.07119e-10 2.62403e-10 6.26648e-10 1.45861e-09 3.30854e-09 7.31218e-09 1.57443e-08 3.30243e-08 6.74791e-08 1.3432e-07 2.60488e-07 4.92232e-07 9.06511e-07 1.62745e-06 2.84911e-06 4.86552e-06 8.10844e-06 1.31921e-05 2.09627e-05 3.2548e-05 4.94005e-05 7.33239e-05 0.000106471 0.0001513 0.000210478 0.000286717 0.000382549 0.000500037 0.000640454 0.000803958 0.000989307 0.00119368 0.00141265 0.00164034 0.00186976 0.00209335 0.00230352 0.00249324 0.00265646 0.00278844 0.00288569 0.00294596 0.00296796 0.00295125 0.00289613 0.00280373 0.00267621 0.00251692 0.00233054 0.002123 0.00190128 0.00167292 0.00144547 0.00122593 0.00102024 0.000832921 0.000666934 0.000523678 0.000403162 0.00030427 0.000225076 0.000163157 0.000115877 8.06107e-05 5.49126e-05 3.66187e-05 2.3897e-05 1.52561e-05 9.52467e-06 5.8132e-06 3.46734e-06 2.0205e-06 1.14997e-06 6.39122e-07 3.46789e-07 1.83686e-07 9.49687e-08 4.79251e-08 2.36065e-08 1.13504e-08 5.32776e-09 2.44171e-09 1.09278e-09 4.77689e-10 2.04e-10 8.51315e-11 3.47249e-11 1.38485e-11 5.40149e-12 2.06194e-12 7.73138e-13 2.9315e-13 
2.98703e-13 3.13827e-13 7.10491e-13 1.94107e-12 5.33289e-12 1.43531e-11 3.77125e-11 9.66703e-11 2.41672e-10 5.89075e-10 1.39964e-09 3.24094e-09 7.31218e-09 1.60722e-08 3.44114e-08 7.17616e-08 1.45757e-07 2.88353e-07 5.5566e-07 1.04314e-06 1.90813e-06 3.40186e-06 5.91298e-06 1.00239e-05 1.65798e-05 2.6769e-05 4.2208e-05 6.50239e-05 9.79198e-05 0.000144206 0.000207779 0.000293018 0.000404595 0.000547169 0.000724975 0.000941326 0.00119806 0.00149499 0.00182947 0.00219612 0.00258685 0.00299113 0.00339669 0.00379033 0.00415902 0.00449076 0.00477538 0.0050049 0.00517361 0.00527779 0.00531539 0.00528568 0.00518917 0.00502771 0.00480485 0.00452616 0.0041995 0.00383494 0.00344436 0.00304076 0.00263725 0.0022461 0.00187789 0.00154082 0.00124045 0.000979622 0.000758773 0.000576307 0.000429133 0.000313201 0.000223993 0.000156927 0.000107663 7.23089e-05 4.75236e-05 3.05529e-05 1.92067e-05 1.18018e-05 7.08572e-06 4.15548e-06 2.37979e-06 1.33055e-06 7.26147e-07 3.86774e-07 2.01048e-07 1.01986e-07 5.04879e-08 2.43936e-08 1.15041e-08 5.29641e-09 2.3809e-09 1.04526e-09 4.48259e-10 1.8783e-10 7.69215e-11 3.07965e-11 1.20579e-11 4.62023e-12 1.73908e-12 6.62662e-13 
6.66897e-13 7.09487e-13 1.60725e-12 4.37337e-12 1.19601e-11 3.20378e-11 8.37736e-11 2.13686e-10 5.31532e-10 1.28897e-09 3.04658e-09 7.01674e-09 1.57443e-08 3.44114e-08 7.32511e-08 1.51851e-07 3.06547e-07 6.0263e-07 1.15375e-06 2.15145e-06 3.90837e-06 6.91852e-06 1.19378e-05 2.00857e-05 3.29678e-05 5.28123e-05 8.26107e-05 0.000126246 0.00018858 0.000275484 0.000393754 0.000550906 0.000754804 0.00101312 0.0013326 0.00171826 0.00217245 0.00269403 0.00327765 0.00391346 0.00458714 0.00528057 0.00597288 0.00664201 0.00726634 0.00782622 0.00830514 0.00869032 0.0089727 0.00914648 0.00920849 0.00915762 0.00899468 0.00872255 0.00834681 0.00787634 0.00732382 0.00670562 0.0060413 0.00535234 0.00466071 0.0039872 0.00334993 0.00276329 0.00223734 0.00177767 0.00138574 0.00105956 0.000794461 0.000583977 0.000420688 0.000296903 0.000205208 0.000138843 9.1923e-05 5.95259e-05 3.76867e-05 2.33182e-05 1.40949e-05 8.3204e-06 4.7953e-06 2.69757e-06 1.48094e-06 7.93331e-07 4.14663e-07 2.11473e-07 1.05232e-07 5.10984e-08 2.42153e-08 1.12012e-08 5.05842e-09 2.23066e-09 9.60784e-10 4.043e-10 1.66259e-10 6.6834e-11 2.62717e-11 1.0106e-11 3.81923e-12 1.46274e-12 
1.45414e-12 1.56581e-12 3.54793e-12 9.61337e-12 2.61651e-11 6.97468e-11 1.81469e-10 4.60534e-10 1.13962e-09 2.74898e-09 6.46232e-09 1.48015e-08 3.30243e-08 7.17616e-08 1.51851e-07 3.12874e-07 6.27651e-07 1.22593e-06 2.3315e-06 4.31797e-06 7.7889e-06 1.36879e-05 2.34421e-05 3.91403e-05 6.37396e-05 0.000101289 0.000157149 0.000238175 0.000352822 0.000511129 0.000724522 0.0010054 0.00136646 0.00181976 0.00237553 0.00304081 0.00381809 0.00470396 0.00568824 0.0067535 0.00787539 0.00902378 0.0101646 0.0112622 0.0122823 0.0131938 0.013971 0.0145944 0.0150502 0.0153298 0.0154285 0.0153447 0.0150795 0.0146374 0.0140266 0.0132606 0.0123592 0.0113478 0.0102572 0.00912188 0.00797706 0.00685668 0.00579076 0.00480362 0.00391284 0.00312888 0.00245552 0.00189075 0.001428 0.0010575 0.000767589 0.000545886 0.000380198 0.000259213 0.000172918 0.000112812 7.19457e-05 4.48335e-05 2.72883e-05 1.62171e-05 9.40736e-06 5.32543e-06 2.94142e-06 1.58498e-06 8.33164e-07 4.27243e-07 2.13736e-07 1.04323e-07 4.96866e-08 2.30957e-08 1.04795e-08 4.64266e-09 2.00871e-09 8.49e-10 3.50638e-10 1.41546e-10 5.58701e-11 2.15791e-11 8.18916e-12 3.15301e-12 
3.09673e-12 3.37351e-12 7.64272e-12 2.06173e-11 5.58388e-11 1.48095e-10 3.83336e-10 9.67731e-10 2.38189e-09 5.7142e-09 1.33581e-08 3.04214e-08 6.74791e-08 1.45757e-07 3.06547e-07 6.27651e-07 1.25103e-06 2.42738e-06 4.58509e-06 8.4323e-06 1.51011e-05 2.63415e-05 4.47696e-05 7.41654e-05 0.00011981 0.000188831 0.000290525 0.000436594 0.000641231 0.000920987 0.00129435 0.00178094 0.00240039 0.00317074 0.00410655 0.00521691 0.00650328 0.00795772 0.00956166 0.0112855 0.0130893 0.0149249 0.0167387 0.0184756 0.0200828 0.0215136 0.0227297 0.0237022 0.0244114 0.0248449 0.0249963 0.0248635 0.024448 0.0237558 0.0227989 0.021597 0.020179 0.0185832 0.0168563 0.0150508 0.0132215 0.0114217 0.00969919 0.00809371 0.00663483 0.00534132 0.00422153 0.00327454 0.00249192 0.00185974 0.00136056 0.00097529 0.000684679 0.000470497 0.000316317 0.000207952 0.000133618 8.38753e-05 5.14149e-05 3.07662e-05 1.79664e-05 1.02364e-05 5.68926e-06 3.0842e-06 1.63074e-06 8.40981e-07 4.23032e-07 2.07582e-07 9.93804e-08 4.64283e-08 2.11703e-08 9.42404e-09 4.09658e-09 1.73939e-09 7.21588e-10 2.92568e-10 1.15976e-10 4.49835e-11 1.71449e-11 6.63737e-12 
6.4413e-12 7.09573e-12 1.60667e-11 4.31433e-11 1.16253e-10 3.0672e-10 7.8971e-10 1.98282e-09 4.85336e-09 1.15776e-08 2.6909e-08 6.09215e-08 1.3432e-07 2.88353e-07 6.0263e-07 1.22593e-06 2.42738e-06 4.67794e-06 8.77469e-06 1.60218e-05 2.84818e-05 4.93064e-05 8.31488e-05 0.000136645 0.000218934 0.00034217 0.000521952 0.000777577 0.00113203 0.0016116 0.002245 0.00306202 0.00409155 0.00535914 0.00688417 0.00867683 0.0107352 0.0130429 0.0155677 0.0182612 0.0210606 0.0238915 0.0266729 0.0293229 0.031764 0.0339286 0.035762 0.0372239 0.0382869 0.0389346 0.0391587 0.0389562 0.0383293 0.0372858 0.0358419 0.0340248 0.0318752 0.0294481 0.0268111 0.0240415 0.0212209 0.0184295 0.0157411 0.0132179 0.0109081 0.00884371 0.00704155 0.00550405 0.00422179 0.00317626 0.00234276 0.00169319 0.00119844 0.000830261 0.000562678 0.000372833 0.000241409 0.000152676 9.42721e-05 5.68107e-05 3.34027e-05 1.91575e-05 1.07159e-05 5.84531e-06 3.10929e-06 1.61286e-06 8.15913e-07 4.02582e-07 1.93774e-07 9.10014e-08 4.17068e-08 1.86585e-08 8.15027e-09 3.47704e-09 1.44916e-09 5.90235e-10 2.35014e-10 9.15538e-11 3.50513e-11 1.36463e-11 
1.30874e-11 1.45718e-11 3.29646e-11 8.80965e-11 2.3614e-10 6.19687e-10 1.58677e-09 3.96182e-09 9.642e-09 2.28668e-08 5.28315e-08 1.18883e-07 2.60488e-07 5.5566e-07 1.15375e-06 2.3315e-06 4.58509e-06 8.77469e-06 1.63417e-05 2.962e-05 5.22588e-05 8.97687e-05 0.000150181 0.000244792 0.000388931 0.00060266 0.000911288 0.00134555 0.00194133 0.00273876 0.00378066 0.00511017 0.00676769 0.00878721 0.0111922 0.0139915 0.0171756 0.0207136 0.0245519 0.0286148 0.0328067 0.0370177 0.0411304 0.0450275 0.0486003 0.0517552 0.0544177 0.0565339 0.0580684 0.0590006 0.0593201 0.0590235 0.0581133 0.0565991 0.0545013 0.0518556 0.0487167 0.0451595 0.0412781 0.0371811 0.0329853 0.0288071 0.0247554 0.0209245 0.0173893 0.0142031 0.0113965 0.00897971 0.00694456 0.00526861 0.00391902 0.00285651 0.00203898 0.00142443 0.000973324 0.000650151 0.0004243 0.000270408 0.000168215 0.000102105 6.0456e-05 3.49095e-05 1.96558e-05 1.07905e-05 5.77544e-06 3.01395e-06 1.53365e-06 7.61052e-07 3.68357e-07 1.7393e-07 8.01364e-08 3.60364e-08 1.58207e-08 6.78268e-09 2.84051e-09 1.16237e-09 4.64954e-10 1.81952e-10 6.99834e-11 2.74047e-11 
2.5977e-11 2.92193e-11 6.60173e-11 1.75558e-10 4.68047e-10 1.22149e-09 3.11012e-09 7.72058e-09 1.86793e-08 4.40333e-08 1.0111e-07 2.26095e-07 4.92232e-07 1.04314e-06 2.15145e-06 4.31797e-06 8.4323e-06 1.60218e-05 2.962e-05 5.3284e-05 9.32853e-05 0.000158976 0.000263806 0.00042642 0.000671729 0.00103178 0.00154628 0.00226245 0.00323424 0.00452053 0.00618235 0.00827917 0.0108643 0.0139795 0.0176497 0.0218775 0.0266388 0.0318794 0.0375142 0.0434291 0.0494849 0.0555256 0.0613874 0.0669101 0.0719475 0.0763758 0.0800987 0.083048 0.0851805 0.086472 0.086911 0.0864937 0.0852226 0.0831084 0.0801752 0.0764669 0.0720529 0.0670308 0.0615253 0.0556827 0.0496628 0.043628 0.0377327 0.0321141 0.026885 0.022129 0.0178999 0.0142218 0.0110927 0.00848883 0.00636969 0.00468349 0.00337221 0.00237611 0.00163737 0.00110279 0.000725521 0.000466019 0.000292119 0.000178631 0.000106529 6.19442e-05 3.51145e-05 1.94041e-05 1.04523e-05 5.48863e-06 2.80987e-06 1.40261e-06 6.82793e-07 3.24215e-07 1.50199e-07 6.79052e-08 2.99678e-08 1.29135e-08 5.43503e-09 2.23491e-09 8.98228e-10 3.53149e-10 1.3648e-10 5.37633e-11 
5.0376e-11 5.72155e-11 1.29066e-10 3.41477e-10 9.05375e-10 2.34946e-09 5.94751e-09 1.46768e-08 3.52943e-08 8.26857e-08 1.88664e-07 4.19151e-07 9.06511e-07 1.90813e-06 3.90837e-06 7.7889e-06 1.51011e-05 2.84818e-05 5.22588e-05 9.32853e-05 0.000162028 0.000273894 0.000450734 0.000722386 0.00112806 0.0017173 0.00255025 0.00369694 0.00523536 0.00724828 0.00981867 0.0130241 0.0169301 0.0215832 0.0270037 0.0331797 0.0400621 0.0475617 0.0555493 0.0638599 0.072299 0.0806538 0.088706 0.096246 0.103086 0.109071 0.114082 0.118038 0.12089 0.122612 0.123193 0.122629 0.120922 0.118083 0.114137 0.109135 0.103159 0.0963311 0.0888073 0.0807765 0.0724477 0.0640377 0.0557572 0.0477977 0.040322 0.0334569 0.0272902 0.0218703 0.0172094 0.0132879 0.0100607 0.00746408 0.00542236 0.00385441 0.0026791 0.00181971 0.0012071 0.000781596 0.000493776 0.000304245 0.000182783 0.000107048 6.11068e-05 3.39968e-05 1.84342e-05 9.74238e-06 5.01888e-06 2.52063e-06 1.23438e-06 5.89547e-07 2.74673e-07 1.24869e-07 5.54052e-08 2.40009e-08 1.01535e-08 4.19615e-09 1.69472e-09 6.69504e-10 2.6001e-10 1.03052e-10 
9.5457e-11 1.09419e-10 2.4636e-10 6.48406e-10 1.70948e-09 4.41049e-09 1.10988e-08 2.72227e-08 6.5058e-08 1.51446e-07 3.43307e-07 7.57648e-07 1.62745e-06 3.40186e-06 6.91852e-06 1.36879e-05 2.63415e-05 4.93064e-05 8.97687e-05 0.000158976 0.000273894 0.000459162 0.000749221 0.00119036 0.00184235 0.00277927 0.00408914 0.00587197 0.00823606 0.0112926 0.0151488 0.0198994 0.0256183 0.0323492 0.0400978 0.0488252 0.0584431 0.0688126 0.0797465 0.0910157 0.102359 0.1135 0.124159 0.134075 0.143019 0.150805 0.157296 0.162402 0.166071 0.168281 0.169022 0.16829 0.166087 0.162421 0.157315 0.150822 0.143036 0.134097 0.124193 0.113554 0.102443 0.0911359 0.0799079 0.0690163 0.0586865 0.0491024 0.0404002 0.0326664 0.0259392 0.0202134 0.0154461 0.0115654 0.00847875 0.00608143 0.00426451 0.00292168 0.00195449 0.00127597 0.000812573 0.000504585 0.000305447 0.00018021 0.00010361 5.80479e-05 3.16905e-05 1.68598e-05 8.7419e-06 4.41825e-06 2.17704e-06 1.04603e-06 4.90215e-07 2.24133e-07 1.00005e-07 4.35567e-08 1.85241e-08 7.69498e-09 3.12343e-09 1.24e-09 4.83988e-10 1.93017e-10 
1.76762e-10 2.04387e-10 4.59191e-10 1.20213e-09 3.15118e-09 8.08233e-09 2.02161e-08 4.92783e-08 1.1702e-07 2.70632e-07 6.09397e-07 1.33571e-06 2.84911e-06 5.91298e-06 1.19378e-05 2.34421e-05 4.47696e-05 8.31488e-05 0.000150181 0.000263806 0.000450734 0.000749221 0.00121193 0.00190847 0.00292708 0.00437488 0.00637617 0.0090684 0.0125958 0.0171006 0.0227133 0.029541 0.0376566 0.0470886 0.0578127 0.0697454 0.0827421 0.0965976 0.111052 0.125801 0.14051 0.154833 0.16843 0.180991 0.192251 0.202 0.21009 0.21643 0.220973 0.223701 0.224609 0.223699 0.220966 0.216414 0.21006 0.201954 0.192191 0.180924 0.168365 0.154784 0.14049 0.125823 0.111125 0.096727 0.082929 0.069986 0.058099 0.0474097 0.0379993 0.0298916 0.0230584 0.0174284 0.0128965 0.0093354 0.00660556 0.00456566 0.00308068 0.00202817 0.00130221 0.000815116 0.000497276 0.000295618 0.000171224 9.66218e-05 5.31211e-05 2.84556e-05 1.48533e-05 7.55612e-06 3.74692e-06 1.81152e-06 8.541e-07 3.9281e-07 1.76272e-07 7.72034e-08 3.3012e-08 1.37857e-08 5.62441e-09 2.2441e-09 8.80386e-10 3.53323e-10 
3.199e-10 3.72945e-10 8.35877e-10 2.17642e-09 5.67208e-09 1.44614e-08 3.59504e-08 8.708e-08 2.05448e-07 4.71987e-07 1.05556e-06 2.29746e-06 4.86552e-06 1.00239e-05 2.00857e-05 3.91403e-05 7.41654e-05 0.000136645 0.000244792 0.00042642 0.000722386 0.00119036 0.00190847 0.00297819 0.00452565 0.00670056 0.00967225 0.0136223 0.0187342 0.0251806 0.0331092 0.0426287 0.0537955 0.066604 0.0809783 0.0967699 0.113757 0.131653 0.150112 0.168747 0.187149 0.204903 0.221619 0.236946 0.250594 0.262344 0.272047 0.27962 0.285029 0.288268 0.289342 0.288254 0.284997 0.279564 0.271961 0.262225 0.250445 0.236772 0.221434 0.204723 0.186992 0.168632 0.150054 0.131663 0.113842 0.0969287 0.0812064 0.0668912 0.0541284 0.0429913 0.0334848 0.0255529 0.0190888 0.0139477 0.00996021 0.00694658 0.00472862 0.00313997 0.00203304 0.00128303 0.000789015 0.000472718 0.000275891 0.000156845 8.68575e-05 4.6857e-05 2.46276e-05 1.26128e-05 6.29551e-06 3.06314e-06 1.4532e-06 6.72385e-07 3.03504e-07 1.33688e-07 5.74815e-08 2.41332e-08 9.89749e-09 3.96917e-09 1.56523e-09 6.32186e-10 
5.65877e-10 6.64829e-10 1.48619e-09 3.84852e-09 9.97129e-09 2.52697e-08 6.24306e-08 1.50257e-07 3.52176e-07 8.03612e-07 1.78474e-06 3.85691e-06 8.10844e-06 1.65798e-05 3.29678e-05 6.37396e-05 0.00011981 0.000218934 0.000388931 0.000671729 0.00112806 0.00184235 0.00292708 0.00452565 0.00681257 0.00999009 0.0142804 0.0199137 0.0271122 0.0360727 0.0469478 0.0598293 0.0747347 0.0915982 0.110267 0.130504 0.15199 0.174341 0.197121 0.219859 0.242075 0.263301 0.283109 0.301126 0.317057 0.330687 0.341885 0.350587 0.356781 0.360481 0.361703 0.360455 0.356725 0.350493 0.341746 0.330497 0.316817 0.300843 0.282795 0.262977 0.241762 0.21958 0.196898 0.174192 0.151927 0.130533 0.110389 0.0918055 0.0750157 0.060168 0.0473253 0.0364689 0.0275078 0.0202914 0.0146266 0.0102951 0.00707124 0.00473698 0.00309351 0.00196875 0.00122067 0.00073721 0.000433633 0.000248411 0.000138593 7.53119e-05 3.98644e-05 2.05576e-05 1.03301e-05 5.05912e-06 2.4154e-06 1.12449e-06 5.10622e-07 2.26226e-07 9.7818e-08 4.12921e-08 1.70242e-08 6.86235e-09 2.72033e-09 1.10578e-09 
9.78467e-10 1.15794e-09 2.58133e-09 6.64769e-09 1.71229e-08 4.31319e-08 1.05897e-07 2.53234e-07 5.89605e-07 1.33621e-06 2.94673e-06 6.32199e-06 1.31921e-05 2.6769e-05 5.28123e-05 0.000101289 0.000188831 0.00034217 0.00060266 0.00103178 0.0017173 0.00277927 0.00437488 0.00670056 0.00999009 0.0145072 0.0205327 0.0283455 0.0382007 0.0503056 0.0647972 0.0817244 0.101035 0.122574 0.146082 0.171207 0.19752 0.22453 0.251708 0.278512 0.304406 0.32889 0.351521 0.37193 0.389839 0.405062 0.417497 0.427118 0.433941 0.438006 0.439347 0.437973 0.433868 0.426996 0.417317 0.404815 0.389524 0.371551 0.351091 0.328429 0.303937 0.278062 0.251305 0.224195 0.197275 0.171065 0.146049 0.122652 0.101216 0.0819938 0.0651374 0.0506944 0.0386145 0.0287612 0.0209301 0.0148702 0.0103077 0.00696737 0.00459025 0.00294651 0.00184232 0.00112183 0.00066519 0.000384057 0.000215917 0.000118207 6.30251e-05 3.27314e-05 1.65606e-05 8.16467e-06 3.92335e-06 1.838e-06 8.39693e-07 3.74207e-07 1.62724e-07 6.90689e-08 2.86277e-08 1.15994e-08 4.62235e-09 1.89103e-09 
1.65391e-09 1.97063e-09 4.3802e-09 1.12184e-08 2.87273e-08 7.19264e-08 1.75493e-07 4.16959e-07 9.64348e-07 2.17047e-06 4.75261e-06 1.01219e-05 2.09627e-05 4.2208e-05 8.26107e-05 0.000157149 0.000290525 0.000521952 0.000911288 0.00154628 0.00255025 0.00408914 0.00637617 0.00967225 0.0142804 0.0205327 0.0287697 0.0393139 0.0524395 0.0683425 0.0871156 0.108731 0.133031 0.159738 0.188456 0.218702 0.249922 0.281523 0.312893 0.343436 0.372589 0.399849 0.42479 0.447076 0.466473 0.482844 0.496137 0.506372 0.513604 0.517902 0.519316 0.517865 0.513525 0.506239 0.495938 0.482567 0.466114 0.446635 0.424277 0.399282 0.37199 0.342833 0.312315 0.280998 0.249477 0.218359 0.188231 0.159639 0.133061 0.108881 0.0873715 0.0686831 0.0528388 0.0397441 0.0292035 0.0209465 0.014656 0.00999769 0.00664611 0.00430386 0.00271428 0.00166675 0.000996452 0.000579949 0.000328604 0.000181273 9.73686e-05 5.09321e-05 2.59496e-05 1.28804e-05 6.23002e-06 2.93715e-06 1.35008e-06 6.05224e-07 2.64687e-07 1.12967e-07 4.7072e-08 1.91715e-08 7.6799e-09 3.16204e-09 
2.73295e-09 3.27708e-09 7.26209e-09 1.84979e-08 4.70937e-08 1.17205e-07 2.84196e-07 6.70895e-07 1.54134e-06 3.44527e-06 7.49043e-06 1.58358e-05 3.2548e-05 6.50239e-05 0.000126246 0.000238175 0.000436594 0.000777577 0.00134555 0.00226245 0.00369694 0.00587197 0.0090684 0.0136223 0.0199137 0.0283455 0.0393139 0.0531719 0.0701904 0.0905239 0.114184 0.141027 0.170753 0.202925 0.236992 0.272324 0.308244 0.344066 0.379122 0.41279 0.444517 0.47383 0.500357 0.523828 0.544077 0.561037 0.57472 0.5852 0.592577 0.596949 0.598389 0.596917 0.592505 0.585077 0.57453 0.560766 0.543715 0.523372 0.499812 0.473207 0.443835 0.412075 0.378401 0.343371 0.307605 0.271771 0.236551 0.202615 0.170587 0.141008 0.114306 0.0907694 0.0705346 0.0535842 0.0397612 0.0287961 0.0203406 0.0140057 0.00939616 0.00613961 0.00390618 0.00241935 0.00145857 0.000855873 0.00048882 0.000271751 0.000147068 7.74914e-05 3.97609e-05 1.98709e-05 9.67476e-06 4.59029e-06 2.12294e-06 9.57336e-07 4.21071e-07 1.807e-07 7.56947e-08 3.09875e-08 1.2478e-08 5.17022e-09 
4.41485e-09 5.32528e-09 1.17645e-08 2.98047e-08 7.54458e-08 1.86656e-07 4.4982e-07 1.05512e-06 2.40809e-06 5.34584e-06 1.15402e-05 2.42186e-05 4.94005e-05 9.79198e-05 0.00018858 0.000352822 0.000641231 0.00113203 0.00194133 0.00323424 0.00523536 0.00823606 0.0125958 0.0187342 0.0271122 0.0382007 0.0524395 0.0701904 0.0916905 0.117015 0.146051 0.178498 0.213878 0.251569 0.290848 0.330936 0.371049 0.410433 0.448396 0.48433 0.517731 0.548199 0.575448 0.599303 0.619689 0.636623 0.650191 0.660524 0.667767 0.672051 0.673462 0.672029 0.667716 0.66043 0.650037 0.636393 0.619369 0.598884 0.574929 0.547583 0.517031 0.483566 0.44759 0.409614 0.37025 0.330191 0.290191 0.251032 0.213487 0.17827 0.145992 0.117117 0.0919346 0.0705461 0.0528699 0.0386667 0.0275779 0.0191701 0.0129813 0.00856004 0.00549503 0.00343329 0.00208755 0.00123516 0.000711157 0.000398461 0.000217284 0.000115332 5.95981e-05 2.99893e-05 1.46979e-05 7.01806e-06 3.26568e-06 1.48135e-06 6.55248e-07 2.82729e-07 1.19056e-07 4.89866e-08 1.98275e-08 8.26695e-09 
6.97203e-09 8.45622e-09 1.86229e-08 4.693e-08 1.18128e-07 2.90554e-07 6.95973e-07 1.62227e-06 3.67835e-06 8.11051e-06 1.73854e-05 3.62202e-05 7.33239e-05 0.000144206 0.000275484 0.000511129 0.000920987 0.0016116 0.00273876 0.00452053 0.00724828 0.0112926 0.0171006 0.0251806 0.0360727 0.0503056 0.0683425 0.0905239 0.117015 0.147766 0.1825 0.220717 0.261731 0.304719 0.348784 0.393014 0.436543 0.478584 0.518465 0.555638 0.589688 0.620325 0.647382 0.670797 0.690604 0.706911 0.719879 0.729695 0.736546 0.740587 0.74192 0.74058 0.736525 0.729647 0.719785 0.706754 0.690366 0.670465 0.646947 0.619783 0.589042 0.554897 0.517645 0.477708 0.435639 0.392118 0.347936 0.303961 0.261104 0.220254 0.182222 0.147682 0.117114 0.0907811 0.0687203 0.0507597 0.0365584 0.0256584 0.0175399 0.0116736 0.00756196 0.00476666 0.00292335 0.00174423 0.00101245 0.000571758 0.000314166 0.000167986 8.74246e-05 4.42927e-05 2.18512e-05 1.04997e-05 4.9155e-06 2.24274e-06 9.97599e-07 4.32764e-07 1.83176e-07 7.57462e-08 3.08137e-08 1.29266e-08 
1.07634e-08 1.31215e-08 2.88064e-08 7.22166e-08 1.80781e-07 4.42127e-07 1.05278e-06 2.43887e-06 5.49455e-06 1.20345e-05 2.56183e-05 5.2989e-05 0.000106471 0.000207779 0.000393754 0.000724522 0.00129435 0.002245 0.00378066 0.00618235 0.00981867 0.0151488 0.0227133 0.0331092 0.0469478 0.0647972 0.0871156 0.114184 0.146051 0.1825 0.223044 0.266954 0.313317 0.361106 0.409265 0.456779 0.502736 0.546365 0.58706 0.624377 0.658028 0.687866 0.713861 0.736079 0.754667 0.769823 0.781778 0.790768 0.797012 0.800686 0.801901 0.800696 0.797026 0.790773 0.781758 0.769759 0.75454 0.735871 0.713556 0.687454 0.657502 0.623733 0.586303 0.545507 0.501798 0.455793 0.408274 0.360158 0.312465 0.266249 0.222526 0.182196 0.145966 0.114302 0.0874027 0.0652074 0.0474295 0.033613 0.0231978 0.0155842 0.0101877 0.00647918 0.00400817 0.00241166 0.0014113 0.000803291 0.000444749 0.000239555 0.000125551 6.40407e-05 3.17993e-05 1.53754e-05 7.2412e-06 3.32283e-06 1.48617e-06 6.48104e-07 2.7571e-07 1.14568e-07 4.68369e-08 1.97665e-08 
1.6243e-08 1.98951e-08 4.35409e-08 1.08606e-07 2.70426e-07 6.57712e-07 1.55711e-06 3.5856e-06 8.02758e-06 1.74682e-05 3.69335e-05 7.58553e-05 0.0001513 0.000293018 0.000550906 0.0010054 0.00178094 0.00306202 0.00511017 0.00827917 0.0130241 0.0198994 0.029541 0.0426287 0.0598293 0.0817244 0.108731 0.141027 0.178498 0.220717 0.266954 0.31623 0.367403 0.419256 0.470603 0.520367 0.567643 0.611724 0.652116 0.68852 0.720807 0.748987 0.77318 0.793584 0.81045 0.824058 0.834697 0.84264 0.848129 0.851349 0.852418 0.851376 0.848177 0.8427 0.834752 0.824093 0.810444 0.793519 0.773035 0.748744 0.720449 0.688033 0.651491 0.610959 0.566747 0.519365 0.469532 0.418168 0.36636 0.315299 0.266194 0.220175 0.178199 0.140969 0.10889 0.0820568 0.0602792 0.0431381 0.0300578 0.0203828 0.0134471 0.00862854 0.00538414 0.00326679 0.00192725 0.00110555 0.000616715 0.000334589 0.000176579 9.06702e-05 4.53102e-05 2.20422e-05 1.04419e-05 4.81843e-06 2.16665e-06 9.49706e-07 4.06002e-07 1.6951e-07 6.96313e-08 2.95578e-08 
2.39598e-08 2.94747e-08 6.43079e-08 1.59625e-07 3.95418e-07 9.56569e-07 2.25205e-06 5.15573e-06 1.1473e-05 2.48078e-05 5.21065e-05 0.000106284 0.000210478 0.000404595 0.000754804 0.00136646 0.00240039 0.00409155 0.00676769 0.0108643 0.0169301 0.0256183 0.0376566 0.0537955 0.0747347 0.101035 0.133031 0.170753 0.213878 0.261731 0.313317 0.367403 0.422628 0.47762 0.531109 0.582006 0.629465 0.672897 0.711959 0.746525 0.776644 0.802492 0.824336 0.842493 0.857307 0.869123 0.878271 0.885048 0.889705 0.892428 0.893337 0.892469 0.889782 0.885155 0.878394 0.869248 0.857417 0.842569 0.824356 0.802434 0.776481 0.746234 0.711517 0.672288 0.628685 0.581063 0.530032 0.476458 0.421447 0.366281 0.312331 0.26095 0.213348 0.170493 0.133031 0.101257 0.0751229 0.0542868 0.038189 0.0261396 0.0174026 0.0112658 0.00709027 0.00433774 0.00257957 0.00149117 0.000837992 0.000457873 0.000243289 0.000125739 6.3227e-05 3.09418e-05 1.47413e-05 6.83944e-06 3.0914e-06 1.36179e-06 5.84937e-07 2.45339e-07 1.01248e-07 4.32208e-08 
3.45435e-08 4.26643e-08 9.28056e-08 2.29285e-07 5.65172e-07 1.3602e-06 3.18518e-06 7.25125e-06 1.6042e-05 3.44759e-05 7.1953e-05 0.000145791 0.000286717 0.000547169 0.00101312 0.00181976 0.00317074 0.00535914 0.00878721 0.0139795 0.0215832 0.0323492 0.0470886 0.066604 0.0915982 0.122574 0.159738 0.202925 0.251569 0.304719 0.361106 0.419256 0.47762 0.534717 0.589245 0.640165 0.686742 0.728545 0.765416 0.79742 0.824787 0.847853 0.867017 0.882698 0.89531 0.905245 0.912855 0.918444 0.922261 0.924486 0.925232 0.924536 0.922359 0.918585 0.913029 0.905442 0.895517 0.882897 0.867189 0.847972 0.824823 0.797341 0.765188 0.728137 0.686133 0.639348 0.588235 0.533554 0.476367 0.417996 0.359931 0.303716 0.250808 0.202447 0.159552 0.122655 0.0918952 0.0670512 0.0476167 0.032895 0.0220977 0.0144305 0.00915884 0.005649 0.00338574 0.00197195 0.00111619 0.000614101 0.000328461 0.000170833 8.6421e-05 4.25363e-05 2.03767e-05 9.50369e-06 4.31715e-06 1.91083e-06 8.24522e-07 3.47353e-07 1.43987e-07 6.17976e-08 
4.86728e-08 6.03344e-08 1.30861e-07 3.2186e-07 7.89621e-07 1.89107e-06 4.40566e-06 9.97615e-06 2.1947e-05 4.68909e-05 9.72665e-05 0.000195825 0.000382549 0.000724975 0.0013326 0.00237553 0.00410655 0.00688417 0.0111922 0.0176497 0.0270037 0.0400978 0.0578127 0.0809783 0.110267 0.146082 0.188456 0.236992 0.290848 0.348784 0.409265 0.470603 0.531109 0.589245 0.643742 0.693665 0.738437 0.77782 0.811859 0.840812 0.86508 0.885145 0.901511 0.914677 0.925103 0.933203 0.939335 0.943797 0.946821 0.948579 0.949172 0.948634 0.946929 0.943955 0.93954 0.933448 0.925379 0.914971 0.901806 0.885415 0.865297 0.840937 0.81185 0.777635 0.738037 0.693027 0.642863 0.588151 0.529853 0.469268 0.40795 0.347591 0.28987 0.236294 0.188069 0.145998 0.110446 0.0813555 0.0583144 0.0406521 0.0275501 0.018145 0.0116115 0.00721865 0.00435953 0.00255769 0.00145787 0.000807452 0.000434636 0.000227432 0.000115722 5.72736e-05 2.75813e-05 1.29286e-05 5.90112e-06 2.62385e-06 1.13713e-06 4.81066e-07 2.00264e-07 8.63946e-08 
6.70209e-08 8.33537e-08 1.80281e-07 4.41534e-07 1.07838e-06 2.57061e-06 5.9597e-06 1.34266e-05 2.93809e-05 6.24251e-05 0.000128736 0.000257605 0.000500037 0.000941326 0.00171826 0.00304081 0.00521691 0.00867683 0.0139915 0.0218775 0.0331797 0.0488252 0.0697454 0.0967699 0.130504 0.171207 0.218702 0.272324 0.330936 0.393014 0.456779 0.520367 0.582006 0.640165 0.693665 0.741725 0.783967 0.820363 0.851165 0.876814 0.897866 0.914917 0.928554 0.939321 0.947705 0.954121 0.958914 0.962365 0.964687 0.96603 0.966487 0.966085 0.964796 0.962528 0.95913 0.954387 0.948019 0.939674 0.928932 0.915302 0.898229 0.877116 0.851359 0.820399 0.783793 0.7413 0.692966 0.6392 0.580814 0.519022 0.455381 0.391677 0.329768 0.271415 0.218108 0.170941 0.13054 0.0970523 0.0701985 0.04937 0.0337455 0.0224097 0.0144551 0.00905544 0.00550904 0.00325484 0.00186771 0.00104108 0.00056382 0.000296749 0.000151829 7.55406e-05 3.65609e-05 1.72198e-05 7.89557e-06 3.5259e-06 1.5344e-06 6.5172e-07 2.72403e-07 1.1809e-07 
