2.24237e-13 2.28507e-13 3.85294e-13 7.90861e-13 1.6807e-12 3.5464e-12 7.36453e-12 1.50237e-11 3.00966e-11 5.92009e-11 1.14342e-10 2.16846e-10 4.03816e-10 7.38449e-10 1.32614e-09 2.33894e-09 4.05183e-09 6.89487e-09 1.15263e-08 1.89317e-08 3.05546e-08 4.84619e-08 7.55459e-08 1.1576e-07 1.74375e-07 2.58247e-07 3.76054e-07 5.38472e-07 7.58242e-07 1.05005e-06 1.43021e-06 1.91602e-06 2.52484e-06 3.27286e-06 4.1736e-06 5.23624e-06 6.46393e-06 7.85228e-06 9.38823e-06 1.10494e-05 1.28044e-05 1.46135e-05 1.64302e-05 1.82039e-05 1.98821e-05 2.14132e-05 2.2749e-05 2.38472e-05 2.46728e-05 2.51996e-05 2.5411e-05 2.53003e-05 2.48712e-05 2.41373e-05 2.31221e-05 2.18581e-05 2.03858e-05 1.87519e-05 1.70071e-05 1.52039e-05 1.33936e-05 1.16236e-05 9.93563e-06 8.3632e-06 6.93114e-06 5.65504e-06 4.54176e-06 3.59035e-06 2.7935e-06 2.13915e-06 1.61214e-06 1.19569e-06 8.72719e-07 6.26847e-07 4.43062e-07 3.08152e-07 2.10884e-07 1.41996e-07 9.40667e-08 6.13049e-08 3.93026e-08 2.47846e-08 1.53725e-08 9.37732e-09 5.62535e-09 3.31841e-09 1.92484e-09 1.09779e-09 6.15585e-10 3.39381e-10 1.83955e-10 9.80295e-11 5.13603e-11 2.64567e-11 1.33999e-11 6.67383e-12 3.26993e-12 1.57907e-12 7.58388e-13 3.78497e-13 
2.28507e-13 2.3316e-13 3.96617e-13 8.21358e-13 1.75919e-12 3.73896e-12 7.81816e-12 1.60553e-11 3.23693e-11 6.40635e-11 1.24464e-10 2.37376e-10 4.44427e-10 8.16875e-10 1.4741e-09 2.61185e-09 4.54419e-09 7.76415e-09 1.30289e-08 2.14759e-08 3.47754e-08 5.53258e-08 8.64908e-08 1.32877e-07 2.00642e-07 2.97803e-07 4.34527e-07 6.2334e-07 8.79206e-07 1.2194e-06 1.66312e-06 2.23075e-06 2.94276e-06 3.81826e-06 4.87323e-06 6.11852e-06 7.55789e-06 9.1862e-06 1.09881e-05 1.29372e-05 1.49964e-05 1.7119e-05 1.92503e-05 2.13308e-05 2.32987e-05 2.50935e-05 2.66588e-05 2.79449e-05 2.89111e-05 2.95269e-05 2.97728e-05 2.96413e-05 2.91364e-05 2.82743e-05 2.70825e-05 2.55989e-05 2.38711e-05 2.19536e-05 1.99063e-05 1.77905e-05 1.56667e-05 1.35907e-05 1.16113e-05 9.76805e-06 8.0901e-06 6.5957e-06 5.29277e-06 4.18008e-06 3.24893e-06 2.485e-06 1.87037e-06 1.38525e-06 1.00951e-06 7.23873e-07 5.10694e-07 3.54475e-07 2.42054e-07 1.62598e-07 1.07439e-07 6.98266e-08 4.46331e-08 2.80566e-08 1.73428e-08 1.05408e-08 6.29894e-09 3.70057e-09 2.13724e-09 1.21338e-09 6.77143e-10 3.71446e-10 2.00278e-10 1.06144e-10 5.52948e-11 2.83149e-11 1.42532e-11 7.05378e-12 3.43339e-12 1.64664e-12 7.85024e-13 3.88603e-13 
3.85294e-13 3.96617e-13 6.79415e-13 1.41148e-12 3.02806e-12 6.4428e-12 1.34827e-11 2.77035e-11 5.58724e-11 1.10593e-10 2.1484e-10 4.09606e-10 7.66467e-10 1.40773e-09 2.53785e-09 4.49132e-09 7.80335e-09 1.33117e-08 2.22991e-08 3.66855e-08 5.92809e-08 9.4104e-08 1.4677e-07 2.24936e-07 3.38793e-07 5.01556e-07 7.29904e-07 1.04429e-06 1.46904e-06 2.03209e-06 2.7643e-06 3.69825e-06 4.86645e-06 6.29893e-06 8.02044e-06 1.00473e-05 1.23842e-05 1.50217e-05 1.79336e-05 2.10767e-05 2.43905e-05 2.77996e-05 3.12165e-05 3.45459e-05 3.76898e-05 4.05525e-05 4.30451e-05 4.50898e-05 4.66227e-05 4.75963e-05 4.79804e-05 4.77634e-05 4.6952e-05 4.55715e-05 4.36652e-05 4.12929e-05 3.85293e-05 3.54608e-05 3.21819e-05 2.87901e-05 2.53816e-05 2.20455e-05 1.88602e-05 1.58895e-05 1.31807e-05 1.0764e-05 8.6529e-06 6.84651e-06 5.33167e-06 4.08619e-06 3.08186e-06 2.2873e-06 1.67043e-06 1.20034e-06 8.48647e-07 5.90289e-07 4.03911e-07 2.71866e-07 1.79984e-07 1.17188e-07 7.50338e-08 4.72407e-08 2.92427e-08 1.7796e-08 1.06461e-08 6.26019e-09 3.61813e-09 2.05521e-09 1.14731e-09 6.2943e-10 3.3935e-10 1.79796e-10 9.36162e-11 4.79041e-11 2.40918e-11 1.19095e-11 5.7892e-12 2.77231e-12 1.31966e-12 6.52759e-13 
7.90861e-13 8.21358e-13 1.41148e-12 2.92964e-12 6.27236e-12 1.3315e-11 2.77961e-11 5.69682e-11 1.14587e-10 2.26178e-10 4.381e-10 8.32738e-10 1.55334e-09 2.8436e-09 5.10909e-09 9.01006e-09 1.55978e-08 2.65094e-08 4.42379e-08 7.24945e-08 1.1668e-07 1.84474e-07 2.86542e-07 4.37343e-07 6.56e-07 9.67157e-07 1.40172e-06 1.99736e-06 2.79855e-06 3.85603e-06 5.22545e-06 6.96506e-06 9.13241e-06 1.178e-05 1.49502e-05 1.86698e-05 2.29444e-05 2.77535e-05 3.30474e-05 3.87458e-05 4.47381e-05 5.08877e-05 5.70373e-05 6.30169e-05 6.86524e-05 7.37742e-05 7.8226e-05 8.18711e-05 8.4598e-05 8.63237e-05 8.69961e-05 8.65951e-05 8.5133e-05 8.26543e-05 7.92351e-05 7.49806e-05 7.00224e-05 6.4513e-05 5.86195e-05 5.25154e-05 4.63716e-05 4.03481e-05 3.45857e-05 2.92e-05 2.42777e-05 1.98751e-05 1.60191e-05 1.27101e-05 9.92682e-06 7.63113e-06 5.77374e-06 4.29921e-06 3.1503e-06 2.27154e-06 1.6116e-06 1.12493e-06 7.72477e-07 5.21789e-07 3.46663e-07 2.26504e-07 1.45529e-07 9.19349e-08 5.70981e-08 3.48601e-08 2.09198e-08 1.23387e-08 7.15212e-09 4.07403e-09 2.28044e-09 1.2543e-09 6.77898e-10 3.60005e-10 1.87862e-10 9.63323e-11 4.85432e-11 2.40417e-11 1.17075e-11 5.61626e-12 2.67872e-12 1.32934e-12 
1.6807e-12 1.75919e-12 3.02806e-12 6.27236e-12 1.33908e-11 2.83397e-11 5.8976e-11 1.20484e-10 2.41546e-10 4.7517e-10 9.17206e-10 1.73723e-09 3.22874e-09 5.88861e-09 1.05396e-08 1.85144e-08 3.19234e-08 5.40349e-08 8.97975e-08 1.46536e-07 2.34843e-07 3.69693e-07 5.71749e-07 8.68849e-07 1.29757e-06 1.90474e-06 2.74871e-06 3.90009e-06 5.44167e-06 7.46723e-06 1.00788e-05 1.33822e-05 1.7481e-05 2.24682e-05 2.84173e-05 3.53723e-05 4.33375e-05 5.227e-05 6.20733e-05 7.25953e-05 8.36307e-05 9.49279e-05 0.000106199 0.000117136 0.000127423 0.000136756 0.000144853 0.000151472 0.000156414 0.000159531 0.000160731 0.00015998 0.000157299 0.00015277 0.000146527 0.000138759 0.000129702 0.00011963 0.000108843 9.76552e-05 8.63765e-05 7.52981e-05 6.46781e-05 5.473e-05 4.56154e-05 3.74414e-05 3.02616e-05 2.40817e-05 1.88667e-05 1.45507e-05 1.10464e-05 8.254e-06 6.06996e-06 4.39284e-06 3.12826e-06 2.19186e-06 1.51087e-06 1.02447e-06 6.83232e-07 4.48111e-07 2.88999e-07 1.8325e-07 1.14229e-07 6.99913e-08 4.21505e-08 2.49466e-08 1.45089e-08 8.29171e-09 4.65606e-09 2.56887e-09 1.39254e-09 7.41681e-10 3.88128e-10 1.9957e-10 1.00834e-10 5.00687e-11 2.44435e-11 1.17557e-11 5.62283e-12 2.80193e-12 
3.5464e-12 3.73896e-12 6.4428e-12 1.3315e-11 2.83397e-11 5.97852e-11 1.24008e-10 2.52494e-10 5.04471e-10 9.88932e-10 1.90209e-09 3.5895e-09 6.64636e-09 1.20754e-08 2.15287e-08 3.76675e-08 6.46839e-08 1.09033e-07 1.80433e-07 2.93179e-07 4.67825e-07 7.33235e-07 1.12899e-06 1.70806e-06 2.5396e-06 3.71154e-06 5.33265e-06 7.53367e-06 1.04668e-05 1.4303e-05 1.92269e-05 2.54281e-05 3.309e-05 4.23751e-05 5.34082e-05 6.62592e-05 8.09256e-05 9.73186e-05 0.000115254 0.000134448 0.000154525 0.000175026 0.000195434 0.000215193 0.000233742 0.000250539 0.000265089 0.000276961 0.000285808 0.00029137 0.000293489 0.000292104 0.000287254 0.000279082 0.000267826 0.00025382 0.00023748 0.000219292 0.00019979 0.000179534 0.000159078 0.000138947 0.000119607 0.000101448 8.47676e-05 6.97668e-05 5.65514e-05 4.51402e-05 3.54786e-05 2.74543e-05 2.09148e-05 1.56841e-05 1.15766e-05 8.40966e-06 6.01173e-06 4.22856e-06 2.92619e-06 1.99192e-06 1.33365e-06 8.78108e-07 5.68501e-07 3.61854e-07 2.2641e-07 1.3924e-07 8.41576e-08 4.99848e-08 2.91717e-08 1.67277e-08 9.42408e-09 5.2162e-09 2.83646e-09 1.51532e-09 7.95331e-10 4.1013e-10 2.07804e-10 1.03467e-10 5.06491e-11 2.44251e-11 1.17181e-11 5.86444e-12 
7.36453e-12 7.81816e-12 1.34827e-11 2.77961e-11 5.8976e-11 1.24008e-10 2.56363e-10 5.20202e-10 1.03572e-09 2.02314e-09 3.87714e-09 7.28951e-09 1.34461e-08 2.43349e-08 4.32136e-08 7.53027e-08 1.28779e-07 2.16162e-07 3.56185e-07 5.7624e-07 9.1546e-07 1.42845e-06 2.18958e-06 3.29773e-06 4.88106e-06 7.10141e-06 1.01576e-05 1.42866e-05 1.97624e-05 2.68904e-05 3.59969e-05 4.74143e-05 6.14599e-05 7.84099e-05 9.84705e-05 0.000121747 0.000148216 0.000177701 0.000209856 0.000244165 0.000279951 0.0003164 0.000352594 0.000387563 0.000420324 0.000449937 0.000475543 0.000496401 0.000511914 0.000521639 0.000525303 0.000522805 0.000514216 0.000499779 0.000479907 0.000455176 0.000426304 0.000394135 0.000359597 0.000323667 0.000287318 0.000251473 0.000216958 0.00018447 0.000154547 0.000127558 0.000103707 8.30438e-05 6.54871e-05 5.0852e-05 3.88791e-05 2.9264e-05 2.16826e-05 1.58123e-05 1.13482e-05 8.01404e-06 5.56804e-06 3.80552e-06 2.55812e-06 1.69104e-06 1.09913e-06 7.02324e-07 4.41125e-07 2.7231e-07 1.65193e-07 9.84697e-08 5.76709e-08 3.31837e-08 1.87579e-08 1.04164e-08 5.68232e-09 3.04512e-09 1.60311e-09 8.29125e-10 4.21313e-10 2.10368e-10 1.03265e-10 4.99384e-11 2.40328e-11 1.20804e-11 
1.50237e-11 1.60553e-11 2.77035e-11 5.69682e-11 1.20484e-10 2.52494e-10 5.20202e-10 1.0519e-09 2.08692e-09 4.06176e-09 7.75516e-09 1.45256e-08 2.66905e-08 4.81141e-08 8.50967e-08 1.47678e-07 2.51492e-07 4.20339e-07 6.8961e-07 1.11073e-06 1.75669e-06 2.72864e-06 4.16345e-06 6.24175e-06 9.19601e-06 1.33176e-05 1.89617e-05 2.65486e-05 3.65599e-05 4.95277e-05 6.60159e-05 8.65919e-05 0.00011179 0.000142067 0.000177751 0.000218992 0.000265713 0.000317572 0.000373938 0.000433894 0.000496248 0.000559587 0.000622329 0.000682807 0.000739351 0.000790363 0.000834396 0.000870204 0.000896782 0.000913396 0.00091959 0.000915198 0.00090034 0.000875427 0.000841153 0.000798486 0.00074864 0.00069304 0.000633263 0.000570973 0.000507834 0.000445436 0.00038521 0.000328369 0.000275866 0.000228366 0.00018625 0.000149635 0.000118411 9.22811e-05 7.08185e-05 5.35103e-05 3.98041e-05 2.91445e-05 2.10019e-05 1.48924e-05 1.03898e-05 7.13034e-06 4.81283e-06 3.19451e-06 2.08472e-06 1.33741e-06 8.43309e-07 5.22583e-07 3.18212e-07 1.90381e-07 1.11902e-07 6.46144e-08 3.665e-08 2.04202e-08 1.11758e-08 6.00808e-09 3.17278e-09 1.64592e-09 8.38836e-10 4.20056e-10 2.06784e-10 1.00287e-10 4.84176e-11 2.4447e-11 
3.00966e-11 3.23693e-11 5.58724e-11 1.14587e-10 2.41546e-10 5.04471e-10 1.03572e-09 2.08692e-09 4.12535e-09 7.99954e-09 1.52161e-08 2.83907e-08 5.19623e-08 9.32954e-08 1.64331e-07 2.83989e-07 4.81566e-07 8.01381e-07 1.30893e-06 2.09877e-06 3.30418e-06 5.10861e-06 7.75849e-06 1.15767e-05 1.69755e-05 2.44678e-05 3.46737e-05 4.8321e-05 6.62361e-05 8.9324e-05 0.000118533 0.000154808 0.000199023 0.000251909 0.000313971 0.000385401 0.000466003 0.000555137 0.000651683 0.00075404 0.000860172 0.000967675 0.00107389 0.00117604 0.00127133 0.00135713 0.00143106 0.00149107 0.00153553 0.00156324 0.00157347 0.00156594 0.00154086 0.0014989 0.00144119 0.00136933 0.00128531 0.00119148 0.00109045 0.000984975 0.000877849 0.000771734 0.00066905 0.000571868 0.000481829 0.000400104 0.00032739 0.000263941 0.000209622 0.000163981 0.000126333 9.584e-05 7.15835e-05 5.26317e-05 3.8087e-05 2.71222e-05 1.90025e-05 1.30965e-05 8.87723e-06 5.91692e-06 3.87734e-06 2.49756e-06 1.58115e-06 9.83661e-07 6.01276e-07 3.61087e-07 2.13019e-07 1.23442e-07 7.0263e-08 3.92819e-08 2.15703e-08 1.16338e-08 6.16314e-09 3.20712e-09 1.63944e-09 8.23403e-10 4.06527e-10 1.97743e-10 9.57811e-11 4.8583e-11 
5.92009e-11 6.40635e-11 1.10593e-10 2.26178e-10 4.7517e-10 9.88932e-10 2.02314e-09 4.06176e-09 7.99954e-09 1.54537e-08 2.92821e-08 5.44215e-08 9.92074e-08 1.77394e-07 3.11161e-07 5.35448e-07 9.0403e-07 1.49775e-06 2.43533e-06 3.88696e-06 6.09093e-06 9.37283e-06 1.41668e-05 2.10371e-05 3.0699e-05 4.40343e-05 6.21008e-05 8.61286e-05 0.000117502 0.00015772 0.000208339 0.000270886 0.000346751 0.000437067 0.000542572 0.000663478 0.000799352 0.000949025 0.00111055 0.00128122 0.00145762 0.00163577 0.00181133 0.00197973 0.00213648 0.00227734 0.00239848 0.00249665 0.00256923 0.00261434 0.00263082 0.00261824 0.00257694 0.00250799 0.00241319 0.00229508 0.00215685 0.00200228 0.00183558 0.00166123 0.00148375 0.00130751 0.0011365 0.000974178 0.0008233 0.000685881 0.000563165 0.000455668 0.000363261 0.000285285 0.000220679 0.00016811 0.000126096 9.31114e-05 6.76736e-05 4.84021e-05 3.40604e-05 2.35769e-05 1.60505e-05 1.07441e-05 7.07037e-06 4.57332e-06 2.90713e-06 1.81583e-06 1.11431e-06 6.71753e-07 3.97781e-07 2.31354e-07 1.32157e-07 7.41426e-08 4.08515e-08 2.21063e-08 1.17491e-08 6.13328e-09 3.14499e-09 1.58436e-09 7.84571e-10 3.82789e-10 1.86037e-10 9.48038e-11 
1.14342e-10 1.24464e-10 2.1484e-10 4.381e-10 9.17206e-10 1.90209e-09 3.87714e-09 7.75516e-09 1.52161e-08 2.92821e-08 5.52675e-08 1.02306e-07 1.85739e-07 3.30742e-07 5.77682e-07 9.89776e-07 1.66372e-06 2.74397e-06 4.44119e-06 7.05538e-06 1.10035e-05 1.6851e-05 2.53459e-05 3.74529e-05 5.43844e-05 7.76224e-05 0.000108928 0.000150331 0.000204092 0.000272633 0.000358436 0.000463901 0.000591173 0.000741943 0.000917238 0.00111721 0.00134098 0.00158647 0.0018504 0.00212826 0.00241451 0.00270272 0.00298591 0.00325688 0.00350852 0.00373416 0.00392785 0.00408451 0.00420013 0.00427178 0.0042977 0.00427723 0.0042109 0.00410037 0.00394844 0.00375905 0.00353717 0.0032887 0.00302027 0.00273892 0.00245186 0.00216606 0.00188795 0.00162312 0.00137612 0.00115034 0.000947926 0.000769887 0.00061618 0.000485893 0.000377441 0.00028877 0.000217553 0.000161361 0.000117805 8.46373e-05 5.98275e-05 4.1599e-05 2.84454e-05 1.91249e-05 1.26401e-05 8.21088e-06 5.24127e-06 3.28719e-06 2.02533e-06 1.22574e-06 7.28607e-07 4.25353e-07 2.43863e-07 1.373e-07 7.59138e-08 4.12196e-08 2.19803e-08 1.15115e-08 5.92159e-09 2.99245e-09 1.48641e-09 7.27476e-10 3.54779e-10 1.81654e-10 
2.16846e-10 2.37376e-10 4.09606e-10 8.32738e-10 1.73723e-09 3.5895e-09 7.28951e-09 1.45256e-08 2.83907e-08 5.44215e-08 1.02306e-07 1.88609e-07 3.41002e-07 6.04647e-07 1.05153e-06 1.79371e-06 3.0015e-06 4.92768e-06 7.93835e-06 1.25511e-05 1.94801e-05 2.9686e-05 4.44299e-05 6.5324e-05 9.43766e-05 0.000134021 0.00018712 0.00025694 0.00034708 0.000461351 0.000603604 0.000777501 0.000986242 0.00123225 0.00151687 0.00184003 0.00220001 0.00259326 0.00301434 0.00345601 0.00390942 0.00436448 0.0048103 0.00523573 0.00562986 0.00598249 0.00628458 0.00652848 0.00670813 0.00681916 0.00685893 0.0068265 0.00672263 0.00654985 0.00631237 0.00601613 0.00566869 0.00527902 0.00485723 0.00441418 0.003961 0.00350854 0.00306689 0.00264493 0.00224996 0.0018875 0.00156124 0.00127301 0.00102304 0.000810159 0.000632083 0.000485753 0.00036762 0.000273922 0.000200908 0.000145014 0.000102981 7.19337e-05 4.94127e-05 3.33716e-05 2.2154e-05 1.44537e-05 9.26575e-06 5.83559e-06 3.6102e-06 2.19367e-06 1.30907e-06 7.67142e-07 4.4146e-07 2.49458e-07 1.38418e-07 7.542e-08 4.03546e-08 2.1205e-08 1.09436e-08 5.54798e-09 2.76451e-09 1.35733e-09 6.64299e-10 3.41783e-10 
4.03816e-10 4.44427e-10 7.66467e-10 1.55334e-09 3.22874e-09 6.64636e-09 1.34461e-08 2.66905e-08 5.19623e-08 9.92074e-08 1.85739e-07 3.41002e-07 6.13919e-07 1.08387e-06 1.87665e-06 3.18684e-06 5.30831e-06 8.67421e-06 1.39075e-05 2.18825e-05 3.37959e-05 5.12451e-05 7.63086e-05 0.000111621 0.000160433 0.000226645 0.000314802 0.000430028 0.000577907 0.000764273 0.000994932 0.0012753 0.00160999 0.00200233 0.00245389 0.00296407 0.0035297 0.00414487 0.00480081 0.00548613 0.00618709 0.00688824 0.00757303 0.00822467 0.00882682 0.00936436 0.0098239 0.0101942 0.0104665 0.0106343 0.0106938 0.0106438 0.0104852 0.0102219 0.00985992 0.00940806 0.00887742 0.00828128 0.00763469 0.00695392 0.00625569 0.0055565 0.00487179 0.00421526 0.00359837 0.00302995 0.00251604 0.00205998 0.00166257 0.00132242 0.00103643 0.000800177 0.000608424 0.000455502 0.000335683 0.000243449 0.000173706 0.00012191 8.41334e-05 5.70826e-05 3.80667e-05 2.49461e-05 1.60619e-05 1.01591e-05 6.31127e-06 3.85062e-06 2.30704e-06 1.35726e-06 7.84031e-07 4.4469e-07 2.47648e-07 1.35418e-07 7.27103e-08 3.83373e-08 1.98515e-08 1.0097e-08 5.04759e-09 2.48644e-09 1.22134e-09 6.31481e-10 
7.38449e-10 8.16875e-10 1.40773e-09 2.8436e-09 5.88861e-09 1.20754e-08 2.43349e-08 4.81141e-08 9.32954e-08 1.77394e-07 3.30742e-07 6.04647e-07 1.08387e-06 1.90517e-06 3.28387e-06 5.55105e-06 9.2033e-06 1.49675e-05 2.38817e-05 3.73912e-05 5.74588e-05 8.66827e-05 0.000128413 0.000186858 0.00026716 0.000375423 0.000518683 0.000704783 0.000942155 0.00123949 0.00160527 0.00204727 0.00257187 0.00318338 0.00388342 0.00467024 0.00553828 0.00647793 0.00747547 0.00851337 0.00957092 0.010625 0.0116512 0.0126248 0.0135221 0.0143212 0.0150029 0.0155511 0.0159534 0.0162008 0.0162877 0.0162125 0.0159766 0.0155854 0.0150476 0.0143755 0.0135852 0.0126957 0.0117289 0.0107083 0.00965858 0.00860407 0.00756778 0.00657039 0.00562941 0.0047586 0.00396769 0.0032624 0.00264471 0.00211327 0.00166402 0.00129086 0.000986281 0.000742 0.0005495 0.000400471 0.000287138 0.000202493 0.000140415 9.57171e-05 6.41269e-05 4.22154e-05 2.73023e-05 1.7344e-05 1.08209e-05 6.62963e-06 3.98828e-06 2.35573e-06 1.36612e-06 7.77802e-07 4.34777e-07 2.38612e-07 1.28577e-07 6.80311e-08 3.53482e-08 1.80397e-08 9.04822e-09 4.47218e-09 2.20493e-09 1.14577e-09 
1.32614e-09 1.4741e-09 2.53785e-09 5.10909e-09 1.05396e-08 2.15287e-08 4.32136e-08 8.50967e-08 1.64331e-07 3.11161e-07 5.77682e-07 1.05153e-06 1.87665e-06 3.28387e-06 5.63446e-06 9.48015e-06 1.5643e-05 2.53176e-05 4.01971e-05 6.26207e-05 9.57388e-05 0.000143685 0.00021174 0.000306474 0.00043583 0.000609139 0.000837023 0.00113118 0.001504 0.00196805 0.00253539 0.00321673 0.00402054 0.00495208 0.00601245 0.00719783 0.00849883 0.00990024 0.0113811 0.0129153 0.0144722 0.0160182 0.0175181 0.0189369 0.0202408 0.0213991 0.0223851 0.0231765 0.0237561 0.0241115 0.0242355 0.0241254 0.0237835 0.0232169 0.0224379 0.0214635 0.0203158 0.0190216 0.0176116 0.0161191 0.0145793 0.0130273 0.0114964 0.010017 0.00861531 0.00731215 0.00612282 0.00505685 0.0041183 0.00330637 0.00261613 0.00203948 0.00156606 0.00118411 0.00088133 0.000645535 0.000465164 0.000329663 0.000229716 0.000157346 0.000105915 7.00491e-05 4.55098e-05 2.90395e-05 1.81968e-05 1.11962e-05 6.76362e-06 4.01134e-06 2.33553e-06 1.33493e-06 7.49058e-07 4.12632e-07 2.23164e-07 1.18502e-07 6.17891e-08 3.16425e-08 1.59252e-08 7.89847e-09 3.90911e-09 2.0417e-09 
2.33894e-09 2.61185e-09 4.49132e-09 9.01006e-09 1.85144e-08 3.76675e-08 7.53027e-08 1.47678e-07 2.83989e-07 5.35448e-07 9.89776e-07 1.79371e-06 3.18684e-06 5.55105e-06 9.48015e-06 1.5875e-05 2.60685e-05 4.19834e-05 6.63239e-05 0.000102796 0.000156346 0.000233409 0.000342125 0.000492516 0.000696569 0.000968199 0.00132305 0.00177811 0.00235109 0.00305963 0.00392028 0.0049473 0.00615135 0.00753825 0.00910766 0.0108522 0.0127564 0.0147971 0.0169431 0.0191561 0.0213925 0.0236045 0.025743 0.0277591 0.0296067 0.0312437 0.032634 0.0337476 0.0345616 0.0350595 0.0352317 0.0350749 0.034592 0.0337927 0.0326929 0.0313158 0.0296911 0.027855 0.0258495 0.0237207 0.0215172 0.0192881 0.0170807 0.0149385 0.0128994 0.0109945 0.00924702 0.0076724 0.00627826 0.00506523 0.00402791 0.00315608 0.00243592 0.00185134 0.00138508 0.00101974 0.00073857 0.000526077 0.000368413 0.000253589 0.000171526 0.00011398 7.43956e-05 4.76877e-05 3.00155e-05 1.85487e-05 1.1253e-05 6.70179e-06 3.91794e-06 2.24837e-06 1.26654e-06 7.00375e-07 3.80206e-07 2.02636e-07 1.06039e-07 5.44955e-08 2.75228e-08 1.3699e-08 6.80645e-09 3.57338e-09 
4.05183e-09 4.54419e-09 7.80335e-09 1.55978e-08 3.19234e-08 6.46839e-08 1.28779e-07 2.51492e-07 4.81566e-07 9.0403e-07 1.66372e-06 3.0015e-06 5.30831e-06 9.2033e-06 1.5643e-05 2.60685e-05 4.25968e-05 6.8259e-05 0.000107284 0.000165417 0.000250264 0.000371617 0.000541747 0.000775594 0.00109082 0.00150769 0.00204864 0.00273769 0.00359945 0.00465792 0.00593501 0.00744888 0.00921218 0.0112304 0.0135001 0.016008 0.0187302 0.0216316 0.0246671 0.0277825 0.0309166 0.034004 0.0369775 0.0397713 0.0423236 0.0445789 0.0464898 0.0480172 0.0491314 0.0498114 0.0500448 0.0498273 0.049163 0.048064 0.0465511 0.0446542 0.0424122 0.0398727 0.0370914 0.0341297 0.0310535 0.0279296 0.024823 0.0217945 0.0188979 0.0161779 0.0136692 0.0113958 0.00937121 0.00759892 0.00607397 0.00478422 0.00371207 0.0028362 0.00213316 0.00157878 0.00114946 0.000822984 0.000579279 0.000400738 0.000272393 0.000181884 0.000119281 7.68148e-05 4.85687e-05 3.01478e-05 1.83698e-05 1.09869e-05 6.44996e-06 3.71655e-06 2.10199e-06 1.16693e-06 6.35915e-07 3.40196e-07 1.78682e-07 9.21608e-08 4.67123e-08 2.33346e-08 1.16404e-08 6.14332e-09 
6.89487e-09 7.76415e-09 1.33117e-08 2.65094e-08 5.40349e-08 1.09033e-07 2.16162e-07 4.20339e-07 8.01381e-07 1.49775e-06 2.74397e-06 4.92768e-06 8.67421e-06 1.49675e-05 2.53176e-05 4.19834e-05 6.8259e-05 0.000108824 0.000170153 0.00026097 0.000392711 0.000579962 0.000840802 0.001197 0.00167397 0.00230047 0.00310789 0.00412926 0.00539775 0.00694496 0.00879879 0.0109812 0.0135061 0.0163768 0.0195846 0.023107 0.0269074 0.0309352 0.0351265 0.0394064 0.043692 0.0478953 0.0519274 0.0557022 0.0591396 0.0621685 0.0647282 0.06677 0.0682564 0.0691614 0.0694699 0.0691765 0.0682863 0.0668143 0.0647865 0.0622402 0.0592246 0.0558005 0.0520392 0.0480209 0.0438316 0.0395597 0.0352926 0.0311128 0.0270943 0.0233003 0.019781 0.0165728 0.013698 0.0111655 0.0089723 0.00710518 0.00554282 0.00425801 0.0032199 0.00239596 0.00175374 0.00126227 0.000893111 0.000621009 0.000424244 0.000284679 0.000187598 0.000121384 7.7106e-05 4.80796e-05 2.94267e-05 1.76769e-05 1.04217e-05 6.03029e-06 3.42457e-06 1.9088e-06 1.04429e-06 5.60818e-07 2.95672e-07 1.53067e-07 7.78673e-08 3.9042e-08 1.95555e-08 1.03755e-08 
1.15263e-08 1.30289e-08 2.22991e-08 4.42379e-08 8.97975e-08 1.80433e-07 3.56185e-07 6.8961e-07 1.30893e-06 2.43533e-06 4.44119e-06 7.93835e-06 1.39075e-05 2.38817e-05 4.01971e-05 6.63239e-05 0.000107284 0.000170153 0.000264642 0.000403714 0.000604204 0.000887358 0.00127922 0.00181079 0.00251776 0.00343994 0.00462009 0.00610235 0.00793008 0.0101434 0.0127763 0.0158539 0.0193893 0.0233812 0.0278118 0.0326455 0.0378281 0.0432878 0.0489372 0.0546755 0.0603929 0.0659748 0.071307 0.0762799 0.0807931 0.0847579 0.0881 0.0907597 0.0926921 0.0938661 0.0942636 0.0938785 0.0927167 0.0907961 0.0881479 0.0848172 0.080864 0.0763634 0.0714041 0.066087 0.0605215 0.0548215 0.0491008 0.0434683 0.0380237 0.0328536 0.0280289 0.023603 0.0196113 0.0160716 0.0129853 0.01034 0.00811115 0.00626568 0.00476439 0.00356476 0.00262349 0.00189846 0.00135038 0.000943871 0.000648118 0.000437097 0.000289463 0.000188202 0.000120118 7.52482e-05 4.62649e-05 2.79158e-05 1.65302e-05 9.60573e-06 5.47792e-06 3.06584e-06 1.68404e-06 9.07946e-07 4.80529e-07 2.49708e-07 1.27504e-07 6.41713e-08 3.2276e-08 1.72165e-08 
1.89317e-08 2.14759e-08 3.66855e-08 7.24945e-08 1.46536e-07 2.93179e-07 5.7624e-07 1.11073e-06 2.09877e-06 3.88696e-06 7.05538e-06 1.25511e-05 2.18825e-05 3.73912e-05 6.26207e-05 0.000102796 0.000165417 0.00026097 0.000403714 0.000612513 0.000911617 0.00133131 0.00190827 0.00268561 0.00371228 0.005042 0.00673149 0.00883798 0.0114163 0.0145154 0.0181747 0.0224205 0.0272622 0.0326899 0.0386718 0.0451534 0.0520573 0.0592849 0.066719 0.0742279 0.0816703 0.0889013 0.0957782 0.102166 0.107943 0.113001 0.117254 0.12063 0.123078 0.124562 0.125062 0.12457 0.123093 0.120652 0.117283 0.113038 0.107987 0.102221 0.095845 0.0889833 0.0817705 0.0743488 0.0668624 0.0594514 0.0522462 0.0453625 0.0388978 0.0329281 0.0275075 0.0226671 0.018417 0.0147481 0.0116349 0.00903883 0.006912 0.00520071 0.00384877 0.00280042 0.00200273 0.0014073 0.000971395 0.000658484 0.000438273 0.000286363 0.000183654 0.000115596 7.14028e-05 4.32801e-05 2.57424e-05 1.50244e-05 8.60473e-06 4.836e-06 2.66728e-06 1.44383e-06 7.6715e-07 4.00188e-07 2.05118e-07 1.03631e-07 5.23429e-08 2.80717e-08 
3.05546e-08 3.47754e-08 5.92809e-08 1.1668e-07 2.34843e-07 4.67825e-07 9.1546e-07 1.75669e-06 3.30418e-06 6.09093e-06 1.10035e-05 1.94801e-05 3.37959e-05 5.74588e-05 9.57388e-05 0.000156346 0.000250264 0.000392711 0.000604204 0.000911617 0.00134914 0.00195901 0.00279173 0.00390588 0.00536697 0.00724567 0.00961507 0.0125472 0.0161089 0.0203574 0.0253355 0.0310671 0.0375537 0.044771 0.052667 0.0611615 0.0701474 0.0794926 0.0890446 0.0986356 0.108089 0.117227 0.125877 0.133878 0.141086 0.147377 0.15265 0.156827 0.159849 0.161677 0.162289 0.161678 0.15985 0.156828 0.152652 0.14738 0.141091 0.133889 0.125897 0.117261 0.108141 0.0987105 0.0891465 0.079624 0.0703092 0.0613527 0.0528847 0.0450109 0.03781 0.0313333 0.0256045 0.0206225 0.0163637 0.0127863 0.00983414 0.00744178 0.00553848 0.00405244 0.0029141 0.00205882 0.00142869 0.000973541 0.000651297 0.000427695 0.00027565 0.000174341 0.0001082 6.5889e-05 3.93683e-05 2.30795e-05 1.32757e-05 7.49304e-06 4.15003e-06 2.25564e-06 1.20328e-06 6.30157e-07 3.24237e-07 1.64453e-07 8.34187e-08 4.49814e-08 
4.84619e-08 5.53258e-08 9.4104e-08 1.84474e-07 3.69693e-07 7.33235e-07 1.42845e-06 2.72864e-06 5.10861e-06 9.37283e-06 1.6851e-05 2.9686e-05 5.12451e-05 8.66827e-05 0.000143685 0.000233409 0.000371617 0.000579962 0.000887358 0.00133131 0.00195901 0.00282805 0.0040065 0.00557205 0.00761027 0.0102117 0.0134679 0.0174665 0.022286 0.0279895 0.0346197 0.0421933 0.050697 0.0600849 0.0702771 0.0811603 0.0925899 0.104394 0.11638 0.12834 0.14006 0.151327 0.161939 0.171711 0.180479 0.188105 0.194478 0.199512 0.203148 0.205343 0.206074 0.205335 0.203132 0.199488 0.194445 0.188065 0.180434 0.171664 0.161896 0.151293 0.140042 0.128347 0.116417 0.104467 0.0927006 0.0813102 0.0704646 0.0603063 0.0509468 0.0424643 0.034904 0.0282786 0.0225717 0.0177413 0.0137254 0.010447 0.00781993 0.00575433 0.00416115 0.0029561 0.00206247 0.00141291 0.000950181 0.00062717 0.000406246 0.000258208 0.000161024 9.85208e-05 5.91385e-05 3.4827e-05 2.0122e-05 1.14066e-05 6.34436e-06 3.46263e-06 1.85465e-06 9.75134e-07 5.03702e-07 2.56486e-07 1.30665e-07 7.08423e-08 
7.55459e-08 8.64908e-08 1.4677e-07 2.86542e-07 5.71749e-07 1.12899e-06 2.18958e-06 4.16345e-06 7.75849e-06 1.41668e-05 2.53459e-05 4.44299e-05 7.63086e-05 0.000128413 0.00021174 0.000342125 0.000541747 0.000840802 0.00127922 0.00190827 0.00279173 0.0040065 0.00564216 0.00779947 0.0105874 0.0141189 0.0185051 0.0238492 0.0302389 0.0377397 0.0463882 0.0561864 0.0670983 0.0790474 0.0919169 0.105552 0.119763 0.134333 0.149024 0.163587 0.177769 0.191326 0.204027 0.215667 0.226066 0.235077 0.242584 0.248498 0.252759 0.255327 0.25618 0.25531 0.252725 0.248445 0.242512 0.234988 0.225962 0.215551 0.203907 0.191209 0.177665 0.163505 0.148974 0.134322 0.119797 0.105634 0.0920485 0.079226 0.0673191 0.0564425 0.0466709 0.0380395 0.0305457 0.0241533 0.0187977 0.0143926 0.0108365 0.00802028 0.00583282 0.00416693 0.00292333 0.00201351 0.00136129 0.000903216 0.00058805 0.000375637 0.000235407 0.000144725 8.72829e-05 5.16384e-05 2.99697e-05 1.70637e-05 9.53175e-06 5.22411e-06 2.80961e-06 1.48316e-06 7.69147e-07 3.93213e-07 2.01191e-07 1.09674e-07 
1.1576e-07 1.32877e-07 2.24936e-07 4.37343e-07 8.68849e-07 1.70806e-06 3.29773e-06 6.24175e-06 1.15767e-05 2.10371e-05 3.74529e-05 6.5324e-05 0.000111621 0.000186858 0.000306474 0.000492516 0.000775594 0.001197 0.00181079 0.00268561 0.00390588 0.00557205 0.00779947 0.0107157 0.0144561 0.0191575 0.024951 0.031953 0.0402566 0.0499233 0.0609756 0.0733915 0.087102 0.10199 0.117891 0.1346 0.151878 0.169456 0.187051 0.20437 0.221127 0.237047 0.25188 0.265404 0.277431 0.287812 0.29643 0.303202 0.30807 0.310998 0.311968 0.310972 0.308016 0.30312 0.296319 0.287672 0.277265 0.265215 0.251676 0.236838 0.220924 0.204184 0.186894 0.16934 0.151811 0.134589 0.117939 0.102098 0.0872675 0.0736083 0.0612351 0.0502155 0.04057 0.0322757 0.0252716 0.0194658 0.0147436 0.0109761 0.00802871 0.00576837 0.00406952 0.00281842 0.00191578 0.00127787 0.000836302 0.000536941 0.000338174 0.000208921 0.000126601 7.52499e-05 4.38726e-05 2.50909e-05 1.40767e-05 7.74782e-06 4.18414e-06 2.21769e-06 1.15463e-06 5.9265e-07 3.04558e-07 1.66925e-07 
1.74375e-07 2.00642e-07 3.38793e-07 6.56e-07 1.29757e-06 2.5396e-06 4.88106e-06 9.19601e-06 1.69755e-05 3.0699e-05 5.43844e-05 9.43766e-05 0.000160433 0.00026716 0.00043583 0.000696569 0.00109082 0.00167397 0.00251776 0.00371228 0.00536697 0.00761027 0.0105874 0.0144561 0.0193801 0.0255208 0.033027 0.0420247 0.0526056 0.0648187 0.078662 0.0940782 0.110953 0.129117 0.14835 0.168389 0.188937 0.209675 0.230271 0.250396 0.269732 0.287984 0.304889 0.320218 0.333786 0.345448 0.355094 0.362651 0.368071 0.371326 0.3724 0.371291 0.368 0.362542 0.354946 0.34526 0.333561 0.319959 0.304603 0.287682 0.269425 0.250097 0.229996 0.209437 0.188749 0.168261 0.14829 0.129128 0.111035 0.0942283 0.0788729 0.0650805 0.0529062 0.0423504 0.0333642 0.0258561 0.0197019 0.0147548 0.0108561 0.00784491 0.00556599 0.00387638 0.00264937 0.0017767 0.0011689 0.00075436 0.000477511 0.000296461 0.000180517 0.000107803 6.31418e-05 3.62734e-05 2.04395e-05 1.12979e-05 6.12672e-06 3.26046e-06 1.70431e-06 8.78301e-07 4.53322e-07 2.49802e-07 
2.58247e-07 2.97803e-07 5.01556e-07 9.67157e-07 1.90474e-06 3.71154e-06 7.10141e-06 1.33176e-05 2.44678e-05 4.40343e-05 7.76224e-05 0.000134021 0.000226645 0.000375423 0.000609139 0.000968199 0.00150769 0.00230047 0.00343994 0.005042 0.00724567 0.0102117 0.0141189 0.0191575 0.0255208 0.0333929 0.042937 0.0542814 0.0675081 0.0826421 0.0996443 0.118409 0.138764 0.160476 0.183259 0.206787 0.230702 0.254634 0.278209 0.301066 0.322865 0.343302 0.36211 0.379067 0.393999 0.406774 0.417301 0.425523 0.431406 0.434932 0.436095 0.434891 0.431323 0.425395 0.417126 0.40655 0.393726 0.378749 0.361752 0.342914 0.32246 0.300657 0.277814 0.254268 0.230381 0.206525 0.183069 0.160364 0.138735 0.118464 0.0997788 0.0828475 0.0677727 0.0545907 0.0432751 0.0337438 0.0258693 0.0194905 0.0144259 0.0104856 0.0074824 0.00524054 0.00360163 0.00242846 0.00160622 0.001042 0.000662959 0.000413651 0.000253102 0.00015187 8.93643e-05 5.15695e-05 2.91864e-05 1.62018e-05 8.82258e-06 4.71415e-06 2.47398e-06 1.28005e-06 6.63548e-07 3.676e-07 
3.76054e-07 4.34527e-07 7.29904e-07 1.40172e-06 2.74871e-06 5.33265e-06 1.01576e-05 1.89617e-05 3.46737e-05 6.21008e-05 0.000108928 0.00018712 0.000314802 0.000518683 0.000837023 0.00132305 0.00204864 0.00310789 0.00462009 0.00673149 0.00961507 0.0134679 0.0185051 0.024951 0.033027 0.042937 0.0548515 0.0688927 0.0851207 0.103523 0.12401 0.146412 0.170487 0.195927 0.222373 0.249431 0.276685 0.303716 0.330114 0.355499 0.37952 0.401876 0.422311 0.440622 0.456657 0.470311 0.481516 0.490238 0.496463 0.500188 0.501416 0.500145 0.496375 0.490101 0.481327 0.470066 0.456355 0.440263 0.4219 0.401422 0.379034 0.354994 0.329608 0.303225 0.27623 0.249028 0.222039 0.195674 0.170325 0.146346 0.12404 0.103645 0.0853236 0.0691627 0.0551714 0.0432884 0.0333914 0.0253112 0.0188467 0.01378 0.00989052 0.00696675 0.00481486 0.00326434 0.0021707 0.00141562 0.000905299 0.000567694 0.000349059 0.000210446 0.000124408 7.21165e-05 4.09946e-05 2.28539e-05 1.24966e-05 6.70422e-06 3.53228e-06 1.83488e-06 9.5526e-07 5.31993e-07 
5.38472e-07 6.2334e-07 1.04429e-06 1.99736e-06 3.90009e-06 7.53367e-06 1.42866e-05 2.65486e-05 4.8321e-05 8.61286e-05 0.000150331 0.00025694 0.000430028 0.000704783 0.00113118 0.00177811 0.00273769 0.00412926 0.00610235 0.00883798 0.0125472 0.0174665 0.0238492 0.031953 0.0420247 0.0542814 0.0688927 0.0859625 0.105515 0.127486 0.151717 0.177964 0.205901 0.235138 0.265237 0.295736 0.326164 0.356061 0.384996 0.412577 0.438462 0.462364 0.484056 0.503366 0.520176 0.534416 0.546051 0.555076 0.5615 0.565338 0.566602 0.565296 0.561414 0.554942 0.545864 0.534169 0.519867 0.502993 0.48362 0.461871 0.43792 0.411999 0.384398 0.355462 0.325583 0.295194 0.264754 0.234732 0.205588 0.177756 0.151619 0.127497 0.10563 0.0861684 0.0691726 0.0546151 0.0423906 0.0323303 0.024219 0.0178137 0.0128607 0.00911112 0.00633243 0.00431697 0.0028862 0.00189218 0.00121631 0.00076656 0.000473646 0.000286921 0.000170403 9.92243e-05 5.66507e-05 3.17159e-05 1.74138e-05 9.37958e-06 4.96121e-06 2.58728e-06 1.3527e-06 7.57228e-07 
7.58242e-07 8.79206e-07 1.46904e-06 2.79855e-06 5.44167e-06 1.04668e-05 1.97624e-05 3.65599e-05 6.62361e-05 0.000117502 0.000204092 0.00034708 0.000577907 0.000942155 0.001504 0.00235109 0.00359945 0.00539775 0.00793008 0.0114163 0.0161089 0.022286 0.0302389 0.0402566 0.0526056 0.0675081 0.0851207 0.105515 0.128664 0.154434 0.182587 0.212786 0.244612 0.277589 0.311199 0.344915 0.378218 0.410621 0.441683 0.47102 0.498312 0.523305 0.545812 0.565707 0.582918 0.597415 0.609206 0.618316 0.624783 0.62864 0.629911 0.628604 0.624709 0.618198 0.609037 0.597188 0.582627 0.565348 0.545382 0.522806 0.497749 0.470403 0.441026 0.40994 0.377533 0.344248 0.310574 0.27703 0.244141 0.21242 0.18234 0.154312 0.128666 0.105632 0.0853373 0.0678037 0.0529565 0.0406382 0.0306281 0.0226629 0.0164581 0.0117271 0.00819675 0.0056189 0.00377699 0.00248927 0.00160837 0.00101874 0.000632539 0.000384993 0.000229702 0.000134351 7.70384e-05 4.3311e-05 2.38768e-05 1.29115e-05 6.85573e-06 3.58912e-06 1.88435e-06 1.06017e-06 
1.05005e-06 1.2194e-06 2.03209e-06 3.85603e-06 7.46723e-06 1.4303e-05 2.68904e-05 4.95277e-05 8.9324e-05 0.00015772 0.000272633 0.000461351 0.000764273 0.00123949 0.00196805 0.00305963 0.00465792 0.00694496 0.0101434 0.0145154 0.0203574 0.0279895 0.0377397 0.0499233 0.0648187 0.0826421 0.103523 0.127486 0.154434 0.184151 0.2163 0.250445 0.286067 0.322599 0.359447 0.396028 0.431788 0.466227 0.49891 0.529478 0.557651 0.583224 0.606065 0.626102 0.643318 0.657734 0.669398 0.678375 0.684727 0.68851 0.689758 0.688484 0.684672 0.678284 0.669264 0.657547 0.64307 0.625786 0.605674 0.582756 0.557106 0.528861 0.49823 0.465499 0.43103 0.395262 0.3587 0.321897 0.28544 0.249917 0.215893 0.183878 0.154302 0.127491 0.103653 0.0828781 0.0651358 0.0502941 0.038137 0.0283885 0.0207377 0.0148619 0.0104467 0.00720091 0.00486657 0.00322426 0.00209395 0.00133292 0.00083162 0.000508541 0.000304799 0.000179061 0.000103114 5.82105e-05 3.2219e-05 1.74902e-05 9.32201e-06 4.89879e-06 2.58248e-06 1.46011e-06 
1.43021e-06 1.66312e-06 2.7643e-06 5.22545e-06 1.00788e-05 1.92269e-05 3.59969e-05 6.60159e-05 0.000118533 0.000208339 0.000358436 0.000603604 0.000994932 0.00160527 0.00253539 0.00392028 0.00593501 0.00879879 0.0127763 0.0181747 0.0253355 0.0346197 0.0463882 0.0609756 0.078662 0.0996443 0.12401 0.151717 0.182587 0.2163 0.252414 0.290382 0.329584 0.369363 0.409061 0.448047 0.485748 0.521669 0.555401 0.586627 0.615123 0.640748 0.663433 0.683173 0.700008 0.714015 0.725287 0.733923 0.740015 0.743636 0.744834 0.743622 0.739984 0.733869 0.7252 0.713886 0.699825 0.682925 0.663111 0.640344 0.614634 0.586051 0.554741 0.520936 0.484956 0.447216 0.408218 0.36854 0.328812 0.289695 0.251842 0.215866 0.182304 0.151591 0.124033 0.0997998 0.078926 0.061319 0.0467802 0.035031 0.0257405 0.0185536 0.0131151 0.00908994 0.00617616 0.00411327 0.00268486 0.00171749 0.00107668 0.000661444 0.000398219 0.000234958 0.00013587 7.70124e-05 4.27925e-05 2.33179e-05 1.2474e-05 6.57947e-06 3.48232e-06 1.97827e-06 
1.91602e-06 2.23075e-06 3.69825e-06 6.96506e-06 1.33822e-05 2.54281e-05 4.74143e-05 8.65919e-05 0.000154808 0.000270886 0.000463901 0.000777501 0.0012753 0.00204727 0.00321673 0.0049473 0.00744888 0.0109812 0.0158539 0.0224205 0.0310671 0.0421933 0.0561864 0.0733915 0.0940782 0.118409 0.146412 0.177964 0.212786 0.250445 0.290382 0.331936 0.37439 0.417005 0.459066 0.499916 0.538979 0.575783 0.609963 0.641263 0.669529 0.694692 0.71676 0.735795 0.751902 0.765209 0.775854 0.783971 0.789677 0.793062 0.794185 0.793063 0.789674 0.783959 0.775823 0.765148 0.751798 0.735636 0.716531 0.694383 0.669128 0.640765 0.609364 0.575086 0.538194 0.49906 0.458165 0.41609 0.373498 0.331106 0.289651 0.249847 0.212344 0.177692 0.146309 0.118465 0.0942702 0.0736903 0.0565587 0.0426056 0.0314889 0.0228265 0.0162256 0.0113069 0.00772315 0.00517001 0.00339149 0.00218002 0.00137305 0.000847342 0.000512376 0.000303594 0.000176278 0.000100311 5.59505e-05 3.06001e-05 1.64284e-05 8.69633e-06 4.62052e-06 2.63697e-06 
2.52484e-06 2.94276e-06 4.86645e-06 9.13241e-06 1.7481e-05 3.309e-05 6.14599e-05 0.00011179 0.000199023 0.000346751 0.000591173 0.000986242 0.00160999 0.00257187 0.00402054 0.00615135 0.00921218 0.0135061 0.0193893 0.0272622 0.0375537 0.050697 0.0670983 0.087102 0.110953 0.138764 0.170487 0.205901 0.244612 0.286067 0.329584 0.37439 0.419674 0.46463 0.508504 0.550626 0.590442 0.62752 0.661558 0.692375 0.719897 0.744137 0.765182 0.783165 0.798251 0.810621 0.820453 0.82791 0.833133 0.836226 0.837255 0.83624 0.833159 0.827942 0.820481 0.810634 0.798235 0.783105 0.765063 0.743943 0.719612 0.691987 0.661056 0.6269 0.589707 0.549788 0.507584 0.46366 0.418692 0.373439 0.32871 0.285312 0.24401 0.205475 0.170246 0.138703 0.111056 0.0873393 0.0674358 0.0510978 0.0379827 0.0276889 0.0197899 0.0138645 0.0095193 0.00640454 0.00422187 0.00272663 0.00172518 0.00106936 0.000649389 0.000386361 0.000225227 0.000128655 7.20247e-05 3.95315e-05 2.12971e-05 1.13127e-05 6.03307e-06 3.45837e-06 
3.27286e-06 3.81826e-06 6.29893e-06 1.178e-05 2.24682e-05 4.23751e-05 7.84099e-05 0.000142067 0.000251909 0.000437067 0.000741943 0.00123225 0.00200233 0.00318338 0.00495208 0.00753825 0.0112304 0.0163768 0.0233812 0.0326899 0.044771 0.0600849 0.0790474 0.10199 0.129117 0.160476 0.195927 0.235138 0.277589 0.322599 0.369363 0.417005 0.46463 0.511381 0.556481 0.599273 0.639239 0.676011 0.709362 0.739197 0.76553 0.788462 0.808156 0.824815 0.838663 0.849923 0.85881 0.865512 0.870186 0.872949 0.873872 0.872977 0.87024 0.865585 0.858894 0.850008 0.838734 0.824858 0.808153 0.788394 0.765377 0.73894 0.708985 0.675502 0.638593 0.598494 0.555585 0.510395 0.463594 0.415964 0.368368 0.321701 0.276832 0.234556 0.19554 0.160287 0.129116 0.10215 0.0793353 0.0604613 0.0451968 0.0331296 0.0238057 0.016765 0.0115692 0.00782194 0.00518075 0.0033613 0.00213619 0.0013298 0.000810882 0.000484363 0.000283438 0.000162503 9.12972e-05 5.02811e-05 2.71785e-05 1.44849e-05 7.75256e-06 4.46285e-06 
4.1736e-06 4.87323e-06 8.02044e-06 1.49502e-05 2.84173e-05 5.34082e-05 9.84705e-05 0.000177751 0.000313971 0.000542572 0.000917238 0.00151687 0.00245389 0.00388342 0.00601245 0.00910766 0.0135001 0.0195846 0.0278118 0.0386718 0.052667 0.0702771 0.0919169 0.117891 0.14835 0.183259 0.222373 0.265237 0.311199 0.359447 0.409061 0.459066 0.508504 0.556481 0.602222 0.645101 0.684659 0.720601 0.752792 0.78123 0.80602 0.82735 0.845457 0.860608 0.873076 0.883124 0.890993 0.89689 0.900985 0.903399 0.904209 0.903438 0.901061 0.896999 0.891126 0.883273 0.873229 0.860749 0.845568 0.827409 0.806006 0.781117 0.752559 0.720227 0.684131 0.644416 0.601388 0.55552 0.507451 0.457969 0.407973 0.358428 0.310301 0.264506 0.221839 0.182935 0.148233 0.11796 0.0921413 0.0706164 0.0530787 0.0391159 0.0282541 0.0199987 0.0138686 0.00942118 0.0062687 0.00408522 0.00260738 0.00162982 0.000997775 0.000598277 0.000351385 0.000202172 0.00011397 6.29736e-05 3.41478e-05 1.82572e-05 9.80501e-06 5.6671e-06 
5.23624e-06 6.11852e-06 1.00473e-05 1.86698e-05 3.53723e-05 6.62592e-05 0.000121747 0.000218992 0.000385401 0.000663478 0.00111721 0.00184003 0.00296407 0.00467024 0.00719783 0.0108522 0.016008 0.023107 0.0326455 0.0451534 0.0611615 0.0811603 0.105552 0.1346 0.168389 0.206787 0.249431 0.295736 0.344915 0.396028 0.448047 0.499916 0.550626 0.599273 0.645101 0.687537 0.726193 0.760866 0.791517 0.818241 0.841236 0.86077 0.877148 0.890693 0.901718 0.910517 0.917349 0.922434 0.925947 0.928013 0.928709 0.928061 0.92604 0.92257 0.917522 0.910719 0.901939 0.890918 0.877361 0.860948 0.841356 0.818274 0.791435 0.760642 0.725806 0.686974 0.644363 0.598372 0.549594 0.498798 0.446899 0.394913 0.343894 0.294865 0.248752 0.206324 0.168149 0.134569 0.105701 0.0814504 0.0615485 0.0455931 0.0330988 0.0235425 0.0164034 0.0111941 0.0074813 0.00489623 0.00313782 0.00196913 0.00121008 0.000728225 0.000429207 0.000247779 0.000140132 7.76711e-05 4.22453e-05 2.2655e-05 1.22064e-05 7.08197e-06 
