2.43223e-10 2.56359e-10 3.67035e-10 6.12249e-10 1.06955e-09 1.87672e-09 3.26408e-09 5.60513e-09 9.49258e-09 1.58499e-08 2.6091e-08 4.23434e-08 6.7754e-08 1.06897e-07 1.66308e-07 2.55158e-07 3.86092e-07 5.76237e-07 8.48358e-07 1.23216e-06 1.76568e-06 2.49664e-06 3.4837e-06 4.79748e-06 6.521e-06 8.7496e-06 1.15898e-05 1.51571e-05 1.95728e-05 2.49587e-05 3.14314e-05 3.90948e-05 4.80316e-05 5.82951e-05 6.99001e-05 8.28154e-05 9.69579e-05 0.000112188 0.000128311 0.000145075 0.00016218 0.000179287 0.000196028 0.000212017 0.000226872 0.000240222 0.000251724 0.000261081 0.000268044 0.000272429 0.000274118 0.000273068 0.000269306 0.000262936 0.000254129 0.000243119 0.000230197 0.000215695 0.000199977 0.000183426 0.000166425 0.000149346 0.000132532 0.000116291 0.000100882 8.65112e-05 7.33295e-05 6.14312e-05 5.08585e-05 4.16069e-05 3.36325e-05 2.68605e-05 2.11932e-05 1.65188e-05 1.27182e-05 9.67178e-06 7.26428e-06 5.38828e-06 3.94682e-06 2.85463e-06 2.03856e-06 1.43727e-06 1.00036e-06 6.87302e-07 4.661e-07 3.11976e-07 2.06084e-07 1.34344e-07 8.64219e-08 5.48575e-08 3.43586e-08 2.12328e-08 1.29463e-08 7.78846e-09 4.62357e-09 2.70965e-09 1.57011e-09 9.04348e-10 5.27031e-10 3.28305e-10 
2.56359e-10 2.70558e-10 3.88903e-10 6.51428e-10 1.14213e-09 2.01053e-09 3.50721e-09 6.03938e-09 1.02549e-08 1.71652e-08 2.83222e-08 4.60656e-08 7.38619e-08 1.16758e-07 1.81975e-07 2.79659e-07 4.23815e-07 6.33428e-07 9.33756e-07 1.35778e-06 1.94775e-06 2.7567e-06 3.84984e-06 5.30569e-06 7.21657e-06 9.68848e-06 1.28398e-05 1.67991e-05 2.17009e-05 2.76806e-05 3.48676e-05 4.33771e-05 5.33007e-05 6.46968e-05 7.75814e-05 9.19192e-05 0.000107617 0.00012452 0.000142409 0.000161006 0.000179977 0.000198946 0.000217503 0.000235223 0.000251681 0.000266467 0.000279204 0.000289561 0.000297264 0.000302111 0.000303971 0.000302797 0.000298621 0.000291555 0.00028179 0.000269584 0.000255259 0.000239181 0.000221756 0.000203405 0.000184553 0.000165611 0.000146963 0.000128949 0.000111856 9.59145e-05 8.12912e-05 6.80914e-05 5.63625e-05 4.60998e-05 3.72547e-05 2.97442e-05 2.34601e-05 1.8278e-05 1.40659e-05 1.06908e-05 8.02468e-06 5.94814e-06 4.35349e-06 3.14601e-06 2.24448e-06 1.58076e-06 1.09895e-06 7.54074e-07 5.10674e-07 3.41298e-07 2.25089e-07 1.46479e-07 9.40532e-08 5.95835e-08 3.72402e-08 2.29624e-08 1.39679e-08 8.38227e-09 4.96311e-09 2.90065e-09 1.67587e-09 9.6222e-10 5.5881e-10 3.46848e-10 
3.67035e-10 3.88903e-10 5.60611e-10 9.4016e-10 1.64884e-09 2.90223e-09 5.06111e-09 8.71118e-09 1.47828e-08 2.47266e-08 4.07643e-08 6.62392e-08 1.06095e-07 1.67513e-07 2.60743e-07 4.00152e-07 6.05517e-07 9.03567e-07 1.32976e-06 1.93026e-06 2.76396e-06 3.9046e-06 5.44249e-06 7.48595e-06 1.01619e-05 1.36153e-05 1.80077e-05 2.35132e-05 3.03134e-05 3.85901e-05 4.85154e-05 6.02409e-05 7.38854e-05 8.95217e-05 0.000107164 0.000126758 0.000148171 0.000171184 0.000195499 0.000220734 0.000246438 0.0002721 0.000297171 0.00032108 0.000343259 0.000363161 0.000380286 0.000394193 0.000404522 0.000411004 0.000413469 0.000411852 0.000406199 0.00039666 0.000383486 0.000367022 0.000347695 0.000325995 0.00030246 0.000277656 0.00025215 0.000226497 0.000201212 0.000176754 0.000153516 0.000131812 0.000111872 9.38433e-05 7.77966e-05 6.37309e-05 5.15861e-05 4.12544e-05 3.2593e-05 2.54366e-05 1.96082e-05 1.49287e-05 1.12246e-05 8.33393e-06 6.10966e-06 4.42216e-06 3.15981e-06 2.22874e-06 1.55163e-06 1.06613e-06 7.22915e-07 4.83713e-07 3.19357e-07 2.0803e-07 1.33692e-07 8.476e-08 5.30107e-08 3.27044e-08 1.99026e-08 1.19475e-08 7.07553e-09 4.13561e-09 2.38938e-09 1.37184e-09 7.96809e-10 4.95033e-10 
6.12249e-10 6.51428e-10 9.4016e-10 1.57515e-09 2.75763e-09 4.84411e-09 8.42957e-09 1.44769e-08 2.45112e-08 4.09021e-08 6.72669e-08 1.0903e-07 1.74181e-07 2.74285e-07 4.25778e-07 6.51606e-07 9.83219e-07 1.46294e-06 2.14664e-06 3.10673e-06 4.43517e-06 6.24646e-06 8.68016e-06 1.19028e-05 1.61082e-05 2.15171e-05 2.8373e-05 3.69376e-05 4.74814e-05 6.02727e-05 7.55634e-05 9.35718e-05 0.000114465 0.000138339 0.000165201 0.000194955 0.000227388 0.000262162 0.000298818 0.000336778 0.000375365 0.000413816 0.000451314 0.000487015 0.000520082 0.000549711 0.000575169 0.000595815 0.000611122 0.000620699 0.0006243 0.000621835 0.000613368 0.000599122 0.000579464 0.000554899 0.000526051 0.000493641 0.00045846 0.00042134 0.000383123 0.000344629 0.000306625 0.000269802 0.000234749 0.000201943 0.000171737 0.000144366 0.000119945 9.8485e-05 7.99074e-05 6.40605e-05 5.07386e-05 3.97e-05 3.06834e-05 2.34227e-05 1.76582e-05 1.31459e-05 9.66323e-06 7.01295e-06 5.02437e-06 3.55321e-06 2.48014e-06 1.70847e-06 1.16137e-06 7.78995e-07 5.15538e-07 3.36603e-07 2.16808e-07 1.37756e-07 8.63376e-08 5.33736e-08 3.25448e-08 1.95735e-08 1.16128e-08 6.79955e-09 3.93532e-09 2.26357e-09 1.31773e-09 8.21389e-10 
1.06955e-09 1.14213e-09 1.64884e-09 2.75763e-09 4.81622e-09 8.43856e-09 1.46459e-08 2.50853e-08 4.23563e-08 7.04836e-08 1.15587e-07 1.86807e-07 2.97556e-07 4.67161e-07 7.22974e-07 1.10301e-06 1.65914e-06 2.46081e-06 3.5993e-06 5.19227e-06 7.3884e-06 1.03718e-05 1.43658e-05 1.9635e-05 2.64863e-05 3.52659e-05 4.63547e-05 6.01578e-05 7.70917e-05 9.75651e-05 0.000121957 0.000150592 0.000183709 0.000221437 0.000263764 0.000310517 0.000361343 0.000415701 0.000472863 0.000531928 0.00059184 0.000651424 0.000709425 0.000764554 0.000815533 0.000861147 0.000900285 0.000931978 0.000955437 0.000970073 0.000975519 0.000971641 0.000958539 0.000936548 0.000906224 0.000868332 0.000823815 0.000773764 0.000719381 0.000661935 0.00060271 0.000542965 0.00048388 0.000426523 0.000371813 0.000320499 0.000273146 0.00023013 0.000191652 0.00015775 0.000128319 0.000103142 8.19134e-05 6.42694e-05 4.98124e-05 3.81336e-05 2.88315e-05 2.15263e-05 1.58696e-05 1.15507e-05 8.29948e-06 5.88632e-06 4.12044e-06 2.84646e-06 1.94038e-06 1.30511e-06 8.6607e-07 5.66981e-07 3.66153e-07 2.33244e-07 1.46551e-07 9.08202e-08 5.5511e-08 3.34645e-08 1.98999e-08 1.16782e-08 6.7743e-09 3.90595e-09 2.28038e-09 1.42702e-09 
1.87672e-09 2.01053e-09 2.90223e-09 4.84411e-09 8.43856e-09 1.47455e-08 2.55219e-08 4.35924e-08 7.33976e-08 1.21788e-07 1.99141e-07 3.20892e-07 5.09598e-07 7.97627e-07 1.23059e-06 1.87158e-06 2.80629e-06 4.14894e-06 6.04886e-06 8.69758e-06 1.23359e-05 1.72604e-05 2.38286e-05 3.24622e-05 4.36467e-05 5.79271e-05 7.58981e-05 9.81886e-05 0.000125439 0.000158272 0.000197258 0.000242876 0.000295469 0.0003552 0.000422018 0.000495614 0.000575409 0.000660531 0.000749832 0.000841895 0.000935082 0.00102758 0.00111745 0.00120273 0.00128147 0.00135182 0.00141209 0.00146084 0.00149686 0.00151928 0.00152754 0.00152145 0.00150115 0.00146716 0.00142031 0.00136177 0.00129296 0.00121554 0.00113133 0.00104228 0.000950331 0.000857431 0.000765398 0.000675886 0.000590329 0.000509905 0.000435513 0.000367768 0.000307011 0.000253333 0.000206602 0.000166508 0.000132599 0.000104328 8.10904e-05 6.22575e-05 4.72081e-05 3.53503e-05 2.61378e-05 1.90806e-05 1.37503e-05 9.78085e-06 6.86656e-06 4.75721e-06 3.25216e-06 2.19359e-06 1.45971e-06 9.58225e-07 6.20483e-07 3.96301e-07 2.4965e-07 1.55106e-07 9.5041e-08 5.74357e-08 3.4237e-08 2.014e-08 1.1711e-08 6.76963e-09 3.96419e-09 2.49066e-09 
3.26408e-09 3.50721e-09 5.06111e-09 8.42957e-09 1.46459e-08 2.55219e-08 4.40516e-08 7.50301e-08 1.2597e-07 2.08417e-07 3.3979e-07 5.45901e-07 8.64307e-07 1.34867e-06 2.07429e-06 3.14483e-06 4.70044e-06 6.927e-06 1.00663e-05 1.44271e-05 2.0395e-05 2.84427e-05 3.9137e-05 5.31419e-05 7.12177e-05 9.42118e-05 0.000123043 0.000158675 0.000202081 0.000254197 0.000315871 0.000387797 0.000470453 0.000564039 0.000668415 0.000783054 0.000907008 0.0010389 0.00117693 0.0013189 0.0014623 0.00160435 0.00174211 0.00187262 0.00199292 0.00210026 0.0021921 0.00226628 0.00232101 0.00235499 0.00236739 0.00235793 0.00232685 0.00227489 0.00220332 0.00211387 0.00200866 0.0018902 0.00176121 0.00162462 0.0014834 0.00134048 0.00119864 0.00106041 0.000928005 0.000803261 0.000687594 0.000581993 0.000487032 0.000402899 0.000329443 0.000266228 0.0002126 0.000167747 0.000130759 0.000100684 7.65715e-05 5.75084e-05 4.26481e-05 3.12259e-05 2.25696e-05 1.61017e-05 1.13373e-05 7.87745e-06 5.40075e-06 3.65319e-06 2.43781e-06 1.60473e-06 1.04194e-06 6.67267e-07 4.21451e-07 2.62523e-07 1.61269e-07 9.77022e-08 5.83828e-08 3.44275e-08 2.00681e-08 1.16309e-08 6.83177e-09 4.30953e-09 
5.60513e-09 6.03938e-09 8.71118e-09 1.44769e-08 2.50853e-08 4.35924e-08 7.50301e-08 1.2743e-07 2.1333e-07 3.51922e-07 5.72051e-07 9.16282e-07 1.44629e-06 2.24983e-06 3.44943e-06 5.21309e-06 7.76677e-06 1.14087e-05 1.6525e-05 2.36055e-05 3.32596e-05 4.62295e-05 6.33996e-05 8.58004e-05 0.000114604 0.000151107 0.000196706 0.000252855 0.000321005 0.00040254 0.000498692 0.000610446 0.000738452 0.000882923 0.00104356 0.00121947 0.00140915 0.00161044 0.00182057 0.00203619 0.0022535 0.00246833 0.00267629 0.00287294 0.00305394 0.00321519 0.00335298 0.00346411 0.00354599 0.0035967 0.00361505 0.00360063 0.00355377 0.0034756 0.00336796 0.00323339 0.00307503 0.00289656 0.00270202 0.00249573 0.00228213 0.00206558 0.00185026 0.00163999 0.00143814 0.00124752 0.00107032 0.000908115 0.000761848 0.000631883 0.000518069 0.00041982 0.000336205 0.000266043 0.000207992 0.00016063 0.000122528 9.23019e-05 6.86582e-05 5.04221e-05 3.65543e-05 2.61571e-05 1.84722e-05 1.28728e-05 8.85134e-06 6.0045e-06 4.01826e-06 2.65249e-06 1.727e-06 1.10898e-06 7.02311e-07 4.38618e-07 2.70139e-07 1.64074e-07 9.8289e-08 5.81032e-08 3.39537e-08 1.97308e-08 1.16256e-08 7.36296e-09 
9.49258e-09 1.02549e-08 1.47828e-08 2.45112e-08 4.23563e-08 7.33976e-08 1.2597e-07 2.1333e-07 3.56091e-07 5.85691e-07 9.49185e-07 1.51573e-06 2.38509e-06 3.69858e-06 5.65267e-06 8.51537e-06 1.26455e-05 1.85141e-05 2.67279e-05 3.80526e-05 5.3435e-05 7.40217e-05 0.000101171 0.000136455 0.000181648 0.000238704 0.000309706 0.000396802 0.000502123 0.000627669 0.000775189 0.00094605 0.00114109 0.0013605 0.00160369 0.0018692 0.00215467 0.00245677 0.00277132 0.00309332 0.0034171 0.0037365 0.00404509 0.00433637 0.00460404 0.00484214 0.00504533 0.00520898 0.00532938 0.00540378 0.00543047 0.00540887 0.00533949 0.00522392 0.00506483 0.00486588 0.00463161 0.00436732 0.00407891 0.00377265 0.00345501 0.00313241 0.002811 0.00249646 0.00219381 0.00190729 0.00164024 0.00139512 0.00117344 0.000975874 0.000802319 0.000652016 0.000523677 0.000415623 0.000325913 0.000252467 0.000193173 0.000145969 0.000108914 8.02323e-05 5.83446e-05 4.18771e-05 2.96633e-05 2.07337e-05 1.42988e-05 9.72831e-06 6.52906e-06 4.32216e-06 2.82198e-06 1.81712e-06 1.15388e-06 7.22562e-07 4.46182e-07 2.71696e-07 1.63173e-07 9.67021e-08 5.66537e-08 3.30109e-08 1.95117e-08 1.24075e-08 
1.58499e-08 1.71652e-08 2.47266e-08 4.09021e-08 7.04836e-08 1.21788e-07 2.08417e-07 3.51922e-07 5.85691e-07 9.60441e-07 1.55178e-06 2.47033e-06 3.87505e-06 5.99e-06 9.12527e-06 1.37018e-05 2.02804e-05 2.95934e-05 4.25788e-05 6.04139e-05 8.45461e-05 0.000116717 0.000158977 0.000213683 0.000283478 0.000371245 0.000480038 0.000612976 0.000773112 0.000963279 0.00118591 0.00144283 0.00173508 0.00206273 0.00242469 0.00281865 0.00324093 0.00368657 0.00414932 0.00462182 0.00509581 0.00556236 0.00601222 0.00643607 0.00682489 0.00717023 0.00746452 0.00770123 0.00787513 0.00798234 0.0080205 0.00798877 0.00788789 0.00772012 0.00748921 0.00720035 0.00685995 0.00647554 0.0060555 0.0056088 0.00514471 0.00467249 0.00420102 0.00373858 0.00329254 0.00286916 0.00247349 0.00210924 0.00177883 0.00148344 0.0012231 0.00099689 0.00080307 0.000639312 0.000502872 0.000390766 0.000299932 0.000227356 0.000170176 0.000125757 9.17367e-05 6.60496e-05 4.69303e-05 3.29031e-05 2.27598e-05 1.5531e-05 1.04541e-05 6.94052e-06 4.54445e-06 2.93444e-06 1.86853e-06 1.17324e-06 7.26408e-07 4.43495e-07 2.67039e-07 1.58663e-07 9.3195e-08 5.44522e-08 3.22881e-08 2.06153e-08 
2.6091e-08 2.83222e-08 4.07643e-08 6.72669e-08 1.15587e-07 1.99141e-07 3.3979e-07 5.72051e-07 9.49185e-07 1.55178e-06 2.49945e-06 3.96651e-06 6.20224e-06 9.55648e-06 1.4511e-05 2.17166e-05 3.20358e-05 4.65889e-05 6.68029e-05 9.44583e-05 0.000131731 0.000181222 0.000245973 0.000329457 0.000435536 0.000568395 0.000732418 0.000932043 0.00117156 0.00145489 0.00178531 0.00216521 0.00259578 0.00307679 0.00360639 0.0041809 0.00479481 0.00544075 0.00610961 0.00679077 0.0074724 0.00814182 0.00878591 0.0093916 0.00994625 0.0104381 0.0108567 0.0111929 0.0114395 0.0115912 0.0116448 0.0115991 0.0114551 0.011216 0.010887 0.0104752 0.00998951 0.00944045 0.00883968 0.00819977 0.00753374 0.00685467 0.00617519 0.00550714 0.00486112 0.00424625 0.00366996 0.00313783 0.00265362 0.0022193 0.00183522 0.00150032 0.00121235 0.000968161 0.000763958 0.000595552 0.000458588 0.000348744 0.000261878 0.000194146 0.000142079 0.00010262 7.31446e-05 5.14418e-05 3.56928e-05 2.44303e-05 1.64935e-05 1.09824e-05 7.21178e-06 4.67007e-06 2.98205e-06 1.87758e-06 1.16565e-06 7.13563e-07 4.30784e-07 2.56621e-07 1.51132e-07 8.85511e-08 5.26783e-08 3.37714e-08 
4.23434e-08 4.60656e-08 6.62392e-08 1.0903e-07 1.86807e-07 3.20892e-07 5.45901e-07 9.16282e-07 1.51573e-06 2.47033e-06 3.96651e-06 6.27468e-06 9.7798e-06 1.50196e-05 2.2731e-05 3.39043e-05 4.98449e-05 7.22395e-05 0.000103224 0.000145446 0.000202122 0.000277073 0.000374733 0.000500127 0.000658802 0.000856709 0.00110003 0.00139495 0.00174736 0.00216256 0.00264487 0.00319724 0.00382093 0.00451514 0.00527677 0.0061002 0.00697724 0.00789718 0.00884698 0.00981161 0.0107744 0.0117177 0.0126234 0.0134733 0.0142502 0.014938 0.0155225 0.0159913 0.0163347 0.0165455 0.0166194 0.0165548 0.0163532 0.0160187 0.0155585 0.0149822 0.0143019 0.0135318 0.0126881 0.0117878 0.010849 0.00988983 0.00892781 0.00797958 0.00706015 0.00618255 0.00535752 0.0045933 0.00389559 0.00326762 0.00271033 0.00222263 0.00180173 0.00144347 0.00114273 0.000893753 0.000690481 0.000526828 0.00039691 0.000295221 0.000216752 0.000157063 0.000112309 7.92361e-05 5.51501e-05 3.78646e-05 2.56412e-05 1.71246e-05 1.12784e-05 7.32465e-06 4.69047e-06 2.96154e-06 1.84367e-06 1.13168e-06 6.85037e-07 4.09166e-07 2.41618e-07 1.41972e-07 8.47369e-08 5.45469e-08 
6.7754e-08 7.38619e-08 1.06095e-07 1.74181e-07 2.97556e-07 5.09598e-07 8.64307e-07 1.44629e-06 2.38509e-06 3.87505e-06 6.20224e-06 9.7798e-06 1.51931e-05 2.3256e-05 3.50779e-05 5.21424e-05 7.6394e-05 0.000110331 0.000157098 0.00022057 0.000305423 0.000417169 0.000562165 0.000747553 0.000981151 0.00127127 0.00162645 0.00205512 0.00256522 0.00316371 0.00385607 0.00464585 0.00553413 0.00651909 0.00759573 0.00875562 0.00998685 0.0112742 0.0125992 0.0139411 0.0152768 0.0165823 0.0178328 0.0190039 0.0200723 0.0210167 0.0218178 0.0224596 0.022929 0.0232166 0.0233167 0.0232272 0.0229501 0.0224909 0.021859 0.0210673 0.0201318 0.0190715 0.017908 0.0166642 0.0153647 0.0140338 0.0126958 0.0113734 0.0100876 0.00885655 0.00769559 0.00661661 0.00562813 0.00473527 0.00393999 0.00324138 0.00263612 0.00211894 0.00168308 0.0013208 0.00102385 0.000783822 0.000592519 0.000442193 0.000325742 0.000236819 0.000169892 0.00012025 8.39633e-05 5.78282e-05 3.92815e-05 2.63144e-05 1.73829e-05 1.13225e-05 7.2716e-06 4.60436e-06 2.87444e-06 1.76926e-06 1.0739e-06 6.43165e-07 3.80838e-07 2.24425e-07 1.34398e-07 8.68716e-08 
1.06897e-07 1.16758e-07 1.67513e-07 2.74285e-07 4.67161e-07 7.97627e-07 1.34867e-06 2.24983e-06 3.69858e-06 5.99e-06 9.55648e-06 1.50196e-05 2.3256e-05 3.54782e-05 5.33309e-05 7.90015e-05 0.000115341 0.000165991 0.000235507 0.000329467 0.000454551 0.000618586 0.000830519 0.00110032 0.00143881 0.00185737 0.00236757 0.00298065 0.00370704 0.00455564 0.00553322 0.00664371 0.00788763 0.00926152 0.0107576 0.0123634 0.0140619 0.0158319 0.0176479 0.0194815 0.0213017 0.023076 0.0247714 0.0263558 0.0277985 0.0290714 0.0301496 0.031012 0.0316418 0.032027 0.0321601 0.0320386 0.0316649 0.0310462 0.0301947 0.029127 0.0278642 0.0264309 0.0248554 0.0231681 0.0214013 0.0195876 0.0177594 0.0159476 0.0141805 0.0124834 0.0108776 0.00937994 0.00800295 0.0067545 0.00563821 0.00465377 0.00379747 0.0030628 0.00244112 0.00192228 0.00149524 0.00114865 0.000871296 0.000652468 0.000482273 0.000351799 0.000253218 0.000179817 0.000125963 8.70326e-05 5.93058e-05 3.98518e-05 2.64058e-05 1.72513e-05 1.1112e-05 7.0565e-06 4.41785e-06 2.7269e-06 1.65974e-06 9.96767e-07 5.91859e-07 3.49807e-07 2.10193e-07 1.36427e-07 
1.66308e-07 1.81975e-07 2.60743e-07 4.25778e-07 7.22974e-07 1.23059e-06 2.07429e-06 3.44943e-06 5.65267e-06 9.12527e-06 1.4511e-05 2.2731e-05 3.50779e-05 5.33309e-05 7.98905e-05 0.000117932 0.000171569 0.000246026 0.000347795 0.000484773 0.000666351 0.000903445 0.00120843 0.00159499 0.00207781 0.00267217 0.00339341 0.00425624 0.00527396 0.00645767 0.00781535 0.009351 0.0110639 0.0129481 0.0149917 0.0171767 0.0194796 0.0218708 0.0243161 0.0267774 0.0292134 0.0315816 0.0338389 0.0359436 0.0378562 0.0395405 0.0409649 0.0421025 0.0429323 0.0434387 0.0436126 0.0434507 0.0429561 0.042138 0.0410118 0.0395986 0.0379251 0.0360231 0.0339284 0.0316807 0.0293215 0.0268938 0.0244399 0.0220008 0.0196144 0.017315 0.0151315 0.0130878 0.0112015 0.0094847 0.00794346 0.00657871 0.00538667 0.00435967 0.00348694 0.00275548 0.00215091 0.00165816 0.00126219 0.000948486 0.000703502 0.000514935 0.000371896 0.000264977 0.000186231 0.000129092 8.82481e-05 5.94874e-05 3.95387e-05 2.59101e-05 1.67394e-05 1.06615e-05 6.69417e-06 4.14375e-06 2.52922e-06 1.52318e-06 9.06989e-07 5.37663e-07 3.24182e-07 2.11287e-07 
2.55158e-07 2.79659e-07 4.00152e-07 6.51606e-07 1.10301e-06 1.87158e-06 3.14483e-06 5.21309e-06 8.51537e-06 1.37018e-05 2.17166e-05 3.39043e-05 5.21424e-05 7.90015e-05 0.000117932 0.00017347 0.000251462 0.00035928 0.000506031 0.000702711 0.000962303 0.00129977 0.00173195 0.00227725 0.00295524 0.00378606 0.00478959 0.00598461 0.00738772 0.00901223 0.0108671 0.0129558 0.0152755 0.0178163 0.0205606 0.0234832 0.0265515 0.029726 0.0329611 0.0362066 0.039409 0.0425133 0.0454646 0.0482098 0.050699 0.0528871 0.0547343 0.0562075 0.0572803 0.057934 0.058157 0.0579455 0.0573034 0.0562419 0.05478 0.052944 0.050767 0.0482888 0.0455546 0.0426141 0.0395204 0.0363283 0.0330924 0.0298661 0.0266991 0.0236366 0.0207181 0.0179758 0.0154348 0.0131127 0.0110193 0.00915781 0.00752487 0.00611189 0.00490592 0.00389077 0.00304804 0.00235822 0.00180149 0.00135856 0.0010112 0.000742741 0.000538271 0.000384825 0.00027137 0.000188732 0.000129438 8.75327e-05 5.83627e-05 3.83642e-05 2.4861e-05 1.58817e-05 1.00013e-05 6.20881e-06 3.8005e-06 2.29529e-06 1.37067e-06 8.15e-07 4.93108e-07 3.22722e-07 
3.86092e-07 4.23815e-07 6.05517e-07 9.83219e-07 1.65914e-06 2.80629e-06 4.70044e-06 7.76677e-06 1.26455e-05 2.02804e-05 3.20358e-05 4.98449e-05 7.6394e-05 0.000115341 0.000171569 0.000251462 0.000363193 0.000517009 0.000725474 0.00100365 0.0013692 0.00184228 0.00244538 0.00320283 0.00414024 0.00528356 0.00665807 0.00828714 0.0101908 0.0123846 0.0148778 0.0176724 0.0207621 0.0241313 0.0277547 0.0315976 0.035616 0.0397575 0.0439627 0.0481669 0.0523021 0.0562987 0.060088 0.0636038 0.0667846 0.0695751 0.0719267 0.0737993 0.0751611 0.0759894 0.0762703 0.0759995 0.0751813 0.0738296 0.0719672 0.0696259 0.066846 0.0636761 0.0601716 0.0563941 0.0524096 0.0482867 0.0440945 0.0399008 0.03577 0.0317609 0.0279254 0.0243071 0.0209407 0.017851 0.0150536 0.0125551 0.0103536 0.0084401 0.00679956 0.00541237 0.00425564 0.00330457 0.00253362 0.00191759 0.00143242 0.00105586 0.000767872 0.000550871 0.000389787 0.000271999 0.000187162 0.000126981 8.4936e-05 5.60078e-05 3.64069e-05 2.33282e-05 1.47345e-05 9.1741e-06 5.63187e-06 3.41112e-06 2.04294e-06 1.21847e-06 7.39806e-07 4.86195e-07 
5.76237e-07 6.33428e-07 9.03567e-07 1.46294e-06 2.46081e-06 4.14894e-06 6.927e-06 1.14087e-05 1.85141e-05 2.95934e-05 4.65889e-05 7.22395e-05 0.000110331 0.000165991 0.000246026 0.00035928 0.000517009 0.000733224 0.00102499 0.00141262 0.00191969 0.00257295 0.00340189 0.00443811 0.00571442 0.00726363 0.00911712 0.0113032 0.0138455 0.016761 0.0200585 0.0237371 0.0277851 0.032179 0.0368835 0.0418514 0.0470243 0.0523345 0.057706 0.0630569 0.0683023 0.073356 0.0781337 0.0825552 0.086546 0.0900397 0.0929787 0.0953152 0.097012 0.0980423 0.09839 0.0980497 0.0970269 0.0953378 0.0930092 0.0900786 0.0865939 0.082613 0.0782026 0.0734369 0.0683963 0.063165 0.0578287 0.052472 0.0471761 0.0420164 0.0370603 0.0323652 0.027978 0.0239336 0.0202554 0.0169551 0.0140336 0.0114825 0.00928522 0.00741861 0.00585493 0.0045634 0.00351174 0.00266766 0.00199997 0.00147952 0.00107981 0.000777375 0.000551962 0.00038648 0.000266829 0.00018163 0.000121885 8.06288e-05 5.25758e-05 3.37925e-05 2.14086e-05 1.33693e-05 8.23138e-06 5.00012e-06 3.00342e-06 1.7969e-06 1.09486e-06 7.22532e-07 
8.48358e-07 9.33756e-07 1.32976e-06 2.14664e-06 3.5993e-06 6.04886e-06 1.00663e-05 1.6525e-05 2.67279e-05 4.25788e-05 6.68029e-05 0.000103224 0.000157098 0.000235507 0.000347795 0.000506031 0.000725474 0.00102499 0.00142739 0.00195961 0.00265265 0.00354135 0.00466372 0.00606005 0.00777156 0.00983885 0.0123 0.0151883 0.0185305 0.0223442 0.0266363 0.031401 0.0366187 0.0422554 0.0482625 0.0545772 0.0611241 0.0678166 0.0745593 0.0812511 0.0877877 0.0940648 0.0999813 0.105441 0.110358 0.114652 0.118258 0.12112 0.123196 0.124454 0.124876 0.124457 0.123203 0.121131 0.118273 0.114673 0.110385 0.105476 0.100026 0.0941208 0.0878572 0.081336 0.0746612 0.0679364 0.0612623 0.0547333 0.0484353 0.042443 0.0368183 0.0316092 0.0268495 0.0225585 0.0187418 0.0153931 0.0124949 0.0100211 0.00793901 0.00621121 0.00479782 0.00365823 0.00275277 0.00204387 0.00149708 0.00108162 0.00077068 0.000541491 0.000375124 0.0002562 0.000172492 0.000114476 7.48839e-05 4.82811e-05 3.06814e-05 1.92178e-05 1.18674e-05 7.23002e-06 4.3558e-06 2.61419e-06 1.59851e-06 1.05929e-06 
1.23216e-06 1.35778e-06 1.93026e-06 3.10673e-06 5.19227e-06 8.69758e-06 1.44271e-05 2.36055e-05 3.80526e-05 6.04139e-05 9.44583e-05 0.000145446 0.00022057 0.000329467 0.000484773 0.000702711 0.00100365 0.00141262 0.00195961 0.00267976 0.00361319 0.0048045 0.00630182 0.00815553 0.0104164 0.0131337 0.0163521 0.0201101 0.0244363 0.0293476 0.0348467 0.0409203 0.047538 0.0546519 0.0621967 0.0700906 0.0782375 0.0865293 0.0948486 0.103072 0.111076 0.118735 0.125931 0.132553 0.1385 0.143683 0.148026 0.151468 0.15396 0.155468 0.155973 0.155466 0.153957 0.151464 0.148022 0.143679 0.138498 0.132556 0.125941 0.118755 0.111109 0.103121 0.0949162 0.0866179 0.0783485 0.0702245 0.0623531 0.0548292 0.0477338 0.0411311 0.0350685 0.0295759 0.0246664 0.0203374 0.0165724 0.0133429 0.0106116 0.00833413 0.00646229 0.00494606 0.00373581 0.00278405 0.00204671 0.00148406 0.0010612 0.000748225 0.000520128 0.000356439 0.00024078 0.000160319 0.000105209 6.80475e-05 4.33765e-05 2.72523e-05 1.68793e-05 1.03141e-05 6.23248e-06 3.75235e-06 2.30267e-06 1.53222e-06 
1.76568e-06 1.94775e-06 2.76396e-06 4.43517e-06 7.3884e-06 1.23359e-05 2.0395e-05 3.32596e-05 5.3435e-05 8.45461e-05 0.000131731 0.000202122 0.000305423 0.000454551 0.000666351 0.000962303 0.0013692 0.00191969 0.00265265 0.00361319 0.00485235 0.00642625 0.00839479 0.0108198 0.0137625 0.0172811 0.0214272 0.0262431 0.031758 0.0379858 0.0449223 0.0525433 0.0608041 0.0696387 0.0789614 0.0886678 0.0986379 0.108739 0.118829 0.128762 0.138392 0.147573 0.156171 0.164059 0.171124 0.177266 0.182402 0.186465 0.189403 0.191178 0.191769 0.19117 0.189387 0.186442 0.182373 0.177231 0.171086 0.164021 0.156137 0.147546 0.138375 0.128762 0.118848 0.108781 0.0987066 0.0887644 0.0790865 0.0697916 0.0609828 0.0527448 0.0451423 0.0382195 0.032 0.0264878 0.0216693 0.0175154 0.0139847 0.0110263 0.00858301 0.00659446 0.00499983 0.00374005 0.00275972 0.00200838 0.00144129 0.00101983 0.000711406 0.000489192 0.00033157 0.000221501 0.000145832 9.46221e-05 6.0505e-05 3.81305e-05 2.36883e-05 1.45181e-05 8.79936e-06 5.31464e-06 3.27308e-06 2.1869e-06 
2.49664e-06 2.7567e-06 3.9046e-06 6.24646e-06 1.03718e-05 1.72604e-05 2.84427e-05 4.62295e-05 7.40217e-05 0.000116717 0.000181222 0.000277073 0.000417169 0.000618586 0.000903445 0.00129977 0.00184228 0.00257295 0.00354135 0.0048045 0.00642625 0.00847607 0.0110271 0.0141538 0.0179286 0.0224185 0.0276812 0.0337613 0.0406865 0.0484646 0.0570808 0.0664961 0.076647 0.0874456 0.0987813 0.110523 0.122525 0.134626 0.146659 0.158453 0.169839 0.180654 0.190747 0.199976 0.208218 0.215366 0.221331 0.22604 0.22944 0.231491 0.232173 0.231476 0.22941 0.225995 0.221273 0.215296 0.208139 0.199891 0.19066 0.18057 0.169763 0.15839 0.146616 0.134608 0.122536 0.110567 0.0988589 0.0875581 0.0767935 0.0666739 0.057286 0.0486923 0.0409308 0.0340157 0.0279393 0.0226739 0.0181756 0.0143874 0.0112434 0.00867214 0.00660042 0.00495614 0.00367079 0.00268129 0.00193121 0.00137138 0.000960013 0.000662431 0.000450517 0.000301966 0.00019946 0.000129834 8.32823e-05 5.2647e-05 3.28061e-05 2.01667e-05 1.22601e-05 7.42852e-06 4.59134e-06 3.0802e-06 
3.4837e-06 3.84984e-06 5.44249e-06 8.68016e-06 1.43658e-05 2.38286e-05 3.9137e-05 6.33996e-05 0.000101171 0.000158977 0.000245973 0.000374733 0.000562165 0.000830519 0.00120843 0.00173195 0.00244538 0.00340189 0.00466372 0.00630182 0.00839479 0.0110271 0.0142866 0.0182611 0.0230343 0.0286815 0.035265 0.0428295 0.0513979 0.0609681 0.0715104 0.0829663 0.0952486 0.108243 0.121809 0.135788 0.150001 0.164261 0.178372 0.192141 0.205375 0.217896 0.229537 0.240145 0.249591 0.25776 0.264562 0.269922 0.273786 0.276114 0.276885 0.276091 0.273741 0.269855 0.264474 0.257654 0.249467 0.240009 0.229392 0.217749 0.205231 0.192006 0.178256 0.164169 0.14994 0.135762 0.121823 0.108298 0.0953458 0.0831041 0.0716857 0.061176 0.0516324 0.0430835 0.035531 0.0289519 0.0233018 0.0185193 0.0145299 0.0112513 0.00859676 0.00647999 0.00481763 0.00353214 0.0025534 0.00181976 0.00127842 0.000885221 0.000604098 0.000406267 0.000269239 0.000175821 0.000113138 7.17422e-05 4.48412e-05 2.76482e-05 1.68596e-05 1.02481e-05 6.35666e-06 4.28172e-06 
4.79748e-06 5.30569e-06 7.48595e-06 1.19028e-05 1.9635e-05 3.24622e-05 5.31419e-05 8.58004e-05 0.000136455 0.000213683 0.000329457 0.000500127 0.000747553 0.00110032 0.00159499 0.00227725 0.00320283 0.00443811 0.00606005 0.00815553 0.0108198 0.0141538 0.0182611 0.0232431 0.0291945 0.0361976 0.0443168 0.0535938 0.0640426 0.0756465 0.0883557 0.102087 0.116725 0.132123 0.148108 0.164489 0.181054 0.197587 0.213866 0.229672 0.244797 0.259046 0.27224 0.284222 0.294856 0.304028 0.311646 0.317637 0.321948 0.324543 0.325401 0.324514 0.321889 0.317549 0.311529 0.303885 0.294688 0.284034 0.272036 0.258831 0.24458 0.22946 0.213667 0.19741 0.180907 0.164379 0.148042 0.132104 0.116756 0.102168 0.0884843 0.0758188 0.0642529 0.0538348 0.0445802 0.0364746 0.0294764 0.0235216 0.0185289 0.0144049 0.0110497 0.00836126 0.00624008 0.00459226 0.00333207 0.00238336 0.00168035 0.00116761 0.000799556 0.000539531 0.000358738 0.000235026 0.000151715 9.65033e-05 6.05018e-05 3.74168e-05 2.28858e-05 1.39555e-05 8.68713e-06 5.8748e-06 
6.521e-06 7.21657e-06 1.01619e-05 1.61082e-05 2.64863e-05 4.36467e-05 7.12177e-05 0.000114604 0.000181648 0.000283478 0.000435536 0.000658802 0.000981151 0.00143881 0.00207781 0.00295524 0.00414024 0.00571442 0.00777156 0.0104164 0.0137625 0.0179286 0.0230343 0.0291945 0.0365136 0.0450786 0.0549531 0.0661712 0.0787334 0.0926029 0.107704 0.123924 0.141111 0.159085 0.177636 0.196536 0.215542 0.234407 0.252884 0.270734 0.287733 0.303676 0.318377 0.331677 0.343441 0.353557 0.361937 0.368515 0.37324 0.376081 0.377018 0.376046 0.373169 0.368408 0.361795 0.353381 0.343233 0.33144 0.318116 0.303396 0.287443 0.270441 0.252598 0.234139 0.215301 0.196332 0.177477 0.158977 0.141059 0.12393 0.107769 0.092723 0.0789039 0.0663849 0.0552014 0.0453518 0.0368015 0.0294871 0.0233224 0.0182043 0.0140194 0.0106499 0.00797873 0.00589405 0.00429256 0.00308162 0.00218045 0.00152046 0.00104477 0.000707385 0.000471903 0.000310168 0.000200856 0.000128158 8.0592e-05 4.99915e-05 3.06697e-05 1.87615e-05 1.172e-05 7.95696e-06 
8.7496e-06 9.68848e-06 1.36153e-05 2.15171e-05 3.52659e-05 5.79271e-05 9.42118e-05 0.000151107 0.000238704 0.000371245 0.000568395 0.000856709 0.00127127 0.00185737 0.00267217 0.00378606 0.00528356 0.00726363 0.00983885 0.0131337 0.0172811 0.0224185 0.0286815 0.0361976 0.0450786 0.0554133 0.0672599 0.0806405 0.0955359 0.111883 0.129575 0.148461 0.168352 0.189026 0.210236 0.231715 0.253189 0.274381 0.295022 0.314858 0.333653 0.351196 0.367302 0.381814 0.394604 0.405567 0.414625 0.421719 0.426807 0.429862 0.430868 0.429822 0.426726 0.421598 0.414463 0.405365 0.394362 0.381536 0.36699 0.350857 0.333294 0.314488 0.294651 0.27402 0.25285 0.23141 0.209974 0.188817 0.168203 0.148377 0.129559 0.111934 0.0956499 0.0808114 0.0674791 0.0556704 0.0453623 0.0364963 0.0289841 0.0227148 0.0175628 0.0133941 0.0100734 0.00746974 0.00546045 0.00393443 0.0027939 0.0019551 0.00134807 0.000915829 0.000612979 0.000404196 0.000262573 0.000168055 0.000106002 6.59499e-05 4.05821e-05 2.49034e-05 1.56112e-05 1.06396e-05 
1.15898e-05 1.28398e-05 1.80077e-05 2.8373e-05 4.63547e-05 7.58981e-05 0.000123043 0.000196706 0.000309706 0.000480038 0.000732418 0.00110003 0.00162645 0.00236757 0.00339341 0.00478959 0.00665807 0.00911712 0.0123 0.0163521 0.0214272 0.0276812 0.035265 0.0443168 0.0549531 0.0672599 0.0812856 0.0970337 0.114459 0.133466 0.153909 0.175596 0.198294 0.221737 0.245637 0.26969 0.29359 0.317035 0.339739 0.361436 0.381884 0.400875 0.418229 0.4338 0.447469 0.459147 0.468768 0.476285 0.481667 0.484894 0.485957 0.484852 0.481582 0.476156 0.468595 0.458928 0.447205 0.433492 0.41788 0.400489 0.381469 0.360999 0.339291 0.316587 0.293155 0.269281 0.245267 0.221419 0.198037 0.175409 0.153798 0.133432 0.1145 0.0971457 0.0814605 0.0674874 0.055221 0.0446121 0.0355746 0.0279928 0.0217302 0.0166375 0.0125613 0.00935007 0.00686056 0.0049614 0.00353584 0.002483 0.00171797 0.00117106 0.000786389 0.000520209 0.000338998 0.000217635 0.000137687 8.59177e-05 5.30269e-05 3.26417e-05 2.05326e-05 1.40466e-05 
1.51571e-05 1.67991e-05 2.35132e-05 3.69376e-05 6.01578e-05 9.81886e-05 0.000158675 0.000252855 0.000396802 0.000612976 0.000932043 0.00139495 0.00205512 0.00298065 0.00425624 0.00598461 0.00828714 0.0113032 0.0151883 0.0201101 0.0262431 0.0337613 0.0428295 0.0535938 0.0661712 0.0806405 0.0970337 0.115329 0.13545 0.15726 0.180569 0.205138 0.230687 0.256903 0.283457 0.31001 0.336225 0.361781 0.386379 0.409747 0.431648 0.45188 0.470277 0.486708 0.501073 0.513303 0.523347 0.531175 0.53677 0.540121 0.541225 0.54008 0.536686 0.531047 0.523172 0.51308 0.500801 0.486385 0.469906 0.451463 0.431191 0.409257 0.385866 0.361257 0.335702 0.309503 0.282981 0.256473 0.230316 0.204839 0.18035 0.157126 0.135403 0.115367 0.0971492 0.0808242 0.0664106 0.0538747 0.0431373 0.0340814 0.0265625 0.0204175 0.0154748 0.0115626 0.00851566 0.00618086 0.00442069 0.00311526 0.00216281 0.00147922 0.000996572 0.00066135 0.000432315 0.000278387 0.000176645 0.00011055 6.84306e-05 4.22532e-05 2.66686e-05 1.83115e-05 
1.95728e-05 2.17009e-05 3.03134e-05 4.74814e-05 7.70917e-05 0.000125439 0.000202081 0.000321005 0.000502123 0.000773112 0.00117156 0.00174736 0.00256522 0.00370704 0.00527396 0.00738772 0.0101908 0.0138455 0.0185305 0.0244363 0.031758 0.0406865 0.0513979 0.0640426 0.0787334 0.0955359 0.114459 0.13545 0.158391 0.1831 0.209337 0.23681 0.26519 0.294118 0.323221 0.352129 0.380481 0.40794 0.434201 0.458995 0.482095 0.503315 0.522509 0.53957 0.554421 0.567016 0.577326 0.585341 0.591057 0.594478 0.595605 0.594439 0.590979 0.58522 0.57716 0.566801 0.554156 0.539251 0.522136 0.502888 0.481617 0.458472 0.433641 0.407355 0.379883 0.351534 0.322646 0.293579 0.264705 0.236394 0.209002 0.182856 0.158243 0.135399 0.114501 0.0956617 0.0789312 0.0642975 0.051694 0.0410072 0.0320878 0.0247614 0.0188396 0.0141301 0.0104452 0.00760892 0.00546143 0.00386205 0.00269039 0.00184614 0.00124779 0.000830672 0.000544665 0.000351784 0.000223871 0.00014051 8.72271e-05 5.40219e-05 3.42096e-05 2.35737e-05 
2.49587e-05 2.76806e-05 3.85901e-05 6.02727e-05 9.75651e-05 0.000158272 0.000254197 0.00040254 0.000627669 0.000963279 0.00145489 0.00216256 0.00316371 0.00455564 0.00645767 0.00901223 0.0123846 0.016761 0.0223442 0.0293476 0.0379858 0.0484646 0.0609681 0.0756465 0.0926029 0.111883 0.133466 0.15726 0.1831 0.210751 0.23992 0.270259 0.301386 0.332896 0.364378 0.395433 0.425681 0.454777 0.482419 0.508348 0.532354 0.554276 0.573995 0.591431 0.606539 0.619299 0.629708 0.637777 0.64352 0.646953 0.648085 0.64692 0.643453 0.637672 0.629562 0.619107 0.606297 0.591133 0.573638 0.553859 0.531878 0.507815 0.481836 0.454153 0.425028 0.394767 0.363716 0.332257 0.300791 0.269726 0.239467 0.210391 0.182842 0.157109 0.133421 0.111938 0.092746 0.0758634 0.0612419 0.048777 0.0383191 0.0296854 0.0226725 0.0170687 0.0126639 0.00925836 0.00666872 0.00473198 0.00330745 0.00227698 0.00154389 0.00103098 0.000678042 0.000439215 0.000280314 0.000176433 0.000109838 6.82264e-05 4.33446e-05 2.99724e-05 
3.14314e-05 3.48676e-05 4.85154e-05 7.55634e-05 0.000121957 0.000197258 0.000315871 0.000498692 0.000775189 0.00118591 0.00178531 0.00264487 0.00385607 0.00553322 0.00781535 0.0108671 0.0148778 0.0200585 0.0266363 0.0348467 0.0449223 0.0570808 0.0715104 0.0883557 0.107704 0.129575 0.153909 0.180569 0.209337 0.23992 0.271965 0.305068 0.338795 0.372697 0.406328 0.439266 0.471119 0.501543 0.530243 0.556983 0.581577 0.603895 0.623851 0.6414 0.656531 0.669253 0.679593 0.687584 0.69326 0.696648 0.697768 0.696624 0.693209 0.687503 0.679477 0.669096 0.656326 0.641141 0.623531 0.603511 0.581126 0.556465 0.529662 0.500904 0.470434 0.438549 0.405598 0.371973 0.3381 0.304425 0.271394 0.23944 0.208962 0.180309 0.153766 0.129546 0.10778 0.0885228 0.071751 0.0573756 0.0452513 0.0351911 0.0269793 0.0203864 0.0151804 0.0111375 0.00805009 0.00573148 0.00401925 0.00277589 0.00188805 0.00126463 0.000834165 0.0005419 0.000346819 0.000218894 0.000136649 8.51247e-05 5.42505e-05 3.76399e-05 
3.90948e-05 4.33771e-05 6.02409e-05 9.35718e-05 0.000150592 0.000242876 0.000387797 0.000610446 0.00094605 0.00144283 0.00216521 0.00319724 0.00464585 0.00664371 0.009351 0.0129558 0.0176724 0.0237371 0.031401 0.0409203 0.0525433 0.0664961 0.0829663 0.102087 0.123924 0.148461 0.175596 0.205138 0.23681 0.270259 0.305068 0.340778 0.376902 0.412951 0.448452 0.482964 0.516094 0.547504 0.57692 0.60413 0.628983 0.651387 0.671293 0.688697 0.703622 0.716113 0.726223 0.734012 0.739531 0.742821 0.743911 0.742807 0.7395 0.73396 0.726145 0.716001 0.703468 0.688492 0.671029 0.651056 0.62858 0.603651 0.576365 0.546877 0.515402 0.482221 0.447674 0.41216 0.376122 0.340034 0.304387 0.269663 0.236318 0.204764 0.175348 0.148339 0.123922 0.102193 0.0831633 0.0667637 0.0528599 0.0412646 0.0317538 0.0240818 0.0179961 0.0132494 0.00960907 0.0068641 0.00482904 0.00334564 0.00228251 0.00153337 0.00101434 0.000660795 0.000424067 0.000268367 0.000167984 0.000104937 6.70809e-05 4.66925e-05 
4.80316e-05 5.33007e-05 7.38854e-05 0.000114465 0.000183709 0.000295469 0.000470453 0.000738452 0.00114109 0.00173508 0.00259578 0.00382093 0.00553413 0.00788763 0.0110639 0.0152755 0.0207621 0.0277851 0.0366187 0.047538 0.0608041 0.076647 0.0952486 0.116725 0.141111 0.168352 0.198294 0.230687 0.26519 0.301386 0.338795 0.376902 0.415173 0.453083 0.490138 0.525888 0.559944 0.591986 0.621765 0.649106 0.673896 0.696086 0.715671 0.732687 0.747196 0.759277 0.769014 0.776488 0.781771 0.784917 0.785961 0.784914 0.781762 0.77647 0.768979 0.759218 0.747103 0.732549 0.715477 0.695826 0.673561 0.648688 0.621261 0.591395 0.559272 0.525144 0.489338 0.452248 0.414327 0.376074 0.338014 0.300679 0.264582 0.230197 0.197936 0.16813 0.141023 0.11676 0.0953922 0.0768781 0.0610999 0.0478754 0.0369756 0.0281423 0.021104 0.0155905 0.0113445 0.00812997 0.00573758 0.00398723 0.0027283 0.00183812 0.00121934 0.000796496 0.000512506 0.000325177 0.000204074 0.000127826 8.19532e-05 5.72216e-05 
5.82951e-05 6.46968e-05 8.95217e-05 0.000138339 0.000221437 0.0003552 0.000564039 0.000882923 0.0013605 0.00206273 0.00307679 0.00451514 0.00651909 0.00926152 0.0129481 0.0178163 0.0241313 0.032179 0.0422554 0.0546519 0.0696387 0.0874456 0.108243 0.132123 0.159085 0.189026 0.221737 0.256903 0.294118 0.332896 0.372697 0.412951 0.453083 0.492541 0.530812 0.567449 0.602075 0.634396 0.664197 0.691344 0.71577 0.737472 0.75649 0.772904 0.786813 0.798332 0.807572 0.814638 0.819619 0.822581 0.823567 0.82259 0.819634 0.814655 0.807584 0.79833 0.786787 0.77284 0.756377 0.737296 0.715519 0.691006 0.663765 0.633865 0.601447 0.566729 0.530015 0.491684 0.452194 0.412057 0.371831 0.332089 0.293401 0.256301 0.221268 0.1887 0.158904 0.13208 0.108324 0.0876316 0.0699058 0.0549752 0.0426107 0.0325443 0.0244881 0.0181504 0.0132499 0.00952523 0.00674276 0.00469963 0.00322499 0.00217881 0.00144924 0.000949152 0.00061229 0.000389462 0.000245029 0.000153879 9.89349e-05 6.92836e-05 
6.99001e-05 7.75814e-05 0.000107164 0.000165201 0.000263764 0.000422018 0.000668415 0.00104356 0.00160369 0.00242469 0.00360639 0.00527677 0.00759573 0.0107576 0.0149917 0.0205606 0.0277547 0.0368835 0.0482625 0.0621967 0.0789614 0.0987813 0.121809 0.148108 0.177636 0.210236 0.245637 0.283457 0.323221 0.364378 0.406328 0.448452 0.490138 0.530812 0.569957 0.607131 0.641982 0.674247 0.703753 0.730412 0.754207 0.77518 0.793423 0.809055 0.822216 0.833051 0.841697 0.848283 0.852911 0.85566 0.856578 0.85568 0.852949 0.848335 0.841756 0.833106 0.822258 0.809071 0.793397 0.775097 0.754051 0.730169 0.703411 0.673797 0.64142 0.60646 0.569186 0.529959 0.489227 0.447513 0.405395 0.363486 0.322405 0.282748 0.245058 0.209804 0.177358 0.147981 0.121822 0.0989146 0.0791923 0.0624991 0.0486102 0.0372521 0.0281228 0.0209114 0.0153129 0.0110417 0.00783924 0.00547944 0.00377051 0.00255419 0.00170333 0.00111837 0.00072322 0.000461126 0.000290813 0.000183086 0.000118032 8.28901e-05 
8.28154e-05 9.19192e-05 0.000126758 0.000194955 0.000310517 0.000495614 0.000783054 0.00121947 0.0018692 0.00281865 0.0041809 0.0061002 0.00875562 0.0123634 0.0171767 0.0234832 0.0315976 0.0418514 0.0545772 0.0700906 0.0886678 0.110523 0.135788 0.164489 0.196536 0.231715 0.26969 0.31001 0.352129 0.395433 0.439266 0.482964 0.525888 0.567449 0.607131 0.644512 0.679266 0.711172 0.740102 0.766019 0.788956 0.809008 0.826309 0.841023 0.853323 0.863384 0.87137 0.877425 0.881666 0.884182 0.885025 0.884213 0.881726 0.877509 0.871473 0.863496 0.853432 0.841116 0.826371 0.809021 0.788902 0.76588 0.739862 0.710818 0.678789 0.64391 0.60641 0.566622 0.524978 0.482001 0.438284 0.394471 0.351226 0.309201 0.269007 0.231179 0.196159 0.164273 0.135726 0.110598 0.088856 0.0703659 0.0549118 0.0422184 0.0319732 0.0238478 0.0175156 0.0126667 0.0090183 0.00632081 0.00436099 0.00296175 0.00198003 0.00130317 0.000844696 0.000539814 0.000341219 0.00021533 0.000139175 9.79997e-05 
9.69579e-05 0.000107617 0.000148171 0.000227388 0.000361343 0.000575409 0.000907008 0.00140915 0.00215467 0.00324093 0.00479481 0.00697724 0.00998685 0.0140619 0.0194796 0.0265515 0.035616 0.0470243 0.0611241 0.0782375 0.0986379 0.122525 0.150001 0.181054 0.215542 0.253189 0.29359 0.336225 0.380481 0.425681 0.471119 0.516094 0.559944 0.602075 0.641982 0.679266 0.71364 0.744924 0.773044 0.798012 0.819917 0.838899 0.85514 0.86884 0.880207 0.889441 0.896727 0.902223 0.90606 0.908332 0.909097 0.908373 0.906139 0.902337 0.896869 0.889603 0.880378 0.869007 0.855286 0.839007 0.819965 0.797981 0.772913 0.744676 0.713261 0.67875 0.641329 0.601295 0.559057 0.515127 0.470108 0.424666 0.379505 0.335329 0.29281 0.252553 0.215068 0.180749 0.149861 0.122536 0.0987781 0.0784803 0.0614404 0.0473854 0.0359953 0.026927 0.0198338 0.014383 0.0102678 0.0072153 0.00499068 0.00339767 0.00227682 0.00150193 0.000975689 0.000624884 0.000395851 0.000250369 0.000162216 0.000114511 
