2.26548e-30 8.67152e-31 2.68656e-30 1.49389e-29 8.28157e-29 4.45486e-28 2.32209e-27 1.17218e-26 5.72704e-26 2.70675e-25 1.23682e-24 5.46109e-24 2.32886e-23 9.58723e-23 3.80842e-22 1.45927e-21 5.39175e-21 1.92055e-20 6.59406e-20 2.18209e-19 6.95951e-19 2.13937e-18 6.33906e-18 1.81062e-17 4.98556e-17 1.32336e-16 3.38593e-16 8.34911e-16 1.98357e-15 4.53903e-15 1.00007e-14 2.12074e-14 4.32691e-14 8.49062e-14 1.60177e-13 2.90376e-13 5.05544e-13 8.44623e-13 1.35284e-12 2.07496e-12 3.04378e-12 4.2657e-12 5.70781e-12 7.29334e-12 8.91103e-12 1.04377e-11 1.17661e-11 1.28266e-11 1.35928e-11 1.40709e-11 1.42794e-11 1.42301e-11 1.39174e-11 1.33224e-11 1.24288e-11 1.1244e-11 9.81607e-12 8.23556e-12 6.62097e-12 5.09229e-12 3.74507e-12 2.63473e-12 1.77481e-12 1.14611e-12 7.10391e-13 4.23104e-13 2.42378e-13 1.33652e-13 7.09875e-14 3.63374e-14 1.79354e-14 8.54013e-15 3.92479e-15 1.74168e-15 7.46631e-16 3.09319e-16 1.23886e-16 4.79813e-17 1.79745e-17 6.51399e-18 2.28401e-18 7.74917e-19 2.54427e-19 8.08494e-20 2.48691e-20 7.40627e-21 2.13598e-21 5.96735e-22 1.61545e-22 4.23936e-23 1.07889e-23 2.6639e-24 6.38443e-25 1.48594e-25 3.36024e-26 7.38661e-27 1.57923e-27 3.28544e-28 6.65442e-29 1.31556e-29 
8.67152e-31 3.34653e-31 1.09545e-30 6.29088e-30 3.59353e-29 1.99289e-28 1.07164e-27 5.58416e-27 2.81811e-26 1.37657e-25 6.50469e-25 2.97167e-24 1.31184e-23 5.5929e-23 2.30177e-22 9.1403e-22 3.50077e-21 1.29279e-20 4.60191e-20 1.57873e-19 5.21884e-19 1.66226e-18 5.10104e-18 1.50808e-17 4.29499e-17 1.17819e-16 3.11238e-16 7.91544e-16 1.93736e-15 4.56168e-15 1.03284e-14 2.24778e-14 4.70015e-14 9.43918e-14 1.8199e-13 3.36702e-13 5.97415e-13 1.01578e-12 1.65341e-12 2.57327e-12 3.82412e-12 5.41976e-12 7.31965e-12 9.42091e-12 1.15705e-11 1.35974e-11 1.53539e-11 1.67463e-11 1.77434e-11 1.83594e-11 1.86248e-11 1.85578e-11 1.81499e-11 1.73715e-11 1.61946e-11 1.46248e-11 1.27257e-11 1.06224e-11 8.4795e-12 6.46262e-12 4.70077e-12 3.26505e-12 2.16796e-12 1.37793e-12 8.39442e-13 4.90736e-13 2.75563e-13 1.4875e-13 7.72398e-14 3.86029e-14 1.8579e-14 8.6152e-15 3.851e-15 1.66022e-15 6.90653e-16 2.7737e-16 1.07585e-16 4.03176e-17 1.46027e-17 5.11305e-18 1.73117e-18 5.66903e-19 1.79589e-19 5.50493e-20 1.63321e-20 4.6911e-21 1.30496e-21 3.51702e-22 9.18721e-23 2.32712e-23 5.71855e-24 1.36396e-24 3.15927e-25 7.11004e-26 1.55556e-26 3.31029e-27 6.85546e-28 1.38239e-28 2.71568e-29 5.21107e-30 
2.68656e-30 1.09545e-30 3.89132e-30 2.28144e-29 1.32423e-28 7.45717e-28 4.06953e-27 2.15084e-26 1.10028e-25 5.44458e-25 2.60454e-24 1.20377e-23 5.37217e-23 2.31371e-22 9.61163e-22 3.84952e-21 1.48578e-20 5.52444e-20 1.97826e-19 6.82105e-19 2.26429e-18 7.23593e-18 2.22601e-17 6.5921e-17 1.87922e-16 5.15659e-16 1.36183e-15 3.46072e-15 8.46002e-15 1.98879e-14 4.4942e-14 9.75892e-14 2.03553e-13 4.07692e-13 7.83811e-13 1.44591e-12 2.55799e-12 4.33687e-12 7.03995e-12 1.09287e-11 1.62034e-11 2.29165e-11 3.08917e-11 3.96921e-11 4.86724e-11 5.71169e-11 6.44115e-11 7.01735e-11 7.42821e-11 7.68069e-11 7.78807e-11 7.7581e-11 7.58698e-11 7.26177e-11 6.77031e-11 6.11452e-11 5.32083e-11 4.44163e-11 3.54592e-11 2.703e-11 1.96678e-11 1.36682e-11 9.0824e-12 5.77819e-12 3.524e-12 2.06258e-12 1.1596e-12 6.26672e-13 3.25734e-13 1.62928e-13 7.84587e-14 3.63916e-14 1.62658e-14 7.00915e-15 2.91316e-15 1.16829e-15 4.52257e-16 1.69042e-16 6.10227e-17 2.12794e-17 7.16932e-18 2.33408e-18 7.34434e-19 2.23396e-19 6.57038e-20 1.86905e-20 5.14415e-21 1.37035e-21 3.53475e-22 8.8327e-23 2.13918e-23 5.0239e-24 1.14473e-24 2.53204e-25 5.43969e-26 1.13568e-26 2.3054e-27 4.55284e-28 8.75187e-29 1.64193e-29 
1.49389e-29 6.29088e-30 2.28144e-29 1.33448e-28 7.71912e-28 4.33147e-27 2.35518e-26 1.24011e-25 6.31944e-25 3.11462e-24 1.48379e-23 6.82824e-23 3.03359e-22 1.30037e-21 5.37525e-21 2.1416e-20 8.22043e-20 3.0388e-19 1.08151e-18 3.705e-18 1.22156e-17 3.87597e-17 1.18355e-16 3.47811e-16 9.83708e-16 2.67764e-15 7.01414e-15 1.76794e-14 4.28678e-14 9.99621e-14 2.24095e-13 4.82804e-13 9.99319e-13 1.98653e-12 3.79148e-12 6.94526e-12 1.22049e-11 2.05619e-11 3.31821e-11 5.12355e-11 7.55993e-11 1.06469e-10 1.43e-10 1.83176e-10 2.24053e-10 2.62392e-10 2.95432e-10 3.21473e-10 3.39997e-10 3.51342e-10 3.56119e-10 3.54676e-10 3.46832e-10 3.31993e-10 3.09601e-10 2.7974e-10 2.43608e-10 2.03576e-10 1.6277e-10 1.24329e-10 9.06985e-11 6.32302e-11 4.21722e-11 2.69437e-11 1.65099e-11 9.71268e-12 5.4904e-12 2.98419e-12 1.56042e-12 7.85323e-13 3.80574e-13 1.77664e-13 7.99324e-14 3.46732e-14 1.45076e-14 5.85712e-15 2.28244e-15 8.58713e-16 3.11973e-16 1.09464e-16 3.70998e-17 1.21472e-17 3.84282e-18 1.17484e-18 3.47193e-19 9.92082e-20 2.74196e-20 7.33304e-21 1.89848e-21 4.76027e-22 1.1566e-22 2.72449e-23 6.22556e-24 1.38071e-24 2.97368e-25 6.22302e-26 1.26608e-26 2.50559e-27 4.82606e-28 9.07165e-29 
8.28157e-29 3.59353e-29 1.32423e-28 7.71912e-28 4.44588e-27 2.48388e-26 1.34461e-25 7.04821e-25 3.57522e-24 1.75385e-23 8.31506e-23 3.80757e-22 1.68295e-21 7.1758e-21 2.94985e-20 1.16851e-19 4.45826e-19 1.63766e-18 5.78985e-18 1.96969e-17 6.4469e-17 2.03004e-16 6.14984e-16 1.79249e-15 5.0271e-15 1.35666e-14 3.52302e-14 8.80273e-14 2.11593e-13 4.89168e-13 1.08732e-12 2.32306e-12 4.7691e-12 9.40497e-12 1.78116e-11 3.23847e-11 5.65052e-11 9.45579e-11 1.51642e-10 2.3281e-10 3.41759e-10 4.79146e-10 6.41063e-10 8.18501e-10 9.98485e-10 1.16684e-09 1.31159e-09 1.42542e-09 1.50621e-09 1.55552e-09 1.57607e-09 1.56938e-09 1.53461e-09 1.46912e-09 1.37044e-09 1.23893e-09 1.07983e-09 9.03516e-10 7.23663e-10 5.54021e-10 4.05328e-10 2.83563e-10 1.89901e-10 1.21892e-10 7.50746e-11 4.44122e-11 2.52545e-11 1.38122e-11 7.26922e-12 3.68296e-12 1.79707e-12 8.4483e-13 3.82814e-13 1.67261e-13 7.04941e-14 2.86683e-14 1.12527e-14 4.26384e-15 1.5599e-15 5.51049e-16 1.87985e-16 6.19359e-17 1.9711e-17 6.06047e-18 1.80069e-18 5.1718e-19 1.43638e-19 3.85924e-20 1.00355e-20 2.52695e-21 6.16461e-22 1.45781e-22 3.34371e-23 7.44279e-24 1.60869e-24 3.37819e-25 6.89634e-26 1.36936e-26 2.64625e-27 4.99072e-28 
4.45486e-28 1.99289e-28 7.45717e-28 4.33147e-27 2.48388e-26 1.38158e-25 7.44545e-25 3.88499e-24 1.96152e-23 9.57661e-23 4.51818e-22 2.05855e-21 9.0516e-21 3.83869e-20 1.5692e-19 6.17968e-19 2.34334e-18 8.55259e-18 3.00335e-17 1.01449e-16 3.29581e-16 1.02973e-15 3.09414e-15 8.9425e-15 2.48618e-14 6.64985e-14 1.71131e-13 4.23716e-13 1.00927e-12 2.3123e-12 5.09414e-12 1.07887e-11 2.1959e-11 4.29432e-11 8.06695e-11 1.45526e-10 2.52021e-10 4.18769e-10 6.6717e-10 1.01812e-09 1.48651e-09 2.0742e-09 2.76381e-09 3.5167e-09 4.27795e-09 4.98804e-09 5.59704e-09 6.07488e-09 6.4132e-09 6.61901e-09 6.70388e-09 6.67411e-09 6.5261e-09 6.24854e-09 5.83092e-09 5.27466e-09 4.60172e-09 3.85573e-09 3.09413e-09 2.37474e-09 1.74284e-09 1.22389e-09 8.23251e-10 5.31057e-10 3.28883e-10 1.95714e-10 1.11993e-10 6.16566e-11 3.26723e-11 1.66708e-11 8.19354e-12 3.8805e-12 1.77162e-12 7.79974e-13 3.31251e-13 1.35744e-13 5.36852e-14 2.04937e-14 7.55191e-15 2.6865e-15 9.22647e-16 3.05944e-16 9.79627e-17 3.02952e-17 9.05093e-18 2.6131e-18 7.29338e-19 1.9688e-19 5.14261e-20 1.30047e-20 3.18562e-21 7.56324e-22 1.74139e-22 3.8906e-23 8.43963e-24 1.77857e-24 3.64345e-25 7.25928e-26 1.40756e-26 2.66365e-27 
2.32209e-27 1.07164e-27 4.06953e-27 2.35518e-26 1.34461e-25 7.44545e-25 3.99417e-24 2.0745e-23 1.04248e-22 5.06512e-22 2.37788e-21 1.07789e-20 4.71466e-20 1.98855e-19 8.08277e-19 3.16425e-18 1.19244e-17 4.32376e-17 1.50794e-16 5.05689e-16 1.63038e-15 5.05328e-15 1.50576e-14 4.31409e-14 1.18863e-13 3.14999e-13 8.03036e-13 1.9695e-12 4.64684e-12 1.0546e-11 2.30173e-11 4.83009e-11 9.74281e-11 1.88862e-10 3.51763e-10 6.29366e-10 1.08138e-09 1.78352e-09 2.82179e-09 4.27883e-09 6.21169e-09 8.62398e-09 1.14416e-08 1.45058e-08 1.75934e-08 2.04651e-08 2.29217e-08 2.48446e-08 2.62028e-08 2.70261e-08 2.73618e-08 2.72353e-08 2.66313e-08 2.55035e-08 2.38089e-08 2.15529e-08 1.88236e-08 1.57967e-08 1.27033e-08 9.77651e-09 7.19961e-09 5.07656e-09 3.43099e-09 2.22508e-09 1.38609e-09 8.3007e-10 4.78175e-10 2.65104e-10 1.41505e-10 7.27438e-11 3.6028e-11 1.71969e-11 7.91371e-12 3.5121e-12 1.5036e-12 6.21105e-13 2.47586e-13 9.52455e-14 3.53616e-14 1.26705e-14 4.38168e-15 1.46251e-15 4.71222e-16 1.46589e-16 4.40395e-17 1.2782e-17 3.58545e-18 9.7248e-19 2.5517e-19 6.48078e-20 1.59413e-20 3.79995e-21 8.78311e-22 1.9697e-22 4.28844e-23 9.06992e-24 1.86454e-24 3.72782e-25 7.25294e-26 1.37729e-26 
1.17218e-26 5.58416e-27 2.15084e-26 1.24011e-25 7.04821e-25 3.88499e-24 2.0745e-23 1.0724e-22 5.36323e-22 2.59311e-21 1.21126e-20 5.46226e-20 2.37644e-19 9.9679e-19 4.0283e-18 1.56752e-17 5.86997e-17 2.11435e-16 7.32253e-16 2.43757e-15 7.79801e-15 2.39724e-14 7.08207e-14 2.01091e-13 5.48913e-13 1.44077e-12 3.63718e-12 8.83234e-12 2.06326e-11 4.63633e-11 1.00203e-10 2.08248e-10 4.16096e-10 7.99164e-10 1.47515e-09 2.61649e-09 4.45847e-09 7.29583e-09 1.14587e-08 1.72589e-08 2.4904e-08 3.43917e-08 4.54198e-08 5.73624e-08 6.93538e-08 8.04725e-08 8.99581e-08 9.73647e-08 1.02583e-07 1.05735e-07 1.07005e-07 1.06492e-07 1.04133e-07 9.97462e-08 9.3164e-08 8.44047e-08 7.38068e-08 6.20458e-08 5.00123e-08 3.86058e-08 2.8536e-08 2.02107e-08 1.37294e-08 8.95511e-09 5.61361e-09 3.38447e-09 1.96362e-09 1.09678e-09 5.89957e-10 3.05697e-10 1.52638e-10 7.34625e-11 3.40907e-11 1.52577e-11 6.58754e-12 2.74407e-12 1.10289e-12 4.27698e-13 1.60027e-13 5.77677e-14 2.01192e-14 6.76067e-15 2.19218e-15 6.86057e-16 2.07283e-16 6.04846e-17 1.70527e-17 4.64751e-18 1.22507e-18 3.12511e-19 7.71953e-20 1.84759e-20 4.2873e-21 9.65149e-22 2.10916e-22 4.47708e-23 9.23668e-24 1.85323e-24 3.61825e-25 6.89507e-26 
5.72704e-26 2.81811e-26 1.10028e-25 6.31944e-25 3.57522e-24 1.96152e-23 1.04248e-22 5.36323e-22 2.66915e-21 1.28409e-20 5.96746e-20 2.67693e-19 1.15832e-18 4.83121e-18 1.941e-17 7.5068e-17 2.7931e-16 9.99296e-16 3.43625e-15 1.13531e-14 3.60322e-14 1.09844e-13 3.21656e-13 9.04912e-13 2.44642e-12 6.35765e-12 1.58866e-11 3.81803e-11 8.82645e-11 1.96284e-10 4.19861e-10 8.63752e-10 1.7087e-09 3.24992e-09 5.94232e-09 1.04439e-08 1.7641e-08 2.86289e-08 4.46165e-08 6.67231e-08 9.56628e-08 1.31362e-07 1.72643e-07 2.17149e-07 2.61669e-07 3.02815e-07 3.37818e-07 3.6508e-07 3.84235e-07 3.95763e-07 4.00355e-07 3.98367e-07 3.89563e-07 3.73261e-07 3.48828e-07 3.16324e-07 2.76988e-07 2.33302e-07 1.88541e-07 1.46022e-07 1.08374e-07 7.71267e-08 5.26838e-08 3.4576e-08 2.18207e-08 1.32509e-08 7.74659e-09 4.36129e-09 2.36525e-09 1.23597e-09 6.22473e-10 3.02226e-10 1.41499e-10 6.38968e-11 2.78337e-11 1.16966e-11 4.74167e-12 1.85421e-12 6.99359e-13 2.54402e-13 8.92497e-14 3.01977e-14 9.85553e-15 3.10326e-15 9.43027e-16 2.76674e-16 7.84064e-17 2.14734e-17 5.68675e-18 1.45714e-18 3.61481e-19 8.6875e-20 2.02399e-20 4.57411e-21 1.00339e-21 2.13781e-22 4.42664e-23 8.91351e-24 1.74647e-24 3.34016e-25 
2.70675e-25 1.37657e-25 5.44458e-25 3.11462e-24 1.75385e-23 9.57661e-23 5.06512e-22 2.59311e-21 1.28409e-20 6.14618e-20 2.84136e-19 1.26777e-18 5.45531e-18 2.26231e-17 9.03491e-17 3.4725e-16 1.28361e-15 4.5609e-15 1.557e-14 5.10488e-14 1.60707e-13 4.85727e-13 1.40952e-12 3.92779e-12 1.05135e-11 2.70409e-11 6.68554e-11 1.58942e-10 3.6344e-10 7.99425e-10 1.69153e-09 3.44274e-09 6.7392e-09 1.26866e-08 2.29658e-08 3.99751e-08 6.68992e-08 1.07618e-07 1.66342e-07 2.46886e-07 3.51559e-07 4.79858e-07 6.27394e-07 7.8571e-07 9.43439e-07 1.08872e-06 1.21194e-06 1.30766e-06 1.37473e-06 1.41494e-06 1.43076e-06 1.42343e-06 1.39209e-06 1.3343e-06 1.24778e-06 1.13271e-06 9.93401e-07 8.38534e-07 6.796e-07 5.28259e-07 3.93807e-07 2.81733e-07 1.93601e-07 1.27907e-07 8.13064e-08 4.97566e-08 2.93252e-08 1.66501e-08 9.10902e-09 4.80281e-09 2.44109e-09 1.19629e-09 5.65374e-10 2.57721e-10 1.1332e-10 4.80608e-11 1.9659e-11 7.75452e-12 2.94918e-12 1.08131e-12 3.82191e-13 1.30228e-13 4.27845e-14 1.35559e-14 4.14364e-15 1.22244e-15 3.48244e-16 9.58498e-17 2.55042e-17 6.56476e-18 1.63567e-18 3.94761e-19 9.23465e-20 2.09529e-20 4.61415e-21 9.86832e-22 2.05103e-22 4.14522e-23 8.15161e-24 1.56479e-24 
1.23682e-24 6.50469e-25 2.60454e-24 1.48379e-23 8.31506e-23 4.51818e-22 2.37788e-21 1.21126e-20 5.96746e-20 2.84136e-19 1.30654e-18 5.79755e-18 2.48062e-17 1.02268e-16 4.05938e-16 1.55028e-15 5.69248e-15 2.00849e-14 6.80599e-14 2.21404e-13 6.91244e-13 2.07095e-12 5.95397e-12 1.64294e-11 4.35259e-11 1.10755e-10 2.70812e-10 6.36572e-10 1.43899e-09 3.12897e-09 6.54526e-09 1.31715e-08 2.54981e-08 4.74811e-08 8.50472e-08 1.46528e-07 2.42821e-07 3.8699e-07 5.92957e-07 8.73016e-07 1.23415e-06 1.67377e-06 2.17632e-06 2.71287e-06 3.24517e-06 3.73367e-06 4.14672e-06 4.46666e-06 4.69023e-06 4.82374e-06 4.8756e-06 4.84996e-06 4.74377e-06 4.54872e-06 4.25702e-06 3.86909e-06 3.3992e-06 2.87623e-06 2.3385e-06 1.82504e-06 1.36717e-06 9.83681e-07 6.80361e-07 4.52729e-07 2.90031e-07 1.78962e-07 1.06396e-07 6.09565e-08 3.36604e-08 1.79181e-08 9.19625e-09 4.55148e-09 2.17259e-09 1.00025e-09 4.44163e-10 1.90204e-10 7.85338e-11 3.12577e-11 1.19903e-11 4.43211e-12 1.57858e-12 5.41775e-13 1.79199e-13 5.71395e-14 1.75704e-14 5.21284e-15 1.49295e-15 4.13003e-16 1.10426e-16 2.85556e-17 7.1467e-18 1.73227e-18 4.06929e-19 9.2707e-20 2.0497e-20 4.40088e-21 9.18203e-22 1.86277e-22 3.67693e-23 7.08525e-24 
5.46109e-24 2.97167e-24 1.20377e-23 6.82824e-23 3.80757e-22 2.05855e-21 1.07789e-20 5.46226e-20 2.67693e-19 1.26777e-18 5.79755e-18 2.55807e-17 1.08817e-16 4.45926e-16 1.759e-15 6.67399e-15 2.43395e-14 8.52638e-14 2.86747e-13 9.25371e-13 2.86467e-12 8.50548e-12 2.42208e-11 6.61629e-11 1.73429e-10 4.36421e-10 1.05487e-09 2.45037e-09 5.47281e-09 1.17568e-08 2.42976e-08 4.83144e-08 9.24351e-08 1.70156e-07 3.01381e-07 5.13646e-07 8.42371e-07 1.32927e-06 2.01791e-06 2.94562e-06 4.13195e-06 5.56549e-06 7.19388e-06 8.92309e-06 1.06308e-05 1.21919e-05 1.35077e-05 1.45238e-05 1.52318e-05 1.56529e-05 1.58143e-05 1.57292e-05 1.53874e-05 1.4762e-05 1.38275e-05 1.25847e-05 1.10782e-05 9.39924e-06 7.66904e-06 6.0117e-06 4.52757e-06 3.27791e-06 2.28315e-06 1.53109e-06 9.89093e-07 6.15757e-07 3.69498e-07 2.13748e-07 1.19213e-07 6.4109e-08 3.32466e-08 1.66284e-08 8.02157e-09 3.73214e-09 1.67452e-09 7.24361e-10 3.02017e-10 1.21335e-10 4.69579e-11 1.75033e-11 6.2833e-12 2.1724e-12 7.23529e-13 2.32204e-13 7.18393e-14 2.14363e-14 6.17285e-15 1.71649e-15 4.61222e-16 1.19837e-16 3.01295e-17 7.33543e-18 1.73061e-18 3.95928e-19 8.78981e-20 1.89487e-20 3.96921e-21 8.08402e-22 1.60191e-22 3.09901e-23 
2.32886e-23 1.31184e-23 5.37217e-23 3.03359e-22 1.68295e-21 9.0516e-21 4.71466e-20 2.37644e-19 1.15832e-18 5.45531e-18 2.48062e-17 1.08817e-16 4.60132e-16 1.87394e-15 7.34465e-15 2.76812e-14 1.00247e-13 3.48605e-13 1.16333e-12 3.72359e-12 1.14273e-11 3.36171e-11 9.47957e-11 2.5627e-10 6.64408e-10 1.65276e-09 3.94718e-09 9.05607e-09 1.99723e-08 4.23605e-08 8.64351e-08 1.69709e-07 3.20663e-07 5.83117e-07 1.0206e-06 1.71949e-06 2.78889e-06 4.35476e-06 6.54564e-06 9.4679e-06 1.31713e-05 1.76112e-05 2.26203e-05 2.79086e-05 3.31058e-05 3.78377e-05 4.18117e-05 4.48714e-05 4.69969e-05 4.82559e-05 4.87321e-05 4.84646e-05 4.7422e-05 4.55207e-05 4.26826e-05 3.8907e-05 3.43262e-05 2.92122e-05 2.39286e-05 1.88493e-05 1.42793e-05 1.04084e-05 7.30532e-06 4.94018e-06 3.22029e-06 2.02401e-06 1.22673e-06 7.17016e-07 4.04176e-07 2.19733e-07 1.1522e-07 5.82757e-08 2.84287e-08 1.33745e-08 6.06655e-09 2.65217e-09 1.1171e-09 4.53156e-10 1.76987e-10 6.65403e-11 2.40798e-11 8.3884e-12 2.81359e-12 9.08972e-13 2.82975e-13 8.49357e-14 2.4595e-14 6.87559e-15 1.85688e-15 4.84827e-16 1.22472e-16 2.99541e-17 7.09842e-18 1.63105e-18 3.63646e-19 7.87221e-20 1.65581e-20 3.3861e-21 6.73686e-22 1.30866e-22 
9.58723e-23 5.5929e-23 2.31371e-22 1.30037e-21 7.1758e-21 3.83869e-20 1.98855e-19 9.9679e-19 4.83121e-18 2.26231e-17 1.02268e-16 4.45926e-16 1.87394e-15 7.58325e-15 2.95253e-14 1.10514e-13 3.97359e-13 1.37142e-12 4.54034e-12 1.44111e-11 4.38342e-11 1.27736e-10 3.5659e-10 9.53741e-10 2.44479e-09 6.00937e-09 1.41736e-08 3.21003e-08 6.98609e-08 1.46193e-07 2.94304e-07 5.70147e-07 1.06313e-06 1.90837e-06 3.29818e-06 5.48905e-06 8.79849e-06 1.35851e-05 2.02053e-05 2.89413e-05 3.9906e-05 5.29393e-05 6.7535e-05 8.28488e-05 9.78198e-05 0.000111391 0.000122747 0.000131461 0.000137497 0.000141056 0.000142384 0.000141591 0.000138583 0.000133118 0.000124964 0.000114113 0.000100932 8.61868e-05 7.09075e-05 5.61585e-05 4.28174e-05 3.14425e-05 2.22523e-05 1.51851e-05 9.99522e-06 6.34699e-06 3.88829e-06 2.29803e-06 1.31022e-06 7.20647e-07 3.82372e-07 1.95709e-07 9.66134e-08 4.59886e-08 2.11002e-08 9.32711e-09 3.97032e-09 1.62679e-09 6.41387e-10 2.43278e-10 8.87683e-11 3.11629e-11 1.05283e-11 3.42447e-12 1.07291e-12 3.23985e-13 9.43563e-14 2.65221e-14 7.20046e-15 1.88954e-15 4.79652e-16 1.1787e-16 2.80619e-17 6.47716e-18 1.45051e-18 3.15377e-19 6.66203e-20 1.36816e-20 2.73349e-21 5.33273e-22 
3.80842e-22 2.30177e-22 9.61163e-22 5.37525e-21 2.94985e-20 1.5692e-19 8.08277e-19 4.0283e-18 1.941e-17 9.03491e-17 4.05938e-16 1.759e-15 7.34465e-15 2.95253e-14 1.14172e-13 4.24323e-13 1.5144e-12 5.18627e-12 1.70305e-11 5.35909e-11 1.61523e-10 4.66137e-10 1.28787e-09 3.40683e-09 8.63141e-09 2.09555e-08 4.87872e-08 1.0901e-07 2.33963e-07 4.82711e-07 9.57996e-07 1.82971e-06 3.36422e-06 5.95626e-06 1.01565e-05 1.66841e-05 2.64095e-05 4.02914e-05 5.9253e-05 8.3988e-05 0.00011471 0.000150892 0.000191089 0.000232979 0.0002737 0.000310442 0.000341064 0.000364486 0.000380653 0.000390148 0.00039364 0.000391426 0.000383243 0.00036842 0.000346319 0.000316887 0.000281084 0.000240935 0.000199188 0.000158701 0.000121858 9.02129e-05 6.44237e-05 4.43972e-05 2.95319e-05 1.89613e-05 1.17507e-05 7.02793e-06 4.0562e-06 2.25895e-06 1.2138e-06 6.29172e-07 3.14529e-07 1.51581e-07 7.0388e-08 3.14754e-08 1.35462e-08 5.60817e-09 2.23269e-09 8.54581e-10 3.14478e-10 1.11278e-10 3.78747e-11 1.24053e-11 3.91223e-12 1.18874e-12 3.48258e-13 9.84452e-14 2.68723e-14 7.08887e-15 1.80865e-15 4.46661e-16 1.06852e-16 2.478e-17 5.57506e-18 1.21769e-18 2.58384e-19 5.32994e-20 1.06957e-20 2.096e-21 
1.45927e-21 9.1403e-22 3.84952e-21 2.1416e-20 1.16851e-19 6.17968e-19 3.16425e-18 1.56752e-17 7.5068e-17 3.4725e-16 1.55028e-15 6.67399e-15 2.76812e-14 1.10514e-13 4.24323e-13 1.56542e-12 5.54428e-12 1.88354e-11 6.13325e-11 1.91292e-10 5.71156e-10 1.63191e-09 4.46104e-09 1.16678e-08 2.92066e-08 7.00067e-08 1.60802e-07 3.54265e-07 7.49333e-07 1.52313e-06 2.97762e-06 5.60203e-06 1.01477e-05 1.77047e-05 2.97605e-05 4.82126e-05 7.53007e-05 0.000113421 0.000164797 0.000230985 0.000312267 0.000407037 0.000511415 0.000619393 0.00072372 0.000817374 0.000895105 0.000954344 0.000995098 0.00101893 0.00102757 0.00102176 0.00100082 0.000963005 0.000906631 0.000831493 0.00073992 0.000636945 0.00052944 0.000424621 0.000328586 0.00024542 0.000176991 0.000123278 8.29366e-05 5.3889e-05 3.38124e-05 2.04829e-05 1.19776e-05 6.76e-06 3.68156e-06 1.93422e-06 9.79905e-07 4.7844e-07 2.24982e-07 1.01823e-07 4.43234e-08 1.85474e-08 7.45821e-09 2.88147e-09 1.06963e-09 3.81579e-10 1.30868e-10 4.31719e-11 1.37075e-11 4.19191e-12 1.23563e-12 3.51345e-13 9.64498e-14 2.55829e-14 6.56195e-15 1.62893e-15 3.91656e-16 9.12795e-17 2.06364e-17 4.52899e-18 9.65558e-19 2.00106e-19 4.03414e-20 7.94289e-21 
5.39175e-21 3.50077e-21 1.48578e-20 8.22043e-20 4.45826e-19 2.34334e-18 1.19244e-17 5.86997e-17 2.7931e-16 1.28361e-15 5.69248e-15 2.43395e-14 1.00247e-13 3.97359e-13 1.5144e-12 5.54428e-12 1.94804e-11 6.56323e-11 2.1186e-10 6.54748e-10 1.93608e-09 5.47515e-09 1.48041e-08 3.82707e-08 9.46139e-08 2.23805e-07 5.06925e-07 1.10053e-06 2.29255e-06 4.58745e-06 8.82653e-06 1.6343e-05 2.91386e-05 5.00506e-05 8.28575e-05 0.000132255 0.000203629 0.000302549 0.000433946 0.000600957 0.000803549 0.00103719 0.00129209 0.00155369 0.00180477 0.00202893 0.00221415 0.00235477 0.00245117 0.00250729 0.00252734 0.00251309 0.00246284 0.00237232 0.00223739 0.00205733 0.00183741 0.00158927 0.00132902 0.00107371 0.000837996 0.000631982 0.000460665 0.000324588 0.000221063 0.000145496 9.25162e-05 5.68196e-05 3.36961e-05 1.92908e-05 1.0658e-05 5.68019e-06 2.91851e-06 1.44463e-06 6.88326e-07 3.15446e-07 1.38942e-07 5.87867e-08 2.38839e-08 9.31653e-09 3.48949e-09 1.25531e-09 4.33921e-10 1.4421e-10 4.61104e-11 1.41955e-11 4.21114e-12 1.20478e-12 3.32697e-13 8.87542e-14 2.28926e-14 5.71387e-15 1.38116e-15 3.23579e-16 7.35308e-17 1.62192e-17 3.4751e-18 7.23736e-19 1.46616e-19 2.90112e-20 
1.92055e-20 1.29279e-20 5.52444e-20 3.0388e-19 1.63766e-18 8.55259e-18 4.32376e-17 2.11435e-16 9.99296e-16 4.5609e-15 2.00849e-14 8.52638e-14 3.48605e-13 1.37142e-12 5.18627e-12 1.88354e-11 6.56323e-11 2.1922e-10 7.01269e-10 2.14676e-09 6.28467e-09 1.75852e-08 4.70145e-08 1.20087e-07 2.93097e-07 6.839e-07 1.52676e-06 3.26434e-06 6.69244e-06 1.3173e-05 2.49235e-05 4.53736e-05 7.95471e-05 0.000134384 0.000218878 0.000343883 0.000521437 0.000763498 0.00108003 0.00147651 0.00195107 0.00249187 0.00307581 0.00366986 0.00423591 0.0047383 0.00515138 0.00546374 0.0056771 0.00580075 0.00584429 0.00581166 0.0056989 0.00549626 0.00519411 0.00479028 0.00429572 0.00373552 0.0031448 0.00256125 0.00201781 0.00153792 0.00113412 0.000809163 0.000558433 0.000372667 0.000240393 0.000149834 9.02063e-05 5.24368e-05 2.94178e-05 1.59182e-05 8.3014e-06 4.1686e-06 2.0137e-06 9.34906e-07 4.16844e-07 1.78388e-07 7.32489e-08 2.88566e-08 1.09084e-08 3.95826e-09 1.37942e-09 4.61975e-10 1.48797e-10 4.61287e-11 1.3776e-11 3.96671e-12 1.10224e-12 2.95831e-13 7.67557e-14 1.92683e-14 4.68387e-15 1.10342e-15 2.52108e-16 5.59069e-17 1.20417e-17 2.52089e-18 5.1331e-19 1.02103e-19 
6.59406e-20 4.60191e-20 1.97826e-19 1.08151e-18 5.78985e-18 3.00335e-17 1.50794e-16 7.32253e-16 3.43625e-15 1.557e-14 6.80599e-14 2.86747e-13 1.16333e-12 4.54034e-12 1.70305e-11 6.13325e-11 2.1186e-10 7.01269e-10 2.22225e-09 6.73604e-09 1.9516e-08 5.40116e-08 1.42729e-07 3.60071e-07 8.67282e-07 1.99533e-06 4.38813e-06 9.23449e-06 1.86198e-05 3.60227e-05 6.69604e-05 0.000119741 0.000206203 0.000342244 0.000547845 0.000846318 0.00126252 0.00181992 0.00253656 0.00342004 0.00446218 0.00563441 0.00688588 0.00814687 0.00933891 0.0103901 0.0112499 0.0118972 0.0123377 0.0125918 0.01268 0.0126105 0.0123747 0.0119517 0.0113207 0.0104756 0.00943729 0.00825576 0.0070021 0.00575376 0.0045798 0.00353108 0.00263701 0.00190707 0.00133509 0.000904357 0.000592442 0.000375162 0.00022954 0.000135625 7.73374e-05 4.25261e-05 2.25275e-05 1.14839e-05 5.62737e-06 2.64806e-06 1.19566e-06 5.1773e-07 2.14927e-07 8.55396e-08 3.26459e-08 1.19526e-08 4.20074e-09 1.41817e-09 4.60278e-10 1.43739e-10 4.323e-11 1.25327e-11 3.50552e-12 9.46899e-13 2.4722e-13 6.24411e-14 1.52696e-14 3.61836e-15 8.31493e-16 1.85437e-16 4.01642e-17 8.45447e-18 1.73086e-18 3.46196e-19 
2.18209e-19 1.57873e-19 6.82105e-19 3.705e-18 1.96969e-17 1.01449e-16 5.05689e-16 2.43757e-15 1.13531e-14 5.10488e-14 2.21404e-13 9.25371e-13 3.72359e-12 1.44111e-11 5.35909e-11 1.91292e-10 6.54748e-10 2.14676e-09 6.73604e-09 2.02087e-08 5.79199e-08 1.5848e-07 4.13772e-07 1.03055e-06 2.44857e-06 5.55193e-06 1.20219e-05 2.48865e-05 4.9318e-05 9.37057e-05 0.000170976 0.000300021 0.000506958 0.000825743 0.00129761 0.00196879 0.0028863 0.00409169 0.0056132 0.00745678 0.00959709 0.0119704 0.0144728 0.0169677 0.0193058 0.0213529 0.0230179 0.0242656 0.0251113 0.025597 0.0257633 0.0256259 0.0251678 0.0243474 0.023122 0.0214771 0.0194482 0.0171269 0.0146462 0.0121534 0.0097831 0.00763816 0.00578272 0.00424363 0.00301698 0.00207673 0.00138322 0.000890939 0.000554616 0.000333447 0.000193458 0.000108199 5.82664e-05 3.01728e-05 1.50067e-05 7.16085e-06 3.27565e-06 1.43569e-06 6.02778e-07 2.42448e-07 9.34504e-08 3.45355e-08 1.22452e-08 4.16886e-09 1.36396e-09 4.29249e-10 1.30063e-10 3.79791e-11 1.06978e-11 2.90942e-12 7.64673e-13 1.94396e-13 4.7842e-14 1.14078e-14 2.63759e-15 5.91773e-16 1.28932e-16 2.72978e-17 5.62062e-18 1.13077e-18 
6.95951e-19 5.21884e-19 2.26429e-18 1.22156e-17 6.4469e-17 3.29581e-16 1.63038e-15 7.79801e-15 3.60322e-14 1.60707e-13 6.91244e-13 2.86467e-12 1.14273e-11 4.38342e-11 1.61523e-10 5.71156e-10 1.93608e-09 6.28467e-09 1.9516e-08 5.79199e-08 1.64137e-07 4.43811e-07 1.14431e-06 2.81248e-06 6.58875e-06 1.47164e-05 3.13599e-05 6.38224e-05 0.000124224 0.000231629 0.000414477 0.000712981 0.00118084 0.00188538 0.00290513 0.00432409 0.00622267 0.00866565 0.0116885 0.015283 0.019384 0.0238609 0.0285168 0.0331052 0.0373638 0.0410637 0.0440541 0.0462841 0.0477892 0.0486499 0.0489405 0.0486898 0.0478658 0.0463917 0.0441868 0.0412177 0.0375389 0.0333032 0.028739 0.0241048 0.0196428 0.0155463 0.0119451 0.00890511 0.00643687 0.00450788 0.00305641 0.00200482 0.00127125 0.000778565 0.000460046 0.000261935 0.0001435 7.55355e-05 3.81514e-05 1.84693e-05 8.56295e-06 3.8004e-06 1.6144e-06 6.565e-07 2.55669e-07 9.54117e-08 3.41451e-08 1.17282e-08 3.86995e-09 1.22793e-09 3.75023e-10 1.10353e-10 3.13169e-11 8.5793e-12 2.27094e-12 5.81339e-13 1.44045e-13 3.45761e-14 8.04649e-15 1.81686e-15 3.98329e-16 8.48535e-17 1.75768e-17 3.55788e-18 
2.13937e-18 1.66226e-18 7.23593e-18 3.87597e-17 2.03004e-16 1.02973e-15 5.05328e-15 2.39724e-14 1.09844e-13 4.85727e-13 2.07095e-12 8.50548e-12 3.36171e-11 1.27736e-10 4.66137e-10 1.63191e-09 5.47515e-09 1.75852e-08 5.40116e-08 1.5848e-07 4.43811e-07 1.18521e-06 3.01626e-06 7.31185e-06 1.68808e-05 3.71231e-05 7.78093e-05 0.000155593 0.00029726 0.000543534 0.000953019 0.00160551 0.00260345 0.00406997 0.00614199 0.00895768 0.0126389 0.0172705 0.022879 0.0294131 0.0367279 0.0445767 0.0526171 0.0604394 0.0676226 0.07381 0.0787771 0.0824613 0.0849369 0.0863461 0.0868162 0.0863949 0.0850275 0.0825821 0.0789169 0.073963 0.0677915 0.0606333 0.052846 0.0448453 0.0370327 0.0297436 0.0232201 0.0176062 0.0129545 0.00924147 0.00638622 0.00427114 0.00276199 0.00172501 0.00103913 0.000602819 0.000336222 0.000180009 9.23793e-05 4.53925e-05 2.13401e-05 9.59493e-06 4.12577e-06 1.69706e-06 6.68089e-07 2.51893e-07 9.1033e-08 3.15631e-08 1.05095e-08 3.3639e-09 1.0361e-09 3.07396e-10 8.79348e-11 2.4278e-11 6.47533e-12 1.66994e-12 4.16785e-13 1.00753e-13 2.36094e-14 5.36698e-15 1.18444e-15 2.53947e-16 5.29368e-17 1.07845e-17 
6.33906e-18 5.10104e-18 2.22601e-17 1.18355e-16 6.14984e-16 3.09414e-15 1.50576e-14 7.08207e-14 3.21656e-13 1.40952e-12 5.95397e-12 2.42208e-11 9.47957e-11 3.5659e-10 1.28787e-09 4.46104e-09 1.48041e-08 4.70145e-08 1.42729e-07 4.13772e-07 1.14431e-06 3.01626e-06 7.57197e-06 1.80936e-05 4.11434e-05 8.90359e-05 0.000183456 0.000360252 0.000675145 0.00120972 0.00207671 0.00342309 0.00542907 0.00830063 0.0122538 0.0174904 0.024168 0.0323682 0.0420686 0.0531216 0.0652412 0.0780028 0.09086 0.103191 0.114383 0.123931 0.131539 0.137149 0.140902 0.143028 0.14373 0.143081 0.140993 0.137259 0.131648 0.124029 0.114477 0.103303 0.091013 0.0782155 0.0655197 0.0534597 0.0424514 0.0327753 0.0245777 0.0178821 0.0126102 0.00860967 0.00568447 0.00362431 0.00222783 0.00131786 0.000748839 0.00040802 0.00021287 0.000106222 5.06616e-05 2.30879e-05 1.00545e-05 4.1856e-06 1.66663e-06 6.3524e-07 2.31974e-07 8.12397e-08 2.73128e-08 8.82439e-09 2.7427e-09 8.20908e-10 2.36849e-10 6.59385e-11 1.77299e-11 4.60865e-12 1.1591e-12 2.82306e-13 6.66374e-14 1.52564e-14 3.39038e-15 7.31834e-16 1.53565e-16 3.14951e-17 
1.81062e-17 1.50808e-17 6.5921e-17 3.47811e-16 1.79249e-15 8.9425e-15 4.31409e-14 2.01091e-13 9.04912e-13 3.92779e-12 1.64294e-11 6.61629e-11 2.5627e-10 9.53741e-10 3.40683e-09 1.16678e-08 3.82707e-08 1.20087e-07 3.60071e-07 1.03055e-06 2.81248e-06 7.31185e-06 1.80936e-05 4.25901e-05 9.53271e-05 0.000202878 0.000410703 0.000791533 0.00145427 0.00255181 0.00428581 0.00690615 0.0107027 0.0159869 0.0230612 0.0321781 0.0434953 0.0570343 0.0726509 0.0900214 0.108643 0.127851 0.146851 0.164789 0.180857 0.194423 0.205143 0.212997 0.218225 0.221175 0.222139 0.221223 0.2183 0.213068 0.205176 0.194405 0.180798 0.164722 0.146819 0.127891 0.108779 0.0902574 0.0729797 0.0574374 0.0439473 0.0326499 0.0235238 0.016415 0.0110776 0.00721727 0.00453085 0.00273504 0.0015843 0.000879032 0.000466474 0.00023651 0.000114502 5.29214e-05 2.33552e-05 9.84624e-06 3.96814e-06 1.53003e-06 5.64967e-07 1.99986e-07 6.79347e-08 2.21698e-08 6.95782e-09 2.10224e-09 6.12115e-10 1.71932e-10 4.66308e-11 1.2223e-11 3.0993e-12 7.60841e-13 1.80978e-13 4.17446e-14 9.34416e-15 2.03124e-15 4.29157e-16 8.86295e-17 
4.98556e-17 4.29499e-17 1.87922e-16 9.83708e-16 5.0271e-15 2.48618e-14 1.18863e-13 5.48913e-13 2.44642e-12 1.05135e-11 4.35259e-11 1.73429e-10 6.64408e-10 2.44479e-09 8.63141e-09 2.92066e-08 9.46139e-08 2.93097e-07 8.67282e-07 2.44857e-06 6.58875e-06 1.68808e-05 4.11434e-05 9.53271e-05 0.000209866 0.000438955 0.000872504 0.00164936 0.00296909 0.00509893 0.0083728 0.0131799 0.0199413 0.0290737 0.0409389 0.0557851 0.073689 0.0945133 0.117888 0.14322 0.16972 0.196445 0.222354 0.246394 0.267618 0.285328 0.299195 0.309285 0.315965 0.319719 0.320937 0.319758 0.316014 0.309298 0.299127 0.285155 0.267351 0.246077 0.222044 0.196199 0.169582 0.143215 0.118024 0.0947845 0.0740761 0.0562571 0.0414575 0.0295986 0.0204362 0.0136177 0.00873759 0.00538589 0.00318234 0.00179903 0.000971622 0.000500844 0.000246284 0.000115522 5.17018e-05 2.20905e-05 9.0176e-06 3.52013e-06 1.31535e-06 4.70981e-07 1.61776e-07 5.3364e-08 1.69229e-08 5.16486e-09 1.51861e-09 4.30597e-10 1.17857e-10 3.11678e-11 7.97093e-12 1.97305e-12 4.731e-13 1.09976e-13 2.48027e-14 5.43096e-15 1.15557e-15 2.40355e-16 
1.32336e-16 1.17819e-16 5.15659e-16 2.67764e-15 1.35666e-14 6.64985e-14 3.14999e-13 1.44077e-12 6.35765e-12 2.70409e-11 1.10755e-10 4.36421e-10 1.65276e-09 6.00937e-09 2.09555e-08 7.00067e-08 2.23805e-07 6.839e-07 1.99533e-06 5.55193e-06 1.47164e-05 3.71231e-05 8.90359e-05 0.000202878 0.000438955 0.00090162 0.00175842 0.00325838 0.00574364 0.00964837 0.0154812 0.023791 0.0351188 0.0499376 0.0685838 0.0911873 0.117613 0.147435 0.179946 0.214205 0.249107 0.283454 0.316029 0.345681 0.371444 0.392665 0.409114 0.42099 0.428809 0.433185 0.434597 0.433214 0.428833 0.420952 0.408955 0.392352 0.370981 0.345112 0.315417 0.282868 0.248607 0.213838 0.179746 0.147422 0.117787 0.091528 0.0690541 0.0504873 0.0356943 0.024344 0.0159751 0.0100612 0.00606734 0.00349674 0.00192322 0.00100858 0.000504117 0.000240164 0.000109094 4.72806e-05 1.95666e-05 7.73952e-06 2.92907e-06 1.06178e-06 3.69066e-07 1.23147e-07 3.94885e-08 1.21816e-08 3.61893e-09 1.03642e-09 2.86417e-10 7.64495e-11 1.97269e-11 4.92526e-12 1.19083e-12 2.79042e-13 6.34196e-14 1.39906e-14 2.99834e-15 6.28197e-16 
3.38593e-16 3.11238e-16 1.36183e-15 7.01414e-15 3.52302e-14 1.71131e-13 8.03036e-13 3.63718e-12 1.58866e-11 6.68554e-11 2.70812e-10 1.05487e-09 3.94718e-09 1.41736e-08 4.87872e-08 1.60802e-07 5.06925e-07 1.52676e-06 4.38813e-06 1.20219e-05 3.13599e-05 7.78093e-05 0.000183456 0.000410703 0.000872504 0.00175842 0.00336226 0.006103 0.010528 0.01729 0.0270953 0.0406317 0.0584866 0.0810671 0.108527 0.140707 0.177101 0.216865 0.25888 0.301845 0.344388 0.385163 0.42292 0.456578 0.48531 0.50864 0.526522 0.539324 0.547702 0.552372 0.553874 0.552399 0.54772 0.53927 0.526329 0.508263 0.484743 0.455851 0.422088 0.38429 0.343539 0.301082 0.258263 0.216446 0.176913 0.140761 0.108802 0.0815172 0.0590503 0.0412431 0.0276945 0.0178304 0.0109803 0.0064553 0.00361814 0.00193185 0.000982309 0.000475732 0.000219538 9.6603e-05 4.0568e-05 1.62749e-05 6.24385e-06 2.29333e-06 8.07314e-07 2.72688e-07 8.84741e-08 2.76032e-08 8.29002e-09 2.39909e-09 6.69671e-10 1.80475e-10 4.70016e-11 1.18395e-11 2.88704e-12 6.82062e-13 1.5624e-13 3.47285e-14 7.49715e-15 1.58236e-15 
8.34911e-16 7.91544e-16 3.46072e-15 1.76794e-14 8.80273e-14 4.23716e-13 1.9695e-12 8.83234e-12 3.81803e-11 1.58942e-10 6.36572e-10 2.45037e-09 9.05607e-09 3.21003e-08 1.0901e-07 3.54265e-07 1.10053e-06 3.26434e-06 9.23449e-06 2.48865e-05 6.38224e-05 0.000155593 0.000360252 0.000791533 0.00164936 0.00325838 0.006103 0.0108432 0.0182938 0.029357 0.0449143 0.065701 0.092193 0.124526 0.162452 0.205324 0.252124 0.301525 0.352011 0.402012 0.45004 0.494784 0.535159 0.570343 0.599801 0.623348 0.641173 0.653818 0.662037 0.6666 0.668068 0.666636 0.662073 0.653793 0.641023 0.623019 0.599274 0.569625 0.534282 0.493788 0.448977 0.400943 0.35101 0.300672 0.251491 0.204962 0.162377 0.124719 0.0926041 0.0662613 0.0455478 0.0299916 0.0188708 0.0113245 0.00647332 0.00352208 0.00182363 0.000898716 0.000421764 0.000188622 8.04599e-05 3.2769e-05 1.27557e-05 4.75102e-06 1.69509e-06 5.79977e-07 1.90512e-07 6.01448e-08 1.82686e-08 5.34432e-09 1.50729e-09 4.10247e-10 1.07856e-10 2.74151e-11 6.74314e-12 1.60631e-12 3.70886e-13 8.30688e-14 1.80645e-14 3.84094e-15 
1.98357e-15 1.93736e-15 8.46002e-15 4.28678e-14 2.11593e-13 1.00927e-12 4.64684e-12 2.06326e-11 8.82645e-11 3.6344e-10 1.43899e-09 5.47281e-09 1.99723e-08 6.98609e-08 2.33963e-07 7.49333e-07 2.29255e-06 6.69244e-06 1.86198e-05 4.9318e-05 0.000124224 0.00029726 0.000675145 0.00145427 0.00296909 0.00574364 0.010528 0.0182938 0.0301648 0.0472766 0.0705899 0.100707 0.137748 0.181307 0.230496 0.284022 0.340295 0.39756 0.454046 0.508121 0.558411 0.603865 0.643761 0.677683 0.705494 0.727343 0.743659 0.755115 0.762509 0.766597 0.767915 0.766647 0.76258 0.755158 0.743614 0.72716 0.705141 0.677146 0.64304 0.602966 0.557355 0.506948 0.452823 0.396376 0.339249 0.283203 0.229968 0.181096 0.137843 0.101064 0.0711373 0.0479267 0.0308289 0.0188985 0.0110266 0.00611949 0.00322973 0.00162139 0.000774639 0.000352467 0.000152872 6.32645e-05 2.50077e-05 9.4525e-06 3.42031e-06 1.1861e-06 3.94639e-07 1.2612e-07 3.87563e-08 1.14641e-08 3.26756e-09 8.9832e-10 2.38442e-10 6.11628e-11 1.51752e-11 3.64508e-12 8.48328e-13 1.91451e-13 4.19385e-14 8.98294e-15 
4.53903e-15 4.56168e-15 1.98879e-14 9.99621e-14 4.89168e-13 2.3123e-12 1.0546e-11 4.63633e-11 1.96284e-10 7.99425e-10 3.12897e-09 1.17568e-08 4.23605e-08 1.46193e-07 4.82711e-07 1.52313e-06 4.58745e-06 1.3173e-05 3.60227e-05 9.37057e-05 0.000231629 0.000543534 0.00120972 0.00255181 0.00509893 0.00964837 0.01729 0.029357 0.0472766 0.0723283 0.105366 0.146593 0.195471 0.250784 0.310818 0.373578 0.436987 0.499059 0.558033 0.612496 0.661445 0.70429 0.740803 0.771039 0.795272 0.813954 0.827699 0.837241 0.843352 0.846716 0.847805 0.846781 0.843461 0.837359 0.827782 0.813961 0.795167 0.770794 0.740389 0.703681 0.660624 0.611467 0.556833 0.497759 0.435685 0.372382 0.309829 0.250084 0.195111 0.146584 0.105674 0.0728734 0.0479511 0.0300499 0.0179129 0.0101504 0.00546658 0.00279862 0.00136264 0.000631433 0.000278713 0.000117299 4.7118e-05 1.80849e-05 6.64003e-06 2.33477e-06 7.8711e-07 2.54704e-07 7.92012e-08 2.36919e-08 6.82499e-09 1.89536e-09 5.07932e-10 1.31482e-10 3.29063e-11 7.96961e-12 1.86946e-12 4.25089e-13 9.37925e-14 2.02367e-14 
1.00007e-14 1.03284e-14 4.4942e-14 2.24095e-13 1.08732e-12 5.09414e-12 2.30173e-11 1.00203e-10 4.19861e-10 1.69153e-09 6.54526e-09 2.42976e-08 8.64351e-08 2.94304e-07 9.57996e-07 2.97762e-06 8.82653e-06 2.49235e-05 6.69604e-05 0.000170976 0.000414477 0.000953019 0.00207671 0.00428581 0.0083728 0.0154812 0.0270953 0.0449143 0.0705899 0.105366 0.14972 0.203143 0.264146 0.330506 0.399635 0.468943 0.536102 0.599205 0.65683 0.708066 0.752483 0.790067 0.821109 0.846101 0.865647 0.880412 0.891099 0.898428 0.90308 0.90563 0.90646 0.905702 0.903213 0.898601 0.891287 0.880586 0.865779 0.846158 0.82105 0.789844 0.75205 0.707387 0.655899 0.59805 0.534787 0.467559 0.398295 0.329334 0.263262 0.20264 0.149635 0.105663 0.0711645 0.0456279 0.0278145 0.0161093 0.00886222 0.00463151 0.00230038 0.00108655 0.000488465 0.000209196 8.54398e-05 3.33144e-05 1.24155e-05 4.42757e-06 1.51267e-06 4.95692e-07 1.55981e-07 4.71863e-08 1.37383e-08 3.85378e-09 1.04265e-09 2.72345e-10 6.87479e-11 1.67866e-11 3.96843e-12 9.09086e-13 2.02014e-13 4.39012e-14 
2.12074e-14 2.24778e-14 9.75892e-14 4.82804e-13 2.32306e-12 1.07887e-11 4.83009e-11 2.08248e-10 8.63752e-10 3.44274e-09 1.31715e-08 4.83144e-08 1.69709e-07 5.70147e-07 1.82971e-06 5.60203e-06 1.6343e-05 4.53736e-05 0.000119741 0.000300021 0.000712981 0.00160551 0.00342309 0.00690615 0.0131799 0.023791 0.0406317 0.065701 0.100707 0.146593 0.203143 0.268834 0.341036 0.416478 0.491828 0.564172 0.631282 0.691678 0.744575 0.789759 0.82747 0.858258 0.882861 0.902086 0.916732 0.927555 0.935252 0.940458 0.943732 0.945518 0.946104 0.945588 0.943868 0.940652 0.935493 0.927832 0.917027 0.902373 0.883104 0.858404 0.827458 0.789529 0.744077 0.690888 0.630202 0.562845 0.490337 0.414959 0.339664 0.267788 0.202556 0.146507 0.101056 0.0663414 0.0413928 0.0245258 0.013795 0.00736591 0.00373489 0.00179938 0.000824314 0.000359405 0.000149295 5.91503e-05 2.23785e-05 8.09453e-06 2.80264e-06 9.30019e-07 2.96134e-07 9.05893e-08 2.66539e-08 7.55144e-09 2.06234e-09 5.43512e-10 1.38362e-10 3.40568e-11 8.11291e-12 1.87209e-12 4.18921e-13 9.16846e-14 
4.32691e-14 4.70015e-14 2.03553e-13 9.99319e-13 4.7691e-12 2.1959e-11 9.74281e-11 4.16096e-10 1.7087e-09 6.7392e-09 2.54981e-08 9.24351e-08 3.20663e-07 1.06313e-06 3.36422e-06 1.01477e-05 2.91386e-05 7.95471e-05 0.000206203 0.000506958 0.00118084 0.00260345 0.00542907 0.0107027 0.0199413 0.0351188 0.0584866 0.092193 0.137748 0.195471 0.264146 0.341036 0.422334 0.503885 0.581925 0.653599 0.717149 0.771822 0.817644 0.855164 0.885247 0.908899 0.92715 0.940966 0.951203 0.958589 0.963742 0.967177 0.969314 0.970474 0.970858 0.970534 0.969434 0.967357 0.963984 0.958893 0.951564 0.941374 0.927579 0.909309 0.885582 0.855357 0.81762 0.771509 0.716485 0.652553 0.58052 0.502227 0.420614 0.339499 0.263025 0.194909 0.137754 0.0926521 0.0592118 0.0359186 0.0206706 0.0112837 0.00584386 0.00287283 0.00134151 0.000595576 0.000251648 0.000101312 3.89103e-05 1.42742e-05 5.00814e-06 1.68266e-06 5.42083e-07 1.67658e-07 4.98426e-08 1.42596e-08 3.93045e-09 1.04491e-09 2.68212e-10 6.6539e-11 1.59696e-11 3.71137e-12 8.36179e-13 1.84276e-13 
8.49062e-14 9.43918e-14 4.07692e-13 1.98653e-12 9.40497e-12 4.29432e-11 1.88862e-10 7.99164e-10 3.24992e-09 1.26866e-08 4.74811e-08 1.70156e-07 5.83117e-07 1.90837e-06 5.95626e-06 1.77047e-05 5.00506e-05 0.000134384 0.000342244 0.000825743 0.00188538 0.00406997 0.00830063 0.0159869 0.0290737 0.0499376 0.0810671 0.124526 0.181307 0.250784 0.330506 0.416478 0.503885 0.588033 0.665155 0.732867 0.790183 0.837239 0.874896 0.904385 0.927044 0.944162 0.956892 0.966209 0.97291 0.977623 0.980843 0.982955 0.984255 0.984956 0.985189 0.985001 0.984348 0.983101 0.981049 0.977897 0.973257 0.966633 0.957383 0.944701 0.927593 0.904888 0.875275 0.837395 0.790005 0.732251 0.664044 0.586466 0.502026 0.414596 0.328909 0.24972 0.180886 0.124699 0.081663 0.0507391 0.029887 0.0166842 0.00882764 0.00442866 0.00210805 0.000952931 0.000409518 0.000167506 6.52958e-05 2.42891e-05 8.6336e-06 2.93638e-06 9.56871e-07 2.99145e-07 8.98365e-08 2.59478e-08 7.21678e-09 1.93498e-09 5.00697e-10 1.25169e-10 3.02601e-11 7.08141e-12 1.60607e-12 3.56336e-13 
1.60177e-13 1.8199e-13 7.83811e-13 3.79148e-12 1.78116e-11 8.06695e-11 3.51763e-10 1.47515e-09 5.94232e-09 2.29658e-08 8.50472e-08 3.01381e-07 1.0206e-06 3.29818e-06 1.01565e-05 2.97605e-05 8.28575e-05 0.000218878 0.000547845 0.00129761 0.00290513 0.00614199 0.0122538 0.0230612 0.0409389 0.0685838 0.108527 0.162452 0.230496 0.310818 0.399635 0.491828 0.581925 0.665155 0.738209 0.799507 0.849007 0.887736 0.917273 0.939338 0.955545 0.96728 0.975669 0.981593 0.985719 0.988543 0.99043 0.991645 0.992383 0.992779 0.992912 0.99281 0.992449 0.99175 0.990584 0.988758 0.986006 0.981962 0.976128 0.967828 0.956169 0.940003 0.917917 0.888261 0.849276 0.799365 0.737525 0.663883 0.580157 0.489806 0.397697 0.309296 0.229611 0.162251 0.108896 0.0693071 0.0417873 0.0238554 0.0128937 0.00660024 0.00320193 0.00147341 0.000643834 0.000267485 0.000105798 3.98944e-05 1.43621e-05 4.94322e-06 1.6289e-06 5.14601e-07 1.56068e-07 4.54974e-08 1.27651e-08 3.45098e-09 8.99986e-10 2.2666e-10 5.51833e-11 1.30008e-11 2.96754e-12 6.62722e-13 
