0.00486731 0.00490446 0.00502314 0.00522402 0.00550777 0.00587531 0.00632772 0.00686627 0.00749232 0.00820726 0.00901248 0.00990929 0.0108988 0.011982 0.0131594 0.0144313 0.0157974 0.0172569 0.0188084 0.0204499 0.0221785 0.0239907 0.0258821 0.0278475 0.0298807 0.0319747 0.0341219 0.0363134 0.0385399 0.040791 0.043056 0.0453231 0.0475805 0.0498155 0.0520154 0.054167 0.0562572 0.0582728 0.060201 0.062029 0.0637446 0.0653361 0.0667924 0.0681034 0.0692598 0.0702533 0.0710766 0.0717239 0.0721904 0.0724726 0.0725686 0.0724776 0.0722003 0.0717388 0.0710966 0.0702782 0.0692898 0.0681385 0.0668326 0.0653814 0.063795 0.0620845 0.0602616 0.0583385 0.0563278 0.0542425 0.0520956 0.0499003 0.0476696 0.0454164 0.043153 0.0408916 0.0386436 0.0364199 0.0342308 0.0320855 0.0299929 0.0279606 0.0259956 0.0241041 0.0222912 0.0205613 0.018918 0.0173641 0.0159016 0.014532 0.0132562 0.0120742 0.0109861 0.00999112 0.00908848 0.00827705 0.00755557 0.00692268 0.00637701 0.00591726 0.00554221 0.00525079 0.00504215 0.0049159 
0.00490446 0.00494191 0.0050615 0.00526391 0.00554982 0.00592013 0.00637596 0.00691856 0.00754929 0.00826957 0.00908079 0.00998425 0.0109811 0.0120723 0.0132583 0.0145395 0.0159155 0.0173856 0.0189483 0.0206016 0.0223426 0.0241677 0.0260724 0.0280516 0.0300991 0.0322077 0.0343698 0.0365764 0.0388182 0.0410847 0.0433651 0.0456476 0.0479202 0.0501702 0.0523847 0.0545506 0.0566547 0.0586836 0.0606245 0.0624645 0.0641912 0.0657931 0.0672589 0.0685783 0.0697422 0.070742 0.0715706 0.0722221 0.0726915 0.0729755 0.0730721 0.0729804 0.0727013 0.0722368 0.0715904 0.0707667 0.0697719 0.0686131 0.0672987 0.065838 0.0642412 0.0625196 0.0606847 0.0587488 0.0567248 0.0546257 0.0524645 0.0502545 0.0480089 0.0457404 0.0434617 0.0411849 0.0389216 0.0366826 0.0344783 0.0323182 0.030211 0.0281645 0.0261858 0.0242809 0.0224551 0.0207129 0.0190578 0.0174927 0.0160197 0.0146402 0.0133551 0.0121645 0.0110684 0.0100662 0.00915688 0.00833946 0.00761263 0.00697505 0.00642533 0.00596216 0.00558432 0.00529074 0.00508056 0.00495338 
0.00502314 0.0050615 0.00518386 0.00539091 0.00568332 0.00606203 0.00652814 0.00708294 0.0077278 0.00846414 0.00929337 0.0102168 0.0112356 0.0123506 0.0135625 0.0148715 0.0162771 0.0177787 0.0193746 0.0210629 0.0228405 0.0247037 0.0266481 0.0286682 0.0307576 0.0329093 0.0351152 0.0373664 0.0396531 0.0419648 0.0442903 0.0466178 0.0489349 0.0512288 0.0534863 0.055694 0.0578384 0.0599062 0.061884 0.0637588 0.0655182 0.0671502 0.0686434 0.0699876 0.0711731 0.0721915 0.0730355 0.0736989 0.0741769 0.0744661 0.0745643 0.0744709 0.0741865 0.0737132 0.0730546 0.0722155 0.0712019 0.0700214 0.0686822 0.0671939 0.0655669 0.0638126 0.0619427 0.0599699 0.0579071 0.0557675 0.0535645 0.0513116 0.0490221 0.0467092 0.0443856 0.0420636 0.0397552 0.0374714 0.0352227 0.0330189 0.0308687 0.0287803 0.0267607 0.0248164 0.0229525 0.0211738 0.0194838 0.0178856 0.0163812 0.0149721 0.0136593 0.012443 0.011323 0.0102989 0.00936964 0.00853422 0.00779134 0.00713963 0.00657771 0.00610424 0.00571798 0.00541788 0.00520303 0.00507305 
0.00522402 0.00526391 0.00539091 0.0056057 0.005909 0.00630173 0.00678505 0.00736023 0.00802869 0.00879187 0.00965118 0.0106079 0.0116633 0.0128182 0.0140732 0.0154283 0.0168834 0.0184374 0.0200887 0.0218352 0.0236737 0.0256005 0.0276106 0.0296987 0.031858 0.0340812 0.0363599 0.0386849 0.0410462 0.0434328 0.0458333 0.0482354 0.0506263 0.0529929 0.0553216 0.0575985 0.0598099 0.0619419 0.0639808 0.0659134 0.0677268 0.0694087 0.0709474 0.0723324 0.0735537 0.0746029 0.0754722 0.0761555 0.0766478 0.0769455 0.0770465 0.07695 0.0766568 0.076169 0.0754903 0.0746256 0.0735811 0.0723644 0.0709843 0.0694503 0.0677733 0.0659649 0.0640372 0.0620031 0.059876 0.0576694 0.0553972 0.0530731 0.050711 0.0483243 0.0459262 0.0435294 0.0411461 0.0387879 0.0364655 0.034189 0.0319675 0.0298094 0.0277221 0.025712 0.0237849 0.0219454 0.0201974 0.0185439 0.0169872 0.0155289 0.0141699 0.0129106 0.0117509 0.0106902 0.0097277 0.00886224 0.00809255 0.00741724 0.00683492 0.00634423 0.00594392 0.00563289 0.00541025 0.0052756 
0.00550777 0.00554982 0.00568332 0.005909 0.00622757 0.00663999 0.00714744 0.00775123 0.0084528 0.00925361 0.0101551 0.0111586 0.0122653 0.013476 0.0147913 0.0162112 0.0177354 0.0193628 0.0210918 0.0229197 0.0248435 0.0268591 0.0289613 0.0311443 0.0334013 0.0357244 0.0381049 0.0405331 0.0429985 0.0454898 0.0479949 0.0505011 0.0529951 0.0554632 0.0578911 0.0602647 0.0625694 0.064791 0.0669153 0.0689284 0.070817 0.0725684 0.0741705 0.0756123 0.0768837 0.0779756 0.0788803 0.0795913 0.0801035 0.0804131 0.0805179 0.0804172 0.0801117 0.0796038 0.078897 0.0779966 0.076909 0.075642 0.0742047 0.0726072 0.0708604 0.0689765 0.0669682 0.0648487 0.0626319 0.0603319 0.057963 0.0555397 0.0530762 0.0505865 0.0480844 0.0455831 0.0430954 0.0406332 0.0382078 0.0358297 0.0335086 0.0312531 0.029071 0.0269691 0.0249534 0.0230289 0.0211996 0.0194687 0.0178388 0.0163115 0.0148879 0.0135684 0.012353 0.0112411 0.0102319 0.00932435 0.00851705 0.00780865 0.00719772 0.00668287 0.00626283 0.00593648 0.0057029 0.00556169 
0.00587531 0.00592013 0.00606203 0.00630173 0.00663999 0.0070778 0.00761635 0.008257 0.00900123 0.00985052 0.0108063 0.01187 0.0130428 0.0143254 0.0157183 0.0172216 0.0188348 0.0205566 0.0223853 0.0243181 0.0263515 0.0284811 0.0307016 0.0330067 0.0353891 0.0378405 0.0403516 0.0429122 0.0455113 0.0481369 0.0507763 0.053416 0.0560421 0.0586402 0.0611955 0.0636928 0.0661172 0.0684536 0.0706872 0.0728034 0.0747884 0.0766288 0.0783121 0.0798268 0.0811621 0.0823089 0.0832588 0.0840053 0.0845428 0.0848676 0.0849774 0.0848713 0.0845501 0.0840163 0.0832737 0.0823275 0.0811848 0.0798534 0.078343 0.0766639 0.0748279 0.0728473 0.0707356 0.0685067 0.066175 0.0637553 0.0612626 0.058712 0.0561185 0.0534968 0.0508613 0.048226 0.0456041 0.0430085 0.040451 0.0379425 0.0354934 0.0331128 0.0308089 0.0285891 0.0264596 0.0244258 0.0224919 0.0206616 0.0189375 0.0173215 0.0158147 0.0144178 0.0131306 0.0119528 0.0108835 0.00992169 0.00906595 0.00831491 0.00766711 0.00712113 0.00667567 0.00632958 0.0060819 0.00593223 
0.00632772 0.00637596 0.00652814 0.00678505 0.00714744 0.00761635 0.00819301 0.00887883 0.00967532 0.010584 0.0116064 0.0127438 0.0139973 0.0153679 0.0168559 0.0184612 0.0201832 0.0220205 0.0239711 0.026032 0.0281993 0.0304684 0.0328334 0.0352876 0.0378231 0.040431 0.0431015 0.0458238 0.0485859 0.0513752 0.0541783 0.0569808 0.059768 0.0625245 0.0652349 0.067883 0.0704532 0.0729293 0.075296 0.0775378 0.0796401 0.0815889 0.083371 0.0849742 0.0863874 0.0876008 0.0886059 0.0893954 0.0899639 0.0903072 0.0904229 0.0903102 0.08997 0.0894047 0.0886184 0.0876167 0.0864068 0.0849971 0.0833976 0.0816194 0.0796746 0.0775765 0.075339 0.0729768 0.0705052 0.0679397 0.0652961 0.0625905 0.0598385 0.0570559 0.0542578 0.051459 0.0486737 0.0459153 0.0431964 0.0405289 0.0379236 0.0353902 0.0329377 0.0305738 0.0283052 0.0261378 0.0240762 0.0221243 0.020285 0.0185605 0.016952 0.0154602 0.0140853 0.0128268 0.0116839 0.0106556 0.00974055 0.00893727 0.00824431 0.0076602 0.00718359 0.0068133 0.00654835 0.00638832 
0.00686627 0.00691856 0.00708294 0.00736023 0.00775123 0.008257 0.00887883 0.00961817 0.0104766 0.0114556 0.0125567 0.0137814 0.0151307 0.0166054 0.0182058 0.0199318 0.0217825 0.0237564 0.0258511 0.0280634 0.030389 0.0328227 0.0353584 0.0379885 0.0407047 0.0434975 0.0463561 0.0492689 0.0522233 0.0552057 0.0582016 0.0611959 0.0641728 0.0671161 0.070009 0.0728348 0.0755764 0.0782171 0.0807403 0.0831298 0.0853702 0.0874464 0.0893447 0.0910521 0.0925569 0.0938487 0.0949184 0.0957586 0.0963634 0.0967285 0.0968512 0.0967308 0.0963682 0.0957659 0.0949283 0.0938612 0.0925723 0.0910705 0.0893663 0.0874715 0.0853988 0.0831623 0.0807768 0.0782578 0.0756215 0.0728844 0.0700632 0.067175 0.0642364 0.0612642 0.0582745 0.055283 0.052305 0.0493546 0.0464456 0.0435904 0.0408007 0.038087 0.0354589 0.0329248 0.030492 0.0281668 0.0259542 0.0238586 0.0218832 0.0200302 0.0183013 0.0166974 0.0152186 0.0138646 0.0126346 0.0115276 0.0105423 0.00967717 0.0089307 0.0083014 0.00778789 0.00738894 0.00710353 0.00693122 
0.00749232 0.00754929 0.0077278 0.00802869 0.0084528 0.00900123 0.00967532 0.0104766 0.0114066 0.0124669 0.0136592 0.0149847 0.0164446 0.0180396 0.01977 0.0216353 0.0236346 0.0257661 0.0280272 0.0304141 0.0329222 0.0355459 0.0382782 0.0411111 0.0440355 0.0470411 0.0501162 0.0532484 0.0564241 0.0596285 0.0628463 0.0660612 0.0692562 0.072414 0.0755168 0.0785465 0.0814851 0.0843148 0.0870177 0.0895768 0.0919755 0.094198 0.0962296 0.0980565 0.0996663 0.101048 0.102192 0.10309 0.103737 0.104127 0.104258 0.104128 0.10374 0.103095 0.102199 0.101057 0.0996772 0.0980697 0.0962454 0.0942167 0.0919974 0.0896021 0.0870467 0.0843476 0.0815222 0.0785879 0.0755627 0.0724646 0.0693116 0.0661214 0.0629113 0.0596983 0.0564985 0.0533273 0.0501993 0.047128 0.0441259 0.0412046 0.0383742 0.035644 0.0330218 0.0305145 0.0281278 0.0258663 0.0237337 0.0217325 0.0198647 0.0181312 0.0165323 0.0150679 0.0137373 0.0125393 0.0114728 0.0105361 0.00972775 0.00904619 0.00848999 0.00805787 0.00774879 0.00756229 
0.00820726 0.00826957 0.00846414 0.00879187 0.00925361 0.00985052 0.010584 0.0114556 0.0124669 0.0136197 0.0149154 0.0163555 0.0179409 0.0196724 0.0215501 0.0235735 0.0257413 0.0280515 0.030501 0.0330857 0.0358005 0.0386392 0.041594 0.0446564 0.0478163 0.0510625 0.0543824 0.0577625 0.0611881 0.0646433 0.0681116 0.0715754 0.0750165 0.0784163 0.0817557 0.0850154 0.0881762 0.0912187 0.0941242 0.0968743 0.0994513 0.101839 0.10402 0.105982 0.10771 0.109193 0.11042 0.111384 0.112077 0.112495 0.112635 0.112496 0.112078 0.111386 0.110423 0.109197 0.107715 0.105989 0.104029 0.10185 0.0994654 0.0968913 0.0941444 0.0912425 0.0882039 0.0850474 0.0817922 0.0784574 0.0750625 0.0716263 0.0681676 0.0647043 0.0612541 0.0578334 0.0544579 0.0511423 0.0479002 0.044744 0.0416847 0.0387325 0.0358959 0.0331825 0.0305985 0.0281491 0.0258383 0.0236691 0.0216437 0.0197632 0.0180281 0.0164385 0.0149936 0.0136923 0.0125335 0.0115156 0.010637 0.00989604 0.00929133 0.00882153 0.00848555 0.00828292 
0.00901248 0.00908079 0.00929337 0.00965118 0.0101551 0.0108063 0.0116064 0.0125567 0.0136592 0.0149154 0.0163269 0.0178952 0.0196211 0.0215053 0.0235478 0.0257479 0.028104 0.0306138 0.0332738 0.0360794 0.039025 0.0421035 0.0453066 0.0486249 0.0520472 0.0555615 0.0591541 0.0628103 0.0665141 0.0702484 0.0739954 0.077736 0.0814508 0.0851196 0.0887219 0.0922371 0.0956445 0.0989234 0.102054 0.105016 0.107791 0.110361 0.112709 0.114819 0.116679 0.118274 0.119594 0.12063 0.121375 0.121824 0.121974 0.121824 0.121375 0.120629 0.119593 0.118273 0.116678 0.11482 0.112711 0.110364 0.107796 0.105023 0.102064 0.0989371 0.0956618 0.0922584 0.0887476 0.0851499 0.081486 0.0777763 0.074041 0.0702994 0.0665704 0.0628719 0.0592209 0.0556332 0.0521236 0.0487055 0.045391 0.0421911 0.0391153 0.0361719 0.0333676 0.0307083 0.0281985 0.0258415 0.0236398 0.021595 0.0197076 0.0179778 0.016405 0.0149882 0.0137261 0.0126172 0.0116598 0.0108524 0.0101933 0.00968131 0.0093152 0.00909451 
0.00990929 0.00998425 0.0102168 0.0106079 0.0111586 0.01187 0.0127438 0.0137814 0.0149847 0.0163555 0.0178952 0.0196052 0.0214865 0.0235396 0.0257643 0.0281596 0.0307237 0.033454 0.0363463 0.0393957 0.0425958 0.0459389 0.0494157 0.0530159 0.0567274 0.0605369 0.0644297 0.0683896 0.0723995 0.0764407 0.080494 0.0845388 0.0885542 0.0925184 0.0964094 0.100205 0.103883 0.107421 0.110798 0.113992 0.116984 0.119755 0.122285 0.124559 0.126562 0.12828 0.129701 0.130817 0.131619 0.132102 0.132263 0.132101 0.131616 0.130813 0.129696 0.128274 0.126555 0.124552 0.122279 0.119749 0.11698 0.11399 0.110798 0.107424 0.103889 0.100214 0.096423 0.0925366 0.0885774 0.0845673 0.0805279 0.0764804 0.0724449 0.0684408 0.0644866 0.0605993 0.0567951 0.0530885 0.0494928 0.0460199 0.0426803 0.039483 0.0364357 0.0335447 0.030815 0.0282506 0.0258543 0.0236277 0.0215719 0.0196871 0.0179728 0.0164281 0.0150517 0.0138421 0.0127976 0.0119165 0.0111973 0.0106385 0.010239 0.00999835 
0.0108988 0.0109811 0.0112356 0.0116633 0.0122653 0.0130428 0.0139973 0.0151307 0.0164446 0.0179409 0.0196211 0.0214865 0.0235381 0.025776 0.0282001 0.0308091 0.0336009 0.0365722 0.0397186 0.0430344 0.0465125 0.0501444 0.05392 0.0578278 0.0618547 0.0659861 0.0702059 0.0744968 0.0788399 0.0832153 0.0876018 0.0919776 0.0963198 0.100605 0.10481 0.10891 0.112882 0.116702 0.120346 0.123793 0.12702 0.130007 0.132735 0.135187 0.137345 0.139196 0.140728 0.141929 0.142793 0.143313 0.143486 0.14331 0.142788 0.141921 0.140717 0.139184 0.137331 0.135172 0.13272 0.129992 0.127005 0.123779 0.120334 0.116691 0.112875 0.108906 0.10481 0.10061 0.0963296 0.0919928 0.0876228 0.0832423 0.0788731 0.0745363 0.0702517 0.0660379 0.0619125 0.0578912 0.0539887 0.0502179 0.0465902 0.0431156 0.0398027 0.0366584 0.0336883 0.030897 0.0282876 0.0258622 0.023622 0.0215674 0.0196981 0.0180132 0.0165115 0.0151914 0.0140514 0.0130895 0.0123043 0.0116943 0.0112582 0.0109956 
0.011982 0.0120723 0.0123506 0.0128182 0.013476 0.0143254 0.0153679 0.0166054 0.0180396 0.0196724 0.0215053 0.0235396 0.025776 0.0282149 0.0308554 0.0336963 0.036735 0.0399677 0.0433895 0.046994 0.0507732 0.0547178 0.0588168 0.0630573 0.0674253 0.0719046 0.0764779 0.0811262 0.0858291 0.090565 0.0953111 0.100044 0.104738 0.10937 0.113912 0.11834 0.122628 0.126751 0.130683 0.134401 0.137882 0.141102 0.144043 0.146685 0.14901 0.151004 0.152654 0.153948 0.154878 0.155437 0.155623 0.155433 0.15487 0.153936 0.152638 0.150986 0.148989 0.146661 0.144018 0.141076 0.137855 0.134375 0.130658 0.126727 0.122607 0.118322 0.113898 0.10936 0.104733 0.100044 0.0953177 0.0905779 0.0858487 0.0811525 0.0765111 0.0719446 0.067472 0.0631105 0.058876 0.0547826 0.0508431 0.0470682 0.0434674 0.0400485 0.0368178 0.0337804 0.0309397 0.0282984 0.025858 0.023619 0.0215812 0.019744 0.0181061 0.016666 0.015422 0.0143723 0.0135153 0.0128495 0.0123736 0.0120871 
0.0131594 0.0132583 0.0135625 0.0140732 0.0147913 0.0157183 0.0168559 0.0182058 0.01977 0.0215501 0.0235478 0.0257643 0.0282001 0.0308554 0.0337294 0.0368201 0.0401246 0.0436387 0.0473568 0.0512718 0.0553748 0.0596555 0.0641018 0.0686997 0.0734336 0.0782862 0.0832385 0.0882699 0.0933583 0.0984803 0.103611 0.108726 0.113797 0.118798 0.123702 0.128481 0.133107 0.137553 0.141792 0.145799 0.14955 0.153019 0.156187 0.159031 0.161535 0.163681 0.165457 0.166849 0.167849 0.168451 0.16865 0.168446 0.167838 0.166833 0.165436 0.163656 0.161506 0.158998 0.156151 0.152982 0.14951 0.14576 0.141753 0.137514 0.13307 0.128447 0.123672 0.118772 0.113776 0.10871 0.103602 0.0984778 0.0933628 0.0882817 0.0832578 0.0783131 0.0734679 0.0687412 0.0641502 0.0597105 0.0554357 0.051338 0.0474276 0.0437133 0.0402021 0.0368995 0.0338098 0.0309359 0.0282795 0.0258417 0.0236223 0.0216207 0.0198358 0.018266 0.0169098 0.0157653 0.0148307 0.0141047 0.0135858 0.0132735 
0.0144313 0.0145395 0.0148715 0.0154283 0.0162112 0.0172216 0.0184612 0.0199318 0.0216353 0.0235735 0.0257479 0.0281596 0.0308091 0.0336963 0.0368201 0.0401781 0.0437671 0.0475822 0.051617 0.0558637 0.0603125 0.064952 0.0697689 0.0747479 0.079872 0.0851223 0.0904783 0.0959175 0.101416 0.106949 0.112489 0.118009 0.123481 0.128875 0.134162 0.139312 0.144297 0.149086 0.153651 0.157965 0.162001 0.165734 0.169141 0.172201 0.174893 0.1772 0.179109 0.180605 0.18168 0.182326 0.18254 0.182319 0.181666 0.180584 0.179082 0.177168 0.174855 0.172158 0.169094 0.165684 0.161948 0.15791 0.153596 0.149031 0.144244 0.139262 0.134114 0.128832 0.123442 0.117976 0.112463 0.106929 0.101404 0.0959134 0.0904824 0.0851347 0.0798926 0.0747765 0.0698054 0.064996 0.0603634 0.0559208 0.0516797 0.0476496 0.0438383 0.0402521 0.0368959 0.0337729 0.0308854 0.0282345 0.0258204 0.0236426 0.0217 0.0199913 0.0185147 0.0172684 0.0162507 0.01546 0.0148949 0.0145551 
0.0157974 0.0159155 0.0162771 0.0168834 0.0177354 0.0188348 0.0201832 0.0217825 0.0236346 0.0257413 0.028104 0.0307237 0.0336009 0.036735 0.0401246 0.0437671 0.0476586 0.0517935 0.0561649 0.0607639 0.0655798 0.0706 0.0758098 0.0811928 0.0867303 0.0924019 0.0981851 0.104056 0.109988 0.115955 0.121928 0.127876 0.133771 0.139579 0.14527 0.150813 0.156174 0.161325 0.166233 0.170869 0.175206 0.179217 0.182876 0.186162 0.189052 0.191529 0.193577 0.195183 0.196336 0.197029 0.197258 0.197021 0.196319 0.195157 0.193544 0.191488 0.189004 0.186108 0.182817 0.179153 0.175139 0.1708 0.166162 0.161253 0.156104 0.150744 0.145204 0.139517 0.133713 0.127825 0.121883 0.115917 0.109958 0.104034 0.0981725 0.0923983 0.0867358 0.0812073 0.0758331 0.0706316 0.0656194 0.0608108 0.0562184 0.0518527 0.0477225 0.0438348 0.040195 0.036807 0.0336733 0.0307955 0.028174 0.0258085 0.0236979 0.021841 0.020236 0.0188811 0.0177747 0.016915 0.0163007 0.0159314 
0.0172569 0.0173856 0.0177787 0.0184374 0.0193628 0.0205566 0.0220205 0.0237564 0.0257661 0.0280515 0.0306138 0.033454 0.0365722 0.0399677 0.0436387 0.0475822 0.0517935 0.0562667 0.0609936 0.0659647 0.071168 0.0765898 0.0822141 0.0880229 0.093996 0.100111 0.106344 0.112669 0.119057 0.12548 0.131907 0.138305 0.144643 0.150886 0.157001 0.162954 0.168712 0.17424 0.179507 0.184482 0.189133 0.193434 0.197357 0.200879 0.203976 0.20663 0.208824 0.210544 0.211779 0.212521 0.212766 0.212511 0.211759 0.210514 0.208784 0.206581 0.203919 0.200814 0.197286 0.193357 0.189051 0.184396 0.179419 0.174151 0.168622 0.162866 0.156916 0.150804 0.144566 0.138234 0.131842 0.125423 0.119008 0.112629 0.106313 0.10009 0.093985 0.0880219 0.0822228 0.076608 0.0711951 0.0660002 0.0610368 0.0563166 0.0518493 0.0476427 0.0437029 0.0400344 0.0366401 0.033522 0.0306807 0.0281162 0.0258275 0.0238134 0.0220723 0.0206023 0.0194017 0.0184688 0.0178023 0.0174017 
0.0188084 0.0189483 0.0193746 0.0200887 0.0210918 0.0223853 0.0239711 0.0258511 0.0280272 0.030501 0.0332738 0.0363463 0.0397186 0.0433895 0.0473568 0.051617 0.0561649 0.0609936 0.0660943 0.0714563 0.0770665 0.0829098 0.0889689 0.0952241 0.101654 0.108233 0.114937 0.121736 0.128602 0.135502 0.142403 0.149271 0.156072 0.162768 0.169325 0.175707 0.181876 0.187798 0.193439 0.198765 0.203744 0.208346 0.212544 0.21631 0.219623 0.222461 0.224807 0.226646 0.227965 0.228758 0.229019 0.228746 0.227941 0.22661 0.22476 0.222404 0.219556 0.216234 0.212459 0.208254 0.203646 0.198662 0.193333 0.18769 0.181767 0.175598 0.169219 0.162665 0.155973 0.149178 0.142317 0.135423 0.128532 0.121676 0.114887 0.108194 0.101625 0.0952062 0.0889617 0.0829131 0.0770799 0.0714792 0.066126 0.0610332 0.0562115 0.0516694 0.0474139 0.04345 0.0397813 0.03641 0.0333371 0.0305627 0.0280862 0.0259063 0.0240215 0.02243 0.02113 0.0201199 0.0193983 0.0189647 
0.0204499 0.0206016 0.0210629 0.0218352 0.0229197 0.0243181 0.026032 0.0280634 0.0304141 0.0330857 0.0360794 0.0393957 0.0430344 0.046994 0.0512718 0.0558637 0.0607639 0.0659647 0.0714563 0.0772268 0.0832621 0.0895456 0.0960585 0.102779 0.109685 0.116748 0.123942 0.131236 0.138598 0.145994 0.153388 0.160744 0.168025 0.175193 0.182208 0.189033 0.19563 0.20196 0.207987 0.213677 0.218995 0.223909 0.22839 0.232411 0.235946 0.238974 0.241476 0.243438 0.244845 0.24569 0.245968 0.245676 0.244817 0.243396 0.241422 0.238908 0.235868 0.232322 0.228292 0.223802 0.218881 0.213557 0.207863 0.201832 0.1955 0.188903 0.18208 0.175067 0.167904 0.160629 0.153279 0.145893 0.138506 0.131155 0.123872 0.116689 0.109637 0.102743 0.0960341 0.0895328 0.0832605 0.0772359 0.0714754 0.0659929 0.0608002 0.0559069 0.0513208 0.0470474 0.043091 0.0394542 0.0361384 0.0331439 0.0304702 0.0281163 0.0260806 0.0243615 0.0229571 0.0218659 0.0210863 0.0206181 
0.0221785 0.0223426 0.0228405 0.0236737 0.0248435 0.0263515 0.0281993 0.030389 0.0329222 0.0358005 0.039025 0.0425958 0.0465125 0.0507732 0.0553748 0.0603125 0.0655798 0.071168 0.0770665 0.0832621 0.0897393 0.0964804 0.103465 0.110669 0.118068 0.125634 0.133336 0.141142 0.149017 0.156926 0.16483 0.172691 0.180468 0.188122 0.195611 0.202894 0.20993 0.216681 0.223107 0.229172 0.234838 0.240074 0.244846 0.249128 0.252891 0.256115 0.258779 0.260866 0.262363 0.263262 0.263558 0.263247 0.262332 0.260819 0.258717 0.256039 0.252803 0.249026 0.244734 0.239951 0.234707 0.229033 0.222963 0.216533 0.209779 0.202742 0.19546 0.187973 0.180324 0.172552 0.164698 0.156802 0.148903 0.141038 0.133243 0.125553 0.118 0.110613 0.103422 0.0964503 0.0897217 0.0832562 0.0770718 0.0711837 0.0656048 0.0603457 0.0554148 0.0508188 0.0465623 0.0426485 0.039079 0.0358546 0.032975 0.0304392 0.0282459 0.0263933 0.0248798 0.0237037 0.0228637 0.0223592 
0.0239907 0.0241677 0.0247037 0.0256005 0.0268591 0.0284811 0.0304684 0.0328227 0.0355459 0.0386392 0.0421035 0.0459389 0.0501444 0.0547178 0.0596555 0.064952 0.0706 0.0765898 0.0829098 0.0895456 0.0964804 0.103695 0.111166 0.11887 0.126779 0.134863 0.143089 0.151423 0.159828 0.168265 0.176695 0.185074 0.193362 0.201515 0.20949 0.217243 0.224731 0.231913 0.238748 0.245197 0.25122 0.256784 0.261856 0.266404 0.270402 0.273826 0.276654 0.27887 0.280459 0.281414 0.281726 0.281396 0.280424 0.278817 0.276585 0.273741 0.270302 0.26629 0.261729 0.256646 0.251072 0.245039 0.238584 0.231744 0.224558 0.217068 0.209315 0.201342 0.193193 0.18491 0.176538 0.168117 0.159689 0.151295 0.142973 0.13476 0.126689 0.118794 0.111104 0.103646 0.0964453 0.0895236 0.0829003 0.0765919 0.0706126 0.064974 0.0596857 0.0547547 0.0501866 0.0459849 0.0421519 0.0386885 0.0355947 0.0328698 0.0305124 0.028521 0.0268939 0.0256296 0.0247265 0.0241843 
0.0258821 0.0260724 0.0266481 0.0276106 0.0289613 0.0307016 0.0328334 0.0353584 0.0382782 0.041594 0.0453066 0.0494157 0.05392 0.0588168 0.0641018 0.0697689 0.0758098 0.0822141 0.0889689 0.0960585 0.103465 0.111166 0.119139 0.127357 0.13579 0.144407 0.153171 0.162047 0.170995 0.179974 0.188941 0.197852 0.206662 0.215326 0.223797 0.232031 0.239981 0.247603 0.254855 0.261695 0.268083 0.273982 0.279358 0.284178 0.288414 0.292041 0.295037 0.297384 0.299068 0.300078 0.300409 0.300058 0.299029 0.297326 0.294961 0.291947 0.288303 0.284051 0.279216 0.273827 0.267917 0.261519 0.254671 0.247412 0.239785 0.231832 0.223598 0.215128 0.206468 0.197663 0.188758 0.1798 0.170831 0.161894 0.153031 0.14428 0.135678 0.127259 0.119056 0.111098 0.103411 0.0960193 0.0889434 0.0822015 0.0758091 0.0697788 0.0641211 0.058844 0.0539537 0.0494544 0.0453487 0.041638 0.0383225 0.0354017 0.0328745 0.0307393 0.0289945 0.0276387 0.0266703 0.0260891 
0.0278475 0.0280516 0.0286682 0.0296987 0.0311443 0.0330067 0.0352876 0.0379885 0.0411111 0.0446564 0.0486249 0.0530159 0.0578278 0.0630573 0.0686997 0.0747479 0.0811928 0.0880229 0.0952241 0.102779 0.110669 0.11887 0.127357 0.136101 0.145071 0.154232 0.163547 0.172976 0.182479 0.19201 0.201526 0.210978 0.220321 0.229504 0.238482 0.247203 0.255623 0.263693 0.271368 0.278605 0.285363 0.291602 0.297286 0.302382 0.30686 0.310693 0.313859 0.316338 0.318117 0.319184 0.319533 0.319162 0.318074 0.316274 0.313774 0.310589 0.306737 0.302242 0.29713 0.291431 0.285179 0.27841 0.271163 0.26348 0.255404 0.246981 0.238258 0.229281 0.2201 0.210763 0.201317 0.19181 0.182288 0.172798 0.163381 0.15408 0.144934 0.13598 0.127252 0.118781 0.110596 0.102722 0.0951816 0.0879946 0.0811777 0.0747448 0.0687073 0.0630742 0.0578523 0.0530465 0.0486599 0.0446944 0.0411504 0.0380277 0.0353253 0.0330418 0.0311757 0.0297254 0.0286897 0.0280682 
0.0298807 0.0300991 0.0307576 0.031858 0.0334013 0.0353891 0.0378231 0.0407047 0.0440355 0.0478163 0.0520472 0.0567274 0.0618547 0.0674253 0.0734336 0.079872 0.0867303 0.093996 0.101654 0.109685 0.118068 0.126779 0.13579 0.145071 0.154587 0.164303 0.174178 0.18417 0.194236 0.204329 0.214401 0.224404 0.234286 0.243997 0.253486 0.262703 0.271597 0.280119 0.288223 0.295862 0.302993 0.309575 0.315571 0.320945 0.325666 0.329707 0.333044 0.335657 0.337532 0.338656 0.339024 0.338633 0.337485 0.335588 0.332952 0.329594 0.325532 0.320791 0.315399 0.309387 0.30279 0.295646 0.287997 0.279884 0.271355 0.262456 0.253237 0.243748 0.234039 0.224161 0.214166 0.204102 0.194019 0.183965 0.173986 0.164125 0.154426 0.144926 0.135662 0.126668 0.117974 0.109608 0.101593 0.0939511 0.0867 0.079855 0.0734286 0.0674308 0.0618692 0.0567492 0.0520747 0.0478477 0.0440693 0.0407393 0.037857 0.0354212 0.0334304 0.0318832 0.0307783 0.0301154 
0.0319747 0.0322077 0.0329093 0.0340812 0.0357244 0.0378405 0.040431 0.0434975 0.0470411 0.0510625 0.0555615 0.0605369 0.0659861 0.0719046 0.0782862 0.0851223 0.0924019 0.100111 0.108233 0.116748 0.125634 0.134863 0.144407 0.154232 0.164303 0.17458 0.185022 0.195585 0.206222 0.216883 0.227518 0.238075 0.248502 0.258745 0.268751 0.278466 0.287838 0.296816 0.305351 0.313394 0.3209 0.327828 0.334136 0.339789 0.344755 0.349005 0.352514 0.355262 0.357232 0.358414 0.3588 0.358388 0.357181 0.355186 0.352414 0.348882 0.34461 0.339623 0.33395 0.327624 0.32068 0.313159 0.305104 0.296559 0.287573 0.278195 0.268477 0.25847 0.248229 0.237806 0.227254 0.216627 0.205977 0.195353 0.184804 0.174377 0.164116 0.154062 0.144255 0.13473 0.125519 0.116651 0.108154 0.100049 0.0923554 0.0850906 0.0782679 0.0718981 0.0659899 0.0605493 0.0555807 0.0510867 0.0470687 0.043527 0.0404608 0.0378693 0.0357511 0.0341047 0.0329291 0.0322239 
0.0341219 0.0343698 0.0351152 0.0363599 0.0381049 0.0403516 0.0431015 0.0463561 0.0501162 0.0543824 0.0591541 0.0644297 0.0702059 0.0764779 0.0832385 0.0904783 0.0981851 0.106344 0.114937 0.123942 0.133336 0.143089 0.153171 0.163547 0.174178 0.185022 0.196037 0.207175 0.218386 0.229619 0.24082 0.251936 0.262911 0.273688 0.284212 0.294427 0.304279 0.313714 0.32268 0.331128 0.33901 0.346283 0.352904 0.358837 0.364047 0.368506 0.372186 0.375068 0.377134 0.378373 0.378778 0.378346 0.37708 0.374987 0.372079 0.368373 0.363891 0.358658 0.352703 0.346062 0.338772 0.330874 0.322412 0.313435 0.303991 0.294132 0.283912 0.273387 0.26261 0.251639 0.240529 0.229335 0.218113 0.206914 0.195791 0.184792 0.173964 0.163351 0.152995 0.142932 0.133198 0.123824 0.114838 0.106263 0.0981217 0.090431 0.083206 0.0764587 0.0701983 0.0644319 0.0591644 0.054399 0.0501373 0.0463801 0.0431268 0.0403768 0.0381288 0.0363816 0.0351339 0.0343856 
0.0363134 0.0365764 0.0373664 0.0386849 0.0405331 0.0429122 0.0458238 0.0492689 0.0532484 0.0577625 0.0628103 0.0683896 0.0744968 0.0811262 0.0882699 0.0959175 0.104056 0.112669 0.121736 0.131236 0.141142 0.151423 0.162047 0.172976 0.18417 0.195585 0.207175 0.218889 0.230676 0.242482 0.254252 0.265926 0.277449 0.288761 0.299803 0.310518 0.320849 0.330739 0.340136 0.348987 0.357244 0.36486 0.371793 0.378004 0.383457 0.388123 0.391974 0.394989 0.397151 0.398447 0.398871 0.398418 0.397093 0.394903 0.39186 0.387982 0.38329 0.377812 0.371578 0.364624 0.356988 0.348714 0.339848 0.330438 0.320537 0.310198 0.299478 0.288433 0.277121 0.265602 0.253932 0.242171 0.230375 0.218601 0.206901 0.195327 0.18393 0.172755 0.161846 0.151242 0.140982 0.131097 0.121617 0.112569 0.103975 0.095854 0.0882226 0.0810936 0.0744772 0.0683812 0.0628112 0.0577709 0.0532625 0.049287 0.0458442 0.0429336 0.0405541 0.0387045 0.0373838 0.0365919 
0.0385399 0.0388182 0.0396531 0.0410462 0.0429985 0.0455113 0.0485859 0.0522233 0.0564241 0.0611881 0.0665141 0.0723995 0.0788399 0.0858291 0.0933583 0.101416 0.109988 0.119057 0.128602 0.138598 0.149017 0.159828 0.170995 0.182479 0.194236 0.206222 0.218386 0.230676 0.243039 0.255417 0.267752 0.279984 0.292053 0.303896 0.315454 0.326666 0.337473 0.347816 0.35764 0.366891 0.375519 0.383476 0.390718 0.397204 0.402899 0.40777 0.41179 0.414937 0.417194 0.418546 0.418988 0.418515 0.417132 0.414846 0.411669 0.40762 0.402721 0.397 0.390489 0.383224 0.375246 0.366599 0.357331 0.347493 0.337138 0.326322 0.315104 0.303543 0.291698 0.279632 0.267405 0.255078 0.24271 0.230359 0.218083 0.205936 0.193969 0.182231 0.170768 0.159623 0.148834 0.138436 0.128461 0.118938 0.109889 0.101336 0.0932956 0.0857825 0.0788077 0.0723798 0.066505 0.0611878 0.0564307 0.0522351 0.0486011 0.0455285 0.0430163 0.0410635 0.0396691 0.0388332 
0.040791 0.0410847 0.0419648 0.0434328 0.0454898 0.0481369 0.0513752 0.0552057 0.0596285 0.0646433 0.0702484 0.0764407 0.0832153 0.090565 0.0984803 0.106949 0.115955 0.12548 0.135502 0.145994 0.156926 0.168265 0.179974 0.19201 0.204329 0.216883 0.229619 0.242482 0.255417 0.268364 0.28126 0.294045 0.306655 0.319025 0.331094 0.342798 0.354075 0.364866 0.375112 0.384759 0.393753 0.402047 0.409593 0.416351 0.422283 0.427356 0.431543 0.43482 0.43717 0.438578 0.439037 0.438545 0.437105 0.434724 0.431415 0.427198 0.422095 0.416135 0.409351 0.40178 0.393464 0.384449 0.374784 0.364522 0.353718 0.34243 0.330719 0.318646 0.306274 0.293666 0.280885 0.267996 0.25506 0.242137 0.229288 0.216569 0.204035 0.191736 0.179721 0.168035 0.156718 0.145809 0.13534 0.125341 0.115837 0.106851 0.0984018 0.090504 0.08317 0.0764094 0.0702291 0.064634 0.0596274 0.0552108 0.051385 0.0481496 0.0455042 0.0434478 0.0419794 0.0410993 
0.043056 0.0433651 0.0442903 0.0458333 0.0479949 0.0507763 0.0541783 0.0582016 0.0628463 0.0681116 0.0739954 0.080494 0.0876018 0.0953111 0.103611 0.112489 0.121928 0.131907 0.142403 0.153388 0.16483 0.176695 0.188941 0.201526 0.214401 0.227518 0.24082 0.254252 0.267752 0.28126 0.294712 0.308043 0.321186 0.334077 0.346649 0.358837 0.370578 0.381809 0.392471 0.402506 0.411861 0.420484 0.42833 0.435354 0.441519 0.446791 0.451142 0.454546 0.456987 0.45845 0.458927 0.458415 0.456919 0.454445 0.451007 0.446625 0.441322 0.435127 0.428075 0.420203 0.411555 0.402179 0.392123 0.381444 0.370199 0.358447 0.34625 0.333672 0.320779 0.307637 0.29431 0.280865 0.267366 0.253878 0.240462 0.227177 0.21408 0.201224 0.188662 0.176439 0.164599 0.15318 0.142219 0.131747 0.121791 0.112374 0.103517 0.0952352 0.0875431 0.0804505 0.0739653 0.0680929 0.062837 0.0581998 0.0541822 0.0507844 0.0480058 0.0458457 0.0443034 0.0433791 
0.0453231 0.0456476 0.0466178 0.0482354 0.0505011 0.053416 0.0569808 0.0611959 0.0660612 0.0715754 0.077736 0.0845388 0.0919776 0.100044 0.108726 0.118009 0.127876 0.138305 0.149271 0.160744 0.172691 0.185074 0.197852 0.210978 0.224404 0.238075 0.251936 0.265926 0.279984 0.294045 0.308043 0.32191 0.335578 0.348979 0.362045 0.374708 0.386903 0.398565 0.409634 0.420049 0.429756 0.438702 0.44684 0.454125 0.460517 0.465983 0.470493 0.474022 0.476552 0.478068 0.478562 0.478032 0.47648 0.473916 0.470352 0.465809 0.460311 0.453887 0.446573 0.438407 0.429435 0.419705 0.409268 0.398181 0.386503 0.374295 0.361622 0.34855 0.335145 0.321477 0.307613 0.293622 0.279571 0.265525 0.25155 0.237706 0.224055 0.210651 0.197547 0.184794 0.172435 0.160514 0.149066 0.138125 0.12772 0.117876 0.108614 0.0999527 0.0919052 0.0844831 0.0776949 0.071547 0.0660435 0.061187 0.0569788 0.0534193 0.0505082 0.0482451 0.0466292 0.045661 
0.0475805 0.0479202 0.0489349 0.0506263 0.0529951 0.0560421 0.059768 0.0641728 0.0692562 0.0750165 0.0814508 0.0885542 0.0963198 0.104738 0.113797 0.123481 0.133771 0.144643 0.156072 0.168025 0.180468 0.193362 0.206662 0.220321 0.234286 0.248502 0.262911 0.277449 0.292053 0.306655 0.321186 0.335578 0.349759 0.363658 0.377206 0.390332 0.40297 0.415053 0.426517 0.437303 0.447353 0.456613 0.465035 0.472572 0.479186 0.48484 0.489505 0.493155 0.495771 0.497338 0.49785 0.497301 0.495697 0.493045 0.489359 0.484659 0.478971 0.472325 0.464756 0.456305 0.447017 0.436942 0.426134 0.41465 0.40255 0.389898 0.376761 0.363205 0.349302 0.33512 0.320731 0.306205 0.291612 0.27702 0.262497 0.248106 0.23391 0.219967 0.206332 0.193056 0.180189 0.167772 0.155844 0.144442 0.133595 0.12333 0.113669 0.104632 0.0962335 0.0884859 0.0813985 0.0749783 0.06923 0.0641566 0.0597599 0.0560405 0.0529984 0.0506333 0.0489446 0.0479329 
0.0498155 0.0501702 0.0512288 0.0529929 0.0554632 0.0586402 0.0625245 0.0671161 0.072414 0.0784163 0.0851196 0.0925184 0.100605 0.10937 0.118798 0.128875 0.139579 0.150886 0.162768 0.175193 0.188122 0.201515 0.215326 0.229504 0.243997 0.258745 0.273688 0.288761 0.303896 0.319025 0.334077 0.348979 0.363658 0.378042 0.392057 0.405634 0.418701 0.431191 0.44304 0.454184 0.464565 0.47413 0.482826 0.490608 0.497436 0.503272 0.508086 0.511853 0.514552 0.51617 0.516697 0.516131 0.514476 0.511738 0.507935 0.503084 0.497212 0.490351 0.482536 0.473809 0.464216 0.453808 0.44264 0.43077 0.418261 0.405179 0.391591 0.377566 0.363177 0.348496 0.333596 0.31855 0.303429 0.288306 0.273248 0.258323 0.243595 0.229124 0.21497 0.201185 0.187818 0.174916 0.162519 0.150665 0.139384 0.128706 0.118654 0.109248 0.100505 0.0924375 0.0850561 0.0783682 0.0723791 0.0670924 0.0625102 0.0586335 0.0554625 0.0529971 0.0512368 0.0501823 
0.0520154 0.0523847 0.0534863 0.0553216 0.0578911 0.0611955 0.0652349 0.070009 0.0755168 0.0817557 0.0887219 0.0964094 0.10481 0.113912 0.123702 0.134162 0.14527 0.157001 0.169325 0.182208 0.195611 0.20949 0.223797 0.238482 0.253486 0.268751 0.284212 0.299803 0.315454 0.331094 0.346649 0.362045 0.377206 0.392057 0.406525 0.420536 0.434017 0.4469 0.459119 0.470608 0.481309 0.491166 0.500127 0.508144 0.515177 0.521189 0.526147 0.530025 0.532805 0.53447 0.535013 0.534431 0.532726 0.529907 0.52599 0.520994 0.514947 0.507878 0.499827 0.490834 0.480947 0.470218 0.458703 0.446463 0.43356 0.420062 0.406038 0.39156 0.376702 0.361538 0.346144 0.330594 0.314962 0.299322 0.283746 0.268302 0.253058 0.238076 0.223417 0.209135 0.195284 0.181909 0.169055 0.156759 0.145056 0.133975 0.123541 0.113775 0.104696 0.0963159 0.0886471 0.0816976 0.0754731 0.0699778 0.0652142 0.0611836 0.0578865 0.0553228 0.0534924 0.0523961 
0.054167 0.0545506 0.055694 0.0575985 0.0602647 0.0636928 0.067883 0.0728348 0.0785465 0.0850154 0.0922371 0.100205 0.10891 0.11834 0.128481 0.139312 0.150813 0.162954 0.175707 0.189033 0.202894 0.217243 0.232031 0.247203 0.262703 0.278466 0.294427 0.310518 0.326666 0.342798 0.358837 0.374708 0.390332 0.405634 0.420536 0.434963 0.448842 0.462102 0.474675 0.486495 0.497502 0.507639 0.516852 0.525095 0.532324 0.538503 0.543598 0.547584 0.55044 0.552152 0.552709 0.552111 0.550359 0.547463 0.543437 0.538303 0.532087 0.524821 0.516543 0.507296 0.497128 0.486092 0.474245 0.461648 0.448367 0.43447 0.420029 0.405116 0.389807 0.374179 0.358309 0.342273 0.326149 0.310013 0.293936 0.277993 0.26225 0.246774 0.231626 0.216865 0.202544 0.188712 0.175415 0.162692 0.15058 0.139108 0.128303 0.118188 0.108782 0.100099 0.0921511 0.0849473 0.0784941 0.0727961 0.0678561 0.0636758 0.060256 0.0575969 0.0556983 0.0545613 
0.0562572 0.0566547 0.0578384 0.0598099 0.0625694 0.0661172 0.0704532 0.0755764 0.0814851 0.0881762 0.0956445 0.103883 0.112882 0.122628 0.133107 0.144297 0.156174 0.168712 0.181876 0.19563 0.20993 0.224731 0.239981 0.255623 0.271597 0.287838 0.304279 0.320849 0.337473 0.354075 0.370578 0.386903 0.40297 0.418701 0.434017 0.448842 0.4631 0.476719 0.48963 0.501765 0.513063 0.523466 0.53292 0.541377 0.548793 0.55513 0.560356 0.564443 0.567372 0.569127 0.569699 0.569086 0.567289 0.564319 0.560191 0.554925 0.548549 0.541095 0.532602 0.523114 0.512678 0.50135 0.489186 0.476251 0.46261 0.448332 0.433492 0.418164 0.402424 0.386353 0.370027 0.353528 0.336933 0.32032 0.303764 0.287341 0.27112 0.255169 0.239553 0.22433 0.209558 0.195287 0.181564 0.16843 0.155923 0.144075 0.132913 0.122462 0.11274 0.103765 0.0955474 0.0880982 0.0814242 0.0755304 0.07042 0.0660951 0.0625568 0.0598054 0.057841 0.0566646 
0.0582728 0.0586836 0.0599062 0.0619419 0.064791 0.0684536 0.0729293 0.0782171 0.0843148 0.0912187 0.0989234 0.107421 0.116702 0.126751 0.137553 0.149086 0.161325 0.17424 0.187798 0.20196 0.216681 0.231913 0.247603 0.263693 0.280119 0.296816 0.313714 0.330739 0.347816 0.364866 0.381809 0.398565 0.415053 0.431191 0.4469 0.462102 0.476719 0.490678 0.503908 0.516341 0.527915 0.538569 0.54825 0.556909 0.564501 0.570988 0.576337 0.580521 0.583519 0.585315 0.5859 0.585272 0.583434 0.580394 0.576169 0.570779 0.564252 0.556621 0.547925 0.538208 0.52752 0.515915 0.503452 0.490196 0.476214 0.461576 0.446358 0.430636 0.414488 0.397995 0.381238 0.364297 0.347254 0.330188 0.313177 0.296296 0.27962 0.263216 0.247153 0.231491 0.216288 0.201597 0.187467 0.17394 0.161055 0.148847 0.137343 0.12657 0.116547 0.107291 0.0988155 0.0911311 0.0842454 0.0781638 0.0728901 0.0684265 0.0647745 0.0619345 0.0599069 0.0586928 
0.060201 0.0606245 0.061884 0.0639808 0.0669153 0.0706872 0.075296 0.0807403 0.0870177 0.0941242 0.102054 0.110798 0.120346 0.130683 0.141792 0.153651 0.166233 0.179507 0.193439 0.207987 0.223107 0.238748 0.254855 0.271368 0.288223 0.305351 0.32268 0.340136 0.35764 0.375112 0.392471 0.409634 0.426517 0.44304 0.459119 0.474675 0.48963 0.503908 0.517438 0.530151 0.541983 0.552873 0.562768 0.571616 0.579373 0.586001 0.591465 0.595739 0.598801 0.600635 0.601234 0.600592 0.598714 0.59561 0.591293 0.585787 0.579119 0.571322 0.562435 0.552504 0.541579 0.529714 0.516971 0.503414 0.489111 0.474134 0.458561 0.442467 0.425935 0.409045 0.39188 0.374524 0.357057 0.339563 0.322121 0.304809 0.287702 0.27087 0.254384 0.238305 0.222694 0.207605 0.193089 0.179189 0.165946 0.153396 0.141568 0.130488 0.120178 0.110656 0.101935 0.0940273 0.0869402 0.08068 0.0752508 0.0706552 0.0668949 0.0639707 0.0618829 0.0606329 
0.062029 0.0624645 0.0637588 0.0659134 0.0689284 0.0728034 0.0775378 0.0831298 0.0895768 0.0968743 0.105016 0.113992 0.123793 0.134401 0.145799 0.157965 0.170869 0.184482 0.198765 0.213677 0.229172 0.245197 0.261695 0.278605 0.295862 0.313394 0.331128 0.348987 0.366891 0.384759 0.402506 0.420049 0.437303 0.454184 0.470608 0.486495 0.501765 0.516341 0.530151 0.543125 0.555197 0.566307 0.5764 0.585424 0.593335 0.600094 0.605665 0.610023 0.613144 0.615015 0.615625 0.614971 0.613056 0.609891 0.605491 0.599876 0.593077 0.585125 0.576061 0.565931 0.554785 0.542679 0.529674 0.515836 0.501234 0.485942 0.470036 0.453596 0.436704 0.419443 0.401898 0.384152 0.36629 0.348395 0.330549 0.312832 0.29532 0.278088 0.261203 0.244734 0.228739 0.213276 0.198397 0.184146 0.170567 0.157695 0.145561 0.134193 0.123613 0.113839 0.104887 0.0967685 0.0894915 0.0830628 0.0774869 0.0727668 0.0689044 0.0659007 0.0637561 0.0624721 
0.0637446 0.0641912 0.0655182 0.0677268 0.070817 0.0747884 0.0796401 0.0853702 0.0919755 0.0994513 0.107791 0.116984 0.12702 0.137882 0.14955 0.162001 0.175206 0.189133 0.203744 0.218995 0.234838 0.25122 0.268083 0.285363 0.302993 0.3209 0.33901 0.357244 0.375519 0.393753 0.411861 0.429756 0.447353 0.464565 0.481309 0.497502 0.513063 0.527915 0.541983 0.555197 0.567491 0.578805 0.58908 0.598267 0.60632 0.613198 0.618869 0.623303 0.62648 0.628383 0.629004 0.628339 0.626391 0.62317 0.618691 0.612978 0.606057 0.597963 0.588736 0.578422 0.567072 0.554743 0.541497 0.527399 0.512521 0.496936 0.480724 0.463964 0.446739 0.429135 0.411236 0.393129 0.3749 0.356633 0.338413 0.32032 0.302433 0.284827 0.267573 0.250739 0.234388 0.218577 0.203359 0.188782 0.174889 0.161716 0.149298 0.137661 0.126829 0.116821 0.107653 0.0993372 0.0918828 0.0852967 0.0795838 0.0747473 0.0707895 0.0677115 0.0655139 0.0641982 
0.0653361 0.0657931 0.0671502 0.0694087 0.0725684 0.0766288 0.0815889 0.0874464 0.094198 0.101839 0.110361 0.119755 0.130007 0.141102 0.153019 0.165734 0.179217 0.193434 0.208346 0.223909 0.240074 0.256784 0.273982 0.291602 0.309575 0.327828 0.346283 0.36486 0.383476 0.402047 0.420484 0.438702 0.456613 0.47413 0.491166 0.507639 0.523466 0.538569 0.552873 0.566307 0.578805 0.590303 0.600745 0.61008 0.618262 0.62525 0.631011 0.635516 0.638743 0.640676 0.641307 0.640631 0.638653 0.635381 0.630832 0.625027 0.617996 0.609772 0.600396 0.589915 0.578379 0.565846 0.552379 0.538044 0.522914 0.507062 0.490569 0.473515 0.455986 0.438067 0.419844 0.401406 0.38284 0.364233 0.345668 0.32723 0.308998 0.291048 0.273455 0.256286 0.239607 0.223475 0.207946 0.193068 0.178885 0.165436 0.152755 0.14087 0.129805 0.119581 0.110214 0.101717 0.0940983 0.0873669 0.0815275 0.0765836 0.0725376 0.0693909 0.0671443 0.0657994 
