0.00119924 0.00121411 0.00126376 0.00134891 0.00147053 0.00162997 0.00182891 0.00206937 0.0023536 0.00268413 0.00306361 0.00349485 0.0039807 0.00452397 0.0051274 0.00579356 0.00652474 0.00732292 0.00818965 0.00912598 0.0101324 0.0112086 0.0123539 0.0135664 0.0148436 0.0161822 0.0175779 0.0190254 0.0205187 0.0220507 0.0236136 0.0251988 0.0267969 0.0283979 0.0299911 0.0315656 0.03311 0.0346127 0.0360622 0.037447 0.0387557 0.0399774 0.0411019 0.0421193 0.0430208 0.0437984 0.044445 0.044955 0.0453235 0.0455473 0.0456243 0.0455539 0.0453366 0.0449746 0.0444712 0.0438309 0.0430597 0.0421644 0.0411531 0.0400346 0.0388186 0.0375154 0.036136 0.0346915 0.0331935 0.0316536 0.0300831 0.0284935 0.0268958 0.0253005 0.0237176 0.0221564 0.0206257 0.0191332 0.0176859 0.0162899 0.0149505 0.0136719 0.0124576 0.0113101 0.0102311 0.00922152 0.00828165 0.00741102 0.00660864 0.00587299 0.00520213 0.00459381 0.0040455 0.00355449 0.003118 0.00273321 0.00239735 0.00210776 0.00186196 0.00165768 0.00149293 0.00136602 0.00127562 0.00122084 
0.00121411 0.00122917 0.00127946 0.00136569 0.00148883 0.00165027 0.00185169 0.00209514 0.0023829 0.00271751 0.00310167 0.00353821 0.00403 0.00457989 0.00519064 0.00586484 0.00660482 0.00741256 0.00828961 0.00923703 0.0102553 0.0113442 0.0125027 0.0137293 0.0150213 0.0163752 0.0177868 0.0192507 0.0207608 0.02231 0.0238903 0.0254931 0.0271088 0.0287273 0.0303379 0.0319294 0.0334904 0.0350093 0.0364743 0.0378737 0.0391963 0.0404309 0.0415672 0.0425952 0.0435061 0.0442918 0.0449451 0.0454603 0.0458326 0.0460587 0.0461364 0.0460652 0.0458456 0.0454798 0.0449711 0.0443241 0.0435448 0.0426401 0.0416181 0.0404878 0.0392589 0.0379419 0.0365477 0.0350878 0.0335737 0.0320171 0.0304296 0.0288227 0.0272075 0.0255946 0.0239941 0.0224156 0.0208678 0.0193585 0.0178949 0.016483 0.0151283 0.013835 0.0126067 0.0114458 0.0103542 0.00933284 0.00838189 0.00750096 0.00668904 0.0059446 0.0052657 0.00465005 0.00409511 0.00359815 0.00315635 0.00276686 0.00242689 0.00213376 0.00188493 0.00167814 0.00151137 0.00138291 0.00129139 0.00123595 
0.00126376 0.00127946 0.00133175 0.00142135 0.0015493 0.00171699 0.00192618 0.00217897 0.00247772 0.00282504 0.00322372 0.00367665 0.00418679 0.00475707 0.00539032 0.00608919 0.00685605 0.00769292 0.00860138 0.00958249 0.0106367 0.0117637 0.0129626 0.0142314 0.0155677 0.0169676 0.0184268 0.0199398 0.0215001 0.0231004 0.0247325 0.0263874 0.0280553 0.0297258 0.0313878 0.0330298 0.03464 0.0362065 0.0377171 0.03916 0.0405233 0.0417959 0.0429669 0.0440262 0.0449648 0.0457741 0.0464472 0.0469778 0.0473612 0.0475939 0.0476739 0.0476003 0.047374 0.0469969 0.0464727 0.0458059 0.0450027 0.0440703 0.043017 0.0418518 0.040585 0.0392271 0.0377896 0.036284 0.0347224 0.0331166 0.0314787 0.0298205 0.0281533 0.0264883 0.0248358 0.0232056 0.0216068 0.0200474 0.0185348 0.0170755 0.0156749 0.0143375 0.0130669 0.0118659 0.0107363 0.00967901 0.00869445 0.00778216 0.00694114 0.00616984 0.00546629 0.00482814 0.0042528 0.00373746 0.00327923 0.00287518 0.00252244 0.00221825 0.00196001 0.00174536 0.00157225 0.0014389 0.00134391 0.00128638 
0.00134891 0.00136569 0.00142135 0.00151668 0.00165275 0.00183102 0.00205335 0.00232194 0.00263925 0.00300804 0.0034312 0.00391177 0.00445284 0.00505747 0.00572859 0.00646895 0.007281 0.00816682 0.00912801 0.0101656 0.0112801 0.012471 0.0137373 0.015077 0.0164873 0.0179642 0.019503 0.0210978 0.0227419 0.0244276 0.0261461 0.027888 0.029643 0.0314 0.0331476 0.0348736 0.0365658 0.0382114 0.039798 0.041313 0.0427442 0.0440798 0.0453085 0.0464199 0.0474044 0.0482532 0.0489589 0.0495151 0.049917 0.0501608 0.0502444 0.050167 0.0499294 0.0495337 0.0489835 0.0482839 0.0474411 0.0464627 0.0453572 0.0441342 0.0428042 0.0413785 0.0398688 0.0382873 0.0366464 0.0349588 0.033237 0.0314933 0.0297397 0.0279878 0.0262485 0.0245321 0.0228481 0.0212051 0.0196109 0.0180722 0.0165948 0.0151836 0.0138423 0.012574 0.0113806 0.0102633 0.0092223 0.00825737 0.00736748 0.00655104 0.00580602 0.00513001 0.0045203 0.00397399 0.00348806 0.00305945 0.00268516 0.00236229 0.00208813 0.00186022 0.00167638 0.00153476 0.0014339 0.00137283 
0.00147053 0.00148883 0.0015493 0.00165275 0.00180032 0.0019936 0.00223455 0.00252551 0.00286913 0.0032683 0.00372611 0.0042458 0.00483061 0.00548379 0.00620841 0.00700737 0.00788321 0.0088381 0.00987367 0.0109909 0.0121903 0.0134713 0.0148325 0.016272 0.0177863 0.0193715 0.0210221 0.022732 0.0244939 0.0262994 0.0281392 0.0300031 0.0318802 0.0337587 0.0356262 0.03747 0.0392769 0.0410335 0.0427264 0.0443425 0.0458686 0.0472924 0.048602 0.0497861 0.0508348 0.0517388 0.0524901 0.0530823 0.0535099 0.0537692 0.0538578 0.0537751 0.0535216 0.0530999 0.0525136 0.051768 0.0508698 0.0498269 0.0486485 0.0473445 0.0459263 0.0444055 0.0427947 0.0411069 0.0393551 0.0375529 0.0357134 0.0338499 0.0319751 0.0301012 0.0282401 0.0264027 0.0245992 0.0228387 0.0211297 0.0194794 0.0178941 0.016379 0.0149384 0.0135753 0.0122921 0.01109 0.00996958 0.00893042 0.00797156 0.0070914 0.00628783 0.00555833 0.00490006 0.00430996 0.00378484 0.00332147 0.00291666 0.00256735 0.00227065 0.00202394 0.0018249 0.00167157 0.00156237 0.0014963 
0.00162997 0.00165027 0.00171699 0.00183102 0.0019936 0.00220643 0.00247164 0.00279175 0.00316959 0.00360831 0.00411122 0.00468177 0.00532345 0.00603971 0.00683384 0.00770888 0.00866753 0.00971202 0.010844 0.0120646 0.0133739 0.0147715 0.0162557 0.0178242 0.0194732 0.0211983 0.0229935 0.0248521 0.026766 0.0287262 0.0307225 0.0327439 0.0347784 0.0368134 0.0388356 0.0408311 0.0427857 0.0446851 0.046515 0.048261 0.0499094 0.0514466 0.05286 0.0541378 0.055269 0.0562439 0.057054 0.0576922 0.0581529 0.0584321 0.0585273 0.0584376 0.0581638 0.0577086 0.0570758 0.0562712 0.0553018 0.054176 0.0529037 0.0514957 0.0499638 0.0483208 0.0465799 0.0447552 0.0428606 0.0409107 0.0389197 0.0369018 0.0348706 0.0328396 0.0308214 0.0288278 0.02687 0.0249578 0.0231005 0.021306 0.0195812 0.0179318 0.0163624 0.0148767 0.0134772 0.0121654 0.0109419 0.00980647 0.00875816 0.0077953 0.00691571 0.00611673 0.00539536 0.00474834 0.00417227 0.00366369 0.00321918 0.00283545 0.00250941 0.00223821 0.00201938 0.00185078 0.00173073 0.00165814 
0.00182891 0.00185169 0.00192618 0.00205335 0.00223455 0.00247164 0.00276693 0.00312317 0.00354346 0.00403118 0.00458993 0.00522346 0.00593553 0.00672983 0.0076099 0.00857898 0.00963993 0.0107951 0.0120461 0.0133941 0.0148391 0.0163804 0.0180161 0.0197434 0.0215583 0.0234554 0.0254285 0.0274698 0.0295705 0.0317206 0.0339091 0.0361236 0.0383513 0.0405783 0.0427899 0.0449713 0.0471069 0.0491813 0.0511787 0.0530838 0.0548816 0.0565576 0.0580981 0.0594903 0.0607224 0.0617839 0.0626658 0.0633603 0.0638615 0.0641649 0.064268 0.0641699 0.0638713 0.0633751 0.0626856 0.0618087 0.0607522 0.0595253 0.0581382 0.0566029 0.054932 0.0531394 0.0512394 0.049247 0.0471776 0.0450468 0.0428701 0.0406629 0.0384401 0.0362163 0.0340052 0.0318199 0.0296725 0.027574 0.0255345 0.0235626 0.0216661 0.0198513 0.0181235 0.0164868 0.0149439 0.0134968 0.0121462 0.0108919 0.00973316 0.00866816 0.00769463 0.00680975 0.00601033 0.00529288 0.00465374 0.00408917 0.00359549 0.00316911 0.00280669 0.00250514 0.00226176 0.00207424 0.00194074 0.00186006 
0.00206937 0.00209514 0.00217897 0.00232194 0.00252551 0.00279175 0.00312317 0.0035228 0.00399402 0.00454054 0.00516628 0.00587531 0.00667171 0.0075595 0.00854246 0.00962408 0.0108074 0.0120948 0.0134881 0.0149882 0.0165951 0.0183078 0.0201242 0.0220408 0.0240532 0.0261553 0.0283399 0.0305986 0.0329214 0.0352972 0.0377138 0.0401577 0.0426145 0.0450691 0.0475055 0.0499071 0.0522571 0.0545385 0.0567343 0.0588277 0.0608023 0.0626425 0.0643332 0.0658605 0.0672119 0.0683758 0.0693424 0.0701035 0.0706524 0.0709845 0.071097 0.0709888 0.070661 0.0701164 0.0693597 0.0683976 0.0672382 0.0658915 0.0643689 0.062683 0.0608478 0.0588781 0.0567897 0.0545989 0.0523225 0.0499774 0.0475806 0.0451489 0.0426988 0.0402462 0.0378063 0.0353933 0.0330207 0.0307007 0.0284443 0.0262614 0.0241605 0.0221488 0.0202322 0.0184153 0.0167015 0.0150928 0.0135904 0.0121942 0.0109035 0.00971629 0.00863036 0.00764266 0.00674978 0.00594795 0.00523321 0.00460151 0.00404884 0.0035713 0.00316521 0.00282723 0.00255437 0.00234412 0.00219446 0.00210407 
0.0023536 0.0023829 0.00247772 0.00263925 0.00286913 0.00316959 0.00354346 0.00399402 0.00452502 0.0051405 0.00584478 0.00664229 0.00753749 0.00853472 0.00963809 0.0108513 0.0121776 0.0136196 0.015179 0.0168566 0.0186524 0.0205649 0.0225917 0.0247288 0.0269709 0.0293113 0.0317419 0.034253 0.0368337 0.0394714 0.0421526 0.0448624 0.0475847 0.0503029 0.0529993 0.0556558 0.0582538 0.0607746 0.0631996 0.0655104 0.0676892 0.0697187 0.0715828 0.0732661 0.074755 0.076037 0.0771013 0.077939 0.078543 0.0789082 0.0790315 0.0789117 0.0785501 0.0779497 0.0771156 0.0760551 0.0747771 0.0732923 0.0716132 0.0697535 0.0677286 0.0655545 0.0632485 0.0608284 0.0583126 0.0557197 0.0530682 0.0503768 0.0476635 0.0449457 0.0422404 0.0395634 0.0369294 0.0343522 0.031844 0.0294158 0.0270772 0.0248364 0.0226999 0.0206732 0.0187601 0.0169631 0.0152835 0.0137217 0.0122767 0.0109467 0.00972937 0.00862139 0.0076191 0.00671845 0.00591514 0.00520476 0.00458292 0.00404536 0.00358804 0.00320729 0.00289983 0.0026629 0.00249426 0.00239248 
0.00268413 0.00271751 0.00282504 0.00300804 0.0032683 0.00360831 0.00403118 0.00454054 0.0051405 0.00583553 0.00663035 0.00752981 0.00853878 0.00966199 0.0109039 0.0122684 0.013759 0.0153785 0.0171284 0.0190097 0.0210219 0.0231634 0.025431 0.0278203 0.0303251 0.0329379 0.0356493 0.0384485 0.0413232 0.0442595 0.0472421 0.0502546 0.0532791 0.056297 0.059289 0.062235 0.0651145 0.067907 0.070592 0.0731495 0.0755597 0.0778038 0.0798642 0.0817242 0.0833688 0.0847843 0.0859592 0.0868837 0.08755 0.0879526 0.088088 0.0879552 0.0875553 0.0868917 0.0859701 0.0847982 0.0833858 0.0817447 0.0798884 0.0778319 0.0755919 0.0731861 0.0706333 0.067953 0.0651655 0.0622911 0.0593504 0.0563637 0.0533509 0.0503315 0.0473241 0.0443462 0.0414143 0.0385437 0.0357481 0.0330398 0.0304297 0.0279268 0.0255389 0.023272 0.0211306 0.0191177 0.0172351 0.0154831 0.013861 0.0123671 0.0109986 0.00975231 0.00862414 0.00760972 0.00670439 0.00590333 0.00520175 0.00459495 0.00407853 0.00364842 0.00330102 0.00303328 0.00284274 0.0027278 
0.00306361 0.00310167 0.00322372 0.0034312 0.00372611 0.00411122 0.00458993 0.00516628 0.00584478 0.00663035 0.00752816 0.00854355 0.00968182 0.0109481 0.0123472 0.0138834 0.0155603 0.0173807 0.0193465 0.0214582 0.0237151 0.0261152 0.0286548 0.0313286 0.0341297 0.0370493 0.0400769 0.0432004 0.0464058 0.0496775 0.0529987 0.0563508 0.0597142 0.0630682 0.0663913 0.0696614 0.072856 0.0759525 0.0789282 0.0817612 0.0844299 0.0869137 0.0891932 0.0912503 0.0930685 0.0946331 0.0959313 0.0969524 0.0976881 0.0981323 0.0982813 0.0981339 0.0976913 0.0969573 0.0959381 0.094642 0.0930798 0.0912642 0.0892101 0.0869339 0.0844537 0.081789 0.0789604 0.0759893 0.0728978 0.0697084 0.0664437 0.0631261 0.0597777 0.0564199 0.0530733 0.0497576 0.0464909 0.0432904 0.0401714 0.0371477 0.0342316 0.0314333 0.0287617 0.0262236 0.0238243 0.0215674 0.019455 0.0174877 0.0156651 0.0139853 0.0124455 0.0110421 0.00977102 0.00862735 0.00760605 0.00670187 0.00590955 0.00522396 0.00464024 0.00415391 0.00376101 0.00345816 0.00324266 0.00311274 
0.00349485 0.00353821 0.00367665 0.00391177 0.0042458 0.00468177 0.00522346 0.00587531 0.00664229 0.00752981 0.00854355 0.00968934 0.010973 0.0124 0.0139756 0.0157043 0.0175901 0.0196358 0.0218432 0.0242126 0.0267432 0.0294323 0.0322755 0.0352668 0.0383981 0.0416595 0.0450391 0.0485232 0.0520962 0.0557406 0.0594375 0.0631664 0.0669055 0.0706318 0.0743215 0.0779503 0.0814933 0.0849256 0.0882224 0.0913596 0.0943135 0.0970617 0.0995828 0.101857 0.103867 0.105595 0.107029 0.108157 0.108969 0.109459 0.109623 0.109459 0.10897 0.108158 0.107031 0.105599 0.103871 0.101864 0.0995914 0.0970729 0.0943278 0.0913774 0.0882442 0.0849517 0.0815243 0.0779865 0.0743633 0.0706794 0.0669591 0.0632261 0.0595034 0.0558125 0.052174 0.0486067 0.0451279 0.0417532 0.0384961 0.0353686 0.0323804 0.0295396 0.0268522 0.0243224 0.021953 0.0197448 0.0176975 0.0158092 0.0140772 0.0124977 0.011066 0.00977706 0.00862536 0.00760517 0.00671072 0.0059364 0.00527685 0.00472717 0.00428298 0.00394055 0.00369691 0.0035501 
0.0039807 0.00403 0.00418679 0.00445284 0.00483061 0.00532345 0.00593553 0.00667171 0.00753749 0.00853878 0.00968182 0.010973 0.0124185 0.0140244 0.0157964 0.0177392 0.0198571 0.0221528 0.0246282 0.0272833 0.030117 0.0331258 0.0363048 0.0396469 0.0431428 0.0467813 0.050549 0.0544303 0.0584079 0.0624623 0.0665722 0.0707149 0.0748662 0.0790008 0.0830923 0.0871139 0.0910382 0.0948379 0.0984858 0.101955 0.105221 0.108257 0.111042 0.113553 0.115771 0.117679 0.119261 0.120504 0.1214 0.12194 0.12212 0.121939 0.121398 0.120502 0.119258 0.117676 0.115769 0.113551 0.111041 0.108258 0.105224 0.101962 0.0984956 0.0948518 0.0910568 0.0871377 0.0831218 0.0790363 0.0749081 0.0707634 0.0666275 0.0625244 0.0584768 0.0545058 0.0506307 0.0468689 0.0432358 0.0397447 0.0364068 0.0332312 0.0302249 0.027393 0.0247387 0.0222632 0.0199665 0.0178468 0.0159012 0.0141256 0.0125152 0.0110646 0.00976755 0.00861801 0.00760964 0.00673628 0.00599209 0.00537165 0.00487016 0.00448352 0.00420843 0.00404277 
0.00452397 0.00457989 0.00475707 0.00505747 0.00548379 0.00603971 0.00672983 0.0075595 0.00853472 0.00966199 0.0109481 0.0124 0.0140244 0.015828 0.0178166 0.0199956 0.0223691 0.0249402 0.0277104 0.0306797 0.0338463 0.0372061 0.0407534 0.0444798 0.048375 0.052426 0.0566179 0.0609332 0.0653523 0.0698536 0.0744135 0.0790067 0.0836066 0.088185 0.0927129 0.0971609 0.101499 0.105697 0.109725 0.113554 0.117157 0.120506 0.123575 0.126342 0.128786 0.130887 0.132628 0.133997 0.134982 0.135575 0.135773 0.135573 0.134977 0.13399 0.132619 0.130876 0.128775 0.126331 0.123564 0.120495 0.117148 0.113548 0.109721 0.105697 0.101503 0.0971705 0.0927283 0.0882066 0.083635 0.0790423 0.0744564 0.0699041 0.0654104 0.0609989 0.0566909 0.052506 0.0484615 0.0445723 0.0408511 0.0373083 0.0339521 0.0307884 0.0278208 0.0250514 0.0224801 0.0201054 0.0179242 0.0159324 0.0141247 0.0124953 0.0110377 0.00974503 0.00861057 0.00762757 0.0067896 0.00609076 0.00552575 0.00509009 0.00478014 0.00459357 
0.0051274 0.00519064 0.00539032 0.00572859 0.00620841 0.00683384 0.0076099 0.00854246 0.00963809 0.0109039 0.0123472 0.0139756 0.0157964 0.0178166 0.0200428 0.0224803 0.0251335 0.0280056 0.0310979 0.0344101 0.0379396 0.041682 0.0456301 0.0497746 0.0541036 0.0586026 0.0632547 0.0680403 0.0729375 0.0779225 0.0829689 0.0880488 0.0931327 0.0981897 0.103188 0.108095 0.112878 0.117504 0.121941 0.126157 0.130121 0.133805 0.13718 0.140222 0.142906 0.145214 0.147126 0.148629 0.14971 0.150361 0.150577 0.150357 0.149702 0.148617 0.147111 0.145196 0.142886 0.1402 0.137157 0.133782 0.130099 0.126136 0.121922 0.117489 0.112867 0.108089 0.103187 0.0981956 0.0931456 0.0880694 0.0829975 0.0779595 0.0729831 0.0680943 0.0633172 0.0586733 0.054182 0.0498601 0.0457221 0.0417797 0.0380422 0.0345166 0.0312073 0.0281167 0.0252453 0.0225916 0.0201526 0.0179238 0.0158998 0.0140744 0.0124404 0.0109906 0.00971756 0.00861399 0.00767287 0.00688773 0.00625281 0.00576317 0.00541485 0.00520527 
0.00579356 0.00586484 0.00608919 0.00646895 0.00700737 0.00770888 0.00857898 0.00962408 0.0108513 0.0122684 0.0138834 0.0157043 0.0177392 0.0199956 0.0224803 0.025199 0.0281563 0.0313553 0.0347972 0.038481 0.0424038 0.04656 0.0509416 0.0555378 0.0603351 0.0653172 0.070465 0.0757568 0.0811684 0.0866729 0.0922416 0.0978435 0.103446 0.109016 0.114517 0.119915 0.125173 0.130257 0.135129 0.139757 0.144107 0.148147 0.151847 0.15518 0.158122 0.160649 0.162743 0.164388 0.165571 0.166283 0.166519 0.166277 0.165559 0.164371 0.162721 0.160623 0.158091 0.155147 0.151811 0.14811 0.144069 0.13972 0.135094 0.130224 0.125144 0.119891 0.114499 0.109004 0.103442 0.0978471 0.0922539 0.0866944 0.0811993 0.0757973 0.0705151 0.0653766 0.0604036 0.0556148 0.0510264 0.0466519 0.0425018 0.0385842 0.0349044 0.0314654 0.0282681 0.0253112 0.0225917 0.020105 0.0178455 0.0158063 0.0139799 0.0123586 0.0109343 0.00969894 0.00864507 0.00776558 0.00705418 0.00650549 0.00611518 0.00588043 
0.00652474 0.00660482 0.00685605 0.007281 0.00788321 0.00866753 0.00963993 0.0108074 0.0121776 0.013759 0.0155603 0.0175901 0.0198571 0.0223691 0.0251335 0.0281563 0.0314422 0.0349941 0.0388128 0.0428972 0.0472433 0.0518447 0.0566921 0.0617732 0.0670727 0.0725723 0.0782509 0.0840841 0.090045 0.0961042 0.10223 0.108388 0.114543 0.120657 0.126693 0.132612 0.138375 0.143943 0.149277 0.154341 0.159098 0.163515 0.167558 0.1712 0.174412 0.177171 0.179457 0.181251 0.182542 0.183319 0.183575 0.183311 0.182527 0.181229 0.179427 0.177136 0.174371 0.171154 0.167509 0.163463 0.159045 0.154287 0.149224 0.143891 0.138327 0.132568 0.126655 0.120626 0.114519 0.108372 0.102224 0.096108 0.0900592 0.0841089 0.0782865 0.0726186 0.0671293 0.0618398 0.056768 0.0519291 0.0473352 0.0429956 0.0389166 0.035102 0.0315529 0.0282685 0.0252458 0.0224801 0.0199655 0.0176947 0.0156598 0.0138524 0.0122638 0.0108854 0.009709 0.00872694 0.00793238 0.00731947 0.00688349 0.00662138 
0.00732292 0.00741256 0.00769292 0.00816682 0.0088381 0.00971202 0.0107951 0.0120948 0.0136196 0.0153785 0.0173807 0.0196358 0.0221528 0.0249402 0.0280056 0.0313553 0.0349941 0.0389246 0.0431476 0.0476609 0.0524601 0.0575375 0.0628824 0.0684809 0.0743159 0.0803667 0.0866099 0.0930186 0.0995629 0.106211 0.112926 0.119673 0.126412 0.133103 0.139703 0.146172 0.152466 0.158544 0.164364 0.169887 0.175072 0.179884 0.184288 0.188253 0.191749 0.194751 0.197237 0.199188 0.200591 0.201435 0.201714 0.201426 0.200572 0.19916 0.1972 0.194706 0.191696 0.188194 0.184224 0.179816 0.175001 0.169814 0.164291 0.158472 0.152397 0.146107 0.139643 0.133049 0.126367 0.119637 0.1129 0.106195 0.0995583 0.0930257 0.086629 0.0803978 0.0743587 0.0685352 0.0629475 0.0576127 0.0525444 0.0477532 0.0432466 0.0390291 0.0351026 0.0314664 0.0281178 0.025052 0.0222628 0.0197425 0.0174828 0.0154746 0.0137087 0.0121757 0.0108669 0.00977401 0.00888953 0.00820716 0.00772179 0.00743008 
0.00818965 0.00828961 0.00860138 0.00912801 0.00987367 0.010844 0.0120461 0.0134881 0.015179 0.0171284 0.0193465 0.0218432 0.0246282 0.0277104 0.0310979 0.0347972 0.0388128 0.0431476 0.0478014 0.0527718 0.0580532 0.0636367 0.06951 0.0756575 0.08206 0.0886946 0.095535 0.102552 0.109712 0.11698 0.124318 0.131684 0.139037 0.146333 0.153526 0.160571 0.167422 0.174033 0.180362 0.186363 0.191995 0.19722 0.202 0.206301 0.210092 0.213347 0.216042 0.218157 0.219677 0.220591 0.220893 0.22058 0.219654 0.218123 0.215997 0.213292 0.210028 0.206228 0.20192 0.197135 0.191906 0.18627 0.180268 0.17394 0.16733 0.160482 0.153442 0.146256 0.138968 0.131625 0.124268 0.116942 0.109686 0.102539 0.0955354 0.0887083 0.082087 0.0756975 0.0695624 0.0637007 0.058128 0.0528563 0.0478942 0.0432472 0.0389179 0.0349061 0.0312091 0.0278222 0.0247389 0.0219513 0.0194505 0.0172269 0.0152706 0.0135717 0.0121206 0.0109084 0.00992722 0.00917013 0.00863162 0.00830809 
0.00912598 0.00923703 0.00958249 0.0101656 0.0109909 0.0120646 0.0133941 0.0149882 0.0168566 0.0190097 0.0214582 0.0242126 0.0272833 0.0306797 0.0344101 0.038481 0.0428972 0.0476609 0.0527718 0.0582265 0.0640182 0.0701368 0.0765683 0.0832952 0.0902959 0.0975451 0.105014 0.11267 0.120476 0.128395 0.136384 0.144399 0.152394 0.160321 0.168132 0.175777 0.183208 0.190375 0.197231 0.203729 0.209826 0.215478 0.220647 0.225297 0.229394 0.232911 0.235821 0.238105 0.239746 0.240733 0.241057 0.240719 0.239718 0.238064 0.235767 0.232845 0.229317 0.22521 0.220551 0.215375 0.209716 0.203616 0.197115 0.190258 0.183092 0.175664 0.168023 0.160219 0.152299 0.144314 0.13631 0.128333 0.120428 0.112635 0.104994 0.0975395 0.090305 0.0833189 0.0766061 0.0701879 0.0640818 0.0583014 0.0528568 0.0477544 0.0429976 0.0385866 0.0345191 0.0307905 0.027394 0.0243215 0.0215636 0.01911 0.0169504 0.015074 0.0134708 0.0121311 0.0110465 0.0102094 0.00961402 0.00925644 
0.0101324 0.0102553 0.0106367 0.0112801 0.0121903 0.0133739 0.0148391 0.0165951 0.0186524 0.0210219 0.0237151 0.0267432 0.030117 0.0338463 0.0379396 0.0424038 0.0472433 0.0524601 0.0580532 0.0640182 0.0703473 0.0770287 0.0840467 0.0913817 0.0990096 0.106903 0.115029 0.123352 0.131834 0.140431 0.149098 0.157787 0.166449 0.175032 0.183484 0.191751 0.199782 0.207523 0.214924 0.221936 0.228511 0.234604 0.240174 0.245182 0.249595 0.25338 0.256512 0.258969 0.260734 0.261795 0.262144 0.261779 0.260702 0.258922 0.256449 0.253303 0.249505 0.24508 0.240061 0.234482 0.228381 0.221801 0.214785 0.207382 0.199641 0.191612 0.183349 0.174903 0.166328 0.157676 0.148997 0.140343 0.13176 0.123293 0.114985 0.106875 0.0989987 0.091387 0.0840679 0.077065 0.0703979 0.0640819 0.0581287 0.0525458 0.0473375 0.0425047 0.0380454 0.033955 0.0302266 0.026852 0.0238211 0.0211234 0.0187477 0.0166828 0.0149177 0.0134424 0.0122476 0.0113254 0.0106694 0.0102756 
0.0112086 0.0113442 0.0117637 0.012471 0.0134713 0.0147715 0.0163804 0.0183078 0.0205649 0.0231634 0.0261152 0.0294323 0.0331258 0.0372061 0.041682 0.04656 0.0518447 0.0575375 0.0636367 0.0701368 0.0770287 0.084299 0.09193 0.0998998 0.108182 0.116745 0.125556 0.134573 0.143755 0.153056 0.162426 0.171813 0.181164 0.190424 0.199537 0.208445 0.217093 0.225424 0.233386 0.240924 0.247989 0.254534 0.260514 0.265889 0.270623 0.274683 0.278041 0.280676 0.282568 0.283704 0.284078 0.283686 0.282531 0.280621 0.27797 0.274595 0.27052 0.265772 0.260384 0.254393 0.247839 0.240766 0.233223 0.225258 0.216925 0.208279 0.199374 0.190267 0.181014 0.171673 0.162297 0.15294 0.143654 0.134488 0.125487 0.116695 0.108149 0.0998848 0.0919326 0.0843186 0.0770644 0.0701875 0.063701 0.0576139 0.0519314 0.046655 0.0417832 0.0373117 0.0332335 0.0295401 0.0262211 0.0232654 0.0206613 0.0183969 0.0164605 0.0148415 0.01353 0.0125176 0.0117976 0.0113653 
0.0123539 0.0125027 0.0129626 0.0137373 0.0148325 0.0162557 0.0180161 0.0201242 0.0225917 0.025431 0.0286548 0.0322755 0.0363048 0.0407534 0.0456301 0.0509416 0.0566921 0.0628824 0.06951 0.0765683 0.0840467 0.09193 0.100199 0.108828 0.117788 0.127047 0.136565 0.1463 0.156206 0.166232 0.176326 0.186431 0.196491 0.206446 0.216236 0.225801 0.23508 0.244015 0.252548 0.260623 0.268188 0.275193 0.28159 0.287339 0.292399 0.296738 0.300326 0.30314 0.305161 0.306374 0.306773 0.306354 0.30512 0.303079 0.300246 0.296639 0.292283 0.287206 0.281443 0.275033 0.268017 0.260443 0.252361 0.243823 0.234886 0.225606 0.216044 0.206259 0.196311 0.186261 0.176167 0.166087 0.156076 0.146187 0.13647 0.126971 0.117732 0.10879 0.100181 0.091931 0.0840657 0.0766043 0.0695615 0.0629479 0.0567696 0.0510292 0.0457256 0.0408546 0.0364095 0.0323814 0.0287598 0.0255329 0.0226885 0.0202141 0.0180974 0.016327 0.0148926 0.0137851 0.0129974 0.0125247 
0.0135664 0.0137293 0.0142314 0.015077 0.016272 0.0178242 0.0197434 0.0220408 0.0247288 0.0278203 0.0313286 0.0352668 0.0396469 0.0444798 0.0497746 0.0555378 0.0617732 0.0684809 0.0756575 0.0832952 0.0913817 0.0998998 0.108828 0.118138 0.1278 0.137774 0.148021 0.158494 0.169143 0.179914 0.190749 0.20159 0.212374 0.223039 0.23352 0.243753 0.253675 0.263223 0.272337 0.280957 0.289028 0.296498 0.303318 0.309443 0.314833 0.319454 0.323274 0.326269 0.328419 0.32971 0.330134 0.329687 0.328374 0.326201 0.323185 0.319344 0.314704 0.309295 0.303153 0.296319 0.288836 0.280753 0.272124 0.263005 0.253453 0.24353 0.233298 0.222821 0.212164 0.201389 0.19056 0.179738 0.168983 0.158352 0.147898 0.137671 0.127717 0.118077 0.108787 0.0998803 0.0913822 0.0833147 0.0756946 0.0685339 0.0618402 0.0556167 0.0498631 0.0445756 0.0397475 0.0353699 0.0314318 0.0279213 0.0248254 0.022131 0.0198254 0.0178964 0.016333 0.0151258 0.0142672 0.013752 
0.0148436 0.0150213 0.0155677 0.0164873 0.0177863 0.0194732 0.0215583 0.0240532 0.0269709 0.0303251 0.0341297 0.0383981 0.0431428 0.048375 0.0541036 0.0603351 0.0670727 0.0743159 0.08206 0.0902959 0.0990096 0.108182 0.117788 0.1278 0.13818 0.14889 0.159883 0.171111 0.18252 0.19405 0.205642 0.217231 0.228751 0.240136 0.251318 0.262229 0.272801 0.282968 0.292668 0.301837 0.310419 0.318357 0.325601 0.332105 0.337827 0.34273 0.346783 0.349959 0.352239 0.353608 0.354056 0.353583 0.352189 0.349885 0.346685 0.342609 0.337685 0.331943 0.32542 0.318158 0.310205 0.301611 0.292431 0.282724 0.272551 0.261976 0.251066 0.239888 0.228509 0.216997 0.20542 0.193842 0.182328 0.170938 0.15973 0.148757 0.13807 0.127712 0.117724 0.10814 0.09899 0.0902973 0.082081 0.0743548 0.0671276 0.0604039 0.0541838 0.0484641 0.0432383 0.0384973 0.0342302 0.0304244 0.0270666 0.0241431 0.0216404 0.0195459 0.017848 0.0165368 0.0156041 0.0150447 
0.0161822 0.0163752 0.0169676 0.0179642 0.0193715 0.0211983 0.0234554 0.0261553 0.0293113 0.0329379 0.0370493 0.0416595 0.0467813 0.052426 0.0586026 0.0653172 0.0725723 0.0803667 0.0886946 0.0975451 0.106903 0.116745 0.127047 0.137774 0.14889 0.160349 0.172104 0.1841 0.19628 0.208582 0.22094 0.233287 0.245552 0.257665 0.269554 0.281146 0.292372 0.303163 0.31345 0.32317 0.332263 0.340669 0.348338 0.35522 0.361273 0.366457 0.370742 0.374099 0.376508 0.377954 0.378428 0.377927 0.376454 0.374019 0.370636 0.366326 0.361118 0.355043 0.34814 0.340452 0.332028 0.322922 0.313189 0.302892 0.292095 0.280865 0.269271 0.257385 0.245277 0.23302 0.220685 0.208341 0.196056 0.183895 0.171919 0.160187 0.148751 0.13766 0.126957 0.11668 0.106861 0.0975268 0.088698 0.0803902 0.0726138 0.0653744 0.0586732 0.0525073 0.0468705 0.0417539 0.0371463 0.0330347 0.0294055 0.0262443 0.0235373 0.021271 0.0194335 0.0180142 0.0170046 0.0163992 
0.0175779 0.0177868 0.0184268 0.019503 0.0210221 0.0229935 0.0254285 0.0283399 0.0317419 0.0356493 0.0400769 0.0450391 0.050549 0.0566179 0.0632547 0.070465 0.0782509 0.0866099 0.095535 0.105014 0.115029 0.125556 0.136565 0.148021 0.159883 0.172104 0.18463 0.197404 0.210365 0.223445 0.236577 0.249686 0.262701 0.275544 0.288142 0.300418 0.312299 0.323711 0.334586 0.344855 0.354456 0.363329 0.371419 0.378676 0.385057 0.390521 0.395035 0.398571 0.401109 0.402631 0.40313 0.402602 0.401051 0.398485 0.394921 0.39038 0.38489 0.378486 0.371205 0.363094 0.354202 0.344584 0.3343 0.323415 0.311994 0.300108 0.287829 0.275233 0.262393 0.249387 0.236288 0.223171 0.210107 0.197166 0.184413 0.17191 0.159714 0.147878 0.136448 0.125465 0.114964 0.104974 0.0955194 0.0866164 0.0782775 0.0705095 0.0633144 0.0566902 0.0506309 0.0451278 0.0401695 0.0357429 0.0318338 0.0284275 0.0255095 0.023066 0.0210842 0.0195532 0.0184642 0.0178113 
0.0190254 0.0192507 0.0199398 0.0210978 0.022732 0.0248521 0.0274698 0.0305986 0.034253 0.0384485 0.0432004 0.0485232 0.0544303 0.0609332 0.0680403 0.0757568 0.0840841 0.0930186 0.102552 0.11267 0.123352 0.134573 0.1463 0.158494 0.171111 0.1841 0.197404 0.210962 0.224708 0.238571 0.252477 0.266352 0.280115 0.293689 0.306994 0.319951 0.332483 0.344513 0.35597 0.366783 0.376888 0.386221 0.394728 0.402356 0.40906 0.414799 0.41954 0.423252 0.425916 0.427514 0.428037 0.427483 0.425854 0.423161 0.419419 0.41465 0.408883 0.402153 0.394499 0.385969 0.376615 0.366491 0.355662 0.344192 0.332151 0.319612 0.306651 0.293346 0.279776 0.266019 0.252155 0.238262 0.224416 0.21069 0.197154 0.183874 0.170911 0.158321 0.146155 0.134456 0.123263 0.112608 0.102516 0.0930069 0.0840946 0.0757873 0.068088 0.0609954 0.054504 0.0486052 0.0432876 0.0385381 0.0343419 0.0306841 0.0275495 0.0249238 0.0227938 0.0211481 0.0199774 0.0192757 
0.0205187 0.0207608 0.0215001 0.0227419 0.0244939 0.026766 0.0295705 0.0329214 0.0368337 0.0413232 0.0464058 0.0520962 0.0584079 0.0653523 0.0729375 0.0811684 0.090045 0.0995629 0.109712 0.120476 0.131834 0.143755 0.156206 0.169143 0.18252 0.19628 0.210365 0.224708 0.239239 0.253883 0.268564 0.2832 0.297709 0.312008 0.326015 0.339646 0.352822 0.365463 0.377495 0.388844 0.399444 0.409231 0.418147 0.426138 0.433159 0.439168 0.444129 0.448015 0.450801 0.452473 0.453021 0.452441 0.450737 0.447918 0.444002 0.43901 0.432972 0.425922 0.417904 0.408963 0.399153 0.388532 0.377165 0.365118 0.352464 0.33928 0.325643 0.311634 0.297337 0.282834 0.268208 0.253541 0.238913 0.224401 0.210081 0.196021 0.182287 0.168939 0.156031 0.143611 0.131719 0.120391 0.109655 0.0995319 0.0900384 0.0811837 0.0729723 0.0654034 0.0584723 0.0521705 0.0464869 0.041408 0.036919 0.0330043 0.0296484 0.0268365 0.024555 0.0227919 0.0215378 0.0207862 
0.0220507 0.02231 0.0231004 0.0244276 0.0262994 0.0287262 0.0317206 0.0352972 0.0394714 0.0442595 0.0496775 0.0557406 0.0624623 0.0698536 0.0779225 0.0866729 0.0961042 0.106211 0.11698 0.128395 0.140431 0.153056 0.166232 0.179914 0.19405 0.208582 0.223445 0.238571 0.253883 0.269305 0.284753 0.300143 0.31539 0.330406 0.345105 0.359401 0.373211 0.386452 0.399047 0.410922 0.422006 0.432236 0.441551 0.449897 0.457227 0.463498 0.468675 0.472728 0.475634 0.477378 0.477949 0.477344 0.475567 0.472627 0.468541 0.463333 0.45703 0.449671 0.441296 0.431954 0.421699 0.410591 0.398696 0.386084 0.372828 0.359008 0.344705 0.330003 0.314987 0.299745 0.284364 0.268928 0.253523 0.23823 0.223127 0.208289 0.193785 0.179679 0.166027 0.152883 0.140289 0.128285 0.1169 0.106159 0.0960794 0.0866722 0.0779431 0.0698926 0.0625164 0.0558065 0.0497518 0.0443388 0.0395525 0.0353769 0.0317962 0.0287951 0.0263595 0.0244771 0.023138 0.0223356 
0.0236136 0.0238903 0.0247325 0.0261461 0.0281392 0.0307225 0.0339091 0.0377138 0.0421526 0.0472421 0.0529987 0.0594375 0.0665722 0.0744135 0.0829689 0.0922416 0.10223 0.112926 0.124318 0.136384 0.149098 0.162426 0.176326 0.190749 0.205642 0.22094 0.236577 0.252477 0.268564 0.284753 0.300959 0.317093 0.333066 0.348786 0.364164 0.379111 0.39354 0.407368 0.420512 0.432899 0.444455 0.455115 0.464817 0.473507 0.481136 0.48766 0.493045 0.49726 0.500283 0.502096 0.502689 0.502061 0.500213 0.497156 0.492907 0.487489 0.480931 0.473271 0.46455 0.454819 0.444132 0.432552 0.420143 0.406979 0.393135 0.378693 0.363737 0.348354 0.332633 0.316664 0.300537 0.284343 0.26817 0.252103 0.236225 0.220614 0.205344 0.190483 0.176091 0.162224 0.148929 0.136248 0.124214 0.112854 0.102186 0.0922239 0.0829747 0.0744396 0.0666154 0.0594942 0.0530654 0.0473153 0.0422288 0.0377898 0.0339819 0.0307894 0.028198 0.0261949 0.0247699 0.0239162 
0.0251988 0.0254931 0.0263874 0.027888 0.0300031 0.0327439 0.0361236 0.0401577 0.0448624 0.0502546 0.0563508 0.0631664 0.0707149 0.0790067 0.0880488 0.0978435 0.108388 0.119673 0.131684 0.144399 0.157787 0.171813 0.186431 0.20159 0.217231 0.233287 0.249686 0.266352 0.2832 0.300143 0.317093 0.333956 0.350639 0.367047 0.383088 0.398669 0.413701 0.428097 0.441775 0.454657 0.466669 0.477744 0.48782 0.496841 0.504757 0.511526 0.517111 0.521481 0.524615 0.526494 0.52711 0.526459 0.524543 0.521374 0.516968 0.511349 0.504546 0.496596 0.487543 0.477437 0.466333 0.454294 0.441388 0.427689 0.413275 0.398228 0.382636 0.366588 0.350177 0.333497 0.31664 0.299701 0.282772 0.265943 0.249301 0.232928 0.216901 0.201292 0.186166 0.171582 0.157591 0.144238 0.131557 0.119579 0.108324 0.0978081 0.088039 0.0790193 0.0707464 0.0632133 0.0564093 0.050321 0.0449332 0.0402295 0.0361933 0.0328085 0.0300604 0.0279359 0.0264244 0.025519 
0.0267969 0.0271088 0.0280553 0.029643 0.0318802 0.0347784 0.0383513 0.0426145 0.0475847 0.0532791 0.0597142 0.0669055 0.0748662 0.0836066 0.0931327 0.103446 0.114543 0.126412 0.139037 0.152394 0.166449 0.181164 0.196491 0.212374 0.228751 0.245552 0.262701 0.280115 0.297709 0.31539 0.333066 0.350639 0.368013 0.38509 0.401773 0.417968 0.433583 0.448528 0.46272 0.476078 0.488528 0.500002 0.510436 0.519773 0.527965 0.534967 0.540742 0.545262 0.548501 0.550444 0.551081 0.550407 0.548428 0.545152 0.540597 0.534785 0.527748 0.519522 0.510151 0.499685 0.488181 0.475702 0.462318 0.448102 0.433137 0.417505 0.401297 0.384605 0.367524 0.350151 0.332582 0.314916 0.297249 0.279674 0.262283 0.24516 0.228389 0.212044 0.196195 0.180904 0.166226 0.152206 0.138886 0.126295 0.114459 0.103393 0.0931067 0.0836049 0.0748855 0.0669419 0.0597639 0.0533383 0.0476497 0.0426817 0.0384174 0.0348404 0.0319356 0.0296897 0.0280918 0.0271348 
0.0283979 0.0287273 0.0297258 0.0314 0.0337587 0.0368134 0.0405783 0.0450691 0.0503029 0.056297 0.0630682 0.0706318 0.0790008 0.088185 0.0981897 0.109016 0.120657 0.133103 0.146333 0.160321 0.175032 0.190424 0.206446 0.223039 0.240136 0.257665 0.275544 0.293689 0.312008 0.330406 0.348786 0.367047 0.38509 0.402812 0.420115 0.436901 0.453076 0.468548 0.483232 0.497046 0.509915 0.521768 0.532543 0.542182 0.550635 0.557858 0.563815 0.568475 0.571815 0.573818 0.574474 0.573781 0.57174 0.568364 0.563667 0.557673 0.550414 0.541925 0.532252 0.521443 0.509558 0.496659 0.482817 0.468107 0.452612 0.436419 0.419618 0.402304 0.384575 0.366532 0.348274 0.329903 0.311518 0.293217 0.275094 0.257241 0.239742 0.222678 0.20612 0.190135 0.174781 0.160107 0.146157 0.132963 0.120553 0.108943 0.0981472 0.0881687 0.0790073 0.0706573 0.0631087 0.0563486 0.0503616 0.0451313 0.0406404 0.0368725 0.033812 0.0314454 0.0297616 0.0287532 
0.0299911 0.0303379 0.0313878 0.0331476 0.0356262 0.0388356 0.0427899 0.0475055 0.0529993 0.059289 0.0663913 0.0743215 0.0830923 0.0927129 0.103188 0.114517 0.126693 0.139703 0.153526 0.168132 0.183484 0.199537 0.216236 0.23352 0.251318 0.269554 0.288142 0.306994 0.326015 0.345105 0.364164 0.383088 0.401773 0.420115 0.438012 0.455363 0.472073 0.488048 0.5032 0.517448 0.530714 0.542927 0.554024 0.563948 0.572648 0.580079 0.586207 0.590999 0.594434 0.596494 0.597169 0.596456 0.594359 0.590887 0.586057 0.579893 0.572424 0.563688 0.553728 0.542596 0.530348 0.517051 0.502773 0.487593 0.471594 0.454863 0.437495 0.419585 0.401235 0.382547 0.363625 0.344573 0.325495 0.306491 0.287661 0.269099 0.250893 0.233128 0.21588 0.199219 0.183205 0.167892 0.153326 0.139541 0.126568 0.114426 0.103129 0.0926818 0.0830858 0.0743358 0.0664223 0.0593325 0.0530514 0.0475623 0.042848 0.0388915 0.0356773 0.0331915 0.0314227 0.0303637 
0.0315656 0.0319294 0.0330298 0.0348736 0.03747 0.0408311 0.0449713 0.0499071 0.0556558 0.062235 0.0696614 0.0779503 0.0871139 0.0971609 0.108095 0.119915 0.132612 0.146172 0.160571 0.175777 0.191751 0.208445 0.225801 0.243753 0.262229 0.281146 0.300418 0.319951 0.339646 0.359401 0.379111 0.398669 0.417968 0.436901 0.455363 0.473252 0.49047 0.506921 0.522517 0.537173 0.550813 0.563366 0.574766 0.584957 0.593888 0.601515 0.607802 0.612719 0.616242 0.618355 0.619047 0.618317 0.616167 0.612606 0.607652 0.601328 0.593663 0.584694 0.574466 0.56303 0.550442 0.536768 0.52208 0.506455 0.489977 0.472737 0.454829 0.436352 0.417409 0.398105 0.378547 0.358843 0.339098 0.31942 0.299908 0.280662 0.261774 0.243332 0.225416 0.208099 0.191445 0.175512 0.160346 0.145988 0.132466 0.119805 0.108019 0.0971147 0.0870942 0.0779531 0.0696826 0.0622702 0.0557011 0.0499584 0.0450249 0.0408837 0.0375187 0.0349159 0.0330639 0.0319551 
0.03311 0.0334904 0.03464 0.0365658 0.0392769 0.0427857 0.0471069 0.0522571 0.0582538 0.0651145 0.072856 0.0814933 0.0910382 0.101499 0.112878 0.125173 0.138375 0.152466 0.167422 0.183208 0.199782 0.217093 0.23508 0.253675 0.272801 0.292372 0.312299 0.332483 0.352822 0.373211 0.39354 0.413701 0.433583 0.453076 0.472073 0.49047 0.508166 0.525065 0.541077 0.556118 0.570108 0.582978 0.594661 0.605101 0.614248 0.622057 0.628492 0.633524 0.637129 0.639291 0.64 0.639253 0.637054 0.633411 0.628342 0.621869 0.614022 0.604837 0.594359 0.582639 0.569733 0.555707 0.540633 0.52459 0.507662 0.489941 0.471523 0.452509 0.433004 0.413115 0.392953 0.372627 0.352248 0.331924 0.31176 0.291859 0.272317 0.253225 0.234667 0.216719 0.19945 0.182918 0.167174 0.15226 0.138209 0.125045 0.112785 0.101438 0.0910053 0.0814845 0.0728673 0.0651414 0.0582921 0.0523027 0.047156 0.0428348 0.039323 0.0366063 0.0346731 0.0335159 
0.0346127 0.0350093 0.0362065 0.0382114 0.0410335 0.0446851 0.0491813 0.0545385 0.0607746 0.067907 0.0759525 0.0849256 0.0948379 0.105697 0.117504 0.130257 0.143943 0.158544 0.174033 0.190375 0.207523 0.225424 0.244015 0.263223 0.282968 0.303163 0.323711 0.344513 0.365463 0.386452 0.407368 0.428097 0.448528 0.468548 0.488048 0.506921 0.525065 0.542383 0.558784 0.574182 0.588498 0.601662 0.613608 0.624279 0.633624 0.641601 0.648173 0.653311 0.656992 0.659199 0.659924 0.659162 0.656918 0.6532 0.648024 0.641414 0.633399 0.624015 0.613306 0.601321 0.58812 0.573767 0.558334 0.5419 0.524552 0.506381 0.487485 0.467966 0.447932 0.427492 0.406759 0.385846 0.364865 0.343929 0.323147 0.302623 0.282458 0.262747 0.243576 0.225025 0.207166 0.190061 0.173763 0.158316 0.143757 0.13011 0.117395 0.105621 0.0947918 0.0849054 0.0759538 0.0679255 0.0608058 0.0545784 0.0492257 0.0447306 0.0410769 0.0382502 0.0362386 0.0350345 
0.0360622 0.0364743 0.0377171 0.039798 0.0427264 0.046515 0.0511787 0.0567343 0.0631996 0.070592 0.0789282 0.0882224 0.0984858 0.109725 0.121941 0.135129 0.149277 0.164364 0.180362 0.197231 0.214924 0.233386 0.252548 0.272337 0.292668 0.31345 0.334586 0.35597 0.377495 0.399047 0.420512 0.441775 0.46272 0.483232 0.5032 0.522517 0.541077 0.558784 0.575544 0.591273 0.60589 0.619325 0.631512 0.642395 0.651923 0.660054 0.666751 0.671986 0.675736 0.677985 0.678724 0.677949 0.675663 0.671876 0.666604 0.659869 0.6517 0.642133 0.631211 0.618984 0.605511 0.590855 0.57509 0.558295 0.540557 0.521967 0.502626 0.482636 0.462108 0.441153 0.419885 0.39842 0.376874 0.355363 0.333997 0.312885 0.292132 0.271834 0.252083 0.232961 0.214543 0.196893 0.180069 0.164116 0.149072 0.134965 0.121815 0.109635 0.0984269 0.088191 0.0789198 0.0706022 0.0632239 0.0567684 0.0512185 0.0465569 0.0427672 0.0398349 0.0377481 0.0364991 
0.037447 0.0378737 0.03916 0.041313 0.0443425 0.048261 0.0530838 0.0588277 0.0655104 0.0731495 0.0817612 0.0913596 0.101955 0.113554 0.126157 0.139757 0.154341 0.169887 0.186363 0.203729 0.221936 0.240924 0.260623 0.280957 0.301837 0.32317 0.344855 0.366783 0.388844 0.410922 0.432899 0.454657 0.476078 0.497046 0.517448 0.537173 0.556118 0.574182 0.591273 0.607304 0.622197 0.63588 0.648287 0.659363 0.669058 0.677328 0.684139 0.689462 0.693275 0.695562 0.696313 0.695526 0.693203 0.689354 0.683994 0.677145 0.668836 0.659103 0.647987 0.63554 0.621818 0.606886 0.590816 0.573689 0.555591 0.536616 0.516863 0.496439 0.475453 0.454019 0.432254 0.410276 0.388204 0.366154 0.344243 0.322582 0.301278 0.280431 0.260135 0.240476 0.221532 0.20337 0.186049 0.169618 0.154117 0.139576 0.126016 0.11345 0.101884 0.0913172 0.0817433 0.0731515 0.0655278 0.0588561 0.0531191 0.0482993 0.0443805 0.0413481 0.0391899 0.0378983 
0.0387557 0.0391963 0.0405233 0.0427442 0.0458686 0.0499094 0.0548816 0.0608023 0.0676892 0.0755597 0.0844299 0.0943135 0.105221 0.117157 0.130121 0.144107 0.159098 0.175072 0.191995 0.209826 0.228511 0.247989 0.268188 0.289028 0.310419 0.332263 0.354456 0.376888 0.399444 0.422006 0.444455 0.466669 0.488528 0.509915 0.530714 0.550813 0.570108 0.588498 0.60589 0.622197 0.63734 0.651247 0.663854 0.675104 0.684949 0.693345 0.700259 0.705661 0.70953 0.711851 0.712613 0.711815 0.709459 0.705555 0.700116 0.693165 0.68473 0.674847 0.663556 0.650909 0.636962 0.621779 0.605433 0.588003 0.569578 0.55025 0.530121 0.509298 0.487892 0.466018 0.443795 0.421344 0.398785 0.376239 0.353824 0.331653 0.309837 0.28848 0.267678 0.247519 0.228085 0.209446 0.191662 0.174785 0.158857 0.14391 0.129965 0.117039 0.105138 0.0942606 0.0844028 0.0755538 0.0677 0.0608252 0.0549124 0.0499441 0.045904 0.0427774 0.0405522 0.0392205 
