0.00303721 0.00306497 0.00315496 0.00330793 0.00352473 0.00380658 0.00415493 0.0045715 0.00505819 0.00561705 0.00625017 0.00695967 0.00774757 0.00861575 0.00956586 0.0105992 0.0117168 0.012919 0.0142056 0.0155761 0.0170289 0.0185618 0.0201718 0.021855 0.0236067 0.0254213 0.0272921 0.0292117 0.0311719 0.0331634 0.0351764 0.0372003 0.0392237 0.041235 0.043222 0.0451722 0.0470728 0.0489112 0.0506747 0.0523509 0.0539277 0.0553936 0.0567376 0.0579496 0.0590202 0.0599413 0.0607055 0.0613069 0.0617407 0.0620036 0.0620933 0.0620092 0.0617521 0.0613239 0.0607282 0.0599697 0.0590543 0.0579893 0.0567829 0.0554445 0.0539841 0.0524127 0.0507419 0.0489835 0.0471502 0.0452544 0.0433089 0.0413263 0.039319 0.0372993 0.0352789 0.0332689 0.03128 0.029322 0.027404 0.0255343 0.0237205 0.0219689 0.0202852 0.0186743 0.0171399 0.0156851 0.0143121 0.0130224 0.0118167 0.0106952 0.00965742 0.00870251 0.00782915 0.00703575 0.00632044 0.00568124 0.00511606 0.00462284 0.00419958 0.00384439 0.00355561 0.00333178 0.00317173 0.00307482 
0.00306497 0.003093 0.00318383 0.0033382 0.00355699 0.0038414 0.00419292 0.00461326 0.00510435 0.00566824 0.00630704 0.00702287 0.00781779 0.00869367 0.00965218 0.0106946 0.011822 0.0130346 0.0143325 0.0157148 0.01718 0.018726 0.0203497 0.0220472 0.0238136 0.0256433 0.0275297 0.0294652 0.0314415 0.0334494 0.0354788 0.037519 0.0395588 0.0415863 0.0435891 0.0455548 0.0474704 0.0493233 0.0511006 0.0527899 0.054379 0.0558563 0.0572107 0.058432 0.0595108 0.0604389 0.061209 0.061815 0.0622521 0.0625169 0.0626072 0.0625225 0.0622633 0.0618319 0.0612315 0.0604671 0.0595446 0.0584714 0.0572556 0.0559068 0.054435 0.0528514 0.0511674 0.0493952 0.0475474 0.0456366 0.0436756 0.0416771 0.0396537 0.0376177 0.0355809 0.0335546 0.0315493 0.0295752 0.0276414 0.0257562 0.0239272 0.0221609 0.0204631 0.0188385 0.017291 0.0158238 0.014439 0.0131381 0.011922 0.0107907 0.00974388 0.00878059 0.00789954 0.00709912 0.00637748 0.00573259 0.00516238 0.00466476 0.0042377 0.00387934 0.00358797 0.00336213 0.00320066 0.00310289 
0.00315496 0.00318383 0.00327723 0.00343591 0.00366076 0.00395303 0.0043142 0.00474605 0.00525053 0.00582971 0.00648575 0.00722082 0.00803697 0.00893612 0.00991994 0.0109898 0.0121465 0.0133906 0.0147219 0.0161396 0.0176421 0.0192271 0.0208916 0.0226313 0.0244415 0.0263162 0.0282487 0.0302312 0.0322551 0.0343111 0.0363888 0.0384774 0.0405651 0.04264 0.0446894 0.0467005 0.0486603 0.0505556 0.0523734 0.054101 0.055726 0.0572365 0.0586212 0.0598698 0.0609726 0.0619213 0.0627084 0.0633277 0.0637744 0.0640449 0.0641372 0.0640504 0.0637854 0.0633442 0.0627303 0.0619488 0.0610056 0.0599082 0.0586651 0.0572858 0.0557808 0.0541612 0.0524388 0.0506262 0.0487359 0.046781 0.0447745 0.0427295 0.0406588 0.0385749 0.0364898 0.0344152 0.032362 0.0303403 0.0283596 0.0264285 0.0245545 0.0227446 0.0210046 0.0193394 0.017753 0.0162486 0.0148285 0.0134943 0.0122468 0.0110861 0.010012 0.00902343 0.00811915 0.00729751 0.00655664 0.0058945 0.00530898 0.00479795 0.00435936 0.00399129 0.00369202 0.00346006 0.00329423 0.00319383 
0.00330793 0.0033382 0.00343591 0.00360182 0.00383686 0.0041423 0.00451969 0.00497083 0.00549774 0.00610256 0.0067875 0.00755476 0.00840646 0.00934454 0.0103707 0.0114863 0.0126922 0.0139888 0.0153759 0.0168526 0.0184173 0.0200674 0.0217997 0.02361 0.025493 0.0274426 0.0294518 0.0315124 0.0336156 0.0357515 0.0379096 0.0400783 0.0422458 0.0443994 0.0465261 0.0486127 0.0506455 0.0526112 0.0544962 0.0562873 0.0579718 0.0595373 0.0609723 0.0622661 0.0634087 0.0643915 0.0652067 0.0658481 0.0663107 0.0665907 0.066686 0.0665959 0.0663211 0.0658638 0.0652277 0.0644177 0.0634402 0.0623029 0.0610144 0.0595847 0.0580245 0.0563452 0.0545593 0.0526794 0.0507188 0.0486908 0.0466089 0.0444866 0.0423372 0.0401737 0.0380086 0.0358538 0.0337208 0.03162 0.0295614 0.0275537 0.0256051 0.0237225 0.0219122 0.0201793 0.0185279 0.0169615 0.0154826 0.0140927 0.0127928 0.0115831 0.0104633 0.00943246 0.0084893 0.00763215 0.0068591 0.00616806 0.00555688 0.00502337 0.00456543 0.00418109 0.00386856 0.00362634 0.00345318 0.00334838 
0.00352473 0.00355699 0.00366076 0.00383686 0.00408625 0.00441023 0.00481044 0.00528874 0.00584722 0.0064881 0.00721366 0.00802619 0.00892785 0.00992064 0.0110063 0.0121861 0.013461 0.0148313 0.0162967 0.0178563 0.0195081 0.0212495 0.023077 0.024986 0.026971 0.0290255 0.031142 0.033312 0.035526 0.0377738 0.0400441 0.042325 0.0446039 0.0468675 0.0491022 0.0512942 0.0534291 0.055493 0.0574718 0.0593516 0.0611191 0.0627614 0.0642666 0.0656234 0.0668215 0.0678518 0.0687064 0.0693786 0.0698633 0.0701566 0.0702562 0.0701614 0.069873 0.0693933 0.068726 0.0678764 0.066851 0.0656579 0.0643062 0.0628061 0.0611688 0.0594064 0.0575317 0.055558 0.0534991 0.0513689 0.0491817 0.0469515 0.0446922 0.0424174 0.0401403 0.0378734 0.0356287 0.0334173 0.0312496 0.0291348 0.0270816 0.0250973 0.0231885 0.0213607 0.0196183 0.017965 0.0164035 0.0149355 0.013562 0.0122835 0.0110996 0.0100094 0.00901157 0.0081045 0.00728621 0.00655454 0.00590727 0.00534214 0.00485698 0.00444973 0.00411856 0.00386188 0.00367841 0.00356742 
0.00380658 0.0038414 0.00395303 0.0041423 0.00441023 0.0047582 0.00518791 0.00570131 0.0063006 0.00698808 0.00776613 0.00863712 0.0096033 0.0106667 0.0118291 0.0130918 0.0144557 0.0159211 0.0174875 0.0191537 0.0209178 0.0227768 0.0247268 0.0267629 0.0288792 0.0310686 0.0333232 0.0356338 0.0379904 0.040382 0.0427966 0.0452215 0.0476434 0.0500483 0.0524217 0.0547489 0.0570149 0.0592049 0.0613039 0.0632974 0.0651713 0.0669123 0.0685074 0.069945 0.0712142 0.0723055 0.0732104 0.0739221 0.0744351 0.0747454 0.0748505 0.0747498 0.0744439 0.0739354 0.0732282 0.0723277 0.0712411 0.0699765 0.0685437 0.0669533 0.0652173 0.0633482 0.0613596 0.0592655 0.0570805 0.0548193 0.0524968 0.050128 0.0477276 0.0453099 0.042889 0.0404781 0.0380899 0.0357362 0.0334282 0.0311757 0.0289878 0.0268726 0.024837 0.022887 0.0210274 0.0192622 0.0175942 0.0160254 0.0145572 0.0131899 0.0119232 0.0107564 0.00968806 0.00871655 0.00783983 0.00705568 0.00636178 0.00575579 0.00523544 0.00479858 0.0044433 0.00416793 0.00397113 0.00385215 
0.00415493 0.00419292 0.0043142 0.00451969 0.00481044 0.00518791 0.00565389 0.00621046 0.0068599 0.00760465 0.0084472 0.00939001 0.0104354 0.0115855 0.0128422 0.0142066 0.0156797 0.0172616 0.0189518 0.0207489 0.0226505 0.0246535 0.0267535 0.0289453 0.0312222 0.0335767 0.0360002 0.0384827 0.0410135 0.0435808 0.0461716 0.0487725 0.0513691 0.0539464 0.056489 0.0589813 0.0614072 0.0637508 0.0659964 0.0681286 0.0701323 0.0719933 0.0736981 0.0752341 0.07659 0.0777555 0.0787218 0.0794816 0.080029 0.08036 0.0804718 0.0803638 0.0800367 0.0794931 0.0787373 0.077775 0.0766136 0.075262 0.0737303 0.07203 0.0701735 0.0681744 0.0660469 0.0638061 0.0614672 0.0590462 0.0565587 0.0540208 0.0514481 0.0488559 0.0462593 0.0436724 0.0411088 0.0385813 0.0361017 0.0336807 0.0313282 0.0290528 0.026862 0.0247623 0.0227592 0.0208567 0.0190582 0.0173661 0.0157816 0.0143053 0.0129371 0.0116762 0.0105214 0.0094707 0.00852221 0.00767358 0.00692239 0.00626618 0.00570258 0.00522932 0.0048444 0.00454605 0.00433286 0.00420404 
0.0045715 0.00461326 0.00474605 0.00497083 0.00528874 0.00570131 0.00621046 0.00681837 0.00752746 0.00834031 0.00925952 0.0102877 0.0114272 0.0126803 0.0140488 0.015534 0.0171367 0.0188569 0.0206938 0.022646 0.0247107 0.0268842 0.0291619 0.0315379 0.0340049 0.0365547 0.0391779 0.0418637 0.0446005 0.0473753 0.0501743 0.0529829 0.0557857 0.0585665 0.0613088 0.0639957 0.0666101 0.069135 0.0715534 0.073849 0.0760056 0.078008 0.0798419 0.0814938 0.0829517 0.0842045 0.0852431 0.0860595 0.0866476 0.0870028 0.0871226 0.0870059 0.0866538 0.086069 0.0852559 0.0842207 0.0829714 0.0815172 0.0798692 0.0780393 0.076041 0.0738887 0.0715976 0.0691838 0.0666636 0.064054 0.0613719 0.0586344 0.0558584 0.0530603 0.0502561 0.0474614 0.0446906 0.0419576 0.0392752 0.0366549 0.0341076 0.0316425 0.0292681 0.0269912 0.0248179 0.0227529 0.0207998 0.0189612 0.0172388 0.0156333 0.0141446 0.0127721 0.0115144 0.0103697 0.00933596 0.00841069 0.00759139 0.00687547 0.00626043 0.00574389 0.0053237 0.00499801 0.00476533 0.00462481 
0.00505819 0.00510435 0.00525053 0.00549774 0.00584722 0.0063006 0.0068599 0.00752746 0.00830585 0.00919777 0.010206 0.0113332 0.012582 0.0139546 0.0154528 0.0170779 0.0188307 0.0207111 0.022718 0.0248497 0.027103 0.0294738 0.031957 0.0345458 0.0372325 0.0400079 0.0428616 0.0457821 0.0487564 0.0517705 0.0548096 0.0578577 0.060898 0.0639131 0.0668853 0.0697962 0.0726275 0.0753609 0.0779781 0.0804615 0.0827939 0.0849589 0.0869411 0.0887262 0.0903012 0.0916545 0.092776 0.0936574 0.0942921 0.0946752 0.094804 0.0946776 0.0942967 0.0936645 0.0927856 0.0916668 0.0903164 0.0887445 0.0869626 0.0849839 0.0828226 0.0804942 0.078015 0.0754021 0.0726733 0.0698467 0.0669406 0.0639733 0.0609631 0.0579277 0.0548845 0.0518501 0.0488403 0.0458703 0.0429537 0.0401034 0.0373311 0.0346469 0.0320601 0.0295784 0.0272084 0.0249552 0.0228231 0.020815 0.0189329 0.0171776 0.0155493 0.0140473 0.0126704 0.0114166 0.0102839 0.00926969 0.00837131 0.00758605 0.00691126 0.00634443 0.00588327 0.00552582 0.00527049 0.00511637 
0.00561705 0.00566824 0.00582971 0.00610256 0.0064881 0.00698808 0.00760465 0.00834031 0.00919777 0.0101799 0.0112897 0.0125298 0.0139031 0.0154118 0.0170578 0.0188423 0.020766 0.0228286 0.0250289 0.0273646 0.0298322 0.0324273 0.0351437 0.0379741 0.04091 0.0439413 0.0470564 0.0502427 0.053486 0.0567713 0.060082 0.063401 0.0667099 0.0699901 0.0732221 0.0763861 0.0794624 0.0824312 0.0852728 0.0879682 0.0904989 0.0928473 0.0949968 0.0969321 0.0986391 0.100106 0.101321 0.102275 0.102962 0.103377 0.103516 0.103378 0.102965 0.10228 0.101327 0.100113 0.0986491 0.0969443 0.0950117 0.0928651 0.0905199 0.0879927 0.0853011 0.0824636 0.0794992 0.0764275 0.0732683 0.0700413 0.0667662 0.0634624 0.0601486 0.056843 0.0535627 0.050324 0.0471422 0.0440311 0.0410036 0.0380709 0.0352431 0.0325287 0.0299352 0.0274683 0.0251327 0.0229318 0.0208679 0.0189422 0.0171549 0.0155055 0.0139927 0.0126146 0.0113691 0.0102534 0.0092648 0.00840043 0.00765746 0.00703323 0.0065253 0.0061316 0.00585041 0.00568078 
0.00625017 0.00630704 0.00648575 0.0067875 0.00721366 0.00776613 0.0084472 0.00925952 0.010206 0.0112897 0.0125136 0.0138808 0.015394 0.0170557 0.0188676 0.0208311 0.0229466 0.0252137 0.0276307 0.0301952 0.032903 0.0357491 0.0387266 0.0418275 0.0450421 0.0483593 0.0517665 0.0552497 0.0587935 0.0623812 0.065995 0.069616 0.0732245 0.0767999 0.0803212 0.0837671 0.0871161 0.0903468 0.093438 0.0963691 0.0991202 0.101672 0.104008 0.10611 0.107964 0.109556 0.110874 0.11191 0.112656 0.113105 0.113256 0.113106 0.112657 0.111912 0.110876 0.109558 0.107968 0.106115 0.104015 0.101682 0.0991324 0.0963843 0.0934565 0.0903691 0.0871426 0.0837981 0.080357 0.0768408 0.0732706 0.0696676 0.0660521 0.0624438 0.0588615 0.055323 0.0518449 0.0484424 0.0451296 0.0419189 0.0388214 0.0358466 0.0330028 0.0302964 0.0277327 0.0253157 0.0230479 0.0209308 0.018965 0.01715 0.0154846 0.0139668 0.0125944 0.0113647 0.0102746 0.00932119 0.00850148 0.00781263 0.00725206 0.00681753 0.00650723 0.00632013 
0.00695967 0.00702287 0.00722082 0.00755476 0.00802619 0.00863712 0.00939001 0.0102877 0.0113332 0.0125298 0.0138808 0.0153893 0.017058 0.0188896 0.0208859 0.0230481 0.0253764 0.0278702 0.0305276 0.0333455 0.0363193 0.0394433 0.0427097 0.0461097 0.0496324 0.0532656 0.0569954 0.0608064 0.0646816 0.0686029 0.0725508 0.0765046 0.0804429 0.0843433 0.088183 0.091939 0.0955878 0.0991063 0.102472 0.105662 0.108655 0.111431 0.11397 0.116255 0.11827 0.12 0.121432 0.122558 0.123367 0.123855 0.124017 0.123854 0.123365 0.122555 0.12143 0.119997 0.118267 0.116253 0.113969 0.111431 0.108657 0.105667 0.102479 0.0991174 0.0956027 0.0919582 0.088207 0.0843724 0.0804774 0.0765449 0.0725969 0.068655 0.0647397 0.0608703 0.0570651 0.0533407 0.0497127 0.0461947 0.0427989 0.0395361 0.0364151 0.0334435 0.0306271 0.0279704 0.0254765 0.0231472 0.0209833 0.0189843 0.0171493 0.0154763 0.0139629 0.0126062 0.0114033 0.0103509 0.00944575 0.00868497 0.00806578 0.00758579 0.00724308 0.00703654 
0.00774757 0.00781779 0.00803697 0.00840646 0.00892785 0.0096033 0.0104354 0.0114272 0.012582 0.0139031 0.015394 0.017058 0.0188981 0.0209167 0.0231158 0.0254963 0.0280586 0.0308014 0.0337227 0.0368187 0.0400844 0.043513 0.047096 0.0508235 0.0546835 0.0586624 0.0627449 0.0669141 0.0711515 0.075437 0.0797494 0.0840663 0.0883641 0.0926187 0.0968053 0.100899 0.104874 0.108706 0.112369 0.115841 0.119097 0.122116 0.124877 0.127361 0.12955 0.13143 0.132986 0.134208 0.135086 0.135616 0.135792 0.135614 0.135082 0.134202 0.132978 0.131421 0.12954 0.127351 0.124867 0.122106 0.119089 0.115834 0.112365 0.108704 0.104876 0.100905 0.0968161 0.0926346 0.0883856 0.0840937 0.0797831 0.0754772 0.0711982 0.0669673 0.0628046 0.0587283 0.0547554 0.0509009 0.0471785 0.0436 0.0401752 0.0369127 0.0338189 0.0308991 0.0281569 0.0255943 0.0232126 0.0210114 0.0189898 0.0171459 0.0154772 0.0139808 0.0126534 0.0114918 0.0104925 0.00965245 0.00896861 0.00843849 0.00806002 0.00783205 
0.00861575 0.00869367 0.00893612 0.00934454 0.00992064 0.0106667 0.0115855 0.0126803 0.0139546 0.0154118 0.0170557 0.0188896 0.0209167 0.0231395 0.0255598 0.0281785 0.0309957 0.0340099 0.0372185 0.0406173 0.0442003 0.0479601 0.0518872 0.0559703 0.0601963 0.0645502 0.0690152 0.0735725 0.078202 0.0828818 0.0875887 0.092298 0.0969845 0.101622 0.106183 0.110641 0.114968 0.119137 0.123122 0.126897 0.130437 0.133717 0.136717 0.139415 0.141792 0.143832 0.145521 0.146847 0.1478 0.148374 0.148565 0.148371 0.147793 0.146837 0.145508 0.143816 0.141774 0.139395 0.136696 0.133697 0.130416 0.126878 0.123104 0.119122 0.114955 0.110632 0.106179 0.101623 0.0969915 0.0923112 0.0876084 0.0829085 0.0782359 0.0736136 0.0690634 0.0646055 0.0602584 0.0560389 0.0519618 0.0480402 0.0442852 0.0407062 0.0373106 0.0341043 0.0310915 0.0282748 0.0256555 0.0232337 0.0210084 0.0189779 0.0171396 0.0154905 0.0140272 0.0127462 0.0116439 0.0107171 0.00996251 0.00937754 0.00895995 0.00870853 
0.00956586 0.00965218 0.00991994 0.0103707 0.0110063 0.0118291 0.0128422 0.0140488 0.0154528 0.0170578 0.0188676 0.0208859 0.0231158 0.0255598 0.0282197 0.0310963 0.0341894 0.0374971 0.0410163 0.0447421 0.0486678 0.052785 0.057083 0.0615495 0.0661699 0.0709275 0.075804 0.0807788 0.0858298 0.090933 0.0960633 0.101194 0.106297 0.111344 0.116307 0.121155 0.125859 0.130389 0.134718 0.138817 0.14266 0.14622 0.149474 0.1524 0.154978 0.15719 0.15902 0.160457 0.16149 0.162111 0.162317 0.162106 0.16148 0.160443 0.159001 0.157167 0.154951 0.152371 0.149442 0.146187 0.142626 0.138784 0.134686 0.130359 0.125831 0.12113 0.116287 0.111329 0.106288 0.101191 0.0960675 0.0909447 0.0858491 0.0808061 0.0758393 0.0709708 0.0662209 0.061608 0.0571485 0.0528569 0.0487455 0.0448248 0.0411032 0.0375873 0.0342819 0.0311901 0.0283137 0.0256529 0.023207 0.0209742 0.0189519 0.0171371 0.0155263 0.0141157 0.0129016 0.0118806 0.0110492 0.0104046 0.00994452 0.00966763 
0.0105992 0.0106946 0.0109898 0.0114863 0.0121861 0.0130918 0.0142066 0.015534 0.0170779 0.0188423 0.0208311 0.0230481 0.0254963 0.0281785 0.0310963 0.0342504 0.03764 0.041263 0.0451157 0.0491925 0.0534858 0.0579861 0.0626816 0.0675585 0.0726008 0.0777902 0.0831065 0.0885271 0.094028 0.0995831 0.105165 0.110744 0.116291 0.121775 0.127164 0.132427 0.137531 0.142446 0.14714 0.151583 0.155746 0.159603 0.163127 0.166295 0.169085 0.171479 0.17346 0.175014 0.176131 0.176803 0.177025 0.176796 0.176118 0.174995 0.173435 0.171448 0.16905 0.166255 0.163084 0.159557 0.155698 0.151534 0.147091 0.142399 0.137486 0.132385 0.127127 0.121742 0.116264 0.110724 0.105152 0.0995781 0.0940313 0.0885391 0.0831272 0.0778199 0.0726392 0.0676054 0.0627365 0.0580486 0.0535552 0.049268 0.0451965 0.0413481 0.0377283 0.0343409 0.0311879 0.0282699 0.0255865 0.0231358 0.0209154 0.018922 0.0171521 0.0156017 0.014267 0.0131442 0.0122299 0.011521 0.011015 0.0107107 
0.0117168 0.011822 0.0121465 0.0126922 0.013461 0.0144557 0.0156797 0.0171367 0.0188307 0.020766 0.0229466 0.0253764 0.0280586 0.0309957 0.0341894 0.03764 0.0413465 0.0453063 0.049515 0.0539662 0.0586513 0.0635598 0.0686785 0.0739922 0.0794832 0.0851314 0.0909147 0.0968086 0.102787 0.108821 0.114881 0.120935 0.126952 0.132898 0.138738 0.144439 0.149966 0.155285 0.160364 0.16517 0.169672 0.173841 0.177649 0.181072 0.184086 0.186671 0.18881 0.190487 0.191693 0.192418 0.192657 0.192409 0.191676 0.190463 0.188778 0.186632 0.18404 0.181021 0.177593 0.173781 0.169609 0.165105 0.160299 0.15522 0.149902 0.144378 0.138681 0.132846 0.126906 0.120896 0.114849 0.108797 0.102772 0.0968037 0.0909194 0.0851459 0.0795074 0.074026 0.0687215 0.0636115 0.0587111 0.0540332 0.0495885 0.0453852 0.0414297 0.0377263 0.0342776 0.0310847 0.028147 0.0254631 0.0230303 0.0208456 0.0189051 0.0172048 0.0157407 0.0145089 0.0135056 0.0127276 0.0121724 0.0118386 
0.012919 0.0130346 0.0133906 0.0139888 0.0148313 0.0159211 0.0172616 0.0188569 0.0207111 0.0228286 0.0252137 0.0278702 0.0308014 0.0340099 0.0374971 0.041263 0.0453063 0.0496238 0.0542103 0.0590586 0.0641592 0.0695 0.0750668 0.0808426 0.086808 0.0929411 0.0992175 0.105611 0.112092 0.118631 0.125195 0.131749 0.13826 0.144691 0.151005 0.157166 0.163137 0.168881 0.174363 0.179549 0.184406 0.188902 0.193008 0.196697 0.199945 0.20273 0.205034 0.20684 0.208138 0.208919 0.209176 0.208908 0.208118 0.206811 0.204994 0.202682 0.199889 0.196634 0.192938 0.188827 0.184327 0.179468 0.17428 0.168797 0.163054 0.157085 0.150928 0.144618 0.138193 0.13169 0.125143 0.118588 0.112059 0.105587 0.0992045 0.0929387 0.0868164 0.0808617 0.0750963 0.0695395 0.0642079 0.0591159 0.0542752 0.0496953 0.0453833 0.0413442 0.0375812 0.0340956 0.0308874 0.0279551 0.0252963 0.0229076 0.0207853 0.0189252 0.017323 0.0159747 0.0148764 0.0140248 0.0134171 0.0130518 
0.0142056 0.0143325 0.0147219 0.0153759 0.0162967 0.0174875 0.0189518 0.0206938 0.022718 0.0250289 0.0276307 0.0305276 0.0337227 0.0372185 0.0410163 0.0451157 0.049515 0.0542103 0.0591957 0.0644631 0.0700016 0.0757981 0.0818366 0.0880987 0.094563 0.101206 0.108 0.114917 0.121926 0.128994 0.136085 0.143164 0.150191 0.157129 0.163938 0.17058 0.177013 0.1832 0.189103 0.194685 0.199911 0.204747 0.209163 0.213129 0.21662 0.219613 0.222089 0.22403 0.225424 0.226261 0.226537 0.226249 0.2254 0.223994 0.222042 0.219556 0.216554 0.213054 0.20908 0.204657 0.199816 0.194586 0.189001 0.183097 0.17691 0.170478 0.163839 0.157034 0.150102 0.143082 0.136012 0.12893 0.121872 0.114874 0.107968 0.101185 0.0945541 0.0881017 0.0818512 0.0758238 0.0700379 0.0645092 0.0592508 0.0542733 0.0495846 0.0451907 0.0410953 0.0373001 0.0338055 0.0306101 0.0277116 0.0251067 0.0227916 0.0207619 0.0190132 0.0175414 0.0163422 0.0154124 0.0147489 0.0143501 
0.0155761 0.0157148 0.0161396 0.0168526 0.0178563 0.0191537 0.0207489 0.022646 0.0248497 0.0273646 0.0301952 0.0333455 0.0368187 0.0406173 0.0447421 0.0491925 0.0539662 0.0590586 0.0644631 0.0701702 0.0761682 0.0824423 0.0889752 0.0957463 0.102732 0.109908 0.117243 0.124708 0.132267 0.139886 0.147527 0.15515 0.162716 0.170181 0.177505 0.184645 0.191559 0.198205 0.204544 0.210536 0.216144 0.221333 0.226069 0.230322 0.234064 0.237272 0.239925 0.242004 0.243497 0.244395 0.24469 0.244381 0.24347 0.241963 0.23987 0.237206 0.233986 0.230233 0.225971 0.221227 0.216032 0.210418 0.204422 0.198081 0.191433 0.18452 0.177383 0.170063 0.162603 0.155045 0.14743 0.139799 0.13219 0.124642 0.11719 0.109867 0.102705 0.0957316 0.0889733 0.0824529 0.0761907 0.0702039 0.064507 0.0591118 0.0540273 0.0492602 0.044815 0.0406939 0.0368975 0.0334248 0.0302736 0.0274407 0.024922 0.0227133 0.0208099 0.0192075 0.0179019 0.0168894 0.0161669 0.0157328 
0.0170289 0.01718 0.0176421 0.0184173 0.0195081 0.0209178 0.0226505 0.0247107 0.027103 0.0298322 0.032903 0.0363193 0.0400844 0.0442003 0.0486678 0.0534858 0.0586513 0.0641592 0.0700016 0.0761682 0.0826458 0.0894182 0.0964663 0.103768 0.111297 0.119026 0.126924 0.134957 0.143088 0.151279 0.15949 0.167677 0.175799 0.18381 0.191665 0.19932 0.20673 0.213851 0.220639 0.227054 0.233056 0.238607 0.243672 0.24822 0.252221 0.25565 0.258485 0.260707 0.262302 0.26326 0.263575 0.263244 0.26227 0.26066 0.258423 0.255574 0.252132 0.248118 0.24356 0.238484 0.232925 0.226917 0.220496 0.213704 0.206582 0.199172 0.191519 0.183667 0.175662 0.167547 0.159368 0.151167 0.142987 0.134868 0.126849 0.118964 0.111249 0.103734 0.0964464 0.0894122 0.0826531 0.076188 0.0700331 0.0642013 0.0587027 0.0535451 0.0487336 0.0442709 0.0401582 0.0363947 0.0329784 0.029906 0.0271736 0.0247768 0.0227109 0.0209712 0.0195536 0.0184541 0.0176697 0.0171985 
0.0185618 0.018726 0.0192271 0.0200674 0.0212495 0.0227768 0.0246535 0.0268842 0.0294738 0.0324273 0.0357491 0.0394433 0.043513 0.0479601 0.052785 0.0579861 0.0635598 0.0695 0.0757981 0.0824423 0.0894182 0.096708 0.104291 0.112142 0.120234 0.128537 0.137016 0.145636 0.154358 0.163139 0.171937 0.180706 0.189401 0.197973 0.206375 0.21456 0.222479 0.230086 0.237336 0.244184 0.250589 0.256512 0.261914 0.266764 0.271029 0.274684 0.277705 0.280073 0.281772 0.282792 0.283127 0.282774 0.281736 0.280019 0.277635 0.274598 0.270928 0.266649 0.261786 0.256372 0.25044 0.244026 0.237172 0.229917 0.222307 0.214387 0.206204 0.197805 0.189238 0.18055 0.17179 0.163002 0.154232 0.145523 0.136917 0.128452 0.120164 0.112087 0.104251 0.0966838 0.0894088 0.082447 0.0758158 0.0695298 0.0636003 0.0580359 0.0528425 0.0480237 0.043581 0.0395139 0.0358206 0.032498 0.0295422 0.0269487 0.0247127 0.0228295 0.0212946 0.0201042 0.0192548 0.0187448 
0.0201718 0.0203497 0.0208916 0.0217997 0.023077 0.0247268 0.0267535 0.0291619 0.031957 0.0351437 0.0387266 0.0427097 0.047096 0.0518872 0.057083 0.0626816 0.0686785 0.0750668 0.0818366 0.0889752 0.0964663 0.104291 0.112425 0.120843 0.129516 0.13841 0.147488 0.156712 0.16604 0.175428 0.184829 0.194195 0.203476 0.212623 0.221585 0.230311 0.23875 0.246854 0.254575 0.261865 0.268681 0.274982 0.280729 0.285885 0.29042 0.294304 0.297515 0.30003 0.301836 0.302919 0.303275 0.302899 0.301796 0.299971 0.297437 0.294208 0.290307 0.285756 0.280585 0.274825 0.268513 0.261687 0.254389 0.246663 0.238555 0.230114 0.221388 0.212429 0.203286 0.194012 0.184654 0.175264 0.165888 0.156573 0.147363 0.1383 0.129423 0.120767 0.112365 0.104247 0.0964388 0.0889632 0.0818393 0.075083 0.068707 0.0627208 0.0571313 0.0519429 0.0471573 0.0427748 0.0387936 0.0352108 0.0320225 0.0292242 0.0268111 0.0247784 0.0231214 0.0218362 0.0209192 0.0203688 
0.021855 0.0220472 0.0226313 0.02361 0.024986 0.0267629 0.0289453 0.0315379 0.0345458 0.0379741 0.0418275 0.0461097 0.0508235 0.0559703 0.0615495 0.0675585 0.0739922 0.0808426 0.0880987 0.0957463 0.103768 0.112142 0.120843 0.129844 0.139112 0.148612 0.158304 0.168147 0.178095 0.188103 0.198119 0.208094 0.217974 0.227707 0.237239 0.246515 0.255484 0.264093 0.272291 0.28003 0.287264 0.293948 0.300043 0.30551 0.310318 0.314435 0.317837 0.320502 0.322414 0.323562 0.323938 0.32354 0.32237 0.320437 0.31775 0.314329 0.310193 0.305368 0.299884 0.293774 0.287077 0.279832 0.272083 0.263878 0.255264 0.246293 0.237015 0.227486 0.217757 0.207883 0.197917 0.18791 0.177915 0.16798 0.158153 0.148477 0.138994 0.129744 0.120761 0.112077 0.103721 0.0957165 0.0880851 0.0808441 0.0740074 0.067586 0.0615875 0.0560171 0.0508771 0.0461683 0.0418891 0.0380369 0.0346078 0.0315974 0.0290008 0.026813 0.0250295 0.0236459 0.0226588 0.0220665 
0.0236067 0.0238136 0.0244415 0.025493 0.026971 0.0288792 0.0312222 0.0340049 0.0372325 0.04091 0.0450421 0.0496324 0.0546835 0.0601963 0.0661699 0.0726008 0.0794832 0.086808 0.094563 0.102732 0.111297 0.120234 0.129516 0.139112 0.148988 0.159106 0.169424 0.179897 0.190478 0.201116 0.211758 0.222351 0.232839 0.243166 0.253275 0.26311 0.272614 0.281734 0.290415 0.298607 0.306262 0.313333 0.319779 0.32556 0.330642 0.334993 0.338588 0.341404 0.343424 0.344636 0.345033 0.344612 0.343376 0.341332 0.338494 0.334877 0.330505 0.325403 0.319604 0.313142 0.306055 0.298388 0.290185 0.281495 0.272369 0.262861 0.253025 0.242917 0.232594 0.222112 0.211527 0.200895 0.190269 0.179703 0.169245 0.158944 0.148845 0.138987 0.12941 0.120148 0.11123 0.102684 0.0945319 0.0867935 0.079484 0.0726155 0.0661966 0.0602332 0.0547286 0.0496837 0.0450976 0.0409677 0.0372904 0.0340612 0.0312752 0.0289275 0.0270132 0.0255281 0.0244687 0.023833 
0.0254213 0.0256433 0.0263162 0.0274426 0.0290255 0.0310686 0.0335767 0.0365547 0.0400079 0.0439413 0.0483593 0.0532656 0.0586624 0.0645502 0.0709275 0.0777902 0.0851314 0.0929411 0.101206 0.109908 0.119026 0.128537 0.13841 0.148612 0.159106 0.169852 0.180805 0.191918 0.203139 0.214415 0.225691 0.236909 0.248011 0.258938 0.269629 0.280026 0.29007 0.299703 0.30887 0.317518 0.325595 0.333055 0.339853 0.345949 0.351305 0.355891 0.359679 0.362646 0.364775 0.366052 0.366469 0.366026 0.364723 0.362569 0.359577 0.355766 0.351157 0.345778 0.339663 0.332846 0.32537 0.317278 0.308618 0.299441 0.2898 0.279751 0.269352 0.258661 0.247737 0.236641 0.22543 0.214165 0.202901 0.191694 0.180598 0.169663 0.158936 0.148461 0.138279 0.128427 0.118937 0.109839 0.101156 0.0929096 0.0851169 0.077791 0.0709419 0.0645763 0.0586981 0.0533089 0.048408 0.0439932 0.0400611 0.0366073 0.0336268 0.0311147 0.0290661 0.0274767 0.0263429 0.0256628 
0.0272921 0.0275297 0.0282487 0.0294518 0.031142 0.0333232 0.0360002 0.0391779 0.0428616 0.0470564 0.0517665 0.0569954 0.0627449 0.0690152 0.075804 0.0831065 0.0909147 0.0992175 0.108 0.117243 0.126924 0.137016 0.147488 0.158304 0.169424 0.180805 0.1924 0.204158 0.216025 0.227945 0.239859 0.251706 0.263425 0.274954 0.28623 0.297191 0.307775 0.317923 0.327576 0.336679 0.34518 0.353028 0.360177 0.366587 0.372218 0.377038 0.381018 0.384136 0.386372 0.387713 0.388152 0.387685 0.386316 0.384053 0.380909 0.376903 0.372058 0.366403 0.359972 0.352802 0.344936 0.336419 0.327302 0.317638 0.307481 0.29689 0.285926 0.27465 0.263123 0.251408 0.239568 0.227664 0.215757 0.203905 0.192164 0.180587 0.169226 0.158127 0.147332 0.136883 0.126813 0.117153 0.107931 0.099168 0.0908838 0.0830925 0.0758052 0.0690296 0.0627704 0.0570298 0.0518077 0.047102 0.0429096 0.0392262 0.0360469 0.0333667 0.0311808 0.0294847 0.0282748 0.0275492 
0.0292117 0.0294652 0.0302312 0.0315124 0.033312 0.0356338 0.0384827 0.0418637 0.0457821 0.0502427 0.0552497 0.0608064 0.0669141 0.0735725 0.0807788 0.0885271 0.0968086 0.105611 0.114917 0.124708 0.134957 0.145636 0.156712 0.168147 0.179897 0.191918 0.204158 0.216564 0.22908 0.241645 0.254198 0.266676 0.279013 0.291144 0.303004 0.314528 0.325651 0.336312 0.346449 0.356006 0.364927 0.37316 0.380659 0.38738 0.393284 0.398336 0.402508 0.405774 0.408117 0.409522 0.409981 0.409492 0.408058 0.405686 0.402391 0.398192 0.393113 0.387184 0.380439 0.372918 0.364665 0.355726 0.346154 0.336003 0.325332 0.314202 0.302673 0.290811 0.278681 0.266348 0.253878 0.241335 0.228782 0.216281 0.203892 0.191671 0.179671 0.167942 0.15653 0.145478 0.134822 0.124595 0.114827 0.105542 0.0967604 0.0884975 0.0807659 0.0735744 0.0669286 0.0608312 0.0552826 0.0502813 0.0458242 0.0419073 0.0385256 0.0356744 0.0333486 0.0315439 0.0302565 0.0294846 
0.0311719 0.0314415 0.0322551 0.0336156 0.035526 0.0379904 0.0410135 0.0446005 0.0487564 0.053486 0.0587935 0.0646816 0.0711515 0.078202 0.0858298 0.094028 0.102787 0.112092 0.121926 0.132267 0.143088 0.154358 0.16604 0.178095 0.190478 0.203139 0.216025 0.22908 0.242243 0.255453 0.268644 0.28175 0.294702 0.307433 0.319873 0.331956 0.343615 0.354784 0.365401 0.375407 0.384744 0.393359 0.401204 0.408232 0.414405 0.419687 0.424047 0.427461 0.429908 0.431376 0.431856 0.431345 0.429846 0.427367 0.423923 0.419533 0.414223 0.408024 0.400969 0.393101 0.384464 0.375108 0.365085 0.354453 0.343272 0.331604 0.319516 0.307072 0.294342 0.281393 0.268294 0.255113 0.241915 0.228767 0.215729 0.202862 0.190223 0.177863 0.165832 0.154174 0.142929 0.132132 0.121815 0.112004 0.10272 0.0939819 0.0858021 0.0781907 0.0711543 0.0646963 0.0588176 0.0535172 0.0487922 0.0446388 0.0410522 0.0380277 0.0355602 0.0336454 0.0322796 0.0314607 
0.0331634 0.0334494 0.0343111 0.0357515 0.0377738 0.040382 0.0435808 0.0473753 0.0517705 0.0567713 0.0623812 0.0686029 0.075437 0.0828818 0.090933 0.0995831 0.108821 0.118631 0.128994 0.139886 0.151279 0.163139 0.175428 0.188103 0.201116 0.214415 0.227945 0.241645 0.255453 0.269303 0.283127 0.296856 0.310418 0.323742 0.336757 0.349393 0.36158 0.373251 0.384342 0.39479 0.404537 0.413528 0.421712 0.429043 0.435481 0.440987 0.445533 0.449091 0.451642 0.453172 0.453672 0.453139 0.451576 0.448992 0.445402 0.440826 0.435289 0.428823 0.421465 0.413255 0.404241 0.394473 0.384006 0.372899 0.361214 0.349016 0.336374 0.323354 0.31003 0.29647 0.282748 0.268933 0.255095 0.241302 0.227619 0.214109 0.200832 0.187842 0.175192 0.162929 0.151095 0.139728 0.128861 0.118522 0.108736 0.0995199 0.0908899 0.0828566 0.0754275 0.0686068 0.0623959 0.0567943 0.0517996 0.0474079 0.0436149 0.0404156 0.0378053 0.0357795 0.0343345 0.0334683 
0.0351764 0.0354788 0.0363888 0.0379096 0.0400441 0.0427966 0.0461716 0.0501743 0.0548096 0.060082 0.065995 0.0725508 0.0797494 0.0875887 0.0960633 0.105165 0.114881 0.125195 0.136085 0.147527 0.15949 0.171937 0.184829 0.198119 0.211758 0.225691 0.239859 0.254198 0.268644 0.283127 0.297577 0.31192 0.326083 0.339992 0.353573 0.366753 0.379459 0.391624 0.403179 0.414061 0.42421 0.433568 0.442085 0.449713 0.456408 0.462135 0.466861 0.470561 0.473213 0.474803 0.475323 0.474769 0.473144 0.470458 0.466725 0.461966 0.456208 0.449481 0.441825 0.433281 0.423898 0.413726 0.402824 0.391251 0.379071 0.366352 0.353164 0.339578 0.325668 0.311506 0.297168 0.282727 0.268256 0.253825 0.239503 0.225355 0.211445 0.19783 0.184565 0.1717 0.15928 0.147345 0.13593 0.125065 0.114776 0.105084 0.0960041 0.0875491 0.0797271 0.0725433 0.0659998 0.0600966 0.0548314 0.0502009 0.0462008 0.0428264 0.0400727 0.0379355 0.036411 0.0354974 
0.0372003 0.037519 0.0384774 0.0400783 0.042325 0.0452215 0.0487725 0.0529829 0.0578577 0.063401 0.069616 0.0765046 0.0840663 0.092298 0.101194 0.110744 0.120935 0.131749 0.143164 0.15515 0.167677 0.180706 0.194195 0.208094 0.222351 0.236909 0.251706 0.266676 0.28175 0.296856 0.31192 0.326867 0.34162 0.356102 0.370237 0.383949 0.397164 0.409811 0.421819 0.433125 0.443665 0.453382 0.462223 0.470138 0.477085 0.483026 0.487928 0.491765 0.494515 0.496164 0.496703 0.496128 0.494444 0.491658 0.487786 0.48285 0.476876 0.469897 0.461951 0.453082 0.443338 0.432773 0.421446 0.409417 0.396755 0.383526 0.369804 0.355663 0.341178 0.326426 0.311483 0.296427 0.281332 0.266273 0.251321 0.236544 0.222009 0.207777 0.193904 0.180443 0.167442 0.154944 0.142985 0.131599 0.120811 0.110645 0.101118 0.0922436 0.0840307 0.0764854 0.0696106 0.0634066 0.0578719 0.0530032 0.0487965 0.0452472 0.0423505 0.0401021 0.0384983 0.0375372 
0.0392237 0.0395588 0.0405651 0.0422458 0.0446039 0.0476434 0.0513691 0.0557857 0.060898 0.0667099 0.0732245 0.0804429 0.0883641 0.0969845 0.106297 0.116291 0.126952 0.13826 0.150191 0.162716 0.175799 0.189401 0.203476 0.217974 0.232839 0.248011 0.263425 0.279013 0.294702 0.310418 0.326083 0.34162 0.356949 0.371991 0.386665 0.400895 0.414605 0.42772 0.440169 0.451885 0.462805 0.47287 0.482024 0.490219 0.497409 0.503557 0.508629 0.512599 0.515444 0.517149 0.517707 0.517112 0.515369 0.512488 0.508482 0.503374 0.497192 0.489968 0.481742 0.472557 0.462464 0.451518 0.439778 0.427308 0.414175 0.400451 0.386209 0.371527 0.356482 0.341152 0.325619 0.30996 0.294256 0.278581 0.263011 0.247618 0.232469 0.217629 0.203158 0.189111 0.175539 0.162485 0.14999 0.138088 0.126808 0.116174 0.106205 0.0969149 0.0883149 0.0804116 0.0732084 0.0667064 0.0609043 0.0557993 0.0513876 0.0476647 0.044626 0.0422673 0.0405847 0.0395766 
0.041235 0.0415863 0.04264 0.0443994 0.0468675 0.0500483 0.0539464 0.0585665 0.0639131 0.0699901 0.0767999 0.0843433 0.0926187 0.101622 0.111344 0.121775 0.132898 0.144691 0.157129 0.170181 0.18381 0.197973 0.212623 0.227707 0.243166 0.258938 0.274954 0.291144 0.307433 0.323742 0.339992 0.356102 0.371991 0.387574 0.402772 0.417505 0.431692 0.44526 0.458135 0.470248 0.481535 0.491934 0.501391 0.509854 0.517278 0.523626 0.528861 0.532958 0.535894 0.537655 0.53823 0.537616 0.535818 0.532844 0.528709 0.523437 0.517054 0.509595 0.501098 0.49161 0.481181 0.469867 0.457728 0.444831 0.431244 0.41704 0.402295 0.387088 0.371498 0.355609 0.339501 0.323257 0.306958 0.290684 0.274512 0.258516 0.242768 0.227334 0.212278 0.197657 0.183524 0.169926 0.156905 0.144498 0.132734 0.12164 0.111235 0.101537 0.0925558 0.0842997 0.076773 0.0699771 0.0639114 0.0585733 0.0539593 0.0500651 0.0468862 0.0444184 0.0426581 0.0416035 
0.043222 0.0435891 0.0446894 0.0465261 0.0491022 0.0524217 0.056489 0.0613088 0.0668853 0.0732221 0.0803212 0.088183 0.0968053 0.106183 0.116307 0.127164 0.138738 0.151005 0.163938 0.177505 0.191665 0.206375 0.221585 0.237239 0.253275 0.269629 0.28623 0.303004 0.319873 0.336757 0.353573 0.370237 0.386665 0.402772 0.418475 0.43369 0.448339 0.462342 0.475626 0.48812 0.499758 0.510478 0.520224 0.528945 0.536594 0.543131 0.548523 0.552742 0.555766 0.557578 0.55817 0.557539 0.555687 0.552625 0.548368 0.542938 0.536363 0.528678 0.519923 0.510144 0.499392 0.487725 0.475204 0.461896 0.447872 0.433206 0.417977 0.402264 0.38615 0.369719 0.353057 0.336246 0.319372 0.302517 0.28576 0.26918 0.252849 0.236839 0.221213 0.206034 0.191355 0.177226 0.163692 0.150791 0.138554 0.12701 0.116181 0.106083 0.0967285 0.0881271 0.0802833 0.0731995 0.0668753 0.0613086 0.0564962 0.0524339 0.0491174 0.0465427 0.044706 0.0436058 
0.0451722 0.0455548 0.0467005 0.0486127 0.0512942 0.0547489 0.0589813 0.0639957 0.0697962 0.0763861 0.0837671 0.091939 0.100899 0.110641 0.121155 0.132427 0.144439 0.157166 0.17058 0.184645 0.19932 0.21456 0.230311 0.246515 0.26311 0.280026 0.297191 0.314528 0.331956 0.349393 0.366753 0.383949 0.400895 0.417505 0.43369 0.449369 0.464457 0.478877 0.492551 0.505409 0.517382 0.528409 0.538431 0.547396 0.555258 0.561977 0.567518 0.571852 0.574959 0.576821 0.577429 0.57678 0.574878 0.571732 0.567358 0.561779 0.555022 0.547123 0.538122 0.528065 0.517006 0.505003 0.492117 0.478417 0.463975 0.448867 0.433173 0.416975 0.400358 0.383408 0.366212 0.348857 0.33143 0.314014 0.296694 0.27955 0.262657 0.246089 0.229913 0.214193 0.198986 0.184343 0.170311 0.156931 0.144236 0.132255 0.121012 0.110525 0.100808 0.0918706 0.0837183 0.076354 0.0697779 0.0639885 0.0589826 0.0547564 0.0513058 0.0486266 0.0467156 0.0455709 
0.0470728 0.0474704 0.0486603 0.0506455 0.0534291 0.0570149 0.0614072 0.0666101 0.0726275 0.0794624 0.0871161 0.0955878 0.104874 0.114968 0.125859 0.137531 0.149966 0.163137 0.177013 0.191559 0.20673 0.222479 0.23875 0.255484 0.272614 0.29007 0.307775 0.325651 0.343615 0.36158 0.379459 0.397164 0.414605 0.431692 0.448339 0.464457 0.479965 0.49478 0.508825 0.522027 0.534319 0.545635 0.555918 0.565115 0.573179 0.580069 0.58575 0.590194 0.593379 0.595287 0.595911 0.595247 0.593297 0.590072 0.585588 0.579867 0.572938 0.564836 0.555602 0.545283 0.533933 0.52161 0.508378 0.494306 0.479467 0.463939 0.447803 0.431144 0.414047 0.396602 0.378896 0.361021 0.343064 0.325113 0.307253 0.289568 0.272136 0.255033 0.238328 0.222088 0.206372 0.191235 0.176723 0.162881 0.149743 0.137341 0.125699 0.114837 0.10477 0.0955072 0.0870564 0.0794207 0.072601 0.0665959 0.0614027 0.0570177 0.0534371 0.0506569 0.0486737 0.047486 
0.0489112 0.0493233 0.0505556 0.0526112 0.055493 0.0592049 0.0637508 0.069135 0.0753609 0.0824312 0.0903468 0.0991063 0.108706 0.119137 0.130389 0.142446 0.155285 0.168881 0.1832 0.198205 0.213851 0.230086 0.246854 0.264093 0.281734 0.299703 0.317923 0.336312 0.354784 0.373251 0.391624 0.409811 0.42772 0.44526 0.462342 0.478877 0.49478 0.509968 0.524363 0.53789 0.550481 0.562069 0.572598 0.582013 0.590266 0.597317 0.60313 0.607677 0.610935 0.612888 0.613526 0.612846 0.610852 0.607553 0.602965 0.597112 0.590021 0.581729 0.572276 0.561711 0.550087 0.537464 0.523905 0.509482 0.494269 0.478344 0.46179 0.444694 0.427143 0.409228 0.39104 0.37267 0.35421 0.33575 0.317377 0.299177 0.281231 0.263617 0.246408 0.229672 0.21347 0.197859 0.18289 0.168606 0.155044 0.142239 0.130214 0.118992 0.108588 0.0990137 0.0902763 0.0823801 0.0753262 0.0691138 0.0637405 0.059203 0.0554974 0.05262 0.0505674 0.0493383 
0.0506747 0.0511006 0.0523734 0.0544962 0.0574718 0.0613039 0.0659964 0.0715534 0.0779781 0.0852728 0.093438 0.102472 0.112369 0.123122 0.134718 0.14714 0.160364 0.174363 0.189103 0.204544 0.220639 0.237336 0.254575 0.272291 0.290415 0.30887 0.327576 0.346449 0.365401 0.384342 0.403179 0.421819 0.440169 0.458135 0.475626 0.492551 0.508825 0.524363 0.539085 0.552916 0.565787 0.57763 0.588388 0.598006 0.606436 0.613637 0.619573 0.624216 0.627542 0.629536 0.630187 0.629494 0.627458 0.62409 0.619406 0.613429 0.606188 0.597718 0.588061 0.577266 0.565386 0.552482 0.538618 0.523866 0.508302 0.492005 0.47506 0.457553 0.439575 0.421218 0.402576 0.38374 0.364806 0.345865 0.327008 0.308321 0.28989 0.271793 0.254106 0.2369 0.220237 0.204178 0.188773 0.174069 0.160105 0.146916 0.134527 0.122963 0.112239 0.102367 0.0933571 0.0852125 0.0779355 0.0715255 0.0659805 0.0612974 0.0574726 0.0545024 0.0523837 0.051115 
0.0523509 0.0527899 0.054101 0.0562873 0.0593516 0.0632974 0.0681286 0.073849 0.0804615 0.0879682 0.0963691 0.105662 0.115841 0.126897 0.138817 0.151583 0.16517 0.179549 0.194685 0.210536 0.227054 0.244184 0.261865 0.28003 0.298607 0.317518 0.336679 0.356006 0.375407 0.39479 0.414061 0.433125 0.451885 0.470248 0.48812 0.505409 0.522027 0.53789 0.552916 0.56703 0.58016 0.592239 0.603209 0.613015 0.621609 0.628949 0.634998 0.63973 0.643119 0.645151 0.645815 0.645109 0.643035 0.639603 0.63483 0.628739 0.621358 0.612724 0.602879 0.59187 0.579753 0.566588 0.552441 0.537384 0.521494 0.504851 0.48754 0.469652 0.451276 0.432507 0.41344 0.39417 0.374792 0.355402 0.33609 0.316948 0.298061 0.279511 0.261375 0.243727 0.226632 0.21015 0.194336 0.179237 0.164894 0.151343 0.138612 0.126724 0.115698 0.105546 0.0962782 0.0878991 0.0804112 0.0738145 0.0681072 0.0632865 0.0593489 0.0562911 0.0541097 0.0528037 
0.0539277 0.054379 0.055726 0.0579718 0.0611191 0.0651713 0.0701323 0.0760056 0.0827939 0.0904989 0.0991202 0.108655 0.119097 0.130437 0.14266 0.155746 0.169672 0.184406 0.199911 0.216144 0.233056 0.250589 0.268681 0.287264 0.306262 0.325595 0.34518 0.364927 0.384744 0.404537 0.42421 0.443665 0.462805 0.481535 0.499758 0.517382 0.534319 0.550481 0.565787 0.58016 0.593528 0.605824 0.616989 0.626968 0.635712 0.643178 0.649332 0.654145 0.657592 0.659659 0.660334 0.659616 0.657507 0.654017 0.649163 0.642967 0.635459 0.626674 0.616655 0.605451 0.593116 0.579712 0.565304 0.549967 0.533776 0.516813 0.499167 0.480925 0.462182 0.443032 0.423572 0.403899 0.384111 0.364304 0.344571 0.325006 0.305695 0.286724 0.268172 0.250113 0.232615 0.21574 0.199544 0.184077 0.16938 0.155491 0.14244 0.130251 0.118942 0.108529 0.0990199 0.0904214 0.0827362 0.0759648 0.0701057 0.0651562 0.0611131 0.0579731 0.0557332 0.0543921 
0.0553936 0.0558563 0.0572365 0.0595373 0.0627614 0.0669123 0.0719933 0.078008 0.0849589 0.0928473 0.101672 0.111431 0.122116 0.133717 0.14622 0.159603 0.173841 0.188902 0.204747 0.221333 0.238607 0.256512 0.274982 0.293948 0.313333 0.333055 0.353028 0.37316 0.393359 0.413528 0.433568 0.453382 0.47287 0.491934 0.510478 0.528409 0.545635 0.562069 0.57763 0.592239 0.605824 0.618319 0.629661 0.639796 0.648676 0.656258 0.662507 0.667392 0.670892 0.67299 0.673677 0.672948 0.670807 0.667264 0.662336 0.656045 0.648421 0.6395 0.629324 0.617942 0.605409 0.591787 0.577142 0.561548 0.545084 0.527831 0.509877 0.491313 0.472234 0.452735 0.432916 0.412875 0.39271 0.37252 0.352402 0.332448 0.312749 0.29339 0.274455 0.256017 0.238148 0.220911 0.204364 0.188557 0.173534 0.159334 0.145987 0.133519 0.12195 0.111295 0.101563 0.0927619 0.0848944 0.0779613 0.0719617 0.066893 0.0627523 0.0595364 0.0572422 0.0558688 
