0.000344598 0.000350537 0.00037126 0.000407274 0.00045935 0.000528569 0.000616303 0.000724209 0.000854207 0.00100846 0.00118935 0.00139943 0.0016414 0.00191807 0.00223229 0.00258689 0.00298463 0.00342813 0.00391982 0.00446179 0.0050558 0.00570315 0.00640463 0.00716042 0.00797005 0.00883232 0.00974527 0.0107061 0.0117113 0.0127564 0.013836 0.0149441 0.0160738 0.0172176 0.0183673 0.0195139 0.0206485 0.0217613 0.0228427 0.0238828 0.024872 0.0258007 0.0266598 0.0274407 0.0281354 0.0287367 0.0292383 0.0296349 0.0299222 0.0300973 0.0301582 0.0301042 0.029936 0.0296555 0.0292656 0.0287706 0.0281757 0.0274873 0.0267124 0.025859 0.0249357 0.0239515 0.0229161 0.021839 0.02073 0.0195989 0.0184551 0.0173079 0.016166 0.0150376 0.0139302 0.0128509 0.0118056 0.0107996 0.0098374 0.00892266 0.00805816 0.00724588 0.00648707 0.00578225 0.00513126 0.00453339 0.00398737 0.0034915 0.00304371 0.00264165 0.00228273 0.00196422 0.00168333 0.00143722 0.00122312 0.00103835 0.000880352 0.000746752 0.000635386 0.000544327 0.000471906 0.000416734 0.000377711 0.000354087 
0.000350537 0.000356591 0.000377688 0.000414344 0.000467346 0.00053779 0.000627074 0.000736882 0.000869166 0.00102613 0.00121018 0.00142392 0.0016701 0.00195156 0.0022712 0.00263189 0.00303644 0.0034875 0.00398752 0.00453864 0.00514262 0.00580079 0.00651392 0.00728219 0.00810512 0.00898147 0.00990924 0.0108856 0.0119069 0.0129686 0.0140653 0.0151909 0.0163383 0.0174999 0.0186673 0.0198317 0.0209835 0.0221133 0.0232111 0.0242669 0.0252709 0.0262135 0.0270854 0.0278778 0.0285828 0.0291929 0.0297018 0.0301042 0.0303957 0.0305733 0.030635 0.0305802 0.0304095 0.0301248 0.0297291 0.0292267 0.028623 0.0279243 0.0271378 0.0262716 0.0253345 0.0243355 0.0232844 0.022191 0.0210651 0.0199166 0.0187552 0.0175903 0.0164306 0.0152845 0.0141598 0.0130634 0.0120014 0.0109794 0.0100017 0.00907221 0.00819365 0.0073681 0.00659683 0.00588036 0.00521857 0.00461073 0.00405556 0.00355134 0.00309599 0.0026871 0.00232207 0.00199812 0.0017124 0.00146207 0.00124428 0.00105631 0.000895577 0.00075966 0.00064636 0.000553718 0.000480039 0.000423909 0.00038421 0.000360181 
0.00037126 0.000377688 0.000400009 0.000438765 0.000494782 0.000569211 0.00066352 0.000779474 0.00091912 0.00108476 0.00127893 0.00150435 0.00176388 0.0020605 0.00239723 0.00277707 0.00320292 0.00367756 0.00420351 0.00478298 0.00541778 0.00610926 0.0068582 0.00766473 0.00852831 0.00944759 0.0104205 0.0114439 0.012514 0.0136261 0.0147745 0.0159526 0.0171532 0.0183683 0.0195891 0.0208062 0.02201 0.0231904 0.0243371 0.0254396 0.0264879 0.0274717 0.0283816 0.0292084 0.0299438 0.0305802 0.031111 0.0315305 0.0318344 0.0320194 0.0320836 0.0320262 0.031848 0.0315509 0.031138 0.0306137 0.0299837 0.0292545 0.0284336 0.0275295 0.026551 0.0255079 0.0244101 0.0232678 0.0220914 0.0208911 0.019677 0.0184588 0.0172457 0.0160466 0.0148694 0.0137215 0.0126093 0.0115385 0.0105139 0.0095394 0.00861799 0.00775187 0.0069424 0.00619018 0.00549511 0.00485646 0.00427294 0.00374279 0.00326384 0.00283361 0.00244938 0.00210828 0.00180734 0.00154358 0.00131403 0.00111586 0.000946349 0.000802974 0.000683431 0.000585666 0.000507901 0.000448656 0.000406758 0.000381406 
0.000407274 0.000414344 0.000438765 0.000481122 0.000542305 0.000623559 0.000726467 0.000852932 0.00100516 0.00118563 0.00139706 0.00164237 0.00192464 0.00224706 0.00261283 0.00302517 0.00348718 0.00400178 0.00457163 0.00519907 0.00588599 0.00663375 0.00744312 0.00831418 0.00924626 0.0102379 0.0112866 0.0123892 0.0135414 0.0147381 0.0159731 0.0172395 0.0185293 0.019834 0.0211441 0.0224498 0.0237405 0.0250056 0.0262339 0.0274146 0.0285367 0.0295896 0.0305629 0.0314472 0.0322334 0.0329136 0.0334807 0.0339289 0.0342534 0.0344509 0.0345191 0.0344576 0.0342668 0.0339489 0.0335072 0.0329465 0.0322726 0.0314925 0.0306142 0.0296466 0.0285992 0.0274822 0.0263064 0.0250825 0.0238215 0.0225344 0.021232 0.0199246 0.0186221 0.017334 0.0160688 0.0148344 0.0136378 0.0124851 0.0113815 0.0103313 0.00933777 0.00840328 0.00752939 0.00671683 0.00596555 0.00527483 0.00464336 0.00406929 0.00355034 0.00308391 0.0026671 0.00229686 0.00197002 0.0016834 0.00143382 0.00121824 0.00103376 0.000877643 0.000747426 0.000640897 0.000556141 0.000491561 0.000445895 0.000418279 
0.00045935 0.000467346 0.000494782 0.000542305 0.000610901 0.000701943 0.000817176 0.0009587 0.00112894 0.00133063 0.00156674 0.00184049 0.00215525 0.00251448 0.00292169 0.00338037 0.00389388 0.00446537 0.0050977 0.00579336 0.00655432 0.007382 0.00827715 0.00923974 0.0102689 0.011363 0.0125192 0.0137338 0.0150021 0.0163184 0.0176759 0.0190668 0.0204826 0.0219137 0.0233498 0.0247802 0.0261934 0.0275777 0.0289212 0.0302119 0.0314379 0.0325878 0.0336504 0.0346153 0.035473 0.0362148 0.0368331 0.0373215 0.037675 0.0378899 0.037964 0.0378964 0.037688 0.0373409 0.0368589 0.0362469 0.0355113 0.0346596 0.0337005 0.0326436 0.0314992 0.0302784 0.0289926 0.0276537 0.0262737 0.0248643 0.0234374 0.0220042 0.0205756 0.0191618 0.0177723 0.0164157 0.0150998 0.0138313 0.012616 0.0114586 0.0103628 0.00933145 0.0083662 0.007468 0.0066369 0.0058722 0.00517255 0.004536 0.00396013 0.00344213 0.00297889 0.00256709 0.00220329 0.00188402 0.00160582 0.00136536 0.00115945 0.000985102 0.000839602 0.000720518 0.000625742 0.000553515 0.000502447 0.000471585 
0.000528569 0.00053779 0.000569211 0.000623559 0.000701943 0.000805903 0.000937398 0.00109878 0.00129277 0.0015224 0.00179102 0.00210219 0.00245965 0.00286726 0.0033289 0.00384841 0.00442947 0.00507553 0.0057897 0.00657465 0.00743249 0.00836467 0.00937189 0.010454 0.0116099 0.0128376 0.0141338 0.0154943 0.0169138 0.0183857 0.0199024 0.0214553 0.0230346 0.0246298 0.0262295 0.0278217 0.0293937 0.0309326 0.0324251 0.0338582 0.0352188 0.0364942 0.0376723 0.0387416 0.0396917 0.0405131 0.0411975 0.0417379 0.0421288 0.0423662 0.0424477 0.0423725 0.0421412 0.0417565 0.0412222 0.0405439 0.0397285 0.0387843 0.0377207 0.0365483 0.0352784 0.033923 0.032495 0.0310072 0.0294727 0.0279048 0.0263164 0.0247199 0.0231275 0.0215505 0.0199995 0.0184841 0.017013 0.0155937 0.0142328 0.0129357 0.0117067 0.0105488 0.0094643 0.00845422 0.00751877 0.00665731 0.00586842 0.00515005 0.00449958 0.00391396 0.00338979 0.00292342 0.00251107 0.00214888 0.00183304 0.00155984 0.00132571 0.00112735 0.000961704 0.000826066 0.000718075 0.00063576 0.000577565 0.000542421 
0.000616303 0.000627074 0.00066352 0.000726467 0.000817176 0.000937398 0.00108935 0.00127571 0.00149954 0.00176429 0.00207371 0.00243183 0.00284285 0.00331108 0.00384087 0.00443648 0.00510201 0.00584126 0.00665763 0.007554 0.00853263 0.00959501 0.0107418 0.0119726 0.0132861 0.0146798 0.0161499 0.0176915 0.0192984 0.0209631 0.022677 0.0244303 0.026212 0.0280101 0.0298119 0.0316039 0.0333718 0.0351014 0.0367778 0.0383864 0.0399127 0.0413427 0.042663 0.0438608 0.0449246 0.0458439 0.0466095 0.0472139 0.0476508 0.0479159 0.0480065 0.0479218 0.0476625 0.0472314 0.0466328 0.045873 0.0449594 0.0439013 0.0427091 0.0413944 0.0399699 0.0384488 0.0368453 0.0351738 0.033449 0.0316854 0.0298975 0.0280993 0.0263044 0.0245255 0.0227746 0.0210624 0.0193989 0.0177927 0.0162512 0.0147807 0.013386 0.0120709 0.010838 0.00968862 0.00862318 0.00764108 0.00674087 0.00592035 0.00517669 0.00450654 0.00390615 0.00337148 0.0028983 0.00248233 0.00211929 0.00180498 0.00153544 0.0013069 0.00111594 0.000959493 0.00083488 0.000739876 0.000672714 0.000632185 
0.000724209 0.000736882 0.000779474 0.000852932 0.0009587 0.00109878 0.00127571 0.00149253 0.00175275 0.00206028 0.00241939 0.00283463 0.00331077 0.00385266 0.0044652 0.00515315 0.00592108 0.00677321 0.00771328 0.00874442 0.00986903 0.0110887 0.0124038 0.0138139 0.0153173 0.0169108 0.0185901 0.0203493 0.0221813 0.0240776 0.026028 0.0280215 0.0300455 0.0320866 0.0341301 0.0361608 0.038163 0.0401202 0.042016 0.0438339 0.0455579 0.0471721 0.0486617 0.0500125 0.0512116 0.0522474 0.0531098 0.0537901 0.0542818 0.0545798 0.0546813 0.0545851 0.0542925 0.0538062 0.0531312 0.0522743 0.0512439 0.0500502 0.0487048 0.0472206 0.0456117 0.0438931 0.0420803 0.0401896 0.0382373 0.0362398 0.0342135 0.0321741 0.0301368 0.0281161 0.0261254 0.0241773 0.0222829 0.0204521 0.0186936 0.0170144 0.0154204 0.0139159 0.0125041 0.0111867 0.00996427 0.00883641 0.00780158 0.00685745 0.00600093 0.00522833 0.0045355 0.00391793 0.00337089 0.00288955 0.00246908 0.00210477 0.00179209 0.00152679 0.00130498 0.00112314 0.000978253 0.000867763 0.000789659 0.00074256 
0.000854207 0.000869166 0.00091912 0.00100516 0.00112894 0.00129277 0.00149954 0.00175275 0.0020564 0.00241495 0.00283329 0.00331657 0.00387021 0.00449971 0.00521057 0.00600815 0.00689756 0.00788349 0.00897005 0.0101607 0.0114579 0.0128632 0.0143771 0.0159987 0.0177257 0.0195545 0.0214798 0.0234948 0.0255912 0.027759 0.0299868 0.0322616 0.0345693 0.0368944 0.0392204 0.0415301 0.0438055 0.0460282 0.0481798 0.0502417 0.0521957 0.0540244 0.055711 0.0572397 0.0585961 0.0597672 0.0607419 0.0615106 0.0620657 0.0624019 0.062516 0.0624067 0.0620752 0.0615248 0.060761 0.0597912 0.058625 0.0572736 0.0557501 0.0540687 0.0522453 0.0502965 0.0482398 0.0460935 0.0438759 0.0416055 0.0393007 0.0369792 0.0346584 0.0323546 0.0300832 0.0278585 0.0256932 0.0235987 0.0215851 0.0196605 0.0178318 0.0161042 0.0144815 0.0129658 0.011558 0.0102579 0.00906381 0.00797333 0.00698307 0.00608899 0.00528645 0.00457041 0.00393556 0.00337646 0.00288764 0.00246375 0.00209965 0.00179051 0.00153186 0.00131972 0.00115061 0.00102162 0.000930444 0.000875498 
0.00100846 0.00102613 0.00108476 0.00118563 0.00133063 0.0015224 0.00176429 0.00206028 0.00241495 0.00283342 0.00332124 0.0038843 0.00452872 0.00526074 0.00608657 0.00701224 0.00804345 0.00918541 0.0104426 0.0118189 0.0133168 0.0149379 0.0166825 0.0185493 0.0205354 0.0226365 0.0248463 0.0271568 0.0295584 0.0320394 0.0345866 0.0371854 0.0398194 0.0424709 0.0451214 0.0477512 0.0503399 0.0528669 0.0553113 0.0576523 0.0598695 0.0619433 0.0638549 0.0655867 0.0671226 0.0684482 0.069551 0.0704203 0.0710479 0.0714276 0.0715559 0.0714316 0.0710558 0.0704323 0.0695671 0.0684686 0.0671474 0.065616 0.0638889 0.0619823 0.0599135 0.0577015 0.0553658 0.0529267 0.0504051 0.0478217 0.0451972 0.0425518 0.0399051 0.0372757 0.0346811 0.0321376 0.0296599 0.0272611 0.0249527 0.0227444 0.0206442 0.0186581 0.0167908 0.015045 0.0134219 0.0119215 0.0105421 0.00928114 0.00813499 0.00709914 0.00616848 0.00533735 0.00459978 0.00394964 0.00338073 0.00288699 0.00246256 0.00210193 0.00180002 0.00155226 0.00135467 0.00120392 0.00109737 0.0010332 
0.00118935 0.00121018 0.00127893 0.00139706 0.00156674 0.00179102 0.00207371 0.00241939 0.00283329 0.00332124 0.00388958 0.00454499 0.00529443 0.00614494 0.00710352 0.00817695 0.00937158 0.0106932 0.0121467 0.0137363 0.0154646 0.0173332 0.019342 0.0214894 0.0237718 0.0261839 0.0287183 0.0313656 0.0341146 0.0369519 0.0398623 0.0428288 0.0458329 0.0488545 0.0518724 0.0548643 0.0578072 0.0606779 0.0634528 0.0661086 0.0686224 0.0709723 0.0731372 0.0750975 0.0768354 0.0783347 0.0795814 0.0805638 0.0812726 0.0817013 0.0818456 0.0817043 0.0812787 0.080573 0.0795939 0.0783507 0.0768551 0.0751212 0.073165 0.0710046 0.0686595 0.0661507 0.0635001 0.0607306 0.0578655 0.0549282 0.051942 0.0489298 0.0459137 0.042915 0.0399535 0.0370477 0.0342146 0.0314692 0.0288249 0.0262929 0.0238825 0.021601 0.0194539 0.0174445 0.0155745 0.0138442 0.0122519 0.010795 0.00946937 0.00827021 0.0071918 0.00622783 0.00537161 0.0046162 0.00395462 0.00337999 0.00288564 0.00246531 0.00211319 0.00182407 0.00159341 0.00141738 0.00129296 0.00121807 
0.00139943 0.00142392 0.00150435 0.00164237 0.00184049 0.00210219 0.00243183 0.00283463 0.00331657 0.0038843 0.00454499 0.00530624 0.00617592 0.00716198 0.00827227 0.00951438 0.0108954 0.0124217 0.0140986 0.0159307 0.0179206 0.0200699 0.0223782 0.0248432 0.0274607 0.030224 0.0331247 0.0361517 0.0392919 0.0425299 0.0458483 0.0492276 0.0526467 0.0560828 0.0595118 0.0629085 0.0662472 0.0695015 0.0726449 0.0756515 0.0784957 0.0811527 0.0835994 0.0858138 0.0877759 0.089468 0.0908745 0.0919824 0.0927815 0.0932643 0.0934264 0.0932662 0.0927854 0.0919884 0.0908828 0.0894788 0.0877896 0.0858306 0.0836197 0.081177 0.0785243 0.0756849 0.0726834 0.0695453 0.0662968 0.0629641 0.0595735 0.0561507 0.0527208 0.0493079 0.0459344 0.0426216 0.0393888 0.0362533 0.0332303 0.0303331 0.0275724 0.0249569 0.022493 0.0201849 0.018035 0.0160436 0.0142094 0.0125294 0.0109995 0.00961415 0.00836714 0.00725143 0.00625954 0.00538368 0.00461595 0.00394858 0.00337403 0.00288515 0.00247536 0.00213871 0.00187001 0.0016649 0.00151993 0.00143271 
0.0016414 0.0016701 0.00176388 0.00192464 0.00215525 0.00245965 0.00284285 0.00331077 0.00387021 0.00452872 0.00529443 0.00617592 0.00718207 0.00832181 0.00960394 0.0110369 0.0126286 0.0143859 0.0163149 0.0184201 0.0207044 0.0231693 0.0258138 0.028635 0.0316277 0.0347841 0.0380941 0.0415449 0.0451213 0.0488056 0.0525779 0.0564159 0.0602957 0.0641914 0.0680759 0.0719207 0.0756969 0.0793748 0.0829251 0.0863186 0.0895267 0.092522 0.0952786 0.0977724 0.0999811 0.101885 0.103467 0.104713 0.105611 0.106153 0.106334 0.106153 0.105612 0.104715 0.10347 0.10189 0.0999875 0.0977811 0.0952901 0.0925367 0.0895451 0.0863414 0.0829528 0.0794079 0.0757358 0.0719659 0.0681276 0.0642499 0.0603611 0.0564882 0.052657 0.0488913 0.0452133 0.0416427 0.0381972 0.0348918 0.0317392 0.0287496 0.0259305 0.0232872 0.0208227 0.0185376 0.0164309 0.0144995 0.0127389 0.0111432 0.00970547 0.00841798 0.00727234 0.00625983 0.00537159 0.00459884 0.00393307 0.00336618 0.0028907 0.00249988 0.00218782 0.00194955 0.00178114 0.00167987 
0.00191807 0.00195156 0.0020605 0.00224706 0.00251448 0.00286726 0.00331108 0.00385266 0.00449971 0.00526074 0.00614494 0.00716198 0.00832181 0.00963443 0.0111097 0.0127569 0.0145847 0.0166009 0.0188118 0.0212222 0.0238352 0.0266518 0.0296706 0.032888 0.0362975 0.03989 0.0436535 0.0475733 0.0516319 0.055809 0.0600818 0.0644252 0.0688118 0.0732127 0.0775971 0.0819333 0.0861887 0.0903305 0.0943256 0.0981416 0.101747 0.105111 0.108206 0.111004 0.113481 0.115615 0.117388 0.118783 0.119789 0.120395 0.120598 0.120395 0.119787 0.118781 0.117385 0.115613 0.113479 0.111003 0.108207 0.105115 0.101753 0.098152 0.0943405 0.0903506 0.0862148 0.0819658 0.0776365 0.0732594 0.0688662 0.0644873 0.0601517 0.0558866 0.051717 0.0476655 0.0437522 0.0399946 0.0364073 0.0330021 0.0297881 0.0267716 0.0239564 0.0213436 0.0189325 0.0167199 0.014701 0.0128695 0.0112178 0.00973734 0.00841882 0.00725252 0.00622851 0.00533693 0.0045682 0.00391321 0.00336349 0.00291142 0.00255029 0.00227449 0.00207955 0.00196239 
0.00223229 0.0022712 0.00239723 0.00261283 0.00292169 0.0033289 0.00384087 0.0044652 0.00521057 0.00608657 0.00710352 0.00827227 0.00960394 0.0111097 0.0128004 0.0146863 0.0167771 0.0190811 0.021605 0.024354 0.0273311 0.0305369 0.0339694 0.037624 0.0414929 0.0455654 0.0498276 0.0542624 0.0588498 0.0635666 0.068387 0.0732825 0.0782223 0.0831738 0.0881026 0.0929731 0.0977492 0.102394 0.106871 0.111145 0.11518 0.118943 0.122403 0.125529 0.128296 0.130679 0.132657 0.134214 0.135335 0.136011 0.136236 0.136009 0.13533 0.134206 0.132648 0.130668 0.128284 0.125518 0.122392 0.118934 0.115173 0.111141 0.106871 0.102399 0.0977599 0.0929904 0.0881271 0.0832062 0.0782631 0.0733319 0.0684453 0.0636338 0.0589257 0.0543468 0.0499199 0.0456651 0.0415992 0.037736 0.0340861 0.0306573 0.027454 0.0244784 0.0217296 0.0192048 0.0168988 0.0148049 0.0129149 0.0112192 0.00970768 0.00836949 0.0071936 0.00616898 0.00528488 0.00453107 0.00389803 0.00337716 0.00296091 0.00264293 0.00241816 0.00228314 
0.00258689 0.00263189 0.00277707 0.00302517 0.00338037 0.00384841 0.00443648 0.00515315 0.00600815 0.00701224 0.00817695 0.00951438 0.0110369 0.0127569 0.0146863 0.0168367 0.0192182 0.0218399 0.0247091 0.0278311 0.0312087 0.0348421 0.0387286 0.0428623 0.047234 0.0518312 0.0566377 0.061634 0.0667971 0.0721007 0.0775156 0.0830097 0.0885486 0.0940956 0.0996124 0.105059 0.110397 0.115583 0.120579 0.125344 0.129841 0.134032 0.137882 0.14136 0.144436 0.147085 0.149283 0.151012 0.152257 0.153007 0.153256 0.153003 0.152248 0.150999 0.149266 0.147065 0.144414 0.141336 0.137858 0.134007 0.129818 0.125324 0.120562 0.115571 0.11039 0.105059 0.0996196 0.0941111 0.0885731 0.0830438 0.0775596 0.0721547 0.0668612 0.061708 0.0567213 0.0519237 0.0473347 0.0429703 0.0388429 0.0349616 0.0313321 0.0279572 0.0248367 0.0219676 0.0193447 0.0169607 0.0148069 0.0128728 0.0111472 0.00961823 0.00827355 0.00710094 0.00608839 0.00522448 0.00449854 0.00390092 0.00342313 0.00305805 0.00279997 0.00264501 
0.00298463 0.00303644 0.00320292 0.00348718 0.00389388 0.00442947 0.00510201 0.00592108 0.00689756 0.00804345 0.00937158 0.0108954 0.0126286 0.0145847 0.0167771 0.0192182 0.0219191 0.0248895 0.0281371 0.0316672 0.0354825 0.0395827 0.043964 0.0486192 0.0535376 0.0587043 0.0641009 0.0697049 0.0754903 0.0814273 0.0874832 0.0936218 0.0998047 0.105991 0.112138 0.118203 0.12414 0.129906 0.135455 0.140744 0.145732 0.150377 0.154643 0.158495 0.1619 0.16483 0.167261 0.169172 0.170548 0.171377 0.171652 0.171371 0.170535 0.169153 0.167236 0.1648 0.161866 0.158458 0.154604 0.150337 0.145691 0.140705 0.135418 0.129873 0.124113 0.118182 0.112126 0.105987 0.0998102 0.0936377 0.08751 0.0814655 0.0755399 0.069766 0.0641731 0.0587872 0.0536304 0.0487211 0.0440739 0.0396994 0.0356049 0.0317937 0.0282663 0.02502 0.0220495 0.0193471 0.0169032 0.0147066 0.0127452 0.0110057 0.00947462 0.00813841 0.00698376 0.00599794 0.00516905 0.00448632 0.00394028 0.00352292 0.00322788 0.00305079 
0.00342813 0.0034875 0.00367756 0.00400178 0.00446537 0.00507553 0.00584126 0.00677321 0.00788349 0.00918541 0.0106932 0.0124217 0.0143859 0.0166009 0.0190811 0.0218399 0.0248895 0.0282401 0.0318997 0.0358737 0.0401644 0.0447708 0.0496879 0.0549073 0.0604159 0.0661969 0.0722288 0.0784864 0.0849399 0.0915562 0.0982982 0.105126 0.111996 0.118864 0.125683 0.132404 0.138978 0.145357 0.151492 0.157336 0.162843 0.167969 0.172673 0.176918 0.180669 0.183896 0.186572 0.188675 0.190189 0.1911 0.191402 0.191091 0.190171 0.18865 0.186538 0.183856 0.180623 0.176867 0.172618 0.167911 0.162783 0.157277 0.151435 0.145303 0.138929 0.132361 0.125647 0.118838 0.11198 0.105121 0.098305 0.0915756 0.0849722 0.0785317 0.072287 0.0662675 0.0604984 0.0550007 0.0497913 0.0448828 0.0402838 0.0359989 0.0320292 0.0283723 0.0250228 0.0219727 0.0192119 0.0167283 0.0145084 0.0125381 0.0108025 0.00928652 0.0079756 0.00685559 0.00591331 0.00513679 0.00451546 0.00404044 0.00370462 0.00350313 
0.00391982 0.00398752 0.00420351 0.00457163 0.0050977 0.0057897 0.00665763 0.00771328 0.00897005 0.0104426 0.0121467 0.0140986 0.0163149 0.0188118 0.021605 0.0247091 0.0281371 0.0318997 0.0360052 0.040459 0.0452628 0.0504148 0.0559087 0.0617342 0.0678764 0.0743155 0.0810273 0.087983 0.0951493 0.102489 0.109961 0.11752 0.12512 0.132709 0.140238 0.147652 0.154898 0.161923 0.168674 0.1751 0.181151 0.186781 0.191944 0.1966 0.200713 0.204249 0.207181 0.209484 0.211141 0.212138 0.212468 0.212127 0.211119 0.209451 0.207138 0.204197 0.200653 0.196533 0.191871 0.186703 0.181071 0.175019 0.168593 0.161844 0.154824 0.147583 0.140177 0.132658 0.125079 0.117491 0.109945 0.102487 0.0951613 0.0880096 0.0810685 0.0743711 0.0679458 0.0618167 0.0560032 0.05052 0.0453773 0.0405812 0.0361335 0.0320322 0.0282721 0.0248449 0.0217398 0.0189439 0.0164427 0.0142208 0.012262 0.0105497 0.00906794 0.00780111 0.00673467 0.00585537 0.00515152 0.00461326 0.00423271 0.00400446 
0.00446179 0.00453864 0.00478298 0.00519907 0.00579336 0.00657465 0.007554 0.00874442 0.0101607 0.0118189 0.0137363 0.0159307 0.0184201 0.0212222 0.024354 0.0278311 0.0316672 0.0358737 0.040459 0.0454282 0.0507825 0.0565189 0.0626298 0.0691028 0.0759205 0.0830605 0.0904951 0.0981919 0.106114 0.114219 0.122462 0.130793 0.13916 0.147509 0.155782 0.163923 0.171872 0.179573 0.186967 0.194 0.200619 0.206771 0.212411 0.217495 0.221983 0.22584 0.229036 0.231546 0.233352 0.234438 0.234796 0.234424 0.233325 0.231506 0.228983 0.225775 0.221908 0.217411 0.21232 0.206674 0.200516 0.193895 0.186862 0.179468 0.171771 0.163827 0.155694 0.14743 0.139092 0.130737 0.12242 0.114192 0.106102 0.0981969 0.0905165 0.0830983 0.0759743 0.0691717 0.0627129 0.0566149 0.05089 0.0455454 0.0405842 0.0360049 0.0318026 0.0279686 0.0244917 0.0213582 0.0185526 0.016058 0.013857 0.0119316 0.0102641 0.00883756 0.00763595 0.00664468 0.00585088 0.00524366 0.00481433 0.00455691 
0.0050558 0.00514262 0.00541778 0.00588599 0.00655432 0.00743249 0.00853263 0.00986903 0.0114579 0.0133168 0.0154646 0.0179206 0.0207044 0.0238352 0.0273311 0.0312087 0.0354825 0.0401644 0.0452628 0.0507825 0.0567239 0.0630827 0.0698496 0.07701 0.0845438 0.0924254 0.100624 0.109102 0.11782 0.12673 0.135782 0.144922 0.154093 0.163234 0.172285 0.181182 0.189862 0.198264 0.206325 0.213987 0.221191 0.227884 0.234016 0.239539 0.244413 0.2486 0.252068 0.254791 0.256749 0.257926 0.258314 0.25791 0.256717 0.254744 0.252006 0.248523 0.244324 0.239439 0.233905 0.227765 0.221066 0.213857 0.206193 0.198132 0.189733 0.181056 0.172166 0.163125 0.153994 0.144837 0.135711 0.126675 0.117782 0.109083 0.100622 0.0924425 0.0845789 0.0770626 0.0699187 0.0631671 0.056822 0.0508927 0.0453831 0.0402927 0.0356167 0.0313466 0.0274706 0.0239742 0.0208408 0.0180526 0.0155903 0.0134347 0.0115666 0.00996727 0.00861933 0.00750678 0.00661549 0.00593351 0.00545128 0.00516224 
0.00570315 0.00580079 0.00610926 0.00663375 0.007382 0.00836467 0.00959501 0.0110887 0.0128632 0.0149379 0.0173332 0.0200699 0.0231693 0.0266518 0.0305369 0.0348421 0.0395827 0.0447708 0.0504148 0.0565189 0.0630827 0.0701003 0.0775606 0.0854463 0.0937346 0.102396 0.111397 0.120695 0.130245 0.139996 0.149892 0.159875 0.16988 0.179844 0.1897 0.199379 0.208815 0.217939 0.226687 0.234994 0.2428 0.250047 0.256682 0.262655 0.267923 0.272447 0.276193 0.279133 0.281246 0.282516 0.282934 0.282497 0.281208 0.279077 0.27612 0.272358 0.267819 0.262537 0.256551 0.249906 0.242651 0.234838 0.226527 0.217778 0.208655 0.199223 0.18955 0.179703 0.16975 0.159758 0.149791 0.139911 0.130179 0.120648 0.11137 0.10239 0.0937484 0.0854799 0.0776131 0.0701706 0.0631691 0.0566198 0.050528 0.0448942 0.039714 0.034979 0.0306769 0.0267926 0.0233086 0.0202057 0.0174633 0.0150606 0.0129768 0.0111917 0.00968626 0.00844308 0.00744673 0.00668415 0.00614489 0.00582175 
0.00640463 0.00651392 0.0068582 0.00744312 0.00827715 0.00937189 0.0107418 0.0124038 0.0143771 0.0166825 0.019342 0.0223782 0.0258138 0.0296706 0.0339694 0.0387286 0.043964 0.0496879 0.0559087 0.0626298 0.0698496 0.0775606 0.0857493 0.094396 0.103474 0.112952 0.122789 0.132941 0.143358 0.153982 0.164753 0.175606 0.186474 0.197286 0.20797 0.218454 0.228663 0.238528 0.247977 0.256943 0.265361 0.273172 0.280318 0.286748 0.292416 0.29728 0.301307 0.304466 0.306736 0.3081 0.308549 0.308079 0.306693 0.304403 0.301224 0.297178 0.292296 0.286612 0.280168 0.273009 0.265187 0.25676 0.247789 0.238336 0.228472 0.218265 0.207787 0.197111 0.18631 0.175455 0.164618 0.153864 0.14326 0.132864 0.122734 0.112919 0.103464 0.0944078 0.0857826 0.0776142 0.069922 0.0627192 0.0560129 0.0498047 0.0440908 0.0388629 0.0341086 0.0298121 0.0259551 0.0225169 0.0194758 0.0168093 0.0144951 0.0125113 0.0108373 0.00945421 0.00834529 0.00749631 0.0068959 0.00653622 
0.00716042 0.00728219 0.00766473 0.00831418 0.00923974 0.010454 0.0119726 0.0138139 0.0159987 0.0185493 0.0214894 0.0248432 0.028635 0.032888 0.037624 0.0428623 0.0486192 0.0549073 0.0617342 0.0691028 0.07701 0.0854463 0.094396 0.103836 0.113737 0.124062 0.134768 0.145804 0.157116 0.168641 0.180313 0.192062 0.203815 0.215495 0.227026 0.238329 0.249327 0.259944 0.270104 0.279738 0.288777 0.297156 0.304818 0.311708 0.317778 0.322985 0.327293 0.330672 0.3331 0.334558 0.335037 0.334534 0.333052 0.330602 0.3272 0.322871 0.317643 0.311555 0.304648 0.296971 0.288578 0.279529 0.269888 0.259722 0.249103 0.238107 0.226808 0.215285 0.203615 0.191875 0.180142 0.168488 0.156984 0.145695 0.134682 0.124 0.1137 0.103824 0.0944075 0.0854808 0.0770659 0.0691784 0.0618272 0.0550153 0.0487397 0.0429924 0.0377609 0.0330289 0.0287772 0.0249839 0.0216261 0.0186796 0.0161206 0.0139255 0.0120721 0.01054 0.00931112 0.00837005 0.00770444 0.0073058 
0.00797005 0.00810512 0.00852831 0.00924626 0.0102689 0.0116099 0.0132861 0.0153173 0.0177257 0.0205354 0.0237718 0.0274607 0.0316277 0.0362975 0.0414929 0.047234 0.0535376 0.0604159 0.0678764 0.0759205 0.0845438 0.0937346 0.103474 0.113737 0.124489 0.13569 0.147291 0.159238 0.171469 0.183917 0.196512 0.209176 0.22183 0.234394 0.246784 0.258918 0.270714 0.282089 0.292967 0.303272 0.312933 0.321883 0.330061 0.337411 0.343882 0.349431 0.35402 0.357618 0.360202 0.361754 0.362263 0.361728 0.36015 0.357541 0.353917 0.349305 0.343733 0.337241 0.329872 0.321676 0.312711 0.303037 0.292722 0.281837 0.270458 0.258662 0.246531 0.234147 0.221593 0.208951 0.196304 0.183728 0.171301 0.159093 0.147172 0.135597 0.124423 0.113698 0.103462 0.0937475 0.0845809 0.07598 0.0679561 0.0605133 0.0536499 0.0473583 0.0416261 0.0364365 0.0317695 0.0276024 0.0239105 0.0206686 0.0178509 0.0154323 0.0133891 0.0116993 0.0103433 0.00930465 0.00856993 0.00813001 
0.00883232 0.00898147 0.00944759 0.0102379 0.011363 0.0128376 0.0146798 0.0169108 0.0195545 0.0226365 0.0261839 0.030224 0.0347841 0.03989 0.0455654 0.0518312 0.0587043 0.0661969 0.0743155 0.0830605 0.0924254 0.102396 0.112952 0.124062 0.13569 0.14779 0.160309 0.173186 0.186356 0.199746 0.213278 0.22687 0.240438 0.253895 0.267152 0.280123 0.292719 0.304855 0.316451 0.327426 0.337707 0.347225 0.355915 0.363721 0.370589 0.376476 0.381343 0.385157 0.387895 0.38954 0.39008 0.389512 0.387839 0.385073 0.381231 0.376339 0.370427 0.363535 0.355708 0.346997 0.337462 0.327165 0.316178 0.304573 0.292431 0.279832 0.266864 0.253611 0.240163 0.226608 0.213031 0.199519 0.186151 0.173005 0.160154 0.147663 0.135592 0.123994 0.112912 0.102385 0.0924414 0.0831017 0.0743798 0.0662816 0.0588066 0.0519479 0.0456933 0.0400257 0.0349244 0.0303657 0.0263237 0.0227717 0.0196823 0.0170289 0.0147859 0.01293 0.0114402 0.0102986 0.00949103 0.00900761 
0.00974527 0.00990924 0.0104205 0.0112866 0.0125192 0.0141338 0.0161499 0.0185901 0.0214798 0.0248463 0.0287183 0.0331247 0.0380941 0.0436535 0.0498276 0.0566377 0.0641009 0.0722288 0.0810273 0.0904951 0.100624 0.111397 0.122789 0.134768 0.147291 0.160309 0.173762 0.187587 0.20171 0.216053 0.230532 0.24506 0.259547 0.2739 0.288026 0.301833 0.315227 0.328121 0.340429 0.352069 0.362964 0.373042 0.382237 0.390491 0.39775 0.403969 0.409107 0.413133 0.416023 0.417758 0.418327 0.417728 0.415963 0.413044 0.408988 0.403821 0.397576 0.390291 0.382013 0.372795 0.362696 0.351784 0.34013 0.32781 0.314908 0.301509 0.287702 0.27358 0.259234 0.244759 0.230246 0.215786 0.201465 0.187368 0.173571 0.160147 0.14716 0.134668 0.122721 0.11136 0.100617 0.0905161 0.0810742 0.072299 0.0641914 0.0567452 0.0499487 0.0437846 0.0382316 0.0332652 0.0288583 0.0249827 0.0216096 0.0187106 0.0162587 0.0142289 0.0125988 0.0113495 0.0104656 0.00993657 
0.0107061 0.0108856 0.0114439 0.0123892 0.0137338 0.0154943 0.0176915 0.0203493 0.0234948 0.0271568 0.0313656 0.0361517 0.0415449 0.0475733 0.0542624 0.061634 0.0697049 0.0784864 0.087983 0.0981919 0.109102 0.120695 0.132941 0.145804 0.159238 0.173186 0.187587 0.202368 0.217452 0.232754 0.248184 0.263651 0.279056 0.294304 0.309294 0.32393 0.338116 0.351758 0.364769 0.377062 0.388559 0.399186 0.408876 0.417567 0.425207 0.431748 0.437151 0.441383 0.444419 0.446242 0.44684 0.44621 0.444355 0.441288 0.437025 0.431592 0.425021 0.417354 0.408636 0.398921 0.388272 0.376755 0.364444 0.35142 0.337766 0.323574 0.308935 0.293947 0.278706 0.263311 0.247859 0.232447 0.217167 0.20211 0.187357 0.172988 0.159072 0.145672 0.132843 0.12063 0.10907 0.0981907 0.0880106 0.0785402 0.0697818 0.0617307 0.0543752 0.0476983 0.0416784 0.0362899 0.0315049 0.0272936 0.0236258 0.0204717 0.0178025 0.0155917 0.0138156 0.012454 0.0114906 0.0109141 
0.0117113 0.0119069 0.012514 0.0135414 0.0150021 0.0169138 0.0192984 0.0221813 0.0255912 0.0295584 0.0341146 0.0392919 0.0451213 0.0516319 0.0588498 0.0667971 0.0754903 0.0849399 0.0951493 0.106114 0.11782 0.130245 0.143358 0.157116 0.171469 0.186356 0.20171 0.217452 0.233498 0.249759 0.266139 0.282539 0.298858 0.31499 0.330835 0.346289 0.361253 0.37563 0.389328 0.40226 0.414344 0.425504 0.435673 0.444788 0.452795 0.459648 0.465305 0.469735 0.472913 0.47482 0.475446 0.474787 0.472847 0.469636 0.465174 0.459484 0.452601 0.444563 0.435419 0.425223 0.414038 0.401932 0.38898 0.375266 0.360875 0.345903 0.330444 0.314599 0.29847 0.282161 0.265775 0.249413 0.233174 0.217153 0.201441 0.18612 0.171266 0.156949 0.143227 0.130151 0.117761 0.106089 0.0951559 0.0849757 0.0755521 0.0668813 0.0589528 0.0517495 0.0452496 0.0394268 0.0342521 0.0296946 0.0257227 0.0223049 0.019411 0.017013 0.0150858 0.0136079 0.0125621 0.0119364 
0.0127564 0.0129686 0.0136261 0.0147381 0.0163184 0.0183857 0.0209631 0.0240776 0.027759 0.0320394 0.0369519 0.0425299 0.0488056 0.055809 0.0635666 0.0721007 0.0814273 0.0915562 0.102489 0.114219 0.12673 0.139996 0.153982 0.168641 0.183917 0.199746 0.216053 0.232754 0.249759 0.266973 0.284295 0.301618 0.318836 0.335841 0.352524 0.36878 0.384504 0.399596 0.413962 0.427512 0.440163 0.451838 0.462467 0.471989 0.480349 0.487499 0.4934 0.498019 0.501331 0.503319 0.503971 0.503285 0.501263 0.497917 0.493264 0.48733 0.480147 0.471755 0.462203 0.451544 0.439841 0.427165 0.413593 0.399208 0.3841 0.368364 0.352102 0.335416 0.318413 0.301203 0.283891 0.266587 0.249395 0.232415 0.215744 0.199471 0.183678 0.168438 0.153818 0.139871 0.126642 0.114168 0.102473 0.0915724 0.0814725 0.0721711 0.0636585 0.055918 0.0489275 0.0426604 0.0370867 0.0321743 0.0278903 0.0242017 0.0210769 0.0184864 0.0164036 0.0148061 0.0136754 0.0129991 
0.013836 0.0140653 0.0147745 0.0159731 0.0176759 0.0199024 0.022677 0.026028 0.0299868 0.0345866 0.0398623 0.0458483 0.0525779 0.0600818 0.068387 0.0775156 0.0874832 0.0982982 0.109961 0.122462 0.135782 0.149892 0.164753 0.180313 0.196512 0.213278 0.230532 0.248184 0.266139 0.284295 0.302543 0.320774 0.338875 0.356732 0.374232 0.391267 0.407727 0.423511 0.438521 0.452666 0.46586 0.478027 0.489097 0.499006 0.5077 0.515133 0.521264 0.526062 0.529501 0.531565 0.532242 0.53153 0.529432 0.525958 0.521125 0.51496 0.507493 0.498765 0.488823 0.477723 0.465526 0.452304 0.438134 0.423102 0.4073 0.390825 0.37378 0.356275 0.338418 0.320322 0.302102 0.28387 0.265736 0.247807 0.230184 0.212964 0.196234 0.180074 0.164555 0.149735 0.135665 0.122384 0.109921 0.0982935 0.0875103 0.0775709 0.0684665 0.060181 0.0526923 0.0459733 0.0399934 0.0347194 0.0301171 0.0261522 0.0227914 0.0200041 0.0177623 0.0160423 0.0148248 0.0140967 
0.0149441 0.0151909 0.0159526 0.0172395 0.0190668 0.0214553 0.0244303 0.0280215 0.0322616 0.0371854 0.0428288 0.0492276 0.0564159 0.0644252 0.0732825 0.0830097 0.0936218 0.105126 0.11752 0.130793 0.144922 0.159875 0.175606 0.192062 0.209176 0.22687 0.24506 0.263651 0.282539 0.301618 0.320774 0.339891 0.35885 0.377535 0.395827 0.413613 0.430783 0.447231 0.462857 0.477569 0.491281 0.503915 0.5154 0.525674 0.534684 0.542382 0.548729 0.553694 0.557252 0.559387 0.560088 0.559352 0.557182 0.553589 0.548589 0.542206 0.534474 0.525429 0.515121 0.503602 0.490936 0.477194 0.462455 0.446804 0.430335 0.413148 0.395349 0.377048 0.358362 0.339405 0.320297 0.301156 0.282097 0.263234 0.244673 0.226518 0.20886 0.191787 0.175373 0.159684 0.144775 0.130688 0.117455 0.105099 0.0936299 0.0830488 0.0733485 0.0645134 0.0565218 0.0493462 0.0429554 0.0373153 0.0323903 0.028145 0.0245448 0.0215575 0.0191541 0.0173096 0.0160039 0.0152231 
0.0160738 0.0163383 0.0171532 0.0185293 0.0204826 0.0230346 0.026212 0.0300455 0.0345693 0.0398194 0.0458329 0.0526467 0.0602957 0.0688118 0.0782223 0.0885486 0.0998047 0.111996 0.12512 0.13916 0.154093 0.16988 0.186474 0.203815 0.22183 0.240438 0.259547 0.279056 0.298858 0.318836 0.338875 0.35885 0.378641 0.398123 0.417177 0.435684 0.453531 0.470611 0.486822 0.502071 0.516271 0.529344 0.541219 0.551835 0.561138 0.569083 0.575631 0.580751 0.58442 0.586621 0.587344 0.586586 0.58435 0.580646 0.575491 0.568907 0.560927 0.551588 0.540936 0.529026 0.515919 0.501687 0.486408 0.470169 0.453065 0.435197 0.416674 0.39761 0.378123 0.358333 0.338364 0.318338 0.298378 0.278601 0.259122 0.240047 0.221477 0.203503 0.186206 0.169657 0.153915 0.139027 0.125029 0.111947 0.0997927 0.0885705 0.0782738 0.0688883 0.0603922 0.0527581 0.0459542 0.0399455 0.0346957 0.0301678 0.0263261 0.023137 0.0205704 0.0186002 0.0172053 0.0163712 
0.0172176 0.0174999 0.0183683 0.019834 0.0219137 0.0246298 0.0280101 0.0320866 0.0368944 0.0424709 0.0488545 0.0560828 0.0641914 0.0732127 0.0831738 0.0940956 0.105991 0.118864 0.132709 0.147509 0.163234 0.179844 0.197286 0.215495 0.234394 0.253895 0.2739 0.294304 0.31499 0.335841 0.356732 0.377535 0.398123 0.418369 0.43815 0.457342 0.475832 0.49351 0.510273 0.526025 0.540682 0.554164 0.566402 0.577335 0.586909 0.595081 0.601813 0.607076 0.610846 0.613108 0.613851 0.613073 0.610777 0.606973 0.601675 0.594907 0.586699 0.577088 0.566118 0.553844 0.540326 0.525635 0.509849 0.493056 0.475352 0.456838 0.437627 0.417833 0.397578 0.376988 0.356189 0.335309 0.314476 0.293812 0.273438 0.253467 0.234004 0.215147 0.196983 0.179588 0.163025 0.147347 0.132593 0.118791 0.105958 0.0940995 0.08321 0.0732765 0.0642777 0.0561861 0.0489697 0.0425928 0.0370178 0.032207 0.0281233 0.024732 0.0220017 0.0199053 0.0184209 0.0175334 
0.0183673 0.0186673 0.0195891 0.0211441 0.0233498 0.0262295 0.0298119 0.0341301 0.0392204 0.0451214 0.0518724 0.0595118 0.0680759 0.0775971 0.0881026 0.0996124 0.112138 0.125683 0.140238 0.155782 0.172285 0.1897 0.20797 0.227026 0.246784 0.267152 0.288026 0.309294 0.330835 0.352524 0.374232 0.395827 0.417177 0.43815 0.458618 0.478459 0.497554 0.515792 0.53307 0.549292 0.564372 0.578232 0.590804 0.602027 0.61185 0.620229 0.627129 0.632521 0.636383 0.6387 0.639462 0.638667 0.636317 0.632421 0.626994 0.620059 0.611643 0.601783 0.590523 0.577913 0.564015 0.548899 0.532641 0.51533 0.497062 0.477941 0.458078 0.437592 0.416608 0.395254 0.373661 0.351961 0.330287 0.308768 0.287528 0.266688 0.246358 0.226643 0.207633 0.189411 0.172044 0.155591 0.140094 0.125586 0.112084 0.0995978 0.088123 0.0776476 0.0681512 0.0596065 0.0519809 0.0452383 0.0393404 0.0342483 0.0299238 0.0263311 0.0234377 0.0212156 0.0196421 0.0187014 
0.0195139 0.0198317 0.0208062 0.0224498 0.0247802 0.0278217 0.0316039 0.0361608 0.0415301 0.0477512 0.0548643 0.0629085 0.0719207 0.0819333 0.0929731 0.105059 0.118203 0.132404 0.147652 0.163923 0.181182 0.199379 0.218454 0.238329 0.258918 0.280123 0.301833 0.32393 0.346289 0.36878 0.391267 0.413613 0.435684 0.457342 0.478459 0.498907 0.518568 0.537327 0.555082 0.571738 0.587207 0.601414 0.61429 0.625777 0.635825 0.644391 0.651442 0.65695 0.660895 0.663261 0.66404 0.663229 0.660831 0.656853 0.651312 0.644226 0.635623 0.625538 0.614013 0.601098 0.586852 0.571344 0.554651 0.53686 0.518068 0.498378 0.477904 0.456768 0.435094 0.413016 0.390668 0.368188 0.34571 0.323371 0.3013 0.279623 0.258458 0.237911 0.218083 0.199058 0.180911 0.163703 0.147482 0.132283 0.118128 0.105026 0.0929773 0.0819701 0.0719847 0.0629941 0.0549656 0.0478627 0.0416462 0.0362763 0.031714 0.0279223 0.0248677 0.0225213 0.0208595 0.0198662 
0.0206485 0.0209835 0.02201 0.0237405 0.0261934 0.0293937 0.0333718 0.038163 0.0438055 0.0503399 0.0578072 0.0662472 0.0756969 0.0861887 0.0977492 0.110397 0.12414 0.138978 0.154898 0.171872 0.189862 0.208815 0.228663 0.249327 0.270714 0.292719 0.315227 0.338116 0.361253 0.384504 0.407727 0.430783 0.453531 0.475832 0.497554 0.518568 0.538751 0.557993 0.576187 0.593239 0.609063 0.623584 0.636735 0.648459 0.658708 0.667442 0.674627 0.680239 0.684256 0.686666 0.68746 0.686636 0.684195 0.680146 0.674503 0.667283 0.658514 0.648228 0.636465 0.623274 0.608713 0.592848 0.575756 0.557524 0.538247 0.51803 0.496988 0.475243 0.452924 0.430165 0.407105 0.383885 0.360646 0.337526 0.314663 0.292187 0.27022 0.248876 0.22826 0.208462 0.189562 0.171624 0.154702 0.138834 0.124043 0.110344 0.097737 0.0862116 0.0757492 0.0663232 0.057901 0.0504456 0.0439173 0.0382754 0.03348 0.0294931 0.0262803 0.0238118 0.0220634 0.0210185 
0.0217613 0.0221133 0.0231904 0.0250056 0.0275777 0.0309326 0.0351014 0.0401202 0.0460282 0.0528669 0.0606779 0.0695015 0.0793748 0.0903305 0.102394 0.115583 0.129906 0.145357 0.161923 0.179573 0.198264 0.217939 0.238528 0.259944 0.282089 0.304855 0.328121 0.351758 0.37563 0.399596 0.423511 0.447231 0.470611 0.49351 0.515792 0.537327 0.557993 0.577675 0.596269 0.61368 0.629825 0.644628 0.658025 0.669961 0.680388 0.689269 0.696573 0.702275 0.706356 0.708804 0.709612 0.708776 0.706299 0.702188 0.696455 0.689119 0.680203 0.669738 0.657764 0.644326 0.629481 0.613295 0.595841 0.577207 0.557486 0.536785 0.515218 0.492909 0.469989 0.446595 0.422868 0.398954 0.374997 0.351141 0.327528 0.304293 0.281564 0.259461 0.238093 0.217556 0.197934 0.179298 0.161702 0.145189 0.129788 0.115512 0.102365 0.0903392 0.0794154 0.0695678 0.0607639 0.0529665 0.0461354 0.0402292 0.0352072 0.0310305 0.0276638 0.0250765 0.0232438 0.0221485 
0.0228427 0.0232111 0.0243371 0.0262339 0.0289212 0.0324251 0.0367778 0.042016 0.0481798 0.0553113 0.0634528 0.0726449 0.0829251 0.0943256 0.106871 0.120579 0.135455 0.151492 0.168674 0.186967 0.206325 0.226687 0.247977 0.270104 0.292967 0.316451 0.340429 0.364769 0.389328 0.413962 0.438521 0.462857 0.486822 0.510273 0.53307 0.555082 0.576187 0.596269 0.615224 0.632959 0.64939 0.664444 0.678059 0.690181 0.700765 0.709774 0.71718 0.72296 0.727097 0.729578 0.730398 0.729552 0.727044 0.72288 0.71707 0.709632 0.700589 0.689968 0.677808 0.664152 0.649056 0.632581 0.614802 0.595804 0.575681 0.554538 0.532491 0.509663 0.486189 0.462206 0.43786 0.413299 0.388671 0.364126 0.339808 0.31586 0.292413 0.269593 0.247513 0.226275 0.205968 0.186666 0.168428 0.151302 0.135316 0.12049 0.106827 0.0943204 0.0829539 0.0727015 0.0635309 0.0554046 0.0482821 0.0421215 0.0368811 0.0325214 0.0290063 0.0263044 0.0243904 0.0232465 
0.0238828 0.0242669 0.0254396 0.0274146 0.0302119 0.0338582 0.0383864 0.0438339 0.0502417 0.0576523 0.0661086 0.0756515 0.0863186 0.0981416 0.111145 0.125344 0.140744 0.157336 0.1751 0.194 0.213987 0.234994 0.256943 0.279738 0.303272 0.327426 0.352069 0.377062 0.40226 0.427512 0.452666 0.477569 0.502071 0.526025 0.549292 0.571738 0.593239 0.61368 0.632959 0.650982 0.667666 0.682942 0.696747 0.709031 0.71975 0.72887 0.736364 0.742211 0.746395 0.748905 0.749734 0.748881 0.746347 0.742137 0.736263 0.728738 0.719585 0.70883 0.696508 0.682661 0.667343 0.650613 0.632545 0.613221 0.592736 0.571194 0.54871 0.52541 0.501428 0.476906 0.451989 0.426831 0.401582 0.376396 0.351423 0.326809 0.302691 0.279199 0.256451 0.234555 0.213603 0.193674 0.174831 0.157124 0.140586 0.125237 0.111085 0.0981228 0.0863357 0.0756984 0.0661787 0.0577393 0.0503391 0.0439358 0.0384871 0.0339527 0.0302958 0.0274845 0.0254927 0.0243025 
0.024872 0.0252709 0.0264879 0.0285367 0.0314379 0.0352188 0.0399127 0.0455579 0.0521957 0.0598695 0.0686224 0.0784957 0.0895267 0.101747 0.11518 0.129841 0.145732 0.162843 0.181151 0.200619 0.221191 0.2428 0.265361 0.288777 0.312933 0.337707 0.362964 0.388559 0.414344 0.440163 0.46586 0.491281 0.516271 0.540682 0.564372 0.587207 0.609063 0.629825 0.64939 0.667666 0.684573 0.700041 0.714012 0.726434 0.737269 0.746484 0.754052 0.759955 0.764179 0.766712 0.767551 0.766691 0.764135 0.759888 0.753959 0.746362 0.737116 0.726246 0.713785 0.699774 0.684262 0.667309 0.648985 0.629373 0.608565 0.586665 0.563789 0.540063 0.515622 0.490608 0.465171 0.439466 0.413647 0.387873 0.362296 0.337066 0.312327 0.288212 0.264845 0.242336 0.220783 0.200268 0.18086 0.16261 0.145554 0.129717 0.115105 0.101715 0.0895325 0.0785331 0.0686848 0.0599503 0.0522883 0.045656 0.0400107 0.0353114 0.0315206 0.0286059 0.0265407 0.0253067 
