0.000158386 0.000161626 0.000173261 0.000193668 0.000223439 0.000263405 0.000314638 0.000378444 0.000456354 0.000550119 0.000661691 0.000793212 0.000946982 0.00112544 0.00133112 0.00156661 0.00183451 0.00213737 0.00247765 0.0028576 0.00327926 0.00374434 0.00425415 0.00480956 0.00541089 0.00605784 0.0067495 0.00748421 0.00825959 0.00907246 0.0099189 0.0107942 0.0116929 0.0126088 0.0135351 0.0144644 0.0153889 0.0163002 0.0171899 0.0180493 0.0188699 0.0196429 0.0203603 0.0210143 0.0215975 0.0221034 0.0225262 0.0228611 0.0231041 0.0232524 0.0233043 0.0232592 0.0231176 0.0228813 0.0225529 0.0221365 0.0216367 0.0210594 0.0204111 0.019699 0.0189309 0.018115 0.0172597 0.0163737 0.0154656 0.0145438 0.0136167 0.012692 0.0117772 0.0108791 0.0100038 0.0091569 0.00834302 0.00756617 0.00682952 0.00613552 0.00548584 0.00488146 0.00432272 0.00380935 0.00334053 0.002915 0.0025311 0.00218684 0.00188001 0.0016082 0.00136888 0.0011595 0.000977485 0.000820318 0.000685577 0.000570967 0.000474349 0.000393764 0.000327454 0.000273872 0.000231696 0.000199833 0.000177427 0.000163884 
0.000161626 0.00016494 0.000176828 0.000197671 0.000228076 0.000268891 0.000321211 0.000386367 0.000465924 0.000561666 0.000675586 0.000809868 0.000966858 0.00114904 0.001359 0.00159937 0.00187281 0.00218191 0.00252915 0.00291685 0.00334707 0.00382154 0.0043416 0.0049081 0.00552137 0.00618111 0.00688635 0.0076354 0.00842582 0.00925437 0.010117 0.011009 0.0119247 0.0128578 0.0138015 0.0147481 0.0156897 0.0166178 0.0175238 0.0183989 0.0192342 0.0200213 0.0207516 0.0214172 0.0220108 0.0225257 0.022956 0.0232968 0.0235441 0.023695 0.0237477 0.0237017 0.0235576 0.0233169 0.0229827 0.0225588 0.02205 0.0214624 0.0208024 0.0200774 0.0192954 0.0184646 0.0175937 0.0166914 0.0157665 0.0148277 0.0138833 0.0129414 0.0120094 0.0110943 0.0102024 0.00933924 0.00850972 0.00771785 0.00696689 0.00625933 0.00559688 0.00498057 0.00441074 0.00388712 0.0034089 0.0029748 0.00258314 0.00223189 0.0019188 0.00164143 0.0013972 0.00118351 0.000997733 0.000837313 0.000699778 0.000582786 0.000484158 0.000401895 0.000334203 0.000279504 0.00023645 0.000203924 0.000181053 0.000167231 
0.000173261 0.000176828 0.00018956 0.000211866 0.000244388 0.000288031 0.000343956 0.000413576 0.00049855 0.000600772 0.000722353 0.000865603 0.001033 0.00122718 0.00145086 0.00170682 0.00199785 0.00232668 0.00269591 0.00310796 0.00356497 0.00406875 0.00462066 0.00522157 0.00587178 0.00657092 0.00731793 0.00811097 0.00894743 0.00982385 0.010736 0.0116786 0.012646 0.0136314 0.0146275 0.0156263 0.0166195 0.0175981 0.0185531 0.0194752 0.0203552 0.0211841 0.021953 0.0226537 0.0232784 0.0238202 0.0242728 0.0246312 0.0248912 0.0250498 0.0251051 0.0250565 0.0249047 0.0246513 0.0242994 0.0238531 0.0233175 0.0226988 0.0220038 0.0212402 0.0204164 0.019541 0.0186232 0.017672 0.0166967 0.0157064 0.0147099 0.0137156 0.0127315 0.0117648 0.0108224 0.00990991 0.00903263 0.00819481 0.00739994 0.00665068 0.00594888 0.00529568 0.00469146 0.00413599 0.00362846 0.00316754 0.00275149 0.00237821 0.00204533 0.00175028 0.00149039 0.00126289 0.00106503 0.000894101 0.000747499 0.000622748 0.000517541 0.000429761 0.000357509 0.000299111 0.000253136 0.000218402 0.000193979 0.000179226 
0.000193668 0.000197671 0.000211866 0.000236702 0.000272886 0.000321412 0.000383557 0.000460873 0.00055518 0.000668552 0.0008033 0.000961947 0.0011472 0.00136193 0.00160908 0.00189169 0.00221275 0.00257523 0.00298193 0.00343543 0.00393801 0.00449157 0.00509755 0.00575682 0.00646961 0.00723545 0.00805311 0.00892051 0.00983472 0.0107919 0.0117874 0.0128155 0.0138699 0.0149432 0.0160275 0.0171141 0.018194 0.0192574 0.0202947 0.0212957 0.0222507 0.0231497 0.0239833 0.0247427 0.0254195 0.0260063 0.0264964 0.0268843 0.0271656 0.027337 0.0273966 0.0273437 0.0271789 0.0269043 0.0265228 0.026039 0.0254584 0.0247876 0.0240339 0.0232057 0.0223118 0.0213616 0.0203649 0.0193316 0.0182717 0.0171948 0.0161107 0.0150284 0.0139566 0.0129032 0.0118754 0.0108798 0.00992194 0.00900654 0.00813746 0.00731767 0.00654928 0.00583357 0.00517105 0.00456154 0.00400421 0.00349769 0.00304014 0.00262932 0.00226269 0.0019375 0.00165083 0.00139971 0.00118115 0.000992212 0.000830051 0.00069197 0.000575447 0.000478171 0.000398061 0.000333283 0.000282267 0.000243718 0.000216614 0.000200252 
0.000223439 0.000228076 0.000244388 0.000272886 0.000314367 0.000369954 0.000441089 0.00052952 0.000637296 0.000766748 0.00092047 0.00110129 0.00131224 0.0015565 0.00183738 0.00215823 0.00252239 0.0029331 0.00339345 0.00390625 0.00447399 0.0050987 0.00578187 0.00652438 0.00732639 0.00818727 0.00910551 0.0100787 0.0111035 0.0121754 0.0132893 0.0144387 0.0156165 0.0168144 0.0180237 0.0192347 0.0204372 0.0216207 0.0227742 0.0238869 0.0249476 0.0259457 0.0268708 0.027713 0.0284634 0.0291137 0.0296566 0.0300861 0.0303974 0.0305869 0.0306525 0.0305935 0.0304105 0.0301057 0.0296826 0.029146 0.0285019 0.0277574 0.0269209 0.0260013 0.0250084 0.0239526 0.0228445 0.0216951 0.0205153 0.019316 0.0181079 0.0169009 0.0157047 0.0145282 0.0133794 0.0122657 0.0111933 0.0101676 0.00919296 0.00827278 0.00740951 0.0066047 0.00585902 0.00517236 0.0045439 0.0039722 0.00345528 0.00299071 0.00257573 0.0022073 0.00188221 0.00159718 0.00134887 0.00113403 0.000949474 0.000792191 0.000659359 0.000548386 0.000456934 0.000382942 0.000324645 0.000280581 0.000249603 0.000230915 
0.000263405 0.000268891 0.000288031 0.000321412 0.000369954 0.000434951 0.000518056 0.000621279 0.000746969 0.000897792 0.00107671 0.00128696 0.00153198 0.00181539 0.00214092 0.00251237 0.00293349 0.00340791 0.00393907 0.00453009 0.00518368 0.00590206 0.0066868 0.00753877 0.00845799 0.00944361 0.0104938 0.0116056 0.0127752 0.0139974 0.0152661 0.0165741 0.017913 0.0192737 0.020646 0.0220191 0.0233816 0.0247214 0.0260264 0.0272842 0.0284826 0.0296095 0.0306534 0.0316034 0.0324493 0.033182 0.0337934 0.034277 0.0346272 0.0348402 0.0349136 0.0348466 0.03464 0.0342961 0.0338189 0.0332136 0.0324869 0.031647 0.0307028 0.0296644 0.0285428 0.0273495 0.0260964 0.0247957 0.0234599 0.0221011 0.0207311 0.0193614 0.0180029 0.0166655 0.0153586 0.0140904 0.0128681 0.0116979 0.0105849 0.00953309 0.0085453 0.00762345 0.00676845 0.00598031 0.00525822 0.00460064 0.00400545 0.00346997 0.00299113 0.00256557 0.00218968 0.00185975 0.00157205 0.00132287 0.00110861 0.000925842 0.000771348 0.00064217 0.000535635 0.000449385 0.000381395 0.00032999 0.000293851 0.000272068 
0.000314638 0.000321211 0.000343956 0.000383557 0.000441089 0.000518056 0.000616383 0.000738404 0.000886841 0.00106479 0.00127566 0.00152319 0.00181134 0.00214426 0.00252624 0.00296158 0.00345456 0.0040093 0.00462964 0.00531909 0.00608065 0.0069167 0.00782893 0.00881815 0.00988424 0.011026 0.0122413 0.0135265 0.0148769 0.0162866 0.0177484 0.0192539 0.0207935 0.0223566 0.0239317 0.0255062 0.0270672 0.028601 0.0300938 0.0315316 0.0329005 0.034187 0.0353779 0.0364611 0.0374252 0.0382598 0.038956 0.0395063 0.0399046 0.0401466 0.0402296 0.0401528 0.0399169 0.0395247 0.0389805 0.0382903 0.0374616 0.0365034 0.035426 0.0342406 0.0329595 0.0315958 0.030163 0.0286748 0.0271453 0.0255883 0.0240172 0.0224453 0.0208847 0.0193472 0.0178432 0.0163824 0.0149731 0.0136225 0.0123365 0.01112 0.00997631 0.00890784 0.00791578 0.00700029 0.00616059 0.00539508 0.00470141 0.00407665 0.00351735 0.00301973 0.00257971 0.00219309 0.00185558 0.00156295 0.00131108 0.00109602 0.000914055 0.000761777 0.000636092 0.00053427 0.000453961 0.000393223 0.000350523 0.000324805 
0.000378444 0.000386367 0.000413576 0.000460873 0.00052952 0.000621279 0.000738404 0.000883621 0.00106011 0.00127147 0.00152169 0.00181507 0.00215623 0.00254995 0.00300117 0.00351483 0.0040958 0.00474878 0.00547813 0.00628775 0.00718099 0.00816045 0.00922789 0.0103841 0.0116286 0.01296 0.0143754 0.0158706 0.01744 0.0190765 0.0207717 0.0225157 0.0242974 0.0261046 0.0279238 0.0297408 0.0315406 0.0333076 0.0350259 0.0366797 0.0382532 0.0397309 0.0410981 0.0423408 0.0434463 0.0444029 0.0452006 0.0458307 0.0462865 0.0465632 0.0466576 0.046569 0.0462981 0.0458481 0.0452237 0.0444319 0.043481 0.0423812 0.0411441 0.0397825 0.0383102 0.0367421 0.0350934 0.03338 0.0316177 0.0298223 0.0280093 0.0261936 0.0243896 0.0226105 0.0208686 0.0191749 0.0175394 0.0159704 0.0144749 0.0130587 0.0117258 0.0104792 0.00932047 0.00824997 0.00726701 0.00636987 0.00555602 0.00482218 0.0041645 0.00357869 0.00306012 0.00260397 0.00220534 0.00185935 0.00156125 0.00130645 0.00109067 0.000909933 0.000760639 0.000639607 0.000544096 0.000471835 0.000421036 0.000390459 
0.000456354 0.000465924 0.00049855 0.00055518 0.000637296 0.000746969 0.000886841 0.00106011 0.00127049 0.0015222 0.00181986 0.00216852 0.0025735 0.00304035 0.00357476 0.00418242 0.00486892 0.00563959 0.00649937 0.00745266 0.00850315 0.00965367 0.0109061 0.012261 0.0137177 0.0152744 0.0169273 0.0186715 0.0205002 0.0224049 0.0243759 0.0264016 0.0284689 0.0305637 0.0326705 0.0347728 0.0368532 0.0388941 0.0408772 0.0427843 0.0445975 0.0462993 0.0478728 0.0493023 0.0505732 0.0516725 0.0525886 0.0533119 0.053835 0.0541521 0.0542599 0.0541574 0.0538456 0.0533279 0.0526099 0.0516992 0.0506054 0.04934 0.047916 0.0463479 0.0446517 0.0428439 0.040942 0.0389642 0.0369283 0.0348527 0.0327549 0.0306523 0.0285613 0.0264972 0.0244743 0.0225056 0.0206024 0.0187748 0.017031 0.0153777 0.0138201 0.0123618 0.0110047 0.00974953 0.00859571 0.00754145 0.00658398 0.00571967 0.0049442 0.00425269 0.00363988 0.00310024 0.00262814 0.00221795 0.00186416 0.00156148 0.00130491 0.00108981 0.000911998 0.000767745 0.000653849 0.000567648 0.000507049 0.000470598 
0.000550119 0.000561666 0.000600772 0.000668552 0.000766748 0.000897792 0.00106479 0.00127147 0.0015222 0.00182188 0.00217592 0.00259017 0.00307082 0.00362429 0.00425714 0.0049759 0.00578698 0.00669643 0.00770986 0.00883218 0.0100675 0.0114188 0.0128881 0.0144757 0.0161808 0.0180007 0.0199309 0.0219654 0.024096 0.0263129 0.0286044 0.030957 0.0333556 0.0357837 0.0382232 0.0406553 0.0430601 0.045417 0.0477055 0.0499046 0.0519939 0.0539534 0.0557642 0.0574083 0.0588693 0.0601323 0.0611844 0.0620147 0.0626148 0.0629783 0.0631014 0.0629829 0.0626241 0.0620288 0.0612033 0.0601561 0.0588981 0.0574423 0.0558034 0.0539979 0.0520438 0.04996 0.0477663 0.0454834 0.0431318 0.0407323 0.0383053 0.0358706 0.033447 0.0310524 0.0287034 0.0264149 0.0242005 0.0220716 0.0200383 0.0181084 0.0162883 0.0145822 0.0129928 0.0115212 0.0101669 0.00892804 0.00780165 0.00678372 0.0058694 0.00505317 0.00432903 0.00369066 0.0031316 0.00264535 0.00222553 0.001866 0.00156096 0.00130501 0.00109325 0.000921353 0.000785552 0.000682739 0.000610458 0.000567007 
0.000661691 0.000675586 0.000722353 0.0008033 0.00092047 0.00107671 0.00127566 0.00152169 0.00181986 0.00217592 0.00259615 0.00308733 0.00365662 0.00431144 0.00505935 0.00590782 0.00686417 0.00793528 0.00912745 0.0104462 0.011896 0.0134801 0.0152004 0.0170572 0.019049 0.0211725 0.0234221 0.0257906 0.0282683 0.0308435 0.0335025 0.0362296 0.0390071 0.0418159 0.0446354 0.0474435 0.0502177 0.0529344 0.05557 0.0581008 0.0605035 0.0627555 0.0648352 0.0667224 0.0683985 0.0698468 0.0710527 0.072004 0.0726911 0.0731069 0.0732473 0.0731107 0.0726988 0.0720157 0.0710684 0.0698667 0.0684229 0.0667514 0.0648691 0.0627944 0.0605477 0.0581505 0.0556253 0.0529954 0.0502845 0.0475161 0.0447135 0.0418996 0.039096 0.0363233 0.0336008 0.0309457 0.0283739 0.0258989 0.0235324 0.021284 0.0191611 0.017169 0.0153111 0.013589 0.0120023 0.0105493 0.0092267 0.00803014 0.00695417 0.00599257 0.00513853 0.00438485 0.00372409 0.00314879 0.0026516 0.00222539 0.00186344 0.00155949 0.00130783 0.00110339 0.000941797 0.000819416 0.000733374 0.000681681 
0.000793212 0.000809868 0.000865603 0.000961947 0.00110129 0.00128696 0.00152319 0.00181507 0.00216852 0.00259017 0.00308733 0.00366782 0.00433992 0.00511216 0.00599318 0.00699156 0.00811558 0.00937304 0.010771 0.0123156 0.0140117 0.0158627 0.0178706 0.0200353 0.0223547 0.0248245 0.0274382 0.0301868 0.0330589 0.0360408 0.0391164 0.0422674 0.0454734 0.0487123 0.0519603 0.0551924 0.0583823 0.0615036 0.0645292 0.0674323 0.0701864 0.072766 0.0751469 0.0773061 0.0792227 0.080878 0.0822557 0.0833421 0.0841263 0.0846006 0.0847601 0.0846034 0.084132 0.0833507 0.0822675 0.0808932 0.0792416 0.0773289 0.075174 0.0727979 0.0702232 0.0674745 0.064577 0.0615573 0.0584421 0.0552584 0.0520326 0.0487908 0.045558 0.0423578 0.0392122 0.0361416 0.0331641 0.0302958 0.0275503 0.0249389 0.0224706 0.0201518 0.0179868 0.0159778 0.0141247 0.0124259 0.0108778 0.00947566 0.00821344 0.00708414 0.00608008 0.00519305 0.00441457 0.00373607 0.00314911 0.00264547 0.00221737 0.00185756 0.00155942 0.00131707 0.00112541 0.000980203 0.000878107 0.000816803 
0.000946982 0.000966858 0.001033 0.0011472 0.00131224 0.00153198 0.00181134 0.00215623 0.0025735 0.00307082 0.00365662 0.00433992 0.00513022 0.00603728 0.00707098 0.00824106 0.0095569 0.0110272 0.01266 0.0144619 0.0164383 0.0185927 0.0209269 0.0234405 0.0261306 0.0289918 0.0320163 0.0351932 0.0385093 0.0419483 0.0454915 0.0491177 0.0528035 0.0565233 0.0602499 0.0639546 0.0676079 0.0711793 0.0746385 0.0779549 0.081099 0.0840418 0.0867561 0.0892163 0.091399 0.0932832 0.0948506 0.0960861 0.0969776 0.0975163 0.097697 0.0975178 0.0969808 0.0960911 0.0948576 0.0932925 0.091411 0.0892315 0.0867749 0.0840647 0.0811265 0.0779876 0.0746767 0.0712236 0.0676585 0.0640119 0.060314 0.0565944 0.0528815 0.0492026 0.0455829 0.0420458 0.0386125 0.0353014 0.0321288 0.0291078 0.0262492 0.0235607 0.0210479 0.0187134 0.0165577 0.0145792 0.0127743 0.0111377 0.00966273 0.0083417 0.00716589 0.00612601 0.00521243 0.00441538 0.00372516 0.00313237 0.00262803 0.00220379 0.00185199 0.00156583 0.00133941 0.0011678 0.00104714 0.00097472 
0.00112544 0.00114904 0.00122718 0.00136193 0.0015565 0.00181539 0.00214426 0.00254995 0.00304035 0.00362429 0.00431144 0.00511216 0.00603728 0.00709795 0.00830537 0.00967056 0.0112041 0.0129157 0.0148142 0.0169069 0.0191995 0.0216959 0.0243973 0.0273029 0.030409 0.0337088 0.0371929 0.0408484 0.0446597 0.0486079 0.0526713 0.0568255 0.0610434 0.0652959 0.069552 0.0737791 0.0779436 0.0820113 0.0859477 0.0897188 0.0932912 0.0966327 0.0997127 0.102503 0.104977 0.107111 0.108886 0.110285 0.111293 0.111903 0.112106 0.111903 0.111294 0.110285 0.108888 0.107114 0.104981 0.102509 0.0997214 0.0966448 0.0933074 0.0897397 0.085974 0.0820435 0.0779824 0.073825 0.0696053 0.065357 0.0611123 0.0569023 0.0527558 0.0486999 0.0447586 0.0409538 0.0373039 0.0338247 0.0305288 0.0274257 0.0245219 0.0218212 0.0193246 0.0170306 0.0149355 0.0130337 0.0113178 0.00977931 0.00840844 0.00719476 0.00612737 0.00519517 0.00438713 0.00369247 0.00310095 0.00260294 0.00218967 0.00185328 0.00158697 0.00138507 0.00124309 0.00115791 
0.00133112 0.001359 0.00145086 0.00160908 0.00183738 0.00214092 0.00252624 0.00300117 0.00357476 0.00425714 0.00505935 0.00599318 0.00707098 0.00830537 0.009709 0.0112943 0.013073 0.015056 0.0172529 0.0196718 0.0223187 0.0251973 0.0283089 0.0316516 0.0352207 0.0390081 0.0430022 0.0471882 0.0515475 0.0560583 0.0606956 0.0654313 0.0702346 0.0750722 0.0799091 0.0847083 0.0894321 0.0940419 0.0984992 0.102766 0.106805 0.110579 0.114057 0.117205 0.119995 0.122401 0.124401 0.125976 0.127111 0.127797 0.128025 0.127795 0.127108 0.125971 0.124396 0.122395 0.119989 0.1172 0.114054 0.110579 0.106807 0.102773 0.098511 0.0940596 0.0894565 0.0847401 0.0799488 0.0751204 0.0702916 0.0654972 0.0607705 0.056142 0.0516397 0.0472883 0.0431096 0.0391219 0.0353399 0.0317752 0.0284357 0.0253263 0.0224485 0.0198012 0.0173808 0.0151811 0.0131944 0.011411 0.00982024 0.00841037 0.00716913 0.006084 0.00514246 0.00433227 0.00364175 0.00305991 0.00257671 0.00218314 0.00187139 0.00163495 0.00146867 0.00136897 
0.00156661 0.00159937 0.00170682 0.00189169 0.00215823 0.00251237 0.00296158 0.00351483 0.00418242 0.0049759 0.00590782 0.00699156 0.00824106 0.00967056 0.0112943 0.013126 0.0151789 0.0174651 0.0199949 0.022777 0.0258178 0.0291208 0.0326869 0.0365134 0.0405942 0.0449195 0.0494756 0.0542448 0.0592058 0.0643334 0.0695989 0.0749701 0.0804121 0.0858873 0.091356 0.0967767 0.102107 0.107304 0.112325 0.117127 0.121669 0.125911 0.129817 0.13335 0.13648 0.139178 0.141419 0.143183 0.144455 0.145222 0.145477 0.145218 0.144448 0.143173 0.141406 0.139162 0.136463 0.133333 0.1298 0.125896 0.121656 0.117117 0.11232 0.107305 0.102114 0.0967914 0.0913791 0.0859196 0.0804541 0.0750222 0.0696612 0.064406 0.0592884 0.054337 0.0495767 0.0450288 0.0407108 0.036636 0.0328144 0.0292518 0.0259509 0.022911 0.0201284 0.0175968 0.0153076 0.0132505 0.0114135 0.00978372 0.00834735 0.00709033 0.00599857 0.00505824 0.00425607 0.0035796 0.00301738 0.00255915 0.00219599 0.00192046 0.00172667 0.00161052 
0.00183451 0.00187281 0.00199785 0.00221275 0.00252239 0.00293349 0.00345456 0.0040958 0.00486892 0.00578698 0.00686417 0.00811558 0.0095569 0.0112041 0.013073 0.0151789 0.0175365 0.0201589 0.0230574 0.0262412 0.0297169 0.0334879 0.0375543 0.0419124 0.0465547 0.0514691 0.0566396 0.0620456 0.0676624 0.0734611 0.0794089 0.0854694 0.091603 0.0977674 0.103918 0.110009 0.115992 0.12182 0.127445 0.132821 0.137902 0.142644 0.147006 0.15095 0.154442 0.157451 0.159949 0.161915 0.163331 0.164184 0.164467 0.164178 0.163319 0.161898 0.159927 0.157425 0.154413 0.150919 0.146973 0.142611 0.13787 0.132792 0.12742 0.1218 0.115979 0.110003 0.103921 0.0977805 0.0916267 0.0855043 0.0794554 0.0735194 0.0677324 0.0621269 0.0567317 0.0515713 0.046666 0.0420318 0.0376803 0.0336192 0.029852 0.0263786 0.0231955 0.0202963 0.0176717 0.0153106 0.0131999 0.0113252 0.00967125 0.00822234 0.00696267 0.00587669 0.00494943 0.00416683 0.00351591 0.00298503 0.00256408 0.00224459 0.00201985 0.0018852 
0.00213737 0.00218191 0.00232668 0.00257523 0.0029331 0.00340791 0.0040093 0.00474878 0.00563959 0.00669643 0.00793528 0.00937304 0.0110272 0.0129157 0.015056 0.0174651 0.0201589 0.0231517 0.0264559 0.030081 0.0340337 0.038317 0.0429304 0.0478688 0.0531227 0.0586779 0.0645155 0.0706118 0.0769383 0.0834619 0.0901455 0.0969479 0.103825 0.110728 0.117609 0.124416 0.131096 0.137597 0.143866 0.149851 0.155504 0.160775 0.165622 0.170001 0.173875 0.177211 0.179981 0.182159 0.183727 0.184672 0.184985 0.184664 0.183711 0.182135 0.17995 0.177174 0.173833 0.169954 0.165572 0.160724 0.155452 0.149801 0.143819 0.137554 0.13106 0.124387 0.11759 0.110719 0.103827 0.0969622 0.0901727 0.0835025 0.0769923 0.0706791 0.0645956 0.0587702 0.0532262 0.0479824 0.0430527 0.0384466 0.0341688 0.0302201 0.0265973 0.0232937 0.0202998 0.0176033 0.0151901 0.0130445 0.0111495 0.00948771 0.00804154 0.0067936 0.0057271 0.00482622 0.00407637 0.0034644 0.0029789 0.00261027 0.00235094 0.00219562 
0.00247765 0.00252915 0.00269591 0.00298193 0.00339345 0.00393907 0.00462964 0.00547813 0.00649937 0.00770986 0.00912745 0.010771 0.01266 0.0148142 0.0172529 0.0199949 0.0230574 0.0264559 0.0302034 0.0343101 0.0387825 0.0436232 0.0488305 0.0543978 0.0603136 0.0665611 0.0731181 0.0799573 0.0870462 0.0943473 0.101819 0.109414 0.117083 0.124774 0.132432 0.139998 0.147417 0.154629 0.161577 0.168205 0.17446 0.180288 0.185643 0.190478 0.194753 0.198433 0.201486 0.203886 0.205613 0.206654 0.206998 0.206643 0.205592 0.203854 0.201445 0.198383 0.194696 0.190414 0.185574 0.180217 0.174386 0.168132 0.161505 0.154561 0.147354 0.139943 0.132386 0.124739 0.11706 0.109404 0.101823 0.0943667 0.0870808 0.0800072 0.0731829 0.0666403 0.0604063 0.0545029 0.0489466 0.0437487 0.0389157 0.0344492 0.0303465 0.0266011 0.0232028 0.0201388 0.0173936 0.0149501 0.0127898 0.0108934 0.00924137 0.00781446 0.00659393 0.00556208 0.00470256 0.00400064 0.00344347 0.00302028 0.00272252 0.00254424 
0.0028576 0.00291685 0.00310796 0.00343543 0.00390625 0.00453009 0.00531909 0.00628775 0.00745266 0.00883218 0.0104462 0.0123156 0.0144619 0.0169069 0.0196718 0.022777 0.0262412 0.030081 0.0343101 0.038939 0.0439739 0.0494169 0.0552649 0.0615095 0.0681368 0.0751269 0.0824544 0.0900878 0.0979901 0.106119 0.114428 0.122864 0.131373 0.139896 0.148372 0.156739 0.164933 0.172892 0.180552 0.187853 0.194736 0.201145 0.207028 0.212338 0.21703 0.221066 0.224413 0.227043 0.228936 0.230075 0.230451 0.230061 0.228909 0.227004 0.224361 0.221003 0.216957 0.212257 0.20694 0.201051 0.194639 0.187754 0.180454 0.172796 0.164843 0.156655 0.148297 0.139832 0.131322 0.122827 0.114406 0.106114 0.0980018 0.0901167 0.0825005 0.0751897 0.0682155 0.0616031 0.055372 0.0495359 0.0441029 0.039076 0.0344532 0.0302279 0.0263899 0.0229255 0.0198182 0.0170493 0.0145987 0.0124453 0.0105676 0.00894411 0.00755423 0.00637824 0.00539792 0.00459682 0.00396059 0.00347717 0.00313699 0.00293338 
0.00327926 0.00334707 0.00356497 0.00393801 0.00447399 0.00518368 0.00608065 0.00718099 0.00850315 0.0100675 0.011896 0.0140117 0.0164383 0.0191995 0.0223187 0.0258178 0.0297169 0.0340337 0.0387825 0.0439739 0.049614 0.0557036 0.0622382 0.0692073 0.0765943 0.0843759 0.0925229 0.101 0.109764 0.118768 0.127961 0.137283 0.146674 0.15607 0.165404 0.174607 0.183611 0.192346 0.200746 0.208745 0.216279 0.223289 0.229718 0.235517 0.240638 0.245041 0.24869 0.251557 0.253619 0.254859 0.255268 0.254843 0.253587 0.251509 0.248628 0.244964 0.240549 0.235417 0.229609 0.223172 0.216156 0.208619 0.20062 0.192221 0.183489 0.174492 0.165297 0.155974 0.146592 0.137215 0.127909 0.118735 0.109749 0.101004 0.0925469 0.0844191 0.0766559 0.0692864 0.0623334 0.0558133 0.0497363 0.0441067 0.0389235 0.0341806 0.0298674 0.0259697 0.0224697 0.0193476 0.0165815 0.0141483 0.0120245 0.0101865 0.00861162 0.00727797 0.00616539 0.00525562 0.0045327 0.00398321 0.00359647 0.00336508 
0.00374434 0.00382154 0.00406875 0.00449157 0.0050987 0.00590206 0.0069167 0.00816045 0.00965367 0.0114188 0.0134801 0.0158627 0.0185927 0.0216959 0.0251973 0.0291208 0.0334879 0.038317 0.0436232 0.0494169 0.0557036 0.062483 0.0697487 0.0774878 0.0856806 0.0943003 0.103313 0.112679 0.12235 0.132274 0.142393 0.152642 0.162954 0.173259 0.183484 0.193554 0.203396 0.212935 0.222097 0.230814 0.239016 0.246642 0.253631 0.25993 0.265489 0.270266 0.274224 0.277332 0.279566 0.280909 0.281352 0.28089 0.279528 0.277276 0.27415 0.270176 0.265384 0.259811 0.253501 0.246501 0.238868 0.23066 0.22194 0.212778 0.203242 0.193405 0.183343 0.173129 0.162837 0.15254 0.142309 0.132209 0.122306 0.112656 0.103312 0.0943203 0.0857218 0.0775493 0.0698291 0.0625806 0.0558166 0.0495431 0.0437601 0.0384621 0.0336386 0.0292747 0.0253518 0.0218486 0.0187416 0.0160056 0.0136152 0.0115447 0.00976883 0.00826379 0.0070073 0.00597918 0.00516179 0.00454025 0.00410275 0.00384105 
0.00425415 0.0043416 0.00462066 0.00509755 0.00578187 0.0066868 0.00782893 0.00922789 0.0109061 0.0128881 0.0152004 0.0178706 0.0209269 0.0243973 0.0283089 0.0326869 0.0375543 0.0429304 0.0488305 0.0552649 0.0622382 0.0697487 0.0777879 0.0863401 0.0953821 0.104883 0.114805 0.125102 0.135721 0.146604 0.157686 0.168898 0.180164 0.191409 0.202553 0.213517 0.224219 0.23458 0.244523 0.253973 0.262857 0.271109 0.278667 0.285472 0.291475 0.29663 0.300899 0.30425 0.306658 0.308106 0.308582 0.308084 0.306615 0.304186 0.300815 0.296527 0.291354 0.285334 0.278514 0.270944 0.262682 0.25379 0.244336 0.234391 0.22403 0.213332 0.202376 0.191242 0.18001 0.16876 0.157567 0.146505 0.135644 0.125047 0.114774 0.104877 0.0953996 0.0863807 0.0778504 0.0698314 0.0623392 0.0553819 0.048961 0.0430716 0.0377034 0.0328412 0.0284655 0.0245537 0.0210805 0.0180191 0.0153417 0.0130203 0.0110276 0.00933738 0.00792524 0.00676903 0.00584931 0.00514971 0.00465718 0.00436264 
0.00480956 0.0049081 0.00522157 0.00575682 0.00652438 0.00753877 0.00881815 0.0103841 0.012261 0.0144757 0.0170572 0.0200353 0.0234405 0.0273029 0.0316516 0.0365134 0.0419124 0.0478688 0.0543978 0.0615095 0.0692073 0.0774878 0.0863401 0.0957453 0.105676 0.116098 0.126968 0.138233 0.149837 0.161713 0.173791 0.185995 0.198243 0.210452 0.222538 0.234414 0.245993 0.257191 0.267926 0.278117 0.28769 0.296574 0.304704 0.312019 0.318467 0.324001 0.328582 0.332176 0.334757 0.336309 0.336819 0.336285 0.334709 0.332103 0.328487 0.323884 0.318329 0.311862 0.30453 0.296385 0.287488 0.277905 0.267707 0.256968 0.245769 0.234193 0.222323 0.210247 0.19805 0.185818 0.173633 0.161577 0.149724 0.138145 0.126905 0.116062 0.105667 0.0957619 0.0863816 0.0775527 0.0692936 0.0616148 0.0545195 0.0480039 0.0420581 0.0366665 0.031809 0.0274617 0.0235978 0.0201885 0.0172039 0.0146138 0.0123885 0.0104994 0.00891998 0.00762597 0.0065961 0.0058124 0.00526059 0.00493069 
0.00541089 0.00552137 0.00587178 0.00646961 0.00732639 0.00845799 0.00988424 0.0116286 0.0137177 0.0161808 0.019049 0.0223547 0.0261306 0.030409 0.0352207 0.0405942 0.0465547 0.0531227 0.0603136 0.0681368 0.0765943 0.0856806 0.0953821 0.105676 0.116533 0.12791 0.139761 0.152028 0.164646 0.177544 0.190644 0.203863 0.217114 0.230306 0.243349 0.256149 0.268615 0.280658 0.292189 0.303126 0.313389 0.322904 0.331604 0.339427 0.346318 0.352229 0.357118 0.360953 0.363707 0.365361 0.365905 0.365335 0.363653 0.360873 0.357013 0.352099 0.346165 0.339253 0.33141 0.322692 0.313161 0.302885 0.291939 0.280401 0.268356 0.255891 0.243095 0.230061 0.216881 0.203646 0.190446 0.177368 0.164494 0.151902 0.139664 0.127842 0.116493 0.105666 0.0953998 0.0857248 0.0766631 0.0682278 0.0604241 0.0532496 0.0466948 0.0407443 0.0353773 0.0305688 0.0262905 0.0225117 0.0192004 0.0163242 0.0138508 0.0117495 0.00999134 0.00854999 0.00740226 0.00652855 0.00591326 0.00554549 
0.00605784 0.00618111 0.00657092 0.00723545 0.00818727 0.00944361 0.011026 0.01296 0.0152744 0.0180007 0.0211725 0.0248245 0.0289918 0.0337088 0.0390081 0.0449195 0.0514691 0.0586779 0.0665611 0.0751269 0.0843759 0.0943003 0.104883 0.116098 0.12791 0.140274 0.153134 0.166429 0.180086 0.194028 0.20817 0.222421 0.236688 0.250875 0.264882 0.278612 0.291969 0.304856 0.317183 0.328861 0.33981 0.349951 0.359216 0.36754 0.374867 0.381147 0.38634 0.390411 0.393334 0.395089 0.395666 0.39506 0.393276 0.390325 0.386226 0.381006 0.3747 0.367348 0.359002 0.349717 0.339557 0.328593 0.316902 0.304567 0.291675 0.278317 0.26459 0.250589 0.236414 0.222162 0.20793 0.19381 0.179894 0.166264 0.152999 0.14017 0.127838 0.116058 0.104874 0.094321 0.0844246 0.0752011 0.066658 0.0587944 0.0516017 0.0450647 0.0391622 0.0338683 0.0291531 0.0249843 0.0213277 0.0181486 0.0154124 0.013086 0.0111381 0.00954017 0.00826712 0.00729765 0.00661481 0.00620675 
0.0067495 0.00688635 0.00731793 0.00805311 0.00910551 0.0104938 0.0122413 0.0143754 0.0169273 0.0199309 0.0234221 0.0274382 0.0320163 0.0371929 0.0430022 0.0494756 0.0566396 0.0645155 0.0731181 0.0824544 0.0925229 0.103313 0.114805 0.126968 0.139761 0.153134 0.167027 0.181369 0.196084 0.211085 0.226281 0.241574 0.256864 0.272048 0.287021 0.30168 0.315923 0.329649 0.342763 0.355174 0.366797 0.377554 0.387371 0.396185 0.403937 0.410578 0.416067 0.420367 0.423454 0.425307 0.425915 0.425276 0.423392 0.420275 0.415944 0.410427 0.403758 0.395978 0.387139 0.377299 0.366521 0.35488 0.342454 0.329328 0.315595 0.301349 0.286691 0.271722 0.256548 0.241272 0.225997 0.210824 0.195849 0.181164 0.166852 0.152993 0.139654 0.126895 0.114767 0.103308 0.0925489 0.0825093 0.0731992 0.0646194 0.0567627 0.0496141 0.0431523 0.0373505 0.0321777 0.0275997 0.0235803 0.0200826 0.0170697 0.014506 0.0123579 0.0105946 0.00918914 0.00811842 0.00736414 0.00691348 
0.00748421 0.0076354 0.00811097 0.00892051 0.0100787 0.0116056 0.0135265 0.0158706 0.0186715 0.0219654 0.0257906 0.0301868 0.0351932 0.0408484 0.0471882 0.0542448 0.0620456 0.0706118 0.0799573 0.0900878 0.101 0.112679 0.125102 0.138233 0.152028 0.166429 0.181369 0.196773 0.212556 0.228624 0.244879 0.261216 0.277529 0.293707 0.30964 0.325219 0.340336 0.354887 0.368774 0.381902 0.394184 0.405539 0.415893 0.425181 0.433344 0.440333 0.446106 0.450627 0.453871 0.455818 0.456457 0.455785 0.453806 0.45053 0.445977 0.440173 0.433154 0.424961 0.415646 0.405266 0.393887 0.381585 0.368438 0.354537 0.339975 0.324852 0.309271 0.293342 0.277172 0.260872 0.244552 0.22832 0.212278 0.196525 0.181154 0.166248 0.151884 0.138126 0.125032 0.112645 0.101 0.0901212 0.0800203 0.0707009 0.0621572 0.0543748 0.0473325 0.0410028 0.0353535 0.0303489 0.0259508 0.0221201 0.0188176 0.0160053 0.0136472 0.0117104 0.0101659 0.00898877 0.00815941 0.00766399 
0.00825959 0.00842582 0.00894743 0.00983472 0.0111035 0.0127752 0.0148769 0.01744 0.0205002 0.024096 0.0282683 0.0330589 0.0385093 0.0446597 0.0515475 0.0592058 0.0676624 0.0769383 0.0870462 0.0979901 0.109764 0.12235 0.135721 0.149837 0.164646 0.180086 0.196084 0.212556 0.22941 0.246546 0.263857 0.281234 0.29856 0.315721 0.332601 0.349083 0.365057 0.380415 0.395054 0.408878 0.421796 0.433728 0.444598 0.45434 0.462897 0.470217 0.47626 0.480991 0.484384 0.486421 0.48709 0.486387 0.484317 0.48089 0.476126 0.470051 0.462698 0.45411 0.444338 0.433439 0.421481 0.408539 0.394694 0.380038 0.364666 0.348683 0.332196 0.315318 0.298163 0.280848 0.263488 0.246197 0.229088 0.212264 0.195826 0.179865 0.164463 0.149693 0.135618 0.122286 0.109738 0.0979998 0.087089 0.0770107 0.0677606 0.0593256 0.0516844 0.0448093 0.0386671 0.0332204 0.0284295 0.0242529 0.0206492 0.0175781 0.0150013 0.0128836 0.0111939 0.00990574 0.00899798 0.00845581 
0.00907246 0.00925437 0.00982385 0.0107919 0.0121754 0.0139974 0.0162866 0.0190765 0.0224049 0.0263129 0.0308435 0.0360408 0.0419483 0.0486079 0.0560583 0.0643334 0.0734611 0.0834619 0.0943473 0.106119 0.118768 0.132274 0.146604 0.161713 0.177544 0.194028 0.211085 0.228624 0.246546 0.264743 0.283102 0.301504 0.31983 0.337955 0.35576 0.373124 0.38993 0.406069 0.421433 0.435925 0.449454 0.461936 0.473297 0.48347 0.492399 0.500032 0.50633 0.511258 0.514792 0.516912 0.517608 0.516878 0.514723 0.511155 0.506193 0.499861 0.492194 0.483232 0.473027 0.461635 0.449124 0.435568 0.421052 0.405667 0.389512 0.372693 0.355322 0.337516 0.319394 0.301077 0.28269 0.264351 0.24618 0.228288 0.210784 0.193765 0.177321 0.161532 0.146465 0.132178 0.118713 0.106103 0.094368 0.0835157 0.0735442 0.0644413 0.0561863 0.0487513 0.0421023 0.0362006 0.0310047 0.0264711 0.0225563 0.0192175 0.0164142 0.014109 0.0122688 0.0108655 0.00987637 0.0092857 
0.0099189 0.010117 0.010736 0.0117874 0.0132893 0.0152661 0.0177484 0.0207717 0.0243759 0.0286044 0.0335025 0.0391164 0.0454915 0.0526713 0.0606956 0.0695989 0.0794089 0.0901455 0.101819 0.114428 0.127961 0.142393 0.157686 0.173791 0.190644 0.20817 0.226281 0.244879 0.263857 0.283102 0.302491 0.3219 0.341201 0.360267 0.37897 0.397186 0.414794 0.431682 0.44774 0.462868 0.476976 0.489978 0.501801 0.512379 0.521655 0.529581 0.536116 0.541227 0.544891 0.547089 0.547811 0.547054 0.544822 0.541123 0.535977 0.529407 0.521447 0.512137 0.501524 0.489668 0.476634 0.462497 0.447341 0.431259 0.414352 0.396728 0.378502 0.359794 0.340729 0.321434 0.302038 0.282668 0.263448 0.244499 0.225936 0.207864 0.19038 0.173571 0.157511 0.142262 0.127875 0.114385 0.101815 0.090179 0.0794752 0.0696932 0.0608132 0.0528072 0.0456405 0.0392734 0.0336626 0.028763 0.0245288 0.0209149 0.0178786 0.0153805 0.0133853 0.0118633 0.0107903 0.0101496 
0.0107942 0.011009 0.0116786 0.0128155 0.0144387 0.0165741 0.0192539 0.0225157 0.0264016 0.030957 0.0362296 0.0422674 0.0491177 0.0568255 0.0654313 0.0749701 0.0854694 0.0969479 0.109414 0.122864 0.137283 0.152642 0.168898 0.185995 0.203863 0.222421 0.241574 0.261216 0.281234 0.301504 0.3219 0.342289 0.362537 0.382512 0.402079 0.421113 0.439488 0.457087 0.473802 0.489532 0.504182 0.517671 0.529925 0.540879 0.550476 0.55867 0.565423 0.570702 0.574485 0.576754 0.577501 0.57672 0.574417 0.570599 0.565285 0.558497 0.550267 0.540634 0.529645 0.517356 0.503833 0.48915 0.47339 0.456648 0.439025 0.420631 0.401584 0.382007 0.362031 0.341786 0.321408 0.301029 0.280782 0.260794 0.241186 0.222073 0.203558 0.185735 0.168685 0.152477 0.137165 0.122792 0.109386 0.0969598 0.0855174 0.0750495 0.0655372 0.0569525 0.0492605 0.0424204 0.0363877 0.0311152 0.0265552 0.0226605 0.0193863 0.0166908 0.0145371 0.0128935 0.0117346 0.0110428 
0.0116929 0.0119247 0.012646 0.0138699 0.0156165 0.017913 0.0207935 0.0242974 0.0284689 0.0333556 0.0390071 0.0454734 0.0528035 0.0610434 0.0702346 0.0804121 0.091603 0.103825 0.117083 0.131373 0.146674 0.162954 0.180164 0.198243 0.217114 0.236688 0.256864 0.277529 0.29856 0.31983 0.341201 0.362537 0.383698 0.404543 0.424938 0.444748 0.463849 0.482121 0.499452 0.515742 0.530898 0.544838 0.557488 0.568785 0.578676 0.587115 0.594065 0.599496 0.603386 0.60572 0.606488 0.605687 0.60332 0.599395 0.593929 0.586944 0.578469 0.568542 0.557207 0.544521 0.530545 0.515354 0.499031 0.481669 0.46337 0.444246 0.424418 0.404012 0.38316 0.362001 0.340673 0.319316 0.298068 0.277065 0.256434 0.236298 0.216767 0.197943 0.179913 0.162754 0.146524 0.131272 0.117029 0.103814 0.0916315 0.0804754 0.0703275 0.0611605 0.052939 0.0456216 0.0391623 0.0335126 0.0286226 0.0244433 0.0209275 0.0180317 0.0157168 0.0139497 0.0127035 0.0119596 
0.0126088 0.0128578 0.0136314 0.0149432 0.0168144 0.0192737 0.0223566 0.0261046 0.0305637 0.0357837 0.0418159 0.0487123 0.0565233 0.0652959 0.0750722 0.0858873 0.0977674 0.110728 0.124774 0.139896 0.15607 0.173259 0.191409 0.210452 0.230306 0.250875 0.272048 0.293707 0.315721 0.337955 0.360267 0.382512 0.404543 0.426218 0.447396 0.46794 0.487722 0.506621 0.524526 0.541335 0.556955 0.571306 0.584317 0.595926 0.606081 0.614739 0.621865 0.627431 0.631417 0.633808 0.634596 0.633776 0.631353 0.627334 0.621734 0.614573 0.605879 0.595687 0.58404 0.570991 0.556602 0.540944 0.524099 0.50616 0.487231 0.467422 0.446856 0.425663 0.403979 0.381944 0.359705 0.337405 0.315191 0.293203 0.271578 0.250443 0.229919 0.210113 0.191121 0.173023 0.155887 0.139765 0.124693 0.110694 0.0977755 0.0859335 0.0751512 0.065402 0.0566505 0.0488546 0.0419674 0.0359386 0.0307168 0.0262508 0.0224917 0.0193938 0.0169164 0.0150245 0.0136902 0.0128938 
0.0135351 0.0138015 0.0146275 0.0160275 0.0180237 0.020646 0.0239317 0.0279238 0.0326705 0.0382232 0.0446354 0.0519603 0.0602499 0.069552 0.0799091 0.091356 0.103918 0.117609 0.132432 0.148372 0.165404 0.183484 0.202553 0.222538 0.243349 0.264882 0.287021 0.30964 0.332601 0.35576 0.37897 0.402079 0.424938 0.447396 0.469309 0.490539 0.510956 0.530436 0.548868 0.566151 0.582194 0.596917 0.610252 0.622139 0.632528 0.64138 0.648661 0.654346 0.658415 0.660856 0.661661 0.660826 0.658355 0.654254 0.648536 0.641221 0.632334 0.621907 0.609982 0.596608 0.581844 0.565761 0.54844 0.52997 0.510456 0.490009 0.468754 0.44682 0.424349 0.401485 0.378377 0.355176 0.332034 0.309098 0.286512 0.264411 0.242922 0.22216 0.202228 0.183212 0.165188 0.14821 0.132323 0.11755 0.103905 0.0913843 0.0799733 0.0696462 0.060368 0.052096 0.0447823 0.0383754 0.0328223 0.0280699 0.0240674 0.0207672 0.018127 0.0161102 0.0146875 0.0138384 
0.0144644 0.0147481 0.0156263 0.0171141 0.0192347 0.0220191 0.0255062 0.0297408 0.0347728 0.0406553 0.0474435 0.0551924 0.0639546 0.0737791 0.0847083 0.0967767 0.110009 0.124416 0.139998 0.156739 0.174607 0.193554 0.213517 0.234414 0.256149 0.278612 0.30168 0.325219 0.349083 0.373124 0.397186 0.421113 0.444748 0.46794 0.490539 0.512406 0.533407 0.553419 0.572332 0.590044 0.606467 0.621523 0.635144 0.647275 0.65787 0.66689 0.674304 0.680091 0.684232 0.686716 0.687535 0.686688 0.684176 0.680005 0.674188 0.66674 0.657686 0.647054 0.634884 0.621222 0.606125 0.58966 0.571906 0.552953 0.532903 0.511868 0.489972 0.467349 0.44414 0.420494 0.396565 0.372509 0.348483 0.324641 0.301134 0.278104 0.255684 0.233998 0.213155 0.193248 0.174358 0.156547 0.139862 0.124332 0.109974 0.0967866 0.0847572 0.0738609 0.064063 0.0553207 0.0475853 0.0408042 0.0349227 0.0298862 0.0256421 0.022141 0.0193389 0.0171979 0.0156873 0.0147858 
0.0153889 0.0156897 0.0166195 0.018194 0.0204372 0.0233816 0.0270672 0.0315406 0.0368532 0.0430601 0.0502177 0.0583823 0.0676079 0.0779436 0.0894321 0.102107 0.115992 0.131096 0.147417 0.164933 0.183611 0.203396 0.224219 0.245993 0.268615 0.291969 0.315923 0.340336 0.365057 0.38993 0.414794 0.439488 0.463849 0.487722 0.510956 0.533407 0.554942 0.575438 0.594784 0.61288 0.62964 0.644988 0.65886 0.671203 0.681974 0.691137 0.698665 0.704537 0.708738 0.711258 0.71209 0.711233 0.708687 0.704459 0.698558 0.690999 0.681802 0.670995 0.658613 0.6447 0.629309 0.612505 0.594364 0.574975 0.554438 0.532865 0.51038 0.487119 0.463224 0.438849 0.41415 0.389288 0.364427 0.339726 0.315342 0.291424 0.268114 0.245541 0.223821 0.203056 0.183329 0.164711 0.147252 0.130988 0.115935 0.102098 0.0894651 0.0780124 0.0677059 0.0585028 0.0503537 0.043205 0.0370008 0.0316848 0.0272028 0.0235038 0.0205422 0.0182786 0.0166813 0.0157281 
0.0163002 0.0166178 0.0175981 0.0192574 0.0216207 0.0247214 0.028601 0.0333076 0.0388941 0.045417 0.0529344 0.0615036 0.0711793 0.0820113 0.0940419 0.107304 0.12182 0.137597 0.154629 0.172892 0.192346 0.212935 0.23458 0.257191 0.280658 0.304856 0.329649 0.354887 0.380415 0.406069 0.431682 0.457087 0.482121 0.506621 0.530436 0.553419 0.575438 0.596368 0.616101 0.634537 0.651592 0.667194 0.681282 0.693805 0.704724 0.714006 0.721628 0.72757 0.73182 0.73437 0.735213 0.734347 0.731775 0.727501 0.721532 0.713881 0.704566 0.693612 0.68105 0.66692 0.651274 0.634173 0.615691 0.595912 0.574937 0.552877 0.529856 0.506009 0.481483 0.456432 0.431016 0.405403 0.379758 0.354248 0.329036 0.304278 0.280123 0.256705 0.234149 0.212561 0.192034 0.17264 0.154437 0.137464 0.121742 0.107277 0.094059 0.0820669 0.0712668 0.0616159 0.0530643 0.0455577 0.0390388 0.0334502 0.028736 0.0248437 0.0217261 0.0193427 0.0176606 0.0166569 
0.0171899 0.0175238 0.0185531 0.0202947 0.0227742 0.0260264 0.0300938 0.0350259 0.0408772 0.0477055 0.05557 0.0645292 0.0746385 0.0859477 0.0984992 0.112325 0.127445 0.143866 0.161577 0.180552 0.200746 0.222097 0.244523 0.267926 0.292189 0.317183 0.342763 0.368774 0.395054 0.421433 0.44774 0.473802 0.499452 0.524526 0.548868 0.572332 0.594784 0.616101 0.636173 0.654906 0.672217 0.688037 0.702306 0.71498 0.726021 0.735401 0.743098 0.749096 0.753385 0.755958 0.75681 0.755939 0.753347 0.749036 0.743014 0.73529 0.725879 0.714804 0.702092 0.68778 0.671916 0.654558 0.635776 0.615654 0.59429 0.571793 0.548287 0.523909 0.498806 0.473134 0.447057 0.420746 0.394372 0.368108 0.342121 0.316574 0.291622 0.267407 0.24406 0.221693 0.200404 0.180272 0.16136 0.143709 0.127346 0.112279 0.0985005 0.0859902 0.0747152 0.064633 0.0556935 0.0478415 0.0410188 0.0351667 0.0302278 0.0261484 0.0228798 0.0203803 0.0186161 0.0175635 
0.0180493 0.0183989 0.0194752 0.0212957 0.0238869 0.0272842 0.0315316 0.0366797 0.0427843 0.0499046 0.0581008 0.0674323 0.0779549 0.0897188 0.102766 0.117127 0.132821 0.149851 0.168205 0.187853 0.208745 0.230814 0.253973 0.278117 0.303126 0.328861 0.355174 0.381902 0.408878 0.435925 0.462868 0.489532 0.515742 0.541335 0.566151 0.590044 0.61288 0.634537 0.654906 0.673896 0.691424 0.707426 0.721848 0.734644 0.745784 0.75524 0.762996 0.769038 0.773356 0.775947 0.776806 0.775932 0.773325 0.768987 0.762925 0.755144 0.745659 0.734486 0.721652 0.707189 0.691141 0.673564 0.654524 0.634103 0.612396 0.589511 0.565572 0.540716 0.51509 0.488853 0.462172 0.43522 0.408175 0.381212 0.354505 0.328225 0.302529 0.277569 0.253479 0.23038 0.208374 0.187546 0.167963 0.149672 0.132701 0.117063 0.102752 0.0897482 0.0780209 0.0675275 0.0582178 0.0500358 0.0429226 0.0368183 0.0316644 0.0274057 0.0239924 0.0213817 0.0195387 0.0184391 
