0.00400589 0.00403891 0.00414502 0.00432495 0.00457945 0.00490957 0.00531659 0.00580198 0.00636736 0.00701443 0.00774492 0.00856051 0.00946274 0.010453 0.0115323 0.0127014 0.0139606 0.0153096 0.0167477 0.0182732 0.0198841 0.0215773 0.0233491 0.0251947 0.0271087 0.0290846 0.0311152 0.0331923 0.0353069 0.0374492 0.0396087 0.0417742 0.0439341 0.046076 0.0481874 0.0502555 0.0522672 0.0542096 0.0560699 0.0578354 0.0594939 0.0610338 0.062444 0.0637145 0.0648358 0.0657996 0.0665988 0.0672274 0.0676805 0.0679549 0.0680483 0.0679601 0.0676911 0.0672432 0.06662 0.0658261 0.0648676 0.0637516 0.0624865 0.0610816 0.059547 0.0578938 0.0561335 0.0542784 0.052341 0.0503341 0.0482708 0.0461639 0.0440262 0.0418703 0.0397085 0.0375523 0.0354129 0.0333009 0.0312259 0.0291969 0.0272221 0.0253087 0.0234631 0.0216909 0.0199966 0.0183842 0.0168565 0.0154158 0.0140635 0.0128006 0.0116273 0.0105434 0.00954804 0.00864033 0.0078189 0.00708222 0.00642866 0.00585653 0.00536416 0.00494998 0.00461254 0.00435061 0.00416317 0.00404971 
0.00403891 0.00407221 0.00417922 0.00436063 0.00461722 0.00495004 0.00536038 0.00584972 0.00641969 0.00707199 0.00780837 0.00863051 0.00953996 0.0105381 0.011626 0.0128043 0.0140734 0.0154331 0.0168823 0.0184197 0.020043 0.0217493 0.0235346 0.0253943 0.0273227 0.0293136 0.0313594 0.0334519 0.0355822 0.0377403 0.0399157 0.042097 0.0442726 0.04643 0.0485567 0.0506396 0.0526657 0.0546219 0.0564953 0.0582732 0.0599434 0.0614941 0.0629142 0.0641935 0.0653226 0.0662931 0.0670978 0.0677307 0.0681869 0.0684631 0.0685572 0.0684684 0.0681974 0.0677464 0.0671188 0.0663193 0.0653541 0.0642303 0.0629564 0.0615416 0.0599962 0.0583312 0.0565585 0.0546902 0.052739 0.0507178 0.0486396 0.0465174 0.0443643 0.0421927 0.040015 0.037843 0.0356879 0.0335602 0.0314697 0.0294256 0.0274359 0.0255081 0.0236485 0.0218627 0.0201555 0.0185306 0.0169911 0.0155392 0.0141764 0.0129036 0.0117211 0.0106286 0.00962537 0.00871045 0.00788247 0.00713991 0.00648111 0.00590439 0.00540806 0.00499055 0.00465039 0.00438636 0.00419741 0.00408305 
0.00414502 0.00417922 0.00428892 0.00447484 0.00473779 0.00507881 0.00549922 0.00600053 0.00658437 0.00725249 0.00800663 0.00884851 0.00977969 0.0108015 0.0119151 0.0131212 0.0144199 0.0158111 0.0172938 0.0188665 0.0205269 0.0222718 0.0240972 0.0259985 0.0279699 0.0300047 0.0320954 0.0342336 0.03641 0.0386146 0.0408366 0.0430644 0.0452861 0.0474889 0.0496601 0.0517864 0.0538545 0.0558511 0.057763 0.0595773 0.0612815 0.0628637 0.0643125 0.0656176 0.0667693 0.0677592 0.06858 0.0692255 0.0696908 0.0699724 0.0700681 0.0699774 0.0697009 0.0692407 0.0686004 0.0677848 0.0668 0.0656534 0.0643536 0.0629099 0.061333 0.059634 0.0578248 0.055918 0.0539264 0.0518631 0.0497416 0.0475749 0.0453763 0.0431588 0.0409347 0.0387162 0.0365146 0.0343408 0.0322048 0.0301158 0.0280823 0.0261117 0.0242106 0.0223848 0.020639 0.0189772 0.0174025 0.0159172 0.0145229 0.0132206 0.0120104 0.0108922 0.00986535 0.00892872 0.00808102 0.0073207 0.00664609 0.00605548 0.00554718 0.00511956 0.00477118 0.00450075 0.00430725 0.00419015 
0.00432495 0.00436063 0.00447484 0.00466834 0.00494192 0.00529668 0.00573395 0.00625527 0.00686233 0.00755689 0.00834074 0.00921561 0.0101831 0.0112446 0.0124011 0.0136534 0.0150016 0.0164454 0.0179839 0.0196154 0.0213373 0.0231466 0.025039 0.0270095 0.0290521 0.03116 0.0333254 0.0355394 0.0377926 0.0400744 0.0423737 0.0446786 0.0469767 0.0492549 0.0515 0.0536982 0.055836 0.0578995 0.0598751 0.0617497 0.0635102 0.0651445 0.0666408 0.0679886 0.0691779 0.0702 0.0710473 0.0717136 0.0721938 0.0724844 0.072583 0.0724892 0.0722035 0.0717281 0.0710667 0.0702243 0.0692071 0.0680228 0.0666801 0.0651887 0.0635595 0.061804 0.0599345 0.0579639 0.0559053 0.0537724 0.0515789 0.0493384 0.0470646 0.0447706 0.0424696 0.0401738 0.0378951 0.0356448 0.0334331 0.0312697 0.0291632 0.0271215 0.0251514 0.0232588 0.0214488 0.0197256 0.0180923 0.0165514 0.0151046 0.0137529 0.0124966 0.0113356 0.0102691 0.00929625 0.00841559 0.00762557 0.00692452 0.00631069 0.00578234 0.00533782 0.00497565 0.00469453 0.00449339 0.00437171 
0.00457945 0.00461722 0.00473779 0.00494192 0.00523045 0.00560451 0.00606546 0.00661491 0.00725457 0.00798627 0.00881183 0.00973301 0.0107514 0.0118685 0.0130852 0.0144023 0.0158199 0.0173375 0.0189541 0.0206679 0.0224762 0.0243756 0.0263616 0.028429 0.0305713 0.0327815 0.0350512 0.0373713 0.0397316 0.0421213 0.0445287 0.0469413 0.0493461 0.0517296 0.0540777 0.0563764 0.0586113 0.0607682 0.0628328 0.0647914 0.0666305 0.0683375 0.0699001 0.0713074 0.072549 0.0736159 0.0745003 0.0751956 0.0756967 0.0759997 0.0761024 0.0760041 0.0757056 0.0752091 0.0745183 0.0736385 0.0725762 0.0713392 0.0699367 0.0683789 0.0666768 0.0648425 0.0628889 0.0608292 0.0586772 0.0564471 0.0541531 0.0518096 0.0494306 0.04703 0.0446214 0.0422177 0.0398314 0.037474 0.0351565 0.032889 0.0306805 0.0285393 0.0264726 0.0244866 0.0225868 0.0207774 0.019062 0.0174432 0.0159228 0.0145019 0.0131809 0.0119598 0.0108379 0.00981419 0.00888726 0.00805557 0.00731739 0.00667094 0.00611443 0.00564618 0.00526464 0.00496849 0.00475663 0.00462852 
0.00490957 0.00495004 0.00507881 0.00529668 0.00560451 0.00600347 0.00649499 0.00708072 0.00776245 0.00854205 0.00942139 0.0104023 0.0114864 0.0126751 0.0139694 0.0153699 0.0168768 0.0184895 0.0202067 0.0220264 0.0239458 0.0259611 0.0280675 0.0302594 0.03253 0.0348715 0.0372753 0.0397315 0.0422296 0.0447579 0.0473039 0.0498547 0.0523965 0.0549149 0.0573953 0.0598228 0.0621823 0.0644588 0.0666375 0.0687037 0.0706436 0.0724436 0.0740912 0.0755747 0.0768834 0.0780077 0.0789396 0.079672 0.0801997 0.0805187 0.0806266 0.0805227 0.0802077 0.0796841 0.0789557 0.078028 0.0769079 0.0756035 0.0741245 0.0724814 0.0706859 0.0687507 0.0666892 0.0645153 0.0622436 0.0598889 0.0574661 0.0549903 0.0524764 0.0499391 0.0473924 0.0448502 0.0423256 0.0398308 0.0373774 0.0349761 0.0326365 0.0303674 0.0281765 0.0260705 0.0240551 0.0221349 0.0203139 0.0185947 0.0169795 0.0154696 0.0140653 0.0127668 0.0115734 0.0104841 0.00949752 0.00861208 0.00782602 0.00713749 0.00654466 0.00604578 0.00563926 0.00532372 0.00509803 0.0049616 
0.00531659 0.00536038 0.00549922 0.00573395 0.00606546 0.00649499 0.00702403 0.00765428 0.0083876 0.00922595 0.0101712 0.0112254 0.0123899 0.0136664 0.0150558 0.0165586 0.0181748 0.0199038 0.0217442 0.0236935 0.0257488 0.0279058 0.0301595 0.0325036 0.0349308 0.0374329 0.0400004 0.042623 0.0452891 0.0479865 0.0507018 0.0534212 0.0561299 0.058813 0.0614546 0.0640391 0.0665504 0.0689727 0.0712903 0.0734877 0.0755503 0.0774637 0.0792147 0.080791 0.0821812 0.0833755 0.0843651 0.0851428 0.0857029 0.0860413 0.0861555 0.0860447 0.0857097 0.0851531 0.0843789 0.083393 0.0822024 0.080816 0.0792438 0.0774969 0.0755877 0.0735296 0.0713366 0.0690237 0.066606 0.0640994 0.0615197 0.0588827 0.0562043 0.0535001 0.0507851 0.0480739 0.0453804 0.0427179 0.0400985 0.0375338 0.0350341 0.0326087 0.030266 0.0280131 0.0258563 0.0238007 0.0218503 0.0200084 0.0182772 0.0166581 0.0151519 0.0137585 0.0124775 0.0113078 0.0102481 0.00929681 0.00845202 0.00771189 0.0070745 0.00653805 0.00610088 0.00576154 0.00551887 0.00537226 
0.00580198 0.00584972 0.00600053 0.00625527 0.00661491 0.00708072 0.00765428 0.00833736 0.00913191 0.0100399 0.0110635 0.0122044 0.0134644 0.0148449 0.0163469 0.0179708 0.0197166 0.0215833 0.0235694 0.0256722 0.0278882 0.0302128 0.0326405 0.0351645 0.0377769 0.0404686 0.0432295 0.0460484 0.0489129 0.0518097 0.0547247 0.0576429 0.0605486 0.0634256 0.0662573 0.0690267 0.0717169 0.0743109 0.076792 0.0791439 0.0813508 0.0833976 0.0852703 0.0869558 0.088442 0.0897185 0.090776 0.0916069 0.0922051 0.0925664 0.092688 0.0925691 0.0922106 0.0916151 0.0907871 0.0897326 0.0884593 0.0869764 0.0852944 0.0834254 0.0813824 0.0791795 0.0768319 0.0743552 0.0717657 0.0690801 0.0663154 0.0634885 0.0606162 0.0577152 0.0548016 0.051891 0.0489984 0.0461379 0.0433226 0.040565 0.037876 0.035266 0.0327439 0.0303174 0.0279934 0.0257775 0.0236742 0.0216869 0.0198184 0.0180701 0.016443 0.0149373 0.0135524 0.0122875 0.0111411 0.0101117 0.00919724 0.00839588 0.00770563 0.00712459 0.00665105 0.00628348 0.00602066 0.00586196 
0.00636736 0.00641969 0.00658437 0.00686233 0.00725457 0.00776245 0.0083876 0.00913191 0.00999738 0.0109861 0.0121002 0.0133417 0.0147121 0.016213 0.0178453 0.0196094 0.0215049 0.0235308 0.0256853 0.0279652 0.0303669 0.032885 0.0355136 0.0382451 0.041071 0.0439814 0.0469652 0.0500102 0.0531032 0.0562298 0.0593746 0.0625216 0.0656539 0.0687541 0.0718042 0.0747863 0.077682 0.0804734 0.0831424 0.0856716 0.0880443 0.0902444 0.0922568 0.0940675 0.095664 0.0970348 0.0981702 0.0990621 0.0997041 0.100092 0.100222 0.100093 0.099708 0.099068 0.0981782 0.097045 0.0956767 0.0940829 0.0922751 0.0902658 0.0880691 0.0857001 0.0831747 0.0805098 0.0777229 0.0748316 0.0718543 0.0688089 0.0657136 0.0625862 0.059444 0.0563039 0.0531819 0.0500933 0.0470523 0.0440722 0.0411652 0.0383422 0.0356131 0.0329863 0.0304693 0.0280683 0.0257883 0.0236331 0.0216058 0.0197081 0.0179413 0.0163056 0.0148006 0.0134254 0.0121787 0.0110587 0.0100636 0.00919137 0.00843987 0.00780718 0.00729148 0.00689119 0.00660502 0.00643232 
0.00701443 0.00707199 0.00725249 0.00755689 0.00798627 0.00854205 0.00922595 0.0100399 0.0109861 0.0120667 0.0132839 0.0146396 0.0161357 0.0177734 0.0195538 0.0214769 0.0235425 0.0257492 0.0280947 0.0305757 0.0331878 0.0359253 0.0387815 0.0417482 0.0448158 0.0479736 0.0512097 0.0545106 0.057862 0.0612483 0.0646529 0.0680584 0.0714465 0.0747986 0.0780954 0.0813174 0.0844451 0.0874589 0.0903398 0.093069 0.0956285 0.0980012 0.100171 0.102123 0.103843 0.105321 0.106544 0.107504 0.108196 0.108612 0.108752 0.108613 0.108198 0.107507 0.106548 0.105326 0.103851 0.102132 0.100183 0.0980154 0.0956456 0.0930892 0.0903635 0.0874865 0.0844767 0.0813535 0.0781361 0.0748441 0.071497 0.0681139 0.0647136 0.061314 0.0579327 0.0545862 0.0512898 0.048058 0.0449041 0.0418399 0.0388763 0.0360225 0.0332867 0.0306758 0.0281953 0.0258496 0.0236421 0.0215748 0.0196493 0.0178659 0.0162243 0.0147238 0.013363 0.0121401 0.0110533 0.0101003 0.00927914 0.00858766 0.00802398 0.00758644 0.0072737 0.00708505 
0.00774492 0.00780837 0.00800663 0.00834074 0.00881183 0.00942139 0.0101712 0.0110635 0.0121002 0.0132839 0.0146166 0.0161005 0.0177374 0.0195285 0.0214746 0.023576 0.025832 0.0282409 0.0308001 0.0335059 0.0363533 0.0393361 0.0424465 0.0456757 0.0490132 0.0524472 0.0559645 0.0595508 0.0631901 0.0668657 0.0705596 0.0742529 0.0779258 0.0815582 0.0851293 0.0886181 0.0920035 0.0952646 0.0983808 0.101332 0.104099 0.106663 0.109008 0.111117 0.112975 0.11457 0.11589 0.116927 0.117673 0.118122 0.118273 0.118122 0.117673 0.116927 0.115891 0.114571 0.112976 0.111119 0.109012 0.10667 0.104107 0.101343 0.0983948 0.095282 0.0920247 0.0886436 0.0851593 0.0815931 0.0779658 0.0742981 0.0706102 0.0669218 0.0632516 0.0596176 0.0560364 0.052524 0.0490945 0.0457611 0.0425356 0.0394283 0.0364481 0.0336025 0.0308978 0.028339 0.0259298 0.0236727 0.0215694 0.0196205 0.017826 0.016185 0.0146963 0.013358 0.0121682 0.0111247 0.0102253 0.00946787 0.00885033 0.00837099 0.00802841 0.00782188 
0.00856051 0.00863051 0.00884851 0.00921561 0.00973301 0.0104023 0.0112254 0.0122044 0.0133417 0.0146396 0.0161005 0.0177265 0.0195193 0.0214803 0.0236102 0.0259089 0.0283755 0.0310081 0.0338037 0.036758 0.0398654 0.0431189 0.0465101 0.0500289 0.0536641 0.0574026 0.06123 0.0651306 0.0690871 0.0730812 0.0770934 0.0811033 0.0850894 0.0890299 0.0929024 0.0966842 0.100353 0.103885 0.10726 0.110455 0.113449 0.116224 0.11876 0.12104 0.123049 0.124773 0.1262 0.127321 0.128126 0.128612 0.128774 0.128611 0.128124 0.127317 0.126196 0.124768 0.123044 0.121035 0.118756 0.116221 0.113448 0.110455 0.107263 0.103891 0.100362 0.0966978 0.0929204 0.0890528 0.0851174 0.0811368 0.0771327 0.0731263 0.069138 0.0651873 0.0612925 0.0574706 0.0537373 0.050107 0.0465926 0.0432053 0.039955 0.0368502 0.0338978 0.0311033 0.0284709 0.0260038 0.0237037 0.0215717 0.0196077 0.017811 0.0161805 0.0147143 0.0134103 0.0122664 0.0112803 0.0104496 0.00977229 0.00924655 0.00887086 0.00864448 
0.00946274 0.00953996 0.00977969 0.0101831 0.0107514 0.0114864 0.0123899 0.0134644 0.0147121 0.0161357 0.0177374 0.0195193 0.0214834 0.0236308 0.0259621 0.0284771 0.0311747 0.0340524 0.0371068 0.0403331 0.043725 0.0472746 0.0509726 0.054808 0.0587683 0.0628392 0.067005 0.0712484 0.0755508 0.079892 0.084251 0.0886056 0.0929326 0.0972083 0.101409 0.105509 0.109485 0.113313 0.116968 0.120427 0.123669 0.126671 0.129415 0.131882 0.134054 0.135919 0.137461 0.138672 0.139543 0.140067 0.140241 0.140065 0.139538 0.138665 0.137452 0.135908 0.134042 0.131869 0.129402 0.126658 0.123657 0.120416 0.116959 0.113306 0.109482 0.105509 0.101413 0.0972178 0.0929473 0.088626 0.0842774 0.0799247 0.0755898 0.0712938 0.0670568 0.0628972 0.0588322 0.0548776 0.0510474 0.047354 0.0438085 0.0404201 0.0371964 0.0341438 0.0312671 0.0285697 0.0260539 0.023721 0.021571 0.0196036 0.0178173 0.0162106 0.0147813 0.0135271 0.0124456 0.0115344 0.0107914 0.0102147 0.0098026 0.00955441 
0.010453 0.0105381 0.0108015 0.0112446 0.0118685 0.0126751 0.0136664 0.0148449 0.016213 0.0177734 0.0195285 0.0214803 0.0236308 0.025981 0.0285315 0.0312817 0.0342302 0.0373742 0.0407098 0.0442313 0.0479317 0.0518025 0.0558331 0.0600115 0.0643239 0.0687547 0.0732866 0.0779007 0.0825769 0.0872932 0.0920267 0.0967534 0.101448 0.106086 0.110639 0.115083 0.119391 0.123536 0.127493 0.131237 0.134745 0.137992 0.14096 0.143626 0.145975 0.14799 0.149657 0.150965 0.151905 0.152471 0.152659 0.152467 0.151898 0.150954 0.149642 0.147972 0.145955 0.143605 0.140936 0.137968 0.13472 0.131213 0.127471 0.123515 0.119373 0.115069 0.110629 0.10608 0.101448 0.0967593 0.0920389 0.087312 0.0826025 0.0779334 0.0733262 0.0688013 0.0643773 0.0600714 0.0558991 0.051874 0.0480082 0.044312 0.040794 0.0374612 0.0343189 0.0313713 0.028621 0.0260695 0.0237173 0.0215639 0.0196081 0.0178484 0.0162825 0.0149081 0.0137226 0.0127237 0.0119091 0.0112767 0.010825 0.010553 
0.0115323 0.011626 0.0119151 0.0124011 0.0130852 0.0139694 0.0150558 0.0163469 0.0178453 0.0195538 0.0214746 0.0236102 0.0259621 0.0285315 0.0313186 0.0343228 0.037542 0.0409732 0.0446117 0.0484514 0.0524842 0.0567006 0.0610891 0.0656364 0.0703272 0.0751445 0.0800695 0.0850816 0.0901587 0.0952772 0.100412 0.105537 0.110626 0.11565 0.120582 0.125393 0.130055 0.13454 0.138819 0.142868 0.146659 0.150168 0.153374 0.156254 0.158791 0.160966 0.162765 0.164177 0.165191 0.165802 0.166004 0.165796 0.165181 0.164161 0.162745 0.160941 0.158762 0.156223 0.15334 0.150133 0.146622 0.14283 0.138783 0.134504 0.130022 0.125363 0.120556 0.115629 0.11061 0.105527 0.100409 0.0952807 0.0901696 0.0851001 0.0800956 0.0751784 0.0703687 0.0656852 0.061145 0.056763 0.0525525 0.0485249 0.0446897 0.0410547 0.0376262 0.0344086 0.0314052 0.0286177 0.0260469 0.0236926 0.0215536 0.0196284 0.0179148 0.0164103 0.0151123 0.0140185 0.0131264 0.0124338 0.0119391 0.0116414 
0.0127014 0.0128043 0.0131212 0.0136534 0.0144023 0.0153699 0.0165586 0.0179708 0.0196094 0.0214769 0.023576 0.0259089 0.0284771 0.0312817 0.0343228 0.0375992 0.0411087 0.0448476 0.0488105 0.0529907 0.0573791 0.0619651 0.0667361 0.0716773 0.0767722 0.082002 0.0873462 0.0927825 0.0982868 0.103834 0.109396 0.114945 0.120452 0.125888 0.131222 0.136422 0.14146 0.146305 0.150927 0.155297 0.159389 0.163176 0.166634 0.169741 0.172476 0.174821 0.17676 0.178282 0.179375 0.180032 0.180249 0.180025 0.179361 0.178262 0.176734 0.174789 0.172439 0.169699 0.166589 0.163128 0.159339 0.155246 0.150875 0.146253 0.141411 0.136375 0.131178 0.125849 0.120419 0.114917 0.109375 0.10382 0.0982814 0.0927853 0.0873574 0.0820217 0.0768003 0.0717138 0.0667805 0.0620171 0.057438 0.0530558 0.0488811 0.0449227 0.0411874 0.0376805 0.0344056 0.031365 0.0285597 0.0259896 0.0236539 0.0215509 0.0196784 0.0180341 0.0166153 0.0154193 0.0144438 0.0136865 0.0131456 0.0128202 
0.0139606 0.0140734 0.0144199 0.0150016 0.0158199 0.0168768 0.0181748 0.0197166 0.0215049 0.0235425 0.025832 0.0283755 0.0311747 0.0342302 0.037542 0.0411087 0.0449274 0.048994 0.0533024 0.0578447 0.0626112 0.0675901 0.0727673 0.0781268 0.0836504 0.0893176 0.0951062 0.100992 0.106949 0.112948 0.118962 0.12496 0.13091 0.13678 0.142537 0.14815 0.153584 0.158808 0.163791 0.168501 0.172909 0.176988 0.180712 0.184057 0.187 0.189524 0.191611 0.193247 0.194423 0.19513 0.195363 0.195121 0.194406 0.193222 0.191578 0.189484 0.186954 0.184004 0.180654 0.176926 0.172844 0.168433 0.163722 0.158739 0.153516 0.148084 0.142475 0.136722 0.130857 0.124914 0.118923 0.112917 0.106925 0.100977 0.0951009 0.0893217 0.0836638 0.0781495 0.072799 0.0676303 0.0626595 0.0579003 0.0533645 0.0490617 0.0449998 0.0411845 0.0376203 0.0343097 0.0312542 0.028454 0.0259082 0.0236153 0.0215732 0.0197795 0.0182314 0.0169263 0.0158616 0.015035 0.0144447 0.0140897 
0.0153096 0.0154331 0.0158111 0.0164454 0.0173375 0.0184895 0.0199038 0.0215833 0.0235308 0.0257492 0.0282409 0.0310081 0.0340524 0.0373742 0.0409732 0.0448476 0.048994 0.0534076 0.0580815 0.0630071 0.0681734 0.0735674 0.0791737 0.0849748 0.0909506 0.0970791 0.103336 0.109695 0.116128 0.122604 0.129093 0.135562 0.141977 0.148303 0.154505 0.160549 0.166399 0.172021 0.177381 0.182447 0.187186 0.191571 0.195573 0.199166 0.202328 0.205038 0.207279 0.209036 0.210298 0.211056 0.211306 0.211046 0.210278 0.209006 0.207239 0.20499 0.202271 0.199102 0.195502 0.191495 0.187106 0.182363 0.177295 0.171934 0.166312 0.160464 0.154423 0.148225 0.141904 0.135495 0.129034 0.122553 0.116085 0.109662 0.103313 0.0970661 0.0909479 0.0849823 0.0791913 0.0735947 0.0682098 0.063052 0.0581341 0.0534668 0.0490589 0.0449171 0.0410461 0.0374493 0.0341283 0.0310837 0.0283148 0.0258203 0.023598 0.0216454 0.01996 0.0185388 0.0173792 0.016479 0.0158361 0.0154497 
0.0167477 0.0168823 0.0172938 0.0179839 0.0189541 0.0202067 0.0217442 0.0235694 0.0256853 0.0280947 0.0308001 0.0338037 0.0371068 0.0407098 0.0446117 0.0488105 0.0533024 0.0580815 0.0631404 0.0684693 0.0740561 0.0798865 0.0859436 0.0922083 0.0986588 0.105271 0.112019 0.118874 0.125805 0.13278 0.139766 0.146727 0.153627 0.160429 0.167096 0.17359 0.179873 0.18591 0.191663 0.197099 0.202183 0.206886 0.211176 0.215028 0.218417 0.221321 0.223722 0.225604 0.226956 0.227768 0.228035 0.227756 0.226932 0.225569 0.223675 0.221264 0.21835 0.214952 0.211092 0.206795 0.202087 0.196997 0.191558 0.185803 0.179767 0.173484 0.166993 0.16033 0.153533 0.146639 0.139685 0.132708 0.125742 0.11882 0.111976 0.105239 0.0986384 0.0921992 0.0859457 0.0798994 0.0740793 0.0685022 0.0631822 0.0581312 0.0533588 0.0488727 0.0446783 0.0407795 0.0371783 0.0338757 0.0308712 0.0281635 0.0257507 0.0236303 0.0217995 0.0202555 0.0189956 0.0180175 0.017319 0.0168993 
0.0182732 0.0184197 0.0188665 0.0196154 0.0206679 0.0220264 0.0236935 0.0256722 0.0279652 0.0305757 0.0335059 0.036758 0.0403331 0.0442313 0.0484514 0.0529907 0.0578447 0.0630071 0.0684693 0.0742205 0.0802474 0.0865342 0.0930625 0.0998115 0.106757 0.113874 0.121134 0.128506 0.135956 0.143451 0.150954 0.158427 0.165831 0.173128 0.180276 0.187237 0.193969 0.200435 0.206596 0.212415 0.217857 0.222888 0.227477 0.231597 0.23522 0.238325 0.240891 0.242902 0.244346 0.245213 0.245498 0.2452 0.244318 0.242861 0.240837 0.238258 0.235142 0.231508 0.227379 0.222781 0.217743 0.212296 0.206472 0.200309 0.193842 0.187109 0.18015 0.173005 0.165714 0.158315 0.15085 0.143356 0.135871 0.128431 0.121071 0.113823 0.106718 0.0997843 0.0930477 0.0865313 0.0802561 0.0742401 0.068499 0.063046 0.0578916 0.0530444 0.0485107 0.0442948 0.0403994 0.0368256 0.0335735 0.0306417 0.0280285 0.0257314 0.0237477 0.0220745 0.020709 0.0196488 0.0188917 0.0184369 
0.0198841 0.020043 0.0205269 0.0213373 0.0224762 0.0239458 0.0257488 0.0278882 0.0303669 0.0331878 0.0363533 0.0398654 0.043725 0.0479317 0.0524842 0.0573791 0.0626112 0.0681734 0.0740561 0.0802474 0.0867326 0.0934944 0.100513 0.107765 0.115226 0.122867 0.130658 0.138565 0.146554 0.154586 0.162624 0.170627 0.178553 0.18636 0.194006 0.201449 0.208645 0.215554 0.222135 0.228348 0.234157 0.239527 0.244424 0.248818 0.252683 0.255993 0.258729 0.260874 0.262413 0.263337 0.26364 0.263321 0.262381 0.260827 0.258668 0.255918 0.252594 0.248717 0.244311 0.239404 0.234026 0.22821 0.221991 0.215406 0.208495 0.201299 0.193857 0.186214 0.178411 0.170491 0.162496 0.154467 0.146445 0.138468 0.130572 0.122794 0.115166 0.107719 0.10048 0.0934745 0.0867254 0.0802525 0.0740726 0.0682004 0.0626475 0.0574234 0.0525353 0.0479881 0.0437852 0.0399279 0.0364167 0.0332504 0.0304274 0.0279453 0.0258014 0.0239927 0.0225166 0.0213704 0.020552 0.0200605 
0.0215773 0.0217493 0.0222718 0.0231466 0.0243756 0.0259611 0.0279058 0.0302128 0.032885 0.0359253 0.0393361 0.0431189 0.0472746 0.0518025 0.0567006 0.0619651 0.0675901 0.0735674 0.0798865 0.0865342 0.0934944 0.100748 0.108274 0.116048 0.124041 0.132224 0.140563 0.149023 0.157567 0.166154 0.174742 0.18329 0.191753 0.200086 0.208243 0.21618 0.223853 0.231216 0.238227 0.244845 0.251031 0.256747 0.261959 0.266634 0.270746 0.274267 0.277177 0.279457 0.281093 0.282075 0.282397 0.282058 0.281058 0.279404 0.277107 0.274182 0.270645 0.26652 0.261831 0.256608 0.250882 0.244688 0.238063 0.231046 0.22368 0.216007 0.20807 0.199915 0.191586 0.18313 0.174589 0.16601 0.157433 0.148901 0.140454 0.132128 0.123959 0.11598 0.108222 0.10071 0.0934702 0.0865235 0.0798886 0.0735813 0.0676146 0.061999 0.0567425 0.0518509 0.0473279 0.0431756 0.0393945 0.0359839 0.0329424 0.0302674 0.0279565 0.0260066 0.024415 0.0231791 0.0222967 0.0217669 
0.0233491 0.0235346 0.0240972 0.025039 0.0263616 0.0280675 0.0301595 0.0326405 0.0355136 0.0387815 0.0424465 0.0465101 0.0509726 0.0558331 0.0610891 0.0667361 0.0727673 0.0791737 0.0859436 0.0930625 0.100513 0.108274 0.116323 0.124633 0.133174 0.141914 0.150817 0.159845 0.168959 0.178114 0.187268 0.196375 0.205387 0.214257 0.222937 0.231381 0.239539 0.247366 0.254816 0.261847 0.268417 0.274486 0.280018 0.284981 0.289343 0.293079 0.296166 0.298584 0.300319 0.30136 0.301701 0.301341 0.30028 0.298525 0.296088 0.292984 0.289231 0.284853 0.279876 0.27433 0.268249 0.26167 0.254631 0.247174 0.239343 0.231183 0.222739 0.214061 0.205194 0.196188 0.187089 0.177944 0.168799 0.159698 0.150683 0.141794 0.13307 0.124544 0.11625 0.108216 0.10047 0.0930348 0.0859301 0.0791734 0.072779 0.0667585 0.0611208 0.0558726 0.0510181 0.0465601 0.0424993 0.0388355 0.0355671 0.0326921 0.0302077 0.0281112 0.0263997 0.0250707 0.0241218 0.0235523 
0.0251947 0.0253943 0.0259985 0.0270095 0.028429 0.0302594 0.0325036 0.0351645 0.0382451 0.0417482 0.0456757 0.0500289 0.054808 0.0600115 0.0656364 0.0716773 0.0781268 0.0849748 0.0922083 0.0998115 0.107765 0.116048 0.124633 0.133493 0.142595 0.151906 0.161385 0.170995 0.18069 0.190426 0.200157 0.209833 0.219405 0.228823 0.238036 0.246993 0.255646 0.263944 0.271841 0.279291 0.28625 0.292677 0.298535 0.303788 0.308405 0.312358 0.315623 0.318181 0.320016 0.321117 0.321478 0.321096 0.319973 0.318117 0.315538 0.312253 0.308281 0.303646 0.298377 0.292505 0.286064 0.279094 0.271635 0.26373 0.255427 0.246771 0.237812 0.228601 0.219186 0.209619 0.199951 0.190229 0.180504 0.170821 0.161226 0.151761 0.142467 0.133381 0.124538 0.115969 0.107703 0.0997656 0.092178 0.0849591 0.0781246 0.0716872 0.0656569 0.0600411 0.054845 0.0500715 0.0457221 0.0417968 0.0382942 0.0352125 0.032549 0.030301 0.0284656 0.0270402 0.0260227 0.025412 
0.0271087 0.0273227 0.0279699 0.0290521 0.0305713 0.03253 0.0349308 0.0377769 0.041071 0.0448158 0.0490132 0.0536641 0.0587683 0.0643239 0.0703272 0.0767722 0.0836504 0.0909506 0.0986588 0.106757 0.115226 0.124041 0.133174 0.142595 0.15227 0.162162 0.172229 0.18243 0.192717 0.203044 0.21336 0.223615 0.233755 0.243728 0.25348 0.262959 0.272111 0.280886 0.289234 0.297107 0.304459 0.311248 0.317434 0.32298 0.327853 0.332025 0.335471 0.33817 0.340106 0.341267 0.341647 0.341244 0.340059 0.3381 0.335378 0.331911 0.327718 0.322825 0.317261 0.311059 0.304255 0.29689 0.289006 0.28065 0.271868 0.262711 0.253231 0.243479 0.233509 0.223374 0.213126 0.202819 0.192504 0.182229 0.172043 0.161991 0.152116 0.142459 0.133056 0.12394 0.115144 0.106692 0.0986106 0.0909185 0.0836332 0.0767685 0.0703356 0.0643428 0.0587958 0.0536985 0.0490526 0.0448584 0.0411151 0.0378208 0.034973 0.032569 0.0306061 0.0290816 0.0279934 0.0273405 
0.0290846 0.0293136 0.0300047 0.03116 0.0327815 0.0348715 0.0374329 0.0404686 0.0439814 0.0479736 0.0524472 0.0574026 0.0628392 0.0687547 0.0751445 0.082002 0.0893176 0.0970791 0.105271 0.113874 0.122867 0.132224 0.141914 0.151906 0.162162 0.172643 0.183306 0.194106 0.204993 0.215917 0.226826 0.237664 0.248378 0.258911 0.269208 0.279211 0.288868 0.298123 0.306925 0.315223 0.322971 0.330123 0.336638 0.342478 0.347609 0.352 0.355627 0.358467 0.360504 0.361726 0.362126 0.3617 0.360453 0.358391 0.355526 0.351876 0.347462 0.34231 0.33645 0.329917 0.322748 0.314986 0.306675 0.297863 0.288601 0.278939 0.268932 0.258636 0.248105 0.237395 0.226563 0.215664 0.204751 0.193877 0.183092 0.172445 0.161982 0.151744 0.141771 0.1321 0.122763 0.113789 0.105204 0.0970297 0.0892846 0.081984 0.07514 0.068762 0.0628565 0.057428 0.0524789 0.0480097 0.0440199 0.0405079 0.0374714 0.0349077 0.0328142 0.0311881 0.0300274 0.0293312 
0.0311152 0.0313594 0.0320954 0.0333254 0.0350512 0.0372753 0.0400004 0.0432295 0.0469652 0.0512097 0.0559645 0.06123 0.067005 0.0732866 0.0800695 0.0873462 0.0951062 0.103336 0.112019 0.121134 0.130658 0.140563 0.150817 0.161385 0.172229 0.183306 0.194571 0.205975 0.217466 0.228992 0.240497 0.251924 0.263214 0.27431 0.285152 0.295683 0.305844 0.31558 0.324837 0.333561 0.341704 0.349219 0.356064 0.362197 0.367585 0.372196 0.376004 0.378985 0.381123 0.382405 0.382824 0.382377 0.381068 0.378903 0.375896 0.372063 0.367428 0.362016 0.355861 0.348997 0.341464 0.333304 0.324566 0.315298 0.305553 0.295385 0.284851 0.274007 0.262913 0.251626 0.240206 0.22871 0.217196 0.205717 0.194329 0.183081 0.172022 0.161198 0.150649 0.140416 0.130531 0.121028 0.111932 0.103268 0.0950565 0.087313 0.0800512 0.0732815 0.0670114 0.0612459 0.0559879 0.0512386 0.0469977 0.0432638 0.0400349 0.0373083 0.0350815 0.0333518 0.0321172 0.0313768 
0.0331923 0.0334519 0.0342336 0.0355394 0.0373713 0.0397315 0.042623 0.0460484 0.0500102 0.0545106 0.0595508 0.0651306 0.0712484 0.0779007 0.0850816 0.0927825 0.100992 0.109695 0.118874 0.128506 0.138565 0.149023 0.159845 0.170995 0.18243 0.194106 0.205975 0.217985 0.230083 0.242213 0.254315 0.26633 0.278198 0.289856 0.301244 0.312301 0.322967 0.333182 0.342892 0.35204 0.360577 0.368454 0.375626 0.382052 0.387695 0.392524 0.396511 0.399632 0.40187 0.403212 0.40365 0.403183 0.401811 0.399545 0.396395 0.392381 0.387526 0.381858 0.375408 0.368215 0.360319 0.351764 0.3426 0.332878 0.322652 0.311978 0.300917 0.289526 0.277868 0.266004 0.253995 0.241902 0.229784 0.217699 0.205704 0.193852 0.182195 0.17078 0.159652 0.148851 0.138415 0.128377 0.118766 0.109608 0.100925 0.0927333 0.0850488 0.0778827 0.0712432 0.0651362 0.0595652 0.0545318 0.0500362 0.0460772 0.042653 0.039761 0.0373989 0.0355641 0.0342544 0.0334691 
0.0353069 0.0355822 0.03641 0.0377926 0.0397316 0.0422296 0.0452891 0.0489129 0.0531032 0.057862 0.0631901 0.0690871 0.0755508 0.0825769 0.0901587 0.0982868 0.106949 0.116128 0.125805 0.135956 0.146554 0.157567 0.168959 0.18069 0.192717 0.204993 0.217466 0.230083 0.242787 0.255519 0.268217 0.280819 0.293261 0.30548 0.317411 0.32899 0.340157 0.350848 0.361007 0.370577 0.379504 0.387739 0.395235 0.40195 0.407846 0.412891 0.417055 0.420314 0.422651 0.424053 0.42451 0.424022 0.422589 0.420222 0.416932 0.412739 0.407667 0.401744 0.395004 0.387484 0.379228 0.370282 0.360695 0.350522 0.339818 0.328643 0.317057 0.305123 0.292904 0.280465 0.267868 0.255179 0.242458 0.229768 0.217167 0.204711 0.192455 0.180449 0.168739 0.15737 0.14638 0.135805 0.125677 0.116021 0.106863 0.0982209 0.0901108 0.0825451 0.0755333 0.0690819 0.0631951 0.057875 0.0531222 0.0489358 0.0453143 0.0422553 0.0397564 0.0378152 0.0364296 0.035599 
0.0374492 0.0377403 0.0386146 0.0400744 0.0421213 0.0447579 0.0479865 0.0518097 0.0562298 0.0612483 0.0668657 0.0730812 0.079892 0.0872932 0.0952772 0.103834 0.112948 0.122604 0.13278 0.143451 0.154586 0.166154 0.178114 0.190426 0.203044 0.215917 0.228992 0.242213 0.255519 0.268848 0.282138 0.295322 0.308334 0.321108 0.333576 0.345673 0.357334 0.368497 0.3791 0.389084 0.398396 0.406984 0.4148 0.4218 0.427945 0.433202 0.43754 0.440936 0.443371 0.44483 0.445307 0.444797 0.443305 0.440838 0.437411 0.433042 0.427756 0.421582 0.414555 0.406715 0.398104 0.388771 0.378768 0.368149 0.356974 0.345302 0.333198 0.320725 0.30795 0.29494 0.281761 0.26848 0.255161 0.241868 0.228664 0.215607 0.202754 0.190158 0.177868 0.165931 0.154388 0.143277 0.13263 0.122478 0.112844 0.10375 0.0952135 0.0872472 0.0798617 0.0730646 0.0668607 0.0612526 0.0562413 0.0518264 0.0480065 0.0447794 0.042143 0.0400949 0.038633 0.0377567 
0.0396087 0.0399157 0.0408366 0.0423737 0.0445287 0.0473039 0.0507018 0.0547247 0.0593746 0.0646529 0.0705596 0.0770934 0.084251 0.0920267 0.100412 0.109396 0.118962 0.129093 0.139766 0.150954 0.162624 0.174742 0.187268 0.200157 0.21336 0.226826 0.240497 0.254315 0.268217 0.282138 0.296012 0.309771 0.323345 0.336666 0.349664 0.36227 0.374419 0.386044 0.397082 0.407475 0.417165 0.426099 0.434228 0.441507 0.447897 0.453361 0.45787 0.4614 0.46393 0.465446 0.465941 0.465412 0.463861 0.461297 0.457735 0.453193 0.447698 0.441278 0.433971 0.425815 0.416857 0.407144 0.396731 0.385675 0.374036 0.361876 0.349261 0.336257 0.322935 0.309362 0.295607 0.281741 0.26783 0.253941 0.24014 0.226487 0.213042 0.199861 0.186996 0.174495 0.162402 0.150757 0.139594 0.128946 0.118839 0.109295 0.100332 0.091966 0.0842075 0.0770651 0.0705442 0.0646481 0.0593784 0.0547348 0.0507164 0.0473212 0.044547 0.0423918 0.0408535 0.0399316 
0.0417742 0.042097 0.0430644 0.0446786 0.0469413 0.0498547 0.0534212 0.0576429 0.0625216 0.0680584 0.0742529 0.0811033 0.0886056 0.0967534 0.105537 0.114945 0.12496 0.135562 0.146727 0.158427 0.170627 0.18329 0.196375 0.209833 0.223615 0.237664 0.251924 0.26633 0.280819 0.295322 0.309771 0.324094 0.338221 0.352078 0.365595 0.378701 0.391326 0.403404 0.414869 0.42566 0.435719 0.444991 0.453426 0.460978 0.467605 0.473272 0.477948 0.481607 0.48423 0.485803 0.486316 0.485767 0.484159 0.4815 0.477806 0.473097 0.467397 0.460738 0.453157 0.444694 0.435396 0.425313 0.4145 0.403015 0.390922 0.378283 0.365168 0.351645 0.337784 0.323658 0.309338 0.294897 0.280404 0.265928 0.251538 0.237297 0.223269 0.20951 0.196076 0.183017 0.17038 0.158206 0.146533 0.135394 0.124817 0.114826 0.105441 0.0966776 0.0885485 0.0810627 0.0742267 0.0680442 0.0625173 0.0576462 0.0534301 0.0498674 0.0469562 0.0446943 0.0430799 0.0421125 
0.0439341 0.0442726 0.0452861 0.0469767 0.0493461 0.0523965 0.0561299 0.0605486 0.0656539 0.0714465 0.0779258 0.0850894 0.0929326 0.101448 0.110626 0.120452 0.13091 0.141977 0.153627 0.165831 0.178553 0.191753 0.205387 0.219405 0.233755 0.248378 0.263214 0.278198 0.293261 0.308334 0.323345 0.338221 0.352886 0.367267 0.381291 0.394883 0.407973 0.420492 0.432372 0.443551 0.453969 0.463569 0.472301 0.480117 0.486975 0.492838 0.497676 0.501461 0.504174 0.5058 0.506331 0.505763 0.5041 0.50135 0.497529 0.492656 0.486758 0.479867 0.47202 0.463259 0.453631 0.443187 0.431985 0.420085 0.407549 0.394444 0.380841 0.36681 0.352425 0.337758 0.322886 0.307882 0.292818 0.277768 0.2628 0.247983 0.233381 0.219055 0.205061 0.191454 0.178281 0.165587 0.153411 0.141788 0.130747 0.120315 0.110513 0.101357 0.0928617 0.0850365 0.0778887 0.0714228 0.0656413 0.0605448 0.056133 0.0524044 0.0493573 0.0469897 0.0452999 0.0442875 
0.046076 0.04643 0.0474889 0.0492549 0.0517296 0.0549149 0.058813 0.0634256 0.0687541 0.0747986 0.0815582 0.0890299 0.0972083 0.106086 0.11565 0.125888 0.13678 0.148303 0.160429 0.173128 0.18636 0.200086 0.214257 0.228823 0.243728 0.258911 0.27431 0.289856 0.30548 0.321108 0.336666 0.352078 0.367267 0.382158 0.396672 0.410737 0.424277 0.437222 0.449505 0.461059 0.471823 0.481741 0.490759 0.49883 0.505911 0.511964 0.516957 0.520864 0.523664 0.525342 0.52589 0.525304 0.523587 0.520749 0.516805 0.511775 0.505687 0.498572 0.490468 0.481418 0.471471 0.46068 0.449102 0.436798 0.423833 0.410277 0.396201 0.381677 0.366782 0.351591 0.336181 0.320629 0.30501 0.289399 0.273869 0.258489 0.243327 0.228446 0.213906 0.199761 0.186064 0.17286 0.160191 0.148093 0.136598 0.125733 0.11552 0.105979 0.0971235 0.0889645 0.0815099 0.0747651 0.0687329 0.0634146 0.05881 0.054918 0.051737 0.0492653 0.0475011 0.0464443 
0.0481874 0.0485567 0.0496601 0.0515 0.0540777 0.0573953 0.0614546 0.0662573 0.0718042 0.0780954 0.0851293 0.0929024 0.101409 0.110639 0.120582 0.131222 0.142537 0.154505 0.167096 0.180276 0.194006 0.208243 0.222937 0.238036 0.25348 0.269208 0.285152 0.301244 0.317411 0.333576 0.349664 0.365595 0.381291 0.396672 0.411661 0.426181 0.440155 0.453512 0.466181 0.478095 0.489193 0.499416 0.50871 0.517026 0.524321 0.530555 0.535698 0.539721 0.542605 0.544333 0.544897 0.544293 0.542526 0.539603 0.535541 0.530361 0.524089 0.516759 0.508409 0.499083 0.48883 0.477703 0.465763 0.45307 0.439694 0.425702 0.411169 0.39617 0.380782 0.365084 0.349154 0.333071 0.316915 0.300761 0.284685 0.268759 0.253053 0.237633 0.222561 0.207894 0.193686 0.179986 0.166836 0.154275 0.142336 0.131048 0.120436 0.110518 0.10131 0.0928244 0.0850698 0.078052 0.0717745 0.066239 0.0614455 0.0573935 0.0540814 0.0515076 0.0496706 0.0485703 
0.0502555 0.0506396 0.0517864 0.0536982 0.0563764 0.0598228 0.0640391 0.0690267 0.0747863 0.0813174 0.0886181 0.0966842 0.105509 0.115083 0.125393 0.136422 0.14815 0.160549 0.17359 0.187237 0.201449 0.21618 0.231381 0.246993 0.262959 0.279211 0.295683 0.312301 0.32899 0.345673 0.36227 0.378701 0.394883 0.410737 0.426181 0.441137 0.455527 0.469277 0.482316 0.494576 0.505993 0.516507 0.526064 0.534614 0.542113 0.548521 0.553806 0.557941 0.560903 0.562679 0.563258 0.562638 0.560822 0.55782 0.553646 0.548322 0.541875 0.53434 0.525755 0.516164 0.505618 0.494171 0.481884 0.468821 0.455049 0.44064 0.425669 0.410214 0.394353 0.378167 0.361737 0.345144 0.32847 0.311792 0.29519 0.278737 0.262506 0.246565 0.230979 0.215807 0.201105 0.186924 0.173308 0.160298 0.147929 0.136231 0.12523 0.114946 0.105396 0.0965937 0.0885474 0.0812642 0.074748 0.0690011 0.0640239 0.059816 0.0563762 0.0537031 0.0517952 0.0506525 
0.0522672 0.0526657 0.0538545 0.055836 0.0586113 0.0621823 0.0665504 0.0717169 0.077682 0.0844451 0.0920035 0.100353 0.109485 0.119391 0.130055 0.14146 0.153584 0.166399 0.179873 0.193969 0.208645 0.223853 0.239539 0.255646 0.272111 0.288868 0.305844 0.322967 0.340157 0.357334 0.374419 0.391326 0.407973 0.424277 0.440155 0.455527 0.470313 0.484439 0.49783 0.510418 0.522138 0.532929 0.542735 0.551507 0.559199 0.565772 0.571192 0.575432 0.57847 0.580291 0.580885 0.58025 0.578388 0.575309 0.571028 0.565568 0.558956 0.551226 0.542418 0.532576 0.521752 0.510001 0.497385 0.483968 0.46982 0.455013 0.439625 0.423735 0.407422 0.390771 0.373863 0.356782 0.339612 0.322434 0.305327 0.288369 0.271634 0.255193 0.239113 0.223456 0.208279 0.193635 0.179571 0.166128 0.153345 0.141252 0.129876 0.119239 0.109359 0.10025 0.0919218 0.0843821 0.0776353 0.071684 0.0665291 0.0621705 0.0586073 0.0558381 0.0538616 0.0526779 
0.0542096 0.0546219 0.0558511 0.0578995 0.0607682 0.0644588 0.0689727 0.0743109 0.0804734 0.0874589 0.0952646 0.103885 0.113313 0.123536 0.13454 0.146305 0.158808 0.172021 0.18591 0.200435 0.215554 0.231216 0.247366 0.263944 0.280886 0.298123 0.31558 0.333182 0.350848 0.368497 0.386044 0.403404 0.420492 0.437222 0.453512 0.469277 0.484439 0.498919 0.512643 0.525541 0.537546 0.548598 0.558641 0.567622 0.575496 0.582224 0.587771 0.592111 0.595219 0.597083 0.597691 0.59704 0.595135 0.591984 0.587604 0.582016 0.575248 0.567335 0.558316 0.548238 0.537151 0.525113 0.512186 0.498435 0.483931 0.468748 0.452965 0.436662 0.419922 0.402828 0.385467 0.367923 0.350282 0.332626 0.315039 0.2976 0.280386 0.263468 0.246917 0.230797 0.215166 0.20008 0.185587 0.171731 0.158551 0.146079 0.134344 0.123369 0.113173 0.10377 0.0951722 0.0873864 0.0804183 0.0742709 0.0689455 0.0644422 0.0607603 0.0578988 0.0558565 0.0546335 
0.0560699 0.0564953 0.057763 0.0598751 0.0628328 0.0666375 0.0712903 0.076792 0.0831424 0.0903398 0.0983808 0.10726 0.116968 0.127493 0.138819 0.150927 0.163791 0.177381 0.191663 0.206596 0.222135 0.238227 0.254816 0.271841 0.289234 0.306925 0.324837 0.342892 0.361007 0.3791 0.397082 0.414869 0.432372 0.449505 0.466181 0.482316 0.49783 0.512643 0.526679 0.539867 0.552141 0.563438 0.573701 0.582878 0.590923 0.597796 0.603462 0.607894 0.611069 0.612972 0.613593 0.612929 0.610983 0.607766 0.603292 0.597584 0.59067 0.582585 0.57337 0.56307 0.551738 0.539431 0.526211 0.512147 0.497309 0.481773 0.465619 0.448928 0.431785 0.414275 0.396486 0.378505 0.360419 0.342314 0.324274 0.30638 0.288712 0.271343 0.254346 0.237787 0.221726 0.20622 0.191321 0.177073 0.163516 0.150685 0.138609 0.127312 0.116815 0.107133 0.0982779 0.090258 0.0830792 0.076745 0.0712572 0.066616 0.0628212 0.0598718 0.0577667 0.0565062 
0.0578354 0.0582732 0.0595773 0.0617497 0.0647914 0.0687037 0.0734877 0.0791439 0.0856716 0.093069 0.101332 0.110455 0.120427 0.131237 0.142868 0.155297 0.168501 0.182447 0.197099 0.212415 0.228348 0.244845 0.261847 0.279291 0.297107 0.315223 0.333561 0.35204 0.370577 0.389084 0.407475 0.42566 0.443551 0.461059 0.478095 0.494576 0.510418 0.525541 0.539867 0.553326 0.565849 0.577373 0.587841 0.5972 0.605403 0.612411 0.618188 0.622706 0.625942 0.627882 0.628515 0.627838 0.625855 0.622576 0.618015 0.612196 0.605147 0.596903 0.587505 0.576999 0.565439 0.552881 0.53939 0.525034 0.509885 0.49402 0.47752 0.460467 0.442948 0.425049 0.406861 0.388471 0.36997 0.351443 0.332978 0.314658 0.296564 0.278772 0.261357 0.244385 0.22792 0.21202 0.196738 0.182121 0.168209 0.15504 0.142643 0.131043 0.120263 0.110317 0.101219 0.0929783 0.0856007 0.0790902 0.073449 0.0686777 0.0647762 0.0617437 0.0595793 0.0582834 
0.0594939 0.0599434 0.0612815 0.0635102 0.0666305 0.0706436 0.0755503 0.0813508 0.0880443 0.0956285 0.104099 0.113449 0.123669 0.134745 0.146659 0.159389 0.172909 0.187186 0.202183 0.217857 0.234157 0.251031 0.268417 0.28625 0.304459 0.322971 0.341704 0.360577 0.379504 0.398396 0.417165 0.435719 0.453969 0.471823 0.489193 0.505993 0.522138 0.537546 0.552141 0.565849 0.578602 0.590336 0.600992 0.610518 0.618867 0.625998 0.631877 0.636474 0.639767 0.641741 0.642385 0.641697 0.639679 0.636342 0.631702 0.625781 0.618608 0.610217 0.600651 0.589956 0.578185 0.565397 0.551656 0.53703 0.521594 0.505425 0.488605 0.471218 0.453351 0.435093 0.416534 0.397766 0.378879 0.359961 0.341102 0.322386 0.303897 0.285712 0.267907 0.250552 0.233711 0.217444 0.201806 0.186844 0.172602 0.159117 0.14642 0.134538 0.123493 0.113301 0.103977 0.0955294 0.0879659 0.0812907 0.0755061 0.0706132 0.0666119 0.0635018 0.0612819 0.059953 
0.0610338 0.0614941 0.0628637 0.0651445 0.0683375 0.0724436 0.0774637 0.0833976 0.0902444 0.0980012 0.106663 0.116224 0.126671 0.137992 0.150168 0.163176 0.176988 0.191571 0.206886 0.222888 0.239527 0.256747 0.274486 0.292677 0.311248 0.330123 0.349219 0.368454 0.387739 0.406984 0.426099 0.444991 0.463569 0.481741 0.499416 0.516507 0.532929 0.548598 0.563438 0.577373 0.590336 0.60226 0.613088 0.622767 0.631249 0.638493 0.644463 0.649132 0.652477 0.654482 0.655136 0.654437 0.652389 0.649 0.644287 0.638273 0.630987 0.622463 0.612743 0.601876 0.589913 0.576915 0.562945 0.548074 0.532376 0.515929 0.498817 0.481123 0.462938 0.444351 0.425453 0.406338 0.387097 0.367821 0.3486 0.329521 0.310668 0.292122 0.273959 0.25625 0.239063 0.222459 0.206492 0.191214 0.176667 0.162891 0.149917 0.137774 0.126484 0.116066 0.106532 0.0978942 0.0901591 0.0833316 0.0774145 0.0724091 0.0683156 0.0651337 0.0628626 0.061503 
