0.00287493 0.00290173 0.00298877 0.00313677 0.00334664 0.00361959 0.00395712 0.00436098 0.00483311 0.00537562 0.00599067 0.00668044 0.00744703 0.00829243 0.00921836 0.0102263 0.0113172 0.0124917 0.0137498 0.0150909 0.0165137 0.0180161 0.0195952 0.0212474 0.022968 0.0247515 0.0265915 0.0284808 0.030411 0.0323733 0.0343578 0.0363541 0.0383509 0.0403366 0.0422992 0.0442262 0.0461049 0.0479228 0.0496672 0.0513257 0.0528863 0.0543375 0.0556683 0.0568687 0.0579292 0.0588417 0.0595989 0.0601949 0.0606249 0.0608854 0.0609744 0.0608912 0.0606364 0.0602122 0.0596219 0.0588704 0.0579637 0.0569088 0.0557142 0.0543889 0.0529433 0.0513881 0.049735 0.0479958 0.0461829 0.044309 0.0423867 0.0404284 0.0384467 0.0364536 0.0344607 0.0324792 0.0305194 0.0285912 0.0267035 0.0248646 0.0230816 0.0213611 0.0197084 0.0181282 0.0166242 0.0151993 0.0138556 0.0125944 0.0114164 0.0103214 0.0093091 0.00837834 0.00752777 0.00675567 0.00606011 0.00543901 0.00489023 0.00441162 0.00400114 0.00365685 0.00337705 0.00316024 0.00300525 0.00291139 
0.00290173 0.0029288 0.00301666 0.00316606 0.00337789 0.00365337 0.00399403 0.00440162 0.00487811 0.0054256 0.00604628 0.00674234 0.0075159 0.00836895 0.00930322 0.0103202 0.0114208 0.0126058 0.013875 0.0152279 0.0166632 0.0181787 0.0197715 0.021438 0.0231733 0.0249721 0.0268277 0.0287329 0.0306794 0.0326581 0.0346591 0.0366718 0.0386851 0.0406871 0.0426656 0.0446082 0.0465021 0.0483346 0.0500929 0.0517647 0.0533377 0.0548003 0.0561416 0.0573514 0.0584202 0.0593399 0.060103 0.0607036 0.0611369 0.0613994 0.061489 0.0614051 0.0611483 0.0607207 0.0601258 0.0593684 0.0584544 0.0573913 0.0561871 0.0548514 0.0533943 0.0518267 0.0501603 0.0484071 0.0465797 0.0446906 0.0427527 0.0407785 0.0387805 0.036771 0.0347616 0.0327636 0.0307875 0.0288431 0.0269395 0.025085 0.0232868 0.0215515 0.0198846 0.0182908 0.0167738 0.0153364 0.013981 0.0127087 0.0115202 0.0104155 0.00939413 0.00845504 0.00759682 0.00681776 0.0061159 0.00548917 0.00493539 0.00445242 0.00403819 0.00369076 0.00340839 0.00318961 0.00303321 0.0029385 
0.00298877 0.00301666 0.00310706 0.00326072 0.00347855 0.00376181 0.00411203 0.00453103 0.00502079 0.00558345 0.00622125 0.00693641 0.00773108 0.00860728 0.00956677 0.010611 0.011741 0.0129573 0.01426 0.0156482 0.0171207 0.0186753 0.020309 0.0220178 0.0237971 0.025641 0.0275429 0.0294953 0.0314897 0.0335167 0.0355664 0.0376277 0.0396893 0.0417391 0.0437646 0.045753 0.0476914 0.0495667 0.0513659 0.0530763 0.0546855 0.0561817 0.0575537 0.058791 0.0598841 0.0608245 0.0616048 0.0622189 0.0626619 0.0629302 0.0630217 0.0629357 0.062673 0.0622356 0.0616271 0.0608523 0.0599174 0.0588299 0.0575981 0.0562316 0.0547409 0.053137 0.0514319 0.0496379 0.0477676 0.0458341 0.0438503 0.0418292 0.0397835 0.0377257 0.0356678 0.0336212 0.0315968 0.0296046 0.027654 0.0257533 0.0239101 0.022131 0.0204218 0.0187873 0.0172313 0.0157568 0.014366 0.0130604 0.0118406 0.0107067 0.00965806 0.0086938 0.00781246 0.0070123 0.00629135 0.00564749 0.00507852 0.00458225 0.00415658 0.00379953 0.00350935 0.0032845 0.00312378 0.00302648 
0.00313677 0.00316606 0.00326072 0.00342153 0.00364945 0.00394575 0.00431204 0.00475016 0.00526218 0.00585029 0.00651679 0.00726394 0.00809397 0.00900892 0.0100106 0.0111004 0.0122794 0.0135482 0.0149066 0.0163539 0.0178886 0.0195084 0.0212101 0.0229896 0.0248418 0.0267609 0.0287399 0.0307708 0.0328449 0.0349524 0.0370829 0.039225 0.0413668 0.043496 0.0455994 0.0476639 0.049676 0.0516223 0.0534893 0.0552638 0.0569331 0.058485 0.0599077 0.0611907 0.062324 0.0632988 0.0641077 0.0647441 0.0652031 0.065481 0.0655756 0.0654863 0.0652137 0.06476 0.0641289 0.0633254 0.0623559 0.061228 0.0599504 0.058533 0.0569865 0.0553224 0.0535531 0.0516912 0.04975 0.0477427 0.0456828 0.0435838 0.0414589 0.0393209 0.0371824 0.0350551 0.0329504 0.0308787 0.0288497 0.0268721 0.0249539 0.023102 0.0213224 0.01962 0.0179989 0.0164624 0.0150128 0.0136516 0.0123795 0.0111966 0.0101025 0.00909612 0.00817607 0.00734058 0.00658764 0.00591508 0.00532063 0.00480207 0.00435721 0.00398403 0.00368071 0.0034457 0.00327772 0.00317606 
0.00334664 0.00337789 0.00347855 0.00364945 0.00389157 0.00420625 0.00459515 0.00506021 0.00560355 0.00622746 0.00693432 0.00772648 0.00860622 0.00957563 0.0106366 0.0117904 0.0130383 0.0143807 0.0158174 0.0173475 0.0189694 0.0206806 0.0224776 0.0243561 0.0263108 0.0283352 0.030422 0.0325628 0.0347484 0.0369685 0.039212 0.041467 0.0437211 0.0459611 0.0481735 0.0503443 0.0524594 0.0545049 0.0564665 0.0583306 0.0600837 0.0617132 0.0632069 0.0645535 0.0657429 0.0667658 0.0676144 0.0682819 0.0687633 0.0690546 0.0691536 0.0690595 0.0687732 0.0682968 0.0676342 0.0667907 0.0657728 0.0645885 0.063247 0.0617584 0.0601341 0.0583861 0.0565271 0.0545705 0.0525301 0.0504197 0.0482536 0.0460458 0.0438101 0.04156 0.0393087 0.0370686 0.0348516 0.0326686 0.0305299 0.0284448 0.0264215 0.0244675 0.0225891 0.0207916 0.0190794 0.017456 0.0159237 0.0144844 0.0131389 0.0118873 0.0107292 0.00966372 0.00868928 0.00780412 0.0070062 0.00629325 0.00566297 0.00511302 0.00464116 0.00424527 0.00392347 0.00367413 0.00349594 0.00338814 
0.00361959 0.00365337 0.00376181 0.00394575 0.00420625 0.0045447 0.00496286 0.00546274 0.00604658 0.00671679 0.00747581 0.00832612 0.00927007 0.0103098 0.0114472 0.0126838 0.0140206 0.0154579 0.0169955 0.0186324 0.0203667 0.0221956 0.0241155 0.0261215 0.0282079 0.0303678 0.0325934 0.0348756 0.0372046 0.0395693 0.0419581 0.0443583 0.0467565 0.0491389 0.0514911 0.0537984 0.0560458 0.0582185 0.0603016 0.0622805 0.0641412 0.0658702 0.0674548 0.0688831 0.0701443 0.0712289 0.0721284 0.0728359 0.0733459 0.0736544 0.0737589 0.0736588 0.0733548 0.0728494 0.0721464 0.0712515 0.0701717 0.0689151 0.0674916 0.0659119 0.0641878 0.062332 0.060358 0.0582799 0.0561121 0.0538695 0.051567 0.0492194 0.0468414 0.0444474 0.0420512 0.0396661 0.0373046 0.0349785 0.0326988 0.0304752 0.0283168 0.0262314 0.0242258 0.0223058 0.0204762 0.0187406 0.0171019 0.0155619 0.0141217 0.0127814 0.0115409 0.010399 0.00935427 0.00840497 0.00754892 0.00678381 0.00610721 0.00551669 0.00500991 0.00458465 0.00423894 0.00397108 0.00377968 0.00366395 
0.00395712 0.00399403 0.00411203 0.00431204 0.00459515 0.00496286 0.00541701 0.00595972 0.00659338 0.00732049 0.00814365 0.00906542 0.0100883 0.0112144 0.0124458 0.0137839 0.0152296 0.0167834 0.0184448 0.0202126 0.0220847 0.0240579 0.0261283 0.0282904 0.0305381 0.0328639 0.0352592 0.0377143 0.0402186 0.0427602 0.0453265 0.0479039 0.0504783 0.0530346 0.0555575 0.0580312 0.06044 0.0627679 0.064999 0.067118 0.0691099 0.0709602 0.0726556 0.0741834 0.0755322 0.0766918 0.0776534 0.0784095 0.0789544 0.0792838 0.0793952 0.0792877 0.0789622 0.0784213 0.0776692 0.0767117 0.0755563 0.0742118 0.0726884 0.0709975 0.0691517 0.0671645 0.0650503 0.062824 0.0605009 0.058097 0.055628 0.0531098 0.0505581 0.0479882 0.0454149 0.0428525 0.0403145 0.0378136 0.0353613 0.0329684 0.0306445 0.0283982 0.0262369 0.0241669 0.0221934 0.0203204 0.0185512 0.0168877 0.0153313 0.0138823 0.0125404 0.0113047 0.0101737 0.00914564 0.00821818 0.00738894 0.00665539 0.006015 0.00546527 0.0050039 0.00462878 0.00433813 0.00413048 0.00400499 
0.00436098 0.00440162 0.00453103 0.00475016 0.00506021 0.00546274 0.00595972 0.00655343 0.00724635 0.00804116 0.00894058 0.00994731 0.0110639 0.0122927 0.0136357 0.0150943 0.0166695 0.0183616 0.0201698 0.0220928 0.0241282 0.0262725 0.028521 0.0308681 0.0333067 0.0358288 0.0384249 0.0410845 0.043796 0.0465467 0.0493227 0.0521095 0.0548917 0.0576533 0.0603776 0.0630479 0.065647 0.0681578 0.0705636 0.0728476 0.074994 0.0769873 0.0788132 0.0804582 0.0819101 0.0831581 0.0841928 0.0850061 0.0855921 0.0859461 0.0860654 0.0859493 0.0855985 0.0850159 0.0842059 0.0831747 0.0819303 0.0804821 0.078841 0.0770192 0.0750301 0.0728881 0.0706086 0.0682075 0.0657013 0.063107 0.0604416 0.0577221 0.0549653 0.0521877 0.0494054 0.0466336 0.043887 0.0411792 0.0385228 0.0359296 0.03341 0.0309733 0.0286276 0.0263798 0.0242357 0.0221999 0.0202758 0.0184659 0.0167716 0.0151934 0.0137313 0.0123842 0.0111508 0.010029 0.00901666 0.00811117 0.0073099 0.00661017 0.00600935 0.005505 0.00509489 0.00477711 0.00455012 0.00441302 
0.00483311 0.00487811 0.00502079 0.00526218 0.00560355 0.00604658 0.00659338 0.00724635 0.00800816 0.00888162 0.00986963 0.010975 0.0122005 0.0135484 0.0150209 0.0166193 0.0183446 0.0201968 0.0221751 0.0242779 0.0265024 0.0288445 0.0312992 0.0338601 0.0365194 0.0392682 0.0420962 0.0449919 0.0479426 0.0509344 0.0539523 0.0569805 0.0600023 0.0630003 0.0659566 0.0688531 0.0716712 0.0743926 0.0769992 0.0794731 0.0817971 0.0839548 0.0859307 0.0877104 0.0892808 0.0906303 0.0917489 0.092628 0.0932611 0.0936433 0.0937719 0.0936457 0.0932659 0.0926353 0.0917588 0.0906431 0.0892964 0.0877291 0.0859528 0.0839805 0.0818265 0.0795065 0.0770369 0.0744347 0.0717179 0.0689045 0.0660129 0.0630615 0.0600684 0.0570515 0.0540281 0.0510149 0.0480275 0.045081 0.0421891 0.0393645 0.0366187 0.0339618 0.0314029 0.0289496 0.0266082 0.0243839 0.0222805 0.0203009 0.0184468 0.016719 0.0151174 0.0136411 0.0122887 0.0110583 0.00994734 0.0089533 0.00807336 0.00730468 0.00664448 0.00609017 0.00563938 0.00529007 0.00504059 0.00489 
0.00537562 0.0054256 0.00558345 0.00585029 0.00622746 0.00671679 0.00732049 0.00804116 0.00888162 0.00984488 0.010934 0.012152 0.0135016 0.0149853 0.0166053 0.018363 0.0202592 0.0222937 0.0244657 0.0267729 0.0292123 0.0317793 0.0344682 0.0372718 0.0401816 0.0431877 0.0462787 0.0494421 0.0526638 0.0559287 0.0592204 0.0625218 0.0658147 0.0690801 0.0722987 0.0754508 0.0785164 0.0814757 0.084309 0.0869972 0.0895217 0.0918648 0.0940099 0.0959415 0.0976455 0.0991095 0.100323 0.101276 0.101962 0.102376 0.102515 0.102378 0.101965 0.10128 0.100329 0.0991178 0.0976559 0.0959543 0.0940254 0.0918833 0.0895434 0.0870225 0.0843382 0.081509 0.0785541 0.0754932 0.0723459 0.0691323 0.065872 0.0625844 0.0592882 0.0560014 0.0527415 0.0495245 0.0463655 0.0432785 0.040276 0.0373694 0.0345684 0.0318815 0.0293159 0.0268772 0.02457 0.0223973 0.0203614 0.0184631 0.0167026 0.0150791 0.0135911 0.0122367 0.0110133 0.00991825 0.00894852 0.00810113 0.00737314 0.00676178 0.00626451 0.00587918 0.00560403 0.00543803 
0.00599067 0.00604628 0.00622125 0.00651679 0.00693432 0.00747581 0.00814365 0.00894058 0.00986963 0.010934 0.0121369 0.0134815 0.0149708 0.0166073 0.0183931 0.0203297 0.0224177 0.0246569 0.0270461 0.0295827 0.032263 0.035082 0.0380331 0.0411085 0.0442985 0.0475923 0.0509774 0.0544398 0.0579642 0.061534 0.0651314 0.0687375 0.0723325 0.075896 0.0794068 0.0828436 0.0861847 0.0894087 0.0924943 0.0954208 0.0981682 0.100717 0.103051 0.105151 0.107003 0.108594 0.109913 0.110948 0.111693 0.112143 0.112293 0.112143 0.111694 0.11095 0.109915 0.108598 0.107008 0.105157 0.103059 0.100728 0.0981812 0.0954368 0.0925138 0.089432 0.0862122 0.0828756 0.0794437 0.075938 0.0723798 0.0687902 0.0651896 0.0615978 0.0580334 0.0545143 0.0510569 0.0476766 0.0443871 0.0412009 0.0381289 0.0351805 0.0323636 0.0296847 0.0271488 0.0247595 0.0225195 0.0204298 0.0184908 0.0167019 0.0150615 0.0135677 0.0122178 0.011009 0.00993823 0.00900222 0.00819788 0.00752224 0.00697263 0.00654672 0.00624263 0.00605928 
0.00668044 0.00674234 0.00693641 0.00726394 0.00772648 0.00832612 0.00906542 0.00994731 0.010975 0.012152 0.0134815 0.014967 0.0166116 0.0184179 0.0203879 0.0225233 0.0248243 0.0272907 0.0299207 0.0327116 0.0356589 0.0387569 0.0419984 0.0453744 0.0488744 0.0524863 0.0561962 0.0599888 0.0638473 0.0677535 0.0716879 0.0756298 0.0795578 0.0834495 0.087282 0.091032 0.0946762 0.0981912 0.101554 0.104742 0.107735 0.11051 0.11305 0.115335 0.117351 0.119081 0.120515 0.12164 0.12245 0.122939 0.123101 0.122938 0.122449 0.121638 0.120512 0.119079 0.117349 0.115334 0.113049 0.110511 0.107738 0.104748 0.101563 0.0982032 0.0946921 0.0910524 0.0873071 0.0834798 0.0795936 0.0756714 0.0717353 0.0678069 0.0639067 0.0600541 0.0562672 0.0525628 0.048956 0.0454607 0.0420888 0.0388509 0.0357557 0.0328106 0.0300212 0.0273917 0.0249252 0.0226231 0.0204859 0.0185131 0.0167033 0.0150544 0.0135639 0.0122286 0.0110453 0.0100106 0.00912122 0.008374 0.00776607 0.00729495 0.00695862 0.00675593 
0.00744703 0.0075159 0.00773108 0.00809397 0.00860622 0.00927007 0.0100883 0.0110639 0.0122005 0.0135016 0.0149708 0.0166116 0.0184272 0.0204205 0.0225934 0.0249473 0.0274827 0.0301987 0.0330934 0.0361633 0.0394036 0.0428078 0.0463675 0.050073 0.0539125 0.0578724 0.0619377 0.0660914 0.070315 0.0745886 0.0788909 0.0831993 0.0874904 0.0917399 0.0959229 0.100014 0.103988 0.10782 0.111484 0.114957 0.118216 0.121237 0.124001 0.126488 0.12868 0.130562 0.13212 0.133344 0.134224 0.134755 0.134931 0.134752 0.13422 0.133338 0.132113 0.130553 0.128671 0.126478 0.123991 0.121228 0.118208 0.114951 0.111481 0.107819 0.103991 0.100021 0.0959348 0.0917571 0.0875132 0.0832281 0.078926 0.0746302 0.0703631 0.0661461 0.0619989 0.0579398 0.0539858 0.0501519 0.0464515 0.0428961 0.0394957 0.0362585 0.0331908 0.0302975 0.027582 0.0250462 0.022691 0.0205159 0.0185196 0.0167 0.0150544 0.0135796 0.0122723 0.0111287 0.0101456 0.00931935 0.00864706 0.00812604 0.00775413 0.0075301 
0.00829243 0.00836895 0.00860728 0.00900892 0.00957563 0.0103098 0.0112144 0.0122927 0.0135484 0.0149853 0.0166073 0.0184179 0.0204205 0.0226179 0.0250122 0.0276047 0.0303956 0.0333837 0.0365667 0.0399406 0.0434998 0.0472369 0.0511427 0.0552061 0.0594141 0.0637519 0.0682026 0.0727477 0.0773669 0.0820383 0.0867388 0.0914436 0.0961273 0.100763 0.105325 0.109784 0.114114 0.118288 0.122277 0.126057 0.129603 0.132889 0.135894 0.138597 0.14098 0.143025 0.144718 0.146047 0.147002 0.147578 0.147769 0.147574 0.146996 0.146037 0.144705 0.143009 0.140962 0.138578 0.135874 0.132869 0.129583 0.126039 0.12226 0.118273 0.114103 0.109777 0.105322 0.100766 0.0961356 0.0914582 0.08676 0.0820665 0.0774022 0.0727903 0.0682524 0.0638088 0.0594779 0.0552764 0.0512189 0.0473185 0.0435862 0.040031 0.0366602 0.0334795 0.0304926 0.0277021 0.025109 0.022713 0.020513 0.0185069 0.0166918 0.0150646 0.0136215 0.012359 0.0112731 0.0103604 0.00961768 0.00904202 0.00863115 0.00838377 
0.00921836 0.00930322 0.00956677 0.0100106 0.0106366 0.0114472 0.0124458 0.0136357 0.0150209 0.0166053 0.0183931 0.0203879 0.0225934 0.0250122 0.0276466 0.0304975 0.033565 0.0368476 0.0403425 0.0440449 0.0479486 0.0520452 0.0563243 0.0607737 0.065379 0.0701236 0.0749893 0.0799555 0.085 0.090099 0.095227 0.100357 0.105462 0.110513 0.11548 0.120334 0.125045 0.129584 0.133922 0.13803 0.141881 0.145451 0.148714 0.151648 0.154234 0.156452 0.158289 0.15973 0.160766 0.16139 0.161597 0.161385 0.160757 0.159716 0.15827 0.15643 0.154208 0.151619 0.148683 0.145418 0.141848 0.137997 0.13389 0.129554 0.125018 0.120311 0.115461 0.110499 0.105454 0.100356 0.0952328 0.0901122 0.085021 0.0799845 0.0750263 0.0701687 0.0654318 0.060834 0.0563916 0.0521189 0.0480281 0.0441294 0.0404311 0.0369395 0.033659 0.0305927 0.0277419 0.0251066 0.0226857 0.0204772 0.0184782 0.0166855 0.0150951 0.0137031 0.0125057 0.0114991 0.0106797 0.0100447 0.00959144 0.00931867 
0.0102263 0.0103202 0.010611 0.0111004 0.0117904 0.0126838 0.0137839 0.0150943 0.0166193 0.018363 0.0203297 0.0225233 0.0249473 0.0276047 0.0304975 0.0336266 0.0369917 0.0405909 0.0444208 0.0484761 0.0527494 0.0572315 0.0619108 0.0667737 0.0718042 0.0769842 0.0822935 0.0877096 0.0932083 0.0987636 0.104348 0.109932 0.115485 0.120977 0.126376 0.13165 0.136766 0.141693 0.1464 0.150856 0.155033 0.158903 0.162439 0.165619 0.168419 0.170822 0.172811 0.174371 0.175493 0.176167 0.17639 0.176161 0.17548 0.174352 0.172786 0.170792 0.168384 0.165579 0.162396 0.158857 0.154986 0.150809 0.146352 0.141647 0.136722 0.131609 0.126339 0.120946 0.11546 0.109913 0.104336 0.0987602 0.0932134 0.0877234 0.0823161 0.0770158 0.0718445 0.0668225 0.0619678 0.057296 0.0528208 0.0485535 0.0445035 0.0406778 0.0370818 0.0337188 0.0305906 0.0276976 0.0250388 0.0226122 0.020415 0.0184437 0.0166943 0.0151627 0.0138449 0.0127367 0.0118346 0.0111354 0.0106364 0.0103362 
0.0113172 0.0114208 0.011741 0.0122794 0.0130383 0.0140206 0.0152296 0.0166695 0.0183446 0.0202592 0.0224177 0.0248243 0.0274827 0.0303956 0.033565 0.0369917 0.040675 0.0446125 0.0488002 0.053232 0.0578997 0.0627927 0.0678984 0.0732014 0.0786844 0.0843273 0.0901079 0.0960017 0.101982 0.108022 0.114089 0.120153 0.126182 0.132141 0.137996 0.143713 0.149257 0.154594 0.159691 0.164514 0.169034 0.17322 0.177044 0.180481 0.183509 0.186105 0.188254 0.189939 0.191151 0.191879 0.192119 0.191871 0.191134 0.189915 0.188222 0.186067 0.183464 0.180431 0.176988 0.17316 0.168972 0.16445 0.159626 0.15453 0.149194 0.143653 0.13794 0.13209 0.126137 0.120116 0.114059 0.108 0.10197 0.0959986 0.0901145 0.0843437 0.0787107 0.0732373 0.0679435 0.0628466 0.0579616 0.0533012 0.0488758 0.0446934 0.0407601 0.0370799 0.0336551 0.0304862 0.0275727 0.0249125 0.0225027 0.0203399 0.01842 0.0167386 0.0152915 0.0140743 0.0130834 0.0123152 0.0117671 0.0114375 
0.0124917 0.0126058 0.0129573 0.0135482 0.0143807 0.0154579 0.0167834 0.0183616 0.0201968 0.0222937 0.0246569 0.0272907 0.0301987 0.0333837 0.0368476 0.0405909 0.0446125 0.0489095 0.0534773 0.0583087 0.0633946 0.0687232 0.0742804 0.0800494 0.0860109 0.0921431 0.0984216 0.10482 0.111309 0.117858 0.124435 0.131005 0.137533 0.143983 0.150318 0.1565 0.162493 0.168261 0.173766 0.178975 0.183853 0.18837 0.192496 0.196203 0.199467 0.202267 0.204582 0.206399 0.207704 0.208488 0.208747 0.208478 0.207684 0.206369 0.204543 0.202219 0.199412 0.19614 0.192427 0.188296 0.183775 0.178893 0.173683 0.168178 0.162411 0.15642 0.150241 0.143912 0.137468 0.130947 0.124385 0.117817 0.111277 0.104798 0.0984106 0.0921429 0.0860216 0.0800708 0.0743122 0.068765 0.0634457 0.0583683 0.0535445 0.0489833 0.0446917 0.0406742 0.0369338 0.0334714 0.0302865 0.0273773 0.0247411 0.0223741 0.0202722 0.0184309 0.0168457 0.0155123 0.0144264 0.0135847 0.0129841 0.012623 
0.0137498 0.013875 0.01426 0.0149066 0.0158174 0.0169955 0.0184448 0.0201698 0.0221751 0.0244657 0.0270461 0.0299207 0.0330934 0.0365667 0.0403425 0.0444208 0.0488002 0.0534773 0.0584464 0.0636997 0.0692268 0.0750146 0.0810475 0.0873071 0.0937721 0.100419 0.10722 0.114148 0.12117 0.128254 0.135365 0.142464 0.149515 0.156478 0.163314 0.169983 0.176445 0.182661 0.188592 0.194202 0.199454 0.204316 0.208755 0.212743 0.216254 0.219264 0.221753 0.223706 0.225108 0.22595 0.226228 0.225938 0.225084 0.22367 0.221707 0.219207 0.216187 0.212668 0.208672 0.204226 0.199359 0.194102 0.18849 0.182557 0.176342 0.169882 0.163216 0.156385 0.149427 0.142384 0.135292 0.128192 0.121118 0.114106 0.10719 0.1004 0.0937654 0.0873124 0.0810645 0.0750428 0.0692656 0.0637484 0.058504 0.0535427 0.0488723 0.0444982 0.0404238 0.0366505 0.0331782 0.0300052 0.0271287 0.0245451 0.0222501 0.0202391 0.0185073 0.0170502 0.0158636 0.0149436 0.0142872 0.0138928 
0.0150909 0.0152279 0.0156482 0.0163539 0.0173475 0.0186324 0.0202126 0.0220928 0.0242779 0.0267729 0.0295827 0.0327116 0.0361633 0.0399406 0.0440449 0.0484761 0.053232 0.0583087 0.0636997 0.0693961 0.0753862 0.0816557 0.0881872 0.0949605 0.101952 0.109137 0.116485 0.123966 0.131545 0.139187 0.146853 0.154504 0.162099 0.169596 0.176952 0.184126 0.191074 0.197755 0.204128 0.210154 0.215793 0.221012 0.225776 0.230054 0.233819 0.237047 0.239716 0.241809 0.243312 0.244215 0.244511 0.244201 0.243284 0.241768 0.239662 0.236981 0.233742 0.229966 0.225678 0.220906 0.215681 0.210036 0.204006 0.197631 0.19095 0.184002 0.176831 0.169479 0.161987 0.1544 0.146757 0.139101 0.13147 0.123902 0.116434 0.109098 0.101927 0.0949481 0.0881878 0.0816689 0.0754114 0.0694325 0.0637464 0.0583645 0.0532958 0.0485464 0.0441204 0.0400196 0.0362444 0.0327931 0.0296631 0.0268509 0.024352 0.0221616 0.020275 0.0186872 0.0173939 0.0163913 0.0156759 0.0152462 
0.0165137 0.0166632 0.0171207 0.0178886 0.0189694 0.0203667 0.0220847 0.0241282 0.0265024 0.0292123 0.032263 0.0356589 0.0394036 0.0434998 0.0479486 0.0527494 0.0578997 0.0633946 0.0692268 0.0753862 0.08186 0.0886321 0.0956836 0.102992 0.110533 0.118277 0.126194 0.134249 0.142406 0.150627 0.158869 0.167091 0.175249 0.183299 0.191194 0.198889 0.206339 0.213501 0.220329 0.226782 0.232821 0.238407 0.243505 0.248082 0.252109 0.255561 0.258414 0.260651 0.262257 0.263222 0.263539 0.263206 0.262226 0.260604 0.258352 0.255484 0.25202 0.24798 0.243392 0.238284 0.23269 0.226645 0.220186 0.213355 0.206192 0.198742 0.191048 0.183157 0.175113 0.166962 0.158749 0.150516 0.142307 0.134162 0.12612 0.118217 0.110487 0.102961 0.0956663 0.0886287 0.08187 0.0754089 0.0692612 0.0634396 0.057954 0.0528116 0.0480171 0.0435731 0.03948 0.0357367 0.0323406 0.0292881 0.0265749 0.024196 0.0221465 0.0204213 0.0190159 0.0179261 0.0171487 0.0166819 
0.0180161 0.0181787 0.0186753 0.0195084 0.0206806 0.0221956 0.0240579 0.0262725 0.0288445 0.0317793 0.035082 0.0387569 0.0428078 0.0472369 0.0520452 0.0572315 0.0627927 0.0687232 0.0750146 0.0816557 0.0886321 0.0959263 0.103517 0.111381 0.119491 0.127815 0.13632 0.144969 0.153723 0.162541 0.171378 0.180189 0.188927 0.197544 0.205993 0.214225 0.222191 0.229845 0.23714 0.244033 0.25048 0.256442 0.261882 0.266765 0.27106 0.27474 0.277783 0.280167 0.281879 0.282906 0.283244 0.282888 0.281843 0.280114 0.277712 0.274654 0.270959 0.266649 0.261754 0.256303 0.250331 0.243875 0.236976 0.229676 0.22202 0.214053 0.205823 0.197377 0.188765 0.180033 0.171231 0.162404 0.153599 0.144857 0.136222 0.127732 0.119423 0.111329 0.103481 0.0959049 0.0886255 0.0816633 0.0750354 0.0687561 0.0628363 0.0572843 0.0521057 0.0473034 0.0428785 0.0388302 0.035156 0.0318524 0.0289149 0.0263388 0.0241187 0.0222496 0.0207268 0.0195459 0.0187035 0.0181977 
0.0195952 0.0197715 0.020309 0.0212101 0.0224776 0.0241155 0.0261283 0.028521 0.0312992 0.0344682 0.0380331 0.0419984 0.0463675 0.0511427 0.0563243 0.0619108 0.0678984 0.0742804 0.0810475 0.0881872 0.0956836 0.103517 0.111666 0.120103 0.128799 0.13772 0.146831 0.156091 0.165459 0.17489 0.184338 0.193753 0.203085 0.212285 0.221301 0.230081 0.238574 0.246731 0.254503 0.261844 0.268708 0.275053 0.280841 0.286035 0.290603 0.294516 0.29775 0.300284 0.302103 0.303195 0.303553 0.303175 0.302063 0.300225 0.297672 0.29442 0.290489 0.285905 0.280697 0.274896 0.268539 0.261666 0.254317 0.246539 0.238379 0.229883 0.221104 0.212091 0.202896 0.19357 0.184164 0.174727 0.165308 0.155954 0.146708 0.137613 0.128708 0.120029 0.111608 0.103477 0.095659 0.0881783 0.0810534 0.0742998 0.06793 0.0619532 0.0563758 0.0512015 0.0464318 0.0420663 0.0381027 0.0345378 0.0313669 0.0285853 0.0261876 0.0241685 0.0225232 0.0212473 0.0203372 0.0197909 
0.0212474 0.021438 0.0220178 0.0229896 0.0243561 0.0261215 0.0282904 0.0308681 0.0338601 0.0372718 0.0411085 0.0453744 0.050073 0.0552061 0.0607737 0.0667737 0.0732014 0.0800494 0.0873071 0.0949605 0.102992 0.111381 0.120103 0.129129 0.138427 0.147961 0.157692 0.167579 0.177575 0.187633 0.197704 0.207735 0.217675 0.227468 0.23706 0.246398 0.255428 0.264096 0.272353 0.280147 0.287434 0.294168 0.300308 0.305817 0.310661 0.31481 0.318238 0.320924 0.322852 0.324009 0.324388 0.323986 0.322808 0.320859 0.318152 0.314704 0.310536 0.305674 0.300149 0.293993 0.287246 0.279949 0.272144 0.263881 0.255207 0.246175 0.236837 0.227246 0.217458 0.207525 0.197502 0.187442 0.177396 0.167414 0.157543 0.147828 0.138311 0.129031 0.120023 0.11132 0.102948 0.0949338 0.0872967 0.0800542 0.07322 0.0668045 0.0608151 0.0552562 0.0501298 0.0454361 0.0411729 0.0373372 0.0339245 0.0309298 0.0283479 0.0261732 0.0244009 0.0230264 0.0220459 0.0214575 
0.022968 0.0231733 0.0237971 0.0248418 0.0263108 0.0282079 0.0305381 0.0333067 0.0365194 0.0401816 0.0442985 0.0488744 0.0539125 0.0594141 0.065379 0.0718042 0.0786844 0.0860109 0.0937721 0.101952 0.110533 0.119491 0.128799 0.138427 0.14834 0.158499 0.168864 0.179388 0.190024 0.200721 0.211425 0.222083 0.232638 0.243033 0.25321 0.263113 0.272685 0.281871 0.290617 0.298871 0.306584 0.313709 0.320205 0.326032 0.331154 0.33554 0.339163 0.342002 0.344039 0.345261 0.345661 0.345237 0.343991 0.341931 0.339069 0.335424 0.331017 0.325875 0.32003 0.313518 0.306377 0.298651 0.290386 0.281632 0.27244 0.262864 0.25296 0.242784 0.232393 0.221844 0.211195 0.200501 0.189816 0.179195 0.168687 0.158339 0.148198 0.138304 0.128696 0.119407 0.110469 0.101907 0.0937442 0.0859999 0.0786887 0.0718224 0.0654092 0.0594545 0.0539609 0.048929 0.0443571 0.0402421 0.0365799 0.0333654 0.0305932 0.0282579 0.0263544 0.024878 0.0238249 0.0231931 
0.0247515 0.0249721 0.025641 0.0267609 0.0283352 0.0303678 0.0328639 0.0358288 0.0392682 0.0431877 0.0475923 0.0524863 0.0578724 0.0637519 0.0701236 0.0769842 0.0843273 0.0921431 0.100419 0.109137 0.118277 0.127815 0.13772 0.147961 0.158499 0.169295 0.180302 0.191473 0.202758 0.214101 0.225447 0.236738 0.247915 0.258917 0.269684 0.280157 0.290275 0.299981 0.309219 0.317934 0.326076 0.333595 0.340448 0.346592 0.351993 0.356617 0.360436 0.363427 0.365573 0.366861 0.367282 0.366835 0.365521 0.36335 0.360334 0.356491 0.351844 0.346422 0.340257 0.333386 0.32585 0.317694 0.308966 0.299719 0.290005 0.279882 0.269407 0.25864 0.247641 0.23647 0.225187 0.213851 0.202521 0.191251 0.180096 0.169107 0.158331 0.147812 0.137593 0.127708 0.118191 0.109071 0.100372 0.0921151 0.0843163 0.0769887 0.0701417 0.0637816 0.0579117 0.052533 0.0476442 0.0432427 0.0393242 0.0358838 0.0329162 0.0304158 0.0283773 0.0267962 0.0256684 0.0249919 
0.0265915 0.0268277 0.0275429 0.0287399 0.030422 0.0325934 0.0352592 0.0384249 0.0420962 0.0462787 0.0509774 0.0561962 0.0619377 0.0682026 0.0749893 0.0822935 0.0901079 0.0984216 0.10722 0.116485 0.126194 0.13632 0.146831 0.157692 0.168864 0.180302 0.191959 0.203784 0.215723 0.227718 0.23971 0.251638 0.26344 0.275052 0.286412 0.297455 0.308121 0.318349 0.328079 0.337255 0.345824 0.353737 0.360945 0.367408 0.373086 0.377947 0.381961 0.385105 0.387359 0.388712 0.389154 0.388684 0.387304 0.385021 0.381851 0.377811 0.372926 0.367224 0.360739 0.35351 0.34558 0.336994 0.327804 0.318062 0.307826 0.297154 0.286107 0.274747 0.263137 0.25134 0.239419 0.227438 0.215455 0.203532 0.191724 0.180086 0.168668 0.157517 0.146678 0.136189 0.126085 0.116398 0.107154 0.0983756 0.0900805 0.0822832 0.0749942 0.0682207 0.0619669 0.0562342 0.0510219 0.0463275 0.0421471 0.0384758 0.0353083 0.0326389 0.0304624 0.028774 0.0275698 0.0268476 
0.0284808 0.0287329 0.0294953 0.0307708 0.0325628 0.0348756 0.0377143 0.0410845 0.0449919 0.0494421 0.0544398 0.0599888 0.0660914 0.0727477 0.0799555 0.0877096 0.0960017 0.10482 0.114148 0.123966 0.134249 0.144969 0.156091 0.167579 0.179388 0.191473 0.203784 0.216266 0.228861 0.24151 0.254149 0.266716 0.279143 0.291366 0.303317 0.314931 0.326143 0.336889 0.34711 0.356745 0.36574 0.374043 0.381605 0.388383 0.394337 0.399432 0.40364 0.406934 0.409297 0.410715 0.411178 0.410685 0.409238 0.406846 0.403523 0.399288 0.394165 0.388186 0.381384 0.3738 0.365477 0.356464 0.346813 0.33658 0.325823 0.314604 0.302985 0.291032 0.278811 0.266388 0.253829 0.2412 0.228564 0.215983 0.203519 0.191228 0.179163 0.167376 0.155912 0.144813 0.134117 0.123857 0.114061 0.104755 0.0959572 0.0876838 0.0799464 0.0727534 0.0661097 0.0600174 0.0544763 0.0494841 0.0450372 0.0411309 0.0377597 0.0349183 0.0326012 0.0308036 0.0295215 0.0287527 
0.030411 0.0306794 0.0314897 0.0328449 0.0347484 0.0372046 0.0402186 0.043796 0.0479426 0.0526638 0.0579642 0.0638473 0.070315 0.0773669 0.085 0.0932083 0.101982 0.111309 0.12117 0.131545 0.142406 0.153723 0.165459 0.177575 0.190024 0.202758 0.215723 0.228861 0.242113 0.255414 0.2687 0.281902 0.294953 0.307782 0.320322 0.332502 0.344255 0.355517 0.366223 0.376313 0.385729 0.394418 0.40233 0.409419 0.415645 0.420973 0.425371 0.428814 0.431284 0.432765 0.433249 0.432733 0.431221 0.428721 0.425247 0.420819 0.415463 0.40921 0.402095 0.39416 0.385449 0.376013 0.365906 0.355185 0.343912 0.332149 0.319963 0.307421 0.294592 0.281545 0.26835 0.255074 0.241785 0.228548 0.215428 0.202483 0.18977 0.177344 0.165253 0.153541 0.142249 0.131413 0.121063 0.111224 0.10192 0.0931661 0.0849762 0.0773595 0.0703218 0.0638658 0.057992 0.0526984 0.0479817 0.0438373 0.0402599 0.0372441 0.0347844 0.0328761 0.031515 0.030699 
0.0323733 0.0326581 0.0335167 0.0349524 0.0369685 0.0395693 0.0427602 0.0465467 0.0509344 0.0559287 0.061534 0.0677535 0.0745886 0.0820383 0.090099 0.0987636 0.108022 0.117858 0.128254 0.139187 0.150627 0.162541 0.17489 0.187633 0.200721 0.214101 0.227718 0.24151 0.255414 0.269364 0.283291 0.297125 0.310793 0.324223 0.337344 0.350084 0.362373 0.374143 0.385328 0.395866 0.405697 0.414765 0.423021 0.430416 0.43691 0.442465 0.44705 0.45064 0.453213 0.454757 0.455261 0.454724 0.453147 0.450541 0.446919 0.442303 0.436718 0.430195 0.422773 0.414492 0.4054 0.395547 0.384991 0.373789 0.362006 0.349707 0.33696 0.323835 0.310404 0.296739 0.282911 0.268994 0.255056 0.241167 0.227392 0.213796 0.200438 0.187374 0.174657 0.162333 0.150445 0.139031 0.128125 0.117753 0.10794 0.0987043 0.0900598 0.0820172 0.0745832 0.0677613 0.0615525 0.0559554 0.0509668 0.0465824 0.0427971 0.0396053 0.0370019 0.0349818 0.0335411 0.0326775 
0.0343578 0.0346591 0.0355664 0.0370829 0.039212 0.0419581 0.0453265 0.0493227 0.0539523 0.0592204 0.0651314 0.0716879 0.0788909 0.0867388 0.095227 0.104348 0.114089 0.124435 0.135365 0.146853 0.158869 0.171378 0.184338 0.197704 0.211425 0.225447 0.23971 0.254149 0.2687 0.283291 0.297852 0.312308 0.326585 0.340607 0.354301 0.367591 0.380406 0.392675 0.40433 0.415307 0.425544 0.434985 0.443576 0.451271 0.458026 0.463803 0.468571 0.472304 0.474979 0.476584 0.477108 0.476549 0.47491 0.4722 0.468435 0.463634 0.457825 0.451039 0.443316 0.434697 0.425231 0.414971 0.403974 0.392301 0.380017 0.36719 0.353891 0.340192 0.326168 0.311893 0.297443 0.282891 0.268311 0.253776 0.239354 0.225112 0.211113 0.197416 0.184076 0.171143 0.158662 0.146673 0.135212 0.124309 0.113988 0.104271 0.0951719 0.0867033 0.0788727 0.0716845 0.0651401 0.0592387 0.0539776 0.0493525 0.0453586 0.0419903 0.0392426 0.0371103 0.0355896 0.0346782 
0.0363541 0.0366718 0.0376277 0.039225 0.041467 0.0443583 0.0479039 0.0521095 0.0569805 0.0625218 0.0687375 0.0756298 0.0831993 0.0914436 0.100357 0.109932 0.120153 0.131005 0.142464 0.154504 0.167091 0.180189 0.193753 0.207735 0.222083 0.236738 0.251638 0.266716 0.281902 0.297125 0.312308 0.327375 0.34225 0.356853 0.371107 0.384936 0.398265 0.411021 0.423135 0.43454 0.445173 0.454976 0.463895 0.471881 0.47889 0.484883 0.489829 0.4937 0.496474 0.498138 0.498682 0.498102 0.496403 0.493592 0.489687 0.484707 0.47868 0.471639 0.463623 0.454675 0.444845 0.434188 0.422761 0.410627 0.397854 0.384512 0.370673 0.356412 0.341806 0.326933 0.31187 0.296695 0.281484 0.266313 0.251253 0.236374 0.221742 0.207419 0.193463 0.179927 0.166859 0.1543 0.142289 0.130858 0.120033 0.109837 0.100286 0.0913934 0.0831679 0.0756148 0.068736 0.0625313 0.0569983 0.0521331 0.0479309 0.0443865 0.0414946 0.0392503 0.0376497 0.0366906 
0.0383509 0.0386851 0.0396893 0.0413668 0.0437211 0.0467565 0.0504783 0.0548917 0.0600023 0.0658147 0.0723325 0.0795578 0.0874904 0.0961273 0.105462 0.115485 0.126182 0.137533 0.149515 0.162099 0.175249 0.188927 0.203085 0.217675 0.232638 0.247915 0.26344 0.279143 0.294953 0.310793 0.326585 0.34225 0.357707 0.372876 0.387677 0.40203 0.415859 0.429089 0.441648 0.453469 0.464486 0.474639 0.483875 0.492143 0.499397 0.5056 0.510717 0.514722 0.517592 0.519313 0.519875 0.519276 0.517518 0.514611 0.51057 0.505417 0.49918 0.491892 0.483592 0.474326 0.464144 0.453101 0.441257 0.428676 0.415428 0.401584 0.387219 0.372411 0.357238 0.34178 0.326119 0.310335 0.294506 0.278711 0.263025 0.247521 0.232268 0.21733 0.202769 0.188639 0.174991 0.161871 0.149317 0.137365 0.126042 0.115372 0.105374 0.096062 0.0874455 0.0795307 0.0723205 0.065815 0.0600123 0.0549088 0.0504999 0.0467805 0.0437454 0.04139 0.03971 0.0387034 
0.0403366 0.0406871 0.0417391 0.043496 0.0459611 0.0491389 0.0530346 0.0576533 0.0630003 0.0690801 0.075896 0.0834495 0.0917399 0.100763 0.110513 0.120977 0.132141 0.143983 0.156478 0.169596 0.183299 0.197544 0.212285 0.227468 0.243033 0.258917 0.275052 0.291366 0.307782 0.324223 0.340607 0.356853 0.372876 0.388594 0.403924 0.418785 0.433098 0.446786 0.459775 0.471996 0.483384 0.493875 0.503416 0.511955 0.519446 0.525849 0.531131 0.535265 0.538227 0.540003 0.540583 0.539965 0.53815 0.53515 0.53098 0.525661 0.519221 0.511696 0.503124 0.493551 0.483029 0.471614 0.459368 0.446356 0.432648 0.418319 0.403445 0.388106 0.372382 0.356358 0.340115 0.323738 0.307307 0.290905 0.274609 0.258495 0.242634 0.227095 0.211941 0.19723 0.183015 0.169344 0.156258 0.143793 0.131981 0.120846 0.110408 0.100683 0.0916812 0.0834102 0.0758732 0.0690711 0.0630023 0.0576636 0.0530506 0.0491585 0.0459821 0.0435167 0.0417583 0.0407049 
0.0422992 0.0426656 0.0437646 0.0455994 0.0481735 0.0514911 0.0555575 0.0603776 0.0659566 0.0722987 0.0794068 0.087282 0.0959229 0.105325 0.11548 0.126376 0.137996 0.150318 0.163314 0.176952 0.191194 0.205993 0.221301 0.23706 0.25321 0.269684 0.286412 0.303317 0.320322 0.337344 0.354301 0.371107 0.387677 0.403924 0.419764 0.435114 0.449893 0.464021 0.477423 0.490029 0.501771 0.512587 0.52242 0.531218 0.538934 0.54553 0.55097 0.555226 0.558276 0.560105 0.560702 0.560065 0.558198 0.555109 0.550814 0.545337 0.538704 0.530951 0.522118 0.512252 0.501405 0.489634 0.477001 0.463575 0.449425 0.434629 0.419265 0.403414 0.38716 0.370588 0.353783 0.336832 0.319819 0.302829 0.285941 0.269234 0.252784 0.236661 0.22093 0.205653 0.190885 0.176677 0.163071 0.150107 0.137816 0.126226 0.115358 0.105229 0.0958504 0.0872303 0.0793732 0.0722802 0.0659505 0.060381 0.0555678 0.0515061 0.0481909 0.0456177 0.0437823 0.042683 
0.0442262 0.0446082 0.045753 0.0476639 0.0503443 0.0537984 0.0580312 0.0630479 0.0688531 0.0754508 0.0828436 0.091032 0.100014 0.109784 0.120334 0.13165 0.143713 0.1565 0.169983 0.184126 0.198889 0.214225 0.230081 0.246398 0.263113 0.280157 0.297455 0.314931 0.332502 0.350084 0.367591 0.384936 0.40203 0.418785 0.435114 0.450932 0.466156 0.480704 0.494501 0.507474 0.519554 0.530678 0.540789 0.549834 0.557766 0.564544 0.570134 0.574506 0.57764 0.579518 0.580132 0.579478 0.57756 0.574387 0.569975 0.564346 0.55753 0.549561 0.540481 0.530335 0.519178 0.507067 0.494066 0.480243 0.465672 0.450429 0.434596 0.418255 0.401491 0.384394 0.36705 0.349547 0.331974 0.314416 0.296958 0.27968 0.262661 0.245972 0.229684 0.213859 0.198556 0.183827 0.169717 0.156268 0.143513 0.131481 0.120195 0.109673 0.0999277 0.090968 0.082799 0.0754228 0.0688387 0.0630443 0.0580358 0.0538087 0.0503582 0.0476797 0.0457692 0.044625 
0.0461049 0.0465021 0.0476914 0.049676 0.0524594 0.0560458 0.06044 0.065647 0.0716712 0.0785164 0.0861847 0.0946762 0.103988 0.114114 0.125045 0.136766 0.149257 0.162493 0.176445 0.191074 0.206339 0.222191 0.238574 0.255428 0.272685 0.290275 0.308121 0.326143 0.344255 0.362373 0.380406 0.398265 0.415859 0.433098 0.449893 0.466156 0.481802 0.496749 0.510921 0.524241 0.536642 0.548059 0.558433 0.567711 0.575846 0.582796 0.588527 0.59301 0.596222 0.598148 0.598777 0.598107 0.596141 0.592888 0.588365 0.582595 0.575605 0.567432 0.558117 0.547708 0.536257 0.523824 0.510474 0.496276 0.481304 0.465637 0.449356 0.432548 0.4153 0.397701 0.379842 0.361812 0.343703 0.325603 0.307598 0.289773 0.272207 0.254976 0.238153 0.221801 0.205983 0.190752 0.176158 0.162241 0.149038 0.13658 0.12489 0.113988 0.103888 0.0945999 0.0861293 0.0784789 0.0716486 0.0656364 0.0604388 0.0560515 0.0524698 0.0496893 0.047706 0.0465183 
0.0479228 0.0483346 0.0495667 0.0516223 0.0545049 0.0582185 0.0627679 0.0681578 0.0743926 0.0814757 0.0894087 0.0981912 0.10782 0.118288 0.129584 0.141693 0.154594 0.168261 0.182661 0.197755 0.213501 0.229845 0.246731 0.264096 0.281871 0.299981 0.318349 0.336889 0.355517 0.374143 0.392675 0.411021 0.429089 0.446786 0.464021 0.480704 0.496749 0.512074 0.526598 0.540246 0.552948 0.56464 0.575261 0.584758 0.593084 0.600196 0.60606 0.610646 0.613932 0.615902 0.616546 0.615861 0.61385 0.610523 0.605896 0.599992 0.59284 0.584475 0.57494 0.564282 0.552555 0.53982 0.52614 0.511588 0.496238 0.48017 0.463468 0.446219 0.428512 0.410438 0.39209 0.37356 0.354942 0.336326 0.317802 0.299455 0.281368 0.263621 0.246286 0.229432 0.213122 0.197412 0.182352 0.167988 0.154357 0.14149 0.129413 0.118147 0.107706 0.0981029 0.0893426 0.0814288 0.074362 0.0681404 0.062761 0.0582195 0.0545116 0.051633 0.0495797 0.0483502 
0.0496672 0.0500929 0.0513659 0.0534893 0.0564665 0.0603016 0.064999 0.0705636 0.0769992 0.084309 0.0924943 0.101554 0.111484 0.122277 0.133922 0.1464 0.159691 0.173766 0.188592 0.204128 0.220329 0.23714 0.254503 0.272353 0.290617 0.309219 0.328079 0.34711 0.366223 0.385328 0.40433 0.423135 0.441648 0.459775 0.477423 0.494501 0.510921 0.526598 0.541451 0.555406 0.56839 0.580338 0.59119 0.600892 0.609395 0.616658 0.622645 0.627328 0.630683 0.632694 0.633351 0.632652 0.630599 0.627203 0.622479 0.616451 0.609148 0.600605 0.590864 0.579975 0.56799 0.554972 0.540985 0.526101 0.510397 0.493954 0.476856 0.459192 0.441054 0.422533 0.403725 0.384725 0.365627 0.346524 0.327509 0.30867 0.290091 0.271854 0.254035 0.236705 0.219928 0.203764 0.188264 0.173474 0.159435 0.14618 0.133735 0.122122 0.111358 0.101454 0.0924179 0.084253 0.0769606 0.0705394 0.0649865 0.060298 0.0564698 0.0534974 0.0513774 0.050108 
0.0513257 0.0517647 0.0530763 0.0552638 0.0583306 0.0622805 0.067118 0.0728476 0.0794731 0.0869972 0.0954208 0.104742 0.114957 0.126057 0.13803 0.150856 0.164514 0.178975 0.194202 0.210154 0.226782 0.244033 0.261844 0.280147 0.298871 0.317934 0.337255 0.356745 0.376313 0.395866 0.415307 0.43454 0.453469 0.471996 0.490029 0.507474 0.524241 0.540246 0.555406 0.569644 0.58289 0.595075 0.606141 0.616032 0.624699 0.632102 0.638203 0.642974 0.646393 0.648442 0.649112 0.6484 0.646309 0.642849 0.638036 0.631893 0.62445 0.615742 0.605811 0.594707 0.582484 0.569204 0.554931 0.53974 0.523707 0.506915 0.489449 0.471399 0.452858 0.433921 0.414684 0.395244 0.375697 0.356139 0.336664 0.317363 0.298323 0.279628 0.261354 0.243576 0.226361 0.209769 0.193854 0.178665 0.164242 0.15062 0.137828 0.125888 0.114819 0.104631 0.0953344 0.0869324 0.0794268 0.0728169 0.0671 0.0622726 0.0583304 0.0552695 0.0530863 0.0517791 
0.0528863 0.0533377 0.0546855 0.0569331 0.0600837 0.0641412 0.0691099 0.074994 0.0817971 0.0895217 0.0981682 0.107735 0.118216 0.129603 0.141881 0.155033 0.169034 0.183853 0.199454 0.215793 0.232821 0.25048 0.268708 0.287434 0.306584 0.326076 0.345824 0.36574 0.385729 0.405697 0.425544 0.445173 0.464486 0.483384 0.501771 0.519554 0.536642 0.552948 0.56839 0.58289 0.596375 0.608779 0.62004 0.630104 0.638923 0.646453 0.652659 0.657511 0.660988 0.663072 0.663753 0.66303 0.660904 0.657385 0.65249 0.646243 0.638671 0.629812 0.619708 0.608407 0.595965 0.582443 0.567909 0.552435 0.536099 0.518985 0.501179 0.482773 0.463861 0.444539 0.424905 0.405057 0.385095 0.365116 0.345215 0.325485 0.306016 0.286894 0.268198 0.250004 0.232381 0.21539 0.199089 0.183526 0.168745 0.154782 0.141666 0.129421 0.118065 0.107613 0.0980723 0.0894485 0.0817436 0.074957 0.0690866 0.064129 0.0600803 0.0569365 0.054694 0.0533515 
0.0543375 0.0548003 0.0561817 0.058485 0.0617132 0.0658702 0.0709602 0.0769873 0.0839548 0.0918648 0.100717 0.11051 0.121237 0.132889 0.145451 0.158903 0.17322 0.18837 0.204316 0.221012 0.238407 0.256442 0.275053 0.294168 0.313709 0.333595 0.353737 0.374043 0.394418 0.414765 0.434985 0.454976 0.474639 0.493875 0.512587 0.530678 0.548059 0.56464 0.580338 0.595075 0.608779 0.621381 0.63282 0.643042 0.651997 0.659642 0.665943 0.67087 0.674399 0.676514 0.677206 0.676472 0.674314 0.670743 0.665774 0.659432 0.651744 0.642748 0.632485 0.621006 0.608365 0.594624 0.579851 0.564119 0.547508 0.5301 0.511985 0.493254 0.474002 0.454328 0.434331 0.414111 0.393768 0.373401 0.353109 0.332986 0.313124 0.29361 0.274525 0.255948 0.237949 0.220591 0.203934 0.188028 0.172916 0.158637 0.145222 0.132695 0.121076 0.110379 0.100613 0.0917837 0.0838944 0.0769445 0.0709321 0.0658541 0.0617066 0.058486 0.0561888 0.0548136 
