1.33658e-05 1.37819e-05 1.5437e-05 1.84377e-05 2.29633e-05 2.92739e-05 3.77158e-05 4.87279e-05 6.28492e-05 8.07255e-05 0.000103117 0.000130903 0.000165089 0.000206802 0.000257296 0.00031794 0.000390212 0.000475675 0.000575961 0.00069274 0.000827682 0.000982415 0.00115848 0.00135728 0.00158001 0.00182762 0.00210073 0.0023996 0.00272406 0.00307347 0.00344667 0.00384197 0.00425712 0.00468931 0.00513521 0.00559096 0.00605224 0.00651432 0.00697216 0.00742046 0.00785379 0.00826667 0.00865371 0.0090097 0.00932971 0.00960924 0.00984428 0.0100314 0.0101679 0.0102517 0.0102816 0.0102572 0.0101788 0.0100476 0.00986558 0.00963547 0.00936061 0.00904497 0.00869301 0.00830962 0.00789997 0.00746944 0.00702348 0.00656751 0.00610681 0.00564644 0.00519111 0.00474516 0.00431247 0.0038964 0.00349979 0.00312491 0.00277352 0.00244679 0.00214543 0.00186965 0.00161924 0.00139364 0.00119193 0.00101295 0.000855362 0.000717645 0.000598201 0.000495387 0.000407552 0.000333078 0.00027041 0.000218074 0.0001747 0.000139032 0.000109932 8.63868e-05 6.75036e-05 5.25083e-05 4.07399e-05 3.16436e-05 2.4764e-05 1.97385e-05 1.62902e-05 1.42271e-05 
1.37819e-05 1.42131e-05 1.59243e-05 1.90257e-05 2.37028e-05 3.02247e-05 3.89496e-05 5.03315e-05 6.49276e-05 8.34057e-05 0.000106552 0.000135275 0.000170612 0.000213731 0.000265925 0.000328609 0.000403305 0.00049163 0.000595266 0.000715933 0.000855352 0.0010152 0.00119706 0.00140238 0.00163237 0.00188802 0.00216995 0.00247842 0.00281325 0.00317377 0.00355876 0.00396648 0.00439459 0.00484021 0.00529988 0.00576963 0.00624499 0.00672112 0.00719279 0.00765458 0.00810087 0.00852606 0.00892458 0.00929108 0.00962051 0.00990823 0.0101501 0.0103427 0.0104831 0.0105693 0.0106001 0.0105748 0.0104941 0.010359 0.0101716 0.00993468 0.00965167 0.00932666 0.00896424 0.00856941 0.00814751 0.00770406 0.00724466 0.00677489 0.0063002 0.00582577 0.00535647 0.00489679 0.00445069 0.00402167 0.00361265 0.00322598 0.00286348 0.00252638 0.0022154 0.00193078 0.00167231 0.0014394 0.00123114 0.00104633 0.000883585 0.000741347 0.000617972 0.000511764 0.000421025 0.000344084 0.000279336 0.000225263 0.000180449 0.000143596 0.000113531 8.92047e-05 6.96964e-05 5.42057e-05 4.20494e-05 3.26541e-05 2.55491e-05 2.03595e-05 1.67993e-05 1.46697e-05 
1.5437e-05 1.59243e-05 1.78416e-05 2.13115e-05 2.65406e-05 3.38276e-05 4.35704e-05 5.62724e-05 7.25511e-05 9.31459e-05 0.000118926 0.000150895 0.000190197 0.000238119 0.000296083 0.000365642 0.000448466 0.000546324 0.000661054 0.00079453 0.000948623 0.00112515 0.00132583 0.0015522 0.00180557 0.00208697 0.00239706 0.00273607 0.00310376 0.00349935 0.00392148 0.00436819 0.00483692 0.00532447 0.00582705 0.00634031 0.00685939 0.00737898 0.00789342 0.00839681 0.00888307 0.0093461 0.00977991 0.0101787 0.010537 0.0108498 0.0111127 0.011322 0.0114745 0.011568 0.0116012 0.0115736 0.0114856 0.0113386 0.0111347 0.0108769 0.0105689 0.0102151 0.00982053 0.00939055 0.00893094 0.00844766 0.0079468 0.00743439 0.00691635 0.00639832 0.00588562 0.00538312 0.00489517 0.00442561 0.00397763 0.00355386 0.00315629 0.00278632 0.00244477 0.00213194 0.00184765 0.00159128 0.00136186 0.00115814 0.00097859 0.000821553 0.00068524 0.000567809 0.000467407 0.000382211 0.000310467 0.000250507 0.000200782 0.000159862 0.000126458 9.94137e-05 7.77125e-05 6.04709e-05 4.69337e-05 3.64664e-05 2.8548e-05 2.2763e-05 1.87943e-05 1.64219e-05 
1.84377e-05 1.90257e-05 2.13115e-05 2.54399e-05 3.16536e-05 4.03039e-05 5.18574e-05 6.69042e-05 8.61667e-05 0.000110508 0.000140942 0.000178637 0.000224923 0.000281287 0.000349376 0.000430982 0.000528025 0.000642533 0.000776609 0.000932388 0.00111199 0.00131748 0.00155077 0.00181359 0.00210739 0.00243327 0.00279192 0.00318354 0.00360777 0.00406363 0.00454952 0.00506311 0.00560142 0.00616074 0.00673671 0.00732433 0.00791803 0.00851179 0.00909915 0.00967341 0.0102277 0.0107552 0.011249 0.0117026 0.01211 0.0124655 0.0127641 0.0130016 0.0131746 0.0132805 0.0133179 0.0132863 0.0131861 0.0130187 0.0127867 0.0124934 0.012143 0.0117403 0.0112911 0.0108013 0.0102775 0.00972642 0.00915489 0.00856978 0.00797779 0.00738533 0.00679846 0.00622274 0.00566316 0.00512413 0.00460937 0.0041219 0.00366407 0.00323755 0.00284336 0.0024819 0.00215302 0.00185611 0.00159009 0.00135357 0.00114488 0.000962126 0.0008033 0.00066631 0.000549044 0.00044942 0.000365424 0.000295145 0.000236792 0.00018872 0.000149431 0.000117588 9.20098e-05 7.16673e-05 5.56803e-05 4.33086e-05 3.3943e-05 2.70974e-05 2.24009e-05 1.95955e-05 
2.29633e-05 2.37028e-05 2.65406e-05 3.16536e-05 3.93385e-05 5.00237e-05 6.42772e-05 8.28163e-05 0.000106517 0.000136426 0.000173767 0.000219949 0.000276569 0.000345415 0.000428455 0.000527824 0.000645807 0.000784806 0.000947302 0.00113581 0.0013528 0.00160068 0.00188166 0.00219771 0.00255047 0.00294116 0.00337049 0.00383858 0.00434492 0.00488824 0.00546653 0.00607697 0.00671593 0.00737897 0.00806091 0.0087558 0.0094571 0.0101577 0.01085 0.0115262 0.0121784 0.0127983 0.0133783 0.0139108 0.0143886 0.0148052 0.015155 0.015433 0.0156353 0.015759 0.0158025 0.015765 0.0156472 0.0154508 0.0151785 0.0148342 0.0144229 0.0139501 0.0134223 0.0128467 0.0122306 0.011582 0.0109088 0.0102191 0.00952052 0.00882076 0.00812687 0.00744542 0.00678234 0.00614284 0.00553137 0.0049516 0.00440638 0.00389777 0.00342706 0.00299484 0.00260104 0.002245 0.00192555 0.00164112 0.00138978 0.00116937 0.000977535 0.000811831 0.000669779 0.000548924 0.00044688 0.000361378 0.000290285 0.000231634 0.000183635 0.00014468 0.000113348 8.83985e-05 6.87682e-05 5.35611e-05 4.2039e-05 3.3612e-05 2.78295e-05 2.43782e-05 
2.92739e-05 3.02247e-05 3.38276e-05 4.03039e-05 5.00237e-05 6.35205e-05 8.1501e-05 0.000104855 0.00013467 0.000172237 0.000219067 0.000276894 0.000347679 0.000433609 0.000537084 0.000660704 0.000807237 0.000979585 0.00118073 0.00141368 0.00168139 0.0019867 0.00233219 0.00272018 0.00315251 0.00363056 0.00415504 0.00472599 0.0053426 0.00600326 0.00670538 0.00744545 0.008219 0.00902061 0.00984396 0.0106819 0.0115265 0.0123692 0.0132012 0.0140129 0.0147948 0.0155376 0.0162319 0.0168687 0.0174398 0.0179374 0.0183549 0.0186864 0.0189275 0.0190748 0.0191262 0.019081 0.0189399 0.0187049 0.0183793 0.0179676 0.0174755 0.0169098 0.0162779 0.0155883 0.0148499 0.0140717 0.0132635 0.0124345 0.0115942 0.0107515 0.00991494 0.00909241 0.00829106 0.00751723 0.00677634 0.0060729 0.00541046 0.00479161 0.00421805 0.00369061 0.00320933 0.00277353 0.00238192 0.00203271 0.00172364 0.00145218 0.00121555 0.00101083 0.000835061 0.000685285 0.000558628 0.000452339 0.00036383 0.000290701 0.000230764 0.000182052 0.000142816 0.000111531 8.68858e-05 6.77719e-05 5.32758e-05 4.26667e-05 3.53851e-05 3.10424e-05 
3.77158e-05 3.89496e-05 4.35704e-05 5.18574e-05 6.42772e-05 8.1501e-05 0.000104416 0.000134139 0.000172029 0.0002197 0.000279033 0.000352183 0.00044158 0.000549926 0.00068018 0.000835533 0.00101937 0.00123524 0.00148675 0.00177753 0.00211114 0.00249095 0.00292005 0.0034011 0.00393627 0.00452703 0.00517413 0.00587742 0.00663577 0.00744701 0.00830786 0.00921389 0.0101595 0.0111381 0.0121419 0.013162 0.0141891 0.0152126 0.0162218 0.0172055 0.0181522 0.0190505 0.0198895 0.0206584 0.0213474 0.0219474 0.0224504 0.0228497 0.0231397 0.0233166 0.023378 0.0233231 0.0231525 0.0228687 0.0224757 0.0219787 0.0213846 0.0207012 0.0199376 0.0191037 0.01821 0.0172676 0.0162878 0.015282 0.0142614 0.0132367 0.0122184 0.0112159 0.0102379 0.00929237 0.00838583 0.00752391 0.00671105 0.00595059 0.00524472 0.00459463 0.00400053 0.00346173 0.00297683 0.00254372 0.00215981 0.00182207 0.0015272 0.00127169 0.00105197 0.000864442 0.000705615 0.000572122 0.000460787 0.00036866 0.00029304 0.000231491 0.000181846 0.000142208 0.000110942 8.66652e-05 6.82361e-05 5.47389e-05 4.54729e-05 3.99504e-05 
4.87279e-05 5.03315e-05 5.62724e-05 6.69042e-05 8.28163e-05 0.000104855 0.000134139 0.000172071 0.000220357 0.000281016 0.000356399 0.000449191 0.000562412 0.000699411 0.000863841 0.00105963 0.00129094 0.00156209 0.00187748 0.00224151 0.00265845 0.00313234 0.00366682 0.00426503 0.00492941 0.00566162 0.00646235 0.00733121 0.00826661 0.0092657 0.0103243 0.0114367 0.0125962 0.0137943 0.0150215 0.0162672 0.0175197 0.0187664 0.0199943 0.0211898 0.0223391 0.0234288 0.0244456 0.0253767 0.0262103 0.0269358 0.0275436 0.0280257 0.0283757 0.0285889 0.0286625 0.0285954 0.0283887 0.0280452 0.0275695 0.0269679 0.0262485 0.0254207 0.0244953 0.023484 0.0223994 0.0212548 0.0200637 0.0188398 0.0175965 0.016347 0.0151036 0.0138782 0.0126813 0.0115224 0.0104098 0.00935054 0.00835013 0.00741281 0.00654149 0.0057378 0.00500219 0.00433404 0.00373176 0.00319298 0.00271464 0.00229317 0.00192461 0.00160474 0.00132924 0.00109374 0.000893969 0.000725804 0.000585337 0.000468928 0.000373235 0.000295234 0.000232231 0.000181859 0.000142077 0.000111152 8.76539e-05 7.04317e-05 5.86052e-05 5.15611e-05 
6.28492e-05 6.49276e-05 7.25511e-05 8.61667e-05 0.000106517 0.00013467 0.000172029 0.000220357 0.000281788 0.000358849 0.00045447 0.000571992 0.000715161 0.000888119 0.00109537 0.00134175 0.00163235 0.00197243 0.00236734 0.0028224 0.00334273 0.00393315 0.00459795 0.00534077 0.00616442 0.00707067 0.00806011 0.00913202 0.0102842 0.0115129 0.0128128 0.0141768 0.0155964 0.0170612 0.0185596 0.0200785 0.0216038 0.0231202 0.024612 0.0260628 0.0274563 0.0287761 0.0300065 0.0311324 0.0321397 0.0330157 0.0337491 0.0343304 0.0347521 0.0350087 0.0350968 0.0350153 0.0347652 0.03435 0.033775 0.033048 0.0321783 0.0311771 0.0300573 0.0288326 0.0275183 0.0261301 0.0246842 0.023197 0.0216846 0.0201629 0.0186471 0.0171511 0.0156881 0.0142697 0.0129062 0.011606 0.0103764 0.00922264 0.0081485 0.00715623 0.00624661 0.00541912 0.00467206 0.0040027 0.0034075 0.00288223 0.00242217 0.00202227 0.0016773 0.00138195 0.00113103 0.000919474 0.000742499 0.000595614 0.00047469 0.000375982 0.000296141 0.000232222 0.000181677 0.000142343 0.000112425 9.0482e-05 7.54095e-05 6.64373e-05 
8.07255e-05 8.34057e-05 9.31459e-05 0.000110508 0.000136426 0.000172237 0.0002197 0.000281016 0.000358849 0.000456344 0.000577139 0.000725371 0.000905671 0.00112314 0.00138331 0.00169209 0.0020557 0.00248052 0.00297302 0.00353958 0.00418635 0.00491899 0.00574258 0.0066613 0.0076783 0.00879547 0.0100132 0.0113303 0.0127438 0.0142489 0.0158387 0.0175044 0.0192354 0.0210191 0.0228412 0.0246858 0.0265357 0.0283726 0.0301776 0.0319312 0.0336136 0.0352057 0.0366885 0.0380443 0.0392563 0.0403096 0.041191 0.0418891 0.0423952 0.0427028 0.0428079 0.0427092 0.042408 0.0419083 0.0412165 0.0403415 0.0392945 0.0380887 0.0367392 0.0352624 0.0336763 0.0319996 0.0302515 0.0284517 0.0266195 0.0247739 0.0229332 0.0211144 0.0193333 0.0176042 0.0159396 0.0143503 0.0128449 0.0114302 0.0101113 0.00889095 0.00777057 0.00674975 0.0058267 0.00499837 0.00426064 0.00360856 0.00303653 0.00253852 0.00210824 0.00173929 0.00142534 0.00116025 0.000938151 0.000753541 0.000601336 0.000476915 0.000376138 0.000295351 0.000231387 0.000181554 0.000143615 0.000115769 9.66362e-05 8.52529e-05 
0.000103117 0.000106552 0.000118926 0.000140942 0.000173767 0.000219067 0.000279033 0.000356399 0.00045447 0.000577139 0.000728897 0.000914841 0.00114066 0.0014126 0.00173741 0.00212229 0.00257476 0.00310253 0.00371338 0.00441492 0.00521444 0.00611861 0.00713331 0.00826336 0.00951222 0.0108818 0.0123723 0.0139818 0.0157063 0.0175396 0.0194732 0.021496 0.0235951 0.0257548 0.027958 0.0301854 0.0324164 0.034629 0.0368006 0.0389079 0.0409277 0.0428371 0.0446139 0.0462371 0.0476872 0.0489464 0.0499994 0.0508331 0.051437 0.0518035 0.0519283 0.0518096 0.051449 0.0508512 0.0500236 0.0489768 0.0477237 0.0462799 0.044663 0.0428925 0.0409894 0.0389758 0.0368745 0.0347087 0.0325017 0.0302759 0.0280532 0.0258542 0.0236979 0.0216018 0.019581 0.0176487 0.0158158 0.0140908 0.01248 0.0109874 0.00961493 0.00836243 0.00722809 0.00620854 0.00529907 0.00449391 0.00378648 0.00316962 0.0026358 0.00217737 0.00178667 0.00145627 0.00117904 0.000948253 0.000757701 0.00060171 0.000475187 0.000373627 0.000293117 0.000230323 0.00018247 0.000147323 0.000123166 0.0001088 
0.000130903 0.000135275 0.000150895 0.000178637 0.000219949 0.000276894 0.000352183 0.000449191 0.000571992 0.000725371 0.000914841 0.00114664 0.0014277 0.00176563 0.00216862 0.00264535 0.00320489 0.00385647 0.00460937 0.0054726 0.00645474 0.00756358 0.00880588 0.0101871 0.011711 0.0133794 0.015192 0.0171463 0.0192368 0.0214556 0.0237921 0.0262328 0.0287616 0.0313597 0.0340064 0.0366784 0.0393512 0.0419987 0.044594 0.0471096 0.0495182 0.0517929 0.0539077 0.055838 0.0575612 0.0590565 0.0603062 0.0612949 0.0620106 0.0624447 0.0625917 0.06245 0.0620214 0.0613111 0.060328 0.0590842 0.0575947 0.0558776 0.0539535 0.0518451 0.0495769 0.0471748 0.0446657 0.042077 0.0394358 0.0367691 0.0341027 0.0314613 0.0288678 0.026343 0.0239055 0.0215714 0.0193539 0.0172639 0.0153091 0.013495 0.0118242 0.010297 0.00891171 0.0076646 0.00655036 0.00556234 0.00469286 0.00393349 0.00327531 0.00270919 0.00222597 0.0018167 0.00147276 0.00118601 0.000948911 0.000754536 0.000596661 0.000469768 0.000369051 0.000290408 0.00023042 0.00018633 0.000156015 0.000137996 
0.000165089 0.000170612 0.000190197 0.000224923 0.000276569 0.000347679 0.00044158 0.000562412 0.000715161 0.000905671 0.00114066 0.0014277 0.0017752 0.00219236 0.00268902 0.0032756 0.00396294 0.00476201 0.00568379 0.00673887 0.00793725 0.00928795 0.0107987 0.0124754 0.0143222 0.0163409 0.0185303 0.0208869 0.0234036 0.0260706 0.0288744 0.0317987 0.0348239 0.0379275 0.0410844 0.0442672 0.0474466 0.0505918 0.0536712 0.0566527 0.0595042 0.0621945 0.0646933 0.0669722 0.0690049 0.0707677 0.0722398 0.0734038 0.074246 0.0747562 0.0749284 0.0747606 0.0742549 0.0734174 0.0722581 0.0707911 0.0690336 0.0670066 0.0647336 0.0622411 0.0595574 0.0567127 0.0537382 0.0506659 0.0475278 0.0443554 0.0411794 0.0380289 0.0349312 0.0319113 0.0289915 0.0261913 0.023527 0.0210119 0.0186559 0.0164659 0.0144456 0.012596 0.0109156 0.00940033 0.0080443 0.00683993 0.00577835 0.00484971 0.00404354 0.00334902 0.00275528 0.00225162 0.00182772 0.00147377 0.00118068 0.000940049 0.000744337 0.000586823 0.000461648 0.000363797 0.000289086 0.000234135 0.000196339 0.000173884 
0.000206802 0.000213731 0.000238119 0.000281287 0.000345415 0.000433609 0.000549926 0.000699411 0.000888119 0.00112314 0.0014126 0.00176563 0.00219236 0.00270379 0.00331171 0.00402852 0.00486705 0.00584027 0.00696103 0.00824171 0.00969383 0.0113277 0.013152 0.0151734 0.0173959 0.0198211 0.022447 0.0252685 0.0282768 0.0314594 0.0347999 0.0382784 0.0418712 0.0455516 0.0492896 0.0530528 0.0568069 0.0605157 0.0641424 0.0676495 0.071 0.0741577 0.0770879 0.0797579 0.0821375 0.0841996 0.0859207 0.0872807 0.088264 0.0888592 0.0890594 0.0888623 0.0882704 0.0872905 0.0859341 0.0842172 0.0821595 0.0797848 0.0771202 0.074196 0.0710447 0.0677011 0.0642014 0.0605824 0.0568815 0.0531354 0.0493801 0.0456498 0.0419768 0.0383907 0.0349183 0.0315829 0.0284045 0.0253993 0.0225796 0.0199543 0.0175286 0.0153042 0.0132798 0.0114514 0.00981247 0.00835443 0.00706715 0.00593925 0.00495852 0.00411227 0.00338766 0.00277203 0.00225309 0.00181914 0.00145925 0.00116337 0.000922379 0.000728166 0.000573634 0.000452699 0.000360273 0.000292243 0.000245436 0.000217637 
0.000257296 0.000265925 0.000296083 0.000349376 0.000428455 0.000537084 0.00068018 0.000863841 0.00109537 0.00138331 0.00173741 0.00216862 0.00268902 0.00331171 0.00405067 0.00492056 0.00593645 0.00711353 0.00846673 0.0100104 0.0117576 0.0137202 0.0159076 0.0183271 0.0209829 0.0238756 0.0270024 0.0303564 0.0339263 0.0376966 0.0416474 0.0457547 0.0499903 0.0543222 0.0587153 0.0631315 0.0675308 0.0718711 0.0761097 0.0802036 0.0841102 0.0877881 0.0911976 0.0943015 0.0970656 0.0994592 0.101455 0.103032 0.104171 0.10486 0.105091 0.104862 0.104174 0.103037 0.101463 0.099469 0.0970787 0.0943185 0.0912192 0.0878151 0.0841433 0.0802436 0.0761572 0.0719267 0.067595 0.0632047 0.0587975 0.0544135 0.0500905 0.0458634 0.0417639 0.0378201 0.0340557 0.0304906 0.0271402 0.0240156 0.0211236 0.0184672 0.0160456 0.0138548 0.0118877 0.0101348 0.00858468 0.00722422 0.00603933 0.00501527 0.00413702 0.00338967 0.00275871 0.00223029 0.0017914 0.00143004 0.00113531 0.000897469 0.000707987 0.000559533 0.000445967 0.000362315 0.000304739 0.000270557 
0.00031794 0.000328609 0.000365642 0.000430982 0.000527824 0.000660704 0.000835533 0.00105963 0.00134175 0.00169209 0.00212229 0.00264535 0.0032756 0.00402852 0.00492056 0.00596889 0.00719111 0.00860483 0.0102273 0.0120748 0.0141625 0.0165032 0.0191075 0.0219831 0.0251338 0.0285596 0.0322561 0.0362141 0.0404197 0.0448537 0.0494921 0.0543062 0.0592623 0.0643232 0.0694475 0.074591 0.0797072 0.0847479 0.0896638 0.0944059 0.0989257 0.103176 0.107112 0.110693 0.113878 0.116634 0.118932 0.120745 0.122054 0.122846 0.12311 0.122845 0.122053 0.120744 0.118931 0.116635 0.11388 0.110697 0.10712 0.103189 0.0989437 0.0944304 0.0896958 0.0847883 0.0797569 0.0746505 0.0695173 0.0644035 0.0593532 0.0544073 0.0496031 0.0449737 0.0405477 0.036349 0.0323965 0.0287041 0.0252807 0.0221309 0.0192546 0.016648 0.0143035 0.0122108 0.0103571 0.00872745 0.00730579 0.00607508 0.0050179 0.00411686 0.00335495 0.00271588 0.0021843 0.00174597 0.00138796 0.00109867 0.000867914 0.000686915 0.000548318 0.000446154 0.00037581 0.000334062 
0.000390212 0.000403305 0.000448466 0.000528025 0.000645807 0.000807237 0.00101937 0.00129094 0.00163235 0.0020557 0.00257476 0.00320489 0.00396294 0.00486705 0.00593645 0.00719111 0.00865138 0.0103375 0.0122693 0.0144652 0.016942 0.0197142 0.0227931 0.0261864 0.0298978 0.033926 0.0382647 0.042902 0.0478206 0.0529972 0.0584031 0.0640039 0.0697605 0.0756289 0.0815614 0.0875068 0.0934118 0.0992212 0.104879 0.11033 0.115518 0.120392 0.124901 0.128998 0.132641 0.13579 0.138413 0.140482 0.141975 0.142876 0.143177 0.142873 0.141969 0.140473 0.138402 0.135778 0.132629 0.128988 0.124893 0.120387 0.115518 0.110335 0.104891 0.0992421 0.0934424 0.0875481 0.081614 0.0756935 0.0698374 0.064093 0.0585041 0.0531096 0.0479434 0.0430341 0.0384046 0.0340723 0.0300487 0.0263401 0.0229477 0.0198679 0.0170932 0.0146122 0.0124107 0.0104721 0.00877802 0.0073091 0.00604524 0.00496632 0.00405255 0.00328492 0.00264543 0.00211735 0.00168542 0.00133594 0.00105681 0.000837622 0.000669621 0.000545691 0.000460328 0.000409682 
0.000475675 0.00049163 0.000546324 0.000642533 0.000784806 0.000979585 0.00123524 0.00156209 0.00197243 0.00248052 0.00310253 0.00385647 0.00476201 0.00584027 0.00711353 0.00860483 0.0103375 0.0123348 0.014619 0.0172108 0.0201291 0.0233893 0.0270038 0.0309801 0.0353212 0.0400242 0.0450803 0.0504748 0.0561859 0.0621859 0.0684404 0.0749091 0.0815461 0.0883007 0.0951177 0.101939 0.108703 0.115347 0.121809 0.128026 0.133937 0.139483 0.144608 0.149259 0.153391 0.156961 0.159932 0.162274 0.163963 0.164982 0.165321 0.164977 0.163952 0.162257 0.159911 0.156936 0.153364 0.149231 0.144579 0.139456 0.133914 0.128008 0.121798 0.115344 0.10871 0.101957 0.0951483 0.0883447 0.0816041 0.0749813 0.0685268 0.0622862 0.0562992 0.0506001 0.0452162 0.040169 0.0354731 0.0311372 0.0271639 0.0235504 0.0202891 0.0173679 0.0147713 0.0124809 0.0104761 0.00873478 0.00723408 0.0059509 0.00486241 0.00394658 0.00318246 0.00255054 0.00203294 0.00161357 0.0012782 0.00101456 0.000812283 0.000662958 0.000560064 0.000499034 
0.000575961 0.000595266 0.000661054 0.000776609 0.000947302 0.00118073 0.00148675 0.00187748 0.00236734 0.00297302 0.00371338 0.00460937 0.00568379 0.00696103 0.00846673 0.0102273 0.0122693 0.014619 0.0173014 0.0203397 0.0237543 0.0275623 0.0317761 0.0364033 0.0414455 0.0468978 0.0527488 0.0589795 0.0655638 0.0724684 0.0796527 0.0870697 0.0946662 0.102384 0.110159 0.117927 0.125617 0.13316 0.140485 0.147522 0.154204 0.160465 0.166244 0.171485 0.176136 0.18015 0.183489 0.18612 0.188016 0.189159 0.189538 0.18915 0.187998 0.186094 0.183456 0.180111 0.176091 0.171437 0.166194 0.160414 0.154155 0.147477 0.140445 0.133128 0.125596 0.117917 0.110163 0.102402 0.0947 0.0871198 0.0797194 0.0725516 0.0656629 0.0590935 0.0528764 0.0470374 0.041595 0.0365607 0.0319391 0.0277285 0.0239215 0.0205055 0.0174637 0.014776 0.0124194 0.0103691 0.00859917 0.00708329 0.00579537 0.00471002 0.00380309 0.00305196 0.00243584 0.00193596 0.00153571 0.0012207 0.000978784 0.00080006 0.000676859 0.000603805 
0.00069274 0.000715933 0.00079453 0.000932388 0.00113581 0.00141368 0.00177753 0.00224151 0.0028224 0.00353958 0.00441492 0.0054726 0.00673887 0.00824171 0.0100104 0.0120748 0.0144652 0.0172108 0.0203397 0.0238772 0.0278457 0.0322631 0.0371422 0.0424898 0.048306 0.0545835 0.0613071 0.0684535 0.0759913 0.0838808 0.0920746 0.100518 0.10915 0.117904 0.126709 0.135489 0.144168 0.152666 0.160907 0.168812 0.176309 0.183324 0.189792 0.195651 0.200845 0.205325 0.209048 0.211979 0.214091 0.215363 0.215785 0.215351 0.214067 0.211943 0.209002 0.205269 0.200781 0.195581 0.189717 0.183247 0.176231 0.168737 0.160836 0.152602 0.144113 0.135447 0.12668 0.117891 0.109155 0.100541 0.0921162 0.0839416 0.076071 0.0685514 0.0614219 0.0547135 0.0484493 0.0426441 0.0373051 0.0324319 0.0280178 0.0240501 0.0205108 0.0173779 0.0146263 0.0122282 0.0101546 0.00837571 0.00686189 0.00558418 0.00451487 0.00362793 0.00289937 0.00230747 0.00183294 0.00145905 0.00117163 0.00095913 0.000812588 0.000725715 
0.000827682 0.000855352 0.000948623 0.00111199 0.0013528 0.00168139 0.00211114 0.00265845 0.00334273 0.00418635 0.00521444 0.00645474 0.00793725 0.00969383 0.0117576 0.0141625 0.016942 0.0201291 0.0237543 0.0278457 0.032427 0.0375169 0.0431283 0.0492668 0.0559304 0.0631087 0.0707822 0.0789226 0.0874922 0.0964443 0.105724 0.115269 0.125008 0.134867 0.144765 0.154618 0.164341 0.173846 0.183048 0.191863 0.20021 0.208011 0.215195 0.221694 0.227451 0.232412 0.236531 0.239772 0.242106 0.243512 0.243976 0.243496 0.242075 0.239726 0.236471 0.232339 0.227367 0.221601 0.215093 0.207905 0.200101 0.191754 0.182942 0.173746 0.164249 0.154538 0.144699 0.134818 0.124978 0.115258 0.105735 0.0964773 0.0875472 0.0789991 0.0708792 0.0632246 0.0560633 0.0494142 0.0432877 0.0376854 0.0326016 0.0280235 0.0239325 0.0203049 0.0171132 0.0143268 0.0119133 0.0098395 0.00807182 0.00657748 0.00532495 0.00428449 0.00342861 0.00273233 0.00217342 0.00173253 0.00139328 0.00114228 0.000969117 0.000866483 
0.000982415 0.0010152 0.00112515 0.00131748 0.00160068 0.0019867 0.00249095 0.00313234 0.00393315 0.00491899 0.00611861 0.00756358 0.00928795 0.0113277 0.0137202 0.0165032 0.0197142 0.0233893 0.0275623 0.0322631 0.0375169 0.0433431 0.0497539 0.0567534 0.0643369 0.0724902 0.081189 0.0903988 0.100075 0.110164 0.120601 0.131315 0.142227 0.153252 0.1643 0.175279 0.186093 0.196647 0.206849 0.216606 0.22583 0.234441 0.242359 0.249516 0.255848 0.261299 0.265823 0.269379 0.271939 0.273479 0.273988 0.27346 0.2719 0.269323 0.265748 0.261209 0.255743 0.249398 0.242231 0.234304 0.225688 0.216461 0.206705 0.196508 0.185961 0.175158 0.164194 0.153162 0.142157 0.131267 0.120576 0.110163 0.1001 0.0904487 0.0812631 0.0725872 0.0644548 0.0568898 0.049906 0.0435079 0.0376911 0.0324434 0.0277455 0.0235724 0.0198942 0.0166776 0.0138868 0.0114847 0.00943398 0.00769758 0.00623991 0.00502725 0.00402829 0.00321451 0.00256047 0.00204395 0.00164612 0.00135156 0.00114826 0.00102778 
0.00115848 0.00119706 0.00132583 0.00155077 0.00188166 0.00233219 0.00292005 0.00366682 0.00459795 0.00574258 0.00713331 0.00880588 0.0107987 0.013152 0.0159076 0.0191075 0.0227931 0.0270038 0.0317761 0.0371422 0.0431283 0.0497539 0.0570302 0.0649594 0.0735332 0.082733 0.0925286 0.102879 0.113732 0.125025 0.136684 0.14863 0.160772 0.173016 0.185263 0.197409 0.209352 0.220988 0.232216 0.242937 0.253058 0.262492 0.271156 0.278978 0.28589 0.291836 0.296766 0.300639 0.303425 0.305101 0.305653 0.305078 0.30338 0.300572 0.296677 0.291728 0.285764 0.278835 0.271 0.262324 0.252882 0.242756 0.232033 0.220807 0.209177 0.197244 0.185111 0.172881 0.160658 0.148539 0.136619 0.124986 0.113722 0.102897 0.0925746 0.0828058 0.0736312 0.0650802 0.0571709 0.0499112 0.0432988 0.0373222 0.0319621 0.0271921 0.0229804 0.0192909 0.0160844 0.0133199 0.0109559 0.00895109 0.0072655 0.00586115 0.00470264 0.00375761 0.00299712 0.00239587 0.00193234 0.00158886 0.0013517 0.0012112 
0.00135728 0.00140238 0.0015522 0.00181359 0.00219771 0.00272018 0.0034011 0.00426503 0.00534077 0.0066613 0.00826336 0.0101871 0.0124754 0.0151734 0.0183271 0.0219831 0.0261864 0.0309801 0.0364033 0.0424898 0.0492668 0.0567534 0.0649594 0.0738839 0.083515 0.0938284 0.104788 0.116344 0.128437 0.140994 0.153933 0.167162 0.180582 0.194088 0.20757 0.220917 0.234015 0.246754 0.259024 0.270721 0.281747 0.292008 0.30142 0.309905 0.317396 0.323833 0.329166 0.333353 0.336362 0.338172 0.338768 0.338146 0.33631 0.333276 0.329064 0.323708 0.31725 0.309739 0.301236 0.291809 0.281536 0.270502 0.258801 0.24653 0.233795 0.220705 0.207371 0.193905 0.18042 0.167024 0.153822 0.140912 0.128386 0.116325 0.104801 0.0938722 0.0835883 0.0739846 0.0650844 0.0568994 0.0494301 0.0426665 0.0365893 0.0311715 0.0263794 0.0221741 0.018513 0.0153514 0.0126434 0.0103433 0.00840638 0.00679028 0.00545519 0.00436466 0.003486 0.00279054 0.00225386 0.0018559 0.001581 0.00141815 
0.00158001 0.00163237 0.00180557 0.00210739 0.00255047 0.00315251 0.00393627 0.00492941 0.00616442 0.0076783 0.00951222 0.011711 0.0143222 0.0173959 0.0209829 0.0251338 0.0298978 0.0353212 0.0414455 0.048306 0.0559304 0.0643369 0.0735332 0.083515 0.0942654 0.105754 0.117937 0.130758 0.144146 0.158019 0.172284 0.186839 0.201574 0.216373 0.231116 0.245683 0.25995 0.2738 0.287118 0.299791 0.311717 0.3228 0.33295 0.34209 0.350149 0.357067 0.362794 0.367287 0.370515 0.372454 0.373093 0.372425 0.370457 0.367201 0.36268 0.356927 0.349984 0.341901 0.33274 0.322571 0.311473 0.299535 0.286854 0.273534 0.259684 0.245423 0.230867 0.21614 0.201361 0.18665 0.172124 0.15789 0.14405 0.130697 0.117912 0.105764 0.0943092 0.0835908 0.0736382 0.0644676 0.0560829 0.0484761 0.0416287 0.0355132 0.0300943 0.0253307 0.0211766 0.0175832 0.0145004 0.0118777 0.00966589 0.00781765 0.00628863 0.00503805 0.00402918 0.00322978 0.0026123 0.00215408 0.00183742 0.00164988 
0.00182762 0.00188802 0.00208697 0.00243327 0.00294116 0.00363056 0.00452703 0.00566162 0.00707067 0.00879547 0.0108818 0.0133794 0.0163409 0.0198211 0.0238756 0.0285596 0.033926 0.0400242 0.0468978 0.0545835 0.0631087 0.0724902 0.082733 0.0938284 0.105754 0.118473 0.131932 0.146067 0.160796 0.176026 0.191654 0.207565 0.22364 0.23975 0.255767 0.27156 0.286999 0.301957 0.316312 0.32995 0.342762 0.354648 0.365519 0.375295 0.383904 0.391286 0.397392 0.402178 0.405615 0.40768 0.408359 0.407648 0.405552 0.402084 0.397267 0.391133 0.383722 0.375086 0.365286 0.354392 0.342487 0.329659 0.31601 0.301648 0.286688 0.271252 0.255468 0.239465 0.223373 0.207323 0.19144 0.175845 0.16065 0.14596 0.131864 0.118444 0.105764 0.0938749 0.0828135 0.0726014 0.0632465 0.0547435 0.0470753 0.0402142 0.0341238 0.0287606 0.0240757 0.0200165 0.0165283 0.0135562 0.0110458 0.00894501 0.00720464 0.00577932 0.00462808 0.00371487 0.00300882 0.00248449 0.00212199 0.00190732 
0.00210073 0.00216995 0.00239706 0.00279192 0.00337049 0.00415504 0.00517413 0.00646235 0.00806011 0.0100132 0.0123723 0.015192 0.0185303 0.022447 0.0270024 0.0322561 0.0382647 0.0450803 0.0527488 0.0613071 0.0707822 0.081189 0.0925286 0.104788 0.117937 0.131932 0.146712 0.1622 0.178304 0.194922 0.211937 0.229223 0.246649 0.264077 0.281367 0.29838 0.314978 0.331026 0.3464 0.360977 0.374648 0.38731 0.398873 0.409257 0.41839 0.426213 0.432677 0.437741 0.441374 0.443557 0.444274 0.443523 0.441308 0.437641 0.432544 0.426048 0.418194 0.409031 0.398619 0.38703 0.374345 0.360654 0.346061 0.330677 0.314623 0.298025 0.281018 0.263739 0.246329 0.228926 0.211668 0.194687 0.178107 0.162043 0.146597 0.131861 0.117909 0.1048 0.0925805 0.0812766 0.0709016 0.0614535 0.0529172 0.0452656 0.0384614 0.0324593 0.0272073 0.0226492 0.0187261 0.0153781 0.0125461 0.0101727 0.00820371 0.00658908 0.00528336 0.00424649 0.00344408 0.00284777 0.00243533 0.00219111 
0.0023996 0.00247842 0.00273607 0.00318354 0.00383858 0.00472599 0.00587742 0.00733121 0.00913202 0.0113303 0.0139818 0.0171463 0.0208869 0.0252685 0.0303564 0.0362141 0.042902 0.0504748 0.0589795 0.0684535 0.0789226 0.0903988 0.102879 0.116344 0.130758 0.146067 0.1622 0.17907 0.196574 0.214597 0.23301 0.251676 0.270452 0.289189 0.307739 0.325951 0.343683 0.360793 0.37715 0.392631 0.407123 0.420524 0.432742 0.443697 0.45332 0.461554 0.46835 0.473671 0.477487 0.479777 0.48053 0.479742 0.477417 0.473567 0.468212 0.461382 0.453114 0.443458 0.432471 0.420224 0.406797 0.392281 0.37678 0.360407 0.343287 0.325552 0.307341 0.2888 0.270078 0.251324 0.232685 0.214306 0.196322 0.17886 0.162035 0.145949 0.130687 0.116319 0.102898 0.0904589 0.0790198 0.0685829 0.0591358 0.0506524 0.0430952 0.0364173 0.0305642 0.0254761 0.0210898 0.0173408 0.0141648 0.0114993 0.00928499 0.00746683 0.00599479 0.00482458 0.00391817 0.00324408 0.00277765 0.00250149 
0.00272406 0.00281325 0.00310376 0.00360777 0.00434492 0.0053426 0.00663577 0.00826661 0.0102842 0.0127438 0.0157063 0.0192368 0.0234036 0.0282768 0.0339263 0.0404197 0.0478206 0.0561859 0.0655638 0.0759913 0.0874922 0.100075 0.113732 0.128437 0.144146 0.160796 0.178304 0.196574 0.215489 0.234922 0.254733 0.274771 0.294882 0.314907 0.334688 0.354068 0.372894 0.391024 0.40832 0.424658 0.439924 0.454015 0.466841 0.478324 0.488398 0.497006 0.504105 0.509658 0.513638 0.516026 0.516812 0.515991 0.513567 0.509552 0.503964 0.49683 0.488185 0.478076 0.466559 0.4537 0.439578 0.424285 0.407922 0.390606 0.372462 0.353627 0.334245 0.314469 0.294456 0.274364 0.254352 0.234575 0.215181 0.196309 0.178087 0.160628 0.144029 0.128371 0.113715 0.100104 0.0875636 0.0761002 0.0657048 0.056353 0.0480077 0.0406207 0.0341352 0.0284882 0.0236125 0.0194388 0.0158978 0.0129218 0.0104462 0.00841092 0.00676116 0.00544831 0.00443049 0.00367302 0.00314868 0.00283825 
0.00307347 0.00317377 0.00349935 0.00406363 0.00488824 0.00600326 0.00744701 0.0092657 0.0115129 0.0142489 0.0175396 0.0214556 0.0260706 0.0314594 0.0376966 0.0448537 0.0529972 0.0621859 0.0724684 0.0838808 0.0964443 0.110164 0.125025 0.140994 0.158019 0.176026 0.194922 0.214597 0.234922 0.255758 0.276951 0.29834 0.319758 0.341037 0.362009 0.38251 0.402382 0.421478 0.439657 0.456795 0.472777 0.487502 0.500883 0.512844 0.523322 0.532265 0.539632 0.54539 0.549514 0.551988 0.552802 0.551953 0.549444 0.545284 0.539491 0.532088 0.523107 0.512592 0.500595 0.487178 0.472418 0.456404 0.439238 0.421033 0.401918 0.382032 0.361524 0.340553 0.319282 0.29788 0.276515 0.255354 0.234557 0.214275 0.19465 0.175806 0.157854 0.140884 0.124968 0.110158 0.0964867 0.0839661 0.072591 0.0623397 0.0531757 0.0450502 0.0379047 0.031673 0.026284 0.0216641 0.0177387 0.0144351 0.0116835 0.00941838 0.00758023 0.00611596 0.00497974 0.00413359 0.00354761 0.00320072 
0.00344667 0.00355876 0.00392148 0.00454952 0.00546653 0.00670538 0.00830786 0.0103243 0.0128128 0.0158387 0.0194732 0.0237921 0.0288744 0.0347999 0.0416474 0.0494921 0.0584031 0.0684404 0.0796527 0.0920746 0.105724 0.120601 0.136684 0.153933 0.172284 0.191654 0.211937 0.23301 0.254733 0.276951 0.2995 0.322205 0.34489 0.367376 0.389487 0.411052 0.43191 0.451908 0.470906 0.488777 0.505411 0.520707 0.534582 0.546965 0.557797 0.567031 0.574628 0.580561 0.584809 0.587356 0.588195 0.587323 0.584742 0.58046 0.574491 0.566857 0.557586 0.546716 0.534294 0.52038 0.505046 0.488376 0.470471 0.451443 0.43142 0.410543 0.388966 0.36685 0.344368 0.321696 0.299011 0.276492 0.254311 0.232632 0.211609 0.191381 0.172069 0.153776 0.136585 0.120558 0.105734 0.0921334 0.0797542 0.0685783 0.0585704 0.049682 0.0418527 0.035014 0.0290911 0.0240058 0.019679 0.0160325 0.0129914 0.0104849 0.00844864 0.0068249 0.00556386 0.00462412 0.00397306 0.00358766 
0.00384197 0.00396648 0.00436819 0.00506311 0.00607697 0.00744545 0.00921389 0.0114367 0.0141768 0.0175044 0.021496 0.0262328 0.0317987 0.0382784 0.0457547 0.0543062 0.0640039 0.0749091 0.0870697 0.100518 0.115269 0.131315 0.14863 0.167162 0.186839 0.207565 0.229223 0.251676 0.274771 0.29834 0.322205 0.346182 0.370082 0.393717 0.416904 0.439467 0.46124 0.482068 0.501812 0.520346 0.537559 0.553359 0.567664 0.58041 0.591542 0.601018 0.608807 0.614884 0.619232 0.621839 0.622699 0.621808 0.619169 0.614789 0.608678 0.600853 0.591339 0.580167 0.567382 0.553035 0.537195 0.519941 0.501369 0.48159 0.460731 0.438934 0.416352 0.393155 0.369518 0.345626 0.321667 0.297828 0.274294 0.251243 0.22884 0.207238 0.186572 0.166957 0.148487 0.131233 0.115245 0.100548 0.0871475 0.0750285 0.0641579 0.0544872 0.0459553 0.0384913 0.0320171 0.0264505 0.0217076 0.0177051 0.0143628 0.0116049 0.00936191 0.00757156 0.00617998 0.00514226 0.00442305 0.00399732 
0.00425712 0.00439459 0.00483692 0.00560142 0.00671593 0.008219 0.0101595 0.0125962 0.0155964 0.0192354 0.0235951 0.0287616 0.0348239 0.0418712 0.0499903 0.0592623 0.0697605 0.0815461 0.0946662 0.10915 0.125008 0.142227 0.160772 0.180582 0.201574 0.22364 0.246649 0.270452 0.294882 0.319758 0.34489 0.370082 0.395134 0.419852 0.444044 0.46753 0.490141 0.511722 0.532132 0.55125 0.568969 0.5852 0.599868 0.612914 0.624291 0.633962 0.641902 0.648091 0.652516 0.655169 0.656045 0.655141 0.652459 0.648004 0.641783 0.633809 0.6241 0.612685 0.599597 0.584886 0.568612 0.550849 0.531688 0.511237 0.489621 0.466979 0.443468 0.419259 0.394534 0.369484 0.344305 0.319196 0.294353 0.269965 0.246211 0.223259 0.201255 0.180328 0.160583 0.142104 0.124948 0.109149 0.0947182 0.081645 0.0698989 0.0594326 0.0501843 0.0420813 0.0350426 0.0289821 0.0238113 0.0194421 0.0157891 0.0127714 0.0103144 0.00835141 0.00682441 0.00568499 0.00489498 0.00442734 
0.00468931 0.00484021 0.00532447 0.00616074 0.00737897 0.00902061 0.0111381 0.0137943 0.0170612 0.0210191 0.0257548 0.0313597 0.0379275 0.0455516 0.0543222 0.0643232 0.0756289 0.0883007 0.102384 0.117904 0.134867 0.153252 0.173016 0.194088 0.216373 0.23975 0.264077 0.289189 0.314907 0.341037 0.367376 0.393717 0.419852 0.445577 0.470696 0.495024 0.518391 0.540641 0.561636 0.581258 0.599405 0.615993 0.630956 0.644239 0.655805 0.665623 0.673673 0.679942 0.684422 0.687106 0.687994 0.687082 0.684372 0.679866 0.673567 0.665485 0.655632 0.644028 0.630703 0.615696 0.599061 0.580867 0.561198 0.540157 0.517865 0.494462 0.470103 0.444961 0.419222 0.393083 0.36675 0.340429 0.314329 0.28865 0.263586 0.239316 0.216002 0.193784 0.172781 0.153086 0.134769 0.11787 0.102408 0.088377 0.0757499 0.0644808 0.054508 0.0457573 0.0381451 0.0315819 0.0259748 0.0212309 0.01726 0.0139759 0.0112994 0.00915899 0.00749269 0.00624856 0.00538562 0.00487483 
0.00513521 0.00529988 0.00582705 0.00673671 0.00806091 0.00984396 0.0121419 0.0150215 0.0185596 0.0228412 0.027958 0.0340064 0.0410844 0.0492896 0.0587153 0.0694475 0.0815614 0.0951177 0.110159 0.126709 0.144765 0.1643 0.185263 0.20757 0.231116 0.255767 0.281367 0.307739 0.334688 0.362009 0.389487 0.416904 0.444044 0.470696 0.496659 0.521744 0.545781 0.568614 0.590111 0.610156 0.628653 0.645526 0.660714 0.674174 0.685873 0.69579 0.703911 0.710229 0.714741 0.717445 0.718339 0.717425 0.714701 0.710166 0.703822 0.695672 0.685722 0.673986 0.660484 0.64525 0.628329 0.609782 0.589686 0.568139 0.545258 0.521178 0.496055 0.470063 0.44339 0.41624 0.388825 0.36136 0.334064 0.307151 0.280826 0.255282 0.230694 0.207217 0.184981 0.164091 0.144628 0.12664 0.110155 0.09517 0.0816634 0.0695909 0.0588913 0.0494895 0.0412997 0.0342289 0.0281806 0.0230573 0.0187637 0.015209 0.012309 0.00998794 0.00817957 0.00682858 0.00589117 0.0053363 
0.00559096 0.00576963 0.00634031 0.00732433 0.0087558 0.0106819 0.013162 0.0162672 0.0200785 0.0246858 0.0301854 0.0366784 0.0442672 0.0530528 0.0631315 0.074591 0.0875068 0.101939 0.117927 0.135489 0.154618 0.175279 0.197409 0.220917 0.245683 0.27156 0.29838 0.325951 0.354068 0.38251 0.411052 0.439467 0.46753 0.495024 0.521744 0.5475 0.57212 0.595452 0.617367 0.637754 0.656525 0.673611 0.688961 0.702537 0.714318 0.724288 0.732443 0.738781 0.743304 0.746014 0.746912 0.745999 0.743274 0.738733 0.732374 0.724193 0.714192 0.702376 0.688759 0.673364 0.656228 0.637404 0.616962 0.594992 0.571607 0.546937 0.521137 0.49438 0.466859 0.438779 0.410359 0.381824 0.353402 0.325318 0.297791 0.271026 0.245211 0.220515 0.197081 0.175027 0.154441 0.135386 0.117892 0.101966 0.0875887 0.074719 0.0632966 0.0532458 0.0444789 0.0369003 0.0304097 0.0249053 0.0202872 0.0164599 0.0133346 0.0108311 0.00887912 0.00742003 0.00640726 0.00580778 
0.00605224 0.00624499 0.00685939 0.00791803 0.0094571 0.0115265 0.0141891 0.0175197 0.0216038 0.0265357 0.0324164 0.0393512 0.0474466 0.0568069 0.0675308 0.0797072 0.0934118 0.108703 0.125617 0.144168 0.164341 0.186093 0.209352 0.234015 0.25995 0.286999 0.314978 0.343683 0.372894 0.402382 0.43191 0.46124 0.490141 0.518391 0.545781 0.57212 0.597237 0.620985 0.643237 0.66389 0.682863 0.700095 0.715543 0.729181 0.740994 0.750977 0.759131 0.765462 0.769976 0.772681 0.773579 0.772672 0.769957 0.76543 0.759083 0.750907 0.740897 0.729051 0.715374 0.69988 0.682597 0.663569 0.642858 0.620547 0.59674 0.571567 0.545177 0.517743 0.489458 0.460533 0.431191 0.401665 0.372192 0.343009 0.314344 0.286418 0.259432 0.233567 0.208979 0.185798 0.164125 0.144029 0.125551 0.108704 0.0934725 0.0798187 0.0676837 0.0569917 0.0476537 0.0395715 0.0326414 0.0267578 0.0218163 0.017717 0.0143665 0.0116804 0.00958474 0.00801733 0.006929 0.0062848 
0.00651432 0.00672112 0.00737898 0.00851179 0.0101577 0.0123692 0.0152126 0.0187664 0.0231202 0.0283726 0.034629 0.0419987 0.0505918 0.0605157 0.0718711 0.0847479 0.0992212 0.115347 0.13316 0.152666 0.173846 0.196647 0.220988 0.246754 0.2738 0.301957 0.331026 0.360793 0.391024 0.421478 0.451908 0.482068 0.511722 0.540641 0.568614 0.595452 0.620985 0.645068 0.667581 0.688428 0.707535 0.724851 0.740343 0.753992 0.765793 0.77575 0.783873 0.790172 0.794662 0.79735 0.798245 0.797348 0.794655 0.790159 0.783847 0.775708 0.765727 0.753896 0.740209 0.724672 0.707305 0.688141 0.667233 0.644656 0.62051 0.594915 0.568019 0.539995 0.511034 0.481349 0.451169 0.420734 0.39029 0.360082 0.330353 0.301333 0.273238 0.246261 0.220572 0.196312 0.173592 0.152493 0.133064 0.115322 0.0992603 0.0848422 0.0720112 0.0606916 0.0507935 0.0422165 0.034854 0.0285966 0.0233359 0.0189678 0.0153945 0.0125276 0.0102893 0.00861442 0.00745109 0.00676248 
0.00697216 0.00719279 0.00789342 0.00909915 0.01085 0.0132012 0.0162218 0.0199943 0.024612 0.0301776 0.0368006 0.044594 0.0536712 0.0641424 0.0761097 0.0896638 0.104879 0.121809 0.140485 0.160907 0.183048 0.206849 0.232216 0.259024 0.287118 0.316312 0.3464 0.37715 0.40832 0.439657 0.470906 0.501812 0.532132 0.561636 0.590111 0.617367 0.643237 0.667581 0.690285 0.71126 0.730441 0.747786 0.763271 0.776887 0.788639 0.798538 0.806603 0.812851 0.8173 0.819964 0.820853 0.819968 0.817306 0.812855 0.806601 0.798525 0.788606 0.776827 0.763175 0.747646 0.73025 0.71101 0.689972 0.667201 0.642788 0.61685 0.58953 0.560997 0.531444 0.501085 0.470153 0.438893 0.407559 0.376407 0.34569 0.31565 0.286514 0.25849 0.231758 0.206473 0.182757 0.1607 0.140358 0.121758 0.104896 0.0897407 0.0762364 0.0643086 0.0538667 0.0448086 0.0370248 0.0304027 0.0248302 0.0201991 0.0164076 0.0133634 0.0109853 0.00920486 0.00796785 0.00723562 
