6.14047e-06 6.35205e-06 7.22429e-06 8.8241e-06 1.12659e-05 1.47177e-05 1.94057e-05 2.5621e-05 3.37265e-05 4.41645e-05 5.74648e-05 7.42518e-05 9.52513e-05 0.000121295 0.000153324 0.000192387 0.000239637 0.000296319 0.000363762 0.000443354 0.000536516 0.000644672 0.00076921 0.000911437 0.00107253 0.0012535 0.0014551 0.00167782 0.00192179 0.00218677 0.0024721 0.00277663 0.00309877 0.0034364 0.00378695 0.00414736 0.00451414 0.00488344 0.00525105 0.00561255 0.00596333 0.00629875 0.00661417 0.0069051 0.00716727 0.00739678 0.00759012 0.00774431 0.00785693 0.00792622 0.00795109 0.00793115 0.00786674 0.00775888 0.00760931 0.00742036 0.007195 0.00693667 0.00664924 0.00633696 0.00600427 0.0056558 0.00529617 0.00492997 0.00456164 0.00419538 0.00383504 0.00348415 0.00314577 0.00282252 0.00251653 0.00222946 0.00196248 0.00171629 0.00149121 0.00128712 0.00110359 0.000939907 0.000795104 0.00066804 0.000557439 0.000461941 0.000380143 0.00031064 0.000252057 0.000203073 0.000162442 0.000129012 0.000101727 7.96402e-05 6.19085e-05 4.77949e-05 3.6662e-05 2.79665e-05 2.12526e-05 1.61435e-05 1.23348e-05 9.58715e-06 7.71979e-06 6.60789e-06 
6.35205e-06 6.57224e-06 7.47746e-06 9.13724e-06 1.16705e-05 1.52517e-05 2.0116e-05 2.65657e-05 3.49776e-05 4.58112e-05 5.96167e-05 7.70423e-05 9.88415e-05 0.000125878 0.000159127 0.000199678 0.000248725 0.00030756 0.00037756 0.000460161 0.000556836 0.000669057 0.000798259 0.000945792 0.00111287 0.00130053 0.00150955 0.00174042 0.00199328 0.00226787 0.00256348 0.00287894 0.00321256 0.00356216 0.00392507 0.00429812 0.0046777 0.00505981 0.00544012 0.00581403 0.00617682 0.00652365 0.00684976 0.0071505 0.0074215 0.00765869 0.00785848 0.00801779 0.00813413 0.00820569 0.00823134 0.00821067 0.00814405 0.00803253 0.00787788 0.00768255 0.00744955 0.00718245 0.00688527 0.00656234 0.00621829 0.00585786 0.00548586 0.00510702 0.00472591 0.00434688 0.00397393 0.00361069 0.00326036 0.00292563 0.00260872 0.00231136 0.00203476 0.00177967 0.0015464 0.00133486 0.0011446 0.000974895 0.000824744 0.000692971 0.000578259 0.000479201 0.000394348 0.000322244 0.000261466 0.000210644 0.000168488 0.000133803 0.000105495 8.25797e-05 6.41847e-05 4.95441e-05 3.79966e-05 2.89784e-05 2.20161e-05 1.67189e-05 1.27705e-05 9.92257e-06 7.98746e-06 6.83559e-06 
7.22429e-06 7.47746e-06 8.50784e-06 1.03941e-05 1.32706e-05 1.73342e-05 2.28501e-05 3.01588e-05 3.96845e-05 5.19435e-05 6.75535e-05 8.72414e-05 0.000111851 0.000142347 0.00017982 0.000225482 0.000280662 0.000346796 0.000425408 0.000518087 0.000626456 0.000752136 0.000896698 0.00106162 0.00124822 0.0014576 0.00169061 0.00194774 0.00222912 0.0025344 0.00286277 0.00321288 0.00358285 0.00397024 0.00437206 0.0047848 0.00520446 0.00562663 0.00604653 0.00645913 0.0068592 0.00724148 0.00760073 0.00793189 0.00823015 0.0084911 0.00871081 0.00888593 0.00901374 0.00909228 0.00912031 0.00909742 0.00902396 0.00890112 0.00873082 0.00851571 0.00825911 0.0079649 0.00763746 0.00728154 0.00690219 0.00650462 0.00609407 0.00567576 0.00525471 0.0048357 0.00442315 0.00402108 0.00363302 0.00326197 0.00291042 0.00258029 0.00227297 0.00198933 0.00172973 0.00149412 0.00128204 0.0010927 0.000925043 0.00077778 0.000649474 0.000538584 0.000443516 0.000362665 0.000294457 0.000237377 0.000189992 0.000150974 0.000119106 9.329e-05 7.25512e-05 5.60339e-05 4.29976e-05 3.28103e-05 2.4941e-05 1.89506e-05 1.44838e-05 1.1261e-05 9.07126e-06 7.76866e-06 
8.8241e-06 9.13724e-06 1.03941e-05 1.26895e-05 1.61852e-05 2.11178e-05 2.78054e-05 3.66561e-05 4.81771e-05 6.29849e-05 8.18153e-05 0.000105533 0.000135138 0.000171774 0.000216726 0.000271423 0.000337427 0.000416417 0.000510173 0.000620544 0.000749411 0.000898642 0.00107004 0.0012653 0.00148589 0.00173307 0.00200775 0.00231044 0.00264121 0.0029996 0.00338459 0.00379454 0.00422719 0.00467967 0.00514845 0.00562942 0.00611792 0.00660884 0.00709665 0.00757551 0.00803945 0.00848238 0.00889832 0.00928146 0.00962631 0.00992783 0.0101816 0.0103837 0.010531 0.0106215 0.0106536 0.0106269 0.0105417 0.0103995 0.0102025 0.00995363 0.0096567 0.00931614 0.00893696 0.0085246 0.00808484 0.00762364 0.00714705 0.00666105 0.00617145 0.00568378 0.00520316 0.00473426 0.00428122 0.00384756 0.00343622 0.00304948 0.00268902 0.00235591 0.00205066 0.00177325 0.00152323 0.00129971 0.00110153 0.000927214 0.000775136 0.000643523 0.000530535 0.000434314 0.000353031 0.000284917 0.000228299 0.000181616 0.000143437 0.000112471 8.75627e-05 6.77006e-05 5.20059e-05 3.97273e-05 3.02325e-05 2.29977e-05 1.75986e-05 1.3701e-05 1.10523e-05 9.47794e-06 
1.12659e-05 1.16705e-05 1.32706e-05 1.61852e-05 2.06169e-05 2.68617e-05 3.53166e-05 4.64898e-05 6.10122e-05 7.96486e-05 0.00010331 0.000133063 0.00017014 0.000215946 0.000272054 0.000340209 0.000422309 0.000520393 0.000636611 0.000773185 0.000932369 0.00111639 0.00132738 0.00156732 0.00183794 0.00214066 0.00247649 0.00284596 0.00324905 0.0036851 0.00415278 0.00465003 0.00517405 0.00572129 0.00628746 0.00686759 0.00745605 0.0080467 0.00863292 0.00920778 0.00976414 0.0102948 0.0107927 0.0112509 0.011663 0.0120231 0.0123259 0.0125669 0.0127425 0.0128501 0.0128881 0.0128558 0.0127538 0.0125837 0.0123481 0.0120504 0.0116953 0.0112877 0.0108338 0.0103398 0.00981266 0.00925936 0.0086871 0.00810299 0.00751395 0.00692658 0.00634704 0.00578095 0.00523331 0.00470841 0.00420984 0.00374044 0.00330229 0.0028968 0.00252465 0.00218594 0.00188018 0.00160641 0.00136328 0.0011491 0.000961931 0.000799691 0.000660185 0.000541191 0.000440507 0.000356001 0.000285645 0.000227544 0.000179953 0.000141293 0.000110149 8.52772e-05 6.55956e-05 5.01765e-05 3.82375e-05 2.91295e-05 2.23256e-05 1.74102e-05 1.4069e-05 1.20845e-05 
1.47177e-05 1.52517e-05 1.73342e-05 2.11178e-05 2.68617e-05 3.49438e-05 4.58701e-05 6.02876e-05 7.89967e-05 0.000102966 0.000133348 0.000171485 0.000218928 0.000277435 0.000348974 0.000435714 0.000540015 0.000664394 0.000811499 0.000984054 0.00118481 0.00141646 0.00168158 0.00198252 0.00232134 0.00269967 0.00311865 0.00357879 0.00407995 0.00462117 0.0052007 0.00581588 0.00646317 0.00713811 0.00783538 0.00854882 0.00927155 0.00999603 0.0107142 0.0114176 0.0120977 0.0127457 0.013353 0.0139116 0.0144135 0.0148517 0.0152199 0.0155128 0.015726 0.0158564 0.0159021 0.0158624 0.0157379 0.0155306 0.0152434 0.0148807 0.0144478 0.0139508 0.013397 0.0127939 0.0121498 0.0114732 0.0107728 0.0100571 0.00933466 0.00861338 0.00790085 0.00720394 0.00652884 0.00588086 0.00526449 0.00468332 0.00414002 0.00363641 0.00317348 0.00275145 0.00236986 0.00202763 0.00172317 0.00145452 0.00121935 0.00101516 0.000839278 0.000689001 0.000561631 0.000454546 0.000365242 0.000291369 0.00023076 0.000181443 0.000141651 0.000109823 8.45973e-05 6.48058e-05 4.94598e-05 3.77378e-05 2.89716e-05 2.26333e-05 1.83236e-05 1.57657e-05 
1.94057e-05 2.0116e-05 2.28501e-05 2.78054e-05 3.53166e-05 4.58701e-05 6.01171e-05 7.88873e-05 0.000103206 0.000134312 0.000173671 0.000222992 0.000284241 0.000359639 0.000451665 0.000563046 0.00069673 0.000855858 0.00104372 0.00126367 0.00151909 0.00181329 0.00214937 0.00253018 0.00295813 0.00343513 0.00396243 0.00454054 0.00516907 0.00584671 0.0065711 0.0073388 0.0081453 0.00898496 0.0098511 0.0107361 0.0116313 0.0125276 0.0134149 0.014283 0.0151214 0.0159194 0.0166666 0.0173532 0.0179696 0.0185074 0.018959 0.0193179 0.0195789 0.0197384 0.0197939 0.0197447 0.0195915 0.0193367 0.0189838 0.0185381 0.018006 0.0173949 0.0167135 0.015971 0.0151774 0.014343 0.0134784 0.012594 0.0117002 0.0108068 0.0099232 0.00905781 0.00821832 0.00741141 0.00664274 0.00591684 0.0052372 0.0046062 0.00402523 0.00349472 0.00301423 0.00258258 0.00219793 0.00185792 0.00155979 0.00130047 0.00107672 0.000885222 0.000722632 0.000585703 0.000471316 0.000376535 0.000298642 0.000235156 0.000183849 0.000142744 0.000110116 8.44788e-05 6.4572e-05 4.93465e-05 3.79477e-05 2.96991e-05 2.40884e-05 2.07605e-05 
2.5621e-05 2.65657e-05 3.01588e-05 3.66561e-05 4.64898e-05 6.02876e-05 7.88873e-05 0.000103355 0.000135007 0.000175425 0.000226482 0.000290354 0.000369534 0.000466833 0.00058538 0.000728602 0.000900193 0.00110407 0.00134432 0.0016251 0.00195057 0.00232476 0.00275145 0.00323404 0.0037754 0.00437772 0.00504239 0.00576981 0.00655932 0.00740907 0.00831594 0.00927547 0.0102819 0.0113281 0.0124057 0.0135051 0.0146158 0.0157262 0.0168243 0.0178972 0.0189323 0.0199165 0.0208372 0.0216824 0.0224407 0.0231017 0.0236564 0.0240969 0.024417 0.0246122 0.0246798 0.0246188 0.0244301 0.0241165 0.0236824 0.0231339 0.0224789 0.0217264 0.0208868 0.0199713 0.018992 0.0179614 0.0168925 0.015798 0.0146906 0.0135823 0.0124848 0.0114084 0.0103629 0.00935642 0.00839624 0.00748811 0.00663651 0.00584461 0.0051143 0.00444632 0.00384031 0.00329497 0.00280819 0.00237717 0.00199858 0.00166872 0.00138361 0.00113918 0.000931293 0.000755918 0.000609167 0.000487366 0.0003871 0.000305247 0.000238988 0.000185821 0.000143553 0.000110292 8.44297e-05 6.46237e-05 4.97791e-05 3.90281e-05 3.17125e-05 2.73759e-05 
3.37265e-05 3.49776e-05 3.96845e-05 4.81771e-05 6.10122e-05 7.89967e-05 0.000103206 0.000135007 0.00017608 0.000228444 0.000294483 0.000376957 0.00047902 0.000604222 0.000756496 0.000940138 0.00115976 0.00142024 0.00172663 0.00208407 0.00249764 0.00297225 0.00351247 0.00412237 0.0048053 0.00556379 0.0063993 0.0073121 0.00830111 0.00936377 0.010496 0.011692 0.0129444 0.0142444 0.0155813 0.0169434 0.0183175 0.0196896 0.0210445 0.022367 0.0236413 0.0248518 0.0259831 0.0270207 0.0279508 0.0287611 0.0294404 0.0299796 0.0303711 0.0306096 0.0306917 0.0306164 0.0303846 0.0299998 0.0294672 0.0287943 0.0279904 0.0270665 0.0260349 0.0249092 0.0237042 0.0224349 0.0211171 0.0197663 0.0183979 0.0170269 0.0156674 0.0143323 0.0130336 0.0117816 0.0105854 0.00945234 0.00838811 0.00739689 0.00648128 0.00564241 0.0048801 0.00419296 0.00357855 0.00303358 0.0025541 0.00213561 0.00177328 0.00146211 0.00119701 0.000972994 0.000785225 0.000629119 0.000500403 0.000395151 0.000309816 0.000241234 0.000186629 0.000143595 0.000110088 8.43942e-05 6.51158e-05 5.11421e-05 4.16298e-05 3.5994e-05 
4.41645e-05 4.58112e-05 5.19435e-05 6.29849e-05 7.96486e-05 0.000102966 0.000134312 0.000175425 0.000228444 0.000295932 0.000380902 0.000486841 0.000617719 0.000777989 0.000972572 0.00120682 0.00148647 0.00181755 0.00220628 0.00265895 0.00318175 0.00378064 0.00446108 0.00522787 0.00608496 0.00703517 0.00808001 0.0092195 0.010452 0.011774 0.0131801 0.0146631 0.0162136 0.0178203 0.0194703 0.0211489 0.02284 0.0245262 0.0261894 0.0278108 0.0293713 0.0308521 0.0322347 0.0335016 0.0346364 0.0356242 0.0364519 0.0371083 0.0375846 0.0378743 0.0379736 0.0378811 0.0375981 0.0371285 0.0364788 0.0356578 0.0346766 0.0335482 0.0322876 0.0309111 0.0294362 0.0278814 0.0262653 0.024607 0.0229252 0.021238 0.0195628 0.0179154 0.0163106 0.0147613 0.0132788 0.0118723 0.0105492 0.00931481 0.00817272 0.00712462 0.00617056 0.00530911 0.00453752 0.00385198 0.00324776 0.0027195 0.00226135 0.0018672 0.00153085 0.00124614 0.00100709 0.000808029 0.00064362 0.000508964 0.000399613 0.000311593 0.000241404 0.000186009 0.000142816 0.000109654 8.47444e-05 6.6674e-05 5.4368e-05 4.70804e-05 
5.74648e-05 5.96167e-05 6.75535e-05 8.18153e-05 0.00010331 0.000133348 0.000173671 0.000226482 0.000294483 0.000380902 0.000489529 0.000624737 0.000791487 0.000995332 0.00124238 0.00153927 0.00189307 0.00231117 0.00280119 0.00337078 0.00402742 0.00477824 0.00562974 0.00658758 0.00765625 0.00883889 0.010137 0.0115502 0.013076 0.0147098 0.0164447 0.0182713 0.020178 0.0221507 0.0241735 0.0262283 0.0282954 0.0303538 0.0323814 0.0343557 0.0362537 0.0380528 0.039731 0.0412673 0.0426423 0.0438383 0.0448397 0.0456333 0.0462088 0.0465585 0.0466778 0.0465651 0.0462219 0.045653 0.044866 0.0438712 0.0426818 0.0413134 0.0397836 0.0381119 0.0363192 0.0344274 0.0324591 0.0304371 0.028384 0.0263217 0.0242711 0.0222519 0.020282 0.0183775 0.0165521 0.0148177 0.0131833 0.0116562 0.0102408 0.00893968 0.0077533 0.00668023 0.00571745 0.00486054 0.00410398 0.00344138 0.00286573 0.00236964 0.00194557 0.001586 0.00128359 0.00103134 0.000822658 0.000651463 0.000512218 0.000399959 0.000310305 0.000239443 0.000184115 0.000141582 0.000109599 8.63772e-05 7.05566e-05 6.11919e-05 
7.42518e-05 7.70423e-05 8.72414e-05 0.000105533 0.000133063 0.000171485 0.000222992 0.000290354 0.000376957 0.000486841 0.000624737 0.000796085 0.00100705 0.00126449 0.00157595 0.00194957 0.002394 0.00291827 0.0035316 0.00424321 0.00506207 0.00599665 0.00705461 0.00824249 0.00956539 0.0110267 0.0126278 0.0143676 0.0162428 0.0182473 0.020372 0.0226053 0.0249326 0.0273367 0.0297979 0.0322943 0.0348021 0.0372958 0.039749 0.0421346 0.0444254 0.0465945 0.0486158 0.0504645 0.0521177 0.0535545 0.0547567 0.0557089 0.0563988 0.0568176 0.0569598 0.0568237 0.056411 0.0557272 0.0547813 0.0535854 0.052155 0.0505084 0.0486663 0.0466518 0.0444894 0.0422053 0.0398263 0.0373795 0.034892 0.03239 0.0298989 0.0274424 0.0250422 0.0227181 0.0204872 0.0183638 0.0163598 0.014484 0.0127426 0.011139 0.00967425 0.00834709 0.00715425 0.00609071 0.00515008 0.00432481 0.00360659 0.00298656 0.00245562 0.00200466 0.00162475 0.00130732 0.00104428 0.000828136 0.000652048 0.000509864 0.000396136 0.000306116 0.00023573 0.000181554 0.000140771 0.000111135 9.09356e-05 7.89839e-05 
9.52513e-05 9.88415e-05 0.000111851 0.000135138 0.00017014 0.000218928 0.000284241 0.000369534 0.00047902 0.000617719 0.000791487 0.00100705 0.00127198 0.00159472 0.00198449 0.00245121 0.00300539 0.00365791 0.00441988 0.00530232 0.00631587 0.00747049 0.0087751 0.0102372 0.0118624 0.0136544 0.0156141 0.0177398 0.0200267 0.0224668 0.0250489 0.0277581 0.0305767 0.0334835 0.0364545 0.0394634 0.0424815 0.0454784 0.0484227 0.0512822 0.0540247 0.0566185 0.0590332 0.0612396 0.0632109 0.064923 0.0663544 0.0674875 0.0683078 0.0688053 0.0689735 0.0688105 0.0683184 0.0675034 0.066376 0.0649503 0.0632443 0.0612792 0.0590794 0.0566715 0.0540846 0.0513492 0.0484969 0.0455599 0.04257 0.0395588 0.0365564 0.0335913 0.0306898 0.0278758 0.0251702 0.0225908 0.0201522 0.0178658 0.0157394 0.0137779 0.0119831 0.0103539 0.00888706 0.00757687 0.00641602 0.00539573 0.00450621 0.00373695 0.00307707 0.00251562 0.00204182 0.00164526 0.0013161 0.00104518 0.00082411 0.00064532 0.000502094 0.000388556 0.00029966 0.000231149 0.000179518 0.000141967 0.000116362 0.000101217 
0.000121295 0.000125878 0.000142347 0.000171774 0.000215946 0.000277435 0.000359639 0.000466833 0.000604222 0.000777989 0.000995332 0.00126449 0.00159472 0.0019963 0.00248042 0.00305906 0.00374488 0.00455092 0.0054904 0.00657637 0.00782136 0.00923695 0.0108334 0.0126192 0.0146004 0.0167808 0.0191608 0.0217376 0.0245048 0.0274519 0.0305647 0.0338252 0.0372114 0.0406976 0.0442552 0.0478522 0.0514548 0.0550268 0.0585312 0.0619303 0.0651862 0.0682621 0.0711224 0.0737336 0.0760645 0.0780871 0.0797771 0.0811138 0.0820811 0.082667 0.0828644 0.0826711 0.0820893 0.0811264 0.0797942 0.0781091 0.0760917 0.0737665 0.0711616 0.0683078 0.0652389 0.0619904 0.0585991 0.0551026 0.0515386 0.047944 0.0443547 0.0408046 0.0373251 0.0339451 0.0306898 0.0275811 0.0246371 0.0218718 0.0192955 0.0169148 0.0147324 0.0127479 0.0109577 0.00935594 0.00793413 0.00668223 0.00558881 0.00464154 0.00382752 0.0031337 0.00254717 0.00205543 0.00164657 0.00130949 0.00103399 0.000810818 0.000631764 0.000489614 0.000378161 0.000292155 0.000227268 0.000180036 0.000147815 0.000128764 
0.000153324 0.000159127 0.00017982 0.000216726 0.000272054 0.000348974 0.000451665 0.00058538 0.000756496 0.000972572 0.00124238 0.00157595 0.00198449 0.00248042 0.00307719 0.0037892 0.00463151 0.00561964 0.00676918 0.00809546 0.00961303 0.0113353 0.0132738 0.015438 0.0178346 0.0204669 0.0233348 0.0264338 0.0297554 0.0332865 0.0370094 0.0409017 0.0449368 0.0490841 0.0533089 0.0575738 0.0618385 0.0660606 0.0701969 0.0742033 0.0780361 0.0816528 0.0850122 0.0880759 0.0908083 0.0931774 0.0951554 0.096719 0.0978495 0.0985338 0.0987636 0.0985362 0.0978546 0.0967268 0.0951664 0.093192 0.0908271 0.0880995 0.0850412 0.081688 0.0780782 0.0742528 0.0702545 0.0661268 0.0619135 0.057658 0.0534023 0.0491863 0.0450476 0.0410204 0.0371351 0.0334184 0.0298921 0.026574 0.0234771 0.02061 0.0179768 0.015578 0.0134102 0.0114668 0.0097386 0.00821414 0.00688024 0.00572252 0.00472588 0.00387489 0.00315424 0.00254899 0.00204491 0.00162862 0.00128781 0.00101131 0.000789112 0.00061245 0.000473742 0.000366568 0.00028562 0.000226646 0.000186396 0.000162606 
0.000192387 0.000199678 0.000225482 0.000271423 0.000340209 0.000435714 0.000563046 0.000728602 0.000940138 0.00120682 0.00153927 0.00194957 0.00245121 0.00305906 0.0037892 0.0046587 0.00568542 0.00688762 0.00828354 0.00989097 0.0117267 0.013806 0.0161418 0.0187444 0.0216209 0.0247741 0.0282027 0.0319005 0.0358562 0.0400534 0.0444701 0.0490793 0.0538489 0.0587423 0.0637186 0.0687336 0.0737402 0.0786892 0.0835303 0.0882128 0.0926866 0.0969028 0.100815 0.104379 0.107554 0.110305 0.1126 0.114413 0.115723 0.116515 0.11678 0.116516 0.115724 0.114415 0.112603 0.11031 0.107562 0.10439 0.10083 0.0969239 0.0927141 0.0882476 0.0835734 0.0787413 0.0738021 0.0688057 0.0638013 0.0588355 0.0539525 0.0491928 0.0445928 0.0401843 0.0359942 0.0320441 0.0283504 0.0249243 0.0217719 0.0188946 0.0162894 0.0139496 0.0118649 0.0100226 0.00840756 0.00700327 0.00579216 0.0047562 0.00387733 0.00313791 0.00252102 0.00201071 0.00159223 0.00125216 0.000978456 0.000760515 0.000589155 0.000456581 0.000356337 0.000283242 0.000233331 0.000203839 
0.000239637 0.000248725 0.000280662 0.000337427 0.000422309 0.000540015 0.00069673 0.000900193 0.00115976 0.00148647 0.00189307 0.002394 0.00300539 0.00374488 0.00463151 0.00568542 0.00692756 0.00837921 0.0100615 0.011995 0.0141988 0.01669 0.019483 0.022589 0.0260147 0.0297626 0.0338297 0.0382075 0.0428814 0.0478308 0.053029 0.0584435 0.0640359 0.0697628 0.0755765 0.0814251 0.0872541 0.0930069 0.0986256 0.104052 0.10923 0.114103 0.11862 0.12273 0.126388 0.129555 0.132195 0.134279 0.135784 0.136693 0.136997 0.136691 0.13578 0.134274 0.132189 0.129549 0.126383 0.122726 0.118619 0.114107 0.109239 0.104068 0.0986495 0.0930402 0.0872978 0.0814801 0.0756433 0.069842 0.0641274 0.0585471 0.0531442 0.0479567 0.0430168 0.0383511 0.0339798 0.0299175 0.0261724 0.0227476 0.0196407 0.0168448 0.0143491 0.0121394 0.0101986 0.00850791 0.00704712 0.0057953 0.00473141 0.00383474 0.00308535 0.00246438 0.0019543 0.00153911 0.00120442 0.000937523 0.00072737 0.000564574 0.000441339 0.000351402 0.000289961 0.000253666 
0.000296319 0.00030756 0.000346796 0.000416417 0.000520393 0.000664394 0.000855858 0.00110407 0.00142024 0.00181755 0.00231117 0.00291827 0.00365791 0.00455092 0.00561964 0.00688762 0.00837921 0.0101191 0.0121314 0.0144397 0.0170655 0.0200277 0.0233422 0.0270206 0.0310695 0.0354901 0.0402775 0.04542 0.0508994 0.0566902 0.06276 0.0690698 0.0755745 0.0822232 0.0889601 0.0957254 0.102456 0.109088 0.115555 0.121792 0.127734 0.133319 0.138489 0.143189 0.147368 0.150982 0.153992 0.156367 0.158081 0.159116 0.15946 0.159111 0.158072 0.156353 0.153975 0.150962 0.147346 0.143166 0.138468 0.133301 0.12772 0.121784 0.115555 0.109098 0.102477 0.0957578 0.0890057 0.0822828 0.0756486 0.0691583 0.0628626 0.0568062 0.0510279 0.0455595 0.0404262 0.0356463 0.031231 0.0271853 0.023508 0.0201923 0.0172269 0.0145961 0.0122812 0.0102608 0.00851182 0.0070103 0.00573187 0.00465245 0.00374874 0.0029986 0.00238139 0.00187818 0.00147189 0.0011474 0.000891541 0.000693079 0.000542678 0.000432818 0.000357729 0.000313384 
0.000363762 0.00037756 0.000425408 0.000510173 0.000636611 0.000811499 0.00104372 0.00134432 0.00172663 0.00220628 0.00280119 0.0035316 0.00441988 0.0054904 0.00676918 0.00828354 0.0100615 0.0121314 0.0145209 0.0172563 0.0203615 0.0238577 0.0277616 0.0320852 0.0368345 0.042009 0.0476013 0.0535961 0.0599703 0.0666929 0.0737251 0.0810208 0.0885269 0.0961842 0.103928 0.111691 0.1194 0.126983 0.134365 0.141473 0.148235 0.154583 0.160451 0.165779 0.170512 0.174601 0.178005 0.180688 0.182623 0.183791 0.184178 0.183782 0.182607 0.180665 0.177975 0.174565 0.170472 0.165736 0.160407 0.154539 0.148195 0.141437 0.134336 0.126963 0.119392 0.111695 0.103947 0.0962185 0.0885776 0.0810884 0.0738096 0.0667938 0.0600867 0.0537267 0.0477445 0.0421628 0.0369966 0.0322532 0.0279332 0.0240302 0.0205327 0.0174237 0.0146828 0.0122859 0.0102072 0.00841922 0.00689412 0.00560411 0.00452218 0.00362255 0.00288108 0.00227556 0.0017859 0.00139423 0.00108495 0.000844752 0.000662512 0.000529278 0.000438168 0.000384373 
0.000443354 0.000460161 0.000518087 0.000620544 0.000773185 0.000984054 0.00126367 0.0016251 0.00208407 0.00265895 0.00337078 0.00424321 0.00530232 0.00657637 0.00809546 0.00989097 0.011995 0.0144397 0.0172563 0.020474 0.0241195 0.0282155 0.0327797 0.037824 0.0433534 0.0493653 0.0558487 0.0627841 0.0701429 0.0778876 0.0859721 0.0943423 0.102936 0.111686 0.120517 0.129353 0.138112 0.146712 0.15507 0.163104 0.170736 0.17789 0.184495 0.190485 0.1958 0.200388 0.204204 0.207209 0.209376 0.210681 0.211114 0.21067 0.209352 0.207175 0.204159 0.200335 0.19574 0.190419 0.184425 0.177819 0.170666 0.163037 0.155008 0.146659 0.13807 0.129324 0.120504 0.111689 0.102958 0.0943831 0.0860326 0.0779676 0.0702417 0.0629007 0.0559815 0.0495123 0.0435122 0.037992 0.0329541 0.0283935 0.0242984 0.0206511 0.0174292 0.0146063 0.0121534 0.0100396 0.00823329 0.00670263 0.00541657 0.00434534 0.00346094 0.00273751 0.00215156 0.00168215 0.00131097 0.00102232 0.000803067 0.000642636 0.000532871 0.000468075 
0.000536516 0.000556836 0.000626456 0.000749411 0.000932369 0.00118481 0.00151909 0.00195057 0.00249764 0.00318175 0.00402742 0.00506207 0.00631587 0.00782136 0.00961303 0.0117267 0.0141988 0.0170655 0.0203615 0.0241195 0.0283684 0.0331323 0.0384298 0.0442721 0.0506625 0.0575957 0.0650566 0.0730204 0.0814523 0.0903073 0.0995312 0.109061 0.118825 0.128745 0.138738 0.148716 0.158589 0.168264 0.17765 0.186659 0.195202 0.203199 0.210571 0.217249 0.223168 0.228272 0.232513 0.235852 0.238257 0.239705 0.240184 0.23969 0.238226 0.235807 0.232454 0.228201 0.223086 0.217158 0.210474 0.203097 0.195099 0.186556 0.177552 0.168173 0.158508 0.148648 0.138686 0.128711 0.118811 0.109069 0.0995615 0.0903603 0.0815278 0.0731175 0.0651737 0.0577309 0.0508135 0.0444359 0.0386036 0.033313 0.0285527 0.0243044 0.0205441 0.0172431 0.0143692 0.011888 0.00976372 0.00796033 0.00644241 0.00517584 0.00412838 0.00327015 0.00257391 0.00201531 0.00157296 0.00122851 0.000966595 0.000774772 0.000643463 0.000565963 
0.000644672 0.000669057 0.000752136 0.000898642 0.00111639 0.00141646 0.00181329 0.00232476 0.00297225 0.00378064 0.00477824 0.00599665 0.00747049 0.00923695 0.0113353 0.013806 0.01669 0.0200277 0.0238577 0.0282155 0.0331323 0.0386337 0.0447382 0.0514561 0.0587884 0.0667261 0.0752494 0.0843273 0.0939175 0.103967 0.114412 0.12518 0.136189 0.147351 0.158572 0.169753 0.180793 0.191593 0.202051 0.212071 0.221558 0.230423 0.238586 0.245969 0.252506 0.258137 0.262812 0.266489 0.269136 0.27073 0.271256 0.270711 0.269098 0.266433 0.262738 0.258047 0.252401 0.245852 0.238458 0.230289 0.221419 0.21193 0.201913 0.19146 0.18067 0.169642 0.158477 0.147275 0.136135 0.125149 0.114406 0.103987 0.0939636 0.0843988 0.0753453 0.0668444 0.0589267 0.0516115 0.0449075 0.0388136 0.0333192 0.0284058 0.0240481 0.020215 0.0168715 0.0139793 0.0114985 0.00938861 0.0076095 0.00612238 0.00489042 0.00387935 0.00305781 0.00239767 0.00187418 0.00146602 0.00115531 0.000927551 0.000771561 0.000679509 
0.00076921 0.000798259 0.000896698 0.00107004 0.00132738 0.00168158 0.00214937 0.00275145 0.00351247 0.00446108 0.00562974 0.00705461 0.0087751 0.0108334 0.0132738 0.0161418 0.019483 0.0233422 0.0277616 0.0327797 0.0384298 0.0447382 0.0517231 0.0593933 0.0677468 0.07677 0.0864373 0.0967106 0.107539 0.118862 0.130603 0.142681 0.155002 0.167467 0.17997 0.192403 0.204656 0.216617 0.228178 0.239235 0.249685 0.259436 0.2684 0.276497 0.283658 0.28982 0.294931 0.298948 0.301837 0.303576 0.304149 0.303553 0.301792 0.29888 0.294842 0.289711 0.283531 0.276354 0.268243 0.259268 0.24951 0.239055 0.227998 0.21644 0.204486 0.192245 0.179828 0.167343 0.154901 0.142605 0.130555 0.118843 0.10755 0.0967507 0.086506 0.0768657 0.0678672 0.0595355 0.0518837 0.0449135 0.0386159 0.0329727 0.0279576 0.0235375 0.0196744 0.0163263 0.0134491 0.0109975 0.00892655 0.00719246 0.00575345 0.00457048 0.00360774 0.00283298 0.00221772 0.00173739 0.00137133 0.00110277 0.000918732 0.000810146 
0.000911437 0.000945792 0.00106162 0.0012653 0.00156732 0.00198252 0.00253018 0.00323404 0.00412237 0.00522787 0.00658758 0.00824249 0.0102372 0.0126192 0.015438 0.0187444 0.022589 0.0270206 0.0320852 0.037824 0.0442721 0.0514561 0.0593933 0.0680902 0.0775408 0.0877263 0.0986142 0.110158 0.122299 0.134964 0.148068 0.161517 0.175205 0.189023 0.202853 0.216575 0.23007 0.243217 0.2559 0.268006 0.279428 0.290068 0.299834 0.308644 0.316425 0.323113 0.328655 0.333007 0.336136 0.338018 0.338638 0.337991 0.336083 0.332929 0.328551 0.322986 0.316276 0.308475 0.299648 0.289867 0.279216 0.267786 0.255676 0.242994 0.229852 0.216367 0.202659 0.188849 0.175054 0.161392 0.147973 0.1349 0.122269 0.110161 0.0986501 0.0877939 0.077638 0.0682142 0.0595406 0.0516227 0.0444538 0.0380166 0.0322841 0.0272218 0.0227886 0.018939 0.0156245 0.0127952 0.0104009 0.00839245 0.00672296 0.00534825 0.00422769 0.00332456 0.00260635 0.00204494 0.00161661 0.00130208 0.00108644 0.00095922 
0.00107253 0.00111287 0.00124822 0.00148589 0.00183794 0.00232134 0.00295813 0.0037754 0.0048053 0.00608496 0.00765625 0.00956539 0.0118624 0.0146004 0.0178346 0.0216209 0.0260147 0.0310695 0.0368345 0.0433534 0.0506625 0.0587884 0.0677468 0.0775408 0.0881598 0.0995787 0.111757 0.12464 0.138157 0.152225 0.166747 0.181616 0.196716 0.211922 0.227108 0.242143 0.256896 0.271239 0.285048 0.298202 0.310591 0.322112 0.332669 0.342179 0.350566 0.357768 0.363729 0.368407 0.371768 0.373789 0.374454 0.373759 0.371709 0.368319 0.363613 0.357624 0.350397 0.341986 0.332455 0.321879 0.310343 0.297943 0.284781 0.27097 0.25663 0.241884 0.226862 0.211694 0.19651 0.181438 0.1666 0.152112 0.13808 0.1246 0.111755 0.0996127 0.0882285 0.0776414 0.067876 0.058942 0.0508361 0.0435422 0.0370335 0.0312742 0.0262206 0.021824 0.0180313 0.0147877 0.0120379 0.0097273 0.00780332 0.00621646 0.00492093 0.00387521 0.00304245 0.00239067 0.00189284 0.00152697 0.00127599 0.00112794 
0.0012535 0.00130053 0.0014576 0.00173307 0.00214066 0.00269967 0.00343513 0.00437772 0.00556379 0.00703517 0.00883889 0.0110267 0.0136544 0.0167808 0.0204669 0.0247741 0.0297626 0.0354901 0.042009 0.0493653 0.0575957 0.0667261 0.07677 0.0877263 0.0995787 0.112295 0.125825 0.140105 0.155053 0.170572 0.186555 0.202881 0.219421 0.236039 0.252596 0.268951 0.284964 0.300497 0.31542 0.329608 0.342945 0.355324 0.36665 0.376836 0.385807 0.393501 0.399864 0.404853 0.408435 0.410586 0.411294 0.410554 0.40837 0.404757 0.399737 0.393344 0.385621 0.376621 0.36641 0.355062 0.342663 0.329311 0.315112 0.300182 0.284648 0.26864 0.252296 0.235755 0.219159 0.202646 0.186352 0.170405 0.154924 0.140017 0.125779 0.11229 0.0996135 0.0877985 0.0768762 0.0668623 0.0577569 0.0495466 0.0422051 0.0356957 0.0299727 0.024984 0.0206725 0.0169784 0.0138411 0.0112002 0.00899752 0.00717782 0.00568986 0.00448705 0.00352785 0.00277616 0.00220141 0.00177864 0.00148848 0.00131733 
0.0014551 0.00150955 0.00169061 0.00200775 0.00247649 0.00311865 0.00396243 0.00504239 0.0063993 0.00808001 0.010137 0.0126278 0.0156141 0.0191608 0.0233348 0.0282027 0.0338297 0.0402775 0.0476013 0.0558487 0.0650566 0.0752494 0.0864373 0.0986142 0.111757 0.125825 0.14076 0.156484 0.172904 0.189911 0.207384 0.225189 0.243183 0.26122 0.279147 0.296814 0.314071 0.330775 0.346787 0.361978 0.37623 0.389434 0.401493 0.412321 0.421845 0.430003 0.436741 0.44202 0.445808 0.448082 0.448831 0.448048 0.445739 0.441918 0.436605 0.429834 0.421644 0.412089 0.401232 0.389146 0.375919 0.361647 0.34644 0.330417 0.313708 0.296452 0.278793 0.260879 0.242863 0.224895 0.207122 0.189687 0.17272 0.156344 0.140665 0.125776 0.111753 0.0986531 0.0865158 0.0753636 0.0652014 0.0560189 0.0477911 0.0404811 0.0340416 0.0284174 0.0235476 0.0193676 0.0158112 0.0128123 0.0103069 0.0082337 0.00653585 0.00516134 0.00406373 0.0032025 0.00254329 0.00205798 0.00172472 0.00152817 
0.00167782 0.00174042 0.00194774 0.00231044 0.00284596 0.00357879 0.00454054 0.00576981 0.0073121 0.0092195 0.0115502 0.0143676 0.0177398 0.0217376 0.0264338 0.0319005 0.0382075 0.04542 0.0535961 0.0627841 0.0730204 0.0843273 0.0967106 0.110158 0.12464 0.140105 0.156484 0.173687 0.191609 0.210126 0.229104 0.248394 0.267842 0.287288 0.306568 0.325523 0.343995 0.361832 0.378893 0.395044 0.410166 0.424148 0.436894 0.448321 0.458356 0.46694 0.474023 0.479567 0.483543 0.485929 0.486714 0.485893 0.483472 0.479461 0.473882 0.466763 0.458145 0.448076 0.436616 0.423839 0.409829 0.394683 0.378512 0.361435 0.343588 0.325113 0.306162 0.286892 0.267464 0.248041 0.228782 0.209842 0.191366 0.173491 0.156336 0.140008 0.124593 0.110159 0.0967569 0.084415 0.0731447 0.0629393 0.0537761 0.0456187 0.0384186 0.032118 0.0266523 0.0219523 0.0179463 0.0145626 0.0117309 0.00938399 0.00745903 0.00589841 0.0046505 0.00367015 0.00291896 0.00236547 0.0019852 0.00176092 
0.00192179 0.00199328 0.00222912 0.00264121 0.00324905 0.00407995 0.00516907 0.00655932 0.00830111 0.010452 0.013076 0.0162428 0.0200267 0.0245048 0.0297554 0.0358562 0.0428814 0.0508994 0.0599703 0.0701429 0.0814523 0.0939175 0.107539 0.122299 0.138157 0.155053 0.172904 0.191609 0.211047 0.231082 0.251564 0.272331 0.293216 0.314046 0.334647 0.35485 0.374491 0.393412 0.411467 0.428521 0.444454 0.459156 0.472534 0.484507 0.495005 0.503972 0.511363 0.517143 0.521284 0.523769 0.524587 0.523734 0.521213 0.517036 0.51122 0.503792 0.494788 0.484253 0.472246 0.458833 0.444099 0.428137 0.411057 0.392981 0.374045 0.354397 0.334192 0.313597 0.292782 0.27192 0.251182 0.230737 0.210745 0.191354 0.172701 0.154904 0.138063 0.122258 0.107549 0.0939747 0.081552 0.0702793 0.0601372 0.05109 0.043089 0.0360742 0.0299777 0.0247257 0.0202415 0.0164473 0.0132669 0.0106269 0.00845822 0.0066975 0.00528772 0.00417886 0.00332833 0.00270112 0.00226999 0.00201572 
0.00218677 0.00226787 0.0025344 0.0029996 0.0036851 0.00462117 0.00584671 0.00740907 0.00936377 0.011774 0.0147098 0.0182473 0.0224668 0.0274519 0.0332865 0.0400534 0.0478308 0.0566902 0.0666929 0.0778876 0.0903073 0.103967 0.118862 0.134964 0.152225 0.170572 0.189911 0.210126 0.231082 0.252628 0.274599 0.296819 0.319108 0.341281 0.363156 0.384554 0.405303 0.425244 0.444226 0.462115 0.478791 0.494146 0.508091 0.520548 0.531454 0.540756 0.548414 0.554396 0.55868 0.561249 0.562095 0.561214 0.55861 0.55429 0.548272 0.540577 0.531237 0.520293 0.507798 0.493815 0.478423 0.461714 0.443794 0.424786 0.404825 0.384061 0.362657 0.340784 0.31862 0.29635 0.274157 0.252222 0.230719 0.209812 0.189651 0.170369 0.15208 0.134877 0.118831 0.10399 0.0903787 0.0780018 0.0668433 0.0568697 0.0480323 0.0402696 0.0335106 0.0276776 0.0226886 0.0184603 0.0149103 0.0119588 0.00953075 0.00755665 0.00597396 0.00472764 0.00377069 0.00306445 0.00257874 0.00229228 
0.0024721 0.00256348 0.00286277 0.00338459 0.00415278 0.0052007 0.0065711 0.00831594 0.010496 0.0131801 0.0164447 0.020372 0.0250489 0.0305647 0.0370094 0.0444701 0.053029 0.06276 0.0737251 0.0859721 0.0995312 0.114412 0.130603 0.148068 0.166747 0.186555 0.207384 0.229104 0.251564 0.274599 0.298028 0.321663 0.345309 0.368772 0.391858 0.414383 0.43617 0.457054 0.476886 0.495532 0.512872 0.528805 0.543245 0.55612 0.567373 0.576957 0.584837 0.590986 0.595387 0.598025 0.598894 0.597992 0.59532 0.590885 0.5847 0.576783 0.567161 0.555869 0.542954 0.528473 0.5125 0.495121 0.47644 0.456576 0.435665 0.413858 0.391321 0.36823 0.344772 0.32114 0.297529 0.274133 0.25114 0.228729 0.207064 0.186295 0.166549 0.147933 0.130529 0.114397 0.0995709 0.0860608 0.0738559 0.0629255 0.0532217 0.0446821 0.0372332 0.0307935 0.0252762 0.0205925 0.0166539 0.0133743 0.0106724 0.00847265 0.0067068 0.00531465 0.00424467 0.00345438 0.00291059 0.0025899 
0.00277663 0.00287894 0.00321288 0.00379454 0.00465003 0.00581588 0.0073388 0.00927547 0.011692 0.0146631 0.0182713 0.0226053 0.0277581 0.0338252 0.0409017 0.0490793 0.0584435 0.0690698 0.0810208 0.0943423 0.109061 0.12518 0.142681 0.161517 0.181616 0.202881 0.225189 0.248394 0.272331 0.296819 0.321663 0.346659 0.371603 0.396287 0.420512 0.444086 0.466827 0.48857 0.509165 0.528481 0.546402 0.562831 0.57769 0.590912 0.602448 0.612258 0.620313 0.626592 0.631083 0.633774 0.634662 0.633744 0.631022 0.626499 0.620186 0.612095 0.602247 0.590671 0.577407 0.562506 0.546032 0.528069 0.508712 0.488079 0.466304 0.443536 0.419943 0.395707 0.371022 0.346087 0.32111 0.296297 0.271849 0.247959 0.22481 0.202563 0.181363 0.16133 0.142561 0.125125 0.109066 0.0944023 0.081129 0.0692187 0.0586248 0.0492848 0.0411233 0.0340553 0.0279896 0.0228321 0.0184883 0.0148659 0.0118773 0.00944096 0.00748272 0.00593717 0.00474814 0.00386924 0.00326419 0.00290736 
0.00309877 0.00321256 0.00358285 0.00422719 0.00517405 0.00646317 0.0081453 0.0102819 0.0129444 0.0162136 0.020178 0.0249326 0.0305767 0.0372114 0.0449368 0.0538489 0.0640359 0.0755745 0.0885269 0.102936 0.118825 0.136189 0.155002 0.175205 0.196716 0.219421 0.243183 0.267842 0.293216 0.319108 0.345309 0.371603 0.397772 0.4236 0.44888 0.473414 0.497018 0.519528 0.540793 0.560687 0.5791 0.595941 0.611139 0.624635 0.636388 0.646367 0.654549 0.660922 0.665475 0.668203 0.669104 0.668176 0.665421 0.660839 0.654435 0.646219 0.636204 0.624411 0.610871 0.595629 0.578742 0.560282 0.540342 0.519033 0.496485 0.472846 0.448286 0.422989 0.397153 0.370987 0.344707 0.318532 0.292677 0.267349 0.242745 0.219045 0.196407 0.174967 0.154834 0.136091 0.118793 0.102965 0.08861 0.0757041 0.0642034 0.0540458 0.0451542 0.037441 0.0308109 0.0251645 0.0204017 0.0164242 0.0131381 0.0104557 0.00829713 0.00659159 0.00527824 0.00430673 0.00363761 0.00324298 
0.0034364 0.00356216 0.00397024 0.00467967 0.00572129 0.00713811 0.00898496 0.0113281 0.0142444 0.0178203 0.0221507 0.0273367 0.0334835 0.0406976 0.0490841 0.0587423 0.0697628 0.0822232 0.0961842 0.111686 0.128745 0.147351 0.167467 0.189023 0.211922 0.236039 0.26122 0.287288 0.314046 0.341281 0.368772 0.396287 0.4236 0.450485 0.476728 0.502128 0.5265 0.549678 0.571518 0.591896 0.610709 0.627876 0.643331 0.657029 0.668934 0.679024 0.687287 0.693715 0.698304 0.701053 0.701962 0.701031 0.698259 0.693645 0.68719 0.678896 0.668771 0.656827 0.643087 0.627585 0.610369 0.591505 0.571077 0.549188 0.525964 0.501552 0.476118 0.44985 0.42295 0.395633 0.368126 0.340656 0.313453 0.286739 0.260725 0.235606 0.211558 0.188732 0.16725 0.147209 0.128674 0.111682 0.0962399 0.0823313 0.0699145 0.0589284 0.0492954 0.0409252 0.0337189 0.0275725 0.0223803 0.018038 0.0144458 0.0115098 0.00914433 0.00727341 0.00583139 0.00476392 0.00402837 0.00359456 
0.00378695 0.00392507 0.00437206 0.00514845 0.00628746 0.00783538 0.0098511 0.0124057 0.0155813 0.0194703 0.0241735 0.0297979 0.0364545 0.0442552 0.0533089 0.0637186 0.0755765 0.0889601 0.103928 0.120517 0.138738 0.158572 0.17997 0.202853 0.227108 0.252596 0.279147 0.306568 0.334647 0.363156 0.391858 0.420512 0.44888 0.476728 0.503838 0.530004 0.555043 0.578791 0.601107 0.621875 0.640999 0.658405 0.674041 0.687867 0.69986 0.710008 0.718306 0.724753 0.729352 0.732106 0.733019 0.73209 0.729318 0.724699 0.718228 0.709904 0.699723 0.687693 0.673824 0.658142 0.640684 0.621507 0.600685 0.578314 0.554514 0.529427 0.503219 0.476077 0.448206 0.419827 0.391174 0.362487 0.334006 0.305967 0.278598 0.252108 0.22669 0.202509 0.179704 0.158384 0.138627 0.120478 0.103955 0.0890448 0.0757104 0.0638923 0.0535126 0.0444792 0.0366899 0.0300364 0.0244078 0.0196943 0.0157898 0.0125946 0.0100176 0.00797723 0.00640324 0.00523727 0.00443348 0.00395941 
0.00414736 0.00429812 0.0047848 0.00562942 0.00686759 0.00854882 0.0107361 0.0135051 0.0169434 0.0211489 0.0262283 0.0322943 0.0394634 0.0478522 0.0575738 0.0687336 0.0814251 0.0957254 0.111691 0.129353 0.148716 0.169753 0.192403 0.216575 0.242143 0.268951 0.296814 0.325523 0.35485 0.384554 0.414383 0.444086 0.473414 0.502128 0.530004 0.556837 0.582443 0.606662 0.629358 0.650423 0.669769 0.687334 0.703074 0.716961 0.728983 0.739137 0.747426 0.753859 0.758445 0.76119 0.762102 0.76118 0.758422 0.753823 0.747371 0.739059 0.728876 0.716819 0.702891 0.687104 0.669487 0.650084 0.628961 0.606205 0.581928 0.556267 0.529385 0.501468 0.472723 0.443376 0.413667 0.383846 0.354165 0.324873 0.296213 0.26841 0.241672 0.21618 0.192089 0.16952 0.148564 0.129278 0.111687 0.0957854 0.0815398 0.0688933 0.0577682 0.0480712 0.0396974 0.0325343 0.0264663 0.0213782 0.0171582 0.0137008 0.0109092 0.00869687 0.00698877 0.00572261 0.00484938 0.00433434 
0.00451414 0.0046777 0.00520446 0.00611792 0.00745605 0.00927155 0.0116313 0.0146158 0.0183175 0.02284 0.0282954 0.0348021 0.0424815 0.0514548 0.0618385 0.0737402 0.0872541 0.102456 0.1194 0.138112 0.158589 0.180793 0.204656 0.23007 0.256896 0.284964 0.314071 0.343995 0.374491 0.405303 0.43617 0.466827 0.497018 0.5265 0.555043 0.582443 0.608518 0.633112 0.656096 0.67737 0.696856 0.714503 0.730277 0.744163 0.756159 0.766271 0.774513 0.780902 0.785452 0.788176 0.789082 0.788172 0.785443 0.780884 0.774483 0.766222 0.756085 0.744057 0.730132 0.714311 0.696612 0.677067 0.655731 0.632682 0.608024 0.581888 0.554431 0.525838 0.496318 0.466099 0.435428 0.404563 0.373766 0.343301 0.313423 0.284373 0.256375 0.229625 0.204293 0.180516 0.158396 0.138001 0.119365 0.102491 0.0873485 0.0738845 0.0620223 0.0516675 0.0427128 0.0350424 0.0285362 0.0230737 0.0185378 0.0148176 0.0118107 0.0094254 0.00758235 0.00621529 0.00527207 0.00471573 
0.00488344 0.00505981 0.00562663 0.00660884 0.0080467 0.00999603 0.0125276 0.0157262 0.0196896 0.0245262 0.0303538 0.0372958 0.0454784 0.0550268 0.0660606 0.0786892 0.0930069 0.109088 0.126983 0.146712 0.168264 0.191593 0.216617 0.243217 0.271239 0.300497 0.330775 0.361832 0.393412 0.425244 0.457054 0.48857 0.519528 0.549678 0.578791 0.606662 0.633112 0.65799 0.681177 0.702578 0.72213 0.739789 0.755534 0.769363 0.781283 0.791313 0.799475 0.805793 0.810289 0.81298 0.813877 0.812983 0.810294 0.805796 0.799471 0.791295 0.781245 0.769296 0.755431 0.739639 0.721927 0.702316 0.680849 0.657594 0.632645 0.606127 0.578192 0.549022 0.518824 0.487831 0.456293 0.424476 0.392654 0.3611 0.330083 0.299861 0.27067 0.242725 0.216208 0.191272 0.168031 0.146564 0.126917 0.109096 0.09308 0.0788174 0.066233 0.0552323 0.0457061 0.0375356 0.0305965 0.0247636 0.0199147 0.0159335 0.0127125 0.0101553 0.00817778 0.00671012 0.00569711 0.00509956 
0.00525105 0.00544012 0.00604653 0.00709665 0.00863292 0.0107142 0.0134149 0.0168243 0.0210445 0.0261894 0.0323814 0.039749 0.0484227 0.0585312 0.0701969 0.0835303 0.0986256 0.115555 0.134365 0.15507 0.17765 0.202051 0.228178 0.2559 0.285048 0.31542 0.346787 0.378893 0.411467 0.444226 0.476886 0.509165 0.540793 0.571518 0.601107 0.629358 0.656096 0.681177 0.704487 0.725944 0.745493 0.763104 0.778767 0.792491 0.804295 0.814207 0.82226 0.828486 0.832912 0.835561 0.836446 0.835571 0.832931 0.828509 0.822283 0.814222 0.804294 0.792465 0.778707 0.763 0.745336 0.725726 0.704201 0.680818 0.655663 0.62885 0.600528 0.570873 0.540093 0.508421 0.476112 0.443438 0.410681 0.378126 0.346057 0.314742 0.284434 0.255363 0.227726 0.201688 0.177378 0.154887 0.134268 0.115537 0.0986772 0.0836417 0.070357 0.0587286 0.048646 0.0399874 0.0326252 0.0264297 0.0212739 0.0170364 0.013605 0.0108784 0.00876844 0.00720159 0.0061197 0.0054815 
