0.00247782 0.00250216 0.00258157 0.00271679 0.00290876 0.00315873 0.00346828 0.00383925 0.0042737 0.00477384 0.005342 0.00598051 0.0066917 0.00747774 0.00834062 0.00928204 0.0103033 0.0114054 0.0125885 0.0138524 0.0151963 0.0166183 0.018116 0.0196861 0.0213244 0.0230257 0.0247841 0.0265925 0.0284432 0.0303275 0.0322359 0.0341584 0.0360839 0.0380011 0.0398982 0.0417629 0.0435828 0.0453454 0.0470382 0.0486491 0.0501659 0.0515774 0.0528725 0.0540413 0.0550745 0.0559639 0.0567021 0.0572834 0.0577029 0.0579571 0.0580441 0.0579631 0.0577147 0.0573012 0.0567259 0.0559935 0.05511 0.0540826 0.0529196 0.0516301 0.0502243 0.0487129 0.0471075 0.0454198 0.0436623 0.0418471 0.039987 0.0380942 0.0361809 0.0342589 0.0323397 0.030434 0.028552 0.0267031 0.024896 0.0231386 0.0214376 0.0197991 0.0182282 0.0167292 0.0153054 0.0139592 0.0126925 0.0115061 0.0104003 0.00937493 0.008429 0.00756125 0.00677002 0.00605335 0.0054091 0.00483498 0.00432869 0.00388794 0.00351053 0.00319443 0.00293784 0.0027392 0.00259727 0.0025113 
0.00250216 0.00252675 0.00260696 0.00274352 0.00293738 0.00318981 0.00350239 0.00387698 0.00431566 0.00482065 0.00539429 0.00603896 0.00675697 0.00755052 0.00842161 0.00937194 0.0104029 0.0115152 0.0127094 0.0139851 0.0153414 0.0167765 0.0182879 0.0198723 0.0215255 0.0232421 0.0250162 0.0268407 0.0287078 0.0306087 0.0325339 0.034473 0.0364153 0.038349 0.0402624 0.042143 0.0439784 0.0457559 0.047463 0.0490874 0.0506169 0.0520401 0.053346 0.0545245 0.0555662 0.0564628 0.0572072 0.0577932 0.0582161 0.0584724 0.05856 0.0584782 0.0582278 0.0578108 0.0572307 0.0564922 0.0556014 0.0545655 0.0533928 0.0520925 0.0506749 0.0491509 0.0475319 0.04583 0.0440575 0.0422269 0.0403508 0.0384417 0.0365119 0.0345733 0.0326373 0.0307149 0.0288163 0.0269511 0.025128 0.0233548 0.0216385 0.0199852 0.0184001 0.0168874 0.0154505 0.014092 0.0128135 0.0116161 0.0105001 0.00946502 0.00851018 0.00763423 0.00683549 0.006112 0.0054616 0.00488199 0.00437083 0.00392584 0.00354479 0.00322565 0.00296658 0.00276602 0.00262273 0.00253594 
0.00258157 0.00260696 0.00268962 0.00283031 0.00302999 0.00328996 0.00361185 0.00399754 0.00444915 0.00496897 0.00555936 0.00622276 0.00696151 0.00777785 0.00867381 0.00965111 0.0107111 0.0118546 0.013082 0.014393 0.0157865 0.0172607 0.0188131 0.0204401 0.0221373 0.0238995 0.0257203 0.0275926 0.0295082 0.0314582 0.0334328 0.0354214 0.0374128 0.0393952 0.0413565 0.0432839 0.0451648 0.0469861 0.048735 0.050399 0.0519656 0.0534232 0.0547606 0.0559674 0.057034 0.057952 0.058714 0.0593139 0.0597467 0.0600089 0.0600985 0.0600147 0.0597582 0.0593311 0.0587369 0.0579807 0.0570684 0.0560074 0.0548063 0.0534745 0.0520225 0.0504612 0.0488026 0.0470588 0.0452425 0.0433665 0.0414436 0.0394867 0.0375082 0.0355205 0.0335352 0.0315635 0.0296159 0.0277023 0.0258315 0.0240117 0.02225 0.0205527 0.0189251 0.0173716 0.0158957 0.0145 0.0131864 0.0119558 0.0108087 0.00974463 0.00876288 0.00786209 0.00704058 0.00629635 0.00562722 0.00503084 0.00450484 0.00404687 0.00365467 0.00332618 0.0030595 0.00285307 0.00270557 0.00261627 
0.00271679 0.00274352 0.00283031 0.00297794 0.00318741 0.00346006 0.00379758 0.00420192 0.00467526 0.00521995 0.00583846 0.00653326 0.00730678 0.00816131 0.00909892 0.0101214 0.01123 0.0124256 0.0137085 0.0150784 0.0165341 0.0180736 0.0196942 0.0213923 0.0231631 0.0250011 0.0268998 0.0288515 0.0308479 0.0328795 0.0349362 0.037007 0.0390802 0.0411435 0.0431843 0.0451895 0.0471458 0.0490397 0.0508581 0.0525878 0.0542161 0.0557307 0.0571203 0.0583739 0.0594818 0.0604352 0.0612265 0.0618493 0.0622986 0.0625708 0.0626636 0.0625763 0.0623096 0.0618658 0.0612485 0.0604627 0.0595148 0.0584124 0.0571642 0.0557802 0.0542709 0.0526479 0.0509235 0.0491103 0.0472213 0.0452699 0.0432693 0.0412329 0.0391736 0.0371042 0.0350369 0.0329832 0.0309542 0.02896 0.0270099 0.0251125 0.0232751 0.0215044 0.0198059 0.0181844 0.0166433 0.0151857 0.0138133 0.0125273 0.0113281 0.0102156 0.00918876 0.00824638 0.00738672 0.00660774 0.0059072 0.00528268 0.00473176 0.00425201 0.0038411 0.00349689 0.00321744 0.00300111 0.00284657 0.00275303 
0.00290876 0.00293738 0.00302999 0.00318741 0.00341068 0.00370121 0.00406076 0.00449137 0.00499532 0.00557506 0.00623316 0.00697217 0.00779462 0.00870288 0.00969906 0.010785 0.0119619 0.0132307 0.0145917 0.0160442 0.0175872 0.0192183 0.0209347 0.0227324 0.0246064 0.0265507 0.0285584 0.0306214 0.0327309 0.0348768 0.0370484 0.0392342 0.0414217 0.0435982 0.0457502 0.047864 0.0499257 0.0519212 0.0538365 0.055658 0.0573723 0.0589667 0.060429 0.0617481 0.0629136 0.0639165 0.0647487 0.0654035 0.0658758 0.0661618 0.0662591 0.0661669 0.0658861 0.065419 0.0647693 0.0639423 0.0629447 0.0617844 0.0604705 0.0590134 0.0574243 0.0557152 0.0538988 0.0519886 0.0499981 0.0479413 0.0458321 0.0436845 0.0415123 0.0393286 0.0371465 0.0349781 0.032835 0.030728 0.0286669 0.0266607 0.0247173 0.0228437 0.0210459 0.0193288 0.0176964 0.0161517 0.0146968 0.013333 0.0120609 0.0108801 0.00978992 0.00878905 0.00787572 0.00704784 0.00630308 0.00563896 0.00505294 0.0045425 0.00410523 0.00373887 0.00344142 0.00321115 0.00304667 0.00294716 
0.00315873 0.00318981 0.00328996 0.00346006 0.00370121 0.0040149 0.00440298 0.00486761 0.00541118 0.00603627 0.00674557 0.00754177 0.0084275 0.00940521 0.0104771 0.011645 0.0129102 0.0142735 0.0157351 0.0172944 0.0189499 0.0206992 0.0225391 0.0244651 0.026472 0.0285532 0.0307013 0.0329076 0.0351625 0.0374554 0.0397748 0.0421084 0.0444429 0.0467648 0.0490597 0.0513131 0.0535101 0.0556359 0.0576757 0.059615 0.0614397 0.0631363 0.0646921 0.0660951 0.0673345 0.0684008 0.0692853 0.0699813 0.0704831 0.0707867 0.0708898 0.0707914 0.0704925 0.0699954 0.0693042 0.0684244 0.067363 0.0661284 0.0647303 0.0631796 0.061488 0.0596683 0.057734 0.0556992 0.0535783 0.0513861 0.0491375 0.0468471 0.0445296 0.0421992 0.0398695 0.0375536 0.0352638 0.0330116 0.0308075 0.0286613 0.0265813 0.0245752 0.0226494 0.0208092 0.0190589 0.017402 0.0158407 0.0143765 0.01301 0.0117411 0.0105692 0.00949271 0.00851 0.00761889 0.00681695 0.0061016 0.00547017 0.00492003 0.00444863 0.0040536 0.00373284 0.00348451 0.00330717 0.00319993 
0.00346828 0.00350239 0.00361185 0.00379758 0.00406076 0.00440298 0.00482621 0.00533272 0.00592508 0.006606 0.00737832 0.00824488 0.00920844 0.0102715 0.0114365 0.0127051 0.0140787 0.0155581 0.0171434 0.0188336 0.0206271 0.0225214 0.0245126 0.0265959 0.0287656 0.0310145 0.0333345 0.0357161 0.038149 0.0406218 0.0431219 0.0456362 0.0481504 0.0506498 0.0531193 0.055543 0.0579053 0.0601902 0.0623819 0.064465 0.0664243 0.0682456 0.0699152 0.0714206 0.0727501 0.0738936 0.074842 0.0755881 0.0761258 0.076451 0.076561 0.0764551 0.076134 0.0756004 0.0748586 0.0739144 0.0727753 0.0714502 0.0699494 0.0682844 0.0664679 0.0645133 0.0624351 0.0602483 0.0579683 0.0556109 0.0531919 0.0507271 0.0482322 0.0457223 0.0432122 0.0407159 0.0382466 0.0358168 0.0334378 0.0311201 0.0288729 0.0267044 0.0246217 0.0226305 0.0207358 0.0189411 0.0172492 0.0156617 0.0141795 0.0128024 0.0115299 0.0103605 0.00929255 0.00832367 0.0074514 0.006673 0.00598568 0.00538666 0.00487324 0.00444291 0.00409343 0.00382287 0.00362968 0.00351292 
0.00383925 0.00387698 0.00399754 0.00420192 0.00449137 0.00486761 0.00533272 0.00588916 0.00653964 0.00728707 0.00813444 0.00908476 0.0101409 0.0113056 0.0125812 0.0139696 0.0154721 0.0170894 0.0188214 0.0206671 0.0226245 0.0246907 0.0268613 0.0291312 0.0314938 0.0339413 0.0364648 0.0390539 0.0416975 0.044383 0.0470968 0.0498246 0.0525511 0.0552603 0.0579358 0.0605608 0.0631181 0.0655907 0.0679616 0.0702141 0.0723322 0.0743005 0.0761043 0.0777303 0.0791659 0.0804004 0.0814241 0.0822291 0.0828092 0.0831597 0.083278 0.0831631 0.082816 0.0822395 0.081438 0.080418 0.0791873 0.0777556 0.0761337 0.0743341 0.0723702 0.0702566 0.0680086 0.0656425 0.0631747 0.0606222 0.0580021 0.0553314 0.0526269 0.049905 0.0471817 0.044472 0.0417904 0.0391504 0.0365644 0.0340436 0.0315984 0.0292375 0.0269687 0.0247986 0.0227325 0.0207744 0.0189274 0.0171935 0.0155737 0.0140681 0.012676 0.0113962 0.0102268 0.00916538 0.00820938 0.00735592 0.00660205 0.0059448 0.00538131 0.00490892 0.00452522 0.00422816 0.00401608 0.00388798 
0.0042737 0.00431566 0.00444915 0.00467526 0.00499532 0.00541118 0.00592508 0.00653964 0.00725778 0.00808258 0.00901725 0.010065 0.0112288 0.0125116 0.0139157 0.0154432 0.0170953 0.0188726 0.0207749 0.0228008 0.0249481 0.0272134 0.0295918 0.0320776 0.0346634 0.0373406 0.0400993 0.0429283 0.0458152 0.0487462 0.0517067 0.0546809 0.0576522 0.0606033 0.0635164 0.0663731 0.0691551 0.0718437 0.0744209 0.0768685 0.0791692 0.0813066 0.0832648 0.0850293 0.0865871 0.0879261 0.0890363 0.0899091 0.0905377 0.0909174 0.0910451 0.09092 0.090543 0.089917 0.0890471 0.0879399 0.0866039 0.0850495 0.0832884 0.081334 0.0792006 0.076904 0.0744607 0.0718881 0.0692041 0.066427 0.0635751 0.060667 0.0577209 0.0547544 0.051785 0.0488291 0.0459024 0.0430196 0.0401943 0.0374389 0.0347645 0.032181 0.0296969 0.0273196 0.0250549 0.0229074 0.0208807 0.018977 0.0171976 0.0155428 0.0140119 0.0126038 0.0113165 0.0101475 0.00909418 0.00815342 0.00732212 0.00659712 0.00597536 0.005454 0.00503047 0.00470256 0.00446848 0.00432718 
0.00477384 0.00482065 0.00496897 0.00521995 0.00557506 0.00603627 0.006606 0.00728707 0.00808258 0.00899587 0.0100303 0.0111894 0.0124762 0.0138938 0.0154446 0.0171308 0.0189534 0.0209131 0.0230094 0.0252406 0.0276041 0.0300959 0.0327107 0.0354419 0.0382813 0.0412193 0.0442452 0.0473463 0.0505091 0.0537186 0.0569586 0.0602119 0.0634605 0.0666854 0.0698672 0.0729861 0.076022 0.078955 0.0817651 0.0844331 0.0869401 0.0892683 0.0914007 0.0933217 0.0950171 0.0964742 0.0976819 0.0986311 0.0993145 0.099727 0.0998654 0.0997287 0.0993179 0.0986363 0.097689 0.0964835 0.0950288 0.093336 0.0914178 0.0892885 0.0869638 0.0844605 0.0817965 0.0789907 0.0760622 0.0730311 0.0699171 0.0667404 0.0635207 0.0602773 0.0570291 0.0537942 0.0505896 0.0474314 0.0443345 0.0413126 0.038378 0.0355416 0.0328128 0.0301998 0.0277091 0.0253461 0.0231147 0.0210176 0.0190563 0.0172313 0.0155421 0.0139875 0.0125656 0.0112738 0.0101093 0.00906877 0.00814896 0.00734648 0.00665809 0.00608071 0.0056116 0.00524839 0.00498915 0.00483275 
0.005342 0.00539429 0.00555936 0.00583846 0.00623316 0.00674557 0.00737832 0.00813444 0.00901725 0.0100303 0.0111773 0.0124618 0.0138871 0.0154565 0.0171725 0.0190372 0.0210517 0.0232164 0.0255306 0.0279923 0.0305985 0.0333445 0.0362243 0.0392305 0.042354 0.0455842 0.0489089 0.0523145 0.0557859 0.0593065 0.0628587 0.0664237 0.0699816 0.0735119 0.0769934 0.0804045 0.0837234 0.0869284 0.089998 0.0929112 0.0956477 0.0981881 0.100514 0.102609 0.104458 0.106046 0.107362 0.108396 0.10914 0.109589 0.10974 0.10959 0.109142 0.108398 0.107365 0.10605 0.104463 0.102617 0.100524 0.0982002 0.0956626 0.0929293 0.0900197 0.0869541 0.0837535 0.0804393 0.0770332 0.0735569 0.070032 0.0664796 0.0629201 0.0593734 0.0558582 0.0523921 0.0489915 0.0456714 0.0424454 0.0393256 0.0363226 0.0334453 0.0307012 0.0280962 0.0256349 0.0233205 0.0211547 0.0191383 0.0172711 0.0155517 0.0139783 0.0125481 0.0112583 0.0101053 0.00908569 0.00819584 0.00743227 0.00679169 0.00627114 0.00586808 0.00558045 0.00540701 
0.00598051 0.00603896 0.00622276 0.00653326 0.00697217 0.00754177 0.00824488 0.00908476 0.010065 0.0111894 0.0124618 0.013886 0.0154658 0.0172042 0.019104 0.0211673 0.0233951 0.0257877 0.0283439 0.0310616 0.033937 0.0369649 0.0401385 0.0434495 0.0468875 0.050441 0.0540963 0.0578385 0.0616507 0.065515 0.0694118 0.0733206 0.0772197 0.0810866 0.0848982 0.0886311 0.0922615 0.0957658 0.0991208 0.102304 0.105292 0.108066 0.110605 0.112891 0.114907 0.11664 0.118075 0.119202 0.120013 0.120502 0.120665 0.120501 0.120012 0.1192 0.118073 0.116638 0.114907 0.112891 0.110606 0.108069 0.105297 0.102311 0.0991317 0.0957803 0.0922801 0.0886543 0.0849264 0.0811201 0.0772588 0.0733655 0.0694627 0.0655719 0.0617136 0.0579073 0.0541708 0.0505209 0.0469725 0.0435389 0.040232 0.0370617 0.0340365 0.0311631 0.0284466 0.0258908 0.0234978 0.0212687 0.0192033 0.0173005 0.0155584 0.0139741 0.0125447 0.0112664 0.0101355 0.00914815 0.0083007 0.00758959 0.00701164 0.00656411 0.00624477 0.00605232 
0.0066917 0.00675697 0.00696151 0.00730678 0.00779462 0.0084275 0.00920844 0.0101409 0.0112288 0.0124762 0.0138871 0.0154658 0.0172158 0.0191407 0.0212432 0.0235253 0.0259881 0.0286315 0.0314541 0.0344532 0.0376245 0.0409621 0.0444582 0.0481034 0.0518865 0.0557942 0.0598116 0.0639221 0.0681074 0.0723474 0.0766208 0.0809052 0.0851767 0.0894109 0.0935825 0.0976661 0.101636 0.105466 0.109132 0.112608 0.115871 0.118899 0.121669 0.124162 0.126361 0.12825 0.129814 0.131042 0.131926 0.132459 0.132636 0.132457 0.131922 0.131037 0.129807 0.128242 0.126353 0.124154 0.121661 0.118891 0.115865 0.112604 0.109131 0.105468 0.101642 0.0976763 0.0935976 0.0894313 0.0852029 0.0809376 0.0766596 0.0723927 0.0681594 0.0639807 0.0598767 0.0558655 0.0519636 0.0481861 0.0445457 0.0410539 0.03772 0.0345515 0.0315544 0.028733 0.0260899 0.0236265 0.0213428 0.0192379 0.0173096 0.0155554 0.0139718 0.0125551 0.0113012 0.0102063 0.00926609 0.008477 0.00783557 0.00733886 0.00698447 0.006771 
0.00747774 0.00755052 0.00777785 0.00816131 0.00870288 0.00940521 0.0102715 0.0113056 0.0125116 0.0138938 0.0154565 0.0172042 0.0191407 0.0212696 0.0235938 0.0261151 0.0288345 0.0317517 0.034865 0.038171 0.0416648 0.0453397 0.0491869 0.0531958 0.0573539 0.0616465 0.0660572 0.0705676 0.0751573 0.0798046 0.0844861 0.089177 0.0938516 0.098483 0.103044 0.107506 0.111843 0.116025 0.120026 0.123818 0.127377 0.130678 0.133698 0.136415 0.13881 0.140867 0.14257 0.143907 0.144869 0.145448 0.145641 0.145445 0.144863 0.143898 0.142558 0.140852 0.138794 0.136397 0.133679 0.130659 0.127359 0.123802 0.120011 0.116013 0.111834 0.107502 0.103044 0.0984889 0.0938634 0.0891953 0.0845112 0.0798369 0.0751968 0.0706144 0.0661114 0.0617078 0.057422 0.0532703 0.0492673 0.0454254 0.0417552 0.0382651 0.0349621 0.0318508 0.0289347 0.0262154 0.0236932 0.0213672 0.0192354 0.017295 0.0155427 0.0139743 0.0125858 0.0113728 0.010331 0.00945634 0.00874528 0.00819461 0.00780177 0.00756523 
0.00834062 0.00842161 0.00867381 0.00909892 0.00969906 0.0104771 0.0114365 0.0125812 0.0139157 0.0154446 0.0171725 0.019104 0.0212432 0.0235938 0.0261585 0.0289395 0.0319372 0.0351513 0.0385794 0.0422176 0.0460604 0.0500999 0.0543265 0.0587281 0.063291 0.0679987 0.0728333 0.0777742 0.0827994 0.0878849 0.093005 0.0981328 0.10324 0.108298 0.113276 0.118145 0.122874 0.127433 0.131792 0.135924 0.139799 0.143392 0.146678 0.149634 0.152239 0.154475 0.156327 0.15778 0.158825 0.159454 0.159663 0.15945 0.158816 0.157766 0.156309 0.154454 0.152214 0.149606 0.146648 0.143361 0.139768 0.135893 0.131763 0.127406 0.12285 0.118125 0.11326 0.108288 0.103236 0.0981354 0.0930148 0.0879023 0.0828248 0.0778078 0.0728749 0.0680485 0.0633485 0.0587932 0.0543985 0.0501783 0.0461444 0.0423065 0.0386722 0.0352471 0.0320351 0.0290382 0.0262571 0.0236911 0.0213383 0.0191957 0.0172599 0.0155266 0.0139915 0.01265 0.0114975 0.0105297 0.00974284 0.00913339 0.00869866 0.00843701 
0.00928204 0.00937194 0.00965111 0.0101214 0.010785 0.011645 0.0127051 0.0139696 0.0154432 0.0171308 0.0190372 0.0211673 0.0235253 0.0261151 0.0289395 0.0320002 0.0352979 0.0388315 0.0425984 0.0465941 0.0508118 0.055243 0.0598767 0.0646997 0.0696963 0.0748488 0.080137 0.0855386 0.0910293 0.0965829 0.102171 0.107765 0.113334 0.118846 0.124269 0.12957 0.134717 0.139676 0.144417 0.148908 0.153119 0.157022 0.16059 0.1638 0.166628 0.169054 0.171063 0.17264 0.173773 0.174455 0.17468 0.174448 0.17376 0.172621 0.171039 0.169025 0.166593 0.163761 0.160549 0.156978 0.153074 0.148862 0.144372 0.139632 0.134675 0.129532 0.124235 0.118818 0.113312 0.10775 0.102164 0.0965839 0.091039 0.0855572 0.0801646 0.0748854 0.0697418 0.0647537 0.0599389 0.0553127 0.0508883 0.0466765 0.042686 0.0389231 0.0353925 0.0320966 0.0290365 0.0262116 0.0236202 0.0212593 0.0191253 0.0172138 0.0155203 0.0140398 0.0127675 0.011699 0.01083 0.0101569 0.00967685 0.00938803 
0.0103033 0.0104029 0.0107111 0.01123 0.0119619 0.0129102 0.0140787 0.0154721 0.0170953 0.0189534 0.0210517 0.0233951 0.0259881 0.0288345 0.0319372 0.0352979 0.0389168 0.0427925 0.0469218 0.0512994 0.0559178 0.0607671 0.0658351 0.0711071 0.0765659 0.0821918 0.0879626 0.0938539 0.0998391 0.10589 0.111975 0.118063 0.124121 0.130113 0.136007 0.141765 0.147353 0.152736 0.157879 0.162749 0.167315 0.171545 0.175411 0.178887 0.181949 0.184576 0.18675 0.188456 0.189682 0.19042 0.190663 0.190412 0.189666 0.188432 0.186719 0.184538 0.181904 0.178837 0.175356 0.171486 0.167254 0.162687 0.157816 0.152674 0.147293 0.141708 0.135954 0.130066 0.124079 0.118029 0.111949 0.105872 0.0998312 0.0938557 0.0879744 0.0822136 0.0765977 0.0711486 0.0658859 0.0608266 0.0559854 0.0513742 0.0470029 0.0428788 0.0390071 0.035391 0.0320319 0.0289295 0.0260821 0.0234869 0.0211401 0.0190372 0.0171733 0.0155434 0.0141424 0.0129654 0.0120081 0.0112666 0.0107377 0.0104196 
0.0114054 0.0115152 0.0118546 0.0124256 0.0132307 0.0142735 0.0155581 0.0170894 0.0188726 0.0209131 0.0232164 0.0257877 0.0286315 0.0317517 0.0351513 0.0388315 0.0427925 0.0470324 0.0515471 0.0563306 0.0613745 0.0666676 0.0721963 0.0779443 0.0838925 0.0900194 0.0963006 0.102709 0.109217 0.115792 0.122401 0.129009 0.135582 0.142081 0.148469 0.154708 0.16076 0.166587 0.172152 0.17742 0.182356 0.186929 0.191107 0.194862 0.198169 0.201006 0.203353 0.205195 0.206518 0.207313 0.207575 0.207303 0.206498 0.205165 0.203315 0.200959 0.198114 0.1948 0.191038 0.186856 0.182279 0.17734 0.172071 0.166505 0.16068 0.15463 0.148395 0.142013 0.13552 0.128955 0.122354 0.115754 0.10919 0.102693 0.0962948 0.0900247 0.0839089 0.0779716 0.0722342 0.0667155 0.0614318 0.0563964 0.0516204 0.0471121 0.0428775 0.0389204 0.0352427 0.0318444 0.028724 0.0258786 0.0233045 0.0209971 0.0189512 0.0171615 0.0156228 0.0143298 0.0132779 0.0124631 0.011882 0.0115326 
0.0125885 0.0127094 0.013082 0.0137085 0.0145917 0.0157351 0.0171434 0.0188214 0.0207749 0.0230094 0.0255306 0.0283439 0.0314541 0.034865 0.0385794 0.0425984 0.0469218 0.0515471 0.0564696 0.0616823 0.0671757 0.0729372 0.0789519 0.0852016 0.0916654 0.0983196 0.105138 0.11209 0.119146 0.126271 0.133429 0.140584 0.147695 0.154724 0.161629 0.16837 0.174906 0.181196 0.187202 0.192885 0.198208 0.203137 0.207639 0.211685 0.215247 0.218302 0.220829 0.222811 0.224235 0.225091 0.225373 0.225079 0.224211 0.222776 0.220783 0.218245 0.215181 0.21161 0.207557 0.203048 0.198114 0.192787 0.187102 0.181095 0.174805 0.168271 0.161533 0.154633 0.147611 0.140507 0.133361 0.126212 0.119098 0.112053 0.105113 0.0983067 0.0916648 0.0852131 0.0789753 0.072972 0.0672212 0.0617377 0.0565339 0.0516191 0.0470003 0.042682 0.0386666 0.0349545 0.0315443 0.0284333 0.0256178 0.0230929 0.0208535 0.0188939 0.0172086 0.0157921 0.0146396 0.0137468 0.0131101 0.0127274 
0.0138524 0.0139851 0.014393 0.0150784 0.0160442 0.0172944 0.0188336 0.0206671 0.0228008 0.0252406 0.0279923 0.0310616 0.0344532 0.038171 0.0422176 0.0465941 0.0512994 0.0563306 0.0616823 0.0673465 0.0733122 0.0795658 0.0860904 0.0928662 0.0998702 0.107076 0.114456 0.121977 0.129606 0.137305 0.145036 0.152759 0.160432 0.168012 0.175455 0.182717 0.189756 0.196527 0.20299 0.209102 0.214826 0.220124 0.224962 0.229308 0.233134 0.236415 0.239128 0.241255 0.242783 0.243701 0.244003 0.243687 0.242755 0.241214 0.239073 0.236348 0.233057 0.22922 0.224865 0.220019 0.214714 0.208985 0.202869 0.196404 0.189633 0.182595 0.175336 0.167897 0.160324 0.152658 0.144944 0.137223 0.129535 0.121919 0.11441 0.107044 0.0998508 0.0928603 0.0860977 0.0795859 0.0733444 0.06739 0.0617362 0.0563936 0.0513702 0.0466712 0.0422997 0.0382563 0.0345402 0.0311487 0.028078 0.0253232 0.022879 0.0207396 0.0188991 0.0173519 0.0160928 0.0151172 0.0144216 0.0140037 
0.0151963 0.0153414 0.0157865 0.0165341 0.0175872 0.0189499 0.0206271 0.0226245 0.0249481 0.0276041 0.0305985 0.033937 0.0376245 0.0416648 0.0460604 0.0508118 0.0559178 0.0613745 0.0671757 0.0733122 0.079772 0.0865397 0.0935968 0.100921 0.108489 0.11627 0.124234 0.132346 0.14057 0.148866 0.157191 0.165504 0.173758 0.181908 0.189907 0.197709 0.205267 0.212535 0.219468 0.226024 0.23216 0.237838 0.243022 0.247677 0.251774 0.255286 0.25819 0.260467 0.262102 0.263084 0.263406 0.263068 0.26207 0.26042 0.258128 0.25521 0.251685 0.247575 0.242909 0.237716 0.232029 0.225886 0.219326 0.21239 0.20512 0.197563 0.189763 0.181768 0.173624 0.165378 0.157074 0.148759 0.140475 0.132264 0.124165 0.116216 0.108449 0.100896 0.0935863 0.0865434 0.0797894 0.0733424 0.0672177 0.0614271 0.0559796 0.0508814 0.0461361 0.041745 0.0377075 0.034021 0.0306819 0.0276852 0.0250254 0.0226965 0.0206925 0.0190075 0.017636 0.0165733 0.0158156 0.0153605 
0.0166183 0.0167765 0.0172607 0.0180736 0.0192183 0.0206992 0.0225214 0.0246907 0.0272134 0.0300959 0.0333445 0.0369649 0.0409621 0.0453397 0.0500999 0.055243 0.0607671 0.0666676 0.0729372 0.0795658 0.0865397 0.093842 0.101452 0.109347 0.117498 0.125876 0.134445 0.143169 0.152008 0.16092 0.169859 0.178779 0.187633 0.19637 0.204942 0.213298 0.221389 0.229167 0.236584 0.243593 0.250153 0.25622 0.261757 0.266729 0.271103 0.274852 0.277951 0.280381 0.282125 0.283172 0.283516 0.283154 0.282089 0.280327 0.277881 0.274766 0.271002 0.266613 0.261629 0.25608 0.250003 0.243436 0.23642 0.228999 0.221219 0.213127 0.204772 0.196204 0.187473 0.178627 0.169716 0.160787 0.151888 0.143062 0.134352 0.125798 0.117436 0.109301 0.101423 0.0938279 0.0865407 0.0795812 0.072966 0.0667085 0.0608187 0.0553038 0.0501682 0.0454137 0.0410401 0.037045 0.0334248 0.0301748 0.0272891 0.0247616 0.0225862 0.0207566 0.0192672 0.0181131 0.0172902 0.0167961 
0.018116 0.0182879 0.0188131 0.0196942 0.0209347 0.0225391 0.0245126 0.0268613 0.0295918 0.0327107 0.0362243 0.0401385 0.0444582 0.0491869 0.0543265 0.0598767 0.0658351 0.0721963 0.0789519 0.0860904 0.0935968 0.101452 0.109635 0.118118 0.126872 0.135865 0.145058 0.154412 0.163885 0.173429 0.182999 0.192543 0.202011 0.21135 0.220507 0.229431 0.238067 0.246365 0.254275 0.261748 0.268739 0.275203 0.2811 0.286394 0.29105 0.29504 0.298338 0.300922 0.302777 0.303891 0.304256 0.303871 0.302737 0.300863 0.298259 0.294943 0.290936 0.286264 0.280956 0.275045 0.26857 0.26157 0.254089 0.246174 0.237872 0.229234 0.220311 0.211157 0.201823 0.192363 0.182828 0.173269 0.163737 0.154279 0.14494 0.135763 0.126787 0.11805 0.109584 0.101419 0.09358 0.0860896 0.0789661 0.0722241 0.0658753 0.0599276 0.0543862 0.0492538 0.0445303 0.0402138 0.0363009 0.0327867 0.0296654 0.0269308 0.0245764 0.0225959 0.0209834 0.0197337 0.0188427 0.0183079 
0.0196861 0.0198723 0.0204401 0.0213923 0.0227324 0.0244651 0.0265959 0.0291312 0.0320776 0.0354419 0.0392305 0.0434495 0.0481034 0.0531958 0.0587281 0.0646997 0.0711071 0.0779443 0.0852016 0.0928662 0.100921 0.109347 0.118118 0.127207 0.136581 0.146204 0.156037 0.166037 0.176158 0.18635 0.196564 0.206745 0.21684 0.226792 0.236547 0.246047 0.255238 0.264066 0.272476 0.28042 0.287847 0.294713 0.300976 0.306595 0.311537 0.31577 0.319269 0.32201 0.323977 0.325158 0.325545 0.325136 0.323933 0.321944 0.319182 0.315663 0.311411 0.306451 0.300815 0.294538 0.287659 0.28022 0.272268 0.26385 0.255018 0.245824 0.236324 0.226572 0.216624 0.206536 0.196364 0.186162 0.175982 0.165876 0.155892 0.146076 0.136471 0.127115 0.118045 0.109293 0.100885 0.0928478 0.0851998 0.0779578 0.0711346 0.0647394 0.0587783 0.0532545 0.0481686 0.0435191 0.0393025 0.0355142 0.0321484 0.0291986 0.0266583 0.024521 0.0227805 0.0214316 0.0204698 0.0198926 
0.0213244 0.0215255 0.0221373 0.0231631 0.0246064 0.026472 0.0287656 0.0314938 0.0346634 0.0382813 0.042354 0.0468875 0.0518865 0.0573539 0.063291 0.0696963 0.0765659 0.0838925 0.0916654 0.0998702 0.108489 0.117498 0.126872 0.136581 0.146588 0.156857 0.167343 0.178001 0.188782 0.199634 0.210503 0.221332 0.232063 0.242638 0.252997 0.263082 0.272835 0.282197 0.291114 0.299532 0.3074 0.314672 0.321302 0.327249 0.332479 0.336957 0.340657 0.343556 0.345637 0.346885 0.347294 0.346861 0.345588 0.343485 0.340562 0.33684 0.33234 0.327091 0.321125 0.314479 0.307192 0.299311 0.290882 0.281957 0.272588 0.262833 0.252747 0.242389 0.231818 0.221094 0.210274 0.199416 0.188577 0.177811 0.16717 0.156701 0.146452 0.136464 0.126776 0.117422 0.108432 0.0998329 0.0916464 0.0838905 0.0765795 0.0697238 0.0633304 0.0574034 0.0519438 0.0469506 0.0424206 0.0383493 0.0347307 0.0315586 0.0288261 0.0265265 0.0246536 0.023202 0.022167 0.021546 
0.0230257 0.0232421 0.0238995 0.0250011 0.0265507 0.0285532 0.0310145 0.0339413 0.0373406 0.0412193 0.0455842 0.050441 0.0557942 0.0616465 0.0679987 0.0748488 0.0821918 0.0900194 0.0983196 0.107076 0.11627 0.125876 0.135865 0.146204 0.156857 0.16778 0.17893 0.190257 0.201708 0.213228 0.22476 0.236244 0.247618 0.258821 0.269791 0.280465 0.290782 0.300682 0.310108 0.319003 0.327315 0.334993 0.341991 0.348268 0.353785 0.358509 0.362411 0.365468 0.367661 0.368977 0.369408 0.368951 0.367609 0.36539 0.362308 0.358382 0.353635 0.348096 0.341799 0.334782 0.327087 0.318761 0.309854 0.300418 0.29051 0.280188 0.269512 0.258543 0.247344 0.235975 0.224501 0.21298 0.201473 0.190037 0.178728 0.167597 0.156693 0.146062 0.135744 0.125776 0.116192 0.107019 0.0982821 0.0900006 0.0821903 0.0748629 0.0680264 0.0616858 0.0558428 0.0504967 0.0456447 0.0412823 0.0374039 0.034003 0.0310726 0.028606 0.0265968 0.0250393 0.0239289 0.0232628 
0.0247841 0.0250162 0.0257203 0.0268998 0.0285584 0.0307013 0.0333345 0.0364648 0.0400993 0.0442452 0.0489089 0.0540963 0.0598116 0.0660572 0.0728333 0.080137 0.0879626 0.0963006 0.105138 0.114456 0.124234 0.134445 0.145058 0.156037 0.167343 0.17893 0.190751 0.202753 0.21488 0.227074 0.239274 0.251416 0.263437 0.275271 0.286853 0.298118 0.309002 0.319441 0.329376 0.338747 0.347501 0.355585 0.362951 0.369556 0.375359 0.380328 0.384431 0.387645 0.389951 0.391334 0.391786 0.391306 0.389895 0.387562 0.384321 0.380191 0.375198 0.36937 0.362744 0.355357 0.347255 0.338485 0.329099 0.319153 0.308705 0.297815 0.286547 0.274965 0.263133 0.251118 0.238984 0.226795 0.214614 0.202503 0.190519 0.178718 0.167151 0.155868 0.144911 0.134321 0.124133 0.114377 0.105081 0.096264 0.087945 0.0801367 0.0728482 0.0660853 0.0598506 0.0541438 0.0489625 0.0443024 0.040158 0.0365227 0.0333897 0.0307519 0.028603 0.0269371 0.0257493 0.025037 
0.0265925 0.0268407 0.0275926 0.0288515 0.0306214 0.0329076 0.0357161 0.0390539 0.0429283 0.0473463 0.0523145 0.0578385 0.0639221 0.0705676 0.0777742 0.0855386 0.0938539 0.102709 0.11209 0.121977 0.132346 0.143169 0.154412 0.166037 0.178001 0.190257 0.202753 0.215433 0.228239 0.241109 0.253979 0.266781 0.27945 0.291915 0.304108 0.315963 0.32741 0.338387 0.348828 0.358673 0.367867 0.376353 0.384085 0.391014 0.397103 0.402313 0.406616 0.409986 0.412402 0.413852 0.414326 0.413822 0.412342 0.409896 0.406498 0.402168 0.39693 0.390816 0.383862 0.376109 0.367602 0.358391 0.348529 0.338075 0.327089 0.315634 0.303775 0.29158 0.279116 0.266453 0.253658 0.240799 0.227943 0.215153 0.20249 0.190015 0.177781 0.16584 0.154239 0.14302 0.132221 0.121876 0.112013 0.102654 0.0938192 0.0855229 0.0777755 0.0705836 0.0639506 0.0578769 0.0523604 0.0473972 0.0429818 0.0391077 0.035768 0.0329558 0.0306643 0.0288877 0.027621 0.0268615 
0.0284432 0.0287078 0.0295082 0.0308479 0.0327309 0.0351625 0.038149 0.0416975 0.0458152 0.0505091 0.0557859 0.0616507 0.0681074 0.0751573 0.0827994 0.0910293 0.0998391 0.109217 0.119146 0.129606 0.14057 0.152008 0.163885 0.176158 0.188782 0.201708 0.21488 0.228239 0.241724 0.255269 0.268807 0.282267 0.29558 0.308673 0.321474 0.333914 0.345921 0.357429 0.368372 0.378687 0.388315 0.3972 0.405291 0.412542 0.418911 0.42436 0.428859 0.432382 0.434908 0.436423 0.436919 0.436392 0.434845 0.432288 0.428734 0.424206 0.418728 0.412332 0.405055 0.39694 0.388033 0.378385 0.368053 0.357095 0.345575 0.333559 0.321114 0.308309 0.295217 0.281909 0.268456 0.254928 0.241397 0.227928 0.214587 0.201436 0.188533 0.175932 0.163684 0.151833 0.140421 0.129482 0.119047 0.109142 0.0997865 0.0909974 0.0827862 0.0751605 0.0681246 0.0616794 0.0558235 0.050553 0.0458628 0.0417465 0.0381972 0.0352078 0.0327717 0.0308827 0.0295359 0.0287285 
0.0303275 0.0306087 0.0314582 0.0328795 0.0348768 0.0374554 0.0406218 0.044383 0.0487462 0.0537186 0.0593065 0.065515 0.0723474 0.0798046 0.0878849 0.0965829 0.10589 0.115792 0.126271 0.137305 0.148866 0.16092 0.173429 0.18635 0.199634 0.213228 0.227074 0.241109 0.255269 0.269485 0.283686 0.297799 0.31175 0.325464 0.338866 0.351884 0.364445 0.376477 0.387914 0.398691 0.408746 0.418022 0.426468 0.434034 0.440677 0.446361 0.451053 0.454726 0.457359 0.458939 0.459455 0.458905 0.457293 0.454626 0.450921 0.446198 0.440484 0.433812 0.426218 0.417747 0.408447 0.39837 0.387575 0.376121 0.364075 0.351504 0.338479 0.325073 0.311358 0.297411 0.283305 0.269114 0.254911 0.240767 0.22675 0.212925 0.199355 0.186096 0.173201 0.160718 0.148691 0.137157 0.12615 0.115696 0.105818 0.096534 0.0878564 0.0797943 0.0723527 0.0655333 0.0593352 0.0537549 0.0487876 0.0444268 0.0406658 0.0374976 0.0349152 0.0329128 0.0314851 0.0306293 
0.0322359 0.0325339 0.0334328 0.0349362 0.0370484 0.0397748 0.0431219 0.0470968 0.0517067 0.0569586 0.0628587 0.0694118 0.0766208 0.0844861 0.093005 0.102171 0.111975 0.122401 0.133429 0.145036 0.157191 0.169859 0.182999 0.196564 0.210503 0.22476 0.239274 0.253979 0.268807 0.283686 0.298542 0.313299 0.327879 0.342205 0.356199 0.369785 0.382888 0.395435 0.407357 0.418585 0.429059 0.438718 0.447509 0.455383 0.462295 0.468207 0.473087 0.476906 0.479644 0.481286 0.481823 0.481252 0.479575 0.476802 0.472949 0.468037 0.462093 0.45515 0.447248 0.438429 0.428744 0.418247 0.406998 0.395058 0.382496 0.369381 0.355786 0.341787 0.327459 0.312882 0.298131 0.283284 0.268418 0.253605 0.238919 0.224427 0.210194 0.19628 0.182742 0.16963 0.156991 0.144865 0.133286 0.122284 0.111884 0.102105 0.0929608 0.0844617 0.0766137 0.0694193 0.062878 0.0569869 0.0517413 0.0471351 0.0431615 0.0398135 0.0370843 0.0349677 0.0334586 0.0325543 
0.0341584 0.034473 0.0354214 0.037007 0.0392342 0.0421084 0.0456362 0.0498246 0.0546809 0.0602119 0.0664237 0.0733206 0.0809052 0.089177 0.0981328 0.107765 0.118063 0.129009 0.140584 0.152759 0.165504 0.178779 0.192543 0.206745 0.221332 0.236244 0.251416 0.266781 0.282267 0.297799 0.313299 0.328687 0.343884 0.35881 0.373383 0.387525 0.401158 0.414208 0.426601 0.438271 0.449152 0.459183 0.46831 0.476483 0.483656 0.48979 0.494851 0.498812 0.501652 0.503355 0.503912 0.503319 0.50158 0.498705 0.494708 0.489613 0.483446 0.47624 0.468037 0.458881 0.448822 0.437917 0.426224 0.413811 0.400745 0.387098 0.372946 0.358366 0.343438 0.328242 0.312858 0.297367 0.281848 0.266377 0.251031 0.23588 0.220993 0.206432 0.192258 0.178524 0.165278 0.152563 0.140417 0.128872 0.117953 0.107681 0.0980723 0.089138 0.080885 0.0733166 0.066433 0.0602317 0.0547083 0.0498569 0.0456709 0.0421433 0.0392672 0.0370365 0.0354461 0.0344932 
0.0360839 0.0364153 0.0374128 0.0390802 0.0414217 0.0444429 0.0481504 0.0525511 0.0576522 0.0634605 0.0699816 0.0772197 0.0851767 0.0938516 0.10324 0.113334 0.124121 0.135582 0.147695 0.160432 0.173758 0.187633 0.202011 0.21684 0.232063 0.247618 0.263437 0.27945 0.29558 0.31175 0.327879 0.343884 0.359684 0.375193 0.39033 0.405013 0.419161 0.432698 0.44555 0.457647 0.468922 0.479314 0.488766 0.497227 0.504652 0.510999 0.516236 0.520335 0.523273 0.525034 0.52561 0.524997 0.523198 0.520224 0.516089 0.510816 0.504434 0.496976 0.488482 0.479 0.468579 0.457277 0.445157 0.432283 0.418728 0.404564 0.38987 0.374725 0.359212 0.343412 0.32741 0.311289 0.295131 0.279016 0.263022 0.247225 0.231694 0.216498 0.201698 0.18735 0.173506 0.160211 0.147506 0.135423 0.12399 0.113231 0.103163 0.0937975 0.0851431 0.0772039 0.0699807 0.0634714 0.0576721 0.0525772 0.04818 0.0444738 0.0414517 0.0391076 0.0374364 0.036435 
0.0380011 0.038349 0.0393952 0.0411435 0.0435982 0.0467648 0.0506498 0.0552603 0.0606033 0.0666854 0.0735119 0.0810866 0.0894109 0.098483 0.108298 0.118846 0.130113 0.142081 0.154724 0.168012 0.181908 0.19637 0.21135 0.226792 0.242638 0.258821 0.275271 0.291915 0.308673 0.325464 0.342205 0.35881 0.375193 0.391269 0.406952 0.422157 0.436804 0.450812 0.464106 0.476614 0.488268 0.499007 0.508771 0.51751 0.525176 0.531729 0.537135 0.541365 0.544396 0.546214 0.546808 0.546176 0.54432 0.541251 0.536984 0.531541 0.524952 0.517251 0.508479 0.498682 0.487913 0.47623 0.463697 0.450379 0.436351 0.421688 0.40647 0.390778 0.374696 0.358311 0.341709 0.324975 0.308195 0.291452 0.274827 0.258399 0.24224 0.226422 0.211009 0.19606 0.18163 0.167766 0.154511 0.1419 0.129963 0.118725 0.108204 0.0984137 0.0893637 0.0810588 0.0735004 0.0666872 0.0606155 0.0552799 0.0506742 0.0467915 0.043625 0.0411688 0.0394175 0.0383684 
0.0398982 0.0402624 0.0413565 0.0431843 0.0457502 0.0490597 0.0531193 0.0579358 0.0635164 0.0698672 0.0769934 0.0848982 0.0935825 0.103044 0.113276 0.124269 0.136007 0.148469 0.161629 0.175455 0.189907 0.204942 0.220507 0.236547 0.252997 0.269791 0.286853 0.304108 0.321474 0.338866 0.356199 0.373383 0.39033 0.406952 0.42316 0.438869 0.453993 0.468454 0.482171 0.495074 0.507092 0.518162 0.528225 0.537229 0.545126 0.551875 0.557441 0.561796 0.564917 0.566789 0.5674 0.566749 0.564839 0.56168 0.557286 0.551682 0.544896 0.536963 0.527924 0.517828 0.506726 0.494678 0.481748 0.468006 0.453524 0.438381 0.422657 0.406438 0.38981 0.37286 0.355678 0.338351 0.320969 0.303618 0.286381 0.26934 0.252572 0.236149 0.220139 0.204606 0.189604 0.175185 0.161393 0.148266 0.135836 0.124129 0.113165 0.102959 0.0935216 0.0848582 0.0769712 0.0698597 0.0635206 0.0579488 0.0531381 0.049082 0.0457738 0.0432073 0.0413774 0.0402813 
0.0417629 0.042143 0.0432839 0.0451895 0.047864 0.0513131 0.055543 0.0605608 0.0663731 0.0729861 0.0804045 0.0886311 0.0976661 0.107506 0.118145 0.12957 0.141765 0.154708 0.16837 0.182717 0.197709 0.213298 0.229431 0.246047 0.263082 0.280465 0.298118 0.315963 0.333914 0.351884 0.369785 0.387525 0.405013 0.422157 0.438869 0.455058 0.47064 0.485532 0.499654 0.512932 0.525296 0.536681 0.547028 0.556284 0.5644 0.571335 0.577053 0.581527 0.584733 0.586655 0.587283 0.586615 0.584653 0.581408 0.576895 0.571138 0.564165 0.556012 0.546721 0.536339 0.52492 0.512525 0.499218 0.485069 0.470155 0.454553 0.438347 0.421623 0.404471 0.386979 0.369239 0.351344 0.333383 0.315445 0.297619 0.279987 0.262629 0.245622 0.229036 0.212936 0.197381 0.182424 0.168112 0.154484 0.141575 0.129412 0.118017 0.107407 0.0975915 0.0885788 0.0803715 0.0729692 0.0663693 0.060567 0.0555564 0.0513309 0.0478842 0.04521 0.0433034 0.0421614 
0.0435828 0.0439784 0.0451648 0.0471458 0.0499257 0.0535101 0.0579053 0.0631181 0.0691551 0.076022 0.0837234 0.0922615 0.101636 0.111843 0.122874 0.134717 0.147353 0.16076 0.174906 0.189756 0.205267 0.221389 0.238067 0.255238 0.272835 0.290782 0.309002 0.32741 0.345921 0.364445 0.382888 0.401158 0.419161 0.436804 0.453993 0.47064 0.486656 0.501957 0.516462 0.530096 0.542787 0.55447 0.565085 0.574578 0.582901 0.590011 0.595873 0.600459 0.603744 0.605714 0.606358 0.605674 0.603664 0.600338 0.595713 0.589811 0.582662 0.574302 0.564772 0.55412 0.542403 0.529679 0.516015 0.501482 0.486156 0.470119 0.453454 0.436251 0.418599 0.40059 0.38232 0.36388 0.345366 0.326868 0.308476 0.290278 0.272356 0.254788 0.237647 0.221003 0.204915 0.18944 0.174626 0.160515 0.147144 0.134541 0.12273 0.111728 0.101548 0.092197 0.0836796 0.0759958 0.0691432 0.0631175 0.057913 0.0535235 0.0499424 0.0471639 0.0451827 0.0439963 
0.0453454 0.0457559 0.0469861 0.0490397 0.0519212 0.0556359 0.0601902 0.0655907 0.0718437 0.078955 0.0869284 0.0957658 0.105466 0.116025 0.127433 0.139676 0.152736 0.166587 0.181196 0.196527 0.212535 0.229167 0.246365 0.264066 0.282197 0.300682 0.319441 0.338387 0.357429 0.376477 0.395435 0.414208 0.432698 0.450812 0.468454 0.485532 0.501957 0.517643 0.532508 0.546477 0.559475 0.571438 0.582305 0.592021 0.600536 0.607811 0.613807 0.618497 0.621858 0.623873 0.624532 0.623832 0.621777 0.618376 0.613645 0.607609 0.600295 0.59174 0.581986 0.571083 0.559084 0.546051 0.532052 0.517157 0.501444 0.484996 0.467899 0.450242 0.432117 0.41362 0.394846 0.375891 0.356851 0.33782 0.318891 0.300154 0.281693 0.26359 0.245921 0.228756 0.21216 0.196189 0.180895 0.166322 0.152507 0.139483 0.127272 0.115895 0.105365 0.0956894 0.086874 0.0789195 0.0718239 0.0655833 0.0601923 0.0556448 0.0519344 0.0490554 0.0470025 0.0457733 
0.0470382 0.047463 0.048735 0.0508581 0.0538365 0.0576757 0.0623819 0.0679616 0.0744209 0.0817651 0.089998 0.0991208 0.109132 0.120026 0.131792 0.144417 0.157879 0.172152 0.187202 0.20299 0.219468 0.236584 0.254275 0.272476 0.291114 0.310108 0.329376 0.348828 0.368372 0.387914 0.407357 0.426601 0.44555 0.464106 0.482171 0.499654 0.516462 0.532508 0.547711 0.561991 0.575277 0.587501 0.598601 0.608524 0.61722 0.624647 0.630768 0.635556 0.638985 0.641042 0.641715 0.641001 0.638904 0.635433 0.630605 0.624443 0.616976 0.60824 0.598279 0.58714 0.57488 0.561559 0.547246 0.532013 0.515938 0.499106 0.481603 0.46352 0.444952 0.425996 0.406748 0.387307 0.367772 0.348239 0.328803 0.309556 0.290587 0.271978 0.253808 0.23615 0.219071 0.20263 0.18688 0.171868 0.157633 0.144207 0.131616 0.119882 0.109017 0.0990327 0.0899333 0.0817206 0.0743932 0.0679476 0.0623785 0.0576802 0.0538464 0.0508713 0.04875 0.0474798 
0.0486491 0.0490874 0.050399 0.0525878 0.055658 0.059615 0.064465 0.0702141 0.0768685 0.0844331 0.0929112 0.102304 0.112608 0.123818 0.135924 0.148908 0.162749 0.17742 0.192885 0.209102 0.226024 0.243593 0.261748 0.28042 0.299532 0.319003 0.338747 0.358673 0.378687 0.398691 0.418585 0.438271 0.457647 0.476614 0.495074 0.512932 0.530096 0.546477 0.561991 0.576561 0.590112 0.602577 0.613894 0.624008 0.63287 0.640437 0.646674 0.651551 0.655045 0.657139 0.657825 0.657098 0.654962 0.651427 0.64651 0.640232 0.632624 0.623722 0.613568 0.602212 0.58971 0.576123 0.561519 0.545972 0.529562 0.512373 0.494493 0.476014 0.457034 0.437648 0.417959 0.398065 0.378067 0.358064 0.338153 0.31843 0.298983 0.279899 0.261259 0.243139 0.225606 0.208722 0.192543 0.177118 0.162485 0.148681 0.135732 0.123661 0.112481 0.102204 0.0928366 0.0843798 0.0768333 0.0701937 0.0644562 0.0596152 0.0556645 0.0525986 0.0504125 0.0491036 
0.0501659 0.0506169 0.0519656 0.0542161 0.0573723 0.0614397 0.0664243 0.0723322 0.0791692 0.0869401 0.0956477 0.105292 0.115871 0.127377 0.139799 0.153119 0.167315 0.182356 0.198208 0.214826 0.23216 0.250153 0.268739 0.287847 0.3074 0.327315 0.347501 0.367867 0.388315 0.408746 0.429059 0.449152 0.468922 0.488268 0.507092 0.525296 0.542787 0.559475 0.575277 0.590112 0.603906 0.616592 0.628107 0.638396 0.64741 0.655106 0.661448 0.666407 0.669959 0.672089 0.672786 0.672048 0.669877 0.666283 0.661284 0.6549 0.647163 0.638109 0.627779 0.616225 0.6035 0.589669 0.574799 0.558964 0.542245 0.524727 0.5065 0.487656 0.468295 0.448514 0.428416 0.408103 0.387676 0.367238 0.346888 0.326721 0.306831 0.287306 0.26823 0.249678 0.231722 0.214427 0.197848 0.182037 0.167034 0.152877 0.139594 0.127206 0.115732 0.105182 0.0955636 0.0868785 0.0791268 0.0723056 0.0664104 0.0614357 0.0573757 0.0542246 0.0519777 0.0506326 
