3.2956e-11 3.4567e-11 5.18971e-11 9.19806e-11 1.7021e-10 3.15186e-10 5.77106e-10 1.04155e-09 1.85135e-09 3.2404e-09 5.58471e-09 9.47782e-09 1.58396e-08 2.60697e-08 4.22587e-08 6.74714e-08 1.06117e-07 1.64419e-07 2.50997e-07 3.7755e-07 5.59653e-07 8.17611e-07 1.17735e-06 1.67125e-06 2.33881e-06 3.22711e-06 4.39074e-06 5.89124e-06 7.79579e-06 1.0175e-05 1.31e-05 1.6638e-05 2.08481e-05 2.57754e-05 3.14458e-05 3.78603e-05 4.49905e-05 5.27751e-05 6.11185e-05 6.98907e-05 7.89305e-05 8.80498e-05 9.70409e-05 0.000105684 0.000113758 0.000121047 0.000127353 0.000132499 0.00013634 0.00013877 0.000139717 0.000139156 0.000137104 0.000133619 0.000128801 0.000122787 0.000115746 0.000107872 9.93768e-05 9.04808e-05 8.14039e-05 7.23564e-05 6.35302e-05 5.50922e-05 4.71787e-05 3.98927e-05 3.33033e-05 2.74462e-05 2.23275e-05 1.79279e-05 1.42075e-05 1.11116e-05 8.57588e-06 6.53122e-06 4.90791e-06 3.63879e-06 2.66163e-06 1.92059e-06 1.36707e-06 9.59798e-07 6.64614e-07 4.53863e-07 3.05642e-07 2.02955e-07 1.32878e-07 8.57717e-08 5.45808e-08 3.42386e-08 2.11714e-08 1.29038e-08 7.75182e-09 4.58983e-09 2.67848e-09 1.54056e-09 8.73373e-10 4.88166e-10 2.69301e-10 1.47216e-10 8.09571e-11 4.72404e-11 
3.4567e-11 3.63096e-11 5.4797e-11 9.76419e-11 1.81533e-10 3.37568e-10 6.2051e-10 1.12404e-09 2.00502e-09 3.52114e-09 6.08785e-09 1.03628e-08 1.73677e-08 2.86608e-08 4.65748e-08 7.45358e-08 1.17481e-07 1.82393e-07 2.78949e-07 4.20309e-07 6.24003e-07 9.12912e-07 1.31626e-06 1.87059e-06 2.62049e-06 3.61911e-06 4.92811e-06 6.61701e-06 8.76169e-06 1.14419e-05 1.4738e-05 1.87258e-05 2.3472e-05 2.90275e-05 3.54211e-05 4.26538e-05 5.06933e-05 5.947e-05 6.88755e-05 7.87629e-05 8.895e-05 9.92245e-05 0.000109352 0.000119085 0.000128175 0.000136378 0.000143472 0.000149259 0.000153578 0.000156305 0.000157365 0.000156727 0.000154411 0.000150482 0.000145054 0.000138279 0.000130347 0.000121476 0.000111906 0.000101883 9.16563e-05 8.14622e-05 7.15171e-05 6.20093e-05 5.30928e-05 4.48839e-05 3.74603e-05 3.08627e-05 2.5098e-05 2.01442e-05 1.59564e-05 1.24727e-05 9.62048e-06 7.32173e-06 5.4977e-06 4.07256e-06 2.97605e-06 2.1452e-06 1.52515e-06 1.06941e-06 7.39467e-07 5.04205e-07 3.38976e-07 2.24684e-07 1.46818e-07 9.45713e-08 6.00458e-08 3.75768e-08 2.31765e-08 1.40879e-08 8.43911e-09 4.9818e-09 2.89806e-09 1.66136e-09 9.38597e-10 5.22723e-10 2.87266e-10 1.56398e-10 8.56222e-11 4.97238e-11 
5.18971e-11 5.4797e-11 8.30186e-11 1.4818e-10 2.75661e-10 5.12688e-10 9.42347e-10 1.70662e-09 3.043e-09 5.34103e-09 9.22788e-09 1.56945e-08 2.62775e-08 4.33153e-08 7.02999e-08 1.12347e-07 1.7681e-07 2.74054e-07 4.18405e-07 6.29274e-07 9.32436e-07 1.3614e-06 1.95884e-06 2.77785e-06 3.883e-06 5.35093e-06 7.27016e-06 9.74003e-06 1.28684e-05 1.67682e-05 2.15519e-05 2.73256e-05 3.41809e-05 4.21865e-05 5.13794e-05 6.17562e-05 7.32665e-05 8.58073e-05 9.9221e-05 0.000113296 0.000127774 0.000142351 0.000156698 0.000170467 0.000183307 0.000194881 0.000204876 0.000213019 0.000219085 0.000222906 0.000224375 0.000223452 0.000220164 0.000214603 0.000206925 0.000197345 0.000186127 0.000173575 0.000160024 0.00014582 0.000131312 0.000116834 0.000102692 8.91535e-05 7.6438e-05 6.47131e-05 5.40923e-05 4.46367e-05 3.63596e-05 2.92332e-05 2.31967e-05 1.8165e-05 1.40368e-05 1.07026e-05 8.0512e-06 5.97517e-06 4.3744e-06 3.15883e-06 2.24975e-06 1.58017e-06 1.09443e-06 7.47401e-07 5.03216e-07 3.34005e-07 2.1853e-07 1.40927e-07 8.95707e-08 5.61047e-08 3.46312e-08 2.10643e-08 1.26246e-08 7.4554e-09 4.33804e-09 2.48708e-09 1.40503e-09 7.82344e-10 4.29809e-10 2.33912e-10 1.28025e-10 7.43919e-11 
9.19806e-11 9.76419e-11 1.4818e-10 2.64236e-10 4.90655e-10 9.10616e-10 1.67002e-09 3.01741e-09 5.36719e-09 9.3968e-09 1.6193e-08 2.74666e-08 4.58603e-08 7.53795e-08 1.2198e-07 1.94351e-07 3.04923e-07 4.71136e-07 7.16982e-07 1.07481e-06 1.58734e-06 2.30986e-06 3.31233e-06 4.68138e-06 6.52178e-06 8.95708e-06 1.21292e-05 1.61963e-05 2.13291e-05 2.77047e-05 3.54982e-05 4.48729e-05 5.59672e-05 6.88823e-05 8.36676e-05 0.000100309 0.000118716 0.000138719 0.00016006 0.000182402 0.00020533 0.00022837 0.000251002 0.000272682 0.000292866 0.000311031 0.000326694 0.000339435 0.000348908 0.000354855 0.000357116 0.000355628 0.000350434 0.000341677 0.000329599 0.000314528 0.000296875 0.000277109 0.000255749 0.000233335 0.000210409 0.000187496 0.000165076 0.000143572 0.000123334 0.000104633 8.76526e-05 7.24981e-05 5.9198e-05 4.77158e-05 3.79621e-05 2.9808e-05 2.30977e-05 1.76612e-05 1.33243e-05 9.9174e-06 7.28184e-06 5.27386e-06 3.76717e-06 2.65372e-06 1.84333e-06 1.26244e-06 8.5239e-07 5.67333e-07 3.72195e-07 2.40657e-07 1.5335e-07 9.62931e-08 5.95808e-08 3.63238e-08 2.18189e-08 1.29126e-08 7.52888e-09 4.32494e-09 2.4479e-09 1.36549e-09 7.51504e-10 4.09728e-10 2.24747e-10 1.31041e-10 
1.7021e-10 1.81533e-10 2.75661e-10 4.90655e-10 9.08766e-10 1.682e-09 3.07607e-09 5.54203e-09 9.82908e-09 1.71574e-08 2.94765e-08 4.98429e-08 8.29577e-08 1.35915e-07 2.19217e-07 3.4811e-07 5.44302e-07 8.38102e-07 1.27099e-06 1.89858e-06 2.79398e-06 4.05119e-06 5.78858e-06 8.15181e-06 1.1316e-05 1.54864e-05 2.08972e-05 2.78079e-05 3.6496e-05 4.72475e-05 6.03424e-05 7.60382e-05 9.45499e-05 0.000116029 0.00014054 0.000168044 0.00019838 0.000231256 0.000266241 0.000302777 0.000340187 0.000377699 0.000414474 0.000449639 0.000482323 0.000511689 0.000536974 0.00055751 0.000572751 0.000582292 0.000585879 0.000583416 0.000574973 0.000560777 0.000541211 0.000516798 0.000488187 0.000456129 0.000421449 0.000385013 0.000347692 0.000310329 0.000273705 0.000238507 0.00020531 0.000174562 0.000146576 0.000121533 9.94931e-05 8.04111e-05 6.41529e-05 5.05183e-05 3.92618e-05 3.01116e-05 2.27874e-05 1.7014e-05 1.2532e-05 9.10511e-06 6.52459e-06 4.61076e-06 3.21288e-06 2.20733e-06 1.49501e-06 9.98106e-07 6.56785e-07 4.25933e-07 2.72204e-07 1.71415e-07 1.06359e-07 6.50201e-08 3.91605e-08 2.32361e-08 1.35826e-08 7.82182e-09 4.43784e-09 2.48141e-09 1.36887e-09 7.4816e-10 4.11571e-10 2.40951e-10 
3.15186e-10 3.37568e-10 5.12688e-10 9.10616e-10 1.682e-09 3.10426e-09 5.66057e-09 1.01682e-08 1.79794e-08 3.12881e-08 5.35853e-08 9.03213e-08 1.49843e-07 2.4469e-07 3.93341e-07 6.22492e-07 9.69976e-07 1.48834e-06 2.24912e-06 3.34776e-06 4.90895e-06 7.09222e-06 1.00972e-05 1.41682e-05 1.95971e-05 2.67237e-05 3.59334e-05 4.76499e-05 6.23233e-05 8.0413e-05 0.000102365 0.000128583 0.000159397 0.000195031 0.000235566 0.000280912 0.000330782 0.000384676 0.00044188 0.000501474 0.000562355 0.000623271 0.000682874 0.000739763 0.000792548 0.000839904 0.000880618 0.000913636 0.0009381 0.000953371 0.000959054 0.000955002 0.000941323 0.000918379 0.000886774 0.000847337 0.000801096 0.000749242 0.000693086 0.000634011 0.00057341 0.000512639 0.000452957 0.000395482 0.000341155 0.000290715 0.000244689 0.000203392 0.000166946 0.000135297 0.000108249 8.54926e-05 6.66431e-05 5.1269e-05 3.89202e-05 2.91517e-05 2.15411e-05 1.57011e-05 1.12876e-05 8.00243e-06 5.5942e-06 3.85565e-06 2.61968e-06 1.75444e-06 1.15804e-06 7.53292e-07 4.82852e-07 3.0496e-07 1.89767e-07 1.16338e-07 7.02624e-08 4.18036e-08 2.45011e-08 1.41462e-08 8.04655e-09 4.5105e-09 2.49447e-09 1.36692e-09 7.54254e-10 4.43424e-10 
5.77106e-10 6.2051e-10 9.42347e-10 1.67002e-09 3.07607e-09 5.66057e-09 1.02914e-08 1.8431e-08 3.24902e-08 5.63643e-08 9.62267e-08 1.61675e-07 2.67342e-07 4.35114e-07 6.97088e-07 1.09942e-06 1.70719e-06 2.61032e-06 3.93061e-06 5.82964e-06 8.51738e-06 1.22608e-05 1.73923e-05 2.43157e-05 3.35108e-05 4.55324e-05 6.10053e-05 8.06115e-05 0.00010507 0.000135107 0.000171419 0.000214631 0.00026524 0.000323565 0.000389695 0.000463444 0.000544308 0.000631451 0.000723702 0.000819566 0.000917271 0.00101482 0.00111008 0.00120083 0.0012849 0.0013602 0.00142484 0.00147719 0.00151591 0.00154002 0.00154891 0.00154234 0.0015205 0.00148395 0.00143363 0.00137082 0.00129714 0.00121444 0.00112478 0.00103032 0.000933281 0.000835794 0.000739868 0.000647292 0.000559586 0.000477954 0.000403269 0.000336074 0.000276597 0.000224791 0.000180374 0.000142882 0.000111722 8.62184e-05 6.56605e-05 4.93394e-05 3.65772e-05 2.67483e-05 1.92925e-05 1.37224e-05 9.62412e-06 6.65464e-06 4.53593e-06 3.04742e-06 2.01779e-06 1.31659e-06 8.46481e-07 5.36215e-07 3.34646e-07 2.05746e-07 1.24611e-07 7.43435e-08 4.36906e-08 2.52926e-08 1.44243e-08 8.1063e-09 4.49459e-09 2.46955e-09 1.36692e-09 8.07004e-10 
1.04155e-09 1.12404e-09 1.70662e-09 3.01741e-09 5.54203e-09 1.01682e-08 1.8431e-08 3.29077e-08 5.783e-08 1.00008e-07 1.7019e-07 2.85013e-07 4.69733e-07 7.61948e-07 1.21654e-06 1.91203e-06 2.9586e-06 4.50766e-06 6.76321e-06 9.99436e-06 1.45488e-05 2.0866e-05 2.94896e-05 4.10763e-05 5.64006e-05 7.63526e-05 0.000101927 0.000134201 0.000174299 0.00022335 0.000282421 0.000352451 0.000434171 0.00052802 0.00063407 0.000751955 0.000880818 0.00101928 0.00116546 0.00131698 0.00147103 0.0016245 0.00177405 0.00191625 0.00204775 0.00216536 0.00226616 0.00234768 0.00240789 0.00244528 0.00245893 0.0024485 0.00241427 0.0023571 0.00227841 0.00218019 0.00206487 0.00193533 0.0017947 0.00164636 0.00149369 0.00134004 0.00118854 0.001042 0.000902839 0.000772981 0.000653849 0.000546353 0.000450915 0.000367521 0.000295785 0.000235027 0.000184352 0.000142727 0.000109051 8.22152e-05 6.11525e-05 4.48694e-05 3.24709e-05 2.31731e-05 1.63063e-05 1.13122e-05 7.73578e-06 5.21397e-06 3.46331e-06 2.26686e-06 1.46193e-06 9.28884e-07 5.8143e-07 3.58516e-07 2.17758e-07 1.3028e-07 7.67747e-08 4.45651e-08 2.54827e-08 1.43585e-08 7.98203e-09 4.39772e-09 2.4419e-09 1.44779e-09 
1.85135e-09 2.00502e-09 3.043e-09 5.36719e-09 9.82908e-09 1.79794e-08 3.24902e-08 5.783e-08 1.01307e-07 1.74635e-07 2.96223e-07 4.94439e-07 8.12156e-07 1.3129e-06 2.08894e-06 3.27166e-06 5.04439e-06 7.6578e-06 1.14477e-05 1.68545e-05 2.44438e-05 3.49264e-05 4.91754e-05 6.8239e-05 9.33445e-05 0.000125892 0.000167436 0.000219641 0.000284237 0.000362932 0.000457326 0.000568798 0.000698387 0.000846671 0.00101365 0.00119864 0.00140021 0.00161615 0.00184347 0.00207845 0.00231678 0.00255366 0.00278399 0.00300259 0.00320436 0.00338452 0.00353872 0.00366323 0.00375503 0.00381191 0.00383249 0.00381628 0.00376368 0.00367598 0.00355533 0.00340466 0.00322766 0.00302861 0.00281226 0.00258368 0.00234803 0.0021104 0.00187558 0.00164793 0.00143119 0.00122839 0.0010418 0.000872931 0.000722525 0.000590663 0.000476844 0.0003801 0.000299116 0.000232345 0.00017812 0.000134744 0.000100567 7.40414e-05 5.37655e-05 3.8501e-05 2.7184e-05 1.89219e-05 1.29826e-05 8.77915e-06 5.85031e-06 3.84145e-06 2.48518e-06 1.5839e-06 9.94436e-07 6.15001e-07 3.74632e-07 2.24776e-07 1.32833e-07 7.73173e-08 4.43302e-08 2.50451e-08 1.396e-08 7.71274e-09 4.29645e-09 2.55831e-09 
3.2404e-09 3.52114e-09 5.34103e-09 9.3968e-09 1.71574e-08 3.12881e-08 5.63643e-08 1.00008e-07 1.74635e-07 3.00062e-07 5.07297e-07 8.43915e-07 1.38148e-06 2.22551e-06 3.52854e-06 5.50664e-06 8.45967e-06 1.27954e-05 1.9057e-05 2.79526e-05 4.03859e-05 5.74853e-05 8.0628e-05 0.000111455 0.000151875 0.000204049 0.000270352 0.000353312 0.000455523 0.000579521 0.000727643 0.00090186 0.0011036 0.00133358 0.0015916 0.00187647 0.00218585 0.00251623 0.002863 0.00322046 0.00358206 0.0039406 0.00428845 0.00461791 0.00492146 0.00519203 0.00542326 0.0056097 0.00574694 0.00583176 0.00586218 0.0058375 0.00575829 0.00562646 0.00544513 0.0052186 0.00495227 0.00465242 0.00432606 0.00398068 0.00362397 0.00326351 0.00290651 0.00255954 0.00222832 0.00191752 0.00163071 0.0013703 0.00113759 0.000932864 0.000755514 0.000604211 0.000477074 0.000371844 0.000286048 0.000217144 0.000162634 0.000120158 8.75593e-05 6.29193e-05 4.45787e-05 3.11363e-05 2.14357e-05 1.45438e-05 9.72381e-06 6.40562e-06 4.15728e-06 2.65792e-06 1.67389e-06 1.03834e-06 6.34388e-07 3.81737e-07 2.26235e-07 1.32053e-07 7.59218e-08 4.30101e-08 2.40389e-08 1.33191e-08 7.44395e-09 4.45174e-09 
5.58471e-09 6.08785e-09 9.22788e-09 1.6193e-08 2.94765e-08 5.35853e-08 9.62267e-08 1.7019e-07 2.96223e-07 5.07297e-07 8.54783e-07 1.41713e-06 2.3118e-06 3.71114e-06 5.86302e-06 9.11667e-06 1.39542e-05 2.10275e-05 3.11995e-05 4.55885e-05 6.5613e-05 9.30315e-05 0.000129976 0.000178968 0.000242917 0.000325091 0.000429051 0.000558552 0.000717399 0.000909269 0.00113749 0.0014048 0.0017131 0.00206315 0.00245442 0.00288484 0.00335066 0.00384649 0.00436529 0.00489855 0.00543652 0.00596858 0.00648361 0.00697038 0.00741799 0.00781628 0.00815613 0.00842972 0.00863081 0.0087548 0.00879889 0.00876209 0.00864525 0.00845107 0.00818401 0.00785024 0.00745746 0.00701472 0.00653213 0.00602052 0.00549108 0.0049549 0.0044226 0.0039039 0.00340734 0.00294 0.00250736 0.00211323 0.00175979 0.00144773 0.00117638 0.000943981 0.000747929 0.000585004 0.000451626 0.000344065 0.00025862 0.000191763 0.000140239 0.000101134 7.19075e-05 5.04003e-05 3.4818e-05 2.37043e-05 1.59017e-05 1.05101e-05 6.84329e-06 4.38919e-06 2.77289e-06 1.72536e-06 1.05733e-06 6.38127e-07 3.79286e-07 2.22021e-07 1.28007e-07 7.27183e-08 4.07565e-08 2.26474e-08 1.26999e-08 7.62829e-09 
9.47782e-09 1.03628e-08 1.56945e-08 2.74666e-08 4.98429e-08 9.03213e-08 1.61675e-07 2.85013e-07 4.94439e-07 8.43915e-07 1.41713e-06 2.34132e-06 3.80602e-06 6.08802e-06 9.58325e-06 1.48466e-05 2.26398e-05 3.39868e-05 5.02346e-05 7.31184e-05 0.000104823 0.000148041 0.000206009 0.00028253 0.000381953 0.000509122 0.000669265 0.000867837 0.0011103 0.00140186 0.00174712 0.00214978 0.00261221 0.00313515 0.00371736 0.0043554 0.00504345 0.00577331 0.00653452 0.00731456 0.00809928 0.00887335 0.00962082 0.0103257 0.0109726 0.0115472 0.0120367 0.0124302 0.0127189 0.0128965 0.0129592 0.0129055 0.0127366 0.0124564 0.0120711 0.0115892 0.0110215 0.0103808 0.00968138 0.0089385 0.00816811 0.0073861 0.00660775 0.0058472 0.00511696 0.00442751 0.00378712 0.00320169 0.00267478 0.00220777 0.00180009 0.00144954 0.00115258 0.00090477 0.000701038 0.000536039 0.000404404 0.000300964 0.000220906 0.000159889 0.000114094 8.0255e-05 5.56384e-05 3.80108e-05 2.55866e-05 1.69682e-05 1.1085e-05 7.13293e-06 4.52068e-06 2.82173e-06 1.73453e-06 1.05001e-06 6.25951e-07 3.67481e-07 2.12481e-07 1.21048e-07 6.80369e-08 3.79187e-08 2.13362e-08 1.28724e-08 
1.58396e-08 1.73677e-08 2.62775e-08 4.58603e-08 8.29577e-08 1.49843e-07 2.67342e-07 4.69733e-07 8.12156e-07 1.38148e-06 2.3118e-06 3.80602e-06 6.16496e-06 9.82557e-06 1.54097e-05 2.37839e-05 3.6131e-05 5.40312e-05 7.9551e-05 0.000115334 0.000164686 0.000231651 0.000321056 0.000438522 0.000590427 0.000783803 0.00102617 0.00132528 0.00168878 0.00212386 0.00263674 0.00323219 0.00391306 0.00467975 0.00552985 0.0064578 0.00745472 0.00850846 0.00960374 0.0107226 0.0118448 0.0129487 0.014012 0.0150125 0.0159288 0.0167411 0.0174319 0.0179863 0.0183925 0.0186419 0.0187291 0.0186525 0.0184135 0.0180174 0.0174726 0.0167909 0.0159871 0.0150785 0.014085 0.0130276 0.0119287 0.0108104 0.00969436 0.00860066 0.00754724 0.00654937 0.00561924 0.0047658 0.00399472 0.00330858 0.00270715 0.00218782 0.001746 0.0013757 0.00106992 0.000821183 0.000621864 0.000464544 0.000342253 0.00024864 0.00017808 0.000125721 8.74723e-05 5.99712e-05 4.051e-05 2.69574e-05 1.76702e-05 1.14082e-05 7.2538e-06 4.5422e-06 2.80089e-06 1.70077e-06 1.01697e-06 5.98815e-07 3.47254e-07 1.98399e-07 1.11836e-07 6.25181e-08 3.53e-08 2.13922e-08 
2.60697e-08 2.86608e-08 4.33153e-08 7.53795e-08 1.35915e-07 2.4469e-07 4.35114e-07 7.61948e-07 1.3129e-06 2.22551e-06 3.71114e-06 6.08802e-06 9.82557e-06 1.56021e-05 2.43777e-05 3.74829e-05 5.67226e-05 8.44936e-05 0.00012391 0.000178927 0.000254459 0.000356467 0.000492013 0.00066925 0.000897344 0.0011863 0.0015467 0.00198931 0.00252461 0.00316225 0.00391035 0.00477487 0.00575893 0.00686214 0.00808016 0.00940427 0.0108212 0.0123133 0.0138588 0.0154323 0.0170056 0.0185489 0.0200315 0.0214231 0.0226948 0.0238201 0.0247754 0.0255409 0.0261008 0.0264438 0.0265629 0.0264558 0.0261246 0.0255762 0.0248217 0.023877 0.0227616 0.0214991 0.0201159 0.0186408 0.0171041 0.0155363 0.0139671 0.0124246 0.010934 0.00951701 0.00819136 0.0069703 0.00586263 0.00487288 0.00400161 0.00324596 0.00260023 0.00205658 0.00160562 0.0012371 0.000940445 0.000705237 0.000521574 0.000380354 0.000273442 0.000193762 0.000135308 9.31029e-05 6.31143e-05 4.21465e-05 2.77216e-05 1.79581e-05 1.14565e-05 7.19723e-06 4.45231e-06 2.71205e-06 1.62667e-06 9.60727e-07 5.5879e-07 3.202e-07 1.81028e-07 1.0151e-07 5.75187e-08 3.50137e-08 
4.22587e-08 4.65748e-08 7.02999e-08 1.2198e-07 2.19217e-07 3.93341e-07 6.97088e-07 1.21654e-06 2.08894e-06 3.52854e-06 5.86302e-06 9.58325e-06 1.54097e-05 2.43777e-05 3.79448e-05 5.81188e-05 8.76074e-05 0.000129983 0.000189854 0.000273038 0.000386704 0.000539482 0.000741507 0.00100438 0.001341 0.00176533 0.00229192 0.0029354 0.00370977 0.00462761 0.00569919 0.00693158 0.00832777 0.00988585 0.0115984 0.0134522 0.0154279 0.0175003 0.0196388 0.0218085 0.023971 0.0260858 0.0281119 0.0300089 0.0317385 0.0332658 0.0345601 0.0355955 0.0363518 0.0368141 0.0369735 0.0368269 0.0363774 0.0356336 0.0346102 0.0333275 0.0318113 0.0300922 0.0282051 0.0261883 0.0240818 0.0219267 0.0197632 0.0176296 0.0155606 0.0135865 0.0117325 0.0100178 0.00845574 0.00705391 0.00581438 0.00473443 0.00380731 0.00302307 0.00236948 0.00183286 0.00139885 0.00105312 0.000781907 0.000572411 0.000413093 0.000293829 0.000205954 0.000142236 9.6771e-05 6.48524e-05 4.28059e-05 2.78252e-05 1.78114e-05 1.12267e-05 6.96768e-06 4.25785e-06 2.56186e-06 1.51774e-06 8.85449e-07 5.08907e-07 2.88582e-07 1.62328e-07 9.23109e-08 5.64476e-08 
6.74714e-08 7.45358e-08 1.12347e-07 1.94351e-07 3.4811e-07 6.22492e-07 1.09942e-06 1.91203e-06 3.27166e-06 5.50664e-06 9.11667e-06 1.48466e-05 2.37839e-05 3.74829e-05 5.81188e-05 8.86709e-05 0.000133131 0.000196732 0.00028618 0.000409872 0.000578082 0.000803072 0.00109912 0.0014824 0.00197074 0.00258317 0.00333929 0.0042585 0.00535901 0.00665675 0.00816421 0.00988926 0.011834 0.013994 0.0163572 0.0189038 0.0216062 0.0244293 0.0273313 0.030265 0.0331789 0.0360197 0.0387333 0.0412673 0.0435724 0.0456035 0.0473216 0.0486938 0.0496944 0.0503048 0.0505139 0.0503178 0.0497203 0.0487324 0.0473725 0.0456665 0.0436472 0.0413536 0.0388308 0.0361279 0.0332974 0.0303931 0.0274681 0.0245736 0.0217563 0.0190579 0.0165132 0.0141498 0.0119872 0.0100376 0.00830567 0.00678954 0.00548169 0.00437004 0.00343906 0.00267095 0.00204671 0.00154706 0.00115322 0.000847575 0.000614064 0.000438464 0.000308504 0.000213858 0.000146037 9.82241e-05 6.50644e-05 4.24423e-05 2.72616e-05 1.72415e-05 1.07362e-05 6.58214e-06 3.97303e-06 2.36117e-06 1.38177e-06 7.96592e-07 4.53103e-07 2.55687e-07 1.45931e-07 8.96422e-08 
1.06117e-07 1.17481e-07 1.7681e-07 3.04923e-07 5.44302e-07 9.69976e-07 1.70719e-06 2.9586e-06 5.04439e-06 8.45967e-06 1.39542e-05 2.26398e-05 3.6131e-05 5.67226e-05 8.76074e-05 0.000133131 0.000199081 0.000292989 0.00042444 0.000605348 0.000850167 0.001176 0.00160259 0.00215205 0.0028485 0.00371734 0.00478441 0.00607477 0.00761147 0.00941404 0.011497 0.0138683 0.016528 0.0194675 0.022668 0.0261009 0.0297276 0.0335001 0.0373623 0.0412517 0.0451012 0.0488417 0.0524039 0.0557212 0.0587312 0.0613778 0.0636121 0.0653936 0.0666905 0.0674802 0.067749 0.0674923 0.0667146 0.0654295 0.0636598 0.0614372 0.0588023 0.0558041 0.0524987 0.0489486 0.0452203 0.0413827 0.0375048 0.0336532 0.0298899 0.0262706 0.0228429 0.019645 0.0167054 0.0140426 0.0116657 0.00957463 0.00776181 0.00621319 0.00490972 0.00382889 0.00294611 0.00223601 0.00167357 0.00123497 0.00089829 0.000643934 0.00045483 0.000316495 0.000216937 0.000146451 9.73624e-05 6.37374e-05 4.10834e-05 2.60725e-05 1.62901e-05 1.00203e-05 6.06802e-06 3.61776e-06 2.12379e-06 1.22818e-06 7.00767e-07 3.9673e-07 2.27266e-07 1.40243e-07 
1.64419e-07 1.82393e-07 2.74054e-07 4.71136e-07 8.38102e-07 1.48834e-06 2.61032e-06 4.50766e-06 7.6578e-06 1.27954e-05 2.10275e-05 3.39868e-05 5.40312e-05 8.44936e-05 0.000129983 0.000196732 0.000292989 0.000429412 0.000619464 0.000879749 0.00123024 0.00169436 0.00229887 0.00307344 0.00405002 0.00526183 0.00674206 0.00852234 0.010631 0.013091 0.0159182 0.0191197 0.0226919 0.0266192 0.030874 0.0354156 0.0401911 0.0451364 0.0501779 0.0552345 0.0602206 0.0650486 0.0696319 0.0738877 0.0777393 0.081118 0.0839646 0.0862304 0.0878773 0.0888782 0.0892169 0.088888 0.0878969 0.0862598 0.0840039 0.0811674 0.0777992 0.0739589 0.0697151 0.0651447 0.0603304 0.0553587 0.0503166 0.0452893 0.0403574 0.0355936 0.0310615 0.0268135 0.0228898 0.0193179 0.0161133 0.0132796 0.0108102 0.00868974 0.00689566 0.0054003 0.00417267 0.00318016 0.00239008 0.00177093 0.00129336 0.000930848 0.000660078 0.000461102 0.000317263 0.000214984 0.000143452 9.42506e-05 6.0968e-05 3.88272e-05 2.43426e-05 1.5024e-05 9.12827e-06 5.45997e-06 3.2155e-06 1.86538e-06 1.0677e-06 6.06459e-07 3.48707e-07 2.1617e-07 
2.50997e-07 2.78949e-07 4.18405e-07 7.16982e-07 1.27099e-06 2.24912e-06 3.93061e-06 6.76321e-06 1.14477e-05 1.9057e-05 3.11995e-05 5.02346e-05 7.9551e-05 0.00012391 0.000189854 0.00028618 0.00042444 0.000619464 0.000889838 0.00125829 0.00175194 0.00240227 0.00324486 0.00431876 0.00566541 0.00732728 0.00934605 0.0117605 0.0146043 0.0179033 0.0216738 0.0259198 0.0306315 0.0357841 0.0413371 0.0472343 0.0534051 0.0597654 0.0662205 0.0726679 0.0790003 0.0851096 0.0908898 0.0962405 0.10107 0.105296 0.108849 0.111672 0.113721 0.114964 0.115382 0.11497 0.113733 0.111691 0.108874 0.105328 0.10111 0.0962903 0.0909505 0.0851832 0.0790887 0.0727726 0.0663428 0.0599059 0.0535637 0.0474099 0.0415277 0.0359871 0.0308434 0.0261368 0.0218917 0.0181181 0.0148119 0.0119575 0.00952959 0.00749512 0.00581606 0.0044515 0.00335967 0.00249974 0.00183315 0.0013247 0.000943133 0.000661432 0.000456869 0.000310766 0.000208143 0.000137258 8.91096e-05 5.69508e-05 3.58298e-05 2.21895e-05 1.35272e-05 8.11781e-06 4.79627e-06 2.79131e-06 1.60281e-06 9.13443e-07 5.272e-07 3.28323e-07 
3.7755e-07 4.20309e-07 6.29274e-07 1.07481e-06 1.89858e-06 3.34776e-06 5.82964e-06 9.99436e-06 1.68545e-05 2.79526e-05 4.55885e-05 7.31184e-05 0.000115334 0.000178927 0.000273038 0.000409872 0.000605348 0.000879749 0.00125829 0.00177156 0.0024557 0.00335226 0.00450769 0.00597231 0.00779878 0.0100402 0.0127475 0.015967 0.0197371 0.0240857 0.029027 0.0345598 0.0406647 0.0473037 0.0544198 0.0619372 0.069763 0.0777897 0.0858981 0.093961 0.101847 0.109427 0.116572 0.123166 0.1291 0.13428 0.138625 0.142071 0.144567 0.146079 0.146586 0.14608 0.144569 0.142074 0.13863 0.134287 0.129111 0.123184 0.116599 0.109465 0.1019 0.0940318 0.0859891 0.0779029 0.0698993 0.0620964 0.0546006 0.0475038 0.0408805 0.0347872 0.0292613 0.0243218 0.0199702 0.0161924 0.0129611 0.0102386 0.00797955 0.0061338 0.00464919 0.00347386 0.00255818 0.00185627 0.00132697 0.000934352 0.000647926 0.000442433 0.00029746 0.000196891 0.000128294 8.22898e-05 5.19547e-05 3.22874e-05 1.97501e-05 1.18918e-05 7.04914e-06 4.11572e-06 2.37097e-06 1.35577e-06 7.85471e-07 4.9141e-07 
5.59653e-07 6.24003e-07 9.32436e-07 1.58734e-06 2.79398e-06 4.90895e-06 8.51738e-06 1.45488e-05 2.44438e-05 4.03859e-05 6.5613e-05 0.000104823 0.000164686 0.000254459 0.000386704 0.000578082 0.000850167 0.00123024 0.00175194 0.0024557 0.00338885 0.00460523 0.0061643 0.00812964 0.0105668 0.0135404 0.0171114 0.0213331 0.0262476 0.0318826 0.0382478 0.0453326 0.0531044 0.0615075 0.0704634 0.0798721 0.0896147 0.0995561 0.10955 0.119441 0.129073 0.138293 0.146953 0.154918 0.162063 0.168284 0.17349 0.177611 0.180592 0.182394 0.182996 0.182389 0.180581 0.177595 0.173469 0.168259 0.162037 0.154893 0.146934 0.138283 0.129077 0.119462 0.109593 0.0996251 0.0897117 0.0799983 0.0706184 0.0616897 0.0533107 0.0455587 0.0384886 0.0321323 0.0265004 0.021583 0.017353 0.013769 0.0107785 0.00832174 0.00633502 0.00475388 0.00351568 0.00256175 0.00183885 0.00130005 0.000905123 0.000620489 0.000418784 0.000278248 0.000181981 0.000117152 7.42306e-05 4.62929e-05 2.84148e-05 1.71668e-05 1.02097e-05 5.98054e-06 3.45652e-06 1.98325e-06 1.15339e-06 7.24891e-07 
8.17611e-07 9.12912e-07 1.3614e-06 2.30986e-06 4.05119e-06 7.09222e-06 1.22608e-05 2.0866e-05 3.49264e-05 5.74853e-05 9.30315e-05 0.000148041 0.000231651 0.000356467 0.000539482 0.000803072 0.001176 0.00169436 0.00240227 0.00335226 0.00460523 0.00622966 0.00830024 0.0108957 0.0140956 0.0179773 0.0226112 0.0280565 0.0343571 0.0415373 0.0495985 0.0585163 0.0682396 0.0786897 0.0897617 0.101327 0.113235 0.125322 0.137409 0.149314 0.160855 0.171854 0.182144 0.191574 0.200008 0.207329 0.213442 0.218271 0.221757 0.223862 0.224562 0.223849 0.221731 0.218231 0.21339 0.207267 0.199937 0.191499 0.182069 0.171783 0.160795 0.149271 0.137388 0.125329 0.113275 0.101401 0.0898726 0.0788363 0.0684197 0.058726 0.0498326 0.0417896 0.0346207 0.0283243 0.0228764 0.0182336 0.0143376 0.011119 0.00850181 0.00640772 0.00475919 0.00348259 0.0025103 0.00178207 0.00124575 0.0008574 0.000580944 0.000387473 0.000254372 0.00016436 0.00010452 6.54137e-05 4.02908e-05 2.44246e-05 1.45748e-05 8.56559e-06 4.96689e-06 2.8596e-06 1.66944e-06 1.05399e-06 
1.17735e-06 1.31626e-06 1.95884e-06 3.31233e-06 5.78858e-06 1.00972e-05 1.73923e-05 2.94896e-05 4.91754e-05 8.0628e-05 0.000129976 0.000206009 0.000321056 0.000492013 0.000741507 0.00109912 0.00160259 0.00229887 0.00324486 0.00450769 0.0061643 0.00830024 0.0110075 0.0143816 0.0185172 0.0235041 0.0294212 0.0363319 0.0442784 0.0532777 0.0633175 0.0743544 0.0863127 0.0990851 0.112535 0.126499 0.140795 0.155222 0.169572 0.183634 0.197199 0.210069 0.22206 0.233007 0.242764 0.251209 0.258242 0.263786 0.267782 0.270191 0.27099 0.27017 0.26774 0.263722 0.258158 0.251106 0.242645 0.232875 0.221921 0.209929 0.197065 0.183513 0.169473 0.155151 0.140759 0.126504 0.112582 0.0991768 0.0864478 0.0745299 0.0635287 0.0535182 0.0445408 0.036608 0.0297028 0.0237832 0.0187866 0.014635 0.0112403 0.00850919 0.00634759 0.00466492 0.00337679 0.00240719 0.00168963 0.00116759 0.000794249 0.000531797 0.000350449 0.000227283 0.000145062 9.1112e-05 5.63159e-05 3.42562e-05 2.05102e-05 1.20938e-05 7.03596e-06 4.06475e-06 2.3821e-06 1.51073e-06 
1.67125e-06 1.87059e-06 2.77785e-06 4.68138e-06 8.15181e-06 1.41682e-05 2.43157e-05 4.10763e-05 6.8239e-05 0.000111455 0.000178968 0.00028253 0.000438522 0.00066925 0.00100438 0.0014824 0.00215205 0.00307344 0.00431876 0.00597231 0.00812964 0.0108957 0.0143816 0.0187007 0.0239633 0.0302706 0.0377082 0.0463402 0.056203 0.0673007 0.0796015 0.0930362 0.107498 0.122845 0.138903 0.155472 0.17233 0.189243 0.20597 0.222273 0.23792 0.252694 0.266399 0.27886 0.289927 0.299475 0.307407 0.313644 0.318133 0.320834 0.321727 0.320805 0.318074 0.313557 0.30729 0.299332 0.289758 0.27867 0.266194 0.25248 0.237705 0.222067 0.205782 0.189081 0.172204 0.155389 0.138869 0.122862 0.107568 0.0931579 0.0797711 0.0675124 0.0564492 0.046612 0.0379961 0.0305648 0.0242548 0.0189813 0.0146445 0.0111358 0.00834364 0.00615852 0.00447705 0.00320497 0.00225892 0.00156734 0.00107043 0.000719519 0.000475974 0.000309851 0.000198488 0.000125117 7.76064e-05 4.73694e-05 2.8457e-05 1.68352e-05 9.82691e-06 5.69661e-06 3.35123e-06 2.13485e-06 
2.33881e-06 2.62049e-06 3.883e-06 6.52178e-06 1.1316e-05 1.95971e-05 3.35108e-05 5.64006e-05 9.33445e-05 0.000151875 0.000242917 0.000381953 0.000590427 0.000897344 0.001341 0.00197074 0.0028485 0.00405002 0.00566541 0.00779878 0.0105668 0.0140956 0.0185172 0.0239633 0.0305589 0.0384149 0.0476207 0.0582363 0.0702867 0.0837566 0.0985876 0.114678 0.131882 0.150017 0.168868 0.188192 0.207727 0.227206 0.246356 0.264913 0.282628 0.299271 0.314637 0.328549 0.340858 0.351443 0.36021 0.367088 0.372029 0.374999 0.375979 0.374963 0.371957 0.36698 0.360065 0.351262 0.340644 0.328305 0.314368 0.298984 0.282332 0.264617 0.246071 0.226944 0.207499 0.188007 0.168735 0.149942 0.131867 0.114725 0.0986957 0.0839205 0.0704993 0.0584885 0.047902 0.0387142 0.0308651 0.024266 0.0188074 0.0143659 0.0108118 0.00801531 0.00585206 0.00420709 0.00297761 0.00207446 0.00142246 0.000959912 0.000637446 0.000416533 0.000267812 0.000169424 0.000105459 6.45919e-05 3.89342e-05 2.31098e-05 1.35341e-05 7.87251e-06 4.64891e-06 2.97458e-06 
3.22711e-06 3.61911e-06 5.35093e-06 8.95708e-06 1.54864e-05 2.67237e-05 4.55324e-05 7.63526e-05 0.000125892 0.000204049 0.000325091 0.000509122 0.000783803 0.0011863 0.00176533 0.00258317 0.00371734 0.00526183 0.00732728 0.0100402 0.0135404 0.0179773 0.0235041 0.0302706 0.0384149 0.0480549 0.0592786 0.0721368 0.086636 0.102734 0.120338 0.139304 0.159445 0.180529 0.202295 0.224455 0.24671 0.268756 0.290295 0.311042 0.330735 0.349138 0.366044 0.381282 0.394709 0.406214 0.415715 0.423151 0.428482 0.431682 0.432737 0.431641 0.428401 0.423028 0.415549 0.406005 0.394458 0.380992 0.36572 0.348785 0.330363 0.31066 0.289916 0.268392 0.246374 0.224159 0.20205 0.180345 0.159328 0.139259 0.120364 0.10283 0.0867962 0.0723522 0.0595384 0.0483467 0.0387259 0.030588 0.0238165 0.0182749 0.0138155 0.0102874 0.00754361 0.00544634 0.00387087 0.00270788 0.00186429 0.00126304 0.000841982 0.000552264 0.000356392 0.000226275 0.000141342 8.68671e-05 5.25369e-05 3.12868e-05 1.83831e-05 1.07295e-05 6.35995e-06 4.08705e-06 
4.39074e-06 4.92811e-06 7.27016e-06 1.21292e-05 2.08972e-05 3.59334e-05 6.10053e-05 0.000101927 0.000167436 0.000270352 0.000429051 0.000669265 0.00102617 0.0015467 0.00229192 0.00333929 0.00478441 0.00674206 0.00934605 0.0127475 0.0171114 0.0226112 0.0294212 0.0377082 0.0476207 0.0592786 0.0727635 0.0881095 0.105297 0.124248 0.144826 0.166842 0.190054 0.21418 0.238909 0.263909 0.288843 0.313374 0.337184 0.359974 0.381477 0.401456 0.419716 0.436093 0.450463 0.462729 0.472826 0.480708 0.486348 0.489728 0.490841 0.489685 0.486261 0.480576 0.472648 0.462503 0.450188 0.435771 0.41935 0.401052 0.381041 0.359517 0.336718 0.312913 0.2884 0.263499 0.238546 0.213877 0.189821 0.166687 0.144754 0.124257 0.105385 0.0882699 0.072985 0.0595484 0.0479243 0.0380311 0.0297492 0.0229317 0.0174142 0.0130247 0.00959253 0.00695532 0.00496415 0.00348701 0.00241039 0.00163946 0.00109714 0.000722341 0.000467865 0.000298117 0.00018687 0.00011524 6.99295e-05 4.17807e-05 2.4629e-05 1.44235e-05 8.58144e-06 5.53813e-06 
5.89124e-06 6.61701e-06 9.74003e-06 1.61963e-05 2.78079e-05 4.76499e-05 8.06115e-05 0.000134201 0.000219641 0.000353312 0.000558552 0.000867837 0.00132528 0.00198931 0.0029354 0.0042585 0.00607477 0.00852234 0.0117605 0.015967 0.0213331 0.0280565 0.0363319 0.0463402 0.0582363 0.0721368 0.0881095 0.106164 0.126244 0.14823 0.171934 0.197108 0.223457 0.250643 0.278302 0.306061 0.333545 0.360395 0.386275 0.410883 0.433952 0.45526 0.474624 0.491904 0.506995 0.519826 0.530351 0.538545 0.544395 0.547897 0.54905 0.547855 0.544309 0.538413 0.530171 0.519595 0.506712 0.491567 0.474235 0.454822 0.433471 0.410368 0.385738 0.359848 0.333004 0.305541 0.277821 0.250216 0.223099 0.196832 0.171746 0.148136 0.126243 0.106251 0.0882754 0.0723687 0.058519 0.0466573 0.0366668 0.0283938 0.0216596 0.0162721 0.0120366 0.00876494 0.00628203 0.00443091 0.0030752 0.00209989 0.00141067 0.000932248 0.000606033 0.000387533 0.000243763 0.000150834 9.18304e-05 5.50434e-05 3.25516e-05 1.91266e-05 1.14214e-05 7.40163e-06 
7.79579e-06 8.76169e-06 1.28684e-05 2.13291e-05 3.6496e-05 6.23233e-05 0.00010507 0.000174299 0.000284237 0.000455523 0.000717399 0.0011103 0.00168878 0.00252461 0.00370977 0.00535901 0.00761147 0.010631 0.0146043 0.0197371 0.0262476 0.0343571 0.0442784 0.056203 0.0702867 0.086636 0.105297 0.126244 0.14938 0.174529 0.201445 0.229819 0.259293 0.289473 0.319946 0.350296 0.380121 0.409041 0.436714 0.462843 0.487174 0.509505 0.529679 0.547582 0.563142 0.576314 0.587079 0.595434 0.601387 0.604946 0.606119 0.604908 0.601309 0.595313 0.586911 0.576095 0.562868 0.547251 0.529289 0.509057 0.486672 0.462294 0.436127 0.408427 0.379497 0.349679 0.319354 0.288926 0.258808 0.229413 0.201131 0.174317 0.149273 0.126241 0.10539 0.0868139 0.0705339 0.0565019 0.0446102 0.0347036 0.0265926 0.0200669 0.0149085 0.0109026 0.00784692 0.00555738 0.00387247 0.00265465 0.00179015 0.00118743 0.00077472 0.000497148 0.000313786 0.000194811 0.00011899 7.15501e-05 4.24475e-05 2.50227e-05 1.4996e-05 9.75761e-06 
1.0175e-05 1.14419e-05 1.67682e-05 2.77047e-05 4.72475e-05 8.0413e-05 0.000135107 0.00022335 0.000362932 0.000579521 0.000909269 0.00140186 0.00212386 0.00316225 0.00462761 0.00665675 0.00941404 0.013091 0.0179033 0.0240857 0.0318826 0.0415373 0.0532777 0.0673007 0.0837566 0.102734 0.124248 0.14823 0.174529 0.202907 0.233054 0.264593 0.297102 0.330131 0.363218 0.395913 0.42779 0.458462 0.48759 0.514888 0.540129 0.563138 0.583794 0.602019 0.617774 0.631049 0.641857 0.650218 0.656161 0.65971 0.660881 0.659679 0.656097 0.650116 0.641713 0.630858 0.617529 0.601715 0.583427 0.562706 0.539633 0.514331 0.486979 0.457808 0.427106 0.395217 0.36253 0.329472 0.296495 0.264058 0.23261 0.202568 0.174304 0.148122 0.124252 0.102842 0.0839534 0.067568 0.053595 0.0418841 0.0322394 0.0244356 0.018233 0.0133906 0.00967766 0.00688182 0.0048144 0.00331313 0.00224263 0.00149303 0.000977584 0.000629508 0.00039867 0.000248322 0.000152159 9.17808e-05 5.46185e-05 3.23005e-05 1.94257e-05 1.26897e-05 
1.31e-05 1.4738e-05 2.15519e-05 3.54982e-05 6.03424e-05 0.000102365 0.000171419 0.000282421 0.000457326 0.000727643 0.00113749 0.00174712 0.00263674 0.00391035 0.00569919 0.00816421 0.011497 0.0159182 0.0216738 0.029027 0.0382478 0.0495985 0.0633175 0.0796015 0.0985876 0.120338 0.144826 0.171934 0.201445 0.233054 0.266378 0.300972 0.336349 0.372004 0.407433 0.442158 0.475739 0.507789 0.537985 0.566065 0.591834 0.615157 0.635954 0.654189 0.669865 0.683007 0.693661 0.701875 0.7077 0.711173 0.712321 0.711151 0.707653 0.701801 0.693552 0.682856 0.669664 0.653932 0.635633 0.614767 0.591371 0.565529 0.53738 0.507122 0.475022 0.441407 0.406669 0.371249 0.33563 0.300313 0.265804 0.232583 0.201093 0.171709 0.144729 0.120361 0.0987196 0.0798237 0.0636085 0.0499355 0.0386086 0.0293916 0.0220252 0.0162437 0.011788 0.00841615 0.00591084 0.0040832 0.00277414 0.00185355 0.0012179 0.000786929 0.000500013 0.000312446 0.000192048 0.000116195 6.93569e-05 4.11446e-05 2.48292e-05 1.62813e-05 
1.6638e-05 1.87258e-05 2.73256e-05 4.48729e-05 7.60382e-05 0.000128583 0.000214631 0.000352451 0.000568798 0.00090186 0.0014048 0.00214978 0.00323219 0.00477487 0.00693158 0.00988926 0.0138683 0.0191197 0.0259198 0.0345598 0.0453326 0.0585163 0.0743544 0.0930362 0.114678 0.139304 0.166842 0.197108 0.229819 0.264593 0.300972 0.33844 0.376447 0.41444 0.451878 0.488264 0.523155 0.556177 0.587029 0.615487 0.641395 0.664668 0.68527 0.703215 0.718548 0.731334 0.741651 0.749577 0.755182 0.75852 0.759625 0.758509 0.755158 0.749536 0.741585 0.731235 0.718407 0.703022 0.685015 0.664341 0.640991 0.615 0.586459 0.555528 0.522435 0.487487 0.451064 0.413612 0.375634 0.33767 0.300274 0.263993 0.229337 0.19676 0.166632 0.139232 0.114732 0.0932005 0.0746072 0.0588332 0.045689 0.0349323 0.0262883 0.0194682 0.0141851 0.0101676 0.00716839 0.00497043 0.00338922 0.00227252 0.0014983 0.00097133 0.000619171 0.000388115 0.000239283 0.000145204 8.69272e-05 5.1724e-05 3.1317e-05 2.0611e-05 
2.08481e-05 2.3472e-05 3.41809e-05 5.59672e-05 9.45499e-05 0.000159397 0.00026524 0.000434171 0.000698387 0.0011036 0.0017131 0.00261221 0.00391306 0.00575893 0.00832777 0.011834 0.016528 0.0226919 0.0306315 0.0406647 0.0531044 0.0682396 0.0863127 0.107498 0.131882 0.159445 0.190054 0.223457 0.259293 0.297102 0.336349 0.376447 0.416791 0.45678 0.495851 0.533495 0.569279 0.602851 0.633944 0.662379 0.688052 0.710928 0.731024 0.748404 0.763157 0.775389 0.78521 0.792725 0.798024 0.801175 0.802221 0.801177 0.798025 0.792721 0.785193 0.77535 0.763085 0.748287 0.73085 0.710684 0.687729 0.661967 0.633438 0.602249 0.568586 0.532723 0.495015 0.455905 0.415905 0.375583 0.335539 0.296379 0.258683 0.222982 0.189725 0.159266 0.131847 0.107593 0.0865157 0.0685259 0.0534473 0.0410379 0.0310117 0.0230595 0.0168685 0.0121377 0.00858951 0.00597757 0.00409041 0.00275212 0.00182056 0.00118406 0.000757135 0.000476034 0.000294352 0.000179134 0.000107545 6.41793e-05 3.89825e-05 2.57463e-05 
2.57754e-05 2.90275e-05 4.21865e-05 6.88823e-05 0.000116029 0.000195031 0.000323565 0.00052802 0.000846671 0.00133358 0.00206315 0.00313515 0.00467975 0.00686214 0.00988585 0.013994 0.0194675 0.0266192 0.0357841 0.0473037 0.0615075 0.0786897 0.0990851 0.122845 0.150017 0.180529 0.21418 0.250643 0.289473 0.330131 0.372004 0.41444 0.45678 0.498391 0.538693 0.577179 0.613435 0.647142 0.678078 0.706117 0.73121 0.753378 0.772696 0.789275 0.803249 0.814763 0.823959 0.830964 0.835888 0.838812 0.839786 0.838827 0.835915 0.830998 0.823992 0.814787 0.803251 0.789241 0.772613 0.753231 0.730984 0.705799 0.677658 0.646613 0.612798 0.57644 0.537865 0.497497 0.455847 0.413503 0.371099 0.329296 0.288742 0.250042 0.21373 0.180238 0.149885 0.12286 0.0992278 0.0789353 0.0618279 0.0476702 0.03617 0.0270018 0.0198287 0.0143213 0.0101718 0.00710381 0.00487781 0.00329284 0.00218528 0.00142571 0.000914411 0.0005766 0.000357547 0.000218194 0.000131354 7.8609e-05 4.78936e-05 3.17382e-05 
3.14458e-05 3.54211e-05 5.13794e-05 8.36676e-05 0.00014054 0.000235566 0.000389695 0.00063407 0.00101365 0.0015916 0.00245442 0.00371736 0.00552985 0.00808016 0.0115984 0.0163572 0.022668 0.030874 0.0413371 0.0544198 0.0704634 0.0897617 0.112535 0.138903 0.168868 0.202295 0.238909 0.278302 0.319946 0.363218 0.407433 0.451878 0.495851 0.538693 0.579819 0.618736 0.655059 0.688513 0.71893 0.746239 0.770454 0.791655 0.80997 0.82556 0.838602 0.849276 0.85775 0.864175 0.868676 0.871345 0.872237 0.871371 0.868727 0.864245 0.857832 0.84936 0.838678 0.825612 0.809983 0.791612 0.770337 0.746031 0.718615 0.68808 0.654503 0.618057 0.579027 0.537807 0.494898 0.450893 0.406455 0.362288 0.319104 0.277583 0.238338 0.201889 0.168632 0.138831 0.112608 0.0899575 0.0707526 0.0547719 0.0417225 0.0312667 0.0230466 0.016706 0.0119074 0.00834442 0.00574867 0.00389318 0.00259173 0.00169596 0.0010909 0.000689821 0.000428919 0.000262443 0.000158407 9.50545e-05 5.80833e-05 3.86139e-05 
3.78603e-05 4.26538e-05 6.17562e-05 0.000100309 0.000168044 0.000280912 0.000463444 0.000751955 0.00119864 0.00187647 0.00288484 0.0043554 0.0064578 0.00940427 0.0134522 0.0189038 0.0261009 0.0354156 0.0472343 0.0619372 0.0798721 0.101327 0.126499 0.155472 0.188192 0.224455 0.263909 0.306061 0.350296 0.395913 0.442158 0.488264 0.533495 0.577179 0.618736 0.657698 0.693719 0.726575 0.756158 0.782461 0.805557 0.825587 0.842731 0.857198 0.869202 0.878954 0.886648 0.892451 0.896501 0.898898 0.899703 0.898935 0.896573 0.892553 0.886774 0.879095 0.869347 0.857332 0.842839 0.825648 0.805553 0.782369 0.75596 0.726254 0.693263 0.657103 0.618006 0.576329 0.532549 0.487255 0.441128 0.394906 0.349358 0.305232 0.263223 0.223935 0.187849 0.155306 0.126496 0.101465 0.0801225 0.0622677 0.0476132 0.0358134 0.0264931 0.0192715 0.0137827 0.00969027 0.00669711 0.00454945 0.00303762 0.00199344 0.00128581 0.000815251 0.000508225 0.000311754 0.000188642 0.000113488 6.95407e-05 4.63709e-05 
4.49905e-05 5.06933e-05 7.32665e-05 0.000118716 0.00019838 0.000330782 0.000544308 0.000880818 0.00140021 0.00218585 0.00335066 0.00504345 0.00745472 0.0108212 0.0154279 0.0216062 0.0297276 0.0401911 0.0534051 0.069763 0.0896147 0.113235 0.140795 0.17233 0.207727 0.24671 0.288843 0.333545 0.380121 0.42779 0.475739 0.523155 0.569279 0.613435 0.655059 0.693719 0.729116 0.761085 0.789581 0.814661 0.836461 0.855177 0.871042 0.884304 0.895213 0.904005 0.910893 0.916059 0.91965 0.921771 0.922486 0.921816 0.919739 0.916188 0.911056 0.904195 0.895419 0.884513 0.871237 0.855339 0.836567 0.814687 0.789505 0.760885 0.728774 0.693225 0.654412 0.612643 0.568364 0.522148 0.47468 0.426727 0.379102 0.332618 0.288049 0.24608 0.207279 0.172068 0.14071 0.11331 0.0898194 0.0700655 0.0537714 0.0405891 0.0301295 0.02199 0.0157778 0.0111278 0.00771393 0.00525555 0.003519 0.00231566 0.00149758 0.000951939 0.000594897 0.000365796 0.000221868 0.000133802 8.22046e-05 5.49718e-05 
