0.00473849 0.00477504 0.00489193 0.00508982 0.00536942 0.00573163 0.0061776 0.0067086 0.00732603 0.00803134 0.00882597 0.00971128 0.0106885 0.0117585 0.0129221 0.0141795 0.0155305 0.0169744 0.01851 0.0201352 0.0218473 0.0236428 0.0255175 0.0274661 0.0294827 0.0315603 0.0336912 0.0358668 0.0380777 0.0403137 0.0425641 0.0448172 0.0470611 0.0492832 0.0514709 0.053611 0.0556904 0.057696 0.0596148 0.0614342 0.063142 0.0647264 0.0661765 0.0674819 0.0686335 0.0696229 0.070443 0.0710877 0.0715524 0.0718336 0.0719292 0.0718386 0.0715624 0.0711028 0.0704631 0.0696481 0.0686638 0.0675173 0.066217 0.0647721 0.0631928 0.0614902 0.0596759 0.0577621 0.0557615 0.0536869 0.0515516 0.0493685 0.0471507 0.0449109 0.0426616 0.0404147 0.0381818 0.0359736 0.0338003 0.0316713 0.0295951 0.0275794 0.0256311 0.0237563 0.02196 0.0202466 0.0186195 0.0170815 0.0156346 0.01428 0.0130186 0.0118505 0.0107755 0.00979287 0.00890173 0.00810089 0.00738904 0.00676477 0.00622667 0.00577339 0.00540368 0.00511646 0.00491083 0.0047864 
0.00477504 0.0048119 0.0049297 0.00512912 0.00541086 0.00577584 0.0062252 0.00676024 0.00738235 0.00809299 0.0088936 0.00978555 0.01077 0.0118481 0.0130203 0.0142869 0.0156479 0.0171024 0.0186492 0.0202862 0.0220107 0.0238191 0.0257072 0.0276696 0.0297005 0.0317927 0.0339386 0.0361294 0.0383556 0.0406071 0.042873 0.0451415 0.0474007 0.0496379 0.0518403 0.0539948 0.0560881 0.0581071 0.0600387 0.0618701 0.0635891 0.065184 0.0666435 0.0679575 0.0691166 0.0701124 0.0709378 0.0715867 0.0720543 0.0723373 0.0724335 0.0723422 0.0720642 0.0716016 0.0709577 0.0701374 0.0691466 0.0679926 0.0666837 0.0652293 0.0636396 0.0619256 0.0600993 0.0581727 0.0561587 0.0540703 0.0519205 0.0497227 0.0474898 0.0452347 0.04297 0.0407077 0.0384594 0.0362359 0.0340475 0.0319035 0.0298127 0.0277827 0.0258206 0.0239324 0.0221232 0.0203975 0.0187586 0.0172095 0.015752 0.0143875 0.0131168 0.0119401 0.0108571 0.00986722 0.00896945 0.00816263 0.00744545 0.0068165 0.00627436 0.00581768 0.00544519 0.00515581 0.00494864 0.00482328 
0.00489193 0.0049297 0.00505025 0.0052543 0.00554252 0.00591588 0.0063755 0.00692271 0.00755892 0.00828559 0.00910419 0.0100161 0.0110225 0.0121244 0.0133224 0.0146168 0.0160074 0.0174935 0.0190735 0.0207455 0.0225067 0.0243534 0.0262811 0.0282846 0.0303576 0.032493 0.0346829 0.0369183 0.0391897 0.0414866 0.0437978 0.0461115 0.0484154 0.0506968 0.0529423 0.0551388 0.0572728 0.0593308 0.0612995 0.0631661 0.0649179 0.0665431 0.0680303 0.0693691 0.07055 0.0715645 0.0724053 0.0730663 0.0735426 0.0738307 0.0739286 0.0738355 0.0735522 0.0730807 0.0724246 0.0715887 0.0705791 0.0694031 0.0680693 0.0665871 0.064967 0.0632202 0.0613587 0.0593949 0.0573419 0.0552128 0.053021 0.05078 0.0485031 0.0462033 0.0438935 0.0415858 0.0392922 0.0370237 0.0347907 0.0326028 0.0304689 0.0283969 0.0263939 0.0244661 0.0226188 0.0208565 0.0191827 0.0176003 0.0161114 0.0147174 0.013419 0.0122165 0.0111097 0.0100979 0.00918023 0.00835545 0.00762224 0.00697919 0.00642487 0.0059579 0.00557703 0.00528113 0.00506932 0.00494117 
0.00508982 0.00512912 0.0052543 0.00546607 0.00576515 0.00615249 0.00662928 0.00719683 0.00785659 0.00861005 0.00945869 0.0104039 0.0114469 0.0125886 0.0138296 0.0151703 0.0166103 0.0181488 0.0197844 0.0215147 0.0233369 0.0252472 0.027241 0.0293126 0.0314557 0.0336628 0.0359257 0.0382354 0.0405816 0.0429538 0.0453402 0.0477289 0.050107 0.0524614 0.0547786 0.0570447 0.059246 0.0613686 0.0633989 0.0653235 0.0671297 0.068805 0.070338 0.0717179 0.0729349 0.0739803 0.0748467 0.0755277 0.0760183 0.0763151 0.0764157 0.0763196 0.0760274 0.0755413 0.074865 0.0740033 0.0729625 0.0717503 0.0703752 0.0688471 0.0671766 0.0653754 0.0634557 0.0614303 0.0593126 0.0571161 0.0548547 0.0525421 0.0501922 0.0478183 0.0454336 0.0430508 0.040682 0.0383387 0.0360317 0.0337709 0.0315654 0.0294235 0.0273526 0.0253589 0.0234482 0.021625 0.019893 0.0182553 0.0167141 0.0152708 0.0139262 0.0126808 0.0115343 0.010486 0.00953502 0.00868023 0.00792025 0.00725364 0.00667897 0.00619482 0.00579992 0.00549313 0.00527354 0.00514073 
0.00536942 0.00541086 0.00554252 0.00576515 0.00607946 0.00648645 0.00698732 0.00758342 0.00827623 0.00906727 0.00995804 0.0109499 0.0120442 0.0132417 0.0145431 0.0159486 0.0174578 0.0190698 0.020783 0.022595 0.0245027 0.026502 0.028588 0.0307549 0.0329959 0.0353033 0.0376684 0.0400816 0.0425325 0.0450098 0.0475014 0.0499947 0.0524764 0.0549328 0.0573498 0.059713 0.0620082 0.064221 0.0663371 0.0683427 0.0702246 0.0719699 0.0735667 0.0750038 0.0762711 0.0773597 0.0782616 0.0789705 0.0794811 0.0797898 0.0798944 0.079794 0.0794895 0.0789831 0.0782785 0.0773808 0.0762967 0.0750338 0.0736013 0.0720091 0.0702685 0.0683913 0.0663904 0.0642791 0.0620712 0.0597808 0.0574222 0.0550098 0.0525579 0.0500805 0.0475913 0.0451035 0.0426298 0.0401821 0.0377717 0.035409 0.0331035 0.0308639 0.0286979 0.0266122 0.0246127 0.0227042 0.0208909 0.0191757 0.0175612 0.0160488 0.0146397 0.013334 0.0121318 0.0110323 0.0100347 0.00913785 0.00834032 0.00764067 0.00703743 0.00652918 0.00611459 0.00579252 0.00556201 0.00542265 
0.00573163 0.00577584 0.00591588 0.00615249 0.00648645 0.00691876 0.00745067 0.00808357 0.00881898 0.00965844 0.0106035 0.0116555 0.0128158 0.0140852 0.0154643 0.0169532 0.0185514 0.020258 0.022071 0.023988 0.0260055 0.0281192 0.0303239 0.0326132 0.0349801 0.0374162 0.0399124 0.0424586 0.0450438 0.0476559 0.0502824 0.0529099 0.0555244 0.0581116 0.0606566 0.0631444 0.0655599 0.0678881 0.0701142 0.0722236 0.0742025 0.0760374 0.0777159 0.0792263 0.080558 0.0817017 0.0826493 0.0833938 0.08393 0.084254 0.0843635 0.0842577 0.0839374 0.083405 0.0826643 0.0817206 0.0805809 0.0792533 0.077747 0.0760729 0.0742423 0.072268 0.0701631 0.0679417 0.0656182 0.0632074 0.0607243 0.0581839 0.0556013 0.0529912 0.0503679 0.0477455 0.0451371 0.0425554 0.0400122 0.0375186 0.0350847 0.0327196 0.0304314 0.0282275 0.0261139 0.0240959 0.0221778 0.0203631 0.0186542 0.0170531 0.0155607 0.0141775 0.0129036 0.0117382 0.0106806 0.00972949 0.00888357 0.00814135 0.0075013 0.00696198 0.00652202 0.00618024 0.00593567 0.00578787 
0.0061776 0.0062252 0.0063755 0.00662928 0.00698732 0.00745067 0.00802062 0.00869862 0.00948621 0.010385 0.0113965 0.0125222 0.0137633 0.0151207 0.0165948 0.0181858 0.019893 0.0217152 0.0236504 0.0256957 0.0278475 0.0301009 0.0324505 0.0348894 0.0374099 0.0400032 0.0426595 0.0453679 0.0481168 0.0508935 0.0536845 0.0564756 0.059252 0.0619985 0.0646995 0.0673389 0.0699011 0.0723699 0.0747299 0.0769657 0.0790626 0.0810066 0.0827845 0.0843841 0.0857942 0.0870051 0.088008 0.088796 0.0893633 0.089706 0.0898215 0.0897091 0.0893696 0.0888054 0.0880208 0.0870212 0.0858138 0.0844073 0.0828115 0.0810375 0.0790975 0.0770048 0.0747734 0.0724179 0.0699536 0.0673961 0.0647613 0.062065 0.0593231 0.0565512 0.0537645 0.0509778 0.0482051 0.0454599 0.0427548 0.0401015 0.0375108 0.0349924 0.0325551 0.0302066 0.0279536 0.0258018 0.0237557 0.0218192 0.019995 0.0182852 0.016691 0.015213 0.0138512 0.0126052 0.011474 0.0104565 0.00955136 0.00875697 0.00807183 0.00749443 0.00702338 0.00665745 0.00639564 0.0062375 
0.0067086 0.00676024 0.00692271 0.00719683 0.00758342 0.00808357 0.00869862 0.00943005 0.0102795 0.0112485 0.0123388 0.0135517 0.0148885 0.01635 0.0179367 0.0196485 0.0214845 0.0234435 0.0255231 0.0277201 0.0300305 0.0324491 0.0349698 0.0375853 0.0402871 0.0430659 0.0459111 0.048811 0.051753 0.0547236 0.0577085 0.0606924 0.0636596 0.0665938 0.0694784 0.0722965 0.0750312 0.0776656 0.0801831 0.0825675 0.0848034 0.0868757 0.0887705 0.090475 0.0919773 0.0932671 0.0943352 0.0951742 0.0957781 0.0961426 0.0962653 0.0961451 0.095783 0.0951816 0.0943452 0.0932798 0.091993 0.0904937 0.0887925 0.0869011 0.0848325 0.0826005 0.0802201 0.0777068 0.0750768 0.0723466 0.0695332 0.0666533 0.0637237 0.0607612 0.0577819 0.0548016 0.0518352 0.0488972 0.0460011 0.0431593 0.0403835 0.0376842 0.0350708 0.0325516 0.0301339 0.0278238 0.0256265 0.0235459 0.0215854 0.019747 0.0180324 0.0164422 0.0149765 0.0136349 0.0124167 0.0113206 0.0103452 0.00948901 0.00875043 0.00812792 0.00762002 0.00722548 0.00694324 0.00677285 
0.00732603 0.00738235 0.00755892 0.00785659 0.00827623 0.00881898 0.00948621 0.0102795 0.0112004 0.0122508 0.0134321 0.0147459 0.0161933 0.0177752 0.0194919 0.0213431 0.023328 0.0254449 0.0276911 0.0300632 0.0325566 0.0351656 0.0378836 0.0407026 0.0436134 0.0466059 0.0496685 0.0527887 0.0559531 0.0591469 0.0623547 0.0655604 0.0687469 0.0718969 0.0749925 0.0780158 0.0809487 0.0837732 0.0864716 0.0890267 0.091422 0.0936415 0.0956705 0.0974953 0.0991034 0.100484 0.101627 0.102524 0.10317 0.10356 0.10369 0.103561 0.103173 0.102529 0.101633 0.100493 0.0991145 0.0975089 0.0956868 0.0936606 0.0914442 0.0890524 0.086501 0.0838066 0.0809863 0.0780578 0.075039 0.0719481 0.0688029 0.0656212 0.0624204 0.0592173 0.0560281 0.0528682 0.0497521 0.0466933 0.0437044 0.0407966 0.0379802 0.0352642 0.0326566 0.030164 0.0277921 0.0255454 0.0234274 0.0214406 0.0195868 0.0178669 0.0162812 0.0148292 0.0135103 0.0123233 0.0112667 0.010339 0.00953864 0.00886393 0.0083134 0.00788574 0.00757987 0.0073953 
0.00803134 0.00809299 0.00828559 0.00861005 0.00906727 0.00965844 0.010385 0.0112485 0.0122508 0.0133935 0.0146783 0.0161066 0.0176796 0.0193981 0.0212622 0.0232717 0.0254254 0.0277212 0.0301563 0.0327267 0.0354274 0.0382521 0.0411934 0.0442426 0.0473899 0.0506239 0.0539324 0.0573017 0.0607172 0.0641631 0.0676227 0.0710786 0.0745126 0.077906 0.0812397 0.0844944 0.0876507 0.0906895 0.0935917 0.0963391 0.0989139 0.101299 0.103479 0.10544 0.107167 0.108649 0.109876 0.110839 0.111532 0.11195 0.11209 0.111951 0.111534 0.110842 0.109879 0.108653 0.107173 0.105447 0.103489 0.101311 0.0989284 0.0963566 0.0936125 0.0907139 0.0876791 0.084527 0.0812768 0.0779477 0.0745592 0.0711302 0.0676793 0.0642248 0.0607839 0.0573732 0.0540086 0.0507044 0.0474744 0.0443308 0.0412847 0.038346 0.0355233 0.032824 0.0302544 0.0278193 0.0255228 0.0233677 0.0213561 0.0194891 0.0177671 0.0161898 0.0147566 0.0134663 0.0123175 0.0113086 0.010438 0.00970399 0.00910501 0.00863972 0.00830698 0.0081063 
0.00882597 0.0088936 0.00910419 0.00945869 0.00995804 0.0106035 0.0113965 0.0123388 0.0134321 0.0146783 0.0160789 0.0176354 0.019349 0.0212203 0.0232495 0.0254359 0.0277782 0.0302741 0.0329202 0.0357121 0.0386442 0.0417095 0.0449 0.048206 0.0516168 0.0551202 0.0587026 0.0623493 0.0660443 0.0697708 0.0735106 0.0772449 0.0809541 0.0846181 0.0882164 0.0917282 0.0951327 0.0984093 0.101538 0.104499 0.107273 0.109842 0.11219 0.1143 0.116159 0.117755 0.119075 0.120111 0.120857 0.121306 0.121456 0.121305 0.120856 0.12011 0.119074 0.117754 0.11616 0.114301 0.112192 0.109846 0.107278 0.104507 0.101549 0.0984235 0.0951505 0.09175 0.0882427 0.0846491 0.08099 0.077286 0.0735569 0.0698225 0.0661014 0.0624116 0.0587701 0.0551926 0.0516939 0.0482873 0.0449851 0.0417979 0.0387352 0.0358051 0.0330146 0.0303691 0.0278732 0.02553 0.0233419 0.0213103 0.0194358 0.0177183 0.0161572 0.0147513 0.0134992 0.0123994 0.0114501 0.0106496 0.00999632 0.00948886 0.00912602 0.0089073 
0.00971128 0.00978555 0.0100161 0.0104039 0.0109499 0.0116555 0.0125222 0.0135517 0.0147459 0.0161066 0.0176354 0.0193338 0.0212029 0.0232433 0.0254549 0.0278369 0.0303877 0.0331045 0.0359836 0.03902 0.0422074 0.0455382 0.0490034 0.0525925 0.0562937 0.0600936 0.0639776 0.0679296 0.0719323 0.0759673 0.0800151 0.0840554 0.0880669 0.0920281 0.0959169 0.0997108 0.103388 0.106925 0.110302 0.113497 0.116489 0.11926 0.121792 0.124067 0.12607 0.127789 0.129212 0.130328 0.131131 0.131614 0.131775 0.131613 0.131128 0.130324 0.129207 0.127783 0.126064 0.12406 0.121786 0.119255 0.116485 0.113495 0.110302 0.106928 0.103394 0.0997208 0.0959311 0.092047 0.0880908 0.0840845 0.0800498 0.0760077 0.0719785 0.0679816 0.0640353 0.0601568 0.0563622 0.0526659 0.0490813 0.0456201 0.0422926 0.039108 0.0360737 0.0331959 0.0304796 0.0279285 0.0255454 0.0233319 0.0212888 0.0194161 0.0177134 0.0161796 0.0148132 0.0136126 0.0125762 0.0117021 0.0109887 0.0104345 0.0100383 0.00979964 
0.0106885 0.01077 0.0110225 0.0114469 0.0120442 0.0128158 0.0137633 0.0148885 0.0161933 0.0176796 0.019349 0.0212029 0.0232424 0.025468 0.0278793 0.0304755 0.0332543 0.0362128 0.0393467 0.0426503 0.0461167 0.0497374 0.0535026 0.0574006 0.0614186 0.0655419 0.0697546 0.0740392 0.0783769 0.0827479 0.0871309 0.0915041 0.0958445 0.100129 0.104333 0.108434 0.112406 0.116227 0.119873 0.123322 0.126552 0.129541 0.132272 0.134725 0.136886 0.138739 0.140272 0.141475 0.14234 0.14286 0.143033 0.142857 0.142334 0.141467 0.140262 0.138727 0.136872 0.134711 0.132257 0.129526 0.126537 0.123309 0.119862 0.116218 0.1124 0.10843 0.104334 0.100134 0.095855 0.09152 0.0871527 0.0827757 0.0784109 0.0740795 0.0698011 0.0655946 0.0614772 0.0574649 0.0535722 0.0498118 0.0461953 0.0427324 0.0394316 0.0362998 0.0333425 0.030564 0.0279674 0.0255547 0.0233269 0.0212843 0.0194264 0.0177523 0.0162606 0.0149496 0.0138176 0.0128627 0.0120834 0.0114779 0.0110452 0.0107845 
0.0117585 0.0118481 0.0121244 0.0125886 0.0132417 0.0140852 0.0151207 0.01635 0.0177752 0.0193981 0.0212203 0.0232433 0.025468 0.0278947 0.030523 0.0333515 0.0363779 0.0395986 0.0430087 0.0466019 0.0503706 0.0543053 0.058395 0.0626273 0.0669879 0.0714609 0.0760288 0.0806727 0.0853722 0.0901058 0.0948505 0.0995826 0.104278 0.10891 0.113454 0.117885 0.122176 0.126302 0.130238 0.13396 0.137444 0.140669 0.143613 0.146259 0.148588 0.150585 0.152237 0.153533 0.154464 0.155024 0.15521 0.15502 0.154456 0.153521 0.152221 0.150566 0.148567 0.146236 0.143589 0.140643 0.137418 0.133934 0.130213 0.126279 0.122155 0.117867 0.113441 0.108901 0.104273 0.0995839 0.0948579 0.0901195 0.0853926 0.0806999 0.0760629 0.0715018 0.0670356 0.0626814 0.0584552 0.054371 0.0504414 0.0466771 0.0430875 0.0396803 0.0364616 0.0334364 0.030608 0.027979 0.0255506 0.0233233 0.0212968 0.0194702 0.0178421 0.016411 0.0151751 0.0141324 0.0132812 0.01262 0.0121474 0.0118629 
0.0129221 0.0130203 0.0133224 0.0138296 0.0145431 0.0154643 0.0165948 0.0179367 0.0194919 0.0212622 0.0232495 0.0254549 0.0278793 0.030523 0.0333851 0.0364641 0.0397571 0.0432601 0.0469675 0.0508723 0.054966 0.0592381 0.0636768 0.068268 0.0729964 0.0778445 0.0827934 0.0878225 0.0929098 0.0980317 0.103164 0.10828 0.113354 0.118359 0.123267 0.12805 0.132681 0.137133 0.141378 0.145392 0.149148 0.152623 0.155796 0.158646 0.161154 0.163305 0.165083 0.166478 0.167481 0.168084 0.168283 0.168078 0.16747 0.166462 0.165062 0.163279 0.161125 0.158613 0.15576 0.152586 0.149109 0.145352 0.141339 0.137095 0.132645 0.128017 0.123237 0.118333 0.113334 0.108265 0.103155 0.09803 0.0929152 0.0878353 0.0828137 0.0778724 0.0730317 0.0683106 0.0637263 0.0592942 0.0550279 0.0509396 0.0470393 0.0433356 0.0398355 0.0365444 0.0334664 0.0306042 0.0279595 0.025533 0.0233246 0.0213334 0.0195582 0.0179974 0.0166491 0.0155115 0.0145828 0.0138613 0.0133457 0.0130355 
0.0141795 0.0142869 0.0146168 0.0151703 0.0159486 0.0169532 0.0181858 0.0196485 0.0213431 0.0232717 0.0254359 0.0278369 0.0304755 0.0333515 0.0364641 0.0398112 0.0433895 0.0471944 0.0512197 0.0554575 0.0598984 0.0645309 0.0693418 0.0743161 0.0794366 0.0846845 0.0900393 0.0954785 0.100978 0.106513 0.112057 0.117582 0.123059 0.128459 0.133753 0.138911 0.143902 0.148699 0.153273 0.157595 0.161639 0.16538 0.168794 0.17186 0.174558 0.176871 0.178784 0.180284 0.181361 0.182009 0.182223 0.182002 0.181348 0.180263 0.178757 0.176839 0.17452 0.171817 0.168747 0.16533 0.161586 0.157541 0.153218 0.148645 0.14385 0.13886 0.133706 0.128416 0.123021 0.11755 0.112031 0.106495 0.100967 0.0954754 0.0900443 0.0846979 0.0794582 0.0743458 0.0693795 0.064576 0.0599504 0.0555158 0.0512835 0.0472629 0.0434618 0.0398862 0.0365409 0.033429 0.0305526 0.0279127 0.0255092 0.0233415 0.0214085 0.0197085 0.0182398 0.0170003 0.0159883 0.0152022 0.0146404 0.0143025 
0.0155305 0.0156479 0.0160074 0.0166103 0.0174578 0.0185514 0.019893 0.0214845 0.023328 0.0254254 0.0277782 0.0303877 0.0332543 0.0363779 0.0397571 0.0433895 0.0472713 0.0513972 0.0557604 0.060352 0.0651615 0.0701764 0.0753822 0.0807625 0.0862985 0.09197 0.0977544 0.103628 0.109564 0.115536 0.121515 0.12747 0.133373 0.13919 0.144891 0.150443 0.155816 0.160976 0.165895 0.170542 0.174889 0.178909 0.182578 0.185872 0.18877 0.191253 0.193307 0.194917 0.196073 0.196768 0.196998 0.19676 0.196056 0.194891 0.193273 0.191213 0.188722 0.185818 0.182519 0.178846 0.174822 0.170473 0.165824 0.160905 0.155745 0.150375 0.144825 0.139129 0.133316 0.12742 0.12147 0.115499 0.109535 0.103607 0.0977429 0.0919675 0.0863051 0.0807781 0.0754067 0.0702093 0.0652023 0.0604001 0.0558151 0.0514576 0.0473365 0.0434584 0.0398286 0.036451 0.0333278 0.0304604 0.0278491 0.0254933 0.023392 0.0215436 0.0199463 0.0185982 0.0174974 0.0166422 0.0160312 0.0156638 
0.0169744 0.0171024 0.0174935 0.0181488 0.0190698 0.020258 0.0217152 0.0234435 0.0254449 0.0277212 0.0302741 0.0331045 0.0362128 0.0395986 0.0432601 0.0471944 0.0513972 0.0558626 0.0605828 0.065548 0.0707468 0.0761653 0.0817877 0.0875959 0.0935699 0.0996874 0.105924 0.112254 0.118649 0.12508 0.131516 0.137925 0.144273 0.150528 0.156656 0.162622 0.168393 0.173934 0.179214 0.184202 0.188866 0.193178 0.197113 0.200644 0.203751 0.206413 0.208613 0.210339 0.211577 0.212322 0.212567 0.212311 0.211557 0.210308 0.208574 0.206364 0.203694 0.200579 0.197041 0.193101 0.188784 0.184116 0.179127 0.173845 0.168304 0.162534 0.156571 0.150447 0.144197 0.137854 0.131452 0.125024 0.118601 0.112215 0.105895 0.0996676 0.0935601 0.0875961 0.0817976 0.0761847 0.0707752 0.0655849 0.0606272 0.0559139 0.0514543 0.0472562 0.0433255 0.0396664 0.0362819 0.0331736 0.030342 0.0277868 0.0255071 0.0235013 0.0217676 0.0203042 0.0191091 0.0181806 0.0175173 0.0171186 
0.01851 0.0186492 0.0190735 0.0197844 0.020783 0.022071 0.0236504 0.0255231 0.0276911 0.0301563 0.0329202 0.0359836 0.0393467 0.0430087 0.0469675 0.0512197 0.0557604 0.0605828 0.0656783 0.0710362 0.0766437 0.0824859 0.0885453 0.0948024 0.101235 0.10782 0.11453 0.121338 0.128213 0.135124 0.142037 0.148919 0.155734 0.162446 0.169018 0.175415 0.181601 0.187539 0.193196 0.198537 0.203531 0.208147 0.212358 0.216137 0.21946 0.222308 0.224661 0.226506 0.22783 0.228626 0.228887 0.228613 0.227806 0.22647 0.224614 0.22225 0.219393 0.21606 0.212273 0.208056 0.203433 0.198435 0.19309 0.187431 0.181492 0.175307 0.168912 0.162343 0.155636 0.148827 0.141952 0.135046 0.128144 0.121279 0.114481 0.107782 0.101208 0.0947857 0.0885394 0.0824906 0.0766585 0.0710605 0.0657114 0.0606238 0.0558083 0.0512734 0.0470259 0.0430705 0.0394107 0.0360484 0.0329846 0.0302191 0.027751 0.0255791 0.0237015 0.0221163 0.0208217 0.0198159 0.0190974 0.0186656 
0.0201352 0.0202862 0.0207455 0.0215147 0.022595 0.023988 0.0256957 0.0277201 0.0300632 0.0327267 0.0357121 0.03902 0.0426503 0.0466019 0.0508723 0.0554575 0.060352 0.065548 0.0710362 0.0768047 0.0828394 0.0891241 0.0956397 0.102365 0.109277 0.116348 0.123552 0.130857 0.138232 0.145642 0.153052 0.160425 0.167723 0.174909 0.181943 0.188787 0.195403 0.201752 0.207799 0.213507 0.218842 0.223772 0.228269 0.232303 0.235851 0.238889 0.241401 0.243369 0.244782 0.24563 0.245909 0.245616 0.244754 0.243328 0.241347 0.238823 0.235773 0.232214 0.22817 0.223666 0.218728 0.213386 0.207674 0.201625 0.195274 0.188658 0.181815 0.174784 0.167602 0.16031 0.152944 0.145542 0.138141 0.130777 0.123482 0.11629 0.10923 0.10233 0.0956167 0.0891127 0.0828393 0.0768153 0.0710568 0.0655777 0.0603897 0.0555023 0.0509228 0.0466568 0.0427083 0.0390798 0.0357723 0.032786 0.0301203 0.0277739 0.0257452 0.0240321 0.0226329 0.0215458 0.0207693 0.0203028 
0.0218473 0.0220107 0.0225067 0.0233369 0.0245027 0.0260055 0.0278475 0.0300305 0.0325566 0.0354274 0.0386442 0.0422074 0.0461167 0.0503706 0.054966 0.0598984 0.0651615 0.0707468 0.0766437 0.0828394 0.0893185 0.0960631 0.103053 0.110265 0.117673 0.12525 0.132965 0.140785 0.148677 0.156603 0.164527 0.172408 0.180206 0.187881 0.195392 0.202698 0.209757 0.21653 0.222978 0.229063 0.23475 0.240004 0.244794 0.249091 0.252869 0.256105 0.258778 0.260873 0.262377 0.26328 0.263576 0.263264 0.262346 0.260827 0.258717 0.256029 0.25278 0.24899 0.244681 0.239881 0.234618 0.228924 0.222834 0.216382 0.209606 0.202546 0.195241 0.187733 0.180062 0.172269 0.164395 0.15648 0.148563 0.140682 0.132873 0.12517 0.117606 0.11021 0.103011 0.0960345 0.0893023 0.0828351 0.0766507 0.070764 0.065188 0.0599331 0.0550076 0.0504177 0.046168 0.0422614 0.0386995 0.0354827 0.0326104 0.0300817 0.0278949 0.0260481 0.0245395 0.0233674 0.0225302 0.0220274 
0.0236428 0.0238191 0.0243534 0.0252472 0.026502 0.0281192 0.0301009 0.0324491 0.0351656 0.0382521 0.0417095 0.0455382 0.0497374 0.0543053 0.0592381 0.0645309 0.0701764 0.0761653 0.0824859 0.0891241 0.0960631 0.103284 0.110763 0.118478 0.126399 0.134497 0.14274 0.151092 0.159517 0.167975 0.176427 0.184831 0.193143 0.201321 0.209322 0.217101 0.224615 0.231823 0.238682 0.245154 0.251201 0.256786 0.261877 0.266443 0.270457 0.273894 0.276734 0.278959 0.280555 0.281513 0.281827 0.281495 0.28052 0.278906 0.276665 0.273809 0.270357 0.266329 0.26175 0.256648 0.251052 0.244997 0.238518 0.231653 0.224442 0.216926 0.209147 0.201149 0.192974 0.184667 0.176271 0.167827 0.159379 0.150965 0.142625 0.134395 0.12631 0.118403 0.110702 0.103236 0.0960296 0.0891037 0.082478 0.076169 0.0701907 0.0645546 0.0592699 0.0543438 0.0497812 0.0455857 0.0417593 0.0383027 0.0352157 0.0324972 0.0301459 0.0281599 0.0265375 0.0252768 0.0243764 0.0238359 
0.0255175 0.0257072 0.0262811 0.027241 0.028588 0.0303239 0.0324505 0.0349698 0.0378836 0.0411934 0.0449 0.0490034 0.0535026 0.058395 0.0636768 0.0693418 0.0753822 0.0817877 0.0885453 0.0956397 0.103053 0.110763 0.118748 0.126979 0.135428 0.144062 0.152847 0.161744 0.170716 0.17972 0.188713 0.197652 0.20649 0.215183 0.223684 0.231947 0.239926 0.247577 0.254857 0.261723 0.268137 0.27406 0.279457 0.284298 0.288551 0.292194 0.295202 0.297559 0.29925 0.300264 0.300597 0.300245 0.299211 0.297501 0.295125 0.292099 0.28844 0.28417 0.279316 0.273905 0.26797 0.261547 0.254672 0.247386 0.23973 0.231748 0.223485 0.214986 0.206296 0.197463 0.188531 0.179546 0.170552 0.161592 0.152707 0.143936 0.135316 0.126882 0.118666 0.110697 0.103001 0.0956022 0.0885215 0.0817768 0.0753832 0.0693535 0.0636978 0.058424 0.053538 0.0490437 0.0449436 0.0412387 0.0379292 0.0350143 0.0324926 0.0303624 0.0286219 0.0272695 0.0263037 0.0257239 
0.0274661 0.0276696 0.0282846 0.0293126 0.0307549 0.0326132 0.0348894 0.0375853 0.0407026 0.0442426 0.048206 0.0525925 0.0574006 0.0626273 0.068268 0.0743161 0.0807625 0.0875959 0.0948024 0.102365 0.110265 0.118478 0.126979 0.13574 0.144729 0.153911 0.16325 0.172705 0.182234 0.191795 0.201341 0.210825 0.2202 0.229416 0.238426 0.247181 0.255633 0.263735 0.271442 0.278709 0.285494 0.29176 0.297468 0.302586 0.307083 0.310933 0.314113 0.316603 0.31839 0.319462 0.319812 0.31944 0.318347 0.316539 0.314028 0.310829 0.30696 0.302446 0.297312 0.291588 0.28531 0.278513 0.271236 0.263522 0.255415 0.246959 0.238203 0.229193 0.219979 0.21061 0.201132 0.191595 0.182045 0.172527 0.163085 0.153761 0.144593 0.13562 0.126875 0.11839 0.110193 0.102309 0.0947616 0.0875694 0.0807492 0.0743148 0.0682775 0.062646 0.0574269 0.0526248 0.0482427 0.0442821 0.0407433 0.0376257 0.0349282 0.0326492 0.030787 0.0293399 0.0283065 0.0276864 
0.0294827 0.0297005 0.0303576 0.0314557 0.0329959 0.0349801 0.0374099 0.0402871 0.0436134 0.0473899 0.0516168 0.0562937 0.0614186 0.0669879 0.0729964 0.0794366 0.0862985 0.0935699 0.101235 0.109277 0.117673 0.126399 0.135428 0.144729 0.154268 0.164009 0.173911 0.183933 0.19403 0.204156 0.214263 0.224301 0.234219 0.243967 0.253493 0.262746 0.271676 0.280234 0.288372 0.296043 0.303205 0.309816 0.315839 0.321237 0.325979 0.330039 0.333391 0.336016 0.337899 0.339028 0.339398 0.339005 0.337852 0.335946 0.333299 0.329925 0.325845 0.321083 0.315667 0.309629 0.303003 0.295828 0.288145 0.279999 0.271434 0.262499 0.253244 0.243718 0.233972 0.224058 0.214027 0.203929 0.193813 0.183728 0.17372 0.163832 0.154108 0.144585 0.135301 0.12629 0.117581 0.109202 0.101177 0.0935268 0.08627 0.0794214 0.0729933 0.0669953 0.0614349 0.0563173 0.051646 0.0474228 0.0436486 0.040323 0.037445 0.0350131 0.0330258 0.0314815 0.0303787 0.029717 
0.0315603 0.0317927 0.032493 0.0336628 0.0353033 0.0374162 0.0400032 0.0430659 0.0466059 0.0506239 0.0551202 0.0600936 0.0655419 0.0714609 0.0778445 0.0846845 0.09197 0.0996874 0.10782 0.116348 0.12525 0.134497 0.144062 0.153911 0.164009 0.174315 0.184789 0.195385 0.206056 0.216755 0.227428 0.238025 0.248492 0.258776 0.268822 0.278578 0.28799 0.297007 0.305579 0.313657 0.321197 0.328156 0.334493 0.340173 0.345162 0.349431 0.352957 0.355717 0.357697 0.358884 0.359272 0.358859 0.357646 0.355642 0.352857 0.349308 0.345016 0.340006 0.334307 0.327952 0.320977 0.313422 0.305331 0.296749 0.287724 0.278307 0.268548 0.258501 0.248219 0.237756 0.227165 0.2165 0.205812 0.195153 0.184571 0.174112 0.163822 0.153743 0.143912 0.134365 0.125136 0.116253 0.107742 0.0996267 0.0919254 0.0846547 0.0778281 0.0714563 0.0655476 0.0601078 0.0551411 0.0506498 0.0466351 0.0430968 0.0400342 0.0374461 0.0353308 0.033687 0.0325132 0.0318091 
0.0336912 0.0339386 0.0346829 0.0359257 0.0376684 0.0399124 0.0426595 0.0459111 0.0496685 0.0539324 0.0587026 0.0639776 0.0697546 0.0760288 0.0827934 0.0900393 0.0977544 0.105924 0.11453 0.123552 0.132965 0.14274 0.152847 0.16325 0.173911 0.184789 0.195839 0.207014 0.218264 0.229538 0.240782 0.251942 0.262961 0.273783 0.284351 0.294611 0.304506 0.313983 0.32299 0.331476 0.339394 0.346701 0.353353 0.359314 0.364549 0.369029 0.372727 0.375623 0.377699 0.378944 0.379351 0.378917 0.377645 0.375542 0.37262 0.368897 0.364393 0.359135 0.353152 0.34648 0.339156 0.331221 0.322721 0.313703 0.304217 0.294315 0.284051 0.273481 0.26266 0.251645 0.240491 0.229255 0.217992 0.206754 0.195593 0.184559 0.173698 0.163055 0.152671 0.142584 0.132829 0.123436 0.114433 0.105845 0.0976929 0.089994 0.0827629 0.0760115 0.0697489 0.0639817 0.0587147 0.0539507 0.0496912 0.0459365 0.042686 0.0399388 0.0376933 0.0359481 0.034702 0.0339546 
0.0358668 0.0361294 0.0369183 0.0382354 0.0400816 0.0424586 0.0453679 0.048811 0.0527887 0.0573017 0.0623493 0.0679296 0.0740392 0.0806727 0.0878225 0.0954785 0.103628 0.112254 0.121338 0.130857 0.140785 0.151092 0.161744 0.172705 0.183933 0.195385 0.207014 0.21877 0.230601 0.242452 0.254268 0.265991 0.277561 0.288922 0.300012 0.310775 0.321153 0.331089 0.340529 0.349422 0.357717 0.36537 0.372336 0.378577 0.384057 0.388746 0.392616 0.395646 0.397818 0.399121 0.399546 0.399092 0.39776 0.395559 0.392501 0.388604 0.38389 0.378385 0.372121 0.365133 0.357461 0.349148 0.34024 0.330787 0.32084 0.310455 0.299687 0.288594 0.277234 0.265666 0.253949 0.242141 0.2303 0.218482 0.20674 0.195128 0.183693 0.172484 0.161544 0.150912 0.140626 0.130719 0.12122 0.112156 0.103549 0.095417 0.0877773 0.0806421 0.0740215 0.067923 0.062352 0.0573119 0.0528045 0.0488305 0.0453897 0.0424811 0.0401035 0.0382557 0.0369362 0.0361451 
0.0380777 0.0383556 0.0391897 0.0405816 0.0425325 0.0450438 0.0481168 0.051753 0.0559531 0.0607172 0.0660443 0.0719323 0.0783769 0.0853722 0.0929098 0.100978 0.109564 0.118649 0.128213 0.138232 0.148677 0.159517 0.170716 0.182234 0.19403 0.206056 0.218264 0.230601 0.243012 0.255439 0.267825 0.280109 0.292229 0.304126 0.315736 0.326999 0.337856 0.348248 0.358118 0.367414 0.376084 0.384079 0.391357 0.397875 0.403598 0.408493 0.412533 0.415696 0.417964 0.419323 0.419767 0.419292 0.417902 0.415604 0.412412 0.408343 0.40342 0.397671 0.391128 0.383827 0.375811 0.367122 0.357809 0.347924 0.33752 0.326655 0.315385 0.303771 0.291875 0.279756 0.267478 0.2551 0.242682 0.230284 0.217962 0.205771 0.193763 0.181988 0.17049 0.159312 0.148495 0.138071 0.128075 0.118532 0.109467 0.1009 0.0928491 0.0853277 0.0783467 0.0719146 0.0660373 0.0607188 0.0559614 0.0517663 0.0481334 0.0450621 0.0425513 0.0405997 0.0392063 0.0383709 
0.0403137 0.0406071 0.0414866 0.0429538 0.0450098 0.0476559 0.0508935 0.0547236 0.0591469 0.0641631 0.0697708 0.0759673 0.0827479 0.0901058 0.0980317 0.106513 0.115536 0.12508 0.135124 0.145642 0.156603 0.167975 0.17972 0.191795 0.204156 0.216755 0.229538 0.242452 0.255439 0.268439 0.281391 0.294232 0.306897 0.319324 0.331449 0.343207 0.354538 0.365381 0.375677 0.385371 0.39441 0.402744 0.410328 0.41712 0.423081 0.428181 0.432389 0.435683 0.438044 0.439459 0.439921 0.439427 0.437979 0.435586 0.432261 0.428022 0.422894 0.416904 0.410085 0.402477 0.39412 0.38506 0.375348 0.365036 0.354181 0.342839 0.331073 0.318945 0.306516 0.293852 0.281016 0.268071 0.255081 0.242107 0.229208 0.216442 0.203862 0.191521 0.179468 0.167746 0.156397 0.145459 0.134964 0.124942 0.11542 0.106418 0.0979552 0.0900468 0.0827047 0.075938 0.0697534 0.0641556 0.0591475 0.0547304 0.0509046 0.0476699 0.0450252 0.0429695 0.0415017 0.040622 
0.0425641 0.042873 0.0437978 0.0453402 0.0475014 0.0502824 0.0536845 0.0577085 0.0623547 0.0676227 0.0735106 0.0800151 0.0871309 0.0948505 0.103164 0.112057 0.121515 0.131516 0.142037 0.153052 0.164527 0.176427 0.188713 0.201341 0.214263 0.227428 0.240782 0.254268 0.267825 0.281391 0.294902 0.308292 0.321496 0.334447 0.347078 0.359325 0.371122 0.382409 0.393123 0.403208 0.41261 0.421277 0.429161 0.436221 0.442418 0.447717 0.452089 0.455512 0.457965 0.459435 0.459914 0.459401 0.457896 0.45541 0.451955 0.44755 0.44222 0.435994 0.428906 0.420995 0.412304 0.40288 0.392775 0.382043 0.370743 0.358934 0.346678 0.334042 0.321089 0.307886 0.294499 0.280995 0.267439 0.253895 0.240424 0.227087 0.213941 0.20104 0.188435 0.176173 0.164296 0.152845 0.141856 0.131358 0.121379 0.111944 0.103071 0.0947767 0.0870743 0.0799738 0.0734826 0.0676059 0.0623472 0.0577083 0.0536899 0.0502918 0.0475133 0.0453534 0.0438114 0.0428872 
0.0448172 0.0451415 0.0461115 0.0477289 0.0499947 0.0529099 0.0564756 0.0606924 0.0655604 0.0710786 0.0772449 0.0840554 0.0915041 0.0995826 0.10828 0.117582 0.12747 0.137925 0.148919 0.160425 0.172408 0.184831 0.197652 0.210825 0.224301 0.238025 0.251942 0.265991 0.280109 0.294232 0.308292 0.322223 0.335955 0.34942 0.362549 0.375274 0.387528 0.399249 0.410373 0.420841 0.430597 0.439589 0.447768 0.45509 0.461515 0.467009 0.471542 0.47509 0.477632 0.479156 0.479653 0.47912 0.477561 0.474983 0.471402 0.466835 0.461308 0.454852 0.4475 0.439293 0.430276 0.420496 0.410007 0.398864 0.387128 0.37486 0.362125 0.34899 0.335522 0.32179 0.307863 0.293808 0.279695 0.265589 0.251556 0.237657 0.223952 0.210498 0.197348 0.184551 0.172153 0.160195 0.148715 0.137746 0.127316 0.117451 0.108171 0.0994937 0.0914337 0.0840017 0.0772059 0.0710522 0.0655445 0.0606851 0.0564751 0.0529145 0.0500029 0.0477395 0.0461235 0.0451552 
0.0470611 0.0474007 0.0484154 0.050107 0.0524764 0.0555244 0.059252 0.0636596 0.0687469 0.0745126 0.0809541 0.0880669 0.0958445 0.104278 0.113354 0.123059 0.133373 0.144273 0.155734 0.167723 0.180206 0.193143 0.20649 0.2202 0.234219 0.248492 0.262961 0.277561 0.292229 0.306897 0.321496 0.335955 0.350204 0.36417 0.377784 0.390976 0.403677 0.41582 0.427343 0.438184 0.448285 0.457593 0.466058 0.473634 0.480282 0.485966 0.490654 0.494323 0.496953 0.498529 0.499043 0.498492 0.496879 0.494213 0.490508 0.485784 0.480067 0.473386 0.465778 0.457284 0.447949 0.437823 0.426959 0.415417 0.403256 0.390541 0.377339 0.363717 0.349746 0.335497 0.32104 0.306447 0.291789 0.277133 0.262547 0.248097 0.233843 0.219846 0.20616 0.192838 0.179927 0.167471 0.155508 0.144074 0.133199 0.12291 0.113228 0.104173 0.0957603 0.0880008 0.080904 0.0744764 0.0687225 0.0636451 0.0592454 0.0555241 0.0524808 0.0501149 0.0484257 0.0474137 
0.0492832 0.0496379 0.0506968 0.0524614 0.0549328 0.0581116 0.0619985 0.0665938 0.0718969 0.077906 0.0846181 0.0920281 0.100129 0.10891 0.118359 0.128459 0.13919 0.150528 0.162446 0.174909 0.187881 0.201321 0.215183 0.229416 0.243967 0.258776 0.273783 0.288922 0.304126 0.319324 0.334447 0.34942 0.36417 0.378625 0.39271 0.406355 0.419488 0.432042 0.443951 0.455152 0.465587 0.475201 0.483942 0.491765 0.498628 0.504494 0.509334 0.51312 0.515833 0.51746 0.51799 0.517421 0.515757 0.513006 0.509182 0.504306 0.498404 0.491507 0.483652 0.47488 0.465238 0.454776 0.44355 0.43162 0.419048 0.405899 0.392243 0.378148 0.363689 0.348937 0.333965 0.318848 0.303658 0.288466 0.273342 0.258354 0.243565 0.229037 0.214828 0.200992 0.187579 0.174634 0.162198 0.150308 0.138997 0.128292 0.118216 0.10879 0.100031 0.0919494 0.0845567 0.0778599 0.0718638 0.0665719 0.0619857 0.0581062 0.0549332 0.0524665 0.0507053 0.0496503 
0.0514709 0.0518403 0.0529423 0.0547786 0.0573498 0.0606566 0.0646995 0.0694784 0.0749925 0.0812397 0.0882164 0.0959169 0.104333 0.113454 0.123267 0.133753 0.144891 0.156656 0.169018 0.181943 0.195392 0.209322 0.223684 0.238426 0.253493 0.268822 0.284351 0.300012 0.315736 0.331449 0.347078 0.362549 0.377784 0.39271 0.407251 0.421332 0.434883 0.447832 0.460113 0.471662 0.482419 0.492327 0.501334 0.509393 0.516463 0.522506 0.527489 0.531389 0.534183 0.535857 0.536403 0.535817 0.534104 0.53127 0.527333 0.522311 0.516232 0.509127 0.501034 0.491994 0.482056 0.471272 0.459697 0.447394 0.434424 0.420857 0.406762 0.392212 0.37728 0.362042 0.346572 0.330948 0.315243 0.299531 0.283885 0.268374 0.253065 0.238021 0.223304 0.208968 0.195066 0.181645 0.168749 0.156416 0.144679 0.133568 0.123108 0.11332 0.104221 0.0958255 0.0881437 0.0811836 0.0749508 0.069449 0.0646804 0.0606461 0.0573463 0.0547807 0.0529491 0.051852 
0.053611 0.0539948 0.0551388 0.0570447 0.059713 0.0631444 0.0673389 0.0722965 0.0780158 0.0844944 0.0917282 0.0997108 0.108434 0.117885 0.12805 0.138911 0.150443 0.162622 0.175415 0.188787 0.202698 0.217101 0.231947 0.247181 0.262746 0.278578 0.294611 0.310775 0.326999 0.343207 0.359325 0.375274 0.390976 0.406355 0.421332 0.435833 0.449784 0.463112 0.47575 0.487632 0.498696 0.508886 0.518148 0.526433 0.5337 0.539911 0.545033 0.54904 0.551911 0.553631 0.554192 0.553591 0.55183 0.548919 0.544872 0.539711 0.533463 0.526159 0.517838 0.508543 0.498322 0.487229 0.47532 0.462658 0.449309 0.43534 0.420825 0.405836 0.39045 0.374744 0.358796 0.342682 0.326482 0.310269 0.294119 0.278104 0.262293 0.246752 0.231542 0.216723 0.202349 0.188468 0.175125 0.162362 0.150212 0.138708 0.127875 0.117735 0.108308 0.0996069 0.0916442 0.0844283 0.0779654 0.0722596 0.0673136 0.0631288 0.0597056 0.057044 0.0551438 0.0540057 
0.0556904 0.0560881 0.0572728 0.059246 0.0620082 0.0655599 0.0699011 0.0750312 0.0809487 0.0876507 0.0951327 0.103388 0.112406 0.122176 0.132681 0.143902 0.155816 0.168393 0.181601 0.195403 0.209757 0.224615 0.239926 0.255633 0.271676 0.28799 0.304506 0.321153 0.337856 0.354538 0.371122 0.387528 0.403677 0.419488 0.434883 0.449784 0.464116 0.477806 0.490783 0.502982 0.514339 0.524796 0.5343 0.542801 0.550255 0.556626 0.561879 0.565988 0.568932 0.570696 0.571272 0.570655 0.568849 0.565864 0.561714 0.556421 0.550012 0.542519 0.533982 0.524444 0.513954 0.502566 0.49034 0.477337 0.463625 0.449274 0.434357 0.41895 0.403131 0.386978 0.370571 0.353991 0.337315 0.320623 0.303991 0.287492 0.271199 0.25518 0.239498 0.224215 0.209386 0.195062 0.18129 0.168113 0.155566 0.143682 0.13249 0.122011 0.112267 0.103271 0.0950377 0.0875749 0.0808897 0.0749869 0.0698695 0.0655392 0.0619968 0.0592424 0.0572759 0.0560983 
0.057696 0.0581071 0.0593308 0.0613686 0.064221 0.0678881 0.0723699 0.0776656 0.0837732 0.0906895 0.0984093 0.106925 0.116227 0.126302 0.137133 0.148699 0.160976 0.173934 0.187539 0.201752 0.21653 0.231823 0.247577 0.263735 0.280234 0.297007 0.313983 0.331089 0.348248 0.365381 0.382409 0.399249 0.41582 0.432042 0.447832 0.463112 0.477806 0.491837 0.505136 0.517635 0.529269 0.539979 0.549711 0.558415 0.566047 0.572568 0.577945 0.58215 0.585163 0.586969 0.587558 0.586926 0.585078 0.582023 0.577776 0.572358 0.565797 0.558127 0.549386 0.539618 0.528874 0.517208 0.504681 0.491355 0.4773 0.462586 0.447289 0.431486 0.415255 0.398678 0.381837 0.364812 0.347685 0.330536 0.313445 0.296486 0.279734 0.263259 0.247127 0.231401 0.216137 0.201391 0.187209 0.173635 0.160709 0.148462 0.136926 0.126123 0.116075 0.106797 0.0983036 0.090604 0.0837058 0.0776141 0.0723323 0.0678625 0.0642056 0.0613622 0.0593321 0.0581165 
0.0596148 0.0600387 0.0612995 0.0633989 0.0663371 0.0701142 0.0747299 0.0801831 0.0864716 0.0935917 0.101538 0.110302 0.119873 0.130238 0.141378 0.153273 0.165895 0.179214 0.193196 0.207799 0.222978 0.238682 0.254857 0.271442 0.288372 0.305579 0.32299 0.340529 0.358118 0.375677 0.393123 0.410373 0.427343 0.443951 0.460113 0.47575 0.490783 0.505136 0.518737 0.531517 0.543411 0.554358 0.564304 0.573199 0.580997 0.587659 0.593152 0.597448 0.600525 0.60237 0.602971 0.602326 0.600439 0.597318 0.59298 0.587445 0.580742 0.572905 0.563972 0.553989 0.543007 0.53108 0.51827 0.504642 0.490264 0.47521 0.459555 0.443378 0.42676 0.409784 0.392532 0.375088 0.357535 0.339956 0.32243 0.305036 0.28785 0.270944 0.254386 0.238239 0.222565 0.207417 0.192847 0.178898 0.16561 0.15302 0.141156 0.130045 0.119708 0.110162 0.101422 0.093497 0.0863961 0.0801246 0.0746863 0.0700837 0.0663179 0.0633897 0.0612991 0.0600474 
0.0614342 0.0618701 0.0631661 0.0653235 0.0683427 0.0722236 0.0769657 0.0825675 0.0890267 0.0963391 0.104499 0.113497 0.123322 0.13396 0.145392 0.157595 0.170542 0.184202 0.198537 0.213507 0.229063 0.245154 0.261723 0.278709 0.296043 0.313657 0.331476 0.349422 0.367414 0.385371 0.403208 0.420841 0.438184 0.455152 0.471662 0.487632 0.502982 0.517635 0.531517 0.544559 0.556694 0.567863 0.578008 0.58708 0.595032 0.601825 0.607426 0.611806 0.614944 0.616824 0.617437 0.61678 0.614856 0.611674 0.607251 0.601608 0.594773 0.586781 0.57767 0.567487 0.556282 0.544113 0.53104 0.517129 0.50245 0.487078 0.471089 0.454564 0.437584 0.420234 0.402599 0.384763 0.366812 0.348829 0.330896 0.313095 0.295502 0.278191 0.261232 0.244692 0.228631 0.213107 0.19817 0.183868 0.170241 0.157326 0.145155 0.133754 0.123144 0.113346 0.104372 0.0962355 0.0889434 0.0825023 0.0769164 0.0721885 0.0683199 0.0653117 0.063164 0.0618781 
0.063142 0.0635891 0.0649179 0.0671297 0.0702246 0.0742025 0.0790626 0.0848034 0.091422 0.0989139 0.107273 0.116489 0.126552 0.137444 0.149148 0.161639 0.174889 0.188866 0.203531 0.218842 0.23475 0.251201 0.268137 0.285494 0.303205 0.321197 0.339394 0.357717 0.376084 0.39441 0.41261 0.430597 0.448285 0.465587 0.482419 0.498696 0.514339 0.529269 0.543411 0.556694 0.569053 0.580425 0.590754 0.599989 0.608083 0.614998 0.620697 0.625155 0.628348 0.630261 0.630885 0.630217 0.628259 0.625022 0.620521 0.614778 0.607821 0.599685 0.590411 0.580043 0.568634 0.556241 0.542925 0.528753 0.513797 0.49813 0.481833 0.464985 0.447671 0.429975 0.411984 0.393785 0.375463 0.357106 0.338796 0.320616 0.302645 0.284958 0.267627 0.25072 0.2343 0.218424 0.203147 0.188516 0.174573 0.161356 0.148898 0.137225 0.126362 0.116328 0.107137 0.0988018 0.0913312 0.0847317 0.0790079 0.0741629 0.0701983 0.0671153 0.0649142 0.0635965 
0.0647264 0.065184 0.0665431 0.068805 0.0719699 0.0760374 0.0810066 0.0868757 0.0936415 0.101299 0.109842 0.11926 0.129541 0.140669 0.152623 0.16538 0.178909 0.193178 0.208147 0.223772 0.240004 0.256786 0.27406 0.29176 0.309816 0.328156 0.346701 0.36537 0.384079 0.402744 0.421277 0.439589 0.457593 0.475201 0.492327 0.508886 0.524796 0.539979 0.554358 0.567863 0.580425 0.591984 0.60248 0.611864 0.620088 0.627112 0.632903 0.637431 0.640674 0.642618 0.643251 0.642572 0.640584 0.637296 0.632724 0.62689 0.619822 0.611556 0.602132 0.591596 0.58 0.567402 0.553864 0.539454 0.524244 0.508309 0.491729 0.474586 0.456965 0.438952 0.420636 0.402103 0.383443 0.364742 0.346086 0.327558 0.309239 0.291206 0.273533 0.256288 0.239537 0.223339 0.207748 0.192814 0.178579 0.165084 0.152361 0.140438 0.129341 0.119089 0.109698 0.101179 0.0935438 0.086798 0.0809469 0.0759936 0.0719404 0.0687882 0.0665378 0.0651906 
