0.00011868 0.000121253 0.000130596 0.000147041 0.000171115 0.000203562 0.000245343 0.000297634 0.000361822 0.000439497 0.000532449 0.000642649 0.00077223 0.000923469 0.00109875 0.00130054 0.00153133 0.00179359 0.00208973 0.002422 0.00279247 0.00320292 0.00365481 0.00414915 0.00468647 0.00526678 0.00588942 0.0065531 0.00725581 0.0079948 0.00876657 0.00956687 0.0103907 0.0112324 0.0120857 0.0129436 0.0137987 0.0146432 0.0154691 0.0162682 0.0170322 0.0177529 0.0184226 0.0190336 0.0195791 0.0200527 0.0204487 0.0207626 0.0209905 0.0211297 0.0211785 0.0211364 0.0210038 0.0207825 0.020475 0.0200852 0.0196177 0.019078 0.0184724 0.0178079 0.0170919 0.0163323 0.0155371 0.0147147 0.0138731 0.0130205 0.0121645 0.0113127 0.0104718 0.00964827 0.00884775 0.00807526 0.00733505 0.00663067 0.00596489 0.00533976 0.00475663 0.00421617 0.00371846 0.003263 0.00284883 0.00247455 0.00213843 0.00183844 0.00157237 0.00133786 0.00113246 0.000953701 0.000799154 0.000666443 0.000553302 0.0004576 0.000377365 0.000310801 0.000256306 0.000212478 0.000178121 0.000152253 0.000134106 0.000123146 
0.000121253 0.000123889 0.000133447 0.000150266 0.000174886 0.000208066 0.000250791 0.00030426 0.000369892 0.000449312 0.000544349 0.000657014 0.000789488 0.000944094 0.00112327 0.00132952 0.0015654 0.00183342 0.00213603 0.00247554 0.00285403 0.00327334 0.00373491 0.0042398 0.00478853 0.00538107 0.00601677 0.00669429 0.00741156 0.00816578 0.00895335 0.00976995 0.0106105 0.0114691 0.0123394 0.0132143 0.0140863 0.0149475 0.0157895 0.0166042 0.0173829 0.0181176 0.0188001 0.0194228 0.0199787 0.0204612 0.0208648 0.0211845 0.0214167 0.0215585 0.0216082 0.0215652 0.02143 0.0212044 0.0208911 0.0204938 0.0200173 0.0194672 0.01885 0.0181726 0.0174428 0.0166684 0.0158577 0.0150192 0.014161 0.0132915 0.0124186 0.0115497 0.0106919 0.00985178 0.00903501 0.00824674 0.00749134 0.00677242 0.00609282 0.00545465 0.00485928 0.00430743 0.00379916 0.00333401 0.00291098 0.00252866 0.00218528 0.00187879 0.00160693 0.0013673 0.0011574 0.000974721 0.000816772 0.000681134 0.000565493 0.000467674 0.000385661 0.000317621 0.000261918 0.000217117 0.000181999 0.000155559 0.000137012 0.000125812 
0.000130596 0.000133447 0.000143734 0.000161818 0.000188277 0.000223923 0.000269804 0.000327201 0.000397626 0.00048281 0.000584697 0.000705429 0.00084732 0.00101284 0.00120456 0.00142515 0.00167729 0.00196365 0.00228679 0.00264915 0.00305291 0.00349996 0.00399183 0.00452957 0.0051137 0.00574416 0.00642018 0.00714032 0.00790234 0.00870321 0.00953911 0.0104054 0.0112967 0.0122068 0.0131289 0.0140554 0.0149786 0.0158899 0.0167807 0.0176421 0.0184654 0.0192419 0.019963 0.0206208 0.0212078 0.0217173 0.0221432 0.0224807 0.0227256 0.0228751 0.0229274 0.0228818 0.022739 0.0225006 0.0221695 0.0217498 0.0212464 0.0206652 0.0200129 0.019297 0.0185255 0.0177066 0.0168492 0.015962 0.0150538 0.0141333 0.0132088 0.0122883 0.0113792 0.0104884 0.00962203 0.00878554 0.00798358 0.00722 0.00649786 0.00581941 0.00518618 0.00459895 0.00405784 0.00356238 0.00311158 0.00270395 0.00233767 0.00201059 0.00172032 0.00146434 0.00124001 0.00104469 0.000875729 0.000730572 0.000606763 0.000501991 0.000414115 0.000341186 0.00028146 0.000233411 0.00019574 0.000167374 0.000147477 0.000135468 
0.000147041 0.000150266 0.000161818 0.0001821 0.000211749 0.000251667 0.000303013 0.000367204 0.000445909 0.00054104 0.000654738 0.000789359 0.000947448 0.00113171 0.00134496 0.00159012 0.00187011 0.00218782 0.00254603 0.00294737 0.00339419 0.0038885 0.00443189 0.00502547 0.00566971 0.00636447 0.00710884 0.00790115 0.00873888 0.00961864 0.0105362 0.0114864 0.0124633 0.0134602 0.0144695 0.015483 0.0164922 0.0174879 0.0184606 0.0194008 0.020299 0.0211455 0.0219315 0.0226481 0.0232874 0.023842 0.0243056 0.0246727 0.0249391 0.0251015 0.0251581 0.0251081 0.0249523 0.0246925 0.0243318 0.0238745 0.0233259 0.0226925 0.0219814 0.0212008 0.0203592 0.0194657 0.0185296 0.0175607 0.0165683 0.0155619 0.0145506 0.013543 0.0125474 0.0115712 0.0106211 0.00970313 0.00882245 0.00798331 0.00718912 0.00644244 0.00574498 0.00509768 0.00450077 0.00395378 0.00345569 0.00300496 0.00259961 0.00223735 0.00191562 0.00163166 0.00138262 0.00116561 0.000977743 0.000816223 0.000678357 0.000561606 0.000463618 0.000382246 0.000315567 0.000261899 0.000219805 0.000188104 0.000165868 0.000152456 
0.000171115 0.000174886 0.000188277 0.000211749 0.00024603 0.000292144 0.000351414 0.000425448 0.000516142 0.000625662 0.000756432 0.000911114 0.00109257 0.00130386 0.00154814 0.00182866 0.00214869 0.00251145 0.00292002 0.00337729 0.00388583 0.00444782 0.00506496 0.00573837 0.00646852 0.0072551 0.008097 0.00899221 0.0099378 0.0109299 0.0119636 0.0130332 0.0141318 0.0152518 0.0163849 0.017522 0.0186532 0.0197684 0.0208572 0.0219089 0.0229129 0.0238587 0.0247363 0.0255362 0.0262493 0.0268678 0.0273845 0.0277935 0.0280901 0.0282707 0.0283334 0.0282773 0.0281032 0.0278131 0.0274104 0.0269 0.0262876 0.0255803 0.0247862 0.0239139 0.0229732 0.0219739 0.0209266 0.0198418 0.0187301 0.0176019 0.0164674 0.0153364 0.0142178 0.0131202 0.012051 0.0110172 0.0100244 0.00907764 0.00818075 0.00733671 0.00654755 0.00581445 0.00513774 0.00451701 0.00395122 0.0034387 0.00297733 0.00256459 0.00219765 0.00187346 0.00158887 0.00134062 0.00112552 0.000940394 0.000782236 0.000648181 0.000535572 0.000441984 0.000365239 0.00030343 0.000254928 0.000218389 0.000192761 0.000177315 
0.000203562 0.000208066 0.000223923 0.000251667 0.000292144 0.000346547 0.000416406 0.000503588 0.000610284 0.000738996 0.000892519 0.00107391 0.00128648 0.00153369 0.00181917 0.00214663 0.00251977 0.00294222 0.00341746 0.0039487 0.00453881 0.00519017 0.00590462 0.0066833 0.0075266 0.00843404 0.00940419 0.0104346 0.0115219 0.0126614 0.0138474 0.0150733 0.0163313 0.0176126 0.0189076 0.0202059 0.0214965 0.0227678 0.024008 0.025205 0.026347 0.0274222 0.0284192 0.0293273 0.0301366 0.0308381 0.0314239 0.0318874 0.0322232 0.0324276 0.0324981 0.032434 0.0322361 0.0319066 0.0314494 0.0308698 0.0301744 0.029371 0.0284686 0.027477 0.0264071 0.02527 0.0240776 0.0228416 0.0215741 0.0202869 0.0189915 0.0176989 0.0164195 0.0151629 0.0139378 0.0127519 0.0116121 0.010524 0.00949213 0.00852006 0.00761023 0.00676411 0.00598223 0.00526425 0.00460906 0.00401492 0.00347947 0.00299992 0.0025731 0.0021956 0.00186383 0.00157412 0.00132281 0.0011063 0.000921139 0.000764037 0.000631942 0.00052206 0.000431882 0.000359203 0.000302138 0.000259135 0.000228974 0.000210808 
0.000245343 0.000250791 0.000269804 0.000303013 0.000351414 0.000416406 0.000499789 0.000603748 0.000730848 0.000884012 0.0010665 0.00128188 0.00153396 0.00182679 0.00216455 0.00255149 0.00299187 0.00348984 0.00404934 0.004674 0.00536702 0.00613102 0.006968 0.00787911 0.00886463 0.00992384 0.0110549 0.0122549 0.0135195 0.0148435 0.01622 0.0176413 0.0190981 0.0205806 0.0220774 0.0235766 0.0250655 0.026531 0.0279594 0.0293371 0.0306504 0.0318861 0.0330312 0.0340736 0.0350021 0.0358064 0.0364778 0.0370088 0.0373932 0.0376269 0.0377072 0.0376332 0.0374057 0.0370274 0.0365026 0.0358373 0.0350389 0.0341163 0.0330796 0.0319401 0.0307098 0.0294016 0.0280287 0.0266048 0.0251435 0.0236583 0.0221625 0.0206685 0.0191885 0.0177334 0.0163134 0.0149375 0.0136137 0.0123486 0.0111476 0.0100149 0.00895354 0.0079654 0.00705123 0.0062108 0.00544299 0.0047459 0.00411694 0.00355299 0.00305046 0.00260548 0.00221395 0.00187167 0.00157442 0.00131806 0.00109857 0.000912144 0.000755242 0.000624603 0.000517299 0.000430754 0.000362763 0.000311506 0.000275556 0.000253921 
0.000297634 0.00030426 0.000327201 0.000367204 0.000425448 0.000503588 0.000603748 0.000728505 0.00088088 0.00106431 0.00128261 0.00153997 0.00184083 0.00218991 0.00259206 0.00305221 0.00357525 0.00416597 0.00482884 0.00556799 0.00638699 0.00728878 0.00827545 0.00934821 0.0105072 0.0117512 0.0130781 0.0144842 0.0159643 0.0175121 0.0191195 0.0207773 0.0224749 0.0242005 0.025941 0.0276827 0.0294109 0.0311103 0.0327654 0.0343604 0.0358798 0.0373084 0.0386314 0.039835 0.0409065 0.0418343 0.0426084 0.0432201 0.0436629 0.0439317 0.0440236 0.0439376 0.0436748 0.0432379 0.042632 0.0418639 0.0409419 0.0398762 0.0386782 0.0373608 0.0359378 0.0344237 0.0328337 0.0311835 0.0294886 0.0277646 0.0260268 0.0242896 0.0225669 0.0208717 0.0192157 0.0176096 0.0160625 0.0145824 0.0131757 0.0118476 0.0106018 0.00944051 0.00836492 0.00737493 0.00646943 0.00564634 0.00490283 0.00423536 0.0036399 0.00311201 0.00264699 0.00223999 0.00188614 0.00158061 0.00131874 0.0010961 0.000908521 0.000752195 0.000623682 0.000519955 0.000438417 0.000376925 0.000333795 0.000307858 
0.000361822 0.000369892 0.000397626 0.000445909 0.000516142 0.000610284 0.000730848 0.00088088 0.00106394 0.00128408 0.00154579 0.00185397 0.00221384 0.00263087 0.00311074 0.00365914 0.00428174 0.00498402 0.00577111 0.00664767 0.00761773 0.00868451 0.00985027 0.0111162 0.0124821 0.0139466 0.0155067 0.0171579 0.0188941 0.0207075 0.0225887 0.0245268 0.0265092 0.0285222 0.0305507 0.0325785 0.0345887 0.0365637 0.0384856 0.0403363 0.0420979 0.043753 0.0452848 0.0466776 0.0479168 0.0489893 0.0498835 0.05059 0.051101 0.0514109 0.0515164 0.0514164 0.051112 0.0506065 0.0499056 0.0490169 0.04795 0.0467164 0.0453292 0.043803 0.0421534 0.0403973 0.0385519 0.0366352 0.0346652 0.0326597 0.0306362 0.0286117 0.0266023 0.0246229 0.0226873 0.020808 0.018996 0.0172604 0.0156092 0.0140485 0.0125827 0.0112148 0.00994638 0.00877754 0.00770719 0.00673311 0.00585216 0.00506038 0.00435318 0.0037255 0.00317193 0.00268687 0.00226467 0.00189973 0.0015866 0.00132009 0.00109534 0.000907856 0.0007536 0.000629002 0.000531001 0.000457065 0.000405205 0.000374037 
0.000439497 0.000449312 0.00048281 0.00054104 0.000625662 0.000738996 0.000884012 0.00106431 0.00128408 0.0015481 0.00186164 0.00223043 0.00266058 0.00315849 0.00373073 0.00438392 0.00512459 0.00595901 0.00689305 0.00793199 0.00908033 0.0103416 0.0117182 0.0132112 0.0148202 0.0165433 0.0183767 0.0203148 0.0223503 0.0244738 0.0266743 0.0289388 0.0312527 0.0335998 0.0359625 0.0383222 0.0406592 0.0429533 0.0451837 0.0473298 0.0493711 0.0512876 0.0530603 0.054671 0.0561034 0.0573424 0.058375 0.0591904 0.0597798 0.060137 0.0602581 0.0601419 0.0597897 0.0592052 0.0583949 0.0573673 0.0561335 0.0547065 0.0531011 0.051334 0.049423 0.0473873 0.0452467 0.0430218 0.0407331 0.0384013 0.0360465 0.0336884 0.0313456 0.0290356 0.0267744 0.0245766 0.0224552 0.0204212 0.0184838 0.0166504 0.0149267 0.0133162 0.0118211 0.0104418 0.00917719 0.00802498 0.00698169 0.00604291 0.00520344 0.00445748 0.00379884 0.00322106 0.00271759 0.00228192 0.00190771 0.00158888 0.00131974 0.00109502 0.000909977 0.000760401 0.000642686 0.000553842 0.00049152 0.000454089 
0.000532449 0.000544349 0.000584697 0.000654738 0.000756432 0.000892519 0.0010665 0.00128261 0.00154579 0.00186164 0.00223632 0.00267655 0.00318945 0.00378246 0.00446319 0.00523929 0.00611827 0.0071073 0.00821307 0.00944151 0.0107976 0.0122853 0.013907 0.0156637 0.0175546 0.0195771 0.0217264 0.0239959 0.0263766 0.0288574 0.0314253 0.0340649 0.0367592 0.0394894 0.0422349 0.0449742 0.0476847 0.050343 0.0529253 0.055408 0.0577676 0.0599815 0.0620278 0.0638861 0.0655377 0.0669657 0.0681552 0.0690941 0.0697724 0.070183 0.0703217 0.0701871 0.0697806 0.0691066 0.0681721 0.066987 0.0655638 0.0639171 0.0620638 0.0600227 0.0578143 0.0554603 0.0529833 0.0504067 0.0477543 0.0450496 0.0423158 0.0395757 0.0368507 0.034161 0.0315256 0.0289614 0.0264836 0.0241053 0.0218374 0.0196889 0.0176665 0.0157749 0.0140167 0.0123927 0.0109021 0.00954232 0.00830967 0.0071992 0.00620503 0.0053206 0.0045388 0.0038522 0.00325323 0.00273437 0.00228822 0.00190772 0.0015862 0.00131751 0.00109607 0.000916949 0.000775897 0.000669399 0.000594689 0.000549843 
0.000642649 0.000657014 0.000705429 0.000789359 0.000911114 0.00107391 0.00128188 0.00153997 0.00185397 0.00223043 0.00267655 0.00320015 0.0038095 0.00451321 0.00532008 0.00623889 0.00727825 0.00844635 0.00975072 0.011198 0.0127938 0.0145422 0.0164458 0.0185054 0.0207196 0.023085 0.0255958 0.0282438 0.0310183 0.0339062 0.036892 0.0399579 0.0430838 0.046248 0.0494268 0.0525953 0.0557275 0.0587965 0.0617753 0.0646369 0.0673546 0.0699025 0.0722561 0.0743922 0.0762896 0.0779292 0.0792944 0.0803714 0.0811491 0.0816196 0.081778 0.0816227 0.0811554 0.080381 0.0793075 0.0779459 0.0763103 0.0744172 0.0722857 0.069937 0.0673943 0.0646822 0.0618264 0.0588536 0.0557908 0.0526649 0.0495027 0.04633 0.0431718 0.0400515 0.0369909 0.0340098 0.0311261 0.028355 0.0257097 0.0232007 0.0208363 0.0186222 0.0165619 0.0146566 0.0129057 0.0113067 0.00985546 0.00854651 0.0073733 0.00632838 0.00540366 0.00459063 0.00388059 0.00326483 0.00273481 0.00228232 0.00189961 0.00157948 0.00131544 0.0011017 0.000933296 0.000806095 0.000716853 0.000663312 
0.00077223 0.000789488 0.00084732 0.000947448 0.00109257 0.00128648 0.00153396 0.00184083 0.00221384 0.00266058 0.00318945 0.0038095 0.00453029 0.00536174 0.00631397 0.00739704 0.00862074 0.00999434 0.0115263 0.0132241 0.0150938 0.0171398 0.0193647 0.0217689 0.0243504 0.0271049 0.0300252 0.0331014 0.0363207 0.0396678 0.0431243 0.0466696 0.0502804 0.0539315 0.0575957 0.0612443 0.0648477 0.0683752 0.071796 0.0750795 0.0781955 0.0811147 0.0838095 0.0862538 0.0884237 0.0902979 0.0918577 0.0930876 0.0939754 0.094512 0.094692 0.0945138 0.0939792 0.0930936 0.0918661 0.0903089 0.0884378 0.0862714 0.083831 0.0811407 0.0782263 0.0751157 0.071838 0.0684233 0.0649023 0.0613058 0.0576641 0.0540069 0.0503627 0.0467586 0.0432197 0.0397691 0.0364274 0.0332127 0.0301405 0.0272232 0.0244709 0.0218904 0.0194864 0.0172607 0.0152129 0.0133405 0.0116392 0.0101029 0.00872428 0.00749501 0.0064059 0.00544727 0.00460914 0.00388152 0.00325455 0.00271876 0.00226515 0.00188539 0.0015719 0.00131795 0.00111775 0.000966471 0.000860329 0.000796679 
0.000923469 0.000944094 0.00101284 0.00113171 0.00130386 0.00153369 0.00182679 0.00218991 0.00263087 0.00315849 0.00378246 0.00451321 0.00536174 0.00633945 0.00745786 0.00872845 0.0101623 0.0117699 0.0135606 0.0155427 0.0177228 0.0201056 0.0226935 0.0254865 0.0284819 0.031674 0.0350542 0.0386105 0.0423279 0.0461882 0.0501703 0.0542499 0.0584003 0.0625925 0.0667953 0.0709761 0.075101 0.0791353 0.0830442 0.0867929 0.0903476 0.0936755 0.0967454 0.0995282 0.101997 0.104129 0.105902 0.107299 0.108307 0.108916 0.10912 0.108917 0.108308 0.107301 0.105904 0.104133 0.102003 0.0995367 0.096757 0.0936908 0.0903673 0.0868176 0.0830745 0.079172 0.0751444 0.0710268 0.0668536 0.0626586 0.0584743 0.0543317 0.0502597 0.046285 0.0424314 0.0387201 0.0351691 0.0317933 0.0286046 0.0256116 0.0228199 0.0202322 0.0178485 0.0156664 0.0136813 0.0118867 0.0102744 0.00883505 0.00755838 0.00643339 0.00544873 0.00459297 0.00385483 0.00322339 0.00268829 0.0022399 0.00186946 0.00156916 0.00133229 0.00115323 0.00102758 0.000952267 
0.00109875 0.00112327 0.00120456 0.00134496 0.00154814 0.00181917 0.00216455 0.00259206 0.00311074 0.00373073 0.00446319 0.00532008 0.00631397 0.00745786 0.00876487 0.0102479 0.0119196 0.0137915 0.0158741 0.0181765 0.0207058 0.0234667 0.0264616 0.0296898 0.0331477 0.0368281 0.0407206 0.0448109 0.0490814 0.0535107 0.0580744 0.0627445 0.0674903 0.0722787 0.0770741 0.0818394 0.0865364 0.0911258 0.0955686 0.0998257 0.103859 0.107633 0.111111 0.114262 0.117056 0.119467 0.121472 0.123051 0.12419 0.124878 0.125107 0.124876 0.124188 0.123048 0.121468 0.119463 0.117053 0.11426 0.111111 0.107635 0.103865 0.0998365 0.0955847 0.0911482 0.0865657 0.0818764 0.0771193 0.0723325 0.0675531 0.0628162 0.0581551 0.0536001 0.0491791 0.0449163 0.0408329 0.0369464 0.0332709 0.0298169 0.0265913 0.0235978 0.0208371 0.0183068 0.0160022 0.0139162 0.01204 0.0103632 0.00887407 0.00756042 0.00640937 0.00540791 0.00454319 0.00380271 0.00317462 0.00264784 0.00221228 0.00185895 0.00158008 0.00136919 0.00122118 0.00113251 
0.00130054 0.00132952 0.00142515 0.00159012 0.00182866 0.00214663 0.00255149 0.00305221 0.00365914 0.00438392 0.00523929 0.00623889 0.00739704 0.00872845 0.0102479 0.0119701 0.0139089 0.0160773 0.0184869 0.0211474 0.0240664 0.0272488 0.0306966 0.0344084 0.0383792 0.0426004 0.0470591 0.0517387 0.0566185 0.0616737 0.066876 0.0721934 0.0775909 0.0830306 0.0884724 0.0938745 0.0991936 0.104386 0.109408 0.114215 0.118767 0.123021 0.126941 0.130489 0.133634 0.136345 0.138599 0.140374 0.141653 0.142425 0.142682 0.142422 0.141647 0.140365 0.138588 0.136332 0.133619 0.130474 0.126927 0.123009 0.118757 0.11421 0.109407 0.104391 0.0992058 0.0938946 0.0885013 0.0830689 0.0776391 0.0722519 0.0669448 0.0617528 0.0567075 0.0518371 0.0471662 0.0427152 0.0385008 0.0345355 0.030828 0.0273831 0.0242022 0.0212833 0.0186216 0.0162094 0.0140373 0.0120937 0.0103658 0.00883968 0.00750099 0.00633502 0.00532719 0.0044633 0.00372983 0.00311411 0.0026046 0.00219099 0.00186435 0.00161724 0.00144379 0.00133992 
0.00153133 0.0015654 0.00167729 0.00187011 0.00214869 0.00251977 0.00299187 0.00357525 0.00428174 0.00512459 0.00611827 0.00727825 0.00862074 0.0101623 0.0119196 0.0139089 0.0161457 0.0186444 0.0214176 0.0244758 0.0278269 0.0314758 0.0354239 0.039669 0.0442046 0.0490201 0.0541001 0.0594252 0.0649711 0.0707094 0.0766075 0.0826289 0.0887339 0.0948797 0.101021 0.107111 0.113101 0.118943 0.124587 0.129986 0.135093 0.139863 0.144254 0.148227 0.151745 0.154778 0.157297 0.15928 0.160709 0.16157 0.161856 0.161565 0.160698 0.159264 0.157277 0.154754 0.151718 0.148198 0.144224 0.139834 0.135065 0.129961 0.124566 0.118928 0.113093 0.107111 0.10103 0.0948991 0.0887642 0.0826707 0.076661 0.0707748 0.0650482 0.0595136 0.0541992 0.0491289 0.0443221 0.039794 0.035555 0.0316115 0.0279657 0.0246161 0.0215579 0.0187832 0.0162816 0.0140405 0.0120458 0.0102821 0.00873327 0.00738279 0.00621426 0.0052116 0.00435949 0.00364356 0.00305063 0.00256896 0.00218835 0.0019003 0.00169808 0.00157703 
0.00179359 0.00183342 0.00196365 0.00218782 0.00251145 0.00294222 0.00348984 0.00416597 0.00498402 0.00595901 0.0071073 0.00844635 0.00999434 0.0117699 0.0137915 0.0160773 0.0186444 0.0215086 0.0246834 0.0281801 0.0320069 0.0361684 0.0406655 0.0454947 0.0506477 0.0561117 0.0618685 0.0678954 0.0741643 0.0806426 0.087293 0.0940743 0.100942 0.107847 0.114739 0.121566 0.128274 0.134809 0.141117 0.147146 0.152843 0.158161 0.163052 0.167474 0.171389 0.174761 0.177561 0.179764 0.18135 0.182306 0.182623 0.182298 0.181334 0.17974 0.177531 0.174725 0.171348 0.16743 0.163005 0.158112 0.152795 0.1471 0.141074 0.134771 0.128243 0.121543 0.114725 0.107844 0.10095 0.0940958 0.0873277 0.0806907 0.074226 0.0679704 0.0619563 0.0562114 0.0507583 0.0456149 0.040794 0.0363035 0.0321468 0.0283232 0.024828 0.0216529 0.0187869 0.0162163 0.0139257 0.011898 0.0101153 0.0085593 0.00721147 0.00605382 0.00506903 0.00424089 0.00355447 0.00299646 0.00255528 0.00222124 0.00198671 0.00184637 
0.00208973 0.00213603 0.00228679 0.00254603 0.00292002 0.00341746 0.00404934 0.00482884 0.00577111 0.00689305 0.00821307 0.00975072 0.0115263 0.0135606 0.0158741 0.0184869 0.0214176 0.0246834 0.0282989 0.0322759 0.0366228 0.041344 0.0464392 0.0519036 0.0577269 0.0638936 0.0703824 0.0771669 0.0842147 0.0914887 0.0989466 0.106542 0.114224 0.121939 0.129631 0.137242 0.144712 0.151982 0.158993 0.165686 0.172006 0.1779 0.183317 0.188212 0.192541 0.196269 0.199362 0.201795 0.203547 0.204601 0.20495 0.204591 0.203526 0.201764 0.199322 0.19622 0.192485 0.18815 0.183251 0.17783 0.171935 0.165616 0.158925 0.151918 0.144655 0.137192 0.129591 0.121911 0.114208 0.106539 0.0989587 0.091516 0.0842575 0.077225 0.0704556 0.063981 0.0578276 0.0520163 0.0465625 0.0414761 0.0367619 0.0324201 0.0284463 0.024832 0.0215656 0.0186325 0.0160157 0.0136967 0.0116555 0.00987196 0.0083254 0.00699571 0.0058635 0.00491053 0.00412002 0.00347693 0.00296818 0.00258283 0.00231223 0.00215036 
0.002422 0.00247554 0.00264915 0.00294737 0.00337729 0.0039487 0.004674 0.00556799 0.00664767 0.00793199 0.00944151 0.011198 0.0132241 0.0155427 0.0181765 0.0211474 0.0244758 0.0281801 0.0322759 0.0367756 0.0416875 0.0470154 0.0527579 0.0589084 0.0654544 0.0723772 0.0796521 0.0872485 0.0951296 0.103253 0.111571 0.120032 0.128579 0.137152 0.14569 0.154127 0.162399 0.170441 0.178189 0.185578 0.192549 0.199045 0.20501 0.210396 0.215157 0.219254 0.222653 0.225324 0.227247 0.228404 0.228786 0.22839 0.22722 0.225285 0.222602 0.219192 0.215086 0.210316 0.204923 0.198953 0.192454 0.185482 0.178093 0.170349 0.162313 0.154048 0.14562 0.137094 0.128534 0.120002 0.111557 0.103256 0.0951496 0.0872861 0.0797071 0.0724489 0.0655419 0.0590106 0.0528731 0.0471419 0.0418234 0.0369189 0.0324244 0.0283315 0.0246281 0.0212986 0.0183247 0.0156861 0.0133611 0.0113273 0.00956187 0.00804247 0.00674749 0.00565654 0.00475085 0.00401354 0.0034299 0.00298766 0.00267706 0.00249131 
0.00279247 0.00285403 0.00305291 0.00339419 0.00388583 0.00453881 0.00536702 0.00638699 0.00761773 0.00908033 0.0107976 0.0127938 0.0150938 0.0177228 0.0207058 0.0240664 0.0278269 0.0320069 0.0366228 0.0416875 0.047209 0.0531902 0.0596286 0.0665153 0.073835 0.0815658 0.0896792 0.0981397 0.106906 0.115929 0.125158 0.134532 0.143989 0.153465 0.162889 0.172191 0.181301 0.190148 0.198662 0.206774 0.21442 0.221538 0.22807 0.233963 0.239169 0.243647 0.247359 0.250275 0.252373 0.253635 0.254052 0.253619 0.252341 0.250228 0.247296 0.243571 0.239081 0.233864 0.227962 0.221422 0.214299 0.20665 0.198537 0.190025 0.181183 0.17208 0.162786 0.153374 0.143913 0.134471 0.125114 0.115904 0.106899 0.098153 0.0897122 0.0816183 0.073906 0.0666036 0.0597328 0.0533085 0.0473392 0.0418276 0.0367703 0.0321594 0.0279821 0.024222 0.0208596 0.0178728 0.0152381 0.0129307 0.0109258 0.00919848 0.00772492 0.00648243 0.00545009 0.00460909 0.00394299 0.00343805 0.00308336 0.00287131 
0.00320292 0.00327334 0.00349996 0.0038885 0.00444782 0.00519017 0.00613102 0.00728878 0.00868451 0.0103416 0.0122853 0.0145422 0.0171398 0.0201056 0.0234667 0.0272488 0.0314758 0.0361684 0.041344 0.0470154 0.0531902 0.0598706 0.0670519 0.0747231 0.0828657 0.0914542 0.100455 0.109829 0.119528 0.1295 0.139683 0.150014 0.160424 0.170839 0.181186 0.191387 0.201366 0.211045 0.220349 0.229206 0.237546 0.245302 0.252415 0.258826 0.264487 0.269352 0.273383 0.27655 0.278826 0.280195 0.280647 0.280176 0.278788 0.276494 0.27331 0.269262 0.264382 0.258707 0.252284 0.245162 0.237398 0.229053 0.220193 0.210889 0.201213 0.191241 0.181049 0.170714 0.160312 0.149918 0.139606 0.129442 0.119492 0.109815 0.100463 0.0914838 0.0829167 0.0747944 0.067142 0.0599776 0.0533122 0.0471498 0.0414884 0.0363202 0.0316323 0.0274075 0.023625 0.0202612 0.0172906 0.0146862 0.0124208 0.0104672 0.00879892 0.00739102 0.00622032 0.00526592 0.00450958 0.00393599 0.00353301 0.00329216 
0.00365481 0.00373491 0.00399183 0.00443189 0.00506496 0.00590462 0.006968 0.00827545 0.00985027 0.0117182 0.013907 0.0164458 0.0193647 0.0226935 0.0264616 0.0306966 0.0354239 0.0406655 0.0464392 0.0527579 0.0596286 0.0670519 0.0750214 0.083523 0.0925349 0.102027 0.111962 0.122295 0.132971 0.143932 0.155111 0.166438 0.177835 0.189224 0.200524 0.21165 0.222521 0.233053 0.243167 0.252784 0.261831 0.270237 0.277938 0.284876 0.290996 0.296253 0.300607 0.304025 0.306482 0.307959 0.308445 0.307937 0.306439 0.303961 0.300522 0.296149 0.290874 0.284737 0.277785 0.270072 0.261655 0.252601 0.24298 0.232865 0.222334 0.211468 0.200349 0.189061 0.177685 0.166305 0.154998 0.14384 0.132901 0.122249 0.111941 0.102031 0.0925624 0.0835738 0.0750941 0.0671448 0.0597394 0.0528842 0.0465783 0.0408145 0.0355799 0.0308568 0.0266231 0.0228537 0.0195211 0.0165963 0.0140494 0.0118509 0.00997167 0.00838437 0.00706344 0.00598581 0.00513133 0.00448305 0.00402751 0.00375531 
0.00414915 0.0042398 0.00452957 0.00502547 0.00573837 0.0066833 0.00787911 0.00934821 0.0111162 0.0132112 0.0156637 0.0185054 0.0217689 0.0254865 0.0296898 0.0344084 0.039669 0.0454947 0.0519036 0.0589084 0.0665153 0.0747231 0.083523 0.0928978 0.102822 0.113261 0.124171 0.135503 0.147195 0.159183 0.171393 0.183746 0.196161 0.20855 0.220825 0.232898 0.244679 0.256079 0.267014 0.277401 0.287161 0.296222 0.304516 0.311982 0.318563 0.324212 0.328889 0.332558 0.335195 0.336779 0.337301 0.336755 0.335146 0.332486 0.328793 0.324095 0.318424 0.311824 0.304341 0.296032 0.286958 0.277188 0.266794 0.255856 0.244455 0.232678 0.220612 0.208347 0.195971 0.183573 0.17124 0.159052 0.147089 0.135422 0.124118 0.113234 0.102823 0.0929249 0.0835752 0.0747987 0.0666121 0.0590238 0.0520348 0.0456386 0.0398226 0.0345684 0.0298532 0.0256502 0.02193 0.0186615 0.0158124 0.0133505 0.0112442 0.00946357 0.00798055 0.00676986 0.00580932 0.00508027 0.00456788 0.00426179 
0.00468647 0.00478853 0.0051137 0.00566971 0.00646852 0.0075266 0.00886463 0.0105072 0.0124821 0.0148202 0.0175546 0.0207196 0.0243504 0.0284819 0.0331477 0.0383792 0.0442046 0.0506477 0.0577269 0.0654544 0.073835 0.0828657 0.0925349 0.102822 0.113697 0.12512 0.137043 0.149408 0.16215 0.175195 0.188463 0.201869 0.215323 0.228732 0.242 0.255032 0.267733 0.280009 0.29177 0.302929 0.313404 0.323119 0.332004 0.339994 0.347033 0.353072 0.358067 0.361986 0.3648 0.36649 0.367046 0.366463 0.364746 0.361905 0.357961 0.352941 0.346879 0.339818 0.331807 0.322905 0.313174 0.302686 0.291518 0.279751 0.267473 0.254773 0.241746 0.228488 0.215092 0.201655 0.188269 0.175023 0.162004 0.14929 0.136953 0.12506 0.113667 0.102822 0.0925635 0.082921 0.0739149 0.0655563 0.0578478 0.0507844 0.0443537 0.0385373 0.0333113 0.0286477 0.0245152 0.0208805 0.0177089 0.0149656 0.0126164 0.0106287 0.00897186 0.00761839 0.00654395 0.00572812 0.00515464 0.00481213 
0.00526678 0.00538107 0.00574416 0.00636447 0.0072551 0.00843404 0.00992384 0.0117512 0.0139466 0.0165433 0.0195771 0.023085 0.0271049 0.031674 0.0368281 0.0426004 0.0490201 0.0561117 0.0638936 0.0723772 0.0815658 0.0914542 0.102027 0.113261 0.12512 0.137559 0.150525 0.163953 0.177771 0.191897 0.206245 0.220722 0.235231 0.24967 0.26394 0.277937 0.29156 0.304712 0.317297 0.329224 0.340409 0.350771 0.360239 0.368746 0.376236 0.382656 0.387964 0.392126 0.395114 0.396908 0.397498 0.396879 0.395055 0.392039 0.387849 0.382513 0.376067 0.368553 0.360023 0.350534 0.340154 0.328954 0.317014 0.304421 0.291264 0.27764 0.263646 0.249385 0.234957 0.220465 0.206008 0.191683 0.177583 0.163795 0.150398 0.137464 0.125057 0.113231 0.102029 0.0914863 0.0816261 0.0724629 0.0640017 0.0562388 0.0491626 0.0427546 0.0369904 0.0318405 0.0272722 0.0232497 0.0197362 0.0166941 0.0140867 0.0118785 0.0100366 0.00853086 0.00733489 0.00642641 0.00578767 0.00540627 
0.00588942 0.00601677 0.00642018 0.00710884 0.008097 0.00940419 0.0110549 0.0130781 0.0155067 0.0183767 0.0217264 0.0255958 0.0300252 0.0350542 0.0407206 0.0470591 0.0541001 0.0618685 0.0703824 0.0796521 0.0896792 0.100455 0.111962 0.124171 0.137043 0.150525 0.164558 0.179071 0.193984 0.209208 0.22465 0.240208 0.255778 0.271253 0.286524 0.301484 0.316025 0.330046 0.343445 0.35613 0.368011 0.379008 0.389046 0.398058 0.405985 0.412776 0.418388 0.422785 0.425941 0.427836 0.428459 0.427805 0.425879 0.422692 0.418264 0.412623 0.405804 0.397849 0.388812 0.37875 0.367732 0.355833 0.343133 0.329722 0.315694 0.301149 0.286191 0.270925 0.255461 0.239906 0.224368 0.20895 0.193753 0.178871 0.16439 0.150392 0.136944 0.124109 0.111935 0.100462 0.089717 0.0797191 0.0704753 0.0619839 0.0542341 0.0472077 0.0408798 0.0352199 0.0301936 0.0257632 0.0218894 0.0185322 0.0156519 0.0132107 0.0111728 0.0095058 0.00818097 0.0071742 0.00646622 0.00604355 
0.0065531 0.00669429 0.00714032 0.00790115 0.00899221 0.0104346 0.0122549 0.0144842 0.0171579 0.0203148 0.0239959 0.0282438 0.0331014 0.0386105 0.0448109 0.0517387 0.0594252 0.0678954 0.0771669 0.0872485 0.0981397 0.109829 0.122295 0.135503 0.149408 0.163953 0.179071 0.194684 0.210704 0.227035 0.243576 0.260217 0.276848 0.293353 0.309619 0.325532 0.340979 0.355853 0.370051 0.383476 0.396036 0.407649 0.418238 0.427737 0.436086 0.443233 0.449135 0.453759 0.457075 0.459066 0.45972 0.459034 0.45701 0.453661 0.449005 0.443071 0.435894 0.427515 0.417988 0.407372 0.395736 0.383154 0.369711 0.355499 0.340614 0.325161 0.309248 0.292985 0.276488 0.259872 0.243249 0.226732 0.210428 0.194439 0.178861 0.163779 0.149272 0.135405 0.122235 0.109807 0.0981526 0.0872942 0.0772421 0.0679967 0.0595485 0.0518798 0.0449654 0.038774 0.0332697 0.0284128 0.0241618 0.0204742 0.0173077 0.0146216 0.0123776 0.0105407 0.00908016 0.00796978 0.00718879 0.00672262 
0.00725581 0.00741156 0.00790234 0.00873888 0.0099378 0.0115219 0.0135195 0.0159643 0.0188941 0.0223503 0.0263766 0.0310183 0.0363207 0.0423279 0.0490814 0.0566185 0.0649711 0.0741643 0.0842147 0.0951296 0.106906 0.119528 0.132971 0.147195 0.16215 0.177771 0.193984 0.210704 0.227835 0.245275 0.262912 0.280631 0.298313 0.315838 0.333084 0.349931 0.366264 0.38197 0.396943 0.411083 0.424298 0.436502 0.447621 0.457584 0.466334 0.47382 0.479998 0.484835 0.488303 0.490385 0.491069 0.490351 0.488236 0.484733 0.479863 0.473652 0.466134 0.457352 0.447358 0.436211 0.42398 0.410741 0.396579 0.381588 0.365868 0.349526 0.332675 0.31543 0.297912 0.280242 0.26254 0.244926 0.227514 0.210414 0.19373 0.177555 0.161974 0.147061 0.132878 0.119475 0.106891 0.0951517 0.0842702 0.0742494 0.0650817 0.0567501 0.0492294 0.0424877 0.0364876 0.0311878 0.0265445 0.0225128 0.0190478 0.016106 0.0136466 0.0116321 0.0100295 0.00881061 0.00795315 0.00744141 
0.0079948 0.00816578 0.00870321 0.00961864 0.0109299 0.0126614 0.0148435 0.0175121 0.0207075 0.0244738 0.0288574 0.0339062 0.0396678 0.0461882 0.0535107 0.0616737 0.0707094 0.0806426 0.0914887 0.103253 0.115929 0.1295 0.143932 0.159183 0.175195 0.191897 0.209208 0.227035 0.245275 0.263815 0.282539 0.301322 0.320039 0.338563 0.356766 0.374523 0.391715 0.408225 0.423943 0.438769 0.452608 0.465376 0.476994 0.487397 0.496524 0.504327 0.510764 0.5158 0.51941 0.521577 0.522289 0.521543 0.519342 0.515697 0.510626 0.504155 0.496319 0.487157 0.476722 0.465072 0.452275 0.438409 0.423558 0.407818 0.391291 0.374088 0.356323 0.338118 0.319598 0.300891 0.282124 0.263422 0.244908 0.226701 0.20891 0.191638 0.174977 0.159009 0.143803 0.129414 0.115886 0.10325 0.0915223 0.0807095 0.0708055 0.0617942 0.0536507 0.0463428 0.0398318 0.034075 0.0290264 0.0246386 0.0208643 0.0176574 0.0149744 0.0127754 0.011025 0.00969328 0.00875623 0.00819708 
0.00876657 0.00895335 0.00953911 0.0105362 0.0119636 0.0138474 0.01622 0.0191195 0.0225887 0.0266743 0.0314253 0.036892 0.0431243 0.0501703 0.0580744 0.066876 0.0766075 0.087293 0.0989466 0.111571 0.125158 0.139683 0.155111 0.171393 0.188463 0.206245 0.22465 0.243576 0.262912 0.282539 0.302331 0.322157 0.341885 0.36138 0.38051 0.399146 0.417163 0.434442 0.450871 0.466347 0.480777 0.494073 0.50616 0.516972 0.526451 0.534548 0.541222 0.546443 0.550184 0.552428 0.553166 0.552394 0.550115 0.546339 0.541084 0.534374 0.526242 0.516729 0.505882 0.493761 0.480432 0.465973 0.450468 0.434015 0.416715 0.398683 0.380036 0.3609 0.341406 0.321686 0.301873 0.282101 0.2625 0.243196 0.224307 0.205942 0.188204 0.171179 0.154945 0.139563 0.125083 0.111541 0.0989566 0.0873401 0.0766873 0.0669836 0.0582048 0.0503181 0.0432843 0.0370589 0.0315942 0.0268404 0.0227479 0.0192679 0.0163543 0.0139649 0.0120619 0.0106135 0.00959421 0.00898605 
0.00956687 0.00976995 0.0104054 0.0114864 0.0130332 0.0150733 0.0176413 0.0207773 0.0245268 0.0289388 0.0340649 0.0399579 0.0466696 0.0542499 0.0627445 0.0721934 0.0826289 0.0940743 0.106542 0.120032 0.134532 0.150014 0.166438 0.183746 0.201869 0.220722 0.240208 0.260217 0.280631 0.301322 0.322157 0.342998 0.363704 0.384138 0.404159 0.423635 0.442438 0.460446 0.477545 0.493633 0.508613 0.522401 0.534923 0.546112 0.555912 0.564278 0.57117 0.576557 0.580416 0.582732 0.583493 0.582698 0.580348 0.576455 0.571033 0.564105 0.555704 0.545867 0.534642 0.522085 0.508262 0.493248 0.47713 0.460002 0.44197 0.423148 0.403657 0.383627 0.363191 0.342489 0.321659 0.300843 0.280176 0.259793 0.23982 0.220376 0.201567 0.183492 0.166232 0.149859 0.134425 0.119973 0.106527 0.0940999 0.0826909 0.0722867 0.0628639 0.0543897 0.0468243 0.0401218 0.0342328 0.0291054 0.0246876 0.0209281 0.0177784 0.0151937 0.0131343 0.0115662 0.0104624 0.00980397 
0.0103907 0.0106105 0.0112967 0.0124633 0.0141318 0.0163313 0.0190981 0.0224749 0.0265092 0.0312527 0.0367592 0.0430838 0.0502804 0.0584003 0.0674903 0.0775909 0.0887339 0.100942 0.114224 0.128579 0.143989 0.160424 0.177835 0.196161 0.215323 0.235231 0.255778 0.276848 0.298313 0.320039 0.341885 0.363704 0.385352 0.406683 0.427554 0.447827 0.467372 0.486064 0.50379 0.520445 0.535934 0.550174 0.563092 0.574624 0.584716 0.593323 0.600409 0.605946 0.609911 0.612289 0.613072 0.612257 0.609845 0.605847 0.600276 0.593154 0.584511 0.574382 0.562813 0.549858 0.53558 0.520055 0.503365 0.485608 0.466888 0.44732 0.427028 0.406144 0.384808 0.363161 0.341349 0.31952 0.297817 0.276381 0.255347 0.234841 0.214979 0.195865 0.177591 0.160232 0.14385 0.12849 0.114183 0.100944 0.0887767 0.0776686 0.0675974 0.0585309 0.0504286 0.0432437 0.0369251 0.031419 0.026671 0.0226276 0.0192377 0.0164543 0.0142354 0.0125453 0.0113555 0.0106457 
0.0112324 0.0114691 0.0122068 0.0134602 0.0152518 0.0176126 0.0205806 0.0242005 0.0285222 0.0335998 0.0394894 0.046248 0.0539315 0.0625925 0.0722787 0.0830306 0.0948797 0.107847 0.121939 0.137152 0.153465 0.170839 0.189224 0.20855 0.228732 0.24967 0.271253 0.293353 0.315838 0.338563 0.36138 0.384138 0.406683 0.428866 0.450539 0.471562 0.4918 0.511129 0.529433 0.546609 0.562564 0.577214 0.590489 0.602328 0.612679 0.6215 0.628758 0.634426 0.638483 0.640917 0.641719 0.640886 0.638421 0.634331 0.62863 0.621338 0.61248 0.602092 0.590215 0.576901 0.562211 0.546218 0.529005 0.510665 0.491305 0.471039 0.449994 0.428304 0.406111 0.383563 0.36081 0.338006 0.315302 0.292845 0.270779 0.249238 0.228346 0.208214 0.188941 0.170611 0.153291 0.137032 0.121871 0.107826 0.0949022 0.0830915 0.0723724 0.0627128 0.0540722 0.0464029 0.0396523 0.0337649 0.0286842 0.0243543 0.0207219 0.0177377 0.0153576 0.0135441 0.0122672 0.0115055 
0.0120857 0.0123394 0.0131289 0.0144695 0.0163849 0.0189076 0.0220774 0.025941 0.0305507 0.0359625 0.0422349 0.0494268 0.0575957 0.0667953 0.0770741 0.0884724 0.101021 0.114739 0.129631 0.14569 0.162889 0.181186 0.200524 0.220825 0.242 0.26394 0.286524 0.309619 0.333084 0.356766 0.38051 0.404159 0.427554 0.450539 0.472964 0.494685 0.515565 0.53548 0.554314 0.571963 0.588337 0.603354 0.616946 0.629056 0.639634 0.648641 0.656047 0.661827 0.665964 0.668446 0.669264 0.668417 0.665906 0.661739 0.655927 0.648487 0.639444 0.628829 0.616681 0.603048 0.58799 0.571575 0.553886 0.535013 0.515063 0.494151 0.472403 0.449957 0.426958 0.403556 0.379909 0.356174 0.33251 0.309072 0.28601 0.263467 0.241573 0.22045 0.200202 0.180921 0.162681 0.145539 0.129535 0.114693 0.101023 0.0885158 0.0771535 0.0669045 0.057728 0.0495759 0.0423942 0.0361258 0.0307122 0.0260955 0.02222 0.0190344 0.0164925 0.0145551 0.0131907 0.0123769 
0.0129436 0.0132143 0.0140554 0.015483 0.017522 0.0202059 0.0235766 0.0276827 0.0325785 0.0383222 0.0449742 0.0525953 0.0612443 0.0709761 0.0818394 0.0938745 0.107111 0.121566 0.137242 0.154127 0.172191 0.191387 0.21165 0.232898 0.255032 0.277937 0.301484 0.325532 0.349931 0.374523 0.399146 0.423635 0.447827 0.471562 0.494685 0.51705 0.53852 0.558968 0.57828 0.596354 0.6131 0.628441 0.642311 0.654655 0.665428 0.674594 0.682125 0.688 0.692203 0.694724 0.695557 0.694698 0.69215 0.687919 0.682014 0.674451 0.66525 0.654441 0.642058 0.628147 0.612763 0.595974 0.577856 0.558502 0.538015 0.516509 0.494113 0.470964 0.447211 0.423009 0.398517 0.373901 0.349324 0.324948 0.300932 0.277424 0.254566 0.232484 0.211291 0.191087 0.17195 0.153945 0.137118 0.121496 0.107091 0.0938996 0.0819038 0.0710733 0.0613676 0.0527378 0.0451291 0.038483 0.032739 0.0278372 0.0237201 0.020334 0.017631 0.0155702 0.0141185 0.0132528 
0.0137987 0.0140863 0.0149786 0.0164922 0.0186532 0.0214965 0.0250655 0.0294109 0.0345887 0.0406592 0.0476847 0.0557275 0.0648477 0.075101 0.0865364 0.0991936 0.113101 0.128274 0.144712 0.162399 0.181301 0.201366 0.222521 0.244679 0.267733 0.29156 0.316025 0.340979 0.366264 0.391715 0.417163 0.442438 0.467372 0.4918 0.515565 0.53852 0.560524 0.581453 0.601193 0.619644 0.636717 0.652339 0.666447 0.67899 0.689927 0.699224 0.706859 0.712811 0.717069 0.719622 0.720466 0.719599 0.717022 0.712739 0.706759 0.699094 0.689763 0.678791 0.666209 0.652059 0.636393 0.619274 0.600778 0.580993 0.560021 0.537976 0.514987 0.491191 0.46674 0.441791 0.41651 0.391064 0.365625 0.340362 0.315438 0.291011 0.267229 0.244227 0.222126 0.20103 0.181027 0.162187 0.14456 0.128179 0.113059 0.0992001 0.0865853 0.0751857 0.0649612 0.0558628 0.0478346 0.0408169 0.0347476 0.0295649 0.0252094 0.0216255 0.0187634 0.0165806 0.0150427 0.0141257 
0.0146432 0.0149475 0.0158899 0.0174879 0.0197684 0.0227678 0.026531 0.0311103 0.0365637 0.0429533 0.050343 0.0587965 0.0683752 0.0791353 0.0911258 0.104386 0.118943 0.134809 0.151982 0.170441 0.190148 0.211045 0.233053 0.256079 0.280009 0.304712 0.330046 0.355853 0.38197 0.408225 0.434442 0.460446 0.486064 0.511129 0.53548 0.558968 0.581453 0.602811 0.622929 0.641708 0.659064 0.674926 0.689234 0.701943 0.713014 0.722418 0.730135 0.736148 0.740448 0.743027 0.74388 0.743007 0.740408 0.736086 0.730047 0.722303 0.712867 0.701761 0.689014 0.674663 0.658756 0.641353 0.622526 0.60236 0.580956 0.558426 0.534898 0.510513 0.485421 0.459783 0.433768 0.40755 0.381304 0.355205 0.329425 0.304129 0.27947 0.255592 0.232623 0.210675 0.189842 0.170199 0.151802 0.134689 0.118879 0.104374 0.091159 0.0792072 0.0684787 0.0589242 0.0504874 0.0431073 0.0367205 0.0312634 0.0266748 0.0228973 0.0198795 0.0175773 0.015955 0.0149876 
0.0154691 0.0157895 0.0167807 0.0184606 0.0208572 0.024008 0.0279594 0.0327654 0.0384856 0.0451837 0.0529253 0.0617753 0.071796 0.0830442 0.0955686 0.109408 0.124587 0.141117 0.158993 0.178189 0.198662 0.220349 0.243167 0.267014 0.29177 0.317297 0.343445 0.370051 0.396943 0.423943 0.450871 0.477545 0.50379 0.529433 0.554314 0.57828 0.601193 0.622929 0.643375 0.662438 0.680034 0.696097 0.710571 0.723414 0.734591 0.744079 0.751859 0.757918 0.762249 0.764847 0.765708 0.764831 0.762216 0.757866 0.751784 0.743979 0.734462 0.723251 0.71037 0.695854 0.679745 0.6621 0.642988 0.62249 0.600704 0.577743 0.553733 0.528814 0.503138 0.47687 0.45018 0.423248 0.396252 0.369376 0.342795 0.316682 0.291198 0.266494 0.242704 0.219947 0.198325 0.177917 0.158786 0.140973 0.124502 0.109377 0.0955861 0.0831032 0.0718892 0.0618951 0.0530639 0.0453338 0.0386399 0.0329173 0.0281029 0.0241378 0.0209689 0.0185508 0.0168465 0.0158304 
0.0162682 0.0166042 0.0176421 0.0194008 0.0219089 0.025205 0.0293371 0.0343604 0.0403363 0.0473298 0.055408 0.0646369 0.0750795 0.0867929 0.0998257 0.114215 0.129986 0.147146 0.165686 0.185578 0.206774 0.229206 0.252784 0.277401 0.302929 0.329224 0.35613 0.383476 0.411083 0.438769 0.466347 0.493633 0.520445 0.546609 0.571963 0.596354 0.619644 0.641708 0.662438 0.68174 0.699538 0.715766 0.730373 0.743321 0.75458 0.76413 0.771955 0.778047 0.782401 0.785011 0.785878 0.784999 0.782375 0.778006 0.771895 0.764047 0.75447 0.743179 0.730194 0.715544 0.69927 0.681423 0.662067 0.641284 0.619166 0.595825 0.571386 0.545989 0.519788 0.492948 0.465643 0.438056 0.410371 0.382776 0.355453 0.32858 0.302327 0.276849 0.25229 0.228774 0.206408 0.185279 0.165454 0.146979 0.12988 0.114167 0.0998278 0.0868391 0.0751624 0.0647486 0.0555406 0.0474757 0.0404878 0.0345108 0.0294799 0.0253349 0.022021 0.0194916 0.0177087 0.0166456 
