0.00265666 0.00268213 0.00276505 0.00290615 0.00310635 0.0033669 0.00368932 0.00407544 0.00452725 0.00504691 0.00563668 0.00629884 0.00703559 0.00784903 0.00874104 0.00971318 0.0107667 0.0119022 0.0131201 0.0144198 0.0158002 0.0172595 0.018795 0.0204032 0.0220798 0.0238193 0.0256156 0.0274617 0.0293494 0.0312701 0.033214 0.0351708 0.0371296 0.0390788 0.0410065 0.0429003 0.0447477 0.0465362 0.0482531 0.0498863 0.0514236 0.0528537 0.0541656 0.0553492 0.0563952 0.0572954 0.0580425 0.0586307 0.0590551 0.0593123 0.0594002 0.0593182 0.0590668 0.0586483 0.0580659 0.0573246 0.0564302 0.0553899 0.0542121 0.0529059 0.0514814 0.0499495 0.0483217 0.04661 0.0448265 0.0429839 0.0410947 0.0391713 0.0372261 0.0352709 0.0333173 0.0313763 0.029458 0.0275722 0.0257277 0.0239323 0.0221932 0.0205165 0.0189077 0.017371 0.01591 0.0145274 0.013225 0.012004 0.0108647 0.00980717 0.00883055 0.00793369 0.00711506 0.00637282 0.0057049 0.00510912 0.00458325 0.00412506 0.00373241 0.00340334 0.00313606 0.00292906 0.00278112 0.00269152 
0.00268213 0.00270786 0.00279159 0.00293406 0.00313618 0.00339922 0.00372473 0.00411451 0.00457061 0.00509519 0.00569052 0.00635889 0.00710253 0.00792355 0.00882383 0.00980496 0.0108681 0.0120141 0.013243 0.0145545 0.0159474 0.0174198 0.018969 0.0205915 0.0222829 0.0240377 0.0258497 0.0277118 0.0296158 0.031553 0.0335135 0.035487 0.0374624 0.039428 0.0413718 0.0432814 0.0451442 0.0469474 0.0486785 0.050325 0.0518749 0.0533166 0.0546391 0.0558322 0.0568866 0.0577941 0.0585472 0.0591401 0.0595678 0.059827 0.0599156 0.0598328 0.0595794 0.0591575 0.0585704 0.057823 0.0569214 0.0558727 0.0546852 0.0533684 0.0519322 0.0503878 0.0487466 0.0470208 0.0452226 0.0433646 0.0414596 0.0395201 0.0375585 0.0355868 0.0336166 0.0316589 0.0297242 0.0278221 0.0259615 0.0241505 0.0223962 0.0207048 0.0190817 0.0175313 0.0160572 0.0146622 0.013348 0.0121159 0.0109664 0.00989912 0.00891353 0.00800841 0.0071822 0.00643306 0.00575893 0.00515758 0.00462679 0.00416429 0.00376796 0.00343579 0.003166 0.00295705 0.00280773 0.00271729 
0.00276505 0.00279159 0.00287781 0.00302447 0.0032325 0.00350319 0.00383813 0.00423916 0.00470835 0.00524792 0.00586018 0.00654746 0.00731203 0.00815602 0.00908133 0.0100896 0.011182 0.0123592 0.0136214 0.0149682 0.0163984 0.0179099 0.0195 0.021165 0.0229004 0.0247006 0.0265591 0.0284687 0.030421 0.0324069 0.0344165 0.036439 0.0384632 0.0404771 0.0424684 0.0444244 0.0463321 0.0481786 0.0499511 0.0516368 0.0532234 0.0546991 0.0560527 0.0572738 0.0583528 0.0592814 0.060052 0.0606585 0.0610961 0.0613612 0.0614517 0.0613668 0.0611074 0.0606755 0.0600746 0.0593096 0.0583868 0.0573133 0.0560979 0.0547498 0.0532796 0.0516984 0.050018 0.0482507 0.0464092 0.0445063 0.0425549 0.040568 0.0385581 0.0365377 0.0345185 0.0325119 0.0305285 0.0285783 0.0266703 0.0248128 0.0230132 0.0212779 0.0196124 0.0180213 0.0165082 0.015076 0.0137266 0.0124613 0.0112805 0.0101841 0.00917148 0.00824135 0.00739221 0.00662216 0.00592911 0.00531083 0.00476501 0.00428939 0.00388177 0.00354012 0.00326262 0.00304771 0.00289413 0.00280113 
0.00290615 0.00293406 0.00302447 0.00317817 0.00339613 0.00367968 0.00403046 0.00445037 0.00494154 0.00550626 0.00614692 0.00686589 0.00766551 0.00854797 0.00951519 0.0105688 0.01171 0.0129395 0.0142574 0.0156632 0.0171555 0.0187323 0.0203906 0.0221265 0.0239352 0.025811 0.027747 0.0297356 0.0317682 0.0338352 0.0359263 0.0380304 0.0401357 0.0422298 0.0442998 0.0463328 0.0483152 0.0502336 0.0520748 0.0538255 0.055473 0.0570051 0.0584102 0.0596776 0.0607974 0.0617609 0.0625604 0.0631896 0.0636435 0.0639183 0.064012 0.0639237 0.0636543 0.0632058 0.0625821 0.061788 0.0608299 0.0597155 0.0584536 0.0570538 0.0555271 0.0538849 0.0521394 0.0503034 0.04839 0.0464124 0.0443841 0.0423185 0.0402285 0.0381271 0.0360265 0.0339385 0.0318742 0.0298438 0.027857 0.0259223 0.0240473 0.0222388 0.0205026 0.0188435 0.0172653 0.0157711 0.0143629 0.013042 0.0118091 0.010664 0.00960603 0.00863406 0.00774649 0.00694141 0.00621667 0.00556998 0.00499897 0.00450132 0.00407476 0.0037172 0.00342675 0.00320181 0.00304108 0.00294379 
0.00310635 0.00313618 0.0032325 0.00339613 0.00362809 0.00392976 0.00430285 0.00474934 0.00527147 0.00587161 0.00655223 0.0073158 0.00816473 0.00910128 0.0101274 0.0112448 0.0124546 0.0137575 0.0151536 0.0166421 0.0182217 0.0198901 0.0216439 0.0234792 0.0253907 0.0273723 0.0294169 0.0315162 0.0336611 0.0358417 0.0380468 0.0402649 0.0424836 0.0446898 0.04687 0.0490105 0.0510973 0.0531161 0.0550532 0.0568946 0.0586272 0.060238 0.061715 0.0630471 0.0642238 0.0652361 0.0660759 0.0667368 0.0672133 0.0675018 0.0675999 0.0675069 0.0672234 0.066752 0.0660962 0.0652614 0.0642543 0.0630827 0.0617559 0.0602841 0.0586784 0.056951 0.0551147 0.0531827 0.0511688 0.049087 0.0469511 0.0447754 0.0425734 0.0403588 0.0381443 0.0359425 0.0337649 0.0316224 0.0295251 0.0274822 0.0255016 0.0235906 0.0217553 0.0200008 0.0183314 0.0167501 0.0152593 0.0138605 0.0125543 0.0113408 0.0102192 0.00918837 0.00824677 0.00739241 0.00662308 0.00593641 0.00532996 0.00480128 0.00434805 0.00396807 0.00365938 0.00342032 0.00324952 0.00314618 
0.0033669 0.00339922 0.00350319 0.00367968 0.00392976 0.00425488 0.00465684 0.00513775 0.00569992 0.00634586 0.00707815 0.00789938 0.00881205 0.00981848 0.0109207 0.0121204 0.0134188 0.0148165 0.0163134 0.0179087 0.0196008 0.0213871 0.0232642 0.0252275 0.0272714 0.0293893 0.0315735 0.0338152 0.0361047 0.0384312 0.040783 0.0431477 0.045512 0.0478622 0.050184 0.0524626 0.0546832 0.056831 0.0588911 0.060849 0.0626906 0.0644025 0.0659718 0.0673867 0.0686364 0.0697112 0.0706028 0.0713042 0.0718098 0.0721158 0.0722195 0.0721203 0.071819 0.071318 0.0706213 0.0697344 0.0686643 0.0674194 0.0660094 0.064445 0.0627381 0.0609015 0.0589485 0.0568934 0.0547506 0.0525348 0.0502609 0.0479437 0.0455979 0.0432377 0.0408769 0.0385287 0.0362054 0.0339187 0.0316794 0.0294971 0.0273806 0.0253375 0.0233746 0.0214972 0.0197101 0.0180166 0.0164193 0.01492 0.0135193 0.0122173 0.0110135 0.00990678 0.00889538 0.00797734 0.00715037 0.00641201 0.0057597 0.0051909 0.00470316 0.00429417 0.00396189 0.00370455 0.00352071 0.00340955 
0.00368932 0.00372473 0.00383813 0.00403046 0.00430285 0.00465684 0.00509436 0.00561761 0.00622907 0.00693136 0.00772722 0.00861934 0.00961036 0.0107027 0.0118984 0.0131993 0.0146064 0.0161203 0.017741 0.0194672 0.0212973 0.0232283 0.0252564 0.0273764 0.0295825 0.0318673 0.0342224 0.0366383 0.0391046 0.0416095 0.0441406 0.0466844 0.0492268 0.0517529 0.0542474 0.0566946 0.0590787 0.0613838 0.063594 0.065694 0.0676686 0.0695036 0.0711853 0.0727013 0.0740399 0.075191 0.0761456 0.0768964 0.0774375 0.0777646 0.0778753 0.0777687 0.0774455 0.0769085 0.0761618 0.0752114 0.0740646 0.0727303 0.0712189 0.0695417 0.0677114 0.0657415 0.0636464 0.061441 0.0591408 0.0567615 0.054319 0.0518292 0.0493077 0.0467697 0.0442301 0.0417028 0.0392014 0.0367384 0.0343252 0.0319723 0.0296894 0.0274847 0.0253653 0.0233374 0.021406 0.019575 0.0178471 0.0162243 0.0147076 0.0132971 0.0119924 0.0107923 0.00969515 0.00869883 0.007801 0.00699906 0.00629036 0.00567219 0.00514198 0.0046973 0.00433597 0.00405613 0.00385625 0.00373546 
0.00407544 0.00411451 0.00423916 0.00445037 0.00474934 0.00513775 0.00561761 0.00619131 0.00686144 0.00763082 0.00850231 0.00947879 0.010563 0.0117574 0.0130643 0.0144853 0.0160216 0.0176737 0.0194411 0.0213228 0.0233166 0.0254191 0.0276261 0.0299319 0.03233 0.0348123 0.0373697 0.0399919 0.0426672 0.0453832 0.0481262 0.0508816 0.0536342 0.056368 0.0590665 0.0617127 0.0642897 0.0667803 0.0691675 0.0714349 0.0735664 0.0755464 0.0773607 0.0789956 0.080439 0.0816799 0.0827087 0.0835177 0.0841005 0.0844527 0.0845715 0.084456 0.0841072 0.0835278 0.0827223 0.081697 0.0804598 0.0790203 0.0773894 0.0755793 0.0736035 0.0714765 0.0692137 0.0668311 0.0643452 0.0617731 0.0591317 0.0564381 0.053709 0.050961 0.04821 0.0454713 0.0427593 0.0400875 0.0374686 0.034914 0.032434 0.0300377 0.0277331 0.0255268 0.0234243 0.02143 0.0195472 0.0177779 0.0161235 0.0145841 0.0131595 0.0118485 0.0106493 0.00955995 0.00857781 0.00770024 0.00692441 0.00624748 0.00566671 0.00517952 0.00478359 0.00447695 0.00425797 0.0041257 
0.00452725 0.00457061 0.00470835 0.00494154 0.00527147 0.00569992 0.00622907 0.00686144 0.00759983 0.00844721 0.00940663 0.0104811 0.0116736 0.0129867 0.0144225 0.015983 0.0176691 0.0194813 0.021419 0.0234808 0.0256641 0.0279652 0.0303793 0.0329001 0.0355202 0.0382309 0.0410221 0.0438823 0.0467991 0.0497586 0.0527461 0.0557456 0.0587406 0.0617138 0.0646472 0.0675227 0.0703217 0.0730258 0.0756168 0.0780769 0.0803886 0.0825356 0.0845021 0.0862739 0.0878376 0.0891817 0.0902958 0.0911716 0.0918024 0.0921833 0.0923114 0.0921858 0.0918075 0.0911793 0.0903062 0.0891949 0.0878539 0.0862934 0.0845251 0.0825622 0.0804191 0.0781114 0.0756556 0.0730691 0.0703696 0.0675754 0.0647048 0.0617763 0.0588081 0.055818 0.0528232 0.0498404 0.0468853 0.0439726 0.0411161 0.0383283 0.0356205 0.0330028 0.0304838 0.0280709 0.0257705 0.0235872 0.0215247 0.0195857 0.0177715 0.0160827 0.0145189 0.0130791 0.0117616 0.010564 0.00948395 0.00851847 0.0076646 0.00691934 0.00627976 0.00574312 0.00530695 0.00496912 0.00472791 0.00458231 
0.00504691 0.00509519 0.00524792 0.00550626 0.00587161 0.00634586 0.00693136 0.00763082 0.00844721 0.00938371 0.0104436 0.01163 0.012946 0.0143944 0.0159775 0.0176969 0.0195538 0.0215484 0.02368 0.0259467 0.0283456 0.0308726 0.033522 0.0362871 0.0391594 0.0421294 0.0451858 0.0483161 0.0515066 0.0547421 0.0580064 0.0612824 0.0645518 0.0677958 0.070995 0.0741295 0.0771795 0.0801249 0.0829461 0.0856237 0.088139 0.0904743 0.0926127 0.0945388 0.0962384 0.0976987 0.098909 0.0998602 0.100545 0.100958 0.101097 0.10096 0.100548 0.0998651 0.0989158 0.0977076 0.0962494 0.0945524 0.0926291 0.0904937 0.0881617 0.0856501 0.0829764 0.0801595 0.0772186 0.0741733 0.0710437 0.0678495 0.0646107 0.0613464 0.0580757 0.0548164 0.0515857 0.0483999 0.0452739 0.0422215 0.0392551 0.0363858 0.0336233 0.0309757 0.02845 0.0260517 0.0237849 0.0216525 0.0196564 0.0177973 0.0160749 0.0144882 0.0130356 0.0117146 0.0105227 0.00945686 0.00851386 0.00769052 0.00698374 0.00639058 0.0059084 0.00553492 0.0052683 0.00510744 
0.00563668 0.00569052 0.00586018 0.00614692 0.00655223 0.00707815 0.00772722 0.00850231 0.00940663 0.0104436 0.0116166 0.0129291 0.0143842 0.0159848 0.0177334 0.0196316 0.0216804 0.02388 0.0262291 0.0287259 0.0313667 0.0341469 0.0370601 0.0400987 0.0432535 0.0465135 0.0498666 0.0532989 0.0567952 0.060339 0.0639125 0.0674969 0.0710724 0.0746184 0.0781138 0.0815371 0.0848665 0.0880806 0.0911579 0.0940775 0.0968193 0.099364 0.101694 0.103791 0.105642 0.107231 0.108548 0.109583 0.110328 0.110777 0.110927 0.110778 0.110329 0.109585 0.108551 0.107235 0.105647 0.103798 0.101702 0.0993752 0.0968332 0.0940946 0.0911786 0.0881052 0.0848955 0.0815706 0.0781522 0.074662 0.0711213 0.0675513 0.0639725 0.0604045 0.0568661 0.053375 0.0499477 0.0465993 0.0433436 0.0401926 0.0371573 0.0342467 0.0314685 0.0288289 0.0263328 0.0239834 0.0217829 0.0197323 0.0178316 0.0160798 0.0144752 0.0130154 0.0116976 0.0105186 0.00947518 0.00856385 0.00778132 0.00712444 0.00659038 0.0061767 0.00588141 0.00570336 
0.00629884 0.00635889 0.00654746 0.00686589 0.0073158 0.00789938 0.00861934 0.00947879 0.0104811 0.01163 0.0129291 0.0143819 0.0159919 0.017762 0.0196946 0.0217915 0.0240536 0.0264807 0.0290715 0.0318234 0.0347325 0.0377933 0.0409988 0.0443403 0.0478075 0.0513884 0.0550694 0.0588354 0.0626695 0.0665536 0.0704682 0.0743927 0.0783056 0.0821843 0.0860059 0.089747 0.093384 0.0968936 0.100252 0.103438 0.106429 0.109203 0.111743 0.114029 0.116045 0.117776 0.11921 0.120337 0.121148 0.121636 0.121799 0.121636 0.121147 0.120335 0.119209 0.117774 0.116043 0.114028 0.111743 0.109205 0.106433 0.103445 0.100262 0.0969069 0.0934014 0.0897689 0.0860326 0.0822163 0.0783431 0.0744361 0.0705175 0.0666088 0.0627308 0.0589026 0.0551423 0.0514667 0.0478908 0.0444282 0.0410908 0.0378888 0.0348308 0.0319238 0.0291731 0.0265828 0.0241554 0.0218922 0.0197933 0.0178578 0.0160841 0.0144697 0.0130117 0.0117069 0.0105515 0.00954215 0.00867518 0.00794725 0.00735534 0.00689683 0.00656958 0.00637236 
0.00703559 0.00710253 0.00731203 0.00766551 0.00816473 0.00881205 0.00961036 0.010563 0.0116736 0.012946 0.0143842 0.0159919 0.0177726 0.0197294 0.0218648 0.0241806 0.0266773 0.0293548 0.0322112 0.0352435 0.0384472 0.0418161 0.0453422 0.0490158 0.0528254 0.0567578 0.0607978 0.0649288 0.0691322 0.0733882 0.0776754 0.0819713 0.0862522 0.0904938 0.094671 0.0987584 0.10273 0.106562 0.110227 0.113702 0.116963 0.119988 0.122755 0.125246 0.127442 0.129327 0.130889 0.132115 0.132997 0.133529 0.133706 0.133527 0.132993 0.13211 0.130882 0.129319 0.127433 0.125237 0.122746 0.11998 0.116956 0.113697 0.110225 0.106562 0.102735 0.0987672 0.0946846 0.0905127 0.0862769 0.082002 0.0777125 0.0734318 0.0691824 0.0649856 0.0608611 0.0568273 0.0529008 0.0490967 0.045428 0.0419063 0.0385412 0.0353404 0.0323102 0.029455 0.026778 0.0242807 0.0219636 0.0198258 0.0178657 0.016081 0.0144684 0.0130246 0.0117457 0.0106281 0.00966788 0.00886147 0.00820565 0.0076976 0.00733505 0.00711665 
0.00784903 0.00792355 0.00815602 0.00854797 0.00910128 0.00981848 0.0107027 0.0117574 0.0129867 0.0143944 0.0159848 0.017762 0.0197294 0.0218904 0.0242474 0.0268022 0.0295551 0.0325056 0.0356516 0.0389896 0.0425142 0.0462184 0.0500932 0.0541279 0.0583096 0.0626236 0.0670533 0.0715802 0.076184 0.0808429 0.0855336 0.0902314 0.0949105 0.0995444 0.104106 0.108567 0.112901 0.117079 0.121075 0.124862 0.128415 0.131709 0.134722 0.137433 0.139822 0.141873 0.143572 0.144905 0.145864 0.146442 0.146634 0.146439 0.145858 0.144896 0.14356 0.141859 0.139805 0.137414 0.134703 0.13169 0.128396 0.124844 0.121059 0.117066 0.112891 0.108561 0.104105 0.0995487 0.0949207 0.0902479 0.0855569 0.0808733 0.0762216 0.0716251 0.0671055 0.0626829 0.0583757 0.0542004 0.0501717 0.0463022 0.0426027 0.039082 0.0357471 0.0326032 0.0296539 0.0269011 0.0243457 0.0219869 0.0198231 0.017852 0.0160703 0.0144744 0.0130604 0.0118242 0.0107618 0.0098694 0.00914353 0.00858119 0.00817993 0.00793833 
0.00874104 0.00882383 0.00908133 0.00951519 0.0101274 0.0109207 0.0118984 0.0130643 0.0144225 0.0159775 0.0177334 0.0196946 0.0218648 0.0242474 0.0268449 0.0296587 0.0326893 0.0359356 0.0393951 0.0430636 0.0469352 0.0510016 0.0552531 0.0596774 0.0642604 0.0689858 0.0738352 0.0787883 0.0838229 0.0889151 0.0940392 0.0991686 0.104275 0.10933 0.114303 0.119165 0.123886 0.128436 0.132786 0.136906 0.140771 0.144353 0.147628 0.150574 0.153171 0.155399 0.157243 0.158691 0.159732 0.160359 0.160566 0.160354 0.159723 0.158677 0.157225 0.155377 0.153145 0.150546 0.147598 0.144321 0.140739 0.136875 0.132755 0.128408 0.123861 0.119144 0.114286 0.109318 0.104269 0.0991694 0.0940472 0.0889305 0.0838463 0.0788197 0.0738747 0.0690333 0.0643158 0.0597402 0.0553229 0.0510779 0.0470171 0.0431505 0.039486 0.0360296 0.0327854 0.0297558 0.026942 0.0243434 0.0219587 0.0197852 0.0178198 0.0160586 0.0144976 0.0131325 0.011959 0.010973 0.0101709 0.0095495 0.00910611 0.00883927 
0.00971318 0.00980496 0.0100896 0.0105688 0.0112448 0.0121204 0.0131993 0.0144853 0.015983 0.0176969 0.0196316 0.0217915 0.0241806 0.0268022 0.0296587 0.0327516 0.0360811 0.0396457 0.0434423 0.0474661 0.0517102 0.0561656 0.060821 0.065663 0.0706759 0.0758416 0.0811401 0.0865489 0.0920437 0.0975985 0.103185 0.108775 0.114337 0.11984 0.125252 0.130541 0.135673 0.140618 0.145343 0.149818 0.154014 0.157901 0.161455 0.16465 0.167466 0.169881 0.171881 0.17345 0.174577 0.175256 0.175481 0.175249 0.174565 0.173431 0.171856 0.169851 0.167431 0.164611 0.161413 0.157856 0.153967 0.149771 0.145297 0.140573 0.135631 0.130501 0.125217 0.11981 0.114313 0.108758 0.103176 0.0975975 0.0920512 0.0865652 0.0811654 0.0758759 0.070719 0.0657146 0.0608807 0.0562329 0.0517844 0.0475463 0.0435276 0.0397351 0.0361736 0.0328461 0.029754 0.026897 0.0242739 0.0218822 0.0197185 0.0177789 0.0160591 0.0145547 0.0132611 0.012174 0.0112895 0.0106041 0.0101152 0.00982105 
0.0107667 0.0108681 0.011182 0.01171 0.0124546 0.0134188 0.0146064 0.0160216 0.0176691 0.0195538 0.0216804 0.0240536 0.0266773 0.0295551 0.0326893 0.0360811 0.0397304 0.0436354 0.0477924 0.0521957 0.0568375 0.0617077 0.0667937 0.0720807 0.0775512 0.0831855 0.0889614 0.0948543 0.100838 0.106883 0.112961 0.119038 0.125083 0.13106 0.136936 0.142675 0.148243 0.153605 0.158726 0.163575 0.168119 0.172329 0.176176 0.179634 0.18268 0.185293 0.187455 0.189152 0.190371 0.191104 0.191346 0.191096 0.190354 0.189127 0.187423 0.185254 0.182635 0.179583 0.176121 0.17227 0.168058 0.163512 0.158663 0.153542 0.148182 0.142617 0.136882 0.131011 0.12504 0.119002 0.112933 0.106864 0.100828 0.0948538 0.0889707 0.0832048 0.0775804 0.0721196 0.0668419 0.0617646 0.0569025 0.0522679 0.0478709 0.0437192 0.0398183 0.036172 0.0327818 0.0296481 0.0267696 0.0241437 0.0217673 0.0196362 0.017746 0.0160919 0.0146692 0.0134734 0.0125003 0.0117462 0.0112083 0.0108849 
0.0119022 0.0120141 0.0123592 0.0129395 0.0137575 0.0148165 0.0161203 0.0176737 0.0194813 0.0215484 0.02388 0.0264807 0.0293548 0.0325056 0.0359356 0.0396457 0.0436354 0.0479024 0.0524423 0.0572487 0.0623127 0.0676229 0.0731654 0.0789237 0.0848786 0.0910085 0.0972889 0.103693 0.110193 0.116756 0.12335 0.129941 0.136494 0.14297 0.149334 0.155546 0.161571 0.16737 0.172908 0.178149 0.183058 0.187605 0.191758 0.195491 0.198779 0.201598 0.203931 0.205761 0.207075 0.207866 0.208126 0.207855 0.207055 0.205731 0.203892 0.201551 0.198723 0.195429 0.19169 0.187531 0.182981 0.178068 0.172826 0.167288 0.16149 0.155468 0.149259 0.1429 0.13643 0.129885 0.123302 0.116717 0.110163 0.103674 0.0972807 0.0910112 0.0848924 0.0789482 0.0732004 0.0676679 0.0623671 0.0573116 0.0525128 0.0479794 0.0437177 0.039732 0.0360246 0.032596 0.0294451 0.0265697 0.0239662 0.0216307 0.0195585 0.0177445 0.0161839 0.0148719 0.013804 0.0129765 0.0123863 0.0120314 
0.0131201 0.013243 0.0136214 0.0142574 0.0151536 0.0163134 0.017741 0.0194411 0.021419 0.02368 0.0262291 0.0290715 0.0322112 0.0356516 0.0393951 0.0434423 0.0477924 0.0524423 0.0573871 0.0626193 0.068129 0.0739034 0.0799271 0.086182 0.0926469 0.099298 0.106109 0.11305 0.120091 0.127197 0.134334 0.141463 0.148547 0.155545 0.162418 0.169126 0.175627 0.181883 0.187854 0.193503 0.198794 0.203691 0.208164 0.212183 0.215722 0.218756 0.221265 0.223234 0.224647 0.225497 0.225777 0.225485 0.224623 0.223198 0.221219 0.218699 0.215655 0.212108 0.208082 0.203602 0.198699 0.193405 0.187753 0.181781 0.175525 0.169026 0.162321 0.155453 0.148461 0.141384 0.134264 0.127137 0.120041 0.113011 0.106081 0.0992825 0.0926434 0.0861906 0.0799475 0.0739351 0.0681714 0.0626716 0.0574483 0.0525113 0.0478679 0.043523 0.0394796 0.0357385 0.0322989 0.0291586 0.0263143 0.0237617 0.021496 0.0195122 0.0178049 0.0163693 0.0152007 0.0142951 0.0136491 0.0132609 
0.0144198 0.0145545 0.0149682 0.0156632 0.0166421 0.0179087 0.0194672 0.0213228 0.0234808 0.0259467 0.0287259 0.0318234 0.0352435 0.0389896 0.0430636 0.0474661 0.0521957 0.0572487 0.0626193 0.0682991 0.0742769 0.0805385 0.0870669 0.0938421 0.100841 0.108038 0.115403 0.122906 0.130512 0.138185 0.145886 0.153576 0.161213 0.168754 0.176157 0.183379 0.190375 0.197105 0.203526 0.209598 0.215282 0.220544 0.225347 0.229662 0.23346 0.236715 0.239408 0.241519 0.243035 0.243946 0.244246 0.243932 0.243008 0.241478 0.239354 0.236649 0.233382 0.229574 0.225249 0.220438 0.21517 0.20948 0.203404 0.196981 0.190251 0.183256 0.176037 0.168639 0.161103 0.153474 0.145793 0.138101 0.130439 0.122845 0.115355 0.108002 0.100819 0.0938332 0.0870711 0.0805553 0.0743058 0.0683393 0.0626698 0.0573084 0.0522632 0.0475401 0.0431426 0.039072 0.0353278 0.0319079 0.0288092 0.0260272 0.0235571 0.0213936 0.0195313 0.0179649 0.0166897 0.0157014 0.0149964 0.0145729 
0.0158002 0.0159474 0.0163984 0.0171555 0.0182217 0.0196008 0.0212973 0.0233166 0.0256641 0.0283456 0.0313667 0.0347325 0.0384472 0.0425142 0.0469352 0.0517102 0.0568375 0.0623127 0.068129 0.0742769 0.0807438 0.0875142 0.0945694 0.101887 0.109443 0.117207 0.12515 0.133236 0.141429 0.14969 0.157977 0.166248 0.174458 0.182561 0.190512 0.198264 0.205772 0.212991 0.219875 0.226383 0.232474 0.238109 0.243253 0.247872 0.251937 0.255421 0.258301 0.260559 0.262181 0.263155 0.263475 0.263139 0.262149 0.260512 0.258239 0.255344 0.251847 0.24777 0.24314 0.237987 0.232344 0.226246 0.219733 0.212845 0.205625 0.198118 0.190367 0.182421 0.174323 0.166121 0.157859 0.149582 0.141332 0.133152 0.125079 0.11715 0.1094 0.101859 0.0945557 0.0875147 0.0807578 0.0743036 0.0681674 0.0623617 0.0568958 0.0517764 0.0470075 0.0425912 0.0385271 0.0348136 0.0314474 0.0284243 0.0257392 0.0233866 0.021361 0.019657 0.0182695 0.017194 0.016427 0.0159663 
0.0172595 0.0174198 0.0179099 0.0187323 0.0198901 0.0213871 0.0232283 0.0254191 0.0279652 0.0308726 0.0341469 0.0377933 0.0418161 0.0462184 0.0510016 0.0561656 0.0617077 0.0676229 0.0739034 0.0805385 0.0875142 0.0948134 0.102416 0.110296 0.118429 0.126782 0.135322 0.144011 0.152812 0.16168 0.170572 0.179441 0.188241 0.196923 0.205438 0.213736 0.221769 0.229489 0.236849 0.243805 0.250312 0.25633 0.261822 0.266752 0.27109 0.274807 0.27788 0.280288 0.282017 0.283055 0.283396 0.283037 0.281981 0.280235 0.277809 0.274721 0.270988 0.266637 0.261694 0.256191 0.250162 0.243647 0.236685 0.229321 0.221598 0.213564 0.205268 0.196757 0.18808 0.179287 0.170427 0.161545 0.152689 0.143902 0.135227 0.126702 0.118364 0.110248 0.102383 0.094796 0.0875117 0.0805502 0.0739284 0.06766 0.0617556 0.0562227 0.0510663 0.0462889 0.0418907 0.0378702 0.0342243 0.0309488 0.0280385 0.0254879 0.0232913 0.021443 0.0199377 0.0187709 0.0179388 0.0174391 
0.018795 0.018969 0.0195 0.0203906 0.0216439 0.0232642 0.0252564 0.0276261 0.0303793 0.033522 0.0370601 0.0409988 0.0453422 0.0500932 0.0552531 0.060821 0.0667937 0.0731654 0.0799271 0.0870669 0.0945694 0.102416 0.110583 0.119045 0.127773 0.136733 0.145888 0.155199 0.164623 0.174115 0.183628 0.193112 0.202518 0.211792 0.220883 0.22974 0.23831 0.246543 0.254388 0.2618 0.268731 0.27514 0.280986 0.286234 0.290849 0.294803 0.298071 0.300632 0.30247 0.303574 0.303936 0.303554 0.30243 0.300572 0.297992 0.294706 0.290735 0.286104 0.280842 0.274983 0.268562 0.261621 0.254202 0.246351 0.238115 0.229543 0.220687 0.211599 0.202329 0.192931 0.183456 0.173954 0.164474 0.155064 0.145768 0.136628 0.127685 0.118974 0.110529 0.102379 0.094549 0.0870623 0.0799374 0.0731893 0.0668299 0.0608679 0.055309 0.0501563 0.0454106 0.0410706 0.0371335 0.033595 0.0304501 0.0276931 0.0253181 0.0233193 0.0216912 0.0204291 0.019529 0.0189887 
0.0204032 0.0205915 0.021165 0.0221265 0.0234792 0.0252275 0.0273764 0.0299319 0.0329001 0.0362871 0.0400987 0.0443403 0.0490158 0.0541279 0.0596774 0.065663 0.0720807 0.0789237 0.086182 0.0938421 0.101887 0.110296 0.119045 0.128105 0.137444 0.147027 0.156813 0.16676 0.176823 0.186954 0.197101 0.207213 0.217235 0.227114 0.236793 0.246218 0.255334 0.264087 0.272426 0.2803 0.287662 0.294466 0.300672 0.30624 0.311136 0.31533 0.318796 0.321511 0.32346 0.32463 0.325013 0.324607 0.323416 0.321446 0.318709 0.315223 0.31101 0.306096 0.300512 0.294291 0.287474 0.280101 0.272217 0.263871 0.255113 0.245995 0.23657 0.226893 0.217019 0.207003 0.1969 0.186764 0.176646 0.166597 0.156666 0.146896 0.137332 0.128011 0.118969 0.110239 0.101848 0.0938199 0.0861762 0.0789332 0.072104 0.0656986 0.0597235 0.0541825 0.0490771 0.0444062 0.0401673 0.0363562 0.0329679 0.0299967 0.0274365 0.0252814 0.0235258 0.0221647 0.021194 0.0206115 
0.0220798 0.0222829 0.0229004 0.0239352 0.0253907 0.0272714 0.0295825 0.03233 0.0355202 0.0391594 0.0432535 0.0478075 0.0528254 0.0583096 0.0642604 0.0706759 0.0775512 0.0848786 0.0926469 0.100841 0.109443 0.118429 0.127773 0.137444 0.147409 0.157627 0.168057 0.178653 0.189367 0.200147 0.210939 0.221689 0.232338 0.242829 0.253104 0.263104 0.272772 0.282052 0.290889 0.299231 0.307027 0.314231 0.320798 0.326689 0.331869 0.336304 0.339968 0.342839 0.344899 0.346135 0.34654 0.346111 0.344851 0.342768 0.339874 0.336187 0.331731 0.326532 0.320622 0.314038 0.30682 0.299011 0.290658 0.281813 0.272527 0.262855 0.252853 0.24258 0.232093 0.22145 0.210709 0.199928 0.189161 0.178462 0.167882 0.157469 0.14727 0.137325 0.127673 0.118349 0.109382 0.1008 0.0926237 0.0848724 0.0775605 0.070699 0.0642956 0.0583548 0.0528786 0.0478666 0.0433163 0.039224 0.0355845 0.032392 0.0296405 0.0273238 0.0254363 0.0239728 0.0229292 0.022303 
0.0238193 0.0240377 0.0247006 0.025811 0.0273723 0.0293893 0.0318673 0.0348123 0.0382309 0.0421294 0.0465135 0.0513884 0.0567578 0.0626236 0.0689858 0.0758416 0.0831855 0.0910085 0.099298 0.108038 0.117207 0.126782 0.136733 0.147027 0.157627 0.168491 0.179575 0.19083 0.202203 0.213642 0.225087 0.236481 0.247763 0.258873 0.269748 0.280329 0.290553 0.300363 0.309701 0.318512 0.326745 0.334349 0.341279 0.347494 0.352957 0.357634 0.361498 0.364524 0.366695 0.367998 0.368424 0.367972 0.366643 0.364447 0.361395 0.357508 0.352808 0.347323 0.341088 0.334139 0.326518 0.318271 0.309448 0.3001 0.290282 0.280053 0.269471 0.258596 0.247489 0.236213 0.224827 0.213393 0.201968 0.190609 0.179371 0.168306 0.157461 0.146881 0.136609 0.126679 0.117125 0.107976 0.0992564 0.0909854 0.0831796 0.0758512 0.069009 0.0626584 0.056802 0.0514399 0.04657 0.0421887 0.0382909 0.0348709 0.0319227 0.0294398 0.0274166 0.0258478 0.024729 0.024058 
0.0256156 0.0258497 0.0265591 0.027747 0.0294169 0.0315735 0.0342224 0.0373697 0.0410221 0.0451858 0.0498666 0.0550694 0.0607978 0.0670533 0.0738352 0.0811401 0.0889614 0.0972889 0.106109 0.115403 0.12515 0.135322 0.145888 0.156813 0.168057 0.179575 0.19132 0.20324 0.215279 0.227381 0.239484 0.251527 0.263446 0.275177 0.286655 0.297817 0.308599 0.318939 0.328779 0.338059 0.346727 0.354731 0.362024 0.368562 0.374307 0.379226 0.383287 0.386469 0.38875 0.390119 0.390567 0.390091 0.388695 0.386385 0.383177 0.379089 0.374146 0.368377 0.361817 0.354504 0.346482 0.337798 0.328503 0.318652 0.308303 0.297515 0.28635 0.274871 0.263142 0.251229 0.239194 0.227101 0.215013 0.202989 0.191087 0.179361 0.167863 0.156641 0.145738 0.135194 0.125045 0.115321 0.106048 0.097248 0.0889392 0.0811351 0.0738455 0.0670768 0.0608322 0.0551125 0.0499159 0.0452391 0.0410772 0.0374245 0.0342747 0.0316217 0.0294595 0.0277828 0.0265871 0.02587 
0.0274617 0.0277118 0.0284687 0.0297356 0.0315162 0.0338152 0.0366383 0.0399919 0.0438823 0.0483161 0.0532989 0.0588354 0.0649288 0.0715802 0.0787883 0.0865489 0.0948543 0.103693 0.11305 0.122906 0.133236 0.144011 0.155199 0.16676 0.178653 0.19083 0.20324 0.215828 0.228536 0.241303 0.254066 0.266758 0.279314 0.291666 0.303747 0.315489 0.326827 0.337696 0.348034 0.357782 0.366883 0.375284 0.382936 0.389795 0.395821 0.400978 0.405236 0.408571 0.410963 0.412397 0.412866 0.412367 0.410903 0.408482 0.405119 0.400833 0.395649 0.389598 0.382715 0.375041 0.366619 0.3575 0.347737 0.337386 0.326506 0.315161 0.303414 0.291332 0.278982 0.26643 0.253745 0.240993 0.228239 0.215546 0.202976 0.190586 0.178431 0.166561 0.155023 0.143859 0.133108 0.122801 0.112969 0.103633 0.094815 0.0865285 0.0787848 0.0715915 0.0649525 0.0588692 0.0533404 0.0483629 0.043932 0.0400422 0.0366872 0.0338608 0.0315569 0.0297702 0.0284961 0.0277321 
0.0293494 0.0296158 0.030421 0.0317682 0.0336611 0.0361047 0.0391046 0.0426672 0.0467991 0.0515066 0.0567952 0.0626695 0.0691322 0.076184 0.0838229 0.0920437 0.100838 0.110193 0.120091 0.130512 0.141429 0.152812 0.164623 0.176823 0.189367 0.202203 0.215279 0.228536 0.241912 0.255344 0.268765 0.282105 0.295295 0.308265 0.320945 0.333263 0.345153 0.356546 0.367378 0.377588 0.387117 0.395911 0.403919 0.411094 0.417396 0.422789 0.427241 0.430727 0.433227 0.434726 0.435216 0.434694 0.433163 0.430633 0.427116 0.422635 0.417214 0.410884 0.403683 0.395652 0.386836 0.377287 0.36706 0.356213 0.344808 0.332909 0.320585 0.307903 0.294934 0.281747 0.268414 0.255003 0.241585 0.228224 0.214985 0.20193 0.189115 0.176595 0.16442 0.152633 0.141276 0.130384 0.119988 0.110113 0.100781 0.092007 0.0838048 0.0761823 0.0691446 0.0626934 0.0568282 0.0515461 0.0468428 0.0427126 0.0391496 0.0361473 0.0336997 0.0318013 0.0304476 0.0296361 
0.0312701 0.031553 0.0324069 0.0338352 0.0358417 0.0384312 0.0416095 0.0453832 0.0497586 0.0547421 0.060339 0.0665536 0.0733882 0.0808429 0.0889151 0.0975985 0.106883 0.116756 0.127197 0.138185 0.14969 0.16168 0.174115 0.186954 0.200147 0.213642 0.227381 0.241303 0.255344 0.269436 0.28351 0.297492 0.311311 0.324893 0.338165 0.351053 0.363487 0.375397 0.386716 0.397382 0.407332 0.416512 0.424869 0.432355 0.438929 0.444553 0.449195 0.452829 0.455435 0.456997 0.457508 0.456964 0.455368 0.45273 0.449064 0.44439 0.438736 0.432134 0.42462 0.416238 0.407034 0.397062 0.386378 0.375042 0.363118 0.350674 0.337779 0.324503 0.310921 0.297105 0.283129 0.269065 0.254986 0.24096 0.227056 0.213338 0.199866 0.186697 0.173884 0.161475 0.149512 0.138034 0.127072 0.116656 0.106807 0.0975448 0.0888816 0.0808276 0.0733885 0.066567 0.0603629 0.0547739 0.0497958 0.0454233 0.0416503 0.0384704 0.0358778 0.0338667 0.0324326 0.031573 
0.033214 0.0335135 0.0344165 0.0359263 0.0380468 0.040783 0.0441406 0.0481262 0.0527461 0.0580064 0.0639125 0.0704682 0.0776754 0.0855336 0.0940392 0.103185 0.112961 0.12335 0.134334 0.145886 0.157977 0.170572 0.183628 0.197101 0.210939 0.225087 0.239484 0.254066 0.268765 0.28351 0.298228 0.312845 0.327283 0.341468 0.355322 0.36877 0.381739 0.394156 0.405954 0.417065 0.427428 0.436986 0.445684 0.453474 0.460313 0.466162 0.47099 0.474769 0.477478 0.479102 0.479633 0.479068 0.477409 0.474665 0.470853 0.465993 0.460111 0.453242 0.445423 0.436697 0.427114 0.416728 0.405596 0.393781 0.381348 0.368367 0.354911 0.341051 0.326865 0.312429 0.297818 0.283108 0.268376 0.253692 0.239129 0.224753 0.210629 0.196816 0.183369 0.17034 0.157774 0.145711 0.134186 0.12323 0.112866 0.103114 0.0939899 0.085504 0.0776631 0.0704705 0.0639268 0.05803 0.0527763 0.0481605 0.0441767 0.0408186 0.0380802 0.035956 0.0344411 0.0335333 
0.0351708 0.035487 0.036439 0.0380304 0.0402649 0.0431477 0.0466844 0.0508816 0.0557456 0.0612824 0.0674969 0.0743927 0.0819713 0.0902314 0.0991686 0.108775 0.119038 0.129941 0.141463 0.153576 0.166248 0.179441 0.193112 0.207213 0.221689 0.236481 0.251527 0.266758 0.282105 0.297492 0.312845 0.328083 0.34313 0.357905 0.37233 0.386326 0.399817 0.41273 0.424993 0.43654 0.447305 0.45723 0.46626 0.474346 0.481442 0.487511 0.492518 0.496438 0.499247 0.500932 0.501482 0.500896 0.499175 0.49633 0.492376 0.487334 0.481232 0.474104 0.465987 0.456928 0.446976 0.436186 0.424618 0.412335 0.399405 0.3859 0.371894 0.357463 0.342685 0.32764 0.312405 0.297061 0.281686 0.266355 0.251142 0.236117 0.221348 0.206898 0.192825 0.179183 0.166019 0.153376 0.141293 0.129799 0.118923 0.108686 0.0991029 0.0901871 0.0819459 0.0743835 0.0675012 0.0612973 0.0557685 0.0509099 0.0467156 0.0431794 0.0402954 0.038058 0.0364625 0.0355065 
0.0371296 0.0374624 0.0384632 0.0401357 0.0424836 0.045512 0.0492268 0.0536342 0.0587406 0.0645518 0.0710724 0.0783056 0.0862522 0.0949105 0.104275 0.114337 0.125083 0.136494 0.148547 0.161213 0.174458 0.188241 0.202518 0.217235 0.232338 0.247763 0.263446 0.279314 0.295295 0.311311 0.327283 0.34313 0.35877 0.374121 0.389101 0.40363 0.41763 0.431024 0.443739 0.455707 0.466862 0.477143 0.486494 0.494865 0.502211 0.508491 0.513672 0.517727 0.520633 0.522376 0.522945 0.522339 0.520559 0.517616 0.513525 0.508308 0.501993 0.494614 0.486211 0.476829 0.46652 0.455338 0.443347 0.43061 0.417197 0.403183 0.388642 0.373654 0.358299 0.342659 0.326816 0.310852 0.294847 0.278881 0.263031 0.24737 0.231968 0.216892 0.202203 0.187956 0.174203 0.160989 0.148353 0.13633 0.124948 0.114229 0.104193 0.0948512 0.0862134 0.0782845 0.0710663 0.0645578 0.0587559 0.0536561 0.0492527 0.0455397 0.042511 0.0401611 0.0384854 0.0374815 
0.0390788 0.039428 0.0404771 0.0422298 0.0446898 0.0478622 0.0517529 0.056368 0.0617138 0.0677958 0.0746184 0.0821843 0.0904938 0.0995444 0.10933 0.11984 0.13106 0.14297 0.155545 0.168754 0.182561 0.196923 0.211792 0.227114 0.242829 0.258873 0.275177 0.291666 0.308265 0.324893 0.341468 0.357905 0.374121 0.39003 0.405548 0.420593 0.435084 0.448943 0.462095 0.47447 0.486 0.496623 0.506284 0.514929 0.522514 0.528997 0.534346 0.53853 0.54153 0.543328 0.543916 0.54329 0.541453 0.538416 0.534194 0.528809 0.52229 0.51467 0.505991 0.496299 0.485645 0.474087 0.461687 0.448512 0.434633 0.420125 0.405067 0.38954 0.373625 0.357409 0.340974 0.324406 0.307789 0.291205 0.274733 0.258451 0.242431 0.226743 0.21145 0.196611 0.182281 0.168506 0.155329 0.142785 0.130905 0.119714 0.109231 0.0994698 0.0904413 0.0821511 0.0746016 0.0677926 0.0617212 0.0563833 0.0517734 0.0478855 0.0447139 0.0422529 0.040498 0.0394467 
0.0410065 0.0413718 0.0424684 0.0442998 0.04687 0.050184 0.0542474 0.0590665 0.0646472 0.070995 0.0781138 0.0860059 0.094671 0.104106 0.114303 0.125252 0.136936 0.149334 0.162418 0.176157 0.190512 0.205438 0.220883 0.236793 0.253104 0.269748 0.286655 0.303747 0.320945 0.338165 0.355322 0.37233 0.389101 0.405548 0.421585 0.437126 0.45209 0.466395 0.479966 0.492731 0.50462 0.515572 0.525528 0.534436 0.542249 0.548927 0.554434 0.558743 0.561832 0.563683 0.564288 0.563644 0.561753 0.558626 0.554279 0.548734 0.542019 0.53417 0.525227 0.515237 0.504254 0.492335 0.479544 0.465948 0.451621 0.43664 0.421084 0.405036 0.388582 0.371809 0.354802 0.337651 0.320441 0.303258 0.286183 0.269298 0.252678 0.236394 0.220514 0.2051 0.190207 0.175885 0.162179 0.149127 0.136761 0.125107 0.114187 0.104016 0.0946047 0.0859604 0.0780862 0.0709824 0.0646466 0.059075 0.0542623 0.0502028 0.0468907 0.0443206 0.0424878 0.04139 
0.0429003 0.0432814 0.0444244 0.0463328 0.0490105 0.0524626 0.0566946 0.0617127 0.0675227 0.0741295 0.0815371 0.089747 0.0987584 0.108567 0.119165 0.130541 0.142675 0.155546 0.169126 0.183379 0.198264 0.213736 0.22974 0.246218 0.263104 0.280329 0.297817 0.315489 0.333263 0.351053 0.36877 0.386326 0.40363 0.420593 0.437126 0.453143 0.468558 0.483289 0.49726 0.510396 0.522628 0.533892 0.544129 0.553287 0.561317 0.568179 0.573838 0.578265 0.581437 0.583339 0.583961 0.583299 0.581358 0.578146 0.57368 0.567982 0.561082 0.553015 0.543821 0.533549 0.522252 0.509989 0.496825 0.482828 0.468073 0.452639 0.436606 0.420061 0.40309 0.385782 0.368226 0.350514 0.332734 0.314973 0.297318 0.279851 0.262651 0.245792 0.229345 0.213373 0.197934 0.183083 0.168864 0.155319 0.142481 0.130378 0.119033 0.108462 0.0986783 0.0896892 0.0814987 0.0741075 0.0675139 0.0617143 0.0567039 0.0524769 0.0490278 0.0463511 0.0444423 0.0432991 
0.0447477 0.0451442 0.0463321 0.0483152 0.0510973 0.0546832 0.0590787 0.0642897 0.0703217 0.0771795 0.0848665 0.093384 0.10273 0.112901 0.123886 0.135673 0.148243 0.161571 0.175627 0.190375 0.205772 0.221769 0.23831 0.255334 0.272772 0.290553 0.308599 0.326827 0.345153 0.363487 0.381739 0.399817 0.41763 0.435084 0.45209 0.468558 0.484401 0.499538 0.513887 0.527375 0.539932 0.551491 0.561994 0.571387 0.579623 0.586659 0.59246 0.596998 0.60025 0.602199 0.602836 0.602158 0.600169 0.596877 0.592299 0.586458 0.579383 0.57111 0.56168 0.551141 0.539547 0.526959 0.51344 0.499063 0.483902 0.468038 0.451552 0.434533 0.417069 0.399251 0.381172 0.362924 0.344599 0.326286 0.308075 0.29005 0.272294 0.254883 0.237889 0.221381 0.205418 0.190056 0.175344 0.161323 0.148029 0.135493 0.123737 0.112781 0.102637 0.0933141 0.0848174 0.077148 0.0703048 0.0642844 0.0590823 0.054693 0.051111 0.048331 0.0463485 0.0451613 
0.0465362 0.0469474 0.0481786 0.0502336 0.0531161 0.056831 0.0613838 0.0667803 0.0730258 0.0801249 0.0880806 0.0968936 0.106562 0.117079 0.128436 0.140618 0.153605 0.16737 0.181883 0.197105 0.212991 0.229489 0.246543 0.264087 0.282052 0.300363 0.318939 0.337696 0.356546 0.375397 0.394156 0.41273 0.431024 0.448943 0.466395 0.483289 0.499538 0.515055 0.529762 0.543581 0.556442 0.568279 0.579032 0.588646 0.597074 0.604273 0.610208 0.61485 0.618176 0.62017 0.620822 0.620129 0.618094 0.614727 0.610045 0.60407 0.596831 0.588364 0.578712 0.567923 0.55605 0.543156 0.529305 0.514569 0.499026 0.482755 0.465842 0.448374 0.430444 0.412144 0.393569 0.374812 0.355969 0.337131 0.318391 0.299835 0.281549 0.263612 0.246098 0.229077 0.212614 0.196764 0.181579 0.167102 0.153372 0.14042 0.128271 0.116944 0.106455 0.0968116 0.0880208 0.0800841 0.0730009 0.0667682 0.0613817 0.0568362 0.0531264 0.0502469 0.0481935 0.0469639 
0.0482531 0.0486785 0.0499511 0.0520748 0.0550532 0.0588911 0.063594 0.0691675 0.0756168 0.0829461 0.0911579 0.100252 0.110227 0.121075 0.132786 0.145343 0.158726 0.172908 0.187854 0.203526 0.219875 0.236849 0.254388 0.272426 0.290889 0.309701 0.328779 0.348034 0.367378 0.386716 0.405954 0.424993 0.443739 0.462095 0.479966 0.49726 0.513887 0.529762 0.544802 0.558931 0.572077 0.584173 0.595158 0.604978 0.613585 0.620935 0.626995 0.631733 0.635128 0.637164 0.63783 0.637123 0.635046 0.63161 0.62683 0.62073 0.613339 0.604693 0.594834 0.583811 0.571678 0.558498 0.544337 0.529266 0.513364 0.496713 0.479398 0.461511 0.443143 0.424389 0.405346 0.386111 0.36678 0.347447 0.328207 0.30915 0.290363 0.271927 0.253921 0.236415 0.219476 0.203164 0.18753 0.17262 0.158476 0.145128 0.132605 0.120926 0.110107 0.100159 0.0910877 0.0828962 0.075584 0.0691488 0.0635864 0.0588918 0.0550599 0.0520856 0.0499645 0.0486944 
0.0498863 0.050325 0.0516368 0.0538255 0.0568946 0.060849 0.065694 0.0714349 0.0780769 0.0856237 0.0940775 0.103438 0.113702 0.124862 0.136906 0.149818 0.163575 0.178149 0.193503 0.209598 0.226383 0.243805 0.2618 0.2803 0.299231 0.318512 0.338059 0.357782 0.377588 0.397382 0.417065 0.43654 0.455707 0.47447 0.492731 0.510396 0.527375 0.543581 0.558931 0.573347 0.586756 0.599091 0.610292 0.620302 0.629074 0.636565 0.642739 0.647567 0.651026 0.6531 0.653778 0.653058 0.650943 0.647443 0.642573 0.636358 0.628827 0.620014 0.609964 0.598725 0.586352 0.572908 0.558458 0.543077 0.526842 0.509837 0.49215 0.473871 0.455095 0.435919 0.41644 0.396757 0.37697 0.357174 0.337467 0.31794 0.298683 0.27978 0.261311 0.243349 0.225964 0.209216 0.193159 0.177843 0.163307 0.149587 0.13671 0.124699 0.113569 0.103333 0.0939973 0.085565 0.0780365 0.0714097 0.0656809 0.0608454 0.056898 0.0538339 0.0516487 0.0503404 
0.0514236 0.0518749 0.0532234 0.055473 0.0586272 0.0626906 0.0676686 0.0735664 0.0803886 0.088139 0.0968193 0.106429 0.116963 0.128415 0.140771 0.154014 0.168119 0.183058 0.198794 0.215282 0.232474 0.250312 0.268731 0.287662 0.307027 0.326745 0.346727 0.366883 0.387117 0.407332 0.427428 0.447305 0.466862 0.486 0.50462 0.522628 0.539932 0.556442 0.572077 0.586756 0.600407 0.612962 0.62436 0.634545 0.643468 0.651087 0.657366 0.662275 0.665793 0.667901 0.668591 0.66786 0.665709 0.662151 0.6572 0.650879 0.643219 0.634255 0.624029 0.612592 0.599999 0.586311 0.571597 0.55593 0.539389 0.522059 0.504028 0.485388 0.466236 0.446669 0.426787 0.406691 0.386481 0.366256 0.346115 0.326152 0.306459 0.287121 0.268222 0.249837 0.232035 0.214882 0.198432 0.182735 0.167835 0.153767 0.140561 0.128239 0.116819 0.106313 0.0967296 0.088072 0.080341 0.0735349 0.0676504 0.0626828 0.0586273 0.0554791 0.0532339 0.0518897 
0.0528537 0.0533166 0.0546991 0.0570051 0.060238 0.0644025 0.0695036 0.0755464 0.0825356 0.0904743 0.099364 0.109203 0.119988 0.131709 0.144353 0.157901 0.172329 0.187605 0.203691 0.220544 0.238109 0.25633 0.27514 0.294466 0.314231 0.334349 0.354731 0.375284 0.395911 0.416512 0.436986 0.45723 0.477143 0.496623 0.515572 0.533892 0.551491 0.568279 0.584173 0.599091 0.612962 0.625717 0.637293 0.647636 0.656696 0.664432 0.670806 0.675789 0.679359 0.6815 0.6822 0.681458 0.679276 0.675664 0.670639 0.664223 0.656446 0.647345 0.636961 0.625344 0.612551 0.598642 0.583688 0.567761 0.550941 0.533314 0.51497 0.496001 0.476505 0.456581 0.43633 0.415855 0.395258 0.37464 0.354102 0.333738 0.313644 0.293907 0.274612 0.255837 0.237653 0.220125 0.203313 0.187266 0.17203 0.157641 0.14413 0.131521 0.119833 0.109078 0.0992654 0.0903994 0.0824811 0.0755092 0.0694805 0.0643907 0.0602351 0.057009 0.0547082 0.0533308 
