0.000537528 0.000545837 0.000574369 0.000623708 0.000694722 0.000788619 0.000906926 0.00105148 0.00122438 0.00142799 0.00166488 0.00193778 0.00224956 0.00260312 0.00300139 0.00344725 0.00394343 0.00449244 0.00509653 0.00575758 0.00647701 0.00725574 0.00809407 0.00899165 0.00994739 0.0109594 0.0120251 0.0131407 0.014302 0.0155037 0.0167395 0.0180026 0.0192851 0.0205787 0.0218743 0.0231623 0.0244328 0.0256753 0.0268796 0.0280351 0.0291316 0.030159 0.0311076 0.0319685 0.0327332 0.0333943 0.0339452 0.0343804 0.0346954 0.0348871 0.0349535 0.034894 0.0347091 0.0344009 0.0339725 0.0334282 0.0327736 0.0320151 0.0311604 0.0302176 0.0291958 0.0281046 0.0269541 0.0257544 0.024516 0.0232494 0.0219647 0.0206719 0.0193807 0.0181 0.0168382 0.0156032 0.0144017 0.0132401 0.0121236 0.0110567 0.0100428 0.0090848 0.00818452 0.00734311 0.00656096 0.0058378 0.00517277 0.0045645 0.00401114 0.0035105 0.00306011 0.00265726 0.00229913 0.00198282 0.00170544 0.00146415 0.00125623 0.00107912 0.000930478 0.000808179 0.00071039 0.000635572 0.000582503 0.000550358 
0.000545837 0.000554287 0.000583278 0.000633403 0.000705542 0.000800921 0.000921091 0.00106791 0.00124352 0.00145031 0.00169089 0.00196802 0.00228462 0.00264362 0.00304801 0.00350068 0.0040044 0.00456173 0.00517492 0.00584588 0.00657605 0.00736633 0.00821703 0.00912778 0.0100975 0.0111242 0.0122052 0.0133368 0.0145147 0.0157333 0.0169866 0.0182673 0.0195677 0.0208792 0.0221926 0.0234982 0.0247859 0.0260453 0.0272658 0.0284368 0.0295479 0.0305889 0.0315501 0.0324223 0.0331971 0.0338668 0.0344249 0.0348657 0.0351848 0.0353789 0.0354461 0.0353858 0.0351985 0.0348862 0.0344521 0.0339006 0.0332373 0.0324688 0.0316027 0.0306473 0.0296119 0.0285061 0.0273401 0.0261242 0.0248691 0.0235852 0.0222829 0.0209724 0.0196633 0.0183648 0.0170854 0.015833 0.0146146 0.0134365 0.012304 0.0112217 0.0101932 0.00922129 0.00830786 0.0074541 0.00666041 0.00592653 0.0052516 0.00463422 0.00407255 0.00356435 0.00310713 0.00269816 0.00233456 0.00201341 0.00173177 0.00148677 0.00127564 0.0010958 0.000944851 0.000820658 0.000721354 0.000645378 0.000591489 0.000558852 
0.000574369 0.000583278 0.000613751 0.000666406 0.000742161 0.000842294 0.000968424 0.00112249 0.00130672 0.0015236 0.00177584 0.00206633 0.00239807 0.00277414 0.00319762 0.0036715 0.00419864 0.00478169 0.00542297 0.00612442 0.00688751 0.00771314 0.0086016 0.00955244 0.0105645 0.0116357 0.0127631 0.0139431 0.0151708 0.0164406 0.0177461 0.0190798 0.0204336 0.0217985 0.0231651 0.0245233 0.0258625 0.0271719 0.0284405 0.0296575 0.030812 0.0318935 0.0328918 0.0337976 0.0346021 0.0352975 0.0358768 0.0363343 0.0366654 0.0368667 0.0369363 0.0368735 0.0366789 0.0363545 0.0359036 0.0353308 0.0346419 0.0338436 0.0329438 0.0319513 0.0308755 0.0297263 0.0285143 0.0272503 0.0259452 0.0246099 0.0232552 0.0218915 0.0205291 0.0191773 0.017845 0.0165405 0.015271 0.0140432 0.0128626 0.011734 0.0106611 0.00964689 0.00869346 0.00780201 0.00697302 0.00620627 0.00550087 0.00485542 0.00426802 0.00373639 0.00325793 0.00282983 0.00244912 0.00211276 0.0018177 0.00156095 0.00133966 0.00115111 0.000992821 0.000862571 0.000758413 0.000678719 0.000622199 0.000587979 
0.000623708 0.000633403 0.000666406 0.000723376 0.000805299 0.000913539 0.00104982 0.00121622 0.00141511 0.00164915 0.00192121 0.00223436 0.00259181 0.0029968 0.0034526 0.00396237 0.00452912 0.00515562 0.00584431 0.00659719 0.00741577 0.00830094 0.00925293 0.0102712 0.0113544 0.0125004 0.0137058 0.0149667 0.016278 0.0176336 0.0190265 0.0204489 0.021892 0.0233464 0.0248019 0.0262478 0.0276729 0.0290658 0.030415 0.0317087 0.0329355 0.0340844 0.0351448 0.0361065 0.0369606 0.0376985 0.0383132 0.0387985 0.0391496 0.039363 0.0394366 0.0393696 0.0391628 0.0388182 0.0383393 0.0377311 0.0369994 0.0361515 0.0351957 0.0341412 0.0329979 0.0317763 0.0304877 0.0291433 0.0277548 0.0263336 0.0248913 0.023439 0.0219872 0.0205463 0.0191256 0.0177338 0.0163788 0.0150676 0.0138062 0.0125998 0.0114523 0.0103671 0.00934642 0.00839156 0.00750313 0.00668097 0.00592419 0.00523137 0.00460052 0.00402926 0.00351488 0.0030544 0.00264469 0.00228253 0.00196469 0.001688 0.00144941 0.00124605 0.00107528 0.000934715 0.000822286 0.000736257 0.00067525 0.000638333 
0.000694722 0.000705542 0.000742161 0.000805299 0.00089603 0.00101584 0.00116662 0.00135062 0.00157042 0.0018289 0.00212919 0.00247463 0.00286865 0.00331477 0.00381651 0.00437725 0.00500024 0.0056884 0.00644432 0.00727009 0.00816726 0.00913673 0.0101786 0.0112923 0.0124761 0.0137276 0.0150432 0.0164183 0.0178475 0.019324 0.0208402 0.0223875 0.0239564 0.0255367 0.0271173 0.0286866 0.0302325 0.0317428 0.0332049 0.0346064 0.0359349 0.0371785 0.0383258 0.0393661 0.0402896 0.0410873 0.0417516 0.0422759 0.0426551 0.0428854 0.0429645 0.0428917 0.0426678 0.0422949 0.0417769 0.0411188 0.0403272 0.0394097 0.0383753 0.0372337 0.0359956 0.0346724 0.0332761 0.0318188 0.030313 0.0287712 0.0272057 0.0256284 0.0240511 0.0224846 0.0209392 0.0194244 0.0179489 0.0165201 0.0151447 0.0138284 0.0125757 0.0113901 0.0102742 0.00922967 0.00825711 0.00735646 0.00652688 0.00576688 0.00507439 0.00444689 0.00388149 0.00337499 0.00292405 0.00252518 0.00217492 0.00186983 0.00160661 0.00138214 0.00119356 0.00103828 0.000914044 0.000818972 0.00075156 0.000710793 
0.000788619 0.000800921 0.000842294 0.000913539 0.00101584 0.00115086 0.00132067 0.00152776 0.00177499 0.00206553 0.00240283 0.00279053 0.00323244 0.00373239 0.0042942 0.00492159 0.00561803 0.00638669 0.00723033 0.00815116 0.00915079 0.0102301 0.011389 0.0126267 0.0139414 0.0153301 0.0167887 0.0183123 0.0198944 0.0215277 0.0232037 0.0249129 0.0266448 0.0283881 0.0301305 0.0318594 0.0335617 0.0352237 0.0368318 0.0383724 0.0398322 0.041198 0.0424576 0.0435993 0.0446124 0.0454872 0.0462154 0.04679 0.0472053 0.0474574 0.0475437 0.0474634 0.0472173 0.046808 0.0462394 0.0455171 0.0446481 0.0436409 0.0425049 0.041251 0.0398906 0.0384362 0.0369007 0.0352975 0.0336401 0.0319422 0.0302173 0.0284785 0.0267385 0.0250094 0.0233025 0.0216283 0.0199963 0.0184149 0.0168915 0.0154325 0.0140429 0.0127268 0.0114872 0.0103258 0.00924363 0.00824071 0.0073162 0.00646856 0.00569561 0.00499465 0.00436256 0.0037959 0.00329102 0.00284411 0.00245139 0.00210909 0.00181357 0.00156143 0.00134948 0.00117489 0.00103517 0.000928225 0.000852403 0.000806583 
0.000906926 0.000921091 0.000968424 0.00104982 0.00116662 0.00132067 0.00151429 0.00175027 0.00203179 0.00236239 0.00274591 0.00318639 0.00368804 0.0042551 0.00489178 0.00560215 0.00639002 0.00725882 0.00821151 0.00925044 0.0103773 0.0115928 0.0128969 0.0142884 0.0157651 0.0173236 0.0189593 0.0206662 0.0224374 0.0242644 0.0261376 0.0280465 0.0299793 0.0319234 0.0338652 0.0357907 0.0376852 0.0395338 0.0413215 0.0430331 0.0446541 0.0461701 0.0475675 0.0488336 0.0499566 0.0509261 0.0517328 0.052369 0.0528287 0.0531074 0.0532024 0.053113 0.0528398 0.0523857 0.051755 0.0509539 0.0499901 0.0488726 0.047612 0.0462201 0.0447095 0.0430938 0.0413873 0.0396046 0.0377608 0.0358709 0.0339497 0.0320118 0.0300714 0.0281418 0.0262356 0.0243646 0.0225394 0.0207695 0.0190632 0.0174276 0.0158687 0.0143909 0.0129978 0.0116916 0.0104735 0.00934364 0.00830121 0.00734463 0.00647162 0.00567925 0.00496414 0.00432253 0.0037504 0.00324358 0.00279788 0.00240911 0.00207327 0.00178653 0.00154538 0.00134664 0.00118753 0.00106574 0.000979395 0.000927253 
0.00105148 0.00106791 0.00112249 0.00121622 0.00135062 0.00152776 0.00175027 0.00202127 0.00234435 0.00272348 0.00316295 0.00366729 0.00424117 0.00488934 0.00561644 0.00642696 0.0073251 0.00831458 0.00939862 0.0105797 0.0118595 0.0132388 0.0147172 0.0162933 0.0179644 0.0197265 0.0215742 0.0235007 0.025498 0.0275565 0.0296655 0.0318128 0.0339854 0.0361689 0.0383484 0.040508 0.0426315 0.0447022 0.0467034 0.0486185 0.0504311 0.0521255 0.0536866 0.0551003 0.0563539 0.0574356 0.0583353 0.0590447 0.059557 0.0598673 0.0599727 0.0598723 0.059567 0.0590598 0.0583555 0.0574609 0.0563843 0.055136 0.0537274 0.0521716 0.0504824 0.0486751 0.0467652 0.0447691 0.0427033 0.0405847 0.0384296 0.0362545 0.034075 0.0319061 0.0297621 0.0276559 0.0255997 0.0236042 0.0216789 0.0198319 0.0180699 0.0163983 0.0148211 0.013341 0.0119594 0.0106769 0.00949253 0.00840479 0.0074112 0.00650861 0.00569333 0.00496123 0.00430787 0.00372863 0.00321884 0.00277386 0.00238918 0.00206054 0.001784 0.00155599 0.00137338 0.00123357 0.00113447 0.00107466 
0.00122438 0.00124352 0.00130672 0.00141511 0.00157042 0.00177499 0.00203179 0.00234435 0.00271672 0.00315337 0.00365911 0.00423904 0.00489838 0.00564242 0.00647633 0.00740509 0.00843329 0.00956504 0.0108038 0.0121522 0.0136119 0.0151836 0.0168668 0.0186595 0.0205585 0.0225591 0.024655 0.0268385 0.0291001 0.0314291 0.0338132 0.0362388 0.0386908 0.0411534 0.0436096 0.0460416 0.0484314 0.0507602 0.0530095 0.0551607 0.0571958 0.0590971 0.060848 0.062433 0.0638377 0.0650495 0.066057 0.0668511 0.0674242 0.0677711 0.0678886 0.0677755 0.0674329 0.0668641 0.0660746 0.0650716 0.0638645 0.0624645 0.0608844 0.0591384 0.0572421 0.0552122 0.0530662 0.050822 0.0484983 0.0461136 0.0436865 0.0412351 0.038777 0.0363292 0.0339075 0.0315269 0.0292008 0.0269417 0.0247601 0.0226655 0.0206657 0.0187667 0.0169735 0.0152891 0.0137156 0.0122535 0.0109022 0.00965996 0.00852427 0.0074917 0.00655821 0.00571924 0.00496989 0.00430501 0.0037194 0.00320785 0.00276532 0.00238702 0.00206851 0.00180577 0.00159529 0.0014341 0.00131985 0.00125094 
0.00142799 0.00145031 0.0015236 0.00164915 0.0018289 0.00206553 0.00236239 0.00272348 0.00315337 0.00365709 0.00424007 0.00490803 0.00566683 0.00652237 0.00748041 0.00854645 0.00972558 0.0110223 0.0124402 0.0139822 0.01565 0.0174442 0.0193637 0.0214063 0.023568 0.0258433 0.0282249 0.0307038 0.0332692 0.0359087 0.0386084 0.0413528 0.044125 0.046907 0.0496797 0.0524232 0.0551171 0.0577406 0.0602729 0.0626934 0.0649819 0.0671189 0.0690859 0.0708658 0.0724426 0.0738022 0.0749323 0.0758226 0.0764649 0.0768534 0.0769844 0.0768569 0.0764719 0.0758332 0.0749467 0.0738204 0.0724648 0.0708922 0.0691167 0.0671543 0.065022 0.0627385 0.0603231 0.057796 0.0551777 0.0524892 0.0497509 0.0469835 0.0442066 0.0414392 0.0386993 0.0360037 0.0333679 0.0308058 0.0283296 0.0259501 0.0236763 0.0215154 0.0194729 0.0175528 0.0157575 0.0140877 0.0125432 0.0111221 0.00982168 0.00863833 0.00756761 0.0066045 0.00574355 0.00497905 0.00430516 0.00371607 0.00320612 0.00276991 0.00240243 0.00209916 0.00185611 0.00166995 0.00153801 0.00145849 
0.00166488 0.00169089 0.00177584 0.00192121 0.00212919 0.00240283 0.00274591 0.00316295 0.00365911 0.00424007 0.00491194 0.00568113 0.00655422 0.00753777 0.00863821 0.00986163 0.0112136 0.012699 0.0143219 0.0160851 0.0179904 0.0200381 0.0222269 0.0245539 0.0270144 0.0296019 0.0323077 0.0351216 0.0380313 0.0410224 0.0440792 0.0471841 0.0503179 0.0534603 0.0565898 0.0596842 0.0627206 0.0656757 0.0685263 0.0712494 0.0738225 0.0762241 0.0784336 0.080432 0.0822017 0.083727 0.0849944 0.0859925 0.0867123 0.0871473 0.0872935 0.0871498 0.0867174 0.0860002 0.085005 0.0837406 0.0822185 0.0804524 0.0784578 0.0762523 0.0738551 0.0712867 0.0685685 0.0657231 0.0627734 0.0597426 0.0566539 0.05353 0.0503932 0.0472648 0.0441653 0.0411134 0.0381268 0.0352213 0.032411 0.0297082 0.0271231 0.0246642 0.0223381 0.0201495 0.0181012 0.0161946 0.0144293 0.0128037 0.0113149 0.00995894 0.00873097 0.00762548 0.00663645 0.00575753 0.00498218 0.00430391 0.00371635 0.00321345 0.00278955 0.00243956 0.00215897 0.00194401 0.00179166 0.0016999 
0.00193778 0.00196802 0.00206633 0.00223436 0.00247463 0.00279053 0.00318639 0.00366729 0.00423904 0.00490803 0.00568113 0.00656553 0.00756857 0.00869757 0.00995966 0.0113616 0.0129094 0.0146085 0.0164631 0.0184763 0.0206497 0.0229834 0.0254757 0.0281229 0.0309194 0.0338576 0.0369274 0.0401171 0.0434124 0.0467971 0.0502532 0.0537608 0.0572983 0.0608427 0.06437 0.0678551 0.0712726 0.0745963 0.0778005 0.0808596 0.0837486 0.0864436 0.0889219 0.0911623 0.0931455 0.0948543 0.0962736 0.097391 0.0981964 0.0986828 0.0988459 0.0986842 0.0981992 0.0973953 0.0962798 0.0948625 0.0931561 0.0911755 0.0889382 0.0864634 0.0837723 0.0808876 0.0778332 0.0746342 0.0713159 0.0679042 0.064425 0.0609039 0.0573656 0.0538343 0.0503328 0.0468826 0.0435033 0.0402131 0.0370281 0.0339622 0.0310274 0.0282335 0.0255881 0.0230969 0.0207634 0.0185894 0.0165748 0.0147179 0.0130159 0.0114643 0.0100581 0.00879102 0.00765653 0.00664754 0.00575679 0.004977 0.00430105 0.00372213 0.0032339 0.00283059 0.00250715 0.00225932 0.00208368 0.00197794 
0.00224956 0.00228462 0.00239807 0.00259181 0.00286865 0.00323244 0.00368804 0.00424117 0.00489838 0.00566683 0.00655422 0.00756857 0.00871807 0.0100109 0.0114548 0.0130573 0.0148251 0.0167639 0.0188783 0.0211714 0.0236447 0.026298 0.029129 0.0321333 0.0353041 0.0386326 0.0421072 0.0457142 0.0494373 0.0532584 0.0571567 0.0611097 0.0650933 0.0690817 0.0730478 0.0769636 0.0808007 0.0845301 0.0881232 0.0915514 0.0947872 0.0978042 0.100577 0.103083 0.1053 0.10721 0.108795 0.110043 0.110942 0.111485 0.111666 0.111485 0.110943 0.110044 0.108796 0.107212 0.105303 0.103088 0.100584 0.0978141 0.0948004 0.0915684 0.0881446 0.0845566 0.0808326 0.0770014 0.0730919 0.0691324 0.0651508 0.0611741 0.0572279 0.0533364 0.0495219 0.0458049 0.0422036 0.0387341 0.0354102 0.032243 0.0292417 0.0264127 0.0237606 0.0212875 0.0189937 0.0168778 0.0149365 0.0131654 0.0115588 0.0101101 0.00881185 0.00765634 0.00663547 0.00574114 0.00496538 0.00430058 0.00373962 0.00327602 0.0029041 0.00261905 0.00241706 0.00229551 
0.00260312 0.00264362 0.00277414 0.0029968 0.00331477 0.00373239 0.0042551 0.00488934 0.00564242 0.00652237 0.00753777 0.00869757 0.0100109 0.0114866 0.0131336 0.0149599 0.0169727 0.0191783 0.0215814 0.0241853 0.0269914 0.0299989 0.033205 0.0366041 0.0401885 0.0439477 0.0478684 0.051935 0.0561289 0.0604293 0.064813 0.0692546 0.0737269 0.0782011 0.082647 0.0870333 0.0913284 0.0955001 0.0995168 0.103347 0.10696 0.110327 0.11342 0.116214 0.118685 0.120813 0.122579 0.123968 0.124969 0.125572 0.125773 0.125571 0.124966 0.123964 0.122574 0.120808 0.11868 0.116209 0.113417 0.110325 0.106961 0.103351 0.0995251 0.0955132 0.0913468 0.0870577 0.082678 0.0782392 0.0737724 0.0693077 0.0648738 0.0604979 0.0562051 0.0520185 0.0479589 0.0440445 0.0402911 0.0367117 0.0333166 0.0301138 0.0271085 0.0243037 0.0216999 0.019296 0.0170886 0.015073 0.013243 0.0115915 0.0101104 0.00879115 0.00762472 0.00660214 0.00571457 0.00495348 0.00431092 0.00377965 0.00335329 0.00302646 0.00279485 0.00265555 
0.00300139 0.00304801 0.00319762 0.0034526 0.00381651 0.0042942 0.00489178 0.00561644 0.00647633 0.00748041 0.00863821 0.00995966 0.0114548 0.0131336 0.0150055 0.0170795 0.0193634 0.0218637 0.0245856 0.0275322 0.0307048 0.034102 0.0377201 0.0415527 0.0455906 0.0498215 0.0542303 0.0587989 0.0635066 0.0683297 0.073242 0.0782151 0.0832186 0.0882202 0.0931863 0.0980823 0.102873 0.107523 0.111997 0.116261 0.120282 0.124026 0.127464 0.130568 0.133312 0.135674 0.137634 0.139175 0.140285 0.140954 0.141176 0.14095 0.140278 0.139166 0.137622 0.135661 0.133297 0.130552 0.127449 0.124011 0.120269 0.116251 0.111991 0.107521 0.102876 0.0980912 0.093202 0.0882433 0.0832497 0.0782546 0.0732901 0.0683866 0.0635723 0.0588732 0.0543127 0.0499117 0.0456879 0.0416564 0.0378293 0.0342157 0.0308219 0.0276518 0.0247064 0.0219846 0.0194832 0.0171972 0.0151201 0.0132439 0.0115601 0.010059 0.00873085 0.0075657 0.00655371 0.00568542 0.00495196 0.00434527 0.00385821 0.00348476 0.00322012 0.00306103 
0.00344725 0.00350068 0.0036715 0.00396237 0.00437725 0.00492159 0.00560215 0.00642696 0.00740509 0.00854645 0.00986163 0.0113616 0.0130573 0.0149599 0.0170795 0.0194259 0.0220075 0.0248314 0.0279027 0.0312247 0.034798 0.038621 0.0426889 0.046994 0.0515255 0.0562694 0.0612083 0.0663217 0.0715862 0.0769749 0.0824588 0.0880058 0.0935822 0.099152 0.104678 0.110122 0.115445 0.120609 0.125573 0.130302 0.134758 0.138905 0.142712 0.146147 0.149183 0.151794 0.153961 0.155664 0.15689 0.157628 0.157874 0.157623 0.15688 0.155649 0.153942 0.151772 0.149157 0.14612 0.142683 0.138876 0.134729 0.130275 0.12555 0.120589 0.11543 0.110113 0.104676 0.0991578 0.0935965 0.0880292 0.0824917 0.0770178 0.0716389 0.0663844 0.0612806 0.0563509 0.0516157 0.047092 0.0427939 0.038732 0.0349139 0.0313442 0.0280247 0.0249545 0.0221306 0.0195476 0.0171986 0.0150753 0.013168 0.0114665 0.00995987 0.00863723 0.00748771 0.00650083 0.00566676 0.00497653 0.00442221 0.00399711 0.00369586 0.00351484 
0.00394343 0.0040044 0.00419864 0.00452912 0.00500024 0.00561803 0.00639002 0.0073251 0.00843329 0.00972558 0.0112136 0.0129094 0.0148251 0.0169727 0.0193634 0.0220075 0.0249143 0.0280909 0.0315429 0.0352732 0.0392822 0.0435674 0.0481229 0.0529396 0.0580051 0.0633031 0.068814 0.0745145 0.0803781 0.086375 0.0924725 0.098635 0.104825 0.111003 0.117127 0.123156 0.129047 0.134757 0.140244 0.145466 0.150384 0.15496 0.159157 0.162943 0.166287 0.169164 0.171549 0.173423 0.174772 0.175584 0.175853 0.175577 0.174758 0.173403 0.171522 0.169132 0.166251 0.162903 0.159114 0.154915 0.150339 0.145421 0.140201 0.134717 0.129012 0.123127 0.117105 0.110989 0.10482 0.0986398 0.0924877 0.0864012 0.0804155 0.0745632 0.0688738 0.0633737 0.0580859 0.05303 0.0482218 0.0436739 0.0393952 0.0353913 0.0316648 0.0282152 0.0250396 0.0221324 0.0194865 0.0170927 0.0149408 0.0130196 0.0113172 0.00982171 0.00852108 0.00740382 0.00645906 0.00567687 0.00504849 0.00456649 0.00422491 0.00401973 
0.00449244 0.00456173 0.00478169 0.00515562 0.0056884 0.00638669 0.00725882 0.00831458 0.00956504 0.0110223 0.012699 0.0146085 0.0167639 0.0191783 0.0218637 0.0248314 0.0280909 0.03165 0.0355142 0.0396861 0.0441657 0.0489494 0.0540303 0.0593977 0.0650371 0.0709299 0.077054 0.0833831 0.0898874 0.0965337 0.103285 0.110104 0.116946 0.12377 0.130529 0.137178 0.14367 0.149958 0.155996 0.16174 0.167146 0.172172 0.176781 0.180936 0.184605 0.187759 0.190373 0.192427 0.193905 0.194794 0.195089 0.194785 0.193887 0.192401 0.190338 0.187717 0.184556 0.180882 0.176722 0.17211 0.167082 0.161676 0.155933 0.149897 0.143613 0.137127 0.130485 0.123734 0.116919 0.110087 0.10328 0.0965406 0.0899068 0.0834151 0.0770987 0.0709871 0.0651062 0.0594782 0.0541212 0.0490497 0.044274 0.0398012 0.0356346 0.0317743 0.0282174 0.0249585 0.02199 0.0193022 0.0168841 0.0147236 0.0128077 0.0111235 0.00965785 0.00839807 0.00733224 0.00644943 0.00573996 0.00519563 0.00480988 0.00457826 
0.00509653 0.00517492 0.00542297 0.00584431 0.00644432 0.00723033 0.00821151 0.00939862 0.0108038 0.0124402 0.0143219 0.0164631 0.0188783 0.0215814 0.0245856 0.0279027 0.0315429 0.0355142 0.039822 0.0444687 0.0494535 0.054772 0.0604156 0.0663719 0.0726243 0.0791518 0.0859291 0.0929269 0.100112 0.107447 0.114893 0.122405 0.129937 0.137443 0.144871 0.152173 0.159297 0.166192 0.172809 0.179099 0.185016 0.190514 0.195552 0.200093 0.2041 0.207544 0.210397 0.212639 0.214251 0.21522 0.215541 0.215209 0.214228 0.212605 0.210354 0.207491 0.204038 0.200023 0.195477 0.190433 0.184932 0.179014 0.172724 0.166108 0.159216 0.152097 0.144802 0.137382 0.129886 0.122365 0.114865 0.107432 0.100111 0.0929397 0.0859562 0.079193 0.0726794 0.0664402 0.0604961 0.0548638 0.0495553 0.0445791 0.0399393 0.0356369 0.0316693 0.0280311 0.0247142 0.0217085 0.0190023 0.0165825 0.0144353 0.0125463 0.0109014 0.00948671 0.0082892 0.00729689 0.00649914 0.00588695 0.00545309 0.00519267 
0.00575758 0.00584588 0.00612442 0.00659719 0.00727009 0.00815116 0.00925044 0.0105797 0.0121522 0.0139822 0.0160851 0.0184763 0.0211714 0.0241853 0.0275322 0.0312247 0.0352732 0.0396861 0.0444687 0.0496229 0.0551472 0.0610357 0.0672784 0.073861 0.0807644 0.0879648 0.0954339 0.103139 0.111043 0.119105 0.127281 0.135522 0.14378 0.152 0.16013 0.168114 0.175898 0.183427 0.190647 0.197506 0.203953 0.209941 0.215426 0.220366 0.224724 0.228468 0.231569 0.234004 0.235755 0.236807 0.237155 0.236794 0.235727 0.233963 0.231516 0.228403 0.224648 0.220281 0.215333 0.209841 0.203848 0.197398 0.190538 0.183318 0.175792 0.168012 0.160034 0.151912 0.143702 0.135456 0.127227 0.119066 0.111018 0.10313 0.0954407 0.0879875 0.0808028 0.0739146 0.0673463 0.0611168 0.0552404 0.0497267 0.0445813 0.0398058 0.0353982 0.031353 0.027662 0.0243147 0.0212985 0.0185995 0.0162027 0.0140927 0.0122542 0.0106722 0.00933224 0.00822143 0.00732811 0.00664242 0.00615645 0.00586485 
0.00647701 0.00657605 0.00688751 0.00741577 0.00816726 0.00915079 0.0103773 0.0118595 0.0136119 0.01565 0.0179904 0.0206497 0.0236447 0.0269914 0.0307048 0.034798 0.0392822 0.0441657 0.0494535 0.0551472 0.0612439 0.0677367 0.0746138 0.0818584 0.089449 0.0973589 0.105556 0.114005 0.122664 0.131487 0.140427 0.149432 0.158445 0.167411 0.17627 0.184964 0.193433 0.201619 0.209463 0.21691 0.223905 0.230399 0.236343 0.241695 0.246414 0.250466 0.253821 0.256455 0.258348 0.259487 0.259861 0.25947 0.258316 0.256408 0.253759 0.250389 0.246324 0.241593 0.236231 0.230279 0.223778 0.216778 0.209328 0.201483 0.193299 0.184834 0.176145 0.167294 0.158338 0.149337 0.140346 0.131421 0.122613 0.113971 0.10554 0.0973605 0.0894683 0.0818949 0.0746667 0.067805 0.0613264 0.0552422 0.0495595 0.0442807 0.0394042 0.034925 0.0308346 0.027122 0.0237741 0.0207759 0.0181116 0.0157645 0.0137181 0.011956 0.0104629 0.00922459 0.00822836 0.0074635 0.00692141 0.00659624 
0.00725574 0.00736633 0.00771314 0.00830094 0.00913673 0.0102301 0.0115928 0.0132388 0.0151836 0.0174442 0.0200381 0.0229834 0.026298 0.0299989 0.034102 0.038621 0.0435674 0.0489494 0.054772 0.0610357 0.0677367 0.0748665 0.0824112 0.0903518 0.0986637 0.107317 0.116277 0.125502 0.134948 0.144566 0.154301 0.164097 0.173895 0.183632 0.193246 0.202673 0.211849 0.220711 0.229197 0.237248 0.244806 0.251817 0.258232 0.264004 0.269092 0.273459 0.277074 0.279911 0.281949 0.283174 0.283577 0.283155 0.281912 0.279856 0.277002 0.27337 0.268988 0.263886 0.258101 0.251676 0.244656 0.237091 0.229036 0.220548 0.211686 0.202513 0.193091 0.183485 0.173757 0.163972 0.15419 0.14447 0.13487 0.125442 0.116235 0.107295 0.0986613 0.0903686 0.0824467 0.0749196 0.0678063 0.0611201 0.0548694 0.049058 0.0436848 0.0387452 0.0342306 0.0301297 0.0264286 0.0231118 0.0201621 0.017562 0.0152934 0.013339 0.011682 0.0103072 0.00920074 0.00835109 0.00774887 0.00738772 
0.00809407 0.00821703 0.0086016 0.00925293 0.0101786 0.011389 0.0128969 0.0147172 0.0168668 0.0193637 0.0222269 0.0254757 0.029129 0.033205 0.0377201 0.0426889 0.0481229 0.0540303 0.0604156 0.0672784 0.0746138 0.0824112 0.0906548 0.0993227 0.108388 0.117816 0.127568 0.137601 0.147864 0.158304 0.168861 0.179475 0.190082 0.200613 0.211003 0.221181 0.231081 0.240635 0.249777 0.258443 0.266574 0.274113 0.281006 0.287205 0.292667 0.297354 0.301231 0.304274 0.306459 0.307772 0.308203 0.307751 0.306417 0.304211 0.301149 0.297253 0.292549 0.28707 0.280856 0.27395 0.266401 0.258261 0.249589 0.240443 0.230888 0.22099 0.210816 0.200433 0.189911 0.179317 0.168717 0.158176 0.147755 0.137511 0.127499 0.117768 0.108361 0.0993175 0.0906705 0.0824469 0.0746682 0.0673501 0.0605026 0.0541306 0.0482341 0.0428087 0.0378461 0.0333346 0.0292599 0.0256053 0.0223531 0.0194842 0.0169797 0.0148207 0.0129894 0.0114692 0.0102454 0.00930536 0.00863906 0.0082396 
0.00899165 0.00912778 0.00955244 0.0102712 0.0112923 0.0126267 0.0142884 0.0162933 0.0186595 0.0214063 0.0245539 0.0281229 0.0321333 0.0366041 0.0415527 0.046994 0.0529396 0.0593977 0.0663719 0.073861 0.0818584 0.0903518 0.0993227 0.108747 0.118593 0.128824 0.139397 0.150263 0.161369 0.172655 0.184058 0.195511 0.206946 0.21829 0.229471 0.240416 0.251053 0.26131 0.271117 0.280408 0.289119 0.29719 0.304566 0.311196 0.317035 0.322043 0.326185 0.329434 0.331767 0.333168 0.333629 0.333145 0.33172 0.329364 0.326094 0.32193 0.316903 0.311045 0.304398 0.297007 0.288923 0.280201 0.270902 0.261089 0.25083 0.240193 0.229251 0.218076 0.206741 0.195319 0.18388 0.172494 0.161227 0.150142 0.139298 0.128747 0.11854 0.108717 0.0993163 0.0903678 0.0818956 0.0739178 0.0664465 0.0594879 0.053043 0.047108 0.0416748 0.0367315 0.0322633 0.0282529 0.0246814 0.0215288 0.0187749 0.0163996 0.0143838 0.0127097 0.0113615 0.0103258 0.00959155 0.00915149 
0.00994739 0.0100975 0.0105645 0.0113544 0.0124761 0.0139414 0.0157651 0.0179644 0.0205585 0.023568 0.0270144 0.0309194 0.0353041 0.0401885 0.0455906 0.0515255 0.0580051 0.0650371 0.0726243 0.0807644 0.089449 0.0986637 0.108388 0.118593 0.129245 0.140303 0.15172 0.163443 0.175412 0.187564 0.199831 0.212141 0.224419 0.236589 0.248574 0.260296 0.271678 0.282645 0.293123 0.303042 0.312336 0.320942 0.328802 0.335864 0.34208 0.347409 0.351815 0.35527 0.35775 0.35924 0.359729 0.359214 0.357699 0.355194 0.351714 0.347285 0.341933 0.335697 0.328616 0.320738 0.312117 0.30281 0.292881 0.282395 0.271424 0.260041 0.248321 0.236341 0.224179 0.211913 0.199618 0.187368 0.175236 0.163288 0.151589 0.140196 0.129163 0.118537 0.108357 0.0986578 0.0894668 0.0808043 0.0726845 0.0651152 0.0580988 0.0516321 0.0457072 0.0403123 0.0354321 0.0310487 0.0271423 0.0236918 0.0206758 0.0180729 0.0158629 0.0140268 0.0125476 0.0114109 0.0106051 0.0101223 
0.0109594 0.0111242 0.0116357 0.0125004 0.0137276 0.0153301 0.0173236 0.0197265 0.0225591 0.0258433 0.0296019 0.0338576 0.0386326 0.0439477 0.0498215 0.0562694 0.0633031 0.0709299 0.0791518 0.0879648 0.0973589 0.107317 0.117816 0.128824 0.140303 0.152209 0.164489 0.177086 0.189936 0.202969 0.216113 0.229291 0.242423 0.255428 0.268223 0.280727 0.292858 0.304537 0.315688 0.326236 0.336112 0.345251 0.353593 0.361084 0.367674 0.373321 0.37799 0.381649 0.384275 0.385852 0.386369 0.385824 0.384219 0.381566 0.37788 0.373187 0.367514 0.360901 0.353389 0.345027 0.33587 0.325979 0.315419 0.304259 0.292574 0.28044 0.267936 0.255145 0.242148 0.229027 0.215864 0.202737 0.189723 0.176896 0.164324 0.15207 0.140191 0.128739 0.117759 0.107287 0.0973552 0.0879858 0.0791956 0.0709943 0.0633855 0.0563669 0.0499312 0.0440665 0.0387573 0.0339851 0.0297292 0.0259676 0.0226776 0.0198367 0.0174234 0.0154175 0.013801 0.0125586 0.0116777 0.01115 
0.0120251 0.0122052 0.0127631 0.0137058 0.0150432 0.0167887 0.0189593 0.0215742 0.024655 0.0282249 0.0323077 0.0369274 0.0421072 0.0478684 0.0542303 0.0612083 0.068814 0.077054 0.0859291 0.0954339 0.105556 0.116277 0.127568 0.139397 0.15172 0.164489 0.177648 0.191132 0.204874 0.218799 0.232829 0.246881 0.260872 0.274715 0.288323 0.301609 0.314488 0.326878 0.338697 0.349869 0.360322 0.369989 0.378808 0.386722 0.393681 0.399643 0.404569 0.408428 0.411198 0.412861 0.413406 0.412831 0.411139 0.40834 0.404451 0.399498 0.39351 0.386525 0.378587 0.369746 0.360059 0.349589 0.338402 0.326572 0.314174 0.30129 0.288003 0.274398 0.260561 0.246581 0.232542 0.218529 0.204624 0.190906 0.177447 0.164316 0.151576 0.139282 0.127483 0.116221 0.105529 0.0954342 0.0859548 0.0771029 0.0688834 0.0612953 0.0543317 0.047981 0.0422275 0.0370522 0.0324336 0.0283488 0.024774 0.0216855 0.0190605 0.0168778 0.0151183 0.0137655 0.0128064 0.012232 
0.0131407 0.0133368 0.0139431 0.0149667 0.0164183 0.0183123 0.0206662 0.0235007 0.0268385 0.0307038 0.0351216 0.0401171 0.0457142 0.051935 0.0587989 0.0663217 0.0745145 0.0833831 0.0929269 0.103139 0.114005 0.125502 0.137601 0.150263 0.163443 0.177086 0.191132 0.205512 0.220153 0.234975 0.249894 0.264823 0.279673 0.294352 0.308769 0.322832 0.336454 0.349546 0.362026 0.373814 0.384836 0.395022 0.404308 0.412638 0.419959 0.426227 0.431404 0.43546 0.43837 0.440116 0.440689 0.440085 0.438307 0.435367 0.43128 0.426073 0.419776 0.412427 0.404072 0.394762 0.384554 0.373512 0.361707 0.349214 0.336111 0.322483 0.308416 0.294 0.279326 0.264485 0.249569 0.234667 0.219866 0.205249 0.190895 0.176878 0.163265 0.150117 0.137486 0.125419 0.113953 0.103117 0.0929329 0.0834148 0.0745694 0.0663967 0.0588906 0.05204 0.0458289 0.0402379 0.0352451 0.0308264 0.0269572 0.0236125 0.0207684 0.0184026 0.0164948 0.0150277 0.0139875 0.0133645 
0.014302 0.0145147 0.0151708 0.016278 0.0178475 0.0198944 0.0224374 0.025498 0.0291001 0.0332692 0.0380313 0.0434124 0.0494373 0.0561289 0.0635066 0.0715862 0.0803781 0.0898874 0.100112 0.111043 0.122664 0.134948 0.147864 0.161369 0.175412 0.189936 0.204874 0.220153 0.235694 0.251412 0.267218 0.283021 0.298724 0.314232 0.32945 0.344282 0.358635 0.372419 0.385548 0.397939 0.409517 0.420209 0.429952 0.438685 0.446357 0.452923 0.458345 0.462591 0.465636 0.467463 0.468063 0.467431 0.46557 0.462493 0.458215 0.452762 0.446165 0.438463 0.429702 0.419933 0.409217 0.397617 0.385206 0.372061 0.358264 0.343902 0.329066 0.313847 0.298342 0.282647 0.266857 0.251067 0.235369 0.219851 0.204599 0.189691 0.175199 0.161189 0.147718 0.134836 0.122585 0.110997 0.100097 0.0899005 0.080417 0.0716476 0.0635873 0.0562251 0.0495453 0.0435283 0.0381514 0.0333898 0.0292179 0.0256096 0.02254 0.0199855 0.0179249 0.01634 0.0152161 0.0145432 
0.0155037 0.0157333 0.0164406 0.0176336 0.019324 0.0215277 0.0242644 0.0275565 0.0314291 0.0359087 0.0410224 0.0467971 0.0532584 0.0604293 0.0683297 0.0769749 0.086375 0.0965337 0.107447 0.119105 0.131487 0.144566 0.158304 0.172655 0.187564 0.202969 0.218799 0.234975 0.251412 0.268021 0.284707 0.301374 0.31792 0.334246 0.350251 0.365837 0.380906 0.395366 0.409128 0.422107 0.434224 0.445408 0.455591 0.464714 0.472725 0.479578 0.485235 0.489663 0.492839 0.494744 0.495369 0.49471 0.492771 0.489561 0.4851 0.479411 0.472525 0.464483 0.455329 0.445118 0.433908 0.421766 0.408766 0.394985 0.38051 0.36543 0.349837 0.333829 0.317504 0.300964 0.284309 0.267638 0.251049 0.234635 0.218487 0.202688 0.187316 0.172441 0.158125 0.144424 0.131381 0.119034 0.107409 0.0965268 0.0863966 0.0770217 0.0683981 0.0605155 0.0533585 0.0469071 0.0411383 0.0360265 0.0315452 0.0276674 0.0243669 0.0216192 0.019402 0.0176964 0.0164867 0.0157626 
0.0167395 0.0169866 0.0177461 0.0190265 0.0208402 0.0232037 0.0261376 0.0296655 0.0338132 0.0386084 0.0440792 0.0502532 0.0571567 0.064813 0.073242 0.0824588 0.0924725 0.103285 0.114893 0.127281 0.140427 0.154301 0.168861 0.184058 0.199831 0.216113 0.232829 0.249894 0.267218 0.284707 0.302261 0.319777 0.337151 0.354278 0.371053 0.387374 0.40314 0.418256 0.432631 0.446177 0.458815 0.470471 0.481078 0.490575 0.49891 0.506038 0.511918 0.51652 0.51982 0.5218 0.522449 0.521765 0.519751 0.516416 0.511779 0.505865 0.498704 0.490336 0.480807 0.470169 0.458485 0.44582 0.43225 0.417854 0.402721 0.38694 0.37061 0.35383 0.336703 0.319334 0.301827 0.284288 0.266818 0.249517 0.232479 0.215795 0.199546 0.183809 0.16865 0.154128 0.140293 0.127183 0.114831 0.103258 0.0924755 0.0824896 0.073297 0.0648882 0.0572479 0.0503564 0.0441899 0.0387226 0.0339269 0.0297749 0.0262396 0.0232951 0.0209185 0.0190898 0.0177928 0.0170165 
0.0180026 0.0182673 0.0190798 0.0204489 0.0223875 0.0249129 0.0280465 0.0318128 0.0362388 0.0413528 0.0471841 0.0537608 0.0611097 0.0692546 0.0782151 0.0880058 0.098635 0.110104 0.122405 0.135522 0.149432 0.164097 0.179475 0.195511 0.212141 0.229291 0.246881 0.264823 0.283021 0.301374 0.319777 0.338124 0.356306 0.374212 0.391734 0.408767 0.425207 0.440955 0.455919 0.47001 0.483146 0.495253 0.506264 0.516117 0.524761 0.532148 0.538241 0.543008 0.546425 0.548475 0.549148 0.54844 0.546354 0.542902 0.538099 0.531972 0.52455 0.515872 0.505985 0.494943 0.482805 0.469639 0.455522 0.440535 0.424766 0.40831 0.391265 0.373735 0.355827 0.337648 0.319309 0.300919 0.282584 0.264409 0.246495 0.228936 0.21182 0.195228 0.179231 0.163893 0.149267 0.135398 0.122318 0.110054 0.0986186 0.0880198 0.0782558 0.0693179 0.0611913 0.0538562 0.0472888 0.0414626 0.0363494 0.0319203 0.0281473 0.0250039 0.0224658 0.0205125 0.0191269 0.0182978 
0.0192851 0.0195677 0.0204336 0.021892 0.0239564 0.0266448 0.0299793 0.0339854 0.0386908 0.044125 0.0503179 0.0572983 0.0650933 0.0737269 0.0832186 0.0935822 0.104825 0.116946 0.129937 0.14378 0.158445 0.173895 0.190082 0.206946 0.224419 0.242423 0.260872 0.279673 0.298724 0.31792 0.337151 0.356306 0.375269 0.393929 0.412172 0.42989 0.446977 0.463331 0.478858 0.493467 0.507077 0.519612 0.531005 0.541194 0.550127 0.557759 0.564051 0.568973 0.5725 0.574616 0.575311 0.574581 0.572429 0.568866 0.563909 0.557581 0.549914 0.540945 0.530721 0.519295 0.506727 0.493086 0.478447 0.462895 0.446518 0.429412 0.41168 0.393426 0.374762 0.355799 0.336651 0.317431 0.298252 0.279223 0.26045 0.242032 0.224062 0.206627 0.189804 0.173659 0.158251 0.143627 0.129826 0.116874 0.104788 0.0935785 0.0832441 0.0737774 0.0651643 0.0573852 0.050416 0.0442298 0.0387978 0.0340904 0.0300786 0.0267349 0.0240344 0.0219556 0.020481 0.0195986 
0.0205787 0.0208792 0.0217985 0.0233464 0.0255367 0.0283881 0.0319234 0.0361689 0.0411534 0.046907 0.0534603 0.0608427 0.0690817 0.0782011 0.0882202 0.099152 0.111003 0.12377 0.137443 0.152 0.167411 0.183632 0.200613 0.21829 0.236589 0.255428 0.274715 0.294352 0.314232 0.334246 0.354278 0.374212 0.393929 0.413313 0.432247 0.45062 0.468323 0.485253 0.501313 0.516413 0.53047 0.543408 0.555159 0.565663 0.574867 0.582727 0.589205 0.594271 0.5979 0.600078 0.600793 0.600042 0.597829 0.594164 0.589063 0.582549 0.574653 0.565412 0.554872 0.543086 0.530114 0.516024 0.500892 0.484804 0.467848 0.450124 0.431733 0.412786 0.393395 0.373676 0.353747 0.333724 0.313727 0.293867 0.274257 0.255001 0.236197 0.217937 0.200302 0.183364 0.167186 0.15182 0.137305 0.123674 0.110945 0.09913 0.0882298 0.0782381 0.0691414 0.0609204 0.0535511 0.0470062 0.0412562 0.0362709 0.0320206 0.0284769 0.0256141 0.0234098 0.0218461 0.0209105 
0.0218743 0.0221926 0.0231651 0.0248019 0.0271173 0.0301305 0.0338652 0.0383484 0.0436096 0.0496797 0.0565898 0.06437 0.0730478 0.082647 0.0931863 0.104678 0.117127 0.130529 0.144871 0.16013 0.17627 0.193246 0.211003 0.229471 0.248574 0.268223 0.288323 0.308769 0.32945 0.350251 0.371053 0.391734 0.412172 0.432247 0.451839 0.470834 0.48912 0.506594 0.523157 0.538718 0.553193 0.566507 0.578592 0.589388 0.598844 0.606914 0.613564 0.618762 0.622486 0.62472 0.625454 0.624685 0.622416 0.618657 0.613423 0.606738 0.59863 0.589138 0.578304 0.566183 0.552833 0.538323 0.522729 0.506135 0.488633 0.470322 0.451307 0.4317 0.411615 0.391173 0.370493 0.349699 0.328912 0.308251 0.287831 0.267762 0.248148 0.229085 0.210659 0.192947 0.176016 0.159922 0.144708 0.13041 0.117048 0.104637 0.0931796 0.08267 0.0730958 0.0644381 0.0566729 0.0497727 0.0437077 0.038447 0.03396 0.0302178 0.0271937 0.0248649 0.0232127 0.0222243 
0.0231623 0.0234982 0.0245233 0.0262478 0.0286866 0.0318594 0.0357907 0.040508 0.0460416 0.0524232 0.0596842 0.0678551 0.0769636 0.0870333 0.0980823 0.110122 0.123156 0.137178 0.152173 0.168114 0.184964 0.202673 0.221181 0.240416 0.260296 0.280727 0.301609 0.322832 0.344282 0.365837 0.387374 0.408767 0.42989 0.45062 0.470834 0.490415 0.50925 0.527233 0.544266 0.560256 0.57512 0.588782 0.601175 0.61224 0.621927 0.630191 0.636998 0.642317 0.646127 0.648413 0.649165 0.648379 0.646059 0.642214 0.63686 0.630017 0.621716 0.611992 0.600889 0.588458 0.574758 0.559857 0.543832 0.526766 0.508752 0.48989 0.470286 0.450054 0.429312 0.408182 0.386788 0.365257 0.343714 0.322284 0.301085 0.280233 0.259837 0.239997 0.220806 0.202343 0.184681 0.167879 0.151984 0.137035 0.123056 0.110062 0.0980591 0.087042 0.0769995 0.0679131 0.0597591 0.0525097 0.0461347 0.0406028 0.0358828 0.0319449 0.0287619 0.0263102 0.0245707 0.0235301 
0.0244328 0.0247859 0.0258625 0.0276729 0.0302325 0.0335617 0.0376852 0.0426315 0.0484314 0.0551171 0.0627206 0.0712726 0.0808007 0.0913284 0.102873 0.115445 0.129047 0.14367 0.159297 0.175898 0.193433 0.211849 0.231081 0.251053 0.271678 0.292858 0.314488 0.336454 0.358635 0.380906 0.40314 0.425207 0.446977 0.468323 0.48912 0.50925 0.528597 0.547055 0.564523 0.58091 0.596132 0.610114 0.62279 0.634101 0.643998 0.652438 0.659387 0.664816 0.668705 0.671037 0.671805 0.671004 0.668638 0.664716 0.659253 0.652268 0.643792 0.633857 0.622507 0.609792 0.595771 0.580511 0.564087 0.546583 0.528092 0.508715 0.48856 0.467742 0.44638 0.424601 0.402531 0.380301 0.35804 0.335876 0.313934 0.292333 0.271188 0.250603 0.230675 0.211489 0.193122 0.175636 0.159083 0.143504 0.128926 0.115367 0.102833 0.0913226 0.0808243 0.0713202 0.0627869 0.0551968 0.0485191 0.0427222 0.0377743 0.033645 0.0303065 0.0277346 0.0259095 0.024818 
0.0256753 0.0260453 0.0271719 0.0290658 0.0317428 0.0352237 0.0395338 0.0447022 0.0507602 0.0577406 0.0656757 0.0745963 0.0845301 0.0955001 0.107523 0.120609 0.134757 0.149958 0.166192 0.183427 0.201619 0.220711 0.240635 0.26131 0.282645 0.304537 0.326878 0.349546 0.372419 0.395366 0.418256 0.440955 0.463331 0.485253 0.506594 0.527233 0.547055 0.56595 0.583819 0.60057 0.616119 0.630393 0.643326 0.65486 0.664947 0.673546 0.680622 0.68615 0.690108 0.692483 0.693265 0.692451 0.690045 0.686054 0.680493 0.673381 0.664746 0.654621 0.643049 0.630076 0.615762 0.600173 0.583383 0.565476 0.546545 0.526691 0.506024 0.484659 0.462719 0.440331 0.417626 0.394737 0.371798 0.348941 0.326295 0.303983 0.282125 0.26083 0.240199 0.220322 0.20128 0.183138 0.165954 0.149769 0.134615 0.120511 0.107467 0.09548 0.0845413 0.0746335 0.0657334 0.0578133 0.0508424 0.0447886 0.0396197 0.0353047 0.0318153 0.0291266 0.0272186 0.0260775 
0.0268796 0.0272658 0.0284405 0.030415 0.0332049 0.0368318 0.0413215 0.0467034 0.0530095 0.0602729 0.0685263 0.0778005 0.0881232 0.0995168 0.111997 0.125573 0.140244 0.155996 0.172809 0.190647 0.209463 0.229197 0.249777 0.271117 0.293123 0.315688 0.338697 0.362026 0.385548 0.409128 0.432631 0.455919 0.478858 0.501313 0.523157 0.544266 0.564523 0.583819 0.602054 0.619136 0.634983 0.64952 0.662684 0.674418 0.684675 0.693415 0.700605 0.706221 0.710241 0.712653 0.713448 0.712623 0.710181 0.706129 0.700481 0.693256 0.68448 0.674186 0.662413 0.649209 0.634631 0.618743 0.60162 0.583345 0.564011 0.543719 0.522579 0.500709 0.478232 0.455278 0.431982 0.408478 0.384904 0.361396 0.338088 0.315106 0.292575 0.270609 0.249313 0.228781 0.209097 0.190333 0.172547 0.155785 0.140082 0.125458 0.111925 0.0994824 0.0881221 0.0778273 0.0685753 0.0603385 0.053086 0.0467854 0.041404 0.0369104 0.0332757 0.0304747 0.0284868 0.027298 
0.0280351 0.0284368 0.0296575 0.0317087 0.0346064 0.0383724 0.0430331 0.0486185 0.0551607 0.0626934 0.0712494 0.0808596 0.0915514 0.103347 0.116261 0.130302 0.145466 0.16174 0.179099 0.197506 0.21691 0.237248 0.258443 0.280408 0.303042 0.326236 0.349869 0.373814 0.397939 0.422107 0.446177 0.47001 0.493467 0.516413 0.538718 0.560256 0.58091 0.60057 0.619136 0.636517 0.65263 0.667403 0.680773 0.692685 0.703093 0.711958 0.719249 0.724941 0.729016 0.73146 0.732267 0.731432 0.728959 0.724854 0.71913 0.711806 0.702906 0.692461 0.680511 0.6671 0.652285 0.636129 0.618706 0.600098 0.580397 0.559706 0.538134 0.515801 0.49283 0.469356 0.445512 0.421438 0.397275 0.373162 0.349236 0.325629 0.302469 0.279874 0.257953 0.236806 0.216519 0.197168 0.178815 0.161508 0.145285 0.130169 0.116173 0.103299 0.0915383 0.0808761 0.0712898 0.0627519 0.0552316 0.048696 0.0431123 0.0384486 0.0346754 0.0317673 0.0297032 0.028469 
0.0291316 0.0295479 0.030812 0.0329355 0.0359349 0.0398322 0.0446541 0.0504311 0.0571958 0.0649819 0.0738225 0.0837486 0.0947872 0.10696 0.120282 0.134758 0.150384 0.167146 0.185016 0.203953 0.223905 0.244806 0.266574 0.289119 0.312336 0.336112 0.360322 0.384836 0.409517 0.434224 0.458815 0.483146 0.507077 0.53047 0.553193 0.57512 0.596132 0.616119 0.634983 0.65263 0.668981 0.683963 0.697515 0.709583 0.720123 0.729097 0.736476 0.742235 0.746358 0.748831 0.749647 0.748804 0.746304 0.742153 0.736364 0.728953 0.719945 0.709369 0.697262 0.683669 0.668644 0.652249 0.634558 0.615651 0.595621 0.574569 0.552606 0.529851 0.506432 0.482481 0.458136 0.43354 0.408835 0.384164 0.359667 0.335482 0.311739 0.288561 0.26606 0.24434 0.223491 0.203593 0.18471 0.166894 0.150185 0.134608 0.120178 0.106899 0.0947626 0.0837553 0.0738546 0.0650335 0.057261 0.0505042 0.0447299 0.0399058 0.0360022 0.032993 0.0308572 0.02958 
