1.1131e-16 1.03317e-16 2.0539e-16 5.20842e-16 1.3513e-15 3.4526e-15 8.63994e-15 2.11578e-14 5.06907e-14 1.18806e-13 2.7237e-13 6.1076e-13 1.33954e-12 2.87352e-12 6.02903e-12 1.23729e-11 2.48381e-11 4.87769e-11 9.37136e-11 1.76169e-10 3.24075e-10 5.83444e-10 1.02811e-09 1.77345e-09 2.99484e-09 4.9516e-09 8.0161e-09 1.27072e-08 1.9725e-08 2.9983e-08 4.46296e-08 6.50509e-08 9.28444e-08 1.29753e-07 1.77552e-07 2.3789e-07 3.12082e-07 4.00888e-07 5.04288e-07 6.21305e-07 7.49896e-07 8.86967e-07 1.0285e-06 1.1698e-06 1.30583e-06 1.43155e-06 1.5423e-06 1.63403e-06 1.70347e-06 1.74825e-06 1.76687e-06 1.75874e-06 1.72409e-06 1.66408e-06 1.58076e-06 1.47706e-06 1.3568e-06 1.22445e-06 1.08496e-06 9.43401e-07 8.04601e-07 6.72823e-07 5.5148e-07 4.42973e-07 3.48649e-07 2.68865e-07 2.03146e-07 1.5039e-07 1.09091e-07 7.75438e-08 5.40155e-08 3.68751e-08 2.46727e-08 1.61805e-08 1.04009e-08 6.55329e-09 4.04729e-09 2.45006e-09 1.45374e-09 8.45427e-10 4.81863e-10 2.69157e-10 1.47332e-10 7.90266e-11 4.15348e-11 2.13893e-11 1.07922e-11 5.33519e-12 2.58413e-12 1.22635e-12 5.70247e-13 2.5983e-13 1.16018e-13 5.07704e-14 2.1777e-14 9.1569e-15 3.77528e-15 1.52712e-15 6.08248e-16 2.44944e-16 
1.03317e-16 9.5809e-17 1.93384e-16 4.97847e-16 1.30932e-15 3.38918e-15 8.5896e-15 2.12972e-14 5.16471e-14 1.22485e-13 2.84049e-13 6.44083e-13 1.42793e-12 3.09514e-12 6.55935e-12 1.35912e-11 2.75357e-11 5.45511e-11 1.05687e-10 2.00258e-10 3.71161e-10 6.72963e-10 1.19379e-09 2.07215e-09 3.51983e-09 5.85154e-09 9.52143e-09 1.51651e-08 2.36441e-08 3.60866e-08 5.39164e-08 7.88584e-08 1.12907e-07 1.58246e-07 2.17109e-07 2.91576e-07 3.83321e-07 4.93324e-07 6.21587e-07 7.66908e-07 9.26747e-07 1.09723e-06 1.27333e-06 1.44917e-06 1.61841e-06 1.77479e-06 1.91247e-06 2.02641e-06 2.11259e-06 2.16807e-06 2.19102e-06 2.1807e-06 2.13743e-06 2.06262e-06 1.9588e-06 1.82963e-06 1.67985e-06 1.51504e-06 1.34139e-06 1.16525e-06 9.92666e-07 8.28965e-07 6.78403e-07 5.43958e-07 4.27279e-07 3.28771e-07 2.47802e-07 1.82958e-07 1.32328e-07 9.37618e-08 6.50881e-08 4.42691e-08 2.95016e-08 1.92641e-08 1.2326e-08 7.72804e-09 4.74771e-09 2.85796e-09 1.68567e-09 9.7411e-10 5.51495e-10 3.05876e-10 1.66186e-10 8.84432e-11 4.61034e-11 2.35387e-11 1.17708e-11 5.76493e-12 2.7654e-12 1.29929e-12 5.97951e-13 2.69566e-13 1.19054e-13 5.15174e-14 2.18448e-14 9.07809e-15 3.69818e-15 1.47771e-15 5.81148e-16 2.30833e-16 
2.0539e-16 1.93384e-16 3.95554e-16 1.02431e-15 2.70398e-15 7.02111e-15 1.78435e-14 4.43489e-14 1.07774e-13 2.56044e-13 5.9462e-13 1.34975e-12 2.99459e-12 6.49347e-12 1.37618e-11 2.85063e-11 5.7717e-11 1.14234e-10 2.21035e-10 4.18171e-10 7.73624e-10 1.39976e-09 2.47734e-09 4.28936e-09 7.2666e-09 1.20464e-08 1.95444e-08 3.10361e-08 4.82418e-08 7.34037e-08 1.09337e-07 1.59435e-07 2.27599e-07 3.18075e-07 4.35172e-07 5.82867e-07 7.64306e-07 9.81251e-07 1.23355e-06 1.51867e-06 1.83153e-06 2.16447e-06 2.50761e-06 2.8495e-06 3.17791e-06 3.48075e-06 3.74685e-06 3.96661e-06 4.1324e-06 4.2387e-06 4.28208e-06 4.26117e-06 4.17661e-06 4.03109e-06 3.82943e-06 3.57862e-06 3.28769e-06 2.96741e-06 2.62967e-06 2.28673e-06 1.95033e-06 1.63083e-06 1.33656e-06 1.07337e-06 8.44563e-07 6.51038e-07 4.91653e-07 3.63739e-07 2.63641e-07 1.87215e-07 1.30255e-07 8.87941e-08 5.93094e-08 3.88164e-08 2.48919e-08 1.56403e-08 9.62842e-09 5.80723e-09 3.4313e-09 1.98605e-09 1.12597e-09 6.25222e-10 3.39998e-10 1.81059e-10 9.44137e-11 4.82061e-11 2.40993e-11 1.17961e-11 5.65331e-12 2.65285e-12 1.21897e-12 5.48492e-13 2.41707e-13 1.04328e-13 4.41123e-14 1.82742e-14 7.41877e-15 2.95328e-15 1.15684e-15 4.57829e-16 
5.20842e-16 4.97847e-16 1.02431e-15 2.65009e-15 6.98047e-15 1.80809e-14 4.58314e-14 1.13598e-13 2.75261e-13 6.5196e-13 1.50922e-12 3.41431e-12 7.5483e-12 1.63071e-11 3.4426e-11 7.10221e-11 1.43193e-10 2.82167e-10 5.43499e-10 1.02342e-09 1.88425e-09 3.39252e-09 5.97414e-09 1.02914e-08 1.73454e-08 2.86073e-08 4.61757e-08 7.29532e-08 1.12828e-07 1.70831e-07 2.53235e-07 3.67541e-07 5.2231e-07 7.26777e-07 9.90222e-07 1.32109e-06 1.72592e-06 2.20813e-06 2.76691e-06 3.39632e-06 4.08481e-06 4.81538e-06 5.56633e-06 6.31272e-06 7.02804e-06 7.68625e-06 8.26342e-06 8.7391e-06 9.09709e-06 9.32572e-06 9.41782e-06 9.37055e-06 9.1853e-06 8.86784e-06 8.42845e-06 7.88205e-06 7.24801e-06 6.54943e-06 5.81196e-06 5.06211e-06 4.32532e-06 3.62422e-06 2.97706e-06 2.39687e-06 1.89115e-06 1.46215e-06 1.10771e-06 8.22301e-07 5.98145e-07 4.26347e-07 2.9779e-07 2.03822e-07 1.36707e-07 8.98505e-08 5.78667e-08 3.6517e-08 2.25784e-08 1.36769e-08 8.11593e-09 4.71742e-09 2.68559e-09 1.49726e-09 8.17407e-10 4.36938e-10 2.2867e-10 1.17161e-10 5.8765e-11 2.88545e-11 1.38697e-11 6.52671e-12 3.00689e-12 1.35635e-12 5.99098e-13 2.59149e-13 1.09796e-13 4.55706e-14 1.85327e-14 7.38971e-15 2.89951e-15 1.1505e-15 
1.3513e-15 1.30932e-15 2.70398e-15 6.98047e-15 1.83288e-14 4.73167e-14 1.19524e-13 2.95202e-13 7.12691e-13 1.68165e-12 3.87771e-12 8.73732e-12 1.92362e-11 4.13792e-11 8.69695e-11 1.78602e-10 3.584e-10 7.02825e-10 1.34703e-09 2.52358e-09 4.62209e-09 8.27786e-09 1.44989e-08 2.48413e-08 4.16404e-08 6.83023e-08 1.0965e-07 1.72305e-07 2.65071e-07 3.99253e-07 5.88837e-07 8.50422e-07 1.20279e-06 1.66601e-06 2.26003e-06 3.00276e-06 3.90766e-06 4.98126e-06 6.22074e-06 7.61204e-06 9.12908e-06 1.07341e-05 1.23794e-05 1.40106e-05 1.55704e-05 1.70026e-05 1.8256e-05 1.92869e-05 2.0061e-05 2.05536e-05 2.07496e-05 2.06432e-05 2.02373e-05 1.95444e-05 1.85863e-05 1.7395e-05 1.6012e-05 1.44868e-05 1.28747e-05 1.1233e-05 9.6171e-06 8.07624e-06 6.6506e-06 5.36914e-06 4.24891e-06 3.29564e-06 2.50536e-06 1.86665e-06 1.36306e-06 9.75497e-07 6.84226e-07 4.70361e-07 3.16893e-07 2.09232e-07 1.35379e-07 8.58331e-08 5.3321e-08 3.24516e-08 1.93473e-08 1.12979e-08 6.46116e-09 3.61835e-09 1.98402e-09 1.06506e-09 5.59698e-10 2.87912e-10 1.44968e-10 7.14467e-11 3.44663e-11 1.6275e-11 7.52296e-12 3.40434e-12 1.50834e-12 6.54397e-13 2.78051e-13 1.15724e-13 4.71892e-14 1.88655e-14 7.42235e-15 2.956e-15 
3.4526e-15 3.38918e-15 7.02111e-15 1.80809e-14 4.73167e-14 1.21721e-13 3.06365e-13 7.53864e-13 1.8131e-12 4.26143e-12 9.78685e-12 2.19605e-11 4.8142e-11 1.03103e-10 2.15715e-10 4.40925e-10 8.8054e-10 1.7182e-09 3.27634e-09 6.10609e-09 1.11242e-08 1.98148e-08 3.45155e-08 5.88075e-08 9.80253e-08 1.59889e-07 2.55246e-07 3.98875e-07 6.10268e-07 9.14259e-07 1.34133e-06 1.92733e-06 2.71251e-06 3.73942e-06 5.04988e-06 6.68077e-06 8.65907e-06 1.09965e-05 1.36847e-05 1.66913e-05 1.99588e-05 2.34052e-05 2.69283e-05 3.04123e-05 3.3736e-05 3.67812e-05 3.94408e-05 4.16241e-05 4.32597e-05 4.42968e-05 4.47047e-05 4.44711e-05 4.36029e-05 4.21256e-05 4.00849e-05 3.75472e-05 3.45993e-05 3.13453e-05 2.79013e-05 2.43885e-05 2.0924e-05 1.76131e-05 1.45421e-05 1.1774e-05 9.34676e-06 7.27434e-06 5.55005e-06 4.15105e-06 3.04345e-06 2.18735e-06 1.541e-06 1.06416e-06 7.20302e-07 4.77854e-07 3.10682e-07 1.9794e-07 1.23565e-07 7.55703e-08 4.52726e-08 2.65636e-08 1.52631e-08 8.58706e-09 4.7297e-09 2.55013e-09 1.34582e-09 6.95157e-10 3.51419e-10 1.73863e-10 8.41847e-11 3.9895e-11 1.85051e-11 8.40209e-12 3.73472e-12 1.6254e-12 6.92722e-13 2.89157e-13 1.18248e-13 4.74064e-14 1.87056e-14 7.4788e-15 
8.63994e-15 8.5896e-15 1.78435e-14 4.58314e-14 1.19524e-13 3.06365e-13 7.68252e-13 1.88325e-12 4.51172e-12 1.05618e-11 2.41567e-11 5.39754e-11 1.1781e-10 2.51175e-10 5.23085e-10 1.0641e-09 2.11461e-09 4.10542e-09 7.78784e-09 1.4437e-08 2.61587e-08 4.63364e-08 8.02591e-08 1.35966e-07 2.25338e-07 3.6543e-07 5.80013e-07 9.01207e-07 1.37103e-06 2.04256e-06 2.98039e-06 4.25987e-06 5.96467e-06 8.18244e-06 1.09981e-05 1.44853e-05 1.86959e-05 2.36495e-05 2.93234e-05 3.56457e-05 4.24928e-05 4.96919e-05 5.70297e-05 6.42667e-05 7.1154e-05 7.74503e-05 8.2938e-05 8.74336e-05 9.07939e-05 9.29174e-05 9.37424e-05 9.32455e-05 9.14403e-05 8.83785e-05 8.41525e-05 7.88968e-05 7.27872e-05 6.60356e-05 5.88797e-05 5.15676e-05 4.43412e-05 3.74187e-05 3.09806e-05 2.51602e-05 2.00398e-05 1.56523e-05 1.19878e-05 9.00234e-06 6.62844e-06 4.78511e-06 3.38671e-06 2.34988e-06 1.59833e-06 1.06562e-06 6.96307e-07 4.45874e-07 2.79751e-07 1.71955e-07 1.0353e-07 6.10456e-08 3.5246e-08 1.99235e-08 1.10244e-08 5.97079e-09 3.16481e-09 1.64161e-09 8.33264e-10 4.1388e-10 2.01164e-10 9.56822e-11 4.45394e-11 2.02923e-11 9.04988e-12 3.95131e-12 1.68926e-12 7.07273e-13 2.90087e-13 1.16635e-13 4.61606e-14 1.85305e-14 
2.11578e-14 2.12972e-14 4.43489e-14 1.13598e-13 2.95202e-13 7.53864e-13 1.88325e-12 4.59856e-12 1.0973e-11 2.55825e-11 5.8266e-11 1.29627e-10 2.81675e-10 5.97792e-10 1.23907e-09 2.50837e-09 4.95978e-09 9.57963e-09 1.80761e-08 3.33274e-08 6.00511e-08 1.05769e-07 1.82145e-07 3.06765e-07 5.054e-07 8.14741e-07 1.28548e-06 1.98554e-06 3.00297e-06 4.44807e-06 6.45379e-06 9.17373e-06 1.27768e-05 1.74379e-05 2.33239e-05 3.05767e-05 3.92919e-05 4.94986e-05 6.11401e-05 7.40613e-05 8.80041e-05 0.000102615 0.000117461 0.000132064 0.000145925 0.000158568 0.000169564 0.000178553 0.000185257 0.000189479 0.0001911 0.000190075 0.000186431 0.000180271 0.000171774 0.000161204 0.000148907 0.000135301 0.000120858 0.000106071 9.14238e-05 7.73572e-05 6.42372e-05 5.23381e-05 4.18333e-05 3.2798e-05 2.52208e-05 1.90206e-05 1.40677e-05 1.02031e-05 7.2563e-06 5.05991e-06 3.45917e-06 2.31819e-06 1.52271e-06 9.80177e-07 6.18215e-07 3.81981e-07 2.31169e-07 1.37e-07 7.94938e-08 4.51539e-08 2.51038e-08 1.36587e-08 7.27206e-09 3.78836e-09 1.93095e-09 9.62966e-10 4.69869e-10 2.2433e-10 1.04804e-10 4.79173e-11 2.14429e-11 9.39326e-12 4.02868e-12 1.69203e-12 6.96096e-13 2.80719e-13 1.11445e-13 4.49249e-14 
5.06907e-14 5.16471e-14 1.07774e-13 2.75261e-13 7.12691e-13 1.8131e-12 4.51172e-12 1.0973e-11 2.60768e-11 6.05413e-11 1.37296e-10 3.04101e-10 6.57803e-10 1.38953e-09 2.86628e-09 5.77378e-09 1.13582e-08 2.18229e-08 4.09561e-08 7.50935e-08 1.34539e-07 2.35592e-07 4.03313e-07 6.75174e-07 1.10561e-06 1.77143e-06 2.77781e-06 4.26437e-06 6.41048e-06 9.43865e-06 1.36145e-05 1.92419e-05 2.66512e-05 3.61799e-05 4.81456e-05 6.2811e-05 8.03446e-05 0.000100781 0.000123988 0.000149639 0.000177213 0.000206006 0.000235171 0.000263773 0.000290852 0.000315492 0.000336874 0.000354318 0.000367297 0.000375442 0.000378532 0.000376484 0.000369352 0.000357327 0.00034075 0.000320121 0.000296099 0.000269485 0.000241183 0.000212147 0.000183317 0.000155553 0.000129577 0.000105938 8.49906e-05 6.69008e-05 5.1664e-05 3.91385e-05 2.90835e-05 2.11973e-05 1.51518e-05 1.06206e-05 7.29934e-06 4.91812e-06 3.24805e-06 2.1022e-06 1.3331e-06 8.28136e-07 5.03842e-07 3.00158e-07 1.75057e-07 9.99321e-08 5.58281e-08 3.05185e-08 1.63226e-08 8.54076e-09 4.37186e-09 2.18924e-09 1.07247e-09 5.14008e-10 2.41033e-10 1.10601e-10 4.96669e-11 2.1831e-11 9.39407e-12 3.95817e-12 1.63349e-12 6.60786e-13 2.63177e-13 1.06547e-13 
1.18806e-13 1.22485e-13 2.56044e-13 6.5196e-13 1.68165e-12 4.26143e-12 1.05618e-11 2.55825e-11 6.05413e-11 1.39954e-10 3.15995e-10 6.96752e-10 1.50016e-09 3.1538e-09 6.47368e-09 1.29746e-08 2.53911e-08 4.85234e-08 9.0565e-08 1.65113e-07 2.94105e-07 5.1195e-07 8.71111e-07 1.44932e-06 2.35849e-06 3.75506e-06 5.8512e-06 8.92589e-06 1.3334e-05 1.95112e-05 2.79725e-05 3.93e-05 5.41196e-05 7.30615e-05 9.6708e-05 0.000125527 0.000159801 0.000199549 0.000244475 0.000293917 0.000346853 0.000401927 0.000457526 0.000511884 0.000563206 0.000609789 0.000650121 0.000682953 0.000707325 0.000722567 0.000728282 0.000724323 0.000710787 0.000688024 0.000656659 0.000617609 0.00057209 0.000521582 0.000467768 0.000412436 0.000357352 0.000304146 0.000254203 0.000208586 0.000168002 0.000132803 0.000103018 7.84119e-05 5.85563e-05 4.28982e-05 3.08266e-05 2.17256e-05 1.50145e-05 1.01732e-05 6.75663e-06 4.39774e-06 2.8045e-06 1.75188e-06 1.07169e-06 6.4188e-07 3.76323e-07 2.15925e-07 1.21229e-07 6.65894e-08 3.57812e-08 1.8807e-08 9.669e-09 4.86226e-09 2.39167e-09 1.15079e-09 5.41707e-10 2.4949e-10 1.12441e-10 4.95962e-11 2.14144e-11 9.05285e-12 3.74813e-12 1.52106e-12 6.07823e-13 2.47172e-13 
2.7237e-13 2.84049e-13 5.9462e-13 1.50922e-12 3.87771e-12 9.78685e-12 2.41567e-11 5.8266e-11 1.37296e-10 3.15995e-10 7.10255e-10 1.55885e-09 3.34042e-09 6.98837e-09 1.42729e-08 2.84584e-08 5.53971e-08 1.05288e-07 1.95408e-07 3.54201e-07 6.27179e-07 1.08511e-06 1.83494e-06 3.03365e-06 4.9051e-06 7.75914e-06 1.20119e-05 1.82047e-05 2.70192e-05 3.92832e-05 5.59639e-05 7.81424e-05 0.000106965 0.000143568 0.00018898 0.000244001 0.000309069 0.000384138 0.000468567 0.000561061 0.000659673 0.000761872 0.000864681 0.000964874 0.0010592 0.00114459 0.00121835 0.00127826 0.00132262 0.00135028 0.00136053 0.00135312 0.00132822 0.00128646 0.00122894 0.00115728 0.00107364 0.000980693 0.000881454 0.000779162 0.000677044 0.000578092 0.000484876 0.000399403 0.000323036 0.000256495 0.000199911 0.000152921 0.000114793 8.45513e-05 6.10966e-05 4.33041e-05 3.01004e-05 2.0514e-05 1.37044e-05 8.97211e-06 5.75487e-06 3.6155e-06 2.22422e-06 1.33954e-06 7.89582e-07 4.5542e-07 2.56993e-07 1.4186e-07 7.65913e-08 4.04434e-08 2.08856e-08 1.05482e-08 5.21023e-09 2.51716e-09 1.18955e-09 5.49951e-10 2.48773e-10 1.10126e-10 4.77169e-11 2.02413e-11 8.40854e-12 3.42363e-12 1.37283e-12 5.60829e-13 
6.1076e-13 6.44083e-13 1.34975e-12 3.41431e-12 8.73732e-12 2.19605e-11 5.39754e-11 1.29627e-10 3.04101e-10 6.96752e-10 1.55885e-09 3.40512e-09 7.26137e-09 1.51156e-08 3.07137e-08 6.09169e-08 1.17939e-07 2.22907e-07 4.1133e-07 7.41195e-07 1.30449e-06 2.24298e-06 3.76888e-06 6.19073e-06 9.94409e-06 1.56257e-05 2.40282e-05 3.61721e-05 5.33274e-05 7.70192e-05 0.000109007 0.000151234 0.000205726 0.000274463 0.000359191 0.000461212 0.000581157 0.000718771 0.000872743 0.00104062 0.0012188 0.00140271 0.00158703 0.00176606 0.00193409 0.0020858 0.00221651 0.00232244 0.00240071 0.00244932 0.00246714 0.00245372 0.00240938 0.00233517 0.00223295 0.00210553 0.00195661 0.0017908 0.00161338 0.00143001 0.0012464 0.00106787 0.000899043 0.000743591 0.000604067 0.000481898 0.000377464 0.000290254 0.000219076 0.000162275 0.000117942 8.40912e-05 5.88031e-05 4.03187e-05 2.70987e-05 1.78485e-05 1.1517e-05 7.27831e-06 4.50352e-06 2.72763e-06 1.61667e-06 9.37485e-07 5.3178e-07 2.95026e-07 1.60066e-07 8.49215e-08 4.40558e-08 2.23489e-08 1.10866e-08 5.37843e-09 2.55199e-09 1.18447e-09 5.37849e-10 2.38981e-10 1.03924e-10 4.42406e-11 1.8442e-11 7.53461e-12 3.03207e-12 1.24455e-12 
1.33954e-12 1.42793e-12 2.99459e-12 7.5483e-12 1.92362e-11 4.8142e-11 1.1781e-10 2.81675e-10 6.57803e-10 1.50016e-09 3.34042e-09 7.26137e-09 1.54077e-08 3.19098e-08 6.44989e-08 1.27238e-07 2.44977e-07 4.6038e-07 8.44572e-07 1.51273e-06 2.64594e-06 4.52073e-06 7.54701e-06 1.23148e-05 1.96481e-05 3.06637e-05 4.68289e-05 7.00098e-05 0.000102502 0.000147027 0.000206685 0.000284846 0.000384977 0.000510389 0.000663924 0.000847596 0.0010622 0.001307 0.00157939 0.00187488 0.00218704 0.00250786 0.00282813 0.00313812 0.00342813 0.00368923 0.00391363 0.00409504 0.00422876 0.00431155 0.00434154 0.00431807 0.00424162 0.00411391 0.00393803 0.00371856 0.0034617 0.00317513 0.00286774 0.00254915 0.00222907 0.0019167 0.00162011 0.00134578 0.00109836 0.000880576 0.000693366 0.000536107 0.000406959 0.00030323 0.000221727 0.000159067 0.000111928 7.72271e-05 5.22317e-05 3.46173e-05 2.24753e-05 1.42899e-05 8.8947e-06 5.41856e-06 3.22978e-06 1.88322e-06 1.07394e-06 5.98894e-07 3.26557e-07 1.74092e-07 9.07402e-08 4.62408e-08 2.30398e-08 1.12252e-08 5.34838e-09 2.49243e-09 1.13624e-09 5.06802e-10 2.21218e-10 9.45178e-11 3.9542e-11 1.62126e-11 6.54844e-12 2.70107e-12 
2.87352e-12 3.09514e-12 6.49347e-12 1.63071e-11 4.13792e-11 1.03103e-10 2.51175e-10 5.97792e-10 1.38953e-09 3.1538e-09 6.98837e-09 1.51156e-08 3.19098e-08 6.57408e-08 1.32169e-07 2.59296e-07 4.96415e-07 9.27482e-07 1.69132e-06 3.01078e-06 5.23305e-06 8.88319e-06 1.47317e-05 2.3876e-05 3.78319e-05 5.86301e-05 8.89066e-05 0.000131973 0.000191851 0.000273243 0.000381429 0.000522061 0.000700844 0.000923105 0.00119326 0.00151424 0.00188684 0.00230925 0.00277658 0.00328082 0.00381089 0.00435319 0.00489234 0.00541222 0.00589699 0.00633212 0.0067051 0.0070059 0.00722708 0.00736358 0.00741249 0.00737278 0.00724525 0.00703257 0.00673961 0.00637369 0.0059447 0.00546504 0.00494916 0.00441282 0.00387206 0.00334224 0.00283697 0.00236737 0.00194163 0.00156479 0.00123892 0.000963469 0.000735762 0.000551618 0.000405907 0.000293072 0.000207561 0.000144144 9.81239e-05 6.54522e-05 4.27651e-05 2.73601e-05 1.71343e-05 1.05003e-05 6.29513e-06 3.69124e-06 2.11651e-06 1.18655e-06 6.50305e-07 3.48411e-07 1.82474e-07 9.34228e-08 4.67598e-08 2.28823e-08 1.09493e-08 5.1239e-09 2.34537e-09 1.05028e-09 4.60225e-10 1.97383e-10 8.28835e-11 3.41081e-11 1.38296e-11 5.73323e-12 
6.02903e-12 6.55935e-12 1.37618e-11 3.4426e-11 8.69695e-11 2.15715e-10 5.23085e-10 1.23907e-09 2.86628e-09 6.47368e-09 1.42729e-08 3.07137e-08 6.44989e-08 1.32169e-07 2.64259e-07 5.15519e-07 9.81244e-07 1.82244e-06 3.30308e-06 5.84311e-06 1.00907e-05 1.70162e-05 2.80289e-05 4.51134e-05 7.098e-05 0.000109215 0.000164416 0.00024228 0.000349632 0.000494334 0.000685074 0.000930991 0.00124112 0.00162366 0.00208516 0.00262952 0.00325711 0.00396398 0.00474131 0.00557528 0.0064474 0.00733537 0.00821434 0.00905857 0.00984301 0.0105449 0.0111449 0.0116276 0.0119816 0.0121994 0.0122766 0.0122118 0.012006 0.0116634 0.0111913 0.0106008 0.00990737 0.00913015 0.00829182 0.00741729 0.00653222 0.00566133 0.00482687 0.00404735 0.00333668 0.00270389 0.00215322 0.00168463 0.00129456 0.000976829 0.000723536 0.000525898 0.000374963 0.000262154 0.000179654 0.000120631 7.93329e-05 5.10809e-05 3.21901e-05 1.98474e-05 1.19696e-05 7.05906e-06 4.07024e-06 2.29421e-06 1.264e-06 6.80662e-07 3.58249e-07 1.84298e-07 9.26755e-08 4.55578e-08 2.18962e-08 1.02909e-08 4.7303e-09 2.12699e-09 9.35778e-10 4.02918e-10 1.69842e-10 7.016e-11 2.85606e-11 1.19019e-11 
1.23729e-11 1.35912e-11 2.85063e-11 7.10221e-11 1.78602e-10 4.40925e-10 1.0641e-09 2.50837e-09 5.77378e-09 1.29746e-08 2.84584e-08 6.09169e-08 1.27238e-07 2.59296e-07 5.15519e-07 9.99877e-07 1.89192e-06 3.4925e-06 6.29056e-06 1.10568e-05 1.89692e-05 3.17731e-05 5.19757e-05 8.30673e-05 0.000129756 0.000198192 0.000296154 0.000433144 0.000620371 0.000870544 0.00119746 0.00161535 0.00213792 0.00277728 0.00354249 0.00443828 0.00546357 0.00661051 0.00786369 0.00920015 0.0105901 0.011998 0.0133854 0.0147123 0.0159407 0.0170363 0.01797 0.0187193 0.0192675 0.0196037 0.0197216 0.0196193 0.0192983 0.0187646 0.0180288 0.0171072 0.0160227 0.0148039 0.0134852 0.0121046 0.0107016 0.00931471 0.00797912 0.00672456 0.00557402 0.00454305 0.00363981 0.00286575 0.00221663 0.00168384 0.00125576 0.000919072 0.000659858 0.000464546 0.000320553 0.000216709 0.000143475 9.29887e-05 5.89758e-05 3.65902e-05 2.22012e-05 1.31705e-05 7.63762e-06 4.32895e-06 2.39791e-06 1.29804e-06 6.86668e-07 3.54998e-07 1.79373e-07 8.85904e-08 4.27734e-08 2.01925e-08 9.32211e-09 4.20954e-09 1.85971e-09 8.03998e-10 3.40262e-10 1.41114e-10 5.76811e-11 2.41664e-11 
2.48381e-11 2.75357e-11 5.7717e-11 1.43193e-10 3.584e-10 8.8054e-10 2.11461e-09 4.95978e-09 1.13582e-08 2.53911e-08 5.53971e-08 1.17939e-07 2.44977e-07 4.96415e-07 9.81244e-07 1.89192e-06 3.55812e-06 6.52755e-06 1.16824e-05 2.03999e-05 3.4764e-05 5.78295e-05 9.39348e-05 0.000149047 0.000231111 0.000350367 0.000519575 0.00075409 0.00107172 0.00149231 0.00203698 0.002727 0.00358232 0.00461983 0.00585128 0.00728136 0.00890576 0.0107098 0.0126676 0.0147423 0.0168874 0.0190488 0.021168 0.0231861 0.0250471 0.026701 0.0281064 0.0292311 0.0300519 0.0305538 0.0307282 0.0305724 0.0300886 0.0292849 0.0281761 0.0267854 0.0251448 0.023296 0.0212888 0.0191791 0.0170256 0.0148864 0.0128151 0.010858 0.00905182 0.00742231 0.00598444 0.00474294 0.00369367 0.00282548 0.00212214 0.0015643 0.00113119 0.000802077 0.000557394 0.000379466 0.000252961 0.000165053 0.00010537 6.5793e-05 4.01688e-05 2.39737e-05 1.39842e-05 7.97134e-06 4.43999e-06 2.41641e-06 1.28498e-06 6.67706e-07 3.39053e-07 1.68265e-07 8.16259e-08 3.87117e-08 1.79522e-08 8.14228e-09 3.61263e-09 1.5684e-09 6.66509e-10 2.77544e-10 1.13931e-10 4.79972e-11 
4.87769e-11 5.45511e-11 1.14234e-10 2.82167e-10 7.02825e-10 1.7182e-09 4.10542e-09 9.57963e-09 2.18229e-08 4.85234e-08 1.05288e-07 2.22907e-07 4.6038e-07 9.27482e-07 1.82244e-06 3.4925e-06 6.52755e-06 1.1899e-05 2.11571e-05 3.66983e-05 6.21112e-05 0.000102598 0.000165459 0.000260608 0.000401072 0.000603392 0.000887866 0.00127851 0.0018027 0.00249029 0.00337239 0.0044795 0.00583927 0.00747386 0.00939713 0.0116119 0.0141074 0.0168578 0.0198212 0.0229407 0.026146 0.0293573 0.0324898 0.0354589 0.0381855 0.0405998 0.0426449 0.0442769 0.0454649 0.0461892 0.0464387 0.0462097 0.0455053 0.044336 0.0427214 0.0406924 0.038293 0.0355807 0.0326251 0.0295054 0.0263058 0.0231105 0.0199987 0.0170398 0.0142905 0.0117922 0.00957097 0.00763773 0.00599028 0.00461551 0.0034921 0.00259321 0.00188912 0.00134938 0.000944579 0.00064768 0.000434806 0.000285662 0.000183594 0.000115388 7.08974e-05 4.25756e-05 2.49845e-05 1.43252e-05 8.02451e-06 4.39143e-06 2.34785e-06 1.2264e-06 6.25942e-07 3.12195e-07 1.52186e-07 7.25191e-08 3.37868e-08 1.53938e-08 6.86046e-09 2.9914e-09 1.27665e-09 5.33857e-10 2.2011e-10 9.32548e-11 
9.37136e-11 1.05687e-10 2.21035e-10 5.43499e-10 1.34703e-09 3.27634e-09 7.78784e-09 1.80761e-08 4.09561e-08 9.0565e-08 1.95408e-07 4.1133e-07 8.44572e-07 1.69132e-06 3.30308e-06 6.29056e-06 1.16824e-05 2.11571e-05 3.73679e-05 6.43752e-05 0.000108193 0.000177441 0.000284065 0.000444076 0.000678206 0.00101239 0.00147791 0.00211113 0.00295263 0.00404577 0.0054345 0.0071606 0.00926032 0.0117607 0.0146758 0.018003 0.0217203 0.0257843 0.03013 0.0346722 0.0393087 0.0439259 0.0484051 0.0526298 0.0564923 0.0598994 0.0627756 0.0650643 0.066726 0.0677361 0.0680812 0.0677567 0.0667664 0.065123 0.0628513 0.0599909 0.0565989 0.0527516 0.0485424 0.0440792 0.0394781 0.034857 0.0303286 0.0259936 0.0219364 0.0182213 0.0148914 0.0119686 0.00945614 0.00734067 0.00559615 0.00418741 0.00307374 0.00221217 0.00156014 0.00107763 0.000728671 0.000482108 0.000311983 0.000197396 0.000122077 7.37763e-05 4.35615e-05 2.51268e-05 1.41576e-05 7.79192e-06 4.18904e-06 2.2e-06 1.12879e-06 5.65902e-07 2.77251e-07 1.32765e-07 6.2153e-08 2.84512e-08 1.27379e-08 5.5791e-09 2.39148e-09 1.00439e-09 4.15987e-10 1.77267e-10 
1.76169e-10 2.00258e-10 4.18171e-10 1.02342e-09 2.52358e-09 6.10609e-09 1.4437e-08 3.33274e-08 7.50935e-08 1.65113e-07 3.54201e-07 7.41195e-07 1.51273e-06 3.01078e-06 5.84311e-06 1.10568e-05 2.03999e-05 3.66983e-05 6.43752e-05 0.000110129 0.00018377 0.000299192 0.000475403 0.000737527 0.00111761 0.00165508 0.00239664 0.00339553 0.00470983 0.00640002 0.0085256 0.0111409 0.0142906 0.0180043 0.0222925 0.0271414 0.0325105 0.0383305 0.0445041 0.0509083 0.0574001 0.0638236 0.0700188 0.0758314 0.081121 0.0857677 0.0896767 0.0927777 0.0950234 0.0963846 0.0968461 0.0964026 0.0950584 0.0928282 0.089741 0.0858449 0.081211 0.0759356 0.0701391 0.0639624 0.0575595 0.0510895 0.0447067 0.0385525 0.032748 0.0273894 0.0225448 0.0182546 0.0145325 0.0113688 0.00873484 0.00658732 0.00487325 0.00353451 0.00251183 0.00174807 0.00119074 0.00079351 0.000517117 0.000329434 0.000205097 0.000124756 7.41296e-05 4.3023e-05 2.4387e-05 1.35007e-05 7.29968e-06 3.85507e-06 1.98877e-06 1.00235e-06 4.93631e-07 2.37583e-07 1.11774e-07 5.14139e-08 2.31275e-08 1.01765e-08 4.38189e-09 1.84856e-09 7.69171e-10 3.29716e-10 
3.24075e-10 3.71161e-10 7.73624e-10 1.88425e-09 4.62209e-09 1.11242e-08 2.61587e-08 6.00511e-08 1.34539e-07 2.94105e-07 6.27179e-07 1.30449e-06 2.64594e-06 5.23305e-06 1.00907e-05 1.89692e-05 3.4764e-05 6.21112e-05 0.000108193 0.00018377 0.00030442 0.000491929 0.000775709 0.00119406 0.00179508 0.00263689 0.00378701 0.00532071 0.00731811 0.00986017 0.0130236 0.0168752 0.0214654 0.026822 0.0329449 0.0398008 0.0473208 0.0553992 0.0638956 0.0726393 0.0814372 0.0900833 0.0983707 0.106103 0.113105 0.119229 0.124361 0.12842 0.131352 0.133124 0.13372 0.133136 0.131375 0.128453 0.124402 0.119276 0.113159 0.106167 0.0984495 0.0901815 0.0815597 0.0727901 0.0640766 0.0556102 0.0475591 0.0400614 0.033221 0.0271058 0.0217485 0.0171498 0.0132825 0.0100976 0.0075301 0.00550489 0.00394276 0.00276504 0.00189768 0.00127395 0.000836195 0.000536449 0.000336268 0.000205909 0.000123147 7.19254e-05 4.10223e-05 2.28472e-05 1.24261e-05 6.60018e-06 3.42407e-06 1.73521e-06 8.59129e-07 4.15659e-07 1.96553e-07 9.08609e-08 4.10708e-08 1.81577e-08 7.85477e-09 3.32881e-09 1.39167e-09 6.00165e-10 
5.83444e-10 6.72963e-10 1.39976e-09 3.39252e-09 8.27786e-09 1.98148e-08 4.63364e-08 1.05769e-07 2.35592e-07 5.1195e-07 1.08511e-06 2.24298e-06 4.52073e-06 8.88319e-06 1.70162e-05 3.17731e-05 5.78295e-05 0.000102598 0.000177441 0.000299192 0.000491929 0.000788893 0.00123433 0.001885 0.00281092 0.00409517 0.00583222 0.0081248 0.0110792 0.014799 0.0193781 0.0248926 0.0313933 0.038898 0.0473857 0.056792 0.0670071 0.0778767 0.0892059 0.100767 0.112308 0.123568 0.134289 0.144234 0.153191 0.16099 0.1675 0.172631 0.176327 0.178555 0.179301 0.178559 0.176333 0.172637 0.167503 0.16099 0.15319 0.144235 0.1343 0.123596 0.112362 0.100854 0.0893325 0.078045 0.0672165 0.0570388 0.0476632 0.0391975 0.0317048 0.0252057 0.0196829 0.0150868 0.0113429 0.00835961 0.0060353 0.00426583 0.00295025 0.00199549 0.00131945 0.000852559 0.000538168 0.000331797 0.000199763 0.000117434 6.74043e-05 3.77739e-05 2.06691e-05 1.10435e-05 5.76236e-06 2.93668e-06 1.46201e-06 7.11148e-07 3.38045e-07 1.57068e-07 7.13519e-08 3.16985e-08 1.37773e-08 5.86603e-09 2.4643e-09 1.06925e-09 
1.02811e-09 1.19379e-09 2.47734e-09 5.97414e-09 1.44989e-08 3.45155e-08 8.02591e-08 1.82145e-07 4.03313e-07 8.71111e-07 1.83494e-06 3.76888e-06 7.54701e-06 1.47317e-05 2.80289e-05 5.19757e-05 9.39348e-05 0.000165459 0.000284065 0.000475403 0.000775709 0.00123433 0.00191601 0.00290243 0.00429257 0.00620149 0.00875699 0.0120942 0.0163484 0.0216459 0.0280943 0.0357726 0.044722 0.0549377 0.0663639 0.07889 0.0923511 0.106531 0.12117 0.135975 0.150631 0.16482 0.178236 0.190601 0.201676 0.211271 0.219247 0.225512 0.230012 0.232718 0.233619 0.232711 0.229995 0.225484 0.219204 0.211211 0.201602 0.190518 0.178154 0.164749 0.150584 0.135964 0.121206 0.10662 0.0924951 0.0790882 0.0666112 0.0552256 0.0450395 0.0361075 0.0284338 0.0219779 0.0166623 0.0123816 0.009012 0.00642088 0.00447561 0.00305052 0.00203223 0.00132278 0.000840995 0.000522139 0.000316516 0.000187316 0.000108218 6.10336e-05 3.36046e-05 1.80644e-05 9.48179e-06 4.86026e-06 2.43334e-06 1.19015e-06 5.68777e-07 2.65658e-07 1.21296e-07 5.41534e-08 2.36507e-08 1.01177e-08 4.27132e-09 1.8648e-09 
1.77345e-09 2.07215e-09 4.28936e-09 1.02914e-08 2.48413e-08 5.88075e-08 1.35966e-07 3.06765e-07 6.75174e-07 1.44932e-06 3.03365e-06 6.19073e-06 1.23148e-05 2.3876e-05 4.51134e-05 8.30673e-05 0.000149047 0.000260608 0.000444076 0.000737527 0.00119406 0.001885 0.00290243 0.00436058 0.00639525 0.00916076 0.0128242 0.0175566 0.0235226 0.0308676 0.0397055 0.0501064 0.0620871 0.0756036 0.090547 0.106743 0.123957 0.141899 0.160234 0.178601 0.196621 0.213925 0.230164 0.245029 0.258264 0.269671 0.279111 0.286499 0.291789 0.294962 0.296014 0.294943 0.291748 0.286433 0.279016 0.269545 0.258108 0.24485 0.229972 0.213734 0.196448 0.178461 0.160144 0.141869 0.123996 0.106853 0.0907253 0.075844 0.0623792 0.0504368 0.0400593 0.0312297 0.0238783 0.0178934 0.013132 0.00943278 0.00662774 0.00455289 0.00305642 0.0020044 0.00128373 0.000802748 0.00049004 0.000292001 0.00016983 9.64101e-05 5.34225e-05 2.88971e-05 1.52601e-05 7.86864e-06 3.96231e-06 1.94889e-06 9.36488e-07 4.39736e-07 2.01817e-07 9.05562e-08 3.97426e-08 1.70835e-08 7.24793e-09 3.1841e-09 
2.99484e-09 3.51983e-09 7.2666e-09 1.73454e-08 4.16404e-08 9.80253e-08 2.25338e-07 5.054e-07 1.10561e-06 2.35849e-06 4.9051e-06 9.94409e-06 1.96481e-05 3.78319e-05 7.098e-05 0.000129756 0.000231111 0.000401072 0.000678206 0.00111761 0.00179508 0.00281092 0.00429257 0.00639525 0.00929965 0.0132062 0.0183257 0.0248661 0.0330178 0.0429372 0.0547312 0.0684441 0.0840483 0.101439 0.120434 0.140777 0.162147 0.184173 0.206442 0.228523 0.249984 0.270411 0.289428 0.306711 0.322 0.335103 0.345896 0.35431 0.360316 0.363911 0.365099 0.363881 0.360254 0.35421 0.345753 0.334913 0.321763 0.306433 0.289121 0.270091 0.249669 0.228235 0.206199 0.183994 0.162044 0.140757 0.120501 0.10159 0.0842758 0.0687351 0.0550701 0.0433064 0.0333992 0.0252425 0.0186821 0.0135311 0.009585 0.00663713 0.0044906 0.00296758 0.00191491 0.00120626 0.000741666 0.000445048 0.000260624 0.000148946 8.30743e-05 4.52232e-05 2.40304e-05 1.2466e-05 6.31437e-06 3.12357e-06 1.50931e-06 7.1254e-07 3.28736e-07 1.48256e-07 6.53868e-08 2.82429e-08 1.20425e-08 5.3235e-09 
4.9516e-09 5.85154e-09 1.20464e-08 2.86073e-08 6.83023e-08 1.59889e-07 3.6543e-07 8.14741e-07 1.77143e-06 3.75506e-06 7.75914e-06 1.56257e-05 3.06637e-05 5.86301e-05 0.000109215 0.000198192 0.000350367 0.000603392 0.00101239 0.00165508 0.00263689 0.00409517 0.00620149 0.00916076 0.0132062 0.0185898 0.0255675 0.0343814 0.0452391 0.058294 0.073627 0.0912338 0.111018 0.132788 0.156268 0.181102 0.206874 0.233121 0.259359 0.285097 0.309861 0.333212 0.354766 0.374203 0.39128 0.405828 0.417751 0.427006 0.433592 0.437525 0.438822 0.437488 0.433515 0.426881 0.41757 0.405587 0.390976 0.373842 0.354357 0.332772 0.309409 0.284657 0.258954 0.232773 0.206601 0.18092 0.156185 0.132808 0.111137 0.0914443 0.0739139 0.0586391 0.0456216 0.0347799 0.0259619 0.0189627 0.0135443 0.00945534 0.0064486 0.00429498 0.00279275 0.00177248 0.00109783 0.00066351 0.000391287 0.000225153 0.000126418 6.92663e-05 3.70395e-05 1.9333e-05 9.85128e-06 4.90149e-06 2.38174e-06 1.13055e-06 5.24345e-07 2.37683e-07 1.05348e-07 4.57246e-08 1.95944e-08 8.71595e-09 
8.0161e-09 9.52143e-09 1.95444e-08 4.61757e-08 1.0965e-07 2.55246e-07 5.80013e-07 1.28548e-06 2.77781e-06 5.8512e-06 1.20119e-05 2.40282e-05 4.68289e-05 8.89066e-05 0.000164416 0.000296154 0.000519575 0.000887866 0.00147791 0.00239664 0.00378701 0.00583222 0.00875699 0.0128242 0.0183257 0.0255675 0.0348488 0.0464373 0.0605438 0.0772981 0.0967301 0.118759 0.143192 0.169726 0.19797 0.227455 0.257662 0.288046 0.318055 0.347157 0.374858 0.400718 0.42437 0.445523 0.46397 0.479586 0.492314 0.502151 0.509127 0.513284 0.514653 0.513244 0.509044 0.502015 0.492116 0.479318 0.463628 0.445106 0.423888 0.400184 0.374291 0.346581 0.317494 0.287527 0.257209 0.227089 0.197707 0.169578 0.143162 0.118846 0.096923 0.077581 0.0608954 0.0468332 0.0352637 0.0259779 0.0187119 0.0131714 0.00905625 0.00608002 0.00398445 0.00254822 0.00159015 0.000968109 0.000575002 0.000333173 0.00018834 0.000103876 5.59035e-05 2.9361e-05 1.50516e-05 7.53273e-06 3.68107e-06 1.75688e-06 8.19155e-07 3.7322e-07 1.66242e-07 7.25046e-08 3.12259e-08 1.3976e-08 
1.27072e-08 1.51651e-08 3.10361e-08 7.29532e-08 1.72305e-07 3.98875e-07 9.01207e-07 1.98554e-06 4.26437e-06 8.92589e-06 1.82047e-05 3.61721e-05 7.00098e-05 0.000131973 0.00024228 0.000433144 0.00075409 0.00127851 0.00211113 0.00339553 0.00532071 0.0081248 0.0120942 0.0175566 0.0248661 0.0343814 0.0464373 0.0613134 0.0792024 0.100184 0.124208 0.151087 0.1805 0.212012 0.245098 0.279171 0.313611 0.347799 0.381139 0.413081 0.443138 0.470899 0.496041 0.518327 0.53761 0.55382 0.566955 0.577059 0.584199 0.588444 0.589841 0.588408 0.584121 0.57693 0.566763 0.553554 0.537263 0.517895 0.495528 0.470315 0.442497 0.412405 0.380453 0.347129 0.312985 0.278616 0.244639 0.211668 0.180286 0.151009 0.124265 0.100364 0.0794857 0.0616752 0.0468486 0.0348127 0.0252906 0.0179524 0.0124459 0.00842369 0.00556436 0.00358642 0.00225508 0.00138315 0.000827479 0.000482855 0.000274829 0.00015259 8.26518e-05 4.36817e-05 2.25289e-05 1.13411e-05 5.57355e-06 2.67469e-06 1.25368e-06 5.74107e-07 2.56982e-07 1.12619e-07 4.87429e-08 2.19499e-08 
1.9725e-08 2.36441e-08 4.82418e-08 1.12828e-07 2.65071e-07 6.10268e-07 1.37103e-06 3.00297e-06 6.41048e-06 1.3334e-05 2.70192e-05 5.33274e-05 0.000102502 0.000191851 0.000349632 0.000620371 0.00107172 0.0018027 0.00295263 0.00470983 0.00731811 0.0110792 0.0163484 0.0235226 0.0330178 0.0452391 0.0605438 0.0792024 0.101363 0.127025 0.156022 0.18803 0.222575 0.259071 0.29685 0.335207 0.373435 0.410862 0.446873 0.480931 0.51259 0.541499 0.567405 0.590149 0.609661 0.625942 0.639051 0.649085 0.656149 0.660338 0.661719 0.660312 0.656089 0.648982 0.638891 0.625711 0.609348 0.589747 0.566911 0.540917 0.511931 0.480209 0.446109 0.410082 0.372667 0.33448 0.296197 0.258521 0.222154 0.187756 0.155904 0.12706 0.101539 0.0794945 0.0609219 0.0456689 0.0334655 0.0239585 0.0167494 0.0114299 0.00761116 0.00494443 0.00313299 0.00193608 0.00116676 0.000685689 0.000392978 0.000219652 0.000119749 6.36851e-05 3.30449e-05 1.67322e-05 8.26947e-06 3.99002e-06 1.88e-06 8.65272e-07 3.892e-07 1.71373e-07 7.45351e-08 3.37672e-08 
2.9983e-08 3.60866e-08 7.34037e-08 1.70831e-07 3.99253e-07 9.14259e-07 2.04256e-06 4.44807e-06 9.43865e-06 1.95112e-05 3.92832e-05 7.70192e-05 0.000147027 0.000273243 0.000494334 0.000870544 0.00149231 0.00249029 0.00404577 0.00640002 0.00986017 0.014799 0.0216459 0.0308676 0.0429372 0.058294 0.0772981 0.100184 0.127025 0.157702 0.191905 0.22914 0.268762 0.310021 0.352109 0.394216 0.435569 0.475471 0.513322 0.548634 0.581033 0.610258 0.636153 0.658653 0.677779 0.693609 0.70627 0.715906 0.722664 0.726663 0.727983 0.726649 0.722631 0.715843 0.706162 0.693441 0.677536 0.658324 0.635728 0.609736 0.580415 0.547928 0.512542 0.474636 0.434705 0.393355 0.351287 0.309275 0.268129 0.228651 0.191583 0.157558 0.127054 0.10037 0.0776101 0.0586954 0.0433881 0.0313305 0.0220891 0.0151994 0.0102038 0.00668156 0.00426664 0.00265662 0.00161278 0.000954578 0.00055087 0.000309968 0.000170081 9.10182e-05 4.75121e-05 2.41973e-05 1.20257e-05 5.8336e-06 2.76285e-06 1.27793e-06 5.77564e-07 2.555e-07 1.11659e-07 5.08843e-08 
4.46296e-08 5.39164e-08 1.09337e-07 2.53235e-07 5.88837e-07 1.34133e-06 2.98039e-06 6.45379e-06 1.36145e-05 2.79725e-05 5.59639e-05 0.000109007 0.000206685 0.000381429 0.000685074 0.00119746 0.00203698 0.00337239 0.0054345 0.0085256 0.0130236 0.0193781 0.0280943 0.0397055 0.0547312 0.073627 0.0967301 0.124208 0.156022 0.191905 0.231367 0.273726 0.318153 0.363733 0.409533 0.454658 0.498301 0.539776 0.578537 0.614176 0.646425 0.675135 0.700266 0.721861 0.740035 0.754947 0.766785 0.775742 0.781996 0.785688 0.78691 0.785691 0.781996 0.775729 0.766744 0.754862 0.739889 0.721639 0.699954 0.674723 0.645906 0.613549 0.577805 0.538952 0.497403 0.453715 0.408582 0.362818 0.31732 0.273021 0.230828 0.191556 0.155874 0.124253 0.0969427 0.0739704 0.0551616 0.0401781 0.0285689 0.0198227 0.0134167 0.00885567 0.00569904 0.00357539 0.00218651 0.00130338 0.000757341 0.000428981 0.000236895 0.000127557 6.69817e-05 3.4308e-05 1.71443e-05 8.3605e-06 3.97968e-06 1.84971e-06 8.39898e-07 3.73244e-07 1.6388e-07 7.51121e-08 
6.50509e-08 7.88584e-08 1.59435e-07 3.67541e-07 8.50422e-07 1.92733e-06 4.25987e-06 9.17373e-06 1.92419e-05 3.93e-05 7.81424e-05 0.000151234 0.000284846 0.000522061 0.000930991 0.00161535 0.002727 0.0044795 0.0071606 0.0111409 0.0168752 0.0248926 0.0357726 0.0501064 0.0684441 0.0912338 0.118759 0.151087 0.18803 0.22914 0.273726 0.320903 0.369656 0.418921 0.467661 0.51493 0.559926 0.602012 0.640729 0.675787 0.707044 0.734484 0.758189 0.778317 0.795073 0.808692 0.819418 0.82748 0.833083 0.836383 0.837479 0.836402 0.833117 0.827519 0.819447 0.808698 0.795037 0.778222 0.758017 0.734217 0.706669 0.675291 0.640106 0.601262 0.559059 0.513968 0.466637 0.417881 0.368654 0.319997 0.272969 0.228575 0.187682 0.150962 0.118841 0.0914892 0.0688279 0.0505683 0.0362642 0.0253729 0.0173138 0.0115192 0.00747068 0.00472218 0.00290889 0.00174623 0.00102157 0.000582448 0.000323676 0.000175343 9.2612e-05 4.77016e-05 2.39653e-05 1.1747e-05 5.61931e-06 2.62416e-06 1.19697e-06 5.3428e-07 2.35654e-07 1.08611e-07 
9.28444e-08 1.12907e-07 2.27599e-07 5.2231e-07 1.20279e-06 2.71251e-06 5.96467e-06 1.27768e-05 2.66512e-05 5.41196e-05 0.000106965 0.000205726 0.000384977 0.000700844 0.00124112 0.00213792 0.00358232 0.00583927 0.00926032 0.0142906 0.0214654 0.0313933 0.044722 0.0620871 0.0840483 0.111018 0.143192 0.1805 0.222575 0.268762 0.318153 0.369656 0.422085 0.474249 0.525042 0.573508 0.618889 0.660638 0.698417 0.732075 0.761617 0.787165 0.808927 0.827165 0.842172 0.854243 0.863666 0.8707 0.875563 0.878419 0.879372 0.878453 0.875627 0.870786 0.863763 0.854336 0.842245 0.827201 0.808905 0.787064 0.761415 0.731751 0.697951 0.66002 0.618116 0.572591 0.524008 0.473141 0.42096 0.368582 0.317196 0.267983 0.222017 0.180184 0.143116 0.111157 0.0843587 0.0625155 0.0452132 0.0318975 0.0219429 0.0147145 0.00961626 0.00612361 0.00379932 0.00229659 0.00135252 0.000776099 0.000433956 0.000236478 0.000125612 6.50516e-05 3.28526e-05 1.61837e-05 7.7787e-06 3.64921e-06 1.67186e-06 7.4944e-07 3.32008e-07 1.53843e-07 
1.29753e-07 1.58246e-07 3.18075e-07 7.26777e-07 1.66601e-06 3.73942e-06 8.18244e-06 1.74379e-05 3.61799e-05 7.30615e-05 0.000143568 0.000274463 0.000510389 0.000923105 0.00162366 0.00277728 0.00461983 0.00747386 0.0117607 0.0180043 0.026822 0.038898 0.0549377 0.0756036 0.101439 0.132788 0.169726 0.212012 0.259071 0.310021 0.363733 0.418921 0.474249 0.528435 0.580346 0.62906 0.673904 0.714454 0.750522 0.782112 0.80938 0.832586 0.852056 0.868145 0.881214 0.89161 0.899646 0.905599 0.909691 0.912088 0.912891 0.912133 0.909778 0.905723 0.899798 0.891778 0.881385 0.868302 0.852178 0.83265 0.809359 0.781977 0.750245 0.71401 0.673276 0.628248 0.579365 0.527321 0.473058 0.417724 0.362608 0.309044 0.258304 0.211496 0.169475 0.132787 0.101651 0.0759751 0.0554093 0.0394119 0.0273294 0.0184691 0.0121611 0.00780063 0.00487387 0.00296609 0.0017582 0.00101519 0.000571052 0.000312977 0.000167162 8.7025e-05 4.41711e-05 2.18642e-05 1.05574e-05 4.97462e-06 2.28871e-06 1.03017e-06 4.58301e-07 2.13458e-07 
1.77552e-07 2.17109e-07 4.35172e-07 9.90222e-07 2.26003e-06 5.04988e-06 1.09981e-05 2.33239e-05 4.81456e-05 9.6708e-05 0.00018898 0.000359191 0.000663924 0.00119326 0.00208516 0.00354249 0.00585128 0.00939713 0.0146758 0.0222925 0.0329449 0.0473857 0.0663639 0.090547 0.120434 0.156268 0.19797 0.245098 0.29685 0.352109 0.409533 0.467661 0.525042 0.580346 0.632458 0.680535 0.724024 0.762657 0.796407 0.825442 0.850066 0.870666 0.88767 0.901509 0.912594 0.921303 0.927965 0.932857 0.936199 0.93815 0.938807 0.938202 0.936301 0.933006 0.928155 0.921527 0.912841 0.901764 0.887916 0.870879 0.850217 0.825496 0.796328 0.76241 0.723579 0.679875 0.631586 0.579286 0.523843 0.466394 0.408283 0.350964 0.295889 0.244382 0.197531 0.156107 0.120524 0.0908388 0.0667956 0.0478933 0.0334707 0.0227914 0.0151174 0.00976575 0.00614339 0.00376325 0.00224479 0.00130399 0.000737745 0.000406574 0.000218302 0.000114223 5.8256e-05 2.89692e-05 1.40498e-05 6.64808e-06 3.07099e-06 1.38769e-06 6.19845e-07 2.90118e-07 
2.3789e-07 2.91576e-07 5.82867e-07 1.32109e-06 3.00276e-06 6.68077e-06 1.44853e-05 3.05767e-05 6.2811e-05 0.000125527 0.000244001 0.000461212 0.000847596 0.00151424 0.00262952 0.00443828 0.00728136 0.0116119 0.018003 0.0271414 0.0398008 0.056792 0.07889 0.106743 0.140777 0.181102 0.227455 0.279171 0.335207 0.394216 0.454658 0.51493 0.573508 0.62906 0.680535 0.727205 0.768675 0.804844 0.835859 0.862045 0.883843 0.90175 0.916273 0.9279 0.937073 0.944181 0.949555 0.953464 0.956116 0.957659 0.958182 0.957713 0.956224 0.953625 0.949766 0.944438 0.937369 0.928226 0.916614 0.902083 0.884141 0.862272 0.835972 0.8048 0.768432 0.726732 0.679817 0.628108 0.57236 0.51365 0.453331 0.392941 0.334077 0.278266 0.226827 0.18077 0.140728 0.106935 0.0792621 0.0572764 0.0403324 0.0276658 0.018481 0.0120204 0.00761151 0.00469203 0.00281575 0.00164513 0.000935907 0.000518511 0.00027981 0.000147112 7.53754e-05 3.76467e-05 1.83348e-05 8.71035e-06 4.03903e-06 1.83191e-06 8.21397e-07 3.86244e-07 
