0.000154022 0.000157191 0.000168584 0.000188571 0.000217739 0.000256911 0.000307147 0.000369741 0.00044621 0.000538289 0.000647914 0.00077721 0.000928464 0.00110409 0.00130663 0.00153863 0.00180271 0.0021014 0.00243714 0.00281222 0.00322865 0.00368816 0.00419208 0.00474129 0.00533612 0.00597634 0.00666103 0.00738858 0.00815663 0.00896208 0.00980103 0.0106688 0.01156 0.0124685 0.0133875 0.0143097 0.0152272 0.0161319 0.0170153 0.0178687 0.0186836 0.0194515 0.0201641 0.0208138 0.0213933 0.021896 0.0223162 0.022649 0.0228905 0.0230379 0.0230895 0.0230447 0.022904 0.0226691 0.0223429 0.021929 0.0214325 0.0208589 0.0202149 0.0195075 0.0187446 0.0179342 0.0170849 0.0162052 0.0153037 0.0143888 0.0134688 0.0125514 0.011644 0.0107534 0.0098856 0.00904613 0.00823966 0.0074701 0.00674061 0.00605356 0.00541061 0.00481271 0.00426017 0.00375268 0.00328943 0.00286914 0.00249012 0.00215041 0.00184777 0.00157979 0.00134398 0.00113777 0.000958604 0.000803981 0.000671492 0.000558857 0.000463954 0.000384841 0.000319773 0.000267219 0.000225867 0.000194638 0.000172682 0.000159412 
0.000157191 0.000160434 0.000172074 0.000192492 0.000222284 0.000262294 0.000313602 0.000377529 0.000455624 0.000549657 0.000661604 0.000793632 0.000948072 0.00112739 0.00133417 0.00157102 0.00184058 0.00214546 0.00248813 0.0028709 0.00329584 0.00376468 0.00427879 0.00483904 0.00544578 0.00609872 0.00679694 0.00753878 0.00832184 0.00914292 0.00999805 0.0108825 0.0117906 0.0127163 0.0136527 0.0145921 0.0155268 0.0164482 0.0173479 0.0182169 0.0190467 0.0198285 0.0205541 0.0212155 0.0218053 0.022317 0.0227447 0.0230834 0.0233292 0.0234792 0.0235316 0.0234859 0.0233427 0.0231035 0.0227713 0.02235 0.0218445 0.0212606 0.0206048 0.0198846 0.0191077 0.0182825 0.0174176 0.0165217 0.0156034 0.0146715 0.0137342 0.0127996 0.011875 0.0109674 0.010083 0.00922742 0.00840535 0.00762082 0.00687705 0.00617649 0.00552082 0.00491104 0.00434746 0.00382978 0.00335719 0.00292837 0.00254164 0.00219498 0.00188613 0.00161264 0.00137196 0.00116147 0.000978584 0.00082074 0.000685485 0.000570496 0.000473606 0.000392835 0.000326403 0.000272746 0.000230529 0.000198646 0.000176231 0.000162687 
0.000168584 0.000172074 0.000184547 0.000206407 0.00023829 0.00028109 0.000335958 0.000404295 0.000487745 0.000588185 0.000707712 0.000848618 0.00101337 0.00120458 0.00142495 0.00167727 0.0019643 0.00228877 0.00265328 0.00306025 0.00351184 0.00400985 0.00455566 0.00515017 0.0057937 0.0064859 0.00722575 0.00801146 0.00884044 0.00970928 0.0106137 0.0115488 0.0125085 0.0134864 0.0144751 0.0154667 0.0164529 0.0174249 0.0183735 0.0192896 0.020164 0.0209877 0.0217518 0.0224483 0.0230693 0.0236078 0.0240579 0.0244142 0.0246727 0.0248304 0.0248854 0.0248371 0.0246861 0.0244343 0.0240844 0.0236408 0.0231084 0.0224933 0.0218025 0.0210437 0.0202251 0.0193553 0.0184434 0.0174986 0.01653 0.0155466 0.0145573 0.0135704 0.0125937 0.0116347 0.0106998 0.00979498 0.00892525 0.0080949 0.00730735 0.00656522 0.00587035 0.00522381 0.00462599 0.00407662 0.00357485 0.00311937 0.0027084 0.00233984 0.00201133 0.00172031 0.00146408 0.0012399 0.00104503 0.000876776 0.000732545 0.000609877 0.00050648 0.000420256 0.000349317 0.000292007 0.000246906 0.000212842 0.000188897 0.000174433 
0.000188571 0.000192492 0.000206407 0.000230763 0.00026626 0.000313881 0.000374894 0.000450836 0.000543512 0.000654982 0.00078754 0.000943693 0.00112614 0.00133771 0.00158137 0.00186013 0.00217698 0.00253488 0.00293662 0.00338481 0.00388172 0.00442927 0.00502891 0.00568153 0.0063874 0.00714608 0.00795637 0.00881623 0.00972277 0.0106722 0.0116599 0.0126802 0.0137269 0.0147926 0.0158694 0.0169488 0.0180216 0.0190783 0.0201092 0.0211042 0.0220535 0.0229473 0.0237763 0.0245315 0.0252046 0.0257882 0.0262757 0.0266615 0.0269413 0.0271119 0.0271712 0.0271185 0.0269547 0.0266814 0.026302 0.0258209 0.0252435 0.0245763 0.0238268 0.0230033 0.0221146 0.02117 0.0201793 0.0191524 0.0180992 0.0170293 0.0159525 0.0148776 0.0138134 0.0127676 0.0117476 0.0107598 0.00980964 0.00890188 0.00804033 0.00722789 0.00646665 0.00575784 0.00510195 0.00449877 0.00394746 0.00344661 0.00299438 0.00258851 0.00222648 0.00190551 0.00162271 0.00137511 0.00115972 0.000973615 0.000813974 0.000678111 0.000563519 0.000467904 0.000389198 0.000325585 0.000275506 0.000237675 0.000211084 0.000195032 
0.000217739 0.000222284 0.00023829 0.00026626 0.000306986 0.000361581 0.000431476 0.000518405 0.000624402 0.000751783 0.000903125 0.00108124 0.00128915 0.00153001 0.00180714 0.00212385 0.0024835 0.00288932 0.00334439 0.00385155 0.00441329 0.00503165 0.00570815 0.0064437 0.00723848 0.00809189 0.00900247 0.00996785 0.0109847 0.0120487 0.0131546 0.014296 0.0154659 0.0166561 0.0178578 0.0190615 0.0202569 0.0214337 0.0225808 0.0236874 0.0247426 0.0257355 0.0266559 0.027494 0.0282407 0.0288878 0.0294282 0.0298557 0.0301655 0.0303542 0.0304195 0.0303607 0.0301786 0.0298753 0.0294542 0.0289201 0.0282791 0.0275384 0.026706 0.0257911 0.0248034 0.0237531 0.022651 0.021508 0.0203349 0.0191427 0.0179419 0.0167424 0.0155539 0.0143853 0.0132444 0.0121387 0.0110742 0.0100564 0.00908956 0.00817702 0.0073212 0.00652361 0.00578488 0.00510488 0.00448276 0.00391706 0.00340578 0.00294649 0.0025364 0.00217249 0.00185156 0.0015703 0.00132541 0.00111363 0.000931807 0.00077693 0.000646199 0.000537035 0.000447115 0.000374396 0.000317123 0.000273847 0.00024343 0.000225082 
0.000256911 0.000262294 0.00028109 0.000313881 0.000361581 0.000425473 0.000507199 0.000608755 0.000732475 0.00088101 0.00105731 0.00126458 0.00150626 0.00178596 0.00210739 0.00247435 0.00289058 0.00335971 0.0038852 0.00447017 0.00511735 0.00582897 0.00660664 0.00745123 0.00836284 0.00934064 0.0103828 0.0114865 0.0126479 0.0138619 0.0151224 0.0164222 0.0177531 0.0191059 0.0204706 0.0218363 0.0231916 0.0245247 0.0258233 0.0270752 0.028268 0.0293898 0.0304291 0.0313749 0.0322172 0.0329469 0.0335558 0.0340374 0.0343862 0.0345984 0.0346715 0.0346048 0.034399 0.0340566 0.0335813 0.0329785 0.0322549 0.0314186 0.0304785 0.0294447 0.0283282 0.0271404 0.0258932 0.024599 0.0232699 0.0219181 0.0205555 0.0191935 0.0178428 0.0165134 0.0152147 0.0139546 0.0127406 0.0115786 0.0104737 0.00942978 0.0084498 0.00753555 0.00668789 0.00590681 0.00519147 0.0045403 0.00395115 0.00342134 0.0029478 0.00252713 0.00215574 0.00182993 0.00154596 0.00130014 0.00108888 0.000908756 0.00075658 0.000629402 0.000524566 0.000439727 0.000372876 0.000322346 0.000286832 0.000265426 
0.000307147 0.000313602 0.000335958 0.000374894 0.000431476 0.000507199 0.000603977 0.000724128 0.000870361 0.00104575 0.00125371 0.00149793 0.00178239 0.00211121 0.00248868 0.0029191 0.00340675 0.00395573 0.00456992 0.00525284 0.00600749 0.00683631 0.00774099 0.00872239 0.00978043 0.010914 0.0121208 0.0133975 0.0147394 0.0161406 0.017594 0.0190912 0.0206226 0.0221778 0.0237451 0.0253122 0.0268661 0.0283932 0.0298797 0.0313116 0.032675 0.0339565 0.035143 0.0362222 0.0371827 0.0380144 0.0387082 0.0392566 0.0396536 0.0398948 0.0399775 0.0399009 0.0396659 0.0392751 0.0387327 0.038045 0.0372193 0.0362645 0.0351911 0.0340102 0.0327341 0.0313758 0.0299489 0.028467 0.0269442 0.0253943 0.0238306 0.0222664 0.0207138 0.0191844 0.0176887 0.0162363 0.0148354 0.0134933 0.0122158 0.0110076 0.00987219 0.00881175 0.00782749 0.00691953 0.00608705 0.00532842 0.00464128 0.00402266 0.00346912 0.00297684 0.00254176 0.00215965 0.00182626 0.00153734 0.00128879 0.00107667 0.000897292 0.000747248 0.000623465 0.000523225 0.000444194 0.000384441 0.000342443 0.000317149 
0.000369741 0.000377529 0.000404295 0.000450836 0.000518405 0.000608755 0.000724128 0.000867236 0.00104124 0.00124973 0.00149668 0.00178638 0.00212343 0.00251261 0.00295884 0.00346708 0.00404219 0.00468889 0.00541154 0.00621408 0.00709988 0.00807156 0.00913093 0.0102788 0.0115148 0.0128375 0.0142442 0.0157305 0.0172911 0.0189188 0.0206053 0.0223408 0.0241143 0.0259134 0.0277249 0.0295346 0.0313273 0.0330877 0.0347998 0.0364479 0.0380161 0.039489 0.0408519 0.0420908 0.043193 0.0441468 0.0449421 0.0455704 0.046025 0.0463009 0.0463951 0.0463067 0.0460366 0.0455879 0.0449653 0.0441758 0.0432277 0.0421313 0.040898 0.0395407 0.0380732 0.0365104 0.0348674 0.0331602 0.0314045 0.0296161 0.0278104 0.0260025 0.0242064 0.0224356 0.0207022 0.0190172 0.0173904 0.0158302 0.0143435 0.012936 0.0116118 0.0103737 0.00922321 0.00816076 0.00718555 0.00629584 0.00548905 0.00476189 0.0041105 0.00353054 0.0030174 0.00256624 0.00217217 0.0018303 0.0015359 0.0012844 0.00107151 0.000893285 0.000746133 0.000626886 0.000532819 0.000461672 0.000411667 0.000381571 
0.00044621 0.000455624 0.000487745 0.000543512 0.000624402 0.000732475 0.000870361 0.00104124 0.00124883 0.0014973 0.0017913 0.00213583 0.00253622 0.00299802 0.00352691 0.00412859 0.00480865 0.00557245 0.00642493 0.00737054 0.00841299 0.00955517 0.0107989 0.012145 0.0135928 0.0151403 0.0167841 0.0185191 0.0203386 0.0222344 0.0241965 0.0262136 0.0282726 0.0303594 0.0324585 0.0345535 0.0366271 0.0386616 0.0406387 0.0425404 0.0443485 0.0460458 0.0476152 0.0490412 0.050309 0.0514057 0.0523197 0.0530414 0.0535632 0.0538796 0.0539873 0.053885 0.0535739 0.0530574 0.0523411 0.0514325 0.0503413 0.0490789 0.0476585 0.0460945 0.0444028 0.0426 0.0407037 0.0387318 0.0367024 0.0346335 0.0325431 0.0304481 0.028365 0.0263093 0.024295 0.022335 0.0204408 0.0186223 0.0168876 0.0152435 0.013695 0.0122456 0.0108973 0.00965076 0.00850526 0.00745901 0.0065092 0.00565217 0.00488356 0.00419848 0.00359164 0.00305753 0.00259049 0.0021849 0.00183525 0.00153626 0.00128294 0.00107067 0.000895278 0.000753046 0.000640786 0.000555849 0.000496151 0.000460245 
0.000538289 0.000549657 0.000588185 0.000654982 0.000751783 0.00088101 0.00104575 0.00124973 0.0014973 0.00179334 0.00214327 0.00255291 0.00302844 0.0035763 0.00420303 0.0049152 0.00571921 0.00662115 0.00762664 0.00874064 0.00996729 0.0113097 0.0127697 0.014348 0.0160436 0.0178539 0.0197746 0.0217996 0.0239209 0.0261287 0.0284113 0.0307553 0.0331456 0.0355658 0.0379978 0.0404229 0.042821 0.0451719 0.0474547 0.0496487 0.0517334 0.0536888 0.0554959 0.0571368 0.058595 0.0598557 0.0609059 0.0617348 0.0623338 0.0626967 0.0628196 0.0627014 0.0623432 0.061749 0.0609249 0.0598796 0.0586239 0.0571709 0.0555352 0.0537335 0.0517835 0.0497043 0.0475158 0.0452385 0.042893 0.0405001 0.0380801 0.0356528 0.0332371 0.0308508 0.0285104 0.0262308 0.0240254 0.0219059 0.019882 0.0179616 0.016151 0.0144544 0.0128743 0.0114119 0.0100665 0.00883623 0.00771813 0.00670811 0.00580129 0.00499211 0.00427456 0.0036423 0.00308885 0.00260772 0.00219253 0.00183714 0.00153575 0.00128299 0.00107397 0.000904356 0.00077041 0.000669031 0.000597773 0.000554941 
0.000647914 0.000661604 0.000707712 0.00078754 0.000903125 0.00105731 0.00125371 0.00149668 0.0017913 0.00214327 0.00255888 0.00304491 0.00360851 0.00425711 0.00499826 0.00583948 0.00678809 0.007851 0.00903457 0.0103443 0.0117848 0.0133594 0.01507 0.0169169 0.0188988 0.0210123 0.0232521 0.0256109 0.0280791 0.0306451 0.0332952 0.0360138 0.0387832 0.0415844 0.0443967 0.0471982 0.0499662 0.0526773 0.0553078 0.0578339 0.0602325 0.0624808 0.0645574 0.0664418 0.0681156 0.0695619 0.0707662 0.0717164 0.0724026 0.072818 0.0729582 0.0728218 0.0724104 0.0717281 0.0707821 0.069582 0.0681401 0.066471 0.0645915 0.06252 0.060277 0.0578839 0.0553633 0.0527386 0.0500333 0.047271 0.0444751 0.0416683 0.0388724 0.0361078 0.0333937 0.0307475 0.0281848 0.0257193 0.0233625 0.0211239 0.0190108 0.0170286 0.0151806 0.0134681 0.011891 0.0104472 0.00913357 0.00794558 0.00687778 0.0059239 0.0050771 0.00433016 0.00367562 0.00310602 0.00261398 0.00219241 0.00183457 0.0015342 0.00128562 0.00108376 0.000924269 0.000803512 0.00071863 0.000667638 
0.00077721 0.000793632 0.000848618 0.000943693 0.00108124 0.00126458 0.00149793 0.00178638 0.00213583 0.00255291 0.00304491 0.00361967 0.00428545 0.00505081 0.00592441 0.00691484 0.00803042 0.00927899 0.0106677 0.0122026 0.0138888 0.0157297 0.0177273 0.0198817 0.0221907 0.0246503 0.027254 0.0299927 0.0328554 0.0358281 0.038895 0.0420378 0.0452361 0.0484678 0.0517091 0.054935 0.0581195 0.0612358 0.0642569 0.067156 0.0699067 0.0724833 0.0748615 0.0770185 0.0789334 0.0805872 0.0819638 0.0830493 0.0838329 0.0843068 0.0844662 0.0843096 0.0838386 0.083058 0.0819757 0.0806026 0.0789524 0.0770416 0.0748889 0.0725154 0.0699438 0.0671985 0.064305 0.0612898 0.0581796 0.0550014 0.0517817 0.0485466 0.045321 0.0421285 0.0389912 0.0359292 0.0329609 0.030102 0.0273663 0.0247649 0.0223067 0.0199982 0.0178435 0.0158447 0.0140018 0.0123128 0.0107743 0.00938139 0.00812801 0.00700713 0.006011 0.00513137 0.00435976 0.00368757 0.00310635 0.00260787 0.00218437 0.00182858 0.00153391 0.00129446 0.00110517 0.0009618 0.000861016 0.000800503 
0.000928464 0.000948072 0.00101337 0.00112614 0.00128915 0.00150626 0.00178239 0.00212343 0.00253622 0.00302844 0.00360851 0.00428545 0.00506878 0.00596828 0.00699385 0.00815526 0.00946194 0.0109227 0.0125455 0.0143371 0.0163029 0.0184467 0.0207702 0.0232731 0.0259526 0.0288034 0.0318177 0.0349849 0.0382916 0.0417217 0.0452565 0.048875 0.0525535 0.0562667 0.0599873 0.0636868 0.0673353 0.0709026 0.0743581 0.0776715 0.0808129 0.0837535 0.086466 0.0889247 0.0911062 0.0929895 0.0945563 0.0957913 0.0966824 0.0972209 0.0974016 0.0972225 0.0966857 0.0957964 0.0945634 0.092999 0.0911185 0.0889401 0.086485 0.0837767 0.0808407 0.0777044 0.0743967 0.0709472 0.0673863 0.0637444 0.0600519 0.0563382 0.052632 0.0489602 0.0453483 0.0418196 0.0383951 0.0350934 0.0319305 0.0289196 0.0260713 0.0233935 0.0208913 0.0185674 0.0164224 0.0144543 0.0126596 0.0110329 0.00956757 0.00825565 0.00708847 0.00605671 0.00515068 0.00436059 0.00367672 0.00308967 0.00259045 0.0021707 0.00182278 0.00153989 0.00131612 0.00114658 0.00102739 0.000955868 
0.00110409 0.00112739 0.00120458 0.00133771 0.00153001 0.00178596 0.00211121 0.00251261 0.00299802 0.0035763 0.00425711 0.00505081 0.00596828 0.00702067 0.00821924 0.00957503 0.0110987 0.0128 0.0146879 0.0167697 0.0190513 0.0215365 0.0242268 0.0271215 0.0302167 0.0335061 0.0369801 0.0406261 0.0444283 0.0483681 0.0524237 0.0565707 0.0607822 0.0650289 0.06928 0.0735027 0.0776635 0.0817281 0.085662 0.0894311 0.0930019 0.0963421 0.0994212 0.102211 0.104684 0.106819 0.108594 0.109992 0.111001 0.11161 0.111813 0.11161 0.111001 0.109993 0.108595 0.106821 0.104688 0.102217 0.0994302 0.0963545 0.0930183 0.0894523 0.0856887 0.0817608 0.0777028 0.0735491 0.0693338 0.0650905 0.0608516 0.056648 0.0525087 0.0484605 0.0445277 0.0407318 0.0370915 0.0336223 0.0303368 0.0272444 0.0243516 0.021662 0.0191764 0.0168934 0.0148092 0.0129179 0.0112123 0.00968359 0.00832207 0.00711722 0.00605808 0.00513352 0.00433248 0.00364417 0.00305832 0.00256531 0.00215636 0.00182362 0.00156029 0.0013607 0.00122037 0.0011362 
0.00130663 0.00133417 0.00142495 0.00158137 0.00180714 0.00210739 0.00248868 0.00295884 0.00352691 0.00420303 0.00499826 0.00592441 0.00699385 0.00821924 0.00961328 0.0111884 0.0129565 0.0149286 0.0171143 0.0195218 0.0221571 0.0250243 0.0281245 0.0314561 0.0350144 0.0387914 0.0427758 0.0469525 0.0513033 0.0558063 0.0604366 0.0651661 0.069964 0.074797 0.07963 0.0844261 0.0891474 0.0937554 0.0982115 0.102477 0.106516 0.110291 0.113768 0.116917 0.119707 0.122114 0.124114 0.12569 0.126826 0.127511 0.12774 0.127509 0.126822 0.125685 0.124109 0.122108 0.119702 0.116912 0.113765 0.11029 0.106519 0.102484 0.0982237 0.0937736 0.0891723 0.0844584 0.0796703 0.0748458 0.0700215 0.0652326 0.0605121 0.0558906 0.051396 0.0470531 0.0428836 0.0389057 0.035134 0.03158 0.0282516 0.0251535 0.0222871 0.0196513 0.0172422 0.0150537 0.0130779 0.011305 0.00972434 0.00832401 0.00709175 0.00601495 0.00508108 0.00427787 0.00359361 0.0030173 0.00253889 0.00214937 0.00184094 0.00160709 0.00144265 0.00134406 
0.00153863 0.00157102 0.00167727 0.00186013 0.00212385 0.00247435 0.0029191 0.00346708 0.00412859 0.0049152 0.00583948 0.00691484 0.00815526 0.00957503 0.0111884 0.0130094 0.015051 0.0173256 0.0198436 0.0226139 0.0256427 0.0289341 0.0324887 0.0363041 0.0403743 0.0446895 0.0492362 0.0539969 0.0589502 0.0640709 0.0693304 0.0746966 0.0801345 0.0856064 0.0910727 0.0964918 0.101821 0.107018 0.112039 0.116842 0.121385 0.125629 0.129536 0.133071 0.136202 0.138901 0.141144 0.142909 0.144181 0.144949 0.145204 0.144945 0.144174 0.142899 0.141131 0.138886 0.136185 0.133054 0.129519 0.125614 0.121372 0.116833 0.112034 0.107019 0.101829 0.096507 0.0910964 0.0856393 0.0801771 0.0747493 0.0693934 0.0641441 0.0590334 0.0540897 0.049338 0.0447994 0.0404913 0.0364271 0.0326165 0.0290654 0.0257762 0.0227481 0.0199773 0.0174574 0.0151797 0.0131338 0.0113076 0.00968802 0.00826134 0.00701337 0.00592997 0.00499726 0.00420196 0.00353158 0.00297464 0.00252089 0.00216141 0.00188875 0.001697 0.00158209 
0.00180271 0.00184058 0.0019643 0.00217698 0.0024835 0.00289058 0.00340675 0.00404219 0.00480865 0.00571921 0.00678809 0.00803042 0.00946194 0.0110987 0.0129565 0.015051 0.0173968 0.020007 0.0228933 0.0260648 0.0295284 0.0332876 0.0373425 0.0416898 0.0463218 0.0512267 0.0563886 0.0617869 0.0673971 0.0731901 0.0791333 0.0851902 0.0913213 0.0974841 0.103634 0.109725 0.115709 0.121538 0.127166 0.132544 0.137627 0.142372 0.146738 0.150685 0.154179 0.15719 0.159691 0.161658 0.163075 0.16393 0.164213 0.163924 0.163064 0.161642 0.159669 0.157165 0.154151 0.150654 0.146705 0.14234 0.137597 0.132516 0.127141 0.121519 0.115696 0.10972 0.103638 0.0974978 0.0913456 0.0852258 0.0791805 0.0732491 0.0674677 0.0618689 0.0564814 0.0513296 0.0464337 0.0418097 0.0374691 0.0334193 0.0296639 0.0262025 0.0230316 0.0201445 0.0175321 0.0151828 0.0130835 0.0112197 0.00957614 0.00813699 0.00688636 0.00580867 0.00488891 0.00411297 0.00346785 0.0029419 0.002525 0.00220866 0.00198619 0.0018529 
0.0021014 0.00214546 0.00228877 0.00253488 0.00288932 0.00335971 0.00395573 0.00468889 0.00557245 0.00662115 0.007851 0.00927899 0.0109227 0.0128 0.0149286 0.0173256 0.020007 0.0229873 0.0262788 0.0298915 0.0338319 0.0381036 0.0427057 0.0476336 0.0528778 0.0584244 0.0642544 0.0703442 0.0766653 0.0831847 0.0898654 0.096666 0.103542 0.110446 0.117329 0.124137 0.130821 0.137325 0.143598 0.149588 0.155245 0.160521 0.165372 0.169755 0.173633 0.176973 0.179746 0.181927 0.183497 0.184443 0.184756 0.184434 0.183481 0.181903 0.179715 0.176936 0.173591 0.169709 0.165322 0.16047 0.155194 0.149538 0.143551 0.137283 0.130785 0.124109 0.117309 0.110438 0.103545 0.096681 0.0898933 0.083226 0.07672 0.0704122 0.0643353 0.0585174 0.0529821 0.0477479 0.0428287 0.0382337 0.0339676 0.030031 0.0264206 0.0231295 0.0201481 0.0174639 0.0150628 0.0129287 0.0110448 0.00939351 0.00795708 0.0067181 0.00565973 0.0047661 0.00402257 0.003416 0.00293493 0.00256976 0.00231292 0.0021591 
0.00243714 0.00248813 0.00265328 0.00293662 0.00334439 0.0038852 0.00456992 0.00541154 0.00642493 0.00762664 0.00903457 0.0106677 0.0125455 0.0146879 0.0171143 0.0198436 0.0228933 0.0262788 0.0300136 0.0341077 0.038568 0.0433972 0.0485937 0.0541512 0.0600582 0.0662981 0.0728487 0.0796829 0.0867681 0.0940668 0.101537 0.109133 0.116804 0.124497 0.132158 0.139729 0.147153 0.154371 0.161326 0.167961 0.174221 0.180056 0.185417 0.190258 0.194539 0.198223 0.20128 0.203684 0.205414 0.206455 0.2068 0.206444 0.205392 0.203652 0.201239 0.198174 0.194482 0.190195 0.185349 0.179985 0.174148 0.167887 0.161254 0.154303 0.147091 0.139675 0.132113 0.124463 0.116781 0.109124 0.101542 0.094087 0.0868035 0.0797335 0.0729143 0.0663781 0.0601517 0.0542571 0.0487105 0.0435234 0.0387018 0.0342473 0.0301571 0.0264244 0.023039 0.0199877 0.0172551 0.0148238 0.0126752 0.0107899 0.00914836 0.00773107 0.0065193 0.00549529 0.00464264 0.00394658 0.00339424 0.00297483 0.00267978 0.00250315 
0.00281222 0.0028709 0.00306025 0.00338481 0.00385155 0.00447017 0.00525284 0.00621408 0.00737054 0.00874064 0.0103443 0.0122026 0.0143371 0.0167697 0.0195218 0.0226139 0.0260648 0.0298915 0.0341077 0.0387241 0.0437472 0.0491792 0.0550171 0.0612528 0.0678724 0.0748563 0.0821789 0.089809 0.0977097 0.105838 0.114148 0.122587 0.1311 0.139628 0.148111 0.156485 0.164687 0.172654 0.180323 0.187632 0.194524 0.200942 0.206833 0.21215 0.216849 0.220891 0.224243 0.226878 0.228773 0.229914 0.230291 0.2299 0.228746 0.226838 0.224192 0.220829 0.216777 0.212069 0.206745 0.200848 0.194427 0.187534 0.180225 0.172559 0.164597 0.156401 0.148037 0.139565 0.13105 0.122551 0.114127 0.105834 0.0977221 0.0898388 0.0822259 0.07492 0.067952 0.0613473 0.055125 0.0492989 0.0438769 0.0388618 0.0342513 0.0300389 0.026214 0.0227627 0.0196684 0.0169122 0.014474 0.0123323 0.0104656 0.00885246 0.00747197 0.00630441 0.00533149 0.00453673 0.00390574 0.00342641 0.00308918 0.00288735 
0.00322865 0.00329584 0.00351184 0.00388172 0.00441329 0.00511735 0.00600749 0.00709988 0.00841299 0.00996729 0.0117848 0.0138888 0.0163029 0.0190513 0.0221571 0.0256427 0.0295284 0.0338319 0.038568 0.0437472 0.0493759 0.0554552 0.0619807 0.0689421 0.0763228 0.0840998 0.0922439 0.100719 0.109484 0.118491 0.127687 0.137015 0.146413 0.155817 0.165159 0.174373 0.183387 0.192134 0.200545 0.208555 0.2161 0.22312 0.22956 0.235368 0.240497 0.244907 0.248563 0.251434 0.2535 0.254742 0.255152 0.254726 0.253468 0.251387 0.2485 0.244831 0.240408 0.235268 0.229451 0.223003 0.215977 0.208429 0.200418 0.192008 0.183266 0.174258 0.165053 0.155721 0.146331 0.136947 0.127636 0.118458 0.10947 0.100725 0.0922687 0.0841439 0.0763853 0.0690221 0.0620768 0.0555658 0.049499 0.0438807 0.0387096 0.0339795 0.0296794 0.025795 0.0223085 0.0191996 0.0164463 0.0140254 0.0119133 0.0100863 0.00852136 0.00719673 0.00609209 0.00518914 0.00447186 0.00392679 0.00354324 0.00331377 
0.00368816 0.00376468 0.00400985 0.00442927 0.00503165 0.00582897 0.00683631 0.00807156 0.00955517 0.0113097 0.0133594 0.0157297 0.0184467 0.0215365 0.0250243 0.0289341 0.0332876 0.0381036 0.0433972 0.0491792 0.0554552 0.0622252 0.069483 0.0772159 0.0854041 0.0940211 0.103033 0.1124 0.122075 0.132004 0.142128 0.152386 0.162708 0.173024 0.183261 0.193345 0.2032 0.212752 0.221929 0.230659 0.238875 0.246514 0.253515 0.259825 0.265394 0.27018 0.274145 0.277258 0.279497 0.280843 0.281286 0.280824 0.279459 0.277202 0.274071 0.27009 0.265289 0.259706 0.253385 0.246373 0.238727 0.230505 0.221772 0.212595 0.203046 0.193196 0.18312 0.172894 0.162591 0.152285 0.142045 0.131939 0.122031 0.112378 0.103033 0.0940421 0.0854462 0.0772783 0.0695644 0.0623238 0.0555691 0.0493061 0.0435348 0.0382493 0.0334389 0.0290884 0.0251792 0.0216896 0.0185958 0.0158728 0.0134946 0.0114355 0.00967028 0.00817482 0.0069268 0.00590598 0.00509463 0.00447784 0.00404376 0.00378413 
0.00419208 0.00427879 0.00455566 0.00502891 0.00570815 0.00660664 0.00774099 0.00913093 0.0107989 0.0127697 0.01507 0.0177273 0.0207702 0.0242268 0.0281245 0.0324887 0.0373425 0.0427057 0.0485937 0.0550171 0.0619807 0.069483 0.0775158 0.0860634 0.0951029 0.104603 0.114527 0.124828 0.135453 0.146344 0.157436 0.168659 0.179938 0.191197 0.202357 0.213337 0.224056 0.234434 0.244393 0.253859 0.26276 0.271027 0.278599 0.285417 0.291432 0.296597 0.300874 0.304231 0.306644 0.308095 0.308572 0.308073 0.306601 0.304167 0.300789 0.296493 0.29131 0.285279 0.278446 0.270862 0.262584 0.253676 0.244206 0.234244 0.223867 0.213152 0.20218 0.191031 0.179785 0.168521 0.157317 0.146245 0.135376 0.124774 0.114497 0.104598 0.0951213 0.086105 0.0775793 0.0695668 0.0620827 0.055135 0.048725 0.0428477 0.0374924 0.0326436 0.0282816 0.0243836 0.0209241 0.017876 0.0152114 0.012902 0.0109205 0.00924039 0.00783724 0.00668879 0.00577551 0.00508097 0.0045921 0.00429978 
0.00474129 0.00483904 0.00515017 0.00568153 0.0064437 0.00745123 0.00872239 0.0102788 0.012145 0.014348 0.0169169 0.0198817 0.0232731 0.0271215 0.0314561 0.0363041 0.0416898 0.0476336 0.0541512 0.0612528 0.0689421 0.0772159 0.0860634 0.0954661 0.105397 0.115821 0.126695 0.137967 0.14958 0.161467 0.173559 0.185777 0.198041 0.210269 0.222373 0.234268 0.245867 0.257085 0.26784 0.27805 0.287642 0.296543 0.304688 0.312019 0.31848 0.324025 0.328615 0.332216 0.334804 0.336358 0.33687 0.336334 0.334755 0.332144 0.32852 0.323908 0.318342 0.311862 0.304514 0.296354 0.28744 0.277838 0.267621 0.256862 0.245644 0.234047 0.222158 0.210064 0.197849 0.1856 0.173401 0.161331 0.149467 0.137879 0.126633 0.115786 0.105388 0.0954837 0.086106 0.0772818 0.0690294 0.0613591 0.0542738 0.0477696 0.0418362 0.0364578 0.031614 0.0272807 0.0234308 0.0200352 0.0170638 0.0144863 0.0122726 0.0103942 0.00882421 0.0075384 0.00651536 0.00573705 0.00518913 0.00486158 
0.00533612 0.00544578 0.0057937 0.0063874 0.00723848 0.00836284 0.00978043 0.0115148 0.0135928 0.0160436 0.0188988 0.0221907 0.0259526 0.0302167 0.0350144 0.0403743 0.0463218 0.0528778 0.0600582 0.0678724 0.0763228 0.0854041 0.0951029 0.105397 0.116255 0.127638 0.139496 0.151773 0.164404 0.177316 0.190433 0.203671 0.216941 0.230155 0.24322 0.256043 0.268532 0.280597 0.292151 0.30311 0.313393 0.322929 0.331647 0.339486 0.346391 0.352315 0.357214 0.361057 0.363817 0.365475 0.36602 0.365448 0.363764 0.360978 0.357109 0.352185 0.346238 0.339311 0.331452 0.322716 0.313166 0.302869 0.291901 0.280341 0.268273 0.255785 0.242966 0.22991 0.216709 0.203454 0.190235 0.177141 0.164252 0.151648 0.139399 0.12757 0.116217 0.105388 0.0951216 0.0854494 0.0763927 0.0679645 0.0601698 0.0530057 0.0464628 0.0405251 0.0351717 0.0303771 0.026113 0.0223482 0.0190505 0.0161872 0.013726 0.0116358 0.00988757 0.00845485 0.00731432 0.00644631 0.00583513 0.00546985 
0.00597634 0.00609872 0.0064859 0.00714608 0.00809189 0.00934064 0.010914 0.0128375 0.0151403 0.0178539 0.0210123 0.0246503 0.0288034 0.0335061 0.0387914 0.0446895 0.0512267 0.0584244 0.0662981 0.0748563 0.0840998 0.0940211 0.104603 0.115821 0.127638 0.140009 0.15288 0.166188 0.179862 0.193822 0.207984 0.222258 0.236548 0.25076 0.264793 0.278549 0.291932 0.304845 0.317197 0.3289 0.339872 0.350035 0.359319 0.367661 0.375004 0.381298 0.386503 0.390582 0.393511 0.395271 0.395849 0.395242 0.393453 0.390496 0.386388 0.381157 0.374837 0.36747 0.359105 0.3498 0.339619 0.328632 0.316917 0.304556 0.291638 0.278254 0.2645 0.250474 0.236274 0.221999 0.207744 0.193605 0.17967 0.166024 0.152746 0.139906 0.127567 0.115782 0.104595 0.094043 0.0841496 0.0749316 0.0663961 0.058542 0.0513603 0.0448356 0.0389464 0.0336663 0.0289653 0.0248107 0.021168 0.0180021 0.0152785 0.0129637 0.0110261 0.00943725 0.00817175 0.00720827 0.00652976 0.00612433 
0.00666103 0.00679694 0.00722575 0.00795637 0.00900247 0.0103828 0.0121208 0.0142442 0.0167841 0.0197746 0.0232521 0.027254 0.0318177 0.0369801 0.0427758 0.0492362 0.0563886 0.0642544 0.0728487 0.0821789 0.0922439 0.103033 0.114527 0.126695 0.139496 0.15288 0.166787 0.181147 0.195881 0.210904 0.226124 0.241443 0.256761 0.271973 0.286976 0.301664 0.315936 0.329691 0.342833 0.355271 0.366919 0.377699 0.387538 0.396371 0.404141 0.410797 0.416297 0.420607 0.4237 0.425557 0.426167 0.425526 0.423638 0.420515 0.416175 0.410645 0.403961 0.396165 0.387306 0.377444 0.366643 0.354976 0.342523 0.32937 0.315607 0.301332 0.286645 0.271647 0.256445 0.241141 0.225841 0.210643 0.195646 0.180941 0.166613 0.15274 0.13939 0.126623 0.11449 0.103029 0.092271 0.0822351 0.0729309 0.0643594 0.0565127 0.0493758 0.0429267 0.0371386 0.0319799 0.0274161 0.0234108 0.0199268 0.0169268 0.014375 0.0122376 0.0104838 0.00908616 0.0080217 0.00727196 0.00682405 
0.00738858 0.00753878 0.00801146 0.00881623 0.00996785 0.0114865 0.0133975 0.0157305 0.0185191 0.0217996 0.0256109 0.0299927 0.0349849 0.0406261 0.0469525 0.0539969 0.0617869 0.0703442 0.0796829 0.089809 0.100719 0.1124 0.124828 0.137967 0.151773 0.166188 0.181147 0.196571 0.212377 0.228471 0.244754 0.261121 0.277465 0.293675 0.309641 0.325252 0.340402 0.354985 0.368902 0.382059 0.394368 0.405748 0.416126 0.425434 0.433616 0.44062 0.446405 0.450936 0.454187 0.456139 0.45678 0.456106 0.454122 0.450839 0.446276 0.44046 0.433425 0.425214 0.415878 0.405475 0.394071 0.381741 0.368566 0.354634 0.340041 0.324885 0.309272 0.29331 0.277108 0.260777 0.244428 0.228167 0.212099 0.196323 0.180931 0.166008 0.151629 0.137861 0.124759 0.112367 0.100721 0.0898436 0.0797471 0.0704345 0.0618997 0.054128 0.0470978 0.0407813 0.035146 0.0301556 0.0257717 0.0219548 0.0186655 0.0158655 0.0135185 0.0115915 0.0100551 0.00888455 0.00805992 0.00756735 
0.00815663 0.00832184 0.00884044 0.00972277 0.0109847 0.0126479 0.0147394 0.0172911 0.0203386 0.0239209 0.0280791 0.0328554 0.0382916 0.0444283 0.0513033 0.0589502 0.0673971 0.0766653 0.0867681 0.0977097 0.109484 0.122075 0.135453 0.14958 0.164404 0.179862 0.195881 0.212377 0.229258 0.246424 0.263768 0.281178 0.298539 0.315736 0.332651 0.349169 0.365178 0.38057 0.395242 0.409096 0.422044 0.434002 0.444897 0.454661 0.463236 0.470573 0.476629 0.48137 0.484771 0.486812 0.487482 0.486778 0.484704 0.48127 0.476495 0.470406 0.463037 0.45443 0.444636 0.433713 0.421729 0.408757 0.394882 0.380193 0.364787 0.348769 0.332246 0.315332 0.298142 0.280791 0.263398 0.246076 0.228936 0.212085 0.195623 0.179641 0.164221 0.149437 0.13535 0.122011 0.109459 0.0977206 0.0868121 0.0767389 0.0674965 0.0590711 0.0514413 0.0445789 0.0384502 0.0330177 0.028241 0.0240784 0.0204882 0.0174296 0.0148641 0.0127565 0.0110753 0.00979388 0.00889102 0.00835182 
0.00896208 0.00914292 0.00970928 0.0106722 0.0120487 0.0138619 0.0161406 0.0189188 0.0222344 0.0261287 0.0306451 0.0358281 0.0417217 0.0483681 0.0558063 0.0640709 0.0731901 0.0831847 0.0940668 0.105838 0.118491 0.132004 0.146344 0.161467 0.177316 0.193822 0.210904 0.228471 0.246424 0.264655 0.28305 0.30149 0.319853 0.338018 0.355862 0.373264 0.390108 0.406283 0.421682 0.436206 0.449765 0.462275 0.473662 0.483858 0.492805 0.500456 0.506767 0.511706 0.515247 0.517372 0.51807 0.517337 0.515178 0.511603 0.50663 0.500284 0.4926 0.48362 0.473391 0.461974 0.449435 0.435849 0.4213 0.405881 0.389689 0.372833 0.355423 0.337578 0.319417 0.301062 0.282637 0.264263 0.246058 0.228136 0.210603 0.193559 0.177094 0.161287 0.146206 0.131908 0.118437 0.105824 0.0940888 0.0832398 0.0732744 0.06418 0.0559355 0.0485126 0.0418767 0.0359889 0.0308071 0.0262875 0.0223863 0.0190603 0.0162686 0.0139737 0.0121423 0.0107459 0.00976186 0.00917426 
0.00980103 0.00999805 0.0106137 0.0116599 0.0131546 0.0151224 0.017594 0.0206053 0.0241965 0.0284113 0.0332952 0.038895 0.0452565 0.0524237 0.0604366 0.0693304 0.0791333 0.0898654 0.101537 0.114148 0.127687 0.142128 0.157436 0.173559 0.190433 0.207984 0.226124 0.244754 0.263768 0.28305 0.302478 0.321928 0.341271 0.360379 0.379124 0.397381 0.415029 0.431955 0.448049 0.463212 0.477351 0.490382 0.502231 0.512832 0.522128 0.53007 0.536619 0.541741 0.545412 0.547615 0.548339 0.54758 0.545343 0.541637 0.53648 0.529897 0.52192 0.512589 0.501954 0.490072 0.477009 0.46284 0.44765 0.431532 0.414586 0.396922 0.378655 0.359905 0.340798 0.321462 0.302025 0.282615 0.263358 0.244375 0.225779 0.207678 0.190169 0.173339 0.157261 0.141999 0.127602 0.114106 0.101535 0.0899003 0.0792008 0.0694261 0.0605555 0.0525607 0.0454066 0.039053 0.0334562 0.0285707 0.02435 0.0207491 0.0177247 0.0152371 0.0132509 0.0117359 0.0106682 0.0100307 
0.0106688 0.0108825 0.0115488 0.0126802 0.014296 0.0164222 0.0190912 0.0223408 0.0262136 0.0307553 0.0360138 0.0420378 0.048875 0.0565707 0.0651661 0.0746966 0.0851902 0.096666 0.109133 0.122587 0.137015 0.152386 0.168659 0.185777 0.203671 0.222258 0.241443 0.261121 0.281178 0.30149 0.321928 0.342361 0.362655 0.382674 0.402286 0.421362 0.439779 0.457419 0.474172 0.489936 0.504619 0.518137 0.530417 0.541394 0.551011 0.559223 0.565989 0.571279 0.575069 0.577343 0.578091 0.577309 0.575001 0.571176 0.565851 0.559049 0.550803 0.541149 0.530137 0.517822 0.504269 0.489554 0.473759 0.456979 0.439316 0.42088 0.40179 0.382169 0.362148 0.341858 0.321436 0.301014 0.280726 0.260699 0.241055 0.221909 0.203365 0.185517 0.168446 0.152222 0.136898 0.122517 0.109106 0.0966792 0.0852396 0.0747774 0.0652733 0.056699 0.0490189 0.0421919 0.0361729 0.0309143 0.0263679 0.0224863 0.0192241 0.0165393 0.0143947 0.0127584 0.0116049 0.0109163 
0.01156 0.0117906 0.0125085 0.0137269 0.0154659 0.0177531 0.0206226 0.0241143 0.0282726 0.0331456 0.0387832 0.0452361 0.0525535 0.0607822 0.069964 0.0801345 0.0913213 0.103542 0.116804 0.1311 0.146413 0.162708 0.179938 0.198041 0.216941 0.236548 0.256761 0.277465 0.298539 0.319853 0.341271 0.362655 0.383863 0.404756 0.425197 0.445052 0.464197 0.482509 0.49988 0.516206 0.531394 0.545363 0.55804 0.56936 0.579271 0.587726 0.59469 0.600131 0.604029 0.606367 0.607137 0.606334 0.603962 0.600031 0.594554 0.587556 0.579064 0.569117 0.557759 0.545046 0.531041 0.515817 0.499458 0.482057 0.463717 0.44455 0.424676 0.404223 0.383325 0.362118 0.340742 0.319339 0.298047 0.277001 0.256331 0.236158 0.216595 0.197742 0.179688 0.162508 0.146264 0.131 0.11675 0.103533 0.0913512 0.0801992 0.0700583 0.0609006 0.0526903 0.0453854 0.0389395 0.0333035 0.0284271 0.0242608 0.0207572 0.0178722 0.0155666 0.0138069 0.0125662 0.0118256 
0.0124685 0.0127163 0.0134864 0.0147926 0.0166561 0.0191059 0.0221778 0.0259134 0.0303594 0.0355658 0.0415844 0.0484678 0.0562667 0.0650289 0.074797 0.0856064 0.0974841 0.110446 0.124497 0.139628 0.155817 0.173024 0.191197 0.210269 0.230155 0.25076 0.271973 0.293675 0.315736 0.338018 0.360379 0.382674 0.404756 0.42648 0.447706 0.468297 0.488124 0.507065 0.525009 0.541854 0.557507 0.571888 0.584925 0.596556 0.606731 0.615405 0.622544 0.628121 0.632114 0.634509 0.635298 0.634477 0.63205 0.628024 0.622414 0.61524 0.606529 0.596318 0.584648 0.571573 0.557154 0.541463 0.524582 0.506604 0.487632 0.467779 0.447166 0.425924 0.40419 0.382106 0.359816 0.337467 0.315205 0.293171 0.271502 0.250328 0.229768 0.20993 0.19091 0.172789 0.155634 0.139498 0.124417 0.110413 0.0974936 0.0856541 0.0748775 0.0651364 0.0563953 0.0486113 0.041737 0.0357217 0.0305134 0.0260605 0.0223135 0.0192266 0.0167585 0.0148742 0.0135454 0.0127523 
0.0133875 0.0136527 0.0144751 0.0158694 0.0178578 0.0204706 0.0237451 0.0277249 0.0324585 0.0379978 0.0443967 0.0517091 0.0599873 0.06928 0.07963 0.0910727 0.103634 0.117329 0.132158 0.148111 0.165159 0.183261 0.202357 0.222373 0.24322 0.264793 0.286976 0.309641 0.332651 0.355862 0.379124 0.402286 0.425197 0.447706 0.46967 0.490948 0.51141 0.530932 0.549404 0.566723 0.582799 0.597551 0.610911 0.62282 0.633228 0.642095 0.649389 0.655083 0.65916 0.661604 0.66241 0.661575 0.659099 0.654992 0.649265 0.641937 0.633035 0.622589 0.610642 0.597242 0.582449 0.566334 0.548976 0.530467 0.51091 0.490418 0.469114 0.44713 0.424607 0.40169 0.37853 0.355277 0.332084 0.309099 0.286466 0.264322 0.242793 0.221996 0.202032 0.18299 0.164944 0.14795 0.13205 0.117271 0.103622 0.0911025 0.0796957 0.0693757 0.0601069 0.0518461 0.0445449 0.0381512 0.0326113 0.0278719 0.0238815 0.0205924 0.0179616 0.0159524 0.0145353 0.0136896 
0.0143097 0.0145921 0.0154667 0.0169488 0.0190615 0.0218363 0.0253122 0.0295346 0.0345535 0.0404229 0.0471982 0.054935 0.0636868 0.0735027 0.0844261 0.0964918 0.109725 0.124137 0.139729 0.156485 0.174373 0.193345 0.213337 0.234268 0.256043 0.278549 0.301664 0.325252 0.349169 0.373264 0.397381 0.421362 0.445052 0.468297 0.490948 0.512863 0.53391 0.553966 0.572918 0.590666 0.60712 0.622204 0.63585 0.648003 0.658615 0.667649 0.675076 0.680871 0.685019 0.687506 0.688327 0.687479 0.684963 0.680786 0.67496 0.667501 0.658432 0.647782 0.635591 0.621904 0.606779 0.590282 0.572492 0.5535 0.533406 0.512325 0.49038 0.467705 0.444443 0.420743 0.396759 0.372649 0.348569 0.324675 0.301117 0.27804 0.255578 0.233853 0.212975 0.193039 0.174124 0.156294 0.139594 0.124055 0.109692 0.0965032 0.0844765 0.073586 0.0637966 0.0550648 0.0473413 0.0405729 0.0347045 0.0296809 0.0254489 0.0219588 0.0191663 0.0170329 0.015528 0.0146299 
0.0152272 0.0155268 0.0164529 0.0180216 0.0202569 0.0231916 0.0268661 0.0313273 0.0366271 0.042821 0.0499662 0.0581195 0.0673353 0.0776635 0.0891474 0.101821 0.115709 0.130821 0.147153 0.164687 0.183387 0.2032 0.224056 0.245867 0.268532 0.291932 0.315936 0.340402 0.365178 0.390108 0.415029 0.439779 0.464197 0.488124 0.51141 0.53391 0.555491 0.57603 0.595415 0.613546 0.630337 0.645712 0.659608 0.671971 0.682759 0.691935 0.699474 0.705354 0.709561 0.712084 0.712917 0.712059 0.70951 0.705277 0.699368 0.691798 0.682588 0.671764 0.659362 0.645425 0.630007 0.613172 0.594996 0.575568 0.554987 0.533368 0.510834 0.48752 0.463571 0.43914 0.414384 0.389465 0.364547 0.339791 0.315354 0.291387 0.268031 0.245416 0.223658 0.20286 0.183106 0.164466 0.14699 0.130713 0.115654 0.101814 0.0891821 0.0777339 0.0674349 0.0582414 0.0501037 0.0429673 0.0367758 0.0314725 0.0270025 0.0233146 0.0203625 0.0181066 0.016515 0.0155653 
0.0161319 0.0164482 0.0174249 0.0190783 0.0214337 0.0245247 0.0283932 0.0330877 0.0386616 0.0451719 0.0526773 0.0612358 0.0709026 0.0817281 0.0937554 0.107018 0.121538 0.137325 0.154371 0.172654 0.192134 0.212752 0.234434 0.257085 0.280597 0.304845 0.329691 0.354985 0.38057 0.406283 0.431955 0.457419 0.482509 0.507065 0.530932 0.553966 0.57603 0.597003 0.616773 0.635243 0.652329 0.667957 0.682066 0.694608 0.705543 0.714837 0.722469 0.728418 0.732674 0.735226 0.73607 0.735204 0.732629 0.72835 0.722373 0.714713 0.705386 0.694416 0.681836 0.667684 0.652012 0.634881 0.616364 0.596547 0.57553 0.553424 0.530353 0.506453 0.481871 0.456763 0.431289 0.405616 0.379912 0.354344 0.329077 0.304267 0.280062 0.256599 0.234002 0.212379 0.191821 0.172403 0.154181 0.137193 0.121462 0.106992 0.0937741 0.0817854 0.0709916 0.0613495 0.0528087 0.0453139 0.0388075 0.0332314 0.0285291 0.0246477 0.0215397 0.019164 0.0174877 0.0164875 
0.0170153 0.0173479 0.0183735 0.0201092 0.0225808 0.0258233 0.0298797 0.0347998 0.0406387 0.0474547 0.0553078 0.0642569 0.0743581 0.085662 0.0982115 0.112039 0.127166 0.143598 0.161326 0.180323 0.200545 0.221929 0.244393 0.26784 0.292151 0.317197 0.342833 0.368902 0.395242 0.421682 0.448049 0.474172 0.49988 0.525009 0.549404 0.572918 0.595415 0.616773 0.636883 0.655649 0.672988 0.688832 0.703123 0.715814 0.726869 0.736259 0.743965 0.749969 0.754263 0.756838 0.757691 0.75682 0.754225 0.74991 0.743882 0.736149 0.726728 0.715638 0.702909 0.688577 0.672688 0.655301 0.636487 0.616328 0.594922 0.572379 0.548824 0.524392 0.499233 0.473502 0.447366 0.420994 0.394559 0.368235 0.34219 0.316588 0.291584 0.267321 0.24393 0.221524 0.200202 0.180044 0.161109 0.143442 0.127068 0.111995 0.0982143 0.0857061 0.0744364 0.0643622 0.0554328 0.0475922 0.0407816 0.0349417 0.0300146 0.0259461 0.022687 0.0201953 0.0184368 0.0173877 
0.0178687 0.0182169 0.0192896 0.0211042 0.0236874 0.0270752 0.0313116 0.0364479 0.0425404 0.0496487 0.0578339 0.067156 0.0776715 0.0894311 0.102477 0.116842 0.132544 0.149588 0.167961 0.187632 0.208555 0.230659 0.253859 0.27805 0.30311 0.3289 0.355271 0.382059 0.409096 0.436206 0.463212 0.489936 0.516206 0.541854 0.566723 0.590666 0.613546 0.635243 0.655649 0.674669 0.692225 0.70825 0.72269 0.735503 0.746654 0.756121 0.763884 0.769931 0.774253 0.776846 0.777705 0.776831 0.774222 0.769881 0.763813 0.756026 0.746531 0.735346 0.722496 0.708014 0.691943 0.674339 0.655268 0.634811 0.613063 0.590133 0.566145 0.541235 0.515552 0.489256 0.462514 0.435501 0.408393 0.381368 0.354601 0.328263 0.302513 0.277502 0.253366 0.230225 0.208184 0.187326 0.167719 0.149409 0.132426 0.116779 0.102465 0.0894621 0.0777391 0.0672529 0.0579525 0.0497814 0.04268 0.0365877 0.0314454 0.0271975 0.0237937 0.0211907 0.0193534 0.0182573 
