1.48266e-14 1.47152e-14 2.63666e-14 5.84585e-14 1.33589e-13 3.02089e-13 6.70981e-13 1.46185e-12 3.12315e-12 6.5425e-12 1.34382e-11 2.70634e-11 5.34407e-11 1.03472e-10 1.96454e-10 3.65768e-10 6.67879e-10 1.19612e-09 2.10128e-09 3.62135e-09 6.12332e-09 1.01598e-08 1.6543e-08 2.64377e-08 4.14724e-08 6.38648e-08 9.65536e-08 1.43321e-07 2.08889e-07 2.98954e-07 4.20141e-07 5.79829e-07 7.85841e-07 1.04595e-06 1.36726e-06 1.75538e-06 2.21365e-06 2.74226e-06 3.33759e-06 3.99173e-06 4.69241e-06 5.42327e-06 6.16454e-06 6.89417e-06 7.58897e-06 8.22608e-06 8.78414e-06 9.2444e-06 9.59147e-06 9.81389e-06 9.90438e-06 9.86001e-06 9.68224e-06 9.37692e-06 8.95417e-06 8.4282e-06 7.8168e-06 7.14063e-06 6.42221e-06 5.68471e-06 4.95059e-06 4.24032e-06 3.57126e-06 2.95689e-06 2.40643e-06 1.9248e-06 1.51299e-06 1.1687e-06 8.87109e-07 6.61686e-07 4.84984e-07 3.49304e-07 2.47218e-07 1.71932e-07 1.17497e-07 7.89008e-08 5.20604e-08 3.37511e-08 2.1498e-08 1.34529e-08 8.27007e-09 4.99401e-09 2.96215e-09 1.72563e-09 9.87294e-10 5.54721e-10 3.06063e-10 1.6582e-10 8.8215e-11 4.60806e-11 2.36356e-11 1.1904e-11 5.88722e-12 2.85917e-12 1.36368e-12 6.3881e-13 2.93996e-13 1.33092e-13 5.9658e-14 2.74876e-14 
1.47152e-14 1.4616e-14 2.64788e-14 5.93578e-14 1.36976e-13 3.12606e-13 7.00502e-13 1.53928e-12 3.31592e-12 7.0021e-12 1.44935e-11 2.94059e-11 5.84806e-11 1.14003e-10 2.17855e-10 4.08123e-10 7.49588e-10 1.3499e-09 2.38381e-09 4.12844e-09 7.01287e-09 1.16857e-08 1.91038e-08 3.06437e-08 4.82358e-08 7.45165e-08 1.12988e-07 1.68167e-07 2.45707e-07 3.5244e-07 4.96326e-07 6.8625e-07 9.31642e-07 1.2419e-06 1.62559e-06 2.08956e-06 2.63787e-06 3.2708e-06 3.98402e-06 4.76804e-06 5.60807e-06 6.48439e-06 7.37322e-06 8.24797e-06 9.08078e-06 9.84417e-06 1.05126e-05 1.10635e-05 1.14786e-05 1.17443e-05 1.18518e-05 1.17978e-05 1.15839e-05 1.12173e-05 1.07099e-05 1.00788e-05 9.34533e-06 8.53422e-06 7.67255e-06 6.78818e-06 5.90811e-06 5.05698e-06 4.25565e-06 3.52031e-06 2.86197e-06 2.28648e-06 1.79493e-06 1.38447e-06 1.04921e-06 7.81224e-07 5.715e-07 4.10754e-07 2.90048e-07 2.01221e-07 1.37145e-07 9.18291e-08 6.04024e-08 3.90282e-08 2.47701e-08 1.54409e-08 9.45324e-09 5.68353e-09 3.35546e-09 1.94513e-09 1.10708e-09 6.18611e-10 3.39344e-10 1.82738e-10 9.65997e-11 5.01272e-11 2.55344e-11 1.27686e-11 6.26813e-12 3.02091e-12 1.42947e-12 6.64196e-13 3.03127e-13 1.3604e-13 6.04224e-14 2.75588e-14 
2.63666e-14 2.64788e-14 4.8406e-14 1.08956e-13 2.52012e-13 5.7614e-13 1.29288e-12 2.84423e-12 6.13248e-12 1.29578e-11 2.68309e-11 5.44424e-11 1.08253e-10 2.1094e-10 4.02821e-10 7.53923e-10 1.38306e-09 2.48715e-09 4.38487e-09 7.57989e-09 1.28494e-08 2.13635e-08 3.48419e-08 5.57481e-08 8.7522e-08 1.34841e-07 2.03888e-07 3.02608e-07 4.40884e-07 6.30613e-07 8.85578e-07 1.22108e-06 1.65324e-06 2.19803e-06 2.86986e-06 3.68001e-06 4.6349e-06 5.73436e-06 6.9703e-06 8.32578e-06 9.77489e-06 1.12834e-05 1.28105e-05 1.43104e-05 1.57358e-05 1.70402e-05 1.81801e-05 1.9118e-05 1.98232e-05 2.02728e-05 2.04524e-05 2.03566e-05 1.99882e-05 1.93591e-05 1.84897e-05 1.74087e-05 1.61518e-05 1.47613e-05 1.32828e-05 1.17639e-05 1.02506e-05 8.78515e-06 7.40346e-06 6.13356e-06 4.9947e-06 3.99733e-06 3.14381e-06 2.42962e-06 1.84501e-06 1.37665e-06 1.00925e-06 7.26976e-07 5.14484e-07 3.57718e-07 2.44347e-07 1.63964e-07 1.08078e-07 6.99747e-08 4.44963e-08 2.77874e-08 1.704e-08 1.02601e-08 6.06525e-09 3.51984e-09 2.00512e-09 1.12116e-09 6.15288e-10 3.31401e-10 1.75178e-10 9.08761e-11 4.62665e-11 2.31174e-11 1.13366e-11 5.45665e-12 2.57809e-12 1.19578e-12 5.44638e-13 2.43884e-13 1.08068e-13 4.92058e-14 
5.84585e-14 5.93578e-14 1.08956e-13 2.45024e-13 5.65555e-13 1.28989e-12 2.88728e-12 6.33504e-12 1.36213e-11 2.8698e-11 5.92428e-11 1.19828e-10 2.37479e-10 4.6115e-10 8.77475e-10 1.63618e-09 2.98998e-09 5.35547e-09 9.40309e-09 1.61864e-08 2.73212e-08 4.5226e-08 7.34325e-08 1.16969e-07 1.8281e-07 2.80379e-07 4.22055e-07 6.23629e-07 9.04625e-07 1.28837e-06 1.80171e-06 2.4742e-06 3.33675e-06 4.4196e-06 5.74971e-06 7.34765e-06 9.22435e-06 1.13779e-05 1.37911e-05 1.64299e-05 1.9243e-05 2.2164e-05 2.51135e-05 2.80043e-05 3.07457e-05 3.32493e-05 3.54333e-05 3.72267e-05 3.85719e-05 3.94265e-05 3.97636e-05 3.95731e-05 3.88607e-05 3.76488e-05 3.59759e-05 3.3896e-05 3.14769e-05 2.87983e-05 2.59474e-05 2.30144e-05 2.00877e-05 1.72483e-05 1.45659e-05 1.20949e-05 9.87347e-06 7.92288e-06 6.24882e-06 4.84377e-06 3.68991e-06 2.76234e-06 2.03211e-06 1.46897e-06 1.0434e-06 7.28181e-07 4.99289e-07 3.36323e-07 2.22544e-07 1.4464e-07 9.23274e-08 5.78755e-08 3.5623e-08 2.15274e-08 1.27711e-08 7.43703e-09 4.25071e-09 2.38441e-09 1.31258e-09 7.09055e-10 3.75859e-10 1.95503e-10 9.97863e-11 4.99786e-11 2.45648e-11 1.1849e-11 5.60952e-12 2.60674e-12 1.18939e-12 5.3351e-13 2.36845e-13 1.08171e-13 
1.33589e-13 1.36976e-13 2.52012e-13 5.65555e-13 1.3015e-12 2.95897e-12 6.60171e-12 1.44364e-11 3.09334e-11 6.49413e-11 1.33574e-10 2.69163e-10 5.31381e-10 1.02779e-09 1.94772e-09 3.61667e-09 6.58094e-09 1.17358e-08 2.05137e-08 3.51515e-08 5.90585e-08 9.73049e-08 1.57245e-07 2.49281e-07 3.87746e-07 5.9187e-07 8.86739e-07 1.30414e-06 1.88307e-06 2.66983e-06 3.71723e-06 5.083e-06 6.82692e-06 9.00684e-06 1.16735e-05 1.48646e-05 1.85986e-05 2.28684e-05 2.76373e-05 3.2836e-05 3.83625e-05 4.40855e-05 4.98505e-05 5.54878e-05 6.08228e-05 6.56855e-05 6.99197e-05 7.33903e-05 7.5988e-05 7.76325e-05 7.82737e-05 7.78923e-05 7.64999e-05 7.41391e-05 7.08832e-05 6.68351e-05 6.21248e-05 5.69045e-05 5.13418e-05 4.56108e-05 3.98823e-05 3.43141e-05 2.90421e-05 2.41741e-05 1.97863e-05 1.59225e-05 1.25962e-05 9.79537e-06 7.48724e-06 5.62495e-06 4.15324e-06 3.01373e-06 2.14903e-06 1.5058e-06 1.03669e-06 7.012e-07 4.65909e-07 3.04073e-07 1.94903e-07 1.22679e-07 7.5818e-08 4.60017e-08 2.73981e-08 1.60163e-08 9.18877e-09 5.17328e-09 2.85798e-09 1.54921e-09 8.23966e-10 4.29979e-10 2.20154e-10 1.10601e-10 5.45208e-11 2.63733e-11 1.252e-11 5.83357e-12 2.66863e-12 1.20012e-12 5.3426e-13 2.44986e-13 
3.02089e-13 3.12606e-13 5.7614e-13 1.28989e-12 2.95897e-12 6.70483e-12 1.49079e-11 3.24861e-11 6.93598e-11 1.45079e-10 2.97282e-10 5.96738e-10 1.17342e-09 2.26039e-09 4.26577e-09 7.88722e-09 1.42891e-08 2.53682e-08 4.41407e-08 7.52873e-08 1.25896e-07 2.06437e-07 3.31997e-07 5.23765e-07 8.10737e-07 1.23154e-06 1.8362e-06 2.68763e-06 3.8625e-06 5.45105e-06 7.55548e-06 1.02865e-05 1.37576e-05 1.80772e-05 2.33391e-05 2.96104e-05 3.69205e-05 4.52498e-05 5.45213e-05 6.45964e-05 7.52756e-05 8.63047e-05 9.73869e-05 0.000108199 0.00011841 0.000127698 0.000135772 0.000142377 0.000147311 0.000150424 0.000151624 0.000150875 0.000148201 0.00014368 0.00013745 0.000129703 0.000120684 0.000110679 0.000100004 8.89898e-05 7.79603e-05 6.72175e-05 5.70228e-05 4.75857e-05 3.90559e-05 3.15223e-05 2.5016e-05 1.95186e-05 1.49719e-05 1.12893e-05 8.36748e-06 6.0957e-06 4.36434e-06 3.07072e-06 2.12297e-06 1.44205e-06 9.62265e-07 6.30706e-07 4.05992e-07 2.56627e-07 1.59265e-07 9.70303e-08 5.80242e-08 3.40541e-08 1.9613e-08 1.10838e-08 6.14576e-09 3.34332e-09 1.78436e-09 9.3429e-10 4.79933e-10 2.41875e-10 1.196e-10 5.80278e-11 2.76274e-11 1.29092e-11 5.92187e-12 2.67049e-12 1.19238e-12 5.49075e-13 
6.70981e-13 7.00502e-13 1.29288e-12 2.88728e-12 6.60171e-12 1.49079e-11 3.30312e-11 7.17215e-11 1.5257e-10 3.17935e-10 6.48981e-10 1.29759e-09 2.54129e-09 4.87517e-09 9.16141e-09 1.68656e-08 3.04196e-08 5.37606e-08 9.31106e-08 1.58062e-07 2.63045e-07 4.2923e-07 6.86907e-07 1.07831e-06 1.66083e-06 2.51033e-06 3.72435e-06 5.42462e-06 7.75828e-06 1.08972e-05 1.50342e-05 2.03765e-05 2.7134e-05 3.55049e-05 4.56568e-05 5.77058e-05 7.16949e-05 8.75749e-05 0.000105189 0.000124268 0.000144429 0.000165193 0.000186002 0.000206256 0.000225343 0.000242671 0.000257704 0.000269981 0.000279132 0.000284888 0.000287082 0.000285651 0.000280637 0.000272184 0.000260545 0.000246069 0.000229205 0.000210478 0.000190469 0.000169789 0.000149042 0.00012879 0.000109525 9.16432e-05 7.54338e-05 6.10722e-05 4.86271e-05 3.80738e-05 2.93121e-05 2.21871e-05 1.65102e-05 1.2077e-05 8.68315e-06 6.13562e-06 4.26038e-06 2.90661e-06 1.9481e-06 1.28249e-06 8.29167e-07 5.26392e-07 3.28084e-07 2.00725e-07 1.20531e-07 7.10255e-08 4.10679e-08 2.32981e-08 1.29668e-08 7.07975e-09 3.79193e-09 1.9923e-09 1.02685e-09 5.19191e-10 2.57538e-10 1.25337e-10 5.98525e-11 2.80486e-11 1.29036e-11 5.83552e-12 2.6136e-12 1.20874e-12 
1.46185e-12 1.53928e-12 2.84423e-12 6.33504e-12 1.44364e-11 3.24861e-11 7.17215e-11 1.55162e-10 3.28837e-10 6.82635e-10 1.38798e-09 2.76406e-09 5.39112e-09 1.02988e-08 1.92701e-08 3.53188e-08 6.34149e-08 1.11556e-07 1.92299e-07 3.24872e-07 5.38004e-07 8.73544e-07 1.39093e-06 2.17244e-06 3.32898e-06 5.00607e-06 7.38932e-06 1.07085e-05 1.5239e-05 2.12998e-05 2.92456e-05 3.94534e-05 5.23011e-05 6.81401e-05 8.72609e-05 0.000109856 0.00013598 0.00016552 0.000198167 0.000233407 0.000270529 0.000308647 0.000346748 0.000383741 0.000418522 0.000450035 0.000477322 0.000499565 0.00051611 0.000526484 0.000530395 0.000527733 0.000518573 0.000503173 0.000481979 0.000455615 0.000424876 0.000390702 0.000354135 0.000316276 0.000278214 0.000240975 0.000205458 0.000172399 0.000142338 0.000115615 9.23749e-05 7.25923e-05 5.61019e-05 4.26352e-05 3.1858e-05 2.34033e-05 1.69002e-05 1.1995e-05 8.36649e-06 5.73388e-06 3.86051e-06 2.55301e-06 1.65804e-06 1.0573e-06 6.61878e-07 4.06694e-07 2.45244e-07 1.45115e-07 8.42464e-08 4.79817e-08 2.68071e-08 1.4691e-08 7.89705e-09 4.16376e-09 2.15339e-09 1.09241e-09 5.43634e-10 2.65407e-10 1.2713e-10 5.97554e-11 2.75709e-11 1.25053e-11 5.6186e-12 2.61002e-12 
3.12315e-12 3.31592e-12 6.13248e-12 1.36213e-11 3.09334e-11 6.93598e-11 1.5257e-10 3.28837e-10 6.94252e-10 1.43559e-09 2.90729e-09 5.76603e-09 1.11993e-08 2.13027e-08 3.9685e-08 7.24092e-08 1.29413e-07 2.26587e-07 3.8871e-07 6.53475e-07 1.07679e-06 1.73949e-06 2.75554e-06 4.28144e-06 6.5265e-06 9.76311e-06 1.43358e-05 2.06673e-05 2.92603e-05 4.06909e-05 5.55942e-05 7.46373e-05 9.8481e-05 0.000127729 0.000162868 0.000204202 0.000251786 0.000305372 0.000364367 0.000427821 0.000494442 0.000562643 0.00063062 0.000696451 0.000758202 0.000814031 0.000862279 0.000901534 0.000930674 0.000948888 0.000955678 0.000950862 0.00093457 0.000907248 0.000869662 0.000822891 0.000768311 0.000707553 0.000642439 0.000574893 0.000506838 0.000440087 0.000376248 0.000316646 0.000262272 0.000213763 0.000171417 0.000135225 0.000104927 8.00743e-05 6.00924e-05 4.43411e-05 3.21655e-05 2.29352e-05 1.60719e-05 1.10664e-05 7.48575e-06 4.97358e-06 3.24505e-06 2.07878e-06 1.3072e-06 8.06775e-07 4.8861e-07 2.90342e-07 1.69255e-07 9.67854e-08 5.42853e-08 2.98631e-08 1.61122e-08 8.52583e-09 4.42478e-09 2.25234e-09 1.12459e-09 5.5081e-10 2.6467e-10 1.24787e-10 5.77503e-11 2.62727e-11 1.18429e-11 5.5264e-12 
6.5425e-12 7.0021e-12 1.29578e-11 2.8698e-11 6.49413e-11 1.45079e-10 3.17935e-10 6.82635e-10 1.43559e-09 2.95671e-09 5.96343e-09 1.1778e-08 2.27789e-08 4.31399e-08 8.00067e-08 1.45313e-07 2.58494e-07 4.50425e-07 7.68923e-07 1.28621e-06 2.10861e-06 3.38871e-06 5.3399e-06 8.25288e-06 1.25132e-05 1.86182e-05 2.71915e-05 3.89915e-05 5.4911e-05 7.5964e-05 0.000103256 0.000137933 0.000181118 0.000233814 0.000296806 0.00037055 0.00045506 0.000549822 0.000653732 0.000765078 0.000881574 0.00100045 0.00111859 0.0012327 0.00133947 0.00143579 0.00151886 0.00158632 0.00163629 0.00166743 0.00167891 0.00167044 0.00164224 0.00159505 0.00153016 0.00144937 0.001355 0.0012498 0.00113686 0.00101946 0.000900904 0.000784306 0.000672468 0.000567715 0.000471815 0.000385937 0.000310667 0.000246062 0.000191735 0.000146961 0.000110786 8.21256e-05 5.98562e-05 4.28841e-05 3.01963e-05 2.08927e-05 1.42011e-05 9.4807e-06 6.21524e-06 4.00019e-06 2.52709e-06 1.56673e-06 9.53074e-07 5.6879e-07 3.32976e-07 1.9119e-07 1.07664e-07 5.94583e-08 3.22013e-08 1.71023e-08 8.90767e-09 4.55011e-09 2.27959e-09 1.12022e-09 5.40023e-10 2.55417e-10 1.18572e-10 5.41104e-11 2.44733e-11 1.14735e-11 
1.34382e-11 1.44935e-11 2.68309e-11 5.92428e-11 1.33574e-10 2.97282e-10 6.48981e-10 1.38798e-09 2.90729e-09 5.96343e-09 1.19777e-08 2.3556e-08 4.53597e-08 8.55224e-08 1.57887e-07 2.85427e-07 5.0532e-07 8.76223e-07 1.48835e-06 2.47694e-06 4.03962e-06 6.45772e-06 1.01215e-05 1.5558e-05 2.34601e-05 3.47138e-05 5.04194e-05 7.19021e-05 0.000100707 0.000138568 0.000187356 0.000248987 0.000325303 0.000417919 0.000528052 0.000656336 0.000802652 0.000965982 0.00114433 0.00133468 0.00153312 0.00173493 0.00193488 0.00212745 0.00230719 0.00246896 0.0026082 0.00272103 0.00280445 0.00285627 0.00287518 0.0028607 0.0028132 0.0027339 0.00262485 0.00248902 0.00233018 0.00215285 0.00196211 0.0017634 0.00156222 0.0013638 0.00117288 0.000993448 0.000828564 0.000680321 0.000549835 0.00043733 0.000342274 0.000263544 0.000199606 0.000148681 0.000108895 7.84053e-05 5.5484e-05 3.85811e-05 2.63549e-05 1.76818e-05 1.16484e-05 7.53317e-06 4.78156e-06 2.97821e-06 1.81993e-06 1.09093e-06 6.41401e-07 3.69831e-07 2.09115e-07 1.15945e-07 6.30367e-08 3.36055e-08 1.75676e-08 9.00583e-09 4.52765e-09 2.23253e-09 1.07982e-09 5.1239e-10 2.38627e-10 1.09246e-10 4.95818e-11 2.33557e-11 
2.70634e-11 2.94059e-11 5.44424e-11 1.19828e-10 2.69163e-10 5.96738e-10 1.29759e-09 2.76406e-09 5.76603e-09 1.1778e-08 2.3556e-08 4.61254e-08 8.84254e-08 1.65963e-07 3.04971e-07 5.48706e-07 9.66711e-07 1.66794e-06 2.81877e-06 4.66672e-06 7.57063e-06 1.20372e-05 1.87631e-05 2.86813e-05 4.30067e-05 6.32779e-05 9.13871e-05 0.00012959 0.000180486 0.000246963 0.000332095 0.000438984 0.000570559 0.000729327 0.000917087 0.00113465 0.00138155 0.00165587 0.00195408 0.00227107 0.00260025 0.00293385 0.0032633 0.00357967 0.00387418 0.00413862 0.00436571 0.00454939 0.00468488 0.00476881 0.00479912 0.00477508 0.00469727 0.0045676 0.00438933 0.00416711 0.00390693 0.00361597 0.00330239 0.00297492 0.00264247 0.00231359 0.00199609 0.00169659 0.00142029 0.00117082 0.000950233 0.000759136 0.000596866 0.000461763 0.000351447 0.000263092 0.000193671 0.00014016 9.96967e-05 6.96822e-05 4.78446e-05 3.22628e-05 2.13607e-05 1.38826e-05 8.85451e-06 5.54124e-06 3.40186e-06 2.04844e-06 1.20967e-06 7.00493e-07 3.9774e-07 2.21428e-07 1.20863e-07 6.46825e-08 3.39409e-08 1.74634e-08 8.81113e-09 4.35989e-09 2.11598e-09 1.00743e-09 4.70722e-10 2.16213e-10 9.84795e-11 4.66158e-11 
5.34407e-11 5.84806e-11 1.08253e-10 2.37479e-10 5.31381e-10 1.17342e-09 2.54129e-09 5.39112e-09 1.11993e-08 2.27789e-08 4.53597e-08 8.84254e-08 1.68749e-07 3.15254e-07 5.76561e-07 1.03233e-06 1.80976e-06 3.10671e-06 5.22306e-06 8.60154e-06 1.38787e-05 2.19457e-05 3.40171e-05 5.1704e-05 7.70844e-05 0.000112763 0.000161911 0.000228264 0.00031608 0.00043003 0.000575014 0.0007559 0.00097719 0.00124262 0.00155472 0.00191436 0.00232038 0.00276926 0.00325498 0.00376903 0.00430072 0.00483756 0.00536591 0.00587173 0.00634129 0.00676186 0.00712223 0.00741309 0.00762721 0.00775945 0.00780673 0.00776796 0.00764403 0.00743783 0.00715435 0.00680069 0.00638604 0.00592152 0.00541977 0.00489447 0.00435962 0.00382881 0.00331452 0.00282749 0.00237629 0.00196707 0.0016035 0.00128694 0.0010167 0.000790466 0.000604684 0.000455013 0.000336712 0.000244973 0.000175178 0.000123089 8.49607e-05 5.75902e-05 3.83261e-05 2.50347e-05 1.60467e-05 1.0091e-05 6.22441e-06 3.76539e-06 2.23362e-06 1.29913e-06 7.40804e-07 4.14138e-07 2.2697e-07 1.21949e-07 6.4238e-08 3.31766e-08 1.68009e-08 8.34332e-09 4.06352e-09 1.94134e-09 9.10168e-10 4.19482e-10 1.91766e-10 9.12278e-11 
1.03472e-10 1.14003e-10 2.1094e-10 4.6115e-10 1.02779e-09 2.26039e-09 4.87517e-09 1.02988e-08 2.13027e-08 4.31399e-08 8.55224e-08 1.65963e-07 3.15254e-07 5.86166e-07 1.06685e-06 1.90075e-06 3.31535e-06 5.66191e-06 9.46874e-06 1.55095e-05 2.48873e-05 3.91327e-05 6.03126e-05 9.11417e-05 0.000135086 0.000196445 0.00028039 0.000392947 0.000540897 0.000731571 0.000972546 0.00127121 0.00163424 0.00206697 0.00257272 0.00315216 0.00380273 0.00451825 0.0052887 0.0061004 0.0069364 0.0077772 0.00860178 0.00938865 0.010117 0.0107676 0.0113238 0.0117718 0.0121009 0.0123036 0.0123753 0.0123146 0.0121227 0.0118039 0.0113656 0.0108182 0.0101755 0.00945398 0.00867284 0.00785279 0.00701521 0.00618108 0.00536982 0.00459837 0.00388048 0.00322626 0.00264207 0.00213068 0.00169169 0.00132204 0.00101666 0.00076913 0.000572258 0.000418622 0.000300994 0.00021265 0.000147574 0.000100568 6.72809e-05 4.41757e-05 2.84595e-05 1.79857e-05 1.11479e-05 6.77572e-06 4.03789e-06 2.35909e-06 1.35113e-06 7.58559e-07 4.17464e-07 2.25212e-07 1.19104e-07 6.17511e-08 3.13898e-08 1.56459e-08 7.64777e-09 3.66669e-09 1.72508e-09 7.97845e-10 3.66117e-10 1.75062e-10 
1.96454e-10 2.17855e-10 4.02821e-10 8.77475e-10 1.94772e-09 4.26577e-09 9.16141e-09 1.92701e-08 3.9685e-08 8.00067e-08 1.57887e-07 3.04971e-07 5.76561e-07 1.06685e-06 1.93213e-06 3.42504e-06 5.9433e-06 1.00965e-05 1.67943e-05 2.73576e-05 4.36536e-05 6.82492e-05 0.000104577 0.000157101 0.000231457 0.000334559 0.000474623 0.000661102 0.000904482 0.00121594 0.00160681 0.00208795 0.00266884 0.00335674 0.00415566 0.00506546 0.00608106 0.00719196 0.00838201 0.00962978 0.0109092 0.0121906 0.0134427 0.0146334 0.0157322 0.0167111 0.0175459 0.0182169 0.0187087 0.0190107 0.0191166 0.0190243 0.0187356 0.0182565 0.0175976 0.0167738 0.015805 0.0147151 0.0135321 0.0122864 0.0110099 0.00973398 0.00848794 0.00729781 0.00618503 0.00516578 0.00425073 0.00344518 0.00274958 0.00216028 0.00167037 0.00127071 0.000950759 0.000699431 0.000505736 0.000359303 0.000250734 0.000171807 0.000115561 7.62781e-05 4.93962e-05 3.13755e-05 1.95436e-05 1.19361e-05 7.14674e-06 4.19462e-06 2.41318e-06 1.36076e-06 7.52076e-07 4.0742e-07 2.16342e-07 1.12613e-07 5.7467e-08 2.87529e-08 1.4107e-08 6.78824e-09 3.20517e-09 1.48773e-09 6.85355e-10 3.29422e-10 
3.65768e-10 4.08123e-10 7.53923e-10 1.63618e-09 3.61667e-09 7.88722e-09 1.68656e-08 3.53188e-08 7.24092e-08 1.45313e-07 2.85427e-07 5.48706e-07 1.03233e-06 1.90075e-06 3.42504e-06 6.04027e-06 1.04263e-05 1.76174e-05 2.91438e-05 4.72096e-05 7.49012e-05 0.000116422 0.000177337 0.000264803 0.000387758 0.000557031 0.00078533 0.00108707 0.001478 0.00197463 0.00259339 0.00334958 0.00425618 0.00532246 0.00655267 0.00794473 0.00948928 0.0111691 0.0129588 0.0148259 0.0167314 0.0186317 0.0204811 0.0222335 0.0238455 0.0252776 0.0264957 0.0274726 0.0281871 0.0286247 0.0287768 0.0286406 0.0282185 0.0275189 0.0265562 0.0253511 0.0239311 0.0223301 0.0205875 0.0187469 0.0168539 0.0149542 0.0130909 0.0113029 0.00962259 0.00807521 0.0066781 0.00544082 0.00436577 0.00344911 0.00268203 0.00205203 0.00154425 0.00114263 0.00083099 0.000593782 0.000416722 0.000287149 0.00019421 0.000128886 8.39071e-05 5.35727e-05 3.35393e-05 2.05852e-05 1.23849e-05 7.30328e-06 4.22091e-06 2.39079e-06 1.32716e-06 7.22036e-07 3.8501e-07 2.01229e-07 1.031e-07 5.17868e-08 2.55055e-08 1.23193e-08 5.83827e-09 2.71997e-09 1.25804e-09 6.07914e-10 
6.67879e-10 7.49588e-10 1.38306e-09 2.98998e-09 6.58094e-09 1.42891e-08 3.04196e-08 6.34149e-08 1.29413e-07 2.58494e-07 5.0532e-07 9.66711e-07 1.80976e-06 3.31535e-06 5.9433e-06 1.04263e-05 1.79009e-05 3.00817e-05 4.94855e-05 7.97044e-05 0.000125722 0.000194259 0.000294118 0.000436494 0.000635201 0.000906761 0.00127029 0.00174717 0.00236034 0.00313342 0.00408936 0.00524896 0.00662905 0.00824067 0.0100872 0.0121628 0.0144511 0.0169248 0.0195454 0.0222647 0.0250262 0.0277676 0.0304245 0.0329327 0.035232 0.0372686 0.0389965 0.0403788 0.0413877 0.042004 0.0422165 0.0420214 0.0414221 0.0404294 0.0390625 0.0373492 0.0353263 0.0330397 0.0305436 0.027898 0.0251667 0.022414 0.0197017 0.0170858 0.0146143 0.0123253 0.0102461 0.00839303 0.00677239 0.00538117 0.00420889 0.00323932 0.00245227 0.00182534 0.00133539 0.000959828 0.000677547 0.000469558 0.000319373 0.000213124 0.0001395 8.95396e-05 5.63468e-05 3.47587e-05 2.10155e-05 1.24525e-05 7.23077e-06 4.11447e-06 2.29426e-06 1.25367e-06 6.71366e-07 3.52372e-07 1.8128e-07 9.14232e-08 4.52043e-08 2.19184e-08 1.04269e-08 4.87624e-09 2.26463e-09 1.10028e-09 
1.19612e-09 1.3499e-09 2.48715e-09 5.35547e-09 1.17358e-08 2.53682e-08 5.37606e-08 1.11556e-07 2.26587e-07 4.50425e-07 8.76223e-07 1.66794e-06 3.10671e-06 5.66191e-06 1.00965e-05 1.76174e-05 3.00817e-05 5.02691e-05 8.22243e-05 0.000131667 0.000206458 0.000317087 0.000477141 0.000703701 0.00101757 0.0014433 0.00200888 0.00274505 0.00368426 0.00485915 0.00630065 0.00803573 0.010085 0.0124603 0.0151621 0.0181779 0.0214806 0.0250281 0.0287639 0.0326186 0.0365126 0.0403598 0.0440719 0.0475624 0.0507508 0.053566 0.055948 0.057849 0.0592334 0.060077 0.0603656 0.0600945 0.0592679 0.0578998 0.0560143 0.0536471 0.0508462 0.0476716 0.0441949 0.0404966 0.0366627 0.0327814 0.028938 0.0252115 0.0216704 0.0183708 0.0153545 0.0126484 0.0102653 0.00820497 0.00645626 0.00499928 0.00380781 0.00285169 0.00209896 0.00151777 0.00107779 0.000751327 0.000513969 0.000344922 0.000227018 0.000146504 9.26826e-05 5.7469e-05 3.49221e-05 2.07949e-05 1.21332e-05 6.93666e-06 3.88578e-06 2.13292e-06 1.14726e-06 6.04747e-07 3.1243e-07 1.58216e-07 7.85469e-08 3.82363e-08 1.82605e-08 8.57309e-09 3.99829e-09 1.95333e-09 
2.10128e-09 2.38381e-09 4.38487e-09 9.40309e-09 2.05137e-08 4.41407e-08 9.31106e-08 1.92299e-07 3.8871e-07 7.68923e-07 1.48835e-06 2.81877e-06 5.22306e-06 9.46874e-06 1.67943e-05 2.91438e-05 4.94855e-05 8.22243e-05 0.000133713 0.000212852 0.000331749 0.000506388 0.000757241 0.00110972 0.00159435 0.00224666 0.00310644 0.00421667 0.00562175 0.00736522 0.00948705 0.0120205 0.0149891 0.0184032 0.0222572 0.0265277 0.0311715 0.0361263 0.041311 0.046629 0.0519716 0.0572233 0.062267 0.0669896 0.0712874 0.0750695 0.0782604 0.0808006 0.0826465 0.0837685 0.0841496 0.0837842 0.0826774 0.0808459 0.0783194 0.0751417 0.0713729 0.0670887 0.0623807 0.0573528 0.0521178 0.0467922 0.0414909 0.0363213 0.0313792 0.0267445 0.0224789 0.0186251 0.0152065 0.0122288 0.00968228 0.00754427 0.00578238 0.00435763 0.00322741 0.00234817 0.00167763 0.00117649 0.000809557 0.000546429 0.000361679 0.000234698 0.00014928 9.30531e-05 5.68379e-05 3.40162e-05 1.99457e-05 1.14582e-05 6.44904e-06 3.55627e-06 1.92152e-06 1.01736e-06 5.27878e-07 2.68454e-07 1.33827e-07 6.54113e-08 3.13632e-08 1.47836e-08 6.92442e-09 3.40187e-09 
3.62135e-09 4.12844e-09 7.57989e-09 1.61864e-08 3.51515e-08 7.52873e-08 1.58062e-07 3.24872e-07 6.53475e-07 1.28621e-06 2.47694e-06 4.66672e-06 8.60154e-06 1.55095e-05 2.73576e-05 4.72096e-05 7.97044e-05 0.000131667 0.000212852 0.000336791 0.000521701 0.000791365 0.00117588 0.00171209 0.0024437 0.00342066 0.00469803 0.00633403 0.00838738 0.010914 0.0139633 0.0175739 0.0217696 0.0265559 0.0319162 0.0378101 0.044172 0.0509121 0.057918 0.065059 0.0721913 0.0791644 0.0858284 0.0920404 0.0976713 0.102609 0.106763 0.110061 0.112452 0.113902 0.114391 0.113913 0.112474 0.110093 0.106805 0.102661 0.0977331 0.0921139 0.0859156 0.0792684 0.0723146 0.0652039 0.0580856 0.0511022 0.0443828 0.0380382 0.0321573 0.0268044 0.0220196 0.0178194 0.0141987 0.0111345 0.0085891 0.00651434 0.0048555 0.00355501 0.00255565 0.0018032 0.00124826 0.000847511 0.000564205 0.00036819 0.000235484 0.000147582 9.06221e-05 5.45161e-05 3.21279e-05 1.8548e-05 1.049e-05 5.81207e-06 3.15493e-06 1.67798e-06 8.74519e-07 4.4667e-07 2.23616e-07 1.09752e-07 5.28381e-08 2.50078e-08 1.17648e-08 5.81275e-09 
6.12332e-09 7.01287e-09 1.28494e-08 2.73212e-08 5.90585e-08 1.25896e-07 2.63045e-07 5.38004e-07 1.07679e-06 2.10861e-06 4.03962e-06 7.57063e-06 1.38787e-05 2.48873e-05 4.36536e-05 7.49012e-05 0.000125722 0.000206458 0.000331749 0.000521701 0.00080309 0.00121047 0.001787 0.00258484 0.00366483 0.00509539 0.00695047 0.00930646 0.0122383 0.015815 0.0200943 0.0251175 0.0309048 0.0374507 0.0447211 0.0526509 0.061144 0.0700753 0.0792934 0.0886271 0.0978919 0.106898 0.115461 0.123405 0.130575 0.13684 0.142093 0.146253 0.149262 0.151082 0.151693 0.151087 0.149271 0.146266 0.142109 0.136859 0.130598 0.123435 0.115502 0.106955 0.0979696 0.0887302 0.0794253 0.0702376 0.0613366 0.0528713 0.0449651 0.0377124 0.0311772 0.0253933 0.020366 0.0160759 0.0124826 0.00952939 0.007149 0.00526789 0.00381105 0.00270576 0.00188455 0.00128722 0.000861978 0.00056576 0.00036389 0.000229318 0.000141574 8.5619e-05 5.07194e-05 2.94298e-05 1.67269e-05 9.31264e-06 5.07913e-06 2.71393e-06 1.42085e-06 7.28931e-07 3.66505e-07 1.80645e-07 8.73302e-08 4.15046e-08 1.96128e-08 9.74597e-09 
1.01598e-08 1.16857e-08 2.13635e-08 4.5226e-08 9.73049e-08 2.06437e-07 4.2923e-07 8.73544e-07 1.73949e-06 3.38871e-06 6.45772e-06 1.20372e-05 2.19457e-05 3.91327e-05 6.82492e-05 0.000116422 0.000194259 0.000317087 0.000506388 0.000791365 0.00121047 0.00181271 0.00265853 0.00381985 0.00537924 0.00742781 0.0100619 0.0133785 0.0174698 0.0224168 0.0282826 0.0351067 0.0428989 0.0516349 0.0612538 0.0716566 0.0827077 0.0942379 0.10605 0.117927 0.129639 0.140956 0.151654 0.161531 0.170407 0.178131 0.184586 0.189683 0.193362 0.195582 0.196323 0.195578 0.193353 0.189669 0.184566 0.178105 0.170377 0.161501 0.151629 0.140943 0.129647 0.117962 0.106119 0.0943454 0.0828555 0.071844 0.0614776 0.0518896 0.0431771 0.0353998 0.0285815 0.0227124 0.0177541 0.0136444 0.010304 0.00764252 0.00556472 0.00397596 0.00278655 0.00191499 0.00129008 0.000851734 0.000550988 0.000349188 0.000216772 0.000131806 7.84935e-05 4.57819e-05 2.61529e-05 1.46328e-05 8.01944e-06 4.30534e-06 2.26444e-06 1.16697e-06 5.8934e-07 2.91729e-07 1.41628e-07 6.75944e-08 3.2086e-08 1.60364e-08 
1.6543e-08 1.91038e-08 3.48419e-08 7.34325e-08 1.57245e-07 3.31997e-07 6.86907e-07 1.39093e-06 2.75554e-06 5.3399e-06 1.01215e-05 1.87631e-05 3.40171e-05 6.03126e-05 0.000104577 0.000177337 0.000294118 0.000477141 0.000757241 0.00117588 0.001787 0.00265853 0.00387301 0.00552719 0.00773016 0.0105999 0.014258 0.0188236 0.0244049 0.0310922 0.0389487 0.0480041 0.0582487 0.0696289 0.0820459 0.0953563 0.109375 0.123882 0.138626 0.153342 0.167752 0.181587 0.19459 0.20653 0.217209 0.226464 0.234171 0.240238 0.244607 0.247238 0.248113 0.247224 0.244578 0.240193 0.234108 0.226384 0.217114 0.206425 0.194482 0.181486 0.167667 0.153284 0.138605 0.123905 0.109448 0.0954812 0.0822212 0.0698503 0.0585093 0.0482948 0.039259 0.0314111 0.0247219 0.0191287 0.0145432 0.0108587 0.00795852 0.00572316 0.0040366 0.00279141 0.00189203 0.00125666 0.000817727 0.000521224 0.000325398 0.000198949 0.00011912 6.98457e-05 4.01058e-05 2.25531e-05 1.24212e-05 6.70069e-06 3.5409e-06 1.83317e-06 9.29928e-07 4.62334e-07 2.25414e-07 1.08042e-07 5.15205e-08 2.58992e-08 
2.64377e-08 3.06437e-08 5.57481e-08 1.16969e-07 2.49281e-07 5.23765e-07 1.07831e-06 2.17244e-06 4.28144e-06 8.25288e-06 1.5558e-05 2.86813e-05 5.1704e-05 9.11417e-05 0.000157101 0.000264803 0.000436494 0.000703701 0.00110972 0.00171209 0.00258484 0.00381985 0.00552719 0.00783373 0.0108798 0.0148137 0.0197842 0.0259319 0.0333783 0.0422167 0.0525021 0.064244 0.0774006 0.0918763 0.107522 0.124139 0.141482 0.159274 0.177207 0.194965 0.212227 0.228687 0.24406 0.258097 0.270588 0.281365 0.290306 0.297324 0.302363 0.305393 0.306396 0.305369 0.302313 0.297246 0.290199 0.281229 0.270424 0.257911 0.24386 0.228483 0.212033 0.194794 0.177072 0.159186 0.141451 0.12417 0.107617 0.0920337 0.0776146 0.0645063 0.0528018 0.0425412 0.0337148 0.0262676 0.0201077 0.0151153 0.0111524 0.00807282 0.00573074 0.00398817 0.00272008 0.00181772 0.00118992 0.000762922 0.000479033 0.000294533 0.000177324 0.000104534 6.03402e-05 3.41063e-05 1.88786e-05 1.0234e-05 5.43387e-06 2.82627e-06 1.4402e-06 7.19189e-07 3.52159e-07 1.69518e-07 8.12077e-08 4.10599e-08 
4.14724e-08 4.82358e-08 8.7522e-08 1.8281e-07 3.87746e-07 8.10737e-07 1.66083e-06 3.32898e-06 6.5265e-06 1.25132e-05 2.34601e-05 4.30067e-05 7.70844e-05 0.000135086 0.000231457 0.000387758 0.000635201 0.00101757 0.00159435 0.0024437 0.00366483 0.00537924 0.00773016 0.0108798 0.0150037 0.0202831 0.0268937 0.0349945 0.0447144 0.0561406 0.069308 0.0841918 0.100704 0.118691 0.137942 0.15819 0.179125 0.200403 0.221665 0.242543 0.262681 0.281743 0.299428 0.315479 0.329684 0.341884 0.351965 0.359851 0.365499 0.368888 0.370008 0.368855 0.365431 0.359744 0.351817 0.341695 0.329454 0.315213 0.299134 0.281433 0.26237 0.242247 0.221399 0.200184 0.178964 0.158099 0.137926 0.118752 0.100839 0.0843951 0.0695693 0.056447 0.0450514 0.0353466 0.0272461 0.0206224 0.0153191 0.0111631 0.0079767 0.00558712 0.00383485 0.00257865 0.00169835 0.00109543 0.000691844 0.000427821 0.000259014 0.000153527 8.90946e-05 5.06221e-05 2.81629e-05 1.53427e-05 8.18569e-06 4.27753e-06 2.18968e-06 1.09831e-06 5.40134e-07 2.61126e-07 1.25669e-07 6.39081e-08 
6.38648e-08 7.45165e-08 1.34841e-07 2.80379e-07 5.9187e-07 1.23154e-06 2.51033e-06 5.00607e-06 9.76311e-06 1.86182e-05 3.47138e-05 6.32779e-05 0.000112763 0.000196445 0.000334559 0.000557031 0.000906761 0.0014433 0.00224666 0.00342066 0.00509539 0.00742781 0.0105999 0.0148137 0.0202831 0.0272222 0.0358317 0.0462827 0.0587019 0.0731577 0.0896497 0.108102 0.128364 0.150211 0.173352 0.197447 0.222112 0.246942 0.271523 0.295449 0.318335 0.339831 0.359633 0.37749 0.393203 0.406629 0.417676 0.426288 0.43244 0.436124 0.437339 0.436084 0.432358 0.42616 0.417498 0.406399 0.392919 0.377156 0.359257 0.339424 0.317912 0.295028 0.271122 0.246579 0.221805 0.19721 0.173197 0.150144 0.128388 0.108214 0.0898411 0.0734174 0.0590148 0.0466315 0.0361985 0.0275897 0.0206359 0.0151397 0.0108905 0.00767818 0.00530411 0.00358921 0.00237861 0.00154352 0.000980645 0.000609936 0.00037137 0.000221346 0.000129146 7.37656e-05 4.12492e-05 2.25841e-05 1.21076e-05 6.35683e-06 3.26899e-06 1.64697e-06 8.13473e-07 3.94968e-07 1.90958e-07 9.76677e-08 
9.65536e-08 1.12988e-07 2.03888e-07 4.22055e-07 8.86739e-07 1.8362e-06 3.72435e-06 7.38932e-06 1.43358e-05 2.71915e-05 5.04194e-05 9.13871e-05 0.000161911 0.00028039 0.000474623 0.00078533 0.00127029 0.00200888 0.00310644 0.00469803 0.00695047 0.0100619 0.014258 0.0197842 0.0268937 0.0358317 0.0468175 0.0600254 0.0755663 0.0934738 0.113694 0.136082 0.160406 0.186354 0.213548 0.241564 0.269946 0.29823 0.325958 0.352695 0.378044 0.40166 0.423249 0.442583 0.459491 0.473862 0.485631 0.494773 0.501285 0.505177 0.506459 0.505135 0.501197 0.494635 0.485438 0.473608 0.459174 0.442204 0.422814 0.401177 0.377529 0.352164 0.32543 0.297727 0.269488 0.24117 0.213235 0.186134 0.160289 0.136069 0.113783 0.0936553 0.0758266 0.0603465 0.0471793 0.036213 0.0272748 0.0201481 0.0145914 0.010356 0.00720073 0.00490389 0.0032703 0.00213522 0.00136474 0.000853828 0.000522852 0.000313377 0.00018384 0.000105563 5.93344e-05 3.26486e-05 1.75885e-05 9.278e-06 4.79302e-06 2.42552e-06 1.20319e-06 5.86699e-07 2.84953e-07 1.4657e-07 
1.43321e-07 1.68167e-07 3.02608e-07 6.23629e-07 1.30414e-06 2.68763e-06 5.42462e-06 1.07085e-05 2.06673e-05 3.89915e-05 7.19021e-05 0.00012959 0.000228264 0.000392947 0.000661102 0.00108707 0.00174717 0.00274505 0.00421667 0.00633403 0.00930646 0.0133785 0.0188236 0.0259319 0.0349945 0.0462827 0.0600254 0.0763862 0.0954442 0.117179 0.141462 0.168062 0.196647 0.226805 0.258065 0.289915 0.321834 0.353304 0.383838 0.412991 0.440374 0.465659 0.488588 0.508969 0.526677 0.54164 0.553835 0.563269 0.56997 0.573968 0.575284 0.573927 0.569886 0.563136 0.553645 0.541386 0.526354 0.508575 0.488125 0.465133 0.439797 0.412379 0.383209 0.352678 0.321235 0.289366 0.257586 0.226417 0.196365 0.167897 0.141417 0.11725 0.0956212 0.0766521 0.0603586 0.0466594 0.0353905 0.026325 0.0191953 0.0137153 0.00959962 0.00658 0.00441594 0.00290114 0.00186555 0.00117406 0.000723107 0.00043584 0.00025708 0.000148403 8.38443e-05 4.6366e-05 2.50996e-05 1.33023e-05 6.90324e-06 3.50878e-06 1.74802e-06 8.55989e-07 4.17625e-07 2.16013e-07 
2.08889e-07 2.45707e-07 4.40884e-07 9.04625e-07 1.88307e-06 3.8625e-06 7.75828e-06 1.5239e-05 2.92603e-05 5.4911e-05 0.000100707 0.000180486 0.00031608 0.000540897 0.000904482 0.001478 0.00236034 0.00368426 0.00562175 0.00838738 0.0122383 0.0174698 0.0244049 0.0333783 0.0447144 0.0587019 0.0755663 0.0954442 0.118363 0.144226 0.172812 0.20378 0.236689 0.271016 0.306191 0.341622 0.376728 0.410955 0.443805 0.474841 0.503703 0.530105 0.55384 0.57477 0.592826 0.607989 0.620282 0.629751 0.636456 0.640449 0.641764 0.640415 0.636386 0.629637 0.620114 0.60776 0.592527 0.574395 0.553387 0.529577 0.503106 0.474187 0.443109 0.410238 0.376011 0.340932 0.305553 0.270457 0.236231 0.203443 0.172607 0.144158 0.118426 0.0956257 0.075845 0.0590522 0.0451085 0.0337888 0.0248078 0.0178458 0.0125739 0.008675 0.00585915 0.00387334 0.0025059 0.00158644 0.000982742 0.000595663 0.000353272 0.000205012 0.000116422 6.4702e-05 3.5194e-05 1.8739e-05 9.76837e-06 4.98668e-06 2.49478e-06 1.2268e-06 6.01203e-07 3.12671e-07 
2.98954e-07 3.5244e-07 6.30613e-07 1.28837e-06 2.66983e-06 5.45105e-06 1.08972e-05 2.12998e-05 4.06909e-05 7.5964e-05 0.000138568 0.000246963 0.00043003 0.000731571 0.00121594 0.00197463 0.00313342 0.00485915 0.00736522 0.010914 0.015815 0.0224168 0.0310922 0.0422167 0.0561406 0.0731577 0.0934738 0.117179 0.144226 0.174422 0.207432 0.242791 0.279935 0.31823 0.357008 0.395606 0.433399 0.469816 0.504369 0.536655 0.566362 0.593266 0.617227 0.638179 0.656114 0.671076 0.683136 0.692384 0.69891 0.702789 0.704069 0.702766 0.698862 0.692302 0.683009 0.670894 0.655867 0.637857 0.616824 0.592778 0.56579 0.536006 0.503654 0.469049 0.432602 0.394805 0.356231 0.317509 0.279302 0.242273 0.207051 0.174191 0.144149 0.117248 0.0936712 0.0734577 0.0565129 0.0426296 0.0315158 0.0228259 0.0161904 0.0112433 0.00764243 0.00508383 0.00330908 0.00210735 0.00131296 0.000800272 0.000477197 0.000278385 0.000158894 8.874e-05 4.84987e-05 2.59415e-05 1.35828e-05 6.96358e-06 3.49826e-06 1.72732e-06 8.50185e-07 4.44524e-07 
4.20141e-07 4.96326e-07 8.85578e-07 1.80171e-06 3.71723e-06 7.55548e-06 1.50342e-05 2.92456e-05 5.55942e-05 0.000103256 0.000187356 0.000332095 0.000575014 0.000972546 0.00160681 0.00259339 0.00408936 0.00630065 0.00948705 0.0139633 0.0200943 0.0282826 0.0389487 0.0525021 0.069308 0.0896497 0.113694 0.141462 0.172812 0.207432 0.244855 0.284484 0.325624 0.36753 0.409451 0.450668 0.490527 0.528469 0.564036 0.596882 0.626766 0.653542 0.677153 0.697609 0.714976 0.729358 0.74088 0.749672 0.755854 0.759521 0.760734 0.759513 0.755833 0.749631 0.740808 0.729243 0.714804 0.697368 0.676833 0.653134 0.626264 0.596286 0.56335 0.527701 0.489696 0.449796 0.408569 0.366672 0.324828 0.283787 0.244291 0.207024 0.172574 0.141395 0.113784 0.089875 0.069637 0.0528999 0.0393801 0.0287162 0.0205046 0.0143324 0.00980446 0.00656266 0.00429757 0.00275299 0.00172502 0.00105726 0.00063382 0.000371673 0.000213203 0.000119647 6.56953e-05 3.52979e-05 1.85619e-05 9.55601e-06 4.82006e-06 2.38953e-06 1.18113e-06 6.20765e-07 
5.79829e-07 6.8625e-07 1.22108e-06 2.4742e-06 5.083e-06 1.02865e-05 2.03765e-05 3.94534e-05 7.46373e-05 0.000137933 0.000248987 0.000438984 0.0007559 0.00127121 0.00208795 0.00334958 0.00524896 0.00803573 0.0120205 0.0175739 0.0251175 0.0351067 0.0480041 0.064244 0.0841918 0.108102 0.136082 0.168062 0.20378 0.242791 0.284484 0.328118 0.372874 0.417905 0.462389 0.505572 0.546802 0.585549 0.621414 0.654127 0.683536 0.709588 0.732315 0.751811 0.768216 0.781695 0.792421 0.800562 0.806264 0.809639 0.810759 0.809646 0.806274 0.800568 0.792411 0.781657 0.768135 0.751673 0.732104 0.709291 0.683142 0.653627 0.620804 0.584831 0.545986 0.504677 0.461443 0.416945 0.371941 0.327258 0.283741 0.242201 0.203368 0.167838 0.136044 0.10823 0.0844558 0.0646077 0.0484282 0.0355538 0.0255557 0.0179792 0.0123771 0.00833579 0.00549144 0.00353824 0.00222957 0.00137395 0.000828014 0.00048802 0.000281318 0.000158619 8.74906e-05 4.72146e-05 2.49332e-05 1.28883e-05 6.52646e-06 3.24806e-06 1.61212e-06 8.51535e-07 
7.85841e-07 9.31642e-07 1.65324e-06 3.33675e-06 6.82692e-06 1.37576e-05 2.7134e-05 5.23011e-05 9.8481e-05 0.000181118 0.000325303 0.000570559 0.00097719 0.00163424 0.00266884 0.00425618 0.00662905 0.010085 0.0149891 0.0217696 0.0309048 0.0428989 0.0582487 0.0774006 0.100704 0.128364 0.160406 0.196647 0.236689 0.279935 0.325624 0.372874 0.420748 0.468314 0.5147 0.559142 0.601015 0.639845 0.675313 0.707245 0.735589 0.760394 0.781786 0.799942 0.815073 0.827398 0.837135 0.844481 0.849605 0.852631 0.853639 0.852653 0.849645 0.844533 0.837188 0.827439 0.815088 0.799916 0.7817 0.760231 0.735331 0.706876 0.674821 0.639222 0.600263 0.558274 0.513738 0.467294 0.419714 0.371878 0.324718 0.279168 0.236098 0.196255 0.160221 0.128373 0.100882 0.0777109 0.058649 0.0433468 0.031362 0.0222057 0.0153822 0.0104227 0.00690671 0.00447555 0.00283578 0.00175684 0.00106422 0.000630349 0.000365099 0.000206805 0.000114574 6.20929e-05 3.29241e-05 1.70858e-05 8.68495e-06 4.33854e-06 2.16195e-06 1.14747e-06 
1.04595e-06 1.2419e-06 2.19803e-06 4.4196e-06 9.00684e-06 1.80772e-05 3.55049e-05 6.81401e-05 0.000127729 0.000233814 0.000417919 0.000729327 0.00124262 0.00206697 0.00335674 0.00532246 0.00824067 0.0124603 0.0184032 0.0265559 0.0374507 0.0516349 0.0696289 0.0918763 0.118691 0.150211 0.186354 0.226805 0.271016 0.31823 0.36753 0.417905 0.468314 0.517759 0.565347 0.610331 0.652137 0.690371 0.724816 0.755403 0.782191 0.805332 0.825043 0.841583 0.855221 0.866228 0.874854 0.881321 0.885809 0.888455 0.889339 0.888489 0.885876 0.881413 0.874964 0.866344 0.85533 0.841667 0.825085 0.80531 0.782083 0.755186 0.72447 0.68988 0.651492 0.609536 0.564419 0.516727 0.467222 0.416808 0.366488 0.317301 0.270252 0.226242 0.18601 0.150085 0.118765 0.0921146 0.0699886 0.0520696 0.0379166 0.0270156 0.0188288 0.0128338 0.00855348 0.00557353 0.00355047 0.00221103 0.00134603 0.000801105 0.000466147 0.000265216 0.000147561 8.0298e-05 4.27448e-05 2.22661e-05 1.13595e-05 5.69511e-06 2.8488e-06 1.519e-06 
1.36726e-06 1.62559e-06 2.86986e-06 5.74971e-06 1.16735e-05 2.33391e-05 4.56568e-05 8.72609e-05 0.000162868 0.000296806 0.000528052 0.000917087 0.00155472 0.00257272 0.00415566 0.00655267 0.0100872 0.0151621 0.0222572 0.0319162 0.0447211 0.0612538 0.0820459 0.107522 0.137942 0.173352 0.213548 0.258065 0.306191 0.357008 0.409451 0.462389 0.5147 0.565347 0.613442 0.658282 0.699371 0.736415 0.769309 0.798102 0.822963 0.844144 0.86195 0.876706 0.888735 0.898345 0.90581 0.911367 0.915204 0.91746 0.918218 0.917505 0.915292 0.911493 0.905967 0.898524 0.888925 0.87689 0.862111 0.844259 0.823006 0.798047 0.769127 0.736082 0.698867 0.657602 0.612591 0.564349 0.513594 0.461232 0.408306 0.355942 0.305267 0.257334 0.213042 0.173082 0.137897 0.107672 0.0823487 0.061661 0.045184 0.0323913 0.02271 0.0155687 0.0104342 0.00683568 0.00437714 0.00273948 0.00167578 0.00100198 0.000585622 0.000334613 0.000186934 0.000102123 5.45675e-05 2.85275e-05 1.46048e-05 7.34736e-06 3.68871e-06 1.97549e-06 
1.75538e-06 2.08956e-06 3.68001e-06 7.34765e-06 1.48646e-05 2.96104e-05 5.77058e-05 0.000109856 0.000204202 0.00037055 0.000656336 0.00113465 0.00191436 0.00315216 0.00506546 0.00794473 0.0121628 0.0181779 0.0265277 0.0378101 0.0526509 0.0716566 0.0953563 0.124139 0.15819 0.197447 0.241564 0.289915 0.341622 0.395606 0.450668 0.505572 0.559142 0.610331 0.658282 0.702364 0.742178 0.777548 0.808488 0.835166 0.857858 0.876911 0.892702 0.905614 0.91601 0.924223 0.930542 0.935209 0.938413 0.940291 0.940925 0.940342 0.938514 0.935357 0.930733 0.924449 0.916263 0.90588 0.892965 0.877149 0.858044 0.835268 0.808474 0.777384 0.741838 0.701828 0.657546 0.609409 0.558068 0.504396 0.449456 0.394433 0.34056 0.289028 0.240897 0.197025 0.158014 0.124185 0.0955873 0.0720223 0.0530989 0.0382913 0.0270011 0.0186136 0.012542 0.0082592 0.00531508 0.00334248 0.00205408 0.0012336 0.000724062 0.000415399 0.000232971 0.000127749 6.85049e-05 3.59369e-05 1.84591e-05 9.31686e-06 4.69372e-06 2.52417e-06 
