2.97509e-12 3.08695e-12 4.90412e-12 9.33693e-12 1.84861e-11 3.64775e-11 7.09958e-11 1.35963e-10 2.56065e-10 4.74207e-10 8.63518e-10 1.54622e-09 2.72263e-09 4.71462e-09 8.02928e-09 1.34497e-08 2.21612e-08 3.59222e-08 5.7288e-08 8.98967e-08 1.3882e-07 2.10977e-07 3.15606e-07 4.64757e-07 6.73789e-07 9.61796e-07 1.3519e-06 1.87131e-06 2.55107e-06 3.42539e-06 4.53045e-06 5.90265e-06 7.57637e-06 9.58116e-06 1.19387e-05 1.46594e-05 1.77398e-05 2.11599e-05 2.48813e-05 2.88472e-05 3.29832e-05 3.71991e-05 4.13929e-05 4.54552e-05 4.92739e-05 5.27395e-05 5.57504e-05 5.82168e-05 6.00647e-05 6.12385e-05 6.17029e-05 6.14439e-05 6.04697e-05 5.881e-05 5.65152e-05 5.36549e-05 5.03149e-05 4.65943e-05 4.26007e-05 3.84458e-05 3.42397e-05 3.00863e-05 2.60783e-05 2.22941e-05 1.87945e-05 1.56225e-05 1.28026e-05 1.03428e-05 8.23636e-06 6.46488e-06 5.00139e-06 3.81332e-06 2.86535e-06 2.12173e-06 1.54818e-06 1.11313e-06 7.88569e-07 5.50393e-07 3.78457e-07 2.56354e-07 1.71045e-07 1.12407e-07 7.27534e-08 4.63724e-08 2.91058e-08 1.7988e-08 1.09456e-08 6.5573e-09 3.86741e-09 2.24546e-09 1.28342e-09 7.22104e-10 3.99943e-10 2.18055e-10 1.17037e-10 6.18505e-11 3.22041e-11 1.65669e-11 8.52163e-12 4.60513e-12 
3.08695e-12 3.2078e-12 5.13112e-12 9.83743e-12 1.95961e-11 3.88835e-11 7.60769e-11 1.46426e-10 2.77096e-10 5.15512e-10 9.42847e-10 1.69531e-09 2.99694e-09 5.20904e-09 8.90257e-09 1.49619e-08 2.47294e-08 4.02011e-08 6.42845e-08 1.01127e-07 1.56522e-07 2.38385e-07 3.57298e-07 5.27085e-07 7.65382e-07 1.09414e-06 1.53994e-06 2.13412e-06 2.91243e-06 3.91429e-06 5.18139e-06 6.75571e-06 8.67687e-06 1.0979e-05 1.36869e-05 1.68128e-05 2.03526e-05 2.42829e-05 2.85597e-05 3.31173e-05 3.78698e-05 4.27135e-05 4.75309e-05 5.2196e-05 5.65801e-05 6.05576e-05 6.40119e-05 6.68402e-05 6.8958e-05 7.03017e-05 7.0831e-05 7.05302e-05 6.94085e-05 6.75001e-05 6.48628e-05 6.15762e-05 5.77389e-05 5.34644e-05 4.88762e-05 4.41027e-05 3.92706e-05 3.44992e-05 2.98953e-05 2.5549e-05 2.15305e-05 1.78889e-05 1.46527e-05 1.18307e-05 9.41513e-06 7.38478e-06 5.70842e-06 4.34847e-06 3.26418e-06 2.41438e-06 1.75956e-06 1.2634e-06 8.93702e-07 6.22763e-07 4.27465e-07 2.88995e-07 1.92423e-07 1.26172e-07 8.14658e-08 5.1791e-08 3.24166e-08 1.99748e-08 1.21163e-08 7.23447e-09 4.25175e-09 2.45944e-09 1.40023e-09 7.84602e-10 4.32697e-10 2.3486e-10 1.25471e-10 6.59866e-11 3.41843e-11 1.74919e-11 8.94532e-12 4.80344e-12 
4.90412e-12 5.13112e-12 8.25114e-12 1.58567e-11 3.16202e-11 6.27777e-11 1.22864e-10 2.36501e-10 4.47514e-10 8.32332e-10 1.5216e-09 2.73421e-09 4.82956e-09 8.38601e-09 1.43155e-08 2.40271e-08 3.96535e-08 6.43566e-08 1.02728e-07 1.61294e-07 2.4914e-07 3.78633e-07 5.66242e-07 8.33396e-07 1.20732e-06 1.72174e-06 2.41737e-06 3.34191e-06 4.54956e-06 6.09975e-06 8.055e-06 1.04778e-05 1.34267e-05 1.69512e-05 2.10869e-05 2.58497e-05 3.12306e-05 3.71923e-05 4.36659e-05 5.05508e-05 5.77166e-05 6.50067e-05 7.22449e-05 7.9243e-05 8.58095e-05 9.17583e-05 9.69172e-05 0.000101135 0.000104287 0.000106281 0.000107057 0.000106594 0.000104904 0.00010204 9.80849e-05 9.31576e-05 8.74032e-05 8.099e-05 7.41012e-05 6.69275e-05 5.96577e-05 5.24707e-05 4.55267e-05 3.89615e-05 3.28819e-05 2.73633e-05 2.24502e-05 1.8158e-05 1.44767e-05 1.13761e-05 8.81059e-06 6.72477e-06 5.05801e-06 3.74871e-06 2.73748e-06 1.9695e-06 1.39591e-06 9.74587e-07 6.70201e-07 4.5391e-07 3.02741e-07 1.98825e-07 1.28565e-07 8.18444e-08 5.12897e-08 3.16381e-08 1.92087e-08 1.1478e-08 6.74971e-09 3.90608e-09 2.22443e-09 1.24655e-09 6.87399e-10 3.73012e-10 1.99192e-10 1.04695e-10 5.41962e-11 2.77073e-11 1.41576e-11 7.6024e-12 
9.33693e-12 9.83743e-12 1.58567e-11 3.04445e-11 6.05927e-11 1.20032e-10 2.34368e-10 4.5003e-10 8.49385e-10 1.57558e-09 2.87239e-09 5.14669e-09 9.06385e-09 1.56901e-08 2.66993e-08 4.46658e-08 7.34674e-08 1.18826e-07 1.89006e-07 2.95697e-07 4.5508e-07 6.89063e-07 1.02665e-06 1.50538e-06 2.17263e-06 3.0868e-06 4.31787e-06 5.94739e-06 8.06737e-06 1.0778e-05 1.41837e-05 1.83882e-05 2.34871e-05 2.95602e-05 3.66628e-05 4.48161e-05 5.39999e-05 6.41454e-05 7.51322e-05 8.67871e-05 9.88881e-05 0.000111171 0.000123342 0.000135085 0.000146084 0.000156032 0.000164644 0.000171673 0.000176915 0.00018022 0.000181491 0.000180693 0.000177849 0.000173043 0.000166413 0.000158155 0.000148506 0.000137745 0.000126174 0.00011411 0.000101867 8.97427e-05 7.80072e-05 6.68897e-05 5.6572e-05 4.71844e-05 3.88058e-05 3.14665e-05 2.51541e-05 1.98218e-05 1.53961e-05 1.17863e-05 8.89225e-06 6.61109e-06 4.84311e-06 3.49563e-06 2.48562e-06 1.74103e-06 1.20115e-06 8.16127e-07 5.4606e-07 3.59748e-07 2.33337e-07 1.48989e-07 9.36408e-08 5.79266e-08 3.52662e-08 2.11289e-08 1.24568e-08 7.22649e-09 4.12501e-09 2.31681e-09 1.28032e-09 6.96178e-10 3.72487e-10 1.96141e-10 1.01714e-10 5.20932e-11 2.66741e-11 1.43722e-11 
1.84861e-11 1.95961e-11 3.16202e-11 6.05927e-11 1.20269e-10 2.37562e-10 4.62471e-10 8.85332e-10 1.66577e-09 3.08011e-09 5.59698e-09 9.99512e-09 1.75425e-08 3.02613e-08 5.13114e-08 8.55284e-08 1.40159e-07 2.2584e-07 3.57854e-07 5.57695e-07 8.54943e-07 1.28942e-06 1.91355e-06 2.79471e-06 4.01752e-06 5.68551e-06 7.922e-06 1.08697e-05 1.46886e-05 1.95513e-05 2.56367e-05 3.312e-05 4.21613e-05 5.28912e-05 6.53964e-05 7.97044e-05 9.57699e-05 0.000113465 0.000132574 0.000152791 0.000173731 0.000194937 0.000215904 0.000236096 0.000254973 0.000272017 0.000286748 0.000298752 0.000307688 0.000313304 0.00031544 0.000314037 0.000309136 0.000300877 0.000289496 0.000275318 0.000258745 0.000240247 0.000220335 0.000199547 0.000178418 0.000157458 0.00013713 0.000117832 9.98812e-05 8.35077e-05 6.88551e-05 5.59835e-05 4.48801e-05 3.5471e-05 2.76361e-05 2.12239e-05 1.60648e-05 1.19836e-05 8.80875e-06 6.37987e-06 4.55229e-06 3.19977e-06 2.21527e-06 1.51043e-06 1.01411e-06 6.704e-07 4.36305e-07 2.79517e-07 1.76255e-07 1.09383e-07 6.68028e-08 4.01463e-08 2.37397e-08 1.38122e-08 7.90669e-09 4.45309e-09 2.46751e-09 1.34523e-09 7.21595e-10 3.80916e-10 1.98017e-10 1.01669e-10 5.22086e-11 2.82476e-11 
3.64775e-11 3.88835e-11 6.27777e-11 1.20032e-10 2.37562e-10 4.6782e-10 9.079e-10 1.73255e-09 3.24932e-09 5.98843e-09 1.08453e-08 1.93013e-08 3.37575e-08 5.80256e-08 9.80321e-08 1.62801e-07 2.65788e-07 4.26635e-07 6.73409e-07 1.04536e-06 1.59621e-06 2.39781e-06 3.54421e-06 5.15556e-06 7.38172e-06 1.04049e-05 1.44408e-05 1.9737e-05 2.65692e-05 3.52327e-05 4.60304e-05 5.92562e-05 7.51744e-05 9.39963e-05 0.000115855 0.000140781 0.00016868 0.000199316 0.000232305 0.000267115 0.000303079 0.000339417 0.000375267 0.000409725 0.000441881 0.000470864 0.000495876 0.000516225 0.000531345 0.000540819 0.000544384 0.000541945 0.00053357 0.000519492 0.000500105 0.000475951 0.000447704 0.000416146 0.000382139 0.000346586 0.000310392 0.000274423 0.000239469 0.000206211 0.000175201 0.000146844 0.000121396 9.89772e-05 7.95779e-05 6.30856e-05 4.93062e-05 3.79893e-05 2.8851e-05 2.15951e-05 1.5929e-05 1.15774e-05 8.29029e-06 5.84797e-06 4.06312e-06 2.7802e-06 1.87325e-06 1.24268e-06 8.11554e-07 5.21693e-07 3.30068e-07 2.05514e-07 1.25918e-07 7.59119e-08 4.50279e-08 2.62774e-08 1.50867e-08 8.52144e-09 4.73515e-09 2.5886e-09 1.39229e-09 7.369e-10 3.84073e-10 1.97723e-10 1.01844e-10 5.53402e-11 
7.09958e-11 7.60769e-11 1.22864e-10 2.34368e-10 4.62471e-10 9.079e-10 1.7564e-09 3.34095e-09 6.24529e-09 1.14715e-08 2.07046e-08 3.672e-08 6.39953e-08 1.09605e-07 1.84493e-07 3.05243e-07 4.96445e-07 7.93804e-07 1.24806e-06 1.92974e-06 2.93482e-06 4.3909e-06 6.46391e-06 9.36449e-06 1.33537e-05 1.87467e-05 2.59139e-05 3.52778e-05 4.73047e-05 6.24902e-05 8.13374e-05 0.000104329 0.000131893 0.000164362 0.000201934 0.000244629 0.00029226 0.000344402 0.000400384 0.000459295 0.000520004 0.000581198 0.000641439 0.000699223 0.000753048 0.00080148 0.00084321 0.000877105 0.000902247 0.000917955 0.000923807 0.000919648 0.000905591 0.000882021 0.000849579 0.000809152 0.000761846 0.000708947 0.000651872 0.000592115 0.000531178 0.000470504 0.000411419 0.000355072 0.0003024 0.000254105 0.000210642 0.000172234 0.000138893 0.000110453 8.66077e-05 6.69526e-05 5.10219e-05 3.83238e-05 2.83692e-05 2.06934e-05 1.48718e-05 1.05287e-05 7.34188e-06 5.0419e-06 3.40937e-06 2.26978e-06 1.48754e-06 9.59552e-07 6.09167e-07 3.80562e-07 2.33936e-07 1.41486e-07 8.41884e-08 4.9282e-08 2.83797e-08 1.60769e-08 8.95928e-09 4.91162e-09 2.64902e-09 1.40584e-09 7.34692e-10 3.79263e-10 1.95963e-10 1.06948e-10 
1.35963e-10 1.46426e-10 2.36501e-10 4.5003e-10 8.85332e-10 1.73255e-09 3.34095e-09 6.33422e-09 1.18012e-08 2.16032e-08 3.88563e-08 6.86697e-08 1.19247e-07 2.03488e-07 3.41249e-07 5.62454e-07 9.11247e-07 1.45136e-06 2.27284e-06 3.50013e-06 5.30149e-06 7.89927e-06 1.15807e-05 1.6708e-05 2.37268e-05 3.31718e-05 4.56663e-05 6.1916e-05 8.26931e-05 0.000108811 0.000141088 0.000180297 0.000227113 0.000282044 0.00034537 0.000417073 0.000496793 0.000583783 0.000676897 0.000774604 0.000875026 0.000976003 0.00107518 0.00117012 0.00125838 0.00133766 0.00140586 0.00146117 0.00150213 0.00152764 0.00153705 0.00153012 0.00150702 0.00146837 0.0014152 0.00134893 0.00127132 0.00118446 0.00109061 0.000992198 0.000891664 0.000791364 0.000693471 0.000599889 0.000512181 0.000431532 0.000358735 0.000294199 0.000237988 0.000189872 0.000149381 0.00011588 8.86202e-05 6.68053e-05 4.96338e-05 3.63385e-05 2.62126e-05 1.86269e-05 1.30373e-05 8.98628e-06 6.09892e-06 4.07512e-06 2.68027e-06 1.73505e-06 1.10532e-06 6.92876e-07 4.27343e-07 2.59308e-07 1.5479e-07 9.08952e-08 5.2504e-08 2.98325e-08 1.66737e-08 9.16708e-09 4.95806e-09 2.63853e-09 1.38267e-09 7.15772e-10 3.71019e-10 2.03384e-10 
2.56065e-10 2.77096e-10 4.47514e-10 8.49385e-10 1.66577e-09 3.24932e-09 6.24529e-09 1.18012e-08 2.19122e-08 3.99739e-08 7.16458e-08 1.26164e-07 2.1829e-07 3.71114e-07 6.20003e-07 1.01797e-06 1.64279e-06 2.60609e-06 4.06468e-06 6.23394e-06 9.4032e-06 1.39524e-05 2.03688e-05 2.92629e-05 4.13805e-05 5.76089e-05 7.89755e-05 0.000106633 0.000141833 0.000185879 0.000240068 0.000305611 0.000383539 0.000474605 0.000579178 0.000697145 0.000827836 0.000969966 0.00112162 0.00128029 0.00144292 0.00160602 0.00176585 0.00191851 0.00206016 0.00218717 0.00229625 0.00238456 0.00244984 0.0024904 0.00250522 0.00249392 0.00245679 0.0023948 0.00230954 0.00220323 0.00207866 0.00193905 0.00178802 0.00162938 0.001467 0.00130466 0.00114585 0.000993633 0.000850578 0.000718644 0.000599175 0.00049291 0.000400027 0.000320225 0.000252815 0.000196819 0.000151071 0.000114307 8.52467e-05 6.26495e-05 4.53649e-05 3.23601e-05 2.27358e-05 1.57307e-05 1.07165e-05 7.18702e-06 4.74435e-06 3.08229e-06 1.97054e-06 1.23954e-06 7.67117e-07 4.67035e-07 2.79702e-07 1.64771e-07 9.54749e-08 5.44146e-08 3.05042e-08 1.68202e-08 9.12344e-09 4.86895e-09 2.55864e-09 1.32835e-09 6.90801e-10 3.80383e-10 
4.74207e-10 5.15512e-10 8.32332e-10 1.57558e-09 3.08011e-09 5.98843e-09 1.14715e-08 2.16032e-08 3.99739e-08 7.26673e-08 1.29777e-07 2.27698e-07 3.92502e-07 6.64773e-07 1.10634e-06 1.80936e-06 2.9083e-06 4.59503e-06 7.13738e-06 1.09009e-05 1.63736e-05 2.41916e-05 3.51655e-05 5.0303e-05 7.08259e-05 9.81769e-05 0.000134012 0.000180173 0.00023864 0.000311456 0.000400627 0.000507994 0.000635092 0.000782989 0.000952132 0.0011422 0.00135199 0.00157934 0.00182114 0.00207333 0.00233107 0.00258888 0.00284089 0.00308106 0.00330346 0.0035025 0.00367314 0.00381108 0.00391286 0.00397594 0.00399877 0.00398078 0.00392243 0.00382518 0.00369148 0.00352469 0.00332907 0.00310959 0.00287178 0.00262155 0.00236492 0.00210775 0.00185554 0.00161315 0.00138468 0.00117331 0.000981268 0.000809848 0.00065946 0.000529753 0.000419747 0.000327989 0.000252705 0.000191944 0.000143703 0.000106024 7.70748e-05 5.51956e-05 3.89315e-05 2.7041e-05 1.84924e-05 1.24491e-05 8.24875e-06 5.37876e-06 3.45113e-06 2.1786e-06 1.35296e-06 8.26512e-07 4.96641e-07 2.93524e-07 1.70623e-07 9.75487e-08 5.48521e-08 3.03365e-08 1.65032e-08 8.83282e-09 4.65497e-09 2.42381e-09 1.26471e-09 6.99579e-10 
8.63518e-10 9.42847e-10 1.5216e-09 2.87239e-09 5.59698e-09 1.08453e-08 2.07046e-08 3.88563e-08 7.16458e-08 1.29777e-07 2.30926e-07 4.03665e-07 6.93208e-07 1.16956e-06 1.93881e-06 3.15823e-06 5.05588e-06 7.9553e-06 1.23052e-05 1.87142e-05 2.79889e-05 4.11738e-05 5.95896e-05 8.4866e-05 0.000118963 0.000164176 0.000223115 0.000298659 0.000393868 0.000511865 0.00065567 0.000828011 0.00103109 0.00126637 0.00153431 0.00183417 0.00216387 0.00251987 0.00289718 0.00328944 0.00368913 0.00408782 0.00447654 0.00484613 0.00518765 0.00549271 0.00575379 0.00596449 0.00611968 0.00621562 0.00625002 0.00622206 0.00613242 0.00598328 0.00577826 0.00552238 0.00522197 0.00488448 0.00451822 0.00413209 0.00373523 0.00333658 0.00294458 0.00256677 0.00220953 0.00187794 0.00157561 0.00130474 0.00106618 0.000859589 0.000683641 0.000536245 0.000414776 0.000316298 0.000237752 0.000176121 0.000128549 9.2429e-05 6.5455e-05 4.56445e-05 3.13374e-05 2.11782e-05 1.40863e-05 9.21978e-06 5.93745e-06 3.76171e-06 2.3444e-06 1.43716e-06 8.6651e-07 5.13831e-07 2.99661e-07 1.7187e-07 9.69456e-08 5.37812e-08 2.93452e-08 1.57525e-08 8.32612e-09 4.34844e-09 2.27673e-09 1.26521e-09 
1.54622e-09 1.69531e-09 2.73421e-09 5.14669e-09 9.99512e-09 1.93013e-08 3.672e-08 6.86697e-08 1.26164e-07 2.27698e-07 4.03665e-07 7.0296e-07 1.20255e-06 2.02099e-06 3.33692e-06 5.41368e-06 8.6309e-06 1.35237e-05 2.08296e-05 3.1542e-05 4.69682e-05 6.87888e-05 9.91126e-05 0.000140521 0.000196091 0.000269397 0.000364464 0.000485686 0.000637681 0.000825102 0.00105238 0.00132344 0.00164133 0.00200793 0.00242358 0.00288679 0.00339403 0.00393965 0.00451584 0.00511285 0.00571925 0.00632238 0.00690885 0.00746511 0.00797797 0.00843518 0.00882577 0.00914045 0.00937183 0.00951451 0.0095652 0.00952276 0.00938818 0.0091646 0.00885726 0.00847346 0.00802237 0.00751488 0.00696318 0.00638038 0.00577999 0.00517535 0.00457912 0.00400271 0.00345592 0.00294659 0.00248048 0.00206124 0.0016905 0.00136808 0.00109227 0.000860169 0.000668013 0.000511494 0.000386062 0.000287171 0.000210472 0.000151958 0.000108053 7.56565e-05 5.21511e-05 3.53841e-05 2.3627e-05 1.55237e-05 1.00347e-05 6.38107e-06 3.99126e-06 2.45539e-06 1.48558e-06 8.83931e-07 5.17218e-07 2.97617e-07 1.68413e-07 9.37209e-08 5.12953e-08 2.76187e-08 1.46419e-08 7.67061e-09 4.03018e-09 2.25014e-09 
2.72263e-09 2.99694e-09 4.82956e-09 9.06385e-09 1.75425e-08 3.37575e-08 6.39953e-08 1.19247e-07 2.1829e-07 3.92502e-07 6.93208e-07 1.20255e-06 2.04916e-06 3.4301e-06 5.64067e-06 9.11355e-06 1.44687e-05 2.25746e-05 3.462e-05 5.21948e-05 7.73766e-05 0.000112815 0.00016181 0.000228363 0.000317208 0.000433786 0.000584164 0.000774895 0.00101278 0.00130458 0.00165661 0.00207432 0.0025618 0.00312129 0.00375272 0.00445329 0.00521723 0.00603567 0.00689672 0.00778573 0.00868575 0.0095782 0.0104436 0.0112623 0.0120154 0.0126853 0.0132566 0.0137161 0.0140534 0.0142608 0.0143339 0.014271 0.0140736 0.013746 0.0132956 0.0127329 0.0120707 0.0113245 0.0105118 0.00965147 0.00876298 0.00786578 0.0069784 0.00611776 0.00529849 0.00453253 0.00382882 0.00319327 0.00262882 0.00213574 0.00171201 0.00135375 0.00105571 0.000811754 0.00061529 0.000459628 0.0003383 0.000245282 0.000175146 0.000123143 8.52331e-05 5.80642e-05 3.89255e-05 2.56754e-05 1.66608e-05 1.06345e-05 6.67627e-06 4.12206e-06 2.50281e-06 1.49437e-06 8.77382e-07 5.06547e-07 2.87577e-07 1.60548e-07 8.81475e-08 4.76077e-08 2.53168e-08 1.33049e-08 7.01546e-09 3.93551e-09 
4.71462e-09 5.20904e-09 8.38601e-09 1.56901e-08 3.02613e-08 5.80256e-08 1.09605e-07 2.03488e-07 3.71114e-07 6.64773e-07 1.16956e-06 2.02099e-06 3.4301e-06 5.71847e-06 9.36512e-06 1.50678e-05 2.38201e-05 3.70043e-05 5.64999e-05 8.48026e-05 0.000125149 0.000181633 0.000259311 0.000364264 0.000503611 0.000685456 0.000918743 0.00121301 0.00157802 0.00202334 0.0025577 0.00318845 0.00392078 0.00475712 0.00569645 0.00673383 0.00786007 0.00906161 0.0103207 0.0116159 0.0129226 0.0142142 0.0154629 0.0166411 0.0177223 0.0186821 0.019499 0.0201548 0.0206353 0.0209302 0.0210333 0.0209423 0.0206592 0.0201902 0.0195453 0.0187386 0.0177883 0.0167157 0.0155452 0.0143031 0.013017 0.0117146 0.0104224 0.00916479 0.00796325 0.00683549 0.00579512 0.00485143 0.00400953 0.00327065 0.00263261 0.0020905 0.00163725 0.00126437 0.000962538 0.000722164 0.000533849 0.00038874 0.000278776 0.000196837 0.000136811 9.35862e-05 6.2994e-05 4.1717e-05 2.71763e-05 1.74131e-05 1.09731e-05 6.80004e-06 4.14377e-06 2.48292e-06 1.46286e-06 8.47443e-07 4.82717e-07 2.70374e-07 1.48924e-07 8.06872e-08 4.30427e-08 2.26937e-08 1.20098e-08 6.76963e-09 
8.02928e-09 8.90257e-09 1.43155e-08 2.66993e-08 5.13114e-08 9.80321e-08 1.84493e-07 3.41249e-07 6.20003e-07 1.10634e-06 1.93881e-06 3.33692e-06 5.64067e-06 9.36512e-06 1.52731e-05 2.44689e-05 3.85146e-05 5.95693e-05 9.05473e-05 0.00013529 0.00019874 0.000287098 0.000407954 0.000570349 0.00078477 0.00106302 0.00141797 0.00186317 0.00241231 0.0030785 0.0038735 0.00480677 0.0058846 0.00710911 0.00847753 0.00998151 0.0116068 0.0133332 0.0151348 0.0169808 0.0188365 0.0206645 0.0224265 0.0240844 0.025602 0.0269461 0.0280877 0.0290027 0.0296719 0.0300817 0.0302237 0.0300952 0.0296988 0.0290426 0.02814 0.0270101 0.0256771 0.0241698 0.0225213 0.0207678 0.0189471 0.0170976 0.0152564 0.013458 0.0117332 0.0101075 0.00860132 0.00722886 0.00599863 0.00491362 0.003972 0.00316781 0.00249194 0.00193297 0.00147811 0.00111394 0.000827134 0.000604973 0.000435746 0.000309005 0.000215692 0.000148167 0.000100146 6.65908e-05 4.35536e-05 2.80163e-05 1.77227e-05 1.10242e-05 6.74268e-06 4.05481e-06 2.39745e-06 1.39369e-06 7.9658e-07 4.47664e-07 2.47387e-07 1.34468e-07 7.19631e-08 3.80671e-08 2.02206e-08 1.14534e-08 
1.34497e-08 1.49619e-08 2.40271e-08 4.46658e-08 8.55284e-08 1.62801e-07 3.05243e-07 5.62454e-07 1.01797e-06 1.80936e-06 3.15823e-06 5.41368e-06 9.11355e-06 1.50678e-05 2.44689e-05 3.90319e-05 6.11672e-05 9.41829e-05 0.000142512 0.000211953 0.000309903 0.000445569 0.000630107 0.000876686 0.00120041 0.00161809 0.00214782 0.0028084 0.00361845 0.00459549 0.00575476 0.00710799 0.00866217 0.0104183 0.0123707 0.0145056 0.0168015 0.0192291 0.0217515 0.0243255 0.0269032 0.0294337 0.0318648 0.0341455 0.0362277 0.0380676 0.0396272 0.0408747 0.0417856 0.0423421 0.0425335 0.0423564 0.0418141 0.0409171 0.0396829 0.0381361 0.0363084 0.0342379 0.0319682 0.0295475 0.0270266 0.0244575 0.0218907 0.0193741 0.0169503 0.014656 0.0125206 0.0105654 0.00880409 0.00724274 0.00588058 0.004711 0.00372268 0.00290084 0.00222838 0.00168705 0.0012584 0.000924568 0.000668926 0.000476462 0.000334032 0.000230445 0.000156417 0.000104439 6.85865e-05 4.42954e-05 2.81306e-05 1.75656e-05 1.07841e-05 6.50914e-06 3.86255e-06 2.25337e-06 1.29243e-06 7.28806e-07 4.04102e-07 2.20377e-07 1.18326e-07 6.28035e-08 3.34869e-08 1.9061e-08 
2.21612e-08 2.47294e-08 3.96535e-08 7.34674e-08 1.40159e-07 2.65788e-07 4.96445e-07 9.11247e-07 1.64279e-06 2.9083e-06 5.05588e-06 8.6309e-06 1.44687e-05 2.38201e-05 3.85146e-05 6.11672e-05 9.54275e-05 0.000146269 0.000220306 0.000326121 0.000474572 0.000679047 0.000955618 0.00132306 0.00180265 0.00241779 0.00319334 0.00415466 0.00532645 0.00673138 0.00838846 0.0103115 0.0125073 0.0149747 0.0177026 0.02067 0.0238452 0.0271862 0.0306419 0.0341532 0.0376555 0.0410809 0.0443607 0.0474281 0.0502209 0.0526826 0.0547647 0.0564271 0.0576387 0.0583773 0.0586297 0.0583915 0.0576668 0.0564689 0.0548198 0.0527506 0.0503016 0.0475214 0.0444662 0.0411986 0.0377851 0.0342941 0.0307931 0.0273465 0.0240126 0.0208424 0.0178773 0.0151488 0.0126781 0.0104761 0.00854438 0.00687653 0.0054592 0.00427391 0.00329855 0.00250894 0.00188017 0.00138778 0.00100865 0.000721682 0.0005082 0.000352138 0.000240047 0.000160956 0.000106141 6.88292e-05 4.3886e-05 2.75112e-05 1.6955e-05 1.02725e-05 6.11826e-06 3.58228e-06 2.06193e-06 1.16679e-06 6.49167e-07 3.55216e-07 1.91364e-07 1.01919e-07 5.45533e-08 3.12063e-08 
3.59222e-08 4.02011e-08 6.43566e-08 1.18826e-07 2.2584e-07 4.26635e-07 7.93804e-07 1.45136e-06 2.60609e-06 4.59503e-06 7.9553e-06 1.35237e-05 2.25746e-05 3.70043e-05 5.95693e-05 9.41829e-05 0.000146269 0.000223164 0.000334551 0.000492887 0.000713796 0.00101636 0.00142326 0.00196068 0.00265798 0.00354697 0.00466094 0.00603327 0.00769576 0.00967672 0.0119989 0.0146774 0.0177177 0.0211139 0.0248475 0.0288864 0.0331853 0.0376859 0.0423188 0.0470051 0.0516597 0.0561944 0.0605209 0.0645541 0.0682155 0.0714347 0.0741513 0.0763161 0.0778911 0.0788492 0.0791745 0.0788617 0.0779159 0.0763532 0.0742003 0.0714956 0.0682885 0.0646395 0.0606192 0.0563063 0.0517856 0.0471452 0.0424729 0.0378532 0.0333641 0.0290746 0.0250423 0.0213121 0.0179157 0.0148717 0.012186 0.00985368 0.00786004 0.00618296 0.00479482 0.00366447 0.00275916 0.00204617 0.00149411 0.00107394 0.000759688 0.000528746 0.000362019 0.000243788 0.000161445 0.000105127 6.73029e-05 4.23595e-05 2.62084e-05 1.59398e-05 9.52954e-06 5.60023e-06 3.23514e-06 1.83718e-06 1.02572e-06 5.63189e-07 3.04439e-07 1.6271e-07 8.74343e-08 5.02653e-08 
5.7288e-08 6.42845e-08 1.02728e-07 1.89006e-07 3.57854e-07 6.73409e-07 1.24806e-06 2.27284e-06 4.06468e-06 7.13738e-06 1.23052e-05 2.08296e-05 3.462e-05 5.64999e-05 9.05473e-05 0.000142512 0.000220306 0.000334551 0.00049915 0.000731843 0.00105467 0.00149429 0.00208204 0.00285369 0.00384882 0.00510969 0.00667979 0.00860185 0.0109155 0.0136549 0.0168459 0.0205033 0.024629 0.0292095 0.0342153 0.0395993 0.0452982 0.0512329 0.0573113 0.0634308 0.069482 0.0753532 0.0809337 0.0861183 0.0908105 0.0949249 0.0983889 0.101144 0.103144 0.104359 0.104769 0.104368 0.103162 0.101171 0.0984252 0.0949706 0.0908662 0.086185 0.0810129 0.0754465 0.0695911 0.0635569 0.0574553 0.0513948 0.0454771 0.0397934 0.0344217 0.0294249 0.0248492 0.020724 0.0170627 0.0138638 0.0111128 0.00878452 0.00684566 0.00525736 0.00397772 0.00296401 0.00217459 0.00157039 0.00111599 0.000780267 0.000536616 0.000362951 0.000241395 0.000157852 0.000101478 6.41291e-05 3.9836e-05 2.4323e-05 1.45973e-05 8.61071e-06 4.9926e-06 2.84548e-06 1.5943e-06 8.78433e-07 4.76495e-07 2.55574e-07 1.37883e-07 7.96659e-08 
8.98967e-08 1.01127e-07 1.61294e-07 2.95697e-07 5.57695e-07 1.04536e-06 1.92974e-06 3.50013e-06 6.23394e-06 1.09009e-05 1.87142e-05 3.1542e-05 5.21948e-05 8.48026e-05 0.00013529 0.000211953 0.000326121 0.000492887 0.000731843 0.00106776 0.00153114 0.00215846 0.00299216 0.00408006 0.0054743 0.00722973 0.0094017 0.0120433 0.0152025 0.0189184 0.0232186 0.0281153 0.0336034 0.0396581 0.0462337 0.0532639 0.060662 0.0683236 0.0761293 0.0839485 0.0916446 0.0990794 0.106118 0.112634 0.118512 0.123652 0.127968 0.131394 0.133877 0.135382 0.135887 0.135386 0.133885 0.131406 0.127985 0.123673 0.11854 0.11267 0.106164 0.0991392 0.091721 0.0840443 0.0762467 0.068464 0.0608256 0.0534496 0.0464392 0.0398798 0.033837 0.0283557 0.0234605 0.0191566 0.0154319 0.0122597 0.00960157 0.00741054 0.0056345 0.00421909 0.00311035 0.00225687 0.00161138 0.00113183 0.000781941 0.000531244 0.000354876 0.00023306 0.00015046 9.54774e-05 5.95503e-05 3.65051e-05 2.19939e-05 1.30236e-05 7.57959e-06 4.33579e-06 2.43807e-06 1.3481e-06 7.33833e-07 3.95021e-07 2.13973e-07 1.24253e-07 
1.3882e-07 1.56522e-07 2.4914e-07 4.5508e-07 8.54943e-07 1.59621e-06 2.93482e-06 5.30149e-06 9.4032e-06 1.63736e-05 2.79889e-05 4.69682e-05 7.73766e-05 0.000125149 0.00019874 0.000309903 0.000474572 0.000713796 0.00105467 0.00153114 0.00218457 0.00306392 0.00422545 0.00573172 0.00764992 0.0100495 0.012999 0.0165625 0.0207956 0.0257412 0.0314257 0.0378552 0.0450132 0.0528582 0.0613232 0.0703166 0.0797233 0.0894083 0.0992205 0.108998 0.118575 0.127784 0.136466 0.144473 0.151672 0.157947 0.163204 0.167366 0.170378 0.1722 0.172809 0.172197 0.170373 0.167358 0.163193 0.157935 0.151661 0.144465 0.136466 0.127795 0.118602 0.109046 0.0992926 0.0895081 0.0798527 0.0704758 0.0615108 0.0530709 0.0452469 0.0381043 0.0316841 0.0260025 0.0210534 0.0168109 0.0132329 0.010265 0.00784403 0.0059028 0.00437299 0.00318842 0.00228737 0.00161421 0.00112036 0.000764619 0.000513053 0.000338416 0.000219415 0.000139822 8.75689e-05 5.38984e-05 3.26022e-05 1.93803e-05 1.13221e-05 6.50079e-06 3.66884e-06 2.03592e-06 1.11219e-06 6.00878e-07 3.26803e-07 1.9073e-07 
2.10977e-07 2.38385e-07 3.78633e-07 6.89063e-07 1.28942e-06 2.39781e-06 4.3909e-06 7.89927e-06 1.39524e-05 2.41916e-05 4.11738e-05 6.87888e-05 0.000112815 0.000181633 0.000287098 0.000445569 0.000679047 0.00101636 0.00149429 0.00215846 0.00306392 0.00427506 0.00586494 0.00791364 0.0105058 0.0137271 0.0176601 0.0223795 0.0279473 0.034407 0.0417802 0.0500618 0.0592179 0.0691841 0.0798659 0.09114 0.102857 0.114847 0.126924 0.138892 0.150553 0.161713 0.172187 0.181808 0.190426 0.197916 0.204173 0.209116 0.212686 0.214842 0.215559 0.214831 0.212664 0.209083 0.20413 0.197864 0.190367 0.181746 0.172126 0.161659 0.150513 0.138873 0.126931 0.114886 0.102931 0.0912517 0.0800152 0.0693688 0.0594343 0.0503044 0.0420423 0.0346813 0.0282259 0.0226551 0.0179256 0.0139767 0.0107349 0.00811909 0.00604494 0.00442918 0.00319292 0.00226402 0.00157875 0.00108244 0.000729597 0.000483393 0.000314781 0.000201452 0.000126697 7.83022e-05 4.75542e-05 2.83799e-05 1.66437e-05 9.59236e-06 5.43363e-06 3.02617e-06 1.6591e-06 8.99657e-07 4.91304e-07 2.88181e-07 
3.15606e-07 3.57298e-07 5.66242e-07 1.02665e-06 1.91355e-06 3.54421e-06 6.46391e-06 1.15807e-05 2.03688e-05 3.51655e-05 5.95896e-05 9.91126e-05 0.00016181 0.000259311 0.000407954 0.000630107 0.000955618 0.00142326 0.00208204 0.00299216 0.00422545 0.00586494 0.00800356 0.0107416 0.0141831 0.0184312 0.0235824 0.0297207 0.0369111 0.0451942 0.0545807 0.065048 0.0765377 0.0889553 0.102171 0.116025 0.130327 0.144868 0.159425 0.173766 0.187663 0.200895 0.213256 0.224561 0.23465 0.243388 0.250668 0.256405 0.260541 0.263033 0.26386 0.263014 0.260501 0.256346 0.250589 0.243291 0.234537 0.224437 0.213125 0.200766 0.187543 0.173664 0.159348 0.144826 0.130324 0.116067 0.10226 0.0890899 0.0767159 0.0652649 0.0548297 0.0454673 0.0371993 0.0300149 0.0238739 0.0187119 0.0144464 0.0109822 0.00821809 0.00605158 0.00438397 0.00312364 0.00218856 0.00150757 0.00102082 0.000679397 0.000444375 0.000285623 0.000180397 0.000111955 6.82689e-05 4.09047e-05 2.40825e-05 1.39325e-05 7.92151e-06 4.42788e-06 2.43638e-06 1.32604e-06 7.27123e-07 4.28645e-07 
4.64757e-07 5.27085e-07 8.33396e-07 1.50538e-06 2.79471e-06 5.15556e-06 9.36449e-06 1.6708e-05 2.92629e-05 5.0303e-05 8.4866e-05 0.000140521 0.000228363 0.000364264 0.000570349 0.000876686 0.00132306 0.00196068 0.00285369 0.00408006 0.00573172 0.00791364 0.0107416 0.0143385 0.0188291 0.0243343 0.0309632 0.0388062 0.0479272 0.0583573 0.0700897 0.083076 0.0972253 0.112405 0.128442 0.145133 0.162245 0.179526 0.196714 0.213543 0.229756 0.24511 0.259382 0.272377 0.283926 0.293894 0.302172 0.308681 0.313363 0.316181 0.317113 0.316153 0.313306 0.308596 0.302058 0.293751 0.283758 0.272187 0.259177 0.244898 0.229546 0.213345 0.196539 0.179385 0.162147 0.145084 0.128447 0.112466 0.0973421 0.0832451 0.0703051 0.0586111 0.0482097 0.039107 0.0312716 0.0246401 0.0191232 0.0146132 0.0109913 0.00813474 0.0059225 0.0042406 0.00298549 0.00206629 0.00140567 0.000939802 0.000617452 0.00039861 0.000252841 0.000157573 9.64816e-05 5.80412e-05 3.43057e-05 1.9923e-05 1.137e-05 6.3788e-06 3.5226e-06 1.92435e-06 1.05954e-06 6.27719e-07 
6.73789e-07 7.65382e-07 1.20732e-06 2.17263e-06 4.01752e-06 7.38172e-06 1.33537e-05 2.37268e-05 4.13805e-05 7.08259e-05 0.000118963 0.000196091 0.000317208 0.000503611 0.00078477 0.00120041 0.00180265 0.00265798 0.00384882 0.0054743 0.00764992 0.0105058 0.0141831 0.0188291 0.0245901 0.0316033 0.0399879 0.049836 0.0612043 0.0741069 0.0885103 0.104331 0.121437 0.139649 0.158744 0.17847 0.198545 0.218676 0.238561 0.257907 0.276429 0.29387 0.309997 0.324609 0.337541 0.34866 0.357865 0.365083 0.370264 0.373378 0.374405 0.373342 0.370192 0.364974 0.357718 0.348476 0.337321 0.324358 0.30972 0.293575 0.276127 0.257609 0.238281 0.218424 0.198335 0.178311 0.158645 0.139614 0.121469 0.104429 0.0886693 0.0743203 0.0614626 0.0501278 0.0403008 0.0319249 0.0249088 0.0191345 0.0144669 0.0107619 0.0078748 0.0056665 0.00400886 0.00278788 0.00190549 0.00127985 0.000844667 0.000547709 0.000348919 0.000218371 0.000134262 8.10951e-05 4.81209e-05 2.80537e-05 1.60702e-05 9.04889e-06 5.01529e-06 2.74995e-06 1.52031e-06 9.05146e-07 
9.61796e-07 1.09414e-06 1.72174e-06 3.0868e-06 5.68551e-06 1.04049e-05 1.87467e-05 3.31718e-05 5.76089e-05 9.81769e-05 0.000164176 0.000269397 0.000433786 0.000685456 0.00106302 0.00161809 0.00241779 0.00354697 0.00510969 0.00722973 0.0100495 0.0137271 0.0184312 0.0243343 0.0316033 0.0403895 0.0508176 0.0629752 0.0769034 0.0925899 0.109965 0.1289 0.149212 0.170664 0.192982 0.215857 0.238961 0.261957 0.28451 0.3063 0.327029 0.346429 0.364267 0.380346 0.394512 0.406642 0.416651 0.424478 0.430084 0.433447 0.434556 0.433406 0.430001 0.424351 0.41648 0.406426 0.39425 0.380043 0.363926 0.346059 0.326641 0.305905 0.284122 0.26159 0.238631 0.215576 0.192762 0.170513 0.149136 0.128903 0.110044 0.0927401 0.0771161 0.0632391 0.0511193 0.0407146 0.0319375 0.0246643 0.0187457 0.0140172 0.0103091 0.00745539 0.00530045 0.00370394 0.00254362 0.00171641 0.00113794 0.000741164 0.000474216 0.00029805 0.000184012 0.000111595 6.64803e-05 3.89061e-05 2.23704e-05 1.26426e-05 7.03246e-06 3.87025e-06 2.14838e-06 1.2853e-06 
1.3519e-06 1.53994e-06 2.41737e-06 4.31787e-06 7.922e-06 1.44408e-05 2.59139e-05 4.56663e-05 7.89755e-05 0.000134012 0.000223115 0.000364464 0.000584164 0.000918743 0.00141797 0.00214782 0.00319334 0.00466094 0.00667979 0.0094017 0.012999 0.0176601 0.0235824 0.0309632 0.0399879 0.0508176 0.0635762 0.0783384 0.0951203 0.113872 0.134477 0.156751 0.180449 0.205274 0.23089 0.256933 0.283027 0.308798 0.333883 0.357944 0.380676 0.401814 0.421134 0.438455 0.45364 0.466587 0.477231 0.48553 0.491461 0.495014 0.496185 0.494971 0.491373 0.485395 0.477047 0.466351 0.453351 0.438115 0.420747 0.401386 0.380216 0.357463 0.333396 0.308321 0.282577 0.256524 0.230538 0.204993 0.180248 0.156638 0.134453 0.113936 0.0952651 0.0785539 0.0638485 0.051131 0.0403258 0.0313094 0.0239222 0.0179813 0.0132926 0.00966156 0.00690303 0.00484731 0.0033447 0.00226752 0.00151019 0.000988009 0.000634913 0.000400749 0.000248443 0.000151278 9.04758e-05 5.31517e-05 3.06755e-05 1.73993e-05 9.71321e-06 5.36517e-06 2.99021e-06 1.79749e-06 
1.87131e-06 2.13412e-06 3.34191e-06 5.94739e-06 1.08697e-05 1.9737e-05 3.52778e-05 6.1916e-05 0.000106633 0.000180173 0.000298659 0.000485686 0.000774895 0.00121301 0.00186317 0.0028084 0.00415466 0.00603327 0.00860185 0.0120433 0.0165625 0.0223795 0.0297207 0.0388062 0.049836 0.0629752 0.0783384 0.0959779 0.115873 0.137926 0.161959 0.187724 0.214907 0.243142 0.272031 0.301155 0.330094 0.358441 0.385816 0.411874 0.436314 0.458885 0.479383 0.497654 0.513588 0.527112 0.538187 0.546794 0.552932 0.556603 0.557812 0.556561 0.552846 0.546661 0.538003 0.526873 0.513292 0.4973 0.478972 0.458421 0.435804 0.411329 0.385249 0.357868 0.329532 0.300623 0.271547 0.242723 0.214568 0.187478 0.161813 0.137881 0.115928 0.0961233 0.0785616 0.0632597 0.0501634 0.0391575 0.030078 0.0227271 0.0168876 0.0123369 0.00885843 0.00625078 0.00433375 0.00295178 0.00197491 0.00129781 0.000837629 0.000530944 0.000330517 0.000202063 0.000121322 7.15436e-05 4.14426e-05 2.35913e-05 1.32167e-05 7.32679e-06 4.09971e-06 2.476e-06 
2.55107e-06 2.91243e-06 4.54956e-06 8.06737e-06 1.46886e-05 2.65692e-05 4.73047e-05 8.26931e-05 0.000141833 0.00023864 0.000393868 0.000637681 0.00101278 0.00157802 0.00241231 0.00361845 0.00532645 0.00769576 0.0109155 0.0152025 0.0207956 0.0279473 0.0369111 0.0479272 0.0612043 0.0769034 0.0951203 0.115873 0.139093 0.16462 0.192208 0.221532 0.252203 0.283786 0.315817 0.347827 0.379358 0.409982 0.43931 0.467002 0.492776 0.516406 0.53772 0.556601 0.572974 0.586803 0.598081 0.606816 0.613029 0.61674 0.617963 0.616703 0.612952 0.606696 0.597912 0.58658 0.572692 0.556256 0.537311 0.515933 0.492245 0.46642 0.438688 0.409336 0.378704 0.347184 0.315207 0.283231 0.251723 0.221143 0.191924 0.164449 0.139037 0.115928 0.0952741 0.0771405 0.0615053 0.0482707 0.0372761 0.0283142 0.021148 0.0155278 0.0112053 0.00794539 0.00553497 0.00378755 0.00254563 0.0016803 0.00108919 0.000693309 0.000433359 0.000265991 0.000160323 9.48976e-05 5.51713e-05 3.1518e-05 1.77193e-05 9.85784e-06 5.53747e-06 3.35963e-06 
3.42539e-06 3.91429e-06 6.09975e-06 1.0778e-05 1.95513e-05 3.52327e-05 6.24902e-05 0.000108811 0.000185879 0.000311456 0.000511865 0.000825102 0.00130458 0.00202334 0.0030785 0.00459549 0.00673138 0.00967672 0.0136549 0.0189184 0.0257412 0.034407 0.0451942 0.0583573 0.0741069 0.0925899 0.113872 0.137926 0.16462 0.193722 0.224907 0.257766 0.291832 0.326595 0.361535 0.396135 0.429912 0.462424 0.493288 0.522185 0.548861 0.573129 0.594862 0.613984 0.630468 0.644317 0.65556 0.664238 0.670394 0.674065 0.675276 0.674036 0.670333 0.664141 0.655421 0.644128 0.630221 0.613674 0.594483 0.572679 0.548341 0.521599 0.492644 0.461734 0.429192 0.395405 0.360816 0.325914 0.291213 0.257233 0.224478 0.193413 0.164437 0.137871 0.113938 0.092761 0.0743644 0.0586786 0.0455552 0.0347847 0.0261152 0.0192721 0.0139764 0.00995853 0.00697035 0.00479191 0.00323523 0.00214489 0.0013963 0.000892502 0.000560124 0.000345149 0.000208826 0.000124064 7.23864e-05 4.14967e-05 2.34094e-05 1.30689e-05 7.3692e-06 4.49084e-06 
4.53045e-06 5.18139e-06 8.055e-06 1.41837e-05 2.56367e-05 4.60304e-05 8.13374e-05 0.000141088 0.000240068 0.000400627 0.00065567 0.00105238 0.00165661 0.0025577 0.0038735 0.00575476 0.00838846 0.0119989 0.0168459 0.0232186 0.0314257 0.0417802 0.0545807 0.0700897 0.0885103 0.109965 0.134477 0.161959 0.192208 0.224907 0.259642 0.295919 0.333187 0.370869 0.408389 0.445199 0.480795 0.514741 0.546671 0.576299 0.603415 0.62788 0.649621 0.668615 0.684882 0.698471 0.70945 0.717891 0.723861 0.727417 0.728592 0.727399 0.723822 0.717825 0.709351 0.69833 0.684689 0.668361 0.649298 0.627482 0.602938 0.575742 0.546039 0.514041 0.480041 0.444409 0.407587 0.37008 0.332441 0.295245 0.259067 0.224452 0.191887 0.16178 0.134437 0.110053 0.0887076 0.0703735 0.054925 0.0421586 0.0318138 0.0235959 0.0171964 0.012312 0.00865817 0.00597956 0.00405511 0.00270014 0.00176519 0.00113292 0.000713833 0.000441559 0.000268155 0.000159888 9.36148e-05 5.38491e-05 3.04794e-05 1.70738e-05 9.66321e-06 5.91418e-06 
5.90265e-06 6.75571e-06 1.04778e-05 1.83882e-05 3.312e-05 5.92562e-05 0.000104329 0.000180297 0.000305611 0.000507994 0.000828011 0.00132344 0.00207432 0.00318845 0.00480677 0.00710799 0.0103115 0.0146774 0.0205033 0.0281153 0.0378552 0.0500618 0.065048 0.083076 0.104331 0.1289 0.156751 0.187724 0.221532 0.257766 0.295919 0.335404 0.375595 0.41585 0.455549 0.494119 0.531057 0.565939 0.598437 0.628308 0.655398 0.679627 0.700981 0.719494 0.735239 0.748312 0.758818 0.766862 0.772534 0.775907 0.777024 0.775901 0.77252 0.766834 0.758769 0.748231 0.735115 0.719316 0.700737 0.679308 0.654994 0.627815 0.597852 0.565266 0.530304 0.493304 0.454692 0.414979 0.374743 0.334604 0.295203 0.257165 0.221067 0.18741 0.156591 0.128889 0.104453 0.0833073 0.0653621 0.0504297 0.038249 0.0285101 0.0208791 0.0150198 0.0106114 0.00736162 0.00501431 0.00335308 0.00220112 0.00141837 0.000897171 0.000557057 0.000339528 0.000203157 0.000119355 6.88825e-05 3.91155e-05 2.19838e-05 1.24869e-05 7.6741e-06 
7.57637e-06 8.67687e-06 1.34267e-05 2.34871e-05 4.21613e-05 7.51744e-05 0.000131893 0.000227113 0.000383539 0.000635092 0.00103109 0.00164133 0.0025618 0.00392078 0.0058846 0.00866217 0.0125073 0.0177177 0.024629 0.0336034 0.0450132 0.0592179 0.0765377 0.0972253 0.121437 0.149212 0.180449 0.214907 0.252203 0.291832 0.333187 0.375595 0.418355 0.460771 0.502192 0.542034 0.579806 0.615119 0.647687 0.677328 0.70395 0.72754 0.748148 0.765869 0.780827 0.793165 0.803024 0.810537 0.815817 0.818952 0.819994 0.81896 0.815831 0.81055 0.803028 0.79315 0.780782 0.765779 0.748 0.727319 0.703643 0.676925 0.64718 0.614506 0.579092 0.541229 0.501315 0.45985 0.417422 0.374688 0.332345 0.291091 0.251595 0.214452 0.18016 0.149088 0.121468 0.0973897 0.0768083 0.0595637 0.0454031 0.0340086 0.0250252 0.0180865 0.0128361 0.00894442 0.0061186 0.00410858 0.00270796 0.0017518 0.00111227 0.000693137 0.000423962 0.000254545 0.000150039 8.68684e-05 4.94841e-05 2.79e-05 1.59023e-05 9.81208e-06 
9.58116e-06 1.0979e-05 1.69512e-05 2.95602e-05 5.28912e-05 9.39963e-05 0.000164362 0.000282044 0.000474605 0.000782989 0.00126637 0.00200793 0.00312129 0.00475712 0.00710911 0.0104183 0.0149747 0.0211139 0.0292095 0.0396581 0.0528582 0.0691841 0.0889553 0.112405 0.139649 0.170664 0.205274 0.243142 0.283786 0.326595 0.370869 0.41585 0.460771 0.504895 0.547552 0.588163 0.626266 0.661515 0.693685 0.722661 0.748421 0.771024 0.790584 0.807255 0.821215 0.832646 0.841724 0.848607 0.853428 0.856284 0.857237 0.856305 0.853467 0.84866 0.841782 0.832699 0.821251 0.807259 0.790539 0.770914 0.748229 0.72237 0.693283 0.660993 0.625622 0.587403 0.54669 0.503956 0.459788 0.414862 0.36992 0.325729 0.28304 0.242548 0.204852 0.170421 0.139578 0.112489 0.0891697 0.0694963 0.0532344 0.0400659 0.0296205 0.0215053 0.0153302 0.0107283 0.00736958 0.00496864 0.00328766 0.00213487 0.00136045 0.000850796 0.000522171 0.000314541 0.000185993 0.000108017 6.17175e-05 3.49042e-05 1.99609e-05 1.23632e-05 
1.19387e-05 1.36869e-05 2.10869e-05 3.66628e-05 6.53964e-05 0.000115855 0.000201934 0.00034537 0.000579178 0.000952132 0.00153431 0.00242358 0.00375272 0.00569645 0.00847753 0.0123707 0.0177026 0.0248475 0.0342153 0.0462337 0.0613232 0.0798659 0.102171 0.128442 0.158744 0.192982 0.23089 0.272031 0.315817 0.361535 0.408389 0.455549 0.502192 0.547552 0.590955 0.631845 0.6698 0.704533 0.735888 0.763823 0.788394 0.809728 0.828005 0.843437 0.856246 0.866652 0.874861 0.881051 0.885369 0.887923 0.888778 0.887956 0.885433 0.88114 0.874969 0.866769 0.856359 0.843532 0.828066 0.809734 0.788325 0.763659 0.73561 0.704126 0.669255 0.631161 0.590141 0.546629 0.50119 0.454509 0.407358 0.36056 0.314946 0.271303 0.230334 0.192613 0.158563 0.128437 0.102318 0.0801335 0.0616759 0.0466359 0.0346346 0.0252569 0.018082 0.0127069 0.00876395 0.00593183 0.00393981 0.00256769 0.00164203 0.00103038 0.000634462 0.00038339 0.000227395 0.000132452 7.5898e-05 4.305e-05 2.46977e-05 1.53524e-05 
1.46594e-05 1.68128e-05 2.58497e-05 4.48161e-05 7.97044e-05 0.000140781 0.000244629 0.000417073 0.000697145 0.0011422 0.00183417 0.00288679 0.00445329 0.00673383 0.00998151 0.0145056 0.02067 0.0288864 0.0395993 0.0532639 0.0703166 0.09114 0.116025 0.145133 0.17847 0.215857 0.256933 0.301155 0.347827 0.396135 0.445199 0.494119 0.542034 0.588163 0.631845 0.672559 0.709937 0.743762 0.773953 0.800548 0.823677 0.843537 0.860371 0.87444 0.886008 0.895327 0.902624 0.908093 0.911891 0.914133 0.914887 0.914176 0.911974 0.908213 0.902774 0.8955 0.886192 0.874621 0.860531 0.843656 0.823732 0.800515 0.773809 0.743485 0.709512 0.671977 0.631109 0.587287 0.541046 0.493058 0.444112 0.395075 0.346847 0.300303 0.256247 0.215362 0.178174 0.14503 0.116095 0.091353 0.0706364 0.0536523 0.0400203 0.029309 0.0210699 0.0148659 0.0102929 0.0069928 0.00466131 0.00304852 0.00195609 0.00123144 0.000760637 0.000461019 0.000274233 0.000160183 9.20419e-05 5.23528e-05 3.01256e-05 1.87907e-05 
