1.43457e-19 1.16993e-19 2.64407e-19 7.98629e-19 2.44762e-18 7.35223e-18 2.15657e-17 6.17342e-17 1.72425e-16 4.69786e-16 1.2484e-15 3.23515e-15 8.17481e-15 2.01403e-14 4.8377e-14 1.13289e-13 2.58655e-13 5.75776e-13 1.24973e-12 2.64514e-12 5.45998e-12 1.09924e-11 2.15871e-11 4.13564e-11 7.72988e-11 1.40965e-10 2.50827e-10 4.3548e-10 7.37718e-10 1.21933e-09 1.96625e-09 3.09316e-09 4.74644e-09 7.10363e-09 1.03677e-08 1.4754e-08 2.04695e-08 2.76843e-08 3.64978e-08 4.69051e-08 5.87706e-08 7.18152e-08 8.56235e-08 9.96725e-08 1.13379e-07 1.26154e-07 1.37458e-07 1.46838e-07 1.5395e-07 1.58558e-07 1.6052e-07 1.59782e-07 1.56359e-07 1.50351e-07 1.41951e-07 1.31458e-07 1.19285e-07 1.05943e-07 9.20078e-08 7.80705e-08 6.4682e-08 5.23018e-08 4.12634e-08 3.17591e-08 2.38464e-08 1.74685e-08 1.24861e-08 8.70981e-09 5.93032e-09 3.942e-09 2.55859e-09 1.62182e-09 1.00412e-09 6.07296e-10 3.58837e-10 2.07161e-10 1.16859e-10 6.44128e-11 3.46934e-11 1.82593e-11 9.3903e-12 4.71866e-12 2.31681e-12 1.11143e-12 5.20939e-13 2.38561e-13 1.0674e-13 4.66636e-14 1.99334e-14 8.32084e-15 3.39455e-15 1.35357e-15 5.27633e-16 2.01098e-16 7.49533e-17 2.7326e-17 9.74687e-18 3.40267e-18 1.16448e-18 3.9672e-19 
1.16993e-19 9.50353e-20 2.19371e-19 6.76312e-19 2.11212e-18 6.46217e-18 1.93027e-17 5.62583e-17 1.59944e-16 4.43468e-16 1.19889e-15 3.1597e-15 8.11702e-15 2.03227e-14 4.95868e-14 1.17904e-13 2.73191e-13 6.16855e-13 1.35738e-12 2.91104e-12 6.08501e-12 1.23989e-11 2.46297e-11 4.7701e-11 9.00792e-11 1.65875e-10 2.97863e-10 5.21606e-10 8.90756e-10 1.48339e-09 2.40887e-09 3.81417e-09 5.88816e-09 8.8614e-09 1.29992e-08 1.85852e-08 2.5894e-08 3.5154e-08 4.65023e-08 5.99395e-08 7.52939e-08 9.22031e-08 1.10123e-07 1.28368e-07 1.4617e-07 1.62757e-07 1.77422e-07 1.89578e-07 1.98781e-07 2.04731e-07 2.0725e-07 2.06269e-07 2.01809e-07 1.93995e-07 1.83074e-07 1.6943e-07 1.53602e-07 1.36257e-07 1.18153e-07 1.00064e-07 8.27149e-08 6.67045e-08 5.2465e-08 4.02409e-08 3.00984e-08 2.19547e-08 1.56197e-08 1.08406e-08 7.34071e-09 4.85074e-09 3.12847e-09 1.9696e-09 1.2106e-09 7.26525e-10 4.25763e-10 2.4366e-10 1.36182e-10 7.43346e-11 3.96277e-11 2.06321e-11 1.04911e-11 5.20973e-12 2.52652e-12 1.19656e-12 5.53413e-13 2.4996e-13 1.10259e-13 4.75004e-14 1.99876e-14 8.21572e-15 3.29922e-15 1.29456e-15 4.96434e-16 1.86085e-16 6.81977e-17 2.44422e-17 8.56911e-18 2.93983e-18 9.88454e-19 3.30577e-19 
2.64407e-19 2.19371e-19 5.16805e-19 1.60702e-18 5.04899e-18 1.55308e-17 4.66202e-17 1.36492e-16 3.89647e-16 1.08433e-15 2.94094e-15 7.77258e-15 2.00139e-14 5.02036e-14 1.2267e-13 2.91957e-13 6.76822e-13 1.52833e-12 3.36178e-12 7.20396e-12 1.50407e-11 3.05997e-11 6.06697e-11 1.17244e-10 2.20865e-10 4.05627e-10 7.26319e-10 1.26811e-09 2.1589e-09 3.58393e-09 5.80139e-09 9.15661e-09 1.4091e-08 2.11405e-08 3.09185e-08 4.4076e-08 6.12385e-08 8.29183e-08 1.09412e-07 1.407e-07 1.76359e-07 2.15534e-07 2.56953e-07 2.99024e-07 3.39983e-07 3.78059e-07 4.11649e-07 4.39424e-07 4.60393e-07 4.73888e-07 4.79525e-07 4.77148e-07 4.66812e-07 4.48794e-07 4.23646e-07 3.92242e-07 3.55799e-07 3.15842e-07 2.74102e-07 2.32363e-07 1.92288e-07 1.55262e-07 1.22288e-07 9.39401e-08 7.03813e-08 5.14315e-08 3.6662e-08 2.54964e-08 1.73016e-08 1.14578e-08 7.40602e-09 4.67294e-09 2.87847e-09 1.73116e-09 1.01657e-09 5.82885e-10 3.26345e-10 1.7841e-10 9.52348e-11 4.96354e-11 2.52572e-11 1.25474e-11 6.0852e-12 2.88093e-12 1.33143e-12 6.00656e-13 2.64526e-13 1.13727e-13 4.77363e-14 1.95644e-14 7.8302e-15 3.06084e-15 1.16882e-15 4.36103e-16 1.59022e-16 5.66845e-17 1.97572e-17 6.73609e-18 2.24998e-18 7.47524e-19 
7.98629e-19 6.76312e-19 1.60702e-18 4.9923e-18 1.5649e-17 4.80148e-17 1.43743e-16 4.19649e-16 1.19438e-15 3.31324e-15 8.9561e-15 2.35861e-14 6.05056e-14 1.51175e-13 3.67853e-13 8.71672e-13 2.01146e-12 4.52027e-12 9.89322e-12 2.10899e-11 4.37955e-11 8.86064e-11 1.74683e-10 3.35624e-10 6.2855e-10 1.14756e-09 2.04271e-09 3.54551e-09 6.001e-09 9.90513e-09 1.59439e-08 2.5028e-08 3.83121e-08 5.71879e-08 8.32332e-08 1.18108e-07 1.63385e-07 2.20331e-07 2.89638e-07 3.71174e-07 4.63781e-07 5.6519e-07 6.72093e-07 7.80389e-07 8.85556e-07 9.83099e-07 1.06896e-06 1.1398e-06 1.19315e-06 1.22734e-06 1.24144e-06 1.23507e-06 1.20837e-06 1.16203e-06 1.09745e-06 1.01682e-06 9.23211e-07 8.20506e-07 7.13101e-07 6.05548e-07 5.02106e-07 4.06345e-07 3.20868e-07 2.47189e-07 1.85777e-07 1.3622e-07 9.74569e-08 6.80403e-08 4.63615e-08 3.0835e-08 2.00204e-08 1.26907e-08 7.85454e-09 4.74675e-09 2.80108e-09 1.61404e-09 9.08134e-10 4.98907e-10 2.67607e-10 1.40137e-10 7.16396e-11 3.57491e-11 1.74124e-11 8.27771e-12 3.84064e-12 1.73914e-12 7.68612e-13 3.31547e-13 1.39599e-13 5.73804e-14 2.30278e-14 9.02442e-15 3.45421e-15 1.29162e-15 4.71934e-16 1.68537e-16 5.8844e-17 2.00943e-17 6.72212e-18 2.23792e-18 
2.44762e-18 2.11212e-18 5.04899e-18 1.5649e-17 4.88909e-17 1.49484e-16 4.45904e-16 1.29695e-15 3.67717e-15 1.01601e-14 2.73512e-14 7.17232e-14 1.83179e-13 4.55578e-13 1.10326e-12 2.60137e-12 5.97206e-12 1.33493e-11 2.90558e-11 6.15877e-11 1.27146e-10 2.55701e-10 5.01021e-10 9.56659e-10 1.78039e-09 3.23002e-09 5.71342e-09 9.85472e-09 1.65766e-08 2.71946e-08 4.35138e-08 6.79107e-08 1.03374e-07 1.53475e-07 2.22226e-07 3.13801e-07 4.32108e-07 5.80213e-07 7.59693e-07 9.70002e-07 1.20799e-06 1.46773e-06 1.74071e-06 2.01648e-06 2.28361e-06 2.53081e-06 2.74792e-06 2.92668e-06 3.06096e-06 3.14672e-06 3.18165e-06 3.16484e-06 3.09667e-06 2.97885e-06 2.81482e-06 2.61006e-06 2.37227e-06 2.11112e-06 1.8377e-06 1.56347e-06 1.29923e-06 1.05407e-06 8.34684e-07 6.45028e-07 4.86438e-07 3.58001e-07 2.5715e-07 1.80294e-07 1.234e-07 8.24584e-08 5.37996e-08 3.4275e-08 2.13232e-08 1.29543e-08 7.68534e-09 4.45232e-09 2.51862e-09 1.39111e-09 7.50144e-10 3.94884e-10 2.02905e-10 1.01758e-10 4.98041e-11 2.37874e-11 1.10865e-11 5.04203e-12 2.2376e-12 9.69052e-13 4.09578e-13 1.68966e-13 6.80458e-14 2.67558e-14 1.02739e-14 3.85352e-15 1.41217e-15 5.0575e-16 1.77066e-16 6.06263e-17 2.0335e-17 6.792e-18 
7.35223e-18 6.46217e-18 1.55308e-17 4.80148e-17 1.49484e-16 4.55381e-16 1.35328e-15 3.92095e-15 1.10726e-14 3.04683e-14 8.16733e-14 2.13233e-13 5.42112e-13 1.34191e-12 3.23378e-12 7.58617e-12 1.73241e-11 3.8513e-11 8.33533e-11 1.75649e-10 3.60448e-10 7.20427e-10 1.40273e-09 2.66128e-09 4.92075e-09 8.86922e-09 1.55861e-08 2.6709e-08 4.46387e-08 7.27687e-08 1.15716e-07 1.79507e-07 2.71654e-07 4.01051e-07 5.77593e-07 8.11459e-07 1.11203e-06 1.48649e-06 1.93823e-06 2.46536e-06 3.05959e-06 3.70586e-06 4.38292e-06 5.06493e-06 5.72386e-06 6.33217e-06 6.86529e-06 7.30327e-06 7.63149e-06 7.84031e-06 7.92432e-06 7.88141e-06 7.71248e-06 7.42167e-06 7.01723e-06 6.51239e-06 5.92577e-06 5.28093e-06 4.60487e-06 3.92567e-06 3.26987e-06 2.65996e-06 2.11266e-06 1.63806e-06 1.23982e-06 9.16065e-07 6.60788e-07 4.65376e-07 3.2003e-07 2.1491e-07 1.40938e-07 9.02661e-08 5.64617e-08 3.44916e-08 2.05772e-08 1.19881e-08 6.81969e-09 3.7878e-09 2.05383e-09 1.08703e-09 5.6152e-10 2.83061e-10 1.39234e-10 6.68221e-11 3.12886e-11 1.42934e-11 6.37046e-12 2.77025e-12 1.17548e-12 4.86764e-13 1.9674e-13 7.7628e-14 2.99081e-14 1.1254e-14 4.137e-15 1.48607e-15 5.21797e-16 1.79167e-16 6.02659e-17 2.01989e-17 
2.15657e-17 1.93027e-17 4.66202e-17 1.43743e-16 4.45904e-16 1.35328e-15 4.00612e-15 1.15612e-14 3.25154e-14 8.90962e-14 2.37796e-13 6.18054e-13 1.56401e-12 3.85284e-12 9.23835e-12 2.15601e-11 4.89711e-11 1.0826e-10 2.32956e-10 4.87977e-10 9.9522e-10 1.97659e-09 3.82372e-09 7.20666e-09 1.32363e-08 2.36967e-08 4.13618e-08 7.04025e-08 1.16878e-07 1.89278e-07 2.99047e-07 4.60988e-07 6.93383e-07 1.01766e-06 1.45742e-06 2.03662e-06 2.777e-06 3.69467e-06 4.7965e-06 6.07659e-06 7.51384e-06 9.07122e-06 1.06974e-05 1.23305e-05 1.39041e-05 1.53532e-05 1.66203e-05 1.76589e-05 1.84354e-05 1.89275e-05 1.91231e-05 1.90173e-05 1.86123e-05 1.79176e-05 1.69525e-05 1.57478e-05 1.43469e-05 1.28053e-05 1.11867e-05 9.55754e-06 7.981e-06 6.51099e-06 5.18793e-06 4.03677e-06 3.06721e-06 2.27577e-06 1.64896e-06 1.16685e-06 8.06434e-07 5.44375e-07 3.58936e-07 2.31169e-07 1.45422e-07 8.93509e-08 5.36177e-08 3.14207e-08 1.79791e-08 1.0044e-08 5.47725e-09 2.91522e-09 1.51413e-09 7.67329e-10 3.79378e-10 1.82976e-10 8.60849e-11 3.95056e-11 1.76847e-11 7.72269e-12 3.29014e-12 1.36771e-12 5.54852e-13 2.19711e-13 8.49399e-14 3.20677e-14 1.18259e-14 4.2612e-15 1.50072e-15 5.16805e-16 1.74347e-16 5.86454e-17 
6.17342e-17 5.62583e-17 1.36492e-16 4.19649e-16 1.29695e-15 3.92095e-15 1.15612e-14 3.32289e-14 9.30642e-14 2.53911e-13 6.74675e-13 1.7455e-12 4.39614e-12 1.07764e-11 2.5708e-11 5.96794e-11 1.34811e-10 2.96332e-10 6.33892e-10 1.31973e-09 2.67464e-09 5.27765e-09 1.01419e-08 1.89852e-08 3.46296e-08 6.15655e-08 1.06709e-07 1.80363e-07 2.97352e-07 4.78247e-07 7.50521e-07 1.14936e-06 1.71778e-06 2.50569e-06 3.5674e-06 4.95733e-06 6.72388e-06 8.90176e-06 1.15036e-05 1.45126e-05 1.78766e-05 2.15078e-05 2.5286e-05 2.90685e-05 3.27027e-05 3.60409e-05 3.89528e-05 4.13344e-05 4.31103e-05 4.42318e-05 4.46718e-05 4.44201e-05 4.34817e-05 4.18778e-05 3.96512e-05 3.68712e-05 3.36363e-05 3.0072e-05 2.63234e-05 2.25428e-05 1.88753e-05 1.5446e-05 1.23496e-05 9.64574e-06 7.3593e-06 5.4847e-06 3.99297e-06 2.83978e-06 1.97303e-06 1.33922e-06 8.88063e-07 5.75303e-07 3.64074e-07 2.25055e-07 1.35878e-07 8.01138e-08 4.6121e-08 2.59206e-08 1.4219e-08 7.61176e-09 3.97576e-09 2.02583e-09 1.00688e-09 4.88093e-10 2.30754e-10 1.06392e-10 4.78402e-11 2.09812e-11 8.97562e-12 3.74593e-12 1.52543e-12 6.06252e-13 2.35204e-13 8.91e-14 3.29665e-14 1.19168e-14 4.20989e-15 1.45417e-15 4.92064e-16 1.66135e-16 
1.72425e-16 1.59944e-16 3.89647e-16 1.19438e-15 3.67717e-15 1.10726e-14 3.25154e-14 9.30642e-14 2.59527e-13 7.04954e-13 1.86464e-12 4.80153e-12 1.20343e-11 2.93518e-11 6.96573e-11 1.60832e-10 3.61274e-10 7.89517e-10 1.67871e-09 3.47321e-09 6.99365e-09 1.37084e-08 2.61635e-08 4.86355e-08 8.80833e-08 1.55472e-07 2.67524e-07 4.48902e-07 7.34738e-07 1.1733e-06 1.82837e-06 2.7808e-06 4.12843e-06 5.98343e-06 8.46636e-06 1.16962e-05 1.57765e-05 2.07786e-05 2.67231e-05 3.35641e-05 4.11784e-05 4.93639e-05 5.78498e-05 6.63169e-05 7.44278e-05 8.18581e-05 8.83238e-05 9.35995e-05 9.75235e-05 9.99921e-05 0.000100948 0.000100371 9.82714e-05 9.46944e-05 8.97322e-05 8.35349e-05 7.63168e-05 6.83527e-05 5.99615e-05 5.14797e-05 4.323e-05 3.54924e-05 2.84816e-05 2.23357e-05 1.71162e-05 1.28168e-05 9.37802e-06 6.70522e-06 4.68475e-06 3.19836e-06 2.13365e-06 1.39074e-06 8.85644e-07 5.50949e-07 3.34762e-07 1.98636e-07 1.15078e-07 6.50794e-08 3.59185e-08 1.93429e-08 1.01618e-08 5.20696e-09 2.60198e-09 1.26789e-09 6.0241e-10 2.7908e-10 1.26068e-10 5.55327e-11 2.38569e-11 9.99699e-12 4.0869e-12 1.63037e-12 6.34819e-13 2.41326e-13 8.95932e-14 3.24931e-14 1.15159e-14 3.99028e-15 1.3545e-15 4.59095e-16 
4.69786e-16 4.43468e-16 1.08433e-15 3.31324e-15 1.01601e-14 3.04683e-14 8.90962e-14 2.53911e-13 7.04954e-13 1.90618e-12 5.01844e-12 1.28606e-11 3.20728e-11 7.78247e-11 1.83711e-10 4.21834e-10 9.4214e-10 2.04671e-09 4.32506e-09 8.89145e-09 1.77858e-08 3.46254e-08 6.56228e-08 1.21112e-07 2.17743e-07 3.81478e-07 6.51504e-07 1.08501e-06 1.76258e-06 2.79376e-06 4.32176e-06 6.52606e-06 9.62136e-06 1.38508e-05 1.94722e-05 2.67357e-05 3.58537e-05 4.69648e-05 6.00961e-05 7.51303e-05 9.17852e-05 0.000109613 0.000128023 0.000146328 0.000163809 0.000179777 0.000193637 0.000204919 0.000213288 0.000218534 0.000220541 0.000219266 0.000214732 0.000207032 0.000196358 0.000183021 0.00016747 0.000150286 0.000132144 0.00011376 9.58289e-05 7.89545e-05 6.36075e-05 5.00973e-05 3.85703e-05 2.90272e-05 2.13531e-05 1.53536e-05 1.07906e-05 7.41223e-06 4.97607e-06 3.26449e-06 2.09258e-06 1.31042e-06 8.01537e-07 4.78763e-07 2.7919e-07 1.5891e-07 8.82599e-08 4.78227e-08 2.52735e-08 1.30249e-08 6.54483e-09 3.20617e-09 1.53113e-09 7.12812e-10 3.2351e-10 1.43149e-10 6.17635e-11 2.59891e-11 1.06673e-11 4.27194e-12 1.6696e-12 6.36996e-13 2.37318e-13 8.63634e-14 3.071e-14 1.06757e-14 3.63577e-15 1.23729e-15 
1.2484e-15 1.19889e-15 2.94094e-15 8.9561e-15 2.73512e-14 8.16733e-14 2.37796e-13 6.74675e-13 1.86464e-12 5.01844e-12 1.31488e-11 3.35295e-11 8.31932e-11 2.00807e-10 4.71439e-10 1.07641e-09 2.39006e-09 5.16074e-09 1.0837e-08 2.21337e-08 4.39761e-08 8.50166e-08 1.5997e-07 2.93064e-07 5.22924e-07 9.09136e-07 1.54065e-06 2.54582e-06 4.10351e-06 6.45403e-06 9.90793e-06 1.48498e-05 2.1734e-05 3.10682e-05 4.33825e-05 5.91817e-05 7.8882e-05 0.000102738 0.000130766 0.000162682 0.000197862 0.000235349 0.000273902 0.000312095 0.000348446 0.000381556 0.000410217 0.000433489 0.000450709 0.000461461 0.000465521 0.000462811 0.000453372 0.00043739 0.000415243 0.000387556 0.000355234 0.000319454 0.000281596 0.000243132 0.000205496 0.00016995 0.00013749 0.000108786 8.41733e-05 6.36861e-05 4.71153e-05 3.40805e-05 2.41018e-05 1.66631e-05 1.1261e-05 7.43796e-06 4.80072e-06 3.02723e-06 1.86451e-06 1.12137e-06 6.58384e-07 3.77246e-07 2.10894e-07 1.14995e-07 6.11458e-08 3.16984e-08 1.60186e-08 7.89e-09 3.78768e-09 1.7722e-09 8.08191e-10 3.59269e-10 1.55701e-10 6.57974e-11 2.71183e-11 1.09034e-11 4.27782e-12 1.63822e-12 6.12556e-13 2.23708e-13 7.98234e-14 2.78431e-14 9.51474e-15 3.25158e-15 
3.23515e-15 3.1597e-15 7.77258e-15 2.35861e-14 7.17232e-14 2.13233e-13 6.18054e-13 1.7455e-12 4.80153e-12 1.28606e-11 3.35295e-11 8.50665e-11 2.09963e-10 5.04062e-10 1.1768e-09 2.67144e-09 5.89622e-09 1.26526e-08 2.63986e-08 5.35578e-08 1.05678e-07 2.02844e-07 3.78873e-07 6.8885e-07 1.21963e-06 2.10368e-06 3.53648e-06 5.79675e-06 9.26824e-06 1.44602e-05 2.20227e-05 3.27502e-05 4.75688e-05 6.74984e-05 9.35858e-05 0.000126806 0.000167938 0.000217414 0.000275183 0.000340587 0.000412302 0.000488354 0.000566229 0.000643076 0.000715966 0.000782149 0.000839283 0.000885554 0.0009197 0.00094094 0.000948861 0.000943316 0.000924387 0.000892422 0.000848139 0.000792737 0.000727971 0.000656137 0.000579945 0.000502307 0.000426079 0.000353805 0.000287513 0.000228605 0.000177822 0.000135307 0.000100704 7.3305e-05 5.21837e-05 3.63243e-05 2.47202e-05 1.64444e-05 1.06905e-05 6.79007e-06 4.21236e-06 2.5516e-06 1.50868e-06 8.70426e-07 4.89872e-07 2.68857e-07 1.43858e-07 7.50296e-08 3.81368e-08 1.88895e-08 9.11684e-09 4.28761e-09 1.96499e-09 8.77659e-10 3.82103e-10 1.62184e-10 6.7129e-11 2.71017e-11 1.06756e-11 4.10416e-12 1.5404e-12 5.64634e-13 2.02197e-13 7.0777e-14 2.42725e-14 8.33129e-15 
8.17481e-15 8.11702e-15 2.00139e-14 6.05056e-14 1.83179e-13 5.42112e-13 1.56401e-12 4.39614e-12 1.20343e-11 3.20728e-11 8.31932e-11 2.09963e-10 5.15448e-10 1.23059e-09 2.85656e-09 6.4463e-09 1.41408e-08 3.01523e-08 6.24973e-08 1.25933e-07 2.46733e-07 4.70142e-07 8.7152e-07 1.57228e-06 2.76164e-06 4.72479e-06 7.87732e-06 1.28045e-05 2.03016e-05 3.14106e-05 4.7443e-05 6.99804e-05 0.000100839 0.000141986 0.000195404 0.000262893 0.000345829 0.000444892 0.000559799 0.000689103 0.000830093 0.000978848 0.00113047 0.00127948 0.0014203 0.00154774 0.00165744 0.00174605 0.00181126 0.00185167 0.00186656 0.00185565 0.00181911 0.00175756 0.00167229 0.00156552 0.00144051 0.00130155 0.00115376 0.00100269 0.000853808 0.000712049 0.000581406 0.0004647 0.000363513 0.000278269 0.000208429 0.000152737 0.000109486 7.67597e-05 5.26228e-05 3.52677e-05 2.31005e-05 1.47833e-05 9.2401e-06 5.63872e-06 3.35832e-06 1.95138e-06 1.10583e-06 6.10984e-07 3.29036e-07 1.72677e-07 8.82946e-08 4.39842e-08 2.13454e-08 1.00917e-08 4.6485e-09 2.0864e-09 9.12634e-10 3.89133e-10 1.61774e-10 6.5591e-11 2.59439e-11 1.00142e-11 3.77337e-12 1.38843e-12 4.99064e-13 1.75335e-13 6.03531e-14 2.08102e-14 
2.01403e-14 2.03227e-14 5.02036e-14 1.51175e-13 4.55578e-13 1.34191e-12 3.85284e-12 1.07764e-11 2.93518e-11 7.78247e-11 2.00807e-10 5.04062e-10 1.23059e-09 2.92118e-09 6.74107e-09 1.51201e-08 3.29602e-08 6.98248e-08 1.43755e-07 2.87653e-07 5.5952e-07 1.0582e-06 1.9465e-06 3.48374e-06 6.06911e-06 1.02968e-05 1.70213e-05 2.74301e-05 4.31147e-05 6.61304e-05 9.90275e-05 0.000144834 0.000206973 0.000289085 0.000394759 0.000527161 0.000688583 0.000879957 0.0011004 0.00134686 0.00161401 0.00189435 0.00217871 0.00245695 0.00271887 0.00295511 0.00315784 0.00332114 0.00344099 0.00351499 0.00354191 0.00352132 0.00345348 0.00333944 0.00318147 0.00298343 0.00275115 0.00249233 0.00221626 0.00193307 0.00165285 0.0013848 0.0011365 0.000913431 0.000718822 0.00055378 0.000417595 0.000308178 0.000222534 0.000157196 0.000108598 7.33522e-05 4.84246e-05 3.12335e-05 1.96745e-05 1.20986e-05 7.26003e-06 4.24948e-06 2.42531e-06 1.34923e-06 7.31429e-07 3.86301e-07 1.98737e-07 9.95842e-08 4.86012e-08 2.31027e-08 1.06973e-08 4.82553e-09 2.12105e-09 9.08642e-10 3.79472e-10 1.54538e-10 6.13891e-11 2.37952e-11 9.00277e-12 3.32584e-12 1.20013e-12 4.23256e-13 1.46257e-13 5.06707e-14 
4.8377e-14 4.95868e-14 1.2267e-13 3.67853e-13 1.10326e-12 3.23378e-12 9.23835e-12 2.5708e-11 6.96573e-11 1.83711e-10 4.71439e-10 1.1768e-09 2.85656e-09 6.74107e-09 1.5462e-08 3.4465e-08 7.46467e-08 1.57085e-07 3.21183e-07 6.38109e-07 1.23205e-06 2.31235e-06 4.21992e-06 7.49114e-06 1.29414e-05 2.1768e-05 3.56696e-05 5.69725e-05 8.87491e-05 0.000134907 0.000200218 0.000290256 0.000411206 0.000569518 0.000771393 0.00102211 0.00132522 0.00168175 0.0020894 0.00254205 0.00302961 0.00353833 0.00405167 0.00455164 0.00502037 0.00544161 0.00580195 0.00609136 0.00630317 0.00643348 0.00648031 0.00644301 0.00632196 0.00611887 0.00583746 0.00548424 0.00506909 0.00460529 0.00410897 0.00359788 0.00308993 0.00260163 0.00214677 0.00173563 0.00137455 0.00106613 0.000809691 0.000601999 0.00043806 0.000311898 0.000217217 0.000147919 9.84524e-05 6.40203e-05 4.06537e-05 2.51984e-05 1.52383e-05 8.98683e-06 5.16661e-06 2.89456e-06 1.57984e-06 8.39848e-07 4.34787e-07 2.19182e-07 1.07592e-07 5.143e-08 2.39422e-08 1.08565e-08 4.79597e-09 2.06457e-09 8.66299e-10 3.54419e-10 1.41421e-10 5.50561e-11 2.0919e-11 7.76017e-12 2.81167e-12 9.9558e-13 3.45417e-13 1.20264e-13 
1.13289e-13 1.17904e-13 2.91957e-13 8.71672e-13 2.60137e-12 7.58617e-12 2.15601e-11 5.96794e-11 1.60832e-10 4.21834e-10 1.07641e-09 2.67144e-09 6.4463e-09 1.51201e-08 3.4465e-08 7.63303e-08 1.64229e-07 3.43243e-07 6.96864e-07 1.3744e-06 2.63366e-06 4.90436e-06 8.87803e-06 1.5629e-05 2.67685e-05 4.46301e-05 7.24752e-05 0.000114703 0.00017703 0.00026661 0.000392027 0.000563125 0.00079061 0.0010854 0.00145766 0.00191571 0.00246459 0.00310479 0.00383107 0.00463167 0.00548825 0.00637656 0.00726803 0.00813203 0.00893851 0.00966052 0.0102761 0.010769 0.0111287 0.0113492 0.0114275 0.0113627 0.0111553 0.0108079 0.0103263 0.00972086 0.00900765 0.00820854 0.00735034 0.00646291 0.00557671 0.00472016 0.00391749 0.00318714 0.00254113 0.00198509 0.00151899 0.00113824 0.000834994 0.000599463 0.00042102 0.000289148 0.000194096 0.000127284 8.15036e-05 5.0933e-05 3.10476e-05 1.84526e-05 1.06883e-05 6.0315e-06 3.31495e-06 1.77407e-06 9.24363e-07 4.68879e-07 2.31539e-07 1.11316e-07 5.21096e-08 2.3756e-08 1.05492e-08 4.56423e-09 1.92458e-09 7.9115e-10 3.1716e-10 1.24035e-10 4.73374e-11 1.76368e-11 6.41739e-12 2.28182e-12 7.95023e-13 2.78233e-13 
2.58655e-13 2.73191e-13 6.76822e-13 2.01146e-12 5.97206e-12 1.73241e-11 4.89711e-11 1.34811e-10 3.61274e-10 9.4214e-10 2.39006e-09 5.89622e-09 1.41408e-08 3.29602e-08 7.46467e-08 1.64229e-07 3.50945e-07 7.28346e-07 1.46802e-06 2.8737e-06 5.46413e-06 1.0094e-05 1.81218e-05 3.16301e-05 5.36993e-05 8.87241e-05 0.000142752 0.000223805 0.000342134 0.00051033 0.000743223 0.00105747 0.00147079 0.00200074 0.00266318 0.00347024 0.0044283 0.00553587 0.0067819 0.00814485 0.00959274 0.0110845 0.0125729 0.0140079 0.0153411 0.0165299 0.0175398 0.018346 0.0189327 0.019291 0.0194169 0.0193089 0.0189679 0.0183975 0.0176062 0.0166097 0.0154327 0.0141098 0.0126835 0.0112019 0.00971457 0.0082686 0.00690475 0.00565497 0.00454097 0.0035742 0.00275671 0.00208278 0.00154092 0.0011159 0.000790647 0.000547822 0.000370993 0.000245426 0.000158511 9.98941e-05 6.13944e-05 3.67801e-05 2.14685e-05 1.22049e-05 6.75598e-06 3.64054e-06 1.90946e-06 9.74757e-07 4.84316e-07 2.3423e-07 1.10279e-07 5.05553e-08 2.25714e-08 9.8171e-09 4.16072e-09 1.71891e-09 6.92437e-10 2.72084e-10 1.04322e-10 3.90442e-11 1.42698e-11 5.09602e-12 1.78336e-12 6.27472e-13 
5.75776e-13 6.16855e-13 1.52833e-12 4.52027e-12 1.33493e-11 3.8513e-11 1.0826e-10 2.96332e-10 7.89517e-10 2.04671e-09 5.16074e-09 1.26526e-08 3.01523e-08 6.98248e-08 1.57085e-07 3.43243e-07 7.28346e-07 1.5007e-06 3.00227e-06 5.83202e-06 1.10015e-05 2.01573e-05 3.5883e-05 6.20856e-05 0.000104459 0.000170999 0.000272528 0.00042315 0.000640551 0.000946032 0.00136415 0.00192187 0.00264712 0.00356675 0.00470388 0.00607491 0.00768631 0.00953167 0.0115894 0.0138218 0.0161753 0.0185834 0.0209711 0.0232603 0.0253768 0.0272559 0.0288463 0.0301117 0.0310298 0.0315886 0.0317828 0.0316107 0.0310732 0.0301749 0.0289274 0.0273532 0.0254889 0.0233858 0.0211086 0.0187314 0.0163315 0.0139835 0.0117533 0.00969383 0.00784296 0.00622248 0.0048394 0.00368803 0.00275288 0.0020117 0.00143845 0.00100586 0.000687431 0.000458887 0.000299017 0.00019008 0.00011781 7.11558e-05 4.18623e-05 2.39806e-05 1.33719e-05 7.25669e-06 3.83212e-06 1.96914e-06 9.84612e-07 4.7912e-07 2.26924e-07 1.04631e-07 4.69771e-08 2.05439e-08 8.7534e-09 3.63507e-09 1.47176e-09 5.81174e-10 2.23911e-10 8.41989e-11 3.09153e-11 1.10906e-11 3.89894e-12 1.37949e-12 
1.24973e-12 1.35738e-12 3.36178e-12 9.89322e-12 2.90558e-11 8.33533e-11 2.32956e-10 6.33892e-10 1.67871e-09 4.32506e-09 1.0837e-08 2.63986e-08 6.24973e-08 1.43755e-07 3.21183e-07 6.96864e-07 1.46802e-06 3.00227e-06 5.9604e-06 1.14872e-05 2.14937e-05 3.9052e-05 6.89184e-05 0.000118183 0.000197018 0.000319476 0.000504239 0.000775192 0.00116168 0.00169829 0.00242396 0.00338031 0.00460917 0.00614921 0.00803187 0.0102769 0.0128878 0.0158479 0.0191178 0.0226341 0.0263114 0.0300465 0.0337251 0.0372312 0.0404558 0.0433055 0.0457079 0.047613 0.048991 0.0498268 0.0501144 0.0498518 0.0490398 0.0476837 0.0457981 0.0434134 0.0405801 0.0373713 0.0338808 0.0302171 0.0264957 0.0228297 0.019321 0.0160543 0.0130923 0.0104744 0.00821771 0.00631944 0.00476098 0.00351207 0.00253525 0.00178974 0.00123476 0.000831954 0.000547081 0.000350878 0.000219359 0.000133603 7.92392e-05 4.57472e-05 2.57021e-05 1.40497e-05 7.47157e-06 3.86539e-06 1.9455e-06 9.52733e-07 4.54032e-07 2.10606e-07 9.51111e-08 4.18307e-08 1.79224e-08 7.48304e-09 3.04575e-09 1.20892e-09 4.68115e-10 1.76896e-10 6.52633e-11 2.35231e-11 8.30901e-12 2.95679e-12 
2.64514e-12 2.91104e-12 7.20396e-12 2.10899e-11 6.15877e-11 1.75649e-10 4.87977e-10 1.31973e-09 3.47321e-09 8.89145e-09 2.21337e-08 5.35578e-08 1.25933e-07 2.87653e-07 6.38109e-07 1.3744e-06 2.8737e-06 5.83202e-06 1.14872e-05 2.19598e-05 4.07468e-05 7.33985e-05 0.000128389 0.000218159 0.000360276 0.000578579 0.000904161 0.00137597 0.00204078 0.00295242 0.00416982 0.00575415 0.0077646 0.0102532 0.0132591 0.016802 0.0208764 0.0254469 0.0304453 0.0357704 0.0412915 0.0468553 0.0522962 0.057449 0.0621616 0.0663062 0.0697856 0.0725349 0.0745173 0.0757157 0.0761242 0.0757412 0.0745666 0.0726053 0.0698743 0.0664112 0.0622824 0.0575862 0.0524515 0.0470303 0.0414868 0.035985 0.0306764 0.0256898 0.0211251 0.0170497 0.0134991 0.0104792 0.00797139 0.00593813 0.00432892 0.00308612 0.00214994 0.00146252 0.00097078 0.000628332 0.000396311 0.000243457 0.000145595 8.47325e-05 4.79749e-05 2.64216e-05 1.41529e-05 7.37344e-06 3.73643e-06 1.84187e-06 8.83401e-07 4.12334e-07 1.87347e-07 8.28858e-08 3.5718e-08 1.49973e-08 6.13783e-09 2.44933e-09 9.53393e-10 3.62121e-10 1.34267e-10 4.86309e-11 1.72624e-11 6.17949e-12 
5.45998e-12 6.08501e-12 1.50407e-11 4.37955e-11 1.27146e-10 3.60448e-10 9.9522e-10 2.67464e-09 6.99365e-09 1.77858e-08 4.39761e-08 1.05678e-07 2.46733e-07 5.5952e-07 1.23205e-06 2.63366e-06 5.46413e-06 1.10015e-05 2.14937e-05 4.07468e-05 7.49601e-05 0.000133841 0.000231997 0.000390541 0.000638778 0.00101574 0.0015713 0.00236654 0.00347305 0.00497092 0.00694521 0.00948097 0.0126568 0.0165374 0.0211654 0.0265533 0.0326766 0.0394683 0.0468171 0.0545687 0.0625319 0.0704895 0.0782123 0.0854767 0.0920809 0.0978588 0.102688 0.10649 0.109222 0.110868 0.111425 0.110891 0.109264 0.106549 0.10276 0.0979416 0.0921748 0.0855845 0.0783386 0.0706391 0.0627089 0.054775 0.0470518 0.0397277 0.0329544 0.0268415 0.021455 0.0168194 0.012923 0.00972471 0.00716173 0.00515753 0.00362909 0.00249309 0.00167081 0.00109158 0.000694776 0.000430575 0.000259698 0.000152386 8.69697e-05 4.82682e-05 2.60491e-05 1.36698e-05 6.97598e-06 3.46242e-06 1.67174e-06 7.85373e-07 3.59101e-07 1.59854e-07 6.93007e-08 2.92689e-08 1.20472e-08 4.83432e-09 1.89198e-09 7.22426e-10 2.69244e-10 9.80118e-11 3.49679e-11 1.25943e-11 
1.09924e-11 1.23989e-11 3.05997e-11 8.86064e-11 2.55701e-10 7.20427e-10 1.97659e-09 5.27765e-09 1.37084e-08 3.46254e-08 8.50166e-08 2.02844e-07 4.70142e-07 1.0582e-06 2.31235e-06 4.90436e-06 1.0094e-05 2.01573e-05 3.9052e-05 7.33985e-05 0.000133841 0.000236816 0.000406687 0.000678094 0.00109825 0.00172882 0.00264686 0.00394446 0.00572661 0.00810711 0.0112025 0.015124 0.0199685 0.0258081 0.0326798 0.0405764 0.0494388 0.0591515 0.0695425 0.0803873 0.0914193 0.102345 0.112862 0.122683 0.131555 0.139274 0.145694 0.150729 0.154335 0.156502 0.157229 0.156517 0.154363 0.150764 0.145732 0.139311 0.131594 0.122729 0.112923 0.10243 0.0915377 0.0805453 0.069743 0.0593933 0.0497167 0.0408821 0.0330026 0.0261362 0.0202904 0.015429 0.011482 0.00835513 0.00593966 0.00412165 0.00278953 0.00183999 0.00118206 0.000739193 0.000449749 0.000266147 0.000153146 8.56747e-05 4.65948e-05 2.46358e-05 1.26642e-05 6.33048e-06 3.07773e-06 1.45567e-06 6.69969e-07 3.00151e-07 1.30937e-07 5.56376e-08 2.30365e-08 9.29754e-09 3.65918e-09 1.40485e-09 5.26367e-10 1.92607e-10 6.90756e-11 2.50349e-11 
2.15871e-11 2.46297e-11 6.06697e-11 1.74683e-10 5.01021e-10 1.40273e-09 3.82372e-09 1.01419e-08 2.61635e-08 6.56228e-08 1.5997e-07 3.78873e-07 8.7152e-07 1.9465e-06 4.21992e-06 8.87803e-06 1.81218e-05 3.5883e-05 6.89184e-05 0.000128389 0.000231997 0.000406687 0.000691772 0.00114219 0.00183143 0.0028534 0.00432276 0.00637282 0.00915092 0.012811 0.0175037 0.0233649 0.0305025 0.0389845 0.0488262 0.0599815 0.072336 0.0857047 0.0998355 0.114418 0.129097 0.143495 0.157235 0.169967 0.181388 0.191267 0.199443 0.205827 0.210385 0.213114 0.214024 0.213118 0.210389 0.205826 0.19943 0.191239 0.181347 0.169919 0.157194 0.143474 0.129111 0.11448 0.0999536 0.0858824 0.0725712 0.0602673 0.0491515 0.0393356 0.0308645 0.0237229 0.0178446 0.0131238 0.00942809 0.00661 0.00451882 0.00300997 0.00195217 0.00123211 0.000756405 0.00045153 0.000262024 0.000147793 8.1023e-05 4.3173e-05 2.2362e-05 1.12608e-05 5.51416e-06 2.62633e-06 1.21702e-06 5.48865e-07 2.40986e-07 1.03045e-07 4.2927e-08 1.74285e-08 6.89896e-09 2.66358e-09 1.00343e-09 3.69128e-10 1.33089e-10 4.85437e-11 
4.13564e-11 4.7701e-11 1.17244e-10 3.35624e-10 9.56659e-10 2.66128e-09 7.20666e-09 1.89852e-08 4.86355e-08 1.21112e-07 2.93064e-07 6.8885e-07 1.57228e-06 3.48374e-06 7.49114e-06 1.5629e-05 3.16301e-05 6.20856e-05 0.000118183 0.000218159 0.000390541 0.000678094 0.00114219 0.00186708 0.00296315 0.00456838 0.00684684 0.00998371 0.0141764 0.0196223 0.026504 0.0349729 0.0451336 0.0570292 0.0706295 0.0858235 0.102416 0.12013 0.138616 0.157463 0.176225 0.194439 0.211659 0.227483 0.241574 0.253685 0.263654 0.271404 0.276916 0.280208 0.281299 0.280199 0.276894 0.27136 0.26358 0.253576 0.241433 0.227317 0.211485 0.194275 0.176092 0.157381 0.1386 0.12019 0.102556 0.0860392 0.0709124 0.0573653 0.045506 0.035363 0.0268935 0.019995 0.0145189 0.0102866 0.0071048 0.00478007 0.00313055 0.00199464 0.00123587 0.00074438 0.000435746 0.000247875 0.000137017 7.35991e-05 3.84215e-05 1.94962e-05 9.61811e-06 4.61428e-06 2.15335e-06 9.7782e-07 4.32194e-07 1.86006e-07 7.79758e-08 3.18523e-08 1.26833e-08 4.92497e-09 1.8657e-09 6.90044e-10 2.50146e-10 9.18324e-11 
7.72988e-11 9.00792e-11 2.20865e-10 6.2855e-10 1.78039e-09 4.92075e-09 1.32363e-08 3.46296e-08 8.80833e-08 2.17743e-07 5.22924e-07 1.21963e-06 2.76164e-06 6.06911e-06 1.29414e-05 2.67685e-05 5.36993e-05 0.000104459 0.000197018 0.000360276 0.000638778 0.00109825 0.00183143 0.00296315 0.00465358 0.00709807 0.0105224 0.0151729 0.0213013 0.0291462 0.0389118 0.0507473 0.0647287 0.0808444 0.0989866 0.118948 0.140426 0.163031 0.1863 0.209723 0.232762 0.254883 0.27559 0.294447 0.311108 0.325329 0.336968 0.345973 0.352355 0.356155 0.35741 0.356134 0.352308 0.345888 0.336835 0.32514 0.310864 0.294156 0.275269 0.254556 0.232454 0.209461 0.186106 0.162923 0.140415 0.119037 0.0991719 0.0811147 0.0650674 0.051134 0.0393242 0.0295623 0.0217013 0.0155407 0.0108467 0.0073726 0.00487682 0.00313762 0.00196254 0.00119302 0.000704675 0.000404382 0.000225445 0.000122111 6.42652e-05 3.28685e-05 1.63402e-05 7.89803e-06 3.71266e-06 1.69783e-06 7.55594e-07 3.27356e-07 1.38118e-07 5.67722e-08 2.27429e-08 8.88284e-09 3.38407e-09 1.2585e-09 4.58722e-10 1.69509e-10 
1.40965e-10 1.65875e-10 4.05627e-10 1.14756e-09 3.23002e-09 8.86922e-09 2.36967e-08 6.15655e-08 1.55472e-07 3.81478e-07 9.09136e-07 2.10368e-06 4.72479e-06 1.02968e-05 2.1768e-05 4.46301e-05 8.87241e-05 0.000170999 0.000319476 0.000578579 0.00101574 0.00172882 0.0028534 0.00456838 0.00709807 0.0107089 0.0156994 0.0223825 0.031063 0.0420094 0.0554272 0.0714339 0.0900413 0.111144 0.13452 0.159831 0.186642 0.214435 0.242634 0.270634 0.297825 0.323628 0.347523 0.369075 0.387957 0.403955 0.416968 0.426985 0.434057 0.438255 0.439638 0.438226 0.433991 0.42687 0.416789 0.403702 0.387627 0.368675 0.347069 0.323144 0.297339 0.270178 0.242237 0.214122 0.186434 0.15974 0.13455 0.111291 0.0902912 0.0717684 0.0558225 0.0424393 0.0315014 0.0228058 0.0160882 0.01105 0.00738427 0.00479841 0.00303066 0.00185989 0.0011088 0.000642066 0.000361122 0.000197286 0.000104701 5.3987e-05 2.70522e-05 1.31765e-05 6.24033e-06 2.87446e-06 1.28822e-06 5.6191e-07 2.38639e-07 9.87136e-08 3.97872e-08 1.56319e-08 5.98924e-09 2.23967e-09 8.20866e-10 3.05328e-10 
2.50827e-10 2.97863e-10 7.26319e-10 2.04271e-09 5.71342e-09 1.55861e-08 4.13618e-08 1.06709e-07 2.67524e-07 6.51504e-07 1.54065e-06 3.53648e-06 7.87732e-06 1.70213e-05 3.56696e-05 7.24752e-05 0.000142752 0.000272528 0.000504239 0.000904161 0.0015713 0.00264686 0.00432276 0.00684684 0.0105224 0.0156994 0.0227561 0.0320722 0.0439941 0.058799 0.076661 0.0976254 0.121594 0.148324 0.177436 0.208434 0.240732 0.273682 0.306604 0.338819 0.369681 0.3986 0.425073 0.448706 0.469222 0.486468 0.500403 0.511072 0.518573 0.523014 0.524475 0.522982 0.518501 0.510945 0.500203 0.486182 0.468842 0.448235 0.424523 0.397992 0.369044 0.338185 0.306006 0.273153 0.240301 0.208123 0.17726 0.148288 0.121695 0.0978497 0.0769876 0.0592004 0.0444394 0.0325303 0.023199 0.0161046 0.0108749 0.00713919 0.00455433 0.00282235 0.00169869 0.000992838 0.000563497 0.000310577 0.000166248 8.64415e-05 4.36675e-05 2.14374e-05 1.02302e-05 4.74716e-06 2.1427e-06 9.4107e-07 4.02324e-07 1.6749e-07 6.7925e-08 2.68457e-08 1.03447e-08 3.88982e-09 1.43355e-09 5.36733e-10 
4.3548e-10 5.21606e-10 1.26811e-09 3.54551e-09 9.85472e-09 2.6709e-08 7.04025e-08 1.80363e-07 4.48902e-07 1.08501e-06 2.54582e-06 5.79675e-06 1.28045e-05 2.74301e-05 5.69725e-05 0.000114703 0.000223805 0.00042315 0.000775192 0.00137597 0.00236654 0.00394446 0.00637282 0.00998371 0.0151729 0.0223825 0.0320722 0.0446782 0.0605672 0.0799907 0.103047 0.12966 0.159569 0.192347 0.227424 0.264124 0.301706 0.339404 0.376461 0.412165 0.445873 0.477036 0.505213 0.530089 0.551472 0.569295 0.583592 0.594476 0.602094 0.606592 0.608071 0.606566 0.602032 0.59436 0.583404 0.569017 0.551092 0.529603 0.504628 0.476366 0.445143 0.411403 0.375701 0.338681 0.301056 0.263579 0.22701 0.192083 0.159465 0.129714 0.103247 0.0803111 0.0609764 0.0451396 0.0325491 0.0228421 0.0155897 0.0103418 0.00666522 0.00417202 0.00253568 0.00149625 0.000857144 0.000476718 0.000257435 0.000135002 6.87649e-05 3.40294e-05 1.63653e-05 7.65091e-06 3.47828e-06 1.53828e-06 6.62043e-07 2.77387e-07 1.13189e-07 4.50013e-08 1.74399e-08 6.59398e-09 2.44351e-09 9.20856e-10 
7.37718e-10 8.90756e-10 2.1589e-09 6.001e-09 1.65766e-08 4.46387e-08 1.16878e-07 2.97352e-07 7.34738e-07 1.76258e-06 4.10351e-06 9.26824e-06 2.03016e-05 4.31147e-05 8.87491e-05 0.00017703 0.000342134 0.000640551 0.00116168 0.00204078 0.00347305 0.00572661 0.00915092 0.0141764 0.0213013 0.031063 0.0439941 0.0605672 0.081135 0.105878 0.134764 0.167538 0.203729 0.242684 0.283617 0.325668 0.367954 0.409621 0.449878 0.488031 0.523495 0.555809 0.584642 0.609793 0.631185 0.648852 0.662914 0.673553 0.680965 0.685329 0.686766 0.685315 0.680926 0.673472 0.662771 0.648625 0.630858 0.609356 0.584092 0.555153 0.522748 0.487215 0.449022 0.408757 0.367121 0.324904 0.28296 0.242167 0.203379 0.16737 0.134778 0.10606 0.0814574 0.0609909 0.0444752 0.0315583 0.0217738 0.0145991 0.00950787 0.00601254 0.00369103 0.00219933 0.00127193 0.000713963 0.000389016 0.00020578 0.000105698 5.27312e-05 2.55579e-05 1.20385e-05 5.51266e-06 2.45497e-06 1.06363e-06 4.48508e-07 1.84143e-07 7.36433e-08 2.87017e-08 1.09113e-08 4.06539e-09 1.54199e-09 
1.21933e-09 1.48339e-09 3.58393e-09 9.90513e-09 2.71946e-08 7.27687e-08 1.89278e-07 4.78247e-07 1.1733e-06 2.79376e-06 6.45403e-06 1.44602e-05 3.14106e-05 6.61304e-05 0.000134907 0.00026661 0.00051033 0.000946032 0.00169829 0.00295242 0.00497092 0.00810711 0.012811 0.0196223 0.0291462 0.0420094 0.058799 0.0799907 0.105878 0.136513 0.171677 0.210879 0.253393 0.298314 0.344634 0.391321 0.437386 0.481933 0.524195 0.56355 0.599528 0.631806 0.660198 0.684648 0.705205 0.722014 0.735282 0.745252 0.752165 0.756223 0.757561 0.756224 0.752159 0.745222 0.735207 0.721872 0.704976 0.684315 0.659752 0.631242 0.59885 0.562769 0.523328 0.481007 0.436435 0.390385 0.343759 0.297547 0.252778 0.210452 0.171457 0.136503 0.10606 0.0803294 0.0592466 0.0425139 0.0296586 0.0201027 0.0132323 0.00845544 0.00524376 0.00315566 0.00184267 0.00104404 0.000574036 0.000306317 0.000158671 7.98039e-05 3.89828e-05 1.85004e-05 8.53287e-06 3.8263e-06 1.66878e-06 7.08157e-07 2.92518e-07 1.17667e-07 4.61158e-08 1.76258e-08 6.60227e-09 2.52016e-09 
1.96625e-09 2.40887e-09 5.80139e-09 1.59439e-08 4.35138e-08 1.15716e-07 2.99047e-07 7.50521e-07 1.82837e-06 4.32176e-06 9.90793e-06 2.20227e-05 4.7443e-05 9.90275e-05 0.000200218 0.000392027 0.000743223 0.00136415 0.00242396 0.00416982 0.00694521 0.0112025 0.0175037 0.026504 0.0389118 0.0554272 0.076661 0.103047 0.134764 0.171677 0.213319 0.258921 0.30747 0.357799 0.408698 0.458998 0.507653 0.553789 0.596722 0.635964 0.671207 0.702303 0.72924 0.752114 0.771109 0.786474 0.798492 0.807457 0.81364 0.817259 0.818456 0.817278 0.813671 0.807486 0.798499 0.786437 0.771006 0.751925 0.728949 0.701896 0.670675 0.635303 0.595936 0.552892 0.506669 0.457963 0.407659 0.356814 0.306598 0.258221 0.212834 0.171431 0.134757 0.103252 0.0770324 0.0559074 0.0394411 0.0270292 0.0179846 0.0116141 0.00727715 0.00442341 0.00260815 0.00149173 0.000827667 0.000445544 0.000232743 0.00011801 5.80954e-05 2.77768e-05 1.29031e-05 5.82561e-06 2.55738e-06 1.09204e-06 4.53787e-07 1.83583e-07 7.23431e-08 2.77957e-08 1.04662e-08 4.01996e-09 
3.09316e-09 3.81417e-09 9.15661e-09 2.5028e-08 6.79107e-08 1.79507e-07 4.60988e-07 1.14936e-06 2.7808e-06 6.52606e-06 1.48498e-05 3.27502e-05 6.99804e-05 0.000144834 0.000290256 0.000563125 0.00105747 0.00192187 0.00338031 0.00575415 0.00948097 0.015124 0.0233649 0.0349729 0.0507473 0.0714339 0.0976254 0.12966 0.167538 0.210879 0.258921 0.310581 0.364551 0.419423 0.473818 0.52649 0.576401 0.622763 0.665039 0.702925 0.736312 0.765249 0.789903 0.810525 0.827422 0.840929 0.85139 0.859131 0.864439 0.867536 0.868566 0.867573 0.864505 0.859215 0.851476 0.840998 0.827453 0.810497 0.789794 0.765038 0.735978 0.702452 0.664415 0.621983 0.575475 0.525442 0.472693 0.418279 0.363461 0.309622 0.258163 0.210371 0.167302 0.129686 0.097877 0.0718524 0.0512649 0.0355241 0.0238953 0.0155959 0.00987373 0.00606233 0.00360945 0.00208391 0.00116675 0.000633569 0.000333742 0.000170582 8.46226e-05 4.0758e-05 1.90665e-05 8.66613e-06 3.82874e-06 1.64494e-06 6.87534e-07 2.79699e-07 1.10807e-07 4.27922e-08 1.61952e-08 6.25807e-09 
4.74644e-09 5.88816e-09 1.4091e-08 3.83121e-08 1.03374e-07 2.71654e-07 6.93383e-07 1.71778e-06 4.12843e-06 9.62136e-06 2.1734e-05 4.75688e-05 0.000100839 0.000206973 0.000411206 0.00079061 0.00147079 0.00264712 0.00460917 0.0077646 0.0126568 0.0199685 0.0305025 0.0451336 0.0647287 0.0900413 0.121594 0.159569 0.203729 0.253393 0.30747 0.364551 0.423051 0.481363 0.537997 0.591699 0.641514 0.686805 0.727233 0.762712 0.793355 0.819409 0.841214 0.859157 0.873645 0.885079 0.893839 0.900265 0.904643 0.90719 0.90804 0.907238 0.904735 0.900393 0.893991 0.88524 0.873797 0.859281 0.841286 0.819404 0.793244 0.762468 0.726826 0.686214 0.64073 0.590729 0.536871 0.480138 0.421805 0.363373 0.306454 0.252616 0.20324 0.159382 0.121686 0.0903592 0.0652019 0.0456867 0.0310675 0.0204935 0.013109 0.00812968 0.00488735 0.0028481 0.00160895 0.000881233 0.000468038 0.000241114 0.000120515 5.84635e-05 2.75369e-05 1.25981e-05 5.60065e-06 2.42051e-06 1.01744e-06 4.16147e-07 1.65713e-07 6.43135e-08 2.44601e-08 9.5072e-09 
7.10363e-09 8.8614e-09 2.11405e-08 5.71879e-08 1.53475e-07 4.01051e-07 1.01766e-06 2.50569e-06 5.98343e-06 1.38508e-05 3.10682e-05 6.74984e-05 0.000141986 0.000289085 0.000569518 0.0010854 0.00200074 0.00356675 0.00614921 0.0102532 0.0165374 0.0258081 0.0389845 0.0570292 0.0808444 0.111144 0.148324 0.192347 0.242684 0.298314 0.357799 0.419423 0.481363 0.541869 0.599423 0.652838 0.701311 0.744411 0.782035 0.814333 0.841635 0.864378 0.883048 0.898142 0.910135 0.919469 0.926535 0.931669 0.935143 0.937156 0.937832 0.937211 0.935251 0.931825 0.926731 0.919696 0.91038 0.898389 0.883276 0.864561 0.841741 0.814325 0.781872 0.744055 0.700731 0.652023 0.598383 0.540649 0.480036 0.418089 0.356566 0.297284 0.241937 0.191923 0.148222 0.111325 0.0812391 0.0575564 0.0395645 0.0263746 0.0170443 0.0106751 0.00647903 0.00381039 0.00217156 0.00119942 0.000642175 0.000333369 0.00016785 8.19958e-05 3.8878e-05 1.78994e-05 8.00541e-06 3.47968e-06 1.47065e-06 6.04647e-07 2.41971e-07 9.43565e-08 3.60562e-08 1.40935e-08 
1.03677e-08 1.29992e-08 3.09185e-08 8.32332e-08 2.22226e-07 5.77593e-07 1.45742e-06 3.5674e-06 8.46636e-06 1.94722e-05 4.33825e-05 9.35858e-05 0.000195404 0.000394759 0.000771393 0.00145766 0.00266318 0.00470388 0.00803187 0.0132591 0.0211654 0.0326798 0.0488262 0.0706295 0.0989866 0.13452 0.177436 0.227424 0.283617 0.344634 0.408698 0.473818 0.537997 0.599423 0.656627 0.708569 0.754654 0.794699 0.828853 0.857501 0.881172 0.900462 0.915972 0.928271 0.937875 0.945235 0.950734 0.954688 0.957342 0.958874 0.959392 0.95893 0.957453 0.954853 0.950951 0.945498 0.938178 0.928603 0.916316 0.900796 0.881464 0.85771 0.828931 0.794593 0.754316 0.707965 0.655747 0.598291 0.536674 0.472402 0.407305 0.343388 0.282625 0.226756 0.177118 0.134532 0.0992697 0.0711012 0.0493982 0.0332727 0.0217187 0.0137351 0.00841413 0.00499283 0.00286986 0.00159811 0.000862321 0.000450986 0.000228679 0.000112464 5.3666e-05 2.48583e-05 1.11821e-05 4.88723e-06 2.07634e-06 8.57927e-07 3.44959e-07 1.35129e-07 5.187e-08 2.0384e-08 
1.4754e-08 1.85852e-08 4.4076e-08 1.18108e-07 3.13801e-07 8.11459e-07 2.03662e-06 4.95733e-06 1.16962e-05 2.67357e-05 5.91817e-05 0.000126806 0.000262893 0.000527161 0.00102211 0.00191571 0.00347024 0.00607491 0.0102769 0.016802 0.0265533 0.0405764 0.0599815 0.0858235 0.118948 0.159831 0.208434 0.264124 0.325668 0.391321 0.458998 0.52649 0.591699 0.652838 0.708569 0.758059 0.800971 0.837388 0.867709 0.892532 0.912555 0.928494 0.941026 0.950757 0.958212 0.963829 0.967965 0.970903 0.972859 0.973983 0.974365 0.974036 0.972965 0.971063 0.96818 0.964099 0.958536 0.951131 0.941439 0.92893 0.912986 0.892918 0.867998 0.837522 0.800885 0.757699 0.707902 0.651864 0.590459 0.525069 0.457514 0.389911 0.32446 0.263219 0.207889 0.159651 0.11909 0.0862103 0.0605207 0.0411775 0.0271418 0.0173265 0.0107104 0.00641045 0.0037152 0.00208517 0.00113358 0.000597088 0.000304816 0.000150874 7.24353e-05 3.37471e-05 1.52643e-05 6.70635e-06 2.86338e-06 1.18872e-06 4.80118e-07 1.88885e-07 7.28163e-08 2.87621e-08 
