1.6151e-05 1.66406e-05 1.85717e-05 2.20632e-05 2.73141e-05 3.46127e-05 4.43414e-05 5.69835e-05 7.31299e-05 9.34864e-05 0.00011888 0.000150263 0.000188718 0.000235458 0.00029182 0.00035926 0.000439341 0.00053371 0.000644075 0.000772174 0.000919735 0.00108843 0.00127983 0.00149535 0.00173617 0.00200322 0.00229706 0.00261789 0.00296542 0.0033389 0.00373702 0.00415794 0.00459923 0.00505788 0.00553035 0.00601257 0.00649999 0.00698766 0.0074703 0.00794239 0.00839829 0.00883231 0.00923884 0.0096125 0.0099482 0.0102413 0.0104876 0.0106836 0.0108265 0.0109143 0.0109455 0.0109198 0.0108377 0.0107002 0.0105094 0.0102681 0.00997986 0.00964866 0.00927916 0.00887641 0.00844576 0.00799279 0.00752316 0.0070425 0.00655633 0.00606992 0.00558823 0.0051158 0.00465672 0.00421458 0.00379239 0.00339263 0.00301718 0.00266739 0.00234406 0.00204752 0.00177763 0.00153387 0.00131536 0.00112097 0.000949312 0.000798868 0.00066799 0.000554977 0.000458114 0.000375707 0.00030612 0.000247795 0.000199279 0.000159229 0.000126427 9.97814e-05 7.83259e-05 6.12202e-05 4.77432e-05 3.72877e-05 2.93533e-05 2.35403e-05 1.95428e-05 1.71486e-05 
1.66406e-05 1.71474e-05 1.91421e-05 2.27474e-05 2.81691e-05 3.5705e-05 4.57503e-05 5.88043e-05 7.54774e-05 9.64985e-05 0.000122721 0.00015513 0.000194842 0.000243107 0.000301307 0.000370944 0.000453627 0.000551055 0.000664988 0.000797215 0.000949513 0.00112361 0.0013211 0.00154345 0.00179188 0.00206731 0.00237033 0.00270112 0.00305939 0.00344434 0.00385463 0.00428834 0.00474295 0.00521538 0.00570196 0.00619849 0.00670031 0.0072023 0.00769904 0.00818486 0.00865394 0.00910046 0.00951865 0.00990298 0.0102482 0.0105496 0.0108029 0.0110044 0.0111513 0.0112415 0.0112735 0.0112471 0.0111625 0.0110211 0.0108248 0.0105767 0.0102801 0.00993943 0.00955931 0.00914494 0.00870184 0.00823572 0.00775241 0.0072577 0.00675725 0.00625648 0.0057605 0.005274 0.00480117 0.00434572 0.00391076 0.00349884 0.00311192 0.00275138 0.00241807 0.00211233 0.00183404 0.00158264 0.00135727 0.00115674 0.000979654 0.00082443 0.000689382 0.000572758 0.000472793 0.000387742 0.000315918 0.000255718 0.00020564 0.000164301 0.000130444 0.000102941 8.07963e-05 6.31423e-05 4.92342e-05 3.84449e-05 3.02581e-05 2.42607e-05 2.01372e-05 1.76681e-05 
1.85717e-05 1.91421e-05 2.13686e-05 2.53875e-05 3.14268e-05 3.98161e-05 5.09926e-05 6.55081e-05 8.40365e-05 0.000107382 0.000136485 0.000172429 0.000216441 0.000269896 0.000334305 0.000411314 0.000502681 0.000610258 0.000735962 0.000881736 0.00104951 0.00124113 0.00145835 0.00170271 0.0019755 0.00227772 0.00260995 0.00297235 0.00336456 0.00378566 0.00423415 0.0047079 0.00520415 0.00571949 0.00624991 0.00679085 0.00733721 0.00788345 0.00842368 0.00895175 0.00946139 0.00994628 0.0104002 0.0108172 0.0111917 0.0115185 0.011793 0.0120114 0.0121704 0.012268 0.0123026 0.0122737 0.0121819 0.0120283 0.0118154 0.0115461 0.0112243 0.0108545 0.0104418 0.00999179 0.00951044 0.00900391 0.00847848 0.00794041 0.00739583 0.00685064 0.00631036 0.0057801 0.00526446 0.00476745 0.0042925 0.00384241 0.00341935 0.00302487 0.00265993 0.00232494 0.0020198 0.00174396 0.00149649 0.00127614 0.00108141 0.00091059 0.00076187 0.000633348 0.000523106 0.000429245 0.000349927 0.000283401 0.000228024 0.000182281 0.000144793 0.000114323 8.97747e-05 7.01938e-05 5.47602e-05 4.27823e-05 3.36904e-05 2.70287e-05 2.24485e-05 1.97076e-05 
2.20632e-05 2.27474e-05 2.53875e-05 3.01432e-05 3.72814e-05 4.71873e-05 6.03712e-05 7.74761e-05 9.92865e-05 0.000126737 0.000160917 0.000203083 0.000254652 0.000317208 0.000392492 0.00048239 0.000588916 0.000714185 0.000860375 0.00102969 0.00122431 0.00144632 0.00169766 0.00198005 0.00229492 0.00264331 0.00302584 0.0034426 0.0038931 0.00437624 0.00489022 0.00543254 0.006 0.00658869 0.007194 0.00781071 0.00843302 0.00905464 0.00966891 0.0102689 0.0108475 0.0113976 0.0119123 0.0123848 0.0128088 0.0131787 0.0134892 0.0137361 0.0139159 0.014026 0.0140648 0.0140318 0.0139276 0.0137536 0.0135123 0.0132071 0.0128424 0.0124232 0.0119552 0.0114447 0.0108983 0.0103231 0.00972594 0.00911405 0.0084943 0.00787336 0.0072575 0.00665253 0.00606369 0.00549558 0.00495216 0.00443666 0.0039516 0.00349883 0.00307951 0.00269417 0.00234276 0.00202474 0.0017391 0.00148446 0.00125916 0.00106131 0.000888841 0.000739624 0.000611481 0.000502253 0.000409842 0.000332246 0.000267581 0.000214107 0.000170236 0.000134539 0.000105751 8.27657e-05 6.46323e-05 5.05479e-05 3.98499e-05 3.20079e-05 2.66159e-05 2.33916e-05 
2.73141e-05 2.81691e-05 3.14268e-05 3.72814e-05 4.6057e-05 5.82206e-05 7.43895e-05 9.5341e-05 0.000122021 0.000155555 0.000197252 0.000248616 0.000311344 0.000387323 0.000478624 0.000587485 0.000716286 0.000867518 0.00104374 0.00124752 0.0014814 0.0017478 0.00204893 0.00238675 0.00276285 0.00317839 0.00363398 0.00412962 0.00466463 0.00523761 0.00584633 0.00648776 0.00715807 0.00785258 0.00856584 0.00929169 0.0100233 0.0107534 0.011474 0.0121773 0.0128548 0.0134985 0.0141003 0.0146523 0.0151474 0.015579 0.0159411 0.0162288 0.0164381 0.0165661 0.016611 0.0165722 0.0164502 0.0162468 0.0159649 0.0156084 0.0151822 0.0146922 0.0141449 0.0135476 0.012908 0.012234 0.0115339 0.0108159 0.0100881 0.00935808 0.00863336 0.00792069 0.00722625 0.0065555 0.00591313 0.005303 0.00472819 0.00419094 0.00369272 0.00323426 0.00281561 0.0024362 0.00209495 0.00179032 0.0015204 0.00128302 0.00107581 0.000896281 0.000741885 0.000610094 0.000498437 0.00040455 0.000326201 0.000261322 0.000208023 0.000164599 0.000129535 0.000101505 7.93664e-05 6.21539e-05 4.90689e-05 3.94716e-05 3.28716e-05 2.89282e-05 
3.46127e-05 3.5705e-05 3.98161e-05 4.71873e-05 5.82206e-05 7.34939e-05 9.37708e-05 0.00012001 0.000153377 0.000195254 0.000247249 0.000311199 0.000389176 0.000483477 0.000596613 0.000731292 0.000890382 0.00107687 0.00129383 0.00154431 0.00183131 0.00215768 0.00252601 0.00293855 0.00339712 0.00390296 0.00445668 0.00505816 0.00570644 0.00639967 0.00713508 0.00790892 0.00871647 0.00955204 0.0104091 0.0112801 0.0121571 0.0130312 0.0138931 0.0147333 0.015542 0.0163096 0.0170266 0.0176839 0.0182729 0.018786 0.0192163 0.0195579 0.0198063 0.0199579 0.0200108 0.0199642 0.0198187 0.0195765 0.0192409 0.0188165 0.018309 0.0177253 0.0170731 0.0163609 0.0155977 0.0147929 0.0139562 0.0130974 0.0122259 0.0113509 0.0104814 0.00962527 0.00879007 0.00798236 0.00720781 0.00647118 0.00577624 0.0051258 0.00452176 0.00396512 0.00345607 0.00299405 0.00257788 0.0022058 0.00187562 0.0015848 0.00133056 0.00110994 0.000919926 0.000757482 0.000619649 0.000503576 0.00040657 0.000326125 0.000259942 0.000205946 0.000162285 0.000127337 9.97023e-05 7.81926e-05 6.18258e-05 4.98136e-05 4.15513e-05 3.66184e-05 
4.43414e-05 4.57503e-05 5.09926e-05 6.03712e-05 7.43895e-05 9.37708e-05 0.000119468 0.000152678 0.000194848 0.000247697 0.000313214 0.000393672 0.000491623 0.00060989 0.000751551 0.000919911 0.00111846 0.00135083 0.0016207 0.00193177 0.0022876 0.00269157 0.00314674 0.0036557 0.00422053 0.00484259 0.00552244 0.00625977 0.00705324 0.00790045 0.00879787 0.00974081 0.0107234 0.0117388 0.0127788 0.0138345 0.014896 0.0159528 0.0169938 0.0180074 0.0189822 0.0199065 0.0207691 0.0215593 0.0222669 0.0228829 0.0233991 0.0238086 0.0241061 0.0242875 0.0243504 0.0242939 0.0241189 0.0238277 0.0234244 0.0229142 0.0223042 0.0216022 0.0208174 0.0199599 0.0190404 0.01807 0.0170603 0.0160229 0.0149691 0.01391 0.0128563 0.0118176 0.0108031 0.00982068 0.00887736 0.00797899 0.00713028 0.00633479 0.00559497 0.0049122 0.00428686 0.00371844 0.00320563 0.00274646 0.00233836 0.00197836 0.00166315 0.0013892 0.00115288 0.000950541 0.000778594 0.000633574 0.000512193 0.000411385 0.000328328 0.000260468 0.000205521 0.000161482 0.000126614 9.94449e-05 7.87523e-05 6.3555e-05 5.30995e-05 4.68616e-05 
5.69835e-05 5.88043e-05 6.55081e-05 7.74761e-05 9.5341e-05 0.00012001 0.000152678 0.000194838 0.000248301 0.000315203 0.000398019 0.000499565 0.000622996 0.000771792 0.000949735 0.00116087 0.00140947 0.00169993 0.00203672 0.00242428 0.00286688 0.00336854 0.00393284 0.00456282 0.00526081 0.00602828 0.00686574 0.00777256 0.00874692 0.00978569 0.0108844 0.0120371 0.0132367 0.0144744 0.0157406 0.0170242 0.0183133 0.0195952 0.0208564 0.0220833 0.0232619 0.0243784 0.0254196 0.0263725 0.0272253 0.0279671 0.0285884 0.029081 0.0294385 0.0296562 0.0297313 0.0296627 0.0294515 0.0291004 0.0286141 0.0279991 0.0272634 0.0264165 0.0254693 0.0244336 0.0233222 0.0221484 0.020926 0.0196688 0.0183906 0.0171045 0.0158234 0.0145591 0.0133227 0.0121238 0.0109711 0.00987188 0.00883192 0.00785578 0.00694662 0.00610631 0.00533554 0.00463386 0.00399986 0.00343129 0.00292519 0.00247804 0.00208591 0.00174459 0.0014497 0.00119682 0.000981598 0.000799803 0.000647415 0.000520667 0.000416087 0.000330519 0.00026114 0.00020546 0.000161321 0.00012689 0.000100642 8.13517e-05 6.80769e-05 6.0162e-05 
7.31299e-05 7.54774e-05 8.40365e-05 9.92865e-05 0.000122021 0.000153377 0.000194848 0.000248301 0.000315989 0.000400573 0.000505122 0.000633121 0.000788466 0.000975441 0.00119869 0.00146316 0.00177405 0.0021367 0.00255652 0.00303883 0.00358875 0.00421102 0.00490986 0.00568877 0.00655038 0.00749624 0.00852671 0.0096408 0.010836 0.0121083 0.0134519 0.0148597 0.0163224 0.0178298 0.0193696 0.0209287 0.0224925 0.0240456 0.025572 0.0270553 0.0284788 0.0298261 0.0310814 0.0322293 0.0332559 0.0341483 0.0348952 0.035487 0.0359162 0.0361773 0.0362669 0.0361838 0.0359292 0.0355064 0.0349209 0.0341804 0.0332942 0.0322738 0.0311318 0.0298823 0.0285405 0.0271223 0.025644 0.0241222 0.0225733 0.0210132 0.0194573 0.01792 0.0164147 0.0149532 0.0135461 0.0122024 0.0109294 0.00973275 0.0086166 0.00758344 0.00663434 0.00576901 0.00498595 0.00428263 0.00365561 0.00310077 0.00261346 0.00218863 0.00182102 0.00150531 0.0012362 0.00100855 0.000817439 0.000658248 0.00052671 0.000418934 0.000331429 0.00026111 0.0002053 0.000161716 0.00012846 0.000104002 8.71674e-05 7.71355e-05 
9.34864e-05 9.64985e-05 0.000107382 0.000126737 0.000155555 0.000195254 0.000247697 0.000315203 0.000400573 0.0005071 0.000638579 0.000799309 0.000994077 0.00122814 0.00150717 0.0018372 0.00222453 0.00267562 0.00319698 0.00379497 0.00447568 0.0052447 0.00610694 0.00706642 0.00812606 0.00928745 0.0105507 0.0119144 0.0133751 0.0149275 0.0165647 0.0182774 0.0200545 0.0218832 0.0237489 0.0256354 0.0275252 0.0294 0.0312404 0.0330269 0.0347396 0.0363592 0.0378668 0.0392445 0.0404756 0.041545 0.0424395 0.0431478 0.0436612 0.0439731 0.0440796 0.0439794 0.0436738 0.0431667 0.0424646 0.0415763 0.0405132 0.0392883 0.0379168 0.0364153 0.0348016 0.0330946 0.0313136 0.0294784 0.0276086 0.0257231 0.0238406 0.0219783 0.0201524 0.0183773 0.016666 0.0150295 0.0134768 0.0120153 0.01065 0.0093843 0.00821986 0.00715657 0.00619291 0.00532603 0.00455201 0.00386604 0.00326262 0.00273576 0.00227918 0.00188645 0.00155118 0.00126714 0.00102834 0.000829129 0.00066429 0.00052904 0.000419079 0.000330602 0.000260295 0.00020533 0.000163351 0.000132457 0.000111186 9.85172e-05 
0.00011888 0.000122721 0.000136485 0.000160917 0.000197252 0.000247249 0.000313214 0.000398019 0.000505122 0.000638579 0.000803058 0.00100383 0.00124675 0.00153822 0.00188515 0.00229483 0.00277488 0.00333306 0.00397714 0.00471469 0.0055529 0.00649831 0.0075566 0.00873233 0.0100287 0.0114472 0.0129878 0.0146481 0.0164238 0.0183082 0.0202924 0.022365 0.0245126 0.0267194 0.0289677 0.0312381 0.0335097 0.0357605 0.0379675 0.0401074 0.042157 0.0440933 0.0458941 0.0475384 0.0490066 0.0502811 0.0513465 0.0521898 0.0528005 0.0531712 0.0532972 0.053177 0.0528123 0.0522075 0.0513702 0.0503108 0.0490424 0.0475803 0.0459423 0.0441477 0.0422177 0.0401742 0.0380403 0.0358392 0.033594 0.0313276 0.029062 0.026818 0.024615 0.0224704 0.0204001 0.0184174 0.0165336 0.0147577 0.0130963 0.0115539 0.0101326 0.00883284 0.00765302 0.00659004 0.00563947 0.00479572 0.00405235 0.0034023 0.0028381 0.00235206 0.00193651 0.00158392 0.00128704 0.00103904 0.000833524 0.000664665 0.000527195 0.000416441 0.000328325 0.000259363 0.000206646 0.000167823 0.000141084 0.000125167 
0.000150263 0.00015513 0.000172429 0.000203083 0.000248616 0.000311199 0.000393672 0.000499565 0.000633121 0.000799309 0.00100383 0.0012531 0.00155425 0.00191503 0.00234377 0.00284927 0.00344064 0.00412716 0.00491803 0.00582221 0.0068481 0.00800331 0.00929433 0.0107263 0.0123025 0.0140246 0.0158918 0.0179009 0.0200462 0.0223193 0.0247091 0.0272018 0.0297807 0.032427 0.0351194 0.0378346 0.0405478 0.0432327 0.0458624 0.0484094 0.0508464 0.0531464 0.0552835 0.0572332 0.0589729 0.0604821 0.0617429 0.0627402 0.063462 0.0638996 0.0640478 0.0639048 0.0634724 0.062756 0.0617641 0.0605089 0.0590055 0.0572717 0.055328 0.0531972 0.0509036 0.0484732 0.0459327 0.0433095 0.0406309 0.0379239 0.0352144 0.0325274 0.0298859 0.0273111 0.0248218 0.0224346 0.0201631 0.0180185 0.0160092 0.0141408 0.0124166 0.0108373 0.00940151 0.00810591 0.0069455 0.00591388 0.00500358 0.00420631 0.00351326 0.00291531 0.00240331 0.00196823 0.00160135 0.00129442 0.00103971 0.000830136 0.000659291 0.000521471 0.000411691 0.00032568 0.000259868 0.000211369 0.000177957 0.000158076 
0.000188718 0.000194842 0.000216441 0.000254652 0.000311344 0.000389176 0.000491623 0.000622996 0.000788466 0.000994077 0.00124675 0.00155425 0.00192517 0.00236885 0.00289529 0.00351498 0.00423878 0.00507766 0.00604248 0.00714372 0.00839114 0.00979348 0.0113581 0.0130906 0.0149946 0.0170713 0.0193193 0.0217343 0.0243089 0.0270326 0.0298916 0.0328691 0.0359452 0.0390969 0.042299 0.0455239 0.0487421 0.0519229 0.0550345 0.0580448 0.060922 0.0636348 0.0661532 0.0684489 0.0704958 0.0722702 0.0737516 0.0749227 0.0757698 0.0762829 0.076456 0.0762871 0.0757783 0.0749356 0.0737692 0.0722926 0.0705233 0.068482 0.0661921 0.0636798 0.0609734 0.058103 0.0550995 0.051995 0.0488214 0.0456102 0.0423922 0.0391966 0.0360508 0.0329803 0.0300075 0.0271523 0.0244315 0.0218588 0.0194447 0.0171964 0.0151184 0.013212 0.0114761 0.00990715 0.00849973 0.00724653 0.00613898 0.00516743 0.00432155 0.00359063 0.00296381 0.00243034 0.00197984 0.00160239 0.00128872 0.00103026 0.000819287 0.000648874 0.000512968 0.000406372 0.000324735 0.000264533 0.000223043 0.000198368 
0.000235458 0.000243107 0.000269896 0.000317208 0.000387323 0.000483477 0.00060989 0.000771792 0.000975441 0.00122814 0.00153822 0.00191503 0.00236885 0.00291086 0.00355294 0.00430755 0.00518749 0.00620568 0.00737481 0.00870703 0.0102136 0.0119044 0.0137877 0.0158696 0.0181538 0.020641 0.0233289 0.0262117 0.0292801 0.0325209 0.0359173 0.039449 0.043092 0.0468191 0.0506003 0.0544031 0.058193 0.0619339 0.0655889 0.069121 0.0724931 0.0756694 0.0786153 0.0812983 0.0836887 0.0857595 0.0874872 0.0888522 0.089839 0.0904361 0.0906369 0.090439 0.0898449 0.0888613 0.0874998 0.0857759 0.0837093 0.0813237 0.0786459 0.0757058 0.0725358 0.0691705 0.0656457 0.0619982 0.0582651 0.0544833 0.0506884 0.046915 0.0431953 0.0395592 0.0360338 0.0326427 0.0294063 0.0263414 0.0234608 0.0207738 0.0182864 0.0160007 0.0139161 0.012029 0.0103334 0.00882126 0.00748268 0.00630661 0.00528106 0.0043935 0.00363117 0.00298139 0.00243184 0.00197073 0.00158696 0.00127032 0.00101149 0.000802151 0.000635002 0.00050376 0.000403153 0.00032891 0.000277728 0.0002473 
0.00029182 0.000301307 0.000334305 0.000392492 0.000478624 0.000596613 0.000751551 0.000949735 0.00119869 0.00150717 0.00188515 0.00234377 0.00289529 0.00355294 0.00433077 0.00524344 0.00630597 0.0075334 0.00894045 0.0105411 0.0123481 0.0143727 0.016624 0.0191085 0.0218298 0.0247879 0.0279793 0.0313963 0.0350273 0.038856 0.0428621 0.0470211 0.0513045 0.0556802 0.0601128 0.0645643 0.0689945 0.0733617 0.0776234 0.0817366 0.0856593 0.0893503 0.0927703 0.0958824 0.0986527 0.101051 0.103051 0.10463 0.10577 0.10646 0.106691 0.106461 0.105773 0.104634 0.103057 0.10106 0.0986644 0.0958977 0.09279 0.0893752 0.0856902 0.0817742 0.0776683 0.0734146 0.0690559 0.0646346 0.0601922 0.0557687 0.051402 0.0471271 0.0429761 0.0389772 0.0351547 0.0315288 0.0281156 0.0249268 0.0219698 0.0192483 0.0167621 0.0145079 0.0124791 0.0106667 0.00905988 0.00764585 0.00641083 0.00534029 0.00441937 0.00363321 0.0029673 0.00240772 0.00194134 0.00155598 0.00124055 0.000985101 0.00078089 0.000620371 0.000497208 0.000406255 0.000343533 0.000306259 
0.00035926 0.000370944 0.000411314 0.00048239 0.000587485 0.000731292 0.000919911 0.00116087 0.00146316 0.0018372 0.00229483 0.00284927 0.00351498 0.00430755 0.00524344 0.0063398 0.00761408 0.00908366 0.0107655 0.0126754 0.014828 0.0172356 0.0199082 0.0228525 0.0260718 0.0295653 0.0333279 0.0373496 0.0416158 0.0461069 0.0507983 0.0556608 0.0606607 0.0657603 0.0709184 0.0760909 0.0812314 0.0862918 0.0912235 0.0959777 0.100506 0.104763 0.108703 0.112285 0.115471 0.118228 0.120524 0.122337 0.123645 0.124436 0.1247 0.124435 0.123644 0.122335 0.120522 0.118227 0.115472 0.112288 0.108709 0.104773 0.100522 0.0959996 0.0912528 0.0863293 0.0812779 0.0761472 0.0709849 0.0658373 0.0607482 0.0557586 0.0509061 0.0462239 0.0417411 0.0374821 0.0334662 0.0297081 0.0262174 0.0229994 0.0200548 0.0173804 0.0149694 0.0128122 0.0108964 0.00920777 0.00773053 0.00644799 0.00534296 0.00439817 0.00359667 0.00292214 0.00235912 0.00189326 0.00151141 0.00120178 0.000953944 0.000758924 0.000609149 0.000498466 0.000422112 0.000376752 
0.000439341 0.000453627 0.000502681 0.000588916 0.000716286 0.000890382 0.00111846 0.00140947 0.00177405 0.00222453 0.00277488 0.00344064 0.00423878 0.00518749 0.00630597 0.00761408 0.00913193 0.0108795 0.012876 0.0151395 0.0176861 0.0205295 0.0236803 0.0271454 0.0309275 0.0350245 0.0394293 0.0441294 0.0491066 0.054337 0.0597916 0.0654356 0.0712296 0.0771297 0.0830882 0.0890542 0.0949746 0.100795 0.106459 0.111913 0.117101 0.121973 0.126478 0.130569 0.134205 0.137349 0.139966 0.14203 0.14352 0.144419 0.144719 0.144416 0.143513 0.142021 0.139955 0.137336 0.134193 0.130557 0.126467 0.121965 0.117098 0.111915 0.106469 0.100813 0.095002 0.089092 0.0831373 0.0771907 0.0713027 0.065521 0.059889 0.0544459 0.049226 0.0442584 0.0395665 0.0351684 0.0310763 0.0272975 0.0238338 0.0206826 0.0178371 0.0152868 0.0130181 0.0110152 0.00926009 0.00773388 0.00641681 0.00528897 0.00433072 0.00352304 0.00284789 0.00228845 0.00182927 0.00145644 0.00115766 0.000922294 0.000741365 0.000607564 0.000515229 0.000460393 
0.00053371 0.000551055 0.000610258 0.000714185 0.000867518 0.00107687 0.00135083 0.00169993 0.0021367 0.00267562 0.00333306 0.00412716 0.00507766 0.00620568 0.0075334 0.00908366 0.0108795 0.0129436 0.0152977 0.0179619 0.0209542 0.0242894 0.0279785 0.0320285 0.0364411 0.0412126 0.0463335 0.0517879 0.0575536 0.0636022 0.0698989 0.0764032 0.0830692 0.0898461 0.096679 0.10351 0.110278 0.116922 0.12338 0.129589 0.135489 0.141022 0.146133 0.150771 0.154889 0.158446 0.161406 0.163739 0.165421 0.166436 0.166773 0.16643 0.165409 0.163721 0.161384 0.15842 0.154861 0.150741 0.146103 0.140994 0.135464 0.129568 0.123366 0.116916 0.110282 0.103524 0.0967058 0.0898861 0.0831231 0.0764713 0.0699812 0.0636984 0.057663 0.0519094 0.0464659 0.0413543 0.0365903 0.0321833 0.0281368 0.0244491 0.0211135 0.0181188 0.0154503 0.0130904 0.0110192 0.00921515 0.00765581 0.00631839 0.00518031 0.0042196 0.00341535 0.00274797 0.00219944 0.00175348 0.00139566 0.00111347 0.000896348 0.000735667 0.00062474 0.000558883 
0.000644075 0.000664988 0.000735962 0.000860375 0.00104374 0.00129383 0.0016207 0.00203672 0.00255652 0.00319698 0.00397714 0.00491803 0.00604248 0.00737481 0.00894045 0.0107655 0.012876 0.0152977 0.0180548 0.0211698 0.0246621 0.0285476 0.0328379 0.0375393 0.0426524 0.0481713 0.0540835 0.0603694 0.0670022 0.0739479 0.0811657 0.0886084 0.0962229 0.103951 0.11173 0.119494 0.127176 0.134705 0.142012 0.149028 0.155687 0.161924 0.167679 0.172896 0.177525 0.181519 0.18484 0.187457 0.189342 0.190479 0.190856 0.19047 0.189325 0.18743 0.184807 0.181479 0.177479 0.172847 0.167627 0.161872 0.155636 0.148981 0.14197 0.134671 0.127151 0.119481 0.11173 0.103965 0.0962524 0.0886541 0.0812279 0.0740265 0.0670968 0.0604791 0.0542071 0.0483071 0.0427985 0.0376937 0.0329984 0.0287119 0.0248278 0.0213348 0.0182169 0.015455 0.0130269 0.0109085 0.00907447 0.00749897 0.00615619 0.00502097 0.0040692 0.00327827 0.00262729 0.00209735 0.00167162 0.00133551 0.00107665 0.000884953 0.000752562 0.000673984 
0.000772174 0.000797215 0.000881736 0.00102969 0.00124752 0.00154431 0.00193177 0.00242428 0.00303883 0.00379497 0.00471469 0.00582221 0.00714372 0.00870703 0.0105411 0.0126754 0.0151395 0.0179619 0.0211698 0.0247876 0.0288363 0.0333329 0.0382889 0.0437098 0.0495945 0.0559347 0.0627142 0.0699089 0.0774866 0.0854072 0.0936233 0.10208 0.110717 0.119467 0.128261 0.137022 0.145677 0.154147 0.162355 0.170225 0.177684 0.184663 0.191094 0.196919 0.202081 0.206532 0.210231 0.213143 0.215241 0.216505 0.216923 0.216492 0.215216 0.213107 0.210185 0.206476 0.202016 0.196848 0.191018 0.184584 0.177605 0.170148 0.162282 0.15408 0.14562 0.136977 0.128228 0.11945 0.110717 0.102098 0.0936602 0.0854632 0.0775614 0.0700019 0.0628243 0.0560604 0.0497338 0.0438604 0.0384486 0.0334991 0.0290064 0.0249589 0.02134 0.0181288 0.0153009 0.0128296 0.0106866 0.00884268 0.00726869 0.00593595 0.00481693 0.00388565 0.0031181 0.00249243 0.0019892 0.00159146 0.00128485 0.00105762 0.000900637 0.000807485 
0.000919735 0.000949513 0.00104951 0.00122431 0.0014814 0.00183131 0.0022876 0.00286688 0.00358875 0.00447568 0.0055529 0.0068481 0.00839114 0.0102136 0.0123481 0.014828 0.0176861 0.0209542 0.0246621 0.0288363 0.0334995 0.038669 0.0443561 0.0505652 0.0572932 0.0645282 0.07225 0.0804293 0.0890279 0.0979989 0.107287 0.11683 0.126558 0.136397 0.146266 0.156084 0.165765 0.175225 0.184378 0.193142 0.201437 0.209187 0.216322 0.222775 0.22849 0.233414 0.237502 0.240718 0.243034 0.244428 0.244889 0.244413 0.243003 0.240672 0.237442 0.233341 0.228406 0.222681 0.21622 0.20908 0.201327 0.193032 0.18427 0.175123 0.165672 0.156002 0.146198 0.136344 0.126524 0.116815 0.107294 0.0980269 0.0890778 0.0805007 0.0723419 0.0646392 0.0574213 0.0507084 0.0445116 0.038834 0.0336713 0.029012 0.0248388 0.0211292 0.017857 0.0149926 0.0125047 0.0103606 0.00852742 0.00697284 0.0056656 0.00457611 0.00367691 0.00294297 0.00235194 0.00188429 0.00152345 0.00125584 0.00107088 0.000961163 
0.00108843 0.00112361 0.00124113 0.00144632 0.0017478 0.00215768 0.00269157 0.00336854 0.00421102 0.0052447 0.00649831 0.00800331 0.00979348 0.0119044 0.0143727 0.0172356 0.0205295 0.0242894 0.0285476 0.0333329 0.038669 0.0445735 0.0510573 0.058123 0.0657645 0.0739664 0.0827035 0.0919405 0.101632 0.111725 0.122154 0.13285 0.143733 0.154719 0.16572 0.176643 0.187397 0.197887 0.208022 0.21771 0.226868 0.235412 0.243269 0.250368 0.256647 0.262052 0.266537 0.270063 0.272601 0.274128 0.274632 0.274108 0.272562 0.270007 0.266463 0.261962 0.256542 0.250249 0.24314 0.235275 0.226725 0.217565 0.207877 0.197746 0.187263 0.17652 0.16561 0.154626 0.143659 0.132797 0.122125 0.11172 0.101652 0.091985 0.0827721 0.074058 0.0658771 0.0582544 0.0512048 0.0447342 0.0388396 0.0335104 0.0287287 0.0244709 0.0207086 0.0174098 0.0145398 0.0120624 0.00994092 0.00813908 0.00662164 0.00535514 0.0043084 0.00345292 0.00276316 0.00221681 0.00179484 0.00148168 0.00126516 0.00113673 
0.00127983 0.0013211 0.00145835 0.00169766 0.00204893 0.00252601 0.00314674 0.00393284 0.00490986 0.00610694 0.0075566 0.00929433 0.0113581 0.0137877 0.016624 0.0199082 0.0236803 0.0279785 0.0328379 0.0382889 0.0443561 0.0510573 0.0584021 0.0663909 0.0750143 0.0842523 0.094074 0.104437 0.11529 0.12657 0.138203 0.15011 0.162203 0.174387 0.186565 0.198637 0.210499 0.222051 0.233193 0.243829 0.253866 0.263219 0.271808 0.279559 0.286409 0.2923 0.297184 0.301021 0.303781 0.305441 0.305988 0.305418 0.303735 0.300954 0.297096 0.292192 0.286283 0.279417 0.271651 0.263051 0.25369 0.243647 0.233009 0.221869 0.210323 0.19847 0.186411 0.17425 0.162085 0.150015 0.138133 0.126526 0.115275 0.10445 0.0941143 0.0843195 0.0751067 0.0665062 0.0585376 0.0512099 0.0445224 0.0384653 0.033021 0.0281647 0.0238662 0.0200908 0.0168007 0.0139561 0.0115164 0.00944101 0.0076906 0.00622755 0.0050167 0.00402578 0.00322587 0.00259157 0.00210123 0.00173706 0.00148517 0.00133581 
0.00149535 0.00154345 0.00170271 0.00198005 0.00238675 0.00293855 0.0036557 0.00456282 0.00568877 0.00706642 0.00873233 0.0107263 0.0130906 0.0158696 0.0191085 0.0228525 0.0271454 0.0320285 0.0375393 0.0437098 0.0505652 0.058123 0.0663909 0.0753666 0.0850366 0.0953756 0.106346 0.117899 0.129974 0.142498 0.15539 0.168559 0.181908 0.195332 0.208723 0.221973 0.234969 0.247604 0.259769 0.271363 0.282288 0.292454 0.301776 0.31018 0.317598 0.323972 0.329252 0.333397 0.336377 0.338168 0.338758 0.338142 0.336325 0.33332 0.32915 0.323847 0.317452 0.310014 0.301593 0.292256 0.282078 0.271144 0.259546 0.24738 0.234749 0.22176 0.208522 0.195147 0.181743 0.168418 0.155275 0.142412 0.129918 0.117875 0.106353 0.0954135 0.085104 0.0754613 0.0665102 0.0582637 0.0507237 0.0438822 0.0377217 0.032217 0.0273362 0.0230421 0.0192938 0.0160477 0.0132592 0.0108836 0.0088769 0.00719724 0.00580519 0.00466453 0.00374262 0.00301079 0.00244453 0.00202368 0.00173247 0.00155982 
0.00173617 0.00179188 0.0019755 0.00229492 0.00276285 0.00339712 0.00422053 0.00526081 0.00655038 0.00812606 0.0100287 0.0123025 0.0149946 0.0181538 0.0218298 0.0260718 0.0309275 0.0364411 0.0426524 0.0495945 0.0572932 0.0657645 0.0750143 0.0850366 0.0958132 0.107313 0.11949 0.132289 0.145638 0.159457 0.173653 0.188124 0.202764 0.217457 0.232087 0.246534 0.260678 0.274404 0.287597 0.300149 0.311959 0.322931 0.33298 0.342027 0.350004 0.356851 0.362518 0.366965 0.370159 0.372079 0.372711 0.37205 0.370102 0.366879 0.362405 0.356711 0.349839 0.341839 0.332771 0.322704 0.311716 0.299894 0.287334 0.274137 0.260413 0.246273 0.231837 0.217223 0.202549 0.187933 0.173489 0.159323 0.145538 0.132223 0.119459 0.107316 0.0958508 0.0851062 0.0751131 0.0658893 0.0574402 0.0497597 0.0428313 0.0366295 0.0311211 0.0262667 0.0220223 0.0183406 0.0151729 0.01247 0.0101836 0.00826699 0.00667642 0.00537139 0.00431538 0.0034762 0.0028263 0.00234293 0.00200833 0.00180998 
0.00200322 0.00206731 0.00227772 0.00264331 0.00317839 0.00390296 0.00484259 0.00602828 0.00749624 0.00928745 0.0114472 0.0140246 0.0170713 0.020641 0.0247879 0.0295653 0.0350245 0.0412126 0.0481713 0.0559347 0.0645282 0.0739664 0.0842523 0.0953756 0.107313 0.120025 0.13346 0.147551 0.162219 0.177372 0.192906 0.20871 0.224665 0.240646 0.256525 0.272176 0.28747 0.302283 0.316496 0.329995 0.342675 0.354438 0.365196 0.374869 0.383387 0.390692 0.396732 0.401468 0.404869 0.406912 0.407584 0.406881 0.404807 0.401375 0.396609 0.390539 0.383206 0.374661 0.364964 0.354184 0.342402 0.329706 0.316195 0.301975 0.28716 0.271868 0.256226 0.24036 0.224397 0.208466 0.19269 0.177188 0.16207 0.147439 0.133386 0.11999 0.107316 0.0954156 0.0843264 0.0740713 0.06466 0.0560892 0.0483437 0.0413984 0.0352188 0.0297637 0.0249861 0.0208354 0.0172584 0.0142017 0.0116121 0.0094383 0.00763182 0.00614776 0.00494546 0.00398902 0.00324762 0.00269583 0.00231371 0.00208721 
0.00229706 0.00237033 0.00260995 0.00302584 0.00363398 0.00445668 0.00552244 0.00686574 0.00852671 0.0105507 0.0129878 0.0158918 0.0193193 0.0233289 0.0279793 0.0333279 0.0394293 0.0463335 0.0540835 0.0627142 0.07225 0.0827035 0.094074 0.106346 0.11949 0.13346 0.148194 0.163616 0.179636 0.196152 0.213047 0.230201 0.247482 0.264755 0.281885 0.298733 0.315165 0.33105 0.346263 0.360687 0.374212 0.386739 0.398179 0.408451 0.417486 0.425226 0.43162 0.436631 0.440226 0.442385 0.443095 0.442351 0.440159 0.436531 0.431489 0.425062 0.417291 0.408226 0.397926 0.386461 0.373911 0.360366 0.345927 0.330703 0.314812 0.29838 0.281537 0.264418 0.247162 0.229903 0.212778 0.195914 0.179436 0.163455 0.148074 0.133383 0.119455 0.106353 0.0941192 0.0827845 0.0723629 0.0628545 0.0542464 0.0465138 0.0396219 0.0335277 0.0281816 0.0235295 0.0195142 0.0160777 0.0131621 0.0107112 0.00867166 0.00699405 0.00563336 0.00454978 0.00370908 0.00308295 0.00264917 0.0023921 
0.00261789 0.00270112 0.00297235 0.0034426 0.00412962 0.00505816 0.00625977 0.00777256 0.0096408 0.0119144 0.0146481 0.0179009 0.0217343 0.0262117 0.0313963 0.0373496 0.0441294 0.0517879 0.0603694 0.0699089 0.0804293 0.0919405 0.104437 0.117899 0.132289 0.147551 0.163616 0.180397 0.197792 0.215686 0.233955 0.252462 0.271068 0.289627 0.307993 0.326019 0.343565 0.360494 0.376675 0.391989 0.406324 0.419579 0.431665 0.442502 0.452022 0.460168 0.466893 0.472157 0.475933 0.478199 0.478944 0.478165 0.475864 0.472054 0.466755 0.459997 0.451817 0.442264 0.431396 0.419281 0.405999 0.391641 0.376308 0.360111 0.343172 0.325622 0.307597 0.28924 0.270695 0.25211 0.23363 0.215394 0.197537 0.180184 0.163447 0.147428 0.132212 0.117868 0.10445 0.0919938 0.0805196 0.0700317 0.0605196 0.0519599 0.0443177 0.0375488 0.031601 0.026417 0.0219358 0.0180948 0.0148312 0.0120839 0.00979481 0.00790953 0.00637865 0.00515828 0.00421062 0.00350435 0.00301486 0.00272479 
0.00296542 0.00305939 0.00336456 0.0038931 0.00466463 0.00570644 0.00705324 0.00874692 0.010836 0.0133751 0.0164238 0.0200462 0.0243089 0.0292801 0.0350273 0.0416158 0.0491066 0.0575536 0.0670022 0.0774866 0.0890279 0.101632 0.11529 0.129974 0.145638 0.162219 0.179636 0.197792 0.216572 0.235851 0.25549 0.275344 0.29526 0.315084 0.334659 0.353833 0.372457 0.390389 0.407496 0.423655 0.438753 0.452691 0.465379 0.47674 0.486707 0.495226 0.502251 0.507746 0.511686 0.514049 0.514827 0.514014 0.511615 0.507641 0.50211 0.49505 0.486496 0.476493 0.465099 0.452378 0.43841 0.423284 0.407101 0.389974 0.372027 0.353395 0.334219 0.314648 0.294836 0.274938 0.25511 0.235503 0.216262 0.197524 0.179415 0.162047 0.145516 0.129902 0.115266 0.101655 0.0890922 0.0775885 0.0671365 0.0577145 0.0492882 0.0418121 0.0352324 0.0294885 0.0245158 0.020247 0.0166148 0.0135532 0.0109987 0.0088923 0.00717994 0.00581351 0.00475152 0.0039595 0.00341037 0.00308498 
0.0033389 0.00344434 0.00378566 0.00437624 0.00523761 0.00639967 0.00790045 0.00978569 0.0121083 0.0149275 0.0183082 0.0223193 0.0270326 0.0325209 0.038856 0.0461069 0.054337 0.0636022 0.0739479 0.0854072 0.0979989 0.111725 0.12657 0.142498 0.159457 0.177372 0.196152 0.215686 0.235851 0.256506 0.277502 0.298682 0.319882 0.340937 0.361684 0.381961 0.401614 0.420499 0.438478 0.455428 0.471236 0.485803 0.499042 0.510878 0.521249 0.530101 0.537395 0.543095 0.547179 0.549629 0.550436 0.549595 0.54711 0.542991 0.537254 0.529925 0.521035 0.510628 0.498756 0.485481 0.47088 0.45504 0.438061 0.420058 0.401154 0.381486 0.361202 0.340456 0.319409 0.298225 0.277068 0.256102 0.235485 0.215363 0.195877 0.177148 0.159287 0.142382 0.126506 0.111713 0.098034 0.0854853 0.0740634 0.0637493 0.0545094 0.0462981 0.0390596 0.0327309 0.0272434 0.022526 0.0185064 0.0151135 0.0122792 0.00993914 0.00803474 0.00651356 0.0053303 0.00444726 0.00383477 0.00347187 
0.00373702 0.00385463 0.00423415 0.00489022 0.00584633 0.00713508 0.00879787 0.0108844 0.0134519 0.0165647 0.0202924 0.0247091 0.0298916 0.0359173 0.0428621 0.0507983 0.0597916 0.0698989 0.0811657 0.0936233 0.107287 0.122154 0.138203 0.15539 0.173653 0.192906 0.213047 0.233955 0.25549 0.277502 0.299829 0.322302 0.344747 0.366989 0.388856 0.410182 0.430808 0.450584 0.469374 0.487052 0.503508 0.518644 0.532377 0.544635 0.555361 0.564505 0.572031 0.577909 0.582117 0.584641 0.585472 0.584607 0.582049 0.577807 0.571894 0.564332 0.55515 0.544386 0.532089 0.518318 0.503145 0.486653 0.468942 0.450123 0.430322 0.409677 0.388339 0.366467 0.344228 0.321796 0.299343 0.277045 0.255069 0.233576 0.212718 0.19263 0.173433 0.155228 0.138098 0.122105 0.10729 0.0936747 0.0812598 0.0700297 0.0599523 0.0509822 0.0430623 0.0361272 0.030105 0.0249205 0.0204967 0.0167579 0.0136305 0.0110455 0.00893945 0.00725559 0.0059447 0.00496578 0.00428652 0.00388409 
0.00415794 0.00428834 0.0047079 0.00543254 0.00648776 0.00790892 0.00974081 0.0120371 0.0148597 0.0182774 0.022365 0.0272018 0.0328691 0.039449 0.0470211 0.0556608 0.0654356 0.0764032 0.0886084 0.10208 0.11683 0.13285 0.15011 0.168559 0.188124 0.20871 0.230201 0.252462 0.275344 0.298682 0.322302 0.346024 0.369663 0.393037 0.415965 0.438277 0.459807 0.480407 0.499937 0.518274 0.53531 0.55095 0.565115 0.577739 0.588768 0.598159 0.60588 0.611904 0.616215 0.6188 0.619652 0.618769 0.616152 0.611808 0.605749 0.597993 0.588564 0.577496 0.564832 0.550627 0.534946 0.517871 0.499496 0.479932 0.459302 0.437747 0.415418 0.392479 0.369104 0.345472 0.321767 0.298172 0.274869 0.252029 0.229817 0.208381 0.187854 0.168349 0.149961 0.132761 0.116799 0.102102 0.0886786 0.0765152 0.0655825 0.0558353 0.047216 0.0396571 0.0330837 0.0274166 0.0225746 0.0184769 0.0150452 0.0122054 0.00988933 0.00803579 0.00659164 0.00551253 0.00476347 0.0043197 
0.00459923 0.00474295 0.00520415 0.006 0.00715807 0.00871647 0.0107234 0.0132367 0.0163224 0.0200545 0.0245126 0.0297807 0.0359452 0.043092 0.0513045 0.0606607 0.0712296 0.0830692 0.0962229 0.110717 0.126558 0.143733 0.162203 0.181908 0.202764 0.224665 0.247482 0.271068 0.29526 0.319882 0.344747 0.369663 0.394437 0.418878 0.442799 0.466024 0.488386 0.509734 0.529929 0.548851 0.566394 0.582469 0.597002 0.609932 0.621212 0.630804 0.63868 0.644821 0.649213 0.651846 0.652714 0.651817 0.649155 0.644733 0.63856 0.630649 0.62102 0.609702 0.596731 0.582155 0.566037 0.54845 0.529486 0.509251 0.487868 0.465476 0.442227 0.41829 0.393842 0.36907 0.344166 0.319323 0.294734 0.270582 0.247044 0.224282 0.202442 0.181649 0.162009 0.143603 0.126491 0.110708 0.096267 0.0831603 0.0713606 0.0608239 0.0514923 0.0432967 0.0361594 0.0299978 0.0247263 0.0202595 0.0165143 0.0134116 0.0108785 0.00884939 0.00726723 0.00608428 0.00526283 0.00477619 
0.00505788 0.00521538 0.00571949 0.00658869 0.00785258 0.00955204 0.0117388 0.0144744 0.0178298 0.0218832 0.0267194 0.032427 0.0390969 0.0468191 0.0556802 0.0657603 0.0771297 0.0898461 0.103951 0.119467 0.136397 0.154719 0.174387 0.195332 0.217457 0.240646 0.264755 0.289627 0.315084 0.340937 0.366989 0.393037 0.418878 0.444314 0.469152 0.493213 0.516327 0.538343 0.559125 0.578555 0.596532 0.612971 0.627806 0.640982 0.652458 0.662204 0.670198 0.676425 0.680875 0.683542 0.684424 0.683517 0.680824 0.676347 0.670091 0.662065 0.652283 0.640769 0.627551 0.612672 0.596187 0.578164 0.558688 0.537861 0.515804 0.492653 0.468563 0.443702 0.418253 0.392408 0.366367 0.340334 0.314509 0.28909 0.264266 0.240211 0.217084 0.195024 0.174147 0.154547 0.136292 0.119425 0.103967 0.0899144 0.0772429 0.0659105 0.0558593 0.0470189 0.0393095 0.0326451 0.0269362 0.0220929 0.0180272 0.0146554 0.0118999 0.00969068 0.00796677 0.00667707 0.00578117 0.00525045 
0.00553035 0.00570196 0.00624991 0.007194 0.00856584 0.0104091 0.0127788 0.0157406 0.0193696 0.0237489 0.0289677 0.0351194 0.042299 0.0506003 0.0601128 0.0709184 0.0830882 0.096679 0.11173 0.128261 0.146266 0.16572 0.186565 0.208723 0.232087 0.256525 0.281885 0.307993 0.334659 0.361684 0.388856 0.415965 0.442799 0.469152 0.494828 0.519642 0.543426 0.566029 0.587317 0.607177 0.625512 0.642246 0.657318 0.67068 0.6823 0.692155 0.700228 0.70651 0.710997 0.713687 0.714576 0.713666 0.710956 0.706445 0.700136 0.692034 0.682146 0.670489 0.657085 0.641968 0.625187 0.606802 0.586892 0.565555 0.542905 0.519079 0.494228 0.468523 0.44215 0.415307 0.388199 0.361039 0.334039 0.307408 0.281346 0.256041 0.231664 0.208367 0.18628 0.165505 0.146123 0.128185 0.111717 0.0967232 0.0831822 0.0710541 0.0602817 0.0507938 0.0425087 0.0353374 0.0291866 0.0239623 0.0195719 0.015927 0.0129455 0.010553 0.00868477 0.00728629 0.00631448 0.00573879 
0.00601257 0.00619849 0.00679085 0.00781071 0.00929169 0.0112801 0.0138345 0.0170242 0.0209287 0.0256354 0.0312381 0.0378346 0.0455239 0.0544031 0.0645643 0.0760909 0.0890542 0.10351 0.119494 0.137022 0.156084 0.176643 0.198637 0.221973 0.246534 0.272176 0.298733 0.326019 0.353833 0.381961 0.410182 0.438277 0.466024 0.493213 0.519642 0.545127 0.569497 0.592604 0.614318 0.63453 0.653151 0.670111 0.685356 0.698848 0.710561 0.72048 0.728596 0.734907 0.739411 0.742109 0.743004 0.742094 0.739379 0.734856 0.728523 0.720381 0.710431 0.698682 0.68515 0.669859 0.652851 0.634177 0.613912 0.592144 0.568984 0.544565 0.519038 0.492573 0.465357 0.437594 0.409495 0.38128 0.353172 0.32539 0.298147 0.271643 0.246062 0.221569 0.198306 0.176387 0.155902 0.136912 0.119452 0.103529 0.0891278 0.0762108 0.0647217 0.0545891 0.0457296 0.0380514 0.0314582 0.0258517 0.0211351 0.0172155 0.0140063 0.011429 0.00941505 0.00790667 0.00685814 0.00623701 
0.00649999 0.00670031 0.00733721 0.00843302 0.0100233 0.0121571 0.014896 0.0183133 0.0224925 0.0275252 0.0335097 0.0405478 0.0487421 0.058193 0.0689945 0.0812314 0.0949746 0.110278 0.127176 0.145677 0.165765 0.187397 0.210499 0.234969 0.260678 0.28747 0.315165 0.343565 0.372457 0.401614 0.430808 0.459807 0.488386 0.516327 0.543426 0.569497 0.594371 0.617902 0.639964 0.660455 0.679291 0.696411 0.71177 0.725338 0.737098 0.747041 0.755167 0.761478 0.76598 0.768677 0.769573 0.768668 0.765959 0.761443 0.755114 0.746966 0.736995 0.725202 0.711595 0.696191 0.67902 0.660129 0.639582 0.617462 0.593873 0.568945 0.542824 0.515682 0.487708 0.459106 0.430095 0.400903 0.37176 0.342896 0.314536 0.286891 0.260161 0.23452 0.210124 0.187099 0.165545 0.145532 0.127103 0.110271 0.0950269 0.0813345 0.0691395 0.0583704 0.0489427 0.0407625 0.0337301 0.0277437 0.0227023 0.0185088 0.0150724 0.0123105 0.0101508 0.00853241 0.00740706 0.00674042 
0.00698766 0.0072023 0.00788345 0.00905464 0.0107534 0.0130312 0.0159528 0.0195952 0.0240456 0.0294 0.0357605 0.0432327 0.0519229 0.0619339 0.0733617 0.0862918 0.100795 0.116922 0.134705 0.154147 0.175225 0.197887 0.222051 0.247604 0.274404 0.302283 0.33105 0.360494 0.390389 0.420499 0.450584 0.480407 0.509734 0.538343 0.566029 0.592604 0.617902 0.641779 0.664116 0.684815 0.703802 0.721022 0.73644 0.750035 0.761798 0.771729 0.779835 0.786124 0.790608 0.793293 0.794187 0.793289 0.790598 0.786106 0.779804 0.77168 0.761725 0.749931 0.736299 0.720836 0.703564 0.684521 0.663763 0.641364 0.617424 0.592066 0.565435 0.537699 0.509049 0.479692 0.449852 0.419761 0.38966 0.359788 0.330381 0.301662 0.273843 0.247111 0.221633 0.197548 0.174966 0.153967 0.134601 0.116889 0.100825 0.0863776 0.0734935 0.062102 0.0521176 0.0434445 0.0359803 0.0296198 0.0242582 0.0197943 0.0161332 0.0131886 0.0108846 0.00915721 0.00795569 0.00724393 
0.0074703 0.00769904 0.00842368 0.00966891 0.011474 0.0138931 0.0169938 0.0208564 0.025572 0.0312404 0.0379675 0.0458624 0.0550345 0.0655889 0.0776234 0.0912235 0.106459 0.12338 0.142012 0.162355 0.184378 0.208022 0.233193 0.259769 0.287597 0.316496 0.346263 0.376675 0.407496 0.438478 0.469374 0.499937 0.529929 0.559125 0.587317 0.614318 0.639964 0.664116 0.686658 0.707502 0.72658 0.743847 0.759276 0.772855 0.784584 0.794471 0.802531 0.808778 0.813229 0.815894 0.816783 0.815897 0.813231 0.808778 0.802523 0.79445 0.784542 0.772786 0.759171 0.743698 0.72638 0.707244 0.686338 0.66373 0.639512 0.6138 0.586736 0.558488 0.529244 0.499215 0.468627 0.43772 0.40674 0.375938 0.345558 0.315837 0.286995 0.259236 0.232735 0.207644 0.184083 0.162142 0.141878 0.123321 0.106468 0.0912916 0.0777415 0.0657471 0.0552226 0.0460705 0.0381861 0.031461 0.0257868 0.0210586 0.0171777 0.0140542 0.0116087 0.00977439 0.00849813 0.00774208 
