0.000253653 0.000258343 0.000274892 0.000303753 0.000345627 0.000401498 0.000472621 0.000560516 0.000666956 0.000793946 0.000943705 0.00111864 0.0013213 0.00155438 0.0018206 0.00212274 0.00246352 0.00284556 0.00327132 0.00374302 0.00426254 0.0048314 0.00545061 0.00612069 0.0068415 0.00761225 0.00843142 0.00929672 0.0102051 0.0111525 0.0121344 0.0131451 0.0141785 0.0152274 0.0162842 0.0173408 0.0183884 0.0194179 0.0204203 0.021386 0.0223058 0.0231706 0.0239715 0.0247004 0.0253494 0.0259117 0.0263811 0.0267525 0.0270217 0.0271859 0.0272431 0.0271927 0.0270355 0.026773 0.0264083 0.0259454 0.0253895 0.0247465 0.0240236 0.0232282 0.0223686 0.0214537 0.0204925 0.0194942 0.0184682 0.0174238 0.0163698 0.0153151 0.0142677 0.0132354 0.0122251 0.0112432 0.0102952 0.00938573 0.00851884 0.00769763 0.00692442 0.00620077 0.00552752 0.00490483 0.00433227 0.00380885 0.00333311 0.00290321 0.00251699 0.00217203 0.00186575 0.00159545 0.00135841 0.00115191 0.000973277 0.000819977 0.000689609 0.000579954 0.000489001 0.000414967 0.000356318 0.000311779 0.000280345 0.000261326 
0.000258343 0.00026313 0.000280001 0.000309416 0.000352092 0.000409029 0.000481506 0.000571071 0.000679528 0.000808919 0.000961503 0.00113973 0.00134619 0.00158362 0.0018548 0.00216255 0.00250962 0.0028987 0.00333226 0.00381255 0.0043415 0.00492062 0.00555095 0.00623298 0.00696658 0.00775093 0.00858447 0.00946485 0.0103889 0.0113527 0.0123514 0.0133793 0.0144301 0.0154967 0.0165712 0.0176453 0.0187102 0.0197567 0.0207754 0.0217569 0.0226916 0.0235703 0.0243841 0.0251246 0.025784 0.0263552 0.026832 0.0272092 0.0274827 0.0276494 0.0277075 0.0276563 0.0274964 0.0272297 0.0268592 0.0263889 0.025824 0.0251707 0.0244361 0.0236279 0.0227544 0.0218246 0.0208477 0.019833 0.0187901 0.0177284 0.0166569 0.0155846 0.0145196 0.0134699 0.0124424 0.0114437 0.0104794 0.00955426 0.00867233 0.00783678 0.00704999 0.00631357 0.00562837 0.00499457 0.00441175 0.0038789 0.00339456 0.00295685 0.00256358 0.0022123 0.00190039 0.00162511 0.00138369 0.00117335 0.000991397 0.000835241 0.000702439 0.000590735 0.00049808 0.00042266 0.000362913 0.000317542 0.000285522 0.00026615 
0.000274892 0.000280001 0.000297934 0.00032918 0.000374492 0.000434927 0.000511832 0.00060684 0.000721851 0.000859012 0.0010207 0.00120949 0.00142811 0.00167941 0.00196633 0.00229179 0.0026587 0.00306983 0.00352777 0.00403486 0.00459308 0.00520398 0.00586862 0.00658747 0.00736035 0.00818635 0.00906378 0.00999015 0.0109621 0.0119754 0.013025 0.014105 0.0152085 0.0163282 0.0174559 0.0185828 0.0196996 0.0207969 0.0218647 0.0228931 0.0238724 0.0247927 0.0256449 0.0264202 0.0271104 0.0277081 0.028207 0.0286017 0.0288877 0.0290619 0.0291225 0.0290687 0.0289013 0.028622 0.028234 0.0277415 0.0271501 0.026466 0.0256966 0.02485 0.023935 0.0229607 0.0219368 0.0208732 0.0197796 0.018666 0.0175419 0.0164165 0.0152985 0.0141961 0.0131168 0.0120673 0.0110535 0.0100806 0.00915281 0.00827346 0.0074451 0.00666946 0.00594749 0.00527942 0.00466483 0.00410271 0.00359156 0.00312945 0.00271408 0.00234292 0.00201323 0.00172215 0.00146677 0.00124419 0.00105159 0.000886232 0.000745564 0.000627209 0.000529012 0.000449065 0.000385723 0.000337617 0.00030367 0.000283141 
0.000303753 0.000309416 0.00032918 0.000363574 0.000413419 0.000479864 0.000564374 0.00066872 0.000794963 0.000945432 0.0011227 0.00132954 0.00156891 0.00184389 0.00215761 0.00251324 0.00291387 0.00336248 0.00386181 0.00441434 0.00502215 0.00568687 0.00640954 0.00719062 0.00802983 0.0089261 0.00987755 0.0108814 0.011934 0.0130306 0.0141659 0.0153332 0.0165254 0.0177343 0.0189512 0.0201666 0.0213705 0.0225528 0.0237028 0.0248099 0.0258636 0.0268536 0.02777 0.0286034 0.029345 0.0299872 0.0305231 0.0309467 0.0312537 0.0314406 0.0315053 0.0314473 0.0312671 0.0309668 0.0305496 0.0300202 0.0293843 0.0286487 0.0278212 0.0269104 0.0259258 0.024877 0.0237746 0.0226288 0.0214504 0.0202499 0.0190374 0.017823 0.016616 0.0154252 0.0142587 0.0131238 0.0120269 0.0109736 0.00996843 0.00901522 0.00811672 0.00727487 0.00649076 0.00576472 0.00509636 0.00448466 0.00392806 0.00342451 0.00297161 0.00256665 0.0022067 0.00188869 0.00160951 0.00136605 0.00115524 0.000974155 0.000820021 0.000690271 0.000582573 0.000494858 0.00042534 0.000372537 0.000335279 0.000312761 
0.000345627 0.000352092 0.000374492 0.000413419 0.000469789 0.00054488 0.000640323 0.000758088 0.000900464 0.00107003 0.00126964 0.00150237 0.00177146 0.00208032 0.00243239 0.00283113 0.00327994 0.00378204 0.00434041 0.00495771 0.00563616 0.00637747 0.0071827 0.00805224 0.00898568 0.00998173 0.0110382 0.0121519 0.0133187 0.0145334 0.0157899 0.0170809 0.0183984 0.0197334 0.0210763 0.0224166 0.0237435 0.0250457 0.0263116 0.0275297 0.0286884 0.0297765 0.0307833 0.0316985 0.0325126 0.0332173 0.0338051 0.0342697 0.0346061 0.0348108 0.0348814 0.0348173 0.0346192 0.0342893 0.0338311 0.0332496 0.0325511 0.0317429 0.0308336 0.0298325 0.0287497 0.0275961 0.0263828 0.0251213 0.0238232 0.0224999 0.0211627 0.0198226 0.0184897 0.0171739 0.015884 0.0146282 0.0134135 0.0122462 0.0111315 0.0100735 0.00907541 0.00813951 0.00726708 0.00645858 0.0057137 0.00503139 0.00441001 0.00384739 0.00334093 0.00288769 0.00248449 0.00212799 0.00181477 0.00154139 0.0013045 0.00110086 0.000927405 0.000781299 0.000659954 0.000561075 0.000482681 0.000423124 0.000381104 0.000355725 
0.000401498 0.000409029 0.000434927 0.000479864 0.00054488 0.000631424 0.000741343 0.000876866 0.00104058 0.00123539 0.00146451 0.0017314 0.00203971 0.00239323 0.00279582 0.00325133 0.00376351 0.00433593 0.00497186 0.00567419 0.00644532 0.00728703 0.00820042 0.00918576 0.0102425 0.011369 0.0125626 0.0138198 0.0151357 0.0165044 0.0179188 0.0193709 0.0208515 0.0223506 0.0238573 0.02536 0.0268466 0.0283045 0.0297209 0.0310829 0.0323778 0.0335931 0.034717 0.0357381 0.0366462 0.0374318 0.0380869 0.0386044 0.0389789 0.0392066 0.0392848 0.0392129 0.0389915 0.0386233 0.0381119 0.0374631 0.0366835 0.0357813 0.0347659 0.0336477 0.0324378 0.0311481 0.029791 0.0283792 0.0269256 0.0254429 0.0239436 0.02244 0.0209434 0.0194648 0.0180143 0.0166009 0.0152326 0.0139166 0.0126588 0.0114639 0.0103356 0.00927668 0.00828864 0.00737215 0.00652696 0.00575204 0.00504564 0.00440544 0.00382858 0.00331186 0.00285175 0.00244455 0.00208645 0.00177363 0.00150233 0.00126891 0.00106993 0.000902207 0.000762814 0.000649166 0.000559024 0.000490525 0.000442199 0.000413035 
0.000472621 0.000481506 0.000511832 0.000564374 0.000640323 0.000741343 0.000869551 0.00102749 0.00121813 0.00144478 0.0017111 0.00202101 0.00237867 0.00278836 0.00325443 0.00378121 0.00437291 0.00503349 0.00576658 0.00657535 0.0074624 0.00842961 0.00947808 0.010608 0.0118184 0.0131074 0.014472 0.0159077 0.0174089 0.0189688 0.0205794 0.0222313 0.0239142 0.0256166 0.0273263 0.02903 0.0307142 0.0323646 0.0339669 0.0355067 0.0369696 0.0383419 0.0396103 0.0407621 0.041786 0.0426714 0.0434092 0.043992 0.0444135 0.0446694 0.0447569 0.0446753 0.0444254 0.0440099 0.0434331 0.0427011 0.0418215 0.0408035 0.0396573 0.0383946 0.0370277 0.03557 0.0340353 0.0324378 0.0307919 0.029112 0.0274121 0.0257059 0.0240064 0.022326 0.0206761 0.019067 0.017508 0.016007 0.0145711 0.0132058 0.0119153 0.010703 0.0095707 0.00851935 0.00754882 0.00665808 0.00584529 0.00510791 0.00444283 0.00384648 0.00331493 0.00284405 0.00242955 0.00206711 0.00175249 0.00148156 0.00125042 0.00105543 0.000893266 0.000760975 0.000655998 0.000576206 0.000519916 0.00048597 
0.000560516 0.000571071 0.00060684 0.00066872 0.000758088 0.000876866 0.00102749 0.00121291 0.00143651 0.00170212 0.00201392 0.00237641 0.00279431 0.00327253 0.00381598 0.00442957 0.00511803 0.00588581 0.00673694 0.00767492 0.00870255 0.00982185 0.0110339 0.0123386 0.0137348 0.0152202 0.0167909 0.0184418 0.0201663 0.0219565 0.023803 0.0256952 0.027621 0.0295674 0.0315204 0.0334651 0.0353859 0.0372667 0.0390914 0.0408437 0.0425076 0.0440674 0.0455082 0.046816 0.0479779 0.0489823 0.0498189 0.0504794 0.0509568 0.0512464 0.0513451 0.0512519 0.0509679 0.050496 0.0498411 0.04901 0.0480112 0.0468549 0.0455526 0.0441172 0.0425628 0.0409043 0.0391572 0.0373375 0.0354615 0.0335453 0.0316049 0.0296558 0.0277128 0.0257901 0.0239005 0.022056 0.0202673 0.0185437 0.016893 0.015322 0.0138358 0.012438 0.0111312 0.00991664 0.00879426 0.00776309 0.00682119 0.00596579 0.00519347 0.00450025 0.00388174 0.00333327 0.00284999 0.00242701 0.00205948 0.00174272 0.00147225 0.00124389 0.00105385 0.000898726 0.000775571 0.000681937 0.000615884 0.000576079 
0.000666956 0.000679528 0.000721851 0.000794963 0.000900464 0.00104058 0.00121813 0.00143651 0.00169965 0.00201194 0.0023782 0.00280358 0.00329352 0.00385357 0.00448936 0.00520645 0.00601018 0.00690553 0.00789701 0.00898847 0.010183 0.0114826 0.0128883 0.0143999 0.0160159 0.0177331 0.0195471 0.0214518 0.0234394 0.0255006 0.0276246 0.0297989 0.0320099 0.0342426 0.0364808 0.0387076 0.0409053 0.0430557 0.0451403 0.0471408 0.0490392 0.0508177 0.0524597 0.0539493 0.055272 0.0564149 0.0573666 0.0581175 0.05866 0.0589888 0.0591004 0.0589938 0.05867 0.0581325 0.0573866 0.0564401 0.0553023 0.0539848 0.0525005 0.0508638 0.0490906 0.0471977 0.0452024 0.043123 0.0409778 0.038785 0.0365629 0.0343291 0.0321005 0.0298932 0.0277221 0.0256008 0.0235418 0.0215557 0.019652 0.0178383 0.0161208 0.0145038 0.0129906 0.0115827 0.0102803 0.00908251 0.00798728 0.00699161 0.00609171 0.00528315 0.004561 0.00391998 0.00335459 0.00285927 0.0024285 0.00205689 0.00173931 0.00147099 0.00124752 0.001065 0.000920028 0.000809776 0.000732003 0.000685166 
0.000793946 0.000808919 0.000859012 0.000945432 0.00107003 0.00123539 0.00144478 0.00170212 0.00201194 0.00237931 0.00280977 0.00330924 0.00388394 0.00454021 0.00528448 0.00612302 0.00706187 0.00810664 0.00926233 0.0105332 0.0119225 0.0134324 0.0150639 0.0168163 0.0186878 0.0206744 0.0227708 0.0249697 0.0272619 0.0296367 0.0320814 0.0345817 0.0371218 0.0396844 0.0422512 0.0448027 0.0473188 0.0497788 0.0521619 0.0544472 0.0566144 0.0586435 0.0605158 0.0622135 0.0637204 0.0650217 0.0661048 0.0669591 0.067576 0.0679495 0.0680758 0.0679537 0.0675845 0.0669719 0.0661221 0.0650435 0.0637468 0.0622448 0.060552 0.0586848 0.0566608 0.054499 0.052219 0.0498413 0.0473867 0.044876 0.0423297 0.0397679 0.03721 0.0346743 0.032178 0.0297368 0.0273649 0.025075 0.0228779 0.0207826 0.0187963 0.0169245 0.015171 0.0135379 0.0120256 0.0106333 0.00935893 0.0081992 0.00714994 0.00620622 0.0053625 0.00461282 0.00395096 0.00337056 0.00286533 0.0024291 0.002056 0.0017405 0.00147758 0.0012627 0.00109195 0.00096205 0.000870421 0.000815274 
0.000943705 0.000961503 0.0010207 0.0011227 0.00126964 0.00146451 0.0017111 0.00201392 0.0023782 0.00280977 0.003315 0.00390068 0.00457389 0.00534192 0.00621201 0.00719131 0.0082866 0.00950416 0.0108495 0.0123274 0.0139413 0.0156934 0.0175845 0.0196137 0.0217783 0.0240738 0.0264935 0.029029 0.0316694 0.0344021 0.0372126 0.0400841 0.0429987 0.0459364 0.0488763 0.0517963 0.0546734 0.0574841 0.060205 0.0628124 0.0652834 0.0675957 0.069728 0.0716604 0.0733747 0.0748546 0.0760859 0.0770565 0.0777572 0.078181 0.0783238 0.0781843 0.0777639 0.0770668 0.0760997 0.0748723 0.0733963 0.0716862 0.0697583 0.0676307 0.0653234 0.0628576 0.0602556 0.0575403 0.0547352 0.0518638 0.0489496 0.0460152 0.0430829 0.0401735 0.0373068 0.0345007 0.0317719 0.0291347 0.026602 0.0241842 0.0218899 0.0197257 0.0176962 0.015804 0.0140501 0.0124337 0.0109526 0.00960343 0.00838151 0.00728138 0.00629685 0.00542118 0.00464733 0.0039681 0.00337629 0.00286486 0.00242708 0.00205662 0.00174766 0.00149502 0.00129416 0.00114132 0.00103351 0.000968659 
0.00111864 0.00113973 0.00120949 0.00132954 0.00150237 0.0017314 0.00202101 0.00237641 0.00280358 0.00330924 0.00390068 0.00458564 0.00537223 0.0062687 0.00728328 0.00842402 0.00969855 0.0111139 0.0126761 0.0143903 0.0162603 0.0182883 0.0204749 0.0228186 0.0253161 0.0279617 0.0307477 0.0336638 0.0366977 0.0398344 0.0430572 0.0463469 0.0496827 0.0530419 0.0564007 0.0597339 0.0630154 0.0662187 0.0693173 0.0722847 0.0750949 0.077723 0.0801452 0.0823391 0.0842846 0.0859632 0.0873593 0.0884594 0.0892531 0.0897329 0.089894 0.0897351 0.0892577 0.0884664 0.0873689 0.0859758 0.0843003 0.0823584 0.0801682 0.0777503 0.0751269 0.0723216 0.0693596 0.0662666 0.0630691 0.0597937 0.0564668 0.0531142 0.0497611 0.0464313 0.0431474 0.03993 0.0367981 0.0337687 0.0308562 0.0280732 0.0254298 0.0229337 0.0205905 0.0184037 0.0163746 0.0145026 0.0127856 0.0112199 0.00980046 0.00852121 0.00737522 0.00635496 0.00545247 0.00465958 0.00396812 0.00337005 0.00285769 0.00242379 0.00206168 0.0017654 0.00152974 0.00135037 0.00122384 0.00114777 
0.0013213 0.00134619 0.00142811 0.00156891 0.00177146 0.00203971 0.00237867 0.00279431 0.00329352 0.00388394 0.00457389 0.00537223 0.00628814 0.00733095 0.00850998 0.00983426 0.0113123 0.0129519 0.0147598 0.0167415 0.0189009 0.0212404 0.02376 0.0264578 0.0293296 0.0323686 0.0355654 0.038908 0.0423821 0.0459704 0.0496534 0.0534093 0.0572142 0.0610424 0.0648667 0.0686584 0.0723884 0.0760266 0.0795433 0.0829086 0.0860936 0.0890703 0.0918122 0.0942945 0.0964945 0.098392 0.0999694 0.101212 0.102108 0.102649 0.102831 0.10265 0.10211 0.101215 0.0999741 0.0983985 0.0965032 0.0943057 0.0918266 0.0890883 0.0861157 0.0829354 0.0795752 0.0760642 0.072432 0.0687085 0.0649234 0.061106 0.0572848 0.0534868 0.0497376 0.046061 0.0424788 0.0390103 0.0356725 0.0324799 0.0294443 0.026575 0.0238787 0.0213598 0.01902 0.0168594 0.0148755 0.0130646 0.0114212 0.00993863 0.00860919 0.00742445 0.00637546 0.00545301 0.00464783 0.00395081 0.0033532 0.00284671 0.00242375 0.00207747 0.00180193 0.00159213 0.00144413 0.0013552 
0.00155438 0.00158362 0.00167941 0.00184389 0.00208032 0.00239323 0.00278836 0.00327253 0.00385357 0.00454021 0.00534192 0.0062687 0.00733095 0.00853921 0.00990394 0.0114352 0.0131426 0.0150345 0.0171185 0.0194003 0.0218842 0.0245722 0.0274642 0.0305574 0.0338466 0.0373236 0.0409773 0.0447938 0.0487562 0.0528447 0.057037 0.0613081 0.0656308 0.0699759 0.0743127 0.0786088 0.0828314 0.086947 0.0909219 0.0947231 0.0983181 0.101676 0.104767 0.107564 0.110042 0.112178 0.113953 0.115351 0.116358 0.116966 0.11717 0.116966 0.116357 0.11535 0.113952 0.112177 0.110042 0.107566 0.104771 0.101683 0.0983285 0.0947376 0.0909413 0.0869719 0.0828626 0.0786467 0.0743577 0.0700284 0.0656911 0.0613762 0.0571129 0.0529282 0.048847 0.0448915 0.0410812 0.037433 0.0339608 0.0306753 0.0275849 0.0246947 0.0220074 0.0195231 0.0172399 0.0151535 0.0132582 0.0115467 0.0100104 0.00864006 0.00742554 0.00635654 0.00542261 0.00461345 0.00391912 0.00333023 0.00283812 0.002435 0.00211408 0.00186967 0.00169723 0.00159367 
0.0018206 0.0018548 0.00196633 0.00215761 0.00243239 0.00279582 0.00325443 0.00381598 0.00448936 0.00528448 0.00621201 0.00728328 0.00850998 0.00990394 0.0114768 0.0132399 0.0152036 0.0173774 0.0197693 0.0223856 0.0252304 0.0283057 0.0316108 0.0351422 0.0388932 0.0428542 0.0470121 0.0513507 0.0558505 0.0604888 0.06524 0.0700758 0.0749653 0.0798755 0.0847718 0.089618 0.0943771 0.0990119 0.103485 0.107759 0.111799 0.11557 0.119039 0.122177 0.124955 0.127349 0.129337 0.130902 0.13203 0.13271 0.132937 0.132708 0.132026 0.130896 0.129329 0.12734 0.124945 0.122168 0.119031 0.115564 0.111796 0.107759 0.10349 0.0990219 0.0943933 0.089641 0.0848024 0.0799143 0.0750126 0.0701319 0.065305 0.0605627 0.0559331 0.0514416 0.0471107 0.0429598 0.039005 0.0352592 0.031732 0.02843 0.0253565 0.0225124 0.0198957 0.0175022 0.0153257 0.0133582 0.0115905 0.0100121 0.0086119 0.00737832 0.00629965 0.00536429 0.00456102 0.00387924 0.00330912 0.00284183 0.00246965 0.00218611 0.00198606 0.00186597 
0.00212274 0.00216255 0.00229179 0.00251324 0.00283113 0.00325133 0.00378121 0.00442957 0.00520645 0.00612302 0.00719131 0.00842402 0.00983426 0.0114352 0.0132399 0.0152607 0.0175092 0.0199956 0.0227286 0.0257148 0.0289583 0.0324609 0.0362212 0.0402345 0.0444929 0.0489848 0.053695 0.0586047 0.0636914 0.0689293 0.0742893 0.0797392 0.0852443 0.0907674 0.0962697 0.101711 0.10705 0.112245 0.117255 0.122038 0.126557 0.130771 0.134646 0.138149 0.141249 0.143919 0.146136 0.14788 0.149136 0.149894 0.150146 0.14989 0.149128 0.147868 0.146121 0.143901 0.141229 0.138128 0.134625 0.13075 0.126537 0.122022 0.117242 0.112237 0.107048 0.101717 0.0962833 0.0907896 0.0852758 0.0797805 0.0743407 0.0689909 0.063763 0.0586861 0.0537858 0.0490842 0.0446002 0.0403487 0.0363411 0.0325854 0.0290861 0.0258445 0.022859 0.0201254 0.0176371 0.0153855 0.0133604 0.0115505 0.00994345 0.00852629 0.00728599 0.00620955 0.0052844 0.00449857 0.00384102 0.00330175 0.00287205 0.00254459 0.00231355 0.00217491 
0.00246352 0.00250962 0.0026587 0.00291387 0.00327994 0.00376351 0.00437291 0.00511803 0.00601018 0.00706187 0.0082866 0.00969855 0.0113123 0.0131426 0.0152036 0.0175092 0.0200719 0.0229028 0.0260111 0.0294037 0.0330848 0.0370556 0.0413138 0.0458537 0.0506656 0.0557358 0.0610467 0.0665766 0.0722999 0.0781871 0.0842053 0.0903182 0.0964869 0.10267 0.108824 0.114904 0.120864 0.126659 0.132243 0.137571 0.142599 0.147286 0.151594 0.155485 0.158927 0.16189 0.16435 0.166284 0.167677 0.168516 0.168795 0.16851 0.167665 0.166266 0.164326 0.161862 0.158895 0.15545 0.151557 0.147249 0.142562 0.137536 0.132211 0.126632 0.120842 0.114889 0.108817 0.102673 0.0964996 0.0903417 0.08424 0.0782333 0.0723577 0.0666459 0.0611271 0.0558266 0.0507661 0.0459629 0.0414305 0.0371786 0.0332127 0.029535 0.0261444 0.0230366 0.0202048 0.0176398 0.0153306 0.0132647 0.0114286 0.00980795 0.0083883 0.00715518 0.0060945 0.00519291 0.00443798 0.0038185 0.00332466 0.0029482 0.00268257 0.00252323 
0.00284556 0.0028987 0.00306983 0.00336248 0.00378204 0.00433593 0.00503349 0.00588581 0.00690553 0.00810664 0.00950416 0.0111139 0.0129519 0.0150345 0.0173774 0.0199956 0.0229028 0.0261108 0.0296295 0.0334659 0.037624 0.0421044 0.0469039 0.0520153 0.0574269 0.0631229 0.0690828 0.0752817 0.0816905 0.0882759 0.0950006 0.101824 0.108703 0.115591 0.12244 0.129201 0.135823 0.142255 0.148448 0.154352 0.159921 0.165108 0.169872 0.174173 0.177976 0.181248 0.183963 0.186098 0.187634 0.188559 0.188865 0.18855 0.187617 0.186073 0.183931 0.181209 0.177931 0.174124 0.169819 0.165053 0.159864 0.154296 0.148394 0.142205 0.135778 0.129163 0.122411 0.115571 0.108694 0.101827 0.0950156 0.0883037 0.0817315 0.0753359 0.0691499 0.0632024 0.057518 0.052117 0.0470152 0.0422238 0.0377501 0.0335971 0.0297643 0.0262475 0.0230397 0.0201312 0.0175102 0.015163 0.0130749 0.0112302 0.00961277 0.00820668 0.00699626 0.00596662 0.00510391 0.00439558 0.00383065 0.00339987 0.00309588 0.00291361 
0.00327132 0.00333226 0.00352777 0.00386181 0.00434041 0.00497186 0.00576658 0.00673694 0.00789701 0.00926233 0.0108495 0.0126761 0.0147598 0.0171185 0.0197693 0.0227286 0.0260111 0.0296295 0.033594 0.0379118 0.0425867 0.0476183 0.0530025 0.0587301 0.0647875 0.0711561 0.0778124 0.0847281 0.0918702 0.0992011 0.106679 0.114259 0.121893 0.129529 0.137115 0.144595 0.151916 0.15902 0.165854 0.172365 0.178501 0.184213 0.189456 0.194186 0.198366 0.201961 0.204943 0.207286 0.208972 0.209987 0.210323 0.209976 0.20895 0.207254 0.204901 0.20191 0.198307 0.19412 0.189385 0.184138 0.178424 0.172287 0.165777 0.158946 0.151846 0.144532 0.13706 0.129484 0.121859 0.114238 0.106671 0.0992074 0.0918912 0.084764 0.0778631 0.0712212 0.0648664 0.0588218 0.0531059 0.047732 0.0427091 0.0380413 0.0337287 0.0297677 0.0261509 0.0228683 0.0199071 0.0172527 0.0148891 0.012799 0.0109648 0.00936897 0.00799409 0.00682369 0.00584239 0.00503623 0.00439299 0.00390234 0.00355607 0.00334852 
0.00374302 0.00381255 0.00403486 0.00441434 0.00495771 0.00567419 0.00657535 0.00767492 0.00898847 0.0105332 0.0123274 0.0143903 0.0167415 0.0194003 0.0223856 0.0257148 0.0294037 0.0334659 0.0379118 0.0427487 0.0479799 0.0536041 0.0596156 0.0660035 0.0727517 0.0798386 0.0872375 0.0949162 0.102837 0.110959 0.119235 0.127615 0.136046 0.14447 0.15283 0.161067 0.169119 0.176928 0.184433 0.191576 0.198304 0.204562 0.210302 0.215478 0.22005 0.22398 0.227238 0.229797 0.231638 0.232746 0.233112 0.232733 0.231611 0.229758 0.227186 0.223917 0.219976 0.215396 0.210212 0.204466 0.198204 0.191474 0.18433 0.176827 0.169022 0.160976 0.152747 0.144397 0.135984 0.127567 0.119201 0.110941 0.102835 0.0949307 0.0872688 0.0798865 0.0728155 0.0660825 0.0597086 0.0537096 0.0480963 0.0428743 0.0380447 0.0336039 0.029545 0.0258573 0.0225274 0.0195396 0.0168764 0.0145193 0.012449 0.0106462 0.00909175 0.00776753 0.00665652 0.0057433 0.00501428 0.00445804 0.00406544 0.0038302 
0.00426254 0.0043415 0.00459308 0.00502215 0.00563616 0.00644532 0.0074624 0.00870255 0.010183 0.0119225 0.0139413 0.0162603 0.0189009 0.0218842 0.0252304 0.0289583 0.0330848 0.037624 0.0425867 0.0479799 0.0538062 0.0600635 0.0667441 0.0738351 0.0813176 0.0891668 0.0973523 0.105838 0.114582 0.123537 0.132652 0.141872 0.151138 0.160387 0.169556 0.178581 0.187396 0.195935 0.204136 0.211936 0.219275 0.226098 0.232351 0.237987 0.242961 0.247236 0.250778 0.25356 0.25556 0.256763 0.257159 0.256746 0.255527 0.253512 0.250715 0.24716 0.242872 0.237886 0.232241 0.225979 0.219151 0.211807 0.204006 0.195806 0.187269 0.17846 0.169442 0.160283 0.151045 0.141794 0.132589 0.123491 0.114553 0.105828 0.0973611 0.0891943 0.0813634 0.0738984 0.0668239 0.0601583 0.0539144 0.0480995 0.0427157 0.0377603 0.0332261 0.0291025 0.0253752 0.0220275 0.0190408 0.0163949 0.0140688 0.0120415 0.0102922 0.00880087 0.00754884 0.00651911 0.00569671 0.00506902 0.00462596 0.00436055 
0.0048314 0.00492062 0.00520398 0.00568687 0.00637747 0.00728703 0.00842961 0.00982185 0.0114826 0.0134324 0.0156934 0.0182883 0.0212404 0.0245722 0.0283057 0.0324609 0.0370556 0.0421044 0.0476183 0.0536041 0.0600635 0.0669929 0.0743828 0.0822177 0.0904759 0.099129 0.108143 0.117476 0.127082 0.13691 0.146902 0.156998 0.167133 0.177239 0.187248 0.197089 0.206692 0.215986 0.224903 0.233377 0.241345 0.248746 0.255525 0.26163 0.267016 0.271643 0.275474 0.278482 0.280644 0.281944 0.282372 0.281925 0.280607 0.278426 0.275401 0.271553 0.266912 0.261512 0.255394 0.248605 0.241195 0.233222 0.224744 0.215826 0.206534 0.196935 0.187101 0.177102 0.167008 0.156887 0.146808 0.136833 0.127024 0.117438 0.108126 0.099133 0.0905006 0.0822625 0.0744466 0.0670743 0.0601609 0.0537155 0.0477415 0.042237 0.0371953 0.0326052 0.0284522 0.0247186 0.0213843 0.0184277 0.0158263 0.0135571 0.0115975 0.00992563 0.00852116 0.00736541 0.00644194 0.00573688 0.00523916 0.0049411 
0.00545061 0.00555095 0.00586862 0.00640954 0.0071827 0.00820042 0.00947808 0.0110339 0.0128883 0.0150639 0.0175845 0.0204749 0.02376 0.0274642 0.0316108 0.0362212 0.0413138 0.0469039 0.0530025 0.0596156 0.0667441 0.0743828 0.0825199 0.0911373 0.10021 0.109705 0.119585 0.129803 0.140309 0.151044 0.161947 0.17295 0.183984 0.194975 0.205848 0.216528 0.226939 0.237006 0.246655 0.255818 0.264425 0.272415 0.279728 0.28631 0.292113 0.297095 0.301219 0.304456 0.306782 0.30818 0.308639 0.308158 0.306739 0.304393 0.301136 0.296992 0.291993 0.286173 0.279576 0.272251 0.264251 0.255635 0.246467 0.236815 0.226748 0.21634 0.205667 0.194802 0.183823 0.172804 0.161817 0.150934 0.140219 0.129735 0.119539 0.109683 0.100211 0.0911607 0.082565 0.0744482 0.0668282 0.0597163 0.0531176 0.0470309 0.0414501 0.0363641 0.0317577 0.0276124 0.0239069 0.0206183 0.0177221 0.0151936 0.0130084 0.0111428 0.00957452 0.00828323 0.007251 0.00646265 0.00590607 0.00557285 
0.00612069 0.00623298 0.00658747 0.00719062 0.00805224 0.00918576 0.010608 0.0123386 0.0143999 0.0168163 0.0196137 0.0228186 0.0264578 0.0305574 0.0351422 0.0402345 0.0458537 0.0520153 0.0587301 0.0660035 0.0738351 0.0822177 0.0911373 0.100573 0.110495 0.120867 0.131647 0.142784 0.15422 0.165893 0.177735 0.189672 0.201629 0.213526 0.225284 0.23682 0.248054 0.258907 0.2693 0.279159 0.288414 0.296998 0.304848 0.31191 0.318132 0.323472 0.32789 0.331355 0.333845 0.335341 0.335833 0.335317 0.333797 0.331284 0.327796 0.323356 0.317997 0.311755 0.304676 0.296811 0.288214 0.278949 0.269082 0.258684 0.24783 0.236598 0.225067 0.213317 0.201431 0.189489 0.177569 0.165747 0.154095 0.142682 0.13157 0.120816 0.110469 0.100572 0.0911609 0.0822645 0.0739034 0.0660912 0.0588349 0.0521346 0.0459848 0.0403744 0.035288 0.0307063 0.0266068 0.0229651 0.0197552 0.0169506 0.0145248 0.0124523 0.010709 0.00927281 0.00812422 0.00724674 0.00662715 0.0062563 
0.0068415 0.00696658 0.00736035 0.00802983 0.00898568 0.0102425 0.0118184 0.0137348 0.0160159 0.0186878 0.0217783 0.0253161 0.0293296 0.0338466 0.0388932 0.0444929 0.0506656 0.0574269 0.0647875 0.0727517 0.0813176 0.0904759 0.10021 0.110495 0.121298 0.132578 0.144288 0.156371 0.168765 0.181401 0.194204 0.207096 0.219995 0.232815 0.24547 0.257874 0.269942 0.281587 0.292729 0.303289 0.313193 0.322371 0.330759 0.3383 0.34494 0.350635 0.355345 0.359038 0.361691 0.363284 0.363807 0.363258 0.361638 0.35896 0.355241 0.350507 0.34479 0.338128 0.330568 0.322162 0.312968 0.303052 0.292482 0.281333 0.269684 0.257617 0.245217 0.232568 0.219759 0.206874 0.194 0.181217 0.168603 0.156234 0.144177 0.132495 0.121242 0.110467 0.100209 0.0905013 0.0813675 0.072824 0.0648798 0.0575365 0.0507895 0.044628 0.0390364 0.0339947 0.0294794 0.0254647 0.021923 0.0188258 0.016145 0.013853 0.0119237 0.0103335 0.00906116 0.00808883 0.00740218 0.0069913 
0.00761225 0.00775093 0.00818635 0.0089261 0.00998173 0.011369 0.0131074 0.0152202 0.0177331 0.0206744 0.0240738 0.0279617 0.0323686 0.0373236 0.0428542 0.0489848 0.0557358 0.0631229 0.0711561 0.0798386 0.0891668 0.099129 0.109705 0.120867 0.132578 0.144793 0.157457 0.17051 0.183882 0.1975 0.211282 0.225144 0.238996 0.252749 0.26631 0.279588 0.292491 0.304931 0.316821 0.32808 0.33863 0.348399 0.357321 0.365335 0.372388 0.378433 0.383432 0.38735 0.390162 0.391851 0.392406 0.391823 0.390105 0.387265 0.383319 0.378295 0.372224 0.365147 0.35711 0.348169 0.338382 0.327816 0.316545 0.304646 0.292201 0.279296 0.26602 0.252465 0.238721 0.224882 0.211038 0.197276 0.183682 0.170335 0.15731 0.144675 0.132491 0.12081 0.109678 0.0991307 0.089196 0.0798933 0.0712337 0.0632207 0.0558507 0.0491134 0.0429932 0.0374696 0.032518 0.0281115 0.0242207 0.0208155 0.0178659 0.0153422 0.0132167 0.0114637 0.0100605 0.00898783 0.00823024 0.00777701 
0.00843142 0.00858447 0.00906378 0.00987755 0.0110382 0.0125626 0.014472 0.0167909 0.0195471 0.0227708 0.0264935 0.0307477 0.0355654 0.0409773 0.0470121 0.053695 0.0610467 0.0690828 0.0778124 0.0872375 0.0973523 0.108143 0.119585 0.131647 0.144288 0.157457 0.171095 0.185135 0.199501 0.214114 0.228886 0.243725 0.258538 0.273227 0.287696 0.301846 0.315582 0.328812 0.341444 0.353395 0.364583 0.374934 0.38438 0.392859 0.400317 0.406705 0.411985 0.416122 0.419091 0.420873 0.421459 0.420843 0.41903 0.416031 0.411865 0.406557 0.40014 0.392656 0.384152 0.374683 0.364312 0.353106 0.341141 0.328497 0.31526 0.301519 0.287369 0.272905 0.258224 0.243424 0.228601 0.213849 0.199261 0.184921 0.17091 0.157303 0.144166 0.131558 0.119529 0.108118 0.0973585 0.0872722 0.0778732 0.0691668 0.0611507 0.0538154 0.0471454 0.0411197 0.0357132 0.0308974 0.0266417 0.0229142 0.0196828 0.0169162 0.0145847 0.0126607 0.01112 0.00994184 0.00910963 0.00861186 
0.00929672 0.00946485 0.00999015 0.0108814 0.0121519 0.0138198 0.0159077 0.0184418 0.0214518 0.0249697 0.029029 0.0336638 0.038908 0.0447938 0.0513507 0.0586047 0.0665766 0.0752817 0.0847281 0.0949162 0.105838 0.117476 0.129803 0.142784 0.156371 0.17051 0.185135 0.200173 0.215542 0.231157 0.246923 0.262742 0.278514 0.294137 0.309508 0.324524 0.339084 0.353093 0.366456 0.379085 0.390898 0.401818 0.411775 0.420707 0.428558 0.435279 0.440831 0.44518 0.4483 0.450173 0.450788 0.450141 0.448236 0.445084 0.440704 0.435122 0.428371 0.420491 0.411532 0.40155 0.390607 0.378774 0.366127 0.35275 0.338731 0.324163 0.309145 0.293777 0.278161 0.2624 0.246597 0.230851 0.215261 0.199918 0.18491 0.170318 0.156214 0.142661 0.129716 0.117423 0.105819 0.0949289 0.08477 0.0753499 0.0666678 0.0587152 0.0514767 0.0449312 0.039053 0.0338124 0.0291774 0.0251145 0.0215897 0.0185699 0.0160233 0.0139208 0.0122365 0.010948 0.0100378 0.00949351 
0.0102051 0.0103889 0.0109621 0.011934 0.0133187 0.0151357 0.0174089 0.0201663 0.0234394 0.0272619 0.0316694 0.0366977 0.0423821 0.0487562 0.0558505 0.0636914 0.0722999 0.0816905 0.0918702 0.102837 0.114582 0.127082 0.140309 0.15422 0.168765 0.183882 0.199501 0.215542 0.231918 0.248535 0.265292 0.282087 0.298812 0.315359 0.33162 0.347488 0.362859 0.37763 0.391707 0.404997 0.417417 0.428888 0.43934 0.448708 0.456937 0.463978 0.469791 0.474343 0.477608 0.479568 0.480211 0.479534 0.477541 0.474244 0.469659 0.463814 0.456741 0.448481 0.439084 0.428605 0.417108 0.404665 0.391354 0.377261 0.362476 0.347096 0.331224 0.314963 0.298421 0.281705 0.264926 0.248187 0.231595 0.215247 0.199237 0.183652 0.16857 0.154062 0.140189 0.127 0.114536 0.102826 0.0918914 0.0817411 0.0723766 0.0637903 0.0559676 0.0488873 0.0425229 0.036844 0.0318172 0.0274073 0.0235788 0.0202965 0.017527 0.0152393 0.0134057 0.0120027 0.0110115 0.0104188 
0.0111525 0.0113527 0.0119754 0.0130306 0.0145334 0.0165044 0.0189688 0.0219565 0.0255006 0.0296367 0.0344021 0.0398344 0.0459704 0.0528447 0.0604888 0.0689293 0.0781871 0.0882759 0.0992011 0.110959 0.123537 0.13691 0.151044 0.165893 0.181401 0.1975 0.214114 0.231157 0.248535 0.266147 0.283888 0.301646 0.319311 0.336767 0.353901 0.370602 0.386761 0.402274 0.417042 0.430971 0.443976 0.455976 0.466901 0.476686 0.485276 0.492622 0.498683 0.503428 0.50683 0.508871 0.509542 0.508837 0.506761 0.503325 0.498547 0.492452 0.485073 0.476451 0.466634 0.45568 0.443651 0.430621 0.416668 0.401881 0.386352 0.370181 0.353472 0.336336 0.318882 0.301226 0.283481 0.265759 0.24817 0.23082 0.213808 0.197229 0.181167 0.165699 0.15089 0.136796 0.123462 0.110923 0.0991999 0.0883073 0.0782477 0.0690151 0.0605956 0.0529681 0.0461058 0.0399774 0.0345483 0.0297818 0.0256408 0.0220883 0.0190889 0.0166101 0.0146225 0.0131013 0.0120263 0.0113837 
0.0121344 0.0123514 0.013025 0.0141659 0.0157899 0.0179188 0.0205794 0.023803 0.0276246 0.0320814 0.0372126 0.0430572 0.0496534 0.057037 0.06524 0.0742893 0.0842053 0.0950006 0.106679 0.119235 0.132652 0.146902 0.161947 0.177735 0.194204 0.211282 0.228886 0.246923 0.265292 0.283888 0.302596 0.321302 0.339885 0.358228 0.376212 0.393722 0.410644 0.426872 0.442304 0.456845 0.470408 0.482913 0.494287 0.504467 0.513397 0.52103 0.527325 0.532251 0.535781 0.5379 0.538596 0.537865 0.535712 0.532147 0.527187 0.520857 0.51319 0.504226 0.494012 0.482606 0.470071 0.45648 0.441913 0.426458 0.410211 0.393274 0.375754 0.357765 0.339422 0.320844 0.302151 0.283459 0.264886 0.246544 0.228539 0.210971 0.193932 0.177503 0.161757 0.146756 0.132548 0.119172 0.106654 0.0950114 0.0842483 0.0743606 0.0653352 0.0571514 0.0497823 0.0431957 0.0373561 0.0322254 0.0277648 0.0239356 0.0207009 0.0180262 0.0158808 0.0142382 0.0130773 0.0123834 
0.0131451 0.0133793 0.014105 0.0153332 0.0170809 0.0193709 0.0222313 0.0256952 0.0297989 0.0345817 0.0400841 0.0463469 0.0534093 0.0613081 0.0700758 0.0797392 0.0903182 0.101824 0.114259 0.127615 0.141872 0.156998 0.17295 0.189672 0.207096 0.225144 0.243725 0.262742 0.282087 0.301646 0.321302 0.34093 0.360408 0.379611 0.398416 0.416704 0.434358 0.45127 0.467335 0.482458 0.496549 0.50953 0.521327 0.531877 0.541126 0.549026 0.555538 0.560632 0.564282 0.566472 0.567192 0.566437 0.564213 0.560527 0.555399 0.548851 0.540916 0.531632 0.521047 0.509216 0.496203 0.482081 0.466929 0.450838 0.433904 0.416232 0.397931 0.379117 0.359912 0.340438 0.320819 0.301179 0.281641 0.262323 0.243338 0.224792 0.206784 0.189403 0.172725 0.156818 0.141737 0.127524 0.114209 0.101813 0.0903424 0.0797947 0.0701581 0.0614124 0.0535305 0.04648 0.0402241 0.0347237 0.0299384 0.025828 0.0223538 0.0194796 0.0171732 0.0154069 0.0141585 0.0134123 
0.0141785 0.0144301 0.0152085 0.0165254 0.0183984 0.0208515 0.0239142 0.027621 0.0320099 0.0371218 0.0429987 0.0496827 0.0572142 0.0656308 0.0749653 0.0852443 0.0964869 0.108703 0.121893 0.136046 0.151138 0.167133 0.183984 0.201629 0.219995 0.238996 0.258538 0.278514 0.298812 0.319311 0.339885 0.360408 0.380749 0.400779 0.420372 0.439403 0.457756 0.475316 0.49198 0.50765 0.522238 0.535662 0.547853 0.558747 0.56829 0.576437 0.58315 0.588398 0.592158 0.594413 0.595155 0.594379 0.592089 0.588295 0.583012 0.576264 0.568081 0.558501 0.547571 0.535345 0.521885 0.507264 0.491563 0.47487 0.457284 0.438911 0.419863 0.400259 0.380223 0.359883 0.339368 0.318806 0.298328 0.278056 0.258111 0.238605 0.219644 0.201322 0.183722 0.166919 0.15097 0.135925 0.121817 0.108669 0.0964912 0.085283 0.0750337 0.065724 0.0573268 0.0498094 0.0431343 0.0372611 0.0321481 0.0277535 0.024037 0.0209611 0.0184918 0.0166003 0.0152631 0.014464 
0.0152274 0.0154967 0.0163282 0.0177343 0.0197334 0.0223506 0.0256166 0.0295674 0.0342426 0.0396844 0.0459364 0.0530419 0.0610424 0.0699759 0.0798755 0.0907674 0.10267 0.115591 0.129529 0.14447 0.160387 0.177239 0.194975 0.213526 0.232815 0.252749 0.273227 0.294137 0.315359 0.336767 0.358228 0.379611 0.400779 0.4216 0.441942 0.46168 0.480691 0.498862 0.516087 0.532268 0.547317 0.561153 0.573707 0.584916 0.594729 0.603102 0.609996 0.615384 0.619244 0.621559 0.622321 0.621526 0.619177 0.615284 0.609861 0.602931 0.594522 0.584673 0.573426 0.560835 0.546962 0.531877 0.515662 0.498405 0.480206 0.46117 0.441413 0.421056 0.400227 0.379056 0.357678 0.336228 0.314838 0.293641 0.272762 0.252319 0.232426 0.213182 0.194677 0.176991 0.160188 0.14432 0.129427 0.115533 0.102654 0.0907885 0.0799292 0.0700571 0.0611456 0.0531615 0.0460669 0.0398203 0.0343787 0.029699 0.0257394 0.0224606 0.0198276 0.0178101 0.0163837 0.0155314 
0.0162842 0.0165712 0.0174559 0.0189512 0.0210763 0.0238573 0.0273263 0.0315204 0.0364808 0.0422512 0.0488763 0.0564007 0.0648667 0.0743127 0.0847718 0.0962697 0.108824 0.12244 0.137115 0.15283 0.169556 0.187248 0.205848 0.225284 0.24547 0.26631 0.287696 0.309508 0.33162 0.353901 0.376212 0.398416 0.420372 0.441942 0.462993 0.483394 0.503023 0.521764 0.539511 0.556164 0.571637 0.585851 0.598736 0.610233 0.62029 0.628865 0.635923 0.641437 0.645386 0.647754 0.648534 0.647722 0.645322 0.64134 0.635792 0.628699 0.620088 0.609994 0.598459 0.585536 0.571283 0.555772 0.539082 0.521301 0.502528 0.482871 0.462447 0.441378 0.419796 0.397834 0.375632 0.35333 0.331065 0.308975 0.287193 0.265843 0.245044 0.224902 0.205515 0.186966 0.169325 0.152651 0.136985 0.122358 0.108786 0.0962725 0.08481 0.0743811 0.0649596 0.0565124 0.0490009 0.042383 0.0366143 0.0316506 0.0274484 0.0239674 0.021171 0.0190276 0.017512 0.0166066 
0.0173408 0.0176453 0.0185828 0.0201666 0.0224166 0.02536 0.02903 0.0334651 0.0387076 0.0448027 0.0517963 0.0597339 0.0686584 0.0786088 0.089618 0.101711 0.114904 0.129201 0.144595 0.161067 0.178581 0.197089 0.216528 0.23682 0.257874 0.279588 0.301846 0.324524 0.347488 0.370602 0.393722 0.416704 0.439403 0.46168 0.483394 0.504415 0.524618 0.543887 0.562114 0.579201 0.595061 0.609617 0.622801 0.634555 0.644831 0.653587 0.66079 0.666415 0.670443 0.672858 0.673655 0.672828 0.670382 0.666323 0.660665 0.653428 0.644636 0.634323 0.622531 0.609307 0.594711 0.578811 0.561684 0.54342 0.524117 0.503883 0.482834 0.461098 0.438807 0.416098 0.393115 0.370001 0.346901 0.323957 0.301308 0.279085 0.257412 0.236403 0.21616 0.196773 0.178319 0.160858 0.144439 0.129095 0.114845 0.101695 0.0896403 0.078664 0.0687406 0.0598371 0.0519145 0.0449298 0.038838 0.0335933 0.0291512 0.0254699 0.0225115 0.0202434 0.0186395 0.0176813 
0.0183884 0.0187102 0.0196996 0.0213705 0.0237435 0.0268466 0.0307142 0.0353859 0.0409053 0.0473188 0.0546734 0.0630154 0.0723884 0.0828314 0.0943771 0.10705 0.120864 0.135823 0.151916 0.169119 0.187396 0.206692 0.226939 0.248054 0.269942 0.292491 0.315582 0.339084 0.362859 0.386761 0.410644 0.434358 0.457756 0.480691 0.503023 0.524618 0.545351 0.565103 0.583768 0.601249 0.617458 0.632322 0.645773 0.657756 0.668224 0.677139 0.68447 0.690192 0.694288 0.696745 0.697555 0.696716 0.694231 0.690105 0.684352 0.676988 0.668039 0.657533 0.645512 0.63202 0.617115 0.600864 0.583342 0.564637 0.544846 0.524079 0.502453 0.480096 0.457142 0.433732 0.410013 0.386133 0.362242 0.338487 0.315012 0.291954 0.269445 0.247603 0.226537 0.206343 0.187102 0.168881 0.151732 0.135692 0.120783 0.107015 0.0943832 0.082873 0.0724594 0.0631097 0.0547847 0.0474408 0.0410321 0.0355117 0.030834 0.0269558 0.0238383 0.0214476 0.0197568 0.0187467 
0.0194179 0.0197567 0.0207969 0.0225528 0.0250457 0.0283045 0.0323646 0.0372667 0.0430557 0.0497788 0.0574841 0.0662187 0.0760266 0.086947 0.0990119 0.112245 0.126659 0.142255 0.15902 0.176928 0.195935 0.215986 0.237006 0.258907 0.281587 0.304931 0.328812 0.353093 0.37763 0.402274 0.426872 0.45127 0.475316 0.498862 0.521764 0.543887 0.565103 0.585295 0.604357 0.622191 0.638713 0.653849 0.667536 0.67972 0.690356 0.699408 0.706849 0.712654 0.716809 0.719301 0.720124 0.719275 0.716756 0.712574 0.706739 0.699268 0.690181 0.679508 0.667286 0.653558 0.638379 0.621814 0.603936 0.584832 0.564599 0.543345 0.521188 0.498257 0.474688 0.450627 0.42622 0.401623 0.376987 0.352467 0.32821 0.304362 0.281058 0.258423 0.236572 0.215606 0.195612 0.176662 0.158811 0.142101 0.126557 0.112191 0.0990018 0.0869748 0.0760863 0.0663039 0.0575883 0.0498954 0.0431786 0.0373899 0.0324828 0.0284128 0.0251401 0.0226299 0.0208543 0.0197937 
0.0204203 0.0207754 0.0218647 0.0237028 0.0263116 0.0297209 0.0339669 0.0390914 0.0451403 0.0521619 0.060205 0.0693173 0.0795433 0.0909219 0.103485 0.117255 0.132243 0.148448 0.165854 0.184433 0.204136 0.224903 0.246655 0.2693 0.292729 0.316821 0.341444 0.366456 0.391707 0.417042 0.442304 0.467335 0.49198 0.516087 0.539511 0.562114 0.583768 0.604357 0.623773 0.641922 0.65872 0.674096 0.687988 0.700345 0.711126 0.720296 0.727829 0.733705 0.737909 0.740431 0.741264 0.740408 0.737862 0.733632 0.727729 0.720166 0.710963 0.700147 0.687751 0.673818 0.658398 0.641555 0.623361 0.603899 0.583267 0.561571 0.538931 0.515475 0.491342 0.466677 0.441635 0.41637 0.39104 0.365804 0.340815 0.316223 0.29217 0.268786 0.246192 0.224494 0.203784 0.184139 0.16562 0.14827 0.13212 0.117183 0.103459 0.090936 0.0795916 0.0693932 0.0603018 0.0522729 0.0452591 0.0392117 0.0340832 0.0298281 0.0264055 0.0237798 0.0219222 0.0208128 
0.021386 0.0217569 0.0228931 0.0248099 0.0275297 0.0310829 0.0355067 0.0408437 0.0471408 0.0544472 0.0628124 0.0722847 0.0829086 0.0947231 0.107759 0.122038 0.137571 0.154352 0.172365 0.191576 0.211936 0.233377 0.255818 0.279159 0.303289 0.32808 0.353395 0.379085 0.404997 0.430971 0.456845 0.482458 0.50765 0.532268 0.556164 0.579201 0.601249 0.622191 0.641922 0.660348 0.677387 0.692971 0.70704 0.719546 0.730448 0.739717 0.747328 0.753262 0.757507 0.760053 0.760896 0.760033 0.757465 0.753197 0.747238 0.739599 0.730299 0.719361 0.706818 0.692707 0.677079 0.659993 0.64152 0.621742 0.600753 0.578661 0.555584 0.531651 0.507004 0.481789 0.456161 0.430281 0.40431 0.37841 0.35274 0.327455 0.302702 0.278617 0.255326 0.23294 0.211557 0.191258 0.172107 0.154153 0.137428 0.121948 0.107717 0.0947237 0.0829456 0.0723513 0.0629018 0.0545525 0.0472553 0.040961 0.0356208 0.0311888 0.0276228 0.0248866 0.0229507 0.0217945 
0.0223058 0.0226916 0.0238724 0.0258636 0.0286884 0.0323778 0.0369696 0.0425076 0.0490392 0.0566144 0.0652834 0.0750949 0.0860936 0.0983181 0.111799 0.126557 0.142599 0.159921 0.178501 0.198304 0.219275 0.241345 0.264425 0.288414 0.313193 0.33863 0.364583 0.390898 0.417417 0.443976 0.470408 0.496549 0.522238 0.547317 0.571637 0.595061 0.617458 0.638713 0.65872 0.677387 0.694636 0.710398 0.724617 0.737247 0.748251 0.757602 0.765276 0.771258 0.775536 0.778102 0.778952 0.778084 0.775499 0.771201 0.765196 0.757496 0.748116 0.737077 0.72441 0.710149 0.694343 0.677047 0.65833 0.638274 0.61697 0.594525 0.571058 0.546698 0.521586 0.495871 0.469712 0.44327 0.416711 0.390202 0.363905 0.337981 0.31258 0.287845 0.263907 0.240882 0.218871 0.197961 0.17822 0.1597 0.142437 0.126449 0.111742 0.0983058 0.0861196 0.0751525 0.0653655 0.0567139 0.0491493 0.0426216 0.0370816 0.0324822 0.0287807 0.02594 0.0239299 0.0227295 
