0.000167387 0.000170773 0.000182904 0.000204166 0.000235164 0.000276747 0.000330008 0.000396278 0.000477117 0.000574305 0.000689828 0.000825856 0.000984725 0.0011689 0.00138094 0.00162347 0.00189909 0.00221038 0.00255979 0.00294957 0.00338176 0.00385804 0.00437971 0.00494758 0.00556193 0.00622242 0.00692806 0.00767713 0.00846717 0.00929492 0.0101564 0.0110467 0.0119604 0.0128911 0.013832 0.0147756 0.0157138 0.0166384 0.0175408 0.0184122 0.0192439 0.0200273 0.0207542 0.0214166 0.0220073 0.0225196 0.0229477 0.0232867 0.0235327 0.0236828 0.0237353 0.0236896 0.0235462 0.0233069 0.0229744 0.0225527 0.0220466 0.0214619 0.0208052 0.0200837 0.0193052 0.0184781 0.0176109 0.0167123 0.0157909 0.0148554 0.0139141 0.0129749 0.0120453 0.0111322 0.010242 0.0093801 0.0085514 0.00775992 0.00700896 0.006301 0.00563781 0.00502043 0.00444924 0.00392402 0.003444 0.00300793 0.00261418 0.00226077 0.00194549 0.00166592 0.00141953 0.00120374 0.00101595 0.000853636 0.000714333 0.000595716 0.000495615 0.000412042 0.000343207 0.000287536 0.000243681 0.00021053 0.000187206 0.000173107 
0.000170773 0.000174235 0.000186625 0.000208337 0.000239987 0.000282443 0.00033682 0.000404476 0.000487002 0.000586214 0.000704137 0.000842986 0.00100514 0.00119311 0.00140951 0.00165701 0.00193825 0.00225587 0.00261234 0.00300997 0.00345082 0.0039366 0.00446861 0.00504768 0.00567408 0.00634745 0.00706677 0.00783027 0.00863544 0.00947894 0.0103567 0.0112638 0.0121945 0.0131425 0.0141008 0.0150617 0.0160171 0.0169585 0.0178772 0.0187643 0.0196109 0.0204083 0.021148 0.0218221 0.0224232 0.0229445 0.02338 0.023725 0.0239752 0.0241279 0.0241813 0.0241347 0.0239887 0.0237452 0.0234068 0.0229776 0.0224625 0.0218674 0.021199 0.0204646 0.0196722 0.0188303 0.0179474 0.0170325 0.0160944 0.0151418 0.0141831 0.0132266 0.0122798 0.0113497 0.0104427 0.00956456 0.00872013 0.00791355 0.00714818 0.00642656 0.00575051 0.00512109 0.00453871 0.00400314 0.00351362 0.00306888 0.00266726 0.00230677 0.00198514 0.00169992 0.00144853 0.00122835 0.00103674 0.000871108 0.00072895 0.000607899 0.000505741 0.000420449 0.000350197 0.00029338 0.000248623 0.00021479 0.000190989 0.000176603 
0.000182904 0.000186625 0.000199885 0.000223099 0.000256924 0.000302281 0.000360353 0.000432581 0.000520651 0.000626487 0.000752232 0.000900229 0.00107299 0.00127317 0.00150352 0.00176685 0.00206594 0.00240356 0.0027823 0.00320457 0.00367251 0.00418789 0.00475205 0.00536582 0.00602944 0.00674249 0.00750385 0.0083116 0.00916303 0.0100546 0.010982 0.01194 0.0129225 0.0139229 0.0149338 0.015947 0.016954 0.017946 0.0189137 0.0198479 0.0207391 0.0215783 0.0223567 0.0230658 0.0236979 0.0242461 0.024704 0.0250665 0.0253295 0.0254898 0.0255457 0.0254966 0.0253429 0.0250866 0.0247307 0.0242791 0.0237372 0.023111 0.0224076 0.0216346 0.0208005 0.0199139 0.0189841 0.0180202 0.0170316 0.0160274 0.0150166 0.0140077 0.0130086 0.0120268 0.0110691 0.0101414 0.00924898 0.00839623 0.00758669 0.00682312 0.00610744 0.00544084 0.00482378 0.00425608 0.00373694 0.0032651 0.00283881 0.002456 0.00211431 0.00181117 0.00154387 0.00130966 0.00110575 0.000929408 0.000778006 0.000649034 0.000540154 0.000449219 0.000374298 0.00031369 0.000265938 0.000229838 0.000204444 0.000189102 
0.000204166 0.000208337 0.000223099 0.000248911 0.000286493 0.000336857 0.000401303 0.000481409 0.000579023 0.00069625 0.000835432 0.000999126 0.00119007 0.00141116 0.00166536 0.00195574 0.0022853 0.00265702 0.00307368 0.00353787 0.00405185 0.0046175 0.00523621 0.00590881 0.00663547 0.00741567 0.00824809 0.00913059 0.0100602 0.0110329 0.0120439 0.0130876 0.0141574 0.0152459 0.0163451 0.0174462 0.0185401 0.019617 0.020667 0.02168 0.0226462 0.0235555 0.0243985 0.0251664 0.0258506 0.0264436 0.026939 0.027331 0.0276152 0.0277883 0.0278485 0.027795 0.0276285 0.0273509 0.0269654 0.0264764 0.0258895 0.0252113 0.0244492 0.0236116 0.0227074 0.0217461 0.0207374 0.0196914 0.0186181 0.0175273 0.0164287 0.0153316 0.0142446 0.0131758 0.0121326 0.0111214 0.0101481 0.00921736 0.00833322 0.00749871 0.00671599 0.00598643 0.00531061 0.00468838 0.00411898 0.00360106 0.00313281 0.002712 0.00233612 0.0020024 0.00170793 0.00144972 0.00122476 0.00103008 0.00086282 0.000720247 0.000599812 0.000499169 0.000416207 0.000349065 0.000296148 0.000256136 0.000227992 0.000210999 
0.000235164 0.000239987 0.000256924 0.000286493 0.000329507 0.000387108 0.000460758 0.000552235 0.000663615 0.00079726 0.000955796 0.00114208 0.00135918 0.0016103 0.00189876 0.00222795 0.00260119 0.00302175 0.00349269 0.00401684 0.00459663 0.00523408 0.00593063 0.00668711 0.00750361 0.00837944 0.009313 0.0103018 0.0113424 0.0124303 0.0135601 0.0147255 0.0159189 0.0171323 0.0183566 0.0195822 0.0207989 0.0219958 0.0231621 0.0242868 0.0253586 0.026367 0.0273014 0.028152 0.0289096 0.0295661 0.0301142 0.0305477 0.0308619 0.0310531 0.0311193 0.0310597 0.030875 0.0305673 0.0301402 0.0295984 0.0289481 0.0281964 0.0273516 0.0264227 0.0254196 0.0243526 0.0232325 0.0220704 0.0208772 0.0196639 0.0184411 0.0172191 0.0160075 0.0148154 0.0136508 0.0125211 0.0114329 0.0103914 0.00940115 0.00846569 0.00758752 0.00676825 0.00600863 0.00530861 0.00466743 0.00408368 0.00355542 0.00308024 0.0026554 0.00227785 0.00194441 0.00165176 0.00139656 0.00117552 0.000985446 0.000823295 0.000686213 0.000571576 0.000477015 0.000400444 0.000340069 0.000294406 0.000262289 0.000242912 
0.000276747 0.000282443 0.000302281 0.000336857 0.000387108 0.000454343 0.000540243 0.000646842 0.000776518 0.00093197 0.00111619 0.00133244 0.00158419 0.00187509 0.00220889 0.00258938 0.00302033 0.00350537 0.00404793 0.0046511 0.00531757 0.0060495 0.00684842 0.00771512 0.00864959 0.00965087 0.010717 0.0118451 0.0130311 0.0142698 0.0155549 0.0168791 0.018234 0.0196104 0.0209979 0.0223858 0.0237623 0.0251156 0.0264333 0.027703 0.0289125 0.0300495 0.0311026 0.0320607 0.0329137 0.0336525 0.034269 0.0347565 0.0351095 0.0353242 0.0353981 0.0353306 0.0351223 0.0347756 0.0342944 0.0336841 0.0329514 0.0321043 0.0311519 0.0301044 0.0289727 0.0277683 0.0265033 0.02519 0.0238408 0.0224678 0.0210832 0.0196983 0.0183241 0.0169708 0.0156477 0.0143632 0.0131245 0.011938 0.0108088 0.009741 0.0087376 0.00780055 0.00693084 0.00612855 0.00539293 0.0047225 0.00411516 0.00356828 0.00307882 0.00264341 0.00225845 0.00192024 0.00162502 0.00136906 0.00114875 0.000960625 0.000801447 0.000668222 0.000558249 0.00046914 0.000398844 0.000345662 0.000308259 0.000285709 
0.000330008 0.00033682 0.000360353 0.000401303 0.000460758 0.000540243 0.000641705 0.000767506 0.000920399 0.0011035 0.00132027 0.00157445 0.00187005 0.00221122 0.00260227 0.00304752 0.00355123 0.0041175 0.00475019 0.00545274 0.00622813 0.00707868 0.00800601 0.00901087 0.0100931 0.0112513 0.0124833 0.0137854 0.0151528 0.0165795 0.0180581 0.0195802 0.0211362 0.0227151 0.0243055 0.0258949 0.0274699 0.0290171 0.0305225 0.031972 0.0333517 0.0346481 0.0358479 0.0369391 0.03791 0.0387505 0.0394515 0.0400056 0.0404066 0.0406502 0.0407337 0.0406563 0.0404189 0.040024 0.039476 0.0387809 0.0379464 0.0369813 0.0358959 0.0347016 0.0334106 0.0320361 0.0305916 0.0290909 0.027548 0.0259769 0.0243912 0.0228039 0.0212275 0.0196737 0.0181532 0.0166756 0.0152494 0.0138818 0.012579 0.0113458 0.0101857 0.00910121 0.00809355 0.007163 0.00630883 0.00552952 0.00482277 0.00418567 0.00361484 0.00310648 0.00265655 0.00226083 0.00191504 0.00161493 0.00135636 0.00113535 0.000948178 0.000791386 0.000661858 0.000556834 0.000473939 0.000411207 0.000367087 0.000340508 
0.000396278 0.000404476 0.000432581 0.000481409 0.000552235 0.000646842 0.000767506 0.000916983 0.00109848 0.00131563 0.00157243 0.00187324 0.00222267 0.00262553 0.00308677 0.00361132 0.00420405 0.00486963 0.00561239 0.0064362 0.00734434 0.00833935 0.00942292 0.0105957 0.0118573 0.013206 0.014639 0.0161518 0.0177387 0.0193927 0.0211051 0.022866 0.0246642 0.0264874 0.028322 0.0301536 0.0319673 0.0337475 0.0354781 0.0371433 0.0387272 0.0402144 0.0415902 0.0428405 0.0439526 0.0449147 0.0457169 0.0463506 0.0468089 0.0470871 0.0471821 0.0470928 0.0468205 0.0463679 0.04574 0.0449436 0.0439871 0.0428807 0.0416361 0.0402659 0.0387841 0.0372055 0.0355454 0.0338197 0.0320443 0.030235 0.0284073 0.0265763 0.0247564 0.0229609 0.0212021 0.0194913 0.0178384 0.0162518 0.0147388 0.0133051 0.0119549 0.0106914 0.00951608 0.00842951 0.00743103 0.00651903 0.00569102 0.00494379 0.00427353 0.00367597 0.0031465 0.00268032 0.00227253 0.00191824 0.00161267 0.00135124 0.00112962 0.000943819 0.000790203 0.000665563 0.000567134 0.00049262 0.000440216 0.000408668 
0.000477117 0.000487002 0.000520651 0.000579023 0.000663615 0.000776518 0.000920399 0.00109848 0.00131451 0.00157272 0.00187777 0.00223472 0.00264892 0.00312592 0.00367141 0.00429107 0.00499047 0.00577491 0.00664929 0.00761794 0.0086845 0.00985171 0.0111213 0.0124939 0.0139686 0.0155434 0.0172147 0.0189771 0.0208239 0.0227466 0.0247351 0.0267778 0.0288618 0.0309725 0.0330944 0.0352111 0.0373052 0.0393587 0.0413537 0.0432717 0.0450949 0.0468056 0.0483871 0.0498237 0.0511007 0.052205 0.0531253 0.0538519 0.0543772 0.0546957 0.054804 0.054701 0.0543878 0.0538678 0.0531465 0.0522316 0.0511326 0.0498611 0.04843 0.046854 0.0451487 0.043331 0.0414182 0.0394285 0.03738 0.0352907 0.0331786 0.0310608 0.0289539 0.0268733 0.0248334 0.0228472 0.0209262 0.0190805 0.0173185 0.0156471 0.0140713 0.0125951 0.0112204 0.00994809 0.00877764 0.00770737 0.00673458 0.00585571 0.00506649 0.00436209 0.00373728 0.00318656 0.0027043 0.00228487 0.00192276 0.00161265 0.00134952 0.00112872 0.000946033 0.000797704 0.000680505 0.000591753 0.000529334 0.000491782 
0.000574305 0.000586214 0.000626487 0.00069625 0.00079726 0.00093197 0.0011035 0.00131563 0.00157272 0.00187971 0.00224204 0.00266556 0.00315647 0.00372121 0.0043663 0.00509829 0.00592351 0.006848 0.00787729 0.00901624 0.0102688 0.011638 0.0131256 0.0147319 0.0164559 0.0182948 0.020244 0.0222973 0.0244465 0.0266816 0.0289908 0.0313605 0.0337755 0.0362192 0.0386736 0.0411196 0.0435374 0.0459064 0.048206 0.0504152 0.0525137 0.0544815 0.0562995 0.05795 0.0594164 0.0606839 0.0617397 0.0625729 0.063175 0.0635397 0.0636632 0.0635443 0.0631842 0.0625869 0.0617584 0.0607075 0.0594449 0.0579836 0.0563384 0.0545256 0.0525632 0.0504702 0.0482664 0.0459723 0.0436087 0.0411962 0.0387553 0.0363057 0.0338665 0.0314556 0.0290895 0.0267834 0.0245508 0.0224035 0.0203514 0.0184026 0.0165636 0.0148387 0.0132307 0.0117408 0.0103687 0.00911262 0.00796967 0.00693593 0.00600661 0.00517626 0.00443892 0.00378831 0.00321798 0.00272145 0.00229233 0.00192449 0.00161208 0.00134972 0.00113246 0.000955956 0.000816417 0.000710711 0.000636366 0.000591668 
0.000689828 0.000704137 0.000752232 0.000835432 0.000955796 0.00111619 0.00132027 0.00157243 0.00187777 0.00224204 0.00267153 0.00317305 0.00375376 0.00442106 0.00518247 0.00604547 0.0070173 0.00810478 0.00931413 0.0106508 0.0121191 0.0137222 0.015462 0.0173384 0.01935 0.0214932 0.0237624 0.0261502 0.0286467 0.0312402 0.0339168 0.0366607 0.0394542 0.0422782 0.0451117 0.0479331 0.0507194 0.0534472 0.056093 0.0586329 0.0610437 0.0633029 0.0653889 0.0672816 0.0689623 0.0704144 0.0716233 0.072577 0.0732657 0.0736826 0.0738232 0.0736863 0.0732733 0.0725885 0.0716389 0.0704341 0.0689864 0.0673103 0.0654224 0.0633414 0.0610875 0.0586821 0.0561477 0.0535077 0.0507856 0.048005 0.0451894 0.0423613 0.0395426 0.036754 0.0340146 0.031342 0.0287519 0.0262582 0.0238726 0.0216047 0.0194621 0.0174503 0.0155729 0.0138314 0.0122258 0.0107543 0.00941387 0.00820018 0.0071079 0.00613086 0.00526234 0.00449516 0.00382194 0.00323522 0.00272767 0.00229216 0.00192197 0.0016108 0.00135294 0.00114331 0.000977489 0.000851835 0.000763456 0.000710351 
0.000825856 0.000842986 0.000900229 0.000999126 0.00114208 0.00133244 0.00157445 0.00187324 0.00223472 0.00266556 0.00317305 0.00376504 0.00444979 0.00523579 0.00613167 0.00714594 0.00828683 0.00956203 0.0109785 0.0125423 0.0142581 0.0161294 0.0181577 0.0203429 0.0226828 0.0251729 0.0278065 0.0305746 0.0334655 0.0364655 0.0395584 0.0427257 0.045947 0.0492002 0.0524613 0.0557054 0.0589063 0.0620375 0.0650719 0.0679827 0.0707436 0.0733292 0.0757151 0.0778785 0.0797987 0.081457 0.0828369 0.083925 0.0847105 0.0851854 0.0853451 0.0851881 0.084716 0.0839335 0.0828485 0.0814718 0.0798172 0.077901 0.0757417 0.0733605 0.0707799 0.0680243 0.065119 0.0620905 0.0589655 0.0557707 0.0525329 0.049278 0.0460309 0.0428154 0.0396536 0.0365658 0.0335703 0.0306832 0.0279183 0.025287 0.0227985 0.0204593 0.0182739 0.0162445 0.0143714 0.0126529 0.0110857 0.0096651 0.00838519 0.0072391 0.00621919 0.00531734 0.00452511 0.00383398 0.0032355 0.0027215 0.00228419 0.0019163 0.00161121 0.001363 0.00116658 0.00101768 0.000912946 0.000850047 
0.000984725 0.00100514 0.00107299 0.00119007 0.00135918 0.00158419 0.00187005 0.00222267 0.00264892 0.00315647 0.00375376 0.00444979 0.00525403 0.00617622 0.00722618 0.00841356 0.00974767 0.0112372 0.0128898 0.0147121 0.0167094 0.0188851 0.0212406 0.0237754 0.0264866 0.0293685 0.032413 0.0356094 0.038944 0.0424006 0.0459603 0.0496019 0.0533019 0.0570347 0.060773 0.0644883 0.0681508 0.0717305 0.0751967 0.0785192 0.0816684 0.0846155 0.0873333 0.0897963 0.0919813 0.0938673 0.0954361 0.0966725 0.0975646 0.0981037 0.0982844 0.0981052 0.0975677 0.0966773 0.0954428 0.0938763 0.0919929 0.0898111 0.0873516 0.0846378 0.0816953 0.0785512 0.0752342 0.0717739 0.0682006 0.0645447 0.0608362 0.0571049 0.0533791 0.0496859 0.0460509 0.0424973 0.0390464 0.0357169 0.0325249 0.029484 0.0266047 0.0238954 0.0213614 0.0190056 0.0168289 0.0148295 0.0130042 0.0113479 0.00985391 0.00851468 0.00732162 0.00626555 0.00533688 0.0045259 0.00382295 0.00321866 0.00270406 0.0022708 0.00191123 0.00161851 0.00138673 0.00121098 0.00108735 0.00101313 
0.0011689 0.00119311 0.00127317 0.00141116 0.0016103 0.00187509 0.00221122 0.00262553 0.00312592 0.00372121 0.00442106 0.00523579 0.00617622 0.00725342 0.00847853 0.00986245 0.0114156 0.0131478 0.0150674 0.0171818 0.0194964 0.0220148 0.0247383 0.0276657 0.0307931 0.0341137 0.0376176 0.0412922 0.0451213 0.0490862 0.0531651 0.0573333 0.0615638 0.0658276 0.0700936 0.0743292 0.078501 0.0825747 0.0865161 0.0902912 0.0938666 0.0972104 0.100292 0.103083 0.105558 0.107693 0.109468 0.110867 0.111875 0.112484 0.112688 0.112484 0.111876 0.110867 0.109469 0.107695 0.105561 0.103089 0.1003 0.0972219 0.0938821 0.0903113 0.0865416 0.0826061 0.0785389 0.0743742 0.070146 0.0658877 0.0616318 0.0574091 0.0532486 0.0491772 0.0452194 0.0413966 0.0377279 0.0342288 0.0309123 0.0277879 0.0248625 0.0221399 0.0196213 0.0173054 0.0151888 0.0132659 0.0115297 0.00997158 0.00858205 0.00735075 0.00626688 0.00531941 0.00449736 0.00379 0.00318711 0.00267909 0.00225715 0.00191345 0.00164116 0.00143461 0.0012893 0.00120212 
0.00138094 0.00140951 0.00150352 0.00166536 0.00189876 0.00220889 0.00260227 0.00308677 0.00367141 0.0043663 0.00518247 0.00613167 0.00722618 0.00847853 0.00990128 0.0115067 0.0133065 0.0153113 0.0175306 0.0199722 0.0226419 0.0255434 0.0286774 0.0320422 0.0356327 0.0394405 0.043454 0.0476581 0.0520342 0.0565604 0.0612115 0.0659594 0.0707733 0.07562 0.0804644 0.0852697 0.0899982 0.0946114 0.0990711 0.103339 0.107378 0.111153 0.11463 0.117777 0.120566 0.122971 0.12497 0.126544 0.127679 0.128364 0.128592 0.128362 0.127676 0.12654 0.124964 0.122965 0.12056 0.117772 0.114627 0.111152 0.10738 0.103345 0.0990821 0.0946282 0.0900216 0.0853004 0.0805031 0.0756671 0.0708292 0.0660242 0.0612853 0.056643 0.0521253 0.0477572 0.0435604 0.0395534 0.0357511 0.0321651 0.0288037 0.0256718 0.0227713 0.0201013 0.0176583 0.0154364 0.013428 0.0116237 0.0100129 0.00858395 0.00732482 0.00622303 0.00526616 0.00444202 0.00373897 0.00314606 0.00265325 0.00225156 0.00193316 0.00169155 0.00152157 0.00141962 
0.00162347 0.00165701 0.00176685 0.00195574 0.00222795 0.00258938 0.00304752 0.00361132 0.00429107 0.00509829 0.00604547 0.00714594 0.00841356 0.00986245 0.0115067 0.01336 0.0154353 0.0177444 0.0202976 0.0231034 0.0261677 0.029494 0.0330829 0.0369313 0.0410331 0.0453782 0.0499527 0.0547388 0.059715 0.0648561 0.0701332 0.0755143 0.0809644 0.0864459 0.0919191 0.097343 0.102675 0.107873 0.112893 0.117693 0.122233 0.126473 0.130375 0.133905 0.137032 0.139726 0.141965 0.143727 0.144997 0.145763 0.146018 0.145759 0.14499 0.143717 0.141952 0.139711 0.137015 0.133887 0.130357 0.126456 0.122219 0.117683 0.112887 0.107872 0.102681 0.0973566 0.0919411 0.086477 0.0810051 0.0755651 0.0701943 0.0649274 0.0597964 0.0548298 0.0500527 0.0454864 0.0411487 0.037053 0.0332095 0.0296243 0.0263003 0.023237 0.0204309 0.017876 0.0155639 0.0134846 0.0116262 0.00997593 0.00852025 0.00724518 0.00613673 0.00518116 0.00436526 0.00367662 0.00310381 0.0026366 0.00226609 0.00198483 0.00178693 0.00166829 
0.00189909 0.00193825 0.00206594 0.0022853 0.00260119 0.00302033 0.00355123 0.00420405 0.00499047 0.00592351 0.0070173 0.00828683 0.00974767 0.0114156 0.0133065 0.0154353 0.0178165 0.0204629 0.0233857 0.0265938 0.0300934 0.0338879 0.0379769 0.0423566 0.047019 0.0519522 0.0571396 0.0625608 0.0681907 0.0740005 0.0799573 0.0860247 0.0921631 0.0983305 0.104482 0.110572 0.116554 0.122379 0.128 0.133371 0.138446 0.143182 0.147538 0.151477 0.154963 0.157967 0.160461 0.162423 0.163836 0.164688 0.164971 0.164682 0.163825 0.162406 0.160439 0.157941 0.154934 0.151445 0.147505 0.143149 0.138414 0.133341 0.127974 0.122358 0.116539 0.110566 0.104484 0.0983423 0.0921856 0.0860582 0.0800024 0.0740573 0.0682593 0.0626407 0.0572304 0.0520531 0.0471292 0.0424748 0.0381019 0.0340183 0.0302278 0.0267305 0.0235233 0.0205999 0.0179515 0.0155669 0.0134335 0.011537 0.00986232 0.00839397 0.00711624 0.0060137 0.00507148 0.00427557 0.00361304 0.00307231 0.00264326 0.00231745 0.00208818 0.00195079 
0.00221038 0.00225587 0.00240356 0.00265702 0.00302175 0.00350537 0.0041175 0.00486963 0.00577491 0.006848 0.00810478 0.00956203 0.0112372 0.0131478 0.0153113 0.0177444 0.0204629 0.0234807 0.0268098 0.0304596 0.0344364 0.0387431 0.0433786 0.0483376 0.0536105 0.0591828 0.0650354 0.0711445 0.0774814 0.0840131 0.0907023 0.0975081 0.104386 0.111289 0.118167 0.124969 0.131643 0.138137 0.144397 0.150374 0.156017 0.16128 0.166117 0.170487 0.174354 0.177683 0.180446 0.18262 0.184184 0.185127 0.185439 0.185119 0.184168 0.182596 0.180415 0.177646 0.174311 0.17044 0.166067 0.161228 0.155965 0.150323 0.14435 0.138093 0.131606 0.124939 0.118146 0.111278 0.104387 0.0975211 0.0907282 0.0840521 0.0775338 0.0712102 0.065114 0.0592736 0.0537126 0.0484499 0.0434997 0.0388715 0.0345706 0.0305979 0.0269505 0.0236221 0.0206034 0.0178824 0.0154453 0.0132766 0.0113596 0.00967697 0.00821139 0.00694557 0.00586286 0.00494752 0.00418501 0.00356227 0.0030679 0.00269235 0.00242804 0.00226972 
0.00255979 0.00261234 0.0027823 0.00307368 0.00349269 0.00404793 0.00475019 0.00561239 0.00664929 0.00787729 0.00931413 0.0109785 0.0128898 0.0150674 0.0175306 0.0202976 0.0233857 0.0268098 0.0305828 0.0347143 0.0392106 0.0440741 0.0493025 0.0548892 0.0608222 0.0670846 0.0736541 0.0805032 0.0875992 0.0949048 0.102378 0.109972 0.117639 0.125324 0.132974 0.140531 0.147939 0.155139 0.162075 0.168691 0.174932 0.180747 0.186089 0.190912 0.195177 0.198847 0.201892 0.204286 0.206009 0.207046 0.207389 0.207035 0.205987 0.204254 0.201851 0.198798 0.19512 0.190849 0.18602 0.180675 0.174858 0.168617 0.162003 0.155071 0.147876 0.140476 0.132927 0.125288 0.117614 0.109961 0.102381 0.0949226 0.0876322 0.0805514 0.0737173 0.0671622 0.0609134 0.0549928 0.0494172 0.0441983 0.0393426 0.0348523 0.030725 0.0269543 0.0235306 0.0204412 0.017671 0.0152032 0.0130196 0.011101 0.0094283 0.00798221 0.00674421 0.00569673 0.0048235 0.00410987 0.00354305 0.00311231 0.00280912 0.00262757 
0.00294957 0.00300997 0.00320457 0.00353787 0.00401684 0.0046511 0.00545274 0.0064362 0.00761794 0.00901624 0.0106508 0.0125423 0.0147121 0.0171818 0.0199722 0.0231034 0.0265938 0.0304596 0.0347143 0.0393678 0.0444261 0.0498908 0.0557586 0.0620207 0.0686629 0.0756653 0.0830021 0.0906419 0.0985475 0.106677 0.114983 0.123413 0.131914 0.140427 0.14889 0.157243 0.165422 0.173363 0.181006 0.188289 0.195155 0.201547 0.207414 0.212708 0.217387 0.221411 0.224747 0.22737 0.229257 0.230392 0.230767 0.230379 0.22923 0.22733 0.224696 0.221348 0.217314 0.212627 0.207326 0.201453 0.195057 0.18819 0.180907 0.173267 0.16533 0.157158 0.148815 0.140362 0.131862 0.123375 0.114959 0.10667 0.0985575 0.0906691 0.0830465 0.0757264 0.06874 0.0621127 0.0558641 0.0500083 0.0445537 0.0395036 0.0348562 0.0306056 0.0267418 0.0232513 0.0201181 0.0173239 0.0148488 0.012672 0.0107723 0.00912838 0.0077198 0.00652701 0.00553191 0.00471816 0.00407148 0.00357987 0.0032338 0.00302664 
0.00338176 0.00345082 0.00367251 0.00405185 0.00459663 0.00531757 0.00622813 0.00734434 0.0086845 0.0102688 0.0121191 0.0142581 0.0167094 0.0194964 0.0226419 0.0261677 0.0300934 0.0344364 0.0392106 0.0444261 0.0500885 0.0561984 0.0627509 0.0697352 0.0771343 0.0849249 0.0930776 0.101556 0.110319 0.119319 0.128504 0.137815 0.147193 0.156573 0.165888 0.175072 0.184054 0.192768 0.201145 0.209121 0.216633 0.223622 0.230031 0.235811 0.240916 0.245304 0.248941 0.251798 0.253853 0.255089 0.255497 0.255073 0.253821 0.25175 0.248878 0.245228 0.240827 0.235711 0.229922 0.223505 0.21651 0.208995 0.201018 0.192642 0.183932 0.174956 0.165781 0.156476 0.147109 0.137746 0.128451 0.119284 0.110303 0.101559 0.0930997 0.0849662 0.0771941 0.0698125 0.0628444 0.0563065 0.0502092 0.0445574 0.0393503 0.0345822 0.030243 0.0263188 0.0227923 0.019644 0.0168523 0.0143946 0.0122476 0.010388 0.00879315 0.00744155 0.00631314 0.00538978 0.00465561 0.00409728 0.00370419 0.00346896 
0.00385804 0.0039366 0.00418789 0.0046175 0.00523408 0.0060495 0.00707868 0.00833935 0.00985171 0.011638 0.0137222 0.0161294 0.0188851 0.0220148 0.0255434 0.029494 0.0338879 0.0387431 0.0440741 0.0498908 0.0561984 0.0629962 0.0702774 0.0780288 0.0862304 0.0948552 0.103869 0.113232 0.122898 0.132812 0.142916 0.153149 0.163441 0.173724 0.183925 0.19397 0.203784 0.213295 0.22243 0.231119 0.239295 0.246895 0.25386 0.260137 0.265676 0.270436 0.274379 0.277475 0.279701 0.28104 0.28148 0.281021 0.279663 0.277419 0.274305 0.270346 0.265571 0.260018 0.253729 0.246754 0.239146 0.230965 0.222273 0.213138 0.203629 0.19382 0.183783 0.173593 0.163323 0.153046 0.142831 0.132745 0.122851 0.113208 0.103866 0.0948733 0.0862696 0.0780883 0.0703559 0.063092 0.0563097 0.0500153 0.0442094 0.0388868 0.0340375 0.0296469 0.025697 0.0221669 0.0190335 0.016272 0.0138572 0.0117638 0.00996693 0.00844283 0.00716947 0.00612683 0.00529739 0.00466638 0.00422205 0.00395624 
0.00437971 0.00446861 0.00475205 0.00523621 0.00593063 0.00684842 0.00800601 0.00942292 0.0111213 0.0131256 0.015462 0.0181577 0.0212406 0.0247383 0.0286774 0.0330829 0.0379769 0.0433786 0.0493025 0.0557586 0.0627509 0.0702774 0.0783292 0.0868902 0.0959371 0.105439 0.115357 0.125646 0.136253 0.147121 0.158183 0.169371 0.180611 0.191828 0.202941 0.213873 0.224542 0.23487 0.244779 0.254196 0.263048 0.27127 0.2788 0.28558 0.29156 0.296695 0.300947 0.304285 0.306684 0.308126 0.3086 0.308104 0.306641 0.304221 0.300863 0.296592 0.291438 0.285442 0.278647 0.271105 0.262873 0.254013 0.244591 0.23468 0.224353 0.213688 0.202764 0.19166 0.180457 0.169232 0.158062 0.14702 0.136174 0.12559 0.115325 0.10543 0.0959526 0.0869288 0.0783897 0.0703582 0.06285 0.0558737 0.0494312 0.0435182 0.0381247 0.0332359 0.0288331 0.0248938 0.0213936 0.0183057 0.0156029 0.0132576 0.0112428 0.00953244 0.00810243 0.00693079 0.00599824 0.00528852 0.0047887 0.00448977 
0.00494758 0.00504768 0.00536582 0.00590881 0.00668711 0.00771512 0.00901087 0.0105957 0.0124939 0.0147319 0.0173384 0.0203429 0.0237754 0.0276657 0.0320422 0.0369313 0.0423566 0.0483376 0.0548892 0.0620207 0.0697352 0.0780288 0.0868902 0.0963003 0.106232 0.116649 0.12751 0.138762 0.150347 0.162201 0.174253 0.186426 0.198641 0.210815 0.222864 0.234701 0.246241 0.257399 0.268095 0.278248 0.287785 0.296634 0.304731 0.312018 0.31844 0.323951 0.328513 0.332092 0.334664 0.336209 0.336717 0.336185 0.334615 0.33202 0.328418 0.323835 0.318302 0.311861 0.304558 0.296445 0.287583 0.278036 0.267876 0.257176 0.246017 0.23448 0.222649 0.21061 0.198448 0.186248 0.174094 0.162063 0.150232 0.138672 0.127445 0.116611 0.10622 0.0963148 0.0869297 0.0780916 0.0698194 0.062124 0.055009 0.048471 0.0425006 0.0370829 0.0321983 0.0278234 0.0239319 0.0204955 0.0174847 0.0148697 0.0126212 0.010711 0.00911271 0.00780239 0.00675893 0.00596451 0.00540495 0.00507037 
0.00556193 0.00567408 0.00602944 0.00663547 0.00750361 0.00864959 0.0100931 0.0118573 0.0139686 0.0164559 0.01935 0.0226828 0.0264866 0.0307931 0.0356327 0.0410331 0.047019 0.0536105 0.0608222 0.0686629 0.0771343 0.0862304 0.0959371 0.106232 0.117083 0.128451 0.140287 0.152534 0.165127 0.177996 0.191062 0.204244 0.217455 0.230605 0.243603 0.256358 0.268779 0.280776 0.292262 0.303156 0.313377 0.322854 0.331518 0.339309 0.346171 0.352056 0.356925 0.360744 0.363486 0.365133 0.365675 0.365106 0.363433 0.360664 0.35682 0.351927 0.346018 0.339134 0.331324 0.322642 0.31315 0.302915 0.292012 0.28052 0.26852 0.2561 0.24335 0.23036 0.217222 0.204027 0.190863 0.177819 0.164974 0.152407 0.140188 0.128381 0.117042 0.106219 0.0959525 0.0862724 0.0772009 0.0687518 0.0609307 0.0537355 0.0471574 0.0411815 0.0357878 0.0309516 0.0266454 0.022839 0.0195008 0.0165988 0.0141013 0.011978 0.0102001 0.00874157 0.00757951 0.00669448 0.006071 0.00569829 
0.00622242 0.00634745 0.00674249 0.00741567 0.00837944 0.00965087 0.0112513 0.013206 0.0155434 0.0182948 0.0214932 0.0251729 0.0293685 0.0341137 0.0394405 0.0453782 0.0519522 0.0591828 0.0670846 0.0756653 0.0849249 0.0948552 0.105439 0.116649 0.128451 0.140798 0.153638 0.166905 0.180531 0.194436 0.208537 0.222744 0.236964 0.251101 0.265057 0.278736 0.29204 0.304876 0.317152 0.328782 0.339685 0.349784 0.359008 0.367297 0.374592 0.380846 0.386016 0.39007 0.39298 0.394727 0.395301 0.394698 0.392922 0.389983 0.385902 0.380705 0.374425 0.367106 0.358795 0.349549 0.339433 0.328515 0.316872 0.304587 0.291746 0.278441 0.264765 0.250816 0.23669 0.222485 0.208297 0.194218 0.180338 0.166739 0.153501 0.140693 0.128377 0.116607 0.105428 0.0948737 0.0849714 0.0757373 0.0671794 0.0592972 0.0520828 0.0455216 0.039593 0.0342717 0.0295285 0.0253317 0.0216476 0.018442 0.015681 0.0133317 0.0113632 0.00974731 0.00845924 0.00747787 0.00678642 0.00637317 
0.00692806 0.00706677 0.00750385 0.00824809 0.009313 0.010717 0.0124833 0.014639 0.0172147 0.020244 0.0237624 0.0278065 0.032413 0.0376176 0.043454 0.0499527 0.0571396 0.0650354 0.0736541 0.0830021 0.0930776 0.103869 0.115357 0.12751 0.140287 0.153638 0.167502 0.181811 0.196486 0.211443 0.22659 0.241832 0.257067 0.272194 0.28711 0.30171 0.315894 0.329563 0.342622 0.35498 0.366553 0.377263 0.387037 0.395812 0.403531 0.410143 0.415607 0.419889 0.422962 0.424807 0.425413 0.424776 0.4229 0.419797 0.415485 0.409992 0.403352 0.395606 0.386806 0.377008 0.366278 0.354686 0.342313 0.329243 0.315567 0.301379 0.286779 0.271869 0.256752 0.24153 0.226307 0.211182 0.19625 0.181604 0.167326 0.153495 0.140178 0.127435 0.115316 0.103862 0.0931013 0.0830548 0.0737328 0.065137 0.0572606 0.0500892 0.0436022 0.0377736 0.032573 0.0279668 0.0239196 0.0203949 0.0173564 0.014769 0.0125996 0.0108177 0.0093965 0.00831335 0.00755006 0.00709396 
0.00767713 0.00783027 0.0083116 0.00913059 0.0103018 0.0118451 0.0137854 0.0161518 0.0189771 0.0222973 0.0261502 0.0305746 0.0356094 0.0412922 0.0476581 0.0547388 0.0625608 0.0711445 0.0805032 0.0906419 0.101556 0.113232 0.125646 0.138762 0.152534 0.166905 0.181811 0.197173 0.212909 0.228925 0.245124 0.261402 0.277653 0.293767 0.309635 0.325149 0.340202 0.354691 0.368518 0.381588 0.393816 0.405121 0.415429 0.424676 0.432803 0.439762 0.445509 0.45001 0.453239 0.455178 0.455815 0.455146 0.453175 0.449913 0.44538 0.439602 0.432614 0.424457 0.415183 0.404848 0.39352 0.381271 0.368183 0.354342 0.339843 0.324783 0.309268 0.293403 0.277296 0.261059 0.244798 0.228621 0.21263 0.196924 0.181594 0.166723 0.152388 0.138653 0.125574 0.113197 0.101555 0.0906728 0.0805637 0.0712312 0.06267 0.0548667 0.0478004 0.0414447 0.035768 0.0307352 0.0263091 0.022451 0.0191224 0.0162858 0.0139057 0.0119496 0.0103888 0.00919874 0.00835999 0.00785889 
0.00846717 0.00863544 0.00916303 0.0100602 0.0113424 0.0130311 0.0151528 0.0177387 0.0208239 0.0244465 0.0286467 0.0334655 0.038944 0.0451213 0.0520342 0.059715 0.0681907 0.0774814 0.0875992 0.0985475 0.110319 0.122898 0.136253 0.150347 0.165127 0.180531 0.196486 0.212909 0.229708 0.246785 0.264033 0.281343 0.2986 0.31569 0.332498 0.34891 0.364814 0.380105 0.394679 0.408441 0.421302 0.43318 0.444002 0.453702 0.46222 0.469509 0.475525 0.480236 0.483614 0.485642 0.486308 0.485608 0.483547 0.480135 0.475392 0.469343 0.462022 0.453472 0.443743 0.432892 0.420988 0.408103 0.39432 0.379728 0.364425 0.348511 0.332095 0.315288 0.298203 0.280957 0.263664 0.246437 0.229386 0.212617 0.196227 0.180308 0.164942 0.150202 0.136148 0.122831 0.110291 0.0985547 0.0876395 0.0775513 0.0682864 0.0598325 0.052169 0.0452689 0.0390999 0.0336254 0.0288064 0.0246022 0.020972 0.0178761 0.0152766 0.013139 0.0114325 0.010131 0.0092135 0.00866544 
0.00929492 0.00947894 0.0100546 0.0110329 0.0124303 0.0142698 0.0165795 0.0193927 0.0227466 0.0266816 0.0312402 0.0364655 0.0424006 0.0490862 0.0565604 0.0648561 0.0740005 0.0840131 0.0949048 0.106677 0.119319 0.132812 0.147121 0.162201 0.177996 0.194436 0.211443 0.228925 0.246785 0.264915 0.283203 0.301531 0.319781 0.337829 0.355556 0.372844 0.389576 0.405642 0.420937 0.435364 0.448833 0.461259 0.47257 0.482699 0.491588 0.499189 0.50546 0.510367 0.513885 0.515997 0.51669 0.515962 0.513817 0.510264 0.505323 0.499018 0.491384 0.482462 0.472301 0.460959 0.448503 0.435008 0.420557 0.405241 0.389158 0.372414 0.35512 0.337391 0.319345 0.301105 0.282791 0.264524 0.246419 0.228589 0.211141 0.194172 0.177771 0.162018 0.14698 0.132713 0.119262 0.106658 0.0949229 0.0840643 0.0740809 0.0649615 0.056686 0.0492274 0.0425525 0.0366235 0.0313997 0.0268384 0.0228968 0.0195327 0.0167063 0.0143808 0.0125233 0.0111062 0.010107 0.00951027 
0.0101564 0.0103567 0.010982 0.0120439 0.0135601 0.0155549 0.0180581 0.0211051 0.0247351 0.0289908 0.0339168 0.0395584 0.0459603 0.0531651 0.0612115 0.0701332 0.0799573 0.0907023 0.102378 0.114983 0.128504 0.142916 0.158183 0.174253 0.191062 0.208537 0.22659 0.245124 0.264033 0.283203 0.302514 0.321842 0.34106 0.360043 0.378663 0.396797 0.414326 0.431138 0.447123 0.462184 0.476229 0.489174 0.500946 0.511479 0.520715 0.528607 0.535114 0.540204 0.543853 0.546042 0.546761 0.546008 0.543784 0.540101 0.534976 0.528434 0.520507 0.511236 0.500669 0.488865 0.475888 0.461814 0.446726 0.430716 0.413885 0.39634 0.378195 0.359571 0.340589 0.321377 0.302062 0.282769 0.263624 0.244745 0.226245 0.208231 0.190797 0.174031 0.158006 0.142784 0.128416 0.114937 0.102372 0.0907333 0.0800208 0.070225 0.0613266 0.0532985 0.046107 0.0397133 0.0340751 0.0291478 0.0248866 0.0212472 0.0181875 0.0156685 0.0136557 0.0121195 0.0110362 0.0103893 
0.0110467 0.0112638 0.01194 0.0130876 0.0147255 0.0168791 0.0195802 0.022866 0.0267778 0.0313605 0.0366607 0.0427257 0.0496019 0.0573333 0.0659594 0.0755143 0.0860247 0.0975081 0.109972 0.123413 0.137815 0.153149 0.169371 0.186426 0.204244 0.222744 0.241832 0.261402 0.281343 0.301531 0.321842 0.342143 0.362303 0.382188 0.401668 0.420615 0.438906 0.456427 0.473067 0.488727 0.503313 0.516744 0.528945 0.539853 0.54941 0.557571 0.564296 0.569555 0.573322 0.575583 0.576326 0.575549 0.573254 0.569451 0.564158 0.557398 0.549201 0.539608 0.528665 0.516429 0.502964 0.488345 0.472656 0.455989 0.438445 0.420134 0.401173 0.381685 0.361797 0.341642 0.321351 0.301057 0.280892 0.260981 0.241444 0.222395 0.203938 0.186165 0.169157 0.152982 0.137696 0.123339 0.109942 0.0975174 0.0860699 0.0755911 0.0660626 0.0574577 0.0497423 0.0428765 0.0368168 0.0315169 0.02693 0.0230096 0.0197116 0.016995 0.0148232 0.0131652 0.0119957 0.0112975 
0.0119604 0.0121945 0.0129225 0.0141574 0.0159189 0.018234 0.0211362 0.0246642 0.0288618 0.0337755 0.0394542 0.045947 0.0533019 0.0615638 0.0707733 0.0809644 0.0921631 0.104386 0.117639 0.131914 0.147193 0.163441 0.180611 0.198641 0.217455 0.236964 0.257067 0.277653 0.2986 0.319781 0.34106 0.362303 0.383368 0.40412 0.424422 0.444142 0.463157 0.481347 0.498602 0.51482 0.529911 0.543792 0.556389 0.567641 0.577492 0.585898 0.592821 0.598231 0.602107 0.604432 0.605197 0.604399 0.60204 0.59813 0.592685 0.585727 0.577285 0.567397 0.556109 0.543475 0.529558 0.514432 0.49818 0.480895 0.462679 0.443642 0.423903 0.40359 0.382832 0.361768 0.340533 0.319268 0.298109 0.27719 0.256638 0.236574 0.217108 0.198341 0.18036 0.163239 0.147041 0.131811 0.117582 0.104372 0.0921889 0.0810249 0.0708635 0.0616782 0.0534348 0.0460928 0.0396073 0.0339305 0.0290138 0.0248087 0.021269 0.0183517 0.0160186 0.0142367 0.0129797 0.0122293 
0.0128911 0.0131425 0.0139229 0.0152459 0.0171323 0.0196104 0.0227151 0.0264874 0.0309725 0.0362192 0.0422782 0.0492002 0.0570347 0.0658276 0.07562 0.0864459 0.0983305 0.111289 0.125324 0.140427 0.156573 0.173724 0.191828 0.210815 0.230605 0.251101 0.272194 0.293767 0.31569 0.337829 0.360043 0.382188 0.40412 0.425696 0.446777 0.467228 0.486922 0.505737 0.523564 0.540301 0.555856 0.570149 0.583107 0.594671 0.604787 0.613413 0.620513 0.626059 0.630031 0.632414 0.633198 0.632382 0.629967 0.625962 0.620382 0.613247 0.604585 0.594431 0.58283 0.569833 0.555503 0.53991 0.523137 0.505277 0.486431 0.466711 0.446239 0.425142 0.403557 0.381622 0.359482 0.33728 0.315161 0.293264 0.271725 0.25067 0.230218 0.210476 0.191538 0.173487 0.156388 0.140293 0.12524 0.111251 0.0983357 0.0864892 0.0756961 0.0659309 0.0571592 0.04934 0.0424273 0.036372 0.0311237 0.026632 0.0228489 0.0197294 0.0172335 0.0153267 0.0139814 0.0131784 
0.013832 0.0141008 0.0149338 0.0163451 0.0183566 0.0209979 0.0243055 0.028322 0.0330944 0.0386736 0.0451117 0.0524613 0.060773 0.0700936 0.0804644 0.0919191 0.104482 0.118167 0.132974 0.14889 0.165888 0.183925 0.202941 0.222864 0.243603 0.265057 0.28711 0.309635 0.332498 0.355556 0.378663 0.401668 0.424422 0.446777 0.468591 0.489726 0.510052 0.529447 0.547801 0.565012 0.58099 0.595656 0.608939 0.620782 0.631134 0.639955 0.647211 0.652877 0.656933 0.659366 0.660168 0.659335 0.656872 0.652784 0.647086 0.639796 0.630939 0.62055 0.608669 0.595345 0.58064 0.564622 0.547373 0.528982 0.509553 0.489197 0.468037 0.446203 0.423834 0.401074 0.378071 0.354974 0.331933 0.309095 0.286601 0.264587 0.243177 0.222486 0.202615 0.183652 0.16567 0.148726 0.132863 0.118105 0.104466 0.0919445 0.0805256 0.0701849 0.0608883 0.0525943 0.0452562 0.0388235 0.0332442 0.0284663 0.0244398 0.021118 0.018459 0.0164271 0.0149934 0.0141375 
0.0147756 0.0150617 0.015947 0.0174462 0.0195822 0.0223858 0.0258949 0.0301536 0.0352111 0.0411196 0.0479331 0.0557054 0.0644883 0.0743292 0.0852697 0.097343 0.110572 0.124969 0.140531 0.157243 0.175072 0.19397 0.213873 0.234701 0.256358 0.278736 0.30171 0.325149 0.34891 0.372844 0.396797 0.420615 0.444142 0.467228 0.489726 0.511495 0.532405 0.552332 0.571167 0.588808 0.605167 0.620166 0.633738 0.645827 0.656386 0.665377 0.672768 0.678537 0.682665 0.685142 0.685958 0.685113 0.682609 0.67845 0.672651 0.665226 0.656201 0.645605 0.633477 0.619864 0.604824 0.588423 0.570741 0.551866 0.531901 0.510958 0.48916 0.466638 0.443535 0.419998 0.396178 0.372231 0.348312 0.324574 0.301165 0.278228 0.255894 0.234285 0.21351 0.193662 0.174821 0.157049 0.140392 0.124883 0.110535 0.0973498 0.0853155 0.074408 0.0645936 0.0558309 0.0480722 0.041266 0.0353589 0.0302971 0.0260291 0.0225064 0.0196855 0.0175293 0.0160075 0.0150993 
0.0157138 0.0160171 0.016954 0.0185401 0.0207989 0.0237623 0.0274699 0.0319673 0.0373052 0.0435374 0.0507194 0.0589063 0.0681508 0.078501 0.0899982 0.102675 0.116554 0.131643 0.147939 0.165422 0.184054 0.203784 0.224542 0.246241 0.268779 0.29204 0.315894 0.340202 0.364814 0.389576 0.414326 0.438906 0.463157 0.486922 0.510052 0.532405 0.553848 0.574259 0.593528 0.611554 0.628252 0.643546 0.657371 0.669674 0.680411 0.689547 0.697053 0.702909 0.707098 0.709611 0.710441 0.709586 0.707047 0.70283 0.696945 0.689407 0.680238 0.669464 0.657122 0.643256 0.627919 0.611178 0.593107 0.573796 0.553344 0.531863 0.509477 0.486319 0.462533 0.438269 0.413683 0.388935 0.364186 0.339594 0.315315 0.291496 0.268278 0.245789 0.224144 0.203443 0.183771 0.165197 0.147773 0.131532 0.116494 0.102663 0.0900281 0.0785667 0.0682458 0.0590239 0.0508527 0.0436798 0.0374504 0.0321095 0.0276038 0.0238832 0.0209028 0.0186239 0.0170154 0.0160554 
0.0166384 0.0169585 0.017946 0.019617 0.0219958 0.0251156 0.0290171 0.0337475 0.0393587 0.0459064 0.0534472 0.0620375 0.0717305 0.0825747 0.0946114 0.107873 0.122379 0.138137 0.155139 0.173363 0.192768 0.213295 0.23487 0.257399 0.280776 0.304876 0.329563 0.354691 0.380105 0.405642 0.431138 0.456427 0.481347 0.505737 0.529447 0.552332 0.574259 0.595106 0.614762 0.63313 0.650126 0.665676 0.679719 0.692205 0.703093 0.71235 0.719952 0.72588 0.73012 0.732663 0.733504 0.732641 0.730074 0.72581 0.719855 0.712223 0.702933 0.69201 0.679485 0.6654 0.649806 0.632765 0.614351 0.594649 0.573758 0.55179 0.528868 0.505126 0.48071 0.455773 0.430474 0.404977 0.379449 0.354053 0.328952 0.304299 0.280241 0.256914 0.234438 0.212921 0.192454 0.17311 0.154946 0.138001 0.122298 0.107842 0.0946254 0.0826272 0.0718148 0.0621467 0.0535743 0.0460444 0.0395011 0.033888 0.0291502 0.0252364 0.0221 0.0197013 0.018008 0.0169975 
0.0175408 0.0178772 0.0189137 0.020667 0.0231621 0.0264333 0.0305225 0.0354781 0.0413537 0.048206 0.056093 0.0650719 0.0751967 0.0865161 0.0990711 0.112893 0.128 0.144397 0.162075 0.181006 0.201145 0.22243 0.244779 0.268095 0.292262 0.317152 0.342622 0.368518 0.394679 0.420937 0.447123 0.473067 0.498602 0.523564 0.547801 0.571167 0.593528 0.614762 0.634761 0.653428 0.670682 0.686452 0.700681 0.71332 0.724333 0.73369 0.74137 0.747356 0.751636 0.754203 0.755053 0.754184 0.751596 0.747294 0.741284 0.733577 0.724189 0.713141 0.700463 0.686193 0.670378 0.653078 0.634362 0.614315 0.593033 0.570627 0.54722 0.522948 0.497956 0.4724 0.446443 0.420252 0.393999 0.367853 0.341981 0.316545 0.291696 0.267577 0.244315 0.222025 0.200801 0.180725 0.161856 0.144238 0.127898 0.112843 0.0990692 0.0865553 0.0752702 0.0651725 0.0562135 0.0483392 0.0414928 0.0356166 0.0306545 0.0265537 0.0232665 0.0207517 0.0189762 0.0179167 
0.0184122 0.0187643 0.0198479 0.02168 0.0242868 0.027703 0.031972 0.0371433 0.0432717 0.0504152 0.0586329 0.0679827 0.0785192 0.0902912 0.103339 0.117693 0.133371 0.150374 0.168691 0.188289 0.209121 0.231119 0.254196 0.278248 0.303156 0.328782 0.35498 0.381588 0.408441 0.435364 0.462184 0.488727 0.51482 0.540301 0.565012 0.588808 0.611554 0.63313 0.653428 0.672355 0.68983 0.705786 0.720169 0.732934 0.744049 0.753486 0.761226 0.767257 0.771568 0.774154 0.775011 0.774138 0.771535 0.767205 0.761153 0.753387 0.743921 0.732773 0.71997 0.705545 0.689543 0.67202 0.653044 0.632695 0.611069 0.588274 0.564433 0.539682 0.514168 0.488049 0.461489 0.434661 0.40774 0.3809 0.354313 0.328147 0.30256 0.277701 0.253702 0.230684 0.208749 0.187981 0.168446 0.150192 0.133248 0.117626 0.103322 0.0903172 0.0785819 0.0680747 0.0587467 0.0505435 0.0434074 0.0372795 0.0321027 0.0278228 0.024391 0.021765 0.0199107 0.0188042 
