4.74979e-05 4.87151e-05 5.32997e-05 6.14655e-05 7.35608e-05 9.00834e-05 0.000111683 0.000139167 0.000173502 0.000215817 0.000267404 0.000329719 0.00040437 0.000493113 0.000597835 0.00072053 0.000863278 0.0010282 0.00121744 0.00143308 0.00167712 0.00195141 0.00225756 0.00259693 0.0029705 0.00337886 0.00382208 0.00429974 0.00481079 0.00535358 0.00592579 0.00652444 0.00714587 0.00778577 0.00843924 0.00910078 0.00976442 0.0104238 0.0110721 0.0117025 0.0123081 0.0128817 0.0134167 0.0139064 0.0143449 0.0147266 0.0150465 0.0153006 0.0154854 0.0155985 0.0156385 0.0156048 0.0154978 0.0153191 0.015071 0.0147568 0.0143807 0.0139474 0.0134625 0.0129321 0.0123626 0.0117608 0.0111336 0.010488 0.00983088 0.00916896 0.00850862 0.00785583 0.00721608 0.00659431 0.00599484 0.00542135 0.00487686 0.00436372 0.00388363 0.00343768 0.00302635 0.0026496 0.00230692 0.00199735 0.0017196 0.0014721 0.00125305 0.00106047 0.000892326 0.000746497 0.000620885 0.000513428 0.00042214 0.000345143 0.000280679 0.000227137 0.000183053 0.000147124 0.000118203 9.53086e-05 7.76129e-05 6.4445e-05 5.52847e-05 4.97699e-05 
4.87151e-05 4.99679e-05 5.46786e-05 6.30664e-05 7.54896e-05 9.24594e-05 0.000114644 0.00014287 0.000178133 0.00022159 0.00027457 0.000338564 0.000415225 0.000506352 0.000613882 0.000739858 0.000886412 0.00105572 0.00124997 0.0014713 0.00172175 0.0020032 0.00231732 0.00266548 0.00304867 0.00346748 0.003922 0.00441175 0.00493567 0.00549205 0.0060785 0.00669195 0.00732866 0.00798421 0.00865355 0.00933108 0.0100107 0.0106858 0.0113495 0.0119949 0.0126146 0.0132017 0.0137491 0.0142503 0.0146989 0.0150894 0.0154167 0.0156765 0.0158655 0.0159812 0.016022 0.0159875 0.015878 0.0156951 0.0154413 0.0151198 0.0147348 0.0142914 0.0137952 0.0132523 0.0126694 0.0120534 0.0114113 0.0107504 0.0100775 0.00939973 0.00872344 0.00805481 0.00739945 0.00676243 0.00614818 0.00556048 0.00500241 0.00447641 0.00398424 0.00352699 0.0031052 0.00271882 0.00236733 0.00204977 0.00176483 0.00151089 0.00128611 0.00108849 0.000915921 0.000766248 0.000637316 0.000527013 0.000433304 0.000354261 0.000288085 0.000233118 0.000187862 0.000150977 0.000121288 9.77851e-05 7.96203e-05 6.61042e-05 5.67025e-05 5.10437e-05 
5.32997e-05 5.46786e-05 5.98305e-05 6.89938e-05 8.25574e-05 0.000101076 0.000125273 0.000156047 0.000194472 0.000241802 0.000299471 0.00036909 0.000452441 0.000551463 0.000668236 0.000804959 0.000963915 0.00114744 0.00135786 0.00159746 0.00186841 0.00217271 0.00251212 0.00288805 0.00330155 0.00375321 0.00424306 0.00477055 0.00533451 0.00593304 0.00656355 0.00722271 0.00790648 0.0086101 0.00932816 0.0100546 0.0107829 0.0115061 0.0122168 0.0129075 0.0135706 0.0141984 0.0147837 0.0153193 0.0157987 0.0162157 0.0165652 0.0168426 0.0170443 0.0171677 0.0172111 0.017174 0.0170569 0.0168614 0.01659 0.0162463 0.0158349 0.0153609 0.0148303 0.0142496 0.0136261 0.0129668 0.0122795 0.0115717 0.0108509 0.0101245 0.00939941 0.00868219 0.00797888 0.0072949 0.00663503 0.00600333 0.00540318 0.00483719 0.0043073 0.00381473 0.00336009 0.00294338 0.00256407 0.00222118 0.00191332 0.00163879 0.00139564 0.00118175 0.000994862 0.000832675 0.000692884 0.000573224 0.00047151 0.000385668 0.000313762 0.000254007 0.000204784 0.000164649 0.000132331 0.000106738 8.69525e-05 7.22282e-05 6.19868e-05 5.58257e-05 
6.14655e-05 6.30664e-05 6.89938e-05 7.95187e-05 9.50826e-05 0.000116315 0.000144036 0.000179261 0.000223207 0.000277287 0.000343121 0.000422519 0.000517485 0.000630192 0.000762969 0.00091827 0.00109864 0.00130667 0.00154494 0.00181597 0.00212214 0.00246565 0.00284837 0.00327186 0.00373719 0.00424495 0.00479509 0.00538694 0.00601907 0.00668933 0.00739475 0.00813157 0.00889522 0.00968036 0.010481 0.0112903 0.0121011 0.0129056 0.0136956 0.014463 0.0151991 0.0158959 0.016545 0.0171387 0.0176698 0.0181317 0.0185186 0.0188256 0.0190486 0.0191849 0.0192327 0.0191913 0.0190613 0.0188445 0.0185437 0.0181627 0.0177065 0.0171808 0.0165922 0.0159479 0.0152556 0.0145234 0.0137597 0.0129727 0.0121708 0.0113621 0.0105544 0.00975479 0.00897013 0.00820645 0.00746909 0.00676263 0.00609087 0.00545679 0.0048626 0.00430977 0.00379903 0.00333046 0.00290354 0.00251724 0.00217007 0.0018602 0.00158547 0.00134357 0.001132 0.000948221 0.000789666 0.000653816 0.000538232 0.000440595 0.000358736 0.00029065 0.000234518 0.000188713 0.000151803 0.000122555 9.99327e-05 8.3092e-05 7.13785e-05 6.43369e-05 
7.35608e-05 7.54896e-05 8.25574e-05 9.50826e-05 0.000113583 0.000138797 0.000171683 0.000213429 0.000265452 0.000329402 0.000407159 0.000500825 0.000612718 0.000745351 0.000901406 0.0010837 0.00129515 0.00153872 0.00181733 0.00213385 0.00249095 0.00289107 0.00333632 0.00382836 0.00436835 0.00495684 0.00559367 0.00627796 0.00700797 0.0077811 0.00859387 0.00944187 0.0103198 0.0112215 0.0121401 0.0130677 0.0139962 0.0149166 0.0158198 0.0166963 0.0175366 0.0183313 0.0190712 0.0197476 0.0203523 0.0208779 0.021318 0.0216669 0.0219203 0.0220749 0.0221288 0.0220814 0.0219331 0.021686 0.0213433 0.0209092 0.0203894 0.0197903 0.0191192 0.0183843 0.0175942 0.0167581 0.0158855 0.0149856 0.0140681 0.013142 0.0122162 0.011299 0.010398 0.00952031 0.008672 0.0078584 0.00708394 0.00635213 0.00566562 0.00502616 0.00443471 0.00389146 0.00339592 0.002947 0.00254307 0.0021821 0.0018617 0.00157924 0.0013319 0.00111679 0.00093099 0.000771606 0.000635841 0.000521025 0.000424654 0.000344411 0.000278188 0.000224094 0.000180465 0.000145865 0.000119086 9.91426e-05 8.52704e-05 7.69377e-05 
9.00834e-05 9.24594e-05 0.000101076 0.000116315 0.000138797 0.000169403 0.000209281 0.000259846 0.000322785 0.000400059 0.000493896 0.000606786 0.000741465 0.000900891 0.00108821 0.00130674 0.00155985 0.00185101 0.00218359 0.00256089 0.00298598 0.00346162 0.00399017 0.00457346 0.00521272 0.00590845 0.00666034 0.00746718 0.00832683 0.00923611 0.0101908 0.0111857 0.0122145 0.01327 0.0143439 0.0154274 0.0165107 0.0175836 0.0186355 0.0196554 0.0206323 0.0215555 0.0224145 0.0231992 0.0239003 0.0245095 0.0250191 0.025423 0.025716 0.0258947 0.0259566 0.0259011 0.0257289 0.0254421 0.0250445 0.024541 0.0239378 0.0232424 0.0224631 0.0216094 0.020691 0.0197186 0.0187028 0.0176547 0.016585 0.0155044 0.0144232 0.0133509 0.0122966 0.0112683 0.0102735 0.00931822 0.00840787 0.00754663 0.00673771 0.00598331 0.00528468 0.00464216 0.00405532 0.003523 0.00304341 0.00261426 0.00223285 0.00189615 0.00160094 0.00134387 0.00112152 0.000930549 0.000767669 0.000629749 0.000513843 0.000417219 0.000337384 0.000272102 0.000219396 0.000177562 0.000145159 0.000121017 0.000104222 9.41422e-05 
0.000111683 0.000114644 0.000125273 0.000144036 0.000171683 0.000209281 0.000258215 0.000320193 0.000397246 0.000491729 0.000606317 0.000743987 0.000908006 0.00110189 0.00132939 0.0015944 0.00190093 0.00225302 0.00265464 0.0031096 0.00362145 0.00419335 0.00482797 0.00552732 0.0062927 0.00712453 0.00802228 0.00898433 0.010008 0.0110893 0.0122232 0.0134033 0.0146222 0.0158712 0.0171407 0.0184199 0.0196977 0.0209619 0.0222001 0.0233995 0.0245476 0.0256316 0.0266394 0.0275594 0.028381 0.0290943 0.0296908 0.0301632 0.0305058 0.0307143 0.0307862 0.0307207 0.0305186 0.0301823 0.0297161 0.0291258 0.0284185 0.0276028 0.0266883 0.0256859 0.0246071 0.0234639 0.0222689 0.0210348 0.0197742 0.0184997 0.0172231 0.0159558 0.0147084 0.0134905 0.0123108 0.0111768 0.0100947 0.0090698 0.00810591 0.00720583 0.0063712 0.00560261 0.00489969 0.00426122 0.00368522 0.00316911 0.00270979 0.00230377 0.0019473 0.00163646 0.00136726 0.00113573 0.000938005 0.000770363 0.000629301 0.000511561 0.000414166 0.000334434 0.000269997 0.000218804 0.000179124 0.000149543 0.000128964 0.000116622 
0.000139167 0.00014287 0.000156047 0.000179261 0.000213429 0.000259846 0.000320193 0.000396539 0.000491344 0.00060745 0.000748079 0.000916814 0.00111757 0.00135456 0.00163224 0.00195525 0.00232835 0.00275627 0.0032437 0.00379508 0.00441451 0.00510562 0.00587143 0.00671416 0.00763515 0.00863471 0.00971198 0.0108648 0.0120899 0.0133822 0.0147356 0.0161425 0.0175937 0.019079 0.0205869 0.0221048 0.0236192 0.0251161 0.0265807 0.0279982 0.0293538 0.0306328 0.031821 0.0329049 0.0338722 0.0347116 0.0354131 0.0359683 0.0363707 0.0366154 0.0366993 0.0366216 0.0363832 0.0359871 0.035438 0.0347426 0.0339093 0.0329479 0.0318697 0.0306871 0.0294136 0.0280631 0.0266504 0.0251903 0.0236976 0.0221869 0.0206722 0.0191671 0.0176839 0.0162343 0.0148284 0.0134753 0.0121827 0.0109568 0.00980244 0.00872311 0.00772094 0.00679685 0.00595059 0.00518088 0.00448555 0.00386168 0.00330569 0.00281356 0.0023809 0.00200311 0.0016755 0.00139335 0.00115209 0.000947265 0.000774701 0.000630491 0.000511058 0.000413177 0.000333991 0.000271023 0.000222179 0.000185749 0.000160402 0.00014521 
0.000173502 0.000178133 0.000194472 0.000223207 0.000265452 0.000322785 0.000397246 0.000491344 0.000608054 0.000750814 0.000923507 0.00113044 0.00137632 0.00166618 0.00200533 0.00239931 0.00285373 0.0033742 0.00396619 0.00463489 0.00538507 0.00622086 0.00714567 0.00816194 0.00927102 0.010473 0.0117667 0.0131493 0.0146165 0.0161622 0.0177789 0.0194573 0.0211865 0.0229541 0.0247466 0.0265489 0.0283453 0.0301189 0.0318527 0.0335292 0.035131 0.0366411 0.0380429 0.0393209 0.0404607 0.041449 0.0422746 0.0429277 0.0434007 0.043688 0.0437861 0.043694 0.0434127 0.0429458 0.0422987 0.0414791 0.0404966 0.0393628 0.0380906 0.0366945 0.0351901 0.0335937 0.0319225 0.0301936 0.0284247 0.0266326 0.0248342 0.0230451 0.0212802 0.0195533 0.0178765 0.0162609 0.0147154 0.0132479 0.0118643 0.0105689 0.00936461 0.00825264 0.00723295 0.00630426 0.00546419 0.00470942 0.00403587 0.00343888 0.00291332 0.00245381 0.00205479 0.0017107 0.00141608 0.00116564 0.00095438 0.000777618 0.000631055 0.000510807 0.000413427 0.000335921 0.000275756 0.000230859 0.000199616 0.000180903 
0.000215817 0.00022159 0.000241802 0.000277287 0.000329402 0.000400059 0.000491729 0.00060745 0.000750814 0.000925965 0.00113758 0.00139082 0.00169132 0.00204509 0.00245846 0.00293799 0.00349032 0.00412204 0.00483955 0.00564891 0.00655558 0.0075643 0.00867888 0.00990196 0.0112349 0.0126775 0.014228 0.0158828 0.0176364 0.0194815 0.0214088 0.0234071 0.0254634 0.027563 0.0296895 0.0318253 0.0339516 0.036049 0.0380973 0.040076 0.0419649 0.0437443 0.0453948 0.0468985 0.0482387 0.0494002 0.0503699 0.0511366 0.0516914 0.0520281 0.0521426 0.0520337 0.0517026 0.0511534 0.0503924 0.0494284 0.0482727 0.0469383 0.0454404 0.0437957 0.0420222 0.0401389 0.0381658 0.036123 0.0340309 0.0319094 0.0297782 0.0276558 0.0255599 0.0235067 0.0215108 0.0195852 0.0177412 0.0159878 0.0143326 0.012781 0.0113365 0.010001 0.00877476 0.00765641 0.00664342 0.00573206 0.00491769 0.0041949 0.00355775 0.00299992 0.00251489 0.00209609 0.00173703 0.00143143 0.00117332 0.000957097 0.000777608 0.000630185 0.000510677 0.000415475 0.000341518 0.000286301 0.00024787 0.000224865 
0.000267404 0.00027457 0.000299471 0.000343121 0.000407159 0.000493896 0.000606317 0.000748079 0.000923507 0.00113758 0.00139588 0.00170461 0.00207047 0.00250062 0.00300256 0.00358402 0.00425282 0.00501669 0.0058831 0.00685902 0.00795074 0.00916363 0.0105019 0.0119684 0.0135644 0.0152893 0.0171406 0.0191137 0.021202 0.0233962 0.0256853 0.0280556 0.0304917 0.0329759 0.0354892 0.0380106 0.0405181 0.0429889 0.0453994 0.0477259 0.049945 0.0520335 0.0539694 0.0557319 0.0573017 0.0586614 0.0597959 0.0606925 0.0613409 0.061734 0.0618671 0.061739 0.0613509 0.0607075 0.0598161 0.0586869 0.0573325 0.0557683 0.0540115 0.0520813 0.0499987 0.0477856 0.045465 0.0430604 0.0405955 0.0380935 0.0355775 0.0330692 0.0305894 0.0281574 0.0257904 0.0235041 0.0213118 0.0192247 0.0172519 0.0154001 0.013674 0.0120759 0.0106066 0.0092648 0.00804776 0.00695135 0.0059703 0.00509841 0.0043288 0.00365411 0.00306669 0.00255882 0.00212284 0.00175131 0.00143712 0.00117361 0.000954614 0.000774546 0.00062843 0.000511928 0.000421358 0.000353702 0.000306607 0.00027843 
0.000329719 0.000338564 0.00036909 0.000422519 0.000500825 0.000606786 0.000743987 0.000916814 0.00113044 0.00139082 0.00170461 0.00207919 0.00252249 0.003043 0.00364956 0.00435126 0.00515724 0.00607651 0.0071177 0.00828885 0.00959713 0.0110486 0.0126478 0.0143977 0.0162995 0.018352 0.0205519 0.0228934 0.0253681 0.027965 0.0306704 0.0334684 0.0363403 0.0392655 0.0422213 0.0451833 0.0481258 0.0510221 0.0538449 0.0565668 0.0591607 0.0616 0.0638593 0.0659147 0.0677442 0.0693281 0.0706488 0.071692 0.0724461 0.0729028 0.0730569 0.0729069 0.0724544 0.0717046 0.0706658 0.0693496 0.0677707 0.0659462 0.0638961 0.0616424 0.059209 0.0566213 0.0539056 0.0510891 0.0481992 0.045263 0.0423072 0.0393573 0.0364376 0.0335707 0.0307772 0.0280756 0.0254817 0.0230093 0.0206691 0.0184696 0.0164166 0.0145134 0.0127612 0.0111589 0.00970355 0.00839072 0.00721442 0.00616761 0.00524237 0.00443015 0.00372207 0.00310908 0.00258219 0.00213262 0.00175197 0.00143233 0.00116639 0.000947484 0.000769677 0.000627782 0.00051739 0.000434885 0.000377443 0.000343093 
0.00040437 0.000415225 0.000452441 0.000517485 0.000612718 0.000741465 0.000908006 0.00111757 0.00137632 0.00169132 0.00207047 0.00252249 0.00305676 0.00368324 0.0044123 0.00525455 0.00622064 0.00732098 0.00856551 0.00996341 0.0115228 0.0132503 0.015151 0.0172279 0.0194818 0.0219109 0.0245109 0.0272743 0.0301909 0.0332474 0.0364275 0.039712 0.043079 0.0465043 0.0499612 0.0534214 0.0568549 0.0602308 0.0635178 0.0666843 0.069699 0.0725317 0.0751534 0.0775368 0.0796569 0.0814911 0.0830199 0.0842268 0.0850987 0.0856263 0.0858038 0.0856293 0.0851048 0.0842361 0.0830326 0.0815075 0.0796773 0.0775617 0.0751832 0.0725668 0.0697397 0.0667311 0.063571 0.0602908 0.0569217 0.0534952 0.0500421 0.0465921 0.0431734 0.0398126 0.0365338 0.0333588 0.0303067 0.0273936 0.0246327 0.0220343 0.0196056 0.0173512 0.0152727 0.0133695 0.0116386 0.0100749 0.00867203 0.00742186 0.00631539 0.0053428 0.00449378 0.00375782 0.00312441 0.00258328 0.00212454 0.00173888 0.00141763 0.00115292 0.00093769 0.000765781 0.000631942 0.000531859 0.000462167 0.000420511 
0.000493113 0.000506352 0.000551463 0.000630192 0.000745351 0.000900891 0.00110189 0.00135456 0.00166618 0.00204509 0.00250062 0.003043 0.00368324 0.00443297 0.00530429 0.0063095 0.00746091 0.00877048 0.0102496 0.0119086 0.0137565 0.0158008 0.0180469 0.0204976 0.0231534 0.0260117 0.0290665 0.0323089 0.0357263 0.0393026 0.0430185 0.0468514 0.0507756 0.0547625 0.0587813 0.0627991 0.0667814 0.0706928 0.074497 0.0781582 0.0816407 0.0849102 0.0879336 0.0906803 0.0931219 0.0952331 0.0969917 0.0983793 0.0993813 0.0999871 0.10019 0.0999886 0.0993846 0.0983844 0.096999 0.0952429 0.0931348 0.0906967 0.0879542 0.0849354 0.0816713 0.0781947 0.07454 0.0707427 0.0668388 0.0628642 0.0588543 0.0548434 0.0508643 0.0469477 0.043122 0.0394126 0.035842 0.0324296 0.0291912 0.0261393 0.0232828 0.0206276 0.0181763 0.0159285 0.0138814 0.0120296 0.0103659 0.00888134 0.00756561 0.00640751 0.00539523 0.00451659 0.00375942 0.00311173 0.00256198 0.00209925 0.00171337 0.00139506 0.001136 0.000928891 0.000767531 0.000646807 0.000562723 0.000512487 
0.000597835 0.000613882 0.000668236 0.000762969 0.000901406 0.00108821 0.00132939 0.00163224 0.00200533 0.00245846 0.00300256 0.00364956 0.0044123 0.00530429 0.00633952 0.0075322 0.00889642 0.0104458 0.0121934 0.0141506 0.0163276 0.0187325 0.0213709 0.0242456 0.0273563 0.0306992 0.034267 0.0380484 0.0420282 0.0461874 0.050503 0.0549484 0.0594937 0.0641057 0.0687487 0.073385 0.077975 0.0824781 0.0868533 0.0910596 0.095057 0.0988064 0.102271 0.105416 0.10821 0.110624 0.112634 0.114219 0.115363 0.116054 0.116285 0.116054 0.115363 0.114219 0.112635 0.110626 0.108213 0.105422 0.10228 0.0988193 0.0950747 0.0910829 0.086883 0.0825149 0.0780196 0.073438 0.0688104 0.0641764 0.0595735 0.0550372 0.0506005 0.046293 0.0421414 0.0381682 0.0343924 0.0308291 0.0274894 0.0243808 0.0215068 0.0188678 0.016461 0.0142808 0.0123194 0.0105667 0.00901119 0.00764024 0.00644029 0.00539739 0.0044975 0.00372675 0.00307174 0.00251975 0.00205892 0.00167836 0.00136833 0.00112026 0.000926844 0.000782059 0.000681196 0.000620961 
0.00072053 0.000739858 0.000804959 0.00091827 0.0010837 0.00130674 0.0015944 0.00195525 0.00239931 0.00293799 0.00358402 0.00435126 0.00525455 0.0063095 0.0075322 0.00893889 0.0105456 0.0123679 0.0144203 0.0167156 0.0192649 0.022077 0.0251575 0.0285091 0.0321305 0.0360165 0.0401579 0.044541 0.0491473 0.0539545 0.0589354 0.0640591 0.0692907 0.0745922 0.0799226 0.0852386 0.0904952 0.0956464 0.100646 0.105447 0.110006 0.114278 0.118222 0.121799 0.124975 0.127718 0.13 0.131799 0.133096 0.13388 0.134141 0.133877 0.133092 0.131793 0.129993 0.12771 0.124967 0.121792 0.118217 0.114276 0.110008 0.105454 0.100659 0.0956667 0.0905235 0.0852758 0.0799694 0.0746491 0.069358 0.0641368 0.0590234 0.0540525 0.0492547 0.0446569 0.0402814 0.0361464 0.0322654 0.0286477 0.0252984 0.0222186 0.0194058 0.0168542 0.0145555 0.0124985 0.0106704 0.00905706 0.00764302 0.00641242 0.00534918 0.00443736 0.0036615 0.00300689 0.00245975 0.00200744 0.00163858 0.00134318 0.0011127 0.00094007 0.000819784 0.000747978 
0.000863278 0.000886412 0.000963915 0.00109864 0.00129515 0.00155985 0.00190093 0.00232835 0.00285373 0.00349032 0.00425282 0.00515724 0.00622064 0.00746091 0.00889642 0.0105456 0.0124268 0.0145572 0.016953 0.0196287 0.0225961 0.0258644 0.0294395 0.0333233 0.0375135 0.0420034 0.0467812 0.0518302 0.0571288 0.0626503 0.0683633 0.0742317 0.0802155 0.086271 0.0923515 0.0984079 0.104389 0.110244 0.115919 0.121364 0.126529 0.131364 0.135824 0.139867 0.143453 0.146548 0.149122 0.15115 0.152612 0.153494 0.153787 0.153489 0.152603 0.151137 0.149106 0.146529 0.143432 0.139845 0.135803 0.131344 0.126512 0.121352 0.115913 0.110244 0.104398 0.0984256 0.0923795 0.0863101 0.0802662 0.0742944 0.068438 0.062737 0.0572269 0.051939 0.0468997 0.0421304 0.0376478 0.0334632 0.0295834 0.0260107 0.0227431 0.0197748 0.0170967 0.0146969 0.0125613 0.0106738 0.00901735 0.00757383 0.00632498 0.00525261 0.00433902 0.00356726 0.00292146 0.00238701 0.00195074 0.00160105 0.001328 0.00112338 0.000980771 0.000895669 
0.0010282 0.00105572 0.00114744 0.00130667 0.00153872 0.00185101 0.00225302 0.00275627 0.0033742 0.00412204 0.00501669 0.00607651 0.00732098 0.00877048 0.0104458 0.0123679 0.0145572 0.017033 0.0198132 0.0229135 0.0263468 0.0301226 0.0342466 0.03872 0.043539 0.0486948 0.054173 0.0599536 0.0660108 0.0723136 0.0788253 0.0855046 0.0923057 0.0991787 0.106071 0.112927 0.119689 0.1263 0.132701 0.138836 0.144648 0.150085 0.155096 0.159633 0.163656 0.167125 0.170009 0.17228 0.173916 0.174902 0.17523 0.174895 0.173902 0.172259 0.169983 0.167094 0.163621 0.159595 0.155056 0.150045 0.14461 0.138801 0.132671 0.126276 0.119674 0.112921 0.106076 0.0991958 0.0923357 0.0855482 0.0788827 0.0723849 0.0660958 0.0600515 0.0542831 0.0488159 0.0436696 0.0388585 0.0343913 0.0302717 0.0264984 0.0230657 0.0199642 0.0171812 0.0147009 0.0125059 0.0105768 0.00889344 0.00743519 0.00618141 0.00511193 0.00420739 0.00344961 0.00282181 0.00230883 0.00189728 0.00157569 0.00133457 0.00116648 0.00106621 
0.00121744 0.00124997 0.00135786 0.00154494 0.00181733 0.00218359 0.00265464 0.0032437 0.00396619 0.00483955 0.0058831 0.0071177 0.00856551 0.0102496 0.0121934 0.0144203 0.016953 0.0198132 0.0230203 0.0265913 0.03054 0.0348761 0.0396048 0.0447263 0.0502351 0.0561199 0.062363 0.0689407 0.0758228 0.082973 0.0903493 0.0979043 0.105586 0.113338 0.1211 0.128812 0.136408 0.143825 0.150999 0.157865 0.164365 0.170438 0.176029 0.181089 0.185572 0.189435 0.192644 0.195169 0.196988 0.198085 0.198448 0.198075 0.196969 0.195141 0.192606 0.18939 0.18552 0.181033 0.175969 0.170376 0.164303 0.157805 0.150942 0.143775 0.136365 0.128779 0.121079 0.113329 0.105591 0.0979244 0.090385 0.0830247 0.0758904 0.0690239 0.0624609 0.0562313 0.0503588 0.0448605 0.0397477 0.0350257 0.0306942 0.026748 0.0231774 0.0199688 0.0171052 0.0145674 0.012334 0.0103824 0.00868962 0.00723228 0.00598759 0.0049336 0.0040496 0.00331644 0.00271676 0.00223524 0.00185869 0.00157622 0.00137925 0.00126178 
0.00143308 0.0014713 0.00159746 0.00181597 0.00213385 0.00256089 0.0031096 0.00379508 0.00463489 0.00564891 0.00685902 0.00828885 0.00996341 0.0119086 0.0141506 0.0167156 0.0196287 0.0229135 0.0265913 0.0306804 0.035195 0.0401451 0.045535 0.0513637 0.0576235 0.0643001 0.0713723 0.0788119 0.0865837 0.0946459 0.10295 0.111443 0.120066 0.128754 0.137443 0.146062 0.154541 0.16281 0.170797 0.178433 0.185653 0.192393 0.198593 0.204198 0.20916 0.213433 0.21698 0.219771 0.22178 0.22299 0.22339 0.222977 0.221754 0.219733 0.216931 0.213373 0.209091 0.204122 0.198511 0.192307 0.185565 0.178345 0.170711 0.162729 0.154468 0.145998 0.13739 0.128715 0.120041 0.111435 0.10296 0.0946736 0.0866297 0.078876 0.0714539 0.0643982 0.0577367 0.0514903 0.0456732 0.0402925 0.0353495 0.0308396 0.0267529 0.0230751 0.0197883 0.0168711 0.0143004 0.012051 0.0100973 0.00841312 0.0069729 0.00575185 0.00472656 0.00387529 0.00317832 0.00261818 0.00217983 0.00185081 0.00162133 0.00148452 
0.00167712 0.00172175 0.00186841 0.00212214 0.00249095 0.00298598 0.00362145 0.00441451 0.00538507 0.00655558 0.00795074 0.00959713 0.0115228 0.0137565 0.0163276 0.0192649 0.0225961 0.0263468 0.03054 0.035195 0.0403267 0.0459447 0.0520525 0.0586471 0.0657183 0.0732485 0.0812123 0.0895765 0.0983006 0.107336 0.116629 0.126119 0.135738 0.145417 0.155081 0.164655 0.174061 0.18322 0.192057 0.200496 0.208465 0.215897 0.222726 0.228895 0.234351 0.239047 0.242943 0.246006 0.248211 0.249537 0.249975 0.249521 0.248179 0.245959 0.242882 0.238972 0.234264 0.228798 0.22262 0.215784 0.208349 0.200378 0.19194 0.183106 0.173953 0.164556 0.154994 0.145343 0.13568 0.126079 0.116609 0.107336 0.0983206 0.0896173 0.0812734 0.0733291 0.0658172 0.0587625 0.0521825 0.046087 0.0404789 0.0353545 0.0307041 0.0265129 0.0227618 0.019428 0.0164859 0.0139081 0.0116661 0.00973094 0.008074 0.00666752 0.00548515 0.00450241 0.003697 0.00304914 0.00254177 0.00216073 0.00189491 0.00173647 
0.00195141 0.0020032 0.00217271 0.00246565 0.00289107 0.00346162 0.00419335 0.00510562 0.00622086 0.0075643 0.00916363 0.0110486 0.0132503 0.0158008 0.0187325 0.022077 0.0258644 0.0301226 0.0348761 0.0401451 0.0459447 0.052284 0.0591653 0.0665833 0.0745248 0.0829683 0.0918837 0.101232 0.110968 0.121035 0.131372 0.141911 0.152578 0.163294 0.173979 0.184548 0.194917 0.205 0.214716 0.223983 0.232724 0.240866 0.248341 0.255087 0.261048 0.266175 0.270426 0.273767 0.27617 0.277615 0.278092 0.277596 0.276131 0.27371 0.270352 0.266085 0.260943 0.254968 0.248211 0.240727 0.232578 0.223833 0.214565 0.204851 0.194773 0.184412 0.173854 0.163183 0.152483 0.141835 0.131316 0.121001 0.110957 0.101245 0.09192 0.0830273 0.0746054 0.0666839 0.0592838 0.0524181 0.0460917 0.0403022 0.0350405 0.0302914 0.0260348 0.0222463 0.0188983 0.0159608 0.0134026 0.0111916 0.00929615 0.00768523 0.00632945 0.00520135 0.0042759 0.00353082 0.00294689 0.00250813 0.00220194 0.0020195 
0.00225756 0.00231732 0.00251212 0.00284837 0.00333632 0.00399017 0.00482797 0.00587143 0.00714567 0.00867888 0.0105019 0.0126478 0.015151 0.0180469 0.0213709 0.0251575 0.0294395 0.0342466 0.0396048 0.045535 0.0520525 0.0591653 0.066874 0.0751707 0.0840387 0.0934521 0.103375 0.113764 0.124565 0.135716 0.147147 0.158783 0.170541 0.182336 0.194078 0.205676 0.217036 0.22807 0.238686 0.248799 0.258327 0.267191 0.275321 0.282652 0.289124 0.294686 0.299295 0.302914 0.305517 0.307082 0.307597 0.307059 0.305472 0.302849 0.299208 0.29458 0.288999 0.282511 0.275167 0.267025 0.258151 0.248617 0.2385 0.227884 0.216854 0.2055 0.193912 0.182184 0.170406 0.158667 0.147053 0.135645 0.12452 0.113745 0.103383 0.0934854 0.0840971 0.0752526 0.0669774 0.0592878 0.0521913 0.0456872 0.0397672 0.034416 0.0296128 0.0253316 0.021543 0.0182144 0.0153117 0.0127997 0.0106434 0.00880867 0.00726273 0.00597503 0.00491761 0.00406555 0.00339728 0.00289487 0.00254417 0.00233526 
0.00259693 0.00266548 0.00288805 0.00327186 0.00382836 0.00457346 0.00552732 0.00671416 0.00816194 0.00990196 0.0119684 0.0143977 0.0172279 0.0204976 0.0242456 0.0285091 0.0333233 0.03872 0.0447263 0.0513637 0.0586471 0.0665833 0.0751707 0.0843984 0.0942455 0.104681 0.115664 0.127143 0.139057 0.151338 0.163907 0.17668 0.189566 0.202472 0.2153 0.22795 0.240324 0.252324 0.263855 0.274824 0.285146 0.294738 0.303525 0.311441 0.318423 0.32442 0.329385 0.333283 0.336083 0.337767 0.338321 0.337742 0.336033 0.333208 0.329287 0.324299 0.318281 0.311279 0.303346 0.294544 0.284939 0.274608 0.263633 0.2521 0.240102 0.227733 0.215091 0.202277 0.189387 0.176521 0.163771 0.151227 0.138974 0.127088 0.115638 0.104684 0.0942775 0.0844576 0.0752552 0.0666907 0.0587745 0.051508 0.044884 0.0388877 0.0334975 0.0286864 0.0244228 0.0206717 0.0173962 0.0145579 0.0121185 0.0100404 0.00828736 0.00682562 0.0056241 0.00465509 0.00389455 0.00332245 0.002923 0.0026851 
0.0029705 0.00304867 0.00330155 0.00373719 0.00436835 0.00521272 0.0062927 0.00763515 0.00927102 0.0112349 0.0135644 0.0162995 0.0194818 0.0231534 0.0273563 0.0321305 0.0375135 0.043539 0.0502351 0.0576235 0.0657183 0.0745248 0.0840387 0.0942455 0.10512 0.116625 0.128713 0.141326 0.154396 0.167845 0.181587 0.195528 0.209571 0.223611 0.237544 0.251264 0.264663 0.277637 0.290086 0.301914 0.313028 0.323345 0.332786 0.341281 0.348768 0.355193 0.360509 0.36468 0.367675 0.369476 0.370068 0.369448 0.36762 0.364597 0.3604 0.355058 0.348609 0.3411 0.332584 0.323125 0.312792 0.301666 0.28983 0.277375 0.2644 0.251004 0.237292 0.223371 0.209346 0.195324 0.181405 0.16769 0.15427 0.141231 0.12865 0.116594 0.105121 0.0942783 0.0841007 0.0746136 0.0658311 0.0577569 0.0503856 0.0437027 0.0376867 0.0323092 0.027537 0.0233328 0.0196567 0.0164672 0.0137226 0.0113816 0.0094046 0.00775435 0.00639658 0.00530061 0.0044398 0.00379194 0.00333946 0.00307003 
0.00337886 0.00346748 0.00375321 0.00424495 0.00495684 0.00590845 0.00712453 0.00863471 0.010473 0.0126775 0.0152893 0.018352 0.0219109 0.0260117 0.0306992 0.0360165 0.0420034 0.0486948 0.0561199 0.0643001 0.0732485 0.0829683 0.0934521 0.104681 0.116625 0.12924 0.142473 0.156257 0.170516 0.185164 0.200105 0.215238 0.230455 0.245645 0.260694 0.275488 0.289914 0.303861 0.317225 0.329903 0.341801 0.352832 0.362914 0.371977 0.379957 0.386799 0.392457 0.396893 0.400077 0.40199 0.402619 0.40196 0.400017 0.396802 0.392338 0.386652 0.379783 0.371777 0.362691 0.352587 0.341538 0.329624 0.316934 0.303562 0.289611 0.275186 0.260397 0.245359 0.230184 0.214986 0.199877 0.184963 0.170346 0.156119 0.14237 0.129172 0.116592 0.104684 0.093488 0.0830351 0.0733434 0.0644196 0.0562602 0.048852 0.0421732 0.0361949 0.030882 0.0261951 0.0220915 0.0185265 0.0154549 0.012832 0.0106144 0.00876145 0.0072354 0.00600255 0.00503355 0.00430386 0.0037941 0.00349061 
0.00382208 0.003922 0.00424306 0.00479509 0.00559367 0.00666034 0.00802228 0.00971198 0.0117667 0.014228 0.0171406 0.0205519 0.0245109 0.0290665 0.034267 0.0401579 0.0467812 0.054173 0.062363 0.0713723 0.0812123 0.0918837 0.103375 0.115664 0.128713 0.142473 0.156882 0.171866 0.18734 0.203208 0.219367 0.235704 0.252104 0.268448 0.284612 0.300477 0.315922 0.330832 0.345096 0.358609 0.371273 0.382998 0.393704 0.403316 0.411771 0.419015 0.425 0.42969 0.433056 0.435077 0.435741 0.435045 0.432991 0.429594 0.424873 0.418857 0.411584 0.4031 0.393461 0.382731 0.370984 0.358301 0.344772 0.330497 0.31558 0.300133 0.284271 0.268115 0.251786 0.235404 0.21909 0.202959 0.187122 0.171683 0.156736 0.142365 0.128644 0.115633 0.103382 0.0919252 0.081286 0.0714749 0.0624905 0.0543212 0.0469454 0.0403338 0.03445 0.0292525 0.0246958 0.0207322 0.017313 0.0143897 0.0119156 0.00984597 0.00813994 0.00676054 0.00567559 0.00485815 0.00428693 0.0039469 
0.00429974 0.00441175 0.00477055 0.00538694 0.00627796 0.00746718 0.00898433 0.0108648 0.0131493 0.0158828 0.0191137 0.0228934 0.0272743 0.0323089 0.0380484 0.044541 0.0518302 0.0599536 0.0689407 0.0788119 0.0895765 0.101232 0.113764 0.127143 0.141326 0.156257 0.171866 0.18807 0.204775 0.221876 0.239259 0.256805 0.274387 0.291878 0.309148 0.326069 0.342516 0.358368 0.373509 0.387832 0.401237 0.413631 0.424933 0.43507 0.443978 0.451603 0.457898 0.462828 0.466365 0.468488 0.469185 0.468454 0.466297 0.462728 0.457765 0.451436 0.44378 0.434841 0.424675 0.413345 0.400925 0.387499 0.373157 0.358 0.342138 0.325686 0.308765 0.2915 0.274021 0.256456 0.238933 0.221577 0.204508 0.187839 0.171674 0.156106 0.141217 0.127076 0.113738 0.101245 0.0896262 0.0788946 0.0690526 0.0600901 0.0519866 0.0447124 0.03823 0.0324959 0.0274623 0.0230784 0.019292 0.0160511 0.0133051 0.0110057 0.00910855 0.00757332 0.00636497 0.00545409 0.00481739 0.00443844 
0.00481079 0.00493567 0.00533451 0.00601907 0.00700797 0.00832683 0.010008 0.0120899 0.0146165 0.0176364 0.021202 0.0253681 0.0301909 0.0357263 0.0420282 0.0491473 0.0571288 0.0660108 0.0758228 0.0865837 0.0983006 0.110968 0.124565 0.139057 0.154396 0.170516 0.18734 0.204775 0.222718 0.241054 0.259659 0.278406 0.297159 0.315781 0.334137 0.352092 0.369513 0.386277 0.402265 0.417365 0.431476 0.444507 0.456374 0.467005 0.476338 0.484318 0.490903 0.496056 0.499751 0.501969 0.502698 0.501934 0.499682 0.495953 0.490765 0.484147 0.476132 0.466767 0.456103 0.444206 0.431147 0.417009 0.401886 0.38588 0.369102 0.351672 0.333714 0.315361 0.296747 0.278009 0.259284 0.240704 0.222401 0.204495 0.1871 0.17032 0.154244 0.138951 0.124503 0.110949 0.0983233 0.0866439 0.0759164 0.0661333 0.0572751 0.0493122 0.0422065 0.0359127 0.0303807 0.0255567 0.0213852 0.0178106 0.0147786 0.0122372 0.0101384 0.00843867 0.00709992 0.00609023 0.00538425 0.00496413 
0.00535358 0.00549205 0.00593304 0.00668933 0.0077811 0.00923611 0.0110893 0.0133822 0.0161622 0.0194815 0.0233962 0.027965 0.0332474 0.0393026 0.0461874 0.0539545 0.0626503 0.0723136 0.082973 0.0946459 0.107336 0.121035 0.135716 0.151338 0.167845 0.185164 0.203208 0.221876 0.241054 0.260617 0.280434 0.300364 0.320266 0.339995 0.359407 0.378362 0.396723 0.414361 0.431154 0.446991 0.46177 0.475397 0.487791 0.498881 0.508606 0.516914 0.523764 0.529122 0.532961 0.535265 0.536023 0.535231 0.532892 0.529018 0.523625 0.51674 0.508397 0.498637 0.487512 0.475084 0.461426 0.446618 0.430755 0.413938 0.396282 0.377908 0.358947 0.339534 0.31981 0.299921 0.280009 0.260218 0.240686 0.221546 0.20292 0.18492 0.167649 0.15119 0.135616 0.120983 0.10733 0.094681 0.083046 0.0724196 0.0627843 0.0541108 0.0463605 0.0394869 0.0334375 0.0281559 0.0235834 0.0196608 0.01633 0.0135355 0.0112256 0.00935338 0.00787781 0.00676436 0.00598562 0.00552226 
0.00592579 0.0060785 0.00656355 0.00739475 0.00859387 0.0101908 0.0122232 0.0147356 0.0177789 0.0214088 0.0256853 0.0306704 0.0364275 0.0430185 0.050503 0.0589354 0.0683633 0.0788253 0.0903493 0.10295 0.116629 0.131372 0.147147 0.163907 0.181587 0.200105 0.219367 0.239259 0.259659 0.280434 0.301439 0.322528 0.343548 0.364349 0.384778 0.404691 0.423947 0.442414 0.459967 0.476494 0.491893 0.506072 0.51895 0.53046 0.540542 0.549147 0.556235 0.561775 0.565744 0.568126 0.568909 0.568092 0.565676 0.561673 0.556097 0.548973 0.540332 0.530214 0.518668 0.505753 0.49154 0.476109 0.459551 0.441971 0.423482 0.404209 0.384284 0.36385 0.343051 0.32204 0.300968 0.279986 0.259243 0.238879 0.219029 0.199814 0.181344 0.163716 0.147008 0.131284 0.116591 0.102958 0.0903994 0.0789128 0.0684829 0.0590813 0.0506693 0.0431991 0.0366166 0.0308626 0.0258754 0.0215923 0.0179517 0.0148944 0.0123649 0.0103132 0.0086951 0.00747349 0.00661887 0.00611041 
0.00652444 0.00669195 0.00722271 0.00813157 0.00944187 0.0111857 0.0134033 0.0161425 0.0194573 0.0234071 0.0280556 0.0334684 0.039712 0.0468514 0.0549484 0.0640591 0.0742317 0.0855046 0.0979043 0.111443 0.126119 0.141911 0.158783 0.17668 0.195528 0.215238 0.235704 0.256805 0.278406 0.300364 0.322528 0.344739 0.366838 0.388667 0.410068 0.430891 0.450991 0.470234 0.488494 0.505659 0.521627 0.536308 0.549625 0.561511 0.571911 0.580778 0.588077 0.593778 0.59786 0.600309 0.601115 0.600276 0.597794 0.593679 0.587943 0.580609 0.571704 0.561267 0.549343 0.535988 0.52127 0.505266 0.488067 0.469775 0.450506 0.430384 0.409545 0.388135 0.366304 0.34421 0.322012 0.299871 0.277941 0.256376 0.235317 0.214899 0.19524 0.176445 0.158603 0.141786 0.126047 0.111422 0.0979295 0.0855717 0.074335 0.0641928 0.0551061 0.0470268 0.0398988 0.0336606 0.0282477 0.023594 0.0196344 0.016306 0.01355 0.0113128 0.00954735 0.00821383 0.00728067 0.00672552 
0.00714587 0.00732866 0.00790648 0.00889522 0.0103198 0.0122145 0.0146222 0.0175937 0.0211865 0.0254634 0.0304917 0.0363403 0.043079 0.0507756 0.0594937 0.0692907 0.0802155 0.0923057 0.105586 0.120066 0.135738 0.152578 0.170541 0.189566 0.209571 0.230455 0.252104 0.274387 0.297159 0.320266 0.343548 0.366838 0.38997 0.412776 0.435095 0.456772 0.477659 0.497621 0.51653 0.534276 0.550759 0.56589 0.579596 0.591814 0.602491 0.611586 0.619065 0.624904 0.629082 0.631588 0.632414 0.631558 0.62902 0.624809 0.618938 0.611423 0.602292 0.591577 0.57932 0.565574 0.550403 0.533881 0.516098 0.497153 0.47716 0.456246 0.434548 0.412215 0.389402 0.366272 0.342992 0.319729 0.296648 0.27391 0.25167 0.230068 0.209236 0.189287 0.17032 0.152414 0.135631 0.120014 0.105585 0.0923506 0.0803009 0.0694106 0.0596413 0.0509443 0.0432622 0.0365314 0.0306846 0.0256528 0.0213672 0.0177615 0.0147734 0.012346 0.0104292 0.00898079 0.00796693 0.00736383 
0.00778577 0.00798421 0.0086101 0.00968036 0.0112215 0.01327 0.0158712 0.019079 0.0229541 0.027563 0.0329759 0.0392655 0.0465043 0.0547625 0.0641057 0.0745922 0.086271 0.0991787 0.113338 0.128754 0.145417 0.163294 0.182336 0.202472 0.223611 0.245645 0.268448 0.291878 0.315781 0.339995 0.364349 0.388667 0.412776 0.436503 0.459682 0.482152 0.503765 0.524383 0.543881 0.562149 0.579088 0.594616 0.60866 0.621163 0.632076 0.641362 0.648993 0.654945 0.659203 0.661756 0.662599 0.661728 0.659146 0.654858 0.648874 0.64121 0.631888 0.620937 0.608394 0.594309 0.578739 0.561758 0.543449 0.523911 0.503257 0.481612 0.459116 0.435918 0.41218 0.388068 0.363755 0.339417 0.315227 0.291356 0.267966 0.245211 0.22323 0.202148 0.182072 0.163092 0.145274 0.12867 0.113309 0.0992001 0.0863372 0.0746968 0.0642419 0.0549233 0.0466826 0.0394544 0.0331689 0.0277539 0.0231377 0.0192504 0.0160263 0.0134054 0.0113346 0.00976903 0.0086729 0.0080209 
0.00843924 0.00865355 0.00932816 0.010481 0.0121401 0.0143439 0.0171407 0.0205869 0.0247466 0.0296895 0.0354892 0.0422213 0.0499612 0.0587813 0.0687487 0.0799226 0.0923515 0.106071 0.1211 0.137443 0.155081 0.173979 0.194078 0.2153 0.237544 0.260694 0.284612 0.309148 0.334137 0.359407 0.384778 0.410068 0.435095 0.459682 0.483655 0.506855 0.529129 0.55034 0.570364 0.589092 0.60643 0.622299 0.63663 0.649372 0.66048 0.669922 0.677673 0.683716 0.688036 0.690627 0.691483 0.690602 0.687986 0.683638 0.677566 0.669783 0.660306 0.649161 0.636379 0.622005 0.606093 0.58871 0.569937 0.549869 0.528618 0.506307 0.483076 0.459078 0.434475 0.40944 0.384151 0.358791 0.333542 0.308583 0.284086 0.260215 0.237118 0.214932 0.193772 0.173737 0.154903 0.137326 0.121043 0.106068 0.0923972 0.0800108 0.0688723 0.058933 0.0501335 0.0424069 0.0356811 0.0298812 0.0249322 0.0207612 0.0172992 0.0144829 0.0122564 0.0105725 0.00939313 0.00869169 
0.00910078 0.00933108 0.0100546 0.0112903 0.0130677 0.0154274 0.0184199 0.0221048 0.0265489 0.0318253 0.0380106 0.0451833 0.0534214 0.0627991 0.073385 0.0852386 0.0984079 0.112927 0.128812 0.146062 0.164655 0.184548 0.205676 0.22795 0.251264 0.275488 0.300477 0.326069 0.352092 0.378362 0.404691 0.430891 0.456772 0.482152 0.506855 0.530716 0.553585 0.575324 0.59581 0.614938 0.632617 0.648772 0.663341 0.676275 0.687538 0.697101 0.704945 0.711055 0.715421 0.71804 0.718906 0.718018 0.715378 0.710987 0.704851 0.696978 0.687382 0.676083 0.663108 0.648497 0.632296 0.61457 0.595394 0.57486 0.553076 0.530166 0.506268 0.481535 0.456133 0.430238 0.404035 0.377712 0.351459 0.325464 0.299909 0.274965 0.250794 0.22754 0.205328 0.184267 0.16444 0.145913 0.128725 0.112898 0.0984323 0.0853095 0.0734951 0.0629408 0.0535868 0.0453648 0.0382006 0.032017 0.026736 0.0222815 0.0185814 0.0155695 0.0131871 0.0113844 0.0101216 0.00937057 
0.00976442 0.0100107 0.0107829 0.0121011 0.0139962 0.0165107 0.0196977 0.0236192 0.0283453 0.0339516 0.0405181 0.0481258 0.0568549 0.0667814 0.077975 0.0904952 0.104389 0.119689 0.136408 0.154541 0.174061 0.194917 0.217036 0.240324 0.264663 0.289914 0.315922 0.342516 0.369513 0.396723 0.423947 0.450991 0.477659 0.503765 0.529129 0.553585 0.576982 0.599184 0.620069 0.639537 0.6575 0.673889 0.688646 0.701731 0.71311 0.722761 0.730669 0.736826 0.741224 0.74386 0.744734 0.743843 0.741189 0.73677 0.730591 0.722656 0.712974 0.70156 0.688437 0.673636 0.6572 0.639188 0.619669 0.598732 0.576481 0.553037 0.528539 0.503139 0.477006 0.450319 0.423267 0.396044 0.368848 0.341874 0.315315 0.289351 0.264152 0.239873 0.216649 0.194597 0.17381 0.154359 0.136292 0.119635 0.104392 0.0905481 0.0780708 0.0669123 0.0570126 0.0483024 0.0407056 0.0341427 0.028533 0.0237977 0.0198615 0.0166555 0.0141182 0.0121975 0.0108518 0.0100514 
0.0104238 0.0106858 0.0115061 0.0129056 0.0149166 0.0175836 0.0209619 0.0251161 0.0301189 0.036049 0.0429889 0.0510221 0.0602308 0.0706928 0.0824781 0.0956464 0.110244 0.1263 0.143825 0.16281 0.18322 0.205 0.22807 0.252324 0.277637 0.303861 0.330832 0.358368 0.386277 0.414361 0.442414 0.470234 0.497621 0.524383 0.55034 0.575324 0.599184 0.621784 0.643009 0.662759 0.680953 0.697525 0.712427 0.72562 0.737079 0.746788 0.754737 0.760919 0.765334 0.767981 0.768859 0.767969 0.765308 0.760878 0.754676 0.746704 0.736967 0.725474 0.712242 0.697297 0.680677 0.662432 0.642628 0.621349 0.598694 0.574783 0.549752 0.523754 0.496958 0.469547 0.441713 0.413657 0.385582 0.357693 0.330189 0.303261 0.277088 0.251834 0.227644 0.204644 0.182935 0.162595 0.14368 0.12622 0.110224 0.095681 0.0825592 0.0708122 0.0603803 0.0511931 0.0431731 0.0362388 0.0303069 0.0252958 0.0211277 0.0177307 0.0150409 0.0130041 0.0115766 0.0107277 
0.0110721 0.0113495 0.0122168 0.0136956 0.0158198 0.0186355 0.0222001 0.0265807 0.0318527 0.0380973 0.0453994 0.0538449 0.0635178 0.074497 0.0868533 0.100646 0.115919 0.132701 0.150999 0.170797 0.192057 0.214716 0.238686 0.263855 0.290086 0.317225 0.345096 0.373509 0.402265 0.431154 0.459967 0.488494 0.51653 0.543881 0.570364 0.59581 0.620069 0.643009 0.664515 0.684494 0.702868 0.719579 0.734583 0.747848 0.759356 0.769095 0.777061 0.783253 0.787672 0.790322 0.791202 0.790314 0.787656 0.783225 0.777018 0.769032 0.759268 0.747729 0.734426 0.719379 0.70262 0.684193 0.664158 0.642594 0.619597 0.595281 0.569783 0.543253 0.515863 0.487797 0.459251 0.43043 0.401544 0.372805 0.34442 0.316589 0.289501 0.263327 0.238224 0.214324 0.191738 0.170551 0.150825 0.132596 0.115878 0.100662 0.0869194 0.0746048 0.0636586 0.0540099 0.0455799 0.0382852 0.0320403 0.0267612 0.0223674 0.0187844 0.0159461 0.013796 0.0122888 0.0113925 
0.0117025 0.0119949 0.0129075 0.014463 0.0166963 0.0196554 0.0233995 0.0279982 0.0335292 0.040076 0.0477259 0.0565668 0.0666843 0.0781582 0.0910596 0.105447 0.121364 0.138836 0.157865 0.178433 0.200496 0.223983 0.248799 0.274824 0.301914 0.329903 0.358609 0.387832 0.417365 0.446991 0.476494 0.505659 0.534276 0.562149 0.589092 0.614938 0.639537 0.662759 0.684494 0.704651 0.723161 0.739969 0.755038 0.768344 0.779872 0.789617 0.797581 0.803767 0.80818 0.810826 0.811707 0.810823 0.808174 0.803754 0.797557 0.789577 0.779809 0.768252 0.754911 0.739799 0.722942 0.704379 0.684163 0.662367 0.639084 0.614424 0.588521 0.561526 0.533608 0.504955 0.475766 0.44625 0.416623 0.387103 0.357904 0.329236 0.301295 0.274263 0.248303 0.223558 0.200145 0.178158 0.157665 0.138707 0.121302 0.105446 0.0911109 0.0782542 0.0668161 0.0567254 0.0479023 0.0402616 0.0337161 0.0281791 0.0235679 0.0198058 0.0168243 0.0145649 0.0129808 0.0120388 
