3.85727e-06 3.99768e-06 4.58955e-06 5.68295e-06 7.36435e-06 9.76145e-06 1.30478e-05 1.74485e-05 2.32469e-05 3.07922e-05 4.05069e-05 5.28946e-05 6.8547e-05 8.81503e-05 0.000112489 0.000142447 0.000179009 0.00022325 0.000276329 0.000339474 0.000413958 0.000501075 0.000602104 0.000718276 0.000850724 0.00100044 0.00116823 0.00135465 0.00155997 0.00178412 0.00202664 0.00228669 0.00256296 0.00285369 0.00315669 0.00346932 0.00378852 0.00411088 0.00443267 0.00474992 0.00505849 0.00535415 0.00563272 0.00589008 0.00612235 0.00632595 0.00649765 0.00663471 0.00673492 0.00679664 0.00681887 0.00680126 0.00674409 0.00664833 0.00651557 0.00634795 0.00614819 0.00591946 0.0056653 0.00538958 0.00509637 0.00478984 0.00447421 0.0041536 0.003832 0.00351312 0.00320041 0.00289693 0.00260535 0.0023279 0.00206637 0.00182209 0.00159598 0.00138853 0.00119984 0.0010297 0.000877588 0.000742743 0.000624209 0.000520883 0.000431565 0.000354996 0.000289901 0.000235018 0.000189129 0.000151078 0.000119787 9.42695e-05 7.36335e-05 5.70856e-05 4.39289e-05 3.35597e-05 2.54621e-05 1.92008e-05 1.44142e-05 1.08066e-05 8.14132e-06 6.23351e-06 4.94485e-06 4.18001e-06 
3.99768e-06 4.14417e-06 4.75981e-06 5.89677e-06 7.64512e-06 1.01379e-05 1.35558e-05 1.81334e-05 2.41658e-05 3.20165e-05 4.21254e-05 5.5017e-05 7.13073e-05 9.17103e-05 0.000117042 0.000148224 0.000186277 0.000232321 0.00028756 0.000353269 0.000430771 0.000521406 0.000626503 0.000747334 0.000885073 0.00104075 0.00121518 0.00140895 0.00162232 0.00185522 0.00210716 0.00237725 0.00266413 0.00296597 0.00328048 0.00360492 0.00393613 0.00427054 0.00460431 0.00493331 0.00525325 0.00555977 0.00584851 0.00611524 0.00635593 0.00656688 0.00674476 0.00688673 0.00699051 0.00705441 0.00707739 0.00705908 0.0069998 0.00690053 0.00676292 0.00658918 0.00638213 0.00614504 0.00588157 0.00559572 0.00529171 0.00497386 0.00464652 0.00431398 0.00398034 0.0036495 0.00332499 0.00301002 0.00270734 0.00241928 0.0021477 0.001894 0.00165912 0.00144358 0.00124752 0.00107069 0.000912585 0.000772405 0.000649165 0.000541725 0.000448841 0.000369208 0.000301503 0.000244417 0.000196684 0.000157102 0.000124553 9.80098e-05 7.65453e-05 5.93341e-05 4.56513e-05 3.48686e-05 2.64492e-05 1.994e-05 1.49648e-05 1.12157e-05 8.44643e-06 6.46462e-06 5.12629e-06 4.33225e-06 
4.58955e-06 4.75981e-06 5.46743e-06 6.77203e-06 8.77638e-06 1.16321e-05 1.55449e-05 2.07816e-05 2.76773e-05 3.66448e-05 4.81824e-05 6.28837e-05 8.14449e-05 0.000104672 0.000133484 0.000168916 0.000212116 0.000264337 0.000326928 0.000401308 0.000488951 0.000591344 0.000709957 0.000846191 0.00100134 0.00117651 0.00137259 0.0015902 0.0018296 0.00209065 0.00237279 0.00267498 0.00299566 0.00333278 0.00368376 0.00404553 0.00441455 0.00478689 0.00515823 0.00552403 0.00587953 0.00621992 0.00654039 0.00683628 0.00710316 0.00733695 0.007534 0.0076912 0.00780605 0.00787668 0.00790198 0.00788153 0.00781568 0.00770552 0.00755284 0.0073601 0.00713037 0.00686725 0.00657479 0.00625737 0.00591964 0.00556637 0.00520237 0.00483237 0.00446094 0.00409237 0.00373061 0.00337923 0.00304131 0.00271946 0.00241578 0.00213186 0.00186878 0.00162716 0.00140717 0.0012086 0.00103088 0.00087317 0.000734394 0.0006133 0.000508517 0.000418602 0.000342086 0.000277514 0.000223474 0.000178625 0.000141713 0.000111586 8.72047e-05 6.76392e-05 5.20729e-05 3.9797e-05 3.02049e-05 2.27843e-05 1.7109e-05 1.28301e-05 9.66804e-06 7.40451e-06 5.87596e-06 4.96965e-06 
5.68295e-06 5.89677e-06 6.77203e-06 8.38165e-06 1.08511e-05 1.4365e-05 1.91737e-05 2.56011e-05 3.40536e-05 4.50304e-05 5.91335e-05 7.70776e-05 9.96998e-05 0.000127966 0.000162976 0.000205965 0.000258297 0.00032146 0.000397045 0.000486729 0.000592236 0.000715308 0.000857651 0.00102089 0.00120649 0.00141573 0.0016496 0.00190876 0.00219343 0.00250341 0.00283796 0.00319579 0.003575 0.00397314 0.00438712 0.00481331 0.00524754 0.00568518 0.00612121 0.00655029 0.00696691 0.00736546 0.00774039 0.0080863 0.00839808 0.00867101 0.00890092 0.0090842 0.00921798 0.00930015 0.00932939 0.00930526 0.00922815 0.00909932 0.00892082 0.0086955 0.00842689 0.00811914 0.00777692 0.0074053 0.00700965 0.00659551 0.00616845 0.00573399 0.00529744 0.00486382 0.00443779 0.00402351 0.00362466 0.00324433 0.00288502 0.00254866 0.00223659 0.0019496 0.00168794 0.00145143 0.00123946 0.00105109 0.000885097 0.000740047 0.000614353 0.000506339 0.000414289 0.000336496 0.000271298 0.000217111 0.000172451 0.000135951 0.00010637 8.26001e-05 6.36636e-05 4.87106e-05 3.7012e-05 2.79508e-05 2.10128e-05 1.57766e-05 1.19036e-05 9.12944e-06 7.25568e-06 6.14556e-06 
7.36435e-06 7.64512e-06 8.77638e-06 1.08511e-05 1.40287e-05 1.85437e-05 2.47133e-05 3.29469e-05 4.37575e-05 5.77734e-05 7.57506e-05 9.85845e-05 0.000127321 0.000163163 0.000207477 0.000261791 0.00032779 0.000407301 0.000502277 0.000614758 0.000746844 0.000900634 0.00107818 0.00128142 0.00151208 0.00177166 0.00206128 0.00238164 0.00273295 0.00311484 0.00352632 0.00396572 0.00443066 0.00491805 0.0054241 0.00594433 0.00647367 0.00700648 0.00753666 0.0080578 0.00856326 0.0090463 0.00950029 0.00991876 0.0102956 0.0106253 0.0109028 0.0111238 0.011285 0.0113839 0.0114188 0.0113893 0.0112959 0.01114 0.0109241 0.0106515 0.0103265 0.00995403 0.0095396 0.00908927 0.00860947 0.00810683 0.00758803 0.00705971 0.00652827 0.00599979 0.00547993 0.00497376 0.00448578 0.00401981 0.00357897 0.00316566 0.00278162 0.00242788 0.00210485 0.0018124 0.00154986 0.00131617 0.00110989 0.000929329 0.000772597 0.000637681 0.00052251 0.000425011 0.000343159 0.000275016 0.000218759 0.000172704 0.000135319 0.000105228 8.12183e-05 6.22292e-05 4.73502e-05 3.58086e-05 2.69592e-05 2.02718e-05 1.53201e-05 1.17703e-05 9.37184e-06 7.95197e-06 
9.76145e-06 1.01379e-05 1.16321e-05 1.4365e-05 1.85437e-05 2.44722e-05 3.25607e-05 4.33377e-05 5.74641e-05 7.57471e-05 9.91557e-05 0.000128835 0.000166117 0.000212532 0.00026981 0.00033988 0.000424863 0.00052705 0.000648876 0.000792881 0.000961657 0.00115779 0.00138379 0.00164199 0.00193449 0.00226303 0.00262891 0.00303289 0.0034751 0.00395496 0.0044711 0.00502132 0.00560257 0.00621091 0.00684157 0.00748895 0.00814672 0.00880789 0.00946497 0.0101101 0.010735 0.0113316 0.0118918 0.0124076 0.0128718 0.0132775 0.0136188 0.0138904 0.0140883 0.0142094 0.014252 0.0142153 0.0140999 0.0139077 0.0136416 0.0133057 0.0129051 0.0124457 0.0119343 0.0113782 0.0107853 0.0101636 0.00952126 0.00886643 0.00820698 0.00755042 0.0069037 0.00627318 0.00566444 0.00508231 0.00453072 0.00401278 0.00353073 0.00308598 0.00267917 0.00231023 0.00197846 0.00168262 0.00142102 0.00119164 0.000992166 0.000820152 0.000673048 0.000548294 0.000443375 0.000355872 0.000283505 0.000224158 0.000175898 0.000136989 0.00010589 8.12536e-05 6.19182e-05 4.68965e-05 3.53616e-05 2.6633e-05 2.01622e-05 1.55193e-05 1.23812e-05 1.05246e-05 
1.30478e-05 1.35558e-05 1.55449e-05 1.91737e-05 2.47133e-05 3.25607e-05 4.32506e-05 5.7471e-05 7.60796e-05 0.000100122 0.00013085 0.000169739 0.0002185 0.000279092 0.000353726 0.000444855 0.000555169 0.000687559 0.000845091 0.00103094 0.00124834 0.0015005 0.00179048 0.00212116 0.00249505 0.00291422 0.00338016 0.00389367 0.00445476 0.00506253 0.0057151 0.00640959 0.00714202 0.00790736 0.00869953 0.00951148 0.0103353 0.0111622 0.0119829 0.0127877 0.0135664 0.014309 0.0150056 0.0156465 0.0162226 0.0167258 0.0171487 0.0174851 0.0177299 0.0178796 0.0179318 0.0178858 0.0177424 0.0175036 0.0171732 0.0167561 0.0162584 0.0156875 0.0150516 0.0143596 0.0136211 0.0128461 0.0120446 0.0112266 0.0104019 0.00957973 0.00876884 0.00797715 0.00721171 0.00647862 0.00578293 0.00512863 0.00451867 0.00395497 0.00343848 0.00296926 0.00254657 0.002169 0.00183453 0.00154071 0.00128476 0.00106364 0.000874199 0.000713252 0.00057765 0.000464357 0.000370493 0.000293382 0.000230567 0.000179836 0.000139219 0.000106988 8.1652e-05 6.19371e-05 4.67759e-05 3.52875e-05 2.67606e-05 2.06369e-05 1.6496e-05 1.40478e-05 
1.74485e-05 1.81334e-05 2.07816e-05 2.56011e-05 3.29469e-05 4.33377e-05 5.7471e-05 7.62421e-05 0.000100765 0.000132394 0.000172748 0.000223728 0.000287533 0.000366674 0.000463972 0.000582553 0.000725826 0.000897446 0.00110127 0.00134127 0.00162148 0.00194586 0.00231819 0.00274197 0.00322022 0.00375538 0.00434914 0.00500233 0.00571473 0.00648504 0.0073107 0.00818788 0.00911145 0.010075 0.0110707 0.0120898 0.0131222 0.0141571 0.015183 0.0161876 0.0171586 0.0180836 0.0189503 0.019747 0.0204626 0.0210872 0.0216117 0.0220285 0.0223317 0.0225167 0.0225809 0.0225233 0.0223448 0.0220481 0.0216376 0.0211193 0.0205008 0.0197908 0.0189996 0.0181379 0.0172177 0.016251 0.0152502 0.0142276 0.0131955 0.0121652 0.0111477 0.0101529 0.00918971 0.00826582 0.00738768 0.00656048 0.00578806 0.00507303 0.00441676 0.00381953 0.00328057 0.00279829 0.0023703 0.00199367 0.00166498 0.00138051 0.00113636 0.000928554 0.000753163 0.000606366 0.00048453 0.000384262 0.000302444 0.000236251 0.000183165 0.00014097 0.000107748 8.1856e-05 6.19152e-05 4.67845e-05 3.55408e-05 2.74586e-05 2.19911e-05 1.87602e-05 
2.32469e-05 2.41658e-05 2.76773e-05 3.40536e-05 4.37575e-05 5.74641e-05 7.60796e-05 0.000100765 0.000132961 0.000174418 0.000227218 0.000293802 0.000376987 0.000479978 0.000606364 0.000760109 0.000945519 0.0011672 0.00142996 0.00173879 0.00209867 0.00251448 0.00299086 0.00353202 0.00414159 0.00482242 0.00557641 0.00640433 0.00730568 0.00827855 0.0093195 0.0104235 0.011584 0.0127927 0.0140398 0.0153143 0.0166036 0.0178942 0.0191718 0.0204215 0.0216279 0.0227758 0.0238504 0.0248372 0.0257229 0.0264952 0.0271433 0.0276581 0.0280321 0.0282601 0.0283387 0.0282669 0.0280458 0.0276785 0.0271704 0.0265288 0.0257629 0.0248834 0.0239024 0.0228335 0.0216909 0.0204894 0.0192442 0.0179706 0.0166834 0.0153969 0.0141246 0.012879 0.0116712 0.0105109 0.0094063 0.0083641 0.00738932 0.00648544 0.00565442 0.00489683 0.00421198 0.00359804 0.00305226 0.0025711 0.00215043 0.00178571 0.00147212 0.00120473 0.000978654 0.000789095 0.000631492 0.000501563 0.000395358 0.000309289 0.000240146 0.000185099 0.000141687 0.000107802 8.16664e-05 6.18085e-05 4.70347e-05 3.64052e-05 2.92111e-05 2.49621e-05 
3.07922e-05 3.20165e-05 3.66448e-05 4.50304e-05 5.77734e-05 7.57471e-05 0.000100122 0.000132394 0.000174418 0.000228437 0.000297118 0.000383575 0.000491395 0.000624642 0.000787857 0.000986034 0.00122458 0.00150925 0.00184604 0.00224112 0.00270063 0.00323054 0.00383649 0.00452354 0.00529596 0.00615706 0.00710891 0.00815216 0.00928587 0.0105073 0.011812 0.0131933 0.0146428 0.01615 0.0177028 0.0192871 0.0208875 0.0224873 0.0240689 0.0256138 0.0271036 0.0285196 0.0298438 0.0310587 0.0321482 0.0330974 0.0338934 0.0345252 0.0349839 0.0352631 0.0353589 0.0352701 0.0349978 0.034546 0.0339211 0.0331318 0.0321893 0.0311063 0.0298977 0.0285797 0.0271696 0.0256853 0.0241455 0.0225687 0.020973 0.0193763 0.0177949 0.0162445 0.0147388 0.0132901 0.0119088 0.0106034 0.00938038 0.00824437 0.00719813 0.00624267 0.00537741 0.00460036 0.00390833 0.00329714 0.00276183 0.00229687 0.00189637 0.00155427 0.0012645 0.00102111 0.000818394 0.000650981 0.000513901 0.000402621 0.000313075 0.000241667 0.000185262 0.000141168 0.000107108 8.11937e-05 6.18916e-05 4.79915e-05 3.85794e-05 3.30229e-05 
4.05069e-05 4.21254e-05 4.81824e-05 5.91335e-05 7.57506e-05 9.91557e-05 0.00013085 0.000172748 0.000227218 0.000297118 0.000385835 0.000497319 0.000636098 0.000807293 0.0010166 0.00127028 0.00157505 0.00193806 0.00236673 0.00286862 0.00345124 0.00412183 0.00488718 0.00575329 0.00672517 0.00780656 0.00899967 0.0103049 0.0117207 0.0132433 0.0148667 0.0165824 0.0183798 0.0202457 0.0221648 0.0241199 0.0260919 0.0280604 0.0300037 0.0318997 0.0337257 0.0354593 0.0370788 0.0385633 0.0398934 0.0410513 0.0420216 0.0427912 0.0433495 0.043689 0.0438049 0.0436958 0.0433632 0.0428117 0.042049 0.0410855 0.0399344 0.0386111 0.0371333 0.0355204 0.0337931 0.0319732 0.0300832 0.0281453 0.026182 0.0242145 0.0222633 0.0203474 0.018484 0.0166883 0.0149733 0.0133498 0.0118262 0.0104086 0.00910063 0.00790406 0.0068185 0.00584184 0.00497047 0.00419948 0.00352298 0.00293431 0.00242633 0.00199164 0.00162278 0.00131241 0.00105344 0.000839203 0.000663475 0.000520577 0.000405396 0.000313393 0.000240604 0.000183612 0.000139526 0.000105938 8.08911e-05 6.28371e-05 5.06064e-05 4.33889e-05 
5.28946e-05 5.5017e-05 6.28837e-05 7.70776e-05 9.85845e-05 0.000128835 0.000169739 0.000223728 0.000293802 0.000383575 0.000497319 0.000639996 0.000817287 0.00103559 0.001302 0.00162427 0.00201072 0.00247014 0.00301162 0.00364437 0.00437746 0.00521963 0.00617891 0.00726238 0.00847583 0.00982339 0.0113073 0.0129276 0.0146819 0.016565 0.0185691 0.0206834 0.0228945 0.025186 0.0275389 0.0299321 0.0323424 0.0347448 0.0371132 0.0394209 0.0416406 0.0437457 0.0457101 0.047509 0.0491193 0.0505201 0.051693 0.0526226 0.0532966 0.0537058 0.053845 0.0537123 0.0533095 0.0526421 0.0517191 0.0505528 0.0491587 0.0475552 0.0457632 0.0438057 0.0417075 0.0394945 0.0371934 0.0348313 0.032435 0.0300303 0.027642 0.0252934 0.0230055 0.0207972 0.0186846 0.0166814 0.0147981 0.0130426 0.0114202 0.00993312 0.00858157 0.00736337 0.00627449 0.00530926 0.00446075 0.00372105 0.00308157 0.00253335 0.00206731 0.00167445 0.00134608 0.00107393 0.000850324 0.000668177 0.00052111 0.000403443 0.000310199 0.000237079 0.000180433 0.000137218 0.000104954 8.16757e-05 6.58984e-05 5.65915e-05 
6.8547e-05 7.13073e-05 8.14449e-05 9.96998e-05 0.000127321 0.000166117 0.0002185 0.000287533 0.000376987 0.000491395 0.000636098 0.000817287 0.00104202 0.00131823 0.00165468 0.00206091 0.00254712 0.00312401 0.00380263 0.00459407 0.00550924 0.0065585 0.00775133 0.00909593 0.0105989 0.0122646 0.0140954 0.0160906 0.0182465 0.0205564 0.0230102 0.0255943 0.0282917 0.0310824 0.0339431 0.036848 0.0397689 0.042676 0.0455379 0.0483225 0.0509978 0.0535318 0.0558938 0.0580547 0.0599872 0.061667 0.0630725 0.0641857 0.0649921 0.0654813 0.065647 0.065487 0.0650036 0.0642031 0.0630959 0.0616966 0.0600232 0.0580973 0.0559432 0.0535882 0.0510614 0.0483934 0.0456161 0.0427614 0.0398613 0.036947 0.0340484 0.0311933 0.0284076 0.0257142 0.0231332 0.0206815 0.0183725 0.0162163 0.0142198 0.0123865 0.0107172 0.00920974 0.00785977 0.00666086 0.00560494 0.0046827 0.00388392 0.00319787 0.00261358 0.00212015 0.00170696 0.00136392 0.00108156 0.000851148 0.000664798 0.000515453 0.000396913 0.000303811 0.000231579 0.000176398 0.00013515 0.000105364 8.51652e-05 7.32543e-05 
8.81503e-05 9.17103e-05 0.000104672 0.000127966 0.000163163 0.000212532 0.000279092 0.000366674 0.000479978 0.000624642 0.000807293 0.00103559 0.00131823 0.00166497 0.00208654 0.00259456 0.00320143 0.00392009 0.00476381 0.00574588 0.00687921 0.008176 0.00964728 0.0113024 0.0131488 0.0151911 0.0174313 0.0198678 0.0224955 0.0253055 0.0282847 0.0314163 0.0346792 0.0380489 0.0414972 0.0449929 0.0485022 0.0519894 0.0554174 0.0587482 0.0619439 0.0649673 0.0677823 0.0703548 0.0726535 0.0746498 0.0763188 0.0776398 0.0785961 0.0791756 0.0793711 0.0791802 0.0786053 0.0776539 0.076338 0.0746743 0.0726838 0.0703912 0.0678252 0.0650172 0.0620011 0.0588131 0.0554902 0.0520702 0.048591 0.0450896 0.0416015 0.0381604 0.0347972 0.0315398 0.028413 0.0254373 0.0226297 0.020003 0.0175663 0.0153246 0.0132795 0.0114291 0.00976885 0.00829155 0.00698796 0.00584723 0.00485735 0.00400556 0.00327876 0.00266383 0.00214798 0.00171892 0.00136513 0.00107593 0.000841625 0.000653533 0.000503994 0.00038636 0.000294959 0.000225039 0.000172712 0.000134889 0.000109227 9.40991e-05 
0.000112489 0.000117042 0.000133484 0.000162976 0.000207477 0.00026981 0.000353726 0.000463972 0.000606364 0.000787857 0.0010166 0.001302 0.00165468 0.00208654 0.00261058 0.00324089 0.00399237 0.00488053 0.00592118 0.00713004 0.00852228 0.0101121 0.0119122 0.0139331 0.0161829 0.0186664 0.021385 0.0243358 0.0275119 0.0309015 0.0344884 0.0382514 0.0421649 0.0461989 0.0503197 0.0544899 0.0586694 0.062816 0.0668859 0.0708347 0.0746182 0.0781932 0.0815178 0.084553 0.0872623 0.0896133 0.0915774 0.0931308 0.0942545 0.0949348 0.0951635 0.0949378 0.0942606 0.0931403 0.0915907 0.0896307 0.0872845 0.0845804 0.0815512 0.0782331 0.0746654 0.0708897 0.0669492 0.0628881 0.0587506 0.0545802 0.0504191 0.0463071 0.0422813 0.0383753 0.0346189 0.0310375 0.027652 0.0244787 0.0215291 0.0188103 0.0163251 0.0140722 0.0120468 0.010241 0.00864448 0.0072447 0.00602768 0.00497844 0.00408147 0.00332115 0.00268214 0.00214968 0.00170983 0.00134964 0.00105733 0.000822262 0.000635071 0.000487585 0.000372818 0.000284903 0.000219029 0.000171369 0.000139016 0.00011995 
0.000142447 0.000148224 0.000168916 0.000205965 0.000261791 0.00033988 0.000444855 0.000582553 0.000760109 0.000986034 0.00127028 0.00162427 0.00206091 0.00259456 0.00324089 0.00401677 0.00493998 0.00602894 0.0073023 0.00877848 0.0104751 0.0124086 0.0145932 0.0170408 0.0197599 0.0227552 0.0260273 0.0295716 0.0333787 0.0374335 0.0417156 0.0461991 0.050853 0.0556412 0.0605233 0.0654552 0.0703895 0.0752769 0.0800663 0.0847063 0.0891459 0.0933352 0.0972266 0.100775 0.10394 0.106683 0.108973 0.110783 0.112092 0.112883 0.113148 0.112884 0.112094 0.110787 0.108979 0.106691 0.103951 0.10079 0.0972469 0.0933614 0.0891789 0.0847471 0.0801157 0.0753357 0.0704583 0.0655344 0.0606131 0.0557415 0.0509636 0.0463193 0.0418445 0.0375701 0.0335216 0.0297194 0.0261784 0.0229078 0.0199123 0.0171913 0.0147402 0.0125506 0.0106108 0.00890674 0.00742226 0.00613995 0.00504162 0.00410886 0.00332345 0.00266779 0.00212518 0.00168006 0.00131817 0.00102666 0.00079414 0.000610646 0.000467644 0.000357949 0.000275655 0.00021606 0.000175583 0.000151735 
0.000179009 0.000186277 0.000212116 0.000258297 0.00032779 0.000424863 0.000555169 0.000725826 0.000945519 0.00122458 0.00157505 0.00201072 0.00254712 0.00320143 0.00399237 0.00493998 0.0060653 0.00738998 0.00893582 0.0107242 0.0127754 0.0151081 0.0177382 0.0206787 0.0239386 0.027522 0.0314282 0.0356505 0.0401763 0.0449866 0.0500562 0.0553535 0.0608411 0.066476 0.0722107 0.077993 0.0837681 0.0894783 0.095065 0.100469 0.105632 0.110498 0.115012 0.119123 0.122786 0.125958 0.128604 0.130694 0.132204 0.133116 0.133421 0.133115 0.132201 0.13069 0.1286 0.125955 0.122783 0.119123 0.115015 0.110506 0.105647 0.100491 0.0950956 0.0895188 0.0838193 0.0780559 0.0722856 0.0665634 0.0609408 0.0554651 0.0501791 0.0451197 0.0403183 0.0357999 0.0315832 0.0276808 0.0240992 0.0208392 0.0178965 0.0152625 0.0129243 0.010866 0.00906948 0.00751454 0.0061801 0.00504464 0.00408674 0.00328559 0.00262136 0.00207548 0.0016309 0.00127216 0.000985531 0.000758978 0.000582151 0.000446321 0.000344298 0.000270344 0.000220087 0.000190485 
0.00022325 0.000232321 0.000264337 0.00032146 0.000407301 0.00052705 0.000687559 0.000897446 0.0011672 0.00150925 0.00193806 0.00247014 0.00312401 0.00392009 0.00488053 0.00602894 0.00738998 0.00898889 0.0108509 0.0130006 0.0154611 0.0182532 0.0213947 0.0248993 0.0287762 0.0330288 0.0376544 0.0426436 0.04798 0.0536398 0.059592 0.0657988 0.0722153 0.078791 0.0854698 0.0921915 0.0988923 0.105506 0.111966 0.118205 0.124156 0.129757 0.134946 0.139667 0.143868 0.147504 0.150533 0.152925 0.154651 0.155693 0.15604 0.155688 0.154642 0.152912 0.150518 0.147486 0.14385 0.139649 0.13493 0.129744 0.124148 0.118203 0.111973 0.105523 0.0989205 0.0922323 0.0855242 0.0788596 0.0722985 0.0658964 0.0597037 0.0537646 0.0481166 0.0427906 0.0378099 0.0331907 0.0289424 0.0250675 0.0215626 0.0184187 0.0156222 0.0131556 0.0109982 0.00912718 0.00751835 0.00614674 0.0049874 0.00401595 0.00320903 0.00254468 0.00200264 0.00156451 0.00121386 0.000936253 0.000719253 0.000552332 0.000426803 0.000335724 0.000273794 0.000237324 
0.000276329 0.00028756 0.000326928 0.000397045 0.000502277 0.000648876 0.000845091 0.00110127 0.00142996 0.00184604 0.00236673 0.00301162 0.00380263 0.00476381 0.00592118 0.0073023 0.00893582 0.0108509 0.0130765 0.0156405 0.018569 0.0218851 0.025608 0.0297523 0.0343268 0.0393335 0.0447674 0.0506156 0.056857 0.0634622 0.0703938 0.0776064 0.085047 0.0926565 0.10037 0.108117 0.115826 0.123421 0.130826 0.137966 0.144766 0.151156 0.157068 0.162441 0.167217 0.171345 0.174783 0.177494 0.17945 0.18063 0.181022 0.180622 0.179434 0.177472 0.174755 0.171312 0.167179 0.162401 0.157028 0.151117 0.144731 0.137936 0.130804 0.123409 0.115825 0.10813 0.100398 0.0927003 0.0851077 0.0776841 0.0704885 0.0635731 0.056983 0.0507553 0.0449189 0.0394947 0.0344952 0.0299256 0.0257834 0.0220601 0.0187413 0.0158079 0.0132369 0.0110028 0.00907791 0.00743361 0.00604109 0.00487202 0.00389914 0.00309668 0.00244079 0.0019097 0.00148394 0.00114633 0.000882025 0.00067843 0.000525136 0.000413804 0.00033806 0.000293464 
0.000339474 0.000353269 0.000401308 0.000486729 0.000614758 0.000792881 0.00103094 0.00134127 0.00173879 0.00224112 0.00286862 0.00364437 0.00459407 0.00574588 0.00713004 0.00877848 0.0107242 0.0130006 0.0156405 0.0186754 0.0221343 0.0260424 0.0304204 0.0352832 0.0406387 0.0464872 0.0528205 0.0596214 0.0668633 0.0745104 0.0825174 0.0908308 0.0993885 0.108122 0.116956 0.125811 0.134605 0.143252 0.151668 0.159768 0.167471 0.174698 0.181376 0.187436 0.192817 0.197463 0.201329 0.204376 0.206572 0.207896 0.208335 0.207885 0.206549 0.204343 0.201287 0.197412 0.192758 0.187372 0.181309 0.174631 0.167405 0.159706 0.151612 0.143206 0.13457 0.12579 0.116951 0.108135 0.0994202 0.0908822 0.0825888 0.0746014 0.0669731 0.0597486 0.0529633 0.0466433 0.0408056 0.0354581 0.0306004 0.0262246 0.0223159 0.0188538 0.0158133 0.0131657 0.0108799 0.00892343 0.00726332 0.00586693 0.00470268 0.00374061 0.00295284 0.00231387 0.00180074 0.0013932 0.00107365 0.000827164 0.000641349 0.000506268 0.000414314 0.000360184 
0.000413958 0.000430771 0.000488951 0.000592236 0.000746844 0.000961657 0.00124834 0.00162148 0.00209867 0.00270063 0.00345124 0.00437746 0.00550924 0.00687921 0.00852228 0.0104751 0.0127754 0.0154611 0.018569 0.0221343 0.0261887 0.0307598 0.0358691 0.0415314 0.0477533 0.0545326 0.0618571 0.0697043 0.0780413 0.0868246 0.0960007 0.105506 0.115269 0.125211 0.135246 0.145284 0.155232 0.164995 0.174479 0.183591 0.192242 0.200345 0.207821 0.214597 0.220606 0.22579 0.230099 0.233492 0.235936 0.237409 0.237896 0.237394 0.235906 0.233447 0.230041 0.22572 0.220525 0.214508 0.207726 0.200246 0.192141 0.183493 0.174386 0.16491 0.155158 0.145224 0.135203 0.125187 0.115266 0.105525 0.0960423 0.0868894 0.0781286 0.069813 0.0619855 0.0546785 0.0479141 0.0417039 0.0360503 0.0309464 0.0263774 0.022322 0.0187528 0.0156385 0.0129442 0.0106336 0.00866907 0.00701344 0.00563042 0.00448547 0.00354625 0.00278309 0.00216921 0.00168085 0.00129735 0.00100112 0.000777541 0.000614847 0.000504032 0.000438809 
0.000501075 0.000521406 0.000591344 0.000715308 0.000900634 0.00115779 0.0015005 0.00194586 0.00251448 0.00323054 0.00412183 0.00521963 0.0065585 0.008176 0.0101121 0.0124086 0.0151081 0.0182532 0.0218851 0.0260424 0.0307598 0.0360664 0.0419846 0.0485284 0.0557025 0.0635011 0.0719074 0.0808927 0.0904165 0.100427 0.11086 0.121644 0.132694 0.143921 0.155228 0.166515 0.177676 0.188608 0.199207 0.209372 0.219004 0.228012 0.236311 0.243822 0.250474 0.256207 0.260968 0.264713 0.26741 0.269033 0.269569 0.269014 0.267371 0.264656 0.260894 0.256117 0.25037 0.243705 0.236185 0.227879 0.218867 0.209234 0.199072 0.18848 0.177558 0.16641 0.155141 0.143854 0.132649 0.121623 0.110866 0.100459 0.0904749 0.0809768 0.0720157 0.0636314 0.0558521 0.0486942 0.0421631 0.036254 0.0309528 0.0262372 0.0220782 0.0184417 0.0152892 0.0125801 0.0102723 0.00832353 0.00669257 0.00533983 0.00422817 0.0033233 0.00259418 0.00201322 0.00155631 0.00120289 0.000935811 0.00074128 0.000608703 0.000530682 
0.000602104 0.000626503 0.000709957 0.000857651 0.00107818 0.00138379 0.00179048 0.00231819 0.00299086 0.00383649 0.00488718 0.00617891 0.00775133 0.00964728 0.0119122 0.0145932 0.0177382 0.0213947 0.025608 0.0304204 0.0358691 0.0419846 0.0487893 0.0562961 0.0645069 0.0734115 0.0829873 0.0931983 0.103996 0.115317 0.12709 0.139228 0.151638 0.164217 0.176857 0.189446 0.201868 0.21401 0.225758 0.237002 0.247638 0.257569 0.266702 0.274957 0.282258 0.288544 0.293758 0.297857 0.300806 0.30258 0.303166 0.302557 0.30076 0.297788 0.293668 0.288434 0.282131 0.274813 0.266545 0.257401 0.247463 0.236823 0.225579 0.213836 0.201703 0.189293 0.176721 0.164101 0.151546 0.139163 0.127053 0.11531 0.104019 0.0932515 0.0830693 0.0735204 0.06464 0.0564502 0.0489608 0.0421694 0.0360631 0.0306196 0.0258084 0.0215927 0.0179306 0.0147771 0.0120854 0.00980802 0.0078984 0.00631161 0.00500524 0.00394002 0.00308024 0.00239406 0.00185359 0.00143494 0.0011182 0.000887269 0.000729794 0.000637131 
0.000718276 0.000747334 0.000846191 0.00102089 0.00128142 0.00164199 0.00212116 0.00274197 0.00353202 0.00452354 0.00575329 0.00726238 0.00909593 0.0113024 0.0139331 0.0170408 0.0206787 0.0248993 0.0297523 0.0352832 0.0415314 0.0485284 0.0562961 0.0648454 0.0741744 0.0842677 0.0950957 0.106614 0.118765 0.131474 0.144658 0.158218 0.172048 0.186034 0.200054 0.213985 0.227702 0.241079 0.253995 0.266333 0.277982 0.288838 0.298807 0.307803 0.31575 0.322582 0.328244 0.332692 0.335889 0.337812 0.338446 0.337785 0.335836 0.332612 0.32814 0.322453 0.315599 0.307632 0.298619 0.288636 0.277769 0.266113 0.253772 0.240857 0.227486 0.21378 0.199865 0.185865 0.171904 0.158102 0.144572 0.131422 0.118746 0.10663 0.0951453 0.0843492 0.0742853 0.0649826 0.0564558 0.0487062 0.0417228 0.0354838 0.0299575 0.0251049 0.0208808 0.017236 0.0141187 0.0114761 0.00925595 0.00740772 0.00588336 0.00463821 0.00363151 0.00282678 0.00219198 0.0016996 0.00132661 0.00105442 0.000868701 0.000759425 
0.000850724 0.000885073 0.00100134 0.00120649 0.00151208 0.00193449 0.00249505 0.00322022 0.00414159 0.00529596 0.00672517 0.00847583 0.0105989 0.0131488 0.0161829 0.0197599 0.0239386 0.0287762 0.0343268 0.0406387 0.0477533 0.0557025 0.0645069 0.0741744 0.0846985 0.0960575 0.108214 0.121113 0.134687 0.14885 0.163505 0.178542 0.19384 0.209272 0.224706 0.240005 0.255033 0.269656 0.283745 0.297175 0.30983 0.321603 0.332394 0.342116 0.350693 0.358058 0.364155 0.36894 0.372378 0.374444 0.375125 0.374414 0.372318 0.368851 0.364037 0.357913 0.350522 0.341921 0.332177 0.321367 0.30958 0.296913 0.283476 0.269386 0.254765 0.239746 0.224461 0.209047 0.19364 0.17837 0.163366 0.148747 0.134621 0.121086 0.108225 0.0961057 0.0847816 0.0742893 0.0646497 0.0558688 0.0479383 0.0408372 0.0345338 0.028987 0.0241486 0.0199651 0.0163799 0.0133347 0.0107715 0.00863376 0.0068674 0.00542205 0.00425154 0.00331436 0.00257398 0.00199891 0.00156278 0.0012442 0.0010267 0.000898736 
0.00100044 0.00104075 0.00117651 0.00141573 0.00177166 0.00226303 0.00291422 0.00375538 0.00482242 0.00615706 0.00780656 0.00982339 0.0122646 0.0151911 0.0186664 0.0227552 0.027522 0.0330288 0.0393335 0.0464872 0.0545326 0.0635011 0.0734115 0.0842677 0.0960575 0.108752 0.122303 0.136648 0.151704 0.167375 0.183549 0.200102 0.2169 0.233804 0.250666 0.267341 0.283682 0.299546 0.314795 0.3293 0.34294 0.355604 0.367192 0.377615 0.386796 0.39467 0.401181 0.406287 0.409952 0.412154 0.412879 0.412122 0.409887 0.406189 0.401052 0.39451 0.386607 0.377397 0.366949 0.355338 0.342654 0.328999 0.314483 0.299228 0.283364 0.267029 0.250365 0.233521 0.216641 0.199872 0.183352 0.167216 0.151586 0.136572 0.12227 0.108761 0.0961072 0.0843549 0.0735325 0.0636513 0.0547068 0.04668 0.0395393 0.0332422 0.0277378 0.0229688 0.0188736 0.0153886 0.0124495 0.0099937 0.00796092 0.0062947 0.00494306 0.00385915 0.00300157 0.00233458 0.00182813 0.00145784 0.00120489 0.00105608 
0.00116823 0.00121518 0.00137259 0.0016496 0.00206128 0.00262891 0.00338016 0.00434914 0.00557641 0.00710891 0.00899967 0.0113073 0.0140954 0.0174313 0.021385 0.0260273 0.0314282 0.0376544 0.0447674 0.0528205 0.0618571 0.0719074 0.0829873 0.0950957 0.108214 0.122303 0.137307 0.153149 0.169735 0.186953 0.204678 0.222772 0.241087 0.259469 0.27776 0.295802 0.313439 0.33052 0.346901 0.362448 0.377036 0.390553 0.402899 0.413985 0.423735 0.432085 0.438982 0.444385 0.448262 0.45059 0.451355 0.450555 0.448192 0.444281 0.438844 0.431913 0.42353 0.413749 0.402634 0.390261 0.37672 0.362111 0.346549 0.330157 0.313072 0.295437 0.277403 0.259127 0.240768 0.222481 0.204421 0.186735 0.16956 0.15302 0.137225 0.122268 0.108225 0.09515 0.0830814 0.0720367 0.0620162 0.0530037 0.0449685 0.0378675 0.0316474 0.0262473 0.021601 0.0176392 0.0142918 0.0114896 0.00916599 0.00725809 0.00570786 0.00446274 0.00347618 0.00270784 0.00212376 0.00169632 0.00140415 0.00123227 
0.00135465 0.00140895 0.0015902 0.00190876 0.00238164 0.00303289 0.00389367 0.00500233 0.00640433 0.00815216 0.0103049 0.0129276 0.0160906 0.0198678 0.0243358 0.0295716 0.0356505 0.0426436 0.0506156 0.0596214 0.0697043 0.0808927 0.0931983 0.106614 0.121113 0.136648 0.153149 0.170528 0.188675 0.207466 0.226759 0.246402 0.266233 0.286084 0.305785 0.325167 0.344067 0.362325 0.379793 0.396333 0.411819 0.426137 0.43919 0.450889 0.461162 0.469948 0.477197 0.482869 0.486936 0.489377 0.490181 0.489342 0.486865 0.482762 0.477053 0.469769 0.460948 0.45064 0.438908 0.425824 0.411477 0.395966 0.379405 0.361922 0.343654 0.324752 0.305374 0.285684 0.265853 0.246049 0.22644 0.207186 0.18844 0.170341 0.153013 0.136564 0.12108 0.106631 0.0932606 0.0809964 0.069844 0.059791 0.0508085 0.0428534 0.0358706 0.029796 0.024559 0.0200849 0.0162975 0.0131213 0.0104828 0.00831276 0.00654661 0.00512587 0.00399852 0.00311939 0.00245033 0.00196024 0.00162506 0.00142788 
0.00155997 0.00162232 0.0018296 0.00219343 0.00273295 0.0034751 0.00445476 0.00571473 0.00730568 0.00928587 0.0117207 0.0146819 0.0182465 0.0224955 0.0275119 0.0333787 0.0401763 0.04798 0.056857 0.0668633 0.0780413 0.0904165 0.103996 0.118765 0.134687 0.151704 0.169735 0.188675 0.208403 0.228775 0.249637 0.27082 0.292148 0.31344 0.334516 0.355196 0.375307 0.394687 0.413182 0.430652 0.446971 0.462027 0.475724 0.487978 0.49872 0.507894 0.515453 0.521362 0.525596 0.528136 0.528972 0.528101 0.525524 0.521254 0.515308 0.507712 0.498501 0.487722 0.475431 0.461699 0.44661 0.430261 0.412765 0.394249 0.374854 0.354735 0.334054 0.312986 0.291709 0.270405 0.249254 0.228432 0.208105 0.188428 0.169541 0.151567 0.134606 0.118738 0.104022 0.0904902 0.0781573 0.0670154 0.0570382 0.0481833 0.0403946 0.0336052 0.0277404 0.0227204 0.018463 0.0148862 0.0119098 0.0094576 0.00745867 0.00584823 0.00456853 0.00356931 0.00280798 0.00224982 0.00186786 0.00164317 
0.00178412 0.00185522 0.00209065 0.00250341 0.00311484 0.00395496 0.00506253 0.00648504 0.00827855 0.0105073 0.0132433 0.016565 0.0205564 0.0253055 0.0309015 0.0374335 0.0449866 0.0536398 0.0634622 0.0745104 0.0868246 0.100427 0.115317 0.131474 0.14885 0.167375 0.186953 0.207466 0.228775 0.250723 0.273137 0.295835 0.318625 0.341316 0.363713 0.385631 0.406889 0.42732 0.446767 0.465092 0.482168 0.497887 0.512156 0.524898 0.536048 0.545555 0.553379 0.559489 0.563864 0.566487 0.567351 0.566452 0.563794 0.559383 0.553237 0.545375 0.53583 0.52464 0.51186 0.497551 0.481795 0.464684 0.446328 0.426854 0.406402 0.38513 0.363206 0.34081 0.318131 0.295361 0.272693 0.250316 0.228414 0.207156 0.1867 0.167182 0.148718 0.131402 0.115303 0.100466 0.086913 0.0746411 0.0636283 0.0538335 0.0452003 0.0376598 0.0311334 0.0255365 0.0207813 0.016779 0.0134429 0.0106898 0.00844203 0.00662839 0.00518522 0.00405692 0.00319631 0.00256479 0.00213239 0.00187802 
0.00202664 0.00210716 0.00237279 0.00283796 0.00352632 0.0044711 0.0057151 0.0073107 0.0093195 0.011812 0.0148667 0.0185691 0.0230102 0.0282847 0.0344884 0.0417156 0.0500562 0.059592 0.0703938 0.0825174 0.0960007 0.11086 0.12709 0.144658 0.163505 0.183549 0.204678 0.226759 0.249637 0.273137 0.297072 0.321242 0.345444 0.369473 0.393126 0.416207 0.438533 0.459931 0.480246 0.499338 0.517085 0.533384 0.548147 0.561303 0.572795 0.582577 0.590616 0.596888 0.601374 0.604064 0.60495 0.604031 0.601308 0.596787 0.59048 0.582403 0.572582 0.561051 0.547854 0.533049 0.516709 0.498921 0.479793 0.459445 0.438019 0.415673 0.392578 0.368922 0.344899 0.320712 0.296567 0.272668 0.249212 0.226387 0.204364 0.183297 0.163318 0.144535 0.127031 0.110862 0.0960576 0.0826233 0.0705413 0.0597731 0.0502626 0.0419392 0.0347216 0.0285203 0.0232421 0.0187918 0.015076 0.0120047 0.00949313 0.00746371 0.00584664 0.0045808 0.00361425 0.00290438 0.00241806 0.00213197 
0.00228669 0.00237725 0.00267498 0.00319579 0.00396572 0.00502132 0.00640959 0.00818788 0.0104235 0.0131933 0.0165824 0.0206834 0.0255943 0.0314163 0.0382514 0.0461991 0.0553535 0.0657988 0.0776064 0.0908308 0.105506 0.121644 0.139228 0.158218 0.178542 0.200102 0.222772 0.246402 0.27082 0.295835 0.321242 0.346829 0.372377 0.397671 0.422498 0.446658 0.46996 0.492232 0.513318 0.533083 0.551409 0.568199 0.583371 0.596863 0.608625 0.618621 0.626825 0.633217 0.637786 0.640524 0.641428 0.640495 0.637726 0.633125 0.626699 0.61846 0.608426 0.596623 0.583088 0.567871 0.551037 0.532667 0.51286 0.491734 0.469428 0.446098 0.421919 0.39708 0.371786 0.346247 0.320682 0.295306 0.270334 0.245967 0.222396 0.19979 0.178298 0.158044 0.139123 0.121604 0.105529 0.0909085 0.077732 0.0659641 0.0555498 0.0464178 0.0384838 0.0316547 0.0258317 0.0209138 0.0168007 0.0133955 0.0106069 0.00835027 0.00654979 0.00513869 0.00406007 0.00326724 0.00272379 0.00240408 
0.00256296 0.00266413 0.00299566 0.003575 0.00443066 0.00560257 0.00714202 0.00911145 0.011584 0.0146428 0.0183798 0.0228945 0.0282917 0.0346792 0.0421649 0.050853 0.0608411 0.0722153 0.085047 0.0993885 0.115269 0.132694 0.151638 0.172048 0.19384 0.2169 0.241087 0.266233 0.292148 0.318625 0.345444 0.372377 0.399194 0.425667 0.451578 0.476719 0.500898 0.523942 0.545699 0.566037 0.584844 0.60203 0.617524 0.631272 0.643234 0.653381 0.661697 0.668168 0.67279 0.67556 0.676475 0.675534 0.672739 0.668088 0.661586 0.653237 0.643053 0.631051 0.61726 0.601719 0.584485 0.565629 0.545244 0.523442 0.500357 0.476142 0.450974 0.425045 0.398564 0.37175 0.344833 0.318041 0.291603 0.265737 0.24065 0.216528 0.193539 0.17182 0.151484 0.132611 0.115255 0.0994353 0.0851482 0.0723623 0.0610249 0.0510643 0.0423945 0.0349187 0.0285332 0.0231312 0.018606 0.0148539 0.0117765 0.00928285 0.00729064 0.00572744 0.00453135 0.00365145 0.00304801 0.00269298 
0.00285369 0.00296597 0.00333278 0.00397314 0.00491805 0.00621091 0.00790736 0.010075 0.0127927 0.01615 0.0202457 0.025186 0.0310824 0.0380489 0.0461989 0.0556412 0.066476 0.078791 0.0926565 0.108122 0.125211 0.143921 0.164217 0.186034 0.209272 0.233804 0.259469 0.286084 0.31344 0.341316 0.369473 0.397671 0.425667 0.453226 0.48012 0.506139 0.531089 0.5548 0.577122 0.597928 0.617117 0.634606 0.650335 0.664259 0.676349 0.686586 0.694961 0.701472 0.706118 0.708901 0.709822 0.708881 0.706076 0.701407 0.694869 0.686463 0.676191 0.664063 0.650095 0.634319 0.616779 0.597538 0.576679 0.554306 0.530548 0.505554 0.4795 0.452579 0.425005 0.397005 0.368816 0.34068 0.31284 0.28553 0.258972 0.233373 0.208913 0.185751 0.164013 0.143793 0.125157 0.108135 0.0927307 0.0789173 0.066645 0.055843 0.0464239 0.0382878 0.0313265 0.0254278 0.0204789 0.0163692 0.0129938 0.0102549 0.00806408 0.00634307 0.00502494 0.0040545 0.00338861 0.00299683 
0.00315669 0.00328048 0.00368376 0.00438712 0.0054241 0.00684157 0.00869953 0.0110707 0.0140398 0.0177028 0.0221648 0.0275389 0.0339431 0.0414972 0.0503197 0.0605233 0.0722107 0.0854698 0.10037 0.116956 0.135246 0.155228 0.176857 0.200054 0.224706 0.250666 0.27776 0.305785 0.334516 0.363713 0.393126 0.422498 0.451578 0.48012 0.507893 0.534682 0.560295 0.584564 0.607344 0.628517 0.647989 0.665689 0.681566 0.695589 0.707737 0.718005 0.726392 0.732903 0.737545 0.740325 0.741246 0.74031 0.737515 0.732854 0.726321 0.717908 0.707608 0.695423 0.681358 0.665432 0.64768 0.628153 0.606922 0.584085 0.559762 0.534098 0.507265 0.479458 0.450892 0.4218 0.392429 0.363032 0.333864 0.305176 0.277206 0.250178 0.22429 0.199717 0.176602 0.155054 0.135151 0.116934 0.100415 0.0855733 0.0723627 0.0607137 0.0505382 0.0417338 0.0341884 0.0277847 0.0224039 0.0179292 0.0142489 0.0112587 0.00886397 0.00698074 0.005537 0.00447327 0.00374301 0.00331333 
0.00346932 0.00360492 0.00404553 0.00481331 0.00594433 0.00748895 0.00951148 0.0120898 0.0153143 0.0192871 0.0241199 0.0299321 0.036848 0.0449929 0.0544899 0.0654552 0.077993 0.0921915 0.108117 0.125811 0.145284 0.166515 0.189446 0.213985 0.240005 0.267341 0.295802 0.325167 0.355196 0.385631 0.416207 0.446658 0.476719 0.506139 0.534682 0.562132 0.5883 0.613019 0.636154 0.657593 0.677254 0.695076 0.711021 0.725069 0.737212 0.747454 0.755807 0.762282 0.766895 0.769656 0.770573 0.769648 0.766878 0.762252 0.75576 0.747386 0.737116 0.724938 0.710849 0.694856 0.676981 0.657262 0.635761 0.612565 0.587784 0.561558 0.534056 0.505469 0.476016 0.445935 0.415478 0.38491 0.354499 0.324508 0.295195 0.266797 0.239534 0.213595 0.18914 0.166294 0.145147 0.125753 0.108132 0.0922706 0.0781266 0.0656325 0.0547003 0.0452257 0.0370932 0.0301807 0.0243639 0.0195199 0.0155305 0.0122853 0.00968321 0.0076348 0.00606301 0.00490408 0.00410809 0.0036397 
0.00378852 0.00393613 0.00441455 0.00524754 0.00647367 0.00814672 0.0103353 0.0131222 0.0166036 0.0208875 0.0260919 0.0323424 0.0397689 0.0485022 0.0586694 0.0703895 0.0837681 0.0988923 0.115826 0.134605 0.155232 0.177676 0.201868 0.227702 0.255033 0.283682 0.313439 0.344067 0.375307 0.406889 0.438533 0.46996 0.500898 0.531089 0.560295 0.5883 0.614915 0.639983 0.663372 0.684983 0.704744 0.722606 0.738544 0.75255 0.76463 0.774797 0.783074 0.789482 0.794043 0.796772 0.79768 0.796771 0.794039 0.789473 0.783054 0.774761 0.764569 0.752459 0.738414 0.722429 0.704512 0.684691 0.663015 0.639559 0.614424 0.587743 0.559678 0.53042 0.500187 0.46922 0.437778 0.406135 0.37457 0.343362 0.312782 0.283086 0.25451 0.22726 0.201513 0.177409 0.155053 0.13451 0.11581 0.0989459 0.0838817 0.0705524 0.0588703 0.0487299 0.0400128 0.0325926 0.0263399 0.0211259 0.0168263 0.0133246 0.0105138 0.00829888 0.00659784 0.00534274 0.0044803 0.00397278 
0.00411088 0.00427054 0.00478689 0.00568518 0.00700648 0.00880789 0.0111622 0.0141571 0.0178942 0.0224873 0.0280604 0.0347448 0.042676 0.0519894 0.062816 0.0752769 0.0894783 0.105506 0.123421 0.143252 0.164995 0.188608 0.21401 0.241079 0.269656 0.299546 0.33052 0.362325 0.394687 0.42732 0.459931 0.492232 0.523942 0.5548 0.584564 0.613019 0.639983 0.665301 0.688853 0.71055 0.73033 0.748159 0.764024 0.777929 0.789893 0.799943 0.808108 0.814422 0.81891 0.821595 0.822491 0.821602 0.818921 0.814433 0.808116 0.799939 0.789871 0.77788 0.763938 0.748028 0.730145 0.710302 0.688538 0.664914 0.639522 0.612487 0.583963 0.554139 0.52323 0.491481 0.459157 0.426538 0.393915 0.36158 0.329818 0.298902 0.269084 0.240588 0.213606 0.188296 0.164775 0.143121 0.123373 0.105534 0.0895712 0.0754243 0.0630063 0.0522109 0.0429174 0.0349956 0.0283113 0.0227304 0.0181227 0.0143658 0.011347 0.00896596 0.00713582 0.00578458 0.00485567 0.004309 
0.00443267 0.00460431 0.00515823 0.00612121 0.00753666 0.00946497 0.0119829 0.015183 0.0191718 0.0240689 0.0300037 0.0371132 0.0455379 0.0554174 0.0668859 0.0800663 0.095065 0.111966 0.130826 0.151668 0.174479 0.199207 0.225758 0.253995 0.283745 0.314795 0.346901 0.379793 0.413182 0.446767 0.480246 0.513318 0.545699 0.577122 0.607344 0.636154 0.663372 0.688853 0.712486 0.734191 0.753921 0.771653 0.787388 0.801143 0.812949 0.822844 0.830869 0.837065 0.841465 0.844098 0.844978 0.844111 0.841491 0.837098 0.830905 0.822875 0.812966 0.801137 0.787348 0.77157 0.753784 0.733992 0.712216 0.688508 0.662948 0.635651 0.606766 0.576474 0.544992 0.512564 0.479459 0.445965 0.412381 0.379013 0.346159 0.314108 0.283127 0.253457 0.225308 0.198851 0.174219 0.1515 0.130746 0.111967 0.0951366 0.0801975 0.0670647 0.0556317 0.0457758 0.0373637 0.0302568 0.0243158 0.0194054 0.0153973 0.0121735 0.00962851 0.00767084 0.00622455 0.00522989 0.00464447 
