2.17466e-09 2.29539e-09 3.11947e-09 4.86412e-09 7.96425e-09 1.31568e-08 2.16116e-08 3.5125e-08 5.63956e-08 8.94045e-08 1.39928e-07 2.16212e-07 3.29839e-07 4.96822e-07 7.38935e-07 1.0853e-06 1.57424e-06 2.2553e-06 3.19145e-06 4.46133e-06 6.16128e-06 8.40719e-06 1.13356e-05 1.5104e-05 1.989e-05 2.5889e-05 3.33099e-05 4.23689e-05 5.32818e-05 6.62533e-05 8.14655e-05 9.90643e-05 0.000119146 0.000141744 0.000166815 0.000194231 0.00022377 0.000255113 0.000287849 0.000321477 0.000355422 0.000389049 0.000421681 0.000452625 0.000481194 0.000506734 0.000528641 0.000546392 0.000559553 0.000567802 0.000570935 0.000568876 0.000561679 0.000549524 0.000532714 0.00051166 0.000486874 0.000458943 0.000428514 0.000396266 0.000362892 0.000329069 0.000295437 0.000262581 0.000231013 0.000201159 0.000173351 0.000147829 0.000124737 0.000104136 8.60084e-05 7.02711e-05 5.67906e-05 4.53949e-05 3.58868e-05 2.80562e-05 2.16898e-05 1.65799e-05 1.25307e-05 9.36273e-06 6.91563e-06 5.04929e-06 3.64389e-06 2.59899e-06 1.83198e-06 1.27608e-06 8.78322e-07 5.97336e-07 4.01373e-07 2.66452e-07 1.74748e-07 1.13218e-07 7.24634e-08 4.58192e-08 2.86284e-08 1.76885e-08 1.08325e-08 6.62167e-09 4.12365e-09 2.76168e-09 
2.29539e-09 2.42539e-09 3.30541e-09 5.16954e-09 8.48668e-09 1.40523e-08 2.31309e-08 3.76671e-08 6.05865e-08 9.6211e-08 1.5082e-07 2.33386e-07 3.56529e-07 5.37708e-07 8.00683e-07 1.17726e-06 1.70931e-06 2.45098e-06 3.47115e-06 4.85579e-06 6.71033e-06 9.16151e-06 1.23587e-05 1.64741e-05 2.1702e-05 2.82559e-05 3.63639e-05 4.62624e-05 5.81865e-05 7.23595e-05 8.89795e-05 0.000108205 0.00013014 0.00015482 0.000182195 0.000212125 0.000244365 0.000278567 0.000314281 0.000350959 0.000387973 0.00042463 0.000460194 0.00049391 0.000525031 0.000552844 0.000576696 0.000596015 0.000610333 0.0006193 0.000622695 0.000620437 0.000612583 0.00059933 0.000581007 0.000558061 0.000531047 0.000500605 0.000467437 0.000432284 0.000395898 0.000359017 0.00032234 0.000286505 0.000252069 0.000219497 0.000189156 0.000161304 0.000136103 0.000113618 9.38309e-05 7.6653e-05 6.19384e-05 4.95e-05 3.91227e-05 3.05771e-05 2.36306e-05 1.80563e-05 1.36403e-05 1.01865e-05 7.51968e-06 5.4867e-06 3.95664e-06 2.81977e-06 1.98582e-06 1.38189e-06 9.50135e-07 6.45429e-07 4.33148e-07 2.87162e-07 1.88061e-07 1.21657e-07 7.77385e-08 4.907e-08 3.06035e-08 1.8872e-08 1.15331e-08 7.03382e-09 4.36934e-09 2.91899e-09 
3.11947e-09 3.30541e-09 4.51329e-09 7.06357e-09 1.15962e-08 1.91949e-08 3.15801e-08 5.1394e-08 8.26058e-08 1.3107e-07 2.05275e-07 3.17334e-07 4.84241e-07 7.2946e-07 1.08485e-06 1.59295e-06 2.30961e-06 3.30689e-06 4.67614e-06 6.5311e-06 9.01074e-06 1.22816e-05 1.65394e-05 2.20089e-05 2.89425e-05 3.76167e-05 4.83257e-05 6.13725e-05 7.70572e-05 9.56624e-05 0.000117436 0.000142575 0.000171202 0.000203352 0.00023895 0.000277802 0.000319584 0.000363838 0.000409978 0.000457296 0.000504982 0.000552149 0.000597853 0.000641134 0.00068104 0.000716669 0.000747194 0.000771892 0.000790173 0.000801595 0.000805884 0.000802936 0.000792826 0.000775803 0.000752282 0.000722832 0.000688155 0.000649061 0.000606442 0.00056124 0.000514413 0.000466905 0.000419611 0.000373348 0.000328837 0.000286682 0.000247357 0.000211208 0.000178449 0.000149174 0.00012337 0.000100931 8.1677e-05 6.53725e-05 5.17457e-05 4.05041e-05 3.13497e-05 2.39904e-05 1.81499e-05 1.35739e-05 1.00344e-05 7.33164e-06 5.2941e-06 3.77773e-06 2.66369e-06 1.85573e-06 1.2773e-06 8.68544e-07 5.8342e-07 3.87112e-07 2.5371e-07 1.64236e-07 1.05008e-07 6.63156e-08 4.1376e-08 2.55233e-08 1.56021e-08 9.51809e-09 5.91549e-09 3.95649e-09 
4.86412e-09 5.16954e-09 7.06357e-09 1.10442e-08 1.81012e-08 2.99063e-08 4.91056e-08 7.97519e-08 1.27915e-07 2.02521e-07 3.16472e-07 4.88111e-07 7.43092e-07 1.1167e-06 1.65668e-06 2.42652e-06 3.50924e-06 5.01152e-06 7.06803e-06 9.84567e-06 1.35475e-05 1.84157e-05 2.47333e-05 3.2824e-05 4.30491e-05 5.58024e-05 7.14998e-05 9.05672e-05 0.000113423 0.000140456 0.000172005 0.000208329 0.000249585 0.000295798 0.000346841 0.000402418 0.00046205 0.000525074 0.000590649 0.000657767 0.000725286 0.000791954 0.000856452 0.00091744 0.000973596 0.00102367 0.00106651 0.00110113 0.00112672 0.00114266 0.00114859 0.00114435 0.00113007 0.00110607 0.00107295 0.00103147 0.000982618 0.00092751 0.000867385 0.000803553 0.00073735 0.000670096 0.000603046 0.000537355 0.000474043 0.00041397 0.000357823 0.000306102 0.000259131 0.000217062 0.000179893 0.000147493 0.000119622 9.59601e-05 7.61329e-05 5.97329e-05 4.63417e-05 3.55473e-05 2.69573e-05 2.02088e-05 1.49746e-05 1.09669e-05 7.93753e-06 5.67701e-06 4.01192e-06 2.80121e-06 1.93227e-06 1.3167e-06 8.86282e-07 5.89252e-07 3.86945e-07 2.50958e-07 1.60749e-07 1.01698e-07 6.35611e-08 3.92745e-08 2.40489e-08 1.4698e-08 9.15551e-09 6.14258e-09 
7.96425e-09 8.48668e-09 1.15962e-08 1.81012e-08 2.96018e-08 4.8791e-08 7.99191e-08 1.29475e-07 2.07146e-07 3.27125e-07 5.09859e-07 7.84307e-07 1.19082e-06 1.78467e-06 2.64033e-06 3.85646e-06 5.56147e-06 7.91965e-06 1.11374e-05 1.54694e-05 2.1224e-05 2.87668e-05 3.85232e-05 5.09767e-05 6.66644e-05 8.61672e-05 0.000110095 0.000139068 0.000173689 0.000214513 0.000262014 0.000316547 0.000378308 0.000447302 0.000523308 0.000605856 0.000694216 0.000787388 0.00088412 0.000982928 0.00108214 0.00117992 0.00127436 0.00136352 0.00144551 0.00151851 0.0015809 0.00163124 0.00166839 0.00169148 0.00169997 0.00169368 0.00167275 0.00163768 0.00158929 0.0015287 0.00145731 0.00137672 0.00128872 0.00119519 0.00109807 0.000999264 0.000900604 0.000803778 0.000710287 0.000621404 0.000538153 0.000461297 0.000391335 0.000328522 0.000272886 0.000224261 0.00018232 0.000146617 0.000116614 9.17264e-05 7.13457e-05 5.4869e-05 4.17183e-05 3.13561e-05 2.32954e-05 1.71051e-05 1.24122e-05 8.90011e-06 6.30563e-06 4.41378e-06 3.05215e-06 2.08489e-06 1.40672e-06 9.37476e-07 6.17038e-07 4.01095e-07 2.57489e-07 1.63256e-07 1.02254e-07 6.33175e-08 3.88554e-08 2.38033e-08 1.48691e-08 1.00121e-08 
1.31568e-08 1.40523e-08 1.91949e-08 2.99063e-08 4.8791e-08 8.02189e-08 1.31066e-07 2.11794e-07 3.3797e-07 5.32325e-07 8.27479e-07 1.26947e-06 1.92218e-06 2.87279e-06 4.23829e-06 6.17294e-06 8.87673e-06 1.26043e-05 1.76742e-05 2.44775e-05 3.34851e-05 4.5253e-05 6.04243e-05 7.97259e-05 0.00010396 0.00013399 0.000170715 0.000215042 0.000267843 0.000329914 0.000401921 0.000484345 0.000577431 0.000681133 0.000795073 0.000918509 0.00105031 0.00118898 0.00133263 0.00147907 0.00162581 0.00177019 0.0019094 0.00204064 0.00216113 0.00226829 0.00235974 0.00243345 0.00248776 0.00252144 0.00253371 0.00252432 0.00249347 0.00244188 0.00237073 0.00228165 0.00217664 0.00205801 0.00192836 0.00179041 0.00164697 0.00150083 0.00135468 0.00121099 0.00107199 0.000939568 0.000815276 0.00070027 0.000595334 0.000500887 0.000417016 0.00034352 0.000279956 0.000225691 0.000179962 0.000141918 0.000110672 8.53362e-05 6.50542e-05 4.90248e-05 3.65181e-05 2.68848e-05 1.95599e-05 1.40619e-05 9.98841e-06 7.0095e-06 4.85936e-06 3.32765e-06 2.25077e-06 1.50361e-06 9.92023e-07 6.46362e-07 4.15901e-07 2.64294e-07 1.6591e-07 1.02965e-07 6.33308e-08 3.88935e-08 2.43668e-08 1.64678e-08 
2.16116e-08 2.31309e-08 3.15801e-08 4.91056e-08 7.99191e-08 1.31066e-07 2.13595e-07 3.44267e-07 5.47935e-07 8.60758e-07 1.33445e-06 2.04169e-06 3.083e-06 4.59495e-06 6.76006e-06 9.81801e-06 1.40781e-05 1.99325e-05 2.78693e-05 3.84849e-05 5.24938e-05 7.07354e-05 9.41749e-05 0.000123897 0.000161093 0.000207033 0.000263034 0.000330409 0.000410413 0.000504172 0.00061261 0.000736371 0.000875742 0.00103058 0.00120025 0.00138359 0.00157889 0.00178387 0.00199577 0.00221132 0.00242691 0.00263864 0.00284246 0.0030343 0.00321019 0.00336641 0.00349958 0.00360678 0.00368565 0.00373445 0.00375208 0.00373817 0.00369303 0.00361769 0.00351383 0.00338377 0.00323037 0.00305696 0.00286725 0.00266515 0.00245475 0.00224006 0.00202499 0.00181317 0.00160787 0.00141188 0.00122752 0.00105655 0.000900162 0.000759055 0.000633423 0.000523034 0.000427297 0.000345335 0.000276065 0.000218268 0.000170657 0.000131935 0.000100844 7.61977e-05 5.69094e-05 4.20078e-05 3.0643e-05 2.20873e-05 1.57297e-05 1.10669e-05 7.69168e-06 5.28043e-06 3.58046e-06 2.39773e-06 1.58574e-06 1.03566e-06 6.6795e-07 4.25443e-07 2.6768e-07 1.66503e-07 1.0265e-07 6.31997e-08 3.9712e-08 2.69368e-08 
3.5125e-08 3.76671e-08 5.1394e-08 7.97519e-08 1.29475e-07 2.11794e-07 3.44267e-07 5.53443e-07 8.78549e-07 1.37647e-06 2.12823e-06 3.24733e-06 4.89004e-06 7.26792e-06 1.06625e-05 1.54417e-05 2.20786e-05 3.11697e-05 4.34544e-05 5.98312e-05 8.13714e-05 0.000109326 0.000145127 0.000190373 0.000246807 0.000316277 0.000400682 0.000501902 0.000621709 0.000761674 0.000923055 0.00110669 0.00131288 0.00154131 0.00179094 0.00205999 0.00234586 0.00264521 0.00295396 0.00326737 0.00358023 0.00388692 0.00418165 0.00445863 0.00471221 0.00493714 0.00512864 0.00528262 0.00539576 0.0054656 0.00549064 0.00547033 0.00540514 0.0052965 0.0051468 0.00495928 0.004738 0.00448766 0.00421349 0.00392109 0.00361623 0.00330469 0.00299207 0.0026836 0.00238401 0.00209742 0.00182721 0.00157603 0.00134571 0.00113736 0.000951353 0.000787467 0.00064493 0.000522549 0.000418812 0.000331997 0.000260265 0.000201748 0.000154618 0.000117142 8.7724e-05 6.49266e-05 4.74872e-05 3.43189e-05 2.45046e-05 1.72854e-05 1.20444e-05 8.28956e-06 5.63489e-06 3.78284e-06 2.50787e-06 1.64182e-06 1.0614e-06 6.77621e-07 4.27329e-07 2.66421e-07 1.64638e-07 1.01623e-07 6.40465e-08 4.36012e-08 
5.63956e-08 6.05865e-08 8.26058e-08 1.27915e-07 2.07146e-07 3.3797e-07 5.47935e-07 8.78549e-07 1.39094e-06 2.17342e-06 3.35134e-06 5.09957e-06 7.65796e-06 1.13498e-05 1.66036e-05 2.39769e-05 3.41831e-05 4.81177e-05 6.6885e-05 9.18204e-05 0.000124507 0.000166786 0.000220746 0.00028871 0.000373192 0.000476839 0.000602347 0.000752358 0.000929335 0.00113542 0.0013723 0.001641 0.00194182 0.00227411 0.00263623 0.00302547 0.003438 0.00386892 0.00431234 0.00476149 0.00520893 0.00564673 0.00606672 0.00646078 0.00682104 0.00714016 0.00741152 0.00762945 0.00778936 0.00788787 0.00792291 0.00789374 0.00780101 0.0076467 0.00743412 0.00716777 0.00685327 0.00649717 0.00610674 0.00568983 0.00525452 0.00480895 0.00436103 0.0039182 0.00348723 0.00307404 0.00268356 0.00231968 0.00198517 0.00168174 0.00141012 0.00117011 0.000960749 0.00078046 0.000627173 0.000498495 0.000391842 0.000304566 0.000234052 0.000177807 0.000133516 9.90863e-05 7.2667e-05 5.26569e-05 3.76982e-05 2.66618e-05 1.86262e-05 1.28524e-05 8.75862e-06 5.89456e-06 3.91747e-06 2.57087e-06 1.66598e-06 1.06611e-06 6.73894e-07 4.21127e-07 2.60863e-07 1.61434e-07 1.02048e-07 6.97248e-08 
8.94045e-08 9.6211e-08 1.3107e-07 2.02521e-07 3.27125e-07 5.32325e-07 8.60758e-07 1.37647e-06 2.17342e-06 3.3869e-06 5.20816e-06 7.90302e-06 1.18345e-05 1.74901e-05 2.55127e-05 3.67355e-05 5.22191e-05 7.32891e-05 0.000101571 0.000139021 0.000187944 0.000251006 0.000331213 0.000431887 0.000556594 0.000709063 0.000893056 0.00111222 0.00136992 0.00166901 0.00201167 0.00239914 0.00283157 0.00330782 0.00382534 0.00438007 0.00496643 0.00557739 0.00620457 0.00683844 0.00746856 0.0080839 0.00867316 0.00922511 0.00972897 0.0101747 0.0105532 0.0108568 0.0110793 0.0112161 0.0112644 0.0112232 0.0110934 0.0108777 0.0105806 0.0102082 0.00976822 0.00926955 0.00872221 0.00813693 0.0075249 0.00689737 0.00626534 0.00563924 0.00502857 0.00444175 0.00388583 0.00336643 0.00288768 0.00245221 0.00206126 0.00171479 0.00141165 0.0011498 0.000926468 0.000738395 0.000582015 0.000453633 0.000349575 0.000266305 0.000200524 0.000149225 0.000109737 7.97357e-05 5.72384e-05 4.05896e-05 2.8431e-05 1.96689e-05 1.34384e-05 9.067e-06 6.0409e-06 3.97415e-06 2.58159e-06 1.65599e-06 1.04924e-06 6.57243e-07 4.08114e-07 2.53222e-07 1.60558e-07 1.10101e-07 
1.39928e-07 1.5082e-07 2.05275e-07 3.16472e-07 5.09859e-07 8.27479e-07 1.33445e-06 2.12823e-06 3.35134e-06 5.20816e-06 7.98657e-06 1.2085e-05 1.80455e-05 2.65925e-05 3.86775e-05 5.55277e-05 7.86979e-05 0.000110121 0.000152156 0.000207625 0.000279837 0.000372588 0.000490142 0.000637169 0.00081865 0.00103975 0.00130562 0.0016212 0.00199099 0.00241872 0.00290711 0.00345757 0.00406994 0.00474229 0.00547071 0.00624926 0.00706995 0.00792283 0.00879619 0.00967679 0.0105503 0.0114016 0.0122152 0.0129761 0.0136696 0.0142821 0.0148017 0.015218 0.0155226 0.0157096 0.0157751 0.0157179 0.0155392 0.0152425 0.014834 0.0143217 0.013716 0.0130289 0.0122737 0.0114651 0.0106181 0.00974809 0.00887014 0.00799856 0.00714654 0.00632579 0.00554628 0.00481603 0.00414104 0.0035253 0.00297085 0.00247798 0.0020454 0.00167054 0.00134978 0.00107878 0.000852707 0.000666495 0.000515064 0.000393485 0.000297125 0.000221735 0.000163515 0.000119139 8.57587e-05 6.09791e-05 4.28273e-05 2.97069e-05 2.03497e-05 1.37654e-05 9.1945e-06 6.06394e-06 3.94881e-06 2.53917e-06 1.6127e-06 1.01263e-06 6.30342e-07 3.92147e-07 2.49411e-07 1.71656e-07 
2.16212e-07 2.33386e-07 3.17334e-07 4.88111e-07 7.84307e-07 1.26947e-06 2.04169e-06 3.24733e-06 5.09957e-06 7.90302e-06 1.2085e-05 1.82347e-05 2.71499e-05 3.98925e-05 5.78507e-05 8.28066e-05 0.000117007 0.000163229 0.000224847 0.000305871 0.000410976 0.000545495 0.00071537 0.000927066 0.00118742 0.00150346 0.00188213 0.00232999 0.00285291 0.00345563 0.00414146 0.00491184 0.00576604 0.0067009 0.0077106 0.00878656 0.00991753 0.0110897 0.0122868 0.013491 0.0146828 0.0158418 0.0169474 0.0179795 0.0189186 0.0197469 0.0204486 0.0210101 0.0214205 0.0216719 0.0217593 0.0216813 0.0214393 0.021038 0.0204854 0.0197922 0.0189718 0.0180402 0.017015 0.0159155 0.014762 0.0135749 0.0123744 0.0111799 0.0100095 0.00887919 0.00780278 0.00679156 0.00585415 0.00499643 0.0042217 0.0035308 0.00292246 0.00239353 0.00193944 0.00155448 0.00123226 0.000965941 0.000748632 0.000573572 0.000434356 0.000325073 0.000240401 0.000175653 0.000126791 9.04039e-05 6.36661e-05 4.42803e-05 3.04131e-05 2.06266e-05 1.38128e-05 9.13295e-06 5.96221e-06 3.84329e-06 2.44696e-06 1.54022e-06 9.61164e-07 5.9957e-07 3.82523e-07 2.64231e-07 
3.29839e-07 3.56529e-07 4.84241e-07 7.43092e-07 1.19082e-06 1.92218e-06 3.083e-06 4.89004e-06 7.65796e-06 1.18345e-05 1.80455e-05 2.71499e-05 4.0306e-05 5.90488e-05 8.53749e-05 0.000121836 0.00017163 0.000238696 0.000327781 0.000444505 0.000595373 0.000787755 0.00102981 0.00133034 0.00169857 0.0021439 0.00267549 0.00330191 0.00403062 0.00486751 0.0058164 0.00687855 0.00805226 0.00933253 0.0107108 0.0121751 0.0137096 0.0152955 0.0169109 0.0185316 0.0201318 0.0216847 0.023163 0.0245404 0.0257917 0.0268938 0.027826 0.0285711 0.0291149 0.0294474 0.0295624 0.0294577 0.0291354 0.0286016 0.0278663 0.0269435 0.0258505 0.0246078 0.0232385 0.0217675 0.0202214 0.0186271 0.0170114 0.0154 0.013817 0.0122842 0.0108204 0.00944128 0.00815889 0.00698184 0.00591523 0.00496089 0.00411774 0.00338216 0.00274845 0.00220937 0.00175654 0.00138098 0.00107346 0.000824859 0.000626482 0.000470227 0.000348752 0.000255551 0.000184987 0.000132268 9.3406e-05 6.51422e-05 4.48622e-05 3.05069e-05 2.04828e-05 1.3578e-05 8.88653e-06 5.74268e-06 3.66534e-06 2.31285e-06 1.44699e-06 9.05095e-07 5.79262e-07 4.01594e-07 
4.96822e-07 5.37708e-07 7.2946e-07 1.1167e-06 1.78467e-06 2.87279e-06 4.59495e-06 7.26792e-06 1.13498e-05 1.74901e-05 2.65925e-05 3.98925e-05 5.90488e-05 8.62487e-05 0.000124325 0.000176878 0.000248399 0.000344386 0.00047143 0.000637283 0.00085086 0.00112219 0.0014623 0.00188297 0.00239645 0.00301507 0.00375072 0.0046143 0.00561512 0.00676023 0.00805382 0.00949658 0.0110852 0.0128122 0.0146652 0.0166273 0.0186773 0.0207897 0.0229354 0.0250825 0.0271973 0.0292446 0.0311897 0.0329984 0.0346387 0.0360811 0.0372996 0.0382722 0.0389812 0.0394139 0.0395626 0.0394247 0.0390026 0.0383041 0.0373419 0.0361336 0.034701 0.0330702 0.0312705 0.0293341 0.0272949 0.0251876 0.023047 0.0209069 0.0187991 0.0167523 0.0147919 0.0129393 0.0112111 0.00961972 0.0081728 0.00687373 0.005722 0.00471364 0.00384183 0.00309752 0.00247006 0.00194779 0.0015186 0.00117041 0.000891585 0.000671192 0.000499265 0.000366906 0.000266359 0.000190992 0.000135256 9.45901e-05 6.53205e-05 4.45385e-05 2.99832e-05 1.99277e-05 1.30759e-05 8.47144e-06 5.42061e-06 3.42906e-06 2.15086e-06 1.34909e-06 8.6616e-07 6.02692e-07 
7.38935e-07 8.00683e-07 1.08485e-06 1.65668e-06 2.64033e-06 4.23829e-06 6.76006e-06 1.06625e-05 1.66036e-05 2.55127e-05 3.86775e-05 5.78507e-05 8.53749e-05 0.000124325 0.000178662 0.000253398 0.000354749 0.000490278 0.000669005 0.000901462 0.00119969 0.00157712 0.0020484 0.00262907 0.00333509 0.00418236 0.00518597 0.00635953 0.00771431 0.00925847 0.0109962 0.0129271 0.0150456 0.0173401 0.0197937 0.0223831 0.0250798 0.0278499 0.0306556 0.0334554 0.0362059 0.0388624 0.0413805 0.0437176 0.0458331 0.0476904 0.0492571 0.0505059 0.0514153 0.0519693 0.0521586 0.0519799 0.0514364 0.0505375 0.049299 0.0477427 0.0458956 0.0437901 0.0414631 0.0389546 0.0363076 0.0335662 0.0307747 0.0279766 0.025213 0.0225216 0.0199359 0.0174845 0.0151902 0.0130703 0.0111361 0.0093933 0.0078426 0.00647995 0.00529749 0.00428421 0.00342684 0.00271056 0.00211977 0.00163874 0.00125213 0.000945458 0.000705378 0.000519912 0.000378539 0.000272216 0.000193326 0.000135582 9.38876e-05 6.41919e-05 4.33301e-05 2.88748e-05 1.89962e-05 1.23387e-05 7.91528e-06 5.01995e-06 3.15696e-06 1.98571e-06 1.27897e-06 8.93185e-07 
1.0853e-06 1.17726e-06 1.59295e-06 2.42652e-06 3.85646e-06 6.17294e-06 9.81801e-06 1.54417e-05 2.39769e-05 3.67355e-05 5.55277e-05 8.28066e-05 0.000121836 0.000176878 0.000253398 0.000358272 0.000499982 0.000688788 0.000936848 0.00125827 0.00166904 0.00218691 0.00283102 0.0036215 0.00457881 0.00572304 0.00707299 0.00864521 0.010453 0.0125053 0.0148059 0.0173524 0.0201355 0.023139 0.026339 0.0297045 0.0331976 0.0367744 0.0403861 0.0439799 0.0475009 0.050893 0.0541012 0.0570723 0.0597567 0.0621095 0.0640913 0.0656688 0.0668161 0.067514 0.0677511 0.0675236 0.0668353 0.0656977 0.0641298 0.0621579 0.0598152 0.0571409 0.0541802 0.0509826 0.0476012 0.0440909 0.0405074 0.0369055 0.0333376 0.0298523 0.0264932 0.0232978 0.0202969 0.0175143 0.0149661 0.0126617 0.0106035 0.00878809 0.0072067 0.00584642 0.00469104 0.00372212 0.00291994 0.00226434 0.00173549 0.00131444 0.000983646 0.000727193 0.00053103 0.000382995 0.000272788 0.000191856 0.00013323 9.13429e-05 6.18255e-05 4.13106e-05 2.72494e-05 1.77456e-05 1.14132e-05 7.25708e-06 4.57593e-06 2.88638e-06 1.86507e-06 1.30725e-06 
1.57424e-06 1.70931e-06 2.30961e-06 3.50924e-06 5.56147e-06 8.87673e-06 1.40781e-05 2.20786e-05 3.41831e-05 5.22191e-05 7.86979e-05 0.000117007 0.00017163 0.000248399 0.000354749 0.000499982 0.000695511 0.000955055 0.00129477 0.00173326 0.00229148 0.00299245 0.00386083 0.00492223 0.00620243 0.00772635 0.00951687 0.0115936 0.0139718 0.0166606 0.0196626 0.0229721 0.0265751 0.0304483 0.0345597 0.0388679 0.0433241 0.0478718 0.0524492 0.0569904 0.0614269 0.0656899 0.069712 0.0734288 0.0767803 0.0797127 0.0821787 0.0841392 0.0855631 0.0864279 0.0867202 0.0864356 0.0855785 0.0841626 0.0822102 0.0797527 0.0768294 0.0734876 0.0697811 0.06577 0.0615185 0.0570941 0.0525653 0.0480001 0.0434642 0.039019 0.0347203 0.0306169 0.0267493 0.0231497 0.019841 0.0168373 0.0141442 0.0117594 0.00967382 0.00787281 0.00633709 0.00504419 0.00396965 0.00308809 0.00237427 0.00180385 0.00135405 0.00100408 0.000735433 0.000531995 0.000380026 0.00026805 0.000186672 0.000128342 8.71083e-05 5.83624e-05 3.86002e-05 2.52039e-05 1.62524e-05 1.03611e-05 6.55061e-06 4.14379e-06 2.68624e-06 1.88966e-06 
2.2553e-06 2.45098e-06 3.30689e-06 5.01152e-06 7.91965e-06 1.26043e-05 1.99325e-05 3.11697e-05 4.81177e-05 7.32891e-05 0.000110121 0.000163229 0.000238696 0.000344386 0.000490278 0.000688788 0.000955055 0.00130717 0.00176628 0.00235657 0.00310507 0.00404123 0.00519623 0.00660218 0.00829092 0.0102927 0.0126349 0.01534 0.0184247 0.0218977 0.025759 0.0299984 0.034595 0.0395169 0.0447209 0.0501538 0.0557527 0.0614469 0.0671592 0.0728085 0.0783113 0.0835845 0.0885472 0.0931225 0.0972398 0.100835 0.103855 0.106251 0.10799 0.109044 0.109399 0.109049 0.107999 0.106266 0.103875 0.100862 0.0972735 0.0931645 0.0885986 0.0836468 0.0783856 0.0728961 0.067261 0.0615635 0.0558842 0.0502998 0.0448804 0.0396882 0.0347762 0.0301868 0.0259518 0.0220919 0.0186171 0.0155277 0.012815 0.010463 0.00844932 0.00674726 0.00532705 0.00415735 0.00320655 0.00244387 0.00184021 0.00136881 0.00100564 0.000729647 0.000522766 0.000369811 0.000258282 0.00017808 0.000121204 8.14298e-05 5.40024e-05 3.53547e-05 2.28582e-05 1.46108e-05 9.26234e-06 5.87608e-06 3.82162e-06 2.69809e-06 
3.19145e-06 3.47115e-06 4.67614e-06 7.06803e-06 1.11374e-05 1.76742e-05 2.78693e-05 4.34544e-05 6.6885e-05 0.000101571 0.000152156 0.000224847 0.000327781 0.00047143 0.000669005 0.000936848 0.00129477 0.00176628 0.00237867 0.00316294 0.00415342 0.00538715 0.00690301 0.00874048 0.0109382 0.0135322 0.0165542 0.0200294 0.0239751 0.0283984 0.0332951 0.0386484 0.0444285 0.050592 0.0570827 0.0638324 0.070762 0.0777839 0.0848038 0.0917234 0.0984429 0.104864 0.11089 0.116433 0.12141 0.125748 0.129385 0.132267 0.134356 0.135621 0.136044 0.135621 0.134357 0.13227 0.129389 0.125756 0.121422 0.116451 0.110916 0.104899 0.0984902 0.0917847 0.0848808 0.0778781 0.0708742 0.0639629 0.0572311 0.0507571 0.0446083 0.0388404 0.0334962 0.0286051 0.0241839 0.0202365 0.0167561 0.0137258 0.0111208 0.00890977 0.00705743 0.00552572 0.00427575 0.0032692 0.00246947 0.00184262 0.00135793 0.000988259 0.00071018 0.000503879 0.000352943 0.000244045 0.00016657 0.000112219 7.46243e-05 4.89871e-05 3.17564e-05 2.03524e-05 1.29373e-05 8.23131e-06 5.37086e-06 3.80552e-06 
4.46133e-06 4.85579e-06 6.5311e-06 9.84567e-06 1.54694e-05 2.44775e-05 3.84849e-05 5.98312e-05 9.18204e-05 0.000139021 0.000207625 0.000305871 0.000444505 0.000637283 0.000901462 0.00125827 0.00173326 0.00235657 0.00316294 0.00419149 0.00548518 0.0070899 0.00905329 0.0114231 0.0142452 0.0175618 0.0214084 0.0258125 0.0307906 0.0363465 0.0424697 0.0491347 0.0562997 0.0639075 0.0718857 0.0801484 0.088598 0.0971276 0.105624 0.11397 0.122049 0.129745 0.136948 0.143557 0.149478 0.154628 0.158938 0.16235 0.164818 0.166311 0.166809 0.166306 0.164809 0.162337 0.158923 0.154612 0.149462 0.143543 0.13694 0.129744 0.122059 0.113994 0.105665 0.0971874 0.0886788 0.0802514 0.0720113 0.0640551 0.0564677 0.0493208 0.0426708 0.0365588 0.03101 0.0260348 0.0216292 0.0177769 0.0144512 0.0116168 0.00923222 0.00725237 0.00563019 0.00431875 0.00327274 0.00244973 0.00181098 0.00132204 0.000952931 0.000678136 0.0004764 0.000330365 0.000226129 0.00015277 0.00010187 6.70538e-05 4.35848e-05 2.80079e-05 1.78523e-05 1.13916e-05 7.45726e-06 5.30271e-06 
6.16128e-06 6.71033e-06 9.01074e-06 1.35475e-05 2.1224e-05 3.34851e-05 5.24938e-05 8.13714e-05 0.000124507 0.000187944 0.000279837 0.000410976 0.000595373 0.00085086 0.00119969 0.00166904 0.00229148 0.00310507 0.00415342 0.00548518 0.00715329 0.00921376 0.011724 0.0147406 0.0183173 0.0225017 0.0273333 0.0328399 0.0390358 0.0459193 0.0534714 0.0616542 0.0704117 0.0796691 0.0893352 0.0993037 0.109456 0.119664 0.129793 0.139708 0.149272 0.158354 0.16683 0.174586 0.181518 0.187535 0.192562 0.196534 0.199404 0.201138 0.201715 0.201128 0.199384 0.196504 0.192523 0.18749 0.181468 0.174535 0.16678 0.158308 0.149235 0.139683 0.129786 0.119677 0.109492 0.0993662 0.089425 0.0797864 0.0705557 0.0618231 0.0536621 0.0461281 0.0392582 0.033071 0.027568 0.022735 0.0185445 0.0149577 0.0119274 0.00940088 0.00732232 0.00563516 0.00428417 0.00321707 0.00238576 0.00174707 0.00126315 0.00090161 0.000635275 0.000441824 0.000303288 0.000205476 0.000137394 9.06835e-05 5.91028e-05 3.80821e-05 2.43403e-05 1.55771e-05 1.02305e-05 7.30046e-06 
8.40719e-06 9.16151e-06 1.22816e-05 1.84157e-05 2.87668e-05 4.5253e-05 7.07354e-05 0.000109326 0.000166786 0.000251006 0.000372588 0.000545495 0.000787755 0.00112219 0.00157712 0.00218691 0.00299245 0.00404123 0.00538715 0.0070899 0.00921376 0.011826 0.0149945 0.0187855 0.0232601 0.0284713 0.0344606 0.0412552 0.0488647 0.057279 0.0664673 0.0763766 0.0869326 0.0980403 0.109586 0.121441 0.133462 0.145499 0.157397 0.168998 0.18015 0.190704 0.200524 0.209484 0.217472 0.224391 0.23016 0.234711 0.237996 0.239977 0.240635 0.239961 0.237963 0.234662 0.230096 0.224315 0.217385 0.20939 0.200426 0.190606 0.180057 0.168916 0.157331 0.145454 0.133442 0.121449 0.109626 0.0981134 0.087039 0.0765151 0.0666354 0.0574732 0.0490802 0.0414868 0.0347025 0.0287175 0.0235049 0.0190236 0.0152213 0.0120376 0.00940746 0.00726385 0.00554047 0.00417391 0.00310521 0.00228105 0.00165432 0.00118441 0.000837031 0.000583852 0.000401938 0.000273082 0.000183108 0.000121186 7.91965e-05 5.11668e-05 3.27935e-05 2.10483e-05 1.38688e-05 9.93143e-06 
1.13356e-05 1.23587e-05 1.65394e-05 2.47333e-05 3.85232e-05 6.04243e-05 9.41749e-05 0.000145127 0.000220746 0.000331213 0.000490142 0.00071537 0.00102981 0.0014623 0.0020484 0.00283102 0.00386083 0.00519623 0.00690301 0.00905329 0.011724 0.0149945 0.0189441 0.0236483 0.0291755 0.0355828 0.0429124 0.0511879 0.0604116 0.070562 0.0815926 0.0934316 0.105983 0.119128 0.132727 0.146626 0.160658 0.174648 0.188419 0.201793 0.2146 0.22668 0.237883 0.248074 0.257136 0.264967 0.271482 0.276615 0.280314 0.282543 0.28328 0.28252 0.280268 0.276547 0.271392 0.264857 0.257009 0.247933 0.237732 0.226525 0.214446 0.201645 0.188284 0.174534 0.160569 0.146568 0.132704 0.119142 0.106037 0.0935255 0.0817245 0.0707287 0.0606087 0.0514098 0.0431528 0.0358349 0.0294325 0.0239036 0.0191917 0.0152294 0.0119422 0.0092518 0.00708007 0.00535114 0.0039938 0.00294306 0.00214108 0.00153759 0.00108989 0.000762471 0.000526423 0.000358675 0.000241171 0.000160051 0.000104878 6.79417e-05 4.36646e-05 2.81078e-05 1.85803e-05 1.33513e-05 
1.5104e-05 1.64741e-05 2.20089e-05 3.2824e-05 5.09767e-05 7.97259e-05 0.000123897 0.000190373 0.00028871 0.000431887 0.000637169 0.000927066 0.00133034 0.00188297 0.00262907 0.0036215 0.00492223 0.00660218 0.00874048 0.0114231 0.0147406 0.0187855 0.0236483 0.029414 0.0361568 0.0439364 0.0527934 0.062745 0.0737827 0.0858694 0.0989393 0.112898 0.127623 0.142968 0.158768 0.17484 0.190989 0.207018 0.222726 0.237919 0.252412 0.26603 0.278617 0.290032 0.300153 0.308878 0.316123 0.32182 0.32592 0.328387 0.329202 0.328358 0.325861 0.321732 0.316007 0.308736 0.299987 0.289845 0.278414 0.265816 0.252192 0.237702 0.222518 0.206826 0.190822 0.174703 0.158669 0.142911 0.127611 0.112933 0.0990206 0.0859949 0.0739484 0.0629455 0.053022 0.0441857 0.0364189 0.029681 0.0239131 0.0190413 0.0149821 0.011646 0.00894186 0.00678042 0.00507687 0.00375306 0.00273888 0.00197293 0.00140268 0.000984195 0.000681475 0.000465638 0.000313965 0.000208931 0.000137278 8.91704e-05 5.74652e-05 3.70992e-05 2.46028e-05 1.77391e-05 
1.989e-05 2.1702e-05 2.89425e-05 4.30491e-05 6.66644e-05 0.00010396 0.000161093 0.000246807 0.000373192 0.000556594 0.00081865 0.00118742 0.00169857 0.00239645 0.00333509 0.00457881 0.00620243 0.00829092 0.0109382 0.0142452 0.0183173 0.0232601 0.0291755 0.0361568 0.0442829 0.0536136 0.0641847 0.0760037 0.089047 0.103258 0.118547 0.134792 0.151842 0.169521 0.187632 0.205963 0.224294 0.242402 0.260068 0.27708 0.293241 0.308368 0.322299 0.334891 0.346023 0.355595 0.363525 0.36975 0.374223 0.376912 0.377799 0.376878 0.374153 0.369646 0.363387 0.355424 0.345822 0.334661 0.322045 0.308096 0.292957 0.276792 0.259783 0.242129 0.224042 0.205741 0.187447 0.169381 0.151751 0.134754 0.118563 0.103328 0.0891675 0.0761698 0.0643898 0.0538498 0.0445415 0.0364288 0.0294521 0.0235332 0.0185798 0.0144914 0.0111638 0.00849308 0.00637981 0.00473128 0.00346356 0.00250261 0.00178462 0.00125589 0.000872117 0.000597591 0.000404058 0.000269618 0.000177629 0.00011569 7.4759e-05 4.84036e-05 3.22016e-05 2.32957e-05 
2.5889e-05 2.82559e-05 3.76167e-05 5.58024e-05 8.61672e-05 0.00013399 0.000207033 0.000316277 0.000476839 0.000709063 0.00103975 0.00150346 0.0021439 0.00301507 0.00418236 0.00572304 0.00772635 0.0102927 0.0135322 0.0175618 0.0225017 0.0284713 0.0355828 0.0439364 0.0536136 0.0646713 0.077137 0.0910042 0.10623 0.122733 0.140395 0.159064 0.178555 0.19866 0.219148 0.23978 0.260307 0.280486 0.300078 0.318859 0.336622 0.353181 0.368372 0.382057 0.394117 0.404458 0.413005 0.419702 0.424507 0.427393 0.428344 0.427354 0.424429 0.419585 0.412849 0.404264 0.393886 0.381791 0.368076 0.352858 0.336278 0.318503 0.299718 0.280131 0.259968 0.239467 0.218871 0.198427 0.178374 0.158941 0.140333 0.122733 0.106291 0.0911224 0.077306 0.0648832 0.0538589 0.0442052 0.0358648 0.0287567 0.0227819 0.0178292 0.013781 0.0105188 0.00792707 0.00589745 0.00433076 0.00313881 0.00224503 0.00158454 0.00110352 0.000758289 0.000514131 0.000343998 0.000227237 0.000148394 9.61521e-05 6.2433e-05 4.16656e-05 3.02411e-05 
3.33099e-05 3.63639e-05 4.83257e-05 7.14998e-05 0.000110095 0.000170715 0.000263034 0.000400682 0.000602347 0.000893056 0.00130562 0.00188213 0.00267549 0.00375072 0.00518597 0.00707299 0.00951687 0.0126349 0.0165542 0.0214084 0.0273333 0.0344606 0.0429124 0.0527934 0.0641847 0.077137 0.0916651 0.107744 0.125306 0.144241 0.164399 0.185591 0.207597 0.230173 0.253056 0.275977 0.298663 0.320849 0.342282 0.36273 0.381981 0.39985 0.416178 0.430831 0.443703 0.454707 0.463781 0.470875 0.475958 0.479008 0.480012 0.478967 0.475876 0.470751 0.463614 0.454498 0.443452 0.430539 0.415848 0.399485 0.381587 0.362314 0.341854 0.320417 0.298239 0.275573 0.252683 0.229842 0.207318 0.185373 0.164247 0.14416 0.125295 0.107801 0.0917851 0.0773124 0.0644059 0.0530495 0.043192 0.0347525 0.0276267 0.0216942 0.0168245 0.0128841 0.00974101 0.00726998 0.00535531 0.00389323 0.00279297 0.00197705 0.00138082 0.0009515 0.000646902 0.000433998 0.000287448 0.000188208 0.000122276 7.96203e-05 5.33e-05 3.88094e-05 
4.23689e-05 4.62624e-05 6.13725e-05 9.05672e-05 0.000139068 0.000215042 0.000330409 0.000501902 0.000752358 0.00111222 0.0016212 0.00232999 0.00330191 0.0046143 0.00635953 0.00864521 0.0115936 0.01534 0.0200294 0.0258125 0.0328399 0.0412552 0.0511879 0.062745 0.0760037 0.0910042 0.107744 0.126174 0.146198 0.167672 0.190407 0.214178 0.238725 0.263767 0.28901 0.314154 0.338906 0.362982 0.386121 0.408084 0.428663 0.447678 0.464978 0.480444 0.493982 0.50552 0.515008 0.522411 0.527707 0.530881 0.531926 0.53084 0.527625 0.522286 0.514839 0.505306 0.493722 0.480138 0.464628 0.447285 0.428232 0.407622 0.385635 0.362482 0.338404 0.313664 0.288543 0.263337 0.238344 0.213858 0.190157 0.167498 0.146103 0.126158 0.107802 0.0911309 0.0761895 0.0629785 0.0514566 0.0415463 0.0331411 0.0261126 0.0203187 0.0156109 0.0118407 0.00886494 0.00655045 0.00477653 0.00343683 0.00243989 0.00170892 0.00118085 0.000805012 0.000541507 0.000359591 0.000236055 0.000153767 0.000100404 6.74176e-05 4.92422e-05 
5.32818e-05 5.81865e-05 7.70572e-05 0.000113423 0.000173689 0.000267843 0.000410413 0.000621709 0.000929335 0.00136992 0.00199099 0.00285291 0.00403062 0.00561512 0.00771431 0.010453 0.0139718 0.0184247 0.0239751 0.0307906 0.0390358 0.0488647 0.0604116 0.0737827 0.089047 0.10623 0.125306 0.146198 0.168775 0.192854 0.218206 0.244563 0.271627 0.299078 0.326591 0.35384 0.380511 0.40631 0.43097 0.454254 0.47596 0.495919 0.513998 0.530092 0.544127 0.55605 0.565827 0.573438 0.578873 0.582128 0.5832 0.58209 0.578795 0.573319 0.565664 0.555841 0.54387 0.529786 0.513641 0.495514 0.475508 0.453761 0.430442 0.405757 0.379944 0.353272 0.326037 0.298553 0.271145 0.244139 0.217852 0.192579 0.168586 0.146097 0.125291 0.106296 0.089186 0.0739829 0.06066 0.0491472 0.0393384 0.0311001 0.0242799 0.0187151 0.0142405 0.0106951 0.00792706 0.00579772 0.00418385 0.00297875 0.00209219 0.00144965 0.000990901 0.000668293 0.000444925 0.00029282 0.000191238 0.000125213 8.43252e-05 6.17788e-05 
6.62533e-05 7.23595e-05 9.56624e-05 0.000140456 0.000214513 0.000329914 0.000504172 0.000761674 0.00113542 0.00166901 0.00241872 0.00345563 0.00486751 0.00676023 0.00925847 0.0125053 0.0166606 0.0218977 0.0283984 0.0363465 0.0459193 0.057279 0.070562 0.0858694 0.103258 0.122733 0.144241 0.167672 0.192854 0.219563 0.247524 0.276427 0.305931 0.335683 0.365325 0.394509 0.422907 0.450217 0.476173 0.500545 0.523144 0.543819 0.562457 0.578976 0.593324 0.60547 0.615401 0.623113 0.628611 0.6319 0.632984 0.631866 0.628542 0.623007 0.615254 0.605279 0.593085 0.578686 0.562112 0.543419 0.52269 0.500039 0.475621 0.449627 0.42229 0.393878 0.364694 0.33507 0.305352 0.2759 0.247064 0.219183 0.192564 0.167477 0.144143 0.122728 0.103339 0.0860262 0.0707807 0.0575447 0.0462164 0.0366599 0.0287145 0.0222047 0.0169493 0.0127689 0.00949286 0.0069635 0.00503968 0.00359821 0.00253426 0.00176069 0.00120667 0.000815903 0.000544568 0.000359295 0.000235249 0.00015444 0.00010431 7.66448e-05 
8.14655e-05 8.89795e-05 0.000117436 0.000172005 0.000262014 0.000401921 0.00061261 0.000923055 0.0013723 0.00201167 0.00290711 0.00414146 0.0058164 0.00805382 0.0109962 0.0148059 0.0196626 0.025759 0.0332951 0.0424697 0.0534714 0.0664673 0.0815926 0.0989393 0.118547 0.140395 0.164399 0.190407 0.218206 0.247524 0.278041 0.3094 0.341221 0.373116 0.4047 0.435608 0.465499 0.494072 0.521067 0.546267 0.569504 0.590648 0.609613 0.626344 0.640814 0.653018 0.662963 0.670667 0.676149 0.679425 0.680507 0.679398 0.676093 0.67058 0.66284 0.652854 0.640605 0.626084 0.609297 0.590273 0.569067 0.54577 0.520511 0.493465 0.46485 0.434929 0.404008 0.372427 0.340555 0.308776 0.277478 0.247038 0.217812 0.190113 0.164209 0.14031 0.118561 0.0990427 0.0817723 0.0667077 0.0537556 0.0427811 0.0336178 0.0260792 0.0199688 0.0150896 0.0112516 0.0082777 0.00600785 0.00430137 0.0030377 0.00211601 0.00145392 0.000985551 0.000659419 0.000436134 0.000286267 0.000188423 0.00012762 9.40391e-05 
9.90643e-05 0.000108205 0.000142575 0.000208329 0.000316547 0.000484345 0.000736371 0.00110669 0.001641 0.00239914 0.00345757 0.00491184 0.00687855 0.00949658 0.0129271 0.0173524 0.0229721 0.0299984 0.0386484 0.0491347 0.0616542 0.0763766 0.0934316 0.112898 0.134792 0.159064 0.185591 0.214178 0.244563 0.276427 0.3094 0.343081 0.377052 0.410891 0.444192 0.476575 0.507696 0.537259 0.565015 0.59077 0.614377 0.635738 0.654795 0.671523 0.685925 0.698023 0.707848 0.715438 0.720828 0.724046 0.725111 0.724028 0.720789 0.715376 0.707757 0.697897 0.685758 0.671307 0.654523 0.635405 0.613977 0.590301 0.564478 0.536657 0.507037 0.47587 0.443457 0.410143 0.376311 0.342369 0.308739 0.275838 0.244064 0.21378 0.185304 0.158891 0.13473 0.112939 0.0935635 0.0765834 0.0619182 0.0494376 0.0389725 0.0303277 0.0232931 0.0176543 0.0132025 0.00974066 0.00708932 0.00508942 0.00360373 0.00251676 0.0017336 0.00117801 0.000790082 0.000523795 0.000344633 0.000227413 0.000154447 0.000114119 
0.000119146 0.00013014 0.000171202 0.000249585 0.000378308 0.000577431 0.000875742 0.00131288 0.00194182 0.00283157 0.00406994 0.00576604 0.00805226 0.0110852 0.0150456 0.0201355 0.0265751 0.034595 0.0444285 0.0562997 0.0704117 0.0869326 0.105983 0.127623 0.151842 0.178555 0.207597 0.238725 0.271627 0.305931 0.341221 0.377052 0.412967 0.44852 0.483283 0.516869 0.548938 0.579203 0.607436 0.633466 0.657179 0.678508 0.697428 0.713948 0.728102 0.739941 0.74952 0.756899 0.762127 0.765246 0.76628 0.765237 0.762108 0.756865 0.749467 0.73986 0.727986 0.713788 0.697214 0.678231 0.656833 0.633045 0.606937 0.578627 0.548291 0.516159 0.482524 0.447729 0.412167 0.376265 0.340473 0.305245 0.271025 0.238225 0.207211 0.17829 0.151698 0.127594 0.106059 0.087098 0.0706481 0.0565877 0.0447486 0.0349292 0.0269075 0.0204535 0.0153394 0.0113487 0.00828209 0.0059614 0.004232 0.00296291 0.00204589 0.00139351 0.000936788 0.000622485 0.000410521 0.000271553 0.000184909 0.000136985 
0.000141744 0.00015482 0.000203352 0.000295798 0.000447302 0.000681133 0.00103058 0.00154131 0.00227411 0.00330782 0.00474229 0.0067009 0.00933253 0.0128122 0.0173401 0.023139 0.0304483 0.0395169 0.050592 0.0639075 0.0796691 0.0980403 0.119128 0.142968 0.169521 0.19866 0.230173 0.263767 0.299078 0.335683 0.373116 0.410891 0.44852 0.485529 0.521482 0.555988 0.588714 0.619393 0.64782 0.673857 0.697421 0.718484 0.737055 0.75318 0.766925 0.778367 0.78759 0.79467 0.799676 0.802659 0.803651 0.802662 0.799679 0.794669 0.787578 0.778337 0.766867 0.753084 0.73691 0.718278 0.697145 0.673501 0.647379 0.618864 0.588099 0.555294 0.52072 0.484717 0.447678 0.410046 0.372293 0.33491 0.29838 0.263167 0.229687 0.1983 0.169291 0.142865 0.119141 0.0981574 0.0798713 0.0641744 0.0509028 0.0398514 0.0307887 0.0234703 0.0176507 0.013094 0.00958085 0.00691387 0.00492036 0.00345317 0.00239002 0.00163163 0.00109933 0.000732111 0.000483903 0.000320846 0.000219025 0.000162666 
0.000166815 0.000182195 0.00023895 0.000346841 0.000523308 0.000795073 0.00120025 0.00179094 0.00263623 0.00382534 0.00547071 0.0077106 0.0107108 0.0146652 0.0197937 0.026339 0.0345597 0.0447209 0.0570827 0.0718857 0.0893352 0.109586 0.132727 0.158768 0.187632 0.219148 0.253056 0.28901 0.326591 0.365325 0.4047 0.444192 0.483283 0.521482 0.558345 0.593485 0.626585 0.657399 0.685754 0.711545 0.734729 0.755315 0.773351 0.788918 0.802113 0.813044 0.821817 0.828529 0.833263 0.836081 0.83702 0.836094 0.833287 0.82856 0.821848 0.813067 0.802117 0.788892 0.773282 0.755189 0.734534 0.711268 0.685386 0.656934 0.626021 0.592826 0.557601 0.520668 0.482419 0.443305 0.403817 0.364476 0.325806 0.288315 0.252474 0.218693 0.187312 0.158585 0.132673 0.109649 0.0894971 0.0721258 0.0573789 0.0450513 0.0349043 0.0266808 0.0201189 0.0149639 0.0109768 0.00794078 0.0056647 0.00398481 0.00276421 0.00189124 0.00127698 0.000852237 0.000564517 0.00037514 0.000256706 0.000191106 
0.000194231 0.000212125 0.000277802 0.000402418 0.000605856 0.000918509 0.00138359 0.00205999 0.00302547 0.00438007 0.00624926 0.00878656 0.0121751 0.0166273 0.0223831 0.0297045 0.0388679 0.0501538 0.0638324 0.0801484 0.0993037 0.121441 0.146626 0.17484 0.205963 0.23978 0.275977 0.314154 0.35384 0.394509 0.435608 0.476575 0.516869 0.555988 0.593485 0.628984 0.662189 0.69288 0.720921 0.746244 0.768847 0.788776 0.806121 0.820996 0.83353 0.843859 0.85211 0.8584 0.862824 0.865454 0.866334 0.865478 0.862869 0.858463 0.852184 0.843935 0.833597 0.821041 0.806131 0.788735 0.768739 0.746056 0.720639 0.692494 0.661693 0.62838 0.592778 0.555191 0.516002 0.475662 0.43468 0.393598 0.352978 0.313373 0.275302 0.239232 0.205554 0.174574 0.146501 0.121445 0.0994203 0.0803565 0.0641091 0.0504758 0.0392132 0.0300538 0.0227208 0.0169414 0.0124577 0.00903334 0.00645889 0.00455359 0.00316559 0.00217043 0.00146851 0.000982052 0.000651844 0.000434104 0.000297737 0.000222152 
0.00022377 0.000244365 0.000319584 0.00046205 0.000694216 0.00105031 0.00157889 0.00234586 0.003438 0.00496643 0.00706995 0.00991753 0.0137096 0.0186773 0.0250798 0.0331976 0.0433241 0.0557527 0.070762 0.088598 0.109456 0.133462 0.160658 0.190989 0.224294 0.260307 0.298663 0.338906 0.380511 0.422907 0.465499 0.507696 0.548938 0.588714 0.626585 0.662189 0.695254 0.725595 0.753112 0.777778 0.799632 0.818762 0.835294 0.849376 0.861168 0.870829 0.878509 0.884339 0.888429 0.890856 0.891672 0.89089 0.888494 0.884432 0.878623 0.870955 0.861295 0.849492 0.835383 0.818808 0.799617 0.777684 0.752923 0.725298 0.69484 0.661653 0.625931 0.587952 0.548084 0.506776 0.464542 0.421948 0.379585 0.338047 0.297903 0.25967 0.223798 0.190642 0.16046 0.133404 0.109523 0.0887699 0.0710151 0.0560623 0.0436665 0.0335516 0.0254275 0.019005 0.0140076 0.0101801 0.00729474 0.00515378 0.00359021 0.00246648 0.00167208 0.00112036 0.000745099 0.000497221 0.000341767 0.000255548 
