0.000651737 0.000661319 0.000694005 0.00075041 0.000831437 0.000938341 0.00107271 0.00123643 0.00143169 0.00166089 0.00192668 0.00223184 0.00257926 0.00297188 0.00341263 0.00390435 0.00444971 0.00505117 0.00571083 0.00643045 0.00721125 0.00805393 0.00895857 0.00992452 0.0109504 0.012034 0.0131722 0.0143613 0.0155962 0.0168715 0.0181805 0.0195159 0.0208695 0.0222326 0.0235956 0.0249488 0.0262817 0.0275838 0.0288442 0.0300524 0.0311978 0.03227 0.0332592 0.0341563 0.0349528 0.0356409 0.0362141 0.0366666 0.0369941 0.0371933 0.0372621 0.0372001 0.0370077 0.036687 0.0362412 0.0356746 0.034993 0.0342028 0.0333118 0.0323285 0.0312619 0.030122 0.0289189 0.0276631 0.0263654 0.0250364 0.0236868 0.0223268 0.0209663 0.0196147 0.0182808 0.0169729 0.0156981 0.014463 0.0132734 0.012134 0.0110488 0.0100209 0.00905242 0.00814485 0.00729886 0.00651444 0.00579091 0.00512709 0.00452129 0.00397143 0.00347511 0.00302969 0.00263236 0.00228024 0.00197041 0.00169999 0.00146623 0.0012665 0.00109839 0.00095972 0.0008486 0.000763434 0.000702956 0.000666317 
0.000661319 0.000671057 0.000704242 0.000761498 0.000843743 0.000952248 0.00108862 0.00125478 0.00145294 0.00168554 0.00195525 0.0022649 0.00261741 0.00301576 0.00346292 0.00396176 0.00451499 0.00512507 0.00579416 0.006524 0.00731584 0.00817037 0.00908765 0.010067 0.0111071 0.0122056 0.0133594 0.0145645 0.0158162 0.0171086 0.018435 0.0197881 0.0211596 0.0225405 0.0239214 0.0252921 0.0266421 0.0279609 0.0292375 0.030461 0.0316208 0.0327065 0.0337082 0.0346165 0.0354229 0.0361196 0.0366998 0.0371579 0.0374894 0.037691 0.0377607 0.0376978 0.037503 0.0371782 0.0367268 0.0361531 0.0354629 0.0346628 0.0337606 0.0327649 0.0316848 0.0305304 0.0293119 0.0280401 0.0267257 0.0253796 0.0240124 0.0226347 0.0212563 0.0198869 0.0185354 0.01721 0.0159182 0.0146665 0.0134608 0.0123059 0.0112058 0.0101637 0.00918184 0.00826165 0.00740383 0.00660838 0.00587464 0.00520141 0.00458697 0.00402925 0.00352579 0.00307395 0.00267087 0.00231364 0.0019993 0.00172494 0.00148775 0.00128509 0.00111451 0.000973805 0.000861051 0.000774634 0.000713271 0.0006761 
0.000694005 0.000704242 0.000739028 0.000799012 0.000885148 0.00099876 0.00114152 0.00131542 0.00152276 0.00176608 0.00204814 0.00237188 0.00274033 0.00315658 0.00362368 0.0041446 0.00472214 0.00535884 0.0060569 0.00681809 0.00764368 0.00853436 0.00949013 0.0105103 0.0115933 0.0127368 0.0139375 0.0151913 0.0164931 0.0178368 0.0192156 0.0206217 0.0220464 0.0234807 0.0249145 0.0263374 0.0277386 0.0291069 0.0304312 0.0317003 0.032903 0.0340287 0.0350671 0.0360085 0.0368442 0.0375661 0.0381672 0.0386418 0.0389851 0.0391938 0.0392658 0.0392005 0.0389985 0.0386618 0.0381938 0.0375992 0.0368837 0.0360542 0.0351188 0.0340863 0.0329663 0.031769 0.030505 0.0291855 0.0278215 0.0264244 0.0250051 0.0235745 0.0221429 0.0207204 0.019316 0.0179384 0.0165953 0.0152936 0.0140394 0.0128377 0.0116927 0.0106078 0.00958521 0.00862661 0.00773272 0.00690356 0.00613851 0.00543633 0.00479529 0.00421325 0.00368769 0.00321587 0.00279487 0.00242164 0.00209315 0.00180636 0.00155838 0.00134645 0.00116804 0.00102086 0.000902897 0.000812488 0.000748295 0.000709423 
0.00075041 0.000761498 0.000799012 0.000863641 0.000956403 0.0010787 0.00123232 0.00141938 0.00164232 0.00190383 0.00220685 0.00255447 0.00294991 0.00339643 0.00389725 0.00445549 0.00507408 0.00575568 0.00650256 0.00731657 0.00819898 0.00915045 0.0101709 0.0112596 0.0124147 0.0136337 0.0149132 0.0162484 0.0176341 0.0190638 0.0205301 0.0220248 0.0235387 0.025062 0.0265841 0.0280942 0.0295806 0.0310317 0.0324357 0.0337806 0.0350548 0.0362471 0.0373466 0.0383432 0.0392277 0.0399916 0.0406275 0.0411294 0.0414924 0.041713 0.0417889 0.0417195 0.0415055 0.0411489 0.0406534 0.0400238 0.0392662 0.0383879 0.0373972 0.0363035 0.0351169 0.033848 0.0325082 0.0311091 0.0296625 0.0281802 0.0266739 0.0251551 0.0236346 0.0221231 0.0206304 0.0191654 0.0177366 0.0163512 0.0150157 0.0137355 0.0125152 0.0113583 0.0102674 0.00924424 0.00828967 0.0074038 0.006586 0.00583504 0.00514913 0.00452603 0.00396313 0.00345755 0.00300621 0.00260591 0.00225343 0.00194558 0.00167928 0.00145162 0.0012599 0.0011017 0.000974886 0.000877686 0.000808678 0.000766912 
0.000831437 0.000843743 0.000885148 0.000956403 0.00105861 0.0011933 0.00136239 0.00156819 0.00181332 0.00210072 0.00243353 0.00281511 0.0032489 0.00373841 0.00428708 0.00489825 0.00557504 0.00632025 0.00713629 0.00802504 0.00898783 0.0100253 0.0111372 0.0123226 0.0135795 0.0149051 0.0162955 0.0177457 0.0192496 0.0208004 0.0223899 0.0240092 0.0256485 0.027297 0.0289434 0.0305759 0.0321821 0.0337494 0.0352651 0.0367165 0.038091 0.0393767 0.040562 0.041636 0.0425889 0.0434116 0.0440963 0.0446366 0.0450272 0.0452643 0.0453457 0.0452706 0.0450397 0.0446553 0.0441212 0.0434426 0.042626 0.0416791 0.0406109 0.0394314 0.0381513 0.0367821 0.0353359 0.0338251 0.0322624 0.0306605 0.0290319 0.027389 0.0257435 0.0241069 0.0224898 0.0209019 0.0193523 0.0178489 0.0163988 0.015008 0.0136814 0.0124229 0.0112355 0.0101211 0.00908074 0.00811463 0.00722218 0.00640215 0.00565266 0.00497138 0.00435553 0.00380204 0.00330763 0.00286887 0.0024823 0.00214449 0.00185214 0.00160208 0.00139143 0.00121753 0.00107812 0.000971239 0.000895372 0.000849481 
0.000938341 0.000952248 0.00099876 0.0010787 0.0011933 0.00134422 0.00153359 0.00176393 0.00203813 0.0023594 0.0027312 0.00315717 0.00364108 0.00418674 0.00479789 0.00547813 0.00623082 0.00705895 0.00796508 0.00895117 0.0100186 0.0111678 0.0123986 0.0137097 0.0150989 0.0165628 0.0180971 0.0196963 0.0213535 0.0230611 0.0248102 0.0265909 0.0283923 0.0302028 0.0320099 0.0338006 0.0355615 0.0372788 0.0389388 0.0405275 0.0420315 0.0434377 0.0447335 0.0459073 0.0469483 0.0478468 0.0485944 0.0491841 0.0496102 0.0498687 0.0499571 0.0498746 0.049622 0.0492018 0.048618 0.0478762 0.0469835 0.0459482 0.0447801 0.0434899 0.0420892 0.0405905 0.039007 0.037352 0.0356394 0.0338829 0.0320964 0.030293 0.028486 0.0266875 0.0249094 0.0231623 0.0214562 0.0198 0.0182013 0.0166669 0.0152023 0.0138119 0.0124991 0.0112661 0.0101141 0.00904362 0.00805399 0.00714397 0.00631164 0.00555448 0.00486954 0.00425352 0.00370286 0.00321385 0.00278272 0.00240575 0.0020793 0.00179994 0.00156448 0.00137004 0.0012141 0.00109455 0.00100969 0.000958402 
0.00107271 0.00108862 0.00114152 0.00123232 0.00136239 0.00153359 0.00174827 0.00200925 0.00231971 0.00268323 0.0031036 0.00358488 0.00413119 0.00474672 0.00543558 0.00620167 0.00704865 0.00797974 0.00899764 0.0101045 0.0113015 0.0125892 0.0139672 0.0154338 0.0169865 0.0186214 0.0203335 0.0221165 0.0239629 0.025864 0.0278097 0.0297892 0.0317903 0.0338 0.0358047 0.03779 0.0397411 0.0416427 0.0434798 0.0452372 0.0469001 0.048454 0.0498855 0.0511816 0.0523306 0.0533221 0.0541467 0.0547969 0.0552666 0.0555512 0.0556482 0.0555566 0.0552774 0.0548133 0.0541685 0.0533493 0.0523633 0.0512197 0.0499291 0.048503 0.0469544 0.0452969 0.0435447 0.0417126 0.0398158 0.0378694 0.0358885 0.0338879 0.0318819 0.0298842 0.0279077 0.0259644 0.0240653 0.0222204 0.0204383 0.0187266 0.0170914 0.015538 0.01407 0.0126902 0.0114001 0.0102002 0.00909003 0.00806838 0.00713319 0.0062818 0.005511 0.00481723 0.00419659 0.00364503 0.00315842 0.00273265 0.0023637 0.0020478 0.0017814 0.00156132 0.00138477 0.00124939 0.00115331 0.00109528 
0.00123643 0.00125478 0.00131542 0.00141938 0.00156819 0.00176393 0.00200925 0.00230727 0.00266158 0.00307614 0.00355519 0.00410322 0.00472482 0.0054246 0.00620709 0.00707657 0.00803703 0.00909194 0.0102442 0.011496 0.0128487 0.0143026 0.0158569 0.0175099 0.0192584 0.0210979 0.0230226 0.0250254 0.0270977 0.0292296 0.03141 0.0336264 0.0358654 0.0381126 0.0403525 0.0425693 0.0447464 0.0468672 0.0489147 0.0508724 0.0527238 0.0544531 0.0560454 0.0574866 0.0587637 0.0598653 0.0607813 0.0615032 0.0620244 0.06234 0.0624472 0.0623449 0.0620341 0.0615178 0.0608008 0.0598899 0.0587933 0.0575212 0.0560852 0.0544981 0.0527739 0.0509277 0.0489752 0.0469327 0.0448169 0.0426447 0.0404326 0.0381971 0.0359541 0.0337189 0.0315059 0.0293286 0.0271992 0.025129 0.0231277 0.0212039 0.0193647 0.017616 0.0159621 0.0144063 0.0129505 0.0115953 0.0103404 0.0091846 0.00812573 0.00716094 0.00628678 0.00549934 0.00479435 0.00416737 0.0036138 0.0031291 0.00270883 0.00234877 0.00204497 0.00179389 0.0015924 0.00143788 0.00132822 0.00126203 
0.00143169 0.00145294 0.00152276 0.00164232 0.00181332 0.00203813 0.00231971 0.00266158 0.00306775 0.00354265 0.00409103 0.00471788 0.00542832 0.00622745 0.00712028 0.00811153 0.00920553 0.0104061 0.0117163 0.0131384 0.0146737 0.0163224 0.0180835 0.0199548 0.0219323 0.0240111 0.0261843 0.0284437 0.0307796 0.0331808 0.0356346 0.0381271 0.040643 0.0431663 0.0456796 0.0481653 0.050605 0.0529801 0.0552718 0.0574617 0.0595316 0.0614642 0.0632428 0.0648518 0.0662773 0.0675063 0.0685278 0.0693327 0.0699135 0.0702649 0.0703838 0.0702691 0.0699218 0.0693452 0.0685447 0.0675275 0.066303 0.0648822 0.0632778 0.0615041 0.0595765 0.0575115 0.0553268 0.0530402 0.0506702 0.0482356 0.0457549 0.0432464 0.0407277 0.0382161 0.0357277 0.0332775 0.0308795 0.0285463 0.026289 0.0241174 0.0220396 0.0200624 0.018191 0.0164289 0.0147787 0.0132412 0.0118164 0.010503 0.00929871 0.0082005 0.00720463 0.00630683 0.00550242 0.00478645 0.00415386 0.00359958 0.00311866 0.00270639 0.00235837 0.00207061 0.00183961 0.00166242 0.0015367 0.00146086 
0.00166089 0.00168554 0.00176608 0.00190383 0.00210072 0.0023594 0.00268323 0.00307614 0.00354265 0.00408772 0.00471667 0.00543507 0.00624863 0.007163 0.00818373 0.00931601 0.0105646 0.0119336 0.0134262 0.015045 0.016791 0.0186644 0.0206638 0.0227862 0.0250273 0.0273811 0.0298396 0.0323936 0.0350318 0.0377416 0.0405085 0.0433168 0.0461494 0.0489882 0.0518138 0.0546064 0.0573455 0.0600104 0.0625803 0.0650346 0.0673532 0.0695169 0.0715073 0.0733073 0.0749012 0.0762749 0.0774164 0.0783154 0.0789638 0.0793559 0.0794881 0.0793592 0.0789705 0.0783254 0.07743 0.0762922 0.0749222 0.0733324 0.0715366 0.0695507 0.0673916 0.0650778 0.0626285 0.0600637 0.0574041 0.0546702 0.0518829 0.0490625 0.0462289 0.0434011 0.0405975 0.0378349 0.0351291 0.0324943 0.0299433 0.0274871 0.0251351 0.0228951 0.020773 0.0187734 0.0168991 0.0151514 0.0135304 0.0120349 0.0106624 0.00940983 0.00827304 0.00724737 0.00632765 0.00550844 0.0047841 0.00414898 0.00359758 0.0031246 0.00272511 0.00239466 0.0021293 0.00192573 0.00178129 0.00169422 
0.00192668 0.00195525 0.00204814 0.00220685 0.00243353 0.0027312 0.0031036 0.00355519 0.00409103 0.00471667 0.00543807 0.00626146 0.00719317 0.0082395 0.00940656 0.0107001 0.0121252 0.0136864 0.0153873 0.0172301 0.0192161 0.0213451 0.0236152 0.0260229 0.0285631 0.0312286 0.0340105 0.0368978 0.039878 0.0429364 0.0460569 0.0492215 0.0524112 0.0556054 0.0587826 0.0619205 0.0649962 0.0679867 0.0708689 0.0736199 0.0762175 0.0786403 0.080868 0.0828818 0.0846642 0.0862 0.0874756 0.0884799 0.089204 0.0896415 0.0897885 0.0896438 0.0892087 0.088487 0.0874853 0.0862125 0.0846798 0.0829006 0.0808905 0.0786667 0.0762481 0.0736551 0.0709089 0.0680318 0.0650466 0.0619763 0.058844 0.0556725 0.0524839 0.0492998 0.0461404 0.0430251 0.0399714 0.0369955 0.034112 0.0313334 0.0286705 0.0261323 0.0237257 0.0214561 0.0193269 0.0173399 0.0154953 0.0137921 0.0122278 0.0107989 0.009501 0.00832907 0.00727738 0.00633991 0.0055104 0.00478258 0.00415028 0.00360759 0.00314899 0.00276947 0.00246462 0.0022307 0.00206475 0.00196476 
0.00223184 0.0022649 0.00237188 0.00255447 0.00281511 0.00315717 0.00358488 0.00410322 0.00471788 0.00543507 0.00626146 0.00720397 0.00826965 0.00946549 0.0107982 0.0122741 0.0138988 0.0156771 0.0176127 0.0197081 0.0219644 0.0243809 0.0269554 0.0296836 0.0325594 0.0355745 0.0387185 0.0419789 0.0453414 0.0487894 0.0523045 0.0558666 0.0594541 0.0630441 0.0666123 0.0701341 0.0735838 0.0769358 0.0801644 0.0832444 0.086151 0.0888608 0.0913512 0.0936014 0.0955924 0.0973072 0.0987311 0.0998518 0.100659 0.101147 0.10131 0.101148 0.100662 0.0998555 0.0987364 0.0973143 0.0956016 0.093613 0.0913656 0.0888785 0.0861725 0.08327 0.0801946 0.0769709 0.0736243 0.0701802 0.0666644 0.0631021 0.0595184 0.055937 0.052381 0.0488718 0.0454295 0.0420723 0.0388166 0.0356768 0.0326654 0.0297925 0.0270665 0.0244934 0.0220774 0.0198209 0.0177244 0.0157869 0.0140059 0.0123778 0.0108978 0.00956036 0.00835921 0.0072877 0.00633892 0.00550587 0.0047817 0.00415979 0.00363399 0.00319867 0.00284888 0.00258043 0.00238999 0.0022753 
0.00257926 0.00261741 0.00274033 0.00294991 0.0032489 0.00364108 0.00413119 0.00472482 0.00542832 0.00624863 0.00719317 0.00826965 0.00948589 0.0108496 0.0123682 0.0140485 0.0158967 0.0179179 0.020116 0.0224935 0.0250513 0.0277884 0.0307019 0.0337866 0.0370354 0.0404386 0.0439844 0.0476584 0.0514442 0.0553231 0.0592743 0.0632753 0.0673018 0.071328 0.075327 0.0792711 0.083132 0.0868812 0.0904902 0.0939311 0.0971766 0.100201 0.102979 0.105488 0.107707 0.109618 0.111204 0.112452 0.113351 0.113893 0.114074 0.113893 0.11335 0.112451 0.111204 0.109619 0.107709 0.105491 0.102984 0.100209 0.0971875 0.0939456 0.0905089 0.0869047 0.0831608 0.0793057 0.0753677 0.0713751 0.0673557 0.0633361 0.059342 0.0553975 0.0515252 0.0477457 0.0440776 0.0405372 0.0371387 0.0338939 0.0308124 0.0279013 0.0251657 0.0226086 0.0202307 0.0180314 0.0160081 0.014157 0.0124729 0.0109498 0.00958084 0.00835877 0.00727589 0.00632448 0.00549688 0.00478576 0.00418422 0.00368598 0.0032855 0.0029781 0.00276003 0.00262878 
0.00297188 0.00301576 0.00315658 0.00339643 0.00373841 0.00418674 0.00474672 0.0054246 0.00622745 0.007163 0.0082395 0.00946549 0.0108496 0.0124003 0.0141257 0.0160334 0.0181299 0.0204207 0.0229099 0.0255999 0.0284914 0.031583 0.0348708 0.038349 0.042009 0.0458396 0.0498273 0.0539557 0.0582063 0.0625578 0.0669869 0.0714683 0.0759747 0.0804775 0.0849467 0.0893515 0.0936605 0.0978421 0.101865 0.105698 0.109312 0.112677 0.115767 0.118557 0.121024 0.123147 0.124908 0.126294 0.127292 0.127893 0.128094 0.127892 0.127288 0.126289 0.124903 0.12314 0.121017 0.118551 0.115762 0.112674 0.10931 0.1057 0.10187 0.097852 0.0936756 0.0893724 0.084974 0.0805117 0.0760162 0.0715173 0.0670436 0.0626222 0.0582784 0.0540352 0.0499138 0.0459327 0.042108 0.0384533 0.0349796 0.0316953 0.0286063 0.0257164 0.023027 0.0205374 0.0182452 0.0161463 0.0142353 0.0125056 0.0109499 0.00955998 0.00832755 0.007244 0.00630089 0.00549004 0.0048038 0.00423517 0.00377796 0.00342694 0.00317795 0.00302815 
0.00341263 0.00346292 0.00362368 0.00389725 0.00428708 0.00479789 0.00543558 0.00620709 0.00712028 0.00818373 0.00940656 0.0107982 0.0123682 0.0141257 0.0160798 0.0182385 0.0206089 0.0231968 0.0260064 0.0290401 0.0322983 0.0357787 0.0394771 0.0433861 0.0474959 0.0517936 0.0562637 0.0608877 0.0656445 0.0705103 0.0754589 0.080462 0.0854891 0.0905084 0.0954867 0.10039 0.105183 0.109831 0.114301 0.118557 0.122567 0.1263 0.129726 0.132818 0.13555 0.137901 0.139851 0.141384 0.142488 0.143153 0.143375 0.14315 0.142482 0.141375 0.139839 0.137887 0.135534 0.132801 0.129709 0.126284 0.122552 0.118544 0.114291 0.109826 0.105182 0.100395 0.0954985 0.0905274 0.0855159 0.080497 0.0755025 0.0705626 0.0657055 0.0609573 0.0563416 0.0518794 0.047589 0.0434858 0.0395826 0.0358891 0.0324124 0.0291571 0.026125 0.0233159 0.0207274 0.0183553 0.0161938 0.0142359 0.0124736 0.010898 0.00949988 0.00826987 0.00719862 0.00627709 0.00549679 0.00484994 0.00432967 0.00393017 0.00364679 0.00347638 
0.00390435 0.00396176 0.0041446 0.00445549 0.00489825 0.00547813 0.00620167 0.00707657 0.00811153 0.00931601 0.0107001 0.0122741 0.0140485 0.0160334 0.0182385 0.0206725 0.023343 0.0262561 0.0294162 0.0328253 0.0364835 0.040388 0.0445332 0.0489108 0.0535092 0.0583138 0.0633069 0.0684675 0.0737718 0.0791933 0.0847025 0.0902679 0.0958557 0.101431 0.106956 0.112394 0.117706 0.122855 0.127803 0.132511 0.136945 0.141071 0.144855 0.148269 0.151285 0.153878 0.156029 0.15772 0.158936 0.159669 0.159912 0.159664 0.158926 0.157705 0.15601 0.153855 0.151258 0.14824 0.144825 0.14104 0.136915 0.132482 0.127776 0.122832 0.117688 0.112381 0.10695 0.101432 0.0958655 0.0902866 0.0847306 0.0792311 0.0738195 0.068525 0.0633741 0.0583903 0.0535945 0.0490042 0.0446338 0.0404948 0.0365956 0.0329415 0.0295352 0.0263767 0.023464 0.0207926 0.0183564 0.0161481 0.0141587 0.0123789 0.0107985 0.00940722 0.00819475 0.00715115 0.00626705 0.00553385 0.00494394 0.00449088 0.0041695 0.00397632 
0.00444971 0.00451499 0.00472214 0.00507408 0.00557504 0.00623082 0.00704865 0.00803703 0.00920553 0.0105646 0.0121252 0.0138988 0.0158967 0.0181299 0.0206089 0.023343 0.0263403 0.0296072 0.033148 0.0369647 0.0410566 0.0454203 0.050049 0.0549329 0.0600588 0.0654098 0.070966 0.0767037 0.0825963 0.0886139 0.094724 0.100891 0.107079 0.113247 0.119356 0.125365 0.13123 0.136911 0.142366 0.147555 0.152439 0.156981 0.161145 0.164899 0.168215 0.171065 0.173428 0.175285 0.176621 0.177425 0.177692 0.177418 0.176607 0.175264 0.173401 0.171033 0.168177 0.164858 0.1611 0.156934 0.152392 0.147508 0.142321 0.136869 0.131192 0.125332 0.11933 0.113229 0.107069 0.100891 0.0947342 0.0886348 0.0826282 0.0767468 0.0710202 0.0654748 0.0601341 0.0550179 0.0501428 0.045522 0.0411651 0.0370786 0.0332662 0.0297282 0.0264628 0.0234655 0.0207301 0.0182485 0.0160113 0.0140083 0.0122285 0.0106607 0.00929351 0.00811611 0.00711816 0.0062902 0.00562384 0.00511196 0.00474885 0.00453068 
0.00505117 0.00512507 0.00535884 0.00575568 0.00632025 0.00705895 0.00797974 0.00909194 0.0104061 0.0119336 0.0136864 0.0156771 0.0179179 0.0204207 0.0231968 0.0262561 0.0296072 0.0332567 0.0372087 0.0414651 0.0460245 0.0508824 0.0560309 0.0614586 0.0671502 0.0730867 0.0792453 0.0855998 0.0921203 0.0987736 0.105523 0.112331 0.119156 0.125954 0.132682 0.139293 0.145744 0.151987 0.157978 0.163674 0.169032 0.174011 0.178574 0.182687 0.186317 0.189438 0.192023 0.194055 0.195515 0.196395 0.196685 0.196385 0.195497 0.194027 0.191988 0.189395 0.186268 0.182632 0.178514 0.173947 0.168966 0.163608 0.157913 0.151924 0.145684 0.139239 0.132633 0.125914 0.119124 0.11231 0.105513 0.098775 0.092134 0.085626 0.0792841 0.0731378 0.0672133 0.0615331 0.056116 0.050977 0.0461275 0.0415753 0.0373246 0.0333768 0.0297301 0.0263801 0.0233204 0.0205425 0.0180364 0.0157909 0.0137943 0.0120343 0.0104986 0.0091754 0.0080533 0.00712195 0.00637214 0.00579604 0.00538738 0.00514193 
0.00571083 0.00579416 0.0060569 0.00650256 0.00713629 0.00796508 0.00899764 0.0102442 0.0117163 0.0134262 0.0153873 0.0176127 0.020116 0.0229099 0.0260064 0.0294162 0.033148 0.0372087 0.0416025 0.0463305 0.0513907 0.0567775 0.0624816 0.0684898 0.0747845 0.0813444 0.0881438 0.0951535 0.10234 0.109667 0.117094 0.124578 0.132075 0.139537 0.146916 0.154163 0.161228 0.168061 0.174614 0.18084 0.186694 0.192131 0.197111 0.201598 0.205556 0.208958 0.211775 0.213988 0.215579 0.216536 0.216852 0.216525 0.215556 0.213954 0.211731 0.208904 0.205494 0.201527 0.197034 0.192049 0.186608 0.180753 0.174527 0.167974 0.161144 0.154084 0.146844 0.139472 0.132019 0.124533 0.117061 0.109646 0.102333 0.0951602 0.0881646 0.0813792 0.074833 0.0685515 0.0625558 0.0568631 0.0514865 0.0464351 0.0417145 0.0373266 0.03327 0.0295406 0.0261316 0.0230341 0.0202376 0.0177302 0.0154992 0.0135312 0.0118131 0.0103319 0.00907513 0.0080316 0.00719121 0.00654538 0.00608725 0.00581218 
0.00643045 0.006524 0.00681809 0.00731657 0.00802504 0.00895117 0.0101045 0.011496 0.0131384 0.015045 0.0172301 0.0197081 0.0224935 0.0255999 0.0290401 0.0328253 0.0369647 0.0414651 0.0463305 0.0515615 0.0571552 0.0631048 0.0693993 0.0760235 0.0829576 0.0901773 0.0976543 0.105356 0.113244 0.12128 0.129419 0.137615 0.145817 0.153974 0.162035 0.169945 0.177651 0.1851 0.192238 0.199016 0.205384 0.211297 0.21671 0.221584 0.225883 0.229575 0.232633 0.235033 0.236759 0.237796 0.238139 0.237783 0.236731 0.234993 0.232579 0.22951 0.225807 0.221498 0.216616 0.211196 0.205278 0.198906 0.192127 0.184989 0.177542 0.16984 0.161936 0.153883 0.145735 0.137544 0.129361 0.121236 0.113214 0.10534 0.0976547 0.0901934 0.0829891 0.0760702 0.0694603 0.0631792 0.0572417 0.0516588 0.046437 0.0415792 0.0370845 0.0329489 0.0291657 0.0257257 0.0226175 0.0198287 0.0173456 0.0151538 0.0132392 0.0115876 0.0101856 0.00902107 0.00808289 0.00736178 0.00685022 0.00654318 
0.00721125 0.00731584 0.00764368 0.00819898 0.00898783 0.0100186 0.0113015 0.0128487 0.0146737 0.016791 0.0192161 0.0219644 0.0250513 0.0284914 0.0322983 0.0364835 0.0410566 0.0460245 0.0513907 0.0571552 0.0633141 0.0698591 0.0767775 0.0840518 0.0916597 0.099574 0.107763 0.11619 0.124816 0.133594 0.142477 0.151414 0.160352 0.169233 0.178003 0.186602 0.194973 0.203059 0.210803 0.218151 0.225051 0.231453 0.237312 0.242585 0.247234 0.251225 0.254529 0.257123 0.258987 0.260107 0.260476 0.260091 0.258954 0.257075 0.254467 0.251148 0.247144 0.242483 0.2372 0.231332 0.224923 0.218018 0.210667 0.202922 0.194837 0.186469 0.177876 0.169114 0.160241 0.151315 0.142391 0.133522 0.124759 0.116151 0.10774 0.0995688 0.0916718 0.084081 0.0768231 0.0699201 0.0633893 0.0572432 0.0514899 0.0461331 0.0411727 0.036605 0.0324231 0.0286176 0.0251768 0.0220873 0.0193345 0.0169032 0.014778 0.0129438 0.0113861 0.0100916 0.00904847 0.00824649 0.00767755 0.00733618 
0.00805393 0.00817037 0.00853436 0.00915045 0.0100253 0.0111678 0.0125892 0.0143026 0.0163224 0.0186644 0.0213451 0.0243809 0.0277884 0.031583 0.0357787 0.040388 0.0454203 0.0508824 0.0567775 0.0631048 0.0698591 0.0770307 0.0846046 0.0925611 0.100875 0.109516 0.11845 0.127635 0.137027 0.146578 0.156235 0.165942 0.175641 0.185272 0.194774 0.204084 0.213141 0.221882 0.230249 0.238182 0.245627 0.252532 0.258847 0.264528 0.269535 0.273831 0.277387 0.280177 0.282182 0.283386 0.283783 0.283368 0.282145 0.280122 0.277315 0.273743 0.269431 0.26441 0.258717 0.252391 0.245477 0.238025 0.230087 0.221718 0.212976 0.203922 0.194617 0.185122 0.1755 0.165813 0.156119 0.146477 0.136943 0.127568 0.118402 0.109487 0.100865 0.0925705 0.0846325 0.0770761 0.069921 0.0631816 0.0568676 0.0509838 0.045531 0.0405059 0.0359016 0.0317085 0.0279144 0.0245053 0.0214656 0.0187793 0.0164298 0.0144009 0.012677 0.0112438 0.0100885 0.00920014 0.00856989 0.00819184 
0.00895857 0.00908765 0.00949013 0.0101709 0.0111372 0.0123986 0.0139672 0.0158569 0.0180835 0.0206638 0.0236152 0.0269554 0.0307019 0.0348708 0.0394771 0.0445332 0.050049 0.0560309 0.0624816 0.0693993 0.0767775 0.0846046 0.0928636 0.101532 0.110582 0.11998 0.129686 0.139658 0.149845 0.160195 0.170651 0.181153 0.191637 0.202039 0.212293 0.222332 0.23209 0.241502 0.250505 0.259036 0.267037 0.274452 0.281231 0.287327 0.292696 0.297302 0.301113 0.304103 0.30625 0.30754 0.307964 0.307519 0.306208 0.304041 0.301032 0.297202 0.292578 0.287192 0.281082 0.27429 0.266864 0.258854 0.250317 0.241311 0.231897 0.22214 0.212104 0.201857 0.191464 0.180991 0.170504 0.160063 0.149731 0.139562 0.129611 0.119925 0.110548 0.101519 0.0928715 0.0846323 0.0768239 0.0694629 0.0625607 0.0561235 0.0501528 0.0446461 0.0395966 0.0349946 0.0308274 0.0270803 0.0237371 0.0207807 0.0181934 0.015958 0.0140577 0.0124773 0.0112028 0.0102227 0.00952725 0.00911022 
0.00992452 0.010067 0.0105103 0.0112596 0.0123226 0.0137097 0.0154338 0.0175099 0.0199548 0.0227862 0.0260229 0.0296836 0.0337866 0.038349 0.0433861 0.0489108 0.0549329 0.0614586 0.0684898 0.0760235 0.0840518 0.0925611 0.101532 0.110939 0.120752 0.130932 0.141438 0.152221 0.163227 0.1744 0.185676 0.196993 0.20828 0.21947 0.230492 0.241275 0.251748 0.261842 0.271489 0.280626 0.289189 0.297121 0.304369 0.310882 0.316618 0.321536 0.325604 0.328793 0.331084 0.33246 0.332912 0.332437 0.331038 0.328724 0.325513 0.321424 0.316486 0.310732 0.304202 0.296939 0.288994 0.280419 0.271275 0.261621 0.251525 0.241052 0.230272 0.219256 0.208074 0.196798 0.185496 0.174235 0.163081 0.152094 0.141333 0.130849 0.120692 0.110902 0.101518 0.0925688 0.0840805 0.0760718 0.0685558 0.0615404 0.0550282 0.0490171 0.0435009 0.0384696 0.0339105 0.0298081 0.0261455 0.0229045 0.0200665 0.0176132 0.0155267 0.0137907 0.0123904 0.0113132 0.0105489 0.0100907 
0.0109504 0.0111071 0.0115933 0.0124147 0.0135795 0.0150989 0.0169865 0.0192584 0.0219323 0.0250273 0.0285631 0.0325594 0.0370354 0.042009 0.0474959 0.0535092 0.0600588 0.0671502 0.0747845 0.0829576 0.0916597 0.100875 0.110582 0.120752 0.13135 0.142336 0.153663 0.165278 0.177124 0.189137 0.201252 0.213399 0.225505 0.237496 0.249297 0.260832 0.272028 0.282811 0.293109 0.302855 0.311984 0.320436 0.328153 0.335086 0.341187 0.346418 0.350742 0.354132 0.356566 0.358028 0.358507 0.358002 0.356515 0.354056 0.350642 0.346294 0.341042 0.33492 0.327968 0.320233 0.311766 0.302624 0.292868 0.282562 0.271775 0.260578 0.249044 0.237248 0.225265 0.21317 0.201037 0.188938 0.176944 0.165119 0.153526 0.142223 0.131262 0.120688 0.110543 0.100861 0.0916687 0.0829886 0.0748357 0.0672195 0.0601438 0.0536074 0.0476045 0.0421252 0.0371565 0.0326824 0.0286853 0.0251462 0.0220453 0.0193633 0.0170813 0.0151819 0.0136492 0.01247 0.0116332 0.0111317 
0.012034 0.0122056 0.0127368 0.0136337 0.0149051 0.0165628 0.0186214 0.0210979 0.0240111 0.0273811 0.0312286 0.0355745 0.0404386 0.0458396 0.0517936 0.0583138 0.0654098 0.0730867 0.0813444 0.0901773 0.099574 0.109516 0.11998 0.130932 0.142336 0.154147 0.166313 0.178777 0.191478 0.204346 0.217312 0.230301 0.243235 0.256035 0.268621 0.280915 0.292837 0.304311 0.315262 0.325618 0.335312 0.344282 0.352468 0.359817 0.366283 0.371823 0.376403 0.379992 0.382568 0.384114 0.384622 0.384087 0.382513 0.37991 0.376294 0.371689 0.366125 0.359636 0.352265 0.344059 0.335073 0.325363 0.314995 0.304035 0.292555 0.280629 0.268336 0.255753 0.242959 0.230036 0.217061 0.204112 0.191262 0.178584 0.166143 0.154002 0.142218 0.130841 0.119915 0.109478 0.0995615 0.0901893 0.0813789 0.0731417 0.065483 0.0584024 0.0518947 0.0459502 0.0405557 0.035695 0.0313496 0.0274997 0.0241246 0.0212039 0.0187177 0.0166474 0.0149764 0.0136904 0.0127779 0.0122311 
0.0131722 0.0133594 0.0139375 0.0149132 0.0162955 0.0180971 0.0203335 0.0230226 0.0261843 0.0298396 0.0340105 0.0387185 0.0439844 0.0498273 0.0562637 0.0633069 0.070966 0.0792453 0.0881438 0.0976543 0.107763 0.11845 0.129686 0.141438 0.153663 0.166313 0.179332 0.192658 0.206223 0.219957 0.233782 0.247619 0.261385 0.274998 0.288373 0.301425 0.314073 0.326236 0.337836 0.348799 0.359055 0.368537 0.377187 0.384949 0.391775 0.397621 0.402451 0.406236 0.408952 0.410582 0.411117 0.410553 0.408893 0.406148 0.402335 0.397477 0.391604 0.384754 0.376968 0.368296 0.358794 0.348521 0.337544 0.325932 0.313761 0.301108 0.288054 0.274682 0.261075 0.247318 0.233495 0.219686 0.205972 0.192428 0.179127 0.166135 0.153513 0.141316 0.129593 0.118386 0.107727 0.0976453 0.08816 0.0792845 0.0710257 0.0633843 0.0563558 0.0499309 0.0440963 0.0388355 0.0341293 0.0299572 0.0262976 0.0231291 0.0204307 0.0181829 0.0163681 0.0149711 0.0139797 0.0133858 
0.0143613 0.0145645 0.0151913 0.0162484 0.0177457 0.0196963 0.0221165 0.0250254 0.0284437 0.0323936 0.0368978 0.0419789 0.0476584 0.0539557 0.0608877 0.0684675 0.0767037 0.0855998 0.0951535 0.105356 0.11619 0.127635 0.139658 0.152221 0.165278 0.178777 0.192658 0.206853 0.22129 0.235893 0.250581 0.265267 0.279866 0.29429 0.30845 0.322257 0.335626 0.348472 0.360714 0.372276 0.383085 0.393073 0.402179 0.410346 0.417524 0.42367 0.428746 0.432723 0.435576 0.437288 0.437849 0.437257 0.435513 0.43263 0.428623 0.423517 0.417343 0.410137 0.401945 0.392815 0.382805 0.371977 0.360398 0.348142 0.335285 0.32191 0.308099 0.293941 0.279521 0.264931 0.250257 0.235585 0.221002 0.206587 0.192417 0.178565 0.165095 0.152068 0.139535 0.127543 0.11613 0.105324 0.0951497 0.0856216 0.0767485 0.0685324 0.0609696 0.0540512 0.0477641 0.0420914 0.0370135 0.0325092 0.0285562 0.0251318 0.0222141 0.0197828 0.0178192 0.0163073 0.0152344 0.0145918 
0.0155962 0.0158162 0.0164931 0.0176341 0.0192496 0.0213535 0.0239629 0.0270977 0.0307796 0.0350318 0.039878 0.0453414 0.0514442 0.0582063 0.0656445 0.0737718 0.0825963 0.0921203 0.10234 0.113244 0.124816 0.137027 0.149845 0.163227 0.177124 0.191478 0.206223 0.22129 0.236601 0.252073 0.26762 0.283153 0.298581 0.313809 0.328746 0.343299 0.357379 0.370898 0.383772 0.395922 0.407273 0.417755 0.427306 0.435868 0.44339 0.449827 0.455143 0.459305 0.462291 0.464083 0.46467 0.46405 0.462225 0.459207 0.455013 0.449666 0.443199 0.435648 0.427058 0.417481 0.406975 0.395602 0.383433 0.370543 0.357012 0.342923 0.328365 0.313427 0.298201 0.282782 0.26726 0.251728 0.236275 0.220988 0.205947 0.191229 0.176906 0.163041 0.149692 0.136907 0.124729 0.113189 0.102315 0.0921232 0.0826247 0.0738228 0.0657148 0.0582924 0.0515425 0.0454482 0.0399896 0.0351448 0.0308905 0.0272033 0.0240604 0.0214404 0.0193237 0.0176938 0.0165369 0.0158442 
0.0168715 0.0171086 0.0178368 0.0190638 0.0208004 0.0230611 0.025864 0.0292296 0.0331808 0.0377416 0.0429364 0.0487894 0.0553231 0.0625578 0.0705103 0.0791933 0.0886139 0.0987736 0.109667 0.12128 0.133594 0.146578 0.160195 0.1744 0.189137 0.204346 0.219957 0.235893 0.252073 0.268409 0.284809 0.301181 0.317426 0.333448 0.34915 0.364436 0.379213 0.39339 0.406881 0.419604 0.431482 0.442445 0.452428 0.461372 0.469226 0.475945 0.481491 0.485833 0.488946 0.490815 0.491427 0.490781 0.488879 0.485731 0.481356 0.475777 0.469026 0.461141 0.452168 0.442157 0.431168 0.419266 0.406522 0.393012 0.37882 0.364032 0.348739 0.333034 0.317013 0.300774 0.284413 0.268028 0.251711 0.235554 0.219644 0.204062 0.188885 0.174181 0.160011 0.146428 0.133479 0.1212 0.109619 0.0987564 0.0886248 0.0792291 0.0705679 0.0626334 0.055413 0.0488896 0.0430431 0.037851 0.0332893 0.0293338 0.0259608 0.0231479 0.0208747 0.0191239 0.0178812 0.0171372 
0.0181805 0.018435 0.0192156 0.0205301 0.0223899 0.0248102 0.0278097 0.03141 0.0356346 0.0405085 0.0460569 0.0523045 0.0592743 0.0669869 0.0754589 0.0847025 0.094724 0.105523 0.117094 0.129419 0.142477 0.156235 0.170651 0.185676 0.201252 0.217312 0.233782 0.250581 0.26762 0.284809 0.302052 0.319247 0.336296 0.353096 0.369547 0.385549 0.401005 0.415822 0.429911 0.443189 0.455577 0.467003 0.477401 0.486713 0.494886 0.501875 0.507641 0.512155 0.515391 0.517333 0.51797 0.517298 0.515322 0.512051 0.507503 0.501702 0.49468 0.486474 0.477131 0.466703 0.455248 0.442834 0.429533 0.415423 0.400589 0.385119 0.369108 0.352652 0.335852 0.318807 0.301621 0.284392 0.267222 0.250204 0.233432 0.216992 0.200965 0.185423 0.170434 0.156055 0.142334 0.129313 0.117022 0.105485 0.0947162 0.0847222 0.0755027 0.067051 0.0593548 0.0523973 0.0461579 0.0406137 0.0357401 0.0315123 0.0279054 0.0248965 0.0224642 0.0205904 0.0192604 0.0184641 
0.0195159 0.0197881 0.0206217 0.0220248 0.0240092 0.0265909 0.0297892 0.0336264 0.0381271 0.0433168 0.0492215 0.0558666 0.0632753 0.0714683 0.080462 0.0902679 0.100891 0.112331 0.124578 0.137615 0.151414 0.165942 0.181153 0.196993 0.213399 0.230301 0.247619 0.265267 0.283153 0.301181 0.319247 0.33725 0.355083 0.372641 0.38982 0.406515 0.422629 0.438064 0.45273 0.466542 0.479419 0.491288 0.502084 0.511747 0.520223 0.527469 0.533446 0.538123 0.541476 0.543487 0.544147 0.543451 0.541405 0.538017 0.533305 0.527293 0.520012 0.511502 0.501806 0.490978 0.479078 0.466173 0.452336 0.437647 0.422192 0.406062 0.389355 0.372169 0.354609 0.336778 0.318783 0.300729 0.282719 0.264855 0.247233 0.229945 0.213076 0.196705 0.180903 0.165731 0.151242 0.137481 0.124482 0.112271 0.100864 0.0902705 0.0804911 0.07152 0.0633456 0.0559511 0.049316 0.043417 0.038229 0.0337262 0.0298833 0.0266762 0.0240831 0.0220851 0.0206667 0.0198177 
0.0208695 0.0211596 0.0220464 0.0235387 0.0256485 0.0283923 0.0317903 0.0358654 0.040643 0.0461494 0.0524112 0.0594541 0.0673018 0.0759747 0.0854891 0.0958557 0.107079 0.119156 0.132075 0.145817 0.160352 0.175641 0.191637 0.20828 0.225505 0.243235 0.261385 0.279866 0.298581 0.317426 0.336296 0.355083 0.373678 0.39197 0.409851 0.427215 0.443961 0.459989 0.475208 0.489529 0.502872 0.515164 0.526337 0.536332 0.545096 0.552585 0.55876 0.56359 0.567052 0.569129 0.569811 0.569094 0.566981 0.563483 0.558617 0.552406 0.544882 0.536082 0.526053 0.514846 0.502522 0.489149 0.474799 0.459556 0.443505 0.426741 0.409362 0.391471 0.373175 0.354581 0.3358 0.316941 0.298112 0.279419 0.260964 0.242843 0.225147 0.207959 0.191354 0.175399 0.16015 0.145656 0.131954 0.119073 0.107031 0.0958405 0.0855027 0.0760133 0.067361 0.0595296 0.0524985 0.0462441 0.0407407 0.0359622 0.0318823 0.0284763 0.0257216 0.0235987 0.0220916 0.0211895 
0.0222326 0.0225405 0.0234807 0.025062 0.027297 0.0302028 0.0338 0.0381126 0.0431663 0.0489882 0.0556054 0.0630441 0.071328 0.0804775 0.0905084 0.101431 0.113247 0.125954 0.139537 0.153974 0.169233 0.185272 0.202039 0.21947 0.237496 0.256035 0.274998 0.29429 0.313809 0.333448 0.353096 0.372641 0.39197 0.410967 0.429523 0.447529 0.464878 0.481472 0.497215 0.51202 0.525805 0.538495 0.550023 0.560331 0.569365 0.577081 0.583442 0.588416 0.59198 0.594119 0.594821 0.594083 0.591909 0.588308 0.583298 0.576901 0.569149 0.560079 0.549735 0.538172 0.525448 0.511631 0.496796 0.481024 0.464406 0.447036 0.429014 0.410446 0.391441 0.372111 0.35257 0.332931 0.313307 0.293809 0.274542 0.255609 0.237104 0.219116 0.201724 0.184999 0.169003 0.153786 0.139391 0.125848 0.113179 0.101397 0.090506 0.0805023 0.0713756 0.06311 0.0556849 0.0490767 0.0432593 0.0382058 0.0338896 0.0302851 0.0273692 0.0251215 0.0235257 0.0225708 
0.0235956 0.0239214 0.0249145 0.0265841 0.0289434 0.0320099 0.0358047 0.0403525 0.0456796 0.0518138 0.0587826 0.0666123 0.075327 0.0849467 0.0954867 0.106956 0.119356 0.132682 0.146916 0.162035 0.178003 0.194774 0.212293 0.230492 0.249297 0.268621 0.288373 0.30845 0.328746 0.34915 0.369547 0.38982 0.409851 0.429523 0.448723 0.467337 0.48526 0.502389 0.518628 0.533888 0.548088 0.561151 0.573012 0.583612 0.592897 0.600825 0.607357 0.612465 0.616125 0.61832 0.619041 0.618284 0.616053 0.612358 0.607214 0.600645 0.592681 0.583359 0.572723 0.560825 0.547726 0.533492 0.5182 0.50193 0.484774 0.466828 0.448194 0.42898 0.409298 0.389263 0.368992 0.348603 0.328213 0.307936 0.287883 0.268162 0.248871 0.230105 0.211946 0.19447 0.177743 0.16182 0.146744 0.132552 0.119267 0.106904 0.0954678 0.0849572 0.0753625 0.0666682 0.0588538 0.0518957 0.0457675 0.0404418 0.0358914 0.0320902 0.0290144 0.026643 0.0249593 0.0239518 
0.0249488 0.0252921 0.0263374 0.0280942 0.0305759 0.0338006 0.03779 0.0425693 0.0481653 0.0546064 0.0619205 0.0701341 0.0792711 0.0893515 0.10039 0.112394 0.125365 0.139293 0.154163 0.169945 0.186602 0.204084 0.222332 0.241275 0.260832 0.280915 0.301425 0.322257 0.343299 0.364436 0.385549 0.406515 0.427215 0.447529 0.467337 0.486528 0.50499 0.522622 0.539326 0.555012 0.569599 0.58301 0.59518 0.606049 0.615567 0.62369 0.630381 0.635611 0.639358 0.641606 0.642344 0.641571 0.639288 0.635506 0.63024 0.623512 0.615353 0.605797 0.59489 0.582683 0.569234 0.554612 0.538892 0.522155 0.504494 0.486005 0.466793 0.446967 0.426642 0.405935 0.384968 0.363862 0.342737 0.321712 0.300904 0.280424 0.260375 0.240855 0.221954 0.20375 0.186313 0.169703 0.153966 0.139141 0.125254 0.112323 0.100354 0.0893475 0.0792942 0.0701794 0.0619831 0.0546813 0.0482477 0.0426543 0.0378736 0.0338787 0.0306454 0.0281522 0.0263819 0.0253226 
0.0262817 0.0266421 0.0277386 0.0295806 0.0321821 0.0355615 0.0397411 0.0447464 0.050605 0.0573455 0.0649962 0.0735838 0.083132 0.0936605 0.105183 0.117706 0.13123 0.145744 0.161228 0.177651 0.194973 0.213141 0.23209 0.251748 0.272028 0.292837 0.314073 0.335626 0.357379 0.379213 0.401005 0.422629 0.443961 0.464878 0.48526 0.50499 0.523959 0.54206 0.559197 0.575278 0.590222 0.603955 0.616409 0.627527 0.637257 0.645559 0.652395 0.657737 0.661563 0.663859 0.664613 0.663824 0.661495 0.657634 0.652256 0.645384 0.637046 0.627277 0.616121 0.603629 0.589858 0.574876 0.558758 0.541587 0.523454 0.504457 0.484702 0.4643 0.443369 0.422028 0.400401 0.378613 0.356789 0.335052 0.313523 0.292316 0.27154 0.251298 0.231682 0.212777 0.194656 0.177382 0.161006 0.145568 0.131099 0.117616 0.105131 0.0936419 0.0831426 0.0736185 0.06505 0.0574132 0.0506816 0.044827 0.0398212 0.0356372 0.0322499 0.0296376 0.0277826 0.0266728 
0.0275838 0.0279609 0.0291069 0.0310317 0.0337494 0.0372788 0.0416427 0.0468672 0.0529801 0.0600104 0.0679867 0.0769358 0.0868812 0.0978421 0.109831 0.122855 0.136911 0.151987 0.168061 0.1851 0.203059 0.221882 0.241502 0.261842 0.282811 0.304311 0.326236 0.348472 0.370898 0.39339 0.415822 0.438064 0.459989 0.481472 0.502389 0.522622 0.54206 0.560596 0.578132 0.594578 0.609851 0.623878 0.636591 0.647935 0.65786 0.666323 0.67329 0.678734 0.682632 0.68497 0.68574 0.684938 0.682566 0.678634 0.673155 0.666153 0.657653 0.64769 0.636308 0.623555 0.609489 0.594177 0.577692 0.56012 0.541549 0.52208 0.50182 0.48088 0.459381 0.437444 0.415197 0.392767 0.370283 0.347872 0.325658 0.303761 0.282293 0.261363 0.241066 0.221491 0.202715 0.184805 0.167815 0.151789 0.136759 0.122747 0.109763 0.0978089 0.0868792 0.0769598 0.0680315 0.0600707 0.0530507 0.0469431 0.0417193 0.0373519 0.0338154 0.0310876 0.0291504 0.0279916 
0.0288442 0.0292375 0.0304312 0.0324357 0.0352651 0.0389388 0.0434798 0.0489147 0.0552718 0.0625803 0.0708689 0.0801644 0.0904902 0.101865 0.114301 0.127803 0.142366 0.157978 0.174614 0.192238 0.210803 0.230249 0.250505 0.271489 0.293109 0.315262 0.337836 0.360714 0.383772 0.406881 0.429911 0.45273 0.475208 0.497215 0.518628 0.539326 0.559197 0.578132 0.596035 0.612814 0.628386 0.64268 0.655629 0.667177 0.677276 0.685885 0.69297 0.698504 0.702467 0.704844 0.705627 0.704812 0.702403 0.698407 0.692839 0.68572 0.677074 0.666938 0.65535 0.642361 0.628027 0.612414 0.595595 0.577654 0.558682 0.538778 0.51805 0.496612 0.474585 0.452094 0.429267 0.406237 0.383134 0.36009 0.337232 0.314684 0.292565 0.270983 0.250041 0.229831 0.210433 0.191919 0.174345 0.157759 0.142194 0.127676 0.114216 0.101817 0.0904757 0.0801777 0.0709047 0.0626332 0.0553364 0.0489859 0.0435527 0.0390091 0.0353292 0.0324903 0.0304741 0.0292681 
0.0300524 0.030461 0.0317003 0.0337806 0.0367165 0.0405275 0.0452372 0.0508724 0.0574617 0.0650346 0.0736199 0.0832444 0.0939311 0.105698 0.118557 0.132511 0.147555 0.163674 0.18084 0.199016 0.218151 0.238182 0.259036 0.280626 0.302855 0.325618 0.348799 0.372276 0.395922 0.419604 0.443189 0.466542 0.489529 0.51202 0.533888 0.555012 0.575278 0.594578 0.612814 0.629894 0.645737 0.660271 0.673431 0.685163 0.695418 0.704156 0.711346 0.71696 0.720981 0.723392 0.724187 0.723362 0.72092 0.716868 0.711221 0.703997 0.695222 0.68493 0.673159 0.659958 0.645383 0.629498 0.612376 0.594101 0.574762 0.554461 0.533304 0.511408 0.488895 0.465891 0.442529 0.418941 0.395264 0.37163 0.348171 0.325016 0.302285 0.280094 0.258546 0.237739 0.217757 0.198673 0.180549 0.163433 0.147364 0.132367 0.118456 0.105637 0.0939045 0.0832473 0.0736469 0.0650801 0.0575203 0.0509387 0.0453064 0.0405951 0.0367785 0.0338339 0.0317425 0.0304915 
0.0311978 0.0316208 0.032903 0.0350548 0.038091 0.0420315 0.0469001 0.0527238 0.0595316 0.0673532 0.0762175 0.086151 0.0971766 0.109312 0.122567 0.136945 0.152439 0.169032 0.186694 0.205384 0.225051 0.245627 0.267037 0.289189 0.311984 0.335312 0.359055 0.383085 0.407273 0.431482 0.455577 0.479419 0.502872 0.525805 0.548088 0.569599 0.590222 0.609851 0.628386 0.645737 0.661823 0.676571 0.68992 0.701813 0.712206 0.721059 0.728341 0.734026 0.738097 0.740539 0.741344 0.74051 0.738039 0.733938 0.728221 0.720906 0.712018 0.701588 0.689655 0.676266 0.661475 0.645346 0.627953 0.609376 0.589706 0.569044 0.547499 0.525186 0.502229 0.478757 0.454903 0.430803 0.406596 0.382419 0.358406 0.334688 0.311391 0.288633 0.266523 0.245161 0.224634 0.205019 0.186381 0.168771 0.15223 0.136784 0.122452 0.109237 0.0971383 0.0861439 0.0762359 0.0673916 0.0595843 0.0527854 0.0469656 0.0420963 0.0381511 0.0351068 0.0329445 0.0316512 
