0.000352446 0.000358488 0.000379554 0.000416153 0.000469064 0.000539372 0.000628459 0.000737992 0.000869901 0.00102636 0.00120976 0.00142267 0.0016678 0.00194795 0.002266 0.00262477 0.00302702 0.00347539 0.00397227 0.00451977 0.00511962 0.00577311 0.00648101 0.00724347 0.00806 0.00892936 0.00984957 0.0108178 0.0118304 0.012883 0.0139701 0.0150857 0.0162228 0.0173738 0.0185305 0.019684 0.0208252 0.0219443 0.0230317 0.0240775 0.0250719 0.0260054 0.0268689 0.0276538 0.0283519 0.0289561 0.0294601 0.0298586 0.0301474 0.0303232 0.0303844 0.0303301 0.0301611 0.0298792 0.0294875 0.02899 0.0283922 0.0277003 0.0269215 0.0260637 0.0251356 0.0241462 0.0231052 0.0220221 0.0209068 0.0197691 0.0186185 0.0174642 0.0163151 0.0151793 0.0140646 0.0129778 0.011925 0.0109116 0.00994203 0.00902006 0.00814849 0.00732933 0.00656386 0.00585263 0.00519551 0.0045918 0.00404025 0.00353918 0.00308653 0.00267994 0.00231684 0.00199449 0.00171009 0.00146081 0.00124386 0.00105655 0.000896317 0.000760777 0.000647753 0.000555309 0.000481766 0.000425726 0.000386083 0.000362083 
0.000358488 0.000364646 0.00038609 0.000423339 0.000477185 0.000548731 0.000639383 0.000750835 0.000885051 0.00104424 0.00123083 0.00144742 0.00169679 0.00198177 0.00230527 0.00267017 0.00307927 0.00353524 0.00404049 0.00459718 0.00520704 0.00587139 0.00659097 0.00736596 0.00819581 0.00907929 0.0100143 0.0109981 0.0120269 0.0130961 0.0142004 0.0153334 0.0164882 0.017657 0.0188315 0.0200027 0.0211612 0.0222973 0.023401 0.0244625 0.0254717 0.0264191 0.0272954 0.0280918 0.0288001 0.0294132 0.0299246 0.0303288 0.0306217 0.0308001 0.0308621 0.030807 0.0306355 0.0303494 0.0299518 0.029447 0.0288404 0.0281382 0.0273478 0.0264773 0.0255353 0.0245312 0.0234744 0.022375 0.0212428 0.0200878 0.0189196 0.0177476 0.0165806 0.0154272 0.0142951 0.0131911 0.0121217 0.0110922 0.0101072 0.00917039 0.00828472 0.00745226 0.00667429 0.00595138 0.00528342 0.00466969 0.00410896 0.0035995 0.00313925 0.0027258 0.00235654 0.00202871 0.00173946 0.00148592 0.00126525 0.00107472 0.000911733 0.000773855 0.00065888 0.000564838 0.000490024 0.000433016 0.000392691 0.000368282 
0.000379554 0.00038609 0.00040877 0.00044814 0.000505029 0.000580598 0.00067632 0.000793972 0.000935611 0.00110355 0.00130033 0.00152869 0.0017915 0.00209174 0.00243243 0.00281657 0.00324709 0.00372674 0.00425804 0.00484319 0.00548398 0.00618175 0.00693725 0.00775059 0.0086212 0.0095477 0.0105279 0.0115588 0.0126365 0.0137561 0.0149121 0.0160977 0.0173058 0.0185281 0.0197559 0.0209799 0.0221904 0.023377 0.0245296 0.0256378 0.0266912 0.0276799 0.0285941 0.0294248 0.0301636 0.0308029 0.0313361 0.0317575 0.0320627 0.0322485 0.032313 0.0322553 0.0320763 0.0317778 0.031363 0.0308364 0.0302035 0.0294709 0.0286462 0.0277376 0.0267544 0.0257061 0.0246027 0.0234545 0.0222718 0.0210649 0.019844 0.0186187 0.0173984 0.0161919 0.0150073 0.0138518 0.012732 0.0116537 0.0106217 0.00963984 0.00871124 0.00783811 0.00702185 0.00626307 0.00556173 0.00491709 0.0043279 0.00379239 0.00330843 0.00287353 0.00248498 0.0021399 0.00183533 0.00156826 0.00133576 0.00113495 0.000963112 0.000817716 0.000696443 0.000597232 0.000518296 0.000458144 0.000415598 0.000389854 
0.000416153 0.000423339 0.00044814 0.000491144 0.000553249 0.000635705 0.000740102 0.000868354 0.00102268 0.00120556 0.00141973 0.00166812 0.00195381 0.00228 0.0026499 0.00306673 0.00353358 0.00405336 0.00462875 0.00526205 0.00595514 0.00670936 0.00752547 0.0084035 0.00934276 0.0103417 0.0113979 0.0125081 0.013668 0.0148723 0.0161149 0.0173889 0.0186861 0.0199981 0.0213153 0.0226278 0.0239251 0.0251964 0.0264307 0.0276169 0.0287442 0.0298017 0.0307794 0.0316674 0.032457 0.0331401 0.0337096 0.0341596 0.0344854 0.0346836 0.0347522 0.0346903 0.0344988 0.0341795 0.033736 0.033173 0.0324962 0.0317128 0.0308306 0.0298587 0.0288066 0.0276846 0.0265032 0.0252733 0.0240061 0.0227125 0.0214032 0.0200888 0.0187791 0.0174835 0.0162108 0.0149688 0.0137646 0.0126043 0.0114932 0.0104355 0.0094346 0.00849296 0.00761211 0.00679283 0.0060351 0.00533821 0.00470089 0.00412128 0.00359715 0.00312587 0.00270457 0.00233019 0.00199956 0.00170949 0.00145681 0.00123847 0.00105155 0.000893309 0.000761275 0.000653224 0.000567234 0.000501699 0.00045535 0.00042732 
0.000469064 0.000477185 0.000505029 0.000553249 0.000622834 0.000715164 0.000831993 0.000975428 0.00114791 0.00135217 0.0015912 0.00186822 0.0021866 0.00254982 0.00296139 0.0034248 0.00394339 0.00452032 0.00515843 0.00586019 0.00662757 0.00746195 0.00836406 0.00933383 0.0103704 0.011472 0.0126358 0.0138581 0.0151342 0.0164582 0.0178234 0.019222 0.0206452 0.0220835 0.0235268 0.024964 0.0263837 0.0277742 0.0291235 0.0304196 0.0316507 0.0328052 0.033872 0.0348407 0.0357017 0.0364462 0.0370668 0.037557 0.0379117 0.0381274 0.0382017 0.0381339 0.0379247 0.0375763 0.0370925 0.0364782 0.0357398 0.0348849 0.0339221 0.032861 0.031712 0.0304861 0.0291949 0.0278502 0.026464 0.0250481 0.0236144 0.0221741 0.0207383 0.0193171 0.01792 0.0165558 0.0152322 0.0139559 0.0127329 0.0115679 0.0104646 0.00942586 0.00845345 0.0075483 0.00671052 0.00593941 0.00523366 0.00459134 0.00401003 0.00348695 0.00301897 0.0026028 0.002235 0.00191208 0.0016306 0.0013872 0.00117869 0.00100208 0.000854635 0.000733923 0.000637826 0.000564576 0.000512776 0.000481471 
0.000539372 0.000548731 0.000580598 0.000635705 0.000715164 0.000820524 0.00095375 0.0011172 0.00131361 0.00154602 0.00181778 0.00213246 0.00249381 0.00290569 0.00337198 0.0038965 0.00448295 0.00513476 0.00585502 0.00664639 0.00751094 0.0084501 0.00946455 0.0105541 0.0117176 0.012953 0.0142571 0.0156255 0.0170528 0.0185326 0.0200571 0.0216175 0.0232043 0.0248068 0.0264136 0.0280124 0.0295909 0.0311358 0.0326341 0.0340725 0.035438 0.0367179 0.0379 0.038973 0.0399262 0.0407502 0.0414368 0.0419789 0.0423711 0.0426092 0.0426909 0.0426154 0.0423835 0.0419975 0.0414615 0.040781 0.0399629 0.0390156 0.0379484 0.0367719 0.0354975 0.0341373 0.0327039 0.0312104 0.0296699 0.0280956 0.0265004 0.024897 0.0232973 0.0217129 0.0201543 0.0186311 0.0171522 0.0157251 0.0143563 0.0130514 0.0118146 0.0106492 0.00955726 0.00853997 0.00759756 0.00672939 0.0059341 0.00520965 0.00455344 0.00396243 0.00343323 0.00296221 0.00254558 0.00217949 0.00186012 0.00158375 0.00134683 0.00114602 0.000978274 0.000840873 0.000731449 0.000648024 0.000589035 0.00055341 
0.000628459 0.000639383 0.00067632 0.000740102 0.000831993 0.00095375 0.0011076 0.00129622 0.00152269 0.00179046 0.00210329 0.00246522 0.00288043 0.00335326 0.00388804 0.00448903 0.00516031 0.00590567 0.00672848 0.00763163 0.00861732 0.00968702 0.0108413 0.0120799 0.0134013 0.0148029 0.016281 0.0178306 0.0194456 0.0211182 0.02284 0.0246009 0.02639 0.0281953 0.030004 0.0318026 0.0335768 0.0353123 0.0369942 0.038608 0.040139 0.0415733 0.0428974 0.0440987 0.0451654 0.0460872 0.0468549 0.0474609 0.0478989 0.0481647 0.0482556 0.0481706 0.0479106 0.0474783 0.0468782 0.0461162 0.0452002 0.0441391 0.0429435 0.0416249 0.0401961 0.0386703 0.0370617 0.0353847 0.0336539 0.031884 0.0300895 0.0282845 0.0264824 0.0246961 0.0229375 0.0212176 0.0195462 0.017932 0.0163825 0.0149039 0.0135013 0.0121784 0.0109378 0.0097809 0.00870817 0.00771903 0.00681206 0.0059851 0.00523534 0.00455944 0.00395368 0.00341401 0.00293623 0.00251605 0.00214918 0.00183145 0.00155886 0.00132766 0.00113441 0.000976034 0.000849853 0.000753632 0.000685599 0.000644544 
0.000737992 0.000750835 0.000793972 0.000868354 0.000975428 0.0011172 0.00129622 0.00151553 0.00177865 0.00208948 0.00245232 0.0028717 0.0033524 0.00389927 0.00451719 0.00521092 0.00598501 0.00684366 0.00779058 0.00882889 0.00996095 0.0111882 0.0125113 0.0139294 0.0154409 0.0170426 0.0187301 0.0204976 0.0223377 0.0242419 0.0262002 0.0282013 0.0302326 0.0322807 0.034331 0.0363682 0.0383764 0.0403392 0.0422403 0.0440631 0.0457916 0.0474098 0.048903 0.050257 0.0514589 0.052497 0.0533612 0.054043 0.0545357 0.0548344 0.054936 0.0548397 0.0545464 0.054059 0.0533826 0.0525237 0.051491 0.0502946 0.048946 0.0474582 0.0458453 0.0441222 0.0423045 0.0404085 0.0384506 0.0364471 0.0344143 0.0323681 0.0303238 0.0282958 0.0262976 0.0243417 0.0224393 0.0206004 0.0188337 0.0171463 0.0155441 0.0140316 0.0126117 0.0112865 0.0100564 0.00892115 0.00787918 0.00692821 0.00606518 0.00528643 0.00458783 0.00396487 0.00341285 0.00292694 0.00250232 0.00213427 0.00181826 0.00155004 0.00132571 0.00114176 0.000995138 0.000883308 0.000804244 0.000756565 
0.000869901 0.000885051 0.000935611 0.00102268 0.00114791 0.00131361 0.00152269 0.00177865 0.00208548 0.00244767 0.00287008 0.0033579 0.0039165 0.00455139 0.00526807 0.00607188 0.0069679 0.0079608 0.00905465 0.0102529 0.0115579 0.0129713 0.0144934 0.0161233 0.0178587 0.0196959 0.0216296 0.0236529 0.0257575 0.0279333 0.0301688 0.0324511 0.034766 0.037098 0.0394305 0.0417464 0.0440275 0.0462556 0.0484121 0.0504785 0.0524367 0.054269 0.0559588 0.0574904 0.0588493 0.0600225 0.0609989 0.0617688 0.0623249 0.0626617 0.0627759 0.0626664 0.0623343 0.061783 0.0610179 0.0600464 0.0588781 0.0575243 0.0559978 0.0543132 0.052486 0.0505331 0.048472 0.0463207 0.0440978 0.0418216 0.0395106 0.0371826 0.034855 0.032544 0.0302652 0.0280327 0.0258594 0.0237569 0.0217349 0.019802 0.0179649 0.016229 0.0145979 0.013074 0.0116583 0.0103503 0.00914866 0.0080509 0.0070537 0.00615302 0.00534426 0.00462241 0.00398216 0.00341809 0.00292474 0.00249675 0.00212901 0.00181665 0.00155523 0.00134075 0.00116974 0.00103926 0.000947023 0.000891436 
0.00102636 0.00104424 0.00110355 0.00120556 0.00135217 0.00154602 0.00179046 0.00208948 0.00244767 0.00287014 0.00336242 0.00393042 0.00458025 0.00531813 0.00615025 0.00708263 0.00812093 0.00927033 0.0105353 0.0119196 0.0134257 0.0150553 0.0168084 0.0186838 0.0206786 0.0227883 0.0250066 0.0273255 0.0297351 0.0322241 0.034779 0.037385 0.0400259 0.0426841 0.0453407 0.0479763 0.0505704 0.0531023 0.0555511 0.0578962 0.0601171 0.0621941 0.0641085 0.0658428 0.0673808 0.0687082 0.0698124 0.0706828 0.0713111 0.0716913 0.0718198 0.0716953 0.071319 0.0706947 0.0698284 0.0687285 0.0674055 0.065872 0.0641424 0.0622329 0.0601609 0.0579452 0.0556054 0.0531618 0.0506353 0.0480466 0.0454163 0.0427647 0.0401114 0.0374751 0.0348733 0.0323222 0.0298366 0.0274297 0.0251129 0.0228962 0.0207874 0.0187927 0.0169168 0.0151625 0.013531 0.0120223 0.010635 0.00936629 0.00821271 0.0071698 0.00623244 0.00539503 0.00465161 0.00399605 0.0034222 0.00292398 0.00249554 0.00213138 0.00182641 0.00157607 0.00137637 0.00122398 0.00111625 0.00105136 
0.00120976 0.00123083 0.00130033 0.00141973 0.0015912 0.00181778 0.00210329 0.00245232 0.00287008 0.00336242 0.00393565 0.00459646 0.00535178 0.00620865 0.00717403 0.00825466 0.00945689 0.0107864 0.0122482 0.0138462 0.0155831 0.0174605 0.0194782 0.0216344 0.0239257 0.0263465 0.0288894 0.0315451 0.0343022 0.0371472 0.040065 0.0430385 0.0460492 0.0490769 0.0521005 0.0550976 0.0580454 0.0609204 0.0636992 0.0663585 0.0688754 0.071228 0.0733952 0.0753576 0.0770971 0.0785978 0.0798456 0.0808288 0.0815383 0.0819672 0.0821117 0.0819702 0.0815443 0.080838 0.079858 0.0786137 0.0771167 0.0753811 0.0734229 0.0712601 0.0689123 0.0664003 0.0637463 0.0609729 0.0581034 0.0551613 0.0521698 0.0491519 0.0461297 0.0431244 0.0401559 0.0372427 0.0344019 0.0316485 0.0289959 0.0264554 0.0240363 0.0217461 0.0195901 0.0175718 0.0156932 0.0139542 0.0123535 0.0108884 0.00955487 0.00834815 0.00726255 0.0062918 0.00542924 0.00466795 0.00400097 0.00342143 0.00292269 0.00249847 0.00214299 0.00185102 0.00161802 0.00144017 0.00131445 0.00123877 
0.00142267 0.00144742 0.00152869 0.00166812 0.00186822 0.00213246 0.00246522 0.0028717 0.0033579 0.00393042 0.00459646 0.0053636 0.00623966 0.00723258 0.00835019 0.00960003 0.0109891 0.0125238 0.0142095 0.0160504 0.0180494 0.0202078 0.0225252 0.0249993 0.0276256 0.0303977 0.0333069 0.0363421 0.0394901 0.0427356 0.046061 0.0494469 0.052872 0.0563137 0.0597478 0.0631491 0.0664919 0.0697498 0.0728965 0.0759059 0.0787524 0.0814116 0.0838599 0.0860757 0.0880391 0.0897321 0.0911393 0.0922477 0.0930472 0.0935302 0.0936923 0.093532 0.093051 0.0922536 0.0911474 0.0897427 0.0880525 0.0860923 0.0838801 0.0814356 0.0787808 0.075939 0.0729347 0.0697934 0.0665412 0.0632044 0.0598092 0.0563813 0.0529459 0.0495268 0.0461468 0.042827 0.0395867 0.0364434 0.0334123 0.0305066 0.0277372 0.0251128 0.0226398 0.0203227 0.0181638 0.0161634 0.0143203 0.0126317 0.0110934 0.00969998 0.00844526 0.00732226 0.00632352 0.00544128 0.00466768 0.00399496 0.00341559 0.00292245 0.00250895 0.00216916 0.00189789 0.00169077 0.00154436 0.00145628 
0.0016678 0.00169679 0.0017915 0.00195381 0.0021866 0.00249381 0.00288043 0.0033524 0.0039165 0.00458025 0.00535178 0.00623966 0.00725271 0.00839985 0.00968982 0.011131 0.0127313 0.0144975 0.0164356 0.0185501 0.0208438 0.023318 0.0259718 0.0288022 0.0318038 0.0349689 0.0382872 0.041746 0.0453299 0.0490212 0.0528 0.056644 0.0605292 0.0644298 0.0683185 0.0721671 0.0759465 0.0796273 0.0831799 0.0865753 0.089785 0.0927816 0.0955392 0.0980337 0.100243 0.102147 0.103729 0.104975 0.105873 0.106416 0.106597 0.106416 0.105875 0.104977 0.103733 0.102152 0.100249 0.0980422 0.0955504 0.092796 0.0898032 0.0865979 0.0832073 0.0796601 0.0759851 0.0722119 0.0683698 0.0644879 0.0605942 0.0567159 0.0528787 0.0491066 0.0454215 0.0418435 0.03839 0.0350763 0.0319151 0.0289165 0.0260883 0.0234358 0.0209619 0.0186676 0.0165516 0.0146112 0.0128417 0.0112374 0.00979151 0.0084962 0.00734318 0.00632378 0.00542918 0.00465061 0.00397958 0.00340803 0.00292849 0.00253422 0.00221932 0.00197884 0.00180884 0.00170662 
0.00194795 0.00198177 0.00209174 0.00228 0.00254982 0.00290569 0.00335326 0.00389927 0.00455139 0.00531813 0.00620865 0.00723258 0.00839985 0.0097204 0.011204 0.01286 0.0146969 0.0167224 0.0189428 0.0213629 0.0239855 0.0268116 0.0298399 0.0330664 0.0364848 0.0400857 0.0438573 0.0477846 0.0518502 0.0560337 0.0603123 0.0646608 0.0690521 0.0734569 0.0778446 0.0821836 0.0864413 0.0905847 0.0945812 0.0983981 0.102004 0.105369 0.108463 0.111261 0.113738 0.115872 0.117645 0.11904 0.120045 0.120652 0.120854 0.120651 0.120043 0.119037 0.117642 0.11587 0.113736 0.11126 0.108464 0.105372 0.10201 0.0984082 0.0945958 0.0906045 0.0864669 0.0822156 0.0778836 0.0735031 0.069106 0.0647225 0.0603818 0.0561109 0.0519349 0.0478764 0.0439556 0.04019 0.0365942 0.0331802 0.0299571 0.0269312 0.0241065 0.0214842 0.0190635 0.0168414 0.0148132 0.0129727 0.0113122 0.00982344 0.00849702 0.0073233 0.00629241 0.00539453 0.00462009 0.00396002 0.00340586 0.00295001 0.00258578 0.00230755 0.00211087 0.00199266 
0.002266 0.00230527 0.00243243 0.0026499 0.00296139 0.00337198 0.00388804 0.00451719 0.00526807 0.00615025 0.00717403 0.00835019 0.00968982 0.011204 0.0129036 0.0147988 0.0168992 0.0192129 0.0217466 0.0245055 0.0274924 0.0307078 0.0341497 0.0378134 0.0416909 0.0457716 0.0500413 0.0544831 0.0590768 0.0637992 0.0686245 0.0735242 0.0784675 0.0834218 0.0883528 0.0932249 0.098002 0.102647 0.107125 0.111398 0.115433 0.119195 0.122654 0.125779 0.128545 0.130927 0.132904 0.13446 0.135581 0.136257 0.136482 0.136254 0.135576 0.134453 0.132895 0.130916 0.128533 0.125768 0.122643 0.119186 0.115425 0.111394 0.107125 0.102652 0.0980124 0.0932418 0.0883769 0.0834538 0.0785078 0.0735732 0.0686823 0.0638659 0.0591522 0.054567 0.0501332 0.0458708 0.0417968 0.037925 0.0342661 0.0308279 0.0276151 0.0246297 0.0218711 0.0193365 0.0170208 0.0149174 0.0130182 0.0113136 0.00979368 0.00844755 0.00726427 0.00623284 0.00534256 0.00458324 0.00394538 0.00342039 0.00300075 0.00268012 0.00245344 0.00231727 
0.00262477 0.00267017 0.00281657 0.00306673 0.0034248 0.0038965 0.00448903 0.00521092 0.00607188 0.00708263 0.00825466 0.00960003 0.011131 0.01286 0.0147988 0.0169589 0.0193503 0.0219821 0.0248615 0.0279935 0.031381 0.035024 0.0389197 0.0430622 0.0474422 0.052047 0.0568605 0.0618629 0.0670314 0.0723396 0.0777584 0.0832555 0.0887966 0.0943451 0.0998627 0.10531 0.110647 0.115833 0.120827 0.125591 0.130085 0.134274 0.138123 0.141599 0.144673 0.14732 0.149517 0.151244 0.152488 0.153238 0.153487 0.153234 0.15248 0.151231 0.1495 0.1473 0.144651 0.141575 0.138098 0.13425 0.130062 0.12557 0.12081 0.11582 0.110639 0.105309 0.0998695 0.0943601 0.0888207 0.0832891 0.0778018 0.0723931 0.067095 0.0619364 0.0569435 0.052139 0.0475424 0.0431698 0.0390336 0.0351431 0.0315041 0.0281193 0.0249888 0.0221096 0.0194767 0.0170829 0.0149193 0.0129759 0.0112414 0.00970397 0.00835138 0.00717146 0.00615227 0.0052824 0.00455124 0.00394915 0.00346768 0.00309971 0.00283956 0.00268335 
0.00302702 0.00307927 0.00324709 0.00353358 0.00394339 0.00448295 0.00516031 0.00598501 0.0069679 0.00812093 0.00945689 0.0109891 0.0127313 0.0146969 0.0168992 0.0193503 0.0220615 0.0250423 0.0283002 0.0318404 0.0356656 0.0397752 0.0441655 0.0488291 0.0537551 0.0589288 0.0643314 0.0699407 0.0757304 0.0816708 0.0877291 0.0938694 0.100053 0.106239 0.112386 0.118449 0.124384 0.130147 0.135693 0.14098 0.145964 0.150607 0.15487 0.158718 0.16212 0.165048 0.167476 0.169386 0.170761 0.171589 0.171863 0.171582 0.170748 0.169367 0.167452 0.165018 0.162086 0.158681 0.15483 0.150566 0.145924 0.140941 0.135657 0.130115 0.124357 0.118428 0.112373 0.106235 0.100058 0.0938847 0.0877554 0.0817084 0.0757794 0.0700011 0.064403 0.059011 0.0538474 0.0489304 0.0442749 0.0398915 0.0357875 0.0319665 0.0284291 0.0251725 0.0221917 0.0194791 0.0170251 0.0148188 0.0128479 0.0110995 0.00955999 0.00821599 0.00705421 0.00606199 0.00522748 0.00453993 0.00398989 0.00356941 0.00327212 0.00309368 
0.00347539 0.00353524 0.00372674 0.00405336 0.00452032 0.00513476 0.00590567 0.00684366 0.0079608 0.00927033 0.0107864 0.0125238 0.0144975 0.0167224 0.0192129 0.0219821 0.0250423 0.0284034 0.0320734 0.0360575 0.0403579 0.0449734 0.0498991 0.0551262 0.0606417 0.0664287 0.0724657 0.0787272 0.0851838 0.091802 0.098545 0.105373 0.112242 0.119108 0.125924 0.132642 0.139213 0.145588 0.151718 0.157557 0.163059 0.16818 0.17288 0.177121 0.180868 0.184091 0.186764 0.188865 0.190377 0.191287 0.191588 0.191278 0.190359 0.188839 0.186731 0.184051 0.180821 0.177069 0.172825 0.168122 0.162999 0.157498 0.15166 0.145533 0.139163 0.132599 0.125888 0.119081 0.112225 0.105367 0.0985512 0.0918208 0.0852154 0.0787719 0.0725232 0.0664986 0.0607235 0.055219 0.0500018 0.0450849 0.0404768 0.0361823 0.0322025 0.0285353 0.0251753 0.0221147 0.0193435 0.0168497 0.01462 0.0126402 0.0108957 0.00937149 0.00805298 0.00692613 0.00597782 0.00519612 0.0045705 0.00409211 0.00375387 0.00355091 
0.00397227 0.00404049 0.00425804 0.00462875 0.00515843 0.00585502 0.00672848 0.00779058 0.00905465 0.0105353 0.0122482 0.0142095 0.0164356 0.0189428 0.0217466 0.0248615 0.0283002 0.0320734 0.0361893 0.0406529 0.0454661 0.0506267 0.0561286 0.0619611 0.0681092 0.0745531 0.0812687 0.088227 0.0953948 0.102735 0.110206 0.117763 0.12536 0.132946 0.140469 0.147878 0.155119 0.162138 0.168882 0.175302 0.181347 0.18697 0.192127 0.196778 0.200885 0.204417 0.207345 0.209645 0.2113 0.212296 0.212625 0.212284 0.211278 0.209612 0.207302 0.204365 0.200825 0.19671 0.192054 0.186892 0.181266 0.17522 0.168801 0.162059 0.155044 0.147809 0.140408 0.132894 0.125318 0.117733 0.110189 0.102732 0.0954061 0.0882529 0.0813093 0.074608 0.0681779 0.0620428 0.0562224 0.0507313 0.04558 0.0407746 0.036317 0.0322054 0.0284348 0.0249969 0.0218811 0.0190747 0.0165633 0.0143316 0.0123634 0.0106424 0.00915256 0.00787847 0.0068056 0.00592076 0.00521232 0.00467045 0.00428729 0.00405748 
0.00451977 0.00459718 0.00484319 0.00526205 0.00586019 0.00664639 0.00763163 0.00882889 0.0102529 0.0119196 0.0138462 0.0160504 0.0185501 0.0213629 0.0245055 0.0279935 0.0318404 0.0360575 0.0406529 0.0456317 0.0509949 0.0567394 0.0628573 0.0693363 0.0761588 0.0833023 0.0907391 0.0984369 0.106358 0.114462 0.122702 0.131029 0.139391 0.147734 0.156001 0.164134 0.172075 0.179768 0.187154 0.194178 0.200788 0.206933 0.212565 0.217642 0.222123 0.225975 0.229166 0.231673 0.233476 0.23456 0.234918 0.234547 0.233449 0.231633 0.229114 0.225911 0.222049 0.217558 0.212474 0.206835 0.200686 0.194073 0.187048 0.179663 0.171974 0.164038 0.155912 0.147654 0.139322 0.130973 0.122659 0.114434 0.106346 0.0984412 0.0907598 0.0833393 0.0762117 0.0694044 0.0629397 0.0568346 0.0511017 0.0457483 0.0407775 0.0361882 0.0319753 0.0281306 0.0246429 0.0214986 0.0186824 0.0161776 0.0139668 0.0120322 0.0103563 0.00892204 0.00771361 0.00671646 0.00591777 0.0053067 0.00487459 0.00461549 
0.00511962 0.00520704 0.00548398 0.00595514 0.00662757 0.00751094 0.00861732 0.00996095 0.0115579 0.0134257 0.0155831 0.0180494 0.0208438 0.0239855 0.0274924 0.031381 0.0356656 0.0403579 0.0454661 0.0509949 0.0569445 0.0633105 0.0700834 0.0772486 0.0847858 0.0926694 0.100868 0.109346 0.118061 0.126967 0.136014 0.145148 0.154311 0.163444 0.172486 0.181373 0.190044 0.198435 0.206486 0.214137 0.221331 0.228014 0.234136 0.239652 0.244518 0.248698 0.252161 0.254879 0.256834 0.258009 0.258397 0.257993 0.256802 0.254832 0.252098 0.248621 0.244428 0.239551 0.234026 0.227895 0.221205 0.214006 0.206353 0.198302 0.189914 0.181248 0.172367 0.163335 0.154213 0.145062 0.135943 0.126912 0.118023 0.109326 0.100866 0.0926857 0.0848202 0.0773004 0.0701518 0.0633941 0.0570419 0.0511043 0.0455857 0.0404855 0.0357992 0.0315184 0.0276314 0.0241241 0.0209799 0.0181811 0.0157087 0.0135436 0.0116665 0.0100591 0.00870401 0.00758524 0.00668877 0.0060027 0.00551752 0.00522669 
0.00577311 0.00587139 0.00618175 0.00670936 0.00746195 0.0084501 0.00968702 0.0111882 0.0129713 0.0150553 0.0174605 0.0202078 0.023318 0.0268116 0.0307078 0.035024 0.0397752 0.0449734 0.0506267 0.0567394 0.0633105 0.0703343 0.0777993 0.0856884 0.0939785 0.10264 0.111639 0.120935 0.13048 0.140225 0.150114 0.160087 0.170083 0.180036 0.18988 0.199547 0.20897 0.218082 0.226817 0.235111 0.242905 0.25014 0.256764 0.262728 0.267987 0.272503 0.276242 0.279177 0.281286 0.282554 0.282972 0.282535 0.281249 0.279122 0.276169 0.272414 0.267883 0.26261 0.256634 0.249999 0.242755 0.234955 0.226657 0.217921 0.20881 0.199391 0.18973 0.179894 0.169952 0.15997 0.150011 0.14014 0.130413 0.120887 0.111612 0.102633 0.0939915 0.0857212 0.077851 0.0704037 0.0633961 0.0568394 0.0507392 0.0450961 0.0399059 0.0351603 0.0308473 0.026952 0.023457 0.0203432 0.0175904 0.0151778 0.0130847 0.0112912 0.00977821 0.00852848 0.00752668 0.00675978 0.0062174 0.00589238 
0.00648101 0.00659097 0.00693725 0.00752547 0.00836406 0.00946455 0.0108413 0.0125113 0.0144934 0.0168084 0.0194782 0.0225252 0.0259718 0.0298399 0.0341497 0.0389197 0.0441655 0.0498991 0.0561286 0.0628573 0.0700834 0.0777993 0.0859914 0.0946398 0.103718 0.113194 0.123028 0.133174 0.143584 0.154199 0.16496 0.175802 0.186658 0.197456 0.208126 0.218594 0.228788 0.238637 0.248071 0.257023 0.265427 0.273224 0.280358 0.286777 0.292434 0.29729 0.301309 0.304462 0.306728 0.30809 0.308537 0.308068 0.306686 0.304399 0.301226 0.297188 0.292315 0.286641 0.280207 0.273061 0.265253 0.25684 0.247883 0.238446 0.228597 0.218405 0.207942 0.19728 0.186493 0.175651 0.164824 0.154081 0.143485 0.133097 0.122972 0.11316 0.103707 0.0946508 0.0860239 0.0778521 0.0701549 0.0629458 0.0562319 0.050015 0.0442915 0.0390534 0.0342883 0.0299808 0.0261127 0.0226635 0.0196117 0.016935 0.0146112 0.0126186 0.0109367 0.00954681 0.00843216 0.00757865 0.00697496 0.00661329 
0.00724347 0.00736596 0.00775059 0.0084035 0.00933383 0.0105541 0.0120799 0.0139294 0.0161233 0.0186838 0.0216344 0.0249993 0.0288022 0.0330664 0.0378134 0.0430622 0.0488291 0.0551262 0.0619611 0.0693363 0.0772486 0.0856884 0.0946398 0.10408 0.113979 0.1243 0.134999 0.146028 0.15733 0.168843 0.180503 0.192238 0.203975 0.215639 0.227152 0.238438 0.249418 0.260017 0.27016 0.279777 0.288799 0.297164 0.304812 0.311689 0.317747 0.322944 0.327244 0.330617 0.33304 0.334495 0.334973 0.334471 0.332992 0.330547 0.327151 0.32283 0.317612 0.311535 0.304641 0.296978 0.288601 0.279568 0.269944 0.259795 0.249195 0.238215 0.226934 0.215428 0.203774 0.19205 0.180331 0.16869 0.157197 0.145918 0.134913 0.124237 0.113941 0.104067 0.0946504 0.085722 0.0773036 0.0694109 0.0620532 0.0552333 0.0489487 0.0431916 0.0379496 0.0332067 0.0289438 0.0251395 0.0217707 0.0188139 0.0162449 0.0140407 0.0121792 0.01064 0.00940514 0.00845933 0.00779029 0.00738958 
0.00806 0.00819581 0.0086212 0.00934276 0.0103704 0.0117176 0.0134013 0.0154409 0.0178587 0.0206786 0.0239257 0.0276256 0.0318038 0.0364848 0.0416909 0.0474422 0.0537551 0.0606417 0.0681092 0.0761588 0.0847858 0.0939785 0.103718 0.113979 0.124727 0.135921 0.147513 0.15945 0.171668 0.184102 0.196681 0.209328 0.221964 0.234508 0.246879 0.258992 0.270767 0.282123 0.292981 0.303267 0.31291 0.321843 0.330005 0.33734 0.343799 0.349336 0.353916 0.357508 0.360086 0.361635 0.362144 0.361609 0.360034 0.35743 0.353814 0.34921 0.34365 0.33717 0.329815 0.321636 0.312687 0.303032 0.292736 0.281871 0.270511 0.258736 0.246625 0.234261 0.221726 0.209103 0.196472 0.183913 0.1715 0.159305 0.147393 0.135827 0.124659 0.113939 0.103705 0.0939904 0.0848219 0.0762173 0.0681879 0.0607382 0.0538665 0.0475656 0.0418233 0.0366231 0.031945 0.0277668 0.0240639 0.0208114 0.0179836 0.0155557 0.0135041 0.0118069 0.0104447 0.00940109 0.00866279 0.00822072 
0.00892936 0.00907929 0.0095477 0.0103417 0.011472 0.012953 0.0148029 0.0170426 0.0196959 0.0227883 0.0263465 0.0303977 0.0349689 0.0400857 0.0457716 0.052047 0.0589288 0.0664287 0.0745531 0.0833023 0.0926694 0.10264 0.113194 0.1243 0.135921 0.148012 0.160519 0.173384 0.186538 0.199911 0.213424 0.226996 0.240542 0.253977 0.267211 0.280158 0.292731 0.304846 0.316419 0.327373 0.337634 0.347133 0.355806 0.363596 0.370451 0.376326 0.381182 0.384989 0.387722 0.389363 0.389902 0.389335 0.387666 0.384905 0.381071 0.376189 0.370289 0.36341 0.355599 0.346905 0.337389 0.327113 0.316146 0.304564 0.292444 0.279868 0.266922 0.253693 0.240267 0.226733 0.213177 0.199683 0.186332 0.173202 0.160364 0.147884 0.135822 0.124231 0.113154 0.102629 0.0926844 0.0833425 0.0746164 0.0665124 0.0590301 0.0521628 0.0458986 0.0402207 0.0351085 0.0305387 0.0264858 0.022923 0.0198234 0.0171604 0.0149088 0.0130452 0.011549 0.0104024 0.00959109 0.00910542 
0.00984957 0.0100143 0.0105279 0.0113979 0.0126358 0.0142571 0.016281 0.0187301 0.0216296 0.0250066 0.0288894 0.0333069 0.0382872 0.0438573 0.0500413 0.0568605 0.0643314 0.0724657 0.0812687 0.0907391 0.100868 0.111639 0.123028 0.134999 0.147513 0.160519 0.173959 0.187767 0.201871 0.216194 0.230651 0.245156 0.259619 0.273947 0.288047 0.301827 0.315197 0.328066 0.340349 0.351966 0.362839 0.372896 0.382073 0.39031 0.397554 0.40376 0.408888 0.412906 0.41579 0.417521 0.418089 0.417491 0.41573 0.412816 0.408769 0.403613 0.39738 0.39011 0.381849 0.372649 0.362572 0.351681 0.34005 0.327755 0.314877 0.301504 0.287723 0.273626 0.259306 0.244855 0.230365 0.215927 0.201627 0.187547 0.173767 0.160357 0.147382 0.134899 0.122959 0.111601 0.10086 0.0907591 0.0813146 0.0725348 0.0644209 0.056967 0.0501614 0.0439875 0.038424 0.0334467 0.0290288 0.0251424 0.0217589 0.0188502 0.0163895 0.0143519 0.0127153 0.0114607 0.010573 0.0100417 
0.0108178 0.0109981 0.0115588 0.0125081 0.0138581 0.0156255 0.0178306 0.0204976 0.0236529 0.0273255 0.0315451 0.0363421 0.041746 0.0477846 0.0544831 0.0618629 0.0699407 0.0787272 0.088227 0.0984369 0.109346 0.120935 0.133174 0.146028 0.15945 0.173384 0.187767 0.202529 0.217591 0.232869 0.248275 0.263715 0.279093 0.294312 0.309274 0.323881 0.338039 0.351655 0.364639 0.376907 0.38838 0.398985 0.408655 0.417329 0.424952 0.43148 0.436872 0.441095 0.444125 0.445944 0.446541 0.445912 0.444061 0.441 0.436746 0.431324 0.424767 0.417115 0.408415 0.398721 0.388093 0.3766 0.364314 0.351316 0.33769 0.323526 0.308916 0.293955 0.278742 0.263375 0.247949 0.232562 0.217306 0.20227 0.187537 0.173184 0.159283 0.145895 0.133075 0.120869 0.109313 0.0984346 0.0882535 0.07878 0.0700165 0.0619585 0.0545949 0.0479087 0.0418786 0.0364795 0.0316836 0.0274616 0.0237834 0.0206194 0.0179413 0.0157226 0.0139398 0.0125728 0.0116054 0.0110265 
0.0118304 0.0120269 0.0126365 0.013668 0.0151342 0.0170528 0.0194456 0.0223377 0.0257575 0.0297351 0.0343022 0.0394901 0.0453299 0.0518502 0.0590768 0.0670314 0.0757304 0.0851838 0.0953948 0.106358 0.118061 0.13048 0.143584 0.15733 0.171668 0.186538 0.201871 0.217591 0.233612 0.249847 0.266199 0.282569 0.298857 0.314959 0.330772 0.346196 0.361129 0.375477 0.389147 0.402051 0.41411 0.425247 0.435395 0.444491 0.452482 0.45932 0.464966 0.469387 0.472558 0.474461 0.475086 0.474428 0.472492 0.469288 0.464835 0.459157 0.452288 0.444267 0.435142 0.424967 0.413805 0.401723 0.388799 0.375112 0.360752 0.345809 0.330381 0.314567 0.29847 0.282191 0.265834 0.2495 0.233288 0.217292 0.201602 0.186301 0.171465 0.157162 0.143452 0.130385 0.118001 0.106332 0.0954003 0.0852185 0.075791 0.0671146 0.0591787 0.0519668 0.0454572 0.0396241 0.0344388 0.0298707 0.0258884 0.0224607 0.0195578 0.0171517 0.0152177 0.0137343 0.0126845 0.0120564 
0.012883 0.0130961 0.0137561 0.0148723 0.0164582 0.0185326 0.0211182 0.0242419 0.0279333 0.0322241 0.0371472 0.0427356 0.0490212 0.0560337 0.0637992 0.0723396 0.0816708 0.091802 0.102735 0.114462 0.126967 0.140225 0.154199 0.168843 0.184102 0.199911 0.216194 0.232869 0.249847 0.267031 0.284321 0.301612 0.318797 0.335768 0.352418 0.36864 0.384331 0.399392 0.413728 0.42725 0.439874 0.451525 0.462132 0.471634 0.479977 0.487112 0.493001 0.497611 0.500916 0.5029 0.503551 0.502866 0.500848 0.497509 0.492865 0.486943 0.479775 0.471401 0.461868 0.451231 0.439553 0.426903 0.413359 0.399004 0.383927 0.368224 0.351995 0.335343 0.318374 0.301197 0.283918 0.266645 0.249483 0.232531 0.215885 0.199635 0.183862 0.16864 0.154034 0.140099 0.126879 0.11441 0.102718 0.0918171 0.0817148 0.0724089 0.0638899 0.0561416 0.0491421 0.0428651 0.037281 0.0323582 0.0280639 0.0243654 0.0212315 0.0186329 0.0165432 0.0149401 0.0138053 0.0131265 
0.0139701 0.0142004 0.0149121 0.0161149 0.0178234 0.0200571 0.02284 0.0262002 0.0301688 0.034779 0.040065 0.046061 0.0528 0.0603123 0.0686245 0.0777584 0.0877291 0.098545 0.110206 0.122702 0.136014 0.150114 0.16496 0.180503 0.196681 0.213424 0.230651 0.248275 0.266199 0.284321 0.302535 0.32073 0.338795 0.356616 0.374081 0.391079 0.407505 0.423256 0.438235 0.45235 0.465517 0.477658 0.488705 0.498594 0.507271 0.514688 0.520807 0.525595 0.529028 0.531087 0.531763 0.531053 0.528958 0.525491 0.520668 0.514515 0.507064 0.498353 0.488432 0.477354 0.465183 0.451988 0.437848 0.422847 0.407078 0.390638 0.373629 0.356159 0.338338 0.320279 0.302095 0.283896 0.265795 0.247897 0.230303 0.213109 0.196403 0.180264 0.164761 0.149956 0.135897 0.122623 0.110165 0.0985391 0.0877551 0.0778125 0.0687028 0.0604103 0.0529133 0.046185 0.0401951 0.0349109 0.0302984 0.0263236 0.0229538 0.0201583 0.0179095 0.0161839 0.0149623 0.0142317 
0.0150857 0.0153334 0.0160977 0.0173889 0.019222 0.0216175 0.0246009 0.0282013 0.0324511 0.037385 0.0430385 0.0494469 0.056644 0.0646608 0.0735242 0.0832555 0.0938694 0.105373 0.117763 0.131029 0.145148 0.160087 0.175802 0.192238 0.209328 0.226996 0.245156 0.263715 0.282569 0.301612 0.32073 0.339809 0.35873 0.377376 0.39563 0.413379 0.430512 0.446925 0.462519 0.4772 0.490883 0.503491 0.514953 0.525207 0.534198 0.541881 0.548215 0.553171 0.556722 0.558853 0.559553 0.558818 0.556652 0.553066 0.548075 0.541706 0.533988 0.524962 0.514674 0.503179 0.490539 0.476825 0.462117 0.446498 0.430064 0.412913 0.395152 0.37689 0.358242 0.339324 0.320254 0.30115 0.282127 0.263298 0.244769 0.226643 0.209012 0.191962 0.175568 0.159896 0.145 0.130923 0.117697 0.105345 0.0938762 0.0832934 0.0735889 0.0647479 0.0567487 0.0495644 0.043164 0.0375139 0.032579 0.028324 0.0247147 0.0217193 0.0193089 0.0174587 0.0161488 0.0153655 
0.0162228 0.0164882 0.0173058 0.0186861 0.0206452 0.0232043 0.02639 0.0302326 0.034766 0.0400259 0.0460492 0.052872 0.0605292 0.0690521 0.0784675 0.0887966 0.100053 0.112242 0.12536 0.139391 0.154311 0.170083 0.186658 0.203975 0.221964 0.240542 0.259619 0.279093 0.298857 0.318797 0.338795 0.35873 0.378479 0.397921 0.416934 0.435402 0.453211 0.470255 0.486433 0.50165 0.515821 0.528867 0.540719 0.551314 0.560599 0.568529 0.575064 0.580174 0.583836 0.586033 0.586755 0.585998 0.583767 0.58007 0.574924 0.568353 0.560388 0.551067 0.540436 0.52855 0.515469 0.501266 0.486019 0.469814 0.452746 0.434916 0.416432 0.397408 0.377962 0.358213 0.338285 0.318299 0.298378 0.278638 0.259193 0.240151 0.221611 0.203663 0.186389 0.169859 0.154132 0.139257 0.125268 0.112191 0.10004 0.0888173 0.0785178 0.0691272 0.0606244 0.0529822 0.0461693 0.0401511 0.0348915 0.030354 0.0265034 0.0233062 0.0207326 0.0187566 0.0173576 0.016521 
0.0173738 0.017657 0.0185281 0.0199981 0.0220835 0.0248068 0.0281953 0.0322807 0.037098 0.0426841 0.0490769 0.0563137 0.0644298 0.0734569 0.0834218 0.0943451 0.106239 0.119108 0.132946 0.147734 0.163444 0.180036 0.197456 0.215639 0.234508 0.253977 0.273947 0.294312 0.314959 0.335768 0.356616 0.377376 0.397921 0.418124 0.437862 0.457015 0.475466 0.493106 0.509834 0.525555 0.540182 0.553637 0.565851 0.576763 0.58632 0.594477 0.601196 0.606449 0.610213 0.61247 0.613212 0.612436 0.610144 0.606346 0.601058 0.594302 0.586109 0.576516 0.565568 0.553317 0.539826 0.525165 0.509411 0.492653 0.474985 0.456511 0.43734 0.417588 0.397376 0.376829 0.356074 0.335237 0.314445 0.293821 0.273484 0.253548 0.234118 0.215291 0.197152 0.179779 0.163234 0.147571 0.132828 0.119034 0.106205 0.0943478 0.0834568 0.0735193 0.0645147 0.0564158 0.0491909 0.0428048 0.0372204 0.0324003 0.0283078 0.0249084 0.0221711 0.020069 0.0185804 0.0176905 
0.0185305 0.0188315 0.0197559 0.0213153 0.0235268 0.0264136 0.030004 0.034331 0.0394305 0.0453407 0.0521005 0.0597478 0.0683185 0.0778446 0.0883528 0.0998627 0.112386 0.125924 0.140469 0.156001 0.172486 0.18988 0.208126 0.227152 0.246879 0.267211 0.288047 0.309274 0.330772 0.352418 0.374081 0.39563 0.416934 0.437862 0.458288 0.478087 0.497142 0.515342 0.532585 0.548774 0.563825 0.577658 0.590206 0.601408 0.611214 0.619578 0.626466 0.631848 0.635704 0.638016 0.638777 0.637983 0.635637 0.631748 0.626331 0.619407 0.611007 0.601164 0.589924 0.577339 0.563468 0.548381 0.532156 0.51488 0.49665 0.477568 0.457748 0.437306 0.416366 0.395057 0.373509 0.351855 0.330225 0.308748 0.287549 0.266747 0.246453 0.226769 0.207788 0.18959 0.172245 0.155809 0.140325 0.125826 0.112331 0.0998469 0.0883719 0.0778938 0.0683925 0.0598412 0.0522078 0.0454565 0.0395495 0.0344483 0.0301151 0.0265145 0.0236142 0.0213864 0.0198087 0.0188655 
0.019684 0.0200027 0.0209799 0.0226278 0.024964 0.0280124 0.0318026 0.0363682 0.0417464 0.0479763 0.0550976 0.0631491 0.0721671 0.0821836 0.0932249 0.10531 0.118449 0.132642 0.147878 0.164134 0.181373 0.199547 0.218594 0.238438 0.258992 0.280158 0.301827 0.323881 0.346196 0.36864 0.391079 0.413379 0.435402 0.457015 0.478087 0.498492 0.518112 0.536833 0.554553 0.571176 0.586615 0.600795 0.613648 0.625115 0.635145 0.643697 0.650737 0.656236 0.660173 0.662536 0.663313 0.662504 0.660109 0.656138 0.650606 0.643531 0.634943 0.624876 0.613371 0.600479 0.58626 0.570782 0.554121 0.536366 0.517612 0.497963 0.477532 0.45644 0.434813 0.412782 0.390482 0.368048 0.345617 0.323323 0.301296 0.27966 0.258532 0.23802 0.218223 0.199225 0.181102 0.163913 0.147708 0.13252 0.118372 0.105275 0.0932278 0.082219 0.0722297 0.0632333 0.0551977 0.0480865 0.0418613 0.0364827 0.0319119 0.0281124 0.0250509 0.0226989 0.0210329 0.0200371 
0.0208252 0.0211612 0.0221904 0.0239251 0.0263837 0.0295909 0.0335768 0.0383764 0.0440275 0.0505704 0.0580454 0.0664919 0.0759465 0.0864413 0.098002 0.110647 0.124384 0.139213 0.155119 0.172075 0.190044 0.20897 0.228788 0.249418 0.270767 0.292731 0.315197 0.338039 0.361129 0.384331 0.407505 0.430512 0.453211 0.475466 0.497142 0.518112 0.538254 0.557457 0.575616 0.592635 0.60843 0.622925 0.636053 0.647758 0.65799 0.66671 0.673884 0.679486 0.683497 0.685904 0.686696 0.685873 0.683436 0.679394 0.673758 0.66655 0.657795 0.647525 0.635782 0.622614 0.608079 0.592244 0.575185 0.556988 0.537749 0.517574 0.496576 0.474877 0.452605 0.429895 0.406884 0.383713 0.360522 0.33745 0.314633 0.2922 0.270274 0.248967 0.228385 0.208617 0.189742 0.171827 0.154922 0.139067 0.124286 0.110593 0.0979884 0.0864627 0.0759974 0.0665666 0.0581378 0.0506747 0.0441381 0.0384878 0.0336841 0.0296895 0.02647 0.0239959 0.0222435 0.021196 
0.0219443 0.0222973 0.023377 0.0251964 0.0277742 0.0311358 0.0353123 0.0403392 0.0462556 0.0531023 0.0609204 0.0697498 0.0796273 0.0905847 0.102647 0.115833 0.130147 0.145588 0.162138 0.179768 0.198435 0.218082 0.238637 0.260017 0.282123 0.304846 0.328066 0.351655 0.375477 0.399392 0.423256 0.446925 0.470255 0.493106 0.515342 0.536833 0.557457 0.5771 0.595659 0.613039 0.629154 0.643932 0.657307 0.669224 0.679635 0.688503 0.695796 0.701489 0.705565 0.708009 0.708816 0.707981 0.705507 0.701402 0.695677 0.688351 0.679448 0.669 0.657045 0.64363 0.62881 0.612653 0.595231 0.576632 0.55695 0.536291 0.514768 0.492506 0.469634 0.44629 0.422614 0.39875 0.374844 0.351038 0.327473 0.304283 0.281598 0.259535 0.238203 0.217698 0.198105 0.179492 0.161916 0.145418 0.130028 0.11576 0.102617 0.0905921 0.0796664 0.0698147 0.061005 0.0532005 0.0463615 0.0404472 0.0354172 0.0312329 0.0278596 0.0252669 0.0234301 0.0223324 
0.0230317 0.023401 0.0245296 0.0264307 0.0291235 0.0326341 0.0369942 0.0422403 0.0484121 0.0555511 0.0636992 0.0728965 0.0831799 0.0945812 0.107125 0.120827 0.135693 0.151718 0.168882 0.187154 0.206486 0.226817 0.248071 0.27016 0.292981 0.316419 0.340349 0.364639 0.389147 0.413728 0.438235 0.462519 0.486433 0.509834 0.532585 0.554553 0.575616 0.595659 0.614579 0.632283 0.648686 0.663715 0.677309 0.689412 0.699981 0.708978 0.716374 0.722146 0.726277 0.728756 0.729574 0.728729 0.726224 0.722065 0.716263 0.708835 0.699804 0.689199 0.677057 0.663423 0.648351 0.631904 0.614157 0.595194 0.575109 0.554008 0.532005 0.509225 0.4858 0.461868 0.437574 0.413065 0.38849 0.363996 0.339729 0.315828 0.292427 0.269649 0.247608 0.226404 0.206128 0.186852 0.168636 0.151526 0.135554 0.120736 0.107079 0.0945745 0.0832072 0.0729516 0.0637758 0.0556431 0.0485132 0.0423447 0.0370965 0.0327295 0.0292079 0.0265006 0.0245826 0.0234363 
0.0240775 0.0244625 0.0256378 0.0276169 0.0304196 0.0340725 0.038608 0.0440631 0.0504785 0.0578962 0.0663585 0.0759059 0.0865753 0.0983981 0.111398 0.125591 0.14098 0.157557 0.175302 0.194178 0.214137 0.235111 0.257023 0.279777 0.303267 0.327373 0.351966 0.376907 0.402051 0.42725 0.45235 0.4772 0.50165 0.525555 0.548774 0.571176 0.592635 0.613039 0.632283 0.650275 0.666932 0.682184 0.695968 0.708235 0.718939 0.728048 0.735533 0.741373 0.745551 0.748058 0.748887 0.748034 0.745503 0.741298 0.73543 0.727915 0.718773 0.708033 0.695728 0.681902 0.666607 0.649905 0.631868 0.612579 0.592132 0.570631 0.548192 0.52494 0.501008 0.476537 0.451674 0.426569 0.401374 0.376242 0.351321 0.326756 0.302686 0.279238 0.256532 0.234672 0.213752 0.193851 0.175032 0.157344 0.14082 0.125482 0.111336 0.0983778 0.0865909 0.0759513 0.0664272 0.0579818 0.0505746 0.0441638 0.0387076 0.0341661 0.0305028 0.0276863 0.0256905 0.024498 
0.0250719 0.0254717 0.0266912 0.0287442 0.0316507 0.035438 0.040139 0.0457916 0.0524367 0.0601171 0.0688754 0.0787524 0.089785 0.102004 0.115433 0.130085 0.145964 0.163059 0.181347 0.200788 0.221331 0.242905 0.265427 0.288799 0.31291 0.337634 0.362839 0.38838 0.41411 0.439874 0.465517 0.490883 0.515821 0.540182 0.563825 0.586615 0.60843 0.629154 0.648686 0.666932 0.683813 0.699258 0.713209 0.725615 0.736436 0.74564 0.7532 0.759097 0.763315 0.765846 0.766684 0.765825 0.763271 0.759029 0.753106 0.745517 0.736282 0.725425 0.712981 0.698989 0.6835 0.666573 0.64828 0.628702 0.607931 0.586073 0.563242 0.539563 0.515172 0.490211 0.464828 0.439178 0.413415 0.387695 0.362171 0.336994 0.312304 0.288235 0.264911 0.242441 0.220922 0.200438 0.181055 0.162825 0.145786 0.12996 0.115356 0.101971 0.0897893 0.0787883 0.0689363 0.0601964 0.0525279 0.0458885 0.0402359 0.0355296 0.0317327 0.0288128 0.0267437 0.0255073 
