0.00178932 0.00180891 0.00187351 0.00198386 0.00214092 0.00234603 0.00260086 0.00290737 0.00326777 0.00368447 0.00416002 0.00469705 0.00529817 0.00596595 0.00670278 0.00751085 0.00839199 0.00934766 0.0103788 0.0114859 0.0126686 0.013926 0.0152564 0.0166572 0.018125 0.0196556 0.0212436 0.0228831 0.0245668 0.026287 0.0280349 0.029801 0.0315751 0.0333464 0.0351036 0.0368349 0.0385285 0.0401722 0.0417538 0.0432615 0.0446836 0.0460088 0.0472264 0.0483266 0.0493001 0.0501388 0.0508357 0.0513847 0.0517812 0.0520217 0.0521042 0.052028 0.0517937 0.0514035 0.0508607 0.05017 0.0493374 0.0483699 0.0472757 0.0460639 0.0447444 0.0433279 0.0418256 0.0402491 0.0386104 0.0369215 0.0351945 0.0334413 0.0316737 0.0299028 0.0281395 0.0263939 0.0246756 0.0229932 0.0213546 0.0197668 0.0182361 0.0167675 0.0153654 0.0140332 0.0127736 0.0115881 0.0104779 0.00944317 0.00848353 0.00759806 0.00678536 0.0060436 0.00537065 0.00476415 0.00422158 0.00374033 0.00331781 0.0029515 0.00263902 0.00237817 0.00216701 0.00200388 0.00188747 0.00181694 
0.00180891 0.00182874 0.00189406 0.00200563 0.00216443 0.00237179 0.00262942 0.00293928 0.0033036 0.00372483 0.00420553 0.00474834 0.00535593 0.00603085 0.00677554 0.00759217 0.00848262 0.00944833 0.0104903 0.0116088 0.0128038 0.0140741 0.0154182 0.0168332 0.018316 0.0198619 0.0214659 0.0231217 0.0248221 0.0265592 0.0283243 0.0301076 0.0318988 0.0336872 0.0354612 0.0372091 0.0389187 0.0405779 0.0421744 0.0436962 0.0451316 0.0464691 0.047698 0.0488083 0.0497907 0.0506372 0.0513404 0.0518944 0.0522945 0.0525371 0.0526203 0.0525433 0.0523069 0.051913 0.0513652 0.0506681 0.0498278 0.0488513 0.047747 0.0465239 0.0451921 0.0437623 0.0422459 0.0406545 0.0390003 0.0372953 0.0355518 0.0337818 0.0319971 0.0302091 0.0284286 0.0266659 0.0249307 0.0232316 0.0215768 0.0199731 0.018427 0.0169436 0.0155273 0.0141815 0.012909 0.0117113 0.0105896 0.00954407 0.0085744 0.00767964 0.00685837 0.00610876 0.00542867 0.00481571 0.00426733 0.00378092 0.00335386 0.00298361 0.00266775 0.00240409 0.00219064 0.00202576 0.00190809 0.00183681 
0.00187351 0.00189406 0.00196165 0.00207702 0.0022412 0.00245556 0.00272183 0.00304205 0.00341849 0.00385366 0.00435018 0.00491076 0.00553811 0.00623487 0.00700349 0.0078462 0.00876489 0.00976102 0.0108356 0.0119889 0.0132207 0.0145299 0.0159148 0.0173726 0.0188998 0.0204918 0.0221431 0.0238475 0.0255974 0.0273848 0.0292006 0.0310348 0.0328769 0.0347156 0.0365393 0.0383359 0.0400928 0.0417977 0.043438 0.0450013 0.0464755 0.0478492 0.0491111 0.0502512 0.0512599 0.0521288 0.0528507 0.0534193 0.0538299 0.0540788 0.0541641 0.0540849 0.053842 0.0534375 0.052875 0.0521591 0.0512962 0.0502934 0.0491592 0.047903 0.046535 0.0450662 0.0435083 0.0418732 0.0401732 0.0384209 0.0366288 0.0348092 0.0329742 0.0311354 0.0293041 0.0274908 0.0257054 0.023957 0.0222536 0.0206027 0.0190107 0.017483 0.0160241 0.0146376 0.0133262 0.0120918 0.0109354 0.00985732 0.00885729 0.00793433 0.00708701 0.00631349 0.00561158 0.00497884 0.00441267 0.00391041 0.00346937 0.00308695 0.00276068 0.00248829 0.00226778 0.00209744 0.00197589 0.00190227 
0.00198386 0.00200563 0.00207702 0.00219882 0.00237207 0.00259822 0.00287906 0.00321672 0.00361357 0.00407219 0.00459533 0.00518578 0.00584636 0.00657977 0.00738856 0.00827501 0.00924105 0.0102882 0.0114173 0.0126288 0.0139222 0.0152965 0.0167497 0.0182789 0.0198802 0.021549 0.0232794 0.0250647 0.0268972 0.0287683 0.0306686 0.0325875 0.0345141 0.0364367 0.0383431 0.0402205 0.0420561 0.0438369 0.0455499 0.047182 0.048721 0.0501546 0.0514714 0.0526608 0.053713 0.0546193 0.0553721 0.055965 0.056393 0.0566524 0.0567411 0.0566583 0.0564047 0.0559825 0.0553955 0.0546485 0.053748 0.0527015 0.0515178 0.0502066 0.0487785 0.0472451 0.0456182 0.0439104 0.0421346 0.0403036 0.0384307 0.0365285 0.0346097 0.0326866 0.0307707 0.0288731 0.0270042 0.0251733 0.0233892 0.0216595 0.0199909 0.0183891 0.0168591 0.0154044 0.0140282 0.0127323 0.0115178 0.0103853 0.00933442 0.00836419 0.0074732 0.00665954 0.00592098 0.00525501 0.00465894 0.00413002 0.00366546 0.00326255 0.00291875 0.00263168 0.00239926 0.00221971 0.00209161 0.00201405 
0.00214092 0.00216443 0.0022412 0.00237207 0.00255815 0.00280096 0.0031024 0.00346469 0.00389035 0.00438209 0.00494278 0.00557537 0.0062828 0.00706789 0.00793328 0.00888135 0.00991407 0.0110329 0.0122389 0.0135322 0.0149123 0.016378 0.0179272 0.0195565 0.021262 0.0230385 0.0248798 0.0267787 0.028727 0.0307155 0.0327341 0.0347717 0.0368167 0.0388567 0.0408787 0.0428694 0.0448151 0.046702 0.0485166 0.0502451 0.0518744 0.0533918 0.0547853 0.0560437 0.0571567 0.0581152 0.0589111 0.0595379 0.0599902 0.0602642 0.0603577 0.0602698 0.0600012 0.0595544 0.0589332 0.0581427 0.0571898 0.0560823 0.0548294 0.0534413 0.0519293 0.0503053 0.048582 0.0467726 0.0448906 0.0429497 0.0409636 0.0389458 0.0369098 0.0348685 0.0328341 0.0308184 0.0288324 0.026886 0.0249886 0.0231483 0.0213722 0.0196666 0.0180366 0.0164863 0.0150188 0.0136364 0.0123404 0.0111313 0.0100087 0.00897194 0.00801941 0.0071492 0.00635899 0.00564616 0.00500792 0.00444138 0.00394362 0.00351179 0.00314322 0.00283541 0.00258618 0.00239363 0.00225627 0.00217315 
0.00234603 0.00237179 0.00245556 0.00259822 0.00280096 0.0030654 0.00339357 0.00378785 0.00425089 0.00478558 0.00539499 0.00608221 0.00685035 0.0077024 0.00864111 0.00966895 0.010788 0.0119997 0.0133049 0.014704 0.0161962 0.01778 0.019453 0.0212118 0.0230517 0.0249672 0.0269515 0.0289968 0.0310943 0.0332339 0.0354049 0.0375954 0.0397928 0.0419838 0.0441546 0.0462909 0.0483781 0.0504015 0.0523466 0.0541988 0.0559442 0.0575693 0.0590613 0.0604083 0.0615993 0.0626248 0.0634762 0.0641464 0.0646299 0.0649227 0.0650222 0.0649277 0.06464 0.0641616 0.0634965 0.0626502 0.0616299 0.060444 0.0591023 0.0576155 0.0559956 0.0542554 0.0524083 0.0504683 0.0484498 0.0463674 0.0442358 0.0420694 0.0398826 0.0376891 0.0355021 0.0333343 0.0311974 0.0291022 0.0270587 0.0250758 0.0231611 0.0213214 0.0195624 0.0178885 0.0163033 0.0148091 0.0134076 0.0120993 0.0108842 0.00976124 0.00872905 0.0077856 0.00692847 0.00615493 0.00546203 0.0048467 0.00430588 0.00383654 0.00343583 0.00310111 0.00283004 0.00262061 0.00247123 0.00238089 
0.00260086 0.00262942 0.00272183 0.00287906 0.0031024 0.00339357 0.00375477 0.00418854 0.00469774 0.00528547 0.00595498 0.0067096 0.00755263 0.00848721 0.00951628 0.0106424 0.0118677 0.0131936 0.0146211 0.0161503 0.0177802 0.0195092 0.0213344 0.023252 0.025257 0.027343 0.0295027 0.0317276 0.0340079 0.0363328 0.0386905 0.0410681 0.043452 0.0458278 0.0481806 0.0504949 0.0527551 0.0549454 0.0570499 0.0590534 0.0609406 0.0626971 0.0643092 0.0657643 0.0670506 0.0681578 0.0690768 0.0698001 0.0703217 0.0706373 0.0707443 0.0706418 0.0703307 0.0698136 0.069095 0.0681806 0.0670781 0.0657966 0.0643464 0.0627391 0.0609875 0.0591053 0.0571069 0.0550073 0.052822 0.0505667 0.0482571 0.0459089 0.0435375 0.0411577 0.038784 0.0364299 0.0341081 0.0318305 0.0296079 0.0274499 0.0253652 0.0233609 0.0214435 0.0196178 0.0178878 0.0162563 0.014725 0.0132948 0.0119656 0.0107366 0.00960629 0.0085726 0.00763299 0.00678458 0.00602424 0.00534874 0.00475477 0.00423912 0.00379873 0.00343077 0.00313272 0.00290245 0.00273823 0.00263897 
0.00290737 0.00293928 0.00304205 0.00321672 0.00346469 0.00378785 0.00418854 0.00466953 0.0052339 0.005885 0.00662631 0.00746141 0.00839381 0.00942688 0.0105637 0.011807 0.0131589 0.014621 0.016194 0.0178779 0.0196718 0.0215734 0.0235795 0.0256859 0.0278868 0.0301752 0.0325431 0.0349809 0.037478 0.0400224 0.0426012 0.0452004 0.0478051 0.0503996 0.0529677 0.0554925 0.0579572 0.0603445 0.0626375 0.0648195 0.0668741 0.0687858 0.0705398 0.0721224 0.0735211 0.0747246 0.0757234 0.0765092 0.0770757 0.0774182 0.077534 0.077422 0.0770834 0.0765208 0.0757389 0.0747442 0.0735448 0.0721504 0.0705722 0.0688227 0.0669157 0.0648658 0.0626887 0.0604005 0.0580181 0.0555583 0.0530384 0.0504751 0.0478853 0.0452851 0.0426901 0.0401152 0.0375744 0.0350805 0.0326455 0.0302799 0.0279932 0.0257936 0.0236879 0.0216818 0.0197796 0.0179847 0.016299 0.0147236 0.0132586 0.0119032 0.010656 0.00951466 0.00847665 0.00753889 0.00669806 0.00595068 0.00529323 0.00472224 0.00423443 0.00382673 0.00349645 0.00324125 0.00305927 0.00294936 
0.00326777 0.0033036 0.00341849 0.00361357 0.00389035 0.00425089 0.00469774 0.0052339 0.00586272 0.00658779 0.00741291 0.0083419 0.00937855 0.0105264 0.0117888 0.0131686 0.0146679 0.0162884 0.0180307 0.0198946 0.0218789 0.023981 0.0261972 0.0285225 0.0309507 0.0334738 0.0360829 0.0387673 0.0415153 0.0443138 0.0471483 0.0500037 0.0528635 0.0557106 0.0585271 0.061295 0.0639955 0.0666102 0.0691205 0.0715082 0.0737557 0.0758461 0.0777635 0.0794929 0.0810209 0.0823354 0.0834259 0.0842837 0.0849018 0.0852753 0.0854012 0.0852784 0.084908 0.084293 0.0834384 0.0823513 0.0810403 0.0795159 0.0777903 0.075877 0.0737909 0.0715478 0.0691647 0.0666591 0.0640493 0.0613537 0.0585909 0.0557793 0.0529371 0.0500821 0.0472314 0.0444013 0.041607 0.0388627 0.0361817 0.0335755 0.0310547 0.0286285 0.0263044 0.0240888 0.0219867 0.0200019 0.0181367 0.0163924 0.0147694 0.0132669 0.0118834 0.0106167 0.00946404 0.0084221 0.00748737 0.00665612 0.00592456 0.00528896 0.00474576 0.00429165 0.00392369 0.00363936 0.00343665 0.00331428 
0.00368447 0.00372483 0.00385366 0.00407219 0.00438209 0.00478558 0.00528547 0.005885 0.00658779 0.00739778 0.00831904 0.00935571 0.0105118 0.0117913 0.0131975 0.0147334 0.0164014 0.018203 0.0201388 0.0222083 0.02441 0.0267408 0.0291966 0.0317716 0.0344587 0.0372491 0.0401326 0.0430975 0.0461308 0.0492179 0.0523429 0.0554891 0.0586383 0.0617719 0.0648702 0.0679134 0.0708812 0.0737532 0.0765093 0.0791299 0.0815955 0.083888 0.08599 0.0878854 0.0895596 0.0909994 0.0921935 0.0931326 0.093809 0.0942175 0.0943547 0.0942196 0.0938133 0.0931391 0.0922024 0.0910108 0.0895738 0.0879026 0.0860104 0.0839119 0.0816232 0.0791616 0.0765454 0.0737938 0.0709265 0.0679637 0.0649256 0.0618325 0.0587041 0.0555601 0.052419 0.0492989 0.0462165 0.0431877 0.0402267 0.0373468 0.0345595 0.031875 0.029302 0.0268476 0.0245174 0.0223157 0.0202455 0.0183083 0.0165046 0.0148338 0.0132944 0.0118841 0.0106001 0.00943872 0.00839634 0.0074689 0.00665232 0.00594257 0.00533578 0.00482837 0.00441714 0.00409936 0.00387282 0.00373615 
0.00416002 0.00420553 0.00435018 0.00459533 0.00494278 0.00539499 0.00595498 0.00662631 0.00741291 0.00831904 0.00934911 0.0105076 0.0117988 0.0132269 0.0147956 0.0165079 0.0183662 0.0203721 0.022526 0.0248272 0.0272736 0.0298619 0.032587 0.0354426 0.0384205 0.0415109 0.0447024 0.047982 0.051335 0.0547454 0.0581956 0.0616672 0.0651401 0.0685939 0.072007 0.0753577 0.0786237 0.0817829 0.0848133 0.0876933 0.0904021 0.0929198 0.0952274 0.0973076 0.0991444 0.100724 0.102033 0.103063 0.103804 0.104251 0.104401 0.104252 0.103806 0.103066 0.102038 0.10073 0.0991527 0.0973181 0.0952404 0.0929356 0.0904212 0.087716 0.0848399 0.0818138 0.0786593 0.0753982 0.0720527 0.068645 0.0651967 0.0617293 0.0582634 0.0548186 0.0514136 0.0480656 0.0447909 0.0416037 0.0385172 0.0355427 0.0326898 0.0299668 0.0273799 0.0249342 0.0226329 0.0204782 0.0184708 0.0166101 0.0148947 0.0133223 0.0118898 0.0105935 0.00942932 0.00839304 0.00748023 0.00668651 0.0060077 0.00543991 0.00497965 0.00462396 0.00437042 0.00421755 
0.00469705 0.00474834 0.00491076 0.00518578 0.00557537 0.00608221 0.0067096 0.00746141 0.0083419 0.00935571 0.0105076 0.0118024 0.0132447 0.014839 0.0165891 0.0184984 0.0205691 0.0228028 0.0251998 0.027759 0.0304779 0.0333526 0.0363773 0.0395447 0.0428456 0.0462689 0.049802 0.0534302 0.0571374 0.0609057 0.0647158 0.0685472 0.0723779 0.0761853 0.079946 0.0836359 0.0872309 0.0907066 0.0940392 0.097205 0.100182 0.102947 0.105481 0.107764 0.10978 0.111512 0.112949 0.114077 0.11489 0.11538 0.115544 0.11538 0.11489 0.114077 0.112949 0.111513 0.109782 0.107767 0.105485 0.102954 0.100191 0.0972174 0.0940551 0.0907265 0.0872552 0.0836652 0.0799805 0.0762254 0.0724238 0.068599 0.0647738 0.0609697 0.0572074 0.0535061 0.0498834 0.0463555 0.0429369 0.0396403 0.0364766 0.0334548 0.0305824 0.0278649 0.0253064 0.0229094 0.0206747 0.0186021 0.0166903 0.0149367 0.0133383 0.011891 0.0105907 0.00943261 0.00841205 0.0075243 0.0067648 0.00612934 0.00561413 0.00521593 0.00493214 0.00476111 
0.00529817 0.00535593 0.00553811 0.00584636 0.0062828 0.00685035 0.00755263 0.00839381 0.00937855 0.0105118 0.0117988 0.0132447 0.0148545 0.0166328 0.0185838 0.0207109 0.0230164 0.0255019 0.0281672 0.031011 0.0340305 0.0372207 0.0405753 0.0440859 0.0477419 0.0515312 0.0554394 0.0594504 0.0635461 0.0677067 0.071911 0.0761362 0.0803584 0.0845526 0.0886931 0.0927535 0.0967076 0.100529 0.104191 0.107668 0.110936 0.113972 0.116752 0.119256 0.121467 0.123366 0.12494 0.126177 0.127067 0.127603 0.127782 0.127602 0.127064 0.126173 0.124935 0.12336 0.121461 0.119251 0.116747 0.113968 0.110935 0.107669 0.104195 0.100536 0.0967192 0.0927699 0.0887147 0.08458 0.0803919 0.0761761 0.0719575 0.0677599 0.063606 0.0595169 0.0555124 0.0516103 0.0478268 0.0441759 0.04067 0.0373193 0.0341322 0.0311152 0.0282729 0.0256082 0.0231225 0.0208158 0.0186866 0.0167326 0.0149505 0.013336 0.0118847 0.0105916 0.00945151 0.00845939 0.00761032 0.00689972 0.00632348 0.00587807 0.00556066 0.00536947 
0.00596595 0.00603085 0.00623487 0.00657977 0.00706789 0.0077024 0.00848721 0.00942688 0.0105264 0.0117913 0.0132269 0.014839 0.0166328 0.0186133 0.0207849 0.0231509 0.025714 0.0284752 0.0314344 0.0345898 0.0379379 0.041473 0.0451879 0.0490729 0.0531163 0.0573043 0.0616211 0.0660485 0.0705667 0.0751537 0.0797861 0.0844388 0.0890856 0.0936989 0.0982508 0.102712 0.107055 0.11125 0.115268 0.119082 0.122665 0.125991 0.129037 0.13178 0.1342 0.136279 0.138002 0.139355 0.140328 0.140915 0.14111 0.140912 0.140323 0.139347 0.137991 0.136267 0.134186 0.131765 0.129022 0.125976 0.122651 0.11907 0.115258 0.111243 0.107052 0.102714 0.098258 0.093712 0.089105 0.0844651 0.0798195 0.0751944 0.0706149 0.0661042 0.0616841 0.0573745 0.0531931 0.049156 0.0452767 0.0415668 0.0380359 0.0346912 0.0315383 0.0285806 0.0258199 0.0232564 0.0208888 0.0187149 0.0167309 0.0149327 0.0133154 0.0118737 0.0106021 0.00949509 0.00854737 0.00775399 0.00711049 0.00661306 0.0062586 0.00604519 
0.00670278 0.00677554 0.00700349 0.00738856 0.00793328 0.00864111 0.00951628 0.0105637 0.0117888 0.0131975 0.0147956 0.0165891 0.0185838 0.0207849 0.0231968 0.0258232 0.0286666 0.0317279 0.0350066 0.0385005 0.0422053 0.0461146 0.0502199 0.0545105 0.0589732 0.0635926 0.0683509 0.0732281 0.0782022 0.0832491 0.0883428 0.0934559 0.0985595 0.103624 0.108618 0.11351 0.11827 0.122865 0.127265 0.13144 0.13536 0.138998 0.142328 0.145327 0.147971 0.150242 0.152123 0.153601 0.154663 0.155303 0.155515 0.155299 0.154654 0.153588 0.152107 0.150222 0.147948 0.145301 0.142302 0.138971 0.135332 0.131413 0.12724 0.122843 0.118251 0.113496 0.108609 0.103621 0.0985631 0.0934667 0.0883613 0.0832755 0.0782369 0.0732712 0.0684023 0.0636521 0.0590406 0.0545853 0.0503015 0.0462023 0.0422983 0.0385981 0.0351077 0.0318315 0.0287716 0.0259286 0.0233014 0.0208876 0.0186836 0.0166849 0.0148864 0.0132824 0.0118671 0.0106344 0.00957882 0.00869487 0.00797779 0.00742341 0.00702842 0.0067907 
0.00751085 0.00759217 0.0078462 0.00827501 0.00888135 0.00966895 0.0106424 0.011807 0.0131686 0.0147334 0.0165079 0.0184984 0.0207109 0.0231509 0.0258232 0.0287315 0.031878 0.0352636 0.0388874 0.0427466 0.046836 0.0511485 0.0556744 0.0604014 0.0653148 0.0703975 0.0756298 0.0809895 0.0864523 0.0919916 0.097579 0.103184 0.108776 0.114322 0.119787 0.125139 0.130343 0.135365 0.140171 0.14473 0.149009 0.152978 0.15661 0.15988 0.162762 0.165237 0.167287 0.168896 0.170053 0.170749 0.17098 0.170743 0.170041 0.168878 0.167263 0.165209 0.162729 0.159843 0.156571 0.152937 0.148967 0.144688 0.14013 0.135326 0.130307 0.125107 0.119761 0.114301 0.108762 0.103178 0.0975806 0.0920019 0.0864717 0.0810182 0.0756678 0.0704447 0.065371 0.0604662 0.0557472 0.0512288 0.0469229 0.0428391 0.0389846 0.0353643 0.0319812 0.0288359 0.0259277 0.0232542 0.0208118 0.0185958 0.0166007 0.0148206 0.0132491 0.01188 0.0107072 0.00972479 0.00892768 0.00831139 0.0078723 0.00760816 
0.00839199 0.00848262 0.00876489 0.00924105 0.00991407 0.010788 0.0118677 0.0131589 0.0146679 0.0164014 0.0183662 0.0205691 0.0230164 0.025714 0.0286666 0.031878 0.0353504 0.0390844 0.0430787 0.0473296 0.0518314 0.0565757 0.0615515 0.0667451 0.0721402 0.0777175 0.0834554 0.0893293 0.0953124 0.101376 0.107488 0.113616 0.119726 0.125782 0.131748 0.137587 0.143261 0.148734 0.15397 0.158934 0.163591 0.16791 0.171861 0.175416 0.178549 0.181239 0.183466 0.185214 0.186471 0.187227 0.187477 0.187219 0.186455 0.185191 0.183436 0.181202 0.178507 0.175368 0.171809 0.167855 0.163534 0.158875 0.153911 0.148677 0.143206 0.137536 0.131702 0.125742 0.119693 0.113591 0.107471 0.101368 0.0953146 0.0893416 0.0834781 0.0777506 0.0721835 0.0667983 0.0616141 0.056647 0.0519106 0.0474158 0.0431707 0.0391813 0.0354508 0.0319806 0.0287702 0.0258172 0.023118 0.0206677 0.0184606 0.0164904 0.0147505 0.013234 0.0119345 0.0108457 0.00996212 0.00927888 0.00879213 0.00849942 
0.00934766 0.00944833 0.00976102 0.0102882 0.0110329 0.0119997 0.0131936 0.014621 0.0162884 0.018203 0.0203721 0.0228028 0.0255019 0.0284752 0.0317279 0.0352636 0.0390844 0.0431906 0.0475802 0.0522491 0.0571903 0.0623943 0.0678488 0.0735385 0.079445 0.0855473 0.0918211 0.0982398 0.104774 0.111391 0.118058 0.124739 0.131396 0.13799 0.144483 0.150833 0.157002 0.16295 0.168637 0.174026 0.179081 0.183767 0.188051 0.191905 0.195302 0.198216 0.200629 0.202522 0.203882 0.204701 0.204971 0.204691 0.203863 0.202493 0.200591 0.19817 0.195248 0.191845 0.187985 0.183696 0.179006 0.173949 0.168559 0.162873 0.156927 0.150761 0.144415 0.137928 0.131341 0.124692 0.118021 0.111364 0.104757 0.098234 0.0918267 0.0855644 0.0794736 0.0735783 0.0678994 0.062455 0.0572603 0.0523274 0.0476659 0.0432823 0.0391809 0.0353634 0.0318297 0.0285775 0.0256033 0.0229019 0.0204675 0.0182934 0.0163726 0.0146979 0.0132623 0.0120592 0.0110826 0.0103274 0.00978934 0.00946593 
0.0103788 0.0104903 0.0108356 0.0114173 0.0122389 0.0133049 0.0146211 0.016194 0.0180307 0.0201388 0.022526 0.0251998 0.0281672 0.0314344 0.0350066 0.0388874 0.0430787 0.0475802 0.0523896 0.0575016 0.0629085 0.0685994 0.0745604 0.0807744 0.0872212 0.0938774 0.100716 0.107709 0.114823 0.122023 0.129273 0.136533 0.143763 0.150922 0.157966 0.164853 0.171539 0.177982 0.18414 0.189973 0.195442 0.20051 0.205143 0.209308 0.212978 0.216126 0.218732 0.220776 0.222245 0.223128 0.223419 0.223116 0.222221 0.220741 0.218686 0.21607 0.212912 0.209234 0.205061 0.200423 0.19535 0.189878 0.184043 0.177884 0.171442 0.164758 0.157876 0.150837 0.143686 0.136464 0.129213 0.121974 0.114785 0.107683 0.100703 0.0938767 0.0872333 0.0807991 0.0745973 0.0686479 0.0629678 0.0575707 0.0524674 0.0476655 0.04317 0.0389834 0.0351057 0.031535 0.0282677 0.0252987 0.0226218 0.0202301 0.0181162 0.0162724 0.0146913 0.013366 0.0122899 0.0114577 0.0108649 0.0105087 
0.0114859 0.0116088 0.0119889 0.0126288 0.0135322 0.014704 0.0161503 0.0178779 0.0198946 0.0222083 0.0248272 0.027759 0.031011 0.0345898 0.0385005 0.0427466 0.0473296 0.0522491 0.0575016 0.0630814 0.0689792 0.0751829 0.081677 0.0884423 0.0954567 0.102694 0.110126 0.11772 0.12544 0.13325 0.141109 0.148974 0.156803 0.164549 0.172168 0.179612 0.186836 0.193794 0.200441 0.206735 0.212633 0.218097 0.223089 0.227577 0.231529 0.23492 0.237724 0.239925 0.241505 0.242455 0.242768 0.242441 0.241477 0.239884 0.23767 0.234853 0.231452 0.227489 0.222992 0.217992 0.212522 0.206619 0.200322 0.193673 0.186716 0.179494 0.172053 0.16444 0.1567 0.14888 0.141025 0.133177 0.125379 0.117672 0.110092 0.102674 0.0954503 0.08845 0.0816983 0.0752174 0.0690261 0.0631396 0.0575702 0.0523265 0.0474146 0.0428375 0.0385957 0.0346877 0.0311098 0.0278569 0.0249228 0.0223 0.0199808 0.0179574 0.0162216 0.0147662 0.0135844 0.0126703 0.0120191 0.011628 
0.0126686 0.0128038 0.0132207 0.0139222 0.0149123 0.0161962 0.0177802 0.0196718 0.0218789 0.02441 0.0272736 0.0304779 0.0340305 0.0379379 0.0422053 0.046836 0.0518314 0.0571903 0.0629085 0.0689792 0.075392 0.0821331 0.0891852 0.0965274 0.104135 0.111979 0.120029 0.12825 0.136602 0.145046 0.153537 0.162031 0.17048 0.178836 0.187049 0.19507 0.20285 0.21034 0.217492 0.22426 0.230601 0.236472 0.241836 0.246655 0.250898 0.254537 0.257547 0.259907 0.261602 0.262621 0.262956 0.262605 0.261571 0.25986 0.257484 0.254461 0.250808 0.246553 0.241723 0.23635 0.230471 0.224124 0.217351 0.210196 0.202706 0.194927 0.186909 0.178701 0.170352 0.161911 0.153428 0.144948 0.136517 0.128178 0.119972 0.111937 0.104108 0.0965162 0.0891893 0.0821519 0.0754248 0.0690251 0.0629663 0.0572585 0.0519087 0.0469206 0.0422955 0.0380319 0.0341265 0.0305741 0.0273682 0.0245013 0.0219653 0.0197517 0.0178524 0.0162594 0.0149656 0.0139647 0.0132518 0.0128236 
0.013926 0.0140741 0.0145299 0.0152965 0.016378 0.01778 0.0195092 0.0215734 0.023981 0.0267408 0.0298619 0.0333526 0.0372207 0.041473 0.0461146 0.0511485 0.0565757 0.0623943 0.0685994 0.0751829 0.0821331 0.0894346 0.0970681 0.10501 0.113235 0.12171 0.130401 0.139271 0.148278 0.157378 0.166524 0.175667 0.184756 0.19374 0.202565 0.21118 0.219531 0.227567 0.235237 0.242493 0.249287 0.255576 0.261319 0.266477 0.271018 0.274911 0.27813 0.280654 0.282466 0.283555 0.283913 0.283537 0.28243 0.2806 0.278059 0.274824 0.270916 0.266361 0.261189 0.255436 0.249137 0.242335 0.235074 0.2274 0.219362 0.211011 0.202399 0.193577 0.1846 0.175519 0.166387 0.157253 0.148167 0.139174 0.13032 0.121645 0.113186 0.104979 0.0970532 0.089436 0.0821502 0.0752148 0.0686448 0.0624519 0.0566439 0.0512256 0.0461987 0.0415623 0.0373132 0.0334462 0.0299548 0.0268312 0.024067 0.0216534 0.0195818 0.0178438 0.016432 0.0153397 0.0145617 0.0140946 
0.0152564 0.0154182 0.0159148 0.0167497 0.0179272 0.019453 0.0213344 0.0235795 0.0261972 0.0291966 0.032587 0.0363773 0.0405753 0.0451879 0.0502199 0.0556744 0.0615515 0.0678488 0.0745604 0.081677 0.0891852 0.0970681 0.105304 0.113868 0.122731 0.131858 0.141212 0.150752 0.160433 0.170208 0.180027 0.189836 0.199583 0.20921 0.218664 0.227886 0.236822 0.245416 0.253615 0.261367 0.268623 0.275338 0.281466 0.28697 0.291813 0.295964 0.299396 0.302086 0.304018 0.305178 0.305558 0.305157 0.303977 0.302026 0.299317 0.295866 0.291698 0.286839 0.281321 0.275179 0.268453 0.261188 0.253428 0.245224 0.236627 0.22769 0.218469 0.20902 0.199398 0.18966 0.179861 0.170055 0.160293 0.150627 0.141104 0.131767 0.122658 0.113814 0.105269 0.0970505 0.089185 0.0816932 0.074592 0.0678943 0.0616093 0.0557426 0.0502968 0.0452712 0.0406631 0.0364674 0.0326775 0.0292853 0.0262822 0.0236592 0.021407 0.0195171 0.0179816 0.0167935 0.0159472 0.0154392 
0.0166572 0.0168332 0.0173726 0.0182789 0.0195565 0.0212118 0.023252 0.0256859 0.0285225 0.0317716 0.0354426 0.0395447 0.0440859 0.0490729 0.0545105 0.0604014 0.0667451 0.0735385 0.0807744 0.0884423 0.0965274 0.10501 0.113868 0.123073 0.132592 0.142389 0.152424 0.162652 0.173025 0.183492 0.193999 0.20449 0.214907 0.225192 0.235285 0.245126 0.254656 0.263817 0.272553 0.28081 0.288534 0.295679 0.302199 0.308052 0.313201 0.317613 0.321259 0.324118 0.326169 0.327401 0.327805 0.327378 0.326124 0.324051 0.321172 0.317504 0.313073 0.307906 0.302037 0.295502 0.288344 0.280608 0.272343 0.2636 0.254435 0.244903 0.235062 0.224973 0.214694 0.204284 0.193803 0.183309 0.172856 0.162499 0.152289 0.142272 0.132494 0.122995 0.11381 0.104972 0.0965082 0.0884415 0.0807907 0.0735704 0.0667911 0.0604595 0.0545788 0.0491492 0.044168 0.0396304 0.0355297 0.0318579 0.028606 0.0257645 0.0233241 0.0212757 0.0196111 0.0183229 0.0174054 0.0168548 
0.018125 0.018316 0.0188998 0.0198802 0.021262 0.0230517 0.025257 0.0278868 0.0309507 0.0344587 0.0384205 0.0428456 0.0477419 0.0531163 0.0589732 0.0653148 0.0721402 0.079445 0.0872212 0.0954567 0.104135 0.113235 0.122731 0.132592 0.142784 0.153267 0.163998 0.174928 0.186007 0.197179 0.208386 0.219571 0.23067 0.241622 0.252363 0.26283 0.272962 0.282697 0.291975 0.30074 0.308937 0.316516 0.323429 0.329634 0.33509 0.339764 0.343627 0.346654 0.348826 0.35013 0.350557 0.350105 0.348777 0.346581 0.34353 0.339645 0.33495 0.329473 0.323251 0.316321 0.308727 0.300516 0.291741 0.282454 0.272714 0.262579 0.252112 0.241373 0.230426 0.219334 0.20816 0.196965 0.185808 0.174746 0.163834 0.153123 0.14266 0.132489 0.122649 0.113174 0.104095 0.0954372 0.0872207 0.079462 0.0721731 0.0653616 0.0590319 0.0531845 0.0478174 0.0429259 0.0385034 0.0345418 0.0310318 0.0279638 0.0253281 0.0231151 0.0213164 0.0199244 0.0189328 0.018338 
0.0196556 0.0198619 0.0204918 0.021549 0.0230385 0.0249672 0.027343 0.0301752 0.0334738 0.0372491 0.0415109 0.0462689 0.0515312 0.0573043 0.0635926 0.0703975 0.0777175 0.0855473 0.0938774 0.102694 0.111979 0.12171 0.131858 0.142389 0.153267 0.164449 0.175888 0.187532 0.199326 0.211213 0.223131 0.235017 0.246805 0.25843 0.269825 0.280924 0.291661 0.301972 0.311795 0.321071 0.329742 0.337756 0.345063 0.351619 0.357383 0.362319 0.366397 0.369593 0.371885 0.373261 0.373712 0.373235 0.371832 0.369514 0.366293 0.36219 0.35723 0.351445 0.344868 0.337542 0.329512 0.320826 0.311538 0.301705 0.291387 0.280645 0.269545 0.258151 0.246531 0.234749 0.222874 0.210968 0.199096 0.187319 0.175693 0.164275 0.153115 0.142259 0.131751 0.121626 0.111918 0.102655 0.0938588 0.0855481 0.077736 0.0704318 0.0636404 0.0573634 0.051599 0.046343 0.0415888 0.0373283 0.033552 0.0302501 0.0274126 0.0250297 0.0230924 0.021593 0.0205249 0.0198843 
0.0212436 0.0214659 0.0221431 0.0232794 0.0248798 0.0269515 0.0295027 0.0325431 0.0360829 0.0401326 0.0447024 0.049802 0.0554394 0.0616211 0.0683509 0.0756298 0.0834554 0.0918211 0.100716 0.110126 0.120029 0.130401 0.141212 0.152424 0.163998 0.175888 0.188043 0.200409 0.212927 0.225535 0.238168 0.25076 0.263242 0.275543 0.287594 0.299326 0.310669 0.321557 0.331925 0.34171 0.350854 0.359301 0.367001 0.373906 0.379976 0.385172 0.389465 0.392828 0.39524 0.396688 0.397162 0.396659 0.395183 0.392743 0.389353 0.385034 0.379812 0.373718 0.36679 0.35907 0.350604 0.341444 0.331644 0.321265 0.310369 0.299019 0.287285 0.275234 0.262936 0.250461 0.237879 0.225258 0.212665 0.200164 0.187818 0.175684 0.163817 0.152266 0.141078 0.130293 0.119945 0.110065 0.100678 0.0918045 0.0834583 0.0756503 0.0683868 0.0616699 0.0554986 0.0498689 0.0447745 0.0402071 0.0361575 0.0326153 0.0295704 0.0270127 0.0249329 0.023323 0.0221762 0.0214886 
0.0228831 0.0231217 0.0238475 0.0250647 0.0267787 0.0289968 0.0317276 0.0349809 0.0387673 0.0430975 0.047982 0.0534302 0.0594504 0.0660485 0.0732281 0.0809895 0.0893293 0.0982398 0.107709 0.11772 0.12825 0.139271 0.150752 0.162652 0.174928 0.187532 0.200409 0.213501 0.226746 0.240078 0.253429 0.266728 0.279903 0.29288 0.305587 0.317949 0.329897 0.341358 0.352267 0.362559 0.372171 0.381048 0.389137 0.396389 0.40276 0.408215 0.412719 0.416247 0.418778 0.420296 0.420793 0.420266 0.418717 0.416157 0.4126 0.408067 0.402586 0.396188 0.388912 0.380801 0.371903 0.362272 0.351964 0.341042 0.32957 0.317616 0.305249 0.292542 0.279567 0.266398 0.253108 0.239769 0.226451 0.213224 0.200152 0.187297 0.174717 0.162465 0.150591 0.139137 0.128141 0.117637 0.10765 0.0982045 0.0893155 0.0809952 0.0732511 0.0660861 0.0595 0.0534892 0.0480474 0.0431668 0.0388377 0.0350499 0.0317928 0.0290563 0.0268307 0.0251077 0.0238804 0.0231446 
0.0245668 0.0248221 0.0255974 0.0268972 0.028727 0.0310943 0.0340079 0.037478 0.0415153 0.0461308 0.051335 0.0571374 0.0635461 0.0705667 0.0782022 0.0864523 0.0953124 0.104774 0.114823 0.12544 0.136602 0.148278 0.160433 0.173025 0.186007 0.199326 0.212927 0.226746 0.240718 0.254774 0.268841 0.282844 0.296709 0.310359 0.323716 0.336704 0.34925 0.36128 0.372724 0.383515 0.393591 0.402891 0.411363 0.418955 0.425625 0.431332 0.436045 0.439735 0.442382 0.443969 0.444489 0.443937 0.442318 0.43964 0.435919 0.431176 0.425439 0.418742 0.411123 0.402628 0.393304 0.383209 0.3724 0.36094 0.348899 0.336344 0.32335 0.309991 0.296343 0.282483 0.268487 0.254432 0.240391 0.226437 0.212638 0.19906 0.185765 0.172809 0.160244 0.148117 0.136469 0.125334 0.114743 0.104719 0.095281 0.0864422 0.0782113 0.0705922 0.0635853 0.0571875 0.0513931 0.046194 0.0415808 0.0375431 0.0340702 0.0311516 0.0287775 0.0269393 0.02563 0.0248451 
0.026287 0.0265592 0.0273848 0.0287683 0.0307155 0.0332339 0.0363328 0.0400224 0.0443138 0.0492179 0.0547454 0.0609057 0.0677067 0.0751537 0.0832491 0.0919916 0.101376 0.111391 0.122023 0.13325 0.145046 0.157378 0.170208 0.183492 0.197179 0.211213 0.225535 0.240078 0.254774 0.269548 0.284326 0.299028 0.313577 0.327891 0.34189 0.355497 0.368632 0.381221 0.393192 0.404474 0.415004 0.42472 0.433566 0.441493 0.448453 0.454408 0.459324 0.463173 0.465933 0.467589 0.46813 0.467555 0.465866 0.463073 0.459192 0.454244 0.448258 0.441268 0.433314 0.424441 0.414701 0.404149 0.392847 0.38086 0.368257 0.355111 0.341498 0.327494 0.31318 0.298636 0.283941 0.269174 0.254414 0.239736 0.225214 0.210915 0.196906 0.183246 0.16999 0.157189 0.144886 0.13312 0.121921 0.111316 0.101326 0.0919649 0.0832434 0.0751663 0.0677348 0.0609463 0.0547954 0.0492744 0.0443738 0.0400832 0.0363918 0.0332888 0.0307643 0.0288094 0.0274169 0.0265823 
0.0280349 0.0283243 0.0292006 0.0306686 0.0327341 0.0354049 0.0386905 0.0426012 0.0471483 0.0523429 0.0581956 0.0647158 0.071911 0.0797861 0.0883428 0.097579 0.107488 0.118058 0.129273 0.141109 0.153537 0.166524 0.180027 0.193999 0.208386 0.223131 0.238168 0.253429 0.268841 0.284326 0.299805 0.315197 0.330418 0.345386 0.360018 0.37423 0.387944 0.401081 0.413566 0.425328 0.436301 0.446423 0.455635 0.463886 0.471129 0.477325 0.482439 0.486442 0.489312 0.491033 0.491596 0.490998 0.489242 0.486338 0.482301 0.477154 0.470926 0.463651 0.455371 0.44613 0.435983 0.424986 0.413202 0.400698 0.387546 0.37382 0.359599 0.344962 0.329993 0.314774 0.299389 0.28392 0.268449 0.253055 0.237815 0.222801 0.208083 0.193723 0.17978 0.166307 0.153352 0.140954 0.129148 0.117962 0.107419 0.097535 0.0883216 0.0797851 0.0719272 0.0647462 0.058237 0.0523922 0.0472024 0.0426573 0.0387457 0.0354569 0.0327808 0.0307083 0.029232 0.0283473 
0.029801 0.0301076 0.0310348 0.0325875 0.0347717 0.0375954 0.0410681 0.0452004 0.0500037 0.0554891 0.0616672 0.0685472 0.0761362 0.0844388 0.0934559 0.103184 0.113616 0.124739 0.136533 0.148974 0.162031 0.175667 0.189836 0.20449 0.219571 0.235017 0.25076 0.266728 0.282844 0.299028 0.315197 0.331265 0.347146 0.362754 0.378003 0.392807 0.407085 0.420755 0.433741 0.44597 0.457373 0.467887 0.477454 0.486019 0.493537 0.499965 0.50527 0.509421 0.512398 0.514183 0.514767 0.514147 0.512326 0.509314 0.505127 0.499788 0.493326 0.485775 0.477179 0.467583 0.457041 0.445612 0.433359 0.420353 0.406665 0.392374 0.377559 0.362304 0.346693 0.330813 0.314751 0.298592 0.282422 0.266323 0.250375 0.234655 0.219236 0.204183 0.18956 0.175422 0.161819 0.148794 0.136384 0.124621 0.113527 0.103122 0.0934187 0.0844236 0.07614 0.0685667 0.0616993 0.0555306 0.0500514 0.0452512 0.0411192 0.0376443 0.0348162 0.0326257 0.0310654 0.0301305 
0.0315751 0.0318988 0.0328769 0.0345141 0.0368167 0.0397928 0.043452 0.0478051 0.0528635 0.0586383 0.0651401 0.0723779 0.0803584 0.0890856 0.0985595 0.108776 0.119726 0.131396 0.143763 0.156803 0.17048 0.184756 0.199583 0.214907 0.23067 0.246805 0.263242 0.279903 0.296709 0.313577 0.330418 0.347146 0.36367 0.379901 0.39575 0.411129 0.425953 0.44014 0.453611 0.466291 0.478109 0.489002 0.498909 0.507778 0.515559 0.522211 0.527699 0.531993 0.535071 0.536918 0.537522 0.53688 0.534997 0.531882 0.527552 0.522028 0.515341 0.507526 0.498625 0.488686 0.477764 0.465918 0.453213 0.43972 0.425514 0.410674 0.395283 0.379426 0.363191 0.346667 0.329943 0.31311 0.296256 0.279466 0.262825 0.246413 0.230304 0.214571 0.199277 0.184483 0.170241 0.156597 0.143591 0.131256 0.119617 0.108696 0.0985058 0.0890556 0.0803492 0.0723862 0.0651626 0.0586716 0.0529043 0.0478503 0.0434987 0.0398382 0.0368587 0.0345507 0.0329065 0.0319216 
0.0333464 0.0336872 0.0347156 0.0364367 0.0388567 0.0419838 0.0458278 0.0503996 0.0557106 0.0617719 0.0685939 0.0761853 0.0845526 0.0936989 0.103624 0.114322 0.125782 0.13799 0.150922 0.164549 0.178836 0.19374 0.20921 0.225192 0.241622 0.25843 0.275543 0.29288 0.310359 0.327891 0.345386 0.362754 0.379901 0.396735 0.413164 0.429098 0.444449 0.459134 0.47307 0.486183 0.498401 0.509656 0.519891 0.529048 0.537081 0.543947 0.54961 0.554041 0.557217 0.559121 0.559744 0.559083 0.557141 0.553928 0.54946 0.54376 0.536858 0.52879 0.519598 0.509331 0.498044 0.485797 0.472658 0.458697 0.443992 0.428623 0.412675 0.396236 0.379397 0.362248 0.344884 0.327396 0.309876 0.292413 0.275096 0.258007 0.241226 0.224826 0.208876 0.193439 0.17857 0.164318 0.150726 0.137828 0.125653 0.114223 0.103553 0.093654 0.0845301 0.076182 0.0686063 0.0617967 0.0557443 0.050439 0.0458698 0.0420256 0.0388959 0.0364714 0.0347442 0.0337097 
0.0351036 0.0354612 0.0365393 0.0383431 0.0408787 0.0441546 0.0481806 0.0529677 0.0585271 0.0648702 0.072007 0.079946 0.0886931 0.0982508 0.108618 0.119787 0.131748 0.144483 0.157966 0.172168 0.187049 0.202565 0.218664 0.235285 0.252363 0.269825 0.287594 0.305587 0.323716 0.34189 0.360018 0.378003 0.39575 0.413164 0.430151 0.446617 0.462474 0.477634 0.492017 0.505543 0.518141 0.529743 0.540288 0.549721 0.557993 0.565062 0.570891 0.575451 0.57872 0.580679 0.581321 0.580641 0.578643 0.575336 0.570738 0.564871 0.557766 0.549457 0.539989 0.529409 0.517774 0.505146 0.491591 0.477183 0.462 0.446124 0.429641 0.412643 0.395222 0.377472 0.359489 0.341368 0.323204 0.305091 0.287118 0.269373 0.251938 0.23489 0.218301 0.202237 0.186757 0.171912 0.157746 0.144298 0.131598 0.11967 0.10853 0.0981906 0.0886571 0.0799309 0.0720092 0.0648862 0.0585535 0.0530009 0.0482176 0.0441925 0.0409151 0.0383758 0.0365668 0.0354834 
0.0368349 0.0372091 0.0383359 0.0402205 0.0428694 0.0462909 0.0504949 0.0554925 0.061295 0.0679134 0.0753577 0.0836359 0.0927535 0.102712 0.11351 0.125139 0.137587 0.150833 0.164853 0.179612 0.19507 0.21118 0.227886 0.245126 0.26283 0.280924 0.299326 0.317949 0.336704 0.355497 0.37423 0.392807 0.411129 0.429098 0.446617 0.463591 0.47993 0.495544 0.510349 0.524268 0.537227 0.549156 0.559996 0.569689 0.578188 0.585448 0.591434 0.596116 0.599471 0.601483 0.602142 0.601444 0.599394 0.596 0.591279 0.585255 0.577957 0.569421 0.559691 0.548816 0.536852 0.523862 0.509913 0.495079 0.479441 0.463081 0.446089 0.428557 0.410579 0.392253 0.373677 0.354948 0.336166 0.317426 0.298822 0.280443 0.262377 0.244703 0.227496 0.210825 0.194752 0.179331 0.16461 0.150627 0.137417 0.125003 0.113406 0.102637 0.092704 0.0836088 0.0753495 0.0679205 0.0613138 0.0555195 0.0505268 0.0463248 0.0429027 0.0402512 0.0383621 0.0372309 
0.0385285 0.0389187 0.0400928 0.0420561 0.0448151 0.0483781 0.0527551 0.0579572 0.0639955 0.0708812 0.0786237 0.0872309 0.0967076 0.107055 0.11827 0.130343 0.143261 0.157002 0.171539 0.186836 0.20285 0.219531 0.236822 0.254656 0.272962 0.291661 0.310669 0.329897 0.34925 0.368632 0.387944 0.407085 0.425953 0.444449 0.462474 0.47993 0.496724 0.512766 0.527972 0.542261 0.555559 0.567797 0.578913 0.588851 0.597562 0.605002 0.611135 0.615931 0.619368 0.621429 0.622104 0.62139 0.61929 0.615814 0.610978 0.604807 0.597328 0.58858 0.578604 0.567451 0.555178 0.541846 0.527525 0.51229 0.496222 0.479405 0.46193 0.44389 0.425384 0.406509 0.387367 0.368059 0.348686 0.329347 0.310138 0.291153 0.272481 0.254206 0.236405 0.219151 0.202507 0.186531 0.171273 0.156775 0.143071 0.130189 0.118149 0.106964 0.0966445 0.0871919 0.0786051 0.0708793 0.0640067 0.0579778 0.0527819 0.0484079 0.0448453 0.0420846 0.0401178 0.0389401 
0.0401722 0.0405779 0.0417977 0.0438369 0.046702 0.0504015 0.0549454 0.0603445 0.0666102 0.0737532 0.0817829 0.0907066 0.100529 0.11125 0.122865 0.135365 0.148734 0.16295 0.177982 0.193794 0.21034 0.227567 0.245416 0.263817 0.282697 0.301972 0.321557 0.341358 0.36128 0.381221 0.401081 0.420755 0.44014 0.459134 0.477634 0.495544 0.512766 0.529211 0.544792 0.559428 0.573044 0.58557 0.596945 0.607111 0.616019 0.623626 0.629896 0.634798 0.638311 0.640417 0.641108 0.640378 0.638233 0.634681 0.629739 0.62343 0.615784 0.606837 0.596632 0.58522 0.572657 0.559006 0.544337 0.528726 0.512253 0.495006 0.477075 0.458558 0.439552 0.420159 0.400483 0.380626 0.360692 0.340784 0.321001 0.301439 0.28219 0.263341 0.244974 0.227162 0.209973 0.193466 0.177695 0.162702 0.148525 0.135193 0.122727 0.111144 0.100452 0.0906558 0.081754 0.0737424 0.0666137 0.0603588 0.0549669 0.0504272 0.0467292 0.0438633 0.0418214 0.0405989 
0.0417538 0.0421744 0.043438 0.0455499 0.0485166 0.0523466 0.0570499 0.0626375 0.0691205 0.0765093 0.0848133 0.0940392 0.104191 0.115268 0.127265 0.140171 0.15397 0.168637 0.18414 0.200441 0.217492 0.235237 0.253615 0.272553 0.291975 0.311795 0.331925 0.352267 0.372724 0.393192 0.413566 0.433741 0.453611 0.47307 0.492017 0.510349 0.527972 0.544792 0.560722 0.57568 0.589592 0.602386 0.613999 0.624377 0.633468 0.641229 0.647625 0.652626 0.656209 0.658357 0.659062 0.658318 0.656131 0.652509 0.647468 0.641033 0.633232 0.624101 0.613685 0.602033 0.589201 0.575254 0.560261 0.544298 0.527449 0.5098 0.491445 0.47248 0.453006 0.433127 0.412949 0.392576 0.372115 0.35167 0.331345 0.311238 0.291444 0.272053 0.253149 0.234808 0.217102 0.200092 0.183832 0.168369 0.153742 0.139982 0.127112 0.115148 0.104101 0.0939768 0.0847742 0.0764897 0.0691165 0.0626455 0.0570663 0.0523682 0.0485406 0.045574 0.0434604 0.042195 
0.0432615 0.0436962 0.0450013 0.047182 0.0502451 0.0541988 0.0590534 0.0648195 0.0715082 0.0791299 0.0876933 0.097205 0.107668 0.119082 0.13144 0.14473 0.158934 0.174026 0.189973 0.206735 0.22426 0.242493 0.261367 0.28081 0.30074 0.321071 0.34171 0.362559 0.383515 0.404474 0.425328 0.44597 0.466291 0.486183 0.505543 0.524268 0.542261 0.559428 0.57568 0.590937 0.60512 0.61816 0.629994 0.640565 0.649824 0.657727 0.664239 0.66933 0.672977 0.675164 0.675881 0.675125 0.672899 0.669213 0.664083 0.657531 0.649588 0.640289 0.629678 0.617805 0.604726 0.590506 0.575214 0.558928 0.54173 0.523709 0.50496 0.48558 0.465671 0.44534 0.424693 0.403839 0.382886 0.361941 0.341108 0.320491 0.300186 0.280287 0.260879 0.242042 0.223849 0.206364 0.189645 0.173739 0.158688 0.144524 0.131271 0.118948 0.107566 0.0971316 0.0876445 0.0791017 0.0714969 0.0648213 0.0590647 0.0542164 0.050266 0.047204 0.0450224 0.0437164 
0.0446836 0.0451316 0.0464755 0.048721 0.0518744 0.0559442 0.0609406 0.0668741 0.0737557 0.0815955 0.0904021 0.100182 0.110936 0.122665 0.13536 0.149009 0.163591 0.179081 0.195442 0.212633 0.230601 0.249287 0.268623 0.288534 0.308937 0.329742 0.350854 0.372171 0.393591 0.415004 0.436301 0.457373 0.478109 0.498401 0.518141 0.537227 0.555559 0.573044 0.589592 0.60512 0.619551 0.632816 0.644851 0.655599 0.66501 0.673042 0.679659 0.684832 0.688537 0.690759 0.691488 0.69072 0.68846 0.684715 0.679504 0.672847 0.664775 0.655323 0.644535 0.63246 0.619156 0.604686 0.589121 0.572538 0.555021 0.536659 0.517548 0.497786 0.477477 0.456729 0.435651 0.414352 0.392943 0.371534 0.350232 0.329142 0.308363 0.287991 0.268114 0.248815 0.230169 0.212243 0.195095 0.178776 0.163329 0.148787 0.135177 0.122518 0.110823 0.100097 0.0903439 0.0815592 0.0737374 0.06687 0.060947 0.0559579 0.0518924 0.0487408 0.0464954 0.0451512 
