0.00183737 0.00185732 0.00192303 0.00203525 0.00219494 0.00240343 0.00266239 0.00297377 0.00333978 0.00376281 0.00424539 0.00479014 0.00539966 0.00607648 0.00682297 0.00764127 0.0085332 0.00950015 0.0105431 0.0116623 0.0128575 0.0141277 0.0154712 0.0168852 0.0183664 0.0199104 0.0215119 0.0231646 0.0248616 0.0265948 0.0283554 0.0301339 0.0319201 0.033703 0.0354714 0.0372134 0.0389171 0.0405703 0.0421609 0.0436769 0.0451066 0.0464388 0.0476627 0.0487684 0.0497468 0.0505896 0.0512898 0.0518415 0.0522398 0.0524814 0.0525643 0.0524877 0.0522523 0.0518602 0.0513147 0.0506207 0.0497839 0.0488116 0.0477118 0.0464938 0.0451673 0.0437432 0.0422326 0.0406471 0.0389989 0.0372998 0.0355622 0.0337978 0.0320186 0.0302356 0.0284599 0.0267017 0.0249704 0.0232748 0.0216229 0.0200218 0.0184777 0.0169958 0.0155805 0.0142353 0.0129629 0.011765 0.0106426 0.00959612 0.00862521 0.00772897 0.00690604 0.00615463 0.00547264 0.00485773 0.00430741 0.0038191 0.00339023 0.00301828 0.00270089 0.00243586 0.00222127 0.00205547 0.00193713 0.00186543 
0.00185732 0.0018775 0.00194394 0.00205739 0.00221883 0.0024296 0.00269137 0.00300612 0.00337608 0.00380366 0.00429143 0.004842 0.00545801 0.006142 0.00689638 0.00772328 0.00862454 0.00960157 0.0106553 0.011786 0.0129935 0.0142767 0.0156338 0.0170621 0.0185582 0.0201176 0.021735 0.023404 0.0251177 0.0268678 0.0286455 0.0304412 0.0322445 0.0340445 0.0358296 0.0375881 0.0393078 0.0409765 0.042582 0.044112 0.045555 0.0468994 0.0481345 0.0492504 0.0502376 0.0510881 0.0517947 0.0523513 0.0527532 0.052997 0.0530805 0.0530032 0.0527656 0.0523699 0.0518194 0.051119 0.0502745 0.0492933 0.0481834 0.046954 0.0456153 0.0441779 0.0426533 0.041053 0.0393892 0.0376742 0.0359201 0.034139 0.0323427 0.0305426 0.0287498 0.0269745 0.0252263 0.0235141 0.0218459 0.020229 0.0186694 0.0171727 0.0157432 0.0143844 0.013099 0.0118889 0.010755 0.00969776 0.00871679 0.00781123 0.0069797 0.00622041 0.00553124 0.00490984 0.00435369 0.00386019 0.00342675 0.00305083 0.00273004 0.00246218 0.00224529 0.00207771 0.00195811 0.00188566 
0.00192303 0.00194394 0.00201266 0.00212994 0.0022968 0.00251461 0.00278509 0.00311026 0.00349241 0.00393401 0.00443767 0.0050061 0.00564196 0.00634787 0.00712626 0.00797933 0.00890891 0.00991643 0.0110028 0.0121684 0.0134127 0.0147349 0.0161328 0.0176039 0.0191444 0.0207498 0.0224145 0.0241321 0.0258952 0.0276955 0.0295239 0.0313704 0.0332244 0.0350746 0.0369093 0.0387163 0.0404833 0.0421975 0.0438465 0.0454179 0.0468997 0.0482801 0.0495482 0.0506936 0.051707 0.0525799 0.053305 0.0538762 0.0542886 0.0545386 0.0546243 0.0545447 0.0543007 0.0538944 0.0533292 0.0526101 0.0517431 0.0507356 0.049596 0.0483337 0.0469589 0.0454827 0.0439166 0.0422728 0.0405635 0.0388013 0.0369986 0.035168 0.0333215 0.0314709 0.0296273 0.0278015 0.0260032 0.0242417 0.0225251 0.0208609 0.0192555 0.0177145 0.0162423 0.0148428 0.0135186 0.0122716 0.011103 0.0100132 0.00900176 0.00806792 0.00721027 0.00642698 0.0057159 0.00507464 0.00450062 0.00399119 0.00354369 0.00315553 0.00282426 0.00254763 0.00232363 0.00215055 0.00202704 0.00195224 
0.00203525 0.00205739 0.00212994 0.00225369 0.00242968 0.00265936 0.0029445 0.00328722 0.00368988 0.00415506 0.00468548 0.00528391 0.00595313 0.00669584 0.00751454 0.00841147 0.00938852 0.0104471 0.0115882 0.012812 0.0141181 0.0155053 0.0169716 0.018514 0.0201287 0.0218108 0.0235545 0.025353 0.0271985 0.0290824 0.030995 0.0329261 0.0348644 0.0367983 0.0387154 0.0406031 0.0424485 0.0442384 0.0459598 0.0475999 0.049146 0.0505862 0.0519089 0.0531036 0.0541603 0.0550704 0.0558263 0.0564217 0.0568514 0.0571119 0.0572009 0.0571177 0.056863 0.0564391 0.0558496 0.0550995 0.0541951 0.0531441 0.0519552 0.050638 0.0492034 0.0476627 0.0460279 0.0443116 0.0425267 0.0406861 0.0388028 0.0368899 0.0349599 0.033025 0.0310971 0.0291871 0.0273054 0.0254616 0.0236644 0.0219214 0.0202395 0.0186245 0.0170812 0.0156135 0.0142244 0.0129158 0.0116891 0.0105447 0.00948232 0.0085011 0.00759963 0.00677607 0.00602821 0.00535358 0.00474953 0.0042133 0.00374216 0.00333341 0.0029845 0.0026931 0.00245711 0.00227478 0.00214467 0.0020659 
0.00219494 0.00221883 0.0022968 0.00242968 0.00261858 0.00286502 0.00317088 0.00353838 0.00397001 0.00446848 0.00503663 0.00567738 0.00639364 0.00718821 0.0080637 0.00902242 0.0100663 0.0111968 0.0124148 0.0137205 0.0151134 0.0165921 0.0181543 0.019797 0.0215157 0.0233055 0.02516 0.0270719 0.029033 0.031034 0.0330648 0.0351143 0.0371707 0.0392217 0.0412541 0.0432547 0.0452098 0.0471055 0.0489282 0.0506642 0.0523004 0.0538241 0.0552232 0.0564865 0.0576038 0.0585659 0.0593648 0.0599939 0.0604478 0.0607228 0.0608166 0.0607283 0.0604588 0.0600103 0.0593868 0.0585933 0.0576367 0.0565249 0.0552671 0.0538734 0.0523551 0.0507242 0.0489934 0.0471758 0.0452851 0.0433348 0.0413388 0.0393106 0.0372637 0.0352109 0.0331647 0.0311369 0.0291383 0.0271792 0.0252688 0.0234153 0.021626 0.0199072 0.0182639 0.0167006 0.0152202 0.0138251 0.0125167 0.0112955 0.0101614 0.00911341 0.00815024 0.00726995 0.00647026 0.00574859 0.00510218 0.00452816 0.00402365 0.00358583 0.00321201 0.00289975 0.00264684 0.00245142 0.002312 0.00222763 
0.00240343 0.0024296 0.00251461 0.00265936 0.00286502 0.00313323 0.00346597 0.00386563 0.00433484 0.00487647 0.00549355 0.00618916 0.00696637 0.00782813 0.00877715 0.00981585 0.0109462 0.0121697 0.0134872 0.0148988 0.0164038 0.0180006 0.0196868 0.0214587 0.0233119 0.0252405 0.0272378 0.0292959 0.031406 0.0335579 0.0357407 0.0379427 0.0401511 0.0423527 0.0445335 0.0466792 0.0487753 0.0508071 0.0527598 0.0546191 0.056371 0.0580019 0.0594991 0.0608506 0.0620457 0.0630745 0.0639286 0.0646009 0.0650859 0.0653796 0.0654794 0.0653846 0.065096 0.064616 0.0639488 0.0630998 0.0620761 0.0608862 0.0595399 0.0580479 0.0564222 0.0546755 0.0528213 0.0508736 0.0488468 0.0467555 0.0446144 0.0424381 0.0402407 0.0380362 0.0358378 0.0336581 0.031509 0.0294013 0.027345 0.0253491 0.0234213 0.0215685 0.0197963 0.0181093 0.0165111 0.0150042 0.0135902 0.0122697 0.0110428 0.00990849 0.00886546 0.00791171 0.00704488 0.00626226 0.00556096 0.00493795 0.00439017 0.00391464 0.00350852 0.00316919 0.00289432 0.00268192 0.00253041 0.00243878 
0.00266239 0.00269137 0.00278509 0.0029445 0.00317088 0.00346597 0.00383193 0.00427129 0.00478689 0.0053818 0.00605925 0.00682253 0.00767488 0.00861944 0.00965907 0.0107963 0.0120331 0.0133711 0.014811 0.0163528 0.0179956 0.0197376 0.021576 0.0235067 0.0255247 0.0276237 0.0297962 0.0320336 0.0343261 0.0366629 0.039032 0.0414206 0.0438151 0.0462009 0.0485631 0.0508863 0.0531548 0.0553528 0.0574644 0.0594744 0.0613675 0.0631293 0.0647462 0.0662054 0.0674953 0.0686054 0.0695269 0.070252 0.070775 0.0710913 0.0711986 0.0710958 0.0707839 0.0702655 0.0695449 0.0686281 0.0675226 0.0662375 0.0647831 0.0631711 0.0614142 0.059526 0.0575211 0.0554144 0.0532214 0.0509578 0.0486393 0.0462817 0.0439003 0.04151 0.0391253 0.0367597 0.0344262 0.0321364 0.0299013 0.0277306 0.0256329 0.0236156 0.0216851 0.0198463 0.0181033 0.0164589 0.014915 0.0134725 0.0121313 0.0108908 0.0097494 0.00870516 0.00775558 0.00689784 0.00612885 0.00544539 0.00484423 0.00432216 0.00387615 0.0035034 0.00320141 0.00296805 0.0028016 0.002701 
0.00297377 0.00300612 0.00311026 0.00328722 0.00353838 0.00386563 0.00427129 0.00475811 0.00532914 0.00598769 0.00673723 0.00758128 0.00852331 0.00956664 0.0107143 0.0119689 0.0133327 0.0148069 0.0163925 0.0180892 0.0198959 0.0218106 0.0238298 0.0259492 0.028163 0.0304641 0.0328445 0.0352945 0.0378033 0.0403591 0.0429488 0.0455584 0.048173 0.0507768 0.0533536 0.0558866 0.0583589 0.0607532 0.0630526 0.0652404 0.0673002 0.0692166 0.0709747 0.0725609 0.0739626 0.0751688 0.0761696 0.076957 0.0775246 0.0778678 0.0779838 0.0778716 0.0775323 0.0769685 0.076185 0.0751882 0.0739862 0.0725887 0.0710069 0.0692533 0.0673415 0.0652864 0.0631034 0.0608089 0.0584195 0.0559521 0.053424 0.050852 0.0482528 0.0456427 0.0430374 0.0404516 0.0378995 0.0353939 0.0329467 0.0305687 0.0282693 0.0260568 0.0239381 0.021919 0.0200039 0.018196 0.0164976 0.0149097 0.0134326 0.0120654 0.0108068 0.00965469 0.00860643 0.00765905 0.00680927 0.00605366 0.00538874 0.00481108 0.00431742 0.00390473 0.00357032 0.00331189 0.0031276 0.00301628 
0.00333978 0.00337608 0.00349241 0.00368988 0.00397001 0.00433484 0.00478689 0.00532914 0.0059649 0.00669774 0.00753139 0.00846966 0.00951625 0.0106747 0.0119482 0.0133396 0.014851 0.0164838 0.0182388 0.0201156 0.0221128 0.0242279 0.026457 0.0287952 0.031236 0.0337715 0.0363926 0.0390887 0.041848 0.0446571 0.047502 0.050367 0.0532359 0.0560915 0.058916 0.0616911 0.0643984 0.0670192 0.069535 0.0719277 0.0741796 0.0762739 0.0781947 0.0799271 0.0814576 0.0827742 0.0838664 0.0847254 0.0853445 0.0857185 0.0858445 0.0857215 0.0853505 0.0847346 0.0838787 0.0827899 0.0814768 0.0799499 0.0782214 0.0763046 0.0742145 0.0719669 0.0695788 0.0670678 0.0644518 0.0617495 0.0589793 0.0561598 0.0533091 0.0504451 0.0475847 0.0447443 0.0419393 0.0391838 0.0364911 0.033873 0.0313399 0.028901 0.0265641 0.0243356 0.0222206 0.0202228 0.0183448 0.016588 0.0149526 0.0134381 0.012043 0.0107652 0.00960196 0.00855008 0.00760608 0.0067663 0.00602697 0.00538442 0.00483511 0.00437578 0.00400351 0.00371581 0.00351066 0.00338683 
0.00376281 0.00380366 0.00393401 0.00415506 0.00446848 0.00487647 0.0053818 0.00598769 0.00669774 0.00751581 0.00844594 0.00949221 0.0106586 0.0119489 0.0133665 0.0149144 0.0165946 0.0184088 0.0203573 0.0224398 0.0246543 0.0269981 0.0294666 0.0320542 0.0347535 0.0375558 0.0404509 0.0434269 0.0464707 0.0495678 0.0527022 0.0558572 0.0590146 0.0621557 0.0652609 0.0683104 0.0712839 0.074161 0.0769217 0.0795462 0.0820154 0.0843109 0.0864155 0.0883131 0.0899891 0.0914304 0.0926258 0.0935657 0.0942427 0.0946515 0.0947889 0.0946536 0.094247 0.0935721 0.0926345 0.0914417 0.0900031 0.0883301 0.0864357 0.0843346 0.0820428 0.0795776 0.0769574 0.0742012 0.0713288 0.0683603 0.0653159 0.0622159 0.05908 0.0559278 0.0527779 0.0496484 0.046556 0.0435166 0.0405447 0.0376532 0.0348541 0.0321573 0.0295718 0.0271046 0.0247616 0.022547 0.0204639 0.018514 0.0166978 0.0150148 0.0134636 0.0120419 0.010747 0.00957539 0.00852341 0.00758711 0.00676244 0.00604544 0.00543228 0.00491941 0.00450367 0.00418234 0.00395326 0.00381505 
0.00424539 0.00429143 0.00443767 0.00468548 0.00503663 0.00549355 0.00605925 0.00673723 0.00753139 0.00844594 0.00948522 0.0106536 0.0119555 0.0133948 0.0149751 0.0166995 0.0185703 0.0205889 0.0227556 0.0250696 0.0275289 0.0301299 0.0328675 0.0357353 0.038725 0.0418268 0.0450292 0.048319 0.0516818 0.0551012 0.0585599 0.0620392 0.0655192 0.0689794 0.0723983 0.075754 0.0790246 0.0821877 0.0852215 0.0881044 0.0908156 0.0933353 0.0956446 0.0977261 0.099564 0.101144 0.102454 0.103484 0.104226 0.104673 0.104823 0.104674 0.104228 0.103487 0.102459 0.10115 0.0995721 0.0977364 0.0956573 0.0933508 0.0908344 0.0881267 0.0852477 0.0822182 0.0790597 0.0757941 0.0724435 0.06903 0.0655753 0.0621009 0.0586272 0.055174 0.0517599 0.0484022 0.0451172 0.0419192 0.0388213 0.035835 0.03297 0.0302345 0.027635 0.0251764 0.0228624 0.0206949 0.0186748 0.0168017 0.0150743 0.0134902 0.0120465 0.0107396 0.00956553 0.00852006 0.00759884 0.00679756 0.00611209 0.00553859 0.0050736 0.0047142 0.00445799 0.00430351 
0.00479014 0.004842 0.0050061 0.00528391 0.00567738 0.00618916 0.00682253 0.00758128 0.00846966 0.00949221 0.0106536 0.0119587 0.013412 0.0150177 0.0167798 0.0187014 0.0207847 0.0230312 0.0254409 0.0280129 0.0307445 0.0336316 0.0366684 0.0398475 0.0431596 0.0465936 0.0501368 0.0537744 0.0574903 0.0612666 0.065084 0.0689218 0.0727584 0.0765709 0.080336 0.0840296 0.0876277 0.091106 0.0944406 0.0976081 0.100586 0.103352 0.105887 0.10817 0.110186 0.111919 0.113355 0.114484 0.115296 0.115786 0.11595 0.115786 0.115296 0.114484 0.113355 0.111919 0.110188 0.108173 0.105891 0.103358 0.100595 0.0976201 0.0944561 0.0911255 0.0876516 0.0840584 0.0803699 0.0766104 0.0728037 0.0689731 0.0651414 0.0613301 0.0575598 0.0538497 0.0502176 0.0466797 0.0432505 0.0399427 0.0367673 0.0337334 0.0308486 0.0281186 0.0255473 0.0231375 0.0208901 0.018805 0.0168809 0.0151154 0.0135055 0.0120474 0.0107368 0.00956917 0.00853987 0.00764424 0.0068778 0.00623637 0.00571621 0.00531413 0.00502754 0.00485482 
0.00539966 0.00545801 0.00564196 0.00595313 0.00639364 0.00696637 0.00767488 0.00852331 0.00951625 0.0106586 0.0119555 0.013412 0.015033 0.016823 0.0187862 0.0209257 0.023244 0.0257421 0.0284202 0.0312767 0.0343085 0.0375108 0.040877 0.0443985 0.0480651 0.0518642 0.0557815 0.0598008 0.063904 0.0680714 0.0722816 0.0765119 0.0807384 0.0849362 0.0890795 0.0931421 0.0970977 0.10092 0.104583 0.10806 0.111328 0.114363 0.117143 0.119646 0.121856 0.123755 0.125328 0.126564 0.127454 0.12799 0.128168 0.127988 0.127451 0.12656 0.125323 0.123749 0.12185 0.119641 0.117137 0.114359 0.111326 0.108061 0.104586 0.100927 0.0971089 0.093158 0.0891006 0.084963 0.0807713 0.0765512 0.0723275 0.068124 0.0639633 0.0598667 0.0558539 0.0519427 0.0481493 0.044488 0.0409711 0.0376088 0.0344098 0.0313804 0.0285255 0.0258481 0.0233497 0.0210304 0.0188888 0.0169227 0.0151288 0.0135032 0.0120413 0.0107383 0.00958921 0.00858891 0.00773261 0.00701578 0.00643437 0.00598489 0.00566456 0.00547159 
0.00607648 0.006142 0.00634787 0.00669584 0.00718821 0.00782813 0.00861944 0.00956664 0.0106747 0.0119489 0.0133948 0.0150177 0.016823 0.0188155 0.0209994 0.023378 0.0259537 0.0287276 0.0316994 0.0348672 0.0382272 0.0417738 0.0454996 0.0493949 0.0534479 0.0576447 0.0619694 0.0664039 0.0709282 0.0755205 0.0801572 0.0848134 0.0894628 0.094078 0.0986309 0.103093 0.107435 0.111629 0.115646 0.119459 0.12304 0.126365 0.129409 0.13215 0.134568 0.136646 0.138367 0.139719 0.140691 0.141277 0.141472 0.141274 0.140686 0.13971 0.138356 0.136633 0.134554 0.132135 0.129393 0.12635 0.123026 0.119446 0.115636 0.111622 0.107432 0.103094 0.0986376 0.0940905 0.0894816 0.084839 0.0801899 0.0755605 0.0709757 0.0664588 0.0620317 0.0577141 0.053524 0.0494773 0.0455878 0.041867 0.0383246 0.034968 0.0318028 0.0288326 0.0260592 0.0234831 0.021103 0.0189168 0.0169209 0.0151113 0.0134832 0.0120313 0.0107503 0.00963481 0.00867957 0.00787971 0.00723083 0.00672915 0.00637164 0.00615638 
0.00682297 0.00689638 0.00712626 0.00751454 0.0080637 0.00877715 0.00965907 0.0107143 0.0119482 0.0133665 0.0149751 0.0167798 0.0187862 0.0209994 0.0234237 0.0260627 0.0289187 0.0319925 0.0352835 0.0387893 0.0425055 0.0464256 0.0505411 0.054841 0.0593122 0.0639391 0.068704 0.0735869 0.0785655 0.083616 0.0887123 0.093827 0.0989313 0.103995 0.108989 0.113879 0.118637 0.12323 0.127627 0.131798 0.135715 0.13935 0.142677 0.145672 0.148313 0.150582 0.152461 0.153936 0.154998 0.155636 0.155849 0.155632 0.154989 0.153923 0.152444 0.150562 0.14829 0.145647 0.14265 0.139322 0.135687 0.131771 0.127602 0.123207 0.118618 0.113865 0.108979 0.103992 0.0989343 0.0938371 0.08873 0.0836417 0.0785995 0.0736291 0.0687546 0.0639979 0.0593788 0.054915 0.050622 0.0465126 0.0425979 0.0388862 0.035384 0.0320955 0.0290232 0.0261676 0.0235279 0.0211017 0.0188857 0.0168754 0.0150657 0.0134513 0.0120263 0.0107849 0.00972153 0.00883086 0.00810817 0.00754938 0.0071512 0.00691157 
0.00764127 0.00772328 0.00797933 0.00841147 0.00902242 0.00981585 0.0107963 0.0119689 0.0133396 0.0149144 0.0166995 0.0187014 0.0209257 0.023378 0.0260627 0.0289835 0.0321424 0.0355403 0.0391759 0.0430465 0.0471467 0.0514691 0.0560041 0.0607393 0.06566 0.0707488 0.0759861 0.0813497 0.0868152 0.0923562 0.0979442 0.103549 0.10914 0.114683 0.120146 0.125494 0.130693 0.135711 0.140512 0.145065 0.149339 0.153303 0.156931 0.160195 0.163074 0.165545 0.167591 0.169198 0.170353 0.171048 0.171279 0.171042 0.170341 0.16918 0.167568 0.165517 0.163041 0.160159 0.156892 0.153262 0.149297 0.145023 0.140471 0.135671 0.130657 0.125461 0.120118 0.114661 0.109125 0.103542 0.0979451 0.0923658 0.0868338 0.0813775 0.0760232 0.0707952 0.0657153 0.0608033 0.0560761 0.0515486 0.0472327 0.0431382 0.0392724 0.0356403 0.032245 0.0290873 0.0261667 0.0234808 0.0210263 0.0187984 0.0167921 0.0150013 0.0134199 0.0120418 0.0108609 0.00987158 0.00906868 0.00844781 0.00800542 0.00773928 
0.0085332 0.00862454 0.00890891 0.00938852 0.0100663 0.0109462 0.0120331 0.0133327 0.014851 0.0165946 0.0185703 0.0207847 0.023244 0.0259537 0.0289187 0.0321424 0.035627 0.0393728 0.0433784 0.04764 0.0521517 0.0569049 0.0618887 0.0670892 0.0724899 0.0780717 0.0838128 0.0896887 0.0956726 0.101735 0.107846 0.113972 0.120078 0.12613 0.13209 0.137922 0.14359 0.149056 0.154285 0.159242 0.163892 0.168204 0.172149 0.175697 0.178825 0.18151 0.183733 0.185478 0.186732 0.187486 0.187736 0.187478 0.186716 0.185454 0.183702 0.181473 0.178782 0.175649 0.172096 0.168149 0.163834 0.159183 0.154226 0.148999 0.143535 0.137871 0.132043 0.126089 0.120044 0.113945 0.107828 0.101727 0.0956739 0.0897002 0.0838346 0.0781039 0.0725323 0.0671414 0.0619503 0.0569753 0.05223 0.0477253 0.0434696 0.0394689 0.0357266 0.0322444 0.0290216 0.0260563 0.023345 0.0208828 0.0186643 0.0166833 0.0149332 0.0134075 0.0120998 0.0110038 0.0101142 0.00942628 0.00893611 0.00864135 
0.00950015 0.00960157 0.00991643 0.0104471 0.0111968 0.0121697 0.0133711 0.0148069 0.0164838 0.0184088 0.0205889 0.0230312 0.0257421 0.0287276 0.0319925 0.0355403 0.0393728 0.0434903 0.0478905 0.0525691 0.0575191 0.0627309 0.068192 0.073887 0.0797975 0.0859024 0.0921775 0.098596 0.105128 0.111743 0.118406 0.125081 0.131732 0.138319 0.144804 0.151146 0.157306 0.163244 0.168922 0.174302 0.179347 0.184024 0.188301 0.192147 0.195536 0.198444 0.200852 0.202741 0.204099 0.204915 0.205184 0.204905 0.204079 0.202712 0.200814 0.198398 0.195482 0.192086 0.188234 0.183953 0.179272 0.174225 0.168844 0.163167 0.15723 0.151073 0.144736 0.138257 0.131677 0.125034 0.118368 0.111715 0.105111 0.0985893 0.0921822 0.0859186 0.0798252 0.0739258 0.0682416 0.0627906 0.0575881 0.0526465 0.0479752 0.043581 0.0394684 0.0356393 0.0320935 0.0288292 0.0258429 0.0231297 0.0206838 0.0184987 0.0165677 0.0148835 0.0134395 0.012229 0.0112463 0.0104862 0.00994469 0.00961917 
0.0105431 0.0106553 0.0110028 0.0115882 0.0124148 0.0134872 0.014811 0.0163925 0.0182388 0.0203573 0.0227556 0.0254409 0.0284202 0.0316994 0.0352835 0.0391759 0.0433784 0.0478905 0.0527095 0.0578303 0.0632448 0.0689421 0.0749081 0.0811257 0.0875746 0.0942313 0.101069 0.108059 0.115169 0.122364 0.129607 0.136859 0.144081 0.151229 0.158263 0.165138 0.171813 0.178244 0.18439 0.190212 0.195669 0.200726 0.205348 0.209504 0.213165 0.216307 0.218906 0.220945 0.22241 0.223291 0.223581 0.223279 0.222387 0.22091 0.21886 0.21625 0.2131 0.20943 0.205267 0.200638 0.195577 0.190116 0.184292 0.178145 0.171715 0.165043 0.158172 0.151144 0.144002 0.136789 0.129546 0.122314 0.11513 0.108032 0.101055 0.0942296 0.0875856 0.0811493 0.0749439 0.0689895 0.063303 0.0578984 0.0527863 0.0479747 0.0434687 0.0392709 0.0353817 0.0317991 0.0285199 0.0255392 0.0228508 0.0204481 0.0183238 0.0164704 0.0148808 0.013548 0.0124657 0.0116285 0.0110321 0.0106736 
0.0116623 0.011786 0.0121684 0.012812 0.0137205 0.0148988 0.0163528 0.0180892 0.0201156 0.0224398 0.0250696 0.0280129 0.0312767 0.0348672 0.0387893 0.0430465 0.04764 0.0525691 0.0578303 0.0634176 0.0693216 0.0755301 0.0820273 0.0887943 0.0958086 0.103044 0.110473 0.118061 0.125775 0.133577 0.141426 0.14928 0.157097 0.16483 0.172435 0.179865 0.187075 0.194018 0.200651 0.20693 0.212815 0.218265 0.223246 0.227722 0.231665 0.235046 0.237844 0.240038 0.241615 0.242562 0.242874 0.242548 0.241587 0.239997 0.23779 0.23498 0.231587 0.227635 0.223149 0.218161 0.212704 0.206815 0.200532 0.193898 0.186954 0.179747 0.17232 0.164721 0.156994 0.149186 0.141341 0.133503 0.125714 0.118012 0.110437 0.103023 0.0958012 0.0888009 0.0820476 0.0755634 0.0693673 0.0634747 0.0578977 0.0526454 0.0477239 0.0431363 0.0388835 0.034964 0.0313745 0.0281101 0.0251645 0.0225307 0.0202012 0.0181681 0.0164237 0.0149607 0.0137725 0.0128533 0.0121985 0.0118051 
0.0128575 0.0129935 0.0134127 0.0141181 0.0151134 0.0164038 0.0179956 0.0198959 0.0221128 0.0246543 0.0275289 0.0307445 0.0343085 0.0382272 0.0425055 0.0471467 0.0521517 0.0575191 0.0632448 0.0693216 0.075739 0.0824831 0.0895364 0.0968779 0.104483 0.112323 0.120367 0.128579 0.136922 0.145355 0.153834 0.162313 0.170747 0.179087 0.187283 0.195287 0.20305 0.210522 0.217657 0.224409 0.230733 0.236589 0.241938 0.246745 0.250976 0.254605 0.257606 0.25996 0.261651 0.262666 0.263 0.26265 0.261619 0.259913 0.257544 0.254529 0.250887 0.246643 0.241825 0.236467 0.230603 0.224272 0.217516 0.210378 0.202905 0.195144 0.187143 0.178952 0.170619 0.162193 0.153723 0.145256 0.136836 0.128507 0.120309 0.11228 0.104455 0.0968657 0.0895393 0.0825007 0.0757706 0.0693662 0.0633013 0.0575861 0.0522277 0.0472301 0.0425946 0.0383202 0.0344035 0.0308398 0.0276227 0.0247449 0.0221985 0.0199753 0.0180673 0.0164666 0.0151663 0.0141603 0.0134437 0.0130133 
0.0141277 0.0142767 0.0147349 0.0155053 0.0165921 0.0180006 0.0197376 0.0218106 0.0242279 0.0269981 0.0301299 0.0336316 0.0375108 0.0417738 0.0464256 0.0514691 0.0569049 0.0627309 0.0689421 0.0755301 0.0824831 0.0897855 0.097418 0.105357 0.113577 0.122045 0.130727 0.139586 0.14858 0.157666 0.166795 0.175921 0.184992 0.193956 0.202762 0.211356 0.219687 0.227703 0.235353 0.242589 0.249365 0.255636 0.261362 0.266506 0.271033 0.274915 0.278124 0.280641 0.282448 0.283533 0.28389 0.283515 0.282412 0.280587 0.278054 0.274828 0.270931 0.26639 0.261233 0.255496 0.249215 0.242431 0.235189 0.227535 0.219518 0.211187 0.202595 0.193794 0.184836 0.175773 0.166658 0.15754 0.148468 0.139488 0.130645 0.121978 0.113527 0.105325 0.0974019 0.0897857 0.0824989 0.0755606 0.0689862 0.0627872 0.0569718 0.0515449 0.0465085 0.0418619 0.0376021 0.0337242 0.0302219 0.0270876 0.0243131 0.02189 0.0198096 0.018064 0.0166457 0.0155483 0.0147665 0.0142971 
0.0154712 0.0156338 0.0161328 0.0169716 0.0181543 0.0196868 0.021576 0.0238298 0.026457 0.0294666 0.0328675 0.0366684 0.040877 0.0454996 0.0505411 0.0560041 0.0618887 0.068192 0.0749081 0.0820273 0.0895364 0.097418 0.105651 0.114209 0.123064 0.132181 0.141523 0.151048 0.160714 0.170471 0.18027 0.190059 0.199784 0.209389 0.218819 0.228017 0.236929 0.2455 0.253676 0.261406 0.268642 0.275336 0.281446 0.286933 0.291761 0.2959 0.299321 0.302003 0.303928 0.305084 0.305464 0.305064 0.303888 0.301943 0.299241 0.295802 0.291647 0.286802 0.281301 0.275177 0.268472 0.261227 0.253489 0.245308 0.236734 0.227821 0.218624 0.209198 0.199599 0.189883 0.180104 0.170317 0.160574 0.150924 0.141414 0.132089 0.12299 0.114154 0.105614 0.0973991 0.0895349 0.0820422 0.0749383 0.0682361 0.0619451 0.056071 0.0506166 0.0455817 0.0409635 0.0367574 0.0329569 0.0295543 0.0265412 0.0239087 0.0216479 0.0197504 0.0182083 0.017015 0.016165 0.0156548 
0.0168852 0.0170621 0.0176039 0.018514 0.019797 0.0214587 0.0235067 0.0259492 0.0287952 0.0320542 0.0357353 0.0398475 0.0443985 0.0493949 0.054841 0.0607393 0.0670892 0.073887 0.0811257 0.0887943 0.0968779 0.105357 0.114209 0.123405 0.132914 0.142698 0.152717 0.162928 0.173281 0.183726 0.19421 0.204677 0.215069 0.225328 0.235394 0.245208 0.254711 0.263846 0.272556 0.280788 0.288489 0.295612 0.302111 0.307945 0.313077 0.317475 0.32111 0.323959 0.326004 0.327231 0.327634 0.327209 0.325959 0.323892 0.321022 0.317367 0.31295 0.3078 0.301949 0.295435 0.288299 0.280586 0.272346 0.263629 0.25449 0.244985 0.235171 0.225109 0.214855 0.204471 0.194015 0.183543 0.173112 0.162774 0.152581 0.14258 0.132815 0.123326 0.11415 0.105318 0.0968575 0.0887921 0.0811405 0.0739175 0.0671337 0.060796 0.0549079 0.0494698 0.0444794 0.039932 0.0358213 0.0321394 0.0288777 0.026027 0.023578 0.0215221 0.019851 0.0185577 0.0176364 0.0170836 
0.0183664 0.0185582 0.0191444 0.0201287 0.0215157 0.0233119 0.0255247 0.028163 0.031236 0.0347535 0.038725 0.0431596 0.0480651 0.0534479 0.0593122 0.06566 0.0724899 0.0797975 0.0875746 0.0958086 0.104483 0.113577 0.123064 0.132914 0.143092 0.153559 0.164271 0.17518 0.186235 0.197382 0.208563 0.219719 0.23079 0.241711 0.252422 0.262859 0.272961 0.282666 0.291915 0.300653 0.308824 0.316379 0.323269 0.329453 0.334891 0.33955 0.343399 0.346416 0.348581 0.34988 0.350306 0.349856 0.348532 0.346343 0.343303 0.339431 0.334751 0.329293 0.323091 0.316183 0.308614 0.30043 0.291682 0.282424 0.272713 0.262609 0.252171 0.241463 0.230546 0.219483 0.208337 0.197168 0.186036 0.174997 0.164106 0.153413 0.142967 0.13281 0.122981 0.113515 0.104442 0.0957877 0.0875726 0.0798131 0.0725213 0.0657052 0.0593694 0.0535146 0.0481392 0.0432386 0.0388067 0.0348354 0.0313161 0.0282391 0.025595 0.0233746 0.0215696 0.0201724 0.0191772 0.0185801 
0.0199104 0.0201176 0.0207498 0.0218108 0.0233055 0.0252405 0.0276237 0.0304641 0.0337715 0.0375558 0.0418268 0.0465936 0.0518642 0.0576447 0.0639391 0.0707488 0.0780717 0.0859024 0.0942313 0.103044 0.112323 0.122045 0.132181 0.142698 0.153559 0.164721 0.176137 0.187756 0.199524 0.211382 0.223269 0.235123 0.246879 0.25847 0.269832 0.280897 0.2916 0.301879 0.31167 0.320916 0.329558 0.337545 0.344828 0.351361 0.357105 0.362025 0.366089 0.369273 0.371558 0.372929 0.373378 0.372903 0.371505 0.369194 0.365985 0.361896 0.356953 0.351187 0.344633 0.337332 0.329328 0.320671 0.311413 0.301612 0.291326 0.280618 0.269552 0.258192 0.246604 0.234856 0.223012 0.211137 0.199293 0.187543 0.175942 0.164546 0.153406 0.142567 0.132073 0.12196 0.112261 0.103003 0.0942111 0.0859017 0.0780887 0.0707814 0.0639854 0.0577022 0.0519305 0.0466663 0.0419034 0.0376338 0.0338485 0.030538 0.0276924 0.0253023 0.0233588 0.0218543 0.0207826 0.0201399 
0.0215119 0.021735 0.0224145 0.0235545 0.02516 0.0272378 0.0297962 0.0328445 0.0363926 0.0404509 0.0450292 0.0501368 0.0557815 0.0619694 0.068704 0.0759861 0.0838128 0.0921775 0.101069 0.110473 0.120367 0.130727 0.141523 0.152717 0.164271 0.176137 0.188266 0.200603 0.213091 0.225666 0.238265 0.250822 0.263266 0.275531 0.287545 0.299239 0.310546 0.321398 0.331731 0.341483 0.350596 0.359014 0.366687 0.373569 0.379617 0.384796 0.389073 0.392424 0.394828 0.39627 0.396743 0.396242 0.394771 0.39234 0.388961 0.384658 0.379454 0.373381 0.366477 0.358784 0.350346 0.341217 0.331451 0.321106 0.310245 0.298933 0.287236 0.275222 0.262961 0.250523 0.237976 0.225389 0.212828 0.200358 0.18804 0.175932 0.164088 0.152559 0.141388 0.130617 0.120281 0.110411 0.10103 0.0921592 0.0838141 0.076005 0.0687383 0.0620166 0.0558391 0.0502022 0.0450998 0.0405241 0.036466 0.0329156 0.0298629 0.0272982 0.0252124 0.0235976 0.0224473 0.0217575 
0.0231646 0.023404 0.0241321 0.025353 0.0270719 0.0292959 0.0320336 0.0352945 0.0390887 0.0434269 0.048319 0.0537744 0.0598008 0.0664039 0.0735869 0.0813497 0.0896887 0.098596 0.108059 0.118061 0.128579 0.139586 0.151048 0.162928 0.17518 0.187756 0.200603 0.213663 0.226874 0.240169 0.253482 0.266742 0.279876 0.292813 0.305478 0.317801 0.329708 0.341131 0.352003 0.362258 0.371838 0.380684 0.388744 0.39597 0.402319 0.407754 0.412242 0.415758 0.418279 0.419792 0.420287 0.419762 0.418219 0.415668 0.412123 0.407606 0.402144 0.395769 0.388519 0.380436 0.37157 0.361972 0.3517 0.340815 0.329382 0.317467 0.305141 0.292475 0.27954 0.266412 0.253161 0.23986 0.226579 0.213386 0.200346 0.187521 0.174968 0.16274 0.150887 0.139451 0.12847 0.117977 0.107999 0.0985591 0.0896733 0.0813537 0.0736081 0.0664398 0.0598488 0.0538317 0.048383 0.0434947 0.0391577 0.0353622 0.0320978 0.0293546 0.0271231 0.0253954 0.0241647 0.0234268 
0.0248616 0.0251177 0.0258952 0.0271985 0.029033 0.031406 0.0343261 0.0378033 0.041848 0.0464707 0.0516818 0.0574903 0.063904 0.0709282 0.0785655 0.0868152 0.0956726 0.105128 0.115169 0.125775 0.136922 0.14858 0.160714 0.173281 0.186235 0.199524 0.213091 0.226874 0.240807 0.254822 0.268847 0.282808 0.296629 0.310234 0.323547 0.336491 0.348994 0.360982 0.372386 0.38314 0.39318 0.402447 0.410888 0.418453 0.425099 0.430786 0.435482 0.439159 0.441796 0.443377 0.443895 0.443345 0.441732 0.439063 0.435356 0.43063 0.424914 0.418241 0.410649 0.402184 0.392894 0.382834 0.372063 0.360644 0.348643 0.336132 0.323181 0.309866 0.296263 0.282447 0.268494 0.254481 0.24048 0.226564 0.212801 0.199257 0.185993 0.173064 0.160524 0.148418 0.136787 0.125667 0.115088 0.105072 0.0956394 0.0868034 0.0785728 0.0709519 0.0639415 0.0575387 0.0517382 0.0465324 0.041912 0.0378672 0.0343874 0.0314624 0.0290828 0.02724 0.0259274 0.0251405 
0.0265948 0.0268678 0.0276955 0.0290824 0.031034 0.0335579 0.0366629 0.0403591 0.0446571 0.0495678 0.0551012 0.0612666 0.0680714 0.0755205 0.083616 0.0923562 0.101735 0.111743 0.122364 0.133577 0.145355 0.157666 0.170471 0.183726 0.197382 0.211382 0.225666 0.240169 0.254822 0.269552 0.284284 0.29894 0.313441 0.327707 0.341659 0.355218 0.368308 0.380853 0.39278 0.404023 0.414514 0.424195 0.43301 0.440908 0.447843 0.453777 0.458675 0.46251 0.465259 0.466909 0.467449 0.466875 0.465193 0.46241 0.458542 0.453613 0.447648 0.440684 0.432758 0.423917 0.414212 0.403698 0.392436 0.380492 0.367933 0.354833 0.341267 0.327311 0.313045 0.298548 0.283899 0.269179 0.254463 0.239828 0.225345 0.211083 0.197109 0.18348 0.170253 0.157476 0.145194 0.133445 0.12226 0.111666 0.101684 0.0923277 0.0836084 0.0755312 0.0680976 0.0613054 0.0551496 0.0496227 0.0447157 0.0404186 0.0367207 0.0336118 0.031082 0.0291228 0.0277271 0.0268907 
0.0283554 0.0286455 0.0295239 0.030995 0.0330648 0.0357407 0.039032 0.0429488 0.047502 0.0527022 0.0585599 0.065084 0.0722816 0.0801572 0.0887123 0.0979442 0.107846 0.118406 0.129607 0.141426 0.153834 0.166795 0.18027 0.19421 0.208563 0.223269 0.238265 0.253482 0.268847 0.284284 0.299714 0.315055 0.330226 0.345142 0.359723 0.373886 0.38755 0.40064 0.41308 0.4248 0.435734 0.445818 0.454997 0.463218 0.470435 0.476608 0.481703 0.485692 0.488551 0.490266 0.490827 0.490231 0.488482 0.485588 0.481566 0.476437 0.470232 0.462983 0.454733 0.445526 0.435416 0.424458 0.412717 0.400258 0.387153 0.373476 0.359304 0.344719 0.329801 0.314633 0.299298 0.283879 0.268456 0.253108 0.237912 0.222939 0.208259 0.193934 0.180023 0.166578 0.153647 0.141269 0.12948 0.118308 0.107775 0.0978984 0.0886892 0.0801543 0.0722959 0.0651125 0.0585995 0.0527498 0.0475545 0.0430034 0.039086 0.0357917 0.0331107 0.0310341 0.0295548 0.0286683 
0.0301339 0.0304412 0.0313704 0.0329261 0.0351143 0.0379427 0.0414206 0.0455584 0.050367 0.0558572 0.0620392 0.0689218 0.0765119 0.0848134 0.093827 0.103549 0.113972 0.125081 0.136859 0.14928 0.162313 0.175921 0.190059 0.204677 0.219719 0.235123 0.250822 0.266742 0.282808 0.29894 0.315055 0.331069 0.346896 0.362449 0.377644 0.392396 0.406622 0.420243 0.433181 0.445366 0.456728 0.467203 0.476735 0.485269 0.492759 0.499164 0.504449 0.508586 0.511552 0.51333 0.513912 0.513294 0.51148 0.508478 0.504307 0.498987 0.492548 0.485025 0.47646 0.466899 0.456395 0.445008 0.4328 0.419841 0.406203 0.391963 0.377201 0.361999 0.346443 0.330618 0.314609 0.298504 0.282385 0.266336 0.250436 0.234762 0.219384 0.20437 0.189782 0.175676 0.1621 0.149099 0.136709 0.124962 0.113881 0.103485 0.0937879 0.0847962 0.0765137 0.0689395 0.0620695 0.055897 0.050413 0.0456078 0.0414705 0.0379905 0.0351578 0.0329636 0.0314005 0.0304639 
0.0319201 0.0322445 0.0332244 0.0348644 0.0371707 0.0401511 0.0438151 0.048173 0.0532359 0.0590146 0.0655192 0.0727584 0.0807384 0.0894628 0.0989313 0.10914 0.120078 0.131732 0.144081 0.157097 0.170747 0.184992 0.199784 0.215069 0.23079 0.246879 0.263266 0.279876 0.296629 0.313441 0.330226 0.346896 0.363362 0.379535 0.395328 0.410651 0.425422 0.439557 0.452978 0.465611 0.477387 0.48824 0.498111 0.506947 0.5147 0.521328 0.526796 0.531075 0.534142 0.535981 0.536583 0.535944 0.534068 0.530964 0.526649 0.521145 0.514482 0.506695 0.497827 0.487924 0.477042 0.465239 0.45258 0.439137 0.424983 0.410197 0.394861 0.379061 0.362883 0.346417 0.329751 0.312975 0.296176 0.27944 0.26285 0.246486 0.230424 0.214733 0.199478 0.184718 0.170507 0.15689 0.143907 0.13159 0.119967 0.109058 0.0988757 0.0894309 0.0807272 0.0727648 0.0655399 0.0590461 0.0532751 0.0482167 0.0438604 0.0401954 0.0372117 0.0349002 0.0332535 0.032267 
0.033703 0.0340445 0.0350746 0.0367983 0.0392217 0.0423527 0.0462009 0.0507768 0.0560915 0.0621557 0.0689794 0.0765709 0.0849362 0.094078 0.103995 0.114683 0.12613 0.138319 0.151229 0.16483 0.179087 0.193956 0.209389 0.225328 0.241711 0.25847 0.275531 0.292813 0.310234 0.327707 0.345142 0.362449 0.379535 0.396309 0.412678 0.428554 0.44385 0.45848 0.472366 0.48543 0.497603 0.508818 0.519015 0.528139 0.536143 0.542984 0.548627 0.553042 0.556206 0.558104 0.558725 0.558066 0.556131 0.552929 0.548477 0.542797 0.53592 0.527881 0.518722 0.508493 0.497247 0.485045 0.471953 0.458044 0.443392 0.42808 0.41219 0.395811 0.379031 0.361944 0.34464 0.327212 0.309751 0.292346 0.275084 0.258048 0.241316 0.224962 0.209054 0.193655 0.17882 0.164598 0.151032 0.138156 0.125998 0.114582 0.103923 0.0940311 0.0849117 0.0765656 0.0689899 0.0621786 0.0561235 0.0508146 0.0462414 0.0423933 0.0392599 0.0368322 0.0351027 0.0340667 
0.0354714 0.0358296 0.0369093 0.0387154 0.0412541 0.0445335 0.0485631 0.0533536 0.058916 0.0652609 0.0723983 0.080336 0.0890795 0.0986309 0.108989 0.120146 0.13209 0.144804 0.158263 0.172435 0.187283 0.202762 0.218819 0.235394 0.252422 0.269832 0.287545 0.305478 0.323547 0.341659 0.359723 0.377644 0.395328 0.412678 0.429603 0.446009 0.461807 0.476912 0.491242 0.504719 0.51727 0.52883 0.539337 0.548737 0.556979 0.564023 0.569831 0.574375 0.577632 0.579585 0.580224 0.579546 0.577555 0.57426 0.569678 0.563832 0.556751 0.548473 0.539038 0.528497 0.516904 0.504322 0.490817 0.476461 0.461334 0.445516 0.429094 0.412158 0.3948 0.377114 0.359194 0.341137 0.323036 0.304983 0.287069 0.26938 0.251997 0.234999 0.218456 0.202434 0.18699 0.172178 0.158042 0.144618 0.131938 0.120026 0.108899 0.0985688 0.0890415 0.0803188 0.0723985 0.0652751 0.0589405 0.0533852 0.0485987 0.0445702 0.0412894 0.0387474 0.0369363 0.0358516 
0.0372134 0.0375881 0.0387163 0.0406031 0.0432547 0.0466792 0.0508863 0.0558866 0.0616911 0.0683104 0.075754 0.0840296 0.0931421 0.103093 0.113879 0.125494 0.137922 0.151146 0.165138 0.179865 0.195287 0.211356 0.228017 0.245208 0.262859 0.280897 0.299239 0.317801 0.336491 0.355218 0.373886 0.392396 0.410651 0.428554 0.446009 0.462921 0.479199 0.494756 0.509507 0.523375 0.536287 0.548173 0.558974 0.568633 0.577101 0.584336 0.590301 0.594967 0.59831 0.600315 0.600972 0.600276 0.598232 0.59485 0.590146 0.584142 0.57687 0.568364 0.558669 0.547833 0.535912 0.522969 0.50907 0.494291 0.47871 0.462411 0.445482 0.428014 0.410102 0.391842 0.373332 0.354671 0.335954 0.317278 0.298735 0.280416 0.262406 0.244785 0.227627 0.211001 0.194969 0.179584 0.164894 0.150939 0.137751 0.125356 0.113773 0.103016 0.0930906 0.0840005 0.0757439 0.0683156 0.0617081 0.0559119 0.0509168 0.0467119 0.043287 0.040633 0.0387421 0.0376097 
0.0389171 0.0393078 0.0404833 0.0424485 0.0452098 0.0487753 0.0531548 0.0583589 0.0643984 0.0712839 0.0790246 0.0876277 0.0970977 0.107435 0.118637 0.130693 0.14359 0.157306 0.171813 0.187075 0.20305 0.219687 0.236929 0.254711 0.272961 0.2916 0.310546 0.329708 0.348994 0.368308 0.38755 0.406622 0.425422 0.44385 0.461807 0.479199 0.495931 0.511915 0.527065 0.541302 0.554552 0.566747 0.577824 0.587727 0.596407 0.603821 0.609932 0.614712 0.618137 0.620191 0.620864 0.620152 0.618059 0.614595 0.609776 0.603625 0.596173 0.587455 0.577514 0.566401 0.554171 0.540887 0.526619 0.511439 0.495429 0.478674 0.461264 0.443291 0.424852 0.406047 0.386974 0.367736 0.348431 0.329159 0.310015 0.291093 0.27248 0.254261 0.236513 0.219306 0.202706 0.18677 0.171546 0.157077 0.143399 0.130537 0.118514 0.107343 0.0970327 0.0875866 0.0790039 0.07128 0.0644077 0.0583778 0.05318 0.0488038 0.0452389 0.0424761 0.0405077 0.039329 
0.0405703 0.0409765 0.0421975 0.0442384 0.0471055 0.0508071 0.0553528 0.0607532 0.0670192 0.074161 0.0821877 0.091106 0.10092 0.111629 0.12323 0.135711 0.149056 0.163244 0.178244 0.194018 0.210522 0.227703 0.2455 0.263846 0.282666 0.301879 0.321398 0.341131 0.360982 0.380853 0.40064 0.420243 0.439557 0.45848 0.476912 0.494756 0.511915 0.5283 0.543824 0.558407 0.571974 0.584457 0.595791 0.605922 0.614799 0.62238 0.628629 0.633515 0.637016 0.639115 0.639803 0.639076 0.636937 0.633397 0.628471 0.622184 0.614564 0.605647 0.595478 0.584106 0.571588 0.557985 0.543369 0.527814 0.511402 0.494218 0.476354 0.457905 0.438969 0.419648 0.400043 0.380258 0.360396 0.340557 0.320842 0.301346 0.28216 0.26337 0.245058 0.227297 0.210154 0.19369 0.177955 0.162995 0.148846 0.135537 0.12309 0.111522 0.100842 0.0910532 0.0821567 0.0741482 0.0670208 0.0607657 0.0553727 0.0508314 0.0471315 0.0442639 0.0422206 0.0409973 
0.0421609 0.042582 0.0438465 0.0459598 0.0489282 0.0527598 0.0574644 0.0630526 0.069535 0.0769217 0.0852215 0.0944406 0.104583 0.115646 0.127627 0.140512 0.154285 0.168922 0.18439 0.200651 0.217657 0.235353 0.253676 0.272556 0.291915 0.31167 0.331731 0.352003 0.372386 0.39278 0.41308 0.433181 0.452978 0.472366 0.491242 0.509507 0.527065 0.543824 0.559697 0.574602 0.588464 0.601213 0.612787 0.623128 0.632188 0.639924 0.646299 0.651283 0.654854 0.656995 0.657697 0.656956 0.654775 0.651165 0.646141 0.639727 0.631952 0.622852 0.612471 0.600859 0.588073 0.574175 0.559235 0.54333 0.526542 0.508958 0.49067 0.471775 0.452374 0.432568 0.412464 0.392165 0.371778 0.351406 0.331152 0.311113 0.291385 0.272056 0.25321 0.234924 0.217266 0.200301 0.184081 0.168653 0.154056 0.140321 0.127471 0.115525 0.104491 0.0943762 0.0851803 0.0769001 0.0695291 0.0630588 0.0574792 0.05278 0.0489511 0.0459831 0.0438683 0.0426023 
0.0436769 0.044112 0.0454179 0.0475999 0.0506642 0.0546191 0.0594744 0.0652404 0.0719277 0.0795462 0.0881044 0.0976081 0.10806 0.119459 0.131798 0.145065 0.159242 0.174302 0.190212 0.20693 0.224409 0.242589 0.261406 0.280788 0.300653 0.320916 0.341483 0.362258 0.38314 0.404023 0.4248 0.445366 0.465611 0.48543 0.504719 0.523375 0.541302 0.558407 0.574602 0.589804 0.603937 0.616932 0.628726 0.639262 0.64849 0.656367 0.662858 0.667932 0.671567 0.673747 0.674461 0.673708 0.671489 0.667814 0.6627 0.65617 0.648253 0.638985 0.62841 0.616577 0.603543 0.589372 0.574135 0.557907 0.540771 0.522816 0.504135 0.484827 0.464993 0.444737 0.424166 0.403388 0.382511 0.361641 0.340882 0.320336 0.3001 0.280265 0.260918 0.242137 0.223996 0.206559 0.189882 0.174014 0.158995 0.144858 0.131628 0.119323 0.107956 0.0975326 0.0880534 0.0795161 0.0719145 0.0652404 0.0594841 0.0546353 0.050684 0.047621 0.0454384 0.0441319 
0.0451066 0.045555 0.0468997 0.049146 0.0523004 0.056371 0.0613675 0.0673002 0.0741796 0.0820154 0.0908156 0.100586 0.111328 0.12304 0.135715 0.149339 0.163892 0.179347 0.195669 0.212815 0.230733 0.249365 0.268642 0.288489 0.308824 0.329558 0.350596 0.371838 0.39318 0.414514 0.435734 0.456728 0.477387 0.497603 0.51727 0.536287 0.554552 0.571974 0.588464 0.603937 0.618319 0.631539 0.643533 0.654245 0.663626 0.671632 0.678228 0.683384 0.687077 0.689292 0.690019 0.689253 0.687 0.683267 0.678071 0.671436 0.663389 0.653968 0.643216 0.631182 0.617923 0.603503 0.587993 0.571468 0.554014 0.535719 0.516677 0.496988 0.476755 0.456084 0.435084 0.413863 0.392533 0.371201 0.349975 0.328958 0.30825 0.287945 0.268132 0.248892 0.230301 0.212424 0.195321 0.179041 0.163628 0.149116 0.13553 0.122892 0.111212 0.1005 0.0907553 0.0819771 0.0741594 0.0672943 0.0613723 0.0563833 0.0523172 0.049165 0.0469189 0.0455743 
