4.09738e-07 4.28175e-07 5.15597e-07 6.83193e-07 9.51151e-07 1.35039e-06 1.9247e-06 2.7336e-06 3.85582e-06 5.39348e-06 7.47698e-06 1.02703e-05 1.39767e-05 1.88448e-05 2.51747e-05 3.33227e-05 4.37067e-05 5.68088e-05 7.31763e-05 9.34211e-05 0.000118214 0.000148277 0.000184371 0.000227278 0.000277779 0.000336631 0.000404531 0.000482091 0.000569794 0.000667963 0.000776725 0.000895974 0.00102535 0.00116421 0.00131162 0.00146634 0.00162686 0.00179136 0.0019578 0.00212392 0.00228732 0.00244547 0.00259583 0.00273586 0.00286313 0.00297537 0.00307053 0.00314685 0.00320289 0.0032376 0.00325031 0.00324078 0.00320922 0.00315622 0.00308281 0.00299038 0.00288065 0.00275565 0.0026176 0.00246894 0.00231216 0.00214981 0.0019844 0.00181835 0.00165393 0.0014932 0.00133797 0.0011898 0.00104996 0.000919406 0.000798823 0.000688606 0.000588896 0.000499601 0.000420432 0.000350934 0.000290525 0.00023853 0.000194211 0.0001568 0.000125526 9.96348e-05 7.84059e-05 6.11676e-05 4.73047e-05 3.62638e-05 2.75552e-05 2.07526e-05 1.54905e-05 1.14595e-05 8.40169e-06 6.10506e-06 4.39746e-06 3.14106e-06 2.2271e-06 1.57097e-06 1.10807e-06 7.90156e-07 5.82434e-07 4.61491e-07 
4.28175e-07 4.47636e-07 5.39512e-07 7.15603e-07 9.97203e-07 1.41691e-06 2.02093e-06 2.87203e-06 4.05327e-06 5.67245e-06 7.86715e-06 1.08104e-05 1.4717e-05 1.98492e-05 2.65235e-05 3.51164e-05 4.60685e-05 5.98883e-05 7.71534e-05 9.85084e-05 0.00012466 0.00015637 0.000194437 0.000239686 0.000292937 0.000354983 0.000426559 0.000508302 0.000600717 0.00070414 0.000818698 0.000944275 0.00108048 0.00122665 0.00138177 0.00154456 0.00171339 0.00188638 0.00206137 0.00223599 0.00240771 0.00257389 0.00273184 0.00287891 0.00301256 0.00313041 0.0032303 0.0033104 0.00336921 0.00340561 0.00341891 0.00340887 0.00337569 0.00332001 0.00324289 0.00314579 0.00303053 0.0028992 0.00275417 0.00259797 0.00243321 0.00226258 0.00208871 0.00191414 0.00174124 0.0015722 0.00140891 0.00125302 0.00110586 0.000968457 0.000841519 0.000725473 0.00062047 0.000526421 0.000443023 0.000369804 0.000306152 0.000251359 0.000204651 0.000165221 0.000132259 0.000104968 8.25927e-05 6.44239e-05 4.98138e-05 3.81789e-05 2.90031e-05 2.18368e-05 1.62945e-05 1.20499e-05 8.83104e-06 6.41422e-06 4.6179e-06 3.29677e-06 2.33613e-06 1.64682e-06 1.16073e-06 8.27056e-07 6.09146e-07 4.82343e-07 
5.15597e-07 5.39512e-07 6.50506e-07 8.62762e-07 1.20182e-06 1.70673e-06 2.43275e-06 3.45488e-06 4.87223e-06 6.81323e-06 9.44155e-06 1.29627e-05 1.76313e-05 2.37578e-05 3.17162e-05 4.195e-05 5.49779e-05 7.13968e-05 9.1883e-05 0.00011719 0.000148141 0.000185621 0.000230556 0.000283896 0.000346587 0.000419536 0.000503578 0.000599432 0.000707661 0.000828626 0.000962447 0.00110896 0.00126769 0.00143782 0.00161818 0.00180723 0.00200311 0.00220362 0.00240624 0.00260826 0.00280675 0.00299868 0.00318097 0.0033506 0.00350464 0.00364038 0.00375538 0.00384753 0.00391513 0.00395691 0.00397209 0.0039604 0.00392207 0.00385782 0.00376887 0.00365688 0.00352392 0.0033724 0.003205 0.00302461 0.00283425 0.00263698 0.00243582 0.0022337 0.00203336 0.00183731 0.00164777 0.00146664 0.00129548 0.00113551 0.000987558 0.000852156 0.000729502 0.000619516 0.000521874 0.000436047 0.000361347 0.000296966 0.00024202 0.000195581 0.000156712 0.000124495 9.80485e-05 7.65501e-05 5.92432e-05 4.54456e-05 3.45526e-05 2.60366e-05 1.94437e-05 1.43896e-05 1.05534e-05 7.6705e-06 5.52597e-06 3.94751e-06 2.79893e-06 1.97421e-06 1.39234e-06 9.92763e-07 7.31806e-07 5.80071e-07 
6.83193e-07 7.15603e-07 8.62762e-07 1.14327e-06 1.59053e-06 2.25551e-06 3.21018e-06 4.55201e-06 6.40953e-06 8.94887e-06 1.23813e-05 1.69712e-05 2.30454e-05 3.10015e-05 4.13164e-05 5.45547e-05 7.13739e-05 9.25286e-05 0.000118871 0.000151345 0.000190982 0.00023888 0.000296191 0.000364083 0.000443715 0.000536191 0.000642518 0.000763551 0.000899946 0.0010521 0.00122012 0.00140374 0.00160232 0.00181479 0.00203967 0.00227503 0.00251851 0.00276737 0.00301852 0.00326859 0.003514 0.00375102 0.0039759 0.00418495 0.00437462 0.00454161 0.00468296 0.00479613 0.00487905 0.00493021 0.00494867 0.00493408 0.00488674 0.00480752 0.00469791 0.00455992 0.00439605 0.00420922 0.00400269 0.00377999 0.00354478 0.00330081 0.00305179 0.0028013 0.00255272 0.00230916 0.00207336 0.00184771 0.00163417 0.00143427 0.00124911 0.00107937 0.000925346 0.000786996 0.000663956 0.000555611 0.000461141 0.000379573 0.000309829 0.000250775 0.000201255 0.000160133 0.000126315 9.87734e-05 7.6561e-05 5.88206e-05 4.47899e-05 3.38014e-05 2.52797e-05 1.8736e-05 1.37607e-05 1.00157e-05 7.22551e-06 5.16865e-06 3.66977e-06 2.59208e-06 1.8308e-06 1.30754e-06 9.65663e-07 7.67018e-07 
9.51151e-07 9.97203e-07 1.20182e-06 1.59053e-06 2.20905e-06 3.12695e-06 4.44224e-06 6.28737e-06 8.8365e-06 1.23142e-05 1.7005e-05 2.32645e-05 3.15301e-05 4.23327e-05 5.63071e-05 7.42017e-05 9.68852e-05 0.000125351 0.000160715 0.000204212 0.000257179 0.00032104 0.000397273 0.000487374 0.000592815 0.000714986 0.000855141 0.00101433 0.00119333 0.0013926 0.00161217 0.00185165 0.00211013 0.00238617 0.00267778 0.00298243 0.00329706 0.00361812 0.00394164 0.0042633 0.00457853 0.00488259 0.00517074 0.00543831 0.00568082 0.00589413 0.00607452 0.00621881 0.00632442 0.00638944 0.00641271 0.00639381 0.0063331 0.0062317 0.00609145 0.00591488 0.00570514 0.0054659 0.00520127 0.00491569 0.00461379 0.00430032 0.00397999 0.00365737 0.00333677 0.00302218 0.00271717 0.00242482 0.00214769 0.0018878 0.00164664 0.00142516 0.00122381 0.00104258 0.000881091 0.000738599 0.000614099 0.000506378 0.000414079 0.000335762 0.00026995 0.000215183 0.000170049 0.000133213 0.000103443 7.96167e-05 6.07339e-05 4.59151e-05 3.43997e-05 2.55395e-05 1.87898e-05 1.36994e-05 9.89966e-06 7.09346e-06 5.04493e-06 3.5696e-06 2.52589e-06 1.80765e-06 1.33808e-06 1.06541e-06 
1.35039e-06 1.41691e-06 1.70673e-06 2.25551e-06 3.12695e-06 4.41773e-06 6.26379e-06 8.84831e-06 1.24116e-05 1.72625e-05 2.37916e-05 3.24848e-05 4.39387e-05 5.88743e-05 7.81513e-05 0.000102779 0.000133926 0.000172921 0.000221252 0.000280559 0.000352608 0.000439272 0.00054248 0.00066418 0.000806267 0.000970519 0.00115852 0.00137157 0.0016106 0.00187612 0.00216807 0.00248582 0.00282808 0.00319289 0.00357754 0.00397866 0.00439219 0.00481347 0.00523731 0.00565809 0.00606986 0.00646654 0.006842 0.00719024 0.00750554 0.00778261 0.0080167 0.00820377 0.00834053 0.00842457 0.00845442 0.00842955 0.00835042 0.00821846 0.00803602 0.00780632 0.00753339 0.00722189 0.00687711 0.0065047 0.00611065 0.00570105 0.00528198 0.00485935 0.0044388 0.00402551 0.00362417 0.00323884 0.00287295 0.0025292 0.00220963 0.00191557 0.0016477 0.00140613 0.00119042 0.000999685 0.000832683 0.000687879 0.000563539 0.000457804 0.000368759 0.000294497 0.000233163 0.000182998 0.000142368 0.00010978 8.38981e-05 6.35439e-05 4.7694e-05 3.54737e-05 2.61453e-05 1.90961e-05 1.38239e-05 9.92277e-06 7.06974e-06 5.01147e-06 3.5531e-06 2.54823e-06 1.8908e-06 1.50922e-06 
1.9247e-06 2.02093e-06 2.43275e-06 3.21018e-06 4.44224e-06 6.26379e-06 8.86394e-06 1.2497e-05 1.74956e-05 2.42862e-05 3.34062e-05 4.55228e-05 6.14517e-05 8.21761e-05 0.000108864 0.000142882 0.000185805 0.000239419 0.000305716 0.000386877 0.000485246 0.000603289 0.00074354 0.000908533 0.00110072 0.00132237 0.0015755 0.0018617 0.0021821 0.00253722 0.00292686 0.00335006 0.00380498 0.0042889 0.00479818 0.00532829 0.00587386 0.00642872 0.00698606 0.00753853 0.00807844 0.00859786 0.0090889 0.00954383 0.00995531 0.0103165 0.0106215 0.0108649 0.0110427 0.0111518 0.0111902 0.0111574 0.0110539 0.0108816 0.0106435 0.0103436 0.00998712 0.00958009 0.00912921 0.00864181 0.00812557 0.00758836 0.00703805 0.00648235 0.00592858 0.00538356 0.00485344 0.00434362 0.00385867 0.00340224 0.0029771 0.00258515 0.0022274 0.00190412 0.00161485 0.00135853 0.00113363 0.000938208 0.000770038 0.00062672 0.000505763 0.000404666 0.000320988 0.000252399 0.000196726 0.000151977 0.000116362 8.82934e-05 6.63911e-05 4.94695e-05 3.65262e-05 2.67257e-05 1.93813e-05 1.39366e-05 9.9473e-06 7.06432e-06 5.01839e-06 3.60687e-06 2.68269e-06 2.1465e-06 
2.7336e-06 2.87203e-06 3.45488e-06 4.55201e-06 6.28737e-06 8.84831e-06 1.2497e-05 1.7585e-05 2.45712e-05 3.40421e-05 4.67348e-05 6.35613e-05 8.56333e-05 0.000114286 0.000151102 0.000197922 0.000256863 0.000330316 0.000420934 0.000531611 0.000665442 0.000825665 0.00101559 0.00123849 0.00149754 0.00179562 0.00213524 0.00251838 0.00294636 0.00341967 0.00393789 0.00449956 0.00510211 0.0057418 0.00641373 0.00711187 0.00782909 0.00855731 0.00928761 0.0100105 0.0107159 0.0113936 0.0120335 0.0126257 0.0131608 0.0136301 0.0140259 0.0143416 0.014572 0.014713 0.0147624 0.0147194 0.0145846 0.0143604 0.0140507 0.0136606 0.0131968 0.0126668 0.0120794 0.0114438 0.0107698 0.0100678 0.00934766 0.00861953 0.00789288 0.00717661 0.0064788 0.00580657 0.00516598 0.00456197 0.00399831 0.00347762 0.00300142 0.00257022 0.00218358 0.00184027 0.0015384 0.00127552 0.00104882 0.000855193 0.000691425 0.000554247 0.000440457 0.000346985 0.00027095 0.000209706 0.000160857 0.000122279 9.21134e-05 6.87594e-05 5.08599e-05 3.72795e-05 2.70827e-05 1.9509e-05 1.39495e-05 9.9249e-06 7.06432e-06 5.08823e-06 3.79339e-06 3.04241e-06 
3.85582e-06 4.05327e-06 4.87223e-06 6.40953e-06 8.8365e-06 1.24116e-05 1.74956e-05 2.45712e-05 3.42668e-05 4.73832e-05 6.49242e-05 8.81276e-05 0.000118498 0.000157835 0.000208265 0.000272255 0.000352626 0.000452555 0.000575549 0.00072542 0.00090622 0.00112217 0.00137755 0.00167658 0.00202329 0.00242131 0.00287378 0.00338307 0.00395068 0.00457704 0.00526134 0.00600146 0.00679382 0.00763334 0.00851348 0.00942624 0.0103623 0.0113111 0.012261 0.0131998 0.0141147 0.0149925 0.0158203 0.0165855 0.0172762 0.0178814 0.0183914 0.0187978 0.019094 0.0192752 0.0193382 0.0192821 0.019108 0.0188186 0.0184188 0.0179153 0.0173163 0.0166314 0.0158717 0.0150489 0.0141756 0.0132648 0.0123294 0.0113823 0.0104357 0.00950116 0.00858919 0.00770913 0.00686899 0.00607534 0.00533327 0.00464642 0.00401699 0.00344584 0.00293265 0.002476 0.0020736 0.00172242 0.0014189 0.0011591 0.000938881 0.000754013 0.000600329 0.000473811 0.000370673 0.000287418 0.000220873 0.000168209 0.000126943 9.49292e-05 7.03427e-05 5.16517e-05 3.75901e-05 2.71259e-05 1.94307e-05 1.38502e-05 9.87755e-06 7.12971e-06 5.32777e-06 4.28298e-06 
5.39348e-06 5.67245e-06 6.81323e-06 8.94887e-06 1.23142e-05 1.72625e-05 2.42862e-05 3.40421e-05 4.73832e-05 6.53938e-05 8.94283e-05 0.000121152 0.000162584 0.000216129 0.000284617 0.000371323 0.000479975 0.000614753 0.000780254 0.000981448 0.00122359 0.00151213 0.00185254 0.0022502 0.00271018 0.00323701 0.0038345 0.00450549 0.00525163 0.00607315 0.00696871 0.00793524 0.00896782 0.0100596 0.011202 0.0123845 0.013595 0.0148198 0.016044 0.0172521 0.0184276 0.019554 0.0206149 0.0215944 0.0224776 0.0232507 0.0239016 0.0244199 0.0247973 0.0250277 0.0251074 0.0250353 0.0248123 0.0244423 0.0239313 0.0232875 0.0225212 0.0216445 0.0206712 0.0196161 0.0184951 0.0173244 0.0161206 0.0148999 0.0136781 0.0124698 0.0112888 0.010147 0.00905504 0.0080215 0.00705323 0.00615518 0.00533051 0.00458063 0.00390539 0.00330324 0.00277146 0.00230634 0.00190347 0.00155786 0.00126425 0.00101722 0.000811412 0.00064161 0.000502885 0.00039066 0.000300768 0.000229475 0.000173494 0.000129976 9.64854e-05 7.09744e-05 5.17441e-05 3.74061e-05 2.68427e-05 1.9169e-05 1.36976e-05 9.90819e-06 7.42123e-06 5.97962e-06 
7.47698e-06 7.86715e-06 9.44155e-06 1.23813e-05 1.7005e-05 2.37916e-05 3.34062e-05 4.67348e-05 6.49242e-05 8.94283e-05 0.000122058 0.000165033 0.000221033 0.000293245 0.000385398 0.000501796 0.000647318 0.000827407 0.00104803 0.00131559 0.00163685 0.00201873 0.00246821 0.00299202 0.00359646 0.00428711 0.00506854 0.00594405 0.00691536 0.00798237 0.00914294 0.0103927 0.0117251 0.0131309 0.0145989 0.0161155 0.0176651 0.0192302 0.020792 0.0223306 0.0238256 0.025256 0.0266016 0.0278425 0.0289601 0.0299375 0.0307597 0.0314138 0.0318896 0.0321797 0.0322796 0.0321876 0.0319054 0.0314373 0.0307909 0.0299763 0.0290063 0.0278958 0.0266618 0.0253228 0.0238985 0.0224093 0.0208758 0.0193185 0.0177573 0.0162108 0.0146965 0.0132299 0.0118246 0.0104918 0.00924073 0.00807794 0.00700788 0.00603276 0.00515277 0.0043663 0.00367018 0.00305996 0.0025302 0.00207472 0.00168689 0.00135987 0.00108679 0.000860988 0.000676103 0.000526209 0.000405883 0.000310248 0.000234994 0.00017637 0.000131162 9.6656e-05 7.05934e-05 5.11237e-05 3.67529e-05 2.6295e-05 1.88267e-05 1.36475e-05 1.02457e-05 8.2742e-06 
1.02703e-05 1.08104e-05 1.29627e-05 1.69712e-05 2.32645e-05 3.24848e-05 4.55228e-05 6.35613e-05 8.81276e-05 0.000121152 0.000165033 0.000222699 0.000297675 0.000394135 0.000516951 0.000671717 0.000864753 0.00110308 0.00139434 0.00174673 0.00216881 0.00266934 0.00325702 0.00394021 0.00472666 0.00562311 0.00663494 0.00776588 0.0090176 0.0103894 0.0118782 0.0134777 0.0151792 0.0169707 0.0188375 0.0207623 0.0227251 0.0247039 0.0266752 0.028614 0.0304948 0.032292 0.0339801 0.0355351 0.0369341 0.0381563 0.0391835 0.04 0.0405934 0.0409547 0.0410784 0.0409627 0.0406093 0.0400239 0.0392153 0.038196 0.0369815 0.0355901 0.0340426 0.0323616 0.0305715 0.0286972 0.0267646 0.0247989 0.022825 0.0208664 0.0189451 0.0170807 0.0152906 0.0135896 0.0119894 0.010499 0.00912442 0.00786904 0.00673358 0.00571649 0.00481417 0.00402139 0.00333154 0.00273705 0.0022297 0.0018009 0.00144202 0.0011446 0.000900532 0.000702212 0.000542661 0.000415574 0.000315357 0.000237121 0.000176663 0.000130422 9.54261e-05 6.92322e-05 4.9862e-05 3.5741e-05 2.56406e-05 1.86269e-05 1.40163e-05 1.13448e-05 
1.39767e-05 1.4717e-05 1.76313e-05 2.30454e-05 3.15301e-05 4.39387e-05 6.14517e-05 8.56333e-05 0.000118498 0.000162584 0.000221033 0.000297675 0.000397095 0.000524712 0.000686821 0.000890622 0.00114421 0.00145655 0.00183734 0.00229692 0.00284603 0.0034956 0.00425638 0.00513862 0.00615168 0.00730356 0.00860053 0.0100466 0.0116433 0.013389 0.0152789 0.0173049 0.0194551 0.0217141 0.024063 0.0264798 0.0289395 0.0314146 0.0338758 0.0362923 0.0386328 0.0408658 0.0429605 0.0448876 0.0466193 0.0481307 0.0493997 0.0504075 0.0511394 0.0515844 0.0517361 0.0515921 0.0511548 0.0504307 0.0494306 0.0481695 0.0466659 0.044942 0.0430228 0.0409359 0.0387106 0.0363776 0.0339682 0.0315138 0.0290449 0.0265908 0.0241787 0.0218335 0.0195772 0.0174286 0.015403 0.0135123 0.0117645 0.0101647 0.00871429 0.00741207 0.0062541 0.00523429 0.0043448 0.00357646 0.00291919 0.0023624 0.00189531 0.00150732 0.00118819 0.0009283 0.000718746 0.000551463 0.00041926 0.000315832 0.000235739 0.000174353 0.000127801 9.28892e-05 6.70231e-05 4.8133e-05 3.45997e-05 2.51897e-05 1.89985e-05 1.54118e-05 
1.88448e-05 1.98492e-05 2.37578e-05 3.10015e-05 4.23327e-05 5.88743e-05 8.21761e-05 0.000114286 0.000157835 0.000216129 0.000293245 0.000394135 0.000524712 0.000691935 0.000903853 0.00116964 0.00149957 0.00190493 0.00239792 0.00299145 0.00369883 0.00453352 0.00550864 0.0066366 0.00792853 0.0093938 0.0110395 0.0128697 0.0148856 0.0170842 0.0194587 0.0219981 0.0246869 0.0275053 0.0304295 0.0334318 0.036481 0.0395434 0.0425828 0.0455617 0.0484422 0.0511861 0.0537565 0.056118 0.0582377 0.0600857 0.0616358 0.0628659 0.0637584 0.0643004 0.0644842 0.0643073 0.0637723 0.062887 0.0616641 0.0601214 0.058281 0.0561691 0.0538156 0.0512534 0.0485177 0.0456456 0.0426748 0.0396434 0.0365886 0.0335464 0.0305505 0.0276317 0.0248176 0.0221319 0.0195944 0.0172203 0.0150207 0.0130025 0.0111685 0.00951794 0.00804665 0.00674777 0.00561215 0.00462883 0.00378564 0.00306964 0.00246758 0.00196629 0.00155302 0.00121568 0.000943069 0.000724959 0.000552207 0.000416763 0.000311652 0.000230923 0.000169578 0.000123479 8.92602e-05 6.42249e-05 4.626e-05 3.37517e-05 2.55151e-05 2.0744e-05 
2.51747e-05 2.65235e-05 3.17162e-05 4.13164e-05 5.63071e-05 7.81513e-05 0.000108864 0.000151102 0.000208265 0.000284617 0.000385398 0.000516951 0.000686821 0.000903853 0.00117824 0.00152155 0.00194667 0.00246769 0.00309978 0.00385884 0.00476123 0.00582329 0.00706086 0.00848871 0.0101199 0.0119652 0.0140323 0.0163254 0.0188446 0.0215852 0.0245378 0.0276877 0.0310149 0.0344943 0.0380961 0.0417859 0.0455254 0.0492734 0.0529861 0.0566183 0.0601243 0.0634588 0.0665777 0.0694394 0.0720048 0.0742391 0.0761113 0.0775957 0.0786717 0.0793244 0.0795449 0.0793301 0.0786831 0.0776131 0.0761349 0.0742692 0.0720419 0.0694838 0.06663 0.0635192 0.0601934 0.0566964 0.0530733 0.0493699 0.045631 0.0419002 0.0382185 0.0346241 0.031151 0.027829 0.0246828 0.0217324 0.0189923 0.0164721 0.0141763 0.0121049 0.0102541 0.00861603 0.00718034 0.00593414 0.00486292 0.00395106 0.00318247 0.00254099 0.0020109 0.0015772 0.0012259 0.000944192 0.000720574 0.000544862 0.000408207 0.00030303 0.00022294 0.000162635 0.000117784 8.49113e-05 6.12838e-05 4.48105e-05 3.39535e-05 2.76652e-05 
3.33227e-05 3.51164e-05 4.195e-05 5.45547e-05 7.42017e-05 0.000102779 0.000142882 0.000197922 0.000272255 0.000371323 0.000501796 0.000671717 0.000890622 0.00116964 0.00152155 0.00196078 0.00250333 0.00316662 0.00396927 0.00493069 0.00607071 0.00740896 0.00896428 0.010754 0.0127933 0.0150941 0.0176647 0.0205088 0.0236252 0.0270068 0.0306406 0.0345074 0.0385818 0.0428323 0.047222 0.0517086 0.0562458 0.0607835 0.0652695 0.0696499 0.0738705 0.0778779 0.0816206 0.0850496 0.0881199 0.0907907 0.0930265 0.0947976 0.0960803 0.0968575 0.097119 0.0968614 0.096088 0.0948095 0.0930431 0.0908124 0.0881473 0.0850835 0.0816616 0.077927 0.0739283 0.0697171 0.0653467 0.0608711 0.056344 0.0518174 0.047341 0.042961 0.0387191 0.0346523 0.0307916 0.0271622 0.0237832 0.0206676 0.0178223 0.0152487 0.0129432 0.0108976 0.00910023 0.00753613 0.00618828 0.00503811 0.00406626 0.00325317 0.00257965 0.00202729 0.00157883 0.0012184 0.000931628 0.000705796 0.000529776 0.000394012 0.000290415 0.000212252 0.000154007 0.000111239 8.04483e-05 5.89518e-05 4.47716e-05 3.65593e-05 
4.37067e-05 4.60685e-05 5.49779e-05 7.13739e-05 9.68852e-05 0.000133926 0.000185805 0.000256863 0.000352626 0.000479975 0.000647318 0.000864753 0.00114421 0.00149957 0.00194667 0.00250333 0.00318922 0.00402564 0.00503518 0.00624131 0.00766773 0.00933777 0.0112735 0.0134951 0.0160196 0.0188602 0.0220253 0.0255179 0.0293345 0.0334649 0.0378917 0.0425901 0.0475281 0.0526668 0.0579607 0.0633588 0.0688053 0.0742405 0.0796025 0.0848278 0.0898533 0.0946166 0.0990581 0.103121 0.106755 0.109912 0.112552 0.114641 0.116153 0.117068 0.117375 0.11707 0.116156 0.114646 0.112559 0.109922 0.106769 0.103141 0.0990833 0.0946491 0.0898942 0.0848784 0.0796636 0.0743131 0.06889 0.063456 0.0580704 0.0527886 0.0476613 0.0427336 0.0380441 0.0336246 0.0294995 0.0256861 0.0221945 0.0190282 0.0161843 0.0136546 0.011426 0.00948165 0.00780187 0.00636484 0.00514756 0.00412662 0.00327887 0.00258195 0.00201479 0.00155788 0.00119352 0.000905943 0.000681302 0.00050766 0.000374882 0.000274498 0.000199547 0.000144412 0.000104652 7.68558e-05 5.85033e-05 4.78752e-05 
5.68088e-05 5.98883e-05 7.13968e-05 9.25286e-05 0.000125351 0.000172921 0.000239419 0.000330316 0.000452555 0.000614753 0.000827407 0.00110308 0.00145655 0.00190493 0.00246769 0.00316662 0.00402564 0.00507049 0.00632835 0.00782718 0.00959508 0.0116594 0.0140456 0.0167768 0.0198717 0.0233447 0.0272038 0.0314505 0.0360784 0.0410731 0.0464118 0.0520629 0.0579867 0.0641352 0.0704536 0.0768805 0.0833497 0.0897908 0.0961314 0.102298 0.108217 0.113817 0.119029 0.123791 0.128043 0.131734 0.134816 0.137254 0.139016 0.140082 0.140438 0.14008 0.139013 0.137249 0.134811 0.131729 0.128041 0.123791 0.119034 0.113827 0.108235 0.102325 0.0961699 0.0898416 0.0834139 0.076959 0.0705469 0.0642433 0.0581092 0.0521991 0.0465602 0.0412321 0.036246 0.0316244 0.0273816 0.0235237 0.0200495 0.0169509 0.0142139 0.0118198 0.00974607 0.00796744 0.00645697 0.00518695 0.00412976 0.00325855 0.00254784 0.00197394 0.00151524 0.00115236 0.000868277 0.000648207 0.000479569 0.000351812 0.000256235 0.000185798 0.000134919 9.92995e-05 7.57608e-05 6.21299e-05 
7.31763e-05 7.71534e-05 9.1883e-05 0.000118871 0.000160715 0.000221252 0.000305716 0.000420934 0.000575549 0.000780254 0.00104803 0.00139434 0.00183734 0.00239792 0.00309978 0.00396927 0.00503518 0.00632835 0.00788104 0.00972629 0.0118969 0.0144245 0.0173384 0.0206641 0.0244224 0.0286278 0.0332877 0.0384011 0.0439579 0.0499384 0.056313 0.063042 0.0700766 0.0773587 0.0848225 0.0923953 0.0999992 0.107552 0.114971 0.12217 0.129066 0.135578 0.14163 0.147149 0.152071 0.156336 0.159896 0.162707 0.164739 0.165966 0.166374 0.16596 0.164728 0.162692 0.159876 0.156314 0.152047 0.147126 0.141609 0.135562 0.129056 0.122168 0.11498 0.107574 0.100036 0.0924477 0.0848919 0.0774457 0.0701812 0.0631638 0.0564507 0.0500907 0.0441227 0.0385759 0.0334699 0.0288145 0.0246107 0.0208511 0.0175213 0.0146009 0.0120645 0.00988347 0.00802645 0.00646107 0.00515475 0.00407557 0.00319308 0.00247876 0.00190649 0.00145274 0.0010967 0.000820293 0.00060803 0.000446891 0.000326103 0.00023692 0.000172393 0.000127157 9.72361e-05 7.99092e-05 
9.34211e-05 9.85084e-05 0.00011719 0.000151345 0.000204212 0.000280559 0.000386877 0.000531611 0.00072542 0.000981448 0.00131559 0.00174673 0.00229692 0.00299145 0.00385884 0.00493069 0.00624131 0.00782718 0.00972629 0.0119771 0.0146177 0.017684 0.021209 0.0252209 0.0297417 0.034786 0.0403593 0.0464574 0.0530652 0.0601564 0.0676933 0.075627 0.0838976 0.0924358 0.101163 0.109995 0.118841 0.127606 0.136194 0.14451 0.152459 0.159952 0.166901 0.173229 0.178863 0.183739 0.187804 0.191012 0.193327 0.194724 0.195188 0.194714 0.193308 0.190984 0.187768 0.183697 0.178815 0.173179 0.16685 0.159903 0.152415 0.144473 0.136167 0.127592 0.118842 0.110014 0.101201 0.0924935 0.0839762 0.0757265 0.067813 0.060295 0.0532207 0.0466273 0.0405409 0.0349761 0.0299369 0.0254178 0.0214044 0.0178748 0.0148011 0.012151 0.00988862 0.00797666 0.00637705 0.0050523 0.00396632 0.00308518 0.00237759 0.00181524 0.00137301 0.00102892 0.00076411 0.000562666 0.000411367 0.000299449 0.000218337 0.000161396 0.000123697 0.000101866 
0.000118214 0.00012466 0.000148141 0.000190982 0.000257179 0.000352608 0.000485246 0.000665442 0.00090622 0.00122359 0.00163685 0.00216881 0.00284603 0.00369883 0.00476123 0.00607071 0.00766773 0.00959508 0.0118969 0.0146177 0.0178006 0.0214866 0.0257118 0.0305069 0.0358947 0.0418888 0.0484921 0.0556959 0.0634789 0.0718068 0.0806321 0.089895 0.0995235 0.109435 0.119539 0.129736 0.139921 0.149988 0.159828 0.169334 0.1784 0.186928 0.194823 0.201999 0.208379 0.213893 0.218484 0.222104 0.224714 0.226287 0.226809 0.226273 0.224685 0.222062 0.218431 0.213829 0.208306 0.201919 0.194739 0.186843 0.178317 0.169256 0.159759 0.149931 0.139879 0.129712 0.119536 0.109455 0.0995677 0.0899639 0.0807256 0.0719238 0.0636179 0.0558544 0.0486671 0.042077 0.0360924 0.0307102 0.0259169 0.0216897 0.0179985 0.0148073 0.0120759 0.00976143 0.00782011 0.00620831 0.00488375 0.00380641 0.00293921 0.00224842 0.00170393 0.00127934 0.000951884 0.000702259 0.0005144 0.00037518 0.000274113 0.000203064 0.000155982 0.000128716 
0.000148277 0.00015637 0.000185621 0.00023888 0.00032104 0.000439272 0.000603289 0.000825665 0.00112217 0.00151213 0.00201873 0.00266934 0.0034956 0.00453352 0.00582329 0.00740896 0.00933777 0.0116594 0.0144245 0.017684 0.0214866 0.0258775 0.0308965 0.0365758 0.0429383 0.0499958 0.0577475 0.0661787 0.0752603 0.0849484 0.0951845 0.105896 0.116997 0.128392 0.139973 0.151628 0.163239 0.174685 0.185843 0.196597 0.206831 0.216435 0.22531 0.233361 0.240508 0.246676 0.251805 0.255845 0.258755 0.260508 0.261088 0.260489 0.258717 0.255789 0.251733 0.246588 0.240407 0.233249 0.22519 0.21631 0.206704 0.196473 0.185726 0.174578 0.163148 0.151556 0.139922 0.128366 0.116998 0.105926 0.0952431 0.0850356 0.0753747 0.0663182 0.0579091 0.050176 0.0431331 0.0367809 0.0311075 0.0260901 0.0216967 0.0178881 0.0146193 0.0118423 0.00950691 0.00756299 0.00596151 0.00465576 0.00360219 0.00276097 0.0020964 0.00157701 0.00117558 0.000868924 0.000637689 0.000466005 0.000341163 0.000253278 0.000194985 0.000161225 
0.000184371 0.000194437 0.000230556 0.000296191 0.000397273 0.00054248 0.00074354 0.00101559 0.00137755 0.00185254 0.00246821 0.00325702 0.00425638 0.00550864 0.00706086 0.00896428 0.0112735 0.0140456 0.0173384 0.021209 0.0257118 0.0308965 0.0368055 0.0434723 0.0509188 0.0591537 0.0681712 0.077949 0.0884488 0.0996153 0.111377 0.123647 0.136325 0.149298 0.162446 0.175639 0.188744 0.201626 0.214154 0.226195 0.237627 0.248333 0.258204 0.267143 0.275063 0.281889 0.287558 0.292018 0.295228 0.297161 0.297799 0.297137 0.295181 0.291948 0.287467 0.281778 0.274934 0.266998 0.258046 0.248166 0.237456 0.226023 0.213985 0.201466 0.188597 0.17551 0.16234 0.149219 0.136275 0.123629 0.111392 0.0996641 0.0885303 0.0780615 0.0683119 0.0593191 0.0511047 0.043674 0.0370181 0.031115 0.0259315 0.0214255 0.0175477 0.0142444 0.0114592 0.00913487 0.00721521 0.00564619 0.00437714 0.0033615 0.00255729 0.00192738 0.00143946 0.00106597 0.000783776 0.000573869 0.000420979 0.0003132 0.000241645 0.000200201 
0.000227278 0.000239686 0.000283896 0.000364083 0.000487374 0.00066418 0.000908533 0.00123849 0.00167658 0.0022502 0.00299202 0.00394021 0.00513862 0.0066366 0.00848871 0.010754 0.0134951 0.0167768 0.0206641 0.0252209 0.0305069 0.0365758 0.0434723 0.0512299 0.0598686 0.0693929 0.0797897 0.0910283 0.103059 0.115813 0.129204 0.14313 0.157474 0.172107 0.18689 0.20168 0.216328 0.230687 0.244611 0.257961 0.270602 0.282413 0.293279 0.3031 0.311786 0.319261 0.32546 0.330331 0.333834 0.335942 0.336637 0.335914 0.333779 0.330248 0.325351 0.319127 0.31163 0.302923 0.293085 0.282205 0.270385 0.257738 0.244389 0.23047 0.216123 0.201491 0.186724 0.171967 0.157366 0.143056 0.129167 0.115814 0.103099 0.0911055 0.0799017 0.0695361 0.0600389 0.0514223 0.0436814 0.036796 0.0307328 0.0254471 0.0208859 0.0169901 0.0136965 0.0109409 0.00865932 0.00678985 0.00527416 0.00405826 0.00309329 0.00233576 0.00174774 0.00129667 0.000955194 0.000700722 0.000515065 0.000384008 0.000296917 0.000246469 
0.000277779 0.000292937 0.000346587 0.000443715 0.000592815 0.000806267 0.00110072 0.00149754 0.00202329 0.00271018 0.00359646 0.00472666 0.00615168 0.00792853 0.0101199 0.0127933 0.0160196 0.0198717 0.0244224 0.0297417 0.0358947 0.0429383 0.0509188 0.0598686 0.0698045 0.0807248 0.0926083 0.105413 0.119076 0.133514 0.148625 0.164288 0.180369 0.196722 0.213191 0.229615 0.245833 0.261684 0.27701 0.291664 0.305504 0.318403 0.330244 0.340923 0.350351 0.358451 0.365158 0.370423 0.374207 0.376481 0.37723 0.376449 0.374143 0.370329 0.365033 0.358297 0.35017 0.340717 0.330015 0.318155 0.305242 0.291392 0.276734 0.261409 0.245566 0.229363 0.212959 0.196517 0.180196 0.164152 0.148529 0.133461 0.119067 0.105447 0.0926835 0.0808383 0.0699521 0.0600453 0.0511186 0.0431553 0.0361226 0.0299745 0.0246543 0.0200979 0.0162357 0.0129959 0.0103066 0.00809766 0.00630239 0.00485885 0.00371058 0.00280715 0.00210436 0.00156415 0.00115438 0.000848454 0.000624893 0.000466863 0.00036175 0.000300856 
0.000336631 0.000354983 0.000419536 0.000536191 0.000714986 0.000970519 0.00132237 0.00179562 0.00242131 0.00323701 0.00428711 0.00562311 0.00730356 0.0093938 0.0119652 0.0150941 0.0188602 0.0233447 0.0286278 0.034786 0.0418888 0.0499958 0.0591537 0.0693929 0.0807248 0.0931404 0.106608 0.121073 0.136457 0.15266 0.169562 0.187024 0.204894 0.223004 0.241185 0.259258 0.277047 0.294379 0.311089 0.32702 0.342025 0.355974 0.368748 0.380244 0.390373 0.39906 0.406243 0.411875 0.415918 0.418347 0.419146 0.418312 0.415848 0.411771 0.406105 0.398889 0.39017 0.380012 0.368488 0.35569 0.341721 0.3267 0.310761 0.294047 0.276719 0.25894 0.240885 0.222731 0.204652 0.18682 0.169401 0.152545 0.13639 0.121055 0.106639 0.0932165 0.0808425 0.0695469 0.0593383 0.0502043 0.0421142 0.0350215 0.0288669 0.0235814 0.0190894 0.0153115 0.0121675 0.0095787 0.00746965 0.00576982 0.0044146 0.00334599 0.00251293 0.00187126 0.00138358 0.00101883 0.000751844 0.000562865 0.00043705 0.000364154 
0.000404531 0.000426559 0.000503578 0.000642518 0.000855141 0.00115852 0.0015755 0.00213524 0.00287378 0.0038345 0.00506854 0.00663494 0.00860053 0.0110395 0.0140323 0.0176647 0.0220253 0.0272038 0.0332877 0.0403593 0.0484921 0.0577475 0.0681712 0.0797897 0.0926083 0.106608 0.121745 0.137949 0.155126 0.173158 0.191903 0.211205 0.230889 0.250772 0.270664 0.290373 0.309709 0.328489 0.346538 0.363694 0.379807 0.394746 0.408393 0.420646 0.431419 0.440642 0.448258 0.45422 0.458497 0.461064 0.461909 0.461028 0.458423 0.45411 0.44811 0.440459 0.431201 0.420393 0.408108 0.394432 0.379467 0.363332 0.346161 0.328103 0.309322 0.289992 0.270297 0.250428 0.230575 0.210929 0.191672 0.172975 0.154996 0.137873 0.121723 0.106639 0.0926887 0.0799144 0.0683341 0.0579417 0.04871 0.0405934 0.0335306 0.0274485 0.0222657 0.0178955 0.0142494 0.0112397 0.00878194 0.00679639 0.00520979 0.00395598 0.00297646 0.00222045 0.00164475 0.0012134 0.000897156 0.000673011 0.000523647 0.000437094 
0.000482091 0.000508302 0.000599432 0.000763551 0.00101433 0.00137157 0.0018617 0.00251838 0.00338307 0.00450549 0.00594405 0.00776588 0.0100466 0.0128697 0.0163254 0.0205088 0.0255179 0.0314505 0.0384011 0.0464574 0.0556959 0.0661787 0.077949 0.0910283 0.105413 0.121073 0.137949 0.155956 0.17498 0.194882 0.215501 0.236657 0.258159 0.279802 0.30138 0.322687 0.34352 0.363687 0.383006 0.401312 0.418456 0.434305 0.448744 0.461678 0.473026 0.482722 0.490714 0.496964 0.501443 0.50413 0.505014 0.504092 0.501367 0.496851 0.490563 0.482531 0.472797 0.461412 0.448441 0.433967 0.418087 0.400916 0.382588 0.363253 0.343078 0.322246 0.300948 0.279388 0.257773 0.236308 0.215195 0.194627 0.174781 0.155816 0.137869 0.121052 0.105449 0.0911168 0.0780839 0.0663528 0.0559012 0.0466856 0.038644 0.0317001 0.0257671 0.0207514 0.0165562 0.0130847 0.0102431 0.00794207 0.00609926 0.00463982 0.00349725 0.00261362 0.00193945 0.00143343 0.00106185 0.000798141 0.000622252 0.000520312 
0.000569794 0.000600717 0.000707661 0.000899946 0.00119333 0.0016106 0.0021821 0.00294636 0.00395068 0.00525163 0.00691536 0.0090176 0.0116433 0.0148856 0.0188446 0.0236252 0.0293345 0.0360784 0.0439579 0.0530652 0.0634789 0.0752603 0.0884488 0.103059 0.119076 0.136457 0.155126 0.17498 0.195883 0.217675 0.240174 0.263178 0.286474 0.309841 0.333054 0.355894 0.378148 0.399617 0.420115 0.439476 0.45755 0.47421 0.489348 0.502872 0.514711 0.524806 0.533114 0.539601 0.544245 0.547029 0.547946 0.546992 0.54417 0.539488 0.532962 0.524615 0.514479 0.5026 0.489035 0.473859 0.457162 0.439053 0.419664 0.399143 0.377659 0.355398 0.332561 0.30936 0.286017 0.262754 0.239793 0.217345 0.195611 0.17477 0.154982 0.136378 0.119062 0.103105 0.0885495 0.0754085 0.0636663 0.0532828 0.0441967 0.0363296 0.0295899 0.0238775 0.0190875 0.0151143 0.0118542 0.00920831 0.00708457 0.00539901 0.00407668 0.00305199 0.00226874 0.00167981 0.00124668 0.000938886 0.000733412 0.000614305 
0.000667963 0.00070414 0.000828626 0.0010521 0.0013926 0.00187612 0.00253722 0.00341967 0.00457704 0.00607315 0.00798237 0.0103894 0.013389 0.0170842 0.0215852 0.0270068 0.0334649 0.0410731 0.0499384 0.0601564 0.0718068 0.0849484 0.0996153 0.115813 0.133514 0.15266 0.173158 0.194882 0.217675 0.241355 0.265717 0.290536 0.315578 0.340605 0.365378 0.389663 0.413241 0.435906 0.457471 0.47777 0.49666 0.514018 0.529744 0.543757 0.555994 0.566406 0.57496 0.581629 0.586398 0.589257 0.590199 0.589222 0.586328 0.581522 0.574814 0.566221 0.555768 0.543488 0.529432 0.513662 0.496262 0.477332 0.456997 0.435401 0.412713 0.389121 0.36483 0.340064 0.315054 0.29004 0.265261 0.240949 0.217328 0.194599 0.172945 0.152519 0.133444 0.11581 0.099676 0.0850651 0.0719709 0.0603587 0.050169 0.0413224 0.0337235 0.0272665 0.0218387 0.0173255 0.0136136 0.0105943 0.00816544 0.00623364 0.00471504 0.00353597 0.00263304 0.00195297 0.00145204 0.00109562 0.000857471 0.000719399 
0.000776725 0.000818698 0.000962447 0.00122012 0.00161217 0.00216807 0.00292686 0.00393789 0.00526134 0.00696871 0.00914294 0.0118782 0.0152789 0.0194587 0.0245378 0.0306406 0.0378917 0.0464118 0.056313 0.0676933 0.0806321 0.0951845 0.111377 0.129204 0.148625 0.169562 0.191903 0.215501 0.240174 0.265717 0.291899 0.318477 0.345195 0.371797 0.39803 0.423652 0.448435 0.472171 0.494674 0.515782 0.535358 0.553289 0.569485 0.583876 0.596411 0.607054 0.615779 0.622573 0.627426 0.630333 0.631292 0.630301 0.627362 0.622476 0.615646 0.606882 0.596198 0.583619 0.569183 0.55294 0.534962 0.51534 0.494189 0.471647 0.447879 0.423073 0.397437 0.371201 0.344609 0.317914 0.291371 0.265236 0.239751 0.215144 0.191619 0.169354 0.148493 0.129148 0.111392 0.0952643 0.0807681 0.0678756 0.0565312 0.0466555 0.0381506 0.0309052 0.0247998 0.0197111 0.0155163 0.0120965 0.00933955 0.00714223 0.00541143 0.00406502 0.0030321 0.0022528 0.00167794 0.0012684 0.000994525 0.000835711 
0.000895974 0.000944275 0.00110896 0.00140374 0.00185165 0.00248582 0.00335006 0.00449956 0.00600146 0.00793524 0.0103927 0.0134777 0.0173049 0.0219981 0.0276877 0.0345074 0.0425901 0.0520629 0.063042 0.075627 0.089895 0.105896 0.123647 0.14313 0.164288 0.187024 0.211205 0.236657 0.263178 0.290536 0.318477 0.346734 0.375035 0.403107 0.430684 0.457515 0.483369 0.508037 0.531336 0.553112 0.573236 0.591607 0.608148 0.622802 0.635533 0.646315 0.655139 0.661997 0.66689 0.66982 0.670788 0.669794 0.666836 0.661913 0.655022 0.646163 0.635341 0.622567 0.607866 0.591275 0.572853 0.552677 0.530851 0.507505 0.482796 0.45691 0.430055 0.402466 0.374396 0.34611 0.317881 0.289983 0.262681 0.236226 0.210847 0.186747 0.164093 0.143017 0.123613 0.105934 0.0899981 0.0757849 0.0632439 0.0522974 0.0428461 0.0347743 0.0279562 0.0222601 0.0175539 0.0137087 0.0106024 0.00812153 0.00616355 0.00463758 0.00346483 0.0025786 0.00192391 0.00145693 0.00114439 0.000963111 
0.00102535 0.00108048 0.00126769 0.00160232 0.00211013 0.00282808 0.00380498 0.00510211 0.00679382 0.00896782 0.0117251 0.0151792 0.0194551 0.0246869 0.0310149 0.0385818 0.0475281 0.0579867 0.0700766 0.0838976 0.0995235 0.116997 0.136325 0.157474 0.180369 0.204894 0.230889 0.258159 0.286474 0.315578 0.345195 0.375035 0.404809 0.434227 0.463014 0.490914 0.517693 0.543143 0.56709 0.589386 0.609916 0.628591 0.64535 0.660152 0.672974 0.683808 0.692654 0.699518 0.70441 0.707338 0.708306 0.707317 0.704368 0.699451 0.692559 0.683681 0.67281 0.659946 0.645097 0.628287 0.609557 0.58897 0.566618 0.542617 0.517116 0.490295 0.462361 0.433551 0.404124 0.374357 0.344538 0.314958 0.285905 0.257654 0.230458 0.204545 0.180108 0.1573 0.136237 0.11699 0.0995897 0.0840271 0.0702582 0.0582084 0.0477781 0.0388484 0.0312876 0.0249567 0.0197143 0.015422 0.0119471 0.00916649 0.00696772 0.00525096 0.00392932 0.002929 0.00218898 0.00166053 0.00130655 0.0011012 
0.00116421 0.00122665 0.00143782 0.00181479 0.00238617 0.00319289 0.0042889 0.0057418 0.00763334 0.0100596 0.0131309 0.0169707 0.0217141 0.0275053 0.0344943 0.0428323 0.0526668 0.0641352 0.0773587 0.0924358 0.109435 0.128392 0.149298 0.172107 0.196722 0.223004 0.250772 0.279802 0.309841 0.340605 0.371797 0.403107 0.434227 0.464856 0.49471 0.523529 0.551079 0.577158 0.601599 0.624267 0.64506 0.663905 0.680758 0.695594 0.708409 0.719207 0.728004 0.734819 0.739669 0.74257 0.743532 0.742557 0.739641 0.734773 0.727936 0.719111 0.70828 0.695426 0.680544 0.663639 0.644736 0.623882 0.601152 0.576649 0.550511 0.522908 0.494044 0.464157 0.433508 0.402384 0.371086 0.339924 0.309205 0.279227 0.25027 0.222586 0.196393 0.171871 0.149155 0.128336 0.109461 0.0925333 0.0775166 0.064341 0.0529078 0.0430961 0.0347692 0.0277811 0.0219822 0.0172242 0.0133647 0.0102702 0.00781874 0.00590132 0.00442276 0.00330195 0.00247167 0.00187808 0.00148016 0.00124928 
0.00131162 0.00138177 0.00161818 0.00203967 0.00267778 0.00357754 0.00479818 0.00641373 0.00851348 0.011202 0.0145989 0.0188375 0.024063 0.0304295 0.0380961 0.047222 0.0579607 0.0704536 0.0848225 0.101163 0.119539 0.139973 0.162446 0.18689 0.213191 0.241185 0.270664 0.30138 0.333054 0.365378 0.39803 0.430684 0.463014 0.49471 0.525482 0.555066 0.583232 0.609785 0.63457 0.657464 0.678381 0.697268 0.714096 0.728861 0.741573 0.752256 0.760939 0.767652 0.772424 0.775277 0.776224 0.775271 0.772411 0.767629 0.7609 0.752196 0.741485 0.728736 0.713928 0.697047 0.678102 0.65712 0.634158 0.609305 0.582684 0.554454 0.524815 0.493999 0.462272 0.429926 0.397274 0.364642 0.332357 0.300739 0.270093 0.240697 0.212795 0.186591 0.162245 0.139867 0.119522 0.101226 0.0849536 0.0706405 0.05819 0.0474804 0.0383709 0.0307095 0.0243385 0.0191005 0.0148434 0.0114238 0.00870995 0.00658366 0.00494141 0.00369468 0.00276991 0.00210805 0.00166403 0.00140633 
0.00146634 0.00154456 0.00180723 0.00227503 0.00298243 0.00397866 0.00532829 0.00711187 0.00942624 0.0123845 0.0161155 0.0207623 0.0264798 0.0334318 0.0417859 0.0517086 0.0633588 0.0768805 0.0923953 0.109995 0.129736 0.151628 0.175639 0.20168 0.229615 0.259258 0.290373 0.322687 0.355894 0.389663 0.423652 0.457515 0.490914 0.523529 0.555066 0.585261 0.613891 0.64077 0.665753 0.688735 0.709648 0.728457 0.745152 0.759748 0.772274 0.78277 0.791279 0.797845 0.802506 0.80529 0.806218 0.805293 0.802509 0.797846 0.791272 0.782748 0.77223 0.759672 0.745035 0.728289 0.709422 0.688442 0.665387 0.640328 0.613374 0.584671 0.554409 0.522817 0.490158 0.456732 0.42286 0.388882 0.355143 0.321985 0.289738 0.258704 0.229154 0.201318 0.175379 0.15147 0.129673 0.110021 0.0924972 0.077046 0.063574 0.0519593 0.0420586 0.0337142 0.0267612 0.0210336 0.0163699 0.0126168 0.00963326 0.00729184 0.00548065 0.00410373 0.00308111 0.00234846 0.00185658 0.00157105 
0.00162686 0.00171339 0.00200311 0.00251851 0.00329706 0.00439219 0.00587386 0.00782909 0.0103623 0.013595 0.0176651 0.0227251 0.0289395 0.036481 0.0455254 0.0562458 0.0688053 0.0833497 0.0999992 0.118841 0.139921 0.163239 0.188744 0.216328 0.245833 0.277047 0.309709 0.34352 0.378148 0.413241 0.448435 0.483369 0.517693 0.551079 0.583232 0.613891 0.642839 0.669902 0.69495 0.717895 0.738687 0.75731 0.773776 0.788119 0.800386 0.810632 0.818918 0.825298 0.829819 0.83252 0.833421 0.832531 0.82984 0.825324 0.818944 0.810651 0.800388 0.788095 0.773715 0.7572 0.738518 0.717658 0.694638 0.669509 0.642363 0.613333 0.582596 0.550376 0.516934 0.482571 0.447616 0.412422 0.37735 0.342764 0.309015 0.276431 0.245309 0.215905 0.188426 0.163028 0.139813 0.118828 0.10007 0.0834917 0.0690042 0.0564868 0.0457942 0.0367642 0.0292253 0.0230035 0.0179282 0.013837 0.0105792 0.00801865 0.00603503 0.00452498 0.00340215 0.0025969 0.0020559 0.0017418 
0.00179136 0.00188638 0.00220362 0.00276737 0.00361812 0.00481347 0.00642872 0.00855731 0.0113111 0.0148198 0.0192302 0.0247039 0.0314146 0.0395434 0.0492734 0.0607835 0.0742405 0.0897908 0.107552 0.127606 0.149988 0.174685 0.201626 0.230687 0.261684 0.294379 0.328489 0.363687 0.399617 0.435906 0.472171 0.508037 0.543143 0.577158 0.609785 0.64077 0.669902 0.697022 0.722014 0.74481 0.765379 0.783726 0.799882 0.813901 0.825848 0.835795 0.843816 0.849979 0.85434 0.856943 0.857815 0.856963 0.854378 0.850031 0.843877 0.835855 0.825898 0.81393 0.799879 0.783678 0.765274 0.744636 0.721762 0.696684 0.669475 0.640252 0.609181 0.576474 0.542391 0.507233 0.471334 0.435058 0.39878 0.362883 0.32774 0.293705 0.2611 0.230205 0.201253 0.174422 0.149834 0.127553 0.107591 0.0899079 0.0744216 0.0610132 0.0495366 0.0398258 0.0317034 0.0249882 0.0195011 0.0150707 0.0115373 0.00875595 0.00659831 0.0049537 0.00372941 0.00285059 0.00225977 0.00191667 
