0.000376758 0.000383115 0.000405226 0.000443613 0.000499068 0.000572697 0.000665908 0.000780394 0.000918118 0.00108128 0.00127231 0.00149381 0.0017485 0.00203923 0.00236887 0.00274027 0.00315619 0.00361924 0.00413181 0.00469598 0.00531345 0.00598544 0.00671266 0.00749519 0.00833246 0.00922313 0.0101651 0.0111555 0.0121905 0.0132655 0.0143751 0.015513 0.0166721 0.0178448 0.0190226 0.0201967 0.0213575 0.0224956 0.0236008 0.0246635 0.0256735 0.0266215 0.0274981 0.0282946 0.029003 0.029616 0.0301272 0.0305314 0.0308242 0.0310025 0.0310644 0.0310094 0.030838 0.030552 0.0301546 0.0296499 0.0290434 0.0283412 0.0275507 0.0266799 0.0257374 0.0247324 0.0236745 0.0225736 0.0214395 0.0202821 0.0191111 0.0179357 0.016765 0.0156073 0.0144703 0.013361 0.0122859 0.0112502 0.0102586 0.00931489 0.00842206 0.00758222 0.00679672 0.0060662 0.00539061 0.0047693 0.00420108 0.00368431 0.00321696 0.00279668 0.00242092 0.00208693 0.0017919 0.00153299 0.00130739 0.00111237 0.000945348 0.000803906 0.000685837 0.000589173 0.00051221 0.000453524 0.000411992 0.000386846 
0.000383115 0.000389592 0.000412094 0.000451151 0.000507569 0.000582474 0.000677294 0.000793753 0.000933844 0.00109981 0.0012941 0.00151937 0.00177839 0.00207405 0.00240924 0.00278688 0.00320975 0.00368052 0.00420158 0.00477506 0.00540265 0.00608561 0.00682463 0.0076198 0.00847049 0.00937537 0.0103323 0.0113383 0.0123895 0.0134812 0.014608 0.0157634 0.0169403 0.0181308 0.0193265 0.0205181 0.0216964 0.0228513 0.023973 0.0250512 0.0260761 0.0270379 0.0279272 0.0287353 0.0294539 0.0300757 0.0305942 0.0310042 0.0313011 0.0314819 0.0315447 0.0314888 0.0313148 0.0310247 0.0306215 0.0301095 0.0294941 0.0287818 0.0279797 0.0270961 0.0261398 0.0251201 0.0240466 0.0229293 0.0217783 0.0206036 0.0194149 0.0182218 0.0170333 0.0158579 0.0147034 0.013577 0.0124851 0.0114333 0.0104261 0.00946752 0.00856051 0.00770725 0.00690915 0.00616683 0.00548028 0.00484885 0.00427133 0.00374606 0.00327099 0.00284374 0.00246172 0.00212215 0.00182217 0.00155891 0.0013295 0.00113119 0.000961342 0.000817501 0.000697427 0.000599121 0.000520849 0.000461168 0.000418933 0.000393364 
0.000405226 0.000412094 0.000435869 0.000477108 0.000536657 0.000615696 0.000715723 0.000838541 0.000986239 0.00116116 0.00136588 0.00160315 0.00187589 0.00218708 0.00253977 0.00293696 0.00338157 0.00387635 0.00442379 0.00502606 0.00568491 0.00640161 0.00717686 0.00801067 0.00890239 0.00985055 0.0108529 0.0119062 0.0130065 0.0141488 0.0153274 0.0165355 0.0177657 0.0190097 0.0202587 0.0215032 0.0227333 0.0239388 0.0251092 0.0262341 0.0273031 0.028306 0.0292332 0.0300755 0.0308244 0.0314724 0.0320126 0.0324396 0.0327489 0.0329371 0.0330023 0.0329439 0.0327625 0.03246 0.0320396 0.0315059 0.0308643 0.0301216 0.0292853 0.0283638 0.0273663 0.0263025 0.0251825 0.0240165 0.022815 0.0215885 0.0203471 0.0191008 0.0178588 0.0166303 0.0154232 0.0142452 0.0131028 0.012002 0.0109476 0.00994369 0.0089935 0.00809931 0.00726261 0.00648413 0.00576388 0.0051012 0.0044949 0.00394325 0.00344415 0.00299514 0.00259351 0.00223639 0.00192082 0.00164377 0.00140228 0.00119346 0.00101456 0.000863015 0.000736485 0.000632874 0.000550368 0.000487455 0.000442936 0.000415995 
0.000443613 0.000451151 0.000477108 0.000522086 0.000586996 0.000673108 0.000782036 0.000915721 0.00107641 0.00126661 0.0014891 0.00174681 0.00204288 0.00238048 0.00276288 0.00319326 0.00367472 0.00421017 0.00480224 0.0054532 0.00616487 0.00693854 0.00777488 0.00867386 0.00963467 0.0106557 0.0117344 0.0128673 0.01405 0.0152772 0.0165427 0.0178392 0.0191587 0.0204924 0.0218307 0.0231636 0.0244805 0.0257705 0.0270225 0.0282252 0.0293678 0.0304395 0.0314299 0.0323294 0.0331289 0.0338205 0.0343969 0.0348524 0.0351822 0.0353828 0.0354521 0.0353894 0.0351955 0.0348724 0.0344234 0.0338533 0.0331681 0.0323747 0.0314812 0.0304965 0.0294303 0.0282929 0.027095 0.0258476 0.0245618 0.0232486 0.0219189 0.0205834 0.019252 0.0179343 0.0166391 0.0153744 0.0141473 0.0129642 0.0118305 0.0107504 0.0097275 0.00876436 0.00786263 0.00702315 0.006246 0.00553056 0.00487559 0.00427931 0.00373951 0.0032536 0.00281871 0.00243181 0.00208971 0.00178922 0.00152715 0.00130043 0.0011061 0.00094141 0.000803852 0.000691175 0.000601429 0.000532987 0.000484561 0.000455271 
0.000499068 0.000507569 0.000536657 0.000586996 0.000659588 0.000755835 0.000877511 0.00102675 0.00120602 0.00141808 0.00166595 0.00195286 0.00228222 0.00265751 0.00308225 0.00355991 0.00409384 0.00468716 0.00534269 0.00606283 0.00684951 0.00770403 0.00862703 0.00961837 0.0106771 0.0118012 0.012988 0.0142334 0.0155327 0.0168799 0.0182681 0.0196893 0.0211348 0.0225949 0.0240592 0.0255167 0.0269558 0.0283648 0.0297315 0.0310439 0.03229 0.0334583 0.0345376 0.0355174 0.0363881 0.0371409 0.0377682 0.0382637 0.0386223 0.0388402 0.0389153 0.0388467 0.0386352 0.038283 0.0377939 0.0371728 0.0364262 0.0355616 0.0345876 0.0335141 0.0323513 0.0311104 0.0298029 0.0284408 0.0270362 0.025601 0.024147 0.0226857 0.0212282 0.0197848 0.0183651 0.016978 0.0156313 0.0143319 0.0130858 0.011898 0.0107722 0.00971134 0.00871743 0.00779144 0.00693355 0.00614319 0.00541908 0.00475935 0.00416166 0.00362322 0.00314098 0.00271161 0.0023317 0.00199775 0.00170631 0.00145401 0.00123762 0.00105414 0.000900801 0.000775147 0.000675034 0.000598674 0.000544651 0.000511998 
0.000572697 0.000582474 0.000615696 0.000673108 0.000755835 0.000865444 0.00100392 0.00117365 0.00137739 0.00161821 0.00189947 0.00222477 0.00259787 0.00302264 0.00350294 0.00404261 0.00464529 0.0053144 0.00605299 0.00686364 0.00774836 0.00870851 0.00974466 0.0108565 0.0120429 0.0133014 0.0146289 0.0160209 0.0174718 0.018975 0.0205227 0.0221059 0.023715 0.0253391 0.0269668 0.0285857 0.0301832 0.0317463 0.0332616 0.0347158 0.036096 0.0373892 0.0385834 0.039667 0.0406296 0.0414616 0.0421546 0.0427018 0.0430976 0.0433379 0.0434203 0.0433441 0.0431099 0.0427203 0.0421792 0.0414922 0.0406662 0.0397095 0.0386317 0.0374431 0.0361553 0.0347805 0.0333313 0.0318208 0.0302622 0.0286688 0.0270536 0.0254294 0.0238082 0.0222015 0.0206202 0.0190739 0.0175716 0.016121 0.0147288 0.0134005 0.0121406 0.0109524 0.00983825 0.00879933 0.00783598 0.00694769 0.00613315 0.0053904 0.0047169 0.00410965 0.0035653 0.00308024 0.00265069 0.00227281 0.00194277 0.00165683 0.00141143 0.00120321 0.0010291 0.000886352 0.000772579 0.000685784 0.000624384 0.000587299 
0.000665908 0.000677294 0.000715723 0.000782036 0.000877511 0.00100392 0.00116352 0.00135899 0.00159345 0.00187036 0.0021935 0.00256691 0.0029948 0.00348149 0.00403131 0.00464848 0.00533706 0.00610079 0.006943 0.00786647 0.00887334 0.00996499 0.0111419 0.0124036 0.0137485 0.015174 0.0166761 0.0182498 0.0198886 0.021585 0.02333 0.0251137 0.0269249 0.0287517 0.030581 0.0323992 0.0341921 0.0359452 0.0376436 0.0392726 0.0408177 0.0422647 0.0436003 0.0448117 0.0458872 0.0468165 0.0475903 0.048201 0.0486425 0.0489103 0.0490018 0.0489161 0.048654 0.0482184 0.0476134 0.0468454 0.0459218 0.0448519 0.0436461 0.0423161 0.0408745 0.0393347 0.0377108 0.0360174 0.034269 0.0324805 0.0306664 0.0288408 0.0270173 0.025209 0.0234277 0.0216845 0.0199895 0.0183515 0.0167781 0.0152756 0.0138492 0.0125028 0.0112391 0.0100597 0.00896507 0.0079548 0.00702755 0.00618124 0.00541313 0.00471995 0.004098 0.00354329 0.00305163 0.00261873 0.00224033 0.00191223 0.00163044 0.00139117 0.00119098 0.00102677 0.000895836 0.000795928 0.000725258 0.000682605 
0.000780394 0.000793753 0.000838541 0.000915721 0.00102675 0.00117365 0.00135899 0.00158583 0.00185769 0.00217852 0.0025526 0.00298448 0.00347892 0.00404078 0.00467489 0.005386 0.0061786 0.00705683 0.00802433 0.00908412 0.0102385 0.0114888 0.0128354 0.0142776 0.0158134 0.0174396 0.0191516 0.0209435 0.0228078 0.0247358 0.0267174 0.0287411 0.0307943 0.0328635 0.0349338 0.0369901 0.0390163 0.040996 0.0429127 0.04475 0.0464917 0.0481219 0.0496258 0.0509892 0.0521992 0.0532442 0.054114 0.0548002 0.055296 0.0555965 0.0556987 0.0556018 0.0553066 0.0548161 0.0541352 0.0532707 0.0522311 0.0510265 0.0496685 0.04817 0.0465451 0.0448087 0.0429766 0.041065 0.0390902 0.0370687 0.0350169 0.0329506 0.0308853 0.0288354 0.0268147 0.0248355 0.0229095 0.0210465 0.0192555 0.0175436 0.015917 0.0143802 0.0129364 0.0115877 0.0103347 0.00917719 0.00811379 0.00714229 0.00625972 0.00546249 0.00474652 0.00410737 0.00354036 0.00304068 0.00260352 0.00222418 0.00189812 0.00162108 0.00138913 0.00119877 0.00104693 0.000931042 0.000849074 0.000799637 
0.000918118 0.000933844 0.000986239 0.00107641 0.00120602 0.00137739 0.00159345 0.00185769 0.00217415 0.0025473 0.002982 0.00348344 0.00405699 0.00470812 0.00544228 0.00626479 0.00718064 0.00819443 0.00931015 0.0105311 0.0118596 0.0132971 0.0148438 0.0164986 0.0182591 0.0201214 0.02208 0.0241281 0.0262569 0.0284565 0.0307151 0.0330197 0.035356 0.0377084 0.0400603 0.0423944 0.0446926 0.0469365 0.0491076 0.0511874 0.0531578 0.0550011 0.0567006 0.0582406 0.0596068 0.0607861 0.0617674 0.0625412 0.0631 0.0634384 0.0635532 0.0634431 0.0631094 0.0625553 0.0617862 0.0608098 0.0596353 0.0582741 0.0567391 0.0550448 0.0532067 0.0512416 0.0491671 0.0470012 0.0447624 0.0424692 0.0401399 0.0377926 0.0354446 0.0331123 0.0308112 0.0285557 0.0263587 0.0242319 0.0221854 0.0202275 0.0183654 0.0166045 0.0149487 0.0134003 0.0119605 0.0106292 0.00940488 0.00828533 0.00726728 0.00634681 0.00551939 0.00478006 0.00412358 0.00354455 0.00303754 0.00259723 0.00221847 0.00189643 0.00162664 0.0014051 0.00122832 0.00109336 0.000997916 0.000940387 
0.00108128 0.00109981 0.00116116 0.00126661 0.00141808 0.00161821 0.00187036 0.00217852 0.0025473 0.00298178 0.00348753 0.0040704 0.00473648 0.00549196 0.00634297 0.00729546 0.008355 0.00952669 0.0108149 0.0122232 0.013754 0.0154087 0.0171874 0.0190885 0.021109 0.0232443 0.0254879 0.0278316 0.0302655 0.0327779 0.0353555 0.0379832 0.0406448 0.0433224 0.0459974 0.04865 0.0512599 0.0538063 0.0562684 0.0586255 0.0608572 0.0629438 0.0648667 0.0666083 0.0681526 0.0694851 0.0705935 0.0714671 0.0720977 0.0724792 0.0726081 0.0724831 0.0721055 0.0714788 0.0706093 0.0695051 0.0681769 0.0666371 0.0649001 0.0629821 0.0609005 0.0586739 0.0563221 0.0538653 0.0513242 0.0487196 0.0460723 0.0434024 0.0407297 0.0380728 0.0354493 0.0328756 0.0303666 0.0279355 0.025594 0.023352 0.0212177 0.0191975 0.0172959 0.0155162 0.0138597 0.0123264 0.0109151 0.00962329 0.00844751 0.00738341 0.00642598 0.00556971 0.0048087 0.0041369 0.00354816 0.00303645 0.00259594 0.00222113 0.00190695 0.00164882 0.00144275 0.00128541 0.00117412 0.00110709 
0.00127231 0.0012941 0.00136588 0.0014891 0.00166595 0.00189947 0.0021935 0.0025526 0.002982 0.00348753 0.00407547 0.00475249 0.00552548 0.00640139 0.00738714 0.00848938 0.00971431 0.0110676 0.0125539 0.0141772 0.01594 0.0178435 0.0198876 0.0220703 0.0243878 0.0268345 0.0294028 0.0320832 0.0348642 0.0377322 0.0406719 0.0436661 0.0466963 0.0497422 0.0527827 0.0557953 0.0587573 0.0616451 0.0644355 0.0671051 0.0696311 0.0719916 0.0741658 0.076134 0.0778785 0.0793832 0.0806342 0.0816199 0.0823311 0.082761 0.0829058 0.082764 0.082337 0.0816289 0.0806464 0.0793987 0.0778976 0.076157 0.0741929 0.0720232 0.0696673 0.0671462 0.0644818 0.0616968 0.0588145 0.0558582 0.0528512 0.0498165 0.046776 0.0437512 0.040762 0.0378271 0.0349633 0.0321861 0.0295089 0.026943 0.0244982 0.0221818 0.0199994 0.0179549 0.0160502 0.0142855 0.0126596 0.01117 0.00981287 0.00858351 0.00747638 0.0064853 0.00560372 0.00482478 0.00414159 0.00354732 0.00303536 0.00259945 0.00223382 0.00193327 0.00169324 0.00150991 0.00138026 0.00130222 
0.00149381 0.00151937 0.00160315 0.00174681 0.00195286 0.00222477 0.00256691 0.00298448 0.00348344 0.0040704 0.00475249 0.00553726 0.00643246 0.00744596 0.00858548 0.00985844 0.0112717 0.0128316 0.0145432 0.0164105 0.0184364 0.020622 0.0229665 0.0254675 0.0281204 0.0309185 0.0338529 0.0369124 0.0400837 0.0433512 0.0466974 0.0501026 0.0535457 0.0570039 0.060453 0.0638679 0.0672228 0.0704914 0.0736475 0.0766651 0.0795187 0.0821838 0.0846371 0.0868571 0.0888238 0.0905196 0.0919289 0.0930388 0.0938393 0.0943229 0.0944852 0.0943247 0.093843 0.0930445 0.0919367 0.0905298 0.0888368 0.0868732 0.0846567 0.0822072 0.0795463 0.0766974 0.0736849 0.0705341 0.0672711 0.0639222 0.0605134 0.0570705 0.0536186 0.0501816 0.0467822 0.0434417 0.0401794 0.0370129 0.0339576 0.0310268 0.0282315 0.0255806 0.0230809 0.0207368 0.0185508 0.0165236 0.0146542 0.0129398 0.0113764 0.00995889 0.00868112 0.00753628 0.00651702 0.00561566 0.00482445 0.00413566 0.00354184 0.00303589 0.00261126 0.00226202 0.00198299 0.00176984 0.00161909 0.00152839 
0.0017485 0.00177839 0.00187589 0.00204288 0.00228222 0.00259787 0.0029948 0.00347892 0.00405699 0.00473648 0.00552548 0.00643246 0.00746619 0.00863546 0.0099489 0.0114148 0.0130407 0.0148335 0.0167987 0.0189408 0.0212624 0.0237645 0.0264459 0.0293035 0.0323317 0.0355226 0.0388656 0.0423478 0.0459539 0.0496659 0.0534638 0.0573254 0.0612266 0.0651414 0.0690428 0.0729025 0.0766915 0.0803804 0.0839399 0.0873409 0.0905551 0.0935553 0.0963158 0.0988124 0.101023 0.102929 0.104512 0.105758 0.106656 0.107199 0.10738 0.107199 0.106657 0.10576 0.104514 0.102933 0.101029 0.0988203 0.0963263 0.0935691 0.0905725 0.0873626 0.0839663 0.0804122 0.076729 0.0729462 0.069093 0.0651984 0.0612904 0.0573962 0.0535415 0.0497502 0.0460445 0.0424443 0.0389674 0.0356291 0.0324423 0.0294172 0.0265619 0.0238819 0.0213803 0.0190582 0.0169147 0.0149472 0.0131513 0.0115215 0.010051 0.00873233 0.00755725 0.00651722 0.00560353 0.0048075 0.00412072 0.00353518 0.00304344 0.0026388 0.00231539 0.00206826 0.00189349 0.00178839 
0.00203923 0.00207405 0.00218708 0.00238048 0.00265751 0.00302264 0.00348149 0.00404078 0.00470812 0.00549196 0.00640139 0.00744596 0.00863546 0.00997971 0.0114883 0.0131705 0.0150345 0.0170878 0.0193366 0.0217852 0.0244364 0.0272909 0.0303471 0.0336008 0.0370454 0.0406715 0.0444668 0.0484164 0.0525026 0.0567049 0.0610006 0.0653644 0.069769 0.0741853 0.0785828 0.0829299 0.0871941 0.0913426 0.0953428 0.0991624 0.10277 0.106135 0.10923 0.112028 0.114504 0.116638 0.118409 0.119804 0.120809 0.121415 0.121617 0.121414 0.120807 0.119801 0.118406 0.116635 0.114502 0.112026 0.10923 0.106138 0.102775 0.0991715 0.0953564 0.0913613 0.0872186 0.0829607 0.0786205 0.0742303 0.0698216 0.0654247 0.0610688 0.0567808 0.052586 0.0485069 0.0445639 0.0407746 0.0371538 0.0337137 0.0304635 0.0274099 0.0245569 0.0219061 0.0194569 0.0172067 0.0151508 0.0132833 0.0115968 0.0100831 0.00873309 0.0075372 0.00648572 0.00556895 0.00477741 0.0041021 0.00353464 0.00306745 0.0026939 0.00240839 0.00220647 0.0020851 
0.00236887 0.00240924 0.00253977 0.00276288 0.00308225 0.00350294 0.00403131 0.00467489 0.00544228 0.00634297 0.00738714 0.00858548 0.0099489 0.0114883 0.0132144 0.0151373 0.017266 0.0196087 0.0221718 0.02496 0.027976 0.03122 0.0346898 0.0383802 0.0422833 0.046388 0.0506801 0.0551424 0.0597546 0.0644935 0.0693332 0.0742452 0.0791987 0.0841612 0.0890984 0.0939751 0.098755 0.103402 0.10788 0.112152 0.116185 0.119945 0.123401 0.126524 0.129286 0.131665 0.13364 0.135194 0.136313 0.136988 0.137213 0.136986 0.136308 0.135187 0.133631 0.131654 0.129274 0.126511 0.123389 0.119935 0.116177 0.112147 0.107878 0.103405 0.0987642 0.0939907 0.0891212 0.0841918 0.0792376 0.0742926 0.0693895 0.0645587 0.0598285 0.0552248 0.0507705 0.0464858 0.0423879 0.0384906 0.0348051 0.0313392 0.0280979 0.0250835 0.0222957 0.019732 0.0173875 0.0152558 0.0133291 0.0115982 0.0100531 0.00868323 0.00747784 0.00642605 0.00551729 0.00474146 0.00408914 0.00355181 0.00312201 0.00279342 0.00256103 0.00242141 
0.00274027 0.00278688 0.00293696 0.00319326 0.00355991 0.00404261 0.00464848 0.005386 0.00626479 0.00729546 0.00848938 0.00985844 0.0114148 0.0131705 0.0151373 0.0173262 0.0197472 0.022409 0.0253184 0.0284803 0.0318971 0.0355686 0.0394917 0.0436602 0.0480646 0.0526918 0.0575256 0.0625463 0.0677306 0.0730524 0.0784822 0.0839881 0.0895356 0.0950883 0.100608 0.106056 0.111391 0.116574 0.121565 0.126324 0.130813 0.134996 0.138838 0.142308 0.145377 0.148019 0.150211 0.151935 0.153177 0.153925 0.154173 0.15392 0.153167 0.151922 0.150194 0.147999 0.145355 0.142284 0.138813 0.134971 0.130789 0.126302 0.121546 0.11656 0.111383 0.106054 0.100613 0.0951019 0.0895581 0.08402 0.078524 0.0731042 0.0677925 0.0626181 0.057607 0.0527822 0.0481632 0.0437663 0.0396043 0.0356865 0.0320191 0.0286053 0.025445 0.0225359 0.0198732 0.0174499 0.0152577 0.0132864 0.0115253 0.00996262 0.00858642 0.00738468 0.0063456 0.00545792 0.00471112 0.00409566 0.00360316 0.00322654 0.00296018 0.00280022 
0.00315619 0.00320975 0.00338157 0.00367472 0.00409384 0.00464529 0.00533706 0.0061786 0.00718064 0.008355 0.00971431 0.0112717 0.0130407 0.0150345 0.017266 0.0197472 0.022489 0.0255005 0.0287889 0.0323592 0.0362136 0.0403512 0.0447679 0.0494562 0.0544049 0.0595989 0.0650194 0.0706439 0.0764461 0.0823964 0.0884619 0.0946067 0.100792 0.106978 0.113122 0.119181 0.12511 0.130866 0.136403 0.14168 0.146655 0.151288 0.155541 0.15938 0.162773 0.165693 0.168116 0.17002 0.171391 0.172216 0.17249 0.17221 0.171377 0.170001 0.16809 0.165663 0.162739 0.159342 0.155501 0.151246 0.146614 0.14164 0.136366 0.130832 0.125082 0.119159 0.113108 0.106972 0.100796 0.0946204 0.0884865 0.0824322 0.0764933 0.0707025 0.0650891 0.0596793 0.0544954 0.0495559 0.0448757 0.040466 0.0363342 0.0324842 0.0289168 0.0256299 0.0226185 0.0198755 0.0173916 0.0151562 0.0131573 0.0113822 0.0098176 0.00845033 0.00726728 0.00625593 0.00540459 0.00470262 0.00414067 0.00371083 0.00340682 0.00322431 
0.00361924 0.00368052 0.00387635 0.00421017 0.00468716 0.0053144 0.00610079 0.00705683 0.00819443 0.00952669 0.0110676 0.0128316 0.0148335 0.0170878 0.0196087 0.022409 0.0255005 0.0288928 0.0325935 0.0366075 0.0409366 0.0455791 0.0505299 0.0557798 0.0613157 0.0671202 0.0731719 0.0794452 0.0859103 0.0925341 0.0992796 0.106107 0.112973 0.119834 0.126642 0.13335 0.139909 0.146271 0.152388 0.158213 0.163701 0.168808 0.173494 0.177722 0.181457 0.18467 0.187334 0.189427 0.190934 0.191841 0.192141 0.191832 0.190916 0.189402 0.1873 0.184629 0.18141 0.177669 0.173438 0.168749 0.16364 0.158153 0.15233 0.146216 0.139858 0.133305 0.126605 0.119805 0.112955 0.106099 0.099284 0.092551 0.0859401 0.0794878 0.0732274 0.0671882 0.0613955 0.0558707 0.0506308 0.0456889 0.0410539 0.0367309 0.0327214 0.0290236 0.0256326 0.0225409 0.0197388 0.0172147 0.0149557 0.0129479 0.0111769 0.00962797 0.00828681 0.00713955 0.00617322 0.00537605 0.00473762 0.00424916 0.00390367 0.00369634 
0.00413181 0.00420158 0.00442379 0.00480224 0.00534269 0.00605299 0.006943 0.00802433 0.00931015 0.0108149 0.0125539 0.0145432 0.0167987 0.0193366 0.0221718 0.0253184 0.0287889 0.0325935 0.03674 0.041233 0.0460738 0.05126 0.056785 0.0626379 0.0688034 0.0752616 0.0819881 0.0889538 0.0961256 0.103466 0.110934 0.118486 0.126073 0.133648 0.141158 0.148551 0.155774 0.162774 0.1695 0.1759 0.181925 0.187529 0.192669 0.197303 0.201395 0.204913 0.20783 0.210121 0.211769 0.212761 0.213089 0.21275 0.211747 0.210088 0.207787 0.204861 0.201334 0.197235 0.192595 0.187451 0.181844 0.175818 0.169418 0.162695 0.155698 0.148481 0.141095 0.133594 0.12603 0.118454 0.110916 0.103461 0.0961349 0.0889777 0.0820265 0.0753144 0.0688701 0.0627176 0.0568767 0.0513626 0.0461859 0.0413529 0.0368662 0.0327243 0.0289224 0.0254529 0.0223055 0.0194678 0.016926 0.014665 0.0126689 0.0109219 0.00940812 0.00811234 0.00702029 0.00611893 0.00539679 0.00484413 0.00445321 0.0042187 
0.00469598 0.00477506 0.00502606 0.0054532 0.00606283 0.00686364 0.00786647 0.00908412 0.0105311 0.0122232 0.0141772 0.0164105 0.0189408 0.0217852 0.02496 0.0284803 0.0323592 0.0366075 0.041233 0.0462401 0.0516294 0.0573974 0.063536 0.0700325 0.0768689 0.0840226 0.0914658 0.0991661 0.107086 0.115185 0.123416 0.131731 0.140078 0.148402 0.156649 0.16476 0.172678 0.180345 0.187706 0.194706 0.201291 0.207411 0.213021 0.218077 0.222539 0.226374 0.229552 0.232048 0.233842 0.234922 0.235278 0.234908 0.233815 0.232008 0.229499 0.22631 0.222465 0.217993 0.212929 0.207313 0.201188 0.1946 0.1876 0.18024 0.172575 0.164663 0.156559 0.148321 0.140008 0.131673 0.123371 0.115155 0.107072 0.0991683 0.0914844 0.0840574 0.0769196 0.0700984 0.0636162 0.0574906 0.0517341 0.0463547 0.0413558 0.0367366 0.0324927 0.0286161 0.0250963 0.02192 0.0190724 0.0165373 0.0142975 0.0123356 0.0106344 0.00917727 0.00794852 0.00693382 0.00612055 0.00549799 0.00505759 0.00479349 
0.00531345 0.00540265 0.00568491 0.00616487 0.00684951 0.00774836 0.00887334 0.0102385 0.0118596 0.013754 0.01594 0.0184364 0.0212624 0.0244364 0.027976 0.0318971 0.0362136 0.0409366 0.0460738 0.0516294 0.0576031 0.0639902 0.0707807 0.0779597 0.0855066 0.0933958 0.101596 0.11007 0.118778 0.127673 0.136704 0.145819 0.15496 0.164068 0.173082 0.18194 0.19058 0.19894 0.206959 0.214579 0.221743 0.228397 0.234492 0.239982 0.244825 0.248986 0.252432 0.255138 0.257083 0.258253 0.258638 0.258236 0.257051 0.25509 0.25237 0.248909 0.244736 0.239881 0.234381 0.228278 0.221617 0.214449 0.206827 0.198807 0.19045 0.181814 0.172963 0.163957 0.15486 0.145732 0.136632 0.127616 0.118738 0.110048 0.101592 0.0934098 0.0855386 0.0780091 0.0708466 0.0640714 0.0576982 0.0517366 0.0461913 0.0410623 0.0363455 0.032033 0.0281137 0.0245739 0.0213976 0.0185674 0.016065 0.0138714 0.011968 0.0103365 0.00895998 0.00782268 0.00691077 0.00621252 0.00571854 0.00542241 
0.00598544 0.00608561 0.00640161 0.00693854 0.00770403 0.00870851 0.00996499 0.0114888 0.0132971 0.0154087 0.0178435 0.020622 0.0237645 0.0272909 0.03122 0.0355686 0.0403512 0.0455791 0.05126 0.0573974 0.0639902 0.0710319 0.0785109 0.0864095 0.0947046 0.103367 0.112361 0.121647 0.131178 0.140905 0.150771 0.160718 0.170684 0.180604 0.190413 0.200044 0.209429 0.218502 0.227199 0.235456 0.243213 0.250414 0.257006 0.26294 0.268173 0.272666 0.276386 0.279306 0.281404 0.282665 0.28308 0.282646 0.281367 0.27925 0.276313 0.272577 0.268068 0.262822 0.256876 0.250273 0.243064 0.2353 0.227039 0.218341 0.209268 0.199887 0.190262 0.180462 0.170552 0.160599 0.150667 0.140818 0.131109 0.121597 0.112331 0.103357 0.0947151 0.0864398 0.0785601 0.0710988 0.0640733 0.0574951 0.0513702 0.0456997 0.0404799 0.0357031 0.0313579 0.0274299 0.0239023 0.0207564 0.0179726 0.0155306 0.0134101 0.0115914 0.010056 0.00878679 0.00776873 0.00698898 0.00643731 0.00610669 
0.00671266 0.00682463 0.00717686 0.00777488 0.00862703 0.00974466 0.0111419 0.0128354 0.0148438 0.0171874 0.0198876 0.0229665 0.0264459 0.0303471 0.0346898 0.0394917 0.0447679 0.0505299 0.056785 0.063536 0.0707807 0.0785109 0.0867126 0.0953657 0.104444 0.113913 0.123736 0.133867 0.144254 0.154844 0.165574 0.176382 0.1872 0.197957 0.208584 0.219008 0.229157 0.238961 0.24835 0.257257 0.26562 0.273377 0.280473 0.286858 0.292485 0.297315 0.301312 0.304448 0.306701 0.308055 0.308501 0.308034 0.306659 0.304385 0.301229 0.297213 0.292366 0.286722 0.280323 0.273214 0.265446 0.257075 0.248162 0.23877 0.228965 0.218819 0.2084 0.197781 0.187034 0.176229 0.165437 0.154724 0.144154 0.133787 0.123678 0.113877 0.10443 0.0953742 0.0867424 0.078561 0.0708496 0.0636219 0.0568858 0.0506434 0.0448918 0.0396233 0.0348265 0.0304864 0.0265854 0.0231036 0.0200201 0.0173132 0.0149609 0.0129422 0.011237 0.00982669 0.00869501 0.00782802 0.00721457 0.00684702 
0.00749519 0.0076198 0.00801067 0.00867386 0.00961837 0.0108565 0.0124036 0.0142776 0.0164986 0.0190885 0.0220703 0.0254675 0.0293035 0.0336008 0.0383802 0.0436602 0.0494562 0.0557798 0.0626379 0.0700325 0.0779597 0.0864095 0.0953657 0.104805 0.114697 0.125006 0.135687 0.146692 0.157965 0.169444 0.181065 0.192757 0.204448 0.216063 0.227525 0.238759 0.249686 0.260232 0.270323 0.27989 0.288864 0.297183 0.304788 0.311627 0.317652 0.322819 0.327095 0.330449 0.332857 0.334304 0.33478 0.334281 0.33281 0.330378 0.327002 0.322705 0.317517 0.311474 0.304618 0.296998 0.288666 0.279681 0.270107 0.26001 0.249462 0.238536 0.227307 0.215851 0.204247 0.192569 0.180892 0.16929 0.157831 0.14658 0.135599 0.124941 0.114657 0.104789 0.0953736 0.0864404 0.0780119 0.0701043 0.0627273 0.0558844 0.0495734 0.0437873 0.0385144 0.0337392 0.0294435 0.0256063 0.0222054 0.0192175 0.0166194 0.0143882 0.0125024 0.0109421 0.00968945 0.00872956 0.00805033 0.00764346 
0.00833246 0.00847049 0.00890239 0.00963467 0.0106771 0.0120429 0.0137485 0.0158134 0.0182591 0.021109 0.0243878 0.0281204 0.0323317 0.0370454 0.0422833 0.0480646 0.0544049 0.0613157 0.0688034 0.0768689 0.0855066 0.0947046 0.104444 0.114697 0.125432 0.136607 0.148173 0.160078 0.172259 0.18465 0.197181 0.209776 0.222358 0.234845 0.247156 0.259209 0.270923 0.282218 0.293018 0.303247 0.312836 0.321718 0.329833 0.337126 0.343547 0.349052 0.353605 0.357176 0.359739 0.361279 0.361784 0.361252 0.359687 0.357098 0.353504 0.348927 0.343399 0.336957 0.329644 0.321512 0.312614 0.303012 0.292773 0.281967 0.270667 0.258953 0.246902 0.234597 0.22212 0.209551 0.196972 0.18446 0.172089 0.159931 0.148052 0.136511 0.125362 0.114655 0.104427 0.0947137 0.0855399 0.0769245 0.0688793 0.0614093 0.0545136 0.0481854 0.0424133 0.0371816 0.032471 0.0282599 0.0245246 0.0212405 0.0183829 0.0159273 0.0138507 0.0121316 0.010751 0.00969279 0.00894389 0.00849541 
0.00922313 0.00937537 0.00985055 0.0106557 0.0118012 0.0133014 0.015174 0.0174396 0.0201214 0.0232443 0.0268345 0.0309185 0.0355226 0.0406715 0.046388 0.0526918 0.0595989 0.0671202 0.0752616 0.0840226 0.0933958 0.103367 0.113913 0.125006 0.136607 0.14867 0.161144 0.173968 0.187076 0.200397 0.213854 0.227365 0.240848 0.254216 0.267383 0.280261 0.292766 0.304813 0.31632 0.327212 0.337413 0.346856 0.355478 0.363221 0.370035 0.375874 0.380702 0.384486 0.387202 0.388833 0.389368 0.388805 0.387146 0.384402 0.380591 0.375738 0.369873 0.363036 0.355271 0.346629 0.337168 0.326952 0.316048 0.304531 0.292479 0.279972 0.267094 0.253932 0.240573 0.227102 0.213606 0.200169 0.186869 0.173785 0.160987 0.148541 0.136506 0.124934 0.113871 0.103352 0.0934079 0.0840599 0.0753219 0.067201 0.0596973 0.0528048 0.0465124 0.040804 0.03566 0.0310576 0.0269721 0.0233775 0.0202475 0.0175563 0.0152791 0.013393 0.0118778 0.010716 0.00989378 0.00940149 
0.0101651 0.0103323 0.0108529 0.0117344 0.012988 0.0146289 0.0166761 0.0191516 0.02208 0.0254879 0.0294028 0.0338529 0.0388656 0.0444668 0.0506801 0.0575256 0.0650194 0.0731719 0.0819881 0.0914658 0.101596 0.112361 0.123736 0.135687 0.148173 0.161144 0.174541 0.1883 0.202349 0.216611 0.231002 0.245438 0.259827 0.27408 0.288104 0.301808 0.315101 0.327896 0.340108 0.351655 0.362463 0.37246 0.381581 0.389768 0.396968 0.403136 0.408232 0.412226 0.415092 0.416813 0.417377 0.416782 0.415032 0.412136 0.408114 0.402989 0.396794 0.389568 0.381357 0.372214 0.362197 0.351371 0.339809 0.327586 0.314783 0.301486 0.287781 0.27376 0.259515 0.245137 0.230716 0.216343 0.202104 0.188079 0.174348 0.16098 0.14804 0.135585 0.123665 0.11232 0.101585 0.0914827 0.0820308 0.073238 0.0651057 0.0576292 0.0507974 0.0445943 0.0389999 0.0339905 0.0295403 0.025622 0.0222079 0.0192705 0.0167836 0.014723 0.0130669 0.0117967 0.0108977 0.0103596 
0.0111555 0.0113383 0.0119062 0.0128673 0.0142334 0.0160209 0.0182498 0.0209435 0.0241281 0.0278316 0.0320832 0.0369124 0.0423478 0.0484164 0.0551424 0.0625463 0.0706439 0.0794452 0.0889538 0.0991661 0.11007 0.121647 0.133867 0.146692 0.160078 0.173968 0.1883 0.203004 0.218001 0.233209 0.24854 0.263901 0.279197 0.294333 0.30921 0.323733 0.337808 0.351342 0.364248 0.376442 0.387845 0.398385 0.407995 0.416615 0.424192 0.430679 0.436038 0.440235 0.443247 0.445054 0.445647 0.445022 0.443183 0.440141 0.435912 0.430524 0.424007 0.416402 0.407756 0.398121 0.387558 0.376135 0.363924 0.351005 0.33746 0.323379 0.308853 0.293977 0.278848 0.263561 0.248215 0.232902 0.217716 0.202744 0.188069 0.173767 0.159909 0.146557 0.133765 0.121578 0.110034 0.0991607 0.0889772 0.0794947 0.0707165 0.0626387 0.0552511 0.0485376 0.0424778 0.0370474 0.0322196 0.0279658 0.0242569 0.0210639 0.0183592 0.016117 0.0143143 0.0129314 0.0119525 0.0113666 
0.0121905 0.0123895 0.0130065 0.01405 0.0155327 0.0174718 0.0198886 0.0228078 0.0262569 0.0302655 0.0348642 0.0400837 0.0459539 0.0525026 0.0597546 0.0677306 0.0764461 0.0859103 0.0961256 0.107086 0.118778 0.131178 0.144254 0.157965 0.172259 0.187076 0.202349 0.218001 0.233949 0.250104 0.266371 0.282654 0.298851 0.314861 0.330582 0.345913 0.360757 0.375017 0.388603 0.401428 0.413412 0.42448 0.434564 0.443605 0.451546 0.458342 0.463953 0.468347 0.471499 0.47339 0.474011 0.473357 0.471433 0.468248 0.463822 0.458179 0.451352 0.443381 0.434312 0.4242 0.413107 0.401101 0.388256 0.374654 0.36038 0.345528 0.330192 0.31447 0.298465 0.282276 0.266007 0.249757 0.233625 0.217702 0.202079 0.186838 0.172054 0.157795 0.144121 0.13108 0.118715 0.107057 0.0961279 0.0859417 0.0765034 0.0678105 0.0598533 0.0526161 0.0460783 0.040215 0.0349984 0.0303989 0.0263859 0.0229292 0.0199995 0.0175696 0.0156153 0.0141157 0.0130541 0.0124188 
0.0132655 0.0134812 0.0141488 0.0152772 0.0168799 0.018975 0.021585 0.0247358 0.0284565 0.0327779 0.0377322 0.0433512 0.0496659 0.0567049 0.0644935 0.0730524 0.0823964 0.0925341 0.103466 0.115185 0.127673 0.140905 0.154844 0.169444 0.18465 0.200397 0.216611 0.233209 0.250104 0.267199 0.284396 0.30159 0.318676 0.335546 0.352096 0.368219 0.383814 0.398782 0.413028 0.426466 0.439011 0.45059 0.461131 0.470575 0.478866 0.485958 0.491811 0.496393 0.499678 0.50165 0.502297 0.501615 0.49961 0.496291 0.491675 0.485789 0.478665 0.470342 0.460867 0.450297 0.438691 0.42612 0.412661 0.398395 0.383411 0.367805 0.351675 0.335123 0.318254 0.301175 0.283993 0.266814 0.24974 0.232871 0.216302 0.200121 0.184409 0.169239 0.154677 0.140776 0.127582 0.11513 0.103446 0.0925458 0.082437 0.0731182 0.0645808 0.0568096 0.0497837 0.0434778 0.0378634 0.0329097 0.028585 0.0248575 0.0216967 0.019074 0.0169639 0.0153443 0.0141976 0.0135115 
0.0143751 0.014608 0.0153274 0.0165427 0.0182681 0.0205227 0.02333 0.0267174 0.0307151 0.0353555 0.0406719 0.0466974 0.0534638 0.0610006 0.0693332 0.0784822 0.0884619 0.0992796 0.110934 0.123416 0.136704 0.150771 0.165574 0.181065 0.197181 0.213854 0.231002 0.24854 0.266371 0.284396 0.302507 0.320597 0.338555 0.356267 0.373625 0.390519 0.406842 0.422494 0.437379 0.451406 0.464491 0.476557 0.487536 0.497364 0.505988 0.513361 0.519443 0.524203 0.527615 0.529662 0.530334 0.529627 0.527545 0.524099 0.519304 0.513188 0.505781 0.497124 0.487263 0.476253 0.464157 0.451045 0.436993 0.422087 0.406416 0.390078 0.373175 0.355812 0.338099 0.320147 0.302068 0.283972 0.265968 0.248162 0.230654 0.213539 0.196902 0.180824 0.165373 0.15061 0.136584 0.123334 0.11089 0.0992703 0.0884843 0.0785327 0.0694079 0.0610952 0.0535738 0.0468182 0.0407991 0.0354848 0.0308423 0.0268387 0.0234421 0.0206225 0.0183531 0.0166108 0.0153771 0.0146391 
0.015513 0.0157634 0.0165355 0.0178392 0.0196893 0.0221059 0.0251137 0.0287411 0.0330197 0.0379832 0.0436661 0.0501026 0.0573254 0.0653644 0.0742452 0.0839881 0.0946067 0.106107 0.118486 0.131731 0.145819 0.160718 0.176382 0.192757 0.209776 0.227365 0.245438 0.263901 0.282654 0.30159 0.320597 0.339562 0.358368 0.376899 0.395039 0.412677 0.429703 0.446013 0.461509 0.476098 0.489697 0.502227 0.51362 0.523812 0.53275 0.540387 0.546684 0.551611 0.555142 0.55726 0.557956 0.557225 0.555072 0.551505 0.546544 0.540211 0.532539 0.523567 0.513341 0.501915 0.489353 0.475725 0.461107 0.445587 0.429256 0.412213 0.394563 0.376415 0.357881 0.339078 0.320122 0.301129 0.282213 0.263485 0.245051 0.227012 0.20946 0.19248 0.176147 0.160525 0.145669 0.131622 0.118417 0.106076 0.0946099 0.0840222 0.0743062 0.0654478 0.0574266 0.0502168 0.0437885 0.0381093 0.033145 0.0288615 0.0252256 0.0222061 0.019775 0.0179081 0.016586 0.0157953 
0.0166721 0.0169403 0.0177657 0.0191587 0.0211348 0.023715 0.0269249 0.0307943 0.035356 0.0406448 0.0466963 0.0535457 0.0612266 0.069769 0.0791987 0.0895356 0.100792 0.112973 0.126073 0.140078 0.15496 0.170684 0.1872 0.204448 0.222358 0.240848 0.259827 0.279197 0.298851 0.318676 0.338555 0.358368 0.377995 0.397315 0.416209 0.43456 0.452258 0.469195 0.485272 0.500395 0.514479 0.527447 0.539228 0.54976 0.558992 0.566875 0.573373 0.578455 0.582096 0.584281 0.584998 0.584246 0.582026 0.57835 0.573233 0.566699 0.55878 0.549513 0.538945 0.527129 0.514128 0.500011 0.484858 0.468754 0.451793 0.434076 0.415709 0.396804 0.377479 0.357853 0.338046 0.318179 0.298373 0.278743 0.259403 0.240457 0.222004 0.204135 0.186929 0.170458 0.154779 0.139941 0.125979 0.112919 0.100775 0.0895525 0.0792451 0.0698404 0.0613181 0.0536524 0.0468131 0.0407669 0.0354787 0.0309133 0.0270362 0.0238151 0.0212208 0.0192282 0.0178169 0.0169729 
0.0178448 0.0181308 0.0190097 0.0204924 0.0225949 0.0253391 0.0287517 0.0328635 0.0377084 0.0433224 0.0497422 0.0570039 0.0651414 0.0741853 0.0841612 0.0950883 0.106978 0.119834 0.133648 0.148402 0.164068 0.180604 0.197957 0.216063 0.234845 0.254216 0.27408 0.294333 0.314861 0.335546 0.356267 0.376899 0.397315 0.417392 0.437005 0.456036 0.474371 0.491902 0.508527 0.524152 0.538691 0.552066 0.564209 0.575059 0.584562 0.592673 0.599356 0.60458 0.608323 0.610569 0.611307 0.610534 0.608254 0.604476 0.599217 0.592498 0.584351 0.574811 0.563925 0.551746 0.538335 0.523761 0.508104 0.491449 0.473892 0.455534 0.436484 0.416857 0.396773 0.376354 0.355727 0.335017 0.314348 0.293843 0.273619 0.253788 0.234454 0.215714 0.197653 0.180345 0.163856 0.148237 0.133527 0.119756 0.106941 0.0950871 0.0841922 0.0742439 0.0652225 0.0571023 0.0498527 0.0434399 0.0378279 0.0329804 0.0288619 0.0254388 0.022681 0.0205622 0.0190614 0.018164 
0.0190226 0.0193265 0.0202587 0.0218307 0.0240592 0.0269668 0.030581 0.0349338 0.0400603 0.0459974 0.0527827 0.060453 0.0690428 0.0785828 0.0890984 0.100608 0.113122 0.126642 0.141158 0.156649 0.173082 0.190413 0.208584 0.227525 0.247156 0.267383 0.288104 0.30921 0.330582 0.352096 0.373625 0.395039 0.416209 0.437005 0.457301 0.476975 0.495911 0.513999 0.531137 0.54723 0.562192 0.575946 0.588423 0.599563 0.609315 0.617635 0.624487 0.629841 0.633677 0.635977 0.636734 0.635944 0.633609 0.62974 0.62435 0.617463 0.609107 0.599318 0.58814 0.575625 0.561834 0.546836 0.530708 0.513538 0.49542 0.476458 0.456762 0.43645 0.415643 0.394468 0.373056 0.351535 0.330036 0.308686 0.287607 0.266919 0.24673 0.227141 0.208245 0.190122 0.172839 0.156454 0.141011 0.126541 0.113064 0.100588 0.0891135 0.078628 0.0691128 0.0605425 0.0528863 0.0461097 0.0401761 0.0350483 0.0306897 0.0270656 0.024145 0.0219006 0.0203107 0.0193601 
0.0201967 0.0205181 0.0215032 0.0231636 0.0255167 0.0285857 0.0323992 0.0369901 0.0423944 0.04865 0.0557953 0.0638679 0.0729025 0.0829299 0.0939751 0.106056 0.119181 0.13335 0.148551 0.16476 0.18194 0.200044 0.219008 0.238759 0.259209 0.280261 0.301808 0.323733 0.345913 0.368219 0.390519 0.412677 0.43456 0.456036 0.476975 0.497253 0.516751 0.535359 0.552973 0.569498 0.58485 0.598951 0.611734 0.623139 0.633118 0.641626 0.648631 0.654102 0.658021 0.660372 0.661146 0.66034 0.657956 0.654004 0.648498 0.641459 0.632914 0.622899 0.611455 0.598633 0.584494 0.569104 0.552541 0.534892 0.516252 0.496724 0.476422 0.455463 0.433973 0.412082 0.389923 0.367629 0.345337 0.323176 0.301278 0.279763 0.258749 0.238341 0.218636 0.19972 0.181667 0.164537 0.148378 0.133225 0.119101 0.106017 0.0939739 0.0829612 0.072961 0.0639481 0.0558915 0.0487566 0.042506 0.0371016 0.032506 0.0286835 0.0256019 0.0232334 0.0215554 0.0205522 
0.0213575 0.0216964 0.0227333 0.0244805 0.0269558 0.0301832 0.0341921 0.0390163 0.0446926 0.0512599 0.0587573 0.0672228 0.0766915 0.0871941 0.098755 0.111391 0.12511 0.139909 0.155774 0.172678 0.19058 0.209429 0.229157 0.249686 0.270923 0.292766 0.315101 0.337808 0.360757 0.383814 0.406842 0.429703 0.452258 0.474371 0.495911 0.516751 0.536771 0.555859 0.573912 0.590834 0.606542 0.620959 0.634018 0.645664 0.655846 0.664523 0.671664 0.67724 0.681233 0.683628 0.684417 0.683598 0.681171 0.677147 0.671537 0.664362 0.655649 0.645429 0.633746 0.620646 0.60619 0.590442 0.57348 0.55539 0.536266 0.516214 0.495346 0.473784 0.451653 0.429087 0.406223 0.383198 0.360152 0.337221 0.314539 0.292235 0.27043 0.249235 0.228753 0.209075 0.190277 0.172427 0.155575 0.13976 0.125009 0.111334 0.0987374 0.0872113 0.0767382 0.0672933 0.0588457 0.0513605 0.0447997 0.0391246 0.0342966 0.0302796 0.0270403 0.02455 0.0227855 0.0217308 
0.0224956 0.0228513 0.0239388 0.0257705 0.0283648 0.0317463 0.0359452 0.040996 0.0469365 0.0538063 0.0616451 0.0704914 0.0803804 0.0913426 0.103402 0.116574 0.130866 0.146271 0.162774 0.180345 0.19894 0.218502 0.238961 0.260232 0.282218 0.304813 0.327896 0.351342 0.375017 0.398782 0.422494 0.446013 0.469195 0.491902 0.513999 0.535359 0.555859 0.575388 0.593841 0.611125 0.627154 0.641856 0.655164 0.667023 0.677386 0.686214 0.693475 0.699144 0.703202 0.705636 0.706439 0.705607 0.703144 0.699055 0.693354 0.68606 0.677197 0.666797 0.654899 0.641551 0.626808 0.610737 0.593412 0.574919 0.555352 0.534816 0.513426 0.491302 0.468575 0.445379 0.421854 0.398142 0.374386 0.350727 0.327305 0.304252 0.281694 0.25975 0.238526 0.218118 0.198608 0.180067 0.16255 0.146099 0.130743 0.116498 0.103368 0.0913457 0.0804152 0.070552 0.0617256 0.0539007 0.0470389 0.0411007 0.0360472 0.031841 0.0284483 0.0258395 0.0239909 0.022886 
0.0236008 0.023973 0.0251092 0.0270225 0.0297315 0.0332616 0.0376436 0.0429127 0.0491076 0.0562684 0.0644355 0.0736475 0.0839399 0.0953428 0.10788 0.121565 0.136403 0.152388 0.1695 0.187706 0.206959 0.227199 0.24835 0.270323 0.293018 0.31632 0.340108 0.364248 0.388603 0.413028 0.437379 0.461509 0.485272 0.508527 0.531137 0.552973 0.573912 0.593841 0.612657 0.630266 0.646585 0.66154 0.675069 0.687117 0.69764 0.706599 0.713965 0.719714 0.723829 0.726298 0.727113 0.726271 0.723775 0.719631 0.713852 0.706454 0.69746 0.686901 0.674814 0.661244 0.646247 0.629885 0.612233 0.593374 0.573405 0.552428 0.530558 0.507918 0.48464 0.46086 0.436721 0.412368 0.387948 0.363608 0.339489 0.315731 0.292465 0.269812 0.247886 0.226786 0.2066 0.187402 0.169251 0.152193 0.13626 0.12147 0.107829 0.0953319 0.0839628 0.0736982 0.0645079 0.0563564 0.049205 0.0430138 0.0377429 0.0333545 0.0298138 0.0270909 0.0251612 0.0240078 
0.0246635 0.0250512 0.0262341 0.0282252 0.0310439 0.0347158 0.0392726 0.04475 0.0511874 0.0586255 0.0671051 0.0766651 0.0873409 0.0991624 0.112152 0.126324 0.14168 0.158213 0.1759 0.194706 0.214579 0.235456 0.257257 0.27989 0.303247 0.327212 0.351655 0.376442 0.401428 0.426466 0.451406 0.476098 0.500395 0.524152 0.54723 0.569498 0.590834 0.611125 0.630266 0.648165 0.664741 0.679921 0.693644 0.705858 0.716519 0.725592 0.733049 0.738867 0.743031 0.745529 0.746354 0.745504 0.742981 0.73879 0.732943 0.725456 0.716349 0.705652 0.6934 0.679636 0.664413 0.647793 0.629849 0.610663 0.59033 0.568953 0.546647 0.523537 0.499754 0.475437 0.450732 0.425787 0.400753 0.375778 0.351012 0.326596 0.302667 0.279351 0.256766 0.235016 0.214194 0.194377 0.175628 0.157997 0.141518 0.126211 0.112086 0.0991378 0.0873521 0.076706 0.0671694 0.058707 0.0512797 0.0448472 0.0393691 0.0348068 0.031125 0.028293 0.0262858 0.0250862 
0.0256735 0.0260761 0.0273031 0.0293678 0.03229 0.036096 0.0408177 0.0464917 0.0531578 0.0608572 0.0696311 0.0795187 0.0905551 0.10277 0.116185 0.130813 0.146655 0.163701 0.181925 0.201291 0.221743 0.243213 0.26562 0.288864 0.312836 0.337413 0.362463 0.387845 0.413412 0.439011 0.464491 0.489697 0.514479 0.538691 0.562192 0.58485 0.606542 0.627154 0.646585 0.664741 0.681542 0.696919 0.71081 0.723167 0.733948 0.743118 0.750652 0.756529 0.760735 0.763257 0.764091 0.763235 0.760689 0.756459 0.750555 0.742992 0.733789 0.722974 0.710578 0.696645 0.681225 0.664378 0.646176 0.626699 0.606041 0.584306 0.561608 0.538072 0.513831 0.489026 0.463804 0.438317 0.412718 0.387161 0.361798 0.336774 0.312231 0.288301 0.265103 0.242749 0.221333 0.200938 0.181631 0.163464 0.146473 0.130684 0.116104 0.102732 0.090555 0.07955 0.0696876 0.0609323 0.053245 0.046585 0.0409113 0.0361849 0.0323698 0.0294348 0.0273544 0.0261112 
