0.00203768 0.00205906 0.00212927 0.00224905 0.00241936 0.00264151 0.00291714 0.00324817 0.00363677 0.00408529 0.00459618 0.005172 0.00581524 0.00652834 0.00731355 0.00817286 0.00910794 0.01012 0.0112099 0.0123776 0.0136227 0.0149439 0.0163393 0.017806 0.0193403 0.0209374 0.022592 0.0242976 0.0260467 0.0278313 0.0296423 0.0314699 0.0333036 0.0351324 0.0369448 0.0387288 0.0404724 0.0421631 0.0437888 0.0453374 0.0467971 0.0481566 0.0494051 0.0505325 0.0515298 0.0523887 0.0531021 0.0536639 0.0540696 0.0543156 0.0543998 0.0543217 0.0540819 0.0536823 0.0531266 0.0524193 0.0515664 0.0505751 0.0494535 0.0482109 0.0468571 0.045403 0.0438597 0.0422392 0.0405534 0.0388146 0.037035 0.0352267 0.0334016 0.0315713 0.0297467 0.0279382 0.0261557 0.024408 0.0227035 0.0210495 0.0194523 0.0179175 0.0164498 0.0150528 0.0137295 0.0124818 0.011311 0.0102177 0.00920178 0.00826244 0.00739852 0.0066084 0.00589012 0.00524145 0.00466 0.00414329 0.00368882 0.00329415 0.00295695 0.00267509 0.00244666 0.00227004 0.00214393 0.00206753 
0.00205906 0.00208069 0.00215165 0.00227271 0.00244481 0.0026693 0.00294782 0.00328231 0.00367496 0.00412814 0.00464432 0.00522608 0.00587593 0.00659633 0.00738954 0.00825758 0.00920211 0.0102244 0.0113251 0.0125045 0.0137619 0.0150962 0.0165052 0.0179862 0.0195353 0.0211479 0.0228183 0.0245402 0.0263059 0.0281073 0.0299353 0.0317799 0.0336306 0.0354763 0.0373053 0.0391056 0.040865 0.0425711 0.0442114 0.0457739 0.0472467 0.0486182 0.0498778 0.0510152 0.0520212 0.0528877 0.0536073 0.054174 0.0545832 0.0548313 0.0549163 0.0548374 0.0545954 0.0541923 0.0536316 0.052918 0.0520576 0.0510575 0.0499259 0.0486722 0.0473063 0.0458391 0.044282 0.0426468 0.0409457 0.0391911 0.0373952 0.0355703 0.0337284 0.031881 0.0300394 0.028214 0.0264146 0.0246505 0.0229297 0.0212599 0.0196473 0.0180977 0.0166157 0.0152051 0.0138688 0.0126088 0.0114265 0.0103223 0.00929615 0.00834738 0.00747475 0.00667663 0.00595105 0.00529577 0.00470837 0.00418636 0.00372722 0.00332848 0.0029878 0.00270302 0.00247223 0.00229379 0.00216638 0.0020892 
0.00212927 0.00215165 0.00222496 0.00234995 0.00252762 0.00275932 0.00304676 0.00339192 0.00379703 0.00426451 0.00479691 0.00539683 0.00606687 0.00680951 0.00762706 0.00852156 0.00949469 0.0105477 0.0116813 0.0128957 0.0141902 0.0155635 0.0170135 0.0185372 0.0201307 0.0217891 0.0235067 0.0252768 0.0270918 0.028943 0.0308212 0.0327162 0.0346171 0.0365126 0.0383907 0.040239 0.042045 0.043796 0.0454793 0.0470826 0.0485936 0.0500006 0.0512926 0.0524592 0.053491 0.0543795 0.0551174 0.0556984 0.0561179 0.0563722 0.0564592 0.0563781 0.0561298 0.0557163 0.0551411 0.0544092 0.0535266 0.0525006 0.0513398 0.0500535 0.0486521 0.0471466 0.0455487 0.0438705 0.0421244 0.0403232 0.0384793 0.0366055 0.0347138 0.0328164 0.0309245 0.0290489 0.0271998 0.0253866 0.0236177 0.0219007 0.0202424 0.0186486 0.017124 0.0156725 0.0142973 0.0130003 0.0117831 0.0106461 0.00958927 0.00861194 0.00771289 0.00689046 0.00614265 0.00546718 0.0048616 0.00432335 0.00384987 0.00343862 0.00308722 0.00279347 0.00255538 0.00237131 0.00223988 0.0021603 
0.00224905 0.00227271 0.00234995 0.00248157 0.00266861 0.00291247 0.00321493 0.00357803 0.00400409 0.00449562 0.00505527 0.00568571 0.00638963 0.00716958 0.00802794 0.00896679 0.00998784 0.0110923 0.012281 0.0135539 0.0149103 0.0163488 0.0178672 0.0194622 0.0211297 0.0228647 0.024661 0.0265115 0.0284084 0.0303426 0.0323044 0.0342832 0.0362677 0.0382459 0.0402054 0.0421334 0.0440169 0.0458425 0.0475973 0.0492683 0.0508428 0.0523086 0.0536544 0.0548695 0.0559439 0.056869 0.0576372 0.058242 0.0586785 0.058943 0.0590334 0.0589488 0.0586899 0.0582592 0.05766 0.0568975 0.0559781 0.0549093 0.0536999 0.0523597 0.0508993 0.0493303 0.0476646 0.045915 0.0440942 0.0422156 0.0402921 0.0383368 0.0363625 0.0343817 0.0324061 0.0304471 0.0285152 0.0266202 0.0247711 0.0229757 0.0212411 0.0195734 0.0179777 0.016458 0.0150177 0.013659 0.0123834 0.0111915 0.0100833 0.00905809 0.00811475 0.00725155 0.00646645 0.00575711 0.00512099 0.00455546 0.00405787 0.0036256 0.00325617 0.0029473 0.00269695 0.00250339 0.00236521 0.00228156 
0.00241936 0.00244481 0.00252762 0.00266861 0.00286888 0.00312991 0.00345355 0.00384197 0.00429759 0.00482305 0.00542111 0.00609457 0.00684623 0.00767874 0.00859456 0.00959583 0.0106843 0.0118612 0.0131273 0.0144824 0.0159259 0.017456 0.0190704 0.0207655 0.0225369 0.0243791 0.0262856 0.028249 0.0302607 0.0323111 0.03439 0.0364862 0.0385875 0.0406815 0.042755 0.0447945 0.0467863 0.0487164 0.050571 0.0523365 0.0539997 0.0555478 0.0569688 0.0582514 0.0593855 0.0603617 0.0611721 0.0618101 0.0622705 0.0625493 0.0626442 0.0625546 0.0622812 0.0618263 0.0611936 0.0603886 0.0594178 0.0582891 0.0570119 0.0555963 0.0540535 0.0523956 0.0506353 0.0487858 0.0468607 0.0448737 0.0428388 0.0407696 0.0386797 0.0365821 0.0344894 0.0324136 0.0303657 0.0283562 0.0263945 0.0244891 0.0226475 0.0208762 0.0191806 0.0175653 0.0160336 0.0145881 0.0132304 0.0119613 0.0107808 0.00968835 0.00868268 0.00776209 0.00692446 0.00616738 0.00548823 0.00488424 0.00435265 0.00389072 0.00349587 0.00316567 0.00289801 0.00269105 0.00254333 0.00245395 
0.00264151 0.0026693 0.00275932 0.00291247 0.00312991 0.00341321 0.00376433 0.00418558 0.00467952 0.00524894 0.00589676 0.00662595 0.00743941 0.00833996 0.00933013 0.0104122 0.0115878 0.0128584 0.0142244 0.0156858 0.0172416 0.01889 0.0206283 0.0224525 0.0243578 0.0263384 0.028387 0.0304957 0.0326552 0.0348554 0.037085 0.039332 0.0415838 0.0438267 0.0460467 0.0482296 0.0503605 0.0524247 0.0544075 0.0562945 0.0580716 0.0597253 0.0612428 0.0626122 0.0638227 0.0648645 0.0657292 0.0664098 0.0669006 0.0671977 0.0672987 0.0672027 0.0669105 0.0664245 0.0657489 0.0648892 0.0638525 0.0626471 0.0612828 0.0597704 0.0581218 0.0563499 0.0544679 0.0524901 0.0504309 0.0483048 0.0461267 0.0439111 0.0416724 0.0394247 0.0371813 0.034955 0.0327577 0.0306007 0.028494 0.0264469 0.0244674 0.0225625 0.0207381 0.0189993 0.0173496 0.015792 0.0143283 0.0129595 0.0116856 0.0105061 0.00941983 0.00842498 0.00751938 0.00670051 0.00596562 0.00531181 0.00473617 0.00423581 0.00380798 0.00345014 0.00316003 0.00293571 0.00277562 0.0026788 
0.00291714 0.00294782 0.00304676 0.00321493 0.00345355 0.00376433 0.00414936 0.00461111 0.00515231 0.00577595 0.00648511 0.00728296 0.00817257 0.0091569 0.0102386 0.01142 0.0127029 0.0140886 0.0155776 0.0171695 0.0188634 0.020657 0.0225473 0.02453 0.0265996 0.0287497 0.0309726 0.0332593 0.0355999 0.0379833 0.0403974 0.0428292 0.0452648 0.0476898 0.050089 0.052447 0.0547479 0.056976 0.0591154 0.0611507 0.0630669 0.0648494 0.0664846 0.0679599 0.0692636 0.0703854 0.0713163 0.0720487 0.0725769 0.0728963 0.0730045 0.0729007 0.0725856 0.0720619 0.0713339 0.0704075 0.0692903 0.0679912 0.0665207 0.0648902 0.0631126 0.0612013 0.059171 0.0570365 0.0548133 0.0525173 0.0501641 0.0477695 0.045349 0.0429176 0.0404897 0.0380793 0.0356992 0.0333615 0.0310772 0.0288563 0.0267076 0.0246388 0.0226565 0.020766 0.0189716 0.0172763 0.0156823 0.0141909 0.0128021 0.0115156 0.0103301 0.00924384 0.00825453 0.00735955 0.00655598 0.00584078 0.00521084 0.00466309 0.00419459 0.00380265 0.00348484 0.0032391 0.00306374 0.00295776 
0.00324817 0.00328231 0.00339192 0.00357803 0.00384197 0.00418558 0.00461111 0.00512121 0.00571883 0.00640716 0.00718951 0.00806923 0.00904963 0.0101338 0.0113246 0.0126243 0.0140349 0.0155576 0.0171927 0.01894 0.0207979 0.022764 0.0248348 0.0270055 0.0292701 0.0316214 0.0340507 0.0365484 0.0391036 0.0417039 0.0443364 0.0469868 0.04964 0.0522803 0.0548913 0.0574562 0.059958 0.0623795 0.0647038 0.0669142 0.0689943 0.0709288 0.072703 0.0743031 0.0757168 0.0769328 0.0779417 0.0787353 0.0793073 0.0796531 0.0797699 0.0796567 0.0793147 0.0787464 0.0779566 0.0769517 0.0757396 0.0743301 0.0727342 0.0709645 0.0690345 0.066959 0.0647534 0.0624339 0.0600172 0.0575203 0.0549603 0.0523541 0.0497185 0.0470698 0.0444238 0.0417954 0.0391987 0.0366469 0.0341521 0.0317253 0.029376 0.0271128 0.024943 0.0228724 0.0209059 0.0190471 0.0172983 0.0156609 0.0141355 0.0127216 0.011418 0.0102228 0.00913379 0.00814808 0.00726263 0.0064742 0.00577947 0.00517516 0.00465813 0.00422548 0.0038746 0.00360327 0.00340969 0.00329276 
0.00363677 0.00367496 0.00379703 0.00400409 0.00429759 0.00467952 0.00515231 0.00571883 0.00638226 0.00714601 0.00801366 0.0089888 0.0100749 0.0112754 0.012593 0.0140305 0.0155895 0.0172714 0.0190764 0.0210039 0.0230523 0.0252186 0.0274988 0.0298875 0.0323779 0.0349621 0.0376305 0.0403723 0.0431756 0.0460268 0.0489116 0.0518144 0.0547189 0.0576076 0.060463 0.0632666 0.0659999 0.0686444 0.0711817 0.0735937 0.0758628 0.0779723 0.0799063 0.0816501 0.0831902 0.0845147 0.0856133 0.0864772 0.0870997 0.0874757 0.0876023 0.0874786 0.0871055 0.086486 0.0856251 0.0845298 0.0832086 0.081672 0.0799319 0.0780018 0.0758965 0.0736317 0.0712242 0.0686916 0.0660519 0.0633234 0.0605248 0.0576744 0.0547906 0.051891 0.0489929 0.0461126 0.0432655 0.0404662 0.0377279 0.0350625 0.0324809 0.0299925 0.0276053 0.025326 0.0231599 0.0211111 0.0191825 0.0173757 0.0156915 0.0141294 0.0126884 0.0113666 0.0101614 0.00907005 0.00808922 0.00721545 0.00644519 0.00577494 0.00520131 0.00472116 0.0043317 0.00403052 0.00381567 0.00368598 
0.00408529 0.00412814 0.00426451 0.00449562 0.00482305 0.00524894 0.00577595 0.00640716 0.00714601 0.00799621 0.00896157 0.010046 0.0112531 0.0125865 0.0140494 0.0156441 0.0173728 0.0192365 0.0212355 0.0233687 0.0256342 0.0280286 0.0305473 0.0331842 0.0359317 0.0387808 0.041721 0.0447402 0.0478253 0.0509613 0.0541324 0.0573216 0.0605108 0.0636812 0.0668133 0.0698871 0.0728826 0.0757794 0.0785576 0.0811975 0.0836802 0.0859874 0.0881019 0.090008 0.0916909 0.0931379 0.0943378 0.095281 0.0959604 0.0963706 0.0965083 0.0963725 0.0959644 0.0952871 0.094346 0.0931486 0.0917042 0.090024 0.0881211 0.0860099 0.0837063 0.0812276 0.0785919 0.0758181 0.072926 0.0699354 0.0668666 0.0637397 0.0605745 0.0573905 0.0542064 0.0510403 0.047909 0.0448285 0.0418133 0.0388769 0.036031 0.0332863 0.0306515 0.0281344 0.0257408 0.0234755 0.0213418 0.0193416 0.017476 0.0157447 0.0141467 0.0126799 0.011342 0.0101297 0.00903966 0.00806815 0.00721138 0.00646556 0.00582705 0.00529246 0.00485875 0.00452333 0.00428411 0.00413978 
0.00459618 0.00464432 0.00479691 0.00505527 0.00542111 0.00589676 0.00648511 0.00718951 0.00801366 0.00896157 0.0100374 0.0112451 0.0125889 0.0140725 0.015699 0.0174712 0.0193911 0.0214596 0.0236767 0.0260414 0.0285511 0.0312019 0.0339885 0.0369041 0.03994 0.0430862 0.046331 0.049661 0.0530616 0.0565163 0.0600077 0.0635171 0.0670245 0.0705094 0.0739504 0.0773258 0.0806136 0.0837917 0.0868384 0.0897323 0.0924527 0.09498 0.0972956 0.0993821 0.101224 0.102807 0.10412 0.105151 0.105894 0.106342 0.106492 0.106343 0.105896 0.105154 0.104124 0.102813 0.101231 0.0993914 0.0973072 0.0949944 0.0924702 0.0897532 0.0868631 0.0838206 0.080647 0.0773641 0.0739938 0.0705581 0.0670787 0.0635768 0.060073 0.0565871 0.0531378 0.0497424 0.0464172 0.0431769 0.0400347 0.0370023 0.0340897 0.0313053 0.0286561 0.0261473 0.0237828 0.021565 0.0194951 0.0175732 0.0157981 0.0141679 0.0126801 0.0113314 0.010118 0.00903609 0.00808155 0.00725029 0.00653841 0.00594224 0.00545849 0.00508434 0.00481752 0.00465663 
0.005172 0.00522608 0.00539683 0.00568571 0.00609457 0.00662595 0.00728296 0.00806923 0.0089888 0.010046 0.0112451 0.0125908 0.0140872 0.0157382 0.0175474 0.0195174 0.0216502 0.0239468 0.0264069 0.029029 0.0318102 0.0347459 0.0378301 0.0410548 0.0444107 0.0478862 0.0514685 0.0551427 0.0588924 0.0626996 0.066545 0.070408 0.0742668 0.0780987 0.0818806 0.0855884 0.0891984 0.0926863 0.0960286 0.099202 0.102184 0.104953 0.10749 0.109775 0.111791 0.113524 0.11496 0.116089 0.116901 0.117391 0.117554 0.11739 0.1169 0.116088 0.11496 0.113524 0.111792 0.109777 0.107493 0.104959 0.102192 0.0992125 0.0960425 0.0927041 0.0892205 0.0856153 0.0819126 0.0781362 0.07431 0.0704571 0.0666002 0.0627608 0.0589596 0.0552158 0.0515473 0.0479703 0.0444996 0.0411481 0.0379271 0.0348461 0.0319129 0.0291334 0.0265122 0.0240521 0.0217548 0.0196204 0.0176479 0.0158356 0.0141805 0.0126794 0.0113283 0.010123 0.00905921 0.00813244 0.0073385 0.00667343 0.00613368 0.00571619 0.0054185 0.00523909 
0.00581524 0.00587593 0.00606687 0.00638963 0.00684623 0.00743941 0.00817257 0.00904963 0.0100749 0.0112531 0.0125889 0.0140872 0.0157523 0.0175886 0.0195996 0.0217881 0.024156 0.0267042 0.0294322 0.0323379 0.035418 0.0386673 0.0420786 0.0456433 0.0493505 0.0531877 0.0571402 0.0611916 0.0653238 0.0695171 0.0737499 0.0779997 0.0822425 0.0864537 0.0906076 0.0946783 0.0986396 0.102465 0.10613 0.109608 0.112875 0.115907 0.118684 0.121185 0.123392 0.125287 0.126857 0.128091 0.128979 0.129514 0.129692 0.129512 0.128976 0.128087 0.126852 0.125281 0.123385 0.121179 0.118678 0.115902 0.112871 0.109607 0.106132 0.102471 0.0986489 0.0946923 0.0906267 0.0864784 0.0822732 0.0780366 0.0737934 0.0695672 0.0653807 0.0612551 0.0572101 0.0532638 0.0494324 0.0457305 0.0421706 0.0387633 0.0355174 0.0324399 0.0295359 0.0268088 0.0242605 0.0218916 0.0197013 0.0176875 0.0158476 0.014178 0.0126745 0.0113327 0.0101478 0.00911524 0.00823036 0.00748893 0.00688709 0.00642155 0.00608963 0.00588968 
0.00652834 0.00659633 0.00680951 0.00716958 0.00767874 0.00833996 0.0091569 0.0101338 0.0112754 0.0125865 0.0140725 0.0157382 0.0175886 0.019628 0.0218602 0.024288 0.0269134 0.0297369 0.0327577 0.0359735 0.0393801 0.0429714 0.0467397 0.0506748 0.0547648 0.0589955 0.0633507 0.0678122 0.0723601 0.0769723 0.0816255 0.0862946 0.0909537 0.0955755 0.100132 0.104595 0.108936 0.113127 0.11714 0.120946 0.12452 0.127837 0.130874 0.133607 0.136018 0.138089 0.139804 0.141151 0.14212 0.142704 0.142898 0.142701 0.142114 0.141142 0.139793 0.138075 0.136003 0.133591 0.130857 0.127821 0.124505 0.120932 0.117128 0.113118 0.108931 0.104595 0.100137 0.0955857 0.0909701 0.0863177 0.0816556 0.0770097 0.0724049 0.0678645 0.0634102 0.0590622 0.0548383 0.0507546 0.0468253 0.0430622 0.0394752 0.0360721 0.032859 0.0298399 0.0270172 0.0243916 0.0219625 0.0197281 0.0176855 0.015831 0.0141602 0.0126684 0.0113506 0.0102017 0.00921688 0.00839147 0.00772135 0.00720294 0.00683336 0.00661084 
0.00731355 0.00738954 0.00762706 0.00802794 0.00859456 0.00933013 0.0102386 0.0113246 0.012593 0.0140494 0.015699 0.0175474 0.0195996 0.0218602 0.0243331 0.0270213 0.0299264 0.033049 0.0363878 0.0399398 0.0437003 0.0476624 0.051817 0.0561529 0.0606567 0.0653125 0.0701025 0.0750064 0.0800023 0.0850659 0.0901716 0.095292 0.100399 0.105462 0.110451 0.115335 0.120084 0.124666 0.129051 0.133209 0.137113 0.140734 0.144047 0.147029 0.149659 0.151917 0.153786 0.155255 0.15631 0.156946 0.157157 0.156942 0.156301 0.155241 0.153769 0.151896 0.149635 0.147003 0.144019 0.140705 0.137084 0.133181 0.129024 0.124642 0.120063 0.115318 0.110439 0.105456 0.100399 0.0952995 0.0901866 0.0850888 0.0800333 0.0750458 0.07015 0.0653682 0.0607202 0.0562239 0.0518949 0.0477465 0.0437899 0.0400341 0.0364857 0.0331497 0.0300288 0.0271242 0.0244355 0.0219609 0.0196976 0.0176417 0.0157886 0.0141333 0.0126705 0.0113947 0.0103007 0.00938357 0.00863886 0.00806271 0.007652 0.00740482 
0.00817286 0.00825758 0.00852156 0.00896679 0.00959583 0.0104122 0.01142 0.0126243 0.0140305 0.0156441 0.0174712 0.0195174 0.0217881 0.024288 0.0270213 0.0299907 0.0331981 0.0366434 0.040325 0.0442395 0.0483811 0.0527421 0.0573122 0.0620788 0.0670268 0.0721388 0.077395 0.082773 0.0882485 0.0937951 0.0993846 0.104987 0.110571 0.116105 0.121555 0.126888 0.132071 0.137069 0.141851 0.146383 0.150636 0.15458 0.158188 0.161434 0.164296 0.166752 0.168786 0.170382 0.17153 0.172221 0.17245 0.172215 0.171518 0.170364 0.168762 0.166723 0.164262 0.161397 0.158148 0.154538 0.150593 0.14634 0.141808 0.137028 0.132033 0.126854 0.121526 0.116081 0.110554 0.104977 0.0993827 0.0938018 0.088264 0.0827976 0.0774288 0.0721819 0.0670788 0.0621394 0.0573809 0.0528183 0.048464 0.0443282 0.0404185 0.0367407 0.033298 0.0300922 0.027123 0.0243888 0.0218868 0.0196129 0.0175624 0.0157299 0.0141098 0.0126964 0.011484 0.0104674 0.00964176 0.00900292 0.00854757 0.00827363 
0.00910794 0.00920211 0.00949469 0.00998784 0.0106843 0.0115878 0.0127029 0.0140349 0.0155895 0.0173728 0.0193911 0.0216502 0.024156 0.0269134 0.0299264 0.0331981 0.0367297 0.0405212 0.0445704 0.0488731 0.0534227 0.0582103 0.0632244 0.0684509 0.0738731 0.0794715 0.0852243 0.091107 0.0970928 0.103153 0.109256 0.11537 0.121461 0.127494 0.133433 0.139241 0.144882 0.150321 0.155521 0.160449 0.165071 0.169356 0.173274 0.176798 0.179904 0.182569 0.184776 0.186507 0.187752 0.188501 0.188748 0.188493 0.187736 0.186484 0.184745 0.182532 0.17986 0.176749 0.17322 0.169299 0.165012 0.160389 0.155461 0.150262 0.144825 0.139187 0.133384 0.127451 0.121425 0.115341 0.109236 0.103141 0.097091 0.0911152 0.0852427 0.0795002 0.0739119 0.0684995 0.0632824 0.058277 0.0534974 0.0489549 0.0446583 0.040614 0.0368263 0.0332971 0.0300267 0.0270135 0.0242548 0.0217463 0.0194832 0.0174599 0.0156705 0.0141087 0.0127687 0.0116447 0.0107317 0.0100253 0.00952173 0.00921892 
0.01012 0.0102244 0.0105477 0.0110923 0.0118612 0.0128584 0.0140886 0.0155576 0.0172714 0.0192365 0.0214596 0.0239468 0.0267042 0.0297369 0.033049 0.0366434 0.0405212 0.044682 0.0491229 0.053839 0.0588228 0.0640641 0.06955 0.0752648 0.08119 0.0873041 0.0935829 0.0999997 0.106525 0.113128 0.119774 0.126428 0.133053 0.139611 0.146064 0.152372 0.158496 0.164397 0.170037 0.175379 0.180388 0.18503 0.189273 0.193088 0.19645 0.199334 0.201721 0.203594 0.20494 0.205749 0.206016 0.205739 0.20492 0.203565 0.201683 0.199287 0.196395 0.193027 0.189206 0.184958 0.180312 0.175301 0.169958 0.164318 0.158418 0.152297 0.145994 0.139547 0.132995 0.126378 0.119733 0.113096 0.106504 0.0999896 0.093584 0.0873165 0.0812138 0.0752997 0.0695956 0.0641198 0.0588878 0.0539125 0.0492038 0.0447691 0.0406133 0.036739 0.0331469 0.0298356 0.0268023 0.0240429 0.0215523 0.0193246 0.0173536 0.0156328 0.0141558 0.0129167 0.01191 0.011131 0.0105757 0.0102419 
0.0112099 0.0113251 0.0116813 0.012281 0.0131273 0.0142244 0.0155776 0.0171927 0.0190764 0.0212355 0.0236767 0.0264069 0.0294322 0.0327577 0.0363878 0.040325 0.0445704 0.0491229 0.0539791 0.0591331 0.0645764 0.0702976 0.0762821 0.0825125 0.0889683 0.095626 0.102459 0.109438 0.116531 0.123703 0.130919 0.138139 0.145324 0.152433 0.159424 0.166254 0.172882 0.179266 0.185365 0.19114 0.196552 0.201565 0.206147 0.210266 0.213894 0.217005 0.21958 0.2216 0.223051 0.223924 0.224211 0.223912 0.223028 0.221565 0.219534 0.216949 0.213828 0.210192 0.206065 0.201477 0.196459 0.191043 0.185266 0.179167 0.172783 0.166158 0.159331 0.152346 0.145244 0.138067 0.130856 0.12365 0.116489 0.109408 0.102441 0.0956205 0.0889754 0.082532 0.0763136 0.0703407 0.0646303 0.0591969 0.0540517 0.049203 0.0446568 0.0404162 0.0364823 0.0328541 0.0295288 0.0265023 0.0237693 0.0213239 0.0191594 0.0172689 0.0156459 0.014284 0.0131772 0.0123207 0.0117102 0.0113434 
0.0123776 0.0125045 0.0128957 0.0135539 0.0144824 0.0156858 0.0171695 0.01894 0.0210039 0.0233687 0.0260414 0.029029 0.0323379 0.0359735 0.0399398 0.0442395 0.0488731 0.053839 0.0591331 0.0647487 0.0706758 0.0769017 0.0834104 0.0901824 0.0971951 0.104423 0.111836 0.119403 0.12709 0.134858 0.142668 0.150479 0.158248 0.16593 0.17348 0.180854 0.188006 0.194892 0.201467 0.20769 0.21352 0.218919 0.223851 0.228283 0.232186 0.235533 0.238302 0.240474 0.242034 0.242971 0.243279 0.242957 0.242006 0.240433 0.238248 0.235467 0.232108 0.228195 0.223754 0.218814 0.213408 0.207573 0.201347 0.19477 0.187885 0.180735 0.173364 0.165819 0.158143 0.150383 0.142581 0.134781 0.127025 0.119351 0.111797 0.104397 0.0971836 0.0901847 0.0834262 0.0769306 0.070717 0.0648012 0.0591959 0.0539108 0.0489526 0.0443251 0.04003 0.0360665 0.0324322 0.0291229 0.0261332 0.0234569 0.0210872 0.0190168 0.0172387 0.0157463 0.0145333 0.0135944 0.0129254 0.0125234 
0.0136227 0.0137619 0.0141902 0.0149103 0.0159259 0.0172416 0.0188634 0.0207979 0.0230523 0.0256342 0.0285511 0.0318102 0.035418 0.0393801 0.0437003 0.0483811 0.0534227 0.0588228 0.0645764 0.0706758 0.0771099 0.0838642 0.090921 0.0982589 0.105853 0.113675 0.121694 0.129874 0.138177 0.146565 0.154992 0.163416 0.17179 0.180066 0.188196 0.196132 0.203825 0.211228 0.218295 0.22498 0.231241 0.237036 0.242329 0.247084 0.25127 0.254859 0.257827 0.260155 0.261826 0.26283 0.263161 0.262814 0.261794 0.260108 0.257765 0.254783 0.25118 0.246982 0.242216 0.236914 0.23111 0.224843 0.218153 0.211084 0.20368 0.195987 0.188054 0.179929 0.17166 0.163294 0.15488 0.146463 0.138088 0.129798 0.121632 0.113628 0.105821 0.0982422 0.0909193 0.0838771 0.0771366 0.0707156 0.064628 0.0588849 0.053494 0.0484599 0.043785 0.0394688 0.0355091 0.0319018 0.0286415 0.0257216 0.0231353 0.0208749 0.018933 0.0173027 0.0159775 0.0149516 0.0142205 0.0137815 
0.0149439 0.0150962 0.0155635 0.0163488 0.017456 0.01889 0.020657 0.022764 0.0252186 0.0280286 0.0312019 0.0347459 0.0386673 0.0429714 0.0476624 0.0527421 0.0582103 0.0640641 0.0702976 0.0769017 0.0838642 0.0911689 0.0987961 0.106722 0.11492 0.12336 0.132005 0.14082 0.149763 0.15879 0.167856 0.176913 0.185911 0.194798 0.203525 0.212039 0.220289 0.228223 0.235794 0.242953 0.249655 0.255857 0.261519 0.266605 0.27108 0.274916 0.278088 0.280575 0.282361 0.283433 0.283785 0.283415 0.282324 0.280521 0.278018 0.274829 0.270978 0.266488 0.26139 0.255717 0.249506 0.242796 0.23563 0.228056 0.220119 0.211869 0.203357 0.194635 0.185753 0.176764 0.167717 0.158662 0.149648 0.140719 0.131919 0.123289 0.114867 0.106685 0.0987753 0.0911642 0.083875 0.0769272 0.0703365 0.0641151 0.058272 0.0528129 0.0477404 0.0430548 0.0387541 0.0348344 0.03129 0.0281146 0.0253007 0.0228407 0.0207267 0.0189515 0.0175081 0.0163907 0.0155944 0.0151163 
0.0163393 0.0165052 0.0170135 0.0178672 0.0190704 0.0206283 0.0225473 0.0248348 0.0274988 0.0305473 0.0339885 0.0378301 0.0420786 0.0467397 0.051817 0.0573122 0.0632244 0.06955 0.0762821 0.0834104 0.090921 0.0987961 0.107014 0.115549 0.124371 0.133448 0.142741 0.15221 0.161811 0.171497 0.181219 0.190925 0.200563 0.210078 0.219416 0.228521 0.23734 0.245818 0.253903 0.261546 0.268698 0.275314 0.281351 0.286773 0.291542 0.29563 0.299009 0.301658 0.303559 0.304701 0.305075 0.30468 0.303519 0.301598 0.29893 0.295533 0.291428 0.286642 0.281206 0.275155 0.268528 0.261367 0.253717 0.245626 0.237144 0.228325 0.219221 0.209887 0.200377 0.190747 0.181051 0.171341 0.161668 0.152082 0.142629 0.133353 0.124294 0.115489 0.106972 0.0987722 0.0909143 0.0834199 0.0763068 0.0695886 0.0632753 0.0573737 0.0518872 0.0468167 0.0421604 0.0379145 0.0340736 0.0306311 0.0275795 0.0249106 0.0226166 0.0206896 0.0191226 0.0179094 0.0170448 0.0165259 
0.017806 0.0179862 0.0185372 0.0194622 0.0207655 0.0224525 0.02453 0.0270055 0.0298875 0.0331842 0.0369041 0.0410548 0.0456433 0.0506748 0.0561529 0.0620788 0.0684509 0.0752648 0.0825125 0.0901824 0.0982589 0.106722 0.115549 0.124711 0.134175 0.143907 0.153864 0.164004 0.17428 0.18464 0.195033 0.205403 0.215695 0.225849 0.23581 0.245517 0.254914 0.263944 0.272553 0.280686 0.288294 0.295329 0.301747 0.307508 0.312576 0.316917 0.320506 0.323318 0.325336 0.326548 0.326945 0.326526 0.325292 0.323252 0.320418 0.31681 0.312449 0.307364 0.301586 0.295153 0.288104 0.280485 0.272343 0.263728 0.254693 0.245294 0.235587 0.22563 0.21548 0.205196 0.194836 0.184455 0.174108 0.163848 0.153725 0.143785 0.134073 0.124627 0.115485 0.106678 0.0982331 0.0901746 0.0825217 0.0752896 0.0684897 0.0621297 0.0562142 0.0507443 0.0457189 0.0411343 0.0369853 0.0332651 0.029966 0.0270799 0.0245983 0.0225134 0.0208176 0.0195045 0.0185688 0.0180073 
0.0193403 0.0195353 0.0201307 0.0211297 0.0225369 0.0243578 0.0265996 0.0292701 0.0323779 0.0359317 0.03994 0.0444107 0.0493505 0.0547648 0.0606567 0.0670268 0.0738731 0.08119 0.0889683 0.0971951 0.105853 0.11492 0.124371 0.134175 0.144297 0.154698 0.165335 0.17616 0.187123 0.19817 0.209246 0.220291 0.231246 0.24205 0.252642 0.262959 0.272942 0.28253 0.291666 0.300295 0.308363 0.315821 0.322622 0.328725 0.334092 0.338689 0.342488 0.345465 0.347601 0.348883 0.349303 0.348858 0.347552 0.345392 0.342392 0.338571 0.333953 0.328566 0.322444 0.315626 0.308153 0.300072 0.291433 0.282289 0.272695 0.262709 0.252391 0.241802 0.231002 0.220054 0.209019 0.197955 0.186922 0.175975 0.165167 0.154549 0.144168 0.134067 0.124284 0.114854 0.105807 0.0971686 0.0889605 0.0811995 0.0738984 0.0670661 0.0607078 0.0548257 0.049419 0.0444843 0.0400166 0.036009 0.0324538 0.0293425 0.0266666 0.0244179 0.0225885 0.0211719 0.0201624 0.0195568 
0.0209374 0.0211479 0.0217891 0.0228647 0.0243791 0.0263384 0.0287497 0.0316214 0.0349621 0.0387808 0.0430862 0.0478862 0.0531877 0.0589955 0.0653125 0.0721388 0.0794715 0.0873041 0.095626 0.104423 0.113675 0.12336 0.133448 0.143907 0.154698 0.165781 0.177108 0.188629 0.20029 0.212033 0.2238 0.235528 0.247154 0.258614 0.269842 0.280774 0.291346 0.301495 0.311162 0.320288 0.328817 0.336699 0.343884 0.35033 0.355997 0.360849 0.364858 0.367999 0.370253 0.371605 0.372048 0.371579 0.3702 0.367921 0.364755 0.360721 0.355846 0.350157 0.343691 0.336486 0.328588 0.320044 0.310906 0.301229 0.291072 0.280496 0.269562 0.258335 0.24688 0.235261 0.223542 0.211787 0.200057 0.188413 0.17691 0.165603 0.154542 0.143772 0.133335 0.123269 0.113607 0.104376 0.0955999 0.0872972 0.0794822 0.0721652 0.0653524 0.0590468 0.053248 0.0479532 0.0431573 0.0388537 0.0350345 0.0316912 0.0288149 0.0263971 0.02443 0.0229065 0.0218208 0.0211697 
0.022592 0.0228183 0.0235067 0.024661 0.0262856 0.028387 0.0309726 0.0340507 0.0376305 0.041721 0.046331 0.0514685 0.0571402 0.0633507 0.0701025 0.077395 0.0852243 0.0935829 0.102459 0.111836 0.121694 0.132005 0.142741 0.153864 0.165335 0.177108 0.189133 0.201357 0.213723 0.226169 0.238633 0.251048 0.263349 0.275467 0.287333 0.298881 0.310044 0.320755 0.330952 0.340574 0.349565 0.357869 0.365437 0.372224 0.378189 0.383296 0.387514 0.390818 0.393188 0.394611 0.395076 0.394582 0.393132 0.390734 0.387403 0.383158 0.378026 0.372037 0.365228 0.357639 0.349316 0.34031 0.330673 0.320465 0.309745 0.298576 0.287025 0.275159 0.263044 0.25075 0.238343 0.225891 0.213459 0.201111 0.188905 0.1769 0.165149 0.153702 0.142602 0.131891 0.121603 0.111768 0.102413 0.0935584 0.0852192 0.0774073 0.0701301 0.0633914 0.0571915 0.0515279 0.0463958 0.0417888 0.0376989 0.0341174 0.0310354 0.0284442 0.0263355 0.0247021 0.0235383 0.0228403 
0.0242976 0.0245402 0.0252768 0.0265115 0.028249 0.0304957 0.0332593 0.0365484 0.0403723 0.0447402 0.049661 0.0551427 0.0611916 0.0678122 0.0750064 0.082773 0.091107 0.0999997 0.109438 0.119403 0.129874 0.14082 0.15221 0.164004 0.17616 0.188629 0.201357 0.214289 0.227362 0.240513 0.253676 0.26678 0.279755 0.292531 0.305036 0.317198 0.328949 0.340219 0.350944 0.36106 0.370507 0.379231 0.387178 0.394303 0.400564 0.405922 0.410347 0.413813 0.416298 0.41779 0.418278 0.417759 0.416238 0.413723 0.410228 0.405775 0.40039 0.394104 0.386954 0.378984 0.37024 0.360775 0.350643 0.339905 0.328624 0.316867 0.3047 0.292194 0.27942 0.26645 0.253355 0.240204 0.227067 0.21401 0.201098 0.188391 0.175945 0.163813 0.152044 0.14068 0.129759 0.119313 0.109372 0.0999565 0.091085 0.0827703 0.0750209 0.0678414 0.061233 0.0551936 0.0497189 0.0448023 0.0404361 0.0366115 0.0333194 0.0305508 0.0282974 0.0265519 0.025308 0.0245623 
0.0260467 0.0263059 0.0270918 0.0284084 0.0302607 0.0326552 0.0355999 0.0391036 0.0431756 0.0478253 0.0530616 0.0588924 0.0653238 0.0723601 0.0800023 0.0882485 0.0970928 0.106525 0.116531 0.12709 0.138177 0.149763 0.161811 0.17428 0.187123 0.20029 0.213723 0.227362 0.241144 0.254999 0.268858 0.282648 0.296296 0.309726 0.322864 0.335637 0.347971 0.359795 0.371041 0.381645 0.391544 0.400681 0.409003 0.416461 0.423012 0.428618 0.433247 0.436871 0.43947 0.44103 0.44154 0.440998 0.439407 0.436776 0.433121 0.428463 0.422828 0.416249 0.408765 0.400419 0.39126 0.38134 0.370719 0.359458 0.347621 0.335279 0.322501 0.30936 0.295931 0.282288 0.268505 0.254657 0.240816 0.227052 0.213432 0.200021 0.186878 0.17406 0.161617 0.149596 0.138037 0.126977 0.116443 0.106462 0.0970531 0.0882299 0.0800026 0.0723768 0.0653545 0.0589341 0.0531117 0.0478809 0.0432341 0.0391624 0.0356567 0.0327079 0.0303074 0.0284477 0.0271225 0.0263281 
0.0278313 0.0281073 0.028943 0.0303426 0.0323111 0.0348554 0.0379833 0.0417039 0.0460268 0.0509613 0.0565163 0.0626996 0.0695171 0.0769723 0.0850659 0.0937951 0.103153 0.113128 0.123703 0.134858 0.146565 0.15879 0.171497 0.18464 0.19817 0.212033 0.226169 0.240513 0.254999 0.269554 0.284105 0.298576 0.312889 0.326967 0.340731 0.354106 0.367014 0.379384 0.391145 0.402228 0.412571 0.422114 0.430802 0.438587 0.445423 0.451271 0.456099 0.459879 0.462589 0.464215 0.464746 0.464181 0.462522 0.459779 0.455967 0.451108 0.445229 0.438364 0.430551 0.421837 0.412269 0.401905 0.390802 0.379025 0.366642 0.353722 0.340341 0.326572 0.312495 0.298185 0.283721 0.269181 0.25464 0.240171 0.225847 0.211733 0.197895 0.184391 0.171275 0.158596 0.146399 0.134721 0.123594 0.113044 0.103094 0.0937597 0.0850513 0.0769759 0.0695362 0.0627314 0.056558 0.0510099 0.0460795 0.0417581 0.0380365 0.0349053 0.0323559 0.0303806 0.0289731 0.0281294 
0.0296423 0.0299353 0.0308212 0.0323044 0.03439 0.037085 0.0403974 0.0443364 0.0489116 0.0541324 0.0600077 0.066545 0.0737499 0.0816255 0.0901716 0.0993846 0.109256 0.119774 0.130919 0.142668 0.154992 0.167856 0.181219 0.195033 0.209246 0.2238 0.238633 0.253676 0.268858 0.284105 0.299339 0.314481 0.32945 0.344165 0.358545 0.372511 0.385984 0.398889 0.411152 0.422704 0.433481 0.44342 0.452467 0.460569 0.467683 0.473767 0.478789 0.48272 0.485538 0.487228 0.487781 0.487193 0.485468 0.482616 0.478651 0.473597 0.46748 0.460336 0.452203 0.443129 0.433164 0.422364 0.41079 0.398509 0.385589 0.372103 0.358129 0.343743 0.329027 0.314061 0.298925 0.283701 0.268467 0.253302 0.238279 0.223469 0.20894 0.194754 0.180968 0.167635 0.154801 0.142507 0.130786 0.119669 0.109179 0.0993318 0.0901413 0.0816152 0.0737569 0.0665663 0.0600404 0.0541735 0.0489581 0.0443855 0.0404465 0.0371318 0.0344325 0.0323409 0.0308505 0.0299573 
0.0314699 0.0317799 0.0327162 0.0342832 0.0364862 0.039332 0.0428292 0.0469868 0.0518144 0.0573216 0.0635171 0.070408 0.0779997 0.0862946 0.095292 0.104987 0.11537 0.126428 0.138139 0.150479 0.163416 0.176913 0.190925 0.205403 0.220291 0.235528 0.251048 0.26678 0.282648 0.298576 0.314481 0.330281 0.345893 0.361232 0.376215 0.390758 0.404782 0.418208 0.430961 0.44297 0.454167 0.464492 0.473885 0.482297 0.489679 0.495992 0.501201 0.505278 0.508201 0.509953 0.510527 0.509917 0.508129 0.50517 0.501058 0.495815 0.489468 0.482053 0.473611 0.464188 0.453836 0.442613 0.430581 0.417808 0.404365 0.390328 0.375774 0.360785 0.345443 0.329832 0.314037 0.298141 0.282227 0.266375 0.250663 0.235166 0.219955 0.205094 0.190646 0.176664 0.163199 0.150293 0.137983 0.126302 0.115273 0.104916 0.0952456 0.08627 0.077994 0.0704183 0.0635402 0.0573546 0.0518542 0.0470303 0.0428739 0.0393755 0.0365261 0.034318 0.0327445 0.0318017 
0.0333036 0.0336306 0.0346171 0.0362677 0.0385875 0.0415838 0.0452648 0.04964 0.0547189 0.0605108 0.0670245 0.0742668 0.0822425 0.0909537 0.100399 0.110571 0.121461 0.133053 0.145324 0.158248 0.17179 0.185911 0.200563 0.215695 0.231246 0.247154 0.263349 0.279755 0.296296 0.312889 0.32945 0.345893 0.362132 0.378079 0.393647 0.408752 0.42331 0.437241 0.450468 0.462919 0.474524 0.48522 0.494948 0.503657 0.511298 0.517831 0.52322 0.527438 0.530461 0.532274 0.532867 0.532237 0.530387 0.527327 0.523073 0.517648 0.51108 0.503405 0.494664 0.484904 0.474179 0.462547 0.450072 0.436823 0.422873 0.408299 0.393183 0.377606 0.361655 0.345417 0.328977 0.312425 0.295844 0.27932 0.262933 0.246762 0.23088 0.215356 0.200255 0.185634 0.171546 0.158036 0.145145 0.132905 0.121344 0.110482 0.100336 0.0909142 0.0822237 0.0742656 0.0670377 0.0605354 0.0547515 0.0496777 0.0453048 0.0416235 0.0386248 0.0363006 0.0346444 0.0336522 
0.0351324 0.0354763 0.0365126 0.0382459 0.0406815 0.0438267 0.0476898 0.0522803 0.0576076 0.0636812 0.0705094 0.0780987 0.0864537 0.0955755 0.105462 0.116105 0.127494 0.139611 0.152433 0.16593 0.180066 0.194798 0.210078 0.225849 0.24205 0.258614 0.275467 0.292531 0.309726 0.326967 0.344165 0.361232 0.378079 0.394614 0.410749 0.426396 0.44147 0.455888 0.469572 0.482447 0.494444 0.505497 0.515547 0.52454 0.532429 0.539173 0.544735 0.549087 0.552207 0.554077 0.554689 0.554039 0.552131 0.548974 0.544584 0.538985 0.532206 0.524281 0.515254 0.505171 0.494088 0.482063 0.469161 0.455453 0.441014 0.425923 0.410263 0.394118 0.377577 0.360729 0.343665 0.326474 0.309245 0.292066 0.275021 0.258191 0.241654 0.225482 0.209741 0.194494 0.179795 0.165693 0.15223 0.139442 0.127356 0.115997 0.105382 0.0955209 0.0864215 0.0780858 0.0705124 0.063697 0.0576329 0.0523119 0.0477249 0.0438625 0.0407159 0.0382769 0.0365387 0.0354976 
0.0369448 0.0373053 0.0383907 0.0402054 0.042755 0.0460467 0.050089 0.0548913 0.060463 0.0668133 0.0739504 0.0818806 0.0906076 0.100132 0.110451 0.121555 0.133433 0.146064 0.159424 0.17348 0.188196 0.203525 0.219416 0.23581 0.252642 0.269842 0.287333 0.305036 0.322864 0.340731 0.358545 0.376215 0.393647 0.410749 0.427429 0.443597 0.459166 0.474051 0.488173 0.501454 0.513824 0.525218 0.535574 0.544839 0.552965 0.559909 0.565635 0.570115 0.573326 0.575251 0.575881 0.575212 0.573249 0.569999 0.565481 0.559717 0.552736 0.544574 0.535274 0.524884 0.513458 0.501057 0.487748 0.473601 0.458694 0.443106 0.426922 0.410231 0.393122 0.375687 0.358019 0.340212 0.322356 0.304542 0.286859 0.26939 0.252217 0.235414 0.219051 0.203194 0.1879 0.173219 0.159198 0.145872 0.133275 0.121429 0.110354 0.100062 0.0905618 0.0818556 0.0739429 0.06682 0.0604806 0.0549165 0.0501189 0.0460785 0.0427863 0.0402343 0.0384155 0.0373262 
0.0387288 0.0391056 0.040239 0.0421334 0.0447945 0.0482296 0.052447 0.0574562 0.0632666 0.0698871 0.0773258 0.0855884 0.0946783 0.104595 0.115335 0.126888 0.139241 0.152372 0.166254 0.180854 0.196132 0.212039 0.228521 0.245517 0.262959 0.280774 0.298881 0.317198 0.335637 0.354106 0.372511 0.390758 0.408752 0.426396 0.443597 0.460263 0.476304 0.491634 0.506171 0.519839 0.532564 0.544281 0.554928 0.56445 0.572799 0.579933 0.585814 0.590415 0.593712 0.595689 0.596336 0.59565 0.593634 0.590298 0.585658 0.579738 0.572567 0.56418 0.554622 0.54394 0.532189 0.519432 0.505735 0.49117 0.475816 0.459755 0.443072 0.425858 0.408205 0.390207 0.371961 0.35356 0.335102 0.316677 0.298379 0.280294 0.262506 0.245093 0.22813 0.211681 0.19581 0.180569 0.166005 0.152159 0.139063 0.126744 0.115221 0.10451 0.0946188 0.0855514 0.0773078 0.0698848 0.0632764 0.0574749 0.0524716 0.0482572 0.0448227 0.0421601 0.0402626 0.0391262 
0.0404724 0.040865 0.042045 0.0440169 0.0467863 0.0503605 0.0547479 0.059958 0.0659999 0.0728826 0.0806136 0.0891984 0.0986396 0.108936 0.120084 0.132071 0.144882 0.158496 0.172882 0.188006 0.203825 0.220289 0.23734 0.254914 0.272942 0.291346 0.310044 0.328949 0.347971 0.367014 0.385984 0.404782 0.42331 0.44147 0.459166 0.476304 0.492792 0.508543 0.523474 0.537507 0.550567 0.562589 0.573509 0.583274 0.591833 0.599144 0.605172 0.609886 0.613264 0.61529 0.615953 0.61525 0.613185 0.609768 0.605014 0.598947 0.591597 0.583 0.573198 0.562241 0.550185 0.537091 0.523028 0.508068 0.492291 0.47578 0.458624 0.440913 0.422743 0.40421 0.385411 0.366445 0.34741 0.328402 0.309515 0.290839 0.272462 0.254464 0.236922 0.219906 0.203479 0.187697 0.172611 0.158261 0.144684 0.131908 0.119953 0.108836 0.0985666 0.0891492 0.080585 0.0728711 0.0660019 0.0599702 0.0547672 0.0503838 0.0468112 0.0440413 0.0420672 0.0408851 
0.0421631 0.0425711 0.043796 0.0458425 0.0487164 0.0524247 0.056976 0.0623795 0.0686444 0.0757794 0.0837917 0.0926863 0.102465 0.113127 0.124666 0.137069 0.150321 0.164397 0.179266 0.194892 0.211228 0.228223 0.245818 0.263944 0.28253 0.301495 0.320755 0.340219 0.359795 0.379384 0.398889 0.418208 0.437241 0.455888 0.474051 0.491634 0.508543 0.524691 0.539991 0.554366 0.567741 0.580047 0.591224 0.601214 0.60997 0.617448 0.623611 0.628431 0.631885 0.633956 0.634634 0.633916 0.631806 0.628312 0.623452 0.617249 0.609732 0.600938 0.590909 0.579695 0.567352 0.553943 0.539536 0.524205 0.50803 0.491097 0.473494 0.455315 0.436656 0.417615 0.398294 0.378793 0.359211 0.339648 0.320201 0.300964 0.282025 0.263469 0.245375 0.227816 0.210858 0.19456 0.178973 0.164142 0.150104 0.136889 0.124519 0.113012 0.102379 0.0926253 0.0837527 0.0757588 0.0686387 0.0623852 0.0569899 0.0524437 0.048738 0.0458647 0.0438168 0.0425907 
0.0437888 0.0442114 0.0454793 0.0475973 0.050571 0.0544075 0.0591154 0.0647038 0.0711817 0.0785576 0.0868384 0.0960286 0.10613 0.11714 0.129051 0.141851 0.155521 0.170037 0.185365 0.201467 0.218295 0.235794 0.253903 0.272553 0.291666 0.311162 0.330952 0.350944 0.371041 0.391145 0.411152 0.430961 0.450468 0.469572 0.488173 0.506171 0.523474 0.539991 0.555637 0.57033 0.583997 0.596569 0.607983 0.618184 0.627121 0.634753 0.641043 0.645961 0.649485 0.651597 0.652289 0.651557 0.649405 0.645841 0.640883 0.634554 0.626882 0.617905 0.607665 0.596213 0.583604 0.569901 0.555174 0.539497 0.522951 0.505622 0.487602 0.468984 0.449866 0.43035 0.410538 0.390532 0.370436 0.35035 0.330375 0.310607 0.291137 0.272053 0.253437 0.235364 0.217902 0.201113 0.185051 0.169762 0.155286 0.141653 0.128888 0.11701 0.10603 0.095956 0.0867891 0.0785281 0.0711684 0.0647031 0.059124 0.0544223 0.0505894 0.0476172 0.0454988 0.0442305 
0.0453374 0.0457739 0.0470826 0.0492683 0.0523365 0.0562945 0.0611507 0.0669142 0.0735937 0.0811975 0.0897323 0.099202 0.109608 0.120946 0.133209 0.146383 0.160449 0.175379 0.19114 0.20769 0.22498 0.242953 0.261546 0.280686 0.300295 0.320288 0.340574 0.36106 0.381645 0.402228 0.422704 0.44297 0.462919 0.482447 0.501454 0.519839 0.537507 0.554366 0.57033 0.585319 0.599255 0.612072 0.623705 0.634099 0.643204 0.650977 0.657383 0.662391 0.665979 0.66813 0.668835 0.66809 0.665899 0.662271 0.657223 0.650777 0.642964 0.633819 0.623385 0.611713 0.598858 0.584885 0.569861 0.553864 0.536975 0.51928 0.500871 0.481845 0.462302 0.442343 0.422073 0.401597 0.381019 0.360445 0.339976 0.31971 0.299743 0.280164 0.261057 0.242501 0.224566 0.207315 0.190806 0.175086 0.160196 0.146169 0.133032 0.120803 0.109496 0.0991183 0.0896732 0.0811594 0.0735729 0.0669071 0.0611541 0.0563052 0.0523518 0.0492858 0.0471007 0.0457925 
0.0467971 0.0472467 0.0485936 0.0508428 0.0539997 0.0580716 0.0630669 0.0689943 0.0758628 0.0836802 0.0924527 0.102184 0.112875 0.12452 0.137113 0.150636 0.165071 0.180388 0.196552 0.21352 0.231241 0.249655 0.268698 0.288294 0.308363 0.328817 0.349565 0.370507 0.391544 0.412571 0.433481 0.454167 0.474524 0.494444 0.513824 0.532564 0.550567 0.567741 0.583997 0.599255 0.613439 0.626479 0.638312 0.648882 0.65814 0.666042 0.672553 0.677643 0.68129 0.683476 0.684193 0.683437 0.68121 0.677524 0.672394 0.665843 0.6579 0.648602 0.637991 0.626118 0.613039 0.598818 0.583524 0.567233 0.550028 0.531996 0.513231 0.49383 0.473894 0.453526 0.432833 0.411922 0.3909 0.369874 0.348946 0.32822 0.30779 0.287751 0.268188 0.249182 0.230806 0.213126 0.196199 0.180077 0.164801 0.150407 0.136921 0.124364 0.112751 0.10209 0.0923842 0.0836338 0.0758349 0.0689813 0.0630653 0.0580783 0.0540119 0.0508581 0.0486104 0.0472648 
