0.00526527 0.00530418 0.00542821 0.00563801 0.0059342 0.00631763 0.00678931 0.0073504 0.00800213 0.00874578 0.00958258 0.0105137 0.01154 0.0126623 0.0138809 0.0151959 0.0166067 0.0181124 0.0197112 0.021401 0.0231785 0.02504 0.026981 0.0289957 0.0310781 0.0332207 0.0354157 0.0376541 0.0399263 0.0422219 0.0445298 0.0468383 0.0491352 0.0514079 0.0536434 0.0558287 0.0579505 0.0599956 0.061951 0.0638041 0.0655425 0.0671546 0.0686293 0.0699565 0.0711268 0.072132 0.072965 0.0736197 0.0740914 0.0743768 0.0744738 0.0743816 0.0741011 0.0736342 0.0729843 0.0721563 0.071156 0.0699906 0.0686685 0.0671987 0.0655917 0.0638583 0.0620103 0.0600599 0.0580197 0.0559028 0.0537222 0.0514912 0.0492229 0.0469302 0.0446256 0.0423213 0.040029 0.0377596 0.0355237 0.0333307 0.0311896 0.0291083 0.027094 0.0251531 0.023291 0.0215123 0.0198208 0.0182197 0.0167112 0.015297 0.0139781 0.012755 0.0116278 0.0105961 0.00965923 0.00881624 0.00806603 0.00740742 0.00683918 0.00636011 0.0059691 0.00566518 0.00544755 0.00531587 
0.00530418 0.0053434 0.00546835 0.0056797 0.00597806 0.0063643 0.00683942 0.00740459 0.00806105 0.00881007 0.0096529 0.0105907 0.0116243 0.0127546 0.0139819 0.0153062 0.016727 0.0182432 0.0198532 0.0215547 0.0233445 0.0252189 0.0271731 0.0292016 0.031298 0.0334552 0.0356649 0.0379183 0.0402056 0.0425164 0.0448395 0.0471631 0.049475 0.0517625 0.0540125 0.0562119 0.0583473 0.0604055 0.0623733 0.0642381 0.0659875 0.0676098 0.0690938 0.0704293 0.0716069 0.0726184 0.0734565 0.0741153 0.0745899 0.074877 0.0749746 0.0748818 0.0745995 0.0741296 0.0734757 0.0726424 0.0716358 0.0704631 0.0691326 0.0676536 0.0660363 0.064292 0.0624322 0.0604693 0.058416 0.0562855 0.0540908 0.0518454 0.0495623 0.0472545 0.0449348 0.0426153 0.0403078 0.0380234 0.0357725 0.0335648 0.0314093 0.0293139 0.0272859 0.0253317 0.0234568 0.0216658 0.0199627 0.0183504 0.0168314 0.0154073 0.0140791 0.0128474 0.0117122 0.0106732 0.00972962 0.0088806 0.00812502 0.00746169 0.00688936 0.00640685 0.00601303 0.00570692 0.00548773 0.00535512 
0.00542821 0.00546835 0.0055961 0.00581212 0.00611704 0.00651173 0.0069972 0.00757465 0.00824531 0.00901047 0.00987138 0.0108292 0.0118848 0.013039 0.0142921 0.0156441 0.0170945 0.0186421 0.0202852 0.0220215 0.0238478 0.02576 0.0277535 0.0298226 0.0319607 0.0341604 0.0364135 0.0387109 0.0410426 0.0433979 0.0457656 0.0481335 0.0504893 0.05282 0.0551123 0.0573527 0.0595279 0.0616242 0.0636283 0.0655274 0.0673088 0.0689606 0.0704716 0.0718312 0.0730302 0.0740598 0.074913 0.0755835 0.0760666 0.0763588 0.076458 0.0763634 0.0760759 0.0755974 0.0749316 0.0740831 0.0730582 0.0718641 0.0705093 0.0690032 0.0673563 0.0655798 0.0636857 0.0616865 0.0595951 0.0574248 0.055189 0.0529013 0.0505751 0.0482235 0.0458595 0.0434955 0.0411435 0.0388148 0.03652 0.034269 0.0320709 0.029934 0.0278656 0.0258722 0.0239595 0.0221322 0.0203944 0.0187491 0.0171987 0.0157451 0.0143893 0.0131318 0.0119727 0.0109118 0.00994822 0.00908115 0.00830944 0.00763191 0.00704731 0.00655443 0.00615215 0.00583946 0.00561558 0.00548015 
0.00563801 0.0056797 0.00581212 0.00603594 0.00635183 0.00676063 0.00726341 0.00786135 0.00855573 0.00934783 0.0102389 0.0112301 0.0123224 0.0135164 0.0148126 0.0162108 0.0177104 0.0193103 0.0210086 0.0228028 0.0246896 0.0266649 0.0287237 0.0308601 0.0330674 0.0353378 0.037663 0.0400333 0.0424386 0.0448679 0.0473095 0.0497509 0.0521794 0.0545817 0.056944 0.0592525 0.0614935 0.0636529 0.0657171 0.0676729 0.0695073 0.071208 0.0727636 0.0741633 0.0753974 0.0764572 0.0773352 0.0780252 0.0785223 0.0788228 0.0789247 0.0788272 0.078531 0.0780383 0.0773528 0.0764792 0.0754239 0.0741945 0.0727994 0.0712486 0.0695526 0.067723 0.0657721 0.0637127 0.0615581 0.0593219 0.0570181 0.0546604 0.0522626 0.0498384 0.0474009 0.0449631 0.0425373 0.0401351 0.0377675 0.0354446 0.033176 0.0309701 0.0288345 0.026776 0.0248004 0.0229127 0.0211171 0.0194167 0.0178143 0.0163115 0.0149096 0.0136092 0.0124104 0.0113129 0.0103159 0.00941872 0.00862011 0.00791888 0.00731378 0.00680358 0.00638715 0.00606348 0.00583175 0.00569162 
0.0059342 0.00597806 0.00611704 0.00635183 0.00668308 0.0071117 0.00763875 0.00826544 0.00899306 0.00982293 0.0107563 0.0117943 0.012938 0.0141879 0.0155443 0.0170072 0.0185757 0.0202487 0.0220242 0.0238995 0.025871 0.0279345 0.0300846 0.0323151 0.0346191 0.0369884 0.0394141 0.0418864 0.0443945 0.046927 0.0494718 0.0520158 0.0545458 0.0570478 0.0595078 0.0619113 0.064244 0.0664915 0.0686395 0.0706743 0.0725825 0.0743515 0.0759692 0.0774247 0.0787078 0.0798096 0.0807222 0.0814394 0.0819559 0.0822681 0.0823737 0.0822721 0.0819639 0.0814514 0.0807384 0.0798298 0.0787323 0.0774535 0.0760024 0.0743891 0.0726247 0.0707211 0.068691 0.0665477 0.064305 0.0619771 0.0595782 0.0571228 0.0546253 0.0520996 0.0495597 0.0470189 0.04449 0.0419852 0.0395158 0.0370926 0.0347254 0.032423 0.0301935 0.0280439 0.0259804 0.0240083 0.0221318 0.0203545 0.0186791 0.0171075 0.0156411 0.0142805 0.013026 0.0118772 0.0108335 0.00989409 0.00905775 0.00832329 0.00768945 0.00715497 0.0067187 0.00637962 0.00613688 0.00599015 
0.00631763 0.0063643 0.00651173 0.00676063 0.0071117 0.00756584 0.00812415 0.00878787 0.00955832 0.0104368 0.0114247 0.012523 0.0137327 0.0150544 0.0164884 0.0180345 0.0196917 0.0214588 0.0233335 0.025313 0.0273934 0.0295701 0.0318374 0.0341889 0.036617 0.0391131 0.041668 0.044271 0.0469111 0.049576 0.052253 0.0549286 0.0575886 0.0602186 0.0628038 0.065329 0.0677793 0.0701395 0.0723948 0.0745308 0.0765336 0.0783899 0.0800873 0.0816141 0.08296 0.0841154 0.0850725 0.0858243 0.0863657 0.0866928 0.0868033 0.0866963 0.0863728 0.085835 0.0850867 0.0841334 0.0829818 0.0816399 0.0801171 0.0784239 0.0765718 0.0745734 0.0724419 0.0701911 0.0678355 0.06539 0.0628694 0.0602888 0.0576634 0.0550077 0.0523365 0.0496635 0.0470024 0.0443659 0.041766 0.0392139 0.0367201 0.0342939 0.0319438 0.0296772 0.0275008 0.0254201 0.0234397 0.0215635 0.0197943 0.0181342 0.0165848 0.0151469 0.0138207 0.0126059 0.0115021 0.0105083 0.00962335 0.0088461 0.00817524 0.00760949 0.00714767 0.00678874 0.00653183 0.00637659 
0.00678931 0.00683942 0.0069972 0.00726341 0.00763875 0.00812415 0.00872075 0.00942982 0.0102527 0.0111907 0.0122452 0.0134173 0.0147079 0.0161175 0.0176464 0.0192942 0.0210599 0.0229419 0.0249379 0.0270447 0.029258 0.031573 0.0339836 0.0364826 0.0390622 0.0417132 0.0444255 0.0471881 0.049989 0.0528154 0.0556536 0.0584895 0.061308 0.0640939 0.0668316 0.069505 0.0720984 0.0745958 0.0769818 0.079241 0.0813589 0.0833215 0.0851157 0.0867294 0.0881515 0.0893724 0.0903833 0.0911775 0.0917491 0.0920943 0.0922106 0.0920973 0.091755 0.0911864 0.0903953 0.0893876 0.0881701 0.0867514 0.0851413 0.0833508 0.0813922 0.0792784 0.0770234 0.0746418 0.0721488 0.06956 0.0668912 0.0641582 0.0613769 0.0585629 0.0557315 0.0528975 0.0500751 0.047278 0.0445189 0.0418097 0.0391614 0.0365841 0.0340867 0.0316774 0.029363 0.0271497 0.0250424 0.0230452 0.0211613 0.0193931 0.0177423 0.0162097 0.0147958 0.0135003 0.0123229 0.0112625 0.0103181 0.00948846 0.00877227 0.00816822 0.00767512 0.00729187 0.00701761 0.00685196 
0.0073504 0.00740459 0.00757465 0.00786135 0.00826544 0.00878787 0.00942982 0.0101926 0.0110775 0.012086 0.0132194 0.0144788 0.0158651 0.0173787 0.0190198 0.0207878 0.0226817 0.0246997 0.026839 0.029096 0.0314665 0.0339447 0.0365243 0.0391976 0.0419559 0.0447895 0.0476875 0.0506382 0.0536287 0.0566453 0.0596736 0.0626982 0.0657035 0.0686729 0.0715901 0.074438 0.0771998 0.0798588 0.0823984 0.0848025 0.0870557 0.0891433 0.0910514 0.0927672 0.0942791 0.0955767 0.0966511 0.0974948 0.0981021 0.0984685 0.0985917 0.0984708 0.0981066 0.0975017 0.0966604 0.0955885 0.0942937 0.0927847 0.091072 0.0891672 0.0870832 0.0848336 0.0824334 0.079898 0.0772433 0.0744859 0.0716426 0.0687301 0.0657653 0.0627647 0.0597447 0.0567209 0.0537086 0.0507222 0.0477753 0.0448808 0.0420503 0.0392946 0.0366235 0.0340456 0.0315684 0.0291984 0.0269412 0.0248011 0.0227817 0.0208857 0.0191148 0.0174703 0.0159527 0.0145618 0.0132972 0.012158 0.0111433 0.0102516 0.00948177 0.00883239 0.00830223 0.0078902 0.00759538 0.00741741 
0.00800213 0.00806105 0.00824531 0.00855573 0.00899306 0.00955832 0.0102527 0.0110775 0.0120342 0.0131242 0.0143487 0.015709 0.0172057 0.0188394 0.0206101 0.022517 0.0245588 0.0267335 0.029038 0.0314685 0.03402 0.0366864 0.0394607 0.0423346 0.0452988 0.0483426 0.0514544 0.0546215 0.0578301 0.0610655 0.0643122 0.0675539 0.0707736 0.073954 0.0770773 0.0801256 0.0830808 0.0859252 0.0886411 0.0912116 0.0936201 0.0958511 0.0978898 0.0997227 0.101337 0.102723 0.10387 0.104771 0.105419 0.10581 0.105941 0.105811 0.105422 0.104775 0.103876 0.102731 0.101348 0.099735 0.0979046 0.0958687 0.0936407 0.0912355 0.0886686 0.0859565 0.0831162 0.0801653 0.0771215 0.0740028 0.0708272 0.0676122 0.0643753 0.0611334 0.0579026 0.0546984 0.0515356 0.0484277 0.0453874 0.0424264 0.0395552 0.036783 0.0341181 0.0315676 0.0291375 0.0268326 0.0246569 0.0226133 0.020704 0.0189303 0.0172929 0.0157917 0.0144265 0.0131964 0.0121003 0.0111369 0.0103051 0.00960327 0.00903028 0.00858497 0.00826639 0.00807417 
0.00874578 0.00881007 0.00901047 0.00934783 0.00982293 0.0104368 0.0111907 0.012086 0.0131242 0.0143066 0.0156346 0.0171093 0.0187313 0.0205012 0.0224187 0.0244829 0.0266924 0.0290447 0.0315364 0.0341631 0.0369195 0.0397989 0.0427935 0.0458943 0.0490911 0.0523725 0.0557258 0.0591373 0.0625922 0.0660746 0.0695678 0.0730544 0.0765161 0.0799343 0.0832901 0.0865642 0.0897374 0.0927906 0.0957052 0.0984629 0.101046 0.103439 0.105624 0.107589 0.10932 0.110804 0.112033 0.112998 0.113692 0.11411 0.11425 0.114111 0.113693 0.113 0.112036 0.110808 0.109325 0.107596 0.105633 0.103449 0.101059 0.0984786 0.095724 0.0928129 0.0897635 0.0865944 0.0833247 0.0799736 0.0765601 0.0731033 0.0696218 0.0661336 0.0626562 0.0592061 0.0557993 0.0524503 0.049173 0.0459799 0.0428823 0.0398904 0.0370132 0.0342583 0.0316325 0.0291409 0.0267882 0.0245775 0.0225112 0.0205911 0.0188178 0.0171916 0.0157122 0.0143788 0.0131904 0.0121458 0.0112435 0.0104822 0.00986057 0.00937747 0.00903191 0.00882352 
0.00958258 0.0096529 0.00987138 0.0102389 0.0107563 0.0114247 0.0122452 0.0132194 0.0143487 0.0156346 0.0170783 0.0186809 0.0204432 0.0223653 0.0244469 0.0266869 0.0290836 0.0316341 0.0343347 0.0371805 0.0401655 0.0432823 0.0465225 0.0498762 0.0533323 0.0568783 0.0605005 0.0641841 0.067913 0.0716702 0.0754376 0.0791964 0.082927 0.0866095 0.0902235 0.0937483 0.0971635 0.100449 0.103584 0.106549 0.109327 0.111898 0.114247 0.116358 0.118216 0.119811 0.121131 0.122166 0.122911 0.12336 0.12351 0.123359 0.12291 0.122165 0.121129 0.11981 0.118216 0.116357 0.114248 0.1119 0.109331 0.106556 0.103593 0.100461 0.0971791 0.0937679 0.0902473 0.0866379 0.0829602 0.0792347 0.0754811 0.071719 0.0679672 0.0642436 0.0605651 0.0569478 0.0534064 0.0499547 0.0466048 0.043368 0.0402539 0.0372711 0.0344268 0.031727 0.0291765 0.0267791 0.0245375 0.0224537 0.0205286 0.0187626 0.0171555 0.0157067 0.014415 0.0132793 0.0122983 0.0114704 0.0107943 0.0102689 0.00989317 0.00966669 
0.0105137 0.0105907 0.0108292 0.0112301 0.0117943 0.012523 0.0134173 0.0144788 0.015709 0.0171093 0.0186809 0.020425 0.0223422 0.0244324 0.0266953 0.0291295 0.0317329 0.0345023 0.0374333 0.0405207 0.0437577 0.0471363 0.050647 0.0542792 0.0580207 0.0618579 0.0657761 0.0697589 0.0737892 0.0778483 0.0819169 0.0859747 0.0900007 0.0939733 0.0978706 0.101671 0.105351 0.108891 0.112267 0.115461 0.11845 0.121218 0.123745 0.126016 0.128016 0.129731 0.131149 0.132263 0.133063 0.133545 0.133706 0.133544 0.13306 0.132258 0.131144 0.129724 0.128008 0.126009 0.123738 0.121211 0.118445 0.115457 0.112265 0.108891 0.105355 0.101678 0.0978823 0.0939895 0.0900218 0.0860011 0.0819487 0.0778857 0.0738323 0.0698078 0.0658306 0.0619179 0.058086 0.0543494 0.0507217 0.047215 0.0438399 0.0406058 0.0375206 0.034591 0.0318223 0.0292188 0.0267837 0.024519 0.0224262 0.0205057 0.0187575 0.0171809 0.0157751 0.0145388 0.0134705 0.0125689 0.0118327 0.0112605 0.0108513 0.0106048 
0.01154 0.0116243 0.0118848 0.0123224 0.012938 0.0137327 0.0147079 0.0158651 0.0172057 0.0187313 0.0204432 0.0223422 0.0244288 0.0267032 0.0291644 0.0318109 0.0346402 0.0376487 0.0408316 0.0441828 0.0476949 0.051359 0.055165 0.0591009 0.0631535 0.0673081 0.0715485 0.0758572 0.0802154 0.0846032 0.0889994 0.0933824 0.0977293 0.102017 0.106222 0.110321 0.11429 0.118105 0.121744 0.125184 0.128405 0.131385 0.134106 0.13655 0.138702 0.140547 0.142074 0.143271 0.144132 0.14465 0.144822 0.144647 0.144126 0.143263 0.142063 0.140535 0.138688 0.136535 0.13409 0.131368 0.128389 0.125169 0.12173 0.118093 0.114281 0.110315 0.106221 0.10202 0.097737 0.0933954 0.0890181 0.0846278 0.0802461 0.0758941 0.0715916 0.0673574 0.0632087 0.0591617 0.0552311 0.0514299 0.04777 0.0442615 0.0409133 0.0377326 0.0347254 0.0318967 0.0292498 0.0267874 0.024511 0.0224214 0.0205187 0.0188024 0.0172715 0.0159249 0.0147611 0.0137788 0.0129765 0.012353 0.0119073 0.0116388 
0.0126623 0.0127546 0.013039 0.0135164 0.0141879 0.0150544 0.0161175 0.0173787 0.0188394 0.0205012 0.0223653 0.0244324 0.0267032 0.0291772 0.0318535 0.0347303 0.0378046 0.0410722 0.0445278 0.0481647 0.0519746 0.0559478 0.060073 0.0643373 0.0687262 0.0732236 0.0778121 0.0824725 0.0871846 0.0919268 0.0966764 0.10141 0.106103 0.11073 0.115266 0.119687 0.123966 0.128078 0.131999 0.135705 0.139173 0.142382 0.145311 0.147941 0.150257 0.152242 0.153884 0.155172 0.156097 0.156654 0.156838 0.15665 0.156089 0.155159 0.153868 0.152223 0.150235 0.147917 0.145285 0.142354 0.139145 0.135677 0.131972 0.128053 0.123943 0.119667 0.11525 0.110718 0.106096 0.101408 0.0966806 0.0919373 0.0872016 0.0824962 0.0778426 0.0732609 0.06877 0.0643875 0.0601293 0.0560097 0.0520416 0.0482362 0.044603 0.0411504 0.0378849 0.0348119 0.0319355 0.0292586 0.026783 0.0245099 0.0224395 0.0205713 0.0189046 0.0174381 0.0161706 0.0151006 0.0142266 0.0135473 0.0130617 0.0127694 
0.0138809 0.0139819 0.0142921 0.0148126 0.0155443 0.0164884 0.0176464 0.0190198 0.0206101 0.0224187 0.0244469 0.0266953 0.0291644 0.0318535 0.0347616 0.0378862 0.041224 0.0447704 0.0485194 0.0524633 0.0565932 0.0608983 0.0653662 0.0699828 0.0747324 0.0795975 0.0845589 0.0895962 0.0946873 0.0998089 0.104937 0.110045 0.115107 0.120098 0.124988 0.129752 0.134362 0.138791 0.143013 0.147002 0.150735 0.154187 0.157338 0.160167 0.162657 0.164791 0.166556 0.16794 0.168934 0.169532 0.16973 0.169527 0.168923 0.167923 0.166534 0.164765 0.162627 0.160134 0.157301 0.154148 0.150694 0.146961 0.142972 0.138751 0.134324 0.129717 0.124956 0.12007 0.115084 0.110027 0.104925 0.0998039 0.0946892 0.0896053 0.0845754 0.0796214 0.0747637 0.0700213 0.0654115 0.0609501 0.056651 0.0525264 0.0485871 0.044842 0.0412986 0.0379628 0.0348393 0.0319314 0.0292414 0.0267705 0.0245193 0.0224874 0.0206742 0.0190786 0.0176991 0.0165344 0.015583 0.0148436 0.014315 0.013997 
0.0151959 0.0153062 0.0156441 0.0162108 0.0170072 0.0180345 0.0192942 0.0207878 0.022517 0.0244829 0.0266869 0.0291295 0.0318109 0.0347303 0.0378862 0.0412759 0.0448955 0.0487398 0.052802 0.0570738 0.0615452 0.0662043 0.0710377 0.07603 0.0811638 0.0864204 0.0917789 0.0972172 0.102711 0.108236 0.113766 0.119272 0.124727 0.130103 0.135369 0.140497 0.145458 0.150223 0.154764 0.159053 0.163065 0.166776 0.170161 0.173201 0.175875 0.178167 0.180062 0.181547 0.182615 0.183256 0.183468 0.183249 0.182601 0.181527 0.180034 0.178133 0.175836 0.173157 0.170114 0.166725 0.163012 0.158998 0.154708 0.150167 0.145404 0.140445 0.13532 0.130057 0.124687 0.119237 0.113737 0.108214 0.102697 0.0972103 0.0917801 0.0864296 0.0811812 0.0760554 0.0710709 0.0662449 0.0615926 0.0571275 0.0528613 0.0488038 0.0449634 0.0413467 0.037959 0.034804 0.0318844 0.0292019 0.026757 0.0245499 0.0225798 0.0208457 0.0193462 0.01808 0.0170457 0.0162417 0.0156672 0.0153216 
0.0166067 0.016727 0.0170945 0.0177104 0.0185757 0.0196917 0.0210599 0.0226817 0.0245588 0.0266924 0.0290836 0.0317329 0.0346402 0.0378046 0.041224 0.0448955 0.0488145 0.0529752 0.0573701 0.0619898 0.0668235 0.0718581 0.0770788 0.0824689 0.0880097 0.0936807 0.0994593 0.105322 0.111242 0.117193 0.123147 0.129073 0.134943 0.140725 0.146387 0.151899 0.15723 0.162348 0.167225 0.17183 0.176137 0.180118 0.183751 0.187011 0.189879 0.192337 0.194368 0.195961 0.197105 0.197792 0.198019 0.197784 0.197088 0.195936 0.194335 0.192296 0.189831 0.186957 0.183691 0.180054 0.176069 0.17176 0.167153 0.162276 0.157158 0.151829 0.146319 0.140661 0.134884 0.12902 0.123099 0.117153 0.111209 0.105297 0.0994437 0.0936739 0.0880119 0.08248 0.0770986 0.0718861 0.0668594 0.062033 0.0574198 0.0530308 0.0488749 0.0449597 0.0412911 0.0378733 0.0347096 0.0318018 0.0291509 0.0267571 0.0246199 0.0227383 0.021111 0.0197367 0.0186139 0.0177412 0.0171176 0.0167426 
0.0181124 0.0182432 0.0186421 0.0193103 0.0202487 0.0214588 0.0229419 0.0246997 0.0267335 0.0290447 0.0316341 0.0345023 0.0376487 0.0410722 0.0447704 0.0487398 0.0529752 0.0574701 0.0622162 0.0672031 0.0724189 0.0778494 0.0834784 0.0892877 0.095257 0.101364 0.107585 0.113893 0.120261 0.126659 0.133059 0.139426 0.145731 0.151938 0.158016 0.16393 0.169648 0.175137 0.180365 0.185301 0.189915 0.194181 0.198071 0.201562 0.204633 0.207263 0.209438 0.211142 0.212366 0.213101 0.213343 0.213091 0.212345 0.211112 0.209398 0.207214 0.204575 0.201497 0.197999 0.194103 0.189832 0.185214 0.180276 0.175047 0.169558 0.163841 0.157929 0.151854 0.145651 0.139353 0.132991 0.1266 0.120209 0.11385 0.107551 0.10134 0.0952426 0.0892831 0.0834834 0.0778638 0.0724422 0.0672347 0.0622554 0.0575161 0.0530271 0.0487965 0.0448309 0.0411353 0.0377132 0.0345671 0.0316981 0.0291066 0.0267924 0.0247545 0.0229918 0.0215029 0.0202863 0.0193408 0.0186651 0.018259 
0.0197112 0.0198532 0.0202852 0.0210086 0.0220242 0.0233335 0.0249379 0.026839 0.029038 0.0315364 0.0343347 0.0374333 0.0408316 0.0445278 0.0485194 0.052802 0.0573701 0.0622162 0.0673311 0.0727036 0.0783204 0.0841661 0.0902231 0.0964716 0.10289 0.109453 0.116136 0.12291 0.129746 0.136613 0.143477 0.150306 0.157063 0.163715 0.170226 0.176559 0.18268 0.188555 0.194148 0.199428 0.204363 0.208923 0.213082 0.216813 0.220094 0.222904 0.225227 0.227048 0.228354 0.229139 0.229397 0.229127 0.22833 0.227012 0.22518 0.222847 0.220026 0.216736 0.212997 0.208831 0.204264 0.199325 0.194041 0.188446 0.182571 0.17645 0.170118 0.16361 0.156963 0.150211 0.143389 0.136532 0.129674 0.122847 0.116083 0.10941 0.102857 0.09645 0.0902121 0.0841655 0.0783297 0.0727223 0.0673586 0.0622515 0.0574124 0.0528502 0.0485724 0.0445844 0.0408905 0.0374934 0.0343947 0.031595 0.0290943 0.0268917 0.0249862 0.0233764 0.022061 0.0210387 0.0203082 0.0198692 
0.021401 0.0215547 0.0220215 0.0228028 0.0238995 0.025313 0.0270447 0.029096 0.0314685 0.0341631 0.0371805 0.0405207 0.0441828 0.0481647 0.0524633 0.0570738 0.0619898 0.0672031 0.0727036 0.0784788 0.0845143 0.0907934 0.0972968 0.104003 0.110889 0.117928 0.125092 0.132352 0.139675 0.147027 0.154375 0.161681 0.16891 0.176023 0.182982 0.18975 0.196289 0.202563 0.208534 0.21417 0.219436 0.224302 0.228738 0.232717 0.236215 0.239212 0.241688 0.243628 0.245021 0.245857 0.246131 0.245843 0.244993 0.243587 0.241634 0.239145 0.236137 0.232628 0.228639 0.224195 0.219322 0.214049 0.208409 0.202434 0.196159 0.189619 0.182852 0.175896 0.168787 0.161564 0.154264 0.146924 0.139581 0.132267 0.125018 0.117865 0.110837 0.103963 0.0972686 0.0907766 0.0845086 0.0784836 0.0727182 0.0672269 0.0620216 0.0571126 0.0525079 0.048214 0.0442354 0.0405753 0.0372359 0.0342179 0.0315216 0.0291462 0.0270909 0.0253544 0.0239353 0.0228323 0.0220442 0.0215708 
0.0231785 0.0233445 0.0238478 0.0246896 0.025871 0.0273934 0.029258 0.0314665 0.03402 0.0369195 0.0401655 0.0437577 0.0476949 0.0519746 0.0565932 0.0615452 0.0668235 0.0724189 0.0783204 0.0845143 0.090985 0.0977141 0.104681 0.111863 0.119233 0.126765 0.134428 0.14219 0.150017 0.157872 0.165719 0.17352 0.181235 0.188823 0.196246 0.203462 0.210432 0.217117 0.223479 0.229481 0.235088 0.240268 0.244989 0.249223 0.252945 0.256133 0.258766 0.26083 0.26231 0.263199 0.263491 0.263183 0.262279 0.260783 0.258705 0.256057 0.252856 0.249122 0.244876 0.240145 0.234957 0.229342 0.223334 0.216968 0.21028 0.203309 0.196094 0.188674 0.181089 0.173379 0.165585 0.157746 0.1499 0.142083 0.134332 0.126681 0.119161 0.111803 0.104634 0.0976799 0.090963 0.084504 0.0783211 0.0724299 0.0668437 0.0615736 0.0566286 0.0520157 0.0477403 0.0438061 0.0402156 0.0369699 0.0340694 0.0315137 0.029302 0.027433 0.0259055 0.0247183 0.0238701 0.0233607 
0.02504 0.0252189 0.02576 0.0266649 0.0279345 0.0295701 0.031573 0.0339447 0.0366864 0.0397989 0.0432823 0.0471363 0.051359 0.0559478 0.0608983 0.0662043 0.0718581 0.0778494 0.0841661 0.0907934 0.0977141 0.104909 0.112354 0.120027 0.127898 0.135938 0.144116 0.152395 0.160741 0.169114 0.177475 0.185784 0.193999 0.202076 0.209974 0.21765 0.225062 0.232169 0.238931 0.245308 0.251265 0.256766 0.261779 0.266275 0.270226 0.273609 0.276403 0.278593 0.280163 0.281106 0.281415 0.281088 0.280128 0.27854 0.276334 0.273524 0.270126 0.266161 0.261653 0.256628 0.251117 0.245151 0.238767 0.232 0.224889 0.217475 0.209799 0.201902 0.193828 0.185619 0.177317 0.168964 0.1606 0.152265 0.143997 0.135832 0.127805 0.119947 0.112288 0.104856 0.0976746 0.0907668 0.0841518 0.0778466 0.0718657 0.0662214 0.0609235 0.0559799 0.0513966 0.0471778 0.0433265 0.0398442 0.0367316 0.0339885 0.0316142 0.0296076 0.0279674 0.0266926 0.0257818 0.0252351 
0.026981 0.0271731 0.0277535 0.0287237 0.0300846 0.0318374 0.0339836 0.0365243 0.0394607 0.0427935 0.0465225 0.050647 0.055165 0.060073 0.0653662 0.0710377 0.0770788 0.0834784 0.0902231 0.0972968 0.104681 0.112354 0.120293 0.12847 0.136855 0.145418 0.154123 0.162934 0.171811 0.180715 0.189603 0.198432 0.207158 0.215735 0.22412 0.232266 0.240129 0.247667 0.254836 0.261597 0.26791 0.273739 0.279049 0.283811 0.287995 0.291577 0.294535 0.296853 0.298515 0.299513 0.299839 0.299493 0.298476 0.296795 0.294459 0.291483 0.287884 0.283684 0.278908 0.273584 0.267744 0.261421 0.254652 0.247476 0.239934 0.232067 0.22392 0.215537 0.206963 0.198242 0.189419 0.180539 0.171645 0.162779 0.15398 0.145288 0.136739 0.128368 0.120206 0.112282 0.104623 0.0972529 0.0901927 0.0834608 0.0770729 0.0710425 0.0653804 0.0600952 0.0551938 0.050681 0.0465601 0.0428332 0.0395012 0.0365642 0.0340216 0.0318725 0.0301157 0.0287501 0.0277747 0.0271892 
0.0289957 0.0292016 0.0298226 0.0308601 0.0323151 0.0341889 0.0364826 0.0391976 0.0423346 0.0458943 0.0498762 0.0542792 0.0591009 0.0643373 0.0699828 0.07603 0.0824689 0.0892877 0.0964716 0.104003 0.111863 0.120027 0.12847 0.137163 0.146075 0.155171 0.164416 0.173769 0.18319 0.192635 0.20206 0.211419 0.220666 0.229752 0.238631 0.247255 0.255577 0.263553 0.271136 0.278286 0.28496 0.291122 0.296734 0.301765 0.306185 0.309969 0.313093 0.315541 0.317296 0.318349 0.318693 0.318327 0.317253 0.315477 0.313009 0.309865 0.306063 0.301625 0.296578 0.290951 0.284776 0.278091 0.270932 0.26334 0.255359 0.247033 0.238407 0.229529 0.220445 0.211203 0.20185 0.192433 0.182998 0.173588 0.164248 0.155017 0.145935 0.137038 0.128361 0.119933 0.111785 0.103941 0.0964241 0.0892542 0.0824486 0.0760215 0.0699851 0.0643488 0.0591202 0.0543048 0.0499065 0.0459278 0.0423699 0.0392331 0.0365171 0.0342212 0.0323442 0.0308852 0.029843 0.0292176 
0.0310781 0.031298 0.0319607 0.0330674 0.0346191 0.036617 0.0390622 0.0419559 0.0452988 0.0490911 0.0533323 0.0580207 0.0631535 0.0687262 0.0747324 0.0811638 0.0880097 0.095257 0.10289 0.110889 0.119233 0.127898 0.136855 0.146075 0.155523 0.165163 0.174956 0.184861 0.194833 0.204828 0.214798 0.224696 0.23447 0.244072 0.253452 0.26256 0.271347 0.279765 0.287768 0.29531 0.30235 0.308846 0.314764 0.320067 0.324725 0.328712 0.332004 0.334582 0.336431 0.33754 0.337903 0.337517 0.336385 0.334513 0.331913 0.328599 0.324592 0.319914 0.314593 0.30866 0.302148 0.295095 0.287542 0.279531 0.271106 0.262314 0.253204 0.243823 0.234223 0.224453 0.214562 0.2046 0.194615 0.184653 0.174762 0.164983 0.155358 0.145926 0.136724 0.127783 0.119135 0.110807 0.102824 0.0952068 0.087974 0.0811413 0.0747219 0.0687262 0.0631626 0.0580373 0.0533547 0.0491178 0.0453282 0.0419866 0.0390928 0.0366462 0.0346458 0.0330908 0.0319801 0.0313138 
0.0332207 0.0334552 0.0341604 0.0353378 0.0369884 0.0391131 0.0417132 0.0447895 0.0483426 0.0523725 0.0568783 0.0618579 0.0673081 0.0732236 0.0795975 0.0864204 0.0936807 0.101364 0.109453 0.117928 0.126765 0.135938 0.145418 0.155171 0.165163 0.175354 0.185703 0.196166 0.206697 0.217248 0.227769 0.238209 0.248517 0.258639 0.268525 0.27812 0.287375 0.296239 0.304663 0.3126 0.320007 0.326842 0.333065 0.338641 0.343539 0.34773 0.351191 0.3539 0.355843 0.357008 0.357389 0.356983 0.355793 0.353825 0.351092 0.347608 0.343395 0.338476 0.33288 0.326638 0.319788 0.312366 0.304416 0.295982 0.28711 0.27785 0.268251 0.258365 0.248243 0.237939 0.227505 0.216992 0.206451 0.195931 0.185482 0.175148 0.164973 0.154998 0.145262 0.135801 0.126645 0.117826 0.109369 0.101296 0.0936286 0.086383 0.0795734 0.0732115 0.0673063 0.0618649 0.0568922 0.0523918 0.0483657 0.0448149 0.0417394 0.0391389 0.0370126 0.0353595 0.0341788 0.0334707 
0.0354157 0.0356649 0.0364135 0.037663 0.0394141 0.041668 0.0444255 0.0476875 0.0514544 0.0557258 0.0605005 0.0657761 0.0715485 0.0778121 0.0845589 0.0917789 0.0994593 0.107585 0.116136 0.125092 0.134428 0.144116 0.154123 0.164416 0.174956 0.185703 0.196612 0.207638 0.218731 0.229842 0.240917 0.251904 0.262747 0.273393 0.283785 0.29387 0.303594 0.312905 0.321751 0.330085 0.337859 0.345031 0.351561 0.357411 0.362548 0.366943 0.370572 0.373412 0.375449 0.376671 0.377069 0.376643 0.375395 0.373332 0.370465 0.366812 0.362392 0.357232 0.351361 0.344812 0.337622 0.329832 0.321484 0.312626 0.303307 0.293576 0.283486 0.273092 0.262447 0.251607 0.240626 0.229558 0.218458 0.207376 0.196364 0.18547 0.17474 0.164217 0.153943 0.143955 0.134286 0.124969 0.116032 0.107498 0.0993903 0.0917259 0.0845206 0.077787 0.0715351 0.0657727 0.0605054 0.0557373 0.0514708 0.0477072 0.044447 0.04169 0.0394354 0.0376826 0.0364308 0.0356801 
0.0376541 0.0379183 0.0387109 0.0400333 0.0418864 0.044271 0.0471881 0.0506382 0.0546215 0.0591373 0.0641841 0.0697589 0.0758572 0.0824725 0.0895962 0.0972172 0.105322 0.113893 0.12291 0.132352 0.14219 0.152395 0.162934 0.173769 0.184861 0.196166 0.207638 0.219228 0.230886 0.242557 0.254188 0.265721 0.277101 0.288269 0.299169 0.309743 0.319935 0.329692 0.338959 0.347688 0.355829 0.363337 0.370171 0.376293 0.381669 0.386267 0.390063 0.393034 0.395165 0.396442 0.396859 0.396413 0.395107 0.392948 0.389949 0.386127 0.381503 0.376103 0.369958 0.363102 0.355574 0.347415 0.338672 0.329391 0.319624 0.309424 0.298845 0.287942 0.276774 0.265397 0.253869 0.242246 0.230584 0.218939 0.207362 0.195906 0.184618 0.173545 0.162729 0.15221 0.142025 0.132207 0.122786 0.113787 0.105235 0.0971479 0.089543 0.0824339 0.0758316 0.0697447 0.0641794 0.0591404 0.0546307 0.0506518 0.0472046 0.044289 0.0419046 0.0400508 0.0387269 0.0379331 
0.0399263 0.0402056 0.0410426 0.0424386 0.0443945 0.0469111 0.049989 0.0536287 0.0578301 0.0625922 0.067913 0.0737892 0.0802154 0.0871846 0.0946873 0.102711 0.111242 0.120261 0.129746 0.139675 0.150017 0.160741 0.171811 0.18319 0.194833 0.206697 0.218731 0.230886 0.243107 0.255338 0.267522 0.279601 0.291514 0.303203 0.314607 0.325667 0.336325 0.346525 0.356211 0.365331 0.373835 0.381677 0.388814 0.395206 0.400817 0.405617 0.409578 0.412679 0.414901 0.416234 0.416669 0.416203 0.41484 0.412587 0.409457 0.405467 0.40064 0.395003 0.388586 0.381427 0.373563 0.36504 0.355903 0.346203 0.335992 0.325324 0.314258 0.30285 0.291161 0.279249 0.267175 0.254998 0.242777 0.230568 0.218428 0.206409 0.194564 0.182939 0.171581 0.160531 0.149829 0.139508 0.129601 0.120136 0.111137 0.102625 0.0946187 0.087132 0.0801772 0.0737636 0.0678983 0.0625865 0.0578317 0.0536359 0.0500001 0.0469247 0.0444094 0.0424538 0.0410571 0.0402199 
0.0422219 0.0425164 0.0433979 0.0448679 0.046927 0.049576 0.0528154 0.0566453 0.0610655 0.0660746 0.0716702 0.0778483 0.0846032 0.0919268 0.0998089 0.108236 0.117193 0.126659 0.136613 0.147027 0.157872 0.169114 0.180715 0.192635 0.204828 0.217248 0.229842 0.242557 0.255338 0.268125 0.280859 0.293478 0.305921 0.318126 0.330029 0.341571 0.35269 0.363327 0.373427 0.382934 0.391797 0.399969 0.407404 0.414062 0.419906 0.424904 0.429028 0.432257 0.43457 0.435957 0.43641 0.435925 0.434506 0.43216 0.428901 0.424746 0.419719 0.413847 0.407163 0.399703 0.391509 0.382625 0.3731 0.362984 0.352334 0.341205 0.329656 0.317748 0.305542 0.2931 0.280485 0.267758 0.25498 0.242212 0.229511 0.216933 0.204532 0.192358 0.180459 0.16888 0.157661 0.146838 0.136446 0.126515 0.117069 0.108133 0.0997243 0.0918596 0.0845517 0.0778109 0.071645 0.0660597 0.0610591 0.0566457 0.0528209 0.0495851 0.0469385 0.0448806 0.043411 0.0425302 
0.0445298 0.0448395 0.0457656 0.0473095 0.0494718 0.052253 0.0556536 0.0596736 0.0643122 0.0695678 0.0754376 0.0819169 0.0889994 0.0966764 0.104937 0.113766 0.123147 0.133059 0.143477 0.154375 0.165719 0.177475 0.189603 0.20206 0.214798 0.227769 0.240917 0.254188 0.267522 0.280859 0.294136 0.307289 0.320255 0.332968 0.345364 0.35738 0.368952 0.380021 0.390528 0.400415 0.409632 0.418127 0.425855 0.432774 0.438847 0.44404 0.448324 0.451677 0.454081 0.455521 0.455991 0.455487 0.454013 0.451576 0.44819 0.443874 0.43865 0.432548 0.425601 0.417847 0.409327 0.400089 0.390182 0.379658 0.368575 0.356991 0.344967 0.332565 0.319849 0.306884 0.293734 0.280464 0.267137 0.253814 0.240558 0.227426 0.214475 0.201757 0.189322 0.177217 0.165484 0.154163 0.143289 0.132893 0.123004 0.113645 0.104836 0.0965943 0.0889345 0.0818674 0.0754016 0.0695435 0.0642976 0.0596669 0.0556533 0.0522574 0.0494795 0.0473195 0.045777 0.0448527 
0.0468383 0.0471631 0.0481335 0.0497509 0.0520158 0.0549286 0.0584895 0.0626982 0.0675539 0.0730544 0.0791964 0.0859747 0.0933824 0.10141 0.110045 0.119272 0.129073 0.139426 0.150306 0.161681 0.17352 0.185784 0.198432 0.211419 0.224696 0.238209 0.251904 0.265721 0.279601 0.293478 0.307289 0.320968 0.334447 0.347659 0.360539 0.373019 0.385037 0.396528 0.407433 0.417693 0.427255 0.436066 0.444081 0.451256 0.457551 0.462934 0.467375 0.47085 0.473341 0.474834 0.47532 0.474798 0.47327 0.470745 0.467235 0.462761 0.457345 0.451019 0.443815 0.435772 0.426935 0.41735 0.407068 0.396145 0.384638 0.372608 0.360118 0.347232 0.334016 0.320537 0.306861 0.293056 0.279188 0.265321 0.251517 0.23784 0.224345 0.21109 0.198125 0.185501 0.173261 0.161447 0.150096 0.139241 0.128911 0.119133 0.109927 0.101313 0.0933037 0.0859128 0.0791493 0.0730203 0.0675308 0.0626843 0.058483 0.054928 0.0520198 0.0497583 0.0481433 0.0471757 
0.0491352 0.049475 0.0504893 0.0521794 0.0545458 0.0575886 0.061308 0.0657035 0.0707736 0.0765161 0.082927 0.0900007 0.0977293 0.106103 0.115107 0.124727 0.134943 0.145731 0.157063 0.16891 0.181235 0.193999 0.207158 0.220666 0.23447 0.248517 0.262747 0.277101 0.291514 0.305921 0.320255 0.334447 0.348427 0.362128 0.375479 0.388414 0.400865 0.412768 0.424061 0.434684 0.444582 0.453701 0.461995 0.469418 0.47593 0.481498 0.486091 0.489685 0.49226 0.493804 0.494307 0.493767 0.492187 0.489575 0.485945 0.481317 0.475715 0.46917 0.461717 0.453394 0.444247 0.434325 0.423679 0.412366 0.400446 0.387981 0.375036 0.361677 0.347972 0.33399 0.319801 0.305473 0.291075 0.276673 0.262334 0.24812 0.234093 0.22031 0.206825 0.19369 0.180951 0.168652 0.156832 0.145525 0.134762 0.12457 0.114973 0.10599 0.0976367 0.0899262 0.0828687 0.076472 0.0707419 0.0656821 0.0612954 0.057583 0.0545458 0.0521839 0.0504973 0.0494869 
0.0514079 0.0517625 0.05282 0.0545817 0.0570478 0.0602186 0.0640939 0.0686729 0.073954 0.0799343 0.0866095 0.0939733 0.102017 0.11073 0.120098 0.130103 0.140725 0.151938 0.163715 0.176023 0.188823 0.202076 0.215735 0.229752 0.244072 0.258639 0.273393 0.288269 0.303203 0.318126 0.332968 0.347659 0.362128 0.376303 0.390112 0.403487 0.416359 0.428662 0.440331 0.451306 0.461529 0.470947 0.47951 0.487173 0.493895 0.499642 0.504382 0.50809 0.510748 0.51234 0.512859 0.512302 0.510671 0.507976 0.50423 0.499454 0.493673 0.486916 0.479221 0.470627 0.461181 0.450931 0.439932 0.428242 0.415922 0.403035 0.389648 0.375829 0.361649 0.347179 0.332489 0.317652 0.302737 0.287815 0.272953 0.258217 0.243669 0.229371 0.215378 0.201743 0.188516 0.175742 0.163462 0.151712 0.140524 0.129928 0.119947 0.110602 0.10191 0.0938861 0.0865398 0.0798802 0.0739135 0.0686441 0.064075 0.0602079 0.0570439 0.0545833 0.0528262 0.0517736 
0.0536434 0.0540125 0.0551123 0.056944 0.0595078 0.0628038 0.0668316 0.0715901 0.0770773 0.0832901 0.0902235 0.0978706 0.106222 0.115266 0.124988 0.135369 0.146387 0.158016 0.170226 0.182982 0.196246 0.209974 0.22412 0.238631 0.253452 0.268525 0.283785 0.299169 0.314607 0.330029 0.345364 0.360539 0.375479 0.390112 0.404365 0.418166 0.431444 0.444131 0.456163 0.467477 0.478014 0.487719 0.496542 0.504436 0.51136 0.517278 0.52216 0.525979 0.528715 0.530355 0.530889 0.530315 0.528636 0.525861 0.522003 0.517084 0.51113 0.50417 0.496242 0.487388 0.477653 0.467088 0.455749 0.443695 0.430988 0.417693 0.40388 0.389617 0.374978 0.360035 0.344861 0.329531 0.314116 0.298689 0.28332 0.268076 0.253024 0.238225 0.223737 0.209617 0.195916 0.182679 0.169951 0.157769 0.146168 0.135176 0.124821 0.115123 0.106102 0.0977708 0.0901425 0.0832259 0.077028 0.0715537 0.0668063 0.0627879 0.0594998 0.0569426 0.0551166 0.0540229 
0.0558287 0.0562119 0.0573527 0.0592525 0.0619113 0.065329 0.069505 0.074438 0.0801256 0.0865642 0.0937483 0.101671 0.110321 0.119687 0.129752 0.140497 0.151899 0.16393 0.176559 0.18975 0.203462 0.21765 0.232266 0.247255 0.26256 0.27812 0.29387 0.309743 0.325667 0.341571 0.35738 0.373019 0.388414 0.403487 0.418166 0.432374 0.446042 0.4591 0.471479 0.483118 0.493955 0.503935 0.513006 0.521122 0.528239 0.534322 0.539338 0.543263 0.546074 0.547759 0.548308 0.547718 0.545993 0.543141 0.539177 0.534122 0.528002 0.520848 0.512698 0.503593 0.493582 0.482716 0.471051 0.458647 0.445569 0.431884 0.417661 0.402972 0.387891 0.372493 0.356854 0.341048 0.325152 0.309238 0.29338 0.277647 0.262107 0.246824 0.23186 0.21727 0.203109 0.189426 0.176264 0.163664 0.151661 0.140287 0.129569 0.119529 0.110187 0.101558 0.0936561 0.08649 0.0800675 0.0743941 0.0694734 0.065308 0.0618993 0.0592483 0.0573553 0.0562215 
0.0579505 0.0583473 0.0595279 0.0614935 0.064244 0.0677793 0.0720984 0.0771998 0.0830808 0.0897374 0.0971635 0.105351 0.11429 0.123966 0.134362 0.145458 0.15723 0.169648 0.18268 0.196289 0.210432 0.225062 0.240129 0.255577 0.271347 0.287375 0.303594 0.319935 0.336325 0.35269 0.368952 0.385037 0.400865 0.416359 0.431444 0.446042 0.460082 0.473492 0.486203 0.498151 0.509274 0.519516 0.528824 0.537149 0.54445 0.550689 0.555834 0.559859 0.562742 0.56447 0.565033 0.564428 0.562659 0.559734 0.555669 0.550484 0.544207 0.536868 0.528506 0.519164 0.50889 0.497736 0.485761 0.473025 0.459593 0.445534 0.43092 0.415824 0.400321 0.384489 0.368404 0.352144 0.335787 0.319407 0.303081 0.286878 0.27087 0.255123 0.2397 0.22466 0.210058 0.195944 0.182365 0.169362 0.156973 0.145231 0.134162 0.123793 0.114142 0.105227 0.0970602 0.0896534 0.0830142 0.0771485 0.0720605 0.0677531 0.064228 0.0614863 0.0595286 0.0583562 
0.0599956 0.0604055 0.0616242 0.0636529 0.0664915 0.0701395 0.0745958 0.0798588 0.0859252 0.0927906 0.100449 0.108891 0.118105 0.128078 0.138791 0.150223 0.162348 0.175137 0.188555 0.202563 0.217117 0.232169 0.247667 0.263553 0.279765 0.296239 0.312905 0.329692 0.346525 0.363327 0.380021 0.396528 0.412768 0.428662 0.444131 0.4591 0.473492 0.487235 0.50026 0.512501 0.523895 0.534384 0.543915 0.55244 0.559914 0.566301 0.571567 0.575686 0.578637 0.580405 0.580981 0.580363 0.578552 0.575559 0.571398 0.566091 0.559664 0.552151 0.543589 0.534023 0.5235 0.512075 0.499805 0.486754 0.472988 0.458576 0.443591 0.428108 0.412205 0.39596 0.379452 0.362761 0.345964 0.329142 0.312369 0.295719 0.279266 0.263076 0.247216 0.231745 0.216721 0.202197 0.18822 0.174833 0.162074 0.149979 0.138576 0.127891 0.117944 0.108754 0.100335 0.092697 0.0858501 0.0798001 0.0745518 0.0701082 0.0664715 0.0636428 0.061623 0.0604136 
0.061951 0.0623733 0.0636283 0.0657171 0.0686395 0.0723948 0.0769818 0.0823984 0.0886411 0.0957052 0.103584 0.112267 0.121744 0.131999 0.143013 0.154764 0.167225 0.180365 0.194148 0.208534 0.223479 0.238931 0.254836 0.271136 0.287768 0.304663 0.321751 0.338959 0.356211 0.373427 0.390528 0.407433 0.424061 0.440331 0.456163 0.471479 0.486203 0.50026 0.51358 0.526096 0.537744 0.548465 0.558206 0.566917 0.574555 0.58108 0.58646 0.590668 0.593682 0.595488 0.596077 0.595445 0.593595 0.590538 0.586287 0.580866 0.5743 0.566623 0.557874 0.548096 0.53734 0.525659 0.513114 0.499767 0.485685 0.470941 0.455607 0.439761 0.42348 0.406846 0.389939 0.37284 0.35563 0.338388 0.321194 0.304122 0.287247 0.270639 0.254364 0.238486 0.223063 0.208149 0.193794 0.180042 0.166934 0.154504 0.142783 0.131798 0.12157 0.112119 0.103459 0.0956023 0.0885579 0.0823327 0.0769317 0.0723586 0.0686156 0.0657043 0.0636254 0.0623807 
0.0638041 0.0642381 0.0655274 0.0676729 0.0706743 0.0745308 0.079241 0.0848025 0.0912116 0.0984629 0.106549 0.115461 0.125184 0.135705 0.147002 0.159053 0.17183 0.185301 0.199428 0.21417 0.229481 0.245308 0.261597 0.278286 0.29531 0.3126 0.330085 0.347688 0.365331 0.382934 0.400415 0.417693 0.434684 0.451306 0.467477 0.483118 0.498151 0.512501 0.526096 0.538868 0.550752 0.561691 0.571627 0.580512 0.5883 0.594954 0.60044 0.60473 0.607804 0.609645 0.610245 0.609601 0.607716 0.604598 0.600265 0.594736 0.588041 0.580212 0.571288 0.561314 0.55034 0.538422 0.525619 0.511996 0.497621 0.482566 0.466906 0.45072 0.434087 0.41709 0.399809 0.382329 0.364731 0.347097 0.329507 0.31204 0.294769 0.277768 0.261105 0.244844 0.229046 0.213767 0.199056 0.184961 0.171523 0.158778 0.146758 0.135491 0.124999 0.115301 0.106415 0.0983512 0.0911205 0.08473 0.0791853 0.07449 0.0706468 0.0676573 0.0655228 0.0642448 
0.0655425 0.0659875 0.0673088 0.0695073 0.0725825 0.0765336 0.0813589 0.0870557 0.0936201 0.101046 0.109327 0.11845 0.128405 0.139173 0.150735 0.163065 0.176137 0.189915 0.204363 0.219436 0.235088 0.251265 0.26791 0.28496 0.30235 0.320007 0.337859 0.355829 0.373835 0.391797 0.409632 0.427255 0.444582 0.461529 0.478014 0.493955 0.509274 0.523895 0.537744 0.550752 0.562856 0.573994 0.58411 0.593155 0.601084 0.607857 0.61344 0.617806 0.620934 0.622808 0.623419 0.622763 0.620844 0.617672 0.613262 0.607635 0.60082 0.59285 0.583765 0.57361 0.562436 0.550298 0.537258 0.523379 0.508733 0.493391 0.47743 0.460929 0.44397 0.426636 0.409009 0.391175 0.373218 0.35522 0.337264 0.319428 0.30179 0.284424 0.2674 0.250783 0.234636 0.219016 0.203975 0.18956 0.175815 0.162776 0.150477 0.138946 0.128208 0.118281 0.109183 0.100926 0.0935216 0.0869769 0.0812977 0.0764883 0.0725515 0.0694892 0.0673025 0.0659935 
0.0671546 0.0676098 0.0689606 0.071208 0.0743515 0.0783899 0.0833215 0.0891433 0.0958511 0.103439 0.111898 0.121218 0.131385 0.142382 0.154187 0.166776 0.180118 0.194181 0.208923 0.224302 0.240268 0.256766 0.273739 0.291122 0.308846 0.326842 0.345031 0.363337 0.381677 0.399969 0.418127 0.436066 0.453701 0.470947 0.487719 0.503935 0.519516 0.534384 0.548465 0.561691 0.573994 0.585314 0.595595 0.604786 0.612842 0.619723 0.625396 0.629832 0.633009 0.634913 0.635533 0.634867 0.632918 0.629696 0.625215 0.619499 0.612575 0.604477 0.595245 0.584925 0.573567 0.561229 0.547971 0.533859 0.518964 0.50336 0.487123 0.470334 0.453076 0.435433 0.417489 0.399331 0.381044 0.362712 0.344419 0.326245 0.30827 0.290568 0.273212 0.256268 0.239799 0.223866 0.20852 0.193811 0.179783 0.166473 0.153917 0.142144 0.131177 0.121039 0.111745 0.103311 0.0957457 0.0890584 0.0832552 0.0783404 0.0743172 0.0711875 0.0689528 0.067615 
