0.00164998 0.00166852 0.00172982 0.0018346 0.00198384 0.00217889 0.00242143 0.00271343 0.00305713 0.00345496 0.00390953 0.00442349 0.00499953 0.00564028 0.00634823 0.00712563 0.00797445 0.00889626 0.00989215 0.0109627 0.0121077 0.0133266 0.0146176 0.0159785 0.0174061 0.0188961 0.0204437 0.0220428 0.0236867 0.0253675 0.0270768 0.0288052 0.0305427 0.0322786 0.0340018 0.0357007 0.0373634 0.038978 0.0405325 0.0420149 0.0434136 0.0447176 0.0459161 0.0469993 0.0479581 0.0487844 0.049471 0.050012 0.0504028 0.0506399 0.0507212 0.0506462 0.0504154 0.050031 0.0494962 0.0488159 0.0479958 0.0470431 0.0459659 0.0447732 0.043475 0.0420818 0.0406048 0.0390555 0.0374458 0.0357876 0.034093 0.0323738 0.0306414 0.028907 0.0271813 0.0254743 0.0237952 0.0221526 0.0205542 0.0190068 0.0175164 0.016088 0.0147257 0.0134328 0.0122116 0.0110637 0.00998989 0.00899034 0.0080645 0.00721132 0.00642926 0.00571639 0.00507048 0.0044891 0.00396964 0.00350945 0.00310589 0.0027564 0.00245855 0.00221013 0.00200918 0.00185402 0.00174334 0.00167628 
0.00166852 0.00168729 0.00174929 0.00185527 0.0020062 0.00220346 0.00244872 0.002744 0.00309155 0.00349382 0.00395344 0.0044731 0.0050555 0.0057033 0.00641899 0.00720487 0.0080629 0.00899466 0.0100013 0.0110832 0.0122405 0.0134722 0.0147768 0.016152 0.0175944 0.0190999 0.0206634 0.0222788 0.0239394 0.0256372 0.0273637 0.0291094 0.0308642 0.0326173 0.0343574 0.036073 0.0377519 0.0393822 0.0409516 0.0424483 0.0438604 0.0451768 0.0463867 0.0474802 0.048448 0.049282 0.0499751 0.0505211 0.0509155 0.0511548 0.0512369 0.0511611 0.0509281 0.05054 0.0500002 0.0493133 0.0484855 0.0475237 0.0464362 0.0452321 0.0439215 0.0425148 0.0410236 0.0394593 0.0378339 0.0361596 0.0344484 0.0327122 0.0309626 0.029211 0.0274681 0.0257439 0.0240478 0.0223885 0.0207738 0.0192105 0.0177047 0.0162615 0.014885 0.0135785 0.0123445 0.0111844 0.0100992 0.00908899 0.00815321 0.00729083 0.00650029 0.00577968 0.00512673 0.00453898 0.00401382 0.00354856 0.00314054 0.00278718 0.00248603 0.00223485 0.00203167 0.0018748 0.00176289 0.00169509 
0.00172982 0.00174929 0.0018135 0.0019232 0.0020794 0.0022835 0.00253724 0.00284268 0.00320212 0.0036181 0.00409329 0.00463045 0.00523235 0.0059017 0.00664106 0.00745276 0.00833878 0.00930073 0.0103397 0.0114563 0.0126502 0.0139207 0.0152662 0.016684 0.0181708 0.0197224 0.0213333 0.0229975 0.0247078 0.0264562 0.0282336 0.0300305 0.0318364 0.0336403 0.0354306 0.0371952 0.0389219 0.0405982 0.0422118 0.0437504 0.0452019 0.0465548 0.0477982 0.0489217 0.0499161 0.0507729 0.0514847 0.0520456 0.0524507 0.0526963 0.0527805 0.0527025 0.052463 0.0520641 0.0515093 0.0508035 0.0499527 0.0489643 0.0478467 0.0466091 0.0452619 0.0438159 0.0422827 0.0406742 0.0390028 0.0372807 0.0355204 0.0337342 0.031934 0.0301313 0.0283372 0.0265621 0.0248157 0.0231068 0.0214435 0.0198329 0.0182811 0.0167936 0.0153745 0.0140274 0.0127546 0.0115579 0.0104382 0.00939568 0.00842976 0.00753943 0.00672311 0.00597884 0.00530434 0.00469708 0.00415438 0.00367352 0.00325176 0.00288645 0.00257508 0.00231535 0.00210525 0.00194303 0.00182731 0.00175722 
0.0018346 0.00185527 0.0019232 0.00203918 0.00220426 0.00241992 0.00268796 0.00301051 0.00339 0.00382905 0.00433044 0.00489704 0.00553173 0.00623731 0.00701641 0.00787143 0.00880441 0.00981698 0.0109102 0.0120847 0.0133401 0.0146755 0.0160891 0.0175782 0.0191393 0.0207677 0.0224579 0.0242034 0.0259966 0.027829 0.0296914 0.0315736 0.0334647 0.035353 0.0372266 0.0390728 0.0408789 0.0426319 0.0443189 0.045927 0.0474439 0.0488575 0.0501563 0.0513298 0.0523682 0.0532628 0.054006 0.0545914 0.0550141 0.0552703 0.0553579 0.0552762 0.0550259 0.0546091 0.0540296 0.0532923 0.0524036 0.051371 0.0502032 0.04891 0.047502 0.0459906 0.0443878 0.0427059 0.0409578 0.0391564 0.0373146 0.0354452 0.0335606 0.031673 0.0297938 0.0279339 0.0261035 0.0243119 0.0225675 0.0208779 0.0192495 0.0176879 0.0161977 0.0147825 0.013445 0.0121871 0.0110096 0.0099129 0.00889646 0.00795924 0.00709964 0.00631566 0.00560494 0.00496488 0.00439271 0.00388559 0.00344069 0.00305524 0.00272665 0.00245252 0.00223074 0.0020595 0.00193736 0.00186342 
0.00198384 0.0020062 0.0020794 0.00220426 0.00238192 0.00261391 0.00290216 0.00324891 0.00365672 0.00412835 0.00466675 0.00527491 0.00595586 0.00671253 0.00754767 0.00846375 0.00946289 0.0105467 0.0117164 0.0129723 0.0143141 0.0157407 0.0172502 0.0188396 0.0205049 0.0222413 0.0240427 0.0259022 0.0278116 0.029762 0.0317435 0.0337452 0.0357555 0.0377621 0.0397523 0.0417128 0.0436299 0.0454902 0.0472798 0.0489853 0.0505936 0.0520919 0.0534683 0.0547116 0.0558115 0.0567589 0.0575458 0.0581656 0.0586129 0.0588839 0.0589764 0.0588895 0.058624 0.0581823 0.0575682 0.0567869 0.055845 0.0547507 0.0535129 0.052142 0.0506491 0.0490462 0.0473459 0.0455614 0.0437061 0.0417937 0.0398377 0.0378518 0.035849 0.0338423 0.0318439 0.0298652 0.0279171 0.0260095 0.0241514 0.0223508 0.0206147 0.0189492 0.017359 0.0158482 0.0144198 0.0130756 0.0118169 0.0106439 0.00955636 0.00855308 0.0076325 0.00679253 0.00603073 0.0053444 0.00473062 0.00418643 0.00370885 0.00329496 0.00294203 0.00264754 0.00240926 0.00222527 0.00209406 0.00201466 
0.00217889 0.00220346 0.0022835 0.00241992 0.00261391 0.00286713 0.00318162 0.0035598 0.00400438 0.00451832 0.00510473 0.00576681 0.00650776 0.00733066 0.00823841 0.0092336 0.0103184 0.0114945 0.012763 0.0141243 0.0155778 0.0171224 0.0187557 0.0204745 0.0222745 0.0241501 0.026095 0.0281015 0.0301609 0.0322633 0.0343982 0.0365537 0.0387176 0.0408765 0.0430168 0.0451242 0.0471843 0.0491824 0.0511039 0.0529346 0.0546602 0.0562675 0.0577435 0.0590764 0.0602554 0.0612706 0.0621136 0.0627774 0.0632563 0.0635463 0.063645 0.0635515 0.0632666 0.0627929 0.0621343 0.0612964 0.0602865 0.0591128 0.0577851 0.0563143 0.0547123 0.0529918 0.0511664 0.0492499 0.0472567 0.0452015 0.0430987 0.0409628 0.038808 0.0366479 0.0344958 0.0323641 0.0302643 0.0282071 0.0262024 0.0242587 0.0223837 0.0205839 0.0188646 0.0172303 0.0156843 0.0142286 0.0128648 0.0115932 0.0104136 0.00932477 0.00832519 0.00741268 0.00658468 0.00583834 0.0051706 0.00457831 0.00405831 0.00360751 0.00322299 0.00290206 0.00264233 0.00244178 0.00229878 0.0022123 
0.00242143 0.00244872 0.00253724 0.00268796 0.00290216 0.00318162 0.00352857 0.00394559 0.00443562 0.00500181 0.00564752 0.00637616 0.00719115 0.00809575 0.00909305 0.0101857 0.0113761 0.0126659 0.0140561 0.015547 0.017138 0.0188276 0.0206132 0.022491 0.0244563 0.026503 0.0286239 0.0308108 0.0330539 0.0353428 0.0376656 0.0400097 0.0423615 0.0447068 0.0470308 0.049318 0.0515528 0.0537195 0.0558023 0.0577858 0.0596549 0.0613952 0.0629928 0.0644352 0.0657106 0.0668086 0.0677202 0.0684377 0.0689552 0.0692683 0.0693745 0.0692729 0.0689644 0.0684515 0.0677387 0.0668319 0.0657387 0.0644681 0.0630306 0.0614379 0.0597026 0.0578385 0.0558601 0.0537822 0.0516205 0.0493906 0.0471081 0.0447887 0.0424478 0.0401 0.0377597 0.0354404 0.0331546 0.0309141 0.0287294 0.0266101 0.0245645 0.0225998 0.020722 0.0189359 0.0172452 0.0156525 0.0141593 0.0127663 0.0114732 0.010279 0.00918207 0.00818011 0.00727045 0.00645007 0.00571573 0.00506406 0.00449167 0.00399526 0.0035717 0.00321809 0.00293187 0.00271085 0.00255327 0.00245804 
0.00271343 0.002744 0.00284268 0.00301051 0.00324891 0.0035598 0.00394559 0.0044091 0.00495348 0.00558217 0.00629876 0.00710695 0.00801037 0.00901254 0.0101167 0.0113257 0.012642 0.0140673 0.0156025 0.0172478 0.0190025 0.0208646 0.0228312 0.0248981 0.0270598 0.0293097 0.0316397 0.0340405 0.0365017 0.0390115 0.0415571 0.0441245 0.046699 0.049265 0.0518063 0.0543061 0.0567476 0.0591135 0.0613869 0.063551 0.0655896 0.0674869 0.0692282 0.0707998 0.072189 0.0733846 0.074377 0.0751579 0.0757209 0.0760613 0.0761764 0.0760653 0.0757287 0.0751697 0.0743929 0.0734047 0.0722133 0.0708284 0.0692613 0.0675246 0.065632 0.0635982 0.0614389 0.0591705 0.0568095 0.0543729 0.0518779 0.0493415 0.0467801 0.04421 0.0416468 0.0391051 0.0365988 0.0341407 0.0317426 0.0294148 0.0271666 0.0250059 0.0229396 0.020973 0.0191102 0.0173542 0.015707 0.0141694 0.0127411 0.0114213 0.0102082 0.00909947 0.00809232 0.00718353 0.00636961 0.00564696 0.00501195 0.004461 0.00399074 0.00359803 0.0032801 0.00303458 0.00285956 0.00275385 
0.00305713 0.00309155 0.00320212 0.00339 0.00365672 0.00400438 0.00443562 0.00495348 0.00556142 0.00626314 0.00706254 0.00796361 0.00897026 0.0100863 0.0113151 0.0126597 0.0141227 0.0157057 0.0174097 0.0192347 0.0211797 0.0232424 0.0254193 0.0277057 0.0300954 0.0325809 0.0351532 0.0378021 0.0405158 0.0432814 0.0460848 0.0489105 0.0517424 0.0545634 0.0573558 0.0601012 0.0627811 0.065377 0.0678702 0.0702426 0.0724764 0.0745547 0.0764615 0.0781818 0.0797021 0.0810102 0.0820956 0.0829494 0.0835648 0.0839367 0.084062 0.0839398 0.0835711 0.082959 0.0821085 0.0810266 0.0797221 0.0782055 0.0764891 0.0745865 0.0725125 0.0702831 0.0679154 0.0654269 0.062836 0.060161 0.0574206 0.0546333 0.0518172 0.0489901 0.0461689 0.04337 0.0406084 0.0378984 0.0352528 0.0326832 0.0302 0.027812 0.0255268 0.0233504 0.0212876 0.0193419 0.0175155 0.0158095 0.0142238 0.0127576 0.0114091 0.0101759 0.00905506 0.00804307 0.00713625 0.00633071 0.00562253 0.00500784 0.00448299 0.00404456 0.00368955 0.00341538 0.00321996 0.003102 
0.00345496 0.00349382 0.0036181 0.00382905 0.00412835 0.00451832 0.00500181 0.00558217 0.00626314 0.00704875 0.00794325 0.00895093 0.010076 0.0113226 0.0126943 0.0141943 0.0158252 0.0175887 0.0194858 0.0215163 0.0236786 0.0259703 0.0283873 0.030924 0.0335736 0.0363276 0.039176 0.0421072 0.0451082 0.0481647 0.0512609 0.0543801 0.0575042 0.0606146 0.0636916 0.0667154 0.0696657 0.072522 0.0752641 0.0778722 0.080327 0.08261 0.0847039 0.0865925 0.0882609 0.0896961 0.0908866 0.0918228 0.0924973 0.0929046 0.0930415 0.0929069 0.0925018 0.0918296 0.0908959 0.0897081 0.0882757 0.0866104 0.0847251 0.0826348 0.0803556 0.0779049 0.0753012 0.0725637 0.0697122 0.066767 0.0637483 0.0606765 0.0575713 0.0544524 0.0513383 0.0482469 0.0451951 0.0421984 0.0392712 0.0364263 0.0336754 0.0310282 0.0284933 0.0260775 0.0237864 0.0216239 0.0195926 0.017694 0.0159282 0.0142944 0.0127909 0.011415 0.0101638 0.00903342 0.00801998 0.00711929 0.00632708 0.00563917 0.00505158 0.00456061 0.00416297 0.00385585 0.00363698 0.00350494 
0.00390953 0.00395344 0.00409329 0.00433044 0.00466675 0.00510473 0.00564752 0.00629876 0.00706254 0.00794325 0.00894548 0.0100739 0.0113331 0.0127273 0.0142605 0.0159361 0.0177567 0.0197241 0.021839 0.024101 0.0265084 0.029058 0.0317451 0.0345635 0.0375053 0.0405609 0.0437192 0.0469671 0.0502903 0.0536728 0.0570972 0.0605449 0.0639961 0.0674301 0.0708254 0.0741603 0.0774123 0.0805593 0.0835792 0.0864502 0.0891514 0.0916626 0.093965 0.0960409 0.0978743 0.0994509 0.100758 0.101786 0.102527 0.102973 0.103123 0.102975 0.102529 0.10179 0.100764 0.0994579 0.0978832 0.0960521 0.0939788 0.0916794 0.0891714 0.0864739 0.083607 0.0805915 0.0774492 0.0742021 0.0708725 0.0674826 0.0640541 0.0606086 0.0571665 0.0537475 0.0503703 0.0470522 0.0438089 0.040655 0.0376031 0.0346646 0.0318488 0.0291637 0.0266154 0.0242086 0.0219464 0.0198305 0.0178614 0.0160384 0.0143596 0.0128225 0.0114238 0.0101595 0.00902533 0.00801685 0.00712944 0.00635854 0.00569982 0.00514926 0.00470326 0.00435876 0.00411329 0.00396528 
0.00442349 0.0044731 0.00463045 0.00489704 0.00527491 0.00576681 0.00637616 0.00710695 0.00796361 0.00895093 0.0100739 0.0113375 0.0127468 0.0143062 0.0160201 0.0178919 0.0199244 0.0221193 0.0244772 0.0269974 0.0296778 0.0325145 0.0355023 0.0386339 0.0419004 0.0452911 0.0487933 0.0523926 0.056073 0.0598166 0.0636043 0.0674155 0.0712282 0.0750199 0.0787669 0.0824451 0.0860302 0.0894978 0.0928238 0.0959845 0.0989571 0.10172 0.104251 0.106533 0.108548 0.11028 0.111716 0.112845 0.113658 0.114148 0.114312 0.114148 0.113658 0.112845 0.111717 0.110282 0.108551 0.106537 0.104257 0.101727 0.0989674 0.095998 0.0928409 0.089519 0.0860559 0.0824758 0.0788029 0.0750615 0.0712757 0.067469 0.0636639 0.0598823 0.0561446 0.0524701 0.0488763 0.0453792 0.0419933 0.0387309 0.0356028 0.0326179 0.0297833 0.0271043 0.0245847 0.0222265 0.0200305 0.0179961 0.0161215 0.0144041 0.0128404 0.0114261 0.0101569 0.00902764 0.00803352 0.00716957 0.00643107 0.00581366 0.0053134 0.00492696 0.00465162 0.0044857 
0.00499953 0.0050555 0.00523235 0.00553173 0.00595586 0.00650776 0.00719115 0.00801037 0.00897026 0.010076 0.0113331 0.0127468 0.0143225 0.0160651 0.0179791 0.0200682 0.0223352 0.0247817 0.0274081 0.0302135 0.0331951 0.0363486 0.0396676 0.0431442 0.0467681 0.0505272 0.0544074 0.0583927 0.0624651 0.0666049 0.0707908 0.0750002 0.0792088 0.0833918 0.0875232 0.0915767 0.0955255 0.0993432 0.103003 0.10648 0.109748 0.112784 0.115566 0.118073 0.120285 0.122186 0.123762 0.125001 0.125892 0.126429 0.126608 0.126428 0.125889 0.124997 0.123758 0.122181 0.12028 0.118068 0.115562 0.112782 0.109747 0.106482 0.103008 0.0993519 0.0955386 0.0915946 0.0875465 0.0834209 0.0792441 0.0750418 0.0708392 0.06666 0.0625269 0.0584611 0.0544823 0.0506081 0.0468547 0.0432359 0.0397639 0.0364486 0.0332982 0.0303189 0.0275149 0.024889 0.0224421 0.0201738 0.0180825 0.0161654 0.0144188 0.0128383 0.0114191 0.0101558 0.00904318 0.00807585 0.0072487 0.00655697 0.00599638 0.00556329 0.00525475 0.0050689 
0.00564028 0.0057033 0.0059017 0.00623731 0.00671253 0.00733066 0.00809575 0.00901254 0.0100863 0.0113226 0.0127273 0.0143062 0.0160651 0.0180092 0.0201432 0.0224709 0.0249952 0.0277177 0.0306385 0.0337562 0.0370675 0.0405674 0.0442486 0.0481019 0.0521159 0.0562768 0.060569 0.0649746 0.0694736 0.0740442 0.0786629 0.0833046 0.0879429 0.0925502 0.0970983 0.101558 0.105901 0.110097 0.114118 0.117936 0.121524 0.124856 0.127907 0.130656 0.133081 0.135165 0.136892 0.138249 0.139225 0.139813 0.140008 0.13981 0.139219 0.138241 0.136882 0.135153 0.133068 0.130642 0.127893 0.124842 0.121511 0.117925 0.11411 0.110092 0.1059 0.101562 0.0971072 0.092565 0.0879641 0.0833327 0.0786982 0.0740869 0.0695238 0.0650323 0.0606341 0.056349 0.0521948 0.048187 0.0443393 0.040663 0.0371673 0.0338592 0.0307438 0.0278244 0.0251023 0.0225774 0.0202481 0.0181115 0.0161638 0.0144005 0.0128162 0.0114053 0.0101621 0.00908085 0.00815594 0.00738223 0.00675508 0.00627052 0.00592534 0.00571752 
0.00634823 0.00641899 0.00664106 0.00701641 0.00754767 0.00823841 0.00909305 0.0101167 0.0113151 0.0126943 0.0142605 0.0160201 0.0179791 0.0201432 0.0225172 0.0251051 0.0279099 0.0309329 0.034174 0.0376313 0.0413009 0.0451769 0.049251 0.0535128 0.0579492 0.0625452 0.067283 0.0721427 0.0771024 0.0821379 0.0872233 0.0923309 0.0974318 0.102496 0.107492 0.112389 0.117154 0.121757 0.126165 0.130349 0.134279 0.137928 0.141268 0.144276 0.146929 0.149208 0.151096 0.152579 0.153645 0.154288 0.154501 0.154283 0.153637 0.152566 0.15108 0.149188 0.146907 0.144251 0.141242 0.137901 0.134253 0.130324 0.126142 0.121736 0.117137 0.112376 0.107485 0.102495 0.0974373 0.0923437 0.0872438 0.0821666 0.0771394 0.0721881 0.0673366 0.062607 0.0580189 0.0535898 0.0493349 0.0452668 0.0413961 0.0377308 0.0342769 0.0310381 0.0280164 0.0252119 0.022623 0.020247 0.0180798 0.0161167 0.014352 0.0127797 0.0113937 0.0101877 0.00915579 0.0082923 0.00759223 0.00705127 0.00666595 0.00643407 
0.00712563 0.00720487 0.00745276 0.00787143 0.00846375 0.0092336 0.0101857 0.0113257 0.0126597 0.0141943 0.0159361 0.0178919 0.0200682 0.0224709 0.0251051 0.027975 0.0310834 0.0344315 0.0380188 0.041843 0.0458994 0.050181 0.0546785 0.0593801 0.0642711 0.0693347 0.0745511 0.0798984 0.0853522 0.0908859 0.096471 0.102077 0.107673 0.113224 0.118699 0.124061 0.129278 0.134313 0.139134 0.143708 0.148002 0.151987 0.155634 0.158917 0.161812 0.164298 0.166357 0.167974 0.169137 0.169836 0.170068 0.16983 0.169125 0.167956 0.166334 0.16427 0.16178 0.158881 0.155596 0.151947 0.147961 0.143667 0.139094 0.134276 0.129243 0.124031 0.118674 0.113205 0.10766 0.102073 0.0964748 0.0908985 0.085374 0.0799295 0.0745916 0.0693844 0.0643299 0.0594474 0.0547539 0.0502637 0.0459886 0.0419378 0.0381182 0.0345343 0.0311885 0.0280812 0.0252112 0.0225756 0.0201704 0.0179905 0.0160299 0.0142822 0.0127409 0.0113993 0.0102509 0.00928972 0.00851027 0.00790791 0.00747888 0.0072208 
0.00797445 0.0080629 0.00833878 0.00880441 0.00946289 0.0103184 0.0113761 0.012642 0.0141227 0.0158252 0.0177567 0.0199244 0.0223352 0.0249952 0.0279099 0.0310834 0.0345184 0.0382161 0.0421755 0.0463936 0.0508648 0.0555812 0.0605322 0.0657043 0.0710814 0.0766445 0.0823719 0.0882392 0.0942194 0.100284 0.1064 0.112536 0.118657 0.124727 0.130708 0.136565 0.142258 0.147752 0.153009 0.157994 0.162673 0.167013 0.170984 0.174557 0.177707 0.180412 0.182651 0.184409 0.185673 0.186433 0.186684 0.186425 0.185657 0.184386 0.182621 0.180375 0.177665 0.17451 0.170932 0.166958 0.162616 0.157937 0.152952 0.147696 0.142205 0.136515 0.130664 0.124688 0.118626 0.112513 0.106385 0.100278 0.0942241 0.0882541 0.0823973 0.0766803 0.0711275 0.0657603 0.0605975 0.0556553 0.0509467 0.0464823 0.0422701 0.0383154 0.0346211 0.0311881 0.0280154 0.0251002 0.0224383 0.0200244 0.0178523 0.0159153 0.0142062 0.0127179 0.0114436 0.0103766 0.00951127 0.00884245 0.00836611 0.00807968 
0.00889626 0.00899466 0.00930073 0.00981698 0.0105467 0.0114945 0.0126659 0.0140673 0.0157057 0.0175887 0.0197241 0.0221193 0.0247817 0.0277177 0.0309329 0.0344315 0.0382161 0.0422876 0.0466444 0.0512829 0.0561966 0.0613763 0.0668101 0.0724829 0.0783766 0.0844702 0.0907397 0.0971582 0.103696 0.110322 0.117 0.123696 0.130372 0.136987 0.143503 0.14988 0.156076 0.162051 0.167767 0.173184 0.178267 0.182979 0.187289 0.191166 0.194584 0.197517 0.199944 0.20185 0.203219 0.204043 0.204315 0.204033 0.2032 0.201821 0.199907 0.19747 0.19453 0.191106 0.187223 0.182909 0.178193 0.173108 0.16769 0.161975 0.156002 0.149809 0.143437 0.136927 0.130319 0.123652 0.116965 0.110296 0.103682 0.097155 0.0907481 0.0844902 0.0784082 0.0725257 0.0668637 0.0614401 0.0562696 0.0513642 0.0467329 0.042382 0.0383152 0.0345338 0.031037 0.0278221 0.024885 0.0222202 0.019821 0.0176805 0.0157911 0.0141452 0.0127354 0.0115547 0.0105969 0.00985649 0.00932922 0.00901228 
0.00989215 0.0100013 0.0103397 0.0109102 0.0117164 0.012763 0.0140561 0.0156025 0.0174097 0.0194858 0.021839 0.0244772 0.0274081 0.0306385 0.034174 0.0380188 0.0421755 0.0466444 0.0514236 0.0565083 0.0618913 0.0675622 0.0735072 0.0797096 0.0861494 0.0928032 0.0996446 0.106644 0.113769 0.120985 0.128255 0.135539 0.142796 0.149984 0.15706 0.163981 0.170702 0.177181 0.183376 0.189244 0.194747 0.199848 0.204512 0.208706 0.212401 0.215572 0.218196 0.220255 0.221734 0.222624 0.222917 0.222612 0.221711 0.22022 0.21815 0.215516 0.212336 0.208632 0.204431 0.199761 0.194656 0.189149 0.183279 0.177084 0.170606 0.163888 0.156972 0.149901 0.14272 0.135472 0.128197 0.120938 0.113734 0.106621 0.0996339 0.0928054 0.0861645 0.0797374 0.0735473 0.0676139 0.0619539 0.0565807 0.0515046 0.0467328 0.0422698 0.0381176 0.0342757 0.0307415 0.0275109 0.0245782 0.0219367 0.0195788 0.0174966 0.0156821 0.0141273 0.0128249 0.0117681 0.0109511 0.0103693 0.0100197 
0.0109627 0.0110832 0.0114563 0.0120847 0.0129723 0.0141243 0.015547 0.0172478 0.0192347 0.0215163 0.024101 0.0269974 0.0302135 0.0337562 0.0376313 0.041843 0.0463936 0.0512829 0.0565083 0.0620644 0.0679426 0.0741311 0.0806145 0.0873742 0.094388 0.10163 0.109072 0.11668 0.124421 0.132255 0.140142 0.14804 0.155904 0.163689 0.171349 0.178836 0.186103 0.193105 0.199797 0.206133 0.212073 0.217576 0.222606 0.227127 0.23111 0.234527 0.237353 0.239571 0.241164 0.242122 0.242437 0.242108 0.241136 0.23953 0.237299 0.23446 0.231033 0.22704 0.222509 0.217472 0.211962 0.206018 0.199678 0.192986 0.185984 0.178719 0.171235 0.163582 0.155804 0.147948 0.14006 0.132184 0.124362 0.116635 0.10904 0.101613 0.0943848 0.0873852 0.0806392 0.074169 0.067993 0.0621262 0.0565803 0.0513637 0.0464818 0.0419371 0.0377295 0.0338568 0.0303149 0.0270979 0.0241988 0.0216099 0.0193227 0.0173287 0.0156196 0.0141876 0.0130253 0.0121267 0.0114868 0.0111024 
0.0121077 0.0122405 0.0126502 0.0133401 0.0143141 0.0155778 0.017138 0.0190025 0.0211797 0.0236786 0.0265084 0.0296778 0.0331951 0.0370675 0.0413009 0.0458994 0.0508648 0.0561966 0.0618913 0.0679426 0.0743406 0.0810718 0.0881194 0.0954624 0.103077 0.110933 0.119001 0.127245 0.135626 0.144103 0.152633 0.161169 0.169663 0.178067 0.18633 0.194404 0.202236 0.209779 0.216983 0.223802 0.230192 0.236109 0.241516 0.246374 0.250653 0.254322 0.257357 0.259738 0.261448 0.262475 0.262813 0.262459 0.261416 0.25969 0.257295 0.254245 0.250563 0.246272 0.241403 0.235987 0.230062 0.223666 0.216842 0.209635 0.202092 0.194261 0.186191 0.177933 0.169536 0.16105 0.152525 0.144007 0.135543 0.127176 0.118947 0.110894 0.103053 0.0954547 0.088127 0.0810943 0.0743771 0.0679922 0.0619528 0.0562685 0.0509456 0.0459875 0.0413945 0.0371648 0.0332941 0.0297768 0.0266056 0.0237722 0.0212681 0.0190842 0.0172117 0.0156423 0.0143683 0.0133832 0.0126817 0.0122604 
0.0133266 0.0134722 0.0139207 0.0146755 0.0157407 0.0171224 0.0188276 0.0208646 0.0232424 0.0259703 0.029058 0.0325145 0.0363486 0.0405674 0.0451769 0.050181 0.0555812 0.0613763 0.0675622 0.0741311 0.0810718 0.0883695 0.0960051 0.103956 0.112194 0.12069 0.129408 0.138311 0.147356 0.156499 0.165693 0.174887 0.184032 0.193074 0.20196 0.210636 0.21905 0.227147 0.234878 0.242193 0.249043 0.255385 0.261177 0.266381 0.270962 0.274889 0.278137 0.280684 0.282513 0.283612 0.283973 0.283594 0.282477 0.280631 0.278066 0.274802 0.270859 0.266264 0.261048 0.255245 0.248893 0.242035 0.234715 0.22698 0.218881 0.210468 0.201794 0.192913 0.183878 0.174741 0.165557 0.156376 0.147246 0.138216 0.129329 0.120628 0.112149 0.103927 0.0959938 0.0883747 0.0810928 0.0741668 0.0676115 0.0614379 0.0556533 0.0502619 0.0452647 0.0406602 0.0364443 0.0326113 0.0291537 0.0260633 0.0233307 0.0209467 0.0189019 0.0171876 0.0157958 0.0147195 0.013953 0.0134928 
0.0146176 0.0147768 0.0152662 0.0160891 0.0172502 0.0187557 0.0206132 0.0228312 0.0254193 0.0283873 0.0317451 0.0355023 0.0396676 0.0442486 0.049251 0.0546785 0.0605322 0.0668101 0.0735072 0.0806145 0.0881194 0.0960051 0.104251 0.112831 0.121716 0.130872 0.140262 0.149845 0.159574 0.169403 0.17928 0.189152 0.198964 0.208661 0.218185 0.227479 0.236486 0.245151 0.25342 0.261239 0.268559 0.275334 0.281518 0.287073 0.291961 0.296151 0.299615 0.302331 0.304281 0.305452 0.305836 0.305432 0.304241 0.302271 0.299536 0.296053 0.291846 0.286942 0.281372 0.275175 0.268389 0.261059 0.253233 0.244959 0.236291 0.227283 0.217991 0.208471 0.198781 0.188977 0.179116 0.169251 0.159437 0.149723 0.140157 0.130785 0.121647 0.11278 0.104219 0.0959913 0.0881231 0.0806348 0.0735429 0.0668598 0.0605941 0.0547509 0.0493319 0.0443358 0.0397591 0.0355959 0.0318387 0.0284788 0.0255069 0.0229131 0.0206877 0.0188214 0.0173059 0.0161338 0.0152991 0.0147981 
0.0159785 0.016152 0.016684 0.0175782 0.0188396 0.0204745 0.022491 0.0248981 0.0277057 0.030924 0.0345635 0.0386339 0.0431442 0.0481019 0.0535128 0.0593801 0.0657043 0.0724829 0.0797096 0.0873742 0.0954624 0.103956 0.112831 0.12206 0.131611 0.141447 0.151528 0.161808 0.17224 0.182771 0.193348 0.203912 0.214407 0.224771 0.234945 0.244867 0.254479 0.263721 0.272535 0.280867 0.288664 0.295876 0.302458 0.308367 0.313566 0.318021 0.321704 0.32459 0.326662 0.327906 0.328314 0.327883 0.326617 0.324523 0.321615 0.317912 0.313438 0.308221 0.302295 0.295698 0.288473 0.280665 0.272324 0.263503 0.254257 0.244644 0.234722 0.224552 0.214193 0.203707 0.193153 0.18259 0.172073 0.161658 0.151395 0.141333 0.131516 0.121985 0.112776 0.103921 0.0954474 0.0873776 0.0797302 0.0725193 0.0657547 0.0594426 0.0535854 0.0481824 0.0432303 0.0387234 0.0346541 0.0310135 0.0277919 0.0249792 0.0225652 0.0205403 0.0188956 0.0176234 0.0167174 0.0161738 
0.0174061 0.0175944 0.0181708 0.0191393 0.0205049 0.0222745 0.0244563 0.0270598 0.0300954 0.0335736 0.0375053 0.0419004 0.0467681 0.0521159 0.0579492 0.0642711 0.0710814 0.0783766 0.0861494 0.094388 0.103077 0.112194 0.121716 0.131611 0.141844 0.152377 0.163164 0.174157 0.185306 0.196553 0.207842 0.219111 0.230298 0.24134 0.252173 0.262732 0.272955 0.28278 0.292145 0.300994 0.309271 0.316924 0.323906 0.330172 0.335684 0.340405 0.344307 0.347365 0.349559 0.350877 0.351308 0.350852 0.34951 0.347292 0.344211 0.340286 0.335543 0.330012 0.323727 0.316728 0.30906 0.30077 0.291911 0.282537 0.272707 0.262481 0.251921 0.241091 0.230054 0.218875 0.207616 0.196341 0.185108 0.173977 0.163002 0.152234 0.141723 0.131511 0.121638 0.112138 0.103041 0.0943728 0.0861533 0.0783982 0.0711189 0.0643225 0.0580124 0.0521885 0.0468479 0.0419848 0.037592 0.0336603 0.0301796 0.0271396 0.0245298 0.0223399 0.0205609 0.0191847 0.0182046 0.0176167 
0.0188961 0.0190999 0.0197224 0.0207677 0.0222413 0.0241501 0.026503 0.0293097 0.0325809 0.0363276 0.0405609 0.0452911 0.0505272 0.0562768 0.0625452 0.0693347 0.0766445 0.0844702 0.0928032 0.10163 0.110933 0.12069 0.130872 0.141447 0.152377 0.163618 0.175124 0.186843 0.198718 0.210692 0.222702 0.234684 0.246572 0.258298 0.269796 0.280997 0.291836 0.302246 0.312165 0.321533 0.330291 0.338386 0.345768 0.352392 0.358215 0.363203 0.367324 0.370553 0.372869 0.37426 0.374715 0.374233 0.372816 0.370473 0.367219 0.363074 0.358062 0.352217 0.345573 0.338172 0.33006 0.321287 0.311907 0.301978 0.291561 0.280718 0.269515 0.258019 0.246297 0.234417 0.222445 0.210448 0.198489 0.186631 0.174932 0.163447 0.152227 0.14132 0.130769 0.12061 0.110876 0.101595 0.0927891 0.0844757 0.0766678 0.0693737 0.0625978 0.0563406 0.0505996 0.0453695 0.0406429 0.0364106 0.0326625 0.0293876 0.0265753 0.0242149 0.022297 0.0208131 0.0197564 0.0191226 
0.0204437 0.0206634 0.0213333 0.0224579 0.0240427 0.026095 0.0286239 0.0316397 0.0351532 0.039176 0.0437192 0.0487933 0.0544074 0.060569 0.067283 0.0745511 0.0823719 0.0907397 0.0996446 0.109072 0.119001 0.129408 0.140262 0.151528 0.163164 0.175124 0.187358 0.19981 0.212421 0.225127 0.237865 0.250564 0.263157 0.27557 0.287735 0.299579 0.311034 0.32203 0.332503 0.342388 0.351627 0.360162 0.367942 0.374921 0.381055 0.386307 0.390645 0.394044 0.396482 0.397945 0.398424 0.397917 0.396425 0.393959 0.390533 0.386168 0.38089 0.374732 0.367731 0.35993 0.351376 0.342121 0.332222 0.321738 0.310733 0.299272 0.287425 0.275261 0.262851 0.250265 0.237576 0.224851 0.212159 0.199566 0.187134 0.174922 0.162985 0.151373 0.140132 0.129303 0.118921 0.109015 0.0996112 0.0907278 0.0823797 0.0745766 0.0673238 0.0606228 0.0544714 0.0488648 0.0437956 0.0392546 0.0352315 0.0317152 0.0286945 0.0261587 0.0240977 0.022503 0.0213674 0.0206865 
0.0220428 0.0222788 0.0229975 0.0242034 0.0259022 0.0281015 0.0308108 0.0340405 0.0378021 0.0421072 0.0469671 0.0523926 0.0583927 0.0649746 0.0721427 0.0798984 0.0882392 0.0971582 0.106644 0.11668 0.127245 0.138311 0.149845 0.161808 0.174157 0.186843 0.19981 0.213 0.226349 0.239792 0.253259 0.266677 0.279974 0.293075 0.305906 0.318391 0.330459 0.342039 0.353061 0.36346 0.373175 0.382146 0.390321 0.397651 0.404092 0.409605 0.414158 0.417724 0.420282 0.421817 0.42232 0.421787 0.420222 0.417634 0.414038 0.409457 0.403916 0.397449 0.390095 0.381898 0.372905 0.363173 0.352757 0.341722 0.330132 0.318057 0.305567 0.292736 0.279638 0.266347 0.252937 0.239483 0.226055 0.212724 0.199554 0.186609 0.173948 0.161625 0.149687 0.13818 0.12714 0.116602 0.10659 0.0971278 0.0882304 0.0799093 0.0721708 0.0650173 0.0584474 0.0524564 0.0470372 0.0421807 0.0378764 0.034113 0.0308791 0.0281636 0.0259562 0.024248 0.0230315 0.0223022 
0.0236867 0.0239394 0.0247078 0.0259966 0.0278116 0.0301609 0.0330539 0.0365017 0.0405158 0.0451082 0.0502903 0.056073 0.0624651 0.0694736 0.0771024 0.0853522 0.0942194 0.103696 0.113769 0.124421 0.135626 0.147356 0.159574 0.17224 0.185306 0.198718 0.212421 0.226349 0.240438 0.254616 0.268811 0.282946 0.296944 0.310728 0.324219 0.337341 0.350017 0.362173 0.373738 0.384645 0.394829 0.40423 0.412794 0.420469 0.427211 0.432981 0.437745 0.441476 0.444152 0.445757 0.446282 0.445725 0.444088 0.441381 0.437619 0.432825 0.427026 0.420255 0.412554 0.403966 0.394542 0.384338 0.373413 0.361832 0.349664 0.336979 0.323852 0.310359 0.296576 0.282583 0.268457 0.254274 0.240111 0.226041 0.212133 0.198454 0.185066 0.172027 0.159388 0.147198 0.135496 0.124319 0.113694 0.103646 0.0941932 0.0853475 0.0771168 0.0695044 0.0625096 0.0561282 0.0503533 0.0451759 0.0405855 0.0365706 0.0331196 0.030221 0.0278644 0.0260404 0.0247415 0.0239629 
0.0253675 0.0256372 0.0264562 0.027829 0.029762 0.0322633 0.0353428 0.0390115 0.0432814 0.0481647 0.0536728 0.0598166 0.0666049 0.0740442 0.0821379 0.0908859 0.100284 0.110322 0.120985 0.132255 0.144103 0.156499 0.169403 0.182771 0.196553 0.210692 0.225127 0.239792 0.254616 0.269525 0.284442 0.299287 0.31398 0.328439 0.342583 0.356332 0.369607 0.382331 0.39443 0.405836 0.41648 0.426303 0.435246 0.443259 0.450296 0.456317 0.461287 0.465178 0.467969 0.469643 0.47019 0.469609 0.467902 0.465078 0.461155 0.456153 0.450101 0.443035 0.434993 0.426023 0.416176 0.405509 0.394085 0.381968 0.36923 0.355945 0.342189 0.328041 0.313582 0.298893 0.284056 0.269151 0.254257 0.239451 0.224807 0.210395 0.196282 0.182528 0.169188 0.156313 0.143948 0.132128 0.120888 0.110251 0.100239 0.0908646 0.0821377 0.0740623 0.0666384 0.0598625 0.053728 0.048226 0.0433459 0.0390763 0.0354053 0.0323212 0.0298132 0.0278719 0.0264894 0.0256609 
0.0270768 0.0273637 0.0282336 0.0296914 0.0317435 0.0343982 0.0376656 0.0415571 0.0460848 0.0512609 0.0570972 0.0636043 0.0707908 0.0786629 0.0872233 0.096471 0.1064 0.117 0.128255 0.140142 0.152633 0.165693 0.17928 0.193348 0.207842 0.222702 0.237865 0.253259 0.268811 0.284442 0.300071 0.315617 0.330994 0.346118 0.360903 0.375268 0.389129 0.402409 0.415031 0.426922 0.438016 0.448249 0.457563 0.465905 0.473228 0.479493 0.484662 0.488709 0.491611 0.493352 0.493921 0.493317 0.491542 0.488605 0.484524 0.479321 0.473025 0.46567 0.457298 0.447956 0.437697 0.426579 0.414666 0.402025 0.38873 0.374856 0.360483 0.345692 0.330567 0.315193 0.299654 0.284035 0.268419 0.252885 0.237512 0.222373 0.207539 0.193073 0.179036 0.165479 0.152451 0.139991 0.128134 0.116909 0.106336 0.0964324 0.0872077 0.0786675 0.0708126 0.0636402 0.0571439 0.0513152 0.0461435 0.0416173 0.0377245 0.0344534 0.0317928 0.0297331 0.0282663 0.0273874 
0.0288052 0.0291094 0.0300305 0.0315736 0.0337452 0.0365537 0.0400097 0.0441245 0.0489105 0.0543801 0.0605449 0.0674155 0.0750002 0.0833046 0.0923309 0.102077 0.112536 0.123696 0.135539 0.14804 0.161169 0.174887 0.189152 0.203912 0.219111 0.234684 0.250564 0.266677 0.282946 0.299287 0.315617 0.331849 0.347896 0.36367 0.379082 0.394048 0.408481 0.422301 0.435431 0.447795 0.459325 0.469955 0.479627 0.488287 0.495888 0.502387 0.50775 0.511947 0.514956 0.516761 0.517352 0.516725 0.514884 0.51184 0.507607 0.50221 0.495677 0.488043 0.479352 0.46965 0.458991 0.447436 0.435048 0.421898 0.40806 0.393613 0.378637 0.363218 0.347442 0.331396 0.31517 0.298849 0.282522 0.266271 0.250179 0.234323 0.218777 0.203608 0.188878 0.174646 0.16096 0.147864 0.135395 0.123583 0.112453 0.102021 0.0922994 0.0832951 0.0750096 0.0674407 0.0605825 0.0544268 0.048963 0.0441797 0.0400647 0.036606 0.0337923 0.0316139 0.0300625 0.029133 
0.0305427 0.0308642 0.0318364 0.0334647 0.0357555 0.0387176 0.0423615 0.046699 0.0517424 0.0575042 0.0639961 0.0712282 0.0792088 0.0879429 0.0974318 0.107673 0.118657 0.130372 0.142796 0.155904 0.169663 0.184032 0.198964 0.214407 0.230298 0.246572 0.263157 0.279974 0.296944 0.31398 0.330994 0.347896 0.364596 0.381002 0.397024 0.412572 0.427559 0.441903 0.455523 0.468344 0.480294 0.491307 0.501324 0.51029 0.518156 0.524881 0.530429 0.534771 0.537883 0.539749 0.54036 0.539712 0.537809 0.53466 0.530283 0.524699 0.517939 0.510038 0.501039 0.490991 0.479948 0.46797 0.455124 0.441482 0.427119 0.412115 0.396555 0.380525 0.364115 0.347415 0.330517 0.313512 0.296489 0.279537 0.26274 0.24618 0.229933 0.214071 0.198661 0.183762 0.169427 0.155702 0.142628 0.130236 0.118553 0.107598 0.0973838 0.0879188 0.0792055 0.0712424 0.0640242 0.0575429 0.0517883 0.0467488 0.0424122 0.0387665 0.0358002 0.0335034 0.0318675 0.0308876 
0.0322786 0.0326173 0.0336403 0.035353 0.0377621 0.0408765 0.0447068 0.049265 0.0545634 0.0606146 0.0674301 0.0750199 0.0833918 0.0925502 0.102496 0.113224 0.124727 0.136987 0.149984 0.163689 0.178067 0.193074 0.208661 0.224771 0.24134 0.258298 0.27557 0.293075 0.310728 0.328439 0.346118 0.36367 0.381002 0.39802 0.41463 0.43074 0.446262 0.461109 0.475201 0.48846 0.500812 0.512193 0.522539 0.531798 0.539918 0.546859 0.552583 0.557062 0.560272 0.562197 0.562828 0.56216 0.560197 0.556949 0.552433 0.546672 0.539695 0.53154 0.522247 0.511867 0.500456 0.488073 0.474788 0.460672 0.445803 0.430263 0.414139 0.397519 0.380496 0.363162 0.345613 0.327942 0.310243 0.292607 0.275123 0.257875 0.240945 0.224406 0.208329 0.192776 0.177804 0.163462 0.149792 0.13683 0.124602 0.113131 0.102431 0.0925112 0.0833753 0.0750226 0.0674483 0.0606449 0.0546023 0.0493091 0.044753 0.0409219 0.0378043 0.03539 0.0336704 0.0326405 
0.0340018 0.0343574 0.0354306 0.0372266 0.0397523 0.0430168 0.0470308 0.0518063 0.0573558 0.0636916 0.0708254 0.0787669 0.0875232 0.0970983 0.107492 0.118699 0.130708 0.143503 0.15706 0.171349 0.18633 0.20196 0.218185 0.234945 0.252173 0.269796 0.287735 0.305906 0.324219 0.342583 0.360903 0.379082 0.397024 0.41463 0.431804 0.448454 0.464488 0.479817 0.49436 0.508036 0.520773 0.532502 0.543163 0.552699 0.56106 0.568205 0.574097 0.578706 0.582009 0.58399 0.584639 0.583952 0.581933 0.578592 0.573945 0.568015 0.560834 0.552435 0.542864 0.532169 0.520407 0.507639 0.493934 0.479365 0.464013 0.447959 0.431294 0.414107 0.396494 0.37855 0.360372 0.342059 0.323706 0.305409 0.287258 0.269343 0.251748 0.23455 0.217824 0.201634 0.186041 0.171096 0.156845 0.143324 0.130563 0.118587 0.10741 0.0970441 0.0874933 0.0787578 0.0708336 0.0637134 0.0573874 0.0518444 0.0470722 0.0430585 0.0397917 0.0372616 0.0354596 0.0343804 
0.0357007 0.036073 0.0371952 0.0390728 0.0417128 0.0451242 0.049318 0.0543061 0.0601012 0.0667154 0.0741603 0.0824451 0.0915767 0.101558 0.112389 0.124061 0.136565 0.14988 0.163981 0.178836 0.194404 0.210636 0.227479 0.244867 0.262732 0.280997 0.299579 0.318391 0.337341 0.356332 0.375268 0.394048 0.412572 0.43074 0.448454 0.465618 0.482139 0.497927 0.512897 0.52697 0.54007 0.55213 0.563087 0.572885 0.581474 0.588812 0.594861 0.599593 0.602983 0.605016 0.605682 0.604978 0.602906 0.599477 0.594707 0.588619 0.581244 0.572618 0.562783 0.551791 0.539696 0.526563 0.51246 0.497462 0.481649 0.465107 0.447925 0.430197 0.41202 0.393491 0.374712 0.355782 0.336801 0.317866 0.299074 0.280516 0.262279 0.244445 0.22709 0.210284 0.194088 0.178558 0.163742 0.149678 0.1364 0.123931 0.11229 0.101489 0.0915333 0.0824242 0.0741581 0.0667284 0.0601254 0.0543381 0.0493544 0.045162 0.0417493 0.0391059 0.0372231 0.0360956 
0.0373634 0.0377519 0.0389219 0.0408789 0.0436299 0.0471843 0.0515528 0.0567476 0.0627811 0.0696657 0.0774123 0.0860302 0.0955255 0.105901 0.117154 0.129278 0.142258 0.156076 0.170702 0.186103 0.202236 0.21905 0.236486 0.254479 0.272955 0.291836 0.311034 0.330459 0.350017 0.369607 0.389129 0.408481 0.427559 0.446262 0.464488 0.482139 0.49912 0.515341 0.530715 0.545161 0.558604 0.570974 0.58221 0.592253 0.601056 0.608573 0.61477 0.619616 0.623089 0.625171 0.625853 0.625132 0.623011 0.6195 0.614615 0.60838 0.600824 0.591983 0.581902 0.57063 0.558224 0.544747 0.530269 0.514865 0.498618 0.481613 0.463942 0.445701 0.426988 0.407903 0.38855 0.369032 0.349451 0.329908 0.310502 0.291327 0.272474 0.254029 0.23607 0.218671 0.201895 0.185802 0.17044 0.155853 0.142073 0.129129 0.117039 0.105816 0.0954687 0.0859974 0.0773999 0.0696697 0.0627979 0.0567734 0.0515842 0.0472181 0.0436635 0.0409099 0.0389486 0.0377742 
0.038978 0.0393822 0.0405982 0.0426319 0.0454902 0.0491824 0.0537195 0.0591135 0.065377 0.072522 0.0805593 0.0894978 0.0993432 0.110097 0.121757 0.134313 0.147752 0.162051 0.177181 0.193105 0.209779 0.227147 0.245151 0.263721 0.28278 0.302246 0.32203 0.342039 0.362173 0.382331 0.402409 0.422301 0.441903 0.461109 0.479817 0.497927 0.515341 0.531968 0.54772 0.562515 0.576278 0.588939 0.600434 0.610706 0.619707 0.627392 0.633726 0.638679 0.642227 0.644355 0.645052 0.644316 0.64215 0.638562 0.633571 0.627198 0.619473 0.610434 0.600123 0.588591 0.575893 0.562095 0.547266 0.531483 0.514828 0.497388 0.479257 0.460532 0.441313 0.421704 0.401809 0.381734 0.361584 0.341463 0.321473 0.301711 0.282273 0.263245 0.24471 0.226743 0.209414 0.192781 0.176897 0.161807 0.147547 0.134146 0.121625 0.109998 0.099273 0.0894533 0.0805366 0.0725172 0.0653862 0.059133 0.0537457 0.0492122 0.0455207 0.0426608 0.0406237 0.0394041 
0.0405325 0.0409516 0.0422118 0.0443189 0.0472798 0.0511039 0.0558023 0.0613869 0.0678702 0.0752641 0.0835792 0.0928238 0.103003 0.114118 0.126165 0.139134 0.153009 0.167767 0.183376 0.199797 0.216983 0.234878 0.25342 0.272535 0.292145 0.312165 0.332503 0.353061 0.373738 0.39443 0.415031 0.435431 0.455523 0.475201 0.49436 0.512897 0.530715 0.54772 0.563824 0.578944 0.593004 0.605933 0.617668 0.628152 0.637336 0.645176 0.651636 0.656687 0.660305 0.662475 0.663187 0.662437 0.660228 0.656571 0.651481 0.644982 0.637102 0.627879 0.617356 0.605582 0.592615 0.578519 0.563364 0.547227 0.530192 0.512347 0.493787 0.474609 0.454917 0.434815 0.414411 0.393812 0.373127 0.352462 0.331921 0.311606 0.291614 0.272034 0.252954 0.23445 0.216595 0.19945 0.18307 0.167503 0.152786 0.13895 0.126018 0.114005 0.10292 0.0927678 0.0835464 0.0752506 0.067872 0.0614002 0.0558235 0.0511297 0.0473073 0.0443456 0.042236 0.0409731 
0.0420149 0.0424483 0.0437504 0.045927 0.0489853 0.0529346 0.0577858 0.063551 0.0702426 0.0778722 0.0864502 0.0959845 0.10648 0.117936 0.130349 0.143708 0.157994 0.173184 0.189244 0.206133 0.223802 0.242193 0.261239 0.280867 0.300994 0.321533 0.342388 0.36346 0.384645 0.405836 0.426922 0.447795 0.468344 0.48846 0.508036 0.52697 0.545161 0.562515 0.578944 0.594363 0.608696 0.621872 0.633827 0.644506 0.653858 0.661839 0.668415 0.673556 0.677238 0.679447 0.680171 0.679408 0.677162 0.67344 0.668261 0.661646 0.653624 0.644233 0.633515 0.62152 0.608305 0.593935 0.578479 0.562017 0.544631 0.526411 0.507452 0.487855 0.467723 0.447164 0.426285 0.405199 0.384014 0.36284 0.341785 0.320951 0.30044 0.280343 0.26075 0.241742 0.223392 0.205765 0.188918 0.172901 0.157753 0.143507 0.130186 0.117809 0.106384 0.0959174 0.0864077 0.0778502 0.0702372 0.0635583 0.057802 0.0529564 0.0490098 0.0459517 0.0437733 0.0424693 
0.0434136 0.0438604 0.0452019 0.0474439 0.0505936 0.0546602 0.0596549 0.0655896 0.0724764 0.080327 0.0891514 0.0989571 0.109748 0.121524 0.134279 0.148002 0.162673 0.178267 0.194747 0.212073 0.230192 0.249043 0.268559 0.288664 0.309271 0.330291 0.351627 0.373175 0.394829 0.41648 0.438016 0.459325 0.480294 0.500812 0.520773 0.54007 0.558604 0.576278 0.593004 0.608696 0.623278 0.636679 0.648835 0.65969 0.669194 0.677305 0.683985 0.689207 0.692948 0.695191 0.695927 0.695153 0.692872 0.689093 0.683832 0.677112 0.668962 0.659418 0.648523 0.636326 0.622886 0.608265 0.592536 0.575775 0.558067 0.539504 0.52018 0.500197 0.47966 0.458679 0.437363 0.415826 0.394179 0.372535 0.351003 0.329689 0.308695 0.288119 0.26805 0.248572 0.229761 0.211685 0.194403 0.177965 0.162415 0.147785 0.134102 0.121383 0.109641 0.0988794 0.0890995 0.0802969 0.0724641 0.065591 0.0596664 0.0546783 0.0506151 0.0474665 0.0452236 0.043881 
