1.18834e-20 9.13821e-21 2.1578e-20 6.94554e-20 2.26255e-19 7.21355e-19 2.24364e-18 6.80431e-18 2.0115e-17 5.79508e-17 1.62673e-16 4.44843e-16 1.18488e-15 3.07372e-15 7.7651e-15 1.9103e-14 4.57641e-14 1.06765e-13 2.4257e-13 5.36763e-13 1.15693e-12 2.42913e-12 4.96891e-12 9.9032e-12 1.92321e-11 3.63948e-11 6.71153e-11 1.20608e-10 2.11195e-10 3.6035e-10 5.99047e-10 9.70161e-10 1.53043e-09 2.35129e-09 3.51753e-09 5.12308e-09 7.26275e-09 1.00202e-08 1.34524e-08 1.75736e-08 2.23408e-08 2.76453e-08 3.33147e-08 3.9124e-08 4.48181e-08 5.01385e-08 5.48493e-08 5.87563e-08 6.17163e-08 6.36347e-08 6.44579e-08 6.41641e-08 6.27592e-08 6.02793e-08 5.67989e-08 5.24404e-08 4.7378e-08 4.18334e-08 3.60591e-08 3.03145e-08 2.48388e-08 1.98269e-08 1.5414e-08 1.16701e-08 8.6051e-09 6.1805e-09 4.32478e-09 2.94901e-09 1.96004e-09 1.27008e-09 8.0255e-10 4.9462e-10 2.97378e-10 1.74442e-10 9.98514e-11 5.57786e-11 3.04107e-11 1.61828e-11 8.4056e-12 4.26162e-12 2.10898e-12 1.01872e-12 4.80303e-13 2.21028e-13 9.9277e-14 4.35234e-14 1.86244e-14 7.77943e-15 3.17215e-15 1.26283e-15 4.90881e-16 1.86345e-16 6.90951e-17 2.50295e-17 8.85993e-18 3.06539e-18 1.03689e-18 3.43026e-19 1.11119e-19 3.56881e-20 
9.13821e-21 6.99314e-21 1.69043e-20 5.56407e-20 1.85031e-19 6.0201e-19 1.91054e-18 5.91112e-18 1.78243e-17 5.2368e-17 1.49874e-16 4.17732e-16 1.1337e-15 2.99547e-15 7.7045e-15 1.92887e-14 4.70022e-14 1.11478e-13 2.57352e-13 5.783e-13 1.26502e-12 2.69398e-12 5.58577e-12 1.12771e-11 2.21704e-11 4.24452e-11 7.91363e-11 1.43687e-10 2.54067e-10 4.37463e-10 7.3345e-10 1.19727e-09 1.90264e-09 2.94307e-09 4.4305e-09 6.4899e-09 9.24863e-09 1.28204e-08 1.72844e-08 2.26634e-08 2.89036e-08 3.58631e-08 4.33132e-08 5.09543e-08 5.84459e-08 6.54433e-08 7.16333e-08 7.67603e-08 8.06378e-08 8.31448e-08 8.42139e-08 8.38182e-08 8.19649e-08 7.86994e-08 7.41169e-08 6.83768e-08 6.17088e-08 5.44072e-08 4.68086e-08 3.92591e-08 3.20769e-08 2.55199e-08 1.97648e-08 1.49003e-08 1.09349e-08 7.81293e-09 5.43597e-09 3.68386e-09 2.43216e-09 1.56473e-09 9.81147e-10 5.99735e-10 3.57427e-10 2.0772e-10 1.17731e-10 6.50819e-11 3.50934e-11 1.84591e-11 9.47168e-12 4.74117e-12 2.31519e-12 1.10288e-12 5.12524e-13 2.32349e-13 1.02758e-13 4.43358e-14 1.8663e-14 7.6653e-15 3.07218e-15 1.20169e-15 4.58817e-16 1.71028e-16 6.22544e-17 2.21335e-17 7.68807e-18 2.6097e-18 8.6596e-19 2.80994e-19 8.92668e-20 2.80976e-20 
2.1578e-20 1.69043e-20 4.18358e-20 1.39041e-19 4.65597e-19 1.5244e-18 4.86614e-18 1.5137e-17 4.58703e-17 1.35374e-16 3.88989e-16 1.08804e-15 2.96188e-15 7.84583e-15 2.02211e-14 5.07027e-14 1.23679e-13 2.93498e-13 6.7759e-13 1.522e-12 3.32651e-12 7.07518e-12 1.46458e-11 2.95101e-11 5.78838e-11 1.10538e-10 2.05528e-10 3.72091e-10 6.55931e-10 1.12588e-09 1.88165e-09 3.06175e-09 4.85007e-09 7.47869e-09 1.12239e-08 1.63922e-08 2.32938e-08 3.22024e-08 4.33049e-08 5.66466e-08 7.20842e-08 8.92588e-08 1.076e-07 1.26367e-07 1.44725e-07 1.61831e-07 1.76929e-07 1.89402e-07 1.98807e-07 2.04861e-07 2.07407e-07 2.06384e-07 2.01809e-07 1.9379e-07 1.82554e-07 1.68483e-07 1.52133e-07 1.3422e-07 1.15565e-07 9.70152e-08 7.93508e-08 6.32064e-08 4.90187e-08 3.70101e-08 2.72056e-08 1.9473e-08 1.35746e-08 9.21772e-09 6.0984e-09 3.93177e-09 2.47068e-09 1.51345e-09 9.03866e-10 5.26344e-10 2.98884e-10 1.65512e-10 8.93862e-11 4.70791e-11 2.41826e-11 1.21139e-11 5.91776e-12 2.81909e-12 1.30955e-12 5.93187e-13 2.62007e-13 1.12848e-13 4.73978e-14 1.94149e-14 7.75658e-15 3.02291e-15 1.1494e-15 4.26478e-16 1.54452e-16 5.46096e-17 1.88555e-17 6.35948e-18 2.09581e-18 6.75132e-19 2.12835e-19 6.64704e-20 
6.94554e-20 5.56407e-20 1.39041e-19 4.61642e-19 1.54226e-18 5.03652e-18 1.60337e-17 4.97327e-17 1.50249e-16 4.41995e-16 1.26574e-15 3.52765e-15 9.56658e-15 2.52395e-14 6.47745e-14 1.61691e-13 3.92561e-13 9.26977e-13 2.12906e-12 4.75664e-12 1.03383e-11 2.18625e-11 4.49895e-11 9.01052e-11 1.75663e-10 3.33394e-10 6.16072e-10 1.1085e-09 1.94221e-09 3.31375e-09 5.50565e-09 8.90734e-09 1.40318e-08 2.15212e-08 3.21338e-08 4.6703e-08 6.60629e-08 9.0938e-08 1.21806e-07 1.58754e-07 2.01351e-07 2.48583e-07 2.98869e-07 3.50182e-07 4.00246e-07 4.46789e-07 4.87773e-07 5.21559e-07 5.4697e-07 5.63261e-07 5.70025e-07 5.67106e-07 5.54553e-07 5.3265e-07 5.02001e-07 4.63629e-07 4.1903e-07 3.70131e-07 3.19153e-07 2.68391e-07 2.19971e-07 1.75629e-07 1.36569e-07 1.03418e-07 7.62699e-08 5.47863e-08 3.83377e-08 2.61393e-08 1.73682e-08 1.12482e-08 7.10145e-09 4.37118e-09 2.62352e-09 1.53547e-09 8.76382e-10 4.87811e-10 2.64801e-10 1.40181e-10 7.23673e-11 3.64298e-11 1.78816e-11 8.55783e-12 3.99306e-12 1.81642e-12 8.05541e-13 3.48278e-13 1.46808e-13 6.03378e-14 2.41822e-14 9.45215e-15 3.60386e-15 1.3406e-15 4.86654e-16 1.72442e-16 5.96608e-17 2.01595e-17 6.65507e-18 2.14721e-18 6.77917e-19 2.12123e-19 
2.26255e-19 1.85031e-19 4.65597e-19 1.54226e-18 5.13503e-18 1.67101e-17 5.30026e-17 1.63784e-16 4.92892e-16 1.44414e-15 4.11835e-15 1.14284e-14 3.08532e-14 8.10199e-14 2.06917e-13 5.13896e-13 1.2411e-12 2.91465e-12 6.65635e-12 1.4784e-11 3.19382e-11 6.71204e-11 1.37246e-10 2.73101e-10 5.28939e-10 9.97278e-10 1.83071e-09 3.27242e-09 5.69641e-09 9.65705e-09 1.59445e-08 2.56388e-08 4.01509e-08 6.12321e-08 9.09313e-08 1.31479e-07 1.85079e-07 2.53613e-07 3.38275e-07 4.39187e-07 5.55083e-07 6.83142e-07 8.19051e-07 9.57337e-07 1.09191e-06 1.21672e-06 1.32639e-06 1.41659e-06 1.48428e-06 1.5275e-06 1.54523e-06 1.53707e-06 1.50314e-06 1.4442e-06 1.36183e-06 1.25871e-06 1.13882e-06 1.00725e-06 8.69932e-07 7.32984e-07 6.02106e-07 4.81979e-07 3.75884e-07 2.85572e-07 2.11362e-07 1.52418e-07 1.07104e-07 7.33507e-08 4.8967e-08 3.18688e-08 2.02229e-08 1.25135e-08 7.55112e-09 4.44383e-09 2.55052e-09 1.42766e-09 7.79344e-10 4.1488e-10 2.15363e-10 1.09003e-10 5.37885e-11 2.58752e-11 1.21336e-11 5.5461e-12 2.47096e-12 1.07306e-12 4.54242e-13 1.8745e-13 7.54173e-14 2.95875e-14 1.13208e-14 4.22544e-15 1.53885e-15 5.46972e-16 1.89803e-16 6.43188e-17 2.12917e-17 6.88802e-18 2.18045e-18 6.84408e-19 
7.21355e-19 6.0201e-19 1.5244e-18 5.03652e-18 1.67101e-17 5.41764e-17 1.71191e-16 5.26934e-16 1.57938e-15 4.60828e-15 1.30853e-14 3.615e-14 9.71436e-14 2.53873e-13 6.45135e-13 1.59393e-12 3.8287e-12 8.94112e-12 2.03006e-11 4.48173e-11 9.62182e-11 2.00918e-10 4.08144e-10 8.06739e-10 1.55192e-09 2.9061e-09 5.29832e-09 9.40632e-09 1.62634e-08 2.73878e-08 4.49246e-08 7.17804e-08 1.11718e-07 1.69366e-07 2.50088e-07 3.59658e-07 5.0371e-07 6.86958e-07 9.12253e-07 1.17962e-06 1.48545e-06 1.82214e-06 2.1783e-06 2.5396e-06 2.89026e-06 3.21469e-06 3.4991e-06 3.73254e-06 3.90725e-06 4.01841e-06 4.06345e-06 4.04139e-06 3.95257e-06 3.79887e-06 3.58432e-06 3.31577e-06 3.00335e-06 2.6602e-06 2.30156e-06 1.94329e-06 1.60019e-06 1.2845e-06 1.0049e-06 7.66122e-07 5.69204e-07 4.12168e-07 2.90918e-07 2.00179e-07 1.34299e-07 8.78594e-08 5.60536e-08 3.48778e-08 2.11664e-08 1.25286e-08 7.23284e-09 4.07242e-09 2.23616e-09 1.19735e-09 6.25115e-10 3.18178e-10 1.57871e-10 7.63498e-11 3.59873e-11 1.6531e-11 7.40019e-12 3.22838e-12 1.37259e-12 5.68792e-13 2.29759e-13 9.0483e-14 3.47476e-14 1.30149e-14 4.75585e-15 1.69591e-15 5.90333e-16 2.00652e-16 6.66169e-17 2.16123e-17 6.86083e-18 2.16069e-18 
2.24364e-18 1.91054e-18 4.86614e-18 1.60337e-17 5.30026e-17 1.71191e-16 5.38836e-16 1.65193e-15 4.93096e-15 1.43263e-14 4.05011e-14 1.11381e-13 2.97897e-13 7.74706e-13 1.95864e-12 4.81361e-12 1.14989e-11 2.66996e-11 6.02608e-11 1.32217e-10 2.82051e-10 5.85102e-10 1.18058e-09 2.31751e-09 4.42706e-09 8.23159e-09 1.49013e-08 2.62677e-08 4.50978e-08 7.5419e-08 1.2287e-07 1.95019e-07 3.01572e-07 4.54354e-07 6.66922e-07 9.53706e-07 1.32858e-06 1.80289e-06 2.38312e-06 3.06853e-06 3.84924e-06 4.70543e-06 5.60798e-06 6.52071e-06 7.40407e-06 8.21928e-06 8.93226e-06 9.51613e-06 9.95202e-06 1.02283e-05 1.03388e-05 1.02814e-05 1.00567e-05 9.66939e-06 9.12928e-06 8.45325e-06 7.66628e-06 6.80098e-06 5.89528e-06 4.98882e-06 4.11878e-06 3.31612e-06 2.60301e-06 1.99189e-06 1.48595e-06 1.08075e-06 7.66422e-07 5.30013e-07 3.57457e-07 2.35136e-07 1.50869e-07 9.4424e-08 5.76463e-08 3.43287e-08 1.99398e-08 1.1296e-08 6.2406e-09 3.36177e-09 1.76559e-09 9.03908e-10 4.51037e-10 2.19329e-10 1.03928e-10 4.79832e-11 2.15849e-11 9.46058e-12 4.0403e-12 1.68143e-12 6.81976e-13 2.69626e-13 1.03931e-13 3.9068e-14 1.43254e-14 5.12541e-15 1.78985e-15 6.10258e-16 2.03219e-16 6.61235e-17 2.10522e-17 6.65296e-18 
6.80431e-18 5.91112e-18 1.5137e-17 4.97327e-17 1.63784e-16 5.26934e-16 1.65193e-15 5.0436e-15 1.49914e-14 4.33659e-14 1.22047e-13 3.34078e-13 8.89209e-13 2.30091e-12 5.78704e-12 1.41456e-11 3.36015e-11 7.75646e-11 1.74e-10 3.79367e-10 8.04004e-10 1.65665e-09 3.31956e-09 6.47025e-09 1.22709e-08 2.26497e-08 4.07006e-08 7.12192e-08 1.21379e-07 2.01521e-07 3.2598e-07 5.13809e-07 7.89195e-07 1.18129e-06 1.72317e-06 2.44957e-06 3.39336e-06 4.58073e-06 6.0256e-06 7.72407e-06 9.65012e-06 1.17538e-05 1.39634e-05 1.61905e-05 1.83396e-05 2.03177e-05 2.20435e-05 2.34535e-05 2.45035e-05 2.51664e-05 2.54283e-05 2.5284e-05 2.47355e-05 2.37934e-05 2.24807e-05 2.08376e-05 1.89233e-05 1.68159e-05 1.46065e-05 1.23907e-05 1.02587e-05 8.286e-06 6.5276e-06 5.01501e-06 3.75748e-06 2.7457e-06 1.95692e-06 1.36048e-06 9.22672e-07 6.10463e-07 3.94041e-07 2.48139e-07 1.52443e-07 9.13596e-08 5.34067e-08 3.04494e-08 1.69293e-08 9.1771e-09 4.84952e-09 2.49771e-09 1.25361e-09 6.13044e-10 2.92068e-10 1.3555e-10 6.12813e-11 2.69879e-11 1.15783e-11 4.83956e-12 1.9711e-12 7.82416e-13 3.02751e-13 1.14225e-13 4.20329e-14 1.50903e-14 5.28715e-15 1.80846e-15 6.04105e-16 1.97162e-16 6.29618e-17 1.99688e-17 
2.0115e-17 1.78243e-17 4.58703e-17 1.50249e-16 4.92892e-16 1.57938e-15 4.93096e-15 1.49914e-14 4.43663e-14 1.27766e-13 3.57921e-13 9.75073e-13 2.58255e-12 6.64842e-12 1.66328e-11 4.04324e-11 9.54928e-11 2.19117e-10 4.88496e-10 1.05819e-09 2.22769e-09 4.55848e-09 9.06926e-09 1.75484e-08 3.30331e-08 6.05128e-08 1.07911e-07 1.87385e-07 3.16932e-07 5.22229e-07 8.38495e-07 1.31205e-06 2.00108e-06 2.97491e-06 4.31122e-06 6.09053e-06 8.3876e-06 1.12603e-05 1.47365e-05 1.88018e-05 2.33903e-05 2.83806e-05 3.36018e-05 3.88464e-05 4.38917e-05 4.85225e-05 5.25525e-05 5.58372e-05 5.82768e-05 5.98113e-05 6.04097e-05 6.0061e-05 5.87697e-05 5.65595e-05 5.34824e-05 4.96293e-05 4.51368e-05 4.01841e-05 3.49822e-05 2.97534e-05 2.47087e-05 2.00263e-05 1.58374e-05 1.22194e-05 9.19788e-06 6.75478e-06 4.83997e-06 3.38381e-06 2.30844e-06 1.5367e-06 9.98197e-07 6.32677e-07 3.91253e-07 2.36047e-07 1.38914e-07 7.97308e-08 4.46229e-08 2.43472e-08 1.29482e-08 6.71031e-09 3.38819e-09 1.66653e-09 7.984e-10 3.72525e-10 1.69278e-10 7.49136e-11 3.22898e-11 1.3557e-11 5.54529e-12 2.2102e-12 8.58595e-13 3.25169e-13 1.20094e-13 4.32672e-14 1.52113e-14 5.22025e-15 1.74942e-15 5.72755e-16 1.83479e-16 5.84095e-17 
5.79508e-17 5.2368e-17 1.35374e-16 4.41995e-16 1.44414e-15 4.60828e-15 1.43263e-14 4.33659e-14 1.27766e-13 3.66251e-13 1.02115e-12 2.76831e-12 7.29505e-12 1.8682e-11 4.64845e-11 1.12362e-10 2.63819e-10 6.01669e-10 1.33285e-09 2.86824e-09 5.9969e-09 1.21846e-08 2.40648e-08 4.62144e-08 8.63271e-08 1.56908e-07 2.77605e-07 4.78234e-07 8.02457e-07 1.31188e-06 2.09007e-06 3.24569e-06 4.91366e-06 7.25282e-06 1.04388e-05 1.46508e-05 2.0052e-05 2.67639e-05 3.48382e-05 4.42298e-05 5.47771e-05 6.61967e-05 7.80958e-05 9.00049e-05 0.000101424 0.000111875 0.000120946 0.00012832 0.000133783 0.000137206 0.000138524 0.000137714 0.000134785 0.000129789 0.000122837 0.000114129 0.000103965 9.27427e-05 8.09318e-05 6.90303e-05 5.75136e-05 4.67875e-05 3.71542e-05 2.87971e-05 2.17838e-05 1.60829e-05 1.15892e-05 8.15094e-06 5.59537e-06 3.74896e-06 2.4515e-06 1.56443e-06 9.74179e-07 5.91849e-07 3.50747e-07 2.02719e-07 1.14238e-07 6.27523e-08 3.35928e-08 1.75209e-08 8.90149e-09 4.40442e-09 2.12214e-09 9.95594e-10 4.54776e-10 2.02269e-10 8.76013e-11 3.69484e-11 1.51796e-11 6.07566e-12 2.36977e-12 9.00987e-13 3.34013e-13 1.20776e-13 4.2611e-14 1.46736e-14 4.9339e-15 1.62063e-15 5.20857e-16 1.66458e-16 
1.62673e-16 1.49874e-16 3.88989e-16 1.26574e-15 4.11835e-15 1.30853e-14 4.05011e-14 1.22047e-13 3.57921e-13 1.02115e-12 2.83325e-12 7.64231e-12 2.00347e-11 5.10321e-11 1.26273e-10 3.03466e-10 7.08255e-10 1.60519e-09 3.53287e-09 7.5514e-09 1.5678e-08 3.16239e-08 6.19902e-08 1.1813e-07 2.18919e-07 3.94703e-07 6.92617e-07 1.18337e-06 1.96932e-06 3.19317e-06 5.04623e-06 7.77428e-06 1.16786e-05 1.71094e-05 2.44482e-05 3.40777e-05 4.63382e-05 6.14724e-05 7.95654e-05 0.000100489 0.000123865 0.000149052 0.000175185 0.000201239 0.000226135 0.000248851 0.000268513 0.000284458 0.000296238 0.00030359 0.000306384 0.000304574 0.000298181 0.000287307 0.000272186 0.000253234 0.000231086 0.00020659 0.000180751 0.000154643 0.000129297 0.000105602 8.42312e-05 6.56032e-05 4.98885e-05 3.70416e-05 2.68527e-05 1.90059e-05 1.31334e-05 8.85986e-06 5.83443e-06 3.75006e-06 2.3522e-06 1.43952e-06 8.5935e-07 5.00281e-07 2.83939e-07 1.57064e-07 8.46537e-08 4.4444e-08 2.27236e-08 1.13124e-08 5.4825e-09 2.58653e-09 1.18784e-09 5.31025e-10 2.31113e-10 9.79371e-11 4.04172e-11 1.62472e-11 6.36356e-12 2.42917e-12 9.04047e-13 3.2813e-13 1.16192e-13 4.01547e-14 1.35487e-14 4.46547e-15 1.44005e-15 4.62089e-16 
4.44843e-16 4.17732e-16 1.08804e-15 3.52765e-15 1.14284e-14 3.615e-14 1.11381e-13 3.34078e-13 9.75073e-13 2.76831e-12 7.64231e-12 2.05077e-11 5.34757e-11 1.35463e-10 3.3328e-10 7.96227e-10 1.84692e-09 4.1592e-09 9.09336e-09 1.93029e-08 3.97894e-08 7.96631e-08 1.54959e-07 2.92954e-07 5.38491e-07 9.62813e-07 1.67527e-06 2.83789e-06 4.68234e-06 7.52758e-06 1.17958e-05 1.80222e-05 2.68544e-05 3.90339e-05 5.53563e-05 7.6604e-05 0.000103454 0.000136363 0.000175447 0.00022037 0.000270278 0.000323783 0.000379043 0.000433912 0.000486154 0.000533667 0.000574676 0.000607843 0.000632279 0.000647471 0.00065317 0.000649291 0.00063587 0.000613109 0.000581469 0.000541785 0.000495345 0.000443879 0.000389458 0.000334304 0.000280571 0.000230134 0.000184433 0.000144393 0.000110424 8.24837e-05 6.01781e-05 4.28795e-05 2.98381e-05 2.02747e-05 1.34506e-05 8.71068e-06 5.50547e-06 3.39513e-06 2.04226e-06 1.19791e-06 6.84927e-07 3.8162e-07 2.0713e-07 1.09484e-07 5.63441e-08 2.82256e-08 1.37617e-08 6.52988e-09 3.01529e-09 1.35508e-09 5.92733e-10 2.52392e-10 1.04642e-10 4.22528e-11 1.66205e-11 6.37099e-12 2.38061e-12 8.67441e-13 3.08333e-13 1.06952e-13 3.62177e-14 1.19793e-14 3.87687e-15 1.24931e-15 
1.18488e-15 1.1337e-15 2.96188e-15 9.56658e-15 3.08532e-14 9.71436e-14 2.97897e-13 8.89209e-13 2.58255e-12 7.29505e-12 2.00347e-11 5.34757e-11 1.38678e-10 3.49309e-10 8.54379e-10 2.02881e-09 4.67645e-09 1.04626e-08 2.27196e-08 4.78881e-08 9.79901e-08 1.94697e-07 3.75739e-07 7.04571e-07 1.28427e-06 2.2766e-06 3.92667e-06 6.59308e-06 1.07817e-05 1.71796e-05 2.66841e-05 4.04167e-05 5.97145e-05 8.60848e-05 0.000121116 0.000166336 0.000223025 0.000291987 0.000373317 0.000466195 0.000568767 0.000678142 0.000790559 0.000901701 0.00100712 0.00110267 0.00118489 0.0012512 0.00129992 0.0013301 0.00134127 0.0013333 0.00130623 0.00126045 0.00119682 0.00111695 0.00102332 0.000919344 0.00080909 0.000696981 0.000587339 0.000483966 0.000389831 0.000306897 0.000236109 0.0001775 0.00013038 9.35633e-05 6.55892e-05 4.49078e-05 3.00255e-05 1.95991e-05 1.24865e-05 7.76188e-06 4.70611e-06 2.78205e-06 1.60292e-06 8.99776e-07 4.91906e-07 2.61828e-07 1.3565e-07 6.83917e-08 3.35509e-08 1.60137e-08 7.43637e-09 3.36e-09 1.47733e-09 6.32194e-10 2.63363e-10 1.06832e-10 4.22108e-11 1.62502e-11 6.09752e-12 2.23085e-12 7.961e-13 2.77214e-13 9.4229e-14 3.12824e-14 1.01616e-14 3.28906e-15 
3.07372e-15 2.99547e-15 7.84583e-15 2.52395e-14 8.10199e-14 2.53873e-13 7.74706e-13 2.30091e-12 6.64842e-12 1.8682e-11 5.10321e-11 1.35463e-10 3.49309e-10 8.74728e-10 2.12664e-09 5.01852e-09 1.14933e-08 2.5542e-08 5.508e-08 1.1526e-07 2.34083e-07 4.61482e-07 8.83419e-07 1.64274e-06 2.96861e-06 5.216e-06 8.91563e-06 1.48332e-05 2.40336e-05 3.79428e-05 5.83951e-05 8.76489e-05 0.000128353 0.000183444 0.000255951 0.00034872 0.000464038 0.000603209 0.000766123 0.000950894 0.00115367 0.00136865 0.00158849 0.00180484 0.0020092 0.00219378 0.00235212 0.00247946 0.00257275 0.0026303 0.00265134 0.00263562 0.00258324 0.00249485 0.00237198 0.00221758 0.00203628 0.00183442 0.00161974 0.00140066 0.00118549 0.000981647 0.00079501 0.000629594 0.000487476 0.000368972 0.000272976 0.000197372 0.000139443 9.62433e-05 6.48777e-05 4.27015e-05 2.74327e-05 1.71951e-05 1.05118e-05 6.26462e-06 3.63811e-06 2.05796e-06 1.13348e-06 6.07652e-07 3.16989e-07 1.60875e-07 7.94199e-08 3.81363e-08 1.78123e-08 8.09291e-09 3.5773e-09 1.53869e-09 6.44167e-10 2.62553e-10 1.04218e-10 4.03012e-11 1.51881e-11 5.58028e-12 1.99962e-12 6.99108e-13 2.38576e-13 7.951e-14 2.59279e-14 8.43117e-15 
7.7651e-15 7.7045e-15 2.02211e-14 6.47745e-14 2.06917e-13 6.45135e-13 1.95864e-12 5.78704e-12 1.66328e-11 4.64845e-11 1.26273e-10 3.3328e-10 8.54379e-10 2.12664e-09 5.13825e-09 1.20479e-08 2.74092e-08 6.0495e-08 1.29527e-07 2.69047e-07 5.42219e-07 1.06045e-06 2.01326e-06 3.71172e-06 6.64835e-06 1.15756e-05 1.96026e-05 3.23059e-05 5.18455e-05 8.10685e-05 0.000123579 0.000183741 0.000266584 0.000377575 0.00052223 0.000705574 0.000931449 0.00120175 0.00151567 0.00186912 0.00225441 0.00266043 0.00307333 0.00347771 0.00385806 0.00420028 0.00449287 0.00472748 0.00489886 0.00500418 0.00504222 0.00501255 0.00491535 0.00475164 0.00452405 0.00423768 0.00390071 0.00352454 0.00312312 0.00271183 0.00230603 0.00191957 0.00156365 0.00124615 0.000971426 0.000740607 0.00055211 0.00040238 0.000286629 0.000199508 0.000135649 9.00608e-05 5.83632e-05 3.69007e-05 2.27518e-05 1.36733e-05 8.00574e-06 4.56459e-06 2.53335e-06 1.36814e-06 7.18758e-07 3.67251e-07 1.8248e-07 8.81696e-08 4.14269e-08 1.89299e-08 8.41363e-09 3.63813e-09 1.53089e-09 6.27062e-10 2.50102e-10 9.71663e-11 3.67848e-11 1.3575e-11 4.88544e-12 1.71526e-12 5.87764e-13 1.96678e-13 6.43968e-14 2.10419e-14 
1.9103e-14 1.92887e-14 5.07027e-14 1.61691e-13 5.13896e-13 1.59393e-12 4.81361e-12 1.41456e-11 4.04324e-11 1.12362e-10 3.03466e-10 7.96227e-10 2.02881e-09 5.01852e-09 1.20479e-08 2.80628e-08 6.34088e-08 1.38965e-07 2.95369e-07 6.08886e-07 1.21747e-06 2.36168e-06 4.44576e-06 8.1246e-06 1.4421e-05 2.4875e-05 4.17226e-05 6.80922e-05 0.0001082 0.000167512 0.000252826 0.000372224 0.00053484 0.000750386 0.00102841 0.0013773 0.00180306 0.002308 0.00288953 0.00353919 0.00424233 0.00497851 0.00572282 0.00644799 0.00712695 0.00773542 0.00825381 0.0086682 0.00896999 0.00915477 0.00922068 0.00916714 0.00899436 0.00870384 0.00829978 0.00779058 0.00719004 0.00651759 0.00579736 0.00505622 0.00432128 0.00361735 0.00296492 0.00237882 0.00186782 0.00143496 0.00107839 0.000792557 0.000569478 0.000399915 0.00027437 0.000183821 0.000120209 7.66896e-05 4.77048e-05 2.89188e-05 1.70751e-05 9.81525e-06 5.49041e-06 2.98756e-06 1.58094e-06 8.13409e-07 4.06865e-07 1.97845e-07 9.35296e-08 4.29907e-08 1.92165e-08 8.35508e-09 3.53444e-09 1.45519e-09 5.83301e-10 2.2772e-10 8.66179e-11 3.21132e-11 1.16093e-11 4.09399e-12 1.40894e-12 4.73461e-13 1.55681e-13 5.11271e-14 
4.57641e-14 4.70022e-14 1.23679e-13 3.92561e-13 1.2411e-12 3.8287e-12 1.14989e-11 3.36015e-11 9.54928e-11 2.63819e-10 7.08255e-10 1.84692e-09 4.67645e-09 1.14933e-08 2.74092e-08 6.34088e-08 1.42269e-07 3.09533e-07 6.52982e-07 1.33564e-06 2.64913e-06 5.09596e-06 9.50993e-06 1.72236e-05 3.02882e-05 5.17457e-05 8.59417e-05 0.000138855 0.000218402 0.000334657 0.000499916 0.0007285 0.00103625 0.00143957 0.00195413 0.00259306 0.00336494 0.00427169 0.00530666 0.00645334 0.00768499 0.00896562 0.0102524 0.0114991 0.0126607 0.0136973 0.0145771 0.0152782 0.0157872 0.0160977 0.0162072 0.0161149 0.0158209 0.0153273 0.0146404 0.0137731 0.0127477 0.0115956 0.0103566 0.00907551 0.00779819 0.00656716 0.00541829 0.00437839 0.00346428 0.00268312 0.00203362 0.00150787 0.00109337 0.000774993 0.000536733 0.000363016 0.000239641 0.000154315 9.68745e-05 5.92524e-05 3.52901e-05 2.04563e-05 1.15354e-05 6.32569e-06 3.37236e-06 1.74753e-06 8.80113e-07 4.30791e-07 2.04945e-07 9.47782e-08 4.26152e-08 1.86342e-08 7.9264e-09 3.28095e-09 1.32201e-09 5.18734e-10 1.98289e-10 7.38707e-11 2.68313e-11 9.50573e-12 3.28618e-12 1.10919e-12 3.6634e-13 1.20945e-13 
1.06765e-13 1.11478e-13 2.93498e-13 9.26977e-13 2.91465e-12 8.94112e-12 2.66996e-11 7.75646e-11 2.19117e-10 6.01669e-10 1.60519e-09 4.1592e-09 1.04626e-08 2.5542e-08 6.0495e-08 1.38965e-07 3.09533e-07 6.68418e-07 1.3992e-06 2.83918e-06 5.58482e-06 1.06513e-05 1.97011e-05 3.53536e-05 6.15806e-05 0.000104178 0.000171282 0.000273891 0.000426287 0.000646287 0.000955178 0.0013772 0.00193851 0.00266541 0.00358209 0.00470767 0.00605299 0.00761744 0.0093862 0.0113286 0.013398 0.0155339 0.0176658 0.0197191 0.0216224 0.0233131 0.0247427 0.0258778 0.0266994 0.0271988 0.0273729 0.0272208 0.0267425 0.0259405 0.0248231 0.0234094 0.021733 0.0198426 0.0178005 0.015678 0.013549 0.0114833 0.00954105 0.00776857 0.00619669 0.0048407 0.00370198 0.00277056 0.00202824 0.0014517 0.00101533 0.000693506 0.000462309 0.000300585 0.000190489 0.000117587 7.06605e-05 4.13128e-05 2.34901e-05 1.29842e-05 6.97521e-06 3.64111e-06 1.84675e-06 9.10088e-07 4.35806e-07 2.02818e-07 9.17516e-08 4.03581e-08 1.7266e-08 7.18687e-09 2.91163e-09 1.14855e-09 4.41315e-10 1.6524e-10 6.0315e-11 2.14716e-11 7.45791e-12 2.52895e-12 8.39132e-13 2.7856e-13 
2.4257e-13 2.57352e-13 6.7759e-13 2.12906e-12 6.65635e-12 2.03006e-11 6.02608e-11 1.74e-10 4.88496e-10 1.33285e-09 3.53287e-09 9.09336e-09 2.27196e-08 5.508e-08 1.29527e-07 2.95369e-07 6.52982e-07 1.3992e-06 2.90569e-06 5.8477e-06 1.14053e-05 2.15614e-05 3.9519e-05 7.02509e-05 0.000121179 0.000202947 0.000330234 0.000522487 0.000804451 0.00120632 0.00176331 0.00251455 0.00350098 0.00476247 0.0063339 0.00824069 0.010494 0.0130863 0.0159875 0.0191436 0.022477 0.0258904 0.0292732 0.032511 0.0354954 0.0381338 0.0403553 0.0421131 0.0433814 0.0441494 0.0444143 0.0441754 0.043432 0.0421862 0.0404485 0.0382449 0.035623 0.0326544 0.0294318 0.0260632 0.0226622 0.019338 0.0161871 0.0132862 0.010689 0.00842574 0.00650475 0.00491589 0.00363494 0.00262825 0.00185712 0.0012815 0.00086297 0.000566702 0.000362645 0.000225984 0.000137047 8.08369e-05 4.63553e-05 2.58332e-05 1.39872e-05 7.35677e-06 3.75855e-06 1.86527e-06 8.99275e-07 4.21261e-07 1.91786e-07 8.48811e-08 3.65319e-08 1.52952e-08 6.23188e-09 2.47194e-09 9.54962e-10 3.59455e-10 1.31885e-10 4.71867e-11 1.64706e-11 5.6121e-12 1.87116e-12 6.24706e-13 
5.36763e-13 5.783e-13 1.522e-12 4.75664e-12 1.4784e-11 4.48173e-11 1.32217e-10 3.79367e-10 1.05819e-09 2.86824e-09 7.5514e-09 1.93029e-08 4.78881e-08 1.1526e-07 2.69047e-07 6.08886e-07 1.33564e-06 2.83918e-06 5.8477e-06 1.16691e-05 2.25611e-05 4.22674e-05 7.67498e-05 0.000135123 0.000230764 0.000382518 0.000615864 0.00096386 0.00146762 0.0021761 0.00314492 0.00443403 0.0061041 0.0082117 0.0108033 0.0139088 0.0175346 0.0216583 0.0262239 0.0311409 0.0362861 0.0415104 0.0466486 0.0515333 0.0560091 0.0599456 0.0632457 0.065847 0.0677178 0.0688466 0.0692322 0.0688743 0.0677712 0.0659232 0.0633414 0.0600587 0.0561386 0.0516799 0.0468137 0.0416951 0.0364905 0.031363 0.0264599 0.0219027 0.0177807 0.0141496 0.0110323 0.00842305 0.00629356 0.00459894 0.00328427 0.00229039 0.00155856 0.00103404 0.000668354 0.000420551 0.000257446 0.000153236 8.86419e-05 4.98155e-05 2.71912e-05 1.44135e-05 7.41935e-06 3.70886e-06 1.80071e-06 8.493e-07 3.89223e-07 1.73374e-07 7.50868e-08 3.16294e-08 1.29639e-08 5.17211e-09 2.00941e-09 7.60538e-10 2.80548e-10 1.00905e-10 3.54018e-11 1.21232e-11 4.06234e-12 1.36429e-12 
1.15693e-12 1.26502e-12 3.32651e-12 1.03383e-11 3.19382e-11 9.62182e-11 2.82051e-10 8.04004e-10 2.22769e-09 5.9969e-09 1.5678e-08 3.97894e-08 9.79901e-08 2.34083e-07 5.42219e-07 1.21747e-06 2.64913e-06 5.58482e-06 1.14053e-05 2.25611e-05 4.32284e-05 8.02385e-05 0.000144309 0.000251565 0.000425259 0.000697531 0.00111093 0.00171943 0.00258848 0.00379391 0.00541929 0.00755162 0.0102754 0.013665 0.0177764 0.0226378 0.0282419 0.0345381 0.0414293 0.0487715 0.0563789 0.0640334 0.0715007 0.0785482 0.0849648 0.0905773 0.0952602 0.0989371 0.101572 0.103157 0.103694 0.103183 0.101621 0.099005 0.0953429 0.0906722 0.0850721 0.0786707 0.071643 0.0642002 0.0565735 0.048995 0.0416793 0.0348096 0.0285275 0.0229286 0.0180629 0.0139384 0.0105282 0.00777817 0.00561602 0.00395946 0.00272347 0.00182604 0.00119244 0.000757835 0.000468408 0.000281407 0.000164249 9.31066e-05 5.12464e-05 2.73841e-05 1.42061e-05 7.15517e-06 3.49942e-06 1.66224e-06 7.67051e-07 3.43972e-07 1.49947e-07 6.35664e-08 2.62158e-08 1.05226e-08 4.11227e-09 1.5654e-09 5.80687e-10 2.09998e-10 7.4069e-11 2.54966e-11 8.58797e-12 2.9018e-12 
2.42913e-12 2.69398e-12 7.07518e-12 2.18625e-11 6.71204e-11 2.00918e-10 5.85102e-10 1.65665e-09 4.55848e-09 1.21846e-08 3.16239e-08 7.96631e-08 1.94697e-07 4.61482e-07 1.06045e-06 2.36168e-06 5.09596e-06 1.06513e-05 2.15614e-05 4.22674e-05 8.02385e-05 0.000147519 0.000262716 0.000453357 0.000758416 0.00123067 0.00193847 0.00296632 0.00441396 0.00639339 0.00902371 0.0124238 0.0167032 0.021951 0.028225 0.0355401 0.0438588 0.0530847 0.0630595 0.073566 0.0843369 0.0950702 0.10545 0.11517 0.123959 0.131602 0.137947 0.142909 0.146452 0.148576 0.149289 0.148595 0.146487 0.142954 0.137998 0.131654 0.124014 0.115233 0.10553 0.0951771 0.0844793 0.0737494 0.0632853 0.05335 0.0441567 0.0358606 0.0285563 0.0222808 0.0170198 0.0127174 0.00928681 0.00662138 0.00460501 0.00312112 0.00205971 0.00132243 0.000825487 0.000500683 0.000294939 0.000168684 9.36463e-05 5.04592e-05 2.63887e-05 1.33956e-05 6.60142e-06 3.15894e-06 1.46823e-06 6.63025e-07 2.91006e-07 1.24186e-07 5.15485e-08 2.08212e-08 8.18704e-09 3.13518e-09 1.16977e-09 4.25425e-10 1.50879e-10 5.22154e-11 1.76817e-11 6.01203e-12 
4.96891e-12 5.58577e-12 1.46458e-11 4.49895e-11 1.37246e-10 4.08144e-10 1.18058e-09 3.31956e-09 9.06926e-09 2.40648e-08 6.19902e-08 1.54959e-07 3.75739e-07 8.83419e-07 2.01326e-06 4.44576e-06 9.50993e-06 1.97011e-05 3.9519e-05 7.67498e-05 0.000144309 0.000262716 0.000463165 0.000791001 0.00130918 0.00210116 0.0032724 0.00494982 0.00727864 0.0104161 0.0145226 0.0197499 0.0262278 0.0340502 0.043261 0.0538416 0.0657023 0.0786763 0.0925217 0.106928 0.12153 0.135931 0.149727 0.162539 0.17404 0.183977 0.192183 0.198571 0.203117 0.205832 0.206738 0.205841 0.20313 0.198581 0.192182 0.183961 0.174011 0.162505 0.149702 0.13593 0.121569 0.107019 0.0926714 0.0788865 0.0659686 0.054155 0.0436082 0.0344162 0.0265965 0.0201065 0.0148544 0.0107136 0.00753585 0.00516433 0.00344497 0.00223506 0.00140936 0.000863229 0.000513346 0.000296302 0.000165963 9.01995e-05 4.75681e-05 2.43438e-05 1.2092e-05 5.83099e-06 2.73052e-06 1.24207e-06 5.49033e-07 2.35922e-07 9.85886e-08 4.00824e-08 1.58611e-08 6.1115e-09 2.29396e-09 8.39146e-10 2.99293e-10 1.04148e-10 3.54611e-11 1.21347e-11 
9.9032e-12 1.12771e-11 2.95101e-11 9.01052e-11 2.73101e-10 8.06739e-10 2.31751e-09 6.47025e-09 1.75484e-08 4.62144e-08 1.1813e-07 2.92954e-07 7.04571e-07 1.64274e-06 3.71172e-06 8.1246e-06 1.72236e-05 3.53536e-05 7.02509e-05 0.000135123 0.000251565 0.000453357 0.000791001 0.00133655 0.00218805 0.00347244 0.00534607 0.00799148 0.0116103 0.0164118 0.0225984 0.0303487 0.0397995 0.0510288 0.0640412 0.0787561 0.0950018 0.112515 0.130946 0.149875 0.16883 0.187317 0.20485 0.220987 0.235359 0.247693 0.25782 0.265666 0.271228 0.27454 0.275639 0.274537 0.271214 0.265632 0.257756 0.247593 0.235224 0.220828 0.204684 0.187165 0.168716 0.149818 0.130961 0.112611 0.0951795 0.0790097 0.0643588 0.051394 0.0401931 0.0307509 0.0229906 0.016778 0.0119387 0.00827457 0.00558079 0.00365968 0.00233174 0.00144262 0.000866312 0.000504788 0.00028535 0.000156476 8.32397e-05 4.29607e-05 2.15154e-05 1.04585e-05 4.93574e-06 2.26226e-06 1.00738e-06 4.35986e-07 1.83464e-07 7.50952e-08 2.99114e-08 1.15987e-08 4.38051e-09 1.61201e-09 5.78277e-10 2.02362e-10 6.92863e-11 2.38647e-11 
1.92321e-11 2.21704e-11 5.78838e-11 1.75663e-10 5.28939e-10 1.55192e-09 4.42706e-09 1.22709e-08 3.30331e-08 8.63271e-08 2.18919e-07 5.38491e-07 1.28427e-06 2.96861e-06 6.64835e-06 1.4421e-05 3.02882e-05 6.15806e-05 0.000121179 0.000230764 0.000425259 0.000758416 0.00130918 0.00218805 0.00354208 0.00555712 0.00845557 0.0124886 0.0179224 0.0250196 0.0340174 0.0451042 0.0583982 0.0739294 0.0916269 0.111312 0.132697 0.155395 0.178933 0.202772 0.226336 0.249047 0.270355 0.289777 0.306929 0.321541 0.333465 0.342657 0.349147 0.353001 0.354273 0.352984 0.349107 0.342579 0.333337 0.321354 0.306683 0.289482 0.27003 0.24872 0.226035 0.202523 0.178762 0.155318 0.132724 0.111443 0.0918556 0.0742409 0.0587725 0.0455182 0.034447 0.0254421 0.0183183 0.0128434 0.00876018 0.0058078 0.00373996 0.00233792 0.00141813 0.000834438 0.000476202 0.00026356 0.000141473 7.36584e-05 3.72054e-05 1.8236e-05 8.67602e-06 4.00791e-06 1.79837e-06 7.84096e-07 3.32325e-07 1.36975e-07 5.49271e-08 2.14382e-08 8.14771e-09 3.01661e-09 1.08853e-09 3.83096e-10 1.31911e-10 4.57354e-11 
3.63948e-11 4.24452e-11 1.10538e-10 3.33394e-10 9.97278e-10 2.9061e-09 8.23159e-09 2.26497e-08 6.05128e-08 1.56908e-07 3.94703e-07 9.62813e-07 2.2766e-06 5.216e-06 1.15756e-05 2.4875e-05 5.17457e-05 0.000104178 0.000202947 0.000382518 0.000697531 0.00123067 0.00210116 0.00347244 0.00555712 0.00861681 0.0129549 0.0189013 0.0267894 0.0369271 0.049567 0.064877 0.0829175 0.103626 0.126812 0.152156 0.179224 0.207487 0.236337 0.265125 0.293191 0.319897 0.344663 0.367006 0.386557 0.403083 0.416479 0.42675 0.433973 0.438248 0.439656 0.438223 0.433913 0.42664 0.416301 0.402826 0.386217 0.366591 0.344192 0.319396 0.292695 0.264666 0.235947 0.207192 0.179046 0.152103 0.126886 0.10382 0.0832138 0.0652527 0.0499949 0.0373786 0.0272372 0.0193222 0.0133313 0.00893779 0.00581865 0.00367621 0.00225311 0.00133919 0.000771806 0.000431276 0.000233669 0.00012277 6.25625e-05 3.09292e-05 1.48382e-05 6.91026e-06 3.1251e-06 1.37295e-06 5.86194e-07 2.43335e-07 9.82501e-08 3.86023e-08 1.47651e-08 5.50047e-09 1.99666e-09 7.06751e-10 2.44743e-10 8.54214e-11 
6.71153e-11 7.91363e-11 2.05528e-10 6.16072e-10 1.83071e-09 5.29832e-09 1.49013e-08 4.07006e-08 1.07911e-07 2.77605e-07 6.92617e-07 1.67527e-06 3.92667e-06 8.91563e-06 1.96026e-05 4.17226e-05 8.59417e-05 0.000171282 0.000330234 0.000615864 0.00111093 0.00193847 0.0032724 0.00534607 0.00845557 0.0129549 0.0192407 0.0277256 0.0388027 0.0528053 0.0699673 0.0903911 0.114027 0.140666 0.169948 0.201377 0.234348 0.268177 0.302139 0.335496 0.367537 0.397611 0.425157 0.44973 0.471023 0.488869 0.503232 0.514181 0.521847 0.526371 0.527859 0.526344 0.521782 0.514059 0.503033 0.488576 0.470629 0.449237 0.42458 0.396976 0.366875 0.334842 0.301531 0.26765 0.23393 0.201092 0.16981 0.140677 0.114178 0.0906659 0.0703396 0.0532434 0.0392728 0.0281952 0.0196821 0.0133475 0.00878713 0.00561265 0.0034768 0.00208813 0.00121571 0.000686081 0.000375323 0.000199053 0.000102364 5.10558e-05 2.47049e-05 1.16012e-05 5.28887e-06 2.34167e-06 1.00732e-06 4.21182e-07 1.71247e-07 6.77353e-08 2.60761e-08 9.77466e-09 3.56946e-09 1.27077e-09 4.42577e-10 1.555e-10 
1.20608e-10 1.43687e-10 3.72091e-10 1.1085e-09 3.27242e-09 9.40632e-09 2.62677e-08 7.12192e-08 1.87385e-07 4.78234e-07 1.18337e-06 2.83789e-06 6.59308e-06 1.48332e-05 3.23059e-05 6.80922e-05 0.000138855 0.000273891 0.000522487 0.00096386 0.00171943 0.00296632 0.00494982 0.00799148 0.0124886 0.0189013 0.0277256 0.0394512 0.0545111 0.0732284 0.0957692 0.122112 0.152035 0.185127 0.220811 0.258386 0.297067 0.336032 0.374462 0.411575 0.446665 0.479121 0.508454 0.534309 0.556476 0.574885 0.589588 0.600727 0.608489 0.613057 0.614558 0.613035 0.608434 0.600618 0.589403 0.574603 0.556083 0.533802 0.50784 0.478419 0.4459 0.410781 0.373675 0.335292 0.296411 0.257848 0.220419 0.184899 0.151977 0.122218 0.0960218 0.0735977 0.0549602 0.0399396 0.0282148 0.019359 0.0128915 0.0083271 0.00521514 0.00316589 0.00186255 0.00106188 0.000586695 0.000314169 0.000163081 8.20801e-05 4.00668e-05 1.89752e-05 8.7216e-06 3.89208e-06 1.68701e-06 7.10545e-07 2.90932e-07 1.15854e-07 4.48901e-08 1.6932e-08 6.22016e-09 2.22723e-09 7.80102e-10 2.75911e-10 
2.11195e-10 2.54067e-10 6.55931e-10 1.94221e-09 5.69641e-09 1.62634e-08 4.50978e-08 1.21379e-07 3.16932e-07 8.02457e-07 1.96932e-06 4.68234e-06 1.07817e-05 2.40336e-05 5.18455e-05 0.0001082 0.000218402 0.000426287 0.000804451 0.00146762 0.00258848 0.00441396 0.00727864 0.0116103 0.0179224 0.0267894 0.0388027 0.0545111 0.0743524 0.0985883 0.127255 0.160139 0.196785 0.236523 0.278532 0.321892 0.365653 0.408887 0.450732 0.490426 0.527325 0.560923 0.590854 0.616897 0.638971 0.657122 0.671499 0.682318 0.689821 0.694222 0.69567 0.694213 0.68979 0.682247 0.671363 0.656897 0.638639 0.616446 0.590283 0.56024 0.526546 0.489574 0.449841 0.407992 0.364797 0.321116 0.277877 0.236024 0.196467 0.160016 0.127322 0.098826 0.0747264 0.0549767 0.0393116 0.0272965 0.0183914 0.0120169 0.00761107 0.00467141 0.00277791 0.00160038 0.000893242 0.000483059 0.000253155 0.000128596 6.33351e-05 3.02534e-05 1.40208e-05 6.30679e-06 2.75461e-06 1.16873e-06 4.81905e-07 1.93199e-07 7.53435e-08 2.85949e-08 1.05671e-08 3.80533e-09 1.34036e-09 4.77185e-10 
3.6035e-10 4.37463e-10 1.12588e-09 3.31375e-09 9.65705e-09 2.73878e-08 7.5419e-08 2.01521e-07 5.22229e-07 1.31188e-06 3.19317e-06 7.52758e-06 1.71796e-05 3.79428e-05 8.10685e-05 0.000167512 0.000334657 0.000646287 0.00120632 0.0021761 0.00379391 0.00639339 0.0104161 0.0164118 0.0250196 0.0369271 0.0528053 0.0732284 0.0985883 0.129022 0.164364 0.204142 0.247606 0.293799 0.341635 0.389996 0.437801 0.484075 0.52798 0.568839 0.606142 0.63954 0.668836 0.693973 0.715017 0.732137 0.745575 0.755616 0.762541 0.766592 0.767927 0.7666 0.762546 0.7556 0.745514 0.732007 0.714795 0.693641 0.668384 0.638963 0.605444 0.568031 0.527081 0.483115 0.436817 0.389032 0.340743 0.293028 0.247003 0.203743 0.164188 0.129066 0.098828 0.0736206 0.0532956 0.0374586 0.0255415 0.0168856 0.0108183 0.00671489 0.00403705 0.00235069 0.00132566 0.000724119 0.000383176 0.000196468 9.76362e-05 4.70427e-05 2.19832e-05 9.96737e-06 4.38672e-06 1.87483e-06 7.78469e-07 3.14184e-07 1.2331e-07 4.70864e-08 1.75025e-08 6.33834e-09 2.24497e-09 8.04413e-10 
5.99047e-10 7.3345e-10 1.88165e-09 5.50565e-09 1.59445e-08 4.49246e-08 1.2287e-07 3.2598e-07 8.38495e-07 2.09007e-06 5.04623e-06 1.17958e-05 2.66841e-05 5.83951e-05 0.000123579 0.000252826 0.000499916 0.000955178 0.00176331 0.00314492 0.00541929 0.00902371 0.0145226 0.0225984 0.0340174 0.049567 0.0699673 0.0957692 0.127255 0.164364 0.206659 0.253347 0.303347 0.355397 0.408168 0.46038 0.510889 0.558741 0.603198 0.64374 0.680046 0.711969 0.73951 0.762787 0.782014 0.797476 0.809494 0.818403 0.824513 0.828076 0.829254 0.828102 0.824557 0.818448 0.809519 0.797458 0.78193 0.762614 0.73923 0.711568 0.679513 0.64307 0.602394 0.557818 0.509873 0.459311 0.407097 0.354387 0.302465 0.252653 0.2062 0.164162 0.127304 0.0960344 0.0703938 0.0500893 0.0345711 0.0231292 0.0149926 0.00941261 0.00572216 0.00336804 0.00191934 0.00105905 0.000565892 0.000292883 0.000146865 7.13748e-05 3.36304e-05 1.53692e-05 6.81539e-06 2.9339e-06 1.22664e-06 4.98332e-07 1.96816e-07 7.56071e-08 2.82655e-08 1.02925e-08 3.66531e-09 1.32169e-09 
9.70161e-10 1.19727e-09 3.06175e-09 8.90734e-09 2.56388e-08 7.17804e-08 1.95019e-07 5.13809e-07 1.31205e-06 3.24569e-06 7.77428e-06 1.80222e-05 4.04167e-05 8.76489e-05 0.000183741 0.000372224 0.0007285 0.0013772 0.00251455 0.00443403 0.00755162 0.0124238 0.0197499 0.0303487 0.0451042 0.064877 0.0903911 0.122112 0.160139 0.204142 0.253347 0.306599 0.362473 0.419419 0.475911 0.530576 0.582281 0.630177 0.673701 0.712547 0.746624 0.776013 0.800915 0.821623 0.838481 0.851867 0.862162 0.869729 0.874886 0.877883 0.878879 0.877925 0.874963 0.869829 0.862269 0.85196 0.838539 0.821622 0.800834 0.775827 0.746311 0.712087 0.67308 0.62939 0.581335 0.529498 0.474748 0.418237 0.361352 0.305623 0.252592 0.20366 0.159951 0.122199 0.090706 0.0653508 0.0456612 0.0309194 0.0202802 0.0128797 0.00791804 0.00471137 0.00271317 0.00151227 0.000815957 0.000426264 0.000215666 0.000105711 5.0217e-05 2.31289e-05 1.03329e-05 4.47975e-06 1.88565e-06 7.71009e-07 3.06386e-07 1.1839e-07 4.45077e-08 1.62939e-08 5.8332e-09 2.11643e-09 
1.53043e-09 1.90264e-09 4.85007e-09 1.40318e-08 4.01509e-08 1.11718e-07 3.01572e-07 7.89195e-07 2.00108e-06 4.91366e-06 1.16786e-05 2.68544e-05 5.97145e-05 0.000128353 0.000266584 0.00053484 0.00103625 0.00193851 0.00350098 0.0061041 0.0102754 0.0167032 0.0262278 0.0397995 0.0583982 0.0829175 0.114027 0.152035 0.196785 0.247606 0.303347 0.362473 0.423232 0.483834 0.542629 0.598236 0.649623 0.696123 0.737405 0.77342 0.804328 0.830434 0.852132 0.869859 0.884064 0.89519 0.903647 0.909805 0.913973 0.916387 0.917194 0.91644 0.914074 0.909946 0.903816 0.895373 0.884244 0.870015 0.852241 0.830468 0.804256 0.77321 0.737026 0.695548 0.648839 0.597249 0.541471 0.482566 0.421939 0.361259 0.302312 0.246835 0.196328 0.151902 0.114184 0.0833006 0.0589247 0.0403866 0.0268054 0.0172212 0.0107062 0.0064397 0.00374737 0.00210978 0.00114935 0.000605989 0.000309308 0.000152889 7.32126e-05 3.39784e-05 1.52906e-05 6.67512e-06 2.82829e-06 1.16371e-06 4.65203e-07 1.80782e-07 6.83326e-08 2.51461e-08 9.04838e-09 3.30265e-09 
2.35129e-09 2.94307e-09 7.47869e-09 2.15212e-08 6.12321e-08 1.69366e-07 4.54354e-07 1.18129e-06 2.97491e-06 7.25282e-06 1.71094e-05 3.90339e-05 8.60848e-05 0.000183444 0.000377575 0.000750386 0.00143957 0.00266541 0.00476247 0.0082117 0.013665 0.021951 0.0340502 0.0510288 0.0739294 0.103626 0.140666 0.185127 0.236523 0.293799 0.355397 0.419419 0.483834 0.54669 0.606303 0.661381 0.711073 0.754959 0.792984 0.825368 0.852518 0.874945 0.893199 0.907829 0.919354 0.928244 0.934917 0.939726 0.942957 0.944821 0.945447 0.944878 0.943069 0.939889 0.935125 0.928488 0.919622 0.908107 0.893465 0.875172 0.852674 0.825411 0.792869 0.754643 0.710518 0.66057 0.605246 0.545432 0.482457 0.418033 0.354124 0.292754 0.23579 0.184745 0.140628 0.103877 0.0743885 0.0516041 0.0346564 0.0225217 0.0141576 0.00860733 0.00506058 0.0028774 0.00158241 0.000841879 0.000433423 0.000216001 0.000104244 4.87403e-05 2.20887e-05 9.70764e-06 4.13946e-06 1.71352e-06 6.88951e-07 2.69202e-07 1.02286e-07 3.7829e-08 1.36792e-08 5.02174e-09 
3.51753e-09 4.4305e-09 1.12239e-08 3.21338e-08 9.09313e-08 2.50088e-07 6.66922e-07 1.72317e-06 4.31122e-06 1.04388e-05 2.44482e-05 5.53563e-05 0.000121116 0.000255951 0.00052223 0.00102841 0.00195413 0.00358209 0.0063339 0.0108033 0.0177764 0.028225 0.043261 0.0640412 0.0916269 0.126812 0.169948 0.220811 0.278532 0.341635 0.408168 0.475911 0.542629 0.606303 0.665318 0.718558 0.765427 0.805794 0.839892 0.868208 0.891366 0.910043 0.924907 0.936575 0.945594 0.952437 0.957502 0.961111 0.963515 0.964897 0.965364 0.964953 0.963627 0.961278 0.957722 0.952708 0.94591 0.936927 0.925282 0.910417 0.891707 0.868474 0.840031 0.805746 0.765136 0.717982 0.664441 0.605148 0.54126 0.474437 0.406722 0.340355 0.277533 0.220169 0.169685 0.126894 0.0919816 0.0645731 0.0438729 0.0288343 0.0183244 0.0112581 0.00668605 0.00383842 0.00213043 0.00114342 0.000593594 0.000298179 0.000144992 6.82787e-05 3.1154e-05 1.37802e-05 5.91207e-06 2.46154e-06 9.95178e-07 3.90901e-07 1.4927e-07 5.54691e-08 2.01525e-08 7.43901e-09 
