1.65699e-06 1.72297e-06 2.01309e-06 2.55633e-06 3.40359e-06 4.63104e-06 6.34372e-06 8.68026e-06 1.18183e-05 1.59811e-05 2.14439e-05 2.85418e-05 3.76764e-05 4.93229e-05 6.40357e-05 8.2453e-05 0.000105298 0.00013338 0.000167587 0.000208881 0.00025828 0.000316846 0.000385655 0.000465769 0.000558206 0.000663896 0.000783641 0.000918072 0.0010676 0.00123238 0.00141226 0.00160675 0.00181501 0.00203579 0.00226749 0.0025081 0.00275524 0.00300621 0.00325801 0.00350741 0.00375101 0.00398532 0.00420683 0.00441211 0.00459787 0.00476107 0.00489898 0.00500927 0.00509003 0.00513988 0.00515795 0.00514393 0.00509808 0.0050212 0.00491466 0.00478029 0.00462039 0.00443764 0.00423507 0.00401592 0.0037836 0.00354161 0.00329343 0.00304245 0.00279192 0.00254483 0.00230392 0.00207158 0.00184983 0.00164034 0.00144437 0.00126282 0.0010962 0.000944711 0.000808245 0.000686426 0.000578661 0.000484181 0.000402086 0.000331384 0.000271031 0.000219967 0.000177142 0.000141543 0.000112211 8.82546e-05 6.88615e-05 5.33009e-05 4.09258e-05 3.11716e-05 2.35522e-05 1.76547e-05 1.31331e-05 9.70113e-06 7.12539e-06 5.21865e-06 3.83348e-06 2.85671e-06 2.20468e-06 1.82022e-06 
1.72297e-06 1.79212e-06 2.0951e-06 2.66226e-06 3.54688e-06 4.82866e-06 6.61755e-06 9.05861e-06 1.23378e-05 1.66887e-05 2.23994e-05 2.98206e-05 3.93725e-05 5.15523e-05 6.69401e-05 8.62029e-05 0.000110098 0.000139469 0.000175246 0.000218432 0.000270092 0.000331332 0.000403273 0.000487024 0.000583643 0.000694096 0.000819217 0.000959656 0.00111584 0.00128791 0.00147572 0.00167874 0.00189608 0.00212645 0.00236816 0.0026191 0.00287681 0.00313845 0.00340091 0.00366082 0.00391464 0.00415873 0.00438945 0.00460323 0.00479665 0.00496655 0.00511011 0.0052249 0.00530894 0.00536079 0.00537955 0.0053649 0.00531712 0.00523704 0.00512607 0.00498611 0.00481957 0.00462923 0.00441821 0.0041899 0.00394785 0.00369569 0.00343704 0.00317544 0.00291426 0.00265664 0.0024054 0.00216306 0.00193173 0.00171314 0.00150863 0.00131913 0.00114518 0.000987009 0.000844495 0.000717258 0.000604684 0.000505975 0.000420195 0.000346311 0.000283237 0.000229867 0.000185107 0.000147897 0.000117237 9.21977e-05 7.19284e-05 5.56657e-05 4.27334e-05 3.25413e-05 2.45811e-05 1.84209e-05 1.36988e-05 1.01155e-05 7.42686e-06 5.43709e-06 3.99201e-06 2.97329e-06 2.29349e-06 1.89281e-06 
2.01309e-06 2.0951e-06 2.44977e-06 3.11241e-06 4.14495e-06 5.63987e-06 7.72465e-06 1.05673e-05 1.43828e-05 1.9441e-05 2.60744e-05 3.46866e-05 4.57611e-05 5.98688e-05 7.76742e-05 9.9941e-05 0.000127533 0.000161413 0.000202638 0.000252345 0.00031174 0.000382071 0.0004646 0.000560569 0.000671159 0.000797443 0.000940337 0.00110055 0.00127853 0.00147441 0.00168797 0.0019186 0.00216525 0.00242643 0.0027002 0.00298418 0.00327555 0.00357113 0.00386739 0.00416056 0.00444665 0.0047216 0.00498132 0.00522183 0.00543932 0.00563028 0.00579154 0.0059204 0.00601469 0.00607279 0.00609372 0.00607711 0.00602327 0.00593314 0.00580828 0.00565081 0.00546341 0.00524918 0.0050116 0.00475446 0.00448171 0.00419742 0.00390564 0.00361035 0.00331533 0.00302411 0.0027399 0.00246552 0.0022034 0.0019555 0.00172334 0.00150803 0.0013102 0.00113014 0.000967744 0.000822611 0.000694075 0.000581255 0.000483112 0.000398495 0.000326185 0.000264938 0.00021352 0.000170734 0.000135446 0.000106599 8.32255e-05 6.44553e-05 4.95159e-05 3.77319e-05 2.85207e-05 2.13868e-05 1.59142e-05 1.17583e-05 8.63804e-06 6.32749e-06 4.64863e-06 3.46473e-06 2.67468e-06 2.20936e-06 
2.55633e-06 2.66226e-06 3.11241e-06 3.95112e-06 5.2559e-06 7.14237e-06 9.76957e-06 1.33467e-05 1.81411e-05 2.44872e-05 3.27966e-05 4.35676e-05 5.73957e-05 7.49819e-05 9.71405e-05 0.000124804 0.000159025 0.000200973 0.000251925 0.000313254 0.000386409 0.00047288 0.000574173 0.000691756 0.000827019 0.000981212 0.00115539 0.00135035 0.00156658 0.00180417 0.0020628 0.00234166 0.00263945 0.00295432 0.0032839 0.00362531 0.00397516 0.00432962 0.00468448 0.00503525 0.00537719 0.0057055 0.00601534 0.00630201 0.00656105 0.00678831 0.00698009 0.00713323 0.00724518 0.00731405 0.00733869 0.00731869 0.00725439 0.00714692 0.00699809 0.00681041 0.006587 0.00633152 0.00604806 0.00574107 0.00541523 0.00507532 0.00472617 0.00437247 0.00401874 0.00366918 0.00332764 0.00299752 0.00268174 0.00238269 0.00210227 0.00184181 0.00160216 0.00138371 0.00118639 0.00100978 0.000853121 0.0007154 0.000595406 0.000491783 0.00040309 0.000327847 0.000264577 0.000211846 0.000168286 0.000132621 0.000103679 8.04004e-05 6.1845e-05 4.71869e-05 3.57124e-05 2.68129e-05 1.99764e-05 1.47778e-05 1.08698e-05 7.97247e-06 5.86517e-06 4.37803e-06 3.38535e-06 2.80112e-06 
3.40359e-06 3.54688e-06 4.14495e-06 5.2559e-06 6.98109e-06 9.47136e-06 1.29338e-05 1.764e-05 2.39368e-05 3.22564e-05 4.31297e-05 5.71976e-05 7.52235e-05 9.81041e-05 0.000126877 0.000162727 0.000206987 0.00026113 0.000326764 0.000405607 0.000499461 0.000610176 0.000739606 0.000889552 0.0010617 0.00125755 0.00147836 0.00172504 0.0019981 0.00229759 0.002623 0.00297325 0.00334662 0.00374076 0.00415265 0.00457865 0.00501453 0.00545553 0.00589644 0.0063317 0.00675551 0.00716195 0.00754514 0.00789934 0.0082191 0.00849939 0.00873574 0.00892432 0.00906202 0.00914659 0.00917662 0.00915164 0.00907207 0.00893925 0.0087554 0.00852356 0.00824751 0.0079317 0.00758111 0.00720115 0.00679751 0.00637608 0.00594275 0.00550329 0.00506326 0.00462788 0.00420191 0.00378961 0.00339463 0.00302001 0.00266816 0.00234084 0.00203916 0.00176369 0.00151443 0.00129094 0.00109233 0.000917414 0.000764732 0.000632637 0.000519364 0.000423088 0.000341982 0.00027426 0.000218213 0.000172239 0.000134862 0.000104746 8.06974e-05 6.16659e-05 4.67418e-05 3.51471e-05 2.62252e-05 1.94299e-05 1.43137e-05 1.05153e-05 7.74915e-06 5.79517e-06 4.49031e-06 3.7229e-06 
4.63104e-06 4.82866e-06 5.63987e-06 7.14237e-06 9.47136e-06 1.28276e-05 1.74861e-05 2.3807e-05 3.22485e-05 4.3381e-05 5.79025e-05 7.66536e-05 0.000100633 0.000131008 0.000169129 0.000216528 0.000274925 0.000346216 0.000432455 0.000535833 0.000658637 0.000803201 0.00097185 0.00116682 0.00139021 0.00164383 0.00192919 0.00224736 0.00259886 0.00298363 0.00340092 0.00384924 0.00432629 0.004829 0.00535347 0.00589503 0.00644829 0.00700723 0.00756526 0.00811542 0.00865043 0.00916292 0.00964557 0.0100913 0.0104932 0.0108453 0.0111419 0.0113784 0.0115509 0.0116566 0.0116939 0.0116622 0.0115619 0.0113948 0.0111635 0.0108719 0.0105246 0.010127 0.0096854 0.00920644 0.00869721 0.008165 0.00761718 0.00706097 0.00650334 0.00595087 0.00540958 0.00488488 0.00438145 0.00390322 0.0034533 0.00303402 0.00264692 0.00229281 0.00197182 0.00168346 0.00142674 0.0012002 0.00100209 0.000830355 0.000682805 0.000557154 0.000451095 0.000362366 0.000288791 0.000228324 0.000179072 0.000139311 0.000107501 8.22812e-05 6.24683e-05 4.70476e-05 3.5161e-05 2.60924e-05 1.92533e-05 1.41683e-05 1.04602e-05 7.83816e-06 6.08626e-06 5.05659e-06 
6.34372e-06 6.61755e-06 7.72465e-06 9.76957e-06 1.29338e-05 1.74861e-05 2.37941e-05 3.23382e-05 4.37279e-05 5.87203e-05 7.8239e-05 0.000103394 0.000135498 0.000176084 0.000226915 0.00028999 0.00036754 0.000462016 0.000576066 0.000712496 0.000874225 0.00106421 0.00128539 0.00154057 0.00183232 0.0021629 0.00253409 0.00294712 0.00340253 0.00390008 0.00443866 0.00501621 0.00562967 0.006275 0.00694713 0.00764002 0.00834679 0.00905974 0.00977054 0.0104704 0.0111501 0.0118004 0.0124122 0.0129766 0.0134851 0.0139302 0.0143048 0.0146032 0.0148207 0.0149538 0.0150004 0.0149598 0.0148327 0.0146211 0.0143285 0.0139594 0.0135196 0.013016 0.0124562 0.0118487 0.0112021 0.0105258 0.00982877 0.00912027 0.00840906 0.00770348 0.00701119 0.0063391 0.00569326 0.00507874 0.00449963 0.00395903 0.00345904 0.00300083 0.00258471 0.0022102 0.00187614 0.0015808 0.00132201 0.00109725 0.000903767 0.000738676 0.000599056 0.000482023 0.000384791 0.000304727 0.000239388 0.000186541 0.000144181 0.000110535 8.40546e-05 6.34071e-05 4.74635e-05 3.52789e-05 2.60751e-05 1.92214e-05 1.42168e-05 1.06743e-05 8.30617e-06 6.91503e-06 
8.68026e-06 9.05861e-06 1.05673e-05 1.33467e-05 1.764e-05 2.3807e-05 3.23382e-05 4.38735e-05 5.92229e-05 7.93899e-05 0.000105595 0.000139302 0.000182237 0.000236407 0.000304116 0.000387963 0.000490841 0.000615917 0.000766594 0.000946467 0.00115925 0.0014087 0.0016985 0.00203216 0.00241286 0.00284334 0.00332574 0.00386143 0.00445094 0.00509376 0.00578826 0.00653164 0.00731983 0.00814751 0.00900809 0.00989383 0.0107959 0.0117045 0.012609 0.0134984 0.0143612 0.0151857 0.0159605 0.0166745 0.0173173 0.0178793 0.0183521 0.0187283 0.0190023 0.0191697 0.019228 0.0191763 0.0190153 0.0187478 0.0183778 0.0179111 0.0173549 0.0167176 0.0160088 0.0152388 0.0144187 0.0135599 0.0126739 0.0117722 0.0108659 0.00996556 0.00908088 0.00822073 0.00739285 0.00660383 0.00585903 0.00516255 0.00451724 0.00392479 0.00338576 0.00289971 0.00246534 0.0020806 0.00174281 0.00144887 0.00119534 0.000978597 0.000794939 0.000640693 0.000512297 0.000406371 0.00031976 0.000249576 0.000193216 0.000148366 0.000113003 8.53812e-05 6.40145e-05 4.76578e-05 3.52825e-05 2.60531e-05 1.9305e-05 1.45233e-05 1.13248e-05 9.44688e-06 
1.18183e-05 1.23378e-05 1.43828e-05 1.81411e-05 2.39368e-05 3.22485e-05 4.37279e-05 5.92229e-05 7.98044e-05 0.000106796 0.000141803 0.000186744 0.000243876 0.000315818 0.000405559 0.000516466 0.00065227 0.000817038 0.00101512 0.00125111 0.00152969 0.0018556 0.00223345 0.00266758 0.00316191 0.00371973 0.00434357 0.00503495 0.00579429 0.00662068 0.00751183 0.00846392 0.00947158 0.0105278 0.0116242 0.0127508 0.0138964 0.0150484 0.0161938 0.0173184 0.018408 0.019448 0.0204242 0.021323 0.0221314 0.0228376 0.0234312 0.0239032 0.0242466 0.0244561 0.0245286 0.0244631 0.0242605 0.0239239 0.0234586 0.0228716 0.0221718 0.0213695 0.0204765 0.0195057 0.0184707 0.0173857 0.0162652 0.0151234 0.0139743 0.0128311 0.0117061 0.0106107 0.00955468 0.00854657 0.00759332 0.00670035 0.00587151 0.00510916 0.00441427 0.0037865 0.0032244 0.00272556 0.00228676 0.00190418 0.00157355 0.00129034 0.0010499 0.000847576 0.000678834 0.000539355 0.000425093 0.000332329 0.000257696 0.000198197 0.000151198 0.000114422 8.59244e-05 6.40722e-05 4.75122e-05 3.51436e-05 2.60881e-05 1.96646e-05 1.53655e-05 1.28424e-05 
1.59811e-05 1.66887e-05 1.9441e-05 2.44872e-05 3.22564e-05 4.3381e-05 5.87203e-05 7.93899e-05 0.000106796 0.00014267 0.000189111 0.000248617 0.000324117 0.000418998 0.000537118 0.000682804 0.000860832 0.00107639 0.00133499 0.00164244 0.00200463 0.00242748 0.0029167 0.00347762 0.004115 0.00483278 0.00563387 0.00651991 0.00749109 0.00854598 0.00968134 0.0108921 0.0121711 0.0135094 0.0148962 0.0163188 0.017763 0.0192132 0.0206529 0.0220646 0.0234305 0.0247327 0.0259538 0.0270768 0.0280859 0.0289667 0.0297064 0.0302942 0.0307215 0.0309818 0.0310715 0.0309891 0.0307359 0.0303158 0.0297351 0.0290023 0.0281283 0.0271258 0.0260091 0.0247942 0.0234976 0.0221371 0.0207302 0.0192949 0.0178484 0.0164073 0.0149871 0.0136019 0.0122645 0.0109855 0.0097741 0.00863724 0.00758011 0.00660597 0.00571635 0.00491113 0.00418876 0.00354644 0.00298032 0.00248576 0.00205752 0.00168999 0.00137735 0.00111375 0.000893483 0.000711063 0.00056134 0.000439557 0.000341394 0.000262992 0.000200949 0.000152313 0.000114561 8.5563e-05 6.35526e-05 4.70882e-05 3.50181e-05 2.64472e-05 2.07076e-05 1.73402e-05 
2.14439e-05 2.23994e-05 2.60744e-05 3.27966e-05 4.31297e-05 5.79025e-05 7.8239e-05 0.000105595 0.000141803 0.000189111 0.000250238 0.00032841 0.000427399 0.000551553 0.000705805 0.000895668 0.00112721 0.00140697 0.00174192 0.0021393 0.00260646 0.0031507 0.00377905 0.00449799 0.00531322 0.00622937 0.00724975 0.00837603 0.00960805 0.0109436 0.0123782 0.0139051 0.0155151 0.0171967 0.0189362 0.0207175 0.0225229 0.024333 0.0261273 0.0278842 0.029582 0.0311986 0.0327126 0.0341037 0.0353525 0.0364416 0.0373555 0.0380812 0.0386082 0.038929 0.0390388 0.0389363 0.0386228 0.0381031 0.0373846 0.0364779 0.0353959 0.0341541 0.0327698 0.0312624 0.0296521 0.0279605 0.0262092 0.0244202 0.0226147 0.0208133 0.0190353 0.0172984 0.0156185 0.0140093 0.0124823 0.0110468 0.00970936 0.00847463 0.00734486 0.0063203 0.00539934 0.00457881 0.0038542 0.00321993 0.00266962 0.00219639 0.00179303 0.00145229 0.00116699 0.000930262 0.000735588 0.000576941 0.000448825 0.000346308 0.000265033 0.000201209 0.000151579 0.000113393 8.43618e-05 6.26131e-05 4.66478e-05 3.52988e-05 2.76942e-05 2.32343e-05 
2.85418e-05 2.98206e-05 3.46866e-05 4.35676e-05 5.71976e-05 7.66536e-05 0.000103394 0.000139302 0.000186744 0.000248617 0.00032841 0.000430254 0.000558967 0.000720078 0.000919841 0.00116522 0.00146384 0.00182391 0.00225411 0.0027634 0.00336087 0.00405544 0.00485564 0.00576927 0.00680307 0.0079624 0.0092509 0.0106702 0.0122195 0.0138956 0.0156924 0.0176011 0.0196099 0.021704 0.0238663 0.0260767 0.0283133 0.0305522 0.032768 0.0349346 0.0370254 0.0390137 0.0408738 0.0425809 0.044112 0.0454461 0.0465647 0.0474522 0.0480963 0.0484878 0.0486213 0.0484949 0.0481105 0.0474736 0.0465932 0.0454817 0.0441549 0.042631 0.040931 0.039078 0.0370966 0.0350127 0.0328526 0.0306428 0.0284097 0.0261782 0.0239721 0.0218136 0.0197222 0.0177153 0.0158074 0.0140104 0.0123331 0.0107816 0.00935914 0.00806659 0.00690242 0.00586311 0.00494344 0.00413679 0.00343553 0.00283126 0.00231518 0.00187834 0.00151187 0.00120718 0.00095613 0.00075115 0.000585302 0.000452344 0.000346742 0.000263663 0.000198948 0.000149069 0.000111087 8.25897e-05 6.16424e-05 4.67359e-05 3.67414e-05 3.08818e-05 
3.76764e-05 3.93725e-05 4.57611e-05 5.73957e-05 7.52235e-05 0.000100633 0.000135498 0.000182237 0.000243876 0.000324117 0.000427399 0.000558967 0.000724914 0.000932213 0.00118872 0.00150315 0.00188501 0.00234448 0.00289227 0.00353938 0.00429691 0.00517566 0.00618586 0.00733677 0.00863624 0.0100904 0.0117031 0.0134756 0.0154066 0.0174912 0.0197214 0.0220857 0.024569 0.027153 0.0298161 0.0325336 0.0352785 0.0380217 0.0407324 0.0433789 0.0459292 0.0483514 0.0506147 0.0526896 0.0545486 0.056167 0.0575229 0.0585979 0.0593774 0.0598507 0.0600114 0.0598572 0.0593905 0.0586177 0.0575494 0.0562004 0.054589 0.0527371 0.0506695 0.0484137 0.0459989 0.043456 0.0408168 0.0381132 0.0353768 0.0326382 0.0299265 0.0272684 0.0246885 0.0222083 0.0198461 0.0176169 0.015532 0.0135996 0.0118245 0.0102081 0.00874935 0.00744435 0.00628719 0.00527016 0.00438417 0.00361916 0.00296447 0.00240918 0.0019424 0.00155354 0.00123252 0.000969887 0.000756986 0.000585984 0.000449913 0.000342667 0.000258978 0.000194365 0.000145082 0.000108049 8.07914e-05 6.13733e-05 4.83457e-05 4.07099e-05 
4.93229e-05 5.15523e-05 5.98688e-05 7.49819e-05 9.81041e-05 0.000131008 0.000176084 0.000236407 0.000315818 0.000418998 0.000551553 0.000720078 0.000932213 0.00119667 0.00152323 0.0019227 0.00240681 0.00298807 0.00367957 0.00449469 0.0054468 0.00654887 0.00781301 0.00925005 0.010869 0.0126767 0.0146771 0.0168711 0.019256 0.0218252 0.024568 0.0274698 0.0305115 0.0336703 0.0369195 0.040229 0.043566 0.0468951 0.0501795 0.0533812 0.056462 0.0593843 0.0621113 0.0646086 0.0668437 0.0687877 0.0704151 0.0717044 0.0726385 0.073205 0.0733965 0.0732106 0.0726496 0.0717213 0.0704379 0.0688168 0.0668793 0.0646509 0.0621609 0.0594413 0.0565268 0.0534539 0.0502603 0.0469841 0.0436629 0.0403336 0.0370313 0.0337887 0.0306356 0.0275986 0.0247005 0.0219601 0.019392 0.0170068 0.0148112 0.0128079 0.010996 0.00937178 0.0079285 0.00665733 0.00554762 0.00458744 0.00376403 0.00306419 0.0024747 0.00198263 0.00157558 0.00124192 0.000970909 0.000752818 0.000578951 0.000441664 0.000334339 0.000251335 0.00018792 0.000140195 0.000105019 7.99328e-05 6.30919e-05 5.32236e-05 
6.40357e-05 6.69401e-05 7.76742e-05 9.71405e-05 0.000126877 0.000169129 0.000226915 0.000304116 0.000405559 0.000537118 0.000705805 0.000919841 0.00118872 0.00152323 0.00193544 0.00243861 0.00304709 0.00377611 0.0046415 0.00565937 0.00684567 0.00821575 0.00978382 0.0115624 0.0135616 0.0157889 0.0182481 0.0209393 0.0238582 0.0269958 0.0303383 0.033867 0.0375583 0.0413838 0.045311 0.0493035 0.0533218 0.0573235 0.0612648 0.0651008 0.0687865 0.0722776 0.0755313 0.0785073 0.0811682 0.0834803 0.0854141 0.086945 0.0880533 0.0887248 0.0889509 0.0887288 0.0880615 0.0869576 0.0854314 0.0835027 0.0811962 0.0785414 0.0755721 0.0723257 0.0688425 0.0651651 0.0613379 0.0574056 0.0534131 0.049404 0.0454203 0.0415014 0.0376835 0.0339989 0.0304758 0.0271376 0.0240028 0.0210852 0.0183937 0.0159327 0.0137021 0.0116982 0.00991374 0.00833869 0.00696076 0.00576598 0.0047392 0.0038647 0.00312657 0.00250915 0.00199739 0.00157705 0.00123497 0.000959151 0.000738844 0.000564564 0.000428073 0.000322329 0.000241404 0.000180409 0.000135391 0.00010325 8.16594e-05 6.90109e-05 
8.2453e-05 8.62029e-05 9.9941e-05 0.000124804 0.000162727 0.000216528 0.00028999 0.000387963 0.000516466 0.000682804 0.000895668 0.00116522 0.00150315 0.0019227 0.00243861 0.00306703 0.00382533 0.00473186 0.0058056 0.00706572 0.00853106 0.0102196 0.0121477 0.0143297 0.0167768 0.0194968 0.0224933 0.0257649 0.0293054 0.0331026 0.0371388 0.0413906 0.0458288 0.0504188 0.0551213 0.0598925 0.0646854 0.0694498 0.0741342 0.0786858 0.0830524 0.0871824 0.0910265 0.0945382 0.0976746 0.100397 0.102672 0.104472 0.105774 0.106562 0.106827 0.106564 0.105778 0.104479 0.102682 0.100411 0.0976921 0.0945607 0.0910549 0.0872175 0.0830951 0.0787371 0.0741947 0.0695202 0.0647661 0.0599838 0.0552232 0.050531 0.0459508 0.0415216 0.0372776 0.0332479 0.0294557 0.0259186 0.0226485 0.0196519 0.0169299 0.0144791 0.0122919 0.0103571 0.00866085 0.00718683 0.00591737 0.00483387 0.00391741 0.00314924 0.0025112 0.0019861 0.00155791 0.00121198 0.000935149 0.000715741 0.000543594 0.000409989 0.000307574 0.00023026 0.00017312 0.00013228 0.000104827 8.87471e-05 
0.000105298 0.000110098 0.000127533 0.000159025 0.000206987 0.000274925 0.00036754 0.000490841 0.00065227 0.000860832 0.00112721 0.00146384 0.00188501 0.00240681 0.00304709 0.00382533 0.00476237 0.00588011 0.00720106 0.00874779 0.0105423 0.0126055 0.014956 0.0176097 0.0205789 0.0238716 0.0274905 0.0314326 0.0356887 0.040243 0.045073 0.0501496 0.055437 0.0608936 0.0664721 0.0721208 0.0777838 0.0834026 0.088917 0.0942661 0.0993893 0.104228 0.108725 0.112828 0.116489 0.119663 0.122314 0.124409 0.125923 0.126839 0.127145 0.126838 0.125922 0.124408 0.122314 0.119665 0.116493 0.112836 0.108737 0.104246 0.0994141 0.0942992 0.0889596 0.0834557 0.0778483 0.0721973 0.0665611 0.0609949 0.0555505 0.0502746 0.0452085 0.0403877 0.0358411 0.0315909 0.0276528 0.0240358 0.0207429 0.0177715 0.0151136 0.0127573 0.0106869 0.00888374 0.00732746 0.00599629 0.00486793 0.00392016 0.00313133 0.00248078 0.00194923 0.00151896 0.00117396 0.000900008 0.00068467 0.00051725 0.000388696 0.0002915 0.000219565 0.000168095 0.000133472 0.000113197 
0.00013338 0.000139469 0.000161413 0.000200973 0.00026113 0.000346216 0.000462016 0.000615917 0.000817038 0.00107639 0.00140697 0.00182391 0.00234448 0.00298807 0.00377611 0.00473186 0.00588011 0.00724673 0.00885816 0.0107407 0.0129198 0.0154193 0.0182602 0.02146 0.0250318 0.0289832 0.0333158 0.0380241 0.0430954 0.0485093 0.0542376 0.0602444 0.0664866 0.0729142 0.0794712 0.0860967 0.0927254 0.0992896 0.10572 0.111946 0.1179 0.123513 0.128724 0.133472 0.137702 0.141367 0.144424 0.146838 0.148582 0.149636 0.149987 0.149632 0.148575 0.146829 0.144412 0.141354 0.137689 0.13346 0.128715 0.123509 0.117901 0.111956 0.105739 0.0993196 0.0927676 0.0861522 0.079541 0.0729986 0.0665856 0.0603577 0.0543644 0.0486484 0.0432454 0.038183 0.0334815 0.0291536 0.0252043 0.0216324 0.0184301 0.0155847 0.0130787 0.0108915 0.00899947 0.0073776 0.00599987 0.00484016 0.00387289 0.00307356 0.00241911 0.00188829 0.00146184 0.00112257 0.0008554 0.000647307 0.000487254 0.000366052 0.000276227 0.000211884 0.000168573 0.000143214 
0.000167587 0.000175246 0.000202638 0.000251925 0.000326764 0.000432455 0.000576066 0.000766594 0.00101512 0.00133499 0.00174192 0.00225411 0.00289227 0.00367957 0.0046415 0.0058056 0.00720106 0.00885816 0.0108076 0.0130799 0.0157039 0.0187065 0.0221112 0.0259369 0.0301969 0.0348984 0.0400408 0.0456156 0.0516057 0.057985 0.0647187 0.0717631 0.0790665 0.0865696 0.0942067 0.101907 0.109594 0.117192 0.124619 0.131798 0.138651 0.145102 0.151081 0.156521 0.161362 0.165552 0.169044 0.171799 0.173787 0.174988 0.175387 0.174981 0.173774 0.171779 0.169018 0.165523 0.16133 0.156487 0.151048 0.145071 0.138625 0.131779 0.124609 0.117192 0.109608 0.101935 0.0942506 0.0866303 0.0791444 0.0718583 0.0648307 0.0581128 0.0517478 0.0457703 0.0402058 0.0350712 0.0303749 0.0261173 0.0222914 0.018884 0.0158762 0.013245 0.0109638 0.00900395 0.00733548 0.00592802 0.00475162 0.00377743 0.00297818 0.00232863 0.00180576 0.00138898 0.00106016 0.000803591 0.000605921 0.000455998 0.000344734 0.000264944 0.000211199 0.000179734 
0.000208881 0.000218432 0.000252345 0.000313254 0.000405607 0.000535833 0.000712496 0.000946467 0.00125111 0.00164244 0.0021393 0.0027634 0.00353938 0.00449469 0.00565937 0.00706572 0.00874779 0.0107407 0.0130799 0.0157999 0.0189336 0.0225109 0.0265574 0.0310931 0.0361315 0.0416782 0.0477301 0.0542746 0.0612891 0.0687411 0.0765877 0.0847765 0.0932459 0.101926 0.110742 0.119609 0.128444 0.137156 0.145656 0.153856 0.161669 0.169013 0.175807 0.181981 0.187469 0.192212 0.196161 0.199275 0.20152 0.202875 0.203324 0.202864 0.201499 0.199243 0.196121 0.192164 0.187414 0.181922 0.175746 0.168952 0.161611 0.153803 0.145611 0.137121 0.128422 0.119603 0.110753 0.101957 0.0932958 0.0848467 0.0766781 0.0688511 0.0614174 0.0544194 0.0478892 0.041849 0.0363111 0.0312784 0.0267454 0.0226985 0.019118 0.0159784 0.0132504 0.0109013 0.00889709 0.0072027 0.00578344 0.00460567 0.0036374 0.00284889 0.00221291 0.00170499 0.00130352 0.000989708 0.000747521 0.000563546 0.000426821 0.000328663 0.000262498 0.000223768 
0.00025828 0.000270092 0.00031174 0.000386409 0.000499461 0.000658637 0.000874225 0.00115925 0.00152969 0.00200463 0.00260646 0.00336087 0.00429691 0.0054468 0.00684567 0.00853106 0.0105423 0.0129198 0.0157039 0.0189336 0.0226457 0.0268729 0.0316429 0.0369763 0.042886 0.0493755 0.0564382 0.0640565 0.0722014 0.0808322 0.0898973 0.099334 0.10907 0.119025 0.12911 0.139231 0.149292 0.159191 0.168831 0.178111 0.186936 0.195216 0.202865 0.209805 0.215966 0.221284 0.225708 0.229192 0.231704 0.233217 0.233718 0.233202 0.231674 0.229149 0.225651 0.221216 0.215887 0.209719 0.202774 0.195122 0.186842 0.17802 0.168746 0.159116 0.149229 0.139185 0.129082 0.119017 0.109085 0.099372 0.089959 0.0809174 0.0723092 0.0641853 0.0565858 0.0495391 0.0430626 0.0371625 0.0318353 0.027068 0.0228401 0.0191242 0.0158878 0.0130948 0.0107064 0.0086828 0.00698413 0.00557148 0.00440772 0.00345808 0.00269061 0.00207651 0.00159019 0.00120938 0.00091498 0.000690994 0.000524303 0.000404498 0.000323685 0.000276385 
0.000316846 0.000331332 0.000382071 0.00047288 0.000610176 0.000803201 0.00106421 0.0014087 0.0018556 0.00242748 0.0031507 0.00405544 0.00517566 0.00654887 0.00821575 0.0102196 0.0126055 0.0154193 0.0187065 0.0225109 0.0268729 0.0318281 0.0374056 0.0436263 0.0505017 0.0580323 0.0662071 0.0750022 0.0843807 0.0942933 0.104678 0.11546 0.126557 0.137874 0.149311 0.160762 0.172117 0.183265 0.194097 0.204504 0.214381 0.223631 0.232161 0.239889 0.24674 0.252647 0.257554 0.261417 0.264199 0.265874 0.266428 0.265855 0.264161 0.261361 0.257481 0.252557 0.246636 0.239774 0.232037 0.2235 0.214247 0.204371 0.193969 0.183145 0.172008 0.160669 0.149237 0.137822 0.126529 0.115459 0.104703 0.0943465 0.084461 0.0751081 0.0663368 0.058183 0.0506701 0.0438089 0.0375985 0.0320275 0.0270747 0.0227115 0.0189025 0.0156077 0.0127838 0.010386 0.00836877 0.00668765 0.00529982 0.00416502 0.0032461 0.00250937 0.00192486 0.00146633 0.00111126 0.000840681 0.000639039 0.000493951 0.000396014 0.000338695 
0.000385655 0.000403273 0.0004646 0.000574173 0.000739606 0.00097185 0.00128539 0.0016985 0.00223345 0.0029167 0.00377905 0.00485564 0.00618586 0.00781301 0.00978382 0.0121477 0.014956 0.0182602 0.0221112 0.0265574 0.0316429 0.0374056 0.0438757 0.0510736 0.0590087 0.0676775 0.0770632 0.0871344 0.0978455 0.109136 0.120934 0.133151 0.145691 0.158448 0.171307 0.18415 0.196855 0.209299 0.221363 0.232928 0.243882 0.254121 0.263548 0.272073 0.27962 0.286118 0.291512 0.295753 0.298805 0.300642 0.301248 0.300619 0.298759 0.295684 0.291422 0.286008 0.279491 0.271929 0.26339 0.253954 0.243708 0.232751 0.221187 0.20913 0.196696 0.184006 0.171182 0.158345 0.145615 0.133103 0.120916 0.10915 0.097891 0.0872106 0.0771683 0.067809 0.0591633 0.0512476 0.0440647 0.0376054 0.031849 0.0267655 0.0223173 0.0184607 0.0151478 0.0123284 0.00995133 0.00796609 0.00632376 0.00497812 0.00388629 0.00300925 0.00231211 0.00176424 0.00133927 0.00101492 0.000772878 0.000598525 0.00048075 0.000411823 
0.000465769 0.000487024 0.000560569 0.000691756 0.000889552 0.00116682 0.00154057 0.00203216 0.00266758 0.00347762 0.00449799 0.00576927 0.00733677 0.00925005 0.0115624 0.0143297 0.0176097 0.02146 0.0259369 0.0310931 0.0369763 0.0436263 0.0510736 0.0593375 0.0684239 0.0783245 0.0890151 0.100456 0.112591 0.125349 0.138642 0.152372 0.166427 0.180687 0.195023 0.209305 0.223398 0.237169 0.250487 0.263226 0.275267 0.286499 0.29682 0.30614 0.314377 0.321461 0.327333 0.331946 0.335264 0.337259 0.337917 0.337232 0.335209 0.331866 0.327227 0.32133 0.314224 0.305967 0.29663 0.286294 0.275051 0.263004 0.250263 0.236948 0.223186 0.209106 0.194842 0.180528 0.166296 0.152271 0.138575 0.125316 0.112595 0.100495 0.0890889 0.0784303 0.0685586 0.0594972 0.0512539 0.0438222 0.0371831 0.0313058 0.0261508 0.0216709 0.0178137 0.0145238 0.011744 0.00941738 0.0074886 0.00590501 0.00461756 0.00358138 0.0027562 0.00210656 0.00160179 0.00121595 0.000927614 0.000719687 0.000579134 0.000496877 
0.000558206 0.000583643 0.000671159 0.000827019 0.0010617 0.00139021 0.00183232 0.00241286 0.00316191 0.004115 0.00531322 0.00680307 0.00863624 0.010869 0.0135616 0.0167768 0.0205789 0.0250318 0.0301969 0.0361315 0.042886 0.0505017 0.0590087 0.0684239 0.0787491 0.0899693 0.102052 0.114948 0.128589 0.14289 0.15775 0.173056 0.188682 0.204492 0.220344 0.236094 0.251596 0.266705 0.281282 0.295192 0.308312 0.320524 0.331725 0.341821 0.35073 0.358381 0.364716 0.369688 0.373261 0.375409 0.376116 0.375378 0.3732 0.369597 0.364596 0.358232 0.350555 0.341621 0.331504 0.320284 0.308056 0.294926 0.28101 0.266432 0.251328 0.235838 0.220104 0.204274 0.188491 0.172898 0.157627 0.142805 0.128544 0.114944 0.102088 0.0900428 0.0788575 0.0685635 0.0591748 0.0506891 0.0430894 0.0363454 0.0304159 0.0252509 0.0207937 0.0169833 0.0137567 0.0110503 0.00880198 0.00695228 0.00544547 0.00423041 0.00326099 0.00249643 0.00190137 0.00144581 0.00110492 0.000858816 0.00069234 0.000594914 
0.000663896 0.000694096 0.000797443 0.000981212 0.00125755 0.00164383 0.0021629 0.00284334 0.00371973 0.00483278 0.00622937 0.0079624 0.0100904 0.0126767 0.0157889 0.0194968 0.0238716 0.0289832 0.0348984 0.0416782 0.0493755 0.0580323 0.0676775 0.0783245 0.0899693 0.102589 0.116143 0.130568 0.145784 0.161692 0.178175 0.195105 0.21234 0.229729 0.247117 0.264345 0.281256 0.297696 0.313516 0.328578 0.34275 0.355914 0.367963 0.378803 0.388353 0.396543 0.403316 0.408626 0.412438 0.414729 0.415483 0.414695 0.412371 0.408526 0.403183 0.396378 0.388158 0.37858 0.367713 0.355641 0.342457 0.32827 0.313198 0.297373 0.280934 0.26403 0.246816 0.229449 0.212086 0.194884 0.177991 0.161549 0.145685 0.130514 0.116134 0.102624 0.0900453 0.078438 0.067824 0.0582063 0.0495712 0.0418895 0.0351193 0.029208 0.0240951 0.0197143 0.0159965 0.0128714 0.0102698 0.00812508 0.00637451 0.00496018 0.00382968 0.00293651 0.0022402 0.00170631 0.00130627 0.00101715 0.000821434 0.000706896 
0.000783641 0.000819217 0.000940337 0.00115539 0.00147836 0.00192919 0.00253409 0.00332574 0.00434357 0.00563387 0.00724975 0.0092509 0.0117031 0.0146771 0.0182481 0.0224933 0.0274905 0.0333158 0.0400408 0.0477301 0.0564382 0.0662071 0.0770632 0.0890151 0.102052 0.116143 0.131234 0.14725 0.164097 0.181659 0.199805 0.218388 0.237252 0.25623 0.275152 0.293848 0.31215 0.329893 0.346923 0.363095 0.378276 0.392345 0.405195 0.416734 0.426882 0.435571 0.442748 0.448369 0.452401 0.454823 0.455619 0.454787 0.45233 0.448263 0.442607 0.435395 0.426672 0.416492 0.404923 0.392044 0.37795 0.362749 0.346561 0.329521 0.311775 0.293477 0.274791 0.255887 0.236934 0.218102 0.199556 0.181453 0.163938 0.14714 0.131174 0.116133 0.10209 0.0890967 0.0771844 0.0663624 0.0566215 0.0479347 0.0402602 0.0335435 0.0277204 0.02272 0.018467 0.0148844 0.0118957 0.00942689 0.00740781 0.00577344 0.00446467 0.00342885 0.00262001 0.00199889 0.00153288 0.00119571 0.000967318 0.00083365 
0.000918072 0.000959656 0.00110055 0.00135035 0.00172504 0.00224736 0.00294712 0.00386143 0.00503495 0.00651991 0.00837603 0.0106702 0.0134756 0.0168711 0.0209393 0.0257649 0.0314326 0.0380241 0.0456156 0.0542746 0.0640565 0.0750022 0.0871344 0.100456 0.114948 0.130568 0.14725 0.164905 0.183423 0.20267 0.222499 0.242747 0.263239 0.283795 0.304231 0.324364 0.344016 0.363015 0.381202 0.398426 0.414555 0.429467 0.443058 0.455237 0.465928 0.475068 0.482607 0.488505 0.492733 0.49527 0.496105 0.495234 0.49266 0.488395 0.48246 0.474885 0.465708 0.454981 0.442768 0.429145 0.414203 0.398048 0.380802 0.362601 0.343592 0.323939 0.303812 0.28339 0.262856 0.242394 0.222184 0.202399 0.1832 0.164735 0.147135 0.130508 0.114941 0.1005 0.0872249 0.0751337 0.0642227 0.0544684 0.0458298 0.0382515 0.0316664 0.0259989 0.021168 0.0170899 0.0136808 0.0108591 0.00854689 0.00667171 0.00516739 0.00397475 0.00304194 0.00232457 0.00178562 0.00139529 0.00113068 0.000975819 
0.0010676 0.00111584 0.00127853 0.00156658 0.0019981 0.00259886 0.00340253 0.00445094 0.00579429 0.00749109 0.00960805 0.0122195 0.0154066 0.019256 0.0238582 0.0293054 0.0356887 0.0430954 0.0516057 0.0612891 0.0722014 0.0843807 0.0978455 0.112591 0.128589 0.145784 0.164097 0.183423 0.203633 0.224579 0.246093 0.267997 0.290097 0.3122 0.334108 0.355628 0.37657 0.39676 0.416031 0.434233 0.451233 0.466912 0.481169 0.493918 0.505088 0.514622 0.522474 0.528611 0.533005 0.535642 0.536509 0.535605 0.532933 0.528501 0.522327 0.514437 0.504864 0.493656 0.480869 0.466575 0.450862 0.43383 0.415601 0.396308 0.376104 0.355153 0.333634 0.311736 0.289651 0.267578 0.245711 0.224239 0.203344 0.183189 0.163921 0.145668 0.128533 0.112592 0.0979001 0.0844835 0.0723457 0.0614678 0.0518109 0.0433193 0.0359237 0.0295444 0.0240949 0.019485 0.0156234 0.0124208 0.00979141 0.00765504 0.00593812 0.00457462 0.00350647 0.00268381 0.00206498 0.00161631 0.00131196 0.00113382 
0.00123238 0.00128791 0.00147441 0.00180417 0.00229759 0.00298363 0.00390008 0.00509376 0.00662068 0.00854598 0.0109436 0.0138956 0.0174912 0.0218252 0.0269958 0.0331026 0.040243 0.0485093 0.057985 0.0687411 0.0808322 0.0942933 0.109136 0.125349 0.14289 0.161692 0.181659 0.20267 0.224579 0.247217 0.270401 0.293931 0.3176 0.3412 0.364519 0.387355 0.409511 0.430807 0.451075 0.470166 0.487947 0.504305 0.519143 0.532382 0.543959 0.553822 0.561934 0.568265 0.572796 0.575512 0.576407 0.575477 0.572725 0.568158 0.56179 0.55364 0.543737 0.53212 0.51884 0.503961 0.487565 0.469747 0.450623 0.430326 0.409009 0.386837 0.363996 0.34068 0.317094 0.293448 0.269951 0.24681 0.224222 0.20237 0.18142 0.161517 0.14278 0.125302 0.10915 0.0943626 0.0809503 0.0689005 0.0581775 0.0487264 0.0404763 0.0333443 0.0272387 0.0220629 0.0177186 0.0141085 0.011139 0.00872184 0.00677585 0.00522785 0.00401327 0.00307649 0.00237092 0.00185885 0.00151124 0.00130778 
0.00141226 0.00147572 0.00168797 0.0020628 0.002623 0.00340092 0.00443866 0.00578826 0.00751183 0.00968134 0.0123782 0.0156924 0.0197214 0.024568 0.0303383 0.0371388 0.045073 0.0542376 0.0647187 0.0765877 0.0898973 0.104678 0.120934 0.138642 0.15775 0.178175 0.199805 0.222499 0.246093 0.270401 0.295217 0.320327 0.345507 0.370534 0.395186 0.419252 0.442529 0.464833 0.485998 0.505874 0.524335 0.541273 0.556599 0.570242 0.582146 0.59227 0.600583 0.607064 0.611697 0.614474 0.615389 0.614441 0.611631 0.606964 0.600448 0.592097 0.581934 0.569988 0.556302 0.540932 0.523951 0.505448 0.485532 0.464333 0.441999 0.4187 0.394622 0.369966 0.344946 0.319784 0.294703 0.269926 0.245669 0.222132 0.199501 0.177939 0.157583 0.138545 0.120903 0.104709 0.0899849 0.0767237 0.0648947 0.0544445 0.0453018 0.0373808 0.0305854 0.0248129 0.0199582 0.0159161 0.012585 0.00986874 0.00767815 0.00593272 0.00456113 0.00350178 0.0027029 0.00212253 0.0017283 0.00149753 
0.00160675 0.00167874 0.0019186 0.00234166 0.00297325 0.00384924 0.00501621 0.00653164 0.00846392 0.0108921 0.0139051 0.0176011 0.0220857 0.0274698 0.033867 0.0413906 0.0501496 0.0602444 0.0717631 0.0847765 0.099334 0.11546 0.133151 0.152372 0.173056 0.195105 0.218388 0.242747 0.267997 0.293931 0.320327 0.346952 0.373568 0.399937 0.425829 0.451023 0.475314 0.498517 0.520466 0.541017 0.560049 0.577462 0.593177 0.607132 0.619282 0.629595 0.638049 0.644631 0.649332 0.652149 0.653079 0.65212 0.649274 0.644542 0.637927 0.629437 0.619085 0.606893 0.592894 0.577133 0.559673 0.540594 0.519997 0.498007 0.474767 0.450445 0.42523 0.399327 0.372958 0.346354 0.319753 0.293392 0.267505 0.242312 0.218018 0.194805 0.17283 0.15222 0.133072 0.11545 0.0993874 0.0848855 0.0719191 0.0604379 0.0503709 0.0416303 0.034116 0.0277201 0.0223305 0.0178345 0.0141227 0.0110905 0.00864108 0.0066863 0.00514791 0.0039581 0.00305977 0.00240651 0.00196249 0.00170254 
0.00181501 0.00189608 0.00216525 0.00263945 0.00334662 0.00432629 0.00562967 0.00731983 0.00947158 0.0121711 0.0155151 0.0196099 0.024569 0.0305115 0.0375583 0.0458288 0.055437 0.0664866 0.0790665 0.0932459 0.10907 0.126557 0.145691 0.166427 0.188682 0.21234 0.237252 0.263239 0.290097 0.3176 0.345507 0.373568 0.401529 0.429142 0.456167 0.482378 0.507568 0.531551 0.554165 0.575273 0.594762 0.612542 0.628543 0.642717 0.655029 0.665459 0.673994 0.680629 0.685365 0.688201 0.689138 0.688177 0.685316 0.680554 0.673889 0.665321 0.654855 0.642501 0.628283 0.612233 0.594403 0.574862 0.553703 0.53104 0.507013 0.481785 0.455544 0.428499 0.400878 0.372921 0.344878 0.317002 0.289543 0.262739 0.236816 0.211976 0.188395 0.166219 0.145562 0.126502 0.109086 0.0933247 0.0791993 0.0666637 0.0556481 0.0460637 0.0378072 0.0307655 0.0248204 0.0198519 0.0157425 0.01238 0.00965917 0.00748444 0.00577047 0.00444311 0.00343976 0.00270943 0.00221272 0.0019219 
0.00203579 0.00212645 0.00242643 0.00295432 0.00374076 0.004829 0.006275 0.00814751 0.0105278 0.0135094 0.0171967 0.021704 0.027153 0.0336703 0.0413838 0.0504188 0.0608936 0.0729142 0.0865696 0.101926 0.119025 0.137874 0.158448 0.180687 0.204492 0.229729 0.25623 0.283795 0.3122 0.3412 0.370534 0.399937 0.429142 0.45789 0.485932 0.51304 0.539005 0.563644 0.586802 0.608347 0.628178 0.646215 0.662403 0.676703 0.689096 0.699571 0.708128 0.714771 0.719507 0.722342 0.723281 0.722324 0.71947 0.714712 0.708044 0.699458 0.688949 0.676517 0.662172 0.645935 0.627845 0.607959 0.586357 0.563144 0.538453 0.512441 0.485294 0.457223 0.428458 0.399249 0.369856 0.340547 0.311586 0.283233 0.25573 0.229301 0.204143 0.180421 0.158266 0.137773 0.119001 0.101972 0.0866764 0.0730721 0.0610919 0.0506466 0.0416305 0.0339262 0.0274094 0.0219534 0.0174331 0.013728 0.0107254 0.00832172 0.00642466 0.00495364 0.00384044 0.00302942 0.00247748 0.00215429 
0.00226749 0.00236816 0.0027002 0.0032839 0.00415265 0.00535347 0.00694713 0.00900809 0.0116242 0.0148962 0.0189362 0.0238663 0.0298161 0.0369195 0.045311 0.0551213 0.0664721 0.0794712 0.0942067 0.110742 0.12911 0.149311 0.171307 0.195023 0.220344 0.247117 0.275152 0.304231 0.334108 0.364519 0.395186 0.425829 0.456167 0.485932 0.514871 0.542751 0.569366 0.594537 0.618115 0.639979 0.660039 0.678228 0.694503 0.708842 0.721236 0.73169 0.740212 0.746819 0.751524 0.75434 0.755274 0.754329 0.751501 0.74678 0.740154 0.731606 0.721123 0.708691 0.694309 0.677984 0.659741 0.639622 0.617697 0.594057 0.568827 0.542156 0.514228 0.485251 0.455459 0.425108 0.394467 0.363817 0.333439 0.30361 0.274591 0.246627 0.219935 0.1947 0.171071 0.149162 0.129044 0.110752 0.0942851 0.0796076 0.0666553 0.0553398 0.0455536 0.0371756 0.0300761 0.0241219 0.0191805 0.0151238 0.0118311 0.00919147 0.00710536 0.00548573 0.00425874 0.00336404 0.00275479 0.00239801 
0.0025081 0.0026191 0.00298418 0.00362531 0.00457865 0.00589503 0.00764002 0.00989383 0.0127508 0.0163188 0.0207175 0.0260767 0.0325336 0.040229 0.0493035 0.0598925 0.0721208 0.0860967 0.101907 0.119609 0.139231 0.160762 0.18415 0.209305 0.236094 0.264345 0.293848 0.324364 0.355628 0.387355 0.419252 0.451023 0.482378 0.51304 0.542751 0.571279 0.598419 0.623999 0.647878 0.669947 0.690128 0.708368 0.72464 0.738934 0.751258 0.761628 0.770066 0.776596 0.781242 0.784021 0.784945 0.784017 0.781233 0.776578 0.770034 0.761577 0.751182 0.738824 0.724489 0.708168 0.689872 0.66963 0.647495 0.623549 0.597902 0.570698 0.542113 0.512353 0.481655 0.450277 0.418498 0.38661 0.35491 0.323689 0.29323 0.263797 0.235626 0.208925 0.183861 0.160564 0.139122 0.119583 0.101955 0.0862095 0.0722868 0.0600999 0.0495402 0.0404836 0.0327958 0.0263373 0.0209687 0.0165545 0.0129664 0.0100859 0.00780646 0.00603465 0.00469098 0.00371037 0.00304224 0.00265093 
0.00275524 0.00287681 0.00327555 0.00397516 0.00501453 0.00644829 0.00834679 0.0107959 0.0138964 0.017763 0.0225229 0.0283133 0.0352785 0.043566 0.0533218 0.0646854 0.0777838 0.0927254 0.109594 0.128444 0.149292 0.172117 0.196855 0.223398 0.251596 0.281256 0.31215 0.344016 0.37657 0.409511 0.442529 0.475314 0.507568 0.539005 0.569366 0.598419 0.625964 0.651836 0.675904 0.698072 0.718274 0.736474 0.752659 0.766835 0.779023 0.789254 0.797562 0.803981 0.808543 0.811271 0.81218 0.811275 0.808549 0.803986 0.79756 0.789239 0.778987 0.766769 0.752554 0.736322 0.718066 0.6978 0.675564 0.651423 0.625478 0.597861 0.568741 0.538322 0.506838 0.474552 0.441749 0.408732 0.37581 0.343291 0.311478 0.280652 0.251072 0.222962 0.196513 0.17187 0.149139 0.12838 0.109611 0.0928133 0.0779311 0.0648799 0.0535509 0.0438177 0.0355415 0.0285776 0.02278 0.018006 0.0141199 0.0109961 0.008521 0.00659495 0.00513287 0.00406498 0.00333699 0.00291057 
0.00300621 0.00313845 0.00357113 0.00432962 0.00545553 0.00700723 0.00905974 0.0117045 0.0150484 0.0192132 0.024333 0.0305522 0.0380217 0.0468951 0.0573235 0.0694498 0.0834026 0.0992896 0.117192 0.137156 0.159191 0.183265 0.209299 0.237169 0.266705 0.297696 0.329893 0.363015 0.39676 0.430807 0.464833 0.498517 0.531551 0.563644 0.594537 0.623999 0.651836 0.677891 0.702046 0.724216 0.744351 0.762429 0.778454 0.792448 0.804446 0.814492 0.822632 0.82891 0.833367 0.83603 0.836921 0.836042 0.833388 0.828938 0.82266 0.814513 0.804452 0.792429 0.7784 0.762329 0.744195 0.723996 0.701754 0.677522 0.651387 0.623471 0.593934 0.562974 0.530823 0.497746 0.464035 0.43 0.395963 0.362248 0.329173 0.29704 0.266127 0.23668 0.208906 0.182971 0.158995 0.137054 0.117176 0.0993515 0.0835301 0.0696303 0.0575439 0.0471426 0.0382843 0.0308192 0.0245951 0.0194627 0.0152793 0.0119122 0.00924125 0.00716055 0.0055796 0.00442401 0.00363582 0.00317409 
0.00325801 0.00340091 0.00386739 0.00468448 0.00589644 0.00756526 0.00977054 0.012609 0.0161938 0.0206529 0.0261273 0.032768 0.0407324 0.0501795 0.0612648 0.0741342 0.088917 0.10572 0.124619 0.145656 0.168831 0.194097 0.221363 0.250487 0.281282 0.313516 0.346923 0.381202 0.416031 0.451075 0.485998 0.520466 0.554165 0.586802 0.618115 0.647878 0.675904 0.702046 0.726196 0.748284 0.768275 0.786164 0.801969 0.815728 0.827491 0.837313 0.845255 0.85137 0.855705 0.858295 0.859163 0.858315 0.855742 0.851421 0.845314 0.837372 0.82754 0.815757 0.801967 0.786119 0.768175 0.748119 0.725957 0.701726 0.675499 0.647387 0.61754 0.58615 0.553446 0.519694 0.485188 0.450247 0.415204 0.380397 0.34616 0.312813 0.280654 0.249947 0.22092 0.193756 0.168592 0.145516 0.124572 0.105755 0.0890239 0.0742996 0.0614753 0.0504216 0.0409935 0.0330366 0.0263934 0.020908 0.0164312 0.0128237 0.00995883 0.00772484 0.00602592 0.00478321 0.00393519 0.00343835 
