0.0020898 0.00211155 0.00218289 0.00230458 0.00247757 0.00270316 0.00298299 0.00331897 0.00371326 0.00416818 0.0046862 0.00526981 0.00592152 0.00664371 0.00743862 0.0083082 0.00925407 0.0102774 0.011379 0.0125588 0.0138163 0.0151503 0.0165586 0.0180383 0.0195857 0.0211961 0.0228638 0.0245824 0.0263445 0.0281418 0.0299651 0.0318048 0.0336503 0.0354904 0.0373136 0.039108 0.0408613 0.0425612 0.0441956 0.0457522 0.0472192 0.0485854 0.0498399 0.0509726 0.0519745 0.0528374 0.0535539 0.0541183 0.0545257 0.0547728 0.0548574 0.0547789 0.054538 0.0541366 0.0535784 0.0528678 0.052011 0.0510151 0.0498882 0.0486395 0.047279 0.0458175 0.0442663 0.0426372 0.0409422 0.0391936 0.0374036 0.0355846 0.0337482 0.0319062 0.0300695 0.0282486 0.0264534 0.0246929 0.0229754 0.0213082 0.0196979 0.01815 0.0166692 0.0152594 0.0139234 0.0126634 0.0114805 0.0103756 0.00934833 0.00839822 0.00752405 0.00672424 0.00599685 0.00533971 0.00475045 0.00422661 0.0037657 0.00336531 0.00302312 0.00273702 0.0025051 0.00232575 0.00219768 0.0021201 
0.00211155 0.00213354 0.00220565 0.00232861 0.00250341 0.00273136 0.0030141 0.00335356 0.00375192 0.00421153 0.00473486 0.00532444 0.00598279 0.00671231 0.00751525 0.00839358 0.00934892 0.0103825 0.011495 0.0126864 0.0139563 0.0153033 0.0167252 0.0182193 0.0197816 0.0214073 0.0230909 0.0248258 0.0266044 0.0284185 0.0302588 0.0321155 0.0339779 0.0358348 0.0376746 0.0394853 0.0412544 0.0429696 0.0446185 0.046189 0.047669 0.0490472 0.0503127 0.0514554 0.0524661 0.0533364 0.0540592 0.0546284 0.0550394 0.0552885 0.0553739 0.0552946 0.0550515 0.0546466 0.0540834 0.0533667 0.0525023 0.0514976 0.0503607 0.049101 0.0477284 0.0462539 0.0446889 0.0430451 0.0413349 0.0395705 0.0377643 0.0359287 0.0340755 0.0322165 0.0303629 0.0285251 0.0267131 0.0249361 0.0232024 0.0215194 0.0198937 0.018331 0.016836 0.0154125 0.0140635 0.0127911 0.0115967 0.0104808 0.00944339 0.00848382 0.00760091 0.00679307 0.00605836 0.00539458 0.00479934 0.00427017 0.00380457 0.00340008 0.0030544 0.00276536 0.00253106 0.00234988 0.00222051 0.00214214 
0.00218289 0.00220565 0.00228011 0.00240704 0.00258743 0.00282264 0.00311435 0.00346454 0.00387542 0.00434941 0.00488902 0.00549685 0.00617546 0.0069273 0.00775464 0.0086595 0.00964352 0.0107079 0.0118533 0.0130798 0.0143867 0.0157728 0.0172357 0.0187725 0.0203791 0.0220507 0.0237814 0.0255645 0.0273922 0.0292561 0.0311465 0.0330535 0.034966 0.0368726 0.0387613 0.0406197 0.0424353 0.0441953 0.0458871 0.0474982 0.0490163 0.0504299 0.0517277 0.0528995 0.0539358 0.0548281 0.0555691 0.0561526 0.0565738 0.0568291 0.0569164 0.056835 0.0565856 0.0561704 0.0555927 0.0548576 0.0539712 0.0529407 0.0517747 0.0504826 0.0490746 0.047562 0.0459562 0.0442696 0.0425146 0.0407037 0.0388498 0.0369653 0.0350625 0.0331535 0.0312497 0.0293619 0.0275003 0.0256743 0.0238924 0.0221624 0.020491 0.0188841 0.0173464 0.0158821 0.0144942 0.0131848 0.0119554 0.0108067 0.00973851 0.00875031 0.00784091 0.00700868 0.00625167 0.00556763 0.00495413 0.00440865 0.00392864 0.00351159 0.00315512 0.00285706 0.00261543 0.00242858 0.00229517 0.00221437 
0.00230458 0.00232861 0.00240704 0.00254065 0.00273046 0.0029779 0.00328471 0.00365293 0.00408487 0.00458303 0.00515 0.00578847 0.00650108 0.00729035 0.00815863 0.00910795 0.01014 0.0112559 0.0124565 0.0137415 0.0151105 0.0165618 0.0180931 0.0197011 0.0213817 0.0231297 0.024939 0.0268024 0.028712 0.0306586 0.0326325 0.0346231 0.0366189 0.038608 0.0405779 0.0425158 0.0444086 0.0462431 0.0480061 0.0496846 0.051266 0.0527381 0.0540896 0.0553096 0.0563884 0.0573171 0.0580883 0.0586954 0.0591336 0.0593991 0.0594898 0.0594048 0.059145 0.0587125 0.058111 0.0573455 0.0564224 0.0553493 0.0541349 0.052789 0.0513223 0.0497463 0.0480731 0.0463153 0.0444858 0.0425978 0.0406644 0.0386987 0.0367136 0.0347214 0.0327341 0.030763 0.0288188 0.0269112 0.0250492 0.0232408 0.0214932 0.0198124 0.0182037 0.0166712 0.0152182 0.013847 0.0125591 0.0113554 0.0102358 0.00919965 0.00824585 0.00737274 0.00657832 0.00586028 0.00521612 0.00464325 0.00413901 0.00370083 0.00332625 0.00301299 0.00275903 0.00256264 0.00242243 0.00233755 
0.00247757 0.00250341 0.00258743 0.00273046 0.00293359 0.00319829 0.0035264 0.00392007 0.00438171 0.00491394 0.00551949 0.00620114 0.00696165 0.00780365 0.00872954 0.00974143 0.010841 0.0120295 0.0133075 0.0146749 0.0161309 0.0176739 0.0193011 0.0210092 0.0227937 0.0246488 0.0265683 0.0285443 0.0305684 0.0326311 0.0347219 0.0368294 0.0389418 0.0410464 0.04313 0.045179 0.0471798 0.0491183 0.0509807 0.0527535 0.0544232 0.0559773 0.0574037 0.058691 0.0598291 0.0608088 0.061622 0.0622622 0.0627241 0.0630038 0.0630991 0.0630092 0.0627348 0.0622783 0.0616434 0.0608355 0.0598612 0.0587285 0.0574466 0.0560256 0.0544768 0.0528123 0.0510448 0.0491874 0.0472539 0.045258 0.0432135 0.0411343 0.0390339 0.0369253 0.0348211 0.0327334 0.0306734 0.0286514 0.0266771 0.0247589 0.0229043 0.0211201 0.0194115 0.0177833 0.0162389 0.0147809 0.0134109 0.0121299 0.0109379 0.00983431 0.00881803 0.00788738 0.00704027 0.00627434 0.00558698 0.00497549 0.00443711 0.00396914 0.003569 0.0032343 0.00296293 0.00275308 0.00260327 0.00251263 
0.00270316 0.00273136 0.00282264 0.0029779 0.00319829 0.00348537 0.0038411 0.00426776 0.0047679 0.00534429 0.0059998 0.00673737 0.00755989 0.00847012 0.00947055 0.0105634 0.0117503 0.0130326 0.0144106 0.0158844 0.0174528 0.019114 0.0208651 0.0227023 0.0246205 0.0266139 0.0286752 0.0307964 0.0329681 0.0351801 0.0374212 0.0396793 0.0419417 0.0441947 0.0464244 0.0486163 0.0507557 0.0528279 0.0548181 0.0567119 0.0584951 0.0601544 0.0616768 0.0630506 0.0642648 0.0653098 0.066177 0.0668596 0.0673519 0.0676499 0.0677511 0.0676548 0.0673617 0.0668743 0.0661967 0.0653344 0.0642944 0.0630852 0.0617165 0.0601992 0.0585451 0.0567669 0.0548783 0.0528931 0.0508259 0.0486913 0.0465041 0.0442789 0.0420301 0.0397718 0.0375173 0.0352795 0.0330705 0.0309013 0.0287822 0.0267224 0.0247301 0.0228123 0.0209751 0.0192234 0.017561 0.0159909 0.0145148 0.0131339 0.0118484 0.0106576 0.00956058 0.00855548 0.0076402 0.00681228 0.00606899 0.00540748 0.00482487 0.00431829 0.00388502 0.00352255 0.00322861 0.00300129 0.00283905 0.00274094 
0.00298299 0.0030141 0.00311435 0.00328471 0.0035264 0.0038411 0.00423091 0.00469826 0.00524587 0.00587668 0.00659376 0.00740023 0.00829913 0.00929337 0.0103856 0.011578 0.0128723 0.0142698 0.015771 0.0173754 0.0190819 0.0208883 0.0227914 0.0247869 0.0268692 0.029032 0.0312672 0.0335661 0.0359185 0.0383133 0.0407385 0.0431809 0.0456266 0.0480612 0.0504695 0.0528359 0.0551448 0.0573802 0.0595264 0.0615679 0.0634896 0.0652772 0.0669169 0.0683961 0.0697031 0.0708277 0.0717609 0.0724951 0.0730245 0.0733447 0.0734532 0.073349 0.0730331 0.0725082 0.0717783 0.0708497 0.0697296 0.0684272 0.0669527 0.0653177 0.063535 0.0616182 0.0595816 0.0574404 0.0552099 0.0529059 0.0505442 0.0481406 0.0457105 0.043269 0.0408306 0.0384091 0.0360176 0.0336681 0.0313717 0.0291384 0.0269772 0.0248957 0.0229006 0.0209973 0.0191901 0.0174823 0.0158759 0.0143723 0.0129717 0.0116738 0.0104773 0.0093806 0.00838139 0.00747712 0.00666493 0.00594181 0.00530467 0.0047505 0.00427639 0.00387964 0.00355788 0.00330903 0.00313144 0.00302412 
0.00331897 0.00335356 0.00346454 0.00365293 0.00392007 0.00426776 0.00469826 0.00521417 0.00581843 0.00651418 0.0073047 0.00819332 0.00918326 0.0102776 0.0114791 0.01279 0.0142122 0.0157469 0.0173943 0.019154 0.0210246 0.0230035 0.025087 0.0272704 0.0295475 0.031911 0.0343524 0.0368619 0.0394283 0.0420397 0.0446826 0.0473429 0.0500056 0.0526548 0.0552741 0.0578468 0.0603558 0.062784 0.0651143 0.0673301 0.0694153 0.0713542 0.0731322 0.0747357 0.0761522 0.0773707 0.0783815 0.0791766 0.0797497 0.0800961 0.080213 0.0800997 0.079757 0.0791876 0.0783963 0.0773894 0.0761749 0.0747625 0.0731632 0.0713896 0.0694552 0.0673747 0.0651636 0.062838 0.0604147 0.0579106 0.0553428 0.0527283 0.0500838 0.0474257 0.0447697 0.0421308 0.0395232 0.0369601 0.0344536 0.0320147 0.0296532 0.0273775 0.0251951 0.0231118 0.0211327 0.0192612 0.0174999 0.0158504 0.014313 0.0128875 0.0115727 0.0103668 0.00926765 0.00827241 0.00737808 0.00658147 0.00587931 0.00526835 0.00474549 0.00430786 0.00395286 0.00367831 0.00348241 0.00336408 
0.00371326 0.00375192 0.00387542 0.00408487 0.00438171 0.0047679 0.00524587 0.00581843 0.00648874 0.00726019 0.00813629 0.00912059 0.0102165 0.0114274 0.012756 0.0142048 0.0157757 0.0174697 0.0192871 0.0212271 0.0232881 0.025467 0.0277598 0.0301609 0.0326635 0.0352596 0.0379396 0.0406927 0.0435067 0.0463682 0.0492628 0.0521749 0.0550879 0.0579848 0.0608476 0.0636581 0.0663978 0.0690481 0.0715906 0.0740072 0.0762805 0.0783936 0.0803308 0.0820773 0.0836198 0.0849462 0.0860463 0.0869114 0.0875347 0.0879112 0.088038 0.087914 0.0875404 0.0869201 0.086058 0.0849611 0.083638 0.082099 0.0803562 0.0784229 0.0763139 0.0740449 0.0716328 0.0690949 0.0664494 0.0637146 0.0609091 0.0580512 0.0551593 0.0522511 0.0493437 0.0464536 0.0435963 0.0407863 0.0380367 0.0353598 0.0327663 0.0302657 0.0278661 0.0255743 0.0233956 0.0213343 0.0193932 0.0175741 0.0158778 0.0143039 0.0128515 0.0115187 0.0103032 0.00920203 0.00821204 0.00732982 0.00655188 0.00587473 0.00529504 0.00480971 0.00441596 0.00411142 0.00389416 0.00376301 
0.00416818 0.00421153 0.00434941 0.00458303 0.00491394 0.00534429 0.00587668 0.00651418 0.00726019 0.00811836 0.00909246 0.0101863 0.0114036 0.0127477 0.0142216 0.015828 0.0175687 0.0194446 0.021456 0.0236017 0.0258797 0.0282866 0.0308176 0.0334666 0.0362259 0.0390865 0.0420377 0.0450675 0.0481626 0.0513082 0.0544882 0.0576858 0.0608827 0.0640602 0.0671987 0.0702785 0.0732792 0.0761808 0.0789632 0.0816069 0.0840927 0.0864027 0.0885197 0.0904277 0.0921123 0.0935607 0.0947615 0.0957056 0.0963856 0.0967961 0.0969339 0.096798 0.0963894 0.0957116 0.0947696 0.0935711 0.0921253 0.0904435 0.0885385 0.0864249 0.0841185 0.0816366 0.0789971 0.0762191 0.0733222 0.0703263 0.0672516 0.0641182 0.0609459 0.0577542 0.0545618 0.0513867 0.0482459 0.0451554 0.0421297 0.0391822 0.036325 0.0335684 0.0309216 0.0283921 0.0259862 0.0237084 0.0215622 0.0195497 0.0176719 0.0159286 0.014319 0.0128411 0.0114925 0.0102702 0.00917068 0.00819045 0.00732571 0.00657273 0.00592792 0.00538793 0.00494976 0.00461084 0.00436908 0.00422323 
0.0046862 0.00473486 0.00488902 0.00515 0.00551949 0.0059998 0.00659376 0.0073047 0.00813629 0.00909246 0.0101773 0.0113948 0.012749 0.0142434 0.0158814 0.0176654 0.0195973 0.0216781 0.0239077 0.0262848 0.0288068 0.0314699 0.0342685 0.0371957 0.0402429 0.0434 0.0466551 0.049995 0.0534047 0.056868 0.0603674 0.063884 0.067398 0.0708888 0.0743352 0.0777153 0.0810072 0.0841889 0.0872387 0.0901352 0.0928578 0.0953869 0.0977039 0.0997916 0.101634 0.103218 0.104531 0.105563 0.106306 0.106754 0.106904 0.106755 0.106308 0.105566 0.104535 0.103224 0.101642 0.0998007 0.0977153 0.095401 0.0928749 0.0901557 0.087263 0.0842175 0.0810403 0.0777532 0.0743781 0.0709371 0.0674517 0.0639432 0.0604322 0.0569384 0.0534804 0.0500759 0.0467409 0.0434902 0.0403372 0.0372935 0.0343693 0.031573 0.0289116 0.0263904 0.0240135 0.0217834 0.0197013 0.0177672 0.0159804 0.0143389 0.0128402 0.0114811 0.010258 0.00916706 0.00820427 0.00736559 0.00664716 0.00604537 0.00555696 0.00517915 0.0049097 0.00474723 
0.00526981 0.00532444 0.00549685 0.00578847 0.00620114 0.00673737 0.00740023 0.00819332 0.00912059 0.0101863 0.0113948 0.0127505 0.0142575 0.0159197 0.0177404 0.0197224 0.0218674 0.0241763 0.0266487 0.0292831 0.0320764 0.035024 0.0381197 0.0413556 0.0447221 0.0482078 0.0517996 0.0554826 0.0592405 0.0630552 0.0669074 0.0707764 0.0746405 0.0784771 0.0822629 0.0859742 0.0895869 0.0930771 0.0964212 0.0995959 0.102579 0.105349 0.107886 0.110171 0.112188 0.113921 0.115356 0.116485 0.117297 0.117787 0.11795 0.117786 0.117296 0.116484 0.115356 0.11392 0.112188 0.110173 0.107889 0.105354 0.102586 0.0996061 0.0964347 0.0930945 0.0896086 0.0860006 0.0822945 0.0785141 0.0746832 0.070825 0.066962 0.0631159 0.0593072 0.0555552 0.0518778 0.0482914 0.0448106 0.0414485 0.0382164 0.0351238 0.0321787 0.0293871 0.0267537 0.0242813 0.0219717 0.0198252 0.0178409 0.0160169 0.0143508 0.012839 0.011478 0.0102634 0.00919103 0.00825657 0.00745583 0.00678491 0.00624031 0.00581901 0.00551857 0.00533751 
0.00592152 0.00598279 0.00617546 0.00650108 0.00696165 0.00755989 0.00829913 0.00918326 0.0102165 0.0114036 0.012749 0.0142575 0.0159335 0.0177811 0.0198038 0.0220043 0.0243845 0.0269449 0.0296851 0.0326029 0.0356948 0.0389555 0.0423778 0.045953 0.0496701 0.0535164 0.0574774 0.0615366 0.0656759 0.0698753 0.0741135 0.0783679 0.0826147 0.086829 0.0909854 0.0950579 0.0990205 0.102847 0.106512 0.109989 0.113256 0.116288 0.119065 0.121565 0.12377 0.125665 0.127234 0.128468 0.129355 0.129889 0.130068 0.129888 0.129352 0.128463 0.127229 0.125658 0.123763 0.121558 0.119058 0.116283 0.113252 0.109988 0.106513 0.102852 0.0990293 0.0950713 0.0910039 0.0868531 0.0826447 0.0784043 0.0741564 0.0699248 0.0657321 0.0615995 0.0575467 0.0535919 0.0497514 0.0460396 0.0424692 0.039051 0.0357937 0.0327044 0.0297884 0.0270491 0.0244887 0.0221076 0.0199053 0.0178799 0.0160286 0.0143482 0.0128344 0.0114831 0.0102894 0.00924885 0.00835693 0.00760942 0.00700254 0.00653303 0.00619825 0.00599658 
0.00664371 0.00671231 0.0069273 0.00729035 0.00780365 0.00847012 0.00929337 0.0102776 0.0114274 0.0127477 0.0142434 0.0159197 0.0177811 0.019832 0.022076 0.0245159 0.0271534 0.029989 0.0330218 0.0362493 0.0396672 0.0432695 0.047048 0.0509928 0.0550917 0.0593305 0.0636931 0.0681611 0.0727145 0.0773315 0.0819885 0.0866607 0.091322 0.0959452 0.100503 0.104966 0.109307 0.113496 0.117508 0.121312 0.124885 0.1282 0.131234 0.133966 0.136375 0.138444 0.140157 0.141503 0.142471 0.143054 0.143248 0.143051 0.142465 0.141494 0.140146 0.13843 0.13636 0.133949 0.131217 0.128183 0.124869 0.121298 0.117495 0.113487 0.109301 0.104965 0.100507 0.0959549 0.0913378 0.0866832 0.082018 0.0773682 0.0727586 0.0682126 0.0637519 0.0593965 0.0551645 0.0510719 0.0471329 0.0433595 0.0397617 0.0363474 0.0331226 0.0300916 0.0272568 0.0246191 0.022178 0.0199318 0.0178778 0.0160122 0.014331 0.0128294 0.0115025 0.0103454 0.0093533 0.0085216 0.00784624 0.00732371 0.00695117 0.00672685 
0.00743862 0.00751525 0.00775464 0.00815863 0.00872954 0.00947055 0.0103856 0.0114791 0.012756 0.0142216 0.0158814 0.0177404 0.0198038 0.022076 0.0245608 0.027261 0.0301782 0.0333126 0.036663 0.0402263 0.0439975 0.0479697 0.0521338 0.0564783 0.0609899 0.0656527 0.0704486 0.0753576 0.0803574 0.0854242 0.0905319 0.0956535 0.10076 0.105823 0.110811 0.115694 0.12044 0.125019 0.129401 0.133556 0.137456 0.141074 0.144384 0.147363 0.149989 0.152244 0.154112 0.155578 0.156633 0.157268 0.157478 0.157263 0.156624 0.155565 0.154095 0.152224 0.149965 0.147336 0.144356 0.141045 0.137427 0.133528 0.129374 0.124995 0.120419 0.115676 0.110799 0.105816 0.10076 0.0956604 0.0905463 0.0854464 0.0803878 0.0753961 0.0704954 0.0657076 0.0610527 0.0565486 0.0522109 0.0480531 0.0440864 0.0403199 0.0367603 0.0334127 0.0302799 0.0273634 0.0246628 0.0221764 0.0199015 0.0178345 0.0159707 0.0143054 0.0128332 0.011549 0.0104475 0.00952391 0.00877379 0.00819337 0.00777959 0.00753055 
0.0083082 0.00839358 0.0086595 0.00910795 0.00974143 0.0105634 0.011578 0.01279 0.0142048 0.015828 0.0176654 0.0197224 0.0220043 0.0245159 0.027261 0.0302423 0.0334614 0.0369182 0.040611 0.0445361 0.0486878 0.053058 0.0576365 0.0624106 0.0673652 0.0724827 0.0777432 0.0831245 0.0886023 0.0941501 0.0997397 0.105341 0.110924 0.116455 0.121902 0.127231 0.132409 0.137403 0.14218 0.146707 0.150955 0.154894 0.158497 0.161738 0.164595 0.167048 0.169079 0.170673 0.171819 0.172508 0.172737 0.172502 0.171806 0.170654 0.169055 0.167019 0.164562 0.161701 0.158456 0.154851 0.150911 0.146663 0.142136 0.137362 0.132371 0.127197 0.121872 0.116431 0.110906 0.105331 0.0997372 0.094156 0.088617 0.0831484 0.0777762 0.0725249 0.0674163 0.0624704 0.0577044 0.0531333 0.0487698 0.044624 0.0407038 0.0370148 0.0335607 0.0303431 0.0273621 0.0246162 0.0221026 0.0198175 0.0177561 0.0159135 0.0142839 0.0128619 0.0116418 0.0106185 0.00978726 0.00914403 0.00868549 0.00840964 
0.00925407 0.00934892 0.00964352 0.01014 0.010841 0.0117503 0.0128723 0.0142122 0.0157757 0.0175687 0.0195973 0.0218674 0.0243845 0.0271534 0.0301782 0.0334614 0.0370045 0.040807 0.0448667 0.0491793 0.053738 0.0585338 0.0635551 0.0687878 0.074215 0.0798173 0.0855727 0.0914568 0.0974429 0.103502 0.109603 0.115714 0.121801 0.127829 0.133762 0.139564 0.145199 0.150631 0.155824 0.160745 0.165359 0.169637 0.173549 0.177067 0.180167 0.182828 0.18503 0.186759 0.188001 0.188748 0.188995 0.18874 0.187985 0.186735 0.184999 0.18279 0.180124 0.177018 0.173495 0.16958 0.1653 0.160684 0.155763 0.150571 0.145142 0.13951 0.133713 0.127785 0.121764 0.115685 0.109582 0.10349 0.0974403 0.0914642 0.0855903 0.0798451 0.0742529 0.0688355 0.0636122 0.0585996 0.0538118 0.0492602 0.0449537 0.040899 0.0371003 0.0335597 0.0302777 0.027253 0.0244827 0.021963 0.019689 0.0176554 0.0158563 0.0142857 0.0129378 0.011807 0.0108883 0.0101773 0.00967051 0.00936573 
0.0102774 0.0103825 0.0107079 0.0112559 0.0120295 0.0130326 0.0142698 0.0157469 0.0174697 0.0194446 0.0216781 0.0241763 0.0269449 0.029989 0.0333126 0.0369182 0.040807 0.0449782 0.0494289 0.0541539 0.0591458 0.064394 0.0698858 0.0756052 0.0815337 0.0876498 0.0939293 0.100345 0.106869 0.113468 0.12011 0.126758 0.133377 0.139928 0.146373 0.152672 0.158787 0.164679 0.170309 0.175642 0.180642 0.185275 0.18951 0.193318 0.196672 0.199551 0.201933 0.203802 0.205145 0.205952 0.206219 0.205942 0.205125 0.203773 0.201894 0.199504 0.196618 0.193256 0.189443 0.185203 0.180566 0.175564 0.17023 0.164599 0.158709 0.152597 0.146302 0.139863 0.133319 0.126708 0.120068 0.113436 0.106847 0.100335 0.0939295 0.0876614 0.0815566 0.0756392 0.0699304 0.0644488 0.0592098 0.0542265 0.0495088 0.0450644 0.0408982 0.0370131 0.0334097 0.030087 0.0270423 0.0242717 0.0217702 0.0195322 0.0175514 0.0158217 0.0143367 0.0130907 0.0120781 0.0112944 0.0107358 0.0104 
0.011379 0.011495 0.0118533 0.0124565 0.0133075 0.0144106 0.015771 0.0173943 0.0192871 0.021456 0.0239077 0.0266487 0.0296851 0.0330218 0.036663 0.040611 0.0448667 0.0494289 0.0542939 0.0594559 0.064906 0.0706327 0.0766214 0.0828547 0.089312 0.0959696 0.102801 0.109777 0.116865 0.124032 0.131241 0.138453 0.145629 0.152728 0.159708 0.166527 0.173143 0.179515 0.185603 0.191366 0.196767 0.20177 0.206341 0.210451 0.21407 0.217175 0.219743 0.221759 0.223206 0.224076 0.224363 0.224065 0.223183 0.221724 0.219697 0.217118 0.214004 0.210376 0.206259 0.201681 0.196673 0.191269 0.185504 0.179416 0.173044 0.16643 0.159615 0.15264 0.145548 0.13838 0.131177 0.123978 0.116823 0.109746 0.102782 0.0959631 0.089318 0.0828732 0.076652 0.0706747 0.0649588 0.0595186 0.0543655 0.049508 0.0449521 0.0407013 0.0367566 0.0331173 0.0297809 0.0267433 0.0239996 0.0215438 0.0193695 0.0174701 0.015839 0.0144699 0.0133572 0.0124959 0.0118821 0.0115132 
0.0125588 0.0126864 0.0130798 0.0137415 0.0146749 0.0158844 0.0173754 0.019154 0.0212271 0.0236017 0.0262848 0.0292831 0.0326029 0.0362493 0.0402263 0.0445361 0.0491793 0.0541539 0.0594559 0.065078 0.0710106 0.0772405 0.0837516 0.0905245 0.0975365 0.104762 0.112171 0.119733 0.127412 0.135172 0.142973 0.150773 0.158529 0.166198 0.173736 0.181095 0.188233 0.195104 0.201665 0.207874 0.21369 0.219077 0.223997 0.228418 0.232311 0.23565 0.238412 0.240578 0.242134 0.243068 0.243376 0.243054 0.242106 0.240537 0.238358 0.235584 0.232234 0.22833 0.2239 0.218972 0.213579 0.207757 0.201545 0.194982 0.188111 0.180975 0.173619 0.166087 0.158424 0.150675 0.142885 0.135095 0.127347 0.11968 0.112131 0.104736 0.097524 0.0905257 0.0837663 0.0772682 0.0710506 0.0651294 0.0595175 0.0542247 0.0492577 0.0446207 0.0403154 0.0363414 0.0326963 0.0293762 0.0263759 0.0236893 0.0213097 0.0192303 0.0174441 0.0159445 0.0147255 0.0137819 0.0131093 0.0127053 
0.0138163 0.0139563 0.0143867 0.0151105 0.0161309 0.0174528 0.0190819 0.0210246 0.0232881 0.0258797 0.0288068 0.0320764 0.0356948 0.0396672 0.0439975 0.0486878 0.053738 0.0591458 0.064906 0.0710106 0.0774484 0.0842049 0.0912622 0.0985988 0.10619 0.114007 0.122019 0.130191 0.138485 0.146861 0.155276 0.163686 0.172044 0.180304 0.188418 0.196337 0.204013 0.211399 0.218449 0.225117 0.231362 0.237143 0.242422 0.247164 0.251339 0.254918 0.257878 0.260199 0.261866 0.262868 0.263197 0.262851 0.261834 0.260152 0.257816 0.254842 0.251249 0.247062 0.242309 0.237021 0.231232 0.224981 0.218307 0.211255 0.203868 0.196192 0.188276 0.180167 0.171914 0.163563 0.155163 0.146758 0.138395 0.130114 0.121957 0.113959 0.106157 0.0985811 0.0912594 0.0842166 0.077474 0.0710491 0.0649563 0.0592067 0.0538081 0.0487654 0.044081 0.0397549 0.0357848 0.0321671 0.0288963 0.0259664 0.0233704 0.021101 0.019151 0.0175135 0.0161822 0.0151515 0.014417 0.0139758 
0.0151503 0.0153033 0.0157728 0.0165618 0.0176739 0.019114 0.0208883 0.0230035 0.025467 0.0282866 0.0314699 0.035024 0.0389555 0.0432695 0.0479697 0.053058 0.0585338 0.064394 0.0706327 0.0772405 0.0842049 0.0915098 0.0991353 0.107058 0.115251 0.123682 0.132319 0.141122 0.150052 0.159065 0.168115 0.177155 0.186134 0.195003 0.20371 0.212204 0.220433 0.228348 0.2359 0.24304 0.249724 0.255908 0.261555 0.266625 0.271088 0.274913 0.278076 0.280555 0.282335 0.283405 0.283756 0.283386 0.282299 0.280502 0.278005 0.274826 0.270986 0.266509 0.261426 0.255768 0.249574 0.242882 0.235736 0.22818 0.220263 0.212034 0.203542 0.194839 0.185976 0.177005 0.167975 0.158936 0.149936 0.14102 0.132232 0.123611 0.115196 0.10702 0.0991134 0.0915039 0.0842145 0.0772646 0.0706703 0.0644438 0.0585943 0.0531275 0.0480465 0.0433517 0.0390412 0.0351114 0.0315571 0.0283717 0.0255484 0.0230794 0.0209574 0.019175 0.0177255 0.0166033 0.0158035 0.0153233 
0.0165586 0.0167252 0.0172357 0.0180931 0.0193011 0.0208651 0.0227914 0.025087 0.0277598 0.0308176 0.0342685 0.0381197 0.0423778 0.047048 0.0521338 0.0576365 0.0635551 0.0698858 0.0766214 0.0837516 0.0912622 0.0991353 0.107349 0.115878 0.124692 0.133758 0.143039 0.152494 0.162079 0.171747 0.18145 0.191136 0.200752 0.210245 0.21956 0.228642 0.237437 0.245892 0.253956 0.261577 0.268708 0.275305 0.281325 0.286729 0.291485 0.29556 0.298928 0.301569 0.303464 0.304602 0.304976 0.304582 0.303424 0.301509 0.298849 0.295462 0.29137 0.286599 0.281179 0.275146 0.268538 0.261398 0.253769 0.2457 0.237242 0.228446 0.219365 0.210053 0.200566 0.190958 0.181281 0.17159 0.161935 0.152365 0.142926 0.133662 0.124614 0.115817 0.107306 0.0991102 0.0912542 0.0837598 0.0766448 0.069923 0.0636047 0.0576966 0.0522027 0.0471237 0.0424583 0.038203 0.0343525 0.0309005 0.0278396 0.025162 0.02286 0.0209259 0.0193529 0.0181349 0.0172669 0.0167458 
0.0180383 0.0182193 0.0187725 0.0197011 0.0210092 0.0227023 0.0247869 0.0272704 0.0301609 0.0334666 0.0371957 0.0413556 0.045953 0.0509928 0.0564783 0.0624106 0.0687878 0.0756052 0.0828547 0.0905245 0.0985988 0.107058 0.115878 0.125031 0.134484 0.144202 0.154144 0.164267 0.174523 0.184862 0.195232 0.205579 0.215845 0.225974 0.235909 0.24559 0.254961 0.263965 0.272548 0.280657 0.288242 0.295256 0.301654 0.307397 0.312449 0.316776 0.320353 0.323156 0.325168 0.326376 0.326772 0.326354 0.325124 0.32309 0.320266 0.316669 0.312322 0.307252 0.301493 0.295079 0.288053 0.280456 0.272338 0.263748 0.25474 0.245367 0.235686 0.225754 0.21563 0.205372 0.195035 0.184676 0.174351 0.16411 0.154004 0.14408 0.134381 0.124947 0.115813 0.107012 0.0985717 0.0905154 0.0828625 0.0756286 0.0688251 0.0624601 0.0565382 0.0510609 0.0460272 0.0414339 0.0372758 0.0335465 0.0302385 0.0273438 0.0248545 0.0227626 0.0210608 0.019743 0.0188039 0.0182403 
0.0195857 0.0197816 0.0203791 0.0213817 0.0227937 0.0246205 0.0268692 0.0295475 0.0326635 0.0362259 0.0402429 0.0447221 0.0496701 0.0550917 0.0609899 0.0673652 0.074215 0.0815337 0.089312 0.0975365 0.10619 0.115251 0.124692 0.134484 0.144592 0.154977 0.165595 0.176399 0.187339 0.198362 0.209411 0.220429 0.231356 0.24213 0.252692 0.26298 0.272933 0.282493 0.291601 0.300203 0.308245 0.315679 0.322459 0.328542 0.333892 0.338474 0.34226 0.345227 0.347355 0.348633 0.349052 0.348609 0.347307 0.345154 0.342164 0.338356 0.333753 0.328383 0.322281 0.315485 0.308036 0.29998 0.291368 0.282252 0.272686 0.26273 0.252441 0.241881 0.231111 0.220192 0.209183 0.198146 0.187137 0.176213 0.165426 0.154827 0.144462 0.134375 0.124604 0.115183 0.106142 0.0975086 0.0893027 0.0815418 0.0742388 0.0674029 0.0610396 0.0551512 0.0497371 0.0447945 0.0403183 0.0363021 0.0327383 0.0296189 0.0269354 0.0246799 0.0228448 0.0214235 0.0204106 0.0198029 
0.0211961 0.0214073 0.0220507 0.0231297 0.0246488 0.0266139 0.029032 0.031911 0.0352596 0.0390865 0.0434 0.0482078 0.0535164 0.0593305 0.0656527 0.0724827 0.0798173 0.0876498 0.0959696 0.104762 0.114007 0.123682 0.133758 0.144202 0.154977 0.166039 0.177344 0.18884 0.200475 0.21219 0.223927 0.235625 0.247219 0.258645 0.26984 0.280739 0.291279 0.301397 0.311033 0.320129 0.328631 0.336486 0.343648 0.350072 0.35572 0.360556 0.364552 0.367682 0.369927 0.371275 0.371716 0.371249 0.369875 0.367603 0.364448 0.360428 0.355569 0.349899 0.343455 0.336274 0.328402 0.319886 0.310777 0.301131 0.291006 0.280462 0.269561 0.258367 0.246944 0.235357 0.223669 0.211944 0.200242 0.188624 0.177146 0.165861 0.154819 0.144067 0.133645 0.123591 0.113938 0.104714 0.0959421 0.0876414 0.0798264 0.0725074 0.065691 0.0593803 0.0535753 0.0482734 0.0434698 0.0391582 0.0353309 0.0319798 0.0290962 0.0266719 0.0246991 0.0231711 0.0220821 0.0214289 
0.0228638 0.0230909 0.0237814 0.024939 0.0265683 0.0286752 0.0312672 0.0343524 0.0379396 0.0420377 0.0466551 0.0517996 0.0574774 0.0636931 0.0704486 0.0777432 0.0855727 0.0939293 0.102801 0.112171 0.122019 0.132319 0.143039 0.154144 0.165595 0.177344 0.189344 0.20154 0.213875 0.226289 0.238719 0.2511 0.263365 0.275447 0.287277 0.298789 0.309916 0.320593 0.330756 0.340347 0.349307 0.357583 0.365125 0.371889 0.377833 0.382923 0.387126 0.390419 0.392781 0.394198 0.394662 0.394169 0.392724 0.390334 0.387015 0.382785 0.377671 0.371702 0.364916 0.357353 0.349059 0.340082 0.330478 0.320303 0.309617 0.298485 0.28697 0.275139 0.263061 0.250802 0.23843 0.226011 0.213611 0.201293 0.189115 0.177136 0.165408 0.153981 0.142899 0.132203 0.121927 0.112102 0.102754 0.0939033 0.085566 0.0777539 0.0704747 0.0637322 0.0575272 0.0518574 0.0467186 0.0421042 0.0380068 0.034418 0.0313291 0.0287316 0.0266174 0.0249797 0.0238126 0.0231127 
0.0245824 0.0248258 0.0255645 0.0268024 0.0285443 0.0307964 0.0335661 0.0368619 0.0406927 0.0450675 0.049995 0.0554826 0.0615366 0.0681611 0.0753576 0.0831245 0.0914568 0.100345 0.109777 0.119733 0.130191 0.141122 0.152494 0.164267 0.176399 0.18884 0.20154 0.214439 0.227479 0.240595 0.253719 0.266785 0.279722 0.292458 0.304923 0.317046 0.328758 0.339991 0.350679 0.360761 0.370176 0.378869 0.386789 0.393889 0.400127 0.405467 0.409877 0.41333 0.415807 0.417293 0.417779 0.417262 0.415747 0.41324 0.409758 0.40532 0.399954 0.39369 0.386565 0.378623 0.369909 0.360476 0.350379 0.339677 0.328434 0.316715 0.304587 0.292121 0.279387 0.266456 0.253398 0.240285 0.227184 0.214161 0.20128 0.188602 0.176183 0.164075 0.152327 0.140981 0.130075 0.119642 0.109709 0.100301 0.0914332 0.0831202 0.0753703 0.0681886 0.0615764 0.055532 0.0500513 0.0451282 0.0407552 0.0369237 0.0336251 0.0308506 0.0285921 0.0268423 0.0255953 0.0248477 
0.0263445 0.0266044 0.0273922 0.028712 0.0305684 0.0329681 0.0359185 0.0394283 0.0435067 0.0481626 0.0534047 0.0592405 0.0656759 0.0727145 0.0803574 0.0886023 0.0974429 0.106869 0.116865 0.127412 0.138485 0.150052 0.162079 0.174523 0.187339 0.200475 0.213875 0.227479 0.241223 0.255039 0.268857 0.282605 0.29621 0.309597 0.322693 0.335422 0.347715 0.359498 0.370706 0.381273 0.391138 0.400242 0.408535 0.415966 0.422494 0.42808 0.432692 0.436304 0.438894 0.440447 0.440956 0.440415 0.43883 0.436209 0.432567 0.427925 0.42231 0.415755 0.408297 0.39998 0.390853 0.380969 0.370384 0.359162 0.347366 0.335065 0.322329 0.309232 0.295845 0.282245 0.268504 0.254697 0.240895 0.227169 0.213584 0.200206 0.187093 0.174302 0.161884 0.149884 0.138344 0.127298 0.116777 0.106805 0.0974015 0.0885819 0.080356 0.0727296 0.0657048 0.0592806 0.0534532 0.0482168 0.0435638 0.039486 0.0359742 0.0330198 0.0306144 0.0287507 0.0274226 0.0266264 
0.0281418 0.0284185 0.0292561 0.0306586 0.0326311 0.0351801 0.0383133 0.0420397 0.0463682 0.0513082 0.056868 0.0630552 0.0698753 0.0773315 0.0854242 0.0941501 0.103502 0.113468 0.124032 0.135172 0.146861 0.159065 0.171747 0.184862 0.198362 0.21219 0.226289 0.240595 0.255039 0.269551 0.284057 0.298482 0.312749 0.32678 0.340499 0.353828 0.366692 0.379019 0.390738 0.401782 0.412088 0.421597 0.430255 0.438011 0.444823 0.45065 0.455461 0.459227 0.461927 0.463547 0.464077 0.463514 0.461861 0.459127 0.455329 0.450487 0.444629 0.437788 0.430004 0.42132 0.411787 0.401459 0.390396 0.37866 0.366319 0.353445 0.340109 0.326386 0.312355 0.298092 0.283674 0.269178 0.25468 0.240252 0.225967 0.21189 0.198085 0.184612 0.171524 0.15887 0.146694 0.135034 0.123921 0.113383 0.103442 0.094113 0.0854077 0.0773333 0.0698926 0.0630853 0.0569081 0.0513552 0.0464195 0.0420925 0.0383654 0.035229 0.0326751 0.030696 0.0292857 0.0284404 
0.0299651 0.0302588 0.0311465 0.0326325 0.0347219 0.0374212 0.0407385 0.0446826 0.0492628 0.0544882 0.0603674 0.0669074 0.0741135 0.0819885 0.0905319 0.0997397 0.109603 0.12011 0.131241 0.142973 0.155276 0.168115 0.18145 0.195232 0.209411 0.223927 0.238719 0.253719 0.268857 0.284057 0.299243 0.314335 0.329255 0.34392 0.358251 0.372169 0.385595 0.398454 0.410673 0.422184 0.432922 0.442826 0.45184 0.459913 0.467001 0.473063 0.478067 0.481984 0.484792 0.486476 0.487027 0.486441 0.484722 0.48188 0.477929 0.472893 0.466798 0.45968 0.451577 0.442535 0.432605 0.421844 0.410312 0.398074 0.385199 0.371761 0.357835 0.343499 0.328833 0.313916 0.298829 0.283653 0.268466 0.253346 0.238365 0.223596 0.209104 0.194953 0.181198 0.167893 0.155083 0.14281 0.131107 0.120004 0.109524 0.0996851 0.0904999 0.0819764 0.0741187 0.0669269 0.0603983 0.0545276 0.0493077 0.0447303 0.0407864 0.037467 0.0347635 0.0326684 0.0311754 0.0302806 
0.0318048 0.0321155 0.0330535 0.0346231 0.0368294 0.0396793 0.0431809 0.0473429 0.0521749 0.0576858 0.063884 0.0707764 0.0783679 0.0866607 0.0956535 0.105341 0.115714 0.126758 0.138453 0.150773 0.163686 0.177155 0.191136 0.205579 0.220429 0.235625 0.2511 0.266785 0.282605 0.298482 0.314335 0.330083 0.345642 0.360929 0.375859 0.390351 0.404325 0.417703 0.43041 0.442376 0.453533 0.46382 0.47318 0.48156 0.488916 0.495206 0.500396 0.504459 0.507371 0.509117 0.509689 0.509081 0.507299 0.504351 0.500254 0.495029 0.488705 0.481317 0.472906 0.463516 0.453202 0.442019 0.430031 0.417303 0.403908 0.389921 0.375418 0.360482 0.345193 0.329635 0.313892 0.298048 0.282184 0.26638 0.250715 0.235262 0.220092 0.205269 0.190855 0.176905 0.163467 0.150585 0.138296 0.126631 0.115615 0.105269 0.0956053 0.0866342 0.0783604 0.0707848 0.0639054 0.057717 0.052213 0.0473851 0.0432243 0.0397217 0.0368685 0.0346572 0.0330813 0.0321371 
0.0336503 0.0339779 0.034966 0.0366189 0.0389418 0.0419417 0.0456266 0.0500056 0.0550879 0.0608827 0.067398 0.0746405 0.0826147 0.091322 0.10076 0.110924 0.121801 0.133377 0.145629 0.158529 0.172044 0.186134 0.200752 0.215845 0.231356 0.247219 0.263365 0.279722 0.29621 0.312749 0.329255 0.345642 0.361825 0.377716 0.393229 0.40828 0.422786 0.436667 0.449846 0.462252 0.473814 0.484472 0.494165 0.502842 0.510456 0.516965 0.522335 0.526538 0.52955 0.531357 0.531948 0.53132 0.529476 0.526427 0.522188 0.516782 0.510238 0.502591 0.493881 0.484157 0.47347 0.46188 0.44945 0.436249 0.422349 0.407828 0.392765 0.377244 0.361349 0.345166 0.328783 0.312285 0.295759 0.279286 0.26295 0.246826 0.230988 0.215506 0.200443 0.185857 0.171799 0.158317 0.145448 0.133228 0.121682 0.110833 0.100696 0.0912806 0.082594 0.0746375 0.0674094 0.0609055 0.0551189 0.0500418 0.0456653 0.0419803 0.0389782 0.0366512 0.0349928 0.0339992 
0.0354904 0.0358348 0.0368726 0.038608 0.0410464 0.0441947 0.0480612 0.0526548 0.0579848 0.0640602 0.0708888 0.0784771 0.086829 0.0959452 0.105823 0.116455 0.127829 0.139928 0.152728 0.166198 0.180304 0.195003 0.210245 0.225974 0.24213 0.258645 0.275447 0.292458 0.309597 0.32678 0.34392 0.360929 0.377716 0.394193 0.41027 0.425861 0.44088 0.455246 0.46888 0.481709 0.493662 0.504674 0.514688 0.523649 0.53151 0.538229 0.543772 0.548108 0.551217 0.553081 0.55369 0.553042 0.551141 0.547995 0.543621 0.538042 0.531286 0.52339 0.514395 0.504349 0.493306 0.481324 0.468469 0.454811 0.440425 0.425388 0.409784 0.393697 0.377215 0.360426 0.343421 0.326288 0.309117 0.291993 0.275002 0.258223 0.241734 0.225606 0.209908 0.194698 0.180033 0.165961 0.152524 0.139757 0.12769 0.116346 0.105741 0.0958887 0.0867948 0.0784622 0.07089 0.0640741 0.0580084 0.0526848 0.0480949 0.0442294 0.0410798 0.0386382 0.0368982 0.0358559 
0.0373136 0.0376746 0.0387613 0.0405779 0.04313 0.0464244 0.0504695 0.0552741 0.0608476 0.0671987 0.0743352 0.0822629 0.0909854 0.100503 0.110811 0.121902 0.133762 0.146373 0.159708 0.173736 0.188418 0.20371 0.21956 0.235909 0.252692 0.26984 0.287277 0.304923 0.322693 0.340499 0.358251 0.375859 0.393229 0.41027 0.42689 0.442999 0.458511 0.473343 0.487413 0.500646 0.512971 0.524324 0.534643 0.543875 0.551971 0.55889 0.564597 0.569061 0.57226 0.574178 0.574806 0.57414 0.572183 0.568945 0.564443 0.558699 0.551742 0.54361 0.534343 0.52399 0.512605 0.500249 0.486988 0.472893 0.458039 0.442508 0.426384 0.409753 0.392705 0.375332 0.357726 0.33998 0.322184 0.30443 0.286803 0.269389 0.252267 0.235512 0.219195 0.203378 0.188121 0.173473 0.15948 0.14618 0.133603 0.121774 0.110712 0.100431 0.0909376 0.082236 0.0743259 0.0672037 0.0608635 0.0552978 0.0504979 0.046455 0.0431603 0.040606 0.0387856 0.0376953 
0.039108 0.0394853 0.0406197 0.0425158 0.045179 0.0486163 0.0528359 0.0578468 0.0636581 0.0702785 0.0777153 0.0859742 0.0950579 0.104966 0.115694 0.127231 0.139564 0.152672 0.166527 0.181095 0.196337 0.212204 0.228642 0.24559 0.26298 0.280739 0.298789 0.317046 0.335422 0.353828 0.372169 0.390351 0.40828 0.425861 0.442999 0.459604 0.475587 0.490861 0.505346 0.518964 0.531643 0.543318 0.553927 0.563415 0.571735 0.578843 0.584704 0.589289 0.592574 0.594544 0.595189 0.594505 0.592496 0.589171 0.584548 0.578648 0.571502 0.563145 0.55362 0.542976 0.531268 0.518557 0.504909 0.490398 0.475099 0.459096 0.442475 0.425323 0.407734 0.389801 0.371619 0.353283 0.334888 0.316526 0.298287 0.28026 0.262527 0.245166 0.22825 0.211846 0.196014 0.180809 0.166277 0.152458 0.139385 0.127085 0.115578 0.104879 0.0949965 0.0859352 0.0776954 0.0702743 0.0636662 0.057864 0.0528591 0.0486427 0.0452062 0.0425417 0.0406428 0.0395055 
0.0408613 0.0412544 0.0424353 0.0444086 0.0471798 0.0507557 0.0551448 0.0603558 0.0663978 0.0732792 0.0810072 0.0895869 0.0990205 0.109307 0.12044 0.132409 0.145199 0.158787 0.173143 0.188233 0.204013 0.220433 0.237437 0.254961 0.272933 0.291279 0.309916 0.328758 0.347715 0.366692 0.385595 0.404325 0.422786 0.44088 0.458511 0.475587 0.492015 0.507709 0.522586 0.536567 0.549581 0.56156 0.572442 0.582171 0.590701 0.597987 0.603993 0.608691 0.612058 0.614076 0.614737 0.614037 0.611979 0.608573 0.603835 0.597789 0.590465 0.581897 0.57213 0.561212 0.549198 0.536152 0.522139 0.507233 0.491514 0.475063 0.45797 0.440324 0.42222 0.403753 0.385022 0.366123 0.347155 0.328212 0.309388 0.290773 0.272453 0.25451 0.237019 0.22005 0.203666 0.187923 0.172871 0.158551 0.145 0.132245 0.120308 0.109205 0.0989455 0.0895358 0.0809767 0.0732658 0.0663981 0.0603664 0.0551625 0.0507778 0.0472036 0.0444322 0.042457 0.0412742 
0.0425612 0.0429696 0.0441953 0.0462431 0.0491183 0.0528279 0.0573802 0.062784 0.0690481 0.0761808 0.0841889 0.0930771 0.102847 0.113496 0.125019 0.137403 0.150631 0.164679 0.179515 0.195104 0.211399 0.228348 0.245892 0.263965 0.282493 0.301397 0.320593 0.339991 0.359498 0.379019 0.398454 0.417703 0.436667 0.455246 0.473343 0.490861 0.507709 0.523797 0.539043 0.553366 0.566693 0.578956 0.590093 0.600049 0.608775 0.616227 0.622369 0.627173 0.630615 0.632679 0.633354 0.632639 0.630535 0.627053 0.62221 0.616027 0.608536 0.599772 0.589778 0.578603 0.566304 0.552943 0.538587 0.523312 0.507196 0.490324 0.472786 0.454673 0.436082 0.417111 0.39786 0.378428 0.358915 0.339421 0.32004 0.300866 0.281988 0.263489 0.24545 0.227941 0.211028 0.194771 0.179221 0.164423 0.150412 0.137221 0.124871 0.11338 0.102759 0.0930141 0.084148 0.0761583 0.0690406 0.062788 0.0573925 0.0528457 0.0491389 0.0462644 0.0442156 0.0429889 
0.0441956 0.0446185 0.0458871 0.0480061 0.0509807 0.0548181 0.0595264 0.0651143 0.0715906 0.0789632 0.0872387 0.0964212 0.106512 0.117508 0.129401 0.14218 0.155824 0.170309 0.185603 0.201665 0.218449 0.2359 0.253956 0.272548 0.291601 0.311033 0.330756 0.350679 0.370706 0.390738 0.410673 0.43041 0.449846 0.46888 0.487413 0.505346 0.522586 0.539043 0.554632 0.569273 0.582892 0.59542 0.606794 0.61696 0.625867 0.633473 0.639741 0.644643 0.648155 0.650261 0.65095 0.650221 0.648075 0.644523 0.639581 0.633273 0.625627 0.61668 0.606476 0.595063 0.582498 0.568844 0.554169 0.538548 0.522062 0.504797 0.486842 0.468292 0.449245 0.4298 0.41006 0.390126 0.370101 0.350086 0.33018 0.310478 0.291072 0.272049 0.253489 0.235469 0.218055 0.20131 0.185288 0.170034 0.155587 0.14198 0.129237 0.117376 0.10641 0.0963466 0.0871875 0.0789318 0.0715754 0.0651119 0.0595334 0.0548316 0.050998 0.048025 0.045906 0.0446373 
0.0457522 0.046189 0.0474982 0.0496846 0.0527535 0.0567119 0.0615679 0.0673301 0.0740072 0.0816069 0.0901352 0.0995959 0.109989 0.121312 0.133556 0.146707 0.160745 0.175642 0.191366 0.207874 0.225117 0.24304 0.261577 0.280657 0.300203 0.320129 0.340347 0.360761 0.381273 0.401782 0.422184 0.442376 0.462252 0.481709 0.500646 0.518964 0.536567 0.553366 0.569273 0.584209 0.598097 0.610868 0.622462 0.63282 0.641895 0.649642 0.656027 0.661018 0.664594 0.666738 0.667441 0.666698 0.664514 0.660898 0.655866 0.649442 0.641654 0.632539 0.622141 0.610509 0.597699 0.583774 0.568804 0.552864 0.536035 0.518404 0.500063 0.481107 0.461635 0.441749 0.421553 0.401151 0.380648 0.360147 0.339749 0.319552 0.299651 0.280135 0.261088 0.242587 0.224703 0.207499 0.191031 0.175348 0.16049 0.146491 0.133377 0.121167 0.109876 0.0995102 0.0900741 0.0815668 0.0739846 0.0673214 0.0615697 0.0567212 0.0527676 0.0497013 0.0475157 0.0462073 
0.0472192 0.047669 0.0490163 0.051266 0.0544232 0.0584951 0.0634896 0.0694153 0.0762805 0.0840927 0.0928578 0.102579 0.113256 0.124885 0.137456 0.150955 0.165359 0.180642 0.196767 0.21369 0.231362 0.249724 0.268708 0.288242 0.308245 0.328631 0.349307 0.370176 0.391138 0.412088 0.432922 0.453533 0.473814 0.493662 0.512971 0.531643 0.549581 0.566693 0.582892 0.598097 0.612231 0.625226 0.637019 0.647554 0.656781 0.664658 0.671148 0.676221 0.679856 0.682035 0.682749 0.681995 0.679776 0.676101 0.670987 0.664457 0.65654 0.647273 0.636697 0.624865 0.61183 0.597658 0.582418 0.566185 0.549041 0.531075 0.512378 0.493048 0.473185 0.452892 0.432275 0.41144 0.390494 0.369543 0.348689 0.328034 0.307673 0.2877 0.268199 0.24925 0.230928 0.213296 0.196413 0.18033 0.165088 0.150723 0.137263 0.124727 0.11313 0.102483 0.0927873 0.0840444 0.0762507 0.0694005 0.0634864 0.0585004 0.0544343 0.0512805 0.0490325 0.0476868 
