1.13044e-08 1.19161e-08 1.55761e-08 2.30744e-08 3.594e-08 5.66781e-08 8.91175e-08 1.38908e-07 2.14196e-07 3.26517e-07 4.91945e-07 7.32529e-07 1.07806e-06 1.56817e-06 2.25479e-06 3.20487e-06 4.50341e-06 6.25654e-06 8.59457e-06 1.16748e-05 1.56836e-05 2.08378e-05 2.73847e-05 3.56002e-05 4.57851e-05 5.82587e-05 7.33505e-05 9.13879e-05 0.000112683 0.000137514 0.000166111 0.000198633 0.000235151 0.000275628 0.000319909 0.000367703 0.000418581 0.000471977 0.000527187 0.000583392 0.000639666 0.000695009 0.000748375 0.000798699 0.000844939 0.000886104 0.00092129 0.000949711 0.000970722 0.000983843 0.000988771 0.000985397 0.0009738 0.000954253 0.000927208 0.000893286 0.00085325 0.000807987 0.000758472 0.00070574 0.000650849 0.000594846 0.000538736 0.000483452 0.000429828 0.000378582 0.000330301 0.000285433 0.000244291 0.000207053 0.000173777 0.000144413 0.000118819 9.6783e-05 7.80395e-05 6.22872e-05 4.92061e-05 3.84719e-05 2.97673e-05 2.27916e-05 1.7267e-05 1.29431e-05 9.5985e-06 7.0418e-06 5.11035e-06 3.66838e-06 2.60452e-06 1.82888e-06 1.27005e-06 8.72203e-07 5.92314e-07 3.97754e-07 2.64125e-07 1.73454e-07 1.12692e-07 7.25129e-08 4.63528e-08 2.96847e-08 1.94683e-08 1.37657e-08 
1.19161e-08 1.25716e-08 1.6467e-08 2.44491e-08 3.81576e-08 6.028e-08 9.49282e-08 1.48175e-07 2.28784e-07 3.4918e-07 5.26683e-07 7.85076e-07 1.15651e-06 1.68377e-06 2.42296e-06 3.44643e-06 4.84604e-06 6.73653e-06 9.25877e-06 1.25828e-05 1.69101e-05 2.24751e-05 2.95449e-05 3.84174e-05 4.94175e-05 6.28897e-05 7.91892e-05 9.86689e-05 0.000121664 0.000148475 0.000179348 0.000214451 0.000253859 0.000297532 0.000345297 0.00039684 0.000451697 0.000509253 0.000568751 0.000629305 0.000689918 0.000749515 0.000806968 0.000861133 0.000910891 0.000955177 0.000993022 0.00102358 0.00104617 0.00106026 0.00106554 0.00106188 0.00104939 0.00102834 0.000999218 0.000962697 0.000919596 0.000870865 0.000817552 0.000760768 0.000701651 0.000641328 0.000580881 0.000521313 0.000463525 0.000408289 0.000356241 0.000307864 0.000263498 0.000223336 0.000187443 0.000155765 0.000128153 0.000104378 8.41543e-05 6.71579e-05 5.30441e-05 4.14632e-05 3.20731e-05 2.45492e-05 1.85917e-05 1.39301e-05 1.03255e-05 7.57103e-06 5.49109e-06 3.93904e-06 2.79463e-06 1.96079e-06 1.36047e-06 9.33405e-07 6.33228e-07 4.24762e-07 2.81727e-07 1.84781e-07 1.1989e-07 7.70327e-08 4.91646e-08 3.1431e-08 2.0575e-08 1.45227e-08 
1.55761e-08 1.6467e-08 2.15977e-08 3.20794e-08 5.00582e-08 7.90457e-08 1.24407e-07 1.94054e-07 2.9939e-07 4.56551e-07 6.87997e-07 1.02451e-06 1.5076e-06 2.19245e-06 3.15118e-06 4.47664e-06 6.28641e-06 8.72694e-06 1.19776e-05 1.62543e-05 2.1812e-05 2.89465e-05 3.79937e-05 4.93273e-05 6.33525e-05 8.04981e-05 0.000101204 0.000125904 0.000155008 0.000188882 0.000227817 0.000272013 0.000321545 0.000376346 0.000436188 0.000500665 0.000569185 0.000640975 0.000715088 0.00079042 0.000865735 0.000939704 0.00101093 0.00107802 0.0011396 0.00119435 0.0012411 0.00127881 0.00130665 0.00132399 0.00133044 0.00132584 0.00131033 0.00128424 0.00124817 0.00120294 0.00114955 0.00108917 0.00102307 0.000952629 0.000879235 0.00080428 0.0007291 0.000654938 0.000582911 0.000513985 0.000448954 0.000388433 0.000332852 0.000282467 0.000237371 0.000197511 0.000162713 0.000132704 0.000107136 8.56139e-05 6.7713e-05 5.30009e-05 4.10526e-05 3.14636e-05 2.3859e-05 1.78992e-05 1.32838e-05 9.75173e-06 7.08076e-06 5.08494e-06 3.61134e-06 2.5363e-06 1.76139e-06 1.20951e-06 8.21183e-07 5.51236e-07 3.6585e-07 2.40095e-07 1.55859e-07 1.00189e-07 6.3971e-08 4.09159e-08 2.68024e-08 1.89413e-08 
2.30744e-08 2.44491e-08 3.20794e-08 4.76021e-08 7.41654e-08 1.16907e-07 1.83656e-07 2.85927e-07 4.40271e-07 6.70039e-07 1.00764e-06 1.49733e-06 2.19866e-06 3.19041e-06 4.5753e-06 6.485e-06 9.08569e-06 1.25835e-05 1.72299e-05 2.33263e-05 3.12272e-05 4.13418e-05 5.41328e-05 7.01121e-05 8.98321e-05 0.000113874 0.000142829 0.000177277 0.000217763 0.00026476 0.000318644 0.000379658 0.000447875 0.000523176 0.000605219 0.000693427 0.000786975 0.000884796 0.000985595 0.00108787 0.00118996 0.00129006 0.00138633 0.00147687 0.00155986 0.00163358 0.00169645 0.00174711 0.00178445 0.00180765 0.00181619 0.00180989 0.00178889 0.00175367 0.00170502 0.001644 0.00157195 0.00149042 0.00140112 0.00130585 0.00120649 0.00110489 0.00100285 0.000902045 0.000803989 0.000709998 0.000621161 0.000538329 0.000462109 0.000392873 0.000330773 0.000275763 0.000227631 0.000186026 0.000150495 0.000120515 9.55187e-05 7.49246e-05 5.81581e-05 4.46691e-05 3.39451e-05 2.552e-05 1.89794e-05 1.39619e-05 1.01587e-05 7.31004e-06 5.20194e-06 3.66052e-06 2.54697e-06 1.7522e-06 1.1918e-06 8.01427e-07 5.32812e-07 3.50248e-07 2.27736e-07 1.4663e-07 9.37781e-08 6.00896e-08 3.94497e-08 2.79587e-08 
3.594e-08 3.81576e-08 5.00582e-08 7.41654e-08 1.15313e-07 1.81365e-07 2.84271e-07 4.41556e-07 6.78328e-07 1.0299e-06 1.5451e-06 2.29042e-06 3.35491e-06 4.85608e-06 6.9464e-06 9.82066e-06 1.37236e-05 1.89576e-05 2.58898e-05 3.49583e-05 4.6676e-05 6.1632e-05 8.0489e-05 0.000103976 0.000132875 0.000168003 0.000210187 0.000260231 0.000318877 0.000386767 0.000464395 0.000552061 0.000649826 0.000757475 0.000874482 0.000999991 0.00113281 0.0012714 0.00141393 0.00155827 0.0017021 0.0018429 0.00197809 0.00210507 0.0022213 0.00232442 0.00241226 0.00248296 0.00253499 0.00256724 0.00257901 0.00257003 0.00254052 0.00249113 0.00242294 0.00233743 0.00223642 0.00212205 0.00199666 0.00186277 0.00172296 0.00157982 0.00143585 0.0012934 0.0011546 0.0010213 0.000895071 0.000777132 0.000668377 0.000569366 0.000480354 0.000401316 0.00033199 0.000271914 0.000220478 0.000176962 0.000140585 0.000110533 8.60011e-05 6.62109e-05 5.04345e-05 3.80067e-05 2.83325e-05 2.08913e-05 1.52358e-05 1.09887e-05 7.83756e-06 5.52755e-06 3.85456e-06 2.65755e-06 1.81146e-06 1.22069e-06 8.13233e-07 5.35676e-07 3.49007e-07 2.25165e-07 1.44307e-07 9.26785e-08 6.10105e-08 4.3383e-08 
5.66781e-08 6.028e-08 7.90457e-08 1.16907e-07 1.81365e-07 2.84587e-07 4.4501e-07 6.89591e-07 1.05683e-06 1.60068e-06 2.39553e-06 3.54225e-06 5.17554e-06 7.47234e-06 1.06615e-05 1.5034e-05 2.09541e-05 2.88698e-05 3.93229e-05 5.29564e-05 7.05199e-05 9.28699e-05 0.000120965 0.000155853 0.000198652 0.000250523 0.000312629 0.000386093 0.000471941 0.000571043 0.00068405 0.00081133 0.000952906 0.0011084 0.00127701 0.00145746 0.00164798 0.00184637 0.00204999 0.00225582 0.00246054 0.00266063 0.00285245 0.00303236 0.00319685 0.00334259 0.00346659 0.00356628 0.00363955 0.00368486 0.00370124 0.00368835 0.00364648 0.00357653 0.00348 0.00335894 0.00321589 0.0030538 0.00287595 0.00268584 0.0024871 0.00228334 0.0020781 0.00187468 0.00167614 0.00148511 0.00130386 0.00113416 0.000977326 0.000834224 0.00070527 0.000590488 0.000489557 0.00040187 0.000326598 0.000262747 0.000209227 0.000164893 0.000128603 9.92473e-05 7.5781e-05 5.72446e-05 4.27758e-05 3.16165e-05 2.31121e-05 1.67087e-05 1.1945e-05 8.44375e-06 5.90152e-06 4.07797e-06 2.78582e-06 1.88138e-06 1.25608e-06 8.29142e-07 5.41348e-07 3.49998e-07 2.24805e-07 1.44725e-07 9.55424e-08 6.81663e-08 
8.91175e-08 9.49282e-08 1.24407e-07 1.83656e-07 2.84271e-07 4.4501e-07 6.94214e-07 1.07319e-06 1.64076e-06 2.47907e-06 3.701e-06 5.45907e-06 7.95618e-06 1.14579e-05 1.63062e-05 2.29346e-05 3.18829e-05 4.38125e-05 5.95194e-05 7.99445e-05 0.000106179 0.000139462 0.000181175 0.000232819 0.000295985 0.000372313 0.000463434 0.000570907 0.000696138 0.000840298 0.00100424 0.00118838 0.00139269 0.00161652 0.00185863 0.00211713 0.00238947 0.00267245 0.00296231 0.00325476 0.00354512 0.00382845 0.00409965 0.00435366 0.00458558 0.00479083 0.00496527 0.00510534 0.00520817 0.00527161 0.00529436 0.00527596 0.00521679 0.00511811 0.00498198 0.00481125 0.0046094 0.00438054 0.00412919 0.00386024 0.00357872 0.0032897 0.00299813 0.00270869 0.00242566 0.00215285 0.00189346 0.0016501 0.0014247 0.00121855 0.00103234 0.000866191 0.000719721 0.000592142 0.000482336 0.000388943 0.000310448 0.000245249 0.000191732 0.000148321 0.000113524 8.5962e-05 6.43889e-05 4.77047e-05 3.49556e-05 2.53303e-05 1.81507e-05 1.28601e-05 9.00875e-06 6.23911e-06 4.27167e-06 2.89118e-06 1.93446e-06 1.27968e-06 8.37286e-07 5.42495e-07 3.49224e-07 2.2537e-07 1.49204e-07 1.06806e-07 
1.38908e-07 1.48175e-07 1.94054e-07 2.85927e-07 4.41556e-07 6.89591e-07 1.07319e-06 1.65509e-06 2.52429e-06 3.80474e-06 5.66612e-06 8.33691e-06 1.21199e-05 1.74099e-05 2.47134e-05 3.46695e-05 4.80712e-05 6.58854e-05 8.92705e-05 0.000119589 0.000158414 0.000207523 0.000268885 0.000344625 0.000436986 0.000548258 0.000680703 0.000836457 0.00101742 0.00122516 0.00146073 0.00172463 0.00201665 0.00233576 0.00268008 0.00304685 0.00343238 0.00383212 0.00424073 0.0046522 0.00506001 0.00545726 0.00583693 0.00619203 0.00651582 0.00680203 0.00704501 0.0072399 0.00738279 0.00747078 0.00750209 0.0074761 0.00739335 0.00725555 0.00706553 0.00682714 0.00654517 0.00622522 0.00587353 0.00549677 0.0051019 0.00469595 0.00428576 0.00387787 0.0034783 0.00309239 0.00272473 0.00237902 0.00205811 0.00176392 0.00149754 0.00125926 0.00104866 0.000864738 0.000706016 0.000570653 0.000456568 0.000361547 0.000283334 0.000219714 0.000168575 0.000127956 9.60749e-05 7.13511e-05 5.24071e-05 3.80662e-05 2.73408e-05 1.94164e-05 1.36327e-05 9.46292e-06 6.49339e-06 4.40462e-06 2.95352e-06 1.95803e-06 1.28389e-06 8.3366e-07 5.37863e-07 3.47959e-07 2.31018e-07 1.65916e-07 
2.14196e-07 2.28784e-07 2.9939e-07 4.40271e-07 6.78328e-07 1.05683e-06 1.64076e-06 2.52429e-06 3.84062e-06 5.77461e-06 8.57841e-06 1.25904e-05 1.82572e-05 2.6159e-05 3.70372e-05 5.18231e-05 7.16677e-05 9.79677e-05 0.000132389 0.000176881 0.000233683 0.000305312 0.000394538 0.000504336 0.000637819 0.000798146 0.000988406 0.00121148 0.00146991 0.0017657 0.00210019 0.00247386 0.00288622 0.00333567 0.00381942 0.00433346 0.00487253 0.00543024 0.00599913 0.0065709 0.00713652 0.00768656 0.00821142 0.0087016 0.00914797 0.00954205 0.00987623 0.010144 0.0103401 0.0104606 0.0105031 0.0104669 0.0103527 0.0101628 0.00990089 0.00957228 0.00918339 0.00874177 0.00825585 0.00773469 0.00718776 0.00662463 0.00605471 0.00548698 0.00492977 0.00439053 0.00387569 0.00339051 0.00293908 0.00252424 0.00214767 0.00180995 0.00151068 0.00124862 0.00102184 0.000827897 0.000663983 0.000527073 0.000414062 0.000321875 0.000247563 0.000188371 0.000141782 0.000105551 7.77139e-05 5.65828e-05 4.07364e-05 2.89973e-05 2.04069e-05 1.41975e-05 9.76425e-06 6.63811e-06 4.461e-06 2.96387e-06 1.94764e-06 1.26742e-06 8.19578e-07 5.31519e-07 3.53897e-07 2.54998e-07 
3.26517e-07 3.4918e-07 4.56551e-07 6.70039e-07 1.0299e-06 1.60068e-06 2.47907e-06 3.80474e-06 5.77461e-06 8.66101e-06 1.28341e-05 1.87889e-05 2.7176e-05 3.88377e-05 5.48453e-05 7.65394e-05 0.000105569 0.000143926 0.000193975 0.000258469 0.000340552 0.000443741 0.000571879 0.000729072 0.000919579 0.00114769 0.00141755 0.001733 0.00209734 0.00251312 0.00298193 0.00350417 0.00407888 0.00470361 0.00537428 0.00608515 0.00682886 0.00759654 0.00837794 0.00916168 0.00993552 0.0106867 0.0114024 0.0120697 0.0126766 0.0132117 0.013665 0.0140278 0.0142931 0.0144559 0.014513 0.0144633 0.0143079 0.0140497 0.0136939 0.0132472 0.0127183 0.0121172 0.011455 0.010744 0.00999679 0.00922624 0.00844506 0.00766545 0.00689877 0.00615527 0.00544383 0.00477183 0.00414505 0.00356763 0.00304213 0.00256958 0.00214969 0.00178099 0.00146102 0.00118661 0.000954017 0.000759179 0.000597883 0.000465928 0.000359251 0.000274033 0.000206768 0.00015431 0.00011389 8.31233e-05 5.99875e-05 4.28021e-05 3.01927e-05 2.10544e-05 1.45132e-05 9.88891e-06 6.66047e-06 4.43496e-06 2.92075e-06 1.90489e-06 1.23462e-06 8.0269e-07 5.35986e-07 3.87461e-07 
4.91945e-07 5.26683e-07 6.87997e-07 1.00764e-06 1.5451e-06 2.39553e-06 3.701e-06 5.66612e-06 8.57841e-06 1.28341e-05 1.897e-05 2.77008e-05 3.99628e-05 5.69628e-05 8.02294e-05 0.000111667 0.000153608 0.000208855 0.000280721 0.00037304 0.000490168 0.000636946 0.000818637 0.00104082 0.00130923 0.0016296 0.00200742 0.00244769 0.00295461 0.00353135 0.00417969 0.00489983 0.00569006 0.00654669 0.00746383 0.00843346 0.00944538 0.0104874 0.0115458 0.012605 0.0136489 0.0146603 0.0156222 0.0165178 0.0173312 0.0180474 0.0186534 0.0191379 0.0194918 0.0197085 0.0197841 0.019717 0.0195086 0.0191629 0.0186864 0.018088 0.017379 0.0165724 0.015683 0.0147267 0.0137203 0.0126807 0.0116249 0.0105692 0.00952884 0.00851774 0.007548 0.00662981 0.00577126 0.00497825 0.00425461 0.00360209 0.00302066 0.00250864 0.00206301 0.0016797 0.00135384 0.00108007 0.000852751 0.00066623 0.000514994 0.000393824 0.000297902 0.000222878 0.000164906 0.000120653 8.72834e-05 6.2428e-05 4.41416e-05 3.08538e-05 2.13174e-05 1.45584e-05 9.82769e-06 6.55854e-06 4.32891e-06 2.82962e-06 1.83824e-06 1.19816e-06 8.02372e-07 5.81919e-07 
7.32529e-07 7.85076e-07 1.02451e-06 1.49733e-06 2.29042e-06 3.54225e-06 5.45907e-06 8.33691e-06 1.25904e-05 1.87889e-05 2.77008e-05 4.03454e-05 5.80531e-05 8.25306e-05 0.000115931 0.000160926 0.000220768 0.000299352 0.000401253 0.000531741 0.000696766 0.000902901 0.00115724 0.00146725 0.00184055 0.00228467 0.00280674 0.00341315 0.00410915 0.00489852 0.00578317 0.0067628 0.00783464 0.0089932 0.0102302 0.0115344 0.0128921 0.0142868 0.0157 0.0171113 0.0184993 0.0198416 0.0211159 0.0223006 0.0233748 0.0243195 0.0251179 0.0257554 0.0262206 0.0265051 0.0266035 0.0265143 0.0262391 0.0257829 0.0251542 0.0243644 0.0234278 0.0223614 0.021184 0.0199164 0.0185801 0.0171975 0.0157908 0.0143813 0.0129893 0.0116333 0.0103297 0.00909228 0.00793218 0.00685776 0.00587457 0.00498549 0.00419095 0.0034892 0.00287661 0.00234809 0.00189741 0.00151762 0.0012013 0.000940969 0.000729242 0.000559096 0.000424 0.000318025 0.000235897 0.000173024 0.000125479 8.99659e-05 6.37666e-05 4.46773e-05 3.09409e-05 2.11796e-05 1.43302e-05 9.58498e-06 6.34076e-06 4.15412e-06 2.70506e-06 1.76765e-06 1.1872e-06 8.63816e-07 
1.07806e-06 1.15651e-06 1.5076e-06 2.19866e-06 3.35491e-06 5.17554e-06 7.95618e-06 1.21199e-05 1.82572e-05 2.7176e-05 3.99628e-05 5.80531e-05 8.33125e-05 0.000118125 0.000165484 0.000229087 0.000313414 0.000423803 0.000566489 0.000748615 0.000978195 0.00126403 0.00161553 0.00204256 0.00255506 0.00316276 0.00387475 0.00469904 0.00564203 0.00670807 0.007899 0.00921369 0.0106477 0.0121932 0.0138386 0.0155686 0.0173647 0.0192051 0.0210654 0.0229191 0.0247382 0.026494 0.0281578 0.029702 0.0311001 0.032328 0.0333644 0.0341911 0.0347936 0.0351614 0.035288 0.0351712 0.0348131 0.0342202 0.0334029 0.0323758 0.0311568 0.0297673 0.0282314 0.0265754 0.0248268 0.0230144 0.0211666 0.0193113 0.0174749 0.0156817 0.0139534 0.0123085 0.0107623 0.00932618 0.00800822 0.00681289 0.00574144 0.0047922 0.00396101 0.00324165 0.00262633 0.00210614 0.00167156 0.00131276 0.00102004 0.000784092 0.000596175 0.000448319 0.000333394 0.000245155 0.000178234 0.000128107 9.10228e-05 6.3928e-05 4.43784e-05 3.04493e-05 2.06499e-05 1.38438e-05 9.17903e-06 6.02746e-06 3.93431e-06 2.57757e-06 1.73625e-06 1.26741e-06 
1.56817e-06 1.68377e-06 2.19245e-06 3.19041e-06 4.85608e-06 7.47234e-06 1.14579e-05 1.74099e-05 2.6159e-05 3.88377e-05 5.69628e-05 8.25306e-05 0.000118125 0.000167032 0.000233363 0.000322166 0.000439535 0.000592685 0.00079 0.00104103 0.00135641 0.00174776 0.00222741 0.00280813 0.00350273 0.00432355 0.00528198 0.00638781 0.00764864 0.00906928 0.0106511 0.0123918 0.0142845 0.016318 0.0184765 0.0207395 0.0230825 0.025477 0.0278912 0.0302912 0.0326412 0.0349047 0.0370457 0.0390291 0.0408222 0.0423948 0.0437205 0.0447767 0.0455456 0.0460142 0.0461746 0.046024 0.0455652 0.0448061 0.0437595 0.0424434 0.0408802 0.0390964 0.037122 0.0349898 0.0327347 0.0303927 0.0280001 0.0255924 0.0232036 0.0208651 0.0186054 0.0164488 0.0144158 0.012522 0.0107788 0.00919298 0.00776704 0.00649976 0.00538653 0.00441998 0.00359055 0.0028871 0.00229751 0.00180918 0.00140953 0.00108636 0.000828185 0.00062442 0.000465558 0.000343219 0.000250164 0.000180259 0.000128395 9.03964e-05 6.29041e-05 4.32632e-05 2.94089e-05 1.97617e-05 1.31332e-05 8.64413e-06 5.65592e-06 3.71517e-06 2.50994e-06 1.83811e-06 
2.25479e-06 2.42296e-06 3.15118e-06 4.5753e-06 6.9464e-06 1.06615e-05 1.63062e-05 2.47134e-05 3.70372e-05 5.48453e-05 8.02294e-05 0.000115931 0.000165484 0.000233363 0.000325138 0.000447618 0.000608976 0.000818843 0.00108834 0.00143006 0.00185793 0.00238705 0.00303334 0.00381309 0.00474251 0.00583702 0.00711056 0.00857486 0.0102387 0.0121069 0.0141802 0.016454 0.0189184 0.0215577 0.0243506 0.0272701 0.030284 0.0333557 0.0364447 0.0395079 0.0425003 0.0453764 0.0480915 0.0506022 0.0528683 0.0548529 0.0565236 0.0578532 0.0588201 0.0594084 0.0596086 0.0594176 0.0588386 0.057881 0.0565608 0.0548994 0.0529243 0.0506678 0.0481666 0.0454612 0.0425945 0.0396115 0.0365572 0.0334766 0.0304125 0.0274052 0.024491 0.021702 0.0190649 0.0166011 0.014326 0.0122497 0.0103768 0.00870675 0.00723491 0.00595276 0.00484885 0.00390952 0.00311963 0.00246326 0.00192433 0.00148714 0.00113675 0.000859348 0.000642404 0.000474828 0.000346983 0.000250659 0.000178989 0.000126329 8.81235e-05 6.07543e-05 4.1397e-05 2.78828e-05 1.85737e-05 1.22539e-05 8.03737e-06 5.29338e-06 3.58681e-06 2.6352e-06 
3.20487e-06 3.44643e-06 4.47664e-06 6.485e-06 9.82066e-06 1.5034e-05 2.29346e-05 3.46695e-05 5.18231e-05 7.65394e-05 0.000111667 0.000160926 0.000229087 0.000322166 0.000447618 0.000614505 0.000833654 0.00111774 0.00148133 0.00194079 0.00251412 0.00322065 0.00408061 0.0051145 0.00634246 0.00778338 0.00945403 0.0113681 0.0135352 0.0159601 0.0186417 0.0215725 0.0247384 0.0281178 0.0316825 0.0353971 0.0392205 0.043106 0.0470029 0.0508572 0.0546134 0.0582156 0.061609 0.0647411 0.0675632 0.070031 0.0721058 0.073755 0.0749529 0.0756807 0.0759272 0.0756887 0.0749688 0.0737791 0.0721382 0.070072 0.0676131 0.0648003 0.0616778 0.0582945 0.0547028 0.0509572 0.0471135 0.043227 0.0393513 0.0355369 0.0318301 0.0282719 0.0248972 0.0217342 0.018804 0.0161211 0.0136928 0.0115203 0.00959904 0.00791973 0.00646895 0.00523026 0.00418511 0.00331371 0.00259586 0.0020116 0.00154183 0.00116872 0.000876006 0.000649203 0.000475647 0.000344491 0.000246617 0.000174498 0.000122026 8.43323e-05 5.76009e-05 3.88892e-05 2.59668e-05 1.71722e-05 1.12911e-05 7.45606e-06 5.06734e-06 3.73488e-06 
4.50341e-06 4.84604e-06 6.28641e-06 9.08569e-06 1.37236e-05 2.09541e-05 3.18829e-05 4.80712e-05 7.16677e-05 0.000105569 0.000153608 0.000220768 0.000313414 0.000439535 0.000608976 0.000833654 0.00112772 0.00150765 0.00199224 0.0026025 0.00336135 0.00429321 0.00542336 0.00677722 0.00837936 0.0102525 0.0124164 0.0148864 0.0176729 0.0207794 0.0242026 0.0279308 0.0319438 0.036213 0.0407012 0.0453632 0.0501469 0.0549939 0.0598412 0.0646227 0.0692708 0.0737178 0.0778981 0.081749 0.0852125 0.0882365 0.0907753 0.092791 0.0942533 0.0951405 0.0954397 0.0951463 0.0942649 0.0928087 0.0907995 0.0882677 0.0852514 0.0817963 0.0779546 0.0737845 0.0693484 0.064712 0.0599426 0.0551077 0.0502731 0.0455013 0.0408501 0.0363715 0.0321102 0.028103 0.0243785 0.0209564 0.0178484 0.0150582 0.012582 0.01041 0.00852707 0.00691377 0.00554782 0.00440505 0.00346044 0.00268905 0.00206676 0.0015709 0.00118065 0.000877311 0.000644471 0.000467981 0.000335884 0.000238262 0.000167033 0.000115721 7.92323e-05 5.36221e-05 3.58896e-05 2.37914e-05 1.56823e-05 1.03835e-05 7.07805e-06 5.23353e-06 
6.25654e-06 6.73653e-06 8.72694e-06 1.25835e-05 1.89576e-05 2.88698e-05 4.38125e-05 6.58854e-05 9.79677e-05 0.000143926 0.000208855 0.000299352 0.000423803 0.000592685 0.000818843 0.00111774 0.00150765 0.00200969 0.00264783 0.00344865 0.00444093 0.00565504 0.00712217 0.00887324 0.0109378 0.0133425 0.0161101 0.0192575 0.0227948 0.0267238 0.0310372 0.0357177 0.0407377 0.0460594 0.0516349 0.057407 0.0633105 0.0692736 0.0752195 0.0810684 0.086739 0.0921511 0.0972271 0.101893 0.106083 0.109734 0.112796 0.115223 0.116982 0.118048 0.118406 0.118051 0.116988 0.115232 0.112808 0.109751 0.106105 0.101923 0.0972645 0.0921981 0.0867969 0.0811387 0.0753034 0.0693719 0.0634237 0.057535 0.0517774 0.0462153 0.0409053 0.035895 0.0312217 0.0269128 0.0229855 0.0194469 0.0162953 0.0135209 0.011107 0.00903147 0.0072679 0.0057873 0.00455919 0.00355286 0.00273831 0.00208709 0.0015729 0.00117194 0.000863209 0.000628469 0.000452244 0.000321625 0.000226043 0.000156993 0.000107754 7.31013e-05 4.9045e-05 3.2591e-05 2.15364e-05 1.4298e-05 9.77566e-06 7.25108e-06 
8.59457e-06 9.25877e-06 1.19776e-05 1.72299e-05 2.58898e-05 3.93229e-05 5.95194e-05 8.92705e-05 0.000132389 0.000193975 0.000280721 0.000401253 0.000566489 0.00079 0.00108834 0.00148133 0.00199224 0.00264783 0.00347824 0.00451664 0.00579866 0.00736156 0.00924318 0.0114806 0.0141085 0.0171579 0.0206538 0.0246144 0.0290484 0.0339546 0.0393203 0.0451208 0.051319 0.0578656 0.0646999 0.0717506 0.0789378 0.0861741 0.0933672 0.100422 0.107243 0.113737 0.119813 0.125387 0.130381 0.134726 0.138364 0.141245 0.14333 0.144592 0.145014 0.144591 0.143328 0.141242 0.138361 0.134724 0.130381 0.125392 0.119824 0.113756 0.107273 0.100464 0.093424 0.086247 0.0790281 0.0718591 0.0648265 0.0580097 0.0514794 0.0452956 0.039507 0.0341502 0.0292496 0.0248178 0.0208561 0.0173555 0.0142986 0.0116606 0.00941089 0.00751542 0.00593762 0.00464024 0.00358651 0.00274123 0.0020716 0.00154774 0.00114308 0.00083445 0.000602043 0.000429265 0.000302461 0.000210594 0.0001449 9.85417e-05 6.62736e-05 4.41471e-05 2.92462e-05 1.94691e-05 1.33511e-05 9.9343e-06 
1.16748e-05 1.25828e-05 1.62543e-05 2.33263e-05 3.49583e-05 5.29564e-05 7.99445e-05 0.000119589 0.000176881 0.000258469 0.00037304 0.000531741 0.000748615 0.00104103 0.00143006 0.00194079 0.0026025 0.00344865 0.00451664 0.00584732 0.00748418 0.00947228 0.0118568 0.0146813 0.0179861 0.021806 0.0261683 0.0310907 0.03658 0.0426299 0.0492206 0.0563176 0.063872 0.071821 0.0800886 0.0885874 0.0972203 0.105883 0.114466 0.122859 0.13095 0.138632 0.145802 0.152365 0.158233 0.16333 0.167591 0.17096 0.173396 0.174868 0.175359 0.174862 0.173384 0.170942 0.167569 0.163305 0.158207 0.152339 0.14578 0.138616 0.130943 0.122864 0.114486 0.10592 0.097277 0.0886653 0.0801886 0.071943 0.0640153 0.0564806 0.049401 0.0428246 0.0367855 0.0313032 0.0263836 0.0220202 0.0181954 0.0148822 0.0120464 0.00964828 0.00764491 0.00599173 0.00464434 0.0035598 0.00269772 0.0020211 0.00149675 0.00109556 0.000792517 0.000566547 0.000400213 0.000279358 0.000192692 0.000131364 8.85634e-05 5.91396e-05 3.92775e-05 2.62178e-05 1.80329e-05 1.34597e-05 
1.56836e-05 1.69101e-05 2.1812e-05 3.12272e-05 4.6676e-05 7.05199e-05 0.000106179 0.000158414 0.000233683 0.000340552 0.000490168 0.000696766 0.000978195 0.00135641 0.00185793 0.00251412 0.00336135 0.00444093 0.00579866 0.00748418 0.00954986 0.0120493 0.0150357 0.0185595 0.0226663 0.0273943 0.032772 0.0388159 0.0455286 0.052897 0.0608916 0.069466 0.0785568 0.0880851 0.0979573 0.108068 0.1183 0.128532 0.138636 0.148484 0.157949 0.166911 0.175254 0.182871 0.189668 0.195561 0.200479 0.204363 0.207168 0.208861 0.209424 0.208849 0.207144 0.204329 0.200435 0.19551 0.189611 0.18281 0.175192 0.166852 0.157897 0.148442 0.138608 0.128522 0.118312 0.108103 0.0980189 0.0881734 0.0786718 0.0696065 0.0610558 0.0530818 0.0457304 0.0390305 0.0329948 0.0276206 0.0228914 0.0187792 0.0152461 0.0122473 0.0097328 0.00765038 0.00594713 0.00457137 0.0034741 0.00260999 0.00193816 0.00142249 0.00103175 0.000739502 0.000523735 0.000366506 0.000253434 0.0001732 0.000117053 7.83564e-05 5.21721e-05 3.49195e-05 2.40897e-05 1.80359e-05 
2.08378e-05 2.24751e-05 2.89465e-05 4.13418e-05 6.1632e-05 9.28699e-05 0.000139462 0.000207523 0.000305312 0.000443741 0.000636946 0.000902901 0.00126403 0.00174776 0.00238705 0.00322065 0.00429321 0.00565504 0.00736156 0.00947228 0.0120493 0.0151556 0.0188527 0.0231978 0.0282417 0.034025 0.0405762 0.0479087 0.0560188 0.0648843 0.0744634 0.0846947 0.095498 0.106775 0.118413 0.130285 0.142256 0.154181 0.165916 0.177316 0.188239 0.198549 0.208122 0.21684 0.224602 0.231319 0.236914 0.241327 0.24451 0.246429 0.247066 0.246412 0.244475 0.241275 0.236847 0.231238 0.22451 0.216739 0.208015 0.198442 0.188135 0.17722 0.165833 0.154115 0.142212 0.130268 0.118425 0.106818 0.0955724 0.0848009 0.0746 0.0650487 0.0562074 0.0481171 0.0407994 0.0342576 0.0284782 0.0234331 0.0190818 0.0153744 0.0122542 0.00966065 0.00753171 0.00580604 0.00442494 0.00333365 0.00248237 0.00182686 0.00132859 0.000954763 0.000677937 0.000475622 0.000329708 0.000225882 0.000153031 0.000102692 6.85491e-05 4.6005e-05 3.18315e-05 2.39046e-05 
2.73847e-05 2.95449e-05 3.79937e-05 5.41328e-05 8.0489e-05 0.000120965 0.000181175 0.000268885 0.000394538 0.000571879 0.000818637 0.00115724 0.00161553 0.00222741 0.00303334 0.00408061 0.00542336 0.00712217 0.00924318 0.0118568 0.0150357 0.0188527 0.0233777 0.0286746 0.0347983 0.0417909 0.049679 0.0584708 0.0681538 0.0786936 0.0900333 0.102094 0.114774 0.127956 0.141504 0.155268 0.169091 0.18281 0.196261 0.209282 0.221716 0.233417 0.244249 0.254089 0.262829 0.270377 0.276653 0.281595 0.285156 0.287301 0.28801 0.287277 0.285109 0.281526 0.276562 0.270266 0.262701 0.253946 0.244096 0.233257 0.221555 0.209125 0.196115 0.18268 0.168982 0.155186 0.141453 0.127941 0.114796 0.102153 0.0901301 0.0788258 0.0683183 0.0586632 0.049894 0.0420226 0.0350403 0.0289208 0.0236221 0.01909 0.0152613 0.012067 0.00943536 0.00729459 0.00557528 0.00421211 0.0031452 0.00232097 0.00169247 0.00121946 0.000868128 0.000610604 0.000424339 0.00029143 0.000197922 0.000133143 8.91001e-05 5.99587e-05 4.16085e-05 3.13405e-05 
3.56002e-05 3.84174e-05 4.93273e-05 7.01121e-05 0.000103976 0.000155853 0.000232819 0.000344625 0.000504336 0.000729072 0.00104082 0.00146725 0.00204256 0.00280813 0.00381309 0.0051145 0.00677722 0.00887324 0.0114806 0.0146813 0.0185595 0.0231978 0.0286746 0.0350597 0.042411 0.0507703 0.06016 0.0705805 0.0820077 0.0943919 0.107658 0.121705 0.136411 0.151631 0.167207 0.182966 0.198728 0.214309 0.229526 0.244203 0.25817 0.271271 0.283362 0.294316 0.304021 0.312383 0.319325 0.324782 0.328709 0.331073 0.331853 0.331043 0.328651 0.324696 0.31921 0.312243 0.303857 0.294132 0.283161 0.271058 0.25795 0.243983 0.229312 0.214107 0.198546 0.182811 0.167085 0.151547 0.136367 0.121705 0.107702 0.0944798 0.0821364 0.070746 0.0603569 0.0509923 0.0426512 0.035311 0.0289299 0.0234506 0.0188038 0.0149124 0.0116945 0.00906745 0.00695014 0.00526564 0.0039428 0.0029175 0.00213317 0.00154105 0.00109991 0.000775595 0.000540345 0.000372015 0.000253266 0.00017079 0.000114582 7.73133e-05 5.38084e-05 4.06491e-05 
4.57851e-05 4.94175e-05 6.33525e-05 8.98321e-05 0.000132875 0.000198652 0.000295985 0.000436986 0.000637819 0.000919579 0.00130923 0.00184055 0.00255506 0.00350273 0.00474251 0.00634246 0.00837936 0.0109378 0.0141085 0.0179861 0.0226663 0.0282417 0.0347983 0.042411 0.0511389 0.0610214 0.0720742 0.0842867 0.0976198 0.112005 0.127345 0.143517 0.160369 0.177735 0.195427 0.213249 0.230999 0.248472 0.265469 0.2818 0.297284 0.311758 0.325074 0.337102 0.347732 0.356869 0.364439 0.370382 0.374653 0.37722 0.378067 0.377186 0.374584 0.37028 0.364305 0.356703 0.347536 0.336879 0.324828 0.311493 0.297006 0.281515 0.265185 0.248197 0.23074 0.213015 0.195225 0.177572 0.160251 0.143446 0.127326 0.112036 0.0977006 0.0844136 0.0722422 0.0612241 0.0513689 0.0426603 0.0350588 0.0285055 0.0229263 0.018236 0.0143432 0.0111536 0.00857368 0.00651403 0.00489114 0.0036291 0.00266059 0.00192712 0.00137902 0.000974871 0.000680868 0.000469909 0.000320689 0.000216783 0.000145802 9.86405e-05 6.88497e-05 5.21621e-05 
5.82587e-05 6.28897e-05 8.04981e-05 0.000113874 0.000168003 0.000250523 0.000372313 0.000548258 0.000798146 0.00114769 0.0016296 0.00228467 0.00316276 0.00432355 0.00583702 0.00778338 0.0102525 0.0133425 0.0171579 0.021806 0.0273943 0.034025 0.0417909 0.0507703 0.0610214 0.0725785 0.0854476 0.0996036 0.114989 0.131513 0.149053 0.167457 0.186549 0.206131 0.22599 0.245905 0.265651 0.285005 0.303754 0.321695 0.338641 0.354424 0.368896 0.381928 0.393413 0.403262 0.411405 0.417786 0.422366 0.425117 0.426023 0.425079 0.42229 0.417673 0.411254 0.403075 0.393191 0.381673 0.36861 0.354113 0.338309 0.32135 0.303403 0.284657 0.265314 0.245588 0.225703 0.205882 0.186346 0.167306 0.148957 0.131476 0.11501 0.0996803 0.0855755 0.0727515 0.0612318 0.0510095 0.0420499 0.0342946 0.0276659 0.022072 0.0174117 0.0135791 0.0104681 0.00797581 0.00600533 0.00446794 0.00328432 0.00238514 0.00171115 0.00121271 0.000849075 0.000587424 0.000401851 0.000272304 0.000183598 0.000124538 8.71725e-05 6.62308e-05 
7.33505e-05 7.91892e-05 0.000101204 0.000142829 0.000210187 0.000312629 0.000463434 0.000680703 0.000988406 0.00141755 0.00200742 0.00280674 0.00387475 0.00528198 0.00711056 0.00945403 0.0124164 0.0161101 0.0206538 0.0261683 0.032772 0.0405762 0.049679 0.06016 0.0720742 0.0854476 0.100273 0.116507 0.13407 0.152844 0.17268 0.193394 0.214781 0.236612 0.258648 0.280643 0.30235 0.323531 0.34396 0.363426 0.381739 0.39873 0.414255 0.42819 0.440435 0.450908 0.459548 0.466308 0.471152 0.47406 0.475017 0.47402 0.471072 0.466188 0.459388 0.450707 0.440193 0.42791 0.413938 0.398381 0.381362 0.363027 0.343547 0.323113 0.301936 0.280244 0.258275 0.236274 0.214488 0.193155 0.1725 0.152729 0.13402 0.116522 0.100349 0.0855802 0.0722552 0.0603804 0.0499289 0.0408453 0.0330503 0.0264467 0.0209242 0.0163659 0.0126526 0.00966729 0.00729901 0.00544515 0.00401327 0.00292211 0.00210173 0.00149324 0.00104805 0.000726825 0.000498398 0.000338532 0.00022881 0.000155609 0.000109226 8.32153e-05 
9.13879e-05 9.86689e-05 0.000125904 0.000177277 0.000260231 0.000386093 0.000570907 0.000836457 0.00121148 0.001733 0.00244769 0.00341315 0.00469904 0.00638781 0.00857486 0.0113681 0.0148864 0.0192575 0.0246144 0.0310907 0.0388159 0.0479087 0.0584708 0.0705805 0.0842867 0.0996036 0.116507 0.134931 0.154771 0.175878 0.198072 0.221137 0.244834 0.268905 0.293084 0.317101 0.34069 0.363601 0.385596 0.406462 0.426009 0.444074 0.460517 0.475226 0.488111 0.499103 0.508149 0.515212 0.520268 0.5233 0.524298 0.52326 0.520188 0.515091 0.507985 0.498896 0.487861 0.474932 0.460181 0.443698 0.425598 0.40602 0.385131 0.363121 0.340207 0.316624 0.292626 0.268478 0.244449 0.220804 0.197801 0.175676 0.15464 0.134874 0.116522 0.0996852 0.0844282 0.0707728 0.0587034 0.0481703 0.0390953 0.0313772 0.0248981 0.0195305 0.015142 0.0116017 0.00878352 0.00657021 0.00485524 0.00354426 0.00255564 0.00182022 0.00128063 0.000890235 0.000611886 0.000416595 0.000282251 0.000192443 0.000135451 0.000103473 
0.000112683 0.000121664 0.000155008 0.000217763 0.000318877 0.000471941 0.000696138 0.00101742 0.00146991 0.00209734 0.00295461 0.00410915 0.00564203 0.00764864 0.0102387 0.0135352 0.0176729 0.0227948 0.0290484 0.03658 0.0455286 0.0560188 0.0681538 0.0820077 0.0976198 0.114989 0.13407 0.154771 0.176956 0.200445 0.225022 0.250438 0.276419 0.302679 0.328923 0.354861 0.380212 0.404712 0.428121 0.450226 0.470842 0.489814 0.507015 0.522347 0.535733 0.547119 0.556467 0.563752 0.568958 0.572077 0.573105 0.572039 0.568881 0.563634 0.556307 0.546916 0.535484 0.522051 0.506673 0.489425 0.47041 0.449755 0.427617 0.404183 0.379668 0.354314 0.328387 0.302166 0.275943 0.250011 0.224657 0.20015 0.176737 0.154633 0.134013 0.11501 0.097712 0.0821626 0.0683606 0.0562656 0.0458028 0.0368694 0.0293417 0.0230821 0.0179461 0.0137881 0.0104672 0.00785042 0.00581637 0.00425668 0.00307698 0.00219687 0.00154931 0.00107953 0.000743705 0.000507513 0.000344664 0.000235585 0.00016626 0.00012734 
0.000137514 0.000148475 0.000188882 0.00026476 0.000386767 0.000571043 0.000840298 0.00122516 0.0017657 0.00251312 0.00353135 0.00489852 0.00670807 0.00906928 0.0121069 0.0159601 0.0207794 0.0267238 0.0339546 0.0426299 0.052897 0.0648843 0.0786936 0.0943919 0.112005 0.131513 0.152844 0.175878 0.200445 0.22633 0.253277 0.281004 0.309202 0.337556 0.365747 0.393464 0.420414 0.446329 0.470966 0.494118 0.515611 0.535301 0.55308 0.568865 0.582599 0.594246 0.603782 0.611198 0.616491 0.619659 0.620703 0.619624 0.616421 0.611091 0.603635 0.594056 0.582364 0.568581 0.552745 0.534915 0.515174 0.493634 0.470438 0.445765 0.419824 0.392859 0.365141 0.336964 0.308639 0.280484 0.252816 0.225938 0.200134 0.175653 0.152707 0.131464 0.112039 0.0945004 0.0788662 0.0651085 0.0531593 0.0429168 0.034253 0.0270221 0.0210679 0.0162309 0.0123546 0.00929024 0.00690076 0.00506293 0.00366874 0.00262563 0.00185601 0.0012962 0.000894997 0.00061214 0.000416682 0.000285508 0.000202017 0.000155118 
0.000166111 0.000179348 0.000227817 0.000318644 0.000464395 0.00068405 0.00100424 0.00146073 0.00210019 0.00298193 0.00417969 0.00578317 0.007899 0.0106511 0.0141802 0.0186417 0.0242026 0.0310372 0.0393203 0.0492206 0.0608916 0.0744634 0.0900333 0.107658 0.127345 0.149053 0.17268 0.198072 0.225022 0.253277 0.282544 0.312502 0.342811 0.373126 0.403106 0.432425 0.460782 0.487905 0.513559 0.537544 0.5597 0.579904 0.598066 0.614126 0.628048 0.639815 0.649423 0.656878 0.66219 0.665367 0.666415 0.665338 0.662131 0.656787 0.649296 0.639648 0.627837 0.613866 0.597754 0.579536 0.559275 0.537063 0.513025 0.487324 0.460162 0.431777 0.402444 0.372465 0.342168 0.311895 0.281989 0.25279 0.224615 0.197754 0.172457 0.148926 0.127313 0.107712 0.0901636 0.0746575 0.0611353 0.049499 0.0396191 0.0313428 0.0245036 0.0189285 0.0144458 0.0108907 0.00810993 0.00596468 0.00433253 0.00310795 0.00220198 0.00154126 0.00106656 0.000731095 0.00049878 0.000342575 0.00024301 0.000187051 
0.000198633 0.000214451 0.000272013 0.000379658 0.000552061 0.00081133 0.00118838 0.00172463 0.00247386 0.00350417 0.00489983 0.0067628 0.00921369 0.0123918 0.016454 0.0215725 0.0279308 0.0357177 0.0451208 0.0563176 0.069466 0.0846947 0.102094 0.121705 0.143517 0.167457 0.193394 0.221137 0.250438 0.281004 0.312502 0.344575 0.376852 0.408961 0.440542 0.471258 0.500803 0.528908 0.555346 0.579934 0.602532 0.623037 0.641384 0.657537 0.671485 0.683232 0.692796 0.7002 0.705465 0.708612 0.709652 0.708591 0.705421 0.70013 0.692697 0.683097 0.671309 0.657314 0.641108 0.622702 0.602135 0.579475 0.554824 0.528327 0.50017 0.470583 0.439839 0.408245 0.376141 0.343889 0.31186 0.280423 0.249936 0.220725 0.193082 0.167248 0.143411 0.121697 0.102174 0.0848516 0.0696844 0.0565817 0.0454149 0.0360266 0.0282412 0.0218732 0.0167361 0.0126491 0.00944249 0.0069614 0.00506835 0.00364409 0.00258759 0.00181512 0.00125877 0.000864707 0.000591231 0.000407011 0.000289427 0.000223302 
0.000235151 0.000253859 0.000321545 0.000447875 0.000649826 0.000952906 0.00139269 0.00201665 0.00288622 0.00407888 0.00569006 0.00783464 0.0106477 0.0142845 0.0189184 0.0247384 0.0319438 0.0407377 0.051319 0.063872 0.0785568 0.095498 0.114774 0.136411 0.160369 0.186549 0.214781 0.244834 0.276419 0.309202 0.342811 0.376852 0.410924 0.444633 0.477603 0.509489 0.539985 0.568832 0.595816 0.620774 0.643587 0.664182 0.682518 0.698588 0.712406 0.724 0.73341 0.740675 0.745833 0.748912 0.749933 0.7489 0.745806 0.740631 0.733343 0.723904 0.712274 0.698412 0.682291 0.663895 0.643236 0.620353 0.595324 0.56827 0.539358 0.508806 0.476875 0.443877 0.410159 0.376098 0.34209 0.308535 0.275825 0.244328 0.214377 0.186254 0.160186 0.136335 0.114799 0.095611 0.0787436 0.0641161 0.0516033 0.0410457 0.0322602 0.0250502 0.0192151 0.0145584 0.0108937 0.00805007 0.00587429 0.00423292 0.00301221 0.00211745 0.0014715 0.00101295 0.00069406 0.000478868 0.000341329 0.00026394 
0.000275628 0.000297532 0.000376346 0.000523176 0.000757475 0.0011084 0.00161652 0.00233576 0.00333567 0.00470361 0.00654669 0.0089932 0.0121932 0.016318 0.0215577 0.0281178 0.036213 0.0460594 0.0578656 0.071821 0.0880851 0.106775 0.127956 0.151631 0.177735 0.206131 0.236612 0.268905 0.302679 0.337556 0.373126 0.408961 0.444633 0.479727 0.513857 0.546675 0.577881 0.607226 0.634517 0.659614 0.682426 0.702907 0.721048 0.736869 0.750412 0.761731 0.770886 0.777935 0.78293 0.78591 0.7869 0.785907 0.782923 0.77792 0.770857 0.761681 0.750332 0.73675 0.720879 0.70268 0.682132 0.659246 0.634071 0.606701 0.577278 0.546002 0.513124 0.478949 0.443829 0.408153 0.372337 0.33681 0.301998 0.26831 0.236118 0.205748 0.17747 0.151483 0.127919 0.106839 0.0882345 0.0720396 0.0581352 0.0463621 0.0365319 0.0284381 0.0218671 0.0166071 0.0124555 0.00922497 0.00674646 0.00487181 0.0034741 0.00244714 0.00170404 0.00117537 0.000807007 0.000557994 0.000398631 0.000308914 
0.000319909 0.000345297 0.000436188 0.000605219 0.000874482 0.00127701 0.00185863 0.00268008 0.00381942 0.00537428 0.00746383 0.0102302 0.0138386 0.0184765 0.0243506 0.0316825 0.0407012 0.0516349 0.0646999 0.0800886 0.0979573 0.118413 0.141504 0.167207 0.195427 0.22599 0.258648 0.293084 0.328923 0.365747 0.403106 0.440542 0.477603 0.513857 0.548912 0.582422 0.614095 0.643701 0.67107 0.696088 0.718695 0.738877 0.756655 0.77208 0.785222 0.796158 0.804972 0.811738 0.816522 0.819373 0.820323 0.819381 0.816535 0.811752 0.804982 0.796156 0.785197 0.772023 0.756554 0.73872 0.718471 0.695788 0.670686 0.643229 0.613533 0.581775 0.54819 0.513073 0.476775 0.439694 0.402261 0.364932 0.328164 0.292403 0.258066 0.225521 0.195079 0.166984 0.141401 0.118422 0.0980644 0.0802768 0.0649502 0.0519282 0.041019 0.0320082 0.0246703 0.018779 0.0141161 0.0104776 0.00767878 0.00555651 0.00397033 0.00280218 0.00195505 0.00135111 0.000929493 0.000644012 0.00046108 0.000358041 
0.000367703 0.00039684 0.000500665 0.000693427 0.000999991 0.00145746 0.00211713 0.00304685 0.00433346 0.00608515 0.00843346 0.0115344 0.0155686 0.0207395 0.0272701 0.0353971 0.0453632 0.057407 0.0717506 0.0885874 0.108068 0.130285 0.155268 0.182966 0.213249 0.245905 0.280643 0.317101 0.354861 0.393464 0.432425 0.471258 0.509489 0.546675 0.582422 0.616388 0.648299 0.677943 0.705178 0.72992 0.752141 0.77186 0.789131 0.804034 0.816666 0.827132 0.835533 0.841962 0.846497 0.849198 0.8501 0.849216 0.846531 0.842007 0.835583 0.827179 0.8167 0.804042 0.789101 0.771778 0.751995 0.729696 0.704866 0.677536 0.647793 0.615785 0.581728 0.545902 0.508654 0.470385 0.431539 0.392592 0.354032 0.316342 0.279977 0.245351 0.21282 0.182666 0.155097 0.130237 0.108128 0.0887409 0.0719775 0.057687 0.0456767 0.0357256 0.0275979 0.0210539 0.01586 0.0117966 0.00866305 0.00628113 0.00449675 0.00317968 0.00222253 0.0015388 0.0010606 0.000736301 0.000528243 0.000410991 
0.000418581 0.000451697 0.000569185 0.000786975 0.00113281 0.00164798 0.00238947 0.00343238 0.00487253 0.00682886 0.00944538 0.0128921 0.0173647 0.0230825 0.030284 0.0392205 0.0501469 0.0633105 0.0789378 0.0972203 0.1183 0.142256 0.169091 0.198728 0.230999 0.265651 0.30235 0.34069 0.380212 0.420414 0.460782 0.500803 0.539985 0.577881 0.614095 0.648299 0.680234 0.709715 0.736628 0.760923 0.782604 0.801724 0.818368 0.832649 0.84469 0.854616 0.862551 0.868602 0.872861 0.875395 0.876244 0.875422 0.872915 0.868677 0.862641 0.854712 0.844781 0.832724 0.818412 0.801721 0.78254 0.760783 0.736399 0.709385 0.679796 0.647752 0.613443 0.577134 0.539159 0.499919 0.459868 0.419498 0.379324 0.339862 0.301607 0.265017 0.230489 0.198352 0.168852 0.142147 0.118312 0.0973358 0.0791378 0.063574 0.0504528 0.039549 0.0306176 0.0234068 0.0176687 0.0131681 0.00968892 0.00703817 0.00504796 0.00357584 0.00250384 0.00173661 0.00119908 0.000833992 0.0005995 0.000467287 
0.000471977 0.000509253 0.000640975 0.000884796 0.0012714 0.00184637 0.00267245 0.00383212 0.00543024 0.00759654 0.0104874 0.0142868 0.0192051 0.025477 0.0333557 0.043106 0.0549939 0.0692736 0.0861741 0.105883 0.128532 0.154181 0.18281 0.214309 0.248472 0.285005 0.323531 0.363601 0.404712 0.446329 0.487905 0.528908 0.568832 0.607226 0.643701 0.677943 0.709715 0.73886 0.765293 0.788998 0.810016 0.82843 0.84436 0.857945 0.869333 0.878674 0.886107 0.891755 0.89572 0.898075 0.898868 0.898112 0.895791 0.891858 0.886234 0.878817 0.869481 0.858084 0.844476 0.828507 0.810036 0.788945 0.76515 0.738613 0.709355 0.677464 0.643104 0.606518 0.568028 0.528027 0.486976 0.44538 0.403776 0.362712 0.322719 0.284297 0.247886 0.213859 0.182502 0.154012 0.128492 0.105958 0.0863444 0.0695177 0.0552895 0.043432 0.0336929 0.0258093 0.0195201 0.0145754 0.0107441 0.00781861 0.00561745 0.00398599 0.00279568 0.00194224 0.00134333 0.00093597 0.000674045 0.000526295 
