0.00373974 0.00377139 0.00387331 0.00404623 0.00429094 0.00460853 0.00500034 0.0054679 0.00601292 0.00663717 0.00734251 0.00813071 0.00900348 0.00996229 0.0110084 0.0121426 0.0133655 0.0146769 0.0160763 0.0175623 0.0191328 0.0207852 0.0225159 0.0243203 0.0261932 0.0281283 0.0301185 0.0321558 0.0342315 0.0363359 0.0384586 0.0405886 0.0427143 0.0448236 0.0469039 0.0489426 0.0509266 0.0528431 0.0546793 0.0564227 0.0580609 0.0595825 0.0609763 0.0622323 0.0633411 0.0642944 0.0650849 0.0657068 0.0661552 0.0664267 0.0665192 0.0664321 0.066166 0.065723 0.0651065 0.0643214 0.0633735 0.0622702 0.0610196 0.0596311 0.0581149 0.056482 0.0547439 0.0529129 0.0510014 0.0490222 0.0469882 0.0449124 0.0428073 0.0406856 0.0385592 0.0364397 0.0343382 0.0322649 0.0302296 0.0282408 0.0263068 0.0244344 0.0226299 0.0208986 0.0192451 0.0176728 0.0161846 0.0147825 0.0134678 0.0122412 0.0111027 0.0100519 0.00908795 0.00820969 0.00741564 0.00670414 0.00607343 0.00552172 0.00504724 0.00464834 0.00432352 0.00407146 0.00389113 0.00378196 
0.00377139 0.00380332 0.00390611 0.0040805 0.00432728 0.00464755 0.00504264 0.00551411 0.00606366 0.00669311 0.00740429 0.008199 0.00907893 0.0100456 0.0111002 0.0122437 0.0134765 0.0147985 0.016209 0.0177068 0.0192899 0.0209553 0.0226996 0.0245181 0.0264055 0.0283556 0.0303611 0.0324141 0.0345056 0.0366259 0.0387646 0.0409106 0.0430521 0.0451771 0.0472728 0.0493265 0.0513251 0.0532556 0.0551051 0.0568611 0.0585111 0.0600436 0.0614475 0.0627124 0.0638291 0.0647891 0.0655853 0.0662115 0.0666631 0.0669365 0.0670296 0.0669418 0.0666738 0.0662276 0.0656067 0.0648159 0.0638612 0.06275 0.0614904 0.0600919 0.0585648 0.05692 0.0551693 0.0533249 0.0513994 0.0494057 0.0473567 0.0452654 0.0431448 0.0410071 0.0388648 0.0367293 0.0346119 0.0325229 0.0304719 0.0284679 0.0265189 0.024632 0.0228134 0.0210686 0.0194021 0.0178174 0.0163173 0.0149041 0.0135788 0.0123423 0.0111946 0.0101353 0.00916353 0.00827811 0.00747755 0.00676021 0.00612431 0.00556805 0.00508965 0.00468745 0.00435994 0.00410581 0.00392399 0.00381392 
0.00387331 0.00390611 0.00401158 0.00419044 0.0044435 0.00477189 0.00517697 0.0056603 0.00622362 0.00686876 0.00759759 0.00841194 0.0093135 0.0103038 0.0113841 0.0125552 0.0138176 0.0151711 0.0166152 0.0181483 0.0197684 0.0214727 0.0232573 0.0251176 0.0270482 0.0290425 0.0310933 0.0331922 0.0353303 0.0374976 0.0396833 0.0418763 0.0440644 0.0462353 0.0483761 0.0504737 0.0525149 0.0544863 0.0563748 0.0581676 0.0598522 0.0614166 0.0628496 0.0641407 0.0652804 0.0662601 0.0670726 0.0677116 0.0681723 0.0684512 0.0685461 0.0684564 0.0681827 0.0677272 0.0670934 0.0662862 0.0653117 0.0641772 0.0628914 0.0614637 0.0599045 0.0582252 0.0564376 0.0545541 0.0525877 0.0505514 0.0484585 0.0463222 0.0441556 0.0419715 0.0397823 0.0375998 0.0354356 0.0333 0.0312032 0.0291541 0.0271609 0.0252309 0.0233707 0.0215856 0.0198804 0.0182587 0.0167234 0.0152767 0.01392 0.0126539 0.0114786 0.0103938 0.00939839 0.00849137 0.00767119 0.0069362 0.0062846 0.00571455 0.00522427 0.00481207 0.0044764 0.00421593 0.0040296 0.00391682 
0.00404623 0.0040805 0.00419044 0.00437679 0.00464039 0.00498239 0.00540417 0.00590737 0.00649373 0.00716515 0.00792351 0.00877068 0.0097084 0.0107382 0.0118613 0.0130785 0.0143903 0.0157966 0.0172964 0.0188885 0.0205704 0.0223393 0.0241911 0.026121 0.0281233 0.0301912 0.0323172 0.0344926 0.0367081 0.0389533 0.0412172 0.043488 0.0457535 0.0480006 0.0502162 0.0523866 0.0544983 0.0565375 0.0584907 0.0603446 0.0620863 0.0637036 0.0651848 0.0665193 0.0676971 0.0687095 0.0695489 0.0702091 0.070685 0.0709729 0.0710708 0.0709778 0.0706948 0.0702239 0.0695687 0.0687343 0.0677269 0.0665542 0.0652248 0.0637487 0.0621365 0.0603999 0.0585511 0.056603 0.0545687 0.0524619 0.0502962 0.0480851 0.0458423 0.043581 0.041314 0.0390535 0.0368114 0.0345987 0.0324255 0.0303014 0.0282347 0.0262333 0.0243036 0.0224515 0.0206819 0.0189985 0.0174045 0.0159021 0.0144929 0.0131775 0.0119562 0.0108285 0.00979373 0.00885061 0.00799763 0.00723312 0.00655524 0.00596213 0.00545196 0.00502299 0.00467365 0.00440259 0.00420869 0.00409137 
0.00429094 0.00432728 0.0044435 0.00464039 0.00491881 0.00527994 0.00572522 0.00625632 0.00687507 0.00758339 0.00838323 0.0092765 0.010265 0.0113502 0.0125333 0.0138153 0.0151965 0.0166765 0.0182547 0.0199292 0.0216978 0.0235571 0.025503 0.0275303 0.029633 0.0318039 0.034035 0.0363174 0.038641 0.0409952 0.0433683 0.045748 0.0481214 0.050475 0.0527949 0.0550671 0.0572773 0.0594111 0.0614544 0.0633936 0.065215 0.066906 0.0684546 0.0698494 0.0710803 0.0721383 0.0730154 0.073705 0.074202 0.0745026 0.0746046 0.0745072 0.0742111 0.0737187 0.0730337 0.0721613 0.0711081 0.069882 0.068492 0.0669483 0.0652622 0.0634457 0.0615115 0.0594731 0.0573442 0.0551389 0.0528714 0.0505561 0.0482069 0.0458377 0.043462 0.0410925 0.0387416 0.0364209 0.0341411 0.031912 0.0297426 0.027641 0.0256142 0.0236683 0.0218084 0.0200387 0.0183624 0.016782 0.015299 0.0139145 0.0126286 0.011441 0.0103509 0.00935706 0.00845804 0.00765206 0.00693727 0.00631176 0.00577363 0.00532111 0.00495257 0.0046666 0.00446207 0.00433837 
0.00460853 0.00464755 0.00477189 0.00498239 0.00527994 0.00566577 0.00614138 0.00670851 0.00736905 0.008125 0.00897836 0.00993109 0.010985 0.0121417 0.0134023 0.0147677 0.0162381 0.0178133 0.0194922 0.021273 0.0231531 0.0251288 0.0271957 0.0293483 0.03158 0.0338833 0.0362496 0.0386693 0.041132 0.0436261 0.0461393 0.0486588 0.0511707 0.0536609 0.0561148 0.0585174 0.0608538 0.0631089 0.0652679 0.0673163 0.0692399 0.0710255 0.0726602 0.0741324 0.0754314 0.0765477 0.077473 0.0782004 0.0787245 0.0790413 0.0791485 0.0790454 0.0787327 0.0782127 0.0774895 0.0765685 0.0754566 0.074162 0.0726942 0.0710641 0.0692832 0.0673643 0.0653207 0.0631665 0.0609162 0.0585846 0.0561867 0.0537375 0.0512518 0.0487442 0.0462289 0.0437195 0.0412289 0.0387695 0.0363526 0.0339886 0.0316872 0.0294569 0.0273051 0.0252385 0.0232625 0.0213816 0.0195994 0.0179185 0.0163407 0.014867 0.0134979 0.012233 0.0110716 0.0100124 0.00905397 0.00819451 0.0074321 0.00676477 0.00619057 0.00570765 0.00531431 0.00500911 0.00479085 0.00465891 
0.00500034 0.00504264 0.00517697 0.00540417 0.00572522 0.00614138 0.00665424 0.0072656 0.00797743 0.00879181 0.00971083 0.0107365 0.0118707 0.0131149 0.0144705 0.0159381 0.017518 0.0192097 0.0210119 0.0229228 0.0249392 0.0270574 0.0292723 0.0315781 0.0339676 0.0364327 0.0389641 0.0415517 0.044184 0.0468489 0.0495333 0.0522232 0.0549042 0.057561 0.0601782 0.0627399 0.0652302 0.0676332 0.0699331 0.0721145 0.0741626 0.0760632 0.077803 0.0793694 0.0807513 0.0819386 0.0829225 0.0836959 0.0842529 0.0845895 0.0847032 0.084593 0.08426 0.0837065 0.0829368 0.0819566 0.0807732 0.0793952 0.0778329 0.0760973 0.074201 0.0721574 0.0699805 0.0676852 0.065287 0.0628014 0.0602445 0.057632 0.0549798 0.0523033 0.0496177 0.0469375 0.0442764 0.0416476 0.0390632 0.0365345 0.0340717 0.031684 0.0293795 0.0271652 0.0250472 0.0230302 0.0211183 0.0193143 0.0176203 0.0160375 0.0145664 0.0132068 0.0119579 0.0108186 0.00978735 0.00886228 0.00804145 0.0073228 0.00670432 0.00618408 0.00576031 0.00543149 0.00519638 0.00505434 
0.0054679 0.00551411 0.0056603 0.00590737 0.00625632 0.00670851 0.0072656 0.00792947 0.00870219 0.00958594 0.0105829 0.0116951 0.0129244 0.0142726 0.0157407 0.0173294 0.019039 0.0208686 0.022817 0.0248818 0.0270597 0.0293463 0.0317364 0.0342232 0.0367992 0.0394555 0.042182 0.0449677 0.0478004 0.0506669 0.0535532 0.0564443 0.0593246 0.0621779 0.0649875 0.0677367 0.0704083 0.0729854 0.0754513 0.0777894 0.0799841 0.0820202 0.0838835 0.0855608 0.0870403 0.088311 0.089364 0.0901914 0.0907872 0.091147 0.0912682 0.0911498 0.0907929 0.0902 0.0893756 0.0883257 0.0870582 0.0855822 0.0839084 0.0820489 0.0800167 0.0778262 0.0754923 0.0730309 0.0704584 0.0677914 0.065047 0.0622421 0.0593935 0.0565179 0.0536314 0.0507496 0.0478872 0.0450584 0.0422763 0.0395529 0.0368994 0.0343256 0.0318405 0.0294517 0.0271656 0.0249877 0.0229222 0.0209725 0.0191409 0.0174288 0.0158368 0.0143649 0.0130124 0.011778 0.0106603 0.00965743 0.00876726 0.00798771 0.00731667 0.00675211 0.00629221 0.00593535 0.00568023 0.00552618 
0.00601292 0.00606366 0.00622362 0.00649373 0.00687507 0.00736905 0.00797743 0.00870219 0.00954551 0.0105097 0.0115969 0.0128093 0.0141489 0.0156173 0.0172157 0.0189447 0.0208042 0.0227934 0.0249107 0.0271534 0.0295178 0.0319991 0.0345913 0.0372871 0.0400783 0.0429551 0.0459065 0.0489207 0.0519843 0.0550831 0.0582018 0.0613245 0.0644342 0.0675135 0.0705446 0.0735093 0.0763894 0.0791667 0.0818232 0.0843414 0.0867044 0.0888961 0.0909013 0.092706 0.0942973 0.095664 0.0967961 0.0976856 0.0983259 0.0987123 0.0988421 0.0987143 0.0983299 0.0976918 0.0968045 0.0956748 0.0943107 0.0927221 0.0909204 0.0889184 0.0867302 0.084371 0.0818567 0.0792044 0.0764315 0.073556 0.070596 0.0675697 0.0644953 0.0613905 0.0582727 0.0551586 0.0520644 0.0490051 0.045995 0.0430472 0.0401737 0.0373853 0.0346918 0.0321013 0.0296211 0.0272572 0.0250144 0.0228962 0.0209055 0.0190438 0.0173119 0.01571 0.0142375 0.0128931 0.0116753 0.0105822 0.00961166 0.00876152 0.00802954 0.00741362 0.00691181 0.00652244 0.00624412 0.00607615 
0.00663717 0.00669311 0.00686876 0.00716515 0.00758339 0.008125 0.00879181 0.00958594 0.0105097 0.0115653 0.0127553 0.0140818 0.0155469 0.0171521 0.0188985 0.0207868 0.0228167 0.0249872 0.0272963 0.029741 0.032317 0.035019 0.0378403 0.0407731 0.043808 0.0469345 0.0501407 0.0534133 0.0567381 0.0600996 0.0634812 0.0668655 0.0702344 0.073569 0.0768501 0.0800582 0.0831735 0.0861766 0.0890482 0.0917694 0.0943222 0.0966892 0.0988543 0.100802 0.10252 0.103995 0.105216 0.106175 0.106866 0.107282 0.107421 0.107283 0.106868 0.106179 0.105221 0.104001 0.102528 0.100813 0.0988668 0.0967043 0.0943402 0.0917907 0.0890731 0.0862054 0.0832065 0.0800956 0.0768923 0.073616 0.0702864 0.0669226 0.0635434 0.0601669 0.0568104 0.0534904 0.0502223 0.0470204 0.0438977 0.0408662 0.0379363 0.0351173 0.032417 0.0298421 0.0273979 0.0250885 0.022917 0.0208854 0.0189946 0.0172449 0.0156359 0.0141663 0.0128346 0.0116388 0.0105769 0.00964635 0.00884499 0.00817056 0.00762102 0.00719461 0.00688987 0.00670605 
0.00734251 0.00740429 0.00759759 0.00792351 0.00838323 0.00897836 0.00971083 0.0105829 0.0115969 0.0127553 0.0140606 0.0155152 0.0171209 0.0188795 0.020792 0.0228588 0.0250796 0.0274531 0.0299768 0.0326474 0.0354601 0.0384089 0.0414864 0.0446838 0.047991 0.0513962 0.0548865 0.0584475 0.0620636 0.0657178 0.0693922 0.073068 0.0767255 0.0803442 0.0839035 0.0873822 0.0907591 0.0940132 0.0971237 0.10007 0.102834 0.105396 0.107738 0.109846 0.111703 0.113298 0.114618 0.115655 0.116401 0.11685 0.117001 0.11685 0.116401 0.115655 0.114619 0.113299 0.111705 0.109849 0.107743 0.105403 0.102843 0.100082 0.0971388 0.0940318 0.0907817 0.0874091 0.083935 0.0803806 0.076767 0.0731149 0.0694445 0.0657755 0.0621267 0.058516 0.0549601 0.0514747 0.0480739 0.0447709 0.041577 0.0385026 0.0355562 0.0327453 0.0300757 0.0275523 0.0251784 0.0229564 0.0208875 0.0189723 0.0172101 0.0156001 0.0141407 0.0128297 0.0116651 0.0106443 0.00976505 0.00902491 0.00842177 0.00795375 0.00761932 0.0074177 
0.00813071 0.008199 0.00841194 0.00877068 0.0092765 0.00993109 0.0107365 0.0116951 0.0128093 0.0140818 0.0155152 0.0171117 0.0188735 0.0208021 0.0228986 0.0251632 0.0275954 0.0301935 0.0329548 0.0358753 0.0389496 0.0421711 0.0455316 0.0490212 0.0526288 0.0563416 0.0601452 0.0640241 0.067961 0.0719376 0.0759344 0.079931 0.0839058 0.087837 0.091702 0.0954781 0.0991423 0.102672 0.106045 0.109239 0.112234 0.115009 0.117547 0.119828 0.121839 0.123565 0.124994 0.126116 0.126922 0.127408 0.12757 0.127407 0.12692 0.126113 0.12499 0.123561 0.121835 0.119824 0.117543 0.115007 0.112233 0.109241 0.106049 0.102679 0.0991532 0.0954931 0.0917216 0.0878615 0.0839356 0.0799662 0.0759754 0.0719844 0.0680137 0.0640827 0.0602096 0.0564115 0.0527039 0.0491011 0.0456158 0.0422592 0.0390409 0.035969 0.0330503 0.03029 0.0276921 0.0252593 0.0229932 0.0208944 0.0189627 0.017197 0.0155958 0.014157 0.0128784 0.0117575 0.0107917 0.0099786 0.00931591 0.00880169 0.0084343 0.00821291 
0.00900348 0.00907893 0.0093135 0.0097084 0.010265 0.010985 0.0118707 0.0129244 0.0141489 0.0155469 0.0171209 0.0188735 0.0208066 0.022922 0.0252204 0.0277021 0.0303661 0.0332105 0.036232 0.0394262 0.0427871 0.046307 0.0499769 0.053786 0.0577219 0.0617706 0.0659164 0.070142 0.074429 0.0787571 0.0831053 0.0874513 0.0917718 0.0960431 0.100241 0.10434 0.108317 0.112146 0.115804 0.119267 0.122513 0.12552 0.128269 0.13074 0.132917 0.134786 0.136332 0.137546 0.138418 0.138944 0.139119 0.138942 0.138414 0.137539 0.136323 0.134775 0.132906 0.130728 0.128256 0.125508 0.122502 0.119257 0.115796 0.112141 0.108315 0.104342 0.100247 0.0960542 0.0917883 0.0874735 0.0831336 0.0787917 0.0744699 0.0701895 0.0659702 0.0618306 0.0577879 0.0538577 0.0500537 0.0463884 0.0428725 0.039515 0.0363234 0.0333036 0.0304601 0.0277962 0.0253136 0.0230134 0.0208954 0.0189587 0.0172018 0.0156226 0.0142188 0.0129877 0.0119268 0.0110334 0.0103052 0.00974014 0.00933648 0.00909335 
0.00996229 0.0100456 0.0103038 0.0107382 0.0113502 0.0121417 0.0131149 0.0142726 0.0156173 0.0171521 0.0188795 0.0208021 0.022922 0.0252407 0.027759 0.0304768 0.0333929 0.036505 0.0398094 0.0433009 0.0469727 0.0508165 0.054822 0.0589775 0.0632692 0.0676816 0.0721977 0.0767986 0.0814641 0.0861722 0.0909 0.0956233 0.100317 0.104955 0.109512 0.11396 0.118273 0.122425 0.12639 0.130142 0.133658 0.136915 0.139891 0.142566 0.144922 0.146943 0.148616 0.149929 0.150873 0.151441 0.151629 0.151437 0.150865 0.149918 0.148602 0.146927 0.144903 0.142545 0.139868 0.136892 0.133635 0.13012 0.126369 0.122406 0.118257 0.113947 0.109503 0.104952 0.100319 0.095631 0.0909141 0.086193 0.0814918 0.0768334 0.0722396 0.0677305 0.0633248 0.0590396 0.0548902 0.0508902 0.0470514 0.0433838 0.0398957 0.0365939 0.0334835 0.0305681 0.0278502 0.0253307 0.0230099 0.0208869 0.0189603 0.0172281 0.0156877 0.0143365 0.0131718 0.0121908 0.0113912 0.0107706 0.0103274 0.0100605 
0.0110084 0.0111002 0.0113841 0.0118613 0.0125333 0.0134023 0.0144705 0.0157407 0.0172157 0.0188985 0.020792 0.0228986 0.0252204 0.027759 0.0305148 0.0334877 0.0366761 0.0400772 0.0436866 0.0474987 0.0515056 0.0556982 0.0600651 0.0645931 0.0692674 0.0740709 0.0789848 0.0839887 0.0890604 0.0941761 0.0993109 0.104439 0.109532 0.114563 0.119503 0.124324 0.128998 0.133495 0.137787 0.141849 0.145654 0.149177 0.152395 0.155287 0.157834 0.160019 0.161826 0.163245 0.164264 0.164877 0.16508 0.164872 0.164253 0.163229 0.161806 0.159995 0.157806 0.155256 0.152361 0.149141 0.145617 0.141813 0.137752 0.13346 0.128966 0.124296 0.119479 0.114543 0.109518 0.10443 0.0993093 0.0941817 0.0890734 0.0840094 0.0790133 0.0741071 0.0693113 0.0646444 0.0601234 0.055763 0.0515764 0.0475746 0.0437669 0.040161 0.0367625 0.0335757 0.0306034 0.027847 0.025307 0.0229826 0.0208724 0.0189745 0.0172863 0.015805 0.0145279 0.0134521 0.012575 0.0118943 0.0114082 0.0111156 
0.0121426 0.0122437 0.0125552 0.0130785 0.0138153 0.0147677 0.0159381 0.0173294 0.0189447 0.0207868 0.0228588 0.0251632 0.0277021 0.0304768 0.0334877 0.0367343 0.0402147 0.0439256 0.047862 0.0520173 0.0563831 0.0609488 0.065702 0.0706284 0.0757113 0.0809322 0.0862707 0.0917043 0.097209 0.102759 0.108327 0.113885 0.119404 0.124852 0.130201 0.135418 0.140473 0.145336 0.149977 0.154366 0.158477 0.162282 0.165757 0.16888 0.171629 0.173986 0.175936 0.177466 0.178565 0.179227 0.179445 0.17922 0.178552 0.177446 0.17591 0.173955 0.171592 0.168838 0.165712 0.162234 0.158427 0.154315 0.149926 0.145286 0.140425 0.135372 0.130159 0.124815 0.119372 0.113859 0.108308 0.102748 0.0972058 0.0917094 0.0862843 0.0809545 0.0757421 0.0706675 0.0657492 0.0610034 0.0564446 0.0520851 0.0479352 0.0440033 0.040296 0.0368181 0.0335728 0.0305622 0.0277866 0.0252458 0.0229384 0.0208623 0.0190151 0.0173939 0.0159958 0.0148179 0.0138575 0.0131121 0.0125798 0.0122596 
0.0133655 0.0134765 0.0138176 0.0143903 0.0151965 0.0162381 0.017518 0.019039 0.0208042 0.0228167 0.0250796 0.0275954 0.0303661 0.0333929 0.0366761 0.0402147 0.0440065 0.0480475 0.0523321 0.0568529 0.0616004 0.0665629 0.0717269 0.0770763 0.0825931 0.0882569 0.0940456 0.0999347 0.105898 0.111908 0.117934 0.123947 0.129915 0.135805 0.141584 0.14722 0.152678 0.157927 0.162935 0.167669 0.172102 0.176204 0.17995 0.183314 0.186276 0.188815 0.190915 0.192563 0.193746 0.194457 0.194692 0.194449 0.193729 0.192538 0.190883 0.188775 0.18623 0.183262 0.179892 0.176143 0.172037 0.167603 0.162867 0.15786 0.152612 0.147156 0.141524 0.135749 0.129864 0.123903 0.117897 0.111878 0.105877 0.0999226 0.0940428 0.0882636 0.0826092 0.0771018 0.0717614 0.0666061 0.0616516 0.0569115 0.0523972 0.0481181 0.0440817 0.0402933 0.036757 0.0334749 0.030448 0.027676 0.0251578 0.0228913 0.0208741 0.0191033 0.0175758 0.0162886 0.015239 0.0144243 0.0138426 0.0134928 
0.0146769 0.0147985 0.0151711 0.0157966 0.0166765 0.0178133 0.0192097 0.0208686 0.0227934 0.0249872 0.0274531 0.0301935 0.0332105 0.036505 0.0400772 0.0439256 0.0480475 0.0524384 0.0570918 0.0619995 0.0671509 0.0725331 0.078131 0.0839272 0.089902 0.0960331 0.102296 0.108665 0.115112 0.121605 0.128114 0.134606 0.141046 0.147399 0.153631 0.159705 0.165586 0.171239 0.176631 0.181727 0.186497 0.19091 0.194938 0.198556 0.20174 0.204469 0.206726 0.208496 0.209767 0.210531 0.210783 0.210521 0.209747 0.208466 0.206687 0.204421 0.201684 0.198492 0.194868 0.190834 0.186417 0.181644 0.176545 0.171153 0.1655 0.159621 0.15355 0.147322 0.140974 0.134541 0.128057 0.121556 0.115071 0.108635 0.102276 0.0960228 0.0899021 0.0839377 0.0781516 0.0725634 0.0671904 0.0620476 0.0571476 0.0525008 0.0481155 0.0439981 0.040153 0.0365828 0.033289 0.0302715 0.0275293 0.0250604 0.0228624 0.0209324 0.0192672 0.0178638 0.0167192 0.0158308 0.0151965 0.0148152 
0.0160763 0.016209 0.0166152 0.0172964 0.0182547 0.0194922 0.0210119 0.022817 0.0249107 0.0272963 0.0299768 0.0329548 0.036232 0.0398094 0.0436866 0.047862 0.0523321 0.0570918 0.0621339 0.067449 0.0730254 0.078849 0.0849031 0.0911688 0.0976244 0.104246 0.111007 0.117879 0.124831 0.131831 0.138845 0.145836 0.15277 0.159607 0.16631 0.172842 0.179164 0.185239 0.191031 0.196504 0.201625 0.206361 0.210683 0.214564 0.217979 0.220906 0.223326 0.225223 0.226585 0.227404 0.227673 0.227392 0.226561 0.225188 0.223279 0.220849 0.217912 0.214488 0.210599 0.20627 0.201528 0.196403 0.190927 0.185133 0.179058 0.172737 0.166208 0.159509 0.152676 0.14575 0.138766 0.131761 0.12477 0.117828 0.110967 0.104217 0.0976069 0.0911627 0.0849083 0.0788651 0.073052 0.0674853 0.0621791 0.0571449 0.052392 0.0479275 0.0437564 0.0398822 0.0363065 0.0330295 0.0300505 0.0273675 0.0249783 0.0228798 0.0210689 0.0195424 0.0182972 0.0173308 0.0166408 0.0162261 
0.0175623 0.0177068 0.0181483 0.0188885 0.0199292 0.021273 0.0229228 0.0248818 0.0271534 0.029741 0.0326474 0.0358753 0.0394262 0.0433009 0.0474987 0.0520173 0.0568529 0.0619995 0.067449 0.073191 0.0792124 0.0854979 0.0920292 0.0987855 0.105743 0.112877 0.120157 0.127553 0.135033 0.14256 0.150099 0.157611 0.165057 0.172397 0.17959 0.186597 0.193376 0.199888 0.206094 0.211957 0.217441 0.222512 0.227139 0.231292 0.234946 0.238077 0.240665 0.242693 0.24415 0.245025 0.245312 0.245011 0.244122 0.242652 0.240611 0.23801 0.234868 0.231204 0.227041 0.222406 0.217328 0.211838 0.205971 0.199762 0.193249 0.18647 0.179465 0.172275 0.16494 0.157501 0.149997 0.142467 0.134949 0.127481 0.120096 0.112828 0.105707 0.0987615 0.0920176 0.0854984 0.0792246 0.0732142 0.0674824 0.0620421 0.0569035 0.0520747 0.0475615 0.0433678 0.0394957 0.0359459 0.0327178 0.0298096 0.0272191 0.0249432 0.0229788 0.0213226 0.0199715 0.0189228 0.0181741 0.0177243 
0.0191328 0.0192899 0.0197684 0.0205704 0.0216978 0.0231531 0.0249392 0.0270597 0.0295178 0.032317 0.0354601 0.0389496 0.0427871 0.0469727 0.0515056 0.0563831 0.0616004 0.0671509 0.0730254 0.0792124 0.0856977 0.0924641 0.099492 0.106759 0.114238 0.121903 0.129723 0.137663 0.145689 0.153763 0.161845 0.169896 0.177872 0.185731 0.193431 0.200928 0.208179 0.215141 0.221775 0.22804 0.233898 0.239313 0.244253 0.248686 0.252585 0.255926 0.258687 0.260851 0.262404 0.263337 0.263643 0.263321 0.262372 0.260804 0.258625 0.25585 0.252496 0.248585 0.24414 0.23919 0.233766 0.227901 0.221631 0.214994 0.208029 0.200778 0.193283 0.185586 0.177731 0.169761 0.161719 0.153646 0.145582 0.137568 0.12964 0.121833 0.114182 0.106715 0.0994622 0.0924477 0.0856942 0.0792213 0.0730457 0.0671817 0.0616405 0.0564312 0.0515605 0.0470328 0.0428508 0.0390155 0.0355266 0.0323825 0.029581 0.0271192 0.0249939 0.0232017 0.0217395 0.0206045 0.0197942 0.0193076 
0.0207852 0.0209553 0.0214727 0.0223393 0.0235571 0.0251288 0.0270574 0.0293463 0.0319991 0.035019 0.0384089 0.0421711 0.046307 0.0508165 0.0556982 0.0609488 0.0665629 0.0725331 0.078849 0.0854979 0.0924641 0.0997292 0.107271 0.115066 0.123086 0.131301 0.139677 0.148179 0.156769 0.165406 0.174049 0.182653 0.191175 0.199569 0.207789 0.215789 0.223524 0.230949 0.238021 0.244698 0.250939 0.256707 0.261967 0.266687 0.270837 0.274393 0.27733 0.279633 0.281285 0.282277 0.282602 0.282259 0.281249 0.27958 0.277261 0.274307 0.270737 0.266572 0.26184 0.256568 0.25079 0.24454 0.237857 0.23078 0.223352 0.215616 0.207616 0.199399 0.19101 0.182494 0.173897 0.165264 0.156637 0.148059 0.13957 0.131208 0.123007 0.115002 0.107222 0.0996944 0.0924437 0.0854911 0.078855 0.072551 0.0665915 0.0609867 0.0557441 0.0508688 0.0463641 0.0422314 0.0384707 0.0350807 0.0320593 0.0294035 0.0271103 0.0251762 0.023598 0.0223729 0.0214983 0.0209733 
0.0225159 0.0226996 0.0232573 0.0241911 0.025503 0.0271957 0.0292723 0.0317364 0.0345913 0.0378403 0.0414864 0.0455316 0.0499769 0.054822 0.0600651 0.065702 0.0717269 0.078131 0.0849031 0.0920292 0.099492 0.107271 0.115344 0.123683 0.132259 0.141039 0.149988 0.159067 0.168236 0.177451 0.186668 0.195841 0.204922 0.213863 0.222615 0.23113 0.239359 0.247257 0.254776 0.261872 0.268504 0.274632 0.280219 0.28523 0.289636 0.29341 0.296527 0.29897 0.300723 0.301775 0.30212 0.301755 0.300683 0.298911 0.29645 0.293314 0.289524 0.285102 0.280076 0.274476 0.268337 0.261695 0.25459 0.247065 0.239164 0.230932 0.222417 0.213667 0.20473 0.195655 0.18649 0.177283 0.168078 0.158922 0.149856 0.140922 0.132157 0.123597 0.115274 0.107217 0.0994532 0.0920055 0.0848937 0.0781348 0.0717428 0.0657287 0.060101 0.0548656 0.0500265 0.0455854 0.0415428 0.0378976 0.0346478 0.0317907 0.029323 0.0272415 0.0255428 0.024224 0.0232827 0.0227176 
0.0243203 0.0245181 0.0251176 0.026121 0.0275303 0.0293483 0.0315781 0.0342232 0.0372871 0.0407731 0.0446838 0.0490212 0.053786 0.0589775 0.0645931 0.0706284 0.0770763 0.0839272 0.0911688 0.0987855 0.106759 0.115066 0.123683 0.13258 0.141726 0.151086 0.160621 0.17029 0.180051 0.189857 0.19966 0.209413 0.219063 0.228561 0.237855 0.246893 0.255626 0.264003 0.271976 0.279499 0.286527 0.29302 0.298937 0.304244 0.308909 0.312904 0.316204 0.318789 0.320643 0.321756 0.322121 0.321734 0.3206 0.318724 0.316118 0.312799 0.308785 0.304103 0.298779 0.292847 0.286341 0.279301 0.271769 0.263789 0.255406 0.246671 0.237631 0.228339 0.218844 0.2092 0.199455 0.189661 0.179866 0.170118 0.160463 0.150944 0.1416 0.132471 0.123591 0.114991 0.1067 0.0987437 0.0911427 0.0839159 0.0770785 0.0706427 0.0646181 0.0590115 0.0538272 0.0490679 0.0447342 0.0408253 0.0373395 0.0342742 0.0316261 0.0293921 0.0275687 0.0261531 0.0251426 0.0245362 
0.0261932 0.0264055 0.0270482 0.0281233 0.029633 0.03158 0.0339676 0.0367992 0.0400783 0.043808 0.047991 0.0526288 0.0577219 0.0632692 0.0692674 0.0757113 0.0825931 0.089902 0.0976244 0.105743 0.114238 0.123086 0.132259 0.141726 0.151454 0.161404 0.171536 0.181807 0.192169 0.202575 0.212975 0.223316 0.233544 0.243607 0.25345 0.263018 0.27226 0.281122 0.289554 0.297508 0.304936 0.311797 0.318048 0.323653 0.328579 0.332797 0.33628 0.339008 0.340966 0.34214 0.342524 0.342116 0.340918 0.338938 0.336187 0.332682 0.328444 0.323498 0.317875 0.311607 0.304732 0.29729 0.289326 0.280885 0.272016 0.262771 0.2532 0.243358 0.233298 0.223075 0.212742 0.202352 0.191957 0.181607 0.171352 0.161235 0.151302 0.141593 0.132144 0.122989 0.11416 0.105682 0.0975805 0.0898743 0.0825804 0.0757123 0.0692805 0.0632926 0.0577539 0.0526675 0.0480345 0.0438545 0.0401259 0.0368463 0.0340126 0.0316214 0.0296697 0.0281542 0.0270726 0.0264237 
0.0281283 0.0283556 0.0290425 0.0301912 0.0318039 0.0338833 0.0364327 0.0394555 0.0429551 0.0469345 0.0513962 0.0563416 0.0617706 0.0676816 0.0740709 0.0809322 0.0882569 0.0960331 0.104246 0.112877 0.121903 0.131301 0.141039 0.151086 0.161404 0.171954 0.182691 0.193571 0.204543 0.215557 0.226559 0.237495 0.248307 0.25894 0.269336 0.279439 0.289193 0.298544 0.307438 0.315825 0.323656 0.330885 0.337472 0.343376 0.348564 0.353005 0.356672 0.359544 0.361605 0.36284 0.363244 0.362815 0.361553 0.359468 0.356571 0.35288 0.348417 0.343208 0.337283 0.330679 0.323432 0.315587 0.307188 0.298284 0.288926 0.279166 0.26906 0.258664 0.248033 0.237226 0.226298 0.215305 0.204303 0.193344 0.182479 0.171758 0.161226 0.150927 0.1409 0.131181 0.121803 0.112795 0.104183 0.0959882 0.0882286 0.080919 0.0740711 0.0676937 0.0617926 0.0563716 0.0514323 0.0469746 0.0429974 0.0394982 0.0364741 0.033922 0.0318386 0.0302209 0.0290663 0.0283737 
0.0301185 0.0303611 0.0310933 0.0323172 0.034035 0.0362496 0.0389641 0.042182 0.0459065 0.0501407 0.0548865 0.0601452 0.0659164 0.0721977 0.0789848 0.0862707 0.0940456 0.102296 0.111007 0.120157 0.129723 0.139677 0.149988 0.160621 0.171536 0.182691 0.194041 0.205535 0.217122 0.228748 0.240357 0.25189 0.263289 0.274495 0.285447 0.296086 0.306354 0.316194 0.325551 0.334371 0.342604 0.350203 0.357125 0.363328 0.368777 0.373441 0.377292 0.380308 0.38247 0.383767 0.384191 0.38374 0.382415 0.380226 0.377184 0.373307 0.368619 0.363146 0.356921 0.34998 0.342363 0.334113 0.32528 0.315912 0.306063 0.295788 0.285145 0.274192 0.262988 0.251593 0.240066 0.228467 0.216852 0.205279 0.1938 0.182468 0.171331 0.160436 0.149823 0.139533 0.1296 0.120055 0.110925 0.102233 0.0940005 0.0862423 0.0789714 0.0721976 0.0659276 0.0601658 0.0549144 0.0501738 0.045943 0.0422199 0.0390017 0.0362853 0.0340675 0.0323453 0.0311162 0.030379 
0.0321558 0.0324141 0.0331922 0.0344926 0.0363174 0.0386693 0.0415517 0.0449677 0.0489207 0.0534133 0.0584475 0.0640241 0.070142 0.0767986 0.0839887 0.0917043 0.0999347 0.108665 0.117879 0.127553 0.137663 0.148179 0.159067 0.17029 0.181807 0.193571 0.205535 0.217646 0.229851 0.242091 0.254307 0.26644 0.278426 0.290204 0.301711 0.312886 0.323667 0.333995 0.343812 0.353064 0.361698 0.369665 0.376919 0.383419 0.389129 0.394014 0.398047 0.401205 0.40347 0.404828 0.405271 0.404798 0.403411 0.401117 0.397931 0.393871 0.388959 0.383225 0.376701 0.369425 0.361439 0.352787 0.34352 0.33369 0.323351 0.312563 0.301383 0.289874 0.278096 0.266113 0.253987 0.24178 0.229551 0.217361 0.205265 0.193319 0.181574 0.170078 0.158877 0.148011 0.137517 0.127429 0.117776 0.108583 0.0998721 0.09166 0.0839609 0.0767856 0.0701418 0.0640345 0.0584666 0.0534389 0.0489508 0.0450003 0.0415849 0.0387017 0.0363473 0.034519 0.0332142 0.0324318 
0.0342315 0.0345056 0.0353303 0.0367081 0.038641 0.041132 0.044184 0.0478004 0.0519843 0.0567381 0.0620636 0.067961 0.074429 0.0814641 0.0890604 0.097209 0.105898 0.115112 0.124831 0.135033 0.145689 0.156769 0.168236 0.180051 0.192169 0.204543 0.217122 0.229851 0.242671 0.255524 0.268347 0.281076 0.293648 0.305996 0.318055 0.329762 0.341053 0.351865 0.362139 0.371819 0.380849 0.38918 0.396764 0.403558 0.409525 0.414629 0.418842 0.422141 0.424506 0.425924 0.426388 0.425893 0.424444 0.422048 0.41872 0.414477 0.409345 0.403352 0.396532 0.388925 0.380573 0.371523 0.361826 0.351537 0.340713 0.329414 0.317701 0.305638 0.29329 0.280722 0.267998 0.255184 0.242343 0.229536 0.216824 0.204263 0.191909 0.179812 0.168019 0.156575 0.145519 0.134886 0.124707 0.11501 0.105817 0.097148 0.0890175 0.0814374 0.0744166 0.0679607 0.0620733 0.0567557 0.0520075 0.0478273 0.0442126 0.0411606 0.0386682 0.0367326 0.0353511 0.034523 
0.0363359 0.0366259 0.0374976 0.0389533 0.0409952 0.0436261 0.0468489 0.0506669 0.0550831 0.0600996 0.0657178 0.0719376 0.0787571 0.0861722 0.0941761 0.102759 0.111908 0.121605 0.131831 0.14256 0.153763 0.165406 0.177451 0.189857 0.202575 0.215557 0.228748 0.242091 0.255524 0.268986 0.282411 0.295732 0.308883 0.321796 0.334402 0.346635 0.358429 0.36972 0.380446 0.390548 0.399969 0.408659 0.416567 0.423651 0.42987 0.43519 0.439581 0.443018 0.445482 0.446959 0.447442 0.446926 0.445416 0.44292 0.439451 0.43503 0.42968 0.423433 0.416322 0.408388 0.399676 0.390233 0.380113 0.369371 0.358067 0.346263 0.334022 0.321412 0.308498 0.295349 0.282033 0.268616 0.255166 0.241746 0.22842 0.215248 0.202287 0.18959 0.177208 0.165187 0.153568 0.14239 0.131685 0.121483 0.111808 0.102681 0.0941176 0.0861314 0.0787321 0.0719261 0.0657177 0.0601086 0.055099 0.0506877 0.0468725 0.0436507 0.0410194 0.0389757 0.0375172 0.0366429 
0.0384586 0.0387646 0.0396833 0.0412172 0.0433683 0.0461393 0.0495333 0.0535532 0.0582018 0.0634812 0.0693922 0.0759344 0.0831053 0.0909 0.0993109 0.108327 0.117934 0.128114 0.138845 0.150099 0.161845 0.174049 0.186668 0.19966 0.212975 0.226559 0.240357 0.254307 0.268347 0.282411 0.29643 0.310337 0.32406 0.337529 0.350674 0.363425 0.375714 0.387475 0.398644 0.409161 0.418966 0.428008 0.436234 0.443602 0.450068 0.455599 0.460163 0.463736 0.466297 0.467832 0.468333 0.467798 0.466228 0.463633 0.460028 0.455431 0.449869 0.443372 0.435976 0.427723 0.418657 0.408829 0.398292 0.387106 0.37533 0.363029 0.350269 0.337119 0.323648 0.309926 0.296024 0.282013 0.26796 0.253934 0.24 0.226221 0.212658 0.199366 0.186398 0.173804 0.161626 0.149905 0.138677 0.127972 0.117816 0.108231 0.0992362 0.0908446 0.0830671 0.0759113 0.0693818 0.0634813 0.0582101 0.0535675 0.0495516 0.0461597 0.0433892 0.0412373 0.0397016 0.0387812 
0.0405886 0.0409106 0.0418763 0.043488 0.045748 0.0486588 0.0522232 0.0564443 0.0613245 0.0668655 0.073068 0.079931 0.0874513 0.0956233 0.104439 0.113885 0.123947 0.134606 0.145836 0.157611 0.169896 0.182653 0.195841 0.209413 0.223316 0.237495 0.25189 0.26644 0.281076 0.295732 0.310337 0.324818 0.339102 0.353117 0.36679 0.380049 0.392823 0.405044 0.416647 0.427568 0.437748 0.447133 0.45567 0.463314 0.470022 0.475758 0.480491 0.484195 0.486851 0.488442 0.488962 0.488406 0.486779 0.484089 0.48035 0.475583 0.469813 0.463074 0.4554 0.446834 0.437424 0.427219 0.416276 0.404655 0.392417 0.37963 0.366362 0.352682 0.338664 0.32438 0.309903 0.295306 0.280661 0.266037 0.251505 0.237128 0.22297 0.209091 0.195544 0.182382 0.169652 0.157394 0.145646 0.134442 0.123809 0.113771 0.104347 0.0955529 0.0873996 0.0798958 0.073047 0.0668563 0.0613248 0.0564519 0.0522359 0.0486747 0.0457655 0.0435058 0.0418931 0.0409267 
0.0427143 0.0430521 0.0440644 0.0457535 0.0481214 0.0511707 0.0549042 0.0593246 0.0644342 0.0702344 0.0767255 0.0839058 0.0917718 0.100317 0.109532 0.119404 0.129915 0.141046 0.15277 0.165057 0.177872 0.191175 0.204922 0.219063 0.233544 0.248307 0.263289 0.278426 0.293648 0.308883 0.32406 0.339102 0.353935 0.368483 0.382671 0.396424 0.40967 0.422339 0.434363 0.445678 0.456223 0.46594 0.474779 0.482691 0.489633 0.495568 0.500465 0.504297 0.507044 0.50869 0.509227 0.508653 0.50697 0.504186 0.500318 0.495386 0.489416 0.482441 0.474498 0.465629 0.455884 0.445314 0.433976 0.421931 0.409244 0.395984 0.382219 0.368024 0.353472 0.338638 0.323599 0.308429 0.293204 0.277996 0.262876 0.247912 0.233171 0.218714 0.204599 0.190879 0.177603 0.164816 0.152557 0.140861 0.129757 0.119272 0.109424 0.100231 0.0917064 0.0838584 0.0766936 0.0702157 0.0644263 0.0593252 0.0549111 0.051182 0.0481353 0.0457687 0.0440797 0.0430678 
0.0448236 0.0451771 0.0462353 0.0480006 0.050475 0.0536609 0.057561 0.0621779 0.0675135 0.073569 0.0803442 0.087837 0.0960431 0.104955 0.114563 0.124852 0.135805 0.147399 0.159607 0.172397 0.185731 0.199569 0.213863 0.228561 0.243607 0.25894 0.274495 0.290204 0.305996 0.321796 0.337529 0.353117 0.368483 0.383548 0.398235 0.412468 0.426172 0.439274 0.451706 0.463402 0.474298 0.484338 0.493467 0.501637 0.508805 0.514933 0.519988 0.523943 0.526777 0.528476 0.529031 0.528438 0.526701 0.523828 0.519836 0.514744 0.508581 0.501379 0.493176 0.484015 0.473946 0.463023 0.451303 0.438849 0.425727 0.412007 0.397762 0.383066 0.367996 0.352628 0.337042 0.321315 0.305525 0.289746 0.274053 0.258518 0.243207 0.228185 0.213513 0.199247 0.185438 0.172133 0.159372 0.147193 0.135628 0.124702 0.114438 0.104854 0.0959637 0.0877771 0.0803013 0.0735406 0.0674972 0.0621713 0.057562 0.0536674 0.0504853 0.0480132 0.046249 0.0451921 
0.0469039 0.0472728 0.0483761 0.0502162 0.0527949 0.0561148 0.0601782 0.0649875 0.0705446 0.0768501 0.0839035 0.091702 0.100241 0.109512 0.119503 0.130201 0.141584 0.153631 0.16631 0.17959 0.193431 0.207789 0.222615 0.237855 0.25345 0.269336 0.285447 0.301711 0.318055 0.334402 0.350674 0.36679 0.382671 0.398235 0.413404 0.4281 0.442244 0.455764 0.468589 0.48065 0.491885 0.502233 0.511642 0.52006 0.527445 0.533756 0.538962 0.543035 0.545954 0.547704 0.548275 0.547664 0.545875 0.542917 0.538806 0.533562 0.527214 0.519793 0.511341 0.5019 0.49152 0.480257 0.46817 0.455322 0.441781 0.42762 0.412911 0.397731 0.38216 0.366277 0.350162 0.333896 0.317558 0.301227 0.284979 0.268887 0.253023 0.237453 0.22224 0.207442 0.193114 0.179303 0.166054 0.153404 0.141388 0.130032 0.119362 0.109395 0.100147 0.0916296 0.0838494 0.076812 0.0705198 0.0649738 0.0601732 0.0561164 0.0528015 0.050226 0.0483881 0.0472872 
0.0489426 0.0493265 0.0504737 0.0523866 0.0550671 0.0585174 0.0627399 0.0677367 0.0735093 0.0800582 0.0873822 0.0954781 0.10434 0.11396 0.124324 0.135418 0.14722 0.159705 0.172842 0.186597 0.200928 0.215789 0.23113 0.246893 0.263018 0.279439 0.296086 0.312886 0.329762 0.346635 0.363425 0.380049 0.396424 0.412468 0.4281 0.443238 0.457805 0.471724 0.484924 0.497335 0.508893 0.519537 0.529212 0.537867 0.545458 0.551946 0.557296 0.561481 0.56448 0.566278 0.566865 0.566237 0.564399 0.56136 0.557135 0.551746 0.545221 0.537593 0.528902 0.519194 0.508518 0.49693 0.484491 0.471267 0.457325 0.44274 0.427586 0.411944 0.395892 0.379513 0.36289 0.346105 0.32924 0.312376 0.295592 0.278964 0.262566 0.246466 0.230729 0.215418 0.200587 0.186287 0.172564 0.159458 0.147004 0.135232 0.124166 0.113828 0.104233 0.0953931 0.087317 0.0800102 0.0734761 0.0677157 0.0627288 0.0585142 0.0550698 0.0523938 0.0504841 0.0493402 
0.0509266 0.0513251 0.0525149 0.0544983 0.0572773 0.0608538 0.0652302 0.0704083 0.0763894 0.0831735 0.0907591 0.0991423 0.108317 0.118273 0.128998 0.140473 0.152678 0.165586 0.179164 0.193376 0.208179 0.223524 0.239359 0.255626 0.27226 0.289193 0.306354 0.323667 0.341053 0.358429 0.375714 0.392823 0.40967 0.426172 0.442244 0.457805 0.472773 0.487073 0.50063 0.513374 0.525238 0.536163 0.54609 0.55497 0.562757 0.569411 0.574897 0.579189 0.582264 0.584108 0.584709 0.584066 0.582182 0.579066 0.574733 0.569207 0.562514 0.55469 0.545773 0.53581 0.524853 0.512957 0.500184 0.486602 0.472279 0.45729 0.441713 0.425628 0.409118 0.392266 0.375157 0.357875 0.340506 0.323133 0.305836 0.288694 0.271782 0.255174 0.238935 0.223129 0.207815 0.193044 0.178865 0.165319 0.152443 0.140269 0.128823 0.118126 0.108196 0.099045 0.0906829 0.0831159 0.0763477 0.0703801 0.0652131 0.0608457 0.0572762 0.0545027 0.0525235 0.0513382 
0.0528431 0.0532556 0.0544863 0.0565375 0.0594111 0.0631089 0.0676332 0.0729854 0.0791667 0.0861766 0.0940132 0.102672 0.112146 0.122425 0.133495 0.145336 0.157927 0.171239 0.185239 0.199888 0.215141 0.230949 0.247257 0.264003 0.281122 0.298544 0.316194 0.333995 0.351865 0.36972 0.387475 0.405044 0.422339 0.439274 0.455764 0.471724 0.487073 0.501732 0.515626 0.528684 0.540838 0.552027 0.562193 0.571284 0.579255 0.586065 0.59168 0.596073 0.599219 0.601105 0.601721 0.601063 0.599135 0.595947 0.591514 0.585858 0.579007 0.570998 0.561869 0.551666 0.540443 0.528257 0.515169 0.501248 0.486564 0.471194 0.455216 0.438713 0.421768 0.404467 0.386897 0.369144 0.351296 0.333438 0.315652 0.298021 0.280621 0.263527 0.246809 0.230532 0.214755 0.199535 0.184919 0.170953 0.157674 0.145115 0.133304 0.122264 0.112012 0.102563 0.0939262 0.0861094 0.0791167 0.0729501 0.0676101 0.063096 0.0594062 0.0565392 0.0544932 0.053268 
0.0546793 0.0551051 0.0563748 0.0584907 0.0614544 0.0652679 0.0699331 0.0754513 0.0818232 0.0890482 0.0971237 0.106045 0.115804 0.12639 0.137787 0.149977 0.162935 0.176631 0.191031 0.206094 0.221775 0.238021 0.254776 0.271976 0.289554 0.307438 0.325551 0.343812 0.362139 0.380446 0.398644 0.416647 0.434363 0.451706 0.468589 0.484924 0.50063 0.515626 0.529837 0.543188 0.555614 0.56705 0.577438 0.586728 0.594871 0.601828 0.607563 0.612049 0.615263 0.617189 0.617817 0.617146 0.615177 0.611921 0.607394 0.601617 0.594619 0.586436 0.577108 0.566683 0.555211 0.542752 0.529369 0.51513 0.500108 0.48438 0.468026 0.451128 0.433774 0.416051 0.398046 0.37985 0.36155 0.343234 0.324987 0.306893 0.289031 0.271478 0.254306 0.237582 0.221368 0.205721 0.190692 0.176326 0.162664 0.14974 0.137582 0.126215 0.115657 0.105924 0.0970263 0.0889717 0.0817651 0.075409 0.0699042 0.0652502 0.0614459 0.0584898 0.0563801 0.0551169 
0.0564227 0.0568611 0.0581676 0.0603446 0.0633936 0.0673163 0.0721145 0.0777894 0.0843414 0.0917694 0.10007 0.109239 0.119267 0.130142 0.141849 0.154366 0.167669 0.181727 0.196504 0.211957 0.22804 0.244698 0.261872 0.279499 0.297508 0.315825 0.334371 0.353064 0.371819 0.390548 0.409161 0.427568 0.445678 0.463402 0.48065 0.497335 0.513374 0.528684 0.543188 0.556814 0.569491 0.581157 0.591752 0.601225 0.609528 0.616621 0.622468 0.62704 0.630316 0.632279 0.63292 0.632236 0.63023 0.626911 0.622296 0.616407 0.609273 0.60093 0.591417 0.580783 0.569081 0.556369 0.542712 0.528178 0.512841 0.496779 0.480073 0.462809 0.445073 0.426955 0.408545 0.389933 0.37121 0.352465 0.333786 0.315258 0.296964 0.27898 0.261382 0.244238 0.227613 0.211564 0.196146 0.181405 0.167382 0.154113 0.141629 0.129954 0.119108 0.109107 0.099963 0.0916841 0.0842756 0.0777405 0.07208 0.067294 0.0633815 0.0603411 0.0581713 0.0568722 
0.0580609 0.0585111 0.0598522 0.0620863 0.065215 0.0692399 0.0741626 0.0799841 0.0867044 0.0943222 0.102834 0.112234 0.122513 0.133658 0.145654 0.158477 0.172102 0.186497 0.201625 0.217441 0.233898 0.250939 0.268504 0.286527 0.304936 0.323656 0.342604 0.361698 0.380849 0.399969 0.418966 0.437748 0.456223 0.474298 0.491885 0.508893 0.525238 0.540838 0.555614 0.569491 0.5824 0.594278 0.605064 0.614706 0.623156 0.630373 0.636322 0.640974 0.644307 0.646304 0.646956 0.646261 0.64422 0.640844 0.636148 0.630157 0.622898 0.614406 0.604724 0.593899 0.581985 0.56904 0.555129 0.540323 0.524695 0.508325 0.491295 0.473692 0.455603 0.43712 0.418334 0.399337 0.380222 0.36108 0.342001 0.32307 0.304373 0.285989 0.267995 0.25046 0.233452 0.21703 0.20125 0.186158 0.171799 0.158209 0.14542 0.133457 0.122342 0.112091 0.102717 0.0942284 0.0866312 0.0799288 0.0741228 0.0692133 0.0651995 0.0620803 0.0598543 0.0585216 
0.0595825 0.0600436 0.0614166 0.0637036 0.066906 0.0710255 0.0760632 0.0820202 0.0888961 0.0966892 0.105396 0.115009 0.12552 0.136915 0.149177 0.162282 0.176204 0.19091 0.206361 0.222512 0.239313 0.256707 0.274632 0.29302 0.311797 0.330885 0.350203 0.369665 0.38918 0.408659 0.428008 0.447133 0.46594 0.484338 0.502233 0.519537 0.536163 0.552027 0.56705 0.581157 0.594278 0.606348 0.617307 0.627103 0.635686 0.643017 0.649059 0.653784 0.657168 0.659197 0.659859 0.659153 0.657081 0.653652 0.648884 0.642799 0.635426 0.6268 0.616964 0.605965 0.593857 0.580699 0.566558 0.551503 0.53561 0.518959 0.501633 0.483719 0.465308 0.44649 0.42736 0.408011 0.388537 0.36903 0.349582 0.330282 0.311215 0.292464 0.274105 0.256211 0.238851 0.222085 0.20597 0.190556 0.175887 0.162001 0.14893 0.136702 0.125338 0.114857 0.10527 0.0965875 0.0888159 0.0819589 0.0760184 0.0709947 0.0668873 0.0636953 0.0614172 0.0600535 
