0.000129699 0.000132462 0.00014246 0.000160039 0.000185745 0.000220349 0.000264846 0.00032045 0.000388593 0.000470915 0.000569254 0.000685634 0.000822241 0.000981402 0.00116555 0.00137719 0.00161884 0.00189301 0.00220211 0.00254842 0.00293399 0.00336057 0.0038296 0.00434203 0.00489835 0.00549845 0.00614163 0.00682647 0.00755086 0.00831192 0.00910602 0.00992877 0.010775 0.011639 0.0125142 0.0133935 0.0142695 0.0151341 0.0159793 0.0167965 0.0175775 0.0183141 0.0189981 0.0196221 0.020179 0.0206623 0.0210665 0.0213867 0.0216192 0.0217612 0.0218109 0.0217679 0.0216326 0.0214067 0.0210929 0.0206951 0.0202178 0.0196668 0.0190483 0.0183694 0.0176377 0.0168611 0.0160478 0.0152062 0.0143446 0.0134712 0.0125939 0.0117202 0.0108571 0.0100113 0.00918836 0.00839361 0.0076314 0.0069054 0.0062185 0.00557287 0.00496996 0.00441054 0.00389474 0.00342215 0.00299183 0.00260244 0.00225225 0.00193925 0.00166122 0.00141578 0.00120047 0.00101278 0.000850229 0.000710411 0.000591005 0.000489829 0.000404859 0.000334251 0.000276353 0.00022972 0.000193118 0.000165531 0.000146162 0.000134462 
0.000132462 0.000135291 0.000145516 0.000163487 0.000189765 0.000225137 0.000270619 0.000327453 0.0003971 0.000481236 0.000581738 0.000700672 0.000840271 0.00100291 0.00119106 0.00140729 0.00165417 0.00193424 0.00224997 0.00260367 0.00299742 0.00343303 0.00391191 0.00443506 0.00500295 0.00561547 0.00627187 0.0069707 0.00770981 0.00848623 0.00929627 0.0101354 0.0109985 0.0118795 0.0127718 0.0136683 0.0145612 0.0154425 0.0163038 0.0171367 0.0179325 0.018683 0.0193799 0.0200156 0.0205829 0.0210752 0.0214868 0.021813 0.0220497 0.0221942 0.0222449 0.022201 0.0220631 0.0218329 0.0215133 0.0211079 0.0206217 0.0200602 0.0194301 0.0187384 0.0179928 0.0172014 0.0163726 0.0155148 0.0146366 0.0137462 0.0128518 0.011961 0.011081 0.0102183 0.00937907 0.00856841 0.00779086 0.00705017 0.0063493 0.00569046 0.00507515 0.00450417 0.00397765 0.00349519 0.00305585 0.00265825 0.00230065 0.001981 0.00169704 0.00144635 0.00122641 0.00103468 0.000868622 0.000725779 0.000603785 0.000500412 0.000413596 0.000341452 0.000282294 0.000234646 0.000197248 0.000169061 0.000149274 0.000137322 
0.00014246 0.000145516 0.000156503 0.000175798 0.000203998 0.000241942 0.000290714 0.000351635 0.000426262 0.000516375 0.000623972 0.000751243 0.000900558 0.00107443 0.00127549 0.00150644 0.00176998 0.00206882 0.00240553 0.00278253 0.00320202 0.00366586 0.00417552 0.004732 0.00533577 0.00598667 0.00668384 0.00742574 0.00820999 0.00903346 0.00989218 0.0107814 0.0116955 0.0126282 0.0135725 0.0145208 0.015465 0.0163966 0.0173068 0.0181866 0.019027 0.0198193 0.0205548 0.0212256 0.021824 0.0223432 0.0227773 0.0231211 0.0233706 0.0235228 0.023576 0.0235295 0.0233839 0.023141 0.0228037 0.0223759 0.0218628 0.0212702 0.020605 0.0198747 0.0190874 0.0182515 0.0173758 0.0164693 0.0155409 0.0145994 0.0136532 0.0127105 0.0117789 0.0108654 0.00997618 0.00911695 0.00829246 0.0075067 0.00676285 0.0060633 0.00540966 0.00480282 0.00424298 0.00372974 0.00326215 0.00283878 0.00245782 0.00211713 0.00181434 0.0015469 0.00131216 0.00110743 0.000930043 0.000777383 0.00064695 0.000536384 0.00044349 0.000366269 0.000302929 0.000251898 0.000211837 0.000181641 0.000160444 0.000147647 
0.000160039 0.000163487 0.000175798 0.000197389 0.000228919 0.000271317 0.000325779 0.000393763 0.000476984 0.000577405 0.000697218 0.000838833 0.00100484 0.00119801 0.00142119 0.00167733 0.00196939 0.00230028 0.00267279 0.00308954 0.00355286 0.00406473 0.0046267 0.00523981 0.00590446 0.00662041 0.00738666 0.00820141 0.00906203 0.00996499 0.0109059 0.0118795 0.0128797 0.0138996 0.0149314 0.015967 0.0169975 0.0180137 0.0190059 0.0199645 0.0208798 0.0217422 0.0225426 0.0232722 0.0239228 0.0244872 0.0249588 0.0253322 0.0256031 0.0257682 0.0258257 0.0257749 0.0256164 0.025352 0.0249851 0.0245197 0.0239615 0.0233167 0.0225927 0.0217977 0.0209403 0.0200296 0.0190753 0.0180869 0.0170741 0.0160465 0.0150132 0.0139832 0.0129646 0.0119652 0.0109918 0.0100505 0.00914673 0.00828477 0.0074682 0.00669969 0.00598108 0.00531341 0.00469699 0.00413144 0.00361579 0.00314854 0.00272777 0.00235119 0.00201623 0.00172015 0.00146007 0.00123307 0.00103623 0.000866709 0.000721768 0.000598817 0.00049545 0.000409471 0.000338908 0.000282031 0.000237365 0.00020369 0.000180053 0.000165791 
0.000185745 0.000189765 0.000203998 0.000228919 0.000265278 0.00031413 0.000376833 0.00045504 0.000550693 0.000666009 0.000803466 0.000965777 0.00115586 0.00137681 0.00163183 0.00192421 0.00225724 0.00263416 0.00305804 0.00353175 0.00405785 0.00463847 0.00527526 0.00596927 0.00672086 0.00752964 0.00839438 0.00931295 0.0102823 0.0112984 0.0123562 0.0134498 0.0145722 0.0157157 0.0168718 0.0180312 0.0191839 0.0203198 0.0214282 0.0224983 0.0235195 0.0244812 0.0253732 0.0261859 0.0269104 0.0275385 0.0280632 0.0284784 0.0287794 0.0289628 0.0290263 0.0289694 0.0287925 0.028498 0.0280891 0.0275707 0.0269487 0.0262302 0.0254231 0.0245366 0.02358 0.0225636 0.0214979 0.0203935 0.0192612 0.0181116 0.0169549 0.0158009 0.0146589 0.0135375 0.0124445 0.0113866 0.0103699 0.00939946 0.00847928 0.00761245 0.00680115 0.00604665 0.00534938 0.00470904 0.00412462 0.00359454 0.00311672 0.00268865 0.00230752 0.0019703 0.00167379 0.00141475 0.00118991 0.00099609 0.000830223 0.000689398 0.000570905 0.000472266 0.000391256 0.000325919 0.000274583 0.00023587 0.000208697 0.000192314 
0.000220349 0.000225137 0.000241942 0.000271317 0.00031413 0.000371604 0.000445309 0.000537155 0.000649382 0.000784545 0.000945491 0.00113533 0.00135741 0.00161526 0.00191254 0.00225297 0.00264028 0.00307812 0.00356994 0.00411894 0.00472793 0.00539926 0.00613468 0.00693526 0.00780127 0.00873213 0.00972629 0.0107812 0.0118932 0.0130576 0.0142685 0.0155192 0.0168016 0.0181069 0.0194253 0.0207462 0.0220586 0.0233506 0.0246105 0.025826 0.0269851 0.028076 0.0290872 0.0300081 0.0308285 0.0315395 0.0321331 0.0326027 0.032943 0.0331499 0.0332214 0.0331564 0.0329558 0.0326219 0.0321587 0.0315712 0.0308663 0.0300518 0.0291366 0.0281309 0.0270452 0.0258911 0.0246802 0.0234246 0.0221364 0.0208275 0.0195096 0.0181936 0.0168903 0.0156093 0.0143596 0.0131489 0.0119843 0.0108715 0.00981523 0.00881923 0.00788604 0.00701726 0.00621353 0.00547461 0.00479949 0.00418647 0.00363328 0.00313714 0.00269492 0.00230322 0.00195843 0.00165688 0.00139487 0.00116878 0.00097509 0.000810484 0.000671851 0.000556347 0.00046141 0.000384787 0.000324553 0.000279113 0.00024722 0.000228007 
0.000264846 0.000270619 0.000290714 0.000325779 0.000376833 0.000445309 0.000533045 0.000642273 0.000775607 0.000936024 0.00112683 0.00135165 0.00161435 0.001919 0.00226981 0.00267108 0.00312705 0.00364187 0.00421946 0.00486342 0.00557688 0.00636242 0.00722191 0.00815643 0.00916613 0.0102502 0.0114065 0.0126322 0.0139227 0.0152725 0.0166748 0.0181215 0.0196035 0.0211104 0.0226309 0.024153 0.0256638 0.02715 0.028598 0.029994 0.0313243 0.0325754 0.0337345 0.0347893 0.0357286 0.0365423 0.0372212 0.0377581 0.0381468 0.038383 0.0384641 0.0383892 0.0381592 0.0377767 0.037246 0.036573 0.0357654 0.0348319 0.0337828 0.0326293 0.0313836 0.0300584 0.0286673 0.0272239 0.0257419 0.0242348 0.0227162 0.0211986 0.0196941 0.018214 0.0167687 0.0153671 0.0140175 0.0127266 0.0115 0.0103421 0.00925601 0.00824377 0.00730626 0.00644337 0.00565408 0.00493657 0.00428834 0.00370629 0.00318691 0.00272633 0.00232045 0.00196507 0.00165595 0.00138891 0.00115991 0.000965084 0.000800845 0.00066388 0.000551211 0.000460212 0.000388635 0.00033462 0.000296708 0.000273886 
0.00032045 0.000327453 0.000351635 0.000393763 0.00045504 0.000537155 0.000642273 0.000773018 0.000932461 0.00112409 0.00135178 0.00161975 0.00193251 0.00229479 0.00271147 0.0031875 0.00372777 0.00433702 0.00501972 0.00577993 0.00662114 0.00754621 0.00855712 0.00965494 0.0108397 0.0121101 0.0134637 0.0148966 0.0164038 0.0179784 0.0196124 0.0212964 0.0230195 0.0247699 0.0265344 0.028299 0.030049 0.031769 0.0334434 0.0350564 0.0365923 0.0380358 0.0393723 0.040588 0.0416699 0.0426065 0.0433878 0.0440052 0.0444519 0.0447231 0.0448158 0.044729 0.0444637 0.0440228 0.0434113 0.0426359 0.041705 0.0406289 0.039419 0.0380881 0.03665 0.0351193 0.0335115 0.0318419 0.0301265 0.0283808 0.02662 0.024859 0.0231116 0.0213909 0.0197089 0.0180762 0.0165023 0.0149953 0.0135619 0.0122072 0.0109351 0.00974814 0.00864755 0.0076334 0.00670468 0.00585944 0.00509491 0.00440764 0.00379365 0.00324854 0.00276763 0.00234606 0.00197897 0.00166149 0.00138894 0.00115684 0.000960979 0.000797494 0.000662896 0.000554108 0.000468489 0.000403854 0.000358487 0.000331197 
0.000388593 0.0003971 0.000426262 0.000476984 0.000550693 0.000649382 0.000775607 0.000932461 0.00112356 0.00135299 0.00162531 0.00194545 0.00231867 0.00275048 0.00324655 0.00381259 0.00445425 0.00517695 0.00598578 0.00688534 0.00787954 0.00897149 0.0101633 0.011456 0.0128494 0.0143418 0.01593 0.0176093 0.0193736 0.0212147 0.0231232 0.0250879 0.0270963 0.0291342 0.0311866 0.0332371 0.0352688 0.037264 0.0392046 0.0410726 0.04285 0.0445194 0.046064 0.0474681 0.048717 0.0497977 0.0506987 0.0514104 0.0519251 0.0522372 0.0523435 0.0522427 0.051936 0.0514268 0.0507206 0.0498251 0.0487499 0.0475066 0.0461081 0.044569 0.0429051 0.0411331 0.0392705 0.037335 0.0353449 0.0333179 0.0312718 0.0292234 0.0271891 0.0251839 0.0232218 0.0213153 0.0194756 0.0177121 0.0160329 0.0144441 0.0129506 0.0115554 0.0102602 0.0090654 0.00796996 0.00697182 0.00606793 0.00525446 0.00452687 0.00388015 0.00330894 0.00280766 0.00237066 0.00199232 0.00166718 0.00138999 0.00115586 0.000960258 0.000799082 0.000668719 0.00056606 0.000488533 0.000434116 0.000401403 
0.000470915 0.000481236 0.000516375 0.000577405 0.000666009 0.000784545 0.000936024 0.00112409 0.00135299 0.00162754 0.00195307 0.00233533 0.00278048 0.00329492 0.00388521 0.00455798 0.00531969 0.00617659 0.00713445 0.00819845 0.00937296 0.0106614 0.0120659 0.0135876 0.0152257 0.0169781 0.0188409 0.0208082 0.0228727 0.0250247 0.0272529 0.0295443 0.0318841 0.034256 0.0366422 0.0390241 0.0413819 0.0436953 0.0459436 0.048106 0.0501621 0.0520918 0.0538762 0.0554973 0.0569385 0.0581849 0.0592235 0.0600436 0.0606363 0.0609954 0.0611171 0.0610002 0.0606459 0.0600581 0.0592431 0.0582095 0.0569682 0.0555323 0.0539166 0.0521376 0.0502133 0.0481628 0.0460059 0.0437631 0.0414552 0.0391026 0.0367257 0.0343441 0.0319766 0.0296407 0.0273527 0.0251273 0.0229775 0.0209146 0.0189481 0.0170854 0.0153325 0.0136931 0.0121695 0.0107623 0.00947062 0.00829233 0.00722407 0.00626154 0.00539965 0.00463268 0.00395448 0.00335865 0.00283864 0.00238795 0.00200021 0.00166934 0.00138959 0.00115566 0.000962745 0.0008066 0.000683569 0.000590623 0.000525379 0.000486181 
0.000569254 0.000581738 0.000623972 0.000697218 0.000803466 0.000945491 0.00112683 0.00135178 0.00162531 0.00195307 0.00234126 0.00279664 0.00332633 0.00393777 0.00463857 0.00543634 0.00633851 0.00735219 0.00848396 0.0097396 0.011124 0.0126408 0.0142924 0.0160794 0.018001 0.0200541 0.022234 0.0245337 0.026944 0.0294537 0.0320494 0.0347159 0.0374357 0.04019 0.0429582 0.0457188 0.0484489 0.0511251 0.0537239 0.0562215 0.0585945 0.0608201 0.0628768 0.0647441 0.0664033 0.0678376 0.0690322 0.069975 0.070656 0.0710683 0.0712075 0.0710723 0.0706641 0.0699872 0.0690488 0.0678585 0.0664289 0.0647745 0.0629122 0.0608607 0.0586404 0.056273 0.0537811 0.0511881 0.0485176 0.0457932 0.0430383 0.0402755 0.0375263 0.0348113 0.0321491 0.0295572 0.0270506 0.0246428 0.0223448 0.0201659 0.018113 0.0161908 0.0144024 0.0127487 0.011229 0.00984114 0.0085814 0.00744502 0.00642628 0.00551871 0.00471529 0.00400864 0.00339124 0.00285557 0.00239425 0.00200018 0.00166669 0.00138756 0.00115719 0.000970601 0.000823495 0.00071232 0.000634274 0.000587413 
0.000685634 0.000700672 0.000751243 0.000838833 0.000965777 0.00113533 0.00135165 0.00161975 0.00194545 0.00233533 0.00279664 0.00333719 0.00396527 0.00468948 0.00551856 0.00646125 0.00752606 0.00872106 0.0100537 0.0115304 0.0131565 0.014936 0.0168713 0.0189628 0.0212091 0.0236063 0.0261485 0.0288273 0.0316317 0.0345484 0.0375618 0.0406538 0.0438044 0.0469916 0.0501918 0.05338 0.05653 0.0596153 0.0626087 0.0654831 0.0682122 0.07077 0.0731321 0.0752755 0.0771789 0.0788234 0.0801926 0.0812726 0.0820524 0.082524 0.0826828 0.082527 0.0820585 0.0812819 0.0802053 0.0788397 0.077199 0.0752998 0.073161 0.0708037 0.068251 0.0655275 0.0626588 0.0596714 0.0565923 0.0534485 0.0502666 0.0470726 0.0438914 0.0407465 0.0376597 0.0346512 0.0317387 0.0289378 0.0262619 0.0237217 0.0213255 0.0190796 0.0169874 0.0150507 0.0132688 0.0116396 0.0101591 0.00882201 0.007622 0.00655171 0.00560317 0.00476797 0.00403746 0.00340297 0.00285598 0.00238827 0.00199207 0.00166018 0.00138603 0.00116383 0.000988548 0.00085603 0.000762995 0.000707163 
0.000822241 0.000840271 0.000900558 0.00100484 0.00115586 0.00135741 0.00161435 0.00193251 0.00231867 0.00278048 0.00332633 0.00396527 0.00470686 0.00556098 0.00653768 0.00764692 0.00889839 0.0103012 0.0118637 0.013593 0.015495 0.017574 0.0198322 0.0222697 0.0248844 0.0276715 0.0306237 0.0337308 0.0369799 0.0403552 0.0438385 0.0474088 0.0510428 0.0547151 0.0583987 0.0620648 0.0656837 0.069225 0.0726579 0.0759517 0.0790765 0.0820032 0.0847042 0.0871536 0.0893276 0.091205 0.0927673 0.093999 0.094888 0.0954253 0.0956055 0.095427 0.0948916 0.0940047 0.0927752 0.0912155 0.0893411 0.0871704 0.0847249 0.0820282 0.0791063 0.0759868 0.0726987 0.0692719 0.0657372 0.062125 0.0584658 0.0547892 0.0511238 0.0474965 0.0439327 0.0404554 0.0370855 0.0338413 0.0307382 0.0277892 0.0250043 0.0223909 0.0199537 0.0176949 0.0156143 0.0137097 0.011977 0.0104103 0.00900267 0.00774574 0.00663055 0.00564751 0.00478676 0.00403836 0.0033925 0.0028397 0.00237098 0.00197799 0.00165312 0.00138962 0.00118164 0.00102435 0.00091391 0.000847665 
0.000981402 0.00100291 0.00107443 0.00119801 0.00137681 0.00161526 0.001919 0.00229479 0.00275048 0.00329492 0.00393777 0.00468948 0.00556098 0.00656362 0.00770883 0.00900794 0.0104719 0.012111 0.0139344 0.0159501 0.0181644 0.0205818 0.0232043 0.0260318 0.029061 0.0322862 0.0356983 0.0392852 0.0430315 0.046919 0.0509263 0.055029 0.0592004 0.0634114 0.0676309 0.0718263 0.0759636 0.0800085 0.0839262 0.0876821 0.0912425 0.0945748 0.0976481 0.100433 0.102904 0.105037 0.106811 0.108208 0.109217 0.109826 0.11003 0.109826 0.109218 0.10821 0.106813 0.10504 0.102909 0.100441 0.0976588 0.0945892 0.0912611 0.0877056 0.0839553 0.0800438 0.0760057 0.0718755 0.0676877 0.063476 0.0592729 0.0551093 0.0510142 0.0470143 0.0431336 0.0393935 0.035812 0.0324045 0.0291829 0.0261562 0.0233302 0.020708 0.0182899 0.0160738 0.0140553 0.0122282 0.0105845 0.00911524 0.00781016 0.00665847 0.00564895 0.00477026 0.00401118 0.00336083 0.00280888 0.00234571 0.00196251 0.00165149 0.00140586 0.00122003 0.00108953 0.00101129 
0.00116555 0.00119106 0.00127549 0.00142119 0.00163183 0.00191254 0.00226981 0.00271147 0.00324655 0.00388521 0.00463857 0.00551856 0.00653768 0.00770883 0.00904499 0.010559 0.012263 0.0141686 0.016286 0.0186239 0.021189 0.0239858 0.0270164 0.0302798 0.0337718 0.0374852 0.041409 0.0455289 0.0498268 0.0542815 0.0588681 0.0635587 0.0683225 0.0731264 0.077935 0.0827111 0.0874167 0.0920128 0.0964604 0.100721 0.104756 0.10853 0.112009 0.115159 0.117952 0.120362 0.122365 0.123944 0.125081 0.125768 0.125997 0.125767 0.125079 0.12394 0.122361 0.120358 0.117948 0.115156 0.112008 0.108532 0.104761 0.10073 0.0964752 0.0920337 0.0874445 0.0827465 0.0779785 0.0731785 0.0683835 0.0636287 0.058947 0.0543692 0.0499229 0.0456326 0.0415198 0.0376021 0.0338939 0.0304058 0.0271453 0.0241164 0.0213199 0.0187539 0.016414 0.0142935 0.0123838 0.0106747 0.00915486 0.00781217 0.00663395 0.00560733 0.00471955 0.00395818 0.00331141 0.00276818 0.0023184 0.00195307 0.00166441 0.00144592 0.00129248 0.00120053 
0.00137719 0.00140729 0.00150644 0.00167733 0.00192421 0.00225297 0.00267108 0.0031875 0.00381259 0.00455798 0.00543634 0.00646125 0.00764692 0.00900794 0.010559 0.0123143 0.0142877 0.0164919 0.0189381 0.0216358 0.024592 0.0278114 0.0312955 0.0350425 0.0390472 0.0433005 0.0477894 0.0524969 0.0574019 0.0624797 0.0677018 0.0730362 0.0784479 0.0838989 0.0893495 0.0947578 0.100081 0.105275 0.110297 0.115103 0.119652 0.123904 0.127819 0.131363 0.134503 0.137211 0.139461 0.141233 0.14251 0.14328 0.143536 0.143276 0.142503 0.141223 0.139449 0.137197 0.134488 0.131347 0.127804 0.12389 0.119642 0.115096 0.110295 0.105279 0.100091 0.0947762 0.0893766 0.0839354 0.0784942 0.0730927 0.0677687 0.0625568 0.057489 0.0525934 0.0478947 0.0434138 0.0391673 0.0351683 0.0314257 0.0279447 0.024727 0.0217712 0.0190725 0.016624 0.0144163 0.0124382 0.0106773 0.00911981 0.00775163 0.00655822 0.00552514 0.00463829 0.00388421 0.0032503 0.00272503 0.00229809 0.00196055 0.00170496 0.00152545 0.00141792 
0.00161884 0.00165417 0.00176998 0.00196939 0.00225724 0.00264028 0.00312705 0.00372777 0.00445425 0.00531969 0.00633851 0.00752606 0.00889839 0.0104719 0.012263 0.0142877 0.0165613 0.0190977 0.0219091 0.0250057 0.028395 0.0320814 0.036066 0.0403459 0.0449145 0.0497606 0.0548688 0.0602192 0.0657873 0.0715447 0.0774585 0.0834925 0.0896068 0.0957589 0.101904 0.107994 0.113983 0.119821 0.12546 0.130852 0.135951 0.140713 0.145096 0.14906 0.152571 0.155596 0.158109 0.160087 0.161512 0.162371 0.162656 0.162365 0.161501 0.160071 0.158089 0.155572 0.152543 0.14903 0.145065 0.140683 0.135923 0.130826 0.125438 0.119804 0.113973 0.107993 0.101911 0.0957763 0.0896351 0.0835322 0.0775099 0.0716079 0.0658622 0.0603054 0.0549658 0.0498675 0.0450302 0.0404692 0.0361955 0.0322158 0.0285327 0.0251452 0.0220488 0.0192361 0.016697 0.0144194 0.0123895 0.0105922 0.00901153 0.00763133 0.00643531 0.00540757 0.00453288 0.00379693 0.00318662 0.00269022 0.00229754 0.00200009 0.00179115 0.00166603 
0.00189301 0.00193424 0.00206882 0.00230028 0.00263416 0.00307812 0.00364187 0.00433702 0.00517695 0.00617659 0.00735219 0.00872106 0.0103012 0.012111 0.0141686 0.0164919 0.0190977 0.0220011 0.0252155 0.0287516 0.0326171 0.0368161 0.0413492 0.0462121 0.0513965 0.0568889 0.062671 0.0687197 0.0750068 0.0814996 0.0881609 0.0949493 0.10182 0.108725 0.115615 0.122436 0.129136 0.135661 0.141958 0.147974 0.153658 0.158962 0.16384 0.168249 0.172151 0.175513 0.178303 0.180499 0.18208 0.183032 0.183348 0.183024 0.182064 0.180476 0.178273 0.175477 0.17211 0.168204 0.163792 0.158912 0.153609 0.147926 0.141914 0.135622 0.129103 0.122411 0.115599 0.10872 0.101827 0.0949686 0.0881933 0.0815455 0.0750662 0.0687924 0.0627565 0.0569863 0.0515049 0.0463304 0.0414758 0.0369496 0.0327556 0.0288936 0.0253592 0.0221448 0.0192397 0.0166308 0.0143029 0.0122393 0.0104226 0.00883459 0.00745706 0.00627216 0.00526277 0.00441275 0.00370728 0.00313308 0.0026786 0.00233421 0.00209225 0.00194742 
0.00220211 0.00224997 0.00240553 0.00267279 0.00305804 0.00356994 0.00421946 0.00501972 0.00598578 0.00713445 0.00848396 0.0100537 0.0118637 0.0139344 0.016286 0.0189381 0.0219091 0.0252155 0.0288715 0.0328884 0.037274 0.0420321 0.0471621 0.0526584 0.0585106 0.0647026 0.071213 0.0780148 0.085076 0.0923589 0.0998217 0.107418 0.115097 0.122805 0.130487 0.138085 0.14554 0.152793 0.159785 0.166459 0.172759 0.178633 0.184031 0.188908 0.193221 0.196934 0.200016 0.202439 0.204183 0.205233 0.205581 0.205223 0.204162 0.202408 0.199975 0.196886 0.193165 0.188846 0.183964 0.178563 0.172687 0.166387 0.159715 0.152728 0.145481 0.138034 0.130445 0.122774 0.115078 0.107413 0.0998315 0.0923838 0.0851162 0.0780704 0.0712836 0.0647875 0.0586089 0.0527689 0.0472832 0.0421622 0.0374114 0.0330311 0.0290177 0.0253632 0.0220564 0.0190833 0.0164274 0.0140704 0.0119931 0.0101753 0.00859683 0.00723776 0.00607889 0.00510215 0.00429086 0.00363008 0.00310679 0.00271008 0.00243133 0.00226454 
0.00254842 0.00260367 0.00278253 0.00308954 0.00353175 0.00411894 0.00486342 0.00577993 0.00688534 0.00819845 0.0097396 0.0115304 0.013593 0.0159501 0.0186239 0.0216358 0.0250057 0.0287516 0.0328884 0.0374279 0.0423779 0.0477414 0.0535168 0.0596967 0.0662682 0.0732123 0.0805041 0.0881125 0.0960009 0.104127 0.112443 0.120897 0.129433 0.137992 0.146511 0.154927 0.163176 0.171193 0.178914 0.186277 0.193222 0.199691 0.205632 0.210994 0.215735 0.219813 0.223196 0.225855 0.227768 0.22892 0.229301 0.228907 0.227742 0.225816 0.223145 0.219751 0.215663 0.210914 0.205544 0.199598 0.193126 0.18618 0.178818 0.1711 0.163088 0.154847 0.14644 0.137932 0.129386 0.120865 0.112426 0.104127 0.0960184 0.0881475 0.0805563 0.0732813 0.066353 0.0597963 0.0536295 0.0478657 0.0425117 0.0375694 0.0330353 0.0289017 0.0251571 0.0217862 0.0187715 0.0160932 0.01373 0.0116598 0.00986034 0.00830943 0.00698575 0.00586912 0.00494092 0.00418439 0.00358492 0.00313029 0.0028108 0.00261968 
0.00293399 0.00299742 0.00320202 0.00355286 0.00405785 0.00472793 0.00557688 0.00662114 0.00787954 0.00937296 0.011124 0.0131565 0.015495 0.0181644 0.021189 0.024592 0.028395 0.0326171 0.037274 0.0423779 0.0479361 0.0539511 0.0604196 0.0673322 0.0746732 0.0824204 0.0905448 0.0990111 0.107777 0.116796 0.126014 0.135373 0.144811 0.154263 0.16366 0.172933 0.182011 0.190824 0.199303 0.207381 0.214994 0.222079 0.22858 0.234444 0.239624 0.244079 0.247772 0.250673 0.25276 0.254016 0.25443 0.254 0.252728 0.250626 0.24771 0.244003 0.239536 0.234345 0.228471 0.221962 0.214872 0.207257 0.199178 0.1907 0.181891 0.17282 0.163556 0.154171 0.144733 0.13531 0.125968 0.116768 0.107768 0.0990217 0.0905751 0.08247 0.0747413 0.0674177 0.0605211 0.0540668 0.048064 0.0425157 0.0374196 0.032768 0.0285489 0.0247466 0.021342 0.0183139 0.015639 0.0132934 0.0112523 0.00949145 0.00798718 0.0067171 0.00566052 0.00479875 0.00411552 0.00359715 0.00323281 0.00301493 
0.00336057 0.00343303 0.00366586 0.00406473 0.00463847 0.00539926 0.00636242 0.00754621 0.00897149 0.0106614 0.0126408 0.014936 0.017574 0.0205818 0.0239858 0.0278114 0.0320814 0.0368161 0.0420321 0.0477414 0.0539511 0.0606624 0.0678703 0.0755631 0.0837219 0.0923208 0.101326 0.110699 0.12039 0.130348 0.140512 0.150819 0.161199 0.171582 0.181892 0.192054 0.201991 0.211627 0.220889 0.229703 0.238001 0.245718 0.252793 0.25917 0.2648 0.269638 0.273647 0.276796 0.27906 0.280421 0.280869 0.280402 0.279022 0.27674 0.273574 0.269548 0.264695 0.259051 0.252662 0.245578 0.237853 0.22955 0.220733 0.211471 0.201838 0.191907 0.181754 0.171455 0.161086 0.150721 0.140433 0.130288 0.120351 0.110681 0.101331 0.0923475 0.0837699 0.0756314 0.0679575 0.0607666 0.0540703 0.0478734 0.0421743 0.0369659 0.0322362 0.0279686 0.0241431 0.0207366 0.0177243 0.0150798 0.0127763 0.0107871 0.00908619 0.00764885 0.00645217 0.00547547 0.00470068 0.00411261 0.00369921 0.00345207 
0.0038296 0.00391191 0.00417552 0.0046267 0.00527526 0.00613468 0.00722191 0.00855712 0.0101633 0.0120659 0.0142924 0.0168713 0.0198322 0.0232043 0.0270164 0.0312955 0.036066 0.0413492 0.0471621 0.0535168 0.0604196 0.0678703 0.075862 0.08438 0.093402 0.102898 0.11283 0.123152 0.133812 0.14475 0.1559 0.167192 0.17855 0.189896 0.201149 0.212226 0.223045 0.233526 0.243588 0.253154 0.262151 0.270511 0.278168 0.285065 0.29115 0.296376 0.300704 0.304102 0.306544 0.308012 0.308495 0.30799 0.3065 0.304037 0.300619 0.296272 0.291028 0.284927 0.278015 0.270345 0.261976 0.252971 0.2434 0.233337 0.222858 0.212043 0.200973 0.189731 0.178399 0.167058 0.155785 0.144655 0.13374 0.123104 0.112806 0.102898 0.0934264 0.0844276 0.0759316 0.0679601 0.0605274 0.0536402 0.0472985 0.0414958 0.0362199 0.0314539 0.0271766 0.0233635 0.0199878 0.0170212 0.0144345 0.0121985 0.0102848 0.00866628 0.00731768 0.00621624 0.00534201 0.00467819 0.00421147 0.00393252 
0.00434203 0.00443506 0.004732 0.00523981 0.00596927 0.00693526 0.00815643 0.00965494 0.011456 0.0135876 0.0160794 0.0189628 0.0222697 0.0260318 0.0302798 0.0350425 0.0403459 0.0462121 0.0526584 0.0596967 0.0673322 0.0755631 0.08438 0.093765 0.103692 0.114127 0.125026 0.136338 0.148004 0.159959 0.172129 0.184437 0.196801 0.209136 0.221354 0.233367 0.245087 0.256426 0.2673 0.277627 0.28733 0.296337 0.304581 0.312001 0.318542 0.324156 0.328803 0.33245 0.335069 0.336644 0.337162 0.336619 0.335021 0.332377 0.328707 0.324038 0.318403 0.311843 0.304406 0.296147 0.287128 0.277414 0.26708 0.256202 0.244863 0.233147 0.22114 0.208932 0.196611 0.184263 0.171974 0.159826 0.147896 0.136255 0.124969 0.114097 0.10369 0.0937889 0.0844289 0.0756354 0.0674258 0.059809 0.0527868 0.0463534 0.0404971 0.0352005 0.0304414 0.026194 0.0224298 0.0191181 0.0162276 0.0137266 0.011584 0.00977037 0.00825805 0.00702207 0.0060405 0.00529488 0.00477055 0.00445725 
0.00489835 0.00500295 0.00533577 0.00590446 0.00672086 0.00780127 0.00916613 0.0108397 0.0128494 0.0152257 0.018001 0.0212091 0.0248844 0.029061 0.0337718 0.0390472 0.0449145 0.0513965 0.0585106 0.0662682 0.0746732 0.0837219 0.093402 0.103692 0.114562 0.125972 0.137874 0.15021 0.162915 0.175916 0.189134 0.202483 0.215876 0.229219 0.242418 0.25538 0.268009 0.280214 0.291905 0.302996 0.313407 0.323061 0.33189 0.339829 0.346823 0.352822 0.357786 0.361678 0.364474 0.366154 0.366706 0.366127 0.36442 0.361598 0.35768 0.352692 0.346669 0.339653 0.331694 0.322848 0.313178 0.302755 0.291654 0.279957 0.267749 0.255121 0.242165 0.228974 0.215644 0.202268 0.188938 0.175743 0.162768 0.15009 0.137783 0.12591 0.11453 0.103689 0.0934272 0.0837738 0.0747497 0.0663668 0.0586284 0.0515302 0.0450609 0.0392029 0.0339333 0.0292251 0.0250478 0.0213689 0.0181545 0.0153705 0.0129834 0.010961 0.00927339 0.00789319 0.00679648 0.00596307 0.0053769 0.00502672 
0.00549845 0.00561547 0.00598667 0.00662041 0.00752964 0.00873213 0.0102502 0.0121101 0.0143418 0.0169781 0.0200541 0.0236063 0.0276715 0.0322862 0.0374852 0.0433005 0.0497606 0.0568889 0.0647026 0.0732123 0.0824204 0.0923208 0.102898 0.114127 0.125972 0.13839 0.151324 0.164713 0.178482 0.192553 0.206838 0.221247 0.235682 0.250045 0.264234 0.27815 0.291692 0.304764 0.31727 0.329121 0.340234 0.350529 0.359934 0.368386 0.375826 0.382203 0.387477 0.391611 0.394579 0.396361 0.396947 0.396332 0.39452 0.391524 0.387362 0.382061 0.375657 0.368193 0.359719 0.350293 0.339979 0.328851 0.316988 0.304473 0.291397 0.277854 0.263941 0.249759 0.235408 0.220989 0.2066 0.192337 0.178293 0.164552 0.151195 0.138292 0.125907 0.114094 0.102897 0.0923494 0.0824771 0.0732945 0.0648073 0.0570128 0.0499002 0.0434521 0.037645 0.0324506 0.027837 0.0237696 0.0202121 0.0171281 0.0144813 0.012237 0.0103628 0.00882894 0.0076095 0.00668247 0.00603032 0.00564082 
0.00614163 0.00627187 0.00668384 0.00738666 0.00839438 0.00972629 0.0114065 0.0134637 0.01593 0.0188409 0.022234 0.0261485 0.0306237 0.0356983 0.041409 0.0477894 0.0548688 0.062671 0.071213 0.0805041 0.0905448 0.101326 0.11283 0.125026 0.137874 0.151324 0.165316 0.179777 0.19463 0.209787 0.225154 0.240631 0.256116 0.271503 0.286683 0.301551 0.316002 0.329932 0.343244 0.355846 0.367648 0.378572 0.388543 0.397494 0.405368 0.412113 0.417687 0.422055 0.42519 0.427072 0.42769 0.427041 0.425128 0.421962 0.417564 0.411961 0.405187 0.397286 0.388309 0.378315 0.36737 0.355549 0.342933 0.329609 0.315671 0.301217 0.286351 0.271176 0.2558 0.24033 0.224872 0.209528 0.194398 0.179575 0.165146 0.151188 0.137773 0.12496 0.112799 0.101329 0.0905791 0.0805673 0.0713023 0.0627829 0.0549995 0.047935 0.0415655 0.0358617 0.0307901 0.0263142 0.0223956 0.0189953 0.0160744 0.0135957 0.0115241 0.00982774 0.00847831 0.00745205 0.00672997 0.00629877 
0.00682647 0.0069707 0.00742574 0.00820141 0.00931295 0.0107812 0.0126322 0.0148966 0.0176093 0.0208082 0.0245337 0.0288273 0.0337308 0.0392852 0.0455289 0.0524969 0.0602192 0.0687197 0.0780148 0.0881125 0.0990111 0.110699 0.123152 0.136338 0.15021 0.164713 0.179777 0.195327 0.211275 0.227526 0.24398 0.260529 0.277063 0.293469 0.309633 0.325444 0.34079 0.355566 0.369669 0.383003 0.395478 0.407012 0.41753 0.426965 0.435257 0.442356 0.448218 0.452811 0.456105 0.458083 0.458732 0.45805 0.45604 0.452713 0.448089 0.442195 0.435065 0.426744 0.417281 0.406737 0.395179 0.382683 0.369331 0.355213 0.340427 0.325074 0.309262 0.293101 0.276704 0.260184 0.243653 0.227223 0.210998 0.195081 0.179565 0.164536 0.150072 0.136237 0.12309 0.110673 0.0990204 0.0881544 0.0780864 0.0688173 0.0603389 0.0526346 0.0456803 0.039446 0.0338967 0.0289943 0.024698 0.0209663 0.0177581 0.0150333 0.0127544 0.010887 0.00940072 0.00826998 0.00747423 0.00699914 
0.00755086 0.00770981 0.00820999 0.00906203 0.0102823 0.0118932 0.0139227 0.0164038 0.0193736 0.0228727 0.026944 0.0316317 0.0369799 0.0430315 0.0498268 0.0574019 0.0657873 0.0750068 0.085076 0.0960009 0.107777 0.12039 0.133812 0.148004 0.162915 0.178482 0.19463 0.211275 0.228322 0.245669 0.263207 0.280822 0.298396 0.31581 0.332944 0.34968 0.365903 0.381503 0.396374 0.410418 0.423542 0.435663 0.446706 0.456602 0.465293 0.472728 0.478865 0.483669 0.487115 0.489183 0.489863 0.489149 0.487048 0.483568 0.47873 0.47256 0.465093 0.45637 0.446444 0.435373 0.423225 0.410076 0.396011 0.381122 0.365509 0.349277 0.332536 0.315404 0.297996 0.280434 0.262837 0.245321 0.228001 0.210985 0.194375 0.178264 0.162737 0.147867 0.133716 0.120334 0.107759 0.0960192 0.0851276 0.0750881 0.0658942 0.05753 0.0499716 0.0431883 0.037144 0.0317988 0.0271099 0.0230336 0.0195259 0.0165445 0.014049 0.012003 0.0103737 0.00913359 0.00826076 0.00773972 
0.00831192 0.00848623 0.00903346 0.00996499 0.0112984 0.0130576 0.0152725 0.0179784 0.0212147 0.0250247 0.0294537 0.0345484 0.0403552 0.046919 0.0542815 0.0624797 0.0715447 0.0814996 0.0923589 0.104127 0.116796 0.130348 0.14475 0.159959 0.175916 0.192553 0.209787 0.227526 0.245669 0.264105 0.282718 0.301385 0.319983 0.338385 0.356466 0.374104 0.391178 0.407574 0.423185 0.437909 0.451653 0.464333 0.475873 0.486206 0.495273 0.503024 0.509418 0.514422 0.518009 0.520162 0.520869 0.520127 0.51794 0.514319 0.509281 0.502853 0.495068 0.485967 0.475602 0.464031 0.451321 0.437549 0.422801 0.407169 0.390756 0.373669 0.356025 0.337942 0.319543 0.300955 0.282304 0.263712 0.245303 0.227191 0.209487 0.192292 0.175697 0.159783 0.144618 0.130259 0.116749 0.10412 0.0923886 0.0815626 0.0716368 0.0625964 0.0544179 0.0470702 0.0405163 0.0347145 0.0296203 0.0251875 0.0213699 0.0181225 0.0154025 0.0131709 0.011393 0.0100394 0.00908637 0.00851756 
0.00910602 0.00929627 0.00989218 0.0109059 0.0123562 0.0142685 0.0166748 0.0196124 0.0231232 0.0272529 0.0320494 0.0375618 0.0438385 0.0509263 0.0588681 0.0677018 0.0774585 0.0881609 0.0998217 0.112443 0.126014 0.140512 0.1559 0.172129 0.189134 0.206838 0.225154 0.24398 0.263207 0.282718 0.302387 0.322086 0.341684 0.361048 0.380048 0.398555 0.416447 0.433607 0.449923 0.465293 0.479624 0.492831 0.504838 0.515578 0.524996 0.53304 0.539672 0.544859 0.548577 0.550808 0.551541 0.550773 0.548508 0.544756 0.539534 0.532867 0.524787 0.515335 0.50456 0.492519 0.479281 0.464919 0.449521 0.433181 0.416001 0.398093 0.379575 0.36057 0.341207 0.321617 0.301931 0.282281 0.262797 0.2436 0.22481 0.206535 0.188873 0.171913 0.155731 0.140389 0.125936 0.112408 0.0998277 0.0882038 0.0775342 0.0678055 0.0589946 0.0510705 0.0439952 0.0377257 0.0322157 0.0274169 0.0232806 0.0197593 0.016808 0.0143851 0.0124538 0.0109829 0.00994709 0.00932896 
0.00992877 0.0101354 0.0107814 0.0118795 0.0134498 0.0155192 0.0181215 0.0212964 0.0250879 0.0295443 0.0347159 0.0406538 0.0474088 0.055029 0.0635587 0.0730362 0.0834925 0.0949493 0.107418 0.120897 0.135373 0.150819 0.167192 0.184437 0.202483 0.221247 0.240631 0.260529 0.280822 0.301385 0.322086 0.342789 0.363356 0.383649 0.403532 0.422873 0.441545 0.459428 0.47641 0.492389 0.507268 0.520966 0.533406 0.544523 0.554262 0.562576 0.569425 0.57478 0.578616 0.580917 0.581674 0.580883 0.578548 0.574677 0.569288 0.562403 0.554054 0.544279 0.533125 0.52065 0.506918 0.492005 0.475996 0.458986 0.441078 0.422387 0.403031 0.38314 0.362845 0.342282 0.32159 0.300907 0.280368 0.260106 0.240244 0.2209 0.20218 0.184181 0.166985 0.15066 0.135263 0.120834 0.107399 0.0949707 0.0835502 0.0731253 0.063674 0.055165 0.0475599 0.0408145 0.0348808 0.0297085 0.0252467 0.0214455 0.0182574 0.0156386 0.0135501 0.0119588 0.0108381 0.0101694 
0.010775 0.0109985 0.0116955 0.0128797 0.0145722 0.0168016 0.0196035 0.0230195 0.0270963 0.0318841 0.0374357 0.0438044 0.0510428 0.0592004 0.0683225 0.0784479 0.0896068 0.10182 0.115097 0.129433 0.144811 0.161199 0.17855 0.196801 0.215876 0.235682 0.256116 0.277063 0.298396 0.319983 0.341684 0.363356 0.384855 0.406037 0.426763 0.446895 0.466304 0.484868 0.502474 0.519017 0.534405 0.548554 0.561391 0.572851 0.582882 0.591438 0.598483 0.603988 0.60793 0.610295 0.611074 0.610263 0.607864 0.603888 0.598349 0.591269 0.582677 0.572609 0.561111 0.548237 0.534051 0.518628 0.50205 0.484413 0.465821 0.446389 0.426239 0.405501 0.384312 0.362814 0.34115 0.319465 0.297901 0.276597 0.255686 0.235292 0.215531 0.196505 0.178304 0.161005 0.144668 0.12934 0.115051 0.101819 0.0896453 0.0785212 0.0684254 0.059327 0.0511872 0.0439608 0.0375984 0.0320476 0.0272556 0.0231702 0.0197414 0.0169233 0.0146749 0.0129611 0.0117539 0.0110337 
0.011639 0.0118795 0.0126282 0.0138996 0.0157157 0.0181069 0.0211104 0.0247699 0.0291342 0.034256 0.04019 0.0469916 0.0547151 0.0634114 0.0731264 0.0838989 0.0957589 0.108725 0.122805 0.137992 0.154263 0.171582 0.189896 0.209136 0.229219 0.250045 0.271503 0.293469 0.31581 0.338385 0.361048 0.383649 0.406037 0.428065 0.449587 0.470464 0.490563 0.509761 0.527944 0.545008 0.560861 0.57542 0.588615 0.600384 0.610676 0.619448 0.626666 0.632303 0.636339 0.63876 0.639558 0.638729 0.636276 0.632208 0.626537 0.619285 0.610477 0.600147 0.58834 0.575106 0.560508 0.544617 0.527515 0.509298 0.490068 0.469942 0.449043 0.427505 0.405467 0.383076 0.36048 0.33783 0.315275 0.292962 0.27103 0.249613 0.228832 0.208799 0.189612 0.171351 0.154086 0.137868 0.122732 0.1087 0.095777 0.0839554 0.0732157 0.0635275 0.0548518 0.0471428 0.0403495 0.0344181 0.0292935 0.0249215 0.0212499 0.0182305 0.0158204 0.0139828 0.0126881 0.0119158 
0.0125142 0.0127718 0.0135725 0.0149314 0.0168718 0.0194253 0.0226309 0.0265344 0.0311866 0.0366422 0.0429582 0.0501918 0.0583987 0.0676309 0.077935 0.0893495 0.101904 0.115615 0.130487 0.146511 0.16366 0.181892 0.201149 0.221354 0.242418 0.264234 0.286683 0.309633 0.332944 0.356466 0.380048 0.403532 0.426763 0.449587 0.471856 0.493427 0.514166 0.533949 0.55266 0.570198 0.586472 0.6014 0.614914 0.626956 0.637477 0.646438 0.653807 0.659558 0.663675 0.666144 0.666958 0.666115 0.663616 0.659469 0.653685 0.646283 0.637287 0.626728 0.614647 0.601093 0.586124 0.56981 0.552232 0.533482 0.513665 0.492894 0.471297 0.449007 0.426169 0.402931 0.379449 0.355877 0.332372 0.309088 0.286171 0.263762 0.241992 0.220978 0.200826 0.181625 0.16345 0.146357 0.130387 0.115565 0.101901 0.0893883 0.0780097 0.0677356 0.0585268 0.0503369 0.0431138 0.0368022 0.0313452 0.0266863 0.0227715 0.0195504 0.0169782 0.0150163 0.0136338 0.0128091 
0.0133935 0.0136683 0.0145208 0.015967 0.0180312 0.0207462 0.024153 0.028299 0.0332371 0.0390241 0.0457188 0.05338 0.0620648 0.0718263 0.0827111 0.0947578 0.107994 0.122436 0.138085 0.154927 0.172933 0.192054 0.212226 0.233367 0.25538 0.27815 0.301551 0.325444 0.34968 0.374104 0.398555 0.422873 0.446895 0.470464 0.493427 0.51564 0.536967 0.557283 0.576474 0.594438 0.611087 0.626341 0.640136 0.652416 0.663135 0.672258 0.679754 0.685603 0.689787 0.692297 0.693126 0.692271 0.689733 0.68552 0.679641 0.672113 0.662956 0.6522 0.639881 0.626045 0.610748 0.594057 0.57605 0.556817 0.536463 0.5151 0.492856 0.469868 0.446281 0.422248 0.397929 0.373483 0.349075 0.324862 0.301001 0.277639 0.254914 0.232953 0.211866 0.191751 0.172689 0.154742 0.137957 0.122362 0.10797 0.0947782 0.0827708 0.0719188 0.0621836 0.0535182 0.0458697 0.0391813 0.0333944 0.0284508 0.0242942 0.0208725 0.0181388 0.0160532 0.0145833 0.0137065 
0.0142695 0.0145612 0.015465 0.0169975 0.0191839 0.0220586 0.0256638 0.030049 0.0352688 0.0413819 0.0484489 0.05653 0.0656837 0.0759636 0.0874167 0.100081 0.113983 0.129136 0.14554 0.163176 0.182011 0.201991 0.223045 0.245087 0.268009 0.291692 0.316002 0.34079 0.365903 0.391178 0.416447 0.441545 0.466304 0.490563 0.514166 0.536967 0.558829 0.579627 0.599247 0.61759 0.634569 0.650109 0.664146 0.676629 0.687516 0.696773 0.704376 0.710305 0.714546 0.717089 0.717929 0.717065 0.714497 0.710231 0.704274 0.696641 0.68735 0.676427 0.663905 0.649826 0.634243 0.617219 0.598831 0.579166 0.558326 0.536424 0.513588 0.489956 0.465674 0.4409 0.415797 0.39053 0.365267 0.340175 0.315416 0.291145 0.267507 0.244635 0.222649 0.201654 0.181734 0.162961 0.145384 0.129037 0.113937 0.100083 0.0874608 0.0760435 0.0657926 0.0566609 0.0485946 0.0415358 0.0354243 0.0302001 0.0258052 0.0221856 0.0192926 0.0170848 0.0155285 0.0146003 
0.0151341 0.0154425 0.0163966 0.0180137 0.0203198 0.0233506 0.02715 0.031769 0.037264 0.0436953 0.0511251 0.0596153 0.069225 0.0800085 0.0920128 0.105275 0.119821 0.135661 0.152793 0.171193 0.190824 0.211627 0.233526 0.256426 0.280214 0.304764 0.329932 0.355566 0.381503 0.407574 0.433607 0.459428 0.484868 0.509761 0.533949 0.557283 0.579627 0.600855 0.620856 0.639531 0.656797 0.672581 0.686824 0.699477 0.710502 0.719871 0.727559 0.733552 0.737837 0.740407 0.741258 0.740387 0.737795 0.733487 0.727469 0.719752 0.710352 0.699291 0.686599 0.672315 0.656486 0.639174 0.620451 0.600402 0.579128 0.556741 0.533367 0.509146 0.484226 0.458767 0.432935 0.406902 0.380839 0.354921 0.329314 0.304182 0.279677 0.255939 0.233095 0.211257 0.190516 0.170948 0.152609 0.135537 0.119753 0.105258 0.0920411 0.0800755 0.0693236 0.0597383 0.0512652 0.0438453 0.0374171 0.031919 0.0272912 0.0234781 0.0204293 0.0181018 0.016461 0.0154824 
0.0159793 0.0163038 0.0173068 0.0190059 0.0214282 0.0246105 0.028598 0.0334434 0.0392046 0.0459436 0.0537239 0.0626087 0.0726579 0.0839262 0.0964604 0.110297 0.12546 0.141958 0.159785 0.178914 0.199303 0.220889 0.243588 0.2673 0.291905 0.31727 0.343244 0.369669 0.396374 0.423185 0.449923 0.47641 0.502474 0.527944 0.55266 0.576474 0.599247 0.620856 0.64119 0.660153 0.677664 0.693654 0.708067 0.72086 0.731997 0.741453 0.749209 0.755251 0.75957 0.76216 0.763018 0.762143 0.759535 0.755196 0.749132 0.74135 0.731864 0.720693 0.707862 0.693407 0.677371 0.659812 0.640799 0.620415 0.598757 0.575936 0.552079 0.527325 0.501823 0.475737 0.449234 0.422491 0.395686 0.368996 0.342597 0.316657 0.291335 0.26678 0.243124 0.220486 0.198964 0.17864 0.159575 0.14181 0.125371 0.110262 0.096473 0.0839801 0.072746 0.0627236 0.053858 0.0460894 0.0393551 0.0335919 0.0287387 0.024738 0.0215381 0.0190947 0.0173718 0.0163444 
0.0167965 0.0171367 0.0181866 0.0199645 0.0224983 0.025826 0.029994 0.0350564 0.0410726 0.048106 0.0562215 0.0654831 0.0759517 0.0876821 0.100721 0.115103 0.130852 0.147974 0.166459 0.186277 0.207381 0.229703 0.253154 0.277627 0.302996 0.329121 0.355846 0.383003 0.410418 0.437909 0.465293 0.492389 0.519017 0.545008 0.570198 0.594438 0.61759 0.639531 0.660153 0.679362 0.697079 0.71324 0.727792 0.740696 0.75192 0.761442 0.769248 0.775326 0.779669 0.782274 0.783138 0.782261 0.779642 0.775282 0.769184 0.761356 0.751805 0.740548 0.727607 0.713013 0.696806 0.679039 0.659779 0.639105 0.617111 0.593908 0.569621 0.544388 0.518362 0.491705 0.464591 0.437198 0.409708 0.382306 0.355171 0.328479 0.302396 0.277076 0.25266 0.22927 0.207013 0.185975 0.166223 0.147803 0.130742 0.11505 0.100718 0.0877232 0.0760294 0.0655899 0.0563494 0.0482474 0.0412202 0.0352032 0.0301339 0.0259534 0.0226085 0.0200538 0.0182522 0.0171778 
