0.00334275 0.00337225 0.0034676 0.00362952 0.00385886 0.00415677 0.00452466 0.00496417 0.00547711 0.00606541 0.00673106 0.00747604 0.00830222 0.00921132 0.0102048 0.0112838 0.012449 0.0137006 0.0150384 0.0164612 0.0179675 0.0195547 0.0212195 0.0229579 0.0247648 0.0266343 0.0285595 0.0305329 0.0325459 0.034589 0.0366522 0.0387247 0.040795 0.0428513 0.0448811 0.0468719 0.0488109 0.0506852 0.0524822 0.0541893 0.0557944 0.0572859 0.058653 0.0598852 0.0609735 0.0619094 0.0626858 0.0632966 0.0637372 0.0640041 0.0640951 0.0640096 0.0637483 0.0633133 0.062708 0.0619372 0.0610068 0.0599241 0.0586974 0.0573359 0.0558498 0.05425 0.0525482 0.0507564 0.0488871 0.046953 0.0449669 0.0429415 0.0408894 0.0388229 0.0367539 0.0346938 0.0326534 0.0306427 0.0286712 0.0267472 0.0248785 0.0230719 0.0213333 0.0196677 0.0180791 0.016571 0.0151458 0.0138051 0.0125501 0.011381 0.0102977 0.00929945 0.0083852 0.00755352 0.00680271 0.00613092 0.00553624 0.00501669 0.00457038 0.00419553 0.00389054 0.00365402 0.00348486 0.00338243 
0.00337225 0.00340202 0.00349823 0.00366159 0.00389296 0.00419348 0.00456459 0.00500794 0.00552534 0.00611875 0.00679016 0.00754156 0.00837484 0.00929171 0.0102936 0.0113818 0.0125568 0.013819 0.0151679 0.0166026 0.0181213 0.0197216 0.0214001 0.0231527 0.0249742 0.0268588 0.0287996 0.0307887 0.0328177 0.0348769 0.0369564 0.0390451 0.0411315 0.0432037 0.0452492 0.0472553 0.049209 0.0510976 0.0529082 0.0546282 0.0562454 0.0577481 0.0591253 0.0603668 0.0614631 0.0624059 0.063188 0.0638034 0.0642472 0.0645159 0.0646076 0.0645215 0.0642582 0.0638199 0.0632101 0.0624335 0.0614962 0.0604053 0.0591694 0.0577976 0.0563003 0.0546885 0.0529738 0.0511684 0.0492849 0.0473359 0.0453345 0.0432935 0.0412255 0.0391429 0.0370577 0.0349814 0.0329249 0.0308983 0.028911 0.0269716 0.0250878 0.0232666 0.0215138 0.0198346 0.018233 0.0167124 0.0152754 0.0139235 0.012658 0.0114791 0.0103867 0.00937997 0.00845797 0.00761919 0.00686196 0.00618442 0.00558462 0.00506059 0.00461044 0.00423235 0.00392473 0.00368617 0.00351555 0.00341225 
0.0034676 0.00349823 0.00359705 0.00376479 0.00400233 0.00431084 0.00469177 0.00514679 0.00567776 0.00628667 0.00697552 0.00774635 0.00860106 0.00954138 0.0105688 0.0116844 0.012889 0.0141827 0.0155651 0.0170352 0.0185911 0.0202304 0.0219495 0.0237441 0.0256092 0.0275384 0.0295249 0.0315606 0.0336367 0.0357436 0.0378708 0.0400072 0.042141 0.0442599 0.0463513 0.0484022 0.0503994 0.0523297 0.0541801 0.0559377 0.0575902 0.0591255 0.0605325 0.0618007 0.0629206 0.0638837 0.0646825 0.0653109 0.0657641 0.0660385 0.0661319 0.0660438 0.0657748 0.065327 0.0647039 0.0639105 0.0629528 0.0618384 0.0605755 0.0591739 0.0576439 0.0559967 0.0542443 0.0523991 0.0504738 0.0484814 0.0464353 0.0443483 0.0422336 0.0401037 0.0379709 0.035847 0.0337429 0.0316692 0.0296354 0.0276504 0.0257221 0.0238575 0.0220628 0.020343 0.0187026 0.0171449 0.0156726 0.0142874 0.0129904 0.011782 0.0106621 0.00962998 0.00868455 0.00782437 0.00704772 0.00635273 0.00573743 0.00519981 0.00473795 0.00435001 0.00403436 0.00378958 0.00361452 0.00350856 
0.00362952 0.00366159 0.00376479 0.0039399 0.00418779 0.00450969 0.00490707 0.00538166 0.00593537 0.00657022 0.00728828 0.00809162 0.00898218 0.00996172 0.0110317 0.0121933 0.0134472 0.0147935 0.0162318 0.0177609 0.0193789 0.021083 0.0228697 0.0247345 0.0266719 0.0286755 0.030738 0.0328511 0.0350057 0.0371916 0.0393982 0.0416138 0.0438262 0.0460227 0.0481903 0.0503154 0.0523846 0.0543841 0.0563005 0.0581206 0.0598315 0.0614209 0.0628773 0.0641898 0.0653487 0.0663452 0.0671716 0.0678217 0.0682904 0.0685741 0.0686707 0.0685792 0.0683006 0.067837 0.0671921 0.0663708 0.0653795 0.0642258 0.0629185 0.0614673 0.0598831 0.0581774 0.0563625 0.0544511 0.0524566 0.0503923 0.0482719 0.0461088 0.0439165 0.0417081 0.0394963 0.0372931 0.0351101 0.0329581 0.0308471 0.0287862 0.0267838 0.024847 0.0229823 0.0211951 0.01949 0.0178704 0.0163392 0.0148983 0.0135488 0.0122912 0.0111255 0.0100508 0.00906624 0.00817024 0.0073611 0.00663691 0.00599564 0.00543526 0.00495378 0.00454934 0.00422023 0.00396502 0.00378252 0.00367209 
0.00385886 0.00389296 0.00400233 0.00418779 0.00445026 0.00479098 0.00521151 0.00571362 0.0062993 0.00697063 0.00772974 0.00857876 0.00951968 0.0105543 0.0116841 0.0129102 0.0142333 0.0156534 0.01717 0.0187819 0.0204868 0.0222819 0.0241633 0.0261263 0.028165 0.0302727 0.0324416 0.034663 0.0369272 0.0392238 0.0415412 0.0438675 0.0461897 0.0484947 0.0507686 0.0529975 0.0551671 0.0572633 0.0592718 0.061179 0.0629714 0.0646363 0.0661615 0.0675359 0.0687492 0.0697923 0.0706573 0.0713376 0.071828 0.0721247 0.0722254 0.0721294 0.0718375 0.0713519 0.0706764 0.0698162 0.068778 0.0675696 0.0662002 0.0646799 0.0630201 0.0612327 0.0593305 0.0573269 0.0552357 0.053071 0.0508468 0.0485774 0.0462768 0.0439587 0.0416363 0.0393224 0.0370291 0.0347676 0.0325485 0.0303815 0.0282752 0.0262374 0.0242748 0.0223932 0.0205973 0.018891 0.0172773 0.0157583 0.0143351 0.0130085 0.0117784 0.010644 0.00960448 0.00865818 0.00780339 0.00703815 0.00636039 0.00576801 0.00525895 0.00483128 0.00448326 0.00421338 0.00402041 0.00390369 
0.00415677 0.00419348 0.00431084 0.00450969 0.00479098 0.00515604 0.00560647 0.00614414 0.00677111 0.00748954 0.00830166 0.00920964 0.0102156 0.0113212 0.0125282 0.0138375 0.0152498 0.016765 0.0183826 0.020101 0.0219179 0.0238301 0.0258334 0.0279227 0.0300917 0.0323332 0.034639 0.0369996 0.0394048 0.0418434 0.0443033 0.0467717 0.049235 0.0516791 0.0540896 0.0564516 0.0587501 0.0609701 0.0630968 0.0651157 0.0670127 0.0687743 0.0703877 0.0718414 0.0731244 0.0742273 0.0751417 0.0758607 0.0763788 0.0766921 0.0767983 0.0766964 0.0763873 0.0758735 0.0751589 0.0742489 0.0731505 0.071872 0.070423 0.0688142 0.0670574 0.0651653 0.0631513 0.0610294 0.0588142 0.0565206 0.0541633 0.0517575 0.0493178 0.0468588 0.0443945 0.0419383 0.0395032 0.037101 0.0347431 0.0324396 0.0301998 0.028032 0.0259434 0.0239402 0.0220275 0.0202096 0.0184896 0.0168698 0.0153518 0.0139362 0.012623 0.0114117 0.0103012 0.00929001 0.0083763 0.00755808 0.0068332 0.00619949 0.00565481 0.00519714 0.00482468 0.00453584 0.00432935 0.00420452 
0.00452466 0.00456459 0.00469177 0.00490707 0.00521151 0.00560647 0.00609365 0.00667501 0.00735269 0.00812897 0.00900617 0.00998654 0.0110722 0.0122651 0.0135666 0.0149779 0.0164996 0.0181315 0.0198727 0.0217216 0.0236757 0.0257312 0.0278838 0.0301276 0.0324561 0.0348612 0.0373342 0.0398649 0.0424423 0.0450545 0.0476883 0.0503302 0.0529657 0.0555796 0.0581567 0.060681 0.0631367 0.0655078 0.0677785 0.0699336 0.0719579 0.0738373 0.0755583 0.0771085 0.0784764 0.079652 0.0806266 0.0813927 0.0819446 0.0822782 0.0823909 0.0822819 0.081952 0.0814038 0.0806415 0.0796709 0.0784992 0.0771354 0.0755894 0.0738728 0.0719978 0.069978 0.0678277 0.0655616 0.0631953 0.0607444 0.0582249 0.0556525 0.0530432 0.0504122 0.0477746 0.0451447 0.0425364 0.0399624 0.0374347 0.0349643 0.0325613 0.0302345 0.0279917 0.0258397 0.0237841 0.0218294 0.0199792 0.0182361 0.0166018 0.0150771 0.0136621 0.0123564 0.0111588 0.010068 0.00908194 0.00819867 0.00741594 0.00673147 0.00614303 0.00564851 0.00524602 0.00493389 0.00471079 0.00457598 
0.00496417 0.00500794 0.00514679 0.00538166 0.00571362 0.00614414 0.00667501 0.00730829 0.00804623 0.00889124 0.00984573 0.0109121 0.0120924 0.0133887 0.0148025 0.0163349 0.0179862 0.0197563 0.0216441 0.0236477 0.0257641 0.0279894 0.0303185 0.0327453 0.0352622 0.0378609 0.0405315 0.0432633 0.0460442 0.0488612 0.0517004 0.0545471 0.0573857 0.0602 0.0629734 0.0656892 0.0683301 0.0708792 0.0733197 0.0756351 0.0778094 0.0798275 0.0816751 0.0833389 0.0848069 0.0860681 0.0871134 0.087935 0.0885267 0.088884 0.0890045 0.088887 0.0885327 0.087944 0.0871257 0.0860836 0.0848258 0.0833614 0.0817013 0.0798576 0.0778436 0.0756735 0.0733625 0.0709265 0.0683821 0.0657459 0.0630349 0.0602662 0.0574567 0.0546228 0.0517807 0.0489458 0.0461329 0.0433558 0.0406275 0.0379599 0.0353638 0.032849 0.0304238 0.0280957 0.0258708 0.0237542 0.0217498 0.0198606 0.0180884 0.0164343 0.0148986 0.0134808 0.01218 0.0109946 0.00992272 0.0089622 0.00811074 0.00736597 0.00672553 0.00618723 0.00574904 0.00540923 0.00516639 0.00501973 
0.00547711 0.00552534 0.00567776 0.00593537 0.0062993 0.00677111 0.00735269 0.00804623 0.00885413 0.00977888 0.010823 0.011989 0.0132792 0.0146954 0.0162393 0.0179118 0.0197133 0.0216434 0.0237008 0.0258832 0.0281874 0.0306088 0.033142 0.0357799 0.0385146 0.0413366 0.0442354 0.047199 0.0502144 0.0532677 0.0563436 0.0594261 0.0624986 0.0655435 0.068543 0.071479 0.074333 0.0770868 0.0797224 0.0822221 0.0845688 0.0867463 0.0887393 0.0905336 0.0921163 0.0934759 0.0946025 0.0954877 0.096125 0.0965097 0.096639 0.0965119 0.0961294 0.0954944 0.0946116 0.0934876 0.0921307 0.0905509 0.0887597 0.0867701 0.0845962 0.0822533 0.0797577 0.0771264 0.0743771 0.0715277 0.0685966 0.0656019 0.0625619 0.0594943 0.0564166 0.0533454 0.0502967 0.0472855 0.0443258 0.0414307 0.0386118 0.0358798 0.033244 0.0307124 0.0282919 0.0259881 0.0238053 0.0217469 0.0198151 0.0180113 0.0163357 0.0147882 0.0133677 0.0120727 0.0109012 0.00985114 0.00891996 0.00810522 0.00740445 0.00681532 0.0063357 0.00596376 0.00569799 0.00553759 
0.00606541 0.00611875 0.00628667 0.00657022 0.00697063 0.00748954 0.00812897 0.00889124 0.00977888 0.0107945 0.0119408 0.0132204 0.0146355 0.0161883 0.0178802 0.0197121 0.0216844 0.0237964 0.0260465 0.0284322 0.0309495 0.0335937 0.0363583 0.0392359 0.0422174 0.0452925 0.0484497 0.0516758 0.0549569 0.0582774 0.061621 0.0649703 0.0683072 0.0716127 0.0748676 0.0780522 0.0811468 0.0841317 0.0869874 0.089695 0.0922362 0.0945934 0.0967504 0.0986918 0.100404 0.101874 0.103092 0.104049 0.104738 0.105153 0.105293 0.105155 0.10474 0.104053 0.103098 0.101881 0.100413 0.0987031 0.0967642 0.09461 0.0922558 0.0897181 0.0870142 0.0841625 0.0811819 0.0780918 0.074912 0.071662 0.0683615 0.0650298 0.0616857 0.0583471 0.0550316 0.0517553 0.0485336 0.0453806 0.0423092 0.039331 0.0364563 0.0336938 0.0310513 0.0285348 0.0261494 0.0238988 0.0217857 0.0198115 0.0179769 0.0162817 0.0147249 0.0133051 0.0120203 0.0108681 0.00984606 0.00895156 0.00818201 0.00753492 0.00700806 0.00659948 0.00630757 0.00613148 
0.00673106 0.00679016 0.00697552 0.00728828 0.00772974 0.00830166 0.00900617 0.00984573 0.010823 0.0119408 0.013202 0.0146091 0.0161646 0.0178706 0.0197286 0.0217395 0.0239032 0.0262191 0.0286852 0.0312984 0.0340545 0.0369478 0.0399714 0.0431168 0.0463742 0.0497321 0.0531778 0.0566971 0.0602744 0.0638931 0.0675351 0.0711817 0.0748131 0.0784089 0.081948 0.0854094 0.0887717 0.0920135 0.095114 0.0980526 0.10081 0.103367 0.105706 0.10781 0.109666 0.11126 0.112579 0.113616 0.114361 0.114811 0.114961 0.114811 0.114362 0.113617 0.112581 0.111262 0.109669 0.107815 0.105712 0.103375 0.100821 0.0980664 0.095131 0.0920342 0.0887964 0.0854386 0.0819819 0.0784477 0.0748572 0.0712312 0.0675901 0.0639535 0.0603403 0.0567682 0.053254 0.0498132 0.0464597 0.0432063 0.0400644 0.0370437 0.0341526 0.0313981 0.0287858 0.0263199 0.0240034 0.0218383 0.0198252 0.0179643 0.0162546 0.0146947 0.0132825 0.0120156 0.0108915 0.00990737 0.00906048 0.00834823 0.00776824 0.00731844 0.00699713 0.00680341 
0.00747604 0.00754156 0.00774635 0.00809162 0.00857876 0.00920964 0.00998654 0.0109121 0.011989 0.0132204 0.0146091 0.0161579 0.0178693 0.0197454 0.0217877 0.0239969 0.026373 0.0289147 0.03162 0.0344851 0.0375054 0.0406744 0.0439843 0.0474257 0.0509878 0.0546579 0.0584221 0.0622647 0.0661687 0.0701159 0.0740868 0.0780607 0.0820163 0.0859314 0.0897833 0.0935489 0.0972053 0.100729 0.104099 0.107291 0.110285 0.113061 0.1156 0.117884 0.119897 0.121625 0.123056 0.12418 0.124988 0.125476 0.125638 0.125475 0.124987 0.124178 0.123053 0.121622 0.119894 0.117881 0.115598 0.113061 0.110286 0.107294 0.104105 0.100739 0.0972184 0.0935662 0.0898052 0.0859584 0.0820487 0.0780987 0.0741306 0.0701657 0.0662244 0.0623262 0.0584894 0.0547307 0.0510658 0.0475085 0.0440713 0.0407651 0.0375991 0.0345813 0.0317177 0.0290133 0.0264716 0.0240947 0.0218838 0.0198391 0.0179597 0.0162442 0.0146906 0.0132963 0.0120587 0.010975 0.0100421 0.00925739 0.00861831 0.00812267 0.00776868 0.00755535 
0.00830222 0.00837484 0.00860106 0.00898218 0.00951968 0.0102156 0.0110722 0.0120924 0.0132792 0.0146355 0.0161646 0.0178693 0.0197521 0.0218152 0.02406 0.0264872 0.0290963 0.031886 0.0348536 0.037995 0.0413047 0.0447756 0.048399 0.0521644 0.0560598 0.0600712 0.0641834 0.0683791 0.0726398 0.0769455 0.0812749 0.0856057 0.0899146 0.0941774 0.0983697 0.102466 0.106443 0.110274 0.113935 0.117404 0.120655 0.123669 0.126425 0.128903 0.131087 0.132962 0.134514 0.135732 0.136608 0.137136 0.137312 0.137134 0.136604 0.135726 0.134506 0.132953 0.131077 0.128892 0.126414 0.123659 0.120646 0.117395 0.113929 0.110271 0.106443 0.102471 0.0983784 0.0941912 0.0899338 0.0856308 0.0813062 0.0769831 0.0726839 0.0684297 0.0642404 0.0601345 0.056129 0.0522393 0.048479 0.0448602 0.0413932 0.0380867 0.0349477 0.0319817 0.0291927 0.0265835 0.0241553 0.0219085 0.0198426 0.017956 0.0162468 0.0147124 0.0133499 0.0121565 0.0111289 0.0102644 0.00956024 0.00901411 0.0086241 0.00838918 
0.00921132 0.00929171 0.00954138 0.00996172 0.0105543 0.0113212 0.0122651 0.0133887 0.0146954 0.0161883 0.0178706 0.0197454 0.0218152 0.0240822 0.0265478 0.0292123 0.0320752 0.0351347 0.0383877 0.0418295 0.0454538 0.0492527 0.0532163 0.0573333 0.0615901 0.0659715 0.0704606 0.0750387 0.0796853 0.0843788 0.089096 0.0938124 0.0985029 0.103141 0.107701 0.112155 0.116476 0.120638 0.124614 0.12838 0.131909 0.135179 0.138168 0.140855 0.143223 0.145255 0.146937 0.148257 0.149206 0.149777 0.149967 0.149774 0.149199 0.148246 0.146923 0.145239 0.143205 0.140835 0.138146 0.135157 0.131887 0.128359 0.124595 0.120621 0.116462 0.112144 0.107695 0.10314 0.0985075 0.0938231 0.0891132 0.0844028 0.0797164 0.0750768 0.0705059 0.0660239 0.0616493 0.057399 0.0532881 0.0493299 0.0455359 0.0419157 0.0384772 0.0352267 0.0321687 0.0293064 0.0266415 0.0241746 0.0219053 0.0198322 0.0179532 0.0162658 0.014767 0.0134538 0.0123228 0.0113711 0.0105958 0.00999449 0.00956512 0.0093066 
0.0102048 0.0102936 0.0105688 0.0110317 0.0116841 0.0125282 0.0135666 0.0148025 0.0162393 0.0178802 0.0197286 0.0217877 0.02406 0.0265478 0.0292521 0.0321733 0.0353106 0.0386617 0.0422229 0.0459889 0.0499525 0.054105 0.0584353 0.0629308 0.0675767 0.0723561 0.0772506 0.0822395 0.0873008 0.0924106 0.0975437 0.102674 0.107773 0.112814 0.117767 0.122603 0.127293 0.131809 0.136122 0.140204 0.14403 0.147573 0.150811 0.153722 0.156286 0.158486 0.160306 0.161735 0.162761 0.163379 0.163584 0.163374 0.162751 0.16172 0.160287 0.158463 0.156259 0.153692 0.150779 0.147539 0.143995 0.14017 0.136088 0.131777 0.127264 0.122577 0.117745 0.112797 0.107762 0.102668 0.0975453 0.0924194 0.0873173 0.0822638 0.0772828 0.0723962 0.0676245 0.062986 0.0584976 0.0541737 0.0500271 0.0460686 0.0423069 0.0387491 0.0354004 0.0322645 0.0293437 0.0266386 0.0241492 0.0218741 0.0198112 0.017958 0.0163115 0.0148683 0.0136252 0.0125789 0.0117265 0.0110653 0.0105932 0.0103091 
0.0112838 0.0113818 0.0116844 0.0121933 0.0129102 0.0138375 0.0149779 0.0163349 0.0179118 0.0197121 0.0217395 0.0239969 0.0264872 0.0292123 0.0321733 0.0353704 0.0388023 0.0424664 0.0463582 0.0504718 0.0547991 0.0593302 0.0640531 0.0689536 0.0740154 0.0792201 0.0845475 0.089975 0.0954785 0.101032 0.106608 0.112179 0.117714 0.123182 0.128553 0.133796 0.138878 0.14377 0.14844 0.152859 0.156998 0.160832 0.164334 0.167481 0.170253 0.17263 0.174597 0.176141 0.17725 0.177917 0.178137 0.17791 0.177236 0.176121 0.174572 0.172599 0.170217 0.167441 0.16429 0.160785 0.15695 0.152809 0.14839 0.143721 0.138832 0.133752 0.128514 0.123147 0.117684 0.112156 0.106593 0.101024 0.0954788 0.0899838 0.084565 0.0792464 0.0740503 0.0689969 0.0641045 0.0593892 0.054865 0.0505438 0.0464356 0.0425481 0.0388875 0.0354579 0.032262 0.029301 0.0265748 0.0240824 0.0218216 0.01979 0.0179843 0.0164012 0.0150372 0.0138889 0.0129533 0.0122276 0.0117094 0.0113978 
0.012449 0.0125568 0.012889 0.0134472 0.0142333 0.0152498 0.0164996 0.0179862 0.0197133 0.0216844 0.0239032 0.026373 0.0290963 0.0320752 0.0353106 0.0388023 0.0425487 0.0465466 0.050791 0.055275 0.0599897 0.0649239 0.0700644 0.0753955 0.0808993 0.0865557 0.0923424 0.0982351 0.104207 0.110231 0.116277 0.122313 0.128308 0.134229 0.140042 0.145714 0.15121 0.156498 0.161544 0.166318 0.170789 0.174928 0.178708 0.182104 0.185094 0.187659 0.18978 0.191444 0.192639 0.193358 0.193595 0.193349 0.192622 0.191419 0.189748 0.187619 0.185048 0.182052 0.178651 0.174867 0.170725 0.166253 0.161478 0.156432 0.151145 0.145651 0.139984 0.134175 0.12826 0.122272 0.116243 0.110205 0.10419 0.0982269 0.0923437 0.0865666 0.0809198 0.0754255 0.0701035 0.0649718 0.0600456 0.0553382 0.0508607 0.0466218 0.0426283 0.0388852 0.0353956 0.0321611 0.0291818 0.0264569 0.0239845 0.0217618 0.0197857 0.0180527 0.0165592 0.0153017 0.014277 0.013482 0.0129146 0.0125733 
0.0137006 0.013819 0.0141827 0.0147935 0.0156534 0.016765 0.0181315 0.0197563 0.0216434 0.0237964 0.0262191 0.0289147 0.031886 0.0351347 0.0386617 0.0424664 0.0465466 0.0508988 0.055517 0.0603936 0.0655185 0.0708794 0.0764615 0.0822478 0.0882186 0.0943519 0.100623 0.107007 0.113473 0.119992 0.126532 0.133058 0.139537 0.145933 0.15221 0.158332 0.164263 0.169966 0.175407 0.180553 0.18537 0.189828 0.193899 0.197556 0.200775 0.203534 0.205817 0.207607 0.208893 0.209665 0.20992 0.209655 0.208872 0.207577 0.205778 0.203486 0.200718 0.197492 0.193829 0.189753 0.18529 0.18047 0.175323 0.169881 0.164178 0.15825 0.152132 0.145859 0.139468 0.132996 0.126477 0.119946 0.113436 0.10698 0.100607 0.0943459 0.0882232 0.082263 0.076487 0.0709147 0.0655631 0.0604467 0.0555777 0.0509661 0.0466196 0.0425436 0.0387421 0.0352169 0.0319687 0.0289966 0.0262988 0.0238728 0.0217153 0.0198226 0.0181912 0.0168173 0.0156975 0.0148288 0.0142087 0.013836 
0.0150384 0.0151679 0.0155651 0.0162318 0.01717 0.0183826 0.0198727 0.0216441 0.0237008 0.0260465 0.0286852 0.03162 0.0348536 0.0383877 0.0422229 0.0463582 0.050791 0.055517 0.0605296 0.0658199 0.071377 0.0771871 0.0832341 0.089499 0.0959605 0.102595 0.109375 0.116272 0.123257 0.130294 0.137351 0.14439 0.151376 0.158268 0.16503 0.171622 0.178005 0.184141 0.189994 0.195526 0.200704 0.205495 0.209868 0.213796 0.217252 0.220215 0.222665 0.224586 0.225966 0.226795 0.227068 0.226783 0.225942 0.224551 0.222619 0.220158 0.217186 0.21372 0.209785 0.205405 0.200608 0.195426 0.189891 0.184037 0.1779 0.171518 0.164929 0.158172 0.151285 0.144306 0.137275 0.130227 0.123199 0.116225 0.109339 0.10257 0.0959477 0.0894978 0.0832444 0.0772085 0.0714089 0.0658616 0.0605801 0.0555755 0.0508562 0.0464289 0.0422977 0.0384654 0.0349326 0.031699 0.0287628 0.0261214 0.0237716 0.0217098 0.0199322 0.0184348 0.0172143 0.0162673 0.0155915 0.0151853 
0.0164612 0.0166026 0.0170352 0.0177609 0.0187819 0.020101 0.0217216 0.0236477 0.0258832 0.0284322 0.0312984 0.0344851 0.037995 0.0418295 0.0459889 0.0504718 0.055275 0.0603936 0.0658199 0.0715444 0.0775544 0.0838351 0.0903685 0.0971341 0.104109 0.111266 0.118577 0.126012 0.133536 0.141114 0.148709 0.156282 0.163793 0.171202 0.178467 0.185546 0.192399 0.198985 0.205264 0.211197 0.216749 0.221884 0.22657 0.230777 0.23448 0.237652 0.240275 0.242332 0.243808 0.244695 0.244987 0.244681 0.243781 0.242291 0.240221 0.237586 0.234402 0.230689 0.226472 0.221777 0.216635 0.211078 0.205141 0.19886 0.192273 0.185421 0.178344 0.171083 0.163679 0.156175 0.148609 0.141024 0.133456 0.125943 0.11852 0.111221 0.104077 0.0971152 0.0903622 0.0838411 0.0775722 0.0715733 0.0658591 0.0604419 0.0553314 0.0505348 0.0460572 0.0419017 0.0380696 0.0345606 0.0313732 0.0285049 0.0259526 0.0237124 0.0217804 0.0201529 0.018826 0.0177965 0.0170618 0.0166204 
0.0179675 0.0181213 0.0185911 0.0193789 0.0204868 0.0219179 0.0236757 0.0257641 0.0281874 0.0309495 0.0340545 0.0375054 0.0413047 0.0454538 0.0499525 0.0547991 0.0599897 0.0655185 0.071377 0.0775544 0.084037 0.0908081 0.0978483 0.105135 0.112643 0.120344 0.128207 0.136199 0.144283 0.152422 0.160574 0.1687 0.176756 0.184698 0.192483 0.200066 0.207404 0.214453 0.221171 0.227517 0.233454 0.238943 0.243951 0.248447 0.252401 0.25579 0.258591 0.260787 0.262363 0.263309 0.26362 0.263293 0.262331 0.26074 0.258529 0.255714 0.252312 0.248345 0.243838 0.23882 0.233323 0.227379 0.221028 0.214306 0.207255 0.199917 0.192336 0.184554 0.176617 0.168568 0.160451 0.152307 0.14418 0.136107 0.128128 0.120278 0.112591 0.105097 0.0978239 0.0907973 0.0840393 0.0775693 0.0714035 0.0655554 0.060036 0.0548534 0.0500134 0.0455197 0.041374 0.0375765 0.0341258 0.0310196 0.0282547 0.0258273 0.0237334 0.0219692 0.0205306 0.0194145 0.0186179 0.0181395 
0.0195547 0.0197216 0.0202304 0.021083 0.0222819 0.0238301 0.0257312 0.0279894 0.0306088 0.0335937 0.0369478 0.0406744 0.0447756 0.0492527 0.054105 0.0593302 0.0649239 0.0708794 0.0771871 0.0838351 0.0908081 0.098088 0.105654 0.11348 0.121541 0.129805 0.138238 0.146805 0.155468 0.164184 0.172912 0.181607 0.190223 0.198714 0.207034 0.215134 0.22297 0.230494 0.237663 0.244433 0.250763 0.256615 0.261953 0.266743 0.270956 0.274566 0.277549 0.279886 0.281564 0.282572 0.282902 0.282554 0.281529 0.279833 0.277479 0.27448 0.270855 0.266628 0.261825 0.256476 0.250614 0.244275 0.237498 0.230325 0.222798 0.214962 0.206862 0.198545 0.190059 0.181449 0.172762 0.164044 0.155339 0.146689 0.138135 0.129716 0.121467 0.113421 0.10561 0.098059 0.0907936 0.0838345 0.0771996 0.0709038 0.064959 0.0593746 0.0541572 0.0493112 0.0448387 0.0407403 0.037015 0.0336604 0.0306735 0.0280506 0.0257876 0.0238804 0.0223251 0.0211183 0.0202571 0.0197401 
0.0212195 0.0214001 0.0219495 0.0228697 0.0241633 0.0258334 0.0278838 0.0303185 0.033142 0.0363583 0.0399714 0.0439843 0.048399 0.0532163 0.0584353 0.0640531 0.0700644 0.0764615 0.0832341 0.0903685 0.0978483 0.105654 0.113761 0.122145 0.130774 0.139618 0.148638 0.157797 0.167053 0.176363 0.185681 0.194959 0.204149 0.213203 0.222069 0.230699 0.239043 0.247053 0.254681 0.261883 0.268616 0.274837 0.280511 0.285601 0.290077 0.293911 0.297079 0.299562 0.301343 0.302412 0.302763 0.302392 0.301303 0.299503 0.297001 0.293815 0.289965 0.285473 0.280368 0.274681 0.268448 0.261706 0.254496 0.246861 0.238847 0.230501 0.221872 0.213008 0.203959 0.194775 0.185504 0.176197 0.166898 0.157655 0.14851 0.139505 0.130677 0.122064 0.113696 0.105605 0.0978157 0.0903512 0.0832312 0.0764721 0.0700871 0.0640866 0.058478 0.0532666 0.048455 0.0440443 0.0400336 0.036421 0.0332035 0.0303772 0.0279382 0.0258824 0.0242057 0.0229046 0.0219761 0.0214188 
0.0229579 0.0231527 0.0237441 0.0247345 0.0261263 0.0279227 0.0301276 0.0327453 0.0357799 0.0392359 0.0431168 0.0474257 0.0521644 0.0573333 0.0629308 0.0689536 0.0753955 0.0822478 0.089499 0.0971341 0.105135 0.11348 0.122145 0.1311 0.140313 0.14975 0.159371 0.169136 0.179 0.188916 0.198836 0.208709 0.218485 0.228111 0.237535 0.246703 0.255564 0.264067 0.272163 0.279803 0.286943 0.29354 0.299554 0.304948 0.30969 0.313751 0.317107 0.319735 0.321621 0.322753 0.323124 0.322731 0.321578 0.31967 0.317021 0.313646 0.309566 0.304806 0.299395 0.293366 0.286756 0.279605 0.271955 0.263852 0.255344 0.24648 0.237311 0.22789 0.218268 0.208498 0.198632 0.188722 0.178818 0.168967 0.159217 0.149612 0.140192 0.130995 0.122058 0.113411 0.105083 0.0970989 0.0894797 0.0822434 0.0754047 0.068975 0.0629629 0.0573742 0.0522124 0.0474789 0.0431734 0.0392939 0.0358376 0.0328009 0.0301798 0.02797 0.0261675 0.0247687 0.0237705 0.0231715 
0.0247648 0.0249742 0.0256092 0.0266719 0.028165 0.0300917 0.0324561 0.0352622 0.0385146 0.0422174 0.0463742 0.0509878 0.0560598 0.0615901 0.0675767 0.0740154 0.0808993 0.0882186 0.0959605 0.104109 0.112643 0.121541 0.130774 0.140313 0.150123 0.160165 0.170399 0.180781 0.191263 0.201795 0.212328 0.222806 0.233176 0.243383 0.25337 0.263084 0.272468 0.28147 0.290038 0.298121 0.305673 0.312648 0.319005 0.324705 0.329716 0.334006 0.33755 0.340326 0.342317 0.343512 0.343904 0.343488 0.34227 0.340255 0.337456 0.333891 0.32958 0.324549 0.31883 0.312457 0.305467 0.297903 0.289809 0.281232 0.272224 0.262835 0.25312 0.243134 0.23293 0.222566 0.212095 0.201573 0.191052 0.180584 0.170218 0.16 0.149976 0.140184 0.130664 0.12145 0.112571 0.104054 0.0959236 0.0881981 0.080894 0.0740238 0.0675972 0.0616208 0.0560989 0.0510334 0.0464243 0.04227 0.0385679 0.0353144 0.0325055 0.0301369 0.0282047 0.0267051 0.0256351 0.0249931 
0.0266343 0.0268588 0.0275384 0.0286755 0.0302727 0.0323332 0.0348612 0.0378609 0.0413366 0.0452925 0.0497321 0.0546579 0.0600712 0.0659715 0.0723561 0.0792201 0.0865557 0.0943519 0.102595 0.111266 0.120344 0.129805 0.139618 0.14975 0.160165 0.170823 0.181678 0.192685 0.203794 0.214951 0.226102 0.237192 0.248162 0.258955 0.269511 0.279774 0.289686 0.29919 0.308232 0.316761 0.324726 0.332081 0.338782 0.34479 0.35007 0.35459 0.358322 0.361246 0.363343 0.364601 0.365013 0.364575 0.363292 0.361169 0.358221 0.354464 0.349922 0.344621 0.338593 0.331873 0.324502 0.316522 0.307981 0.298929 0.289417 0.2795 0.269235 0.258678 0.247888 0.236923 0.225841 0.214699 0.203554 0.19246 0.181469 0.17063 0.159991 0.149596 0.139483 0.12969 0.12025 0.111191 0.102539 0.0943143 0.0865348 0.0792145 0.0723641 0.0659912 0.0601007 0.0546952 0.0497751 0.0453391 0.0413849 0.037909 0.0349074 0.032376 0.0303106 0.0287076 0.0275638 0.0268777 
0.0285595 0.0287996 0.0295249 0.030738 0.0324416 0.034639 0.0373342 0.0405315 0.0442354 0.0484497 0.0531778 0.0584221 0.0641834 0.0704606 0.0772506 0.0845475 0.0923424 0.100623 0.109375 0.118577 0.128207 0.138238 0.148638 0.159371 0.170399 0.181678 0.193162 0.2048 0.21654 0.228326 0.240101 0.251806 0.263379 0.274761 0.285889 0.296703 0.307143 0.31715 0.326668 0.335642 0.34402 0.351754 0.3588 0.365115 0.370663 0.375412 0.379333 0.382404 0.384607 0.385928 0.38636 0.3859 0.384551 0.382322 0.379224 0.375277 0.370504 0.364932 0.358595 0.35153 0.343777 0.335383 0.326395 0.316866 0.30685 0.296403 0.285586 0.274457 0.263077 0.251508 0.239811 0.228046 0.216272 0.204546 0.192924 0.181458 0.170198 0.159191 0.148478 0.1381 0.128091 0.118482 0.1093 0.100568 0.092305 0.0845269 0.0772451 0.0704684 0.0642024 0.0584502 0.0532129 0.0484896 0.0442781 0.0405751 0.0373768 0.0346789 0.0324775 0.0307688 0.0295495 0.0288183 
0.0305329 0.0307887 0.0315606 0.0328511 0.034663 0.0369996 0.0398649 0.0432633 0.047199 0.0516758 0.0566971 0.0622647 0.0683791 0.0750387 0.0822395 0.089975 0.0982351 0.107007 0.116272 0.126012 0.136199 0.146805 0.157797 0.169136 0.180781 0.192685 0.2048 0.217073 0.229447 0.241864 0.254264 0.266584 0.278761 0.290731 0.30243 0.313795 0.324762 0.335271 0.345262 0.354679 0.363469 0.371581 0.378968 0.385588 0.391403 0.396379 0.400487 0.403704 0.406011 0.407395 0.407847 0.407365 0.405952 0.403616 0.400371 0.396235 0.391233 0.385393 0.378749 0.37134 0.363208 0.354401 0.344968 0.334963 0.324444 0.31347 0.302101 0.2904 0.278431 0.266257 0.253944 0.241553 0.229148 0.216789 0.204533 0.192436 0.180552 0.168928 0.157611 0.146642 0.136059 0.125894 0.116177 0.106932 0.0981803 0.0899386 0.0822198 0.0750337 0.0683868 0.062283 0.0567237 0.0517086 0.0472356 0.0433018 0.0399034 0.0370364 0.0346966 0.0328803 0.0315844 0.0308073 
0.0325459 0.0328177 0.0336367 0.0350057 0.0369272 0.0394048 0.0424423 0.0460442 0.0502144 0.0549569 0.0602744 0.0661687 0.0726398 0.0796853 0.0873008 0.0954785 0.104207 0.113473 0.123257 0.133536 0.144283 0.155468 0.167053 0.179 0.191263 0.203794 0.21654 0.229447 0.242454 0.255502 0.268525 0.281459 0.294237 0.306793 0.31906 0.330971 0.342461 0.353468 0.363928 0.373785 0.382982 0.391467 0.399193 0.406115 0.412193 0.417394 0.421687 0.425048 0.427458 0.428903 0.429376 0.428872 0.427396 0.424955 0.421563 0.417241 0.412012 0.405907 0.39896 0.391211 0.382704 0.373487 0.363614 0.353138 0.34212 0.330621 0.318704 0.306434 0.293878 0.281103 0.268175 0.255161 0.242126 0.229133 0.216243 0.203515 0.191005 0.178764 0.166841 0.155279 0.144119 0.133395 0.12314 0.113379 0.104134 0.0954256 0.0872662 0.079667 0.0726356 0.0661766 0.060292 0.0549818 0.0502445 0.0460772 0.0424764 0.0394381 0.0369582 0.0350331 0.0336595 0.032836 
0.034589 0.0348769 0.0357436 0.0371916 0.0392238 0.0418434 0.0450545 0.0488612 0.0532677 0.0582774 0.0638931 0.0701159 0.0769455 0.0843788 0.0924106 0.101032 0.110231 0.119992 0.130294 0.141114 0.152422 0.164184 0.176363 0.188916 0.201795 0.214951 0.228326 0.241864 0.255502 0.269175 0.282817 0.296359 0.309734 0.32287 0.335699 0.34815 0.360158 0.371656 0.38258 0.392869 0.402468 0.411321 0.419379 0.426598 0.432935 0.438357 0.442832 0.446334 0.448846 0.450352 0.450844 0.450319 0.44878 0.446236 0.442702 0.438196 0.432745 0.426378 0.419133 0.411049 0.402173 0.392553 0.382245 0.371305 0.359794 0.347776 0.335317 0.322484 0.309347 0.295975 0.282438 0.268805 0.255143 0.24152 0.228 0.214643 0.201509 0.188652 0.176124 0.16397 0.152232 0.14095 0.130155 0.119877 0.11014 0.100962 0.0923604 0.0843465 0.0769289 0.0701128 0.063901 0.0582941 0.0532907 0.0488884 0.0450838 0.0418729 0.0392519 0.0372171 0.0357653 0.034895 
0.0366522 0.0369564 0.0378708 0.0393982 0.0415412 0.0443033 0.0476883 0.0517004 0.0563436 0.061621 0.0675351 0.0740868 0.0812749 0.089096 0.0975437 0.106608 0.116277 0.126532 0.137351 0.148709 0.160574 0.172912 0.185681 0.198836 0.212328 0.226102 0.240101 0.254264 0.268525 0.282817 0.29707 0.311214 0.325176 0.338884 0.352266 0.36525 0.377766 0.389746 0.401125 0.41184 0.421832 0.431046 0.43943 0.446939 0.45353 0.459168 0.46382 0.467461 0.470072 0.471637 0.472148 0.471603 0.470003 0.467359 0.463684 0.458999 0.45333 0.446708 0.439171 0.43076 0.421521 0.411506 0.400771 0.389374 0.377379 0.364852 0.351859 0.338472 0.324762 0.310802 0.296663 0.282418 0.268137 0.253891 0.239745 0.225766 0.212013 0.198544 0.185414 0.172671 0.16036 0.148521 0.13719 0.126396 0.116166 0.106521 0.0974774 0.0890491 0.0812453 0.0740721 0.067533 0.0616289 0.0563592 0.0517214 0.0477125 0.0443288 0.0415663 0.0394215 0.0378912 0.0369741 
0.0387247 0.0390451 0.0400072 0.0416138 0.0438675 0.0467717 0.0503302 0.0545471 0.0594261 0.0649703 0.0711817 0.0780607 0.0856057 0.0938124 0.102674 0.112179 0.122313 0.133058 0.14439 0.156282 0.1687 0.181607 0.194959 0.208709 0.222806 0.237192 0.251806 0.266584 0.281459 0.296359 0.311214 0.325948 0.340487 0.354756 0.36868 0.382185 0.395198 0.407651 0.419474 0.430604 0.44098 0.450545 0.459247 0.467039 0.473877 0.479725 0.48455 0.488326 0.491033 0.492656 0.493186 0.49262 0.490961 0.488219 0.484408 0.479549 0.473668 0.466798 0.458976 0.450246 0.440654 0.430254 0.419102 0.407259 0.394791 0.381764 0.368249 0.354319 0.340047 0.325509 0.310779 0.295932 0.281042 0.266181 0.25142 0.236826 0.222463 0.20839 0.194665 0.18134 0.168461 0.156071 0.144207 0.132902 0.122183 0.112073 0.102591 0.0937507 0.0855627 0.0780342 0.0711691 0.0649692 0.059434 0.0545616 0.0503491 0.0467929 0.0438893 0.0416348 0.0400262 0.0390623 
0.040795 0.0411315 0.042141 0.0438262 0.0461897 0.049235 0.0529657 0.0573857 0.0624986 0.0683072 0.0748131 0.0820163 0.0899146 0.0985029 0.107773 0.117714 0.128308 0.139537 0.151376 0.163793 0.176756 0.190223 0.204149 0.218485 0.233176 0.248162 0.263379 0.278761 0.294237 0.309734 0.325176 0.340487 0.35559 0.370406 0.384858 0.39887 0.412368 0.425279 0.437535 0.449068 0.459817 0.469723 0.478733 0.486799 0.493876 0.499927 0.504919 0.508826 0.511626 0.513305 0.513853 0.513268 0.511552 0.508715 0.504772 0.499744 0.493659 0.486548 0.478451 0.469411 0.459476 0.448702 0.437145 0.424869 0.41194 0.398428 0.384404 0.369944 0.355124 0.340021 0.324713 0.309278 0.293792 0.27833 0.262965 0.247768 0.232804 0.218138 0.203829 0.18993 0.176492 0.163558 0.151169 0.13936 0.128158 0.11759 0.107674 0.0984259 0.0898579 0.0819776 0.0747898 0.0682967 0.0624984 0.0573933 0.0529789 0.0492517 0.0462081 0.0438448 0.0421586 0.0411483 
0.0428513 0.0432037 0.0442599 0.0460227 0.0484947 0.0516791 0.0555796 0.0602 0.0655435 0.0716127 0.0784089 0.0859314 0.0941774 0.103141 0.112814 0.123182 0.134229 0.145933 0.158268 0.171202 0.184698 0.198714 0.213203 0.228111 0.243383 0.258955 0.274761 0.290731 0.306793 0.32287 0.338884 0.354756 0.370406 0.385753 0.400717 0.415221 0.429188 0.442544 0.455216 0.467139 0.478248 0.488483 0.49779 0.50612 0.513428 0.519675 0.524828 0.52886 0.53175 0.533483 0.534048 0.533444 0.531674 0.528746 0.524676 0.519486 0.513203 0.505861 0.497498 0.488159 0.477894 0.466758 0.454811 0.442116 0.428741 0.414758 0.400242 0.385268 0.369916 0.354265 0.338395 0.322387 0.30632 0.290272 0.274319 0.258532 0.242983 0.227737 0.212855 0.198395 0.184409 0.170943 0.15804 0.145735 0.134059 0.12304 0.112697 0.103049 0.0941069 0.0858803 0.0783746 0.0715926 0.0655351 0.0602007 0.0555871 0.0516912 0.0485096 0.0460388 0.044276 0.0432199 
0.0448811 0.0452492 0.0463513 0.0481903 0.0507686 0.0540896 0.0581567 0.0629734 0.068543 0.0748676 0.081948 0.0897833 0.0983697 0.107701 0.117767 0.128553 0.140042 0.15221 0.16503 0.178467 0.192483 0.207034 0.222069 0.237535 0.25337 0.269511 0.285889 0.30243 0.31906 0.335699 0.352266 0.36868 0.384858 0.400717 0.416176 0.431154 0.445572 0.459355 0.472429 0.484726 0.49618 0.506731 0.516323 0.524906 0.532435 0.53887 0.544177 0.54833 0.551305 0.553089 0.553672 0.55305 0.551227 0.548212 0.544021 0.538676 0.532204 0.52464 0.516022 0.506397 0.495815 0.484332 0.472009 0.458911 0.445108 0.430672 0.41568 0.400211 0.384345 0.368164 0.351752 0.33519 0.318561 0.301944 0.28542 0.269062 0.252944 0.237134 0.221696 0.20669 0.192169 0.178185 0.164779 0.151991 0.139853 0.128393 0.117634 0.107593 0.0982853 0.0897197 0.0819027 0.0748379 0.0685262 0.0629671 0.0581583 0.054097 0.0507799 0.0482038 0.0463658 0.0452648 
0.0468719 0.0472553 0.0484022 0.0503154 0.0529975 0.0564516 0.060681 0.0656892 0.071479 0.0780522 0.0854094 0.0935489 0.102466 0.112155 0.122603 0.133796 0.145714 0.158332 0.171622 0.185546 0.200066 0.215134 0.230699 0.246703 0.263084 0.279774 0.296703 0.313795 0.330971 0.34815 0.36525 0.382185 0.39887 0.415221 0.431154 0.446586 0.461436 0.475628 0.489086 0.50174 0.513524 0.524376 0.53424 0.543064 0.550803 0.557417 0.562871 0.567138 0.570195 0.572028 0.572626 0.571987 0.570115 0.567017 0.562711 0.557218 0.550566 0.542791 0.533931 0.524033 0.513148 0.501334 0.488652 0.475169 0.460955 0.446086 0.430639 0.414694 0.398335 0.381646 0.364712 0.347617 0.330446 0.313283 0.296208 0.279299 0.262631 0.246276 0.2303 0.214765 0.199729 0.185241 0.171349 0.158092 0.145505 0.133617 0.122453 0.112032 0.102368 0.0934729 0.0853531 0.0780128 0.0714538 0.0656756 0.0606767 0.0564542 0.0530051 0.0503263 0.0484151 0.0472703 
0.0488109 0.049209 0.0503994 0.0523846 0.0551671 0.0587501 0.0631367 0.0683301 0.074333 0.0811468 0.0887717 0.0972053 0.106443 0.116476 0.127293 0.138878 0.15121 0.164263 0.178005 0.192399 0.207404 0.22297 0.239043 0.255564 0.272468 0.289686 0.307143 0.324762 0.342461 0.360158 0.377766 0.395198 0.412368 0.429188 0.445572 0.461436 0.476698 0.491278 0.505101 0.518094 0.530191 0.541329 0.55145 0.560503 0.568441 0.575223 0.580816 0.585191 0.588326 0.590205 0.590819 0.590164 0.588244 0.585068 0.580653 0.575021 0.568199 0.560223 0.551134 0.540977 0.529806 0.517677 0.504654 0.490805 0.476202 0.46092 0.445039 0.428642 0.411813 0.394638 0.377205 0.359601 0.341913 0.324225 0.306622 0.289185 0.27199 0.255112 0.23862 0.222577 0.207043 0.192072 0.17771 0.164002 0.150982 0.138682 0.127127 0.116338 0.106331 0.097117 0.0887044 0.0810978 0.0742995 0.0683095 0.0631264 0.0587479 0.055171 0.0523928 0.0504106 0.0492235 
0.0506852 0.0510976 0.0523297 0.0543841 0.0572633 0.0609701 0.0655078 0.0708792 0.0770868 0.0841317 0.0920135 0.100729 0.110274 0.120638 0.131809 0.14377 0.156498 0.169966 0.184141 0.198985 0.214453 0.230494 0.247053 0.264067 0.28147 0.29919 0.31715 0.335271 0.353468 0.371656 0.389746 0.407651 0.425279 0.442544 0.459355 0.475628 0.491278 0.506225 0.520392 0.533705 0.546097 0.557504 0.567867 0.577135 0.58526 0.592202 0.597925 0.602402 0.605609 0.607532 0.60816 0.60749 0.605526 0.602277 0.59776 0.591996 0.585014 0.57685 0.567545 0.557145 0.545703 0.533278 0.519934 0.50574 0.490768 0.475096 0.458805 0.44198 0.424705 0.407071 0.389165 0.371077 0.352896 0.334711 0.316606 0.298665 0.280968 0.263592 0.246606 0.230078 0.21407 0.198636 0.183826 0.169685 0.156251 0.143556 0.131627 0.120486 0.110149 0.100629 0.0919355 0.0840732 0.0770451 0.0708516 0.0654916 0.0609631 0.0572634 0.0543897 0.0523393 0.0511114 
0.0524822 0.0529082 0.0541801 0.0563005 0.0592718 0.0630968 0.0677785 0.0733197 0.0797224 0.0869874 0.095114 0.104099 0.113935 0.124614 0.136122 0.14844 0.161544 0.175407 0.189994 0.205264 0.221171 0.237663 0.254681 0.272163 0.290038 0.308232 0.326668 0.345262 0.363928 0.38258 0.401125 0.419474 0.437535 0.455216 0.472429 0.489086 0.505101 0.520392 0.534881 0.548494 0.561162 0.57282 0.58341 0.592879 0.601179 0.608269 0.614114 0.618685 0.621961 0.623924 0.624565 0.623881 0.621876 0.618559 0.613946 0.60806 0.600929 0.592589 0.583082 0.572454 0.56076 0.548058 0.534414 0.519895 0.504578 0.488541 0.471865 0.454636 0.436943 0.418875 0.400524 0.381981 0.363336 0.34468 0.326102 0.307685 0.289514 0.271665 0.254212 0.237225 0.220766 0.204894 0.189659 0.175108 0.16128 0.14821 0.135924 0.124448 0.113797 0.103987 0.0950255 0.0869197 0.0796726 0.0732852 0.0677566 0.0630852 0.0592684 0.0563035 0.054188 0.0529214 
0.0541893 0.0546282 0.0559377 0.0581206 0.061179 0.0651157 0.0699336 0.0756351 0.0822221 0.089695 0.0980526 0.107291 0.117404 0.12838 0.140204 0.152859 0.166318 0.180553 0.195526 0.211197 0.227517 0.244433 0.261883 0.279803 0.298121 0.316761 0.335642 0.354679 0.373785 0.392869 0.41184 0.430604 0.449068 0.467139 0.484726 0.50174 0.518094 0.533705 0.548494 0.562385 0.575309 0.587201 0.598001 0.607656 0.616118 0.623345 0.629303 0.633962 0.6373 0.639301 0.639955 0.639259 0.637215 0.633835 0.629133 0.623134 0.615865 0.607363 0.597668 0.58683 0.574901 0.561942 0.548018 0.533199 0.517561 0.501182 0.484148 0.466544 0.44846 0.429988 0.411221 0.392252 0.373173 0.354077 0.335055 0.316193 0.297576 0.279284 0.261393 0.243975 0.227093 0.210808 0.195173 0.180236 0.166037 0.152613 0.139992 0.128199 0.117253 0.107168 0.0979542 0.0896184 0.0821646 0.0755939 0.0699061 0.0650996 0.061172 0.058121 0.0559441 0.0546407 
0.0557944 0.0562454 0.0575902 0.0598315 0.0629714 0.0670127 0.0719579 0.0778094 0.0845688 0.0922362 0.10081 0.110285 0.120655 0.131909 0.14403 0.156998 0.170789 0.18537 0.200704 0.216749 0.233454 0.250763 0.268616 0.286943 0.305673 0.324726 0.34402 0.363469 0.382982 0.402468 0.421832 0.44098 0.459817 0.478248 0.49618 0.513524 0.530191 0.546097 0.561162 0.575309 0.588469 0.600575 0.611569 0.621394 0.630005 0.637359 0.64342 0.64816 0.651555 0.653591 0.654256 0.653548 0.651469 0.648031 0.643249 0.637145 0.62975 0.621098 0.611232 0.6002 0.588055 0.57486 0.560678 0.545582 0.529648 0.512955 0.49559 0.477639 0.459195 0.440349 0.421197 0.401833 0.382352 0.362848 0.343414 0.324138 0.305108 0.286404 0.268106 0.250286 0.23301 0.216341 0.200334 0.185036 0.170492 0.156738 0.143804 0.131716 0.120493 0.110152 0.100702 0.0921512 0.0845039 0.0777619 0.0719251 0.0669922 0.0629611 0.0598294 0.057595 0.0562573 
0.0572859 0.0577481 0.0591255 0.0614209 0.0646363 0.0687743 0.0738373 0.0798275 0.0867463 0.0945934 0.103367 0.113061 0.123669 0.135179 0.147573 0.160832 0.174928 0.189828 0.205495 0.221884 0.238943 0.256615 0.274837 0.29354 0.312648 0.332081 0.351754 0.371581 0.391467 0.411321 0.431046 0.450545 0.469723 0.488483 0.506731 0.524376 0.541329 0.557504 0.57282 0.587201 0.600575 0.612877 0.624046 0.634027 0.642773 0.650241 0.656396 0.661209 0.664657 0.666724 0.667399 0.666681 0.664571 0.66108 0.656224 0.650026 0.642516 0.633728 0.623706 0.612497 0.600157 0.586746 0.57233 0.556982 0.540777 0.523798 0.50613 0.487863 0.469088 0.4499 0.430396 0.41067 0.390821 0.370943 0.351131 0.331475 0.312065 0.292983 0.27431 0.25612 0.238482 0.221459 0.205108 0.189479 0.174616 0.160557 0.147334 0.134974 0.123496 0.112918 0.10325 0.0945005 0.0866746 0.0797741 0.0737995 0.0687497 0.0646228 0.0614166 0.0591289 0.0577594 
