1.93981e-16 1.81652e-16 3.5702e-16 8.91895e-16 2.28137e-15 5.74954e-15 1.4196e-14 3.43086e-14 8.11421e-14 1.8778e-13 4.25186e-13 9.41916e-13 2.04145e-12 4.32867e-12 8.97986e-12 1.82264e-11 3.61971e-11 7.03438e-11 1.33782e-10 2.49019e-10 4.53714e-10 8.0928e-10 1.41329e-09 2.41672e-09 4.04695e-09 6.63705e-09 1.0661e-08 1.67733e-08 2.58497e-08 3.90225e-08 5.77034e-08 8.35812e-08 1.18585e-07 1.64799e-07 2.24324e-07 2.99081e-07 3.90574e-07 4.99619e-07 6.26097e-07 7.68739e-07 9.25028e-07 1.09121e-06 1.26245e-06 1.43313e-06 1.59725e-06 1.74882e-06 1.88226e-06 1.99274e-06 2.07635e-06 2.13023e-06 2.1526e-06 2.1427e-06 2.10086e-06 2.02846e-06 1.92798e-06 1.80295e-06 1.65792e-06 1.49824e-06 1.3298e-06 1.15864e-06 9.90527e-07 8.30579e-07 6.82912e-07 5.50461e-07 4.34919e-07 3.36804e-07 2.55638e-07 1.90176e-07 1.38672e-07 9.91154e-08 6.94453e-08 4.77e-08 3.21211e-08 2.12068e-08 1.37274e-08 8.71226e-09 5.42134e-09 3.30756e-09 1.97842e-09 1.16018e-09 6.66963e-10 3.75859e-10 2.0762e-10 1.12411e-10 5.96514e-11 3.10231e-11 1.5812e-11 7.89808e-12 3.8662e-12 1.85474e-12 8.72033e-13 4.01843e-13 1.81504e-13 8.03634e-14 3.48837e-14 1.48469e-14 6.19714e-15 2.53849e-15 1.02439e-15 4.18648e-16 
1.81652e-16 1.69988e-16 3.39053e-16 8.59477e-16 2.22755e-15 5.68491e-15 1.42094e-14 3.4754e-14 8.31598e-14 1.94647e-13 4.45622e-13 9.97795e-13 2.18501e-12 4.67945e-12 9.80094e-12 2.00764e-11 4.02228e-11 7.88241e-11 1.51107e-10 2.83399e-10 5.20052e-10 9.33864e-10 1.6412e-09 2.82314e-09 4.75383e-09 7.8368e-09 1.26489e-08 1.99902e-08 3.09352e-08 4.68788e-08 6.95654e-08 1.0109e-07 1.43852e-07 2.00453e-07 2.73525e-07 3.65485e-07 4.78234e-07 6.12824e-07 7.69134e-07 9.4561e-07 1.13913e-06 1.345e-06 1.55722e-06 1.76876e-06 1.97214e-06 2.15989e-06 2.32511e-06 2.4618e-06 2.56515e-06 2.63165e-06 2.6591e-06 2.6466e-06 2.59455e-06 2.50466e-06 2.37997e-06 2.22486e-06 2.04496e-06 1.84692e-06 1.63807e-06 1.42595e-06 1.21774e-06 1.01982e-06 8.37281e-07 6.7377e-07 5.31352e-07 4.10628e-07 3.10956e-07 2.30746e-07 1.67791e-07 1.1957e-07 8.35054e-08 5.71566e-08 3.83438e-08 2.52124e-08 1.62492e-08 1.02647e-08 6.35552e-09 3.8569e-09 2.29397e-09 1.33714e-09 7.63808e-10 4.27542e-10 2.34496e-10 1.26016e-10 6.63483e-11 3.42238e-11 1.72945e-11 8.56183e-12 4.15246e-12 1.97304e-12 9.18494e-13 4.18946e-13 1.87248e-13 8.20157e-14 3.5209e-14 1.48167e-14 6.1134e-15 2.47473e-15 9.86476e-16 3.97808e-16 
3.5702e-16 3.39053e-16 6.84954e-16 1.74616e-15 4.54177e-15 1.16253e-14 2.91326e-14 7.14154e-14 1.71216e-13 4.01402e-13 9.20146e-13 2.06226e-12 4.5188e-12 9.68022e-12 2.02737e-11 4.1513e-11 8.31118e-11 1.62707e-10 3.115e-10 5.83274e-10 1.06834e-09 1.91438e-09 3.35657e-09 5.75935e-09 9.67212e-09 1.59e-08 2.55886e-08 4.03196e-08 6.22069e-08 9.39812e-08 1.39041e-07 2.01445e-07 2.85817e-07 3.97139e-07 5.40412e-07 7.20182e-07 9.39964e-07 1.2016e-06 1.50467e-06 1.84598e-06 2.21936e-06 2.61568e-06 3.02331e-06 3.4288e-06 3.81785e-06 4.17631e-06 4.49112e-06 4.75103e-06 4.94706e-06 5.07268e-06 5.12383e-06 5.09889e-06 4.99864e-06 4.82627e-06 4.58749e-06 4.29056e-06 3.94608e-06 3.56666e-06 3.16621e-06 2.75907e-06 2.35898e-06 1.97815e-06 1.62643e-06 1.31086e-06 1.03554e-06 8.01718e-07 6.08288e-07 4.52301e-07 3.29597e-07 2.3539e-07 1.64761e-07 1.1303e-07 7.60009e-08 5.00872e-08 3.2353e-08 2.04819e-08 1.27081e-08 7.72709e-09 4.60416e-09 2.68813e-09 1.53772e-09 8.61777e-10 4.73115e-10 2.54425e-10 1.34012e-10 6.91344e-11 3.49298e-11 1.72839e-11 8.37588e-12 3.97533e-12 1.84795e-12 8.41416e-13 3.75294e-13 1.63992e-13 7.02126e-14 2.9459e-14 1.21151e-14 4.88681e-15 1.94061e-15 7.79911e-16 
8.91895e-16 8.59477e-16 1.74616e-15 4.4475e-15 1.15428e-14 2.94732e-14 7.36671e-14 1.80093e-13 4.30524e-13 1.00627e-12 2.29935e-12 5.13613e-12 1.12147e-11 2.39358e-11 4.99371e-11 1.01842e-10 2.03042e-10 3.95768e-10 7.54293e-10 1.40586e-09 2.56276e-09 4.56997e-09 7.97311e-09 1.36121e-08 2.27444e-08 3.72002e-08 5.95658e-08 9.33866e-08 1.43369e-07 2.15547e-07 3.17381e-07 4.57709e-07 6.46526e-07 8.94505e-07 1.21225e-06 1.60926e-06 2.0927e-06 2.66605e-06 3.32786e-06 4.07074e-06 4.88091e-06 5.73844e-06 6.6181e-06 7.49102e-06 8.32666e-06 9.09496e-06 9.76834e-06 1.03231e-05 1.07406e-05 1.1007e-05 1.11141e-05 1.10586e-05 1.0842e-05 1.04711e-05 9.95811e-06 9.3202e-06 8.57986e-06 7.76377e-06 6.90149e-06 6.02359e-06 5.15947e-06 4.33536e-06 3.57262e-06 2.88665e-06 2.28657e-06 1.77548e-06 1.35136e-06 1.00819e-06 7.37277e-07 5.28496e-07 3.71348e-07 2.55771e-07 1.72684e-07 1.14281e-07 7.41314e-08 4.71321e-08 2.9369e-08 1.79342e-08 1.07314e-08 6.29174e-09 3.6139e-09 2.03342e-09 1.12068e-09 6.04919e-10 3.19773e-10 1.65534e-10 8.39098e-11 4.16496e-11 2.02434e-11 9.63466e-12 4.4905e-12 2.04968e-12 9.16333e-13 4.01276e-13 1.72153e-13 7.23663e-14 2.98132e-14 1.20455e-14 4.79154e-15 1.93078e-15 
2.28137e-15 2.22755e-15 4.54177e-15 1.15428e-14 2.98635e-14 7.59987e-14 1.89304e-13 4.61155e-13 1.09841e-12 2.5577e-12 5.82181e-12 1.29525e-11 2.81651e-11 5.9858e-11 1.24333e-10 2.52419e-10 5.00904e-10 9.71681e-10 1.84282e-09 3.41737e-09 6.19761e-09 1.0994e-08 1.90793e-08 3.23991e-08 5.38448e-08 8.75941e-08 1.39508e-07 2.17559e-07 3.32256e-07 4.96971e-07 7.28105e-07 1.04494e-06 1.4691e-06 2.02346e-06 2.73049e-06 3.61e-06 4.67653e-06 5.93646e-06 7.38545e-06 9.00638e-06 1.07686e-05 1.26283e-05 1.4531e-05 1.64144e-05 1.82133e-05 1.98637e-05 2.13074e-05 2.24946e-05 2.33857e-05 2.39525e-05 2.41776e-05 2.40541e-05 2.35857e-05 2.27866e-05 2.16822e-05 2.03091e-05 1.87147e-05 1.69556e-05 1.50947e-05 1.31972e-05 1.13262e-05 9.53814e-06 7.87936e-06 6.38368e-06 5.07151e-06 3.95046e-06 3.01701e-06 2.25899e-06 1.65827e-06 1.19343e-06 8.42054e-07 5.8247e-07 3.94993e-07 2.62584e-07 1.71114e-07 1.09298e-07 6.84229e-08 4.19772e-08 2.52345e-08 1.48626e-08 8.57544e-09 4.8465e-09 2.68261e-09 1.45412e-09 7.71827e-10 4.01129e-10 2.04114e-10 1.01689e-10 4.96015e-11 2.36886e-11 1.10773e-11 5.07236e-12 2.27463e-12 9.99047e-13 4.29832e-13 1.81184e-13 7.4843e-14 3.03181e-14 1.2093e-14 4.89114e-15 
5.74954e-15 5.68491e-15 1.16253e-14 2.94732e-14 7.59987e-14 1.92731e-13 4.78348e-13 1.16099e-12 2.75487e-12 6.38991e-12 1.44865e-11 3.20971e-11 6.94991e-11 1.47058e-10 3.04085e-10 6.14486e-10 1.21358e-09 2.34263e-09 4.42052e-09 8.15536e-09 1.47125e-08 2.5959e-08 4.48059e-08 7.56692e-08 1.25064e-07 2.02329e-07 3.20469e-07 4.97039e-07 7.5499e-07 1.12331e-06 1.63725e-06 2.33794e-06 3.27106e-06 4.48445e-06 6.02455e-06 7.93162e-06 1.02342e-05 1.29433e-05 1.60471e-05 1.95069e-05 2.32559e-05 2.72006e-05 3.12251e-05 3.51988e-05 3.89854e-05 4.24522e-05 4.54787e-05 4.79624e-05 4.98227e-05 5.10018e-05 5.14644e-05 5.11969e-05 5.0207e-05 4.8524e-05 4.62001e-05 4.33106e-05 3.99535e-05 3.62459e-05 3.23186e-05 2.83075e-05 2.43448e-05 2.05494e-05 1.70197e-05 1.38283e-05 1.102e-05 8.61272e-06 6.60116e-06 4.96138e-06 3.65659e-06 2.64259e-06 1.87264e-06 1.30117e-06 8.8643e-07 5.92053e-07 3.87654e-07 2.48802e-07 1.56508e-07 9.64796e-08 5.82762e-08 3.44858e-08 1.99904e-08 1.13493e-08 6.31005e-09 3.43525e-09 1.83108e-09 9.55528e-10 4.88145e-10 2.44124e-10 1.19518e-10 5.72833e-11 2.68793e-11 1.23493e-11 5.55571e-12 2.44776e-12 1.05631e-12 4.46566e-13 1.84993e-13 7.51491e-14 3.0062e-14 1.22071e-14 
1.4196e-14 1.42094e-14 2.91326e-14 7.36671e-14 1.89304e-13 4.78348e-13 1.18286e-12 2.86008e-12 6.76032e-12 1.56183e-11 3.52634e-11 7.78036e-11 1.67738e-10 3.53348e-10 7.27299e-10 1.46277e-09 2.87485e-09 5.52175e-09 1.03661e-08 1.90238e-08 3.41353e-08 5.98996e-08 1.02814e-07 1.72659e-07 2.83749e-07 4.56446e-07 7.18867e-07 1.10867e-06 1.67468e-06 2.47804e-06 3.59251e-06 5.10333e-06 7.10431e-06 9.69265e-06 1.29614e-05 1.69897e-05 2.18314e-05 2.75038e-05 3.39768e-05 4.11656e-05 4.89289e-05 5.70715e-05 6.53551e-05 7.35126e-05 8.12674e-05 8.83518e-05 9.45237e-05 9.95785e-05 0.000103356 0.000105742 0.000106667 0.000106105 0.000104071 0.000100624 9.58675e-05 8.99529e-05 8.30764e-05 7.54737e-05 6.74087e-05 5.91572e-05 5.09884e-05 4.31461e-05 3.58335e-05 2.92021e-05 2.33478e-05 1.8312e-05 1.4088e-05 1.06307e-05 7.86778e-06 5.71092e-06 4.06538e-06 2.838e-06 1.9427e-06 1.30389e-06 8.57974e-07 5.53408e-07 3.49859e-07 2.16745e-07 1.31566e-07 7.82354e-08 4.55677e-08 2.59918e-08 1.45171e-08 7.93841e-09 4.24964e-09 2.22691e-09 1.14225e-09 5.73486e-10 2.81829e-10 1.3557e-10 6.38393e-11 2.94302e-11 1.3284e-11 5.8715e-12 2.54169e-12 1.07777e-12 4.47791e-13 1.82432e-13 7.31991e-14 2.98448e-14 
3.43086e-14 3.4754e-14 7.14154e-14 1.80093e-13 4.61155e-13 1.16099e-12 2.86008e-12 6.88879e-12 1.62184e-11 3.73171e-11 8.39044e-11 1.84329e-10 3.95646e-10 8.29665e-10 1.69973e-09 3.40209e-09 6.65322e-09 1.27138e-08 2.37431e-08 4.33396e-08 7.73399e-08 1.34954e-07 2.30322e-07 3.84558e-07 6.28309e-07 1.0048e-06 1.57324e-06 2.41222e-06 3.62276e-06 5.33028e-06 7.68466e-06 1.08575e-05 1.50357e-05 2.04107e-05 2.71628e-05 3.54424e-05 4.53468e-05 5.68988e-05 7.00263e-05 8.45494e-05 0.000100177 0.000116514 0.000133084 0.000149357 0.000164788 0.000178853 0.00019108 0.000201074 0.000208526 0.000213217 0.000215014 0.000213868 0.00020981 0.000202952 0.000193497 0.000181736 0.000168052 0.000152904 0.000136809 0.000120311 0.000103942 8.81872e-05 7.34546e-05 6.00524e-05 4.81799e-05 3.7929e-05 2.92959e-05 2.21993e-05 1.65023e-05 1.20335e-05 8.60701e-06 6.03793e-06 4.15389e-06 2.80222e-06 1.85339e-06 1.20166e-06 7.63608e-07 4.75506e-07 2.90105e-07 1.73376e-07 1.01478e-07 5.81614e-08 3.26369e-08 1.79281e-08 9.63981e-09 5.07309e-09 2.61293e-09 1.31711e-09 6.49773e-10 3.13735e-10 1.48271e-10 6.85931e-11 3.10662e-11 1.37764e-11 5.98272e-12 2.54479e-12 1.06052e-12 4.33351e-13 1.7442e-13 7.14144e-14 
8.11421e-14 8.31598e-14 1.71216e-13 4.30524e-13 1.09841e-12 2.75487e-12 6.76032e-12 1.62184e-11 3.80288e-11 8.71372e-11 1.95085e-10 4.26706e-10 9.11764e-10 1.90311e-09 3.8803e-09 7.72854e-09 1.50378e-08 2.8587e-08 5.31015e-08 9.63988e-08 1.7106e-07 2.96783e-07 5.03558e-07 8.35793e-07 1.3574e-06 2.15772e-06 3.35802e-06 5.11787e-06 7.64045e-06 1.11757e-05 1.60193e-05 2.25064e-05 3.0998e-05 4.18589e-05 5.54276e-05 7.19782e-05 9.16787e-05 0.000114549 0.000140425 0.000168936 0.000199499 0.00023134 0.000263533 0.000295059 0.000324876 0.000351989 0.000375508 0.000394691 0.000408962 0.000417914 0.000421304 0.000419041 0.000411183 0.000397943 0.000379697 0.000356994 0.000330553 0.000301245 0.000270051 0.00023801 0.000206142 0.000175387 0.00014654 0.000120209 9.67974e-05 7.65025e-05 5.93372e-05 4.51626e-05 3.37282e-05 2.47135e-05 1.77647e-05 1.25261e-05 8.66265e-06 5.87486e-06 3.90645e-06 2.54638e-06 1.6268e-06 1.01841e-06 6.24588e-07 3.75198e-07 2.20716e-07 1.27126e-07 7.16782e-08 3.9558e-08 2.13661e-08 1.12934e-08 5.84138e-09 2.95655e-09 1.46434e-09 7.09747e-10 3.3667e-10 1.5631e-10 7.10404e-11 3.16099e-11 1.37725e-11 5.87701e-12 2.45685e-12 1.00702e-12 4.06626e-13 1.67212e-13 
1.8778e-13 1.94647e-13 4.01402e-13 1.00627e-12 2.5577e-12 6.38991e-12 1.56183e-11 3.73171e-11 8.71372e-11 1.98812e-10 4.43166e-10 9.64989e-10 2.05246e-09 4.26381e-09 8.65133e-09 1.7145e-08 3.31882e-08 6.27571e-08 1.15939e-07 2.09297e-07 3.69273e-07 6.36924e-07 1.07424e-06 1.77218e-06 2.86049e-06 4.51891e-06 6.98905e-06 1.05858e-05 1.57063e-05 2.28339e-05 3.25349e-05 4.54439e-05 6.2236e-05 8.35839e-05 0.0001101 0.000142265 0.000180353 0.000224352 0.000273905 0.00032827 0.00038632 0.000446578 0.0005073 0.000566584 0.000622502 0.000673225 0.000717125 0.000752855 0.000779374 0.000795954 0.000802159 0.00079783 0.000783073 0.000758273 0.000724112 0.000681586 0.000632007 0.00057697 0.000518282 0.000457864 0.000397618 0.000339304 0.000284428 0.000234159 0.000189287 0.000150222 0.000117031 8.94894e-05 6.71582e-05 4.94577e-05 3.57374e-05 2.53339e-05 1.76158e-05 1.20127e-05 8.03222e-06 5.26486e-06 3.38217e-06 2.12891e-06 1.31272e-06 7.92749e-07 4.68766e-07 2.71361e-07 1.53756e-07 8.526e-08 4.62637e-08 2.4563e-08 1.27599e-08 6.48534e-09 3.22513e-09 1.56932e-09 7.47243e-10 3.48213e-10 1.58824e-10 7.09161e-11 3.10031e-11 1.32734e-11 5.5668e-12 2.28903e-12 9.27371e-13 3.83061e-13 
4.25186e-13 4.45622e-13 9.20146e-13 2.29935e-12 5.82181e-12 1.44865e-11 3.52634e-11 8.39044e-11 1.95085e-10 4.43166e-10 9.83433e-10 2.13161e-09 4.51245e-09 9.32896e-09 1.88347e-08 3.71356e-08 7.15073e-08 1.34486e-07 2.47075e-07 4.43484e-07 7.77887e-07 1.33368e-06 2.23565e-06 3.66527e-06 5.8789e-06 9.22824e-06 1.41814e-05 2.13423e-05 3.14644e-05 4.54555e-05 6.43667e-05 8.93618e-05 0.000121663 0.000162468 0.000212845 0.000273601 0.000345149 0.000427375 0.000519534 0.000620189 0.00072722 0.000837899 0.000949043 0.00105721 0.00115895 0.001251 0.00133048 0.00139503 0.00144283 0.00147261 0.00148363 0.00147561 0.00144874 0.0014037 0.00134168 0.00126442 0.00117424 0.00107397 0.000966836 0.00085627 0.000745712 0.000638362 0.000536986 0.00044376 0.000360194 0.000287114 0.000224718 0.000172676 0.00013025 9.64301e-05 7.00599e-05 4.99427e-05 3.49249e-05 2.39532e-05 1.61085e-05 1.06194e-05 6.86095e-06 4.34305e-06 2.69288e-06 1.63509e-06 9.72001e-07 5.6559e-07 3.22083e-07 1.79473e-07 9.78461e-08 5.21879e-08 2.72306e-08 1.38996e-08 6.94094e-09 3.39101e-09 1.62096e-09 7.5823e-10 3.47114e-10 1.55545e-10 6.82391e-11 2.93151e-11 1.23357e-11 5.08907e-12 2.0689e-12 8.58534e-13 
9.41916e-13 9.97795e-13 2.06226e-12 5.13613e-12 1.29525e-11 3.20971e-11 7.78036e-11 1.84329e-10 4.26706e-10 9.64989e-10 2.13161e-09 4.59861e-09 9.68807e-09 1.99301e-08 4.00337e-08 7.85214e-08 1.50389e-07 2.81283e-07 5.13841e-07 9.16948e-07 1.59876e-06 2.72432e-06 4.53829e-06 7.39305e-06 1.17815e-05 1.8373e-05 2.80489e-05 4.19342e-05 6.1417e-05 8.81499e-05 0.000124024 0.000171104 0.00023153 0.000307358 0.000400377 0.00051188 0.000642433 0.000791656 0.000958055 0.00113894 0.00133043 0.00152767 0.001725 0.00191642 0.00209592 0.00225789 0.00239741 0.00251045 0.00259397 0.00264583 0.0026648 0.00265043 0.00260304 0.00252376 0.00241461 0.00227854 0.00211951 0.00194237 0.00175266 0.00155638 0.00135951 0.00116771 0.000985901 0.000818018 0.000666852 0.000534015 0.000420013 0.000324405 0.000246014 0.000183148 0.000133824 9.59538e-05 6.74974e-05 4.6569e-05 3.15047e-05 2.08929e-05 1.35781e-05 8.64507e-06 5.39096e-06 3.29164e-06 1.96744e-06 1.1509e-06 6.58772e-07 3.68919e-07 2.02104e-07 1.08301e-07 5.67661e-08 2.91032e-08 1.4595e-08 7.15994e-09 3.43633e-09 1.61367e-09 7.4154e-10 3.33522e-10 1.46848e-10 6.33073e-11 2.67314e-11 1.10657e-11 4.51473e-12 1.88243e-12 
2.04145e-12 2.18501e-12 4.5188e-12 1.12147e-11 2.81651e-11 6.94991e-11 1.67738e-10 3.95646e-10 9.11764e-10 2.05246e-09 4.51245e-09 9.68807e-09 2.03097e-08 4.15694e-08 8.30677e-08 1.6206e-07 3.08689e-07 5.74118e-07 1.04272e-06 1.8497e-06 3.20545e-06 5.42808e-06 8.98465e-06 1.45412e-05 2.30195e-05 3.56579e-05 5.40692e-05 8.02877e-05 0.000116794 0.000166505 0.000232712 0.000318964 0.000428869 0.000565831 0.000732721 0.000931497 0.00116282 0.00142572 0.0017173 0.00203269 0.00236505 0.00270591 0.00304565 0.00337405 0.00368103 0.00395725 0.00419459 0.00438645 0.00452786 0.00461539 0.00464705 0.00462213 0.00454117 0.00440599 0.00421987 0.00398766 0.00371585 0.00341248 0.00308682 0.0027489 0.00240888 0.00207641 0.00175998 0.00146649 0.00120096 0.000966424 0.000764031 0.000593306 0.000452468 0.000338804 0.000249036 0.000179647 0.000127147 8.82662e-05 6.00826e-05 4.00896e-05 2.62122e-05 1.67891e-05 1.05309e-05 6.46691e-06 3.88693e-06 2.2861e-06 1.31547e-06 7.40445e-07 4.07648e-07 2.19495e-07 1.15584e-07 5.9526e-08 2.99826e-08 1.47712e-08 7.1186e-09 3.35629e-09 1.54838e-09 6.99078e-10 3.08948e-10 1.33676e-10 5.66464e-11 2.35323e-11 9.63658e-12 4.03779e-12 
4.32867e-12 4.67945e-12 9.68022e-12 2.39358e-11 5.9858e-11 1.47058e-10 3.53348e-10 8.29665e-10 1.90311e-09 4.26381e-09 9.32896e-09 1.99301e-08 4.15694e-08 8.4643e-08 1.68244e-07 3.26447e-07 6.18333e-07 1.14341e-06 2.06444e-06 3.63997e-06 6.26874e-06 1.05478e-05 1.73452e-05 2.78857e-05 4.3846e-05 6.74528e-05 0.000101572 0.000149774 0.000216357 0.000306306 0.000425168 0.000578825 0.000773149 0.00101355 0.00130443 0.00164855 0.00204647 0.00249598 0.00299172 0.00352511 0.00408447 0.0046556 0.00522252 0.00576851 0.00627722 0.00673361 0.00712473 0.00744014 0.00767206 0.00781516 0.00786636 0.00782459 0.00769068 0.00746749 0.00716014 0.00677629 0.00632623 0.00582283 0.00528101 0.00471708 0.00414766 0.00358869 0.00305439 0.00255649 0.0021037 0.00170156 0.0013525 0.00105624 0.000810256 0.000610396 0.000451456 0.000327725 0.00023343 0.000163085 0.000111721 7.50169e-05 4.93559e-05 3.18071e-05 2.00711e-05 1.23979e-05 7.49442e-06 4.43239e-06 2.56426e-06 1.45092e-06 8.02855e-07 4.34421e-07 2.29855e-07 1.18925e-07 6.01707e-08 2.97735e-08 1.44097e-08 6.8221e-09 3.16003e-09 1.43235e-09 6.35453e-10 2.75987e-10 1.17385e-10 4.89431e-11 2.01194e-11 8.47294e-12 
8.97986e-12 9.80094e-12 2.02737e-11 4.99371e-11 1.24333e-10 3.04085e-10 7.27299e-10 1.69973e-09 3.8803e-09 8.65133e-09 1.88347e-08 4.00337e-08 8.30677e-08 1.68244e-07 3.32598e-07 6.41752e-07 1.20862e-06 2.22185e-06 3.98744e-06 6.98711e-06 1.19569e-05 1.99881e-05 3.26506e-05 5.21355e-05 8.1408e-05 0.000124359 0.000185932 0.000272206 0.000390398 0.000548755 0.000756309 0.00102246 0.00135642 0.0017664 0.0022588 0.00283724 0.0035016 0.00424733 0.00506486 0.0059396 0.00685223 0.00777967 0.00869632 0.00957573 0.0103923 0.0111225 0.0117467 0.0122487 0.012617 0.0128435 0.0129238 0.0128561 0.0126418 0.0122851 0.0117938 0.0111794 0.0104578 0.00964866 0.00877535 0.00786336 0.00693904 0.00602786 0.00515284 0.0043333 0.00358393 0.00291448 0.00232978 0.00183025 0.00141265 0.00107094 0.000797205 0.000582508 0.000417647 0.000293718 0.000202535 0.000136883 9.06388e-05 5.87802e-05 3.73208e-05 2.31919e-05 1.41015e-05 8.3875e-06 4.87924e-06 2.77562e-06 1.54386e-06 8.39595e-07 4.46414e-07 2.32071e-07 1.17962e-07 5.86328e-08 2.85016e-08 1.35516e-08 6.30339e-09 2.86883e-09 1.27781e-09 5.57142e-10 2.37875e-10 9.95575e-11 4.10884e-11 1.73942e-11 
1.82264e-11 2.00764e-11 4.1513e-11 1.01842e-10 2.52419e-10 6.14486e-10 1.46277e-09 3.40209e-09 7.72854e-09 1.7145e-08 3.71356e-08 7.85214e-08 1.6206e-07 3.26447e-07 6.41752e-07 1.2312e-06 2.30518e-06 4.21231e-06 7.51315e-06 1.30821e-05 2.22424e-05 3.69358e-05 5.99255e-05 9.50238e-05 0.000147328 0.000223442 0.000331643 0.000481967 0.000686147 0.000957376 0.00130985 0.00175806 0.0023158 0.00299505 0.00380455 0.00474841 0.0058248 0.00702492 0.00833234 0.00972303 0.0111661 0.0126253 0.014061 0.0154327 0.0167017 0.017833 0.0187971 0.0195706 0.0201367 0.0204838 0.0206055 0.0204995 0.0201677 0.0196163 0.0188562 0.0179046 0.0167844 0.0155253 0.014162 0.0127332 0.0112793 0.00983948 0.00844997 0.00714149 0.00593805 0.00485623 0.0039051 0.00308686 0.00239785 0.00182981 0.00137125 0.00100877 0.000728208 0.000515623 0.000357963 0.000243551 0.000162335 0.000105957 6.77e-05 4.23296e-05 2.58924e-05 1.54905e-05 9.06229e-06 5.18354e-06 2.8986e-06 1.58452e-06 8.46737e-07 4.42338e-07 2.25914e-07 1.12813e-07 5.50872e-08 2.6308e-08 1.22898e-08 5.61702e-09 2.51223e-09 1.09979e-09 4.71421e-10 1.98078e-10 8.20848e-11 3.49366e-11 
3.61971e-11 4.02228e-11 8.31118e-11 2.03042e-10 5.00904e-10 1.21358e-09 2.87485e-09 6.65322e-09 1.50378e-08 3.31882e-08 7.15073e-08 1.50389e-07 3.08689e-07 6.18333e-07 1.20862e-06 2.30518e-06 4.29017e-06 7.79148e-06 1.38097e-05 2.38911e-05 4.03519e-05 6.65555e-05 0.000107234 0.000168838 0.000259885 0.000391255 0.000576399 0.000831369 0.00117463 0.00162657 0.00220869 0.00294245 0.00384769 0.00494088 0.00623309 0.00772801 0.00942014 0.0112934 0.0133206 0.0154636 0.0176745 0.0198984 0.0220759 0.0241475 0.0260565 0.0277525 0.0291936 0.0303468 0.0311886 0.0317032 0.0318819 0.0317217 0.0312251 0.0304005 0.0292632 0.0278368 0.0261542 0.0242575 0.022197 0.0200292 0.0178135 0.0156088 0.0134697 0.0114436 0.00956859 0.00787179 0.00636947 0.0050675 0.00396273 0.00304469 0.00229756 0.0017021 0.00123737 0.000882311 0.000616803 0.000422551 0.00028355 0.000186303 0.000119807 7.53823e-05 4.63934e-05 2.79213e-05 1.64294e-05 9.45046e-06 5.31358e-06 2.92014e-06 1.56856e-06 8.23558e-07 4.22683e-07 2.12083e-07 1.04046e-07 4.99167e-08 2.34228e-08 1.0752e-08 4.82941e-09 2.12302e-09 9.13754e-10 3.85492e-10 1.60429e-10 6.86586e-11 
7.03438e-11 7.88241e-11 1.62707e-10 3.95768e-10 9.71681e-10 2.34263e-09 5.52175e-09 1.27138e-08 2.8587e-08 6.27571e-08 1.34486e-07 2.81283e-07 5.74118e-07 1.14341e-06 2.22185e-06 4.21231e-06 7.79148e-06 1.40615e-05 2.47628e-05 4.25584e-05 7.13969e-05 0.000116948 0.000187097 0.000292457 0.000446852 0.000667695 0.000976174 0.00139716 0.00195875 0.00269136 0.00362634 0.00479412 0.00622187 0.00793089 0.00993381 0.0122319 0.0148126 0.0176483 0.0206955 0.0238955 0.027177 0.0304593 0.0336569 0.036685 0.039464 0.0419242 0.0440079 0.0456709 0.0468817 0.0476198 0.0478739 0.04764 0.0469216 0.0457293 0.0440835 0.0420158 0.0395706 0.0368058 0.0337913 0.0306066 0.0273363 0.0240651 0.0208732 0.0178312 0.0149971 0.0124143 0.0101103 0.00809798 0.00637654 0.0049341 0.00375016 0.00279839 0.00204913 0.0014717 0.0010362 0.000714882 0.000483043 0.00031953 0.000206844 0.000130987 8.11217e-05 4.91207e-05 2.90754e-05 1.68214e-05 9.51117e-06 5.25561e-06 2.83812e-06 1.49788e-06 7.72668e-07 3.89609e-07 1.92063e-07 9.25779e-08 4.36414e-08 2.01236e-08 9.07863e-09 4.00821e-09 1.73244e-09 7.33934e-10 3.06776e-10 1.32035e-10 
1.33782e-10 1.51107e-10 3.115e-10 7.54293e-10 1.84282e-09 4.42052e-09 1.03661e-08 2.37431e-08 5.31015e-08 1.15939e-07 2.47075e-07 5.13841e-07 1.04272e-06 2.06444e-06 3.98744e-06 7.51315e-06 1.38097e-05 2.47628e-05 4.33217e-05 7.39543e-05 0.000123214 0.000200405 0.000318306 0.000493896 0.000748975 0.00111058 0.00161109 0.00228779 0.00318198 0.00433739 0.00579791 0.00760475 0.00979311 0.0123885 0.0154029 0.0188315 0.02265 0.0268127 0.0312526 0.0358829 0.0406004 0.0452912 0.0498364 0.0541197 0.0580338 0.0614856 0.0643996 0.0667187 0.0684028 0.0694265 0.069776 0.0694466 0.0684421 0.0667761 0.0644737 0.0615752 0.0581384 0.0542393 0.0499714 0.0454423 0.0407678 0.0360659 0.0314497 0.0270212 0.022866 0.0190505 0.01562 0.0125987 0.00999202 0.00778853 0.0059637 0.00448343 0.00330755 0.00239315 0.00169736 0.00117948 0.000802626 0.000534619 0.000348426 0.000222104 0.000138437 8.43511e-05 5.02335e-05 2.92348e-05 1.66255e-05 9.23857e-06 5.01639e-06 2.66169e-06 1.38019e-06 6.99498e-07 3.46547e-07 1.67856e-07 7.95044e-08 3.68311e-08 1.66917e-08 7.40215e-09 3.21331e-09 1.36716e-09 5.7403e-10 2.48494e-10 
2.49019e-10 2.83399e-10 5.83274e-10 1.40586e-09 3.41737e-09 8.15536e-09 1.90238e-08 4.33396e-08 9.63988e-08 2.09297e-07 4.43484e-07 9.16948e-07 1.8497e-06 3.63997e-06 6.98711e-06 1.30821e-05 2.38911e-05 4.25584e-05 7.39543e-05 0.00012538 0.000207427 0.000334954 0.00052811 0.000813295 0.00122391 0.00180069 0.00259154 0.00365059 0.00503642 0.00680947 0.00902857 0.0117468 0.0150067 0.0188356 0.023241 0.0282061 0.0336875 0.0396132 0.0458838 0.0523752 0.0589438 0.0654341 0.0716872 0.0775496 0.0828821 0.087566 0.0915063 0.0946328 0.0968974 0.0982703 0.0987354 0.0982875 0.0969311 0.0946814 0.0915683 0.0876405 0.0829692 0.0776505 0.071804 0.0655693 0.0590996 0.0525527 0.046083 0.0398322 0.0339228 0.0284528 0.023493 0.0190867 0.0152504 0.0119775 0.00924144 0.007001 0.00520445 0.00379431 0.00271137 0.00189805 0.00130098 0.000872715 0.000572714 0.000367544 0.000230599 0.000141409 8.47398e-05 4.96174e-05 2.83846e-05 1.58643e-05 8.66279e-06 4.62183e-06 2.40952e-06 1.2276e-06 6.11309e-07 2.97586e-07 1.41642e-07 6.59316e-08 3.00199e-08 1.33736e-08 5.83156e-09 2.49212e-09 1.0512e-09 4.57753e-10 
4.53714e-10 5.20052e-10 1.06834e-09 2.56276e-09 6.19761e-09 1.47125e-08 3.41353e-08 7.73399e-08 1.7106e-07 3.69273e-07 7.77887e-07 1.59876e-06 3.20545e-06 6.26874e-06 1.19569e-05 2.22424e-05 4.03519e-05 7.13969e-05 0.000123214 0.000207427 0.000340703 0.000546139 0.000854638 0.00130611 0.00195023 0.00284656 0.00406378 0.00567776 0.00776861 0.0104165 0.0136966 0.0176732 0.0223936 0.0278822 0.0341348 0.0411145 0.0487487 0.0569294 0.0655141 0.0743318 0.0831899 0.091884 0.100209 0.107972 0.114999 0.121144 0.126295 0.13037 0.133313 0.135093 0.135692 0.135104 0.133335 0.1304 0.126333 0.121188 0.115049 0.108033 0.100284 0.0919776 0.0833075 0.0744774 0.06569 0.0571354 0.0489825 0.0413713 0.0344083 0.0281646 0.0226767 0.017949 0.0139579 0.0106574 0.00798485 0.0058667 0.0042245 0.00297965 0.00205747 0.00139019 0.000918771 0.000593707 0.000375008 0.000231477 0.000139604 8.22534e-05 4.73421e-05 2.66175e-05 1.46192e-05 7.84408e-06 4.11209e-06 2.10639e-06 1.05447e-06 5.15973e-07 2.46829e-07 1.1546e-07 5.2824e-08 2.36432e-08 1.03569e-08 4.44608e-09 1.88426e-09 8.25453e-10 
8.0928e-10 9.33864e-10 1.91438e-09 4.56997e-09 1.0994e-08 2.5959e-08 5.98996e-08 1.34954e-07 2.96783e-07 6.36924e-07 1.33368e-06 2.72432e-06 5.42808e-06 1.05478e-05 1.99881e-05 3.69358e-05 6.65555e-05 0.000116948 0.000200405 0.000334954 0.000546139 0.000868905 0.00134936 0.00204613 0.003031 0.0043884 0.0062136 0.00860935 0.011681 0.0155303 0.0202481 0.0259068 0.0325526 0.0401987 0.0488191 0.058345 0.0686633 0.0796173 0.0910113 0.102618 0.114187 0.125463 0.13619 0.146134 0.155088 0.162885 0.169394 0.174526 0.178224 0.180453 0.181199 0.180456 0.178228 0.17453 0.169395 0.162882 0.155083 0.146131 0.136196 0.125486 0.114236 0.102699 0.0911314 0.079779 0.0688662 0.0585857 0.0490913 0.0404941 0.0328615 0.0262188 0.0205534 0.0158201 0.011948 0.00884841 0.00642157 0.00456424 0.00317549 0.00216151 0.00143888 0.000936377 0.000595537 0.000370079 0.000224664 0.000133221 7.71585e-05 4.36474e-05 2.41161e-05 1.30154e-05 6.86199e-06 3.53461e-06 1.77908e-06 8.75161e-07 4.20825e-07 1.97846e-07 9.09622e-08 4.09087e-08 1.8004e-08 7.76462e-09 3.3065e-09 1.45735e-09 
1.41329e-09 1.6412e-09 3.35657e-09 7.97311e-09 1.90793e-08 4.48059e-08 1.02814e-07 2.30322e-07 5.03558e-07 1.07424e-06 2.23565e-06 4.53829e-06 8.98465e-06 1.73452e-05 3.26506e-05 5.99255e-05 0.000107234 0.000187097 0.000318306 0.00052811 0.000854638 0.00134936 0.00207919 0.00312787 0.00459607 0.00659982 0.009267 0.0127318 0.017127 0.0225756 0.0291805 0.0370153 0.0461153 0.05647 0.068018 0.0806443 0.094181 0.108411 0.123074 0.13788 0.152518 0.166676 0.180053 0.192376 0.203413 0.212975 0.220926 0.227174 0.231662 0.234362 0.235261 0.234354 0.231645 0.227144 0.220881 0.212913 0.203336 0.192291 0.179967 0.166601 0.152467 0.137863 0.123103 0.108492 0.094317 0.0808345 0.0682577 0.0567511 0.0464274 0.0373463 0.0295179 0.0229073 0.0174425 0.0130222 0.00952624 0.0068242 0.00478448 0.00328135 0.0022005 0.00144237 0.000923839 0.00057806 0.000353292 0.000210877 0.000122922 6.99729e-05 3.88992e-05 2.11199e-05 1.12001e-05 5.80219e-06 2.93672e-06 1.45249e-06 7.02138e-07 3.31806e-07 1.53319e-07 6.929e-08 3.06401e-08 1.32763e-08 5.68122e-09 2.51945e-09 
2.41672e-09 2.82314e-09 5.75935e-09 1.36121e-08 3.23991e-08 7.56692e-08 1.72659e-07 3.84558e-07 8.35793e-07 1.77218e-06 3.66527e-06 7.39305e-06 1.45412e-05 2.78857e-05 5.21355e-05 9.50238e-05 0.000168838 0.000292457 0.000493896 0.000813295 0.00130611 0.00204613 0.00312787 0.00466756 0.00680226 0.00968649 0.0134862 0.0183698 0.0244977 0.03201 0.0410139 0.0515727 0.0636961 0.0773333 0.0923703 0.108629 0.125873 0.143811 0.162114 0.180423 0.198367 0.215582 0.231729 0.246506 0.259662 0.271002 0.280391 0.287741 0.293006 0.296166 0.297213 0.296146 0.292965 0.287674 0.280294 0.270875 0.259505 0.246326 0.231536 0.21539 0.198191 0.180279 0.162018 0.143775 0.125903 0.10873 0.0925394 0.0775648 0.06398 0.0518964 0.0413628 0.0323691 0.0248527 0.0187078 0.0137969 0.00996275 0.00703989 0.00486544 0.00328744 0.00217078 0.00140044 0.000882479 0.000543075 0.000326348 0.000191489 0.000109708 6.13733e-05 3.3527e-05 1.78865e-05 9.32029e-06 4.74428e-06 2.35953e-06 1.14677e-06 5.44774e-07 2.53012e-07 1.14912e-07 5.106e-08 2.22293e-08 9.55937e-09 4.2656e-09 
4.04695e-09 4.75383e-09 9.67212e-09 2.27444e-08 5.38448e-08 1.25064e-07 2.83749e-07 6.28309e-07 1.3574e-06 2.86049e-06 5.8789e-06 1.17815e-05 2.30195e-05 4.3846e-05 8.1408e-05 0.000147328 0.000259885 0.000446852 0.000748975 0.00122391 0.00195023 0.003031 0.00459607 0.00680226 0.0098307 0.0138807 0.0191599 0.0258718 0.0342001 0.0442936 0.0562509 0.070108 0.0858295 0.103304 0.122345 0.142694 0.164031 0.185986 0.208152 0.230106 0.251424 0.271702 0.290572 0.307719 0.322888 0.335893 0.346609 0.354967 0.360936 0.36451 0.365691 0.36448 0.360873 0.354866 0.346465 0.335703 0.322652 0.307442 0.290267 0.271383 0.25111 0.229817 0.207907 0.185802 0.163921 0.142666 0.122403 0.103445 0.0860468 0.0703897 0.0565819 0.0446569 0.0345778 0.0262468 0.0195173 0.0142083 0.0101204 0.00704945 0.00479985 0.0031934 0.00207541 0.00131727 0.000816383 0.000493983 0.000291811 0.000168289 9.47521e-05 5.20867e-05 2.79584e-05 1.46555e-05 7.50339e-06 3.75282e-06 1.83395e-06 8.75859e-07 4.08884e-07 1.86637e-07 8.33343e-08 3.64539e-08 1.57543e-08 7.0736e-09 
6.63705e-09 7.8368e-09 1.59e-08 3.72002e-08 8.75941e-08 2.02329e-07 4.56446e-07 1.0048e-06 2.15772e-06 4.51891e-06 9.22824e-06 1.8373e-05 3.56579e-05 6.74528e-05 0.000124359 0.000223442 0.000391255 0.000667695 0.00111058 0.00180069 0.00284656 0.0043884 0.00659982 0.00968649 0.0138807 0.0194311 0.0265884 0.0355873 0.0466264 0.0598492 0.0753267 0.0930457 0.112902 0.1347 0.15816 0.182928 0.208589 0.234688 0.260747 0.286286 0.310841 0.333984 0.355341 0.3746 0.391524 0.405948 0.417774 0.426961 0.433501 0.437407 0.438696 0.43737 0.433422 0.426835 0.417594 0.405708 0.391223 0.374242 0.354936 0.333547 0.310392 0.285847 0.260342 0.234337 0.208311 0.182739 0.158069 0.13471 0.113011 0.0932451 0.0756033 0.0601854 0.0470022 0.0359816 0.0269812 0.0198048 0.0142217 0.00998559 0.00685247 0.00459417 0.00300832 0.00192351 0.00120072 0.000731679 0.000435211 0.000252681 0.000143202 7.92247e-05 4.27903e-05 2.25662e-05 1.16216e-05 5.8458e-06 2.8726e-06 1.37928e-06 6.47251e-07 2.96932e-07 1.3323e-07 5.85601e-08 2.54338e-08 1.14904e-08 
1.0661e-08 1.26489e-08 2.55886e-08 5.95658e-08 1.39508e-07 3.20469e-07 7.18867e-07 1.57324e-06 3.35802e-06 6.98905e-06 1.41814e-05 2.80489e-05 5.40692e-05 0.000101572 0.000185932 0.000331643 0.000576399 0.000976174 0.00161109 0.00259154 0.00406378 0.0062136 0.009267 0.0134862 0.0191599 0.0265884 0.0360625 0.0478396 0.0621188 0.0790183 0.0985575 0.120647 0.145088 0.171576 0.199718 0.229052 0.259065 0.28922 0.318976 0.347813 0.375249 0.400855 0.424273 0.44522 0.463494 0.478971 0.491593 0.501355 0.508282 0.512411 0.51377 0.512371 0.508198 0.501219 0.491396 0.478704 0.463154 0.444808 0.423796 0.400327 0.374688 0.347242 0.318419 0.288702 0.258611 0.228682 0.199449 0.171419 0.145048 0.120722 0.0987387 0.0792902 0.0624609 0.0482281 0.0364728 0.0269971 0.019547 0.0138365 0.00957107 0.00646721 0.00426738 0.00274911 0.00172874 0.00106102 0.000635541 0.000371521 0.000211958 0.000118025 6.41492e-05 3.40376e-05 1.76336e-05 8.92101e-06 4.4082e-06 2.12802e-06 1.00383e-06 4.62838e-07 2.08686e-07 9.2165e-08 4.02275e-08 1.82857e-08 
1.67733e-08 1.99902e-08 4.03196e-08 9.33866e-08 2.17559e-07 4.97039e-07 1.10867e-06 2.41222e-06 5.11787e-06 1.05858e-05 2.13423e-05 4.19342e-05 8.02877e-05 0.000149774 0.000272206 0.000481967 0.000831369 0.00139716 0.00228779 0.00365059 0.00567776 0.00860935 0.0127318 0.0183698 0.0258718 0.0355873 0.0478396 0.0628947 0.0809317 0.102018 0.126092 0.152961 0.1823 0.213677 0.246572 0.280405 0.314569 0.348455 0.38148 0.413107 0.442861 0.470341 0.495231 0.517302 0.536408 0.552479 0.565511 0.575543 0.582638 0.586857 0.588246 0.58682 0.582559 0.575414 0.56532 0.552215 0.536063 0.516875 0.494724 0.469763 0.442228 0.412439 0.380801 0.34779 0.313946 0.279851 0.24611 0.213328 0.182078 0.152872 0.126137 0.102185 0.0812034 0.0632465 0.0482432 0.0360139 0.0262946 0.0187668 0.013087 0.00891345 0.00592752 0.00384782 0.00243776 0.00150711 0.000909182 0.000535172 0.000307385 0.000172284 9.42359e-05 5.031e-05 2.62194e-05 1.33412e-05 6.62921e-06 3.21745e-06 1.52563e-06 7.0696e-07 3.20304e-07 1.42133e-07 6.23419e-08 2.85103e-08 
2.58497e-08 3.09352e-08 6.22069e-08 1.43369e-07 3.32256e-07 7.5499e-07 1.67468e-06 3.62276e-06 7.64045e-06 1.57063e-05 3.14644e-05 6.1417e-05 0.000116794 0.000216357 0.000390398 0.000686147 0.00117463 0.00195875 0.00318198 0.00503642 0.00776861 0.011681 0.017127 0.0244977 0.0342001 0.0466264 0.0621188 0.0809317 0.103198 0.128904 0.157878 0.189788 0.224167 0.260432 0.297929 0.335963 0.373844 0.410912 0.446566 0.480283 0.511625 0.54025 0.565911 0.588452 0.607802 0.62396 0.636983 0.646957 0.653985 0.658155 0.659529 0.658127 0.653923 0.646852 0.636821 0.62373 0.607491 0.588053 0.565422 0.539675 0.510973 0.479569 0.44581 0.410138 0.373081 0.33524 0.297277 0.259881 0.223741 0.189507 0.157749 0.128928 0.103361 0.0812118 0.0624865 0.0470485 0.0346432 0.0249324 0.0175297 0.0120358 0.00806732 0.00527743 0.00336879 0.00209809 0.0012748 0.000755632 0.000436958 0.000246519 0.000135702 7.28944e-05 3.82159e-05 1.95574e-05 9.77199e-06 4.76817e-06 2.27261e-06 1.05834e-06 4.81804e-07 2.148e-07 9.46718e-08 4.35545e-08 
3.90225e-08 4.68788e-08 9.39812e-08 2.15547e-07 4.96971e-07 1.12331e-06 2.47804e-06 5.33028e-06 1.11757e-05 2.28339e-05 4.54555e-05 8.81499e-05 0.000166505 0.000306306 0.000548755 0.000957376 0.00162657 0.00269136 0.00433739 0.00680947 0.0104165 0.0155303 0.0225756 0.03201 0.0442936 0.0598492 0.0790183 0.102018 0.128904 0.15955 0.193639 0.23068 0.270037 0.310972 0.352694 0.394409 0.435363 0.474873 0.512353 0.547325 0.579422 0.608387 0.634066 0.656397 0.675393 0.691132 0.703731 0.71333 0.720066 0.724055 0.725371 0.72404 0.720031 0.713265 0.703621 0.690962 0.67515 0.656068 0.633645 0.607869 0.578809 0.546625 0.51158 0.474046 0.434507 0.393555 0.351876 0.310228 0.269403 0.230188 0.193311 0.159396 0.128922 0.10219 0.0793178 0.06024 0.044737 0.0324689 0.0230182 0.0159331 0.0107649 0.00709714 0.00456491 0.00286415 0.00175282 0.00104626 0.000609128 0.000345913 0.000191625 0.000103567 5.46178e-05 2.81108e-05 1.41229e-05 6.92762e-06 3.31864e-06 1.55303e-06 7.10347e-07 3.18148e-07 1.40889e-07 6.51965e-08 
5.77034e-08 6.95654e-08 1.39041e-07 3.17381e-07 7.28105e-07 1.63725e-06 3.59251e-06 7.68466e-06 1.60193e-05 3.25349e-05 6.43667e-05 0.000124024 0.000232712 0.000425168 0.000756309 0.00130985 0.00220869 0.00362634 0.00579791 0.00902857 0.0136966 0.0202481 0.0291805 0.0410139 0.0562509 0.0753267 0.0985575 0.126092 0.157878 0.193639 0.23289 0.274954 0.31902 0.364191 0.409557 0.454244 0.497463 0.538543 0.576947 0.612276 0.644264 0.672763 0.69773 0.719205 0.737296 0.752156 0.763967 0.772912 0.779164 0.782856 0.784079 0.782858 0.779161 0.772896 0.763922 0.752067 0.737146 0.71898 0.697416 0.672351 0.643746 0.611652 0.57622 0.537724 0.496572 0.453309 0.408614 0.363282 0.31819 0.274249 0.232347 0.193284 0.157719 0.126124 0.0987563 0.0756573 0.0566709 0.0414796 0.0296519 0.0206932 0.0140931 0.00936412 0.00606901 0.00383613 0.00236457 0.00142128 0.000833052 0.000476164 0.000265442 0.000144333 7.65613e-05 3.96262e-05 2.00159e-05 9.86922e-06 4.75137e-06 2.23416e-06 1.0266e-06 4.61859e-07 2.05479e-07 9.56281e-08 
8.35812e-08 1.0109e-07 2.01445e-07 4.57709e-07 1.04494e-06 2.33794e-06 5.10333e-06 1.08575e-05 2.25064e-05 4.54439e-05 8.93618e-05 0.000171104 0.000318964 0.000578825 0.00102246 0.00175806 0.00294245 0.00479412 0.00760475 0.0117468 0.0176732 0.0259068 0.0370153 0.0515727 0.070108 0.0930457 0.120647 0.152961 0.189788 0.23068 0.274954 0.32174 0.370048 0.418838 0.4671 0.513912 0.558487 0.600203 0.638607 0.673411 0.70447 0.731766 0.755373 0.775441 0.792168 0.805782 0.816516 0.824595 0.830214 0.833526 0.834626 0.833544 0.830245 0.824629 0.816541 0.805782 0.792127 0.77534 0.755196 0.731495 0.704093 0.672914 0.637985 0.599456 0.557626 0.512957 0.466085 0.417807 0.369054 0.320839 0.274198 0.230112 0.189433 0.152824 0.120715 0.0932867 0.0704789 0.0520248 0.0375009 0.0263851 0.0181135 0.0121294 0.00792099 0.00504368 0.00313112 0.00189504 0.00111816 0.000643241 0.000360804 0.000197355 0.000105287 5.47939e-05 2.78235e-05 1.37884e-05 6.67046e-06 3.15116e-06 1.45446e-06 6.57205e-07 2.93706e-07 1.37443e-07 
1.18585e-07 1.43852e-07 2.85817e-07 6.46526e-07 1.4691e-06 3.27106e-06 7.10431e-06 1.50357e-05 3.0998e-05 6.2236e-05 0.000121663 0.00023153 0.000428869 0.000773149 0.00135642 0.0023158 0.00384769 0.00622187 0.00979311 0.0150067 0.0223936 0.0325526 0.0461153 0.0636961 0.0858295 0.112902 0.145088 0.1823 0.224167 0.270037 0.31902 0.370048 0.421964 0.473611 0.52391 0.571928 0.616922 0.658353 0.695886 0.729366 0.758789 0.784269 0.806004 0.824247 0.839279 0.85139 0.860856 0.867932 0.872829 0.875708 0.876668 0.875741 0.872891 0.868015 0.860948 0.851477 0.839347 0.824276 0.805975 0.78416 0.75858 0.729035 0.695417 0.657734 0.616151 0.571016 0.522884 0.472513 0.420851 0.368982 0.318068 0.269259 0.223604 0.181975 0.144999 0.113026 0.0861252 0.0641121 0.0465977 0.0330523 0.0228707 0.0154336 0.0101544 0.00651292 0.00407171 0.00248106 0.00147353 0.000853024 0.000481375 0.000264839 0.000142078 7.43366e-05 3.79406e-05 1.88946e-05 9.18369e-06 4.35798e-06 2.0202e-06 9.16687e-07 4.11452e-07 1.93569e-07 
1.64799e-07 2.00453e-07 3.97139e-07 8.94505e-07 2.02346e-06 4.48445e-06 9.69265e-06 2.04107e-05 4.18589e-05 8.35839e-05 0.000162468 0.000307358 0.000565831 0.00101355 0.0017664 0.00299505 0.00494088 0.00793089 0.0123885 0.0188356 0.0278822 0.0401987 0.05647 0.0773333 0.103304 0.1347 0.171576 0.213677 0.260432 0.310972 0.364191 0.418838 0.473611 0.527265 0.578693 0.626997 0.671512 0.711819 0.747724 0.779222 0.806455 0.829672 0.849186 0.865339 0.878484 0.888957 0.897068 0.903083 0.907223 0.909651 0.910464 0.909695 0.907309 0.903204 0.897215 0.88912 0.878649 0.865488 0.849299 0.829727 0.806424 0.779076 0.747438 0.711368 0.670882 0.626186 0.577718 0.52616 0.472431 0.417652 0.363076 0.31 0.259665 0.213155 0.171313 0.134684 0.1035 0.0776903 0.0569301 0.0407053 0.0283868 0.0193017 0.0127931 0.00826392 0.00520199 0.00319084 0.00190718 0.00111083 0.000630552 0.00034887 0.00018817 9.89617e-05 5.07591e-05 2.5398e-05 1.24006e-05 5.91004e-06 2.75108e-06 1.25339e-06 5.6493e-07 2.67129e-07 
2.24324e-07 2.73525e-07 5.40412e-07 1.21225e-06 2.73049e-06 6.02455e-06 1.29614e-05 2.71628e-05 5.54276e-05 0.0001101 0.000212845 0.000400377 0.000732721 0.00130443 0.0022588 0.00380455 0.00623309 0.00993381 0.0154029 0.023241 0.0341348 0.0488191 0.068018 0.0923703 0.122345 0.15816 0.199718 0.246572 0.297929 0.352694 0.409557 0.4671 0.52391 0.578693 0.630362 0.678089 0.721328 0.759804 0.793482 0.822514 0.847186 0.867871 0.88498 0.898934 0.910135 0.918951 0.925707 0.930677 0.934076 0.936063 0.936732 0.936114 0.934177 0.930824 0.925895 0.91917 0.910376 0.899182 0.885217 0.868073 0.847325 0.822555 0.793391 0.759547 0.720875 0.677426 0.629492 0.57764 0.522722 0.465846 0.408319 0.351557 0.296972 0.245854 0.199271 0.157986 0.12242 0.0926463 0.068436 0.0493168 0.0346554 0.0237391 0.0158474 0.0103079 0.00653209 0.00403248 0.00242512 0.00142088 0.000811126 0.000451215 0.000244637 0.000129298 6.66338e-05 3.34924e-05 1.64236e-05 7.85981e-06 3.67322e-06 1.67998e-06 7.60229e-07 3.61226e-07 
2.99081e-07 3.65485e-07 7.20182e-07 1.60926e-06 3.61e-06 7.93162e-06 1.69897e-05 3.54424e-05 7.19782e-05 0.000142265 0.000273601 0.00051188 0.000931497 0.00164855 0.00283724 0.00474841 0.00772801 0.0122319 0.0188315 0.0282061 0.0411145 0.058345 0.0806443 0.108629 0.142694 0.182928 0.229052 0.280405 0.335963 0.394409 0.454244 0.513912 0.571928 0.626997 0.678089 0.724489 0.765797 0.801903 0.832935 0.859201 0.881121 0.899173 0.913851 0.925631 0.934946 0.942181 0.947663 0.951656 0.95437 0.95595 0.956485 0.956004 0.954478 0.951816 0.947872 0.942435 0.935238 0.925951 0.914184 0.899497 0.881407 0.859414 0.833034 0.801844 0.765541 0.724007 0.677368 0.626047 0.570788 0.512643 0.452931 0.393145 0.334841 0.279502 0.228419 0.182585 0.14263 0.108805 0.081001 0.0588173 0.0416383 0.0287276 0.0193109 0.0126449 0.00806465 0.00500939 0.00303051 0.00178566 0.0010249 0.000573096 0.000312258 0.00016582 8.58419e-05 4.33332e-05 2.13368e-05 1.02513e-05 4.80895e-06 2.20749e-06 1.00272e-06 4.78641e-07 
