0.0036289 0.00365995 0.00376008 0.00393 0.00417052 0.00448274 0.00486803 0.00532794 0.00586421 0.00647867 0.0071732 0.00794963 0.00880972 0.00975501 0.0107868 0.011906 0.0131133 0.0144085 0.0157911 0.01726 0.0188131 0.0204479 0.0221607 0.0239473 0.0258023 0.0277197 0.0296923 0.0317124 0.0337712 0.0358591 0.0379658 0.0400803 0.0421911 0.0442861 0.0463529 0.0483787 0.0503506 0.0522558 0.0540815 0.0558151 0.0574445 0.058958 0.0603447 0.0615943 0.0626976 0.0636462 0.064433 0.0650519 0.0654982 0.0657685 0.0658606 0.0657739 0.0655091 0.0650683 0.0644548 0.0636735 0.0627303 0.0616325 0.0603883 0.059007 0.0574989 0.0558748 0.0541465 0.052326 0.0504258 0.0484587 0.0464376 0.0443753 0.0422845 0.0401776 0.0380667 0.0359632 0.0338781 0.0318218 0.0298036 0.0278324 0.0259159 0.0240613 0.0222747 0.0205612 0.0189252 0.0173703 0.0158992 0.0145138 0.0132152 0.0120042 0.0108807 0.00984422 0.00889381 0.00802823 0.00724594 0.00654526 0.00592436 0.00538141 0.00491462 0.00452228 0.00420286 0.00395504 0.00377776 0.00367042 
0.00365995 0.0036913 0.00379229 0.00396367 0.00420625 0.00452113 0.00490968 0.00537348 0.00591427 0.0065339 0.00723425 0.00801717 0.00888441 0.00983754 0.0108778 0.0120063 0.0132234 0.0145291 0.015923 0.0174037 0.0189693 0.0206171 0.0223436 0.0241443 0.0260139 0.0279463 0.0299343 0.0319701 0.0340447 0.0361486 0.0382713 0.0404019 0.0425286 0.0446394 0.0467216 0.0487625 0.0507491 0.0526683 0.0545074 0.0562537 0.057895 0.0594195 0.0608162 0.0620749 0.0631861 0.0641415 0.0649339 0.0655573 0.0660067 0.0662789 0.0663716 0.0662843 0.0660175 0.0655734 0.0649555 0.0641685 0.0632185 0.0621127 0.0608594 0.0594681 0.057949 0.056313 0.054572 0.052738 0.0508238 0.0488421 0.0468059 0.0447281 0.0426216 0.0404988 0.0383718 0.0362523 0.0341513 0.0320791 0.0300453 0.0280588 0.0261274 0.0242582 0.0224574 0.0207304 0.0190814 0.017514 0.0160311 0.0146345 0.0133254 0.0121046 0.0109719 0.00992687 0.00896863 0.0080959 0.00730714 0.00660063 0.00597456 0.00542708 0.00495639 0.00456076 0.00423867 0.00398879 0.00381002 0.0037018 
0.00376008 0.00379229 0.00389595 0.00407177 0.0043206 0.00464357 0.00504206 0.00551768 0.00607219 0.00670746 0.00742541 0.00822791 0.00911673 0.0100934 0.0111594 0.0123154 0.0135621 0.0148994 0.0163267 0.0178428 0.0194456 0.0211322 0.0228991 0.0247417 0.0266545 0.0286313 0.0306647 0.0327466 0.034868 0.037019 0.039189 0.0413667 0.0435402 0.0456972 0.0478247 0.0499097 0.0519391 0.0538995 0.0557778 0.0575612 0.0592372 0.0607938 0.0622198 0.0635048 0.0646392 0.0656145 0.0664233 0.0670595 0.0675182 0.0677958 0.0678904 0.0678011 0.0675286 0.0670752 0.0664443 0.0656407 0.0646707 0.0635416 0.062262 0.0608412 0.0592899 0.0576192 0.055841 0.0539678 0.0520124 0.0499879 0.0479075 0.0457845 0.0436318 0.0414623 0.0392883 0.0371216 0.0349735 0.0328546 0.0307748 0.028743 0.0267673 0.024855 0.0230125 0.0212451 0.0195574 0.017953 0.0164348 0.0150048 0.0136643 0.0124138 0.0112536 0.0101831 0.00920126 0.00830698 0.00749865 0.00677454 0.00613282 0.00557161 0.00508908 0.00468348 0.00435327 0.00409708 0.00391382 0.0038029 
0.00393 0.00396367 0.00407177 0.00425506 0.00451438 0.00485089 0.00526603 0.00576143 0.00633891 0.00700037 0.00774777 0.00858303 0.00950792 0.0105241 0.0116327 0.0128349 0.014131 0.015521 0.0170041 0.0185791 0.0202438 0.0219951 0.0238293 0.0257416 0.0277264 0.029777 0.0318858 0.0340445 0.0362435 0.0384728 0.0407212 0.0429772 0.0452284 0.047462 0.0496646 0.0518229 0.0539232 0.0559518 0.0578951 0.05974 0.0614734 0.0630833 0.0645578 0.0658864 0.0670591 0.0680673 0.0689033 0.0695608 0.0700347 0.0703215 0.0704191 0.0703265 0.0700447 0.0695757 0.0689233 0.0680923 0.0670892 0.0659216 0.0645982 0.0631287 0.061524 0.0597957 0.057956 0.0560177 0.0539941 0.0518987 0.0497451 0.0475469 0.0453177 0.0430706 0.0408184 0.0385734 0.0363472 0.0341508 0.0319944 0.0298873 0.027838 0.025854 0.0239419 0.0221074 0.0203551 0.018689 0.0171121 0.0156263 0.0142333 0.0129336 0.0117273 0.0106141 0.00959293 0.00866261 0.00782156 0.00706801 0.0064001 0.0058159 0.00531354 0.00489125 0.00454742 0.00428068 0.00408988 0.00397444 
0.00417052 0.00420625 0.0043206 0.00451438 0.00478845 0.00514402 0.00558256 0.00610578 0.00671553 0.00741379 0.00820256 0.00908381 0.0100594 0.0111308 0.0122995 0.0135664 0.0149318 0.0163956 0.0179571 0.0196146 0.021366 0.0232079 0.0251364 0.0271464 0.0292318 0.0313856 0.0336 0.0358659 0.0381736 0.0405123 0.0428704 0.0452357 0.0475954 0.0499359 0.0522435 0.0545041 0.0567034 0.0588271 0.0608612 0.0627917 0.0646054 0.0662895 0.0678318 0.0692211 0.0704474 0.0715013 0.0723752 0.0730623 0.0735576 0.0738572 0.0739588 0.0738618 0.0735668 0.0730762 0.0723938 0.0715246 0.0704754 0.069254 0.0678695 0.0663321 0.064653 0.0628443 0.0609187 0.0588896 0.0567708 0.0545763 0.0523205 0.0500175 0.0476813 0.0453259 0.0429644 0.0406099 0.0382745 0.0359698 0.0337063 0.0314939 0.0293416 0.0272572 0.0252477 0.0233192 0.0214766 0.019724 0.0180647 0.0165009 0.0150341 0.0136653 0.0123945 0.0112214 0.010145 0.00916408 0.00827707 0.00748217 0.00677745 0.00616094 0.00563073 0.00518497 0.00482201 0.00454042 0.00433904 0.00421724 
0.00448274 0.00452113 0.00464357 0.00485089 0.00514402 0.0055242 0.00599297 0.00655209 0.00720351 0.00794926 0.00879142 0.00973201 0.0107729 0.0119157 0.0131618 0.014512 0.0159667 0.0175257 0.019188 0.0209519 0.0228149 0.0247734 0.0268232 0.0289587 0.0311735 0.0334602 0.0358101 0.038214 0.0406612 0.0431403 0.0456393 0.048145 0.0506439 0.0531217 0.055564 0.0579557 0.060282 0.0625277 0.0646781 0.0667186 0.0686351 0.0704142 0.0720433 0.0735106 0.0748053 0.075918 0.0768404 0.0775655 0.078088 0.0784039 0.0785109 0.0784081 0.0780963 0.077578 0.0768571 0.075939 0.0748307 0.0735404 0.0720777 0.0704532 0.0686788 0.066767 0.0647313 0.0625858 0.0603449 0.0580234 0.0556364 0.0531988 0.0507255 0.0482309 0.0457293 0.0432342 0.0407585 0.0383145 0.0359134 0.0335658 0.031281 0.0290675 0.0269328 0.0248833 0.0229244 0.0210605 0.0192951 0.0176307 0.0160691 0.0146112 0.0132572 0.0120068 0.0108592 0.00981308 0.00886679 0.00801853 0.00726631 0.00660812 0.00604194 0.00556588 0.00517822 0.00487747 0.00466241 0.00453241 
0.00486803 0.00490968 0.00504206 0.00526603 0.00558256 0.00599297 0.00649885 0.00710206 0.00780463 0.00860867 0.00951634 0.0105297 0.0116508 0.0128811 0.014222 0.0156744 0.0172385 0.018914 0.0206998 0.0225939 0.0245935 0.0266948 0.0288929 0.031182 0.0335551 0.036004 0.0385197 0.041092 0.0437096 0.0463603 0.0490311 0.0517082 0.0543769 0.0570223 0.0596287 0.0621805 0.0646615 0.067056 0.0693481 0.0715225 0.0735642 0.0754592 0.077194 0.0787561 0.0801343 0.0813184 0.0822999 0.0830713 0.083627 0.0839628 0.0840762 0.0839663 0.0836341 0.0830821 0.0823143 0.0813367 0.0801564 0.0787822 0.0772242 0.0754937 0.0736031 0.0715658 0.069396 0.0671085 0.0647188 0.0622425 0.0596955 0.0570938 0.0544531 0.0517888 0.0491161 0.0464494 0.0438024 0.0411883 0.0386192 0.0361062 0.0336595 0.0312881 0.0290003 0.0268028 0.0247016 0.0227015 0.0208063 0.0190187 0.0173409 0.0157738 0.0143179 0.0129728 0.0117379 0.0106117 0.00959268 0.00867895 0.00786845 0.00715908 0.00654876 0.0060355 0.00561751 0.00529322 0.00506138 0.00492129 
0.00532794 0.00537348 0.00551768 0.00576143 0.00610578 0.00655209 0.00710206 0.00775764 0.00852094 0.00939418 0.0103796 0.0114794 0.0126955 0.0140296 0.015483 0.0170565 0.0187503 0.0205639 0.022496 0.0245442 0.0267055 0.0289757 0.0313493 0.03382 0.0363801 0.0390208 0.0417324 0.0445036 0.0473224 0.0501757 0.0530493 0.0559285 0.0587976 0.0616405 0.0644405 0.0671808 0.0698442 0.0724138 0.0748729 0.077205 0.0793943 0.0814256 0.0832847 0.0849585 0.0864349 0.0877031 0.0887541 0.0895799 0.0901746 0.0905338 0.0906548 0.0905367 0.0901804 0.0895886 0.0887658 0.087718 0.086453 0.0849801 0.08331 0.0814547 0.0794273 0.0772422 0.0749144 0.0724598 0.0698948 0.067236 0.0645005 0.0617053 0.0588672 0.0560027 0.0531281 0.0502588 0.0474097 0.0445948 0.0418271 0.0391187 0.0364806 0.0339228 0.0314538 0.0290813 0.0268117 0.0246503 0.0226013 0.020668 0.0188524 0.0171559 0.0155792 0.0141219 0.0127834 0.0115623 0.010457 0.00946555 0.00858587 0.00781574 0.007153 0.00659556 0.00614155 0.00578931 0.00553753 0.00538548 
0.00586421 0.00591427 0.00607219 0.00633891 0.00671553 0.00720351 0.00780463 0.00852094 0.00935467 0.0103081 0.0113837 0.0125836 0.0139098 0.0153641 0.0169478 0.0186615 0.0205054 0.0224787 0.0245798 0.0268063 0.0291545 0.0316197 0.034196 0.0368763 0.0396523 0.0425143 0.0454517 0.0484523 0.051503 0.0545896 0.0576969 0.0608088 0.0639085 0.0669787 0.0700014 0.0729585 0.0758316 0.0786027 0.0812536 0.0837669 0.0861256 0.0883136 0.0903155 0.0921175 0.0937066 0.0950714 0.096202 0.0970904 0.0977299 0.0981159 0.0982455 0.0981179 0.097734 0.0970967 0.0962106 0.0950824 0.0937202 0.0921339 0.090335 0.0883363 0.0861519 0.0837969 0.0812876 0.0786409 0.0758743 0.0730057 0.0700534 0.0670355 0.0639703 0.0608754 0.0577683 0.0546657 0.0515837 0.0485373 0.0455407 0.042607 0.0397482 0.0369749 0.0342969 0.0317222 0.0292581 0.0269104 0.0246837 0.0225817 0.0206068 0.0187608 0.0170441 0.0154569 0.0139984 0.0126674 0.0114621 0.0103806 0.00942074 0.00858018 0.00785665 0.00724799 0.00675219 0.00636754 0.00609262 0.0059267 
0.00647867 0.0065339 0.00670746 0.00700037 0.00741379 0.00794926 0.00860867 0.00939418 0.0103081 0.011353 0.0125312 0.013845 0.0152966 0.0168877 0.0186194 0.0204925 0.0225069 0.0246617 0.0269549 0.0293836 0.0319439 0.0346303 0.0374365 0.0403544 0.043375 0.0464878 0.0496808 0.052941 0.0562541 0.0596047 0.0629761 0.0663511 0.0697115 0.0730384 0.0763126 0.0795144 0.0826243 0.0856226 0.0884899 0.0912076 0.0937573 0.0961218 0.0982848 0.100231 0.101947 0.103421 0.104641 0.1056 0.10629 0.106706 0.106846 0.106707 0.106292 0.105604 0.104646 0.103427 0.101956 0.100242 0.0982976 0.0961373 0.0937758 0.0912294 0.0885153 0.0856519 0.0826578 0.0795524 0.0763553 0.073086 0.0697642 0.0664089 0.063039 0.0596726 0.0563271 0.0530187 0.0497631 0.0465742 0.0434653 0.0404481 0.037533 0.0347292 0.0320444 0.0294852 0.0270568 0.0247633 0.0226075 0.0205913 0.0187157 0.0169807 0.0153857 0.0139296 0.0126105 0.0114266 0.0103754 0.00945459 0.00866182 0.00799478 0.00745138 0.00702979 0.00672852 0.00654679 
0.0071732 0.00723425 0.00742541 0.00774777 0.00820256 0.00879142 0.00951634 0.0103796 0.0113837 0.0125312 0.0138246 0.0152663 0.0168586 0.018603 0.0205008 0.0225526 0.0247581 0.027116 0.0296243 0.0322795 0.035077 0.0380109 0.041074 0.0442575 0.0475513 0.0509439 0.0544223 0.0579722 0.0615779 0.0652226 0.0688885 0.0725565 0.0762071 0.0798198 0.0833738 0.0868479 0.0902209 0.0934718 0.0965797 0.0995244 0.102286 0.104847 0.107189 0.109295 0.111152 0.112747 0.114067 0.115103 0.115849 0.116299 0.116449 0.116299 0.11585 0.115104 0.114068 0.112748 0.111155 0.109299 0.107194 0.104854 0.102296 0.0995369 0.0965954 0.093491 0.0902441 0.0868754 0.0834059 0.0798568 0.0762493 0.0726041 0.0689415 0.0652811 0.0616418 0.0580414 0.0544966 0.0510231 0.047635 0.0443452 0.0411652 0.0381052 0.0351736 0.0323779 0.0297237 0.0272157 0.0248572 0.0226505 0.0205967 0.018696 0.016948 0.0153515 0.0139048 0.0126057 0.011452 0.0104411 0.0095706 0.00883799 0.00824109 0.00777799 0.00744711 0.00724762 
0.00794963 0.00801717 0.00822791 0.00858303 0.00908381 0.00973201 0.0105297 0.0114794 0.0125836 0.013845 0.0152663 0.01685 0.0185983 0.0205128 0.0225947 0.0248445 0.0272616 0.0298446 0.0325908 0.0354965 0.0385564 0.0417638 0.0451108 0.0485875 0.052183 0.0558844 0.0596775 0.0635467 0.0674749 0.0714438 0.0754337 0.0794243 0.0833941 0.0873211 0.0911827 0.0949561 0.0986183 0.102147 0.105519 0.108712 0.111707 0.114483 0.117021 0.119303 0.121315 0.123041 0.124471 0.125593 0.1264 0.126886 0.127049 0.126885 0.126398 0.12559 0.124467 0.123037 0.121311 0.119299 0.117018 0.114481 0.111707 0.108715 0.105523 0.102154 0.0986298 0.0949717 0.0912029 0.0873463 0.0834246 0.0794603 0.0754755 0.0714914 0.0675285 0.0636062 0.0597427 0.0559551 0.0522589 0.0486682 0.0451958 0.0418526 0.0386483 0.0355909 0.032687 0.0299417 0.0273588 0.024941 0.0226898 0.0206055 0.0186878 0.0169356 0.0153472 0.0139204 0.0126529 0.011542 0.010585 0.00977959 0.00912327 0.00861405 0.00825027 0.00803105 
0.00880972 0.00888441 0.00911673 0.00950792 0.0100594 0.0107729 0.0116508 0.0126955 0.0139098 0.0152966 0.0168586 0.0185983 0.0205179 0.0226193 0.0249033 0.0273704 0.0300197 0.0328494 0.0358565 0.0390366 0.0423838 0.0458907 0.0495482 0.0533457 0.0572708 0.0613096 0.0654464 0.0696642 0.0739442 0.0782665 0.0826098 0.0869518 0.0912693 0.0955385 0.0997348 0.103834 0.10781 0.11164 0.115299 0.118764 0.122011 0.125021 0.127771 0.130244 0.132423 0.134294 0.135841 0.137056 0.13793 0.138456 0.138631 0.138454 0.137926 0.13705 0.135833 0.134283 0.132412 0.130232 0.127759 0.125009 0.122 0.118754 0.115292 0.111636 0.107809 0.103836 0.0997417 0.0955503 0.0912866 0.0869748 0.0826389 0.0783019 0.073986 0.0697125 0.0655011 0.0613705 0.0573377 0.0534182 0.0496258 0.045973 0.0424701 0.0391262 0.0359487 0.0329432 0.0301144 0.027465 0.0249971 0.0227112 0.0206072 0.0186839 0.0169398 0.0153727 0.0139799 0.012759 0.011707 0.0108214 0.0100997 0.00953972 0.00913973 0.00889881 
0.00975501 0.00983754 0.0100934 0.0105241 0.0111308 0.0119157 0.0128811 0.0140296 0.0153641 0.0168877 0.018603 0.0205128 0.0226193 0.0249241 0.0274283 0.0301318 0.0330337 0.0361318 0.0394225 0.0429008 0.0465599 0.0503917 0.0543862 0.0585314 0.0628139 0.0672181 0.0717271 0.0763221 0.0809826 0.085687 0.0904121 0.0951337 0.0998267 0.104465 0.109023 0.113472 0.117788 0.121943 0.125911 0.129667 0.133187 0.136447 0.139426 0.142105 0.144464 0.146488 0.148164 0.149478 0.150424 0.150992 0.151181 0.150989 0.150416 0.149468 0.14815 0.146472 0.144445 0.142084 0.139404 0.136424 0.133164 0.129645 0.12589 0.121924 0.117772 0.11346 0.109015 0.104462 0.0998292 0.0951423 0.090427 0.0857087 0.0810113 0.0763578 0.0717699 0.0672679 0.0628705 0.0585945 0.0544553 0.0504664 0.0466395 0.0429845 0.0395097 0.0362216 0.0331252 0.030224 0.0275202 0.0250148 0.0227078 0.0205982 0.0186843 0.0169641 0.0154349 0.0140938 0.0129382 0.0119651 0.011172 0.0105566 0.0101171 0.00985245 
0.0107868 0.0108778 0.0111594 0.0116327 0.0122995 0.0131618 0.014222 0.015483 0.0169478 0.0186194 0.0205008 0.0225947 0.0249033 0.0274283 0.0301704 0.0331295 0.0363043 0.039692 0.0432887 0.0470884 0.0510839 0.0552659 0.0596231 0.0641426 0.0688094 0.0736066 0.0785155 0.0835155 0.0885846 0.0936989 0.0988335 0.103962 0.109057 0.114091 0.119035 0.12386 0.128538 0.13304 0.137338 0.141406 0.145216 0.148745 0.151968 0.154866 0.157417 0.159606 0.161417 0.162838 0.16386 0.164474 0.164678 0.164469 0.163849 0.162823 0.161398 0.159582 0.15739 0.154835 0.151935 0.14871 0.14518 0.14137 0.137303 0.133007 0.128507 0.123832 0.119011 0.114072 0.109043 0.103954 0.0988327 0.0937054 0.0885985 0.0835372 0.078545 0.0736439 0.0688543 0.064195 0.0596825 0.0553317 0.0511557 0.0471654 0.04337 0.0397768 0.0363916 0.0332183 0.0302598 0.0275171 0.0249906 0.0226794 0.0205819 0.0186959 0.0170188 0.0155478 0.0142797 0.0132118 0.0123414 0.0116659 0.0111836 0.0108933 
0.011906 0.0120063 0.0123154 0.0128349 0.0135664 0.014512 0.0156744 0.0170565 0.0186615 0.0204925 0.0225526 0.0248445 0.0273704 0.0301318 0.0331295 0.0363629 0.0398305 0.0435289 0.0474535 0.0515977 0.0559533 0.06051 0.0652553 0.0701749 0.0752523 0.0804691 0.0858048 0.091237 0.0967416 0.102293 0.107863 0.113425 0.118948 0.124402 0.129757 0.134981 0.140044 0.144915 0.149563 0.153961 0.158079 0.161892 0.165375 0.168504 0.171259 0.173622 0.175577 0.17711 0.178212 0.178875 0.179094 0.178868 0.178199 0.17709 0.175551 0.17359 0.171222 0.168463 0.16533 0.161844 0.15803 0.15391 0.149512 0.144865 0.139996 0.134936 0.129715 0.124365 0.118917 0.1134 0.107845 0.102282 0.0967393 0.0912431 0.0858195 0.0804924 0.0752842 0.0702151 0.0653035 0.0605658 0.0560161 0.0516667 0.0475278 0.0436077 0.0399128 0.0364477 0.0332156 0.0302181 0.0274558 0.0249279 0.0226329 0.0205687 0.0187325 0.0171215 0.0157325 0.0145626 0.0136088 0.0128686 0.0123401 0.0120222 
0.0131133 0.0132234 0.0135621 0.014131 0.0149318 0.0159667 0.0172385 0.0187503 0.0205054 0.0225069 0.0247581 0.0272616 0.0300197 0.0330337 0.0363043 0.0398305 0.0436102 0.0476398 0.0519138 0.0564249 0.0611638 0.066119 0.0712768 0.0766215 0.0821351 0.0877972 0.0935856 0.0994758 0.105442 0.111455 0.117488 0.123507 0.129482 0.135381 0.141169 0.146815 0.152283 0.157543 0.162561 0.167306 0.171749 0.175862 0.179616 0.18299 0.185959 0.188505 0.190611 0.192263 0.193449 0.194163 0.194398 0.194154 0.193433 0.192238 0.190579 0.188465 0.185913 0.182938 0.179559 0.1758 0.171685 0.16724 0.162494 0.157476 0.152217 0.146751 0.141109 0.135325 0.129432 0.123463 0.117451 0.111427 0.105422 0.0994648 0.0935839 0.087805 0.0821524 0.0766483 0.0713126 0.0661634 0.0612163 0.0564848 0.0519801 0.0477117 0.0436866 0.0399102 0.0363863 0.0331168 0.0301026 0.0273431 0.0248371 0.0225823 0.020576 0.0188152 0.0172968 0.0160176 0.0149746 0.0141652 0.0135873 0.0132398 
0.0144085 0.0145291 0.0148994 0.015521 0.0163956 0.0175257 0.018914 0.0205639 0.0224787 0.0246617 0.027116 0.0298446 0.0328494 0.0361318 0.039692 0.0435289 0.0476398 0.0520205 0.0566647 0.0615643 0.0667088 0.0720855 0.0776795 0.0834733 0.0894472 0.0955792 0.101845 0.108218 0.11467 0.121171 0.127688 0.134189 0.14064 0.147005 0.153249 0.159336 0.165231 0.170898 0.176303 0.181412 0.186195 0.19062 0.19466 0.198289 0.201482 0.204219 0.206483 0.208259 0.209534 0.2103 0.210553 0.21029 0.209513 0.208229 0.206444 0.204171 0.201425 0.198225 0.19459 0.190545 0.186115 0.181329 0.176218 0.170812 0.165145 0.159253 0.153169 0.146929 0.140569 0.134125 0.127631 0.121122 0.114631 0.108188 0.101825 0.0955701 0.0894485 0.083485 0.0777014 0.0721172 0.0667497 0.0616137 0.0567218 0.0520843 0.0477092 0.0436027 0.0397691 0.0362108 0.0329291 0.0299236 0.0271932 0.0247357 0.0225485 0.0206284 0.0189722 0.0175766 0.0164386 0.0155555 0.014925 0.0145459 
0.0157911 0.015923 0.0163267 0.0170041 0.0179571 0.019188 0.0206998 0.022496 0.0245798 0.0269549 0.0296243 0.0325908 0.0358565 0.0394225 0.0432887 0.0474535 0.0519138 0.0566647 0.0616992 0.0670079 0.0725794 0.0783996 0.0844521 0.0907178 0.0971753 0.1038 0.110567 0.117446 0.124407 0.131418 0.138443 0.145448 0.152395 0.159248 0.165967 0.172515 0.178853 0.184945 0.190753 0.196242 0.201379 0.20613 0.210466 0.21436 0.217786 0.220722 0.22315 0.225054 0.226421 0.227242 0.227513 0.22723 0.226397 0.225019 0.223104 0.220665 0.217719 0.214284 0.210382 0.206039 0.201282 0.196142 0.19065 0.18484 0.178748 0.17241 0.165865 0.15915 0.152303 0.145362 0.138365 0.131348 0.124347 0.117396 0.110528 0.103773 0.0971591 0.0907131 0.0844587 0.0784172 0.0726074 0.0670456 0.0617458 0.0567193 0.0519751 0.0475204 0.0433598 0.0394966 0.0359322 0.0326667 0.029699 0.0270271 0.0246483 0.0225595 0.0207574 0.0192387 0.0180001 0.0170388 0.0163526 0.0159402 
0.01726 0.0174037 0.0178428 0.0185791 0.0196146 0.0209519 0.0225939 0.0245442 0.0268063 0.0293836 0.0322795 0.0354965 0.0390366 0.0429008 0.0470884 0.0515977 0.0564249 0.0615643 0.0670079 0.0727454 0.0787641 0.0850486 0.0915808 0.0983399 0.105303 0.112443 0.119731 0.127138 0.13463 0.142171 0.149725 0.157254 0.164718 0.172077 0.179289 0.186316 0.193115 0.199647 0.205873 0.211755 0.217257 0.222345 0.226988 0.231156 0.234823 0.237965 0.240563 0.242599 0.244061 0.244939 0.245228 0.244925 0.244033 0.242558 0.240509 0.237899 0.234745 0.231068 0.22689 0.222239 0.217144 0.211636 0.20575 0.199521 0.192988 0.186189 0.179165 0.171956 0.164602 0.157145 0.149624 0.142079 0.134548 0.127067 0.119672 0.112395 0.105267 0.0983172 0.0915706 0.0850506 0.0787779 0.0727702 0.0670428 0.0616084 0.0564771 0.0516566 0.0471528 0.0429691 0.0391075 0.0355685 0.0323511 0.0294534 0.026873 0.0246065 0.0226507 0.0210021 0.0196574 0.0186138 0.0178688 0.0174212 
0.0188131 0.0189693 0.0194456 0.0202438 0.021366 0.0228149 0.0245935 0.0267055 0.0291545 0.0319439 0.035077 0.0385564 0.0423838 0.0465599 0.0510839 0.0559533 0.0611638 0.0667088 0.0725794 0.0787641 0.085249 0.092017 0.0990486 0.106321 0.113809 0.121484 0.129315 0.13727 0.145311 0.153403 0.161504 0.169575 0.177573 0.185455 0.193178 0.200698 0.207972 0.214958 0.221615 0.227902 0.233781 0.239216 0.244175 0.248625 0.252539 0.255892 0.258664 0.260837 0.262396 0.263333 0.26364 0.263317 0.262365 0.26079 0.258602 0.255816 0.25245 0.248523 0.244062 0.239094 0.23365 0.227764 0.221471 0.214811 0.207823 0.200549 0.19303 0.18531 0.177433 0.169442 0.161379 0.153286 0.145205 0.137175 0.129233 0.121415 0.113753 0.106279 0.0990202 0.0920021 0.0852471 0.0787746 0.0726013 0.0667413 0.0612056 0.0560032 0.0511404 0.0466215 0.042449 0.0386236 0.0351448 0.0320107 0.0292188 0.0267661 0.024649 0.0228642 0.0214083 0.0202782 0.0194716 0.0189872 
0.0204479 0.0206171 0.0211322 0.0219951 0.0232079 0.0247734 0.0266948 0.0289757 0.0316197 0.0346303 0.0380109 0.0417638 0.0458907 0.0503917 0.0552659 0.06051 0.066119 0.0720855 0.0783996 0.0850486 0.092017 0.0992864 0.106835 0.114639 0.12267 0.130898 0.13929 0.14781 0.15642 0.165078 0.173744 0.182373 0.190921 0.199341 0.207588 0.215616 0.223378 0.23083 0.237928 0.244629 0.250895 0.256686 0.261967 0.266706 0.270873 0.274443 0.277393 0.279705 0.281364 0.28236 0.282687 0.282342 0.281328 0.279652 0.277323 0.274357 0.270772 0.266591 0.261839 0.256547 0.250746 0.244472 0.237763 0.230661 0.223206 0.215442 0.207416 0.199172 0.190756 0.182214 0.173593 0.164937 0.156289 0.147691 0.139185 0.130807 0.122593 0.114576 0.106787 0.0992532 0.0919982 0.0850435 0.0784074 0.0721052 0.0661493 0.0605497 0.0553135 0.0504457 0.0459494 0.0418256 0.0380742 0.0346934 0.0316811 0.0290339 0.0267486 0.0248216 0.0232495 0.0220292 0.0211582 0.0206352 
0.0221607 0.0223436 0.0228991 0.0238293 0.0251364 0.0268232 0.0288929 0.0313493 0.034196 0.0374365 0.041074 0.0451108 0.0495482 0.0543862 0.0596231 0.0652553 0.0712768 0.0776795 0.0844521 0.0915808 0.0990486 0.106835 0.114918 0.123269 0.13186 0.140657 0.149626 0.158727 0.167919 0.17716 0.186405 0.195606 0.204717 0.213688 0.222471 0.231017 0.239277 0.247205 0.254754 0.261879 0.268538 0.274691 0.280301 0.285334 0.289759 0.293549 0.29668 0.299133 0.300894 0.301951 0.302297 0.301931 0.300854 0.299075 0.296602 0.293453 0.289646 0.285206 0.280158 0.274535 0.26837 0.261701 0.254568 0.247014 0.239082 0.230819 0.222273 0.213492 0.204525 0.195421 0.186227 0.176992 0.167762 0.158582 0.149495 0.140541 0.131759 0.123184 0.114849 0.106783 0.0990115 0.0915588 0.0844444 0.0776851 0.0712946 0.0652838 0.0596608 0.0544316 0.0495995 0.0451663 0.041132 0.0374953 0.0342539 0.0314048 0.0289446 0.0268698 0.0251769 0.0238628 0.0229248 0.0223618 
0.0239473 0.0241443 0.0247417 0.0257416 0.0271464 0.0289587 0.031182 0.03382 0.0368763 0.0403544 0.0442575 0.0485875 0.0533457 0.0585314 0.0641426 0.0701749 0.0766215 0.0834733 0.0907178 0.0983399 0.106321 0.114639 0.123269 0.132182 0.141347 0.150727 0.160286 0.169981 0.17977 0.189606 0.199441 0.209226 0.218911 0.228443 0.237772 0.246845 0.255613 0.264024 0.27203 0.279585 0.286643 0.293164 0.299107 0.304438 0.309124 0.313136 0.316451 0.319048 0.320911 0.322029 0.322395 0.322007 0.320868 0.318983 0.316366 0.313031 0.309 0.304296 0.298949 0.292991 0.286457 0.279387 0.271823 0.263809 0.255393 0.246623 0.237548 0.228221 0.218692 0.209013 0.199236 0.18941 0.179586 0.16981 0.160129 0.150586 0.141222 0.132074 0.123178 0.114565 0.106264 0.0982999 0.0906936 0.0834638 0.0766256 0.0701911 0.0641695 0.0585673 0.0533887 0.048636 0.0443095 0.0404082 0.0369301 0.0338722 0.0312312 0.0290034 0.0271855 0.0257743 0.024767 0.0241626 
0.0258023 0.0260139 0.0266545 0.0277264 0.0292318 0.0311735 0.0335551 0.0363801 0.0396523 0.043375 0.0475513 0.052183 0.0572708 0.0628139 0.0688094 0.0752523 0.0821351 0.0894472 0.0971753 0.105303 0.113809 0.12267 0.13186 0.141347 0.151097 0.161072 0.171232 0.181532 0.191928 0.202368 0.212804 0.223181 0.233448 0.24355 0.253432 0.26304 0.27232 0.28122 0.289689 0.297677 0.305139 0.31203 0.31831 0.323941 0.32889 0.333127 0.336626 0.339368 0.341334 0.342514 0.3429 0.34249 0.341287 0.339297 0.336533 0.333012 0.328754 0.323786 0.318136 0.31184 0.304934 0.297459 0.28946 0.280982 0.272076 0.262792 0.253182 0.243301 0.233202 0.222941 0.21257 0.202145 0.191716 0.181334 0.171048 0.160904 0.150946 0.141214 0.131746 0.122575 0.113732 0.105243 0.0971333 0.0894215 0.0821244 0.0752553 0.0688245 0.0628393 0.0573047 0.0522236 0.0475966 0.0434232 0.0397014 0.0364285 0.0336012 0.031216 0.0292693 0.027758 0.0266794 0.0260322 
0.0277197 0.0279463 0.0286313 0.029777 0.0313856 0.0334602 0.036004 0.0390208 0.0425143 0.0464878 0.0509439 0.0558844 0.0613096 0.0672181 0.0736066 0.0804691 0.0877972 0.0955792 0.1038 0.112443 0.121484 0.130898 0.140657 0.150727 0.161072 0.171651 0.182421 0.193335 0.204344 0.215397 0.226439 0.237416 0.248271 0.258947 0.269387 0.279533 0.28933 0.298722 0.307656 0.316081 0.323948 0.331212 0.337829 0.343762 0.348974 0.353436 0.357121 0.360007 0.362078 0.363319 0.363725 0.363294 0.362026 0.359931 0.35702 0.353312 0.348827 0.343593 0.337641 0.331005 0.323725 0.315843 0.307406 0.298462 0.289062 0.27926 0.269111 0.258671 0.247998 0.237147 0.226178 0.215145 0.204104 0.193108 0.182209 0.171456 0.160895 0.15057 0.140519 0.13078 0.121385 0.112363 0.10374 0.0955363 0.0877708 0.0804579 0.0736089 0.0672323 0.0613336 0.0559163 0.0509818 0.0465297 0.0425583 0.039065 0.0360468 0.0335 0.0314212 0.0298073 0.0286555 0.0279646 
0.0296923 0.0299343 0.0306647 0.0318858 0.0336 0.0358101 0.0385197 0.0417324 0.0454517 0.0496808 0.0544223 0.0596775 0.0654464 0.0717271 0.0785155 0.0858048 0.0935856 0.101845 0.110567 0.119731 0.129315 0.13929 0.149626 0.160286 0.171232 0.182421 0.193807 0.20534 0.216968 0.228638 0.240292 0.251871 0.263318 0.274571 0.28557 0.296257 0.306571 0.316456 0.325856 0.334718 0.34299 0.350626 0.357581 0.363814 0.36929 0.373977 0.377847 0.380877 0.383051 0.384354 0.38478 0.384327 0.382995 0.380795 0.377738 0.373843 0.369131 0.363632 0.357377 0.350402 0.342748 0.33446 0.325584 0.316173 0.306279 0.295958 0.285268 0.274267 0.263016 0.251574 0.240001 0.228357 0.216699 0.205084 0.193567 0.182198 0.171028 0.160102 0.149462 0.139148 0.129194 0.119631 0.110487 0.101784 0.0935426 0.0857785 0.0785042 0.0717291 0.0654598 0.0597001 0.0544521 0.0497158 0.0454898 0.0417718 0.0385586 0.035847 0.0336334 0.0319147 0.0306881 0.0299525 
0.0317124 0.0319701 0.0327466 0.0340445 0.0358659 0.038214 0.041092 0.0445036 0.0484523 0.052941 0.0579722 0.0635467 0.0696642 0.0763221 0.0835155 0.091237 0.0994758 0.108218 0.117446 0.127138 0.13727 0.14781 0.158727 0.169981 0.181532 0.193335 0.20534 0.217495 0.229745 0.242033 0.254299 0.266482 0.27852 0.29035 0.301909 0.313135 0.323967 0.334343 0.344208 0.353504 0.36218 0.370186 0.377476 0.384008 0.389746 0.394656 0.398709 0.401883 0.404159 0.405524 0.40597 0.405495 0.404101 0.401796 0.398594 0.394513 0.389577 0.383814 0.377258 0.369946 0.36192 0.353226 0.343915 0.334037 0.32365 0.312811 0.301581 0.290019 0.27819 0.266156 0.253979 0.241722 0.229446 0.21721 0.205071 0.193084 0.181301 0.169771 0.158538 0.147643 0.137125 0.127016 0.117345 0.108138 0.0994154 0.0911948 0.0834899 0.0763112 0.0696661 0.0635593 0.0579933 0.0529686 0.0484841 0.0445378 0.0411267 0.0382475 0.0358969 0.0340716 0.0327691 0.031988 
0.0337712 0.0340447 0.034868 0.0362435 0.0381736 0.0406612 0.0437096 0.0473224 0.051503 0.0562541 0.0615779 0.0674749 0.0739442 0.0809826 0.0885846 0.0967416 0.105442 0.11467 0.124407 0.13463 0.145311 0.15642 0.167919 0.17977 0.191928 0.204344 0.216968 0.229745 0.242616 0.255522 0.268399 0.281183 0.293811 0.306215 0.31833 0.330092 0.341437 0.352301 0.362626 0.372353 0.381429 0.389801 0.397423 0.404252 0.410249 0.415379 0.419614 0.422929 0.425307 0.426732 0.427198 0.426701 0.425244 0.422836 0.419491 0.415227 0.410068 0.404045 0.397191 0.389546 0.381152 0.372057 0.362313 0.351973 0.341097 0.329743 0.317976 0.305857 0.293453 0.280829 0.26805 0.255182 0.242288 0.229431 0.21667 0.204065 0.191668 0.179532 0.167704 0.156227 0.145143 0.134485 0.124285 0.11457 0.105363 0.0966828 0.0885439 0.0809582 0.0739341 0.0674769 0.0615897 0.0562737 0.051528 0.0473509 0.0437397 0.040691 0.0382018 0.0362688 0.0348893 0.0340624 
0.0358591 0.0361486 0.037019 0.0384728 0.0405123 0.0431403 0.0463603 0.0501757 0.0545896 0.0596047 0.0652226 0.0714438 0.0782665 0.085687 0.0936989 0.102293 0.111455 0.121171 0.131418 0.142171 0.153403 0.165078 0.17716 0.189606 0.202368 0.215397 0.228638 0.242033 0.255522 0.269041 0.282524 0.295905 0.309117 0.32209 0.334756 0.347048 0.3589 0.370246 0.381026 0.391178 0.400648 0.409381 0.41733 0.42445 0.430701 0.436049 0.440462 0.443917 0.446394 0.447879 0.448364 0.447846 0.446328 0.443819 0.440332 0.435888 0.430511 0.424232 0.417085 0.40911 0.400354 0.390863 0.380692 0.369897 0.358537 0.346675 0.334376 0.321705 0.308731 0.295522 0.282146 0.268671 0.255164 0.241689 0.22831 0.215088 0.20208 0.18934 0.176918 0.164861 0.15321 0.142003 0.131274 0.121051 0.111358 0.102217 0.0936426 0.0856485 0.0782437 0.0714345 0.0652247 0.0596157 0.0546074 0.0501981 0.0463854 0.0431663 0.0405375 0.038496 0.0370391 0.0361659 
0.0379658 0.0382713 0.039189 0.0407212 0.0428704 0.0456393 0.0490311 0.0530493 0.0576969 0.0629761 0.0688885 0.0754337 0.0826098 0.0904121 0.0988335 0.107863 0.117488 0.127688 0.138443 0.149725 0.161504 0.173744 0.186405 0.199441 0.212804 0.226439 0.240292 0.254299 0.268399 0.282524 0.296607 0.310577 0.324365 0.337899 0.351107 0.363921 0.376272 0.388092 0.399318 0.409888 0.419744 0.428831 0.437101 0.444506 0.451007 0.456566 0.461154 0.464745 0.467319 0.468863 0.469367 0.468828 0.467251 0.464643 0.461018 0.456398 0.450807 0.444276 0.436842 0.428546 0.419434 0.409555 0.398965 0.387722 0.375887 0.363525 0.350702 0.337488 0.323953 0.310166 0.296201 0.282126 0.268011 0.253926 0.239935 0.226102 0.212487 0.199147 0.186136 0.173501 0.161287 0.149534 0.138277 0.127547 0.117371 0.10777 0.098761 0.090359 0.0825739 0.0754129 0.0688803 0.0629783 0.0577071 0.0530654 0.049051 0.045661 0.0428924 0.0407422 0.0392078 0.0382882 
0.0400803 0.0404019 0.0413667 0.0429772 0.0452357 0.048145 0.0517082 0.0559285 0.0608088 0.0663511 0.0725565 0.0794243 0.0869518 0.0951337 0.103962 0.113425 0.123507 0.134189 0.145448 0.157254 0.169575 0.182373 0.195606 0.209226 0.223181 0.237416 0.251871 0.266482 0.281183 0.295905 0.310577 0.325127 0.33948 0.353563 0.367304 0.380629 0.393468 0.405751 0.417413 0.428391 0.438624 0.448058 0.456639 0.464323 0.471066 0.476833 0.481591 0.485314 0.487983 0.489583 0.490106 0.489548 0.487912 0.485207 0.481449 0.476657 0.470858 0.464083 0.456369 0.447759 0.438299 0.428042 0.417042 0.405361 0.393062 0.38021 0.366875 0.353128 0.339041 0.324689 0.310143 0.295479 0.280767 0.26608 0.251486 0.23705 0.222837 0.208905 0.19531 0.182104 0.169333 0.157039 0.145259 0.134028 0.123371 0.113313 0.103873 0.0950656 0.0869025 0.0793915 0.0725378 0.0663441 0.0608111 0.0559379 0.0517226 0.0481624 0.0452544 0.0429958 0.0413841 0.0404183 
0.0421911 0.0425286 0.0435402 0.0452284 0.0475954 0.0506439 0.0543769 0.0587976 0.0639085 0.0697115 0.0762071 0.0833941 0.0912693 0.0998267 0.109057 0.118948 0.129482 0.14064 0.152395 0.164718 0.177573 0.190921 0.204717 0.218911 0.233448 0.248271 0.263318 0.27852 0.293811 0.309117 0.324365 0.33948 0.354385 0.369006 0.383265 0.397088 0.410402 0.423137 0.435223 0.446597 0.457197 0.466965 0.47585 0.483803 0.490782 0.496749 0.501671 0.505524 0.508285 0.50994 0.51048 0.509902 0.50821 0.505413 0.501524 0.496566 0.490565 0.483553 0.475569 0.466654 0.456857 0.446232 0.434835 0.422728 0.409976 0.396647 0.382813 0.368546 0.353922 0.339016 0.323904 0.308662 0.293367 0.27809 0.262904 0.247877 0.233076 0.218562 0.204394 0.190625 0.177306 0.164479 0.152184 0.140457 0.129327 0.118818 0.108951 0.0997434 0.0912063 0.083349 0.0761775 0.069695 0.0639027 0.0588001 0.0543856 0.0506566 0.0476105 0.0452445 0.0435561 0.0425445 
0.0442861 0.0446394 0.0456972 0.047462 0.0499359 0.0531217 0.0570223 0.0616405 0.0669787 0.0730384 0.0798198 0.0873211 0.0955385 0.104465 0.114091 0.124402 0.135381 0.147005 0.159248 0.172077 0.185455 0.199341 0.213688 0.228443 0.24355 0.258947 0.274571 0.29035 0.306215 0.32209 0.337899 0.353563 0.369006 0.384147 0.398909 0.413215 0.42699 0.440161 0.452658 0.464414 0.475368 0.485461 0.494638 0.502851 0.510057 0.516217 0.521298 0.525274 0.528124 0.529832 0.530389 0.529793 0.528047 0.52516 0.521146 0.516028 0.509833 0.502593 0.494346 0.485137 0.475016 0.464035 0.452253 0.439734 0.426544 0.412754 0.398435 0.383664 0.368518 0.353074 0.337411 0.321609 0.305743 0.289892 0.274129 0.258525 0.24315 0.228068 0.213339 0.19902 0.185163 0.171814 0.159014 0.146801 0.135205 0.124254 0.113968 0.104366 0.0954615 0.0872636 0.0797792 0.0730123 0.0669645 0.0616359 0.0570251 0.0531298 0.0499474 0.0474755 0.0457115 0.0446547 
0.0463529 0.0467216 0.0478247 0.0496646 0.0522435 0.055564 0.0596287 0.0644405 0.0700014 0.0763126 0.0833738 0.0911827 0.0997348 0.109023 0.119035 0.129757 0.141169 0.153249 0.165967 0.179289 0.193178 0.207588 0.222471 0.237772 0.253432 0.269387 0.28557 0.301909 0.31833 0.334756 0.351107 0.367304 0.383265 0.398909 0.414156 0.428928 0.443146 0.456737 0.469629 0.481754 0.493048 0.503451 0.512909 0.521372 0.528796 0.535141 0.540374 0.544469 0.547403 0.549162 0.549736 0.549122 0.547324 0.544351 0.540218 0.534947 0.528565 0.521106 0.512608 0.503118 0.492683 0.481361 0.46921 0.456294 0.442683 0.428447 0.413662 0.398404 0.382754 0.36679 0.350595 0.334249 0.317833 0.301424 0.285101 0.268938 0.253005 0.23737 0.222096 0.207242 0.192862 0.179004 0.165712 0.153024 0.140974 0.12959 0.118896 0.108908 0.0996439 0.0911126 0.083322 0.0762767 0.0699788 0.0644287 0.0596255 0.0555672 0.0522513 0.0496755 0.0478374 0.0467363 
0.0483787 0.0487625 0.0499097 0.0518229 0.0545041 0.0579557 0.0621805 0.0671808 0.0729585 0.0795144 0.0868479 0.0949561 0.103834 0.113472 0.12386 0.134981 0.146815 0.159336 0.172515 0.186316 0.200698 0.215616 0.231017 0.246845 0.26304 0.279533 0.296257 0.313135 0.330092 0.347048 0.363921 0.380629 0.397088 0.413215 0.428928 0.444145 0.458789 0.472782 0.486051 0.498528 0.510147 0.520847 0.530573 0.539274 0.546905 0.553427 0.558805 0.563012 0.566027 0.567834 0.568424 0.567794 0.565947 0.562892 0.558645 0.553228 0.546668 0.539 0.530264 0.520504 0.509771 0.498123 0.485618 0.472324 0.458309 0.443647 0.428414 0.41269 0.396555 0.380093 0.363385 0.346517 0.329569 0.312625 0.295762 0.279058 0.262587 0.246418 0.230617 0.215245 0.200358 0.186007 0.172238 0.159091 0.1466 0.134797 0.123704 0.113343 0.103729 0.0948735 0.086785 0.0794687 0.0729274 0.0671618 0.0621712 0.0579541 0.0545081 0.0518311 0.0499208 0.0487766 
0.0503506 0.0507491 0.0519391 0.0539232 0.0567034 0.060282 0.0646615 0.0698442 0.0758316 0.0826243 0.0902209 0.0986183 0.10781 0.117788 0.128538 0.140044 0.152283 0.165231 0.178853 0.193115 0.207972 0.223378 0.239277 0.255613 0.27232 0.28933 0.306571 0.323967 0.341437 0.3589 0.376272 0.393468 0.410402 0.42699 0.443146 0.458789 0.473837 0.488212 0.501841 0.514652 0.526579 0.537561 0.547541 0.556468 0.564296 0.570984 0.5765 0.580814 0.583905 0.585758 0.586363 0.585717 0.583823 0.580691 0.576336 0.570781 0.564053 0.556188 0.547224 0.537209 0.526194 0.514235 0.501395 0.48774 0.473341 0.458273 0.442614 0.426445 0.409849 0.39291 0.375713 0.358345 0.34089 0.323432 0.306052 0.28883 0.271842 0.255161 0.238853 0.222983 0.207609 0.192784 0.178555 0.164965 0.15205 0.139842 0.128366 0.117644 0.107692 0.0985235 0.0901471 0.0825689 0.0757921 0.069818 0.0646462 0.0602754 0.0567036 0.0539286 0.0519484 0.0507625 
0.0522558 0.0526683 0.0538995 0.0559518 0.0588271 0.0625277 0.067056 0.0724138 0.0786027 0.0856226 0.0934718 0.102147 0.11164 0.121943 0.13304 0.144915 0.157543 0.170898 0.184945 0.199647 0.214958 0.23083 0.247205 0.264024 0.28122 0.298722 0.316456 0.334343 0.352301 0.370246 0.388092 0.405751 0.423137 0.440161 0.456737 0.472782 0.488212 0.502949 0.516917 0.530044 0.542262 0.553509 0.563729 0.572868 0.580881 0.587727 0.593371 0.597786 0.600949 0.602845 0.603464 0.602803 0.600866 0.597661 0.593204 0.587519 0.580634 0.572582 0.563405 0.553149 0.541867 0.529616 0.516459 0.502464 0.487703 0.472251 0.456189 0.439598 0.422564 0.405173 0.387513 0.36967 0.351732 0.333785 0.315914 0.298199 0.280719 0.263548 0.246758 0.230412 0.214573 0.199295 0.184627 0.170613 0.157292 0.144695 0.132852 0.121784 0.111509 0.10204 0.0933872 0.0855577 0.0785549 0.0723806 0.0670347 0.0625164 0.0588236 0.0559545 0.0539072 0.0526811 
0.0540815 0.0545074 0.0557778 0.0578951 0.0608612 0.0646781 0.0693481 0.0748729 0.0812536 0.0884899 0.0965797 0.105519 0.115299 0.125911 0.137338 0.149563 0.162561 0.176303 0.190753 0.205873 0.221615 0.237928 0.254754 0.27203 0.289689 0.307656 0.325856 0.344208 0.362626 0.381026 0.399318 0.417413 0.435223 0.452658 0.469629 0.486051 0.501841 0.516917 0.531202 0.544625 0.557116 0.568612 0.579055 0.588393 0.596579 0.603571 0.609337 0.613846 0.617076 0.619012 0.619644 0.61897 0.616991 0.613718 0.609167 0.603361 0.596328 0.588102 0.578726 0.568245 0.556713 0.544189 0.530735 0.516421 0.501319 0.485507 0.469066 0.452079 0.434633 0.416817 0.398719 0.380429 0.362036 0.343628 0.325291 0.30711 0.289165 0.271532 0.254284 0.237489 0.221209 0.2055 0.190415 0.175999 0.162292 0.149328 0.137135 0.125738 0.115155 0.1054 0.0964847 0.0884158 0.0811978 0.0748327 0.0693211 0.064662 0.060854 0.0578952 0.0557838 0.0545195 
0.0558151 0.0562537 0.0575612 0.05974 0.0627917 0.0667186 0.0715225 0.077205 0.0837669 0.0912076 0.0995244 0.108712 0.118764 0.129667 0.141406 0.153961 0.167306 0.181412 0.196242 0.211755 0.227902 0.244629 0.261879 0.279585 0.297677 0.316081 0.334718 0.353504 0.372353 0.391178 0.409888 0.428391 0.446597 0.464414 0.481754 0.498528 0.514652 0.530044 0.544625 0.558322 0.571066 0.582793 0.593444 0.602966 0.611312 0.618442 0.624318 0.628914 0.632207 0.63418 0.634825 0.634137 0.632121 0.628786 0.624147 0.618228 0.611058 0.602671 0.59311 0.58242 0.570657 0.557878 0.544148 0.529537 0.514119 0.497971 0.481177 0.463821 0.445991 0.427778 0.409271 0.390562 0.371744 0.352904 0.334132 0.315514 0.297133 0.279066 0.261388 0.24417 0.227476 0.211363 0.195886 0.181091 0.167021 0.15371 0.141188 0.12948 0.118607 0.108583 0.0994194 0.0911246 0.0837033 0.0771582 0.0714899 0.0666979 0.062781 0.0597375 0.0575656 0.0562652 
0.0574445 0.057895 0.0592372 0.0614734 0.0646054 0.0686351 0.0735642 0.0793943 0.0861256 0.0937573 0.102286 0.111707 0.122011 0.133187 0.145216 0.158079 0.171749 0.186195 0.201379 0.217257 0.233781 0.250895 0.268538 0.286643 0.305139 0.323948 0.34299 0.36218 0.381429 0.400648 0.419744 0.438624 0.457197 0.475368 0.493048 0.510147 0.526579 0.542262 0.557116 0.571066 0.584043 0.595983 0.606825 0.616517 0.62501 0.632264 0.638244 0.64292 0.64627 0.648277 0.648933 0.648234 0.646183 0.64279 0.638071 0.632049 0.624753 0.616218 0.606486 0.595605 0.583628 0.570615 0.556631 0.541747 0.526036 0.509579 0.492458 0.474761 0.456576 0.437995 0.41911 0.400015 0.380801 0.361561 0.342386 0.323362 0.304575 0.286105 0.268028 0.250417 0.233336 0.216847 0.201005 0.185858 0.171448 0.157813 0.144984 0.132987 0.121843 0.111567 0.102172 0.0936659 0.0860546 0.0793411 0.0735263 0.0686101 0.0645913 0.0614685 0.05924 0.0579058 
0.058958 0.0594195 0.0607938 0.0630833 0.0662895 0.0704142 0.0754592 0.0814256 0.0883136 0.0961218 0.104847 0.114483 0.125021 0.136447 0.148745 0.161892 0.175862 0.19062 0.20613 0.222345 0.239216 0.256686 0.274691 0.293164 0.31203 0.331212 0.350626 0.370186 0.389801 0.409381 0.428831 0.448058 0.466965 0.485461 0.503451 0.520847 0.537561 0.553509 0.568612 0.582793 0.595983 0.608115 0.619132 0.628977 0.637605 0.644973 0.651046 0.655795 0.659197 0.661235 0.661901 0.661192 0.659109 0.655664 0.650872 0.644756 0.637346 0.628676 0.618789 0.607733 0.595562 0.582336 0.568121 0.552986 0.537009 0.520269 0.502851 0.484842 0.466332 0.447415 0.428183 0.408733 0.389157 0.36955 0.350004 0.330608 0.311448 0.292608 0.274164 0.25619 0.238755 0.221919 0.20574 0.190268 0.175546 0.161612 0.1485 0.136236 0.124841 0.114333 0.104723 0.0960225 0.0882357 0.0813664 0.0754163 0.0703851 0.0662722 0.063076 0.0607952 0.0594297 
