2.03562e-06 2.11501e-06 2.46047e-06 3.10517e-06 4.10717e-06 5.55302e-06 7.5617e-06 1.02895e-05 1.39359e-05 1.87502e-05 2.50386e-05 3.31718e-05 4.3592e-05 5.68198e-05 7.34598e-05 9.4204e-05 0.000119834 0.000151218 0.000189306 0.000235121 0.000289742 0.000354285 0.000429874 0.000517616 0.000618559 0.000733654 0.000863707 0.00100934 0.00117094 0.00134861 0.00154215 0.00175098 0.00197417 0.00221035 0.00245779 0.00271434 0.00297747 0.00324432 0.00351172 0.00377627 0.00403441 0.00428247 0.00451679 0.00473377 0.00492999 0.00510229 0.00524782 0.00536415 0.0054493 0.00550183 0.00552085 0.00550602 0.00545762 0.00537649 0.00526403 0.00512217 0.0049533 0.00476022 0.00454606 0.00431421 0.00406825 0.00381182 0.00354858 0.00328208 0.00301574 0.00275272 0.00249591 0.00224786 0.00201074 0.00178632 0.00157601 0.00138077 0.00120122 0.00103762 0.000889886 0.000757689 0.00064044 0.000537369 0.000447554 0.000369975 0.000303549 0.000247167 0.000199724 0.000160151 0.000127427 0.000100601 7.88026e-05 6.12423e-05 4.72199e-05 3.61208e-05 2.74134e-05 2.0644e-05 1.54305e-05 1.14553e-05 8.45833e-06 6.22997e-06 4.60439e-06 3.45381e-06 2.68349e-06 2.22851e-06 
2.11501e-06 2.19812e-06 2.55855e-06 3.23099e-06 4.27613e-06 5.78446e-06 7.88034e-06 1.07271e-05 1.45334e-05 1.95597e-05 2.61261e-05 3.46201e-05 4.55037e-05 5.93211e-05 7.67037e-05 9.83744e-05 0.000125149 0.000157934 0.000197722 0.000245578 0.000302627 0.000370032 0.000448965 0.000540575 0.000645953 0.000766084 0.000901805 0.00105376 0.00122234 0.00140765 0.00160946 0.00182718 0.00205981 0.00230594 0.00256375 0.00283099 0.00310503 0.00338289 0.00366127 0.00393663 0.00420527 0.00446338 0.00470714 0.00493284 0.00513691 0.00531608 0.00546738 0.00558831 0.00567681 0.00573139 0.00575111 0.00573564 0.00568526 0.00560085 0.00548387 0.00533629 0.00516062 0.00495974 0.00473692 0.00449569 0.00423973 0.00397285 0.00369883 0.00342139 0.00314407 0.00287017 0.00260268 0.00234427 0.0020972 0.00186334 0.00164412 0.00144059 0.00125338 0.00108276 0.000928672 0.000790766 0.000668436 0.000560883 0.000467152 0.000386182 0.000316846 0.000257989 0.000208461 0.000167147 0.000132983 0.000104978 8.22203e-05 6.3889e-05 4.92521e-05 3.76678e-05 2.8581e-05 2.15177e-05 1.60789e-05 1.19328e-05 8.80776e-06 6.4847e-06 4.79048e-06 3.59165e-06 2.78926e-06 2.31554e-06 
2.46047e-06 2.55855e-06 2.97857e-06 3.76073e-06 4.97522e-06 6.7266e-06 9.15839e-06 1.2459e-05 1.68684e-05 2.26864e-05 3.02807e-05 4.00953e-05 5.26596e-05 6.85955e-05 8.86238e-05 0.000113568 0.000144356 0.000182016 0.000227671 0.000282526 0.000347849 0.000424946 0.00051513 0.000619684 0.00073982 0.000876627 0.00103102 0.0012037 0.00139506 0.0016052 0.00183382 0.00208022 0.00234323 0.00262124 0.00291217 0.00321349 0.00352221 0.00383497 0.00414808 0.00445757 0.0047593 0.005049 0.00532245 0.00557548 0.00580415 0.00600481 0.00617419 0.00630949 0.00640845 0.0064694 0.00649132 0.00647385 0.00641728 0.00632261 0.00619144 0.00602598 0.00582899 0.0056037 0.00535371 0.00508296 0.00479556 0.00449573 0.00418772 0.00387567 0.00356354 0.00325504 0.00295354 0.00266205 0.00238312 0.00211887 0.00187095 0.00164056 0.00142845 0.00123496 0.00106005 0.000903354 0.000764221 0.000641772 0.000534955 0.000442589 0.000363416 0.000296143 0.000239479 0.000192166 0.000153005 0.000120873 9.47392e-05 7.36691e-05 5.68308e-05 4.3493e-05 3.30223e-05 2.4877e-05 1.86003e-05 1.38122e-05 1.02008e-05 7.51472e-06 5.55481e-06 4.16755e-06 3.23904e-06 2.69123e-06 
3.10517e-06 3.23099e-06 3.76073e-06 4.74452e-06 6.26971e-06 8.46616e-06 1.15118e-05 1.56399e-05 2.11468e-05 2.84022e-05 3.78581e-05 5.00597e-05 6.5655e-05 8.54032e-05 0.000110182 0.000140992 0.000178956 0.000225316 0.000281424 0.000348722 0.000428727 0.00052299 0.000633067 0.000760468 0.000906608 0.00107275 0.00125994 0.00146895 0.00170022 0.00195378 0.00222921 0.0025256 0.00284152 0.00317499 0.00352347 0.00388392 0.00425275 0.00462597 0.00499918 0.00536768 0.00572655 0.00607081 0.00639546 0.00669562 0.00696668 0.00720436 0.00740485 0.00756488 0.00768182 0.00775374 0.00777943 0.00775849 0.00769127 0.00757892 0.00742331 0.00722705 0.00699333 0.00672594 0.0064291 0.00610742 0.00576572 0.00540898 0.00504219 0.00467024 0.00429783 0.00392936 0.00356884 0.00321987 0.00288553 0.00256838 0.00227043 0.00199317 0.00173755 0.00150402 0.00129262 0.00110294 0.00093426 0.000785585 0.000655688 0.00054319 0.000446609 0.000364417 0.000295078 0.000237093 0.000189023 0.000149522 0.000117345 9.13635e-05 7.05698e-05 5.40749e-05 4.11072e-05 3.10054e-05 2.32104e-05 1.72563e-05 1.276e-05 9.41192e-06 6.96659e-06 5.2345e-06 4.07489e-06 3.39126e-06 
4.10717e-06 4.27613e-06 4.97522e-06 6.26971e-06 8.27303e-06 1.11535e-05 1.51412e-05 2.05371e-05 2.77231e-05 3.71737e-05 4.94684e-05 6.53038e-05 8.55055e-05 0.000111038 0.000143014 0.000182694 0.000231494 0.000290969 0.000362806 0.000448803 0.000550832 0.000670809 0.000810636 0.000972154 0.00115707 0.00136689 0.00160283 0.00186579 0.00215621 0.00247404 0.00281867 0.00318889 0.00358284 0.00399799 0.00443115 0.00487849 0.00533558 0.00579747 0.00625872 0.00671359 0.00715607 0.00758006 0.00797948 0.00834844 0.00868132 0.00897298 0.0092188 0.00941486 0.00955798 0.00964584 0.00967701 0.00965099 0.00956822 0.00943009 0.00923886 0.00899765 0.00871035 0.00838151 0.00801627 0.00762017 0.0071991 0.0067591 0.00630625 0.00584654 0.00538572 0.00492921 0.00448197 0.00404846 0.00363252 0.00323738 0.00286559 0.00251905 0.00219904 0.0019062 0.00164064 0.00140196 0.00118933 0.00100158 0.000837248 0.000694669 0.000572041 0.000467491 0.00037913 0.000305102 0.000243622 0.000193009 0.000151707 0.000118299 9.1514e-05 7.02296e-05 5.34678e-05 4.03886e-05 3.02796e-05 2.25457e-05 1.66966e-05 1.23351e-05 9.14574e-06 6.88455e-06 5.3701e-06 4.47793e-06 
5.55302e-06 5.78446e-06 6.7266e-06 8.46616e-06 1.11535e-05 1.50111e-05 2.03427e-05 2.75447e-05 3.71186e-05 4.96866e-05 6.60058e-05 8.69843e-05 0.000113695 0.000147387 0.000189497 0.00024165 0.000305657 0.000383507 0.000477348 0.000589454 0.000722188 0.000877951 0.00105911 0.00126796 0.00150656 0.00177677 0.00208002 0.00241732 0.00278913 0.00319527 0.00363484 0.0041062 0.00460688 0.00513361 0.00568229 0.00624804 0.00682524 0.00740764 0.00798845 0.00856047 0.00911623 0.00964817 0.0101487 0.0106107 0.0110271 0.0113916 0.0116986 0.0119432 0.0121216 0.012231 0.0122695 0.0122366 0.0121328 0.0119599 0.0117205 0.0114186 0.0110589 0.010647 0.0101893 0.00969245 0.00916389 0.00861103 0.00804144 0.00746255 0.00688156 0.00630524 0.00573986 0.00519103 0.00466365 0.00416185 0.00368894 0.00324741 0.00283897 0.00246456 0.00212442 0.00181815 0.00154481 0.001303 0.00109095 0.000906624 0.000747788 0.00061211 0.000497222 0.000400786 0.000320546 0.000254364 0.000200256 0.000156407 0.000121187 9.31493e-05 7.10294e-05 5.37387e-05 4.03517e-05 3.00929e-05 2.23219e-05 1.65188e-05 1.22698e-05 9.25427e-06 7.23366e-06 6.04406e-06 
7.5617e-06 7.88034e-06 9.15839e-06 1.15118e-05 1.51412e-05 2.03427e-05 2.752e-05 3.71982e-05 5.00412e-05 6.68692e-05 8.86789e-05 0.000116662 0.000152221 0.000196986 0.000252824 0.000321839 0.000406371 0.000508976 0.000632404 0.000779554 0.000953424 0.00115704 0.00139338 0.00166527 0.00197529 0.00232565 0.00271809 0.00315374 0.00363303 0.00415557 0.00472008 0.00532431 0.00596501 0.00663787 0.00733762 0.00805797 0.00879179 0.00953113 0.0102674 0.0109916 0.0116944 0.0123663 0.0129978 0.0135801 0.0141045 0.0145631 0.0149491 0.0152564 0.0154803 0.0156173 0.0156652 0.0156234 0.0154924 0.0152745 0.014973 0.0145926 0.0141393 0.0136199 0.0130424 0.0124151 0.0117472 0.0110478 0.0103265 0.00959263 0.00885514 0.00812261 0.00740297 0.00670337 0.00603008 0.00538842 0.00478271 0.00421624 0.00369131 0.00320926 0.00277053 0.00237477 0.00202091 0.00170727 0.00143172 0.00119173 0.000984537 0.000807213 0.000656775 0.000530257 0.000424786 0.00033763 0.00026624 0.000208279 0.000161637 0.000124439 9.50395e-05 7.20179e-05 5.41631e-05 4.04575e-05 3.0059e-05 2.22822e-05 1.65808e-05 1.25303e-05 9.81485e-06 8.21706e-06 
1.02895e-05 1.07271e-05 1.2459e-05 1.56399e-05 2.05371e-05 2.75447e-05 3.71982e-05 5.01936e-05 6.74078e-05 8.99225e-05 0.000119048 0.000156345 0.00020365 0.000263086 0.000337076 0.000428346 0.000539912 0.000675058 0.000837302 0.00103034 0.00125796 0.00152398 0.00183213 0.00218591 0.0025885 0.00304257 0.00355015 0.00411253 0.00473006 0.00540203 0.00612663 0.00690081 0.00772025 0.00857937 0.00947131 0.0103881 0.0113205 0.0122586 0.0131916 0.014108 0.0149961 0.0158443 0.0166407 0.0173742 0.0180343 0.0186111 0.019096 0.0194819 0.0197628 0.0199344 0.019994 0.0199409 0.0197759 0.0195014 0.0191218 0.0186429 0.018072 0.0174176 0.0166893 0.0158978 0.0150541 0.01417 0.0132571 0.0123271 0.0113914 0.0104607 0.00954518 0.00865378 0.00779458 0.00697442 0.00619893 0.00547244 0.00479806 0.00417766 0.003612 0.00310079 0.00264285 0.00223621 0.00187826 0.00156593 0.00129576 0.0010641 0.000867186 0.00070127 0.000562692 0.000447962 0.000353811 0.000277229 0.00021549 0.000166161 0.000127105 9.64673e-05 7.26652e-05 5.43641e-05 4.04569e-05 3.00408e-05 2.23943e-05 1.69567e-05 1.33092e-05 1.11641e-05 
1.39359e-05 1.45334e-05 1.68684e-05 2.11468e-05 2.77231e-05 3.71186e-05 5.00412e-05 6.74078e-05 9.03721e-05 0.000120353 0.000159065 0.000208545 0.000271181 0.000349727 0.000447316 0.000567457 0.000714022 0.000891209 0.00110349 0.00135555 0.00165218 0.00199814 0.00239807 0.00285631 0.0033767 0.00396247 0.00461599 0.00533864 0.00613061 0.00699079 0.0079166 0.00890394 0.00994716 0.011039 0.0121707 0.0133319 0.0145113 0.015696 0.0168726 0.0180268 0.019144 0.0202096 0.0212092 0.0221289 0.0229557 0.0236777 0.0242843 0.0247665 0.0251172 0.0253312 0.0254051 0.0253381 0.0251311 0.0247872 0.0243117 0.0237116 0.022996 0.0221754 0.0212615 0.0202673 0.0192068 0.0180943 0.0169443 0.0157714 0.0145897 0.0134128 0.0122534 0.0111228 0.0100313 0.00898779 0.00799942 0.00707192 0.00620942 0.00541454 0.00468847 0.00403109 0.0034411 0.00291621 0.0024533 0.00204861 0.00169789 0.00139658 0.00113997 0.000923351 0.000742081 0.000591724 0.000468106 0.000367369 0.000286008 0.000220884 0.00016923 0.00012864 9.70516e-05 7.27235e-05 5.42071e-05 4.03186e-05 3.01099e-05 2.28427e-05 1.79653e-05 1.50981e-05 
1.87502e-05 1.95597e-05 2.26864e-05 2.84022e-05 3.71737e-05 4.96866e-05 6.68692e-05 8.99225e-05 0.000120353 0.00016001 0.000211121 0.000276326 0.00035871 0.00046182 0.000589677 0.00074677 0.00093803 0.00116879 0.0014447 0.00177164 0.0021556 0.00260251 0.0031181 0.00370765 0.00437581 0.00512641 0.00596214 0.00688446 0.00789328 0.00898688 0.0101617 0.0114123 0.0127313 0.0141094 0.0155353 0.0169962 0.0184774 0.0199632 0.0214366 0.0228801 0.0242755 0.025605 0.0268508 0.0279958 0.0290242 0.0299215 0.0306748 0.0312732 0.031708 0.0319729 0.032064 0.0319801 0.0317223 0.0312946 0.0307032 0.0299569 0.0290664 0.0280445 0.0269058 0.0256662 0.0243425 0.0229524 0.0215138 0.0200448 0.0185629 0.0170849 0.0156266 0.0142025 0.0128255 0.0115067 0.0102555 0.00907938 0.00798369 0.00697207 0.0060463 0.00520654 0.00445145 0.0037784 0.00318369 0.00266277 0.00221045 0.00182111 0.00148891 0.00120793 0.000972354 0.000776585 0.00061533 0.00048368 0.000377156 0.000291737 0.000223865 0.000170436 0.000128786 9.66553e-05 7.21619e-05 5.37633e-05 4.0222e-05 3.05726e-05 2.40928e-05 2.02851e-05 
2.50386e-05 2.61261e-05 3.02807e-05 3.78581e-05 4.94684e-05 6.60058e-05 8.86789e-05 0.000119048 0.000159065 0.000211121 0.000278088 0.000363361 0.000470892 0.000605213 0.000771445 0.000975282 0.00122296 0.00152117 0.00187702 0.00229782 0.00279099 0.00336385 0.00402337 0.00477596 0.00562716 0.00658143 0.0076418 0.00880967 0.0100846 0.0114639 0.0129428 0.0145143 0.0161686 0.0178939 0.019676 0.0214987 0.0233439 0.025192 0.027022 0.0288124 0.030541 0.0321858 0.0337254 0.0351391 0.0364076 0.0375134 0.038441 0.0391773 0.039712 0.0400373 0.0401487 0.0400445 0.0397264 0.0391989 0.0384697 0.0375492 0.0364504 0.0351889 0.033782 0.032249 0.0306106 0.028888 0.0271034 0.0252787 0.0234354 0.0215943 0.0197751 0.0179956 0.0162722 0.014619 0.0130477 0.011568 0.010187 0.00890959 0.0077384 0.006674 0.00571508 0.00485869 0.00410051 0.00343511 0.00285621 0.00235695 0.00193013 0.00156842 0.00126459 0.00101161 0.000802843 0.000632083 0.000493659 0.000382458 0.000293941 0.000224139 0.000169631 0.000127511 9.53527e-05 7.11607e-05 5.33325e-05 4.06152e-05 3.20704e-05 2.70511e-05 
3.31718e-05 3.46201e-05 4.00953e-05 5.00597e-05 6.53038e-05 8.69843e-05 0.000116662 0.000156345 0.000208545 0.000276326 0.000363361 0.000473976 0.000613195 0.000786759 0.00100113 0.00126347 0.00158158 0.00196384 0.00241901 0.00295617 0.00358442 0.00431265 0.00514931 0.00610204 0.00717738 0.00838042 0.00971449 0.0111808 0.0127783 0.0145032 0.0163491 0.0183066 0.0203635 0.0225048 0.0247127 0.026967 0.0292454 0.0315238 0.0337765 0.0359773 0.0380994 0.0401162 0.0420018 0.0437313 0.0452818 0.0466322 0.0477641 0.048662 0.0493134 0.0497093 0.0498442 0.0497163 0.0493274 0.0486829 0.0477921 0.0466672 0.0453238 0.0437805 0.042058 0.0401795 0.0381697 0.0360544 0.0338601 0.0316135 0.029341 0.0270678 0.024818 0.0226139 0.0204756 0.0184208 0.0164644 0.0146185 0.0128927 0.0112932 0.00982396 0.00848605 0.00727836 0.00619767 0.00523903 0.00439604 0.00366117 0.00302615 0.0024822 0.00202034 0.00163162 0.00130734 0.00103922 0.000819499 0.000641055 0.000497441 0.000382916 0.000292445 0.000221675 0.000166898 0.000125008 9.34499e-05 7.01626e-05 5.35341e-05 4.23547e-05 3.57901e-05 
4.3592e-05 4.55037e-05 5.26596e-05 6.5655e-05 8.55055e-05 0.000113695 0.000152221 0.00020365 0.000271181 0.00035871 0.000470892 0.000613195 0.000791949 0.00101436 0.00128851 0.00162333 0.00202851 0.00251437 0.00309173 0.00377165 0.00456519 0.00548309 0.00653542 0.00773122 0.00907805 0.0105817 0.0122455 0.0140706 0.0160548 0.0181929 0.0204763 0.0228932 0.0254279 0.0280616 0.0307723 0.0335352 0.0363229 0.0391059 0.0418535 0.0445339 0.0471148 0.0495646 0.0518522 0.0539483 0.0558256 0.0574592 0.0588275 0.059912 0.0606982 0.0611755 0.0613374 0.0611818 0.0607109 0.0599312 0.0588532 0.0574917 0.055865 0.0539947 0.0519058 0.0496255 0.0471831 0.0446095 0.0419365 0.0391961 0.0364199 0.0336386 0.0308816 0.028176 0.0255466 0.0230153 0.0206008 0.0183185 0.0161805 0.0141952 0.0123678 0.0107006 0.00919254 0.00784041 0.00663855 0.00557955 0.00465453 0.00385358 0.00316613 0.00258127 0.00208805 0.0016758 0.00133429 0.00105389 0.000825733 0.000641771 0.000494803 0.000378496 0.000287357 0.000216695 0.000162572 0.000121737 9.15641e-05 6.99968e-05 5.54884e-05 4.69715e-05 
5.68198e-05 5.93211e-05 6.85955e-05 8.54032e-05 0.000111038 0.000147387 0.000196986 0.000263086 0.000349727 0.00046182 0.000605213 0.000786759 0.00101436 0.00129698 0.00164466 0.0020684 0.00258012 0.00319247 0.0039186 0.00477191 0.00576569 0.00691275 0.00822499 0.00971291 0.0113852 0.0132481 0.0153051 0.0175567 0.0199994 0.0226261 0.0254257 0.0283828 0.031478 0.0346879 0.0379855 0.0413405 0.0447197 0.0480877 0.0514075 0.0546411 0.0577505 0.060698 0.063447 0.0659631 0.0682143 0.0701715 0.0718094 0.0731067 0.0740465 0.0746163 0.0748089 0.0746216 0.0740572 0.073123 0.0718314 0.0701995 0.0682486 0.0660041 0.063495 0.0607533 0.0578135 0.0547121 0.0514865 0.0481748 0.0448148 0.0414433 0.0380956 0.0348047 0.0316007 0.0285105 0.0255573 0.0227604 0.0201351 0.0176924 0.0154396 0.0133799 0.0115132 0.00983596 0.00834206 0.00702302 0.0058685 0.00486679 0.00400528 0.00327085 0.00265027 0.00213054 0.00169914 0.00134426 0.00105495 0.000821246 0.000634192 0.000485894 0.000369482 0.000279074 0.000209714 0.000157305 0.000118529 9.07836e-05 7.21075e-05 6.11471e-05 
7.34598e-05 7.67037e-05 8.86238e-05 0.000110182 0.000143014 0.000189497 0.000252824 0.000337076 0.000447316 0.000589677 0.000771445 0.00100113 0.00128851 0.00164466 0.00208188 0.00261366 0.00325451 0.00401976 0.00492527 0.0059871 0.00722105 0.00864223 0.0102645 0.0120999 0.0141583 0.0164462 0.0189671 0.0217203 0.0247009 0.0278992 0.0313007 0.0348863 0.0386317 0.0425082 0.0464829 0.0505193 0.0545775 0.0586152 0.0625887 0.066453 0.0701634 0.0736758 0.0769476 0.0799388 0.0826122 0.0849344 0.0868762 0.088413 0.0895253 0.0901992 0.090426 0.090203 0.0895331 0.0884248 0.0868925 0.0849556 0.0826388 0.0799713 0.0769867 0.0737219 0.0702173 0.0665151 0.0626595 0.058695 0.0546664 0.0506174 0.0465899 0.0426236 0.0387549 0.0350164 0.0314367 0.0280397 0.0248446 0.0218657 0.0191126 0.0165902 0.0142994 0.0122367 0.0103957 0.00876673 0.00733797 0.00609574 0.00502516 0.00411064 0.00333632 0.00268653 0.00214611 0.00170067 0.00133684 0.00104237 0.00080625 0.00061871 0.000471232 0.000356502 0.000268341 0.000201624 0.000152198 0.000116793 9.29473e-05 7.89564e-05 
9.4204e-05 9.83744e-05 0.000113568 0.000140992 0.000182694 0.00024165 0.000321839 0.000428346 0.000567457 0.00074677 0.000975282 0.00126347 0.00162333 0.0020684 0.00261366 0.00327546 0.00407132 0.00501964 0.00613936 0.0074495 0.00896869 0.0107145 0.0127029 0.0149476 0.0174593 0.0202449 0.0233073 0.0266445 0.0302493 0.034109 0.0382052 0.0425137 0.0470048 0.0516438 0.0563909 0.0612022 0.0660306 0.0708262 0.0755373 0.0801117 0.0844972 0.0886428 0.0924995 0.0960212 0.0991654 0.101894 0.104173 0.105976 0.10728 0.108069 0.108334 0.108071 0.107284 0.105982 0.104182 0.101906 0.0991814 0.096042 0.0925259 0.0886758 0.0845376 0.0801604 0.0755951 0.0708938 0.0661085 0.0612907 0.0564899 0.0517533 0.0471242 0.0426421 0.0383417 0.0342524 0.0303981 0.026797 0.0234618 0.0203996 0.0176124 0.0150975 0.012848 0.0108533 0.00910004 0.00757246 0.0062532 0.00512389 0.00416575 0.00336007 0.00268864 0.00213413 0.00168033 0.00131234 0.00101671 0.000781475 0.00059616 0.000451747 0.000340594 0.000256352 0.000193859 0.000149048 0.000118846 0.000101131 
0.000119834 0.000125149 0.000144356 0.000178956 0.000231494 0.000305657 0.000406371 0.000539912 0.000714022 0.00093803 0.00122296 0.00158158 0.00202851 0.00258012 0.00325451 0.00407132 0.00505149 0.00621691 0.00758996 0.00919298 0.0110476 0.0131742 0.0155908 0.0183126 0.0213513 0.0247137 0.0284018 0.0324117 0.0367334 0.0413503 0.0462391 0.0513702 0.0567074 0.0622086 0.0678265 0.0735091 0.0792009 0.0848435 0.0903771 0.0957411 0.100876 0.105722 0.110225 0.114331 0.117993 0.121168 0.123818 0.125913 0.127426 0.128341 0.128647 0.128341 0.127425 0.125911 0.123817 0.121168 0.117996 0.114337 0.110235 0.105737 0.100898 0.0957715 0.0904168 0.0848936 0.0792622 0.0735824 0.0679121 0.0623067 0.0568177 0.0514921 0.0463717 0.0414924 0.0368835 0.0325681 0.0285625 0.0248768 0.0215146 0.0184743 0.0157488 0.0133268 0.0111934 0.0093305 0.00771824 0.00633521 0.00515936 0.00416857 0.0033412 0.00265654 0.00209512 0.00163898 0.00127183 0.000979154 0.000748172 0.00056786 0.000428848 0.000323332 0.000244953 0.00018869 0.000150746 0.000128494 
0.000151218 0.000157934 0.000182016 0.000225316 0.000290969 0.000383507 0.000508976 0.000675058 0.000891209 0.00116879 0.00152117 0.00196384 0.00251437 0.00319247 0.00401976 0.00501964 0.00621691 0.00763736 0.00930717 0.0112523 0.0134977 0.0160664 0.0189788 0.0222514 0.0258965 0.0299207 0.0343243 0.0391011 0.0442374 0.0497119 0.0554958 0.0615526 0.0678388 0.0743041 0.0808926 0.0875433 0.0941915 0.10077 0.107209 0.11344 0.119395 0.125007 0.130214 0.134956 0.139181 0.14284 0.145891 0.1483 0.15004 0.151092 0.151442 0.151088 0.150033 0.14829 0.145878 0.142826 0.139167 0.134943 0.130203 0.125001 0.119394 0.113447 0.107225 0.100796 0.0942303 0.0875953 0.0809587 0.0743847 0.0679341 0.0616623 0.0556191 0.0498478 0.0443843 0.0392573 0.0344878 0.0300892 0.0260677 0.022423 0.0191484 0.016232 0.0136573 0.0114043 0.00945008 0.00777015 0.00633885 0.0051303 0.00411902 0.00328047 0.00259149 0.00203063 0.00157833 0.0012171 0.000931494 0.000708156 0.00053569 0.000404581 0.000307061 0.000236982 0.00018969 0.00016196 
0.000189306 0.000197722 0.000227671 0.000281424 0.000362806 0.000477348 0.000632404 0.000837302 0.00110349 0.0014447 0.00187702 0.00241901 0.00309173 0.0039186 0.00492527 0.00613936 0.00758996 0.00930717 0.0113213 0.0136623 0.0163584 0.0194356 0.0229165 0.0268187 0.0311548 0.0359305 0.0411441 0.0467861 0.0528384 0.0592741 0.0660575 0.0731447 0.0804835 0.0880146 0.0956725 0.103386 0.111081 0.11868 0.126105 0.133276 0.140118 0.146556 0.15252 0.157945 0.162772 0.166948 0.170427 0.173172 0.175154 0.176349 0.176747 0.176342 0.17514 0.173152 0.170401 0.166918 0.162739 0.15791 0.152485 0.146523 0.14009 0.133254 0.126091 0.118678 0.111091 0.103411 0.0957125 0.0880713 0.0805573 0.0732358 0.0661654 0.0593979 0.0529768 0.0469374 0.041306 0.0361007 0.0313307 0.0269977 0.0230958 0.0196127 0.0165309 0.0138281 0.0114787 0.0094546 0.00772637 0.00626403 0.00503783 0.004019 0.00318022 0.00249606 0.00194328 0.00150096 0.00115062 0.000876171 0.00066389 0.000502267 0.000381889 0.000295291 0.000236812 0.000202528 
0.000235121 0.000245578 0.000282526 0.000348722 0.000448803 0.000589454 0.000779554 0.00103034 0.00135555 0.00177164 0.00229782 0.00295617 0.00377165 0.00477191 0.0059871 0.0074495 0.00919298 0.0112523 0.0136623 0.0164569 0.019668 0.0233245 0.0274508 0.0320656 0.0371812 0.0428018 0.048923 0.0555312 0.0626027 0.070104 0.0779918 0.0862132 0.0947067 0.103403 0.112225 0.121092 0.129919 0.138618 0.1471 0.155278 0.163067 0.170383 0.177151 0.183299 0.188762 0.193483 0.197413 0.200511 0.202745 0.204092 0.204539 0.204081 0.202723 0.200479 0.197372 0.193434 0.188707 0.183239 0.177089 0.170321 0.163006 0.155223 0.147053 0.138581 0.129894 0.121083 0.112232 0.103428 0.0947522 0.0862789 0.0780777 0.0702095 0.0627266 0.0556719 0.0490784 0.0429692 0.0373579 0.0322487 0.027637 0.023511 0.0198519 0.0166356 0.0138335 0.0114142 0.00934399 0.00758855 0.00611351 0.00488539 0.00387226 0.00304427 0.00237397 0.00183661 0.00141021 0.00107561 0.000816363 0.000618683 0.00047125 0.000365074 0.000293328 0.00025127 
0.000289742 0.000302627 0.000347849 0.000428727 0.000550832 0.000722188 0.000953424 0.00125796 0.00165218 0.0021556 0.00279099 0.00358442 0.00456519 0.00576569 0.00722105 0.00896869 0.0110476 0.0134977 0.0163584 0.019668 0.0234621 0.0277721 0.0326242 0.0380377 0.0440239 0.050585 0.0577129 0.0653887 0.0735825 0.0822529 0.0913476 0.100804 0.11055 0.120504 0.13058 0.140684 0.150719 0.160589 0.170192 0.179434 0.188219 0.196458 0.204067 0.210968 0.217093 0.22238 0.226777 0.23024 0.232735 0.234239 0.234737 0.234224 0.232705 0.230196 0.22672 0.222311 0.217014 0.210881 0.203974 0.196362 0.188123 0.179341 0.170106 0.160511 0.150654 0.140634 0.130548 0.120492 0.11056 0.100837 0.0914045 0.0823332 0.0736854 0.0655127 0.0578559 0.0507445 0.0441969 0.0382208 0.0328141 0.0279653 0.0236553 0.0198581 0.0165425 0.0136734 0.011213 0.00912222 0.00736166 0.00589278 0.00467857 0.00368427 0.00287778 0.00223001 0.00171506 0.00131026 0.000996111 0.000756199 0.000577029 0.000447857 0.000360513 0.000309317 
0.000354285 0.000370032 0.000424946 0.00052299 0.000670809 0.000877951 0.00115704 0.00152398 0.00199814 0.00260251 0.00336385 0.00431265 0.00548309 0.00691275 0.00864223 0.0107145 0.0131742 0.0160664 0.0194356 0.0233245 0.0277721 0.0328124 0.0384728 0.0447728 0.051722 0.0593195 0.0675527 0.0763964 0.0858131 0.0957524 0.106152 0.116938 0.128026 0.139325 0.150733 0.162147 0.173458 0.184557 0.195334 0.205684 0.215504 0.224697 0.233173 0.240849 0.247653 0.253519 0.258392 0.262226 0.264988 0.266651 0.267201 0.266632 0.26495 0.26217 0.258318 0.253429 0.24755 0.240734 0.233048 0.224566 0.215369 0.20555 0.195204 0.184434 0.173347 0.162051 0.150656 0.139269 0.127994 0.116932 0.106173 0.0958005 0.0858881 0.0764972 0.0676773 0.0594654 0.0518861 0.0449516 0.0386625 0.0330091 0.027972 0.0235239 0.0196312 0.016255 0.0133534 0.0108823 0.00879715 0.00705378 0.00560974 0.00442486 0.00346192 0.00268703 0.00206991 0.00158393 0.00120616 0.000917216 0.000701143 0.000545197 0.000439678 0.000377833 
0.000429874 0.000448965 0.00051513 0.000633067 0.000810636 0.00105911 0.00139338 0.00183213 0.00239807 0.0031181 0.00402337 0.00514931 0.00653542 0.00822499 0.0102645 0.0127029 0.0155908 0.0189788 0.0229165 0.0274508 0.0326242 0.0384728 0.045025 0.0522994 0.0603033 0.0690317 0.0784662 0.0885744 0.0993097 0.110612 0.122406 0.134608 0.14712 0.159837 0.172646 0.18543 0.198069 0.210443 0.222432 0.233921 0.2448 0.254966 0.264323 0.272784 0.280272 0.28672 0.292071 0.296278 0.299306 0.301128 0.301729 0.301104 0.299259 0.29621 0.291981 0.28661 0.280144 0.27264 0.264165 0.254798 0.244626 0.233743 0.222255 0.210272 0.197908 0.185284 0.172518 0.159731 0.14704 0.134556 0.122384 0.11062 0.0993498 0.0886451 0.0785658 0.0691578 0.0604528 0.0524687 0.0452101 0.0386692 0.0328276 0.027657 0.0231215 0.0191789 0.015783 0.0128846 0.0104336 0.00838008 0.00667567 0.00527435 0.00413329 0.00321333 0.00247933 0.0019003 0.00144945 0.0011041 0.000845493 0.000658649 0.000532137 0.000457994 
0.000517616 0.000540575 0.000619684 0.000760468 0.000972154 0.00126796 0.00166527 0.00218591 0.00285631 0.00370765 0.00477596 0.00610204 0.00773122 0.00971291 0.0120999 0.0149476 0.0183126 0.0222514 0.0268187 0.0320656 0.0380377 0.0447728 0.0522994 0.0606346 0.0697823 0.0797326 0.0904598 0.101923 0.114065 0.126815 0.140086 0.153778 0.167782 0.181978 0.196242 0.210441 0.224446 0.238123 0.251346 0.263989 0.275937 0.28708 0.297317 0.306559 0.314727 0.32175 0.327573 0.332146 0.335435 0.337413 0.338065 0.337386 0.335381 0.332066 0.327467 0.32162 0.314574 0.306387 0.297127 0.286875 0.275722 0.263768 0.251122 0.237902 0.224232 0.21024 0.196058 0.181818 0.167647 0.153673 0.140014 0.126778 0.114064 0.101957 0.0905278 0.0798326 0.0699114 0.0607889 0.0524748 0.0449646 0.038241 0.0322757 0.0270308 0.0224613 0.0185165 0.0151423 0.0122828 0.00988195 0.00788519 0.00624023 0.00489816 0.0038141 0.00294759 0.00226284 0.0017288 0.0013191 0.00101191 0.000789718 0.000639173 0.000550948 
0.000618559 0.000645953 0.00073982 0.000906608 0.00115707 0.00150656 0.00197529 0.0025885 0.0033767 0.00437581 0.00562716 0.00717738 0.00907805 0.0113852 0.0141583 0.0174593 0.0213513 0.0258965 0.0311548 0.0371812 0.0440239 0.051722 0.0603033 0.0697823 0.0801588 0.0914161 0.103521 0.116421 0.13005 0.144321 0.159136 0.17438 0.18993 0.205651 0.221405 0.237048 0.252438 0.267431 0.281892 0.295687 0.308696 0.320803 0.331906 0.341913 0.350742 0.358325 0.364603 0.36953 0.37307 0.375198 0.375899 0.375168 0.373009 0.369439 0.364483 0.358177 0.350567 0.341714 0.331686 0.320564 0.308442 0.295422 0.28162 0.267159 0.25217 0.236791 0.221164 0.205431 0.189737 0.174218 0.159009 0.144232 0.13 0.116411 0.10355 0.0914835 0.0802612 0.0699161 0.0604639 0.0519046 0.0442231 0.0373916 0.0313712 0.0261139 0.0215651 0.0176658 0.0143541 0.0115678 0.00924568 0.00732886 0.00576195 0.00449389 0.00347847 0.00267465 0.00204673 0.00156429 0.00120207 0.000939808 0.000761989 0.000657783 
0.000733654 0.000766084 0.000876627 0.00107275 0.00136689 0.00177677 0.00232565 0.00304257 0.00396247 0.00512641 0.00658143 0.00838042 0.0105817 0.0132481 0.0164462 0.0202449 0.0247137 0.0299207 0.0359305 0.0428018 0.050585 0.0593195 0.0690317 0.0797326 0.0914161 0.104058 0.117615 0.132025 0.147206 0.163061 0.179473 0.196315 0.213447 0.230722 0.247985 0.265082 0.281857 0.298159 0.313843 0.328771 0.342816 0.35586 0.367798 0.378538 0.388 0.396114 0.402824 0.408085 0.411862 0.414132 0.414879 0.414098 0.411796 0.407986 0.402692 0.395951 0.387806 0.378317 0.36755 0.355588 0.342525 0.328465 0.313526 0.297837 0.281536 0.264767 0.247684 0.230441 0.213192 0.196092 0.179286 0.162914 0.147102 0.131965 0.1176 0.104087 0.0914858 0.0798398 0.0691721 0.0594879 0.0507757 0.0430088 0.036148 0.030143 0.0249356 0.0204617 0.016654 0.0134437 0.0107626 0.00854515 0.00672895 0.00525639 0.00407509 0.00313835 0.00240541 0.00184144 0.00141746 0.00111016 0.000901664 0.000779481 
0.000863707 0.000901805 0.00103102 0.00125994 0.00160283 0.00208002 0.00271809 0.00355015 0.00461599 0.00596214 0.0076418 0.00971449 0.0122455 0.0153051 0.0189671 0.0233073 0.0284018 0.0343243 0.0411441 0.048923 0.0577129 0.0675527 0.0784662 0.0904598 0.103521 0.117615 0.132689 0.148668 0.165455 0.182938 0.200986 0.219454 0.238188 0.257024 0.275796 0.294336 0.312479 0.330063 0.346938 0.36296 0.377998 0.391935 0.404664 0.416094 0.426147 0.434755 0.441864 0.447433 0.451428 0.453827 0.454616 0.453792 0.451358 0.447327 0.441724 0.43458 0.425938 0.415854 0.404393 0.391636 0.377675 0.362616 0.346578 0.329694 0.312105 0.293966 0.275436 0.256681 0.237869 0.219167 0.200735 0.18273 0.165292 0.148553 0.132624 0.117599 0.103552 0.0905349 0.078581 0.0677018 0.0578905 0.0491227 0.0413593 0.0345487 0.0286294 0.0235327 0.0191856 0.0155128 0.0124393 0.00989223 0.00780204 0.00610419 0.00473971 0.00365588 0.0028065 0.00215197 0.00165928 0.00130181 0.0010591 0.00091687 
0.00100934 0.00105376 0.0012037 0.00146895 0.00186579 0.00241732 0.00315374 0.00411253 0.00533864 0.00688446 0.00880967 0.0111808 0.0140706 0.0175567 0.0217203 0.0266445 0.0324117 0.0391011 0.0467861 0.0555312 0.0653887 0.0763964 0.0885744 0.101923 0.116421 0.132025 0.148668 0.16626 0.184692 0.203833 0.223536 0.243641 0.263975 0.284363 0.304623 0.324577 0.344048 0.362869 0.380883 0.397944 0.413918 0.428687 0.442149 0.454213 0.464804 0.473859 0.481328 0.487172 0.491362 0.493876 0.494703 0.49384 0.491289 0.487063 0.481183 0.473677 0.464585 0.453959 0.441861 0.428367 0.413568 0.397568 0.380487 0.362457 0.343627 0.324154 0.304206 0.283959 0.263593 0.243288 0.22322 0.203559 0.184466 0.166086 0.148547 0.131959 0.116408 0.10196 0.0886582 0.0765213 0.0655486 0.0557193 0.0469954 0.0393245 0.0326425 0.0268765 0.021948 0.0177753 0.0142765 0.0113711 0.00898246 0.00703857 0.0054736 0.00422843 0.00325106 0.00249683 0.00192836 0.00151548 0.00123497 0.00107058 
0.00117094 0.00122234 0.00139506 0.00170022 0.00215621 0.00278913 0.00363303 0.00473006 0.00613061 0.00789328 0.0100846 0.0127783 0.0160548 0.0199994 0.0247009 0.0302493 0.0367334 0.0442374 0.0528384 0.0626027 0.0735825 0.0858131 0.0993097 0.114065 0.13005 0.147206 0.165455 0.184692 0.20479 0.2256 0.24696 0.268692 0.290608 0.312517 0.334226 0.355544 0.376287 0.396282 0.415366 0.433393 0.450229 0.465759 0.479881 0.492512 0.50358 0.513027 0.520809 0.526891 0.531248 0.533861 0.534721 0.533825 0.531175 0.526782 0.520663 0.512842 0.503357 0.492251 0.479583 0.465424 0.44986 0.432993 0.414939 0.395833 0.375823 0.355072 0.333755 0.312055 0.290164 0.268274 0.246577 0.22526 0.204498 0.184455 0.165275 0.147085 0.129987 0.11406 0.0993574 0.0859089 0.0737201 0.0627751 0.053038 0.0444566 0.0369647 0.0304857 0.024936 0.0202277 0.0162718 0.0129806 0.0102696 0.00805933 0.00627684 0.00485624 0.00373945 0.00287639 0.0022251 0.00175158 0.00142967 0.00124101 
0.00134861 0.00140765 0.0016052 0.00195378 0.00247404 0.00319527 0.00415557 0.00540203 0.00699079 0.00898688 0.0114639 0.0145032 0.0181929 0.0226261 0.0278992 0.034109 0.0413503 0.0497119 0.0592741 0.070104 0.0822529 0.0957524 0.110612 0.126815 0.144321 0.163061 0.182938 0.203833 0.2256 0.248075 0.271075 0.294406 0.317866 0.341247 0.364345 0.38696 0.408901 0.429989 0.45006 0.468967 0.486579 0.502783 0.517485 0.530606 0.54208 0.551859 0.559902 0.566181 0.570674 0.573369 0.574256 0.573334 0.570604 0.566074 0.559758 0.551677 0.54186 0.530345 0.517184 0.502442 0.486199 0.46855 0.449611 0.429512 0.408402 0.386447 0.363826 0.340731 0.317362 0.293926 0.270627 0.247668 0.225242 0.20353 0.182696 0.162881 0.144206 0.126762 0.110619 0.0958145 0.0823639 0.0702566 0.0594603 0.0499236 0.0415792 0.0343473 0.0281397 0.0228626 0.01842 0.0147167 0.0116606 0.00916458 0.00714817 0.00553853 0.00427118 0.00329042 0.0025494 0.00201011 0.00164324 0.00142823 
0.00154215 0.00160946 0.00183382 0.00222921 0.00281867 0.00363484 0.00472008 0.00612663 0.0079166 0.0101617 0.0129428 0.0163491 0.0204763 0.0254257 0.0313007 0.0382052 0.0462391 0.0554958 0.0660575 0.0779918 0.0913476 0.106152 0.122406 0.140086 0.159136 0.179473 0.200986 0.223536 0.24696 0.271075 0.295681 0.320566 0.345512 0.370299 0.394711 0.41854 0.441588 0.463675 0.484636 0.504324 0.522614 0.539399 0.554591 0.568118 0.579924 0.589967 0.598215 0.604646 0.609244 0.612001 0.612909 0.611968 0.609179 0.604546 0.598079 0.589794 0.579711 0.567864 0.554295 0.53906 0.522232 0.5039 0.484173 0.463178 0.441063 0.417992 0.39415 0.369735 0.344954 0.320026 0.295169 0.270602 0.246535 0.223167 0.200679 0.179232 0.158964 0.139982 0.122369 0.106176 0.0914279 0.0781207 0.0662268 0.0556967 0.0464628 0.038443 0.0315447 0.0256687 0.0207123 0.0165729 0.0131506 0.0103507 0.00808492 0.00627335 0.0048449 0.00373795 0.00290059 0.00229061 0.00187538 0.001632 
0.00175098 0.00182718 0.00208022 0.0025256 0.00318889 0.0041062 0.00532431 0.00690081 0.00890394 0.0114123 0.0145143 0.0183066 0.0228932 0.0283828 0.0348863 0.0425137 0.0513702 0.0615526 0.0731447 0.0862132 0.100804 0.116938 0.134608 0.153778 0.17438 0.196315 0.219454 0.243641 0.268692 0.294406 0.320566 0.346942 0.373301 0.399412 0.425048 0.449993 0.474047 0.497027 0.518769 0.539132 0.557996 0.57526 0.590846 0.604691 0.616749 0.626988 0.635383 0.64192 0.646591 0.649389 0.650312 0.64936 0.646532 0.64183 0.63526 0.626829 0.616552 0.604452 0.590563 0.574931 0.55762 0.538711 0.518303 0.49652 0.473504 0.44942 0.424454 0.398807 0.372696 0.346348 0.319995 0.293871 0.268202 0.243206 0.219082 0.196012 0.174149 0.153621 0.134523 0.116921 0.10085 0.0863148 0.0732935 0.0617395 0.0515857 0.0427485 0.0351316 0.0286306 0.0231365 0.0185396 0.0147323 0.011612 0.00908286 0.00705756 0.00545825 0.00421726 0.00327741 0.00259212 0.00212534 0.00185172 
0.00197417 0.00205981 0.00234323 0.00284152 0.00358284 0.00460688 0.00596501 0.00772025 0.00994716 0.0127313 0.0161686 0.0203635 0.0254279 0.031478 0.0386317 0.0470048 0.0567074 0.0678388 0.0804835 0.0947067 0.11055 0.128026 0.14712 0.167782 0.18993 0.213447 0.238188 0.263975 0.290608 0.317866 0.345512 0.373301 0.400988 0.428327 0.455084 0.481038 0.505985 0.529743 0.552153 0.573077 0.592404 0.610043 0.625925 0.639998 0.652228 0.662592 0.671076 0.677673 0.682382 0.685203 0.686135 0.685179 0.682333 0.677597 0.670969 0.662452 0.652052 0.639781 0.625663 0.609733 0.592045 0.572667 0.551693 0.529235 0.505433 0.480449 0.454465 0.427689 0.400342 0.372659 0.344887 0.317271 0.290056 0.263476 0.237752 0.213081 0.189639 0.167569 0.146984 0.127965 0.110558 0.0947777 0.0806088 0.0680087 0.0569121 0.0472343 0.0388762 0.0317288 0.0256772 0.0206046 0.016396 0.0129411 0.0101362 0.00788675 0.0061079 0.00472582 0.00367792 0.00291316 0.00239193 0.00208638 
0.00221035 0.00230594 0.00262124 0.00317499 0.00399799 0.00513361 0.00663787 0.00857937 0.011039 0.0141094 0.0178939 0.0225048 0.0280616 0.0346879 0.0425082 0.0516438 0.0622086 0.0743041 0.0880146 0.103403 0.120504 0.139325 0.159837 0.181978 0.205651 0.230722 0.257024 0.284363 0.312517 0.341247 0.370299 0.399412 0.428327 0.456788 0.484555 0.511402 0.537124 0.561542 0.5845 0.60587 0.625549 0.643457 0.659537 0.67375 0.686072 0.696492 0.705008 0.711621 0.716336 0.71916 0.720094 0.719141 0.716298 0.711561 0.704922 0.696377 0.685923 0.673561 0.659304 0.643175 0.625215 0.605481 0.584056 0.561043 0.536574 0.510806 0.483922 0.456127 0.427648 0.39873 0.369626 0.340598 0.311906 0.283802 0.256525 0.230293 0.2053 0.181708 0.159649 0.139217 0.120472 0.103441 0.0881136 0.0744545 0.0624 0.0518656 0.04275 0.03494 0.0283154 0.0227527 0.0181298 0.0143285 0.0112377 0.00875525 0.00678948 0.00526026 0.00409956 0.00325171 0.00267351 0.00233453 
0.00245779 0.00256375 0.00291217 0.00352347 0.00443115 0.00568229 0.00733762 0.00947131 0.0121707 0.0155353 0.019676 0.0247127 0.0307723 0.0379855 0.0464829 0.0563909 0.0678265 0.0808926 0.0956725 0.112225 0.13058 0.150733 0.172646 0.196242 0.221405 0.247985 0.275796 0.304623 0.334226 0.364345 0.394711 0.425048 0.455084 0.484555 0.513214 0.540833 0.567209 0.592165 0.615554 0.637255 0.657177 0.675251 0.691435 0.705701 0.718039 0.728451 0.736944 0.743529 0.748221 0.751029 0.75196 0.751017 0.748196 0.743488 0.736882 0.728364 0.717922 0.705546 0.691237 0.675005 0.656876 0.636896 0.615135 0.591686 0.566671 0.540241 0.512575 0.483879 0.454381 0.424333 0.393997 0.363648 0.333561 0.304005 0.275237 0.247496 0.220994 0.195915 0.172405 0.150578 0.130506 0.112228 0.095743 0.0810211 0.0680023 0.0566028 0.04672 0.0382372 0.0310291 0.0249663 0.0199194 0.015763 0.0123784 0.00965612 0.00749761 0.00581644 0.00453906 0.00360519 0.00296797 0.00259435 
0.00271434 0.00283099 0.00321349 0.00388392 0.00487849 0.00624804 0.00805797 0.0103881 0.0133319 0.0169962 0.0214987 0.026967 0.0335352 0.0413405 0.0505193 0.0612022 0.0735091 0.0875433 0.103386 0.121092 0.140684 0.162147 0.18543 0.210441 0.237048 0.265082 0.294336 0.324577 0.355544 0.38696 0.41854 0.449993 0.481038 0.511402 0.540833 0.569104 0.596012 0.621388 0.645092 0.667014 0.687073 0.705217 0.721415 0.735654 0.747938 0.758281 0.766701 0.773221 0.77786 0.780636 0.781559 0.780631 0.777849 0.7732 0.766666 0.758226 0.747857 0.735539 0.721258 0.705012 0.686813 0.666693 0.644707 0.620937 0.595495 0.568525 0.540198 0.510719 0.48032 0.449253 0.417792 0.386222 0.354831 0.323905 0.29372 0.264534 0.23658 0.210058 0.185136 0.161943 0.140568 0.121058 0.103426 0.0876481 0.0736675 0.0614025 0.0507499 0.0415902 0.0337936 0.0272251 0.0217486 0.0172316 0.013548 0.0105813 0.00822597 0.0063894 0.00499254 0.0039705 0.00327273 0.00286357 
0.00297747 0.00310503 0.00352221 0.00425275 0.00533558 0.00682524 0.00879179 0.0113205 0.0145113 0.0184774 0.0233439 0.0292454 0.0363229 0.0447197 0.0545775 0.0660306 0.0792009 0.0941915 0.111081 0.129919 0.150719 0.173458 0.198069 0.224446 0.252438 0.281857 0.312479 0.344048 0.376287 0.408901 0.441588 0.474047 0.505985 0.537124 0.567209 0.596012 0.623337 0.649019 0.672929 0.694967 0.715068 0.733192 0.749322 0.763463 0.775629 0.785849 0.794152 0.800572 0.805135 0.807864 0.808774 0.807867 0.805139 0.800573 0.794146 0.785828 0.775587 0.763391 0.749212 0.733034 0.714854 0.694691 0.672584 0.648604 0.622849 0.595455 0.566586 0.536445 0.50526 0.47329 0.440815 0.408128 0.375532 0.343328 0.31181 0.281255 0.251913 0.224008 0.197723 0.173206 0.15056 0.129848 0.11109 0.0942711 0.0793402 0.0662177 0.0548001 0.0449659 0.0365816 0.0295067 0.0235992 0.0187197 0.014735 0.0115216 0.00896735 0.00697348 0.00545554 0.00434403 0.00358479 0.00313954 
0.00324432 0.00338289 0.00383497 0.00462597 0.00579747 0.00740764 0.00953113 0.0122586 0.015696 0.0199632 0.025192 0.0315238 0.0391059 0.0480877 0.0586152 0.0708262 0.0848435 0.10077 0.11868 0.138618 0.160589 0.184557 0.210443 0.238123 0.267431 0.298159 0.330063 0.362869 0.396282 0.429989 0.463675 0.497027 0.529743 0.561542 0.592165 0.621388 0.649019 0.674902 0.698917 0.720979 0.741034 0.759059 0.775051 0.789029 0.801024 0.811074 0.819224 0.825514 0.82998 0.83265 0.833542 0.832661 0.829999 0.825538 0.819247 0.81109 0.801023 0.789003 0.774989 0.758951 0.740871 0.720752 0.698619 0.674529 0.648568 0.620859 0.591563 0.560873 0.529019 0.496261 0.462883 0.429188 0.395491 0.362107 0.329348 0.297506 0.266855 0.237633 0.210047 0.184258 0.160386 0.138509 0.118657 0.100823 0.0849628 0.0709988 0.0588285 0.0483292 0.0393638 0.0317872 0.0254518 0.0202115 0.0159267 0.0124669 0.00971377 0.00756239 0.00592303 0.00472174 0.00390076 0.00341926 
0.00351172 0.00366127 0.00414808 0.00499918 0.00625872 0.00798845 0.0102674 0.0131916 0.0168726 0.0214366 0.027022 0.0337765 0.0418535 0.0514075 0.0625887 0.0755373 0.0903771 0.107209 0.126105 0.1471 0.170192 0.195334 0.222432 0.251346 0.281892 0.313843 0.346938 0.380883 0.415366 0.45006 0.484636 0.518769 0.552153 0.5845 0.615554 0.645092 0.672929 0.698917 0.722949 0.744951 0.764887 0.782744 0.798539 0.812302 0.824081 0.833925 0.841891 0.848028 0.852381 0.854983 0.855854 0.855001 0.852416 0.848076 0.841945 0.833978 0.824122 0.812323 0.798527 0.78269 0.764778 0.744778 0.722702 0.698591 0.672519 0.644598 0.614978 0.583849 0.551437 0.518001 0.483831 0.449238 0.414546 0.380084 0.34618 0.313144 0.281266 0.250807 0.221987 0.194989 0.169948 0.146954 0.126049 0.107236 0.0904755 0.0756946 0.0627917 0.0516432 0.0421094 0.0340412 0.0272853 0.0216901 0.0171094 0.0134065 0.0104566 0.00814928 0.00638958 0.0050992 0.00421693 0.00369942 
