0.000235437 0.000239863 0.000255523 0.000282857 0.000322549 0.000375559 0.000443113 0.000526697 0.000628046 0.000749126 0.000892115 0.00105938 0.00125343 0.00147692 0.00173256 0.00202309 0.00235121 0.00271956 0.00313058 0.0035865 0.00408926 0.00464038 0.00524097 0.00589157 0.00659215 0.00734199 0.00813968 0.00898303 0.00986908 0.010794 0.0117533 0.0127415 0.0137524 0.0147793 0.0158145 0.01685 0.0178773 0.0188874 0.0198712 0.0208194 0.0217229 0.0225727 0.0233599 0.0240765 0.0247148 0.0252679 0.0257296 0.0260951 0.02636 0.0265216 0.026578 0.0265285 0.0263737 0.0261155 0.0257568 0.0253015 0.0247547 0.0241226 0.0234118 0.0226301 0.0217855 0.0208869 0.0199431 0.0189633 0.0179567 0.0169325 0.0158995 0.0148663 0.013841 0.012831 0.0118432 0.0108838 0.00995815 0.00907094 0.00822594 0.00742616 0.00667381 0.00597035 0.00531654 0.00471246 0.00415761 0.00365096 0.003191 0.00277586 0.00240337 0.0020711 0.00177648 0.00151683 0.00128944 0.00109161 0.000920725 0.000774278 0.000649906 0.000545432 0.000458882 0.000388513 0.000332822 0.000290562 0.000260753 0.00024272 
0.000239863 0.000244383 0.000260352 0.000288221 0.000328686 0.000382725 0.000451588 0.000536788 0.000640093 0.000763503 0.000909238 0.0010797 0.00127746 0.00150521 0.00176569 0.00206171 0.00239601 0.00277125 0.00318994 0.00365433 0.00416637 0.00472763 0.00533919 0.00600162 0.00671485 0.00747817 0.00829011 0.00914844 0.0100501 0.0109913 0.0119673 0.0129726 0.014001 0.0150454 0.0160983 0.0171513 0.0181959 0.0192229 0.0202231 0.021187 0.0221054 0.0229691 0.0237693 0.0244975 0.0251461 0.0257081 0.0261774 0.0265486 0.0268178 0.026982 0.0270392 0.0269888 0.0268315 0.0265691 0.0262045 0.0257417 0.025186 0.0245435 0.0238211 0.0230265 0.022168 0.0212545 0.0202949 0.0192988 0.0182754 0.0172339 0.0161834 0.0151326 0.0140897 0.0130624 0.0120575 0.0110814 0.0101396 0.00923677 0.00837683 0.00756282 0.00679701 0.00608091 0.00541528 0.00480023 0.00423526 0.00371931 0.00325088 0.00282806 0.00244865 0.00211019 0.00181005 0.00154552 0.00131385 0.00111228 0.000938167 0.000788942 0.000662208 0.000555746 0.000467548 0.000395838 0.000339086 0.000296023 0.000265649 0.000247276 
0.000255523 0.000260352 0.000277347 0.000306984 0.000349999 0.000407423 0.000480577 0.000571057 0.000680725 0.000811693 0.000966294 0.00114706 0.00135669 0.001598 0.0018739 0.00218729 0.00254106 0.00293799 0.00338068 0.00387148 0.00441241 0.00500506 0.00565056 0.00634944 0.0071016 0.00790623 0.00876175 0.00966577 0.0106151 0.0116055 0.0126323 0.0136894 0.0147704 0.0158679 0.0169738 0.0180796 0.019176 0.0202538 0.0213031 0.0223141 0.023277 0.0241824 0.025021 0.0257841 0.0264636 0.0270522 0.0275436 0.0279323 0.0282141 0.0283858 0.0284455 0.0283926 0.0282277 0.0279526 0.0275705 0.0270856 0.0265033 0.0258298 0.0250726 0.0242396 0.0233395 0.0223814 0.0213749 0.0203297 0.0192556 0.0181623 0.0170593 0.0159555 0.0148597 0.0137798 0.0127232 0.0116965 0.0107055 0.00975523 0.00884968 0.00799218 0.00718514 0.00643017 0.00572814 0.00507919 0.00448283 0.00393799 0.00344314 0.00299629 0.00259514 0.00223715 0.00191958 0.00163957 0.00139424 0.00118072 0.000996211 0.000838025 0.000703637 0.000590712 0.000497137 0.000421038 0.000360803 0.000315094 0.000282856 0.000263364 
0.000282857 0.000288221 0.000306984 0.000339665 0.000387067 0.000450313 0.000530839 0.000630384 0.00075097 0.000894888 0.00106467 0.00126306 0.00149297 0.00175744 0.00205961 0.0024026 0.00278951 0.00322331 0.00370677 0.00424238 0.00483228 0.00547812 0.00618105 0.00694156 0.00775949 0.00863386 0.0095629 0.010544 0.0115735 0.0126469 0.013759 0.0149032 0.0160726 0.0172592 0.0184542 0.0196484 0.020832 0.0219948 0.0231263 0.0242161 0.0252537 0.0262288 0.0271317 0.027953 0.0286841 0.0293173 0.0298457 0.0302636 0.0305664 0.0307507 0.0308147 0.0307575 0.0305798 0.0302836 0.0298723 0.0293503 0.0287234 0.0279983 0.0271828 0.0262855 0.0253157 0.0242831 0.0231979 0.0220706 0.0209116 0.0197314 0.0185401 0.0173474 0.0161627 0.0149946 0.0138511 0.0127393 0.0116655 0.0106352 0.00965277 0.0087219 0.00784524 0.00702462 0.00626103 0.00555471 0.00490519 0.0043114 0.00377171 0.00328404 0.00284597 0.00245476 0.00210748 0.00180108 0.00153246 0.00129852 0.00109624 0.000922716 0.000775218 0.000651213 0.00054841 0.000464773 0.000398553 0.000348295 0.000312851 0.000291433 
0.000322549 0.000328686 0.000349999 0.000387067 0.000440787 0.000512414 0.00060355 0.000716131 0.000852408 0.00101493 0.0012065 0.00143016 0.00168914 0.00198679 0.00232656 0.00271189 0.00314616 0.00363262 0.00417427 0.0047738 0.00543349 0.00615508 0.00693974 0.00778793 0.00869934 0.00967278 0.0107062 0.0117965 0.0129398 0.0141308 0.0153637 0.0166313 0.0179258 0.0192383 0.0205593 0.0218784 0.023185 0.0244677 0.0257153 0.0269162 0.028059 0.0291325 0.030126 0.0310293 0.0318331 0.032529 0.0331095 0.0335684 0.0339008 0.034103 0.0341728 0.0341095 0.0339139 0.033588 0.0331355 0.0325613 0.0318716 0.0310738 0.0301763 0.0291884 0.0281203 0.0269826 0.0257864 0.0245432 0.0232644 0.0219614 0.0206454 0.0193271 0.0180167 0.0167238 0.0154573 0.0142249 0.0130338 0.01189 0.0107986 0.00976357 0.00878804 0.0078741 0.00702297 0.00623501 0.0055098 0.00484624 0.00424261 0.00369671 0.0032059 0.00276722 0.00237747 0.00203331 0.00173134 0.00146814 0.00124038 0.00104485 0.000878529 0.000738608 0.00062254 0.000528065 0.000453234 0.000396429 0.000356371 0.000332183 
0.000375559 0.000382725 0.000407423 0.000450313 0.000512414 0.000595153 0.000700349 0.000830196 0.000987244 0.00117437 0.00139475 0.00165181 0.00194916 0.00229059 0.00267993 0.00312104 0.00361766 0.0041734 0.00479155 0.00547505 0.00622635 0.00704732 0.00793913 0.00890217 0.00993594 0.011039 0.0122089 0.013442 0.0147337 0.0160782 0.0174686 0.018897 0.0203544 0.0218309 0.0233156 0.0247972 0.0262636 0.0277023 0.0291006 0.0304457 0.0317249 0.032926 0.0340369 0.0350465 0.0359446 0.0367217 0.0373697 0.0378817 0.0382524 0.0384776 0.0385551 0.0384839 0.038265 0.0379006 0.0373948 0.036753 0.0359819 0.0350898 0.0340859 0.0329806 0.031785 0.0305109 0.0291707 0.027777 0.0263425 0.02488 0.0234018 0.02192 0.0204461 0.0189907 0.0175637 0.0161742 0.01483 0.0135381 0.0123042 0.0111331 0.0100282 0.00899211 0.00802632 0.00713135 0.00630686 0.00555173 0.00486414 0.0042417 0.00368153 0.00318037 0.00273469 0.00234077 0.0019948 0.00169299 0.00143158 0.00120698 0.00101577 0.000854791 0.000721166 0.000612338 0.000526101 0.000460621 0.000414449 0.000386589 
0.000443113 0.000451588 0.000480577 0.000530839 0.00060355 0.000700349 0.000823324 0.000974993 0.00115828 0.00137647 0.00163318 0.00193233 0.00227803 0.00267455 0.00312625 0.00363745 0.00421238 0.00485504 0.0055691 0.0063578 0.0072238 0.00816907 0.00919481 0.0103013 0.0114878 0.0127525 0.0140923 0.0155032 0.0169797 0.018515 0.0201012 0.0217292 0.0233887 0.0250685 0.0267563 0.028439 0.0301032 0.0317348 0.0333194 0.0348427 0.0362905 0.037649 0.0389049 0.0400457 0.04106 0.0419372 0.0426684 0.0432459 0.0436637 0.0439174 0.0440043 0.0439234 0.0436758 0.0432639 0.0426924 0.0419671 0.0410957 0.0400873 0.0389521 0.0377018 0.0363488 0.0349062 0.0333879 0.0318081 0.0301811 0.028521 0.026842 0.0251576 0.0234808 0.0218237 0.0201976 0.0186128 0.0170783 0.0156021 0.0141909 0.0128501 0.011584 0.0103955 0.00928654 0.00825784 0.0073092 0.00643946 0.00564671 0.00492833 0.00428115 0.00370156 0.00318561 0.00272913 0.00232782 0.00197739 0.00167359 0.00141233 0.00118973 0.00100217 0.000846372 0.000719409 0.000618755 0.000542307 0.000488405 0.000455904 
0.000526697 0.000536788 0.000571057 0.000630384 0.000716131 0.000830196 0.000974993 0.00115343 0.00136887 0.00162511 0.00192631 0.00227694 0.00268172 0.00314553 0.0036733 0.00426996 0.00494027 0.00568872 0.00651942 0.00743593 0.00844114 0.00953718 0.0107252 0.0120053 0.0133766 0.0148366 0.0163818 0.0180072 0.0197064 0.0214715 0.0232934 0.0251615 0.027064 0.0289879 0.0309193 0.0328433 0.0347446 0.0366071 0.0384148 0.0401513 0.0418007 0.0433473 0.0447764 0.0460738 0.0472267 0.0482235 0.0490539 0.0497095 0.0501836 0.0504711 0.0505691 0.0504767 0.0501947 0.0497263 0.0490763 0.0482514 0.0472603 0.0461129 0.0448211 0.0433975 0.0418563 0.0402122 0.0384809 0.0366783 0.0348205 0.0329238 0.0310039 0.0290764 0.0271559 0.0252564 0.0233908 0.0215709 0.0198072 0.0181088 0.0164836 0.014938 0.013477 0.0121041 0.0108219 0.00963116 0.00853197 0.00752315 0.00660267 0.00576767 0.00501464 0.00433955 0.00373797 0.00320518 0.00273633 0.00232651 0.0019709 0.00166479 0.00140376 0.00118364 0.00100067 0.00085147 0.000733131 0.000643225 0.000579836 0.000541642 
0.000628046 0.000640093 0.000680725 0.00075097 0.000852408 0.000987244 0.00115828 0.00136887 0.00162293 0.00192482 0.00227934 0.00269163 0.00316712 0.00371137 0.00433003 0.00502869 0.00581273 0.00668721 0.00765672 0.00872519 0.00989579 0.0111707 0.0125512 0.014037 0.0156269 0.0173178 0.0191056 0.0209841 0.0229459 0.0249817 0.027081 0.0292313 0.0314192 0.0336297 0.0358468 0.0380537 0.0402326 0.0423655 0.044434 0.0464196 0.0483044 0.0500708 0.0517019 0.053182 0.0544965 0.0556326 0.0565786 0.0573252 0.0578646 0.0581915 0.0583025 0.0581965 0.0578747 0.0573403 0.0565988 0.0556579 0.0545272 0.0532179 0.0517431 0.0501173 0.0483564 0.0464769 0.0444966 0.0424333 0.0403055 0.0381315 0.0359294 0.0337166 0.0315101 0.0293259 0.0271787 0.0250821 0.0230483 0.021088 0.0192103 0.0174228 0.0157314 0.0141405 0.012653 0.0112702 0.00999241 0.00881843 0.00774611 0.00677235 0.00589328 0.00510437 0.00440063 0.00377674 0.00322716 0.00274632 0.00232867 0.00196885 0.00166174 0.00140257 0.00118697 0.00101107 0.000871477 0.000765396 0.000690604 0.00064557 
0.000749126 0.000763503 0.000811693 0.000894888 0.00101493 0.00117437 0.00137647 0.00162511 0.00192482 0.00228063 0.00269809 0.0031831 0.00374189 0.00438084 0.00510638 0.00592486 0.00684237 0.00786462 0.0089967 0.010243 0.0116069 0.0130907 0.0146956 0.0164211 0.0182654 0.0202249 0.0222944 0.0244666 0.0267328 0.0290822 0.0315023 0.0339789 0.0364963 0.0390375 0.041584 0.0441165 0.0466149 0.0490586 0.0514267 0.0536985 0.0558534 0.0578716 0.0597343 0.0614236 0.0629232 0.0642186 0.0652968 0.0661474 0.0667617 0.0671336 0.0672594 0.0671379 0.0667703 0.0661604 0.0653144 0.0642407 0.06295 0.0614552 0.0597709 0.0579134 0.0559004 0.0537508 0.0514845 0.0491218 0.0466835 0.0441904 0.0416631 0.0391215 0.0365851 0.0340719 0.0315992 0.0291826 0.0268361 0.0245722 0.0224016 0.0203331 0.0183738 0.0165291 0.0148024 0.0131958 0.0117095 0.0103425 0.00909258 0.00795637 0.00692957 0.00600713 0.00518344 0.00445246 0.00380792 0.00324345 0.0027527 0.00232952 0.00196802 0.00166272 0.00140856 0.00120107 0.00103633 0.000911108 0.000822818 0.00076969 
0.000892115 0.000909238 0.000966294 0.00106467 0.0012065 0.00139475 0.00163318 0.00192631 0.00227934 0.00269809 0.00318893 0.00375866 0.0044144 0.00516344 0.00601311 0.00697061 0.00804283 0.00923614 0.0105562 0.0120079 0.0135949 0.0153195 0.0171828 0.019184 0.0213206 0.0235882 0.0259806 0.0284891 0.0311035 0.033811 0.0365973 0.0394459 0.0423387 0.045256 0.0481769 0.0510792 0.0539401 0.0567361 0.0594437 0.0620392 0.0644995 0.0668024 0.0689266 0.070852 0.0725605 0.0740355 0.0752629 0.0762306 0.0769291 0.0773517 0.0774942 0.0773552 0.076936 0.076241 0.075277 0.0740535 0.0725825 0.0708784 0.0689575 0.0668381 0.0645402 0.0620851 0.059495 0.0567931 0.0540027 0.0511476 0.0482509 0.0453356 0.0424237 0.039536 0.0366922 0.0339102 0.0312065 0.0285954 0.0260893 0.0236989 0.0214323 0.019296 0.0172944 0.0154299 0.0137034 0.0121138 0.0106588 0.00933476 0.008137 0.00705987 0.00609707 0.00524179 0.0044869 0.00382515 0.0032493 0.00275229 0.00232738 0.00196823 0.00166904 0.00142464 0.00123051 0.00108289 0.000978811 0.000916219 
0.00105938 0.0010797 0.00114706 0.00126306 0.00143016 0.00165181 0.00193233 0.00227694 0.00269163 0.0031831 0.00375866 0.00442609 0.00519352 0.00606926 0.00706164 0.00817878 0.00942845 0.0108178 0.012353 0.0140395 0.0158811 0.0178804 0.0200379 0.0223527 0.0248215 0.0274389 0.0301973 0.0330867 0.0360947 0.0392069 0.0424063 0.0456742 0.0489895 0.0523299 0.0556714 0.0589888 0.0622561 0.0654467 0.0685341 0.0714916 0.0742933 0.076914 0.0793299 0.0815186 0.0834597 0.0851349 0.0865282 0.0876263 0.0884186 0.0888975 0.0890585 0.0888999 0.0884234 0.0876336 0.0865382 0.0851479 0.0834759 0.0815384 0.0793536 0.076942 0.074326 0.0715294 0.0685772 0.0654956 0.0623108 0.0590496 0.0557385 0.0524032 0.049069 0.0457596 0.0424975 0.0393034 0.036196 0.0331922 0.0303065 0.027551 0.0249356 0.0224681 0.0201538 0.0179958 0.0159953 0.0141515 0.0124622 0.0109233 0.00952977 0.00827528 0.00715282 0.00615471 0.0052729 0.00449915 0.00382522 0.00324305 0.00274491 0.00232355 0.00197229 0.00168518 0.00145702 0.00128347 0.00116111 0.00108756 
0.00125343 0.00127746 0.00135669 0.00149297 0.00168914 0.00194916 0.00227803 0.00268172 0.00316712 0.00374189 0.0044144 0.00519352 0.00608851 0.00710879 0.00826377 0.00956262 0.011014 0.0126259 0.0144052 0.0163576 0.0184873 0.0207968 0.0232866 0.0259548 0.0287975 0.0318081 0.0349774 0.0382938 0.0417429 0.0453077 0.0489688 0.0527044 0.0564908 0.0603022 0.0641113 0.0678897 0.071608 0.0752361 0.0787441 0.0821022 0.0852811 0.0882528 0.0909907 0.0934699 0.0956675 0.0975631 0.0991392 0.100381 0.101276 0.101817 0.101998 0.101818 0.101278 0.100384 0.0991442 0.0975701 0.0956767 0.0934818 0.0910058 0.0882716 0.0853041 0.0821298 0.078777 0.0752748 0.0716527 0.0679409 0.0641693 0.060367 0.0565625 0.0527831 0.0490541 0.0453995 0.0418407 0.0383971 0.0350855 0.0319202 0.0289129 0.0260725 0.0234057 0.0209165 0.0186066 0.0164754 0.0145207 0.0127383 0.0111225 0.00966646 0.00836236 0.00720158 0.00617506 0.00527349 0.00448751 0.00380795 0.003226 0.00273336 0.00232241 0.00198631 0.00171909 0.00151577 0.00137241 0.00128629 
0.00147692 0.00150521 0.001598 0.00175744 0.00198679 0.00229059 0.00267455 0.00314553 0.00371137 0.00438084 0.00516344 0.00606926 0.00710879 0.00829267 0.00963149 0.0111355 0.0128144 0.014677 0.0167308 0.018982 0.0214351 0.0240922 0.0269537 0.0300169 0.033277 0.0367259 0.0403528 0.0441439 0.0480826 0.0521493 0.0563215 0.0605746 0.0648812 0.0692122 0.0735367 0.0778225 0.0820365 0.0861451 0.0901145 0.0939115 0.0975035 0.100859 0.103949 0.106745 0.109223 0.111359 0.113134 0.114533 0.11554 0.116149 0.116352 0.116148 0.11554 0.114532 0.113134 0.111359 0.109224 0.106748 0.103954 0.100867 0.0975148 0.093927 0.090135 0.0861712 0.0820689 0.0778617 0.073583 0.0692661 0.0649428 0.0606441 0.0563988 0.0522342 0.0481748 0.0442429 0.0404579 0.0368364 0.0333921 0.0301357 0.0270751 0.0242152 0.0215586 0.0191051 0.0168523 0.0147959 0.0129299 0.0112466 0.00973752 0.00839293 0.00720272 0.00615639 0.00524338 0.00445331 0.00377616 0.00320251 0.00272364 0.00233176 0.00202005 0.00178281 0.00161552 0.00151507 
0.00173256 0.00176569 0.0018739 0.00205961 0.00232656 0.00267993 0.00312625 0.0036733 0.00433003 0.00510638 0.00601311 0.00706164 0.00826377 0.00963149 0.0111766 0.0129107 0.0148443 0.0169871 0.0193475 0.0219319 0.024745 0.0277889 0.0310631 0.0345646 0.0382868 0.0422205 0.0463527 0.0506675 0.0551455 0.0597641 0.0644979 0.0693184 0.074195 0.0790944 0.083982 0.0888215 0.0935758 0.0982074 0.102679 0.106952 0.110993 0.114765 0.118236 0.121376 0.124156 0.126552 0.128543 0.13011 0.131239 0.13192 0.132147 0.131918 0.131235 0.130104 0.128535 0.126544 0.124147 0.121367 0.118229 0.11476 0.11099 0.106954 0.102684 0.0982186 0.0935933 0.088846 0.0840141 0.0791347 0.0742438 0.0693761 0.0645645 0.0598396 0.0552296 0.0507599 0.0464527 0.0423274 0.0383999 0.0346827 0.0311853 0.0279139 0.0248718 0.0220593 0.0194742 0.017112 0.0149663 0.0130288 0.01129 0.00973923 0.00836517 0.00715608 0.00610009 0.0051855 0.00440099 0.00373588 0.00318029 0.00272536 0.00236332 0.0020877 0.00189334 0.00177667 
0.00202309 0.00206171 0.00218729 0.0024026 0.00271189 0.00312104 0.00363745 0.00426996 0.00502869 0.00592486 0.00697061 0.00817878 0.00956262 0.0111355 0.0129107 0.0149007 0.0171175 0.0195716 0.0222719 0.0252254 0.0284366 0.0319074 0.0356369 0.0396208 0.0438513 0.0483172 0.0530034 0.0578914 0.0629589 0.0681801 0.0735259 0.0789642 0.0844601 0.0899765 0.0954744 0.100913 0.106252 0.111448 0.11646 0.121248 0.12577 0.12999 0.133871 0.137379 0.140484 0.143159 0.14538 0.147127 0.148386 0.149145 0.149398 0.149141 0.148378 0.147116 0.145365 0.143141 0.140464 0.137358 0.13385 0.12997 0.125752 0.121232 0.116449 0.111442 0.106252 0.10092 0.0954895 0.0900003 0.0844933 0.0790072 0.073579 0.0682434 0.0630323 0.0579747 0.0530959 0.0484183 0.0439601 0.0397364 0.0357582 0.0320331 0.0285653 0.0253559 0.0224029 0.0197018 0.0172456 0.0150256 0.0130311 0.0112506 0.00967143 0.00828058 0.00706474 0.00601079 0.00510601 0.00433834 0.00369666 0.00317091 0.00275233 0.00243356 0.00220875 0.00207388 
0.00235121 0.00239601 0.00254106 0.00278951 0.00314616 0.00361766 0.00421238 0.00494027 0.00581273 0.00684237 0.00804283 0.00942845 0.011014 0.0128144 0.0148443 0.0171175 0.0196472 0.0224445 0.0255193 0.0288786 0.0325271 0.0364663 0.0406943 0.0452058 0.0499912 0.0550373 0.0603267 0.0658378 0.071545 0.0774191 0.0834271 0.0895328 0.0956969 0.101878 0.108032 0.114115 0.12008 0.125881 0.131472 0.136809 0.141846 0.146543 0.15086 0.15476 0.15821 0.161181 0.163647 0.165587 0.166984 0.167825 0.168104 0.167819 0.166971 0.165569 0.163624 0.161154 0.158179 0.154726 0.150824 0.146506 0.14181 0.136775 0.131442 0.125855 0.12006 0.114102 0.108027 0.101882 0.0957114 0.0895581 0.0834637 0.0774673 0.0716048 0.065909 0.060409 0.05513 0.0500935 0.0453166 0.0408126 0.0365907 0.0326562 0.029011 0.0256534 0.022579 0.0197805 0.0172484 0.0149713 0.0129365 0.0111301 0.00953752 0.00814411 0.00693519 0.00589652 0.0050146 0.00427691 0.00367215 0.00319043 0.00282346 0.00256465 0.00240943 
0.00271956 0.00277125 0.00293799 0.00322331 0.00363262 0.0041734 0.00485504 0.00568872 0.00668721 0.00786462 0.00923614 0.0108178 0.0126259 0.014677 0.0169871 0.0195716 0.0224445 0.0256182 0.0291027 0.0329055 0.0370312 0.0414807 0.0462511 0.0513356 0.056723 0.0623975 0.0683389 0.0745225 0.0809193 0.087496 0.0942154 0.101037 0.107917 0.114808 0.121664 0.128433 0.135065 0.141509 0.147715 0.153633 0.159216 0.164417 0.169195 0.173509 0.177324 0.180607 0.183331 0.185472 0.187014 0.187942 0.18825 0.187934 0.186997 0.185447 0.183298 0.180568 0.177279 0.17346 0.169142 0.164362 0.15916 0.153578 0.147662 0.14146 0.135021 0.128396 0.121636 0.11479 0.107909 0.101041 0.0942323 0.0875258 0.0809624 0.0745788 0.068408 0.062479 0.0568161 0.0514394 0.0463642 0.0416018 0.0371589 0.0330382 0.0292386 0.0257558 0.0225822 0.0197078 0.0171202 0.0148057 0.0127489 0.0109339 0.00934448 0.0079643 0.00677752 0.00576908 0.00492499 0.0042326 0.00368083 0.00326036 0.00296378 0.00278598 
0.00313058 0.00318994 0.00338068 0.00370677 0.00417427 0.00479155 0.0055691 0.00651942 0.00765672 0.0089967 0.0105562 0.012353 0.0144052 0.0167308 0.0193475 0.0222719 0.0255193 0.0291027 0.0330328 0.0373173 0.0419604 0.0469623 0.0523191 0.058022 0.0640579 0.0704083 0.07705 0.0839548 0.0910896 0.0984171 0.105896 0.113479 0.12112 0.128766 0.136364 0.14386 0.151197 0.158319 0.165173 0.171703 0.177859 0.18359 0.188851 0.193599 0.197795 0.201404 0.204397 0.20675 0.208442 0.209461 0.209798 0.20945 0.208421 0.206718 0.204355 0.201353 0.197736 0.193534 0.188781 0.183516 0.177782 0.171626 0.165096 0.158246 0.151128 0.143798 0.136311 0.128723 0.121088 0.11346 0.10589 0.0984255 0.0911128 0.0839929 0.077103 0.0704757 0.064139 0.058116 0.0524245 0.047078 0.0420846 0.0374484 0.033169 0.0292421 0.0256601 0.0224124 0.0194859 0.0168655 0.0145347 0.012476 0.0106714 0.00910313 0.00775349 0.00660582 0.00564453 0.00485554 0.00422649 0.00374698 0.00340874 0.00320603 
0.0035865 0.00365433 0.00387148 0.00424238 0.0047738 0.00547505 0.0063578 0.00743593 0.00872519 0.010243 0.0120079 0.0140395 0.0163576 0.018982 0.0219319 0.0252254 0.0288786 0.0329055 0.0373173 0.0421217 0.0473222 0.0529185 0.0589049 0.0652711 0.0720012 0.079074 0.0864628 0.0941357 0.102055 0.11018 0.118462 0.126853 0.135297 0.143739 0.152119 0.160377 0.168453 0.176286 0.183817 0.190987 0.19774 0.204023 0.209786 0.214984 0.219575 0.223523 0.226795 0.229367 0.231216 0.232329 0.232696 0.232315 0.231189 0.229327 0.226743 0.22346 0.219502 0.214902 0.209696 0.203927 0.19764 0.190885 0.183715 0.176186 0.168357 0.160287 0.152037 0.143667 0.135237 0.126806 0.11843 0.110163 0.102055 0.0941525 0.0864965 0.0791242 0.0720674 0.0653524 0.0590001 0.0530262 0.0474408 0.0422492 0.0374519 0.0330452 0.0290212 0.025369 0.0220746 0.0191219 0.016493 0.0141688 0.0121297 0.0103559 0.00882831 0.0075283 0.00643868 0.00554385 0.00483008 0.00428581 0.00390184 0.00367181 
0.00408926 0.00416637 0.00441241 0.00483228 0.00543349 0.00622635 0.0072238 0.00844114 0.00989579 0.0116069 0.0135949 0.0158811 0.0184873 0.0214351 0.024745 0.0284366 0.0325271 0.0370312 0.0419604 0.0473222 0.0531198 0.0593514 0.06601 0.0730828 0.0805514 0.0883914 0.0965722 0.105058 0.113806 0.122771 0.1319 0.141138 0.150425 0.159699 0.168896 0.17795 0.186796 0.195368 0.203601 0.211434 0.218805 0.225658 0.23194 0.237602 0.2426 0.246896 0.250455 0.253251 0.255261 0.25647 0.256869 0.256454 0.255229 0.253203 0.250393 0.24682 0.242511 0.237502 0.23183 0.22554 0.218681 0.211306 0.203472 0.195239 0.18667 0.17783 0.168783 0.159596 0.150334 0.141061 0.131839 0.122727 0.11378 0.10505 0.0965834 0.0884214 0.0805998 0.0731487 0.0660923 0.0594486 0.0532303 0.047444 0.0420915 0.0371693 0.03267 0.0285821 0.0248909 0.0215793 0.0186279 0.0160161 0.0137227 0.0117261 0.010005 0.00853936 0.00731006 0.00629993 0.00549381 0.00487893 0.0044451 0.00418527 
0.00464038 0.00472763 0.00500506 0.00547812 0.00615508 0.00704732 0.00816907 0.00953718 0.0111707 0.0130907 0.0153195 0.0178804 0.0207968 0.0240922 0.0277889 0.0319074 0.0364663 0.0414807 0.0469623 0.0529185 0.0593514 0.0662581 0.0736296 0.0814508 0.0897 0.0983494 0.107364 0.116705 0.126323 0.136168 0.146182 0.156303 0.166468 0.176607 0.186652 0.19653 0.206172 0.215506 0.224464 0.232977 0.240983 0.248421 0.255234 0.261371 0.266785 0.271435 0.275287 0.278311 0.280485 0.281792 0.282223 0.281773 0.280448 0.278256 0.275214 0.271346 0.26668 0.261252 0.255103 0.24828 0.240834 0.232822 0.224305 0.215347 0.206015 0.196378 0.186506 0.176471 0.166344 0.156194 0.146089 0.136093 0.126267 0.116669 0.10735 0.098356 0.0897274 0.0814982 0.0736961 0.0663422 0.0594513 0.0530322 0.0470878 0.0416154 0.0366079 0.0320534 0.0279368 0.0242398 0.0209417 0.0180204 0.0154529 0.0132157 0.0112858 0.00964102 0.00826057 0.00712559 0.00621941 0.00552798 0.00504009 0.00474797 
0.00524097 0.00533919 0.00565056 0.00618105 0.00693974 0.00793913 0.00919481 0.0107252 0.0125512 0.0146956 0.0171828 0.0200379 0.0232866 0.0269537 0.0310631 0.0356369 0.0406943 0.0462511 0.0523191 0.0589049 0.06601 0.0736296 0.0817527 0.0903613 0.0994306 0.108929 0.118817 0.129049 0.139575 0.150335 0.161268 0.172306 0.183378 0.194411 0.205329 0.216055 0.226513 0.236628 0.246326 0.255535 0.264187 0.272219 0.279571 0.28619 0.292025 0.297035 0.301183 0.304438 0.306777 0.308183 0.308645 0.308161 0.306734 0.304374 0.301099 0.296932 0.291905 0.286053 0.27942 0.272055 0.264012 0.255352 0.246138 0.236438 0.226323 0.215868 0.205148 0.19424 0.183219 0.172161 0.16114 0.150227 0.139487 0.128983 0.118774 0.108909 0.0994341 0.0903875 0.0818006 0.0736978 0.0660968 0.0590083 0.0524367 0.0463805 0.0408328 0.0357818 0.0312117 0.0271033 0.0234348 0.0201823 0.0173211 0.0148259 0.0126717 0.0108344 0.00929135 0.00802195 0.00700799 0.00623407 0.0056879 0.00536098 
0.00589157 0.00600162 0.00634944 0.00694156 0.00778793 0.00890217 0.0103013 0.0120053 0.014037 0.0164211 0.019184 0.0223527 0.0259548 0.0300169 0.0345646 0.0396208 0.0452058 0.0513356 0.058022 0.0652711 0.0730828 0.0814508 0.0903613 0.0997935 0.109719 0.120101 0.130897 0.142056 0.153521 0.165228 0.177109 0.18909 0.201095 0.213043 0.224854 0.236446 0.247736 0.258644 0.269093 0.279006 0.288312 0.296944 0.30484 0.311943 0.318201 0.323572 0.328016 0.331503 0.334007 0.335512 0.336007 0.335488 0.333959 0.331432 0.327922 0.323456 0.318065 0.311788 0.304668 0.296757 0.288112 0.278796 0.268875 0.258422 0.247512 0.236224 0.224637 0.212835 0.200898 0.188908 0.176944 0.165083 0.153398 0.141957 0.130823 0.120052 0.109695 0.0997954 0.0903878 0.0815004 0.073154 0.0653616 0.0581296 0.0514576 0.0453393 0.0397629 0.0347124 0.0301675 0.0261053 0.0225005 0.0193265 0.0165562 0.0141625 0.0121195 0.0104026 0.00898935 0.00785996 0.00699766 0.00638905 0.00602485 
0.00659215 0.00671485 0.0071016 0.00775949 0.00869934 0.00993594 0.0114878 0.0133766 0.0156269 0.0182654 0.0213206 0.0248215 0.0287975 0.033277 0.0382868 0.0438513 0.0499912 0.056723 0.0640579 0.0720012 0.0805514 0.0897 0.0994306 0.109719 0.120532 0.13183 0.143564 0.155679 0.16811 0.180789 0.193641 0.206587 0.219543 0.232424 0.245142 0.257611 0.269742 0.281452 0.292657 0.303277 0.313239 0.322472 0.330911 0.338497 0.345177 0.350907 0.355646 0.359362 0.362031 0.363634 0.364161 0.363607 0.361978 0.359284 0.355542 0.350779 0.345026 0.338324 0.330719 0.322262 0.313014 0.30304 0.292409 0.281198 0.269485 0.257353 0.244888 0.232177 0.219308 0.206366 0.193438 0.180606 0.16795 0.155544 0.143456 0.131749 0.120479 0.109694 0.0994329 0.0897285 0.0806044 0.0720765 0.0641532 0.0568354 0.0501178 0.043989 0.0384323 0.0334271 0.0289491 0.0249717 0.0214665 0.0184045 0.0157568 0.0134953 0.0115935 0.0100272 0.00877498 0.00781855 0.00714342 0.0067395 
0.00734199 0.00747817 0.00790623 0.00863386 0.00967278 0.011039 0.0127525 0.0148366 0.0173178 0.0202249 0.0235882 0.0274389 0.0318081 0.0367259 0.0422205 0.0483172 0.0550373 0.0623975 0.0704083 0.079074 0.0883914 0.0983494 0.108929 0.120101 0.13183 0.14407 0.156768 0.169861 0.183281 0.196952 0.210793 0.224718 0.238638 0.252461 0.266094 0.279445 0.292422 0.304934 0.316894 0.328221 0.338835 0.348664 0.357641 0.365705 0.372802 0.378886 0.383915 0.387858 0.390688 0.392388 0.392946 0.392359 0.390631 0.387773 0.383802 0.378746 0.372638 0.365516 0.35743 0.348433 0.338586 0.327956 0.316618 0.304648 0.292131 0.279153 0.265804 0.252176 0.238363 0.224457 0.210549 0.196729 0.183082 0.169688 0.156623 0.143955 0.131745 0.120047 0.108904 0.0983542 0.0884237 0.0791318 0.0704891 0.0624983 0.0551551 0.0484486 0.042362 0.0368741 0.0319596 0.0275904 0.0237366 0.0203673 0.0174516 0.0149594 0.0128623 0.0111341 0.00975183 0.00869575 0.00795018 0.00750421 
0.00813968 0.00829011 0.00876175 0.0095629 0.0107062 0.0122089 0.0140923 0.0163818 0.0191056 0.0222944 0.0259806 0.0301973 0.0349774 0.0403528 0.0463527 0.0530034 0.0603267 0.0683389 0.07705 0.0864628 0.0965722 0.107364 0.118817 0.130897 0.143564 0.156768 0.170448 0.184538 0.198962 0.213638 0.228479 0.243392 0.258282 0.273052 0.287602 0.301834 0.315652 0.328961 0.341671 0.353696 0.364954 0.37537 0.384876 0.393409 0.400915 0.407344 0.412657 0.41682 0.419808 0.421602 0.422191 0.421572 0.419747 0.416729 0.412536 0.407195 0.400738 0.393206 0.384648 0.375119 0.364682 0.353406 0.341367 0.328645 0.315328 0.301506 0.287274 0.272729 0.257968 0.243091 0.228194 0.213374 0.198722 0.184325 0.170265 0.156616 0.143445 0.130811 0.118763 0.107343 0.0965816 0.0865008 0.077114 0.0684261 0.0604338 0.0531269 0.0464888 0.0404978 0.0351276 0.0303491 0.0261305 0.0224393 0.0192425 0.0165081 0.0142058 0.0123075 0.0107884 0.00962744 0.00880772 0.0083175 
0.00898303 0.00914844 0.00966577 0.010544 0.0117965 0.013442 0.0155032 0.0180072 0.0209841 0.0244666 0.0284891 0.0330867 0.0382938 0.0441439 0.0506675 0.0578914 0.0658378 0.0745225 0.0839548 0.0941357 0.105058 0.116705 0.129049 0.142056 0.155679 0.169861 0.184538 0.199636 0.215074 0.230762 0.246607 0.26251 0.27837 0.294082 0.309544 0.32465 0.339301 0.353396 0.366844 0.379553 0.391442 0.402432 0.412453 0.421442 0.429343 0.436108 0.441695 0.446072 0.449212 0.451097 0.451716 0.451065 0.449148 0.445976 0.441568 0.43595 0.429155 0.421226 0.412209 0.402163 0.39115 0.379241 0.366514 0.353052 0.338946 0.324289 0.30918 0.293722 0.278016 0.262168 0.246281 0.230456 0.214792 0.199383 0.184315 0.169671 0.155523 0.141936 0.128965 0.116655 0.105042 0.0941517 0.0840001 0.0745941 0.0659323 0.0580052 0.0507965 0.0442842 0.0384414 0.0332376 0.0286397 0.0246132 0.0211235 0.0181365 0.0156198 0.0135437 0.0118816 0.0106109 0.00971364 0.00917712 
0.00986908 0.0100501 0.0106151 0.0115735 0.0129398 0.0147337 0.0169797 0.0197064 0.0229459 0.0267328 0.0311035 0.0360947 0.0417429 0.0480826 0.0551455 0.0629589 0.071545 0.0809193 0.0910896 0.102055 0.113806 0.126323 0.139575 0.153521 0.16811 0.183281 0.198962 0.215074 0.231527 0.248228 0.265075 0.281964 0.298786 0.315432 0.331793 0.34776 0.363227 0.378093 0.39226 0.405636 0.418137 0.429682 0.440201 0.449629 0.457911 0.464998 0.470848 0.475429 0.478714 0.480686 0.481334 0.480653 0.478648 0.475329 0.470715 0.464833 0.457715 0.449402 0.439944 0.429397 0.417826 0.405303 0.391906 0.377722 0.362843 0.347367 0.331395 0.315035 0.298394 0.281582 0.264708 0.247881 0.231204 0.214778 0.198698 0.183051 0.167917 0.153365 0.139457 0.126243 0.113764 0.102047 0.0911143 0.0809735 0.0716252 0.0630613 0.0552659 0.0482168 0.0418866 0.0362437 0.0312536 0.0268802 0.023087 0.019838 0.017099 0.0148382 0.0130274 0.0116427 0.0106647 0.01008 
0.010794 0.0109913 0.0116055 0.0126469 0.0141308 0.0160782 0.018515 0.0214715 0.0249817 0.0290822 0.033811 0.0392069 0.0453077 0.0521493 0.0597641 0.0681801 0.0774191 0.087496 0.0984171 0.11018 0.122771 0.136168 0.150335 0.165228 0.180789 0.196952 0.213638 0.230762 0.248228 0.265935 0.283775 0.301638 0.319409 0.336973 0.354215 0.371022 0.387286 0.402899 0.417763 0.431783 0.444872 0.45695 0.467945 0.477793 0.486438 0.49383 0.49993 0.504704 0.508127 0.510182 0.510856 0.510148 0.508059 0.504602 0.499793 0.49366 0.486234 0.477558 0.467678 0.456653 0.444547 0.431432 0.417388 0.402505 0.386875 0.3706 0.353785 0.33654 0.318979 0.301217 0.283368 0.265546 0.247863 0.230425 0.213333 0.196682 0.180557 0.165036 0.150184 0.136057 0.1227 0.110146 0.0984194 0.087531 0.0774834 0.0682695 0.0598744 0.052276 0.0454462 0.0393527 0.0339597 0.0292296 0.0251239 0.0216049 0.0186364 0.016185 0.0142207 0.0127182 0.0116568 0.0110224 
0.0117533 0.0119673 0.0126323 0.013759 0.0153637 0.0174686 0.0201012 0.0232934 0.027081 0.0315023 0.0365973 0.0424063 0.0489688 0.0563215 0.0644979 0.0735259 0.0834271 0.0942154 0.105896 0.118462 0.1319 0.146182 0.161268 0.177109 0.193641 0.210793 0.228479 0.246607 0.265075 0.283775 0.302594 0.321412 0.340112 0.358571 0.376671 0.394294 0.411326 0.42766 0.443193 0.457829 0.47148 0.484065 0.495512 0.505756 0.514743 0.522423 0.528757 0.533712 0.537265 0.539396 0.540096 0.539362 0.537195 0.533608 0.528618 0.52225 0.514535 0.505515 0.495237 0.483758 0.471142 0.457463 0.442801 0.427245 0.410892 0.393844 0.376211 0.358106 0.339647 0.320954 0.302147 0.283346 0.264669 0.246228 0.228133 0.210482 0.19337 0.176879 0.161081 0.146038 0.131799 0.118402 0.105874 0.0942298 0.0834739 0.0736009 0.0645968 0.0564395 0.049101 0.042548 0.0367436 0.0316488 0.0272234 0.0234279 0.0202243 0.0175773 0.0154555 0.013832 0.012685 0.0119995 
0.0127415 0.0129726 0.0136894 0.0149032 0.0166313 0.018897 0.0217292 0.0251615 0.0292313 0.0339789 0.0394459 0.0456742 0.0527044 0.0605746 0.0693184 0.0789642 0.0895328 0.101037 0.113479 0.126853 0.141138 0.156303 0.172306 0.18909 0.206587 0.224718 0.243392 0.26251 0.281964 0.301638 0.321412 0.341163 0.360765 0.380092 0.39902 0.417427 0.435198 0.452221 0.468391 0.483611 0.497793 0.510856 0.522727 0.533342 0.542648 0.550596 0.557147 0.562271 0.565943 0.568146 0.56887 0.568111 0.565874 0.562167 0.557008 0.550421 0.542438 0.533098 0.522447 0.510542 0.497446 0.483233 0.467984 0.451788 0.434743 0.416954 0.398533 0.379597 0.360268 0.34067 0.320928 0.30117 0.281517 0.262091 0.243005 0.224367 0.206276 0.188822 0.172083 0.156126 0.141005 0.126764 0.113433 0.101029 0.0895608 0.0790236 0.0694047 0.0606826 0.0528292 0.0458106 0.0395889 0.0341237 0.0293733 0.0252964 0.0218534 0.0190072 0.0167248 0.0149778 0.0137434 0.0130058 
0.0137524 0.014001 0.0147704 0.0160726 0.0179258 0.0203544 0.0233887 0.027064 0.0314192 0.0364963 0.0423387 0.0489895 0.0564908 0.0648812 0.074195 0.0844601 0.0956969 0.107917 0.12112 0.135297 0.150425 0.166468 0.183378 0.201095 0.219543 0.238638 0.258282 0.27837 0.298786 0.319409 0.340112 0.360765 0.381238 0.401399 0.421121 0.440278 0.458751 0.476426 0.493198 0.508968 0.523648 0.537156 0.549421 0.560381 0.569981 0.578175 0.584927 0.590205 0.593986 0.596255 0.597 0.596221 0.593918 0.590102 0.584789 0.578002 0.569772 0.560135 0.54914 0.536838 0.523295 0.508582 0.49278 0.475979 0.458278 0.439784 0.42061 0.400877 0.38071 0.360238 0.339592 0.318903 0.2983 0.277911 0.257855 0.238247 0.219193 0.200789 0.183119 0.166256 0.15026 0.135179 0.121048 0.107886 0.0957052 0.0845028 0.0742674 0.0649783 0.0566072 0.0491198 0.0424775 0.0366386 0.03156 0.0271988 0.0235135 0.0204656 0.0180205 0.0161484 0.0148255 0.0140351 
0.0147793 0.0150454 0.0158679 0.0172592 0.0192383 0.0218309 0.0250685 0.0289879 0.0336297 0.0390375 0.045256 0.0523299 0.0603022 0.0692122 0.0790944 0.0899765 0.101878 0.114808 0.128766 0.143739 0.159699 0.176607 0.194411 0.213043 0.232424 0.252461 0.273052 0.294082 0.315432 0.336973 0.358571 0.380092 0.401399 0.422358 0.442834 0.462701 0.481837 0.500126 0.517461 0.533744 0.548885 0.562805 0.575433 0.586708 0.596577 0.604996 0.611929 0.617347 0.621227 0.623555 0.624321 0.623522 0.621161 0.617246 0.611794 0.604826 0.596371 0.586465 0.575153 0.562487 0.54853 0.533353 0.517036 0.499669 0.481351 0.462191 0.442303 0.421812 0.400845 0.379535 0.358019 0.336432 0.31491 0.293585 0.272585 0.252031 0.232035 0.212699 0.194115 0.176361 0.159502 0.143591 0.128667 0.114754 0.101866 0.0900017 0.0791522 0.0692974 0.0604093 0.0524533 0.0453899 0.0391765 0.0337687 0.0291219 0.0251933 0.0219427 0.0193339 0.017336 0.0159239 0.0150803 
0.0158145 0.0160983 0.0169738 0.0184542 0.0205593 0.0233156 0.0267563 0.0309193 0.0358468 0.041584 0.0481769 0.0556714 0.0641113 0.0735367 0.083982 0.0954744 0.108032 0.121664 0.136364 0.152119 0.168896 0.186652 0.205329 0.224854 0.245142 0.266094 0.287602 0.309544 0.331793 0.354215 0.376671 0.39902 0.421121 0.442834 0.464024 0.484559 0.504315 0.523175 0.541033 0.557789 0.573355 0.587652 0.600611 0.612171 0.622283 0.630904 0.637999 0.643542 0.64751 0.649891 0.650675 0.649859 0.647447 0.643445 0.637869 0.630739 0.622083 0.611933 0.600335 0.587337 0.573002 0.557398 0.540604 0.522712 0.503819 0.484035 0.463476 0.442268 0.420543 0.398436 0.376089 0.353641 0.331236 0.30901 0.287098 0.265627 0.244716 0.224473 0.204997 0.186371 0.168667 0.151942 0.136238 0.121585 0.107999 0.0954813 0.0840245 0.0736093 0.0642084 0.0557871 0.0483052 0.0417192 0.0359834 0.0310521 0.0268807 0.0234277 0.0206554 0.0185318 0.0170306 0.0161339 
0.01685 0.0171513 0.0180796 0.0196484 0.0218784 0.0247972 0.028439 0.0328433 0.0380537 0.0441165 0.0510792 0.0589888 0.0678897 0.0778225 0.0888215 0.100913 0.114115 0.128433 0.14386 0.160377 0.17795 0.19653 0.216055 0.236446 0.257611 0.279445 0.301834 0.32465 0.34776 0.371022 0.394294 0.417427 0.440278 0.462701 0.484559 0.505716 0.526049 0.545438 0.563776 0.580965 0.596917 0.611555 0.624811 0.636628 0.646956 0.655756 0.662995 0.668647 0.672694 0.675121 0.675921 0.675091 0.672633 0.668556 0.662871 0.655599 0.646763 0.636398 0.624543 0.611247 0.596569 0.580576 0.563347 0.544971 0.525547 0.505183 0.483998 0.462119 0.439679 0.41682 0.393685 0.370419 0.347171 0.324082 0.301295 0.278942 0.257148 0.236029 0.215688 0.196216 0.17769 0.160171 0.143706 0.12833 0.11406 0.100902 0.0888481 0.077882 0.0679762 0.0590961 0.0512013 0.0442473 0.0381873 0.0329744 0.0285627 0.0249091 0.0219749 0.0197265 0.018137 0.0171876 
0.0178773 0.0181959 0.019176 0.020832 0.023185 0.0262636 0.0301032 0.0347446 0.0402326 0.0466149 0.0539401 0.0622561 0.071608 0.0820365 0.0935758 0.106252 0.12008 0.135065 0.151197 0.168453 0.186796 0.206172 0.226513 0.247736 0.269742 0.292422 0.315652 0.339301 0.363227 0.387286 0.411326 0.435198 0.458751 0.481837 0.504315 0.526049 0.546911 0.566785 0.58556 0.603142 0.619442 0.634385 0.647906 0.659949 0.670468 0.679425 0.686788 0.692536 0.69665 0.699117 0.699931 0.699089 0.696594 0.692451 0.686672 0.679276 0.670285 0.659729 0.647647 0.634086 0.619101 0.602758 0.585135 0.566319 0.546407 0.525509 0.503744 0.481241 0.458135 0.43457 0.410693 0.386656 0.362608 0.338701 0.31508 0.291884 0.269245 0.247285 0.226113 0.205825 0.186505 0.168218 0.151017 0.134938 0.120003 0.106221 0.0935863 0.0820825 0.0716835 0.0623547 0.0540555 0.0467408 0.0403629 0.0348736 0.0302257 0.0263751 0.0232815 0.0209104 0.019234 0.0182327 
0.0188874 0.0192229 0.0202538 0.0219948 0.0244677 0.0277023 0.0317348 0.0366071 0.0423655 0.0490586 0.0567361 0.0654467 0.0752361 0.0861451 0.0982074 0.111448 0.125881 0.141509 0.158319 0.176286 0.195368 0.215506 0.236628 0.258644 0.281452 0.304934 0.328961 0.353396 0.378093 0.402899 0.42766 0.452221 0.476426 0.500126 0.523175 0.545438 0.566785 0.587097 0.606268 0.624201 0.640812 0.656025 0.669779 0.68202 0.692703 0.701795 0.709266 0.715095 0.719266 0.721768 0.722594 0.721743 0.719215 0.715017 0.709159 0.701657 0.692531 0.681811 0.669532 0.655737 0.640481 0.623827 0.605849 0.586635 0.566281 0.544896 0.522599 0.49952 0.475797 0.451575 0.427007 0.402246 0.377448 0.352768 0.328358 0.304364 0.280922 0.25816 0.236195 0.215128 0.195046 0.176023 0.158113 0.141358 0.125783 0.111399 0.0982016 0.0861774 0.0753004 0.0655364 0.0568446 0.0491793 0.042492 0.0367336 0.0318558 0.027813 0.024564 0.0220733 0.0203121 0.0192602 
0.0198712 0.0202231 0.0213031 0.0231263 0.0257153 0.0291006 0.0333194 0.0384148 0.044434 0.0514267 0.0594437 0.0685341 0.0787441 0.0901145 0.102679 0.11646 0.131472 0.147715 0.165173 0.183817 0.203601 0.224464 0.246326 0.269093 0.292657 0.316894 0.341671 0.366844 0.39226 0.417763 0.443193 0.468391 0.493198 0.517461 0.541033 0.563776 0.58556 0.606268 0.625792 0.644038 0.660921 0.676371 0.690327 0.702738 0.713563 0.722769 0.730331 0.736228 0.740447 0.742978 0.743814 0.742955 0.740401 0.736157 0.730233 0.722642 0.713404 0.702543 0.690093 0.676096 0.660603 0.643674 0.625382 0.605812 0.58506 0.563234 0.540453 0.516848 0.492558 0.467731 0.442522 0.417088 0.391591 0.366189 0.34104 0.316295 0.292096 0.268578 0.245862 0.224055 0.203251 0.183526 0.164941 0.147541 0.131353 0.116392 0.102657 0.0901332 0.078797 0.0686146 0.0595449 0.0515419 0.0445565 0.0385385 0.0334387 0.0292103 0.0258112 0.0232048 0.0213616 0.0202608 
0.0208194 0.021187 0.0223141 0.0242161 0.0269162 0.0304457 0.0348427 0.0401513 0.0464196 0.0536985 0.0620392 0.0714916 0.0821022 0.0939115 0.106952 0.121248 0.136809 0.153633 0.171703 0.190987 0.211434 0.232977 0.255535 0.279006 0.303277 0.328221 0.353696 0.379553 0.405636 0.431783 0.457829 0.483611 0.508968 0.533744 0.557789 0.580965 0.603142 0.624201 0.644038 0.662557 0.679679 0.695333 0.709462 0.722017 0.732961 0.742263 0.749899 0.755853 0.760111 0.762665 0.763511 0.762645 0.760071 0.75579 0.749812 0.742148 0.732816 0.721837 0.709244 0.695073 0.679375 0.662206 0.643639 0.623754 0.602648 0.580426 0.557209 0.533127 0.50832 0.48294 0.457143 0.43109 0.404946 0.378875 0.353039 0.327594 0.302689 0.278463 0.255042 0.232541 0.211056 0.19067 0.171447 0.153437 0.136669 0.121162 0.106915 0.0939168 0.0821439 0.0715629 0.0621331 0.053808 0.046538 0.0402721 0.03496 0.0305542 0.0270115 0.0242944 0.0223727 0.0212251 
