6.42138e-09 6.77338e-09 8.97235e-09 1.35277e-08 2.14372e-08 3.43538e-08 5.48367e-08 8.67139e-08 1.35583e-07 2.09482e-07 3.19767e-07 4.82233e-07 7.18506e-07 1.05774e-06 1.53861e-06 2.21166e-06 3.14179e-06 4.41107e-06 6.12144e-06 8.3974e-06 1.13882e-05 1.52696e-05 2.02441e-05 2.65404e-05 3.44109e-05 4.41268e-05 5.59714e-05 7.02307e-05 8.71816e-05 0.000107078 0.000130133 0.000156507 0.000186285 0.000219462 0.000255931 0.000295469 0.000337733 0.000382255 0.000428449 0.000475621 0.000522984 0.00056968 0.000614806 0.000657442 0.000696682 0.000731666 0.000761607 0.000785816 0.000803732 0.000814934 0.000819158 0.000816306 0.000806449 0.000789824 0.000766825 0.000737992 0.000703993 0.000665598 0.000623657 0.000579067 0.000532744 0.000485591 0.000438471 0.00039218 0.000347426 0.000304809 0.000264814 0.000227805 0.000194024 0.000163599 0.000136554 0.000112821 9.22588e-05 7.46653e-05 5.97989e-05 4.73911e-05 3.71619e-05 2.88313e-05 2.2129e-05 1.6802e-05 1.2619e-05 9.37405e-06 6.88705e-06 5.00394e-06 3.5953e-06 2.55431e-06 1.79431e-06 1.24619e-06 8.55668e-07 5.80819e-07 3.89736e-07 2.58513e-07 1.69503e-07 1.09873e-07 7.04298e-08 4.46878e-08 2.8145e-08 1.77353e-08 1.14248e-08 7.92971e-09 
6.77338e-09 7.1513e-09 9.49487e-09 1.43513e-08 2.27926e-08 3.65963e-08 5.85172e-08 9.26805e-08 1.45125e-07 2.24532e-07 3.43178e-07 5.18151e-07 7.72867e-07 1.13891e-06 1.65822e-06 2.3856e-06 3.39147e-06 4.76488e-06 6.61648e-06 9.08141e-06 1.23217e-05 1.6528e-05 2.19201e-05 2.8746e-05 3.72795e-05 4.78144e-05 6.06577e-05 7.61188e-05 9.4497e-05 0.000116066 0.000141058 0.000169642 0.000201909 0.000237853 0.000277355 0.000320172 0.00036593 0.000414121 0.000464109 0.000515143 0.000566371 0.000616864 0.000665648 0.000711728 0.000754129 0.000791921 0.000824256 0.000850394 0.00086973 0.000881811 0.000886353 0.000883253 0.000872585 0.000854605 0.000829739 0.000798569 0.000761815 0.000720307 0.00067496 0.000626745 0.000576648 0.000525647 0.000474675 0.000424591 0.000376161 0.000330037 0.000286745 0.000246678 0.000210101 0.000177154 0.000147864 0.000122159 9.98864e-05 8.08291e-05 6.47256e-05 5.12858e-05 4.02066e-05 3.11847e-05 2.39275e-05 1.81605e-05 1.36334e-05 1.01225e-05 7.43274e-06 5.39704e-06 3.87503e-06 2.75093e-06 1.93081e-06 1.33975e-06 9.18998e-07 6.23137e-07 4.1765e-07 2.76686e-07 1.81179e-07 1.17276e-07 7.50625e-08 4.75507e-08 2.98959e-08 1.88026e-08 1.20871e-08 8.37276e-09 
8.97235e-09 9.49487e-09 1.26253e-08 1.90924e-08 3.03191e-08 4.86615e-08 7.77657e-08 1.23084e-07 1.92585e-07 2.97707e-07 4.54597e-07 6.85688e-07 1.02166e-06 1.5038e-06 2.18682e-06 3.14203e-06 4.46084e-06 6.25853e-06 8.67797e-06 1.18931e-05 1.61119e-05 2.15782e-05 2.85724e-05 3.74096e-05 4.84362e-05 6.20228e-05 7.85546e-05 9.84179e-05 0.000121984 0.000149591 0.000181518 0.00021797 0.000259045 0.000304724 0.00035484 0.000409076 0.000466948 0.000527807 0.000590848 0.000655122 0.000719558 0.000782995 0.000844216 0.000901985 0.000955088 0.00100238 0.0010428 0.00107544 0.00109956 0.0011146 0.00112021 0.00111626 0.00110286 0.0010803 0.00104913 0.00101006 0.000963979 0.00091192 0.000855017 0.000794473 0.000731518 0.000667369 0.000603194 0.00054007 0.00047896 0.000420689 0.000365923 0.00031517 0.000268771 0.000226915 0.000189648 0.000156891 0.000128462 0.000104098 8.34758e-05 6.6236e-05 5.20003e-05 4.03886e-05 3.10324e-05 2.35852e-05 1.77294e-05 1.31809e-05 9.69066e-06 7.04512e-06 5.06426e-06 3.59917e-06 2.52882e-06 1.75645e-06 1.20594e-06 8.18399e-07 5.48951e-07 3.63928e-07 2.38457e-07 1.54438e-07 9.88953e-08 6.26744e-08 3.94192e-08 2.48024e-08 1.59541e-08 1.10648e-08 
1.35277e-08 1.43513e-08 1.90924e-08 2.88441e-08 4.57324e-08 7.32673e-08 1.16866e-07 1.84609e-07 2.88271e-07 4.44703e-07 6.77622e-07 1.01987e-06 1.51621e-06 2.22668e-06 3.23055e-06 4.63073e-06 6.55868e-06 9.1795e-06 1.26969e-05 1.7358e-05 2.34569e-05 3.13366e-05 4.13899e-05 5.4056e-05 6.9815e-05 8.91777e-05 0.000112671 0.000140822 0.000174128 0.00021304 0.000257925 0.000309039 0.000366494 0.000430234 0.000500006 0.000575344 0.000655562 0.000739751 0.000826789 0.000915368 0.00100402 0.00109116 0.00117512 0.00125425 0.00132689 0.00139149 0.00144665 0.00149115 0.00152397 0.00154439 0.00155193 0.00154642 0.00152801 0.00149711 0.00145443 0.00140095 0.00133784 0.00126651 0.00118848 0.00110538 0.00101888 0.000930631 0.000842221 0.000755129 0.00067068 0.000590013 0.00051406 0.000443534 0.000378928 0.000320525 0.000268409 0.000222497 0.000182558 0.000148247 0.000119135 9.47366e-05 7.45393e-05 5.80229e-05 4.46808e-05 3.40338e-05 2.56405e-05 1.91044e-05 1.40763e-05 1.02556e-05 7.38773e-06 5.26145e-06 3.70436e-06 2.57811e-06 1.77355e-06 1.20591e-06 8.10382e-07 5.38217e-07 3.53277e-07 2.29191e-07 1.47008e-07 9.33183e-08 5.87909e-08 3.70585e-08 2.38913e-08 1.66184e-08 
2.14372e-08 2.27926e-08 3.03191e-08 4.57324e-08 7.23552e-08 1.15656e-07 1.8405e-07 2.90052e-07 4.51839e-07 6.95341e-07 1.05692e-06 1.58676e-06 2.35299e-06 3.44668e-06 4.98752e-06 7.13036e-06 1.00721e-05 1.4059e-05 1.93937e-05 2.64411e-05 3.5634e-05 4.74746e-05 6.25346e-05 8.14501e-05 0.000104912 0.000133651 0.000168417 0.000209949 0.000258944 0.000316021 0.000381674 0.000456234 0.000539822 0.000632315 0.00073331 0.000842104 0.000957682 0.00107872 0.0012036 0.00133044 0.00145716 0.0015815 0.00170113 0.00181369 0.00191689 0.00200856 0.00208673 0.00214971 0.0021961 0.00222488 0.00223541 0.00222746 0.00220121 0.00215725 0.00209658 0.00202054 0.0019308 0.00182929 0.00171816 0.00159969 0.00147621 0.00135007 0.00122352 0.00109864 0.000977347 0.000861265 0.000751748 0.000649842 0.000556285 0.000471515 0.000395691 0.000328728 0.000270327 0.000220026 0.000177233 0.000141273 0.000111423 8.69449e-05 6.71162e-05 5.12484e-05 3.87045e-05 2.89088e-05 2.13523e-05 1.55943e-05 1.12605e-05 8.03866e-06 5.67294e-06 3.95732e-06 2.72855e-06 1.85941e-06 1.2523e-06 8.33517e-07 5.48269e-07 3.56437e-07 2.29098e-07 1.45727e-07 9.20036e-08 5.81283e-08 3.75783e-08 2.62287e-08 
3.43538e-08 3.65963e-08 4.86615e-08 7.32673e-08 1.15656e-07 1.84428e-07 2.92783e-07 4.60282e-07 7.15257e-07 1.09797e-06 1.66471e-06 2.49285e-06 3.68707e-06 5.38672e-06 7.77427e-06 1.10848e-05 1.56159e-05 2.17382e-05 2.9905e-05 4.06608e-05 5.46474e-05 7.26065e-05 9.53777e-05 0.00012389 0.000159146 0.0002022 0.000254124 0.000315968 0.000388711 0.000473208 0.000570126 0.00067989 0.000802616 0.000938066 0.0010856 0.00124414 0.00141219 0.00158779 0.0017686 0.00195189 0.00213466 0.00231371 0.0024857 0.00264729 0.00279525 0.00292651 0.00303831 0.00312827 0.00319445 0.00323541 0.00325026 0.00323868 0.00320094 0.00313787 0.00305086 0.0029418 0.00281303 0.00266728 0.00250757 0.00233713 0.00215928 0.00197733 0.00179451 0.00161381 0.00143798 0.00126938 0.00111 0.00096137 0.000824613 0.00070041 0.000589045 0.000490447 0.000404236 0.000329784 0.000266275 0.00021276 0.000168214 0.000131583 0.000101825 7.79446e-05 5.90128e-05 4.41867e-05 3.27174e-05 2.39535e-05 1.73388e-05 1.24078e-05 8.77727e-06 6.13734e-06 4.24156e-06 2.89714e-06 1.95564e-06 1.30457e-06 8.60015e-07 5.60325e-07 3.60924e-07 2.30078e-07 1.45582e-07 9.22036e-08 5.97783e-08 4.18689e-08 
5.48367e-08 5.85172e-08 7.77657e-08 1.16866e-07 1.8405e-07 2.92783e-07 4.63666e-07 7.2714e-07 1.12715e-06 1.72593e-06 2.61019e-06 3.89867e-06 5.75144e-06 8.38075e-06 1.20634e-05 1.71545e-05 2.41019e-05 3.34607e-05 4.59066e-05 6.22476e-05 8.34314e-05 0.000110548 0.000144823 0.000187606 0.000240346 0.000304553 0.000381753 0.000473425 0.000580936 0.000705455 0.000847875 0.00100872 0.00118809 0.00138553 0.00160005 0.00183003 0.00207323 0.00232681 0.00258736 0.00285098 0.00311337 0.00336998 0.00361609 0.00384698 0.0040581 0.00424517 0.00440433 0.00453224 0.00462622 0.00468425 0.00470512 0.00468838 0.00463441 0.00454436 0.00442019 0.00426453 0.00408065 0.00387239 0.00364396 0.00339992 0.00314494 0.00288372 0.00262083 0.00236056 0.00210683 0.00186307 0.00163215 0.00141634 0.00121732 0.00103614 0.000873284 0.000728732 0.000602011 0.000492284 0.000398428 0.000319123 0.000252925 0.000198335 0.000153862 0.000118071 8.96153e-05 6.72676e-05 4.99309e-05 3.66461e-05 2.65914e-05 1.90753e-05 1.35263e-05 9.48049e-06 6.56744e-06 4.49622e-06 3.04201e-06 2.03385e-06 1.34376e-06 8.77431e-07 5.66418e-07 3.61867e-07 2.29491e-07 1.45705e-07 9.47376e-08 6.65832e-08 
8.67139e-08 9.26805e-08 1.23084e-07 1.84609e-07 2.90052e-07 4.60282e-07 7.2714e-07 1.13752e-06 1.7589e-06 2.68654e-06 4.05264e-06 6.03763e-06 8.88381e-06 1.29112e-05 1.85354e-05 2.62876e-05 3.68344e-05 5.09986e-05 6.97774e-05 9.43571e-05 0.000126122 0.000166656 0.000217731 0.000281285 0.000359385 0.000454172 0.000567789 0.000702298 0.000859572 0.00104119 0.00124833 0.00148161 0.00174103 0.00202585 0.00233451 0.00266461 0.00301287 0.00337519 0.00374668 0.00412181 0.0044945 0.00485834 0.00520673 0.00553311 0.00583114 0.00609489 0.00631902 0.00649895 0.00663097 0.00671233 0.00674136 0.00671745 0.00664113 0.006514 0.00633874 0.00611899 0.00585928 0.00556489 0.0052417 0.00489601 0.00453436 0.00416332 0.0037893 0.00341836 0.00305606 0.00270728 0.00237618 0.00206606 0.00177939 0.00151778 0.00128204 0.00107225 0.000887851 0.000727744 0.000590417 0.000474054 0.000376645 0.000296087 0.00023027 0.000177148 0.000134792 0.000101432 7.54783e-05 5.55338e-05 4.03962e-05 2.90489e-05 2.06484e-05 1.4507e-05 1.00733e-05 6.91251e-06 4.68758e-06 3.1412e-06 2.08005e-06 1.36122e-06 8.80658e-07 5.63873e-07 3.58418e-07 2.28127e-07 1.48759e-07 1.04908e-07 
1.35583e-07 1.45125e-07 1.92585e-07 2.88271e-07 4.51839e-07 7.15257e-07 1.12715e-06 1.7589e-06 2.7129e-06 4.1332e-06 6.21898e-06 9.24111e-06 1.35619e-05 1.96579e-05 2.81459e-05 3.98101e-05 5.5631e-05 7.68131e-05 0.000104809 0.000141338 0.000188397 0.000248257 0.000323444 0.000416706 0.00053095 0.000669166 0.000834323 0.00102924 0.00125646 0.00151806 0.00181553 0.00214958 0.00252004 0.00292566 0.0033641 0.0038318 0.00432406 0.00483501 0.00535777 0.00588457 0.00640696 0.00691603 0.00740269 0.00785792 0.00827303 0.00863993 0.00895136 0.00920109 0.00938409 0.00949666 0.00953652 0.00950287 0.00939642 0.00921938 0.00897535 0.00866931 0.0083074 0.00789684 0.00744566 0.00696248 0.0064563 0.00593618 0.005411 0.0048892 0.00437854 0.00388593 0.00341724 0.00297725 0.00256954 0.00219653 0.00185955 0.00155885 0.00129383 0.00106307 0.000864582 0.00069591 0.000554302 0.000436848 0.000340604 0.000262696 0.000200394 0.000151181 0.000112782 8.31887e-05 6.06637e-05 4.37311e-05 3.11609e-05 2.19457e-05 1.5275e-05 1.05068e-05 7.14159e-06 4.79666e-06 3.18348e-06 2.088e-06 1.35387e-06 8.68809e-07 5.53524e-07 3.53195e-07 2.30986e-07 1.6345e-07 
2.09482e-07 2.24532e-07 2.97707e-07 4.44703e-07 6.95341e-07 1.09797e-06 1.72593e-06 2.68654e-06 4.1332e-06 6.28099e-06 9.42623e-06 1.39703e-05 2.04482e-05 2.95606e-05 4.22103e-05 5.95407e-05 8.29747e-05 0.000114252 0.00015546 0.000209058 0.000277885 0.000365152 0.000474411 0.000609496 0.000774438 0.000973348 0.00121027 0.001489 0.00181289 0.00218466 0.00260612 0.00307802 0.00359984 0.0041696 0.00478379 0.00543729 0.00612339 0.00683387 0.00755915 0.00828849 0.0090103 0.00971243 0.0103825 0.0110083 0.0115782 0.0120812 0.0125077 0.0128493 0.0130994 0.0132529 0.0133068 0.0132602 0.0131139 0.012871 0.0125362 0.0121162 0.0116192 0.0110549 0.010434 0.00976836 0.00906998 0.00835121 0.00762417 0.00690043 0.00619069 0.00550455 0.00485024 0.0042345 0.00366251 0.00313785 0.00266258 0.00223732 0.00186144 0.00153323 0.00125008 0.00100876 0.000805545 0.000636489 0.000497545 0.000384732 0.000294247 0.000222557 0.000166455 0.000123092 8.99891e-05 6.50338e-05 4.64552e-05 3.27974e-05 2.28834e-05 1.57779e-05 1.07498e-05 7.23692e-06 4.8141e-06 3.16468e-06 2.05664e-06 1.32279e-06 8.44733e-07 5.40383e-07 3.54444e-07 2.51664e-07 
3.19767e-07 3.43178e-07 4.54597e-07 6.77622e-07 1.05692e-06 1.66471e-06 2.61019e-06 4.05264e-06 6.21898e-06 9.42623e-06 1.41095e-05 2.08561e-05 3.04453e-05 4.38939e-05 6.25063e-05 8.79271e-05 0.000122193 0.000167783 0.000227657 0.00030528 0.000404635 0.000530195 0.00068688 0.000879961 0.00111494 0.00139738 0.00173268 0.00212588 0.00258132 0.00310241 0.00369132 0.00434872 0.00507348 0.00586256 0.00671081 0.00761093 0.00855353 0.00952724 0.0105189 0.011514 0.0124968 0.0134509 0.01436 0.0152076 0.0159783 0.0166578 0.0172331 0.0176934 0.0180299 0.0182361 0.0183081 0.0182445 0.0180467 0.0177183 0.0172659 0.0166981 0.0160258 0.0152617 0.0144201 0.0135165 0.0125671 0.0115883 0.0105964 0.00960706 0.00863477 0.00769266 0.00679211 0.00594253 0.00515125 0.00442348 0.00376237 0.00316914 0.00264326 0.0021827 0.00178418 0.00144348 0.00115571 0.000915565 0.000717586 0.000556343 0.000426618 0.000323524 0.000242602 0.000179866 0.000131833 9.55165e-05 6.84017e-05 4.84119e-05 3.38611e-05 2.34035e-05 1.59834e-05 1.07857e-05 7.19157e-06 4.73847e-06 3.08646e-06 1.98972e-06 1.27366e-06 8.16869e-07 5.37384e-07 3.82852e-07 
4.82233e-07 5.18151e-07 6.85688e-07 1.01987e-06 1.58676e-06 2.49285e-06 3.89867e-06 6.03763e-06 9.24111e-06 1.39703e-05 2.08561e-05 3.07463e-05 4.47614e-05 6.43577e-05 9.13946e-05 0.000128206 0.000177668 0.000243265 0.000329133 0.000440091 0.000581641 0.000759928 0.000981661 0.00125398 0.00158427 0.00197993 0.00244807 0.0029952 0.00362686 0.00434721 0.00515871 0.00606172 0.00705423 0.00813158 0.00928639 0.0105084 0.0117847 0.0130998 0.0144359 0.0157735 0.0170919 0.0183693 0.019584 0.0207149 0.0217416 0.0226454 0.0234098 0.0240207 0.0244667 0.0247396 0.0248342 0.024749 0.0244854 0.0240485 0.0234464 0.0226905 0.0217948 0.0207758 0.0196521 0.0184439 0.0171724 0.0158592 0.0145258 0.013193 0.0118803 0.0106054 0.00938357 0.00822792 0.00714865 0.0061532 0.00524632 0.00443014 0.00370442 0.00306688 0.0025135 0.00203893 0.00163681 0.00130018 0.00102177 0.000794306 0.000610727 0.000464379 0.000349149 0.000259543 0.00019073 0.000138546 9.94696e-05 7.05785e-05 4.94884e-05 3.42888e-05 2.34745e-05 1.58787e-05 1.06124e-05 7.0088e-06 4.57587e-06 2.95677e-06 1.89725e-06 1.21999e-06 8.04981e-07 5.75445e-07 
7.18506e-07 7.72867e-07 1.02166e-06 1.51621e-06 2.35299e-06 3.68707e-06 5.75144e-06 8.88381e-06 1.35619e-05 2.04482e-05 3.04453e-05 4.47614e-05 6.49871e-05 9.31799e-05 0.000131956 0.000184582 0.000255066 0.000348237 0.000469795 0.000626348 0.000825387 0.00107523 0.00138489 0.00176388 0.00222197 0.00276882 0.00341362 0.00416463 0.00502871 0.00601082 0.00711354 0.00833664 0.00967669 0.0111268 0.0126765 0.0143117 0.0160149 0.0177651 0.0195389 0.0213105 0.0230527 0.0247373 0.0263363 0.0278223 0.0291693 0.0303535 0.0313537 0.0321521 0.0327343 0.0330899 0.0332125 0.0330999 0.0327542 0.0321818 0.031393 0.0304021 0.0292269 0.0278886 0.0264108 0.0248195 0.0231419 0.0214061 0.0196401 0.017871 0.0161244 0.0144238 0.0127898 0.0112401 0.00978873 0.00844615 0.00721934 0.00611181 0.00512396 0.00425336 0.00349526 0.002843 0.00228853 0.00182284 0.00143644 0.00111972 0.000863282 0.000658199 0.00049621 0.00036985 0.000272512 0.000198472 0.000142864 0.000101629 7.14409e-05 4.96227e-05 3.40559e-05 2.30923e-05 1.54706e-05 1.02415e-05 6.70215e-06 4.34096e-06 2.79224e-06 1.80023e-06 1.19142e-06 8.54583e-07 
1.05774e-06 1.13891e-06 1.5038e-06 2.22668e-06 3.44668e-06 5.38672e-06 8.38075e-06 1.29112e-05 1.96579e-05 2.95606e-05 4.38939e-05 6.43577e-05 9.31799e-05 0.00013323 0.000188139 0.00026242 0.000361584 0.000492228 0.000662105 0.000880141 0.0011564 0.00150196 0.00192875 0.00244926 0.00307618 0.00382193 0.00469814 0.00571509 0.00688106 0.00820171 0.00967949 0.0113131 0.013097 0.0150214 0.0170715 0.0192282 0.021468 0.0237635 0.0260839 0.0283957 0.0306638 0.0328524 0.0349256 0.0368488 0.0385892 0.0401171 0.041406 0.0424335 0.043182 0.0436383 0.0437947 0.0436485 0.0432023 0.0424639 0.0414462 0.0401671 0.0386489 0.0369178 0.0350037 0.0329393 0.030759 0.0284987 0.026194 0.0238799 0.0215897 0.0193539 0.0172 0.0151512 0.0132268 0.0114412 0.00980443 0.00832211 0.00699566 0.00582281 0.00479812 0.00391354 0.00315904 0.00252324 0.00199393 0.00155862 0.00120501 0.00092128 0.00069645 0.000520511 0.000384555 0.00028082 0.000202673 0.00014455 0.000101874 7.09406e-05 4.8808e-05 3.31767e-05 2.22806e-05 1.47851e-05 9.69866e-06 6.29685e-06 4.06034e-06 2.6248e-06 1.74241e-06 1.25403e-06 
1.53861e-06 1.65822e-06 2.18682e-06 3.23055e-06 4.98752e-06 7.77427e-06 1.20634e-05 1.85354e-05 2.81459e-05 4.22103e-05 6.25063e-05 9.13946e-05 0.000131956 0.000188139 0.000264918 0.000368447 0.000506196 0.000687063 0.000921442 0.00122122 0.00159972 0.00207149 0.00265209 0.00335763 0.00420432 0.00520785 0.00638268 0.00774127 0.00929335 0.0110451 0.0129983 0.01515 0.0174918 0.0200095 0.0226831 0.0254871 0.0283904 0.0313574 0.0343483 0.0373207 0.0402298 0.0430307 0.0456784 0.04813 0.0503449 0.0522863 0.0539218 0.0552241 0.0561716 0.0567484 0.0569449 0.0567581 0.056191 0.0552533 0.0539607 0.0523349 0.0504032 0.0481981 0.0457563 0.0431182 0.0403269 0.037427 0.0344634 0.0314806 0.0285209 0.0256237 0.0228246 0.0201542 0.0176381 0.0152961 0.0131424 0.0111854 0.00942835 0.00786943 0.00650277 0.00531891 0.00430566 0.00344887 0.00273314 0.00214251 0.00166111 0.00127356 0.00096544 0.000723541 0.000536017 0.000392484 0.000284019 0.000203103 0.000143512 0.000100192 6.9108e-05 4.70926e-05 3.1704e-05 2.10895e-05 1.38676e-05 9.02536e-06 5.8343e-06 3.78175e-06 2.5181e-06 1.81842e-06 
2.21166e-06 2.3856e-06 3.14203e-06 4.63073e-06 7.13036e-06 1.10848e-05 1.71545e-05 2.62876e-05 3.98101e-05 5.95407e-05 8.79271e-05 0.000128206 0.000184582 0.00026242 0.000368447 0.00051094 0.000699891 0.00094714 0.00126643 0.00167337 0.00218533 0.00282117 0.00360082 0.00454477 0.00567338 0.00700608 0.00856047 0.0103513 0.0123897 0.0146818 0.0172283 0.0200236 0.023055 0.0263031 0.0297408 0.0333345 0.037044 0.0408235 0.0446227 0.0483883 0.0520646 0.0555957 0.0589267 0.0620048 0.0647808 0.0672103 0.0692542 0.0708796 0.0720608 0.0727787 0.0730221 0.0727872 0.0720778 0.0709054 0.0692887 0.0672539 0.0648338 0.0620673 0.0589992 0.0556785 0.0521579 0.0484923 0.0447373 0.0409482 0.0371783 0.0334775 0.0298912 0.0264592 0.0232152 0.0201857 0.0173904 0.0148416 0.0125452 0.0105006 0.00870187 0.00713817 0.00579508 0.00465536 0.00369993 0.00290875 0.00226165 0.00173894 0.00132196 0.000993511 0.000738059 0.000541906 0.00039321 0.000281937 0.000199742 0.000139811 9.66824e-05 6.60491e-05 4.45767e-05 2.97254e-05 1.95938e-05 1.27834e-05 8.28455e-06 5.3846e-06 3.59638e-06 2.60582e-06 
3.14179e-06 3.39147e-06 4.46084e-06 6.55868e-06 1.00721e-05 1.56159e-05 2.41019e-05 3.68344e-05 5.5631e-05 8.29747e-05 0.000122193 0.000177668 0.000255066 0.000361584 0.000506196 0.000699891 0.000955863 0.00128965 0.00171916 0.00226463 0.00294839 0.00379446 0.00482805 0.00607476 0.00755973 0.00930659 0.0113363 0.0136658 0.0163072 0.0192662 0.0225414 0.0261232 0.0299937 0.0341259 0.0384843 0.0430252 0.0476971 0.0524426 0.0571988 0.0618996 0.066477 0.070863 0.074991 0.0787979 0.0822249 0.0852191 0.0877345 0.0897325 0.0911825 0.0920626 0.0923596 0.0920691 0.0911954 0.0897521 0.0877613 0.0852535 0.0822674 0.0788492 0.075052 0.0709344 0.0665596 0.0619941 0.0573055 0.0525617 0.0478285 0.0431681 0.0386377 0.0342883 0.0301633 0.0262979 0.0227187 0.0194436 0.0164822 0.0138359 0.0114993 0.00946063 0.00770319 0.00620645 0.0049472 0.00390072 0.00304178 0.00234553 0.00178822 0.00134775 0.00100403 0.000739238 0.000537867 0.000386702 0.000274695 0.000192781 0.000133658 9.1542e-05 6.19373e-05 4.14046e-05 2.73597e-05 1.78943e-05 1.16263e-05 7.57733e-06 5.07652e-06 3.6906e-06 
4.41107e-06 4.76488e-06 6.25853e-06 9.1795e-06 1.4059e-05 2.17382e-05 3.34607e-05 5.09986e-05 7.68131e-05 0.000114252 0.000167783 0.000243265 0.000348237 0.000492228 0.000687063 0.00094714 0.00128965 0.0017347 0.00230534 0.00302741 0.0039292 0.00504089 0.00639383 0.00801951 0.00994841 0.0122087 0.0148246 0.0178154 0.0211933 0.0249626 0.0291187 0.0336465 0.0385208 0.0437056 0.0491547 0.0548121 0.0606132 0.0664866 0.0723551 0.0781384 0.0837545 0.0891219 0.0941619 0.0987998 0.102967 0.106602 0.10965 0.112069 0.113822 0.114885 0.115242 0.114888 0.113829 0.11208 0.109666 0.106622 0.102993 0.0988335 0.0942042 0.0891742 0.0838182 0.0782148 0.0724453 0.0665914 0.060733 0.0549466 0.0493034 0.0438672 0.0386935 0.0338281 0.0293066 0.025154 0.0213851 0.0180047 0.0150086 0.0123847 0.0101143 0.00817349 0.00653462 0.00516769 0.00404169 0.00312572 0.00238997 0.00180646 0.00134959 0.000996455 0.00072703 0.000524133 0.000373324 0.000262696 0.000182607 0.000125389 8.50538e-05 5.70004e-05 3.77588e-05 2.47574e-05 1.61268e-05 1.05395e-05 7.08292e-06 5.16638e-06 
6.12144e-06 6.61648e-06 8.67797e-06 1.26969e-05 1.93937e-05 2.9905e-05 4.59066e-05 6.97774e-05 0.000104809 0.00015546 0.000227657 0.000329133 0.000469795 0.000662105 0.000921442 0.00126643 0.00171916 0.00230534 0.00305421 0.00399832 0.00517298 0.00661557 0.00836445 0.0104577 0.0129316 0.015819 0.0191475 0.0229376 0.0272012 0.0319399 0.0371439 0.0427912 0.0488471 0.0552643 0.0619834 0.068934 0.0760364 0.083203 0.0903407 0.0973533 0.104144 0.110616 0.116679 0.122245 0.127236 0.131582 0.135222 0.138105 0.140193 0.141457 0.141879 0.141456 0.140192 0.138104 0.135221 0.131583 0.127241 0.122254 0.116695 0.110641 0.104179 0.0974022 0.0904045 0.0832834 0.0761345 0.0690503 0.0621178 0.055416 0.0490146 0.0429724 0.0373361 0.0321399 0.0274056 0.0231429 0.0193502 0.0160158 0.0131196 0.0106344 0.00852789 0.00676437 0.00530633 0.00411596 0.00315639 0.00239271 0.00179272 0.0013274 0.000971212 0.000702105 0.000501451 0.000353801 0.000246586 0.000169762 0.000115447 7.75644e-05 5.15099e-05 3.38585e-05 2.21123e-05 1.44914e-05 9.76886e-06 7.14909e-06 
8.3974e-06 9.08141e-06 1.18931e-05 1.7358e-05 2.64411e-05 4.06608e-05 6.22476e-05 9.43571e-05 0.000141338 0.000209058 0.00030528 0.000440091 0.000626348 0.000880141 0.00122122 0.00167337 0.00226463 0.00302741 0.00399832 0.00521776 0.00672924 0.00857829 0.0108112 0.0134731 0.0166065 0.0202488 0.0244304 0.0291724 0.0344849 0.0403651 0.0467964 0.0537472 0.0611709 0.0690066 0.0771792 0.0856017 0.0941767 0.102799 0.111357 0.119739 0.127831 0.135522 0.142708 0.14929 0.155179 0.160298 0.164578 0.167964 0.170412 0.171893 0.172386 0.171887 0.170401 0.167948 0.164558 0.160276 0.155157 0.149268 0.14269 0.135511 0.127829 0.11975 0.111384 0.102844 0.0942418 0.0856884 0.0772882 0.0691377 0.0613231 0.0539186 0.0469844 0.0405664 0.0346958 0.0293888 0.0246482 0.0204639 0.0168152 0.013672 0.0109975 0.00874996 0.00688478 0.00535639 0.00411987 0.00313228 0.00235367 0.00174776 0.00128239 0.000929649 0.000665789 0.000471021 0.000329157 0.000227201 0.000154907 0.000104341 6.94663e-05 4.57771e-05 2.99739e-05 1.96982e-05 1.33199e-05 9.77976e-06 
1.13882e-05 1.23217e-05 1.61119e-05 2.34569e-05 3.5634e-05 5.46474e-05 8.34314e-05 0.000126122 0.000188397 0.000277885 0.000404635 0.000581641 0.000825387 0.0011564 0.00159972 0.00218533 0.00294839 0.0039292 0.00517298 0.00672924 0.00865075 0.0109922 0.0138084 0.0171523 0.0210723 0.0256101 0.0307981 0.0366566 0.0431924 0.0503961 0.0582417 0.0666856 0.0756668 0.0851076 0.0949149 0.104983 0.115194 0.125423 0.135542 0.145418 0.154923 0.163931 0.172324 0.179993 0.18684 0.192779 0.197736 0.201653 0.204481 0.206189 0.206757 0.206178 0.204459 0.20162 0.197694 0.192729 0.186785 0.179935 0.172266 0.163876 0.154876 0.145382 0.135521 0.125421 0.115214 0.105028 0.0949862 0.085206 0.075792 0.0668362 0.0584154 0.0505896 0.0434018 0.0368775 0.0310256 0.0258395 0.0212988 0.0173717 0.014017 0.0111869 0.00882924 0.00689009 0.00531547 0.0040533 0.00305469 0.00227488 0.00167393 0.0012169 0.000873922 0.00061995 0.000434391 0.000300628 0.000205501 0.000138772 9.26233e-05 6.11921e-05 4.01718e-05 2.64737e-05 1.79567e-05 1.32269e-05 
1.52696e-05 1.6528e-05 2.15782e-05 3.13366e-05 4.74746e-05 7.26065e-05 0.000110548 0.000166656 0.000248257 0.000365152 0.000530195 0.000759928 0.00107523 0.00150196 0.00207149 0.00282117 0.00379446 0.00504089 0.00661557 0.00857829 0.0109922 0.013922 0.0174316 0.0215816 0.0264265 0.0320113 0.038369 0.0455178 0.0534584 0.0621727 0.0716225 0.0817491 0.092474 0.1037 0.115313 0.127187 0.139181 0.151152 0.16295 0.174424 0.185431 0.19583 0.205492 0.214297 0.222141 0.22893 0.234587 0.23905 0.242269 0.244211 0.244854 0.244193 0.242235 0.238999 0.234521 0.22885 0.22205 0.214199 0.205388 0.195726 0.185331 0.174333 0.162872 0.151093 0.139146 0.127178 0.115335 0.103753 0.0925595 0.0818666 0.0717702 0.0623478 0.0536568 0.0457348 0.0385993 0.0322492 0.0266666 0.0218185 0.0176605 0.0141388 0.0111937 0.00876205 0.00678015 0.0051857 0.00391966 0.00292756 0.00216038 0.00157498 0.00113423 0.000806808 0.000566839 0.000393328 0.000269566 0.0001825 0.000122118 8.08833e-05 5.32373e-05 3.51818e-05 2.39366e-05 1.76881e-05 
2.02441e-05 2.19201e-05 2.85724e-05 4.13899e-05 6.25346e-05 9.53777e-05 0.000144823 0.000217731 0.000323444 0.000474411 0.00068688 0.000981661 0.00138489 0.00192875 0.00265209 0.00360082 0.00482805 0.00639383 0.00836445 0.0108112 0.0138084 0.0174316 0.021754 0.0268439 0.0327608 0.0395521 0.0472497 0.0558672 0.0653968 0.0758086 0.0870488 0.0990407 0.111685 0.124862 0.138436 0.152254 0.166157 0.179976 0.193543 0.206691 0.219259 0.231094 0.242058 0.252022 0.260876 0.268524 0.274885 0.279895 0.283504 0.285679 0.286398 0.285655 0.283457 0.279825 0.274794 0.268413 0.260749 0.25188 0.241905 0.230936 0.2191 0.206537 0.1934 0.179851 0.166054 0.15218 0.138394 0.124857 0.111718 0.099112 0.0871579 0.075953 0.065573 0.0560702 0.047474 0.0397914 0.0330086 0.0270939 0.0220003 0.0176688 0.0140321 0.0110178 0.00855177 0.00656044 0.00497353 0.00372559 0.00275722 0.0020158 0.00145574 0.00103835 0.00073148 0.000508915 0.00034969 0.000237352 0.000159224 0.000105728 6.97713e-05 4.62363e-05 3.15537e-05 2.33904e-05 
2.65404e-05 2.8746e-05 3.74096e-05 5.4056e-05 8.14501e-05 0.00012389 0.000187606 0.000281285 0.000416706 0.000609496 0.000879961 0.00125398 0.00176388 0.00244926 0.00335763 0.00454477 0.00607476 0.00801951 0.0104577 0.0134731 0.0171523 0.0215816 0.0268439 0.0330143 0.0401564 0.0483182 0.0575283 0.0677928 0.0790926 0.0913821 0.104589 0.118615 0.133336 0.148608 0.16427 0.180144 0.196047 0.211789 0.227181 0.242041 0.256194 0.269476 0.281742 0.292857 0.302709 0.311198 0.318246 0.323788 0.327775 0.330175 0.330967 0.330146 0.327717 0.3237 0.318131 0.311057 0.302544 0.292672 0.28154 0.269263 0.255974 0.241821 0.226969 0.211591 0.19587 0.179996 0.164156 0.148533 0.133303 0.118627 0.104646 0.0914831 0.0792343 0.0679707 0.0577366 0.0485502 0.0404048 0.0332717 0.0271032 0.0218362 0.0173963 0.0137019 0.0106678 0.00820856 0.00624159 0.00468923 0.00348044 0.00255179 0.00184797 0.00132174 0.000933627 0.000651273 0.000448671 0.000305313 0.000205333 0.00013669 9.0438e-05 6.00973e-05 4.11372e-05 3.05892e-05 
3.44109e-05 3.72795e-05 4.84362e-05 6.9815e-05 0.000104912 0.000159146 0.000240346 0.000359385 0.00053095 0.000774438 0.00111494 0.00158427 0.00222197 0.00307618 0.00420432 0.00567338 0.00755973 0.00994841 0.0129316 0.0166065 0.0210723 0.0264265 0.0327608 0.0401564 0.0486793 0.058376 0.0692687 0.081353 0.0945948 0.108929 0.124262 0.140468 0.157398 0.174881 0.192726 0.210731 0.228688 0.246386 0.263619 0.280188 0.295909 0.310612 0.324142 0.336367 0.347173 0.356462 0.364158 0.370199 0.37454 0.37715 0.378011 0.377116 0.374472 0.370096 0.364022 0.356294 0.346975 0.336142 0.323894 0.310345 0.29563 0.279902 0.263334 0.246111 0.228431 0.210501 0.19253 0.174725 0.157289 0.140409 0.124254 0.108974 0.0946893 0.0814937 0.0694499 0.0585907 0.0489198 0.0404142 0.0330276 0.0266943 0.0213339 0.0168558 0.0131638 0.01016 0.00774854 0.00583855 0.00434605 0.00319551 0.00232061 0.00166434 0.00117879 0.000824462 0.000569453 0.00038849 0.00026193 0.000174805 0.000115955 7.72648e-05 5.30466e-05 3.95651e-05 
4.41268e-05 4.78144e-05 6.20228e-05 8.91777e-05 0.000133651 0.0002022 0.000304553 0.000454172 0.000669166 0.000973348 0.00139738 0.00197993 0.00276882 0.00382193 0.00520785 0.00700608 0.00930659 0.0122087 0.015819 0.0202488 0.0256101 0.0320113 0.0395521 0.0483182 0.058376 0.0697672 0.0825051 0.0965706 0.111911 0.128438 0.14603 0.164536 0.183775 0.203546 0.22363 0.243799 0.263821 0.283465 0.302508 0.320742 0.337973 0.354026 0.368748 0.382008 0.393693 0.403713 0.411997 0.418488 0.423147 0.425945 0.426866 0.425907 0.42307 0.418374 0.411845 0.403524 0.393467 0.381749 0.368459 0.353711 0.337637 0.320393 0.302154 0.283114 0.263483 0.243484 0.223346 0.203303 0.18358 0.164394 0.145946 0.128413 0.111946 0.0966617 0.0826474 0.069954 0.0585989 0.0485683 0.0398197 0.0322871 0.0258855 0.0205161 0.0160718 0.0124422 0.0095175 0.0071926 0.00536945 0.00395921 0.00288322 0.0020735 0.00147252 0.0010326 0.000715047 0.00048905 0.000330553 0.000221154 0.000147074 9.82669e-05 6.76647e-05 5.06187e-05 
5.59714e-05 6.06577e-05 7.85546e-05 0.000112671 0.000168417 0.000254124 0.000381753 0.000567789 0.000834323 0.00121027 0.00173268 0.00244807 0.00341362 0.00469814 0.00638268 0.00856047 0.0113363 0.0148246 0.0191475 0.0244304 0.0307981 0.038369 0.0472497 0.0575283 0.0692687 0.0825051 0.0972374 0.113428 0.131002 0.149843 0.1698 0.190689 0.212299 0.234395 0.25673 0.27905 0.3011 0.322632 0.343411 0.363219 0.381858 0.399154 0.414957 0.429142 0.441605 0.452263 0.461054 0.467931 0.472858 0.475815 0.476789 0.475775 0.472777 0.467809 0.460892 0.452059 0.44136 0.428858 0.414636 0.398799 0.381475 0.362814 0.342993 0.32221 0.300683 0.27865 0.256357 0.234059 0.212011 0.190457 0.16963 0.149739 0.130965 0.113458 0.0973291 0.0826527 0.069464 0.0577616 0.0475105 0.0386467 0.0310824 0.0247121 0.0194186 0.0150788 0.0115689 0.00876853 0.0065648 0.00485429 0.00354485 0.00255624 0.00182016 0.0012797 0.000888421 0.000609149 0.000412747 0.000276827 0.000184564 0.000123646 8.5387e-05 6.40626e-05 
7.02307e-05 7.61188e-05 9.84179e-05 0.000140822 0.000209949 0.000315968 0.000473425 0.000702298 0.00102924 0.001489 0.00212588 0.0029952 0.00416463 0.00571509 0.00774127 0.0103513 0.0136658 0.0178154 0.0229376 0.0291724 0.0366566 0.0455178 0.0558672 0.0677928 0.081353 0.0965706 0.113428 0.131866 0.151781 0.173026 0.195417 0.218735 0.242733 0.267147 0.291699 0.31611 0.340105 0.36342 0.385813 0.40706 0.426966 0.44536 0.462101 0.477073 0.490185 0.501367 0.510568 0.51775 0.522889 0.525971 0.526985 0.52593 0.522808 0.517627 0.510402 0.501158 0.489931 0.476775 0.46176 0.444978 0.426548 0.406611 0.385341 0.362934 0.339615 0.315628 0.291238 0.266719 0.242349 0.218406 0.195153 0.172833 0.151662 0.131823 0.113458 0.0966679 0.08151 0.0679997 0.0561128 0.0457903 0.0369443 0.0294643 0.0232241 0.0180884 0.0139191 0.0105807 0.00794418 0.00589074 0.00431354 0.00311892 0.00222666 0.00156953 0.00109238 0.000750843 0.000509997 0.000342885 0.000229176 0.000153937 0.000106608 8.02107e-05 
8.71816e-05 9.4497e-05 0.000121984 0.000174128 0.000258944 0.000388711 0.000580936 0.000859572 0.00125646 0.00181289 0.00258132 0.00362686 0.00502871 0.00688106 0.00929335 0.0123897 0.0163072 0.0211933 0.0272012 0.0344849 0.0431924 0.0534584 0.0653968 0.0790926 0.0945948 0.111911 0.131002 0.151781 0.174113 0.197817 0.222671 0.24842 0.274782 0.301459 0.328147 0.354541 0.380351 0.405302 0.429145 0.45166 0.472654 0.491969 0.509475 0.525073 0.538685 0.550259 0.559757 0.567156 0.572443 0.57561 0.576653 0.575571 0.572365 0.567038 0.559596 0.550054 0.538434 0.524774 0.509128 0.491575 0.472215 0.451181 0.428633 0.404765 0.379799 0.353987 0.327604 0.300942 0.274304 0.247994 0.222309 0.197528 0.173904 0.151655 0.130959 0.111947 0.0947032 0.0792634 0.0656185 0.0537181 0.0434771 0.034782 0.0274993 0.0214825 0.0165796 0.0126395 0.0095169 0.00707653 0.00519592 0.0037669 0.00269625 0.00190536 0.0013294 0.000915986 0.00062366 0.000420308 0.00028161 0.000189645 0.000131703 9.93653e-05 
0.000107078 0.000116066 0.000149591 0.00021304 0.000316021 0.000473208 0.000705455 0.00104119 0.00151806 0.00218466 0.00310241 0.00434721 0.00601082 0.00820171 0.0110451 0.0146818 0.0192662 0.0249626 0.0319399 0.0403651 0.0503961 0.0621727 0.0758086 0.0913821 0.108929 0.128438 0.149843 0.173026 0.197817 0.223996 0.251302 0.279442 0.308098 0.336939 0.365635 0.393862 0.421315 0.447714 0.472809 0.496385 0.518262 0.538296 0.556374 0.572416 0.586366 0.598187 0.607863 0.615383 0.620748 0.623959 0.625018 0.623925 0.620679 0.615276 0.607715 0.597997 0.586128 0.57213 0.556036 0.537905 0.51782 0.495893 0.472273 0.447141 0.420715 0.393248 0.36502 0.336339 0.307529 0.278919 0.250841 0.223608 0.197512 0.172811 0.149719 0.128404 0.108979 0.0915074 0.0759975 0.0624118 0.0506711 0.0406619 0.0322452 0.0252649 0.0195556 0.0149509 0.0112887 0.00841698 0.00619667 0.00450416 0.00323219 0.0022898 0.00160152 0.00110612 0.000754884 0.000509939 0.000342481 0.00023122 0.00016101 0.000121801 
0.000130133 0.000141058 0.000181518 0.000257925 0.000381674 0.000570126 0.000847875 0.00124833 0.00181553 0.00260612 0.00369132 0.00515871 0.00711354 0.00967949 0.0129983 0.0172283 0.0225414 0.0291187 0.0371439 0.0467964 0.0582417 0.0716225 0.0870488 0.104589 0.124262 0.14603 0.1698 0.195417 0.222671 0.251302 0.281008 0.311456 0.342292 0.373157 0.403694 0.433565 0.462455 0.490082 0.516202 0.54061 0.563143 0.583676 0.60212 0.618416 0.632531 0.644453 0.654181 0.661725 0.667097 0.67031 0.671371 0.670282 0.66704 0.661635 0.654055 0.644287 0.632321 0.618156 0.601806 0.583306 0.562714 0.540123 0.51566 0.489492 0.461825 0.432907 0.403022 0.372486 0.341641 0.310843 0.28045 0.250815 0.222268 0.195107 0.169589 0.145918 0.124245 0.10466 0.0871964 0.071833 0.0585 0.0470869 0.0374518 0.0294302 0.0228451 0.0175149 0.0132611 0.00991417 0.00731809 0.00533293 0.00383649 0.00272454 0.00191013 0.00132234 0.000904522 0.000612421 0.000412271 0.000279022 0.000194808 0.000147749 
0.000156507 0.000169642 0.00021797 0.000309039 0.000456234 0.00067989 0.00100872 0.00148161 0.00214958 0.00307802 0.00434872 0.00606172 0.00833664 0.0113131 0.01515 0.0200236 0.0261232 0.0336465 0.0427912 0.0537472 0.0666856 0.0817491 0.0990407 0.118615 0.140468 0.164536 0.190689 0.218735 0.24842 0.279442 0.311456 0.34409 0.376956 0.409666 0.441844 0.473139 0.503232 0.531844 0.558742 0.583738 0.60669 0.627496 0.646094 0.662452 0.676562 0.688435 0.698094 0.705565 0.710876 0.714049 0.715098 0.714029 0.710834 0.705498 0.697997 0.688303 0.676389 0.662231 0.645819 0.627162 0.606292 0.583275 0.558215 0.531256 0.50259 0.472454 0.44113 0.408939 0.376235 0.343395 0.310807 0.278858 0.247918 0.218328 0.190386 0.164339 0.140377 0.118623 0.0991391 0.0819234 0.0669202 0.0540253 0.0430965 0.0339633 0.0264382 0.0203255 0.0154305 0.0115665 0.00855964 0.00625332 0.0045096 0.00321018 0.00225584 0.00156521 0.00107305 0.000728144 0.000491286 0.000333292 0.000233291 0.000177376 
0.000186285 0.000201909 0.000259045 0.000366494 0.000539822 0.000802616 0.00118809 0.00174103 0.00252004 0.00359984 0.00507348 0.00705423 0.00967669 0.013097 0.0174918 0.023055 0.0299937 0.0385208 0.0488471 0.0611709 0.0756668 0.092474 0.111685 0.133336 0.157398 0.183775 0.212299 0.242733 0.274782 0.308098 0.342292 0.376956 0.411668 0.446017 0.47961 0.512087 0.543131 0.572473 0.599895 0.62523 0.648361 0.669217 0.687762 0.703995 0.717935 0.72962 0.739093 0.746402 0.751587 0.754682 0.755708 0.754671 0.751563 0.746361 0.739031 0.729529 0.717809 0.703824 0.687539 0.668933 0.648011 0.624808 0.5994 0.571906 0.542497 0.511395 0.478872 0.44525 0.410891 0.376191 0.341562 0.307424 0.274185 0.242229 0.211901 0.18349 0.157228 0.133276 0.111727 0.0926051 0.0758711 0.0614308 0.0491445 0.0388386 0.0303165 0.0233699 0.0177884 0.013368 0.00991763 0.00726307 0.00525022 0.00374604 0.00263833 0.00183464 0.00126048 0.000857177 0.000579616 0.000394124 0.000276548 0.000210766 
0.000219462 0.000237853 0.000304724 0.000430234 0.000632315 0.000938066 0.00138553 0.00202585 0.00292566 0.0041696 0.00586256 0.00813158 0.0111268 0.0150214 0.0200095 0.0263031 0.0341259 0.0437056 0.0552643 0.0690066 0.0851076 0.1037 0.124862 0.148608 0.174881 0.203546 0.234395 0.267147 0.301459 0.336939 0.373157 0.409666 0.446017 0.481777 0.516541 0.549947 0.581684 0.611497 0.639188 0.664619 0.6877 0.708391 0.726689 0.742624 0.756244 0.767613 0.776797 0.783861 0.788863 0.791846 0.792837 0.791845 0.78886 0.783851 0.776773 0.767569 0.756172 0.742512 0.726529 0.708171 0.687412 0.664255 0.638744 0.61097 0.581077 0.549266 0.515797 0.480987 0.4452 0.408845 0.372356 0.336183 0.300773 0.266549 0.233903 0.203171 0.174627 0.148475 0.124843 0.103782 0.0852754 0.0692423 0.0555488 0.0440201 0.0344531 0.0266281 0.0203201 0.0153087 0.0113849 0.0083573 0.00605509 0.00432998 0.00305624 0.00212977 0.00146631 0.000999224 0.000677099 0.000461433 0.000324541 0.000247905 
0.000255931 0.000277355 0.00035484 0.000500006 0.00073331 0.0010856 0.00160005 0.00233451 0.0033641 0.00478379 0.00671081 0.00928639 0.0126765 0.0170715 0.0226831 0.0297408 0.0384843 0.0491547 0.0619834 0.0771792 0.0949149 0.115313 0.138436 0.16427 0.192726 0.22363 0.25673 0.291699 0.328147 0.365635 0.403694 0.441844 0.47961 0.516541 0.552225 0.586305 0.618479 0.648512 0.676232 0.701528 0.724345 0.744677 0.762555 0.778039 0.791207 0.802149 0.810955 0.817707 0.822477 0.825319 0.826266 0.825328 0.822494 0.817727 0.810972 0.802155 0.791192 0.777992 0.762465 0.744531 0.724131 0.701235 0.675853 0.648042 0.617917 0.585654 0.551496 0.515746 0.47877 0.440982 0.402836 0.364808 0.327378 0.291013 0.256148 0.223165 0.192387 0.16406 0.13835 0.115341 0.095041 0.0773856 0.0622501 0.0494616 0.0388123 0.0300731 0.0230057 0.0173736 0.0129508 0.00952837 0.00691885 0.0049583 0.00350707 0.00244894 0.00168944 0.00115358 0.000783282 0.000534933 0.000377084 0.000288664 
0.000295469 0.000320172 0.000409076 0.000575344 0.000842104 0.00124414 0.00183003 0.00266461 0.0038318 0.00543729 0.00761093 0.0105084 0.0143117 0.0192282 0.0254871 0.0333345 0.0430252 0.0548121 0.068934 0.0856017 0.104983 0.127187 0.152254 0.180144 0.210731 0.243799 0.27905 0.31611 0.354541 0.393862 0.433565 0.473139 0.512087 0.549947 0.586305 0.62081 0.653177 0.683195 0.710721 0.735676 0.758042 0.777846 0.795153 0.810057 0.822665 0.83309 0.841445 0.847831 0.852331 0.855009 0.855905 0.85503 0.852369 0.847882 0.841504 0.833147 0.82271 0.810078 0.795137 0.777778 0.757909 0.735465 0.710419 0.682795 0.652675 0.620206 0.585606 0.549165 0.511241 0.472252 0.432664 0.392976 0.353701 0.315343 0.278381 0.243247 0.210308 0.179856 0.152099 0.127156 0.105063 0.0857743 0.0691786 0.0551073 0.0433504 0.0336712 0.0258193 0.0195433 0.0146009 0.0107659 0.00783403 0.00562574 0.00398714 0.00278961 0.00192816 0.00131909 0.000897407 0.000614119 0.000433832 0.000332788 
0.000337733 0.00036593 0.000466948 0.000655562 0.000957682 0.00141219 0.00207323 0.00301287 0.00432406 0.00612339 0.00855353 0.0117847 0.0160149 0.021468 0.0283904 0.037044 0.0476971 0.0606132 0.0760364 0.0941767 0.115194 0.139181 0.166157 0.196047 0.228688 0.263821 0.3011 0.340105 0.380351 0.421315 0.462455 0.503232 0.543131 0.581684 0.618479 0.653177 0.685516 0.715308 0.742444 0.766881 0.788636 0.807772 0.82439 0.838612 0.850576 0.860418 0.86827 0.874249 0.878452 0.880951 0.881789 0.880981 0.87851 0.874331 0.868368 0.860524 0.85068 0.838701 0.824449 0.807787 0.788589 0.766757 0.742228 0.714989 0.685086 0.652635 0.617826 0.580931 0.542296 0.502335 0.461526 0.420384 0.37945 0.339265 0.300351 0.263185 0.228182 0.195681 0.165931 0.13909 0.115224 0.0943118 0.0762551 0.0608932 0.0480165 0.0373822 0.0287299 0.0217944 0.0163176 0.0120567 0.00879108 0.00632541 0.00449158 0.0031484 0.00218013 0.00149418 0.0010184 0.000698261 0.000494276 0.000379887 
