2.80546e-08 2.95277e-08 3.77869e-08 5.44134e-08 8.24137e-08 1.26625e-07 1.94293e-07 2.95881e-07 4.46146e-07 6.65516e-07 9.81831e-07 1.43245e-06 2.06676e-06 2.9491e-06 4.16204e-06 5.80989e-06 8.02246e-06 1.09587e-05 1.481e-05 1.98031e-05 2.62017e-05 3.43067e-05 4.4455e-05 5.70153e-05 7.23815e-05 9.09638e-05 0.000113175 0.000139416 0.000170057 0.000205414 0.000245732 0.000291157 0.000341716 0.000397298 0.000457636 0.0005223 0.000590685 0.000662021 0.000735377 0.000809681 0.000883743 0.000956289 0.00102599 0.00109152 0.00115157 0.0012049 0.0012504 0.00128708 0.00131416 0.00133103 0.00133733 0.00133291 0.00131789 0.0012926 0.0012576 0.00121366 0.00116173 0.0011029 0.0010384 0.000969522 0.000897587 0.000823922 0.000749805 0.000676434 0.000604893 0.00053613 0.000470937 0.00040994 0.000353594 0.000302191 0.000255869 0.000214623 0.000178331 0.000146769 0.000119637 9.65809e-05 7.72105e-05 6.1121e-05 4.79073e-05 3.71773e-05 2.85621e-05 2.17223e-05 1.63529e-05 1.21852e-05 8.98633e-06 6.55876e-06 4.73722e-06 3.3858e-06 2.39449e-06 1.67555e-06 1.16005e-06 7.94624e-07 5.38554e-07 3.61198e-07 2.39837e-07 1.57877e-07 1.03393e-07 6.79851e-08 4.5906e-08 3.34342e-08 
2.95277e-08 3.11012e-08 3.98689e-08 5.752e-08 8.72661e-08 1.34277e-07 2.06301e-07 3.14537e-07 4.74785e-07 7.08941e-07 1.04685e-06 1.5286e-06 2.2072e-06 3.15172e-06 4.45084e-06 6.21661e-06 8.58848e-06 1.17372e-05 1.58685e-05 2.12257e-05 2.80921e-05 3.67909e-05 4.76834e-05 6.11652e-05 7.76588e-05 9.76035e-05 0.000121442 0.000149602 0.000182478 0.00022041 0.000263655 0.000312368 0.000366576 0.000426156 0.00049082 0.000560102 0.000633354 0.000709747 0.000788284 0.000867815 0.00094707 0.00102468 0.00109924 0.00116931 0.00123351 0.00129052 0.00133913 0.00137832 0.00140724 0.00142525 0.00143195 0.00142721 0.00141113 0.00138407 0.00134663 0.00129963 0.00124409 0.00118117 0.00111217 0.00103848 0.000961509 0.000882677 0.000803348 0.000724805 0.000648207 0.00057457 0.000504744 0.000439399 0.000379028 0.000323944 0.000274296 0.000230084 0.000191176 0.000157336 0.000128244 0.00010352 8.27482e-05 6.54947e-05 5.13257e-05 3.98209e-05 3.05847e-05 2.32531e-05 1.74989e-05 1.30336e-05 9.60748e-06 7.00841e-06 5.05902e-06 3.61347e-06 2.55369e-06 1.78558e-06 1.2352e-06 8.45341e-07 5.72374e-07 3.83482e-07 2.5435e-07 1.67228e-07 1.09372e-07 7.18122e-08 4.84145e-08 3.52112e-08 
3.77869e-08 3.98689e-08 5.11608e-08 7.38294e-08 1.11984e-07 1.72227e-07 2.64444e-07 4.02898e-07 6.07686e-07 9.06611e-07 1.33751e-06 1.95111e-06 2.81434e-06 4.01429e-06 5.66245e-06 7.89944e-06 1.08998e-05 1.48768e-05 2.00866e-05 2.68315e-05 3.54623e-05 4.6378e-05 6.00233e-05 7.68835e-05 9.74749e-05 0.000122332 0.00015199 0.000186966 0.000227731 0.000274686 0.000328131 0.000388237 0.000455018 0.000528306 0.00060773 0.000692705 0.000782427 0.000875874 0.000971823 0.00106887 0.00116548 0.00125998 0.00135067 0.00143583 0.00151379 0.00158295 0.00164189 0.00168936 0.00172435 0.0017461 0.00175414 0.0017483 0.00172871 0.0016958 0.00165031 0.00159319 0.00152568 0.00144918 0.00136525 0.00127555 0.0011818 0.0010857 0.000988919 0.000892998 0.000799357 0.000709236 0.000623678 0.000543515 0.000469357 0.000401604 0.000340454 0.000285922 0.000237863 0.000196002 0.000159961 0.000129286 0.000103474 8.20026e-05 6.43426e-05 4.99818e-05 3.84355e-05 2.92568e-05 2.20425e-05 1.64362e-05 1.21289e-05 8.85697e-06 6.39981e-06 4.57549e-06 3.23648e-06 2.2649e-06 1.56801e-06 1.07389e-06 7.2761e-07 4.87784e-07 3.23708e-07 2.12937e-07 1.39336e-07 9.15363e-08 6.17594e-08 4.4971e-08 
5.44134e-08 5.752e-08 7.38294e-08 1.0644e-07 1.61207e-07 2.47513e-07 3.7937e-07 5.76946e-07 8.68581e-07 1.29338e-06 1.90438e-06 2.77251e-06 3.99104e-06 5.68091e-06 7.99648e-06 1.11317e-05 1.53266e-05 2.08729e-05 2.81201e-05 3.74791e-05 4.9424e-05 6.44923e-05 8.32802e-05 0.000106435 0.000134641 0.000168603 0.000209023 0.000256571 0.000311853 0.000375375 0.000447508 0.000528444 0.000618168 0.00071642 0.000822677 0.000936132 0.00105569 0.00117999 0.0013074 0.00143605 0.00156392 0.00168882 0.00180853 0.00192079 0.00202344 0.0021144 0.00219184 0.00225414 0.0023 0.00232844 0.00233886 0.00233104 0.00230515 0.00226176 0.0022018 0.00212653 0.00203754 0.00193665 0.00182588 0.0017074 0.00158344 0.00145623 0.00132795 0.00120065 0.00107618 0.000956206 0.000842115 0.000735027 0.00063578 0.000544929 0.000462769 0.000389348 0.000324507 0.000267905 0.000219064 0.000177401 0.000142265 0.000112968 8.88171e-05 6.9132e-05 5.32681e-05 4.0628e-05 3.06703e-05 2.29145e-05 1.69422e-05 1.23955e-05 8.97345e-06 6.42733e-06 4.5546e-06 3.19296e-06 2.21432e-06 1.51909e-06 1.03094e-06 6.92239e-07 4.60113e-07 3.03139e-07 1.98681e-07 1.30757e-07 8.84128e-08 6.45519e-08 
8.24137e-08 8.72661e-08 1.11984e-07 1.61207e-07 2.4367e-07 3.73331e-07 5.70975e-07 8.66435e-07 1.30151e-06 1.93368e-06 2.8407e-06 4.1261e-06 5.92566e-06 8.41474e-06 1.18163e-05 1.64095e-05 2.25382e-05 3.06191e-05 4.11487e-05 5.47082e-05 7.19657e-05 9.36742e-05 0.000120665 0.000153835 0.000194129 0.000242511 0.000299934 0.0003673 0.000445415 0.000534939 0.000636336 0.000749825 0.000875331 0.00101244 0.00116039 0.00131802 0.00148379 0.00165578 0.00183174 0.00200911 0.0021851 0.00235675 0.00252101 0.00267485 0.00281534 0.0029397 0.00304545 0.00313043 0.00319289 0.00323153 0.00324556 0.00323469 0.00319914 0.00313968 0.00305756 0.00295447 0.00283254 0.00269423 0.00254226 0.00237956 0.00220914 0.00203404 0.00185722 0.00168148 0.00150937 0.00134319 0.00118487 0.00103598 0.000897707 0.000770866 0.000655907 0.000552943 0.000461799 0.000382048 0.000313063 0.000254071 0.000204196 0.000162505 0.000128048 9.98903e-05 7.71406e-05 5.89673e-05 4.4614e-05 3.34061e-05 2.47537e-05 1.81502e-05 1.31679e-05 9.45176e-06 6.71191e-06 4.71509e-06 3.27661e-06 2.25238e-06 1.53162e-06 1.03044e-06 6.86234e-07 4.53001e-07 2.97507e-07 1.96237e-07 1.33039e-07 9.7438e-08 
1.26625e-07 1.34277e-07 1.72227e-07 2.47513e-07 3.73331e-07 5.70708e-07 8.70876e-07 1.31853e-06 1.97609e-06 2.92914e-06 4.29304e-06 6.22091e-06 8.91281e-06 1.26262e-05 1.76871e-05 2.45023e-05 3.35705e-05 4.5494e-05 6.09868e-05 8.08814e-05 0.00010613 0.0001378 0.000177064 0.000225181 0.000283467 0.000353256 0.000435857 0.000532496 0.000644252 0.000771993 0.000916303 0.00107741 0.00125515 0.00144886 0.0016574 0.0018791 0.00211176 0.00235267 0.00259867 0.0028462 0.00309139 0.00333016 0.00355832 0.00377173 0.00396636 0.00413845 0.00428463 0.00440196 0.00448809 0.00454127 0.00456041 0.00454512 0.00449575 0.0044133 0.00429947 0.00415659 0.00398752 0.00379561 0.00358458 0.00335842 0.00312127 0.0028773 0.00263057 0.00238496 0.00214404 0.001911 0.00168856 0.00147896 0.0012839 0.00110458 0.0009417 0.000795476 0.000665731 0.000551928 0.000453245 0.000368645 0.000296936 0.000236839 0.000187042 0.000146243 0.000113193 8.67229e-05 6.57624e-05 4.93529e-05 3.66523e-05 2.69345e-05 1.95841e-05 1.4088e-05 1.00259e-05 7.05823e-06 4.91528e-06 3.38586e-06 2.30713e-06 1.55535e-06 1.03791e-06 6.86563e-07 4.51866e-07 2.98756e-07 2.03098e-07 1.49219e-07 
1.94293e-07 2.06301e-07 2.64444e-07 3.7937e-07 5.70975e-07 8.70876e-07 1.3259e-06 2.00287e-06 2.99485e-06 4.42899e-06 6.47614e-06 9.36227e-06 1.33816e-05 1.89113e-05 2.64275e-05 3.65213e-05 4.99151e-05 6.74771e-05 9.02325e-05 0.000119371 0.000156246 0.000202369 0.00025939 0.00032907 0.000413237 0.000513735 0.000632354 0.000770752 0.000930369 0.00111233 0.00131737 0.0015457 0.00179697 0.00207018 0.00236363 0.00267491 0.00300089 0.00333775 0.00368108 0.00402592 0.00436693 0.00469848 0.00501485 0.00531036 0.00557954 0.00581728 0.006019 0.00618075 0.00629933 0.00637239 0.00639848 0.00637708 0.00630864 0.00619455 0.0060371 0.00583943 0.00560543 0.00533965 0.00504714 0.00473333 0.0044039 0.00406453 0.00372083 0.00337816 0.00304147 0.00271519 0.00240317 0.00210856 0.00183382 0.0015807 0.00135026 0.0011429 0.000958478 0.000796317 0.000655351 0.000534196 0.000431239 0.000344732 0.000272863 0.000213827 0.00016588 0.000127378 9.681e-05 7.28173e-05 5.41998e-05 3.99185e-05 2.90889e-05 2.09714e-05 1.49569e-05 1.05523e-05 7.36406e-06 5.08333e-06 3.47097e-06 2.34477e-06 1.56791e-06 1.0393e-06 6.85507e-07 4.54308e-07 3.09694e-07 2.28246e-07 
2.95881e-07 3.14537e-07 4.02898e-07 5.76946e-07 8.66435e-07 1.31853e-06 2.00287e-06 3.01859e-06 4.50329e-06 6.64438e-06 9.69287e-06 1.39796e-05 1.99337e-05 2.81035e-05 3.9178e-05 5.401e-05 7.36369e-05 9.93001e-05 0.000132459 0.0001748 0.000228231 0.000294872 0.000377026 0.000477132 0.000597711 0.00074128 0.000910264 0.00110688 0.00133303 0.00159016 0.00187913 0.00220011 0.00255246 0.00293466 0.00334423 0.0037777 0.00423068 0.00469784 0.00517304 0.00564948 0.00611981 0.00657639 0.00701141 0.00741721 0.00778638 0.00811207 0.00838812 0.00860924 0.00877115 0.00887072 0.00890601 0.00887634 0.00878232 0.00862581 0.00840988 0.00813874 0.00781762 0.00745263 0.00705058 0.0066188 0.00616496 0.00569681 0.00522199 0.00474782 0.00428112 0.00382801 0.00339385 0.00298309 0.00259921 0.00224475 0.00192131 0.00162958 0.00136948 0.00114021 0.000940412 0.000768249 0.000621567 0.000497998 0.00039507 0.000310299 0.000241268 0.000185689 0.000141449 0.000106634 7.95496e-05 5.87197e-05 4.28845e-05 3.09852e-05 2.21469e-05 1.56585e-05 1.09508e-05 7.57515e-06 5.18319e-06 3.50867e-06 2.35104e-06 1.56166e-06 1.03229e-06 6.85765e-07 4.68757e-07 3.46539e-07 
4.46146e-07 4.74785e-07 6.07686e-07 8.68581e-07 1.30151e-06 1.97609e-06 2.99485e-06 4.50329e-06 6.70275e-06 9.86663e-06 1.43598e-05 2.06615e-05 2.93913e-05 4.13375e-05 5.74872e-05 7.90569e-05 0.00010752 0.000144634 0.000192452 0.000253337 0.00032995 0.000425231 0.000542354 0.000684661 0.000855579 0.00105851 0.00129668 0.00157303 0.00189002 0.00224944 0.0026523 0.00309862 0.00358734 0.00411615 0.00468148 0.00527846 0.00590093 0.00654156 0.00719194 0.00784279 0.0084842 0.00910583 0.00969724 0.0102481 0.0107487 0.0111898 0.0115633 0.0118621 0.0120807 0.0122149 0.0122621 0.0122215 0.0120938 0.0118816 0.0115889 0.0112213 0.0107857 0.0102902 0.00974386 0.00915651 0.00853836 0.00789982 0.00725118 0.00660235 0.00596259 0.00534029 0.00474281 0.00417634 0.00364577 0.00315475 0.00270564 0.00229959 0.00193665 0.00161593 0.00133571 0.00109362 0.000886812 0.000712131 0.00056624 0.000445762 0.000347393 0.000267983 0.000204604 0.000154598 0.000115592 8.55172e-05 6.25951e-05 4.53268e-05 3.24688e-05 2.30062e-05 1.6124e-05 1.11773e-05 7.66395e-06 5.19877e-06 3.49076e-06 2.3236e-06 1.53932e-06 1.02505e-06 7.02603e-07 5.20998e-07 
6.65516e-07 7.08941e-07 9.06611e-07 1.29338e-06 1.93368e-06 2.92914e-06 4.42899e-06 6.64438e-06 9.86663e-06 1.449e-05 2.10388e-05 3.01995e-05 4.28559e-05 6.01285e-05 8.34149e-05 0.00011443 0.000155243 0.000208307 0.000276482 0.000363037 0.000471635 0.0006063 0.000771352 0.000971309 0.00121077 0.00149425 0.00182601 0.00220985 0.00264888 0.00314532 0.00370023 0.00431338 0.00498303 0.00570579 0.00647659 0.00728863 0.00813345 0.00900105 0.00988008 0.0107581 0.0116218 0.0124574 0.0132513 0.0139897 0.0146598 0.0152495 0.0157484 0.0161471 0.0164384 0.0166169 0.0166793 0.0166245 0.0164534 0.0161695 0.0157778 0.0152858 0.0147025 0.0140384 0.0133055 0.0125166 0.0116853 0.0108253 0.00995031 0.00907351 0.00820736 0.00736319 0.006551 0.00577927 0.00505482 0.00438278 0.0037666 0.0032081 0.00270764 0.00226424 0.00187579 0.00153931 0.00125109 0.00100698 0.000802549 0.000633266 0.000494671 0.000382484 0.000292705 0.000221677 0.000166129 0.000123185 9.03707e-05 6.55865e-05 4.70855e-05 3.34363e-05 2.34847e-05 1.63147e-05 1.12103e-05 7.62038e-06 5.12751e-06 3.42036e-06 2.27092e-06 1.5159e-06 1.04191e-06 7.74948e-07 
9.81831e-07 1.04685e-06 1.33751e-06 1.90438e-06 2.8407e-06 4.29304e-06 6.47614e-06 9.69287e-06 1.43598e-05 2.10388e-05 3.04748e-05 4.36388e-05 6.17771e-05 8.64633e-05 0.000119652 0.000163732 0.000221571 0.000296558 0.000392617 0.000514216 0.000666334 0.000854408 0.00108423 0.00136183 0.00169329 0.00208451 0.00254101 0.00306764 0.00366824 0.00434543 0.00510029 0.00593208 0.00683809 0.00781342 0.00885097 0.0099414 0.0110732 0.012233 0.0134056 0.0145745 0.0157222 0.0168307 0.0178821 0.0188587 0.0197437 0.0205218 0.0211791 0.021704 0.022087 0.0223213 0.0224027 0.0223298 0.0221038 0.021729 0.0212121 0.0205625 0.0197918 0.0189137 0.0179436 0.0168982 0.0157949 0.0146519 0.0134869 0.0123174 0.0111599 0.0100294 0.00893943 0.00790138 0.00692462 0.00601631 0.0051814 0.0044227 0.00374104 0.00313547 0.00260351 0.00214145 0.00174456 0.00140748 0.0011244 0.000889333 0.000696344 0.000539694 0.000413988 0.000314265 0.000236065 0.000175448 0.000129007 9.38391e-05 6.75198e-05 4.80535e-05 3.38255e-05 2.35494e-05 1.62161e-05 1.10467e-05 7.44874e-06 4.97945e-06 3.3135e-06 2.21725e-06 1.5282e-06 1.14007e-06 
1.43245e-06 1.5286e-06 1.95111e-06 2.77251e-06 4.1261e-06 6.22091e-06 9.36227e-06 1.39796e-05 2.06615e-05 3.01995e-05 4.36388e-05 6.23374e-05 8.80313e-05 0.000122903 0.000169655 0.00023157 0.000312579 0.000417297 0.000551047 0.000719854 0.000930394 0.00118991 0.00150608 0.00188682 0.00234003 0.00287335 0.00349378 0.00420736 0.00501878 0.00593099 0.0069449 0.00805899 0.00926913 0.0105684 0.011947 0.0133921 0.0148886 0.0164185 0.0179619 0.0194974 0.0210021 0.0224529 0.0238266 0.0251006 0.0262536 0.027266 0.0281204 0.0288019 0.0292987 0.0296021 0.0297068 0.0296111 0.0293167 0.0288289 0.0281561 0.0273102 0.026306 0.0251608 0.0238942 0.0225274 0.021083 0.019584 0.0180536 0.0165144 0.0149878 0.0134937 0.0120498 0.0106714 0.00937129 0.0081592 0.00704215 0.00602434 0.00510739 0.00429053 0.00357096 0.00294415 0.00240423 0.00194435 0.00155703 0.0012345 0.000968938 0.000752773 0.00057882 0.00044044 0.000331625 0.000247049 0.000182077 0.000132747 9.57324e-05 6.82856e-05 4.8174e-05 3.36124e-05 2.31958e-05 1.58354e-05 1.07007e-05 7.16898e-06 4.78132e-06 3.20736e-06 2.21679e-06 1.65875e-06 
2.06676e-06 2.2072e-06 2.81434e-06 3.99104e-06 5.92566e-06 8.91281e-06 1.33816e-05 1.99337e-05 2.93913e-05 4.28559e-05 6.17771e-05 8.80313e-05 0.000124007 0.000172698 0.000237788 0.000323742 0.000435873 0.000580391 0.000764423 0.000995986 0.00128392 0.00163774 0.00206747 0.00258334 0.00319551 0.00391365 0.0047465 0.00570145 0.00678402 0.00799741 0.00934206 0.0108153 0.012411 0.0141194 0.0159273 0.0178177 0.0197702 0.0217616 0.0237661 0.025756 0.0277022 0.0295752 0.0313456 0.032985 0.0344665 0.0357657 0.0368609 0.0377335 0.0383689 0.0387564 0.0388894 0.0387658 0.0383877 0.0377615 0.036898 0.0358119 0.0345215 0.0330485 0.0314173 0.0296548 0.0277893 0.0258501 0.0238665 0.0218675 0.0198807 0.0179318 0.0160439 0.0142374 0.012529 0.010932 0.00945633 0.00810802 0.00688988 0.00580161 0.00484018 0.00400024 0.00327461 0.00265473 0.00213113 0.00169382 0.00133272 0.00103793 0.000800023 0.000610232 0.000460572 0.000343927 0.000254074 0.00018567 0.000134207 9.59478e-05 6.78414e-05 4.74402e-05 3.28103e-05 2.24478e-05 1.52021e-05 1.02071e-05 6.82324e-06 4.58851e-06 3.18028e-06 2.38683e-06 
2.9491e-06 3.15172e-06 4.01429e-06 5.68091e-06 8.41474e-06 1.26262e-05 1.89113e-05 2.81035e-05 4.13375e-05 6.01285e-05 8.64633e-05 0.000122903 0.000172698 0.000239898 0.000329473 0.000447413 0.000600814 0.000797927 0.00104817 0.00136208 0.00175118 0.00222783 0.00280491 0.00349549 0.00431236 0.00526759 0.0063719 0.00763411 0.00906052 0.0106543 0.0124152 0.0143386 0.0164158 0.0186335 0.0209736 0.023414 0.0259281 0.028486 0.0310546 0.0335989 0.0360821 0.0384673 0.0407178 0.0427985 0.044676 0.0463203 0.0477047 0.0488066 0.0496082 0.0500962 0.0502629 0.0501054 0.0496266 0.0488343 0.0477415 0.0463663 0.0447311 0.0428625 0.0407908 0.038549 0.0361723 0.0336973 0.0311607 0.0285991 0.0260475 0.0235386 0.0211024 0.018765 0.0165488 0.0144716 0.0125466 0.0107828 0.00918455 0.00775251 0.00648359 0.00537169 0.00440821 0.00358267 0.00288324 0.00229733 0.00181208 0.00141476 0.00109318 0.00083589 0.000632424 0.000473396 0.000350554 0.00025678 0.000186041 0.000133312 9.44749e-05 6.62131e-05 4.58957e-05 3.14697e-05 2.13588e-05 1.43729e-05 9.63023e-06 6.49247e-06 4.51258e-06 3.39686e-06 
4.16204e-06 4.45084e-06 5.66245e-06 7.99648e-06 1.18163e-05 1.76871e-05 2.64275e-05 3.9178e-05 5.74872e-05 8.34149e-05 0.000119652 0.000169655 0.000237788 0.000329473 0.000451327 0.000611292 0.000818725 0.00108445 0.00142076 0.00184131 0.00236096 0.00299549 0.00376124 0.00467463 0.00575157 0.00700681 0.00845324 0.0101011 0.0119574 0.0140249 0.016302 0.0187815 0.0214512 0.0242929 0.027283 0.0303924 0.0335872 0.0368293 0.0400771 0.0432867 0.0464125 0.0494088 0.0522308 0.0548353 0.057182 0.0592344 0.0609602 0.0623325 0.0633295 0.0639358 0.0641417 0.0639442 0.0633464 0.0623579 0.0609944 0.0592773 0.0572339 0.0548963 0.052301 0.0494884 0.0465015 0.0433851 0.0401847 0.0369457 0.0337117 0.0305241 0.0274208 0.0244356 0.0215972 0.0189292 0.0164496 0.0141708 0.0120998 0.0102384 0.00858397 0.00712977 0.00586579 0.00477939 0.00385612 0.00308032 0.00243584 0.00190656 0.00147689 0.0011321 0.000858651 0.000644308 0.000478271 0.000351171 0.00025503 0.000183174 0.00013011 9.13956e-05 6.34933e-05 4.3633e-05 2.968e-05 2.00174e-05 1.34436e-05 9.08636e-06 6.33332e-06 4.78161e-06 
5.80989e-06 6.21661e-06 7.89944e-06 1.11317e-05 1.64095e-05 2.45023e-05 3.65213e-05 5.401e-05 7.90569e-05 0.00011443 0.000163732 0.00023157 0.000323742 0.000447413 0.000611292 0.000825777 0.00110306 0.00145717 0.00190392 0.0024608 0.00314669 0.0039815 0.00498564 0.00617944 0.00758231 0.00921202 0.0110837 0.013209 0.0155951 0.0182441 0.0211521 0.0243085 0.0276964 0.0312915 0.035063 0.0389737 0.0429806 0.047036 0.0510883 0.0550831 0.058965 0.0626783 0.0661687 0.0693845 0.0722774 0.0748039 0.0769257 0.0786109 0.079834 0.0805767 0.0808278 0.0805837 0.079848 0.0786321 0.0769543 0.0748403 0.0723221 0.0694379 0.0662313 0.0627505 0.0590473 0.0551759 0.0511917 0.04715 0.0431048 0.0391074 0.0352054 0.0314412 0.027852 0.0244682 0.0213139 0.018406 0.0157551 0.0133649 0.0112338 0.00935465 0.00771608 0.00630326 0.00509876 0.00408348 0.00323743 0.00254047 0.00197294 0.00151617 0.00115283 0.000867193 0.000645296 0.000474956 0.000345752 0.00024892 0.000177222 0.000124775 8.68793e-05 5.98383e-05 4.07945e-05 2.7576e-05 1.85637e-05 1.2579e-05 8.79259e-06 6.65796e-06 
8.02246e-06 8.58848e-06 1.08998e-05 1.53266e-05 2.25382e-05 3.35705e-05 4.99151e-05 7.36369e-05 0.00010752 0.000155243 0.000221571 0.000312579 0.000435873 0.000600814 0.000818725 0.00110306 0.00146951 0.00193601 0.00252269 0.00325163 0.0041465 0.00523206 0.00653346 0.00807544 0.00988135 0.0119721 0.0143652 0.0170732 0.0201033 0.0234558 0.0271237 0.031092 0.0353374 0.0398282 0.0445249 0.0493803 0.0543408 0.0593473 0.0643367 0.0692431 0.0739996 0.0785395 0.0827984 0.0867149 0.0902324 0.0932998 0.0958726 0.0979136 0.0993934 0.100291 0.100593 0.100295 0.0994029 0.0979281 0.0958926 0.0933259 0.0902653 0.0867555 0.0828475 0.0785982 0.0740687 0.0693235 0.064429 0.059452 0.0544579 0.0495096 0.0446657 0.0399795 0.0354976 0.0312594 0.0272961 0.0236309 0.0202787 0.0172465 0.014534 0.0121345 0.0100352 0.00821932 0.00666616 0.00535278 0.00425483 0.00334752 0.00260641 0.0020081 0.00153074 0.00115435 0.000861106 0.00063535 0.00046363 0.000334581 0.000238769 0.000168499 0.000117592 8.11754e-05 5.54661e-05 3.75795e-05 2.53582e-05 1.72271e-05 1.20758e-05 9.17089e-06 
1.09587e-05 1.17372e-05 1.48768e-05 2.08729e-05 3.06191e-05 4.5494e-05 6.74771e-05 9.93001e-05 0.000144634 0.000208307 0.000296558 0.000417297 0.000580391 0.000797927 0.00108445 0.00145717 0.00193601 0.00254366 0.00330538 0.00424869 0.00540289 0.00679833 0.00846554 0.0104342 0.0127318 0.0153826 0.018406 0.0218155 0.0256172 0.0298088 0.034379 0.0393067 0.0445608 0.0501004 0.0558753 0.0618269 0.067889 0.0739897 0.0800528 0.0859995 0.0917502 0.0972267 0.102353 0.107059 0.111277 0.114951 0.118027 0.120465 0.122231 0.123301 0.123659 0.123302 0.122234 0.120471 0.118035 0.114962 0.111293 0.107081 0.102383 0.0972648 0.0917986 0.0860596 0.0801259 0.0740769 0.0679909 0.0619438 0.0560069 0.050246 0.044719 0.0394758 0.0345568 0.0299929 0.0258047 0.0220037 0.018592 0.0155637 0.0129055 0.0105985 0.00861867 0.00693902 0.00553031 0.00436245 0.00340552 0.00263056 0.00201036 0.00151989 0.00113662 0.000840707 0.00061498 0.000444871 0.000318229 0.000225098 0.000157454 0.000108941 7.46079e-05 5.0665e-05 3.42699e-05 2.33413e-05 1.64081e-05 1.24974e-05 
1.481e-05 1.58685e-05 2.00866e-05 2.81201e-05 4.11487e-05 6.09868e-05 9.02325e-05 0.000132459 0.000192452 0.000276482 0.000392617 0.000551047 0.000764423 0.00104817 0.00142076 0.00190392 0.00252269 0.00330538 0.0042833 0.00549034 0.00696223 0.00873569 0.0108472 0.0133318 0.0162213 0.0195432 0.0233185 0.0275607 0.0322738 0.037452 0.0430779 0.0491225 0.0555453 0.0622941 0.0693063 0.0765096 0.0838237 0.0911623 0.0984347 0.105548 0.112409 0.118928 0.125016 0.130593 0.135585 0.139923 0.143553 0.146425 0.148503 0.14976 0.15018 0.149758 0.148499 0.146419 0.143545 0.139916 0.135579 0.130591 0.125019 0.118938 0.112429 0.105579 0.0984798 0.0912229 0.0839011 0.0766048 0.0694196 0.0624253 0.0556934 0.0492859 0.0432545 0.0376392 0.0324686 0.0277597 0.0235186 0.019741 0.0164137 0.013516 0.011021 0.00889704 0.00710984 0.00562337 0.00440143 0.00340874 0.00261182 0.00197966 0.00148419 0.00110053 0.000807019 0.000585205 0.000419614 0.000297511 0.00020859 0.000144653 9.92921e-05 6.75839e-05 4.58238e-05 3.12914e-05 2.20591e-05 1.685e-05 
1.98031e-05 2.12257e-05 2.68315e-05 3.74791e-05 5.47082e-05 8.08814e-05 0.000119371 0.0001748 0.000253337 0.000363037 0.000514216 0.000719854 0.000995986 0.00136208 0.00184131 0.0024608 0.00325163 0.00424869 0.00549034 0.00701772 0.00887388 0.0111026 0.0137468 0.016847 0.0204397 0.0245549 0.0292149 0.0344318 0.0402068 0.0465283 0.0533714 0.0606972 0.0684536 0.0765751 0.0849845 0.0935941 0.102308 0.111023 0.119634 0.128033 0.136112 0.143769 0.150904 0.157426 0.163251 0.168307 0.17253 0.175868 0.178281 0.179738 0.180223 0.179731 0.178266 0.175848 0.172504 0.168277 0.163219 0.157394 0.150874 0.143744 0.136096 0.128027 0.119642 0.111048 0.102351 0.0936574 0.0850694 0.0766819 0.0685819 0.0608459 0.0535384 0.0467112 0.0404023 0.0346364 0.0294246 0.0247661 0.0206484 0.0170498 0.0139405 0.0112846 0.00904228 0.00717103 0.00562777 0.00437001 0.0033571 0.00255112 0.0019175 0.00142539 0.00104783 0.000761683 0.000547468 0.000389079 0.000273427 0.000190054 0.000130756 8.92071e-05 6.06308e-05 4.15097e-05 2.93453e-05 2.24796e-05 
2.62017e-05 2.80921e-05 3.54623e-05 4.9424e-05 7.19657e-05 0.00010613 0.000156246 0.000228231 0.00032995 0.000471635 0.000666334 0.000930394 0.00128392 0.00175118 0.00236096 0.00314669 0.0041465 0.00540289 0.00696223 0.00887388 0.011189 0.0139589 0.0172335 0.021059 0.0254759 0.0305166 0.0362031 0.0425456 0.0495401 0.0571678 0.0653939 0.0741676 0.0834226 0.0930782 0.10304 0.113204 0.123456 0.133677 0.143744 0.153533 0.162923 0.171799 0.18005 0.187575 0.194284 0.200096 0.204944 0.208771 0.211533 0.2132 0.213754 0.213188 0.211508 0.208734 0.204897 0.200041 0.194222 0.187509 0.179982 0.171733 0.162863 0.153481 0.143705 0.133655 0.123455 0.113225 0.103086 0.0931498 0.0835205 0.0742912 0.0655417 0.0573375 0.0497284 0.0427487 0.0364168 0.0307364 0.0256974 0.0212778 0.0174456 0.0141609 0.0113781 0.009048 0.00711991 0.00554339 0.00426971 0.00325306 0.00245137 0.00182686 0.0013463 0.000981043 0.000706837 0.000503534 0.000354689 0.000247109 0.000170402 0.000116526 7.93893e-05 5.44929e-05 3.86322e-05 2.96771e-05 
3.43067e-05 3.67909e-05 4.6378e-05 6.44923e-05 9.36742e-05 0.0001378 0.000202369 0.000294872 0.000425231 0.0006063 0.000854408 0.00118991 0.00163774 0.00222783 0.00299549 0.0039815 0.00523206 0.00679833 0.00873569 0.0111026 0.0139589 0.0173642 0.0213754 0.0260442 0.0314146 0.0375203 0.0443823 0.0520064 0.0603821 0.0694807 0.0792553 0.0896407 0.100554 0.111897 0.123557 0.13541 0.147324 0.159162 0.170782 0.182048 0.192822 0.202979 0.212396 0.220965 0.228589 0.235181 0.240671 0.244999 0.24812 0.250002 0.250625 0.249984 0.248084 0.244946 0.240602 0.235098 0.228494 0.220861 0.212286 0.202866 0.192712 0.181944 0.17069 0.159085 0.147268 0.135379 0.123553 0.111922 0.10061 0.0897282 0.0793732 0.069627 0.0605539 0.0521998 0.0445926 0.0377427 0.0316439 0.0262752 0.0216033 0.0175846 0.014168 0.0112974 0.00891408 0.0069589 0.00537418 0.00410525 0.00310152 0.00231724 0.00171195 0.00125056 0.000903203 0.000644952 0.000455369 0.000317988 0.000219784 0.000150645 0.000102882 7.08007e-05 5.03338e-05 3.87736e-05 
4.4455e-05 4.76834e-05 6.00233e-05 8.32802e-05 0.000120665 0.000177064 0.00025939 0.000377026 0.000542354 0.000771352 0.00108423 0.00150608 0.00206747 0.00280491 0.00376124 0.00498564 0.00653346 0.00846554 0.0108472 0.0137468 0.0172335 0.0213754 0.0262362 0.0318729 0.0383321 0.0456475 0.0538372 0.0629009 0.0728188 0.0835502 0.0950334 0.107186 0.119907 0.133076 0.146563 0.160221 0.173899 0.187441 0.20069 0.213492 0.225699 0.237171 0.247781 0.257412 0.265962 0.273341 0.279475 0.284305 0.287783 0.289879 0.290571 0.289855 0.287736 0.284235 0.279384 0.273229 0.265833 0.257269 0.247627 0.23701 0.225534 0.21333 0.200537 0.187302 0.17378 0.160127 0.146498 0.133044 0.11991 0.107226 0.0951101 0.0836623 0.0729638 0.063075 0.0540358 0.0458652 0.0385631 0.0321113 0.0264762 0.0216114 0.0174609 0.0139615 0.0110462 0.00864663 0.00669534 0.00512788 0.00388413 0.00290934 0.00215478 0.00157791 0.00114239 0.00081769 0.000578684 0.000405036 0.000280594 0.000192772 0.00013197 9.10509e-05 6.49095e-05 5.01385e-05 
5.70153e-05 6.11652e-05 7.68835e-05 0.000106435 0.000153835 0.000225181 0.00032907 0.000477132 0.000684661 0.000971309 0.00136183 0.00188682 0.00258334 0.00349549 0.00467463 0.00617944 0.00807544 0.0104342 0.0133318 0.016847 0.021059 0.0260442 0.0318729 0.0386063 0.0462927 0.054964 0.0646333 0.0752919 0.086908 0.0994261 0.112767 0.126828 0.141487 0.156602 0.17202 0.187574 0.203091 0.218397 0.233318 0.247687 0.261344 0.274141 0.285943 0.296628 0.306091 0.314242 0.321007 0.326325 0.330151 0.332454 0.333214 0.332425 0.330093 0.326239 0.320894 0.314103 0.305929 0.296445 0.285743 0.273929 0.261125 0.247466 0.233101 0.218191 0.202903 0.18741 0.171886 0.156503 0.141426 0.126809 0.112791 0.0994927 0.0870152 0.0754364 0.0648106 0.0551686 0.0465182 0.038846 0.0321201 0.0262923 0.0213023 0.0170802 0.0135507 0.0106357 0.00825753 0.00634097 0.00481542 0.0036161 0.00268494 0.00197098 0.00143041 0.00102629 0.000728007 0.000510726 0.000354624 0.000244196 0.000167574 0.00011591 8.28582e-05 6.41747e-05 
7.23815e-05 7.76588e-05 9.74749e-05 0.000134641 0.000194129 0.000283467 0.000413237 0.000597711 0.000855579 0.00121077 0.00169329 0.00234003 0.00319551 0.00431236 0.00575157 0.00758231 0.00988135 0.0127318 0.0162213 0.0204397 0.0254759 0.0314146 0.0383321 0.0462927 0.0553445 0.0655158 0.0768121 0.0892136 0.102674 0.117119 0.132449 0.14854 0.165245 0.1824 0.199826 0.217334 0.234733 0.251828 0.268433 0.284366 0.299458 0.313555 0.326517 0.338221 0.348561 0.357449 0.364812 0.370592 0.374745 0.377242 0.378065 0.377209 0.374678 0.370492 0.36468 0.357286 0.348369 0.338002 0.326275 0.313294 0.299184 0.284084 0.26815 0.251553 0.234471 0.217095 0.199615 0.182225 0.165112 0.148453 0.13241 0.117129 0.102732 0.0893178 0.0769581 0.065698 0.0555562 0.0465267 0.0385807 0.0316702 0.0257315 0.0206889 0.0164587 0.0129532 0.0100836 0.00776361 0.00591104 0.00445014 0.00331247 0.00243761 0.00177333 0.00127533 0.000906774 0.000637599 0.000443728 0.000306257 0.00021066 0.000146081 0.000104708 8.13115e-05 
9.09638e-05 9.76035e-05 0.000122332 0.000168603 0.000242511 0.000353256 0.000513735 0.00074128 0.00105851 0.00149425 0.00208451 0.00287335 0.00391365 0.00526759 0.00700681 0.00921202 0.0119721 0.0153826 0.0195432 0.0245549 0.0305166 0.0375203 0.0456475 0.054964 0.0655158 0.0773251 0.0903869 0.104667 0.120102 0.136596 0.154026 0.172243 0.191074 0.21033 0.229807 0.249294 0.26858 0.287455 0.305716 0.323173 0.339651 0.35499 0.369051 0.381711 0.392867 0.402435 0.410346 0.416546 0.420997 0.42367 0.424551 0.423633 0.420923 0.416435 0.410198 0.402252 0.39265 0.381461 0.368772 0.354686 0.339326 0.322834 0.30537 0.28711 0.268244 0.248977 0.229516 0.210074 0.19086 0.172078 0.153914 0.136539 0.120101 0.10472 0.0904911 0.077475 0.0657049 0.0551844 0.0458909 0.037778 0.0307803 0.024817 0.019797 0.0156226 0.0121941 0.00941313 0.00718544 0.00542328 0.00404687 0.00298533 0.00217699 0.00156931 0.00111838 0.000788178 0.000549763 0.000380305 0.00026221 0.000182282 0.000131004 0.000101994 
0.000113175 0.000121442 0.00015199 0.000209023 0.000299934 0.000435857 0.000632354 0.000910264 0.00129668 0.00182601 0.00254101 0.00349378 0.0047465 0.0063719 0.00845324 0.0110837 0.0143652 0.018406 0.0233185 0.0292149 0.0362031 0.0443823 0.0538372 0.0646333 0.0768121 0.0903869 0.10534 0.121618 0.139138 0.157779 0.177393 0.197801 0.218805 0.240189 0.261723 0.283176 0.304317 0.324921 0.344774 0.36368 0.381458 0.39795 0.413018 0.426544 0.438432 0.448603 0.456995 0.463562 0.468269 0.471095 0.472025 0.471056 0.468191 0.463444 0.456837 0.448406 0.438196 0.426271 0.41271 0.39761 0.38109 0.36329 0.34437 0.32451 0.30391 0.282781 0.26135 0.239848 0.218506 0.197551 0.177199 0.157645 0.139067 0.12161 0.105392 0.0904948 0.0769692 0.0648317 0.0540679 0.0446358 0.0364699 0.029486 0.0235859 0.0186627 0.0146058 0.0113042 0.00865115 0.00654599 0.00489671 0.00362099 0.00264681 0.00191243 0.00136602 0.000964876 0.000674517 0.000467655 0.000323184 0.000225222 0.000162289 0.000126669 
0.000139416 0.000149602 0.000186966 0.000256571 0.0003673 0.000532496 0.000770752 0.00110688 0.00157303 0.00220985 0.00306764 0.00420736 0.00570145 0.00763411 0.0101011 0.013209 0.0170732 0.0218155 0.0275607 0.0344318 0.0425456 0.0520064 0.0629009 0.0752919 0.0892136 0.104667 0.121618 0.139994 0.159685 0.180544 0.202393 0.225026 0.248215 0.271715 0.295275 0.318641 0.341565 0.36381 0.385154 0.405397 0.424358 0.441883 0.457839 0.472117 0.484629 0.495308 0.5041 0.510968 0.515885 0.518834 0.519805 0.518795 0.515806 0.510848 0.503939 0.495105 0.484384 0.47183 0.457511 0.441517 0.423958 0.404967 0.384701 0.363342 0.341092 0.318173 0.294823 0.27129 0.247828 0.224688 0.202112 0.180327 0.159536 0.139915 0.121609 0.104723 0.0893295 0.0754596 0.0631111 0.052249 0.0428098 0.0347074 0.0278381 0.0220865 0.0173309 0.0134481 0.0103181 0.00782676 0.00586912 0.00435048 0.0031875 0.00230841 0.00165258 0.00116988 0.000819635 0.00056953 0.000394486 0.000275576 0.000199082 0.000155766 
0.000170057 0.000182478 0.000227731 0.000311853 0.000445415 0.000644252 0.000930369 0.00133303 0.00189002 0.00264888 0.00366824 0.00501878 0.00678402 0.00906052 0.0119574 0.0155951 0.0201033 0.0256172 0.0322738 0.0402068 0.0495401 0.0603821 0.0728188 0.086908 0.102674 0.120102 0.139138 0.159685 0.181604 0.204722 0.228827 0.253682 0.279029 0.304598 0.330112 0.3553 0.379898 0.403659 0.426359 0.447794 0.467792 0.486201 0.502903 0.517797 0.530811 0.541888 0.550987 0.558082 0.563155 0.566195 0.567196 0.566157 0.563078 0.557966 0.550829 0.541687 0.530566 0.517508 0.502568 0.485822 0.46737 0.447336 0.425868 0.403144 0.379368 0.354766 0.329586 0.304092 0.278556 0.253254 0.228455 0.204416 0.181371 0.159527 0.139058 0.120097 0.102739 0.0870365 0.0730007 0.0606065 0.0497956 0.0404818 0.0325574 0.0258995 0.0203759 0.0158515 0.0121927 0.00927159 0.00696937 0.00517826 0.00380279 0.00276025 0.00198045 0.00140505 0.00098653 0.000686992 0.000476913 0.000333947 0.000241854 0.000189683 
0.000205414 0.00022041 0.000274686 0.000375375 0.000534939 0.000771993 0.00111233 0.00159016 0.00224944 0.00314532 0.00434543 0.00593099 0.00799741 0.0106543 0.0140249 0.0182441 0.0234558 0.0298088 0.037452 0.0465283 0.0571678 0.0694807 0.0835502 0.0994261 0.117119 0.136596 0.157779 0.180544 0.204722 0.230105 0.25645 0.283488 0.310932 0.338483 0.365844 0.392726 0.418854 0.443976 0.467865 0.490323 0.511184 0.530311 0.547596 0.562957 0.576335 0.587689 0.596995 0.604236 0.609406 0.612503 0.613523 0.612468 0.609336 0.604129 0.596848 0.5875 0.576101 0.562676 0.547267 0.529932 0.510757 0.48985 0.46735 0.443427 0.41828 0.392137 0.365253 0.337903 0.310377 0.282974 0.255989 0.229708 0.2044 0.180303 0.157622 0.136523 0.117126 0.0995072 0.0836959 0.0696798 0.0574082 0.0467973 0.0377372 0.0300989 0.0237409 0.0185161 0.0142776 0.0108834 0.00820039 0.00610709 0.00449511 0.00327003 0.00235133 0.00167175 0.00117629 0.000820882 0.000571111 0.000400832 0.000291002 0.000228754 
0.000245732 0.000263655 0.000328131 0.000447508 0.000636336 0.000916303 0.00131737 0.00187913 0.0026523 0.00370023 0.00510029 0.0069449 0.00934206 0.0124152 0.016302 0.0211521 0.0271237 0.034379 0.0430779 0.0533714 0.0653939 0.0792553 0.0950334 0.112767 0.132449 0.154026 0.177393 0.202393 0.228827 0.25645 0.284987 0.314134 0.343576 0.37299 0.402057 0.430475 0.45796 0.484258 0.509147 0.532436 0.553971 0.573632 0.591327 0.606994 0.620592 0.632098 0.641504 0.648808 0.654016 0.657132 0.658161 0.657103 0.653956 0.648715 0.641375 0.63193 0.62038 0.606735 0.591017 0.573268 0.553553 0.531964 0.508625 0.483691 0.457356 0.429843 0.401412 0.372345 0.342947 0.313537 0.284437 0.255963 0.228414 0.202064 0.177153 0.153878 0.132391 0.112793 0.0951354 0.0794221 0.0656127 0.0536287 0.04336 0.0346731 0.0274183 0.0214375 0.0165705 0.0126614 0.00956233 0.00713761 0.00526534 0.00383869 0.00276612 0.00197078 0.00138957 0.000971742 0.000677516 0.000476584 0.000346817 0.000273235 
0.000291157 0.000312368 0.000388237 0.000528444 0.000749825 0.00107741 0.0015457 0.00220011 0.00309862 0.00431338 0.00593208 0.00805899 0.0108153 0.0143386 0.0187815 0.0243085 0.031092 0.0393067 0.0491225 0.0606972 0.0741676 0.0896407 0.107186 0.126828 0.14854 0.172243 0.197801 0.225026 0.253682 0.283488 0.314134 0.345286 0.376597 0.407722 0.438326 0.468095 0.496742 0.524014 0.549695 0.57361 0.59562 0.615623 0.63355 0.649358 0.663029 0.674561 0.683961 0.691246 0.696431 0.699532 0.700557 0.699509 0.696385 0.691172 0.683857 0.674421 0.662849 0.649131 0.633271 0.615289 0.595227 0.573156 0.549182 0.523445 0.496124 0.467437 0.437641 0.407024 0.375903 0.344614 0.313503 0.282914 0.253179 0.224608 0.197476 0.172016 0.148411 0.126793 0.107238 0.0897686 0.0743587 0.0609373 0.0493967 0.0396008 0.031393 0.024605 0.0190643 0.0146008 0.0110522 0.00826811 0.00611256 0.00446583 0.00322472 0.00230221 0.00162653 0.00113976 0.000796311 0.000561374 0.000409455 0.000323274 
0.000341716 0.000366576 0.000455018 0.000618168 0.000875331 0.00125515 0.00179697 0.00255246 0.00358734 0.00498303 0.00683809 0.00926913 0.012411 0.0164158 0.0214512 0.0276964 0.0353374 0.0445608 0.0555453 0.0684536 0.0834226 0.100554 0.119907 0.141487 0.165245 0.191074 0.218805 0.248215 0.279029 0.310932 0.343576 0.376597 0.409621 0.442283 0.474233 0.50515 0.534747 0.562778 0.589037 0.613367 0.635648 0.655801 0.673781 0.68957 0.703173 0.714607 0.723901 0.731086 0.736193 0.739243 0.740254 0.739229 0.736162 0.731036 0.723827 0.714503 0.703032 0.689387 0.673547 0.655509 0.635293 0.612946 0.588549 0.562224 0.534133 0.504483 0.473524 0.441547 0.408876 0.375861 0.34287 0.310275 0.27844 0.247708 0.218393 0.190764 0.165041 0.141385 0.119902 0.100637 0.0835803 0.068671 0.0558068 0.0448507 0.0356413 0.0280012 0.0217462 0.0166927 0.0126638 0.00949421 0.00703384 0.00514953 0.00372591 0.00266529 0.00188673 0.00132469 0.000927379 0.000655154 0.000478912 0.000378886 
0.000397298 0.000426156 0.000528306 0.00071642 0.00101244 0.00144886 0.00207018 0.00293466 0.00411615 0.00570579 0.00781342 0.0105684 0.0141194 0.0186335 0.0242929 0.0312915 0.0398282 0.0501004 0.0622941 0.0765751 0.0930782 0.111897 0.133076 0.156602 0.1824 0.21033 0.240189 0.271715 0.304598 0.338483 0.37299 0.407722 0.442283 0.476289 0.50938 0.541231 0.571559 0.600128 0.62675 0.651285 0.673639 0.693758 0.711622 0.72724 0.740639 0.751862 0.760956 0.76797 0.772945 0.775915 0.776901 0.77591 0.772932 0.767946 0.760917 0.7518 0.740546 0.727107 0.711441 0.69352 0.673337 0.650913 0.626303 0.599606 0.570964 0.54057 0.508663 0.47553 0.4415 0.406934 0.37222 0.337752 0.303927 0.271124 0.239691 0.209936 0.182117 0.156431 0.133012 0.111931 0.0931973 0.0767649 0.0625383 0.0503821 0.0401316 0.0316019 0.024598 0.0189235 0.014387 0.0108088 0.00802413 0.00588625 0.00426726 0.00305838 0.00216909 0.00152581 0.00107026 0.000757631 0.000554996 0.00043994 
0.000457636 0.00049082 0.00060773 0.000822677 0.00116039 0.0016574 0.00236363 0.00334423 0.00468148 0.00647659 0.00885097 0.011947 0.0159273 0.0209736 0.027283 0.035063 0.0445249 0.0558753 0.0693063 0.0849845 0.10304 0.123557 0.146563 0.17202 0.199826 0.229807 0.261723 0.295275 0.330112 0.365844 0.402057 0.438326 0.474233 0.50938 0.543399 0.575967 0.606809 0.635701 0.662476 0.687018 0.709258 0.72917 0.746762 0.76207 0.775147 0.786058 0.79487 0.801647 0.806445 0.809308 0.810261 0.809312 0.806452 0.801652 0.794867 0.786041 0.775107 0.761996 0.746644 0.728996 0.709019 0.686706 0.662084 0.635225 0.606249 0.575329 0.54269 0.508614 0.473427 0.4375 0.401234 0.365049 0.329368 0.294603 0.261142 0.229331 0.199464 0.171776 0.146434 0.123537 0.103116 0.0851423 0.0695288 0.056145 0.0448243 0.0353761 0.027596 0.021275 0.0162084 0.0122018 0.00907613 0.00667075 0.00484507 0.00347888 0.0024718 0.00174192 0.00122412 0.00086824 0.00063731 0.000506132 
0.0005223 0.000560102 0.000692705 0.000936132 0.00131802 0.0018791 0.00267491 0.0037777 0.00527846 0.00728863 0.0099414 0.0133921 0.0178177 0.023414 0.0303924 0.0389737 0.0493803 0.0618269 0.0765096 0.0935941 0.113204 0.13541 0.160221 0.187574 0.217334 0.249294 0.283176 0.318641 0.3553 0.392726 0.430475 0.468095 0.50515 0.541231 0.575967 0.60904 0.640184 0.669196 0.69593 0.720295 0.742252 0.761804 0.778988 0.793866 0.806518 0.81703 0.82549 0.831979 0.836563 0.839296 0.840208 0.83931 0.83659 0.832013 0.825527 0.817061 0.806533 0.793854 0.778936 0.761701 0.742085 0.720053 0.695603 0.668779 0.639674 0.608439 0.575282 0.540472 0.504335 0.467244 0.429611 0.391877 0.35449 0.317896 0.282517 0.248739 0.216895 0.187257 0.160027 0.135333 0.113234 0.0937162 0.0767068 0.0620809 0.0496726 0.0392868 0.0307109 0.0237249 0.0181109 0.0136605 0.0101803 0.00749609 0.00545431 0.00392323 0.00279236 0.00197124 0.00138774 0.000986128 0.00072524 0.000576982 
0.000590685 0.000633354 0.000782427 0.00105569 0.00148379 0.00211176 0.00300089 0.00423068 0.00590093 0.00813345 0.0110732 0.0148886 0.0197702 0.0259281 0.0335872 0.0429806 0.0543408 0.067889 0.0838237 0.102308 0.123456 0.147324 0.173899 0.203091 0.234733 0.26858 0.304317 0.341565 0.379898 0.418854 0.45796 0.496742 0.534747 0.571559 0.606809 0.640184 0.671436 0.700381 0.726899 0.750927 0.772456 0.791517 0.808178 0.822529 0.834672 0.844718 0.852773 0.85893 0.863272 0.865858 0.866723 0.865882 0.863318 0.858994 0.852848 0.844796 0.834743 0.822579 0.808196 0.791488 0.772365 0.750762 0.726647 0.700034 0.670987 0.639633 0.60616 0.570822 0.533937 0.495879 0.457069 0.417962 0.379032 0.340754 0.303585 0.267949 0.234218 0.202701 0.173638 0.147189 0.123437 0.102391 0.0839926 0.0681244 0.0546231 0.0432912 0.0339091 0.0262467 0.0200741 0.0151693 0.0113251 0.00835368 0.0060887 0.00438688 0.00312753 0.00221151 0.00155952 0.00111016 0.000817949 0.000651824 
0.000662021 0.000709747 0.000875874 0.00117999 0.00165578 0.00235267 0.00333775 0.00469784 0.00654156 0.00900105 0.012233 0.0164185 0.0217616 0.028486 0.0368293 0.047036 0.0593473 0.0739897 0.0911623 0.111023 0.133677 0.159162 0.187441 0.218397 0.251828 0.287455 0.324921 0.36381 0.403659 0.443976 0.484258 0.524014 0.562778 0.600128 0.635701 0.669196 0.700381 0.729097 0.755249 0.778805 0.799785 0.818251 0.8343 0.848048 0.859622 0.869152 0.876762 0.882561 0.88664 0.889067 0.889882 0.8891 0.886704 0.882652 0.876874 0.869276 0.859747 0.848161 0.834388 0.818298 0.799774 0.778721 0.755078 0.728826 0.700003 0.668705 0.635101 0.599425 0.561985 0.523152 0.483352 0.443052 0.402748 0.362942 0.324124 0.286753 0.251241 0.217937 0.187115 0.158968 0.133608 0.111066 0.0913005 0.0742039 0.0596172 0.0473417 0.0371524 0.0288105 0.0220747 0.0167104 0.012497 0.00923339 0.0067408 0.00486441 0.0034734 0.00245992 0.00173748 0.0012389 0.00091438 0.000729811 
