0.00191096 0.00193144 0.00199883 0.00211387 0.00227752 0.00249112 0.0027563 0.00307502 0.00344947 0.00388202 0.0043752 0.00493157 0.00555371 0.00624411 0.0070051 0.00783877 0.00874688 0.00973077 0.0107913 0.0119287 0.0131427 0.0144321 0.0157951 0.0172289 0.0187301 0.0202941 0.0219156 0.0235882 0.0253049 0.0270575 0.0288371 0.0306341 0.0324383 0.0342385 0.0360235 0.0377814 0.0395002 0.0411676 0.0427715 0.0442999 0.0457409 0.0470834 0.0483167 0.0494306 0.0504161 0.0512651 0.0519703 0.0525258 0.0529269 0.0531702 0.0532536 0.0531764 0.0529393 0.0525444 0.051995 0.0512959 0.0504531 0.0494736 0.0483655 0.0471382 0.0458014 0.0443659 0.0428429 0.0412442 0.0395817 0.0378676 0.0361141 0.0343332 0.0325366 0.0307358 0.0289416 0.0271644 0.0254137 0.0236985 0.0220268 0.0204058 0.0188416 0.0173398 0.0159048 0.0145402 0.0132486 0.012032 0.0108915 0.00982741 0.00883959 0.00792719 0.0070889 0.00632299 0.00562741 0.00499987 0.0044379 0.00393897 0.00350053 0.00312009 0.0027953 0.00252398 0.00230422 0.00213438 0.00201314 0.00193969 
0.00193144 0.00195216 0.00202029 0.00213658 0.002302 0.00251789 0.00278592 0.00310804 0.00348648 0.00392363 0.00442202 0.00498426 0.00561294 0.00631056 0.00707949 0.00792181 0.00883929 0.00983329 0.0109047 0.0120537 0.0132799 0.0145823 0.0159589 0.0174071 0.0189231 0.0205025 0.0221399 0.0238289 0.0255621 0.0273316 0.0291283 0.0309425 0.0327637 0.0345809 0.0363827 0.038157 0.0398917 0.0415745 0.0431932 0.0447355 0.0461898 0.0475445 0.0487888 0.0499128 0.0509072 0.0517638 0.0524753 0.0530357 0.0534404 0.0536858 0.0537699 0.053692 0.0534527 0.0530542 0.0524999 0.0517944 0.050944 0.0499555 0.0488374 0.0475989 0.0462498 0.0448012 0.0432642 0.0416507 0.0399728 0.0382428 0.0364729 0.0346752 0.0328617 0.0310438 0.0292325 0.0274383 0.0256708 0.023939 0.0222511 0.0206142 0.0190347 0.017518 0.0160688 0.0146905 0.013386 0.0121571 0.011005 0.00993014 0.00893223 0.00801047 0.00716353 0.0063897 0.00568689 0.00505281 0.00448497 0.00398081 0.00353776 0.00315331 0.00282509 0.00255091 0.00232882 0.00215719 0.00203467 0.00196046 
0.00199883 0.00202029 0.00209072 0.00221088 0.00238178 0.00260477 0.00288159 0.00321423 0.00360496 0.00405624 0.00457065 0.00515087 0.00579952 0.00651919 0.00731226 0.00818085 0.00912677 0.0101514 0.0112555 0.0124394 0.0137026 0.0150439 0.0164615 0.0179524 0.0195128 0.0211382 0.0228228 0.0245602 0.0263429 0.0281624 0.0300096 0.0318744 0.0337461 0.0356135 0.0374646 0.0392872 0.0410689 0.0427971 0.0444591 0.0460426 0.0475354 0.0489259 0.050203 0.0513565 0.0523769 0.0532557 0.0539857 0.0545606 0.0549756 0.0552273 0.0553134 0.0552333 0.0549877 0.0545786 0.0540097 0.0532857 0.0524128 0.0513983 0.0502507 0.0489792 0.0475944 0.0461071 0.0445289 0.0428721 0.0411489 0.0393719 0.0375537 0.0357067 0.0338432 0.0319748 0.030113 0.0282684 0.0264509 0.0246699 0.0229336 0.0212495 0.0196242 0.0180633 0.0165714 0.0151523 0.0138089 0.0125432 0.0113563 0.0102487 0.00922029 0.00827014 0.00739696 0.006599 0.00587417 0.0052201 0.00463426 0.00411405 0.00365684 0.00326005 0.00292126 0.00263822 0.00240896 0.00223178 0.00210531 0.00202872 
0.00211387 0.00213658 0.00221088 0.00233757 0.00251769 0.00275267 0.00304428 0.00339462 0.00380604 0.00428108 0.00482243 0.00543284 0.00611506 0.00687173 0.00770529 0.00861795 0.00961151 0.0106874 0.0118463 0.0130885 0.0144136 0.0158201 0.017306 0.0188682 0.0205028 0.0222048 0.0239683 0.0257864 0.0276513 0.0295542 0.0314854 0.0334345 0.0353903 0.0373409 0.0392741 0.0411771 0.0430368 0.0448403 0.0465743 0.0482261 0.049783 0.0512329 0.0525644 0.0537668 0.0548302 0.055746 0.0565066 0.0571055 0.0575378 0.0577998 0.0578893 0.0578056 0.0575494 0.0571229 0.0565297 0.0557749 0.0548648 0.0538071 0.0526104 0.0512845 0.0498401 0.0482886 0.0466421 0.0449132 0.0431147 0.0412597 0.0393612 0.0374323 0.0354855 0.0335333 0.0315874 0.0296589 0.0277582 0.0258951 0.0240783 0.0223155 0.0206138 0.0189789 0.0174159 0.0159287 0.0145203 0.0131929 0.0119478 0.0107855 0.00970593 0.00870822 0.00779105 0.00695263 0.00619081 0.00550318 0.00488712 0.00433993 0.00385888 0.00344134 0.00308476 0.00278682 0.00254547 0.00235894 0.00222581 0.00214522 
0.00227752 0.002302 0.00238178 0.00251769 0.00271084 0.00296274 0.00327525 0.00365057 0.00409118 0.00459976 0.00517911 0.00583211 0.00656164 0.00737044 0.00826106 0.00923575 0.0102964 0.0114443 0.0126804 0.0140047 0.0154166 0.0169146 0.0184965 0.0201589 0.0218975 0.023707 0.0255812 0.0275125 0.0294927 0.0315124 0.0335614 0.0356285 0.0377019 0.0397691 0.0418171 0.0438324 0.0458014 0.0477101 0.0495449 0.0512921 0.0529386 0.0544715 0.0558789 0.0571496 0.0582732 0.0592407 0.060044 0.0606764 0.0611328 0.0614093 0.0615035 0.0614147 0.0611437 0.0606928 0.0600658 0.0592679 0.0583059 0.0571877 0.0559225 0.0545205 0.0529929 0.0513518 0.0496098 0.0477801 0.0458764 0.0439122 0.0419014 0.0398578 0.0377946 0.0357249 0.0336611 0.0316151 0.0295979 0.0276198 0.02569 0.0238169 0.0220079 0.0202693 0.0186064 0.0170234 0.0155237 0.0141097 0.0127827 0.0115435 0.010392 0.00932733 0.00834821 0.0074528 0.00663888 0.00590394 0.00524526 0.00466002 0.00414537 0.00369852 0.00331683 0.00299786 0.00273943 0.0025397 0.00239717 0.00231093 
0.00249112 0.00251789 0.00260477 0.00275267 0.00296274 0.00323659 0.00357622 0.00398396 0.00446243 0.00501448 0.00564308 0.00635128 0.00714209 0.0080184 0.00898287 0.0100378 0.0111852 0.0124264 0.0137622 0.0151925 0.0167166 0.0183329 0.0200387 0.0218303 0.0237031 0.0256513 0.0276681 0.0297453 0.031874 0.0340441 0.0362447 0.0384637 0.0406885 0.0429057 0.0451014 0.0472612 0.0493705 0.0514145 0.0533787 0.0552485 0.05701 0.0586495 0.0601544 0.0615128 0.0627136 0.0637474 0.0646055 0.065281 0.0657682 0.0660632 0.0661635 0.0660682 0.0657782 0.065296 0.0646255 0.0637725 0.0627438 0.0615481 0.0601949 0.0586952 0.0570608 0.0553045 0.0534398 0.0514806 0.0494415 0.0473371 0.045182 0.0429908 0.0407778 0.0385569 0.0363415 0.0341442 0.0319769 0.0298505 0.0277752 0.0257599 0.0238126 0.0219402 0.0201483 0.0184418 0.0168242 0.0152982 0.0138655 0.0125269 0.0112823 0.010131 0.00907172 0.00810254 0.00722116 0.00642494 0.00571104 0.00507649 0.00451827 0.00403344 0.00361919 0.00327292 0.00299235 0.00277549 0.00262076 0.00252719 
0.0027563 0.00278592 0.00288159 0.00304428 0.00327525 0.00357622 0.00394932 0.00439707 0.00492227 0.00552796 0.0062173 0.00699355 0.0078599 0.0088194 0.00987484 0.0110287 0.0122828 0.0136388 0.0150971 0.0166578 0.0183198 0.0200813 0.0219393 0.0238896 0.0259271 0.0280454 0.0302369 0.0324929 0.0348037 0.0371581 0.0395442 0.0419492 0.0443592 0.0467599 0.0491361 0.0514725 0.0537533 0.0559627 0.0580849 0.0601045 0.0620063 0.063776 0.0653999 0.0668652 0.0681603 0.0692749 0.0701999 0.0709279 0.0714528 0.0717703 0.071878 0.0717748 0.0714616 0.0709412 0.0702178 0.0692974 0.0681874 0.066897 0.0654365 0.0638174 0.0620527 0.0601557 0.0581411 0.0560239 0.0538194 0.0515435 0.0492119 0.0468403 0.044444 0.0420382 0.0396371 0.0372546 0.0349034 0.0325955 0.0303418 0.0281521 0.0260352 0.0239985 0.0220484 0.0201901 0.0184277 0.0167642 0.0152015 0.0137405 0.0123814 0.0111236 0.00996562 0.00890559 0.00794109 0.00706936 0.00628739 0.00559203 0.00498007 0.00444837 0.00399393 0.00361399 0.00330607 0.00306807 0.00289828 0.00279567 
0.00307502 0.00310804 0.00321423 0.00339462 0.00365057 0.00398396 0.00439707 0.00489263 0.00547364 0.00614337 0.00690523 0.00776268 0.00871913 0.00977782 0.0109417 0.0122133 0.0135947 0.0150872 0.0166914 0.0184072 0.0202332 0.0221673 0.024206 0.0263447 0.0285777 0.0308978 0.0332967 0.0357647 0.0382911 0.0408638 0.0434697 0.0460947 0.0487239 0.0513416 0.0539314 0.0564765 0.05896 0.0613646 0.0636735 0.0658699 0.0679375 0.0698607 0.0716249 0.0732164 0.0746227 0.0758327 0.0768366 0.0776263 0.0781956 0.0785398 0.0786561 0.0785435 0.0782031 0.0776377 0.0768518 0.0758519 0.074646 0.073244 0.0716568 0.069897 0.0679783 0.0659154 0.0637239 0.0614199 0.0590201 0.0565415 0.0540013 0.0514163 0.0488033 0.0461786 0.0435578 0.0409559 0.0383869 0.0358638 0.0333986 0.0310021 0.0286839 0.0264523 0.0243143 0.0222757 0.0203412 0.0185141 0.0167967 0.0151902 0.0136949 0.0123101 0.0110346 0.00986625 0.00880266 0.00784087 0.00697769 0.00620975 0.00553364 0.00494597 0.00444354 0.00402337 0.00368278 0.00341951 0.00323173 0.00311831 
0.00344947 0.00348648 0.00360496 0.00380604 0.00409118 0.00446243 0.00492227 0.00547364 0.00611979 0.00686425 0.00771069 0.00866282 0.00972429 0.0108985 0.0121887 0.0135974 0.0151267 0.0167781 0.0185519 0.0204479 0.0224644 0.0245988 0.0268473 0.0292045 0.0316641 0.034218 0.036857 0.0395705 0.0423464 0.0451715 0.0480315 0.0509109 0.0537932 0.0566614 0.0594976 0.0622836 0.0650008 0.0676306 0.0701546 0.0725547 0.0748132 0.0769133 0.0788391 0.0805758 0.08211 0.0834297 0.0845243 0.0853852 0.0860055 0.0863803 0.0865066 0.0863833 0.0860115 0.0853942 0.0845364 0.0834451 0.0821289 0.0805983 0.0788653 0.0769435 0.0748476 0.0725935 0.070198 0.0676787 0.0650537 0.0623414 0.0595604 0.0567292 0.0538659 0.0509884 0.0481137 0.0452581 0.0424372 0.0396651 0.0369551 0.0343191 0.0317677 0.02931 0.0269541 0.0247064 0.0225721 0.0205551 0.018658 0.0168823 0.0152285 0.0136961 0.0122837 0.0109893 0.0098103 0.00874357 0.00778572 0.00693315 0.0061822 0.00552924 0.00497079 0.00450365 0.00412492 0.00383215 0.00362337 0.00349733 
0.00388202 0.00392363 0.00405624 0.00428108 0.00459976 0.00501448 0.00552796 0.00614337 0.00686425 0.00769441 0.0086378 0.00969842 0.0108802 0.0121867 0.0136214 0.0151869 0.0168855 0.0187183 0.0206859 0.0227875 0.0250213 0.0273842 0.0298717 0.032478 0.0351955 0.0380156 0.0409277 0.0439202 0.0469796 0.0500915 0.0532399 0.0564078 0.0595774 0.0627296 0.0658451 0.0689038 0.0718857 0.0747703 0.0775377 0.0801681 0.0826425 0.0849424 0.0870509 0.0889517 0.0906304 0.0920739 0.0932709 0.0942122 0.0948901 0.0952994 0.0954369 0.0953015 0.0948942 0.0942184 0.0932795 0.0920849 0.0906441 0.0889683 0.0870706 0.0849656 0.0826693 0.080199 0.0775728 0.07481 0.07193 0.0689531 0.0658994 0.0627891 0.0596421 0.0564778 0.0533149 0.0501715 0.0470644 0.0440093 0.041021 0.0381125 0.0352957 0.0325807 0.0299766 0.0274905 0.0251283 0.0228946 0.0207924 0.0188235 0.0169886 0.0152874 0.0137185 0.0122799 0.0109687 0.00978182 0.00871552 0.00776596 0.00692922 0.00620137 0.00557868 0.00505764 0.00463514 0.00430852 0.00407562 0.00393511 
0.0043752 0.00442202 0.00457065 0.00482243 0.00517911 0.00564308 0.0062173 0.00690523 0.00771069 0.0086378 0.00969084 0.0108741 0.0121918 0.0136478 0.0152455 0.016988 0.0188773 0.0209147 0.0231005 0.0254337 0.027912 0.0305319 0.0332881 0.036174 0.0391812 0.0422999 0.0455183 0.0488235 0.0522006 0.0556334 0.0591046 0.0625953 0.0660858 0.0695554 0.0729827 0.076346 0.0796231 0.082792 0.0858307 0.0887179 0.0914327 0.0939553 0.096267 0.0983505 0.10019 0.101771 0.103082 0.104113 0.104855 0.105303 0.105452 0.105303 0.104857 0.104116 0.103087 0.101777 0.100198 0.0983604 0.0962793 0.0939704 0.0914509 0.0887397 0.0858564 0.0828219 0.0796577 0.0763854 0.0730273 0.0696053 0.0661412 0.0626563 0.0591711 0.0557055 0.0522779 0.048906 0.0456056 0.0423916 0.0392769 0.0362731 0.0333901 0.0306361 0.0280177 0.0255402 0.023207 0.0210206 0.0189816 0.0170901 0.0153447 0.0137432 0.0122829 0.0109602 0.00977129 0.00871209 0.00777831 0.00696574 0.00627033 0.00568829 0.00521624 0.00485129 0.00459109 0.00443419 
0.00493157 0.00498426 0.00515087 0.00543284 0.00583211 0.00635128 0.00699355 0.00776268 0.00866282 0.00969842 0.0108741 0.0121945 0.013664 0.0152869 0.0170668 0.0190066 0.0211087 0.0233741 0.0258029 0.0283939 0.0311443 0.0340498 0.0371046 0.040301 0.0436297 0.0470795 0.0506376 0.0542891 0.0580179 0.061806 0.0656341 0.0694815 0.0733266 0.0771465 0.080918 0.0846172 0.0882198 0.0917019 0.0950395 0.0982093 0.101189 0.103956 0.106492 0.108776 0.110792 0.112525 0.113961 0.11509 0.115902 0.116392 0.116555 0.116392 0.115902 0.115089 0.113961 0.112525 0.110793 0.108778 0.106495 0.103962 0.101197 0.0982207 0.0950544 0.0917207 0.088243 0.0846452 0.0809513 0.0771853 0.0733711 0.069532 0.0656906 0.0618686 0.0580865 0.0543636 0.0507176 0.0471649 0.0437199 0.0403955 0.0372028 0.034151 0.0312479 0.0284991 0.0259089 0.0234801 0.0212138 0.01911 0.0171676 0.0153845 0.0137575 0.0122831 0.0109573 0.00977544 0.00873312 0.00782575 0.00704894 0.0063986 0.00587106 0.00546317 0.00517239 0.00499715 
0.00555371 0.00561294 0.00579952 0.00611506 0.00656164 0.00714209 0.0078599 0.00871913 0.00972429 0.0108802 0.0121918 0.013664 0.0153017 0.0171093 0.0190905 0.0212486 0.0235856 0.0261027 0.0287997 0.0316749 0.034725 0.0379451 0.0413285 0.0448665 0.0485485 0.0523621 0.0562928 0.0603244 0.0644387 0.0686159 0.0728348 0.0770726 0.0813054 0.0855083 0.0896558 0.0937216 0.0976795 0.101503 0.105166 0.108644 0.111912 0.114946 0.117725 0.120228 0.122436 0.124333 0.125906 0.127141 0.12803 0.128565 0.128744 0.128564 0.128027 0.127137 0.1259 0.124327 0.12243 0.120221 0.117719 0.114942 0.111909 0.108644 0.105169 0.101509 0.0976899 0.0937367 0.0896761 0.0855344 0.0813375 0.077111 0.0728798 0.0686676 0.064497 0.0603894 0.0563642 0.0524397 0.0486319 0.0449551 0.0414218 0.0380424 0.0348256 0.031778 0.0289044 0.0262082 0.0236909 0.0213528 0.0191928 0.0172087 0.0153974 0.0137551 0.0122775 0.0109599 0.00979724 0.00878475 0.00791766 0.00719154 0.00660243 0.00614689 0.00582218 0.00562659 
0.00624411 0.00631056 0.00651919 0.00687173 0.00737044 0.0080184 0.0088194 0.00977782 0.0108985 0.0121867 0.0136478 0.0152869 0.0171093 0.0191195 0.0213217 0.0237189 0.0263135 0.0291062 0.0320966 0.0352826 0.0386603 0.042224 0.0459659 0.0498764 0.0539435 0.0581532 0.0624896 0.0669345 0.0714678 0.0760678 0.0807108 0.0853721 0.0900252 0.094643 0.0991975 0.10366 0.108002 0.112195 0.11621 0.120021 0.1236 0.126921 0.129962 0.132701 0.135116 0.137191 0.13891 0.14026 0.141231 0.141816 0.142011 0.141814 0.141226 0.140252 0.138899 0.137178 0.135102 0.132685 0.129947 0.126906 0.123585 0.120008 0.1162 0.112187 0.107998 0.103661 0.0992034 0.0946547 0.0900431 0.0853967 0.0807426 0.0761068 0.0715143 0.0669884 0.0625509 0.0582216 0.0540186 0.0499578 0.0460531 0.0423162 0.0387569 0.0353826 0.0321992 0.0292104 0.0264184 0.0238235 0.0214248 0.0192203 0.0172068 0.0153802 0.0137359 0.0122689 0.010974 0.00984591 0.00887948 0.00806997 0.00741306 0.00690506 0.00654299 0.00632499 
0.0070051 0.00707949 0.00731226 0.00770529 0.00826106 0.00898287 0.00987484 0.0109417 0.0121887 0.0136214 0.0152455 0.0170668 0.0190905 0.0213217 0.0237644 0.0264221 0.0292968 0.0323891 0.0356983 0.0392216 0.0429547 0.0468908 0.0510212 0.0553349 0.0598185 0.0644565 0.0692311 0.074122 0.0791074 0.0841629 0.0892629 0.09438 0.0994853 0.104549 0.109541 0.114429 0.119184 0.123772 0.128165 0.132332 0.136244 0.139873 0.143195 0.146185 0.148822 0.151087 0.152962 0.154435 0.155494 0.156132 0.156344 0.156128 0.155485 0.154422 0.152945 0.151066 0.148799 0.14616 0.143168 0.139845 0.136215 0.132304 0.128139 0.123749 0.119164 0.114414 0.10953 0.104545 0.0994873 0.0943891 0.0892796 0.0841876 0.0791402 0.0741632 0.0692805 0.0645141 0.059884 0.0554078 0.051101 0.0469768 0.0430461 0.0393176 0.0357978 0.0324912 0.0294004 0.0265262 0.0238679 0.0214234 0.0191895 0.0171619 0.0153358 0.0137059 0.0122665 0.0110121 0.00993716 0.00903649 0.00830547 0.00774012 0.0073372 0.00709471 
0.00783877 0.00792181 0.00818085 0.00861795 0.00923575 0.0100378 0.0110287 0.0122133 0.0135974 0.0151869 0.016988 0.0190066 0.0212486 0.0237189 0.0264221 0.0293614 0.0325387 0.0359546 0.0396078 0.0434951 0.0476111 0.0519483 0.0564967 0.0612439 0.0661751 0.0712729 0.0765174 0.0818867 0.0873561 0.0928994 0.0984881 0.104092 0.10968 0.11522 0.120678 0.126021 0.131214 0.136225 0.141019 0.145564 0.14983 0.153787 0.157407 0.160665 0.163536 0.166002 0.168044 0.169647 0.170799 0.171493 0.171722 0.171486 0.170787 0.169629 0.16802 0.165974 0.163504 0.160628 0.157367 0.153745 0.149787 0.145521 0.140977 0.136185 0.131177 0.125988 0.12065 0.115198 0.109665 0.104084 0.098488 0.0929079 0.0873736 0.0819133 0.0765533 0.071318 0.0662292 0.0613066 0.0565675 0.0520265 0.0476959 0.0435857 0.0397032 0.0360536 0.0326403 0.0294643 0.0265252 0.023821 0.0213484 0.0191031 0.01708 0.0152734 0.0136774 0.0122859 0.0110931 0.0100934 0.00928189 0.00865422 0.00820692 0.00793783 
0.00874688 0.00883929 0.00912677 0.00961151 0.0102964 0.0111852 0.0122828 0.0135947 0.0151267 0.0168855 0.0188773 0.0211087 0.0235856 0.0263135 0.0292968 0.0325387 0.0360412 0.0398045 0.0438267 0.048104 0.0526302 0.0573966 0.062392 0.0676025 0.0730115 0.0785998 0.0843455 0.0902242 0.096209 0.102271 0.108379 0.1145 0.120601 0.126646 0.132598 0.138421 0.144079 0.149535 0.154753 0.159699 0.164339 0.168641 0.172575 0.176115 0.179234 0.181912 0.184128 0.185868 0.187119 0.187871 0.18812 0.187863 0.187103 0.185845 0.184098 0.181875 0.179191 0.176066 0.172522 0.168585 0.16428 0.15964 0.154694 0.149477 0.144023 0.138369 0.13255 0.126604 0.120566 0.114473 0.10836 0.102261 0.0962091 0.0902344 0.0843661 0.0786307 0.0730526 0.0676534 0.0624522 0.0574656 0.0527071 0.0481879 0.0439166 0.0398993 0.0361397 0.0326396 0.0293987 0.0264152 0.0236858 0.021206 0.0189706 0.0169735 0.0152085 0.0136692 0.0123491 0.0112426 0.0103441 0.00964915 0.00915392 0.0088561 
0.00973077 0.00983329 0.0101514 0.0106874 0.0114443 0.0124264 0.0136388 0.0150872 0.0167781 0.0187183 0.0209147 0.0233741 0.0261027 0.0291062 0.0323891 0.0359546 0.0398045 0.0439384 0.0483542 0.0530472 0.0580102 0.0632333 0.068704 0.0744067 0.080323 0.0864316 0.0927083 0.0991263 0.105656 0.112267 0.118923 0.125591 0.132232 0.138808 0.145281 0.15161 0.157757 0.163681 0.169345 0.17471 0.179742 0.184406 0.18867 0.192504 0.195883 0.198782 0.201182 0.203065 0.204418 0.205232 0.205501 0.205222 0.204399 0.203036 0.201144 0.198736 0.195829 0.192443 0.188603 0.184334 0.179667 0.174633 0.169266 0.163603 0.15768 0.151537 0.145212 0.138745 0.132176 0.125542 0.118884 0.112237 0.105637 0.0991183 0.0927116 0.0864463 0.0803492 0.0744441 0.0687521 0.0632915 0.0580777 0.0531231 0.0484375 0.0440278 0.0398987 0.0360524 0.0324889 0.0292067 0.0262025 0.0234717 0.0210088 0.0188076 0.0168613 0.0151632 0.0137067 0.0124854 0.0114935 0.0107263 0.0101795 0.00985087 
0.0107913 0.0109047 0.0112555 0.0118463 0.0126804 0.0137622 0.0150971 0.0166914 0.0185519 0.0206859 0.0231005 0.0258029 0.0287997 0.0320966 0.0356983 0.0396078 0.0438267 0.0483542 0.0531875 0.0583211 0.0637467 0.0694532 0.0754265 0.0816491 0.0881009 0.0947581 0.101594 0.10858 0.115684 0.122871 0.130103 0.137344 0.144552 0.151685 0.158703 0.165561 0.172218 0.178632 0.18476 0.190564 0.196005 0.201045 0.205652 0.209794 0.213443 0.216573 0.219163 0.221195 0.222655 0.223532 0.223821 0.22352 0.222631 0.22116 0.219117 0.216517 0.213377 0.20972 0.205571 0.200957 0.195912 0.190468 0.184662 0.178533 0.17212 0.165466 0.158611 0.151599 0.144473 0.137273 0.130042 0.122819 0.115644 0.108552 0.101579 0.094755 0.0881104 0.0816712 0.0754607 0.069499 0.0638033 0.0583875 0.0532627 0.0484369 0.0439155 0.0397014 0.035795 0.0321951 0.0288983 0.0259001 0.0231948 0.0207758 0.0186362 0.0167687 0.0151664 0.0138225 0.0127309 0.0118864 0.0112846 0.010923 
0.0119287 0.0120537 0.0124394 0.0130885 0.0140047 0.0151925 0.0166578 0.0184072 0.0204479 0.0227875 0.0254337 0.0283939 0.0316749 0.0352826 0.0392216 0.0434951 0.048104 0.0530472 0.0583211 0.0639193 0.0698323 0.0760476 0.0825494 0.0893185 0.0963325 0.103565 0.110988 0.118569 0.126273 0.134062 0.141896 0.149735 0.157533 0.165247 0.172832 0.180241 0.187429 0.19435 0.200961 0.207219 0.213083 0.218514 0.223477 0.227937 0.231864 0.235233 0.238019 0.240205 0.241775 0.242719 0.243029 0.242705 0.241748 0.240164 0.237965 0.235167 0.231787 0.227849 0.22338 0.21841 0.212972 0.207103 0.200842 0.194229 0.187308 0.180122 0.172716 0.165137 0.15743 0.149639 0.141811 0.133987 0.12621 0.118519 0.110952 0.103542 0.0963235 0.0893235 0.082568 0.0760793 0.0698763 0.0639747 0.0583868 0.0531218 0.0481862 0.0435833 0.0393143 0.035378 0.0317714 0.0284898 0.0255274 0.0228775 0.0205326 0.0184853 0.0167281 0.0152539 0.0140563 0.0131296 0.0124693 0.0120727 
0.0131427 0.0132799 0.0137026 0.0144136 0.0154166 0.0167166 0.0183198 0.0202332 0.0224644 0.0250213 0.027912 0.0311443 0.034725 0.0386603 0.0429547 0.0476111 0.0526302 0.0580102 0.0637467 0.0698323 0.0762562 0.0830045 0.0900594 0.0973998 0.105001 0.112835 0.120869 0.129069 0.137398 0.145813 0.154273 0.162732 0.171143 0.179459 0.18763 0.195609 0.203345 0.210791 0.2179 0.224627 0.230927 0.236761 0.242088 0.246875 0.25109 0.254704 0.257692 0.260036 0.26172 0.262731 0.263063 0.262715 0.261688 0.259989 0.25763 0.254627 0.251 0.246773 0.241976 0.236638 0.230797 0.22449 0.217759 0.210647 0.2032 0.195465 0.18749 0.179323 0.171014 0.162611 0.154162 0.145713 0.13731 0.128996 0.12081 0.11279 0.104972 0.0973859 0.0900606 0.0830203 0.076286 0.0698751 0.0638014 0.0580754 0.0527044 0.0476928 0.0430421 0.0387517 0.0348186 0.0312382 0.0280046 0.0251107 0.0225491 0.0203117 0.0183908 0.0167788 0.015469 0.0144554 0.0137333 0.0132996 
0.0144321 0.0145823 0.0150439 0.0158201 0.0169146 0.0183329 0.0200813 0.0221673 0.0245988 0.0273842 0.0305319 0.0340498 0.0379451 0.042224 0.0468908 0.0519483 0.0573966 0.0632333 0.0694532 0.0760476 0.0830045 0.090308 0.0979388 0.105873 0.114085 0.122542 0.131211 0.140054 0.149029 0.158092 0.167198 0.176298 0.185341 0.194277 0.203053 0.211617 0.219917 0.227902 0.235522 0.242729 0.249477 0.255722 0.261424 0.266546 0.271054 0.274918 0.278113 0.280619 0.282418 0.283498 0.283853 0.28348 0.282382 0.280565 0.278043 0.274831 0.270952 0.26643 0.261295 0.255582 0.249327 0.242572 0.235359 0.227734 0.219747 0.211447 0.202885 0.194114 0.185184 0.176149 0.16706 0.157966 0.148915 0.139955 0.131127 0.122475 0.114034 0.105839 0.0979209 0.0903064 0.0830184 0.0760762 0.0694954 0.0632877 0.0574615 0.0520222 0.0469719 0.0423103 0.0380348 0.0341409 0.0306224 0.0274724 0.0246829 0.0222456 0.0201525 0.0183955 0.0169677 0.0158626 0.0150753 0.0146026 
0.0157951 0.0159589 0.0164615 0.017306 0.0184965 0.0200387 0.0219393 0.024206 0.0268473 0.0298717 0.0332881 0.0371046 0.0413285 0.0459659 0.0510212 0.0564967 0.062392 0.068704 0.0754265 0.0825494 0.0900594 0.0979388 0.106166 0.114716 0.123559 0.132661 0.141984 0.151489 0.16113 0.170861 0.180631 0.190388 0.20008 0.209652 0.219047 0.22821 0.237087 0.245623 0.253765 0.261462 0.268666 0.27533 0.281413 0.286875 0.291681 0.2958 0.299206 0.301875 0.303791 0.304942 0.30532 0.304922 0.303751 0.301815 0.299127 0.295703 0.291567 0.286745 0.281268 0.275172 0.268496 0.261282 0.253578 0.245431 0.236892 0.228014 0.218852 0.209461 0.199895 0.190212 0.180464 0.170706 0.160989 0.151363 0.141874 0.132568 0.123484 0.114659 0.106128 0.097918 0.0900559 0.0825623 0.0754546 0.0687461 0.0624463 0.0565615 0.0510947 0.0460461 0.0414133 0.0371919 0.0333759 0.029958 0.0269301 0.0242837 0.0220102 0.0201014 0.0185498 0.0173489 0.0164933 0.0159798 
0.0172289 0.0174071 0.0179524 0.0188682 0.0201589 0.0218303 0.0238896 0.0263447 0.0292045 0.032478 0.036174 0.040301 0.0448665 0.0498764 0.0553349 0.0612439 0.0676025 0.0744067 0.0816491 0.0893185 0.0973998 0.105873 0.114716 0.1239 0.133392 0.143156 0.153152 0.163336 0.17366 0.184074 0.194524 0.204954 0.215308 0.225528 0.235554 0.245327 0.254791 0.263886 0.272558 0.280752 0.288418 0.295508 0.301976 0.307783 0.312891 0.317267 0.320885 0.32372 0.325755 0.326976 0.327377 0.326954 0.32571 0.323653 0.320797 0.317159 0.312764 0.307638 0.301814 0.295331 0.288228 0.280551 0.272347 0.263669 0.254569 0.245104 0.235331 0.225308 0.215094 0.204748 0.194327 0.18389 0.17349 0.163182 0.153015 0.143037 0.133292 0.123819 0.114655 0.105832 0.0973773 0.0893142 0.0816618 0.074435 0.0676449 0.0612985 0.0553997 0.0499493 0.0449453 0.0403836 0.0362582 0.0325616 0.0292855 0.0264212 0.0239598 0.0218928 0.0202122 0.0189114 0.0179846 0.0174284 
0.0187301 0.0189231 0.0195128 0.0205028 0.0218975 0.0237031 0.0259271 0.0285777 0.0316641 0.0351955 0.0391812 0.0436297 0.0485485 0.0539435 0.0598185 0.0661751 0.0730115 0.080323 0.0881009 0.0963325 0.105001 0.114085 0.123559 0.133392 0.143549 0.153991 0.164675 0.175552 0.186573 0.197682 0.208824 0.219938 0.230965 0.241842 0.252508 0.2629 0.272957 0.282617 0.291824 0.30052 0.308653 0.316171 0.323028 0.329181 0.334592 0.339228 0.343058 0.34606 0.348213 0.349506 0.34993 0.349482 0.348165 0.345987 0.342962 0.339109 0.334453 0.329021 0.322849 0.315976 0.308443 0.300298 0.291591 0.282376 0.272709 0.262649 0.252257 0.241593 0.230721 0.219701 0.208597 0.197468 0.186373 0.175368 0.164509 0.153844 0.143422 0.133286 0.123474 0.114021 0.104958 0.0963095 0.0880967 0.0803363 0.0730406 0.0662181 0.0598734 0.054008 0.0486205 0.0437067 0.039261 0.0352757 0.0317426 0.0286524 0.0259961 0.0237649 0.0219505 0.0205459 0.0195452 0.0189449 
0.0202941 0.0205025 0.0211382 0.0222048 0.023707 0.0256513 0.0280454 0.0308978 0.034218 0.0380156 0.0422999 0.0470795 0.0523621 0.0581532 0.0644565 0.0712729 0.0785998 0.0864316 0.0947581 0.103565 0.112835 0.122542 0.132661 0.143156 0.153991 0.165123 0.176506 0.188088 0.199816 0.211631 0.223473 0.235279 0.246986 0.258527 0.269838 0.280853 0.291507 0.301737 0.311481 0.320681 0.329281 0.337228 0.344474 0.350975 0.356689 0.361584 0.365627 0.368795 0.371068 0.372432 0.372879 0.372405 0.371015 0.368716 0.365523 0.361455 0.356538 0.350801 0.34428 0.337015 0.329051 0.320437 0.311224 0.30147 0.291233 0.280575 0.269559 0.258249 0.246711 0.235012 0.223215 0.211385 0.199584 0.187874 0.17631 0.164947 0.153837 0.143024 0.132551 0.122455 0.11277 0.103522 0.0947358 0.0864285 0.0786144 0.0713031 0.0645004 0.0582084 0.0524261 0.0471501 0.0423744 0.0380917 0.0342933 0.0309702 0.0281128 0.025712 0.0237594 0.0222477 0.0211706 0.0205246 
0.0219156 0.0221399 0.0228228 0.0239683 0.0255812 0.0276681 0.0302369 0.0332967 0.036857 0.0409277 0.0455183 0.0506376 0.0562928 0.0624896 0.0692311 0.0765174 0.0843455 0.0927083 0.101594 0.110988 0.120869 0.131211 0.141984 0.153152 0.164675 0.176506 0.188596 0.200891 0.213332 0.225859 0.238407 0.25091 0.2633 0.275509 0.287468 0.299107 0.310359 0.321158 0.33144 0.341143 0.350209 0.358584 0.366218 0.373064 0.379081 0.384232 0.388487 0.39182 0.394211 0.395646 0.396116 0.395618 0.394155 0.391736 0.388375 0.384094 0.378917 0.372876 0.366008 0.358354 0.34996 0.340877 0.33116 0.320867 0.310059 0.298801 0.287159 0.275201 0.262995 0.250611 0.238117 0.225581 0.213069 0.200645 0.188369 0.1763 0.164491 0.152992 0.141848 0.1311 0.120781 0.110924 0.101553 0.0926877 0.0843444 0.0765338 0.0692628 0.0625343 0.056348 0.0507007 0.0455868 0.0409989 0.0369285 0.0333661 0.0303022 0.0277272 0.0256326 0.0240107 0.0228552 0.0221622 
0.0235882 0.0238289 0.0245602 0.0257864 0.0275125 0.0297453 0.0324929 0.0357647 0.0395705 0.0439202 0.0488235 0.0542891 0.0603244 0.0669345 0.074122 0.0818867 0.0902242 0.0991263 0.10858 0.118569 0.129069 0.140054 0.151489 0.163336 0.175552 0.188088 0.200891 0.213902 0.227061 0.240302 0.253558 0.266759 0.279834 0.292709 0.305314 0.317576 0.329424 0.34079 0.351606 0.361809 0.371338 0.380138 0.388155 0.395343 0.401659 0.407065 0.411529 0.415026 0.417534 0.419038 0.419531 0.419008 0.417473 0.414936 0.41141 0.406918 0.401484 0.395143 0.387931 0.379891 0.37107 0.361523 0.351304 0.340475 0.329099 0.317243 0.304977 0.292372 0.279498 0.266429 0.253237 0.239993 0.226766 0.213624 0.200633 0.187852 0.175339 0.163148 0.151326 0.139916 0.128958 0.118482 0.108518 0.0990871 0.0902063 0.0818881 0.0741407 0.0669678 0.0603698 0.054344 0.0488851 0.0439858 0.0396375 0.0358307 0.0325556 0.0298026 0.0275627 0.0258281 0.0245923 0.0238514 
0.0253049 0.0255621 0.0263429 0.0276513 0.0294927 0.031874 0.0348037 0.0382911 0.0423464 0.0469796 0.0522006 0.0580179 0.0644387 0.0714678 0.0791074 0.0873561 0.096209 0.105656 0.115684 0.126273 0.137398 0.149029 0.16113 0.17366 0.186573 0.199816 0.213332 0.227061 0.240937 0.254892 0.268854 0.282751 0.296506 0.310045 0.323292 0.336172 0.34861 0.360537 0.371881 0.382578 0.392565 0.401783 0.410179 0.417704 0.424313 0.42997 0.43464 0.438297 0.44092 0.442493 0.443008 0.442461 0.440856 0.438202 0.434514 0.429814 0.424129 0.417491 0.40994 0.40152 0.392279 0.382272 0.371558 0.360198 0.34826 0.335813 0.322927 0.309678 0.29614 0.28239 0.268501 0.25455 0.24061 0.226751 0.213042 0.199548 0.186329 0.173442 0.160939 0.148865 0.137261 0.126163 0.1156 0.105597 0.0961733 0.0873418 0.079112 0.0714889 0.0644736 0.0580638 0.0522546 0.047039 0.0424084 0.0383531 0.0348632 0.031929 0.0295413 0.027692 0.0263745 0.0255847 
0.0270575 0.0273316 0.0281624 0.0295542 0.0315124 0.0340441 0.0371581 0.0408638 0.0451715 0.0500915 0.0556334 0.061806 0.0686159 0.0760678 0.0841629 0.0928994 0.102271 0.112267 0.122871 0.134062 0.145813 0.158092 0.170861 0.184074 0.197682 0.211631 0.225859 0.240302 0.254892 0.269556 0.284219 0.298805 0.313235 0.32743 0.341311 0.354801 0.367822 0.380301 0.392165 0.403347 0.413783 0.423412 0.432179 0.440034 0.446932 0.452833 0.457705 0.461519 0.464254 0.465894 0.466431 0.46586 0.464187 0.461419 0.457572 0.452669 0.446737 0.43981 0.431927 0.423134 0.413481 0.403023 0.391822 0.37994 0.367448 0.354416 0.34092 0.327035 0.31284 0.298414 0.283835 0.269183 0.254533 0.23996 0.225537 0.211332 0.197408 0.183826 0.170641 0.157901 0.145651 0.133928 0.122765 0.112187 0.102217 0.0928683 0.0841527 0.0760758 0.0686395 0.0618421 0.0556793 0.050144 0.0452279 0.0409213 0.0372141 0.0340965 0.0315592 0.0295937 0.0281935 0.0273542 
0.0288371 0.0291283 0.0300096 0.0314854 0.0335614 0.0362447 0.0395442 0.0434697 0.0480315 0.0532399 0.0591046 0.0656341 0.0728348 0.0807108 0.0892629 0.0984881 0.108379 0.118923 0.130103 0.141896 0.154273 0.167198 0.180631 0.194524 0.208824 0.223473 0.238407 0.253558 0.268854 0.284219 0.299575 0.314841 0.329935 0.344776 0.359281 0.373369 0.386962 0.399981 0.412355 0.424011 0.434885 0.444915 0.454044 0.46222 0.469398 0.475538 0.480605 0.484572 0.487416 0.489122 0.48968 0.489087 0.487346 0.484468 0.480468 0.475367 0.469195 0.461986 0.45378 0.444623 0.434568 0.42367 0.411992 0.3996 0.386565 0.37296 0.358863 0.344353 0.329512 0.31442 0.29916 0.283815 0.268463 0.253184 0.238053 0.223142 0.208519 0.194246 0.180382 0.166979 0.154084 0.141738 0.129975 0.118823 0.108306 0.0984397 0.0892372 0.0807051 0.0728464 0.0656599 0.0591416 0.053285 0.0480817 0.0435222 0.0395964 0.0362941 0.033606 0.0315235 0.0300399 0.0291508 
0.0306341 0.0309425 0.0318744 0.0334345 0.0356285 0.0384637 0.0419492 0.0460947 0.0509109 0.0564078 0.0625953 0.0694815 0.0770726 0.0853721 0.09438 0.104092 0.1145 0.125591 0.137344 0.149735 0.162732 0.176298 0.190388 0.204954 0.219938 0.235279 0.25091 0.266759 0.282751 0.298805 0.314841 0.330774 0.34652 0.361992 0.377107 0.39178 0.40593 0.419477 0.432345 0.444463 0.455763 0.466182 0.475661 0.484149 0.491598 0.497969 0.503225 0.507339 0.510289 0.512058 0.512636 0.512021 0.510217 0.507232 0.503083 0.497792 0.491388 0.483906 0.475387 0.465878 0.455431 0.444106 0.431965 0.419076 0.405511 0.391348 0.376665 0.361543 0.346068 0.330324 0.314396 0.29837 0.282328 0.266354 0.250525 0.234917 0.219602 0.204646 0.190111 0.176051 0.162517 0.149551 0.137192 0.125469 0.114407 0.104026 0.0943381 0.0853521 0.0770716 0.0694964 0.0626229 0.0564451 0.0509545 0.0461419 0.0419971 0.0385098 0.0356707 0.033471 0.0319038 0.0309648 
0.0324383 0.0327637 0.0337461 0.0353903 0.0377019 0.0406885 0.0443592 0.0487239 0.0537932 0.0595774 0.0660858 0.0733266 0.0813054 0.0900252 0.0994853 0.10968 0.120601 0.132232 0.144552 0.157533 0.171143 0.185341 0.20008 0.215308 0.230965 0.246986 0.2633 0.279834 0.296506 0.313235 0.329935 0.34652 0.3629 0.378988 0.394696 0.409936 0.424627 0.438685 0.452033 0.464597 0.476308 0.487102 0.496919 0.505707 0.513418 0.52001 0.525448 0.529704 0.532755 0.534584 0.535183 0.534547 0.532681 0.529593 0.525301 0.519827 0.5132 0.505455 0.496635 0.486786 0.475963 0.464225 0.451636 0.438266 0.424188 0.409483 0.39423 0.378514 0.362422 0.346042 0.329462 0.31277 0.296053 0.279397 0.262884 0.246593 0.230599 0.214971 0.199774 0.185066 0.170901 0.157325 0.144376 0.132088 0.120488 0.109596 0.0994268 0.0899905 0.0812914 0.0733301 0.0661036 0.0596062 0.0538299 0.0487654 0.0444025 0.0407311 0.0377415 0.035425 0.0337746 0.0327859 
0.0342385 0.0345809 0.0356135 0.0373409 0.0397691 0.0429057 0.0467599 0.0513416 0.0566614 0.0627296 0.0695554 0.0771465 0.0855083 0.094643 0.104549 0.11522 0.126646 0.138808 0.151685 0.165247 0.179459 0.194277 0.209652 0.225528 0.241842 0.258527 0.275509 0.292709 0.310045 0.32743 0.344776 0.361992 0.378988 0.395671 0.411952 0.427742 0.442953 0.457504 0.471313 0.484306 0.496412 0.507566 0.517708 0.526783 0.534743 0.541548 0.54716 0.551551 0.554699 0.556586 0.557204 0.556548 0.554623 0.551438 0.54701 0.54136 0.53452 0.526524 0.517415 0.507241 0.496056 0.483921 0.470901 0.457068 0.442497 0.427268 0.411465 0.395174 0.378485 0.361488 0.344275 0.326936 0.309563 0.292243 0.275063 0.258105 0.241446 0.225161 0.209316 0.193974 0.179191 0.165014 0.151486 0.138642 0.126512 0.115117 0.104474 0.0945932 0.0854809 0.0771383 0.0695631 0.0627498 0.0566909 0.0513771 0.0467983 0.0429445 0.0398059 0.0373738 0.0356408 0.0346028 
0.0360235 0.0363827 0.0374646 0.0392741 0.0418171 0.0451014 0.0491361 0.0539314 0.0594976 0.0658451 0.0729827 0.080918 0.0896558 0.0991975 0.109541 0.120678 0.132598 0.145281 0.158703 0.172832 0.18763 0.203053 0.219047 0.235554 0.252508 0.269838 0.287468 0.305314 0.323292 0.341311 0.359281 0.377107 0.394696 0.411952 0.428784 0.445101 0.460812 0.475834 0.490085 0.503488 0.515972 0.527469 0.537919 0.547268 0.555466 0.562472 0.56825 0.57277 0.576009 0.577951 0.578587 0.577913 0.575932 0.572654 0.568096 0.562281 0.555238 0.547003 0.537619 0.527135 0.515605 0.503092 0.48966 0.475384 0.460339 0.444608 0.428277 0.411433 0.394169 0.376578 0.358754 0.34079 0.322782 0.304819 0.286992 0.269386 0.252083 0.235158 0.218683 0.202723 0.187336 0.172573 0.15848 0.145093 0.132444 0.120557 0.109449 0.0991325 0.0896148 0.0808979 0.0729801 0.0658564 0.0595196 0.0539606 0.0491695 0.0451362 0.0418509 0.0393049 0.0374908 0.0364042 
0.0377814 0.038157 0.0392872 0.0411771 0.0438324 0.0472612 0.0514725 0.0564765 0.0622836 0.0689038 0.076346 0.0846172 0.0937216 0.10366 0.114429 0.126021 0.138421 0.15161 0.165561 0.180241 0.195609 0.211617 0.22821 0.245327 0.2629 0.280853 0.299107 0.317576 0.336172 0.354801 0.373369 0.39178 0.409936 0.427742 0.445101 0.46192 0.478108 0.493579 0.50825 0.522042 0.534884 0.546706 0.557449 0.567056 0.57548 0.582676 0.58861 0.593251 0.596577 0.598572 0.599225 0.598533 0.596499 0.593134 0.588454 0.582482 0.575248 0.566787 0.557143 0.546365 0.534509 0.521636 0.507813 0.493115 0.47762 0.46141 0.444574 0.427202 0.409388 0.391228 0.372817 0.354254 0.335635 0.317054 0.298604 0.280373 0.262447 0.244904 0.22782 0.211261 0.195289 0.179958 0.165315 0.151401 0.138247 0.125881 0.11432 0.10358 0.093667 0.084585 0.0763329 0.0689061 0.0622979 0.0564994 0.0515007 0.0472919 0.0438632 0.0412057 0.0393121 0.0381782 
0.0395002 0.0398917 0.0410689 0.0430368 0.0458014 0.0493705 0.0537533 0.05896 0.0650008 0.0718857 0.0796231 0.0882198 0.0976795 0.108002 0.119184 0.131214 0.144079 0.157757 0.172218 0.187429 0.203345 0.219917 0.237087 0.254791 0.272957 0.291507 0.310359 0.329424 0.34861 0.367822 0.386962 0.40593 0.424627 0.442953 0.460812 0.478108 0.494748 0.510644 0.525712 0.539872 0.55305 0.56518 0.576198 0.586048 0.594683 0.602058 0.608138 0.612894 0.616301 0.618344 0.619013 0.618305 0.616222 0.612776 0.607981 0.601862 0.594448 0.585776 0.575887 0.564833 0.552669 0.539457 0.525265 0.510169 0.494247 0.477584 0.460269 0.442395 0.424058 0.405356 0.386387 0.367251 0.348048 0.328876 0.309829 0.291 0.272476 0.254341 0.23667 0.219535 0.203 0.187122 0.17195 0.157526 0.143885 0.131056 0.119058 0.107907 0.0976114 0.0881757 0.0795995 0.0718789 0.0650074 0.0589764 0.0537763 0.049397 0.045829 0.0430633 0.0410925 0.0399125 
0.0411676 0.0415745 0.0427971 0.0448403 0.0477101 0.0514145 0.0559627 0.0613646 0.0676306 0.0747703 0.082792 0.0917019 0.101503 0.112195 0.123772 0.136225 0.149535 0.163681 0.178632 0.19435 0.210791 0.227902 0.245623 0.263886 0.282617 0.301737 0.321158 0.34079 0.360537 0.380301 0.399981 0.419477 0.438685 0.457504 0.475834 0.493579 0.510644 0.526939 0.542379 0.556884 0.570379 0.582795 0.59407 0.604148 0.612979 0.620521 0.626738 0.631599 0.635082 0.637171 0.637855 0.637132 0.635003 0.631481 0.62658 0.620324 0.612743 0.603872 0.593756 0.582444 0.569991 0.556462 0.541924 0.526454 0.510131 0.493042 0.475276 0.456929 0.438098 0.418883 0.399385 0.379707 0.359951 0.340217 0.320603 0.301204 0.282112 0.26341 0.24518 0.227496 0.210423 0.194021 0.178341 0.16343 0.149322 0.136048 0.12363 0.112085 0.101422 0.0916459 0.082758 0.0747546 0.0676295 0.0613746 0.0559804 0.0514369 0.0477345 0.0448645 0.0428194 0.0415948 
0.0427715 0.0431932 0.0444591 0.0465743 0.0495449 0.0533787 0.0580849 0.0636735 0.0701546 0.0775377 0.0858307 0.0950395 0.105166 0.11621 0.128165 0.141019 0.154753 0.169345 0.18476 0.200961 0.2179 0.235522 0.253765 0.272558 0.291824 0.311481 0.33144 0.351606 0.371881 0.392165 0.412355 0.432345 0.452033 0.471313 0.490085 0.50825 0.525712 0.542379 0.558166 0.572992 0.58678 0.599463 0.610976 0.621265 0.630279 0.637976 0.644318 0.649278 0.652831 0.654961 0.65566 0.654922 0.652752 0.649159 0.64416 0.637777 0.630041 0.620988 0.61066 0.599108 0.586388 0.572564 0.557704 0.541885 0.525189 0.507701 0.489514 0.470724 0.451429 0.431733 0.411739 0.391551 0.371274 0.35101 0.330861 0.310925 0.291294 0.272058 0.253298 0.235092 0.217509 0.20061 0.184449 0.169074 0.154522 0.140825 0.128007 0.116086 0.105072 0.094972 0.0857866 0.0775131 0.0701459 0.0636771 0.0580973 0.0533969 0.0495661 0.0465963 0.04448 0.043213 
0.0442999 0.0447355 0.0460426 0.0482261 0.0512921 0.0552485 0.0601045 0.0658699 0.0725547 0.0801681 0.0887179 0.0982093 0.108644 0.120021 0.132332 0.145564 0.159699 0.17471 0.190564 0.207219 0.224627 0.242729 0.261462 0.280752 0.30052 0.320681 0.341143 0.361809 0.382578 0.403347 0.424011 0.444463 0.464597 0.484306 0.503488 0.522042 0.539872 0.556884 0.572992 0.588113 0.602173 0.615101 0.626834 0.637316 0.646498 0.654336 0.660795 0.665844 0.669462 0.671631 0.672342 0.671591 0.669383 0.665726 0.660637 0.654138 0.64626 0.637038 0.626516 0.614744 0.601778 0.587681 0.572524 0.556383 0.53934 0.521483 0.502905 0.483704 0.463979 0.443835 0.423378 0.402714 0.381951 0.361192 0.340543 0.320103 0.299968 0.28023 0.260973 0.242277 0.224214 0.206847 0.190233 0.17442 0.15945 0.145354 0.132159 0.119882 0.108537 0.0981306 0.0886638 0.080135 0.0725386 0.0658672 0.0601118 0.0552626 0.0513102 0.0482459 0.0460622 0.0447549 
0.0457409 0.0461898 0.0475354 0.049783 0.0529386 0.05701 0.0620063 0.0679375 0.0748132 0.0826425 0.0914327 0.101189 0.111912 0.1236 0.136244 0.14983 0.164339 0.179742 0.196005 0.213083 0.230927 0.249477 0.268666 0.288418 0.308653 0.329281 0.350209 0.371338 0.392565 0.413783 0.434885 0.455763 0.476308 0.496412 0.515972 0.534884 0.55305 0.570379 0.58678 0.602173 0.61648 0.629632 0.641566 0.652224 0.661559 0.669526 0.67609 0.681222 0.684897 0.687102 0.687824 0.687062 0.684819 0.681104 0.675933 0.669329 0.661321 0.651946 0.641247 0.629274 0.616082 0.601737 0.586308 0.569872 0.552512 0.534316 0.515379 0.495798 0.475677 0.455121 0.434236 0.413133 0.391919 0.370703 0.349589 0.328682 0.308079 0.287875 0.268156 0.249005 0.230494 0.212691 0.195655 0.179434 0.164073 0.149604 0.136056 0.123448 0.111793 0.101099 0.0913692 0.0826011 0.07479 0.0679289 0.0620087 0.0570201 0.0529536 0.0498006 0.0475537 0.0462086 
