0.00392877 0.0039614 0.00406632 0.00424424 0.00449594 0.00482249 0.00522516 0.00570546 0.00626503 0.00690559 0.0076289 0.00843668 0.00933051 0.0103118 0.0113816 0.0125408 0.0137897 0.015128 0.016555 0.0180693 0.0196687 0.0213503 0.0231104 0.0249443 0.0268466 0.028811 0.0308301 0.0328959 0.0349994 0.037131 0.0392801 0.0414355 0.0435857 0.0457184 0.047821 0.0498808 0.0518847 0.0538198 0.0556732 0.0574324 0.0590852 0.0606199 0.0620256 0.0632919 0.0644097 0.0653706 0.0661673 0.066794 0.0672458 0.0675193 0.0676125 0.0675246 0.0672564 0.0668099 0.0661886 0.0653972 0.0644417 0.0633293 0.0620683 0.060668 0.0591386 0.0574911 0.0557371 0.0538888 0.0519588 0.0499597 0.0479047 0.0458065 0.0436781 0.0415319 0.0393801 0.0372343 0.0351057 0.0330046 0.0309409 0.0289233 0.0269601 0.0250583 0.0232244 0.0214639 0.0197812 0.0181801 0.0166637 0.015234 0.0138924 0.0126398 0.0114765 0.0104019 0.00941558 0.00851627 0.00770264 0.00697315 0.00632611 0.00575981 0.00527255 0.00486273 0.00452889 0.00426978 0.00408437 0.00397214 
0.0039614 0.00399431 0.00410011 0.00427952 0.0045333 0.00486254 0.00526853 0.00575277 0.00631691 0.00696269 0.00769188 0.00850619 0.00940723 0.0103964 0.0114748 0.0126432 0.013902 0.0152509 0.0166891 0.0182153 0.0198271 0.0215218 0.0232954 0.0251434 0.0270602 0.0290395 0.0310738 0.0331551 0.0352744 0.0374218 0.0395868 0.0417581 0.0439241 0.0460723 0.0481902 0.0502648 0.0522832 0.0542321 0.0560988 0.0578705 0.059535 0.0610805 0.062496 0.0637713 0.0648969 0.0658644 0.0666667 0.0672977 0.0677526 0.068028 0.0681218 0.0680333 0.0677632 0.0673135 0.0666878 0.0658908 0.0649286 0.0638083 0.0625384 0.0611282 0.059588 0.0579287 0.0561622 0.0543007 0.0523567 0.0503433 0.0482734 0.04616 0.044016 0.0418541 0.0396864 0.0375248 0.0353803 0.0332636 0.0311843 0.0291516 0.0271734 0.0252572 0.0234093 0.0216352 0.0199395 0.018326 0.0167978 0.0153569 0.0140048 0.0127423 0.0115697 0.0104867 0.00949242 0.0085859 0.00776574 0.00703038 0.00637812 0.00580723 0.00531603 0.00490288 0.00456634 0.00430513 0.00411822 0.00400508 
0.00406632 0.00410011 0.0042086 0.00439251 0.00465263 0.00499005 0.00540608 0.00590226 0.00648024 0.00714181 0.00788873 0.00872275 0.00964549 0.0106583 0.0117625 0.0129586 0.014247 0.0156274 0.0170991 0.0186606 0.0203095 0.0220428 0.0238567 0.0257463 0.0277061 0.0297294 0.0318088 0.0339359 0.0361014 0.0382954 0.0405072 0.0427251 0.0449372 0.0471311 0.0492937 0.0514118 0.0534723 0.0554618 0.0573671 0.0591753 0.060874 0.0624511 0.0638955 0.0651966 0.0663449 0.067332 0.0681504 0.0687941 0.0692581 0.0695389 0.0696344 0.069544 0.0692683 0.0688094 0.0681709 0.0673577 0.0663758 0.0652327 0.0639368 0.0624976 0.0609257 0.0592322 0.0574292 0.055529 0.0535445 0.0514888 0.0493754 0.0472173 0.0450278 0.0428197 0.0406055 0.0383972 0.0362062 0.0340432 0.0319183 0.0298407 0.0278186 0.0258595 0.0239701 0.0221558 0.0204215 0.0187711 0.0172077 0.0157334 0.0143498 0.0130578 0.0118575 0.0107488 0.00973094 0.00880275 0.0079629 0.00720981 0.00654176 0.00595702 0.00545386 0.00503064 0.00468589 0.0044183 0.00422685 0.00411098 
0.00424424 0.00427952 0.00439251 0.00458397 0.0048547 0.00520581 0.00563867 0.00615482 0.00675597 0.00744393 0.00822052 0.00908749 0.0100465 0.0110989 0.0122459 0.0134882 0.0148261 0.0162592 0.0177867 0.019407 0.0211176 0.0229153 0.0247962 0.0267552 0.0287864 0.0308829 0.0330371 0.0352402 0.0374827 0.0397541 0.0420434 0.0443387 0.0466275 0.0488969 0.0511336 0.053324 0.0554544 0.057511 0.0594804 0.0613491 0.0631043 0.0647338 0.0662259 0.0675698 0.0687559 0.0697753 0.0706204 0.0712849 0.0717639 0.0720537 0.0721522 0.0720586 0.0717736 0.0712995 0.0706399 0.0697997 0.0687853 0.0676042 0.0662653 0.0647783 0.0631539 0.0614037 0.0595401 0.0575758 0.0555241 0.0533985 0.0512129 0.0489807 0.0467156 0.0444309 0.0421395 0.0398537 0.0375855 0.0353458 0.033145 0.0309927 0.0288976 0.0268673 0.0249086 0.0230276 0.0212291 0.0195171 0.017895 0.0163651 0.014929 0.0135876 0.0123413 0.0111897 0.0101323 0.00916793 0.00829516 0.00751242 0.00681798 0.00621005 0.00568689 0.00524681 0.0048883 0.00461005 0.00441098 0.00429054 
0.00449594 0.0045333 0.00465263 0.0048547 0.00514034 0.00551071 0.0059672 0.00651141 0.00714511 0.00787014 0.00868837 0.00960161 0.0106115 0.0117195 0.0129267 0.0142337 0.015641 0.0171479 0.0187536 0.0204562 0.0222532 0.0241412 0.0261158 0.0281718 0.0303029 0.032502 0.0347607 0.0370701 0.0394201 0.0417997 0.0441974 0.0466007 0.0489966 0.0513716 0.0537118 0.056003 0.0582309 0.0603812 0.0624399 0.0643929 0.0662271 0.0679295 0.0694882 0.070892 0.0721306 0.073195 0.0740773 0.074771 0.0752709 0.0755732 0.0756758 0.0755777 0.0752799 0.0747845 0.0740954 0.0732177 0.0721579 0.070924 0.0695251 0.0679712 0.0662736 0.0644444 0.0624962 0.0604425 0.0582971 0.056074 0.0537875 0.0514519 0.0490813 0.0466897 0.0442903 0.0418964 0.0395201 0.0371731 0.0348663 0.0326096 0.0304122 0.0282823 0.0262269 0.0242523 0.0223638 0.0205657 0.0188614 0.0172535 0.0157438 0.0143332 0.0130223 0.0118107 0.0106978 0.00968261 0.00876364 0.00793927 0.00720776 0.00656728 0.00601601 0.00555224 0.00517442 0.00488117 0.0046714 0.00454454 
0.00482249 0.00486254 0.00499005 0.00520581 0.00551071 0.00590593 0.00639292 0.00697335 0.00764904 0.0084219 0.00929384 0.0102667 0.0113422 0.0125218 0.0138065 0.0151971 0.0166936 0.0182956 0.0200019 0.0218106 0.0237188 0.0257229 0.0278181 0.0299988 0.0322584 0.0345891 0.0369822 0.0394281 0.0419161 0.0444347 0.0469715 0.0495134 0.0520468 0.0545572 0.0570301 0.0594506 0.0618036 0.064074 0.0662471 0.0683084 0.0702436 0.0720396 0.0736836 0.0751639 0.0764698 0.0775919 0.0785219 0.0792529 0.0797796 0.080098 0.0802057 0.080102 0.0797876 0.0792651 0.0785381 0.0776123 0.0764945 0.0751929 0.073717 0.0720776 0.0702862 0.0683556 0.0662992 0.0641308 0.0618652 0.059517 0.0571012 0.054633 0.0521271 0.0495981 0.0470603 0.0445274 0.0420124 0.0395277 0.0370846 0.0346939 0.0323651 0.030107 0.0279272 0.0258324 0.0238281 0.0219191 0.0201091 0.0184008 0.0167963 0.0152966 0.0139024 0.0126134 0.0114291 0.0103484 0.00936983 0.00849179 0.00771247 0.00702998 0.00644245 0.00594812 0.00554536 0.00523277 0.00500919 0.00487405 
0.00522516 0.00526853 0.00540608 0.00563867 0.0059672 0.00639292 0.00691735 0.00754222 0.00826942 0.00910094 0.0100388 0.0110848 0.0122407 0.013508 0.0148878 0.0163806 0.0179865 0.0197049 0.0215344 0.0234728 0.0255171 0.0276631 0.0299058 0.032239 0.0346555 0.0371471 0.0397045 0.0423171 0.0449736 0.0476618 0.0503684 0.0530795 0.0557804 0.058456 0.0610907 0.0636688 0.0661742 0.068591 0.0709036 0.0730966 0.075155 0.0770648 0.0788127 0.0803862 0.0817741 0.0829664 0.0839544 0.0847309 0.0852901 0.085628 0.085742 0.0856314 0.085297 0.0847413 0.0839684 0.082984 0.0817955 0.0804115 0.078842 0.0770983 0.0751927 0.0731387 0.0709503 0.0686423 0.0662301 0.0637295 0.0611561 0.0585261 0.0558551 0.0531587 0.050452 0.0477496 0.0450653 0.0424123 0.0398028 0.0372483 0.034759 0.0323443 0.0300125 0.0277706 0.0256247 0.0235801 0.0216406 0.0198095 0.0180889 0.0164801 0.0149838 0.0136001 0.0123282 0.0111672 0.0101156 0.0091717 0.00833373 0.00759972 0.00696771 0.00643588 0.00600252 0.00566618 0.00542567 0.00528036 
0.00570546 0.00575277 0.00590226 0.00615482 0.00651141 0.00697335 0.00754222 0.00821983 0.00900817 0.00990929 0.0109252 0.012058 0.0133093 0.0146806 0.016173 0.0177869 0.0195224 0.0213786 0.023354 0.025446 0.0276511 0.029965 0.0323821 0.0348955 0.0374976 0.0401793 0.0429305 0.0457399 0.0485954 0.0514837 0.0543906 0.0573011 0.0601997 0.06307 0.0658954 0.0686592 0.0713441 0.0739334 0.0764102 0.0787582 0.0809617 0.0830055 0.0848756 0.0865587 0.0880431 0.0893179 0.0903742 0.0912041 0.0918016 0.0921625 0.092284 0.0921652 0.0918071 0.0912124 0.0903854 0.0893322 0.0880605 0.0865795 0.0848999 0.0830335 0.0809936 0.0787942 0.0764504 0.073978 0.0713933 0.068713 0.065954 0.0631332 0.0602677 0.0573738 0.0544679 0.0515654 0.0486814 0.0458298 0.0430239 0.0402759 0.0375971 0.0349973 0.0324857 0.0300699 0.0277566 0.0255515 0.0234589 0.0214823 0.0196242 0.0178862 0.0162691 0.014773 0.0133973 0.0121411 0.0110029 0.00998096 0.00907343 0.00827828 0.00759349 0.00701715 0.00654748 0.00618296 0.00592233 0.00576496 
0.00626503 0.00631691 0.00648024 0.00675597 0.00714511 0.00764904 0.00826942 0.00900817 0.00986735 0.0108491 0.0119556 0.0131888 0.0145505 0.0160421 0.0176648 0.0194189 0.0213042 0.0233197 0.0254636 0.027733 0.0301241 0.0326318 0.0352501 0.0379715 0.0407876 0.0436884 0.0466631 0.0496994 0.0527841 0.0559028 0.0590403 0.0621804 0.0653064 0.0684007 0.0714455 0.0744226 0.077314 0.0801014 0.0827669 0.085293 0.087663 0.0898607 0.0918711 0.0936801 0.0952752 0.0966448 0.0977793 0.0986706 0.0993121 0.0996992 0.0998292 0.0997012 0.099316 0.0986765 0.0977874 0.0966552 0.0952881 0.0936958 0.0918896 0.0898824 0.0876881 0.0853218 0.0827996 0.0801382 0.0773552 0.0744684 0.0714959 0.0684559 0.0653665 0.0622454 0.0591101 0.0559774 0.0528632 0.0497829 0.0467506 0.0437797 0.0408821 0.0380689 0.0353499 0.0327334 0.0302268 0.0278363 0.0255668 0.0234222 0.0214052 0.0195177 0.0177609 0.0161347 0.0146389 0.0132725 0.012034 0.0109217 0.00993358 0.0090676 0.00832165 0.00769373 0.00718198 0.00678479 0.00650086 0.0063295 
0.00690559 0.00696269 0.00714181 0.00744393 0.00787014 0.0084219 0.00910094 0.00990929 0.0108491 0.0119226 0.0131321 0.0144795 0.0159668 0.0175953 0.019366 0.0212793 0.0233348 0.0255312 0.0278663 0.030337 0.0329389 0.0356664 0.0385128 0.0414698 0.0445282 0.0476772 0.0509048 0.0541978 0.0575417 0.060921 0.0643191 0.0677186 0.0711014 0.0744485 0.0777409 0.080959 0.0840832 0.087094 0.0899723 0.0926993 0.0952569 0.0976281 0.0997966 0.101747 0.103467 0.104943 0.106166 0.107126 0.107817 0.108234 0.108374 0.108235 0.10782 0.10713 0.106171 0.104949 0.103475 0.101757 0.0998085 0.0976425 0.0952743 0.0927198 0.0899964 0.0871219 0.0841152 0.0809955 0.077782 0.0744945 0.0711523 0.0677746 0.0643802 0.0609871 0.0576128 0.0542738 0.0509854 0.047762 0.0446169 0.041562 0.0386079 0.0357639 0.0330382 0.0304375 0.0279673 0.0256319 0.0234345 0.0213774 0.0194617 0.0176878 0.0160555 0.0145638 0.0132112 0.0119961 0.0109163 0.0099697 0.00915414 0.0084675 0.00790784 0.00747346 0.00716299 0.00697572 
0.0076289 0.00769188 0.00788873 0.00822052 0.00868837 0.00929384 0.0100388 0.0109252 0.0119556 0.0131321 0.014457 0.0159326 0.0175606 0.0193425 0.0212791 0.0233708 0.0256168 0.0280156 0.0305648 0.0332607 0.0360982 0.0390714 0.0421725 0.0453927 0.0487216 0.0521475 0.0556573 0.0592364 0.0628692 0.0665388 0.0702272 0.0739156 0.0775842 0.0812128 0.0847805 0.0882665 0.0916495 0.0949087 0.0980234 0.100973 0.103739 0.106303 0.108647 0.110755 0.112613 0.114208 0.115529 0.116565 0.117311 0.117761 0.117911 0.117761 0.117311 0.116566 0.115529 0.114209 0.112615 0.110758 0.108652 0.106309 0.103748 0.100985 0.0980376 0.0949265 0.0916712 0.0882924 0.084811 0.0812481 0.0776246 0.0739613 0.0702783 0.0665953 0.0629312 0.0593037 0.0557297 0.0522248 0.0488034 0.0454786 0.0422621 0.039164 0.0361934 0.0333576 0.0306629 0.0281141 0.0257148 0.0234677 0.0213741 0.0194348 0.0176494 0.0160172 0.0145368 0.0132063 0.0120236 0.0109866 0.0100929 0.00934034 0.00872689 0.00825077 0.0079105 0.00770536 
0.00843668 0.00850619 0.00872275 0.00908749 0.00960161 0.0102667 0.0110848 0.012058 0.0131888 0.0144795 0.0159326 0.0175502 0.0193343 0.0212861 0.0234065 0.0256956 0.0281525 0.0307753 0.0335612 0.036506 0.039604 0.0428485 0.046231 0.0497416 0.053369 0.0571003 0.060921 0.0648155 0.0687665 0.0727557 0.0767636 0.0807697 0.0847527 0.0886906 0.092561 0.0963413 0.100009 0.10354 0.106914 0.110109 0.113104 0.115879 0.118415 0.120696 0.122705 0.12443 0.125858 0.126978 0.127784 0.12827 0.128432 0.128269 0.127782 0.126975 0.125854 0.124426 0.122701 0.120691 0.118411 0.115876 0.113103 0.11011 0.106918 0.103547 0.100019 0.0963553 0.0925795 0.088714 0.0847812 0.0808037 0.0768033 0.0728013 0.0688179 0.0648728 0.060984 0.0571688 0.0534428 0.0498202 0.046314 0.0429354 0.0396941 0.0365986 0.0336557 0.0308709 0.0282483 0.0257908 0.0235004 0.0213777 0.0194229 0.017635 0.0160127 0.0145543 0.0132576 0.0121202 0.0111398 0.0103141 0.00964092 0.00911845 0.00874511 0.00852015 
0.00933051 0.00940723 0.00964549 0.0100465 0.0106115 0.0113422 0.0122407 0.0133093 0.0145505 0.0159668 0.0175606 0.0193343 0.0212896 0.0234279 0.02575 0.0282556 0.0309436 0.0338119 0.0368571 0.0400743 0.0434574 0.0469987 0.0506888 0.0545168 0.0584702 0.0625349 0.0666951 0.0709335 0.0752316 0.0795692 0.0839252 0.0882773 0.0926026 0.0968771 0.101077 0.105177 0.109153 0.112981 0.116637 0.120098 0.123341 0.126345 0.12909 0.131558 0.133732 0.135597 0.137141 0.138353 0.139224 0.139748 0.139923 0.139746 0.139219 0.138346 0.137132 0.135586 0.13372 0.131545 0.129077 0.126332 0.123329 0.120087 0.116628 0.112975 0.10915 0.105178 0.101082 0.0968871 0.0926178 0.0882983 0.0839521 0.0796024 0.0752711 0.0709795 0.0667474 0.0625935 0.0585348 0.054587 0.0507641 0.0470787 0.0435415 0.0401618 0.0369472 0.0339039 0.0310365 0.0283486 0.0258422 0.0235185 0.0213776 0.0194188 0.0176409 0.0160419 0.0146198 0.0133722 0.0122965 0.0113904 0.0106516 0.0100781 0.00966843 0.00942166 
0.0103118 0.0103964 0.0106583 0.0110989 0.0117195 0.0125218 0.013508 0.0146806 0.0160421 0.0175953 0.0193425 0.0212861 0.0234279 0.0257693 0.0283107 0.0310517 0.0339911 0.0371261 0.0404529 0.0439659 0.0476584 0.0515215 0.0555451 0.0597171 0.0640236 0.0684493 0.0729768 0.0775873 0.0822604 0.0869745 0.0917065 0.0964322 0.101127 0.105764 0.110319 0.114764 0.119073 0.12322 0.12718 0.130926 0.134436 0.137687 0.140656 0.143326 0.145676 0.147693 0.149362 0.150671 0.151612 0.152179 0.152367 0.152175 0.151605 0.15066 0.149347 0.147676 0.145657 0.143304 0.140633 0.137663 0.134412 0.130903 0.127158 0.1232 0.119056 0.11475 0.110309 0.10576 0.101127 0.0964387 0.0917192 0.0869939 0.0822867 0.0776205 0.073017 0.0684965 0.0640777 0.0597776 0.0556117 0.0515936 0.0477354 0.0440473 0.0405377 0.0372136 0.0340804 0.0311418 0.0284007 0.0258582 0.0235148 0.02137 0.0194225 0.0176705 0.0161118 0.014744 0.0135644 0.0125706 0.0117602 0.0111312 0.0106818 0.0104113 
0.0113816 0.0114748 0.0117625 0.0122459 0.0129267 0.0138065 0.0148878 0.016173 0.0176648 0.019366 0.0212791 0.0234065 0.02575 0.0283107 0.031089 0.0340843 0.0372949 0.0407176 0.0443479 0.0481798 0.0522054 0.0564151 0.0607976 0.0653395 0.0700256 0.0748391 0.0797611 0.0847709 0.0898466 0.0949644 0.100099 0.105225 0.110315 0.115342 0.120276 0.12509 0.129755 0.134243 0.138527 0.142579 0.146374 0.149887 0.153096 0.15598 0.158519 0.160697 0.162499 0.163913 0.164929 0.16554 0.165742 0.165534 0.164918 0.163897 0.162479 0.160673 0.158491 0.155949 0.153063 0.149852 0.146337 0.142542 0.13849 0.134208 0.129722 0.12506 0.12025 0.115321 0.1103 0.105216 0.100096 0.0949684 0.089858 0.08479 0.0797879 0.0748737 0.0700678 0.065389 0.0608541 0.0564782 0.0522744 0.048254 0.0444265 0.0407998 0.0373797 0.0341708 0.0311761 0.0283974 0.0258353 0.0234894 0.0213586 0.019441 0.0177346 0.0162366 0.0149446 0.0138558 0.0129679 0.0122787 0.0117864 0.0114902 
0.0125408 0.0126432 0.0129586 0.0134882 0.0142337 0.0151971 0.0163806 0.0177869 0.0194189 0.0212793 0.0233708 0.0256956 0.0282556 0.0310517 0.0340843 0.0373523 0.0408536 0.0445847 0.0485402 0.0527134 0.0570954 0.0616758 0.0664418 0.0713789 0.0764705 0.0816979 0.0870406 0.0924762 0.0979807 0.103528 0.109092 0.114644 0.120155 0.125594 0.130932 0.136138 0.14118 0.14603 0.150658 0.155034 0.159131 0.162923 0.166386 0.169497 0.172236 0.174584 0.176527 0.178051 0.179146 0.179804 0.180022 0.179797 0.179132 0.178031 0.176501 0.174553 0.172199 0.169456 0.166341 0.162875 0.15908 0.154982 0.150606 0.145979 0.141131 0.136091 0.130889 0.125556 0.120122 0.114617 0.109072 0.103516 0.0979759 0.0924796 0.0870524 0.0817183 0.0764994 0.0714162 0.066487 0.0617285 0.0571551 0.0527793 0.0486115 0.0446606 0.0409331 0.0374343 0.0341678 0.0311356 0.0283387 0.0257768 0.0234491 0.0213537 0.0194883 0.0178506 0.0164376 0.0152467 0.0142754 0.0135215 0.012983 0.0126591 
0.0137897 0.013902 0.014247 0.0148261 0.015641 0.0166936 0.0179865 0.0195224 0.0213042 0.0233348 0.0256168 0.0281525 0.0309436 0.0339911 0.0372949 0.0408536 0.0446648 0.0487242 0.053026 0.0575623 0.0623235 0.0672979 0.0724714 0.0778282 0.0833499 0.0890163 0.094805 0.100692 0.10665 0.112653 0.118671 0.124673 0.130628 0.136504 0.142267 0.147886 0.153327 0.158559 0.163548 0.168265 0.172681 0.176766 0.180496 0.183847 0.186795 0.189323 0.191414 0.193054 0.194232 0.19494 0.195173 0.194931 0.194215 0.193029 0.191381 0.189283 0.186749 0.183794 0.180439 0.176705 0.172616 0.168198 0.16348 0.15849 0.15326 0.147821 0.142205 0.136446 0.130576 0.124627 0.118632 0.112622 0.106628 0.100678 0.0948004 0.0890211 0.0833641 0.0778516 0.0725039 0.067339 0.0623726 0.0576188 0.0530889 0.0487928 0.044738 0.0409303 0.0373739 0.0340713 0.0310239 0.0282315 0.0256935 0.023408 0.021373 0.0195857 0.0180434 0.0167433 0.0156829 0.0148597 0.0142718 0.0139182 
0.015128 0.0152509 0.0156274 0.0162592 0.0171479 0.0182956 0.0197049 0.0213786 0.0233197 0.0255312 0.0280156 0.0307753 0.0338119 0.0371261 0.0407176 0.0445847 0.0487242 0.0531315 0.0577997 0.0627204 0.0678825 0.0732733 0.0788773 0.0846771 0.0906528 0.0967821 0.103041 0.109403 0.11584 0.122321 0.128816 0.135291 0.141713 0.148047 0.154258 0.16031 0.166169 0.1718 0.177169 0.182243 0.186992 0.191384 0.195394 0.198994 0.202162 0.204878 0.207123 0.208884 0.210148 0.210908 0.211159 0.210898 0.210128 0.208854 0.207084 0.204829 0.202105 0.19893 0.195323 0.191308 0.186911 0.182159 0.177083 0.171713 0.166083 0.160225 0.154176 0.147969 0.14164 0.135225 0.128757 0.12227 0.115798 0.10937 0.103018 0.0967698 0.0906508 0.0846855 0.0788958 0.0733014 0.0679198 0.0627661 0.0578532 0.0531916 0.0487901 0.044655 0.0407913 0.037202 0.0338886 0.0308516 0.0280902 0.0256029 0.0233874 0.0214412 0.0197614 0.0183452 0.0171899 0.016293 0.0156525 0.0152675 
0.016555 0.0166891 0.0170991 0.0177867 0.0187536 0.0200019 0.0215344 0.023354 0.0254636 0.0278663 0.0305648 0.0335612 0.0368571 0.0404529 0.0443479 0.0485402 0.053026 0.0577997 0.062854 0.0681791 0.0737631 0.0795916 0.085648 0.0919131 0.0983651 0.10498 0.111732 0.118591 0.125529 0.132511 0.139505 0.146475 0.153385 0.160197 0.166874 0.173378 0.179673 0.18572 0.191485 0.196931 0.202026 0.206738 0.211037 0.214898 0.218294 0.221205 0.223611 0.225497 0.226852 0.227666 0.227933 0.227654 0.226828 0.225462 0.223564 0.221147 0.218227 0.214822 0.210953 0.206647 0.201929 0.19683 0.19138 0.185614 0.179566 0.173273 0.166771 0.160097 0.15329 0.146387 0.139425 0.132439 0.125466 0.118539 0.11169 0.104949 0.0983455 0.0919048 0.085651 0.0796054 0.0737872 0.0682129 0.0628967 0.0578504 0.0530834 0.0486033 0.0444154 0.0405235 0.0369294 0.033634 0.0306366 0.0279359 0.0255297 0.0234154 0.0215902 0.0200511 0.0187954 0.0178205 0.0171244 0.0167061 
0.0180693 0.0182153 0.0186606 0.019407 0.0204562 0.0218106 0.0234728 0.025446 0.027733 0.030337 0.0332607 0.036506 0.0400743 0.0439659 0.0481798 0.0527134 0.0575623 0.0627204 0.0681791 0.0739278 0.0799533 0.0862398 0.0927691 0.0995202 0.10647 0.113591 0.120857 0.128236 0.135694 0.143199 0.150712 0.158196 0.165612 0.172921 0.180082 0.187056 0.193802 0.200281 0.206455 0.212286 0.21774 0.222782 0.227382 0.231511 0.235143 0.238255 0.240828 0.242844 0.244292 0.245161 0.245447 0.245147 0.244264 0.242803 0.240774 0.238189 0.235065 0.231423 0.227284 0.222676 0.217626 0.212167 0.206331 0.200155 0.193674 0.186929 0.179957 0.172799 0.165495 0.158085 0.150608 0.143104 0.13561 0.128162 0.120794 0.113541 0.106431 0.099494 0.0927552 0.0862379 0.0799629 0.0739484 0.0682099 0.0627603 0.0576103 0.0527682 0.0482401 0.0440304 0.0401415 0.0365745 0.033329 0.0304039 0.027797 0.0255058 0.0235275 0.0218591 0.0204976 0.0194406 0.0186859 0.0182326 
0.0196687 0.0198271 0.0203095 0.0211176 0.0222532 0.0237188 0.0255171 0.0276511 0.0301241 0.0329389 0.0360982 0.039604 0.0434574 0.0476584 0.0522054 0.0570954 0.0623235 0.0678825 0.0737631 0.0799533 0.0864386 0.0932019 0.100223 0.10748 0.114946 0.122594 0.130393 0.13831 0.146309 0.154353 0.162404 0.17042 0.178361 0.186183 0.193844 0.201302 0.208514 0.215438 0.222034 0.228262 0.234085 0.239467 0.244377 0.248782 0.252656 0.255976 0.258719 0.260869 0.262412 0.263338 0.263642 0.263322 0.26238 0.260822 0.258657 0.2559 0.252567 0.248681 0.244264 0.239345 0.233954 0.228124 0.22189 0.21529 0.208364 0.201152 0.193695 0.186037 0.178219 0.170285 0.162277 0.154235 0.146201 0.138213 0.130308 0.122522 0.114887 0.107434 0.100191 0.0931829 0.0864325 0.0799594 0.0737807 0.0679106 0.0623609 0.0571409 0.0522576 0.0477158 0.0435186 0.0396675 0.0361625 0.0330024 0.0301854 0.027709 0.0255703 0.0237662 0.022294 0.0211509 0.0203348 0.0198447 
0.0213503 0.0215218 0.0220428 0.0229153 0.0241412 0.0257229 0.0276631 0.029965 0.0326318 0.0356664 0.0390714 0.0428485 0.0469987 0.0515215 0.0564151 0.0616758 0.0672979 0.0732733 0.0795916 0.0862398 0.0932019 0.100459 0.10799 0.115769 0.12377 0.131962 0.140312 0.148784 0.157341 0.165942 0.174546 0.18311 0.19159 0.19994 0.208115 0.216071 0.223761 0.231141 0.23817 0.244805 0.251006 0.256737 0.261962 0.266651 0.270773 0.274304 0.277222 0.279508 0.281149 0.282134 0.282457 0.282116 0.281113 0.279455 0.277152 0.274219 0.270673 0.266536 0.261835 0.256598 0.250857 0.244647 0.238006 0.230972 0.223588 0.215897 0.207942 0.19977 0.191424 0.18295 0.174394 0.165799 0.157208 0.148663 0.140204 0.131867 0.123689 0.115703 0.107938 0.100422 0.0931787 0.0862302 0.0795948 0.0732883 0.0673235 0.0617109 0.0564581 0.051571 0.0470531 0.0429062 0.0391308 0.0357259 0.03269 0.0300204 0.0277144 0.0257689 0.024181 0.0229481 0.0220679 0.0215395 
0.0231104 0.0232954 0.0238567 0.0247962 0.0261158 0.0278181 0.0299058 0.0323821 0.0352501 0.0385128 0.0421725 0.046231 0.0506888 0.0555451 0.0607976 0.0664418 0.0724714 0.0788773 0.085648 0.0927691 0.100223 0.10799 0.116046 0.124364 0.132915 0.141666 0.150582 0.159625 0.168754 0.177927 0.187099 0.196224 0.205256 0.214146 0.222847 0.231311 0.239489 0.247336 0.254806 0.261856 0.268443 0.274529 0.280077 0.285053 0.289428 0.293174 0.29627 0.298695 0.300435 0.301479 0.301822 0.30146 0.300396 0.298636 0.296193 0.293079 0.289316 0.284925 0.279934 0.274373 0.268276 0.261679 0.254621 0.247145 0.239294 0.231113 0.222649 0.21395 0.205064 0.196038 0.18692 0.177757 0.168596 0.159479 0.150449 0.141547 0.132811 0.124276 0.115973 0.107933 0.100182 0.0927425 0.0856356 0.0788782 0.0724843 0.0664655 0.0608305 0.0555857 0.0507355 0.0462821 0.0422263 0.0385677 0.0353045 0.0324344 0.0299547 0.0278624 0.0261544 0.0248282 0.0238815 0.0233132 
0.0249443 0.0251434 0.0257463 0.0267552 0.0281718 0.0299988 0.032239 0.0348955 0.0379715 0.0414698 0.0453927 0.0497416 0.0545168 0.0597171 0.0653395 0.0713789 0.0778282 0.0846771 0.0919131 0.0995202 0.10748 0.115769 0.124364 0.133235 0.142349 0.151674 0.161169 0.170796 0.18051 0.190266 0.200017 0.209715 0.219309 0.22875 0.237986 0.246966 0.255642 0.263962 0.271881 0.279351 0.28633 0.292776 0.29865 0.303919 0.308549 0.312514 0.315789 0.318355 0.320196 0.3213 0.321662 0.321279 0.320152 0.318291 0.315704 0.312409 0.308426 0.303777 0.298493 0.292603 0.286144 0.279154 0.271674 0.263748 0.255422 0.246744 0.237762 0.228528 0.21909 0.209502 0.199811 0.190069 0.180324 0.170623 0.16101 0.15153 0.142221 0.133123 0.124269 0.115692 0.107419 0.0994756 0.091884 0.0846626 0.0778272 0.0713901 0.0653613 0.0597479 0.054555 0.0497854 0.0454403 0.0415195 0.0380216 0.0349444 0.0322851 0.030041 0.0282089 0.0267863 0.0257707 0.0251613 
0.0268466 0.0270602 0.0277061 0.0287864 0.0303029 0.0322584 0.0346555 0.0374976 0.0407876 0.0445282 0.0487216 0.053369 0.0584702 0.0640236 0.0700256 0.0764705 0.0833499 0.0906528 0.0983651 0.10647 0.114946 0.12377 0.132915 0.142349 0.152039 0.161948 0.172034 0.182254 0.192563 0.202912 0.213252 0.223531 0.233696 0.243695 0.253473 0.262977 0.272155 0.280955 0.289327 0.297222 0.304596 0.311406 0.31761 0.323173 0.328061 0.332246 0.335702 0.33841 0.340352 0.341517 0.341898 0.341493 0.340304 0.338339 0.335609 0.332131 0.327926 0.323018 0.317437 0.311216 0.304392 0.297005 0.289099 0.280718 0.271912 0.26273 0.253223 0.243446 0.23345 0.22329 0.213018 0.202688 0.19235 0.182054 0.171848 0.161778 0.151886 0.142214 0.132797 0.123671 0.114865 0.106406 0.0983182 0.0906219 0.083334 0.0764682 0.0700354 0.0640438 0.058499 0.0534046 0.0487622 0.044572 0.0408327 0.0375424 0.0346985 0.0322981 0.0303383 0.0288163 0.0277299 0.027078 
0.028811 0.0290395 0.0297294 0.0308829 0.032502 0.0345891 0.0371471 0.0401793 0.0436884 0.0476772 0.0521475 0.0571003 0.0625349 0.0684493 0.0748391 0.0816979 0.0890163 0.0967821 0.10498 0.113591 0.122594 0.131962 0.141666 0.151674 0.161948 0.172448 0.183133 0.193955 0.204867 0.215816 0.226751 0.237618 0.24836 0.258921 0.269246 0.279278 0.288962 0.298244 0.307072 0.315395 0.323167 0.330341 0.336876 0.342734 0.347881 0.352287 0.355925 0.358775 0.360818 0.362044 0.362445 0.362018 0.360767 0.358698 0.355825 0.352163 0.347735 0.342566 0.336688 0.330135 0.322944 0.315158 0.306822 0.297984 0.288694 0.279005 0.26897 0.258645 0.248086 0.237349 0.226489 0.215563 0.204625 0.193727 0.182919 0.172251 0.161768 0.151513 0.141524 0.13184 0.122491 0.113507 0.104914 0.096734 0.0889846 0.0816812 0.074836 0.0684579 0.0625536 0.057127 0.0521805 0.0477144 0.0437281 0.0402196 0.0371865 0.034626 0.0325352 0.0309115 0.0297524 0.0290572 
0.0308301 0.0310738 0.0318088 0.0330371 0.0347607 0.0369822 0.0397045 0.0429305 0.0466631 0.0509048 0.0556573 0.060921 0.0666951 0.0729768 0.0797611 0.0870406 0.094805 0.103041 0.111732 0.120857 0.130393 0.140312 0.150582 0.161169 0.172034 0.183133 0.194422 0.205851 0.21737 0.228924 0.240459 0.251916 0.263237 0.274364 0.285238 0.295799 0.305991 0.315756 0.325041 0.333793 0.341961 0.3495 0.356366 0.36252 0.367925 0.372551 0.376371 0.379362 0.381507 0.382793 0.383214 0.382766 0.381452 0.37928 0.376263 0.372418 0.367767 0.362339 0.356164 0.349277 0.34172 0.333536 0.32477 0.315474 0.305699 0.295501 0.284936 0.274061 0.262936 0.251618 0.240168 0.228643 0.217099 0.205594 0.19418 0.182908 0.171827 0.160982 0.150416 0.140166 0.130267 0.120752 0.111646 0.102975 0.0947566 0.0870087 0.0797442 0.0729731 0.0667028 0.0609382 0.0556819 0.0509349 0.0466967 0.0429658 0.0397398 0.037016 0.0347916 0.033064 0.0318309 0.0310914 
0.0328959 0.0331551 0.0339359 0.0352402 0.0370701 0.0394281 0.0423171 0.0457399 0.0496994 0.0541978 0.0592364 0.0648155 0.0709335 0.0775873 0.0847709 0.0924762 0.100692 0.109403 0.118591 0.128236 0.13831 0.148784 0.159625 0.170796 0.182254 0.193955 0.205851 0.21789 0.230019 0.242179 0.254314 0.266363 0.278264 0.289957 0.301379 0.312469 0.323167 0.333415 0.343155 0.352333 0.360897 0.368799 0.375994 0.382441 0.388104 0.392949 0.396948 0.40008 0.402326 0.403672 0.404112 0.403643 0.402267 0.399993 0.396833 0.392806 0.387935 0.382248 0.375777 0.36856 0.360638 0.352056 0.342863 0.33311 0.322852 0.312146 0.301051 0.289627 0.277935 0.266037 0.253994 0.241869 0.229719 0.217604 0.205581 0.193702 0.18202 0.170582 0.159433 0.148613 0.138161 0.128109 0.118486 0.109318 0.100626 0.0924283 0.0847396 0.0775706 0.0709297 0.0648224 0.0592521 0.0542202 0.0497266 0.0457699 0.042348 0.0394584 0.0370984 0.0352653 0.033957 0.0331725 
0.0349994 0.0352744 0.0361014 0.0374827 0.0394201 0.0419161 0.0449736 0.0485954 0.0527841 0.0575417 0.0628692 0.0687665 0.0752316 0.0822604 0.0898466 0.0979807 0.10665 0.11584 0.125529 0.135694 0.146309 0.157341 0.168754 0.18051 0.192563 0.204867 0.21737 0.230019 0.242756 0.255522 0.268255 0.280893 0.293372 0.305628 0.317595 0.329211 0.340412 0.351139 0.36133 0.370931 0.379887 0.388149 0.39567 0.402408 0.408324 0.413386 0.417564 0.420834 0.42318 0.424586 0.425045 0.424555 0.423117 0.420742 0.417441 0.413234 0.408145 0.402202 0.395439 0.387895 0.379611 0.370636 0.361018 0.350812 0.340074 0.328864 0.317242 0.305271 0.293015 0.280539 0.267907 0.255182 0.242427 0.229703 0.217071 0.204585 0.192301 0.180269 0.168536 0.157145 0.146136 0.135545 0.125402 0.115735 0.106566 0.0979162 0.0898 0.0822301 0.0752155 0.0687627 0.0628755 0.0575559 0.0528043 0.0486195 0.0449998 0.0419426 0.0394455 0.0375058 0.0361214 0.0352914 
0.037131 0.0374218 0.0382954 0.0397541 0.0417997 0.0444347 0.0476618 0.0514837 0.0559028 0.060921 0.0665388 0.0727557 0.0795692 0.0869745 0.0949644 0.103528 0.112653 0.122321 0.132511 0.143199 0.154353 0.165942 0.177927 0.190266 0.202912 0.215816 0.228924 0.242179 0.255522 0.268889 0.282217 0.29544 0.308492 0.321305 0.333812 0.345948 0.357647 0.368846 0.379483 0.389501 0.398844 0.407461 0.415303 0.422327 0.428493 0.433768 0.438121 0.441529 0.443972 0.445436 0.445914 0.445403 0.443906 0.441431 0.437992 0.433608 0.428304 0.422109 0.415058 0.407191 0.398552 0.389188 0.379151 0.368498 0.357286 0.345576 0.333433 0.320922 0.308108 0.295058 0.28184 0.26852 0.255164 0.241835 0.228596 0.215506 0.202623 0.189998 0.177682 0.165721 0.154156 0.143026 0.132363 0.122196 0.11255 0.103447 0.0949021 0.08693 0.0795404 0.0727406 0.0665351 0.0609266 0.0559156 0.0515016 0.0476828 0.0444572 0.0418221 0.0397751 0.0383141 0.0374384 
0.0392801 0.0395868 0.0405072 0.0420434 0.0441974 0.0469715 0.0503684 0.0543906 0.0590403 0.0643191 0.0702272 0.0767636 0.0839252 0.0917065 0.100099 0.109092 0.118671 0.128816 0.139505 0.150712 0.162404 0.174546 0.187099 0.200017 0.213252 0.226751 0.240459 0.254314 0.268255 0.282217 0.296132 0.309933 0.32355 0.336912 0.349952 0.3626 0.374788 0.386452 0.397527 0.407955 0.417678 0.426642 0.434799 0.442103 0.448515 0.453998 0.458523 0.462064 0.464603 0.466125 0.466622 0.466091 0.464535 0.461962 0.458387 0.45383 0.448316 0.441874 0.434542 0.426358 0.417369 0.407624 0.397176 0.386083 0.374405 0.362205 0.349548 0.336504 0.323139 0.309523 0.295727 0.281819 0.267868 0.253941 0.240102 0.226413 0.212934 0.199722 0.186827 0.1743 0.162182 0.150516 0.139335 0.12867 0.118549 0.108993 0.100021 0.0916473 0.0838832 0.0767367 0.0702132 0.0643157 0.0590454 0.0544019 0.050384 0.0469897 0.0442164 0.0420621 0.0405245 0.0396029 
0.0414355 0.0417581 0.0427251 0.0443387 0.0466007 0.0495134 0.0530795 0.0573011 0.0621804 0.0677186 0.0739156 0.0807697 0.0882773 0.0964322 0.105225 0.114644 0.124673 0.135291 0.146475 0.158196 0.17042 0.18311 0.196224 0.209715 0.223531 0.237618 0.251916 0.266363 0.280893 0.29544 0.309933 0.324301 0.338472 0.352375 0.365936 0.379085 0.391752 0.403871 0.415375 0.426203 0.436297 0.445601 0.454065 0.461642 0.468293 0.473979 0.478671 0.482344 0.484976 0.486554 0.487068 0.486518 0.484904 0.482237 0.47853 0.473804 0.468085 0.461403 0.453795 0.445303 0.435973 0.425855 0.415006 0.403482 0.391348 0.378667 0.365508 0.351941 0.338036 0.323865 0.3095 0.295015 0.280478 0.265961 0.25153 0.237251 0.223185 0.209392 0.195926 0.182838 0.170174 0.157976 0.146282 0.135124 0.124531 0.114527 0.10513 0.096358 0.0882218 0.0807307 0.0738908 0.0677059 0.0621774 0.0573056 0.0530894 0.049527 0.0466163 0.0443549 0.0427409 0.0417738 
0.0435857 0.0439241 0.0449372 0.0466275 0.0489966 0.0520468 0.0557804 0.0601997 0.0653064 0.0711014 0.0775842 0.0847527 0.0926026 0.101127 0.110315 0.120155 0.130628 0.141713 0.153385 0.165612 0.178361 0.19159 0.205256 0.219309 0.233696 0.24836 0.263237 0.278264 0.293372 0.308492 0.32355 0.338472 0.353185 0.367614 0.381684 0.395322 0.408456 0.421018 0.432939 0.444156 0.45461 0.464244 0.473006 0.480849 0.487731 0.493615 0.498469 0.502268 0.50499 0.506622 0.507155 0.506585 0.504916 0.502157 0.498322 0.493433 0.487514 0.4806 0.472725 0.463933 0.454272 0.443793 0.432552 0.42061 0.408032 0.394883 0.381234 0.367156 0.352723 0.33801 0.32309 0.308039 0.292929 0.277834 0.262823 0.247965 0.233323 0.218959 0.204931 0.191292 0.17809 0.165369 0.153169 0.141525 0.130467 0.120019 0.110204 0.101037 0.0925332 0.0847014 0.0775485 0.071079 0.0652951 0.0601971 0.0557845 0.0520557 0.0490086 0.0466412 0.0449515 0.0439392 
0.0457184 0.0460723 0.0471311 0.0488969 0.0513716 0.0545572 0.058456 0.06307 0.0684007 0.0744485 0.0812128 0.0886906 0.0968771 0.105764 0.115342 0.125594 0.136504 0.148047 0.160197 0.172921 0.186183 0.19994 0.214146 0.22875 0.243695 0.258921 0.274364 0.289957 0.305628 0.321305 0.336912 0.352375 0.367614 0.382554 0.397118 0.41123 0.424816 0.437806 0.450131 0.461725 0.472527 0.48248 0.491529 0.499629 0.506734 0.512808 0.517819 0.52174 0.524549 0.526234 0.526783 0.526195 0.524473 0.521625 0.517667 0.51262 0.50651 0.49937 0.491238 0.482157 0.472176 0.461347 0.449728 0.437381 0.424372 0.41077 0.396646 0.382073 0.367128 0.351887 0.336427 0.320825 0.305158 0.289499 0.273923 0.258499 0.243294 0.228373 0.213795 0.199617 0.185888 0.172655 0.159959 0.147838 0.136323 0.12544 0.115213 0.10566 0.0967938 0.0886268 0.081166 0.0744165 0.0683809 0.0630603 0.0584541 0.0545613 0.0513798 0.0489079 0.0471437 0.0460868 
0.047821 0.0481902 0.0492937 0.0511336 0.0537118 0.0570301 0.0610907 0.0658954 0.0714455 0.0777409 0.0847805 0.092561 0.101077 0.110319 0.120276 0.130932 0.142267 0.154258 0.166874 0.180082 0.193844 0.208115 0.222847 0.237986 0.253473 0.269246 0.285238 0.301379 0.317595 0.333812 0.349952 0.365936 0.381684 0.397118 0.412158 0.426727 0.44075 0.454153 0.466866 0.478822 0.489959 0.500218 0.509544 0.517889 0.525209 0.531466 0.536626 0.540664 0.543557 0.545292 0.545857 0.545252 0.543478 0.540546 0.53647 0.531272 0.524978 0.517622 0.509243 0.499884 0.489595 0.47843 0.466447 0.453711 0.440288 0.426248 0.411665 0.396615 0.381175 0.365424 0.349442 0.333307 0.317099 0.300895 0.28477 0.268797 0.253046 0.237583 0.222471 0.207767 0.193525 0.179793 0.166615 0.154028 0.142067 0.13076 0.120131 0.110199 0.10098 0.0924846 0.0847226 0.077699 0.0714172 0.0658784 0.0610828 0.0570293 0.0537162 0.0511419 0.0493046 0.048204 
0.0498808 0.0502648 0.0514118 0.053324 0.056003 0.0594506 0.0636688 0.0686592 0.0744226 0.080959 0.0882665 0.0963413 0.105177 0.114764 0.12509 0.136138 0.147886 0.16031 0.173378 0.187056 0.201302 0.216071 0.231311 0.246966 0.262977 0.279278 0.295799 0.312469 0.329211 0.345948 0.3626 0.379085 0.395322 0.41123 0.426727 0.441735 0.456175 0.469974 0.483058 0.495361 0.506818 0.517369 0.526959 0.535539 0.543064 0.549495 0.554799 0.558948 0.561921 0.563703 0.564284 0.563662 0.56184 0.558827 0.554638 0.549296 0.542827 0.535265 0.52665 0.517026 0.506443 0.494956 0.482626 0.469517 0.455696 0.441238 0.426215 0.410706 0.394791 0.37855 0.362066 0.345418 0.32869 0.31196 0.295306 0.278803 0.262524 0.246538 0.230909 0.215698 0.200959 0.186744 0.173098 0.16006 0.147667 0.135948 0.124928 0.114629 0.105066 0.0962524 0.0881974 0.0809073 0.0743858 0.0686349 0.0636548 0.0594448 0.0560036 0.0533295 0.0514211 0.050278 
0.0518847 0.0522832 0.0534723 0.0554544 0.0582309 0.0618036 0.0661742 0.0713441 0.077314 0.0840832 0.0916495 0.100009 0.109153 0.119073 0.129755 0.14118 0.153327 0.166169 0.179673 0.193802 0.208514 0.223761 0.239489 0.255642 0.272155 0.288962 0.305991 0.323167 0.340412 0.357647 0.374788 0.391752 0.408456 0.424816 0.44075 0.456175 0.471013 0.485188 0.498627 0.511259 0.52302 0.533849 0.54369 0.552492 0.560211 0.566807 0.572246 0.576501 0.579549 0.581376 0.581973 0.581335 0.579467 0.576377 0.572082 0.566603 0.559968 0.552211 0.543372 0.533496 0.522634 0.510842 0.498181 0.484717 0.470519 0.455661 0.44022 0.424274 0.407905 0.391197 0.374232 0.357094 0.339868 0.322634 0.305473 0.288463 0.271678 0.255189 0.239064 0.223364 0.208148 0.193468 0.179371 0.165899 0.153089 0.140973 0.129577 0.118923 0.109029 0.0999073 0.0915694 0.0840217 0.0772687 0.0713126 0.0661541 0.0617928 0.0582277 0.0554572 0.0534798 0.0522957 
0.0538198 0.0542321 0.0554618 0.057511 0.0603812 0.064074 0.068591 0.0739334 0.0801014 0.087094 0.0949087 0.10354 0.112981 0.12322 0.134243 0.14603 0.158559 0.1718 0.18572 0.200281 0.215438 0.231141 0.247336 0.263962 0.280955 0.298244 0.315756 0.333415 0.351139 0.368846 0.386452 0.403871 0.421018 0.437806 0.454153 0.469974 0.485188 0.499719 0.513491 0.526435 0.538483 0.549573 0.559651 0.568663 0.576565 0.583316 0.588883 0.593237 0.596357 0.598227 0.598837 0.598185 0.596273 0.593111 0.588716 0.583108 0.576317 0.568376 0.559326 0.549213 0.538088 0.526008 0.513034 0.499235 0.48468 0.469444 0.453606 0.437246 0.420447 0.403295 0.385874 0.368271 0.350571 0.332858 0.315215 0.297721 0.280454 0.263487 0.246888 0.230723 0.215051 0.199926 0.185398 0.171511 0.158303 0.145806 0.134049 0.123055 0.112843 0.103427 0.0948178 0.087023 0.0800477 0.0738947 0.0685649 0.0640584 0.0603742 0.0575111 0.0554676 0.0542439 
0.0556732 0.0560988 0.0573671 0.0594804 0.0624399 0.0662471 0.0709036 0.0764102 0.0827669 0.0899723 0.0980234 0.106914 0.116637 0.12718 0.138527 0.150658 0.163548 0.177169 0.191485 0.206455 0.222034 0.23817 0.254806 0.271881 0.289327 0.307072 0.325041 0.343155 0.36133 0.379483 0.397527 0.415375 0.432939 0.450131 0.466866 0.483058 0.498627 0.513491 0.527577 0.540812 0.553129 0.564465 0.574764 0.583973 0.592046 0.598942 0.604628 0.609076 0.612262 0.614171 0.614795 0.614128 0.612176 0.608948 0.604458 0.598731 0.591793 0.583681 0.574433 0.564097 0.552726 0.540375 0.52711 0.512995 0.498105 0.482515 0.466304 0.449554 0.432351 0.414781 0.396931 0.378889 0.360742 0.342577 0.324478 0.306527 0.288804 0.271383 0.254336 0.23773 0.221625 0.20608 0.191143 0.176862 0.163275 0.150417 0.138318 0.127001 0.116486 0.10679 0.097922 0.089892 0.0827051 0.0763645 0.0708717 0.0662268 0.0624291 0.0594777 0.0573712 0.0561099 
0.0574324 0.0578705 0.0591753 0.0613491 0.0643929 0.0683084 0.0730966 0.0787582 0.085293 0.0926993 0.100973 0.110109 0.120098 0.130926 0.142579 0.155034 0.168265 0.182243 0.196931 0.212286 0.228262 0.244805 0.261856 0.279351 0.297222 0.315395 0.333793 0.352333 0.370931 0.389501 0.407955 0.426203 0.444156 0.461725 0.478822 0.495361 0.511259 0.526435 0.540812 0.554318 0.566885 0.578449 0.588953 0.598345 0.606577 0.613608 0.619405 0.623938 0.627186 0.629133 0.629768 0.629089 0.6271 0.623809 0.619233 0.613394 0.606321 0.598048 0.588618 0.578075 0.566475 0.553873 0.540335 0.525928 0.510726 0.494805 0.478246 0.461133 0.443553 0.425592 0.407341 0.388888 0.370323 0.351735 0.333209 0.31483 0.296679 0.278833 0.261365 0.244344 0.227834 0.211892 0.196571 0.181918 0.167975 0.154777 0.142355 0.130734 0.119935 0.109973 0.100862 0.0926101 0.0852235 0.0787059 0.073059 0.0682834 0.0643786 0.0613438 0.0591778 0.0578809 
0.0590852 0.059535 0.060874 0.0631043 0.0662271 0.0702436 0.075155 0.0809617 0.087663 0.0952569 0.103739 0.113104 0.123341 0.134436 0.146374 0.159131 0.172681 0.186992 0.202026 0.21774 0.234085 0.251006 0.268443 0.28633 0.304596 0.323167 0.341961 0.360897 0.379887 0.398844 0.417678 0.436297 0.45461 0.472527 0.489959 0.506818 0.52302 0.538483 0.553129 0.566885 0.579682 0.591457 0.60215 0.611709 0.620087 0.627243 0.633141 0.637754 0.641058 0.643039 0.643685 0.642995 0.640971 0.637623 0.632967 0.627026 0.619828 0.611409 0.601809 0.591077 0.579266 0.566433 0.552644 0.537967 0.522476 0.50625 0.48937 0.471922 0.453992 0.43567 0.417047 0.398214 0.379262 0.360281 0.341359 0.322582 0.304033 0.285792 0.267933 0.250527 0.233639 0.217328 0.201649 0.18665 0.172375 0.15886 0.146136 0.134231 0.123166 0.112957 0.103619 0.0951593 0.0875861 0.0809029 0.0751121 0.0702143 0.0662094 0.0630965 0.0608749 0.0595448 
0.0606199 0.0610805 0.0624511 0.0647338 0.0679295 0.0720396 0.0770648 0.0830055 0.0898607 0.0976281 0.106303 0.115879 0.126345 0.137687 0.149887 0.162923 0.176766 0.191384 0.206738 0.222782 0.239467 0.256737 0.274529 0.292776 0.311406 0.330341 0.3495 0.368799 0.388149 0.407461 0.426642 0.445601 0.464244 0.48248 0.500218 0.517369 0.533849 0.549573 0.564465 0.578449 0.591457 0.603423 0.614288 0.624 0.632511 0.63978 0.645771 0.650456 0.653812 0.655823 0.65648 0.655779 0.653723 0.650323 0.645595 0.639561 0.632249 0.623697 0.613944 0.603039 0.591035 0.577991 0.563973 0.54905 0.533296 0.516791 0.499618 0.481862 0.463612 0.44496 0.425996 0.406815 0.387507 0.368166 0.348881 0.329739 0.310825 0.29222 0.274002 0.256241 0.239004 0.222354 0.206345 0.191028 0.176446 0.162639 0.149637 0.13747 0.126159 0.115722 0.106173 0.0975226 0.0897769 0.0829408 0.0770169 0.0720061 0.0679086 0.0647236 0.0624505 0.0610897 
