0.00092822 0.000940611 0.000982365 0.00105415 0.00115692 0.00129201 0.00146106 0.00166606 0.00190926 0.00219317 0.00252046 0.00289396 0.00331658 0.00379122 0.00432073 0.00490785 0.00555506 0.00626459 0.00703826 0.00787746 0.00878302 0.00975516 0.0107934 0.0118966 0.0130626 0.0142887 0.015571 0.016905 0.018285 0.0197047 0.0211568 0.0226332 0.024125 0.0256228 0.0271163 0.028595 0.0300481 0.0314643 0.0328324 0.0341413 0.0353798 0.0365374 0.037604 0.0385699 0.0394264 0.0401658 0.040781 0.0412664 0.0416175 0.0418307 0.0419043 0.0418375 0.0416309 0.0412865 0.0408077 0.0401989 0.039466 0.0386157 0.0376559 0.0365954 0.0354435 0.0342105 0.0329069 0.0315437 0.030132 0.0286832 0.0272083 0.0257181 0.0242234 0.022734 0.0212596 0.019809 0.0183902 0.0170105 0.0156764 0.0143934 0.0131662 0.0119985 0.0108932 0.00985236 0.00887721 0.00796827 0.00712534 0.00634763 0.00563381 0.00498209 0.00439029 0.00385596 0.0033764 0.0029488 0.00257028 0.00223796 0.00194904 0.00170085 0.00149091 0.00131696 0.00117704 0.00106948 0.000992945 0.000946574 
0.000940611 0.000953182 0.000995512 0.00106828 0.00117245 0.00130936 0.00148069 0.00168845 0.00193491 0.00222262 0.00255427 0.00293273 0.00336094 0.00384183 0.00437829 0.00497308 0.00562871 0.00634742 0.00713107 0.00798102 0.00889812 0.00988259 0.0109339 0.0120509 0.0132315 0.0144728 0.0157709 0.0171212 0.0185181 0.019955 0.0214246 0.0229186 0.0244282 0.0259436 0.0274547 0.0289508 0.0304208 0.0318534 0.0332373 0.0345612 0.0358139 0.0369846 0.0380632 0.0390401 0.0399063 0.0406539 0.041276 0.0417668 0.0421217 0.0423374 0.0424117 0.0423441 0.0421351 0.0417868 0.0413025 0.0406869 0.0399457 0.0390857 0.038115 0.0370423 0.0358773 0.0346301 0.0333115 0.0319325 0.0305045 0.0290388 0.0275465 0.0260389 0.0245264 0.0230193 0.0215273 0.0200592 0.0186233 0.0172268 0.0158764 0.0145777 0.0133353 0.0121531 0.011034 0.00998007 0.00899262 0.00807215 0.00721848 0.00643082 0.00570782 0.00504768 0.00444821 0.00390692 0.0034211 0.00298789 0.0026044 0.00226769 0.00197495 0.00172348 0.00151075 0.00133449 0.00119271 0.00108372 0.00100617 0.000959191 
0.000982365 0.000995512 0.00103967 0.00111554 0.00122412 0.0013668 0.00154532 0.00176175 0.00201845 0.00231803 0.0026633 0.00305721 0.00350278 0.00400304 0.00456097 0.00517938 0.00586088 0.00660773 0.00742184 0.00830458 0.0092568 0.0102787 0.0113697 0.0125284 0.0137529 0.0150399 0.0163855 0.0177848 0.019232 0.0207203 0.022242 0.0237887 0.0253511 0.0269192 0.0284825 0.03003 0.0315501 0.0330313 0.0344618 0.0358301 0.0371245 0.0383342 0.0394485 0.0404575 0.0413521 0.0421241 0.0427665 0.0432732 0.0436395 0.043862 0.0439386 0.0438686 0.0436526 0.0432928 0.0427925 0.0421566 0.0413908 0.0405024 0.0394995 0.0383911 0.0371871 0.0358981 0.0345351 0.0331095 0.031633 0.0301172 0.0285737 0.0270139 0.0254488 0.023889 0.0223444 0.0208243 0.0193371 0.0178905 0.0164912 0.0151451 0.0138571 0.0126311 0.0114703 0.0103769 0.00935211 0.00839659 0.00751019 0.00669211 0.00594099 0.00525501 0.00463191 0.00406914 0.00356392 0.00311331 0.00271432 0.00236395 0.00205926 0.00179748 0.00157599 0.00139246 0.00124481 0.00113131 0.00105057 0.00100166 
0.00105415 0.00106828 0.00111554 0.00119668 0.00131275 0.00146522 0.00165592 0.00188704 0.00216106 0.00248075 0.00284904 0.00326904 0.00374393 0.00427688 0.004871 0.00552924 0.00625428 0.0070485 0.00791383 0.00885168 0.00986286 0.0109475 0.012105 0.0133338 0.0146317 0.0159953 0.0174203 0.0189016 0.0204329 0.0220071 0.0236159 0.0252506 0.0269011 0.0285571 0.0302074 0.0318404 0.0334441 0.0350062 0.0365144 0.0379565 0.0393206 0.0405949 0.0417685 0.042831 0.0437728 0.0445854 0.0452615 0.0457946 0.04618 0.0464139 0.0464942 0.0464202 0.0461927 0.0458136 0.0452868 0.044617 0.0438105 0.0428747 0.0418182 0.0406504 0.0393817 0.0380231 0.0365862 0.035083 0.0335255 0.0319263 0.0302973 0.0286507 0.0269979 0.0253501 0.0237178 0.0221107 0.0205379 0.0190073 0.0175263 0.0161009 0.0147365 0.0134373 0.0122067 0.0110469 0.00995945 0.00894509 0.00800367 0.00713445 0.00633602 0.00560651 0.0049436 0.00434462 0.00380668 0.00332669 0.00290153 0.00252804 0.00220314 0.0019239 0.0016876 0.00149174 0.00133415 0.00121301 0.00112683 0.00107466 
0.00115692 0.00117245 0.00122412 0.00131275 0.00143946 0.00160583 0.00181383 0.00206581 0.00236443 0.00271263 0.00311358 0.00357057 0.004087 0.00466625 0.0053116 0.00602617 0.00681281 0.00767397 0.00861166 0.00962732 0.0107217 0.011895 0.0131462 0.0144738 0.0158751 0.0173465 0.0188834 0.02048 0.0221296 0.0238245 0.0255558 0.0273139 0.0290883 0.0308677 0.0326401 0.0343931 0.0361139 0.0377894 0.0394066 0.0409523 0.0424138 0.0437787 0.0450354 0.0461727 0.0471807 0.0480501 0.0487733 0.0493434 0.0497553 0.0500052 0.0500908 0.0500113 0.0497674 0.0493615 0.0487974 0.0480803 0.0472167 0.0462146 0.0450831 0.0438321 0.0424727 0.0410166 0.0394761 0.037864 0.0361933 0.0344769 0.0327281 0.0309595 0.0291836 0.0274122 0.0256566 0.0239274 0.0222341 0.0205856 0.0189895 0.0174526 0.0159807 0.0145783 0.0132491 0.0119958 0.01082 0.00972258 0.0087035 0.00776202 0.00689674 0.00610569 0.00538645 0.00473623 0.00415195 0.00363035 0.00316809 0.00276182 0.00240825 0.00210426 0.00184691 0.00163355 0.00146186 0.00132985 0.00123596 0.00117916 
0.00129201 0.00130936 0.0013668 0.00146522 0.00160583 0.00179036 0.00202096 0.00230016 0.00263087 0.00301628 0.0034598 0.00396501 0.00453556 0.00517509 0.00588713 0.006675 0.00754172 0.0084899 0.0095216 0.0106383 0.0118408 0.0131289 0.0145017 0.0159573 0.0174927 0.0191038 0.0207854 0.0225312 0.0243338 0.0261847 0.0280742 0.0299919 0.0319261 0.0338647 0.0357947 0.0377025 0.0395744 0.0413962 0.0431536 0.0448327 0.0464198 0.0479014 0.049265 0.0504987 0.0515917 0.0525343 0.053318 0.0539358 0.0543819 0.0546523 0.0547447 0.054658 0.0543932 0.0539527 0.0533407 0.0525626 0.0516256 0.0505382 0.04931 0.047952 0.0464758 0.0448941 0.0432202 0.0414677 0.0396508 0.0377836 0.0358801 0.0339542 0.0320193 0.0300883 0.0281736 0.0262865 0.0244376 0.0226364 0.0208915 0.0192102 0.017599 0.0160629 0.0146061 0.0132314 0.011941 0.0107358 0.00961587 0.00858053 0.00762835 0.00675729 0.00596479 0.00524787 0.00460325 0.00402744 0.00351685 0.00306785 0.0026769 0.00234061 0.0020558 0.00181961 0.00162948 0.0014833 0.00137934 0.00131648 
0.00146106 0.00148069 0.00154532 0.00165592 0.00181383 0.00202096 0.00227965 0.0025927 0.00296329 0.00339491 0.0038913 0.00445635 0.00509405 0.00580834 0.00660303 0.00748171 0.00844759 0.00950345 0.0106515 0.0118931 0.013229 0.0146591 0.016182 0.0177955 0.0194962 0.0212794 0.0231393 0.0250689 0.0270598 0.0291026 0.0311867 0.0333004 0.035431 0.0375651 0.0396885 0.0417863 0.0438435 0.0458445 0.047774 0.0496166 0.0513573 0.0529818 0.0544763 0.055828 0.0570252 0.0580573 0.0589151 0.059591 0.060079 0.0603745 0.0604751 0.0603797 0.0600893 0.0596065 0.0589358 0.0580832 0.0570564 0.0558645 0.054518 0.0530288 0.0514096 0.049674 0.0478366 0.0459122 0.0439161 0.0418637 0.0397704 0.0376514 0.0355213 0.0333943 0.0312839 0.0292027 0.0271622 0.0251732 0.0232451 0.021386 0.0196031 0.0179021 0.0162878 0.0147635 0.0133315 0.0119931 0.0107485 0.00959704 0.00853734 0.00756722 0.00668397 0.0058844 0.00516498 0.00452194 0.00395137 0.00344933 0.00301196 0.00263554 0.00231662 0.00205203 0.001839 0.00167518 0.0015587 0.00148831 
0.00166606 0.00168845 0.00176175 0.00188704 0.00206581 0.00230016 0.0025927 0.00294652 0.00336511 0.00385234 0.00441232 0.00504932 0.0057677 0.00657177 0.00746568 0.00845329 0.00953808 0.010723 0.0120103 0.0134015 0.0148971 0.0164968 0.0181991 0.0200012 0.0218992 0.0238877 0.0259602 0.0281088 0.030324 0.0325953 0.0349108 0.0372576 0.0396217 0.0419881 0.0443411 0.0466645 0.0489414 0.051155 0.0532884 0.0553247 0.0572476 0.0590413 0.0606908 0.0621821 0.0635024 0.0646404 0.0655859 0.0663306 0.066868 0.0671933 0.0673036 0.0671978 0.0668771 0.0663443 0.0656042 0.0646634 0.0635302 0.0622147 0.0607283 0.0590838 0.0572951 0.0553773 0.0533461 0.0512178 0.0490092 0.0467371 0.0444186 0.0420702 0.0397081 0.0373481 0.0350051 0.0326929 0.0304245 0.0282118 0.0260652 0.0239941 0.0220064 0.0201087 0.0183062 0.016603 0.0150018 0.0135041 0.0121103 0.0108198 0.00963127 0.00854239 0.00755029 0.00665154 0.00584231 0.0051185 0.00447584 0.00391002 0.0034168 0.00299211 0.00263211 0.00233334 0.00209272 0.00190767 0.0017761 0.00169666 
0.00190926 0.00193491 0.00201845 0.00216106 0.00236443 0.00263087 0.00296329 0.00336511 0.00384023 0.0043929 0.00502766 0.00574924 0.00656241 0.0074719 0.00848224 0.00959762 0.0108218 0.0121579 0.0136082 0.0151744 0.0168567 0.0186547 0.0205665 0.0225887 0.0247167 0.0269446 0.0292648 0.0316682 0.0341443 0.0366813 0.0392658 0.0418834 0.0445184 0.0471543 0.0497736 0.0523583 0.0548898 0.0573496 0.0597189 0.0619793 0.0641128 0.0661021 0.0679307 0.0695833 0.071046 0.0723061 0.0733528 0.074177 0.0747715 0.075131 0.0752524 0.0751348 0.0747791 0.0741885 0.0733682 0.0723256 0.0710696 0.0696113 0.0679632 0.0661391 0.0641546 0.062026 0.0597705 0.0574063 0.0549515 0.052425 0.0498454 0.047231 0.0445999 0.0419694 0.0393561 0.0367755 0.0342421 0.0317691 0.0293683 0.0270502 0.0248238 0.0226966 0.0206746 0.0187626 0.0169636 0.0152796 0.0137112 0.0122581 0.0109186 0.00969057 0.00857082 0.0075557 0.00664104 0.00582236 0.00509499 0.00445419 0.00389529 0.00341378 0.00300544 0.00266642 0.00239331 0.00218324 0.0020339 0.00194379 
0.00219317 0.00222262 0.00231803 0.00248075 0.00271263 0.00301628 0.00339491 0.00385234 0.0043929 0.00502129 0.00574256 0.0065619 0.00748459 0.0085158 0.00966049 0.0109232 0.012308 0.0138182 0.0154562 0.0172235 0.0191206 0.0211463 0.0232983 0.025573 0.0279648 0.0304669 0.0330705 0.0357654 0.0385398 0.0413802 0.0442718 0.0471983 0.0501422 0.0530851 0.0560076 0.0588897 0.0617109 0.0644505 0.067088 0.0696029 0.0719755 0.0741867 0.0762185 0.0780541 0.079678 0.0810767 0.0822381 0.0831522 0.0838113 0.0842097 0.0843438 0.0842126 0.0838172 0.0831611 0.0822501 0.081092 0.0796969 0.0780766 0.0762449 0.0742173 0.0720104 0.0696424 0.0671323 0.0644998 0.0617652 0.0589492 0.0560724 0.0531552 0.0502174 0.0472786 0.0443569 0.0414699 0.0386337 0.0358632 0.0331716 0.0305708 0.028071 0.0256808 0.0234072 0.0212554 0.0192293 0.0173312 0.0155621 0.0139217 0.0124085 0.0110201 0.00975324 0.00860387 0.00756751 0.00663926 0.005814 0.00508651 0.00445163 0.00390437 0.00344007 0.00305443 0.00274368 0.00250462 0.0023347 0.00223223 
0.00252046 0.00255427 0.0026633 0.00284904 0.00311358 0.0034598 0.0038913 0.00441232 0.00502766 0.00574256 0.00656257 0.00749346 0.00854103 0.00971095 0.0110086 0.012439 0.0140065 0.0157145 0.0175656 0.0195613 0.0217016 0.0239853 0.0264095 0.0289698 0.0316598 0.0344714 0.037395 0.0404188 0.0435293 0.0467115 0.0499487 0.0532226 0.0565138 0.0598016 0.0630644 0.0662802 0.0694261 0.0724793 0.0754171 0.0782169 0.080857 0.0833164 0.0855753 0.0876153 0.0894195 0.0909728 0.0922622 0.0932768 0.0940081 0.0944497 0.0945979 0.0944516 0.0940119 0.0932827 0.0922703 0.0909833 0.0894326 0.0876314 0.0855947 0.0833393 0.0808838 0.0782479 0.0754526 0.0725197 0.0694716 0.066331 0.0631208 0.0598635 0.0565813 0.0532958 0.0500273 0.0467954 0.0436182 0.0405123 0.0374927 0.0345728 0.0317642 0.0290767 0.0265183 0.0240952 0.0218118 0.0196711 0.0176742 0.0158212 0.0141106 0.0125399 0.0111056 0.00980341 0.00862841 0.00757527 0.00663836 0.00581194 0.0050903 0.00446795 0.00393967 0.00350075 0.00314696 0.00287476 0.0026813 0.00256469 
0.00289396 0.00293273 0.00305721 0.00326904 0.00357057 0.00396501 0.00445635 0.00504932 0.00574924 0.0065619 0.00749346 0.00855028 0.00973872 0.011065 0.012535 0.0141542 0.0159271 0.0178574 0.0199479 0.0221998 0.024613 0.0271858 0.0299147 0.0327944 0.0358177 0.0389753 0.0422559 0.0456463 0.0491315 0.0526942 0.0563158 0.059976 0.0636528 0.0673235 0.0709639 0.0745495 0.0780551 0.0814555 0.0847256 0.0878405 0.0907762 0.0935099 0.0960196 0.0982852 0.100288 0.102012 0.103443 0.104568 0.105379 0.105868 0.106032 0.105869 0.10538 0.10457 0.103446 0.102017 0.100295 0.0982938 0.0960307 0.0935239 0.0907936 0.0878616 0.0847509 0.0814855 0.0780902 0.07459 0.0710101 0.0673756 0.0637111 0.0600403 0.0563864 0.0527708 0.0492138 0.0457342 0.0423489 0.0390729 0.0359194 0.0328996 0.0300226 0.0272957 0.024724 0.0223112 0.0200589 0.0179671 0.0160347 0.0142589 0.0126362 0.0111619 0.00983063 0.00863664 0.00757374 0.00663561 0.00581597 0.00510873 0.00450813 0.00400892 0.00360644 0.00329672 0.00307661 0.00294402 
0.00331658 0.00336094 0.00350278 0.00374393 0.004087 0.00453556 0.00509405 0.0057677 0.00656241 0.00748459 0.00854103 0.00973872 0.0110846 0.0125856 0.014248 0.0160777 0.0180796 0.0202576 0.0226144 0.0251512 0.0278676 0.0307612 0.0338281 0.0370618 0.040454 0.0439942 0.0476694 0.0514648 0.0553632 0.0593455 0.0633906 0.0674759 0.0715769 0.0756683 0.0797233 0.0837148 0.0876149 0.0913957 0.0950296 0.0984893 0.101749 0.104782 0.107566 0.110078 0.112298 0.114208 0.115793 0.117039 0.117936 0.118477 0.118658 0.118477 0.117935 0.117037 0.115791 0.114206 0.112297 0.110078 0.107567 0.104786 0.101755 0.0984991 0.0950432 0.0914137 0.0876378 0.0837431 0.0797576 0.0757088 0.071624 0.0675297 0.0634513 0.059413 0.0554374 0.0515455 0.0477562 0.0440866 0.0405516 0.0371639 0.033934 0.0308701 0.0279786 0.0252635 0.0227271 0.0203698 0.0181903 0.0161861 0.0143532 0.0126868 0.011181 0.00982965 0.00862585 0.00756272 0.00663335 0.00583101 0.00514936 0.00458256 0.00412546 0.00377367 0.00352367 0.00337314 
0.00379122 0.00384183 0.00400304 0.00427688 0.00466625 0.00517509 0.00580834 0.00657177 0.0074719 0.0085158 0.00971095 0.011065 0.0125856 0.0142802 0.0161557 0.0182184 0.0204735 0.022925 0.0255758 0.0284268 0.0314772 0.0347241 0.0381626 0.0417853 0.0455826 0.0495424 0.0536502 0.057889 0.0622395 0.0666803 0.0711879 0.075737 0.0803005 0.0848501 0.0893564 0.0937892 0.098118 0.102312 0.106341 0.110174 0.113784 0.117142 0.120223 0.123001 0.125456 0.127568 0.129319 0.130696 0.131687 0.132284 0.132483 0.132282 0.131683 0.13069 0.129311 0.127559 0.125447 0.122992 0.120214 0.117135 0.113778 0.110171 0.106341 0.102316 0.0981269 0.0938036 0.0893768 0.0848771 0.0803345 0.0757783 0.0712368 0.0667369 0.0623037 0.0579607 0.0537291 0.0496282 0.0456747 0.0418831 0.0382653 0.0348309 0.0315872 0.0285392 0.0256895 0.023039 0.0205867 0.0183299 0.0162646 0.0143854 0.0126864 0.0111604 0.00980027 0.00859836 0.00754708 0.00663904 0.00586725 0.00522526 0.00470738 0.00430875 0.00402548 0.003855 
0.00432073 0.00437829 0.00456097 0.004871 0.0053116 0.00588713 0.00660303 0.00746568 0.00848224 0.00966049 0.0110086 0.012535 0.014248 0.0161557 0.0182655 0.0205842 0.0231172 0.0258689 0.0288418 0.0320367 0.0354525 0.0390854 0.0429297 0.0469767 0.0512155 0.0556321 0.0602103 0.0649308 0.0697721 0.0747102 0.079719 0.0847701 0.0898338 0.0948786 0.0998721 0.104781 0.109572 0.114211 0.118665 0.1229 0.126887 0.130594 0.133993 0.137058 0.139764 0.142092 0.144021 0.145538 0.146629 0.147287 0.147505 0.147283 0.146622 0.145527 0.144008 0.142075 0.139746 0.137038 0.133972 0.130573 0.126867 0.122883 0.11865 0.1142 0.109565 0.10478 0.0998767 0.09489 0.0898526 0.0847969 0.079754 0.0747538 0.0698243 0.0649916 0.0602795 0.0557094 0.0513003 0.0470685 0.0430277 0.0391888 0.0355603 0.0321481 0.0289555 0.0259838 0.0232323 0.0206983 0.0183776 0.0162647 0.0143528 0.0126347 0.0111023 0.0097474 0.00856163 0.00753692 0.00666557 0.00594051 0.00535546 0.00490505 0.004585 0.00439247 
0.00490785 0.00497308 0.00517938 0.00552924 0.00602617 0.006675 0.00748171 0.00845329 0.00959762 0.0109232 0.012439 0.0141542 0.0160777 0.0182184 0.0205842 0.0231822 0.0260184 0.029097 0.0324206 0.0359896 0.0398023 0.0438543 0.0481385 0.0526452 0.0573617 0.0622723 0.0673584 0.0725988 0.0779691 0.0834428 0.0889906 0.0945814 0.100182 0.105758 0.111274 0.116693 0.121978 0.127093 0.132 0.136665 0.141054 0.145132 0.148871 0.15224 0.155215 0.157772 0.159891 0.161557 0.162755 0.163476 0.163715 0.163471 0.162744 0.161541 0.159871 0.157747 0.155186 0.152209 0.148837 0.145098 0.141019 0.136632 0.131969 0.127064 0.121953 0.116673 0.111261 0.105752 0.100184 0.0945914 0.0890096 0.0834712 0.0780072 0.0726466 0.0674159 0.0623391 0.0574374 0.0527293 0.0482303 0.0439528 0.0399066 0.0360987 0.0325332 0.029212 0.0261345 0.0232982 0.0206989 0.0183305 0.0161862 0.0142578 0.0125369 0.0110143 0.00968112 0.00852844 0.00754785 0.00673159 0.00607276 0.00556548 0.00520503 0.00498829 
0.00555506 0.00562871 0.00586088 0.00625428 0.00681281 0.00754172 0.00844759 0.00953808 0.0108218 0.012308 0.0140065 0.0159271 0.0180796 0.0204735 0.0231172 0.0260184 0.0291831 0.0326157 0.0363187 0.040292 0.0445333 0.0490372 0.0537955 0.058797 0.0640272 0.0694683 0.0750997 0.0808972 0.0868341 0.0928806 0.0990045 0.105171 0.111345 0.117487 0.123558 0.129519 0.13533 0.140949 0.146339 0.151459 0.156273 0.160745 0.164842 0.168534 0.171791 0.174591 0.176911 0.178733 0.180043 0.180832 0.181093 0.180825 0.180028 0.178711 0.176882 0.174557 0.171752 0.16849 0.164795 0.160695 0.156221 0.151407 0.146288 0.140902 0.135286 0.12948 0.123525 0.117461 0.111327 0.105162 0.0990053 0.0928916 0.0868558 0.0809299 0.0751432 0.0695227 0.0640919 0.0588716 0.0538793 0.0491292 0.0446326 0.0403974 0.036429 0.0327296 0.0292992 0.0261354 0.0232338 0.0205882 0.0181912 0.0160343 0.0141081 0.012403 0.0109092 0.009617 0.00851725 0.00760146 0.0068621 0.00629271 0.00588815 0.00564497 
0.00626459 0.00634742 0.00660773 0.0070485 0.00767397 0.0084899 0.00950345 0.010723 0.0121579 0.0138182 0.0157145 0.0178574 0.0202576 0.022925 0.0258689 0.029097 0.0326157 0.0364295 0.0405405 0.0449482 0.0496495 0.0546379 0.059904 0.0654349 0.0712141 0.0772217 0.0834344 0.0898255 0.0963652 0.103021 0.109756 0.116534 0.123315 0.130056 0.136715 0.143249 0.149613 0.155765 0.161662 0.167261 0.172522 0.177408 0.181882 0.185912 0.189467 0.192521 0.19505 0.197037 0.198465 0.199324 0.199608 0.199315 0.198446 0.197009 0.195014 0.192476 0.189416 0.185855 0.18182 0.177342 0.172453 0.167191 0.161592 0.155697 0.149548 0.143188 0.13666 0.130008 0.123275 0.116504 0.109737 0.103012 0.0963683 0.0898407 0.0834618 0.0772613 0.0712656 0.0654979 0.0599778 0.0547216 0.049742 0.0450484 0.040647 0.0365411 0.0327308 0.0292141 0.0259865 0.0230417 0.0203718 0.0179677 0.0158195 0.0139168 0.0122489 0.0108055 0.00957647 0.00855268 0.00772589 0.00708908 0.00663661 0.00636474 
0.00703826 0.00713107 0.00742184 0.00791383 0.00861166 0.0095216 0.0106515 0.0120103 0.0136082 0.0154562 0.0175656 0.0199479 0.0226144 0.0255758 0.0288418 0.0324206 0.0363187 0.0405405 0.0450878 0.0499595 0.0551517 0.0606567 0.0664636 0.0725575 0.07892 0.0855288 0.0923578 0.0993775 0.106555 0.113854 0.121235 0.128657 0.136076 0.143448 0.150725 0.15786 0.164806 0.171515 0.177943 0.184043 0.189772 0.195089 0.199957 0.204339 0.208203 0.211522 0.21427 0.216428 0.217979 0.218911 0.219219 0.2189 0.217955 0.216393 0.214225 0.211467 0.20814 0.204267 0.199879 0.195006 0.189684 0.183952 0.177851 0.171425 0.164717 0.157775 0.150646 0.143376 0.136013 0.128604 0.121192 0.113823 0.106537 0.099373 0.0923669 0.0855515 0.0789563 0.0726069 0.0665254 0.0607302 0.0552357 0.0500529 0.0451891 0.0406483 0.0364314 0.0325366 0.0289594 0.0256935 0.0227304 0.0200606 0.0176736 0.015558 0.0137026 0.0120961 0.0107276 0.00958729 0.00866612 0.00795649 0.00745229 0.00714944 
0.00787746 0.00798102 0.00830458 0.00885168 0.00962732 0.0106383 0.0118931 0.0134015 0.0151744 0.0172235 0.0195613 0.0221998 0.0251512 0.0284268 0.0320367 0.0359896 0.040292 0.0449482 0.0499595 0.0553243 0.0610375 0.0670901 0.0734696 0.0801591 0.0871379 0.0943811 0.10186 0.109541 0.117389 0.125364 0.133422 0.14152 0.149608 0.157638 0.16556 0.173322 0.180874 0.188165 0.195144 0.201764 0.207979 0.213745 0.21902 0.223767 0.227952 0.231544 0.234518 0.236853 0.23853 0.239539 0.239871 0.239525 0.238503 0.236812 0.234465 0.231479 0.227875 0.22368 0.218925 0.213642 0.207871 0.201653 0.19503 0.18805 0.180761 0.173213 0.165455 0.15754 0.149519 0.141441 0.133355 0.125309 0.117348 0.109515 0.101848 0.0943847 0.0871566 0.0801926 0.0735174 0.0671513 0.0611111 0.0554091 0.050054 0.0450508 0.0404011 0.0361034 0.0321534 0.0285445 0.0252682 0.0223143 0.0196715 0.0173281 0.0152717 0.0134902 0.0119722 0.0107067 0.00968417 0.00889633 0.00833655 0.00800043 
0.00878302 0.00889812 0.0092568 0.00986286 0.0107217 0.0118408 0.013229 0.0148971 0.0168567 0.0191206 0.0217016 0.024613 0.0278676 0.0314772 0.0354525 0.0398023 0.0445333 0.0496495 0.0551517 0.0610375 0.0673005 0.0739306 0.080913 0.0882291 0.0958555 0.103764 0.111924 0.120299 0.128848 0.137528 0.146293 0.155094 0.163878 0.172593 0.181185 0.189597 0.197777 0.205668 0.213218 0.220376 0.227092 0.233319 0.239014 0.244137 0.248651 0.252525 0.255732 0.258248 0.260056 0.261142 0.2615 0.261126 0.260023 0.2582 0.255669 0.252449 0.248561 0.244035 0.238902 0.233198 0.226963 0.220242 0.21308 0.205529 0.197638 0.189461 0.181053 0.172468 0.163761 0.154987 0.146199 0.137447 0.128781 0.120248 0.11189 0.103747 0.0958544 0.0882446 0.0809447 0.0739775 0.0673618 0.0611118 0.0552376 0.0497453 0.0446372 0.0399125 0.0355669 0.0315939 0.0279846 0.0247284 0.0218135 0.0192272 0.0169565 0.0149885 0.0133107 0.0119116 0.0107808 0.00990939 0.00929022 0.00891855 
0.00975516 0.00988259 0.0102787 0.0109475 0.011895 0.0131289 0.0146591 0.0164968 0.0186547 0.0211463 0.0239853 0.0271858 0.0307612 0.0347241 0.0390854 0.0438543 0.0490372 0.0546379 0.0606567 0.0670901 0.0739306 0.0811661 0.0887803 0.0967519 0.105055 0.113659 0.122528 0.131624 0.140902 0.150316 0.159814 0.169343 0.178847 0.18827 0.197553 0.206636 0.215461 0.223971 0.232108 0.239817 0.247046 0.253746 0.259871 0.265378 0.270229 0.274391 0.277835 0.280536 0.282476 0.283642 0.284026 0.283624 0.28244 0.280482 0.277763 0.274303 0.270126 0.265261 0.259741 0.253605 0.246896 0.239659 0.231945 0.223805 0.215295 0.206471 0.197392 0.188116 0.178701 0.169207 0.15969 0.150206 0.140808 0.131547 0.122469 0.113617 0.105032 0.0967472 0.0887937 0.0811968 0.0739776 0.0671522 0.0607323 0.0547253 0.0491345 0.0439595 0.0391964 0.0348387 0.0308774 0.0273013 0.0240981 0.0212544 0.0187564 0.0165904 0.014743 0.0132019 0.011956 0.0109958 0.0103134 0.00990399 
0.0107934 0.0109339 0.0113697 0.012105 0.0131462 0.0145017 0.016182 0.0181991 0.0205665 0.0232983 0.0264095 0.0299147 0.0338281 0.0381626 0.0429297 0.0481385 0.0537955 0.059904 0.0664636 0.0734696 0.080913 0.0887803 0.0970526 0.105706 0.114713 0.124038 0.133644 0.143486 0.153519 0.163689 0.173943 0.184222 0.194468 0.204618 0.214609 0.22438 0.233867 0.243008 0.251743 0.260015 0.267768 0.27495 0.281511 0.287409 0.292602 0.297056 0.30074 0.30363 0.305704 0.306951 0.30736 0.30693 0.305663 0.303568 0.300659 0.296957 0.292485 0.287276 0.281364 0.274789 0.267596 0.259834 0.251556 0.242816 0.233673 0.224186 0.214419 0.204433 0.194291 0.184056 0.173789 0.163549 0.153395 0.143381 0.133557 0.123971 0.114666 0.10568 0.0970457 0.0887927 0.0809438 0.0735175 0.0665271 0.0599814 0.0538847 0.0482373 0.0430359 0.038274 0.0339422 0.0300294 0.0265224 0.0234073 0.0206694 0.0182943 0.0162678 0.0145766 0.013209 0.0121548 0.0114057 0.0109563 
0.0118966 0.0120509 0.0125284 0.0133338 0.0144738 0.0159573 0.0177955 0.0200012 0.0225887 0.025573 0.0289698 0.0327944 0.0370618 0.0417853 0.0469767 0.0526452 0.058797 0.0654349 0.0725575 0.0801591 0.0882291 0.0967519 0.105706 0.115066 0.1248 0.13487 0.145235 0.155847 0.166654 0.177602 0.188631 0.199679 0.210683 0.221575 0.232291 0.242761 0.252921 0.262704 0.272048 0.28089 0.289173 0.296842 0.303845 0.310137 0.315676 0.320424 0.324351 0.327429 0.32964 0.330967 0.331403 0.330944 0.329594 0.327361 0.324261 0.320314 0.315545 0.309989 0.30368 0.296661 0.288979 0.280686 0.271835 0.262485 0.252699 0.242538 0.232069 0.221359 0.210474 0.199481 0.188445 0.177431 0.1665 0.155711 0.145119 0.134775 0.124727 0.115015 0.105677 0.096744 0.0882417 0.080191 0.0726071 0.0655004 0.0588764 0.0527362 0.0470769 0.0418922 0.0371729 0.0329072 0.0290818 0.0256819 0.0226923 0.0200975 0.0178827 0.0160337 0.0145381 0.013385 0.0125656 0.0120742 
0.0130626 0.0132315 0.0137529 0.0146317 0.0158751 0.0174927 0.0194962 0.0218992 0.0247167 0.0279648 0.0316598 0.0358177 0.040454 0.0455826 0.0512155 0.0573617 0.0640272 0.0712141 0.07892 0.0871379 0.0958555 0.105055 0.114713 0.1248 0.135281 0.146117 0.15726 0.168659 0.18026 0.192002 0.203822 0.215653 0.227428 0.239075 0.250524 0.261704 0.272545 0.282977 0.292934 0.302351 0.311167 0.319326 0.326773 0.333461 0.339346 0.344389 0.348559 0.351827 0.354173 0.355581 0.356043 0.355556 0.354123 0.351752 0.34846 0.344268 0.339202 0.333297 0.32659 0.319126 0.310952 0.302123 0.292695 0.28273 0.272293 0.261451 0.250272 0.238826 0.227186 0.215422 0.203603 0.191798 0.180073 0.168492 0.157113 0.145992 0.13518 0.124723 0.114659 0.105025 0.0958481 0.087152 0.0789541 0.0712662 0.0640953 0.0574433 0.0513082 0.0456838 0.0405609 0.0359277 0.0317701 0.028073 0.0248204 0.0219961 0.0195842 0.0175702 0.0159406 0.014684 0.013791 0.0132556 
0.0142887 0.0144728 0.0150399 0.0159953 0.0173465 0.0191038 0.0212794 0.0238877 0.0269446 0.0304669 0.0344714 0.0389753 0.0439942 0.0495424 0.0556321 0.0622723 0.0694683 0.0772217 0.0855288 0.0943811 0.103764 0.113659 0.124038 0.13487 0.146117 0.157733 0.16967 0.181873 0.194281 0.20683 0.219452 0.232076 0.244631 0.25704 0.269229 0.281123 0.292649 0.303732 0.314305 0.324298 0.333648 0.342296 0.350187 0.35727 0.363499 0.368837 0.373247 0.376704 0.379185 0.380674 0.381163 0.380647 0.379131 0.376623 0.37314 0.368704 0.363343 0.357091 0.349987 0.342077 0.333412 0.324046 0.314041 0.303459 0.292369 0.28084 0.268945 0.256759 0.244356 0.231811 0.219198 0.206591 0.19406 0.181672 0.169492 0.157578 0.145986 0.134765 0.123959 0.113605 0.103735 0.0943758 0.0855456 0.0772588 0.0695236 0.0623432 0.0557161 0.0496367 0.0440958 0.0390814 0.0345792 0.0305735 0.0270476 0.0239846 0.0213679 0.019182 0.0174129 0.0160485 0.0150788 0.0144976 
0.015571 0.0157709 0.0163855 0.0174203 0.0188834 0.0207854 0.0231393 0.0259602 0.0292648 0.0330705 0.037395 0.0422559 0.0476694 0.0536502 0.0602103 0.0673584 0.0750997 0.0834344 0.0923578 0.10186 0.111924 0.122528 0.133644 0.145235 0.15726 0.16967 0.182414 0.195429 0.208654 0.222018 0.235449 0.248873 0.262211 0.275386 0.288318 0.300927 0.313137 0.324872 0.336057 0.346624 0.356505 0.36564 0.37397 0.381444 0.388015 0.393643 0.398293 0.401936 0.40455 0.406119 0.406633 0.40609 0.404492 0.401849 0.398178 0.393501 0.387847 0.381251 0.373754 0.365402 0.356249 0.34635 0.335769 0.324572 0.312829 0.300614 0.288003 0.275073 0.261903 0.248573 0.235161 0.221744 0.208398 0.195194 0.182201 0.169483 0.157098 0.1451 0.133537 0.122449 0.111872 0.101833 0.0923559 0.083455 0.0751407 0.0674173 0.0602842 0.0537363 0.0477647 0.0423572 0.0374993 0.0331748 0.0293664 0.0260565 0.0232277 0.0208639 0.0189503 0.0174742 0.0164251 0.0157964 
0.016905 0.0171212 0.0177848 0.0189016 0.02048 0.0225312 0.0250689 0.0281088 0.0316682 0.0357654 0.0404188 0.0456463 0.0514648 0.057889 0.0649308 0.0725988 0.0808972 0.0898255 0.0993775 0.109541 0.120299 0.131624 0.143486 0.155847 0.168659 0.181873 0.195429 0.209265 0.223311 0.237494 0.251738 0.265962 0.280085 0.294024 0.307696 0.321018 0.333908 0.346288 0.358082 0.369216 0.379623 0.389237 0.398001 0.40586 0.412767 0.418681 0.423566 0.427392 0.430137 0.431784 0.432324 0.431753 0.430075 0.4273 0.423444 0.41853 0.412588 0.405654 0.397769 0.388982 0.379346 0.368921 0.35777 0.345963 0.333573 0.320675 0.30735 0.293678 0.279743 0.265628 0.251415 0.237186 0.22302 0.208995 0.195183 0.181652 0.168466 0.155682 0.143351 0.131518 0.120222 0.109492 0.0993554 0.0898282 0.0809226 0.0726442 0.0649934 0.0579658 0.0515526 0.0457418 0.0405187 0.0358666 0.0317677 0.0282037 0.0251567 0.0226097 0.0205472 0.0189559 0.017825 0.0171473 
0.018285 0.0185181 0.019232 0.0204329 0.0221296 0.0243338 0.0270598 0.030324 0.0341443 0.0385398 0.0435293 0.0491315 0.0553632 0.0622395 0.0697721 0.0779691 0.0868341 0.0963652 0.106555 0.117389 0.128848 0.140902 0.153519 0.166654 0.18026 0.194281 0.208654 0.223311 0.238179 0.253181 0.268235 0.283256 0.29816 0.312858 0.327263 0.34129 0.354853 0.367871 0.380263 0.391956 0.402878 0.412963 0.422152 0.430388 0.437624 0.443817 0.448931 0.452935 0.455808 0.457531 0.458096 0.457498 0.455743 0.452838 0.448802 0.443658 0.437435 0.43017 0.421907 0.412693 0.402584 0.391641 0.37993 0.367521 0.354492 0.34092 0.326888 0.312481 0.297785 0.282888 0.267877 0.252837 0.237853 0.223006 0.208373 0.194026 0.180034 0.166458 0.153353 0.140768 0.128745 0.117317 0.106511 0.0963487 0.0868426 0.078 0.0698223 0.0623059 0.0554425 0.0492201 0.043624 0.0386371 0.0342411 0.0304171 0.0271465 0.0244117 0.0221967 0.0204873 0.0192725 0.0185447 
0.0197047 0.019955 0.0207203 0.0220071 0.0238245 0.0261847 0.0291026 0.0325953 0.0366813 0.0413802 0.0467115 0.0526942 0.0593455 0.0666803 0.0747102 0.0834428 0.0928806 0.103021 0.113854 0.125364 0.137528 0.150316 0.163689 0.177602 0.192002 0.20683 0.222018 0.237494 0.253181 0.268996 0.284854 0.300666 0.316341 0.331788 0.346917 0.361637 0.375861 0.389504 0.402483 0.414721 0.426146 0.436691 0.446293 0.454896 0.462451 0.468915 0.474251 0.478428 0.481424 0.483222 0.48381 0.483188 0.481357 0.478327 0.474117 0.468749 0.462253 0.454668 0.446035 0.436406 0.425836 0.414388 0.402128 0.389132 0.375475 0.36124 0.346512 0.33138 0.315934 0.300264 0.284462 0.268618 0.25282 0.237154 0.221702 0.206541 0.191743 0.177374 0.163493 0.150153 0.137398 0.125266 0.113787 0.102984 0.0928711 0.0834579 0.0747469 0.0667353 0.0594153 0.0527752 0.0468001 0.0414728 0.0367746 0.0326859 0.0291877 0.0262617 0.023891 0.0220614 0.020761 0.019982 
0.0211568 0.0214246 0.022242 0.0236159 0.0255558 0.0280742 0.0311867 0.0349108 0.0392658 0.0442718 0.0499487 0.0563158 0.0633906 0.0711879 0.079719 0.0889906 0.0990045 0.109756 0.121235 0.133422 0.146293 0.159814 0.173943 0.188631 0.203822 0.219452 0.235449 0.251738 0.268235 0.284854 0.301505 0.318094 0.334528 0.350711 0.366549 0.381948 0.396817 0.411069 0.424619 0.437388 0.449301 0.46029 0.470292 0.47925 0.487113 0.493838 0.499388 0.503732 0.506846 0.508715 0.509327 0.50868 0.506777 0.503627 0.499249 0.493666 0.486908 0.479012 0.470024 0.459993 0.448976 0.437037 0.424246 0.410676 0.396408 0.381525 0.366117 0.350275 0.334091 0.317661 0.301079 0.284441 0.267839 0.251362 0.235098 0.219128 0.203529 0.18837 0.173716 0.159621 0.146136 0.133299 0.121145 0.109698 0.0989761 0.0889891 0.0797412 0.0712306 0.0634501 0.0563883 0.0500305 0.044359 0.039355 0.0349985 0.0312697 0.0281498 0.0256216 0.02367 0.0222828 0.0214519 
0.0226332 0.0229186 0.0237887 0.0252506 0.0273139 0.0299919 0.0333004 0.0372576 0.0418834 0.0471983 0.0532226 0.059976 0.0674759 0.075737 0.0847701 0.0945814 0.105171 0.116534 0.128657 0.14152 0.155094 0.169343 0.184222 0.199679 0.215653 0.232076 0.248873 0.265962 0.283256 0.300666 0.318094 0.335446 0.352622 0.369523 0.386051 0.40211 0.417605 0.432447 0.446549 0.45983 0.472215 0.483632 0.494018 0.503315 0.511474 0.518449 0.524203 0.528707 0.531935 0.533871 0.534506 0.533836 0.531863 0.5286 0.524061 0.518272 0.511263 0.503071 0.493741 0.483323 0.471877 0.459465 0.446159 0.432035 0.417174 0.401663 0.385593 0.369058 0.352155 0.334981 0.317637 0.300219 0.282826 0.265552 0.248487 0.231719 0.215327 0.199386 0.183964 0.16912 0.154908 0.14137 0.128543 0.116454 0.105123 0.0945624 0.0847771 0.0757665 0.0675242 0.0600392 0.0532968 0.0472795 0.0419679 0.0373418 0.0333809 0.0300657 0.0273786 0.025304 0.0238293 0.0229462 
0.024125 0.0244282 0.0253511 0.0269011 0.0290883 0.0319261 0.035431 0.0396217 0.0445184 0.0501422 0.0565138 0.0636528 0.0715769 0.0803005 0.0898338 0.100182 0.111345 0.123315 0.136076 0.149608 0.163878 0.178847 0.194468 0.210683 0.227428 0.244631 0.262211 0.280085 0.29816 0.316341 0.334528 0.352622 0.370518 0.388116 0.405313 0.422009 0.438109 0.453519 0.468152 0.481925 0.49476 0.506586 0.517339 0.526961 0.535401 0.542614 0.548562 0.553217 0.556553 0.558554 0.55921 0.558518 0.55648 0.553108 0.548418 0.542433 0.535185 0.526711 0.517055 0.506269 0.494411 0.481547 0.467747 0.45309 0.437659 0.421541 0.404832 0.387626 0.370024 0.352128 0.33404 0.315862 0.297697 0.279641 0.261792 0.244239 0.227067 0.210357 0.194178 0.178595 0.163664 0.149432 0.135938 0.123212 0.111276 0.100145 0.0898249 0.0803162 0.0716135 0.0637062 0.0565799 0.0502169 0.0445978 0.0397019 0.0355086 0.0319979 0.0291516 0.0269538 0.0253914 0.024456 
0.0256228 0.0259436 0.0269192 0.0285571 0.0308677 0.0338647 0.0375651 0.0419881 0.0471543 0.0530851 0.0598016 0.0673235 0.0756683 0.0848501 0.0948786 0.105758 0.117487 0.130056 0.143448 0.157638 0.172593 0.18827 0.204618 0.221575 0.239075 0.25704 0.275386 0.294024 0.312858 0.331788 0.350711 0.369523 0.388116 0.406385 0.424225 0.441534 0.458213 0.474168 0.489308 0.503549 0.516813 0.529028 0.540129 0.550058 0.558763 0.566201 0.572333 0.57713 0.580568 0.58263 0.583306 0.582594 0.580495 0.57702 0.572187 0.566018 0.558544 0.549803 0.539839 0.528704 0.516456 0.50316 0.48889 0.473724 0.457746 0.441047 0.423722 0.405871 0.387596 0.369001 0.350193 0.331279 0.312363 0.293548 0.274934 0.256615 0.238682 0.221217 0.204296 0.187988 0.17235 0.157435 0.143284 0.12993 0.117398 0.105703 0.0948533 0.0848515 0.0756926 0.0673665 0.059859 0.0531528 0.047228 0.0420639 0.0376393 0.0339341 0.0309293 0.0286088 0.0269591 0.0259715 
0.0271163 0.0274547 0.0284825 0.0302074 0.0326401 0.0357947 0.0396885 0.0443411 0.0497736 0.0560076 0.0630644 0.0709639 0.0797233 0.0893564 0.0998721 0.111274 0.123558 0.136715 0.150725 0.16556 0.181185 0.197553 0.214609 0.232291 0.250524 0.269229 0.288318 0.307696 0.327263 0.346917 0.366549 0.386051 0.405313 0.424225 0.44268 0.460574 0.477806 0.494277 0.509898 0.524583 0.538253 0.550835 0.562264 0.572482 0.581437 0.589085 0.595389 0.600319 0.603852 0.605972 0.606667 0.605935 0.603779 0.600209 0.595242 0.588901 0.581216 0.572224 0.56197 0.550506 0.537889 0.524186 0.509471 0.493821 0.477324 0.460071 0.442159 0.42369 0.404769 0.385504 0.366004 0.346379 0.326738 0.307188 0.287833 0.268772 0.250099 0.231901 0.214257 0.197241 0.180914 0.165331 0.150536 0.136567 0.123448 0.111199 0.0998301 0.0893432 0.0797349 0.0709961 0.0631128 0.0560678 0.0498413 0.0444122 0.0397591 0.0358614 0.0326999 0.030258 0.0285219 0.0274826 
0.028595 0.0289508 0.03003 0.0318404 0.0343931 0.0377025 0.0417863 0.0466645 0.0523583 0.0588897 0.0662802 0.0745495 0.0837148 0.0937892 0.104781 0.116693 0.129519 0.143249 0.15786 0.173322 0.189597 0.206636 0.22438 0.242761 0.261704 0.281123 0.300927 0.321018 0.34129 0.361637 0.381948 0.40211 0.422009 0.441534 0.460574 0.479023 0.496776 0.513737 0.529811 0.544914 0.558964 0.57189 0.583626 0.594113 0.603301 0.611145 0.617609 0.622664 0.626285 0.628457 0.62917 0.628421 0.626212 0.622554 0.617463 0.610961 0.60308 0.593854 0.58333 0.571557 0.558596 0.544511 0.529375 0.51327 0.496282 0.478504 0.460036 0.44098 0.421444 0.401539 0.381377 0.361072 0.340736 0.320481 0.300413 0.280636 0.261248 0.242341 0.223998 0.206295 0.189299 0.173067 0.157647 0.143078 0.129389 0.116599 0.104722 0.0937612 0.0837135 0.0745706 0.0663192 0.0589421 0.0524196 0.0467305 0.041853 0.0377663 0.0344509 0.0318896 0.0300686 0.0289787 
0.0300481 0.0304208 0.0315501 0.0334441 0.0361139 0.0395744 0.0438435 0.0489414 0.0548898 0.0617109 0.0694261 0.0780551 0.0876149 0.098118 0.109572 0.121978 0.13533 0.149613 0.164806 0.180874 0.197777 0.215461 0.233867 0.252921 0.272545 0.292649 0.313137 0.333908 0.354853 0.375861 0.396817 0.417605 0.438109 0.458213 0.477806 0.496776 0.515021 0.53244 0.548939 0.564431 0.578837 0.592082 0.604103 0.61484 0.624243 0.632269 0.638881 0.64405 0.647753 0.649974 0.650703 0.649938 0.647681 0.643941 0.638736 0.632087 0.624023 0.614582 0.603807 0.591748 0.578465 0.564024 0.548497 0.531965 0.514517 0.496246 0.477252 0.457642 0.437524 0.417013 0.396223 0.375271 0.354273 0.333343 0.312594 0.292132 0.272059 0.252471 0.233456 0.215092 0.197451 0.180593 0.164569 0.14942 0.135178 0.121866 0.109496 0.098075 0.0876006 0.0780651 0.0694556 0.0617554 0.0549447 0.0490022 0.0439061 0.0396351 0.0361695 0.0334918 0.031588 0.0304486 
0.0314643 0.0318534 0.0330313 0.0350062 0.0377894 0.0413962 0.0458445 0.051155 0.0573496 0.0644505 0.0724793 0.0814555 0.0913957 0.102312 0.114211 0.127093 0.140949 0.155765 0.171515 0.188165 0.205668 0.223971 0.243008 0.262704 0.282977 0.303732 0.324872 0.346288 0.367871 0.389504 0.411069 0.432447 0.453519 0.474168 0.494277 0.513737 0.53244 0.550285 0.567179 0.583033 0.597767 0.611308 0.623591 0.634559 0.64416 0.652352 0.659099 0.664373 0.66815 0.670416 0.671161 0.670381 0.668079 0.664266 0.658956 0.652171 0.643942 0.634302 0.623296 0.610975 0.597395 0.582623 0.566733 0.549805 0.531927 0.513196 0.493711 0.473582 0.452918 0.431836 0.410453 0.38889 0.367266 0.345698 0.324302 0.303188 0.282464 0.262227 0.24257 0.223575 0.205316 0.187859 0.171255 0.15555 0.140778 0.126962 0.114119 0.102254 0.0913685 0.0814543 0.0724993 0.064487 0.0573979 0.0512105 0.0459029 0.0414537 0.0378427 0.0350524 0.0330684 0.031881 
0.0328324 0.0332373 0.0344618 0.0365144 0.0394066 0.0431536 0.047774 0.0532884 0.0597189 0.067088 0.0754171 0.0847256 0.0950296 0.106341 0.118665 0.132 0.146339 0.161662 0.177943 0.195144 0.213218 0.232108 0.251743 0.272048 0.292934 0.314305 0.336057 0.358082 0.380263 0.402483 0.424619 0.446549 0.468152 0.489308 0.509898 0.529811 0.548939 0.567179 0.584436 0.600623 0.615659 0.629471 0.641994 0.653172 0.662953 0.671297 0.678167 0.683536 0.687381 0.689687 0.690446 0.689653 0.687312 0.683431 0.678026 0.671119 0.662738 0.652918 0.641702 0.629139 0.615288 0.600213 0.583988 0.566694 0.54842 0.529262 0.509322 0.488709 0.467536 0.445921 0.423984 0.401849 0.379636 0.357468 0.335462 0.313735 0.292394 0.271544 0.251279 0.231686 0.212842 0.194814 0.17766 0.161425 0.146147 0.131852 0.118556 0.106269 0.0949897 0.0847133 0.0754276 0.0671165 0.0597606 0.0533385 0.0478281 0.0432079 0.0394574 0.0365591 0.034498 0.0332647 
0.0341413 0.0345612 0.0358301 0.0379565 0.0409523 0.0448327 0.0496166 0.0553247 0.0619793 0.0696029 0.0782169 0.0878405 0.0984893 0.110174 0.1229 0.136665 0.151459 0.167261 0.184043 0.201764 0.220376 0.239817 0.260015 0.28089 0.302351 0.324298 0.346624 0.369216 0.391956 0.414721 0.437388 0.45983 0.481925 0.503549 0.524583 0.544914 0.564431 0.583033 0.600623 0.617114 0.632425 0.646483 0.659224 0.670591 0.680536 0.689016 0.695997 0.701452 0.705358 0.707701 0.708472 0.707667 0.70529 0.70135 0.69586 0.688843 0.680325 0.670342 0.658935 0.646154 0.632056 0.616705 0.600174 0.582546 0.563909 0.544358 0.523999 0.50294 0.481296 0.459187 0.436737 0.414068 0.391308 0.36858 0.346006 0.323704 0.301787 0.280362 0.259526 0.239371 0.219976 0.201412 0.183738 0.167004 0.151249 0.1365 0.122777 0.110088 0.0984371 0.0878174 0.0782182 0.0696236 0.0620145 0.0553695 0.0496665 0.0448837 0.0410007 0.0379996 0.0358654 0.0345884 
0.0353798 0.0358139 0.0371245 0.0393206 0.0424138 0.0464198 0.0513573 0.0572476 0.0641128 0.0719755 0.080857 0.0907762 0.101749 0.113784 0.126887 0.141054 0.156273 0.172522 0.189772 0.207979 0.227092 0.247046 0.267768 0.289173 0.311167 0.333648 0.356505 0.379623 0.402878 0.426146 0.449301 0.472215 0.49476 0.516813 0.538253 0.558964 0.578837 0.597767 0.615659 0.632425 0.647984 0.662264 0.675201 0.686738 0.696829 0.705431 0.712511 0.718042 0.722003 0.724378 0.72516 0.724346 0.721937 0.717943 0.712378 0.705262 0.696623 0.686494 0.674916 0.661939 0.647618 0.632017 0.615211 0.597279 0.578312 0.558404 0.537662 0.516195 0.49412 0.471559 0.448635 0.425477 0.402212 0.378967 0.355866 0.333033 0.310581 0.288622 0.267256 0.246578 0.22667 0.207606 0.189447 0.172247 0.156045 0.140872 0.126748 0.113685 0.101684 0.0907429 0.0808494 0.0719886 0.0641416 0.0572871 0.0514031 0.0464675 0.0424599 0.039362 0.0371589 0.0358408 
