1.77601e-06 1.84624e-06 2.15397e-06 2.72952e-06 3.62612e-06 4.92329e-06 6.73061e-06 9.19242e-06 1.24935e-05 1.68655e-05 2.2594e-05 3.00255e-05 3.9575e-05 5.17326e-05 6.70692e-05 8.62407e-05 0.00010999 0.000139145 0.000174615 0.000217382 0.000268485 0.000329003 0.000400028 0.000482639 0.000577863 0.000686636 0.000809765 0.000947876 0.00110137 0.0012704 0.00145477 0.00165399 0.00186717 0.00209304 0.00232993 0.0025758 0.00282823 0.00308445 0.00334141 0.00359583 0.00384424 0.00408311 0.00430886 0.00451801 0.00470724 0.00487345 0.00501389 0.00512618 0.00520841 0.00525915 0.00527753 0.00526324 0.00521654 0.00513826 0.00502975 0.0048929 0.00473002 0.00454385 0.00433744 0.00411409 0.00387725 0.00363048 0.00337731 0.0031212 0.00286544 0.00261309 0.00236693 0.00212939 0.00190257 0.00168816 0.00148747 0.0013014 0.00113053 0.000975058 0.000834891 0.000709665 0.000598789 0.000501494 0.000416871 0.00034392 0.000281583 0.000228783 0.000184453 0.00014756 0.000117125 9.22371e-05 7.20638e-05 5.58555e-05 4.29476e-05 3.2759e-05 2.47887e-05 1.86105e-05 1.38665e-05 1.02601e-05 7.54934e-06 5.53967e-06 4.07766e-06 3.0454e-06 2.35565e-06 1.9487e-06 
1.84624e-06 1.91982e-06 2.24108e-06 2.84178e-06 3.7776e-06 5.13173e-06 7.01881e-06 9.58983e-06 1.30381e-05 1.7606e-05 2.35922e-05 3.13592e-05 4.13411e-05 5.40504e-05 7.0084e-05 9.01277e-05 0.000114958 0.000145439 0.000182522 0.00022723 0.000280649 0.000343903 0.000418131 0.000504455 0.000603945 0.000717573 0.000846174 0.000990397 0.00115066 0.00132709 0.00151951 0.00172738 0.00194976 0.00218534 0.00243236 0.00268869 0.00295179 0.0032188 0.00348653 0.00375155 0.00401028 0.00425901 0.00449406 0.00471179 0.00490874 0.00508172 0.00522784 0.00534467 0.00543019 0.00548294 0.00550202 0.0054871 0.00543846 0.00535694 0.00524397 0.00510149 0.00493192 0.00473809 0.00452316 0.00429057 0.00404391 0.00378688 0.00352314 0.0032563 0.00298978 0.00272677 0.00247017 0.00222252 0.00198599 0.00176236 0.001553 0.00135888 0.00118056 0.0010183 0.000871979 0.000741238 0.000625463 0.000523855 0.00043547 0.000359268 0.000294148 0.000238986 0.000192671 0.000154124 0.000122325 9.63215e-05 7.52449e-05 5.83119e-05 4.48281e-05 3.41862e-05 2.58625e-05 1.94115e-05 1.44588e-05 1.06948e-05 7.86621e-06 5.76973e-06 4.245e-06 3.16876e-06 2.44985e-06 2.02588e-06 
2.15397e-06 2.24108e-06 2.61658e-06 3.31736e-06 4.40801e-06 5.98495e-06 8.18088e-06 1.11704e-05 1.51768e-05 2.04795e-05 2.74225e-05 3.64229e-05 4.79791e-05 6.26787e-05 8.12049e-05 0.000104341 0.000132972 0.000168083 0.000210752 0.00026214 0.000323472 0.000396016 0.000481052 0.000579835 0.000693558 0.000823298 0.000969973 0.00113429 0.00131667 0.00151725 0.00173578 0.00197161 0.00222367 0.00249041 0.00276985 0.00305956 0.00335668 0.00365795 0.00395979 0.00425837 0.00454964 0.00482949 0.00509376 0.00533843 0.00555963 0.0057538 0.00591776 0.00604876 0.0061446 0.00620365 0.00622491 0.00620801 0.00615327 0.00606163 0.00593467 0.00577455 0.00558397 0.00536606 0.00512437 0.00486271 0.0045851 0.00429566 0.00399851 0.00369766 0.00339698 0.00310004 0.00281011 0.00253007 0.00226239 0.00200909 0.00177174 0.00155145 0.00134892 0.00116443 0.000997918 0.000848983 0.000716965 0.000600985 0.000499998 0.000412842 0.000338286 0.00027507 0.000221939 0.000177677 0.000141127 0.000111211 8.69406e-05 6.74242e-05 5.18696e-05 3.95829e-05 2.99648e-05 2.25047e-05 1.67731e-05 1.24139e-05 9.13595e-06 6.70499e-06 4.93614e-06 3.68721e-06 2.85292e-06 2.36126e-06 
2.72952e-06 2.84178e-06 3.31736e-06 4.20245e-06 5.57778e-06 7.5636e-06 1.03251e-05 1.40793e-05 1.91031e-05 2.57424e-05 3.44221e-05 4.56558e-05 6.00564e-05 7.83439e-05 0.000101354 0.000130041 0.000165481 0.000208868 0.000261504 0.000324785 0.000400182 0.000489207 0.000593382 0.000714189 0.000853028 0.00101115 0.00118962 0.00138921 0.0016104 0.00185326 0.00211744 0.00240209 0.00270588 0.0030269 0.00336275 0.00371046 0.00406661 0.00442729 0.00478824 0.00514489 0.00549245 0.00582605 0.00614081 0.00643197 0.006695 0.00692573 0.00712041 0.00727584 0.00738945 0.00745933 0.00748432 0.007464 0.00739874 0.00728964 0.00713856 0.00694803 0.00672119 0.00646175 0.00617385 0.00586198 0.00553087 0.00518537 0.00483036 0.00447061 0.00411069 0.00375486 0.00340703 0.00307067 0.00274874 0.00244371 0.00215749 0.00189148 0.00164656 0.00142314 0.00122117 0.00104026 0.000879644 0.000738322 0.000615074 0.000508539 0.00041726 0.000339742 0.000274487 0.000220039 0.000175007 0.000138092 0.000108096 8.39397e-05 6.46577e-05 4.94042e-05 3.74464e-05 2.81583e-05 2.10125e-05 1.55705e-05 1.14732e-05 8.43108e-06 6.21533e-06 4.64969e-06 3.60357e-06 2.98753e-06 
3.62612e-06 3.7776e-06 4.40801e-06 5.57778e-06 7.39221e-06 1.00078e-05 1.36392e-05 1.85677e-05 2.51513e-05 3.38364e-05 4.51698e-05 5.98106e-05 7.85429e-05 0.000102286 0.000132101 0.0001692 0.000214942 0.000270828 0.000338493 0.000419679 0.000516215 0.000629971 0.00076282 0.000916573 0.00109293 0.00129338 0.00151919 0.00177124 0.00205004 0.00235559 0.00268737 0.00304423 0.00342442 0.00382552 0.00424447 0.00467755 0.00512048 0.00556842 0.00601609 0.00645787 0.00688788 0.00730016 0.00768876 0.00804787 0.008372 0.00865608 0.00889558 0.00908665 0.00922616 0.00931182 0.00934224 0.0093169 0.00923627 0.00910168 0.00891537 0.00868041 0.00840062 0.00808047 0.007725 0.00733967 0.00693024 0.00650263 0.00606281 0.00561661 0.00516968 0.00472728 0.00429426 0.00387492 0.00347299 0.00309157 0.00273311 0.00239943 0.00209169 0.00181048 0.00155584 0.00132733 0.0011241 0.000944954 0.000788438 0.000652896 0.00053655 0.000437559 0.000354076 0.000284289 0.000226465 0.000178976 0.000140319 0.000109131 8.41918e-05 6.44284e-05 4.89083e-05 3.68327e-05 2.75269e-05 2.04286e-05 1.50761e-05 1.10964e-05 8.19412e-06 6.14148e-06 4.76936e-06 3.96193e-06 
4.92329e-06 5.13173e-06 5.98495e-06 7.5636e-06 1.00078e-05 1.35255e-05 1.8401e-05 2.50064e-05 3.38141e-05 4.54115e-05 6.05161e-05 7.99907e-05 0.000104858 0.000136315 0.000175737 0.000224689 0.000284921 0.00035836 0.000447093 0.000553337 0.000679405 0.000827654 0.00100042 0.00119997 0.00142838 0.00168748 0.00197876 0.00230325 0.00266148 0.00305333 0.00347801 0.00393397 0.00441887 0.00492956 0.00546207 0.00601168 0.00657291 0.00713965 0.00770527 0.00826271 0.00880463 0.00932361 0.00981224 0.0102633 0.0106701 0.0110264 0.0113264 0.0115656 0.0117401 0.011847 0.0118847 0.0118526 0.0117512 0.0115821 0.0113481 0.0110531 0.0107016 0.0102993 0.00985229 0.00936739 0.00885171 0.00831262 0.00775755 0.00719379 0.00662838 0.00606798 0.00551868 0.00498596 0.00447457 0.00398851 0.00353096 0.0031043 0.00271013 0.0023493 0.00202197 0.00172769 0.00146548 0.00123391 0.00103119 0.000855312 0.000704048 0.000575099 0.000466141 0.000374884 0.000299125 0.000236788 0.000185948 0.000144853 0.000111932 8.57944e-05 6.52316e-05 4.9204e-05 3.68311e-05 2.73773e-05 2.02371e-05 1.49204e-05 1.1038e-05 8.2893e-06 6.45098e-06 5.36991e-06 
6.73061e-06 7.01881e-06 8.18088e-06 1.03251e-05 1.36392e-05 1.8401e-05 2.49899e-05 3.39009e-05 4.57615e-05 6.13496e-05 8.16129e-05 0.000107688 0.000140918 0.000182869 0.000235337 0.000300357 0.000380196 0.00047734 0.000594471 0.000734428 0.000900155 0.00109464 0.00132082 0.00158152 0.00187931 0.00221644 0.00259466 0.00301519 0.00347852 0.00398437 0.00453156 0.00511798 0.00574051 0.006395 0.00707632 0.00777837 0.00849415 0.00921591 0.00993521 0.0106432 0.0113306 0.0119881 0.0126065 0.0131769 0.0136907 0.0141403 0.0145187 0.0148201 0.0150397 0.0151741 0.0152212 0.0151802 0.0150518 0.0148381 0.0145424 0.0141696 0.0137253 0.0132164 0.0126507 0.0120366 0.0113829 0.0106988 0.00999373 0.00927676 0.00855679 0.00784222 0.00714082 0.00645957 0.0058046 0.00518105 0.00459309 0.0040439 0.00353563 0.00306951 0.0026459 0.00226434 0.00192373 0.00162234 0.00135801 0.00112822 0.000930219 0.000761099 0.000617919 0.000497768 0.000397831 0.000315442 0.000248121 0.000193601 0.000149843 0.000115039 8.76072e-05 6.61876e-05 4.96233e-05 3.69456e-05 2.73549e-05 2.02027e-05 1.49731e-05 1.12668e-05 8.78671e-06 7.329e-06 
9.19242e-06 9.58983e-06 1.11704e-05 1.40793e-05 1.85677e-05 2.50064e-05 3.39009e-05 4.59095e-05 6.18644e-05 8.27947e-05 0.000109951 0.000144829 0.000189191 0.000245083 0.000314849 0.000401131 0.000506862 0.000635249 0.000789734 0.000973945 0.00119163 0.00144655 0.00174242 0.00208273 0.00247069 0.00290899 0.00339974 0.0039443 0.00454312 0.00519563 0.00590016 0.00665379 0.0074524 0.00829055 0.0091616 0.0100577 0.0109699 0.0118883 0.0128024 0.0137008 0.0145721 0.0154045 0.0161865 0.0169071 0.0175556 0.0181226 0.0185995 0.0189789 0.0192552 0.019424 0.0194828 0.0194306 0.0192683 0.0189984 0.0186252 0.0181544 0.0175933 0.0169502 0.0162349 0.0154577 0.0146297 0.0137624 0.0128675 0.0119563 0.0110402 0.0101297 0.00923475 0.00836418 0.00752585 0.00672646 0.00597144 0.00526497 0.00460999 0.00400825 0.00346037 0.00296598 0.00252379 0.00213179 0.00178733 0.00148731 0.00122828 0.00100662 0.000818591 0.000660502 0.000528758 0.000419939 0.000330854 0.000258574 0.000200454 0.00015414 0.000117572 8.89676e-05 6.68085e-05 4.98201e-05 3.69478e-05 2.7334e-05 2.02952e-05 1.53015e-05 1.19581e-05 9.9939e-06 
1.24935e-05 1.30381e-05 1.51768e-05 1.91031e-05 2.51513e-05 3.38141e-05 4.57615e-05 6.18644e-05 8.32209e-05 0.000111186 0.000147402 0.000193826 0.000252759 0.000326865 0.000419181 0.000533122 0.000672466 0.000841324 0.00104409 0.00128538 0.00156993 0.00190247 0.00228764 0.00272976 0.00323273 0.00379984 0.00443354 0.00513533 0.00590553 0.00674318 0.00764588 0.00860974 0.00962926 0.0106974 0.0118056 0.0129438 0.0141006 0.0152636 0.0164194 0.017554 0.0186528 0.0197014 0.0206855 0.0215913 0.0224058 0.0231173 0.0237152 0.0241907 0.0245365 0.0247475 0.0248206 0.0247545 0.0245504 0.0242114 0.0237427 0.0231513 0.0224462 0.0216377 0.0207377 0.0197591 0.0187155 0.0176213 0.016491 0.0153387 0.0141787 0.0130242 0.0118878 0.0107806 0.00971273 0.00869279 0.00772783 0.00682334 0.00598329 0.00521011 0.00450484 0.00386723 0.00329587 0.00278838 0.00234159 0.00195168 0.00161441 0.00132522 0.00107944 0.000872396 0.000699526 0.000556467 0.00043913 0.000343749 0.000266912 0.000205571 0.000157051 0.000119029 8.95245e-05 6.68665e-05 4.96707e-05 3.68088e-05 2.73795e-05 2.06828e-05 1.61967e-05 1.35623e-05 
1.68655e-05 1.7606e-05 2.04795e-05 2.57424e-05 3.38364e-05 4.54115e-05 6.13496e-05 8.27947e-05 0.000111186 0.000148295 0.000196262 0.000257633 0.000335389 0.000432971 0.000554291 0.000703731 0.000886119 0.00110669 0.00137101 0.0016849 0.0020543 0.00248513 0.00298309 0.00355352 0.00420113 0.00492983 0.00574245 0.00664058 0.00762431 0.00869212 0.00984066 0.0110647 0.0123571 0.0137087 0.0151086 0.016544 0.0180006 0.0194628 0.0209138 0.0223361 0.0237119 0.0250233 0.0262527 0.0273831 0.0283987 0.029285 0.0300293 0.0306206 0.0310504 0.0313123 0.0314025 0.0313196 0.0310649 0.0306422 0.0300579 0.0293205 0.028441 0.027432 0.0263079 0.0250847 0.023779 0.0224085 0.0209911 0.0195444 0.018086 0.0166326 0.0151996 0.0138014 0.0124507 0.0111585 0.00993379 0.0087838 0.0077138 0.00672716 0.0058255 0.00500878 0.00427553 0.00362299 0.00304737 0.00254407 0.00210785 0.0017331 0.00141398 0.00114464 0.000919326 0.000732507 0.000578988 0.000453961 0.000353053 0.00027235 0.000208398 0.000158196 0.000119171 8.91516e-05 6.63329e-05 4.92397e-05 3.66919e-05 2.77712e-05 2.17916e-05 1.82817e-05 
2.2594e-05 2.35922e-05 2.74225e-05 3.44221e-05 4.51698e-05 6.05161e-05 8.16129e-05 0.000109951 0.000147402 0.000196262 0.0002593 0.0003398 0.000441593 0.000569089 0.000727285 0.000921754 0.00115862 0.00144448 0.00178634 0.00219147 0.00266726 0.003221 0.0038597 0.00458983 0.00541704 0.00634589 0.0073796 0.00851976 0.0097661 0.0111163 0.0125657 0.0141075 0.0157324 0.0174286 0.0191824 0.0209776 0.0227963 0.0246192 0.0264255 0.0281937 0.0299018 0.0315279 0.0330505 0.0344492 0.0357046 0.0367993 0.0377178 0.0384471 0.0389767 0.039299 0.0394094 0.0393063 0.0389913 0.0384689 0.0377469 0.0368355 0.0357478 0.0344994 0.0331075 0.0315915 0.0299718 0.0282697 0.0265072 0.0247062 0.022888 0.0210733 0.0192815 0.0175303 0.0158358 0.0142119 0.0126701 0.0112198 0.00986779 0.00861881 0.00747522 0.00643737 0.00550377 0.0046713 0.00393553 0.00329091 0.00273112 0.00224925 0.00183812 0.00149044 0.00119902 0.000956926 0.000757605 0.000594969 0.000463463 0.000358094 0.000274445 0.000208663 0.000157438 0.000117968 8.79168e-05 6.53724e-05 4.88012e-05 3.70077e-05 2.90979e-05 2.44565e-05 
3.00255e-05 3.13592e-05 3.64229e-05 4.56558e-05 5.98106e-05 7.99907e-05 0.000107688 0.000144829 0.000193826 0.000257633 0.0003398 0.000444524 0.000576691 0.000741901 0.00094648 0.00119746 0.00150252 0.00186993 0.00230841 0.00282694 0.00343462 0.00414039 0.00495272 0.00587937 0.00692702 0.00810093 0.00940465 0.0108396 0.0124051 0.0140975 0.0159108 0.0178358 0.0198607 0.0219707 0.0241483 0.0263735 0.0286241 0.0308763 0.0331045 0.0352826 0.0373839 0.0393819 0.0412505 0.0429652 0.0445028 0.0458424 0.0469655 0.0478566 0.0485031 0.0488961 0.0490301 0.0489032 0.0485172 0.0478778 0.0469938 0.0458779 0.0445454 0.043015 0.0413074 0.0394458 0.0374549 0.0353603 0.0331887 0.0309666 0.0287202 0.0264747 0.024254 0.0220801 0.019973 0.01795 0.0160259 0.0142125 0.012519 0.0109514 0.00951331 0.00820561 0.00702692 0.00597382 0.00504116 0.00422243 0.00350999 0.00289551 0.00237018 0.00192505 0.00155122 0.00124005 0.000983369 0.000773528 0.000603532 0.000467069 0.000358537 0.000273034 0.000206335 0.000154855 0.000115597 8.61009e-05 6.43913e-05 4.89245e-05 3.85447e-05 3.2456e-05 
3.9575e-05 4.13411e-05 4.79791e-05 6.00564e-05 7.85429e-05 0.000104858 0.000140918 0.000189191 0.000252759 0.000335389 0.000441593 0.000576691 0.000746854 0.000959136 0.00122147 0.00154264 0.00193222 0.00240043 0.00295803 0.00361604 0.00438554 0.00527732 0.00630156 0.00746744 0.00878272 0.0102534 0.0118832 0.0136733 0.0156221 0.0177246 0.0199727 0.0223546 0.0248552 0.0274559 0.030135 0.0328678 0.0356271 0.0383837 0.0411069 0.0437648 0.0463254 0.048757 0.0510285 0.0531105 0.0549758 0.0565993 0.0579594 0.0590376 0.0598194 0.060294 0.0604551 0.0603005 0.0598323 0.0590572 0.0579856 0.0566324 0.0550158 0.0531577 0.0510829 0.0488187 0.0463946 0.0438414 0.0411908 0.0384748 0.035725 0.0329721 0.030245 0.027571 0.0249745 0.0224771 0.0200974 0.0178503 0.0157476 0.0137975 0.0120049 0.0103715 0.0088963 0.00757557 0.0064035 0.00537249 0.0044735 0.00369654 0.00303097 0.00246587 0.00199033 0.00159373 0.00126593 0.000997427 0.000779496 0.000604225 0.00046457 0.000354348 0.000268215 0.000201622 0.000150756 0.000112481 8.42721e-05 6.41536e-05 5.06438e-05 4.27212e-05 
5.17326e-05 5.40504e-05 6.26787e-05 7.83439e-05 0.000102286 0.000136315 0.000182869 0.000245083 0.000326865 0.000432971 0.000569089 0.000741901 0.000959136 0.00122959 0.00156313 0.00197064 0.0024639 0.00305547 0.00375847 0.00458629 0.00555228 0.00666934 0.00794953 0.00940356 0.0110404 0.0128665 0.0148859 0.0170992 0.0195034 0.0220919 0.0248538 0.0277742 0.0308339 0.0340099 0.0372754 0.0406003 0.0439515 0.0472937 0.0505901 0.0538026 0.0568931 0.0598239 0.0625584 0.065062 0.0673026 0.0692511 0.070882 0.072174 0.07311 0.0736777 0.0738696 0.0736832 0.073121 0.0721907 0.0709046 0.0692798 0.0673377 0.0651039 0.0626074 0.0598803 0.0569573 0.0538747 0.0506703 0.0473821 0.0440478 0.0407043 0.0373867 0.0341278 0.0309576 0.0279027 0.024986 0.0222266 0.0196393 0.0172349 0.0150201 0.0129979 0.0111677 0.00952575 0.00806556 0.00677842 0.00565377 0.00467977 0.00384368 0.00313235 0.00253254 0.0020313 0.00161619 0.00127551 0.000998464 0.000775222 0.000597012 0.000456103 0.000345794 0.000260362 0.000195 0.000145742 0.00010939 8.34362e-05 6.59968e-05 5.57725e-05 
6.70692e-05 7.0084e-05 8.12049e-05 0.000101354 0.000132101 0.000175737 0.000235337 0.000314849 0.000419181 0.000554291 0.000727285 0.00094648 0.00122147 0.00156313 0.00198362 0.00249627 0.0031155 0.00385655 0.00473529 0.00576779 0.00696998 0.00835712 0.00994329 0.0117409 0.0137599 0.0160075 0.0184874 0.0211994 0.024139 0.027297 0.0306594 0.0342072 0.0379167 0.0417594 0.0457027 0.04971 0.0537418 0.0577557 0.0617079 0.0655535 0.0692476 0.0727459 0.0760058 0.0789869 0.0816521 0.0839676 0.0859042 0.0874371 0.0885468 0.0892191 0.0894454 0.089223 0.0885548 0.0874494 0.0859212 0.0839896 0.0816796 0.0790205 0.076046 0.0727933 0.0693028 0.0656171 0.0617802 0.057837 0.0538323 0.0498097 0.0458112 0.0418763 0.0380413 0.0343385 0.0307964 0.0274383 0.0242833 0.0213451 0.0186329 0.0161514 0.0139006 0.011877 0.0100736 0.00848059 0.0070857 0.00587509 0.00483373 0.00394592 0.00319576 0.0025676 0.00204633 0.00161768 0.00126841 0.000986434 0.000760911 0.000582264 0.00044216 0.000333464 0.000250166 0.000187296 0.000140836 0.000107629 8.53015e-05 7.22147e-05 
8.62407e-05 9.01277e-05 0.000104341 0.000130041 0.0001692 0.000224689 0.000300357 0.000401131 0.000533122 0.000703731 0.000921754 0.00119746 0.00154264 0.00197064 0.00249627 0.00313577 0.00390655 0.00482699 0.00591604 0.00719284 0.00867615 0.0103838 0.0123321 0.0145351 0.0170039 0.0197459 0.0227645 0.0260581 0.0296202 0.0334385 0.0374949 0.0417658 0.0462219 0.0508284 0.055546 0.0603308 0.0651357 0.0699107 0.0746042 0.0791636 0.0835366 0.087672 0.0915204 0.0950355 0.0981746 0.100899 0.103176 0.104977 0.106279 0.107068 0.107332 0.10707 0.106284 0.104983 0.103185 0.100912 0.0981916 0.0950575 0.0915481 0.0877063 0.0835786 0.079214 0.0746638 0.0699802 0.0652155 0.0604212 0.0556469 0.0509397 0.046343 0.0418959 0.037633 0.0335832 0.02977 0.0262114 0.0229195 0.0199008 0.0171569 0.0146847 0.0124766 0.0105218 0.00880648 0.00731457 0.00602851 0.00492975 0.00399942 0.00321878 0.00256967 0.00203482 0.00159815 0.00124493 0.000961884 0.000737256 0.000560773 0.000423614 0.000318329 0.000238742 0.000179848 0.000137708 0.000109356 9.27418e-05 
0.00010999 0.000114958 0.000132972 0.000165481 0.000214942 0.000284921 0.000380196 0.000506862 0.000672466 0.000886119 0.00115862 0.00150252 0.00193222 0.0024639 0.0031155 0.00390655 0.00485794 0.00599156 0.00732988 0.00889541 0.01071 0.0127944 0.015167 0.0178436 0.0208361 0.0241522 0.0277944 0.0317593 0.0360375 0.0406129 0.0454628 0.0505577 0.055862 0.0613337 0.0669256 0.0725858 0.0782586 0.0838856 0.0894065 0.0947607 0.0998879 0.104729 0.109228 0.113333 0.116994 0.120169 0.122819 0.124914 0.126428 0.127343 0.127649 0.127343 0.126427 0.124913 0.122819 0.12017 0.116997 0.113339 0.10924 0.104746 0.0999118 0.0947929 0.0894481 0.0839376 0.078322 0.0726612 0.0670134 0.061434 0.0559744 0.0506817 0.0455973 0.0407567 0.0361891 0.0319169 0.0279561 0.024316 0.0209999 0.0180053 0.0153248 0.0129465 0.010855 0.00903189 0.00745692 0.00610846 0.00496428 0.0040022 0.00320056 0.00253869 0.00199724 0.0015584 0.00120608 0.000925944 0.000705448 0.000533782 0.00040179 0.000301861 0.000227812 0.000174771 0.00013906 0.000118138 
0.000139145 0.000145439 0.000168083 0.000208868 0.000270828 0.00035836 0.00047734 0.000635249 0.000841324 0.00110669 0.00144448 0.00186993 0.00240043 0.00305547 0.00385655 0.00482699 0.00599156 0.00737613 0.00900705 0.0109105 0.0131118 0.0156345 0.0184993 0.0217236 0.02532 0.0292959 0.0336524 0.0383838 0.043477 0.0489114 0.0546585 0.0606822 0.0669394 0.0733798 0.0799475 0.0865816 0.0932171 0.0997861 0.106219 0.112448 0.118402 0.124015 0.129224 0.13397 0.138199 0.141862 0.144917 0.14733 0.149072 0.150125 0.150476 0.150121 0.149065 0.14732 0.144905 0.141849 0.138186 0.133958 0.129215 0.12401 0.118403 0.112456 0.106237 0.099815 0.0932581 0.086636 0.0800161 0.0734629 0.0670371 0.0607943 0.0547841 0.0490494 0.043626 0.0385418 0.0338174 0.0294656 0.0254921 0.0218957 0.0186692 0.0157999 0.013271 0.0110617 0.00914891 0.00750766 0.00611206 0.00493608 0.00395417 0.00314181 0.0024759 0.00193512 0.00150012 0.00115358 0.000880327 0.000667208 0.000503068 0.000378608 0.000286255 0.00022003 0.000175413 0.000149277 
0.000174615 0.000182522 0.000210752 0.000261504 0.000338493 0.000447093 0.000594471 0.000789734 0.00104409 0.00137101 0.00178634 0.00230841 0.00295803 0.00375847 0.00473529 0.00591604 0.00732988 0.00900705 0.0109781 0.0132734 0.0159215 0.0189492 0.0223794 0.0262308 0.0305165 0.0352429 0.0404094 0.0460069 0.052018 0.0584164 0.0651669 0.0722259 0.0795413 0.087054 0.0946983 0.102403 0.110093 0.117691 0.125118 0.132295 0.139144 0.14559 0.151564 0.157 0.161836 0.166021 0.169509 0.172261 0.174247 0.175446 0.175845 0.175439 0.174233 0.172241 0.169484 0.165992 0.161804 0.156966 0.151531 0.145559 0.139117 0.132275 0.125107 0.117691 0.110106 0.10243 0.0947409 0.0871134 0.0796179 0.0723197 0.0652776 0.0585428 0.0521589 0.0461604 0.0405733 0.0354149 0.0306938 0.0264108 0.0225594 0.0191266 0.016094 0.0134387 0.0111347 0.0091534 0.00746498 0.00603922 0.00484623 0.00385719 0.00304481 0.00238377 0.00185099 0.00142576 0.00108982 0.000827355 0.000624869 0.000471093 0.000356832 0.000274805 0.000219505 0.000187115 
0.000217382 0.00022723 0.00026214 0.000324785 0.000419679 0.000553337 0.000734428 0.000973945 0.00128538 0.0016849 0.00219147 0.00282694 0.00361604 0.00458629 0.00576779 0.00719284 0.00889541 0.0109105 0.0132734 0.0160184 0.0191781 0.022782 0.0268553 0.0314176 0.036482 0.0420536 0.0481289 0.0546949 0.0617288 0.0691975 0.0770582 0.0852581 0.0937358 0.102422 0.111239 0.120107 0.128939 0.137647 0.146142 0.154334 0.162139 0.169474 0.176259 0.182424 0.187904 0.19264 0.196582 0.199691 0.201933 0.203285 0.203733 0.203274 0.201911 0.199659 0.196542 0.192591 0.187849 0.182365 0.176198 0.169412 0.16208 0.154281 0.146096 0.137612 0.128917 0.1201 0.111249 0.10245 0.0937842 0.0853268 0.0771471 0.069306 0.0618556 0.0548384 0.0482868 0.0422233 0.0366606 0.0316022 0.0270427 0.0229692 0.0193623 0.016197 0.0134441 0.0110716 0.00904529 0.00733052 0.00589266 0.00469812 0.00371493 0.0029133 0.00226594 0.00174827 0.00133855 0.00101786 0.000770047 0.000581554 0.000441303 0.000340508 0.000272508 0.000232684 
0.000268485 0.000280649 0.000323472 0.000400182 0.000516215 0.000679405 0.000900155 0.00119163 0.00156993 0.0020543 0.00266726 0.00343462 0.00438554 0.00555228 0.00696998 0.00867615 0.01071 0.0131118 0.0159215 0.0191781 0.0229177 0.0271727 0.0319703 0.0373307 0.0432662 0.04978 0.0568647 0.0645025 0.072664 0.0813083 0.0903836 0.0998271 0.109567 0.119521 0.129603 0.139719 0.149772 0.159661 0.169289 0.178556 0.187368 0.195634 0.20327 0.210197 0.216345 0.221653 0.226068 0.229545 0.232051 0.233562 0.234062 0.233547 0.232022 0.229502 0.226011 0.221585 0.216267 0.210111 0.203178 0.195539 0.187273 0.178464 0.169203 0.159585 0.149708 0.139672 0.129574 0.119512 0.10958 0.0998635 0.0904437 0.0813919 0.0727702 0.0646297 0.0570108 0.0499422 0.0434416 0.0375159 0.0321619 0.0273672 0.0231117 0.0193685 0.0161056 0.0132871 0.0108746 0.0088285 0.00710917 0.00567778 0.00449722 0.00353272 0.0027523 0.00212703 0.00163123 0.00124248 0.000941555 0.000712313 0.000541509 0.000418618 0.000335656 0.000287073 
0.000329003 0.000343903 0.000396016 0.000489207 0.000629971 0.000827654 0.00109464 0.00144655 0.00190247 0.00248513 0.003221 0.00414039 0.00527732 0.00666934 0.00835712 0.0103838 0.0127944 0.0156345 0.0189492 0.022782 0.0271727 0.0321566 0.037762 0.0440094 0.0509098 0.0584631 0.0666577 0.0754693 0.0848609 0.0947826 0.105172 0.115956 0.12705 0.138361 0.149789 0.161227 0.172568 0.1837 0.194513 0.204901 0.214759 0.22399 0.232502 0.240213 0.247048 0.252941 0.257837 0.26169 0.264465 0.266136 0.266689 0.266117 0.264427 0.261634 0.257763 0.252852 0.246944 0.240098 0.232378 0.223859 0.214625 0.204768 0.194384 0.183579 0.172459 0.161133 0.149714 0.138308 0.127021 0.115953 0.105196 0.0948342 0.0849394 0.0755735 0.0667856 0.0586122 0.0510768 0.0441908 0.0379539 0.032355 0.0273739 0.0229822 0.019145 0.015823 0.0129731 0.0105507 0.00851079 0.00680889 0.00540233 0.00425086 0.0033173 0.0025679 0.00197258 0.00150496 0.00114237 0.00086573 0.000659325 0.000510657 0.000410222 0.000351412 
0.000400028 0.000418131 0.000481052 0.000593382 0.00076282 0.00100042 0.00132082 0.00174242 0.00228764 0.00298309 0.0038597 0.00495272 0.00630156 0.00794953 0.00994329 0.0123321 0.015167 0.0184993 0.0223794 0.0268553 0.0319703 0.037762 0.0442598 0.0514836 0.059442 0.068131 0.0775333 0.0876172 0.0983366 0.109632 0.121428 0.13364 0.146171 0.158915 0.171758 0.184581 0.197264 0.209684 0.221723 0.233262 0.244192 0.254406 0.263809 0.272313 0.27984 0.286322 0.291701 0.295931 0.298975 0.300807 0.301411 0.300783 0.298928 0.295862 0.291611 0.286212 0.279712 0.272169 0.263652 0.254239 0.244017 0.233085 0.221547 0.209515 0.197104 0.184436 0.171631 0.158811 0.146094 0.133591 0.121409 0.109644 0.0983804 0.0876915 0.0776366 0.0682607 0.0595949 0.051656 0.0444475 0.0379607 0.0321755 0.0270628 0.0225852 0.0186997 0.015359 0.0125131 0.0101113 0.0081033 0.00644026 0.00507607 0.00396785 0.00307654 0.00236717 0.00180897 0.00137543 0.00104414 0.000796621 0.000618145 0.000497488 0.00042684 
0.000482639 0.000504455 0.000579835 0.000714189 0.000916573 0.00119997 0.00158152 0.00208273 0.00272976 0.00355352 0.00458983 0.00587937 0.00746744 0.00940356 0.0117409 0.0145351 0.0178436 0.0217236 0.0262308 0.0314176 0.0373307 0.0440094 0.0514836 0.0597716 0.0688789 0.0787963 0.0894995 0.100948 0.113086 0.125841 0.139127 0.152845 0.166883 0.181121 0.195433 0.209688 0.223751 0.237491 0.250777 0.263483 0.275493 0.286695 0.296989 0.306282 0.314496 0.321559 0.327415 0.332015 0.335323 0.337312 0.337968 0.337285 0.335268 0.331934 0.327309 0.321429 0.314343 0.306109 0.296798 0.286491 0.275278 0.263262 0.250553 0.23727 0.223538 0.209488 0.195252 0.180962 0.16675 0.152743 0.139058 0.125807 0.113088 0.100986 0.0895713 0.0789002 0.0690117 0.0599295 0.0516622 0.044204 0.0375364 0.0316294 0.0264442 0.0219341 0.0180476 0.0147294 0.0119229 0.00957148 0.00762 0.00601594 0.0047103 0.00365819 0.00281928 0.00215799 0.00164351 0.00124977 0.000955201 0.000742561 0.000598708 0.000514482 
0.000577863 0.000603945 0.000693558 0.000853028 0.00109293 0.00142838 0.00187931 0.00247069 0.00323273 0.00420113 0.00541704 0.00692702 0.00878272 0.0110404 0.0137599 0.0170039 0.0208361 0.02532 0.0305165 0.036482 0.0432662 0.0509098 0.059442 0.0688789 0.0792215 0.0904544 0.102545 0.115443 0.129079 0.143371 0.158216 0.173502 0.189102 0.204882 0.220702 0.236416 0.25188 0.26695 0.281488 0.29536 0.308442 0.320619 0.331788 0.341853 0.350735 0.358364 0.36468 0.369637 0.373198 0.375339 0.376044 0.375309 0.373137 0.369545 0.364559 0.358215 0.35056 0.341654 0.331566 0.320379 0.308187 0.295094 0.281216 0.266678 0.251612 0.236159 0.220461 0.204664 0.18891 0.173342 0.158092 0.143284 0.129033 0.115436 0.102579 0.0905259 0.0793279 0.0690165 0.0596062 0.0510956 0.0434682 0.0366947 0.0307346 0.0255386 0.0210506 0.0172104 0.0139552 0.0112221 0.00894911 0.007077 0.00555015 0.00431745 0.00333273 0.00255513 0.00194916 0.00148469 0.00113674 0.000885295 0.000715069 0.000615403 
0.000686636 0.000717573 0.000823298 0.00101115 0.00129338 0.00168748 0.00221644 0.00290899 0.00379984 0.00492983 0.00634589 0.00810093 0.0102534 0.0128665 0.0160075 0.0197459 0.0241522 0.0292959 0.0352429 0.0420536 0.04978 0.0584631 0.068131 0.0787963 0.0904544 0.103082 0.116637 0.131057 0.146262 0.162152 0.178612 0.195512 0.212713 0.230064 0.24741 0.264594 0.281459 0.297853 0.313628 0.328644 0.342773 0.355897 0.367909 0.378715 0.388235 0.3964 0.403152 0.408445 0.412246 0.414529 0.415281 0.414496 0.412179 0.408346 0.403019 0.396236 0.388041 0.378493 0.36766 0.355624 0.342481 0.328337 0.31331 0.29753 0.281137 0.264279 0.247109 0.229783 0.212459 0.195291 0.178427 0.162008 0.146161 0.131001 0.116626 0.103115 0.0905283 0.0789077 0.0682754 0.0586352 0.0499739 0.0422635 0.0354627 0.0295199 0.0243752 0.0199631 0.0162152 0.0130615 0.0104333 0.00826431 0.00649184 0.0050581 0.00391069 0.00300304 0.00229456 0.0017507 0.00134272 0.00104758 0.000847639 0.000730572 
0.000809765 0.000846174 0.000969973 0.00118962 0.00151919 0.00197876 0.00259466 0.00339974 0.00443354 0.00574245 0.0073796 0.00940465 0.0118832 0.0148859 0.0184874 0.0227645 0.0277944 0.0336524 0.0404094 0.0481289 0.0568647 0.0666577 0.0775333 0.0894995 0.102545 0.116637 0.131723 0.147727 0.164554 0.182089 0.200203 0.218748 0.237567 0.256498 0.27537 0.294014 0.312261 0.329951 0.346929 0.363051 0.378184 0.392208 0.405018 0.416521 0.426636 0.435298 0.442453 0.448056 0.452076 0.454489 0.455284 0.454454 0.452005 0.44795 0.442311 0.435123 0.426427 0.416279 0.404746 0.391908 0.377859 0.362706 0.346568 0.329581 0.311887 0.293642 0.275009 0.256155 0.237249 0.218461 0.199953 0.181883 0.164393 0.147615 0.131661 0.116625 0.10258 0.0895789 0.0776523 0.0668109 0.0570461 0.0483319 0.0406274 0.033879 0.0280235 0.0229908 0.0187062 0.0150933 0.0120762 0.00958124 0.00753841 0.00588286 0.00455553 0.00350374 0.00268142 0.00204922 0.00157435 0.00123046 0.000997322 0.000860819 
0.000947876 0.000990397 0.00113429 0.00138921 0.00177124 0.00230325 0.00301519 0.0039443 0.00513533 0.00664058 0.00851976 0.0108396 0.0136733 0.0170992 0.0211994 0.0260581 0.0317593 0.0383838 0.0460069 0.0546949 0.0645025 0.0754693 0.0876172 0.100948 0.115443 0.131057 0.147727 0.165361 0.18385 0.203062 0.222849 0.243048 0.263488 0.283987 0.304364 0.324437 0.344028 0.362968 0.381096 0.398265 0.414342 0.429206 0.442754 0.454894 0.465552 0.474663 0.482179 0.488059 0.492273 0.494803 0.495635 0.494767 0.4922 0.487949 0.482032 0.47448 0.465332 0.454639 0.442464 0.428885 0.413991 0.397888 0.380698 0.362554 0.343605 0.324012 0.303946 0.283583 0.263105 0.242696 0.222533 0.202789 0.183626 0.16519 0.147609 0.130995 0.115434 0.10099 0.0877054 0.0755986 0.0646666 0.0548868 0.0462194 0.0386099 0.0319921 0.0262915 0.0214277 0.0173179 0.0138788 0.0110291 0.00869128 0.00679317 0.00526863 0.00405849 0.00311086 0.00238124 0.00183249 0.00143468 0.0011648 0.00100678 
0.00110137 0.00115066 0.00131667 0.0016104 0.00205004 0.00266148 0.00347852 0.00454312 0.00590553 0.00762431 0.0097661 0.0124051 0.0156221 0.0195034 0.024139 0.0296202 0.0360375 0.043477 0.052018 0.0617288 0.072664 0.0848609 0.0983366 0.113086 0.129079 0.146262 0.164554 0.18385 0.204022 0.224923 0.246386 0.268231 0.29027 0.312308 0.334149 0.355601 0.376476 0.3966 0.415809 0.433952 0.450897 0.466526 0.480738 0.493447 0.504583 0.514087 0.521916 0.528034 0.532416 0.535045 0.53591 0.535008 0.532343 0.527925 0.521769 0.513902 0.504359 0.493185 0.480438 0.46619 0.450526 0.43355 0.41538 0.39615 0.376011 0.355127 0.333676 0.311844 0.289825 0.267813 0.246003 0.224583 0.203732 0.183615 0.164377 0.146145 0.129021 0.113085 0.098389 0.0849613 0.0728061 0.0619054 0.0522213 0.0436994 0.0362712 0.0298584 0.0243752 0.0197322 0.015839 0.0126067 0.00995002 0.00778898 0.00605018 0.00466765 0.00358331 0.00274721 0.00211759 0.00166068 0.0013505 0.00116887 
0.0012704 0.00132709 0.00151725 0.00185326 0.00235559 0.00305333 0.00398437 0.00519563 0.00674318 0.00869212 0.0111163 0.0140975 0.0177246 0.0220919 0.027297 0.0334385 0.0406129 0.0489114 0.0584164 0.0691975 0.0813083 0.0947826 0.109632 0.125841 0.143371 0.162152 0.182089 0.203062 0.224923 0.247507 0.270628 0.294092 0.317691 0.341217 0.364462 0.387223 0.409307 0.430533 0.450735 0.469764 0.487488 0.503795 0.518587 0.531787 0.543329 0.553164 0.561252 0.567566 0.572084 0.574793 0.575686 0.574758 0.572014 0.56746 0.561109 0.552982 0.543107 0.531525 0.518285 0.503452 0.487107 0.469346 0.450284 0.430054 0.408806 0.386708 0.36394 0.340699 0.317186 0.29361 0.270179 0.247099 0.224566 0.202761 0.181849 0.161976 0.143259 0.125793 0.109643 0.0948495 0.081424 0.0693546 0.0586067 0.0491267 0.0408447 0.0336791 0.0275391 0.0223293 0.017952 0.0143107 0.0113121 0.00886861 0.00689911 0.00533054 0.00409838 0.00314697 0.00242961 0.00190849 0.00155449 0.0013472 
0.00145477 0.00151951 0.00173578 0.00211744 0.00268737 0.00347801 0.00453156 0.00590016 0.00764588 0.00984066 0.0125657 0.0159108 0.0199727 0.0248538 0.0306594 0.0374949 0.0454628 0.0546585 0.0651669 0.0770582 0.0903836 0.105172 0.121428 0.139127 0.158216 0.178612 0.200203 0.222849 0.246386 0.270628 0.295374 0.320408 0.34551 0.370456 0.395028 0.419014 0.442214 0.464445 0.485541 0.505355 0.523758 0.540645 0.555926 0.56953 0.581401 0.591498 0.599789 0.606253 0.610874 0.613644 0.614558 0.613612 0.610809 0.606153 0.599654 0.591325 0.581188 0.569276 0.555629 0.540304 0.523375 0.504929 0.485077 0.463946 0.441686 0.418463 0.394465 0.369889 0.34495 0.319866 0.294861 0.270155 0.245961 0.222481 0.199897 0.178374 0.158047 0.139028 0.121395 0.105201 0.0904687 0.0771918 0.0653406 0.0548634 0.0456898 0.0377355 0.0309054 0.0250981 0.0202092 0.0161345 0.0127729 0.0100286 0.00781289 0.00604538 0.00465484 0.00357963 0.00276795 0.00217773 0.00177653 0.00154157 
0.00165399 0.00172738 0.00197161 0.00240209 0.00304423 0.00393397 0.00511798 0.00665379 0.00860974 0.0110647 0.0141075 0.0178358 0.0223546 0.0277742 0.0342072 0.0417658 0.0505577 0.0606822 0.0722259 0.0852581 0.0998271 0.115956 0.13364 0.152845 0.173502 0.195512 0.218748 0.243048 0.268231 0.294092 0.320408 0.34695 0.373479 0.399762 0.425568 0.450678 0.47489 0.498018 0.519897 0.540385 0.55936 0.576724 0.592395 0.606313 0.618432 0.62872 0.637155 0.643722 0.648413 0.651223 0.652151 0.651195 0.648355 0.643633 0.637032 0.628562 0.618235 0.606074 0.592112 0.576395 0.558984 0.539962 0.519429 0.497508 0.474344 0.450102 0.424971 0.399154 0.372871 0.346353 0.319835 0.293554 0.267741 0.242614 0.218377 0.195211 0.173274 0.152691 0.133559 0.115944 0.099878 0.0853646 0.0723794 0.0608735 0.0507771 0.0420039 0.034455 0.0280237 0.0225989 0.0180691 0.0143253 0.0112636 0.00878751 0.00680917 0.00525045 0.00404359 0.00313143 0.00246751 0.00201592 0.00175143 
0.00186717 0.00194976 0.00222367 0.00270588 0.00342442 0.00441887 0.00574051 0.0074524 0.00962926 0.0123571 0.0157324 0.0198607 0.0248552 0.0308339 0.0379167 0.0462219 0.055862 0.0669394 0.0795413 0.0937358 0.109567 0.12705 0.146171 0.166883 0.189102 0.212713 0.237567 0.263488 0.29027 0.317691 0.34551 0.373479 0.401348 0.428869 0.455804 0.481929 0.507037 0.530945 0.55349 0.574537 0.593971 0.611703 0.627665 0.641805 0.65409 0.664498 0.673015 0.679638 0.684365 0.687196 0.688131 0.687172 0.684316 0.679563 0.67291 0.664359 0.653915 0.641589 0.627404 0.611395 0.593612 0.574126 0.553029 0.530435 0.506483 0.481337 0.455183 0.428228 0.400699 0.372835 0.344882 0.317094 0.289716 0.262988 0.237131 0.212348 0.188813 0.166673 0.14604 0.126994 0.10958 0.093812 0.0796716 0.067114 0.056071 0.046455 0.0381642 0.0310869 0.0251059 0.0201024 0.0159598 0.0125663 0.00981738 0.00761766 0.00588202 0.00453641 0.00351822 0.00277643 0.00227155 0.00197583 
0.00209304 0.00218534 0.00249041 0.0030269 0.00382552 0.00492956 0.006395 0.00829055 0.0106974 0.0137087 0.0174286 0.0219707 0.0274559 0.0340099 0.0417594 0.0508284 0.0613337 0.0733798 0.087054 0.102422 0.119521 0.138361 0.158915 0.181121 0.204882 0.230064 0.256498 0.283987 0.312308 0.341217 0.370456 0.399762 0.428869 0.457521 0.485471 0.512491 0.538374 0.562939 0.58603 0.607516 0.627296 0.64529 0.661442 0.675713 0.688082 0.698539 0.707082 0.713715 0.718444 0.721276 0.722213 0.721258 0.718407 0.713656 0.706998 0.698426 0.687935 0.675526 0.66121 0.64501 0.626963 0.607128 0.585585 0.56244 0.537823 0.511893 0.484834 0.456856 0.428187 0.399076 0.36978 0.340565 0.311695 0.283425 0.255998 0.229636 0.204533 0.180854 0.158731 0.138258 0.119495 0.102465 0.0871582 0.0735352 0.0615297 0.0510542 0.0420045 0.0342646 0.0277115 0.0222197 0.0176649 0.0139275 0.0108954 0.00846534 0.00654533 0.00505489 0.00392585 0.00310255 0.00254187 0.00221343 
0.00232993 0.00243236 0.00276985 0.00336275 0.00424447 0.00546207 0.00707632 0.0091616 0.0118056 0.0151086 0.0191824 0.0241483 0.030135 0.0372754 0.0457027 0.055546 0.0669256 0.0799475 0.0946983 0.111239 0.129603 0.149789 0.171758 0.195433 0.220702 0.24741 0.27537 0.304364 0.334149 0.364462 0.395028 0.425568 0.455804 0.485471 0.514315 0.542108 0.568642 0.593741 0.617256 0.639066 0.659079 0.67723 0.693474 0.707789 0.720165 0.730604 0.739117 0.745717 0.750418 0.753231 0.754164 0.75322 0.750394 0.745677 0.739058 0.73052 0.72005 0.707637 0.693279 0.676985 0.65878 0.638708 0.616837 0.593262 0.568104 0.541514 0.513674 0.484791 0.455098 0.424848 0.394311 0.363762 0.333482 0.303744 0.27481 0.24692 0.220292 0.195109 0.17152 0.149638 0.129535 0.111247 0.094774 0.0800813 0.0671063 0.0557623 0.0459435 0.0375301 0.030394 0.0244032 0.0194264 0.0153363 0.0120128 0.00934548 0.00723517 0.00559498 0.00435118 0.00344342 0.00282485 0.00246246 
0.0025758 0.00268869 0.00305956 0.00371046 0.00467755 0.00601168 0.00777837 0.0100577 0.0129438 0.016544 0.0209776 0.0263735 0.0328678 0.0406003 0.04971 0.0603308 0.0725858 0.0865816 0.102403 0.120107 0.139719 0.161227 0.184581 0.209688 0.236416 0.264594 0.294014 0.324437 0.355601 0.387223 0.419014 0.450678 0.481929 0.512491 0.542108 0.570549 0.597612 0.623123 0.646944 0.668964 0.689104 0.707312 0.723559 0.737835 0.750146 0.760507 0.768939 0.775466 0.78011 0.782888 0.783812 0.782884 0.7801 0.775447 0.768907 0.760455 0.750068 0.737724 0.723406 0.70711 0.688846 0.668645 0.64656 0.622673 0.597095 0.569969 0.541471 0.511806 0.481207 0.449934 0.418262 0.386481 0.354884 0.323763 0.293396 0.264046 0.235948 0.209306 0.18429 0.161028 0.139608 0.120078 0.102449 0.0866918 0.0727493 0.0605358 0.0499447 0.0408533 0.0331287 0.0266332 0.0212284 0.0167797 0.0131595 0.0102502 0.00794535 0.0061519 0.00479048 0.00379604 0.00311803 0.00272077 
0.00282823 0.00295179 0.00335668 0.00406661 0.00512048 0.00657291 0.00849415 0.0109699 0.0141006 0.0180006 0.0227963 0.0286241 0.0356271 0.0439515 0.0537418 0.0651357 0.0782586 0.0932171 0.110093 0.128939 0.149772 0.172568 0.197264 0.223751 0.25188 0.281459 0.312261 0.344028 0.376476 0.409307 0.442214 0.47489 0.507037 0.538374 0.568642 0.597612 0.625083 0.650891 0.674906 0.697031 0.7172 0.735374 0.751541 0.765706 0.777887 0.788114 0.796421 0.80284 0.807403 0.810131 0.81104 0.810135 0.807408 0.802844 0.796418 0.788098 0.777849 0.765638 0.751435 0.73522 0.71699 0.696758 0.674565 0.650478 0.624596 0.597054 0.568019 0.537693 0.506309 0.474129 0.441437 0.40853 0.375718 0.343305 0.311591 0.280856 0.251356 0.223315 0.19692 0.17232 0.149617 0.128873 0.110107 0.0933022 0.0784033 0.0653278 0.0539687 0.0442014 0.0358887 0.0288875 0.0230529 0.0182434 0.0143243 0.0111704 0.00866884 0.00672011 0.00523937 0.00415693 0.00341851 0.00298581 
0.00308445 0.0032188 0.00365795 0.00442729 0.00556842 0.00713965 0.00921591 0.0118883 0.0152636 0.0194628 0.0246192 0.0308763 0.0383837 0.0472937 0.0577557 0.0699107 0.0838856 0.0997861 0.117691 0.137647 0.159661 0.1837 0.209684 0.237491 0.26695 0.297853 0.329951 0.362968 0.3966 0.430533 0.464445 0.498018 0.530945 0.562939 0.593741 0.623123 0.650891 0.676889 0.700997 0.723131 0.743239 0.7613 0.777315 0.791304 0.803301 0.813349 0.821492 0.827774 0.832234 0.8349 0.835791 0.834912 0.832255 0.827801 0.821519 0.813368 0.803305 0.791282 0.777258 0.761198 0.743082 0.722909 0.700703 0.676519 0.650442 0.622595 0.593139 0.562269 0.530218 0.497248 0.463649 0.429728 0.395805 0.362202 0.329233 0.297198 0.266373 0.237001 0.20929 0.183404 0.159463 0.137542 0.117673 0.0998452 0.0840103 0.0700886 0.0579737 0.0475392 0.0386448 0.0311421 0.0248805 0.0197119 0.0154944 0.0120963 0.00939782 0.00729347 0.005693 0.00452215 0.00372302 0.00325469 
0.00334141 0.00348653 0.00395979 0.00478824 0.00601609 0.00770527 0.00993521 0.0128024 0.0164194 0.0209138 0.0264255 0.0331045 0.0411069 0.0505901 0.0617079 0.0746042 0.0894065 0.106219 0.125118 0.146142 0.169289 0.194513 0.221723 0.250777 0.281488 0.313628 0.346929 0.381096 0.415809 0.450735 0.485541 0.519897 0.55349 0.58603 0.617256 0.646944 0.674906 0.700997 0.725108 0.747168 0.767141 0.785019 0.800821 0.814582 0.82635 0.836181 0.844131 0.850253 0.854594 0.857189 0.858058 0.857208 0.854631 0.850303 0.844188 0.836237 0.826397 0.814608 0.800816 0.784971 0.767038 0.747 0.724866 0.700675 0.6745 0.646451 0.616681 0.585378 0.552772 0.519126 0.484733 0.449909 0.414984 0.380293 0.346168 0.312926 0.280861 0.250237 0.22128 0.194171 0.169048 0.145999 0.125068 0.106252 0.0895106 0.0747669 0.0619159 0.0508301 0.0413663 0.0333718 0.0266906 0.0211683 0.0166567 0.0130172 0.0101238 0.00786529 0.00614605 0.00488741 0.00402795 0.00352421 
