0.00370258 0.00373403 0.00383535 0.00400727 0.00425059 0.00456639 0.00495602 0.00542103 0.00596313 0.00658413 0.00728586 0.00807015 0.00893868 0.009893 0.0109343 0.0120636 0.0132812 0.0145873 0.0159811 0.0174613 0.0190261 0.0206726 0.0223973 0.0241958 0.0260628 0.027992 0.0299764 0.032008 0.034078 0.0361769 0.0382943 0.0404192 0.0425399 0.0446444 0.0467203 0.0487547 0.0507347 0.0526475 0.0544802 0.0562203 0.0578556 0.0593745 0.060766 0.0620198 0.0631268 0.0640785 0.0648678 0.0654887 0.0659364 0.0662075 0.0662999 0.0662129 0.0659472 0.0655049 0.0648895 0.0641056 0.0631593 0.0620578 0.0608093 0.0594232 0.0579097 0.0562797 0.0545449 0.0527174 0.0508096 0.0488344 0.0468048 0.0447334 0.0426331 0.0405163 0.038395 0.0362808 0.0341848 0.0321172 0.0300875 0.0281046 0.0261764 0.0243099 0.0225113 0.020786 0.0191383 0.0175718 0.0160893 0.0146927 0.0133834 0.012162 0.0110285 0.00998245 0.00902303 0.008149 0.00735887 0.00665097 0.00602353 0.00547474 0.00500282 0.00460611 0.00428308 0.00403244 0.00385312 0.00374456 
0.00373403 0.00376576 0.00386796 0.00404134 0.00428672 0.00460519 0.0049981 0.00546702 0.00601365 0.00663983 0.0073474 0.00813818 0.00901389 0.00997604 0.0110259 0.0121644 0.0133919 0.0147085 0.0161135 0.0176056 0.0191829 0.0208424 0.0225808 0.0243934 0.0262749 0.028219 0.0302188 0.032266 0.0343519 0.0364667 0.0386002 0.040741 0.0428777 0.0449979 0.0470891 0.0491386 0.0511332 0.0530599 0.054906 0.0566588 0.0583059 0.0598357 0.0612372 0.0625001 0.063615 0.0645735 0.0653684 0.0659937 0.0664445 0.0667175 0.0668105 0.0667229 0.0664552 0.0660097 0.0653898 0.0646003 0.0636472 0.0625377 0.0612803 0.0598841 0.0583596 0.0567178 0.0549703 0.0531294 0.0512076 0.0492179 0.0471732 0.0450864 0.0429704 0.0408377 0.0387005 0.0365703 0.0344583 0.0323749 0.0303297 0.0283315 0.0263883 0.0245073 0.0226946 0.0209557 0.019295 0.0177161 0.0162218 0.014814 0.0134942 0.0122629 0.0111202 0.0100656 0.00909836 0.00821716 0.00742054 0.00670681 0.00607418 0.00552085 0.00504502 0.00464501 0.0043193 0.00406659 0.00388578 0.00377633 
0.00383535 0.00386796 0.00397282 0.00415067 0.00440232 0.0047289 0.00513178 0.00561254 0.00617293 0.00681478 0.00753999 0.00835039 0.00924771 0.0102335 0.011309 0.0124751 0.0137322 0.0150804 0.0165188 0.0180463 0.0196607 0.0213591 0.0231378 0.0249922 0.0269169 0.0289053 0.0309503 0.0330436 0.0351762 0.037338 0.0395186 0.0417064 0.0438897 0.046056 0.0481924 0.0502858 0.052323 0.0542908 0.0561759 0.0579656 0.0596473 0.0612092 0.0626398 0.0639289 0.0650668 0.0660451 0.0668564 0.0674945 0.0679545 0.068233 0.0683278 0.0682382 0.0679649 0.0675101 0.0668772 0.0660712 0.0650982 0.0639656 0.0626818 0.0612564 0.0596998 0.0580233 0.0562388 0.0543588 0.052396 0.0503637 0.0482749 0.0461431 0.0439811 0.0418018 0.0396176 0.0374404 0.0352815 0.0331515 0.0310603 0.029017 0.0270296 0.0251055 0.0232512 0.021472 0.0197726 0.0181566 0.016627 0.0151859 0.0138346 0.0125737 0.0114034 0.0103233 0.00933248 0.0084297 0.00761347 0.00688211 0.00623379 0.00566669 0.00517899 0.00476899 0.00443514 0.0041761 0.00399079 0.00387863 
0.00400727 0.00404134 0.00415067 0.004336 0.00459817 0.00493834 0.00535791 0.00585851 0.00644191 0.00711001 0.00786473 0.00870793 0.00964137 0.0106666 0.0117849 0.0129971 0.0143037 0.0157045 0.0171988 0.0187852 0.0204614 0.0222244 0.0240704 0.0259945 0.0279909 0.0300531 0.0321733 0.0343432 0.0365532 0.0387931 0.0410519 0.0433178 0.0455785 0.0478211 0.0500324 0.0521988 0.0543067 0.0563424 0.0582923 0.0601432 0.0618822 0.063497 0.064976 0.0663085 0.0674846 0.0684956 0.0693339 0.0699932 0.0704684 0.070756 0.0708538 0.070761 0.0704783 0.0700081 0.0693538 0.0685205 0.0675146 0.0663435 0.0650161 0.0635422 0.0619325 0.0601987 0.0583529 0.056408 0.0543773 0.0522743 0.0501125 0.0479058 0.0456675 0.0434109 0.0411488 0.0388935 0.0366567 0.0344493 0.0322818 0.0301633 0.0281024 0.0261067 0.0241829 0.0223367 0.0205728 0.0188952 0.0173069 0.01581 0.0144062 0.013096 0.0118797 0.0107568 0.0097266 0.00878774 0.00793874 0.00717787 0.00650331 0.00591317 0.0054056 0.00497886 0.00463136 0.00436173 0.00416887 0.00405218 
0.00425059 0.00428672 0.00440232 0.00459817 0.00487514 0.00523442 0.00567746 0.00620593 0.00682168 0.00752665 0.00832281 0.00921207 0.0101962 0.0112769 0.0124552 0.0137322 0.0151081 0.0165827 0.0181553 0.0198242 0.0215871 0.0234406 0.0253807 0.0274022 0.0294992 0.0316644 0.03389 0.0361669 0.0384852 0.0408342 0.0432024 0.0455773 0.0479461 0.0502954 0.0526112 0.0548796 0.0570861 0.0592166 0.0612569 0.0631931 0.065012 0.0667007 0.0682472 0.0696402 0.0708696 0.0719262 0.0728022 0.073491 0.0739875 0.0742877 0.0743896 0.0742923 0.0739966 0.0735048 0.0728207 0.0719493 0.0708974 0.0696729 0.0682847 0.0667431 0.0650593 0.0632454 0.0613141 0.0592788 0.0571532 0.0549515 0.0526879 0.0503766 0.0480318 0.0456672 0.0432962 0.0409317 0.0385859 0.0362705 0.0339961 0.0317726 0.0296089 0.027513 0.025492 0.0235518 0.0216977 0.0199337 0.018263 0.0166881 0.0152106 0.0138313 0.0125504 0.0113676 0.0102821 0.00929254 0.00839751 0.00759522 0.00688379 0.00626128 0.00572579 0.00527552 0.00490884 0.00462433 0.00442084 0.00429778 
0.00456639 0.00460519 0.0047289 0.00493834 0.00523442 0.00561837 0.0060917 0.00665616 0.00731367 0.00806622 0.00891585 0.00986454 0.0109141 0.0120662 0.0133219 0.0146823 0.0161475 0.0177173 0.0193907 0.0211658 0.0230402 0.0250102 0.0270714 0.0292184 0.0314445 0.0337422 0.0361031 0.0385176 0.0409751 0.0434642 0.0459727 0.0484876 0.0509952 0.0534813 0.0559313 0.0583303 0.0606634 0.0629154 0.0650715 0.0671173 0.0690385 0.0708219 0.0724548 0.0739254 0.075223 0.0763381 0.0772624 0.077989 0.0785126 0.0788291 0.0789363 0.0788332 0.0785208 0.0780014 0.077279 0.0763589 0.0752482 0.073955 0.072489 0.0708607 0.0690819 0.0671654 0.0651244 0.0629731 0.0607259 0.0583977 0.0560034 0.053558 0.0510764 0.0485732 0.0460624 0.0435578 0.0410722 0.0386178 0.0362062 0.0338476 0.0315517 0.029327 0.027181 0.02512 0.0231497 0.0212745 0.0194978 0.0178224 0.01625 0.0147816 0.0134175 0.0121574 0.0110006 0.00994577 0.00899138 0.00813565 0.00737664 0.00671235 0.00614082 0.00566018 0.00526873 0.00496501 0.00474782 0.00461653 
0.00495602 0.0049981 0.00513178 0.00535791 0.00567746 0.0060917 0.00660224 0.00721088 0.00791963 0.00873057 0.00964581 0.0106674 0.0117972 0.0130368 0.0143875 0.0158501 0.0174247 0.019111 0.0209078 0.0228131 0.0248239 0.0269365 0.0291458 0.031446 0.0338301 0.0362898 0.038816 0.0413985 0.0440259 0.0466861 0.049366 0.0520517 0.0547286 0.0573816 0.0599952 0.0625536 0.0650408 0.067441 0.0697383 0.0719174 0.0739634 0.0758622 0.0776002 0.0791653 0.0805459 0.0817322 0.0827153 0.083488 0.0840446 0.0843809 0.0844945 0.0843844 0.0840517 0.0834987 0.0827296 0.0817502 0.0805678 0.0791912 0.0776302 0.0758964 0.074002 0.0719604 0.0697859 0.0674932 0.0650978 0.0626153 0.0600617 0.0574527 0.0548043 0.0521319 0.0494506 0.0467748 0.0441185 0.0414945 0.0389152 0.0363917 0.0339342 0.031552 0.029253 0.0270443 0.0249319 0.0229206 0.0210142 0.0192157 0.017527 0.0159495 0.0144834 0.0131286 0.0118844 0.0107495 0.00972227 0.00880098 0.00798358 0.00726803 0.00665226 0.00613434 0.0057125 0.00538519 0.00515117 0.00500977 
0.00542103 0.00546702 0.00561254 0.00585851 0.00620593 0.00665616 0.00721088 0.00787199 0.00864158 0.00952183 0.0105149 0.011623 0.012848 0.0141914 0.0156546 0.0172383 0.0189426 0.020767 0.0227099 0.0247692 0.0269416 0.0292227 0.0316073 0.0340888 0.0366595 0.0393106 0.0420322 0.0448131 0.0476412 0.0505033 0.0533854 0.0562725 0.0591491 0.0619989 0.0648054 0.0675516 0.0702205 0.0727951 0.0752587 0.0775949 0.0797878 0.0818223 0.0836842 0.0853604 0.0868388 0.0881087 0.089161 0.0899879 0.0905833 0.0909429 0.091064 0.0909458 0.090589 0.0899965 0.0891726 0.0881235 0.0868568 0.0853818 0.0837092 0.0818511 0.0798205 0.0776318 0.0752999 0.0728408 0.0702707 0.0676065 0.064865 0.0620633 0.0592182 0.0563463 0.0534638 0.0505861 0.0477281 0.0449039 0.0421266 0.0394082 0.0367598 0.0341913 0.0317116 0.0293282 0.0270476 0.0248751 0.0228152 0.0208709 0.0190446 0.0173377 0.0157508 0.0142838 0.0129359 0.0117059 0.0105924 0.00959328 0.0087066 0.00793019 0.00726191 0.00669972 0.00624178 0.00588646 0.00563245 0.00547907 
0.00596313 0.00601365 0.00617293 0.00644191 0.00682168 0.00731367 0.00791963 0.00864158 0.00948171 0.0104423 0.0115256 0.0127339 0.0140691 0.0155328 0.0171263 0.0188502 0.0207045 0.0226884 0.0248003 0.0270376 0.0293967 0.0318726 0.0344595 0.0371502 0.0399363 0.0428082 0.045755 0.0487646 0.0518239 0.0549187 0.0580337 0.0611527 0.0642591 0.0673354 0.0703638 0.0733259 0.0762038 0.078979 0.0816336 0.0841502 0.0865118 0.0887022 0.0907064 0.0925101 0.0941007 0.0954668 0.0965985 0.0974875 0.0981275 0.0985138 0.0986436 0.0985159 0.0981316 0.0974938 0.0966069 0.0954777 0.0941142 0.0925264 0.0907256 0.0887247 0.0865378 0.0841799 0.0816673 0.0790168 0.076246 0.0733728 0.0704154 0.0673919 0.0643205 0.061219 0.0581047 0.0549945 0.0519043 0.0488493 0.0458436 0.0429005 0.0400319 0.0372486 0.0345601 0.0319749 0.0295001 0.0271416 0.0249041 0.0227913 0.0208058 0.0189493 0.0172225 0.0156255 0.0141576 0.0128177 0.011604 0.0105148 0.00954783 0.00870088 0.00797171 0.0073582 0.0068584 0.00647059 0.00619341 0.00602612 
0.00658413 0.00663983 0.00681478 0.00711001 0.00752665 0.00806622 0.00873057 0.00952183 0.0104423 0.0114944 0.0126804 0.0140027 0.0154633 0.0170638 0.0188054 0.0206886 0.0227134 0.0248786 0.0271825 0.0296218 0.0321926 0.0348894 0.0377057 0.0406336 0.0436638 0.0467857 0.0499875 0.053256 0.0565769 0.0599348 0.063313 0.0666943 0.0700603 0.0733924 0.0766712 0.0798772 0.0829907 0.0859922 0.0888624 0.0915824 0.0941342 0.0965004 0.0986648 0.100612 0.102329 0.103804 0.105025 0.105984 0.106674 0.10709 0.10723 0.107091 0.106676 0.105987 0.10503 0.10381 0.102338 0.100623 0.0986774 0.0965157 0.0941524 0.0916039 0.0888875 0.0860212 0.0830239 0.0799148 0.0767135 0.0734396 0.0701125 0.0667516 0.0633755 0.0600023 0.0566494 0.0533333 0.0500693 0.0468717 0.0437537 0.0407269 0.0378019 0.034988 0.0322928 0.0297231 0.0272842 0.02498 0.0228137 0.0207872 0.0189015 0.0171567 0.0155523 0.0140872 0.0127597 0.0115679 0.0105095 0.00958224 0.00878374 0.00811176 0.00756427 0.00713946 0.00683588 0.00665275 
0.00728586 0.0073474 0.00753999 0.00786473 0.00832281 0.00891585 0.00964581 0.0105149 0.0115256 0.0126804 0.0139818 0.0154321 0.0170333 0.0187872 0.0206948 0.0227567 0.0249724 0.0273407 0.0298593 0.0325248 0.0353324 0.0382763 0.041349 0.0445418 0.0478445 0.0512456 0.0547319 0.0582893 0.0619019 0.0655529 0.0692245 0.0728978 0.0765529 0.0801697 0.0837272 0.0872044 0.09058 0.093833 0.0969427 0.0998888 0.102652 0.105213 0.107555 0.109663 0.11152 0.113114 0.114435 0.115471 0.116217 0.116667 0.116817 0.116667 0.116217 0.115472 0.114435 0.113116 0.111522 0.109666 0.107561 0.10522 0.102661 0.0999009 0.096958 0.0938519 0.0906028 0.0872315 0.0837589 0.0802063 0.0765947 0.0729449 0.0692771 0.0656109 0.0619653 0.058358 0.0548058 0.0513243 0.0479277 0.0446291 0.0414398 0.0383702 0.0354287 0.0326228 0.0299584 0.0274401 0.0250713 0.0228543 0.0207905 0.0188801 0.0171226 0.0155171 0.0140619 0.0127549 0.0115939 0.0105764 0.00970004 0.00896241 0.00836134 0.00789496 0.00756171 0.0073608 
0.00807015 0.00813818 0.00835039 0.00870793 0.00921207 0.00986454 0.0106674 0.011623 0.0127339 0.0140027 0.0154321 0.0170243 0.0187816 0.0207056 0.0227972 0.0250569 0.0274841 0.0300772 0.0328335 0.0357491 0.0388186 0.0420354 0.0453914 0.0488768 0.0524803 0.0561894 0.0599895 0.0638652 0.0677992 0.0717732 0.0757678 0.0797624 0.0837356 0.0876654 0.0915293 0.0953044 0.098968 0.102497 0.10587 0.109064 0.112059 0.114834 0.117372 0.119654 0.121665 0.123391 0.12482 0.125942 0.126749 0.127235 0.127397 0.127234 0.126747 0.125939 0.124816 0.123387 0.121661 0.11965 0.117368 0.114832 0.112058 0.109066 0.105874 0.102505 0.0989791 0.0953197 0.091549 0.0876901 0.0837655 0.0797979 0.075809 0.0718203 0.0678522 0.0639241 0.0600542 0.0562595 0.0525557 0.048957 0.0454759 0.0421238 0.0389101 0.035843 0.0329292 0.0301739 0.027581 0.0251532 0.022892 0.020798 0.0188709 0.0171097 0.0155128 0.014078 0.0128031 0.0116855 0.0107226 0.00991207 0.0092515 0.00873894 0.00837275 0.00815208 
0.00893868 0.00901389 0.00924771 0.00964137 0.0101962 0.0109141 0.0117972 0.012848 0.0140691 0.0154633 0.0170333 0.0187816 0.0207103 0.022821 0.0251147 0.0275915 0.0302506 0.0330901 0.0361069 0.0392964 0.0426527 0.0461683 0.0498341 0.0536394 0.0575717 0.0616171 0.06576 0.069983 0.0742676 0.0785939 0.0829404 0.0872851 0.0916046 0.0958752 0.100072 0.104172 0.108148 0.111978 0.115636 0.1191 0.122346 0.125354 0.128103 0.130575 0.132753 0.134622 0.136169 0.137383 0.138256 0.138782 0.138957 0.13878 0.138252 0.137376 0.13616 0.134612 0.132742 0.130563 0.128091 0.125342 0.122335 0.11909 0.115628 0.111973 0.108147 0.104174 0.100079 0.0958866 0.0916214 0.0873076 0.082969 0.0786287 0.0743089 0.0700307 0.065814 0.0616775 0.057638 0.0537113 0.0499112 0.0462501 0.0427385 0.0393855 0.0361985 0.0331835 0.0303449 0.0276858 0.0252081 0.0229126 0.0207992 0.018867 0.0171143 0.0155392 0.014139 0.0129113 0.0118533 0.0109625 0.0102365 0.00967314 0.00927069 0.00902829 
0.009893 0.00997604 0.0102335 0.0106666 0.0112769 0.0120662 0.0130368 0.0141914 0.0155328 0.0170638 0.0187872 0.0207056 0.022821 0.0251351 0.0276487 0.0303618 0.0332732 0.0363807 0.0396805 0.0431676 0.0468353 0.0506751 0.0546769 0.058829 0.0631176 0.0675274 0.0720411 0.0766401 0.0813039 0.0860108 0.0907377 0.0954605 0.100154 0.104792 0.109349 0.113798 0.118112 0.122265 0.126231 0.129984 0.133502 0.136759 0.139736 0.142413 0.14477 0.146792 0.148466 0.149779 0.150723 0.151292 0.15148 0.151288 0.150716 0.149768 0.148452 0.146775 0.144751 0.142392 0.139714 0.136736 0.133478 0.129962 0.126209 0.122246 0.118096 0.113785 0.109341 0.104789 0.100156 0.0954685 0.0907521 0.0860319 0.0813319 0.0766752 0.0720833 0.0675765 0.0631736 0.0588914 0.0547454 0.0507491 0.0469142 0.0432508 0.0397671 0.0364699 0.0333641 0.0304534 0.0277401 0.0252253 0.0229091 0.0207906 0.0188682 0.0171399 0.0156033 0.0142554 0.0130937 0.0121154 0.0113179 0.0106991 0.0102571 0.00999096 
0.0109343 0.0110259 0.011309 0.0117849 0.0124552 0.0133219 0.0143875 0.0156546 0.0171263 0.0188054 0.0206948 0.0227972 0.0251147 0.0276487 0.0304 0.0333683 0.0365522 0.0399489 0.0435541 0.0473621 0.0513652 0.0555543 0.0599179 0.0644432 0.069115 0.0739164 0.0788287 0.0838313 0.0889021 0.0940174 0.0991521 0.10428 0.109374 0.114406 0.119348 0.12417 0.128845 0.133344 0.137638 0.141702 0.145508 0.149033 0.152253 0.155147 0.157696 0.159882 0.16169 0.16311 0.164129 0.164743 0.164946 0.164738 0.164119 0.163094 0.161671 0.159858 0.157668 0.155116 0.15222 0.148998 0.145472 0.141666 0.137603 0.13331 0.128813 0.124142 0.119323 0.114386 0.10936 0.104272 0.0991508 0.0940232 0.0889154 0.0838523 0.0788575 0.073953 0.0691592 0.0644948 0.0599766 0.0556194 0.0514363 0.0474383 0.0436347 0.040033 0.0366389 0.0334566 0.0304888 0.027737 0.0252014 0.0228814 0.0207755 0.0188815 0.017197 0.0157191 0.014445 0.0133718 0.0124969 0.011818 0.0113331 0.0110413 
0.0120636 0.0121644 0.0124751 0.0129971 0.0137322 0.0146823 0.0158501 0.0172383 0.0188502 0.0206886 0.0227567 0.0250569 0.0275915 0.0303618 0.0333683 0.0366106 0.0400867 0.0437935 0.047726 0.0518776 0.05624 0.0608027 0.0655534 0.0704775 0.0755586 0.0807782 0.0861157 0.0915489 0.0970536 0.102604 0.108173 0.113732 0.119252 0.124703 0.130053 0.135273 0.140331 0.145196 0.14984 0.154232 0.158345 0.162153 0.16563 0.168755 0.171506 0.173865 0.175817 0.177348 0.178448 0.17911 0.179328 0.179103 0.178435 0.177328 0.175791 0.173834 0.171469 0.168714 0.165585 0.162105 0.158295 0.154181 0.149789 0.145146 0.140282 0.135227 0.130011 0.124665 0.11922 0.113707 0.108154 0.102593 0.0970506 0.0915543 0.0861297 0.0808008 0.0755897 0.070517 0.0656009 0.0608578 0.056302 0.0519458 0.0477996 0.0438716 0.0401683 0.0366947 0.0334538 0.0304475 0.0276763 0.0251398 0.0228365 0.0207643 0.0189208 0.017303 0.0159079 0.0147326 0.0137744 0.0130308 0.0124997 0.0121803 
0.0132812 0.0133919 0.0137322 0.0143037 0.0151081 0.0161475 0.0174247 0.0189426 0.0207045 0.0227134 0.0249724 0.0274841 0.0302506 0.0332732 0.0365522 0.0400867 0.0438745 0.0479117 0.0521929 0.0567105 0.0614551 0.0664152 0.0715771 0.076925 0.0824407 0.088104 0.0938926 0.0997821 0.105746 0.111757 0.117786 0.123801 0.129771 0.135664 0.141447 0.147085 0.152547 0.1578 0.162811 0.167549 0.171985 0.17609 0.179839 0.183206 0.186171 0.188712 0.190814 0.192463 0.193647 0.19436 0.194595 0.194351 0.193631 0.192438 0.190782 0.188673 0.186124 0.183154 0.179782 0.176029 0.17192 0.167482 0.162743 0.157732 0.152481 0.147021 0.141386 0.135608 0.129721 0.123757 0.117749 0.111728 0.105726 0.0997704 0.0938902 0.0881111 0.0824573 0.0769509 0.0716121 0.0664588 0.0615067 0.0567694 0.0522583 0.0479828 0.0439501 0.0401657 0.0366335 0.0333556 0.0303329 0.027565 0.0250508 0.0227882 0.0207746 0.0190071 0.0174826 0.0161981 0.0151507 0.0143378 0.0137573 0.0134083 
0.0145873 0.0147085 0.0150804 0.0157045 0.0165827 0.0177173 0.019111 0.020767 0.0226884 0.0248786 0.0273407 0.0300772 0.0330901 0.0363807 0.0399489 0.0437935 0.0479117 0.0522992 0.0569497 0.0618547 0.0670038 0.0723842 0.0779808 0.0837762 0.0897507 0.0958822 0.102146 0.108517 0.114965 0.121461 0.127973 0.134467 0.140911 0.147268 0.153504 0.159582 0.165468 0.171126 0.176522 0.181623 0.186397 0.190814 0.194846 0.198467 0.201654 0.204386 0.206646 0.208417 0.20969 0.210454 0.210707 0.210444 0.209669 0.208387 0.206606 0.204338 0.201598 0.198404 0.194776 0.190738 0.186317 0.181539 0.176437 0.17104 0.165382 0.159498 0.153423 0.147192 0.14084 0.134403 0.127915 0.121412 0.114925 0.108486 0.102126 0.0958723 0.0897512 0.0837871 0.0780018 0.072415 0.0670438 0.0619032 0.0570058 0.0523621 0.0479802 0.0438664 0.0400251 0.0364589 0.0331691 0.0301556 0.0274172 0.0249521 0.0227577 0.0208309 0.0191687 0.0177679 0.0166255 0.0157389 0.0151058 0.0147253 
0.0159811 0.0161135 0.0165188 0.0171988 0.0181553 0.0193907 0.0209078 0.0227099 0.0248003 0.0271825 0.0298593 0.0328335 0.0361069 0.0396805 0.0435541 0.047726 0.0521929 0.0569497 0.0619893 0.0673023 0.072877 0.0786995 0.0847531 0.0910188 0.0974751 0.104098 0.110861 0.117735 0.12469 0.131694 0.138711 0.145707 0.152645 0.159488 0.166196 0.172733 0.179061 0.185142 0.190939 0.196417 0.201543 0.206284 0.210611 0.214497 0.217915 0.220845 0.223268 0.225167 0.226531 0.22735 0.22762 0.227338 0.226507 0.225132 0.223221 0.220788 0.217848 0.214421 0.210527 0.206194 0.201447 0.196316 0.190835 0.185036 0.178955 0.172629 0.166094 0.159389 0.152552 0.145621 0.138632 0.131623 0.124629 0.117684 0.110821 0.104069 0.097458 0.0910132 0.0847588 0.0787161 0.0729041 0.067339 0.0620349 0.0570032 0.0522532 0.0477919 0.0436243 0.0397538 0.0361818 0.0329086 0.0299333 0.027254 0.0248682 0.022773 0.020965 0.019441 0.018198 0.0172333 0.0165446 0.0161307 
0.0174613 0.0176056 0.0180463 0.0187852 0.0198242 0.0211658 0.0228131 0.0247692 0.0270376 0.0296218 0.0325248 0.0357491 0.0392964 0.0431676 0.0473621 0.0518776 0.0567105 0.0618547 0.0673023 0.0730428 0.0790633 0.0853485 0.0918801 0.0986373 0.105597 0.112732 0.120016 0.127415 0.134899 0.142431 0.149975 0.157492 0.164944 0.17229 0.17949 0.186504 0.193289 0.199808 0.206021 0.21189 0.21738 0.222457 0.227089 0.231247 0.234905 0.23804 0.240631 0.242662 0.244121 0.244996 0.245284 0.244982 0.244093 0.242621 0.240577 0.237973 0.234827 0.231159 0.226991 0.222351 0.217267 0.211771 0.205897 0.199682 0.193162 0.186377 0.179366 0.172169 0.164828 0.157383 0.149873 0.142338 0.134816 0.127343 0.119955 0.112684 0.105561 0.0986138 0.091869 0.0853495 0.079076 0.0730665 0.0673361 0.0618977 0.0567615 0.0519355 0.0474254 0.043235 0.0393664 0.0358201 0.0325955 0.0296909 0.0271036 0.0248309 0.0228693 0.0212156 0.0198667 0.0188196 0.0180722 0.0176231 
0.0190261 0.0191829 0.0196607 0.0204614 0.0215871 0.0230402 0.0248239 0.0269416 0.0293967 0.0321926 0.0353324 0.0388186 0.0426527 0.0468353 0.0513652 0.05624 0.0614551 0.0670038 0.072877 0.0790633 0.0855485 0.0923155 0.0993446 0.106613 0.114096 0.121764 0.129587 0.137532 0.145564 0.153643 0.161732 0.169789 0.177773 0.18564 0.193347 0.200852 0.20811 0.215081 0.221722 0.227994 0.233859 0.239281 0.244227 0.248666 0.25257 0.255915 0.25868 0.260846 0.262402 0.263336 0.263642 0.26332 0.26237 0.260799 0.258618 0.255839 0.252481 0.248564 0.244114 0.239159 0.233728 0.227856 0.221578 0.214933 0.207961 0.200702 0.193199 0.185495 0.177632 0.169655 0.161606 0.153526 0.145457 0.137437 0.129505 0.121694 0.114039 0.10657 0.0993153 0.0922996 0.0855455 0.0790727 0.0728979 0.0670351 0.0614958 0.0562888 0.0514206 0.0468958 0.042717 0.0388849 0.0353993 0.0322585 0.0294602 0.0270014 0.0248788 0.0230891 0.021629 0.0204956 0.0196865 0.0192006 
0.0206726 0.0208424 0.0213591 0.0222244 0.0234406 0.0250102 0.0269365 0.0292227 0.0318726 0.0348894 0.0382763 0.0420354 0.0461683 0.0506751 0.0555543 0.0608027 0.0664152 0.0723842 0.0786995 0.0853485 0.0923155 0.099582 0.107126 0.114924 0.122948 0.131167 0.139549 0.148057 0.156653 0.165297 0.173948 0.18256 0.191091 0.199494 0.207723 0.215732 0.223476 0.23091 0.23799 0.244675 0.250924 0.2567 0.261968 0.266694 0.27085 0.27441 0.277351 0.279657 0.281311 0.282305 0.28263 0.282287 0.281276 0.279604 0.277282 0.274324 0.270749 0.266579 0.26184 0.256561 0.250775 0.244518 0.237826 0.230741 0.223304 0.215558 0.20755 0.199324 0.190925 0.182401 0.173796 0.165155 0.156521 0.147937 0.139442 0.131074 0.12287 0.114861 0.107078 0.0995478 0.0922955 0.0853422 0.0787061 0.0724026 0.0664444 0.0608413 0.0556007 0.0507279 0.046226 0.0420962 0.0383386 0.0349516 0.0319332 0.0292803 0.0269896 0.0250579 0.0234817 0.0222582 0.0213848 0.0208604 
0.0223973 0.0225808 0.0231378 0.0240704 0.0253807 0.0270714 0.0291458 0.0316073 0.0344595 0.0377057 0.041349 0.0453914 0.0498341 0.0546769 0.0599179 0.0655534 0.0715771 0.0779808 0.0847531 0.0918801 0.0993446 0.107126 0.115202 0.123545 0.132126 0.140912 0.149868 0.158954 0.168131 0.177355 0.186581 0.195763 0.204854 0.213805 0.222567 0.231093 0.239332 0.24724 0.254769 0.261875 0.268516 0.274652 0.280246 0.285265 0.289677 0.293456 0.296578 0.299025 0.30078 0.301834 0.302179 0.301814 0.300741 0.298966 0.296501 0.293361 0.289565 0.285137 0.280103 0.274496 0.268348 0.261697 0.254583 0.247048 0.239137 0.230895 0.22237 0.213609 0.204662 0.195578 0.186403 0.177186 0.167973 0.158809 0.149736 0.140796 0.132025 0.12346 0.115133 0.107073 0.0993064 0.0918569 0.0847443 0.0779852 0.0715937 0.0655806 0.0599545 0.0547211 0.0498843 0.0454458 0.0414059 0.0377635 0.0345165 0.031662 0.0291968 0.0271175 0.0254207 0.0241035 0.0231633 0.0225989 
0.0241958 0.0243934 0.0249922 0.0259945 0.0274022 0.0292184 0.031446 0.0340888 0.0371502 0.0406336 0.0445418 0.0488768 0.0536394 0.058829 0.0644432 0.0704775 0.076925 0.0837762 0.0910188 0.0986373 0.106613 0.114924 0.123545 0.132448 0.1416 0.150967 0.16051 0.170188 0.179958 0.189773 0.199588 0.209351 0.219013 0.228522 0.237827 0.246878 0.255622 0.26401 0.271994 0.279528 0.286566 0.293068 0.298994 0.304309 0.308981 0.312981 0.316286 0.318875 0.320733 0.321847 0.322212 0.321825 0.320689 0.31881 0.316201 0.312876 0.308857 0.304167 0.298836 0.292895 0.28638 0.27933 0.271787 0.263796 0.255402 0.246655 0.237604 0.2283 0.218794 0.209138 0.199382 0.189578 0.179773 0.170016 0.160352 0.150825 0.141475 0.132339 0.123454 0.11485 0.106555 0.0985961 0.0909933 0.0837655 0.0769278 0.0704925 0.0644688 0.0588636 0.0536812 0.048924 0.0445927 0.0406863 0.0372031 0.0341402 0.0314944 0.0292624 0.0274409 0.0260267 0.0250173 0.0244116 
0.0260628 0.0262749 0.0269169 0.0279909 0.0294992 0.0314445 0.0338301 0.0366595 0.0399363 0.0436638 0.0478445 0.0524803 0.0575717 0.0631176 0.069115 0.0755586 0.0824407 0.0897507 0.0974751 0.105597 0.114096 0.122948 0.132126 0.1416 0.151335 0.161294 0.171435 0.181716 0.192089 0.202507 0.212918 0.223271 0.233513 0.243588 0.253444 0.263026 0.27228 0.281155 0.289599 0.297564 0.305004 0.311875 0.318135 0.323749 0.328683 0.332907 0.336395 0.339128 0.341089 0.342265 0.34265 0.342241 0.341041 0.339058 0.336302 0.332792 0.328547 0.323594 0.317962 0.311685 0.304799 0.297347 0.289371 0.280918 0.272036 0.262778 0.253194 0.243339 0.233267 0.223031 0.212685 0.202283 0.191877 0.181517 0.171251 0.161126 0.151184 0.141467 0.132011 0.122851 0.114017 0.105536 0.0974318 0.0897238 0.0824288 0.0755603 0.0691287 0.0631417 0.0576044 0.0525197 0.0478887 0.0437108 0.0399845 0.036707 0.0338754 0.0314862 0.0295361 0.0280221 0.0269414 0.0262931 
0.027992 0.028219 0.0289053 0.0300531 0.0316644 0.0337422 0.0362898 0.0393106 0.0428082 0.0467857 0.0512456 0.0561894 0.0616171 0.0675274 0.0739164 0.0807782 0.088104 0.0958822 0.104098 0.112732 0.121764 0.131167 0.140912 0.150967 0.161294 0.171853 0.182602 0.193493 0.204477 0.215504 0.22652 0.237469 0.248295 0.258943 0.269353 0.279471 0.289239 0.298604 0.307511 0.31591 0.323753 0.330994 0.337591 0.343505 0.348701 0.353149 0.356822 0.359699 0.361762 0.363 0.363405 0.362974 0.361711 0.359622 0.356721 0.353024 0.348554 0.343336 0.337402 0.330787 0.32353 0.315673 0.307261 0.298343 0.288971 0.279198 0.269077 0.258667 0.248022 0.2372 0.226258 0.215252 0.204237 0.193266 0.18239 0.171658 0.161116 0.150808 0.140773 0.131048 0.121664 0.112652 0.104036 0.095838 0.0880763 0.0807656 0.0739173 0.0675401 0.0616398 0.05622 0.0512822 0.0468264 0.0428511 0.0393538 0.0363317 0.0337813 0.0316994 0.0300829 0.0289293 0.0282372 
0.0299764 0.0302188 0.0309503 0.0321733 0.03389 0.0361031 0.038816 0.0420322 0.045755 0.0499875 0.0547319 0.0599895 0.06576 0.0720411 0.0788287 0.0861157 0.0938926 0.102146 0.110861 0.120016 0.129587 0.139549 0.149868 0.16051 0.171435 0.182602 0.193963 0.20547 0.217071 0.228712 0.240335 0.251884 0.263299 0.27452 0.285488 0.296143 0.306427 0.316282 0.325653 0.334487 0.342733 0.350344 0.357277 0.36349 0.368948 0.37362 0.377477 0.380497 0.382664 0.383963 0.384387 0.383935 0.382608 0.380415 0.377368 0.373486 0.36879 0.363308 0.357073 0.350121 0.342491 0.334229 0.325381 0.315999 0.306135 0.295845 0.285186 0.274217 0.262997 0.251587 0.240045 0.22843 0.216801 0.205214 0.193723 0.182379 0.171231 0.160325 0.149704 0.139405 0.129465 0.119914 0.110779 0.102084 0.0938482 0.086088 0.078816 0.0720417 0.0657719 0.0600108 0.0547605 0.0500212 0.045792 0.0420706 0.038854 0.0361392 0.0339228 0.0322017 0.0309734 0.0302368 
0.032008 0.032266 0.0330436 0.0343432 0.0361669 0.0385176 0.0413985 0.0448131 0.0487646 0.053256 0.0582893 0.0638652 0.069983 0.0766401 0.0838313 0.0915489 0.0997821 0.108517 0.117735 0.127415 0.137532 0.148057 0.158954 0.170188 0.181716 0.193493 0.20547 0.217596 0.229816 0.242072 0.254305 0.266454 0.278458 0.290253 0.301778 0.312969 0.323767 0.334111 0.343944 0.353211 0.361858 0.369838 0.377104 0.383615 0.389334 0.394228 0.398268 0.401431 0.403699 0.40506 0.405504 0.40503 0.40364 0.401343 0.398152 0.394084 0.389165 0.383421 0.376886 0.369598 0.361599 0.352933 0.343652 0.333806 0.323451 0.312646 0.301449 0.289922 0.278128 0.266128 0.253985 0.241761 0.229517 0.217311 0.205201 0.193241 0.181484 0.169976 0.158764 0.147889 0.137387 0.127292 0.117633 0.108435 0.0997203 0.0915053 0.0838042 0.0766278 0.0699835 0.0638763 0.058309 0.0532823 0.0487953 0.0448462 0.0414322 0.0385503 0.0361972 0.0343698 0.0330658 0.0322838 
0.034078 0.0343519 0.0351762 0.0365532 0.0384852 0.0409751 0.0440259 0.0476412 0.0518239 0.0565769 0.0619019 0.0677992 0.0742676 0.0813039 0.0889021 0.0970536 0.105746 0.114965 0.12469 0.134899 0.145564 0.156653 0.168131 0.179958 0.192089 0.204477 0.217071 0.229816 0.242653 0.255524 0.268364 0.281112 0.293702 0.306069 0.318147 0.329872 0.341181 0.35201 0.362302 0.371997 0.381042 0.389387 0.396984 0.403789 0.409766 0.414879 0.419099 0.422403 0.424773 0.426193 0.426657 0.426162 0.42471 0.422311 0.418976 0.414727 0.409586 0.403583 0.396752 0.389132 0.380766 0.371701 0.361988 0.351683 0.340841 0.329524 0.317793 0.305711 0.293345 0.280758 0.268016 0.255183 0.242325 0.229501 0.216773 0.204197 0.191829 0.179719 0.167915 0.15646 0.145394 0.134753 0.124567 0.114864 0.105666 0.0969933 0.08886 0.081278 0.074256 0.0677997 0.0619123 0.0565952 0.0518478 0.0476686 0.044055 0.0410041 0.0385127 0.036578 0.0351972 0.0343694 
0.0361769 0.0364667 0.037338 0.0387931 0.0408342 0.0434642 0.0466861 0.0505033 0.0549187 0.0599348 0.0655529 0.0717732 0.0785939 0.0860108 0.0940174 0.102604 0.111757 0.121461 0.131694 0.142431 0.153643 0.165297 0.177355 0.189773 0.202507 0.215504 0.228712 0.242072 0.255524 0.269004 0.282449 0.29579 0.308961 0.321894 0.33452 0.346773 0.358586 0.369895 0.380639 0.390758 0.400195 0.408899 0.416821 0.423917 0.430147 0.435476 0.439874 0.443317 0.445785 0.447265 0.447748 0.447232 0.44572 0.443219 0.439744 0.435315 0.429957 0.423699 0.416576 0.408629 0.399902 0.390443 0.380306 0.369546 0.358224 0.3464 0.33414 0.32151 0.308576 0.295407 0.282071 0.268635 0.255166 0.241728 0.228384 0.215195 0.202218 0.189507 0.177112 0.165079 0.153449 0.142262 0.131549 0.12134 0.111659 0.102527 0.0939596 0.0859708 0.0785696 0.0717625 0.0655536 0.0599445 0.0549353 0.0505246 0.0467102 0.0434893 0.0408588 0.0388158 0.0373578 0.0364839 
0.0382943 0.0386002 0.0395186 0.0410519 0.0432024 0.0459727 0.049366 0.0533854 0.0580337 0.063313 0.0692245 0.0757678 0.0829404 0.0907377 0.0991521 0.108173 0.117786 0.127973 0.138711 0.149975 0.161732 0.173948 0.186581 0.199588 0.212918 0.22652 0.240335 0.254305 0.268364 0.282449 0.296489 0.310417 0.324161 0.337652 0.350818 0.36359 0.3759 0.387681 0.398869 0.409403 0.419225 0.428282 0.436523 0.443903 0.450381 0.455921 0.460493 0.464072 0.466637 0.468175 0.468677 0.468141 0.466568 0.463969 0.460357 0.455753 0.450181 0.443673 0.436265 0.427997 0.418915 0.40907 0.398516 0.387311 0.375515 0.363194 0.350413 0.337242 0.32375 0.310006 0.296083 0.282051 0.267977 0.253931 0.239979 0.226182 0.212601 0.199294 0.186311 0.173703 0.161513 0.149782 0.138544 0.127831 0.117668 0.108078 0.0990782 0.0906831 0.082903 0.0757454 0.0692149 0.0633138 0.0580426 0.0534003 0.0493848 0.0459936 0.0432237 0.0410723 0.039537 0.0386169 
0.0404192 0.040741 0.0417064 0.0433178 0.0455773 0.0484876 0.0520517 0.0562725 0.0611527 0.0666943 0.0728978 0.0797624 0.0872851 0.0954605 0.10428 0.113732 0.123801 0.134467 0.145707 0.157492 0.169789 0.18256 0.195763 0.209351 0.223271 0.237469 0.251884 0.266454 0.281112 0.29579 0.310417 0.324921 0.339228 0.353266 0.366961 0.380242 0.393037 0.405279 0.416902 0.427842 0.43804 0.44744 0.455993 0.463649 0.470369 0.476116 0.480857 0.484568 0.487228 0.488822 0.489343 0.488786 0.487156 0.484461 0.480715 0.47594 0.470161 0.463409 0.455722 0.447142 0.437715 0.427493 0.416531 0.40489 0.392632 0.379823 0.366533 0.352831 0.33879 0.324483 0.309983 0.295364 0.280696 0.266052 0.251499 0.237103 0.222926 0.209029 0.195467 0.18229 0.169546 0.157276 0.145518 0.134305 0.123664 0.113619 0.10419 0.0953908 0.0872342 0.079728 0.0728775 0.0666858 0.0611537 0.0562807 0.0520649 0.048504 0.0455952 0.0433358 0.0417235 0.0407573 
0.0425399 0.0428777 0.0438897 0.0455785 0.0479461 0.0509952 0.0547286 0.0591491 0.0642591 0.0700603 0.0765529 0.0837356 0.0916046 0.100154 0.109374 0.119252 0.129771 0.140911 0.152645 0.164944 0.177773 0.191091 0.204854 0.219013 0.233513 0.248295 0.263299 0.278458 0.293702 0.308961 0.324161 0.339228 0.354085 0.368657 0.382868 0.396645 0.409914 0.422605 0.43465 0.445984 0.456547 0.466281 0.475135 0.483061 0.490015 0.495961 0.500867 0.504705 0.507457 0.509106 0.509644 0.509069 0.507382 0.504594 0.50072 0.495779 0.489799 0.482811 0.474854 0.46597 0.456208 0.445619 0.434262 0.422196 0.409488 0.396205 0.382417 0.368198 0.353622 0.338764 0.323701 0.308507 0.293258 0.278027 0.262885 0.247901 0.23314 0.218664 0.204531 0.190795 0.177504 0.164704 0.152433 0.140727 0.129614 0.119121 0.109267 0.100069 0.09154 0.0836889 0.0765218 0.0700424 0.0642519 0.0591503 0.0547361 0.051007 0.0479605 0.045594 0.0439052 0.0428934 
0.0446444 0.0449979 0.046056 0.0478211 0.0502954 0.0534813 0.0573816 0.0619989 0.0673354 0.0733924 0.0801697 0.0876654 0.0958752 0.104792 0.114406 0.124703 0.135664 0.147268 0.159488 0.17229 0.18564 0.199494 0.213805 0.228522 0.243588 0.258943 0.27452 0.290253 0.306069 0.321894 0.337652 0.353266 0.368657 0.383748 0.39846 0.412717 0.426444 0.439569 0.452023 0.463739 0.474654 0.484711 0.493857 0.502041 0.509222 0.51536 0.520424 0.524386 0.527225 0.528927 0.529483 0.528889 0.527149 0.524271 0.520272 0.515172 0.508998 0.501783 0.493565 0.484389 0.474302 0.463359 0.451619 0.439143 0.425999 0.412256 0.397986 0.383265 0.36817 0.352777 0.337165 0.321413 0.305598 0.289795 0.274079 0.25852 0.243188 0.228146 0.213455 0.199172 0.185347 0.172027 0.159253 0.147063 0.135487 0.124553 0.114282 0.104692 0.0957967 0.0876062 0.0801275 0.0733647 0.0673199 0.061993 0.0573832 0.0534883 0.0503061 0.047834 0.0460699 0.045013 
0.0467203 0.0470891 0.0481924 0.0500324 0.0526112 0.0559313 0.0599952 0.0648054 0.0703638 0.0766712 0.0837272 0.0915293 0.100072 0.109349 0.119348 0.130053 0.141447 0.153504 0.166196 0.17949 0.193347 0.207723 0.222567 0.237827 0.253444 0.269353 0.285488 0.301778 0.318147 0.33452 0.350818 0.366961 0.382868 0.39846 0.413655 0.428375 0.442544 0.456088 0.468935 0.481017 0.492272 0.502639 0.512064 0.520497 0.527894 0.534217 0.539432 0.543512 0.546436 0.548189 0.548761 0.548149 0.546357 0.543394 0.539276 0.534023 0.527663 0.52023 0.511762 0.502305 0.491907 0.480624 0.468516 0.455645 0.442081 0.427895 0.413161 0.397955 0.382358 0.366448 0.350307 0.334014 0.31765 0.301293 0.28502 0.268904 0.253017 0.237425 0.222192 0.207376 0.19303 0.179204 0.16594 0.153278 0.14125 0.129885 0.119207 0.109233 0.09998 0.0914576 0.0836739 0.0766338 0.0703397 0.0647923 0.0599908 0.0559335 0.0526182 0.0500426 0.0482046 0.0471037 
0.0487547 0.0491386 0.0502858 0.0521988 0.0548796 0.0583303 0.0625536 0.0675516 0.0733259 0.0798772 0.0872044 0.0953044 0.104172 0.113798 0.12417 0.135273 0.147085 0.159582 0.172733 0.186504 0.200852 0.215732 0.231093 0.246878 0.263026 0.279471 0.296143 0.312969 0.329872 0.346773 0.36359 0.380242 0.396645 0.412717 0.428375 0.44354 0.458132 0.472076 0.485299 0.497732 0.50931 0.519973 0.529665 0.538335 0.54594 0.552438 0.557798 0.561991 0.564995 0.566796 0.567384 0.566755 0.564914 0.56187 0.557637 0.552239 0.545703 0.538061 0.529355 0.51963 0.508935 0.497327 0.484866 0.471618 0.457652 0.443042 0.427862 0.412192 0.396113 0.379706 0.363055 0.346242 0.32935 0.312459 0.295649 0.278996 0.262573 0.24645 0.230692 0.215361 0.200511 0.186194 0.172456 0.159336 0.14687 0.135087 0.124013 0.113667 0.104065 0.0952203 0.08714 0.07983 0.0732934 0.0675313 0.0625431 0.0583276 0.0548827 0.0522063 0.0502964 0.0491524 
0.0507347 0.0511332 0.052323 0.0543067 0.0570861 0.0606634 0.0650408 0.0702205 0.0762038 0.0829907 0.09058 0.098968 0.108148 0.118112 0.128845 0.140331 0.152547 0.165468 0.179061 0.193289 0.20811 0.223476 0.239332 0.255622 0.27228 0.289239 0.306427 0.323767 0.341181 0.358586 0.3759 0.393037 0.409914 0.426444 0.442544 0.458132 0.473127 0.487452 0.501033 0.513799 0.525685 0.536628 0.546573 0.555469 0.563269 0.569934 0.57543 0.57973 0.58281 0.584657 0.58526 0.584615 0.582728 0.579606 0.575267 0.56973 0.563026 0.555188 0.546256 0.536276 0.525299 0.513382 0.500587 0.48698 0.472632 0.457617 0.442013 0.4259 0.409361 0.39248 0.375342 0.358032 0.340634 0.323232 0.305908 0.288739 0.271803 0.25517 0.238908 0.223081 0.207747 0.192958 0.178762 0.165202 0.152313 0.140127 0.128671 0.117966 0.108028 0.0988715 0.0905046 0.0829338 0.0761628 0.070193 0.0650243 0.0606558 0.0570855 0.0543115 0.0523319 0.0511464 
0.0526475 0.0530599 0.0542908 0.0563424 0.0592166 0.0629154 0.067441 0.0727951 0.078979 0.0859922 0.093833 0.102497 0.111978 0.122265 0.133344 0.145196 0.1578 0.171126 0.185142 0.199808 0.215081 0.23091 0.24724 0.26401 0.281155 0.298604 0.316282 0.334111 0.35201 0.369895 0.387681 0.405279 0.422605 0.439569 0.456088 0.472076 0.487452 0.502137 0.516056 0.529136 0.541312 0.55252 0.562704 0.571811 0.579796 0.586618 0.592243 0.596643 0.599795 0.601684 0.602301 0.601642 0.599711 0.596517 0.592076 0.58641 0.579549 0.571525 0.56238 0.55216 0.540917 0.528709 0.515599 0.501653 0.486943 0.471546 0.45554 0.439008 0.422033 0.404702 0.387102 0.369319 0.351441 0.333554 0.315739 0.29808 0.280654 0.263534 0.246792 0.230492 0.214695 0.199455 0.184822 0.17084 0.157547 0.144976 0.133154 0.122104 0.111845 0.102389 0.0937469 0.0859258 0.0789297 0.0727605 0.0674185 0.0629029 0.0592122 0.0563445 0.054298 0.0530725 
0.0544802 0.054906 0.0561759 0.0582923 0.0612569 0.0650715 0.0697383 0.0752587 0.0816336 0.0888624 0.0969427 0.10587 0.115636 0.126231 0.137638 0.14984 0.162811 0.176522 0.190939 0.206021 0.221722 0.23799 0.254769 0.271994 0.289599 0.307511 0.325653 0.343944 0.362302 0.380639 0.398869 0.416902 0.43465 0.452023 0.468935 0.485299 0.501033 0.516056 0.530291 0.543666 0.556114 0.567569 0.577976 0.587282 0.595439 0.602408 0.608153 0.612647 0.615866 0.617795 0.618425 0.617753 0.615781 0.612519 0.607984 0.602197 0.595188 0.586991 0.577647 0.567202 0.555711 0.54323 0.529824 0.51556 0.500511 0.484755 0.468372 0.451445 0.43406 0.416306 0.39827 0.380043 0.361712 0.343365 0.325088 0.306965 0.289076 0.271496 0.254299 0.237551 0.221315 0.205648 0.1906 0.176218 0.16254 0.149603 0.137433 0.126056 0.11549 0.10575 0.0968461 0.0887867 0.0815763 0.0752172 0.06971 0.0650543 0.0612488 0.0582917 0.0561815 0.0549179 
0.0562203 0.0566588 0.0579656 0.0601432 0.0631931 0.0671173 0.0719174 0.0775949 0.0841502 0.0915824 0.0998888 0.109064 0.1191 0.129984 0.141702 0.154232 0.167549 0.181623 0.196417 0.21189 0.227994 0.244675 0.261875 0.279528 0.297564 0.31591 0.334487 0.353211 0.371997 0.390758 0.409403 0.427842 0.445984 0.463739 0.481017 0.497732 0.513799 0.529136 0.543666 0.557316 0.570015 0.581701 0.592315 0.601805 0.610122 0.617227 0.623083 0.627664 0.630945 0.632912 0.633554 0.632869 0.630859 0.627535 0.622912 0.617013 0.609867 0.601509 0.59198 0.581328 0.569605 0.556871 0.54319 0.52863 0.513266 0.497175 0.48044 0.463146 0.445379 0.427229 0.408786 0.390142 0.371388 0.352611 0.333902 0.315344 0.29702 0.279009 0.261384 0.244216 0.227567 0.211498 0.19606 0.181301 0.167262 0.153979 0.141482 0.129796 0.118941 0.108933 0.0997821 0.0914979 0.0840851 0.0775466 0.0718835 0.0670955 0.0631815 0.06014 0.0579695 0.05667 
0.0578556 0.0583059 0.0596473 0.0618822 0.065012 0.0690385 0.0739634 0.0797878 0.0865118 0.0941342 0.102652 0.112059 0.122346 0.133502 0.145508 0.158345 0.171985 0.186397 0.201543 0.21738 0.233859 0.250924 0.268516 0.286566 0.305004 0.323753 0.342733 0.361858 0.381042 0.400195 0.419225 0.43804 0.456547 0.474654 0.492272 0.50931 0.525685 0.541312 0.556114 0.570015 0.582947 0.594845 0.60565 0.615308 0.623773 0.631002 0.636961 0.641621 0.64496 0.646961 0.647614 0.646917 0.644873 0.641491 0.636788 0.630786 0.623515 0.615009 0.60531 0.594467 0.582531 0.569564 0.555629 0.540796 0.525141 0.508742 0.491682 0.474048 0.455927 0.437411 0.418592 0.399563 0.380415 0.361241 0.342129 0.323168 0.30444 0.286028 0.268006 0.250446 0.233414 0.21697 0.201168 0.186058 0.171682 0.158078 0.145275 0.133301 0.122176 0.111917 0.102536 0.0940412 0.0864393 0.0797332 0.0739242 0.0690124 0.064997 0.0618765 0.0596497 0.0583165 
0.0593745 0.0598357 0.0612092 0.063497 0.0667007 0.0708219 0.0758622 0.0818223 0.0887022 0.0965004 0.105213 0.114834 0.125354 0.136759 0.149033 0.162153 0.17609 0.190814 0.206284 0.222457 0.239281 0.2567 0.274652 0.293068 0.311875 0.330994 0.350344 0.369838 0.389387 0.408899 0.428282 0.44744 0.466281 0.484711 0.502639 0.519973 0.536628 0.55252 0.567569 0.581701 0.594845 0.606936 0.617914 0.627726 0.636325 0.643668 0.64972 0.654453 0.657843 0.659875 0.660539 0.659831 0.657756 0.654322 0.649546 0.64345 0.636065 0.627424 0.617571 0.606553 0.594424 0.581244 0.567078 0.551997 0.536076 0.519395 0.502038 0.484093 0.465649 0.446798 0.427634 0.408251 0.388743 0.369203 0.349723 0.330391 0.311293 0.292512 0.274125 0.256205 0.238819 0.22203 0.205894 0.19046 0.175773 0.161872 0.148787 0.136547 0.125173 0.114682 0.105088 0.0963995 0.0886228 0.0817617 0.0758179 0.0707917 0.0666825 0.063489 0.06121 0.0598457 
