8.82262e-08 9.26166e-08 1.15437e-07 1.60403e-07 2.34421e-07 3.48364e-07 5.18121e-07 7.66037e-07 1.12276e-06 1.62956e-06 2.34109e-06 3.32872e-06 4.68424e-06 6.52407e-06 8.99369e-06 1.22723e-05 1.65772e-05 2.21679e-05 2.93494e-05 3.84742e-05 4.99423e-05 6.41995e-05 8.17322e-05 0.00010306 0.000128722 0.000159267 0.000195226 0.000237098 0.000285321 0.000340243 0.0004021 0.000470982 0.000546811 0.000629319 0.000718032 0.000812259 0.00091109 0.00101341 0.00111789 0.00122307 0.0013273 0.00142889 0.00152606 0.00161705 0.00170013 0.00177371 0.00183631 0.00188667 0.00192376 0.00194681 0.00195535 0.00194919 0.00192848 0.00189365 0.00184544 0.00178483 0.00171307 0.00163159 0.00154198 0.00144595 0.00134523 0.00124161 0.0011368 0.00103242 0.00092997 0.000830784 0.000736002 0.000646557 0.000563168 0.000486339 0.000416368 0.000353361 0.000297256 0.000247846 0.000204805 0.000167717 0.0001361 0.000109434 8.71825e-05 6.88115e-05 5.38042e-05 4.1674e-05 3.19728e-05 2.42959e-05 1.8285e-05 1.36283e-05 1.00588e-05 7.35166e-06 5.3203e-06 3.81223e-06 2.7046e-06 1.89979e-06 1.32135e-06 9.10215e-07 6.21397e-07 4.21138e-07 2.84529e-07 1.93574e-07 1.35666e-07 1.025e-07 
9.26166e-08 9.72841e-08 1.21416e-07 1.6896e-07 2.47256e-07 3.67861e-07 5.47673e-07 8.10462e-07 1.18885e-06 1.72677e-06 2.48245e-06 3.53192e-06 4.97302e-06 6.92983e-06 9.55745e-06 1.30469e-05 1.76298e-05 2.35829e-05 3.12311e-05 4.09501e-05 5.31659e-05 6.83531e-05 8.70294e-05 0.000109747 0.000137081 0.000169611 0.000207903 0.000252485 0.00030382 0.000362276 0.000428099 0.000501382 0.000582038 0.000669778 0.000764093 0.000864246 0.000969267 0.00107797 0.00118894 0.00130062 0.00141128 0.00151911 0.00162222 0.00171874 0.00180687 0.0018849 0.00195127 0.00200466 0.00204396 0.00206838 0.0020774 0.00207084 0.00204884 0.00201188 0.00196071 0.0018964 0.00182026 0.00173379 0.00163869 0.00153676 0.00142985 0.00131984 0.00120854 0.00109769 0.000988864 0.000883487 0.000782769 0.000687706 0.000599062 0.000517377 0.000442969 0.000375957 0.000316276 0.00026371 0.000217914 0.000178447 0.0001448 0.000116421 9.2739e-05 7.31869e-05 5.72155e-05 4.4307e-05 3.39844e-05 2.5817e-05 1.94234e-05 1.44713e-05 1.06765e-05 7.7994e-06 5.64138e-06 4.03999e-06 2.86439e-06 2.01067e-06 1.39744e-06 9.61864e-07 6.5609e-07 4.44231e-07 2.99819e-07 2.03743e-07 1.42622e-07 1.07642e-07 
1.15437e-07 1.21416e-07 1.51643e-07 2.11042e-07 3.08744e-07 4.59102e-07 6.83078e-07 1.01011e-06 1.48056e-06 2.14867e-06 3.08625e-06 4.38687e-06 6.17071e-06 8.58993e-06 1.18343e-05 1.61371e-05 2.17804e-05 2.91006e-05 3.84917e-05 5.04077e-05 6.53625e-05 8.39266e-05 0.000106721 0.000134404 0.000167661 0.000207179 0.000253624 0.000307616 0.000369691 0.000440272 0.00051963 0.000607855 0.000704819 0.000810155 0.000923235 0.00104316 0.00116876 0.00129861 0.00143102 0.00156414 0.00169591 0.00182417 0.00194673 0.00206136 0.00216595 0.00225847 0.00233712 0.00240033 0.00244682 0.00247566 0.00248624 0.00247836 0.00245219 0.00240826 0.0023475 0.00227112 0.00218068 0.00207795 0.00196491 0.00184369 0.00171646 0.00158545 0.0014528 0.00132056 0.00119062 0.00106467 0.000944162 0.000830293 0.00072399 0.000625913 0.000536463 0.0004558 0.000383869 0.000320428 0.000265082 0.000217321 0.000176546 0.000142107 0.000113329 8.95368e-05 7.00752e-05 5.43248e-05 4.17129e-05 3.17213e-05 2.38896e-05 1.78163e-05 1.31567e-05 9.61999e-06 6.96423e-06 4.99141e-06 3.54169e-06 2.4879e-06 1.73029e-06 1.19171e-06 8.13345e-07 5.51012e-07 3.72095e-07 2.53017e-07 1.77259e-07 1.33939e-07 
1.60403e-07 1.6896e-07 2.11042e-07 2.93434e-07 4.28677e-07 6.36433e-07 9.45353e-07 1.39559e-06 2.04201e-06 2.95824e-06 4.24141e-06 6.01775e-06 8.44891e-06 1.17389e-05 1.61414e-05 2.1967e-05 2.95904e-05 3.94564e-05 5.20842e-05 6.80699e-05 8.80852e-05 0.000112873 0.000143237 0.000180027 0.000224121 0.000276395 0.000337691 0.000408784 0.000490339 0.000582865 0.000686674 0.00080184 0.000928156 0.00106511 0.00121185 0.00136719 0.00152959 0.0016972 0.00186787 0.00203917 0.0022085 0.00237311 0.0025302 0.00267697 0.00281073 0.00292894 0.00302933 0.00310994 0.00316915 0.00320579 0.00321913 0.00320889 0.00317531 0.00311905 0.00304127 0.00294351 0.00282771 0.00269612 0.00255124 0.00239573 0.00223238 0.00206399 0.00189329 0.00172292 0.00155528 0.00139255 0.00123661 0.00108902 0.000951002 0.000823442 0.00070689 0.000601589 0.000507503 0.000424358 0.000351677 0.000288826 0.000235056 0.000189546 0.000151437 0.000119863 9.39811e-05 7.29901e-05 5.61464e-05 4.27742e-05 3.2271e-05 2.41093e-05 1.78347e-05 1.30627e-05 9.47235e-06 6.80018e-06 4.83286e-06 3.40023e-06 2.36844e-06 1.63369e-06 1.11666e-06 7.57631e-07 5.12427e-07 3.49048e-07 2.45044e-07 1.8561e-07 
2.34421e-07 2.47256e-07 3.08744e-07 4.28677e-07 6.25088e-07 9.26182e-07 1.37294e-06 2.02265e-06 2.9534e-06 4.2696e-06 6.1086e-06 8.64834e-06 1.21159e-05 1.67969e-05 2.30452e-05 3.12924e-05 4.20574e-05 5.59533e-05 7.36932e-05 9.60921e-05 0.000124064 0.000158615 0.000200829 0.000251845 0.00031283 0.000384942 0.000469287 0.000566869 0.000678534 0.000804915 0.000946373 0.00110295 0.00127429 0.00145966 0.00165787 0.00186727 0.00208577 0.00231086 0.00253965 0.00276892 0.00299521 0.00321487 0.00342421 0.00361956 0.00379737 0.00395436 0.00408754 0.00419436 0.00427272 0.00432111 0.00433857 0.00432476 0.00427997 0.00420509 0.00410161 0.00397156 0.00381746 0.00364225 0.00344919 0.0032418 0.00302372 0.00279864 0.0025702 0.00234186 0.00211685 0.00189807 0.00168807 0.00148895 0.0013024 0.00112964 0.000971472 0.000828269 0.000700044 0.000586478 0.00048698 0.000400742 0.000326794 0.000264059 0.0002114 0.000167669 0.000131735 0.000102523 7.90266e-05 6.03287e-05 4.56079e-05 3.41421e-05 2.53072e-05 1.85726e-05 1.34943e-05 9.70627e-06 6.9114e-06 4.87179e-06 3.39977e-06 2.34939e-06 1.60881e-06 1.09359e-06 7.41106e-07 5.05914e-07 3.56066e-07 2.70471e-07 
3.48364e-07 3.67861e-07 4.59102e-07 6.36433e-07 9.26182e-07 1.36942e-06 2.02566e-06 2.9779e-06 4.33889e-06 6.25899e-06 8.93534e-06 1.26225e-05 1.76443e-05 2.44064e-05 3.34097e-05 4.52631e-05 6.06952e-05 8.05639e-05 0.000105862 0.000137721 0.000177402 0.000226287 0.000285855 0.000357655 0.000443262 0.000544226 0.000662014 0.000797943 0.000953101 0.00112828 0.00132388 0.00153988 0.00177572 0.00203031 0.00230195 0.00258834 0.00288659 0.00319327 0.00350444 0.00381575 0.00412251 0.00441987 0.00470286 0.00496661 0.00520641 0.0054179 0.00559713 0.00574072 0.00584595 0.00591078 0.00593398 0.00591511 0.00585455 0.00575347 0.00561386 0.00543838 0.00523038 0.00499374 0.0047328 0.00445223 0.00415688 0.0038517 0.00354153 0.00323105 0.00292462 0.00262619 0.00233922 0.00206663 0.00181074 0.0015733 0.00135546 0.0011578 0.000980429 0.00082298 0.000684719 0.000564603 0.000461362 0.000373564 0.000299692 0.000238194 0.00018754 0.00014626 0.000112977 8.64275e-05 6.54748e-05 4.91163e-05 3.64815e-05 2.6828e-05 1.95318e-05 1.40772e-05 1.00436e-05 7.09349e-06 4.95978e-06 3.43403e-06 2.35608e-06 1.6047e-06 1.08972e-06 7.45595e-07 5.26128e-07 4.00805e-07 
5.18121e-07 5.47673e-07 6.83078e-07 9.45353e-07 1.37294e-06 2.02566e-06 2.98999e-06 4.38615e-06 6.37706e-06 9.17927e-06 1.30759e-05 1.84311e-05 2.57068e-05 3.54797e-05 4.84589e-05 6.55033e-05 8.76368e-05 0.00011606 0.000152157 0.000197495 0.000253817 0.00032302 0.000407127 0.000508239 0.00062848 0.000769925 0.000934519 0.00112398 0.00133971 0.00158267 0.00185332 0.00215149 0.00247631 0.00282618 0.00319868 0.00359061 0.00399799 0.00441609 0.00483956 0.0052625 0.00567863 0.0060814 0.0064642 0.00682053 0.00714413 0.0074292 0.00767056 0.00786374 0.00800514 0.00809209 0.00812297 0.0080972 0.0080153 0.00787883 0.00769038 0.00745351 0.00717261 0.00685285 0.00649997 0.00612018 0.00571995 0.00530588 0.00488448 0.00446204 0.00404445 0.00363707 0.00324465 0.00287118 0.00251992 0.00219332 0.00189304 0.00162 0.00137444 0.00115597 0.00096368 0.000796232 0.000651966 0.000528987 0.000425263 0.000338705 0.000267236 0.000208852 0.000161664 0.000123932 9.4083e-05 7.07232e-05 5.26385e-05 3.87887e-05 2.82969e-05 2.04353e-05 1.46088e-05 1.03381e-05 7.24248e-06 5.02424e-06 3.45382e-06 2.35702e-06 1.60395e-06 1.09995e-06 7.78205e-07 5.94517e-07 
7.66037e-07 8.10462e-07 1.01011e-06 1.39559e-06 2.02265e-06 2.9779e-06 4.38615e-06 6.4205e-06 9.31485e-06 1.33792e-05 1.90173e-05 2.67473e-05 3.72237e-05 5.12608e-05 6.98566e-05 9.4215e-05 0.000125765 0.000166177 0.000217365 0.000281491 0.000360944 0.000458313 0.00057634 0.000717859 0.000885714 0.00108266 0.00131125 0.0015737 0.0018718 0.0022067 0.00257887 0.00298792 0.00343252 0.00391034 0.00441797 0.00495099 0.00550391 0.00607033 0.00664299 0.00721399 0.00777489 0.00831699 0.00883152 0.00930985 0.00974375 0.0101256 0.0104486 0.0107068 0.0108956 0.0110115 0.0110524 0.0110175 0.0109075 0.0107244 0.0104718 0.0101541 0.00977721 0.00934791 0.00887375 0.00836293 0.00782402 0.00726577 0.00669685 0.00612566 0.00556012 0.00500748 0.00447414 0.00396561 0.00348637 0.00303986 0.00262845 0.00225356 0.00191563 0.00161429 0.00134844 0.0011164 0.000915994 0.000744749 0.000599966 0.000478849 0.000378602 0.00029651 0.000229998 0.000176686 0.000134411 0.000101248 7.55126e-05 5.5758e-05 4.07587e-05 2.9494e-05 2.11266e-05 1.49798e-05 1.05148e-05 7.30846e-06 5.03385e-06 3.44211e-06 2.34726e-06 1.61338e-06 1.14442e-06 8.76723e-07 
1.12276e-06 1.18885e-06 1.48056e-06 2.04201e-06 2.9534e-06 4.33889e-06 6.37706e-06 9.31485e-06 1.3485e-05 1.93271e-05 2.74122e-05 3.84701e-05 5.342e-05 7.34014e-05 9.98051e-05 0.000134303 0.000178872 0.000235811 0.000307746 0.000397625 0.000508694 0.000644448 0.000808571 0.00100484 0.00123702 0.00150873 0.00182327 0.00218349 0.00259159 0.00304894 0.00355595 0.00411186 0.00471468 0.00536108 0.00604633 0.00676432 0.00750764 0.00826764 0.00903463 0.00979806 0.0105468 0.0112694 0.0119542 0.0125901 0.0131662 0.0136727 0.0141007 0.0144425 0.0146922 0.0148452 0.0148988 0.014852 0.0147058 0.0144627 0.0141273 0.0137055 0.0132048 0.0126341 0.0120032 0.0113229 0.0106043 0.00985888 0.00909818 0.00833326 0.00757465 0.00683202 0.00611402 0.00542807 0.00478032 0.00417553 0.00361708 0.00310705 0.00264627 0.00223441 0.0018702 0.00155153 0.00127565 0.00103933 0.000839039 0.000671072 0.000531705 0.000417296 0.000324374 0.00024971 0.000190361 0.000143692 0.00010739 7.94591e-05 5.82022e-05 4.22013e-05 3.02892e-05 2.15191e-05 1.51345e-05 1.05399e-05 7.27381e-06 4.98372e-06 3.40566e-06 2.34625e-06 1.66857e-06 1.28179e-06 
1.62956e-06 1.72677e-06 2.14867e-06 2.95824e-06 4.2696e-06 6.25899e-06 9.17927e-06 1.33792e-05 1.93271e-05 2.76402e-05 3.91173e-05 5.47763e-05 7.58943e-05 0.000104049 0.000141158 0.00018952 0.000251837 0.000331242 0.000431297 0.000555979 0.000709644 0.000896959 0.00112281 0.00139218 0.00170998 0.00208089 0.00250915 0.00299832 0.00355107 0.00416897 0.00485224 0.00559959 0.00640809 0.00727303 0.0081879 0.00914444 0.0101327 0.0111411 0.0121569 0.0131662 0.0141544 0.0151067 0.016008 0.0168437 0.0176 0.0182641 0.0188248 0.0192722 0.0195986 0.0197983 0.0198678 0.0198059 0.0196138 0.0192948 0.0188546 0.018301 0.0176435 0.0168935 0.0160636 0.0151677 0.0142203 0.0132362 0.0122304 0.0112174 0.0102111 0.00922415 0.00826809 0.00735288 0.00648682 0.00567644 0.00492649 0.00424 0.00361832 0.00306132 0.00256757 0.00213449 0.00175863 0.00143587 0.00116163 0.000931065 0.000739281 0.000581447 0.000452937 0.000349423 0.000266938 0.000201919 0.000151223 0.000112123 8.22961e-05 5.97927e-05 4.30014e-05 3.06113e-05 2.15716e-05 1.50525e-05 1.04085e-05 7.14583e-06 4.89347e-06 3.37905e-06 2.40929e-06 1.85584e-06 
2.34109e-06 2.48245e-06 3.08625e-06 4.24141e-06 6.1086e-06 8.93534e-06 1.30759e-05 1.90173e-05 2.74122e-05 3.91173e-05 5.52384e-05 7.71794e-05 0.000106695 0.000145946 0.000197549 0.000264624 0.000350829 0.000460379 0.000598051 0.000769147 0.000979445 0.0012351 0.00154251 0.00190815 0.00233836 0.0028391 0.00341571 0.00407257 0.00481286 0.00563824 0.0065486 0.00754186 0.00861376 0.00975776 0.010965 0.0122245 0.0135229 0.0148452 0.0161746 0.0174931 0.0187819 0.0200217 0.0211935 0.0222786 0.0232594 0.0241197 0.0248452 0.0254236 0.0258452 0.0261027 0.0261918 0.026111 0.0258617 0.0254483 0.0248778 0.0241601 0.0233072 0.0223335 0.0212551 0.0200896 0.0188555 0.0175718 0.0162578 0.0149321 0.0136128 0.0123165 0.0110582 0.00985117 0.00870649 0.00763301 0.00663728 0.00572364 0.00489426 0.00414935 0.00348737 0.00290527 0.0023988 0.00196275 0.00159131 0.00127823 0.00101713 0.000801714 0.000625873 0.000483876 0.000370444 0.000280811 0.00021075 0.000156587 0.00011517 8.38494e-05 6.0425e-05 4.31011e-05 3.04337e-05 2.12785e-05 1.4743e-05 1.01422e-05 6.96022e-06 4.81737e-06 3.44375e-06 2.65986e-06 
3.32872e-06 3.53192e-06 4.38687e-06 6.01775e-06 8.64834e-06 1.26225e-05 1.84311e-05 2.67473e-05 3.84701e-05 5.47763e-05 7.71794e-05 0.000107594 0.000148406 0.000202541 0.000273525 0.00036555 0.000483507 0.000633006 0.000820371 0.00105259 0.00133723 0.0016823 0.00209608 0.00258687 0.00316272 0.00383114 0.0045987 0.0054707 0.00645079 0.00754062 0.0087395 0.0100442 0.0114486 0.0129439 0.0145181 0.0161566 0.0178421 0.0195549 0.0212736 0.0229749 0.024635 0.0262295 0.0277341 0.0291255 0.0303816 0.0314821 0.0324092 0.0331477 0.0336853 0.0340132 0.0341261 0.0340219 0.0337027 0.0331736 0.0324436 0.0315248 0.0304324 0.0291841 0.0278003 0.0263028 0.024715 0.0230611 0.0213653 0.0196515 0.0179427 0.0162603 0.014624 0.0130509 0.0115557 0.0101503 0.0088435 0.00764153 0.00654769 0.00556276 0.00468523 0.00391159 0.0032367 0.00265415 0.00215658 0.0017361 0.00138453 0.0010937 0.00085569 0.000662998 0.000508679 0.000386429 0.000290638 0.0002164 0.000159498 0.000116363 8.40279e-05 6.0059e-05 4.24932e-05 2.97698e-05 2.06677e-05 1.42472e-05 9.79843e-06 6.79769e-06 4.87206e-06 3.77319e-06 
4.68424e-06 4.97302e-06 6.17071e-06 8.44891e-06 1.21159e-05 1.76443e-05 2.57068e-05 3.72237e-05 5.342e-05 7.58943e-05 0.000106695 0.000148406 0.000204234 0.000278091 0.000374685 0.000499576 0.000659229 0.000861022 0.00111323 0.00142495 0.00180596 0.00226657 0.00281732 0.00346873 0.00423089 0.00511304 0.00612317 0.00726753 0.00855018 0.00997252 0.011533 0.0132266 0.0150451 0.0169762 0.0190043 0.0211103 0.0232717 0.0254634 0.027658 0.0298264 0.0319382 0.0339631 0.035871 0.0376327 0.039221 0.040611 0.0417808 0.0427116 0.0433886 0.0438009 0.043942 0.0438097 0.0434061 0.0427378 0.0418156 0.0406545 0.0392729 0.037693 0.0359394 0.0340396 0.0320223 0.0299177 0.0277561 0.0255676 0.0233812 0.0212243 0.0191218 0.017096 0.0151661 0.0133475 0.0116526 0.0100895 0.00866347 0.00737604 0.00622595 0.00520931 0.00432007 0.00355041 0.00289128 0.00233277 0.00186453 0.00147617 0.0011575 0.000898828 0.000691135 0.000526183 0.000396606 0.000295935 0.000218582 0.000159804 0.000115637 8.28216e-05 5.87176e-05 4.12196e-05 2.8675e-05 1.9808e-05 1.36525e-05 9.49382e-06 6.82222e-06 5.29765e-06 
6.52407e-06 6.92983e-06 8.58993e-06 1.17389e-05 1.67969e-05 2.44064e-05 3.54797e-05 5.12608e-05 7.34014e-05 0.000104049 0.000145946 0.000202541 0.000278091 0.000377782 0.000507812 0.000675483 0.000889235 0.00115866 0.00149446 0.00190831 0.00241273 0.00302078 0.00374573 0.00460069 0.0055981 0.0067492 0.0080635 0.00954817 0.0112075 0.0130423 0.0150498 0.0172226 0.0195493 0.0220137 0.0245954 0.0272695 0.0300077 0.032778 0.0355459 0.0382752 0.0409284 0.0434678 0.0458565 0.048059 0.0500421 0.0517754 0.0532325 0.0543908 0.0552325 0.0557444 0.0559187 0.0557527 0.0552491 0.0544159 0.053266 0.0518174 0.0500926 0.0481182 0.0459243 0.0435442 0.0410133 0.0383684 0.0356472 0.0328867 0.0301233 0.0273913 0.0247222 0.0221445 0.0196828 0.0173574 0.0151844 0.0131754 0.0113375 0.00967378 0.00818351 0.00686255 0.00570393 0.00469836 0.00383482 0.00310108 0.00248427 0.00197128 0.00154922 0.00120571 0.000929178 0.000708978 0.00053556 0.000400485 0.00029644 0.000217186 0.00015749 0.000113032 8.03007e-05 5.64863e-05 3.93762e-05 2.72571e-05 1.88279e-05 1.31239e-05 9.4555e-06 7.36202e-06 
8.99369e-06 9.55745e-06 1.18343e-05 1.61414e-05 2.30452e-05 3.34097e-05 4.84589e-05 6.98566e-05 9.98051e-05 0.000141158 0.000197549 0.000273525 0.000374685 0.000507812 0.000680989 0.000903684 0.0011868 0.00154265 0.00198491 0.0025284 0.00318892 0.0039828 0.00492653 0.00603623 0.00732698 0.00881222 0.010503 0.0124073 0.0145294 0.0168693 0.0194218 0.0221769 0.0251189 0.0282267 0.0314738 0.0348287 0.0382555 0.0417144 0.0451628 0.0485557 0.0518476 0.0549925 0.0579458 0.0606646 0.0631091 0.0652432 0.0670351 0.0684581 0.0694911 0.0701186 0.0703312 0.0701259 0.0695058 0.0684804 0.067065 0.065281 0.0631551 0.060719 0.0580089 0.0550647 0.051929 0.0486464 0.0452627 0.0418235 0.0383732 0.0349544 0.0316065 0.0283655 0.0252623 0.0223235 0.01957 0.0170173 0.0146756 0.01255 0.0106406 0.00894341 0.00745055 0.00615122 0.00503226 0.00407883 0.00327508 0.00260478 0.00205177 0.00160048 0.00123619 0.000945345 0.000715695 0.000536365 0.000397881 0.000292132 0.000212286 0.000152679 0.000108693 7.66162e-05 5.35193e-05 3.71256e-05 2.57012e-05 1.79578e-05 1.29722e-05 1.01268e-05 
1.22723e-05 1.30469e-05 1.61371e-05 2.1967e-05 3.12924e-05 4.52631e-05 6.55033e-05 9.4215e-05 0.000134303 0.00018952 0.000264624 0.00036555 0.000499576 0.000675483 0.000903684 0.00119633 0.00156732 0.00203231 0.00260853 0.0033146 0.00417016 0.00519541 0.00641055 0.00783507 0.009487 0.0113821 0.0135329 0.015948 0.0186313 0.021581 0.0247894 0.0282423 0.031919 0.0357921 0.0398277 0.0439865 0.0482235 0.0524899 0.0567334 0.0608997 0.0649334 0.0687798 0.0723853 0.0756993 0.0786746 0.0812687 0.0834444 0.0851704 0.0864221 0.0871814 0.0874376 0.0871871 0.0864335 0.0851878 0.083468 0.0812991 0.0787122 0.0757447 0.0724392 0.0688427 0.065006 0.0609824 0.0568266 0.0525937 0.0483379 0.0441109 0.0399616 0.0359344 0.0320685 0.0283974 0.0249484 0.0217419 0.0187922 0.0161069 0.0136878 0.0115313 0.00962888 0.00796832 0.00653413 0.00530858 0.0042725 0.00340599 0.00268912 0.00210247 0.00162763 0.00124752 0.000946583 0.000710975 0.000528566 0.000388926 0.000283229 0.000204134 0.000145628 0.000102865 7.20055e-05 5.00555e-05 3.47294e-05 2.43244e-05 1.76173e-05 1.37892e-05 
1.65772e-05 1.76298e-05 2.17804e-05 2.95904e-05 4.20574e-05 6.06952e-05 8.76368e-05 0.000125765 0.000178872 0.000251837 0.000350829 0.000483507 0.000659229 0.000889235 0.0011868 0.00156732 0.00204835 0.00264952 0.00339232 0.00429982 0.00539616 0.00670599 0.00825367 0.0100625 0.0121535 0.014545 0.0172507 0.0202796 0.0236343 0.0273108 0.0312977 0.0355756 0.0401173 0.0448878 0.0498446 0.0549387 0.060115 0.0653141 0.0704727 0.075526 0.080408 0.0850539 0.089401 0.0933898 0.0969656 0.100079 0.102687 0.104754 0.106252 0.107159 0.107464 0.107162 0.106258 0.104765 0.102702 0.100098 0.0969906 0.0934214 0.0894402 0.0851018 0.0804656 0.0755942 0.0705525 0.0654059 0.0602194 0.0550554 0.0499734 0.0450279 0.0402676 0.0357345 0.0314635 0.0274813 0.0238072 0.0204527 0.0174216 0.0147115 0.0123136 0.0102144 0.00839589 0.00683741 0.00551602 0.00440771 0.00348818 0.00273358 0.00212111 0.00162947 0.0012392 0.000932848 0.000695052 0.000512547 0.000374061 0.000270176 0.000193149 0.000136718 9.59037e-05 6.68114e-05 4.64588e-05 3.26182e-05 2.36862e-05 1.85876e-05 
2.21679e-05 2.35829e-05 2.91006e-05 3.94564e-05 5.59533e-05 8.05639e-05 0.00011606 0.000166177 0.000235811 0.000331242 0.000460379 0.000633006 0.000861022 0.00115866 0.00154265 0.00203231 0.00264952 0.00341862 0.00436611 0.00552022 0.00691024 0.00856584 0.010516 0.0127881 0.0154065 0.0183915 0.0217581 0.0255147 0.0296624 0.0341937 0.0390921 0.0443318 0.0498778 0.0556858 0.0617032 0.0678696 0.0741186 0.0803785 0.0865742 0.0926289 0.0984654 0.104008 0.109184 0.113925 0.118169 0.121859 0.124946 0.12739 0.129159 0.130229 0.130588 0.130229 0.129159 0.127391 0.124948 0.121863 0.118177 0.113938 0.109203 0.104035 0.0985012 0.0926755 0.0866331 0.0804508 0.0742053 0.0679711 0.0618196 0.0558167 0.0500223 0.0444886 0.0392592 0.034369 0.0298435 0.0256989 0.0219426 0.0185737 0.0155839 0.0129583 0.0106771 0.00871618 0.00704862 0.00564585 0.00447865 0.00351806 0.0027362 0.00210687 0.00160593 0.00121164 0.000904796 0.000668689 0.000489077 0.000354008 0.000253618 0.0001799 0.000126461 8.82891e-05 6.15319e-05 4.33054e-05 3.15292e-05 2.48062e-05 
2.93494e-05 3.12311e-05 3.84917e-05 5.20842e-05 7.36932e-05 0.000105862 0.000152157 0.000217365 0.000307746 0.000431297 0.000598051 0.000820371 0.00111323 0.00149446 0.00198491 0.00260853 0.00339232 0.00436611 0.00556218 0.00701463 0.0087586 0.0108293 0.0132607 0.0160844 0.0193281 0.023014 0.0271576 0.0317663 0.0368382 0.0423612 0.0483126 0.0546584 0.0613541 0.0683445 0.0755651 0.082943 0.0903983 0.0978463 0.105199 0.112366 0.119259 0.12579 0.131878 0.137444 0.142417 0.146735 0.150343 0.153197 0.15526 0.156507 0.156923 0.156503 0.155252 0.153186 0.150331 0.146721 0.142404 0.137432 0.131871 0.125789 0.119266 0.112383 0.105229 0.0978907 0.0904587 0.0830205 0.0756605 0.0684578 0.0614849 0.0548055 0.0484743 0.0425354 0.0370222 0.0319572 0.0273523 0.0232093 0.0195209 0.0162719 0.0134402 0.0109986 0.00891604 0.00715892 0.00569255 0.00448226 0.00349435 0.00269691 0.00206042 0.0015581 0.00116613 0.00086374 0.00063312 0.000459261 0.000329727 0.000234383 0.00016511 0.000115521 8.06923e-05 5.69278e-05 4.15553e-05 3.27779e-05 
3.84742e-05 4.09501e-05 5.04077e-05 6.80699e-05 9.60921e-05 0.000137721 0.000197495 0.000281491 0.000397625 0.000555979 0.000769147 0.00105259 0.00142495 0.00190831 0.0025284 0.0033146 0.00429982 0.00552022 0.00701463 0.00882378 0.0109893 0.0135523 0.0165522 0.0200248 0.0240008 0.028504 0.0335496 0.0391429 0.0452779 0.0519364 0.0590876 0.0666879 0.0746813 0.0829999 0.0915657 0.100291 0.109083 0.117841 0.126463 0.134846 0.142888 0.150492 0.157564 0.164017 0.169774 0.174764 0.178929 0.182219 0.184595 0.18603 0.186507 0.186021 0.184578 0.182195 0.178899 0.174729 0.169735 0.163977 0.157525 0.150457 0.14286 0.134827 0.126456 0.117849 0.109108 0.100336 0.0916308 0.0830864 0.0747893 0.0668168 0.0592359 0.0521021 0.0454582 0.0393348 0.0337496 0.0287085 0.0242061 0.0202274 0.0167488 0.01374 0.0111658 0.0089872 0.00716368 0.00565416 0.00441844 0.00341815 0.00261751 0.00198391 0.00148818 0.00110474 0.000811551 0.000589971 0.000424479 0.000302378 0.000213463 0.000149675 0.000104785 7.41043e-05 5.42341e-05 4.28865e-05 
4.99423e-05 5.31659e-05 6.53625e-05 8.80852e-05 0.000124064 0.000177402 0.000253817 0.000360944 0.000508694 0.000709644 0.000979445 0.00133723 0.00180596 0.00241273 0.00318892 0.00417016 0.00539616 0.00691024 0.0087586 0.0109893 0.0136508 0.0167909 0.0204542 0.0246808 0.029504 0.0349484 0.0410279 0.0477445 0.0550864 0.0630277 0.0715276 0.0805309 0.0899682 0.0997573 0.109805 0.120008 0.130256 0.140435 0.150427 0.160117 0.169389 0.178134 0.18625 0.193641 0.200223 0.205919 0.210667 0.214412 0.217115 0.218746 0.219287 0.218732 0.217089 0.214373 0.210617 0.20586 0.200156 0.193569 0.186175 0.17806 0.169318 0.160054 0.150375 0.140398 0.130237 0.120009 0.10983 0.0998073 0.0900438 0.080632 0.0716533 0.0631762 0.0552553 0.0479305 0.0412273 0.0351571 0.0297178 0.0248954 0.0206657 0.0169957 0.0138458 0.0111718 0.00892675 0.00706277 0.00553242 0.00429005 0.00329286 0.00250154 0.00188073 0.00139927 0.00103019 0.000750541 0.000541167 0.000386323 0.000273305 0.00019205 0.000134755 9.55293e-05 7.00947e-05 5.55664e-05 
6.41995e-05 6.83531e-05 8.39266e-05 0.000112873 0.000158615 0.000226287 0.00032302 0.000458313 0.000644448 0.000896959 0.0012351 0.0016823 0.00226657 0.00302078 0.0039828 0.00519541 0.00670599 0.00856584 0.0108293 0.0135523 0.0167909 0.0205993 0.0250277 0.0301199 0.0359112 0.0424259 0.0496756 0.0576572 0.0663514 0.0757226 0.0857181 0.0962688 0.10729 0.118683 0.130338 0.142135 0.153946 0.165641 0.177089 0.188158 0.198722 0.208661 0.217863 0.226227 0.23366 0.240082 0.245427 0.249639 0.252675 0.254506 0.255111 0.254487 0.252639 0.249585 0.245357 0.239997 0.233562 0.226119 0.217749 0.208543 0.198605 0.188045 0.176986 0.165552 0.153875 0.142085 0.130314 0.118687 0.107323 0.0963321 0.0858114 0.0758447 0.0665 0.0578292 0.0498672 0.0426326 0.0361282 0.0303424 0.0252509 0.0208189 0.0170028 0.0137532 0.0110164 0.00873734 0.00686061 0.00533263 0.0041027 0.00312397 0.00235404 0.00175534 0.0012952 0.000945669 0.000683327 0.000488846 0.000346572 0.000244062 0.000171636 0.000121967 8.97225e-05 7.13002e-05 
8.17322e-05 8.70294e-05 0.000106721 0.000143237 0.000200829 0.000285855 0.000407127 0.00057634 0.000808571 0.00112281 0.00154251 0.00209608 0.00281732 0.00374573 0.00492653 0.00641055 0.00825367 0.010516 0.0132607 0.0165522 0.0204542 0.0250277 0.0303278 0.0364018 0.0432859 0.0510031 0.0595606 0.0689486 0.0791384 0.0900823 0.101714 0.113947 0.126681 0.139799 0.153171 0.16666 0.180122 0.193408 0.206373 0.218873 0.230769 0.241932 0.252243 0.261593 0.269886 0.27704 0.282985 0.287663 0.291033 0.293061 0.293732 0.293038 0.290985 0.287593 0.282893 0.276929 0.269757 0.261449 0.252087 0.241768 0.230601 0.218706 0.206213 0.19326 0.17999 0.166551 0.153088 0.139746 0.126661 0.113962 0.101764 0.090168 0.0792572 0.0690977 0.0597362 0.0512005 0.0435 0.0366271 0.0305588 0.0252589 0.0206809 0.0167701 0.0134662 0.0107064 0.00842704 0.00656581 0.00506333 0.00386435 0.00291859 0.0021812 0.00161297 0.00118025 0.000854663 0.000612719 0.000435316 0.000307219 0.000216535 0.000154241 0.000113752 9.06133e-05 
0.00010306 0.000109747 0.000134404 0.000180027 0.000251845 0.000357655 0.000508239 0.000717859 0.00100484 0.00139218 0.00190815 0.00258687 0.00346873 0.00460069 0.00603623 0.00783507 0.0100625 0.0127881 0.0160844 0.0200248 0.0246808 0.0301199 0.0364018 0.0435762 0.0516791 0.0607303 0.0707313 0.0816632 0.0934855 0.106136 0.119532 0.13357 0.148129 0.163072 0.178251 0.193509 0.208684 0.223612 0.238131 0.252086 0.265329 0.277722 0.28914 0.29947 0.308613 0.316486 0.323017 0.328151 0.331845 0.334067 0.3348 0.334038 0.331788 0.328067 0.322906 0.316349 0.308453 0.299289 0.288942 0.277511 0.26511 0.251864 0.237911 0.2234 0.208488 0.193334 0.178103 0.162955 0.148048 0.133528 0.11953 0.106175 0.0935646 0.0817799 0.0708821 0.0609105 0.0518831 0.0437981 0.0366354 0.0303588 0.0249194 0.0202576 0.016307 0.0129968 0.0102545 0.00800874 0.00619059 0.00473562 0.00358477 0.00268507 0.00198996 0.00145926 0.00105896 0.00076079 0.00054166 0.000383089 0.000270613 0.000193218 0.000142854 0.000114065 
0.000128722 0.000137081 0.000167661 0.000224121 0.00031283 0.000443262 0.00062848 0.000885714 0.00123702 0.00170998 0.00233836 0.00316272 0.00423089 0.0055981 0.00732698 0.009487 0.0121535 0.0154065 0.0193281 0.0240008 0.029504 0.0359112 0.0432859 0.0516791 0.0611249 0.0716384 0.0832128 0.0958179 0.109399 0.123878 0.139151 0.155097 0.171572 0.188419 0.205469 0.222545 0.239467 0.256056 0.272138 0.287545 0.302122 0.315723 0.328221 0.339501 0.349463 0.358024 0.365116 0.370682 0.374682 0.377087 0.37788 0.377054 0.374617 0.370584 0.364986 0.357865 0.349275 0.339287 0.327985 0.315468 0.301852 0.287267 0.271858 0.255781 0.239203 0.222299 0.205249 0.188231 0.171421 0.154988 0.139087 0.12386 0.109429 0.0958925 0.0833295 0.0717926 0.0613111 0.0518908 0.0435163 0.036153 0.0297506 0.0242458 0.0195659 0.0156323 0.0123638 0.00967909 0.0074993 0.00574999 0.00436251 0.00327491 0.00243242 0.00178757 0.00129997 0.000935905 0.000667736 0.000473263 0.000335051 0.000239788 0.000177723 0.000142235 
0.000159267 0.000169611 0.000207179 0.000276395 0.000384942 0.000544226 0.000769925 0.00108266 0.00150873 0.00208089 0.0028391 0.00383114 0.00511304 0.0067492 0.00881222 0.0113821 0.014545 0.0183915 0.023014 0.028504 0.0349484 0.0424259 0.0510031 0.0607303 0.0716384 0.0837352 0.0970035 0.111399 0.126851 0.143261 0.160505 0.178438 0.196896 0.215697 0.234653 0.253566 0.27224 0.29048 0.3081 0.324925 0.340792 0.355553 0.369079 0.381255 0.391984 0.401185 0.408794 0.414758 0.419039 0.421611 0.422458 0.421575 0.418967 0.41465 0.40865 0.401007 0.391772 0.381012 0.368808 0.355258 0.340476 0.324594 0.307761 0.29014 0.271906 0.253248 0.234358 0.215433 0.196669 0.178256 0.160371 0.143178 0.126821 0.111422 0.0970768 0.0838546 0.0717984 0.0609243 0.0512236 0.0426652 0.0351986 0.0287577 0.0232644 0.0186328 0.0147725 0.0115922 0.00900255 0.00691845 0.00526088 0.00395807 0.00294624 0.00216981 0.00158127 0.0011408 0.000815617 0.000579294 0.000411013 0.000294834 0.000219052 0.000175708 
0.000195226 0.000207903 0.000253624 0.000337691 0.000469287 0.000662014 0.000934519 0.00131125 0.00182327 0.00250915 0.00341571 0.0045987 0.00612317 0.0080635 0.010503 0.0135329 0.0172507 0.0217581 0.0271576 0.0335496 0.0410279 0.0496756 0.0595606 0.0707313 0.0832128 0.0970035 0.112073 0.128361 0.145776 0.164199 0.183483 0.203458 0.223935 0.244712 0.265576 0.286313 0.306709 0.326557 0.34566 0.363838 0.380922 0.396767 0.411242 0.424238 0.435662 0.445438 0.453507 0.459823 0.464352 0.46707 0.467965 0.467032 0.464275 0.459708 0.453354 0.445247 0.435433 0.423973 0.410944 0.396438 0.380566 0.36346 0.345268 0.326157 0.306309 0.285923 0.265205 0.244369 0.223629 0.203196 0.183272 0.164044 0.145679 0.128323 0.112094 0.0970792 0.0833382 0.0708998 0.0597644 0.0499062 0.0412766 0.0338079 0.0274175 0.0220126 0.017494 0.0137602 0.0107111 0.00825023 0.00628763 0.00474096 0.00353661 0.00261012 0.00190613 0.001378 0.00098723 0.000702643 0.000499605 0.000359202 0.000267511 0.000215052 
0.000237098 0.000252485 0.000307616 0.000408784 0.000566869 0.000797943 0.00112398 0.0015737 0.00218349 0.00299832 0.00407257 0.0054707 0.00726753 0.00954817 0.0124073 0.015948 0.0202796 0.0255147 0.0317663 0.0391429 0.0477445 0.0576572 0.0689486 0.0816632 0.0958179 0.111399 0.128361 0.146623 0.166073 0.186567 0.207932 0.229974 0.252478 0.275218 0.297961 0.320475 0.342531 0.36391 0.38441 0.403845 0.422047 0.438872 0.454196 0.467914 0.479942 0.490213 0.498673 0.505285 0.510021 0.512862 0.513797 0.512823 0.509943 0.505168 0.498516 0.490015 0.479704 0.467636 0.453879 0.438519 0.42166 0.403429 0.383972 0.363457 0.34207 0.320018 0.297517 0.274797 0.25209 0.229629 0.207639 0.186332 0.165902 0.146517 0.128321 0.111423 0.0959003 0.0817982 0.0691283 0.0578726 0.0479861 0.0394012 0.032032 0.0257797 0.0205366 0.0161913 0.0126324 0.00975217 0.00744877 0.00562869 0.00420779 0.00311197 0.0022773 0.00164968 0.00118426 0.000844607 0.000601822 0.000433662 0.000323717 0.000260795 
0.000285321 0.00030382 0.000369691 0.000490339 0.000678534 0.000953101 0.00133971 0.0018718 0.00259159 0.00355107 0.00481286 0.00645079 0.00855018 0.0112075 0.0145294 0.0186313 0.0236343 0.0296624 0.0368382 0.0452779 0.0550864 0.0663514 0.0791384 0.0934855 0.109399 0.126851 0.145776 0.166073 0.187604 0.210199 0.233659 0.257761 0.282267 0.306927 0.331487 0.355698 0.379319 0.402124 0.423904 0.444473 0.463668 0.481349 0.497399 0.511725 0.524252 0.534922 0.543695 0.55054 0.555436 0.558371 0.559338 0.558334 0.555361 0.550425 0.54354 0.534726 0.524013 0.511443 0.497074 0.480981 0.463261 0.44403 0.42343 0.401626 0.378806 0.35518 0.330974 0.306431 0.2818 0.257334 0.233282 0.209882 0.187353 0.165893 0.145668 0.126814 0.109431 0.0935795 0.0792869 0.0665451 0.0553151 0.0455312 0.0371057 0.0299346 0.0239027 0.0188888 0.0147706 0.0114283 0.00874808 0.0066247 0.00496277 0.0036779 0.00269689 0.00195754 0.00140807 0.00100625 0.00071849 0.000518867 0.000388202 0.000313398 
0.000340243 0.000362276 0.000440272 0.000582865 0.000804915 0.00112828 0.00158267 0.0022067 0.00304894 0.00416897 0.00563824 0.00754062 0.00997252 0.0130423 0.0168693 0.021581 0.0273108 0.0341937 0.0423612 0.0519364 0.0630277 0.0757226 0.0900823 0.106136 0.123878 0.143261 0.164199 0.186567 0.210199 0.234898 0.260435 0.286562 0.313013 0.339517 0.3658 0.391599 0.416662 0.440758 0.463677 0.485235 0.505275 0.523668 0.540307 0.555111 0.568019 0.578987 0.587984 0.594993 0.6 0.602999 0.603988 0.602964 0.599929 0.594885 0.587838 0.578799 0.567788 0.554835 0.539984 0.523298 0.50486 0.484776 0.463179 0.440228 0.416107 0.391029 0.365227 0.338953 0.312471 0.286055 0.259975 0.234496 0.209865 0.186307 0.164017 0.143158 0.123852 0.106182 0.0901926 0.0758879 0.0632375 0.0521795 0.0426261 0.0344695 0.0275879 0.0218508 0.0171251 0.0132791 0.0101867 0.0077304 0.00580305 0.00430933 0.00316618 0.00230268 0.00165956 0.00118831 0.000850215 0.000615309 0.000461378 0.000373224 
0.0004021 0.000428099 0.00051963 0.000686674 0.000946373 0.00132388 0.00185332 0.00257887 0.00355595 0.00485224 0.0065486 0.0087395 0.011533 0.0150498 0.0194218 0.0247894 0.0312977 0.0390921 0.0483126 0.0590876 0.0715276 0.0857181 0.101714 0.119532 0.139151 0.160505 0.183483 0.207932 0.233659 0.260435 0.288005 0.31609 0.3444 0.372642 0.400527 0.427777 0.454134 0.479363 0.503258 0.525641 0.546364 0.565311 0.582389 0.597534 0.610698 0.621854 0.630986 0.638085 0.64315 0.646183 0.647184 0.646152 0.643089 0.63799 0.630855 0.621684 0.610486 0.597275 0.582082 0.564953 0.545955 0.525181 0.502751 0.478814 0.45355 0.427167 0.399904 0.372018 0.343789 0.315507 0.287464 0.25995 0.23324 0.20759 0.183223 0.16033 0.139062 0.119523 0.101779 0.0858489 0.0717128 0.0593152 0.0485702 0.0393678 0.0315803 0.0250692 0.0196907 0.0153014 0.0117628 0.00894491 0.00672832 0.00500632 0.00368542 0.00268545 0.00193911 0.00139115 0.000997322 0.000723277 0.000543501 0.000440512 
0.000470982 0.000501382 0.000607855 0.00080184 0.00110295 0.00153988 0.00215149 0.00298792 0.00411186 0.00559959 0.00754186 0.0100442 0.0132266 0.0172226 0.0221769 0.0282423 0.0355756 0.0443318 0.0546584 0.0666879 0.0805309 0.0962688 0.113947 0.13357 0.155097 0.178438 0.203458 0.229974 0.257761 0.286562 0.31609 0.346039 0.376096 0.405946 0.435285 0.463828 0.49131 0.517498 0.542192 0.565222 0.586456 0.605792 0.623154 0.638497 0.651791 0.663024 0.672196 0.679314 0.684386 0.68742 0.688422 0.687395 0.684335 0.679236 0.672087 0.662879 0.651605 0.638266 0.622874 0.605458 0.586067 0.564776 0.54169 0.516945 0.490711 0.463192 0.434624 0.405272 0.375425 0.345387 0.315473 0.285996 0.25726 0.229548 0.203118 0.178188 0.154939 0.133501 0.113962 0.0963592 0.0806858 0.0668949 0.0549043 0.0446035 0.0358606 0.0285295 0.0224568 0.0174877 0.0134713 0.0102647 0.00773631 0.00576744 0.00425375 0.00310536 0.00224647 0.00161468 0.0011598 0.000842811 0.000634641 0.000515346 
0.000546811 0.000582038 0.000704819 0.000928156 0.00127429 0.00177572 0.00247631 0.00343252 0.00471468 0.00640809 0.00861376 0.0114486 0.0150451 0.0195493 0.0251189 0.031919 0.0401173 0.0498778 0.0613541 0.0746813 0.0899682 0.10729 0.126681 0.148129 0.171572 0.196896 0.223935 0.252478 0.282267 0.313013 0.3444 0.376096 0.407762 0.439069 0.469699 0.499358 0.527784 0.554745 0.580051 0.603547 0.625115 0.644671 0.662163 0.677562 0.690859 0.702061 0.711185 0.71825 0.723277 0.726283 0.727278 0.726266 0.723241 0.718193 0.711102 0.701948 0.690708 0.677368 0.66192 0.644374 0.624758 0.603128 0.579569 0.554203 0.527185 0.498711 0.469013 0.438359 0.407043 0.375384 0.343715 0.312372 0.281686 0.251971 0.223514 0.196568 0.171342 0.147996 0.126641 0.107335 0.0900878 0.0748627 0.0615837 0.0501415 0.0404013 0.0322109 0.0254078 0.0198264 0.0153035 0.0116836 0.00882258 0.00658958 0.00486905 0.00356096 0.0025807 0.00185827 0.00133726 0.00097367 0.000734648 0.000597626 
0.000629319 0.000669778 0.000810155 0.00106511 0.00145966 0.00203031 0.00282618 0.00391034 0.00536108 0.00727303 0.00975776 0.0129439 0.0169762 0.0220137 0.0282267 0.0357921 0.0448878 0.0556858 0.0683445 0.0829999 0.0997573 0.118683 0.139799 0.163072 0.188419 0.215697 0.244712 0.275218 0.306927 0.339517 0.372642 0.405946 0.439069 0.471665 0.503407 0.533998 0.563177 0.590721 0.616452 0.64023 0.661958 0.681572 0.699042 0.714361 0.727543 0.738612 0.747603 0.75455 0.759485 0.762433 0.763412 0.762425 0.759465 0.754516 0.747551 0.738535 0.727434 0.714213 0.698847 0.681322 0.661646 0.639851 0.616004 0.590204 0.562593 0.533353 0.502711 0.470931 0.438313 0.405186 0.371897 0.338807 0.30627 0.274632 0.244211 0.215292 0.188115 0.162872 0.1397 0.118679 0.0998371 0.0831516 0.0685538 0.0559377 0.0451675 0.0360859 0.0285224 0.022301 0.0172471 0.0131925 0.00998042 0.00746788 0.00552782 0.00404982 0.00294008 0.00212075 0.0015289 0.0011153 0.000843125 0.000687049 
0.000718032 0.000764093 0.000923235 0.00121185 0.00165787 0.00230195 0.00319868 0.00441797 0.00604633 0.0081879 0.010965 0.0145181 0.0190043 0.0245954 0.0314738 0.0398277 0.0498446 0.0617032 0.0755651 0.0915657 0.109805 0.130338 0.153171 0.178251 0.205469 0.234653 0.265576 0.297961 0.331487 0.3658 0.400527 0.435285 0.469699 0.503407 0.536077 0.567411 0.597152 0.625091 0.651062 0.674947 0.696668 0.716187 0.733496 0.74861 0.761566 0.772409 0.781191 0.78796 0.792761 0.795628 0.796581 0.795628 0.79276 0.787953 0.781173 0.772374 0.761505 0.748514 0.733355 0.715993 0.696412 0.67462 0.65066 0.624612 0.596597 0.566783 0.535385 0.502664 0.468919 0.434488 0.399732 0.36503 0.330762 0.297302 0.264999 0.234171 0.205091 0.177983 0.153011 0.130281 0.109841 0.0916837 0.0757503 0.0619398 0.050117 0.0401208 0.031774 0.0248911 0.0192863 0.0147793 0.0112009 0.00839569 0.00622522 0.00456842 0.0033221 0.00240034 0.00173345 0.0012668 0.000959417 0.000783091 
0.000812259 0.000864246 0.00104316 0.00136719 0.00186727 0.00258834 0.00359061 0.00495099 0.00676432 0.00914444 0.0122245 0.0161566 0.0211103 0.0272695 0.0348287 0.0439865 0.0549387 0.0678696 0.082943 0.100291 0.120008 0.142135 0.16666 0.193509 0.222545 0.253566 0.286313 0.320475 0.355698 0.391599 0.427777 0.463828 0.499358 0.533998 0.567411 0.5993 0.62942 0.657572 0.683611 0.707438 0.729002 0.748285 0.765306 0.780105 0.79274 0.803276 0.811783 0.818324 0.822955 0.825718 0.82664 0.825728 0.822972 0.818345 0.811801 0.803285 0.79273 0.780066 0.765226 0.748154 0.728808 0.707174 0.683267 0.657144 0.628906 0.598703 0.566737 0.533259 0.498568 0.463005 0.426944 0.390778 0.354913 0.319747 0.285663 0.25301 0.222095 0.193172 0.166437 0.142022 0.119998 0.100373 0.0831008 0.0680879 0.0552007 0.0442762 0.0351312 0.0275719 0.0214019 0.0164293 0.0124727 0.00936462 0.00695501 0.00511219 0.00372346 0.00269466 0.00194922 0.00142693 0.00108259 0.000884997 
0.00091109 0.000969267 0.00116876 0.00152959 0.00208577 0.00288659 0.00399799 0.00550391 0.00750764 0.0101327 0.0135229 0.0178421 0.0232717 0.0300077 0.0382555 0.0482235 0.060115 0.0741186 0.0903983 0.109083 0.130256 0.153946 0.180122 0.208684 0.239467 0.27224 0.306709 0.342531 0.379319 0.416662 0.454134 0.49131 0.527784 0.563177 0.597152 0.62942 0.659744 0.687943 0.713892 0.737515 0.758786 0.777713 0.794339 0.808729 0.820962 0.831125 0.839303 0.845575 0.850007 0.852649 0.853533 0.852669 0.850043 0.845623 0.839358 0.831179 0.821004 0.808748 0.794323 0.777649 0.758662 0.737319 0.713613 0.687575 0.659282 0.628864 0.596508 0.562453 0.526995 0.490474 0.453273 0.415801 0.378482 0.341742 0.305992 0.271614 0.238947 0.208279 0.179836 0.153778 0.130198 0.109125 0.0905264 0.0743159 0.0603643 0.0485075 0.0385582 0.0303148 0.0235714 0.0181251 0.0137825 0.0103646 0.00770967 0.00567558 0.00414009 0.00300076 0.00217405 0.00159412 0.00121144 0.000991779 
0.00101341 0.00107797 0.00129861 0.0016972 0.00231086 0.00319327 0.00441609 0.00607033 0.00826764 0.0111411 0.0148452 0.0195549 0.0254634 0.032778 0.0417144 0.0524899 0.0653141 0.0803785 0.0978463 0.117841 0.140435 0.165641 0.193408 0.223612 0.256056 0.29048 0.326557 0.36391 0.402124 0.440758 0.479363 0.517498 0.554745 0.590721 0.625091 0.657572 0.687943 0.716041 0.741762 0.765056 0.78592 0.80439 0.820534 0.83444 0.84621 0.855948 0.863757 0.869729 0.873941 0.87645 0.877292 0.876479 0.873995 0.869805 0.863849 0.856046 0.846304 0.834519 0.820584 0.804397 0.785869 0.764933 0.741556 0.715741 0.687542 0.657068 0.624487 0.590025 0.553969 0.516661 0.478486 0.439866 0.401244 0.363069 0.32578 0.289789 0.255469 0.223141 0.19306 0.165417 0.140328 0.117843 0.0979428 0.0805528 0.0655483 0.0527661 0.0420153 0.0330882 0.0257699 0.0198471 0.0151153 0.011384 0.00848045 0.00625205 0.00456716 0.0033151 0.00240536 0.00176645 0.0013445 0.00110223 
