0.00127432 0.00128983 0.00134154 0.00143016 0.00155667 0.00172241 0.00192908 0.00217869 0.0024735 0.00281601 0.00320889 0.00365492 0.00415692 0.00471768 0.00533991 0.00602611 0.00677854 0.00759909 0.00848924 0.00944995 0.0104816 0.0115839 0.0127558 0.0139954 0.0153003 0.0166667 0.0180904 0.0195659 0.021087 0.0226466 0.0242367 0.0258485 0.0274725 0.0290986 0.0307161 0.0323138 0.0338804 0.0354041 0.0368732 0.0382763 0.0396019 0.0408392 0.0419776 0.0430074 0.0439197 0.0447064 0.0453606 0.0458764 0.0462491 0.0464755 0.0465533 0.046482 0.0462622 0.045896 0.0453866 0.0447388 0.0439584 0.0430523 0.0420285 0.0408961 0.0396646 0.0383445 0.0369468 0.0354827 0.0339638 0.0324017 0.030808 0.0291942 0.0275714 0.0259502 0.0243408 0.0227526 0.0211944 0.0196741 0.0181989 0.0167751 0.0154079 0.0141018 0.0128604 0.0116863 0.0105813 0.00954657 0.00858236 0.00768836 0.00686363 0.00610676 0.00541586 0.00478873 0.0042229 0.0037157 0.00326438 0.00286613 0.0025182 0.00221795 0.0019629 0.00175078 0.00157961 0.0014477 0.00135371 0.00129675 
0.00128983 0.00130554 0.0013579 0.00144762 0.00157569 0.00174347 0.00195267 0.00220532 0.00250372 0.00285039 0.00324802 0.00369942 0.00420744 0.00477491 0.00540454 0.00609888 0.00686018 0.00769036 0.00859092 0.00956279 0.0106064 0.0117213 0.0129066 0.0141604 0.01548 0.0168618 0.0183014 0.0197933 0.0213312 0.0229079 0.0245154 0.0261447 0.0277863 0.0294299 0.0310647 0.0326794 0.0342625 0.0358022 0.0372868 0.0387045 0.0400439 0.0412939 0.042444 0.0434844 0.0444061 0.0452008 0.0458617 0.0463827 0.0467592 0.0469877 0.0470663 0.0469942 0.0467721 0.0464021 0.0458875 0.045233 0.0444445 0.0435291 0.0424947 0.0413505 0.0401062 0.0387724 0.03736 0.0358805 0.0343456 0.0327669 0.0311563 0.0295253 0.027885 0.0262463 0.0246194 0.0230138 0.0214385 0.0199015 0.01841 0.0169702 0.0155877 0.0142669 0.0130114 0.0118239 0.0107063 0.00965968 0.00868432 0.00777993 0.00694558 0.00617984 0.00548081 0.00484627 0.00427373 0.0037605 0.00330379 0.00290077 0.00254867 0.0022448 0.00198668 0.00177201 0.00159877 0.00146527 0.00137014 0.00131251 
0.00134154 0.0013579 0.0014123 0.00150546 0.00163842 0.00181257 0.00202968 0.00229183 0.0026014 0.00296097 0.00337332 0.00384133 0.00436793 0.00495602 0.00560839 0.00632762 0.00711603 0.00797557 0.00890774 0.00991348 0.0109932 0.0121464 0.0133721 0.0146683 0.0160322 0.0174601 0.0189473 0.0204882 0.0220762 0.023704 0.0253631 0.0270445 0.0287381 0.0304335 0.0321194 0.0337843 0.0354164 0.0370035 0.0385334 0.0399943 0.0413742 0.0426619 0.0438465 0.044918 0.0458671 0.0466854 0.0473658 0.0479021 0.0482896 0.0485248 0.0486056 0.0485312 0.0483023 0.0479212 0.0473911 0.046717 0.0459048 0.0449619 0.0438964 0.0427176 0.0414356 0.0400612 0.0386057 0.0370808 0.0354985 0.033871 0.0322102 0.030528 0.0288361 0.0271454 0.0254666 0.0238095 0.0221832 0.0205962 0.0190558 0.0175686 0.0161401 0.0147751 0.0134773 0.0122495 0.0110937 0.010011 0.00900188 0.00806593 0.00720227 0.00640944 0.00568553 0.00502827 0.00443509 0.00390325 0.00342989 0.00301211 0.00264705 0.00233196 0.00206426 0.0018416 0.00166191 0.00152343 0.00142477 0.00136501 
0.00143016 0.00144762 0.00150546 0.00160446 0.00174568 0.0019306 0.00216107 0.00243928 0.0027677 0.00314905 0.00358622 0.00408223 0.00464014 0.00526295 0.00595355 0.00671465 0.00754861 0.00845745 0.00944267 0.0105052 0.0116454 0.0128628 0.0141561 0.0155233 0.0169613 0.0184662 0.0200329 0.0216557 0.0233274 0.0250403 0.0267856 0.0285537 0.030334 0.0321156 0.0338868 0.0356353 0.0373488 0.0390147 0.0406201 0.0421527 0.0436 0.0449503 0.0461923 0.0473154 0.04831 0.0491675 0.0498803 0.0504421 0.0508479 0.0510941 0.0511784 0.0511002 0.0508602 0.0504605 0.0499048 0.0491981 0.0483466 0.0473579 0.0462406 0.0450044 0.0436597 0.0422179 0.0406906 0.0390902 0.0374292 0.0357203 0.033976 0.0322088 0.0304307 0.0286534 0.0268881 0.025145 0.0234338 0.0217633 0.0201412 0.0185746 0.0170694 0.0156305 0.0142619 0.0129666 0.0117469 0.0106038 0.00953797 0.00854906 0.00763618 0.00679785 0.00603211 0.00533661 0.00470871 0.00414554 0.00364412 0.00320144 0.00281451 0.00248046 0.00219659 0.00196045 0.00176985 0.00162296 0.00151831 0.00145495 
0.00155667 0.00157569 0.00163842 0.00174568 0.00189861 0.0020988 0.0023482 0.00264914 0.00300425 0.00341642 0.00388871 0.00442432 0.00502646 0.00569833 0.00644295 0.00726315 0.00816139 0.00913976 0.0101998 0.0113424 0.0125678 0.0138755 0.0152641 0.0167311 0.0182733 0.0198864 0.021565 0.0233027 0.0250919 0.0269244 0.0287906 0.0306803 0.0325823 0.0344847 0.0363753 0.038241 0.0400686 0.0418447 0.0435559 0.0451888 0.0467305 0.0481683 0.0494905 0.0506859 0.0517443 0.0526565 0.0534146 0.054012 0.0544433 0.0547049 0.0547942 0.0547107 0.054455 0.0540294 0.0534379 0.0526855 0.0517791 0.0507264 0.0495367 0.0482201 0.0467877 0.0452515 0.0436238 0.0419177 0.0401465 0.0383235 0.0364622 0.0345757 0.0326769 0.0307783 0.0288915 0.0270278 0.0251973 0.0234095 0.0216729 0.0199947 0.0183816 0.0168387 0.0153705 0.0139803 0.0126704 0.0114423 0.0102966 0.00923305 0.00825075 0.00734822 0.00652343 0.00577393 0.00509696 0.00448951 0.00394843 0.00347053 0.00305267 0.00269178 0.00238502 0.00212977 0.00192372 0.00176491 0.00165179 0.00158334 
0.00172241 0.00174347 0.00181257 0.0019306 0.0020988 0.00231886 0.00259291 0.00292344 0.00331328 0.00376554 0.0042835 0.00487057 0.00553021 0.0062658 0.00708056 0.00797745 0.0089591 0.0100276 0.0111846 0.012431 0.0137668 0.0151914 0.0167031 0.0182993 0.0199763 0.0217293 0.0235523 0.0254384 0.0273794 0.0293662 0.0313884 0.0334349 0.0354937 0.0375519 0.0395963 0.0416129 0.0435874 0.0455055 0.0473527 0.0491147 0.0507777 0.0523282 0.0537535 0.0550418 0.056182 0.0571646 0.057981 0.058624 0.0590882 0.0593695 0.0594653 0.0593749 0.059099 0.0586403 0.0580026 0.0571916 0.0562145 0.0550797 0.0537968 0.0523769 0.0508317 0.049174 0.0474172 0.0455751 0.0436619 0.0416921 0.0396801 0.0376399 0.0355856 0.0335304 0.0314871 0.0294677 0.0274833 0.0255442 0.0236595 0.0218373 0.0200846 0.0184073 0.0168103 0.0152972 0.0138707 0.0125325 0.0112833 0.0101229 0.00905063 0.00806482 0.0071634 0.0063438 0.0056031 0.00493811 0.00434548 0.00382181 0.00336371 0.00296792 0.00263137 0.00235125 0.00212508 0.00195076 0.0018266 0.00175152 
0.00192908 0.00195267 0.00202968 0.00216107 0.0023482 0.00259291 0.0028975 0.00326469 0.00369756 0.00419946 0.00477396 0.00542472 0.00615548 0.00696984 0.00787128 0.00886293 0.00994755 0.0111274 0.012404 0.0137782 0.0152501 0.0168188 0.0184822 0.0202374 0.0220802 0.0240052 0.0260058 0.0280743 0.0302017 0.0323778 0.0345914 0.0368303 0.0390813 0.0413306 0.0435635 0.0457648 0.0479192 0.0500111 0.0520247 0.0539447 0.0557561 0.0574443 0.0589957 0.0603974 0.0616378 0.0627063 0.0635938 0.0642928 0.0647971 0.0651024 0.0652061 0.0651073 0.0648068 0.0643074 0.0636134 0.0627308 0.0616674 0.060432 0.0590354 0.0574891 0.055806 0.0539998 0.0520849 0.0500763 0.0479894 0.0458398 0.0436431 0.0414147 0.0391697 0.0369226 0.0346872 0.0324768 0.0303035 0.0281784 0.0261118 0.0241124 0.0221882 0.0203456 0.01859 0.0169256 0.0153555 0.0138815 0.0125047 0.0112249 0.0100416 0.00895293 0.00795686 0.00705065 0.00623117 0.00549503 0.00483862 0.00425829 0.00375038 0.00331136 0.00293791 0.00262698 0.00237589 0.00218234 0.00204451 0.00196121 
0.00217869 0.00220532 0.00229183 0.00243928 0.00264914 0.00292344 0.00326469 0.00367588 0.00416036 0.00472179 0.00536404 0.00609112 0.00690704 0.00781571 0.00882085 0.00992582 0.0111335 0.0124463 0.0138658 0.0153927 0.017027 0.0187674 0.0206116 0.0225562 0.0245964 0.0267261 0.0289379 0.0312232 0.033572 0.035973 0.0384138 0.0408811 0.0433601 0.0458358 0.0482921 0.0507123 0.0530797 0.0553773 0.0575879 0.0596948 0.0616816 0.0635327 0.0652331 0.0667689 0.0681275 0.0692976 0.0702691 0.071034 0.0715857 0.0719194 0.0720324 0.0719236 0.0715941 0.0710467 0.0702862 0.069319 0.0681535 0.0667995 0.0652683 0.0635727 0.0617265 0.0597445 0.0576426 0.055437 0.0531445 0.050782 0.0483666 0.045915 0.0434439 0.0409691 0.0385059 0.0360687 0.0336709 0.031325 0.0290421 0.0268321 0.0247037 0.0226642 0.0207198 0.0188751 0.0171336 0.0154977 0.0139686 0.0125463 0.0112302 0.0100187 0.00890948 0.00789964 0.00698588 0.00616455 0.00543175 0.00478352 0.0042159 0.00372505 0.00330734 0.00295946 0.00267845 0.00246183 0.00230759 0.00221443 
0.0024735 0.00250372 0.0026014 0.0027677 0.00300425 0.00331328 0.00369756 0.00416036 0.00470536 0.00533656 0.00605821 0.00687465 0.00779026 0.00880927 0.00993569 0.0111731 0.0125246 0.0139926 0.0155788 0.0172838 0.0191073 0.0210477 0.0231025 0.0252675 0.0275372 0.0299048 0.0323621 0.0348991 0.0375048 0.0401667 0.042871 0.0456028 0.048346 0.0510837 0.0537984 0.0564718 0.0590855 0.0616207 0.0640588 0.0663815 0.0685709 0.0706098 0.0724821 0.0741726 0.0756676 0.0769546 0.078023 0.0788639 0.0794701 0.0798366 0.0799603 0.0798401 0.0794771 0.0788744 0.0780371 0.0769724 0.0756893 0.0741983 0.072512 0.0706441 0.0686096 0.0664249 0.064107 0.0616738 0.0591436 0.056535 0.0538666 0.0511569 0.048424 0.0456855 0.0429582 0.0402581 0.0376 0.0349977 0.0324637 0.030009 0.0276433 0.0253749 0.0232107 0.021156 0.019215 0.0173904 0.0156837 0.0140951 0.0126241 0.0112691 0.0100276 0.00889657 0.00787252 0.00695149 0.00612925 0.0054015 0.00476391 0.0042123 0.0037427 0.00335147 0.00303538 0.00279168 0.00261819 0.00251347 
0.00281601 0.00285039 0.00296097 0.00314905 0.00341642 0.00376554 0.00419946 0.00472179 0.00533656 0.00604818 0.00686127 0.00778061 0.00881094 0.00995686 0.0112227 0.0126123 0.0141289 0.0157751 0.0175524 0.0194614 0.0215017 0.0236712 0.0259668 0.0283838 0.0309158 0.0335552 0.0362925 0.0391167 0.0420153 0.0449744 0.0479787 0.0510114 0.054055 0.0570906 0.060099 0.0630599 0.065953 0.0687579 0.071454 0.0740213 0.0764402 0.0786919 0.0807589 0.0826245 0.0842737 0.0856932 0.0868712 0.087798 0.0884659 0.0888694 0.0890051 0.088872 0.088471 0.0878058 0.0868818 0.0857067 0.0842904 0.0826445 0.0807825 0.0787194 0.0764717 0.0740572 0.0714945 0.0688031 0.0660033 0.0631152 0.0601595 0.0571564 0.054126 0.0510875 0.0480598 0.0450603 0.0421056 0.0392111 0.0363906 0.0336566 0.0310199 0.0284899 0.0260744 0.0237797 0.0216102 0.0195695 0.0176591 0.0158799 0.0142312 0.0127113 0.0113179 0.0100477 0.00889681 0.00786106 0.00693588 0.00611655 0.00539836 0.00477673 0.00424731 0.00380609 0.00344952 0.0031746 0.00297889 0.00286084 
0.00320889 0.00324802 0.00337332 0.00358622 0.00388871 0.0042835 0.00477396 0.00536404 0.00605821 0.00686127 0.00777832 0.00881456 0.00997516 0.0112651 0.0126891 0.0142511 0.0159548 0.0178026 0.0197962 0.021936 0.0242212 0.0266494 0.0292167 0.0319178 0.0347455 0.0376908 0.0407433 0.0438904 0.0471183 0.0504112 0.0537521 0.0571226 0.0605029 0.0638724 0.0672095 0.0704922 0.0736981 0.0768044 0.0797888 0.0826293 0.0853045 0.0877938 0.0900779 0.0921388 0.0939601 0.0955272 0.0968273 0.0978498 0.0985865 0.0990312 0.0991803 0.0990327 0.0985895 0.0978545 0.0968338 0.0955357 0.093971 0.0921523 0.0900942 0.0878134 0.0853276 0.0826564 0.0798202 0.0768404 0.0737389 0.0705383 0.0672609 0.0639293 0.0605654 0.0571907 0.0538258 0.0504903 0.0472025 0.0439795 0.0408369 0.0377885 0.0348466 0.0320219 0.0293231 0.0267573 0.02433 0.022045 0.0199046 0.0179096 0.0160597 0.0143532 0.0127876 0.0113595 0.0100647 0.00889875 0.00785664 0.00693325 0.00612343 0.00542217 0.00482468 0.00432657 0.00392394 0.00361346 0.00339247 0.00325923 
0.00365492 0.00369942 0.00384133 0.00408223 0.00442432 0.00487057 0.00542472 0.00609112 0.00687465 0.00778061 0.00881456 0.00998218 0.0112891 0.0127407 0.0143421 0.0160975 0.0180107 0.0200844 0.02232 0.0247178 0.0272766 0.0299935 0.0328641 0.035882 0.039039 0.042325 0.045728 0.0492342 0.0528278 0.0564914 0.0602059 0.0639507 0.0677042 0.0714433 0.0751443 0.0787829 0.0823343 0.0857737 0.0890765 0.0922185 0.0951763 0.0979275 0.100451 0.102727 0.104738 0.106467 0.107902 0.10903 0.109842 0.110332 0.110496 0.110333 0.109843 0.109031 0.107904 0.10647 0.104742 0.102733 0.100459 0.097938 0.0951898 0.0922354 0.0890973 0.0857989 0.0823643 0.0788181 0.075185 0.0714898 0.0677566 0.0640093 0.0602706 0.0565622 0.0529045 0.0493166 0.0458158 0.0424177 0.0391361 0.035983 0.0329683 0.0301002 0.027385 0.0248271 0.0224294 0.0201931 0.0181179 0.0162024 0.0144438 0.0128386 0.0113823 0.0100701 0.00889666 0.00785629 0.00694342 0.00615255 0.00547845 0.00491629 0.00446177 0.00411125 0.00386178 0.00371145 
0.00415692 0.00420744 0.00436793 0.00464014 0.00502646 0.00553021 0.00615548 0.00690704 0.00779026 0.00881094 0.00997516 0.0112891 0.0127589 0.0143904 0.0161889 0.0181592 0.020305 0.0226291 0.0251329 0.0278165 0.0306781 0.0337144 0.0369201 0.0402878 0.0438082 0.0474699 0.0512592 0.0551607 0.0591566 0.0632276 0.0673525 0.0715083 0.075671 0.0798153 0.0839149 0.0879431 0.0918725 0.0956761 0.0993268 0.102798 0.106065 0.109102 0.111886 0.114397 0.116614 0.118521 0.120102 0.121344 0.122239 0.122778 0.122958 0.122777 0.122237 0.121342 0.120098 0.118517 0.116611 0.114394 0.111885 0.109102 0.106067 0.102804 0.0993357 0.095689 0.0918901 0.0879657 0.0839432 0.0798496 0.0757117 0.0715556 0.0674065 0.0632885 0.0592242 0.0552348 0.0513397 0.0475563 0.0439001 0.0403845 0.037021 0.0338189 0.0307852 0.0279254 0.0252428 0.022739 0.020414 0.0182664 0.0162935 0.0144915 0.0128557 0.0113808 0.010061 0.00889034 0.00786262 0.00697184 0.00621228 0.00557865 0.00506623 0.004671 0.00438974 0.00422034 
0.00471768 0.00477491 0.00495602 0.00526295 0.00569833 0.0062658 0.00696984 0.00781571 0.00880927 0.00995686 0.0112651 0.0127407 0.0143904 0.0162203 0.0182363 0.0204432 0.0228452 0.0254449 0.0282437 0.0312412 0.0344353 0.0378219 0.0413948 0.0451456 0.0490636 0.053136 0.0573473 0.0616803 0.0661151 0.0706301 0.0752018 0.0798048 0.0844126 0.0889971 0.0935295 0.0979804 0.10232 0.106518 0.110545 0.114373 0.117973 0.121319 0.124386 0.12715 0.12959 0.131688 0.133427 0.134794 0.135777 0.13637 0.136567 0.136367 0.135772 0.134787 0.133418 0.131678 0.129579 0.127138 0.124374 0.121308 0.117964 0.114366 0.110541 0.106517 0.102323 0.0979888 0.0935436 0.0890175 0.0844397 0.079839 0.0752433 0.0706792 0.0661718 0.0617445 0.0574189 0.0532145 0.0491487 0.0452367 0.0414912 0.0379229 0.03454 0.0313488 0.0283532 0.0255553 0.0229555 0.0205525 0.0183434 0.0163244 0.0144904 0.0128359 0.0113546 0.0100399 0.0088852 0.0078839 0.00702976 0.006317 0.00574045 0.00529571 0.00497923 0.00478871 
0.00533991 0.00540454 0.00560839 0.00595355 0.00644295 0.00708056 0.00787128 0.00882085 0.00993569 0.0112227 0.0126891 0.0143421 0.0161889 0.0182363 0.0204903 0.0229563 0.0256383 0.028539 0.0316597 0.0349996 0.038556 0.042324 0.0462964 0.0504636 0.0548136 0.0593315 0.0640005 0.0688008 0.0737106 0.0787059 0.0837604 0.0888463 0.0939342 0.0989933 0.103992 0.108898 0.113678 0.1183 0.122733 0.126943 0.130901 0.134579 0.137948 0.140983 0.143662 0.145965 0.147873 0.149372 0.15045 0.1511 0.151316 0.151096 0.150442 0.14936 0.147858 0.145947 0.143642 0.140961 0.137924 0.134555 0.130878 0.126921 0.122713 0.118284 0.113666 0.10889 0.10399 0.0989978 0.0939457 0.0888654 0.0837875 0.0787413 0.0737546 0.0688533 0.0640613 0.0594006 0.0548903 0.0505476 0.046387 0.0424203 0.0386572 0.0351048 0.0317679 0.0286491 0.0257491 0.0230668 0.0205994 0.0183429 0.0162919 0.0144406 0.012782 0.0113093 0.0100151 0.00889236 0.00793427 0.00713451 0.00648743 0.00598823 0.00563301 0.00541927 
0.00602611 0.00609888 0.00632762 0.00671465 0.00726315 0.00797745 0.00886293 0.00992582 0.0111731 0.0126123 0.0142511 0.0160975 0.0181592 0.0204432 0.0229563 0.0257037 0.0286899 0.0319174 0.0353871 0.0390979 0.0430465 0.047227 0.0516312 0.056248 0.0610637 0.066062 0.0712236 0.0765268 0.0819471 0.0874581 0.0930307 0.0986343 0.104236 0.109803 0.115301 0.120693 0.125944 0.131019 0.135882 0.1405 0.14484 0.14887 0.152561 0.155885 0.158818 0.161338 0.163425 0.165065 0.166244 0.166954 0.16719 0.166948 0.166233 0.165048 0.163403 0.161311 0.158787 0.155851 0.152525 0.148832 0.144802 0.140463 0.135846 0.130985 0.125914 0.120667 0.115281 0.10979 0.10423 0.0986363 0.0930414 0.0874779 0.0819763 0.0765655 0.0712719 0.0661196 0.0611304 0.0563231 0.0517142 0.0473172 0.0431429 0.0391995 0.0354929 0.0320261 0.0288004 0.0258149 0.0230667 0.0205519 0.0182647 0.0161989 0.0143473 0.0127022 0.0112558 0.0100005 0.00892891 0.00803411 0.00730996 0.00675122 0.00635366 0.00611454 
0.00677854 0.00686018 0.00711603 0.00754861 0.00816139 0.0089591 0.00994755 0.0111335 0.0125246 0.0141289 0.0159548 0.0180107 0.020305 0.0228452 0.0256383 0.0286899 0.0320043 0.0355842 0.0394301 0.0435404 0.0479108 0.0525347 0.0574025 0.0625016 0.0678167 0.0733293 0.079018 0.0848586 0.0908242 0.0968853 0.10301 0.109165 0.115314 0.121421 0.127448 0.133356 0.139106 0.144661 0.149981 0.155031 0.159774 0.164176 0.168207 0.171836 0.175037 0.177786 0.180063 0.181851 0.183136 0.18391 0.184166 0.183902 0.183121 0.181828 0.180033 0.17775 0.174995 0.17179 0.168157 0.164124 0.15972 0.154976 0.149927 0.144608 0.139057 0.133311 0.127408 0.121388 0.115289 0.109148 0.103002 0.0968874 0.0908366 0.0848816 0.0790517 0.0733736 0.0678714 0.0625662 0.0574764 0.0526172 0.0480009 0.043637 0.0395322 0.0356906 0.0321136 0.0288007 0.0257493 0.0229552 0.0204125 0.0181146 0.0160537 0.0142217 0.0126104 0.0112112 0.0100164 0.00901835 0.00821047 0.00758705 0.00714348 0.00687679 
0.00759909 0.00769036 0.00797557 0.00845745 0.00913976 0.0100276 0.0111274 0.0124463 0.0139926 0.0157751 0.0178026 0.0200844 0.0226291 0.0254449 0.028539 0.0319174 0.0355842 0.039542 0.043791 0.0483288 0.0531505 0.0582481 0.0636108 0.0692243 0.0750714 0.0811314 0.0873806 0.0937922 0.100336 0.106981 0.113691 0.120429 0.127157 0.133834 0.14042 0.146872 0.153148 0.159208 0.165009 0.170512 0.175678 0.180472 0.184859 0.188807 0.192289 0.195278 0.197754 0.199697 0.201094 0.201934 0.202211 0.201924 0.201074 0.199668 0.197716 0.195233 0.192236 0.188748 0.184795 0.180404 0.175607 0.170438 0.164935 0.159135 0.153078 0.146806 0.140359 0.13378 0.12711 0.120391 0.113663 0.106963 0.10033 0.0937974 0.0873977 0.0811604 0.0751121 0.0692765 0.0636737 0.0583211 0.0532326 0.048419 0.0438881 0.0396447 0.035691 0.0320269 0.0286498 0.0255554 0.0227379 0.0201901 0.0179038 0.0158705 0.0140811 0.0125268 0.0111989 0.0100893 0.009191 0.00849768 0.0080044 0.00770792 
0.00848924 0.00859092 0.00890774 0.00944267 0.0101998 0.0111846 0.012404 0.0138658 0.0155788 0.0175524 0.0197962 0.02232 0.0251329 0.0282437 0.0316597 0.0353871 0.0394301 0.043791 0.0484694 0.0534624 0.0587639 0.064365 0.070253 0.076412 0.0828227 0.0894621 0.0963039 0.103319 0.110473 0.117733 0.125059 0.132411 0.139747 0.147023 0.154195 0.161217 0.168044 0.174632 0.180935 0.186912 0.192521 0.197723 0.202481 0.206762 0.210536 0.213775 0.216457 0.218561 0.220074 0.220984 0.221284 0.220972 0.220051 0.218527 0.216412 0.21372 0.210471 0.206689 0.202401 0.197637 0.192431 0.186819 0.180841 0.174537 0.167952 0.161128 0.15411 0.146945 0.139676 0.132349 0.125008 0.117693 0.110446 0.103304 0.0963022 0.0894737 0.0828475 0.0764497 0.0703031 0.0644267 0.0588365 0.0535446 0.04856 0.0438886 0.0395333 0.0354942 0.0317692 0.0283539 0.0252423 0.0224269 0.0198992 0.0176499 0.0156696 0.0139487 0.0124779 0.0112486 0.010253 0.0094846 0.00893788 0.0086094 
0.00944995 0.00956279 0.00991348 0.0105052 0.0113424 0.012431 0.0137782 0.0153927 0.0172838 0.0194614 0.021936 0.0247178 0.0278165 0.0312412 0.0349996 0.0390979 0.0435404 0.0483288 0.0534624 0.0589373 0.0647465 0.0708795 0.0773221 0.0840564 0.0910609 0.0983101 0.105775 0.113423 0.121218 0.129122 0.137093 0.145087 0.153058 0.16096 0.168743 0.176359 0.18376 0.190897 0.197722 0.204191 0.210258 0.215883 0.221026 0.225652 0.229728 0.233226 0.236121 0.238393 0.240025 0.241006 0.241329 0.240992 0.239997 0.238352 0.236067 0.23316 0.229651 0.225565 0.22093 0.215779 0.210149 0.204077 0.197606 0.190779 0.183643 0.176245 0.168634 0.160856 0.152963 0.145001 0.137018 0.129059 0.121168 0.113386 0.105752 0.0983022 0.0910677 0.0840777 0.0773574 0.0709282 0.0648077 0.0590098 0.0535449 0.0484199 0.0436385 0.0392014 0.0351067 0.0313501 0.0279255 0.0248252 0.0220401 0.0195606 0.0173765 0.0154777 0.0138543 0.012497 0.0113975 0.0105487 0.00994488 0.00958219 
0.0104816 0.0106064 0.0109932 0.0116454 0.0125678 0.0137668 0.0152501 0.017027 0.0191073 0.0215017 0.0242212 0.0272766 0.0306781 0.0344353 0.038556 0.0430465 0.0479108 0.0531505 0.0587639 0.0647465 0.0710899 0.077782 0.084807 0.0921449 0.0997716 0.107659 0.115776 0.124085 0.132549 0.141125 0.149767 0.158429 0.16706 0.17561 0.184027 0.192259 0.200253 0.207958 0.215322 0.222298 0.228839 0.234899 0.240439 0.245419 0.249806 0.25357 0.256684 0.259127 0.260882 0.261937 0.262284 0.26192 0.26085 0.25908 0.256622 0.253494 0.249717 0.245317 0.240326 0.234777 0.228709 0.222163 0.215183 0.207816 0.200111 0.192119 0.183892 0.17548 0.166938 0.158316 0.149665 0.141035 0.132474 0.124024 0.11573 0.10763 0.0997584 0.0921478 0.0848257 0.0778158 0.0711379 0.0648076 0.0588368 0.0532336 0.0480026 0.0431451 0.0386595 0.0345419 0.0307859 0.0273836 0.0243256 0.0216018 0.0192014 0.0171136 0.0153279 0.0138346 0.0126246 0.0116904 0.0110257 0.0106266 
0.0115839 0.0117213 0.0121464 0.0128628 0.0138755 0.0151914 0.0168188 0.0187674 0.0210477 0.0236712 0.0266494 0.0299935 0.0337144 0.0378219 0.042324 0.047227 0.0525347 0.0582481 0.064365 0.0708795 0.077782 0.085059 0.0926924 0.10066 0.108935 0.117488 0.126282 0.135279 0.144436 0.153709 0.163046 0.172399 0.181712 0.190932 0.200002 0.208868 0.217472 0.22576 0.233679 0.241175 0.2482 0.254707 0.260653 0.265996 0.270701 0.274736 0.278074 0.280692 0.282572 0.283702 0.284073 0.283683 0.282536 0.280638 0.278003 0.274649 0.270598 0.265879 0.260523 0.254567 0.24805 0.241018 0.233516 0.225594 0.217304 0.208701 0.199839 0.190774 0.181561 0.172257 0.162916 0.153592 0.144334 0.135192 0.126212 0.117435 0.1089 0.100643 0.0926924 0.0850759 0.077815 0.0709274 0.0644265 0.0583217 0.0526187 0.0473194 0.0424228 0.0379251 0.03382 0.0300993 0.0267535 0.0237717 0.0211427 0.0188552 0.016898 0.0152606 0.0139337 0.012909 0.01218 0.0117424 
0.0127558 0.0129066 0.0133721 0.0141561 0.0152641 0.0167031 0.0184822 0.0206116 0.0231025 0.0259668 0.0292167 0.0328641 0.0369201 0.0413948 0.0462964 0.0516312 0.0574025 0.0636108 0.070253 0.0773221 0.084807 0.0926924 0.100958 0.10958 0.118528 0.127768 0.137264 0.146971 0.156845 0.166835 0.176889 0.186952 0.196966 0.206873 0.216614 0.226129 0.235357 0.244242 0.252726 0.260753 0.268273 0.275234 0.281592 0.287304 0.292332 0.296644 0.300209 0.303004 0.305011 0.306217 0.306613 0.306196 0.304971 0.302943 0.300129 0.296545 0.292216 0.287172 0.281445 0.275074 0.268102 0.260573 0.252538 0.24405 0.235163 0.225934 0.216422 0.206686 0.196786 0.186781 0.17673 0.166689 0.156714 0.146857 0.137167 0.12769 0.118469 0.10954 0.100938 0.0926906 0.0848232 0.0773551 0.0703016 0.0636733 0.0574771 0.051716 0.0463893 0.0414935 0.0370224 0.0329678 0.0293197 0.0260669 0.0231977 0.0207001 0.0185624 0.0167735 0.0153233 0.0142034 0.0134066 0.0129285 
0.0139954 0.0141604 0.0146683 0.0155233 0.0167311 0.0182993 0.0202374 0.0225562 0.0252675 0.0283838 0.0319178 0.035882 0.0402878 0.0451456 0.0504636 0.056248 0.0625016 0.0692243 0.076412 0.0840564 0.0921449 0.10066 0.10958 0.118876 0.128519 0.138469 0.148686 0.159124 0.169733 0.18046 0.191248 0.202037 0.212768 0.223377 0.233801 0.243976 0.25384 0.263331 0.272389 0.280955 0.288975 0.296397 0.303172 0.309257 0.314612 0.319201 0.322996 0.325971 0.328106 0.329388 0.329809 0.329365 0.328061 0.325903 0.322907 0.319092 0.314483 0.30911 0.303008 0.296218 0.288783 0.280752 0.272177 0.263113 0.253618 0.243753 0.233579 0.223159 0.212557 0.201835 0.191057 0.180283 0.169572 0.15898 0.148561 0.138363 0.128434 0.118813 0.109537 0.100638 0.0921425 0.0840729 0.076446 0.0692742 0.0625655 0.0563238 0.0505492 0.0452386 0.0403858 0.0359826 0.0320187 0.0284827 0.0253622 0.0226448 0.0203181 0.0183704 0.0167912 0.0155715 0.0147036 0.014183 
0.0153003 0.01548 0.0160322 0.0169613 0.0182733 0.0199763 0.0220802 0.0245964 0.0275372 0.0309158 0.0347455 0.039039 0.0438082 0.0490636 0.0548136 0.0610637 0.0678167 0.0750714 0.0828227 0.0910609 0.0997716 0.108935 0.118528 0.128519 0.138873 0.149551 0.160507 0.171692 0.183053 0.194531 0.206066 0.217596 0.229055 0.240376 0.251493 0.262338 0.272845 0.282949 0.292586 0.301695 0.31022 0.318105 0.3253 0.331759 0.337442 0.342311 0.346335 0.349489 0.351753 0.353112 0.353558 0.353087 0.351704 0.349415 0.346238 0.34219 0.3373 0.331597 0.325119 0.317907 0.310007 0.301469 0.292349 0.282704 0.272595 0.262086 0.251241 0.240128 0.228812 0.217362 0.205844 0.194322 0.18286 0.171517 0.160352 0.149417 0.138761 0.128429 0.118461 0.108891 0.099749 0.0910592 0.0828405 0.0751071 0.0678684 0.0611293 0.0548906 0.0491497 0.0439008 0.0391356 0.0348435 0.0310128 0.0276309 0.0246845 0.0221608 0.0200477 0.018334 0.0170101 0.0160682 0.0155032 
0.0166667 0.0168618 0.0174601 0.0184662 0.0198864 0.0217293 0.0240052 0.0267261 0.0299048 0.0335552 0.0376908 0.042325 0.0474699 0.053136 0.0593315 0.066062 0.0733293 0.0811314 0.0894621 0.0983101 0.107659 0.117488 0.127768 0.138469 0.149551 0.160971 0.17268 0.184625 0.196749 0.20899 0.221284 0.233563 0.245758 0.257799 0.269614 0.281134 0.292288 0.303007 0.313225 0.32288 0.331909 0.340258 0.347873 0.354707 0.360716 0.365864 0.370118 0.373451 0.375843 0.377279 0.377749 0.377252 0.375789 0.373371 0.370012 0.365733 0.360562 0.35453 0.347675 0.340041 0.331676 0.322631 0.312965 0.302737 0.29201 0.280853 0.269332 0.257519 0.245483 0.233296 0.221028 0.208749 0.196524 0.184419 0.172494 0.160806 0.14941 0.138352 0.127676 0.117419 0.107615 0.0982886 0.0894622 0.0811515 0.0733674 0.0661159 0.0593988 0.053214 0.047556 0.0424165 0.0377851 0.0336495 0.0299967 0.0268131 0.0240854 0.0218006 0.0199473 0.0185154 0.0174966 0.0168856 
0.0180904 0.0183014 0.0189473 0.0200329 0.021565 0.0235523 0.0260058 0.0289379 0.0323621 0.0362925 0.0407433 0.045728 0.0512592 0.0573473 0.0640005 0.0712236 0.079018 0.0873806 0.0963039 0.105775 0.115776 0.126282 0.137264 0.148686 0.160507 0.17268 0.185152 0.197867 0.210763 0.223774 0.236832 0.249866 0.262801 0.275565 0.288082 0.300277 0.312078 0.323413 0.334212 0.344409 0.353942 0.362752 0.370784 0.377989 0.384324 0.389748 0.394229 0.39774 0.400259 0.40177 0.402265 0.401741 0.400201 0.397654 0.394116 0.389608 0.384158 0.377799 0.370571 0.362517 0.353689 0.344139 0.333927 0.323117 0.311773 0.299967 0.287769 0.275254 0.262494 0.249566 0.236544 0.223499 0.210504 0.197628 0.184934 0.172484 0.160336 0.148541 0.137144 0.126188 0.115708 0.105732 0.0962849 0.0873837 0.0790411 0.0712646 0.0640567 0.0574162 0.0513379 0.0458136 0.0408329 0.0363833 0.0324514 0.0290233 0.026085 0.0236232 0.0216258 0.0200823 0.0189841 0.0183257 
0.0195659 0.0197933 0.0204882 0.0216557 0.0233027 0.0254384 0.0280743 0.0312232 0.0348991 0.0391167 0.0438904 0.0492342 0.0551607 0.0616803 0.0688008 0.0765268 0.0848586 0.0937922 0.103319 0.113423 0.124085 0.135279 0.146971 0.159124 0.171692 0.184625 0.197867 0.211357 0.225029 0.238814 0.252639 0.266428 0.280105 0.29359 0.306806 0.319675 0.33212 0.344066 0.355441 0.366177 0.376209 0.385475 0.393919 0.401492 0.408146 0.413843 0.418548 0.422234 0.424877 0.426464 0.426983 0.426433 0.424816 0.422142 0.418428 0.413694 0.407969 0.401288 0.393691 0.385223 0.375936 0.365886 0.355134 0.343745 0.331789 0.319337 0.306464 0.293248 0.279765 0.266096 0.252317 0.238505 0.224737 0.211084 0.197616 0.184398 0.17149 0.158949 0.146824 0.135159 0.123993 0.113358 0.103279 0.093777 0.0848656 0.0765536 0.0688449 0.0617389 0.0552308 0.0493129 0.0439745 0.0392033 0.0349853 0.0313064 0.028152 0.0255084 0.023363 0.0217049 0.0205252 0.019818 
0.021087 0.0213312 0.0220762 0.0233274 0.0250919 0.0273794 0.0302017 0.033572 0.0375048 0.0420153 0.0471183 0.0528278 0.0591566 0.0661151 0.0737106 0.0819471 0.0908242 0.100336 0.110473 0.121218 0.132549 0.144436 0.156845 0.169733 0.183053 0.196749 0.210763 0.225029 0.239478 0.254036 0.268626 0.283168 0.297581 0.311784 0.325694 0.339231 0.352313 0.364863 0.376807 0.388074 0.398596 0.408311 0.41716 0.425093 0.432062 0.438026 0.442951 0.446807 0.449573 0.451232 0.451776 0.4512 0.449508 0.446711 0.442823 0.437868 0.431875 0.424878 0.416918 0.408043 0.398306 0.387763 0.376478 0.364519 0.351956 0.338865 0.325324 0.311412 0.297211 0.282803 0.26827 0.253693 0.239152 0.224722 0.210478 0.196489 0.182819 0.169528 0.156669 0.144289 0.132432 0.12113 0.110413 0.100302 0.0908139 0.0819588 0.0737416 0.0661624 0.0592173 0.0528987 0.0471961 0.0420969 0.0375873 0.0336523 0.0302773 0.0274481 0.0251515 0.0233763 0.0221132 0.0213562 
0.0226466 0.0229079 0.023704 0.0250403 0.0269244 0.0293662 0.0323778 0.035973 0.0401667 0.0449744 0.0504112 0.0564914 0.0632276 0.0706301 0.0787059 0.0874581 0.0968853 0.106981 0.117733 0.129122 0.141125 0.153709 0.166835 0.18046 0.194531 0.20899 0.223774 0.238814 0.254036 0.269362 0.284711 0.299999 0.315142 0.330054 0.344649 0.358843 0.372552 0.385696 0.398199 0.409986 0.420988 0.431141 0.440387 0.448671 0.455946 0.46217 0.467308 0.471331 0.474216 0.475947 0.476513 0.475913 0.474149 0.471231 0.467175 0.462005 0.45575 0.448445 0.440132 0.430859 0.420681 0.409656 0.397849 0.385329 0.372171 0.358451 0.34425 0.329652 0.31474 0.299602 0.284322 0.268985 0.253676 0.238473 0.223456 0.208697 0.194265 0.180223 0.166629 0.153533 0.140981 0.129009 0.117649 0.106926 0.0968567 0.0874535 0.0787226 0.0706653 0.063278 0.0565536 0.050482 0.0450504 0.0402447 0.03605 0.032451 0.0294331 0.0269829 0.0250887 0.0237408 0.0229332 
0.0242367 0.0245154 0.0253631 0.0267856 0.0287906 0.0313884 0.0345914 0.0384138 0.042871 0.0479787 0.0537521 0.0602059 0.0673525 0.0752018 0.0837604 0.0930307 0.10301 0.113691 0.125059 0.137093 0.149767 0.163046 0.176889 0.191248 0.206066 0.221284 0.236832 0.252639 0.268626 0.284711 0.300809 0.316833 0.332694 0.348302 0.36357 0.378408 0.39273 0.406455 0.419502 0.431796 0.443266 0.453846 0.463475 0.4721 0.479672 0.486148 0.491493 0.495677 0.498677 0.500476 0.501065 0.500441 0.498607 0.495573 0.491355 0.485977 0.479468 0.471864 0.463209 0.453551 0.442944 0.431449 0.419133 0.406067 0.392326 0.377991 0.363144 0.347872 0.332262 0.316404 0.300388 0.284301 0.268232 0.252264 0.23648 0.220957 0.205768 0.19098 0.176653 0.162842 0.149596 0.136955 0.124952 0.113615 0.102962 0.0930091 0.0837622 0.0752239 0.0673917 0.0602587 0.0538151 0.0480483 0.042944 0.0384869 0.0346617 0.0314532 0.0288477 0.0268332 0.0253996 0.0245408 
0.0258485 0.0261447 0.0270445 0.0285537 0.0306803 0.0334349 0.0368303 0.0408811 0.0456028 0.0510114 0.0571226 0.0639507 0.0715083 0.0798048 0.0888463 0.0986343 0.109165 0.120429 0.132411 0.145087 0.158429 0.172399 0.186952 0.202037 0.217596 0.233563 0.249866 0.266428 0.283168 0.299999 0.316833 0.333578 0.350141 0.366431 0.382354 0.39782 0.41274 0.427028 0.440604 0.453389 0.46531 0.476302 0.486303 0.495256 0.503114 0.509833 0.515376 0.519715 0.522825 0.524691 0.525302 0.524655 0.522753 0.519607 0.515234 0.509655 0.502903 0.495012 0.486027 0.475996 0.464975 0.453027 0.440218 0.426621 0.412314 0.39738 0.381903 0.365973 0.349681 0.333119 0.316381 0.299558 0.282741 0.26602 0.24948 0.233203 0.217265 0.201738 0.186685 0.172166 0.15823 0.144923 0.13228 0.120331 0.109098 0.098595 0.0888325 0.0798133 0.0715357 0.0639936 0.0571772 0.0510742 0.0456702 0.0409498 0.0368972 0.0334972 0.0307357 0.0286002 0.0270805 0.0261702 
0.0274725 0.0277863 0.0287381 0.030334 0.0325823 0.0354937 0.0390813 0.0433601 0.048346 0.054055 0.0605029 0.0677042 0.075671 0.0844126 0.0939342 0.104236 0.115314 0.127157 0.139747 0.153058 0.16706 0.181712 0.196966 0.212768 0.229055 0.245758 0.262801 0.280105 0.297581 0.315142 0.332694 0.350141 0.367389 0.38434 0.4009 0.416974 0.432471 0.447304 0.461389 0.474647 0.487004 0.498391 0.508747 0.518016 0.526147 0.533097 0.538831 0.543317 0.546533 0.548462 0.549093 0.548425 0.546459 0.543207 0.538685 0.532916 0.52593 0.517764 0.508463 0.498074 0.486656 0.474271 0.460987 0.446879 0.432026 0.416512 0.400425 0.383857 0.366902 0.349655 0.332212 0.31467 0.297123 0.279664 0.262384 0.245366 0.228692 0.212437 0.196669 0.18145 0.166834 0.152868 0.139592 0.127037 0.115227 0.104179 0.0939041 0.0844068 0.075686 0.0677364 0.0605486 0.0541104 0.0484074 0.0434241 0.0391446 0.0355533 0.0326357 0.0303793 0.0287735 0.0278118 
0.0290986 0.0294299 0.0304335 0.0321156 0.0344847 0.0375519 0.0413306 0.0458358 0.0510837 0.0570906 0.0638724 0.0714433 0.0798153 0.0889971 0.0989933 0.109803 0.121421 0.133834 0.147023 0.16096 0.17561 0.190932 0.206873 0.223377 0.240376 0.257799 0.275565 0.29359 0.311784 0.330054 0.348302 0.366431 0.38434 0.401931 0.419104 0.435764 0.451816 0.467172 0.481745 0.495456 0.508228 0.519994 0.530689 0.540257 0.548648 0.555819 0.561733 0.566359 0.569675 0.571664 0.572315 0.571626 0.569601 0.566248 0.561584 0.555634 0.548427 0.54 0.530397 0.519669 0.507871 0.495068 0.48133 0.466731 0.451354 0.435282 0.418608 0.401424 0.383828 0.365917 0.347792 0.329552 0.311295 0.293119 0.275115 0.257375 0.239982 0.223015 0.206546 0.190641 0.175357 0.160744 0.146844 0.133692 0.121313 0.109727 0.0989466 0.0889766 0.0798175 0.0714645 0.0639087 0.0571382 0.0511387 0.0458946 0.0413898 0.0376085 0.034536 0.0321595 0.0304682 0.0294553 
0.0307161 0.0310647 0.0321194 0.0338868 0.0363753 0.0395963 0.0435635 0.0482921 0.0537984 0.060099 0.0672095 0.0751443 0.0839149 0.0935295 0.103992 0.115301 0.127448 0.14042 0.154195 0.168743 0.184027 0.200002 0.216614 0.233801 0.251493 0.269614 0.288082 0.306806 0.325694 0.344649 0.36357 0.382354 0.4009 0.419104 0.436866 0.454086 0.470669 0.486524 0.501562 0.515704 0.528871 0.540994 0.552011 0.561862 0.570499 0.577878 0.583962 0.588721 0.592131 0.594176 0.594846 0.594139 0.592056 0.588608 0.583812 0.577691 0.570275 0.561601 0.551714 0.540663 0.528506 0.515306 0.501136 0.48607 0.470191 0.453587 0.43635 0.418576 0.400363 0.381815 0.363032 0.344119 0.325176 0.306305 0.287601 0.26916 0.251068 0.233409 0.216257 0.199683 0.183746 0.168501 0.153992 0.140255 0.127319 0.115206 0.103928 0.0934941 0.083904 0.0751542 0.0672362 0.0601384 0.0538467 0.0483454 0.0436184 0.0396496 0.0364242 0.033929 0.0321533 0.03109 
0.0323138 0.0326794 0.0337843 0.0356353 0.038241 0.0416129 0.0457648 0.0507123 0.0564718 0.0630599 0.0704922 0.0787829 0.0879431 0.0979804 0.108898 0.120693 0.133356 0.146872 0.161217 0.176359 0.192259 0.208868 0.226129 0.243976 0.262338 0.281134 0.300277 0.319675 0.339231 0.358843 0.378408 0.39782 0.416974 0.435764 0.454086 0.47184 0.488927 0.505254 0.520734 0.535282 0.548821 0.561283 0.572601 0.582719 0.591587 0.599161 0.605404 0.610286 0.613785 0.615883 0.616571 0.615845 0.61371 0.610173 0.605253 0.598972 0.591361 0.582455 0.5723 0.560946 0.54845 0.534876 0.520297 0.504789 0.488435 0.471325 0.453552 0.435216 0.416416 0.397257 0.377845 0.358286 0.338684 0.319145 0.299768 0.28065 0.261884 0.243555 0.225743 0.20852 0.191951 0.176092 0.16099 0.146684 0.133206 0.120579 0.108817 0.0979299 0.0879189 0.0787812 0.070509 0.063091 0.0565132 0.05076 0.0458152 0.0416627 0.0382874 0.0356759 0.0338173 0.0327045 
0.0338804 0.0342625 0.0354164 0.0373488 0.0400686 0.0435874 0.0479192 0.0530797 0.0590855 0.065953 0.0736981 0.0823343 0.0918725 0.10232 0.113678 0.125944 0.139106 0.153148 0.168044 0.18376 0.200253 0.217472 0.235357 0.25384 0.272845 0.292288 0.312078 0.33212 0.352313 0.372552 0.39273 0.41274 0.432471 0.451816 0.470669 0.488927 0.50649 0.523263 0.539156 0.554086 0.567975 0.580752 0.592353 0.60272 0.611803 0.619559 0.62595 0.630948 0.634528 0.636676 0.63738 0.636638 0.634453 0.630835 0.625799 0.61937 0.611576 0.602455 0.59205 0.580412 0.567599 0.553675 0.538711 0.522787 0.505986 0.488399 0.47012 0.451251 0.431893 0.412155 0.392145 0.37197 0.351741 0.331563 0.311541 0.291775 0.272362 0.253391 0.234944 0.217098 0.199919 0.183468 0.167794 0.152939 0.138937 0.125812 0.113581 0.102254 0.0918351 0.082321 0.0737048 0.0659757 0.0591198 0.0531217 0.047965 0.0436336 0.0401123 0.0373876 0.0354483 0.0342873 
0.0354041 0.0358022 0.0370035 0.0390147 0.0418447 0.0455055 0.0500111 0.0553773 0.0616207 0.0687579 0.0768044 0.0857737 0.0956761 0.106518 0.1183 0.131019 0.144661 0.159208 0.174632 0.190897 0.207958 0.22576 0.244242 0.263331 0.282949 0.303007 0.323413 0.344066 0.364863 0.385696 0.406455 0.427028 0.447304 0.467172 0.486524 0.505254 0.523263 0.540452 0.556732 0.572019 0.586233 0.599304 0.611167 0.621764 0.631046 0.63897 0.645498 0.650602 0.654259 0.656452 0.657171 0.656414 0.654184 0.65049 0.645348 0.638781 0.630819 0.621499 0.610863 0.598961 0.585853 0.571603 0.556282 0.539969 0.522749 0.504714 0.485961 0.466591 0.446709 0.426424 0.405848 0.385092 0.364267 0.343484 0.322849 0.302468 0.282439 0.262855 0.243802 0.22536 0.207599 0.19058 0.174358 0.158977 0.144471 0.130868 0.118187 0.106438 0.0956255 0.0857489 0.0768012 0.068772 0.0616478 0.0554133 0.0500521 0.045548 0.0418857 0.0390516 0.0370343 0.0358268 
0.0368732 0.0372868 0.0385334 0.0406201 0.0435559 0.0473527 0.0520247 0.0575879 0.0640588 0.071454 0.0797888 0.0890765 0.0993268 0.110545 0.122733 0.135882 0.149981 0.165009 0.180935 0.197722 0.215322 0.233679 0.252726 0.272389 0.292586 0.313225 0.334212 0.355441 0.376807 0.398199 0.419502 0.440604 0.461389 0.481745 0.501562 0.520734 0.539156 0.556732 0.573371 0.588987 0.603502 0.616843 0.628948 0.639757 0.649223 0.6573 0.663954 0.669155 0.672881 0.675116 0.67585 0.675079 0.672808 0.669044 0.663805 0.657113 0.648997 0.639493 0.628644 0.616501 0.60312 0.588568 0.572916 0.556243 0.538635 0.520184 0.500988 0.48115 0.460778 0.439982 0.418876 0.397573 0.376189 0.354836 0.333624 0.312662 0.292051 0.271887 0.252261 0.233254 0.214939 0.197383 0.18064 0.164757 0.149773 0.135714 0.122603 0.110451 0.0992633 0.0890404 0.0797758 0.0714597 0.0640789 0.057618 0.052061 0.0473915 0.0435941 0.0406551 0.0385632 0.037311 
0.0382763 0.0387045 0.0399943 0.0421527 0.0451888 0.0491147 0.0539447 0.0596948 0.0663815 0.0740213 0.0826293 0.0922185 0.102798 0.114373 0.126943 0.1405 0.155031 0.170512 0.186912 0.204191 0.222298 0.241175 0.260753 0.280955 0.301695 0.32288 0.344409 0.366177 0.388074 0.409986 0.431796 0.453389 0.474647 0.495456 0.515704 0.535282 0.554086 0.572019 0.588987 0.604906 0.619695 0.633285 0.64561 0.656613 0.666245 0.674463 0.681231 0.686521 0.69031 0.692583 0.693329 0.692546 0.690237 0.686411 0.681084 0.674278 0.666021 0.65635 0.645307 0.632943 0.619314 0.604485 0.588529 0.571525 0.553559 0.534724 0.515119 0.494849 0.474022 0.452752 0.431153 0.409341 0.387435 0.36555 0.343799 0.322293 0.301137 0.28043 0.260265 0.240727 0.221893 0.20383 0.186596 0.170241 0.154804 0.140315 0.126798 0.114264 0.102722 0.0921714 0.0826068 0.0740188 0.0663946 0.0597192 0.0539764 0.0491499 0.0452243 0.0421858 0.0400229 0.0387284 
0.0396019 0.0400439 0.0413742 0.0436 0.0467305 0.0507777 0.0557561 0.0616816 0.0685709 0.0764402 0.0853045 0.0951763 0.106065 0.117973 0.130901 0.14484 0.159774 0.175678 0.192521 0.210258 0.228839 0.2482 0.268273 0.288975 0.31022 0.331909 0.353942 0.376209 0.398596 0.420988 0.443266 0.46531 0.487004 0.508228 0.528871 0.548821 0.567975 0.586233 0.603502 0.619695 0.634735 0.64855 0.661074 0.672253 0.682035 0.69038 0.697251 0.702621 0.706467 0.708773 0.709531 0.708738 0.706395 0.702513 0.697106 0.690197 0.681814 0.671992 0.660774 0.648209 0.634354 0.619275 0.603042 0.585736 0.567443 0.548257 0.528278 0.507612 0.486367 0.46466 0.442607 0.420327 0.397939 0.375562 0.353312 0.331301 0.309639 0.288428 0.267762 0.247731 0.228412 0.209877 0.192185 0.175389 0.15953 0.144639 0.130741 0.117851 0.105977 0.0951187 0.0852728 0.0764298 0.0685773 0.0617005 0.0557832 0.0508093 0.0467633 0.0436313 0.0414017 0.0400674 
