4.24414e-05 4.35498e-05 4.7744e-05 5.52257e-05 6.63247e-05 8.15125e-05 0.000101406 0.000126773 0.000158534 0.000197768 0.000245711 0.00030376 0.000373463 0.000456515 0.00055474 0.000670075 0.000804544 0.000960224 0.00113921 0.00134355 0.00157524 0.0018361 0.00212776 0.00245159 0.00280862 0.00319947 0.0036243 0.00408276 0.0045739 0.00509617 0.0056474 0.00622472 0.00682463 0.00744298 0.008075 0.00871537 0.00935829 0.0099975 0.0106265 0.0112385 0.0118266 0.012384 0.0129041 0.0133805 0.0138071 0.0141786 0.0144901 0.0147374 0.0149174 0.0150277 0.0150666 0.0150338 0.0149298 0.0147558 0.0145143 0.0142085 0.0138425 0.013421 0.0129495 0.0124338 0.0118804 0.0112959 0.0106871 0.0100608 0.0094237 0.00878243 0.00814318 0.00751176 0.0068935 0.00629318 0.00571497 0.00516242 0.00463839 0.00414513 0.00368423 0.00325665 0.00286283 0.00250264 0.00217552 0.00188047 0.0016162 0.00138111 0.00117341 0.000991162 0.000832336 0.000694868 0.0005767 0.000475827 0.000390319 0.000318357 0.000258246 0.000208432 0.000167512 0.000134236 0.000107509 8.63942e-05 7.01038e-05 5.80004e-05 4.959e-05 4.45291e-05 
4.35498e-05 4.46913e-05 4.90031e-05 5.66925e-05 6.80985e-05 8.3706e-05 0.000104149 0.000130216 0.000162853 0.000203169 0.000252434 0.000312082 0.000383702 0.000469033 0.000569949 0.000688437 0.00082657 0.000986479 0.00117031 0.00138016 0.00161807 0.0018859 0.00218532 0.00251773 0.00288416 0.00328525 0.00372115 0.00419148 0.00469526 0.00523091 0.00579617 0.00638809 0.00700309 0.0076369 0.00828463 0.00894083 0.00959954 0.0102544 0.0108987 0.0115254 0.0121277 0.0126985 0.013231 0.0137187 0.0141554 0.0145357 0.0148545 0.0151076 0.0152918 0.0154046 0.0154444 0.0154108 0.0153042 0.015126 0.0148788 0.0145657 0.014191 0.0137594 0.0132766 0.0127486 0.0121818 0.0115832 0.0109596 0.0103181 0.00966541 0.00900838 0.00835334 0.00770624 0.00707255 0.00645718 0.00586439 0.00529783 0.00476045 0.00425455 0.00378177 0.00334313 0.00293906 0.00256945 0.00223373 0.0019309 0.00165963 0.00141829 0.00120504 0.00101791 0.000854817 0.000713645 0.000592287 0.000488684 0.000400859 0.000326944 0.000265201 0.000214034 0.000172003 0.000137823 0.000110371 8.86839e-05 7.19529e-05 5.95228e-05 5.08863e-05 4.56905e-05 
4.7744e-05 4.90031e-05 5.37286e-05 6.2146e-05 7.46242e-05 9.16903e-05 0.000114033 0.000142509 0.000178143 0.000222137 0.000275868 0.000340885 0.000418905 0.000511806 0.000621606 0.000750444 0.000900548 0.0010742 0.0012737 0.0015013 0.00175915 0.00204924 0.00237334 0.0027329 0.00312901 0.0035623 0.0040329 0.00454034 0.00508354 0.00566074 0.00626947 0.00690656 0.00756809 0.00824948 0.00894546 0.00965018 0.0103572 0.0110598 0.0117507 0.0124226 0.013068 0.0136794 0.0142495 0.0147715 0.0152389 0.0156456 0.0159865 0.0162572 0.016454 0.0165744 0.0166168 0.0165807 0.0164665 0.0162758 0.0160111 0.0156759 0.0152747 0.0148127 0.0142956 0.01373 0.0131228 0.0124812 0.0118126 0.0111245 0.0104243 0.00971904 0.0090156 0.00832037 0.00763921 0.0069774 0.00633954 0.00572957 0.0051507 0.00460543 0.00409556 0.00362223 0.00318594 0.00278663 0.00242371 0.00209614 0.00180253 0.00154116 0.00131008 0.00110717 0.000930219 0.000776963 0.00064514 0.000532538 0.000437032 0.000356608 0.000289392 0.000233662 0.000187859 0.000150595 0.000120654 9.69923e-05 7.87328e-05 6.51651e-05 5.57387e-05 5.00706e-05 
5.52257e-05 5.66925e-05 6.2146e-05 7.18434e-05 8.62051e-05 0.000105831 0.000131503 0.000164194 0.000205068 0.000255484 0.000316999 0.000391361 0.000480506 0.000586545 0.000711743 0.000858494 0.00102929 0.00122667 0.00145319 0.00171133 0.00200347 0.0023318 0.00269823 0.00310432 0.00355123 0.00403958 0.00456943 0.00514019 0.00575058 0.00639854 0.00708125 0.0077951 0.00853569 0.00929783 0.0100756 0.0108626 0.0116515 0.0124349 0.0132047 0.0139528 0.014671 0.0153509 0.0159847 0.0165646 0.0170836 0.0175351 0.0179133 0.0182135 0.0184316 0.0185649 0.0186117 0.0185713 0.0184442 0.0182322 0.0179381 0.0175658 0.01712 0.0166064 0.0160315 0.0154025 0.0147269 0.0140127 0.0132681 0.0125013 0.0117204 0.0109335 0.010148 0.00937116 0.00860943 0.00786874 0.00715428 0.00647046 0.00582093 0.00520856 0.00463542 0.00410286 0.0036115 0.00316136 0.00275184 0.00238185 0.00204989 0.00175408 0.0014923 0.00126221 0.00106135 0.000887222 0.000737297 0.000609109 0.000500279 0.00040855 0.000331814 0.000268134 0.000215753 0.000173104 0.00013881 0.00011169 9.07518e-05 7.51883e-05 6.43753e-05 5.78781e-05 
6.63247e-05 6.80985e-05 7.46242e-05 8.62051e-05 0.000103336 0.000126722 0.000157283 0.000196157 0.000244708 0.000304525 0.000377422 0.000465437 0.000570818 0.00069601 0.000843633 0.00101644 0.00121731 0.00144914 0.00171483 0.00201723 0.00235902 0.00274263 0.00317021 0.00364346 0.00416361 0.00473127 0.00534641 0.00600824 0.00671515 0.00746469 0.00825352 0.00907739 0.00993118 0.0108089 0.0117037 0.0126082 0.0135141 0.0144128 0.0152951 0.016152 0.0169738 0.0177514 0.0184757 0.0191381 0.0197305 0.0202456 0.0206769 0.0210189 0.0212674 0.021419 0.0214719 0.0214254 0.0212801 0.0210379 0.020702 0.0202767 0.0197674 0.0191805 0.0185234 0.017804 0.017031 0.0162133 0.0153603 0.0144812 0.0135853 0.0126817 0.011779 0.0108854 0.0100084 0.00915473 0.00833047 0.00754074 0.0067898 0.00608103 0.00541692 0.00479912 0.00422846 0.00370504 0.00322828 0.00279704 0.00240964 0.00206402 0.00175777 0.00148827 0.00125273 0.00104828 0.000872036 0.000721164 0.000592923 0.000484706 0.000394075 0.00031878 0.000256778 0.000206243 0.000165572 0.000133382 0.000108512 9.00184e-05 7.71691e-05 6.94545e-05 
8.15125e-05 8.3706e-05 9.16903e-05 0.000105831 0.000126722 0.000155211 0.000192399 0.000239649 0.000298591 0.000371118 0.000459392 0.000565831 0.000693098 0.000844083 0.00102187 0.00122971 0.00147093 0.00174896 0.00206714 0.00242877 0.00283691 0.00329436 0.00380351 0.00436626 0.00498391 0.00565707 0.00638553 0.00716823 0.00800315 0.00888728 0.00981658 0.010786 0.0117893 0.0128196 0.0138689 0.0149282 0.0159882 0.0170386 0.0180691 0.0190688 0.0200269 0.0209327 0.0217758 0.0225463 0.023235 0.0238335 0.0243343 0.0247313 0.0250194 0.025195 0.025256 0.0252015 0.0250322 0.0247504 0.0243597 0.0238649 0.0232724 0.0225894 0.0218243 0.0209863 0.0200853 0.0191317 0.018136 0.0171092 0.0160619 0.0150046 0.0139474 0.0128998 0.0118706 0.0108677 0.00989821 0.0089683 0.00808302 0.00724644 0.0064616 0.00573057 0.00505446 0.00443351 0.0038672 0.00335426 0.00289287 0.00248068 0.00211497 0.00179271 0.00151068 0.00126555 0.00105396 0.000872593 0.000718233 0.00058781 0.000478444 0.000387473 0.000312476 0.000251281 0.00020198 0.000162925 0.000132729 0.000110263 9.46524e-05 8.52874e-05 
0.000101406 0.000104149 0.000114033 0.000131503 0.000157283 0.000192399 0.000238187 0.000296298 0.000368699 0.000457674 0.000565824 0.000696051 0.000851548 0.00103576 0.00125238 0.00150523 0.00179829 0.00213555 0.00252098 0.00295839 0.00345134 0.00400304 0.00461621 0.00529296 0.00603467 0.00684189 0.00771421 0.00865019 0.00964726 0.0107017 0.0118085 0.0129617 0.0141538 0.0153764 0.01662 0.0178742 0.0191278 0.0203688 0.0215851 0.022764 0.0238928 0.0249592 0.0259511 0.0268568 0.0276659 0.0283686 0.0289562 0.0294218 0.0297594 0.029965 0.030036 0.0299714 0.0297722 0.0294409 0.0289816 0.0284001 0.0277034 0.0269002 0.026 0.0250136 0.0239523 0.0228282 0.0216537 0.0204415 0.019204 0.0179535 0.0167019 0.0154604 0.0142393 0.0130482 0.0118954 0.0107883 0.00973303 0.00873459 0.0077967 0.00692196 0.00611188 0.0053669 0.00468655 0.00406949 0.00351368 0.00301646 0.0025747 0.00218489 0.00184328 0.00154596 0.00128898 0.0010684 0.000880423 0.000721384 0.000587851 0.00047664 0.000384846 0.000309862 0.000249387 0.000201435 0.000164332 0.000136714 0.000117521 0.000106015 
0.000126773 0.000130216 0.000142509 0.000164194 0.000196157 0.000239649 0.000296298 0.000368109 0.000457471 0.000567152 0.000700294 0.000860401 0.00105131 0.00127716 0.00154236 0.00185148 0.00220923 0.00262036 0.00308951 0.00362117 0.00421946 0.00488808 0.00563011 0.00644791 0.00734292 0.00831561 0.00936526 0.0104899 0.0116864 0.01295 0.0142747 0.015653 0.017076 0.0185338 0.0200148 0.0215068 0.0229964 0.0244696 0.0259119 0.0273086 0.0286449 0.0299062 0.0310784 0.0321482 0.0331031 0.0339319 0.0346248 0.0351733 0.0355708 0.0358126 0.0358956 0.0358189 0.0355834 0.0351921 0.0346498 0.0339631 0.0331404 0.0321914 0.0311273 0.0299607 0.0287048 0.0273736 0.0259817 0.0245438 0.0230747 0.0215887 0.0200999 0.0186215 0.0171659 0.0157443 0.0143669 0.0130425 0.0117785 0.010581 0.00945477 0.00840295 0.00742757 0.00652938 0.00570799 0.00496199 0.00428912 0.00368636 0.00315009 0.00267624 0.0022604 0.00189798 0.0015843 0.00131471 0.00108464 0.000889745 0.000725893 0.000589262 0.00047635 0.000384009 0.00030946 0.000250292 0.000204476 0.000170353 0.000146637 0.00013243 
0.000158534 0.000162853 0.000178143 0.000205068 0.000244708 0.000298591 0.000368699 0.000457471 0.000567808 0.000703064 0.00086704 0.00106396 0.00129845 0.00157548 0.0019003 0.0022784 0.00271535 0.00321677 0.00378813 0.00443467 0.0051612 0.00597196 0.00687044 0.00785924 0.00893987 0.0101126 0.0113764 0.0127286 0.0141652 0.0156803 0.0172666 0.0189149 0.0206147 0.0223538 0.0241186 0.0258944 0.0276654 0.0294152 0.0311266 0.0327823 0.0343649 0.0358576 0.0372438 0.0385079 0.0396356 0.0406138 0.041431 0.0420776 0.042546 0.0428305 0.0429277 0.0428365 0.0425581 0.0420958 0.0414553 0.0406441 0.0396719 0.0385501 0.0372918 0.0359114 0.0344244 0.0328472 0.0311967 0.0294902 0.0277451 0.0259783 0.0242063 0.0224448 0.0207084 0.0190108 0.017364 0.0157786 0.0142636 0.0128266 0.0114732 0.0102077 0.00903251 0.00794889 0.00695658 0.00605413 0.00523903 0.00450785 0.00385644 0.00328005 0.00277355 0.00233151 0.00194841 0.0016187 0.00133697 0.00109799 0.000896822 0.000728866 0.000589904 0.000476132 0.000384184 0.000311141 0.000254536 0.000212357 0.000183037 0.000165483 
0.000197768 0.000203169 0.000222137 0.000255484 0.000304525 0.000371118 0.000457674 0.000567152 0.000703064 0.000869467 0.00107095 0.00131259 0.00159995 0.00193896 0.00233592 0.00279733 0.00332981 0.00393998 0.00463427 0.00541879 0.0062991 0.00728005 0.00836559 0.00955854 0.0108604 0.0122713 0.0137895 0.0154118 0.0171329 0.0189457 0.0208411 0.0228082 0.0248341 0.0269043 0.0290026 0.0311116 0.0332127 0.0352863 0.0373124 0.0392708 0.0411411 0.0429036 0.0445392 0.0460297 0.0473584 0.0485103 0.0494722 0.0502328 0.0507834 0.0511174 0.0512311 0.0511231 0.0507947 0.0502499 0.049495 0.0485389 0.0473928 0.0460699 0.0445853 0.0429556 0.0411989 0.0393343 0.0373816 0.0353608 0.0332924 0.0311962 0.0290917 0.0269975 0.0249308 0.0229079 0.0209431 0.0190493 0.0172375 0.0155166 0.0138937 0.0123742 0.0109613 0.00965676 0.0084605 0.00737108 0.00638577 0.00550069 0.00471109 0.00401148 0.00339586 0.00285787 0.00239097 0.00198862 0.00164436 0.00135197 0.00110553 0.000899528 0.000728883 0.000589016 0.000475863 0.000385892 0.000316118 0.000264097 0.000227929 0.000206288 
0.000245711 0.000252434 0.000275868 0.000316999 0.000377422 0.000459392 0.000565824 0.000700294 0.00086704 0.00107095 0.00131752 0.00161287 0.00196362 0.00237686 0.00286006 0.00342093 0.00406729 0.0048069 0.00564728 0.0065955 0.00765799 0.00884024 0.0101467 0.0115803 0.0131427 0.0148334 0.0166502 0.0185889 0.0206429 0.0228033 0.0250593 0.0273975 0.0298026 0.0322572 0.0347423 0.0372371 0.0397198 0.0421674 0.0445567 0.0468638 0.0490652 0.051138 0.0530601 0.0548104 0.0563698 0.0577208 0.0588483 0.0597395 0.0603841 0.0607749 0.0609073 0.0607799 0.0603943 0.0597548 0.0588689 0.0577468 0.0564012 0.0548474 0.0531028 0.0511867 0.0491198 0.0469243 0.0446232 0.0422398 0.0397979 0.0373208 0.0348313 0.0323512 0.029901 0.0274998 0.0251648 0.0229115 0.0207528 0.0186999 0.0167614 0.0149439 0.0132518 0.0116872 0.0102506 0.00894051 0.00775398 0.0066867 0.00573325 0.00488732 0.00414192 0.00348964 0.00292281 0.00243369 0.00201464 0.00165828 0.00135754 0.00110584 0.000897102 0.000725822 0.000587113 0.000476723 0.000391048 0.000327139 0.000282698 0.000256121 
0.00030376 0.000312082 0.000340885 0.000391361 0.000465437 0.000565831 0.000696051 0.000860401 0.00106396 0.00131259 0.00161287 0.00197207 0.00239809 0.00289934 0.00348463 0.00416306 0.00494379 0.00583589 0.0068481 0.00798857 0.00926463 0.0106825 0.012247 0.0139615 0.0158271 0.0178432 0.0200067 0.022312 0.024751 0.027313 0.0299847 0.0327502 0.0355911 0.0384869 0.0414152 0.0443515 0.0472702 0.0501447 0.0529477 0.0556518 0.0582297 0.0606549 0.062902 0.0649469 0.0667675 0.0683439 0.0696587 0.0706974 0.0714483 0.0719031 0.0720567 0.0719074 0.0714569 0.0707103 0.0696762 0.068366 0.0667946 0.0649791 0.0629397 0.0606984 0.0582791 0.0557073 0.0530095 0.0502128 0.0473447 0.0444322 0.0415021 0.0385797 0.0356893 0.0328534 0.0300923 0.0274243 0.0248651 0.0224282 0.0201241 0.0179609 0.0159441 0.0140769 0.01236 0.0107921 0.00937022 0.00808946 0.00694372 0.0059258 0.00502763 0.00424061 0.00355576 0.00296403 0.00245641 0.00202417 0.00165894 0.0013529 0.0010988 0.000890064 0.000720853 0.000586067 0.000481379 0.000403244 0.000348902 0.00031642 
0.000373463 0.000383702 0.000418905 0.000480506 0.000570818 0.000693098 0.000851548 0.00105131 0.00129845 0.00159995 0.00196362 0.00239809 0.00291269 0.00351735 0.00422242 0.00503855 0.00597642 0.00704656 0.00825904 0.00962319 0.0111473 0.0128384 0.0147017 0.0167406 0.0189561 0.0213468 0.0239087 0.0266346 0.0295146 0.0325358 0.035682 0.0389343 0.042271 0.045668 0.0490987 0.0525348 0.0559464 0.0593027 0.0625722 0.0657232 0.0687244 0.0715453 0.074157 0.076532 0.0786451 0.0804737 0.081998 0.0832015 0.0840712 0.0845974 0.0847745 0.0846005 0.0840775 0.0832112 0.0820112 0.0804907 0.0786663 0.0765578 0.0741878 0.0715815 0.0687662 0.0657712 0.0626267 0.059364 0.0560147 0.05261 0.0491809 0.0457571 0.0423667 0.0390362 0.0357895 0.0326483 0.0296313 0.0267546 0.024031 0.0214705 0.0190801 0.0168639 0.0148233 0.0129572 0.0112625 0.00973393 0.00836461 0.00714636 0.00606998 0.00512551 0.00430256 0.00359055 0.00297896 0.00245751 0.00201636 0.00164625 0.00133859 0.00108559 0.000880283 0.000716597 0.000589368 0.000494358 0.000428265 0.000388779 
0.000456515 0.000469033 0.000511806 0.000586545 0.00069601 0.000844083 0.00103576 0.00127716 0.00157548 0.00193896 0.00237686 0.00289934 0.00351735 0.00424252 0.00508697 0.00606305 0.00718315 0.0084594 0.00990332 0.0115255 0.0133353 0.0153404 0.0175466 0.019957 0.0225725 0.0253907 0.0284063 0.0316105 0.0349911 0.0385323 0.042215 0.0460168 0.0499121 0.0538727 0.0578675 0.0618639 0.0658272 0.0697219 0.0735118 0.0771606 0.0806328 0.0838936 0.08691 0.089651 0.0920882 0.0941959 0.0959519 0.0973377 0.0983385 0.0989436 0.0991465 0.0989453 0.098342 0.0973433 0.0959598 0.0942064 0.0921019 0.0896684 0.0869316 0.0839201 0.0806647 0.0771986 0.0735563 0.0697734 0.0658862 0.0619306 0.0579422 0.0539552 0.0500025 0.0461147 0.0423199 0.0386436 0.0351081 0.0317324 0.028532 0.0255191 0.0227024 0.0200873 0.017676 0.015468 0.0134599 0.011646 0.0100189 0.00856934 0.00728678 0.00615987 0.00517663 0.0043248 0.00359215 0.00296668 0.00243686 0.00199182 0.00162145 0.00131654 0.00106886 0.000871211 0.000717468 0.000602598 0.000522672 0.000474941 
0.00055474 0.000569949 0.000621606 0.000711743 0.000843633 0.00102187 0.00125238 0.00154236 0.0019003 0.00233592 0.00286006 0.00348463 0.00422242 0.00508697 0.00609231 0.00725274 0.00858251 0.0100955 0.0118047 0.0137222 0.0158583 0.0182215 0.0208177 0.0236502 0.026719 0.030021 0.033549 0.0372922 0.0412358 0.0453609 0.0496448 0.0540612 0.0585802 0.0631688 0.0677913 0.0724097 0.0769845 0.081475 0.0858399 0.0900381 0.0940291 0.0977739 0.101235 0.104378 0.10717 0.109584 0.111593 0.113179 0.114323 0.115014 0.115245 0.115014 0.114323 0.113179 0.111595 0.109586 0.107175 0.104385 0.101245 0.0977881 0.0940482 0.0900629 0.0858713 0.0815136 0.077031 0.0724646 0.0678549 0.0632415 0.058662 0.054152 0.0497442 0.0454683 0.0413506 0.0374135 0.0336758 0.0301521 0.0268532 0.0237861 0.020954 0.0183569 0.0159916 0.0138521 0.0119302 0.0102156 0.00869638 0.00735972 0.00619189 0.00517879 0.00430627 0.00356044 0.00292788 0.00239587 0.00195262 0.0015873 0.00129025 0.001053 0.000868303 0.000730233 0.000634142 0.000576783 
0.000670075 0.000688437 0.000750444 0.000858494 0.00101644 0.00122971 0.00150523 0.00185148 0.0022784 0.00279733 0.00342093 0.00416306 0.00503855 0.00606305 0.00725274 0.00862402 0.0101932 0.0119759 0.0139869 0.0162397 0.0187456 0.0215137 0.0245503 0.0278583 0.031437 0.0352818 0.0393837 0.0437294 0.0483009 0.053076 0.0580279 0.0631258 0.0683349 0.0736171 0.0789313 0.0842342 0.0894807 0.0946243 0.0996186 0.104417 0.108974 0.113246 0.117191 0.120771 0.123949 0.126694 0.128978 0.130779 0.132079 0.132863 0.133125 0.132861 0.132075 0.130774 0.128972 0.126687 0.123942 0.120765 0.117188 0.113245 0.108978 0.104426 0.0996335 0.0946465 0.089511 0.0842735 0.0789803 0.0736761 0.0684043 0.0632057 0.0581182 0.0531762 0.0484103 0.0438472 0.039509 0.0354133 0.0315733 0.027998 0.024692 0.0216559 0.0188867 0.0163784 0.0141219 0.0121059 0.0103173 0.0087413 0.0073625 0.00616477 0.00513188 0.00424781 0.00349706 0.00286488 0.00233754 0.00190245 0.00154831 0.00126519 0.00104463 0.000879659 0.000764818 0.000696293 
0.000804544 0.00082657 0.000900548 0.00102929 0.00121731 0.00147093 0.00179829 0.00220923 0.00271535 0.00332981 0.00406729 0.00494379 0.00597642 0.00718315 0.00858251 0.0101932 0.0120335 0.0141214 0.0164732 0.0191037 0.0220255 0.0252482 0.028778 0.0326175 0.036765 0.0412141 0.0459535 0.0509671 0.0562334 0.061726 0.0674138 0.0732607 0.0792269 0.0852684 0.0913385 0.0973878 0.103365 0.109218 0.114895 0.120343 0.125512 0.130353 0.134819 0.138869 0.142462 0.145563 0.148142 0.150175 0.15164 0.152524 0.152818 0.15252 0.151632 0.150162 0.148127 0.145545 0.142442 0.138848 0.1348 0.130335 0.125497 0.120332 0.11489 0.10922 0.103376 0.0974076 0.0913688 0.0853098 0.07928 0.0733259 0.067491 0.0618152 0.0563338 0.0510781 0.0460742 0.0413431 0.036901 0.0327589 0.0289232 0.0253955 0.0221732 0.0192503 0.0166169 0.0142609 0.0121676 0.0103207 0.00870254 0.00729501 0.00607956 0.00503788 0.00415216 0.00340542 0.00278178 0.00226667 0.00184697 0.00151113 0.00124931 0.00105336 0.000916928 0.000835548 
0.000960224 0.000986479 0.0010742 0.00122667 0.00144914 0.00174896 0.00213555 0.00262036 0.00321677 0.00393998 0.0048069 0.00583589 0.00704656 0.0084594 0.0100955 0.0119759 0.0141214 0.0165518 0.0192855 0.0223385 0.0257244 0.0294534 0.0335315 0.0379606 0.0427376 0.0478541 0.0532962 0.0590443 0.0650729 0.0713512 0.0778429 0.0845064 0.091296 0.0981617 0.10505 0.111906 0.118672 0.125289 0.131699 0.137844 0.143667 0.149116 0.154139 0.158689 0.162723 0.166203 0.169096 0.171374 0.173015 0.174005 0.174334 0.173998 0.173001 0.171353 0.16907 0.166172 0.162689 0.158652 0.154101 0.149078 0.143631 0.13781 0.13167 0.125267 0.118659 0.111903 0.105058 0.0981813 0.0913286 0.0845526 0.077903 0.0714253 0.0651606 0.0591449 0.0534088 0.0479776 0.0428704 0.0381011 0.0336779 0.0296039 0.0258771 0.0224915 0.019437 0.0167001 0.014265 0.0121133 0.0102257 0.00858145 0.0071597 0.00593961 0.00490086 0.00402403 0.00329089 0.00268466 0.00219021 0.00179421 0.00148524 0.00125388 0.00109275 0.000996674 
0.00113921 0.00117031 0.0012737 0.00145319 0.00171483 0.00206714 0.00252098 0.00308951 0.00378813 0.00463427 0.00564728 0.0068481 0.00825904 0.00990332 0.0118047 0.0139869 0.0164732 0.0192855 0.0224439 0.0259659 0.0298661 0.0341547 0.0388377 0.0439159 0.0493844 0.0552324 0.0614428 0.0679921 0.0748506 0.0819821 0.0893447 0.096891 0.104569 0.112321 0.120089 0.127809 0.135417 0.142848 0.150039 0.156924 0.163442 0.169534 0.175145 0.180223 0.184722 0.188601 0.191822 0.194358 0.196185 0.197286 0.197651 0.197276 0.196166 0.19433 0.191785 0.188556 0.184672 0.180168 0.175086 0.169473 0.163381 0.156865 0.149984 0.1428 0.135376 0.127778 0.120069 0.112315 0.104576 0.0969138 0.0893833 0.0820367 0.0749212 0.0680782 0.0615435 0.0553466 0.0495106 0.0440525 0.0389828 0.0343061 0.0300218 0.0261238 0.0226018 0.0194415 0.0166255 0.0141339 0.0119449 0.0100355 0.00838224 0.00696161 0.00575059 0.00472708 0.00387029 0.00316103 0.00258195 0.00211776 0.00175531 0.00148376 0.00129458 0.00118181 
0.00134355 0.00138016 0.0015013 0.00171133 0.00201723 0.00242877 0.00295839 0.00362117 0.00443467 0.00541879 0.0065955 0.00798857 0.00962319 0.0115255 0.0137222 0.0162397 0.0191037 0.0223385 0.0259659 0.0300049 0.0344706 0.0393734 0.0447187 0.0505059 0.0567281 0.0633716 0.0704157 0.0778324 0.0855869 0.0936375 0.101936 0.110429 0.119056 0.127755 0.136458 0.145095 0.153596 0.161888 0.169901 0.177565 0.184813 0.19158 0.197806 0.203436 0.20842 0.212713 0.216278 0.219082 0.221101 0.222317 0.222719 0.222304 0.221075 0.219044 0.216229 0.212654 0.208352 0.20336 0.197724 0.191494 0.184725 0.177478 0.169817 0.161809 0.153524 0.145033 0.136407 0.127718 0.119034 0.110424 0.101949 0.0936683 0.085636 0.0778996 0.0705004 0.0634728 0.0568443 0.0506353 0.0448593 0.0395231 0.034627 0.0301657 0.0261287 0.022501 0.0192638 0.0163954 0.0138718 0.0116675 0.00975635 0.00811192 0.00670832 0.00552058 0.00452514 0.00370019 0.00302598 0.00248503 0.00206233 0.00174546 0.00152465 0.00139307 
0.00157524 0.00161807 0.00175915 0.00200347 0.00235902 0.00283691 0.00345134 0.00421946 0.0051612 0.0062991 0.00765799 0.00926463 0.0111473 0.0133353 0.0158583 0.0187456 0.0220255 0.0257244 0.0298661 0.0344706 0.0395535 0.0451254 0.0511905 0.0577466 0.0647841 0.0722861 0.0802276 0.0885759 0.0972904 0.106323 0.115619 0.125118 0.134753 0.144452 0.154142 0.163744 0.173182 0.182376 0.191249 0.199725 0.207731 0.215198 0.222061 0.228262 0.233746 0.238468 0.242385 0.245465 0.247682 0.249016 0.249456 0.249 0.24765 0.245418 0.242324 0.238393 0.23366 0.228165 0.221956 0.215086 0.207615 0.199607 0.191133 0.182264 0.173076 0.163647 0.154056 0.144381 0.134697 0.125081 0.115601 0.106325 0.0973135 0.0886199 0.0802921 0.0723701 0.0648863 0.0578651 0.0513234 0.0452704 0.039708 0.034632 0.0300318 0.0258918 0.0221921 0.0189091 0.0160167 0.0134867 0.0112902 0.00939772 0.00778034 0.00641 0.00526018 0.00430623 0.0035258 0.00289906 0.00240896 0.00204135 0.00178512 0.00163247 
0.0018361 0.0018859 0.00204924 0.0023318 0.00274263 0.00329436 0.00400304 0.00488808 0.00597196 0.00728005 0.00884024 0.0106825 0.0128384 0.0153404 0.0182215 0.0215137 0.0252482 0.0294534 0.0341547 0.0393734 0.0451254 0.0514206 0.0582622 0.0656458 0.0735588 0.0819803 0.0908806 0.100221 0.109956 0.12003 0.130381 0.140941 0.151634 0.162383 0.173104 0.183714 0.194127 0.204256 0.214018 0.223332 0.232119 0.240306 0.247823 0.254608 0.260604 0.265761 0.270038 0.273399 0.275816 0.277271 0.27775 0.277251 0.275778 0.273342 0.269964 0.265671 0.260498 0.254489 0.247693 0.240167 0.231974 0.223183 0.213868 0.204108 0.193983 0.183579 0.172981 0.162273 0.151541 0.140867 0.130328 0.12 0.109949 0.100238 0.0909204 0.0820429 0.073643 0.0657498 0.058384 0.0515577 0.0452751 0.039533 0.0343212 0.0296238 0.0254198 0.0216839 0.0183877 0.0155005 0.0129905 0.0108251 0.00897204 0.00740009 0.00607954 0.00498275 0.00408455 0.00336259 0.0027976 0.00237358 0.00207794 0.00190187 
0.00212776 0.00218532 0.00237334 0.00269823 0.00317021 0.00380351 0.00461621 0.00563011 0.00687044 0.00836559 0.0101467 0.012247 0.0147017 0.0175466 0.0208177 0.0245503 0.028778 0.0335315 0.0388377 0.0447187 0.0511905 0.0582622 0.0659354 0.074203 0.0830489 0.0924477 0.102364 0.112755 0.123565 0.134734 0.146191 0.15786 0.169657 0.181497 0.193289 0.204939 0.216356 0.227447 0.238121 0.248292 0.257875 0.266793 0.274973 0.282349 0.288862 0.29446 0.299099 0.302743 0.305362 0.306937 0.307456 0.306915 0.305318 0.302677 0.299013 0.294354 0.288738 0.282209 0.274818 0.266626 0.257699 0.248109 0.237935 0.227261 0.216174 0.204764 0.193124 0.181346 0.169524 0.157746 0.146099 0.134666 0.123523 0.112739 0.102375 0.0924846 0.0831109 0.0742885 0.0660423 0.0583881 0.0513324 0.0448737 0.0390026 0.033703 0.0289529 0.0247256 0.0209906 0.0177145 0.0148625 0.0123987 0.0102877 0.00849467 0.00698665 0.00573278 0.0047049 0.00387797 0.00323035 0.00274404 0.00240488 0.00220293 
0.00245159 0.00251773 0.0027329 0.00310432 0.00364346 0.00436626 0.00529296 0.00644791 0.00785924 0.00955854 0.0115803 0.0139615 0.0167406 0.019957 0.0236502 0.0278583 0.0326175 0.0379606 0.0439159 0.0505059 0.0577466 0.0656458 0.074203 0.0834079 0.0932405 0.10367 0.114656 0.126148 0.138084 0.150394 0.163002 0.175821 0.18876 0.201724 0.214615 0.227332 0.239774 0.251844 0.263444 0.274481 0.284868 0.294523 0.303369 0.311337 0.318367 0.324404 0.329403 0.333328 0.336148 0.337843 0.338401 0.337818 0.336097 0.333253 0.329305 0.324283 0.318224 0.311175 0.303189 0.294328 0.284662 0.274265 0.263222 0.25162 0.239552 0.227114 0.214407 0.20153 0.188582 0.175663 0.162868 0.150286 0.138003 0.126096 0.114634 0.103677 0.0932763 0.083471 0.0742913 0.0657569 0.0578775 0.0506535 0.0440766 0.0381309 0.0327939 0.0280373 0.0238286 0.0201319 0.0169093 0.0141217 0.0117302 0.00969645 0.00798398 0.00655856 0.00538889 0.00444704 0.00370887 0.00315426 0.00276736 0.00253703 
0.00280862 0.00288416 0.00312901 0.00355123 0.00416361 0.00498391 0.00603467 0.00734292 0.00893987 0.0108604 0.0131427 0.0158271 0.0189561 0.0225725 0.026719 0.031437 0.036765 0.0427376 0.0493844 0.0567281 0.0647841 0.0735588 0.0830489 0.0932405 0.104109 0.115618 0.127721 0.140358 0.153462 0.166955 0.180749 0.19475 0.20886 0.222973 0.236983 0.250782 0.264262 0.277319 0.289849 0.301755 0.312944 0.323332 0.332839 0.341393 0.348933 0.355404 0.360758 0.364958 0.367975 0.369788 0.370385 0.36976 0.36792 0.364875 0.360648 0.355268 0.348774 0.341211 0.332636 0.323111 0.312708 0.301506 0.289591 0.277056 0.263999 0.250522 0.236731 0.222733 0.208636 0.194547 0.180569 0.166802 0.153339 0.140266 0.127661 0.115591 0.104114 0.0932772 0.0831149 0.0736516 0.0649007 0.0568651 0.0495381 0.0429043 0.0369406 0.0316179 0.0269015 0.0227531 0.0191318 0.0159952 0.0133009 0.0110068 0.00907294 0.00746147 0.00613782 0.00507105 0.00423435 0.00360536 0.00316645 0.0029052 
0.00319947 0.00328525 0.0035623 0.00403958 0.00473127 0.00565707 0.00684189 0.00831561 0.0101126 0.0122713 0.0148334 0.0178432 0.0213468 0.0253907 0.030021 0.0352818 0.0412141 0.0478541 0.0552324 0.0633716 0.0722861 0.0819803 0.0924477 0.10367 0.115618 0.128249 0.141508 0.15533 0.169637 0.184343 0.199351 0.214559 0.229857 0.245134 0.260273 0.27516 0.289681 0.303722 0.317177 0.329944 0.341927 0.353036 0.363191 0.37232 0.380358 0.38725 0.392949 0.397417 0.400625 0.402552 0.403186 0.402522 0.400565 0.397327 0.392829 0.387102 0.380183 0.372119 0.362967 0.35279 0.341662 0.329664 0.316885 0.303422 0.289377 0.274858 0.259976 0.244847 0.229586 0.214307 0.199124 0.184143 0.169469 0.155195 0.141408 0.128185 0.11559 0.103677 0.0924876 0.0820513 0.0723851 0.063495 0.0553764 0.0480146 0.0413868 0.0354626 0.0302058 0.0255757 0.0215284 0.0180184 0.0149993 0.0124258 0.0102537 0.00844187 0.00695216 0.00575053 0.00480735 0.00409794 0.00360275 0.00330807 
0.0036243 0.00372115 0.0040329 0.00456943 0.00534641 0.00638553 0.00771421 0.00936526 0.0113764 0.0137895 0.0166502 0.0200067 0.0239087 0.0284063 0.033549 0.0393837 0.0459535 0.0532962 0.0614428 0.0704157 0.0802276 0.0908806 0.102364 0.114656 0.127721 0.141508 0.155957 0.170992 0.186528 0.202469 0.21871 0.235137 0.251634 0.268079 0.284348 0.300319 0.315871 0.330886 0.345252 0.358863 0.37162 0.383432 0.394216 0.4039 0.412417 0.419714 0.425744 0.430468 0.433859 0.435895 0.436564 0.435863 0.433794 0.430372 0.425616 0.419556 0.412229 0.403683 0.393973 0.383164 0.37133 0.358554 0.344928 0.33055 0.315528 0.299975 0.284007 0.267746 0.251315 0.234837 0.218433 0.202221 0.186312 0.170811 0.155813 0.141403 0.127655 0.114629 0.102375 0.0909263 0.0803057 0.0705224 0.0615742 0.053448 0.0461211 0.0395625 0.0337345 0.0285943 0.0240951 0.020188 0.0168232 0.0139515 0.0115251 0.00949898 0.00783145 0.00648522 0.00542779 0.004632 0.00407637 0.00374576 
0.00408276 0.00419148 0.00454034 0.00514019 0.00600824 0.00716823 0.00865019 0.0104899 0.0127286 0.0154118 0.0185889 0.022312 0.0266346 0.0316105 0.0372922 0.0437294 0.0509671 0.0590443 0.0679921 0.0778324 0.0885759 0.100221 0.112755 0.126148 0.140358 0.15533 0.170992 0.187262 0.204044 0.221233 0.238714 0.256365 0.274059 0.291665 0.309054 0.326094 0.34266 0.358627 0.373881 0.38831 0.401815 0.414302 0.425688 0.435901 0.444875 0.452555 0.458897 0.463863 0.467426 0.469564 0.470267 0.469531 0.467358 0.463763 0.458763 0.452389 0.444676 0.435671 0.425429 0.414015 0.401502 0.387975 0.373526 0.358258 0.34228 0.32571 0.308669 0.291287 0.273692 0.256015 0.238388 0.220935 0.203779 0.187033 0.170802 0.155181 0.140252 0.126084 0.112733 0.100239 0.0886299 0.0779195 0.0681083 0.0591848 0.0511271 0.0439041 0.0374766 0.0317999 0.0268245 0.0224983 0.0187681 0.0155807 0.0128846 0.0106308 0.00877415 0.007274 0.00609483 0.00520694 0.00458682 0.00421789 
0.0045739 0.00469526 0.00508354 0.00575058 0.00671515 0.00800315 0.00964726 0.0116864 0.0141652 0.0171329 0.0206429 0.024751 0.0295146 0.0349911 0.0412358 0.0483009 0.0562334 0.0650729 0.0748506 0.0855869 0.0972904 0.109956 0.123565 0.138084 0.153462 0.169637 0.186528 0.204044 0.22208 0.24052 0.259239 0.278105 0.296984 0.315737 0.334224 0.352309 0.36986 0.38675 0.402858 0.418072 0.432289 0.445418 0.457373 0.468083 0.477484 0.485523 0.492156 0.497346 0.501067 0.503301 0.504035 0.503267 0.500999 0.497243 0.492018 0.485351 0.477278 0.467844 0.457102 0.445115 0.431958 0.417714 0.402478 0.386351 0.369447 0.351887 0.333799 0.315314 0.296571 0.277707 0.258862 0.240171 0.221764 0.203765 0.18629 0.169443 0.153314 0.137981 0.123508 0.109942 0.0973175 0.0856516 0.0749487 0.0651997 0.0563837 0.0484695 0.0414172 0.0351803 0.0297067 0.0249413 0.0208273 0.017308 0.0143277 0.0118339 0.00977765 0.00811479 0.00680681 0.00582141 0.00513299 0.00472348 
0.00509617 0.00523091 0.00566074 0.00639854 0.00746469 0.00888728 0.0107017 0.01295 0.0156803 0.0189457 0.0228033 0.027313 0.0325358 0.0385323 0.0453609 0.053076 0.061726 0.0713512 0.0819821 0.0936375 0.106323 0.12003 0.134734 0.150394 0.166955 0.184343 0.202469 0.221233 0.24052 0.260202 0.280147 0.300213 0.320255 0.340127 0.359682 0.378779 0.397279 0.415051 0.431972 0.447929 0.462818 0.476546 0.489032 0.500203 0.509998 0.518366 0.525264 0.530659 0.534525 0.536845 0.537608 0.53681 0.534456 0.530555 0.525125 0.518191 0.509788 0.499958 0.488752 0.476233 0.462473 0.447554 0.43157 0.414626 0.396836 0.378323 0.35922 0.339663 0.319797 0.299768 0.279722 0.259803 0.240153 0.220904 0.202182 0.184101 0.166761 0.15025 0.134638 0.119982 0.106321 0.0936773 0.0820597 0.0714618 0.0618643 0.0532364 0.0455376 0.0387197 0.0327286 0.0275061 0.0229921 0.0191261 0.0158489 0.0131037 0.0108381 0.00900452 0.00756124 0.00647334 0.00571309 0.0052609 
0.0056474 0.00579617 0.00626947 0.00708125 0.00825352 0.00981658 0.0118085 0.0142747 0.0172666 0.0208411 0.0250593 0.0299847 0.035682 0.042215 0.0496448 0.0580279 0.0674138 0.0778429 0.0893447 0.101936 0.115619 0.130381 0.146191 0.163002 0.180749 0.199351 0.21871 0.238714 0.259239 0.280147 0.301296 0.322534 0.343707 0.364663 0.385247 0.405312 0.424715 0.443322 0.461008 0.47766 0.493173 0.507455 0.520427 0.532018 0.54217 0.550834 0.55797 0.563548 0.567543 0.56994 0.570729 0.569906 0.567475 0.563445 0.557832 0.55066 0.54196 0.531771 0.520144 0.507136 0.492819 0.477273 0.460591 0.442877 0.424247 0.404827 0.38475 0.364161 0.343208 0.322044 0.300823 0.279699 0.258821 0.238334 0.218373 0.199061 0.180509 0.162814 0.146056 0.130297 0.115585 0.101949 0.0893995 0.0779351 0.067538 0.0581782 0.049815 0.0423991 0.0358741 0.0301794 0.0252514 0.0210261 0.0174405 0.0144341 0.0119506 0.0099391 0.00835473 0.00715987 0.00632463 0.00582789 
0.00622472 0.00638809 0.00690656 0.0077951 0.00907739 0.010786 0.0129617 0.015653 0.0189149 0.0228082 0.0273975 0.0327502 0.0389343 0.0460168 0.0540612 0.0631258 0.0732607 0.0845064 0.096891 0.110429 0.125118 0.140941 0.15786 0.175821 0.19475 0.214559 0.235137 0.256365 0.278105 0.300213 0.322534 0.344907 0.367172 0.389167 0.410732 0.431714 0.451968 0.471357 0.489755 0.507046 0.52313 0.537916 0.551325 0.563292 0.573761 0.582687 0.590032 0.595769 0.599877 0.602341 0.603152 0.602308 0.599811 0.59567 0.589898 0.582517 0.573555 0.563049 0.551044 0.537596 0.522772 0.506652 0.489326 0.470897 0.451481 0.431205 0.410206 0.388632 0.366635 0.344376 0.322016 0.299718 0.27764 0.255936 0.234751 0.21422 0.194464 0.175588 0.157683 0.140819 0.12505 0.110412 0.096921 0.0845783 0.0733689 0.0632641 0.0542232 0.046196 0.0391244 0.0329452 0.0275919 0.0229969 0.0190934 0.0158175 0.013109 0.0109134 0.00918301 0.00787736 0.00696442 0.00642151 
0.00682463 0.00700309 0.00756809 0.00853569 0.00993118 0.0117893 0.0141538 0.017076 0.0206147 0.0248341 0.0298026 0.0355911 0.042271 0.0499121 0.0585802 0.0683349 0.0792269 0.091296 0.104569 0.119056 0.134753 0.151634 0.169657 0.18876 0.20886 0.229857 0.251634 0.274059 0.296984 0.320255 0.343707 0.367172 0.39048 0.413462 0.435953 0.457796 0.478842 0.498953 0.518002 0.535876 0.552474 0.567709 0.581506 0.593802 0.604547 0.613697 0.621221 0.627094 0.631296 0.633817 0.634648 0.633786 0.631235 0.627 0.621094 0.613535 0.604348 0.593566 0.581231 0.567393 0.552118 0.535481 0.517569 0.498484 0.478341 0.457268 0.435403 0.412898 0.389909 0.366603 0.343149 0.319715 0.296472 0.273581 0.251199 0.22947 0.208526 0.188483 0.169438 0.151474 0.13465 0.119009 0.104572 0.0913459 0.0793173 0.0684596 0.0587324 0.050085 0.0424579 0.0357854 0.0299983 0.0250256 0.0207971 0.017245 0.0143058 0.0119214 0.0100409 0.00862138 0.00762852 0.00703814 
0.00744298 0.0076369 0.00824948 0.00929783 0.0108089 0.0128196 0.0153764 0.0185338 0.0223538 0.0269043 0.0322572 0.0384869 0.045668 0.0538727 0.0631688 0.0736171 0.0852684 0.0981617 0.112321 0.127755 0.144452 0.162383 0.181497 0.201724 0.222973 0.245134 0.268079 0.291665 0.315737 0.340127 0.364663 0.389167 0.413462 0.437372 0.460729 0.483371 0.505146 0.525915 0.545554 0.563948 0.581002 0.59663 0.610762 0.62334 0.634317 0.643656 0.651327 0.657311 0.661591 0.664158 0.665005 0.66413 0.661535 0.657225 0.65121 0.643505 0.63413 0.623116 0.610498 0.596324 0.580653 0.563557 0.54512 0.525442 0.504636 0.482829 0.460161 0.436784 0.412862 0.388564 0.364066 0.339546 0.31518 0.291142 0.267596 0.244699 0.222593 0.201402 0.181236 0.162183 0.144313 0.127675 0.112297 0.0981881 0.0853397 0.0737267 0.0633099 0.0540379 0.0458503 0.0386794 0.0324532 0.0270977 0.0225393 0.0187066 0.0155325 0.0129558 0.0109224 0.00938673 0.00831233 0.00767351 
0.008075 0.00828463 0.00894546 0.0100756 0.0117037 0.0138689 0.01662 0.0200148 0.0241186 0.0290026 0.0347423 0.0414152 0.0490987 0.0578675 0.0677913 0.0789313 0.0913385 0.10505 0.120089 0.136458 0.154142 0.173104 0.193289 0.214615 0.236983 0.260273 0.284348 0.309054 0.334224 0.359682 0.385247 0.410732 0.435953 0.460729 0.484886 0.50826 0.530698 0.55206 0.572223 0.591076 0.608525 0.62449 0.638905 0.651716 0.662883 0.672373 0.680162 0.686233 0.690573 0.693176 0.694035 0.693151 0.690523 0.686156 0.680057 0.672236 0.662712 0.651508 0.638656 0.624198 0.608188 0.590694 0.571796 0.551589 0.530185 0.50771 0.484305 0.460123 0.43533 0.4101 0.384617 0.359063 0.333626 0.308487 0.283821 0.259793 0.236557 0.214248 0.192985 0.172865 0.153967 0.136345 0.120036 0.105052 0.0913894 0.0790247 0.06792 0.058024 0.0492754 0.0416047 0.0349376 0.0291971 0.0243065 0.0201909 0.0167798 0.0140088 0.0118208 0.0101675 0.00901059 0.00832272 
0.00871537 0.00894083 0.00965018 0.0108626 0.0126082 0.0149282 0.0178742 0.0215068 0.0258944 0.0311116 0.0372371 0.0443515 0.0525348 0.0618639 0.0724097 0.0842342 0.0973878 0.111906 0.127809 0.145095 0.163744 0.183714 0.204939 0.227332 0.250782 0.27516 0.300319 0.326094 0.352309 0.378779 0.405312 0.431714 0.457796 0.483371 0.50826 0.532298 0.55533 0.577219 0.59784 0.617089 0.634873 0.651119 0.665766 0.678765 0.69008 0.699686 0.707563 0.713697 0.718081 0.720709 0.721579 0.720688 0.718039 0.713631 0.707471 0.699566 0.689927 0.678575 0.665536 0.650846 0.634555 0.616722 0.597425 0.576755 0.554821 0.531746 0.507671 0.482751 0.457154 0.431059 0.404652 0.378126 0.351674 0.325487 0.299749 0.274637 0.250312 0.226922 0.204594 0.183435 0.163533 0.14495 0.127726 0.111883 0.0974175 0.0843105 0.0725251 0.0620106 0.0527048 0.0445371 0.0374309 0.0313065 0.026084 0.0216855 0.0180372 0.0150714 0.0127283 0.0109572 0.0097174 0.00898032 
0.00935829 0.00959954 0.0103572 0.0116515 0.0135141 0.0159882 0.0191278 0.0229964 0.0276654 0.0332127 0.0397198 0.0472702 0.0559464 0.0658272 0.0769845 0.0894807 0.103365 0.118672 0.135417 0.153596 0.173182 0.194127 0.216356 0.239774 0.264262 0.289681 0.315871 0.34266 0.36986 0.397279 0.424715 0.451968 0.478842 0.505146 0.530698 0.55533 0.578889 0.601237 0.622254 0.641836 0.659899 0.676372 0.6912 0.704342 0.715767 0.725455 0.733391 0.739567 0.743979 0.746623 0.7475 0.746607 0.743945 0.739514 0.733315 0.725353 0.715635 0.704175 0.690994 0.676122 0.659602 0.641489 0.621855 0.600786 0.578388 0.554782 0.530107 0.504518 0.478186 0.451293 0.424031 0.396597 0.369192 0.342015 0.315262 0.289116 0.263751 0.239323 0.21597 0.193809 0.172935 0.153417 0.135305 0.118623 0.103373 0.089539 0.0770858 0.0659633 0.0561091 0.0474512 0.0399112 0.0334071 0.0278561 0.0231772 0.0192934 0.0161343 0.013637 0.0117486 0.0104264 0.00964033 
0.0099975 0.0102544 0.0110598 0.0124349 0.0144128 0.0170386 0.0203688 0.0244696 0.0294152 0.0352863 0.0421674 0.0501447 0.0593027 0.0697219 0.081475 0.0946243 0.109218 0.125289 0.142848 0.161888 0.182376 0.204256 0.227447 0.251844 0.277319 0.303722 0.330886 0.358627 0.38675 0.415051 0.443322 0.471357 0.498953 0.525915 0.55206 0.577219 0.601237 0.623979 0.645329 0.665187 0.683473 0.700122 0.715086 0.728329 0.739827 0.749566 0.757536 0.763734 0.768159 0.770812 0.771693 0.770801 0.768135 0.763695 0.757478 0.749485 0.739719 0.728188 0.714906 0.699899 0.683201 0.664864 0.644951 0.623546 0.600749 0.576678 0.551472 0.525285 0.498288 0.470667 0.442618 0.414343 0.386051 0.357949 0.33024 0.303119 0.276768 0.251353 0.227022 0.203901 0.182094 0.161678 0.142708 0.125214 0.109204 0.0946645 0.0815617 0.0698468 0.0594573 0.0503204 0.042356 0.0354797 0.0296063 0.0246519 0.0205367 0.0171872 0.0145382 0.0125342 0.0111307 0.0102964 
0.0106265 0.0108987 0.0117507 0.0132047 0.0152951 0.0180691 0.0215851 0.0259119 0.0311266 0.0373124 0.0445567 0.0529477 0.0625722 0.0735118 0.0858399 0.0996186 0.114895 0.131699 0.150039 0.169901 0.191249 0.214018 0.238121 0.263444 0.289849 0.317177 0.345252 0.373881 0.402858 0.431972 0.461008 0.489755 0.518002 0.545554 0.572223 0.59784 0.622254 0.645329 0.666954 0.687033 0.70549 0.722269 0.737326 0.750633 0.762172 0.771933 0.779915 0.786117 0.790543 0.793196 0.794078 0.79319 0.790529 0.786092 0.779875 0.771875 0.762089 0.750519 0.737175 0.722075 0.705247 0.686736 0.6666 0.644917 0.621783 0.597312 0.571642 0.544925 0.517333 0.489055 0.460289 0.431244 0.402133 0.373173 0.344574 0.316539 0.289261 0.262916 0.23766 0.213628 0.190932 0.169659 0.149869 0.131599 0.114859 0.0996405 0.0859118 0.0736252 0.0627183 0.0531177 0.0447417 0.0375043 0.0313176 0.0260953 0.0217547 0.0182198 0.0154227 0.0133059 0.0118232 0.0109418 
0.0112385 0.0115254 0.0124226 0.0139528 0.016152 0.0190688 0.022764 0.0273086 0.0327823 0.0392708 0.0468638 0.0556518 0.0657232 0.0771606 0.0900381 0.104417 0.120343 0.137844 0.156924 0.177565 0.199725 0.223332 0.248292 0.274481 0.301755 0.329944 0.358863 0.38831 0.418072 0.447929 0.47766 0.507046 0.535876 0.563948 0.591076 0.617089 0.641836 0.665187 0.687033 0.707282 0.725866 0.742733 0.757846 0.771183 0.782734 0.792495 0.800468 0.806659 0.811075 0.813722 0.814604 0.813721 0.811071 0.806649 0.800448 0.792459 0.782677 0.771098 0.757725 0.742569 0.725653 0.707015 0.686706 0.6648 0.641386 0.616577 0.590505 0.563325 0.535207 0.50634 0.476928 0.447184 0.417326 0.387577 0.358156 0.329274 0.301134 0.273919 0.247796 0.222908 0.199376 0.177293 0.156727 0.137719 0.120286 0.104421 0.0900952 0.0772624 0.0658605 0.0558156 0.047045 0.0394607 0.0329728 0.0274925 0.0229349 0.0192212 0.0162814 0.0140558 0.0124965 0.0115695 
