5.44936e-28 2.52403e-28 7.48939e-28 3.65102e-27 1.77903e-26 8.42611e-26 3.87297e-25 1.72662e-24 7.46225e-24 3.12501e-23 1.26747e-22 4.97666e-22 1.8909e-21 6.94975e-21 2.46999e-20 8.48641e-20 2.81815e-19 9.04372e-19 2.80437e-18 8.40264e-18 2.43275e-17 6.80623e-17 1.84024e-16 4.80876e-16 1.2145e-15 2.96458e-15 6.99358e-15 1.59421e-14 3.51086e-14 7.46792e-14 1.53385e-13 3.04117e-13 5.81883e-13 1.07406e-12 1.91187e-12 3.28046e-12 5.42271e-12 8.63008e-12 1.32126e-11 1.94435e-11 2.74807e-11 3.72821e-11 4.85436e-11 6.0694e-11 7.29669e-11 8.45386e-11 9.4687e-11 1.02911e-10 1.08965e-10 1.12808e-10 1.14491e-10 1.14055e-10 1.11475e-10 1.06678e-10 9.96392e-11 9.04911e-11 7.96124e-11 6.76317e-11 5.5342e-11 4.3554e-11 3.29433e-11 2.39479e-11 1.67392e-11 1.12589e-11 7.29338e-12 4.55414e-12 2.74328e-12 1.59521e-12 8.95994e-13 4.86354e-13 2.55244e-13 1.29568e-13 6.36423e-14 3.02598e-14 1.39319e-14 6.21318e-15 2.68473e-15 1.12427e-15 4.5635e-16 1.79574e-16 6.85092e-17 2.53425e-17 9.09025e-18 3.16203e-18 1.06676e-18 3.49088e-19 1.10829e-19 3.4144e-20 1.02102e-20 2.96443e-21 8.35958e-22 2.29046e-22 6.09998e-23 1.57972e-23 3.97983e-24 9.75834e-25 2.32974e-25 5.41823e-26 1.22814e-26 2.72245e-27 
2.52403e-28 1.1708e-28 3.63112e-28 1.82554e-27 9.15518e-27 4.46441e-26 2.11367e-25 9.71053e-25 4.32666e-24 1.8687e-23 7.81959e-23 3.16863e-22 1.2428e-21 4.71604e-21 1.73074e-20 6.14062e-20 2.10565e-19 6.97665e-19 2.23314e-18 6.9046e-18 2.06195e-17 5.94725e-17 1.6567e-16 4.45703e-16 1.15799e-15 2.90521e-15 7.03725e-15 1.64548e-14 3.7131e-14 8.0837e-14 1.69738e-13 3.4364e-13 6.70576e-13 1.26087e-12 2.28355e-12 3.98181e-12 6.68109e-12 1.078e-11 1.67126e-11 2.48734e-11 3.55074e-11 4.85856e-11 6.37096e-11 8.0097e-11 9.66802e-11 1.12306e-10 1.2597e-10 1.36988e-10 1.45049e-10 1.5013e-10 1.52334e-10 1.51732e-10 1.48281e-10 1.41859e-10 1.32398e-10 1.20055e-10 1.05341e-10 8.91313e-11 7.25377e-11 5.66908e-11 4.25195e-11 3.0607e-11 2.11571e-11 1.40558e-11 8.98298e-12 5.52768e-12 3.27771e-12 1.87413e-12 1.03392e-12 5.50616e-13 2.83193e-13 1.40726e-13 6.75926e-14 3.1393e-14 1.4104e-14 6.13178e-15 2.5805e-15 1.05153e-15 4.14995e-16 1.58657e-16 5.87685e-17 2.10946e-17 7.33852e-18 2.47474e-18 8.09136e-19 2.56555e-19 7.89078e-20 2.35489e-20 6.82149e-21 1.91869e-21 5.24232e-22 1.39193e-22 3.59322e-23 9.02237e-24 2.20462e-24 5.24486e-25 1.21543e-25 2.74491e-26 6.04456e-27 1.30232e-27 
7.48939e-28 3.63112e-28 1.19513e-27 6.11639e-27 3.10989e-26 1.53645e-25 7.36602e-25 3.4248e-24 1.54344e-23 6.73839e-23 2.84844e-22 1.16524e-21 4.6107e-21 1.76385e-20 6.52099e-20 2.32895e-19 8.03275e-19 2.67493e-18 8.59848e-18 2.6677e-17 7.98788e-17 2.30832e-16 6.43778e-16 1.73286e-15 4.50176e-15 1.12871e-14 2.73102e-14 6.37611e-14 1.43611e-13 3.11973e-13 6.53477e-13 1.3195e-12 2.56762e-12 4.81368e-12 8.69183e-12 1.51101e-11 2.52779e-11 4.06689e-11 6.2879e-11 9.33465e-11 1.32945e-10 1.81528e-10 2.3758e-10 2.9817e-10 3.59333e-10 4.16811e-10 4.66921e-10 5.07195e-10 5.3655e-10 5.54958e-10 5.62838e-10 5.60464e-10 5.47666e-10 5.23967e-10 4.89077e-10 4.43553e-10 3.89266e-10 3.29442e-10 2.68189e-10 2.09683e-10 1.57354e-10 1.13352e-10 7.84267e-11 5.21612e-11 3.33785e-11 2.05681e-11 1.22139e-11 6.99385e-12 3.86377e-12 2.06031e-12 1.06086e-12 5.27655e-13 2.53611e-13 1.17834e-13 5.29417e-14 2.30085e-14 9.67521e-15 3.93739e-15 1.551e-15 5.91474e-16 2.18389e-16 7.80811e-17 2.70355e-17 9.06687e-18 2.94572e-18 9.27323e-19 2.82935e-19 8.36932e-20 2.40099e-20 6.68269e-21 1.80531e-21 4.7357e-22 1.20683e-22 2.98912e-23 7.19925e-24 1.68691e-24 3.84744e-25 8.54559e-26 1.84943e-26 3.91347e-27 
3.65102e-27 1.82554e-27 6.11639e-27 3.12468e-26 1.58403e-25 7.80157e-25 3.72813e-24 1.72757e-23 7.75832e-23 3.37479e-22 1.42113e-21 5.79023e-21 2.28144e-20 8.6889e-20 3.19719e-19 1.13619e-18 3.89818e-18 1.29088e-17 4.12511e-17 1.2719e-16 3.78367e-16 1.08596e-15 3.00731e-15 8.03577e-15 2.072e-14 5.15557e-14 1.23788e-13 2.86785e-13 6.40987e-13 1.38188e-12 2.87291e-12 5.75832e-12 1.11247e-11 2.07103e-11 3.71427e-11 6.41511e-11 1.06657e-10 1.70604e-10 2.62356e-10 3.87568e-10 5.49545e-10 7.47446e-10 9.74935e-10 1.22005e-09 1.46677e-09 1.69804e-09 1.89919e-09 2.06049e-09 2.17777e-09 2.25105e-09 2.28208e-09 2.27197e-09 2.21999e-09 2.12419e-09 1.98336e-09 1.7997e-09 1.58069e-09 1.33927e-09 1.0919e-09 8.55364e-10 6.43452e-10 4.64869e-10 3.22735e-10 2.15483e-10 1.38486e-10 8.57378e-11 5.11702e-11 2.94572e-11 1.63645e-11 8.77666e-12 4.54602e-12 2.27489e-12 1.10018e-12 5.14382e-13 2.32571e-13 1.01716e-13 4.30414e-14 1.76248e-14 6.98489e-15 2.67939e-15 9.94923e-16 3.57648e-16 1.24474e-16 4.19479e-17 1.36908e-17 4.32838e-18 1.32592e-18 3.93676e-19 1.1333e-19 3.16453e-20 8.57463e-21 2.2556e-21 5.76308e-22 1.43089e-22 3.45407e-23 8.11057e-24 1.85347e-24 4.1243e-25 8.94105e-26 1.89518e-26 
1.77903e-26 9.15518e-27 3.10989e-26 1.58403e-25 7.99879e-25 3.9238e-24 1.86742e-23 8.6173e-23 3.85339e-22 1.66881e-21 6.99547e-21 2.83682e-20 1.11229e-19 4.21464e-19 1.5426e-18 5.45147e-18 1.85947e-17 6.12e-17 1.94316e-16 5.95115e-16 1.75793e-15 5.00861e-15 1.3765e-14 3.64938e-14 9.33456e-14 2.30375e-13 5.48601e-13 1.26052e-12 2.79428e-12 5.97523e-12 1.23231e-11 2.45061e-11 4.69814e-11 8.68118e-11 1.54571e-10 2.65123e-10 4.37898e-10 6.96116e-10 1.06437e-09 1.56411e-09 2.20738e-09 2.98984e-09 3.88578e-09 4.84787e-09 5.8134e-09 6.71606e-09 7.49932e-09 8.12603e-09 8.58061e-09 8.86365e-09 8.9822e-09 8.94056e-09 8.73585e-09 8.36021e-09 7.80883e-09 7.09009e-09 6.23302e-09 5.28785e-09 4.31857e-09 3.39047e-09 2.55742e-09 1.85364e-09 1.29174e-09 8.66157e-10 5.59296e-10 3.48048e-10 2.08867e-10 1.20937e-10 6.75929e-11 3.64798e-11 1.90178e-11 9.57995e-12 4.66439e-12 2.19576e-12 9.99644e-13 4.40227e-13 1.87567e-13 7.73279e-14 3.08501e-14 1.19107e-14 4.45045e-15 1.60944e-15 5.63361e-16 1.90894e-16 6.26275e-17 1.98977e-17 6.12383e-18 1.8263e-18 5.27971e-19 1.48019e-19 4.02615e-20 1.06299e-20 2.72556e-21 6.79023e-22 1.64452e-22 3.87387e-23 8.88031e-24 1.98204e-24 4.30966e-25 9.16269e-26 
8.42611e-26 4.46441e-26 1.53645e-25 7.80157e-25 3.9238e-24 1.91694e-23 9.08513e-23 4.17451e-22 1.85856e-21 8.0128e-21 3.34332e-20 1.34929e-19 5.26413e-19 1.98432e-18 7.22354e-18 2.53832e-17 8.60672e-17 2.81506e-16 8.87961e-16 2.70081e-15 7.92067e-15 2.23978e-14 6.10746e-14 1.60615e-13 4.07425e-13 9.97022e-13 2.35397e-12 5.36227e-12 1.17852e-11 2.49873e-11 5.11016e-11 1.00787e-10 1.9167e-10 3.51399e-10 6.20949e-10 1.05734e-09 1.73433e-09 2.73913e-09 4.16289e-09 6.08376e-09 8.54324e-09 1.15209e-08 1.49165e-08 1.85498e-08 2.21847e-08 2.55737e-08 2.85071e-08 3.08489e-08 3.25433e-08 3.35946e-08 3.403e-08 3.38656e-08 3.30902e-08 3.16738e-08 2.95974e-08 2.6892e-08 2.36657e-08 2.01057e-08 1.64513e-08 1.29468e-08 9.79455e-09 7.12413e-09 4.98479e-09 3.35782e-09 2.1792e-09 1.36356e-09 8.23079e-10 4.79519e-10 2.69734e-10 1.46546e-10 7.69217e-11 3.90201e-11 1.91343e-11 9.07254e-12 4.16042e-12 1.8455e-12 7.91976e-13 3.28824e-13 1.32093e-13 5.13417e-14 1.93079e-14 7.02567e-15 2.47376e-15 8.42931e-16 2.78016e-16 8.8775e-17 2.74525e-17 8.22424e-18 2.38782e-18 6.72185e-19 1.83553e-19 4.86445e-20 1.25178e-20 3.12947e-21 7.60489e-22 1.79732e-22 4.13332e-23 9.25428e-24 2.01842e-24 4.30485e-25 
3.87297e-25 2.11367e-25 7.36602e-25 3.72813e-24 1.86742e-23 9.08513e-23 4.2875e-22 1.9615e-21 8.69404e-21 3.73113e-20 1.54946e-19 6.22281e-19 2.41549e-18 9.0573e-18 3.27901e-17 1.1456e-16 3.86096e-16 1.25482e-15 3.93174e-15 1.18749e-14 3.45693e-14 9.7001e-14 2.6238e-13 6.84269e-13 1.72087e-12 4.17428e-12 9.76779e-12 2.20515e-11 4.8031e-11 1.00932e-10 2.04604e-10 4.0006e-10 7.54391e-10 1.37172e-09 2.40469e-09 4.06343e-09 6.61676e-09 1.03787e-08 1.56732e-08 2.2772e-08 3.18107e-08 4.26997e-08 5.50632e-08 6.82422e-08 8.1384e-08 9.36014e-08 1.0415e-07 1.1255e-07 1.18614e-07 1.22362e-07 1.23896e-07 1.23274e-07 1.20455e-07 1.15327e-07 1.07821e-07 9.80428e-08 8.63797e-08 7.35021e-08 6.02675e-08 4.75539e-08 3.60912e-08 2.63511e-08 1.85189e-08 1.25361e-08 8.17999e-09 5.14835e-09 3.12707e-09 1.83376e-09 1.03856e-09 5.68233e-10 3.00431e-10 1.53531e-10 7.58545e-11 3.62406e-11 1.67461e-11 7.48493e-12 3.23628e-12 1.35361e-12 5.47675e-13 2.14347e-13 8.11457e-14 2.97146e-14 1.05258e-14 3.60722e-15 1.19619e-15 3.83921e-16 1.19299e-16 3.59042e-17 1.047e-17 2.95966e-18 8.11414e-19 2.1586e-19 5.57521e-20 1.39877e-20 3.41085e-21 8.08815e-22 1.86613e-22 4.19155e-23 9.17085e-24 1.96227e-24 
1.72662e-24 9.71053e-25 3.4248e-24 1.72757e-23 8.6173e-23 4.17451e-22 1.9615e-21 8.93393e-21 3.94184e-20 1.68378e-19 6.9588e-19 2.78085e-18 1.07387e-17 4.00509e-17 1.44185e-16 5.00797e-16 1.67744e-15 5.41651e-15 1.68562e-14 5.05458e-14 1.46038e-13 4.06543e-13 1.09059e-12 2.81976e-12 7.0285e-12 1.68937e-11 3.9165e-11 8.75911e-11 1.88998e-10 3.93457e-10 7.90253e-10 1.53118e-09 2.86175e-09 5.15866e-09 8.96784e-09 1.50321e-08 2.42905e-08 3.78261e-08 5.67389e-08 8.19303e-08 1.13816e-07 1.52028e-07 1.95216e-07 2.41069e-07 2.86634e-07 3.28867e-07 3.65234e-07 3.94124e-07 4.14922e-07 4.27729e-07 4.32909e-07 4.30662e-07 4.20837e-07 4.03041e-07 3.77021e-07 3.43139e-07 3.0271e-07 2.58034e-07 2.12058e-07 1.67806e-07 1.27803e-07 9.36971e-08 6.61598e-08 4.50233e-08 2.95493e-08 1.87144e-08 1.14426e-08 6.75698e-09 3.85464e-09 2.12484e-09 1.13207e-09 5.83073e-10 2.90373e-10 1.39845e-10 6.51398e-11 2.9348e-11 1.27892e-11 5.39038e-12 2.19722e-12 8.66108e-13 3.30133e-13 1.2168e-13 4.33691e-14 1.49496e-14 4.98481e-15 1.60825e-15 5.02213e-16 1.51853e-16 4.44789e-17 1.26266e-17 3.47573e-18 9.28246e-19 2.40646e-19 6.05949e-20 1.48279e-20 3.5282e-21 8.16765e-22 1.84057e-22 4.04007e-23 8.67314e-24 
7.46225e-24 4.32666e-24 1.54344e-23 7.75832e-23 3.85339e-22 1.85856e-21 8.69404e-21 3.94184e-20 1.73114e-19 7.35939e-19 3.02657e-18 1.20333e-17 4.62244e-17 1.71455e-16 6.13727e-16 2.11893e-15 7.05302e-15 2.26245e-14 6.9919e-14 2.0813e-13 5.967e-13 1.64765e-12 4.38246e-12 1.12307e-11 2.77365e-11 6.60375e-11 1.51619e-10 3.3578e-10 7.17416e-10 1.47893e-09 2.94167e-09 5.64544e-09 1.04528e-08 1.86713e-08 3.21726e-08 5.34719e-08 8.57076e-08 1.3245e-07 1.97264e-07 2.82993e-07 3.90821e-07 5.19324e-07 6.6385e-07 8.16649e-07 9.67935e-07 1.10771e-06 1.22774e-06 1.32285e-06 1.39113e-06 1.43302e-06 1.44975e-06 1.44199e-06 1.40922e-06 1.3501e-06 1.26377e-06 1.15136e-06 1.01717e-06 8.68744e-07 7.15758e-07 5.68182e-07 4.34386e-07 3.19892e-07 2.27032e-07 1.55383e-07 1.02616e-07 6.5425e-08 4.02872e-08 2.39671e-08 1.37782e-08 7.65562e-09 4.11209e-09 2.13556e-09 1.07248e-09 5.20895e-10 2.44687e-10 1.11165e-10 4.88417e-11 2.07506e-11 8.5237e-12 3.38478e-12 1.29927e-12 4.82087e-13 1.72913e-13 5.99599e-14 2.01057e-14 6.52119e-15 2.04664e-15 6.21788e-16 1.82951e-16 5.21604e-17 1.44176e-17 3.86576e-18 1.00604e-18 2.54262e-19 6.24437e-20 1.49103e-20 3.46355e-21 7.83141e-22 1.72471e-22 3.71525e-23 
3.12501e-23 1.8687e-23 6.73839e-23 3.37479e-22 1.66881e-21 8.0128e-21 3.73113e-20 1.68378e-19 7.35939e-19 3.1133e-18 1.27391e-17 5.03862e-17 1.92511e-16 7.10071e-16 2.52691e-15 8.6712e-15 2.86783e-14 9.13754e-14 2.80388e-13 8.28404e-13 2.35628e-12 6.45232e-12 1.70123e-11 4.31983e-11 1.05674e-10 2.49131e-10 5.66249e-10 1.24123e-09 2.62474e-09 5.35529e-09 1.05436e-08 2.00316e-08 3.67252e-08 6.49716e-08 1.10913e-07 1.82693e-07 2.90331e-07 4.45051e-07 6.57852e-07 9.37231e-07 1.28628e-06 1.69978e-06 2.16244e-06 2.64938e-06 3.12964e-06 3.57189e-06 3.95053e-06 4.24976e-06 4.464e-06 4.59491e-06 4.64652e-06 4.62098e-06 4.51653e-06 4.32886e-06 4.05508e-06 3.69861e-06 3.27283e-06 2.80132e-06 2.31444e-06 1.84361e-06 1.41535e-06 1.04737e-06 7.47448e-07 5.14707e-07 3.42193e-07 2.1974e-07 1.36338e-07 8.17524e-08 4.73846e-08 2.65517e-08 1.43856e-08 7.5369e-09 3.81883e-09 1.87137e-09 8.86897e-10 4.06472e-10 1.80123e-10 7.71629e-11 3.19498e-11 1.27843e-11 4.94292e-12 1.84662e-12 6.66625e-13 2.32571e-13 7.84336e-14 2.55775e-14 8.06851e-15 2.46321e-15 7.28114e-16 2.08506e-16 5.78771e-17 1.55817e-17 4.07098e-18 1.03281e-18 2.54586e-19 6.10102e-20 1.42225e-20 3.22702e-21 7.13122e-22 1.5416e-22 
1.26747e-22 7.81959e-23 2.84844e-22 1.42113e-21 6.99547e-21 3.34332e-20 1.54946e-19 6.9588e-19 3.02657e-18 1.27391e-17 5.18568e-17 2.04012e-16 7.75172e-16 2.84283e-15 1.00564e-14 3.4294e-14 1.1268e-13 3.56559e-13 1.0862e-12 3.18465e-12 8.98522e-12 2.43952e-11 6.37438e-11 1.60339e-10 3.88379e-10 9.06305e-10 2.03839e-09 4.4206e-09 9.24727e-09 1.8664e-08 3.63525e-08 6.83359e-08 1.23986e-07 2.17128e-07 3.67023e-07 5.98834e-07 9.43055e-07 1.43327e-06 2.10169e-06 2.9723e-06 4.05223e-06 5.32348e-06 6.73796e-06 8.21959e-06 9.67489e-06 1.10103e-05 1.21501e-05 1.30483e-05 1.36896e-05 1.40799e-05 1.42318e-05 1.41517e-05 1.38341e-05 1.32658e-05 1.24374e-05 1.13587e-05 1.00693e-05 8.63935e-06 7.15982e-06 5.72499e-06 4.41511e-06 3.28449e-06 2.35801e-06 1.63454e-06 1.09452e-06 7.08263e-07 4.43012e-07 2.67896e-07 1.56638e-07 8.85638e-08 4.84261e-08 2.56091e-08 1.30984e-08 6.47936e-09 3.09953e-09 1.43362e-09 6.40984e-10 2.76966e-10 1.15629e-10 4.66318e-11 1.81642e-11 6.83368e-12 2.48327e-12 8.71756e-13 2.95721e-13 9.69699e-14 3.07497e-14 9.43414e-15 2.8019e-15 8.05998e-16 2.24701e-16 6.07473e-17 1.59356e-17 4.05876e-18 1.00431e-18 2.41579e-19 5.65224e-20 1.28709e-20 2.85438e-21 6.1932e-22 
4.97666e-22 3.16863e-22 1.16524e-21 5.79023e-21 2.83682e-20 1.34929e-19 6.22281e-19 2.78085e-18 1.20333e-17 5.03862e-17 2.04012e-16 7.98203e-16 3.01569e-15 1.09946e-14 3.86551e-14 1.30979e-13 4.27482e-13 1.3432e-12 4.06153e-12 1.18151e-11 3.30599e-11 8.8975e-11 2.30347e-10 5.73791e-10 1.37576e-09 3.17656e-09 7.06672e-09 1.51548e-08 3.13442e-08 6.25464e-08 1.2045e-07 2.239e-07 4.01787e-07 6.96102e-07 1.16445e-06 1.8809e-06 2.93372e-06 4.41833e-06 6.42399e-06 9.0142e-06 1.22026e-05 1.59305e-05 2.00538e-05 2.43508e-05 2.8553e-05 3.23945e-05 3.56628e-05 3.82309e-05 4.0059e-05 4.1167e-05 4.15923e-05 4.13537e-05 4.04345e-05 3.87954e-05 3.64082e-05 3.32989e-05 2.95786e-05 2.54461e-05 2.11601e-05 1.69904e-05 1.31682e-05 9.85251e-06 7.11925e-06 4.97032e-06 3.35404e-06 2.18832e-06 1.38068e-06 8.42483e-07 4.97215e-07 2.83832e-07 1.56721e-07 8.37029e-08 4.324e-08 2.16028e-08 1.0436e-08 4.87347e-09 2.19933e-09 9.58851e-10 4.03732e-10 1.64141e-10 6.44265e-11 2.4413e-11 8.93147e-12 3.15539e-12 1.07681e-12 3.55097e-13 1.13207e-13 3.49094e-14 1.04183e-14 3.01091e-15 8.43158e-16 2.28931e-16 6.03058e-17 1.54223e-17 3.83129e-18 9.25163e-19 2.17286e-19 4.9664e-20 1.10547e-20 2.40776e-21 
1.8909e-21 1.2428e-21 4.6107e-21 2.28144e-20 1.11229e-19 5.26413e-19 2.41549e-18 1.07387e-17 4.62244e-17 1.92511e-16 7.75172e-16 3.01569e-15 1.13269e-14 4.10454e-14 1.43401e-13 4.82715e-13 1.56465e-12 4.88091e-12 1.46469e-11 4.2267e-11 1.17267e-10 3.12778e-10 8.02089e-10 1.97806e-09 4.69306e-09 1.07176e-08 2.35729e-08 4.99655e-08 1.02121e-07 2.01355e-07 3.83158e-07 7.03857e-07 1.24845e-06 2.1385e-06 3.53799e-06 5.65421e-06 8.7296e-06 1.30207e-05 1.87608e-05 2.61066e-05 3.5075e-05 4.54842e-05 5.69246e-05 6.87817e-05 8.03231e-05 9.08319e-05 9.97419e-05 0.000106722 0.000111675 0.000114665 0.000115797 0.000115122 0.000112594 0.000108101 0.000101562 9.30407e-05 8.28327e-05 7.14721e-05 5.96575e-05 4.81219e-05 3.74993e-05 2.8233e-05 2.05443e-05 1.4454e-05 9.83519e-06 6.47385e-06 4.12263e-06 2.53999e-06 1.51405e-06 8.73155e-07 4.87159e-07 2.62935e-07 1.37268e-07 6.93012e-08 3.38248e-08 1.5955e-08 7.27031e-09 3.19916e-09 1.35894e-09 5.57106e-10 2.20387e-10 8.41279e-11 3.09917e-11 1.10205e-11 3.78397e-12 1.25507e-12 4.02329e-13 1.24716e-13 3.74065e-14 1.08625e-14 3.05594e-15 8.33452e-16 2.20505e-16 5.66293e-17 1.41263e-17 3.42496e-18 8.07587e-19 1.85308e-19 4.14069e-20 9.05474e-21 
6.94975e-21 4.71604e-21 1.76385e-20 8.6889e-20 4.21464e-19 1.98432e-18 9.0573e-18 4.00509e-17 1.71455e-16 7.10071e-16 2.84283e-15 1.09946e-14 4.10454e-14 1.47806e-13 5.13041e-13 1.71533e-12 5.52076e-12 1.70946e-11 5.08992e-11 1.45676e-10 4.00661e-10 1.05884e-09 2.6889e-09 6.56308e-09 1.5403e-08 3.47779e-08 7.5593e-08 1.58286e-07 3.19508e-07 6.22107e-07 1.16899e-06 2.12075e-06 3.7156e-06 6.2883e-06 1.02824e-05 1.62478e-05 2.48147e-05 3.66339e-05 5.22776e-05 7.21029e-05 9.60937e-05 0.000123721 0.000153878 0.000184949 0.000215042 0.000242326 0.000265376 0.000283375 0.000296108 0.000303761 0.000306618 0.000304813 0.000298218 0.000286536 0.000269541 0.000247382 0.000220798 0.000191146 0.000160213 0.000129887 0.000101818 7.71819e-05 5.65918e-05 4.01482e-05 2.75644e-05 1.83168e-05 1.1781e-05 7.33372e-06 4.41828e-06 2.57592e-06 1.45317e-06 7.9312e-07 4.18697e-07 2.13728e-07 1.0545e-07 5.02641e-08 2.31358e-08 1.02786e-08 4.40596e-09 1.82177e-09 7.26499e-10 2.79426e-10 1.0367e-10 3.7111e-11 1.28228e-11 4.27849e-12 1.3793e-12 4.29874e-13 1.29602e-13 3.78225e-14 1.06918e-14 2.92956e-15 7.78579e-16 2.00835e-16 5.0315e-17 1.22506e-17 2.90064e-18 6.683e-19 1.49935e-19 3.29253e-20 
2.46999e-20 1.73074e-20 6.52099e-20 3.19719e-19 1.5426e-18 7.22354e-18 3.27901e-17 1.44185e-16 6.13727e-16 2.52691e-15 1.00564e-14 3.86551e-14 1.43401e-13 5.13041e-13 1.76882e-12 5.87269e-12 1.87636e-11 5.76575e-11 1.70302e-10 4.83303e-10 1.31742e-09 3.44876e-09 8.67059e-09 2.09397e-08 4.85959e-08 1.08439e-07 2.32824e-07 4.81357e-07 9.59069e-07 1.84286e-06 3.41723e-06 6.11811e-06 1.05803e-05 1.76789e-05 2.85508e-05 4.4576e-05 6.72994e-05 9.82724e-05 0.000138804 0.000189634 0.00025056 0.000320128 0.000395506 0.000472679 0.00054702 0.000614116 0.000670581 0.000714524 0.000745511 0.000764054 0.00077088 0.000766316 0.000750039 0.00072129 0.000679479 0.000624913 0.000559337 0.000486001 0.000409226 0.000333611 0.000263223 0.000201016 0.000148611 0.000106383 7.37469e-05 4.95079e-05 3.21838e-05 2.02573e-05 1.23438e-05 7.28071e-06 4.15595e-06 2.29526e-06 1.22605e-06 6.33156e-07 3.15945e-07 1.52253e-07 7.08156e-08 3.17749e-08 1.37485e-08 5.73497e-09 2.306e-09 8.93836e-10 3.34044e-10 1.20402e-10 4.18721e-11 1.40572e-11 4.55833e-12 1.42862e-12 4.33027e-13 1.27028e-13 3.60887e-14 9.93651e-15 2.6533e-15 6.87588e-16 1.73041e-16 4.2319e-17 1.00638e-17 2.32865e-18 5.24659e-19 1.15723e-19 
8.48641e-20 6.14062e-20 2.32895e-19 1.13619e-18 5.45147e-18 2.53832e-17 1.1456e-16 5.00797e-16 2.11893e-15 8.6712e-15 3.4294e-14 1.30979e-13 4.82715e-13 1.71533e-12 5.87269e-12 1.93569e-11 6.13808e-11 1.87129e-10 5.48163e-10 1.54215e-09 4.16518e-09 1.07981e-08 2.6869e-08 6.41842e-08 1.47245e-07 3.24593e-07 6.88097e-07 1.40392e-06 2.75938e-06 5.22915e-06 9.56184e-06 1.68821e-05 2.87948e-05 4.7467e-05 7.56526e-05 0.000116617 0.00017392 0.000251019 0.000350688 0.000474271 0.000620886 0.000786771 0.000965076 0.00114638 0.00132002 0.00147597 0.00160667 0.00170803 0.00177926 0.0018217 0.0018371 0.00182623 0.0017883 0.00172149 0.00162432 0.00149736 0.00134447 0.00117297 0.000992691 0.000814215 0.000647008 0.000498106 0.000371559 0.000268577 0.000188128 0.000127686 8.39606e-05 5.34763e-05 3.29843e-05 1.96975e-05 1.13853e-05 6.36728e-06 3.44374e-06 1.80024e-06 9.09012e-07 4.43058e-07 2.08318e-07 9.44342e-08 4.12562e-08 1.73658e-08 7.04224e-09 2.75149e-09 1.03602e-09 3.76067e-10 1.31662e-10 4.44833e-11 1.45123e-11 4.5748e-12 1.39444e-12 4.11276e-13 1.17458e-13 3.25054e-14 8.72301e-15 2.27152e-15 5.74387e-16 1.4113e-16 3.37163e-17 7.83688e-18 1.7736e-18 3.93024e-19 
2.81815e-19 2.10565e-19 8.03275e-19 3.89818e-18 1.85947e-17 8.60672e-17 3.86096e-16 1.67744e-15 7.05302e-15 2.86783e-14 1.1268e-13 4.27482e-13 1.56465e-12 5.52076e-12 1.87636e-11 6.13808e-11 1.93117e-10 5.83952e-10 1.696e-09 4.72866e-09 1.26512e-08 3.24708e-08 7.99452e-08 1.88837e-07 4.28084e-07 9.31904e-07 1.94962e-06 3.92346e-06 7.60261e-06 1.41994e-05 2.55854e-05 4.45124e-05 7.48217e-05 0.000121583 0.000191082 0.000290579 0.000427748 0.000609751 0.000841959 0.00112639 0.00146009 0.00183391 0.00223226 0.0026343 0.00301692 0.00335878 0.00364402 0.0038644 0.00401874 0.00411029 0.00414304 0.00411868 0.00403542 0.00388912 0.00367631 0.00339784 0.00306165 0.00268322 0.00228358 0.0018856 0.00151006 0.00117279 0.000883352 0.000645259 0.000457065 0.000313895 0.00020895 0.000134782 8.42204e-05 5.09629e-05 2.98515e-05 1.69176e-05 9.27059e-06 4.90863e-06 2.50937e-06 1.23761e-06 5.8846e-07 2.69594e-07 1.18955e-07 5.05398e-08 2.06748e-08 8.14448e-09 3.09044e-09 1.13003e-09 3.98379e-10 1.35488e-10 4.44823e-11 1.41079e-11 4.32549e-12 1.28302e-12 3.68446e-13 1.02513e-13 2.76545e-14 7.23841e-15 1.83956e-15 4.54223e-16 1.09043e-16 2.54666e-17 5.79069e-18 1.28951e-18 
9.04372e-19 6.97665e-19 2.67493e-18 1.29088e-17 6.12e-17 2.81506e-16 1.25482e-15 5.41651e-15 2.26245e-14 9.13754e-14 3.56559e-13 1.3432e-12 4.88091e-12 1.70946e-11 5.76575e-11 1.87129e-10 5.83952e-10 1.75081e-09 5.04002e-09 1.39221e-08 3.68848e-08 9.36971e-08 2.28182e-07 5.32783e-07 1.19308e-06 2.56378e-06 5.29095e-06 1.04966e-05 2.00406e-05 3.68647e-05 6.54067e-05 0.000112039 0.000185442 0.000296787 0.000459554 0.000688842 0.00100004 0.00140681 0.0019185 0.00253703 0.00325402 0.00404861 0.00488736 0.00572706 0.00652078 0.00722591 0.00781149 0.00826211 0.00857655 0.00876226 0.00882776 0.00877658 0.00860487 0.00830377 0.00786553 0.00729105 0.00659546 0.0058093 0.00497467 0.00413796 0.00334206 0.00262048 0.00199459 0.00147358 0.00105644 0.000734756 0.000495577 0.000324031 0.000205301 0.000125989 7.48469e-05 4.30167e-05 2.38994e-05 1.28248e-05 6.64111e-06 3.31574e-06 1.59494e-06 7.38704e-07 3.29295e-07 1.41254e-07 5.8307e-08 2.31645e-08 8.86037e-09 3.26448e-09 1.15919e-09 3.96967e-10 1.31195e-10 4.18756e-11 1.29186e-11 3.85487e-12 1.11347e-12 3.11566e-13 8.45173e-14 2.22423e-14 5.68278e-15 1.41054e-15 3.4036e-16 7.98921e-17 1.82567e-17 4.08665e-18 
2.80437e-18 2.23314e-18 8.59848e-18 4.12511e-17 1.94316e-16 8.87961e-16 3.93174e-15 1.68562e-14 6.9919e-14 2.80388e-13 1.0862e-12 4.06153e-12 1.46469e-11 5.08992e-11 1.70302e-10 5.48163e-10 1.696e-09 5.04002e-09 1.43751e-08 3.93268e-08 1.03142e-07 2.59228e-07 6.24232e-07 1.44025e-06 3.18473e-06 6.75277e-06 1.37408e-05 2.68599e-05 5.04982e-05 9.14274e-05 0.000159606 0.000268967 0.000437984 0.000689763 0.00105134 0.00155194 0.00222006 0.00307944 0.00414405 0.00541274 0.00686427 0.00845414 0.0101152 0.0117635 0.0133101 0.0146755 0.0158038 0.0166682 0.0172692 0.0176226 0.0177455 0.0176449 0.0173131 0.016732 0.0158856 0.0147735 0.0134224 0.0118882 0.0102495 0.00859439 0.00700575 0.00555029 0.00427279 0.00319544 0.00232072 0.0016361 0.00111915 0.000742425 0.000477391 0.000297372 0.00017932 0.000104595 5.8957e-05 3.20822e-05 1.68367e-05 8.51339e-06 4.14438e-06 1.94118e-06 8.74498e-07 3.78855e-07 1.57846e-07 6.32624e-08 2.43997e-08 9.06105e-09 3.24188e-09 1.11825e-09 3.72156e-10 1.19589e-10 3.71343e-11 1.11512e-11 3.24093e-12 9.12336e-13 2.48946e-13 6.58932e-14 1.69305e-14 4.22568e-15 1.0252e-15 2.41929e-16 5.55759e-17 1.25085e-17 
8.40264e-18 6.9046e-18 2.6677e-17 1.2719e-16 5.95115e-16 2.70081e-15 1.18749e-14 5.05458e-14 2.0813e-13 8.28404e-13 3.18465e-12 1.18151e-11 4.2267e-11 1.45676e-10 4.83303e-10 1.54215e-09 4.72866e-09 1.39221e-08 3.93268e-08 1.06511e-07 2.76421e-07 6.87103e-07 1.63543e-06 3.72722e-06 8.13524e-06 1.70138e-05 3.41204e-05 6.56845e-05 0.000121533 0.000216426 0.00037147 0.000615343 0.00098495 0.00152498 0.00228589 0.00331997 0.00467545 0.00638896 0.00847699 0.0109271 0.0136909 0.0166796 0.0197672 0.0228018 0.0256261 0.0281029 0.0301382 0.0316907 0.0327657 0.033395 0.0336111 0.0334266 0.0328269 0.0317782 0.0302486 0.0282334 0.0257751 0.0229687 0.0199506 0.0168763 0.0138954 0.0111325 0.00867556 0.00657373 0.00484095 0.00346275 0.00240454 0.00161995 0.00105815 0.000669647 0.000410228 0.000243023 0.000139069 7.67842e-05 4.08582e-05 2.09323e-05 1.03165e-05 4.88845e-06 2.22633e-06 9.7442e-07 4.09916e-07 1.65795e-07 6.45025e-08 2.41525e-08 8.71008e-09 3.02743e-09 1.01498e-09 3.28485e-10 1.02708e-10 3.10506e-11 9.08373e-12 2.57352e-12 7.06631e-13 1.88184e-13 4.86421e-14 1.22119e-14 2.97981e-15 7.07151e-16 1.63348e-16 3.69768e-17 
2.43275e-17 2.06195e-17 7.98788e-17 3.78367e-16 1.75793e-15 7.92067e-15 3.45693e-14 1.46038e-13 5.967e-13 2.35628e-12 8.98522e-12 3.30599e-11 1.17267e-10 4.00661e-10 1.31742e-09 4.16518e-09 1.26512e-08 3.68848e-08 1.03142e-07 2.76421e-07 7.09549e-07 1.74361e-06 4.10038e-06 9.22701e-06 1.9871e-05 4.09721e-05 8.09454e-05 0.000153386 0.000279148 0.00048864 0.000823999 0.00134065 0.00210751 0.003205 0.00472015 0.00673862 0.00933371 0.0125536 0.0164081 0.020856 0.0257965 0.0310652 0.0364421 0.0416711 0.0464946 0.0506939 0.054124 0.0567277 0.0585232 0.0595698 0.0599246 0.0596097 0.0585992 0.0568333 0.0542529 0.0508423 0.0466624 0.041861 0.0366568 0.0313047 0.0260567 0.021129 0.0166834 0.0128204 0.00958225 0.00696126 0.00491201 0.00336403 0.0022343 0.00143781 0.000895539 0.00053922 0.000313462 0.0001757 9.48422e-05 4.92509e-05 2.45843e-05 1.17894e-05 5.42996e-06 2.40193e-06 1.02063e-06 4.16756e-07 1.63619e-07 6.18015e-08 2.24745e-08 7.87491e-09 2.66082e-09 8.67682e-10 2.73301e-10 8.32177e-11 2.45154e-11 6.99291e-12 1.93289e-12 5.18103e-13 1.34772e-13 3.40456e-14 8.35791e-15 1.99524e-15 4.63575e-16 1.05574e-16 
6.80623e-17 5.94725e-17 2.30832e-16 1.08596e-15 5.00861e-15 2.23978e-14 9.7001e-14 4.06543e-13 1.64765e-12 6.45232e-12 2.43952e-11 8.8975e-11 3.12778e-10 1.05884e-09 3.44876e-09 1.07981e-08 3.24708e-08 9.36971e-08 2.59228e-07 6.87103e-07 1.74361e-06 4.23367e-06 9.83226e-06 2.18362e-05 4.63787e-05 9.42404e-05 0.000183331 0.000341794 0.000611506 0.00105155 0.00174098 0.00277999 0.00428829 0.00639964 0.00925155 0.0129704 0.0176533 0.0233482 0.0300359 0.037615 0.0458934 0.0545891 0.063345 0.0717622 0.0794513 0.0860919 0.091481 0.0955503 0.0983445 0.0999661 0.10051 0.100011 0.0984266 0.0956586 0.0916046 0.0862254 0.0795972 0.0719292 0.0635439 0.0548273 0.0461718 0.0379275 0.030371 0.0236914 0.0179897 0.0132863 0.00953602 0.00664545 0.00449208 0.00294205 0.00186457 0.00114188 0.000674735 0.000384147 0.00021045 0.000110821 5.60495e-05 2.72131e-05 1.26809e-05 5.67163e-06 2.43538e-06 1.00444e-06 3.98134e-07 1.5177e-07 5.56835e-08 1.96789e-08 6.70464e-09 2.20403e-09 6.9968e-10 2.14676e-10 6.37133e-11 1.83058e-11 5.09565e-12 1.37528e-12 3.60152e-13 9.1577e-14 2.26251e-14 5.43485e-15 1.27044e-15 2.9116e-16 
1.84024e-16 1.6567e-16 6.43778e-16 3.00731e-15 1.3765e-14 6.10746e-14 2.6238e-13 1.09059e-12 4.38246e-12 1.70123e-11 6.37438e-11 2.30347e-10 8.02089e-10 2.6889e-09 8.67059e-09 2.6869e-08 7.99452e-08 2.28182e-07 6.24232e-07 1.63543e-06 4.10038e-06 9.83226e-06 2.25382e-05 4.93754e-05 0.000103377 0.000206915 0.000396174 0.000726346 0.00127687 0.00215579 0.00350203 0.00548421 0.00829459 0.0121368 0.0172068 0.0236683 0.0316252 0.041095 0.0519882 0.0640945 0.07708 0.0904964 0.103809 0.116445 0.127866 0.137643 0.145521 0.151436 0.155479 0.157816 0.158591 0.157859 0.155554 0.151523 0.145604 0.137713 0.12793 0.116519 0.103916 0.0906556 0.0773023 0.0643807 0.0523294 0.0414758 0.0320265 0.0240698 0.0175893 0.0124846 0.00859669 0.00573501 0.00370107 0.00230679 0.00138632 0.000802087 0.000446166 0.000238353 0.000122199 6.00954e-05 2.83456e-05 1.28248e-05 5.56786e-06 2.32068e-06 9.29213e-07 3.57689e-07 1.32475e-07 4.72465e-08 1.62399e-08 5.3846e-09 1.72368e-09 5.33165e-10 1.59489e-10 4.61764e-11 1.295e-11 3.52056e-12 9.28472e-13 2.3771e-13 5.9122e-14 1.42943e-14 3.36263e-15 7.75713e-16 
4.80876e-16 4.45703e-16 1.73286e-15 8.03577e-15 3.64938e-14 1.60615e-13 6.84269e-13 2.81976e-12 1.12307e-11 4.31983e-11 1.60339e-10 5.73791e-10 1.97806e-09 6.56308e-09 2.09397e-08 6.41842e-08 1.88837e-07 5.32783e-07 1.44025e-06 3.72722e-06 9.22701e-06 2.18362e-05 4.93754e-05 0.00010664 0.000219976 0.00043348 0.000816489 0.0014714 0.00254034 0.00420879 0.00670455 0.0102903 0.0152487 0.0218593 0.0303674 0.0409478 0.0536687 0.0684618 0.0851043 0.103214 0.122261 0.14159 0.160465 0.178133 0.193915 0.207296 0.217994 0.225977 0.231408 0.234534 0.235562 0.234569 0.231461 0.226021 0.218002 0.207256 0.193834 0.178038 0.160391 0.141572 0.122325 0.103373 0.0853579 0.0687998 0.0540722 0.0413922 0.0308253 0.0223042 0.0156581 0.010648 0.00700196 0.00444422 0.00271781 0.00159875 0.000903396 0.000489843 0.000254688 0.000126933 6.06352e-05 2.77681e-05 1.21959e-05 5.14018e-06 2.08036e-06 8.09149e-07 3.027e-07 1.0901e-07 3.78242e-08 1.26563e-08 4.08752e-09 1.27527e-09 3.84677e-10 1.12279e-10 3.17366e-11 8.69379e-12 2.30978e-12 5.95606e-13 1.49167e-13 3.63084e-14 8.59733e-15 1.99675e-15 
1.2145e-15 1.15799e-15 4.50176e-15 2.072e-14 9.33456e-14 4.07425e-13 1.72087e-12 7.0285e-12 2.77365e-11 1.05674e-10 3.88379e-10 1.37576e-09 4.69306e-09 1.5403e-08 4.85959e-08 1.47245e-07 4.28084e-07 1.19308e-06 3.18473e-06 8.13524e-06 1.9871e-05 4.63787e-05 0.000103377 0.000219976 0.000446793 0.000866336 0.00160447 0.00284072 0.0048144 0.00782364 0.0122152 0.0183646 0.0266466 0.0373975 0.0508711 0.0671929 0.0863206 0.108019 0.131855 0.157211 0.183318 0.2093 0.234233 0.25722 0.27749 0.294493 0.307973 0.317965 0.324727 0.328603 0.32987 0.328626 0.324751 0.317952 0.307888 0.294317 0.277228 0.256904 0.23391 0.209019 0.183121 0.157128 0.131902 0.108199 0.0866233 0.0675956 0.0513424 0.0379011 0.0271467 0.0188305 0.0126247 0.00816434 0.00508304 0.00304152 0.00174671 0.000961774 0.000507419 0.000256432 0.000124135 5.75773e-05 2.56001e-05 1.09178e-05 4.46938e-06 1.75764e-06 6.64584e-07 2.4182e-07 8.47511e-08 2.86348e-08 9.33521e-09 2.93907e-09 8.94378e-10 2.63279e-10 7.50315e-11 2.07177e-11 5.5467e-12 1.44092e-12 3.63466e-13 8.90847e-14 2.12361e-14 4.96642e-15 
2.96458e-15 2.90521e-15 1.12871e-14 5.15557e-14 2.30375e-13 9.97022e-13 4.17428e-12 1.68937e-11 6.60375e-11 2.49131e-10 9.06305e-10 3.17656e-09 1.07176e-08 3.47779e-08 1.08439e-07 3.24593e-07 9.31904e-07 2.56378e-06 6.75277e-06 1.70138e-05 4.09721e-05 9.42404e-05 0.000206915 0.00043348 0.000866336 0.0016519 0.00300641 0.00522688 0.00869187 0.0138482 0.0211826 0.0311806 0.0442778 0.0608066 0.080944 0.104666 0.131716 0.161598 0.193596 0.226816 0.260248 0.292826 0.323501 0.351315 0.375498 0.395549 0.411296 0.422884 0.430684 0.435137 0.436586 0.435151 0.430684 0.422825 0.411133 0.395254 0.375071 0.350787 0.32292 0.29225 0.259732 0.226407 0.19333 0.161499 0.131792 0.104908 0.081326 0.0612891 0.0448146 0.0317259 0.0216969 0.0143028 0.00906982 0.00552303 0.00322523 0.00180438 0.000966554 0.000495629 0.000243307 0.000114382 5.15212e-05 2.22498e-05 9.21948e-06 3.66845e-06 1.40291e-06 5.16104e-07 1.82807e-07 6.24007e-08 2.05452e-08 6.53034e-09 2.00557e-09 5.95631e-10 1.71202e-10 4.76619e-11 1.28617e-11 3.36675e-12 8.55494e-13 2.11166e-13 5.0683e-14 1.19369e-14 
6.99358e-15 7.03725e-15 2.73102e-14 1.23788e-13 5.48601e-13 2.35397e-12 9.76779e-12 3.9165e-11 1.51619e-10 5.66249e-10 2.03839e-09 7.06672e-09 2.35729e-08 7.5593e-08 2.32824e-07 6.88097e-07 1.94962e-06 5.29095e-06 1.37408e-05 3.41204e-05 8.09454e-05 0.000183331 0.000396174 0.000816489 0.00160447 0.00300641 0.00537363 0.0091691 0.0149539 0.0233494 0.0349785 0.0503948 0.0700129 0.094047 0.122466 0.154964 0.190957 0.22961 0.269885 0.310625 0.350632 0.388742 0.423896 0.455202 0.482003 0.503942 0.520995 0.533446 0.541777 0.546514 0.548052 0.546526 0.54177 0.533371 0.520801 0.503591 0.481487 0.45454 0.423129 0.387924 0.349819 0.309876 0.269254 0.229146 0.190696 0.15492 0.122631 0.0943923 0.0704912 0.0509512 0.0355577 0.023903 0.0154452 0.00957626 0.00568947 0.0032361 0.00176124 0.000917049 0.000456872 0.000217863 9.94931e-05 4.35427e-05 1.82761e-05 7.36308e-06 2.84984e-06 1.06061e-06 3.79886e-07 1.31072e-07 4.36028e-08 1.39974e-08 4.33995e-09 1.30075e-09 3.77169e-10 1.0589e-10 2.88065e-11 7.59921e-12 1.94539e-12 4.83636e-13 1.16883e-13 2.7725e-14 
1.59421e-14 1.64548e-14 6.37611e-14 2.86785e-13 1.26052e-12 5.36227e-12 2.20515e-11 8.75911e-11 3.3578e-10 1.24123e-09 4.4206e-09 1.51548e-08 4.99655e-08 1.58286e-07 4.81357e-07 1.40392e-06 3.92346e-06 1.04966e-05 2.68599e-05 6.56845e-05 0.000153386 0.000341794 0.000726346 0.0014714 0.00284072 0.00522688 0.0091691 0.0153463 0.0245348 0.0375304 0.0550455 0.0776045 0.10546 0.138542 0.176447 0.218452 0.263558 0.310559 0.358132 0.404937 0.449711 0.491336 0.528893 0.56169 0.589299 0.611585 0.628714 0.641111 0.649355 0.654024 0.655539 0.654043 0.649365 0.641063 0.628554 0.61127 0.588808 0.561027 0.528081 0.490411 0.448717 0.403932 0.357178 0.309725 0.262906 0.21803 0.176277 0.138619 0.105753 0.0780647 0.0556105 0.038135 0.0251197 0.0158658 0.00959599 0.00555289 0.00307284 0.00162592 0.000822738 0.000398283 0.000184557 8.1916e-05 3.48531e-05 1.42268e-05 5.57629e-06 2.1006e-06 7.61193e-07 2.6558e-07 8.92972e-08 2.89608e-08 9.06765e-09 2.74325e-09 8.02581e-10 2.27259e-10 6.23314e-11 1.65723e-11 4.27441e-12 1.0703e-12 2.6046e-13 6.22241e-14 
3.51086e-14 3.7131e-14 1.43611e-13 6.40987e-13 2.79428e-12 1.17852e-11 4.8031e-11 1.88998e-10 7.17416e-10 2.62474e-09 9.24727e-09 3.13442e-08 1.02121e-07 3.19508e-07 9.59069e-07 2.75938e-06 7.60261e-06 2.00406e-05 5.04982e-05 0.000121533 0.000279148 0.000611506 0.00127687 0.00254034 0.0048144 0.00869187 0.0149539 0.0245348 0.0384327 0.0575738 0.0826564 0.114017 0.151553 0.194716 0.242568 0.293868 0.34718 0.400987 0.453794 0.504238 0.551166 0.593674 0.631127 0.663149 0.689617 0.710659 0.726634 0.738086 0.745649 0.749916 0.751302 0.749951 0.745694 0.738098 0.726564 0.710463 0.689266 0.662627 0.630434 0.59282 0.550172 0.503144 0.452655 0.399876 0.346179 0.293049 0.24199 0.194414 0.15153 0.114249 0.0830935 0.0581458 0.0390609 0.025146 0.0154929 0.00912761 0.00513981 0.00276599 0.00142277 0.000699784 0.000329283 0.000148334 6.40185e-05 2.64923e-05 1.05211e-05 4.01347e-06 1.47194e-06 5.19484e-07 1.7659e-07 5.78718e-08 1.83007e-08 5.58923e-09 1.65004e-09 4.71263e-10 1.30321e-10 3.49215e-11 9.07475e-12 2.28862e-12 5.60785e-13 1.34927e-13 
7.46792e-14 8.0837e-14 3.11973e-13 1.38188e-12 5.97523e-12 2.49873e-11 1.00932e-10 3.93457e-10 1.47893e-09 5.35529e-09 1.8664e-08 6.25464e-08 2.01355e-07 6.22107e-07 1.84286e-06 5.22915e-06 1.41994e-05 3.68647e-05 9.14274e-05 0.000216426 0.00048864 0.00105155 0.00215579 0.00420879 0.00782364 0.0138482 0.0233494 0.0375304 0.0575738 0.0844347 0.118633 0.160109 0.208188 0.261662 0.318945 0.378262 0.437816 0.495924 0.551119 0.60222 0.64837 0.689032 0.723961 0.753153 0.776811 0.795308 0.809164 0.818994 0.825438 0.829059 0.830239 0.829111 0.825524 0.81908 0.809211 0.795277 0.776668 0.752872 0.723518 0.688413 0.647565 0.60124 0.549996 0.494715 0.436598 0.377122 0.317969 0.260925 0.207746 0.159985 0.118812 0.0848624 0.0581645 0.0381864 0.0239827 0.0143962 0.00825575 0.00452231 0.00236656 0.00118351 0.000565917 0.0002589 0.000113405 4.75996e-05 1.91612e-05 7.40428e-06 2.74906e-06 9.81601e-07 3.374e-07 1.11743e-07 3.56915e-08 1.10046e-08 3.27823e-09 9.44359e-10 2.63292e-10 7.11045e-11 1.8615e-11 4.72803e-12 1.16643e-12 2.82632e-13 
1.53385e-13 1.69738e-13 6.53477e-13 2.87291e-12 1.23231e-11 5.11016e-11 2.04604e-10 7.90253e-10 2.94167e-09 1.05436e-08 3.63525e-08 1.2045e-07 3.83158e-07 1.16899e-06 3.41723e-06 9.56184e-06 2.55854e-05 6.54067e-05 0.000159606 0.00037147 0.000823999 0.00174098 0.00350203 0.00670455 0.0122152 0.0211826 0.0349785 0.0550455 0.0826564 0.118633 0.163104 0.215386 0.274042 0.337083 0.402264 0.467366 0.530405 0.589761 0.644224 0.693003 0.735693 0.772216 0.802751 0.827657 0.847417 0.862591 0.873792 0.881649 0.886758 0.889615 0.890552 0.88968 0.886874 0.881797 0.873944 0.862719 0.84749 0.827645 0.802618 0.771927 0.735214 0.692312 0.643318 0.588664 0.529168 0.466062 0.400988 0.335941 0.273142 0.214815 0.162906 0.118796 0.0831077 0.0556747 0.0356666 0.0218301 0.0127588 0.00711936 0.00379296 0.00192995 0.000938319 0.000436167 0.000193984 8.26108e-05 3.37168e-05 1.32005e-05 4.96224e-06 1.7928e-06 6.23121e-07 2.08556e-07 6.72821e-08 2.09418e-08 6.29466e-09 1.82879e-09 5.14013e-10 1.39886e-10 3.68908e-11 9.43556e-12 2.34345e-12 5.71786e-13 
3.04117e-13 3.4364e-13 1.3195e-12 5.75832e-12 2.45061e-11 1.00787e-10 4.0006e-10 1.53118e-09 5.64544e-09 2.00316e-08 6.83359e-08 2.239e-07 7.03857e-07 2.12075e-06 6.11811e-06 1.68821e-05 4.45124e-05 0.000112039 0.000268967 0.000615343 0.00134065 0.00277999 0.00548421 0.0102903 0.0183646 0.0311806 0.0503948 0.0776045 0.114017 0.160109 0.215386 0.278346 0.346666 0.417573 0.488272 0.556298 0.61973 0.677262 0.728159 0.772172 0.809427 0.84032 0.865415 0.885358 0.900822 0.912468 0.920929 0.92679 0.930568 0.932672 0.933366 0.93274 0.930698 0.926972 0.921149 0.912709 0.901063 0.885573 0.865569 0.84037 0.809323 0.771867 0.727616 0.676462 0.618677 0.555028 0.486861 0.416136 0.34535 0.277303 0.214736 0.159903 0.114222 0.0781183 0.0510777 0.0318969 0.0190122 0.0108133 0.00586838 0.00303955 0.00150319 0.000710192 0.000320778 0.000138627 5.73708e-05 2.27582e-05 8.66192e-06 3.16632e-06 1.11275e-06 3.76344e-07 1.22616e-07 3.85227e-08 1.16818e-08 3.42247e-09 9.69616e-10 2.65874e-10 7.06221e-11 1.8187e-11 4.54675e-12 1.11696e-12 
5.81883e-13 6.70576e-13 2.56762e-12 1.11247e-11 4.69814e-11 1.9167e-10 7.54391e-10 2.86175e-09 1.04528e-08 3.67252e-08 1.23986e-07 4.01787e-07 1.24845e-06 3.7156e-06 1.05803e-05 2.87948e-05 7.48217e-05 0.000185442 0.000437984 0.00098495 0.00210751 0.00428829 0.00829459 0.0152487 0.0266466 0.0442778 0.0700129 0.10546 0.151553 0.208188 0.274042 0.346666 0.422854 0.499174 0.572506 0.640415 0.701315 0.754431 0.79965 0.837326 0.86811 0.892802 0.912253 0.927287 0.938662 0.94705 0.953039 0.957132 0.959745 0.961192 0.961673 0.961255 0.95987 0.957317 0.95328 0.947342 0.938995 0.927647 0.912612 0.893122 0.868341 0.837411 0.799524 0.754036 0.700603 0.639368 0.571154 0.497612 0.421241 0.345205 0.272927 0.207549 0.151421 0.105765 0.0706151 0.0450143 0.0273759 0.0158771 0.00878032 0.00463069 0.00232989 0.00111896 0.000513317 0.000225114 9.44619e-05 3.79638e-05 1.4628e-05 5.40943e-06 1.9219e-06 6.5672e-07 2.1605e-07 6.85015e-08 2.09534e-08 6.18929e-09 1.76715e-09 4.8815e-10 1.30575e-10 3.38518e-11 8.51725e-12 2.10634e-12 
1.07406e-12 1.26087e-12 4.81368e-12 2.07103e-11 8.68118e-11 3.51399e-10 1.37172e-09 5.15866e-09 1.86713e-08 6.49716e-08 2.17128e-07 6.96102e-07 2.1385e-06 6.2883e-06 1.76789e-05 4.7467e-05 0.000121583 0.000296787 0.000689763 0.00152498 0.003205 0.00639964 0.0121368 0.0218593 0.0373975 0.0608066 0.094047 0.138542 0.194716 0.261662 0.337083 0.417573 0.499174 0.578045 0.651043 0.716059 0.772074 0.818987 0.857348 0.888079 0.912262 0.930985 0.945258 0.955966 0.963857 0.969545 0.97353 0.976213 0.977908 0.978841 0.979154 0.978894 0.978014 0.976376 0.973752 0.969831 0.964208 0.956378 0.945719 0.931469 0.912731 0.888477 0.857603 0.819014 0.77178 0.715369 0.649925 0.576547 0.497438 0.415819 0.33556 0.26058 0.194187 0.138555 0.0944863 0.0614997 0.0381706 0.0225784 0.0127252 0.00683387 0.00349816 0.00170768 0.000795561 0.000353995 0.000150587 6.13027e-05 2.39077e-05 8.942e-06 3.21107e-06 1.10831e-06 3.68085e-07 1.17753e-07 3.63234e-08 1.08153e-08 3.11137e-09 8.65647e-10 2.33134e-10 6.08329e-11 1.54011e-11 3.83348e-12 
1.91187e-12 2.28355e-12 8.69183e-12 3.71427e-11 1.54571e-10 6.20949e-10 2.40469e-09 8.96784e-09 3.21726e-08 1.10913e-07 3.67023e-07 1.16445e-06 3.53799e-06 1.02824e-05 2.85508e-05 7.56526e-05 0.000191082 0.000459554 0.00105134 0.00228589 0.00472015 0.00925155 0.0172068 0.0303674 0.0508711 0.080944 0.122466 0.176447 0.242568 0.318945 0.402264 0.488272 0.572506 0.651043 0.721045 0.780989 0.830569 0.870395 0.90162 0.925622 0.94377 0.957299 0.967256 0.974491 0.979672 0.983315 0.985817 0.987474 0.988508 0.989074 0.989265 0.989113 0.988589 0.987601 0.985998 0.98356 0.979987 0.974883 0.967726 0.957839 0.944358 0.926218 0.902158 0.870781 0.830686 0.780713 0.720285 0.649781 0.570834 0.486391 0.400448 0.317467 0.241624 0.176106 0.122663 0.0815212 0.0516362 0.0311494 0.0178897 0.00978154 0.00509303 0.00252657 0.00119503 0.000539372 0.000232534 9.58582e-05 3.78269e-05 1.43053e-05 5.19064e-06 1.80914e-06 6.06378e-07 1.9567e-07 6.08534e-08 1.82594e-08 5.2914e-09 1.4824e-09 4.01867e-10 1.05518e-10 2.68745e-11 6.73131e-12 
