0.00230653 0.00232975 0.00240568 0.00253507 0.00271886 0.00295833 0.00325508 0.00361099 0.00402816 0.00450886 0.00505546 0.00567039 0.00635604 0.00711469 0.00794843 0.00885907 0.00984808 0.0109165 0.0120647 0.0132927 0.0145997 0.0159842 0.0174438 0.0189754 0.020575 0.0222376 0.0239575 0.0257277 0.0275408 0.0293882 0.0312606 0.033148 0.0350396 0.0369242 0.03879 0.040625 0.0424168 0.044153 0.0458211 0.0474091 0.0489049 0.0502973 0.0515753 0.0527289 0.053749 0.0546271 0.0553563 0.0559304 0.0563448 0.0565961 0.056682 0.0566021 0.0563569 0.0559485 0.0553803 0.0546571 0.0537849 0.0527707 0.0516229 0.0503506 0.0489639 0.0474736 0.045891 0.0442281 0.0424969 0.0407099 0.0388794 0.0370178 0.035137 0.0332489 0.0313646 0.0294949 0.0276497 0.0258384 0.0240693 0.0223502 0.0206878 0.0190879 0.0175554 0.0160944 0.014708 0.0133986 0.0121677 0.0110161 0.00994397 0.00895079 0.0080356 0.00719697 0.00643313 0.00574201 0.00512138 0.00456887 0.00408209 0.0036587 0.00329645 0.00299326 0.00274729 0.00255696 0.002421 0.00233865 
0.00232975 0.00235322 0.00242994 0.00256064 0.00274628 0.00298816 0.0032879 0.00364737 0.0040687 0.00455418 0.00510621 0.00572721 0.00641961 0.0071857 0.00802758 0.00894707 0.00994564 0.0110243 0.0121836 0.0134233 0.0147427 0.0161402 0.0176135 0.0191594 0.0207739 0.0224519 0.0241875 0.0259739 0.0278035 0.0296676 0.0315568 0.033461 0.0353695 0.0372707 0.039153 0.041004 0.0428114 0.0445627 0.0462452 0.0478468 0.0493555 0.0507597 0.0520486 0.053212 0.0542407 0.0551262 0.0558615 0.0564405 0.0568583 0.0571116 0.0571983 0.0571176 0.0568703 0.0564584 0.0558854 0.055156 0.0542763 0.0532535 0.0520959 0.0508127 0.0494141 0.047911 0.0463147 0.0446374 0.0428911 0.0410885 0.039242 0.037364 0.0354666 0.0335616 0.0316605 0.029774 0.0279122 0.0260844 0.0242992 0.0225644 0.0208866 0.0192719 0.0177251 0.0162504 0.0148511 0.0135293 0.0122867 0.0111241 0.0100417 0.00903898 0.00811495 0.0072682 0.00649692 0.00579905 0.00517234 0.0046144 0.00412283 0.00369526 0.00332942 0.00302324 0.00277483 0.00258262 0.00244532 0.00236216 
0.00240568 0.00242994 0.00250906 0.00264382 0.0028352 0.00308451 0.00339341 0.00376383 0.00419792 0.00469804 0.00526663 0.00590617 0.00661911 0.0074078 0.00827436 0.00922065 0.0102481 0.0113578 0.0125502 0.0138251 0.0151817 0.0166183 0.0181326 0.0197211 0.0213798 0.0231035 0.024886 0.0267205 0.0285988 0.0305122 0.0324512 0.0344052 0.0363632 0.0383136 0.0402442 0.0421425 0.0439958 0.0457912 0.0475161 0.0491577 0.0507039 0.052143 0.0534637 0.0546557 0.0557096 0.0566168 0.05737 0.0579629 0.0583909 0.0586502 0.0587388 0.058656 0.0584025 0.0579804 0.0573932 0.0566459 0.0557444 0.0546963 0.05351 0.0521949 0.0507614 0.0492206 0.0475843 0.0458647 0.0440742 0.0422257 0.040332 0.0384056 0.0364592 0.0345048 0.032554 0.0306178 0.0287067 0.0268302 0.0249972 0.0232156 0.0214923 0.0198334 0.0182441 0.0167286 0.0152902 0.0139313 0.0126536 0.011458 0.0103446 0.00931306 0.00836228 0.00749087 0.00669701 0.0059786 0.00533335 0.00475883 0.00425258 0.00381221 0.00343538 0.00311997 0.00286408 0.00266607 0.00252464 0.002439 
0.00253507 0.00256064 0.00264382 0.00278542 0.00298643 0.00324824 0.00357255 0.00396136 0.00441691 0.00494162 0.00553801 0.00620865 0.00695605 0.00778263 0.00869055 0.0096817 0.0107576 0.0119192 0.0131669 0.0145006 0.0159193 0.0174212 0.0190038 0.0206636 0.022396 0.0241958 0.0260565 0.0279708 0.0299304 0.031926 0.0339476 0.0359844 0.0380249 0.0400569 0.0420677 0.0440445 0.045974 0.0478429 0.0496379 0.051346 0.0529545 0.0544513 0.0558248 0.0570643 0.05816 0.059103 0.0598858 0.0605021 0.0609467 0.0612161 0.061308 0.0612217 0.0609579 0.0605188 0.0599082 0.0591309 0.0581934 0.0571033 0.0558694 0.0545014 0.05301 0.0514069 0.049704 0.0479141 0.0460503 0.0441256 0.0421534 0.0401469 0.0381189 0.0360822 0.0340487 0.03203 0.0300369 0.0280794 0.0261667 0.0243071 0.0225078 0.0207754 0.0191151 0.0175314 0.0160279 0.0146071 0.0132708 0.0120199 0.0108548 0.00977489 0.00877932 0.0078666 0.00703488 0.00628203 0.00560567 0.00500331 0.00447244 0.00401055 0.00361525 0.00328434 0.00301585 0.0028081 0.00265972 0.0025699 
0.00271886 0.00274628 0.0028352 0.00298643 0.00320104 0.00348047 0.00382652 0.00424126 0.00472706 0.00528641 0.00592197 0.00663641 0.00743233 0.00831222 0.00927834 0.0103326 0.0114765 0.012711 0.0140366 0.0154529 0.0169588 0.0185524 0.0202308 0.0219904 0.0238264 0.0257329 0.0277031 0.0297293 0.0318026 0.0339132 0.0360506 0.0382033 0.0403591 0.0425052 0.0446284 0.0467149 0.0487508 0.0507223 0.0526154 0.0544163 0.0561119 0.0576893 0.0591366 0.0604423 0.0615963 0.0625894 0.0634136 0.0640624 0.0645303 0.0648136 0.0649101 0.0648188 0.0645407 0.064078 0.0634346 0.0626156 0.0616278 0.0604791 0.0591787 0.0577367 0.0561646 0.0544743 0.0526785 0.0507905 0.048824 0.0467928 0.044711 0.0425923 0.0404503 0.0382984 0.0361492 0.034015 0.0319071 0.0298361 0.0278118 0.0258429 0.0239372 0.0221016 0.0203417 0.0186624 0.0170675 0.0155597 0.014141 0.0128125 0.0115746 0.0104268 0.00936823 0.0083974 0.00751241 0.00671106 0.0059909 0.00534934 0.00478376 0.00429154 0.00387021 0.00351745 0.0032312 0.0030097 0.00285153 0.00275583 
0.00295833 0.00298816 0.00308451 0.00324824 0.00348047 0.00378274 0.00415695 0.00460529 0.00513024 0.00573446 0.00642072 0.00719183 0.00805052 0.00899937 0.0100407 0.0111765 0.0124084 0.0137371 0.0151631 0.016686 0.0183044 0.0200163 0.0218184 0.0237067 0.025676 0.0277199 0.0298312 0.0320015 0.0342212 0.0364799 0.0387662 0.0410679 0.043372 0.0456648 0.0479322 0.0501597 0.0523325 0.0544357 0.0564546 0.0583748 0.0601821 0.061863 0.0634048 0.0647955 0.0660244 0.0670817 0.067959 0.0686494 0.0691472 0.0694484 0.0695507 0.0694532 0.0691567 0.0686637 0.0679782 0.0671057 0.0660533 0.0648294 0.0634437 0.0619069 0.0602311 0.0584288 0.0565137 0.0544998 0.0524015 0.0502336 0.0480108 0.045748 0.0434595 0.0411594 0.0388615 0.0365786 0.034323 0.0321059 0.0299378 0.0278282 0.0257855 0.0238168 0.0219286 0.020126 0.0184132 0.0167931 0.0152682 0.0138394 0.0125075 0.011272 0.010132 0.00908601 0.00813213 0.00726805 0.00649121 0.00579892 0.0051884 0.00465693 0.00420188 0.00382081 0.00351156 0.00327225 0.00310138 0.00299806 
0.00325508 0.0032879 0.00339341 0.00357255 0.00382652 0.00415695 0.00456585 0.00505559 0.00562879 0.00628828 0.00703697 0.00787785 0.00881378 0.00984748 0.0109814 0.0122175 0.0135573 0.0150019 0.0165513 0.018205 0.0199616 0.0218185 0.0237723 0.0258184 0.0279511 0.0301635 0.0324476 0.0347942 0.0371931 0.039633 0.0421014 0.0445854 0.0470707 0.0495428 0.0519865 0.0543862 0.056726 0.0589901 0.0611627 0.0632283 0.0651719 0.066979 0.0686361 0.0701305 0.0714506 0.0725862 0.0735283 0.0742694 0.0748036 0.0751267 0.0752361 0.0751309 0.074812 0.074282 0.0735452 0.0726075 0.0714764 0.0701608 0.068671 0.0670186 0.0652162 0.0632775 0.0612168 0.0590491 0.0567899 0.0544549 0.0520601 0.049621 0.0471534 0.0446724 0.0421925 0.0397278 0.0372914 0.0348955 0.0325514 0.0302695 0.0280587 0.0259271 0.0238815 0.0219277 0.0200701 0.0183123 0.0166568 0.015105 0.0136576 0.0123142 0.0110741 0.00993577 0.00889715 0.00795587 0.00710927 0.00635451 0.00568866 0.00510884 0.00461224 0.0041963 0.00385869 0.00359744 0.00341093 0.00329821 
0.00361099 0.00364737 0.00376383 0.00396136 0.00424126 0.00460529 0.00505559 0.00559471 0.00622543 0.00695078 0.00777388 0.00869786 0.00972578 0.0108605 0.0121045 0.0134599 0.0149282 0.0165104 0.0182065 0.0200157 0.0219362 0.0239653 0.0260991 0.0283323 0.0306587 0.0330707 0.0355595 0.038115 0.040726 0.0433802 0.0460642 0.0487635 0.0514632 0.0541472 0.0567991 0.0594021 0.0619391 0.0643931 0.066747 0.0689841 0.0710885 0.0730444 0.0748375 0.0764541 0.0778818 0.0791096 0.0801279 0.0809288 0.0815059 0.0818547 0.0819724 0.0818582 0.0815129 0.0809394 0.0801422 0.0791276 0.0779037 0.07648 0.0748676 0.0730788 0.0711272 0.0690275 0.066795 0.0644458 0.0619967 0.0594646 0.0568664 0.0542193 0.05154 0.048845 0.04615 0.0434702 0.0408198 0.0382123 0.0356598 0.0331737 0.0307638 0.028439 0.0262068 0.0240735 0.0220442 0.0201229 0.0183123 0.0166143 0.0150295 0.013558 0.0121988 0.0109506 0.00981105 0.00877787 0.00784819 0.007019 0.00628722 0.00564975 0.00510363 0.0046461 0.00427468 0.00398725 0.00378209 0.00365817 
0.00402816 0.0040687 0.00419792 0.00441691 0.00472706 0.00513024 0.00562879 0.00622543 0.00692316 0.00772521 0.00863491 0.00965561 0.0107905 0.0120427 0.0134147 0.0149087 0.0165263 0.0182683 0.0201345 0.022124 0.0242348 0.0264635 0.0288057 0.0312556 0.0338063 0.0364492 0.0391747 0.0419717 0.0448279 0.0477297 0.0506625 0.0536105 0.0565574 0.0594858 0.0623778 0.0652151 0.0679794 0.070652 0.0732147 0.0756494 0.0779387 0.0800659 0.0820154 0.0837725 0.0853238 0.0866577 0.0877637 0.0886333 0.0892597 0.089638 0.0897654 0.0896408 0.0892651 0.0886415 0.0877748 0.0866719 0.0853413 0.0837933 0.0820398 0.0800941 0.0779709 0.0756858 0.0732555 0.0706974 0.0680295 0.0652701 0.0624377 0.0595506 0.0566272 0.0536852 0.0507419 0.0478137 0.0449162 0.042064 0.0392707 0.0365484 0.0339081 0.0313597 0.0289113 0.0265702 0.0243419 0.0222309 0.0202405 0.0183727 0.0166286 0.0150082 0.0135107 0.0121346 0.0108778 0.00973773 0.00871138 0.00779557 0.00698702 0.00628244 0.00567863 0.00517266 0.00476184 0.00444391 0.00421701 0.00408005 
0.00450886 0.00455418 0.00469804 0.00494162 0.00528641 0.00573446 0.00628828 0.00695078 0.00772521 0.00861503 0.0096238 0.0107551 0.0120124 0.0133987 0.0149169 0.0165692 0.0183571 0.0202813 0.0223416 0.0245366 0.0268639 0.0293199 0.0318993 0.0345958 0.0374014 0.0403068 0.0433012 0.0463724 0.0495067 0.0526894 0.0559042 0.0591342 0.0623611 0.0655662 0.0687299 0.0718325 0.0748537 0.0777736 0.0805723 0.0832302 0.0857284 0.0880491 0.0901751 0.0920908 0.0937818 0.0952352 0.0964401 0.0973872 0.0980693 0.0984809 0.0986191 0.0984827 0.0980729 0.0973928 0.0964477 0.095245 0.093794 0.0921057 0.090193 0.0880701 0.085753 0.0832585 0.0806047 0.0778105 0.0748952 0.0718787 0.0687811 0.0656225 0.0624226 0.0592008 0.055976 0.0527662 0.0495884 0.0464586 0.0433917 0.0404012 0.0374991 0.0346964 0.0320022 0.0294245 0.0269696 0.0246427 0.0224473 0.020386 0.0184601 0.0166698 0.0150144 0.0134924 0.0121016 0.0108394 0.00970249 0.00868762 0.00779125 0.00700986 0.00634003 0.00577859 0.00532266 0.0049698 0.00471802 0.00456612 
0.00505546 0.00510621 0.00526663 0.00553801 0.00592197 0.00642072 0.00703697 0.00777388 0.00863491 0.0096238 0.0107444 0.0120004 0.0133956 0.0149332 0.0166161 0.0184466 0.0204261 0.0225554 0.0248338 0.0272597 0.0298304 0.0325414 0.035387 0.03836 0.0414514 0.0446508 0.0479463 0.0513243 0.0547698 0.0582665 0.0617966 0.0653413 0.068881 0.0723948 0.0758617 0.07926 0.0825677 0.0857631 0.0888246 0.0917309 0.0944618 0.0969976 0.0993201 0.101412 0.103258 0.104845 0.10616 0.107193 0.107937 0.108385 0.108536 0.108386 0.107938 0.107195 0.106163 0.10485 0.103265 0.10142 0.0993304 0.0970105 0.0944776 0.0917501 0.0888474 0.0857901 0.0825991 0.0792961 0.0759029 0.0724412 0.0689328 0.0653987 0.0618595 0.0583349 0.0548436 0.0514033 0.0480302 0.0447393 0.041544 0.0384562 0.0354864 0.0326432 0.029934 0.0273644 0.0249388 0.02266 0.0205296 0.0185481 0.0167149 0.0150285 0.0134868 0.0120868 0.0108253 0.00969866 0.00870319 0.00783509 0.00709072 0.00646663 0.00595976 0.00556745 0.00528755 0.00511878 
0.00567039 0.00572721 0.00590617 0.00620865 0.00663641 0.00719183 0.00787785 0.00869786 0.00965561 0.0107551 0.0120004 0.0133956 0.0149445 0.0166507 0.0185171 0.020546 0.0227388 0.025096 0.0276169 0.0302995 0.0331403 0.0361344 0.0392753 0.0425547 0.0459627 0.0494878 0.0531165 0.0568339 0.0606235 0.0644671 0.0683453 0.0722376 0.0761222 0.0799766 0.0837776 0.0875016 0.0911248 0.0946234 0.097974 0.101154 0.10414 0.106913 0.109451 0.111737 0.113753 0.115486 0.116921 0.118049 0.118861 0.11935 0.119513 0.11935 0.11886 0.118048 0.11692 0.115485 0.113753 0.111737 0.109453 0.106916 0.104146 0.101162 0.097986 0.0946392 0.0911447 0.0875262 0.0838072 0.0800116 0.0761628 0.0722841 0.0683978 0.0645256 0.060688 0.0569043 0.0531926 0.0495692 0.0460492 0.0426456 0.0393701 0.0362325 0.033241 0.0304021 0.0277206 0.0252 0.0228422 0.020648 0.0186169 0.0167475 0.0150375 0.013484 0.0120835 0.0108322 0.00972611 0.00876123 0.0079336 0.00723956 0.00667577 0.00623938 0.00592807 0.00574045 
0.00635604 0.00641961 0.00661911 0.00695605 0.00743233 0.00805052 0.00881378 0.00972578 0.0107905 0.0120124 0.0133956 0.0149445 0.0166633 0.0185555 0.0206244 0.022872 0.0253 0.0279084 0.0306963 0.0336612 0.0367992 0.0401044 0.0435696 0.0471855 0.050941 0.054823 0.058817 0.0629061 0.0670722 0.0712954 0.0755543 0.0798264 0.0840878 0.0883139 0.0924794 0.0965587 0.100526 0.104355 0.10802 0.111497 0.114762 0.117792 0.120565 0.123061 0.125263 0.127154 0.128721 0.129951 0.130837 0.13137 0.131548 0.131368 0.130833 0.129946 0.128715 0.127147 0.125255 0.123053 0.120557 0.117785 0.114757 0.111494 0.10802 0.104358 0.100533 0.0965702 0.092496 0.0883359 0.0841156 0.0798604 0.0755949 0.0713426 0.067126 0.0629665 0.0588838 0.0548961 0.0510199 0.0472699 0.0436588 0.0401979 0.0368961 0.0337609 0.0307979 0.0280111 0.0254028 0.0229741 0.0207248 0.0186534 0.0167577 0.0150347 0.0134806 0.0120915 0.0108632 0.00979125 0.00887153 0.00810006 0.00747328 0.00698809 0.00664202 0.00643355 
0.00711469 0.0071857 0.0074078 0.00778263 0.00831222 0.00899937 0.00984748 0.0108605 0.0120427 0.0133987 0.0149332 0.0166507 0.0185555 0.0206516 0.0229419 0.025429 0.0281139 0.0309969 0.0340763 0.0373494 0.0408114 0.0444559 0.0482744 0.0522565 0.0563899 0.0606602 0.0650509 0.0695438 0.0741186 0.0787534 0.083425 0.0881084 0.0927777 0.097406 0.101966 0.106429 0.110767 0.114953 0.118959 0.122757 0.126322 0.129629 0.132655 0.135378 0.137779 0.139841 0.141549 0.14289 0.143855 0.144435 0.144628 0.144432 0.143848 0.142881 0.141537 0.139827 0.137764 0.135361 0.132637 0.129611 0.126305 0.122741 0.118945 0.114942 0.11076 0.106426 0.101968 0.0974135 0.0927912 0.0881285 0.083452 0.0787876 0.07416 0.0695926 0.0651071 0.0607235 0.0564601 0.052333 0.0483567 0.0445435 0.0409035 0.0374452 0.034175 0.0310975 0.0282155 0.0255306 0.0230425 0.0207501 0.0186511 0.0167423 0.01502 0.0134798 0.0121173 0.010928 0.00990715 0.00905069 0.00835473 0.00781597 0.00743171 0.00720035 
0.00794843 0.00802758 0.00827436 0.00869055 0.00927834 0.0100407 0.0109814 0.0121045 0.0134147 0.0149169 0.0166161 0.0185171 0.0206244 0.0229419 0.0254731 0.0282201 0.031184 0.0343647 0.0377602 0.0413671 0.04518 0.0491915 0.053392 0.0577699 0.0623115 0.0670007 0.0718194 0.0767473 0.0817622 0.0868402 0.0919555 0.0970812 0.102189 0.107249 0.112232 0.117107 0.121843 0.126411 0.13078 0.134922 0.138808 0.142412 0.145708 0.148674 0.151288 0.153533 0.155391 0.15685 0.157899 0.158531 0.15874 0.158526 0.15789 0.156836 0.155373 0.153511 0.151264 0.148647 0.145679 0.142382 0.138778 0.134892 0.130752 0.126385 0.12182 0.117088 0.112217 0.10724 0.102186 0.0970855 0.0919673 0.0868597 0.0817897 0.0767829 0.0718632 0.0670527 0.0623713 0.0578372 0.0534662 0.049272 0.0452662 0.0414581 0.037855 0.0344624 0.0312836 0.0283204 0.0255732 0.0230406 0.0207206 0.0186098 0.0167043 0.0149997 0.0134912 0.0121738 0.0110428 0.0100937 0.00932234 0.00872515 0.00829926 0.00804294 
0.00885907 0.00894707 0.00922065 0.0096817 0.0103326 0.0111765 0.0122175 0.0134599 0.0149087 0.0165692 0.0184466 0.020546 0.022872 0.025429 0.0282201 0.0312476 0.0345124 0.0380139 0.0417498 0.045716 0.0499063 0.0543122 0.058923 0.0637258 0.0687051 0.0738433 0.0791203 0.0845139 0.0899996 0.0955512 0.101141 0.106738 0.112313 0.117834 0.123267 0.128581 0.133741 0.138715 0.143472 0.147978 0.152205 0.156123 0.159707 0.16293 0.16577 0.168208 0.170226 0.17181 0.172949 0.173634 0.173861 0.173628 0.172936 0.171791 0.170202 0.168179 0.165736 0.162892 0.159666 0.15608 0.15216 0.147933 0.143427 0.138673 0.133701 0.128544 0.123235 0.117807 0.112293 0.106725 0.101135 0.0955543 0.0900114 0.0845347 0.0791502 0.0738823 0.068753 0.0637823 0.0589876 0.0543843 0.0499852 0.0458008 0.0418396 0.0381076 0.034609 0.0313459 0.0283189 0.0255272 0.0229684 0.0206393 0.0185359 0.0166533 0.0149867 0.0135308 0.0122806 0.0112311 0.010378 0.00971751 0.00924651 0.00896315 
0.00984808 0.00994564 0.0102481 0.0107576 0.0114765 0.0124084 0.0135573 0.0149282 0.0165263 0.0183571 0.0204261 0.0227388 0.0253 0.0281139 0.031184 0.0345124 0.0380996 0.0419448 0.0460452 0.0503957 0.0549894 0.0598166 0.0648655 0.0701214 0.0755674 0.0811838 0.0869487 0.0928375 0.0988236 0.104878 0.110971 0.117069 0.12314 0.129148 0.135058 0.140835 0.146444 0.151847 0.157012 0.161904 0.16649 0.170741 0.174626 0.17812 0.181199 0.18384 0.186026 0.187742 0.188975 0.189717 0.189962 0.189708 0.188959 0.187718 0.185995 0.183802 0.181155 0.178071 0.174572 0.170683 0.16643 0.161842 0.15695 0.151787 0.146385 0.14078 0.135007 0.129102 0.1231 0.117037 0.110947 0.104863 0.098818 0.0928417 0.0869629 0.0812082 0.0756017 0.0701655 0.0649189 0.0598788 0.0550596 0.0504732 0.0461288 0.0420335 0.0381923 0.0346077 0.0312808 0.0282109 0.0253958 0.0228322 0.020516 0.0184422 0.0166055 0.0150005 0.0136218 0.0124643 0.0115232 0.0107945 0.0102749 0.00996242 
0.0109165 0.0110243 0.0113578 0.0119192 0.012711 0.0137371 0.0150019 0.0165104 0.0182683 0.0202813 0.0225554 0.025096 0.0279084 0.0309969 0.0343647 0.0380139 0.0419448 0.0461561 0.0506443 0.0554037 0.0604262 0.0657009 0.0712146 0.0769511 0.0828917 0.0890146 0.0952957 0.101708 0.108223 0.114809 0.121432 0.128058 0.134651 0.141172 0.147584 0.153849 0.159928 0.165783 0.171376 0.176672 0.181635 0.186233 0.190435 0.194213 0.197541 0.200395 0.202757 0.20461 0.205942 0.206742 0.207007 0.206732 0.205922 0.204581 0.202719 0.200348 0.197486 0.194151 0.190368 0.186161 0.181559 0.176593 0.171296 0.165702 0.159849 0.153773 0.147512 0.141105 0.13459 0.128005 0.121388 0.114774 0.108198 0.101694 0.0952924 0.0890225 0.0829108 0.0769813 0.0712554 0.0657517 0.0604864 0.0554724 0.0507205 0.0462386 0.0420324 0.0381053 0.0344586 0.0310918 0.028003 0.0251889 0.0226452 0.0203668 0.0183482 0.0165837 0.0150675 0.0137942 0.0127588 0.0119571 0.0113854 0.0110418 
0.0120647 0.0121836 0.0125502 0.0131669 0.0140366 0.0151631 0.0165513 0.0182065 0.0201345 0.0223416 0.0248338 0.0276169 0.0306963 0.0340763 0.0377602 0.0417498 0.0460452 0.0506443 0.0555432 0.0607351 0.0662108 0.0719583 0.0779627 0.0842061 0.0906678 0.0973241 0.104148 0.111112 0.118182 0.125325 0.132505 0.139684 0.146824 0.153882 0.16082 0.167594 0.174164 0.18049 0.18653 0.192247 0.197603 0.202564 0.207096 0.211168 0.214755 0.217831 0.220376 0.222372 0.223806 0.224668 0.224952 0.224656 0.223782 0.222337 0.22033 0.217775 0.214689 0.211094 0.207013 0.202475 0.19751 0.19215 0.18643 0.180389 0.174064 0.167496 0.160725 0.153793 0.146741 0.139609 0.132439 0.125268 0.118136 0.111077 0.104126 0.0973139 0.09067 0.0842206 0.0779891 0.0719962 0.0662594 0.0607936 0.0556105 0.0507194 0.0461266 0.0418363 0.0378502 0.0341684 0.0307889 0.0277086 0.024923 0.022427 0.0202148 0.0182804 0.0166177 0.0152211 0.0140853 0.0132057 0.0125786 0.0122017 
0.0132927 0.0134233 0.0138251 0.0145006 0.0154529 0.016686 0.018205 0.0200157 0.022124 0.0245366 0.0272597 0.0302995 0.0336612 0.0373494 0.0413671 0.045716 0.0503957 0.0554037 0.0607351 0.0663822 0.0723346 0.0785789 0.0850986 0.0918738 0.0988819 0.106097 0.11349 0.121029 0.128679 0.136405 0.144166 0.151922 0.159631 0.167249 0.174732 0.182036 0.189117 0.195931 0.202435 0.208589 0.214352 0.219687 0.22456 0.228938 0.232793 0.236098 0.238832 0.240975 0.242515 0.24344 0.243745 0.243426 0.242487 0.240934 0.238778 0.236032 0.232715 0.22885 0.224463 0.219582 0.21424 0.208472 0.202314 0.195808 0.188994 0.181915 0.174614 0.167135 0.159524 0.151823 0.144076 0.136325 0.128611 0.120973 0.113446 0.106067 0.0988655 0.0918709 0.085109 0.0786022 0.0723701 0.0664291 0.0607923 0.05547 0.0504698 0.0457964 0.0414522 0.0374376 0.033751 0.0303892 0.0273477 0.0246214 0.0222042 0.0200898 0.0182719 0.0167446 0.0155023 0.0145401 0.0138541 0.013442 
0.0145997 0.0147427 0.0151817 0.0159193 0.0169588 0.0183044 0.0199616 0.0219362 0.0242348 0.0268639 0.0298304 0.0331403 0.0367992 0.0408114 0.04518 0.0499063 0.0549894 0.0604262 0.0662108 0.0723346 0.0787859 0.0855496 0.0926076 0.0999381 0.107516 0.115313 0.123298 0.131437 0.139691 0.148021 0.156385 0.164739 0.173038 0.181235 0.189283 0.197134 0.204742 0.212061 0.219043 0.225647 0.23183 0.237551 0.242775 0.247468 0.251598 0.255138 0.258066 0.260362 0.26201 0.263 0.263325 0.262984 0.261978 0.260314 0.258004 0.255062 0.251508 0.247366 0.242662 0.237429 0.231699 0.22551 0.218902 0.211916 0.204596 0.196989 0.18914 0.181096 0.172905 0.164614 0.156269 0.147916 0.139598 0.131357 0.123232 0.115262 0.107479 0.0999162 0.0926004 0.0855568 0.0788068 0.0723684 0.0662564 0.0604823 0.0550547 0.0499793 0.0452591 0.0408948 0.0368852 0.0332272 0.0299164 0.0269475 0.0243142 0.0220101 0.0200286 0.0183634 0.0170086 0.0159593 0.0152112 0.0147619 
0.0159842 0.0161402 0.0166183 0.0174212 0.0185524 0.0200163 0.0218185 0.0239653 0.0264635 0.0293199 0.0325414 0.0361344 0.0401044 0.0444559 0.0491915 0.0543122 0.0598166 0.0657009 0.0719583 0.0785789 0.0855496 0.0928539 0.100471 0.108379 0.116548 0.124949 0.133548 0.142306 0.151184 0.160139 0.169126 0.178097 0.187004 0.195798 0.204427 0.212842 0.220992 0.228828 0.236302 0.243367 0.249979 0.256096 0.26168 0.266693 0.271105 0.274886 0.278012 0.280463 0.282222 0.283279 0.283626 0.283261 0.282186 0.280409 0.277942 0.2748 0.271003 0.266577 0.261551 0.255956 0.249829 0.243209 0.236138 0.22866 0.220821 0.212671 0.204258 0.195633 0.186845 0.177946 0.168984 0.160008 0.151066 0.142201 0.133458 0.124875 0.116489 0.108336 0.100445 0.0928433 0.0855543 0.078598 0.0719908 0.0657456 0.059872 0.0543767 0.0492634 0.0445334 0.0401858 0.0362176 0.0326247 0.0294014 0.0265416 0.0240384 0.0218852 0.0200752 0.0186024 0.0174616 0.0166483 0.01616 
0.0174438 0.0176135 0.0181326 0.0190038 0.0202308 0.0218184 0.0237723 0.0260991 0.0288057 0.0318993 0.035387 0.0392753 0.0435696 0.0482744 0.053392 0.058923 0.0648655 0.0712146 0.0779627 0.0850986 0.0926076 0.100471 0.108668 0.117171 0.125952 0.134976 0.144207 0.153604 0.163125 0.172723 0.182349 0.191954 0.201485 0.210889 0.220113 0.229104 0.237808 0.246173 0.254148 0.261684 0.268734 0.275254 0.281204 0.286545 0.291243 0.295269 0.298596 0.301205 0.303077 0.304201 0.30457 0.304181 0.303037 0.301145 0.298518 0.295172 0.291129 0.286414 0.281059 0.275097 0.268565 0.261505 0.253962 0.245981 0.237613 0.228908 0.219918 0.210697 0.201298 0.191774 0.182179 0.172564 0.162979 0.153473 0.144091 0.134877 0.12587 0.117107 0.108621 0.100442 0.0925946 0.0851016 0.0779808 0.0712465 0.0649096 0.0589778 0.0534557 0.048345 0.0436453 0.039354 0.0354668 0.0319782 0.0288819 0.0261709 0.0238382 0.021877 0.0202808 0.0190443 0.0181629 0.0176337 
0.0189754 0.0191594 0.0197211 0.0206636 0.0219904 0.0237067 0.0258184 0.0283323 0.0312556 0.0345958 0.03836 0.0425547 0.0471855 0.0522565 0.0577699 0.0637258 0.0701214 0.0769511 0.0842061 0.0918738 0.0999381 0.108379 0.117171 0.126288 0.135697 0.145361 0.155241 0.165293 0.175471 0.185727 0.196007 0.206258 0.216426 0.226454 0.236285 0.245862 0.255129 0.264031 0.272515 0.280529 0.288023 0.294952 0.301272 0.306944 0.311932 0.316205 0.319737 0.322504 0.324491 0.325683 0.326074 0.32566 0.324446 0.322438 0.31965 0.316098 0.311805 0.306799 0.301111 0.294776 0.287834 0.280329 0.272306 0.263815 0.254908 0.245639 0.236062 0.226233 0.216211 0.20605 0.195808 0.185539 0.175297 0.165134 0.155098 0.145235 0.135589 0.1262 0.117102 0.108328 0.0999059 0.0918594 0.0842084 0.0769688 0.070153 0.0637697 0.0578242 0.0523192 0.0472546 0.042628 0.0384354 0.0346713 0.0313293 0.0284023 0.025883 0.0237645 0.02204 0.020704 0.0197516 0.01918 
0.020575 0.0207739 0.0213798 0.022396 0.0238264 0.025676 0.0279511 0.0306587 0.0338063 0.0374014 0.0414514 0.0459627 0.050941 0.0563899 0.0623115 0.0687051 0.0755674 0.0828917 0.0906678 0.0988819 0.107516 0.116548 0.125952 0.135697 0.145747 0.156066 0.166608 0.177329 0.188178 0.199103 0.210048 0.220957 0.231771 0.242431 0.252877 0.263048 0.272885 0.282331 0.291329 0.299825 0.307767 0.315107 0.321801 0.327806 0.333086 0.337608 0.341345 0.344273 0.346374 0.347634 0.348047 0.34761 0.346325 0.344201 0.34125 0.337491 0.332948 0.327648 0.321624 0.314914 0.307559 0.299603 0.291097 0.28209 0.272639 0.262798 0.252626 0.242182 0.231527 0.220719 0.209819 0.198885 0.187974 0.177141 0.166437 0.155913 0.145614 0.135583 0.125859 0.116475 0.107463 0.0988486 0.0906529 0.0828939 0.0755853 0.068737 0.0623553 0.0564437 0.0510024 0.0460297 0.0415217 0.0374729 0.0338768 0.0307263 0.028014 0.0257326 0.0238753 0.0224361 0.0214103 0.0207948 
0.0222376 0.0224519 0.0231035 0.0241958 0.0257329 0.0277199 0.0301635 0.0330707 0.0364492 0.0403068 0.0446508 0.0494878 0.054823 0.0606602 0.0670007 0.0738433 0.0811838 0.0890146 0.0973241 0.106097 0.115313 0.124949 0.134976 0.145361 0.156066 0.167049 0.178265 0.189664 0.201193 0.212796 0.224415 0.23599 0.247457 0.258755 0.26982 0.28059 0.291001 0.300994 0.310509 0.319489 0.327881 0.335634 0.342702 0.349041 0.354613 0.359385 0.363327 0.366415 0.36863 0.369959 0.370394 0.369933 0.368578 0.366336 0.363223 0.359258 0.354463 0.348869 0.342509 0.335423 0.327653 0.319246 0.310254 0.300729 0.290729 0.280313 0.269542 0.258477 0.247183 0.235722 0.224156 0.212549 0.200959 0.189446 0.178064 0.166868 0.155905 0.145221 0.134858 0.124853 0.115239 0.106044 0.0972908 0.0890002 0.0811869 0.073862 0.067033 0.060704 0.054876 0.0495476 0.0447152 0.0403735 0.036516 0.0331354 0.0302242 0.027775 0.0257808 0.0242354 0.0231338 0.022473 
0.0239575 0.0241875 0.024886 0.0260565 0.0277031 0.0298312 0.0324476 0.0355595 0.0391747 0.0433012 0.0479463 0.0531165 0.058817 0.0650509 0.0718194 0.0791203 0.0869487 0.0952957 0.104148 0.11349 0.123298 0.133548 0.144207 0.155241 0.166608 0.178265 0.190162 0.202246 0.214462 0.22675 0.239047 0.251291 0.263416 0.275355 0.287042 0.298412 0.309398 0.319938 0.329969 0.339434 0.348275 0.35644 0.363881 0.370553 0.376416 0.381436 0.385582 0.388829 0.391158 0.392556 0.393013 0.392528 0.391102 0.388745 0.385471 0.381299 0.376254 0.370367 0.363673 0.356212 0.348028 0.33917 0.329692 0.319649 0.3091 0.298108 0.286735 0.275048 0.263111 0.250993 0.238757 0.226471 0.214197 0.201998 0.189931 0.178054 0.166419 0.155074 0.144063 0.133427 0.123201 0.113415 0.104096 0.0952635 0.0869357 0.0791247 0.071839 0.0650837 0.0588605 0.0531684 0.048004 0.0433624 0.0392371 0.0356207 0.0325057 0.0298843 0.0277497 0.0260953 0.024916 0.0242087 
0.0257277 0.0259739 0.0267205 0.0279708 0.0297293 0.0320015 0.0347942 0.038115 0.0419717 0.0463724 0.0513243 0.0568339 0.0629061 0.0695438 0.0767473 0.0845139 0.0928375 0.101708 0.111112 0.121029 0.131437 0.142306 0.153604 0.165293 0.177329 0.189664 0.202246 0.21502 0.227926 0.2409 0.253878 0.266792 0.279574 0.292154 0.304463 0.316431 0.32799 0.339075 0.349621 0.359567 0.368854 0.377428 0.385239 0.392241 0.398393 0.403658 0.408006 0.411411 0.413853 0.415318 0.415798 0.415288 0.413793 0.411322 0.407888 0.403512 0.39822 0.392043 0.385016 0.377183 0.368588 0.359283 0.349322 0.338763 0.327668 0.316101 0.304128 0.291818 0.27924 0.266463 0.253557 0.24059 0.227629 0.21474 0.201985 0.189423 0.17711 0.165098 0.153434 0.14216 0.131315 0.120932 0.111038 0.101657 0.0928075 0.084503 0.0767534 0.0695647 0.0629394 0.056877 0.0513746 0.0464274 0.042029 0.0381722 0.0348492 0.0320523 0.0297742 0.0280085 0.0267499 0.0259952 
0.0275408 0.0278035 0.0285988 0.0299304 0.0318026 0.0342212 0.0371931 0.040726 0.0448279 0.0495067 0.0547698 0.0606235 0.0670722 0.0741186 0.0817622 0.0899996 0.0988236 0.108223 0.118182 0.128679 0.139691 0.151184 0.163125 0.175471 0.188178 0.201193 0.214462 0.227926 0.24152 0.25518 0.268837 0.282419 0.295856 0.309073 0.321999 0.334562 0.34669 0.358315 0.36937 0.379791 0.389519 0.398498 0.406674 0.414002 0.420438 0.425945 0.430492 0.434052 0.436606 0.438137 0.438638 0.438105 0.436542 0.433958 0.430367 0.42579 0.420254 0.413791 0.406437 0.398237 0.389236 0.379488 0.369049 0.35798 0.346343 0.334206 0.321638 0.308709 0.295492 0.28206 0.268485 0.254839 0.241193 0.227614 0.21417 0.200922 0.18793 0.175248 0.162927 0.151012 0.139545 0.128559 0.118087 0.108152 0.0987758 0.0899726 0.081754 0.0741268 0.0670944 0.060657 0.0548121 0.049555 0.0448796 0.0407787 0.0372445 0.0342693 0.0318456 0.0299668 0.0286276 0.0278248 
0.0293882 0.0296676 0.0305122 0.031926 0.0339132 0.0364799 0.039633 0.0433802 0.0477297 0.0526894 0.0582665 0.0644671 0.0712954 0.0787534 0.0868402 0.0955512 0.104878 0.114809 0.125325 0.136405 0.148021 0.160139 0.172723 0.185727 0.199103 0.212796 0.22675 0.2409 0.25518 0.269522 0.283852 0.298097 0.312182 0.326031 0.339567 0.352717 0.365406 0.377563 0.389119 0.400009 0.410171 0.419546 0.428081 0.435728 0.442442 0.448187 0.452929 0.456642 0.459304 0.4609 0.461422 0.460867 0.459237 0.456542 0.452798 0.448024 0.442249 0.435505 0.427831 0.41927 0.409871 0.399688 0.388779 0.377206 0.365035 0.352335 0.339179 0.325638 0.31179 0.297708 0.28347 0.26915 0.254822 0.240557 0.226426 0.212495 0.198824 0.185474 0.172496 0.15994 0.147849 0.136261 0.125208 0.114718 0.104812 0.0955073 0.0868168 0.0787483 0.0713059 0.0644904 0.0583 0.0527303 0.0477753 0.0434279 0.0396804 0.0365249 0.033954 0.031961 0.0305403 0.0296888 
0.0312606 0.0315568 0.0324512 0.0339476 0.0360506 0.0387662 0.0421014 0.0460642 0.0506625 0.0559042 0.0617966 0.0683453 0.0755543 0.083425 0.0919555 0.101141 0.110971 0.121432 0.132505 0.144166 0.156385 0.169126 0.182349 0.196007 0.210048 0.224415 0.239047 0.253878 0.268837 0.283852 0.298848 0.313747 0.328471 0.34294 0.357077 0.370804 0.384043 0.396723 0.40877 0.420119 0.430704 0.440467 0.449353 0.457311 0.464298 0.470274 0.475206 0.479066 0.481834 0.483494 0.484037 0.483459 0.481765 0.478963 0.475068 0.470103 0.464095 0.457078 0.44909 0.440177 0.430389 0.41978 0.408411 0.396345 0.38365 0.370398 0.356663 0.342521 0.32805 0.313329 0.298436 0.283449 0.268447 0.253504 0.238693 0.224083 0.20974 0.195725 0.182094 0.1689 0.156188 0.143998 0.132366 0.12132 0.110885 0.101079 0.0919164 0.0834058 0.0755524 0.0683579 0.0618208 0.0559372 0.0507014 0.0461065 0.0421446 0.0388079 0.0360889 0.033981 0.0324783 0.0315778 
0.033148 0.033461 0.0344052 0.0359844 0.0382033 0.0410679 0.0445854 0.0487635 0.0536105 0.0591342 0.0653413 0.0722376 0.0798264 0.0881084 0.0970812 0.106738 0.117069 0.128058 0.139684 0.151922 0.164739 0.178097 0.191954 0.206258 0.220957 0.23599 0.251291 0.266792 0.282419 0.298097 0.313747 0.329288 0.344638 0.359716 0.374441 0.388731 0.402509 0.415697 0.428224 0.440019 0.451017 0.461157 0.470382 0.478643 0.485893 0.492094 0.49721 0.501214 0.504085 0.505806 0.506369 0.50577 0.504013 0.501106 0.497067 0.491917 0.485683 0.4784 0.470109 0.460854 0.450686 0.439663 0.427846 0.415299 0.402094 0.388303 0.374002 0.359271 0.34419 0.328841 0.313305 0.297665 0.281999 0.266388 0.250906 0.235627 0.220619 0.205947 0.191671 0.177844 0.164516 0.151729 0.139522 0.127925 0.116964 0.106659 0.0970258 0.0880746 0.0798115 0.0722389 0.0653558 0.0591588 0.0536425 0.0488 0.0446238 0.041106 0.0382389 0.0360159 0.0344313 0.0334818 
0.0350396 0.0353695 0.0363632 0.0380249 0.0403591 0.043372 0.0470707 0.0514632 0.0565574 0.0623611 0.068881 0.0761222 0.0840878 0.0927777 0.102189 0.112313 0.12314 0.134651 0.146824 0.159631 0.173038 0.187004 0.201485 0.216426 0.231771 0.247457 0.263416 0.279574 0.295856 0.312182 0.328471 0.344638 0.3606 0.376271 0.391567 0.406406 0.420706 0.434388 0.447379 0.459607 0.471004 0.481508 0.491063 0.499615 0.50712 0.513536 0.51883 0.522973 0.525942 0.527723 0.528305 0.527685 0.525868 0.522862 0.518683 0.513354 0.506902 0.499364 0.490779 0.481193 0.47066 0.459236 0.446984 0.433972 0.420271 0.405956 0.391105 0.375801 0.360126 0.344164 0.328001 0.31172 0.295406 0.279139 0.263 0.247064 0.231404 0.216086 0.201173 0.186724 0.172789 0.159413 0.146638 0.134495 0.123014 0.112216 0.102117 0.092729 0.0840597 0.0761118 0.0688853 0.062377 0.056582 0.0514936 0.0471042 0.0434061 0.0403918 0.0380544 0.0363882 0.0353899 
0.0369242 0.0372707 0.0383136 0.0400569 0.0425052 0.0456648 0.0495428 0.0541472 0.0594858 0.0655662 0.0723948 0.0799766 0.0883139 0.097406 0.107249 0.117834 0.129148 0.141172 0.153882 0.167249 0.181235 0.195798 0.210889 0.226454 0.242431 0.258755 0.275355 0.292154 0.309073 0.326031 0.34294 0.359716 0.376271 0.392517 0.408366 0.423735 0.438539 0.452699 0.466137 0.478781 0.490562 0.501417 0.511288 0.520121 0.52787 0.534493 0.539957 0.544232 0.547296 0.549134 0.549734 0.549095 0.54722 0.544118 0.539806 0.534305 0.527646 0.519862 0.510995 0.501092 0.490207 0.478397 0.465727 0.452266 0.438086 0.423265 0.407883 0.392023 0.375772 0.359216 0.342443 0.325541 0.308595 0.29169 0.27491 0.258333 0.242034 0.226085 0.21055 0.19549 0.18096 0.167007 0.153673 0.140995 0.129002 0.117718 0.10716 0.0973422 0.0882722 0.0799542 0.0723887 0.0655731 0.0595027 0.0541712 0.0495711 0.0456949 0.0425348 0.0400842 0.0383373 0.0372908 
0.03879 0.039153 0.0402442 0.0420677 0.0446284 0.0479322 0.0519865 0.0567991 0.0623778 0.0687299 0.0758617 0.0837776 0.0924794 0.101966 0.112232 0.123267 0.135058 0.147584 0.16082 0.174732 0.189283 0.204427 0.220113 0.236285 0.252877 0.26982 0.287042 0.304463 0.321999 0.339567 0.357077 0.374441 0.391567 0.408366 0.424749 0.440627 0.455916 0.470534 0.484401 0.497444 0.509592 0.520782 0.530954 0.540055 0.548036 0.554858 0.560484 0.564885 0.568039 0.569931 0.570549 0.569892 0.567962 0.564769 0.560329 0.554665 0.547807 0.539789 0.530654 0.520448 0.509226 0.497048 0.483977 0.470085 0.455446 0.440138 0.424245 0.407851 0.391045 0.373916 0.356554 0.33905 0.321493 0.303971 0.286569 0.26937 0.252451 0.235887 0.219747 0.204093 0.188982 0.174465 0.160587 0.147386 0.134892 0.123133 0.112126 0.101887 0.0924241 0.0837431 0.075845 0.0687277 0.0623869 0.0568166 0.0520095 0.047958 0.0446548 0.0420929 0.0402666 0.0391727 
0.040625 0.041004 0.0421425 0.0440445 0.0467149 0.0501597 0.0543862 0.0594021 0.0652151 0.0718325 0.07926 0.0875016 0.0965587 0.106429 0.117107 0.128581 0.140835 0.153849 0.167594 0.182036 0.197134 0.212842 0.229104 0.245862 0.263048 0.28059 0.298412 0.316431 0.334562 0.352717 0.370804 0.388731 0.406406 0.423735 0.440627 0.456993 0.472745 0.487799 0.502074 0.515497 0.527995 0.539503 0.549961 0.559316 0.567518 0.574527 0.580306 0.584827 0.588067 0.59001 0.590645 0.58997 0.587988 0.584709 0.580149 0.574331 0.567284 0.559045 0.549654 0.539161 0.527619 0.51509 0.501638 0.487336 0.472258 0.456487 0.440104 0.4232 0.405862 0.388183 0.370256 0.352174 0.334029 0.315912 0.297911 0.280111 0.262595 0.245437 0.228711 0.212482 0.196809 0.181746 0.167339 0.153629 0.14065 0.128428 0.116984 0.106335 0.0964896 0.0874549 0.0792325 0.071821 0.0652163 0.0594129 0.0544037 0.0501812 0.046738 0.0440673 0.0421635 0.0410232 
0.0424168 0.0428114 0.0439958 0.045974 0.0487508 0.0523325 0.056726 0.0619391 0.0679794 0.0748537 0.0825677 0.0911248 0.100526 0.110767 0.121843 0.133741 0.146444 0.159928 0.174164 0.189117 0.204742 0.220992 0.237808 0.255129 0.272885 0.291001 0.309398 0.32799 0.34669 0.365406 0.384043 0.402509 0.420706 0.438539 0.455916 0.472745 0.488935 0.504403 0.519066 0.532847 0.545676 0.557484 0.568213 0.577807 0.586217 0.593402 0.599326 0.60396 0.60728 0.60927 0.609921 0.60923 0.6072 0.60384 0.599167 0.593203 0.58598 0.577531 0.5679 0.557135 0.545292 0.532431 0.518619 0.503928 0.488435 0.472223 0.455376 0.437985 0.420142 0.401939 0.383473 0.36484 0.346133 0.327446 0.308872 0.290497 0.272406 0.254679 0.237389 0.220606 0.204393 0.188803 0.173887 0.159687 0.146238 0.13357 0.121704 0.110658 0.100443 0.091066 0.0825296 0.0748329 0.0679726 0.0619432 0.056738 0.0523495 0.0487706 0.0459944 0.0440153 0.0428301 
0.044153 0.0445627 0.0457912 0.0478429 0.0507223 0.0544357 0.0589901 0.0643931 0.070652 0.0777736 0.0857631 0.0946234 0.104355 0.114953 0.126411 0.138715 0.151847 0.165783 0.18049 0.195931 0.212061 0.228828 0.246173 0.264031 0.282331 0.300994 0.319938 0.339075 0.358315 0.377563 0.396723 0.415697 0.434388 0.452699 0.470534 0.487799 0.504403 0.52026 0.535287 0.549406 0.562544 0.574635 0.585617 0.595434 0.60404 0.61139 0.617448 0.622187 0.625582 0.627618 0.628284 0.627577 0.625502 0.622066 0.617287 0.611189 0.603799 0.595155 0.585299 0.57428 0.562154 0.548981 0.53483 0.519774 0.50389 0.487263 0.469978 0.452128 0.433806 0.415108 0.396131 0.376974 0.357734 0.338507 0.319387 0.300464 0.281827 0.263556 0.24573 0.228418 0.211687 0.195594 0.180191 0.165522 0.151623 0.138527 0.126256 0.114829 0.104259 0.0945527 0.0857144 0.0777437 0.0706374 0.0643905 0.0589965 0.0544483 0.0507387 0.0478609 0.0458093 0.0445808 
0.0458211 0.0462452 0.0475161 0.0496379 0.0526154 0.0564546 0.0611627 0.066747 0.0732147 0.0805723 0.0888246 0.097974 0.10802 0.118959 0.13078 0.143472 0.157012 0.171376 0.18653 0.202435 0.219043 0.236302 0.254148 0.272515 0.291329 0.310509 0.329969 0.349621 0.36937 0.389119 0.40877 0.428224 0.447379 0.466137 0.484401 0.502074 0.519066 0.535287 0.550654 0.565087 0.578515 0.590868 0.602085 0.612111 0.620897 0.628401 0.634585 0.639421 0.642886 0.644963 0.645643 0.644923 0.642805 0.639299 0.634423 0.628198 0.620655 0.611829 0.601764 0.590509 0.578119 0.564656 0.550189 0.534791 0.518542 0.501526 0.483831 0.465551 0.44678 0.427616 0.40816 0.38851 0.368768 0.349031 0.329395 0.309956 0.290801 0.272016 0.253681 0.235869 0.218648 0.202077 0.186211 0.171096 0.15677 0.143266 0.130609 0.11882 0.107911 0.0978917 0.0887656 0.0805333 0.0731923 0.0667378 0.0611637 0.0564629 0.0526284 0.0496535 0.0475327 0.0462629 
0.0474091 0.0478468 0.0491577 0.051346 0.0544163 0.0583748 0.0632283 0.0689841 0.0756494 0.0832302 0.0917309 0.101154 0.111497 0.122757 0.134922 0.147978 0.161904 0.176672 0.192247 0.208589 0.225647 0.243367 0.261684 0.280529 0.299825 0.319489 0.339434 0.359567 0.379791 0.400009 0.420119 0.440019 0.459607 0.478781 0.497444 0.515497 0.532847 0.549406 0.565087 0.579813 0.593507 0.606103 0.617538 0.627756 0.636708 0.644353 0.650653 0.655578 0.659107 0.661223 0.661916 0.661183 0.659026 0.655456 0.65049 0.644149 0.636465 0.627472 0.617214 0.60574 0.593107 0.579376 0.564616 0.548902 0.532314 0.514938 0.496862 0.478181 0.458992 0.439395 0.41949 0.399381 0.379169 0.358955 0.338838 0.318914 0.299275 0.280008 0.261195 0.242913 0.22523 0.208211 0.191909 0.176373 0.161644 0.147756 0.134736 0.122604 0.111376 0.10106 0.091662 0.0831825 0.0756195 0.0689686 0.063224 0.0583788 0.0544261 0.0513593 0.0491729 0.0478639 
0.0489049 0.0493555 0.0507039 0.0529545 0.0561119 0.0601821 0.0651719 0.0710885 0.0779387 0.0857284 0.0944618 0.10414 0.114762 0.126322 0.138808 0.152205 0.16649 0.181635 0.197603 0.214352 0.23183 0.249979 0.268734 0.288023 0.307767 0.327881 0.348275 0.368854 0.389519 0.410171 0.430704 0.451017 0.471004 0.490562 0.509592 0.527995 0.545676 0.562544 0.578515 0.593507 0.607446 0.620264 0.631898 0.642292 0.651397 0.65917 0.665575 0.670583 0.67417 0.676321 0.677026 0.676281 0.674089 0.670461 0.665412 0.658966 0.651152 0.642007 0.631572 0.619899 0.607042 0.593066 0.578038 0.562034 0.545135 0.527426 0.509 0.48995 0.470375 0.450378 0.43006 0.409525 0.388879 0.368223 0.34766 0.327286 0.307197 0.287482 0.268225 0.249505 0.231393 0.213955 0.197247 0.181319 0.166214 0.151967 0.138608 0.126156 0.114629 0.104036 0.0943834 0.0856724 0.0779016 0.0710669 0.0651625 0.060182 0.0561185 0.0529656 0.0507178 0.0493721 
0.0502973 0.0507597 0.052143 0.0544513 0.0576893 0.061863 0.066979 0.0730444 0.0800659 0.0880491 0.0969976 0.106913 0.117792 0.129629 0.142412 0.156123 0.170741 0.186233 0.202564 0.219687 0.237551 0.256096 0.275254 0.294952 0.315107 0.335634 0.35644 0.377428 0.398498 0.419546 0.440467 0.461157 0.481508 0.501417 0.520782 0.539503 0.557484 0.574635 0.590868 0.606103 0.620264 0.633283 0.645097 0.65565 0.664893 0.672782 0.679283 0.684364 0.688005 0.690188 0.690903 0.690147 0.687924 0.684243 0.67912 0.672578 0.664648 0.655364 0.64477 0.632916 0.619858 0.605658 0.590387 0.574119 0.556937 0.538926 0.52018 0.500794 0.480868 0.460504 0.439808 0.418885 0.397841 0.376781 0.355807 0.335021 0.314518 0.294391 0.274726 0.255604 0.237097 0.219273 0.20219 0.185901 0.170449 0.155872 0.142198 0.129451 0.117647 0.106798 0.0969103 0.0879852 0.0800221 0.0730171 0.0669649 0.061859 0.0576929 0.0544602 0.0521555 0.0507758 
