0.000229584 0.000233924 0.000249293 0.000276129 0.000315108 0.000367183 0.000433569 0.000515743 0.000615425 0.000734567 0.000875335 0.00104008 0.0012313 0.00145164 0.00170379 0.00199049 0.00231444 0.00267826 0.00308441 0.00353512 0.00403232 0.00457757 0.00517198 0.00581612 0.00650998 0.00725287 0.00804342 0.00887948 0.0097581 0.0106756 0.0116273 0.0126079 0.0136114 0.0146309 0.0156589 0.0166874 0.0177079 0.0187115 0.019689 0.0206314 0.0215295 0.0223742 0.0231569 0.0238694 0.024504 0.025054 0.0255132 0.0258767 0.0261402 0.0263009 0.026357 0.0263078 0.0261539 0.0258971 0.0255403 0.0250876 0.0245439 0.0239153 0.0232087 0.0224315 0.021592 0.0206988 0.0197608 0.0187872 0.0177871 0.0167697 0.0157437 0.0147177 0.0136997 0.0126971 0.0117168 0.010765 0.00984682 0.00896701 0.00812929 0.00733663 0.00659121 0.00589446 0.0052471 0.0046492 0.00410022 0.00359911 0.00314437 0.00273412 0.00236616 0.00203808 0.0017473 0.00149116 0.00126694 0.00107196 0.000903625 0.000759426 0.000637021 0.000534244 0.000449137 0.000379966 0.000325242 0.000283728 0.00025445 0.000236739 
0.000233924 0.000238356 0.000254031 0.000281395 0.000321138 0.00037423 0.00044191 0.000525681 0.000627298 0.000748747 0.000892234 0.00106015 0.00125505 0.00147961 0.00173657 0.00202872 0.0023588 0.00272948 0.00314325 0.00360238 0.00410882 0.00466416 0.0052695 0.00592542 0.00663189 0.00738822 0.00819297 0.00904397 0.00993819 0.0108718 0.0118403 0.012838 0.0138589 0.014896 0.0159416 0.0169876 0.0180253 0.0190458 0.0200398 0.0209979 0.0219109 0.0227695 0.0235651 0.0242892 0.0249343 0.0254932 0.0259599 0.0263291 0.0265969 0.0267602 0.0268171 0.026767 0.0266106 0.0263496 0.0259869 0.0255267 0.0249741 0.0243352 0.0236169 0.0228268 0.0219734 0.0210653 0.0201116 0.0191216 0.0181047 0.01707 0.0160265 0.014983 0.0139474 0.0129275 0.0119302 0.0109616 0.0100273 0.00913193 0.0082793 0.00747245 0.00671362 0.00600427 0.00534514 0.00473631 0.00417725 0.0036669 0.00320373 0.00278584 0.002411 0.00207677 0.00178052 0.00151953 0.00129106 0.00109239 0.000920843 0.000773893 0.000649148 0.000544405 0.000457667 0.000387171 0.000331398 0.00028909 0.000259254 0.000241207 
0.000249293 0.000254031 0.00027072 0.000299831 0.000342094 0.000398534 0.000470459 0.000559456 0.000667373 0.000796308 0.000948582 0.00112671 0.00133339 0.00157141 0.00184367 0.00215308 0.00250251 0.00289475 0.0033324 0.00381781 0.004353 0.00493961 0.00557875 0.006271 0.00701627 0.0078138 0.00866203 0.00955861 0.0105004 0.0114832 0.0125023 0.0135518 0.0146253 0.0157153 0.016814 0.0179127 0.0190024 0.0200736 0.0211167 0.0221218 0.0230794 0.0239797 0.0248137 0.0255727 0.0262487 0.0268342 0.0273231 0.0277098 0.0279902 0.028161 0.0282205 0.0281678 0.0280038 0.0277301 0.02735 0.0268676 0.0262883 0.0256185 0.0248653 0.0240368 0.0231417 0.0221891 0.0211884 0.0201494 0.0190818 0.0179953 0.0168993 0.0158028 0.0147143 0.013642 0.012593 0.0115739 0.0105905 0.00964771 0.00874959 0.00789936 0.00709941 0.00635131 0.0056559 0.00501329 0.00442297 0.00388387 0.0033944 0.0029526 0.00255616 0.00220252 0.00188894 0.00161258 0.00137056 0.00116003 0.000978177 0.000822345 0.000690018 0.000578875 0.000486814 0.000411975 0.000352758 0.000307833 0.000276154 0.000257 
0.000276129 0.000281395 0.000299831 0.000331951 0.000378553 0.000440751 0.000519973 0.000617942 0.000736672 0.000878438 0.00104576 0.00124137 0.00146816 0.00172918 0.00202753 0.00236634 0.00274872 0.00317762 0.00365583 0.00418584 0.00476979 0.00540937 0.00610574 0.00685942 0.00767027 0.00853735 0.00945893 0.0104324 0.0114542 0.0125199 0.0136242 0.0147608 0.0159226 0.0171017 0.0182894 0.0194765 0.0206533 0.0218095 0.0229349 0.0240188 0.025051 0.0260212 0.0269195 0.0277368 0.0284644 0.0290945 0.0296204 0.0300364 0.0303377 0.0305213 0.0305849 0.030528 0.0303511 0.0300564 0.029647 0.0291275 0.0285036 0.0277821 0.0269706 0.0260778 0.025113 0.0240857 0.0230064 0.0218852 0.0207328 0.0195593 0.0183751 0.0171897 0.0160124 0.0148519 0.0137161 0.012612 0.011546 0.0105233 0.00954845 0.00862502 0.00775564 0.00694208 0.00618531 0.00548554 0.00484227 0.00425442 0.00372033 0.00323792 0.00280475 0.00241808 0.00207499 0.00177242 0.00150728 0.00127648 0.00107701 0.000905969 0.00076065 0.000638532 0.000537334 0.000455036 0.000389896 0.000340471 0.000305621 0.000284564 
0.000315108 0.000321138 0.000342094 0.000378553 0.000431405 0.000501896 0.000591619 0.000702497 0.000836771 0.000996972 0.0011859 0.00140658 0.00166222 0.00195617 0.00229188 0.00267277 0.00310223 0.00358351 0.00411962 0.00471326 0.00536671 0.00608176 0.00685958 0.00770067 0.00860474 0.00957065 0.0105964 0.0116789 0.0128143 0.0139974 0.0152224 0.0164823 0.0177691 0.019074 0.0203876 0.0216997 0.0229994 0.0242757 0.0255171 0.0267123 0.0278497 0.0289182 0.0299073 0.0308066 0.031607 0.0322999 0.032878 0.033335 0.033666 0.0338673 0.0339369 0.0338739 0.0336791 0.0333546 0.032904 0.0323322 0.0316455 0.0308511 0.0299576 0.0289742 0.0279109 0.0267786 0.0255882 0.0243511 0.0230788 0.0217826 0.0204736 0.0191627 0.0178598 0.0165746 0.0153158 0.0140913 0.0129081 0.0117721 0.0106885 0.00966111 0.00869308 0.00778647 0.00694243 0.00616129 0.00544261 0.00478528 0.00418754 0.00364719 0.00316156 0.00272769 0.00234239 0.00200231 0.00170405 0.0014442 0.00121945 0.00102659 0.000862619 0.000724731 0.000610396 0.000517366 0.000443705 0.000387802 0.000348388 0.000324589 
0.000367183 0.00037423 0.000398534 0.000440751 0.000501896 0.000583386 0.000687029 0.000815009 0.000969864 0.00115446 0.00137196 0.00162577 0.00191951 0.00225694 0.0026419 0.00307824 0.00356971 0.00411991 0.00473216 0.0054094 0.00615412 0.00696819 0.00785282 0.00880842 0.00983455 0.0109298 0.0120917 0.0133168 0.0146004 0.0159368 0.0173193 0.0187397 0.0201894 0.0216582 0.0231356 0.0246101 0.0260697 0.027502 0.0288942 0.0302336 0.0315076 0.0327038 0.0338104 0.0348162 0.0357109 0.0364851 0.0371307 0.0376409 0.0380102 0.0382347 0.0383119 0.038241 0.0380229 0.0376599 0.0371559 0.0365164 0.0357482 0.0348595 0.0338595 0.0327585 0.0315677 0.0302989 0.0289643 0.0275767 0.0261486 0.0246929 0.0232218 0.0217473 0.0202809 0.0188332 0.0174142 0.0160326 0.0146965 0.0134127 0.0121868 0.0110236 0.00992648 0.00889803 0.00793966 0.00705185 0.00623425 0.0054857 0.00480436 0.00418781 0.00363317 0.00313717 0.00269626 0.00230673 0.00196478 0.0016666 0.00140846 0.00118676 0.000998112 0.000839356 0.000707628 0.000600385 0.000515431 0.000450942 0.000405478 0.000378047 
0.000433569 0.00044191 0.000470459 0.000519973 0.000591619 0.000687029 0.000808281 0.000957883 0.00113874 0.00135414 0.00160769 0.00190328 0.00224502 0.00263719 0.00308412 0.00359016 0.00415953 0.00479624 0.00550398 0.00628599 0.00714498 0.00808295 0.00910111 0.0101998 0.0113783 0.0126348 0.0139665 0.0153691 0.0168372 0.0183643 0.0199423 0.0215623 0.023214 0.0248862 0.0265666 0.0282423 0.0298998 0.031525 0.0331037 0.0346215 0.0360642 0.037418 0.0386698 0.0398069 0.0408179 0.0416924 0.0424213 0.0429971 0.0434136 0.0436665 0.0437532 0.0436726 0.0434257 0.0430151 0.0424453 0.0417223 0.0408536 0.0398485 0.038717 0.0374709 0.0361225 0.034685 0.0331723 0.0315984 0.0299777 0.0283243 0.0266524 0.0249753 0.0233061 0.0216568 0.0200387 0.018462 0.0169357 0.0154678 0.0140648 0.0127322 0.0114742 0.0102937 0.00919253 0.0081714 0.00723004 0.00636729 0.00558121 0.00486914 0.00422791 0.00365389 0.0031431 0.00269139 0.00229445 0.00194799 0.00164777 0.0013897 0.00116991 0.000984807 0.000831106 0.000705898 0.000606667 0.000531319 0.000478202 0.000446177 
0.000515743 0.000525681 0.000559456 0.000617942 0.000702497 0.000815009 0.000957883 0.00113402 0.00134677 0.00159991 0.00189761 0.00224431 0.00264474 0.00310377 0.00362635 0.00421739 0.00488166 0.00562369 0.00644758 0.00735694 0.00835468 0.00944296 0.010623 0.0118949 0.0132578 0.0147093 0.016246 0.0178629 0.0195535 0.0213103 0.0231239 0.0249839 0.0268785 0.0287948 0.030719 0.0326361 0.0345308 0.0363872 0.0381891 0.0399203 0.0415648 0.0431071 0.0445321 0.0458261 0.046976 0.0479701 0.0487985 0.0494525 0.0499253 0.0502122 0.05031 0.0502177 0.0499365 0.0494693 0.0488209 0.0479982 0.0470096 0.0458653 0.0445769 0.0431573 0.0416205 0.0399813 0.0382553 0.0364585 0.0346069 0.0327166 0.0308037 0.0288834 0.0269705 0.0250788 0.0232213 0.0214096 0.0196542 0.0179643 0.0163477 0.0148105 0.013358 0.0119935 0.0107194 0.00953666 0.00844521 0.00744384 0.00653049 0.00570228 0.00495567 0.00428661 0.00369065 0.00316306 0.00269899 0.00229354 0.00194186 0.00163928 0.00138137 0.00116397 0.000983333 0.000836088 0.000719336 0.000630658 0.000568146 0.000530484 
0.000615425 0.000627298 0.000667373 0.000736672 0.000836771 0.000969864 0.00113874 0.00134677 0.00159782 0.00189627 0.0022469 0.00265486 0.00312555 0.00366455 0.00427752 0.00497005 0.00574754 0.00661507 0.00757725 0.00863806 0.00980069 0.0110674 0.0124394 0.0139166 0.0154977 0.0171799 0.0189588 0.0208286 0.0227817 0.024809 0.0268999 0.0290422 0.0312223 0.0334254 0.0356354 0.0378355 0.0400081 0.0421351 0.0441981 0.0461788 0.048059 0.0498212 0.0514487 0.0529256 0.0542374 0.055371 0.0563152 0.0570603 0.0575987 0.057925 0.0580358 0.05793 0.0576088 0.0570754 0.0563355 0.0553965 0.0542681 0.0529616 0.05149 0.0498679 0.0481111 0.0462362 0.0442609 0.0422031 0.0400812 0.0379135 0.035718 0.0335124 0.0313133 0.0291368 0.0269977 0.0249094 0.0228841 0.0209324 0.0190635 0.0172848 0.0156021 0.0140199 0.012541 0.0111667 0.00989705 0.00873102 0.00766635 0.0066999 0.00582776 0.00504539 0.00434777 0.00372957 0.00318524 0.0027092 0.0022959 0.00193999 0.00163634 0.0013802 0.00116721 0.000993486 0.000855673 0.000750969 0.00067716 0.000632721 
0.000734567 0.000748747 0.000796308 0.000878438 0.000996972 0.00115446 0.00135414 0.00159991 0.00189627 0.00224825 0.0026614 0.00314161 0.00369512 0.0043283 0.00504761 0.00585941 0.00676981 0.00778454 0.00890875 0.0101468 0.0115022 0.0129774 0.0145733 0.0162898 0.018125 0.0200754 0.0221358 0.0242991 0.0265565 0.0288974 0.0313092 0.0337778 0.0362876 0.0388215 0.0413612 0.0438873 0.0463798 0.0488179 0.051181 0.0534481 0.0555989 0.0576134 0.0594728 0.0611593 0.0626565 0.0639498 0.0650265 0.0658757 0.0664891 0.0668605 0.0669862 0.0668648 0.0664978 0.0658888 0.0650441 0.063972 0.0626834 0.0611911 0.0595096 0.0576554 0.0556461 0.0535007 0.051239 0.0488813 0.0464486 0.0439614 0.0414405 0.0389058 0.0363765 0.033871 0.0314063 0.0289979 0.0266599 0.0244048 0.022243 0.0201836 0.0182334 0.0163977 0.01468 0.0130822 0.0116046 0.0102461 0.00900438 0.00787602 0.00685671 0.00594137 0.00512435 0.00439959 0.00376081 0.00320162 0.00271568 0.00229683 0.00193919 0.00163725 0.001386 0.00118095 0.00101821 0.000894526 0.000807339 0.000754878 
0.000875335 0.000892234 0.000948582 0.00104576 0.0011859 0.00137196 0.00160769 0.00189761 0.0022469 0.0026614 0.00314746 0.00371189 0.00436181 0.00510453 0.0059474 0.00689763 0.00796214 0.00914736 0.010459 0.0119019 0.0134799 0.0151953 0.0170492 0.019041 0.0211682 0.0234265 0.0258096 0.0283092 0.0309147 0.0336138 0.0363919 0.0392327 0.0421182 0.0450286 0.0479431 0.0508394 0.0536949 0.0564859 0.0591889 0.0617803 0.0642371 0.0665368 0.0686582 0.0705813 0.0722877 0.0737611 0.0749871 0.0759538 0.0766517 0.0770739 0.0772162 0.0770773 0.0766586 0.0759644 0.0750014 0.0737792 0.0723099 0.0706078 0.0686893 0.0665727 0.064278 0.0618265 0.0592405 0.0565431 0.0537578 0.0509081 0.0480174 0.0451085 0.0422034 0.0393231 0.036487 0.0337132 0.0310179 0.0284156 0.0259185 0.0235372 0.02128 0.0191531 0.0171608 0.0153057 0.0135882 0.0120076 0.0105613 0.00924575 0.00805606 0.00698662 0.00603107 0.00518258 0.004434 0.00377806 0.00320752 0.0027153 0.00229465 0.00193926 0.00164331 0.00140164 0.00120973 0.00106384 0.000961002 0.000899157 
0.00104008 0.00106015 0.00112671 0.00124137 0.00140658 0.00162577 0.00190328 0.00224431 0.00265486 0.00314161 0.00371189 0.00437348 0.00513453 0.00600336 0.00698833 0.00809759 0.00933894 0.0107196 0.0122458 0.013923 0.0157551 0.0177447 0.0198925 0.0221976 0.0246567 0.0272646 0.0300137 0.032894 0.0358934 0.0389973 0.0421889 0.0454493 0.0487577 0.0520917 0.0554273 0.0587394 0.0620018 0.0651882 0.0682717 0.0712259 0.0740246 0.0766428 0.0790565 0.0812435 0.0831831 0.0848571 0.0862495 0.0873469 0.0881387 0.0886174 0.0887782 0.0886197 0.0881435 0.0873542 0.0862596 0.0848702 0.0831995 0.0812635 0.0790805 0.0766711 0.0740576 0.0712639 0.0683152 0.0652373 0.0620569 0.0588006 0.0554947 0.0521654 0.0488375 0.045535 0.0422803 0.039094 0.035995 0.0329998 0.0301231 0.0273768 0.024771 0.0223131 0.0200084 0.0178601 0.0158692 0.0140349 0.0123548 0.010825 0.00944006 0.00819386 0.00707925 0.00608853 0.00521361 0.00444624 0.00377815 0.00320127 0.00270786 0.00229066 0.001943 0.00165893 0.00143326 0.00126164 0.00114066 0.00106795 
0.0012313 0.00125505 0.00133339 0.00146816 0.00166222 0.00191951 0.00224502 0.00264474 0.00312555 0.00369512 0.00436181 0.00513453 0.00602254 0.0070353 0.00818225 0.0094726 0.0109151 0.0125176 0.0142874 0.01623 0.0183497 0.0206492 0.0231288 0.0257871 0.02862 0.031621 0.0347811 0.0380887 0.0415293 0.0450861 0.0487397 0.0524685 0.0562486 0.0600543 0.0638583 0.0676322 0.0713464 0.0749711 0.0784761 0.0818317 0.0850085 0.0879786 0.0907151 0.0931931 0.0953898 0.0972849 0.0988604 0.100102 0.100997 0.101538 0.101719 0.101539 0.100999 0.100105 0.0988656 0.097292 0.0953992 0.0932052 0.0907304 0.0879976 0.0850318 0.0818597 0.0785094 0.0750101 0.0713915 0.0676838 0.0639166 0.0601195 0.0563208 0.0525476 0.0488255 0.0451783 0.0416274 0.0381922 0.0348895 0.0317334 0.0287356 0.025905 0.0232482 0.0207689 0.018469 0.0163478 0.0144028 0.0126299 0.0110234 0.00957625 0.00828061 0.00712784 0.00610883 0.00521422 0.00443464 0.00376089 0.00318416 0.00269613 0.00228917 0.00195644 0.00169199 0.00149082 0.00134901 0.00126381 
0.00145164 0.00147961 0.00157141 0.00172918 0.00195617 0.00225694 0.00263719 0.00310377 0.00366455 0.0043283 0.00510453 0.00600336 0.0070353 0.00821103 0.00954118 0.0110361 0.0127055 0.0145582 0.0166019 0.0188428 0.0212855 0.0239323 0.0267834 0.0298366 0.0330868 0.0365262 0.040144 0.0439266 0.0478573 0.0519165 0.056082 0.0603289 0.06463 0.0689562 0.0732765 0.0775588 0.0817698 0.085876 0.0898435 0.093639 0.0972299 0.100585 0.103674 0.10647 0.108948 0.111084 0.112859 0.114258 0.115265 0.115874 0.116077 0.115874 0.115265 0.114257 0.112859 0.111084 0.108949 0.106473 0.103679 0.100593 0.0972415 0.0936549 0.0898644 0.0859025 0.0818026 0.0775984 0.0733233 0.0690105 0.0646921 0.0603988 0.0561597 0.0520019 0.0479499 0.044026 0.0402495 0.0366371 0.0332022 0.0299556 0.026905 0.0240554 0.0214091 0.0189659 0.0167234 0.014677 0.0128208 0.0111471 0.00964705 0.00831109 0.007129 0.00609024 0.00518422 0.00440051 0.00372909 0.00316051 0.00268605 0.0022979 0.00198925 0.0017544 0.00158883 0.00148941 
0.00170379 0.00173657 0.00184367 0.00202753 0.00229188 0.0026419 0.00308412 0.00362635 0.00427752 0.00504761 0.0059474 0.00698833 0.00818225 0.00954118 0.011077 0.0128013 0.0147248 0.0168573 0.0192071 0.0217808 0.0245832 0.0276165 0.0308803 0.0343716 0.0380842 0.0420086 0.0461321 0.0504388 0.0549094 0.0595213 0.0642492 0.0690645 0.0739366 0.0788324 0.083717 0.0885541 0.0933068 0.0979371 0.102408 0.106681 0.110722 0.114494 0.117966 0.121106 0.123887 0.126284 0.128275 0.129843 0.130973 0.131654 0.131881 0.131652 0.130968 0.129837 0.128268 0.126276 0.123879 0.121098 0.117959 0.114489 0.110719 0.106683 0.102414 0.0979488 0.0933247 0.0885791 0.0837495 0.0788731 0.073986 0.0691228 0.0643163 0.0595974 0.0549941 0.0505317 0.0462326 0.042116 0.0381976 0.0344901 0.0310028 0.0277418 0.0247102 0.0219083 0.0193339 0.0169823 0.0148469 0.0129194 0.0111903 0.00964877 0.00828346 0.00708255 0.00603415 0.00512649 0.00434825 0.00368869 0.00313795 0.00268713 0.00232847 0.00205548 0.00186301 0.00174749 
0.00199049 0.00202872 0.00215308 0.00236634 0.00267277 0.00307824 0.00359016 0.00421739 0.00497005 0.00585941 0.00689763 0.00809759 0.0094726 0.0110361 0.0128013 0.0147811 0.0169873 0.0194305 0.0221198 0.0250622 0.0282625 0.0317226 0.0354417 0.0394156 0.0436367 0.0480937 0.0527719 0.0576525 0.0627134 0.0679289 0.0732698 0.0787041 0.0841969 0.089711 0.0952073 0.100645 0.105983 0.11118 0.116193 0.120982 0.125506 0.129727 0.13361 0.137119 0.140226 0.142903 0.145125 0.146874 0.148134 0.148893 0.149146 0.148889 0.148126 0.146862 0.14511 0.142885 0.140207 0.137099 0.133589 0.129707 0.125488 0.120967 0.116182 0.111174 0.105984 0.100653 0.0952228 0.0897353 0.0842306 0.0787477 0.0733235 0.0679928 0.0627875 0.0577363 0.0528649 0.0481954 0.0437461 0.0395317 0.0355634 0.0318486 0.0283915 0.025193 0.022251 0.0195608 0.0171154 0.0149059 0.0129217 0.0111511 0.00958127 0.00819922 0.00699157 0.00594513 0.00504715 0.00428555 0.00364916 0.00312792 0.00271305 0.00239717 0.00217444 0.00204082 
0.00231444 0.0023588 0.00250251 0.00274872 0.00310223 0.00356971 0.00415953 0.00488166 0.00574754 0.00676981 0.00796214 0.00933894 0.0109151 0.0127055 0.0147248 0.0169873 0.0195057 0.0222918 0.0253553 0.0287033 0.0323408 0.0362693 0.0404872 0.044989 0.0497655 0.0548034 0.0600854 0.06559 0.0712918 0.0771614 0.0831659 0.089269 0.0954315 0.101612 0.107766 0.11385 0.119816 0.125619 0.131213 0.136552 0.141593 0.146293 0.150613 0.154516 0.157969 0.160942 0.16341 0.165352 0.16675 0.167592 0.167872 0.167586 0.166738 0.165334 0.163387 0.160915 0.157938 0.154482 0.150577 0.146256 0.141557 0.136519 0.131183 0.125594 0.119796 0.113837 0.107762 0.101617 0.0954466 0.0892949 0.0832031 0.0772102 0.0713523 0.0656619 0.0601683 0.0548967 0.0498683 0.0451004 0.040606 0.0363942 0.0324703 0.0288361 0.0254897 0.0224266 0.0196393 0.0171182 0.0148519 0.0128275 0.011031 0.0094479 0.00806328 0.00686245 0.00583115 0.0049558 0.00422387 0.00362402 0.00314635 0.00278255 0.00252601 0.00237216 
0.00267826 0.00272948 0.00289475 0.00317762 0.00358351 0.00411991 0.00479624 0.00562369 0.00661507 0.00778454 0.00914736 0.0107196 0.0125176 0.0145582 0.0168573 0.0194305 0.0222918 0.0254539 0.0289269 0.0327184 0.0368331 0.0412721 0.0460327 0.0511081 0.0564871 0.0621543 0.0680894 0.0742678 0.0806604 0.0872341 0.0939516 0.100772 0.107652 0.114545 0.121402 0.128174 0.134809 0.141258 0.147468 0.153391 0.158978 0.164184 0.168967 0.173285 0.177104 0.18039 0.183117 0.185261 0.186804 0.187734 0.188042 0.187726 0.186788 0.185236 0.183085 0.180351 0.177059 0.173236 0.168914 0.16413 0.158923 0.153336 0.147416 0.141209 0.134767 0.128138 0.121375 0.114527 0.107645 0.100777 0.0939691 0.0872646 0.0807042 0.0743247 0.0681592 0.0622365 0.0565809 0.0512124 0.0461464 0.0413938 0.0369613 0.0328515 0.0290632 0.0255918 0.0224298 0.0195668 0.0169905 0.0146869 0.0126406 0.0108357 0.0092556 0.00788409 0.00670523 0.00570388 0.00486602 0.00417896 0.00363158 0.00321455 0.00292045 0.00274415 
0.00308441 0.00314325 0.0033324 0.00365583 0.00411962 0.00473216 0.00550398 0.00644758 0.00757725 0.00890875 0.010459 0.0122458 0.0142874 0.0166019 0.0192071 0.0221198 0.0253553 0.0289269 0.0328454 0.0371186 0.041751 0.0467428 0.0520902 0.0577848 0.0638133 0.0701574 0.0767941 0.0836951 0.0908274 0.0981536 0.105632 0.113217 0.12086 0.128509 0.136112 0.143612 0.150954 0.158083 0.164943 0.17148 0.177642 0.18338 0.188647 0.193401 0.197601 0.201215 0.204212 0.206568 0.208263 0.209284 0.209621 0.209273 0.208242 0.206536 0.204171 0.201165 0.197543 0.193335 0.188576 0.183306 0.177565 0.171403 0.164867 0.15801 0.150886 0.143551 0.136059 0.128466 0.120828 0.113198 0.105627 0.0981627 0.0908513 0.083734 0.0768479 0.0702256 0.0638952 0.0578794 0.0521964 0.0468591 0.0418758 0.0372503 0.032982 0.0290667 0.0254964 0.0222605 0.0193456 0.0167366 0.0144169 0.0123687 0.0105742 0.00901509 0.00767392 0.00653385 0.00557926 0.00479602 0.00417172 0.00369593 0.00336037 0.00315927 
0.00353512 0.00360238 0.00381781 0.00418584 0.00471326 0.0054094 0.00628599 0.00735694 0.00863806 0.0101468 0.0119019 0.013923 0.01623 0.0188428 0.0217808 0.0250622 0.0287033 0.0327184 0.0371186 0.0419119 0.0471021 0.0526888 0.0586667 0.0650254 0.0717493 0.0788173 0.0862026 0.0938734 0.101792 0.109918 0.118202 0.126596 0.135045 0.143492 0.151879 0.160144 0.168228 0.17607 0.183609 0.190788 0.197549 0.203841 0.209612 0.214817 0.219415 0.223368 0.226645 0.22922 0.231073 0.232187 0.232555 0.232174 0.231046 0.229181 0.226593 0.223305 0.219341 0.214735 0.209522 0.203745 0.197449 0.190686 0.183507 0.17597 0.168132 0.160055 0.151797 0.143421 0.134985 0.12655 0.118171 0.109902 0.101793 0.093891 0.0862371 0.0788684 0.0718164 0.0651076 0.0587627 0.0527973 0.0472214 0.0420401 0.0372538 0.0328585 0.0288464 0.0252062 0.0219238 0.0189829 0.0163655 0.0140523 0.0120237 0.0102598 0.00874111 0.00744922 0.00636677 0.0054781 0.00476943 0.00422917 0.00384809 0.0036198 
0.00403232 0.00410882 0.004353 0.00476979 0.00536671 0.00615412 0.00714498 0.00835468 0.00980069 0.0115022 0.0134799 0.0157551 0.0183497 0.0212855 0.0245832 0.0282625 0.0323408 0.0368331 0.041751 0.0471021 0.0528899 0.0591128 0.0657638 0.0728304 0.0802942 0.0881309 0.0963101 0.104796 0.113546 0.122513 0.131647 0.14089 0.150184 0.159467 0.168673 0.177737 0.186593 0.195176 0.20342 0.211264 0.218646 0.225509 0.231801 0.237472 0.242478 0.24678 0.250346 0.253146 0.255159 0.25637 0.25677 0.256354 0.255127 0.253098 0.250283 0.246704 0.242389 0.237371 0.23169 0.225391 0.218521 0.211136 0.203291 0.195047 0.186468 0.177617 0.16856 0.159364 0.150094 0.140814 0.131586 0.12247 0.11352 0.104789 0.0963221 0.0881617 0.0803434 0.0728971 0.0658469 0.0592108 0.0530012 0.0472247 0.0418827 0.0369718 0.0324843 0.0284084 0.0247295 0.02143 0.0184905 0.0158903 0.0136078 0.0116214 0.00990992 0.00845285 0.00723118 0.00622762 0.00542696 0.00481637 0.00438563 0.00412767 
0.00457757 0.00466416 0.00493961 0.00540937 0.00608176 0.00696819 0.00808295 0.00944296 0.0110674 0.0129774 0.0151953 0.0177447 0.0206492 0.0239323 0.0276165 0.0317226 0.0362693 0.0412721 0.0467428 0.0526888 0.0591128 0.0660117 0.0733769 0.0811933 0.0894394 0.0980874 0.107103 0.116445 0.126067 0.135918 0.145939 0.156069 0.166244 0.176394 0.18645 0.196342 0.205997 0.215344 0.224315 0.232842 0.24086 0.24831 0.255135 0.261282 0.266706 0.271364 0.275223 0.278253 0.28043 0.28174 0.282171 0.281721 0.280393 0.278197 0.27515 0.271275 0.266601 0.261163 0.255004 0.248169 0.240711 0.232687 0.224156 0.215185 0.205839 0.196189 0.186305 0.176258 0.16612 0.15596 0.145846 0.135843 0.126012 0.11641 0.107089 0.0980948 0.0894677 0.0812416 0.0734443 0.0660967 0.0592136 0.0528034 0.046869 0.0414075 0.0364115 0.0318692 0.0277649 0.0240802 0.0207943 0.017885 0.0153289 0.0131024 0.0111825 0.0095468 0.00817443 0.00704641 0.00614604 0.00545918 0.00497458 0.00468445 
0.00517198 0.0052695 0.00557875 0.00610574 0.00685958 0.00785282 0.00910111 0.010623 0.0124394 0.0145733 0.0170492 0.0198925 0.0231288 0.0267834 0.0308803 0.0354417 0.0404872 0.0460327 0.0520902 0.0586667 0.0657638 0.0733769 0.0814951 0.0901006 0.0991687 0.108668 0.118558 0.128796 0.139328 0.150096 0.161039 0.172089 0.183174 0.19422 0.205153 0.215895 0.226369 0.2365 0.246213 0.255438 0.264106 0.272152 0.279518 0.286148 0.291994 0.297014 0.301169 0.304431 0.306774 0.308183 0.308646 0.308161 0.306731 0.304367 0.301086 0.296911 0.291874 0.286011 0.279366 0.271988 0.263931 0.255255 0.246026 0.23631 0.226179 0.215708 0.204973 0.194049 0.183015 0.171944 0.160912 0.149988 0.13924 0.12873 0.118516 0.108649 0.099173 0.0901277 0.0815439 0.0734461 0.0658515 0.058771 0.0522087 0.0461629 0.0406264 0.0355873 0.0310295 0.0269335 0.0232774 0.0200372 0.0171878 0.0147038 0.01256 0.0107322 0.00919767 0.00793563 0.0069278 0.00615872 0.00561605 0.00529124 
0.00581612 0.00592542 0.006271 0.00685942 0.00770067 0.00880842 0.0101998 0.0118949 0.0139166 0.0162898 0.019041 0.0221976 0.0257871 0.0298366 0.0343716 0.0394156 0.044989 0.0511081 0.0577848 0.0650254 0.0728304 0.0811933 0.0901006 0.0995317 0.109458 0.119843 0.130645 0.141811 0.153285 0.165004 0.176897 0.188893 0.200914 0.212879 0.224708 0.236318 0.247628 0.258555 0.269022 0.278953 0.288277 0.296925 0.304836 0.311952 0.318223 0.323605 0.328058 0.331551 0.334061 0.335568 0.336064 0.335544 0.334013 0.33148 0.327964 0.323489 0.318087 0.311797 0.304664 0.296738 0.288077 0.278743 0.268804 0.258333 0.247404 0.236097 0.224492 0.212671 0.200717 0.188712 0.176733 0.164859 0.153163 0.141712 0.130571 0.119795 0.109435 0.0995345 0.090128 0.0812439 0.0729025 0.065117 0.0578933 0.0512309 0.0451233 0.0395585 0.0345201 0.0299877 0.0259381 0.0223457 0.0191839 0.0164251 0.0140423 0.0120092 0.0103012 0.00889564 0.00777271 0.00691551 0.00631059 0.00594861 
0.00650998 0.00663189 0.00701627 0.00767027 0.00860474 0.00983455 0.0113783 0.0132578 0.0154977 0.018125 0.0211682 0.0246567 0.02862 0.0330868 0.0380842 0.0436367 0.0497655 0.0564871 0.0638133 0.0717493 0.0802942 0.0894394 0.0991687 0.109458 0.120275 0.131578 0.143321 0.155445 0.167889 0.180583 0.193451 0.206415 0.21939 0.232291 0.245031 0.257521 0.269674 0.281405 0.292631 0.303272 0.313254 0.322505 0.33096 0.338561 0.345256 0.350997 0.355745 0.35947 0.362144 0.36375 0.364278 0.363724 0.362091 0.359391 0.355642 0.350869 0.345105 0.338389 0.330768 0.322295 0.313028 0.303034 0.292383 0.281151 0.269416 0.257263 0.244777 0.232045 0.219155 0.206194 0.193248 0.1804 0.167729 0.155311 0.143213 0.131498 0.120223 0.109434 0.099172 0.0894689 0.0803482 0.0718257 0.0639096 0.0566006 0.049893 0.0437752 0.0382304 0.0332375 0.0287722 0.0248074 0.0213145 0.0182644 0.0156279 0.0133767 0.0114842 0.00992593 0.00868042 0.00772935 0.00705809 0.00665651 
0.00725287 0.00738822 0.0078138 0.00853735 0.00957065 0.0109298 0.0126348 0.0147093 0.0171799 0.0200754 0.0234265 0.0272646 0.031621 0.0365262 0.0420086 0.0480937 0.0548034 0.0621543 0.0701574 0.0788173 0.0881309 0.0980874 0.108668 0.119843 0.131578 0.143827 0.156536 0.169642 0.183078 0.196766 0.210627 0.224573 0.238516 0.252363 0.266021 0.279396 0.292397 0.304933 0.316917 0.328267 0.338902 0.348752 0.357747 0.365828 0.37294 0.379036 0.384076 0.388027 0.390864 0.392567 0.393126 0.392538 0.390806 0.387942 0.383964 0.378897 0.372775 0.365639 0.357536 0.34852 0.338653 0.328002 0.316641 0.304647 0.292106 0.279103 0.26573 0.252078 0.238241 0.224313 0.210384 0.196544 0.182879 0.16947 0.156391 0.143712 0.131494 0.11979 0.108644 0.0980932 0.0881642 0.0788761 0.0702393 0.0622562 0.0549222 0.0482261 0.042151 0.0366752 0.0317732 0.0274167 0.0235754 0.0202182 0.017314 0.0148324 0.0127448 0.011025 0.00964978 0.00859929 0.00785776 0.00741424 
0.00804342 0.00819297 0.00866203 0.00945893 0.0105964 0.0120917 0.0139665 0.016246 0.0189588 0.0221358 0.0258096 0.0300137 0.0347811 0.040144 0.0461321 0.0527719 0.0600854 0.0680894 0.0767941 0.0862026 0.0963101 0.107103 0.118558 0.130645 0.143321 0.156536 0.17023 0.184337 0.19878 0.213477 0.228341 0.243279 0.258195 0.272991 0.287569 0.301829 0.315674 0.32901 0.341746 0.353796 0.365078 0.375516 0.385042 0.393593 0.401114 0.407557 0.412882 0.417054 0.420048 0.421846 0.422436 0.421815 0.419987 0.416963 0.412761 0.407408 0.400937 0.39339 0.384813 0.375265 0.364806 0.353506 0.341442 0.328694 0.31535 0.301501 0.287241 0.272668 0.257881 0.242977 0.228056 0.213213 0.19854 0.184124 0.170047 0.156384 0.143202 0.130559 0.118506 0.107083 0.0963205 0.0862417 0.0768593 0.0681777 0.0601936 0.0528963 0.0462691 0.0402899 0.0349321 0.0301661 0.0259602 0.0222812 0.0190961 0.0163727 0.0140802 0.0121905 0.0106787 0.00952355 0.00870803 0.00822035 
0.00887948 0.00904397 0.00955861 0.0104324 0.0116789 0.0133168 0.0153691 0.0178629 0.0208286 0.0242991 0.0283092 0.032894 0.0380887 0.0439266 0.0504388 0.0576525 0.06559 0.0742678 0.0836951 0.0938734 0.104796 0.116445 0.128796 0.141811 0.155445 0.169642 0.184337 0.199455 0.214915 0.230628 0.2465 0.262431 0.27832 0.294063 0.309554 0.324691 0.339372 0.353497 0.366973 0.37971 0.391623 0.402637 0.41268 0.421688 0.429606 0.436385 0.441985 0.446371 0.449517 0.451406 0.452026 0.451374 0.449453 0.446275 0.441857 0.436227 0.429418 0.421471 0.412436 0.402368 0.391331 0.379397 0.366642 0.353153 0.339017 0.32433 0.309191 0.293702 0.277966 0.262089 0.246174 0.230322 0.214634 0.199202 0.184114 0.169453 0.15529 0.141692 0.128712 0.116397 0.104781 0.0938905 0.0837415 0.0743405 0.0656857 0.0577673 0.0505688 0.0440678 0.0382371 0.0330457 0.0284604 0.0244463 0.0209685 0.0179925 0.015486 0.0134188 0.0117642 0.0104995 0.00960654 0.00907265 
0.0097581 0.00993819 0.0105004 0.0114542 0.0128143 0.0146004 0.0168372 0.0195535 0.0227817 0.0265565 0.0309147 0.0358934 0.0415293 0.0478573 0.0549094 0.0627134 0.0712918 0.0806604 0.0908274 0.101792 0.113546 0.126067 0.139328 0.153285 0.167889 0.183078 0.19878 0.214915 0.231395 0.248124 0.265001 0.281921 0.298776 0.315455 0.33185 0.34785 0.36335 0.378247 0.392445 0.40585 0.418377 0.429948 0.440489 0.449938 0.458238 0.465339 0.471202 0.475793 0.479085 0.481061 0.48171 0.481028 0.479018 0.475693 0.471069 0.465174 0.458041 0.44971 0.440232 0.429663 0.418067 0.405516 0.392091 0.377876 0.362965 0.347456 0.331451 0.315058 0.298383 0.281539 0.264634 0.247776 0.231071 0.21462 0.198516 0.182849 0.167697 0.15313 0.139211 0.125989 0.113504 0.101786 0.0908532 0.0807158 0.0713732 0.0628169 0.0550309 0.0479925 0.0416739 0.0360432 0.0310656 0.0267046 0.0229234 0.0196857 0.0169569 0.0147052 0.0129021 0.0115236 0.0105501 0.00996812 
0.0106756 0.0108718 0.0114832 0.0125199 0.0139974 0.0159368 0.0183643 0.0213103 0.024809 0.0288974 0.0336138 0.0389973 0.0450861 0.0519165 0.0595213 0.0679289 0.0771614 0.0872341 0.0981536 0.109918 0.122513 0.135918 0.150096 0.165004 0.180583 0.196766 0.213477 0.230628 0.248124 0.265862 0.283736 0.301634 0.31944 0.337041 0.354319 0.371162 0.387461 0.403108 0.418004 0.432055 0.445172 0.457277 0.468295 0.478164 0.486827 0.494235 0.500348 0.505132 0.508563 0.510621 0.511297 0.510587 0.508494 0.50503 0.500211 0.494065 0.486624 0.477929 0.468028 0.456979 0.444846 0.431703 0.417629 0.402713 0.38705 0.370739 0.353888 0.336608 0.319011 0.301212 0.283329 0.265473 0.247758 0.230291 0.213172 0.196497 0.180351 0.164812 0.149945 0.135807 0.122443 0.109885 0.0981571 0.0872703 0.0772269 0.0680195 0.0596328 0.0520443 0.0452257 0.0391441 0.0337633 0.0290455 0.0249518 0.0214442 0.0184862 0.016044 0.0140876 0.0125913 0.0115346 0.0109029 
0.0116273 0.0118403 0.0125023 0.0136242 0.0152224 0.0173193 0.0199423 0.0231239 0.0268999 0.0313092 0.0363919 0.0421889 0.0487397 0.056082 0.0642492 0.0732698 0.0831659 0.0939516 0.105632 0.118202 0.131647 0.145939 0.161039 0.176897 0.193451 0.210627 0.228341 0.2465 0.265001 0.283736 0.302592 0.321448 0.340187 0.358685 0.376824 0.394485 0.411555 0.427924 0.443491 0.458159 0.471839 0.484451 0.495922 0.506189 0.515194 0.52289 0.529237 0.534203 0.537762 0.539898 0.5406 0.539863 0.537693 0.534099 0.529098 0.522717 0.514986 0.505947 0.495647 0.484144 0.471501 0.457792 0.443098 0.427508 0.411119 0.394035 0.376363 0.358219 0.339721 0.320989 0.302144 0.283307 0.264594 0.246121 0.227995 0.210317 0.19318 0.176668 0.160853 0.145796 0.131546 0.118143 0.105612 0.0939672 0.0832139 0.0733461 0.0643493 0.0562011 0.0488731 0.0423315 0.0365392 0.0314565 0.0270431 0.023259 0.0200659 0.0174284 0.0153146 0.0136974 0.0125551 0.0118725 
0.0126079 0.012838 0.0135518 0.0147608 0.0164823 0.0187397 0.0215623 0.0249839 0.0290422 0.0337778 0.0392327 0.0454493 0.0524685 0.0603289 0.0690645 0.0787041 0.089269 0.100772 0.113217 0.126596 0.14089 0.156069 0.172089 0.188893 0.206415 0.224573 0.243279 0.262431 0.281921 0.301634 0.321448 0.341241 0.360884 0.380253 0.399222 0.41767 0.435479 0.452539 0.468744 0.483998 0.49821 0.5113 0.523196 0.533834 0.543158 0.551122 0.557687 0.562821 0.5665 0.568707 0.569433 0.568673 0.566431 0.562717 0.557548 0.550948 0.542949 0.533589 0.522916 0.510986 0.497863 0.48362 0.468337 0.452106 0.435023 0.417196 0.398734 0.379757 0.360386 0.340746 0.320964 0.301165 0.281474 0.262011 0.242892 0.224223 0.206104 0.188626 0.171866 0.155892 0.140759 0.126509 0.113172 0.100766 0.0892983 0.0787648 0.069152 0.0604382 0.0525945 0.0455868 0.0393768 0.0339235 0.029185 0.0251195 0.0216871 0.0188504 0.0165761 0.0148356 0.013606 0.0128713 
0.0136114 0.0138589 0.0146253 0.0159226 0.0177691 0.0201894 0.023214 0.0268785 0.0312223 0.0362876 0.0421182 0.0487577 0.0562486 0.06463 0.0739366 0.0841969 0.0954315 0.107652 0.12086 0.135045 0.150184 0.166244 0.183174 0.200914 0.21939 0.238516 0.258195 0.27832 0.298776 0.31944 0.340187 0.360884 0.381401 0.401607 0.421372 0.440571 0.459084 0.476798 0.493606 0.50941 0.52412 0.537657 0.549947 0.560929 0.570548 0.578758 0.585523 0.590811 0.594599 0.596872 0.597619 0.596838 0.594531 0.590708 0.585385 0.578585 0.570339 0.560684 0.549666 0.537339 0.523768 0.509024 0.493188 0.476351 0.458611 0.440076 0.42086 0.401084 0.380873 0.360357 0.339667 0.318934 0.29829 0.27786 0.257767 0.238125 0.21904 0.200608 0.182915 0.166032 0.150021 0.134928 0.120789 0.107623 0.0954411 0.0842409 0.0740104 0.0647284 0.0563662 0.0488892 0.0422582 0.0364309 0.031364 0.0270141 0.0233394 0.0203011 0.0178641 0.0159987 0.0146806 0.0138931 
0.0146309 0.014896 0.0157153 0.0171017 0.019074 0.0216582 0.0248862 0.0287948 0.0334254 0.0388215 0.0450286 0.0520917 0.0600543 0.0689562 0.0788324 0.089711 0.101612 0.114545 0.128509 0.143492 0.159467 0.176394 0.19422 0.212879 0.232291 0.252363 0.272991 0.294063 0.315455 0.337041 0.358685 0.380253 0.401607 0.422611 0.443133 0.463044 0.482221 0.50055 0.517921 0.534238 0.549411 0.563359 0.576012 0.587309 0.597197 0.605632 0.612577 0.618005 0.621892 0.624224 0.624991 0.624191 0.621826 0.617905 0.612443 0.605462 0.596991 0.587067 0.575732 0.563042 0.549056 0.533848 0.517496 0.500092 0.481735 0.462533 0.442601 0.422065 0.401051 0.379695 0.358132 0.336499 0.314932 0.293565 0.272525 0.251933 0.231902 0.212536 0.193925 0.176148 0.159271 0.143346 0.128411 0.114492 0.101601 0.0897375 0.0788916 0.0690428 0.0601627 0.0522163 0.0451637 0.0389617 0.0335653 0.0289298 0.0250117 0.0217706 0.01917 0.0171788 0.0157716 0.014931 
0.0156589 0.0159416 0.016814 0.0182894 0.0203876 0.0231356 0.0265666 0.030719 0.0356354 0.0413612 0.0479431 0.0554273 0.0638583 0.0732765 0.083717 0.0952073 0.107766 0.121402 0.136112 0.151879 0.168673 0.18645 0.205153 0.224708 0.245031 0.266021 0.287569 0.309554 0.33185 0.354319 0.376824 0.399222 0.421372 0.443133 0.464369 0.484949 0.504748 0.523649 0.541544 0.558334 0.573931 0.588256 0.601239 0.612821 0.622952 0.631588 0.638695 0.644247 0.648222 0.650607 0.651392 0.650575 0.648159 0.644151 0.638566 0.631423 0.622751 0.612584 0.600964 0.587942 0.573578 0.557943 0.541115 0.523185 0.504252 0.484425 0.463821 0.442566 0.420793 0.398637 0.376241 0.353745 0.331292 0.30902 0.287065 0.265553 0.244604 0.224328 0.204822 0.18617 0.168445 0.151703 0.135987 0.121325 0.107734 0.0952155 0.0837608 0.0733506 0.0639568 0.0555443 0.0480726 0.0414975 0.035773 0.0308527 0.0266918 0.0232483 0.0204843 0.0183673 0.0168711 0.0159773 
0.0166874 0.0169876 0.0179127 0.0194765 0.0216997 0.0246101 0.0282423 0.0326361 0.0378355 0.0438873 0.0508394 0.0587394 0.0676322 0.0775588 0.0885541 0.100645 0.11385 0.128174 0.143612 0.160144 0.177737 0.196342 0.215895 0.236318 0.257521 0.279396 0.301829 0.324691 0.34785 0.371162 0.394485 0.41767 0.440571 0.463044 0.484949 0.506153 0.526528 0.545958 0.564334 0.581557 0.59754 0.612205 0.625486 0.637323 0.647669 0.656484 0.663734 0.669395 0.673448 0.675879 0.67668 0.675849 0.673388 0.669304 0.663611 0.656326 0.647477 0.637093 0.625217 0.611897 0.597192 0.581168 0.563905 0.545492 0.526026 0.505619 0.484388 0.46246 0.439971 0.417061 0.393875 0.370559 0.34726 0.324123 0.301289 0.278892 0.257058 0.235902 0.215528 0.196028 0.177477 0.159939 0.14346 0.128073 0.113796 0.100635 0.0885822 0.0776197 0.0677201 0.0588481 0.0509628 0.0440193 0.0379703 0.0327682 0.0283668 0.0247227 0.0217967 0.019555 0.0179704 0.017024 
0.0177079 0.0180253 0.0190024 0.0206533 0.0229994 0.0260697 0.0298998 0.0345308 0.0400081 0.0463798 0.0536949 0.0620018 0.0713464 0.0817698 0.0933068 0.105983 0.119816 0.134809 0.150954 0.168228 0.186593 0.205997 0.226369 0.247628 0.269674 0.292397 0.315674 0.339372 0.36335 0.387461 0.411555 0.435479 0.459084 0.482221 0.504748 0.526528 0.547435 0.567348 0.586162 0.603777 0.620107 0.635077 0.648621 0.660684 0.67122 0.68019 0.687565 0.693321 0.697441 0.699912 0.700727 0.699884 0.697385 0.693237 0.68745 0.680042 0.671037 0.660465 0.648363 0.634778 0.619767 0.603394 0.585737 0.566883 0.54693 0.525989 0.504177 0.481625 0.458468 0.434851 0.410921 0.38683 0.36273 0.338772 0.315101 0.291859 0.269176 0.247176 0.225969 0.20565 0.186303 0.167994 0.150775 0.134684 0.119741 0.105954 0.0933187 0.0818173 0.0714234 0.0621019 0.0538117 0.0465069 0.0401396 0.0346609 0.0300232 0.0261819 0.0230965 0.0207321 0.0190606 0.0180623 
0.0187115 0.0190458 0.0200736 0.0218095 0.0242757 0.027502 0.031525 0.0363872 0.0421351 0.0488179 0.0564859 0.0651882 0.0749711 0.085876 0.0979371 0.11118 0.125619 0.141258 0.158083 0.17607 0.195176 0.215344 0.2365 0.258555 0.281405 0.304933 0.32901 0.353497 0.378247 0.403108 0.427924 0.452539 0.476798 0.50055 0.523649 0.545958 0.567348 0.587701 0.606909 0.624876 0.641515 0.656755 0.670531 0.68279 0.69349 0.702595 0.710076 0.715913 0.720089 0.722594 0.723422 0.722569 0.720038 0.715835 0.709969 0.702457 0.693319 0.682583 0.670284 0.656467 0.641185 0.624501 0.606491 0.58724 0.566845 0.545416 0.523072 0.499943 0.476168 0.451893 0.42727 0.402454 0.377601 0.352868 0.328407 0.304363 0.280875 0.258071 0.236067 0.214966 0.194855 0.175807 0.157878 0.141108 0.125523 0.111132 0.0979329 0.0859098 0.0750368 0.0652793 0.0565957 0.0489399 0.0422629 0.0365148 0.031647 0.0276134 0.0243726 0.0218885 0.0201322 0.0190833 
0.019689 0.0200398 0.0211167 0.0229349 0.0255171 0.0288942 0.0331037 0.0381891 0.0441981 0.051181 0.0591889 0.0682717 0.0784761 0.0898435 0.102408 0.116193 0.131213 0.147468 0.164943 0.183609 0.20342 0.224315 0.246213 0.269022 0.292631 0.316917 0.341746 0.366973 0.392445 0.418004 0.443491 0.468744 0.493606 0.517921 0.541544 0.564334 0.586162 0.606909 0.62647 0.644747 0.661659 0.677134 0.691111 0.703539 0.714379 0.723597 0.731168 0.737073 0.741296 0.74383 0.744668 0.743808 0.741251 0.737003 0.731072 0.723471 0.714221 0.703346 0.690878 0.67686 0.661342 0.644384 0.62606 0.606454 0.585662 0.563792 0.540964 0.517308 0.492966 0.468084 0.442819 0.417329 0.391775 0.366318 0.341114 0.316317 0.29207 0.268507 0.24575 0.223907 0.203071 0.183319 0.164712 0.147295 0.131095 0.116127 0.102387 0.0898637 0.0785306 0.0683537 0.0592916 0.0512976 0.0443219 0.038314 0.033224 0.0290047 0.0256136 0.0230138 0.0211755 0.0200777 
0.0206314 0.0209979 0.0221218 0.0240188 0.0267123 0.0302336 0.0346215 0.0399203 0.0461788 0.0534481 0.0617803 0.0712259 0.0818317 0.093639 0.106681 0.120982 0.136552 0.153391 0.17148 0.190788 0.211264 0.232842 0.255438 0.278953 0.303272 0.328267 0.353796 0.37971 0.40585 0.432055 0.458159 0.483998 0.50941 0.534238 0.558334 0.581557 0.603777 0.624876 0.644747 0.663298 0.680447 0.696125 0.710273 0.722845 0.733803 0.743115 0.75076 0.75672 0.760982 0.763539 0.764385 0.76352 0.760942 0.756658 0.750674 0.743002 0.733658 0.722666 0.710056 0.695866 0.680144 0.662948 0.644349 0.62443 0.603283 0.581018 0.557754 0.533621 0.508762 0.483327 0.457472 0.431361 0.405159 0.379031 0.353138 0.327639 0.302683 0.278409 0.254946 0.232405 0.210886 0.190471 0.171225 0.153195 0.136414 0.120897 0.106645 0.0936459 0.0818749 0.0712987 0.0618758 0.0535591 0.0462985 0.0400423 0.0347398 0.030343 0.0268082 0.0240977 0.0221808 0.0210362 
