0.00268721 0.00271287 0.00279637 0.00293846 0.00314004 0.00340235 0.00372693 0.00411557 0.00457028 0.0050932 0.00568658 0.00635268 0.0070937 0.0079117 0.00880856 0.00978582 0.0108447 0.0119858 0.0132094 0.014515 0.0159015 0.017367 0.0189088 0.0205234 0.0222062 0.0239521 0.0257547 0.0276069 0.0295008 0.0314274 0.0333772 0.0353397 0.037304 0.0392585 0.0411912 0.0430898 0.0449417 0.0467345 0.0484554 0.0500922 0.0516329 0.053066 0.0543807 0.0555667 0.0566148 0.0575167 0.0582654 0.0588547 0.0592799 0.0595376 0.0596256 0.0595434 0.0592916 0.0588722 0.0582887 0.0575459 0.0566497 0.0556073 0.0544271 0.0531181 0.0516905 0.0501553 0.0485238 0.0468081 0.0450204 0.0431733 0.0412793 0.0393509 0.0374004 0.0354398 0.0334805 0.0315336 0.0296094 0.0277175 0.0258667 0.0240651 0.0223197 0.0206367 0.0190216 0.0174786 0.0160115 0.0146228 0.0133145 0.0120877 0.0109429 0.00987999 0.00889825 0.00799655 0.00717336 0.00642685 0.00575498 0.00515559 0.00462644 0.00416534 0.00377015 0.00343891 0.00316984 0.00296145 0.0028125 0.0027223 
0.00271287 0.00273879 0.0028231 0.00296656 0.00317007 0.00343488 0.00376254 0.00415487 0.00461387 0.00514172 0.00574067 0.006413 0.00716092 0.00798651 0.00889166 0.00987791 0.0109465 0.012098 0.0133327 0.0146501 0.0160491 0.0175277 0.0190832 0.020712 0.0224096 0.0241708 0.0259891 0.0278573 0.0297675 0.0317106 0.033677 0.0356562 0.037637 0.0396079 0.0415567 0.043471 0.0453383 0.0471458 0.0488808 0.0505309 0.0520842 0.0535289 0.0548541 0.0560497 0.0571062 0.0580154 0.05877 0.0593639 0.0597925 0.0600522 0.0601409 0.060058 0.0598041 0.0593813 0.0587931 0.0580443 0.0571409 0.0560901 0.0549002 0.0535806 0.0521414 0.0505937 0.0489488 0.047219 0.0454166 0.0435542 0.0416444 0.0396999 0.037733 0.0357558 0.03378 0.0318165 0.0298758 0.0279677 0.0261009 0.0242836 0.022523 0.0208253 0.0191959 0.0176393 0.016159 0.0147579 0.0134379 0.0122 0.0110448 0.00997224 0.00898153 0.00807155 0.00724077 0.00648736 0.00580926 0.00520429 0.00467022 0.0042048 0.00380592 0.00347157 0.00319998 0.00298964 0.0028393 0.00274826 
0.00279637 0.0028231 0.00290992 0.00305757 0.003267 0.00353949 0.00387661 0.0042802 0.00475233 0.00529519 0.0059111 0.00660236 0.00737123 0.00821983 0.00915003 0.0101634 0.0112612 0.012444 0.0137121 0.0150648 0.016501 0.0180187 0.0196151 0.0212864 0.0230281 0.0248345 0.0266993 0.0286151 0.0305734 0.0325653 0.0345806 0.0366088 0.0386383 0.0406574 0.0426537 0.0446143 0.0465265 0.0483772 0.0501535 0.0518428 0.0534327 0.0549113 0.0562676 0.057491 0.0585721 0.0595023 0.0602743 0.060882 0.0613203 0.0615859 0.0616765 0.0615915 0.0613316 0.0608989 0.0602969 0.0595305 0.0586059 0.0575305 0.0563126 0.0549619 0.0534887 0.0519042 0.0502203 0.0484491 0.0466034 0.0446961 0.04274 0.0407482 0.0387332 0.0367073 0.0346826 0.0326702 0.0306809 0.0287246 0.0268105 0.0249468 0.023141 0.0213994 0.0197276 0.0181302 0.016611 0.0151727 0.0138174 0.0125463 0.0113599 0.0102581 0.00924034 0.00830534 0.00745159 0.00667723 0.0059802 0.00535826 0.00480914 0.00433058 0.00392038 0.00357654 0.00329722 0.0030809 0.00292629 0.00283269 
0.00293846 0.00296656 0.00305757 0.00321229 0.00343167 0.00371704 0.00407003 0.00449254 0.00498669 0.00555475 0.0061991 0.0069221 0.00772607 0.00861317 0.00958532 0.0106441 0.0117907 0.0130259 0.0143496 0.0157613 0.0172597 0.0188427 0.0205072 0.0222494 0.0240644 0.0259463 0.0278886 0.0298833 0.0319218 0.0339947 0.0360915 0.038201 0.0403116 0.0424107 0.0444856 0.0465231 0.0485098 0.0504323 0.0522772 0.0540313 0.055682 0.057217 0.0586246 0.0598943 0.061016 0.0619812 0.062782 0.0634123 0.0638669 0.0641422 0.064236 0.0641476 0.0638777 0.0634285 0.0628036 0.0620082 0.0610485 0.0599321 0.0586679 0.0572656 0.055736 0.0540907 0.0523417 0.050502 0.0485845 0.0466027 0.0445698 0.0424993 0.0404043 0.0382976 0.0361915 0.0340979 0.0320277 0.0299915 0.0279985 0.0260576 0.0241764 0.0223617 0.0206193 0.0189539 0.0173696 0.0158693 0.0144552 0.0131285 0.01189 0.0107394 0.00967632 0.00869943 0.00780721 0.00699778 0.00626901 0.00561862 0.00504427 0.00454363 0.00411446 0.00375467 0.00346238 0.00323601 0.00307424 0.00297633 
0.00314004 0.00317007 0.003267 0.00343167 0.00366508 0.00396861 0.00434395 0.0047931 0.00531826 0.0059218 0.00660616 0.00737383 0.00822717 0.00916841 0.0101995 0.0113221 0.0125374 0.013846 0.0152479 0.0167424 0.0183281 0.0200025 0.0217626 0.0236041 0.0255219 0.0275096 0.0295602 0.0316655 0.0338163 0.0360026 0.0382133 0.0404367 0.0426605 0.0448716 0.0470564 0.0492013 0.0512922 0.0533149 0.0552555 0.0571002 0.0588357 0.0604493 0.0619287 0.0632629 0.0644414 0.0654553 0.0662964 0.0669582 0.0674355 0.0677243 0.0678226 0.0677294 0.0674455 0.0669733 0.0663166 0.0654806 0.0644719 0.0632985 0.0619695 0.0604952 0.0588869 0.0571565 0.0553169 0.0533814 0.0513636 0.0492776 0.0471374 0.044957 0.0427502 0.0405304 0.0383107 0.0361033 0.03392 0.0317717 0.0296685 0.0276194 0.0256327 0.0237155 0.021874 0.0201134 0.0184378 0.0168504 0.0153537 0.0139491 0.0126373 0.0114182 0.0102914 0.00925566 0.00830936 0.00745059 0.00667717 0.00598675 0.00537688 0.00484517 0.00438927 0.00400702 0.00369646 0.00345593 0.00328407 0.0031801 
0.00340235 0.00343488 0.00353949 0.00371704 0.00396861 0.00429563 0.00469991 0.00518353 0.0057488 0.00639821 0.00713433 0.00795972 0.00887687 0.00988807 0.0109954 0.0122004 0.0135042 0.0149076 0.0164103 0.0180116 0.0197098 0.0215022 0.0233855 0.0253549 0.0274049 0.0295289 0.031719 0.0339666 0.0362618 0.0385938 0.0409509 0.0433207 0.04569 0.0480449 0.050371 0.0526538 0.0548783 0.0570297 0.0590931 0.0610541 0.0628984 0.0646128 0.0661843 0.0676011 0.0688525 0.0699288 0.0708215 0.0715238 0.0720301 0.0723364 0.0724402 0.0723409 0.0720392 0.0715375 0.0708399 0.0699518 0.0688803 0.0676338 0.0662218 0.0646552 0.0629458 0.0611064 0.0591504 0.0570919 0.0549455 0.0527258 0.0504478 0.0481262 0.0457758 0.0434107 0.0410448 0.0386912 0.0363624 0.03407 0.0318249 0.0296366 0.0275141 0.0254649 0.0234958 0.0216124 0.0198191 0.0181196 0.0165164 0.0150111 0.0136048 0.0122973 0.0110883 0.00997649 0.00896033 0.00803781 0.00720668 0.00646449 0.00580871 0.0052368 0.00474634 0.00433503 0.00400082 0.00374198 0.00355706 0.00344525 
0.00372693 0.00376254 0.00387661 0.00407003 0.00434395 0.00469991 0.00513981 0.00566585 0.00628048 0.00698633 0.00778609 0.00868246 0.00967804 0.0107752 0.0119761 0.0132823 0.0146949 0.0162146 0.0178411 0.0195733 0.0214094 0.0233465 0.0253807 0.0275068 0.0297188 0.0320095 0.0343704 0.0367921 0.0392638 0.041774 0.0443102 0.0468589 0.0494059 0.0519363 0.054435 0.056886 0.0592737 0.0615821 0.0637954 0.0658981 0.0678752 0.0697124 0.0713961 0.0729138 0.0742539 0.0754062 0.0763619 0.0771134 0.0776551 0.0779826 0.0780933 0.0779865 0.0776631 0.0771255 0.076378 0.0754266 0.0742785 0.0729428 0.0714296 0.0697504 0.0679178 0.0659454 0.0638475 0.0616391 0.0593356 0.0569527 0.0545064 0.0520125 0.0494866 0.046944 0.0443995 0.0418672 0.0393605 0.036892 0.0344731 0.0321145 0.0298257 0.027615 0.0254896 0.0234556 0.0215182 0.0196811 0.0179472 0.0163186 0.0147962 0.0133802 0.0120702 0.010865 0.00976294 0.00876206 0.00785998 0.00705414 0.00634188 0.00572053 0.00518753 0.00474046 0.00437715 0.00409576 0.00389477 0.00377331 
0.00411557 0.00415487 0.0042802 0.00449254 0.0047931 0.00518353 0.00566585 0.00624241 0.00691581 0.00768883 0.00856432 0.00954514 0.010634 0.0118334 0.0131454 0.0145718 0.0161137 0.0177715 0.0195449 0.0214325 0.0234322 0.0255408 0.0277537 0.0300656 0.0324695 0.0349575 0.0375205 0.0401481 0.0428287 0.0455496 0.0482974 0.0510574 0.0538143 0.0565521 0.0592543 0.061904 0.0644842 0.0669777 0.0693677 0.0716375 0.0737711 0.0757531 0.0775691 0.0792055 0.0806501 0.081892 0.0829217 0.0837313 0.0843146 0.084667 0.0847859 0.0846703 0.0843212 0.0837413 0.0829352 0.081909 0.0806708 0.07923 0.0775976 0.0757858 0.0738081 0.0716789 0.0694137 0.0670284 0.0645396 0.0619643 0.0593194 0.056622 0.0538889 0.0511366 0.0483811 0.0456376 0.0429205 0.0402436 0.0376193 0.0350591 0.0325734 0.0301713 0.0278607 0.0256484 0.02354 0.0215397 0.0196509 0.0178758 0.0162156 0.0146707 0.0132407 0.0119245 0.0107204 0.00962638 0.00863991 0.00775834 0.00697886 0.00629866 0.00571502 0.00522537 0.00482742 0.00451917 0.00429905 0.00416609 
0.00457028 0.00461387 0.00475233 0.00498669 0.00531826 0.0057488 0.00628048 0.00691581 0.00765755 0.00850868 0.00947221 0.0105511 0.0117483 0.0130664 0.0145076 0.0160735 0.0177653 0.0195832 0.0215268 0.0235944 0.0257836 0.0280907 0.0305106 0.0330372 0.035663 0.0383792 0.0411757 0.0440411 0.0469628 0.049927 0.0529188 0.0559225 0.0589214 0.0618982 0.0648349 0.0677134 0.0705152 0.0732219 0.0758152 0.0782772 0.0805908 0.0827393 0.0847072 0.0864801 0.0880449 0.0893897 0.0905045 0.0913808 0.0920119 0.092393 0.0925212 0.0923955 0.0920169 0.0913884 0.0905148 0.0894029 0.0880611 0.0864995 0.08473 0.0827657 0.0806211 0.0783116 0.0758538 0.073265 0.070563 0.067766 0.0648924 0.0619605 0.0589887 0.0559947 0.0529958 0.0500086 0.0470488 0.0441312 0.0412696 0.0384765 0.0357632 0.0331398 0.030615 0.0281963 0.0258899 0.0237007 0.0216324 0.0196875 0.0178676 0.0161732 0.014604 0.0131589 0.0118364 0.0106341 0.00954958 0.00858 0.00772239 0.00697377 0.00633123 0.00579206 0.00535379 0.00501432 0.00477192 0.0046256 
0.0050932 0.00514172 0.00529519 0.00555475 0.0059218 0.00639821 0.00698633 0.00768883 0.00850868 0.00944902 0.0105131 0.011704 0.0130249 0.0144784 0.0160667 0.0177917 0.0196543 0.0216546 0.023792 0.0260646 0.0284693 0.0310021 0.0336572 0.0364278 0.0393056 0.0422808 0.0453422 0.0484773 0.0516723 0.0549121 0.0581804 0.06146 0.0647329 0.06798 0.071182 0.0743191 0.0773714 0.0803188 0.0831418 0.0858209 0.0883376 0.090674 0.0928134 0.0947403 0.0964405 0.0979014 0.0991122 0.100064 0.100749 0.101162 0.101301 0.101164 0.100752 0.100069 0.0991189 0.0979102 0.0964515 0.0947538 0.0928297 0.0906933 0.0883602 0.0858471 0.0831719 0.0803532 0.0774103 0.0743627 0.0712305 0.0680335 0.0647915 0.0615239 0.0582494 0.0549861 0.0517513 0.0485609 0.0454302 0.0423727 0.0394011 0.0365264 0.0337583 0.0311051 0.0285736 0.0261695 0.0238968 0.0217587 0.0197568 0.017892 0.0161641 0.0145722 0.0131145 0.0117887 0.0105923 0.00952221 0.00857537 0.00774857 0.00703875 0.00644297 0.00595863 0.00558345 0.0053156 0.005154 
0.00568658 0.00574067 0.0059111 0.0061991 0.00660616 0.00713433 0.00778609 0.00856432 0.00947221 0.0105131 0.0116904 0.0130075 0.0144675 0.0160734 0.0178273 0.019731 0.0217855 0.0239908 0.0263457 0.0288482 0.0314948 0.0342805 0.0371993 0.0402432 0.043403 0.046668 0.0500257 0.0534624 0.0569628 0.0605103 0.0640873 0.0676749 0.0712532 0.0748018 0.0782994 0.0817247 0.0850559 0.0882714 0.0913499 0.0942705 0.0970131 0.0995585 0.101889 0.103987 0.105837 0.107427 0.108744 0.109779 0.110524 0.110974 0.111124 0.110974 0.110525 0.109781 0.108747 0.107431 0.105842 0.103993 0.101897 0.0995696 0.097027 0.0942875 0.0913704 0.0882958 0.0850846 0.081758 0.0783376 0.0748451 0.0713019 0.0677291 0.064147 0.0605756 0.0570334 0.0535383 0.0501066 0.0467536 0.0434929 0.0403369 0.0372962 0.0343801 0.0315964 0.0289511 0.0264492 0.0240941 0.0218879 0.0198317 0.0179255 0.0161683 0.0145585 0.0130938 0.0117714 0.0105881 0.00954076 0.00862589 0.00784022 0.00718064 0.00664434 0.00622891 0.00593235 0.00575354 
0.00635268 0.006413 0.00660236 0.0069221 0.00737383 0.00795972 0.00868246 0.00954514 0.0105511 0.011704 0.0130075 0.014465 0.01608 0.0178553 0.0197934 0.0218958 0.0241635 0.0265963 0.0291928 0.0319503 0.0348649 0.0379311 0.0411418 0.0444883 0.0479603 0.0515457 0.055231 0.0590008 0.0628384 0.0667258 0.0706433 0.0745703 0.0784854 0.082366 0.0861892 0.0899317 0.0935698 0.0970801 0.10044 0.103626 0.106617 0.109391 0.111931 0.114217 0.116233 0.117964 0.119398 0.120525 0.121335 0.121824 0.121987 0.121823 0.121334 0.120523 0.119396 0.117962 0.116231 0.114216 0.111931 0.109393 0.10662 0.103632 0.100449 0.0970933 0.093587 0.0899533 0.0862158 0.0823978 0.0785227 0.0746134 0.0706923 0.0667808 0.0628995 0.0590677 0.0553036 0.0516238 0.0480434 0.0445761 0.0412337 0.0380264 0.034963 0.0320505 0.0292943 0.0266983 0.0242652 0.0219964 0.0198919 0.0179511 0.0161722 0.0145528 0.0130901 0.0117809 0.0106215 0.0096085 0.0087383 0.00800759 0.00741338 0.00695305 0.00662449 0.00642649 
0.0070937 0.00716092 0.00737123 0.00772607 0.00822717 0.00887687 0.00967804 0.010634 0.0117483 0.0130249 0.0144675 0.01608 0.0178658 0.0198279 0.0219687 0.02429 0.0267923 0.0294753 0.0323373 0.0353751 0.0385841 0.0419581 0.045489 0.0491673 0.0529812 0.0569176 0.0609613 0.0650956 0.069302 0.0735606 0.07785 0.0821477 0.0864302 0.090673 0.0948511 0.098939 0.102911 0.106743 0.110408 0.113883 0.117143 0.120168 0.122935 0.125425 0.12762 0.129505 0.131066 0.132292 0.133174 0.133705 0.133882 0.133703 0.13317 0.132287 0.131059 0.129497 0.127611 0.125416 0.122926 0.12016 0.117136 0.113878 0.110405 0.106743 0.102916 0.0989476 0.0948644 0.0906916 0.0864546 0.0821782 0.0778868 0.0736039 0.0693519 0.0651521 0.0610243 0.0569868 0.0530564 0.0492479 0.0455746 0.042048 0.0386778 0.0354717 0.032436 0.0295754 0.0268928 0.0243899 0.0220673 0.0199241 0.0179588 0.016169 0.0145517 0.0131034 0.0118204 0.0106991 0.00973553 0.00892627 0.00826808 0.00775816 0.00739425 0.00717505 
0.0079117 0.00798651 0.00821983 0.00861317 0.00916841 0.00988807 0.0107752 0.0118334 0.0130664 0.0144784 0.0160734 0.0178553 0.0198279 0.0219941 0.0243566 0.0269167 0.0296752 0.0326312 0.0357826 0.0391257 0.0426553 0.0463643 0.0502436 0.0542825 0.058468 0.0627855 0.0672183 0.0717479 0.076354 0.0810147 0.0857069 0.0904057 0.0950855 0.0997198 0.104281 0.108742 0.113076 0.117253 0.121248 0.125034 0.128586 0.131879 0.134891 0.137601 0.139989 0.142039 0.143737 0.14507 0.146028 0.146606 0.146797 0.146602 0.146022 0.14506 0.143725 0.142025 0.139972 0.137582 0.134872 0.13186 0.128567 0.125016 0.121232 0.11724 0.113066 0.108736 0.10428 0.0997238 0.0950955 0.090422 0.0857299 0.0810448 0.0763913 0.0717925 0.0672702 0.0628445 0.0585338 0.0543547 0.0503218 0.0464478 0.0427435 0.0392178 0.0358777 0.0327285 0.0297737 0.0270155 0.0244546 0.0220904 0.0199214 0.0179452 0.0161587 0.0145583 0.0131401 0.0119 0.0108343 0.00993895 0.00921064 0.00864638 0.00824373 0.0080013 
0.00880856 0.00889166 0.00915003 0.00958532 0.0101995 0.0109954 0.0119761 0.0131454 0.0145076 0.0160667 0.0178273 0.0197934 0.0219687 0.0243566 0.0269594 0.0297786 0.0328145 0.0360661 0.0395307 0.0432042 0.0470804 0.0511513 0.0554068 0.0598348 0.064421 0.0691492 0.074001 0.0789561 0.0839922 0.0890854 0.0942102 0.0993397 0.104446 0.1095 0.114473 0.119334 0.124053 0.128602 0.132949 0.137068 0.140931 0.144511 0.147785 0.150729 0.153324 0.155551 0.157394 0.158841 0.159881 0.160508 0.160715 0.160503 0.159872 0.158827 0.157376 0.155529 0.153298 0.150701 0.147755 0.14448 0.140899 0.137037 0.132919 0.128573 0.124028 0.119312 0.114455 0.109488 0.10444 0.0993402 0.0942178 0.0891005 0.0840152 0.0789872 0.0740402 0.0691964 0.064476 0.0598972 0.0554762 0.0512271 0.047162 0.0432907 0.0396213 0.0361598 0.0329103 0.0298754 0.0270562 0.0244523 0.0220623 0.0198838 0.0179135 0.0161478 0.0145825 0.0132135 0.0120365 0.0110476 0.010243 0.0096196 0.0091748 0.00890709 
0.00978582 0.00987791 0.0101634 0.0106441 0.0113221 0.0122004 0.0132823 0.0145718 0.0160735 0.0177917 0.019731 0.0218958 0.02429 0.0269167 0.0297786 0.0328768 0.0362114 0.039781 0.0435825 0.0476109 0.0518593 0.0563185 0.0609775 0.0658225 0.070838 0.0760059 0.081306 0.0867159 0.0922113 0.0977662 0.103353 0.108942 0.114502 0.120004 0.125414 0.1307 0.135831 0.140773 0.145496 0.149968 0.154161 0.158046 0.161597 0.16479 0.167603 0.170017 0.172015 0.173583 0.17471 0.175388 0.175612 0.175381 0.174697 0.173564 0.17199 0.169987 0.167568 0.164751 0.161555 0.158001 0.154114 0.149921 0.145449 0.140728 0.135788 0.130661 0.125379 0.119974 0.114479 0.108925 0.103343 0.0977649 0.0922185 0.0867318 0.0813308 0.0760397 0.0708807 0.0658737 0.0610368 0.0563854 0.051933 0.0476907 0.0436674 0.0398701 0.0363035 0.0329709 0.0298735 0.0270113 0.024383 0.0219862 0.0198177 0.0178735 0.0161495 0.0146411 0.013344 0.0122538 0.0113667 0.0106794 0.010189 0.00989399 
0.0108447 0.0109465 0.0112612 0.0117907 0.0125374 0.0135042 0.0146949 0.0161137 0.0177653 0.0196543 0.0217855 0.0241635 0.0267923 0.0296752 0.0328145 0.0362114 0.0398657 0.0437754 0.0479368 0.0523443 0.0569899 0.0618635 0.0669524 0.0722418 0.0777142 0.0833498 0.0891264 0.0950195 0.101003 0.107047 0.113123 0.119199 0.125241 0.131216 0.137089 0.142825 0.148389 0.153748 0.158866 0.163711 0.168252 0.172458 0.176301 0.179756 0.1828 0.18541 0.187571 0.189266 0.190484 0.191216 0.191458 0.191208 0.190467 0.189241 0.187539 0.185372 0.182755 0.179706 0.176246 0.172399 0.16819 0.163648 0.158802 0.153685 0.148328 0.142767 0.137034 0.131167 0.125198 0.119163 0.113095 0.107028 0.100992 0.0950187 0.0891353 0.0833687 0.077743 0.0722802 0.0670002 0.06192 0.0570545 0.0524161 0.0480149 0.0438588 0.0399532 0.0363019 0.0329067 0.0297679 0.0268842 0.0242534 0.0218721 0.0197364 0.0178419 0.0161838 0.0147576 0.0135587 0.012583 0.0118269 0.0112875 0.0109632 
0.0119858 0.012098 0.012444 0.0130259 0.013846 0.0149076 0.0162146 0.0177715 0.0195832 0.0216546 0.0239908 0.0265963 0.0294753 0.0326312 0.0360661 0.039781 0.0437754 0.0480468 0.0525908 0.0574009 0.062468 0.067781 0.0733257 0.0790856 0.0850416 0.0911718 0.0974521 0.103856 0.110354 0.116915 0.123507 0.130095 0.136644 0.143116 0.149476 0.155684 0.161704 0.167499 0.173032 0.178268 0.183173 0.187716 0.191865 0.195595 0.198879 0.201695 0.204025 0.205853 0.207166 0.207956 0.208216 0.207946 0.207146 0.205824 0.203987 0.201648 0.198823 0.195532 0.191797 0.187642 0.183096 0.178188 0.17295 0.167417 0.161623 0.155606 0.149401 0.143046 0.13658 0.130038 0.123458 0.116875 0.110324 0.103836 0.0974434 0.0911741 0.0850549 0.0791097 0.0733603 0.0678256 0.062522 0.0574633 0.0526608 0.0481233 0.0438572 0.0398669 0.0361547 0.0327211 0.0295653 0.0266849 0.0240768 0.0217367 0.0196601 0.0178422 0.016278 0.0149629 0.0138924 0.0130628 0.0124711 0.0121153 
0.0132094 0.0133327 0.0137121 0.0143496 0.0152479 0.0164103 0.0178411 0.0195449 0.0215268 0.023792 0.0263457 0.0291928 0.0323373 0.0357826 0.0395307 0.0435825 0.0479368 0.0525908 0.0575392 0.0627745 0.0682867 0.0740632 0.0800883 0.0863439 0.0928089 0.0994595 0.106269 0.113209 0.120247 0.12735 0.134483 0.141608 0.148687 0.15568 0.162548 0.16925 0.175746 0.181996 0.187961 0.193605 0.19889 0.203782 0.20825 0.212265 0.215799 0.21883 0.221336 0.223302 0.224714 0.225563 0.225842 0.225551 0.224691 0.223267 0.22129 0.218773 0.215733 0.21219 0.208167 0.203693 0.198795 0.193506 0.18786 0.181893 0.175644 0.16915 0.162451 0.155588 0.1486 0.141529 0.134412 0.127289 0.120196 0.113169 0.106241 0.0994435 0.092805 0.0863521 0.0801082 0.0740944 0.0683287 0.0628263 0.0575998 0.0526592 0.0480119 0.0436627 0.0396148 0.035869 0.0324246 0.0292795 0.0264305 0.0238734 0.0216034 0.0196156 0.0179049 0.0164661 0.0152949 0.0143872 0.0137397 0.0133506 
0.014515 0.0146501 0.0150648 0.0157613 0.0167424 0.0180116 0.0195733 0.0214325 0.0235944 0.0260646 0.0288482 0.0319503 0.0353751 0.0391257 0.0432042 0.0476109 0.0523443 0.0574009 0.0627745 0.0684568 0.0744364 0.0806992 0.0872282 0.0940032 0.101001 0.108196 0.115559 0.123059 0.130661 0.13833 0.146026 0.15371 0.161341 0.168876 0.176272 0.183487 0.190477 0.197199 0.203613 0.209679 0.215357 0.220612 0.22541 0.229719 0.233512 0.236764 0.239453 0.241562 0.243076 0.243986 0.244285 0.243972 0.243048 0.241521 0.239399 0.236698 0.233434 0.229631 0.225312 0.220506 0.215244 0.209561 0.203492 0.197076 0.190353 0.183364 0.176152 0.16876 0.161231 0.153608 0.145932 0.138246 0.130588 0.122998 0.11551 0.10816 0.100979 0.0939938 0.0872318 0.0807155 0.0744648 0.0684964 0.0628245 0.05746 0.0524113 0.0476844 0.0432827 0.0392076 0.0354589 0.0320344 0.0289311 0.0261447 0.0236704 0.021503 0.0196371 0.0180677 0.0167898 0.0157994 0.0150929 0.0146685 
0.0159015 0.0160491 0.016501 0.0172597 0.0183281 0.0197098 0.0214094 0.0234322 0.0257836 0.0284693 0.0314948 0.0348649 0.0385841 0.0426553 0.0470804 0.0518593 0.0569899 0.062468 0.0682867 0.0744364 0.0809044 0.0876752 0.0947299 0.102046 0.1096 0.117362 0.125301 0.133382 0.14157 0.149825 0.158106 0.16637 0.174572 0.182668 0.190611 0.198355 0.205855 0.213065 0.219941 0.226442 0.232525 0.238153 0.24329 0.247903 0.251962 0.255442 0.258318 0.260574 0.262193 0.263165 0.263485 0.263149 0.262161 0.260526 0.258256 0.255365 0.251873 0.247801 0.243177 0.238031 0.232394 0.226304 0.219799 0.212919 0.205708 0.198208 0.190466 0.182527 0.174437 0.166242 0.157987 0.149717 0.141473 0.133298 0.125229 0.117304 0.109557 0.102018 0.0947157 0.0876751 0.0809178 0.0744625 0.0683246 0.0625165 0.0570477 0.0519248 0.0471522 0.0427318 0.0386635 0.0349456 0.031575 0.0285476 0.0258584 0.023502 0.0214729 0.0197658 0.0183756 0.0172981 0.0165295 0.0160679 
0.017367 0.0175277 0.0180187 0.0188427 0.0200025 0.0215022 0.0233465 0.0255408 0.0280907 0.0310021 0.0342805 0.0379311 0.0419581 0.0463643 0.0511513 0.0563185 0.0618635 0.067781 0.0740632 0.0806992 0.0876752 0.0949738 0.102574 0.110453 0.118582 0.126931 0.135466 0.14415 0.152943 0.161804 0.170688 0.17955 0.188341 0.197013 0.205518 0.213807 0.221831 0.229541 0.236892 0.243839 0.250337 0.256347 0.261832 0.266755 0.271087 0.274798 0.277867 0.280272 0.281998 0.283035 0.283375 0.283017 0.281962 0.280218 0.277796 0.274712 0.270985 0.26664 0.261703 0.256208 0.250187 0.243681 0.236728 0.229373 0.22166 0.213636 0.205348 0.196847 0.18818 0.179396 0.170543 0.16167 0.152821 0.14404 0.13537 0.126851 0.118517 0.110404 0.102541 0.0949557 0.0876721 0.0807104 0.0740876 0.0678175 0.0619108 0.056375 0.0512154 0.0464343 0.0420322 0.0380075 0.0343575 0.0310778 0.0281636 0.0256092 0.0234092 0.0215578 0.02005 0.0188811 0.0180475 0.0175469 
0.0189088 0.0190832 0.0196151 0.0205072 0.0217626 0.0233855 0.0253807 0.0277537 0.0305106 0.0336572 0.0371993 0.0411418 0.045489 0.0502436 0.0554068 0.0609775 0.0669524 0.0733257 0.0800883 0.0872282 0.0947299 0.102574 0.110739 0.119198 0.127921 0.136875 0.146024 0.155328 0.164744 0.174228 0.183731 0.193205 0.2026 0.211864 0.220944 0.22979 0.238349 0.246571 0.254406 0.261807 0.268729 0.275129 0.280966 0.286206 0.290814 0.294762 0.298026 0.300583 0.302418 0.30352 0.303882 0.3035 0.302378 0.300523 0.297947 0.294666 0.290701 0.286076 0.280822 0.274971 0.26856 0.261629 0.25422 0.246379 0.238154 0.229593 0.220748 0.21167 0.202412 0.193024 0.183559 0.174066 0.164595 0.155192 0.145903 0.13677 0.127833 0.119126 0.110685 0.102537 0.0947089 0.087223 0.080098 0.073349 0.066988 0.0610237 0.0554621 0.0503061 0.0455569 0.0412131 0.0372721 0.0337297 0.030581 0.0278204 0.0254421 0.0234403 0.0218097 0.0205455 0.019644 0.0191028 
0.0205234 0.020712 0.0212864 0.0222494 0.0236041 0.0253549 0.0275068 0.0300656 0.0330372 0.0364278 0.0402432 0.0444883 0.0491673 0.0542825 0.0598348 0.0658225 0.0722418 0.0790856 0.0863439 0.0940032 0.102046 0.110453 0.119198 0.128253 0.137586 0.147162 0.15694 0.166879 0.176932 0.187053 0.197189 0.207289 0.217299 0.227166 0.236832 0.246245 0.255348 0.264089 0.272416 0.280279 0.28763 0.294424 0.30062 0.30618 0.311069 0.315256 0.318716 0.321428 0.323373 0.324541 0.324924 0.324519 0.323329 0.321362 0.31863 0.31515 0.310943 0.306037 0.30046 0.29425 0.287442 0.28008 0.272208 0.263874 0.255128 0.246022 0.236609 0.226945 0.217083 0.207079 0.196988 0.186862 0.176755 0.166716 0.156793 0.147031 0.137473 0.128158 0.119121 0.110395 0.102006 0.0939803 0.0863375 0.0790944 0.0722644 0.0658574 0.0598801 0.0543365 0.0492279 0.0445536 0.0403111 0.0364964 0.0331046 0.0301299 0.0275665 0.0254085 0.0236504 0.0222874 0.0213153 0.0207319 
0.0222062 0.0224096 0.0230281 0.0240644 0.0255219 0.0274049 0.0297188 0.0324695 0.035663 0.0393056 0.043403 0.0479603 0.0529812 0.058468 0.064421 0.070838 0.0777142 0.0850416 0.0928089 0.101001 0.1096 0.118582 0.127921 0.137586 0.147543 0.157753 0.168174 0.17876 0.189462 0.20023 0.21101 0.221746 0.232382 0.242859 0.25312 0.263106 0.272761 0.282027 0.290851 0.29918 0.306964 0.314157 0.320714 0.326596 0.331767 0.336195 0.339854 0.34272 0.344776 0.34601 0.346415 0.345986 0.344728 0.342648 0.339759 0.336078 0.331629 0.326438 0.320538 0.313964 0.306757 0.29896 0.29062 0.281788 0.272515 0.262857 0.25287 0.24261 0.232137 0.221508 0.21078 0.200011 0.189256 0.178568 0.167998 0.157595 0.147404 0.137467 0.127821 0.118502 0.109539 0.100959 0.0927851 0.0850347 0.0777227 0.0708604 0.0644555 0.0585126 0.0530338 0.0480188 0.0434653 0.0393696 0.0357267 0.032531 0.0297764 0.027457 0.0255671 0.0241018 0.0230567 0.0224297 
0.0239521 0.0241708 0.0248345 0.0259463 0.0275096 0.0295289 0.0320095 0.0349575 0.0383792 0.0422808 0.046668 0.0515457 0.0569176 0.0627855 0.0691492 0.0760059 0.0833498 0.0911718 0.0994595 0.108196 0.117362 0.126931 0.136875 0.147162 0.157753 0.168608 0.179681 0.190923 0.202284 0.213709 0.22514 0.236519 0.247786 0.25888 0.26974 0.280305 0.290514 0.300309 0.309633 0.31843 0.326649 0.334241 0.34116 0.347366 0.352819 0.357489 0.361346 0.364367 0.366535 0.367835 0.368261 0.367809 0.366483 0.36429 0.361243 0.357362 0.35267 0.347194 0.340969 0.334031 0.326423 0.318189 0.309379 0.300046 0.290243 0.280029 0.269462 0.258603 0.247512 0.236251 0.22488 0.21346 0.202048 0.190702 0.179476 0.168422 0.157587 0.147016 0.136751 0.126827 0.117279 0.108134 0.0994171 0.0911481 0.0833431 0.0760147 0.0691717 0.0628196 0.0569612 0.0515965 0.0467238 0.0423395 0.0384386 0.0350156 0.0320645 0.0295791 0.0275536 0.0259829 0.0248629 0.024191 
0.0257547 0.0259891 0.0266993 0.0278886 0.0295602 0.031719 0.0343704 0.0375205 0.0411757 0.0453422 0.0500257 0.055231 0.0609613 0.0672183 0.074001 0.081306 0.0891264 0.0974521 0.106269 0.115559 0.125301 0.135466 0.146024 0.15694 0.168174 0.179681 0.191413 0.203319 0.215344 0.22743 0.239517 0.251544 0.263446 0.27516 0.286621 0.297766 0.308531 0.318855 0.328679 0.337944 0.346598 0.354589 0.361869 0.368397 0.374133 0.379042 0.383097 0.386273 0.388551 0.389918 0.390365 0.38989 0.388495 0.38619 0.382987 0.378906 0.373972 0.368212 0.361663 0.354362 0.346353 0.337683 0.328403 0.318568 0.308235 0.297464 0.286316 0.274854 0.263143 0.251246 0.239227 0.227151 0.215078 0.203068 0.191179 0.179466 0.16798 0.156768 0.145874 0.135338 0.125195 0.115476 0.106207 0.0974104 0.0891035 0.0813002 0.0740106 0.067241 0.060995 0.0552733 0.0500744 0.0453949 0.0412302 0.0375747 0.0344223 0.0317669 0.0296026 0.0279241 0.0267272 0.0260093 
0.0276069 0.0278573 0.0286151 0.0298833 0.0316655 0.0339666 0.0367921 0.0401481 0.0440411 0.0484773 0.0534624 0.0590008 0.0650956 0.0717479 0.0789561 0.0867159 0.0950195 0.103856 0.113209 0.123059 0.133382 0.14415 0.155328 0.166879 0.17876 0.190923 0.203319 0.215892 0.228584 0.241334 0.254079 0.266753 0.279291 0.291624 0.303686 0.31541 0.32673 0.337581 0.347902 0.357634 0.366719 0.375106 0.382746 0.389593 0.395608 0.400756 0.405007 0.408336 0.410724 0.412156 0.412624 0.412126 0.410664 0.408247 0.40489 0.400611 0.395436 0.389396 0.382524 0.374863 0.366456 0.357352 0.347605 0.337271 0.326409 0.315082 0.303354 0.29129 0.278958 0.266425 0.253758 0.241024 0.228287 0.21561 0.203055 0.190679 0.178537 0.166679 0.155151 0.143997 0.133253 0.122954 0.113126 0.103795 0.0949795 0.0866947 0.0789518 0.0717584 0.0651186 0.0590339 0.0535031 0.0485234 0.0440901 0.0401978 0.0368404 0.0340118 0.031706 0.0299176 0.0286423 0.0278776 
0.0295008 0.0297675 0.0305734 0.0319218 0.0338163 0.0362618 0.0392638 0.0428287 0.0469628 0.0516723 0.0569628 0.0628384 0.069302 0.076354 0.0839922 0.0922113 0.101003 0.110354 0.120247 0.130661 0.14157 0.152943 0.164744 0.176932 0.189462 0.202284 0.215344 0.228584 0.241942 0.255355 0.268756 0.282077 0.295247 0.308197 0.320856 0.333155 0.345024 0.356399 0.367213 0.377406 0.386918 0.395697 0.403691 0.410854 0.417145 0.422528 0.426973 0.430452 0.432948 0.434444 0.434934 0.434413 0.432885 0.430358 0.426848 0.422374 0.416963 0.410644 0.403455 0.395438 0.386637 0.377105 0.366895 0.356066 0.34468 0.332801 0.320496 0.307835 0.294885 0.281719 0.268406 0.255015 0.241614 0.228272 0.21505 0.20201 0.18921 0.176704 0.16454 0.152765 0.141417 0.130533 0.120143 0.110273 0.100945 0.0921738 0.0839732 0.0763515 0.0693136 0.0628616 0.056995 0.0517112 0.0470058 0.0428735 0.0393083 0.0363039 0.0338545 0.0319547 0.0305999 0.0297876 
0.0314274 0.0317106 0.0325653 0.0339947 0.0360026 0.0385938 0.041774 0.0455496 0.049927 0.0549121 0.0605103 0.0667258 0.0735606 0.0810147 0.0890854 0.0977662 0.107047 0.116915 0.12735 0.13833 0.149825 0.161804 0.174228 0.187053 0.20023 0.213709 0.22743 0.241334 0.255355 0.269427 0.283479 0.29744 0.311238 0.324798 0.338047 0.350914 0.363327 0.375217 0.386517 0.397164 0.407098 0.416261 0.424604 0.432077 0.438639 0.444253 0.448887 0.452515 0.455116 0.456676 0.457185 0.456642 0.455049 0.452416 0.448756 0.444091 0.438447 0.431856 0.424355 0.415987 0.4068 0.396845 0.386179 0.374863 0.362959 0.350536 0.337662 0.324408 0.310848 0.297053 0.283099 0.269056 0.254997 0.240991 0.227106 0.213405 0.199949 0.186795 0.173996 0.161599 0.149647 0.138178 0.127224 0.116814 0.106971 0.0977117 0.0890511 0.0809986 0.0735601 0.0667384 0.0605335 0.0549432 0.0499634 0.0455891 0.0418142 0.0386326 0.0360383 0.0340259 0.0325908 0.0317306 
0.0333772 0.033677 0.0345806 0.0360915 0.0382133 0.0409509 0.0443102 0.0482974 0.0529188 0.0581804 0.0640873 0.0706433 0.07785 0.0857069 0.0942102 0.103353 0.113123 0.123507 0.134483 0.146026 0.158106 0.170688 0.183731 0.197189 0.21101 0.22514 0.239517 0.254079 0.268756 0.283479 0.298175 0.312768 0.327184 0.341345 0.355176 0.368601 0.381548 0.393944 0.405721 0.416813 0.427158 0.436699 0.445381 0.453158 0.459985 0.465824 0.470643 0.474415 0.477119 0.478741 0.479271 0.478706 0.47705 0.474311 0.470506 0.465654 0.459783 0.452926 0.44512 0.43641 0.426844 0.416476 0.405363 0.393568 0.381157 0.368199 0.354765 0.340929 0.326766 0.312353 0.297765 0.283078 0.268367 0.253705 0.239162 0.224806 0.210699 0.196903 0.183472 0.170456 0.157902 0.14585 0.134334 0.123385 0.113027 0.103281 0.09416 0.0856764 0.0778368 0.0706448 0.0641009 0.0582033 0.0529483 0.0483311 0.0443457 0.0409861 0.0382463 0.0361208 0.0346051 0.0336967 
0.0353397 0.0356562 0.0366088 0.038201 0.0404367 0.0433207 0.0468589 0.0510574 0.0559225 0.06146 0.0676749 0.0745703 0.0821477 0.0904057 0.0993397 0.108942 0.119199 0.130095 0.141608 0.15371 0.16637 0.17955 0.193205 0.207289 0.221746 0.236519 0.251544 0.266753 0.282077 0.29744 0.312768 0.327983 0.343004 0.357755 0.372155 0.386127 0.399595 0.412485 0.424727 0.436253 0.446999 0.456906 0.465921 0.473992 0.481076 0.487133 0.492132 0.496044 0.498849 0.50053 0.50108 0.500494 0.498777 0.495937 0.49199 0.486957 0.480866 0.47375 0.465648 0.456605 0.44667 0.435899 0.424351 0.41209 0.399183 0.385701 0.371719 0.357313 0.34256 0.327539 0.312329 0.29701 0.281658 0.26635 0.251159 0.236155 0.221406 0.206974 0.192918 0.179291 0.166141 0.15351 0.141437 0.129952 0.119083 0.108851 0.0992732 0.0903605 0.0821215 0.0745603 0.0676783 0.0614742 0.0559447 0.051085 0.0468894 0.043352 0.0404668 0.0382283 0.036632 0.0356755 
0.037304 0.037637 0.0386383 0.0403116 0.0426605 0.04569 0.0494059 0.0538143 0.0589214 0.0647329 0.0712532 0.0784854 0.0864302 0.0950855 0.104446 0.114502 0.125241 0.136644 0.148687 0.161341 0.174572 0.188341 0.2026 0.217299 0.232382 0.247786 0.263446 0.279291 0.295247 0.311238 0.327184 0.343004 0.358618 0.373943 0.388897 0.403401 0.417376 0.430746 0.443439 0.455386 0.466521 0.476783 0.486118 0.494474 0.501807 0.508076 0.513248 0.517295 0.520197 0.521936 0.522504 0.521899 0.520122 0.517184 0.5131 0.507893 0.501589 0.494223 0.485835 0.47647 0.466178 0.455017 0.443047 0.430332 0.416944 0.402954 0.388438 0.373476 0.358147 0.342534 0.326717 0.310778 0.294799 0.278858 0.263031 0.247393 0.232013 0.216956 0.202285 0.188055 0.174317 0.161116 0.148492 0.136479 0.125106 0.114394 0.104363 0.0950253 0.0863905 0.0784635 0.0712463 0.0647381 0.058936 0.0538355 0.0494312 0.0457171 0.0426874 0.0403367 0.0386603 0.037656 
0.0392585 0.0396079 0.0406574 0.0424107 0.0448716 0.0480449 0.0519363 0.0565521 0.0618982 0.06798 0.0748018 0.082366 0.090673 0.0997198 0.1095 0.120004 0.131216 0.143116 0.15568 0.168876 0.182668 0.197013 0.211864 0.227166 0.242859 0.25888 0.27516 0.291624 0.308197 0.324798 0.341345 0.357755 0.373943 0.389824 0.405315 0.420334 0.434799 0.448633 0.461762 0.474114 0.485624 0.496229 0.505872 0.514502 0.522073 0.528545 0.533884 0.538061 0.541055 0.54285 0.543437 0.542812 0.540979 0.537947 0.533732 0.528357 0.521849 0.514243 0.505579 0.495904 0.485269 0.473732 0.461354 0.448202 0.434348 0.419866 0.404835 0.389334 0.373447 0.357258 0.340851 0.324311 0.307721 0.291163 0.274716 0.258458 0.242461 0.226794 0.211521 0.196701 0.182387 0.168627 0.155463 0.142931 0.13106 0.119877 0.1094 0.0996443 0.0906196 0.082332 0.0747841 0.0679759 0.0619048 0.0565667 0.0519562 0.0480676 0.0448952 0.0424335 0.0406781 0.0396264 
0.0411912 0.0415567 0.0426537 0.0444856 0.0470564 0.050371 0.054435 0.0592543 0.0648349 0.071182 0.0782994 0.0861892 0.0948511 0.104281 0.114473 0.125414 0.137089 0.149476 0.162548 0.176272 0.190611 0.205518 0.220944 0.236832 0.25312 0.26974 0.286621 0.303686 0.320856 0.338047 0.355176 0.372155 0.388897 0.405315 0.421324 0.436838 0.451774 0.466054 0.479601 0.492342 0.504211 0.515143 0.525081 0.533974 0.541773 0.548439 0.553937 0.558238 0.561321 0.563169 0.563773 0.56313 0.561242 0.558121 0.553781 0.548246 0.541543 0.533707 0.52478 0.514809 0.503845 0.491947 0.479178 0.465607 0.451306 0.436351 0.420823 0.404804 0.388378 0.371634 0.354657 0.337534 0.320353 0.303197 0.28615 0.26929 0.252694 0.236434 0.220575 0.20518 0.190305 0.176 0.162308 0.149269 0.136913 0.125269 0.114356 0.10419 0.0947838 0.0861429 0.078271 0.0711685 0.0648335 0.0592621 0.0544492 0.0503893 0.0470767 0.044506 0.0426728 0.0415748 
0.0430898 0.043471 0.0446143 0.0465231 0.0492013 0.0526538 0.056886 0.061904 0.0677134 0.0743191 0.0817247 0.0899317 0.098939 0.108742 0.119334 0.1307 0.142825 0.155684 0.16925 0.183487 0.198355 0.213807 0.22979 0.246245 0.263106 0.280305 0.297766 0.31541 0.333155 0.350914 0.368601 0.386127 0.403401 0.420334 0.436838 0.452825 0.468213 0.482918 0.496864 0.509976 0.522186 0.53343 0.54365 0.552791 0.560807 0.567657 0.573306 0.577725 0.580892 0.58279 0.583411 0.58275 0.580812 0.577606 0.573147 0.56746 0.560572 0.552518 0.543341 0.533087 0.521811 0.509569 0.496428 0.482457 0.467728 0.452321 0.436318 0.419802 0.40286 0.385583 0.368058 0.350376 0.332625 0.314894 0.297267 0.279828 0.262654 0.245819 0.229395 0.213444 0.198025 0.183191 0.168988 0.155456 0.14263 0.130537 0.1192 0.108636 0.098858 0.089873 0.0816854 0.0742962 0.0677039 0.0619049 0.0568946 0.0526675 0.0492181 0.0465411 0.044632 0.0434886 
0.0449417 0.0453383 0.0465265 0.0485098 0.0512922 0.0548783 0.0592737 0.0644842 0.0705152 0.0773714 0.0850559 0.0935698 0.102911 0.113076 0.124053 0.135831 0.148389 0.161704 0.175746 0.190477 0.205855 0.221831 0.238349 0.255348 0.272761 0.290514 0.308531 0.32673 0.345024 0.363327 0.381548 0.399595 0.417376 0.434799 0.451774 0.468213 0.484028 0.499137 0.513461 0.526925 0.539459 0.550998 0.561482 0.570859 0.57908 0.586104 0.591895 0.596425 0.599671 0.601617 0.602253 0.601576 0.59959 0.596304 0.591734 0.585903 0.57884 0.570581 0.561168 0.550647 0.539074 0.526508 0.513014 0.498663 0.483529 0.467693 0.451237 0.434248 0.416815 0.399029 0.380982 0.362765 0.344471 0.326189 0.308007 0.290011 0.272282 0.254897 0.237928 0.221442 0.205501 0.190157 0.175462 0.161456 0.148175 0.135649 0.123903 0.112954 0.102817 0.0934989 0.0850058 0.077339 0.0704975 0.0644782 0.0592766 0.0548875 0.0513054 0.0485253 0.0465426 0.0453553 
0.0467345 0.0471458 0.0483772 0.0504323 0.0533149 0.0570297 0.0615821 0.0669777 0.0732219 0.0803188 0.0882714 0.0970801 0.106743 0.117253 0.128602 0.140773 0.153748 0.167499 0.181996 0.197199 0.213065 0.229541 0.246571 0.264089 0.282027 0.300309 0.318855 0.337581 0.356399 0.375217 0.393944 0.412485 0.430746 0.448633 0.466054 0.482918 0.499137 0.514627 0.529307 0.543102 0.55594 0.567756 0.57849 0.588088 0.5965 0.603687 0.609612 0.614246 0.617566 0.619557 0.620207 0.619516 0.617484 0.614123 0.609449 0.603484 0.596257 0.587806 0.57817 0.567399 0.555548 0.542676 0.52885 0.514141 0.498625 0.482384 0.465501 0.448065 0.430167 0.411899 0.393357 0.374633 0.355822 0.337016 0.318307 0.299782 0.281524 0.263614 0.246126 0.229129 0.212688 0.196858 0.181691 0.16723 0.153514 0.140574 0.128435 0.117117 0.106635 0.0969973 0.0882107 0.0802771 0.0731961 0.0669649 0.0615793 0.0570343 0.0533246 0.0504452 0.0483918 0.0471622 
0.0484554 0.0488808 0.0501535 0.0522772 0.0552555 0.0590931 0.0637954 0.0693677 0.0758152 0.0831418 0.0913499 0.10044 0.110408 0.121248 0.132949 0.145496 0.158866 0.173032 0.187961 0.203613 0.219941 0.236892 0.254406 0.272416 0.290851 0.309633 0.328679 0.347902 0.367213 0.386517 0.405721 0.424727 0.443439 0.461762 0.479601 0.496864 0.513461 0.529307 0.544321 0.558425 0.571547 0.583622 0.594588 0.604391 0.612983 0.620321 0.62637 0.6311 0.63449 0.636522 0.637186 0.63648 0.634407 0.630977 0.626205 0.620115 0.612737 0.604105 0.594263 0.583259 0.571148 0.557991 0.543855 0.528811 0.512938 0.496316 0.479033 0.461178 0.442843 0.424123 0.405114 0.385912 0.366615 0.347315 0.328108 0.309082 0.290325 0.271918 0.253938 0.236458 0.219542 0.203251 0.187636 0.172744 0.158614 0.14528 0.132767 0.121098 0.110287 0.100345 0.0912788 0.083091 0.0757815 0.0693482 0.063787 0.0590932 0.0552617 0.0522876 0.0501666 0.0488966 
0.0500922 0.0505309 0.0518428 0.0540313 0.0571002 0.0610541 0.0658981 0.0716375 0.0782772 0.0858209 0.0942705 0.103626 0.113883 0.125034 0.137068 0.149968 0.163711 0.178268 0.193605 0.209679 0.226442 0.243839 0.261807 0.280279 0.29918 0.31843 0.337944 0.357634 0.377406 0.397164 0.416813 0.436253 0.455386 0.474114 0.492342 0.509976 0.526925 0.543102 0.558425 0.572815 0.586201 0.598514 0.609695 0.619689 0.628446 0.635924 0.642088 0.646907 0.65036 0.652431 0.653108 0.652389 0.650277 0.646783 0.641922 0.635717 0.628198 0.619401 0.609368 0.598148 0.585797 0.572375 0.557951 0.542597 0.526392 0.509417 0.491762 0.473516 0.454774 0.435632 0.416188 0.39654 0.376787 0.357026 0.337352 0.317858 0.298632 0.279759 0.261318 0.243383 0.226022 0.209296 0.19326 0.177962 0.163442 0.149736 0.136871 0.12487 0.113749 0.10352 0.0941895 0.0857613 0.078236 0.0716115 0.0658843 0.0610498 0.0571031 0.0540394 0.0518544 0.0505462 
0.0516329 0.0520842 0.0534327 0.055682 0.0588357 0.0628984 0.0678752 0.0737711 0.0805908 0.0883376 0.0970131 0.106617 0.117143 0.128586 0.140931 0.154161 0.168252 0.183173 0.19889 0.215357 0.232525 0.250337 0.268729 0.28763 0.306964 0.326649 0.346598 0.366719 0.386918 0.407098 0.427158 0.446999 0.466521 0.485624 0.504211 0.522186 0.539459 0.55594 0.571547 0.586201 0.599828 0.612361 0.623739 0.633907 0.642815 0.650421 0.65669 0.661591 0.665103 0.667208 0.667897 0.667166 0.665019 0.661466 0.656523 0.650213 0.642565 0.633616 0.623409 0.611991 0.599419 0.585756 0.571067 0.555428 0.538917 0.521617 0.503619 0.485013 0.465895 0.446363 0.426517 0.406457 0.386282 0.366093 0.345987 0.326057 0.306396 0.28709 0.26822 0.249862 0.232086 0.214956 0.198527 0.18285 0.167967 0.153914 0.14072 0.128409 0.116998 0.1065 0.0969226 0.0882696 0.0805423 0.0737389 0.0678562 0.06289 0.0588354 0.0556877 0.0534428 0.0520989 
0.053066 0.0535289 0.0549113 0.057217 0.0604493 0.0646128 0.0697124 0.0757531 0.0827393 0.090674 0.0995585 0.109391 0.120168 0.131879 0.144511 0.158046 0.172458 0.187716 0.203782 0.220612 0.238153 0.256347 0.275129 0.294424 0.314157 0.334241 0.354589 0.375106 0.395697 0.416261 0.436699 0.456906 0.476783 0.496229 0.515143 0.53343 0.550998 0.567756 0.583622 0.598514 0.612361 0.625094 0.636651 0.646976 0.656021 0.663744 0.670107 0.675083 0.678647 0.680784 0.681483 0.680742 0.678563 0.674957 0.66994 0.663535 0.655771 0.646684 0.636318 0.624721 0.611949 0.598065 0.583136 0.567237 0.550448 0.532853 0.514541 0.495606 0.476145 0.456257 0.436043 0.415605 0.395044 0.374463 0.35396 0.333631 0.31357 0.293866 0.274601 0.255854 0.237696 0.220193 0.203403 0.187376 0.172158 0.157785 0.144287 0.13169 0.120012 0.109265 0.099459 0.0905982 0.0826839 0.075715 0.0696885 0.0646004 0.0604458 0.0572204 0.0549201 0.053543 
