5.69544e-05 5.8369e-05 6.3658e-05 7.30554e-05 8.69416e-05 0.000105858 0.000130511 0.000161774 0.00020069 0.000248473 0.000306509 0.000376349 0.000459703 0.000558428 0.00067451 0.000810039 0.000967181 0.00114814 0.00135511 0.00159023 0.00185553 0.00215286 0.00248383 0.00284974 0.00325152 0.00368966 0.00416412 0.00467433 0.00521907 0.00579651 0.00640411 0.00703866 0.00769627 0.00837238 0.0090618 0.0097588 0.0104571 0.0111501 0.0118308 0.012492 0.0131265 0.0137271 0.0142868 0.0147989 0.0152571 0.0156557 0.0159897 0.0162548 0.0164475 0.0165655 0.0166071 0.0165719 0.0164602 0.0162736 0.0160146 0.0156864 0.0152934 0.0148406 0.0143335 0.0137785 0.0131821 0.0125515 0.0118936 0.0112158 0.0105252 0.00982878 0.00913312 0.0084445 0.00776867 0.00711083 0.00647556 0.00586677 0.0052877 0.00474093 0.00422834 0.00375117 0.00331007 0.0029051 0.00253584 0.00220141 0.00190055 0.00163171 0.00139307 0.00118265 0.000998352 0.000837998 0.000699415 0.000580455 0.000479041 0.000393194 0.000321061 0.000260927 0.000211235 0.000170588 0.000137758 0.000111683 9.14713e-05 7.63942e-05 6.5887e-05 5.95568e-05 
5.8369e-05 5.98237e-05 6.52533e-05 7.4898e-05 8.91482e-05 0.00010856 0.000133857 0.000165937 0.000205868 0.000254898 0.000314447 0.000386104 0.000471624 0.00057291 0.000691994 0.00083102 0.000992204 0.0011778 0.00139005 0.00163116 0.00190317 0.002208 0.00254727 0.00292231 0.00333407 0.00378302 0.00426913 0.00479179 0.00534975 0.00594112 0.00656329 0.00721297 0.00788616 0.00857819 0.00928376 0.00999698 0.0107115 0.0114204 0.0121167 0.0127929 0.0134418 0.014056 0.0146283 0.0151518 0.0156202 0.0160277 0.0163691 0.01664 0.016837 0.0169575 0.017 0.0169639 0.0168497 0.0166589 0.016394 0.0160585 0.0156567 0.0151937 0.0146752 0.0141076 0.0134977 0.0128527 0.0121798 0.0114865 0.01078 0.0100674 0.00935554 0.00865082 0.0079591 0.00728572 0.00663535 0.00601201 0.00541904 0.00485906 0.00433402 0.00384521 0.00339329 0.00297833 0.00259992 0.00225717 0.00194879 0.0016732 0.00142856 0.00121282 0.00102384 0.000859411 0.000717294 0.000595293 0.000491282 0.000403234 0.000329249 0.00026757 0.000216601 0.00017491 0.000141236 0.000114492 9.3762e-05 7.82992e-05 6.75243e-05 6.10342e-05 
6.3658e-05 6.52533e-05 7.1172e-05 8.16742e-05 9.71825e-05 0.000118298 0.000145803 0.000180666 0.000224042 0.000277274 0.000341892 0.000419608 0.000512307 0.000622031 0.000750963 0.000901396 0.0010757 0.00127628 0.00150553 0.00176578 0.00205922 0.00238785 0.00275339 0.00315722 0.00360031 0.00408313 0.00460559 0.00516701 0.00576599 0.00640046 0.00706761 0.00776388 0.00848495 0.00922581 0.00998079 0.0107436 0.0115074 0.0122649 0.0130086 0.0137306 0.0144231 0.0150784 0.0156887 0.0162469 0.0167462 0.0171804 0.0175441 0.0178326 0.0180423 0.0181705 0.0182156 0.0181769 0.0180551 0.0178516 0.0175692 0.0172114 0.0167829 0.0162891 0.015736 0.0151304 0.0144796 0.013791 0.0130725 0.0123319 0.0115769 0.0108151 0.0100538 0.00929982 0.00855939 0.00783823 0.00714137 0.00647314 0.00583713 0.00523618 0.00467243 0.00414728 0.00366149 0.00321519 0.00280797 0.0024389 0.00210666 0.00180957 0.00154569 0.00131286 0.0011088 0.000931138 0.000777504 0.000645546 0.000532985 0.000437651 0.000357503 0.000290654 0.000235387 0.000190161 0.000153619 0.000124587 0.000102077 8.5285e-05 7.35844e-05 6.65402e-05 
7.30554e-05 7.4898e-05 8.16742e-05 9.36786e-05 0.000111388 0.000135483 0.000166844 0.000206563 0.000255939 0.000316481 0.000389907 0.000478135 0.000583271 0.000707599 0.000853547 0.00102366 0.00122058 0.00144696 0.00170543 0.00199856 0.00232874 0.00269814 0.00310862 0.00356166 0.00405825 0.00459884 0.00518326 0.00581064 0.0064794 0.00718713 0.00793065 0.00870594 0.00950818 0.0103318 0.0111704 0.012017 0.0128642 0.0137038 0.0145275 0.0153267 0.0160929 0.0168174 0.0174919 0.0181084 0.0186597 0.0191389 0.0195401 0.0198583 0.0200895 0.0202306 0.02028 0.0202371 0.0201023 0.0198774 0.0195654 0.0191702 0.0186968 0.0181511 0.0175397 0.0168701 0.0161502 0.0153882 0.0145926 0.0137721 0.0129352 0.0120903 0.0112454 0.0104079 0.00958497 0.00878283 0.00800711 0.00726266 0.00655352 0.00588291 0.00525325 0.0046662 0.00412266 0.00362285 0.00316637 0.00275229 0.00237919 0.00204524 0.00174835 0.00148615 0.00125612 0.00105568 0.000882179 0.000733023 0.000605678 0.000497726 0.000406891 0.000331067 0.000268328 0.00021695 0.000175407 0.000142383 0.000116766 9.76497e-05 8.43301e-05 7.63169e-05 
8.69416e-05 8.91482e-05 9.71825e-05 0.000111388 0.000132323 0.000160777 0.000197778 0.000244593 0.000302729 0.000373936 0.000460198 0.000563729 0.000686958 0.000832503 0.00100315 0.00120182 0.00143149 0.00169521 0.00199594 0.00233656 0.00271976 0.00314796 0.00362319 0.00414704 0.00472056 0.00534415 0.0060175 0.00673953 0.00750827 0.00832091 0.00917371 0.010062 0.0109802 0.0119219 0.0128798 0.0138461 0.014812 0.0157685 0.0167061 0.0176152 0.0184861 0.019309 0.0200746 0.0207742 0.0213992 0.0219423 0.0223968 0.022757 0.0230185 0.0231781 0.0232336 0.0231845 0.0230314 0.0227762 0.0224222 0.0219738 0.0214366 0.0208172 0.0201231 0.0193625 0.0185443 0.0176778 0.0167726 0.0158385 0.014885 0.0139216 0.0129573 0.0120008 0.01106 0.0101422 0.00925374 0.00840023 0.00758638 0.00681593 0.00609177 0.00541586 0.00478936 0.00421262 0.00368529 0.00320639 0.00277437 0.00238726 0.00204269 0.00173803 0.00147046 0.00123702 0.00103473 0.000860619 0.000711805 0.000585513 0.000479131 0.000390234 0.000316606 0.000256252 0.000207409 0.000168552 0.000138391 0.000115876 0.000100188 9.07566e-05 
0.000105858 0.00010856 0.000118298 0.000135483 0.000160777 0.000195122 0.000239737 0.000296123 0.000366067 0.000451635 0.000555167 0.000679269 0.000826791 0.0010008 0.00120455 0.00144144 0.00171494 0.00202853 0.00238567 0.00278963 0.00324347 0.00374992 0.00431124 0.00492916 0.00560478 0.00633842 0.00712958 0.00797684 0.0088778 0.00982903 0.0108261 0.0118634 0.0129344 0.0140316 0.0151466 0.01627 0.017392 0.018502 0.0195891 0.0206423 0.0216503 0.0226021 0.0234872 0.0242952 0.0250168 0.0256435 0.0261676 0.0265828 0.026884 0.0270675 0.0271311 0.0270739 0.0268968 0.026602 0.026193 0.0256751 0.0250544 0.0243386 0.023536 0.0226563 0.0217094 0.0207059 0.019657 0.0185737 0.017467 0.0163479 0.0152268 0.0141137 0.0130178 0.0119475 0.0109103 0.00991288 0.00896071 0.00805828 0.00720907 0.00641549 0.00567903 0.00500022 0.00437879 0.00381372 0.00330334 0.00284542 0.00243731 0.002076 0.00175827 0.00148073 0.00123991 0.00103239 0.000854797 0.000703896 0.000576634 0.000470166 0.000381887 0.000309446 0.000250766 0.000204044 0.000167753 0.000140649 0.000121763 0.000110418 
0.000130511 0.000133857 0.000145803 0.000166844 0.000197778 0.000239737 0.000294185 0.000362923 0.000448091 0.000552155 0.00067791 0.000828455 0.00100717 0.0012177 0.00146387 0.00174968 0.00207921 0.00245652 0.00288562 0.00337031 0.00391409 0.00452005 0.00519073 0.00592804 0.00673308 0.00760607 0.00854626 0.00955178 0.0106196 0.0117457 0.0129244 0.0141493 0.0154125 0.0167051 0.0180172 0.0193378 0.0206553 0.0219576 0.0232318 0.0244651 0.0256445 0.0267574 0.0277914 0.0287349 0.0295769 0.0303077 0.0309185 0.0314022 0.0317528 0.0319661 0.0320397 0.0319725 0.0317655 0.0314212 0.0309438 0.0303391 0.0296143 0.0287782 0.0278404 0.0268118 0.0257041 0.0245295 0.0233008 0.0220307 0.0207323 0.0194181 0.0181002 0.0167905 0.0154996 0.0142376 0.0130133 0.0118346 0.010708 0.00963895 0.00863173 0.00768934 0.00681366 0.00600551 0.00526472 0.00459023 0.00398021 0.00343219 0.00294313 0.0025096 0.00212785 0.00179395 0.00150386 0.00125355 0.00103906 0.000856587 0.000702509 0.000573453 0.000466321 0.000378317 0.000306958 0.00025009 0.000205889 0.000172861 0.000149844 0.000136029 
0.000161774 0.000165937 0.000180666 0.000206563 0.000244593 0.000296123 0.000362923 0.000447164 0.000551418 0.000678652 0.000832212 0.00101581 0.00123347 0.00148953 0.00178854 0.00213522 0.00253437 0.00299077 0.00350909 0.00409373 0.00474873 0.00547761 0.00628323 0.00716764 0.00813198 0.0091763 0.0102995 0.0114991 0.0127715 0.0141114 0.0155123 0.0169662 0.0184638 0.0199945 0.0215465 0.0231069 0.0246621 0.0261976 0.0276988 0.0291504 0.0305375 0.0318453 0.0330595 0.0341666 0.0351541 0.0360106 0.0367262 0.0372924 0.0377026 0.037952 0.0380375 0.0379582 0.037715 0.037311 0.0367509 0.0360414 0.0351909 0.0342093 0.033108 0.0318993 0.030597 0.0292151 0.0277683 0.0262718 0.0247405 0.0231891 0.0216321 0.0200829 0.0185545 0.0170587 0.0156059 0.0142055 0.0128655 0.0115924 0.0103914 0.00926637 0.00821959 0.00725229 0.00636446 0.00555503 0.00482201 0.00416261 0.00357339 0.00305037 0.00258921 0.00218532 0.00183397 0.00153041 0.00126996 0.00104811 0.000860549 0.000703261 0.000572544 0.000465049 0.0003778 0.000308208 0.000254077 0.00021361 0.000185407 0.000168491 
0.00020069 0.000205868 0.000224042 0.000255939 0.000302729 0.000366067 0.000448091 0.000551418 0.000679149 0.000834848 0.00102253 0.00124664 0.00151199 0.00182373 0.00218727 0.00260819 0.00309215 0.00364478 0.00427149 0.00497743 0.00576722 0.00664488 0.00761359 0.00867559 0.00983197 0.0110826 0.0124258 0.0138585 0.0153761 0.0169723 0.018639 0.0203666 0.0221441 0.0239586 0.0257963 0.027642 0.0294796 0.0312922 0.0330624 0.0347728 0.0364057 0.0379441 0.0393714 0.0406719 0.0418312 0.0428361 0.0436752 0.0443388 0.0448193 0.045111 0.0452106 0.0451169 0.0448311 0.0443566 0.0436989 0.0428657 0.0418666 0.0407132 0.0394185 0.037997 0.0364642 0.0348367 0.0331317 0.0313664 0.0295586 0.0277254 0.0258836 0.0240494 0.0222379 0.0204628 0.018737 0.0170715 0.0154758 0.0139581 0.0125245 0.0111798 0.00992706 0.00876796 0.0077027 0.00673024 0.00584842 0.00505412 0.00434341 0.00371173 0.00315403 0.00266495 0.00223894 0.0018704 0.00155381 0.00128378 0.00105522 0.000863327 0.000703668 0.000572231 0.000465445 0.000380195 0.000313838 0.000264207 0.000229613 0.000208876 
0.000248473 0.000254898 0.000277274 0.000316481 0.000373936 0.000451635 0.000552155 0.000678652 0.000834848 0.00102502 0.00125399 0.00152704 0.00184992 0.00222876 0.00266996 0.00318011 0.00376587 0.00443382 0.00519028 0.00604118 0.00699185 0.00804683 0.00920965 0.0104827 0.011867 0.0133621 0.0149657 0.016674 0.018481 0.0203792 0.0223587 0.0244082 0.0265141 0.0286615 0.0308338 0.0330132 0.0351807 0.0373166 0.0394007 0.0414124 0.0433315 0.0451379 0.0468127 0.0483377 0.0496963 0.0508733 0.0518555 0.052632 0.0531938 0.0535345 0.0536504 0.05354 0.0532047 0.0526484 0.0518776 0.0509009 0.0497296 0.0483767 0.0468575 0.0451884 0.0433877 0.0414744 0.0394683 0.0373897 0.035259 0.0330965 0.0309218 0.0287537 0.02661 0.0245073 0.0224605 0.0204829 0.018586 0.0167795 0.015071 0.0134665 0.0119698 0.0105831 0.00930705 0.00814064 0.00708157 0.00612635 0.00527053 0.00450888 0.00383555 0.0032443 0.00272864 0.00228197 0.00189777 0.00156969 0.00129165 0.00105794 0.000863269 0.000702842 0.000572376 0.000468131 0.000386932 0.000326171 0.000283812 0.000258437 
0.000306509 0.000314447 0.000341892 0.000389907 0.000460198 0.000555167 0.00067791 0.000832212 0.00102253 0.00125399 0.00153231 0.00186382 0.00225532 0.00271408 0.00324764 0.00386377 0.00457026 0.00537477 0.00628465 0.00730673 0.00844707 0.00971079 0.0111018 0.0126226 0.014274 0.0160551 0.017963 0.0199927 0.022137 0.0243864 0.0267294 0.029152 0.0316384 0.0341709 0.0367297 0.0392941 0.0418419 0.0443499 0.0467947 0.0491525 0.0513998 0.0535135 0.0554718 0.0572537 0.0588401 0.0602137 0.0613595 0.0622647 0.0629193 0.0633159 0.0634502 0.0633207 0.0629289 0.0622792 0.061379 0.0602384 0.05887 0.057289 0.0555127 0.0535602 0.0514522 0.0492108 0.0468589 0.04442 0.0419178 0.0393757 0.0368167 0.0342629 0.0317351 0.0292529 0.0268338 0.0244937 0.0222465 0.0201036 0.0180745 0.0161664 0.0143842 0.012731 0.0112076 0.00981335 0.0085457 0.00740086 0.00637381 0.00545856 0.00464841 0.00393609 0.00331403 0.00277452 0.00230989 0.00191263 0.00157557 0.00129191 0.00105537 0.000860241 0.000701397 0.000574371 0.000475356 0.000401228 0.000349543 0.000318597 
0.000376349 0.000386104 0.000419608 0.000478135 0.000563729 0.000679269 0.000828455 0.00101581 0.00124664 0.00152704 0.00186382 0.00226445 0.002737 0.00328999 0.00393232 0.00467305 0.00552128 0.00648588 0.00757533 0.00879744 0.0101591 0.011666 0.0133223 0.0151308 0.0170919 0.0192041 0.0214637 0.0238643 0.0263971 0.0290506 0.0318109 0.0346615 0.0375836 0.0405563 0.0435565 0.0465599 0.0495405 0.0524717 0.0553262 0.0580766 0.0606959 0.0631575 0.0654363 0.0675086 0.0693523 0.0709478 0.0722779 0.0733282 0.0740873 0.0745469 0.074702 0.0745508 0.0740952 0.0733402 0.0722941 0.0709684 0.0693776 0.0675388 0.0654718 0.0631985 0.0607426 0.0581293 0.0553851 0.0525369 0.049612 0.0466377 0.0436405 0.0406462 0.0376792 0.0347623 0.0319164 0.02916 0.0265098 0.0239795 0.0215805 0.0193216 0.0172092 0.015247 0.0134365 0.0117773 0.0102668 0.00890083 0.00767379 0.0065789 0.00560846 0.00475411 0.00400706 0.00335832 0.00279893 0.00232006 0.00191327 0.00157053 0.00128442 0.00104814 0.000855617 0.000701527 0.000581333 0.000491304 0.000428522 0.000390952 
0.000459703 0.000471624 0.000512307 0.000583271 0.000686958 0.000826791 0.00100717 0.00123347 0.00151199 0.00184992 0.00225532 0.002737 0.00330441 0.00396756 0.00473683 0.00562277 0.00663591 0.00778649 0.00908421 0.0105379 0.0121554 0.013943 0.0159051 0.0180444 0.0203612 0.022853 0.0255151 0.0283395 0.0313154 0.0344291 0.0376639 0.0410004 0.0444163 0.047887 0.0513859 0.0548845 0.0583528 0.0617601 0.0650749 0.0682659 0.071302 0.0741532 0.0767906 0.0791871 0.0813181 0.0831612 0.0846969 0.0859089 0.0867844 0.087314 0.0874921 0.0873168 0.08679 0.0859175 0.0847087 0.0831765 0.0813374 0.0792106 0.0768187 0.0741865 0.0713409 0.0683107 0.065126 0.0618178 0.0584174 0.054956 0.0514644 0.0479725 0.0445084 0.0410989 0.0377684 0.0345388 0.0314296 0.0284574 0.0256359 0.0229757 0.0204846 0.0181677 0.0160271 0.0140628 0.0122721 0.0106507 0.00919217 0.00788906 0.00673255 0.00571306 0.00482047 0.00404437 0.00337431 0.00280001 0.00231155 0.00189955 0.00155522 0.00127058 0.00103843 0.000852458 0.000707298 0.000598514 0.000522641 0.000477259 
0.000558428 0.00057291 0.000622031 0.000707599 0.000832503 0.0010008 0.0012177 0.00148953 0.00182373 0.00222876 0.00271408 0.00328999 0.00396756 0.00475844 0.00567466 0.00672843 0.00793186 0.00929669 0.0108339 0.0125536 0.0144644 0.016573 0.0188845 0.0214011 0.0241227 0.0270459 0.0301645 0.0334687 0.0369456 0.0405786 0.0443479 0.0482307 0.0522009 0.0562299 0.0602868 0.0643386 0.0683509 0.0722885 0.0761154 0.0797957 0.0832943 0.086577 0.0896113 0.0923665 0.0948149 0.0969312 0.0986936 0.100084 0.101088 0.101694 0.101898 0.101696 0.101091 0.100088 0.0987 0.0969399 0.0948264 0.0923814 0.08963 0.0866003 0.0833228 0.0798299 0.0761559 0.0723359 0.0684056 0.0644009 0.0603569 0.056308 0.0522868 0.0483243 0.0444488 0.0406861 0.0370592 0.0335875 0.0302875 0.0271721 0.024251 0.0215304 0.0190136 0.0167008 0.0145897 0.0126755 0.0109514 0.00940895 0.00803822 0.00682831 0.00576764 0.00484421 0.00404596 0.00336095 0.00277763 0.00228504 0.00187292 0.00153188 0.00125345 0.00103023 0.000855875 0.000725143 0.000633947 0.000579422 
0.00067451 0.000691994 0.000750963 0.000853547 0.00100315 0.00120455 0.00146387 0.00178854 0.00218727 0.00266996 0.00324764 0.00393232 0.00473683 0.00567466 0.00675969 0.00800594 0.00942725 0.011037 0.0128475 0.0148702 0.0171143 0.0195875 0.0222947 0.0252381 0.0284166 0.031826 0.0354581 0.0393011 0.0433393 0.0475531 0.0519193 0.056411 0.0609979 0.0656469 0.0703224 0.0749866 0.0796002 0.0841228 0.0885137 0.0927325 0.0967392 0.100495 0.103965 0.107113 0.109908 0.112323 0.114333 0.115918 0.117062 0.117752 0.117983 0.117752 0.117061 0.115917 0.114333 0.112324 0.10991 0.107117 0.103972 0.100506 0.0967546 0.0927533 0.0885408 0.0841568 0.0796419 0.0750365 0.070381 0.0657144 0.0610744 0.0564965 0.0520136 0.0476558 0.0434496 0.0394183 0.0355812 0.0319539 0.0285482 0.025372 0.0224297 0.0197223 0.0172476 0.0150007 0.0129743 0.0111588 0.0095434 0.00811562 0.00686232 0.0057698 0.00482418 0.00401171 0.00331903 0.0027334 0.0022429 0.00183657 0.00150453 0.00123811 0.00102985 0.000873624 0.000764622 0.00069948 
0.000810039 0.00083102 0.000901396 0.00102366 0.00120182 0.00144144 0.00174968 0.00213522 0.00260819 0.00318011 0.00386377 0.00467305 0.00562277 0.00672843 0.00800594 0.00947128 0.0111402 0.0130277 0.0151478 0.0175129 0.0201333 0.023017 0.0261691 0.0295913 0.0332817 0.0372344 0.0414394 0.0458824 0.0505445 0.0554026 0.0604296 0.0655941 0.0708613 0.076193 0.0815483 0.0868843 0.0921562 0.0973184 0.102325 0.107131 0.11169 0.115961 0.119902 0.123476 0.126648 0.129386 0.131663 0.133458 0.134753 0.135535 0.135795 0.135532 0.134749 0.133452 0.131655 0.129377 0.126638 0.123468 0.119896 0.115957 0.11169 0.107135 0.102336 0.0973358 0.0921814 0.0869182 0.0815916 0.0762462 0.0709249 0.0656681 0.060514 0.0554971 0.0506484 0.0459951 0.0415599 0.0373616 0.0334143 0.029728 0.0263085 0.0231575 0.0202735 0.0176514 0.0152833 0.0131589 0.011266 0.00959081 0.00811839 0.00683321 0.00571942 0.00476128 0.00394343 0.00325117 0.00267071 0.00218936 0.00179564 0.00147946 0.00123213 0.0010465 0.00091696 0.000839573 
0.000967181 0.000992204 0.0010757 0.00122058 0.00143149 0.00171494 0.00207921 0.00253437 0.00309215 0.00376587 0.00457026 0.00552128 0.00663591 0.00793186 0.00942725 0.0111402 0.0130884 0.0152888 0.0177568 0.0205061 0.0235479 0.0268905 0.030539 0.0344943 0.0387535 0.0433089 0.0481481 0.0532537 0.0586037 0.0641708 0.0699233 0.0758252 0.0818364 0.0879132 0.0940093 0.100076 0.106062 0.111918 0.11759 0.123029 0.128185 0.13301 0.137459 0.14149 0.145065 0.148149 0.150714 0.152734 0.15419 0.155068 0.15536 0.155063 0.154181 0.15272 0.150697 0.148129 0.145043 0.141467 0.137436 0.132989 0.128166 0.123014 0.117581 0.111915 0.106067 0.10009 0.0940336 0.0879484 0.0818831 0.0758839 0.0699941 0.0642534 0.0586978 0.0533587 0.048263 0.0434326 0.0388847 0.0346316 0.0306807 0.0270351 0.0236937 0.0206514 0.0179002 0.0154287 0.0132236 0.0112694 0.00954953 0.00804641 0.0067421 0.00561866 0.00465855 0.00384494 0.00316197 0.00259502 0.00213084 0.00175775 0.0014657 0.0012464 0.00109333 0.00100192 
0.00114814 0.0011778 0.00127628 0.00144696 0.00169521 0.00202853 0.00245652 0.00299077 0.00364478 0.00443382 0.00537477 0.00648588 0.00778649 0.00929669 0.011037 0.0130277 0.0152888 0.0178389 0.0206952 0.0238724 0.0273827 0.0312345 0.0354326 0.0399771 0.0448637 0.0500824 0.0556181 0.0614502 0.0675525 0.0738934 0.0804363 0.0871396 0.0939577 0.100841 0.107737 0.114591 0.121347 0.127946 0.134333 0.14045 0.146243 0.151659 0.156648 0.161166 0.165169 0.168621 0.171489 0.173748 0.175375 0.176356 0.176681 0.176349 0.175361 0.173727 0.171462 0.168589 0.165133 0.161126 0.156607 0.151618 0.146203 0.140413 0.1343 0.12792 0.121328 0.114582 0.107739 0.100854 0.0939836 0.0871789 0.0804893 0.0739602 0.067633 0.0615438 0.055724 0.0501994 0.0449906 0.0401124 0.0355744 0.0313812 0.0275324 0.0240233 0.0208454 0.0179867 0.0154327 0.0131662 0.0111689 0.00942099 0.00790233 0.00659263 0.00547199 0.00452122 0.00372224 0.00305828 0.00251416 0.00207644 0.00173357 0.00147598 0.00129613 0.00118877 
0.00135511 0.00139005 0.00150553 0.00170543 0.00199594 0.00238567 0.00288562 0.00350909 0.00427149 0.00519028 0.00628465 0.00757533 0.00908421 0.0108339 0.0128475 0.0151478 0.0177568 0.0206952 0.0239816 0.0276321 0.0316593 0.036072 0.0408743 0.0460652 0.0516385 0.0575817 0.0638767 0.0704988 0.0774176 0.0845965 0.0919933 0.0995608 0.107247 0.114996 0.122749 0.130445 0.138021 0.145413 0.152558 0.159394 0.165861 0.171901 0.177462 0.182491 0.186945 0.190784 0.193971 0.19648 0.198286 0.199375 0.199735 0.199365 0.198266 0.19645 0.193933 0.190738 0.186893 0.182434 0.1774 0.171838 0.165797 0.159332 0.152499 0.145359 0.137975 0.130409 0.122724 0.114983 0.107248 0.0995764 0.0920244 0.0846434 0.0774804 0.0705772 0.0639698 0.0576887 0.0517579 0.0461955 0.0410136 0.0362185 0.031811 0.0277868 0.0241373 0.0208498 0.0179086 0.0152951 0.0129887 0.0109678 0.00920966 0.00769154 0.00639097 0.00528627 0.00435688 0.00358375 0.00294956 0.00243896 0.00203871 0.00173785 0.00152775 0.00140237 
0.00159023 0.00163116 0.00176578 0.00199856 0.00233656 0.00278963 0.00337031 0.00409373 0.00497743 0.00604118 0.00730673 0.00879744 0.0105379 0.0125536 0.0148702 0.0175129 0.0205061 0.0238724 0.0276321 0.0318022 0.036396 0.0414219 0.0468835 0.0527783 0.0590977 0.0658265 0.0729428 0.0804177 0.0882157 0.0962949 0.104607 0.113099 0.121711 0.130382 0.139045 0.147633 0.156076 0.164304 0.172247 0.179839 0.187013 0.193708 0.199864 0.205429 0.210353 0.214593 0.218112 0.220881 0.222873 0.224073 0.22447 0.22406 0.222848 0.220843 0.218063 0.214533 0.210283 0.205351 0.199781 0.19362 0.186924 0.179749 0.17216 0.164221 0.156 0.147566 0.138989 0.130339 0.121683 0.113086 0.104612 0.0963177 0.0882567 0.0804767 0.0730192 0.0659196 0.059206 0.0529004 0.0470174 0.0415656 0.0365472 0.0319587 0.0277915 0.0240325 0.0206647 0.017668 0.0150201 0.0126967 0.0106728 0.00892305 0.00742221 0.0061459 0.00507095 0.0041758 0.00344081 0.00284854 0.00238395 0.00203455 0.00179049 0.0016449 
0.00185553 0.00190317 0.00205922 0.00232874 0.00271976 0.00324347 0.00391409 0.00474873 0.00576722 0.00699185 0.00844707 0.0101591 0.0121554 0.0144644 0.0171143 0.0201333 0.0235479 0.0273827 0.0316593 0.036396 0.0416061 0.0472979 0.0534737 0.0601293 0.0672535 0.0748277 0.0828258 0.0912141 0.0999517 0.108991 0.118276 0.127748 0.137341 0.146985 0.156607 0.166132 0.175484 0.184586 0.193363 0.201741 0.20965 0.217022 0.223796 0.229913 0.235322 0.239976 0.243838 0.246873 0.249057 0.250372 0.250806 0.250355 0.249025 0.246826 0.243776 0.239901 0.235235 0.229815 0.22369 0.216909 0.209532 0.201621 0.193244 0.18447 0.175374 0.166031 0.156517 0.146908 0.137279 0.127704 0.118251 0.108985 0.0999665 0.0912495 0.0828815 0.0749029 0.0673471 0.0602397 0.0535989 0.0474358 0.0417543 0.036552 0.0318206 0.0275466 0.023712 0.0202953 0.0172722 0.0146161 0.0122994 0.0102939 0.00857167 0.00710536 0.00586901 0.00483837 0.00399134 0.00330821 0.00277197 0.00236846 0.00208655 0.00191842 
0.00215286 0.002208 0.00238785 0.00269814 0.00314796 0.00374992 0.00452005 0.00547761 0.00664488 0.00804683 0.00971079 0.011666 0.013943 0.016573 0.0195875 0.023017 0.0268905 0.0312345 0.036072 0.0414219 0.0472979 0.0537074 0.0606515 0.0681237 0.0761096 0.0845868 0.0935245 0.102884 0.112618 0.122672 0.132985 0.143488 0.15411 0.164773 0.175396 0.185897 0.196193 0.206201 0.21584 0.22503 0.233695 0.241764 0.24917 0.255852 0.261756 0.266833 0.271043 0.27435 0.276729 0.27816 0.278631 0.27814 0.276691 0.274294 0.270969 0.266743 0.261651 0.255733 0.249039 0.241624 0.233548 0.224879 0.215688 0.206051 0.196047 0.185759 0.175268 0.164658 0.154012 0.143408 0.132925 0.122634 0.112602 0.102891 0.0935553 0.0846401 0.0761845 0.0682187 0.0607647 0.0538365 0.0474403 0.041575 0.0362329 0.0314004 0.0270586 0.0231847 0.0197523 0.0167327 0.0140955 0.0118097 0.00984432 0.00816906 0.00675496 0.00557493 0.00460418 0.00382062 0.00320512 0.00274173 0.0024179 0.00222482 
0.00248383 0.00254727 0.00275339 0.00310862 0.00362319 0.00431124 0.00519073 0.00628323 0.00761359 0.00920965 0.0111018 0.0133223 0.0159051 0.0188845 0.0222947 0.0261691 0.030539 0.0354326 0.0408743 0.0468835 0.0534737 0.0606515 0.0684161 0.0767582 0.08566 0.0950947 0.105026 0.11541 0.126193 0.137312 0.1487 0.160281 0.171974 0.183694 0.195354 0.206863 0.218132 0.229071 0.239592 0.249611 0.259047 0.267824 0.275872 0.283127 0.289532 0.295036 0.299596 0.303177 0.305751 0.307299 0.307809 0.307277 0.305707 0.303111 0.299509 0.29493 0.289408 0.282987 0.275718 0.267657 0.258871 0.249428 0.239406 0.228884 0.217948 0.206686 0.195186 0.18354 0.171835 0.160161 0.148602 0.137237 0.126143 0.115386 0.105028 0.0951221 0.0857124 0.0768341 0.0685136 0.0607684 0.0536073 0.0470309 0.0410325 0.0355984 0.0307093 0.026341 0.0224653 0.0190511 0.0160655 0.0134745 0.011244 0.00934045 0.00773191 0.00638823 0.00528183 0.00438801 0.00368541 0.00315618 0.00278625 0.00256573 
0.00284974 0.00292231 0.00315722 0.00356166 0.00414704 0.00492916 0.00592804 0.00716764 0.00867559 0.0104827 0.0126226 0.0151308 0.0180444 0.0214011 0.0252381 0.0295913 0.0344943 0.0399771 0.0460652 0.0527783 0.0601293 0.0681237 0.0767582 0.0860206 0.0958889 0.106331 0.117307 0.128763 0.14064 0.15287 0.165374 0.17807 0.190869 0.203679 0.216403 0.228944 0.241206 0.253092 0.264508 0.275366 0.28558 0.295071 0.303764 0.311593 0.318498 0.324428 0.329338 0.333191 0.335961 0.337625 0.338173 0.3376 0.335911 0.333117 0.32924 0.324308 0.318357 0.311432 0.303586 0.294877 0.285375 0.275151 0.264287 0.252868 0.240983 0.228726 0.216193 0.203482 0.190688 0.177908 0.165234 0.152755 0.140552 0.128703 0.117275 0.106329 0.0959148 0.0860736 0.0768365 0.068225 0.060251 0.0529172 0.0462182 0.0401407 0.034665 0.0297657 0.0254131 0.0215737 0.0182119 0.0152907 0.0127729 0.0106218 0.00880199 0.00728027 0.00602609 0.00501205 0.00421439 0.00361325 0.00319295 0.00294245 
0.00325152 0.00333407 0.00360031 0.00405825 0.00472056 0.00560478 0.00673308 0.00813198 0.00983197 0.011867 0.014274 0.0170919 0.0203612 0.0241227 0.0284166 0.0332817 0.0387535 0.0448637 0.0516385 0.0590977 0.0672535 0.0761096 0.08566 0.0958889 0.10677 0.118265 0.130328 0.142899 0.155911 0.169287 0.182942 0.196784 0.210716 0.224638 0.238445 0.252033 0.265299 0.27814 0.290457 0.302156 0.313148 0.323349 0.332683 0.341081 0.348481 0.354832 0.360086 0.364208 0.367169 0.368948 0.369533 0.36892 0.367114 0.364126 0.359977 0.354697 0.348323 0.3409 0.332481 0.323129 0.312913 0.301909 0.290201 0.277879 0.265036 0.251773 0.238192 0.224396 0.21049 0.196577 0.182758 0.169129 0.155782 0.1428 0.13026 0.118229 0.106765 0.0959153 0.0857155 0.076192 0.0673601 0.0592252 0.0517835 0.0450225 0.0389224 0.0334569 0.0285946 0.0243 0.0205347 0.0172589 0.014432 0.012014 0.00996619 0.00825208 0.00683801 0.00569377 0.00479306 0.00411391 0.00363894 0.00335593 
0.00368966 0.00378302 0.00408313 0.00459884 0.00534415 0.00633842 0.00760607 0.0091763 0.0110826 0.0133621 0.0160551 0.0192041 0.022853 0.0270459 0.031826 0.0372344 0.0433089 0.0500824 0.0575817 0.0658265 0.0748277 0.0845868 0.0950947 0.106331 0.118265 0.130853 0.144041 0.157762 0.171941 0.186493 0.201324 0.216333 0.231416 0.246463 0.261363 0.276005 0.290277 0.304072 0.317285 0.329819 0.341579 0.352481 0.362445 0.371401 0.379286 0.386047 0.391637 0.39602 0.399167 0.401057 0.401679 0.401027 0.399107 0.395931 0.391519 0.3859 0.379113 0.371202 0.362223 0.352238 0.341318 0.329541 0.316996 0.303774 0.289975 0.275703 0.261067 0.246177 0.231144 0.21608 0.201093 0.186289 0.171767 0.15762 0.143933 0.13078 0.118227 0.106328 0.095124 0.0846469 0.0749159 0.0659396 0.0577161 0.050234 0.0434738 0.0374085 0.0320053 0.0272266 0.0230316 0.0193773 0.0162201 0.0135164 0.0112242 0.00930363 0.00771775 0.00643342 0.00542177 0.00465857 0.00412468 0.00380662 
0.00416412 0.00426913 0.00460559 0.00518326 0.0060175 0.00712958 0.00854626 0.0102995 0.0124258 0.0149657 0.017963 0.0214637 0.0255151 0.0301645 0.0354581 0.0414394 0.0481481 0.0556181 0.0638767 0.0729428 0.0828258 0.0935245 0.105026 0.117307 0.130328 0.144041 0.158383 0.173282 0.188652 0.2044 0.220424 0.236613 0.252855 0.269033 0.285026 0.300716 0.315988 0.330726 0.344823 0.358177 0.37069 0.382275 0.392851 0.402348 0.410701 0.417857 0.423771 0.428404 0.431729 0.433726 0.434383 0.433694 0.431666 0.428309 0.423644 0.4177 0.410515 0.402133 0.39261 0.382009 0.370403 0.357871 0.344502 0.330394 0.315648 0.300375 0.284687 0.268701 0.252537 0.236313 0.220145 0.204149 0.188432 0.173095 0.158233 0.143928 0.130253 0.117269 0.105026 0.0935591 0.0828926 0.0730386 0.0639977 0.0557601 0.0483068 0.0416104 0.035637 0.0303471 0.0256974 0.0216421 0.0181342 0.0151269 0.0125745 0.0104337 0.00866445 0.00723046 0.00610016 0.00524702 0.00465006 0.00429449 
0.00467433 0.00479179 0.00516701 0.00581064 0.00673953 0.00797684 0.00955178 0.0114991 0.0138585 0.016674 0.0199927 0.0238643 0.0283395 0.0334687 0.0393011 0.0458824 0.0532537 0.0614502 0.0704988 0.0804177 0.0912141 0.102884 0.11541 0.128763 0.142899 0.157762 0.173282 0.189377 0.205954 0.222909 0.240133 0.257506 0.274906 0.292207 0.309284 0.326011 0.342265 0.357928 0.372887 0.387037 0.400278 0.412522 0.423687 0.433701 0.442501 0.450033 0.456253 0.461124 0.464618 0.466716 0.467405 0.466683 0.464552 0.461024 0.45612 0.449868 0.442304 0.433473 0.42343 0.412238 0.399969 0.386706 0.372537 0.357563 0.34189 0.32563 0.308903 0.291832 0.274541 0.257157 0.239806 0.222609 0.205685 0.189143 0.173086 0.157606 0.142785 0.12869 0.115377 0.10289 0.0912566 0.0804933 0.0706038 0.0615801 0.053404 0.0460483 0.0394779 0.0336517 0.0285242 0.0240468 0.0201692 0.0168412 0.0140137 0.0116399 0.00967621 0.00808341 0.00682708 0.00587837 0.00521435 0.00481889 
0.00521907 0.00534975 0.00576599 0.0064794 0.00750827 0.0088778 0.0106196 0.0127715 0.0153761 0.018481 0.022137 0.0263971 0.0313154 0.0369456 0.0433393 0.0505445 0.0586037 0.0675525 0.0774176 0.0882157 0.0999517 0.112618 0.126193 0.14064 0.155911 0.171941 0.188652 0.205954 0.223743 0.241909 0.26033 0.278879 0.297427 0.315838 0.333979 0.35172 0.368931 0.385491 0.401282 0.416197 0.430135 0.443007 0.454729 0.465232 0.474453 0.482338 0.488845 0.493937 0.497589 0.499781 0.500501 0.499746 0.49752 0.493835 0.488708 0.482167 0.474248 0.464995 0.45446 0.442707 0.429808 0.415844 0.400907 0.385097 0.368523 0.351303 0.333559 0.315419 0.297017 0.278484 0.259955 0.24156 0.223425 0.205671 0.188409 0.171741 0.155755 0.140528 0.126125 0.112593 0.0999672 0.0882686 0.077504 0.0676679 0.0587433 0.0507033 0.0435121 0.0371274 0.0315013 0.0265825 0.0223179 0.0186536 0.0155372 0.0129183 0.01075 0.0089898 0.00760057 0.00655097 0.00581615 0.00537858 
0.00579651 0.00594112 0.00640046 0.00718713 0.00832091 0.00982903 0.0117457 0.0141114 0.0169723 0.0203792 0.0243864 0.0290506 0.0344291 0.0405786 0.0475531 0.0554026 0.0641708 0.0738934 0.0845965 0.0962949 0.108991 0.122672 0.137312 0.15287 0.169287 0.186493 0.2044 0.222909 0.241909 0.261277 0.280884 0.300594 0.320268 0.339764 0.358942 0.377666 0.3958 0.41322 0.429806 0.445448 0.460045 0.473507 0.485752 0.49671 0.506321 0.514532 0.521303 0.526599 0.530395 0.532673 0.533422 0.532638 0.530326 0.526495 0.521164 0.514359 0.506112 0.496467 0.485474 0.473196 0.459704 0.445078 0.42941 0.412801 0.395363 0.377216 0.358485 0.339306 0.319815 0.300153 0.280461 0.260879 0.241542 0.222578 0.204109 0.186246 0.169087 0.152717 0.137207 0.122613 0.108977 0.0963225 0.0846619 0.073992 0.0642976 0.0555524 0.0477202 0.0407576 0.0346148 0.0292379 0.0245707 0.0205563 0.0171386 0.0142637 0.0118815 0.00994618 0.00841773 0.00726241 0.00645335 0.00597165 
0.00640411 0.00656329 0.00706761 0.00793065 0.00917371 0.0108261 0.0129244 0.0155123 0.018639 0.0223587 0.0267294 0.0318109 0.0376639 0.0443479 0.0519193 0.0604296 0.0699233 0.0804363 0.0919933 0.104607 0.118276 0.132985 0.1487 0.165374 0.182942 0.201324 0.220424 0.240133 0.26033 0.280884 0.301656 0.322501 0.343272 0.36382 0.383999 0.403665 0.422681 0.440918 0.458255 0.47458 0.489792 0.503801 0.516528 0.527904 0.537871 0.546379 0.553389 0.558868 0.562794 0.56515 0.565924 0.565115 0.562726 0.558766 0.553251 0.546205 0.537661 0.527659 0.516246 0.503484 0.48944 0.474196 0.457841 0.440479 0.42222 0.403186 0.383509 0.363325 0.342779 0.322017 0.301188 0.280439 0.259914 0.239753 0.220084 0.20103 0.182696 0.165178 0.148555 0.13289 0.118231 0.104607 0.0920356 0.080516 0.0700354 0.0605684 0.052079 0.0445226 0.037848 0.0319988 0.026916 0.0225395 0.0188098 0.0156696 0.0130653 0.010948 0.0092748 0.00800946 0.00712313 0.00659547 
0.00703866 0.00721297 0.00776388 0.00870594 0.010062 0.0118634 0.0141493 0.0169662 0.0203666 0.0244082 0.029152 0.0346615 0.0410004 0.0482307 0.056411 0.0655941 0.0758252 0.0871396 0.0995608 0.113099 0.127748 0.143488 0.160281 0.17807 0.196784 0.216333 0.236613 0.257506 0.278879 0.300594 0.322501 0.344448 0.366278 0.387837 0.408971 0.429533 0.449383 0.468387 0.486424 0.503382 0.51916 0.533671 0.546836 0.55859 0.568876 0.577648 0.58487 0.590512 0.594553 0.596976 0.597774 0.596943 0.594486 0.590412 0.584736 0.577478 0.568669 0.558346 0.546555 0.533352 0.518805 0.502991 0.485999 0.467932 0.448901 0.42903 0.408452 0.387309 0.365748 0.343923 0.32199 0.300103 0.278417 0.257078 0.236226 0.215992 0.196493 0.177831 0.160096 0.143357 0.127669 0.11307 0.0995781 0.0871987 0.0759207 0.0657202 0.0565616 0.0483996 0.0411815 0.0348489 0.02934 0.0245918 0.0205413 0.0171279 0.0142948 0.0119897 0.0101671 0.00878808 0.00782189 0.00724675 
0.00769627 0.00788616 0.00848495 0.00950818 0.0109802 0.0129344 0.0154125 0.0184638 0.0221441 0.0265141 0.0316384 0.0375836 0.0444163 0.0522009 0.0609979 0.0708613 0.0818364 0.0939577 0.107247 0.121711 0.137341 0.15411 0.171974 0.190869 0.210716 0.231416 0.252855 0.274906 0.297427 0.320268 0.343272 0.366278 0.389122 0.411643 0.433682 0.455088 0.475716 0.495433 0.514116 0.531653 0.547946 0.562907 0.576464 0.588552 0.599119 0.608123 0.615529 0.621311 0.62545 0.627932 0.62875 0.627901 0.625387 0.621215 0.6154 0.607959 0.598919 0.588314 0.576187 0.562591 0.54759 0.531259 0.513685 0.494968 0.47522 0.454566 0.43314 0.411087 0.388559 0.365716 0.34272 0.319734 0.296918 0.274431 0.252421 0.231028 0.210379 0.190587 0.171747 0.153941 0.137228 0.121652 0.107238 0.0939945 0.0819137 0.0709732 0.061138 0.0523626 0.0445931 0.0377693 0.0318268 0.0266996 0.0223218 0.0186293 0.015562 0.0130648 0.011089 0.00959343 0.00854533 0.00792148 
0.00837238 0.00857819 0.00922581 0.0103318 0.0119219 0.0140316 0.0167051 0.0199945 0.0239586 0.0286615 0.0341709 0.0405563 0.047887 0.0562299 0.0656469 0.076193 0.0879132 0.100841 0.114996 0.130382 0.146985 0.164773 0.183694 0.203679 0.224638 0.246463 0.269033 0.292207 0.315838 0.339764 0.36382 0.387837 0.411643 0.435072 0.457959 0.48015 0.501499 0.521869 0.541139 0.559199 0.575951 0.591313 0.605212 0.617591 0.628399 0.6376 0.645161 0.651061 0.655282 0.657814 0.658649 0.657785 0.655224 0.650972 0.645041 0.637445 0.628209 0.617363 0.604945 0.591005 0.575602 0.558808 0.540708 0.521399 0.500993 0.479614 0.457398 0.434491 0.411052 0.387242 0.363231 0.33919 0.315287 0.291688 0.268553 0.246029 0.224255 0.203352 0.183426 0.164565 0.146836 0.130291 0.114959 0.100854 0.087971 0.0762893 0.0657752 0.0563832 0.0480585 0.0407391 0.0343586 0.0288481 0.0241387 0.0201632 0.0168582 0.0141656 0.012034 0.0104199 0.0092884 0.00861497 
0.0090618 0.00928376 0.00998079 0.0111704 0.0128798 0.0151466 0.0180172 0.0215465 0.0257963 0.0308338 0.0367297 0.0435565 0.0513859 0.0602868 0.0703224 0.0815483 0.0940093 0.107737 0.122749 0.139045 0.156607 0.175396 0.195354 0.216403 0.238445 0.261363 0.285026 0.309284 0.333979 0.358942 0.383999 0.408971 0.433682 0.457959 0.481634 0.504549 0.526556 0.547519 0.567316 0.58584 0.602996 0.618705 0.632899 0.645523 0.656534 0.665897 0.673585 0.67958 0.683868 0.686439 0.687288 0.686413 0.683816 0.6795 0.673476 0.665755 0.656357 0.645309 0.632645 0.618409 0.602657 0.585457 0.566889 0.547049 0.526046 0.504004 0.481059 0.45736 0.433067 0.408348 0.383377 0.358331 0.333389 0.308723 0.284502 0.260885 0.238018 0.216033 0.195045 0.175149 0.156422 0.138922 0.122684 0.107726 0.0940464 0.0816279 0.0704377 0.0604306 0.0515509 0.0437356 0.0369159 0.0310207 0.025978 0.0217176 0.0181733 0.0152838 0.012995 0.0112611 0.0100454 0.00932191 
0.0097588 0.00999698 0.0107436 0.012017 0.0138461 0.01627 0.0193378 0.0231069 0.027642 0.0330132 0.0392941 0.0465599 0.0548845 0.0643386 0.0749866 0.0868843 0.100076 0.114591 0.130445 0.147633 0.166132 0.185897 0.206863 0.228944 0.252033 0.276005 0.300716 0.326011 0.35172 0.377666 0.403665 0.429533 0.455088 0.48015 0.504549 0.528124 0.550725 0.572218 0.592482 0.611411 0.628916 0.64492 0.65936 0.672186 0.683361 0.692853 0.700641 0.706709 0.711048 0.713649 0.714509 0.713627 0.711002 0.706639 0.700544 0.692726 0.683201 0.67199 0.659123 0.644641 0.628592 0.611041 0.592064 0.571754 0.550217 0.527575 0.503965 0.479537 0.454454 0.428886 0.403014 0.377021 0.351093 0.32541 0.300152 0.275484 0.251564 0.228533 0.206514 0.185612 0.165912 0.147477 0.130351 0.114555 0.100092 0.0869464 0.0750881 0.0644719 0.0550422 0.0467343 0.039478 0.0331996 0.0278246 0.02328 0.0194964 0.0164099 0.0139639 0.0121102 0.0108101 0.0100364 
0.0104571 0.0107115 0.0115074 0.0128642 0.014812 0.017392 0.0206553 0.0246621 0.0294796 0.0351807 0.0418419 0.0495405 0.0583528 0.0683509 0.0796002 0.0921562 0.106062 0.121347 0.138021 0.156076 0.175484 0.196193 0.218132 0.241206 0.265299 0.290277 0.315988 0.342265 0.368931 0.3958 0.422681 0.449383 0.475716 0.501499 0.526556 0.550725 0.573857 0.595817 0.616488 0.635765 0.653564 0.669812 0.684452 0.697439 0.70874 0.71833 0.726191 0.732312 0.736687 0.739309 0.740178 0.739291 0.736649 0.732254 0.726109 0.71822 0.708599 0.697263 0.684236 0.669553 0.653259 0.635412 0.616084 0.595364 0.573355 0.550178 0.525968 0.500877 0.475067 0.448716 0.422006 0.395127 0.368271 0.341628 0.315384 0.289716 0.264789 0.240754 0.217743 0.19587 0.175228 0.155888 0.137897 0.121285 0.106056 0.0922002 0.0796871 0.0684731 0.0585024 0.0497095 0.0420226 0.0353659 0.0296625 0.0248365 0.020816 0.0175343 0.0149322 0.0129594 0.0115756 0.0107521 
0.0111501 0.0114204 0.0122649 0.0137038 0.0157685 0.018502 0.0219576 0.0261976 0.0312922 0.0373166 0.0443499 0.0524717 0.0617601 0.0722885 0.0841228 0.0973184 0.111918 0.127946 0.145413 0.164304 0.184586 0.206201 0.229071 0.253092 0.27814 0.304072 0.330726 0.357928 0.385491 0.41322 0.440918 0.468387 0.495433 0.521869 0.547519 0.572218 0.595817 0.618184 0.639202 0.658773 0.676814 0.693258 0.708054 0.721163 0.732556 0.742213 0.750124 0.756279 0.760676 0.763312 0.764186 0.763298 0.760647 0.756233 0.750057 0.742123 0.732436 0.72101 0.707862 0.693023 0.676531 0.65844 0.638817 0.617746 0.595326 0.571677 0.546932 0.521243 0.494775 0.467705 0.440223 0.412522 0.384802 0.357259 0.330088 0.303474 0.277592 0.252602 0.228644 0.205842 0.184296 0.164084 0.145261 0.127859 0.11189 0.0973441 0.0841948 0.072399 0.061901 0.0526348 0.044527 0.0375001 0.0314748 0.0263729 0.0221197 0.0186462 0.0158908 0.0138009 0.0123346 0.0114621 
0.0118308 0.0121167 0.0130086 0.0145275 0.0167061 0.0195891 0.0232318 0.0276988 0.0330624 0.0394007 0.0467947 0.0553262 0.0650749 0.0761154 0.0885137 0.102325 0.11759 0.134333 0.152558 0.172247 0.193363 0.21584 0.239592 0.264508 0.290457 0.317285 0.344823 0.372887 0.401282 0.429806 0.458255 0.486424 0.514116 0.541139 0.567316 0.592482 0.616488 0.639202 0.660513 0.680324 0.698558 0.715155 0.730067 0.743261 0.754715 0.764414 0.772352 0.778524 0.782931 0.785573 0.786451 0.785564 0.782912 0.778492 0.772303 0.764344 0.754619 0.743133 0.729901 0.714946 0.698302 0.680016 0.660149 0.638782 0.616011 0.591951 0.566735 0.540513 0.513452 0.485731 0.457543 0.429087 0.400568 0.372189 0.344153 0.316654 0.289874 0.263982 0.23913 0.215446 0.19304 0.171997 0.152378 0.134221 0.117541 0.102332 0.0885706 0.0762139 0.0652068 0.0554828 0.0469676 0.0395819 0.0332443 0.0278744 0.0233951 0.0197349 0.0168301 0.0146263 0.0130797 0.0121594 
0.012492 0.0127929 0.0137306 0.0153267 0.0176152 0.0206423 0.0244651 0.0291504 0.0347728 0.0414124 0.0491525 0.0580766 0.0682659 0.0797957 0.0927325 0.107131 0.123029 0.14045 0.159394 0.179839 0.201741 0.22503 0.249611 0.275366 0.302156 0.329819 0.358177 0.387037 0.416197 0.445448 0.47458 0.503382 0.531653 0.559199 0.58584 0.611411 0.635765 0.658773 0.680324 0.700328 0.718712 0.73542 0.750412 0.76366 0.775148 0.784865 0.792811 0.798986 0.803392 0.806034 0.806913 0.80603 0.803382 0.798967 0.79278 0.784816 0.775075 0.763559 0.750275 0.73524 0.718483 0.700046 0.679985 0.658374 0.635307 0.610894 0.585268 0.558576 0.530987 0.502682 0.473856 0.444712 0.415461 0.386313 0.357478 0.329156 0.30154 0.274807 0.249115 0.224603 0.201387 0.179559 0.159187 0.140313 0.122959 0.10712 0.0927743 0.0798823 0.0683886 0.0582265 0.0493209 0.0415909 0.0349535 0.029326 0.0246291 0.0207893 0.0177407 0.0154269 0.0138029 0.0128366 
