9.75939e-29 4.26164e-29 1.28425e-28 6.52477e-28 3.31057e-27 1.63184e-26 7.80223e-26 3.61648e-25 1.62425e-24 7.06477e-24 2.97446e-23 1.21165e-22 4.7732e-22 1.81774e-21 6.68942e-21 2.37818e-20 8.16569e-20 2.70743e-19 8.66739e-19 2.67897e-18 7.99464e-18 2.30359e-17 6.40943e-17 1.72215e-16 4.46864e-16 1.11977e-15 2.70955e-15 6.33013e-15 1.42752e-14 3.10661e-14 6.52227e-14 1.32063e-13 2.57806e-13 4.85053e-13 8.7923e-13 1.53475e-12 2.57839e-12 4.16607e-12 6.46851e-12 9.64211e-12 1.37857e-11 1.88914e-11 2.48061e-11 3.12246e-11 3.7728e-11 4.38621e-11 4.92296e-11 5.35606e-11 5.67319e-11 5.87351e-11 5.9612e-11 5.93915e-11 5.80573e-11 5.55602e-11 5.18707e-11 4.70477e-11 4.12898e-11 3.49396e-11 2.84341e-11 2.22189e-11 1.66606e-11 1.19891e-11 8.28461e-12 5.50217e-12 3.51557e-12 2.16306e-12 1.28268e-12 7.33597e-13 4.04905e-13 2.15791e-13 1.11097e-13 5.52774e-14 2.65921e-14 1.23735e-14 5.57091e-15 2.42777e-15 1.02439e-15 4.18605e-16 1.65696e-16 6.35401e-17 2.36081e-17 8.4994e-18 2.96529e-18 1.00262e-18 3.28588e-19 1.04395e-19 3.21591e-20 9.60798e-21 2.78475e-21 7.83264e-22 2.13872e-22 5.67143e-23 1.46119e-23 3.65917e-24 8.91085e-25 2.11114e-25 4.86828e-26 1.09321e-26 2.39177e-27 5.11405e-28 
4.26164e-29 1.86735e-29 5.89999e-29 3.09288e-28 1.61582e-27 8.20411e-27 4.04265e-26 1.93219e-25 8.9525e-25 4.01898e-24 1.74717e-23 7.35149e-23 2.99242e-22 1.17781e-21 4.48075e-21 1.64694e-20 5.84681e-20 2.00426e-19 6.63272e-19 2.11869e-18 6.53189e-18 1.94348e-17 5.58055e-17 1.54636e-16 4.13483e-16 1.06677e-15 2.65508e-15 6.37356e-15 1.47523e-14 3.29132e-14 7.07563e-14 1.46519e-13 2.92151e-13 5.60733e-13 1.03556e-12 1.83937e-12 3.14048e-12 5.1505e-12 8.10676e-12 1.22337e-11 1.76823e-11 2.44589e-11 3.23657e-11 4.09869e-11 4.97403e-11 5.7991e-11 6.51871e-11 7.09614e-11 7.516e-11 7.77917e-11 7.89316e-11 7.86281e-11 7.6855e-11 7.35307e-11 6.85959e-11 6.21163e-11 5.4359e-11 4.58001e-11 3.70515e-11 2.87336e-11 2.13481e-11 1.51986e-11 1.0376e-11 6.79931e-12 4.28119e-12 2.59272e-12 1.51151e-12 8.48877e-13 4.5954e-13 2.39924e-13 1.20866e-13 5.87768e-14 2.76041e-14 1.25255e-14 5.4935e-15 2.32976e-15 9.55726e-16 3.79362e-16 1.45743e-16 5.42044e-17 1.95199e-17 6.80763e-18 2.29967e-18 7.52612e-19 2.38674e-19 7.33625e-20 2.18627e-20 6.31876e-21 1.77181e-21 4.82203e-22 1.27425e-22 3.27103e-23 8.16067e-24 1.97964e-24 4.67175e-25 1.07306e-25 2.40012e-26 5.23028e-27 1.11104e-27 2.30782e-28 
1.28425e-28 5.89999e-29 1.99046e-28 1.06312e-27 5.63497e-27 2.90076e-26 1.4484e-25 7.01084e-25 3.28781e-24 1.49298e-23 6.56098e-23 2.78879e-22 1.14596e-21 4.55002e-21 1.74482e-20 6.45963e-20 2.30796e-19 7.9559e-19 2.64542e-18 8.48358e-18 2.62364e-17 7.82448e-17 2.25027e-16 6.24086e-16 1.66912e-15 4.30474e-15 1.07049e-14 2.56638e-14 5.93018e-14 1.32041e-13 2.8321e-13 5.8498e-13 1.16325e-12 2.22626e-12 4.09927e-12 7.25937e-12 1.23577e-11 2.02088e-11 3.17215e-11 4.77487e-11 6.8855e-11 9.50425e-11 1.25527e-10 1.58689e-10 1.92275e-10 2.23847e-10 2.51299e-10 2.73253e-10 2.89154e-10 2.99069e-10 3.03308e-10 3.02062e-10 2.95224e-10 2.82464e-10 2.63534e-10 2.38673e-10 2.08898e-10 1.76038e-10 1.42444e-10 1.10503e-10 8.214e-11 5.8518e-11 3.99848e-11 2.62297e-11 1.65358e-11 1.00276e-11 5.85397e-12 3.29214e-12 1.7845e-12 9.32755e-13 4.70345e-13 2.28895e-13 1.07548e-13 4.88069e-14 2.1401e-14 9.07002e-15 3.7165e-15 1.47272e-15 5.64487e-16 2.09318e-16 7.50995e-17 2.60737e-17 8.76119e-18 2.84964e-18 8.97358e-19 2.7365e-19 8.08354e-20 2.3138e-20 6.41986e-21 1.72734e-21 4.50893e-22 1.14238e-22 2.8106e-23 6.71822e-24 1.56097e-24 3.52729e-25 7.75563e-26 1.66013e-26 3.4614e-27 7.05205e-28 
6.52477e-28 3.09288e-28 1.06312e-27 5.66732e-27 2.99459e-26 1.53657e-25 7.64677e-25 3.68854e-24 1.72357e-23 7.79737e-23 3.41321e-22 1.44487e-21 5.9117e-21 2.33662e-20 8.91764e-20 3.28482e-19 1.16738e-18 4.00147e-18 1.32262e-17 4.21489e-17 1.29491e-16 3.83521e-16 1.09507e-15 3.01457e-15 8.00125e-15 2.04761e-14 5.05216e-14 1.20172e-13 2.75517e-13 6.08716e-13 1.29565e-12 2.65615e-12 5.24307e-12 9.9626e-12 1.82175e-11 3.20467e-11 5.42081e-11 8.812e-11 1.37557e-10 2.06012e-10 2.9573e-10 4.06574e-10 5.35126e-10 6.74508e-10 8.15269e-10 9.47247e-10 1.06174e-09 1.15309e-09 1.21909e-09 1.26011e-09 1.27745e-09 1.27194e-09 1.24308e-09 1.18948e-09 1.11009e-09 1.00588e-09 8.81078e-10 7.43308e-10 6.02373e-10 4.68219e-10 3.489e-10 2.49304e-10 1.70944e-10 1.12586e-10 7.12918e-11 4.34415e-11 2.54919e-11 1.44144e-11 7.85791e-12 4.13157e-12 2.09601e-12 1.02637e-12 4.85294e-13 2.21643e-13 9.7813e-14 4.17218e-14 1.72054e-14 6.86096e-15 2.64602e-15 9.87051e-16 3.56178e-16 1.24342e-16 4.19994e-17 1.3728e-17 4.34303e-18 1.33017e-18 3.94522e-19 1.13354e-19 3.15623e-20 8.52015e-21 2.23086e-21 5.66825e-22 1.39828e-22 3.35066e-23 7.80335e-24 1.76715e-24 3.89343e-25 8.34996e-26 1.74409e-26 3.55956e-27 
3.31057e-27 1.61582e-27 5.63497e-27 2.99459e-26 1.576e-25 8.05362e-25 3.99121e-24 1.91704e-23 8.91884e-23 4.0168e-22 1.7502e-21 7.37359e-21 3.00199e-20 1.18044e-19 4.48094e-19 1.6413e-18 5.79865e-18 1.97537e-17 6.48697e-17 2.05323e-16 6.26324e-16 1.84129e-15 5.21707e-15 1.4248e-14 3.75096e-14 9.51977e-14 2.32924e-13 5.494e-13 1.2491e-12 2.73691e-12 5.77806e-12 1.17505e-11 2.30134e-11 4.3396e-11 7.87689e-11 1.37583e-10 2.3116e-10 3.73388e-10 5.79433e-10 8.63122e-10 1.23302e-09 1.68796e-09 2.2135e-09 2.78134e-09 3.35308e-09 3.88773e-09 4.35044e-09 4.71883e-09 4.98437e-09 5.1488e-09 5.2176e-09 5.19402e-09 5.07604e-09 4.85789e-09 4.53523e-09 4.11191e-09 3.60499e-09 3.04518e-09 2.47205e-09 1.92577e-09 1.43898e-09 1.03164e-09 7.10116e-10 4.69745e-10 2.98899e-10 1.83096e-10 1.08049e-10 6.14595e-11 3.3712e-11 1.78391e-11 9.10985e-12 4.49105e-12 2.13811e-12 9.83331e-13 4.37005e-13 1.87716e-13 7.79529e-14 3.13e-14 1.21529e-14 4.56325e-15 1.65711e-15 5.82023e-16 1.97736e-16 6.49906e-17 2.06689e-17 6.36201e-18 1.89589e-18 5.47177e-19 1.53008e-19 4.14725e-20 1.09012e-20 2.78018e-21 6.88301e-22 1.65508e-22 3.86749e-23 8.78698e-24 1.94215e-24 4.17818e-25 8.75389e-26 1.79216e-26 
1.63184e-26 8.20411e-27 2.90076e-26 1.53657e-25 8.05362e-25 4.09835e-24 2.02243e-23 9.67185e-23 4.47976e-22 2.00836e-21 8.70973e-21 3.6516e-20 1.47919e-19 5.78604e-19 2.18439e-18 7.95538e-18 2.79379e-17 9.45753e-17 3.08529e-16 9.69776e-16 2.93674e-15 8.56794e-15 2.40844e-14 6.5237e-14 1.703e-13 4.28504e-13 1.03933e-12 2.43005e-12 5.47673e-12 1.18963e-11 2.49008e-11 5.0215e-11 9.75399e-11 1.82461e-10 3.28629e-10 5.69742e-10 9.50472e-10 1.52504e-09 2.35194e-09 3.48359e-09 4.95117e-09 6.74753e-09 8.81397e-09 1.10387e-08 1.32716e-08 1.5354e-08 1.71517e-08 1.85797e-08 1.96065e-08 2.02401e-08 2.05023e-08 2.04056e-08 1.9942e-08 1.90885e-08 1.78279e-08 1.61748e-08 1.41951e-08 1.20078e-08 9.76629e-09 7.62665e-09 5.71596e-09 4.11263e-09 2.8427e-09 1.88932e-09 1.20843e-09 7.44413e-10 4.4193e-10 2.52963e-10 1.39669e-10 7.44102e-11 3.82644e-11 1.89987e-11 9.11071e-12 4.2209e-12 1.8897e-12 8.17722e-13 3.42064e-13 1.38336e-13 5.40899e-14 2.04483e-14 7.47426e-15 2.64163e-15 9.02825e-16 2.98417e-16 9.54155e-17 2.9519e-17 8.83917e-18 2.56278e-18 7.19756e-19 1.959e-19 5.16977e-20 1.3235e-20 3.28868e-21 7.93603e-22 1.86083e-22 4.24202e-23 9.40668e-24 2.03018e-24 4.26696e-25 8.76371e-26 
7.80223e-26 4.04265e-26 1.4484e-25 7.64677e-25 3.99121e-24 2.02243e-23 9.93694e-23 4.73116e-22 2.18146e-21 9.73455e-21 4.20147e-20 1.75281e-19 7.06397e-19 2.74848e-18 1.03188e-17 3.73622e-17 1.30412e-16 4.38648e-16 1.42136e-15 4.43607e-15 1.33338e-14 3.85984e-14 1.07618e-13 2.89043e-13 7.47976e-13 1.86527e-12 4.48324e-12 1.03867e-11 2.31957e-11 4.99284e-11 1.03573e-10 2.07028e-10 3.98681e-10 7.39533e-10 1.32115e-09 2.27258e-09 3.76299e-09 5.99535e-09 9.18571e-09 1.35241e-08 1.91182e-08 2.59309e-08 3.37333e-08 4.21012e-08 5.04723e-08 5.82563e-08 6.49591e-08 7.02706e-08 7.40806e-08 7.64228e-08 7.7381e-08 7.70018e-08 7.52537e-08 7.20495e-08 6.7323e-08 6.11272e-08 5.37064e-08 4.55025e-08 3.7086e-08 2.90382e-08 2.18347e-08 1.57712e-08 1.09503e-08 7.31464e-09 4.70458e-09 2.91551e-09 1.74188e-09 1.00375e-09 5.58072e-10 2.99462e-10 1.55134e-10 7.76078e-11 3.7502e-11 1.7509e-11 7.89979e-12 3.44493e-12 1.45209e-12 5.91657e-13 2.33026e-13 8.87137e-14 3.26454e-14 1.1612e-14 3.99286e-15 1.32742e-15 4.26751e-16 1.32709e-16 3.99331e-17 1.16318e-17 3.28121e-18 8.96828e-19 2.37626e-19 6.10696e-20 1.52315e-20 3.68883e-21 8.67986e-22 1.98545e-22 4.41743e-23 9.56505e-24 2.01683e-24 4.15588e-25 
3.61648e-25 1.93219e-25 7.01084e-25 3.68854e-24 1.91704e-23 9.67185e-23 4.73116e-22 2.24245e-21 1.0292e-20 4.57099e-20 1.96327e-19 8.14942e-19 3.26722e-18 1.26435e-17 4.72007e-17 1.69897e-16 5.89349e-16 1.96942e-15 6.33783e-15 1.96376e-14 5.85775e-14 1.68216e-13 4.65091e-13 1.23829e-12 3.17555e-12 7.84579e-12 1.868e-11 4.28656e-11 9.48144e-11 2.0215e-10 4.15407e-10 8.22674e-10 1.56992e-09 2.88644e-09 5.11247e-09 8.72187e-09 1.43285e-08 2.26597e-08 3.44783e-08 5.04412e-08 7.08998e-08 9.56814e-08 1.2393e-07 1.54104e-07 1.84185e-07 2.1207e-07 2.36019e-07 2.54949e-07 2.68493e-07 2.76788e-07 2.80142e-07 2.7872e-07 2.72405e-07 2.60878e-07 2.43897e-07 2.21644e-07 1.94985e-07 1.6549e-07 1.3519e-07 1.06163e-07 8.01119e-08 5.81095e-08 4.05426e-08 2.72292e-08 1.76176e-08 1.0988e-08 6.60955e-09 3.83592e-09 2.14853e-09 1.16172e-09 6.06541e-10 3.05858e-10 1.48997e-10 7.01331e-11 3.1902e-11 1.40248e-11 5.95899e-12 2.44696e-12 9.71031e-13 3.72359e-13 1.37974e-13 4.94012e-14 1.70929e-14 5.71606e-15 1.84788e-15 5.7767e-16 1.74691e-16 5.11244e-17 1.44864e-17 3.97641e-18 1.05792e-18 2.72955e-19 6.83368e-20 1.6611e-20 3.92257e-21 9.00384e-22 2.0101e-22 4.36702e-23 9.23839e-24 1.91008e-24 
1.62425e-24 8.9525e-25 3.28781e-24 1.72357e-23 8.91884e-23 4.47976e-22 2.18146e-21 1.0292e-20 4.70135e-20 2.07795e-19 8.88061e-19 3.66742e-18 1.46252e-17 5.62853e-17 2.08917e-16 7.4747e-16 2.57654e-15 8.55287e-15 2.7332e-14 8.40633e-14 2.48806e-13 7.08647e-13 1.94248e-12 5.12537e-12 1.30214e-11 3.18631e-11 7.5118e-11 1.70662e-10 3.73716e-10 7.88846e-10 1.60504e-09 3.14775e-09 5.94968e-09 1.08375e-08 1.90225e-08 3.21709e-08 5.24133e-08 8.22397e-08 1.2422e-07 1.80515e-07 2.522e-07 3.38537e-07 4.36465e-07 5.40617e-07 6.44063e-07 7.39657e-07 8.21523e-07 8.86069e-07 9.32126e-07 9.60227e-07 9.71449e-07 9.66358e-07 9.44536e-07 9.0487e-07 8.46502e-07 7.70028e-07 6.78375e-07 5.7688e-07 4.72461e-07 3.72206e-07 2.81966e-07 2.05463e-07 1.44102e-07 9.7349e-08 6.33888e-08 3.9807e-08 2.41189e-08 1.41041e-08 7.96219e-09 4.3402e-09 2.2849e-09 1.16196e-09 5.70905e-10 2.71045e-10 1.24355e-10 5.51352e-11 2.36221e-11 9.77884e-12 3.91095e-12 1.51097e-12 5.63867e-13 2.03256e-13 7.0776e-14 2.38107e-14 7.7412e-15 2.43295e-15 7.39464e-16 2.17448e-16 6.18968e-17 1.70643e-17 4.5589e-18 1.18097e-18 2.96814e-19 7.24196e-20 1.71639e-20 3.95386e-21 8.8578e-22 1.931e-22 4.09883e-23 8.50388e-24 
7.06477e-24 4.01898e-24 1.49298e-23 7.79737e-23 4.0168e-22 2.00836e-21 9.73455e-21 4.57099e-20 2.07795e-19 9.13888e-19 3.88588e-18 1.59634e-17 6.33154e-17 2.42299e-16 8.94081e-16 3.17927e-15 1.08885e-14 3.59004e-14 1.13907e-13 3.47701e-13 1.02093e-12 2.88341e-12 7.83399e-12 2.04795e-11 5.15285e-11 1.24833e-10 2.91289e-10 6.5491e-10 1.41911e-09 2.96413e-09 5.96844e-09 1.15853e-08 2.1678e-08 3.91003e-08 6.79785e-08 1.13912e-07 1.83962e-07 2.86257e-07 4.29039e-07 6.19046e-07 8.59332e-07 1.14698e-06 1.47151e-06 1.8151e-06 2.15502e-06 2.46809e-06 2.7354e-06 2.9456e-06 3.09518e-06 3.18609e-06 3.22193e-06 3.20456e-06 3.13256e-06 3.00219e-06 2.81056e-06 2.55951e-06 2.25847e-06 1.92474e-06 1.58079e-06 1.24973e-06 9.50769e-07 6.96261e-07 4.91099e-07 3.33859e-07 2.18887e-07 1.38468e-07 8.45494e-08 4.98435e-08 2.83746e-08 1.56008e-08 8.28571e-09 4.25152e-09 2.10787e-09 1.00987e-09 4.67524e-10 2.09139e-10 9.03855e-11 3.7733e-11 1.52133e-11 5.92302e-12 2.22657e-12 8.08166e-13 2.83249e-13 9.5877e-14 3.13513e-14 9.90705e-15 3.02666e-15 8.94381e-16 2.55772e-16 7.08273e-17 1.9003e-17 4.94292e-18 1.24725e-18 3.05489e-19 7.26747e-20 1.68027e-20 3.77784e-21 8.26477e-22 1.76044e-22 3.66547e-23 
2.97446e-23 1.74717e-23 6.56098e-23 3.41321e-22 1.7502e-21 8.70973e-21 4.20147e-20 1.96327e-19 8.88061e-19 3.88588e-18 1.64367e-17 6.71601e-17 2.64896e-16 1.00788e-15 3.69678e-15 1.30631e-14 4.44454e-14 1.45528e-13 4.58379e-13 1.38844e-12 4.04361e-12 1.13222e-11 3.04827e-11 7.8928e-11 1.96614e-10 4.71391e-10 1.08826e-09 2.42018e-09 5.18668e-09 1.07145e-08 2.13384e-08 4.09727e-08 7.58547e-08 1.35403e-07 2.33043e-07 3.86729e-07 6.18757e-07 9.54375e-07 1.41867e-06 2.03151e-06 2.80082e-06 3.71577e-06 4.74224e-06 5.8237e-06 6.88917e-06 7.86696e-06 8.69929e-06 9.35195e-06 9.81506e-06 1.00954e-05 1.02045e-05 1.01481e-05 9.92163e-06 9.51314e-06 8.9133e-06 8.12741e-06 7.18437e-06 6.13752e-06 5.05646e-06 4.013e-06 3.0672e-06 2.25834e-06 1.60269e-06 1.09696e-06 7.24513e-07 4.61946e-07 2.84411e-07 1.6912e-07 9.71385e-08 5.39003e-08 2.88962e-08 1.49687e-08 7.49281e-09 3.62431e-09 1.69391e-09 7.64838e-10 3.33557e-10 1.40471e-10 5.7111e-11 2.24123e-11 8.48865e-12 3.10293e-12 1.09478e-12 3.72898e-13 1.22656e-13 3.89752e-14 1.19699e-14 3.5548e-15 1.02143e-15 2.84139e-16 7.65685e-17 2.00005e-17 5.06733e-18 1.24608e-18 2.97585e-19 6.90634e-20 1.55855e-20 3.42211e-21 7.31555e-22 1.52884e-22 
1.21165e-22 7.35149e-23 2.78879e-22 1.44487e-21 7.37359e-21 3.6516e-20 1.75281e-19 8.14942e-19 3.66742e-18 1.59634e-17 6.71601e-17 2.72898e-16 1.07023e-15 4.04797e-15 1.47561e-14 5.18084e-14 1.75086e-13 5.69239e-13 1.77962e-12 5.34807e-12 1.54458e-11 4.28675e-11 1.14337e-10 2.93145e-10 7.22724e-10 1.7142e-09 3.91356e-09 8.60469e-09 1.82285e-08 3.72206e-08 7.32728e-08 1.39092e-07 2.54625e-07 4.49543e-07 7.65489e-07 1.25727e-06 1.99184e-06 3.04362e-06 4.48487e-06 6.37066e-06 8.71935e-06 1.14933e-05 1.45864e-05 1.78284e-05 2.10082e-05 2.39154e-05 2.63821e-05 2.83106e-05 2.9675e-05 3.04976e-05 3.08134e-05 3.06396e-05 2.99619e-05 2.8744e-05 2.6957e-05 2.46154e-05 2.18031e-05 1.86762e-05 1.54396e-05 1.23057e-05 9.45336e-06 7.00149e-06 5.00193e-06 3.44875e-06 2.29594e-06 1.47628e-06 9.17011e-07 5.50337e-07 3.19128e-07 1.78817e-07 9.68249e-08 5.06657e-08 2.56203e-08 1.25186e-08 5.9096e-09 2.69449e-09 1.18627e-09 5.04124e-10 2.06738e-10 8.17966e-11 3.122e-11 1.14951e-11 4.0834e-12 1.39978e-12 4.63203e-13 1.48026e-13 4.57059e-14 1.36432e-14 3.93937e-15 1.10098e-15 2.98022e-16 7.81852e-17 1.98926e-17 4.91175e-18 1.17771e-18 2.74396e-19 6.21615e-20 1.37005e-20 2.93977e-21 6.1674e-22 
4.7732e-22 2.99242e-22 1.14596e-21 5.9117e-21 3.00199e-20 1.47919e-19 7.06397e-19 3.26722e-18 1.46252e-17 6.33154e-17 2.64896e-16 1.07023e-15 4.17248e-15 1.56856e-14 5.68175e-14 1.9817e-13 6.65099e-13 2.14671e-12 6.6601e-12 1.98535e-11 5.685e-11 1.56354e-10 4.1304e-10 1.04828e-09 2.55699e-09 5.99744e-09 1.35346e-08 2.94057e-08 6.1543e-08 1.24136e-07 2.41409e-07 4.52748e-07 8.19001e-07 1.42921e-06 2.40628e-06 3.90918e-06 6.12855e-06 9.27198e-06 1.35359e-05 1.90628e-05 2.58884e-05 3.38896e-05 4.27536e-05 5.19922e-05 6.10112e-05 6.92236e-05 7.61675e-05 8.15799e-05 8.53976e-05 8.76896e-05 8.85577e-05 8.80499e-05 8.61241e-05 8.26759e-05 7.76201e-05 7.09924e-05 6.30234e-05 5.41468e-05 4.49342e-05 3.59816e-05 2.77956e-05 2.07189e-05 1.49089e-05 1.03612e-05 6.95686e-06 4.51396e-06 2.83068e-06 1.71567e-06 1.00505e-06 5.69066e-07 3.11423e-07 1.64716e-07 8.41926e-08 4.15799e-08 1.98354e-08 9.13681e-09 4.06231e-09 1.74265e-09 7.21048e-10 2.87695e-10 1.10679e-10 4.1055e-11 1.46859e-11 5.06732e-12 1.68719e-12 5.4232e-13 1.68378e-13 5.05254e-14 1.46622e-14 4.11759e-15 1.11977e-15 2.95092e-16 7.54086e-17 1.86987e-17 4.50215e-18 1.05324e-18 2.39558e-19 5.30075e-20 1.14184e-20 2.40515e-21 
1.81774e-21 1.17781e-21 4.55002e-21 2.33662e-20 1.18044e-19 5.78604e-19 2.74848e-18 1.26435e-17 5.62853e-17 2.42299e-16 1.00788e-15 4.04797e-15 1.56856e-14 5.85957e-14 2.10866e-13 7.30474e-13 2.43424e-12 7.79846e-12 2.40052e-11 7.09676e-11 2.01437e-10 5.48873e-10 1.43572e-09 3.60592e-09 8.69918e-09 2.01692e-08 4.49711e-08 9.6498e-08 1.99408e-07 3.97078e-07 7.62315e-07 1.4115e-06 2.52134e-06 4.34592e-06 7.22958e-06 1.16093e-05 1.79987e-05 2.69438e-05 3.89456e-05 5.43469e-05 7.31947e-05 9.51107e-05 0.00011922 0.000144198 0.000168459 0.000190455 0.000208986 0.000223383 0.000233507 0.000239559 0.000241819 0.000240416 0.000235232 0.000225981 0.000212423 0.000194641 0.00017323 0.000149328 0.000124446 0.000100167 7.78513e-05 5.84379e-05 4.2381e-05 2.97066e-05 2.01304e-05 1.31894e-05 8.35578e-06 5.11825e-06 3.03113e-06 1.73545e-06 9.60531e-07 5.13861e-07 2.6566e-07 1.32686e-07 6.39979e-08 2.97956e-08 1.33836e-08 5.79743e-09 2.42094e-09 9.74336e-10 3.77891e-10 1.41245e-10 5.08866e-11 1.76764e-11 5.92277e-12 1.91519e-12 5.9801e-13 1.80419e-13 5.26291e-14 1.48537e-14 4.05896e-15 1.07466e-15 2.75871e-16 6.87105e-17 1.66156e-17 3.90366e-18 8.91605e-19 1.98103e-19 4.2848e-20 9.06347e-21 
6.68942e-21 4.48075e-21 1.74482e-20 8.91764e-20 4.48094e-19 2.18439e-18 1.03188e-17 4.72007e-17 2.08917e-16 8.94081e-16 3.69678e-15 1.47561e-14 5.68175e-14 2.10866e-13 7.53711e-13 2.59267e-12 8.57667e-12 2.72664e-11 8.32559e-11 2.44044e-10 6.86486e-10 1.85274e-09 4.79739e-09 1.19201e-08 2.84317e-08 6.5135e-08 1.43424e-07 3.03788e-07 6.19458e-07 1.21695e-06 2.30476e-06 4.21012e-06 7.42067e-06 1.26242e-05 2.07345e-05 3.28872e-05 5.03861e-05 7.45816e-05 0.000106667 0.000147397 0.000196755 0.000253648 0.000315764 0.000379701 0.000441462 0.000497202 0.000543978 0.000580199 0.000605584 0.000620695 0.000626259 0.0006226 0.00060941 0.000585942 0.000551564 0.000506434 0.000452006 0.000391092 0.000327453 0.000265069 0.000207397 0.000156871 0.000114738 8.1173e-05 5.55544e-05 3.67825e-05 2.35589e-05 1.45951e-05 8.7448e-06 5.06665e-06 2.83825e-06 1.53688e-06 8.04176e-07 4.06441e-07 1.98314e-07 9.3362e-08 4.23842e-08 1.85455e-08 7.81812e-09 3.17461e-09 1.24156e-09 4.67696e-10 1.69737e-10 5.9369e-11 2.00223e-11 6.51446e-12 2.04607e-12 6.2077e-13 1.82059e-13 5.16504e-14 1.41852e-14 3.77405e-15 9.73436e-16 2.43579e-16 5.91709e-17 1.39638e-17 3.2034e-18 7.1484e-19 1.55277e-19 3.29908e-20 
2.37818e-20 1.64694e-20 6.45963e-20 3.28482e-19 1.6413e-18 7.95538e-18 3.73622e-17 1.69897e-16 7.4747e-16 3.17927e-15 1.30631e-14 5.18084e-14 1.9817e-13 7.30474e-13 2.59267e-12 8.85362e-12 2.90665e-11 9.16757e-11 2.77604e-10 8.06621e-10 2.24805e-09 6.00789e-09 1.53952e-08 3.78315e-08 8.9183e-08 2.01798e-07 4.38615e-07 9.1656e-07 1.84311e-06 3.56976e-06 6.66452e-06 1.20011e-05 2.08555e-05 3.49899e-05 5.6695e-05 8.87511e-05 0.000134269 0.00019637 0.000277692 0.000379724 0.000502062 0.000641756 0.000793023 0.000947636 0.00109611 0.00122944 0.00134087 0.00142685 0.00148691 0.0015225 0.00153542 0.00152644 0.00149479 0.00143864 0.0013564 0.00124832 0.0011177 0.000971091 0.0008173 0.000665746 0.000524722 0.000400204 0.000295428 0.000211108 0.000146035 9.77851e-05 6.33704e-05 3.97388e-05 2.41084e-05 1.41466e-05 8.02696e-06 4.4027e-06 2.33322e-06 1.19403e-06 5.89684e-07 2.80846e-07 1.2891e-07 5.69945e-08 2.42627e-08 9.94261e-09 3.9219e-09 1.48928e-09 5.44581e-10 1.91835e-10 6.51326e-11 2.13271e-11 6.73935e-12 2.05665e-12 6.06566e-13 1.7302e-13 4.77682e-14 1.27742e-14 3.31132e-15 8.32634e-16 2.03236e-16 4.81878e-17 1.11059e-17 2.4896e-18 5.43232e-19 1.15956e-19 
8.16569e-20 5.84681e-20 2.30796e-19 1.16738e-18 5.79865e-18 2.79379e-17 1.30412e-16 5.89349e-16 2.57654e-15 1.08885e-14 4.44454e-14 1.75086e-13 6.65099e-13 2.43424e-12 8.57667e-12 2.90665e-11 9.46759e-11 2.96161e-10 8.89115e-10 2.56018e-09 7.06738e-09 1.86975e-08 4.7401e-08 1.15162e-07 2.68219e-07 5.99198e-07 1.28496e-06 2.64765e-06 5.24718e-06 1.00124e-05 1.84124e-05 3.26584e-05 5.59082e-05 9.24245e-05 0.000147614 0.000227871 0.000340134 0.000491115 0.000686159 0.000927806 0.00121423 0.00153796 0.00188539 0.00223782 0.00257408 0.00287446 0.00312437 0.00331648 0.0034502 0.0035291 0.00355732 0.00353663 0.00346521 0.00333882 0.00315365 0.00290997 0.00261479 0.0022823 0.0019319 0.00158454 0.00125893 0.000968925 0.000722446 0.000521868 0.000365191 0.000247515 0.00016244 0.000103198 6.34476e-05 3.77383e-05 2.17075e-05 1.20695e-05 6.48269e-06 3.36125e-06 1.68106e-06 8.10329e-07 3.76209e-07 1.68127e-07 7.22953e-08 2.99061e-08 1.1901e-08 4.55672e-09 1.67924e-09 5.95891e-10 2.03732e-10 6.7154e-11 2.13556e-11 6.55693e-12 1.94523e-12 5.58035e-13 1.5492e-13 4.16526e-14 1.08541e-14 2.74338e-15 6.73017e-16 1.60369e-16 3.71412e-17 8.36607e-18 1.83417e-18 3.93444e-19 
2.70743e-19 2.00426e-19 7.9559e-19 4.00147e-18 1.97537e-17 9.45753e-17 4.38648e-16 1.96942e-15 8.55287e-15 3.59004e-14 1.45528e-13 5.69239e-13 2.14671e-12 7.79846e-12 2.72664e-11 9.16757e-11 2.96161e-10 9.18543e-10 2.73305e-09 7.79634e-09 2.13105e-08 5.57944e-08 1.39893e-07 3.35912e-07 7.72674e-07 1.70351e-06 3.6026e-06 7.31545e-06 1.42795e-05 2.68251e-05 4.85527e-05 8.47537e-05 0.000142803 0.000232404 0.000365538 0.000555948 0.000818041 0.00116512 0.00160697 0.00214698 0.00277912 0.00348567 0.00423662 0.00499206 0.00570785 0.00634358 0.00687 0.00727303 0.00755254 0.00771674 0.00777464 0.00772997 0.00757879 0.00731179 0.00692045 0.00640455 0.00577781 0.00506903 0.00431808 0.00356859 0.00286024 0.00222317 0.00167571 0.00122472 0.000867741 0.000595841 0.000396369 0.00025535 0.000159246 9.60965e-05 5.60832e-05 3.16348e-05 1.72334e-05 9.05873e-06 4.59049e-06 2.2406e-06 1.05257e-06 4.75627e-07 2.06652e-07 8.63175e-08 3.4663e-08 1.33857e-08 4.97276e-09 1.77811e-09 6.12348e-10 2.03244e-10 6.50641e-11 2.01052e-11 6.0016e-12 1.73207e-12 4.83668e-13 1.30785e-13 3.42712e-14 8.70942e-15 2.1481e-15 5.14552e-16 1.19787e-16 2.71196e-17 5.97556e-18 1.28847e-18 
8.66739e-19 6.63272e-19 2.64542e-18 1.32262e-17 6.48697e-17 3.08529e-16 1.42136e-15 6.33783e-15 2.7332e-14 1.13907e-13 4.58379e-13 1.77962e-12 6.6601e-12 2.40052e-11 8.32559e-11 2.77604e-10 8.89115e-10 2.73305e-09 8.05665e-09 2.27598e-08 6.1579e-08 1.59496e-07 3.95373e-07 9.37963e-07 2.13002e-06 4.63256e-06 9.65691e-06 1.93146e-05 3.71101e-05 6.85847e-05 0.000122083 0.000209549 0.000347186 0.000555716 0.000859949 0.00128738 0.00186562 0.00261873 0.00356243 0.00469885 0.00601126 0.00746044 0.00898444 0.0105037 0.0119323 0.0131933 0.014232 0.0150239 0.015571 0.015891 0.0160022 0.0159122 0.0156128 0.0150849 0.0143106 0.0132876 0.0120405 0.0106237 0.00911335 0.00759438 0.00614541 0.00482811 0.00368215 0.00272533 0.00195696 0.0013627 0.000919755 0.000601435 0.000380828 0.000233371 0.000138309 7.92102e-05 4.37955e-05 2.33532e-05 1.19971e-05 5.932e-06 2.82083e-06 1.28927e-06 5.66182e-07 2.38869e-07 9.6829e-08 3.77243e-08 1.41321e-08 5.09353e-09 1.76746e-09 5.90912e-10 1.90494e-10 5.92627e-11 1.78066e-11 5.17177e-12 1.45315e-12 3.95319e-13 1.04205e-13 2.66356e-14 6.60683e-15 1.59143e-15 3.72515e-16 8.47912e-17 1.87822e-17 4.07213e-18 
2.67897e-18 2.11869e-18 8.48358e-18 4.21489e-17 2.05323e-16 9.69776e-16 4.43607e-15 1.96376e-14 8.40633e-14 3.47701e-13 1.38844e-12 5.34807e-12 1.98535e-11 7.09676e-11 2.44044e-10 8.06621e-10 2.56018e-09 7.79634e-09 2.27598e-08 6.36467e-08 1.70383e-07 4.36407e-07 1.06913e-06 2.50491e-06 5.61365e-06 1.20389e-05 2.47257e-05 4.86841e-05 9.20163e-05 0.000167187 0.000292442 0.000493146 0.000802681 0.00126239 0.00192006 0.00282651 0.00403018 0.00556997 0.00746679 0.00971463 0.0122726 0.01506 0.0179575 0.0208174 0.0234845 0.0258224 0.0277377 0.0291911 0.0301914 0.0307737 0.0309736 0.0308046 0.0302514 0.0292772 0.0278466 0.0259514 0.023632 0.0209825 0.0181384 0.0152532 0.0124721 0.00991311 0.00765669 0.00574463 0.00418467 0.002958 0.00202776 0.00134728 0.00086704 0.000540068 0.000325321 0.000189317 0.000106312 5.75409e-05 2.99823e-05 1.50246e-05 7.23495e-06 3.34593e-06 1.48565e-06 6.33305e-07 2.59231e-07 1.01929e-07 3.85189e-08 1.39991e-08 4.89653e-09 1.64963e-09 5.35743e-10 1.67866e-10 5.07899e-11 1.48515e-11 4.20052e-12 1.15009e-12 3.05072e-13 7.84603e-14 1.95793e-14 4.74413e-15 1.11693e-15 2.55682e-16 5.69539e-17 1.24195e-17 
7.99464e-18 6.53189e-18 2.62364e-17 1.29491e-16 6.26324e-16 2.93674e-15 1.33338e-14 5.85775e-14 2.48806e-13 1.02093e-12 4.04361e-12 1.54458e-11 5.685e-11 2.01437e-10 6.86486e-10 2.24805e-09 7.06738e-09 2.13105e-08 6.1579e-08 1.70383e-07 4.51086e-07 1.14204e-06 2.76384e-06 6.39255e-06 1.41318e-05 2.98713e-05 6.04167e-05 0.000117048 0.000217498 0.000388243 0.000666827 0.00110377 0.0017633 0.00272213 0.00406528 0.00587878 0.00823919 0.0112009 0.0147827 0.0189541 0.0236257 0.0286431 0.0337927 0.0388206 0.0434668 0.0475092 0.0508009 0.0532866 0.0549902 0.0559777 0.0563122 0.0560179 0.0550668 0.0533934 0.0509316 0.0476601 0.0436376 0.0390137 0.0340106 0.028885 0.0238866 0.0192253 0.0150533 0.0114601 0.00847759 0.00608949 0.00424428 0.00286829 0.00187797 0.00119016 0.000729304 0.000431585 0.00024632 0.0001354 7.1595e-05 3.63767e-05 1.77455e-05 8.30712e-06 3.73082e-06 1.60754e-06 6.64717e-07 2.63889e-07 1.00641e-07 3.68981e-08 1.30151e-08 4.42048e-09 1.44692e-09 4.56831e-10 1.39246e-10 4.10109e-11 1.1681e-11 3.2202e-12 8.59921e-13 2.2261e-13 5.59073e-14 1.36315e-14 3.22902e-15 7.43611e-16 1.66617e-16 3.65535e-17 
2.30359e-17 1.94348e-17 7.82448e-17 3.83521e-16 1.84129e-15 8.56794e-15 3.85984e-14 1.68216e-13 7.08647e-13 2.88341e-12 1.13222e-11 4.28675e-11 1.56354e-10 5.48873e-10 1.85274e-09 6.00789e-09 1.86975e-08 5.57944e-08 1.59496e-07 4.36407e-07 1.14204e-06 2.85652e-06 6.82575e-06 1.55777e-05 3.39546e-05 7.07085e-05 0.00014077 0.000268204 0.000489695 0.000858223 0.00144631 0.00234797 0.0036781 0.00556812 0.00815664 0.0115752 0.0159299 0.0212813 0.0276253 0.034876 0.0428555 0.0512916 0.0598301 0.0680674 0.0756036 0.0821068 0.0873673 0.0913188 0.0940152 0.0955714 0.0960924 0.0956176 0.0941004 0.0914315 0.0874965 0.0822468 0.0757571 0.0682433 0.060039 0.0515402 0.0431434 0.0351956 0.0279639 0.0216238 0.0162611 0.0118821 0.00842916 0.00580012 0.00386745 0.00249607 0.00155729 0.000937844 0.00054435 0.000304065 0.000163236 8.41305e-05 4.15945e-05 1.97179e-05 8.96096e-06 3.90451e-06 1.63171e-06 6.54351e-07 2.51974e-07 9.32412e-08 3.3184e-08 1.13683e-08 3.75233e-09 1.19436e-09 3.66931e-10 1.08902e-10 3.1251e-11 8.67826e-12 2.33397e-12 6.08406e-13 1.53835e-13 3.7757e-14 9.00168e-15 2.08607e-15 4.70302e-16 1.03834e-16 
6.40943e-17 5.58055e-17 2.25027e-16 1.09507e-15 5.21707e-15 2.40844e-14 1.07618e-13 4.65091e-13 1.94248e-12 7.83399e-12 3.04827e-11 1.14337e-10 4.1304e-10 1.43572e-09 4.79739e-09 1.53952e-08 4.7401e-08 1.39893e-07 3.95373e-07 1.06913e-06 2.76384e-06 6.82575e-06 1.60954e-05 3.62258e-05 7.7815e-05 0.000159565 0.000312538 0.00058531 0.00104949 0.00180476 0.00298218 0.00474448 0.00728154 0.0107995 0.0155024 0.0215675 0.0291168 0.0381885 0.0487138 0.060501 0.0732294 0.0864561 0.0996404 0.112193 0.123552 0.133265 0.141066 0.146892 0.150849 0.153123 0.153877 0.153169 0.150929 0.146986 0.141157 0.133344 0.123625 0.112279 0.0997617 0.0866322 0.0734699 0.0608045 0.0490695 0.0385794 0.0295227 0.0219678 0.0158782 0.0111362 0.00756957 0.00497975 0.00316573 0.00194151 0.00114674 0.000651254 0.000355137 0.00018575 9.31166e-05 4.47217e-05 2.05763e-05 9.07104e-06 3.83327e-06 1.55367e-06 6.04424e-07 2.25875e-07 8.1155e-08 2.80594e-08 9.3445e-09 3.00019e-09 9.29508e-10 2.78136e-10 8.04528e-11 2.2515e-11 6.10108e-12 1.60209e-12 4.07988e-13 1.00833e-13 2.42027e-14 5.64578e-15 1.28102e-15 2.84694e-16 
1.72215e-16 1.54636e-16 6.24086e-16 3.01457e-15 1.4248e-14 6.5237e-14 2.89043e-13 1.23829e-12 5.12537e-12 2.04795e-11 7.8928e-11 2.93145e-10 1.04828e-09 3.60592e-09 1.19201e-08 3.78315e-08 1.15162e-07 3.35912e-07 9.37963e-07 2.50491e-06 6.39255e-06 1.55777e-05 3.62258e-05 8.03591e-05 0.000170014 0.000343106 0.00066084 0.00121588 0.00213989 0.00360872 0.00584316 0.00910376 0.0136777 0.0198568 0.0279061 0.038026 0.050313 0.0647263 0.0810663 0.098967 0.117904 0.137216 0.156147 0.173912 0.189793 0.203239 0.213952 0.221904 0.227278 0.230354 0.231364 0.230393 0.227338 0.221955 0.213968 0.203206 0.189719 0.173825 0.156085 0.137216 0.11799 0.0991499 0.081344 0.065086 0.0507335 0.038481 0.0283676 0.0202983 0.0140778 0.00944784 0.00612447 0.00382749 0.00230175 0.00132973 0.000736914 0.000391344 0.000199018 9.6891e-05 4.51576e-05 2.01537e-05 8.61728e-06 3.53231e-06 1.38918e-06 5.2461e-07 1.90409e-07 6.64837e-08 2.23526e-08 7.24321e-09 2.26427e-09 6.83454e-10 1.9937e-10 5.62532e-11 1.5365e-11 4.06595e-12 1.0432e-12 2.59702e-13 6.27753e-14 1.47439e-14 3.36765e-15 7.53542e-16 
4.46864e-16 4.13483e-16 1.66912e-15 8.00125e-15 3.75096e-14 1.703e-13 7.47976e-13 3.17555e-12 1.30214e-11 5.15285e-11 1.96614e-10 7.22724e-10 2.55699e-09 8.69918e-09 2.84317e-08 8.9183e-08 2.68219e-07 7.72674e-07 2.13002e-06 5.61365e-06 1.41318e-05 3.39546e-05 7.7815e-05 0.000170014 0.000354044 0.000702773 0.00133029 0.0024034 0.00414972 0.00685929 0.0108772 0.016586 0.0243777 0.0346159 0.0475892 0.0634613 0.0822257 0.103676 0.127395 0.152771 0.179026 0.20526 0.230512 0.253835 0.274407 0.291635 0.305241 0.315272 0.322018 0.325862 0.327116 0.32589 0.322049 0.315267 0.305161 0.291459 0.274143 0.253518 0.230192 0.204989 0.178846 0.152712 0.12747 0.103885 0.0825556 0.0638872 0.0480773 0.0351285 0.0248784 0.017045 0.011274 0.00718373 0.00440088 0.0025875 0.00145802 0.000786583 0.000406035 0.000200501 9.47207e-05 4.28252e-05 1.85404e-05 7.69158e-06 3.06013e-06 1.16863e-06 4.28772e-07 1.51288e-07 5.13833e-08 1.68148e-08 5.30663e-09 1.61658e-09 4.7579e-10 1.35408e-10 3.72947e-11 9.94886e-12 2.57253e-12 6.45257e-13 1.5711e-13 3.71605e-14 8.54586e-15 1.92562e-15 
1.11977e-15 1.06677e-15 4.30474e-15 2.04761e-14 9.51977e-14 4.28504e-13 1.86527e-12 7.84579e-12 3.18631e-11 1.24833e-10 4.71391e-10 1.7142e-09 5.99744e-09 2.01692e-08 6.5135e-08 2.01798e-07 5.99198e-07 1.70351e-06 4.63256e-06 1.20389e-05 2.98713e-05 7.07085e-05 0.000159565 0.000343106 0.000702773 0.00137119 0.00254936 0.00452023 0.00765297 0.0123933 0.0192381 0.028696 0.0412376 0.0572402 0.0769296 0.100328 0.127212 0.157106 0.189293 0.222862 0.256772 0.289915 0.321187 0.349575 0.374248 0.394663 0.410632 0.422318 0.430133 0.434568 0.436008 0.434587 0.43014 0.422265 0.41047 0.394362 0.37381 0.349034 0.320596 0.289335 0.25626 0.222465 0.189046 0.157033 0.127319 0.100601 0.0773405 0.0577456 0.0417889 0.0292462 0.0197483 0.0128364 0.00801472 0.00479829 0.00275063 0.00150838 0.000790851 0.000396383 0.000189951 8.70674e-05 3.81962e-05 1.60494e-05 6.46458e-06 2.49836e-06 9.27282e-07 3.30848e-07 1.13585e-07 3.75585e-08 1.19727e-08 3.68277e-09 1.09407e-09 3.14179e-10 8.72853e-11 2.34796e-11 6.1202e-12 1.54703e-12 3.79496e-13 9.04072e-14 2.0936e-14 4.75113e-15 
2.70955e-15 2.65508e-15 1.07049e-14 5.05216e-14 2.32924e-13 1.03933e-12 4.48324e-12 1.868e-11 7.5118e-11 2.91289e-10 1.08826e-09 3.91356e-09 1.35346e-08 4.49711e-08 1.43424e-07 4.38615e-07 1.28496e-06 3.6026e-06 9.65691e-06 2.47257e-05 6.04167e-05 0.00014077 0.000312538 0.00066084 0.00133029 0.00254936 0.00465243 0.00809112 0.0134257 0.0212912 0.0323403 0.0471708 0.0662517 0.089856 0.118006 0.150438 0.186588 0.225615 0.266454 0.307902 0.348709 0.387653 0.423617 0.455651 0.483049 0.505419 0.522733 0.535301 0.543655 0.548378 0.549908 0.548395 0.543656 0.535232 0.522539 0.50506 0.482517 0.45497 0.42283 0.386818 0.347884 0.307148 0.265826 0.225163 0.186349 0.150424 0.118206 0.0902348 0.0667585 0.0477468 0.0329284 0.0218431 0.0139066 0.00848205 0.00494957 0.00276079 0.00147129 0.000749069 0.000364421 0.000169489 7.5407e-05 3.21182e-05 1.31078e-05 5.13037e-06 1.9276e-06 6.9591e-07 2.41645e-07 8.07805e-08 2.60226e-08 8.08566e-09 2.42545e-09 7.03013e-10 1.97062e-10 5.3465e-11 1.40512e-11 3.57991e-12 8.8485e-13 2.12337e-13 4.95183e-14 1.13185e-14 
6.33013e-15 6.37356e-15 2.56638e-14 1.20172e-13 5.494e-13 2.43005e-12 1.03867e-11 4.28656e-11 1.70662e-10 6.5491e-10 2.42018e-09 8.60469e-09 2.94057e-08 9.6498e-08 3.03788e-07 9.1656e-07 2.64765e-06 7.31545e-06 1.93146e-05 4.86841e-05 0.000117048 0.000268204 0.00058531 0.00121588 0.0024034 0.00452023 0.00809112 0.0137931 0.0224194 0.0348029 0.0517115 0.0737354 0.101194 0.134079 0.172027 0.214334 0.259993 0.307758 0.356248 0.404053 0.449843 0.49244 0.530873 0.564411 0.592595 0.615275 0.632626 0.645109 0.653354 0.657997 0.6595 0.658021 0.653372 0.645068 0.632469 0.614956 0.592093 0.563732 0.530041 0.491492 0.448827 0.403028 0.355279 0.306917 0.259346 0.21393 0.171885 0.134191 0.101525 0.0742284 0.0523002 0.0354196 0.0230044 0.0143026 0.00850132 0.00482678 0.00261669 0.00135442 0.000669533 0.000316239 0.000142813 6.17117e-05 2.55379e-05 1.01302e-05 3.85549e-06 1.40925e-06 4.95183e-07 1.6743e-07 5.45264e-08 1.71196e-08 5.18676e-09 1.51776e-09 4.29335e-10 1.17502e-10 3.11389e-11 7.99691e-12 1.99174e-12 4.81467e-13 1.13074e-13 2.60323e-14 
1.42752e-14 1.47523e-14 5.93018e-14 2.75517e-13 1.2491e-12 5.47673e-12 2.31957e-11 9.48144e-11 3.73716e-10 1.41911e-09 5.18668e-09 1.82285e-08 6.1543e-08 1.99408e-07 6.19458e-07 1.84311e-06 5.24718e-06 1.42795e-05 3.71101e-05 9.20163e-05 0.000217498 0.000489695 0.00104949 0.00213989 0.00414972 0.00765297 0.0134257 0.0224194 0.0356764 0.054191 0.078743 0.109749 0.147169 0.190494 0.238796 0.290813 0.345062 0.39995 0.453903 0.505478 0.553455 0.596886 0.635107 0.667728 0.694623 0.715924 0.732015 0.743478 0.750997 0.755214 0.756581 0.755254 0.751051 0.7435 0.731953 0.715732 0.69427 0.667201 0.634404 0.596017 0.552442 0.504359 0.452738 0.398817 0.344046 0.289994 0.238233 0.190219 0.147182 0.11002 0.0792159 0.0547897 0.0363186 0.0230312 0.013954 0.00807094 0.00445479 0.00234637 0.00117963 0.000566343 0.000259825 0.000113994 4.78681e-05 1.92563e-05 7.42801e-06 2.7502e-06 9.78307e-07 3.3468e-07 1.10218e-07 3.49752e-08 1.07044e-08 3.16273e-09 9.02921e-10 2.4929e-10 6.66187e-11 1.72457e-11 4.32817e-12 1.05391e-12 2.49254e-13 5.77976e-14 
3.10661e-14 3.29132e-14 1.32041e-13 6.08716e-13 2.73691e-12 1.18963e-11 4.99284e-11 2.0215e-10 7.88846e-10 2.96413e-09 1.07145e-08 3.72206e-08 1.24136e-07 3.97078e-07 1.21695e-06 3.56976e-06 1.00124e-05 2.68251e-05 6.85847e-05 0.000167187 0.000388243 0.000858223 0.00180476 0.00360872 0.00685929 0.0123933 0.0212912 0.0348029 0.054191 0.0805112 0.114383 0.155822 0.204189 0.258269 0.316432 0.376835 0.437594 0.496936 0.553308 0.605462 0.652495 0.693854 0.729295 0.758831 0.782684 0.801254 0.815087 0.824836 0.831183 0.834728 0.835882 0.834785 0.831277 0.824933 0.815145 0.801234 0.782553 0.75856 0.72886 0.693236 0.651684 0.604466 0.552161 0.495699 0.43635 0.375677 0.315452 0.257543 0.203771 0.155733 0.114602 0.0809767 0.0548102 0.0354734 0.0219241 0.0129289 0.00727204 0.00390107 0.00199639 0.000975065 0.000454797 0.00020273 8.6436e-05 3.52809e-05 1.37996e-05 5.1772e-06 1.86492e-06 6.4565e-07 2.1505e-07 6.8979e-08 2.13281e-08 6.36298e-09 1.83335e-09 5.10626e-10 1.37598e-10 3.59041e-11 9.07932e-12 2.22685e-12 5.30324e-13 1.23851e-13 
6.52227e-14 7.07563e-14 2.8321e-13 1.29565e-12 5.77806e-12 2.49008e-11 1.03573e-10 4.15407e-10 1.60504e-09 5.96844e-09 2.13384e-08 7.32728e-08 2.41409e-07 7.62315e-07 2.30476e-06 6.66452e-06 1.84124e-05 4.85527e-05 0.000122083 0.000292442 0.000666827 0.00144631 0.00298218 0.00584316 0.0108772 0.0192381 0.0323403 0.0517115 0.078743 0.114383 0.15886 0.211537 0.270954 0.33505 0.401473 0.467892 0.532218 0.592746 0.648205 0.697767 0.741018 0.777899 0.80862 0.833578 0.853291 0.868352 0.879402 0.8871 0.89207 0.894834 0.895738 0.894901 0.892193 0.887257 0.879566 0.868494 0.853382 0.833587 0.808509 0.77763 0.740552 0.697078 0.647291 0.591632 0.530957 0.466563 0.400177 0.333898 0.270057 0.210985 0.158696 0.114587 0.079234 0.0523696 0.0330412 0.0198824 0.0114057 0.00623687 0.00325148 0.00161672 0.000767142 0.000347625 0.000150555 6.23757e-05 2.4745e-05 9.40902e-06 3.43263e-06 1.20278e-06 4.05197e-07 1.31376e-07 4.10369e-08 1.23615e-08 3.59441e-09 1.00984e-09 2.74372e-10 7.21565e-11 1.83834e-11 4.54106e-12 1.08886e-12 2.5608e-13 
1.32063e-13 1.46519e-13 5.8498e-13 2.65615e-12 1.17505e-11 5.0215e-11 2.07028e-10 8.22674e-10 3.14775e-09 1.15853e-08 4.09727e-08 1.39092e-07 4.52748e-07 1.4115e-06 4.21012e-06 1.20011e-05 3.26584e-05 8.47537e-05 0.000209549 0.000493146 0.00110377 0.00234797 0.00474448 0.00910376 0.016586 0.028696 0.0471708 0.0737354 0.109749 0.155822 0.211537 0.275376 0.344922 0.417251 0.489406 0.558786 0.623378 0.681821 0.733366 0.777773 0.815203 0.846095 0.871063 0.890804 0.906028 0.917426 0.925652 0.93131 0.93493 0.936933 0.937593 0.937002 0.935063 0.931497 0.92588 0.917679 0.906287 0.891042 0.871245 0.846173 0.815126 0.777491 0.732837 0.681023 0.622316 0.557498 0.487969 0.415788 0.343588 0.274331 0.210905 0.155652 0.109998 0.0742902 0.047881 0.0294214 0.0172262 0.00960845 0.00510613 0.00258609 0.00124892 0.000575516 0.000253257 0.000106522 4.28655e-05 1.65202e-05 6.10406e-06 2.16463e-06 7.37523e-07 2.41691e-07 7.62598e-08 2.31916e-08 6.8046e-09 1.92813e-09 5.28134e-10 1.39966e-10 3.59216e-11 8.9355e-12 2.15695e-12 5.10781e-13 
2.57806e-13 2.92151e-13 1.16325e-12 5.24307e-12 2.30134e-11 9.75399e-11 3.98681e-10 1.56992e-09 5.94968e-09 2.1678e-08 7.58547e-08 2.54625e-07 8.19001e-07 2.52134e-06 7.42067e-06 2.08555e-05 5.59082e-05 0.000142803 0.000347186 0.000802681 0.0017633 0.0036781 0.00728154 0.0136777 0.0243777 0.0412376 0.0662517 0.101194 0.147169 0.204189 0.270954 0.344922 0.422706 0.500659 0.575468 0.64457 0.706325 0.759961 0.805404 0.843066 0.873662 0.898055 0.91715 0.931815 0.942839 0.950914 0.956639 0.960521 0.96298 0.964335 0.964784 0.964397 0.963104 0.960705 0.956881 0.951211 0.943183 0.932191 0.917532 0.898404 0.873926 0.843184 0.805309 0.759591 0.705627 0.643522 0.574098 0.499066 0.42106 0.343437 0.269836 0.203572 0.147078 0.101548 0.0668945 0.0419972 0.0251104 0.0142937 0.00774605 0.00399731 0.0019652 0.000921048 0.00041185 0.000175863 7.17833e-05 2.8038e-05 1.04911e-05 3.76471e-06 1.29709e-06 4.29553e-07 1.36884e-07 4.20194e-08 1.24382e-08 3.55407e-09 9.81243e-10 2.62013e-10 6.77273e-11 1.69624e-11 4.12138e-12 9.8257e-13 
4.85053e-13 5.60733e-13 2.22626e-12 9.9626e-12 4.3396e-11 1.82461e-10 7.39533e-10 2.88644e-09 1.08375e-08 3.91003e-08 1.35403e-07 4.49543e-07 1.42921e-06 4.34592e-06 1.26242e-05 3.49899e-05 9.24245e-05 0.000232404 0.000555716 0.00126239 0.00272213 0.00556812 0.0107995 0.0198568 0.0346159 0.0572402 0.089856 0.134079 0.190494 0.258269 0.33505 0.417251 0.500659 0.581179 0.655484 0.721376 0.777839 0.824841 0.86302 0.893393 0.91712 0.935354 0.949149 0.959421 0.966932 0.972307 0.976043 0.978538 0.980102 0.980958 0.981245 0.981008 0.980204 0.978696 0.976261 0.97259 0.967284 0.959838 0.949621 0.935857 0.917616 0.893825 0.863314 0.824907 0.77758 0.720706 0.654367 0.57966 0.498884 0.415457 0.333503 0.257191 0.189997 0.13414 0.0903451 0.05797 0.0354052 0.0205722 0.0113705 0.00597909 0.00299245 0.00142636 0.000648024 0.000280881 0.000116271 4.60176e-05 1.74331e-05 6.32902e-06 2.20454e-06 7.37613e-07 2.37339e-07 7.35234e-08 2.19521e-08 6.32384e-09 1.75947e-09 4.73269e-10 1.23188e-10 3.10574e-11 7.59407e-12 1.82239e-12 
8.7923e-13 1.03556e-12 4.09927e-12 1.82175e-11 7.87689e-11 3.28629e-10 1.32115e-09 5.11247e-09 1.90225e-08 6.79785e-08 2.33043e-07 7.65489e-07 2.40628e-06 7.22958e-06 2.07345e-05 5.6695e-05 0.000147614 0.000365538 0.000859949 0.00192006 0.00406528 0.00815664 0.0155024 0.0279061 0.0475892 0.0769296 0.118006 0.172027 0.238796 0.316432 0.401473 0.489406 0.575468 0.655484 0.726472 0.786886 0.836491 0.876017 0.906745 0.930158 0.947704 0.960667 0.970124 0.976935 0.981771 0.985143 0.987439 0.988946 0.98988 0.990388 0.990559 0.990424 0.989956 0.989067 0.987612 0.985379 0.982078 0.977321 0.970592 0.961212 0.948305 0.930778 0.907318 0.876447 0.836655 0.786651 0.725734 0.654217 0.573765 0.487481 0.399619 0.314939 0.237868 0.171727 0.118256 0.0775543 0.0483837 0.0286955 0.0161746 0.00866539 0.00441412 0.00213929 0.000987246 0.00043424 0.000182245 7.30643e-05 2.80158e-05 1.02869e-05 3.62145e-06 1.22386e-06 3.97512e-07 1.24237e-07 3.74048e-08 1.08607e-08 3.04439e-09 8.24704e-10 2.16111e-10 5.48339e-11 1.34901e-11 3.25789e-12 
