0.00216952 0.00219182 0.00226488 0.00238944 0.00256646 0.00279724 0.0030834 0.00342683 0.00382967 0.00429424 0.00482295 0.00541829 0.00608271 0.00681856 0.00762802 0.008513 0.00947505 0.0105153 0.0116344 0.0128323 0.0141084 0.0154614 0.016889 0.0183883 0.0199553 0.0215854 0.0232727 0.0250108 0.0267921 0.0286083 0.0304502 0.0323079 0.0341708 0.0360277 0.0378671 0.0396768 0.0414447 0.0431583 0.0448055 0.0463739 0.0478519 0.049228 0.0504914 0.0516321 0.0526408 0.0535095 0.0542308 0.0547989 0.055209 0.0554576 0.0555428 0.0554637 0.0552211 0.0548171 0.0542551 0.0535398 0.0526771 0.0516742 0.0505394 0.0492818 0.0479114 0.046439 0.0448759 0.0432339 0.0415252 0.0397621 0.0379569 0.0361217 0.0342686 0.0324091 0.0305544 0.0287151 0.0269011 0.0251214 0.0233845 0.0216977 0.0200677 0.0185003 0.017 0.0155709 0.014216 0.0129374 0.0117365 0.010614 0.00956995 0.00860367 0.00771412 0.00689976 0.00615871 0.00548885 0.00488784 0.00435327 0.00388268 0.00347369 0.003124 0.00283151 0.00259434 0.00241089 0.00227987 0.0022005 
0.00219182 0.00221436 0.00228819 0.00241405 0.0025929 0.00282605 0.00311514 0.00346209 0.00386904 0.00433833 0.0048724 0.00547374 0.00614484 0.00688807 0.0077056 0.00859937 0.00957093 0.0106214 0.0117515 0.0129611 0.0142495 0.0156155 0.0170568 0.0185704 0.0201523 0.0217978 0.023501 0.0252553 0.0270531 0.0288861 0.0307448 0.0326195 0.0344993 0.036373 0.0382289 0.0400548 0.0418384 0.0435672 0.0452289 0.0468111 0.048302 0.0496901 0.0509644 0.052115 0.0531325 0.0540086 0.0547361 0.055309 0.0557226 0.0559733 0.0560591 0.0559794 0.0557347 0.0553271 0.0547602 0.0540386 0.0531685 0.0521569 0.0510122 0.0497436 0.0483611 0.0468758 0.0452989 0.0436424 0.0419186 0.0401397 0.0383183 0.0364666 0.0345967 0.0327204 0.0308488 0.0289926 0.0271618 0.0253657 0.0236126 0.02191 0.0202647 0.0186824 0.0171679 0.0157252 0.0143572 0.0130663 0.0118537 0.0107203 0.00966602 0.00869025 0.00779192 0.00696949 0.00622108 0.00554453 0.00493751 0.00439757 0.00392225 0.00350913 0.00315591 0.00286046 0.00262089 0.00243559 0.00230325 0.00222309 
0.00226488 0.00228819 0.00236439 0.00249425 0.00267875 0.00291923 0.00321736 0.00357512 0.00399469 0.00447845 0.00502892 0.00564862 0.00634009 0.00710574 0.00794779 0.00886819 0.00986852 0.0109499 0.012113 0.0133576 0.0146833 0.0160883 0.0175706 0.0191268 0.0207531 0.0224443 0.0241946 0.025997 0.0278438 0.0297264 0.0316352 0.0335599 0.0354896 0.0374127 0.0393173 0.0411908 0.0430207 0.0447941 0.0464984 0.0481211 0.0496499 0.0510731 0.0523796 0.053559 0.054602 0.0554999 0.0562455 0.0568326 0.0572564 0.0575132 0.057601 0.0575191 0.0572682 0.0568503 0.0562691 0.0555293 0.0546372 0.0536 0.0524263 0.0511255 0.0497078 0.0481845 0.0465672 0.0448681 0.0430996 0.0412745 0.0394055 0.0375052 0.035586 0.0336598 0.0317382 0.0298321 0.0279518 0.0261068 0.0243057 0.0225562 0.0208652 0.0192387 0.0176816 0.016198 0.0147911 0.0134631 0.0122156 0.0110492 0.0099641 0.00895962 0.00803469 0.00718777 0.00641695 0.00572003 0.00509464 0.00453829 0.00404845 0.00362268 0.0032586 0.00295404 0.00270708 0.00251606 0.00237965 0.00229704 
0.00238944 0.00241405 0.00249425 0.00263084 0.00282485 0.00307766 0.00339101 0.00376694 0.00420772 0.00471582 0.00529381 0.00594433 0.00666998 0.00747324 0.00835639 0.00932141 0.0103699 0.011503 0.0127213 0.0140246 0.0154123 0.0168826 0.0184332 0.0200608 0.0217609 0.0235284 0.0253571 0.0272397 0.0291681 0.0311333 0.0331252 0.0351333 0.0371459 0.0391513 0.0411367 0.0430893 0.044996 0.0468435 0.0486186 0.0503083 0.0519 0.0533815 0.0547413 0.0559687 0.0570539 0.0579881 0.0587637 0.0593743 0.0598149 0.0600819 0.060173 0.0600875 0.0598262 0.0593912 0.0587862 0.0580163 0.0570877 0.0560082 0.0547864 0.0534321 0.051956 0.0503697 0.0486853 0.0469153 0.0450728 0.0431709 0.0412229 0.0392417 0.0372404 0.0352314 0.0332266 0.0312376 0.0292749 0.0273484 0.0254673 0.0236396 0.0218725 0.0201723 0.0185441 0.0169924 0.0155203 0.0141305 0.0128244 0.011603 0.0104662 0.00941368 0.00844421 0.00755624 0.00674783 0.00601674 0.00536052 0.0047766 0.00426239 0.00381533 0.003433 0.00311314 0.00285374 0.0026531 0.00250983 0.00242311 
0.00256646 0.0025929 0.00267875 0.00282485 0.00303227 0.00330248 0.00363731 0.00403887 0.00450956 0.00505195 0.00566875 0.00636269 0.00713648 0.0079927 0.00893369 0.00996149 0.0110777 0.0122835 0.0135794 0.0149652 0.01644 0.018002 0.0196486 0.0213761 0.0231799 0.0250544 0.026993 0.028988 0.0310307 0.0331115 0.0352199 0.0373445 0.0394733 0.0415936 0.0436922 0.0457554 0.0477695 0.0497205 0.0515945 0.053378 0.0550575 0.0566205 0.0580547 0.0593491 0.0604932 0.061478 0.0622954 0.0629388 0.063403 0.0636841 0.0637798 0.0636894 0.0634136 0.0629547 0.0623166 0.0615045 0.0605251 0.0593863 0.0580973 0.0566684 0.0551108 0.0534365 0.0516582 0.0497893 0.0478433 0.045834 0.0437754 0.0416812 0.0395651 0.0374401 0.0353189 0.0332136 0.0311355 0.029095 0.0271018 0.0251645 0.0232907 0.021487 0.0197592 0.0181117 0.0165482 0.0150715 0.0136832 0.0123843 0.0111751 0.0100549 0.00902272 0.00807698 0.00721566 0.00643645 0.00573679 0.00511403 0.00456546 0.0040884 0.00368033 0.00333887 0.00306193 0.00284771 0.00269478 0.00260224 
0.00279724 0.00282605 0.00291923 0.00307766 0.00330248 0.00359526 0.00395791 0.00439269 0.00490213 0.00548895 0.006156 0.00690615 0.00774225 0.00866698 0.00968279 0.0107918 0.0119956 0.0132953 0.0146914 0.0161837 0.0177709 0.0194512 0.0212216 0.023078 0.0250155 0.027028 0.0291082 0.0312478 0.0334377 0.0356673 0.0379255 0.0402002 0.0424783 0.0447464 0.0469904 0.0491958 0.0513479 0.0534318 0.0554329 0.0573367 0.0591291 0.0607965 0.0623263 0.0637065 0.0649263 0.065976 0.0668471 0.0675326 0.068027 0.0683262 0.0684278 0.068331 0.0680367 0.0675472 0.0668665 0.0660003 0.0649557 0.0637409 0.0623657 0.060841 0.0591786 0.0573914 0.0554927 0.0534966 0.0514176 0.0492704 0.0470697 0.0448302 0.0425664 0.0402923 0.0380214 0.0357665 0.0335399 0.0313526 0.029215 0.0271364 0.025125 0.0231881 0.0213317 0.0195607 0.0178793 0.0162904 0.0147959 0.0133971 0.0120941 0.0108865 0.00977329 0.00875283 0.00782306 0.00698156 0.00622569 0.00555263 0.00495956 0.00444365 0.00400221 0.00363277 0.0033331 0.00310129 0.00293582 0.00283575 
0.0030834 0.00311514 0.00321736 0.00339101 0.00363731 0.00395791 0.00435488 0.00483062 0.00538783 0.0060294 0.00675836 0.00757775 0.00849056 0.00949963 0.0106075 0.0118163 0.0131278 0.014543 0.0160623 0.0176853 0.0194107 0.0212362 0.0231584 0.025173 0.0272743 0.0294558 0.0317095 0.0340264 0.0363964 0.0388083 0.0412499 0.043708 0.0461687 0.0486175 0.0510392 0.0534183 0.0557389 0.0579852 0.0601414 0.0621921 0.0641221 0.0659171 0.0675634 0.0690484 0.0703604 0.0714892 0.0724258 0.0731626 0.0736938 0.0740151 0.0741239 0.0740194 0.0737024 0.0731755 0.072443 0.0715109 0.0703866 0.0690792 0.0675989 0.0659573 0.0641671 0.062242 0.0601962 0.0580449 0.0558035 0.0534878 0.0511135 0.0486965 0.0462522 0.0437957 0.0413416 0.0389037 0.0364952 0.0341282 0.0318138 0.0295621 0.0273821 0.0252818 0.0232676 0.0213453 0.0195191 0.0177924 0.0161675 0.0146458 0.0132275 0.0119125 0.0106996 0.00958727 0.00857325 0.00765508 0.00682997 0.00609496 0.00544705 0.00488325 0.0044007 0.00399676 0.00366905 0.00341555 0.00323462 0.00312527 
0.00342683 0.00346209 0.00357512 0.00376694 0.00403887 0.00439269 0.00483062 0.00535525 0.00596944 0.00667631 0.00747908 0.00838099 0.00938521 0.0104947 0.0117122 0.0130399 0.0144795 0.016032 0.0176978 0.0194762 0.0213656 0.0233634 0.0254659 0.0276681 0.0299639 0.0323457 0.034805 0.0373319 0.0399152 0.0425428 0.0452013 0.0478764 0.0505531 0.0532155 0.0558472 0.0584314 0.060951 0.063389 0.0657283 0.0679523 0.0700447 0.0719901 0.0737738 0.0753823 0.0768031 0.0780251 0.0790388 0.0798361 0.0804107 0.080758 0.0808753 0.0807616 0.0804179 0.079847 0.0790534 0.0780436 0.0768255 0.0754088 0.0738045 0.0720251 0.0700842 0.0679964 0.0657771 0.0634426 0.0610095 0.0584947 0.0559154 0.0532885 0.0506308 0.0479587 0.0452879 0.0426335 0.0400097 0.0374298 0.0349059 0.0324492 0.0300693 0.0277751 0.0255739 0.0234717 0.0214737 0.0195834 0.0178035 0.0161357 0.0145805 0.0131376 0.0118061 0.0105843 0.00946995 0.00846044 0.00755282 0.00674397 0.00603067 0.00540976 0.00487817 0.00443306 0.0040719 0.00379251 0.00359314 0.00347272 
0.00382967 0.00386904 0.00399469 0.00420772 0.00450956 0.00490213 0.00538783 0.00596944 0.00665007 0.00743302 0.00832176 0.00931976 0.0104304 0.0116568 0.0130017 0.0144676 0.0160561 0.0177682 0.019604 0.0215627 0.0236425 0.0258402 0.0281516 0.0305712 0.033092 0.0357059 0.0384031 0.0411728 0.0440028 0.0468796 0.0497886 0.0527144 0.0556403 0.0585491 0.061423 0.0642437 0.0669928 0.0696516 0.0722018 0.0746253 0.0769047 0.0790232 0.080965 0.0827156 0.0842615 0.0855907 0.0866931 0.0875599 0.0881844 0.0885616 0.0886886 0.0885644 0.08819 0.0875684 0.0867046 0.0856054 0.0842794 0.0827369 0.0809901 0.079052 0.0769376 0.0746625 0.0722434 0.0696979 0.0670438 0.0642997 0.0614839 0.0586149 0.0557111 0.05279 0.049869 0.0469645 0.0440919 0.0412659 0.0384998 0.0358057 0.0331945 0.0306758 0.0282577 0.0259473 0.0237498 0.0216698 0.01971 0.0178726 0.0161582 0.0145668 0.0130974 0.0117484 0.0105173 0.00940147 0.00839779 0.00750294 0.00671348 0.00602602 0.00543727 0.00494418 0.00454402 0.00423444 0.00401356 0.00388022 
0.00429424 0.00433833 0.00447845 0.00471582 0.00505195 0.00548895 0.0060294 0.00667631 0.00743302 0.0083031 0.00929026 0.0103982 0.0116305 0.0129906 0.0144812 0.016105 0.0178634 0.0197576 0.0217874 0.0239518 0.0262484 0.0286739 0.0312232 0.0338902 0.036667 0.0395446 0.0425122 0.0455577 0.0486677 0.0518273 0.0550206 0.0582304 0.0614388 0.0646267 0.0677749 0.0708634 0.0738719 0.0767805 0.0795691 0.0822182 0.0847088 0.0870229 0.0891433 0.0910543 0.0927414 0.0941917 0.0953941 0.0963394 0.0970201 0.0974311 0.097569 0.0974329 0.0970239 0.0963451 0.095402 0.0942019 0.0927541 0.0910698 0.0891618 0.0870447 0.0847342 0.0822474 0.0796025 0.0768183 0.0739143 0.0709106 0.0678272 0.0646841 0.0615013 0.0582982 0.0550935 0.0519052 0.0487504 0.0456449 0.0426036 0.0396398 0.0367656 0.0339915 0.0313268 0.0287791 0.0263546 0.0240582 0.0218934 0.0198625 0.0179666 0.0162056 0.0145787 0.0130841 0.0117196 0.0104822 0.00936867 0.0083754 0.00749875 0.00673507 0.00608085 0.00553279 0.00508794 0.00474377 0.00449825 0.00435012 
0.00482295 0.0048724 0.00502892 0.00529381 0.00566875 0.006156 0.00675836 0.00747908 0.00832176 0.00929026 0.0103886 0.0116206 0.0129902 0.014501 0.0161559 0.0179575 0.0199074 0.0220065 0.0242545 0.0266501 0.0291906 0.0318718 0.0346882 0.0376327 0.0406967 0.0438699 0.0471403 0.0504947 0.053918 0.057394 0.0609051 0.0644324 0.0679562 0.0714558 0.07491 0.0782971 0.0815951 0.084782 0.0878363 0.0907366 0.0934624 0.0959941 0.0983132 0.100403 0.102247 0.103832 0.105145 0.106178 0.106921 0.107369 0.10752 0.10737 0.106923 0.10618 0.105149 0.103837 0.102254 0.100411 0.0983242 0.0960077 0.093479 0.0907566 0.0878601 0.0848099 0.0816275 0.0783343 0.0749523 0.0715034 0.0680092 0.0644909 0.0609692 0.0574636 0.053993 0.0505748 0.0472254 0.0439595 0.0407904 0.03773 0.0347885 0.0319744 0.0292949 0.0267554 0.0243601 0.0221115 0.0200112 0.0180592 0.0162549 0.0145964 0.0130815 0.0117069 0.0104694 0.00936498 0.00838986 0.0075401 0.0068119 0.0062017 0.00570634 0.00532307 0.00504969 0.00488484 
0.00541829 0.00547374 0.00564862 0.00594433 0.00636269 0.00690615 0.00757775 0.00838099 0.00931976 0.0103982 0.0116206 0.0129912 0.014514 0.0161929 0.0180308 0.0200305 0.0221936 0.0245208 0.0270116 0.0296643 0.0324756 0.0354408 0.0385536 0.0418061 0.0451884 0.048689 0.0522948 0.055991 0.0597609 0.0635866 0.0674488 0.0713267 0.0751986 0.0790421 0.0828337 0.0865499 0.0901666 0.0936601 0.0970067 0.100183 0.103168 0.105939 0.108476 0.110762 0.112778 0.114511 0.115947 0.117075 0.117887 0.118377 0.11854 0.118376 0.117886 0.117074 0.115946 0.114511 0.112779 0.110763 0.108479 0.105943 0.103175 0.100193 0.0970197 0.0936769 0.0901876 0.0865756 0.0828645 0.0790783 0.0752405 0.0713745 0.0675026 0.0636465 0.0598268 0.0560627 0.0523723 0.0487718 0.045276 0.0418982 0.0386496 0.03554 0.0325773 0.0297678 0.0271161 0.0246255 0.0222977 0.0201331 0.0181311 0.0162899 0.0146072 0.0130797 0.0117037 0.0104753 0.00939024 0.00844429 0.00763341 0.00695378 0.00640194 0.00597495 0.00567041 0.00548688 
0.00608271 0.00614484 0.00634009 0.00666998 0.00713648 0.00774225 0.00849056 0.00938521 0.0104304 0.0116305 0.0129902 0.014514 0.0162062 0.0180707 0.0201109 0.0223293 0.0247275 0.0273061 0.0300644 0.0330001 0.0361094 0.039387 0.0428257 0.0464163 0.050148 0.054008 0.0579815 0.0620522 0.0662017 0.0704102 0.0746564 0.0789176 0.0831699 0.0873888 0.0915488 0.095624 0.0995883 0.103416 0.107081 0.110559 0.113825 0.116856 0.119631 0.12213 0.124334 0.126227 0.127796 0.129028 0.129914 0.130449 0.130627 0.130447 0.129911 0.129023 0.12779 0.126221 0.124327 0.122122 0.119624 0.11685 0.11382 0.110557 0.107082 0.10342 0.0995965 0.0956367 0.0915666 0.0874121 0.0831992 0.0789531 0.0746984 0.0704588 0.066257 0.0621141 0.0580499 0.0540826 0.0502284 0.0465021 0.0429163 0.0394818 0.0362076 0.0331009 0.0301671 0.0274098 0.0248312 0.0224321 0.020212 0.0181692 0.0163011 0.0146045 0.0130756 0.0117099 0.0105032 0.00945077 0.00854835 0.00779179 0.0071774 0.00670197 0.00636293 0.00615869 
0.00681856 0.00688807 0.00710574 0.00747324 0.0079927 0.00866698 0.00949963 0.0104947 0.0116568 0.0129906 0.014501 0.0161929 0.0180707 0.0201387 0.0224003 0.0248581 0.0275136 0.0303671 0.0334176 0.0366624 0.0400971 0.0437154 0.0475092 0.0514682 0.0555803 0.0598311 0.0642044 0.068682 0.0732436 0.0778675 0.0825301 0.0872067 0.0918711 0.0964964 0.101055 0.105518 0.109858 0.114047 0.118056 0.121858 0.125428 0.12874 0.131771 0.134499 0.136906 0.138972 0.140683 0.142027 0.142994 0.143576 0.14377 0.143573 0.142988 0.142019 0.140672 0.138958 0.13689 0.134483 0.131754 0.128723 0.125411 0.121843 0.118043 0.114037 0.109852 0.105516 0.101058 0.0965052 0.0918861 0.0872282 0.0825586 0.0779032 0.0732867 0.0687325 0.0642623 0.0598961 0.0556521 0.0515464 0.0475932 0.0438046 0.0401907 0.0367597 0.0335177 0.030469 0.0276163 0.0249607 0.0225018 0.0202381 0.018167 0.0162851 0.0145883 0.0130721 0.0117317 0.0105624 0.00955947 0.00871841 0.00803527 0.0075066 0.00712963 0.00690265 
0.00762802 0.0077056 0.00794779 0.00835639 0.00893369 0.00968279 0.0106075 0.0117122 0.0130017 0.0144812 0.0161559 0.0180308 0.0201109 0.0224003 0.0249027 0.0276206 0.0305556 0.0337076 0.0370751 0.040655 0.0444421 0.0484293 0.0526072 0.0569646 0.0614876 0.0661605 0.0709652 0.0758815 0.0808872 0.0859583 0.0910691 0.0961923 0.1013 0.106361 0.111348 0.116227 0.12097 0.125545 0.129922 0.134073 0.137967 0.14158 0.144885 0.147859 0.150481 0.152732 0.154596 0.15606 0.157112 0.157746 0.157956 0.157741 0.157103 0.156046 0.154578 0.152711 0.150456 0.147832 0.144856 0.14155 0.137938 0.134044 0.129895 0.12552 0.120948 0.116209 0.111335 0.106354 0.101299 0.0961983 0.0910824 0.0859795 0.0809164 0.0759189 0.0710109 0.0662143 0.0615493 0.0570337 0.0526833 0.0485116 0.04453 0.0407476 0.0371715 0.0338067 0.0306565 0.0277223 0.0250039 0.0225001 0.0202081 0.0181244 0.0162448 0.0145646 0.0130787 0.0117819 0.0106693 0.00973602 0.00897785 0.00839109 0.00797272 0.00772093 
0.008513 0.00859937 0.00886819 0.00932141 0.00996149 0.0107918 0.0118163 0.0130399 0.0144676 0.016105 0.0179575 0.0200305 0.0223293 0.0248581 0.0276206 0.0306195 0.033856 0.0373298 0.041039 0.0449798 0.0491462 0.0535301 0.0581209 0.062906 0.0678701 0.0729956 0.0782625 0.0836487 0.0891296 0.094679 0.100269 0.105869 0.111449 0.116976 0.122418 0.127741 0.132913 0.137899 0.142668 0.147188 0.151428 0.155359 0.158955 0.162189 0.16504 0.167487 0.169513 0.171103 0.172247 0.172935 0.173162 0.172928 0.172234 0.171085 0.169489 0.167458 0.165006 0.162152 0.158914 0.155316 0.151384 0.147144 0.142625 0.137857 0.132874 0.127706 0.122387 0.116951 0.11143 0.105858 0.100265 0.0946838 0.0891432 0.0836714 0.0782944 0.0730366 0.0679201 0.0629646 0.0581876 0.0536042 0.0492271 0.0450666 0.0411307 0.0374253 0.0339543 0.0307194 0.0277209 0.0249576 0.0224268 0.020125 0.0180477 0.0161899 0.0145463 0.0131114 0.0118799 0.0108467 0.0100072 0.00935739 0.00889414 0.00861544 
0.00947505 0.00957093 0.00986852 0.0103699 0.0110777 0.0119956 0.0131278 0.0144795 0.0160561 0.0178634 0.0199074 0.0221936 0.0247275 0.0275136 0.0305556 0.033856 0.0374159 0.0412347 0.0453099 0.049637 0.0542091 0.059017 0.0640489 0.0692905 0.074725 0.0803328 0.086092 0.0919781 0.0979643 0.104022 0.11012 0.116226 0.122307 0.128328 0.134253 0.140045 0.14567 0.151091 0.156274 0.161184 0.165788 0.170055 0.173957 0.177466 0.180558 0.183212 0.185408 0.187132 0.18837 0.189116 0.189362 0.189108 0.188354 0.187108 0.185377 0.183174 0.180514 0.177417 0.173904 0.169998 0.165728 0.161123 0.156213 0.151031 0.145612 0.139991 0.134202 0.128283 0.122269 0.116196 0.110098 0.104009 0.0979606 0.0919842 0.0861083 0.0803593 0.0747615 0.0693369 0.0641046 0.0590814 0.0542816 0.0497166 0.0453957 0.0413255 0.0375105 0.0339532 0.0306541 0.0276122 0.0248248 0.0222884 0.0199984 0.0179495 0.0161362 0.0145525 0.0131929 0.012052 0.0111248 0.0104071 0.00989543 0.00958773 
0.0105153 0.0106214 0.0109499 0.011503 0.0122835 0.0132953 0.014543 0.016032 0.0177682 0.0197576 0.0220065 0.0245208 0.0273061 0.0303671 0.0337076 0.0373298 0.0412347 0.0454212 0.0498863 0.0546245 0.0596281 0.0648865 0.0703868 0.0761129 0.0820461 0.088165 0.0944453 0.10086 0.107381 0.113975 0.12061 0.12725 0.133859 0.140399 0.146831 0.153118 0.159219 0.165097 0.170714 0.176033 0.181019 0.185639 0.189861 0.193658 0.197002 0.199872 0.202246 0.204109 0.205448 0.206253 0.206518 0.206243 0.205428 0.20408 0.202208 0.199825 0.196948 0.193596 0.189794 0.185566 0.180943 0.175954 0.170634 0.165017 0.159141 0.153043 0.14676 0.140333 0.1338 0.127199 0.120567 0.113942 0.107358 0.100848 0.0944442 0.0881752 0.0820676 0.0761454 0.07043 0.0649398 0.0596907 0.0546956 0.0499648 0.045506 0.0413245 0.0374234 0.0338035 0.030464 0.0274025 0.0246153 0.0220978 0.0198444 0.0178492 0.0161063 0.0146095 0.013353 0.0123318 0.0115413 0.0109777 0.0106389 
0.0116344 0.0117515 0.012113 0.0127213 0.0135794 0.0146914 0.0160623 0.0176978 0.019604 0.0217874 0.0242545 0.0270116 0.0300644 0.0334176 0.0370751 0.041039 0.0453099 0.0498863 0.0547643 0.0599378 0.0653978 0.0711325 0.0771274 0.0833648 0.0898239 0.0964812 0.10331 0.110281 0.117363 0.124521 0.131719 0.138919 0.146081 0.153165 0.160129 0.166931 0.173531 0.179885 0.185955 0.191701 0.197085 0.202072 0.206628 0.210724 0.214331 0.217425 0.219984 0.221992 0.223435 0.224302 0.224588 0.22429 0.223411 0.221957 0.219938 0.217368 0.214265 0.210649 0.206546 0.201983 0.196991 0.191603 0.185855 0.179785 0.173431 0.166834 0.160036 0.153077 0.146 0.138845 0.131654 0.124466 0.117319 0.110249 0.10329 0.0964733 0.0898285 0.0833817 0.0771564 0.071173 0.065449 0.0599989 0.0548342 0.0499639 0.0453938 0.0411279 0.0371674 0.0335119 0.030159 0.0271051 0.0243455 0.0218743 0.0196856 0.0177729 0.0161298 0.0147502 0.0136287 0.0127605 0.0121416 0.0117697 
0.0128323 0.0129611 0.0133576 0.0140246 0.0149652 0.0161837 0.0176853 0.0194762 0.0215627 0.0239518 0.0266501 0.0296643 0.0330001 0.0366624 0.040655 0.0449798 0.049637 0.0546245 0.0599378 0.0655696 0.0715099 0.0777455 0.08426 0.0910341 0.0980448 0.105266 0.11267 0.120223 0.127892 0.135639 0.143425 0.151208 0.158947 0.166597 0.174114 0.181452 0.188569 0.195418 0.201958 0.208146 0.213942 0.219309 0.224212 0.228617 0.232495 0.235821 0.238573 0.24073 0.24228 0.243211 0.243518 0.243197 0.242252 0.240689 0.238519 0.235755 0.232418 0.228529 0.224115 0.219204 0.213831 0.208029 0.201838 0.195296 0.188447 0.181332 0.173996 0.166484 0.158841 0.15111 0.143336 0.135561 0.127825 0.120169 0.112629 0.105239 0.0980308 0.0910337 0.0842731 0.0777715 0.0715482 0.0656193 0.0599977 0.0546935 0.0497137 0.0450628 0.0407426 0.0367531 0.0330921 0.0297561 0.0267401 0.0240383 0.0216444 0.0195517 0.0177534 0.0162433 0.0150154 0.0140647 0.013387 0.0129799 
0.0141084 0.0142495 0.0146833 0.0154123 0.01644 0.0177709 0.0194107 0.0213656 0.0236425 0.0262484 0.0291906 0.0324756 0.0361094 0.0400971 0.0444421 0.0491462 0.0542091 0.0596281 0.0653978 0.0715099 0.077953 0.0847125 0.0917703 0.0991049 0.106691 0.114501 0.122503 0.130662 0.138941 0.1473 0.155696 0.164085 0.172421 0.180658 0.188747 0.19664 0.204291 0.211651 0.218676 0.22532 0.231541 0.2373 0.242558 0.247281 0.251439 0.255004 0.257952 0.260263 0.261923 0.26292 0.263248 0.262904 0.261891 0.260216 0.257889 0.254927 0.251349 0.247179 0.242445 0.237177 0.231411 0.225183 0.218534 0.211507 0.204145 0.196495 0.188604 0.18052 0.17229 0.163962 0.155582 0.147197 0.13885 0.130585 0.122439 0.114452 0.106657 0.0990856 0.0917659 0.0847225 0.0779768 0.0715466 0.0654463 0.0596872 0.0542774 0.0492221 0.044524 0.0401832 0.036198 0.0325648 0.0292788 0.0263339 0.0237237 0.021441 0.019479 0.017831 0.0164907 0.0154529 0.0147132 0.014269 
0.0154614 0.0156155 0.0160883 0.0168826 0.018002 0.0194512 0.0212362 0.0233634 0.0258402 0.0286739 0.0318718 0.0354408 0.039387 0.0437154 0.0484293 0.0535301 0.059017 0.0648865 0.0711325 0.0777455 0.0847125 0.0920174 0.0996402 0.107557 0.115741 0.124162 0.132784 0.141571 0.150481 0.159473 0.168499 0.177513 0.186465 0.195305 0.203983 0.212447 0.220647 0.228532 0.236054 0.243166 0.249823 0.255982 0.261604 0.266654 0.271097 0.274905 0.278054 0.280523 0.282295 0.28336 0.283709 0.283342 0.282259 0.280469 0.277984 0.274819 0.270995 0.266538 0.261476 0.255842 0.249673 0.243008 0.23589 0.228364 0.220477 0.212277 0.203815 0.195141 0.186307 0.177362 0.168358 0.159343 0.150364 0.141468 0.132696 0.124089 0.115685 0.107517 0.0996166 0.0920098 0.0847202 0.0777677 0.0711682 0.0649344 0.0590755 0.0535977 0.0485042 0.0437959 0.0394711 0.0355266 0.0319575 0.0287577 0.0259203 0.0234383 0.0213043 0.0195114 0.0180531 0.0169237 0.0161188 0.0156355 
0.016889 0.0170568 0.0175706 0.0184332 0.0196486 0.0212216 0.0231584 0.0254659 0.0281516 0.0312232 0.0346882 0.0385536 0.0428257 0.0475092 0.0526072 0.0581209 0.0640489 0.0703868 0.0771274 0.08426 0.0917703 0.0996402 0.107848 0.116367 0.125169 0.134219 0.143482 0.152915 0.162476 0.172117 0.181791 0.191447 0.201031 0.21049 0.219771 0.228819 0.23758 0.246001 0.254031 0.26162 0.268721 0.275288 0.281282 0.286662 0.291396 0.295452 0.298806 0.301434 0.303321 0.304454 0.304825 0.304433 0.30328 0.301374 0.298727 0.295355 0.291282 0.286532 0.281137 0.27513 0.268551 0.261441 0.253844 0.245809 0.237385 0.228623 0.219576 0.210299 0.200845 0.191268 0.181623 0.17196 0.162331 0.152785 0.143368 0.134122 0.125089 0.116305 0.107803 0.0996133 0.0917604 0.0842663 0.0771488 0.070422 0.0640964 0.0581791 0.0526742 0.047583 0.0429044 0.0386352 0.0347706 0.0313046 0.0282301 0.0255397 0.023226 0.0212815 0.0196997 0.0184746 0.0176014 0.0170773 
0.0183883 0.0185704 0.0191268 0.0200608 0.0213761 0.023078 0.025173 0.0276681 0.0305712 0.0338902 0.0376327 0.0418061 0.0464163 0.0514682 0.0569646 0.062906 0.0692905 0.0761129 0.0833648 0.0910341 0.0991049 0.107557 0.116367 0.125507 0.134944 0.144641 0.15456 0.164656 0.174883 0.185191 0.195527 0.205838 0.216067 0.226158 0.236053 0.245695 0.255027 0.263993 0.272538 0.280611 0.288162 0.295144 0.301513 0.307229 0.312256 0.316563 0.320123 0.322913 0.324915 0.326117 0.326511 0.326095 0.324871 0.322847 0.320036 0.316456 0.312129 0.307084 0.301351 0.294968 0.287973 0.280411 0.272329 0.263776 0.254806 0.245472 0.23583 0.225938 0.215852 0.20563 0.195329 0.185004 0.17471 0.164499 0.154419 0.144518 0.134839 0.125421 0.116301 0.10751 0.0990759 0.0910229 0.0833705 0.0761341 0.0693257 0.0629535 0.0570223 0.0515343 0.0464886 0.0418825 0.0377111 0.0339684 0.0306474 0.0277403 0.0252395 0.0231373 0.0214269 0.0201021 0.0191579 0.0185912 
0.0199553 0.0201523 0.0207531 0.0217609 0.0231799 0.0250155 0.0272743 0.0299639 0.033092 0.036667 0.0406967 0.0451884 0.050148 0.0555803 0.0614876 0.0678701 0.074725 0.0820461 0.0898239 0.0980448 0.106691 0.115741 0.125169 0.134944 0.14503 0.15539 0.165979 0.176752 0.187658 0.198644 0.209654 0.220631 0.231515 0.242247 0.252765 0.263008 0.272918 0.282434 0.291501 0.300063 0.308067 0.315466 0.322213 0.328267 0.33359 0.33815 0.341917 0.344869 0.346987 0.348259 0.348675 0.348234 0.346939 0.344797 0.341822 0.338032 0.333451 0.328108 0.322036 0.315272 0.307858 0.299841 0.291268 0.282193 0.272671 0.262758 0.252514 0.241998 0.231271 0.220393 0.209426 0.198427 0.187455 0.176565 0.16581 0.155239 0.144899 0.134833 0.125079 0.115672 0.106642 0.0980149 0.0898125 0.082052 0.0747466 0.0679057 0.0615351 0.0556376 0.050213 0.0452587 0.0407702 0.0367414 0.0331652 0.0300338 0.0273393 0.0250738 0.0232302 0.021802 0.0207842 0.0201735 
0.0215854 0.0217978 0.0224443 0.0235284 0.0250544 0.027028 0.0294558 0.0323457 0.0357059 0.0395446 0.0438699 0.048689 0.054008 0.0598311 0.0661605 0.0729956 0.0803328 0.088165 0.0964812 0.105266 0.114501 0.124162 0.134219 0.144641 0.15539 0.166423 0.177694 0.189154 0.200748 0.212422 0.224114 0.235765 0.247311 0.25869 0.269836 0.280686 0.291177 0.301248 0.310838 0.31989 0.32835 0.336167 0.343294 0.349686 0.355305 0.360117 0.364092 0.367206 0.36944 0.370781 0.37122 0.370754 0.369388 0.367128 0.363988 0.359989 0.355154 0.349513 0.3431 0.335956 0.328122 0.319647 0.310582 0.300982 0.290904 0.280409 0.269557 0.258412 0.247037 0.235497 0.223856 0.212175 0.200515 0.188937 0.177495 0.166243 0.155231 0.144504 0.134104 0.124069 0.11443 0.105216 0.0964515 0.0881543 0.0803396 0.0730181 0.0661966 0.0598786 0.0540646 0.0487524 0.0439376 0.0396144 0.0357755 0.032413 0.0295188 0.0270849 0.0251038 0.0235691 0.0224753 0.0218192 
0.0232727 0.023501 0.0241946 0.0253571 0.026993 0.0291082 0.0317095 0.034805 0.0384031 0.0425122 0.0471403 0.0522948 0.0579815 0.0642044 0.0709652 0.0782625 0.086092 0.0944453 0.10331 0.11267 0.122503 0.132784 0.143482 0.15456 0.165979 0.177694 0.189655 0.201809 0.214099 0.226466 0.238846 0.251175 0.263387 0.275415 0.287191 0.298649 0.309723 0.320348 0.330462 0.340005 0.34892 0.357154 0.364658 0.371387 0.377301 0.382364 0.386546 0.389821 0.392171 0.39358 0.394042 0.393552 0.392114 0.389737 0.386434 0.382226 0.377138 0.371201 0.36445 0.356925 0.348672 0.339741 0.330184 0.320059 0.309425 0.298345 0.286884 0.275108 0.263083 0.250877 0.238556 0.226188 0.213835 0.201561 0.189426 0.177485 0.165792 0.154395 0.14334 0.132666 0.122409 0.112599 0.103261 0.0944169 0.0860829 0.0782709 0.0709888 0.0642412 0.0580289 0.0523504 0.0472016 0.0425767 0.0384685 0.034869 0.03177 0.0291633 0.0270412 0.0253971 0.0242253 0.0235226 
0.0250108 0.0252553 0.025997 0.0272397 0.028988 0.0312478 0.0340264 0.0373319 0.0411728 0.0455577 0.0504947 0.055991 0.0620522 0.068682 0.0758815 0.0836487 0.0919781 0.10086 0.110281 0.120223 0.130662 0.141571 0.152915 0.164656 0.176752 0.189154 0.201809 0.214661 0.22765 0.240713 0.253782 0.266791 0.279669 0.292346 0.304752 0.316817 0.328471 0.339648 0.350283 0.360313 0.369679 0.378328 0.386206 0.393269 0.399475 0.404787 0.409173 0.412608 0.415072 0.41655 0.417033 0.41652 0.415012 0.412518 0.409054 0.40464 0.399302 0.39307 0.385983 0.378082 0.369413 0.360028 0.349982 0.339335 0.328147 0.316486 0.304417 0.29201 0.279334 0.266461 0.253461 0.240403 0.227355 0.214382 0.201549 0.188914 0.176535 0.164463 0.152747 0.141428 0.130544 0.12013 0.110212 0.100813 0.091952 0.0836418 0.0758917 0.068707 0.0620895 0.0560379 0.0505487 0.0456162 0.0412333 0.037392 0.034084 0.0313008 0.0290347 0.0272788 0.0260273 0.025277 
0.0267921 0.0270531 0.0278438 0.0291681 0.0310307 0.0334377 0.0363964 0.0399152 0.0440028 0.0486677 0.053918 0.0597609 0.0662017 0.0732436 0.0808872 0.0891296 0.0979643 0.107381 0.117363 0.127892 0.138941 0.150481 0.162476 0.174883 0.187658 0.200748 0.214099 0.22765 0.241338 0.255095 0.268852 0.282538 0.296079 0.309402 0.322434 0.3351 0.34733 0.359054 0.370204 0.380716 0.390529 0.399586 0.407835 0.415227 0.42172 0.427277 0.431864 0.435456 0.438032 0.439578 0.440083 0.439546 0.437969 0.435361 0.431739 0.427121 0.421536 0.415016 0.407597 0.399325 0.390245 0.380412 0.369883 0.358718 0.346982 0.334743 0.322071 0.309037 0.295715 0.282178 0.2685 0.254754 0.24101 0.22734 0.213808 0.200479 0.187411 0.174661 0.16228 0.150312 0.138799 0.127775 0.117272 0.107314 0.0979205 0.0891067 0.0808832 0.0732561 0.0662281 0.0597985 0.0539641 0.0487196 0.0440579 0.039971 0.0364506 0.0334881 0.0310756 0.029206 0.0278736 0.0270748 
0.0286083 0.0288861 0.0297264 0.0311333 0.0331115 0.0356673 0.0388083 0.0425428 0.0468796 0.0518273 0.057394 0.0635866 0.0704102 0.0778675 0.0859583 0.094679 0.104022 0.113975 0.124521 0.135639 0.1473 0.159473 0.172117 0.185191 0.198644 0.212422 0.226466 0.240713 0.255095 0.269543 0.283982 0.29834 0.312538 0.3265 0.34015 0.353411 0.366209 0.378472 0.390129 0.401115 0.411367 0.420825 0.429436 0.437152 0.443926 0.449723 0.454507 0.458253 0.460939 0.46255 0.463077 0.462517 0.460872 0.458154 0.454376 0.449559 0.443733 0.436929 0.429186 0.420549 0.411066 0.400793 0.389788 0.378113 0.365837 0.353029 0.33976 0.326107 0.312144 0.29795 0.283599 0.26917 0.254736 0.24037 0.226143 0.212121 0.198367 0.18494 0.171893 0.159276 0.147132 0.135498 0.124408 0.113888 0.103959 0.0946393 0.0859393 0.0778667 0.0704249 0.0636142 0.0574316 0.051872 0.0469287 0.0425937 0.0388586 0.0357148 0.0331543 0.0311698 0.0297554 0.0289077 
0.0304502 0.0307448 0.0316352 0.0331252 0.0352199 0.0379255 0.0412499 0.0452013 0.0497886 0.0550206 0.0609051 0.0674488 0.0746564 0.0825301 0.0910691 0.100269 0.11012 0.12061 0.131719 0.143425 0.155696 0.168499 0.181791 0.195527 0.209654 0.224114 0.238846 0.253782 0.268852 0.283982 0.299097 0.314116 0.328962 0.343553 0.357811 0.371656 0.385011 0.397803 0.409957 0.421407 0.432087 0.441938 0.450903 0.458933 0.465983 0.472013 0.476989 0.480885 0.483678 0.485352 0.4859 0.485318 0.483608 0.480781 0.476852 0.471842 0.46578 0.4587 0.45064 0.441647 0.431771 0.421067 0.409596 0.397423 0.384617 0.371249 0.357396 0.343133 0.32854 0.313697 0.298683 0.283579 0.268462 0.253408 0.238492 0.223783 0.209347 0.195247 0.181539 0.168275 0.155502 0.14326 0.131583 0.120502 0.110038 0.100212 0.0910344 0.0825153 0.0746589 0.0674657 0.0609335 0.0550576 0.0498313 0.045247 0.041296 0.0379698 0.0352603 0.0331601 0.0316634 0.0307664 
0.0323079 0.0326195 0.0335599 0.0351333 0.0373445 0.0402002 0.043708 0.0478764 0.0527144 0.0582304 0.0644324 0.0713267 0.0789176 0.0872067 0.0961923 0.105869 0.116226 0.12725 0.138919 0.151208 0.164085 0.177513 0.191447 0.205838 0.220631 0.235765 0.251175 0.266791 0.282538 0.29834 0.314116 0.329786 0.345266 0.360474 0.375326 0.389742 0.403642 0.416948 0.429587 0.441488 0.452585 0.462817 0.472126 0.480461 0.487777 0.494033 0.499196 0.503236 0.506133 0.50787 0.508438 0.507834 0.506061 0.503129 0.499053 0.493856 0.487567 0.480218 0.471852 0.462513 0.452255 0.441132 0.429208 0.416549 0.403226 0.389312 0.374886 0.360027 0.344817 0.329338 0.313673 0.297906 0.282117 0.266386 0.25079 0.235403 0.220293 0.205528 0.191165 0.177261 0.163865 0.151019 0.13876 0.12712 0.116125 0.105794 0.0961414 0.0871774 0.0789073 0.0713324 0.0644512 0.0582592 0.0527502 0.0479164 0.0437495 0.0402409 0.0373823 0.0351664 0.0335871 0.0326408 
0.0341708 0.0344993 0.0354896 0.0371459 0.0394733 0.0424783 0.0461687 0.0505531 0.0556403 0.0614388 0.0679562 0.0751986 0.0831699 0.0918711 0.1013 0.111449 0.122307 0.133859 0.146081 0.158947 0.172421 0.186465 0.201031 0.216067 0.231515 0.247311 0.263387 0.279669 0.296079 0.312538 0.328962 0.345266 0.361365 0.377173 0.392604 0.407575 0.422003 0.435809 0.448917 0.461255 0.472756 0.483355 0.492996 0.501626 0.509199 0.515673 0.521015 0.525194 0.528191 0.529987 0.530575 0.52995 0.528116 0.525084 0.520867 0.51549 0.508981 0.501375 0.492712 0.48304 0.472412 0.460884 0.448522 0.435392 0.421567 0.407124 0.392141 0.376702 0.36089 0.344791 0.32849 0.312075 0.295628 0.279234 0.262972 0.246919 0.231148 0.215728 0.200721 0.186186 0.172175 0.158732 0.145899 0.133708 0.122186 0.111355 0.101232 0.091827 0.0831464 0.0751928 0.0679649 0.061459 0.0556689 0.0505871 0.0462055 0.0425153 0.0395083 0.0371772 0.0355157 0.0345203 
0.0360277 0.036373 0.0374127 0.0391513 0.0415936 0.0447464 0.0486175 0.0532155 0.0585491 0.0646267 0.0714558 0.0790421 0.0873888 0.0964964 0.106361 0.116976 0.128328 0.140399 0.153165 0.166597 0.180658 0.195305 0.21049 0.226158 0.242247 0.25869 0.275415 0.292346 0.309402 0.3265 0.343553 0.360474 0.377173 0.393562 0.409554 0.425061 0.439999 0.454287 0.467847 0.480606 0.492494 0.503447 0.513407 0.52232 0.530138 0.536821 0.542334 0.546648 0.549739 0.551593 0.552199 0.551555 0.549663 0.546534 0.542183 0.536634 0.529914 0.522061 0.513114 0.503122 0.492138 0.480221 0.467437 0.453853 0.439544 0.424589 0.409069 0.393068 0.376673 0.359972 0.343055 0.326009 0.308922 0.291882 0.27497 0.258267 0.24185 0.22579 0.210153 0.194999 0.180385 0.166358 0.152959 0.140226 0.128186 0.116864 0.106277 0.0964371 0.0873518 0.0790244 0.0714542 0.0646381 0.0585702 0.0532433 0.0486492 0.0447794 0.0416256 0.0391804 0.0374377 0.0363937 
0.0378671 0.0382289 0.0393173 0.0411367 0.0436922 0.0469904 0.0510392 0.0558472 0.061423 0.0677749 0.07491 0.0828337 0.0915488 0.101055 0.111348 0.122418 0.134253 0.146831 0.160129 0.174114 0.188747 0.203983 0.219771 0.236053 0.252765 0.269836 0.287191 0.304752 0.322434 0.34015 0.357811 0.375326 0.392604 0.409554 0.426084 0.442106 0.457534 0.472284 0.486278 0.499439 0.511698 0.522989 0.533253 0.542435 0.550488 0.557371 0.563047 0.567487 0.570669 0.572578 0.573202 0.572539 0.570592 0.567371 0.562892 0.557179 0.550259 0.54217 0.532952 0.522655 0.511332 0.499043 0.485854 0.471835 0.457063 0.441616 0.425579 0.409037 0.392081 0.3748 0.357286 0.339632 0.321926 0.304259 0.286718 0.269384 0.252339 0.235656 0.219406 0.20365 0.188448 0.17385 0.1599 0.146636 0.134091 0.122288 0.111246 0.10098 0.0914981 0.0828039 0.0748979 0.0677771 0.0614364 0.0558685 0.0510656 0.0470192 0.043721 0.0411637 0.0393409 0.0382491 
0.0396768 0.0400548 0.0411908 0.0430893 0.0457554 0.0491958 0.0534183 0.0584314 0.0642437 0.0708634 0.0782971 0.0865499 0.095624 0.105518 0.116227 0.127741 0.140045 0.153118 0.166931 0.181452 0.19664 0.212447 0.228819 0.245695 0.263008 0.280686 0.298649 0.316817 0.3351 0.353411 0.371656 0.389742 0.407575 0.425061 0.442106 0.458621 0.474516 0.489707 0.504113 0.517657 0.530268 0.54188 0.552432 0.56187 0.570146 0.577216 0.583047 0.587607 0.590876 0.592835 0.593477 0.592796 0.590797 0.58749 0.58289 0.577021 0.569912 0.5616 0.552126 0.541538 0.529893 0.51725 0.503677 0.489244 0.474029 0.458113 0.441582 0.424524 0.40703 0.389193 0.371107 0.352867 0.334566 0.316297 0.298148 0.280207 0.262555 0.245271 0.228427 0.212088 0.196316 0.181165 0.16668 0.152901 0.139863 0.127592 0.116109 0.105428 0.0955596 0.086508 0.0782743 0.0708564 0.0642492 0.0584462 0.0534393 0.0492203 0.045781 0.043114 0.0412131 0.0400746 
0.0414447 0.0418384 0.0430207 0.044996 0.0477695 0.0513479 0.0557389 0.060951 0.0669928 0.0738719 0.0815951 0.0901666 0.0995883 0.109858 0.12097 0.132913 0.14567 0.159219 0.173531 0.188569 0.204291 0.220647 0.23758 0.255027 0.272918 0.291177 0.309723 0.328471 0.34733 0.366209 0.385011 0.403642 0.422003 0.439999 0.457534 0.474516 0.490855 0.506463 0.521259 0.535166 0.548109 0.560024 0.570848 0.580527 0.589011 0.596259 0.602235 0.606908 0.610257 0.612265 0.612922 0.612225 0.610178 0.606789 0.602076 0.596061 0.588774 0.580252 0.570536 0.559676 0.547726 0.534749 0.520812 0.505988 0.490354 0.473993 0.456993 0.439443 0.421437 0.403071 0.38444 0.365641 0.346772 0.327926 0.309196 0.290672 0.272438 0.254576 0.237162 0.220263 0.203942 0.188257 0.173256 0.158982 0.145469 0.132746 0.120835 0.109753 0.0995104 0.0901126 0.0815617 0.0738557 0.0669904 0.0609592 0.0557544 0.051368 0.0477918 0.0450184 0.0430416 0.0418577 
0.0431583 0.0435672 0.0447941 0.0468435 0.0497205 0.0534318 0.0579852 0.063389 0.0696516 0.0767805 0.084782 0.0936601 0.103416 0.114047 0.125545 0.137899 0.151091 0.165097 0.179885 0.195418 0.211651 0.228532 0.246001 0.263993 0.282434 0.301248 0.320348 0.339648 0.359054 0.378472 0.397803 0.416948 0.435809 0.454287 0.472284 0.489707 0.506463 0.522464 0.537627 0.551874 0.56513 0.577328 0.588406 0.59831 0.60699 0.614404 0.620515 0.625294 0.628719 0.630772 0.631444 0.630732 0.628638 0.625174 0.620355 0.614204 0.606751 0.598032 0.58809 0.576974 0.56474 0.55145 0.537171 0.521978 0.50595 0.489171 0.471728 0.453714 0.435225 0.416357 0.39721 0.377882 0.358472 0.339078 0.319796 0.300717 0.28193 0.263517 0.245558 0.228123 0.211279 0.195084 0.179589 0.164839 0.150871 0.137715 0.125394 0.113927 0.103325 0.0935942 0.0847381 0.0767552 0.0696413 0.0633905 0.0579953 0.0534476 0.0497395 0.0468635 0.0448136 0.0435861 
0.0448055 0.0452289 0.0464984 0.0486186 0.0515945 0.0554329 0.0601414 0.0657283 0.0722018 0.0795691 0.0878363 0.0970067 0.107081 0.118056 0.129922 0.142668 0.156274 0.170714 0.185955 0.201958 0.218676 0.236054 0.254031 0.272538 0.291501 0.310838 0.330462 0.350283 0.370204 0.390129 0.409957 0.429587 0.448917 0.467847 0.486278 0.504113 0.521259 0.537627 0.553133 0.567696 0.581242 0.593704 0.60502 0.615133 0.623994 0.631562 0.637799 0.642676 0.64617 0.648265 0.648951 0.648224 0.646089 0.642555 0.637638 0.631361 0.623753 0.614852 0.6047 0.593347 0.580848 0.567266 0.552669 0.537132 0.520736 0.503564 0.485708 0.467259 0.448316 0.428978 0.409345 0.389519 0.3696 0.34969 0.329887 0.310284 0.290972 0.272039 0.253564 0.235622 0.218281 0.201602 0.185638 0.170436 0.156035 0.142466 0.129756 0.117921 0.106977 0.0969292 0.0877821 0.0795348 0.0721838 0.0657233 0.0601462 0.0554444 0.0516102 0.0486363 0.0465165 0.0452473 
0.0463739 0.0468111 0.0481211 0.0503083 0.053378 0.0573367 0.0621921 0.0679523 0.0746253 0.0822182 0.0907366 0.100183 0.110559 0.121858 0.134073 0.147188 0.161184 0.176033 0.191701 0.208146 0.22532 0.243166 0.26162 0.280611 0.300063 0.31989 0.340005 0.360313 0.380716 0.401115 0.421407 0.441488 0.461255 0.480606 0.499439 0.517657 0.535166 0.551874 0.567696 0.582552 0.596367 0.609073 0.620606 0.630912 0.639941 0.647649 0.654002 0.658969 0.662527 0.664661 0.66536 0.664621 0.662447 0.658848 0.653841 0.647448 0.639699 0.63063 0.620284 0.608712 0.595968 0.582116 0.567226 0.551371 0.534633 0.517098 0.498857 0.480005 0.46064 0.440863 0.420777 0.400486 0.380092 0.3597 0.339408 0.319314 0.299512 0.28009 0.261131 0.242712 0.224904 0.20777 0.191364 0.175737 0.160927 0.14697 0.133891 0.12171 0.110442 0.100095 0.0906725 0.0821753 0.0745999 0.067941 0.0621916 0.057344 0.0533905 0.0503237 0.0481377 0.046829 
0.0478519 0.048302 0.0496499 0.0519 0.0550575 0.0591291 0.0641221 0.0700447 0.0769047 0.0847088 0.0934624 0.103168 0.113825 0.125428 0.137967 0.151428 0.165788 0.181019 0.197085 0.213942 0.231541 0.249823 0.268721 0.288162 0.308067 0.32835 0.34892 0.369679 0.390529 0.411367 0.432087 0.452585 0.472756 0.492494 0.511698 0.530268 0.548109 0.56513 0.581242 0.596367 0.610428 0.623356 0.63509 0.645572 0.654753 0.66259 0.669048 0.674097 0.677714 0.679883 0.680593 0.679843 0.677634 0.673977 0.668887 0.662389 0.65451 0.645288 0.634766 0.622993 0.610026 0.595927 0.580767 0.56462 0.547569 0.5297 0.511105 0.491881 0.472126 0.451945 0.431441 0.41072 0.389887 0.369047 0.348303 0.327754 0.307496 0.28762 0.268211 0.249349 0.231106 0.213547 0.19673 0.180705 0.165515 0.151194 0.137771 0.125267 0.113696 0.103069 0.0933889 0.0846576 0.0768721 0.0700273 0.0641166 0.0591323 0.0550669 0.0519132 0.0496651 0.0483193 
