6.41931e-10 6.77355e-10 9.47628e-10 1.53437e-09 2.60516e-09 4.45152e-09 7.54959e-09 1.2653e-08 2.09289e-08 3.41523e-08 5.49771e-08 8.73045e-08 1.36775e-07 2.11407e-07 3.22409e-07 4.85181e-07 7.20522e-07 1.05603e-06 1.52767e-06 2.18147e-06 3.07524e-06 4.28016e-06 5.88214e-06 7.98266e-06 1.06989e-05 1.41629e-05 1.85195e-05 2.39225e-05 3.05302e-05 3.84976e-05 4.79691e-05 5.9068e-05 7.18867e-05 8.64753e-05 0.000102832 0.000120893 0.000140529 0.000161536 0.000183642 0.000206503 0.000229719 0.00025284 0.000275382 0.000296845 0.00031673 0.000334559 0.000349891 0.000362342 0.000371592 0.000377406 0.000379631 0.000378213 0.000373189 0.000364691 0.00035294 0.000338239 0.000320961 0.000301537 0.000280436 0.000258155 0.000235193 0.000212034 0.000189136 0.000166906 0.000145696 0.000125794 0.000107412 9.06975e-05 7.57252e-05 6.25106e-05 5.10151e-05 4.11568e-05 3.28209e-05 2.58698e-05 2.01528e-05 1.55149e-05 1.18031e-05 8.87261e-06 6.58987e-06 4.83549e-06 3.50518e-06 2.50987e-06 1.77514e-06 1.23999e-06 8.55422e-07 5.82757e-07 3.92022e-07 2.60389e-07 1.70764e-07 1.10564e-07 7.0673e-08 4.45964e-08 2.77808e-08 1.70844e-08 1.03736e-08 6.22268e-09 3.69442e-09 2.18404e-09 1.3103e-09 8.42809e-10 
6.77355e-10 7.15594e-10 1.00457e-09 1.63246e-09 2.7805e-09 4.76443e-09 8.10095e-09 1.36094e-08 2.25614e-08 3.6894e-08 5.95084e-08 9.4676e-08 1.48581e-07 2.30027e-07 3.51332e-07 5.29438e-07 7.87245e-07 1.15516e-06 1.67284e-06 2.39105e-06 3.37357e-06 4.69896e-06 6.46206e-06 8.77486e-06 1.17667e-05 1.55833e-05 2.03844e-05 2.63398e-05 3.36236e-05 4.24069e-05 5.28483e-05 6.50836e-05 7.92136e-05 9.5293e-05 0.000113319 0.00013322 0.000154852 0.000177991 0.000202333 0.000227503 0.000253056 0.000278499 0.000303297 0.000326903 0.000348767 0.000368365 0.000385215 0.000398892 0.000409049 0.000415427 0.000417861 0.000416289 0.000410754 0.0004014 0.00038847 0.000372296 0.000353288 0.000331917 0.000308701 0.000284184 0.000258914 0.000233425 0.000208219 0.000183747 0.000160395 0.00013848 0.000118239 9.98314e-05 8.33424e-05 6.87889e-05 5.6129e-05 4.52728e-05 3.60938e-05 2.84406e-05 2.21475e-05 1.70433e-05 1.29596e-05 9.73653e-06 7.22699e-06 5.29927e-06 3.83834e-06 2.74603e-06 1.9403e-06 1.35393e-06 9.32949e-07 6.34776e-07 4.26436e-07 2.82834e-07 1.85193e-07 1.19705e-07 7.63795e-08 4.81059e-08 2.99068e-08 1.83528e-08 1.11188e-08 6.65384e-09 3.94039e-09 2.32304e-09 1.38947e-09 8.90983e-10 
9.47628e-10 1.00457e-09 1.41362e-09 2.2994e-09 3.91712e-09 6.71066e-09 1.14055e-08 1.91506e-08 3.17264e-08 5.18413e-08 8.35439e-08 1.32785e-07 2.08161e-07 3.21883e-07 4.90998e-07 7.38892e-07 1.09709e-06 1.60734e-06 2.32391e-06 3.31608e-06 4.67059e-06 6.49394e-06 8.9142e-06 1.20821e-05 1.61711e-05 2.13757e-05 2.79082e-05 3.59933e-05 4.58601e-05 5.77322e-05 7.18154e-05 8.82834e-05 0.000107263 0.000128818 0.000152935 0.000179512 0.000208349 0.000239141 0.000271483 0.000304872 0.00033872 0.000372374 0.000405134 0.000436279 0.000465094 0.000490894 0.000513051 0.000531017 0.00054434 0.000552685 0.000555841 0.000553728 0.000546402 0.000534052 0.000516994 0.00049566 0.000470581 0.000442373 0.000411712 0.000379306 0.000345876 0.000312123 0.000278707 0.000246224 0.000215188 0.00018602 0.000159041 0.000134468 0.00011242 9.29271e-05 7.5941e-05 6.13487e-05 4.89883e-05 3.86633e-05 3.01569e-05 2.32445e-05 1.77035e-05 1.33219e-05 9.90378e-06 7.27321e-06 5.27598e-06 3.78e-06 2.67458e-06 1.86877e-06 1.28932e-06 8.78273e-07 5.90656e-07 3.92143e-07 2.56999e-07 1.66254e-07 1.06156e-07 6.69009e-08 4.16125e-08 2.55465e-08 1.54817e-08 9.26668e-09 5.4884e-09 3.23603e-09 1.93617e-09 1.24285e-09 
1.53437e-09 1.63246e-09 2.2994e-09 3.73659e-09 6.35453e-09 1.0865e-08 1.84283e-08 3.08761e-08 5.10388e-08 8.32076e-08 1.33777e-07 2.12111e-07 3.31692e-07 5.11596e-07 7.78351e-07 1.1682e-06 1.72982e-06 2.52734e-06 3.64382e-06 5.18476e-06 7.28166e-06 1.00952e-05 1.38175e-05 1.86737e-05 2.49214e-05 3.28477e-05 4.27641e-05 5.49982e-05 6.98815e-05 8.77345e-05 0.000108849 0.000133466 0.000161757 0.000193799 0.000229555 0.000268858 0.000311399 0.00035672 0.000404218 0.000453151 0.000502662 0.000551798 0.000599549 0.000644874 0.000686746 0.000724185 0.000756295 0.000782294 0.000801543 0.000813565 0.000818063 0.000814925 0.000804233 0.000786258 0.000761448 0.000730421 0.000693937 0.000652875 0.000608203 0.000560941 0.000512125 0.000462768 0.00041383 0.000366177 0.000320565 0.000277616 0.000237806 0.000201467 0.000168787 0.000139826 0.000114526 9.27351e-05 7.42282e-05 5.87266e-05 4.59199e-05 3.54834e-05 2.70935e-05 2.04399e-05 1.52343e-05 1.12164e-05 8.15694e-06 5.85876e-06 4.15571e-06 2.91076e-06 2.01303e-06 1.37448e-06 9.26491e-07 6.16485e-07 4.04906e-07 2.62489e-07 1.67947e-07 1.06051e-07 6.60901e-08 4.06483e-08 2.46775e-08 1.47964e-08 8.77859e-09 5.18549e-09 3.1096e-09 2.00258e-09 
2.60516e-09 2.7805e-09 3.91712e-09 6.35453e-09 1.07816e-08 1.83886e-08 3.11097e-08 5.19885e-08 8.57112e-08 1.39358e-07 2.2344e-07 3.53291e-07 5.50901e-07 8.47254e-07 1.28526e-06 1.9233e-06 2.83938e-06 4.13588e-06 5.9447e-06 8.43261e-06 1.18064e-05 1.63173e-05 2.22645e-05 2.99963e-05 3.99087e-05 5.24409e-05 6.8066e-05 8.72779e-05 0.000110572 0.000138424 0.000171259 0.000209422 0.00025315 0.000302531 0.000357484 0.000417727 0.000482768 0.000551891 0.000624167 0.000698468 0.000773493 0.000847811 0.000919905 0.000988227 0.00105125 0.00110752 0.00115571 0.00119468 0.00122349 0.00124143 0.00124807 0.00124326 0.00122711 0.00120002 0.00116266 0.00111593 0.00106097 0.000999062 0.000931653 0.000860254 0.000786411 0.00071164 0.000637379 0.00056494 0.000495468 0.000429914 0.000369018 0.000313301 0.000263073 0.000218444 0.000179353 0.000145591 0.000116835 9.26789e-05 7.26621e-05 5.63002e-05 4.31063e-05 3.26103e-05 2.43726e-05 1.79945e-05 1.31226e-05 9.45142e-06 6.72245e-06 4.72137e-06 3.27399e-06 2.2414e-06 1.51479e-06 1.01053e-06 6.65391e-07 4.32423e-07 2.77345e-07 1.75548e-07 1.09654e-07 6.75958e-08 4.11289e-08 2.4715e-08 1.4696e-08 8.70163e-09 5.23306e-09 3.38292e-09 
4.45152e-09 4.76443e-09 6.71066e-09 1.0865e-08 1.83886e-08 3.12812e-08 5.27809e-08 8.79676e-08 1.44634e-07 2.34512e-07 3.74951e-07 5.91167e-07 9.19171e-07 1.4095e-06 2.13184e-06 3.18058e-06 4.6813e-06 6.79801e-06 9.74101e-06 1.37749e-05 1.9226e-05 2.64889e-05 3.60308e-05 4.83923e-05 6.41849e-05 8.40819e-05 0.000108804 0.000139098 0.000175707 0.000219335 0.000270604 0.000330009 0.000397868 0.000474279 0.000559072 0.000651781 0.000751614 0.000857457 0.000967874 0.00108114 0.00119527 0.00130812 0.0014174 0.00152079 0.00161602 0.00170093 0.00177356 0.00183221 0.00187549 0.00190239 0.00191225 0.00190485 0.00188037 0.00183941 0.00178294 0.00171231 0.00162919 0.00153551 0.00143339 0.00132511 0.00121296 0.00109924 0.000986097 0.000875528 0.000769278 0.000668808 0.000575265 0.000489473 0.000411938 0.000342867 0.000282203 0.000229661 0.000184779 0.000146965 0.000115535 8.9765e-05 6.89195e-05 5.22839e-05 3.91864e-05 2.9013e-05 2.12174e-05 1.53244e-05 1.09301e-05 7.69771e-06 5.35252e-06 3.67428e-06 2.4898e-06 1.66534e-06 1.0994e-06 7.16294e-07 4.60565e-07 2.92237e-07 1.82984e-07 1.13068e-07 6.89579e-08 4.15342e-08 2.47554e-08 1.4695e-08 8.86381e-09 5.75224e-09 
7.54959e-09 8.10095e-09 1.14055e-08 1.84283e-08 3.11097e-08 5.27809e-08 8.8819e-08 1.47629e-07 2.42063e-07 3.91393e-07 6.24017e-07 9.81045e-07 1.52095e-06 2.32545e-06 3.50675e-06 5.21614e-06 7.654e-06 1.10808e-05 1.58289e-05 2.23144e-05 3.10478e-05 4.2643e-05 5.78227e-05 7.74188e-05 0.000102366 0.000133686 0.000172468 0.000219827 0.000276866 0.000344615 0.000423973 0.000515634 0.000620023 0.00073722 0.000866904 0.00100831 0.00116019 0.00132081 0.00148799 0.00165909 0.00183117 0.00200098 0.00216512 0.00232018 0.00246277 0.00258974 0.00269821 0.00278569 0.00285015 0.00289011 0.00290463 0.00289339 0.00285665 0.00279529 0.00271073 0.00260496 0.00248041 0.00233992 0.00218664 0.00202389 0.00185511 0.00168368 0.00151284 0.00134556 0.00118449 0.00103185 0.000889403 0.00075844 0.000639778 0.000533787 0.000440437 0.000359354 0.000289888 0.000231183 0.00018224 0.000141984 0.000109317 8.31645e-05 6.25077e-05 4.6411e-05 3.40368e-05 2.46527e-05 1.76327e-05 1.24527e-05 8.68272e-06 5.97656e-06 4.0608e-06 2.72333e-06 1.80255e-06 1.17745e-06 7.58999e-07 4.82799e-07 3.03047e-07 1.87708e-07 1.14752e-07 6.92804e-08 4.13921e-08 2.46339e-08 1.49039e-08 9.7094e-09 
1.2653e-08 1.36094e-08 1.91506e-08 3.08761e-08 5.19885e-08 8.79676e-08 1.47629e-07 2.44709e-07 4.0013e-07 6.45159e-07 1.02568e-06 1.60788e-06 2.48547e-06 3.78891e-06 5.69652e-06 8.44769e-06 1.2358e-05 1.78356e-05 2.53989e-05 3.56933e-05 4.95068e-05 6.77815e-05 9.16201e-05 0.000122284 0.000161182 0.000209844 0.000269885 0.000342951 0.000430648 0.000534461 0.00065566 0.000795202 0.000953622 0.00113094 0.00132659 0.00153932 0.00176721 0.0020076 0.00225721 0.00251212 0.00276793 0.00301987 0.00326298 0.00349224 0.00370276 0.00388995 0.00404966 0.00417829 0.00427295 0.00433149 0.00435259 0.00433577 0.00428144 0.00419083 0.00406603 0.00390988 0.00372591 0.00351822 0.00329136 0.0030502 0.00279973 0.00254491 0.00229049 0.0020409 0.00180006 0.00157131 0.00135732 0.00116009 0.00098091 0.000820421 0.000678667 0.000555177 0.00044906 0.000359101 0.000283865 0.000221784 0.000171244 0.000130649 9.84799e-05 7.33301e-05 5.39329e-05 3.91749e-05 2.80992e-05 1.99003e-05 1.39143e-05 9.60399e-06 6.54323e-06 4.39993e-06 2.91998e-06 1.91234e-06 1.23588e-06 7.88131e-07 4.95928e-07 3.07931e-07 1.88703e-07 1.14201e-07 6.8397e-08 4.08118e-08 2.47675e-08 1.61976e-08 
2.09289e-08 2.25614e-08 3.17264e-08 5.10388e-08 8.57112e-08 1.44634e-07 2.42063e-07 4.0013e-07 6.5243e-07 1.04898e-06 1.66288e-06 2.59916e-06 4.00594e-06 6.08849e-06 9.12617e-06 1.34923e-05 1.96765e-05 2.83094e-05 4.01873e-05 5.62967e-05 7.7835e-05 0.000106226 0.000143127 0.000190419 0.000250192 0.000324698 0.000416294 0.000527362 0.000660201 0.000816908 0.00099924 0.00120847 0.00144525 0.00170945 0.00200008 0.00231518 0.00265181 0.00300599 0.00337283 0.0037466 0.00412087 0.00448876 0.00484308 0.00517665 0.00548247 0.00575402 0.00598539 0.00617151 0.00630828 0.00639268 0.00642285 0.00639813 0.00631909 0.00618749 0.00600629 0.0057795 0.00551214 0.00521002 0.00487966 0.00452799 0.00416217 0.00378935 0.00341644 0.00304983 0.0026953 0.00235776 0.00204122 0.0017487 0.00148221 0.00124285 0.00103079 0.0008455 0.000685772 0.000549932 0.000435952 0.000341592 0.000264516 0.0002024 0.000153011 0.000114268 8.42874e-05 6.14012e-05 4.41685e-05 3.13704e-05 2.19962e-05 1.52248e-05 1.04014e-05 7.01335e-06 4.66685e-06 3.06448e-06 1.98563e-06 1.26949e-06 8.00837e-07 4.98489e-07 3.06228e-07 1.85779e-07 1.11542e-07 6.67327e-08 4.06237e-08 2.66702e-08 
3.41523e-08 3.6894e-08 5.18413e-08 8.32076e-08 1.39358e-07 2.34512e-07 3.91393e-07 6.45159e-07 1.04898e-06 1.68169e-06 2.65813e-06 4.14251e-06 6.36553e-06 9.64544e-06 1.44134e-05 2.12429e-05 3.08826e-05 4.42914e-05 6.26742e-05 8.75154e-05 0.000120606 0.000164065 0.000220339 0.000292192 0.000382667 0.000495025 0.000632645 0.000798908 0.00099704 0.00122994 0.00149997 0.00180879 0.0021571 0.0025445 0.00296934 0.00342858 0.00391779 0.00443113 0.00496146 0.0055005 0.00603906 0.00656732 0.00707513 0.00755234 0.00798918 0.00837648 0.00870603 0.00897079 0.00916508 0.00928473 0.00932715 0.00929147 0.00917847 0.00899062 0.00873199 0.00840819 0.00802618 0.00759411 0.00712105 0.00661676 0.00609133 0.00555488 0.00501721 0.0044875 0.00397403 0.00348398 0.00302321 0.00259623 0.00220614 0.00185469 0.00154239 0.00126863 0.00103188 0.000829862 0.000659784 0.000518501 0.000402702 0.000309056 0.000234339 0.000175527 0.000129859 9.48786e-05 6.84507e-05 4.87581e-05 3.42865e-05 2.37991e-05 1.63049e-05 1.10244e-05 7.35589e-06 4.8432e-06 3.14645e-06 2.01689e-06 1.27558e-06 7.96002e-07 4.90213e-07 2.98135e-07 1.79453e-07 1.07651e-07 6.57391e-08 4.33268e-08 
5.49771e-08 5.95084e-08 8.35439e-08 1.33777e-07 2.2344e-07 3.74951e-07 6.24017e-07 1.02568e-06 1.66288e-06 2.65813e-06 4.18912e-06 6.50892e-06 9.97151e-06 1.50631e-05 2.24391e-05 3.29675e-05 4.77752e-05 6.82985e-05 9.63321e-05 0.000134075 0.000184164 0.000249698 0.000334235 0.000441764 0.000576646 0.00074351 0.000947115 0.00119217 0.00148311 0.00182384 0.00221747 0.00266605 0.00317026 0.00372919 0.00434016 0.00499857 0.00569787 0.0064296 0.00718354 0.00794795 0.0087099 0.00945565 0.0101711 0.0108422 0.0114555 0.0119985 0.0124598 0.01283 0.0131012 0.0132679 0.0133266 0.0132761 0.0131173 0.0128538 0.0124911 0.0120368 0.0115003 0.010893 0.0102271 0.00951623 0.00877427 0.00801528 0.00725297 0.00650024 0.00576882 0.00506893 0.00440906 0.00379582 0.00323388 0.00272604 0.00227331 0.00187514 0.00152963 0.00123381 0.000983879 0.000775534 0.000604162 0.000465083 0.000353722 0.000265756 0.000197209 0.000144521 0.000104578 7.47124e-05 5.26914e-05 3.66803e-05 2.52016e-05 1.70877e-05 1.14333e-05 7.54835e-06 4.91708e-06 3.16021e-06 2.00388e-06 1.25369e-06 7.74035e-07 4.71936e-07 2.84797e-07 1.71314e-07 1.04949e-07 6.94391e-08 
8.73045e-08 9.4676e-08 1.32785e-07 2.12111e-07 3.53291e-07 5.91167e-07 9.81045e-07 1.60788e-06 2.59916e-06 4.14251e-06 6.50892e-06 1.00827e-05 1.5399e-05 2.31895e-05 3.4436e-05 5.04319e-05 7.28482e-05 0.000103803 0.000145929 0.00020243 0.000277128 0.000374484 0.000499582 0.000658085 0.000856129 0.00110017 0.00139679 0.00175241 0.00217299 0.00266368 0.00322845 0.0038697 0.0045879 0.00538131 0.00624569 0.0071742 0.00815734 0.00918307 0.010237 0.0113028 0.0123626 0.0133975 0.0143883 0.0153159 0.0161621 0.0169101 0.0175448 0.0180534 0.0184256 0.0186539 0.0187336 0.0186633 0.0184443 0.0180812 0.0175813 0.0169549 0.0162147 0.0153756 0.0144545 0.0134695 0.0124395 0.0113838 0.0103211 0.00926921 0.0082445 0.0072613 0.00633165 0.0054651 0.00466856 0.00394636 0.00330037 0.00273029 0.00223386 0.00180731 0.00144563 0.00114304 0.00089323 0.000689752 0.000526233 0.000396595 0.000295212 0.000217006 0.000157507 0.000112866 7.98365e-05 5.57406e-05 3.84084e-05 2.61171e-05 1.7524e-05 1.16017e-05 7.57813e-06 4.88358e-06 3.10486e-06 1.94757e-06 1.20554e-06 7.36913e-07 4.45862e-07 2.68948e-07 1.65292e-07 1.09793e-07 
1.36775e-07 1.48581e-07 2.08161e-07 3.31692e-07 5.50901e-07 9.19171e-07 1.52095e-06 2.48547e-06 4.00594e-06 6.36553e-06 9.97151e-06 1.5399e-05 2.34452e-05 3.51949e-05 5.2097e-05 7.60499e-05 0.000109494 0.000155505 0.000217883 0.000301226 0.000410985 0.000553473 0.00073584 0.000965983 0.00125239 0.0016039 0.00202942 0.00253755 0.00313612 0.00383175 0.0046293 0.00553144 0.00653813 0.00764623 0.00884928 0.0101373 0.0114967 0.0129107 0.0143593 0.0158203 0.0172694 0.0186811 0.0200297 0.0212898 0.0224373 0.02345 0.024308 0.0249947 0.0254965 0.0258036 0.0259102 0.0258141 0.0255174 0.0250258 0.024349 0.0235005 0.0224968 0.0213577 0.0201053 0.0187638 0.0173583 0.0159147 0.014458 0.0130126 0.0116007 0.0102422 0.00895375 0.00774899 0.00663792 0.00562714 0.00471988 0.00391636 0.00321411 0.00260847 0.00209304 0.00166017 0.00130148 0.00100821 0.000771641 0.000583392 0.000435627 0.000321226 0.000233876 0.000168104 0.000119271 8.35223e-05 5.77216e-05 3.93641e-05 2.64882e-05 1.75859e-05 1.15189e-05 7.44342e-06 4.74508e-06 2.98431e-06 1.85212e-06 1.1351e-06 6.88606e-07 4.16548e-07 2.56842e-07 1.71275e-07 
2.11407e-07 2.30027e-07 3.21883e-07 5.11596e-07 8.47254e-07 1.4095e-06 2.32545e-06 3.78891e-06 6.08849e-06 9.64544e-06 1.50631e-05 2.31895e-05 3.51949e-05 5.26642e-05 7.77035e-05 0.000113058 0.000162237 0.00022964 0.000320667 0.000441814 0.000600725 0.000806198 0.00106811 0.0013973 0.00180527 0.00230393 0.00290511 0.00362004 0.00445879 0.00542962 0.00653827 0.00778739 0.00917595 0.0106987 0.012346 0.0141035 0.0159522 0.0178691 0.019827 0.0217961 0.0237438 0.0256367 0.0274409 0.0291233 0.0306524 0.0319996 0.0331394 0.0340503 0.034715 0.0351212 0.0352612 0.0351324 0.0347374 0.0340836 0.0331835 0.0320541 0.0307169 0.0291972 0.0275239 0.0257281 0.023843 0.0219021 0.019939 0.0179859 0.0160727 0.0142262 0.0124694 0.0108214 0.0092963 0.00790396 0.00664969 0.0055347 0.00455657 0.00370976 0.0029863 0.00237639 0.00186901 0.00145257 0.00111535 0.000845977 0.000633734 0.000468798 0.000342396 0.000246875 0.000175699 0.000123413 8.55456e-05 5.85118e-05 3.94875e-05 2.62915e-05 1.72698e-05 1.11906e-05 7.15337e-06 4.51107e-06 2.80709e-06 1.72494e-06 1.04925e-06 6.36529e-07 3.93777e-07 2.63625e-07 
3.22409e-07 3.51332e-07 4.90998e-07 7.78351e-07 1.28526e-06 2.13184e-06 3.50675e-06 5.69652e-06 9.12617e-06 1.44134e-05 2.24391e-05 3.4436e-05 5.2097e-05 7.77035e-05 0.000114272 0.000165713 0.000236997 0.00033432 0.00046524 0.000638787 0.000865515 0.00115748 0.00152811 0.00199198 0.00256448 0.00326128 0.00409778 0.00508838 0.00624567 0.00757961 0.00909668 0.0107991 0.012684 0.0147431 0.0169623 0.0193213 0.0217943 0.0243499 0.0269521 0.0295612 0.0321351 0.03463 0.0370023 0.0392097 0.0412122 0.0429733 0.044461 0.0456482 0.0465135 0.0470412 0.047222 0.0470526 0.0465362 0.0456821 0.0445059 0.0430291 0.0412785 0.0392864 0.0370891 0.0347265 0.0322408 0.0296756 0.0270743 0.024479 0.021929 0.0194602 0.0171038 0.0148854 0.0128252 0.0109374 0.0092304 0.00770709 0.00636552 0.00519947 0.0041993 0.00335271 0.00264565 0.00206299 0.0015893 0.00120944 0.000908976 0.000674588 0.000494282 0.000357519 0.000255243 0.00017984 0.000125039 8.57819e-05 5.80625e-05 3.87718e-05 2.55405e-05 1.65967e-05 1.06385e-05 6.72722e-06 4.19744e-06 2.58623e-06 1.57746e-06 9.59758e-07 5.9572e-07 4.00394e-07 
4.85181e-07 5.29438e-07 7.38892e-07 1.1682e-06 1.9233e-06 3.18058e-06 5.21614e-06 8.44769e-06 1.34923e-05 2.12429e-05 3.29675e-05 5.04319e-05 7.60499e-05 0.000113058 0.000165713 0.000239502 0.000341364 0.000479888 0.00066549 0.00091053 0.00122934 0.00163818 0.00215498 0.00279906 0.00359054 0.00454972 0.00569621 0.00704803 0.00862051 0.0104252 0.012469 0.0147529 0.0172713 0.0200114 0.022953 0.0260682 0.0293221 0.0326731 0.0360741 0.0394735 0.0428172 0.0460497 0.0491157 0.0519622 0.0545391 0.0568014 0.0587094 0.0602299 0.0613365 0.0620103 0.0622397 0.062021 0.0613579 0.060262 0.0587522 0.0568548 0.0546032 0.0520369 0.0492012 0.046146 0.0429242 0.039591 0.0362015 0.0328098 0.029467 0.0262199 0.0231097 0.0201713 0.0174322 0.0149126 0.0126254 0.0105761 0.00876402 0.00718255 0.00582045 0.00466278 0.0036919 0.00288857 0.00223284 0.00170486 0.00128559 0.000957236 0.000703674 0.000510618 0.000365706 0.00025848 0.000180274 0.000124052 8.42186e-05 5.64041e-05 3.72638e-05 2.42839e-05 1.56099e-05 9.89822e-06 6.19289e-06 3.82613e-06 2.3402e-06 1.42802e-06 8.89358e-07 6.00111e-07 
7.20522e-07 7.87245e-07 1.09709e-06 1.72982e-06 2.83938e-06 4.6813e-06 7.654e-06 1.2358e-05 1.96765e-05 3.08826e-05 4.77752e-05 7.28482e-05 0.000109494 0.000162237 0.000236997 0.000341364 0.000484873 0.000679258 0.000938652 0.00127971 0.00172159 0.00228584 0.00299604 0.00387729 0.00495547 0.00625633 0.00780434 0.00962146 0.0117258 0.0141303 0.0168414 0.0198578 0.0231698 0.0267585 0.0305955 0.0346431 0.038855 0.0431768 0.0475481 0.0519033 0.0561741 0.0602911 0.0641861 0.0677936 0.0710526 0.0739083 0.0763128 0.0782261 0.0796167 0.0804621 0.0807483 0.0804711 0.0796349 0.0782534 0.0763494 0.0739545 0.0711088 0.0678601 0.0642636 0.0603801 0.0562749 0.0520164 0.0476734 0.0433141 0.0390035 0.0348017 0.0307625 0.0269319 0.0233473 0.0200367 0.0170191 0.0143042 0.0118935 0.0097806 0.00795309 0.00639324 0.00507954 0.00398798 0.00309326 0.0023699 0.00179312 0.00133962 0.000988039 0.000719316 0.000516843 0.000366469 0.000256393 0.000176979 0.000120517 8.09562e-05 5.36421e-05 3.50587e-05 2.26003e-05 1.43711e-05 9.01631e-06 5.58589e-06 3.42612e-06 2.09691e-06 1.31037e-06 8.87683e-07 
1.05603e-06 1.15516e-06 1.60734e-06 2.52734e-06 4.13588e-06 6.79801e-06 1.10808e-05 1.78356e-05 2.83094e-05 4.42914e-05 6.82985e-05 0.000103803 0.000155505 0.00022964 0.00033432 0.000479888 0.000679258 0.000948217 0.00130565 0.00177364 0.00237742 0.00314506 0.00410704 0.00529541 0.00674284 0.00848131 0.0105407 0.012947 0.0157209 0.0188761 0.0224176 0.0263403 0.0306285 0.0352549 0.0401806 0.0453555 0.0507192 0.0562023 0.0617282 0.0672151 0.0725786 0.0777338 0.0825977 0.0870913 0.091142 0.0946844 0.0976619 0.100028 0.101745 0.102787 0.103138 0.102793 0.101757 0.100047 0.0976879 0.0947179 0.0911838 0.0871424 0.082659 0.0778067 0.0726643 0.0673145 0.0618421 0.056331 0.0508626 0.0455128 0.0403504 0.0354353 0.030817 0.0265341 0.0226136 0.0190711 0.0159118 0.0131307 0.0107147 0.00864354 0.00689162 0.00542965 0.00422621 0.00324914 0.00246684 0.00184923 0.00136849 0.00099961 0.000720599 0.000512596 0.000359771 0.000249117 0.000170164 0.000114654 7.61975e-05 4.99464e-05 3.22906e-05 2.05913e-05 1.29551e-05 8.04851e-06 4.95058e-06 3.03907e-06 1.90563e-06 1.296e-06 
1.52767e-06 1.67284e-06 2.32391e-06 3.64382e-06 5.9447e-06 9.74101e-06 1.58289e-05 2.53989e-05 4.01873e-05 6.26742e-05 9.63321e-05 0.000145929 0.000217883 0.000320667 0.00046524 0.00066549 0.000938652 0.00130565 0.00179134 0.00242456 0.00323797 0.00426761 0.00555215 0.00713183 0.00904706 0.0113368 0.0140365 0.0171763 0.0207788 0.0248572 0.0294136 0.0344373 0.039904 0.0457755 0.0519995 0.0585108 0.0652319 0.0720756 0.0789468 0.0857455 0.092369 0.0987155 0.104686 0.110188 0.115137 0.119455 0.123078 0.125952 0.128036 0.129298 0.129722 0.1293 0.12804 0.12596 0.123089 0.11947 0.115157 0.110216 0.104723 0.0987625 0.0924288 0.0858201 0.079038 0.0721844 0.065359 0.0586561 0.0521622 0.0459538 0.0400956 0.0346392 0.0296224 0.0250691 0.0209899 0.017383 0.0142353 0.0115248 0.00922176 0.00729142 0.00569547 0.00439416 0.00334782 0.00251832 0.00187001 0.00137055 0.000991291 0.000707465 0.000498146 0.000346029 0.000237101 0.000160246 0.000106819 7.02268e-05 4.55346e-05 2.91202e-05 1.8373e-05 1.14466e-05 7.06093e-06 4.34774e-06 2.73559e-06 1.86774e-06 
2.18147e-06 2.39105e-06 3.31608e-06 5.18476e-06 8.43261e-06 1.37749e-05 2.23144e-05 3.56933e-05 5.62967e-05 8.75154e-05 0.000134075 0.00020243 0.000301226 0.000441814 0.000638787 0.00091053 0.00127971 0.00177364 0.00242456 0.00326954 0.00435021 0.00571203 0.00740328 0.00947354 0.0119718 0.0149445 0.0184328 0.0224702 0.0270804 0.0322745 0.0380494 0.0443861 0.0512493 0.0585865 0.0663289 0.0743928 0.0826811 0.0910859 0.0994915 0.107777 0.115821 0.123504 0.13071 0.137332 0.143273 0.148447 0.15278 0.156212 0.158695 0.160198 0.160701 0.160195 0.15869 0.156204 0.15277 0.148437 0.143265 0.137328 0.130712 0.123515 0.115844 0.107815 0.0995472 0.091162 0.0827791 0.0745135 0.0664722 0.0587512 0.0514335 0.0445868 0.0382629 0.0324967 0.0273068 0.0226963 0.0186542 0.0151573 0.0121725 0.00965943 0.00757237 0.00586311 0.00448281 0.0033839 0.00252147 0.00185432 0.00134571 0.000963597 0.000680714 0.000474367 0.000326067 0.00022106 0.000147808 9.74653e-05 6.33821e-05 4.06516e-05 2.57219e-05 1.60707e-05 9.94189e-06 6.14041e-06 3.87685e-06 2.65725e-06 
3.07524e-06 3.37357e-06 4.67059e-06 7.28166e-06 1.18064e-05 1.9226e-05 3.10478e-05 4.95068e-05 7.7835e-05 0.000120606 0.000184164 0.000277128 0.000410985 0.000600725 0.000865515 0.00122934 0.00172159 0.00237742 0.00323797 0.00435021 0.00576632 0.00754279 0.00973879 0.0124143 0.0156276 0.0194327 0.0238759 0.0289934 0.034808 0.0413267 0.0485383 0.0564128 0.0648997 0.0739293 0.0834127 0.0932445 0.103305 0.113463 0.12358 0.133514 0.143123 0.152268 0.16082 0.168656 0.175667 0.18176 0.186852 0.190878 0.193789 0.195547 0.196133 0.195538 0.193771 0.190852 0.186818 0.18172 0.175625 0.168612 0.160778 0.152233 0.143097 0.133503 0.123587 0.113492 0.103359 0.0933262 0.0835225 0.0740669 0.0650637 0.0566005 0.0487462 0.0415503 0.0350424 0.0292332 0.0241158 0.0196676 0.015853 0.0126263 0.00993439 0.00771984 0.00592362 0.00448738 0.00335542 0.00247616 0.00180311 0.00129545 0.000918168 0.00064192 0.000442648 0.000301038 0.000201904 0.00013354 8.70994e-05 5.60262e-05 3.5552e-05 2.22759e-05 1.38207e-05 8.56231e-06 5.42462e-06 3.73249e-06 
4.28016e-06 4.69896e-06 6.49394e-06 1.00952e-05 1.63173e-05 2.64889e-05 4.2643e-05 6.77815e-05 0.000106226 0.000164065 0.000249698 0.000374484 0.000553473 0.000806198 0.00115748 0.00163818 0.00228584 0.00314506 0.00426761 0.00571203 0.00754279 0.00982881 0.0126415 0.0160519 0.0201281 0.0249311 0.0305118 0.036907 0.0441366 0.0522002 0.0610758 0.0707179 0.0810577 0.0920037 0.103444 0.115247 0.127269 0.139353 0.151336 0.163054 0.174346 0.185054 0.195033 0.20415 0.212285 0.219337 0.225219 0.229863 0.233214 0.235236 0.235907 0.23522 0.233182 0.229816 0.225159 0.219264 0.212203 0.20406 0.194941 0.184963 0.174262 0.162983 0.151283 0.139322 0.127266 0.115275 0.103505 0.092099 0.0811867 0.0708788 0.0612653 0.0524139 0.0443691 0.0371524 0.0307638 0.0251836 0.0203752 0.0162885 0.0128632 0.0100325 0.0077261 0.00587383 0.00440769 0.00326405 0.00238503 0.00171934 0.00122267 0.000857605 0.000593281 0.000404757 0.00027231 0.000180655 0.000118182 7.62427e-05 4.85205e-05 3.04889e-05 1.89714e-05 1.17895e-05 7.49494e-06 5.17676e-06 
5.88214e-06 6.46206e-06 8.9142e-06 1.38175e-05 2.22645e-05 3.60308e-05 5.78227e-05 9.16201e-05 0.000143127 0.000220339 0.000334235 0.000499582 0.00073584 0.00106811 0.00152811 0.00215498 0.00299604 0.00410704 0.00555215 0.00740328 0.00973879 0.0126415 0.0161958 0.0204847 0.0255855 0.0315657 0.0384788 0.0463603 0.0552238 0.0650582 0.0758262 0.0874629 0.0998767 0.112951 0.126545 0.140502 0.154647 0.168799 0.18277 0.196374 0.209429 0.221762 0.233216 0.243646 0.252927 0.260952 0.267631 0.272894 0.276687 0.278973 0.27973 0.27895 0.276641 0.272826 0.267542 0.260844 0.252802 0.243508 0.233068 0.221611 0.20928 0.196234 0.182646 0.168697 0.154573 0.140461 0.126542 0.112988 0.0999551 0.0875817 0.0759828 0.0652486 0.0554425 0.0466011 0.0387346 0.0318292 0.0258496 0.0207428 0.0164421 0.0128713 0.00994865 0.00759095 0.00571658 0.00424825 0.00311495 0.0022532 0.00160769 0.00113139 0.000785217 0.000537406 0.00036268 0.000241343 0.000158357 0.000102462 6.5395e-05 4.12106e-05 2.57176e-05 1.60311e-05 1.02264e-05 7.09013e-06 
7.98266e-06 8.77486e-06 1.20821e-05 1.86737e-05 2.99963e-05 4.83923e-05 7.74188e-05 0.000122284 0.000190419 0.000292192 0.000441764 0.000658085 0.000965983 0.0013973 0.00199198 0.00279906 0.00387729 0.00529541 0.00713183 0.00947354 0.0124143 0.0160519 0.0204847 0.0258073 0.0321055 0.039452 0.0479007 0.0574821 0.0682001 0.0800286 0.0929102 0.106756 0.121447 0.136837 0.152755 0.169012 0.185407 0.201728 0.217765 0.233309 0.248162 0.262139 0.275071 0.286808 0.29722 0.306198 0.313655 0.319519 0.323739 0.326279 0.327118 0.32625 0.32368 0.319431 0.313539 0.306056 0.297053 0.28662 0.274867 0.261925 0.247944 0.233094 0.217561 0.201544 0.18525 0.168891 0.152674 0.136801 0.121459 0.106817 0.0930181 0.0801807 0.0683913 0.057706 0.0481497 0.0397179 0.0323799 0.0260819 0.0207524 0.0163062 0.0126503 0.00968758 0.00732179 0.00546047 0.00401778 0.00291624 0.0020878 0.00147413 0.00102642 0.000704728 0.000477088 0.000318448 0.000209576 0.000136002 8.7053e-05 5.50168e-05 3.44334e-05 2.15299e-05 1.37811e-05 9.59031e-06 
1.06989e-05 1.17667e-05 1.61711e-05 2.49214e-05 3.99087e-05 6.41849e-05 0.000102366 0.000161182 0.000250192 0.000382667 0.000576646 0.000856129 0.00125239 0.00180527 0.00256448 0.00359054 0.00495547 0.00674284 0.00904706 0.0119718 0.0156276 0.0201281 0.0255855 0.0321055 0.0397816 0.0486887 0.058878 0.0703715 0.0831587 0.0971933 0.112393 0.12864 0.145783 0.163642 0.182014 0.200676 0.219396 0.237937 0.256065 0.273552 0.290188 0.305776 0.320142 0.333133 0.344622 0.354501 0.362686 0.36911 0.373726 0.376501 0.377417 0.376466 0.373656 0.369004 0.362545 0.354327 0.344417 0.3329 0.319884 0.305499 0.2899 0.273261 0.255779 0.237666 0.21915 0.200463 0.181843 0.16352 0.145714 0.128627 0.112436 0.0972914 0.0833074 0.0705648 0.059108 0.0489466 0.0400577 0.0323903 0.0258698 0.0204039 0.0158881 0.0122119 0.00926306 0.00693289 0.00511908 0.00372842 0.0026783 0.00189735 0.00132541 0.000912916 0.000619961 0.000415081 0.000273991 0.000178325 0.000114473 7.25534e-05 4.55406e-05 2.85618e-05 1.8344e-05 1.28126e-05 
1.41629e-05 1.55833e-05 2.13757e-05 3.28477e-05 5.24409e-05 8.40819e-05 0.000133686 0.000209844 0.000324698 0.000495025 0.00074351 0.00110017 0.0016039 0.00230393 0.00326128 0.00454972 0.00625633 0.00848131 0.0113368 0.0149445 0.0194327 0.0249311 0.0315657 0.039452 0.0486887 0.0593502 0.0714809 0.0850898 0.100146 0.116579 0.134275 0.153083 0.172814 0.193252 0.214158 0.235275 0.256342 0.277096 0.297281 0.316658 0.335002 0.352115 0.367822 0.381972 0.394443 0.405134 0.41397 0.42089 0.425855 0.428837 0.429819 0.428797 0.425776 0.420771 0.41381 0.404936 0.394206 0.381699 0.367517 0.351783 0.33465 0.316294 0.296915 0.276738 0.256003 0.234966 0.213889 0.193032 0.17265 0.152981 0.134239 0.116608 0.100237 0.0852378 0.0716786 0.0595882 0.0489565 0.0397387 0.0318605 0.025224 0.019715 0.0152091 0.0115785 0.0086969 0.00644417 0.00470975 0.00339471 0.00241286 0.00169101 0.00116845 0.000795969 0.000534551 0.000353905 0.00023101 0.00014872 9.45271e-05 5.95039e-05 3.74321e-05 2.41214e-05 1.69086e-05 
1.85195e-05 2.03844e-05 2.79082e-05 4.27641e-05 6.8066e-05 0.000108804 0.000172468 0.000269885 0.000416294 0.000632645 0.000947115 0.00139679 0.00202942 0.00290511 0.00409778 0.00569621 0.00780434 0.0105407 0.0140365 0.0184328 0.0238759 0.0305118 0.0384788 0.0479007 0.058878 0.0714809 0.0857424 0.101653 0.119156 0.13815 0.158485 0.179971 0.20238 0.225455 0.24892 0.272484 0.295857 0.318754 0.340904 0.362054 0.381978 0.400478 0.417382 0.432551 0.445871 0.457255 0.466637 0.47397 0.479222 0.482372 0.483409 0.48233 0.479138 0.473843 0.466467 0.457041 0.445613 0.43225 0.417041 0.400101 0.381573 0.361626 0.340464 0.318313 0.295427 0.272077 0.248548 0.225131 0.202113 0.17977 0.158356 0.138094 0.119174 0.101741 0.0858935 0.071686 0.0591261 0.0481798 0.0387765 0.030816 0.024176 0.0187196 0.0143029 0.0107817 0.00801701 0.00587949 0.00425217 0.00303234 0.00213206 0.00147788 0.00100989 0.000680269 0.000451715 0.00029571 0.000190914 0.000121688 7.68196e-05 4.84695e-05 3.13369e-05 2.20439e-05 
2.39225e-05 2.63398e-05 3.59933e-05 5.49982e-05 8.72779e-05 0.000139098 0.000219827 0.000342951 0.000527362 0.000798908 0.00119217 0.00175241 0.00253755 0.00362004 0.00508838 0.00704803 0.00962146 0.012947 0.0171763 0.0224702 0.0289934 0.036907 0.0463603 0.0574821 0.0703715 0.0850898 0.101653 0.120026 0.140124 0.161804 0.184879 0.209112 0.234234 0.259946 0.285933 0.311873 0.33745 0.362359 0.386319 0.409071 0.430393 0.450091 0.468007 0.484016 0.498019 0.509947 0.519749 0.527392 0.532857 0.536132 0.53721 0.53609 0.532774 0.527265 0.519577 0.509728 0.497752 0.483701 0.467645 0.449685 0.429947 0.408594 0.385817 0.361846 0.336936 0.311373 0.28546 0.259516 0.233859 0.208804 0.184645 0.161652 0.140055 0.12004 0.101743 0.0852487 0.0705879 0.057743 0.046652 0.0372157 0.0293062 0.0227757 0.0174652 0.0132125 0.00985897 0.00725519 0.00526478 0.00376684 0.00265702 0.00184758 0.0012664 0.00085562 0.00056982 0.000374096 0.0002422 0.000154807 9.80015e-05 6.20165e-05 4.02252e-05 2.83938e-05 
3.05302e-05 3.36236e-05 4.58601e-05 6.98815e-05 0.000110572 0.000175707 0.000276866 0.000430648 0.000660201 0.00099704 0.00148311 0.00217299 0.00313612 0.00445879 0.00624567 0.00862051 0.0117258 0.0157209 0.0207788 0.0270804 0.034808 0.0441366 0.0552238 0.0682001 0.0831587 0.100146 0.119156 0.140124 0.162924 0.187374 0.213238 0.240235 0.268047 0.296335 0.324747 0.35293 0.380547 0.407279 0.432838 0.456971 0.479459 0.500127 0.518834 0.535472 0.549967 0.56227 0.572348 0.580189 0.585784 0.589133 0.590236 0.589094 0.585705 0.580068 0.572184 0.562058 0.549706 0.535159 0.518468 0.49971 0.478993 0.456461 0.432293 0.406708 0.379963 0.352347 0.32418 0.295802 0.267563 0.239815 0.212894 0.187116 0.162757 0.14005 0.119173 0.100246 0.0833309 0.0684317 0.0554998 0.0444417 0.0351273 0.0274001 0.0210874 0.0160093 0.0119875 0.00885168 0.00644474 0.00462614 0.00327357 0.00228339 0.00156988 0.00106381 0.000710518 0.000467785 0.000303696 0.000194644 0.000123561 7.8417e-05 5.10241e-05 3.6137e-05 
3.84976e-05 4.24069e-05 5.77322e-05 8.77345e-05 0.000138424 0.000219335 0.000344615 0.000534461 0.000816908 0.00122994 0.00182384 0.00266368 0.00383175 0.00542962 0.00757961 0.0104252 0.0141303 0.0188761 0.0248572 0.0322745 0.0413267 0.0522002 0.0650582 0.0800286 0.0971933 0.116579 0.13815 0.161804 0.187374 0.214628 0.24328 0.273 0.303422 0.334166 0.364845 0.395081 0.424519 0.452833 0.479735 0.504983 0.528373 0.549751 0.568998 0.586036 0.600815 0.613309 0.623512 0.631428 0.637066 0.640437 0.641549 0.640404 0.636998 0.631322 0.623365 0.613117 0.600573 0.585741 0.568647 0.549341 0.527907 0.504462 0.479166 0.452224 0.423882 0.39443 0.364197 0.333539 0.302834 0.272469 0.242823 0.214259 0.187101 0.161634 0.138081 0.116607 0.0973093 0.0802195 0.0653085 0.0524932 0.0416453 0.032603 0.0251816 0.0191849 0.0144149 0.01068 0.0078016 0.00561817 0.00398807 0.00279032 0.00192415 0.00130768 0.000875883 0.000578256 0.000376435 0.000241911 0.000153981 9.79999e-05 6.39634e-05 4.5448e-05 
4.79691e-05 5.28483e-05 7.18154e-05 0.000108849 0.000171259 0.000270604 0.000423973 0.00065566 0.00099924 0.00149997 0.00221747 0.00322845 0.0046293 0.00653827 0.00909668 0.012469 0.0168414 0.0224176 0.0294136 0.0380494 0.0485383 0.0610758 0.0758262 0.0929102 0.112393 0.134275 0.158485 0.184879 0.213238 0.24328 0.274666 0.307012 0.339908 0.372932 0.405668 0.437716 0.46871 0.498323 0.526278 0.552345 0.576348 0.598156 0.617682 0.634879 0.649726 0.662226 0.672398 0.680268 0.685862 0.689203 0.690307 0.689177 0.685809 0.680184 0.672279 0.662066 0.649519 0.634619 0.617364 0.597775 0.575903 0.551836 0.525708 0.497698 0.46804 0.437016 0.404954 0.372224 0.339225 0.306376 0.274098 0.242797 0.212854 0.184603 0.158322 0.134221 0.112442 0.0930495 0.0760406 0.0613475 0.0488488 0.0383806 0.0297492 0.0227435 0.0171469 0.0127464 0.00934135 0.00674834 0.00480515 0.00337213 0.00233219 0.00158952 0.00106762 0.000706755 0.000461306 0.000297229 0.000189691 0.00012106 7.9252e-05 5.64875e-05 
5.9068e-05 6.50836e-05 8.82834e-05 0.000133466 0.000209422 0.000330009 0.000515634 0.000795202 0.00120847 0.00180879 0.00266605 0.0038697 0.00553144 0.00778739 0.0107991 0.0147529 0.0198578 0.0263403 0.0344373 0.0443861 0.0564128 0.0707179 0.0874629 0.106756 0.12864 0.153083 0.179971 0.209112 0.240235 0.273 0.307012 0.341837 0.377019 0.412101 0.446638 0.480218 0.512469 0.543072 0.571764 0.598342 0.622656 0.64461 0.664152 0.681268 0.695972 0.708298 0.71829 0.725997 0.731464 0.734725 0.735805 0.734709 0.731429 0.725941 0.718206 0.708179 0.695812 0.681058 0.663884 0.644277 0.622254 0.597867 0.571217 0.542455 0.511791 0.479491 0.445879 0.411329 0.376256 0.341107 0.306339 0.272406 0.239739 0.208728 0.179706 0.152938 0.128612 0.106834 0.0876316 0.0709594 0.0567072 0.0447135 0.0347789 0.0266797 0.0201817 0.0150514 0.0110657 0.00801891 0.00572715 0.00403102 0.00279587 0.00191087 0.00128694 0.000854192 0.00055898 0.000361079 0.000231031 0.000147838 9.70637e-05 6.93917e-05 
7.18867e-05 7.92136e-05 0.000107263 0.000161757 0.00025315 0.000397868 0.000620023 0.000953622 0.00144525 0.0021571 0.00317026 0.0045879 0.00653813 0.00917595 0.012684 0.0172713 0.0231698 0.0306285 0.039904 0.0512493 0.0648997 0.0810577 0.0998767 0.121447 0.145783 0.172814 0.20238 0.234234 0.268047 0.303422 0.339908 0.377019 0.414259 0.451136 0.487187 0.521991 0.55518 0.586448 0.615557 0.642332 0.666661 0.688484 0.707789 0.724599 0.738963 0.750947 0.760623 0.768062 0.773326 0.776463 0.777504 0.776457 0.773313 0.768037 0.76058 0.750878 0.738859 0.72445 0.707586 0.688217 0.666321 0.641913 0.615055 0.585864 0.554518 0.521262 0.486405 0.45032 0.413433 0.376209 0.339141 0.302724 0.267442 0.233739 0.202009 0.172572 0.14567 0.121454 0.0999907 0.0812603 0.0651702 0.0515661 0.0402461 0.0309771 0.0235091 0.0175889 0.0129715 0.00942847 0.00675373 0.00476721 0.00331571 0.00227229 0.00153439 0.00102104 0.000669837 0.000433755 0.00027822 0.000178496 0.000117521 8.42601e-05 
8.64753e-05 9.5293e-05 0.000128818 0.000193799 0.000302531 0.000474279 0.00073722 0.00113094 0.00170945 0.0025445 0.00372919 0.00538131 0.00764623 0.0106987 0.0147431 0.0200114 0.0267585 0.0352549 0.0457755 0.0585865 0.0739293 0.0920037 0.112951 0.136837 0.163642 0.193252 0.225455 0.259946 0.296335 0.334166 0.372932 0.412101 0.451136 0.489521 0.526779 0.562486 0.596286 0.627896 0.657107 0.68378 0.707843 0.729278 0.748115 0.764416 0.778266 0.789762 0.799003 0.806083 0.81108 0.814055 0.815045 0.814061 0.81109 0.806092 0.799005 0.789747 0.778225 0.764338 0.747988 0.729089 0.70758 0.683434 0.656671 0.627366 0.595663 0.561777 0.525997 0.488684 0.450268 0.411228 0.372085 0.333374 0.295626 0.259344 0.224978 0.192911 0.163439 0.136767 0.113002 0.0921595 0.0741684 0.0588859 0.0461124 0.0356081 0.0271097 0.0203458 0.01505 0.0109714 0.00788145 0.00557869 0.00389058 0.00267325 0.00180973 0.00120724 0.000793903 0.000515317 0.000331326 0.000213096 0.00014068 0.000101143 
0.000102832 0.000113319 0.000152935 0.000229555 0.000357484 0.000559072 0.000866904 0.00132659 0.00200008 0.00296934 0.00434016 0.00624569 0.00884928 0.012346 0.0169623 0.022953 0.0305955 0.0401806 0.0519995 0.0663289 0.0834127 0.103444 0.126545 0.152755 0.182014 0.214158 0.24892 0.285933 0.324747 0.364845 0.405668 0.446638 0.487187 0.526779 0.564928 0.601218 0.635312 0.666955 0.695972 0.722268 0.745812 0.766634 0.784803 0.800422 0.813611 0.8245 0.833211 0.83986 0.84454 0.847322 0.848251 0.847339 0.844572 0.839903 0.833258 0.824541 0.813637 0.800418 0.784757 0.766531 0.745639 0.722009 0.695618 0.666498 0.634749 0.600553 0.564169 0.525943 0.486297 0.445721 0.404756 0.363972 0.323944 0.285229 0.248338 0.213715 0.181717 0.152602 0.126528 0.103546 0.0836136 0.0666047 0.0523257 0.0405338 0.0309549 0.0233014 0.0172867 0.0126377 0.00910353 0.00646098 0.0045176 0.00311191 0.00211185 0.00141213 0.00093079 0.000605548 0.000390233 0.000251582 0.000166516 0.000120033 
0.000120893 0.00013322 0.000179512 0.000268858 0.000417727 0.000651781 0.00100831 0.00153932 0.00231518 0.00342858 0.00499857 0.0071742 0.0101373 0.0141035 0.0193213 0.0260682 0.0346431 0.0453555 0.0585108 0.0743928 0.0932445 0.115247 0.140502 0.169012 0.200676 0.235275 0.272484 0.311873 0.35293 0.395081 0.437716 0.480218 0.521991 0.562486 0.601218 0.637786 0.671876 0.703267 0.731828 0.757505 0.780316 0.800334 0.817673 0.832473 0.84489 0.85508 0.863192 0.869357 0.873683 0.876252 0.877112 0.87628 0.873737 0.869432 0.863282 0.855177 0.844981 0.832546 0.817712 0.800323 0.780238 0.757344 0.731568 0.702898 0.67139 0.637183 0.600503 0.561672 0.5211 0.479277 0.436758 0.394141 0.352045 0.311076 0.271804 0.234733 0.200284 0.168774 0.140411 0.11529 0.0934014 0.0746393 0.0588209 0.0457041 0.035007 0.0264277 0.0196611 0.0144128 0.0104097 0.00740698 0.00519196 0.00358506 0.00243864 0.00163435 0.00107965 0.000703921 0.000454621 0.000293761 0.000194909 0.00014085 
0.000140529 0.000154852 0.000208349 0.000311399 0.000482768 0.000751614 0.00116019 0.00176721 0.00265181 0.00391779 0.00569787 0.00815734 0.0114967 0.0159522 0.0217943 0.0293221 0.038855 0.0507192 0.0652319 0.0826811 0.103305 0.127269 0.154647 0.185407 0.219396 0.256342 0.295857 0.33745 0.380547 0.424519 0.46871 0.512469 0.55518 0.596286 0.635312 0.671876 0.705695 0.736588 0.764467 0.789327 0.811232 0.8303 0.846687 0.860571 0.872138 0.88157 0.889037 0.894686 0.898637 0.90098 0.901768 0.901018 0.898711 0.894791 0.889167 0.881717 0.872291 0.860716 0.846809 0.830381 0.811252 0.789268 0.76431 0.736318 0.7053 0.671351 0.634659 0.595514 0.554307 0.511522 0.467722 0.423529 0.379593 0.33657 0.295086 0.255705 0.218911 0.185082 0.154481 0.127249 0.103413 0.0828932 0.0655213 0.0510588 0.0392196 0.0296898 0.0221473 0.0162776 0.0117862 0.00840697 0.00590689 0.00408809 0.002787 0.00187185 0.00123914 0.000809582 0.000523947 0.000339288 0.000225639 0.00016344 
