2.64675e-22 1.84306e-22 4.63165e-22 1.6404e-21 5.85911e-21 2.04431e-20 6.94924e-20 2.3003e-19 7.41228e-19 2.3244e-18 7.09169e-18 2.10457e-17 6.0739e-17 1.70447e-16 4.65019e-16 1.23333e-15 3.17974e-15 7.96907e-15 1.94152e-14 4.59851e-14 1.05894e-13 2.37107e-13 5.1627e-13 1.09321e-12 2.25139e-12 4.50957e-12 8.7853e-12 1.66458e-11 3.06725e-11 5.49606e-11 9.57544e-11 1.62183e-10 2.67004e-10 4.27171e-10 6.63983e-10 1.00246e-09 1.46965e-09 2.09154e-09 2.88882e-09 3.87169e-09 5.03491e-09 6.35424e-09 7.78577e-09 9.26886e-09 1.07326e-08 1.21046e-08 1.33193e-08 1.43245e-08 1.5084e-08 1.55757e-08 1.57886e-08 1.57184e-08 1.53657e-08 1.47372e-08 1.38491e-08 1.2731e-08 1.14286e-08 1.00025e-08 8.52325e-09 7.06338e-09 5.68856e-09 4.45025e-09 3.38129e-09 2.49523e-09 1.78876e-09 1.24601e-09 8.43644e-10 5.5541e-10 3.55652e-10 2.21578e-10 1.34351e-10 7.93011e-11 4.55762e-11 2.55098e-11 1.39079e-11 7.387e-12 3.82277e-12 1.92767e-12 9.47243e-13 4.53608e-13 2.1169e-13 9.62773e-14 4.2673e-14 1.84327e-14 7.75964e-15 3.18363e-15 1.27309e-15 4.96234e-16 1.88562e-16 6.98593e-17 2.5239e-17 8.89376e-18 3.05747e-18 1.02568e-18 3.35855e-19 1.07376e-19 3.35281e-20 1.02285e-20 3.05125e-21 8.981e-22 
1.84306e-22 1.27628e-22 3.29546e-22 1.19658e-21 4.3739e-21 1.56151e-20 5.4311e-20 1.83939e-19 6.06384e-19 1.94521e-18 6.07009e-18 1.8421e-17 5.43513e-17 1.55881e-16 4.34498e-16 1.17688e-15 3.09732e-15 7.92001e-15 1.96764e-14 4.74955e-14 1.11395e-13 2.53868e-13 5.62227e-13 1.21004e-12 2.53102e-12 5.14524e-12 1.01655e-11 1.95188e-11 3.64209e-11 6.60364e-11 1.16333e-10 1.9909e-10 3.30943e-10 5.34233e-10 8.37311e-10 1.27383e-09 1.88057e-09 2.69336e-09 3.74126e-09 5.03946e-09 6.58222e-09 8.3378e-09 1.02472e-08 1.22283e-08 1.41846e-08 1.60175e-08 1.76383e-08 1.89773e-08 1.99865e-08 2.0638e-08 2.09182e-08 2.08221e-08 2.03502e-08 1.95105e-08 1.83235e-08 1.68281e-08 1.50855e-08 1.31777e-08 1.12007e-08 9.25309e-09 7.4239e-09 5.78215e-09 4.37105e-09 3.20732e-09 2.28478e-09 1.58056e-09 1.06215e-09 6.93601e-10 4.40274e-10 2.7174e-10 1.63123e-10 9.52614e-11 5.41316e-11 2.99366e-11 1.61155e-11 8.44585e-12 4.30974e-12 2.14146e-12 1.03622e-12 4.88319e-13 2.24119e-13 1.00183e-13 4.36169e-14 1.84963e-14 7.64015e-15 3.07425e-15 1.20514e-15 4.60312e-16 1.71337e-16 6.21606e-17 2.19855e-17 7.58269e-18 2.55088e-18 8.37265e-19 2.6821e-19 8.38819e-20 2.56205e-20 7.64538e-21 2.23078e-21 6.41981e-22 
4.63165e-22 3.29546e-22 8.76017e-22 3.21727e-21 1.18598e-20 4.26697e-20 1.49493e-19 5.0975e-19 1.6911e-18 5.45641e-18 1.71171e-17 5.2193e-17 1.54645e-16 4.4515e-16 1.24463e-15 3.3797e-15 8.91204e-15 2.282e-14 5.67402e-14 1.36999e-13 3.21239e-13 7.31573e-13 1.61827e-12 3.47741e-12 7.25953e-12 1.47246e-11 2.90185e-11 5.55667e-11 1.03384e-10 1.86883e-10 3.28196e-10 5.59887e-10 9.27721e-10 1.49285e-09 2.33248e-09 3.53774e-09 5.20757e-09 7.43765e-09 1.03045e-08 1.38462e-08 1.80442e-08 2.28094e-08 2.79796e-08 3.33311e-08 3.8603e-08 4.35303e-08 4.78767e-08 5.14576e-08 5.41482e-08 5.58772e-08 5.66107e-08 5.63361e-08 5.50553e-08 5.27883e-08 4.95881e-08 4.55573e-08 4.08587e-08 3.57122e-08 3.03755e-08 2.51145e-08 2.01693e-08 1.57266e-08 1.19038e-08 8.74718e-09 6.24109e-09 4.32493e-09 2.91176e-09 1.90511e-09 1.21171e-09 7.49389e-10 4.50758e-10 2.63754e-10 1.50159e-10 8.31903e-11 4.48556e-11 2.35414e-11 1.20269e-11 5.98139e-12 2.89597e-12 1.365e-12 6.2635e-13 2.79798e-13 1.21678e-13 5.15144e-14 2.12326e-14 8.52046e-15 3.32924e-15 1.26678e-15 4.69466e-16 1.69485e-16 5.96183e-17 2.0439e-17 6.83108e-18 2.22639e-18 7.07833e-19 2.19596e-19 6.65014e-20 1.96662e-20 5.68399e-21 1.61985e-21 
1.6404e-21 1.19658e-21 3.21727e-21 1.18029e-20 4.34039e-20 1.55751e-19 5.44158e-19 1.85007e-18 6.11865e-18 1.96775e-17 6.15161e-17 1.86886e-16 5.51586e-16 1.58124e-15 4.40191e-15 1.18982e-14 3.12228e-14 7.95411e-14 1.96716e-13 4.72318e-13 1.10106e-12 2.49241e-12 5.47917e-12 1.16992e-11 2.42662e-11 4.88988e-11 9.57376e-11 1.82129e-10 3.36663e-10 6.04684e-10 1.05526e-09 1.78921e-09 2.94708e-09 4.71514e-09 7.32662e-09 1.10544e-08 1.61919e-08 2.30193e-08 3.17558e-08 4.25038e-08 5.51941e-08 6.95482e-08 8.5073e-08 1.01096e-07 1.16838e-07 1.31517e-07 1.44435e-07 1.55054e-07 1.63013e-07 1.68107e-07 1.70241e-07 1.69381e-07 1.65532e-07 1.58751e-07 1.49193e-07 1.37157e-07 1.23125e-07 1.07744e-07 9.17784e-08 7.60185e-08 6.11795e-08 4.7821e-08 3.62987e-08 2.67573e-08 1.91579e-08 1.33265e-08 9.00886e-09 5.92008e-09 3.7827e-09 2.35069e-09 1.421e-09 8.35757e-10 4.78317e-10 2.66414e-10 1.44427e-10 7.62115e-11 3.91464e-11 1.95736e-11 9.52696e-12 4.51369e-12 2.08155e-12 9.34345e-13 4.08207e-13 1.73581e-13 7.18431e-14 2.89433e-14 1.13509e-14 4.33393e-15 1.61131e-15 5.83451e-16 2.05806e-16 7.07383e-17 2.36984e-17 7.74077e-18 2.46601e-18 7.66475e-19 2.32515e-19 6.8869e-20 1.99341e-20 5.69072e-21 
5.85911e-21 4.3739e-21 1.18598e-20 4.34039e-20 1.59063e-19 5.6873e-19 1.97966e-18 6.7049e-18 2.20873e-17 7.07426e-17 2.2022e-16 6.66083e-16 1.95691e-15 5.58312e-15 1.54651e-14 4.15843e-14 1.08532e-13 2.74928e-13 6.75935e-13 1.61302e-12 3.73649e-12 8.403e-12 1.83493e-11 3.89125e-11 8.01526e-11 1.60388e-10 3.1182e-10 5.89058e-10 1.08133e-09 1.92894e-09 3.34377e-09 5.63242e-09 9.21864e-09 1.46592e-08 2.26451e-08 3.39769e-08 4.95065e-08 7.00359e-08 9.61783e-08 1.28196e-07 1.65844e-07 2.08272e-07 2.54007e-07 3.01067e-07 3.4718e-07 3.90071e-07 4.27734e-07 4.58625e-07 4.8172e-07 4.96447e-07 5.02543e-07 4.99914e-07 4.88576e-07 4.6869e-07 4.40693e-07 4.05449e-07 3.64343e-07 3.19252e-07 2.72396e-07 2.26072e-07 1.82373e-07 1.42942e-07 1.08838e-07 8.05085e-08 5.78644e-08 4.04194e-08 2.74465e-08 1.81222e-08 1.16376e-08 7.26998e-09 4.4187e-09 2.61344e-09 1.50432e-09 8.42785e-10 4.59593e-10 2.43963e-10 1.26058e-10 6.34026e-11 3.10393e-11 1.47897e-11 6.85842e-12 3.09512e-12 1.35926e-12 5.80882e-13 2.41569e-13 9.77645e-14 3.85078e-14 1.47638e-14 5.51071e-15 2.00292e-15 7.09043e-16 2.44543e-16 8.21938e-17 2.69318e-17 8.60566e-18 2.68255e-18 8.16046e-19 2.42362e-19 7.03383e-20 2.01401e-20 
2.04431e-20 1.56151e-20 4.26697e-20 1.55751e-19 5.6873e-19 2.0259e-18 7.02473e-18 2.3698e-17 7.7748e-17 2.47968e-16 7.6855e-16 2.31406e-15 6.76661e-15 1.92108e-14 5.29419e-14 1.41598e-13 3.67511e-13 9.25567e-13 2.26187e-12 5.36381e-12 1.23444e-11 2.75752e-11 5.97999e-11 1.25922e-10 2.57518e-10 5.11569e-10 9.87339e-10 1.85163e-09 3.37452e-09 5.97681e-09 1.02882e-08 1.72118e-08 2.79843e-08 4.42156e-08 6.78843e-08 1.01261e-07 1.46732e-07 2.06511e-07 2.82245e-07 3.74562e-07 4.8265e-07 6.03985e-07 7.34321e-07 8.68014e-07 9.98651e-07 1.11985e-06 1.22603e-06 1.31292e-06 1.37773e-06 1.41889e-06 1.43572e-06 1.42797e-06 1.39569e-06 1.33931e-06 1.26002e-06 1.16023e-06 1.04378e-06 9.15933e-07 7.8291e-07 6.51178e-07 5.26646e-07 4.13997e-07 3.16278e-07 2.34826e-07 1.6947e-07 1.18905e-07 8.11273e-08 5.38379e-08 3.47576e-08 2.18337e-08 1.3347e-08 7.9409e-09 4.59856e-09 2.59219e-09 1.42238e-09 7.59747e-10 3.95012e-10 1.999e-10 9.84557e-11 4.71905e-11 2.20096e-11 9.988e-12 4.40986e-12 1.89426e-12 7.91632e-13 3.21884e-13 1.27353e-13 4.90353e-14 1.83773e-14 6.70532e-15 2.38252e-15 8.24627e-16 2.78111e-16 9.14248e-17 2.93055e-17 9.16288e-18 2.79562e-18 8.32665e-19 2.42337e-19 6.96092e-20 
6.94924e-20 5.4311e-20 1.49493e-19 5.44158e-19 1.97966e-18 7.02473e-18 2.42619e-17 8.15163e-17 2.66321e-16 8.45738e-16 2.60959e-15 7.82103e-15 2.27599e-14 6.42938e-14 1.76262e-13 4.6887e-13 1.21003e-12 3.02943e-12 7.35762e-12 1.7336e-11 3.96319e-11 8.79215e-11 1.89315e-10 3.95748e-10 8.03333e-10 1.58388e-09 3.03381e-09 5.64651e-09 1.02132e-08 1.79548e-08 3.06809e-08 5.09617e-08 8.22829e-08 1.29138e-07 1.96992e-07 2.9205e-07 4.20751e-07 5.88965e-07 8.00924e-07 1.05801e-06 1.35766e-06 1.69265e-06 2.05118e-06 2.41772e-06 2.77484e-06 3.10529e-06 3.39409e-06 3.62988e-06 3.80527e-06 3.91626e-06 3.96108e-06 3.93911e-06 3.85047e-06 3.69626e-06 3.47966e-06 3.20704e-06 2.88875e-06 2.53896e-06 2.17447e-06 1.81285e-06 1.4702e-06 1.1594e-06 8.88916e-07 6.62629e-07 4.80305e-07 3.38595e-07 2.32192e-07 1.54917e-07 1.0058e-07 6.35532e-08 3.90869e-08 2.34005e-08 1.36377e-08 7.7373e-09 4.2733e-09 2.29743e-09 1.20224e-09 6.12308e-10 3.03473e-10 1.46348e-10 6.86625e-11 3.13377e-11 1.39123e-11 6.00755e-12 2.52327e-12 1.03091e-12 4.09743e-13 1.58454e-13 5.96315e-14 2.18441e-14 7.79106e-15 2.7064e-15 9.15937e-16 3.02111e-16 9.71531e-17 3.04718e-17 9.32528e-18 2.78571e-18 8.13114e-19 2.34329e-19 
2.3003e-19 1.83939e-19 5.0975e-19 1.85007e-18 6.7049e-18 2.3698e-17 8.15163e-17 2.72742e-16 8.87258e-16 2.80517e-15 8.61608e-15 2.57006e-14 7.44243e-14 2.09167e-13 5.70386e-13 1.50887e-12 3.8715e-12 9.63414e-12 2.32513e-11 5.44253e-11 1.23573e-10 2.72204e-10 5.81842e-10 1.20718e-09 2.4317e-09 4.75713e-09 9.04047e-09 1.66937e-08 2.99581e-08 5.22576e-08 8.86152e-08 1.46092e-07 2.34167e-07 3.64929e-07 5.52926e-07 8.14472e-07 1.16627e-06 1.62325e-06 2.19579e-06 2.88659e-06 3.6879e-06 4.57987e-06 5.53079e-06 6.49963e-06 7.44063e-06 8.30896e-06 9.06593e-06 9.68249e-06 1.01399e-05 1.04283e-05 1.05432e-05 1.04833e-05 1.02489e-05 9.84252e-06 9.27234e-06 8.55466e-06 7.71617e-06 6.7936e-06 5.83073e-06 4.87344e-06 3.96411e-06 3.13678e-06 2.41426e-06 1.80738e-06 1.31622e-06 9.32577e-07 6.42975e-07 4.31442e-07 2.81792e-07 1.79166e-07 1.10901e-07 6.68324e-08 3.92116e-08 2.2398e-08 1.2455e-08 6.74183e-09 3.55188e-09 1.82104e-09 9.08432e-10 4.40863e-10 2.08107e-10 9.55408e-11 4.26548e-11 1.85185e-11 7.81816e-12 3.20988e-12 1.28176e-12 4.97883e-13 1.88167e-13 6.92087e-14 2.47803e-14 8.64005e-15 2.93455e-15 9.71267e-16 3.13381e-16 9.86087e-17 3.02718e-17 9.07063e-18 2.6556e-18 7.67928e-19 
7.41228e-19 6.06384e-19 1.6911e-18 6.11865e-18 2.20873e-17 7.7748e-17 2.66321e-16 8.87258e-16 2.87364e-15 9.04415e-15 2.76492e-14 8.20746e-14 2.3648e-13 6.61155e-13 1.79315e-12 4.71666e-12 1.20307e-11 2.97536e-11 7.1346e-11 1.65882e-10 3.74007e-10 8.17876e-10 1.73512e-09 3.57212e-09 7.13865e-09 1.38529e-08 2.61116e-08 4.78215e-08 8.51181e-08 1.47273e-07 2.4774e-07 4.05232e-07 6.44585e-07 9.97127e-07 1.50011e-06 2.19476e-06 3.12266e-06 4.32019e-06 5.8115e-06 7.60087e-06 9.666e-06 1.19543e-05 1.43838e-05 1.68501e-05 1.92377e-05 2.14346e-05 2.33447e-05 2.48967e-05 2.60451e-05 2.67661e-05 2.70499e-05 2.68931e-05 2.62962e-05 2.52657e-05 2.38209e-05 2.20021e-05 1.98753e-05 1.75321e-05 1.50821e-05 1.26408e-05 1.03153e-05 8.19255e-06 6.33165e-06 4.7618e-06 3.48514e-06 2.48266e-06 1.72155e-06 1.1622e-06 7.63907e-07 4.88907e-07 3.04686e-07 1.84892e-07 1.09248e-07 6.28492e-08 3.51995e-08 1.91893e-08 1.01811e-08 5.25595e-09 2.63965e-09 1.28941e-09 6.125e-10 2.82899e-10 1.27035e-10 5.54571e-11 2.35364e-11 9.71179e-12 3.89662e-12 1.52049e-12 5.77145e-13 2.13159e-13 7.6626e-14 2.68191e-14 9.14252e-15 3.03671e-15 9.83172e-16 3.10397e-16 9.55978e-17 2.87356e-17 8.43922e-18 2.44909e-18 
2.3244e-18 1.94521e-18 5.45641e-18 1.96775e-17 7.07426e-17 2.47968e-16 8.45738e-16 2.80517e-15 9.04415e-15 2.83318e-14 8.61976e-14 2.54601e-13 7.29805e-13 2.02951e-12 5.47375e-12 1.43148e-11 3.62922e-11 8.91905e-11 2.12463e-10 4.90593e-10 1.0982e-09 2.38368e-09 5.01798e-09 1.02484e-08 2.03135e-08 3.90907e-08 7.306e-08 1.32665e-07 2.3412e-07 4.01647e-07 6.7e-07 1.08694e-06 1.71513e-06 2.63265e-06 3.93114e-06 5.71066e-06 8.07034e-06 1.10948e-05 1.48372e-05 1.93012e-05 2.44256e-05 3.00762e-05 3.60496e-05 4.209e-05 4.79178e-05 5.32637e-05 5.78992e-05 6.16558e-05 6.4428e-05 6.61617e-05 6.6835e-05 6.64411e-05 6.49806e-05 6.24679e-05 5.89478e-05 5.45148e-05 4.93262e-05 4.36009e-05 3.76027e-05 3.16104e-05 2.5885e-05 2.064e-05 1.60228e-05 1.21095e-05 8.91037e-06 6.38394e-06 4.45398e-06 3.02626e-06 2.00257e-06 1.29063e-06 8.10103e-07 4.95208e-07 2.94786e-07 1.70861e-07 9.64116e-08 5.29513e-08 2.83e-08 1.47148e-08 7.44172e-09 3.65966e-09 1.74972e-09 8.13186e-10 3.67329e-10 1.61267e-10 6.88123e-11 2.85399e-11 1.1507e-11 4.51109e-12 1.71994e-12 6.37944e-13 2.30265e-13 8.09103e-14 2.76867e-14 9.22997e-15 2.99894e-15 9.50068e-16 2.93592e-16 8.85405e-17 2.60878e-17 7.5989e-18 
7.09169e-18 6.07009e-18 1.71171e-17 6.15161e-17 2.2022e-16 7.6855e-16 2.60959e-15 8.61608e-15 2.76492e-14 8.61976e-14 2.60953e-13 7.66837e-13 2.1865e-12 6.04713e-12 1.62169e-11 4.21589e-11 1.06226e-10 2.59376e-10 6.1371e-10 1.40715e-09 3.12687e-09 6.73519e-09 1.40662e-08 2.84928e-08 5.60002e-08 1.06836e-07 1.97924e-07 3.56216e-07 6.23049e-07 1.05943e-06 1.75181e-06 2.81754e-06 4.40863e-06 6.71203e-06 9.94413e-06 1.43375e-05 2.01182e-05 2.74736e-05 3.65135e-05 4.72292e-05 5.94601e-05 7.2878e-05 8.69971e-05 0.000101216 0.000114886 0.000127385 0.000138192 0.000146926 0.000153354 0.000157358 0.000158893 0.000157944 0.000154513 0.000148629 0.000140392 0.000130012 0.00011785 0.000104406 9.029e-05 7.61483e-05 6.25909e-05 5.0122e-05 3.90961e-05 2.97035e-05 2.19816e-05 1.58459e-05 1.11277e-05 7.61266e-06 5.0736e-06 3.29409e-06 2.08337e-06 1.28342e-06 7.69981e-07 4.49807e-07 2.55806e-07 1.41586e-07 7.62491e-08 3.99416e-08 2.03455e-08 1.00751e-08 4.84922e-09 2.26808e-09 1.03078e-09 4.55166e-10 1.95292e-10 8.14238e-11 3.2994e-11 1.29966e-11 4.97789e-12 1.85446e-12 6.7219e-13 2.37153e-13 8.14698e-14 2.7263e-14 8.8908e-15 2.82673e-15 8.7658e-16 2.65261e-16 7.8423e-17 2.29318e-17 
2.10457e-17 1.8421e-17 5.2193e-17 1.86886e-16 6.66083e-16 2.31406e-15 7.82103e-15 2.57006e-14 8.20746e-14 2.54601e-13 7.66837e-13 2.24157e-12 6.35671e-12 1.74816e-11 4.66077e-11 1.20431e-10 3.01526e-10 7.31397e-10 1.71866e-09 3.91233e-09 8.62848e-09 1.84403e-08 3.81989e-08 7.67249e-08 1.49486e-07 2.82645e-07 5.18874e-07 9.25258e-07 1.60338e-06 2.70122e-06 4.42572e-06 7.05407e-06 1.09404e-05 1.65143e-05 2.4265e-05 3.47098e-05 4.83403e-05 6.55503e-05 8.65498e-05 0.000111277 0.000139331 0.000169939 0.00020199 0.000234128 0.000264906 0.000292953 0.000317132 0.00033662 0.000350921 0.000359793 0.000363149 0.000360961 0.00035323 0.000340014 0.000321517 0.000298197 0.000270834 0.00024053 0.00020863 0.000176573 0.000145727 0.000117235 9.19166e-05 7.02291e-05 5.22908e-05 3.79425e-05 2.68302e-05 1.84891e-05 1.2416e-05 8.12445e-06 5.17966e-06 3.2169e-06 1.94589e-06 1.14614e-06 6.57162e-07 3.66679e-07 1.99036e-07 1.05065e-07 5.39173e-08 2.68914e-08 1.30319e-08 6.13529e-09 2.80574e-09 1.24632e-09 5.37775e-10 2.25427e-10 9.18164e-11 3.63452e-11 1.39864e-11 5.23407e-12 1.90547e-12 6.7509e-13 2.32859e-13 7.82315e-14 2.56102e-14 8.17292e-15 2.54371e-15 7.72503e-16 2.29197e-16 6.72923e-17 
6.0739e-17 5.43513e-17 1.54645e-16 5.51586e-16 1.95691e-15 6.76661e-15 2.27599e-14 7.44243e-14 2.3648e-13 7.29805e-13 2.1865e-12 6.35671e-12 1.79255e-11 4.90116e-11 1.29886e-10 3.33525e-10 8.29647e-10 1.99885e-09 4.66386e-09 1.05387e-08 2.30641e-08 4.88964e-08 1.00444e-07 2.00003e-07 3.86188e-07 7.2348e-07 1.31566e-06 2.3237e-06 3.98801e-06 6.65392e-06 1.07976e-05 1.70478e-05 2.6196e-05 3.91871e-05 5.70802e-05 8.09726e-05 0.000111882 0.000150589 0.000197459 0.00025226 0.000314034 0.000381041 0.000450843 0.000520513 0.000586963 0.000647304 0.000699157 0.000740832 0.000771326 0.000790168 0.000797199 0.000792375 0.000775688 0.000747242 0.000707441 0.000657221 0.000598201 0.000532694 0.000463542 0.000393813 0.000326446 0.000263928 0.000208074 0.000159944 0.000119871 8.75882e-05 6.23949e-05 4.33308e-05 2.93326e-05 1.93531e-05 1.24431e-05 7.79448e-06 4.75569e-06 2.82536e-06 1.63386e-06 9.19334e-07 5.03125e-07 2.67703e-07 1.38437e-07 6.95551e-08 3.39452e-08 1.60887e-08 7.40472e-09 3.30929e-09 1.43623e-09 6.05383e-10 2.47879e-10 9.86196e-11 3.81356e-11 1.43381e-11 5.24337e-12 1.86578e-12 6.46289e-13 2.1802e-13 7.16575e-14 2.29572e-14 7.17239e-15 2.18634e-15 6.51087e-16 1.91973e-16 
1.70447e-16 1.55881e-16 4.4515e-16 1.58124e-15 5.58312e-15 1.92108e-14 6.42938e-14 2.09167e-13 6.61155e-13 2.02951e-12 6.04713e-12 1.74816e-11 4.90116e-11 1.33206e-10 3.50828e-10 8.95096e-10 2.21175e-09 5.2918e-09 1.22581e-08 2.74903e-08 5.96902e-08 1.25506e-07 2.55613e-07 5.04449e-07 9.65084e-07 1.79083e-06 3.225e-06 5.63959e-06 9.58204e-06 1.5827e-05 2.54267e-05 3.97485e-05 6.04869e-05 8.96302e-05 0.000129366 0.000181912 0.000249263 0.000332873 0.000433293 0.000549827 0.000680287 0.000820924 0.000966616 0.00111132 0.00124875 0.00137306 0.00147954 0.00156487 0.00162711 0.00166542 0.00167953 0.00166936 0.0016349 0.00157631 0.00149433 0.00139078 0.00126887 0.00113322 0.000989581 0.000844196 0.000703108 0.000571499 0.000453233 0.000350657 0.000264643 0.000194817 0.000139875 9.7938e-05 6.68647e-05 4.45035e-05 2.88696e-05 1.8248e-05 1.12349e-05 6.73506e-06 3.92957e-06 2.23043e-06 1.23105e-06 6.60414e-07 3.44224e-07 1.74262e-07 8.56623e-08 4.08811e-08 1.89391e-08 8.51727e-09 3.71858e-09 1.57636e-09 6.48977e-10 2.5955e-10 1.00872e-10 3.81094e-11 1.40017e-11 5.00495e-12 1.74131e-12 5.89937e-13 1.94708e-13 6.26344e-14 1.96467e-14 6.01234e-15 1.79744e-15 5.32343e-16 
4.65019e-16 4.34498e-16 1.24463e-15 4.40191e-15 1.54651e-14 5.29419e-14 1.76262e-13 5.70386e-13 1.79315e-12 5.47375e-12 1.62169e-11 4.66077e-11 1.29886e-10 3.50828e-10 9.18089e-10 2.32693e-09 5.7104e-09 1.35655e-08 3.11907e-08 6.9409e-08 1.49495e-07 3.11688e-07 6.29239e-07 1.23047e-06 2.3318e-06 4.28467e-06 7.63858e-06 1.32208e-05 2.22298e-05 3.63344e-05 5.77637e-05 8.93672e-05 0.000134613 0.000197496 0.000282321 0.00039334 0.000534249 0.000707556 0.000913908 0.00115146 0.00141545 0.00169816 0.0019893 0.00227695 0.00254889 0.0027939 0.00300303 0.00317009 0.00329158 0.00336606 0.00339312 0.0033727 0.00330469 0.0031893 0.00302785 0.00282367 0.00258278 0.00231401 0.00202841 0.00173814 0.00145506 0.00118952 0.000949373 0.000739617 0.000562372 0.000417285 0.000302114 0.000213385 0.000147 9.87469e-05 6.46617e-05 4.12603e-05 2.5645e-05 1.55187e-05 9.13856e-06 5.23415e-06 2.91435e-06 1.57673e-06 8.28535e-07 4.22716e-07 2.09342e-07 1.00614e-07 4.69271e-08 2.124e-08 9.33027e-09 3.97851e-09 1.64717e-09 6.62333e-10 2.58754e-10 9.82504e-11 3.62744e-11 1.30278e-11 4.55349e-12 1.5496e-12 5.13686e-13 1.65952e-13 5.22729e-14 1.60625e-14 4.82167e-15 1.43471e-15 
1.23333e-15 1.17688e-15 3.3797e-15 1.18982e-14 4.15843e-14 1.41598e-13 4.6887e-13 1.50887e-12 4.71666e-12 1.43148e-11 4.21589e-11 1.20431e-10 3.33525e-10 8.95096e-10 2.32693e-09 5.8575e-09 1.42731e-08 3.36586e-08 7.68014e-08 1.69553e-07 3.6217e-07 7.48599e-07 1.4977e-06 2.90135e-06 5.44479e-06 9.9042e-06 1.74742e-05 2.9924e-05 4.97734e-05 8.04707e-05 0.000126541 0.00019366 0.000288609 0.000419031 0.000592971 0.000818148 0.00110098 0.00144542 0.00185175 0.00231552 0.0028269 0.00337065 0.00392709 0.00447381 0.00498812 0.00544956 0.00584195 0.00615438 0.0063809 0.00651919 0.00656881 0.00652968 0.00640156 0.00618464 0.00588099 0.00549638 0.00504156 0.00453253 0.00398956 0.00343514 0.00289155 0.00237848 0.00191128 0.00150007 0.00114969 0.000860311 0.000628411 0.000447963 0.000311551 0.00021133 0.000139757 9.00679e-05 5.65379e-05 3.45498e-05 2.05419e-05 1.18761e-05 6.67269e-06 3.64168e-06 1.92967e-06 9.92408e-07 4.9523e-07 2.39753e-07 1.126e-07 5.13027e-08 2.26792e-08 9.72944e-09 4.05168e-09 1.63836e-09 6.43536e-10 2.45639e-10 9.11532e-11 3.28996e-11 1.15546e-11 3.95065e-12 1.31565e-12 4.26945e-13 1.35075e-13 4.16851e-14 1.25669e-14 3.75772e-15 
3.17974e-15 3.09732e-15 8.91204e-15 3.12228e-14 1.08532e-13 3.67511e-13 1.21003e-12 3.8715e-12 1.20307e-11 3.62922e-11 1.06226e-10 3.01526e-10 8.29647e-10 2.21175e-09 5.7104e-09 1.42731e-08 3.45261e-08 8.08041e-08 1.82933e-07 4.00569e-07 8.48373e-07 1.73808e-06 3.44532e-06 6.61027e-06 1.22815e-05 2.21095e-05 3.85928e-05 6.53665e-05 0.000107515 0.000171865 0.000267202 0.000404328 0.000595866 0.000855719 0.00119813 0.00163627 0.00218051 0.00283636 0.00360246 0.00446889 0.00541627 0.00641602 0.00743217 0.00842462 0.00935335 0.0101828 0.0108855 0.011443 0.0118459 0.0120909 0.0121777 0.0121064 0.0118763 0.0114874 0.0109426 0.0102513 0.0094317 0.00851118 0.00752507 0.00651306 0.00551496 0.00456654 0.00369638 0.00292414 0.00226019 0.00170653 0.0012583 0.000905779 0.000636314 0.000436067 0.000291383 0.000189747 0.000120345 7.42942e-05 4.46142e-05 2.60439e-05 1.47703e-05 8.13366e-06 4.34708e-06 2.25407e-06 1.13366e-06 5.5295e-07 2.61552e-07 1.19984e-07 5.33892e-08 2.30484e-08 9.65641e-09 3.92759e-09 1.55147e-09 5.95451e-10 2.22142e-10 8.05934e-11 2.84483e-11 9.77489e-12 3.27095e-12 1.06648e-12 3.38967e-13 1.05082e-13 3.18221e-14 9.56439e-15 
7.96907e-15 7.92001e-15 2.282e-14 7.95411e-14 2.74928e-13 9.25567e-13 3.02943e-12 9.63414e-12 2.97536e-11 8.91905e-11 2.59376e-10 7.31397e-10 1.99885e-09 5.2918e-09 1.35655e-08 3.36586e-08 8.08041e-08 1.87637e-07 4.21362e-07 9.14924e-07 1.92086e-06 3.89964e-06 7.65708e-06 1.45467e-05 2.67506e-05 4.76468e-05 8.22578e-05 0.000137755 0.000223973 0.000353848 0.000543675 0.00081304 0.00118429 0.00168138 0.00232806 0.00314541 0.00414875 0.00534435 0.00672628 0.00827397 0.00995111 0.0117066 0.013478 0.015197 0.0167967 0.0182185 0.0194178 0.0203661 0.0210492 0.0214629 0.0216078 0.0214841 0.0210906 0.0204263 0.019495 0.0183108 0.0169025 0.0153146 0.0136056 0.0118418 0.010091 0.00841504 0.00686478 0.00547654 0.00427134 0.00325585 0.00242469 0.00176348 0.00125203 0.000867303 0.000585862 0.000385669 0.00024725 0.000154258 9.35919e-05 5.51827e-05 3.1598e-05 1.75616e-05 9.46909e-06 4.95153e-06 2.51047e-06 1.23395e-06 5.87986e-07 2.71643e-07 1.21694e-07 5.28802e-08 2.22947e-08 9.12344e-09 3.62526e-09 1.39937e-09 5.24978e-10 1.91501e-10 6.79563e-11 2.34711e-11 7.89391e-12 2.58654e-12 8.26087e-13 2.5731e-13 7.82894e-14 2.36574e-14 
1.94152e-14 1.96764e-14 5.67402e-14 1.96716e-13 6.75935e-13 2.26187e-12 7.35762e-12 2.32513e-11 7.1346e-11 2.12463e-10 6.1371e-10 1.71866e-09 4.66386e-09 1.22581e-08 3.11907e-08 7.68014e-08 1.82933e-07 4.21362e-07 9.38322e-07 2.01982e-06 4.20255e-06 8.45237e-06 1.64358e-05 3.09096e-05 5.62456e-05 9.90931e-05 0.000169151 0.000279994 0.000449837 0.000702113 0.00106564 0.0015742 0.00226529 0.00317787 0.0043491 0.00581013 0.00758118 0.00966651 0.0120499 0.0146913 0.0175262 0.0204678 0.0234129 0.0262513 0.0288768 0.0311983 0.033148 0.0346836 0.035786 0.0364512 0.0366814 0.0364778 0.0358378 0.0347583 0.0332429 0.0313113 0.0290063 0.0263962 0.0235722 0.0206398 0.0177082 0.0148794 0.0122393 0.00985203 0.00775767 0.00597317 0.00449531 0.00330513 0.0023728 0.00166233 0.0011357 0.000756116 0.000490177 0.000309179 0.00018959 0.000112938 6.53119e-05 3.66448e-05 1.99387e-05 1.05171e-05 5.37665e-06 2.66381e-06 1.27902e-06 5.95231e-07 2.68544e-07 1.17487e-07 4.986e-08 2.0534e-08 8.20994e-09 3.1882e-09 1.20309e-09 4.41372e-10 1.57501e-10 5.4695e-11 1.84932e-11 6.09107e-12 1.95525e-12 6.12053e-13 1.87144e-13 5.68694e-14 
4.59851e-14 4.74955e-14 1.36999e-13 4.72318e-13 1.61302e-12 5.36381e-12 1.7336e-11 5.44253e-11 1.65882e-10 4.90593e-10 1.40715e-09 3.91233e-09 1.05387e-08 2.74903e-08 6.9409e-08 1.69553e-07 4.00569e-07 9.14924e-07 2.01982e-06 4.30903e-06 8.88279e-06 1.76943e-05 3.40648e-05 6.34012e-05 0.000114132 0.000198837 0.0003355 0.000548747 0.000870864 0.00134236 0.00201176 0.00293433 0.00416948 0.0057767 0.00781005 0.0103114 0.0133032 0.0167812 0.0207088 0.0250131 0.0295853 0.0342854 0.0389518 0.0434158 0.0475183 0.0511259 0.0541412 0.0565068 0.0581991 0.0592164 0.0595647 0.0592466 0.0582575 0.0565899 0.0542453 0.0512484 0.0476583 0.0435735 0.0391283 0.0344811 0.0297989 0.0252413 0.0209464 0.0170216 0.0135392 0.0105362 0.00801757 0.00596248 0.0043307 0.00306993 0.00212229 0.00142962 0.000937557 0.000598071 0.000370777 0.000223217 0.000130404 7.38822e-05 4.05765e-05 2.15949e-05 1.11348e-05 5.5621e-06 2.69178e-06 1.26225e-06 5.73668e-07 2.52763e-07 1.08009e-07 4.47796e-08 1.80203e-08 7.04221e-09 2.67381e-09 9.86827e-10 3.54208e-10 1.23708e-10 4.20612e-11 1.39291e-11 4.49505e-12 1.4144e-12 4.347e-13 1.32871e-13 
1.05894e-13 1.11395e-13 3.21239e-13 1.10106e-12 3.73649e-12 1.23444e-11 3.96319e-11 1.23573e-10 3.74007e-10 1.0982e-09 3.12687e-09 8.62848e-09 2.30641e-08 5.96902e-08 1.49495e-07 3.6217e-07 8.48373e-07 1.92086e-06 4.20255e-06 8.88279e-06 1.81366e-05 3.57712e-05 6.8162e-05 0.000125518 0.000223465 0.000384874 0.000641737 0.00103684 0.00162488 0.0024726 0.00365758 0.00526532 0.0073843 0.0100992 0.0134819 0.0175822 0.022417 0.0279616 0.034143 0.0408366 0.0478686 0.0550248 0.0620659 0.068748 0.0748465 0.0801773 0.0846106 0.0880739 0.0905424 0.0920208 0.0925221 0.0920514 0.0906003 0.088154 0.0847079 0.0802888 0.0749722 0.0688908 0.0622303 0.055215 0.0480867 0.0410817 0.0344109 0.028245 0.022707 0.0178691 0.0137565 0.0103533 0.00761187 0.00546248 0.00382284 0.00260658 0.00172991 0.00111641 0.000699953 0.000425988 0.000251472 0.000143909 7.97979e-05 4.28613e-05 2.22965e-05 1.12327e-05 5.48078e-06 2.59051e-06 1.18637e-06 5.26616e-07 2.26656e-07 9.4629e-08 3.83407e-08 1.50829e-08 5.76377e-09 2.14066e-09 7.73082e-10 2.71619e-10 9.28905e-11 3.09367e-11 1.00389e-11 3.17589e-12 9.81298e-13 3.01768e-13 
2.37107e-13 2.53868e-13 7.31573e-13 2.49241e-12 8.403e-12 2.75752e-11 8.79215e-11 2.72204e-10 8.17876e-10 2.38368e-09 6.73519e-09 1.84403e-08 4.88964e-08 1.25506e-07 3.11688e-07 7.48599e-07 1.73808e-06 3.89964e-06 8.45237e-06 1.76943e-05 3.57712e-05 6.98339e-05 0.000131668 0.000239821 0.000422152 0.000718581 0.00118369 0.00188863 0.00292182 0.0043879 0.00640432 0.00909558 0.0125847 0.0169824 0.0223744 0.0288084 0.0362808 0.0447272 0.0540152 0.0639445 0.0742529 0.0846305 0.0947424 0.104257 0.112875 0.120361 0.126552 0.131367 0.134787 0.136827 0.137513 0.136853 0.134834 0.131429 0.126621 0.120433 0.112952 0.104345 0.0948513 0.08477 0.0744307 0.0641645 0.0542761 0.0450231 0.0366023 0.0291433 0.0227099 0.0173059 0.0128855 0.00936533 0.00663779 0.00458293 0.00307908 0.00201095 0.00127545 0.000784928 0.000468356 0.000270796 0.000151649 8.22325e-05 4.31706e-05 2.19417e-05 1.07977e-05 5.14582e-06 2.37555e-06 1.06269e-06 4.60845e-07 1.93819e-07 7.90917e-08 3.13307e-08 1.20539e-08 4.50638e-09 1.6379e-09 5.79068e-10 1.99239e-10 6.67481e-11 2.17843e-11 6.93023e-12 2.15317e-12 6.66295e-13 
5.1627e-13 5.62227e-13 1.61827e-12 5.47917e-12 1.83493e-11 5.97999e-11 1.89315e-10 5.81842e-10 1.73512e-09 5.01798e-09 1.40662e-08 3.81989e-08 1.00444e-07 2.55613e-07 6.29239e-07 1.4977e-06 3.44532e-06 7.65708e-06 1.64358e-05 3.40648e-05 6.8162e-05 0.000131668 0.000245561 0.000442258 0.000769491 0.00129416 0.00210549 0.00331661 0.00506383 0.00750275 0.0108012 0.0151288 0.0206431 0.0274747 0.0357095 0.0453735 0.0564181 0.068711 0.0820324 0.0960794 0.110478 0.124807 0.138623 0.151502 0.163076 0.173058 0.181267 0.187621 0.192115 0.194787 0.195679 0.194804 0.192142 0.187648 0.181285 0.173062 0.163067 0.151491 0.138625 0.124839 0.110557 0.0962152 0.08223 0.0689685 0.0567276 0.0457224 0.0360821 0.0278539 0.0210125 0.0154741 0.0111116 0.00777112 0.00528719 0.00349558 0.00224349 0.00139653 0.000842511 0.000492314 0.000278529 0.000152526 8.08369e-05 4.14645e-05 2.05871e-05 9.89604e-06 4.60684e-06 2.07766e-06 9.0814e-07 3.84884e-07 1.58237e-07 6.31398e-08 2.44641e-08 9.20896e-09 3.36952e-09 1.19902e-09 4.15147e-10 1.39933e-10 4.59406e-11 1.46994e-11 4.593e-12 1.43045e-12 
1.09321e-12 1.21004e-12 3.47741e-12 1.16992e-11 3.89125e-11 1.25922e-10 3.95748e-10 1.20718e-09 3.57212e-09 1.02484e-08 2.84928e-08 7.67249e-08 2.00003e-07 5.04449e-07 1.23047e-06 2.90135e-06 6.61027e-06 1.45467e-05 3.09096e-05 6.34012e-05 0.000125518 0.000239821 0.000442258 0.000787334 0.00135363 0.00224871 0.00361228 0.00561619 0.00846032 0.0123638 0.0175515 0.0242372 0.0326039 0.042783 0.0548348 0.0687312 0.0843438 0.101438 0.119675 0.138625 0.157788 0.176619 0.194575 0.211147 0.225909 0.238547 0.248876 0.256829 0.262431 0.265751 0.266852 0.265755 0.262431 0.25681 0.248826 0.238459 0.225785 0.210999 0.194424 0.176491 0.157706 0.138611 0.119741 0.10159 0.0845788 0.0690392 0.0551995 0.0431844 0.0330203 0.0246476 0.0179375 0.0127114 0.00876046 0.00586488 0.00381004 0.00239963 0.00146413 0.000864936 0.000494524 0.000273579 0.000146431 7.58311e-05 3.80007e-05 1.84318e-05 8.65578e-06 3.93704e-06 1.73514e-06 7.41309e-07 3.07161e-07 1.23495e-07 4.82027e-08 1.82747e-08 6.73305e-09 2.41202e-09 8.40576e-10 2.85118e-10 9.41772e-11 3.03118e-11 9.52637e-12 2.98644e-12 
2.25139e-12 2.53102e-12 7.25953e-12 2.42662e-11 8.01526e-11 2.57518e-10 8.03333e-10 2.4317e-09 7.13865e-09 2.03135e-08 5.60002e-08 1.49486e-07 3.86188e-07 9.65084e-07 2.3318e-06 5.44479e-06 1.22815e-05 2.67506e-05 5.62456e-05 0.000114132 0.000223465 0.000422152 0.000769491 0.00135363 0.00229883 0.00377102 0.00597957 0.0091735 0.0136312 0.0196433 0.0274904 0.0374177 0.0496087 0.0641618 0.0810697 0.100206 0.12132 0.144037 0.167873 0.192255 0.216553 0.240114 0.262309 0.282574 0.300457 0.315644 0.327972 0.337413 0.344035 0.347946 0.349236 0.347937 0.344006 0.337347 0.327852 0.315458 0.300207 0.282273 0.26198 0.23979 0.216265 0.192034 0.167742 0.144012 0.121407 0.100402 0.0813623 0.064531 0.0500298 0.0378637 0.0279354 0.0200646 0.0140112 0.0095009 0.0062492 0.00398342 0.00245889 0.00146903 0.000849116 0.000474735 0.000256714 0.000134273 6.79409e-05 3.3265e-05 1.57649e-05 7.2345e-06 3.21601e-06 1.38552e-06 5.78768e-07 2.34533e-07 9.2243e-08 3.52302e-08 1.3073e-08 4.7156e-09 1.65435e-09 5.64767e-10 1.8771e-10 6.07802e-11 1.9215e-11 6.06399e-12 
4.50957e-12 5.14524e-12 1.47246e-11 4.88988e-11 1.60388e-10 5.11569e-10 1.58388e-09 4.75713e-09 1.38529e-08 3.90907e-08 1.06836e-07 2.82645e-07 7.2348e-07 1.79083e-06 4.28467e-06 9.9042e-06 2.21095e-05 4.76468e-05 9.90931e-05 0.000198837 0.000384874 0.000718581 0.00129416 0.00224871 0.00377102 0.00610649 0.0095552 0.014461 0.0211909 0.030106 0.0415275 0.0557018 0.0727704 0.0927458 0.115497 0.140748 0.168077 0.196942 0.226696 0.256627 0.285992 0.31406 0.340158 0.363712 0.384288 0.40161 0.415569 0.426197 0.433618 0.437986 0.439423 0.437968 0.433569 0.426096 0.415394 0.401345 0.38393 0.363273 0.339661 0.313538 0.285483 0.256169 0.226323 0.196681 0.167948 0.140757 0.115642 0.0930113 0.0731337 0.0561336 0.0419957 0.0305794 0.0216419 0.014868 0.00990433 0.00639159 0.00399289 0.00241336 0.00141077 0.000797442 0.000435839 0.000230337 0.000117728 5.82088e-05 2.78499e-05 1.28988e-05 5.78557e-06 2.51426e-06 1.05913e-06 4.32687e-07 1.71518e-07 6.60057e-08 2.46726e-08 8.96266e-09 3.16574e-09 1.08782e-09 3.63843e-10 1.1853e-10 3.76957e-11 1.19765e-11 
8.7853e-12 1.01655e-11 2.90185e-11 9.57376e-11 3.1182e-10 9.87339e-10 3.03381e-09 9.04047e-09 2.61116e-08 7.306e-08 1.97924e-07 5.18874e-07 1.31566e-06 3.225e-06 7.63858e-06 1.74742e-05 3.85928e-05 8.22578e-05 0.000169151 0.0003355 0.000641737 0.00118369 0.00210549 0.00361228 0.00597957 0.0095552 0.0147502 0.022016 0.0318088 0.0445444 0.0605507 0.0800254 0.103005 0.129347 0.158734 0.190682 0.224567 0.259659 0.295156 0.330232 0.364074 0.395927 0.425131 0.451162 0.473653 0.49241 0.507408 0.518754 0.526639 0.531266 0.532784 0.531245 0.526584 0.518641 0.50721 0.492107 0.473235 0.450635 0.424514 0.395249 0.363374 0.329551 0.294535 0.259136 0.224175 0.190442 0.158657 0.129431 0.103234 0.0803745 0.0609865 0.0450295 0.0323058 0.0224916 0.0151785 0.00991981 0.00627376 0.00383768 0.00226972 0.00129763 0.000717106 0.000383085 0.000197861 9.88285e-05 4.77531e-05 2.23295e-05 1.01087e-05 4.43243e-06 1.88335e-06 7.75844e-07 3.10025e-07 1.20233e-07 4.52779e-08 1.65659e-08 5.89167e-09 2.03793e-09 6.85963e-10 2.24837e-10 7.19332e-11 2.30091e-11 
1.66458e-11 1.95188e-11 5.55667e-11 1.82129e-10 5.89058e-10 1.85163e-09 5.64651e-09 1.66937e-08 4.78215e-08 1.32665e-07 3.56216e-07 9.25258e-07 2.3237e-06 5.63959e-06 1.32208e-05 2.9924e-05 6.53665e-05 0.000137755 0.000279994 0.000548747 0.00103684 0.00188863 0.00331661 0.00561619 0.0091735 0.014461 0.022016 0.0324006 0.0461455 0.0636863 0.0853028 0.111072 0.140848 0.174257 0.210728 0.249528 0.289812 0.330669 0.37118 0.410455 0.447676 0.482135 0.513258 0.540627 0.563995 0.583288 0.598582 0.610075 0.618021 0.622668 0.624193 0.622654 0.617978 0.609978 0.598402 0.582999 0.563583 0.540087 0.512601 0.481382 0.446859 0.409611 0.370353 0.329904 0.28915 0.249008 0.210376 0.174088 0.140864 0.11126 0.0856347 0.0641248 0.0466463 0.0329189 0.0225121 0.0149046 0.00954656 0.00591233 0.00353918 0.00204735 0.00114446 0.000618238 0.000322793 0.000162934 7.95335e-05 3.75579e-05 1.7165e-05 7.59573e-06 3.25603e-06 1.35275e-06 5.44981e-07 2.13014e-07 8.08227e-08 2.97845e-08 1.06663e-08 3.714e-09 1.25809e-09 4.14886e-10 1.33531e-10 4.30009e-11 
3.06725e-11 3.64209e-11 1.03384e-10 3.36663e-10 1.08133e-09 3.37452e-09 1.02132e-08 2.99581e-08 8.51181e-08 2.3412e-07 6.23049e-07 1.60338e-06 3.98801e-06 9.58204e-06 2.22298e-05 4.97734e-05 0.000107515 0.000223973 0.000449837 0.000870864 0.00162488 0.00292182 0.00506383 0.00846032 0.0136312 0.0211909 0.0318088 0.0461455 0.0647725 0.0880885 0.116249 0.149126 0.186301 0.227099 0.270643 0.315932 0.361907 0.407524 0.451801 0.493865 0.532977 0.56855 0.600163 0.627563 0.65066 0.669519 0.684334 0.695384 0.702983 0.707412 0.708867 0.707412 0.702968 0.69533 0.684211 0.669299 0.650321 0.627094 0.599562 0.567825 0.532147 0.492959 0.450856 0.406582 0.361017 0.315141 0.269997 0.226633 0.186039 0.149076 0.116399 0.0884094 0.0652196 0.0466656 0.0323482 0.0217034 0.0140833 0.00883384 0.00535424 0.00313516 0.00177339 0.000969062 0.000511637 0.000261058 0.000128768 6.14225e-05 2.8345e-05 1.26604e-05 5.47585e-06 2.2946e-06 9.3205e-07 3.67185e-07 1.40372e-07 5.21036e-08 1.87883e-08 6.58538e-09 2.24488e-09 7.44801e-10 2.41136e-10 7.81738e-11 
5.49606e-11 6.60364e-11 1.86883e-10 6.04684e-10 1.92894e-09 5.97681e-09 1.79548e-08 5.22576e-08 1.47273e-07 4.01647e-07 1.05943e-06 2.70122e-06 6.65392e-06 1.5827e-05 3.63344e-05 8.04707e-05 0.000171865 0.000353848 0.000702113 0.00134236 0.0024726 0.0043879 0.00750275 0.0123638 0.0196433 0.030106 0.0445444 0.0636863 0.0880885 0.118036 0.153469 0.193962 0.238744 0.28678 0.336869 0.38775 0.438201 0.487112 0.533529 0.576684 0.616001 0.651087 0.68173 0.707876 0.729614 0.747154 0.760795 0.770889 0.777789 0.781799 0.783119 0.781816 0.777812 0.770895 0.760757 0.747043 0.729405 0.707549 0.681272 0.650492 0.615272 0.575835 0.532581 0.486099 0.437167 0.386746 0.335952 0.286007 0.238165 0.193613 0.153365 0.118165 0.0884149 0.0641547 0.04509 0.0306661 0.0201666 0.012816 0.00786783 0.00466481 0.00267084 0.00147676 0.000788627 0.000406846 0.000202819 9.77378e-05 4.55478e-05 2.05362e-05 8.96251e-06 3.78809e-06 1.5514e-06 6.16e-07 2.37265e-07 8.87017e-08 3.22048e-08 1.13619e-08 3.89739e-09 1.30082e-09 4.23614e-10 1.3824e-10 
9.57544e-11 1.16333e-10 3.28196e-10 1.05526e-09 3.34377e-09 1.02882e-08 3.06809e-08 8.86152e-08 2.4774e-07 6.7e-07 1.75181e-06 4.42572e-06 1.07976e-05 2.54267e-05 5.77637e-05 0.000126541 0.000267202 0.000543675 0.00106564 0.00201176 0.00365758 0.00640432 0.0108012 0.0175515 0.0274904 0.0415275 0.0605507 0.0853028 0.116249 0.153469 0.196593 0.24481 0.29694 0.351563 0.407167 0.462287 0.515614 0.566069 0.612824 0.655308 0.693178 0.726294 0.75468 0.778495 0.798 0.813536 0.825489 0.834257 0.840214 0.843663 0.844803 0.843699 0.840276 0.834327 0.825544 0.81355 0.797947 0.778351 0.754424 0.725907 0.692647 0.654625 0.611994 0.565107 0.51455 0.461165 0.406049 0.350519 0.296045 0.244132 0.196181 0.153341 0.116387 0.0856586 0.0610549 0.0421031 0.0280676 0.0180771 0.0112436 0.00675168 0.00391379 0.00219009 0.00118317 0.00061723 0.000311012 0.000151423 7.12636e-05 3.24341e-05 1.42827e-05 6.08862e-06 2.51402e-06 1.00602e-06 3.90372e-07 1.46976e-07 5.3723e-08 1.90756e-08 6.5836e-09 2.2103e-09 7.23918e-10 2.37776e-10 
1.62183e-10 1.9909e-10 5.59887e-10 1.78921e-09 5.63242e-09 1.72118e-08 5.09617e-08 1.46092e-07 4.05232e-07 1.08694e-06 2.81754e-06 7.05407e-06 1.70478e-05 3.97485e-05 8.93672e-05 0.00019366 0.000404328 0.00081304 0.0015742 0.00293433 0.00526532 0.00909558 0.0151288 0.0242372 0.0374177 0.0557018 0.0800254 0.111072 0.149126 0.193962 0.24481 0.300413 0.359157 0.419255 0.47894 0.53663 0.591037 0.641216 0.686563 0.726775 0.761798 0.791762 0.816935 0.837672 0.854384 0.867509 0.877489 0.884741 0.889634 0.892456 0.893394 0.892507 0.889727 0.884864 0.877625 0.867638 0.854483 0.837716 0.816899 0.79162 0.761521 0.726341 0.685951 0.64042 0.590063 0.535507 0.47772 0.418014 0.357988 0.299415 0.244067 0.193529 0.149017 0.111255 0.0804345 0.0562521 0.0380223 0.0248231 0.0156455 0.00951697 0.00558621 0.00316395 0.00172931 0.00091228 0.000464636 0.000228548 0.000108618 4.98985e-05 2.21694e-05 9.53096e-06 3.96717e-06 1.59971e-06 6.25285e-07 2.37057e-07 8.7223e-08 3.11657e-08 1.08208e-08 3.65369e-09 1.20334e-09 3.97755e-10 
2.67004e-10 3.30943e-10 9.27721e-10 2.94708e-09 9.21864e-09 2.79843e-08 8.22829e-08 2.34167e-07 6.44585e-07 1.71513e-06 4.40863e-06 1.09404e-05 2.6196e-05 6.04869e-05 0.000134613 0.000288609 0.000595866 0.00118429 0.00226529 0.00416948 0.0073843 0.0125847 0.0206431 0.0326039 0.0496087 0.0727704 0.103005 0.140848 0.186301 0.238744 0.29694 0.359157 0.423363 0.487468 0.549547 0.608015 0.661717 0.709946 0.752394 0.789078 0.820245 0.846294 0.867708 0.885004 0.898699 0.909292 0.917244 0.922963 0.926792 0.928993 0.929728 0.929051 0.926904 0.923121 0.917438 0.909509 0.898921 0.88521 0.867874 0.84639 0.820236 0.788927 0.752062 0.709401 0.660939 0.607006 0.548341 0.486133 0.422 0.357885 0.295879 0.237989 0.185903 0.140804 0.103265 0.0732486 0.0502064 0.0332291 0.0212249 0.0130793 0.0077741 0.00445669 0.00246433 0.00131457 0.000676681 0.000336242 0.00016135 7.48073e-05 3.35275e-05 1.4534e-05 6.09744e-06 2.47716e-06 9.75158e-07 3.72203e-07 1.3783e-07 4.95494e-08 1.73039e-08 5.8752e-09 1.94549e-09 6.47028e-10 
4.27171e-10 5.34233e-10 1.49285e-09 4.71514e-09 1.46592e-08 4.42156e-08 1.29138e-07 3.64929e-07 9.97127e-07 2.63265e-06 6.71203e-06 1.65143e-05 3.91871e-05 8.96302e-05 0.000197496 0.000419031 0.000855719 0.00168138 0.00317787 0.0057767 0.0100992 0.0169824 0.0274747 0.042783 0.0641618 0.0927458 0.129347 0.174257 0.227099 0.28678 0.351563 0.419255 0.487468 0.55391 0.616622 0.674141 0.725553 0.770469 0.808924 0.841263 0.868024 0.889836 0.907351 0.921199 0.931956 0.940139 0.946195 0.950502 0.953362 0.954999 0.955549 0.955058 0.953479 0.950673 0.946417 0.940404 0.932255 0.921518 0.907671 0.890129 0.868254 0.841386 0.808887 0.770219 0.725043 0.673343 0.615541 0.552595 0.486012 0.417788 0.350232 0.285716 0.226395 0.173949 0.12941 0.0931038 0.0647125 0.0434193 0.0281056 0.0175444 0.0105588 0.00612599 0.00342646 0.00184796 0.000961241 0.000482413 0.00023369 0.000109322 4.94153e-05 2.15947e-05 9.1292e-06 3.73585e-06 1.4808e-06 5.68902e-07 2.11979e-07 7.66556e-08 2.69204e-08 9.18925e-09 3.05877e-09 1.02334e-09 
6.63983e-10 8.37311e-10 2.33248e-09 7.32662e-09 2.26451e-08 6.78843e-08 1.96992e-07 5.52926e-07 1.50011e-06 3.93114e-06 9.94413e-06 2.4265e-05 5.70802e-05 0.000129366 0.000282321 0.000592971 0.00119813 0.00232806 0.0043491 0.00781005 0.0134819 0.0223744 0.0357095 0.0548348 0.0810697 0.115497 0.158734 0.210728 0.270643 0.336869 0.407167 0.47894 0.549547 0.616622 0.678307 0.733378 0.781251 0.821901 0.855716 0.88335 0.905585 0.923228 0.937042 0.947712 0.955829 0.961892 0.966309 0.969412 0.971454 0.972617 0.97301 0.972671 0.971563 0.969577 0.96653 0.962168 0.956159 0.948089 0.937455 0.923656 0.905998 0.883702 0.855948 0.821946 0.781041 0.732854 0.677442 0.615434 0.548109 0.477377 0.405639 0.335537 0.269642 0.210136 0.158561 0.11569 0.081531 0.0554489 0.0363678 0.0229927 0.0140084 0.00822346 0.00465162 0.00253572 0.00133249 0.000675232 0.000330109 0.000155776 7.09947e-05 3.12677e-05 1.33163e-05 5.48748e-06 2.18954e-06 8.4648e-07 3.17288e-07 1.15387e-07 4.07403e-08 1.3978e-08 4.67602e-09 1.57333e-09 
