1.90211e-06 1.97681e-06 2.30297e-06 2.91233e-06 3.86048e-06 5.23043e-06 7.13637e-06 9.72856e-06 1.3199e-05 1.77882e-05 2.37918e-05 3.15683e-05 4.15463e-05 5.42309e-05 7.02098e-05 9.01569e-05 0.000114834 0.00014509 0.000181854 0.000226128 0.000278971 0.000341481 0.000414767 0.00049992 0.000597979 0.000709888 0.000836453 0.000978298 0.00113582 0.00130914 0.00149807 0.00170207 0.00192022 0.00215122 0.00239336 0.00264455 0.0029023 0.00316382 0.00342598 0.00368545 0.00393871 0.00418216 0.00441218 0.00462523 0.00481795 0.0049872 0.00513018 0.00524448 0.00532816 0.0053798 0.00539849 0.00538394 0.00533639 0.00525669 0.00514621 0.00500686 0.004841 0.00465138 0.00444111 0.00421352 0.00397213 0.00372055 0.00346236 0.00320108 0.00294005 0.00268238 0.00243092 0.00218816 0.00195621 0.00173682 0.00153134 0.00134072 0.00116554 0.00100603 0.000862104 0.000733418 0.000619381 0.000519222 0.000432026 0.000356783 0.000292421 0.000237849 0.00019198 0.000153762 0.000122196 9.63519e-05 7.53767e-05 5.85019e-05 4.5045e-05 3.44082e-05 2.60753e-05 1.96065e-05 1.46319e-05 1.08445e-05 7.99343e-06 5.87658e-06 4.33446e-06 3.2443e-06 2.51512e-06 2.08468e-06 
1.97681e-06 2.05504e-06 2.39544e-06 3.03122e-06 4.02052e-06 5.45014e-06 7.43951e-06 1.01457e-05 1.37697e-05 1.85627e-05 2.4834e-05 3.29585e-05 4.33842e-05 5.66393e-05 7.33378e-05 9.4184e-05 0.000119974 0.000151593 0.000190013 0.000236277 0.000291493 0.000356802 0.00043336 0.000522304 0.000624713 0.000741567 0.000873703 0.00102176 0.00118616 0.001367 0.00156409 0.00177686 0.00200434 0.00224516 0.00249755 0.00275931 0.00302787 0.00330028 0.00357331 0.00384349 0.00410716 0.00436057 0.00459996 0.00482166 0.00502216 0.00519822 0.00534694 0.00546581 0.00555281 0.00560648 0.00562588 0.00561069 0.00556118 0.00547822 0.00536324 0.00521822 0.00504561 0.00484826 0.0046294 0.0043925 0.00414121 0.00387926 0.0036104 0.00333828 0.00306638 0.00279795 0.00253593 0.00228292 0.00204115 0.00181243 0.00159817 0.00139936 0.00121663 0.00105021 0.000900037 0.000765739 0.000646712 0.000542156 0.000451122 0.000372557 0.000305349 0.000248359 0.000200455 0.00016054 0.000127572 0.000100581 7.86748e-05 6.10524e-05 4.70004e-05 3.58945e-05 2.71954e-05 2.04433e-05 1.52519e-05 1.13003e-05 8.32628e-06 6.11874e-06 4.51099e-06 3.37474e-06 2.61498e-06 2.16667e-06 
2.30297e-06 2.39544e-06 2.79272e-06 3.53331e-06 4.68459e-06 6.34699e-06 8.65855e-06 1.18007e-05 1.60049e-05 2.15609e-05 2.88241e-05 3.82253e-05 5.0278e-05 6.55869e-05 8.48539e-05 0.000108882 0.000138579 0.000174949 0.000219095 0.000272199 0.000335507 0.000410306 0.000497894 0.000599539 0.000716443 0.000849691 0.0010002 0.00116867 0.00135552 0.00156085 0.0017844 0.00202549 0.00228299 0.00255535 0.00284051 0.003136 0.0034389 0.0037459 0.00405336 0.00435738 0.00465386 0.00493862 0.00520747 0.00545631 0.00568124 0.00587865 0.00604531 0.00617846 0.00627586 0.00633586 0.00635744 0.00634026 0.00628461 0.00619145 0.00606239 0.00589961 0.00570583 0.00548424 0.00523841 0.00497222 0.00468972 0.0043951 0.00409254 0.0037861 0.00347972 0.00317702 0.00288133 0.00259558 0.0023223 0.00206355 0.00182094 0.00159563 0.00138833 0.00119937 0.00102869 0.000875896 0.000740346 0.000621156 0.000517278 0.000427539 0.000350696 0.00028547 0.000230591 0.000184819 0.000146979 0.000115968 9.07777e-05 7.04948e-05 5.43073e-05 4.15027e-05 3.14649e-05 2.36677e-05 1.76681e-05 1.30982e-05 9.65662e-06 7.10052e-06 5.23803e-06 3.92133e-06 3.04091e-06 2.52176e-06 
2.91233e-06 3.03122e-06 3.53331e-06 4.46675e-06 5.91552e-06 8.00464e-06 1.09056e-05 1.48434e-05 2.01047e-05 2.7047e-05 3.61087e-05 4.78193e-05 6.28088e-05 8.1817e-05 0.0001057 0.000135436 0.000172124 0.000216982 0.000271336 0.000336607 0.000414287 0.000505909 0.000613012 0.000737092 0.000879557 0.00104166 0.00122447 0.00142874 0.00165494 0.00190313 0.0021729 0.00246341 0.00277323 0.00310046 0.00344261 0.00379667 0.00415914 0.00452607 0.00489314 0.0052557 0.00560891 0.00594783 0.00626752 0.00656318 0.00683022 0.00706442 0.007262 0.00741973 0.007535 0.0076059 0.00763124 0.00761061 0.00754437 0.00743364 0.0072803 0.00708691 0.00685664 0.00659323 0.00630086 0.00598409 0.0056477 0.00529659 0.00493571 0.00456987 0.00420372 0.00384158 0.00348743 0.00314479 0.00281668 0.00250561 0.00221355 0.00194194 0.00169169 0.00146324 0.00125658 0.00107131 0.00090669 0.000761715 0.000635167 0.000525673 0.000431766 0.000351931 0.000284653 0.000228453 0.000181918 0.000143724 0.000112651 8.75933e-05 6.75653e-05 5.16997e-05 3.92442e-05 2.95554e-05 2.20902e-05 1.63964e-05 1.2103e-05 8.91067e-06 6.58228e-06 4.93501e-06 3.83326e-06 3.1841e-06 
3.86048e-06 4.02052e-06 4.68459e-06 5.91552e-06 7.82263e-06 1.05683e-05 1.43747e-05 1.9533e-05 2.6413e-05 3.54751e-05 4.72822e-05 6.25121e-05 8.19695e-05 0.000106596 0.000137479 0.000175855 0.00022311 0.000280773 0.000350505 0.000434077 0.000533338 0.000650181 0.000786495 0.000944106 0.00112471 0.00132983 0.00156068 0.00181816 0.00210274 0.00241441 0.00275259 0.00311611 0.00350316 0.00391127 0.0043373 0.0047775 0.0052275 0.0056824 0.00613685 0.00658517 0.00702141 0.00743954 0.00783354 0.00819757 0.00852608 0.00881394 0.00905661 0.00925017 0.00939148 0.00947824 0.00950903 0.00948336 0.00940166 0.0092653 0.00907653 0.00883845 0.0085549 0.00823041 0.00787006 0.00747935 0.0070641 0.0066303 0.00618398 0.00573103 0.00527717 0.00482773 0.00438761 0.0039612 0.00355229 0.00316402 0.00279892 0.00245883 0.00214498 0.00185798 0.0015979 0.00136433 0.00115643 0.000973009 0.000812609 0.000673572 0.000554108 0.000452359 0.000366457 0.000294568 0.000234934 0.000185899 0.000145933 0.000113648 8.77966e-05 6.72824e-05 5.11498e-05 3.85794e-05 2.8878e-05 2.14668e-05 1.587e-05 1.17027e-05 8.65943e-06 6.50441e-06 5.06245e-06 4.21345e-06 
5.23043e-06 5.45014e-06 6.34699e-06 8.00464e-06 1.05683e-05 1.4253e-05 1.93529e-05 2.62519e-05 3.5437e-05 4.75128e-05 6.32166e-05 8.34337e-05 0.000109212 0.000141774 0.000182525 0.000233062 0.000295164 0.00037079 0.000462056 0.000571209 0.000700588 0.00085257 0.00102951 0.00123368 0.00146716 0.00173179 0.00202903 0.00235991 0.0027249 0.00312388 0.00355598 0.00401963 0.0045124 0.0050311 0.00557169 0.00612935 0.00669856 0.00727313 0.00784634 0.00841106 0.00895991 0.00948536 0.00997997 0.0104365 0.0108481 0.0112085 0.011512 0.0117539 0.0119304 0.0120385 0.0120766 0.0120441 0.0119415 0.0117705 0.0115338 0.0112353 0.0108797 0.0104726 0.0100202 0.0095294 0.00900727 0.0084613 0.00789897 0.00732765 0.00675446 0.00618611 0.00562877 0.00508801 0.00456864 0.00407472 0.00360951 0.00317544 0.00277415 0.00240656 0.00207284 0.00177259 0.00150484 0.00126817 0.00106082 0.000880734 0.000725708 0.000593417 0.000481516 0.00038769 0.000309709 0.000245467 0.000193009 0.000150551 0.000116493 8.94165e-05 6.80847e-05 5.14338e-05 3.85609e-05 2.87104e-05 2.12596e-05 1.57036e-05 1.16409e-05 8.76111e-06 6.83324e-06 5.69887e-06 
7.13637e-06 7.43951e-06 8.65855e-06 1.09056e-05 1.43747e-05 1.93529e-05 2.62314e-05 3.55205e-05 4.78654e-05 6.40654e-05 8.50923e-05 0.00011211 0.000146492 0.000189836 0.000243973 0.000310972 0.000393138 0.000492992 0.000613249 0.00075678 0.000926554 0.00112558 0.00135682 0.00162309 0.00192697 0.00227069 0.002656 0.00308406 0.00355536 0.00406953 0.00462537 0.00522069 0.00585229 0.00651596 0.00720649 0.00791769 0.00864249 0.00937304 0.0101008 0.0108169 0.011512 0.0121767 0.0128017 0.013378 0.0138972 0.0143513 0.0147335 0.0150378 0.0152596 0.0153953 0.0154428 0.0154014 0.0152717 0.0150559 0.0147573 0.0143807 0.0139318 0.0134177 0.0128461 0.0122254 0.0115646 0.0108729 0.0101597 0.00943422 0.00870549 0.00798194 0.00727142 0.006581 0.00591687 0.00528428 0.00468745 0.00412963 0.00361305 0.00313899 0.00270784 0.0023192 0.00197198 0.0016645 0.00139458 0.00115972 0.000957142 0.000783944 0.000637158 0.000513845 0.000411162 0.000326409 0.000257071 0.000200847 0.000155661 0.000119673 9.12683e-05 6.90573e-05 5.1856e-05 3.86713e-05 2.86825e-05 2.12227e-05 1.57608e-05 1.18852e-05 9.28936e-06 7.76278e-06 
9.72856e-06 1.01457e-05 1.18007e-05 1.48434e-05 1.9533e-05 2.62519e-05 3.55205e-05 4.80157e-05 6.45921e-05 8.63049e-05 0.000114434 0.000150509 0.000196328 0.000253975 0.000325835 0.000414591 0.000523218 0.000654962 0.000813303 0.0010019 0.00122453 0.00148498 0.00178696 0.00213399 0.00252923 0.00297539 0.00347455 0.004028 0.00463616 0.00529839 0.00601295 0.00677685 0.00758587 0.00843451 0.00931601 0.0102224 0.0111448 0.0120731 0.0129966 0.013904 0.0147837 0.015624 0.0164133 0.0171403 0.0177946 0.0183665 0.0188474 0.0192301 0.0195087 0.0196789 0.0197381 0.0196855 0.0195218 0.0192496 0.0188732 0.0183984 0.0178323 0.0171836 0.0164618 0.0156774 0.0148415 0.0139658 0.0130619 0.0121413 0.0112154 0.0102948 0.00938952 0.00850853 0.00765977 0.00685 0.00608474 0.00536827 0.0047036 0.00409254 0.00353579 0.00303301 0.00258296 0.00218366 0.00183249 0.00152633 0.00126176 0.00103512 0.000842673 0.000680694 0.000545555 0.000433802 0.000342204 0.000267791 0.000207877 0.000160071 0.000122272 9.26624e-05 6.96916e-05 5.2055e-05 3.86722e-05 2.86628e-05 2.13247e-05 1.61123e-05 1.26193e-05 1.0566e-05 
1.3199e-05 1.37697e-05 1.60049e-05 2.01047e-05 2.6413e-05 3.5437e-05 4.78654e-05 6.45921e-05 8.67428e-05 0.000115704 0.000153155 0.000201092 0.00026186 0.000338167 0.000433099 0.000550118 0.000693049 0.000866047 0.00107355 0.0013202 0.00161076 0.00194999 0.00234251 0.00279267 0.00330434 0.00388076 0.00452436 0.00523656 0.00601764 0.00686655 0.00778081 0.00875641 0.0097878 0.0108678 0.0119877 0.0131375 0.0143056 0.0154795 0.0166457 0.0177901 0.0188981 0.0199553 0.0209471 0.0218599 0.0226806 0.0233973 0.0239996 0.0244785 0.0248267 0.0250392 0.0251127 0.0250462 0.0248406 0.0244992 0.024027 0.0234313 0.0227209 0.0219063 0.0209994 0.020013 0.0189609 0.0178575 0.0167173 0.0155547 0.0143839 0.0132182 0.0120702 0.0109513 0.00987161 0.00883987 0.0078632 0.0069472 0.00609593 0.00531191 0.00459625 0.00394876 0.0033681 0.00285193 0.00239711 0.00199983 0.00165585 0.00136063 0.00110946 0.000897654 0.000720608 0.000573923 0.000453467 0.000355429 0.000276348 0.000213133 0.000163061 0.000123768 9.3233e-05 6.97497e-05 5.19019e-05 3.85333e-05 2.87197e-05 2.17418e-05 1.70629e-05 1.43139e-05 
1.77882e-05 1.85627e-05 2.15609e-05 2.7047e-05 3.54751e-05 4.75128e-05 6.40654e-05 8.63049e-05 0.000115704 0.000154074 0.000203598 0.000266869 0.000346919 0.000447244 0.00057181 0.000725052 0.000911851 0.00113749 0.00140758 0.00172797 0.00210463 0.00254347 0.00305023 0.0036302 0.00428807 0.0050277 0.00585188 0.0067621 0.00775838 0.00883909 0.0100008 0.0112381 0.0125439 0.0139087 0.0153217 0.0167698 0.0182387 0.0197127 0.021175 0.0226079 0.0239936 0.0253141 0.0265517 0.0276894 0.0287114 0.0296033 0.0303521 0.030947 0.0313793 0.0316427 0.0317334 0.0316499 0.0313937 0.0309685 0.0303806 0.0296387 0.0287537 0.0277382 0.0266068 0.0253753 0.0240606 0.0226803 0.0212523 0.0197944 0.0183242 0.0168585 0.0154128 0.0140016 0.0126378 0.0113322 0.0100943 0.00893119 0.00784833 0.0068492 0.00593549 0.00510725 0.00436309 0.00370031 0.00311517 0.00260307 0.00215883 0.00177681 0.00145117 0.00117604 0.000945616 0.000754348 0.000596984 0.000468668 0.000364973 0.000281931 0.000216036 0.000164236 0.000123912 9.28485e-05 6.92021e-05 5.14642e-05 3.8426e-05 2.91458e-05 2.29196e-05 1.92629e-05 
2.37918e-05 2.4834e-05 2.88241e-05 3.61087e-05 4.72822e-05 6.32166e-05 8.50923e-05 0.000114434 0.000153155 0.000203598 0.000268583 0.000351449 0.00045609 0.000586975 0.000749164 0.000948291 0.00119053 0.00148255 0.00183137 0.00224431 0.00272877 0.00329205 0.00394115 0.00468249 0.00552169 0.00646324 0.00751029 0.00866431 0.00992494 0.0112897 0.0127539 0.0143106 0.0159502 0.017661 0.019429 0.021238 0.02307 0.0249055 0.0267237 0.028503 0.0302214 0.0318569 0.0333881 0.0347943 0.0360563 0.0371566 0.0380797 0.0388125 0.0393447 0.0396685 0.0397793 0.0396757 0.0393591 0.0388342 0.0381086 0.0371926 0.0360994 0.0348443 0.0334449 0.0319204 0.0302912 0.0285789 0.0268053 0.0249924 0.0231616 0.0213336 0.0195281 0.0177627 0.0160538 0.0144151 0.0128586 0.0113935 0.010027 0.0087638 0.00760641 0.00655528 0.00560902 0.0047646 0.00401763 0.00336264 0.00279331 0.00230277 0.00188382 0.00152915 0.00123155 0.000984043 0.000780023 0.000613349 0.000478407 0.000370144 0.00028408 0.000216306 0.000163455 0.000122673 9.15798e-05 6.82211e-05 5.10289e-05 3.87794e-05 3.05562e-05 2.57283e-05 
3.15683e-05 3.29585e-05 3.82253e-05 4.78193e-05 6.25121e-05 8.34337e-05 0.00011211 0.000150509 0.000201092 0.000266869 0.000351449 0.000459097 0.000594766 0.000764128 0.000973577 0.00123021 0.00154177 0.00191657 0.00236338 0.0028912 0.00350914 0.00422613 0.00505061 0.0059903 0.00705179 0.00824028 0.00955918 0.0110099 0.0125913 0.0143 0.0161297 0.018071 0.0201119 0.0222376 0.0244304 0.0266702 0.0289348 0.0312001 0.0334407 0.0356302 0.037742 0.0397494 0.0416265 0.0433487 0.0448928 0.0462378 0.0473654 0.0482599 0.0489088 0.0493033 0.0494377 0.0493103 0.0489229 0.0482809 0.0473935 0.046273 0.0449351 0.0433982 0.0416831 0.039813 0.0378126 0.0357076 0.0335246 0.0312902 0.0290306 0.0267712 0.0245359 0.0223469 0.0202241 0.0181852 0.0162449 0.0144152 0.0127055 0.011122 0.00966825 0.00834543 0.00715223 0.00608534 0.0051397 0.00430884 0.00358521 0.00296048 0.00242586 0.00197239 0.00159113 0.00127344 0.00101106 0.000796311 0.000622116 0.000482101 0.000370594 0.000282627 0.00021391 0.000160797 0.000120236 8.97203e-05 6.72308e-05 5.119e-05 4.04153e-05 3.40916e-05 
4.15463e-05 4.33842e-05 5.0278e-05 6.28088e-05 8.19695e-05 0.000109212 0.000146492 0.000196328 0.00026186 0.000346919 0.00045609 0.000594766 0.000769198 0.000986517 0.00125473 0.0015827 0.00198005 0.00245706 0.00302452 0.00369346 0.00447497 0.0053798 0.00641808 0.00759892 0.00892999 0.0104171 0.012064 0.0138716 0.0158382 0.0179585 0.0202244 0.0226238 0.0251415 0.0277588 0.0304538 0.0332017 0.0359752 0.0387452 0.0414806 0.0441498 0.0467207 0.0491614 0.051441 0.0535301 0.0554014 0.05703 0.0583942 0.0594756 0.0602596 0.0607356 0.0608971 0.060742 0.0602725 0.059495 0.0584202 0.0570628 0.0554411 0.0535769 0.051495 0.0492227 0.0467894 0.0442259 0.0415641 0.0388358 0.0360727 0.0333055 0.0305634 0.0278736 0.0252605 0.0227461 0.0203489 0.0180842 0.0159638 0.013996 0.012186 0.0105357 0.00904403 0.00770759 0.00652063 0.00547562 0.00456363 0.00377469 0.00309819 0.00252323 0.00203888 0.00163448 0.00129985 0.00102543 0.000802411 0.00062282 0.000479533 0.000366291 0.000277674 0.000209064 0.000156585 0.000117043 8.78624e-05 6.70275e-05 5.30241e-05 4.48078e-05 
5.42309e-05 5.66393e-05 6.55869e-05 8.1817e-05 0.000106596 0.000141774 0.000189836 0.000253975 0.000338167 0.000447244 0.000586975 0.000764128 0.000986517 0.00126303 0.00160361 0.0020192 0.00252167 0.0031236 0.00383815 0.0046787 0.00565858 0.00679064 0.00808686 0.00955785 0.0112124 0.013057 0.0150952 0.0173277 0.0197512 0.0223589 0.0251397 0.0280785 0.0311561 0.0343491 0.0376308 0.0409708 0.0443361 0.0476913 0.0509994 0.0542226 0.0573226 0.0602617 0.0630036 0.0655135 0.0677594 0.0697123 0.0713468 0.0726415 0.0735794 0.0741482 0.0743404 0.0741535 0.0735902 0.0726579 0.0713691 0.0697407 0.0677941 0.0655549 0.0630521 0.0603176 0.0573862 0.0542941 0.051079 0.047779 0.0444317 0.0410742 0.0377415 0.0344665 0.0312793 0.0282066 0.0252716 0.0224934 0.019887 0.0174635 0.0152296 0.0131886 0.0113401 0.00968048 0.00820342 0.00690032 0.00576074 0.00477289 0.0039241 0.00320124 0.00259107 0.00208061 0.00165738 0.00130963 0.00102648 0.000798031 0.000615425 0.000470846 0.000357508 0.000269608 0.000202264 0.000151445 0.000113893 8.70524e-05 6.90013e-05 5.8413e-05 
7.02098e-05 7.33378e-05 8.48539e-05 0.0001057 0.000137479 0.000182525 0.000243973 0.000325835 0.000433099 0.00057181 0.000749164 0.000973577 0.00125473 0.00160361 0.00203243 0.00255462 0.00318464 0.00393777 0.00482988 0.00587704 0.00709511 0.00849928 0.0101035 0.0119201 0.0139588 0.0162266 0.0187271 0.0214597 0.0244199 0.0275981 0.0309802 0.034547 0.0382745 0.0421342 0.0460933 0.0501153 0.0541603 0.0581863 0.0621492 0.0660042 0.0697065 0.0732119 0.0764779 0.0794641 0.0821334 0.0844523 0.0863915 0.0879264 0.0890374 0.0897105 0.0899371 0.0897144 0.0890453 0.0879385 0.0864082 0.0844739 0.0821605 0.0794972 0.0765175 0.0732587 0.0697611 0.0660671 0.0622207 0.0582668 0.0542501 0.0502141 0.0462011 0.0422504 0.0383984 0.0346777 0.0311167 0.0277391 0.0245639 0.0216053 0.0188726 0.0163705 0.0140997 0.0120565 0.0102343 0.00862327 0.00721143 0.00598502 0.00492905 0.0040279 0.00326568 0.00262672 0.0020959 0.00165889 0.00130237 0.00101417 0.000783379 0.000600312 0.000456546 0.000344855 0.000259144 0.000194367 0.000146438 0.000112142 8.90634e-05 7.55291e-05 
9.01569e-05 9.4184e-05 0.000108882 0.000135436 0.000175855 0.000233062 0.000310972 0.000414591 0.000550118 0.000725052 0.000948291 0.00123021 0.0015827 0.0020192 0.00255462 0.00320525 0.00398855 0.00492292 0.00602729 0.00732077 0.00882203 0.0105488 0.0125172 0.0147411 0.0172313 0.0199952 0.0230358 0.0263514 0.0299349 0.033774 0.0378504 0.0421402 0.0466139 0.0512368 0.0559692 0.0607674 0.0655841 0.0703695 0.0750719 0.0796389 0.0840182 0.0881588 0.0920114 0.0955299 0.0986716 0.101398 0.103676 0.105478 0.106781 0.10757 0.107835 0.107572 0.106785 0.105484 0.103685 0.101411 0.098688 0.0955512 0.0920385 0.0881924 0.0840594 0.0796884 0.0751306 0.070438 0.065663 0.0608568 0.0560692 0.0513471 0.0467341 0.0422695 0.0379877 0.033918 0.0300842 0.0265042 0.0231905 0.02015 0.0173844 0.0148908 0.012662 0.0106872 0.00895288 0.00744312 0.00614045 0.00502643 0.0040822 0.00328906 0.00262882 0.00208416 0.00163895 0.00127838 0.000989071 0.000759167 0.000578294 0.000437532 0.000329335 0.000247438 0.00018676 0.000143297 0.000114029 9.68687e-05 
0.000114834 0.000119974 0.000138579 0.000172124 0.00022311 0.000295164 0.000393138 0.000523218 0.000693049 0.000911851 0.00119053 0.00154177 0.00198005 0.00252167 0.00318464 0.00398855 0.00495432 0.00610383 0.00745952 0.00904381 0.0108785 0.012984 0.0153786 0.0180779 0.0210936 0.0244329 0.0280981 0.0320857 0.0363857 0.040982 0.0458515 0.0509646 0.0562855 0.0617721 0.0673771 0.0730486 0.078731 0.0843659 0.0898932 0.0952524 0.100383 0.105227 0.109728 0.113834 0.117495 0.12067 0.12332 0.125415 0.126929 0.127844 0.12815 0.127844 0.126928 0.125414 0.12332 0.120671 0.117498 0.11384 0.109739 0.105243 0.100406 0.0952837 0.0899339 0.0844169 0.0787934 0.0731229 0.0674638 0.0618712 0.0563968 0.0510876 0.045985 0.0411249 0.0365366 0.0322427 0.0282594 0.0245964 0.0212572 0.0182396 0.0155366 0.0131364 0.0110238 0.00918082 0.00758719 0.00622144 0.00506143 0.004085 0.00327052 0.00259728 0.00204587 0.00159841 0.0012387 0.000952326 0.000726615 0.000550652 0.000415173 0.000312471 0.000236274 0.000181635 0.000144818 0.000123236 
0.00014509 0.000151593 0.000174949 0.000216982 0.000280773 0.00037079 0.000492992 0.000654962 0.000866047 0.00113749 0.00148255 0.00191657 0.00245706 0.0031236 0.00393777 0.00492292 0.00610383 0.00750634 0.00915672 0.011081 0.0133044 0.0158502 0.0187388 0.0219874 0.0256083 0.0296084 0.0339886 0.0387428 0.0438577 0.0493123 0.0550779 0.0611183 0.0673901 0.0738431 0.0804213 0.0870638 0.0937057 0.100279 0.106716 0.112946 0.1189 0.124513 0.129721 0.134465 0.138692 0.142353 0.145406 0.147817 0.149558 0.15061 0.150961 0.150607 0.149551 0.147807 0.145394 0.142339 0.138678 0.134453 0.129711 0.124507 0.1189 0.112953 0.106733 0.100307 0.0937457 0.087117 0.0804886 0.0739249 0.0674866 0.0612292 0.0552024 0.0494492 0.0440056 0.0388999 0.0341528 0.0297775 0.0257799 0.0221593 0.0189086 0.0160157 0.0134638 0.0112326 0.00929912 0.00763851 0.00622506 0.0050328 0.00403622 0.00321078 0.00253336 0.00198257 0.00153895 0.00118509 0.000905691 0.00068749 0.000519212 0.00039145 0.000296532 0.000228394 0.000182451 0.000155524 
0.000181854 0.000190013 0.000219095 0.000271336 0.000350505 0.000462056 0.000613249 0.000813303 0.00107355 0.00140758 0.00183137 0.00236338 0.00302452 0.00383815 0.00482988 0.00602729 0.00745952 0.00915672 0.0111494 0.0134675 0.0161397 0.0191922 0.0226479 0.0265248 0.0308358 0.035587 0.0407771 0.046397 0.0524289 0.0588461 0.0656132 0.0726864 0.0800137 0.0875357 0.0951869 0.102896 0.110589 0.118187 0.125613 0.132787 0.139633 0.146075 0.152044 0.157474 0.162306 0.166487 0.16997 0.172719 0.174702 0.1759 0.176298 0.175893 0.174688 0.172698 0.169945 0.166457 0.162273 0.15744 0.15201 0.146043 0.139605 0.132766 0.125601 0.118186 0.1106 0.102922 0.0952282 0.0875937 0.0800889 0.0727789 0.0657225 0.0589712 0.0525685 0.0465494 0.0409401 0.035758 0.0310124 0.0267043 0.0228275 0.0193695 0.0163122 0.0136331 0.0113064 0.00930363 0.00759529 0.00615122 0.00494164 0.00393772 0.00311216 0.00243959 0.00189683 0.00146308 0.00111998 0.000851548 0.000644191 0.000486516 0.000369216 0.000284919 0.000228042 0.000194712 
0.000226128 0.000236277 0.000272199 0.000336607 0.000434077 0.000571209 0.00075678 0.0010019 0.0013202 0.00172797 0.00224431 0.0028912 0.00369346 0.0046787 0.00587704 0.00732077 0.00904381 0.011081 0.0134675 0.0162374 0.0194229 0.0230532 0.0271531 0.0317418 0.0368319 0.0424282 0.0485266 0.0551138 0.0621666 0.0696518 0.0775262 0.085737 0.0942227 0.102914 0.111734 0.120602 0.129431 0.138134 0.146623 0.154808 0.162605 0.16993 0.176707 0.182864 0.188335 0.193063 0.197 0.200103 0.202341 0.20369 0.204138 0.203679 0.202319 0.200071 0.196959 0.193015 0.18828 0.182804 0.176645 0.169868 0.162545 0.154754 0.146576 0.138098 0.129407 0.120593 0.111743 0.102941 0.0942696 0.0858042 0.0776136 0.0697588 0.062292 0.0552559 0.0486832 0.0425967 0.0370096 0.0319256 0.0273399 0.02324 0.019607 0.0164161 0.0136385 0.0112425 0.00919426 0.00745914 0.00600269 0.00479136 0.00379322 0.00297843 0.00231963 0.00179214 0.00137411 0.0010465 0.000792994 0.000599932 0.000456112 0.000352644 0.000282783 0.00024185 
0.000278971 0.000291493 0.000335507 0.000414287 0.000533338 0.000700588 0.000926554 0.00122453 0.00161076 0.00210463 0.00272877 0.00350914 0.00447497 0.00565858 0.00709511 0.00882203 0.0108785 0.0133044 0.0161397 0.0194229 0.0231898 0.0274724 0.0322974 0.0376845 0.0436456 0.0501831 0.0572896 0.0649466 0.0731244 0.0817819 0.090867 0.100317 0.11006 0.120014 0.130093 0.140203 0.150247 0.160127 0.169743 0.178997 0.187795 0.196048 0.20367 0.210585 0.216721 0.222019 0.226424 0.229894 0.232395 0.233902 0.234401 0.233887 0.232365 0.229851 0.226367 0.22195 0.216643 0.210498 0.203578 0.195953 0.1877 0.178905 0.169656 0.16005 0.150183 0.140155 0.130063 0.120004 0.110071 0.100352 0.0909255 0.0818639 0.0732289 0.0650722 0.0574341 0.050344 0.0438197 0.0378687 0.0324882 0.0276663 0.0233834 0.0196131 0.0163238 0.0134799 0.0110434 0.00897498 0.00723502 0.00578488 0.00458751 0.00360812 0.00281469 0.0021782 0.00167285 0.00127611 0.000968599 0.000734047 0.000559083 0.00043307 0.00034793 0.000298049 
0.000341481 0.000356802 0.000410306 0.000505909 0.000650181 0.00085257 0.00112558 0.00148498 0.00194999 0.00254347 0.00329205 0.00422613 0.0053798 0.00679064 0.00849928 0.0105488 0.012984 0.0158502 0.0191922 0.0230532 0.0274724 0.0324846 0.0381177 0.0443916 0.0513166 0.0588922 0.0671062 0.075934 0.0853383 0.095269 0.105664 0.116449 0.12754 0.138845 0.150263 0.161689 0.173015 0.18413 0.194926 0.205294 0.215133 0.224345 0.232839 0.240533 0.247352 0.253232 0.258116 0.26196 0.264728 0.266395 0.266946 0.266376 0.26469 0.261904 0.258042 0.253142 0.247249 0.240418 0.232715 0.224214 0.214999 0.205161 0.194796 0.184008 0.172905 0.161594 0.150187 0.13879 0.12751 0.116444 0.105686 0.0953188 0.0854151 0.0760365 0.0672325 0.0590396 0.0514821 0.0445717 0.0383085 0.0326822 0.027673 0.023253 0.0193879 0.0160388 0.0131629 0.0107162 0.00865359 0.00693094 0.00550564 0.00433747 0.00338924 0.00262712 0.00202092 0.00154415 0.00117401 0.000891241 0.000680025 0.000527738 0.000424775 0.000364457 
0.000414767 0.00043336 0.000497894 0.000613012 0.000786495 0.00102951 0.00135682 0.00178696 0.00234251 0.00305023 0.00394115 0.00505061 0.00641808 0.00808686 0.0101035 0.0125172 0.0153786 0.0187388 0.0226479 0.0271531 0.0322974 0.0381177 0.0446429 0.0518922 0.0598735 0.0685824 0.078001 0.0880972 0.0988247 0.110123 0.121919 0.134126 0.146648 0.159378 0.172204 0.185007 0.197668 0.210065 0.222079 0.233594 0.244498 0.254688 0.264068 0.27255 0.280058 0.286523 0.291888 0.296106 0.299142 0.300969 0.301572 0.300945 0.299095 0.296037 0.291797 0.286412 0.279929 0.272406 0.26391 0.25452 0.244323 0.233416 0.221903 0.209895 0.197508 0.184862 0.172077 0.159273 0.146569 0.134075 0.121898 0.110134 0.0988666 0.0881697 0.0781024 0.0687103 0.0600247 0.052063 0.0448293 0.0383153 0.0325017 0.0273599 0.0228533 0.0189391 0.0155707 0.0126985 0.0102721 0.0082413 0.00655757 0.00517481 0.00405019 0.00314457 0.00242291 0.00185432 0.00141216 0.00107386 0.000820825 0.000638185 0.000514615 0.000442229 
0.00049992 0.000522304 0.000599539 0.000737092 0.000944106 0.00123368 0.00162309 0.00213399 0.00279267 0.0036302 0.00468249 0.0059903 0.00759892 0.00955785 0.0119201 0.0147411 0.0180779 0.0219874 0.0265248 0.0317418 0.0376845 0.0443916 0.0518922 0.0602039 0.0693317 0.0792657 0.0899811 0.101437 0.113577 0.12633 0.139608 0.153313 0.167334 0.181552 0.19584 0.210067 0.2241 0.237809 0.251063 0.263738 0.275717 0.286889 0.297154 0.306422 0.314612 0.321656 0.327495 0.332082 0.33538 0.337364 0.338017 0.337336 0.335326 0.332001 0.327389 0.321526 0.31446 0.306249 0.296964 0.286684 0.275501 0.263516 0.250839 0.237588 0.223887 0.209866 0.195657 0.181392 0.167201 0.15321 0.139538 0.126294 0.113578 0.101473 0.090051 0.0793676 0.0694626 0.0603601 0.0520692 0.0445848 0.037889 0.0319527 0.0267375 0.0221976 0.0182819 0.0149356 0.0121025 0.00972634 0.0077522 0.00612768 0.00480383 0.00373576 0.00288307 0.00221008 0.00168585 0.00128416 0.000983297 0.000765904 0.00061872 0.000532504 
0.000597979 0.000624713 0.000716443 0.000879557 0.00112471 0.00146716 0.00192697 0.00252923 0.00330434 0.00428807 0.00552169 0.00705179 0.00892999 0.0112124 0.0139588 0.0172313 0.0210936 0.0256083 0.0308358 0.0368319 0.0436456 0.0513166 0.0598735 0.0693317 0.0796914 0.0909367 0.103034 0.115934 0.129566 0.143848 0.158678 0.173943 0.189518 0.205269 0.221055 0.236734 0.252161 0.267192 0.281691 0.295525 0.30857 0.320712 0.331848 0.341884 0.350739 0.358345 0.364642 0.369584 0.373135 0.375269 0.375972 0.375239 0.373074 0.369493 0.364522 0.358196 0.350565 0.341685 0.331627 0.320473 0.308315 0.295259 0.28142 0.26692 0.251893 0.236477 0.220814 0.205049 0.189325 0.173782 0.158552 0.14376 0.129518 0.115926 0.103066 0.0910061 0.0797958 0.0694673 0.0600359 0.0515007 0.0438461 0.0370435 0.0310531 0.0258262 0.0213077 0.0174378 0.0141544 0.0113946 0.00909701 0.00720253 0.00565565 0.00440528 0.00340522 0.00261453 0.00199762 0.00152419 0.00116912 0.000912291 0.000738284 0.000636358 
0.000709888 0.000741567 0.000849691 0.00104166 0.00132983 0.00173179 0.00227069 0.00297539 0.00388076 0.0050277 0.00646324 0.00824028 0.0104171 0.013057 0.0162266 0.0199952 0.0244329 0.0296084 0.035587 0.0424282 0.0501831 0.0588922 0.0685824 0.0792657 0.0909367 0.103572 0.117128 0.131543 0.146736 0.162608 0.179044 0.195916 0.213082 0.230395 0.247699 0.264839 0.28166 0.298007 0.313736 0.328709 0.342795 0.355879 0.367854 0.378627 0.388118 0.396257 0.402988 0.408265 0.412054 0.41433 0.41508 0.414297 0.411987 0.408166 0.402856 0.396093 0.387924 0.378405 0.367605 0.355607 0.342504 0.328402 0.313419 0.297685 0.281338 0.264525 0.247398 0.230114 0.212828 0.195693 0.178858 0.162463 0.146634 0.131485 0.117115 0.103602 0.0910084 0.079375 0.0687248 0.0590624 0.0503754 0.0426366 0.0358056 0.0298316 0.0246554 0.0202123 0.0164343 0.0132523 0.0105976 0.00840434 0.00660999 0.00515684 0.00399249 0.00307032 0.00234963 0.00179574 0.00137979 0.00107859 0.000874381 0.000754766 
0.000836453 0.000873703 0.0010002 0.00122447 0.00156068 0.00202903 0.002656 0.00347455 0.00452436 0.00585188 0.00751029 0.00955918 0.012064 0.0150952 0.0187271 0.0230358 0.0280981 0.0339886 0.0407771 0.0485266 0.0572896 0.0671062 0.078001 0.0899811 0.103034 0.117128 0.132208 0.148199 0.165007 0.182516 0.200596 0.219103 0.23788 0.256763 0.275585 0.294176 0.312371 0.330008 0.346934 0.363006 0.378091 0.392072 0.404841 0.416307 0.426391 0.435026 0.442158 0.447744 0.451751 0.454158 0.454949 0.454122 0.451681 0.447638 0.442017 0.434851 0.426182 0.416066 0.40457 0.391772 0.377767 0.362661 0.346574 0.329638 0.311997 0.293806 0.275224 0.25642 0.237561 0.218816 0.200346 0.182308 0.164845 0.148086 0.132144 0.117114 0.103067 0.0900583 0.0781179 0.0672574 0.0574691 0.0487279 0.0409938 0.0342141 0.0283265 0.0232617 0.0189457 0.0153028 0.0122575 0.00973635 0.00766982 0.00599312 0.00464722 0.00357942 0.00274358 0.00210024 0.00161649 0.00126582 0.00102792 0.000888558 
0.000978298 0.00102176 0.00116867 0.00142874 0.00181816 0.00235991 0.00308406 0.004028 0.00523656 0.0067621 0.00866431 0.0110099 0.0138716 0.0173277 0.0214597 0.0263514 0.0320857 0.0387428 0.046397 0.0551138 0.0649466 0.075934 0.0880972 0.101437 0.115934 0.131543 0.148199 0.165813 0.184273 0.203449 0.223194 0.243346 0.263733 0.284177 0.304495 0.324508 0.344039 0.362919 0.38099 0.398104 0.41413 0.428947 0.442451 0.454553 0.465177 0.47426 0.481753 0.487614 0.491816 0.494338 0.495168 0.494302 0.491744 0.487505 0.481607 0.474078 0.464958 0.454298 0.442162 0.428626 0.413779 0.397728 0.380593 0.362506 0.343617 0.324084 0.304077 0.283772 0.263351 0.242993 0.222878 0.203176 0.184048 0.16564 0.14808 0.131479 0.115923 0.101477 0.0881832 0.0760611 0.0651086 0.0553038 0.046608 0.0389676 0.0323175 0.026584 0.0216878 0.0175464 0.0140773 0.0111997 0.00883648 0.00691546 0.0053707 0.00414305 0.00318057 0.00243866 0.00188007 0.00147474 0.00119956 0.00103837 
0.00113582 0.00118616 0.00135552 0.00165494 0.00210274 0.0027249 0.00355536 0.00463616 0.00601764 0.00775838 0.00992494 0.0125913 0.0158382 0.0197512 0.0244199 0.0299349 0.0363857 0.0438577 0.0524289 0.0621666 0.0731244 0.0853383 0.0988247 0.113577 0.129566 0.146736 0.165007 0.184273 0.204408 0.225264 0.246675 0.268463 0.290441 0.312414 0.334188 0.355573 0.376382 0.396441 0.415587 0.433672 0.450562 0.466142 0.480309 0.492978 0.50408 0.513556 0.521361 0.527461 0.53183 0.534451 0.535314 0.534415 0.531758 0.527352 0.521214 0.513371 0.503857 0.492717 0.480009 0.465806 0.450193 0.433271 0.415159 0.395992 0.375917 0.3551 0.333716 0.311951 0.289996 0.268045 0.246292 0.224923 0.204117 0.184037 0.164828 0.146617 0.129506 0.113574 0.0988747 0.0854364 0.0732642 0.0623411 0.0526304 0.0440785 0.0366182 0.0301721 0.0246555 0.0199798 0.0160552 0.0127933 0.0101094 0.00792374 0.00616309 0.00476153 0.00366097 0.00281141 0.00217097 0.00170577 0.00138973 0.0012046 
0.00130914 0.001367 0.00156085 0.00190313 0.00241441 0.00312388 0.00406953 0.00529839 0.00686655 0.00883909 0.0112897 0.0143 0.0179585 0.0223589 0.0275981 0.033774 0.040982 0.0493123 0.0588461 0.0696518 0.0817819 0.095269 0.110123 0.12633 0.143848 0.162608 0.182516 0.203449 0.225264 0.247792 0.270853 0.29425 0.317779 0.341233 0.364404 0.387092 0.409104 0.430261 0.450397 0.469364 0.487032 0.503288 0.518035 0.531194 0.542703 0.552509 0.560575 0.566871 0.571377 0.574079 0.574969 0.574044 0.571307 0.566765 0.560432 0.552328 0.542482 0.530933 0.517733 0.502946 0.486652 0.468947 0.449947 0.429783 0.408604 0.386577 0.363884 0.340716 0.317275 0.293769 0.270405 0.247385 0.224906 0.203147 0.182275 0.16243 0.143734 0.126279 0.110133 0.0953335 0.0818952 0.0698067 0.0590344 0.0495257 0.0412124 0.0340134 0.0278395 0.0225958 0.0181858 0.0145134 0.011486 0.0090162 0.00702322 0.00543411 0.00418436 0.00321828 0.0024891 0.00195891 0.00159849 0.00138734 
0.00149807 0.00156409 0.0017844 0.0021729 0.00275259 0.00355598 0.00462537 0.00601295 0.00778081 0.0100008 0.0127539 0.0161297 0.0202244 0.0251397 0.0309802 0.0378504 0.0458515 0.0550779 0.0656132 0.0775262 0.090867 0.105664 0.121919 0.139608 0.158678 0.179044 0.200596 0.223194 0.246675 0.270853 0.295529 0.320488 0.345512 0.370378 0.39487 0.418776 0.441901 0.464059 0.485087 0.504838 0.523185 0.54002 0.555256 0.568822 0.58066 0.59073 0.599 0.605447 0.610057 0.61282 0.613731 0.612788 0.609992 0.605347 0.598864 0.590557 0.580448 0.568568 0.55496 0.53968 0.522802 0.504413 0.484624 0.463561 0.441373 0.418228 0.394307 0.369812 0.344953 0.319947 0.295017 0.27038 0.24625 0.222826 0.20029 0.178805 0.158507 0.139507 0.121884 0.10569 0.0909497 0.0776574 0.0657847 0.0552808 0.0460768 0.0380896 0.0312252 0.0253834 0.0204606 0.0163534 0.0129614 0.0101892 0.00794848 0.00615893 0.00474943 0.00365836 0.00283385 0.00223376 0.00182555 0.00158639 
0.00170207 0.00177686 0.00202549 0.00246341 0.00311611 0.00401963 0.00522069 0.00677685 0.00875641 0.0112381 0.0143106 0.018071 0.0226238 0.0280785 0.034547 0.0421402 0.0509646 0.0611183 0.0726864 0.085737 0.100317 0.116449 0.134126 0.153313 0.173943 0.195916 0.219103 0.243346 0.268463 0.29425 0.320488 0.346946 0.373391 0.399587 0.425307 0.450335 0.474468 0.497521 0.519332 0.539757 0.558676 0.57599 0.591618 0.6055 0.617588 0.627851 0.636266 0.642818 0.647499 0.650303 0.651229 0.650275 0.647441 0.642729 0.636143 0.627693 0.617391 0.605261 0.591335 0.575661 0.5583 0.539335 0.518865 0.497013 0.473923 0.449761 0.424712 0.39898 0.372784 0.346351 0.319916 0.293714 0.267973 0.242911 0.218731 0.195614 0.173713 0.153158 0.134043 0.116434 0.100365 0.085841 0.0728376 0.0613074 0.0511821 0.0423766 0.0347936 0.0283272 0.0228676 0.0183041 0.0145285 0.0114374 0.00893477 0.00693293 0.0053539 0.00412997 0.00320397 0.00252938 0.0020702 0.00180115 
0.00192022 0.00200434 0.00228299 0.00277323 0.00350316 0.0045124 0.00585229 0.00758587 0.0097878 0.0125439 0.0159502 0.0201119 0.0251415 0.0311561 0.0382745 0.0466139 0.0562855 0.0673901 0.0800137 0.0942227 0.11006 0.12754 0.146648 0.167334 0.189518 0.213082 0.23788 0.263733 0.290441 0.317779 0.345512 0.373391 0.401168 0.428598 0.455443 0.481482 0.506509 0.530342 0.552819 0.573805 0.593185 0.610871 0.626792 0.640899 0.653156 0.663542 0.672043 0.678653 0.683371 0.686197 0.68713 0.686173 0.683322 0.678577 0.671937 0.663403 0.652981 0.640682 0.626531 0.610561 0.592826 0.573394 0.552359 0.529833 0.505957 0.480892 0.454823 0.427958 0.40052 0.372747 0.344885 0.317183 0.289887 0.263234 0.237443 0.212717 0.189228 0.167123 0.146514 0.127481 0.110071 0.0942963 0.0801414 0.0675624 0.0564923 0.0468452 0.0385205 0.031408 0.0253915 0.0203534 0.0161777 0.0127533 0.0099764 0.00775177 0.0059945 0.00463065 0.00359761 0.00284433 0.00233129 0.00203066 
0.00215122 0.00224516 0.00255535 0.00310046 0.00391127 0.0050311 0.00651596 0.00843451 0.0108678 0.0139087 0.017661 0.0222376 0.0277588 0.0343491 0.0421342 0.0512368 0.0617721 0.0738431 0.0875357 0.102914 0.120014 0.138845 0.159378 0.181552 0.205269 0.230395 0.256763 0.284177 0.312414 0.341233 0.370378 0.399587 0.428598 0.457154 0.485012 0.511945 0.537747 0.562238 0.585262 0.606691 0.62642 0.644371 0.660487 0.674729 0.687074 0.697513 0.706042 0.712665 0.717388 0.720215 0.721151 0.720197 0.71735 0.712606 0.705957 0.697399 0.686926 0.674541 0.660254 0.64409 0.626086 0.606302 0.584818 0.561739 0.537197 0.511348 0.484377 0.45649 0.427917 0.398903 0.369704 0.340583 0.311802 0.283615 0.256263 0.229966 0.204918 0.181283 0.159192 0.138739 0.119985 0.102954 0.0876373 0.073996 0.0619657 0.0514605 0.0423777 0.0346025 0.0280135 0.0224861 0.0178971 0.0141277 0.0110661 0.00860986 0.00666694 0.0051571 0.00401222 0.00317665 0.00260722 0.00227351 
0.00239336 0.00249755 0.00284051 0.00344261 0.0043373 0.00557169 0.00720649 0.00931601 0.0119877 0.0153217 0.019429 0.0244304 0.0304538 0.0376308 0.0460933 0.0559692 0.0673771 0.0804213 0.0951869 0.111734 0.130093 0.150263 0.172204 0.19584 0.221055 0.247699 0.275585 0.304495 0.334188 0.364404 0.39487 0.425307 0.455443 0.485012 0.513763 0.541469 0.567923 0.592951 0.616402 0.638158 0.658125 0.676238 0.692452 0.706742 0.719099 0.729525 0.738028 0.744621 0.749317 0.752127 0.75306 0.752116 0.749292 0.74458 0.737967 0.729439 0.718983 0.706589 0.692255 0.675992 0.657825 0.6378 0.615984 0.592471 0.567385 0.540876 0.513123 0.484334 0.454739 0.42459 0.394154 0.363706 0.333522 0.303875 0.275025 0.24721 0.220645 0.195514 0.171965 0.15011 0.130023 0.111739 0.09526 0.0805524 0.0675553 0.0561833 0.0463323 0.0378839 0.0307117 0.0246847 0.0196727 0.0155493 0.0121952 0.00950037 0.00736592 0.00570522 0.00444462 0.00352381 0.00289591 0.00252791 
0.00264455 0.00275931 0.003136 0.00379667 0.0047775 0.00612935 0.00791769 0.0102224 0.0131375 0.0167698 0.021238 0.0266702 0.0332017 0.0409708 0.0501153 0.0607674 0.0730486 0.0870638 0.102896 0.120602 0.140203 0.161689 0.185007 0.210067 0.236734 0.264839 0.294176 0.324508 0.355573 0.387092 0.418776 0.450335 0.481482 0.511945 0.541469 0.569824 0.59681 0.622253 0.646015 0.667986 0.688086 0.706262 0.722484 0.736742 0.749039 0.759391 0.767817 0.774341 0.778983 0.78176 0.782683 0.781755 0.778972 0.774321 0.767784 0.759338 0.74896 0.736629 0.722329 0.706058 0.687827 0.667666 0.645631 0.621802 0.596293 0.569245 0.540832 0.511261 0.480762 0.449593 0.418027 0.386352 0.354858 0.323835 0.293559 0.264292 0.236266 0.209684 0.184715 0.161487 0.14009 0.12057 0.102939 0.0871713 0.0732095 0.06097 0.0503479 0.0412221 0.0334614 0.0269291 0.0214883 0.0170053 0.0133534 0.0104153 0.00808519 0.00627015 0.004891 0.00388275 0.00319486 0.00279165 
0.0029023 0.00302787 0.0034389 0.00415914 0.0052275 0.00669856 0.00864249 0.0111448 0.0143056 0.0182387 0.02307 0.0289348 0.0359752 0.0443361 0.0541603 0.0655841 0.078731 0.0937057 0.110589 0.129431 0.150247 0.173015 0.197668 0.2241 0.252161 0.28166 0.312371 0.344039 0.376382 0.409104 0.441901 0.474468 0.506509 0.537747 0.567923 0.59681 0.624207 0.649953 0.673915 0.695996 0.716131 0.73428 0.750429 0.764581 0.776756 0.786979 0.795285 0.801704 0.806267 0.808996 0.809905 0.808999 0.806271 0.801706 0.79528 0.786961 0.776716 0.764512 0.75032 0.734124 0.715919 0.695722 0.673572 0.649538 0.62372 0.596252 0.5673 0.537067 0.505783 0.473709 0.441125 0.408329 0.375625 0.343317 0.311702 0.281057 0.251636 0.223663 0.197324 0.172765 0.15009 0.129362 0.1106 0.0937881 0.078873 0.0657737 0.0543851 0.0445841 0.0362354 0.0291972 0.023326 0.0184813 0.0145293 0.0113456 0.00881762 0.00684629 0.00534693 0.00424994 0.00350111 0.00306213 
0.00316382 0.00330028 0.0037459 0.00452607 0.0056824 0.00727313 0.00937304 0.0120731 0.0154795 0.0197127 0.0249055 0.0312001 0.0387452 0.0476913 0.0581863 0.0703695 0.0843659 0.100279 0.118187 0.138134 0.160127 0.18413 0.210065 0.237809 0.267192 0.298007 0.330008 0.362919 0.396441 0.430261 0.464059 0.497521 0.530342 0.562238 0.592951 0.622253 0.649953 0.675893 0.699954 0.722052 0.742134 0.760177 0.77618 0.790164 0.80216 0.812209 0.820356 0.826642 0.831105 0.833774 0.834665 0.833785 0.831126 0.826668 0.820381 0.812227 0.802162 0.79014 0.776121 0.760072 0.741974 0.721827 0.699658 0.675521 0.649502 0.621725 0.592348 0.561569 0.529617 0.496753 0.463265 0.429458 0.395648 0.362155 0.329291 0.297353 0.266615 0.237319 0.20967 0.183833 0.159927 0.138027 0.118167 0.100336 0.0844878 0.0705447 0.0584019 0.0479348 0.0390046 0.0314648 0.0251661 0.0199615 0.0157102 0.0122812 0.00955533 0.00742742 0.00580748 0.0046214 0.00381133 0.00333641 
0.00342598 0.00357331 0.00405336 0.00489314 0.00613685 0.00784634 0.0101008 0.0129966 0.0166457 0.021175 0.0267237 0.0334407 0.0414806 0.0509994 0.0621492 0.0750719 0.0898932 0.106716 0.125613 0.146623 0.169743 0.194926 0.222079 0.251063 0.281691 0.313736 0.346934 0.38099 0.415587 0.450397 0.485087 0.519332 0.552819 0.585262 0.616402 0.646015 0.673915 0.699954 0.724025 0.746057 0.766011 0.783879 0.799678 0.81344 0.825214 0.835052 0.843009 0.84914 0.853487 0.856085 0.856955 0.856104 0.853522 0.849188 0.843065 0.835106 0.825258 0.813464 0.799669 0.783828 0.765905 0.745886 0.723781 0.69963 0.673506 0.645522 0.615827 0.584611 0.552102 0.518562 0.484281 0.449573 0.414765 0.380189 0.346175 0.313036 0.281065 0.250524 0.221636 0.194582 0.1695 0.146478 0.12556 0.106746 0.0899945 0.0752319 0.0623547 0.0512373 0.0417383 0.0337067 0.026988 0.0214291 0.0168828 0.0132114 0.0102898 0.00800678 0.00626727 0.00499274 0.00412186 0.00361124 
