0.000133538 0.000136366 0.000146589 0.000164556 0.000190821 0.000226162 0.000271587 0.000328323 0.000397815 0.00048172 0.000581893 0.000700374 0.000839368 0.00100122 0.00118837 0.00140334 0.00164866 0.00192686 0.00224034 0.00259137 0.00298202 0.00341404 0.00388882 0.00440733 0.00497002 0.00557676 0.00622682 0.00691875 0.00765038 0.00841882 0.00922038 0.0100506 0.0109044 0.0117758 0.0126582 0.0135447 0.0144276 0.015299 0.0161505 0.0169738 0.0177605 0.0185023 0.0191911 0.0198194 0.0203801 0.0208667 0.0212735 0.0215958 0.0218298 0.0219727 0.0220228 0.0219794 0.0218432 0.0216158 0.0213 0.0208994 0.0204189 0.0198641 0.0192414 0.0185577 0.0178208 0.0170386 0.0162193 0.0153713 0.014503 0.0136227 0.0127382 0.0118572 0.0109868 0.0101335 0.0093031 0.00850091 0.00773135 0.00699811 0.00630415 0.00565166 0.00504212 0.00447633 0.00395446 0.00347611 0.00304036 0.00264588 0.00229094 0.00197356 0.00169149 0.00144236 0.00122369 0.00103297 0.000867712 0.000725481 0.000603945 0.000500906 0.000414324 0.000342337 0.000283278 0.000235687 0.000198317 0.000170142 0.000150355 0.000138401 
0.000136366 0.000139262 0.000149714 0.00016808 0.000194925 0.000231046 0.000277471 0.000335453 0.00040647 0.000492212 0.000594574 0.00071564 0.000857657 0.00102302 0.00121421 0.00143382 0.00168441 0.00196856 0.00228871 0.00264719 0.00304608 0.00348717 0.00397187 0.00450115 0.00507546 0.00569468 0.00635801 0.00706398 0.00781038 0.00859423 0.00941177 0.0102585 0.011129 0.0120175 0.0129171 0.0138208 0.0147207 0.0156087 0.0164764 0.0173153 0.0181169 0.0188726 0.0195743 0.0202143 0.0207853 0.0212809 0.0216952 0.0220235 0.0222617 0.0224072 0.0224581 0.0224139 0.0222751 0.0220435 0.0217217 0.0213137 0.0208242 0.020259 0.0196246 0.0189281 0.0181773 0.0173802 0.0165453 0.0156812 0.0147963 0.013899 0.0129974 0.0120993 0.0112118 0.0103417 0.00949494 0.0086768 0.00789186 0.00714388 0.00643589 0.00577014 0.00514815 0.00457074 0.0040381 0.00354983 0.003105 0.00270226 0.00233986 0.00201578 0.00172773 0.0014733 0.00124997 0.00105517 0.000886367 0.000741077 0.000616924 0.000511663 0.00042321 0.000349667 0.000289331 0.000240711 0.000202533 0.000173749 0.000153537 0.000141328 
0.000146589 0.000149714 0.000160941 0.00018065 0.000209445 0.000248175 0.000297934 0.000360057 0.000436115 0.000527907 0.000637444 0.000766937 0.000918771 0.00109548 0.0012997 0.00153414 0.00180154 0.00210458 0.00244587 0.00282781 0.00325259 0.00372206 0.00423769 0.00480047 0.00541082 0.00606856 0.00677282 0.00752199 0.00831368 0.00914469 0.010011 0.0109079 0.0118296 0.0127698 0.0137215 0.0146771 0.0156283 0.0165667 0.0174833 0.0183691 0.0192152 0.0200127 0.0207531 0.0214282 0.0220304 0.0225528 0.0229896 0.0233355 0.0235865 0.0237397 0.0237931 0.0237464 0.0235999 0.0233554 0.023016 0.0225856 0.0220692 0.0214729 0.0208034 0.0200683 0.0192757 0.0184342 0.0175524 0.0166395 0.0157044 0.0147559 0.0138025 0.0128524 0.0119133 0.0109922 0.0100954 0.00922856 0.00839654 0.00760337 0.00685227 0.00614565 0.00548518 0.00487176 0.00430564 0.00378643 0.0033132 0.00288454 0.00249863 0.00215336 0.00184635 0.00157504 0.00133677 0.00112886 0.000948616 0.000793411 0.00066073 0.000548193 0.000453592 0.000374909 0.000310337 0.000258289 0.000217412 0.000186591 0.000164949 0.000151883 
0.000164556 0.00016808 0.00018065 0.000202688 0.00023486 0.000278105 0.000333629 0.000402905 0.000487663 0.000589882 0.000711772 0.000855759 0.00102446 0.00122063 0.00144717 0.00170702 0.00200315 0.00233848 0.00271581 0.00313774 0.0036066 0.00412437 0.00469258 0.00531223 0.00598371 0.00670676 0.00748032 0.00830257 0.00917083 0.0100815 0.0110302 0.0120117 0.0130196 0.0140471 0.0150865 0.0161294 0.017167 0.0181899 0.0191886 0.0201533 0.0210743 0.021942 0.0227472 0.023481 0.0241354 0.024703 0.0251773 0.0255528 0.0258252 0.0259913 0.0260491 0.0259979 0.0258385 0.0255727 0.0252036 0.0247356 0.0241741 0.0235256 0.0227974 0.0219976 0.0211349 0.0202186 0.0192581 0.0182633 0.0172437 0.016209 0.0151685 0.014131 0.0131048 0.0120976 0.0111164 0.0101674 0.0092559 0.00838632 0.00756227 0.00678646 0.00606077 0.00538629 0.00476333 0.00419155 0.00367001 0.00319721 0.00277125 0.00238985 0.00205043 0.00175026 0.00148646 0.00125608 0.00105621 0.000883975 0.000736634 0.000611578 0.000506384 0.000418838 0.000346952 0.000288982 0.000243438 0.00020909 0.000184974 0.000170423 
0.000190821 0.000194925 0.000209445 0.00023486 0.000271928 0.000321712 0.000385584 0.00046521 0.000562547 0.000679831 0.000819555 0.00098445 0.00117745 0.00140166 0.00166031 0.0019567 0.00229411 0.00267578 0.00310481 0.00358405 0.00411604 0.00470291 0.00534628 0.00604718 0.00680594 0.00762214 0.00849451 0.00942087 0.0103981 0.0114222 0.012488 0.0135896 0.01472 0.0158713 0.017035 0.0182018 0.0193617 0.0205044 0.0216193 0.0226956 0.0237225 0.0246894 0.0255862 0.0264031 0.0271313 0.0277627 0.02829 0.0287073 0.0290098 0.029194 0.0292579 0.0292006 0.0290229 0.0287269 0.028316 0.0277949 0.0271697 0.0264474 0.0256362 0.0247448 0.023783 0.0227609 0.0216891 0.0205783 0.0194391 0.0182824 0.0171183 0.0159567 0.0148069 0.0136776 0.0125766 0.0115107 0.0104861 0.00950774 0.00857978 0.00770535 0.00688664 0.00612498 0.00542084 0.00477392 0.00418326 0.0036473 0.00316394 0.00273072 0.00234483 0.00200321 0.00170269 0.00143999 0.00121187 0.00101511 0.000846632 0.000703511 0.000583022 0.000482668 0.000400208 0.000333671 0.00028137 0.000241916 0.000214217 0.000197516 
0.000226162 0.000231046 0.000248175 0.000278105 0.000321712 0.000380231 0.000455242 0.000548672 0.000662775 0.000800123 0.00096358 0.00115628 0.00138157 0.00164301 0.00194426 0.00228906 0.00268114 0.00312415 0.00362153 0.00417648 0.0047918 0.00546982 0.00621225 0.00702014 0.00789374 0.00883242 0.00983459 0.0108976 0.0120179 0.0131905 0.0144098 0.0156687 0.0169592 0.0182724 0.0195986 0.020927 0.0222466 0.0235456 0.0248119 0.0260335 0.0271983 0.0282944 0.0293104 0.0302354 0.0310595 0.0317737 0.0323699 0.0328415 0.0331832 0.033391 0.0334627 0.0333975 0.033196 0.0328607 0.0323954 0.0318054 0.0310973 0.0302791 0.0293598 0.0283493 0.0272585 0.0260987 0.0248817 0.0236196 0.0223245 0.0210084 0.019683 0.0183593 0.0170481 0.015759 0.014501 0.0132821 0.0121092 0.0109882 0.00992385 0.00891986 0.00797889 0.00710254 0.00629151 0.00554559 0.0048638 0.00424446 0.00368531 0.00318361 0.00273622 0.00233973 0.00199057 0.00168502 0.00141941 0.00119007 0.000993507 0.000826362 0.000685515 0.000568104 0.000471552 0.000393591 0.000332279 0.000286012 0.000253529 0.00023396 
0.000271587 0.000277471 0.000297934 0.000333629 0.000385584 0.000455242 0.000544454 0.000655467 0.000790912 0.000953781 0.0011474 0.00137541 0.00164168 0.00195031 0.00230552 0.0027116 0.0031728 0.00369327 0.00427693 0.00492735 0.00564765 0.00644038 0.00730739 0.00824971 0.00926747 0.0103598 0.0115246 0.0127588 0.0140579 0.0154163 0.0168271 0.0182823 0.0197726 0.0212876 0.022816 0.0243456 0.0258637 0.0273568 0.0288113 0.0302133 0.0315491 0.0328054 0.0339691 0.035028 0.0359709 0.0367876 0.0374691 0.0380079 0.038398 0.038635 0.0387164 0.0386412 0.0384104 0.0380264 0.0374938 0.0368183 0.0360076 0.0350706 0.0340174 0.0328593 0.0316084 0.0302777 0.0288805 0.0274306 0.0259417 0.0244275 0.0229013 0.0213758 0.0198633 0.018375 0.0169211 0.0155111 0.0141529 0.0128534 0.0116183 0.010452 0.00935768 0.0083374 0.0073921 0.00652171 0.00572525 0.00500091 0.00434622 0.00375812 0.00323309 0.00276726 0.00235657 0.00199678 0.00168366 0.00141303 0.00118081 0.000983152 0.000816431 0.000677326 0.00056284 0.000470332 0.000397538 0.000342587 0.000304009 0.000280784 
0.000328323 0.000335453 0.000360057 0.000402905 0.00046521 0.000548672 0.000655467 0.000788238 0.000950069 0.00114447 0.00137532 0.00164687 0.00196363 0.00233035 0.00275191 0.00323326 0.0037793 0.00439477 0.0050841 0.00585134 0.00669997 0.0076328 0.00865179 0.00975796 0.0109513 0.0122304 0.0135929 0.0150348 0.0165509 0.0181344 0.0197772 0.0214699 0.0232015 0.02496 0.0267324 0.0285046 0.0302618 0.0319887 0.0336694 0.0352883 0.0368297 0.0382782 0.0396192 0.0408387 0.0419241 0.0428636 0.0436472 0.0442665 0.0447146 0.0449866 0.0450795 0.0449925 0.0447263 0.0442841 0.0436707 0.0428929 0.0419592 0.0408796 0.0396657 0.0383303 0.0368873 0.0353512 0.0337374 0.0320615 0.0303393 0.0285864 0.0268181 0.0250491 0.0232936 0.0215645 0.0198738 0.0182323 0.0166496 0.0151337 0.0136913 0.0123277 0.0110469 0.00985145 0.00874254 0.00772034 0.00678387 0.00593123 0.00515968 0.00446579 0.0038456 0.00329472 0.00280847 0.00238202 0.00201047 0.00168898 0.00141283 0.00117754 0.000978879 0.000812976 0.000676321 0.00056582 0.000478819 0.00041312 0.000366995 0.000339247 
0.000397815 0.00040647 0.000436115 0.000487663 0.000562547 0.000662775 0.000790912 0.000950069 0.00114387 0.00137644 0.00165233 0.00197649 0.0023542 0.00279097 0.00329248 0.00386442 0.00451245 0.00524198 0.00605808 0.0069653 0.00796754 0.00906788 0.0102684 0.01157 0.0129725 0.0144741 0.0160716 0.0177603 0.0195339 0.0213842 0.0233017 0.0252753 0.0272921 0.0293383 0.0313986 0.0334566 0.0354954 0.0374972 0.039444 0.0413176 0.0431003 0.0447744 0.0463232 0.047731 0.0489832 0.0500666 0.0509698 0.0516831 0.052199 0.0525119 0.0526184 0.0525173 0.0522099 0.0516994 0.0509915 0.0500938 0.049016 0.0477694 0.0463671 0.0448239 0.0431552 0.0413781 0.0395097 0.0375681 0.0355713 0.0335373 0.0314836 0.0294274 0.0273849 0.0253712 0.0234003 0.0214848 0.0196359 0.0178632 0.0161746 0.0145766 0.0130738 0.0116696 0.0103655 0.00916208 0.00805828 0.00705212 0.00614059 0.00531986 0.00458546 0.00393237 0.00335526 0.00284854 0.00240658 0.00202373 0.00169455 0.00141377 0.00117648 0.000978139 0.000814628 0.000682317 0.000578084 0.000499344 0.000444061 0.000410825 
0.00048172 0.000492212 0.000527907 0.000589882 0.000679831 0.000800123 0.000953781 0.00114447 0.00137644 0.00165454 0.00198409 0.00237088 0.00282105 0.00334102 0.00393737 0.00461668 0.00538542 0.00624982 0.00721562 0.00828796 0.00947118 0.0107686 0.0121825 0.0137136 0.0153614 0.0171235 0.018996 0.0209731 0.0230471 0.0252085 0.0274459 0.0297462 0.0320945 0.0344745 0.0368685 0.0392577 0.0416224 0.0439421 0.0461962 0.048364 0.0504249 0.0523591 0.0541473 0.0557717 0.0572158 0.0584647 0.0595053 0.0603268 0.0609206 0.0612804 0.0614023 0.0612852 0.0609302 0.0603413 0.0595248 0.0584891 0.0572454 0.0558066 0.0541875 0.0524046 0.050476 0.0484206 0.0462584 0.0440097 0.0416954 0.039336 0.0369518 0.0345625 0.0321868 0.0298424 0.0275456 0.025311 0.0231519 0.0210794 0.0191032 0.0172309 0.0154683 0.0138193 0.0122862 0.0108698 0.00956911 0.00838214 0.00730556 0.00633512 0.00546574 0.00469175 0.00400702 0.00340514 0.00287959 0.00242386 0.00203159 0.00169667 0.00141335 0.00117632 0.000980754 0.000822394 0.00069757 0.000603239 0.000537008 0.000497214 
0.000581893 0.000594574 0.000637444 0.000711772 0.000819555 0.00096358 0.0011474 0.00137532 0.00165233 0.00198409 0.00237682 0.00283727 0.00337258 0.0039902 0.0046977 0.0055027 0.0064126 0.0074345 0.00857492 0.00983961 0.0112334 0.0127599 0.0144213 0.0162184 0.0181501 0.0202135 0.0224034 0.0247131 0.0271332 0.0296524 0.0322573 0.0349325 0.0376608 0.040423 0.0431987 0.0459662 0.0487028 0.051385 0.0539891 0.0564916 0.0588689 0.0610985 0.0631585 0.0650288 0.0666904 0.0681268 0.0693231 0.0702671 0.070949 0.0713618 0.0715012 0.0713658 0.070957 0.0702792 0.0693395 0.0681476 0.0667158 0.0650589 0.0631937 0.0611388 0.0589146 0.0565428 0.0540461 0.0514476 0.0487712 0.0460404 0.0432786 0.0405083 0.0377512 0.0350277 0.0323568 0.0297557 0.0272396 0.0248221 0.0225142 0.0203252 0.0182622 0.0163299 0.0145315 0.0128679 0.0113386 0.00994138 0.00867263 0.00752763 0.00650071 0.00558542 0.00477478 0.00406143 0.00343787 0.00289657 0.00243016 0.00203155 0.00169403 0.0014114 0.00117802 0.000988916 0.000839771 0.00072702 0.00064785 0.000600309 
0.000700374 0.00071564 0.000766937 0.000855759 0.00098445 0.00115628 0.00137541 0.00164687 0.00197649 0.00237088 0.00283727 0.0033835 0.00401784 0.00474889 0.00558538 0.00653603 0.00760932 0.00881327 0.0101553 0.0116417 0.0132779 0.0150678 0.0170135 0.0191156 0.0213724 0.0237802 0.0263328 0.0290216 0.0318359 0.0347621 0.0377846 0.0408852 0.0440439 0.0472387 0.0504459 0.0536405 0.0567964 0.059887 0.0628851 0.0657638 0.0684965 0.0710576 0.0734224 0.0755681 0.0774735 0.0791197 0.0804901 0.0815711 0.0823515 0.0828235 0.0829824 0.0828265 0.0823575 0.0815803 0.0805027 0.0791358 0.0774935 0.0755923 0.073451 0.071091 0.0685351 0.0658078 0.0629348 0.0599427 0.0568583 0.0537086 0.0505203 0.0473193 0.0441305 0.0409775 0.0378822 0.0348646 0.0319427 0.029132 0.026446 0.0238954 0.0214888 0.0192323 0.0171297 0.0151825 0.0133904 0.0117511 0.0102609 0.00891448 0.00770554 0.00662681 0.00567034 0.00482774 0.00409039 0.00344964 0.00289697 0.00242416 0.00202344 0.00168759 0.00141006 0.00118501 0.00100742 0.00087311 0.000778798 0.000722194 
0.000839368 0.000857657 0.000918771 0.00102446 0.00117745 0.00138157 0.00164168 0.00196363 0.0023542 0.00282105 0.00337258 0.00401784 0.00476637 0.00562806 0.00661291 0.00773086 0.00899156 0.0104041 0.0119766 0.0137164 0.0156292 0.0177191 0.0199882 0.0224368 0.0250624 0.0278603 0.030823 0.0339403 0.0371991 0.0405838 0.0440758 0.0476543 0.0512959 0.0549752 0.0586651 0.0623369 0.0659609 0.0695066 0.0729434 0.0762406 0.0793683 0.0822974 0.0850004 0.0874514 0.0896267 0.0915051 0.0930682 0.0943006 0.0951899 0.0957274 0.0959077 0.0957291 0.0951935 0.0943061 0.093076 0.0915155 0.08964 0.087468 0.0850208 0.0823221 0.0793978 0.0762753 0.0729838 0.0695532 0.0660139 0.0623967 0.0587318 0.0550488 0.0513764 0.0477416 0.0441696 0.0406836 0.0373044 0.0340504 0.0309372 0.0279777 0.0251821 0.0225578 0.0201097 0.0178399 0.0157485 0.0138332 0.0120901 0.0105134 0.00909608 0.00782995 0.00670608 0.00571491 0.00484662 0.00409128 0.0034391 0.00288061 0.00240683 0.00200941 0.00168073 0.00141402 0.00120344 0.00104412 0.000932235 0.000865119 
0.00100122 0.00102302 0.00109548 0.00122063 0.00140166 0.00164301 0.00195031 0.00233035 0.00279097 0.00334102 0.0039902 0.00474889 0.00562806 0.006639 0.00779312 0.00910172 0.0105757 0.0122252 0.0140594 0.0160862 0.0183119 0.0207407 0.0233747 0.0262135 0.0292539 0.03249 0.0359125 0.0395094 0.0432653 0.0471617 0.0511772 0.0552875 0.0594658 0.0636829 0.0679078 0.0721079 0.0762493 0.0802976 0.0842181 0.0879763 0.0915385 0.0948723 0.0979466 0.100733 0.103204 0.105337 0.107111 0.108509 0.109517 0.110126 0.11033 0.110127 0.109518 0.10851 0.107113 0.10534 0.103209 0.10074 0.097957 0.0948863 0.0915568 0.0879994 0.0842468 0.0803324 0.0762909 0.0721566 0.0679641 0.063747 0.0595377 0.0553673 0.0512646 0.0472565 0.043367 0.0396173 0.0360259 0.0326079 0.0293755 0.0263377 0.0235004 0.0208668 0.0184374 0.01621 0.0141804 0.0123425 0.0106885 0.00920924 0.00789472 0.00673414 0.00571634 0.00483 0.00406393 0.00340727 0.00284969 0.00238157 0.0019941 0.00167948 0.00143093 0.00124281 0.00111069 0.00103147 
0.00118837 0.00121421 0.0012997 0.00144717 0.00166031 0.00194426 0.00230552 0.00275191 0.00329248 0.00393737 0.0046977 0.00558538 0.00661291 0.00779312 0.00913897 0.0106632 0.012378 0.0142948 0.0164236 0.0187732 0.0213502 0.0241589 0.0272013 0.0304762 0.0339795 0.0377036 0.0416377 0.0457673 0.0500743 0.0545372 0.0591313 0.0638285 0.0685982 0.0734071 0.0782199 0.0829996 0.0877079 0.0923061 0.0967552 0.101017 0.105053 0.108827 0.112305 0.115456 0.118248 0.120658 0.12266 0.124238 0.125376 0.126062 0.126291 0.126061 0.125373 0.124234 0.122656 0.120653 0.118244 0.115452 0.112304 0.108828 0.105057 0.101026 0.0967696 0.0923266 0.0877352 0.0830344 0.0782629 0.0734587 0.0686586 0.0638979 0.0592096 0.0546243 0.0501697 0.0458705 0.041748 0.0378201 0.0341011 0.0306019 0.0273299 0.0242892 0.0214809 0.0189032 0.0165517 0.0144197 0.0124989 0.0107791 0.00924905 0.00789672 0.00670946 0.00567447 0.00477899 0.00401066 0.00335765 0.00280892 0.00235438 0.00198504 0.0016931 0.00147207 0.0013168 0.00122375 
0.00140334 0.00143382 0.00153414 0.00170702 0.0019567 0.00228906 0.0027116 0.00323326 0.00386442 0.00461668 0.0055027 0.00653603 0.00773086 0.00910172 0.0106632 0.0124296 0.0144145 0.0166305 0.0190888 0.0217987 0.0247672 0.0279987 0.0314948 0.0352534 0.0392693 0.0435331 0.0480318 0.0527484 0.0576617 0.0627469 0.0679754 0.0733153 0.0787315 0.0841862 0.0896395 0.0950498 0.100374 0.105569 0.110591 0.115397 0.119945 0.124195 0.128109 0.131651 0.13479 0.137496 0.139745 0.141516 0.142792 0.143562 0.143818 0.143558 0.142785 0.141506 0.139733 0.137482 0.134775 0.131635 0.128093 0.124181 0.119934 0.115389 0.110588 0.105572 0.100384 0.0950677 0.0896661 0.0842221 0.0787772 0.0733712 0.0680416 0.0628233 0.0577481 0.0528443 0.0481365 0.0436458 0.0393888 0.0353788 0.0316246 0.0281317 0.024902 0.0219339 0.0192231 0.0167625 0.014543 0.0125536 0.0107817 0.00921379 0.00783581 0.00663328 0.00559179 0.00469729 0.00393634 0.00329636 0.00276582 0.00233442 0.00199324 0.00173482 0.00155328 0.00144452 
0.00164866 0.00168441 0.00180154 0.00200315 0.00229411 0.00268114 0.0031728 0.0037793 0.00451245 0.00538542 0.0064126 0.00760932 0.00899156 0.0105757 0.012378 0.0144145 0.0167002 0.019249 0.0220731 0.0251823 0.0285842 0.0322829 0.0362794 0.0405708 0.0451502 0.0500064 0.0551238 0.0604823 0.0660577 0.0718212 0.0777402 0.0837782 0.0898955 0.0960494 0.102195 0.108286 0.114274 0.120111 0.125748 0.131138 0.136234 0.140994 0.145373 0.149335 0.152843 0.155866 0.158377 0.160353 0.161777 0.162635 0.16292 0.162629 0.161765 0.160337 0.158356 0.155841 0.152815 0.149305 0.145342 0.140963 0.136205 0.131111 0.125725 0.120094 0.114264 0.108284 0.102202 0.0960663 0.0899231 0.0838171 0.0777909 0.0718837 0.0661319 0.0605679 0.05522 0.0501125 0.0452653 0.0406936 0.0364085 0.0324169 0.0287215 0.0253215 0.0222125 0.0193872 0.0168358 0.0145462 0.0125046 0.0106961 0.00910489 0.00771482 0.00650966 0.00547358 0.00459136 0.00384875 0.00323264 0.00273132 0.00233461 0.00203402 0.00182283 0.00169636 
0.00192686 0.00196856 0.00210458 0.00233848 0.00267578 0.00312415 0.00369327 0.00439477 0.00524198 0.00624982 0.0074345 0.00881327 0.0104041 0.0122252 0.0142948 0.0166305 0.019249 0.0221654 0.0253928 0.0289419 0.0328201 0.0370315 0.0415762 0.0464503 0.0516449 0.0571465 0.0629369 0.0689927 0.0752857 0.0817831 0.0884478 0.0952385 0.10211 0.109016 0.115904 0.122723 0.129421 0.135942 0.142235 0.148247 0.153926 0.159226 0.164099 0.168504 0.172402 0.17576 0.178548 0.180741 0.18232 0.183271 0.183587 0.183263 0.182304 0.180717 0.178517 0.175724 0.172361 0.168458 0.164051 0.159176 0.153877 0.148199 0.142191 0.135903 0.129387 0.122698 0.115888 0.10901 0.102116 0.095257 0.0884795 0.0818282 0.0753443 0.0690645 0.0630216 0.0572432 0.0517526 0.0465678 0.0417022 0.0371643 0.0329581 0.0290835 0.0255362 0.0223088 0.0193909 0.0167693 0.014429 0.0123536 0.0105256 0.00892699 0.00753958 0.00634564 0.00532805 0.00447075 0.00375893 0.00317933 0.00272043 0.00237257 0.00212814 0.00198182 
0.00224034 0.00228871 0.00244587 0.00271581 0.00310481 0.00362153 0.00427693 0.0050841 0.00605808 0.00721562 0.00857492 0.0101553 0.0119766 0.0140594 0.0164236 0.0190888 0.0220731 0.0253928 0.0290622 0.0330922 0.0374905 0.0422607 0.047402 0.0529088 0.0587704 0.0649706 0.0714879 0.0782954 0.0853608 0.0926466 0.100111 0.107707 0.115385 0.123091 0.130769 0.138363 0.145813 0.15306 0.160045 0.166713 0.173007 0.178874 0.184266 0.189137 0.193445 0.197153 0.20023 0.20265 0.204392 0.205441 0.205788 0.20543 0.204371 0.202619 0.20019 0.197104 0.193388 0.189074 0.184199 0.178804 0.172935 0.166641 0.159976 0.152994 0.145753 0.138311 0.130727 0.123059 0.115366 0.107701 0.10012 0.0926707 0.0854002 0.0783502 0.0715577 0.0650547 0.0588678 0.0530184 0.0475224 0.0423901 0.0376272 0.0332344 0.0292079 0.0255402 0.0222201 0.0192338 0.0165649 0.0141955 0.0121062 0.010277 0.00868796 0.00731913 0.00615141 0.00516676 0.00434856 0.00368189 0.00315375 0.00275325 0.00247179 0.00230336 
0.00259137 0.00264719 0.00282781 0.00313774 0.00358405 0.00417648 0.00492735 0.00585134 0.0069653 0.00828796 0.00983961 0.0116417 0.0137164 0.0160862 0.0187732 0.0217987 0.0251823 0.0289419 0.0330922 0.0376448 0.0426072 0.0479824 0.0537684 0.0599579 0.0665377 0.0734887 0.0807859 0.0883982 0.0962888 0.104415 0.112731 0.121182 0.129715 0.138268 0.146781 0.155191 0.163432 0.171441 0.179153 0.186507 0.193443 0.199903 0.205836 0.211191 0.215924 0.219996 0.223374 0.226029 0.227939 0.229089 0.229469 0.229076 0.227913 0.22599 0.223323 0.219934 0.215852 0.21111 0.205748 0.199811 0.193347 0.18641 0.179056 0.171347 0.163344 0.15511 0.14671 0.138208 0.129667 0.121149 0.112713 0.104415 0.0963054 0.0884322 0.0808372 0.0735568 0.0666217 0.0600566 0.0538804 0.0481059 0.0427403 0.0377856 0.0332385 0.0290916 0.0253333 0.0219489 0.0189207 0.0162293 0.0138534 0.0117712 0.00996045 0.0083991 0.00706589 0.00594074 0.00500505 0.00424213 0.0036374 0.00317864 0.00285619 0.00266328 
0.00298202 0.00304608 0.00325259 0.0036066 0.00411604 0.0047918 0.00564765 0.00669997 0.00796754 0.00947118 0.0112334 0.0132779 0.0156292 0.0183119 0.0213502 0.0247672 0.0285842 0.0328201 0.0374905 0.0426072 0.0481774 0.0542034 0.0606817 0.0676027 0.0749506 0.082703 0.090831 0.099299 0.108065 0.117082 0.126297 0.13565 0.145082 0.154526 0.163914 0.173177 0.182244 0.191046 0.199514 0.207581 0.215182 0.222256 0.228747 0.234601 0.239773 0.24422 0.247907 0.250804 0.252887 0.25414 0.254554 0.254124 0.252855 0.250756 0.247845 0.244144 0.239685 0.234502 0.228638 0.22214 0.21506 0.207456 0.199389 0.190922 0.182124 0.173063 0.16381 0.154433 0.145003 0.135587 0.12625 0.117053 0.108055 0.0993087 0.0908604 0.0827517 0.0750178 0.0676873 0.0607823 0.0543182 0.0483045 0.0427443 0.0376354 0.0329704 0.0287376 0.0249214 0.0215029 0.0184612 0.0157731 0.0134148 0.0113617 0.00958977 0.00807532 0.0067961 0.00573146 0.0048628 0.00417387 0.00365103 0.00328348 0.00306366 
0.00341404 0.00348717 0.00372206 0.00412437 0.00470291 0.00546982 0.00644038 0.0076328 0.00906788 0.0107686 0.0127599 0.0150678 0.0177191 0.0207407 0.0241589 0.0279987 0.0322829 0.0370315 0.0422607 0.0479824 0.0542034 0.0609248 0.0681413 0.0758411 0.0840051 0.0926072 0.101614 0.110986 0.120675 0.130628 0.140785 0.151084 0.161455 0.171826 0.182124 0.192273 0.202196 0.211818 0.221066 0.229866 0.23815 0.245854 0.252917 0.259283 0.264902 0.269731 0.273733 0.276876 0.279135 0.280494 0.280942 0.280475 0.279097 0.27682 0.273659 0.269641 0.264797 0.259164 0.252786 0.245713 0.238002 0.229712 0.22091 0.211662 0.202043 0.192125 0.181985 0.171699 0.161341 0.150986 0.140705 0.130567 0.120635 0.110968 0.101618 0.0926329 0.0840521 0.0759083 0.0682275 0.0610281 0.0543218 0.0481135 0.0424021 0.0371806 0.0324372 0.0281555 0.0243158 0.0208952 0.0178691 0.0152114 0.0128954 0.0108944 0.00918266 0.00773556 0.00653027 0.00554617 0.00476526 0.00417238 0.00375552 0.00350628 
0.00388882 0.00397187 0.00423769 0.00469258 0.00534628 0.00621225 0.00730739 0.00865179 0.0102684 0.0121825 0.0144213 0.0170135 0.0199882 0.0233747 0.0272013 0.0314948 0.0362794 0.0415762 0.047402 0.0537684 0.0606817 0.0681413 0.0761401 0.0846633 0.0936885 0.103186 0.113116 0.123435 0.13409 0.14502 0.15616 0.167441 0.178785 0.190117 0.201354 0.212415 0.223217 0.233681 0.243725 0.253275 0.262256 0.270599 0.278243 0.285127 0.291199 0.296415 0.300735 0.304125 0.306562 0.308027 0.30851 0.308006 0.306519 0.304061 0.30065 0.296311 0.291077 0.284988 0.27809 0.270434 0.26208 0.253092 0.243538 0.233491 0.22303 0.212231 0.201178 0.189952 0.178634 0.167306 0.156044 0.144924 0.134017 0.123386 0.113091 0.103185 0.0937119 0.08471 0.0762087 0.0682301 0.0607885 0.053891 0.0475376 0.0417221 0.0364327 0.0316526 0.0273609 0.0235334 0.0201436 0.0171633 0.0145634 0.0123151 0.0103899 0.00876102 0.00740325 0.00629392 0.00541314 0.00474417 0.00427373 0.00399254 
0.00440733 0.00450115 0.00480047 0.00531223 0.00604718 0.00702014 0.00824971 0.00975796 0.01157 0.0137136 0.0162184 0.0191156 0.0224368 0.0262135 0.0304762 0.0352534 0.0405708 0.0464503 0.0529088 0.0599579 0.0676027 0.0758411 0.0846633 0.0940516 0.10398 0.114413 0.125308 0.136613 0.148271 0.160214 0.172371 0.184664 0.197012 0.209329 0.221528 0.233521 0.24522 0.256539 0.267392 0.2777 0.287385 0.296374 0.304601 0.312006 0.318533 0.324136 0.328773 0.332412 0.335026 0.336598 0.337114 0.336573 0.334978 0.33234 0.328678 0.324018 0.318395 0.311848 0.304426 0.296184 0.287182 0.277488 0.267173 0.256315 0.244996 0.2333 0.221314 0.209125 0.196821 0.18449 0.172216 0.160081 0.148161 0.13653 0.12525 0.114382 0.103976 0.0940744 0.0847112 0.0759123 0.0676952 0.0600693 0.0530362 0.0465907 0.0407212 0.0354107 0.0306372 0.0263752 0.0225965 0.0192706 0.0163665 0.0138525 0.011698 0.00987341 0.00835139 0.00710703 0.00611849 0.00536739 0.00483909 0.0045234 
0.00497002 0.00507546 0.00541082 0.00598371 0.00680594 0.00789374 0.00926747 0.0109513 0.0129725 0.0153614 0.0181501 0.0213724 0.0250624 0.0292539 0.0339795 0.0392693 0.0451502 0.0516449 0.0587704 0.0665377 0.0749506 0.0840051 0.0936885 0.10398 0.114848 0.126254 0.138148 0.150475 0.163167 0.176153 0.189354 0.202685 0.216057 0.229378 0.242555 0.255493 0.268099 0.280281 0.291948 0.303017 0.313407 0.323041 0.331851 0.339773 0.346752 0.352739 0.357691 0.361575 0.364365 0.366041 0.366592 0.366014 0.364311 0.361495 0.357585 0.352608 0.346598 0.339597 0.331655 0.322827 0.313178 0.302776 0.291697 0.280023 0.267839 0.255235 0.242302 0.229134 0.215825 0.202469 0.189158 0.17598 0.163019 0.150353 0.138056 0.126191 0.114814 0.103975 0.0937126 0.0840559 0.075026 0.0666352 0.0588871 0.0517776 0.0452957 0.0394241 0.0341403 0.0294174 0.0252253 0.0215318 0.0183034 0.015506 0.0131064 0.0110726 0.00937473 0.00798569 0.00688161 0.00604238 0.00545201 0.00509929 
0.00557676 0.00569468 0.00606856 0.00670676 0.00762214 0.00883242 0.0103598 0.0122304 0.0144741 0.0171235 0.0202135 0.0237802 0.0278603 0.03249 0.0377036 0.0435331 0.0500064 0.0571465 0.0649706 0.0734887 0.082703 0.0926072 0.103186 0.114413 0.126254 0.138664 0.151588 0.164962 0.178716 0.192768 0.207033 0.221419 0.23583 0.250167 0.26433 0.278219 0.291735 0.304779 0.317259 0.329086 0.340174 0.350447 0.359833 0.368266 0.375689 0.382052 0.387314 0.391439 0.3944 0.396179 0.396763 0.39615 0.394342 0.391352 0.387199 0.38191 0.375521 0.368073 0.359617 0.350211 0.33992 0.328816 0.316977 0.304489 0.291439 0.277923 0.264037 0.249881 0.235556 0.221161 0.206794 0.192552 0.178526 0.164801 0.151457 0.138565 0.126187 0.114379 0.103183 0.0926347 0.0827586 0.0735698 0.0650742 0.0572694 0.050145 0.0436838 0.0378626 0.0326537 0.0280252 0.023943 0.0203711 0.0172732 0.0146134 0.0123572 0.0104723 0.00892921 0.00770202 0.00676884 0.00611226 0.00572007 
0.00622682 0.00635801 0.00677282 0.00748032 0.00849451 0.00983459 0.0115246 0.0135929 0.0160716 0.018996 0.0224034 0.0263328 0.030823 0.0359125 0.0416377 0.0480318 0.0551238 0.0629369 0.0714879 0.0807859 0.090831 0.101614 0.113116 0.125308 0.138148 0.151588 0.165565 0.180009 0.194842 0.209977 0.225319 0.24077 0.256227 0.271584 0.286734 0.301572 0.315992 0.329893 0.343177 0.35575 0.367527 0.378427 0.388375 0.397306 0.405163 0.411893 0.417454 0.421813 0.42494 0.426818 0.427435 0.426787 0.424878 0.42172 0.417332 0.411741 0.404982 0.397099 0.388142 0.37817 0.36725 0.355455 0.342866 0.329571 0.315662 0.301239 0.286402 0.271257 0.25591 0.240468 0.225037 0.209717 0.19461 0.179807 0.165394 0.151451 0.138047 0.125241 0.113084 0.101616 0.090864 0.0808479 0.071576 0.0630476 0.0552534 0.0481764 0.0417933 0.0360751 0.0309887 0.0264979 0.0225646 0.0191501 0.0162158 0.0137248 0.0116421 0.00993596 0.00857841 0.00754571 0.00681896 0.00638495 
0.00691875 0.00706398 0.00752199 0.00830257 0.00942087 0.0108976 0.0127588 0.0150348 0.0177603 0.0209731 0.0247131 0.0290216 0.0339403 0.0395094 0.0457673 0.0527484 0.0604823 0.0689927 0.0782954 0.0883982 0.099299 0.110986 0.123435 0.136613 0.150475 0.164962 0.180009 0.195538 0.211462 0.227687 0.244112 0.260631 0.277132 0.293505 0.309636 0.325413 0.340727 0.35547 0.369541 0.382846 0.395293 0.406801 0.417295 0.426708 0.434982 0.442065 0.447914 0.452496 0.455783 0.457757 0.458405 0.457724 0.455718 0.452399 0.447785 0.441904 0.43479 0.426487 0.417046 0.406526 0.394994 0.382526 0.369203 0.355117 0.340364 0.325044 0.309266 0.293138 0.276774 0.260286 0.243786 0.227384 0.211185 0.195292 0.179797 0.164786 0.150335 0.136512 0.123371 0.110959 0.099307 0.0884389 0.0783657 0.069089 0.0606009 0.052885 0.0459177 0.0396693 0.0341054 0.029188 0.0248768 0.0211307 0.0179087 0.0151712 0.0128808 0.0110033 0.00950857 0.00837111 0.00757049 0.00709244 
0.00765038 0.00781038 0.00831368 0.00917083 0.0103981 0.0120179 0.0140579 0.0165509 0.0195339 0.0230471 0.0271332 0.0318359 0.0371991 0.0432653 0.0500743 0.0576617 0.0660577 0.0752857 0.0853608 0.0962888 0.108065 0.120675 0.13409 0.148271 0.163167 0.178716 0.194842 0.211462 0.228482 0.245798 0.263304 0.280884 0.298422 0.315799 0.332896 0.349595 0.365783 0.381347 0.396185 0.410196 0.423291 0.435385 0.446402 0.456276 0.464947 0.472366 0.478489 0.483283 0.486721 0.488785 0.489463 0.488751 0.486654 0.483182 0.478355 0.472199 0.464748 0.456045 0.446141 0.435094 0.422974 0.409855 0.395822 0.380967 0.365389 0.349193 0.332489 0.315393 0.298023 0.280496 0.262933 0.24545 0.22816 0.211172 0.194587 0.178497 0.162988 0.148132 0.133992 0.120617 0.108046 0.0963059 0.0854111 0.0753657 0.0661633 0.0577885 0.0502179 0.043421 0.0373624 0.0320023 0.0272984 0.0232074 0.0196858 0.0166912 0.014184 0.0121274 0.0104894 0.00924233 0.00836442 0.00784031 
0.00841882 0.00859423 0.00914469 0.0100815 0.0114222 0.0131905 0.0154163 0.0181344 0.0213842 0.0252085 0.0296524 0.0347621 0.0405838 0.0471617 0.0545372 0.0627469 0.0718212 0.0817831 0.0926466 0.104415 0.117082 0.130628 0.14502 0.160214 0.176153 0.192768 0.209977 0.227687 0.245798 0.2642 0.282775 0.301404 0.319963 0.338325 0.356366 0.373964 0.390999 0.407358 0.422933 0.437623 0.451336 0.463988 0.475502 0.485812 0.494859 0.502593 0.508973 0.513966 0.517545 0.519693 0.520399 0.519658 0.517476 0.513862 0.508836 0.502421 0.494653 0.485573 0.475231 0.463685 0.451004 0.437264 0.422549 0.406953 0.390578 0.37353 0.355925 0.337882 0.319524 0.300975 0.282362 0.263807 0.245432 0.227352 0.209677 0.192507 0.175934 0.160037 0.144886 0.130537 0.117034 0.104407 0.092675 0.0818448 0.071912 0.0628623 0.0546724 0.0473118 0.0407438 0.0349274 0.0298182 0.0253707 0.0215389 0.0182781 0.015546 0.0133037 0.0115167 0.0101558 0.00919755 0.00862557 
0.00922038 0.00941177 0.010011 0.0110302 0.012488 0.0144098 0.0168271 0.0197772 0.0233017 0.0274459 0.0322573 0.0377846 0.0440758 0.0511772 0.0591313 0.0679754 0.0777402 0.0884478 0.100111 0.112731 0.126297 0.140785 0.15616 0.172371 0.189354 0.207033 0.225319 0.244112 0.263304 0.282775 0.302404 0.322061 0.341616 0.360937 0.379893 0.398359 0.41621 0.43333 0.449608 0.464944 0.479242 0.492419 0.5044 0.515117 0.524514 0.532541 0.539159 0.544335 0.548045 0.550271 0.551003 0.550237 0.547976 0.544232 0.539021 0.532368 0.524305 0.514874 0.504122 0.492108 0.478899 0.46457 0.449207 0.432904 0.415764 0.397897 0.379421 0.36046 0.34114 0.321592 0.301949 0.28234 0.262893 0.243733 0.224975 0.206729 0.189093 0.172155 0.15599 0.140661 0.126217 0.112695 0.100115 0.0884894 0.0778145 0.0680777 0.0592565 0.0513202 0.0442314 0.0379475 0.0324227 0.0276091 0.0234584 0.0199236 0.0169599 0.0145261 0.0125855 0.0111071 0.0100659 0.00944445 
0.0100506 0.0102585 0.0109079 0.0120117 0.0135896 0.0156687 0.0182823 0.0214699 0.0252753 0.0297462 0.0349325 0.0408852 0.0476543 0.0552875 0.0638285 0.0733153 0.0837782 0.0952385 0.107707 0.121182 0.13565 0.151084 0.167441 0.184664 0.202685 0.221419 0.24077 0.260631 0.280884 0.301404 0.322061 0.342718 0.363239 0.383486 0.403323 0.422619 0.441249 0.459091 0.476034 0.491976 0.506823 0.52049 0.532903 0.543997 0.553716 0.562012 0.568847 0.574191 0.57802 0.580317 0.581072 0.580283 0.577952 0.574089 0.56871 0.561839 0.553507 0.543753 0.532623 0.520174 0.506473 0.491593 0.47562 0.458649 0.440783 0.422134 0.402824 0.382978 0.362729 0.342212 0.321566 0.300927 0.28043 0.260207 0.240382 0.221071 0.202382 0.184408 0.167232 0.150925 0.135539 0.121118 0.107686 0.0952585 0.0838345 0.073403 0.0639425 0.0554222 0.0478042 0.0410448 0.0350965 0.0299095 0.0254333 0.0216184 0.0184177 0.0157877 0.0136897 0.0120908 0.0109645 0.0102924 
0.0109044 0.011129 0.0118296 0.0130196 0.01472 0.0169592 0.0197726 0.0232015 0.0272921 0.0320945 0.0376608 0.0440439 0.0512959 0.0594658 0.0685982 0.0787315 0.0898955 0.10211 0.115385 0.129715 0.145082 0.161455 0.178785 0.197012 0.216057 0.23583 0.256227 0.277132 0.298422 0.319963 0.341616 0.363239 0.384689 0.405823 0.4265 0.446586 0.46595 0.484472 0.502038 0.518545 0.533899 0.548018 0.560827 0.572264 0.582275 0.590814 0.597846 0.60334 0.607275 0.609635 0.610412 0.609602 0.607209 0.60324 0.597711 0.590645 0.582069 0.572022 0.560548 0.547701 0.533545 0.518155 0.501614 0.484017 0.465468 0.44608 0.425977 0.405287 0.384147 0.362699 0.341083 0.319446 0.297927 0.276667 0.255796 0.23544 0.215712 0.196715 0.178539 0.16126 0.144938 0.12962 0.115338 0.102108 0.0899325 0.0788034 0.0686996 0.0595909 0.051439 0.0441991 0.0378224 0.0322571 0.0274507 0.0233515 0.01991 0.0170805 0.0148223 0.0131008 0.0118879 0.0111642 
0.0117758 0.0120175 0.0127698 0.0140471 0.0158713 0.0182724 0.0212876 0.02496 0.0293383 0.0344745 0.040423 0.0472387 0.0549752 0.0636829 0.0734071 0.0841862 0.0960494 0.109016 0.123091 0.138268 0.154526 0.171826 0.190117 0.209329 0.229378 0.250167 0.271584 0.293505 0.315799 0.338325 0.360937 0.383486 0.405823 0.4278 0.449271 0.4701 0.490153 0.509308 0.52745 0.544478 0.560297 0.574826 0.587995 0.599741 0.610013 0.618769 0.625973 0.6316 0.635629 0.638046 0.638842 0.638014 0.635566 0.631505 0.625844 0.618605 0.609813 0.599504 0.58772 0.574512 0.559944 0.544087 0.527022 0.508845 0.489659 0.469579 0.448728 0.42724 0.405254 0.382914 0.36037 0.337771 0.315265 0.292999 0.271112 0.249735 0.228992 0.208992 0.189832 0.171595 0.154348 0.138144 0.123017 0.108989 0.0960661 0.0842412 0.0734949 0.0637975 0.0551105 0.0473886 0.0405814 0.0346356 0.0294967 0.0251109 0.0214265 0.0183956 0.0159756 0.0141301 0.0128296 0.0120537 
0.0126582 0.0129171 0.0137215 0.0150865 0.017035 0.0195986 0.022816 0.0267324 0.0313986 0.0368685 0.0431987 0.0504459 0.0586651 0.0679078 0.0782199 0.0896395 0.102195 0.115904 0.130769 0.146781 0.163914 0.182124 0.201354 0.221528 0.242555 0.26433 0.286734 0.309636 0.332896 0.356366 0.379893 0.403323 0.4265 0.449271 0.471489 0.493011 0.513703 0.533442 0.552113 0.569614 0.585854 0.600753 0.614241 0.626261 0.636763 0.645709 0.653064 0.658806 0.662916 0.665382 0.666194 0.665352 0.662857 0.658717 0.652942 0.645553 0.636572 0.626033 0.613974 0.600446 0.585506 0.569226 0.551685 0.532975 0.513202 0.492478 0.47093 0.448692 0.425907 0.402724 0.379295 0.355778 0.332325 0.309091 0.286222 0.263858 0.242128 0.221151 0.201031 0.181857 0.163703 0.146626 0.130668 0.115853 0.102191 0.0896768 0.0782932 0.068011 0.0587917 0.0505896 0.0433531 0.0370274 0.0315562 0.0268836 0.0229559 0.0197232 0.017141 0.015171 0.0137827 0.0129544 
0.0135447 0.0138208 0.0146771 0.0161294 0.0182018 0.020927 0.0243456 0.0285046 0.0334566 0.0392577 0.0459662 0.0536405 0.0623369 0.0721079 0.0829996 0.0950498 0.108286 0.122723 0.138363 0.155191 0.173177 0.192273 0.212415 0.233521 0.255493 0.278219 0.301572 0.325413 0.349595 0.373964 0.398359 0.422619 0.446586 0.4701 0.493011 0.515173 0.536453 0.556725 0.575876 0.593804 0.61042 0.625646 0.639416 0.651675 0.662376 0.671484 0.678968 0.684808 0.688987 0.691493 0.69232 0.691466 0.688933 0.684725 0.678855 0.671338 0.662196 0.651458 0.63916 0.625349 0.610081 0.593422 0.575452 0.55626 0.535949 0.514634 0.49244 0.469505 0.445973 0.421996 0.397733 0.373344 0.348991 0.324832 0.301022 0.277709 0.255028 0.233106 0.212054 0.19197 0.172932 0.155005 0.138233 0.122647 0.10826 0.0950687 0.0830576 0.0721989 0.0624542 0.0537773 0.0461159 0.0394137 0.0336129 0.0286555 0.0244861 0.0210527 0.018309 0.0162152 0.0147394 0.013859 
0.0144276 0.0147207 0.0156283 0.017167 0.0193617 0.0222466 0.0258637 0.0302618 0.0354954 0.0416224 0.0487028 0.0567964 0.0659609 0.0762493 0.0877079 0.100374 0.114274 0.129421 0.145813 0.163432 0.182244 0.202196 0.223217 0.24522 0.268099 0.291735 0.315992 0.340727 0.365783 0.390999 0.41621 0.441249 0.46595 0.490153 0.513703 0.536453 0.558268 0.579022 0.598603 0.616911 0.633858 0.64937 0.663384 0.675847 0.686717 0.695961 0.703553 0.709474 0.713709 0.716249 0.717089 0.716225 0.713661 0.709399 0.703451 0.695828 0.68655 0.675644 0.663142 0.649086 0.633531 0.616539 0.598186 0.578561 0.557764 0.535911 0.513125 0.489546 0.465321 0.440605 0.41556 0.390352 0.365147 0.340112 0.315408 0.291187 0.267597 0.244768 0.222821 0.201858 0.181967 0.163215 0.145655 0.12932 0.114226 0.100374 0.0877504 0.0763276 0.0660682 0.0569258 0.0488471 0.0417749 0.0356497 0.030412 0.0260043 0.0223729 0.0194699 0.0172539 0.0156916 0.0147597 
0.015299 0.0156087 0.0165667 0.0181899 0.0205044 0.0235456 0.0273568 0.0319887 0.0374972 0.0439421 0.051385 0.059887 0.0695066 0.0802976 0.0923061 0.105569 0.120111 0.135942 0.15306 0.171441 0.191046 0.211818 0.233681 0.256539 0.280281 0.304779 0.329893 0.35547 0.381347 0.407358 0.43333 0.459091 0.484472 0.509308 0.533442 0.556725 0.579022 0.600207 0.62017 0.638811 0.656046 0.671804 0.686025 0.69866 0.70967 0.719026 0.726705 0.732691 0.736971 0.739538 0.740388 0.739518 0.736929 0.732626 0.726614 0.718907 0.709519 0.698473 0.685799 0.671537 0.655734 0.638453 0.619764 0.599754 0.578523 0.556183 0.532861 0.508693 0.483831 0.458431 0.432659 0.406687 0.380685 0.354825 0.329276 0.304198 0.279743 0.256052 0.23325 0.211447 0.190737 0.171194 0.152875 0.135817 0.120041 0.10555 0.0923328 0.0803629 0.0696037 0.0600084 0.0515236 0.0440908 0.0376491 0.0321376 0.0274971 0.0236723 0.0206133 0.0182776 0.0166308 0.0156485 
0.0161505 0.0164764 0.0174833 0.0191886 0.0216193 0.0248119 0.0288113 0.0336694 0.039444 0.0461962 0.0539891 0.0628851 0.0729434 0.0842181 0.0967552 0.110591 0.125748 0.142235 0.160045 0.179153 0.199514 0.221066 0.243725 0.267392 0.291948 0.317259 0.343177 0.369541 0.396185 0.422933 0.449608 0.476034 0.502038 0.52745 0.552113 0.575876 0.598603 0.62017 0.640466 0.659396 0.676879 0.692844 0.707238 0.720013 0.731137 0.740582 0.74833 0.754365 0.75868 0.761268 0.762126 0.761251 0.758645 0.75431 0.748251 0.740478 0.731003 0.719845 0.707031 0.692596 0.676585 0.659054 0.640074 0.619728 0.598112 0.575338 0.551532 0.526832 0.501388 0.475362 0.448921 0.422241 0.395498 0.36887 0.34253 0.316647 0.291379 0.266873 0.243262 0.220663 0.199175 0.178878 0.159834 0.142086 0.125657 0.110554 0.0967662 0.0842704 0.0730299 0.0629984 0.0541217 0.0463407 0.0395932 0.0338169 0.028951 0.0249387 0.0217287 0.019277 0.017548 0.0165168 
0.0169738 0.0173153 0.0183691 0.0201533 0.0226956 0.0260335 0.0302133 0.0352883 0.0413176 0.048364 0.0564916 0.0657638 0.0762406 0.0879763 0.101017 0.115397 0.131138 0.148247 0.166713 0.186507 0.207581 0.229866 0.253275 0.2777 0.303017 0.329086 0.35575 0.382846 0.410196 0.437623 0.464944 0.491976 0.518545 0.544478 0.569614 0.593804 0.616911 0.638811 0.659396 0.678574 0.696264 0.712402 0.726936 0.739825 0.751037 0.760551 0.768349 0.774422 0.778762 0.781365 0.782229 0.781352 0.778734 0.774377 0.768284 0.760462 0.750921 0.739676 0.72675 0.712174 0.69599 0.67825 0.659021 0.638383 0.616431 0.593274 0.569037 0.543858 0.51789 0.491294 0.464243 0.436913 0.409488 0.382149 0.355077 0.328445 0.302418 0.27715 0.252781 0.229433 0.207212 0.186205 0.166476 0.148074 0.131026 0.115341 0.101012 0.0880157 0.0763166 0.0658688 0.0566179 0.048504 0.0414639 0.035434 0.0303521 0.0261601 0.0228052 0.0202421 0.0184344 0.0173563 
