0.00100798 0.00102112 0.00106529 0.00114116 0.00124969 0.00139223 0.00157043 0.0017863 0.0020421 0.00234032 0.00268367 0.00307496 0.00351707 0.00401291 0.00456528 0.00517688 0.00585014 0.0065872 0.00738982 0.00825928 0.00919629 0.010201 0.0112727 0.0124101 0.013611 0.0148724 0.0161904 0.0175601 0.0189758 0.020431 0.0219181 0.0234289 0.0249543 0.0264848 0.0280099 0.0295191 0.0310011 0.0324448 0.0338389 0.0351718 0.0364327 0.0376108 0.0386958 0.0396781 0.040549 0.0413006 0.0419259 0.0424191 0.0427757 0.0429924 0.043067 0.042999 0.0427891 0.0424391 0.0419524 0.0413336 0.0405884 0.0397238 0.0387476 0.0376685 0.0364962 0.0352408 0.0339131 0.0325241 0.031085 0.0296072 0.028102 0.0265803 0.0250529 0.02353 0.0220213 0.0205357 0.0190816 0.0176664 0.0162967 0.0149782 0.0137157 0.0125132 0.0113738 0.0102996 0.00929197 0.00835163 0.0074785 0.00667189 0.00593056 0.0052528 0.00463651 0.00407929 0.00357849 0.00313133 0.00273495 0.00238649 0.00208314 0.00182224 0.0016013 0.00141806 0.00127053 0.00115705 0.00107627 0.00102733 
0.00102112 0.00103445 0.00107921 0.00115609 0.00126607 0.00141048 0.00159103 0.00180973 0.00206888 0.00237099 0.0027188 0.00311516 0.00356298 0.00406518 0.00462463 0.00524402 0.00592582 0.0066722 0.0074849 0.00836523 0.0093139 0.010331 0.0114159 0.0125672 0.0137827 0.0150594 0.0163932 0.0177793 0.0192119 0.0206842 0.0221888 0.0237172 0.0252604 0.0268085 0.0283511 0.0298775 0.0313764 0.0328365 0.0342461 0.0355941 0.036869 0.0380602 0.0391571 0.0401503 0.0410308 0.0417906 0.0424227 0.0429213 0.0432817 0.0435007 0.0435761 0.0435073 0.043295 0.0429411 0.042449 0.0418234 0.04107 0.0401958 0.0392087 0.0381176 0.0369322 0.0356628 0.0343201 0.0329154 0.03146 0.0299654 0.028443 0.0269038 0.0253588 0.0238182 0.0222919 0.0207889 0.0193177 0.0178857 0.0164996 0.0151653 0.0138876 0.0126706 0.0115172 0.0104299 0.00940986 0.00845789 0.00757391 0.00675722 0.00600659 0.00532029 0.00469621 0.00413191 0.00362473 0.00317185 0.00277038 0.00241744 0.00211018 0.00184591 0.0016221 0.00143649 0.00128705 0.00117209 0.00109027 0.0010407 
0.00106529 0.00107921 0.00112586 0.00120593 0.00132044 0.00147078 0.00165871 0.0018863 0.00215592 0.00247018 0.0028319 0.00324401 0.00370951 0.00423143 0.00481268 0.00545604 0.00616404 0.00693889 0.00778238 0.0086958 0.00967986 0.0107346 0.0118594 0.0130527 0.0143122 0.0156347 0.0170161 0.0184512 0.0199341 0.0214577 0.0230144 0.0245953 0.0261912 0.0277917 0.0293864 0.0309638 0.0325126 0.0340209 0.0354769 0.036869 0.0381854 0.0394151 0.0405475 0.0415726 0.0424812 0.0432652 0.0439173 0.0444317 0.0448035 0.0450293 0.0451069 0.0450358 0.0448165 0.0444512 0.0439432 0.0432974 0.0425197 0.0416173 0.0405982 0.0394717 0.0382477 0.0369368 0.03555 0.034099 0.0325954 0.0310509 0.0294775 0.0278864 0.026289 0.0246959 0.0231171 0.0215622 0.0200398 0.0185576 0.0171226 0.0157409 0.0144174 0.0131565 0.0119613 0.0108341 0.00977657 0.00878929 0.00787227 0.00702485 0.00624577 0.00553329 0.00488524 0.00429913 0.00377222 0.00330162 0.00288436 0.00251745 0.00219798 0.00192315 0.00169038 0.0014973 0.00134185 0.00122226 0.00113715 0.0010856 
0.00114116 0.00115609 0.00120593 0.00129142 0.00141362 0.001574 0.00177442 0.00201706 0.00230441 0.00263922 0.00302443 0.00346314 0.0039585 0.00451364 0.00513164 0.00581537 0.00656747 0.00739022 0.00828543 0.00925443 0.0102979 0.0114158 0.0126074 0.0138711 0.0152043 0.0166035 0.0180644 0.0195815 0.0211484 0.0227578 0.0244014 0.02607 0.0277537 0.0294418 0.031123 0.0327856 0.0344174 0.0360061 0.0375393 0.0390047 0.0403901 0.041684 0.0428753 0.0439534 0.0449088 0.045733 0.0464185 0.0469591 0.0473497 0.0475868 0.0476682 0.0475931 0.0473623 0.046978 0.0464436 0.0457643 0.0449462 0.0439968 0.0429246 0.0417392 0.0404509 0.0390709 0.0376108 0.0360826 0.0344986 0.0328713 0.0312128 0.0295353 0.0278505 0.0261697 0.0245035 0.0228618 0.0212538 0.0196878 0.018171 0.01671 0.01531 0.0139756 0.0127102 0.0115164 0.0103958 0.00934923 0.00837674 0.00747766 0.00665075 0.00589421 0.0052058 0.00458293 0.00402276 0.00352226 0.00307833 0.00268783 0.00234771 0.00205504 0.00180709 0.00160138 0.00143573 0.0013083 0.00121762 0.00116272 
0.00124969 0.00126607 0.00132044 0.00141362 0.00154674 0.00172139 0.00193953 0.00220352 0.00251601 0.00287995 0.00329847 0.00377487 0.00431248 0.00491466 0.00558464 0.00632547 0.00713989 0.00803029 0.00899855 0.010046 0.0111733 0.0123803 0.0136661 0.0150289 0.0164658 0.017973 0.0195458 0.0211782 0.0228633 0.0245932 0.0263589 0.0281506 0.0299576 0.0317685 0.0335712 0.0353531 0.0371013 0.0388027 0.040444 0.0420122 0.0434944 0.0448781 0.0461517 0.0473041 0.048325 0.0492056 0.0499377 0.0505149 0.0509319 0.0511848 0.0512714 0.0511908 0.0509439 0.0505329 0.0499617 0.0492354 0.0483608 0.0473456 0.0461991 0.0449311 0.0435529 0.0420762 0.0405132 0.0388769 0.0371804 0.0354366 0.0336589 0.0318601 0.0300528 0.0282489 0.0264598 0.0246963 0.0229681 0.0212842 0.0196524 0.0180798 0.0165721 0.0151342 0.01377 0.0124822 0.0112727 0.0101425 0.00909173 0.00811974 0.00722526 0.00640645 0.00566098 0.00498612 0.00437888 0.00383605 0.00335434 0.00293042 0.00256103 0.00224305 0.00197358 0.00174995 0.00156983 0.00143127 0.00133267 0.00127301 
0.00139223 0.00141048 0.00147078 0.001574 0.00172139 0.00191464 0.00215592 0.00244775 0.00279304 0.00319494 0.00365686 0.00418234 0.00477498 0.00543837 0.00617596 0.00699101 0.00788643 0.00886471 0.00992782 0.0110771 0.0123131 0.0136356 0.0150435 0.0165346 0.0181059 0.0197529 0.0214705 0.023252 0.0250899 0.0269754 0.0288989 0.0308495 0.0328156 0.0347849 0.0367443 0.0386801 0.0405784 0.042425 0.0442056 0.0459061 0.0475128 0.0490122 0.0503918 0.0516397 0.0527449 0.0536979 0.0544901 0.0551144 0.0555652 0.0558385 0.0559317 0.0558441 0.0555764 0.0551312 0.0545125 0.0537259 0.0527785 0.0516788 0.0504365 0.0490624 0.0475683 0.045967 0.0442717 0.0424961 0.0406544 0.0387608 0.0368293 0.0348741 0.0329085 0.0309458 0.0289981 0.0270772 0.0251937 0.0233574 0.0215769 0.0198599 0.0182127 0.0166409 0.0151486 0.0137391 0.0124143 0.0111757 0.0100233 0.00895661 0.00797437 0.00707465 0.006255 0.00551252 0.00484404 0.00424611 0.0037152 0.00324774 0.00284021 0.00248925 0.0021917 0.0019447 0.00174572 0.00159262 0.0014837 0.00141784 
0.00157043 0.00159103 0.00165871 0.00177442 0.00193953 0.00215592 0.00242594 0.00275236 0.00313835 0.00358738 0.00410314 0.00468949 0.00535034 0.00608957 0.00691091 0.00781785 0.00881348 0.00990045 0.0110808 0.0123558 0.0137261 0.0151912 0.0167497 0.0183991 0.0201359 0.0219551 0.0238509 0.0258159 0.0278417 0.0299187 0.032036 0.0341818 0.0363434 0.0385071 0.0406587 0.0427833 0.0448655 0.04689 0.0488413 0.050704 0.052463 0.0541041 0.0556134 0.0569781 0.0581865 0.059228 0.0600936 0.0607755 0.0612677 0.0615659 0.0616672 0.0615709 0.0612779 0.0607908 0.060114 0.0592536 0.0582172 0.0570141 0.0556546 0.0541505 0.0525147 0.0507608 0.0489033 0.0469571 0.0449376 0.0428601 0.0407401 0.0385929 0.0364332 0.0342753 0.0321329 0.0300185 0.0279441 0.0259203 0.0239568 0.022062 0.0202431 0.0185062 0.016856 0.0152962 0.0138293 0.0124567 0.0111788 0.00999513 0.00890438 0.00790457 0.0069931 0.0061669 0.00542254 0.00475633 0.00416443 0.00364296 0.00318811 0.0027962 0.0024638 0.00218777 0.00196535 0.0017942 0.00167246 0.00159889 
0.0017863 0.00180973 0.0018863 0.00201706 0.00220352 0.00244775 0.00275236 0.00312041 0.00355536 0.00406104 0.0046415 0.00530096 0.0060437 0.00687394 0.00779572 0.00881279 0.00992849 0.0111456 0.0124662 0.0138917 0.0154225 0.0170579 0.0187962 0.0206346 0.0225688 0.0245934 0.0267015 0.0288851 0.0311345 0.0334392 0.0357869 0.0381648 0.0405585 0.0429532 0.0453329 0.0476813 0.0499817 0.0522171 0.0543706 0.0564253 0.0583648 0.0601735 0.0618363 0.0633392 0.0646696 0.0658159 0.0667682 0.0675183 0.0680594 0.0683869 0.0684979 0.0683914 0.0680683 0.0675317 0.0667862 0.0658385 0.0646969 0.0633713 0.0618732 0.0602154 0.0584117 0.0564772 0.0544276 0.0522792 0.0500488 0.0477533 0.0454096 0.0430345 0.0406443 0.0382547 0.0358807 0.0335363 0.0312347 0.0289878 0.0268063 0.0246997 0.0226761 0.0207423 0.0189037 0.0171645 0.0155277 0.013995 0.012567 0.0112433 0.0100226 0.00890293 0.00788142 0.00695483 0.00611945 0.00537128 0.00470614 0.00411979 0.00360807 0.00316694 0.00279263 0.00248168 0.00223106 0.00203819 0.00190101 0.00181817 
0.0020421 0.00206888 0.00215592 0.00230441 0.00251601 0.00279304 0.00313835 0.00355536 0.0040479 0.00462017 0.00527665 0.00602197 0.00686083 0.00779782 0.00883736 0.00998349 0.0112398 0.0126092 0.014094 0.0156953 0.0174136 0.0192479 0.021196 0.0232547 0.025419 0.0276828 0.0300381 0.0324759 0.0349854 0.0375545 0.04017 0.0428171 0.0454802 0.0481425 0.0507866 0.0533944 0.0559473 0.0584268 0.0608141 0.0630908 0.065239 0.0672413 0.0690814 0.070744 0.0722151 0.0734824 0.0745348 0.0753634 0.075961 0.0763223 0.0764444 0.0763261 0.0759684 0.0753746 0.0745499 0.0735014 0.0722383 0.0707714 0.0691132 0.0672776 0.06528 0.0631367 0.0608649 0.0584826 0.0560082 0.0534602 0.0508575 0.0482183 0.0455608 0.0429024 0.0402596 0.0376481 0.0350825 0.0325762 0.0301412 0.027788 0.0255259 0.0233626 0.0213043 0.0193559 0.0175207 0.015801 0.0141975 0.0127101 0.0113374 0.0100773 0.00892685 0.00788258 0.00694045 0.00609611 0.00534498 0.00468244 0.0041039 0.00360491 0.0031813 0.00282929 0.00254549 0.00232706 0.00217172 0.00207798 
0.00234032 0.00237099 0.00247018 0.00263922 0.00287995 0.00319494 0.00358738 0.00406104 0.00462017 0.00526942 0.00601373 0.0068582 0.00780799 0.00886812 0.0100434 0.0113382 0.0127564 0.0143011 0.0159745 0.017778 0.0197115 0.021774 0.0239628 0.0262739 0.0287018 0.0312392 0.0338772 0.0366056 0.0394121 0.0422833 0.0452041 0.0481582 0.0511281 0.0540952 0.0570402 0.0599429 0.062783 0.0655398 0.0681927 0.0707215 0.0731063 0.0753283 0.0773694 0.079213 0.0808437 0.0822479 0.0834137 0.0843313 0.0849927 0.0853924 0.085527 0.0853953 0.0849984 0.0843399 0.0834254 0.0822627 0.0808619 0.0792348 0.0773951 0.075358 0.0731404 0.07076 0.068236 0.065588 0.0628363 0.0600014 0.0571039 0.0541642 0.0512023 0.0482375 0.0452882 0.042372 0.0395052 0.0367025 0.0339777 0.0313425 0.0288075 0.0263814 0.0240714 0.021883 0.0198203 0.0178858 0.0160808 0.014405 0.0128575 0.0114358 0.0101368 0.00895696 0.00789173 0.00693642 0.00608605 0.0053355 0.00467974 0.00411386 0.00363326 0.00323373 0.00291155 0.00266354 0.00248719 0.00238082 
0.00268367 0.0027188 0.0028319 0.00302443 0.00329847 0.00365686 0.00410314 0.0046415 0.00527665 0.00601373 0.00685819 0.00781567 0.00889179 0.0100921 0.0114218 0.0128856 0.0144877 0.0162313 0.0181188 0.0201513 0.0223288 0.0246496 0.0271106 0.0297071 0.0324326 0.0352789 0.0382358 0.0412916 0.0444327 0.0476437 0.050908 0.0542072 0.0575217 0.060831 0.0641134 0.0673469 0.0705087 0.073576 0.0765262 0.079337 0.0819865 0.084454 0.0867197 0.0887654 0.0905742 0.0921313 0.0934236 0.0944405 0.0951732 0.0956157 0.0957642 0.0956175 0.0951768 0.094446 0.0934313 0.0921413 0.0905867 0.0887808 0.0867383 0.084476 0.0820123 0.079367 0.0765607 0.0736153 0.070553 0.0673965 0.0641685 0.0608916 0.057588 0.0542791 0.0509854 0.0477264 0.0445204 0.041384 0.0383325 0.0353794 0.0325363 0.0298134 0.0272188 0.024759 0.0224387 0.020261 0.0182275 0.0163382 0.0145921 0.0129869 0.0115192 0.0101851 0.00897981 0.00789816 0.0069347 0.00608384 0.00534001 0.00469782 0.00415217 0.00369839 0.00333236 0.00305056 0.0028502 0.00272943 
0.00307496 0.00311516 0.00324401 0.00346314 0.00377487 0.00418234 0.00468949 0.00530096 0.00602197 0.0068582 0.00781567 0.00890055 0.010119 0.0114772 0.0129806 0.0146345 0.0164432 0.0184103 0.0205379 0.0228273 0.025278 0.0278879 0.0306534 0.0335689 0.0366268 0.0398177 0.0431303 0.0465509 0.0500644 0.0536536 0.0572997 0.0609822 0.0646793 0.0683681 0.0720248 0.0756245 0.0791425 0.0825535 0.0858324 0.0889548 0.0918967 0.0946353 0.0971489 0.0994176 0.101423 0.103148 0.10458 0.105707 0.106518 0.107007 0.107171 0.107008 0.106519 0.105709 0.104583 0.103153 0.101429 0.0994255 0.0971592 0.0946484 0.0919131 0.0889749 0.0858566 0.0825823 0.0791763 0.0756637 0.0720695 0.0684188 0.0647361 0.0610451 0.0573687 0.0537287 0.0501454 0.0466374 0.043222 0.0399142 0.0367274 0.033673 0.0307604 0.027997 0.0253884 0.0229382 0.0206486 0.0185198 0.0165508 0.0147394 0.013082 0.0115744 0.0102114 0.0089874 0.00789649 0.00693249 0.0060893 0.00536095 0.00474182 0.00422675 0.00381117 0.00349119 0.0032637 0.00312664 
0.00351707 0.00356298 0.00370951 0.0039585 0.00431248 0.00477498 0.00535034 0.0060437 0.00686083 0.00780799 0.00889179 0.010119 0.0114965 0.0130308 0.014728 0.0165936 0.0186324 0.020848 0.0232426 0.0258173 0.0285711 0.0315018 0.0346046 0.0378732 0.0412988 0.0448707 0.0485759 0.0523992 0.0563233 0.0603291 0.0643954 0.0684995 0.0726171 0.0767227 0.0807899 0.0847914 0.0886997 0.092487 0.0961258 0.0995891 0.102851 0.105885 0.10867 0.111182 0.113401 0.115311 0.116895 0.11814 0.119037 0.119578 0.119759 0.119577 0.119036 0.118139 0.116893 0.115309 0.1134 0.111181 0.108671 0.105888 0.102856 0.0995977 0.0961382 0.0925037 0.0887213 0.0848183 0.0808226 0.0767616 0.0726625 0.0685516 0.0644543 0.0603948 0.0563958 0.0524782 0.0486611 0.0449617 0.041395 0.037974 0.0347093 0.0316096 0.0286813 0.0259288 0.0233547 0.0209596 0.0187428 0.0167018 0.0148331 0.013132 0.0115931 0.0102103 0.00897697 0.00788652 0.00693221 0.00610746 0.00540609 0.0048224 0.00435132 0.00398855 0.00373066 0.00357537 
0.00401291 0.00406518 0.00423143 0.00451364 0.00491466 0.00543837 0.00608957 0.00687394 0.00779782 0.00886812 0.0100921 0.0114772 0.0130308 0.01476 0.0166716 0.0187713 0.0210642 0.023554 0.026243 0.0291319 0.0322196 0.0355029 0.0389765 0.0426327 0.0464617 0.0504511 0.0545862 0.0588499 0.0632229 0.0676836 0.0722085 0.0767723 0.081348 0.0859073 0.0904211 0.0948593 0.0991915 0.103387 0.107416 0.111249 0.114857 0.118212 0.12129 0.124065 0.126516 0.128625 0.130373 0.131747 0.132736 0.133333 0.133531 0.133331 0.132732 0.131741 0.130365 0.128616 0.126507 0.124055 0.12128 0.118204 0.11485 0.111245 0.107415 0.10339 0.099199 0.0948722 0.0904399 0.0859326 0.0813802 0.0768118 0.0722555 0.0677383 0.0632852 0.0589197 0.0546633 0.050535 0.046552 0.0427288 0.0390776 0.0356083 0.0323284 0.0292432 0.0263557 0.0236671 0.0211768 0.0188823 0.0167801 0.0148651 0.0131314 0.0115726 0.0101816 0.0089509 0.00787328 0.00694152 0.00614881 0.00548886 0.0049561 0.00454578 0.00425409 0.00407853 
0.00456528 0.00462463 0.00481268 0.00513164 0.00558464 0.00617596 0.00691091 0.00779572 0.00883736 0.0100434 0.0114218 0.0129806 0.014728 0.0166716 0.0188185 0.0211752 0.0237467 0.026537 0.0295483 0.0327809 0.0362334 0.0399017 0.0437795 0.0478582 0.0521263 0.0565699 0.0611723 0.0659142 0.0707741 0.0757278 0.0807492 0.0858102 0.090881 0.0959304 0.100926 0.105835 0.110624 0.115259 0.119708 0.123938 0.127918 0.131618 0.135009 0.138067 0.140767 0.143088 0.145013 0.146525 0.147613 0.148269 0.148486 0.148265 0.147606 0.146514 0.144998 0.143071 0.140748 0.138047 0.134988 0.131596 0.127897 0.123919 0.119692 0.115247 0.110616 0.105832 0.100929 0.09594 0.090898 0.085835 0.0807822 0.0757693 0.0708241 0.0659729 0.0612393 0.0566451 0.0522091 0.0479481 0.0438757 0.0400033 0.0363396 0.0328908 0.0296606 0.0266508 0.0238608 0.0212885 0.0189299 0.01678 0.0148324 0.0130801 0.0115154 0.0101303 0.00891684 0.00786711 0.00697365 0.00622956 0.00562871 0.00516589 0.00483689 0.00463896 
0.00517688 0.00524402 0.00545604 0.00581537 0.00632547 0.00699101 0.00781785 0.00881279 0.00998349 0.0113382 0.0128856 0.0146345 0.0165936 0.0187713 0.0211752 0.0238119 0.026687 0.0298043 0.0331661 0.0367722 0.0406205 0.0447063 0.0490222 0.0535582 0.0583011 0.0632352 0.0683418 0.0735993 0.0789836 0.0844679 0.0900231 0.0956182 0.10122 0.106795 0.112307 0.117719 0.122997 0.128102 0.132999 0.137653 0.142029 0.146096 0.149822 0.153181 0.156145 0.158693 0.160804 0.162463 0.163656 0.164375 0.164613 0.164369 0.163645 0.162447 0.160783 0.158667 0.156116 0.153148 0.149788 0.14606 0.141993 0.137618 0.132966 0.128072 0.122971 0.117699 0.112292 0.106787 0.10122 0.0956261 0.09004 0.0844941 0.0790194 0.0736448 0.0683969 0.0632997 0.0583746 0.05364 0.0491118 0.0448028 0.0407229 0.0368794 0.033277 0.0299178 0.0268018 0.0239268 0.0212889 0.0188827 0.0167015 0.0147377 0.0129831 0.0114291 0.0100669 0.00888792 0.00788403 0.00704769 0.00637217 0.00585175 0.00548182 0.00525936 
0.00585014 0.00592582 0.00616404 0.00656747 0.00713989 0.00788643 0.00881348 0.00992849 0.0112398 0.0127564 0.0144877 0.0164432 0.0186324 0.0210642 0.0237467 0.026687 0.0298908 0.0333619 0.0371023 0.0411117 0.0453871 0.0499228 0.0547103 0.0597379 0.064991 0.0704517 0.0760989 0.0819087 0.0878541 0.0939054 0.100031 0.106196 0.112364 0.118498 0.124559 0.130507 0.136303 0.141906 0.147279 0.152381 0.157177 0.161632 0.165713 0.169389 0.172632 0.175419 0.177728 0.179541 0.180846 0.181631 0.18189 0.181623 0.180831 0.179519 0.177699 0.175384 0.172592 0.169344 0.165665 0.161582 0.157125 0.152329 0.147227 0.141857 0.136257 0.130466 0.124524 0.11847 0.112344 0.106185 0.100029 0.0939142 0.0878734 0.0819388 0.0761399 0.0705034 0.0650532 0.05981 0.0547915 0.0500124 0.045484 0.0412149 0.0372106 0.033474 0.0300053 0.0268026 0.023862 0.0211778 0.0187431 0.0165497 0.0145888 0.012851 0.0113269 0.0100072 0.00888301 0.00794612 0.00718919 0.00660595 0.00619139 0.00594219 
0.0065872 0.0066722 0.00693889 0.00739022 0.00803029 0.00886471 0.00990045 0.0111456 0.0126092 0.0143011 0.0162313 0.0184103 0.020848 0.023554 0.026537 0.0298043 0.0333619 0.0372135 0.0413609 0.045803 0.0505363 0.055554 0.0608461 0.0663994 0.0721973 0.0782196 0.084443 0.0908406 0.0973827 0.104037 0.110767 0.117536 0.124303 0.131029 0.13767 0.144184 0.150527 0.156656 0.162528 0.168103 0.173341 0.178204 0.182656 0.186665 0.190201 0.193239 0.195755 0.19773 0.19915 0.200005 0.200287 0.199995 0.199132 0.197702 0.195718 0.193194 0.19015 0.186607 0.182593 0.178137 0.173271 0.168032 0.162457 0.156586 0.15046 0.144122 0.137614 0.130979 0.124262 0.117503 0.110745 0.104026 0.0973833 0.0908532 0.0844677 0.0782565 0.0722461 0.0664596 0.0609171 0.0556349 0.0506262 0.0459007 0.0414651 0.0373229 0.033475 0.0299196 0.026653 0.0236692 0.0209609 0.0185195 0.0163355 0.014399 0.0126998 0.0112277 0.00997317 0.0089273 0.0080821 0.00743076 0.00696779 0.00668959 
0.00738982 0.0074849 0.00778238 0.00828543 0.00899855 0.00992782 0.0110808 0.0124662 0.014094 0.0159745 0.0181188 0.0205379 0.0232426 0.026243 0.0295483 0.0331661 0.0371023 0.0413609 0.045943 0.050847 0.0560686 0.0615995 0.0674286 0.0735406 0.0799169 0.0865349 0.0933686 0.100388 0.107561 0.114851 0.122219 0.129625 0.137024 0.144371 0.151622 0.158729 0.165645 0.172324 0.178721 0.184789 0.190488 0.195776 0.200616 0.204973 0.208814 0.212113 0.214844 0.216988 0.218529 0.219456 0.219762 0.219444 0.218506 0.216954 0.214799 0.212058 0.20875 0.204901 0.200538 0.195692 0.1904 0.184698 0.178628 0.172233 0.165556 0.158643 0.151542 0.144298 0.136958 0.129569 0.122175 0.114818 0.107541 0.100381 0.0933749 0.0865548 0.0799502 0.073587 0.0674874 0.06167 0.0561497 0.0509376 0.0460416 0.0414662 0.0372127 0.0332799 0.0296639 0.0263589 0.023357 0.0206493 0.0182256 0.0160754 0.0141876 0.0125514 0.0111565 0.00999315 0.00905277 0.00832797 0.00781279 0.00750333 
0.00825928 0.00836523 0.0086958 0.00925443 0.010046 0.0110771 0.0123558 0.0138917 0.0156953 0.017778 0.0201513 0.0228273 0.0258173 0.0291319 0.0327809 0.0367722 0.0411117 0.045803 0.050847 0.0562415 0.0619807 0.0680554 0.0744526 0.0811551 0.088142 0.0953882 0.102865 0.110539 0.118375 0.126333 0.13437 0.142442 0.150501 0.158499 0.166386 0.174112 0.181625 0.188877 0.195818 0.202399 0.208577 0.214307 0.219548 0.224264 0.228422 0.23199 0.234944 0.237262 0.238928 0.23993 0.24026 0.239916 0.238901 0.237222 0.23489 0.231924 0.228345 0.224178 0.219453 0.214204 0.208469 0.202287 0.195703 0.188762 0.181511 0.174001 0.16628 0.1584 0.15041 0.142361 0.1343 0.126276 0.118331 0.11051 0.10285 0.0953888 0.0881576 0.0811855 0.0744972 0.0681135 0.0620512 0.0563232 0.0509385 0.0459028 0.0412181 0.0368834 0.0328952 0.0292475 0.0259323 0.0229401 0.0202602 0.0178812 0.0157916 0.0139797 0.0124342 0.0111449 0.0101025 0.00929886 0.00872766 0.00838466 
0.00919629 0.0093139 0.00967986 0.0102979 0.0111733 0.0123131 0.0137261 0.0154225 0.0174136 0.0197115 0.0223288 0.025278 0.0285711 0.0322196 0.0362334 0.0406205 0.0453871 0.0505363 0.0560686 0.0619807 0.0682659 0.0749135 0.0819085 0.0892317 0.0968598 0.104765 0.112915 0.121274 0.129803 0.138457 0.147192 0.155958 0.164704 0.173378 0.181925 0.190292 0.198425 0.206269 0.213772 0.220883 0.227554 0.233739 0.239394 0.244481 0.248963 0.252809 0.255992 0.258489 0.260283 0.261362 0.261717 0.261346 0.260251 0.258442 0.255929 0.252732 0.248873 0.244379 0.239282 0.233618 0.227426 0.220749 0.213634 0.206129 0.198285 0.190155 0.181792 0.173251 0.164586 0.15585 0.147096 0.138374 0.129734 0.121221 0.112878 0.104744 0.0968556 0.089244 0.0819368 0.0749571 0.0683238 0.0620517 0.0561512 0.0506289 0.045488 0.0407278 0.0363451 0.0323339 0.0286859 0.0253913 0.0224389 0.0198166 0.017512 0.0155128 0.0138069 0.0123832 0.0112318 0.0103441 0.0097131 0.0093343 
0.010201 0.010331 0.0107346 0.0114158 0.0123803 0.0136356 0.0151912 0.0170579 0.0192479 0.021774 0.0246496 0.0278879 0.0315018 0.0355029 0.0399017 0.0447063 0.0499228 0.055554 0.0615995 0.0680554 0.0749135 0.0821614 0.0897822 0.0977544 0.106052 0.114644 0.123496 0.132568 0.141816 0.151195 0.160653 0.170137 0.179594 0.188965 0.198194 0.207222 0.215991 0.224445 0.232526 0.240181 0.247358 0.254009 0.260088 0.265553 0.270367 0.274496 0.277913 0.280593 0.282518 0.283674 0.284055 0.283656 0.282481 0.280538 0.277841 0.274408 0.270263 0.265435 0.259958 0.253868 0.247208 0.240023 0.232363 0.224279 0.215825 0.207057 0.198033 0.18881 0.179446 0.17 0.160528 0.151083 0.14172 0.132488 0.123434 0.1146 0.106026 0.0977465 0.0897921 0.0821885 0.0749569 0.0681139 0.0616716 0.0556379 0.0500167 0.0448083 0.0400096 0.0356147 0.0316153 0.028001 0.0247602 0.0218803 0.0193479 0.0171501 0.015274 0.0137077 0.0124407 0.0114636 0.0107691 0.0103523 
0.0112727 0.0114159 0.0118594 0.0126074 0.0136661 0.0150435 0.0167497 0.0187962 0.021196 0.0239628 0.0271106 0.0306534 0.0346046 0.0389765 0.0437795 0.0490222 0.0547103 0.0608461 0.0674286 0.0744526 0.0819085 0.0897822 0.0980546 0.106702 0.115695 0.125 0.134579 0.144388 0.154381 0.164506 0.17471 0.184935 0.195122 0.20521 0.215138 0.224843 0.234264 0.24334 0.252012 0.260221 0.267914 0.275039 0.281549 0.287399 0.29255 0.296968 0.300621 0.303486 0.305544 0.30678 0.307186 0.306759 0.305503 0.303425 0.30054 0.296868 0.292433 0.287266 0.281401 0.274879 0.267742 0.26004 0.251824 0.243148 0.23407 0.22465 0.214947 0.205025 0.194944 0.184767 0.174554 0.164365 0.154256 0.14428 0.134489 0.12493 0.115645 0.106672 0.0980442 0.0897909 0.0819355 0.0744967 0.0674883 0.0609197 0.0547957 0.0491175 0.0438824 0.0390847 0.0347158 0.0307654 0.027221 0.0240696 0.0212971 0.0188898 0.0168341 0.0151173 0.0137281 0.0126566 0.0118951 0.0114381 
0.0124101 0.0125672 0.0130527 0.0138711 0.0150289 0.0165346 0.0183991 0.0206346 0.0232547 0.0262739 0.0297071 0.0335689 0.0378732 0.0426327 0.0478582 0.0535582 0.0597379 0.0663994 0.0735406 0.0811551 0.0892317 0.0977544 0.106702 0.116047 0.125759 0.1358 0.146128 0.156697 0.167455 0.178347 0.189315 0.200298 0.211232 0.222053 0.232694 0.243089 0.253173 0.262882 0.272152 0.280924 0.28914 0.296745 0.30369 0.309929 0.315421 0.320128 0.324021 0.327073 0.329264 0.33058 0.331012 0.330557 0.329218 0.327005 0.323931 0.320018 0.31529 0.309781 0.303525 0.296565 0.288946 0.28072 0.271939 0.262663 0.252951 0.242866 0.232472 0.221836 0.211023 0.200098 0.189128 0.178174 0.167299 0.156559 0.14601 0.135703 0.125683 0.115993 0.106669 0.0977429 0.0892405 0.0811831 0.0735863 0.066461 0.0598134 0.0536453 0.0479547 0.0427361 0.037981 0.0336787 0.0298164 0.0263804 0.0233562 0.020729 0.0184847 0.0166098 0.0150922 0.0139215 0.0130894 0.0125903 
0.013611 0.0137827 0.0143122 0.0152043 0.0164658 0.0181059 0.0201359 0.0225688 0.025419 0.0287018 0.0324326 0.0366268 0.0412988 0.0464617 0.0521263 0.0583011 0.064991 0.0721973 0.0799169 0.088142 0.0968598 0.106052 0.115695 0.125759 0.13621 0.147006 0.158103 0.169448 0.180989 0.192664 0.204412 0.216167 0.227861 0.239425 0.250789 0.261883 0.272639 0.282987 0.292862 0.3022 0.310942 0.31903 0.326413 0.333042 0.338875 0.343874 0.348006 0.351245 0.35357 0.354966 0.355424 0.354941 0.35352 0.351171 0.347908 0.343753 0.338732 0.332879 0.326231 0.318831 0.310727 0.301973 0.292624 0.282741 0.272388 0.26163 0.250537 0.239176 0.227619 0.215934 0.204192 0.192459 0.1808 0.169279 0.157954 0.146879 0.136106 0.125679 0.115638 0.106018 0.0968485 0.088152 0.0799468 0.0722452 0.0650549 0.0583787 0.0522151 0.0465591 0.0414022 0.0367335 0.0325399 0.0288073 0.0255203 0.0226635 0.0202221 0.0181819 0.0165301 0.0152557 0.0143498 0.0138066 
0.0148724 0.0150594 0.0156347 0.0166035 0.017973 0.0197529 0.0219551 0.0245934 0.0276828 0.0312392 0.0352789 0.0398177 0.0448707 0.0504511 0.0565699 0.0632352 0.0704517 0.0782196 0.0865349 0.0953882 0.104765 0.114644 0.125 0.1358 0.147006 0.158574 0.170454 0.182591 0.194927 0.207398 0.219937 0.232474 0.244936 0.257251 0.269345 0.281143 0.292574 0.303564 0.314045 0.323952 0.33322 0.341791 0.349611 0.35663 0.362803 0.368092 0.372463 0.375888 0.378346 0.379821 0.380305 0.379794 0.378292 0.375807 0.372356 0.36796 0.362648 0.356452 0.349412 0.341573 0.332984 0.323701 0.313783 0.303291 0.292294 0.280861 0.269062 0.25697 0.244661 0.232208 0.219683 0.207159 0.194706 0.182389 0.170273 0.158416 0.146873 0.135692 0.124917 0.114587 0.104732 0.0953787 0.0865474 0.0782524 0.0705026 0.0633019 0.0566497 0.0505413 0.0449685 0.0399203 0.0353833 0.0313428 0.027783 0.0246878 0.0220416 0.0198295 0.0180381 0.0166557 0.0156731 0.015084 
0.0161904 0.0163932 0.0170161 0.0180644 0.0195458 0.0214705 0.0238509 0.0267015 0.0300381 0.0338772 0.0382358 0.0431303 0.0485759 0.0545862 0.0611723 0.0683418 0.0760989 0.084443 0.0933686 0.102865 0.112915 0.123496 0.134579 0.146128 0.158103 0.170454 0.183129 0.196068 0.209209 0.222484 0.23582 0.249144 0.26238 0.275449 0.288275 0.300778 0.312883 0.324515 0.335602 0.346074 0.355866 0.364917 0.373171 0.380576 0.387086 0.392662 0.397269 0.400878 0.403467 0.405022 0.405531 0.404993 0.403409 0.400791 0.397154 0.392521 0.386919 0.380384 0.372955 0.36468 0.35561 0.345801 0.335315 0.324217 0.312576 0.300466 0.28796 0.275136 0.262072 0.248844 0.235532 0.22221 0.208953 0.195832 0.182915 0.170264 0.157939 0.145991 0.134469 0.123413 0.112859 0.102834 0.0933623 0.0844591 0.0761353 0.0683961 0.0612417 0.054668 0.048667 0.0432276 0.0383365 0.0339782 0.0301367 0.0267951 0.0239371 0.0215471 0.0196112 0.0181172 0.017055 0.0164184 
0.0175601 0.0177793 0.0184512 0.0195815 0.0211782 0.023252 0.0258159 0.0288851 0.0324759 0.0366056 0.0412916 0.0465509 0.0523992 0.0588499 0.0659142 0.0735993 0.0819087 0.0908406 0.100388 0.110539 0.121274 0.132568 0.144388 0.156697 0.169448 0.182591 0.196068 0.209816 0.223767 0.237849 0.251986 0.266099 0.280107 0.29393 0.307485 0.320691 0.333467 0.345736 0.357422 0.368454 0.378765 0.38829 0.396972 0.404757 0.4116 0.417458 0.422297 0.426087 0.428806 0.430437 0.430972 0.430406 0.428744 0.425995 0.422175 0.417308 0.411421 0.404552 0.396741 0.388036 0.37849 0.36816 0.357112 0.345412 0.333133 0.32035 0.30714 0.293585 0.279766 0.265765 0.251663 0.23754 0.223476 0.209546 0.195821 0.182369 0.169253 0.15653 0.14425 0.132458 0.121193 0.110486 0.100362 0.0908387 0.0819293 0.07364 0.0659721 0.0589221 0.0524825 0.0466422 0.0413876 0.0367031 0.0325721 0.0289771 0.0259013 0.0233283 0.0212437 0.0196345 0.0184906 0.017805 
0.0189758 0.0192119 0.0199341 0.0211484 0.0228633 0.0250899 0.0278417 0.0311345 0.0349854 0.0394121 0.0444327 0.0500644 0.0563233 0.0632229 0.0707741 0.0789836 0.0878541 0.0973827 0.107561 0.118375 0.129803 0.141816 0.154381 0.167455 0.180989 0.194927 0.209209 0.223767 0.238529 0.253417 0.268352 0.283251 0.298029 0.3126 0.326879 0.34078 0.354219 0.367117 0.379395 0.390978 0.401797 0.411788 0.420889 0.429048 0.436215 0.44235 0.447415 0.451382 0.454227 0.455934 0.456493 0.455901 0.454162 0.451285 0.447287 0.442191 0.436027 0.428831 0.420645 0.411518 0.401504 0.390664 0.379062 0.366769 0.353859 0.34041 0.326504 0.312224 0.297655 0.282884 0.267995 0.253074 0.238203 0.223462 0.208927 0.194671 0.180761 0.167256 0.154213 0.141679 0.129696 0.118298 0.107513 0.0973616 0.0878577 0.0790095 0.0708193 0.0632845 0.0563978 0.0501486 0.0445231 0.0395055 0.0350785 0.0312245 0.0279257 0.0251655 0.0229285 0.0212015 0.0199737 0.0192381 
0.020431 0.0206842 0.0214577 0.0227578 0.0245932 0.0269754 0.0299187 0.0334392 0.0375545 0.0422833 0.0476437 0.0536536 0.0603291 0.0676836 0.0757278 0.0844679 0.0939054 0.104037 0.114851 0.126333 0.138457 0.151195 0.164506 0.178347 0.192664 0.207398 0.222484 0.237849 0.253417 0.269107 0.284835 0.300512 0.316051 0.331361 0.346353 0.360938 0.37503 0.388545 0.401402 0.413524 0.424841 0.435285 0.444796 0.453317 0.460801 0.467203 0.472489 0.476627 0.479594 0.481374 0.481958 0.481341 0.479527 0.476526 0.472355 0.467037 0.460603 0.45309 0.444539 0.435001 0.424532 0.413192 0.401048 0.388174 0.374645 0.360542 0.34595 0.330955 0.315646 0.300112 0.284444 0.268729 0.253056 0.237508 0.222167 0.207108 0.192403 0.178117 0.164308 0.151029 0.138324 0.126231 0.11478 0.103995 0.093891 0.084478 0.0757594 0.0677336 0.0603939 0.0537299 0.0477278 0.0423717 0.037644 0.0335264 0.0300008 0.0270499 0.0246578 0.0228107 0.0214975 0.0207108 
0.0219181 0.0221888 0.0230144 0.0244014 0.0263589 0.0288989 0.032036 0.0357869 0.04017 0.0452041 0.050908 0.0572997 0.0643954 0.0722085 0.0807492 0.0900231 0.100031 0.110767 0.122219 0.13437 0.147192 0.160653 0.17471 0.189315 0.204412 0.219937 0.23582 0.251986 0.268352 0.284835 0.301344 0.317789 0.334076 0.350111 0.365803 0.381057 0.395787 0.409903 0.423324 0.435971 0.447771 0.458655 0.468562 0.477434 0.485223 0.491885 0.497382 0.501685 0.50477 0.506621 0.507228 0.506586 0.504701 0.501581 0.497243 0.491712 0.485018 0.477197 0.468294 0.458358 0.447447 0.435622 0.422952 0.409511 0.395378 0.380636 0.365372 0.349676 0.33364 0.317356 0.30092 0.284423 0.267957 0.25161 0.235469 0.219613 0.204117 0.189052 0.17448 0.160457 0.147031 0.134243 0.122125 0.110704 0.0999973 0.0900164 0.0807662 0.072246 0.0644497 0.0573672 0.050985 0.0452869 0.0402551 0.035871 0.0321158 0.0289718 0.0264225 0.0244538 0.0230541 0.0222157 
0.0234289 0.0237172 0.0245953 0.02607 0.0281506 0.0308495 0.0341818 0.0381648 0.0428171 0.0481582 0.0542072 0.0609822 0.0684995 0.0767723 0.0858102 0.0956182 0.106196 0.117536 0.129625 0.142442 0.155958 0.170137 0.184935 0.200298 0.216167 0.232474 0.249144 0.266099 0.283251 0.300512 0.317789 0.334985 0.352003 0.368747 0.38512 0.401027 0.416375 0.431075 0.445042 0.458196 0.470462 0.48177 0.492058 0.501268 0.509349 0.516259 0.521959 0.526421 0.529619 0.531537 0.532166 0.531502 0.529547 0.526314 0.521817 0.516082 0.509138 0.501023 0.491781 0.481462 0.470125 0.457832 0.444653 0.430664 0.415945 0.400582 0.384665 0.368285 0.351538 0.334522 0.317332 0.300067 0.282822 0.265689 0.248759 0.232115 0.215839 0.200003 0.184674 0.169912 0.155769 0.142288 0.129506 0.117451 0.106142 0.095594 0.0858119 0.0767964 0.0685424 0.0610402 0.0542764 0.0482348 0.0428973 0.0382451 0.0342589 0.0309205 0.028213 0.0261217 0.0246348 0.0237443 
0.0249543 0.0252604 0.0261912 0.0277537 0.0299576 0.0328156 0.0363434 0.0405585 0.0454802 0.0511281 0.0575217 0.0646793 0.0726171 0.081348 0.090881 0.10122 0.112364 0.124303 0.137024 0.150501 0.164704 0.179594 0.195122 0.211232 0.227861 0.244936 0.26238 0.280107 0.298029 0.316051 0.334076 0.352003 0.369733 0.387165 0.404198 0.420735 0.43668 0.451943 0.466436 0.480076 0.492789 0.504503 0.515155 0.524687 0.533048 0.540194 0.546088 0.5507 0.554005 0.555988 0.556638 0.555952 0.553932 0.550591 0.545943 0.540013 0.532832 0.524436 0.514871 0.504186 0.492441 0.479699 0.466032 0.451515 0.436232 0.420269 0.403719 0.386677 0.369241 0.351511 0.333589 0.315574 0.297567 0.279665 0.261961 0.244544 0.2275 0.210905 0.19483 0.179339 0.164487 0.150321 0.136881 0.124196 0.11229 0.101178 0.0908667 0.0813582 0.0726481 0.0647273 0.0575826 0.0511979 0.045555 0.0406346 0.0364173 0.0328843 0.0300184 0.0278045 0.0262303 0.0252876 
0.0264848 0.0268085 0.0277917 0.0294418 0.0317685 0.0347849 0.0385071 0.0429532 0.0481425 0.0540952 0.060831 0.0683681 0.0767227 0.0859073 0.0959304 0.106795 0.118498 0.131029 0.144371 0.158499 0.173378 0.188965 0.20521 0.222053 0.239425 0.257251 0.275449 0.29393 0.3126 0.331361 0.350111 0.368747 0.387165 0.40526 0.422929 0.440072 0.45659 0.472391 0.487386 0.501492 0.514631 0.526731 0.537729 0.547566 0.556191 0.563561 0.569638 0.574391 0.577798 0.579842 0.580512 0.579805 0.577725 0.574281 0.569491 0.563377 0.555971 0.54731 0.537438 0.526406 0.514273 0.501104 0.48697 0.471948 0.456124 0.439586 0.422428 0.404748 0.386647 0.368228 0.349595 0.330854 0.312107 0.293455 0.274997 0.256827 0.239031 0.221693 0.204887 0.188681 0.173132 0.158293 0.144204 0.130899 0.118404 0.106734 0.0958996 0.0859032 0.0767413 0.0684056 0.0608831 0.0541578 0.0482115 0.0430246 0.0385776 0.0348511 0.0318275 0.0294915 0.0278303 0.0268357 
0.0280099 0.0283511 0.0293864 0.031123 0.0335712 0.0367443 0.0406587 0.0453329 0.0507866 0.0570402 0.0641134 0.0720248 0.0807899 0.0904211 0.100926 0.112307 0.124559 0.13767 0.151622 0.166386 0.181925 0.198194 0.215138 0.232694 0.250789 0.269345 0.288275 0.307485 0.326879 0.346353 0.365803 0.38512 0.404198 0.422929 0.441207 0.458928 0.475993 0.492307 0.507779 0.522325 0.535867 0.548332 0.559656 0.569781 0.578655 0.586235 0.592484 0.597371 0.600873 0.602973 0.603662 0.602936 0.600799 0.59726 0.592336 0.58605 0.578434 0.569523 0.559362 0.548002 0.535503 0.521929 0.507352 0.491851 0.475512 0.458425 0.440686 0.422395 0.403656 0.384575 0.365259 0.345817 0.326355 0.306979 0.287791 0.268889 0.250364 0.232303 0.214785 0.19788 0.181652 0.166154 0.15143 0.137518 0.124444 0.112227 0.100878 0.0904022 0.0807958 0.0720512 0.0641563 0.0570951 0.0508493 0.0453994 0.0407253 0.0368076 0.0336282 0.0311714 0.0294243 0.0283784 
0.0295191 0.0298775 0.0309638 0.0327856 0.0353531 0.0386801 0.0427833 0.0476813 0.0533944 0.0599429 0.0673469 0.0756245 0.0847914 0.0948593 0.105835 0.117719 0.130507 0.144184 0.158729 0.174112 0.190292 0.207222 0.224843 0.243089 0.261883 0.281143 0.300778 0.320691 0.34078 0.360938 0.381057 0.401027 0.420735 0.440072 0.458928 0.477199 0.494782 0.51158 0.527503 0.542464 0.556385 0.569192 0.580822 0.591216 0.600323 0.608099 0.614507 0.619518 0.623109 0.625262 0.625969 0.625225 0.623035 0.619407 0.614359 0.607914 0.6001 0.590956 0.580525 0.568859 0.556015 0.54206 0.527067 0.511114 0.494288 0.476681 0.458391 0.439519 0.420172 0.400458 0.380489 0.360375 0.340228 0.320156 0.300265 0.280657 0.261428 0.242668 0.224461 0.20688 0.189991 0.173853 0.158513 0.144009 0.130371 0.117621 0.105771 0.0948255 0.0847843 0.0756398 0.0673802 0.0599899 0.0534506 0.0477427 0.0428458 0.0387404 0.035408 0.0328326 0.031001 0.0299047 
0.0310011 0.0313764 0.0325126 0.0344174 0.0371013 0.0405784 0.0448655 0.0499817 0.0559473 0.062783 0.0705087 0.0791425 0.0886997 0.0991915 0.110624 0.122997 0.136303 0.150527 0.165645 0.181625 0.198425 0.215991 0.234264 0.253173 0.272639 0.292574 0.312883 0.333467 0.354219 0.37503 0.395787 0.416375 0.43668 0.45659 0.475993 0.494782 0.512852 0.530106 0.546451 0.5618 0.576074 0.589201 0.601116 0.611759 0.621082 0.629039 0.635596 0.640721 0.644394 0.646596 0.647319 0.64656 0.644321 0.640612 0.635449 0.628855 0.62086 0.611499 0.600818 0.588866 0.575702 0.561392 0.546008 0.529631 0.512348 0.494251 0.475441 0.45602 0.436098 0.415785 0.395195 0.374442 0.353641 0.332905 0.312342 0.292058 0.272154 0.252724 0.233853 0.215621 0.198097 0.181341 0.165405 0.150329 0.136147 0.122879 0.110543 0.0991428 0.0886795 0.0791465 0.0705324 0.0628219 0.0559969 0.0500377 0.0449239 0.0406354 0.0371539 0.0344629 0.032549 0.0314035 
0.0324448 0.0328365 0.0340209 0.0360061 0.0388027 0.042425 0.04689 0.0522171 0.0584268 0.0655398 0.073576 0.0825535 0.092487 0.103387 0.115259 0.128102 0.141906 0.156656 0.172324 0.188877 0.206269 0.224445 0.24334 0.262882 0.282987 0.303564 0.324515 0.345736 0.367117 0.388545 0.409903 0.431075 0.451943 0.472391 0.492307 0.51158 0.530106 0.547784 0.564522 0.580232 0.594834 0.608256 0.620433 0.631307 0.640828 0.648953 0.655645 0.660876 0.664624 0.666871 0.66761 0.666835 0.664552 0.660768 0.6555 0.64877 0.640608 0.631049 0.620136 0.60792 0.59446 0.57982 0.564075 0.547303 0.529593 0.51104 0.491742 0.471806 0.451343 0.430465 0.40929 0.387934 0.366514 0.345148 0.323947 0.303021 0.282475 0.262405 0.242902 0.224048 0.205915 0.188568 0.172061 0.156437 0.14173 0.127966 0.115161 0.103324 0.0924538 0.0825462 0.0735901 0.0655706 0.0584697 0.0522677 0.046944 0.0424787 0.0388528 0.03605 0.0340564 0.0328633 
0.0338389 0.0342461 0.0354769 0.0375393 0.040444 0.0442056 0.0488413 0.0543706 0.0608141 0.0681927 0.0765262 0.0858324 0.0961258 0.107416 0.119708 0.132999 0.147279 0.162528 0.178721 0.195818 0.213772 0.232526 0.252012 0.272152 0.292862 0.314045 0.335602 0.357422 0.379395 0.401402 0.423324 0.445042 0.466436 0.487386 0.507779 0.527503 0.546451 0.564522 0.581622 0.597665 0.612569 0.626262 0.63868 0.649765 0.659467 0.667744 0.67456 0.679887 0.683702 0.685991 0.686743 0.685956 0.683632 0.679781 0.674417 0.667564 0.659249 0.649508 0.638384 0.625927 0.612195 0.597252 0.581172 0.564036 0.545932 0.526954 0.507204 0.486789 0.465821 0.444416 0.422692 0.40077 0.37877 0.35681 0.335009 0.313477 0.292324 0.271649 0.251547 0.232103 0.213394 0.195485 0.178435 0.162288 0.147083 0.132846 0.119594 0.107338 0.0960798 0.085814 0.0765307 0.0682154 0.0608502 0.0544156 0.0488909 0.0442559 0.0404917 0.0375815 0.0355115 0.0342728 
0.0351718 0.0355941 0.036869 0.0390047 0.0420122 0.0459061 0.050704 0.0564253 0.0630908 0.0707215 0.079337 0.0889548 0.0995891 0.111249 0.123938 0.137653 0.152381 0.168103 0.184789 0.202399 0.220883 0.240181 0.260221 0.280924 0.3022 0.323952 0.346074 0.368454 0.390978 0.413524 0.435971 0.458196 0.480076 0.501492 0.522325 0.542464 0.5618 0.580232 0.597665 0.614011 0.62919 0.64313 0.655767 0.667043 0.676909 0.685324 0.692252 0.697666 0.701543 0.703868 0.704633 0.703834 0.701474 0.697562 0.692112 0.685147 0.676695 0.66679 0.655474 0.642798 0.628817 0.613598 0.597213 0.579743 0.561276 0.541908 0.521741 0.500883 0.479449 0.457555 0.435322 0.412874 0.390333 0.367821 0.345458 0.32336 0.301638 0.280396 0.259732 0.239734 0.220482 0.202045 0.184482 0.167843 0.152167 0.137482 0.123809 0.111157 0.0995307 0.0889256 0.0793321 0.0707362 0.0631203 0.0564648 0.0507492 0.0459531 0.0420574 0.0390452 0.0369026 0.0356204 
0.0364327 0.036869 0.0381854 0.0403901 0.0434944 0.0475128 0.052463 0.0583648 0.065239 0.0731063 0.0819865 0.0918967 0.102851 0.114857 0.127918 0.142029 0.157177 0.173341 0.190488 0.208577 0.227554 0.247358 0.267914 0.28914 0.310942 0.33322 0.355866 0.378765 0.401797 0.424841 0.447771 0.470462 0.492789 0.514631 0.535867 0.556385 0.576074 0.594834 0.612569 0.62919 0.644618 0.658781 0.671615 0.683063 0.693077 0.701615 0.708644 0.714135 0.718067 0.720426 0.721202 0.720392 0.718 0.714033 0.708507 0.701442 0.692867 0.682814 0.671326 0.658452 0.644248 0.628779 0.612117 0.594344 0.575547 0.555824 0.535276 0.514013 0.49215 0.469807 0.447107 0.424174 0.401134 0.378111 0.355229 0.332606 0.310357 0.288589 0.267403 0.246889 0.227131 0.208201 0.190161 0.173062 0.156946 0.141842 0.127774 0.114752 0.10278 0.0918571 0.0819727 0.0731134 0.065262 0.0583991 0.052504 0.0475564 0.0435371 0.040429 0.038218 0.0368951 
