0.000897542 0.000909637 0.000950442 0.00102062 0.00112112 0.00125327 0.00141871 0.00161942 0.00185765 0.0021359 0.00245684 0.0028233 0.00323819 0.00370442 0.00422486 0.00480224 0.00543909 0.00613766 0.00689979 0.00772692 0.00861992 0.00957905 0.0106039 0.0116934 0.0128454 0.0140573 0.0153253 0.0166449 0.0180107 0.0194161 0.0208541 0.0223166 0.0237949 0.0252794 0.0267602 0.0282267 0.029668 0.0310731 0.0324308 0.0337298 0.0349593 0.0361086 0.0371677 0.0381269 0.0389777 0.0397121 0.0403233 0.0408055 0.0411543 0.0413662 0.0414393 0.0413729 0.0411677 0.0408256 0.04035 0.0397453 0.0390174 0.0381729 0.0372198 0.0361667 0.0350231 0.0337991 0.0325052 0.0311525 0.029752 0.0283148 0.0268521 0.0253747 0.0238931 0.0224173 0.0209567 0.0195201 0.0181155 0.0167502 0.0154304 0.0141617 0.0129486 0.0117948 0.0107032 0.00967567 0.0087135 0.00781709 0.00698621 0.00622003 0.00551716 0.0048758 0.00429374 0.00376849 0.00329736 0.00287751 0.00250607 0.00218014 0.00189692 0.00165375 0.00144815 0.00127787 0.00114095 0.00103572 0.000960861 0.000915504 
0.000909637 0.00092191 0.000963284 0.00103443 0.00113631 0.00127026 0.00143796 0.00164139 0.00188285 0.00216485 0.00249012 0.00286149 0.00328192 0.00375436 0.0042817 0.0048667 0.00551192 0.00621962 0.00699168 0.00782951 0.00873401 0.00970543 0.0107434 0.0118466 0.0130132 0.0142402 0.015524 0.01686 0.0182425 0.0196651 0.0211206 0.0226008 0.0240968 0.0255991 0.0270975 0.0285813 0.0300396 0.0314612 0.0328346 0.0341487 0.0353924 0.0365549 0.0376261 0.0385963 0.0394567 0.0401994 0.0408175 0.0413052 0.0416578 0.0418721 0.041946 0.0418788 0.0416712 0.0413252 0.0408441 0.0402325 0.0394962 0.038642 0.037678 0.0366127 0.0354559 0.0342177 0.0329088 0.0315403 0.0301233 0.0286693 0.0271893 0.0256943 0.024195 0.0227014 0.0212232 0.0197691 0.0183474 0.0169653 0.0156292 0.0143447 0.0131165 0.0119483 0.0108429 0.00980234 0.0088279 0.00792001 0.00707844 0.00630235 0.00559036 0.00494063 0.00435094 0.00381879 0.00334144 0.00291603 0.00253965 0.00220938 0.00192238 0.00167596 0.0014676 0.00129504 0.00115628 0.00104964 0.000973781 0.000927823 
0.000950442 0.000963284 0.00100646 0.00108068 0.00118692 0.00132658 0.00150139 0.00171341 0.001965 0.00225877 0.00259753 0.00298422 0.00342188 0.00391355 0.00446221 0.0050707 0.00574164 0.00647735 0.00727973 0.00815023 0.00908972 0.0100984 0.0111759 0.0123209 0.0135312 0.0148039 0.0161352 0.0175201 0.018953 0.020427 0.0219347 0.0234676 0.0250165 0.0265715 0.0281222 0.0296575 0.031166 0.0326362 0.0340565 0.0354151 0.0367007 0.0379022 0.0390091 0.0400116 0.0409005 0.0416677 0.0423061 0.0428097 0.0431738 0.043395 0.0434712 0.0434016 0.043187 0.0428294 0.0423322 0.0417002 0.0409393 0.0400566 0.0390602 0.0379592 0.0367634 0.0354832 0.0341298 0.0327146 0.0312489 0.0297447 0.0282133 0.0266661 0.0251141 0.0235678 0.022037 0.0205308 0.0190578 0.0176255 0.0162406 0.0149088 0.013635 0.0124231 0.0112761 0.0101961 0.00918445 0.00824163 0.00736745 0.00656107 0.0058211 0.00514566 0.00453248 0.00397899 0.00348238 0.00303971 0.00264796 0.00230414 0.0020053 0.00174867 0.00153165 0.00135189 0.00120732 0.00109622 0.0010172 0.000969336 
0.00102062 0.00103443 0.00108068 0.0011601 0.00127375 0.00142309 0.00160995 0.00183651 0.00210527 0.00241896 0.00278055 0.00319313 0.00365989 0.00418403 0.00476865 0.00541673 0.006131 0.00691384 0.00776723 0.00869264 0.00969091 0.0107622 0.0119061 0.0131209 0.0144046 0.0157539 0.0171645 0.0186314 0.0201484 0.0217083 0.0233032 0.0249241 0.0265613 0.0282043 0.0298422 0.0314632 0.0330554 0.0346068 0.0361049 0.0375376 0.038893 0.0401594 0.0413258 0.0423819 0.0433182 0.0441262 0.0447983 0.0453285 0.0457117 0.0459443 0.0460242 0.0459507 0.0457244 0.0453476 0.0448237 0.0441578 0.043356 0.0424258 0.0413756 0.040215 0.0389542 0.0376043 0.0361768 0.0346836 0.033137 0.0315491 0.0299321 0.0282979 0.026658 0.0250235 0.0234049 0.0218118 0.0202531 0.0187369 0.0172702 0.0158592 0.0145091 0.013224 0.0120073 0.0108611 0.00978696 0.00878547 0.00785648 0.00699917 0.00621211 0.00549337 0.00484061 0.00425113 0.00372202 0.00325018 0.00283247 0.00246571 0.00214685 0.00187293 0.00164123 0.00144926 0.00129487 0.0011762 0.00109181 0.00104072 
0.00112112 0.00113631 0.00118692 0.00127375 0.00139793 0.00156102 0.00176501 0.00201223 0.00230535 0.00264732 0.00304129 0.00349058 0.00399858 0.0045687 0.00520425 0.00590836 0.00668391 0.00753339 0.00845886 0.00946181 0.0105431 0.0117028 0.0129401 0.0142536 0.0156406 0.0170977 0.0186201 0.0202023 0.0218376 0.0235183 0.0252357 0.0269803 0.0287415 0.0305081 0.0322683 0.0340096 0.0357193 0.0373844 0.0389917 0.0405283 0.0419814 0.0433387 0.0445885 0.0457198 0.0467224 0.0475874 0.0483068 0.0488741 0.049284 0.0495327 0.0496178 0.0495387 0.0492961 0.0488923 0.0483311 0.0476176 0.0467586 0.0457618 0.0446363 0.0433922 0.0420405 0.0405928 0.0390614 0.0374591 0.0357988 0.0340936 0.0323564 0.0306 0.0288368 0.0270785 0.0253365 0.0236211 0.0219419 0.0203077 0.0187259 0.0172035 0.0157459 0.0143577 0.0130426 0.0118031 0.0106409 0.00955655 0.00855016 0.00762087 0.00676725 0.00598728 0.0052785 0.00463808 0.00406293 0.00354977 0.00309525 0.00269598 0.00234869 0.00205024 0.0017977 0.00158841 0.00142004 0.00129063 0.0011986 0.00114292 
0.00125327 0.00127026 0.00132658 0.00142309 0.00156102 0.0017421 0.00196846 0.00224265 0.00256758 0.00294643 0.00338264 0.00387979 0.00444155 0.00507157 0.00577342 0.00655044 0.0074057 0.00834183 0.00936097 0.0104646 0.0116536 0.012928 0.0142867 0.015728 0.017249 0.0188456 0.0205127 0.0222441 0.0240325 0.0258694 0.0277452 0.0296495 0.0315709 0.033497 0.0354151 0.0373116 0.0391728 0.0409845 0.0427325 0.044403 0.045982 0.0474564 0.0488135 0.0500414 0.0511295 0.0520679 0.0528481 0.0534632 0.0539074 0.0541767 0.0542687 0.0541824 0.0539188 0.0534802 0.0528709 0.0520963 0.0511635 0.0500811 0.0488587 0.0475071 0.0460382 0.0444645 0.0427993 0.0410562 0.0392494 0.0373928 0.0355006 0.0335866 0.0316641 0.029746 0.0278446 0.0259712 0.0241362 0.0223492 0.0206186 0.0189518 0.017355 0.0158333 0.0143907 0.0130301 0.0117535 0.0105617 0.00945475 0.00843195 0.00749178 0.00663217 0.00585051 0.00514378 0.00450867 0.00394168 0.00343916 0.0029975 0.00261314 0.00228267 0.00200292 0.00177101 0.0015844 0.00144095 0.00133896 0.00127729 
0.00141871 0.00143796 0.00150139 0.00160995 0.00176501 0.00196846 0.00222265 0.00253039 0.00289485 0.00331955 0.00380822 0.00436479 0.00499326 0.00569759 0.00648163 0.00734901 0.008303 0.00934639 0.0104814 0.0117097 0.0130318 0.0144478 0.0159564 0.0175554 0.0192416 0.0210102 0.0228557 0.0247709 0.0267478 0.0287768 0.0308474 0.0329481 0.0350662 0.0371883 0.0393002 0.0413873 0.0434342 0.0454257 0.0473463 0.0491807 0.050914 0.0525318 0.0540203 0.0553667 0.0565592 0.0575874 0.0584421 0.0591156 0.0596018 0.0598963 0.0599965 0.0599015 0.0596122 0.0591312 0.0584629 0.0576135 0.0565906 0.0554033 0.0540622 0.052579 0.0509665 0.0492384 0.0474091 0.0454936 0.043507 0.0414649 0.0393824 0.0372747 0.0351566 0.0330422 0.0309447 0.0288769 0.0268503 0.0248753 0.0229614 0.0211167 0.0193483 0.0176619 0.0160619 0.0145519 0.0131339 0.0118093 0.010578 0.00943954 0.00839226 0.00743403 0.00656206 0.00577313 0.00506367 0.00442987 0.0038678 0.00337349 0.00294307 0.00257282 0.00225925 0.00199921 0.00178991 0.001629 0.00151461 0.00144549 
0.00161942 0.00164139 0.00171341 0.00183651 0.00201223 0.00224265 0.00253039 0.00287854 0.00329062 0.0037705 0.0043223 0.00495034 0.00565899 0.00645259 0.00733534 0.00831116 0.00938356 0.0105555 0.0118295 0.0132068 0.0146884 0.0162737 0.0179615 0.019749 0.0216323 0.0236063 0.0256644 0.0277988 0.0300001 0.0322579 0.0345604 0.0368946 0.0392467 0.0416016 0.0439437 0.0462569 0.0485243 0.050729 0.0528542 0.054883 0.0567991 0.0585867 0.0602308 0.0617173 0.0630336 0.0641681 0.0651108 0.0658534 0.0663893 0.0667136 0.0668236 0.0667182 0.0663984 0.0658672 0.0651292 0.0641912 0.0630616 0.0617502 0.0602685 0.0586294 0.0568469 0.0549359 0.0529122 0.0507921 0.0485923 0.0463298 0.0440215 0.0416839 0.0393333 0.0369853 0.0346548 0.0323557 0.0301008 0.0279018 0.0257694 0.0237127 0.0217394 0.0198563 0.0180684 0.0163797 0.0147928 0.0133091 0.0119291 0.010652 0.00947634 0.00839983 0.0074195 0.00653189 0.00573312 0.00501904 0.00438536 0.00382773 0.00334189 0.00292374 0.00256945 0.00227553 0.00203889 0.00185694 0.00172761 0.00164951 
0.00185765 0.00188285 0.001965 0.00210527 0.00230535 0.00256758 0.00289485 0.00329062 0.00375878 0.00430362 0.0049297 0.00564178 0.00644468 0.00734315 0.00834178 0.00944483 0.0106561 0.0119788 0.0134153 0.0149672 0.0166352 0.0184185 0.0203155 0.022323 0.0244364 0.0266498 0.0289558 0.0313452 0.0338078 0.0363317 0.0389037 0.0415093 0.0441329 0.046758 0.0493672 0.0519424 0.0544653 0.056917 0.059279 0.0615327 0.0636602 0.0656441 0.067468 0.0691166 0.0705757 0.0718329 0.0728773 0.0736997 0.0742929 0.0746516 0.0747729 0.0746555 0.0743005 0.0737113 0.0728929 0.0718526 0.0705996 0.0691448 0.0675007 0.0656815 0.0637023 0.0615797 0.0593309 0.056974 0.0545273 0.0520096 0.0494393 0.0468351 0.0442147 0.0415956 0.0389943 0.0364262 0.0339058 0.0314463 0.0290594 0.0267555 0.0245435 0.0224309 0.0204237 0.0185263 0.0167419 0.0150723 0.013518 0.0120787 0.0107526 0.00953742 0.00842999 0.00742655 0.00652289 0.00571449 0.00499662 0.00436451 0.00381346 0.00333893 0.00293668 0.00260284 0.00233399 0.00212725 0.00198031 0.00189164 
0.0021359 0.00216485 0.00225877 0.00241896 0.00264732 0.00294643 0.00331955 0.0037705 0.00430362 0.00492367 0.00563571 0.00644498 0.0073568 0.00837641 0.00950882 0.0107586 0.01213 0.0136263 0.01525 0.0170028 0.0188851 0.0208959 0.0230331 0.025293 0.0276702 0.030158 0.0327476 0.035429 0.0381903 0.0410182 0.0438978 0.0468131 0.0497464 0.0526795 0.0555928 0.0584664 0.0612799 0.0640125 0.0666436 0.0691529 0.0715205 0.0737272 0.0757552 0.0775874 0.0792086 0.080605 0.0817645 0.0826773 0.0833354 0.0837332 0.0838671 0.0837361 0.0833414 0.0826863 0.0817767 0.0806205 0.0792277 0.0776102 0.0757819 0.0737581 0.0715557 0.0691927 0.0666883 0.0640621 0.0613346 0.0585264 0.055658 0.0527499 0.0498221 0.0468938 0.0439834 0.0411083 0.0382846 0.035527 0.032849 0.0302621 0.0277766 0.025401 0.023142 0.0210051 0.0189938 0.0171104 0.0153558 0.0137296 0.0122303 0.0108553 0.00960127 0.00846415 0.00743938 0.00652199 0.00570679 0.00498853 0.00436201 0.0038222 0.0033644 0.00298431 0.00267813 0.00244265 0.0022753 0.00217438 
0.00245684 0.00249012 0.00259753 0.00278055 0.00304129 0.00338264 0.00380822 0.0043223 0.0049297 0.00563571 0.00644592 0.00736614 0.00840222 0.00955993 0.0108447 0.0122617 0.0138151 0.0155087 0.0173452 0.019326 0.0214513 0.02372 0.0261293 0.0286748 0.0313504 0.0341481 0.037058 0.0400688 0.0431669 0.0463373 0.0495634 0.052827 0.0561086 0.0593876 0.0626424 0.0658509 0.0689903 0.0720377 0.0749703 0.0777657 0.0804019 0.0828579 0.085114 0.0871516 0.0889538 0.0905056 0.0917938 0.0928075 0.0935381 0.0939793 0.0941275 0.0939812 0.093542 0.0928135 0.091802 0.0905162 0.0889672 0.087168 0.0851336 0.0828812 0.080429 0.0777971 0.0750063 0.0720785 0.0690363 0.0659022 0.0626993 0.05945 0.0561767 0.0529007 0.0496425 0.0464217 0.0432562 0.0401627 0.0371561 0.0342498 0.0314552 0.0287821 0.0262383 0.02383 0.0215616 0.0194358 0.0174538 0.0156155 0.0139192 0.0123624 0.0109415 0.00965215 0.00848934 0.00744765 0.0065214 0.00570478 0.00499205 0.00437764 0.00385633 0.00342334 0.00307446 0.00280609 0.00261539 0.00250045 
0.0028233 0.00286149 0.00298422 0.00319313 0.00349058 0.00387979 0.00436479 0.00495034 0.00564178 0.00644498 0.00736614 0.00841166 0.009588 0.0109015 0.012358 0.0139631 0.0157215 0.0176371 0.0197125 0.0219492 0.0243473 0.026905 0.0296191 0.0324843 0.0354934 0.0386373 0.041905 0.0452831 0.0487566 0.0523086 0.0559202 0.0595711 0.0632397 0.0669028 0.0705366 0.0741163 0.0776168 0.0810128 0.0842791 0.0873909 0.0903241 0.0930557 0.0955637 0.097828 0.09983 0.101553 0.102983 0.104108 0.104919 0.105408 0.105572 0.105409 0.10492 0.104111 0.102987 0.101558 0.0998368 0.0978369 0.0955752 0.09307 0.0903419 0.0874125 0.084305 0.0810434 0.0776524 0.0741573 0.0705833 0.0669555 0.0632985 0.0596361 0.0559913 0.0523857 0.0488396 0.0453715 0.0419985 0.0387355 0.0355955 0.0325898 0.0297273 0.0270151 0.0244585 0.0220608 0.0198236 0.0177468 0.0158292 0.0140678 0.0124591 0.0109982 0.00967973 0.00849781 0.00744618 0.00651844 0.00570827 0.00500949 0.00441634 0.00392349 0.00352625 0.00322065 0.00300351 0.00287269 
0.00323819 0.00328192 0.00342188 0.00365989 0.00399858 0.00444155 0.00499326 0.00565899 0.00644468 0.0073568 0.00840222 0.009588 0.0109212 0.0124087 0.0140571 0.0158723 0.0178592 0.020022 0.0223635 0.0248849 0.027586 0.0304647 0.0335168 0.0367364 0.040115 0.0436421 0.0473052 0.0510891 0.054977 0.0589496 0.0629861 0.0670635 0.0711577 0.0752431 0.0792931 0.0832804 0.087177 0.0909551 0.0945869 0.0980451 0.101303 0.104336 0.107119 0.109631 0.111851 0.113762 0.115347 0.116593 0.117491 0.118032 0.118213 0.118032 0.11749 0.116592 0.115345 0.113761 0.111851 0.109632 0.107121 0.10434 0.10131 0.0980553 0.094601 0.0909736 0.0872005 0.0833093 0.079328 0.0752843 0.0712055 0.067118 0.0630474 0.0590178 0.0550519 0.0511705 0.0473926 0.0437352 0.0402132 0.036839 0.0336232 0.030574 0.0276974 0.0249975 0.0224764 0.0201343 0.01797 0.0159807 0.0141623 0.0125099 0.0110175 0.0096788 0.00848688 0.00743475 0.00651542 0.0057221 0.00504837 0.00448837 0.00403688 0.00368949 0.00344267 0.00329405 
0.00370442 0.00375436 0.00391355 0.00418403 0.0045687 0.00507157 0.00569759 0.00645259 0.00734315 0.00837641 0.00955993 0.0109015 0.0124087 0.0140893 0.0159503 0.0179979 0.0202376 0.0226737 0.025309 0.0281445 0.0311797 0.0344118 0.037836 0.041445 0.0452294 0.0491771 0.0532736 0.0575021 0.0618434 0.066276 0.0707764 0.0753194 0.0798778 0.0844233 0.0889264 0.0933569 0.0976841 0.101877 0.105906 0.10974 0.11335 0.116709 0.119791 0.122571 0.125027 0.12714 0.128892 0.13027 0.131261 0.131859 0.132058 0.131857 0.131257 0.130264 0.128885 0.127131 0.125018 0.122562 0.119782 0.116702 0.113345 0.109737 0.105906 0.101882 0.0976937 0.0933719 0.0889475 0.0844509 0.0799125 0.0753614 0.0708261 0.0663333 0.0619083 0.0575745 0.0533533 0.0492636 0.0453222 0.0415435 0.0379393 0.0345192 0.0312903 0.0282573 0.025423 0.022788 0.0203511 0.0181096 0.0160592 0.0141946 0.0125095 0.0109968 0.00964918 0.00845886 0.0074182 0.00651972 0.00575635 0.0051216 0.00460971 0.00421578 0.0039359 0.00376746 
0.00422486 0.0042817 0.00446221 0.00476865 0.00520425 0.00577342 0.00648163 0.00733534 0.00834178 0.00950882 0.0108447 0.012358 0.0140571 0.0159503 0.018045 0.0203482 0.0228656 0.0256016 0.0285589 0.0317385 0.0351392 0.0387577 0.0425882 0.0466223 0.050849 0.0552546 0.0598227 0.0645344 0.069368 0.0742997 0.0793031 0.0843501 0.0894107 0.0944535 0.099446 0.104355 0.109146 0.113786 0.118242 0.12248 0.126469 0.130179 0.133581 0.136648 0.139358 0.141688 0.143619 0.145138 0.14623 0.146889 0.147107 0.146885 0.146223 0.145127 0.143606 0.141671 0.13934 0.136629 0.133561 0.130159 0.12645 0.122463 0.118228 0.113776 0.10914 0.104354 0.0994512 0.0944656 0.0894303 0.0843776 0.0793389 0.0743441 0.0694211 0.0645961 0.0598928 0.0553327 0.0509346 0.0467149 0.042687 0.0388619 0.0352477 0.0318504 0.0286731 0.025717 0.0229811 0.0204627 0.0181573 0.0160594 0.014162 0.0124578 0.0109384 0.0095957 0.00842112 0.00740651 0.00654408 0.0058267 0.00524801 0.00480261 0.00448617 0.00429581 
0.00480224 0.0048667 0.0050707 0.00541673 0.00590836 0.00655044 0.00734901 0.00831116 0.00944483 0.0107586 0.0122617 0.0139631 0.0158723 0.0179979 0.0203482 0.0229305 0.0257508 0.0288136 0.0321217 0.0356756 0.0394737 0.0435118 0.047783 0.0522777 0.0569833 0.0618841 0.0669618 0.072195 0.0775595 0.0830287 0.0885733 0.0941622 0.0997622 0.105339 0.110856 0.116277 0.121565 0.126683 0.131595 0.136265 0.140658 0.144742 0.148485 0.151859 0.154837 0.157398 0.159521 0.161188 0.162388 0.163111 0.163351 0.163105 0.162377 0.161172 0.1595 0.157373 0.154809 0.151827 0.148451 0.144707 0.140624 0.136232 0.131564 0.126655 0.121541 0.116258 0.110843 0.105333 0.0997645 0.094173 0.0885932 0.083058 0.0775985 0.0722438 0.0670202 0.0619519 0.05706 0.0523628 0.0478757 0.0436112 0.0395788 0.0357854 0.032235 0.0289292 0.0258675 0.023047 0.0204633 0.0181103 0.0159809 0.014067 0.0123596 0.0108498 0.00952835 0.0083863 0.00741512 0.00660698 0.00595489 0.00545292 0.00509629 0.00488185 
0.00543909 0.00551192 0.00574164 0.006131 0.00668391 0.0074057 0.008303 0.00938356 0.0106561 0.01213 0.0138151 0.0157215 0.0178592 0.0202376 0.0228656 0.0257508 0.0288996 0.0323165 0.0360042 0.0399628 0.04419 0.0486809 0.0534272 0.0584179 0.0636385 0.0690716 0.0746962 0.0804886 0.0864218 0.0924661 0.0985893 0.104757 0.110932 0.117077 0.123153 0.129119 0.134935 0.140561 0.145957 0.151084 0.155905 0.160384 0.164488 0.168186 0.171449 0.174254 0.176578 0.178404 0.179717 0.180507 0.180769 0.1805 0.179702 0.178382 0.17655 0.17422 0.17141 0.168142 0.164441 0.160335 0.155854 0.151033 0.145907 0.140514 0.134891 0.12908 0.12312 0.117052 0.110915 0.104749 0.0985909 0.0924781 0.0864445 0.0805222 0.0747408 0.0691269 0.0637043 0.0584935 0.0535119 0.0487738 0.0442902 0.040069 0.0361153 0.0324312 0.0290164 0.0258685 0.0229827 0.0203528 0.0179712 0.0158291 0.013917 0.0122252 0.0107436 0.00946255 0.00837268 0.00746544 0.00673318 0.0061694 0.00576888 0.00552813 
0.00613766 0.00621962 0.00647735 0.00691384 0.00753339 0.00834183 0.00934639 0.0105555 0.0119788 0.0136263 0.0155087 0.0176371 0.020022 0.0226737 0.0256016 0.0288136 0.0323165 0.0361148 0.0402109 0.0446045 0.0492925 0.054269 0.0595243 0.0650458 0.0708172 0.0768185 0.0830267 0.0894149 0.0959534 0.102609 0.109347 0.116128 0.122913 0.129661 0.136327 0.142869 0.149242 0.155403 0.161309 0.166918 0.172189 0.177084 0.181567 0.185605 0.189167 0.192228 0.194763 0.196754 0.198185 0.199047 0.199331 0.199037 0.198166 0.196726 0.194727 0.192184 0.189116 0.185548 0.181505 0.177018 0.172121 0.166848 0.16124 0.155335 0.149177 0.142808 0.136272 0.129613 0.122875 0.116099 0.109328 0.102602 0.0959575 0.0894312 0.0830552 0.0768593 0.0708699 0.06511 0.0595992 0.0543537 0.0493861 0.0447057 0.0403184 0.0362273 0.0324324 0.0289315 0.0257198 0.0227909 0.0201367 0.0177478 0.0156142 0.0137252 0.01207 0.0106382 0.00941951 0.00840468 0.00758535 0.00695443 0.00650621 0.0062369 
0.00689979 0.00699168 0.00727973 0.00776723 0.00845886 0.00936097 0.0104814 0.0118295 0.0134153 0.01525 0.0173452 0.0197125 0.0223635 0.025309 0.0285589 0.0321217 0.0360042 0.0402109 0.0447439 0.0496023 0.0547823 0.0602766 0.0660742 0.0721605 0.0785172 0.085122 0.0919489 0.0989683 0.106147 0.113449 0.120836 0.128264 0.135692 0.143072 0.15036 0.157506 0.164464 0.171186 0.177626 0.183738 0.18948 0.194809 0.199688 0.20408 0.207954 0.21128 0.214035 0.216198 0.217753 0.218688 0.218997 0.218677 0.21773 0.216164 0.21399 0.211226 0.20789 0.204008 0.199609 0.194725 0.189392 0.183648 0.177535 0.171096 0.164376 0.157422 0.150281 0.143001 0.135629 0.128212 0.120794 0.11342 0.10613 0.0989648 0.0919591 0.0851459 0.0785546 0.0722111 0.0661372 0.0603512 0.0548675 0.0496968 0.0448463 0.0403197 0.0361179 0.0322386 0.0286773 0.0254273 0.0224801 0.0198258 0.0174536 0.0153522 0.01351 0.0119155 0.0105578 0.00942678 0.0085134 0.00780994 0.00731019 0.00701002 
0.00772692 0.00782951 0.00815023 0.00869264 0.00946181 0.0104646 0.0117097 0.0132068 0.0149672 0.0170028 0.019326 0.0219492 0.0248849 0.0281445 0.0317385 0.0356756 0.0399628 0.0446045 0.0496023 0.0549549 0.0606572 0.0667006 0.0730726 0.0797565 0.0867318 0.0939735 0.101453 0.109137 0.11699 0.124971 0.133038 0.141145 0.149245 0.157288 0.165224 0.173001 0.180568 0.187874 0.194869 0.201505 0.207735 0.213515 0.218803 0.223563 0.227759 0.231361 0.234343 0.236684 0.238366 0.239378 0.239711 0.239364 0.238339 0.236643 0.23429 0.231295 0.227682 0.223476 0.218708 0.213412 0.207627 0.201393 0.194755 0.18776 0.180455 0.172891 0.165119 0.157191 0.149156 0.141067 0.132971 0.124917 0.11695 0.109111 0.101442 0.0939783 0.0867517 0.0797913 0.0731216 0.0667631 0.060732 0.0550409 0.049698 0.0447082 0.0400729 0.0357904 0.031856 0.028263 0.0250026 0.0220644 0.0194368 0.0171078 0.015065 0.013296 0.011789 0.0105332 0.0095188 0.00873738 0.00818224 0.00784891 
0.00861992 0.00873401 0.00908972 0.00969091 0.0105431 0.0116536 0.0130318 0.0146884 0.0166352 0.0188851 0.0214513 0.0243473 0.027586 0.0311797 0.0351392 0.0394737 0.04419 0.0492925 0.0547823 0.0606572 0.0669109 0.0735335 0.0805106 0.0878235 0.0954489 0.103359 0.111523 0.119903 0.12846 0.13715 0.145928 0.154742 0.163542 0.172273 0.180882 0.189314 0.197512 0.205422 0.212992 0.220168 0.226902 0.233146 0.238857 0.243994 0.248522 0.252407 0.255623 0.258147 0.25996 0.26105 0.261409 0.261034 0.259928 0.258099 0.255561 0.252331 0.248432 0.243893 0.238745 0.233025 0.226773 0.220034 0.212854 0.205283 0.197373 0.189177 0.180751 0.172149 0.163425 0.154636 0.145834 0.13707 0.128394 0.119853 0.111489 0.103343 0.0954491 0.0878403 0.0805436 0.0735819 0.0669736 0.0607328 0.0548696 0.0493896 0.0442952 0.039585 0.0352547 0.0312974 0.0277039 0.0244635 0.0215639 0.0189923 0.0167354 0.0147802 0.0131139 0.0117248 0.0106023 0.00973756 0.0091232 0.00875444 
0.00957905 0.00970543 0.0100984 0.0107622 0.0117028 0.012928 0.0144478 0.0162737 0.0184185 0.0208959 0.02372 0.026905 0.0304647 0.0344118 0.0387577 0.0435118 0.0486809 0.054269 0.0602766 0.0667006 0.0735335 0.0807638 0.0883749 0.0963459 0.104651 0.113259 0.122136 0.131241 0.140531 0.149958 0.159472 0.169019 0.178543 0.187986 0.19729 0.206396 0.215244 0.223776 0.231935 0.239666 0.246917 0.253637 0.25978 0.265304 0.27017 0.274345 0.2778 0.28051 0.282456 0.283626 0.284011 0.283608 0.28242 0.280455 0.277728 0.274257 0.270067 0.265187 0.25965 0.253496 0.246767 0.239509 0.231773 0.223611 0.215078 0.206232 0.19713 0.187832 0.178397 0.168884 0.159349 0.14985 0.140438 0.131165 0.122077 0.113219 0.104629 0.0963426 0.0883897 0.0807959 0.073582 0.0667641 0.0603536 0.0543578 0.0487795 0.0436183 0.0388699 0.0345276 0.0305818 0.0270214 0.0238336 0.0210048 0.0185208 0.0163678 0.0145322 0.0130014 0.0117641 0.0108107 0.0101333 0.00972685 
0.0106039 0.0107434 0.0111759 0.0119061 0.0129401 0.0142867 0.0159564 0.0179615 0.0203155 0.0230331 0.0261293 0.0296191 0.0335168 0.037836 0.0425882 0.047783 0.0534272 0.0595243 0.0660742 0.0730726 0.0805106 0.0883749 0.0966469 0.105303 0.114314 0.123648 0.133264 0.14312 0.153167 0.163356 0.17363 0.183931 0.1942 0.204375 0.214392 0.224189 0.233702 0.24287 0.251632 0.259929 0.267706 0.27491 0.281493 0.28741 0.29262 0.297089 0.300785 0.303684 0.305766 0.307017 0.307427 0.306996 0.305725 0.303623 0.300704 0.296989 0.292503 0.287276 0.281345 0.274749 0.267534 0.259748 0.251444 0.242678 0.233509 0.223996 0.214202 0.20419 0.194024 0.183765 0.173476 0.163217 0.153045 0.143015 0.133178 0.123582 0.114269 0.105277 0.0966414 0.0883888 0.0805429 0.073122 0.0661392 0.0596031 0.0535178 0.0478832 0.0426958 0.0379486 0.0336322 0.0297348 0.0262431 0.0231429 0.0204192 0.0180573 0.0160427 0.014362 0.0130033 0.0119561 0.0112121 0.0107657 
0.0116934 0.0118466 0.0123209 0.0131209 0.0142536 0.015728 0.0175554 0.019749 0.022323 0.025293 0.0286748 0.0324843 0.0367364 0.041445 0.0466223 0.0522777 0.0584179 0.0650458 0.0721605 0.0797565 0.0878235 0.0963459 0.105303 0.114668 0.124411 0.134492 0.144871 0.1555 0.166328 0.177298 0.188352 0.199426 0.210458 0.221379 0.232124 0.242626 0.252816 0.262629 0.272002 0.280873 0.289183 0.296878 0.303905 0.310218 0.315776 0.320541 0.324481 0.32757 0.329788 0.331121 0.331558 0.331098 0.329743 0.327502 0.324391 0.32043 0.315645 0.310069 0.303739 0.296697 0.288989 0.280669 0.271789 0.26241 0.252593 0.242402 0.231903 0.221163 0.210249 0.199228 0.188166 0.177127 0.166174 0.155365 0.144756 0.134399 0.124339 0.114619 0.105275 0.0963396 0.0878377 0.07979 0.0722118 0.065113 0.0584988 0.0523702 0.0467239 0.0415533 0.0368488 0.0325982 0.028788 0.0254029 0.0224275 0.019846 0.0176432 0.0158049 0.0143183 0.0131724 0.0123582 0.0118699 
0.0128454 0.0130132 0.0135312 0.0144046 0.0156406 0.017249 0.0192416 0.0216323 0.0244364 0.0276702 0.0313504 0.0354934 0.040115 0.0452294 0.050849 0.0569833 0.0636385 0.0708172 0.0785172 0.0867318 0.0954489 0.104651 0.114314 0.124411 0.134904 0.145755 0.156916 0.168338 0.179963 0.191732 0.20358 0.215443 0.22725 0.23893 0.250414 0.261628 0.272503 0.282969 0.292959 0.302408 0.311255 0.319442 0.326916 0.333627 0.339533 0.344595 0.348779 0.352059 0.354413 0.355827 0.356291 0.355802 0.354363 0.351984 0.34868 0.344473 0.339389 0.333463 0.326733 0.319242 0.31104 0.30218 0.292721 0.282723 0.272252 0.261375 0.250161 0.238682 0.227008 0.215211 0.203361 0.191528 0.179776 0.168171 0.156771 0.145632 0.134804 0.124335 0.114262 0.104622 0.0954431 0.0867476 0.0785529 0.070871 0.0637083 0.0570666 0.0509433 0.0453321 0.0402233 0.0356047 0.031462 0.0277796 0.0245411 0.02173 0.0193304 0.0173271 0.0157066 0.0144572 0.0135695 0.0130373 
0.0140573 0.0142402 0.0148039 0.0157539 0.0170977 0.0188456 0.0210102 0.0236063 0.0266498 0.030158 0.0341481 0.0386373 0.0436421 0.0491771 0.0552546 0.0618841 0.0690716 0.0768185 0.085122 0.0939735 0.103359 0.113259 0.123648 0.134492 0.145755 0.157391 0.169351 0.18158 0.194016 0.206596 0.219252 0.231912 0.244504 0.256951 0.269179 0.281112 0.292676 0.303797 0.314406 0.324434 0.333818 0.342497 0.350417 0.357525 0.363778 0.369135 0.373562 0.377031 0.379521 0.381016 0.381506 0.380989 0.379467 0.37695 0.373455 0.369002 0.363621 0.357346 0.350216 0.342278 0.333581 0.324183 0.314142 0.303524 0.292396 0.280828 0.268895 0.25667 0.244229 0.231647 0.218999 0.206358 0.193796 0.181379 0.169173 0.157237 0.145626 0.134389 0.12357 0.113207 0.103332 0.0939698 0.0851405 0.0768574 0.0691286 0.0619568 0.0553403 0.0492729 0.0437453 0.0387449 0.0342572 0.0302659 0.0267539 0.0237041 0.0210996 0.0189245 0.0171645 0.0158074 0.0148432 0.0142651 
0.0153253 0.015524 0.0161352 0.0171645 0.0186201 0.0205127 0.0228557 0.0256644 0.0289558 0.0327476 0.037058 0.041905 0.0473052 0.0532736 0.0598227 0.0669618 0.0746962 0.0830267 0.0919489 0.101453 0.111523 0.122136 0.133264 0.144871 0.156916 0.169351 0.182122 0.195168 0.208426 0.221826 0.235296 0.24876 0.26214 0.275357 0.288332 0.300984 0.313237 0.325013 0.336238 0.346843 0.356761 0.365929 0.37429 0.381792 0.388388 0.394037 0.398705 0.402361 0.404985 0.40656 0.407076 0.406531 0.404927 0.402274 0.39859 0.393895 0.38822 0.381599 0.374074 0.365691 0.356504 0.346569 0.33595 0.324713 0.312928 0.300671 0.288016 0.275043 0.261831 0.24846 0.235008 0.221553 0.208171 0.194934 0.18191 0.169165 0.156756 0.144738 0.133158 0.122058 0.111472 0.101428 0.0919487 0.0830491 0.074739 0.0670225 0.0598985 0.0533614 0.0474021 0.0420078 0.0371638 0.0328533 0.0290586 0.0257617 0.022945 0.020592 0.0186876 0.0172188 0.0161751 0.0155496 
0.0166449 0.01686 0.0175201 0.0186314 0.0202023 0.0222441 0.0247709 0.0277988 0.0313452 0.035429 0.0400688 0.0452831 0.0510891 0.0575021 0.0645344 0.072195 0.0804886 0.0894149 0.0989683 0.109137 0.119903 0.131241 0.14312 0.1555 0.168338 0.18158 0.195168 0.209039 0.223123 0.237347 0.251634 0.265903 0.280073 0.294059 0.307778 0.321146 0.334083 0.346509 0.358346 0.369521 0.379967 0.389617 0.398414 0.406303 0.413237 0.419173 0.424076 0.427917 0.430672 0.432325 0.432867 0.432294 0.43061 0.427824 0.423954 0.419022 0.413057 0.406097 0.398182 0.389362 0.37969 0.369226 0.358034 0.346183 0.333747 0.320804 0.307431 0.293712 0.27973 0.265569 0.251311 0.237039 0.222833 0.208769 0.194922 0.18136 0.168145 0.155337 0.142985 0.131136 0.119827 0.10909 0.0989479 0.0894195 0.0805158 0.0722423 0.0645989 0.0575807 0.0511787 0.0453803 0.0401703 0.0355316 0.0314461 0.0278949 0.0248598 0.0223234 0.0202701 0.0186861 0.0175606 0.0168862 
0.0180107 0.0182425 0.018953 0.0201484 0.0218376 0.0240325 0.0267478 0.0300001 0.0338078 0.0381903 0.0431669 0.0487566 0.054977 0.0618434 0.069368 0.0775595 0.0864218 0.0959534 0.106147 0.11699 0.12846 0.140531 0.153167 0.166328 0.179963 0.194016 0.208426 0.223123 0.238035 0.253082 0.268184 0.283255 0.298209 0.312959 0.327416 0.341494 0.355107 0.368173 0.380612 0.392349 0.403312 0.413436 0.422659 0.430927 0.438191 0.444408 0.449541 0.453561 0.456444 0.458174 0.458741 0.458142 0.456379 0.453464 0.449412 0.444248 0.438002 0.430709 0.422414 0.413165 0.403018 0.392033 0.380278 0.367823 0.354744 0.341122 0.32704 0.312581 0.297834 0.282887 0.267826 0.252738 0.237709 0.222818 0.208145 0.193762 0.179737 0.166133 0.153003 0.140398 0.128359 0.116919 0.106105 0.0959388 0.0864322 0.0775923 0.0694202 0.0619117 0.0550581 0.0488471 0.0432633 0.0382892 0.033906 0.0300945 0.0268356 0.0241113 0.0219053 0.0202033 0.0189938 0.0182692 
0.0194161 0.0196651 0.020427 0.0217083 0.0235183 0.0258694 0.0287768 0.0322579 0.0363317 0.0410182 0.0463373 0.0523086 0.0589496 0.066276 0.0742997 0.0830287 0.0924661 0.102609 0.113449 0.124971 0.13715 0.149958 0.163356 0.177298 0.191732 0.206596 0.221826 0.237347 0.253082 0.268948 0.284858 0.300724 0.316455 0.331958 0.347142 0.361917 0.376194 0.389889 0.402917 0.415203 0.426672 0.437257 0.446895 0.455532 0.463116 0.469605 0.474961 0.479154 0.482162 0.483966 0.484557 0.483932 0.482094 0.479053 0.474827 0.469438 0.462918 0.455303 0.446638 0.436971 0.426361 0.414869 0.402562 0.389516 0.375807 0.361519 0.346737 0.331549 0.316047 0.300322 0.284466 0.268569 0.252721 0.237007 0.22151 0.206308 0.191473 0.177071 0.163161 0.149797 0.137022 0.124875 0.113385 0.102574 0.0924586 0.0830458 0.0743384 0.066333 0.0590214 0.0523915 0.0464277 0.0411125 0.0364265 0.0323499 0.0288631 0.0259473 0.0235856 0.0217632 0.0204681 0.0196923 
0.0208541 0.0211206 0.0219347 0.0233032 0.0252357 0.0277452 0.0308474 0.0345604 0.0389037 0.0438978 0.0495634 0.0559202 0.0629861 0.0707764 0.0793031 0.0885733 0.0985893 0.109347 0.120836 0.133038 0.145928 0.159472 0.17363 0.188352 0.20358 0.219252 0.235296 0.251634 0.268184 0.284858 0.301567 0.318215 0.334708 0.350951 0.366848 0.382305 0.397231 0.411538 0.42514 0.437958 0.449918 0.460949 0.470989 0.479981 0.487875 0.494625 0.500196 0.504557 0.507683 0.509559 0.510174 0.509524 0.507613 0.504452 0.500057 0.494453 0.487669 0.479744 0.470721 0.460651 0.449592 0.437607 0.424766 0.411144 0.396821 0.381882 0.366416 0.350514 0.33427 0.317781 0.301141 0.284445 0.267788 0.251259 0.234945 0.218929 0.203288 0.188091 0.173404 0.159281 0.145771 0.132916 0.120748 0.109291 0.0985628 0.0885738 0.0793274 0.0708212 0.0630476 0.0559947 0.0496471 0.0439869 0.0389945 0.0346495 0.0309317 0.0278219 0.0253024 0.0233578 0.0219759 0.0211482 
0.0223166 0.0226008 0.0234676 0.0249241 0.0269803 0.0296495 0.0329481 0.0368946 0.0415093 0.0468131 0.052827 0.0595711 0.0670635 0.0753194 0.0843501 0.0941622 0.104757 0.116128 0.128264 0.141145 0.154742 0.169019 0.183931 0.199426 0.215443 0.231912 0.24876 0.265903 0.283255 0.300724 0.318215 0.33563 0.352869 0.369833 0.386424 0.402545 0.4181 0.432999 0.447156 0.460489 0.472921 0.484382 0.494808 0.504141 0.51233 0.519332 0.525108 0.529628 0.532869 0.534813 0.53545 0.534777 0.532797 0.529521 0.524966 0.519155 0.512119 0.503896 0.494531 0.484073 0.472583 0.460123 0.446766 0.432587 0.417668 0.402098 0.385966 0.369368 0.352401 0.335164 0.317757 0.300277 0.282825 0.265493 0.248374 0.231555 0.215116 0.199133 0.183674 0.168798 0.154558 0.140997 0.128152 0.11605 0.104711 0.0941453 0.0843592 0.0753511 0.067114 0.0596365 0.0529032 0.0468962 0.0415955 0.0369803 0.03303 0.0297245 0.0270459 0.0249782 0.0235087 0.0226286 
0.0237949 0.0240968 0.0250165 0.0265613 0.0287415 0.0315709 0.0350662 0.0392467 0.0441329 0.0497464 0.0561086 0.0632397 0.0711577 0.0798778 0.0894107 0.0997622 0.110932 0.122913 0.135692 0.149245 0.163542 0.178543 0.1942 0.210458 0.22725 0.244504 0.26214 0.280073 0.298209 0.316455 0.334708 0.352869 0.370833 0.388498 0.40576 0.422522 0.438684 0.454154 0.468844 0.48267 0.495554 0.507426 0.51822 0.527878 0.53635 0.543589 0.54956 0.554232 0.557581 0.559589 0.560248 0.559553 0.557508 0.554123 0.549416 0.543409 0.536134 0.527628 0.517935 0.507109 0.495206 0.482292 0.468439 0.453725 0.438233 0.422053 0.405279 0.388007 0.370338 0.352374 0.334219 0.315975 0.297746 0.279629 0.26172 0.244112 0.226889 0.210132 0.193911 0.178291 0.163329 0.14907 0.135555 0.122813 0.110866 0.0997272 0.0894039 0.0798957 0.0711965 0.0632952 0.0561768 0.0498231 0.044214 0.0393285 0.0351452 0.0316439 0.0288058 0.0266147 0.0250573 0.0241249 
0.0252794 0.0255991 0.0265715 0.0282043 0.0305081 0.033497 0.0371883 0.0416016 0.046758 0.0526795 0.0593876 0.0669028 0.0752431 0.0844233 0.0944535 0.105339 0.117077 0.129661 0.143072 0.157288 0.172273 0.187986 0.204375 0.221379 0.23893 0.256951 0.275357 0.294059 0.312959 0.331958 0.350951 0.369833 0.388498 0.406837 0.424746 0.442123 0.458867 0.474884 0.490082 0.504378 0.517693 0.529954 0.541097 0.551063 0.559801 0.567266 0.57342 0.578235 0.581685 0.583755 0.584433 0.583718 0.581612 0.578125 0.573274 0.567083 0.559582 0.550809 0.540807 0.52963 0.517336 0.50399 0.489665 0.474439 0.458399 0.441636 0.424243 0.406322 0.387977 0.369311 0.350432 0.331448 0.312463 0.293582 0.274904 0.256526 0.238537 0.221021 0.204054 0.187705 0.172032 0.157087 0.142911 0.129537 0.11699 0.105285 0.0944304 0.084427 0.0752697 0.066948 0.0594472 0.0527491 0.0468336 0.0416791 0.0372641 0.0335677 0.0305708 0.0282568 0.026612 0.0256272 
0.0267602 0.0270975 0.0281222 0.0298422 0.0322683 0.0354151 0.0393002 0.0439437 0.0493672 0.0555928 0.0626424 0.0705366 0.0792931 0.0889264 0.099446 0.110856 0.123153 0.136327 0.15036 0.165224 0.180882 0.19729 0.214392 0.232124 0.250414 0.269179 0.288332 0.307778 0.327416 0.347142 0.366848 0.386424 0.40576 0.424746 0.443274 0.461238 0.478536 0.495072 0.510753 0.525494 0.539215 0.551844 0.563316 0.573571 0.582558 0.590234 0.596561 0.601508 0.605054 0.607181 0.607878 0.607144 0.604981 0.601399 0.596414 0.59005 0.582338 0.573313 0.563022 0.551515 0.538851 0.525097 0.510325 0.494615 0.478054 0.460733 0.442752 0.42421 0.405216 0.385876 0.366302 0.346603 0.32689 0.30727 0.287847 0.268722 0.249989 0.231735 0.214041 0.196979 0.180613 0.164996 0.150173 0.136181 0.123045 0.110783 0.0994062 0.0889155 0.0793071 0.0705711 0.0626931 0.0556551 0.0494368 0.0440166 0.0393724 0.0354831 0.0323292 0.0298935 0.0281621 0.0271257 
0.0282267 0.0285813 0.0296575 0.0314632 0.0340096 0.0373116 0.0413873 0.0462569 0.0519424 0.0584664 0.0658509 0.0741163 0.0832804 0.0933569 0.104355 0.116277 0.129119 0.142869 0.157506 0.173001 0.189314 0.206396 0.224189 0.242626 0.261628 0.281112 0.300984 0.321146 0.341494 0.361917 0.382305 0.402545 0.422522 0.442123 0.461238 0.479758 0.497581 0.514606 0.530742 0.545902 0.560005 0.572978 0.584756 0.595281 0.604501 0.612373 0.61886 0.623932 0.627566 0.629745 0.630461 0.629709 0.627493 0.623823 0.618714 0.61219 0.604281 0.595023 0.584461 0.572646 0.559636 0.545499 0.530306 0.51414 0.497086 0.479239 0.460698 0.441568 0.421955 0.401973 0.381733 0.361351 0.340939 0.320609 0.300469 0.280624 0.261172 0.242205 0.223808 0.206056 0.189016 0.172746 0.157295 0.1427 0.12899 0.116186 0.104298 0.0933312 0.0832814 0.0741398 0.0658923 0.0585211 0.0520058 0.0463248 0.0414556 0.0373768 0.0340685 0.0315133 0.0296967 0.0286095 
0.029668 0.0300396 0.031166 0.0330554 0.0357193 0.0391728 0.0434342 0.0485243 0.0544653 0.0612799 0.0689903 0.0776168 0.087177 0.0976841 0.109146 0.121565 0.134935 0.149242 0.164464 0.180568 0.197512 0.215244 0.233702 0.252816 0.272503 0.292676 0.313237 0.334083 0.355107 0.376194 0.397231 0.4181 0.438684 0.458867 0.478536 0.497581 0.515896 0.533381 0.549942 0.565492 0.579951 0.593244 0.605308 0.616082 0.625518 0.633571 0.640205 0.645391 0.649107 0.651335 0.652067 0.651299 0.649035 0.645283 0.640061 0.633389 0.625299 0.615825 0.605012 0.592911 0.57958 0.565085 0.549501 0.532906 0.515391 0.49705 0.477982 0.458295 0.438099 0.417507 0.396636 0.375603 0.354525 0.333518 0.312693 0.292159 0.272018 0.252366 0.233292 0.214876 0.197187 0.180288 0.164228 0.149051 0.134785 0.121455 0.109073 0.0976435 0.0871651 0.0776292 0.0690222 0.0613267 0.0545222 0.048587 0.0434985 0.039235 0.0357761 0.0331041 0.0312045 0.0300677 
0.0310731 0.0314612 0.0326362 0.0346068 0.0373844 0.0409845 0.0454257 0.050729 0.056917 0.0640125 0.0720377 0.0810128 0.0909551 0.101877 0.113786 0.126683 0.140561 0.155403 0.171186 0.187874 0.205422 0.223776 0.24287 0.262629 0.282969 0.303797 0.325013 0.346509 0.368173 0.389889 0.411538 0.432999 0.454154 0.474884 0.495072 0.514606 0.533381 0.551294 0.56825 0.584163 0.59895 0.612539 0.624865 0.635869 0.645502 0.653722 0.660491 0.665781 0.669571 0.671844 0.672591 0.671809 0.669501 0.665675 0.660348 0.653542 0.645285 0.635614 0.624571 0.612206 0.598578 0.583754 0.567805 0.550814 0.532869 0.514065 0.494505 0.474297 0.453552 0.432387 0.410921 0.389274 0.367567 0.345917 0.324442 0.303253 0.282456 0.262152 0.242432 0.223381 0.205071 0.187569 0.170927 0.15519 0.140391 0.126555 0.113696 0.101822 0.0909303 0.081014 0.0720601 0.0640513 0.0569675 0.0507865 0.0454859 0.0410435 0.0374389 0.034654 0.032674 0.0314891 
0.0324308 0.0328346 0.0340565 0.0361049 0.0389917 0.0427325 0.0473463 0.0528542 0.059279 0.0666436 0.0749703 0.0842791 0.0945869 0.105906 0.118242 0.131595 0.145957 0.161309 0.177626 0.194869 0.212992 0.231935 0.251632 0.272002 0.292959 0.314406 0.336238 0.358346 0.380612 0.402917 0.42514 0.447156 0.468844 0.490082 0.510753 0.530742 0.549942 0.56825 0.585571 0.601816 0.616905 0.630765 0.643331 0.654545 0.664358 0.672728 0.67962 0.685005 0.688863 0.691176 0.691937 0.691142 0.688794 0.684902 0.67948 0.672552 0.664144 0.654293 0.643039 0.630434 0.616535 0.601407 0.585124 0.567767 0.549424 0.530193 0.510176 0.489483 0.468227 0.446527 0.424505 0.402282 0.379983 0.35773 0.335642 0.313835 0.29242 0.271498 0.251167 0.231514 0.212616 0.19454 0.177344 0.161075 0.145767 0.131449 0.118136 0.105836 0.0945494 0.0842693 0.0749833 0.0666745 0.0593229 0.0529063 0.0474023 0.0427883 0.0390439 0.0361505 0.0340933 0.0328624 
0.0337298 0.0341487 0.0354151 0.0375376 0.0405283 0.044403 0.0491807 0.054883 0.0615327 0.0691529 0.0777657 0.0873909 0.0980451 0.10974 0.12248 0.136265 0.151084 0.166918 0.183738 0.201505 0.220168 0.239666 0.259929 0.280873 0.302408 0.324434 0.346843 0.369521 0.392349 0.415203 0.437958 0.460489 0.48267 0.504378 0.525494 0.545902 0.565492 0.584163 0.601816 0.618365 0.633729 0.647834 0.660617 0.672021 0.681997 0.690503 0.697505 0.702976 0.706894 0.709244 0.710017 0.70921 0.706827 0.702875 0.697369 0.690331 0.681787 0.671773 0.66033 0.647507 0.633361 0.617957 0.601369 0.583677 0.56497 0.545347 0.524909 0.503769 0.48204 0.459845 0.437306 0.414549 0.3917 0.368884 0.346224 0.32384 0.301844 0.280344 0.25944 0.239221 0.219769 0.201153 0.183435 0.166663 0.150876 0.136102 0.122358 0.109656 0.0979953 0.0873704 0.0777695 0.069176 0.0615701 0.0549299 0.0492325 0.0444555 0.0405781 0.0375817 0.0354511 0.0341762 
0.0349593 0.0353924 0.0367007 0.038893 0.0419814 0.045982 0.050914 0.0567991 0.0636602 0.0715205 0.0804019 0.0903241 0.101303 0.11335 0.126469 0.140658 0.155905 0.172189 0.18948 0.207735 0.226902 0.246917 0.267706 0.289183 0.311255 0.333818 0.356761 0.379967 0.403312 0.426672 0.449918 0.472921 0.495554 0.517693 0.539215 0.560005 0.579951 0.59895 0.616905 0.633729 0.64934 0.663667 0.676645 0.688219 0.69834 0.706968 0.714068 0.719615 0.723587 0.725969 0.726754 0.725937 0.723522 0.719517 0.713936 0.7068 0.698135 0.687976 0.676362 0.663344 0.648976 0.633323 0.616459 0.598463 0.579426 0.559445 0.538624 0.517075 0.494914 0.472264 0.449251 0.426001 0.402645 0.37931 0.356121 0.333202 0.310669 0.288632 0.267194 0.246449 0.22648 0.207362 0.189156 0.171915 0.155679 0.140478 0.126333 0.113253 0.101242 0.0902933 0.0803968 0.071536 0.0636913 0.0568408 0.0509617 0.0460314 0.0420289 0.0389354 0.0367357 0.0354197 
