0.00330794 0.00333725 0.003432 0.00359293 0.00382088 0.004117 0.00448271 0.00491967 0.00542969 0.00601472 0.00667676 0.0074178 0.00823974 0.0091443 0.010133 0.0112069 0.0123668 0.013613 0.0149451 0.0163621 0.0178625 0.0194437 0.0211025 0.0228348 0.0246356 0.026499 0.0284183 0.0303858 0.0323929 0.0344304 0.0364881 0.0385553 0.0406204 0.0426718 0.0446969 0.0466833 0.048618 0.0504884 0.0522818 0.0539855 0.0555875 0.0570763 0.0584408 0.0596708 0.0607571 0.0616914 0.0624665 0.0630763 0.0635162 0.0637826 0.0638735 0.0637881 0.0635273 0.063093 0.0624888 0.0617193 0.0607906 0.0597098 0.0584853 0.0571263 0.055643 0.0540463 0.0523479 0.0505598 0.0486944 0.0467645 0.0447828 0.0427621 0.0407149 0.0386536 0.0365899 0.0345353 0.0325006 0.0304957 0.02853 0.026612 0.0247494 0.0229488 0.0212163 0.0195566 0.0179741 0.0164719 0.0150524 0.0137174 0.0124678 0.011304 0.0102257 0.00923228 0.00832257 0.00749513 0.00674826 0.0060801 0.00548868 0.00497206 0.00452832 0.00415566 0.00385247 0.00361736 0.00344921 0.0033474 
0.00333725 0.00336683 0.00346244 0.0036248 0.00385476 0.0041535 0.00452243 0.00496322 0.0054777 0.00606782 0.00673562 0.00748307 0.00831209 0.00922441 0.0102215 0.0113046 0.0124744 0.0137311 0.0150743 0.0165032 0.0180161 0.0196104 0.0212828 0.0230293 0.0248448 0.0267233 0.0286581 0.0306414 0.0326645 0.0347181 0.0367921 0.0388755 0.0409568 0.0430241 0.0450649 0.0470665 0.0490162 0.0509009 0.0527078 0.0544244 0.0560386 0.0575385 0.0589132 0.0601525 0.0612469 0.0621881 0.0629689 0.0635832 0.0640263 0.0642946 0.0643862 0.0643002 0.0640373 0.0635998 0.062991 0.0622157 0.06128 0.0601911 0.0589574 0.0575881 0.0560936 0.0544849 0.0527735 0.0509718 0.0490921 0.0471473 0.0451504 0.043114 0.0410509 0.0389734 0.0368935 0.0348227 0.0327718 0.030751 0.0287695 0.0268361 0.0249584 0.0231432 0.0213965 0.0197233 0.0181277 0.016613 0.0151817 0.0138355 0.0125754 0.0114018 0.0103144 0.00931254 0.00839507 0.00756055 0.00680727 0.00613335 0.00553684 0.00501575 0.00456816 0.00419227 0.00388645 0.00364931 0.0034797 0.00337702 
0.003432 0.00346244 0.00356065 0.00372739 0.00396352 0.00427022 0.00464895 0.0051014 0.00562943 0.00623503 0.00692025 0.0076871 0.00853753 0.00947329 0.0104959 0.0116064 0.0128057 0.0140939 0.0154707 0.016935 0.018485 0.0201183 0.0218314 0.02362 0.025479 0.0274022 0.0293828 0.0314126 0.033483 0.0355843 0.0377061 0.0398372 0.041966 0.0440801 0.0461669 0.0482134 0.0502065 0.052133 0.0539798 0.0557342 0.0573836 0.0589163 0.0603208 0.0615869 0.0627049 0.0636664 0.0644639 0.0650914 0.0655438 0.0658178 0.0659112 0.0658232 0.0655546 0.0651075 0.0644854 0.0636933 0.0627372 0.0616246 0.0603639 0.0589647 0.0574375 0.0557933 0.0540442 0.0522025 0.050281 0.0482928 0.0462509 0.0441686 0.0420587 0.0399338 0.0378063 0.0356877 0.0335893 0.0315213 0.0294934 0.0275143 0.025592 0.0237334 0.0219446 0.0202309 0.0185964 0.0170446 0.0155781 0.0141985 0.012907 0.0117039 0.010589 0.00956176 0.00862089 0.00776498 0.0069923 0.00630096 0.00568896 0.0051543 0.00469502 0.00430929 0.00399546 0.00375211 0.00357808 0.00347273 
0.00359293 0.0036248 0.00372739 0.00390147 0.00414794 0.004468 0.00486316 0.00533515 0.00588588 0.0065174 0.00723179 0.00803113 0.00891738 0.00989232 0.0109575 0.012114 0.0133626 0.0147034 0.016136 0.0176593 0.0192714 0.0209696 0.0227503 0.0246091 0.0265405 0.0285382 0.0305948 0.0327022 0.0348511 0.0370316 0.0392328 0.0414432 0.0436507 0.0458426 0.0480057 0.0501266 0.0521918 0.0541876 0.0561006 0.0579175 0.0596255 0.0612123 0.0626663 0.0639768 0.065134 0.0661289 0.0669542 0.0676033 0.0680714 0.0683547 0.0684511 0.0683598 0.0680816 0.0676187 0.0669747 0.0661546 0.0651648 0.0640129 0.0627076 0.0612588 0.0596772 0.0579744 0.0561626 0.0542547 0.0522639 0.0502036 0.0480874 0.0459288 0.0437412 0.0415377 0.039331 0.0371331 0.0349556 0.0328092 0.030704 0.028649 0.0266524 0.0247216 0.0228629 0.0210817 0.0193825 0.0177688 0.0162434 0.0148081 0.013464 0.0122118 0.0110511 0.00998131 0.00900131 0.00810962 0.00730448 0.00658396 0.00594604 0.00538864 0.00490978 0.00450756 0.0041803 0.00392653 0.00374507 0.00363526 
0.00382088 0.00385476 0.00396352 0.00414794 0.00440895 0.00474781 0.00516609 0.00566556 0.00624822 0.00691617 0.00767157 0.00851654 0.00945311 0.0104831 0.011608 0.012829 0.0141468 0.0155614 0.0170724 0.0186784 0.0203775 0.0221667 0.0240422 0.0259992 0.028032 0.0301338 0.032297 0.0345127 0.0367715 0.0390627 0.0413749 0.0436962 0.0460137 0.0483142 0.0505839 0.0528087 0.0549745 0.0570671 0.0590724 0.0609766 0.0627663 0.0644288 0.0659518 0.0673243 0.0685359 0.0695777 0.0704415 0.0711209 0.0716107 0.071907 0.0720076 0.0719118 0.0716202 0.0711352 0.0704606 0.0696016 0.0685648 0.067358 0.0659905 0.0644725 0.0628151 0.0610304 0.0591313 0.057131 0.0550433 0.0528823 0.0506622 0.0483971 0.046101 0.0437876 0.0414702 0.0391614 0.0368734 0.0346174 0.032404 0.0302427 0.0281423 0.0261104 0.0241537 0.022278 0.020488 0.0187876 0.0171796 0.0156662 0.0142485 0.0129272 0.0117022 0.0105727 0.0095378 0.00859584 0.0077451 0.00698358 0.0063092 0.00571984 0.00521343 0.00478803 0.00444188 0.00417346 0.00398155 0.00386547 
0.004117 0.0041535 0.00427022 0.004468 0.00474781 0.00511098 0.00555911 0.00609409 0.00671799 0.00743299 0.00824134 0.00914523 0.0101467 0.0112477 0.0124498 0.0137539 0.0151609 0.0166706 0.0182825 0.0199952 0.0218063 0.0237126 0.0257101 0.0277935 0.0299568 0.0321926 0.0344927 0.0368478 0.0392477 0.0416811 0.0441361 0.0465997 0.0490584 0.0514983 0.0539047 0.0562629 0.0585579 0.0607746 0.0628984 0.0649145 0.0668089 0.0685682 0.0701797 0.0716316 0.0729132 0.0740148 0.0749281 0.0756463 0.0761639 0.0764769 0.0765829 0.0764812 0.0761725 0.0756592 0.0749454 0.0740365 0.0729394 0.0716624 0.0702151 0.0686083 0.0668538 0.0649642 0.0629529 0.0608341 0.0586222 0.0563321 0.0539786 0.0515768 0.0491414 0.0466869 0.0442274 0.0417762 0.0393462 0.0369494 0.0345969 0.032299 0.0300649 0.0279029 0.0258201 0.0238227 0.0219159 0.0201038 0.0183895 0.0167754 0.0152629 0.0138526 0.0125446 0.0113382 0.0102323 0.0092255 0.00831589 0.00750144 0.00677999 0.00614935 0.00560736 0.00515201 0.00478144 0.0044941 0.00428869 0.0041645 
0.00448271 0.00452243 0.00464895 0.00486316 0.00516609 0.00555911 0.00604395 0.00662256 0.00729712 0.00806991 0.00894327 0.00991949 0.0110007 0.0121888 0.0134854 0.0148916 0.0164079 0.0180343 0.0197699 0.0216131 0.0235614 0.0256111 0.0277579 0.029996 0.0323188 0.0347184 0.037186 0.0397114 0.0422837 0.0448909 0.0475201 0.0501575 0.0527887 0.0553987 0.057972 0.0604928 0.0629452 0.0653134 0.0675814 0.0697339 0.071756 0.0736334 0.0753526 0.0769013 0.0782679 0.0794425 0.0804161 0.0811815 0.081733 0.0820663 0.0821789 0.08207 0.0817404 0.0811927 0.0804311 0.0794614 0.0782908 0.0769283 0.0753839 0.073669 0.0717961 0.0697785 0.0676307 0.0653674 0.063004 0.0605564 0.0580403 0.0554717 0.0528664 0.0502396 0.0476065 0.0449814 0.0423779 0.039809 0.0372866 0.0348216 0.0324241 0.030103 0.0278659 0.0257196 0.0236698 0.0217209 0.0198764 0.0181389 0.01651 0.0149907 0.0135809 0.0122801 0.0110873 0.0100008 0.00901897 0.00813953 0.00736028 0.00667894 0.00609325 0.00560109 0.00520054 0.00488993 0.00466793 0.00453379 
0.00491967 0.00496322 0.0051014 0.00533515 0.00566556 0.00609409 0.00662256 0.00725303 0.00798779 0.00882925 0.00977984 0.010842 0.0120178 0.0133094 0.0147182 0.0162453 0.0178913 0.0196559 0.0215381 0.023536 0.0256468 0.0278664 0.0301898 0.032611 0.0351225 0.0377158 0.0403813 0.043108 0.045884 0.0486965 0.0515313 0.0543738 0.0572085 0.0600191 0.0627892 0.0655018 0.0681399 0.0706864 0.0731244 0.0754376 0.0776101 0.0796265 0.0814726 0.0831351 0.084602 0.0858623 0.0869069 0.0877279 0.0883192 0.0886763 0.0887967 0.0886793 0.0883252 0.087737 0.0869192 0.0858779 0.084621 0.0831577 0.0814989 0.0796567 0.0776444 0.0754762 0.0731674 0.0707338 0.068192 0.0655587 0.0628509 0.0600856 0.0572797 0.0544497 0.0516117 0.0487812 0.0459729 0.0432006 0.0404774 0.037815 0.0352242 0.0327148 0.0302952 0.0279728 0.0257536 0.0236426 0.0216439 0.0197602 0.0179934 0.0163447 0.0148142 0.0134014 0.0121054 0.0109245 0.00985677 0.00890015 0.00805224 0.00731065 0.00667303 0.00613713 0.00570093 0.00536268 0.00512096 0.00497498 
0.00542969 0.0054777 0.00562943 0.00588588 0.00624822 0.00671799 0.00729712 0.00798779 0.00879242 0.00971355 0.0107537 0.0119155 0.013201 0.0146125 0.0161513 0.0178186 0.0196148 0.0215394 0.0235912 0.0257681 0.0280667 0.0304826 0.0330103 0.0356428 0.0383723 0.0411892 0.044083 0.0470419 0.0500529 0.0531018 0.0561737 0.0592525 0.0623215 0.0653632 0.0683597 0.0712929 0.0741445 0.0768961 0.0795297 0.0820276 0.0843728 0.086549 0.0885408 0.0903341 0.091916 0.0932749 0.0944009 0.0952857 0.0959228 0.0963073 0.0964366 0.0963095 0.0959272 0.0952925 0.0944101 0.0932866 0.0919305 0.0903515 0.0885614 0.0865729 0.0844004 0.082059 0.0795652 0.0769359 0.0741888 0.0713419 0.0684135 0.0654218 0.062385 0.0593209 0.056247 0.0531798 0.0501353 0.0471286 0.0441736 0.0412834 0.0384696 0.0357429 0.0331124 0.0305863 0.0281713 0.025873 0.0236958 0.021643 0.0197167 0.0179181 0.0162478 0.0147053 0.0132896 0.0119991 0.0108319 0.00978579 0.00885822 0.00804673 0.00734883 0.00676216 0.00628458 0.00591424 0.00564963 0.00548992 
0.00601472 0.00606782 0.00623503 0.0065174 0.00691617 0.00743299 0.00806991 0.00882925 0.00971355 0.0107255 0.0118678 0.013143 0.0145536 0.0161015 0.0177883 0.0196151 0.021582 0.0236886 0.0259332 0.0283134 0.0308253 0.0334641 0.0362235 0.0390959 0.0420724 0.0451427 0.0482953 0.0515171 0.054794 0.0581107 0.0614508 0.0647968 0.0681306 0.0714334 0.0746858 0.0778682 0.0809609 0.083944 0.0867982 0.0895045 0.0920445 0.0944008 0.096557 0.0984977 0.100209 0.101679 0.102897 0.103854 0.104542 0.104958 0.105097 0.104959 0.104545 0.103858 0.102903 0.101686 0.100218 0.0985092 0.0965709 0.0944175 0.0920643 0.0895277 0.0868251 0.0839749 0.0809961 0.077908 0.0747304 0.0714829 0.0681852 0.0648565 0.0615156 0.0581807 0.0548689 0.0515968 0.0483794 0.045231 0.0421644 0.0391912 0.0363216 0.0335644 0.0309272 0.0284161 0.0260362 0.0237911 0.0216833 0.0197145 0.0178851 0.0161949 0.014643 0.0132277 0.0119472 0.0107991 0.00978072 0.00888955 0.00812292 0.00747836 0.00695358 0.00654664 0.00625591 0.00608054 
0.00667676 0.00673562 0.00692025 0.00723179 0.00767157 0.00824134 0.00894327 0.00977984 0.0107537 0.0118678 0.0131248 0.0145276 0.0160785 0.0177796 0.0196325 0.0216382 0.0237967 0.0261072 0.0285679 0.0311758 0.0339266 0.0368148 0.0398333 0.0429739 0.0462266 0.0495801 0.0530216 0.0565369 0.0601106 0.0637259 0.0673649 0.0710088 0.0746377 0.0782312 0.0817685 0.0852282 0.088589 0.0918297 0.0949292 0.097867 0.100624 0.10318 0.105519 0.107623 0.109479 0.111072 0.112391 0.113428 0.114174 0.114623 0.114774 0.114623 0.114174 0.113429 0.112393 0.111074 0.109482 0.107628 0.105525 0.103189 0.100635 0.0978809 0.0949463 0.0918505 0.088614 0.0852576 0.0818026 0.0782703 0.074682 0.0710584 0.0674201 0.0637866 0.0601767 0.0566083 0.0530981 0.0496613 0.0463123 0.0430636 0.0399265 0.0369108 0.0340249 0.0312757 0.0286687 0.0262081 0.023897 0.0217371 0.0197293 0.0178734 0.0161685 0.0146132 0.0132054 0.0119426 0.0108222 0.00984149 0.00899758 0.00828791 0.00771005 0.00726193 0.00694184 0.00674885 
0.0074178 0.00748307 0.0076871 0.00803113 0.00851654 0.00914523 0.00991949 0.010842 0.0119155 0.013143 0.0145276 0.0160719 0.0177787 0.0196499 0.0216872 0.0238912 0.0262621 0.0287986 0.0314986 0.0343586 0.0373738 0.0405379 0.043843 0.04728 0.0508378 0.0545039 0.0582643 0.0621035 0.0660044 0.0699488 0.0739172 0.077889 0.0818427 0.0857562 0.0896068 0.0933714 0.097027 0.100551 0.103919 0.107112 0.110106 0.112882 0.115421 0.117705 0.119718 0.121447 0.122878 0.124002 0.12481 0.125297 0.12546 0.125296 0.124808 0.123999 0.122875 0.121443 0.119715 0.117702 0.115419 0.112881 0.110107 0.107115 0.103926 0.10056 0.0970403 0.093389 0.089629 0.0857835 0.0818753 0.0779272 0.0739613 0.0699988 0.0660604 0.0621653 0.0583319 0.054577 0.050916 0.047363 0.0439303 0.0406288 0.0374678 0.0344549 0.0315965 0.0288974 0.0263609 0.0239892 0.0217835 0.0197437 0.0178692 0.0161583 0.0146091 0.013219 0.0119852 0.0109049 0.00997507 0.00919299 0.0085561 0.00806218 0.00770942 0.00749684 
0.00823974 0.00831209 0.00853753 0.00891738 0.00945311 0.0101467 0.0110007 0.0120178 0.013201 0.0145536 0.0160785 0.0177787 0.0196568 0.0217151 0.0239549 0.0263769 0.0289809 0.0317655 0.0347281 0.0378646 0.0411695 0.0446358 0.0482548 0.0520161 0.0559076 0.0599155 0.0640244 0.0682173 0.0724755 0.076779 0.0811067 0.085436 0.0897437 0.0940057 0.0981974 0.102294 0.10627 0.110101 0.113763 0.117232 0.120484 0.123499 0.126255 0.128734 0.130918 0.132794 0.134346 0.135565 0.136441 0.136969 0.137145 0.136967 0.136437 0.135558 0.134338 0.132784 0.130908 0.128723 0.126244 0.123488 0.120474 0.117223 0.113757 0.110098 0.10627 0.102298 0.0982063 0.0940197 0.0897632 0.0854613 0.0811382 0.0768169 0.0725199 0.0682682 0.0640818 0.0599791 0.0559771 0.0520912 0.048335 0.0447206 0.0412582 0.0379564 0.0348224 0.0318614 0.0290776 0.0264734 0.0240503 0.0218085 0.0197474 0.0178655 0.0161607 0.0146305 0.0132719 0.0120819 0.0110575 0.0101956 0.0094937 0.00894932 0.00856058 0.00832642 
0.0091443 0.00922441 0.00947329 0.00989232 0.0104831 0.0112477 0.0121888 0.0133094 0.0146125 0.0161015 0.0177796 0.0196499 0.0217151 0.0239773 0.0264378 0.0290974 0.0319553 0.0350099 0.0382581 0.0416952 0.045315 0.0491096 0.0530693 0.0571826 0.0614361 0.0658146 0.0703011 0.0748769 0.0795218 0.0842138 0.0889299 0.0936456 0.0983357 0.102974 0.107534 0.111988 0.11631 0.120473 0.12445 0.128217 0.131747 0.135018 0.138008 0.140697 0.143066 0.145099 0.146782 0.148102 0.149052 0.149623 0.149813 0.14962 0.149045 0.148092 0.146768 0.145083 0.143048 0.140677 0.137987 0.134997 0.131725 0.128196 0.124431 0.120456 0.116296 0.111978 0.107528 0.102973 0.0983406 0.0936566 0.0889474 0.0842381 0.0795531 0.0749154 0.0703467 0.0658673 0.0614956 0.0572486 0.0531414 0.0491872 0.0453974 0.0417817 0.0383479 0.0351022 0.0320491 0.0291917 0.0265318 0.0240698 0.0218053 0.0197368 0.0178623 0.0161791 0.0146842 0.0133745 0.0122467 0.0112977 0.0105247 0.00992512 0.00949704 0.00923931 
0.010133 0.0102215 0.0104959 0.0109575 0.011608 0.0124498 0.0134854 0.0147182 0.0161513 0.0177883 0.0196325 0.0216872 0.0239549 0.0264378 0.0291373 0.0320537 0.0351862 0.0385326 0.0420892 0.0458508 0.0498104 0.053959 0.0582859 0.0627783 0.0674214 0.0721986 0.0770911 0.0820786 0.0871388 0.0922479 0.0973808 0.102511 0.107611 0.112652 0.117606 0.122444 0.127136 0.131653 0.135968 0.140052 0.14388 0.147425 0.150665 0.153577 0.156143 0.158344 0.160165 0.161595 0.162622 0.16324 0.163445 0.163235 0.162612 0.16158 0.160146 0.158321 0.156116 0.153547 0.150633 0.147391 0.143845 0.140017 0.135934 0.131621 0.127106 0.122418 0.117584 0.112635 0.1076 0.102506 0.0973826 0.0922571 0.0871555 0.0821032 0.0771236 0.072239 0.0674696 0.0628339 0.0583485 0.0540281 0.0498853 0.0459309 0.0421735 0.0386203 0.0352763 0.0321452 0.0292292 0.026529 0.0240443 0.0217737 0.0197153 0.0178663 0.0162237 0.0147841 0.0135441 0.0125006 0.0116504 0.0109911 0.0105203 0.010237 
0.0112069 0.0113046 0.0116064 0.012114 0.012829 0.0137539 0.0148916 0.0162453 0.0178186 0.0196151 0.0216382 0.0238912 0.0263769 0.0290974 0.0320537 0.0352462 0.0386735 0.0423331 0.0462207 0.0503303 0.0546539 0.0591817 0.0639017 0.0687997 0.0738594 0.0790626 0.0843887 0.0898156 0.0953189 0.100873 0.10645 0.112021 0.117557 0.123028 0.128401 0.133646 0.13873 0.143625 0.148297 0.152719 0.156861 0.160697 0.164202 0.167351 0.170125 0.172504 0.174473 0.176017 0.177127 0.177795 0.178016 0.177788 0.177114 0.175998 0.174447 0.172473 0.170089 0.167311 0.164158 0.160651 0.156813 0.152669 0.148248 0.143576 0.138684 0.133602 0.128361 0.122993 0.117528 0.111999 0.106434 0.100865 0.0953195 0.0898247 0.0844066 0.0790892 0.0738947 0.0688434 0.0639535 0.0592411 0.0547202 0.0504027 0.0462984 0.0424152 0.038759 0.035334 0.0321427 0.0291864 0.0264649 0.023977 0.0217206 0.0196931 0.0178913 0.0163118 0.014951 0.0138055 0.0128722 0.0121483 0.0116315 0.0113206 
0.0123668 0.0124744 0.0128057 0.0133626 0.0141468 0.0151609 0.0164079 0.0178913 0.0196148 0.021582 0.0237967 0.0262621 0.0289809 0.0319553 0.0351862 0.0386735 0.0424156 0.0464094 0.0506499 0.0551304 0.0598419 0.0647734 0.0699116 0.0752408 0.0807433 0.0863989 0.0921853 0.0980782 0.104051 0.110076 0.116123 0.122162 0.12816 0.134083 0.139899 0.145574 0.151074 0.156365 0.161415 0.166193 0.170667 0.174809 0.178592 0.181991 0.184984 0.187551 0.189674 0.191339 0.192536 0.193255 0.193493 0.193247 0.192519 0.191315 0.189642 0.187511 0.184938 0.18194 0.178535 0.174748 0.170603 0.166127 0.161349 0.156299 0.151009 0.145512 0.139841 0.134029 0.128111 0.122121 0.11609 0.11005 0.104034 0.0980704 0.092187 0.0864102 0.0807642 0.0752712 0.0699511 0.0648217 0.0598982 0.055194 0.05072 0.0464849 0.0424956 0.0387567 0.0352715 0.0320415 0.0290668 0.0263463 0.0238782 0.0216596 0.0196874 0.017958 0.0164677 0.015213 0.0141905 0.0133974 0.0128313 0.0124909 
0.013613 0.0137311 0.0140939 0.0147034 0.0155614 0.0166706 0.0180343 0.0196559 0.0215394 0.0236886 0.0261072 0.0287986 0.0317655 0.0350099 0.0385326 0.0423331 0.0464094 0.0507578 0.0553726 0.0602462 0.0653685 0.0707273 0.0763079 0.0820931 0.0880634 0.0941967 0.100469 0.106853 0.113321 0.119843 0.126385 0.132915 0.139397 0.145797 0.152079 0.158205 0.164139 0.169847 0.175293 0.180443 0.185265 0.189727 0.193802 0.197462 0.200684 0.203447 0.205732 0.207523 0.208811 0.209584 0.209839 0.209574 0.20879 0.207494 0.205692 0.203399 0.200628 0.197399 0.193732 0.189652 0.185185 0.180361 0.175209 0.169763 0.164055 0.158123 0.152 0.145723 0.139329 0.132853 0.126331 0.119797 0.113285 0.106827 0.100453 0.0941912 0.0880684 0.0821087 0.0763338 0.0707631 0.0654135 0.0602997 0.0554338 0.0508256 0.0464827 0.0424108 0.0386134 0.0350925 0.0318486 0.0288808 0.0261873 0.0237653 0.0216115 0.0197224 0.0180942 0.016723 0.0156056 0.0147387 0.01412 0.0137481 
0.0149451 0.0150743 0.0154707 0.016136 0.0170724 0.0182825 0.0197699 0.0215381 0.0235912 0.0259332 0.0285679 0.0314986 0.0347281 0.0382581 0.0420892 0.0462207 0.0506499 0.0553726 0.0603823 0.0656703 0.0712254 0.0770341 0.0830802 0.0893449 0.0958068 0.102442 0.109224 0.116124 0.123111 0.130152 0.137212 0.144256 0.151246 0.158144 0.164911 0.171508 0.177896 0.184039 0.189897 0.195435 0.200618 0.205414 0.209792 0.213724 0.217184 0.22015 0.222603 0.224526 0.225907 0.226737 0.22701 0.226725 0.225883 0.224491 0.222556 0.220093 0.217117 0.213648 0.209708 0.205324 0.200522 0.195335 0.189794 0.183934 0.177792 0.171405 0.16481 0.158048 0.151155 0.144172 0.137136 0.130085 0.123054 0.116077 0.109188 0.102418 0.0957945 0.0893442 0.083091 0.077056 0.0712578 0.0657124 0.0604334 0.0554316 0.0507156 0.0462918 0.0421645 0.0383362 0.0348075 0.031578 0.0286459 0.0260084 0.0236624 0.0216041 0.0198295 0.018335 0.0171167 0.0161717 0.0154971 0.0150918 
0.0163621 0.0165032 0.016935 0.0176593 0.0186784 0.0199952 0.0216131 0.023536 0.0257681 0.0283134 0.0311758 0.0343586 0.0378646 0.0416952 0.0458508 0.0503303 0.0551304 0.0602462 0.0656703 0.0713929 0.0774017 0.0836818 0.0902153 0.0969816 0.103957 0.111117 0.118431 0.125869 0.133397 0.140979 0.14858 0.156158 0.163676 0.171091 0.178362 0.185448 0.192308 0.1989 0.205185 0.211125 0.216683 0.221824 0.226516 0.230728 0.234435 0.237612 0.240238 0.242297 0.243775 0.244663 0.244955 0.244649 0.243748 0.242256 0.240184 0.237545 0.234357 0.23064 0.226418 0.221718 0.21657 0.211007 0.205063 0.198775 0.192182 0.185323 0.178239 0.170971 0.163562 0.156051 0.14848 0.14089 0.133317 0.1258 0.118375 0.111073 0.103926 0.0969631 0.0902094 0.0836883 0.0774201 0.0714223 0.0657099 0.060295 0.0551873 0.0503938 0.0459197 0.0417679 0.0379396 0.0344345 0.031251 0.0283865 0.0258378 0.023601 0.0216722 0.0200473 0.0187227 0.0176951 0.0169617 0.0165211 
0.0178625 0.0180161 0.018485 0.0192714 0.0203775 0.0218063 0.0235614 0.0256468 0.0280667 0.0308253 0.0339266 0.0373738 0.0411695 0.045315 0.0498104 0.0546539 0.0598419 0.0653685 0.0712254 0.0774017 0.0838839 0.0906552 0.0976964 0.104985 0.112496 0.1202 0.128067 0.136063 0.144152 0.152297 0.160456 0.168588 0.176651 0.184601 0.192394 0.199985 0.207331 0.214387 0.221113 0.227467 0.233411 0.238907 0.243922 0.248423 0.252383 0.255776 0.25858 0.260779 0.262357 0.263305 0.263616 0.263289 0.262325 0.260732 0.258519 0.2557 0.252293 0.248321 0.243809 0.238784 0.23328 0.22733 0.22097 0.214241 0.207182 0.199836 0.192247 0.184458 0.176513 0.168457 0.160332 0.152183 0.144049 0.135972 0.127988 0.120134 0.112444 0.104947 0.0976725 0.090645 0.0838868 0.0774171 0.0712524 0.065406 0.0598888 0.0547088 0.0498718 0.0453814 0.0412392 0.0374454 0.0339984 0.0308958 0.0281344 0.0257103 0.0236194 0.0218578 0.0204215 0.0193071 0.0185119 0.0180343 
0.0194437 0.0196104 0.0201183 0.0209696 0.0221667 0.0237126 0.0256111 0.0278664 0.0304826 0.0334641 0.0368148 0.0405379 0.0446358 0.0491096 0.053959 0.0591817 0.0647734 0.0707273 0.0770341 0.0836818 0.0906552 0.0979363 0.105504 0.113333 0.121398 0.129666 0.138104 0.146678 0.155346 0.16407 0.172805 0.181509 0.190133 0.198634 0.206962 0.215072 0.222917 0.23045 0.237628 0.244407 0.250745 0.256605 0.26195 0.266747 0.270966 0.27458 0.277567 0.279908 0.281588 0.282597 0.282928 0.282579 0.281553 0.279855 0.277497 0.274494 0.270865 0.266632 0.261822 0.256466 0.250596 0.244249 0.237464 0.230281 0.222745 0.214899 0.206791 0.198465 0.189969 0.181351 0.172656 0.16393 0.155218 0.146562 0.138002 0.129577 0.121324 0.113275 0.10546 0.0979079 0.0906413 0.0836818 0.0770471 0.0707523 0.0648091 0.0592268 0.0540119 0.0491687 0.0446994 0.0406043 0.0368824 0.0335313 0.0305477 0.0279279 0.0256678 0.0237632 0.0222101 0.0210051 0.0201452 0.0196288 
0.0211025 0.0212828 0.0218314 0.0227503 0.0240422 0.0257101 0.0277579 0.0301898 0.0330103 0.0362235 0.0398333 0.043843 0.0482548 0.0530693 0.0582859 0.0639017 0.0699116 0.0763079 0.0830802 0.0902153 0.0976964 0.105504 0.113615 0.122002 0.130637 0.139485 0.148512 0.157678 0.166943 0.176261 0.185588 0.194876 0.204076 0.21314 0.222017 0.230657 0.239012 0.247032 0.254671 0.261882 0.268624 0.274855 0.280536 0.285634 0.290116 0.293956 0.297128 0.299614 0.301398 0.302469 0.30282 0.302449 0.301359 0.299555 0.29705 0.29386 0.290003 0.285505 0.280393 0.274698 0.268456 0.261705 0.254485 0.24684 0.238816 0.23046 0.22182 0.212945 0.203886 0.194692 0.185412 0.176095 0.166788 0.157537 0.148385 0.139373 0.13054 0.121921 0.11355 0.105456 0.0976644 0.0901985 0.083078 0.0763191 0.0699349 0.0639358 0.0583292 0.0531202 0.0483113 0.0439036 0.0398961 0.0362866 0.0330722 0.0302489 0.0278127 0.0257593 0.0240848 0.0227853 0.0218581 0.0213015 
0.0228348 0.0230293 0.02362 0.0246091 0.0259992 0.0277935 0.029996 0.032611 0.0356428 0.0390959 0.0429739 0.04728 0.0520161 0.0571826 0.0627783 0.0687997 0.0752408 0.0820931 0.0893449 0.0969816 0.104985 0.113333 0.122002 0.130962 0.140182 0.149626 0.159255 0.169028 0.178901 0.188827 0.198758 0.208643 0.21843 0.228068 0.237503 0.246683 0.255556 0.264071 0.272178 0.279829 0.28698 0.293586 0.299609 0.305011 0.309761 0.313828 0.317188 0.319821 0.32171 0.322844 0.323215 0.322822 0.321666 0.319756 0.317102 0.313722 0.309636 0.304869 0.29945 0.293412 0.286793 0.279631 0.271971 0.263856 0.255337 0.246461 0.23728 0.227846 0.218213 0.208431 0.198554 0.188634 0.178719 0.16886 0.159101 0.149488 0.140061 0.130858 0.121916 0.113265 0.104934 0.0969469 0.0893263 0.0820893 0.0752507 0.0688218 0.062811 0.0572242 0.0520647 0.0473338 0.043031 0.0391544 0.035701 0.0326671 0.0300486 0.0278411 0.0260406 0.0246434 0.0236465 0.0230482 
0.0246356 0.0248448 0.025479 0.0265405 0.028032 0.0299568 0.0323188 0.0351225 0.0383723 0.0420724 0.0462266 0.0508378 0.0559076 0.0614361 0.0674214 0.0738594 0.0807433 0.0880634 0.0958068 0.103957 0.112496 0.121398 0.130637 0.140182 0.149999 0.16005 0.170293 0.180685 0.191177 0.201722 0.212266 0.222757 0.23314 0.24336 0.253361 0.263088 0.272485 0.2815 0.290081 0.298176 0.305739 0.312724 0.319091 0.324801 0.329819 0.334116 0.337665 0.340446 0.34244 0.343637 0.344029 0.343613 0.342393 0.340375 0.337572 0.334 0.329683 0.324645 0.318917 0.312533 0.305533 0.297957 0.289851 0.281262 0.272241 0.26284 0.253111 0.243111 0.232895 0.222517 0.212034 0.2015 0.190967 0.180488 0.170112 0.159885 0.149852 0.140053 0.130527 0.121307 0.112423 0.103904 0.0957705 0.0880436 0.0807387 0.0738685 0.0674426 0.0614675 0.0559474 0.050884 0.0462773 0.0421256 0.0384261 0.0351751 0.0323686 0.0300023 0.028072 0.0265739 0.025505 0.0248637 
0.026499 0.0267233 0.0274022 0.0285382 0.0301338 0.0321926 0.0347184 0.0377158 0.0411892 0.0451427 0.0495801 0.0545039 0.0599155 0.0658146 0.0721986 0.0790626 0.0863989 0.0941967 0.102442 0.111117 0.1202 0.129666 0.139485 0.149626 0.16005 0.170717 0.181583 0.192602 0.203723 0.214893 0.226058 0.237162 0.248147 0.258954 0.269526 0.279803 0.289729 0.299248 0.308304 0.316845 0.324823 0.332189 0.338901 0.344919 0.350207 0.354734 0.358473 0.361401 0.363502 0.364762 0.365174 0.364736 0.36345 0.361325 0.358371 0.354609 0.350059 0.344749 0.338711 0.331981 0.324598 0.316607 0.308053 0.298986 0.28946 0.279529 0.269249 0.258677 0.247873 0.236893 0.225797 0.214642 0.203484 0.192377 0.181374 0.170525 0.159876 0.149472 0.139351 0.129552 0.120106 0.111043 0.102387 0.0941598 0.0863787 0.0790577 0.0722072 0.065835 0.0599457 0.0545418 0.0496236 0.0451899 0.041238 0.0377644 0.0347651 0.0322357 0.0301721 0.0285705 0.0274278 0.0267423 
0.0284183 0.0286581 0.0293828 0.0305948 0.032297 0.0344927 0.037186 0.0403813 0.044083 0.0482953 0.0530216 0.0582643 0.0640244 0.0703011 0.0770911 0.0843887 0.0921853 0.100469 0.109224 0.118431 0.128067 0.138104 0.148512 0.159255 0.170293 0.181583 0.193079 0.204731 0.216485 0.228286 0.240076 0.251796 0.263386 0.274783 0.285928 0.296758 0.307214 0.317236 0.326769 0.335757 0.344149 0.351896 0.358952 0.365278 0.370835 0.375592 0.37952 0.382596 0.384802 0.386125 0.386558 0.386097 0.384747 0.382513 0.379411 0.375457 0.370676 0.365095 0.358748 0.351671 0.343906 0.335498 0.326496 0.316952 0.30692 0.296458 0.285624 0.274479 0.263083 0.251498 0.239785 0.228005 0.216216 0.204476 0.192841 0.181363 0.170092 0.159074 0.148353 0.137967 0.127951 0.118336 0.109149 0.100414 0.0921486 0.0843689 0.0770864 0.0703096 0.0640442 0.0582931 0.0530573 0.0483359 0.0441263 0.0404253 0.037229 0.034533 0.0323332 0.0306258 0.0294076 0.0286769 
0.0303858 0.0306414 0.0314126 0.0327022 0.0345127 0.0368478 0.0397114 0.043108 0.0470419 0.0515171 0.0565369 0.0621035 0.0682173 0.0748769 0.0820786 0.0898156 0.0980782 0.106853 0.116124 0.125869 0.136063 0.146678 0.157678 0.169028 0.180685 0.192602 0.204731 0.217018 0.229408 0.241841 0.254258 0.266595 0.27879 0.290778 0.302495 0.313877 0.324861 0.335386 0.345394 0.354826 0.36363 0.371756 0.379155 0.385786 0.391611 0.396595 0.400711 0.403933 0.406244 0.40763 0.408083 0.4076 0.406185 0.403845 0.400594 0.396451 0.391441 0.385591 0.378936 0.371515 0.363369 0.354548 0.345099 0.335079 0.324543 0.313552 0.302165 0.290446 0.278459 0.266269 0.253938 0.241531 0.229109 0.216734 0.204463 0.192353 0.180456 0.168821 0.157493 0.146515 0.135923 0.125752 0.116029 0.106779 0.0980242 0.0897799 0.0820596 0.0748728 0.0682258 0.0621225 0.0565643 0.0515505 0.0470791 0.0431471 0.0397504 0.036885 0.0345467 0.0327316 0.0314366 0.03066 
0.0323929 0.0326645 0.033483 0.0348511 0.0367715 0.0392477 0.0422837 0.045884 0.0500529 0.054794 0.0601106 0.0660044 0.0724755 0.0795218 0.0871388 0.0953189 0.104051 0.113321 0.123111 0.133397 0.144152 0.155346 0.166943 0.178901 0.191177 0.203723 0.216485 0.229408 0.242432 0.255498 0.268539 0.281492 0.29429 0.306865 0.319151 0.331081 0.34259 0.353614 0.364092 0.373965 0.383177 0.391677 0.399415 0.406349 0.412437 0.417647 0.421948 0.425315 0.427729 0.429177 0.42965 0.429145 0.427666 0.425221 0.421824 0.417494 0.412257 0.406141 0.399182 0.39142 0.382899 0.373667 0.363777 0.353284 0.342248 0.33073 0.318794 0.306506 0.293931 0.281136 0.26819 0.255157 0.242104 0.229094 0.216188 0.203445 0.19092 0.178666 0.166731 0.155158 0.143988 0.133257 0.122994 0.113228 0.103979 0.0952667 0.0871049 0.0795042 0.0724721 0.066013 0.0601289 0.0548197 0.0500836 0.0459177 0.0423183 0.0392814 0.0368028 0.0348788 0.033506 0.032683 
0.0344304 0.0347181 0.0355843 0.0370316 0.0390627 0.0416811 0.0448909 0.0486965 0.0531018 0.0581107 0.0637259 0.0699488 0.076779 0.0842138 0.0922479 0.100873 0.110076 0.119843 0.130152 0.140979 0.152297 0.16407 0.176261 0.188827 0.201722 0.214893 0.228286 0.241841 0.255498 0.26919 0.282852 0.296415 0.30981 0.322967 0.335816 0.348288 0.360316 0.371832 0.382775 0.393082 0.402697 0.411565 0.419637 0.426868 0.433216 0.438647 0.44313 0.446639 0.449155 0.450663 0.451156 0.45063 0.449089 0.446541 0.443 0.438486 0.433026 0.426648 0.419391 0.411293 0.402401 0.392766 0.38244 0.371481 0.359951 0.347914 0.335434 0.322581 0.309424 0.296031 0.282473 0.26882 0.255139 0.241498 0.227959 0.214586 0.201436 0.188564 0.176022 0.163856 0.152108 0.140816 0.130014 0.119729 0.109985 0.100803 0.0921985 0.0841823 0.0767632 0.0699464 0.0637346 0.0581281 0.0531255 0.0487243 0.0449208 0.0417111 0.0390912 0.0370573 0.0356061 0.0347363 
0.0364881 0.0367921 0.0377061 0.0392328 0.0413749 0.0441361 0.0475201 0.0515313 0.0561737 0.0614508 0.0673649 0.0739172 0.0811067 0.0889299 0.0973808 0.10645 0.116123 0.126385 0.137212 0.14858 0.160456 0.172805 0.185588 0.198758 0.212266 0.226058 0.240076 0.254258 0.268539 0.282852 0.297127 0.311293 0.325277 0.339007 0.352411 0.365416 0.377953 0.389954 0.401352 0.412086 0.422095 0.431324 0.439723 0.447245 0.453848 0.459495 0.464156 0.467803 0.470419 0.471987 0.472499 0.471952 0.47035 0.467701 0.464019 0.459326 0.453648 0.447015 0.439464 0.431038 0.421784 0.411752 0.400998 0.389582 0.377567 0.365018 0.352004 0.338595 0.324863 0.310881 0.29672 0.282453 0.268151 0.253885 0.23972 0.225722 0.211952 0.198467 0.185322 0.172565 0.160242 0.148393 0.137052 0.12625 0.116013 0.106363 0.0973153 0.0888839 0.0810779 0.0739033 0.0673636 0.0614594 0.05619 0.0515529 0.0475449 0.044162 0.0414004 0.0392564 0.0377267 0.0368099 
0.0385553 0.0388755 0.0398372 0.0414432 0.0436962 0.0465997 0.0501575 0.0543738 0.0592525 0.0647968 0.0710088 0.077889 0.085436 0.0936456 0.102511 0.112021 0.122162 0.132915 0.144256 0.156158 0.168588 0.181509 0.194876 0.208643 0.222757 0.237162 0.251796 0.266595 0.281492 0.296415 0.311293 0.326051 0.340613 0.354905 0.368852 0.38238 0.395416 0.407889 0.419733 0.430882 0.441276 0.450858 0.459576 0.467381 0.474231 0.480089 0.484923 0.488705 0.491417 0.493043 0.493574 0.493007 0.491345 0.488598 0.484781 0.479913 0.474022 0.46714 0.459305 0.450559 0.44095 0.430532 0.419361 0.407498 0.395008 0.381959 0.368421 0.354468 0.340173 0.325611 0.310857 0.295987 0.281075 0.266193 0.251411 0.236796 0.222414 0.208324 0.194583 0.181242 0.16835 0.155948 0.144073 0.132759 0.122032 0.111916 0.102429 0.0935847 0.0853938 0.0778633 0.0709969 0.0647964 0.0592611 0.0543889 0.0501769 0.0466214 0.0437185 0.0414645 0.0398565 0.0388928 
0.0406204 0.0409568 0.041966 0.0436507 0.0460137 0.0490584 0.0527887 0.0572085 0.0623215 0.0681306 0.0746377 0.0818427 0.0897437 0.0983357 0.107611 0.117557 0.12816 0.139397 0.151246 0.163676 0.176651 0.190133 0.204076 0.21843 0.23314 0.248147 0.263386 0.27879 0.29429 0.30981 0.325277 0.340613 0.35574 0.370581 0.385058 0.399094 0.412615 0.425549 0.437826 0.449379 0.460146 0.47007 0.479096 0.487176 0.494266 0.500327 0.505329 0.509242 0.512047 0.513729 0.514278 0.513692 0.511973 0.509131 0.505181 0.500145 0.494049 0.486926 0.478814 0.469758 0.459806 0.449013 0.437436 0.425139 0.412187 0.398651 0.384604 0.370119 0.355275 0.340147 0.324814 0.309355 0.293844 0.278359 0.262972 0.247752 0.232769 0.218084 0.203756 0.189841 0.176388 0.163441 0.15104 0.13922 0.12801 0.117434 0.107512 0.0982596 0.0896879 0.0818048 0.0746151 0.0681209 0.062322 0.0572168 0.0528025 0.0490757 0.0460326 0.0436696 0.0419838 0.0409737 
0.0426718 0.0430241 0.0440801 0.0458426 0.0483142 0.0514983 0.0553987 0.0600191 0.0653632 0.0714334 0.0782312 0.0857562 0.0940057 0.102974 0.112652 0.123028 0.134083 0.145797 0.158144 0.171091 0.184601 0.198634 0.21314 0.228068 0.24336 0.258954 0.274783 0.290778 0.306865 0.322967 0.339007 0.354905 0.370581 0.385954 0.400945 0.415474 0.429465 0.442844 0.455539 0.467482 0.47861 0.488864 0.498187 0.506532 0.513852 0.52011 0.525273 0.529312 0.532207 0.533943 0.534509 0.533904 0.532131 0.529198 0.525121 0.519922 0.513628 0.506273 0.497895 0.48854 0.478257 0.467101 0.455133 0.442416 0.429018 0.41501 0.400469 0.385469 0.370091 0.354414 0.338518 0.322484 0.306392 0.290319 0.274341 0.258532 0.242961 0.227694 0.212793 0.198315 0.184313 0.170832 0.157916 0.145599 0.133914 0.122886 0.112537 0.102882 0.093936 0.085706 0.0781977 0.0714141 0.0653555 0.0600205 0.0554068 0.0515109 0.0483295 0.045859 0.0440964 0.0430404 
0.0446969 0.0450649 0.0461669 0.0480057 0.0505839 0.0539047 0.057972 0.0627892 0.0683597 0.0746858 0.0817685 0.0896068 0.0981974 0.107534 0.117606 0.128401 0.139899 0.152079 0.164911 0.178362 0.192394 0.206962 0.222017 0.237503 0.253361 0.269526 0.285928 0.302495 0.319151 0.335816 0.352411 0.368852 0.385058 0.400945 0.41643 0.431434 0.445878 0.459685 0.472782 0.485101 0.496575 0.507145 0.516754 0.525352 0.532894 0.53934 0.544656 0.548816 0.551797 0.553584 0.554168 0.553545 0.551719 0.548698 0.5445 0.539146 0.532663 0.525085 0.516453 0.506811 0.49621 0.484707 0.472362 0.459241 0.445413 0.430952 0.415934 0.400438 0.384545 0.368337 0.351897 0.335307 0.318651 0.302009 0.285458 0.269076 0.252935 0.237102 0.221644 0.206619 0.192081 0.17808 0.16466 0.151859 0.13971 0.128241 0.117474 0.107427 0.0981138 0.0895441 0.081724 0.0746569 0.0683437 0.0627835 0.0579742 0.0539126 0.0505955 0.0480195 0.0461816 0.0450807 
0.0466833 0.0470665 0.0482134 0.0501266 0.0528087 0.0562629 0.0604928 0.0655018 0.0712929 0.0778682 0.0852282 0.0933714 0.102294 0.111988 0.122444 0.133646 0.145574 0.158205 0.171508 0.185448 0.199985 0.215072 0.230657 0.246683 0.263088 0.279803 0.296758 0.313877 0.331081 0.348288 0.365416 0.38238 0.399094 0.415474 0.431434 0.446893 0.46177 0.475986 0.489468 0.502145 0.51395 0.524821 0.534702 0.543542 0.551294 0.55792 0.563383 0.567657 0.57072 0.572556 0.573156 0.572516 0.57064 0.567537 0.563223 0.557721 0.551058 0.543268 0.534393 0.524478 0.513574 0.501739 0.489034 0.475527 0.461288 0.446393 0.430919 0.414946 0.398559 0.381841 0.364878 0.347755 0.330556 0.313365 0.296262 0.279327 0.262635 0.246257 0.230259 0.214704 0.199648 0.185143 0.171235 0.157965 0.145366 0.133468 0.122295 0.111866 0.102196 0.0932963 0.0851727 0.0778296 0.0712685 0.065489 0.0604891 0.056266 0.0528167 0.0501378 0.0482265 0.0470817 
0.048618 0.0490162 0.0502065 0.0521918 0.0549745 0.0585579 0.0629452 0.0681399 0.0741445 0.0809609 0.088589 0.097027 0.10627 0.11631 0.127136 0.13873 0.151074 0.164139 0.177896 0.192308 0.207331 0.222917 0.239012 0.255556 0.272485 0.289729 0.307214 0.324861 0.34259 0.360316 0.377953 0.395416 0.412615 0.429465 0.445878 0.46177 0.477059 0.491664 0.505512 0.518528 0.530646 0.541804 0.551943 0.561011 0.568963 0.575758 0.58136 0.585743 0.588883 0.590766 0.59138 0.590725 0.588801 0.58562 0.581197 0.575555 0.568722 0.560732 0.551626 0.541452 0.530261 0.518111 0.505065 0.491191 0.476562 0.461253 0.445344 0.428918 0.41206 0.394856 0.377393 0.359759 0.342041 0.324324 0.306693 0.289228 0.272008 0.255105 0.238589 0.222524 0.20697 0.19198 0.177603 0.163879 0.150846 0.138535 0.12697 0.116173 0.106159 0.0969396 0.0885226 0.0809126 0.0741117 0.0681199 0.0629356 0.0585562 0.0549788 0.0522003 0.0502179 0.0490307 
0.0504884 0.0509009 0.052133 0.0541876 0.0570671 0.0607746 0.0653134 0.0706864 0.0768961 0.083944 0.0918297 0.100551 0.110101 0.120473 0.131653 0.143625 0.156365 0.169847 0.184039 0.1989 0.214387 0.23045 0.247032 0.264071 0.2815 0.299248 0.317236 0.335386 0.353614 0.371832 0.389954 0.407889 0.425549 0.442844 0.459685 0.475986 0.491664 0.506638 0.52083 0.534167 0.546581 0.558007 0.568389 0.577673 0.585812 0.592766 0.598499 0.602984 0.606197 0.608123 0.608752 0.608081 0.606113 0.602859 0.598334 0.59256 0.585566 0.577388 0.568066 0.557648 0.546187 0.53374 0.520372 0.506153 0.491154 0.475454 0.459135 0.442279 0.424975 0.407309 0.389372 0.371253 0.353042 0.334826 0.316692 0.298723 0.280999 0.263596 0.246585 0.230035 0.214005 0.198551 0.183724 0.169567 0.156119 0.143412 0.131472 0.120321 0.109977 0.100451 0.0917525 0.0838863 0.0768551 0.0706594 0.0652978 0.0607682 0.0570677 0.0541935 0.0521428 0.0509148 
0.0522818 0.0527078 0.0539798 0.0561006 0.0590724 0.0628984 0.0675814 0.0731244 0.0795297 0.0867982 0.0949292 0.103919 0.113763 0.12445 0.135968 0.148297 0.161415 0.175293 0.189897 0.205185 0.221113 0.237628 0.254671 0.272178 0.290081 0.308304 0.326769 0.345394 0.364092 0.382775 0.401352 0.419733 0.437826 0.455539 0.472782 0.489468 0.505512 0.52083 0.535345 0.548982 0.561672 0.573351 0.583959 0.593444 0.601759 0.608861 0.614716 0.619295 0.622576 0.624543 0.625185 0.624501 0.622492 0.619169 0.614548 0.608652 0.601509 0.593155 0.583631 0.572985 0.56127 0.548546 0.534877 0.520333 0.504989 0.488923 0.472217 0.454958 0.437234 0.419134 0.400751 0.382175 0.363499 0.344812 0.326203 0.307756 0.289556 0.27168 0.254202 0.23719 0.220709 0.204816 0.189563 0.174994 0.161152 0.148068 0.135771 0.124284 0.113626 0.103808 0.0948415 0.0867313 0.0794807 0.0730906 0.0675601 0.0628873 0.0590694 0.0561039 0.053988 0.0527211 
0.0539855 0.0544244 0.0557342 0.0579175 0.0609766 0.0649145 0.0697339 0.0754376 0.0820276 0.0895045 0.097867 0.107112 0.117232 0.128217 0.140052 0.152719 0.166193 0.180443 0.195435 0.211125 0.227467 0.244407 0.261882 0.279829 0.298176 0.316845 0.335757 0.354826 0.373965 0.393082 0.412086 0.430882 0.449379 0.467482 0.485101 0.502145 0.518528 0.534167 0.548982 0.562898 0.575844 0.587757 0.598576 0.608247 0.616724 0.623963 0.629931 0.634599 0.637942 0.639946 0.640601 0.639904 0.637857 0.634471 0.629762 0.623752 0.616471 0.607954 0.598243 0.587386 0.575436 0.562455 0.548506 0.533661 0.517994 0.501587 0.484522 0.466887 0.448771 0.430267 0.411466 0.392464 0.373352 0.354224 0.33517 0.316277 0.29763 0.27931 0.261393 0.243949 0.227043 0.210737 0.195082 0.180127 0.165912 0.152474 0.139841 0.128037 0.117082 0.106989 0.0977694 0.0894287 0.0819709 0.0753972 0.0697071 0.0648989 0.0609701 0.0579182 0.0557408 0.0544371 
0.0555875 0.0560386 0.0573836 0.0596255 0.0627663 0.0668089 0.071756 0.0776101 0.0843728 0.0920445 0.100624 0.110106 0.120484 0.131747 0.14388 0.156861 0.170667 0.185265 0.200618 0.216683 0.233411 0.250745 0.268624 0.28698 0.305739 0.324823 0.344149 0.36363 0.383177 0.402697 0.422095 0.441276 0.460146 0.47861 0.496575 0.51395 0.530646 0.546581 0.561672 0.575844 0.589027 0.601154 0.612166 0.622009 0.630635 0.638001 0.644072 0.64882 0.652221 0.65426 0.654926 0.654217 0.652135 0.648691 0.643901 0.637787 0.630379 0.621713 0.61183 0.600779 0.588614 0.575395 0.561188 0.546066 0.530103 0.513381 0.495984 0.478002 0.459524 0.440645 0.421459 0.402061 0.382547 0.36301 0.343542 0.324235 0.305173 0.286441 0.268115 0.250268 0.232968 0.216276 0.200248 0.184931 0.17037 0.156601 0.143654 0.131555 0.120323 0.109973 0.100516 0.0919603 0.0843087 0.0775633 0.0717239 0.066789 0.0627565 0.0596238 0.0573887 0.0560506 
0.0570763 0.0575385 0.0589163 0.0612123 0.0644288 0.0685682 0.0736334 0.0796265 0.086549 0.0944008 0.10318 0.112882 0.123499 0.135018 0.147425 0.160697 0.174809 0.189727 0.205414 0.221824 0.238907 0.256605 0.274855 0.293586 0.312724 0.332189 0.351896 0.371756 0.391677 0.411565 0.431324 0.450858 0.47007 0.488864 0.507145 0.524821 0.541804 0.558007 0.573351 0.587757 0.601154 0.613477 0.624665 0.634663 0.643424 0.650905 0.657071 0.661892 0.665345 0.667415 0.668092 0.667372 0.665259 0.661762 0.656898 0.65069 0.643167 0.634365 0.624325 0.613098 0.600736 0.587302 0.572861 0.557485 0.541252 0.524243 0.506543 0.488243 0.469435 0.450213 0.430674 0.410914 0.39103 0.371118 0.351272 0.331583 0.312141 0.293029 0.274327 0.25611 0.238447 0.2214 0.205027 0.189378 0.174498 0.160423 0.147187 0.134814 0.123326 0.112739 0.103064 0.0943087 0.086478 0.0795738 0.0735963 0.0685443 0.0644157 0.0612083 0.0589199 0.0575499 
