2.8748e-07 3.0076e-07 3.6502e-07 4.88978e-07 6.8847e-07 9.879e-07 1.42208e-06 2.03868e-06 2.9013e-06 4.09312e-06 5.72125e-06 7.92156e-06 1.0864e-05 1.4758e-05 1.98585e-05 2.64709e-05 3.4956e-05 4.57335e-05 5.92839e-05 7.61481e-05 9.69247e-05 0.000122263 0.000152852 0.000189408 0.000232654 0.000283295 0.000341995 0.000409342 0.000485817 0.000571761 0.000667338 0.000772506 0.000886988 0.00101025 0.00114148 0.0012796 0.00142326 0.00157082 0.00172044 0.00187008 0.00201751 0.00216044 0.00229651 0.0024234 0.00253885 0.00264077 0.00272725 0.00279665 0.00284765 0.00287926 0.00289087 0.00288225 0.00285358 0.00280543 0.00273874 0.00265481 0.00255523 0.00244188 0.00231682 0.00218229 0.0020406 0.0018941 0.00174509 0.00159578 0.00144823 0.00130431 0.00116566 0.00103366 0.000909433 0.00079381 0.00068736 0.000590396 0.000502994 0.000425023 0.000356173 0.000295992 0.000243915 0.0001993 0.000161458 0.000129677 0.00010325 8.14921e-05 6.37544e-05 4.94365e-05 3.79928e-05 2.89366e-05 2.18405e-05 1.63351e-05 1.21062e-05 8.89006e-06 6.46852e-06 4.6636e-06 3.33204e-06 2.36009e-06 1.65869e-06 1.15915e-06 8.09396e-07 5.70865e-07 4.1591e-07 3.26011e-07 
3.0076e-07 3.14802e-07 3.82437e-07 5.12877e-07 7.22856e-07 1.03816e-06 1.49557e-06 2.14547e-06 3.05511e-06 4.31245e-06 6.03078e-06 8.35381e-06 1.14613e-05 1.55749e-05 2.09643e-05 2.79524e-05 3.69209e-05 4.83136e-05 6.26384e-05 8.0467e-05 0.000102432 0.000129218 0.000161553 0.000200192 0.000245896 0.00029941 0.000361429 0.000432573 0.000513343 0.000604096 0.000705 0.000816004 0.000936812 0.00106685 0.00120527 0.00135093 0.00150237 0.00165791 0.00181558 0.00197322 0.00212852 0.00227904 0.00242231 0.00255589 0.0026774 0.00278464 0.00287563 0.00294864 0.00300227 0.0030355 0.00304767 0.00303856 0.00300836 0.00295765 0.00288743 0.00279907 0.00269422 0.00257487 0.00244318 0.00230151 0.00215227 0.00199795 0.00184096 0.00168362 0.00152811 0.00137641 0.00123023 0.00109103 0.000960008 0.000838035 0.000725719 0.000623393 0.000531143 0.000448833 0.000376141 0.000312593 0.000257596 0.000210475 0.000170504 0.000136934 0.000109018 8.60342e-05 6.72977e-05 5.21745e-05 4.00885e-05 3.05251e-05 2.30328e-05 1.72213e-05 1.27583e-05 9.36514e-06 6.81115e-06 4.90821e-06 3.50493e-06 2.48109e-06 1.74261e-06 1.21692e-06 8.49072e-07 5.98332e-07 4.35536e-07 3.41145e-07 
3.6502e-07 3.82437e-07 4.64821e-07 6.23336e-07 8.78217e-07 1.2606e-06 1.81487e-06 2.6017e-06 3.70198e-06 5.22138e-06 7.29576e-06 1.00972e-05 1.38405e-05 1.87902e-05 2.52672e-05 3.36555e-05 4.44075e-05 5.80483e-05 7.51775e-05 9.64682e-05 0.000122663 0.000154564 0.000193021 0.000238912 0.00029312 0.000356502 0.000429858 0.000513891 0.000609167 0.000716077 0.000834789 0.000965218 0.00110699 0.00125941 0.00142146 0.00159179 0.0017687 0.0019502 0.00213401 0.00231761 0.00249832 0.00267333 0.00283978 0.00299485 0.00313582 0.00326016 0.00336559 0.00345012 0.00351217 0.00355055 0.00356454 0.00355385 0.00351872 0.00345983 0.00337831 0.00327572 0.00315398 0.00301536 0.00286235 0.00269766 0.00252409 0.00234447 0.00216162 0.00197823 0.00179682 0.00161968 0.00144884 0.001286 0.00113255 0.000989554 0.000857732 0.000737498 0.000628976 0.000532033 0.000446314 0.000371287 0.000306275 0.000250505 0.000203138 0.000163307 0.000130145 0.000102808 8.04965e-05 6.24666e-05 4.80409e-05 3.66134e-05 2.76508e-05 2.06915e-05 1.53417e-05 1.12701e-05 8.20266e-06 5.9151e-06 4.22674e-06 2.99393e-06 2.10406e-06 1.47019e-06 1.0264e-06 7.23782e-07 5.27296e-07 4.13461e-07 
4.88978e-07 5.12877e-07 6.23336e-07 8.35161e-07 1.17512e-06 1.6843e-06 2.42114e-06 3.4654e-06 4.92309e-06 6.93243e-06 9.67063e-06 1.33616e-05 1.82839e-05 2.47799e-05 3.32634e-05 4.42281e-05 5.82537e-05 7.60108e-05 9.82625e-05 0.000125862 0.000159747 0.000200927 0.000250464 0.000309454 0.000378988 0.00046012 0.000553827 0.000660954 0.000782172 0.000917922 0.00106837 0.00123336 0.00141236 0.00160448 0.00180838 0.00202235 0.00224423 0.00247153 0.00270139 0.00293069 0.00315609 0.00337411 0.00358125 0.00377402 0.00394911 0.00410339 0.00423409 0.0043388 0.00441558 0.00446297 0.0044801 0.00446665 0.00442289 0.00434965 0.00424832 0.0041208 0.00396946 0.00379704 0.00360663 0.00340152 0.00318517 0.00296109 0.00273272 0.00250342 0.00227632 0.00205427 0.00183982 0.00163511 0.00144192 0.0012616 0.00109509 0.000942966 0.000805419 0.000682327 0.000573289 0.000477673 0.000394667 0.000323324 0.000262616 0.000211468 0.000168803 0.000133564 0.000104749 8.14184e-05 6.27168e-05 4.78744e-05 3.62122e-05 2.71402e-05 2.01537e-05 1.48273e-05 1.08076e-05 7.80484e-06 5.58502e-06 3.96159e-06 2.788e-06 1.95086e-06 1.36402e-06 9.6347e-07 7.03274e-07 5.52635e-07 
6.8847e-07 7.22856e-07 8.78217e-07 1.17512e-06 1.65061e-06 2.36143e-06 3.38808e-06 4.84015e-06 6.86295e-06 9.64538e-06 1.34289e-05 1.85177e-05 2.52892e-05 3.42053e-05 4.58227e-05 6.08032e-05 7.99212e-05 0.000104069 0.000134257 0.000171611 0.000217364 0.000272833 0.000339403 0.000418487 0.000511488 0.000619749 0.000744501 0.000886794 0.00104744 0.00122696 0.00142548 0.00164273 0.00187796 0.00212992 0.00239683 0.0026764 0.00296581 0.00326177 0.00356061 0.00385826 0.00415043 0.00443268 0.0047005 0.00494947 0.00517535 0.00537421 0.0055425 0.0056772 0.00577584 0.00583661 0.0058584 0.00584081 0.00578418 0.00568957 0.00555875 0.00539412 0.00519867 0.00497589 0.0047297 0.00446429 0.00418407 0.00389351 0.00359706 0.00329901 0.0030034 0.00271395 0.00243395 0.00216624 0.00191315 0.0016765 0.00145757 0.00125717 0.00107561 0.00091281 0.000768299 0.000641311 0.000530835 0.00043568 0.000354533 0.000286018 0.000228739 0.000181329 0.000142476 0.00011095 8.56246e-05 6.54821e-05 4.96218e-05 3.72582e-05 2.77171e-05 2.04282e-05 1.49163e-05 1.07908e-05 7.73508e-06 5.49611e-06 3.87461e-06 2.71601e-06 1.90257e-06 1.34666e-06 9.853e-07 7.76209e-07 
9.879e-07 1.03816e-06 1.2606e-06 1.6843e-06 2.36143e-06 3.37172e-06 4.828e-06 6.88349e-06 9.74082e-06 1.36626e-05 1.89837e-05 2.61243e-05 3.56045e-05 4.80581e-05 6.4247e-05 8.50732e-05 0.000111588 0.000144998 0.000186666 0.0002381 0.000300945 0.000376954 0.000467952 0.000575795 0.000702314 0.000849243 0.00101815 0.00121037 0.00142688 0.00166828 0.00193465 0.00222553 0.00253983 0.0028758 0.00323101 0.00360236 0.0039861 0.00437786 0.00477277 0.00516552 0.00555048 0.00592187 0.00627383 0.00660063 0.00689682 0.00715731 0.00737755 0.00755366 0.00768247 0.00776168 0.00778986 0.00776651 0.00769206 0.0075679 0.00739627 0.00718028 0.00692377 0.00663124 0.00630773 0.00595867 0.00558976 0.00520682 0.00481564 0.00442181 0.00403065 0.00364705 0.00327537 0.0029194 0.00258228 0.00226646 0.00197374 0.00170525 0.00146152 0.00124251 0.0010477 0.000876144 0.00072657 0.000597454 0.000487103 0.000393721 0.00031548 0.000250574 0.000197263 0.00015391 0.000119007 9.11855e-05 6.92309e-05 5.20796e-05 3.88155e-05 2.86611e-05 2.09663e-05 1.51951e-05 1.09118e-05 7.7673e-06 5.4857e-06 3.85253e-06 2.70405e-06 1.91813e-06 1.40686e-06 1.11116e-06 
1.42208e-06 1.49557e-06 1.81487e-06 2.42114e-06 3.38808e-06 4.828e-06 6.89947e-06 9.81732e-06 1.38649e-05 1.94082e-05 2.69129e-05 3.69612e-05 5.02713e-05 6.77161e-05 9.03405e-05 0.000119377 0.000156258 0.00020262 0.000260301 0.000331332 0.000417912 0.000522375 0.000647138 0.000794643 0.000967278 0.00116729 0.00139668 0.00165712 0.00194982 0.00227542 0.00263393 0.00302457 0.00344578 0.00389513 0.00436929 0.00486407 0.00537442 0.00589456 0.00641802 0.00693781 0.00744657 0.00793671 0.00840064 0.00883092 0.00922047 0.00956273 0.00985185 0.0100828 0.0102516 0.0103551 0.0103917 0.0103607 0.0102626 0.0100991 0.00987335 0.00958917 0.00925155 0.0088663 0.00843993 0.00797949 0.00749238 0.00698616 0.00646839 0.00594641 0.00542722 0.00491727 0.00442236 0.00394754 0.00349706 0.00307425 0.00268161 0.00232076 0.00199251 0.00169695 0.00143348 0.00120096 0.000997788 0.000822022 0.000671466 0.000543778 0.000436554 0.000347405 0.00027402 0.00021421 0.000165949 0.000127396 9.69068e-05 7.30365e-05 5.45367e-05 4.03442e-05 2.95671e-05 2.14675e-05 1.54441e-05 1.10135e-05 7.79254e-06 5.48289e-06 3.85605e-06 2.74131e-06 2.01553e-06 1.59591e-06 
2.03868e-06 2.14547e-06 2.6017e-06 3.4654e-06 4.84015e-06 6.88349e-06 9.81732e-06 1.39415e-05 1.96504e-05 2.74524e-05 3.79915e-05 5.20714e-05 7.06798e-05 9.50129e-05 0.000126498 0.000166813 0.000217898 0.000281963 0.000361481 0.000459168 0.000577954 0.000720931 0.000891284 0.00109221 0.0013268 0.00159795 0.00190821 0.00225964 0.0026537 0.00309108 0.00357159 0.00409406 0.00465623 0.00525474 0.00588506 0.00654154 0.00721746 0.00790516 0.00859611 0.00928116 0.00995069 0.0105949 0.0112038 0.011768 0.0122781 0.012726 0.0131039 0.0134055 0.0136257 0.0137606 0.0138079 0.0137669 0.0136382 0.0134241 0.0131283 0.0127561 0.0123136 0.0118084 0.0112489 0.0106441 0.0100036 0.00933725 0.00865479 0.00796584 0.00727955 0.0066044 0.00594808 0.00531731 0.00471777 0.004154 0.00362943 0.00314637 0.00270605 0.00230874 0.00195381 0.0016399 0.00136501 0.00112667 0.000922065 0.000748146 0.000601774 0.000479805 0.000379177 0.000296982 0.000230513 0.000177297 0.00013512 0.000102029 7.63274e-05 5.65686e-05 4.15335e-05 3.02108e-05 2.17736e-05 1.55552e-05 1.10261e-05 7.77265e-06 5.4773e-06 3.90236e-06 2.87611e-06 2.28296e-06 
2.9013e-06 3.05511e-06 3.70198e-06 4.92309e-06 6.86295e-06 9.74082e-06 1.38649e-05 1.96504e-05 2.76423e-05 3.85409e-05 5.32308e-05 7.28123e-05 9.86333e-05 0.000132321 0.000175809 0.000231364 0.000301595 0.000389461 0.00049826 0.000631601 0.000793351 0.000987572 0.00121842 0.00149005 0.00180643 0.00217125 0.0025877 0.00305831 0.00358479 0.00416783 0.00480693 0.00550034 0.00624487 0.00703589 0.00786729 0.00873154 0.00961977 0.0105219 0.0114268 0.0123225 0.0131967 0.0140365 0.0148295 0.0155633 0.0162262 0.0168074 0.0172976 0.0176884 0.0179733 0.0181477 0.0182085 0.0181547 0.0179872 0.017709 0.0173248 0.0168411 0.0162659 0.0156088 0.0148804 0.0140924 0.0132569 0.0123866 0.0114942 0.0105919 0.00969182 0.00880489 0.00794123 0.00710971 0.00631789 0.00557188 0.00487637 0.00423458 0.00364836 0.00311826 0.00264369 0.00222304 0.00185387 0.00153307 0.00125705 0.0010219 0.000823546 0.00065789 0.000520913 0.000408777 0.000317893 0.000244971 0.000187049 0.000141505 0.000106058 7.87482e-05 5.79243e-05 4.221e-05 3.04768e-05 2.18123e-05 1.54897e-05 1.09397e-05 7.72446e-06 5.51535e-06 4.07466e-06 3.24218e-06 
4.09312e-06 4.31245e-06 5.22138e-06 6.93243e-06 9.64538e-06 1.36626e-05 1.94082e-05 2.74524e-05 3.85409e-05 5.36297e-05 7.39229e-05 0.000100913 0.000136423 0.000182645 0.000242176 0.000318045 0.00041373 0.000533157 0.000680681 0.000861044 0.00107931 0.00134074 0.00165073 0.00201459 0.00243737 0.0029237 0.00347753 0.00410192 0.00479879 0.00556875 0.00641084 0.00732246 0.00829918 0.00933472 0.0104209 0.0115478 0.0127038 0.0138758 0.0150493 0.0162092 0.0173394 0.0184238 0.0194463 0.0203913 0.0212441 0.0219911 0.0226205 0.0231219 0.0234871 0.0237102 0.0237875 0.0237178 0.0235022 0.0231444 0.0226503 0.022028 0.0212878 0.0204415 0.0195026 0.0184858 0.0174067 0.0162811 0.0151254 0.0139552 0.012786 0.011632 0.0105063 0.00942051 0.00838457 0.00740665 0.00649306 0.00564828 0.004875 0.00417423 0.00354548 0.00298692 0.00249561 0.0020677 0.00169868 0.00138358 0.00111719 0.000894199 0.000709394 0.00055776 0.000434588 0.000335539 0.000256691 0.000194558 0.000146094 0.000108678 8.00869e-05 5.84671e-05 4.22918e-05 3.03234e-05 2.15734e-05 1.52652e-05 1.08002e-05 7.72826e-06 5.72317e-06 4.5648e-06 
5.72125e-06 6.03078e-06 7.29576e-06 9.67063e-06 1.34289e-05 1.89837e-05 2.69129e-05 3.79915e-05 5.32308e-05 7.39229e-05 0.00010169 0.000138539 0.000186907 0.000249721 0.000330432 0.000433051 0.000562163 0.000722923 0.000921021 0.00116262 0.00145427 0.00180276 0.00221494 0.00269754 0.00325693 0.00389882 0.00462802 0.00544814 0.00636127 0.0073678 0.00846609 0.00965236 0.0109205 0.0122622 0.0136666 0.0151207 0.0166094 0.018116 0.0196219 0.0211078 0.0225535 0.0239386 0.0252429 0.0264469 0.0275321 0.0284819 0.0292813 0.0299176 0.0303807 0.0306631 0.0307605 0.0306712 0.0303967 0.0299415 0.029313 0.0285212 0.0275788 0.0265007 0.0253036 0.0240058 0.0226268 0.0211867 0.0197058 0.0182042 0.0167013 0.0152154 0.0137634 0.0123601 0.0110187 0.00974982 0.00856193 0.00746114 0.00645131 0.00553414 0.00470936 0.00397498 0.00332752 0.0027623 0.00227374 0.0018556 0.00150126 0.00120397 0.000957014 0.000753922 0.000588575 0.00045531 0.000348987 0.000265018 0.00019938 0.000148594 0.000109706 8.02384e-05 5.81465e-05 4.17678e-05 2.97705e-05 2.11055e-05 1.49623e-05 1.073e-05 7.96505e-06 6.36803e-06 
7.92156e-06 8.35381e-06 1.00972e-05 1.33616e-05 1.85177e-05 2.61243e-05 3.69612e-05 5.20714e-05 7.28123e-05 0.000100913 0.000138539 0.000188355 0.000253596 0.000338122 0.000446476 0.00058391 0.000756407 0.000970661 0.00123403 0.00155444 0.00194025 0.0024001 0.00294263 0.00357626 0.00430886 0.00514741 0.00609765 0.00716371 0.0083478 0.00964985 0.0110672 0.0125946 0.0142237 0.0159435 0.0177397 0.0195957 0.0214922 0.0234077 0.025319 0.0272016 0.0290304 0.0307799 0.032425 0.0339418 0.0353074 0.0365013 0.0375052 0.0383036 0.0388841 0.0392377 0.039359 0.0392459 0.0389005 0.0383281 0.0375377 0.0365418 0.0353557 0.0339978 0.0324885 0.0308506 0.029108 0.0272857 0.0254091 0.0235033 0.0215925 0.0197 0.0178471 0.016053 0.0143345 0.0127054 0.011177 0.00975759 0.00845251 0.00726445 0.00619359 0.00523786 0.00439325 0.00365419 0.00301383 0.00246447 0.00199783 0.00160539 0.00127863 0.00100928 0.000789478 0.00061192 0.000469938 0.000357557 0.000269513 0.000201244 0.000148856 0.000109075 7.91903e-05 5.69892e-05 4.06956e-05 2.89062e-05 2.05339e-05 1.4758e-05 1.09813e-05 8.80016e-06 
1.0864e-05 1.14613e-05 1.38405e-05 1.82839e-05 2.52892e-05 3.56045e-05 5.02713e-05 7.06798e-05 9.86333e-05 0.000136423 0.000186907 0.000253596 0.000340729 0.000453353 0.000597378 0.000779616 0.00100779 0.00129049 0.00163713 0.00205778 0.00256302 0.00316367 0.00387051 0.00469393 0.00564351 0.00672765 0.00795307 0.00932438 0.0108437 0.0125102 0.01432 0.0162656 0.0183359 0.0205163 0.0227888 0.0251318 0.027521 0.0299294 0.0323281 0.0346867 0.036974 0.0391588 0.0412103 0.0430993 0.0447981 0.0462817 0.0475279 0.0485182 0.0492376 0.0496752 0.0498244 0.0496831 0.0492535 0.0485421 0.0475599 0.0463216 0.044846 0.0431552 0.0412742 0.0392305 0.0370535 0.0347736 0.0324222 0.0300301 0.0276277 0.0252438 0.0229052 0.0206362 0.0184581 0.016389 0.0144434 0.0126324 0.0109634 0.00944046 0.00806448 0.00683348 0.00574297 0.0047864 0.00395557 0.00324107 0.00263269 0.0021198 0.00169173 0.00133804 0.00104873 0.000814473 0.000626722 0.000477778 0.000360827 0.000269944 0.000200051 0.000146864 0.000106825 7.70199e-05 5.5103e-05 3.92155e-05 2.79141e-05 2.01066e-05 1.49968e-05 1.20463e-05 
1.4758e-05 1.55749e-05 1.87902e-05 2.47799e-05 3.42053e-05 4.80581e-05 6.77161e-05 9.50129e-05 0.000132321 0.000182645 0.000249721 0.000338122 0.000453353 0.000601939 0.000791492 0.00103075 0.00132956 0.00169887 0.00215054 0.00269726 0.00335222 0.00412885 0.0050404 0.00609951 0.00731772 0.00870491 0.0102688 0.0120143 0.0139433 0.0160538 0.01834 0.0207916 0.0233942 0.0261288 0.0289724 0.0318977 0.0348744 0.0378689 0.0408455 0.0437671 0.0465954 0.0492927 0.0518218 0.0541473 0.0562361 0.0580584 0.0595876 0.0608016 0.0616827 0.0622181 0.0623998 0.0622253 0.0616974 0.0608237 0.0596172 0.0580956 0.0562812 0.0542004 0.0518831 0.0493623 0.0466734 0.0438533 0.04094 0.0379712 0.0349842 0.0320143 0.0290951 0.0262566 0.023526 0.0209261 0.0184758 0.0161896 0.0140776 0.0121458 0.0103961 0.00882679 0.00743318 0.00620769 0.00514063 0.00422069 0.00343544 0.00277183 0.0022166 0.00175672 0.00137966 0.00107364 0.000827788 0.000632303 0.00047846 0.000358641 0.000266291 0.000195865 0.000142735 0.000103105 7.39051e-05 5.26991e-05 3.7589e-05 2.71355e-05 2.02879e-05 1.63342e-05 
1.98585e-05 2.09643e-05 2.52672e-05 3.32634e-05 4.58227e-05 6.4247e-05 9.03405e-05 0.000126498 0.000175809 0.000242176 0.000330432 0.000446476 0.000597378 0.000791492 0.00103852 0.00134954 0.00173702 0.00221468 0.00279737 0.00350085 0.00434139 0.00533545 0.00649911 0.00784754 0.00939439 0.0111511 0.0131263 0.0153251 0.0177486 0.0203932 0.0232506 0.026307 0.0295436 0.0329361 0.0364553 0.0400677 0.0437353 0.0474171 0.0510696 0.0546477 0.0581055 0.0613975 0.0644796 0.0673096 0.0698485 0.0720607 0.0739154 0.0753865 0.0764532 0.0771004 0.0773192 0.0771065 0.0764654 0.075405 0.0739405 0.0720927 0.0698877 0.0673565 0.0645345 0.0614609 0.0581776 0.0547289 0.0511601 0.0475168 0.0438439 0.0401849 0.0365806 0.0330684 0.0296818 0.02645 0.0233967 0.020541 0.0178964 0.0154712 0.0132692 0.0112892 0.00952637 0.00797223 0.00661556 0.00544296 0.00443951 0.00358936 0.00287631 0.00228425 0.00179762 0.00140172 0.00108292 0.000828831 0.000628409 0.000471958 0.000351107 0.000258743 0.000188915 0.000136722 9.81895e-05 7.0153e-05 5.0142e-05 3.62782e-05 2.71881e-05 2.19401e-05 
2.64709e-05 2.79524e-05 3.36555e-05 4.42281e-05 6.08032e-05 8.50732e-05 0.000119377 0.000166813 0.000231364 0.000318045 0.000433051 0.00058391 0.000779616 0.00103075 0.00134954 0.00174993 0.00224745 0.00285919 0.0036035 0.00449972 0.00556772 0.00682739 0.00829799 0.00999747 0.0119417 0.0141437 0.0166128 0.019354 0.0223671 0.0256464 0.0291801 0.0329501 0.0369321 0.0410955 0.0454039 0.0498158 0.054285 0.0587618 0.0631937 0.0675267 0.0717062 0.0756786 0.0793917 0.0827962 0.0858464 0.0885011 0.0907245 0.0924863 0.0937627 0.0945363 0.0947967 0.0945405 0.0937713 0.0924995 0.0907427 0.0885249 0.0858762 0.0828328 0.0794359 0.075731 0.0717676 0.0675976 0.0632748 0.0588534 0.0543873 0.0499286 0.0455267 0.0412277 0.0370727 0.0330978 0.0293333 0.0258035 0.0225263 0.0195133 0.0167703 0.0142975 0.0120901 0.010139 0.00843132 0.0069515 0.00568188 0.00460347 0.00369666 0.00294185 0.00231991 0.00181269 0.00140326 0.00107617 0.000817563 0.000615228 0.000458582 0.000338597 0.000247692 0.000179603 0.000129234 9.25155e-05 6.6263e-05 4.80491e-05 3.60955e-05 2.91946e-05 
3.4956e-05 3.69209e-05 4.44075e-05 5.82537e-05 7.99212e-05 0.000111588 0.000156258 0.000217898 0.000301595 0.00041373 0.000562163 0.000756407 0.00100779 0.00132956 0.00173702 0.00224745 0.00288009 0.00365593 0.00459741 0.00572801 0.00707167 0.00865214 0.0104922 0.0126128 0.015032 0.0177643 0.0208195 0.0242019 0.0279096 0.0319337 0.0362582 0.0408595 0.0457067 0.0507616 0.0559795 0.0613096 0.0666962 0.0720797 0.0773976 0.0825862 0.0875815 0.0923206 0.096743 0.100792 0.104414 0.107563 0.110198 0.112283 0.113793 0.114707 0.115014 0.114709 0.113797 0.112289 0.110207 0.107576 0.104431 0.100814 0.0967716 0.0923568 0.0876264 0.082641 0.0774632 0.0721569 0.0667857 0.0614116 0.0560939 0.050888 0.0458442 0.041007 0.0364142 0.0320964 0.0280769 0.0243718 0.0209896 0.0179325 0.0151961 0.0127709 0.0106426 0.00879342 0.00720272 0.00584805 0.00470602 0.00375297 0.00296574 0.00232211 0.0018013 0.00138423 0.0010537 0.0007945 0.000593371 0.00043897 0.000321736 0.000233741 0.000168515 0.000120876 8.67563e-05 6.30502e-05 4.74773e-05 3.84871e-05 
4.57335e-05 4.83136e-05 5.80483e-05 7.60108e-05 0.000104069 0.000144998 0.00020262 0.000281963 0.000389461 0.000533157 0.000722923 0.000970661 0.00129049 0.00169887 0.00221468 0.00285919 0.00365593 0.00463044 0.00580983 0.00722229 0.00889633 0.0108599 0.0131397 0.0157595 0.0187399 0.0220964 0.0258389 0.0299704 0.0344863 0.0393738 0.0446115 0.050169 0.0560076 0.0620801 0.068332 0.0747022 0.0811242 0.0875274 0.0938383 0.0999827 0.105886 0.111477 0.116684 0.121445 0.125698 0.12939 0.132476 0.134916 0.136681 0.137749 0.138106 0.137747 0.136679 0.134913 0.132473 0.129388 0.125697 0.121448 0.116692 0.111491 0.105909 0.100015 0.0938817 0.0875833 0.0811938 0.0747863 0.0684309 0.0621938 0.0561355 0.0503103 0.0447647 0.0395371 0.0346576 0.0301473 0.0260188 0.0222768 0.0189181 0.0159333 0.0133067 0.0110184 0.0090447 0.00735939 0.00593487 0.00474301 0.00375599 0.002947 0.00229076 0.00176396 0.00134547 0.00101652 0.000760686 0.000563847 0.000414064 0.000301397 0.000217715 0.000156478 0.000112544 8.19748e-05 6.1874e-05 5.02698e-05 
5.92839e-05 6.26384e-05 7.51775e-05 9.82625e-05 0.000134257 0.000186666 0.000260301 0.000361481 0.00049826 0.000680681 0.000921021 0.00123403 0.00163713 0.00215054 0.00279737 0.0036035 0.00459741 0.00580983 0.00727319 0.00902091 0.0110865 0.0135026 0.0162997 0.0195049 0.0231407 0.0272234 0.0317623 0.0367585 0.0422036 0.0480796 0.0543585 0.061002 0.0679618 0.0751805 0.0825925 0.0901249 0.0976992 0.105233 0.112641 0.119837 0.126737 0.133258 0.139321 0.144855 0.149791 0.154072 0.157645 0.160468 0.162508 0.16374 0.164151 0.163735 0.162498 0.160454 0.157627 0.154052 0.14977 0.144835 0.139304 0.133245 0.12673 0.11984 0.112655 0.10526 0.0977412 0.0901832 0.082668 0.0752738 0.0680727 0.0611299 0.0545023 0.0482374 0.0423733 0.0369376 0.031948 0.0274127 0.0233306 0.0196925 0.0164823 0.0136778 0.0112522 0.00917542 0.00741535 0.00593886 0.00471297 0.00370563 0.00288646 0.00222724 0.00170229 0.00128869 0.000966264 0.000717633 0.000528022 0.000385093 0.000278715 0.000200721 0.000144668 0.000105609 7.99006e-05 6.5059e-05 
7.61481e-05 8.0467e-05 9.64682e-05 0.000125862 0.000171611 0.0002381 0.000331332 0.000459168 0.000631601 0.000861044 0.00116262 0.00155444 0.00205778 0.00269726 0.00350085 0.00449972 0.00572801 0.00722229 0.00902091 0.0111631 0.0136877 0.0166323 0.0200314 0.0239151 0.0283075 0.0332253 0.0386763 0.0446586 0.051159 0.058153 0.0656045 0.0734655 0.0816769 0.0901697 0.0988655 0.107679 0.116517 0.125286 0.133888 0.142224 0.1502 0.157722 0.164704 0.171065 0.17673 0.181636 0.185726 0.188955 0.191285 0.192692 0.193159 0.192683 0.191267 0.188928 0.185692 0.181595 0.176685 0.171017 0.164656 0.157677 0.150159 0.142191 0.133865 0.125277 0.116524 0.107703 0.0989093 0.0902342 0.0817625 0.073572 0.0657311 0.0582983 0.0513207 0.0448342 0.0388628 0.0334193 0.0285056 0.0241139 0.0202276 0.0168229 0.01387 0.0113349 0.0091805 0.00736841 0.00585994 0.0046172 0.00360403 0.00278668 0.00213423 0.00161893 0.0012163 0.000905106 0.000667259 0.000487585 0.000353585 0.000255149 0.000184281 0.000134828 0.000102246 8.34348e-05 
9.69247e-05 0.000102432 0.000122663 0.000159747 0.000217364 0.000300945 0.000417912 0.000577954 0.000793351 0.00107931 0.00145427 0.00194025 0.00256302 0.00335222 0.00434139 0.00556772 0.00707167 0.00889633 0.0110865 0.0136877 0.0167446 0.0202997 0.0243915 0.0290527 0.0343088 0.0401758 0.0466593 0.0537529 0.0614374 0.0696803 0.0784356 0.0876442 0.0972347 0.107125 0.117222 0.127426 0.137633 0.147732 0.157613 0.167167 0.176286 0.184869 0.192819 0.200049 0.206478 0.212038 0.216667 0.220317 0.22295 0.224538 0.225064 0.224524 0.222922 0.220276 0.216614 0.211974 0.206406 0.19997 0.192737 0.184786 0.176205 0.167092 0.157548 0.147679 0.137596 0.127409 0.117226 0.107152 0.0972863 0.0877207 0.0785367 0.0698049 0.0615836 0.0539181 0.0468404 0.0403693 0.0345108 0.0292592 0.0245986 0.0205038 0.0169424 0.0138762 0.0112634 0.00905982 0.00722056 0.00570136 0.00445965 0.0034554 0.0026518 0.0020156 0.00151733 0.00113135 0.000835674 0.000611837 0.000444556 0.000321436 0.000232642 0.000170589 0.000129666 0.000106037 
0.000122263 0.000129218 0.000154564 0.000200927 0.000272833 0.000376954 0.000522375 0.000720931 0.000987572 0.00134074 0.00180276 0.0024001 0.00316367 0.00412885 0.00533545 0.00682739 0.00865214 0.0108599 0.0135026 0.0166323 0.0202997 0.0245523 0.0294323 0.0349747 0.0412054 0.0481391 0.0557775 0.0641088 0.0731059 0.0827267 0.0929137 0.103595 0.114685 0.126087 0.137692 0.149388 0.161052 0.172561 0.183793 0.194625 0.20494 0.214627 0.223581 0.231709 0.238925 0.245155 0.250336 0.254417 0.257358 0.25913 0.259716 0.259111 0.25732 0.254362 0.250264 0.245067 0.238824 0.231598 0.223462 0.214503 0.204816 0.194504 0.183679 0.172459 0.160965 0.14932 0.137648 0.126068 0.114694 0.103632 0.0929805 0.0828221 0.0732285 0.0642562 0.0559465 0.0483259 0.041406 0.0351845 0.0296468 0.0247672 0.0205109 0.0168362 0.0136962 0.0110407 0.00881825 0.00697776 0.00546955 0.0042467 0.00326576 0.00248728 0.00187615 0.00140163 0.00103734 0.000760961 0.000553987 0.000401359 0.000291093 0.000213921 0.000162977 0.00013356 
0.000152852 0.000161553 0.000193021 0.000250464 0.000339403 0.000467952 0.000647138 0.000891284 0.00121842 0.00165073 0.00221494 0.00294263 0.00387051 0.0050404 0.00649911 0.00829799 0.0104922 0.0131397 0.0162997 0.0200314 0.0243915 0.0294323 0.0351994 0.0417295 0.0490478 0.0571662 0.0660818 0.0757752 0.0862099 0.0973322 0.109071 0.121341 0.13404 0.147055 0.160262 0.173531 0.186726 0.199709 0.212343 0.224496 0.236041 0.246856 0.256833 0.265871 0.27388 0.280785 0.28652 0.291032 0.29428 0.296236 0.296882 0.296212 0.294233 0.290962 0.286428 0.280674 0.273751 0.265726 0.256676 0.24669 0.23587 0.224325 0.212176 0.199551 0.186583 0.173407 0.160162 0.146982 0.133997 0.121331 0.109095 0.0973896 0.0863002 0.0758964 0.066231 0.0573395 0.0492407 0.0419373 0.0354169 0.0296544 0.0246135 0.0202488 0.0165087 0.013337 0.0106754 0.00846535 0.0066496 0.00517366 0.00398676 0.00304254 0.00229955 0.00172133 0.00127642 0.000938152 0.000684311 0.000496763 0.000361032 0.000265901 0.000203039 0.000166736 
0.000189408 0.000200192 0.000238912 0.000309454 0.000418487 0.000575795 0.000794643 0.00109221 0.00149005 0.00201459 0.00269754 0.00357626 0.00469393 0.00609951 0.00784754 0.00999747 0.0126128 0.0157595 0.0195049 0.0239151 0.0290527 0.0349747 0.0417295 0.0493542 0.0578725 0.0672922 0.0776036 0.0887784 0.100769 0.113507 0.126908 0.140869 0.155272 0.169985 0.184868 0.199774 0.214551 0.229048 0.243115 0.25661 0.269396 0.281345 0.292343 0.302285 0.31108 0.318649 0.324927 0.32986 0.333409 0.335544 0.336248 0.335516 0.333353 0.329777 0.324817 0.318514 0.310922 0.302107 0.292148 0.281136 0.269177 0.256387 0.242893 0.228832 0.214347 0.199588 0.184705 0.16985 0.15517 0.140803 0.12688 0.113518 0.100818 0.0888649 0.0777248 0.0674444 0.0580511 0.049554 0.0419449 0.0352 0.0292822 0.0241435 0.0197276 0.0159724 0.0128125 0.0101817 0.0080147 0.00624872 0.00482503 0.0036897 0.0027942 0.00209569 0.00155703 0.0011466 0.000837973 0.000609511 0.000443885 0.000327634 0.000250739 0.000206326 
0.000232654 0.000245896 0.00029312 0.000378988 0.000511488 0.000702314 0.000967278 0.0013268 0.00180643 0.00243737 0.00325693 0.00430886 0.00564351 0.00731772 0.00939439 0.0119417 0.015032 0.0187399 0.0231407 0.0283075 0.0343088 0.0412054 0.0490478 0.0578725 0.0677001 0.0785328 0.0903524 0.103119 0.116773 0.131229 0.146387 0.162125 0.178307 0.194783 0.211394 0.227977 0.244365 0.260392 0.275899 0.290732 0.304747 0.317813 0.329809 0.34063 0.350184 0.358393 0.365192 0.370528 0.374363 0.376668 0.377427 0.376636 0.374298 0.370432 0.365066 0.358238 0.350001 0.340422 0.329578 0.317563 0.304483 0.290458 0.275621 0.260117 0.244098 0.227726 0.211165 0.194581 0.178139 0.161996 0.146299 0.131185 0.116772 0.103163 0.0904374 0.078656 0.0678571 0.0580577 0.0492553 0.0414289 0.0345417 0.0285438 0.0233747 0.0189667 0.0152473 0.0121424 0.00957817 0.00748314 0.00578998 0.00443647 0.00336636 0.00252973 0.00188312 0.00138938 0.00101735 0.000741432 0.000541058 0.000400216 0.000306963 0.000253094 
0.000283295 0.00029941 0.000356502 0.00046012 0.000619749 0.000849243 0.00116729 0.00159795 0.00217125 0.0029237 0.00389882 0.00514741 0.00672765 0.00870491 0.0111511 0.0141437 0.0177643 0.0220964 0.0272234 0.0332253 0.0401758 0.0481391 0.0571662 0.0672922 0.0785328 0.0908827 0.104313 0.118772 0.134181 0.150442 0.167434 0.185015 0.203029 0.221308 0.239676 0.25795 0.275951 0.293499 0.310425 0.326567 0.341776 0.355917 0.368868 0.380524 0.390795 0.399603 0.406887 0.412597 0.416696 0.419159 0.41997 0.419124 0.416626 0.412492 0.406747 0.39943 0.39059 0.380289 0.368606 0.35563 0.341469 0.326245 0.310094 0.293165 0.275621 0.257633 0.239377 0.221037 0.202791 0.184815 0.167279 0.150335 0.134123 0.118763 0.104354 0.0909689 0.0786606 0.0674559 0.0573596 0.0483552 0.0404076 0.0334657 0.0274659 0.022335 0.0179938 0.01436 0.0113511 0.00888656 0.00688977 0.00528967 0.00402162 0.00302797 0.0022583 0.00166934 0.00122467 0.000894252 0.000653891 0.000484702 0.000372571 0.000307786 
0.000341995 0.000361429 0.000429858 0.000553827 0.000744501 0.00101815 0.00139668 0.00190821 0.0025877 0.00347753 0.00462802 0.00609765 0.00795307 0.0102688 0.0131263 0.0166128 0.0208195 0.0258389 0.0317623 0.0386763 0.0466593 0.0557775 0.0660818 0.0776036 0.0903524 0.104313 0.119445 0.135679 0.152922 0.171054 0.189935 0.209402 0.229278 0.249376 0.269501 0.289454 0.309042 0.328074 0.346372 0.363769 0.380111 0.395264 0.409105 0.421533 0.43246 0.441813 0.449536 0.455582 0.459918 0.462521 0.463378 0.462484 0.459844 0.45547 0.449387 0.441628 0.432239 0.421278 0.408817 0.394946 0.379768 0.363404 0.345992 0.327685 0.308652 0.289071 0.269133 0.249032 0.228966 0.209129 0.189707 0.170878 0.152799 0.135612 0.119433 0.104355 0.0904434 0.0777388 0.0662546 0.0559807 0.046885 0.0389168 0.0320099 0.0260867 0.0210613 0.0168435 0.0133419 0.0104664 0.00813089 0.00625487 0.00476465 0.00359426 0.00268569 0.00198898 0.00146191 0.00106952 0.000783599 0.000582061 0.00044836 0.000371097 
0.000409342 0.000432573 0.000513891 0.000660954 0.000886794 0.00121037 0.00165712 0.00225964 0.00305831 0.00410192 0.00544814 0.00716371 0.00932438 0.0120143 0.0153251 0.019354 0.0242019 0.0299704 0.0367585 0.0446586 0.0537529 0.0641088 0.0757752 0.0887784 0.103119 0.118772 0.135679 0.153756 0.172889 0.192939 0.213741 0.235112 0.256854 0.278759 0.300614 0.322206 0.343328 0.36378 0.383378 0.401949 0.419342 0.435421 0.450069 0.463187 0.474695 0.484527 0.49263 0.498966 0.503505 0.506229 0.507125 0.506191 0.503429 0.498852 0.492477 0.484335 0.474464 0.462918 0.449762 0.435079 0.418969 0.401549 0.382955 0.363342 0.342882 0.321761 0.300179 0.278343 0.256467 0.234763 0.213438 0.192688 0.172696 0.153623 0.135608 0.118761 0.103166 0.0888779 0.0759208 0.0642929 0.0539672 0.0448944 0.0370074 0.0302244 0.0244537 0.0195974 0.0155552 0.0122273 0.00951773 0.00733598 0.00559889 0.00423152 0.00316774 0.0023503 0.00173067 0.00126852 0.000931214 0.000693125 0.000535023 0.000443643 
0.000485817 0.000513343 0.000609167 0.000782172 0.00104744 0.00142688 0.00194982 0.0026537 0.00358479 0.00479879 0.00636127 0.0083478 0.0108437 0.0139433 0.0177486 0.0223671 0.0279096 0.0344863 0.0422036 0.051159 0.0614374 0.0731059 0.0862099 0.100769 0.116773 0.134181 0.152922 0.172889 0.193949 0.215938 0.238669 0.261936 0.285521 0.309194 0.332725 0.355889 0.378465 0.400248 0.421048 0.440692 0.45903 0.475931 0.491284 0.504998 0.516999 0.52723 0.535648 0.542221 0.546924 0.549745 0.550674 0.549708 0.54685 0.542108 0.535496 0.527038 0.516766 0.504723 0.490968 0.475576 0.458638 0.440265 0.420591 0.399769 0.37797 0.355387 0.332227 0.30871 0.285061 0.261512 0.238289 0.21561 0.193681 0.172686 0.152786 0.134112 0.116769 0.100826 0.0863218 0.073265 0.0616348 0.0513855 0.0424498 0.0347432 0.0281688 0.0226214 0.0179918 0.0141708 0.0110521 0.00853501 0.00652627 0.00494155 0.00370602 0.00275466 0.0020321 0.00149221 0.00109752 0.000818544 0.000633117 0.000525922 
0.000571761 0.000604096 0.000716077 0.000917922 0.00122696 0.00166828 0.00227542 0.00309108 0.00416783 0.00556875 0.0073678 0.00964985 0.0125102 0.0160538 0.0203932 0.0256464 0.0319337 0.0393738 0.0480796 0.058153 0.0696803 0.0827267 0.0973322 0.113507 0.131229 0.150442 0.171054 0.192939 0.215938 0.239864 0.264507 0.289637 0.315014 0.340389 0.365518 0.39016 0.414087 0.437088 0.458971 0.479567 0.498728 0.516331 0.532273 0.546473 0.558869 0.569414 0.578074 0.584824 0.589651 0.592543 0.593496 0.592508 0.58958 0.584717 0.577928 0.569229 0.558642 0.546203 0.531958 0.515972 0.498326 0.479124 0.458492 0.436578 0.413553 0.389611 0.364964 0.339842 0.314485 0.289139 0.26405 0.239459 0.215593 0.192661 0.170848 0.15031 0.131169 0.113516 0.0974044 0.0828549 0.0698554 0.0583654 0.0483189 0.03963 0.0321974 0.0259092 0.020648 0.0162948 0.0127331 0.00985165 0.00754697 0.00572479 0.00430111 0.00320266 0.00236678 0.00174111 0.00128298 0.000958733 0.000743014 0.00061828 
0.000667338 0.000705 0.000834789 0.00106837 0.00142548 0.00193465 0.00263393 0.00357159 0.00480693 0.00641084 0.00846609 0.0110672 0.01432 0.01834 0.0232506 0.0291801 0.0362582 0.0446115 0.0543585 0.0656045 0.0784356 0.0929137 0.109071 0.126908 0.146387 0.167434 0.189935 0.213741 0.238669 0.264507 0.29102 0.317954 0.345048 0.372037 0.398658 0.424663 0.449816 0.473903 0.496734 0.518143 0.537991 0.556163 0.572568 0.587139 0.599825 0.610591 0.619415 0.626282 0.631187 0.634124 0.635093 0.634093 0.631123 0.626185 0.619282 0.61042 0.599612 0.586882 0.572265 0.555811 0.537591 0.517697 0.496244 0.473374 0.449254 0.424076 0.398058 0.371434 0.344456 0.317386 0.290489 0.264025 0.238246 0.213387 0.189656 0.167233 0.146266 0.126863 0.109098 0.0930055 0.0785832 0.0657978 0.0545866 0.0448633 0.0365234 0.029449 0.023515 0.018593 0.0145563 0.0112831 0.0086592 0.00658014 0.00495241 0.00369401 0.00273462 0.00201525 0.0014877 0.00111382 0.000864863 0.000720876 
0.000772506 0.000816004 0.000965218 0.00123336 0.00164273 0.00222553 0.00302457 0.00409406 0.00550034 0.00732246 0.00965236 0.0125946 0.0162656 0.0207916 0.026307 0.0329501 0.0408595 0.050169 0.061002 0.0734655 0.0876442 0.103595 0.121341 0.140869 0.162125 0.185015 0.209402 0.235112 0.261936 0.289637 0.317954 0.346611 0.375326 0.403815 0.431807 0.45904 0.485277 0.510304 0.533933 0.556006 0.576394 0.594995 0.611733 0.626553 0.63942 0.650312 0.659221 0.666143 0.67108 0.674036 0.675012 0.67401 0.671027 0.66606 0.659106 0.650162 0.639229 0.626319 0.611451 0.594663 0.576009 0.555568 0.533444 0.509767 0.484699 0.458428 0.43117 0.403167 0.374679 0.34598 0.317354 0.289081 0.261438 0.234681 0.209048 0.184743 0.161938 0.140766 0.121318 0.103645 0.0877595 0.0736351 0.0612146 0.0504128 0.041123 0.0332226 0.026579 0.0210552 0.0165143 0.0128238 0.009859 0.00750484 0.00565799 0.00422743 0.00313478 0.0023141 0.00171133 0.00128362 0.000998554 0.000833647 
0.000886988 0.000936812 0.00110699 0.00141236 0.00187796 0.00253983 0.00344578 0.00465623 0.00624487 0.00829918 0.0109205 0.0142237 0.0183359 0.0233942 0.0295436 0.0369321 0.0457067 0.0560076 0.0679618 0.0816769 0.0972347 0.114685 0.13404 0.155272 0.178307 0.203029 0.229278 0.256854 0.285521 0.315014 0.345048 0.375326 0.405544 0.435406 0.464627 0.492941 0.520108 0.545916 0.570185 0.592767 0.613546 0.632434 0.64937 0.664318 0.677257 0.688182 0.697098 0.704013 0.70894 0.711887 0.712862 0.711867 0.708899 0.703949 0.697006 0.688059 0.677096 0.664115 0.64912 0.632131 0.613188 0.592351 0.569711 0.545386 0.519526 0.492315 0.463966 0.434723 0.404852 0.37464 0.344385 0.314389 0.284949 0.256348 0.22885 0.202685 0.178052 0.155107 0.133963 0.11469 0.0973134 0.0818187 0.0681549 0.0562397 0.0459653 0.0372054 0.029821 0.0236666 0.0185957 0.0144654 0.0111401 0.00849432 0.00641455 0.00480054 0.00356559 0.00263649 0.00195309 0.00146756 0.00114368 0.00095628 
0.00101025 0.00106685 0.00125941 0.00160448 0.00212992 0.0028758 0.00389513 0.00525474 0.00703589 0.00933472 0.0122622 0.0159435 0.0205163 0.0261288 0.0329361 0.0410955 0.0507616 0.0620801 0.0751805 0.0901697 0.107125 0.126087 0.147055 0.169985 0.194783 0.221308 0.249376 0.278759 0.309194 0.340389 0.372037 0.403815 0.435406 0.466498 0.496797 0.526034 0.553969 0.580397 0.605146 0.62808 0.649099 0.668133 0.685138 0.700095 0.713002 0.72387 0.732718 0.739568 0.744442 0.747356 0.748322 0.747343 0.744415 0.739525 0.732654 0.723779 0.712878 0.699931 0.684928 0.66787 0.648778 0.627697 0.604698 0.579886 0.553397 0.525407 0.496124 0.465791 0.434679 0.403084 0.371318 0.339701 0.308553 0.278181 0.248874 0.220893 0.194459 0.169757 0.146922 0.126043 0.107163 0.0902799 0.0753506 0.0622971 0.0510123 0.041367 0.0332167 0.0264082 0.0207859 0.0161966 0.012494 0.00954214 0.00721734 0.00540987 0.00402451 0.0029806 0.00221165 0.00166469 0.00129953 0.00108819 
0.00114148 0.00120527 0.00142146 0.00180838 0.00239683 0.00323101 0.00436929 0.00588506 0.00786729 0.0104209 0.0136666 0.0177397 0.0227888 0.0289724 0.0364553 0.0454039 0.0559795 0.068332 0.0825925 0.0988655 0.117222 0.137692 0.160262 0.184868 0.211394 0.239676 0.269501 0.300614 0.332725 0.365518 0.398658 0.431807 0.464627 0.496797 0.528016 0.558014 0.586555 0.61344 0.63851 0.661645 0.68276 0.701805 0.718755 0.73361 0.746388 0.757116 0.765828 0.772559 0.777342 0.7802 0.781149 0.780195 0.777331 0.77254 0.765794 0.757061 0.746306 0.733492 0.718592 0.70159 0.682486 0.661306 0.638101 0.61296 0.586005 0.557399 0.527344 0.496078 0.463876 0.431039 0.397893 0.364774 0.332022 0.299968 0.268928 0.239189 0.211002 0.184576 0.16007 0.137597 0.117217 0.098941 0.0827364 0.0685309 0.0562194 0.0456711 0.0367369 0.0292569 0.0230666 0.0180031 0.0139098 0.01064 0.00806014 0.00605079 0.00450814 0.00334391 0.00248516 0.00187364 0.00146504 0.00122851 
0.0012796 0.00135093 0.00159179 0.00202235 0.0026764 0.00360236 0.00486407 0.00654154 0.00873154 0.0115478 0.0151207 0.0195957 0.0251318 0.0318977 0.0400677 0.0498158 0.0613096 0.0747022 0.0901249 0.107679 0.127426 0.149388 0.173531 0.199774 0.227977 0.25795 0.289454 0.322206 0.355889 0.39016 0.424663 0.45904 0.492941 0.526034 0.558014 0.588613 0.617599 0.644785 0.670026 0.693217 0.714293 0.733224 0.750007 0.764661 0.777222 0.787735 0.79625 0.802816 0.807473 0.810255 0.811182 0.81026 0.80748 0.802822 0.796249 0.78772 0.777185 0.764593 0.749898 0.733065 0.714074 0.69293 0.669665 0.644347 0.617083 0.588021 0.557354 0.525315 0.492177 0.458248 0.423861 0.389369 0.355129 0.321498 0.288816 0.257396 0.227518 0.199417 0.17328 0.14924 0.127376 0.107717 0.09024 0.0748804 0.0615362 0.0500763 0.0403482 0.0321857 0.0254164 0.0198682 0.0153743 0.011778 0.0089353 0.00671755 0.00501217 0.00372325 0.00277128 0.00209263 0.00163882 0.00137606 
0.00142326 0.00150237 0.0017687 0.00224423 0.00296581 0.0039861 0.00537442 0.00721746 0.00961977 0.0127038 0.0166094 0.0214922 0.027521 0.0348744 0.0437353 0.054285 0.0666962 0.0811242 0.0976992 0.116517 0.137633 0.161052 0.186726 0.214551 0.244365 0.275951 0.309042 0.343328 0.378465 0.414087 0.449816 0.485277 0.520108 0.553969 0.586555 0.617599 0.646879 0.674219 0.699491 0.722607 0.743524 0.762231 0.778747 0.793112 0.805381 0.815617 0.823885 0.830245 0.83475 0.837439 0.838337 0.837452 0.834774 0.830277 0.823918 0.815644 0.805393 0.793098 0.778697 0.762132 0.743366 0.72238 0.699186 0.673832 0.646406 0.617042 0.585918 0.553261 0.519342 0.48447 0.448987 0.413258 0.377658 0.342564 0.308342 0.275332 0.243841 0.214131 0.186415 0.16085 0.137536 0.116517 0.0977835 0.0812794 0.0669073 0.0545368 0.0440127 0.035164 0.0278109 0.0217726 0.0168726 0.0129442 0.00983386 0.00740333 0.0055315 0.00411479 0.00306712 0.00231947 0.00181916 0.0015294 
0.00157082 0.00165791 0.0019502 0.00247153 0.00326177 0.00437786 0.00589456 0.00790516 0.0105219 0.0138758 0.018116 0.0234077 0.0299294 0.0378689 0.0474171 0.0587618 0.0720797 0.0875274 0.105233 0.125286 0.147732 0.172561 0.199709 0.229048 0.260392 0.293499 0.328074 0.36378 0.400248 0.437088 0.473903 0.510304 0.545916 0.580397 0.61344 0.644785 0.674219 0.701582 0.726759 0.749686 0.770339 0.788729 0.804895 0.8189 0.830815 0.840723 0.848702 0.854825 0.859156 0.861739 0.862605 0.861761 0.859198 0.854884 0.84877 0.840792 0.830876 0.818941 0.804905 0.788693 0.770246 0.749524 0.726517 0.701252 0.673798 0.64427 0.612835 0.57971 0.545158 0.509492 0.473057 0.436229 0.399401 0.362968 0.327319 0.292821 0.259807 0.228568 0.199341 0.172307 0.147588 0.125246 0.105285 0.087658 0.0722735 0.059003 0.0476898 0.0381587 0.0302233 0.0236947 0.0183876 0.0141256 0.0107457 0.00810039 0.00606024 0.00451408 0.00336934 0.0025516 0.00200401 0.0016868 
