0.00320481 0.00323354 0.0033265 0.00348444 0.00370821 0.00399897 0.00435817 0.00478747 0.00528874 0.00586396 0.00651516 0.00724438 0.00805356 0.00894449 0.00991872 0.0109775 0.0121215 0.0133513 0.0146664 0.016066 0.0175486 0.0191118 0.0207523 0.0224663 0.0242488 0.026094 0.0279953 0.0299449 0.0319345 0.0339549 0.035996 0.038047 0.0400967 0.0421331 0.0441441 0.046117 0.0480391 0.0498976 0.0516799 0.0533734 0.0549661 0.0564463 0.0578032 0.0590266 0.0601071 0.0610365 0.0618075 0.0624142 0.0628518 0.0631169 0.0632074 0.0631225 0.0628631 0.0624311 0.06183 0.0610645 0.0601408 0.0590658 0.057848 0.0564967 0.0550219 0.0534346 0.0517464 0.0499693 0.0481159 0.0461986 0.0442304 0.0422238 0.0401915 0.0381456 0.036098 0.0340601 0.0320423 0.0300549 0.028107 0.0262071 0.0243626 0.0225803 0.020866 0.0192246 0.01766 0.0161755 0.0147734 0.0134553 0.0122221 0.0110741 0.010011 0.00903203 0.00813594 0.00732125 0.00658621 0.0059289 0.00534733 0.00483948 0.00440342 0.00403732 0.00373953 0.00350866 0.00334355 0.00324358 
0.00323354 0.00326254 0.00335635 0.00351571 0.00374148 0.00403484 0.00439724 0.00483035 0.00533606 0.00591635 0.00657327 0.00730887 0.00812511 0.00902379 0.0100065 0.0110743 0.0122282 0.0134684 0.0147947 0.0162062 0.0177013 0.0192775 0.0209318 0.02266 0.0244572 0.0263175 0.0282342 0.0301997 0.0322054 0.034242 0.0362994 0.0383667 0.0404326 0.0424851 0.0445118 0.0465001 0.0484371 0.0503099 0.0521059 0.0538124 0.0554172 0.0569087 0.0582759 0.0595085 0.0605972 0.0615335 0.0623104 0.0629216 0.0633625 0.0636295 0.0637206 0.063635 0.0633736 0.0629383 0.0623326 0.0615614 0.0606306 0.0595475 0.0583204 0.0569587 0.0554727 0.0538732 0.052172 0.0503812 0.0485134 0.0465812 0.0445976 0.0425753 0.040527 0.0384649 0.0364011 0.0343468 0.0323129 0.0303095 0.0283458 0.0264303 0.0245708 0.0227738 0.0210454 0.0193903 0.0178127 0.0163157 0.0149018 0.0135726 0.0123289 0.0111711 0.0100989 0.00911148 0.00820765 0.00738591 0.00664448 0.00598145 0.00539479 0.00488251 0.00444262 0.00407331 0.00377291 0.00354001 0.00337346 0.00327262 
0.0033265 0.00335635 0.00345276 0.00361647 0.00384837 0.00414965 0.0045218 0.00496652 0.00548571 0.00608141 0.00675569 0.00751064 0.00834823 0.00927028 0.0102784 0.0113737 0.012557 0.0138288 0.0151885 0.0166354 0.0181677 0.0197829 0.0214779 0.0232483 0.025089 0.0269942 0.0289568 0.0309691 0.0330222 0.0351066 0.0372119 0.0393272 0.0414408 0.0435403 0.0456132 0.0476466 0.0496273 0.0515422 0.0533783 0.0551227 0.0567631 0.0582875 0.0596847 0.0609443 0.0620567 0.0630134 0.0638071 0.0644315 0.0648819 0.0651546 0.0652475 0.06516 0.0648927 0.0644478 0.0638288 0.0630406 0.0620893 0.0609823 0.0597281 0.0583363 0.0568173 0.0551822 0.053443 0.0516121 0.0497022 0.0477264 0.0456977 0.0436292 0.0415339 0.0394242 0.0373125 0.0352103 0.0331287 0.0310779 0.0290676 0.0271063 0.0252021 0.0233616 0.0215911 0.0198954 0.0182789 0.0167448 0.0152956 0.013933 0.0126579 0.0114707 0.0103711 0.00935833 0.00843116 0.00758808 0.00682732 0.00614693 0.00554485 0.00501905 0.00456753 0.00418843 0.00388006 0.00364098 0.00347003 0.00336654 
0.00348444 0.00351571 0.00361647 0.00378749 0.00402967 0.00434425 0.00473274 0.00519691 0.00573872 0.00636023 0.00706358 0.00785091 0.00872422 0.00968537 0.0107359 0.0118771 0.0131097 0.014434 0.0158497 0.0173556 0.0189499 0.0206302 0.0223929 0.0242335 0.0261469 0.0281267 0.0301656 0.0322556 0.0343875 0.0365514 0.0387365 0.0409315 0.0431241 0.0453017 0.0474513 0.0495595 0.0516127 0.0535973 0.0554999 0.0573072 0.0590065 0.0605855 0.0620325 0.0633367 0.0644885 0.065479 0.0663005 0.0669468 0.0674128 0.0676949 0.0677909 0.0677 0.0674231 0.0669623 0.0663212 0.0655048 0.0645196 0.0633731 0.0620741 0.0606323 0.0590586 0.0573646 0.0555624 0.0536649 0.0516852 0.0496369 0.0475334 0.0453883 0.043215 0.0410263 0.038835 0.0366532 0.0344922 0.0323629 0.030275 0.0282376 0.0262589 0.0243461 0.0225054 0.0207422 0.0190609 0.0174648 0.0159568 0.0145384 0.0132109 0.0119746 0.0108292 0.00977397 0.00880776 0.007929 0.00713588 0.00642641 0.0057985 0.00525006 0.00477904 0.00438352 0.00406179 0.00381235 0.003634 0.00352607 
0.00370821 0.00374148 0.00384837 0.00402967 0.00428632 0.00461961 0.00503111 0.00552265 0.00609625 0.00675406 0.00749828 0.00833111 0.00925462 0.0102707 0.0113809 0.0125865 0.0138883 0.0152863 0.0167803 0.018369 0.0200504 0.0218218 0.0236793 0.0256185 0.0276335 0.0297177 0.0318634 0.0340622 0.0363043 0.0385793 0.040876 0.0431823 0.0454854 0.0477722 0.0500289 0.0522415 0.0543959 0.0564779 0.0584733 0.0603685 0.06215 0.063805 0.0653214 0.0666881 0.0678947 0.0689322 0.0697926 0.0704694 0.0709573 0.0712525 0.0713527 0.0712572 0.0709669 0.0704838 0.0698119 0.0689564 0.0679238 0.0667221 0.0653605 0.063849 0.0621991 0.0604227 0.0585326 0.0565421 0.0544651 0.0523156 0.0501077 0.0478555 0.0455731 0.043274 0.0409716 0.0386784 0.0364065 0.0341671 0.0319707 0.0298268 0.0277439 0.0257297 0.0237909 0.021933 0.0201608 0.018478 0.0168873 0.0153909 0.0139898 0.0126844 0.0114748 0.01036 0.00933895 0.00841005 0.00757146 0.00682112 0.00615689 0.00557661 0.00507816 0.00465956 0.00431902 0.004055 0.00386626 0.00375209 
0.00399897 0.00403484 0.00414965 0.00434425 0.00461961 0.00497708 0.00541831 0.00594521 0.00655989 0.00726459 0.0080616 0.00895319 0.00994148 0.0110284 0.0122156 0.0135043 0.0148952 0.0163884 0.0179833 0.0196786 0.0214722 0.0233609 0.0253406 0.0274064 0.0295522 0.0317707 0.0340539 0.0363925 0.0387762 0.0411941 0.0436341 0.0460833 0.0485284 0.0509553 0.0533495 0.0556962 0.0579804 0.0601872 0.0623018 0.0643095 0.0661964 0.0679489 0.0695544 0.0710009 0.0722779 0.0733757 0.074286 0.0750018 0.0755176 0.0758296 0.0759353 0.0758339 0.0755263 0.0750148 0.0743034 0.0733976 0.0723044 0.071032 0.0695901 0.0679894 0.0662417 0.0643596 0.0623568 0.0602471 0.0580452 0.0557658 0.0534238 0.0510343 0.0486119 0.046171 0.0437258 0.0412896 0.0388751 0.0364944 0.0341584 0.0318774 0.0296605 0.0275159 0.0254507 0.023471 0.0215818 0.0197872 0.0180902 0.016493 0.014997 0.0136028 0.0123102 0.0111186 0.0100268 0.00903315 0.00813584 0.00733273 0.0066216 0.00600019 0.0054663 0.00501787 0.00465303 0.00437017 0.00416799 0.00404575 
0.00435817 0.00439724 0.0045218 0.00473274 0.00503111 0.00541831 0.00589609 0.00646645 0.00713161 0.00789392 0.00875576 0.00971949 0.0107873 0.0119613 0.0132429 0.0146335 0.0161337 0.0177435 0.0194621 0.0212881 0.023219 0.0252514 0.0273807 0.0296016 0.0319073 0.0342901 0.0367413 0.0392508 0.0418077 0.0444 0.047015 0.0496388 0.0522572 0.0548551 0.057417 0.0599272 0.0623698 0.0647289 0.0669886 0.0691336 0.0711489 0.0730203 0.0747341 0.0762781 0.0776408 0.078812 0.0797829 0.0805463 0.0810962 0.0814287 0.081541 0.0814324 0.0811037 0.0805576 0.0797981 0.0788311 0.077664 0.0763055 0.0747658 0.0730562 0.0711894 0.0691787 0.0670384 0.0647834 0.0624291 0.0599913 0.0574858 0.0549286 0.0523354 0.0497215 0.0471019 0.0444909 0.0419023 0.0393488 0.0368422 0.0343936 0.0320129 0.0297087 0.0274889 0.02536 0.0233275 0.0213959 0.0195686 0.017848 0.0162357 0.0147325 0.0133382 0.0120523 0.0108737 0.00980061 0.00883121 0.00796329 0.00719454 0.0065226 0.00594517 0.00546008 0.00506538 0.00475936 0.00454066 0.00440851 
0.00478747 0.00483035 0.00496652 0.00519691 0.00552265 0.00594521 0.00646645 0.00708849 0.00781365 0.00864442 0.00958329 0.0106327 0.011795 0.0130722 0.014466 0.0159775 0.0176073 0.0193554 0.0212207 0.0232016 0.0252951 0.0274976 0.029804 0.0322084 0.0347033 0.0372805 0.0399302 0.0426418 0.0454032 0.0482017 0.0510233 0.0538532 0.056676 0.0594756 0.0622354 0.0649385 0.0675678 0.0701063 0.0725372 0.0748438 0.0770104 0.0790217 0.0808633 0.0825219 0.0839854 0.085243 0.0862854 0.0871047 0.0876948 0.0880513 0.0881714 0.0880543 0.0877009 0.087114 0.0862979 0.0852588 0.0840047 0.0825448 0.08089 0.0790523 0.0770452 0.0748828 0.0725806 0.0701543 0.0676205 0.0649959 0.0622976 0.0595426 0.0567478 0.0539296 0.0511042 0.048287 0.0454926 0.0427349 0.0400268 0.0373801 0.0348055 0.0323125 0.0299097 0.0276042 0.0254021 0.0233083 0.0213265 0.0194597 0.0177095 0.0160768 0.0145619 0.0131642 0.0118824 0.0107151 0.00966005 0.00871514 0.00787792 0.00714593 0.00651674 0.00598808 0.00555787 0.00522432 0.00498598 0.00484204 
0.00528874 0.00533606 0.00548571 0.00573872 0.00609625 0.00655989 0.00713161 0.00781365 0.00860849 0.00951871 0.010547 0.0116958 0.0129677 0.0143646 0.0158883 0.0175399 0.0193199 0.021228 0.0232631 0.0254232 0.0277049 0.0301041 0.0326152 0.0352315 0.0379451 0.0407466 0.0436255 0.0465701 0.0495675 0.0526036 0.0556633 0.0587307 0.0617891 0.0648209 0.0678085 0.0707335 0.0735776 0.0763224 0.07895 0.0814426 0.083783 0.0859551 0.0879434 0.0897337 0.091313 0.0926699 0.0937942 0.0946778 0.095314 0.095698 0.0958271 0.0957003 0.0953185 0.0946847 0.0938036 0.0926818 0.0913278 0.0897514 0.0879643 0.0859794 0.083811 0.0814744 0.078986 0.0763628 0.0736224 0.070783 0.0678628 0.0648801 0.0618532 0.0587997 0.0557371 0.0526821 0.0496505 0.0466574 0.0437167 0.0408413 0.0380429 0.0353319 0.0327177 0.0302081 0.0278098 0.0255284 0.023368 0.0213318 0.0194219 0.0176395 0.0159848 0.0144574 0.0130562 0.0117794 0.0106251 0.00959084 0.00867417 0.00787248 0.00718321 0.00660395 0.0061325 0.00576698 0.00550583 0.00534821 
0.00586396 0.00591635 0.00608141 0.00636023 0.00675406 0.00726459 0.00789392 0.00864442 0.00951871 0.0105195 0.0116497 0.0129119 0.0143085 0.0158418 0.0175134 0.0193245 0.0212753 0.0233655 0.0255936 0.0279573 0.0304528 0.0330753 0.0358187 0.0386755 0.041637 0.0446928 0.0478315 0.0510401 0.0543047 0.0576097 0.0609389 0.0642749 0.0675996 0.070894 0.0741389 0.0773145 0.0804012 0.083379 0.0862286 0.0889309 0.0914675 0.0938209 0.0959746 0.0979134 0.0996233 0.101092 0.102309 0.103265 0.103953 0.104368 0.104507 0.104369 0.103955 0.103269 0.102314 0.101099 0.0996328 0.0979251 0.0959889 0.093838 0.0914877 0.0889545 0.086256 0.0834105 0.080437 0.0773549 0.0741841 0.0709441 0.0676548 0.0643353 0.0610044 0.0576803 0.0543802 0.0511204 0.0479162 0.0447817 0.0417296 0.0387714 0.0359173 0.033176 0.030555 0.0280604 0.025697 0.0234683 0.0213769 0.019424 0.0176103 0.0159353 0.014398 0.0129966 0.0117291 0.0105931 0.00958584 0.00870466 0.00794686 0.00730988 0.0067914 0.0063894 0.00610223 0.005929 
0.00651516 0.00657327 0.00675569 0.00706358 0.00749828 0.0080616 0.00875576 0.00958329 0.010547 0.0116497 0.0128944 0.0142839 0.0158208 0.0175072 0.0193449 0.0213349 0.0234774 0.0257717 0.0282162 0.030808 0.0335428 0.0364154 0.0394187 0.0425446 0.0457832 0.0491232 0.052552 0.0560555 0.0596181 0.0632233 0.066853 0.0704884 0.0741097 0.0776966 0.081228 0.0846827 0.0880392 0.0912762 0.0943726 0.0973081 0.100063 0.102618 0.104955 0.107059 0.108913 0.110506 0.111826 0.112862 0.113608 0.114057 0.114208 0.114057 0.113608 0.112863 0.111827 0.110509 0.108917 0.107064 0.104962 0.102626 0.100074 0.0973224 0.0943903 0.0912976 0.0880647 0.0847126 0.0812627 0.0777364 0.0741547 0.0705388 0.0669088 0.0632846 0.059685 0.0561276 0.0526292 0.0492052 0.0458695 0.0426349 0.0395125 0.036512 0.0336417 0.0309084 0.0283175 0.0258731 0.0235781 0.0214341 0.0194419 0.0176012 0.015911 0.0143697 0.0129751 0.0117246 0.0106155 0.00964495 0.00881007 0.00810816 0.00753674 0.00709369 0.00677725 0.00658645 
0.00724438 0.00730887 0.00751064 0.00785091 0.00833111 0.00895319 0.00971949 0.0106327 0.0116958 0.0129119 0.0142839 0.0158149 0.0175076 0.019364 0.0213861 0.0235746 0.0259296 0.0284503 0.0311345 0.0339788 0.0369787 0.0401279 0.0434187 0.046842 0.0503868 0.0540408 0.0577899 0.0616186 0.0655101 0.069446 0.0734069 0.077372 0.0813201 0.0852288 0.0890755 0.0928369 0.0964901 0.100012 0.10338 0.106571 0.109565 0.112341 0.11488 0.117164 0.119178 0.120907 0.122339 0.123463 0.124272 0.12476 0.124922 0.124759 0.12427 0.123461 0.122336 0.120904 0.119175 0.117162 0.114878 0.112341 0.109566 0.106575 0.103386 0.100022 0.096504 0.0928551 0.0890983 0.0852568 0.0813534 0.077411 0.0734517 0.0694968 0.0655668 0.0616813 0.0578582 0.0541146 0.0504658 0.0469257 0.0435067 0.0402195 0.0370734 0.0340758 0.031233 0.0285496 0.0260289 0.023673 0.0214828 0.0194582 0.0175984 0.0159016 0.0143657 0.012988 0.0117657 0.0106958 0.00977513 0.00900099 0.00837069 0.00788196 0.00753294 0.00732261 
0.00805356 0.00812511 0.00834823 0.00872422 0.00925462 0.00994148 0.0107873 0.011795 0.0129677 0.0143085 0.0158208 0.0175076 0.0193716 0.0214151 0.0236398 0.0260464 0.0286349 0.0314041 0.0343513 0.0374728 0.0407632 0.0442155 0.0478212 0.05157 0.0554499 0.0594471 0.0635463 0.0677305 0.071981 0.076278 0.0806001 0.0849248 0.089229 0.0934883 0.0976782 0.101774 0.10575 0.109581 0.113244 0.116713 0.119967 0.122983 0.125741 0.128222 0.130409 0.132286 0.133839 0.135059 0.135936 0.136465 0.136641 0.136463 0.135932 0.135053 0.133831 0.132276 0.130399 0.128212 0.125731 0.122973 0.119958 0.116706 0.113238 0.109579 0.105751 0.101779 0.0976878 0.093503 0.0892492 0.084951 0.0806324 0.0763167 0.0720263 0.0677823 0.0636045 0.0595116 0.0555203 0.051646 0.0479023 0.0443011 0.0408527 0.0375655 0.0344463 0.0315006 0.0287322 0.0261435 0.0237357 0.021509 0.0194626 0.0175948 0.0159034 0.0143857 0.0130388 0.0118593 0.0108442 0.00999048 0.00929528 0.0087562 0.00837128 0.00813942 
0.00894449 0.00902379 0.00927028 0.00968537 0.0102707 0.0110284 0.0119613 0.0130722 0.0143646 0.0158418 0.0175072 0.019364 0.0214151 0.0236626 0.0261083 0.0287527 0.0315956 0.0346352 0.0378687 0.0412917 0.0448979 0.0486797 0.0526273 0.0567295 0.0609728 0.0653423 0.0698209 0.07439 0.0790293 0.0837169 0.0884296 0.0931431 0.0978319 0.10247 0.10703 0.111486 0.11581 0.119975 0.123956 0.127725 0.131259 0.134534 0.137528 0.14022 0.142592 0.144627 0.146312 0.147635 0.148586 0.149158 0.149349 0.149155 0.148579 0.147625 0.146299 0.144611 0.142574 0.1402 0.137507 0.134512 0.131238 0.127705 0.123937 0.119959 0.115797 0.111477 0.107025 0.10247 0.0978375 0.0931549 0.0884479 0.083742 0.0790615 0.0744294 0.0698675 0.065396 0.0610334 0.0567965 0.0527003 0.0487581 0.0449812 0.0413791 0.0379594 0.0347283 0.0316901 0.0288478 0.0262029 0.0237558 0.0215059 0.0194515 0.0175904 0.0159198 0.0144367 0.0131376 0.0120193 0.0110785 0.0103124 0.00971824 0.00929407 0.00903867 
0.00991872 0.0100065 0.0102784 0.0107359 0.0113809 0.0122156 0.0132429 0.014466 0.0158883 0.0175134 0.0193449 0.0213861 0.0236398 0.0261083 0.0287931 0.0316948 0.0348127 0.0381448 0.0416876 0.045436 0.0493831 0.0535201 0.0578364 0.0623193 0.0669541 0.0717241 0.0766108 0.0815937 0.0866505 0.0917576 0.0968896 0.10202 0.107121 0.112165 0.117122 0.121964 0.12666 0.131183 0.135503 0.139593 0.143426 0.146977 0.150222 0.153139 0.15571 0.157915 0.15974 0.161172 0.162201 0.162821 0.163026 0.162816 0.162191 0.161157 0.15972 0.157891 0.155683 0.15311 0.15019 0.146943 0.143391 0.139558 0.135469 0.131151 0.126631 0.121938 0.117101 0.112149 0.107111 0.102016 0.0968924 0.0917677 0.0866683 0.0816193 0.0766443 0.0717656 0.0670033 0.0623759 0.0579001 0.0535903 0.0494591 0.0455171 0.0417729 0.0382335 0.0349037 0.0317872 0.0288858 0.0262002 0.0237298 0.0214733 0.0194283 0.017592 0.0159611 0.0145323 0.0133019 0.0122667 0.0114235 0.0107696 0.0103028 0.0100219 
0.0109775 0.0110743 0.0113737 0.0118771 0.0125865 0.0135043 0.0146335 0.0159775 0.0175399 0.0193245 0.0213349 0.0235746 0.0260464 0.0287527 0.0316948 0.0348731 0.0382865 0.0419326 0.0458073 0.0499048 0.0542173 0.058735 0.063446 0.0683363 0.0733897 0.0785879 0.0839105 0.0893352 0.0948377 0.100392 0.105971 0.111546 0.117086 0.122561 0.127941 0.133192 0.138284 0.143186 0.147867 0.152296 0.156447 0.16029 0.163802 0.166959 0.169739 0.172124 0.174097 0.175645 0.176757 0.177426 0.177648 0.17742 0.176744 0.175625 0.174071 0.172093 0.169703 0.166919 0.163759 0.160244 0.156398 0.152247 0.147818 0.143138 0.138238 0.133149 0.127902 0.122527 0.117058 0.111524 0.105957 0.100386 0.0948394 0.0893454 0.0839295 0.0786157 0.0734262 0.0683812 0.063499 0.0587956 0.0542848 0.0499784 0.0458862 0.0420158 0.0383731 0.0349619 0.0317848 0.0288426 0.0261352 0.0236611 0.021418 0.0194031 0.0176131 0.0160444 0.0146933 0.0135562 0.0126299 0.0119116 0.0113988 0.0110903 
0.0121215 0.0122282 0.012557 0.0131097 0.0138883 0.0148952 0.0161337 0.0176073 0.0193199 0.0212753 0.0234774 0.0259296 0.0286349 0.0315956 0.0348127 0.0382865 0.0420155 0.0459968 0.0502256 0.0546953 0.0593972 0.0643202 0.0694513 0.0747749 0.0802733 0.0859263 0.0917118 0.0976052 0.10358 0.109609 0.115661 0.121705 0.12771 0.133642 0.139467 0.145152 0.150662 0.155964 0.161025 0.165813 0.170297 0.174449 0.178242 0.18165 0.184651 0.187224 0.189353 0.191023 0.192223 0.192945 0.193183 0.192936 0.192207 0.190999 0.189321 0.187185 0.184605 0.181599 0.178186 0.174389 0.170234 0.165748 0.160959 0.155898 0.150598 0.14509 0.139409 0.133589 0.127663 0.121665 0.115628 0.109584 0.103564 0.0975984 0.0917145 0.0859388 0.0802955 0.0748066 0.0694922 0.0643698 0.0594548 0.0547602 0.0502969 0.0460736 0.0420966 0.0383709 0.0348992 0.0316828 0.0287218 0.0260148 0.0235597 0.0213537 0.0193932 0.0176745 0.0161939 0.0149477 0.0139323 0.0131448 0.0125828 0.0122448 
0.0133513 0.0134684 0.0138288 0.014434 0.0152863 0.0163884 0.0177435 0.0193554 0.021228 0.0233655 0.0257717 0.0284503 0.0314041 0.0346352 0.0381448 0.0419326 0.0459968 0.0503338 0.0549383 0.0598026 0.064917 0.0702693 0.0758449 0.0816268 0.0875954 0.0937289 0.100003 0.106391 0.112864 0.119392 0.125942 0.132481 0.138975 0.145386 0.15168 0.157819 0.163767 0.169489 0.174948 0.180111 0.184946 0.189421 0.193507 0.197179 0.20041 0.203181 0.205473 0.207271 0.208562 0.209338 0.209594 0.209328 0.208542 0.207241 0.205434 0.203133 0.200354 0.197115 0.193438 0.189346 0.184867 0.180029 0.174864 0.169404 0.163684 0.157737 0.151601 0.145312 0.138907 0.13242 0.125889 0.119347 0.112828 0.106365 0.0999878 0.0937245 0.0876018 0.0816437 0.0758722 0.0703064 0.0649634 0.0598576 0.0550009 0.050403 0.0460715 0.0420116 0.0382268 0.034719 0.0314882 0.0285335 0.0258528 0.0234431 0.0213009 0.0194225 0.0178039 0.0164412 0.0153309 0.0144696 0.013855 0.0134855 
0.0146664 0.0147947 0.0151885 0.0158497 0.0167803 0.0179833 0.0194621 0.0212207 0.0232631 0.0255936 0.0282162 0.0311345 0.0343513 0.0378687 0.0416876 0.0458073 0.0502256 0.0549383 0.0599391 0.0652196 0.0707687 0.0765731 0.0826166 0.0888805 0.0953435 0.101982 0.108768 0.115675 0.12267 0.129721 0.136793 0.14385 0.150854 0.157767 0.16455 0.171163 0.177569 0.183728 0.189603 0.195157 0.200356 0.205167 0.209559 0.213504 0.216976 0.219952 0.222413 0.224343 0.225729 0.226562 0.226836 0.22655 0.225705 0.224308 0.222367 0.219895 0.216909 0.213428 0.209476 0.205077 0.200261 0.195057 0.1895 0.183624 0.177465 0.171061 0.16445 0.157671 0.150764 0.143767 0.136718 0.129655 0.122614 0.115629 0.108734 0.101959 0.0953324 0.0888812 0.0826288 0.0765964 0.0708026 0.0652633 0.0599917 0.0549987 0.0502927 0.0458799 0.0417643 0.0379481 0.034432 0.031215 0.0282953 0.0256699 0.0233352 0.0212874 0.0195225 0.0180362 0.0168251 0.0158856 0.0152152 0.0148122 
0.016066 0.0162062 0.0166354 0.0173556 0.018369 0.0196786 0.0212881 0.0232016 0.0254232 0.0279573 0.030808 0.0339788 0.0374728 0.0412917 0.045436 0.0499048 0.0546953 0.0598026 0.0652196 0.0709367 0.0769417 0.0832197 0.0897532 0.0965215 0.103501 0.110667 0.117989 0.125437 0.132977 0.140573 0.148189 0.155784 0.163319 0.170753 0.178044 0.18515 0.19203 0.198643 0.204948 0.210908 0.216484 0.221643 0.226351 0.230579 0.234299 0.237487 0.240123 0.24219 0.243674 0.244565 0.244858 0.244551 0.243646 0.242149 0.240069 0.237421 0.234221 0.23049 0.226253 0.221537 0.216371 0.210789 0.204826 0.198518 0.191905 0.185025 0.177922 0.170635 0.163206 0.155678 0.14809 0.140484 0.132898 0.12537 0.117934 0.110624 0.103471 0.0965044 0.0897488 0.0832278 0.0769616 0.0709677 0.0652609 0.0598531 0.0547538 0.0499699 0.0455064 0.0413658 0.0375492 0.034056 0.0308844 0.0280315 0.0254939 0.0232674 0.021348 0.0197314 0.0184138 0.0173917 0.0166623 0.0162242 
0.0175486 0.0177013 0.0181677 0.0189499 0.0200504 0.0214722 0.023219 0.0252951 0.0277049 0.0304528 0.0335428 0.0369787 0.0407632 0.0448979 0.0493831 0.0542173 0.0593972 0.064917 0.0707687 0.0769417 0.0834223 0.0901943 0.0972383 0.104532 0.11205 0.119763 0.127642 0.135652 0.143757 0.151919 0.160097 0.168251 0.176335 0.184308 0.192124 0.199739 0.207109 0.214189 0.220939 0.227316 0.233281 0.238797 0.243831 0.248349 0.252325 0.255731 0.258547 0.260754 0.262339 0.26329 0.263603 0.263274 0.262307 0.260707 0.258485 0.255655 0.252235 0.248248 0.243718 0.238675 0.23315 0.227178 0.220796 0.214043 0.206961 0.199591 0.191978 0.184165 0.176198 0.168119 0.159975 0.151806 0.143655 0.135562 0.127564 0.119699 0.111999 0.104495 0.0972159 0.0901856 0.0834269 0.0769587 0.0707974 0.0649562 0.0594457 0.0542739 0.0494461 0.0449658 0.0408345 0.0370517 0.033616 0.0305245 0.0277737 0.0253596 0.023278 0.0215244 0.020095 0.0189861 0.0181948 0.0177196 
0.0191118 0.0192775 0.0197829 0.0206302 0.0218218 0.0233609 0.0252514 0.0274976 0.0301041 0.0330753 0.0364154 0.0401279 0.0442155 0.0486797 0.0535201 0.058735 0.0643202 0.0702693 0.0765731 0.0832197 0.0901943 0.0974789 0.105052 0.11289 0.120965 0.129246 0.1377 0.146291 0.154979 0.163725 0.172484 0.181211 0.189862 0.198389 0.206746 0.214883 0.222756 0.230317 0.237521 0.244326 0.250689 0.256572 0.261939 0.266755 0.270992 0.274621 0.277621 0.279972 0.281659 0.282672 0.283005 0.282654 0.281623 0.279919 0.277551 0.274535 0.270891 0.26664 0.261811 0.256433 0.25054 0.244168 0.237357 0.230148 0.222584 0.214711 0.206574 0.198221 0.189699 0.181055 0.172335 0.163586 0.154852 0.146176 0.137599 0.129159 0.120893 0.112833 0.10501 0.097452 0.0901821 0.0832214 0.0765879 0.0702961 0.0643577 0.0587819 0.0535748 0.0487404 0.0442808 0.0401959 0.0364845 0.0331438 0.0301704 0.0275603 0.025309 0.0234122 0.0218658 0.0206662 0.0198101 0.0192961 
0.0207523 0.0209318 0.0214779 0.0223929 0.0236793 0.0253406 0.0273807 0.029804 0.0326152 0.0358187 0.0394187 0.0434187 0.0478212 0.0526273 0.0578364 0.063446 0.0694513 0.0758449 0.0826166 0.0897532 0.0972383 0.105052 0.113172 0.121571 0.13022 0.139086 0.148132 0.15732 0.166608 0.175952 0.185307 0.194624 0.203855 0.21295 0.221858 0.23053 0.238917 0.246968 0.254637 0.261878 0.268648 0.274904 0.28061 0.28573 0.290232 0.294088 0.297275 0.299772 0.301564 0.302639 0.302992 0.302619 0.301524 0.299712 0.297197 0.293992 0.290119 0.285601 0.280467 0.274748 0.26848 0.2617 0.254451 0.246776 0.238721 0.230333 0.221661 0.212755 0.203665 0.19444 0.185131 0.175787 0.166454 0.157179 0.148005 0.138974 0.130125 0.121492 0.113109 0.105006 0.0972079 0.0897382 0.0826162 0.075858 0.0694766 0.0634821 0.0578816 0.05268 0.0478796 0.043481 0.039483 0.0358833 0.0326785 0.0298643 0.0274366 0.0253908 0.0237226 0.0224284 0.021505 0.0209506 
0.0224663 0.02266 0.0232483 0.0242335 0.0256185 0.0274064 0.0296016 0.0322084 0.0352315 0.0386755 0.0425446 0.046842 0.05157 0.0567295 0.0623193 0.0683363 0.0747749 0.0816268 0.0888805 0.0965215 0.104532 0.11289 0.121571 0.130547 0.139785 0.149249 0.158902 0.168701 0.178603 0.188559 0.198522 0.20844 0.218263 0.227936 0.237407 0.246623 0.255532 0.264082 0.272223 0.279907 0.287088 0.293723 0.299773 0.3052 0.30997 0.314056 0.317432 0.320077 0.321975 0.323114 0.323487 0.323092 0.321931 0.320012 0.317346 0.31395 0.309846 0.305057 0.299614 0.29355 0.286901 0.279708 0.272015 0.263867 0.255312 0.2464 0.237184 0.227714 0.218045 0.208229 0.198319 0.188366 0.178422 0.168534 0.158749 0.149112 0.139665 0.130444 0.121486 0.112823 0.104482 0.0964886 0.0888637 0.081625 0.0747868 0.0683605 0.062354 0.056773 0.0516205 0.0468976 0.0426034 0.0387356 0.0352911 0.0322658 0.0296553 0.027455 0.0256607 0.0242685 0.0232751 0.022679 
0.0242488 0.0244572 0.025089 0.0261469 0.0276335 0.0295522 0.0319073 0.0347033 0.0379451 0.041637 0.0457832 0.0503868 0.0554499 0.0609728 0.0669541 0.0733897 0.0802733 0.0875954 0.0953435 0.103501 0.11205 0.120965 0.13022 0.139785 0.149624 0.1597 0.169971 0.180393 0.190919 0.201498 0.212079 0.222608 0.23303 0.24329 0.253332 0.263098 0.272536 0.28159 0.290208 0.298339 0.305936 0.312954 0.31935 0.325086 0.330128 0.334445 0.338011 0.340805 0.342809 0.344012 0.344405 0.343988 0.342761 0.340734 0.337917 0.334329 0.329991 0.32493 0.319175 0.312762 0.30573 0.29812 0.289978 0.281351 0.272291 0.26285 0.253082 0.243041 0.232785 0.222368 0.211847 0.201276 0.190709 0.180197 0.169791 0.159536 0.149478 0.139657 0.130112 0.120876 0.111979 0.103449 0.0953091 0.0875776 0.0802707 0.0734009 0.0669773 0.0610063 0.0554917 0.050435 0.0458356 0.0416918 0.0380004 0.0347574 0.0319583 0.0295988 0.0276743 0.026181 0.0251155 0.0244763 
0.026094 0.0263175 0.0269942 0.0281267 0.0297177 0.0317707 0.0342901 0.0372805 0.0407466 0.0446928 0.0491232 0.0540408 0.0594471 0.0653423 0.0717241 0.0785879 0.0859263 0.0937289 0.101982 0.110667 0.119763 0.129246 0.139086 0.149249 0.1597 0.170396 0.181295 0.192349 0.203507 0.214717 0.225924 0.23707 0.248099 0.25895 0.269567 0.279889 0.289859 0.29942 0.308517 0.317098 0.325113 0.332514 0.339258 0.345305 0.350619 0.355168 0.358925 0.361868 0.363978 0.365245 0.365659 0.365219 0.363927 0.361791 0.358823 0.355042 0.35047 0.345135 0.339068 0.332306 0.324888 0.316859 0.308266 0.299158 0.289589 0.279614 0.26929 0.258674 0.247825 0.236801 0.225663 0.214466 0.203269 0.192125 0.181087 0.170205 0.159527 0.149097 0.138953 0.129134 0.119671 0.110595 0.101929 0.093694 0.0859083 0.0785851 0.0717349 0.0653648 0.0594794 0.0540807 0.0491687 0.0447418 0.040797 0.0373306 0.0343381 0.031815 0.0297568 0.0281597 0.0270202 0.0263366 
0.0279953 0.0282342 0.0289568 0.0301656 0.0318634 0.0340539 0.0367413 0.0399302 0.0436255 0.0478315 0.052552 0.0577899 0.0635463 0.0698209 0.0766108 0.0839105 0.0917118 0.100003 0.108768 0.117989 0.127642 0.1377 0.148132 0.158902 0.169971 0.181295 0.192828 0.204519 0.216316 0.228161 0.239997 0.251765 0.263403 0.27485 0.286043 0.296922 0.307426 0.317495 0.327072 0.336103 0.344535 0.35232 0.359411 0.365768 0.371353 0.376133 0.38008 0.383172 0.385389 0.386719 0.387154 0.386691 0.385334 0.383089 0.379971 0.375998 0.371193 0.365585 0.359206 0.352095 0.344292 0.335844 0.326799 0.31721 0.307132 0.296622 0.285739 0.274545 0.2631 0.251467 0.239707 0.22788 0.216047 0.204266 0.192591 0.181076 0.169771 0.158723 0.147974 0.137564 0.127527 0.117896 0.108696 0.0999498 0.0916772 0.0838929 0.0766082 0.0698316 0.0635682 0.0578208 0.0525898 0.047874 0.0436705 0.0399759 0.0367857 0.0340954 0.0319006 0.0301973 0.0289821 0.0282533 
0.0299449 0.0301997 0.0309691 0.0322556 0.0340622 0.0363925 0.0392508 0.0426418 0.0465701 0.0510401 0.0560555 0.0616186 0.0677305 0.07439 0.0815937 0.0893352 0.0976052 0.106391 0.115675 0.125437 0.135652 0.146291 0.15732 0.168701 0.180393 0.192349 0.204519 0.216851 0.229288 0.241771 0.254238 0.266628 0.278876 0.290917 0.302687 0.314122 0.325158 0.335734 0.345789 0.355268 0.364116 0.372281 0.379718 0.386382 0.392237 0.397246 0.401383 0.404621 0.406944 0.408337 0.408793 0.408308 0.406885 0.404533 0.401266 0.397102 0.392066 0.386187 0.379498 0.37204 0.363854 0.354989 0.345495 0.335426 0.32484 0.313796 0.302357 0.290585 0.278545 0.266301 0.253918 0.24146 0.22899 0.216568 0.204253 0.192101 0.180165 0.168495 0.157136 0.14613 0.135514 0.125322 0.115582 0.106319 0.0975533 0.0893018 0.081577 0.0743881 0.0677412 0.0616398 0.0560849 0.0510755 0.0466092 0.0426825 0.0392913 0.0364309 0.0340971 0.0322858 0.0309935 0.0302187 
0.0319345 0.0322054 0.0330222 0.0343875 0.0363043 0.0387762 0.0418077 0.0454032 0.0495675 0.0543047 0.0596181 0.0655101 0.071981 0.0790293 0.0866505 0.0948377 0.10358 0.112864 0.12267 0.132977 0.143757 0.154979 0.166608 0.178603 0.190919 0.203507 0.216316 0.229288 0.242364 0.255483 0.268581 0.281591 0.294446 0.307079 0.319422 0.331409 0.342974 0.354052 0.364582 0.374504 0.383763 0.392306 0.400084 0.407053 0.413173 0.418409 0.422732 0.426116 0.428543 0.429999 0.430474 0.429967 0.428481 0.426023 0.422608 0.418256 0.412992 0.406845 0.39985 0.392049 0.383484 0.374206 0.364267 0.353722 0.342632 0.331059 0.319066 0.306719 0.294086 0.281234 0.268231 0.255143 0.242036 0.228974 0.216019 0.20323 0.190662 0.178369 0.166397 0.154793 0.143595 0.132839 0.122556 0.112772 0.10351 0.0947878 0.086619 0.079014 0.07198 0.065521 0.0596386 0.0543323 0.0496001 0.0454386 0.0418438 0.0388113 0.0363367 0.034416 0.0330457 0.0322241 
0.0339549 0.034242 0.0351066 0.0365514 0.0385793 0.0411941 0.0444 0.0482017 0.0526036 0.0576097 0.0632233 0.069446 0.076278 0.0837169 0.0917576 0.100392 0.109609 0.119392 0.129721 0.140573 0.151919 0.163725 0.175952 0.188559 0.201498 0.214717 0.228161 0.241771 0.255483 0.269235 0.282957 0.296582 0.310039 0.323258 0.336169 0.348702 0.360789 0.372363 0.383361 0.393721 0.403385 0.412299 0.420412 0.427681 0.434062 0.439521 0.444027 0.447555 0.450084 0.4516 0.452096 0.451567 0.450018 0.447456 0.443897 0.43936 0.433871 0.427461 0.420166 0.412026 0.403089 0.393404 0.383025 0.372012 0.360424 0.348327 0.335787 0.322872 0.309652 0.296197 0.282578 0.268865 0.255125 0.241427 0.227835 0.21441 0.201213 0.188297 0.175715 0.163512 0.151732 0.140412 0.129585 0.11928 0.10952 0.100325 0.0917105 0.0836877 0.0762645 0.0694459 0.0632342 0.0576292 0.0526292 0.0482313 0.0444315 0.0412255 0.038609 0.036578 0.035129 0.0342605 
0.035996 0.0362994 0.0372119 0.0387365 0.040876 0.0436341 0.047015 0.0510233 0.0556633 0.0609389 0.066853 0.0734069 0.0806001 0.0884296 0.0968896 0.105971 0.115661 0.125942 0.136793 0.148189 0.160097 0.172484 0.185307 0.198522 0.212079 0.225924 0.239997 0.254238 0.268581 0.282957 0.297297 0.311529 0.32558 0.339377 0.352846 0.365917 0.378517 0.390578 0.402035 0.412824 0.422885 0.432163 0.440606 0.448167 0.454804 0.460481 0.465166 0.468833 0.471462 0.473038 0.473553 0.473004 0.471393 0.46873 0.46503 0.460312 0.454604 0.447936 0.440346 0.431876 0.422574 0.41249 0.40168 0.390206 0.37813 0.365518 0.352439 0.338964 0.325166 0.311116 0.296889 0.282558 0.268193 0.253865 0.239641 0.225588 0.211765 0.198232 0.185042 0.172245 0.159885 0.148004 0.136635 0.125809 0.115553 0.105886 0.0968265 0.088386 0.0805737 0.0733954 0.0668539 0.0609498 0.0556816 0.0510467 0.0470414 0.0436615 0.0409027 0.038761 0.0372332 0.0363175 
0.038047 0.0383667 0.0393272 0.0409315 0.0431823 0.0460833 0.0496388 0.0538532 0.0587307 0.0642749 0.0704884 0.077372 0.0849248 0.0931431 0.10202 0.111546 0.121705 0.132481 0.14385 0.155784 0.168251 0.181211 0.194624 0.20844 0.222608 0.23707 0.251765 0.266628 0.281591 0.296582 0.311529 0.326357 0.340991 0.355354 0.369371 0.382967 0.39607 0.408607 0.420513 0.43172 0.442169 0.451801 0.460564 0.46841 0.475297 0.481186 0.486045 0.489848 0.492574 0.494208 0.494742 0.494172 0.492502 0.489741 0.485903 0.48101 0.475088 0.46817 0.460293 0.451501 0.441842 0.431369 0.42014 0.408215 0.395661 0.382545 0.368939 0.354916 0.34055 0.325917 0.311093 0.296154 0.281173 0.266225 0.25138 0.236705 0.222265 0.208122 0.194332 0.180946 0.168013 0.155575 0.143669 0.132327 0.121578 0.111443 0.10194 0.0930846 0.0848851 0.0773487 0.0704789 0.0642768 0.0587414 0.0538702 0.04966 0.0461065 0.0432057 0.0409537 0.0393471 0.0383844 
0.0400967 0.0404326 0.0414408 0.0431241 0.0454854 0.0485284 0.0522572 0.056676 0.0617891 0.0675996 0.0741097 0.0813201 0.089229 0.0978319 0.107121 0.117086 0.12771 0.138975 0.150854 0.163319 0.176335 0.189862 0.203855 0.218263 0.23303 0.248099 0.263403 0.278876 0.294446 0.310039 0.32558 0.340991 0.356193 0.371109 0.385659 0.399768 0.413359 0.42636 0.438701 0.450315 0.461139 0.471116 0.480189 0.488312 0.495439 0.501533 0.506561 0.510495 0.513315 0.515006 0.515558 0.514968 0.513241 0.510384 0.506414 0.50135 0.495222 0.488061 0.479907 0.470803 0.460799 0.449948 0.438311 0.425949 0.41293 0.399324 0.385204 0.370646 0.355727 0.340524 0.325117 0.309583 0.294 0.278444 0.262989 0.247705 0.232659 0.217916 0.203535 0.189571 0.176073 0.163086 0.15065 0.138799 0.127563 0.116965 0.107025 0.0977582 0.0891756 0.0812846 0.0740896 0.0675921 0.0617917 0.0566864 0.0522728 0.0485472 0.0455055 0.043144 0.0414592 0.0404498 
0.0421331 0.0424851 0.0435403 0.0453017 0.0477722 0.0509553 0.0548551 0.0594756 0.0648209 0.070894 0.0776966 0.0852288 0.0934883 0.10247 0.112165 0.122561 0.133642 0.145386 0.157767 0.170753 0.184308 0.198389 0.21295 0.227936 0.24329 0.25895 0.27485 0.290917 0.307079 0.323258 0.339377 0.355354 0.371109 0.38656 0.401628 0.416233 0.430297 0.443746 0.456508 0.468515 0.479702 0.49001 0.499383 0.507772 0.515131 0.521423 0.526612 0.530673 0.533583 0.535328 0.535898 0.53529 0.533507 0.530559 0.52646 0.521234 0.514907 0.507513 0.499091 0.489686 0.479349 0.468134 0.456102 0.443318 0.429849 0.415769 0.401151 0.386075 0.370618 0.354862 0.338887 0.322775 0.306605 0.290457 0.274407 0.258528 0.242891 0.227562 0.212603 0.198072 0.184021 0.170496 0.157541 0.14519 0.133475 0.122422 0.112052 0.102381 0.0934211 0.085181 0.0776656 0.070877 0.0648154 0.059479 0.0548649 0.0509695 0.0477888 0.0453191 0.0435573 0.0425018 
0.0441441 0.0445118 0.0456132 0.0474513 0.0500289 0.0533495 0.057417 0.0622354 0.0678085 0.0741389 0.081228 0.0890755 0.0976782 0.10703 0.117122 0.127941 0.139467 0.15168 0.16455 0.178044 0.192124 0.206746 0.221858 0.237407 0.253332 0.269567 0.286043 0.302687 0.319422 0.336169 0.352846 0.369371 0.385659 0.401628 0.417194 0.432277 0.446797 0.460677 0.473844 0.486228 0.497763 0.508389 0.518049 0.526693 0.534275 0.540755 0.5461 0.550282 0.553278 0.555075 0.555661 0.555035 0.5532 0.550164 0.545944 0.540561 0.534044 0.526426 0.517748 0.508055 0.497398 0.485834 0.473423 0.460232 0.446331 0.431794 0.416697 0.40112 0.385145 0.368854 0.352331 0.33566 0.318922 0.3022 0.285573 0.269117 0.252905 0.237006 0.221486 0.206403 0.191812 0.177764 0.164301 0.151462 0.13928 0.127783 0.116992 0.106926 0.0975971 0.0890152 0.081186 0.0741123 0.0677947 0.0622318 0.057421 0.053359 0.0500419 0.0474662 0.0456286 0.0445279 
0.046117 0.0465001 0.0476466 0.0495595 0.0522415 0.0556962 0.0599272 0.0649385 0.0707335 0.0773145 0.0846827 0.0928369 0.101774 0.111486 0.121964 0.133192 0.145152 0.157819 0.171163 0.18515 0.199739 0.214883 0.23053 0.246623 0.263098 0.279889 0.296922 0.314122 0.331409 0.348702 0.365917 0.382967 0.399768 0.416233 0.432277 0.447818 0.462774 0.477066 0.490619 0.503363 0.515231 0.52616 0.536094 0.54498 0.552774 0.559434 0.564926 0.569223 0.572302 0.574148 0.574751 0.574108 0.572222 0.569103 0.564767 0.559235 0.552537 0.544707 0.535785 0.525817 0.514855 0.502957 0.490185 0.476606 0.462292 0.447317 0.431761 0.415705 0.399232 0.382427 0.365378 0.348168 0.330884 0.313609 0.296426 0.279413 0.262646 0.246197 0.230132 0.214516 0.199403 0.184847 0.170893 0.157581 0.144945 0.133016 0.121817 0.111366 0.101679 0.0927643 0.0846296 0.0772783 0.0707113 0.0649278 0.0599254 0.0557009 0.0522509 0.0495717 0.0476604 0.0465156 
0.0480391 0.0484371 0.0496273 0.0516127 0.0543959 0.0579804 0.0623698 0.0675678 0.0735776 0.0804012 0.0880392 0.0964901 0.10575 0.11581 0.12666 0.138284 0.150662 0.163767 0.177569 0.19203 0.207109 0.222756 0.238917 0.255532 0.272536 0.289859 0.307426 0.325158 0.342974 0.360789 0.378517 0.39607 0.413359 0.430297 0.446797 0.462774 0.478144 0.492827 0.506748 0.519834 0.532017 0.543234 0.553426 0.562543 0.570537 0.577367 0.582999 0.587404 0.590561 0.592453 0.593071 0.592412 0.590479 0.587282 0.582836 0.577164 0.570295 0.562263 0.55311 0.542882 0.531632 0.519417 0.506302 0.492354 0.477647 0.462256 0.446263 0.42975 0.412803 0.395508 0.377955 0.360231 0.342424 0.324621 0.306904 0.289357 0.272058 0.25508 0.238494 0.222364 0.206749 0.191704 0.177277 0.163509 0.150436 0.138091 0.126497 0.115675 0.105641 0.0964052 0.0879752 0.0803553 0.0735471 0.06755 0.0623621 0.0579804 0.0544016 0.0516223 0.0496395 0.048452 
0.0498976 0.0503099 0.0515422 0.0535973 0.0564779 0.0601872 0.0647289 0.0701063 0.0763224 0.083379 0.0912762 0.100012 0.109581 0.119975 0.131183 0.143186 0.155964 0.169489 0.183728 0.198643 0.214189 0.230317 0.246968 0.264082 0.28159 0.29942 0.317495 0.335734 0.354052 0.372363 0.390578 0.408607 0.42636 0.443746 0.460677 0.477066 0.492827 0.507881 0.522149 0.535557 0.548036 0.559524 0.56996 0.579293 0.587475 0.594465 0.600228 0.604736 0.607965 0.609901 0.610534 0.60986 0.607882 0.604611 0.600062 0.594259 0.587229 0.579008 0.569638 0.559165 0.547642 0.53513 0.521691 0.507396 0.492317 0.476533 0.460127 0.443181 0.425785 0.408026 0.389996 0.371784 0.35348 0.335173 0.31695 0.298895 0.281088 0.263606 0.246522 0.229902 0.213808 0.198295 0.183415 0.16921 0.15572 0.142975 0.131004 0.119826 0.109459 0.0999149 0.0912015 0.0833237 0.0762838 0.0700815 0.0647153 0.0601825 0.0564799 0.0536043 0.0515528 0.0503243 
0.0516799 0.0521059 0.0533783 0.0554999 0.0584733 0.0623018 0.0669886 0.0725372 0.07895 0.0862286 0.0943726 0.10338 0.113244 0.123956 0.135503 0.147867 0.161025 0.174948 0.189603 0.204948 0.220939 0.237521 0.254637 0.272223 0.290208 0.308517 0.327072 0.345789 0.364582 0.383361 0.402035 0.420513 0.438701 0.456508 0.473844 0.490619 0.506748 0.522149 0.536741 0.55045 0.563208 0.574948 0.585612 0.595147 0.603504 0.610644 0.616529 0.621132 0.62443 0.626407 0.627052 0.626364 0.624346 0.621006 0.616362 0.610435 0.603255 0.594858 0.585284 0.574583 0.562806 0.550015 0.536274 0.521652 0.506226 0.490073 0.473279 0.455927 0.438108 0.419913 0.401433 0.382761 0.363988 0.345207 0.326505 0.307969 0.289683 0.271724 0.254168 0.237084 0.220535 0.20458 0.18927 0.174651 0.160763 0.147639 0.135308 0.123792 0.113109 0.103271 0.0942875 0.0861641 0.0789033 0.0725055 0.0669693 0.0622924 0.0584718 0.0555043 0.0533872 0.0521196 
0.0533734 0.0538124 0.0551227 0.0573072 0.0603685 0.0643095 0.0691336 0.0748438 0.0814426 0.0889309 0.0973081 0.106571 0.116713 0.127725 0.139593 0.152296 0.165813 0.180111 0.195157 0.210908 0.227316 0.244326 0.261878 0.279907 0.298339 0.317098 0.336103 0.355268 0.374504 0.393721 0.412824 0.43172 0.450315 0.468515 0.486228 0.503363 0.519834 0.535557 0.55045 0.56444 0.577455 0.58943 0.600305 0.610027 0.618547 0.625824 0.631823 0.636514 0.639875 0.641889 0.642548 0.641847 0.63979 0.636387 0.631654 0.625613 0.618295 0.609734 0.599973 0.589059 0.577047 0.563997 0.549975 0.535051 0.519301 0.502805 0.485649 0.467919 0.449707 0.431104 0.412204 0.393102 0.373891 0.354665 0.335515 0.316529 0.297793 0.279387 0.261389 0.243868 0.226892 0.21052 0.194806 0.179797 0.165534 0.152053 0.139383 0.127548 0.116566 0.106451 0.0972129 0.0888576 0.0813882 0.0748056 0.0691088 0.0642957 0.0603634 0.0573091 0.0551301 0.0538254 
0.0549661 0.0554172 0.0567631 0.0590065 0.06215 0.0661964 0.0711489 0.0770104 0.083783 0.0914675 0.100063 0.109565 0.119967 0.131259 0.143426 0.156447 0.170297 0.184946 0.200356 0.216484 0.233281 0.250689 0.268648 0.287088 0.305936 0.325113 0.344535 0.364116 0.383763 0.403385 0.422885 0.442169 0.461139 0.479702 0.497763 0.515231 0.532017 0.548036 0.563208 0.577455 0.590707 0.602898 0.613967 0.62386 0.63253 0.639934 0.646036 0.650808 0.654226 0.656275 0.656945 0.656233 0.654141 0.65068 0.645865 0.639721 0.632275 0.623565 0.613631 0.602523 0.590294 0.577006 0.562725 0.547522 0.531474 0.514662 0.497172 0.479093 0.460517 0.441537 0.422249 0.402748 0.383132 0.363494 0.343928 0.324525 0.30537 0.286549 0.268138 0.250212 0.232838 0.216078 0.199987 0.184614 0.170003 0.156189 0.143202 0.131069 0.119808 0.109434 0.099958 0.0913858 0.0837213 0.0769659 0.0711188 0.0661782 0.0621416 0.059006 0.056769 0.0554297 
0.0564463 0.0569087 0.0582875 0.0605855 0.063805 0.0679489 0.0730203 0.0790217 0.0859551 0.0938209 0.102618 0.112341 0.122983 0.134534 0.146977 0.16029 0.174449 0.189421 0.205167 0.221643 0.238797 0.256572 0.274904 0.293723 0.312954 0.332514 0.35232 0.372281 0.392306 0.412299 0.432163 0.451801 0.471116 0.49001 0.508389 0.52616 0.543234 0.559524 0.574948 0.58943 0.602898 0.615284 0.62653 0.636579 0.645385 0.652903 0.6591 0.663945 0.667416 0.669497 0.670177 0.669454 0.66733 0.663816 0.658929 0.652689 0.645129 0.636282 0.626191 0.614906 0.60248 0.588976 0.574459 0.559002 0.542682 0.525582 0.507788 0.489389 0.47048 0.451155 0.431512 0.411647 0.391658 0.371643 0.351695 0.331908 0.31237 0.293166 0.274377 0.256078 0.238338 0.22122 0.204782 0.189074 0.17414 0.160018 0.14674 0.134332 0.122814 0.112201 0.102504 0.0937313 0.0858865 0.0789712 0.0729852 0.0679267 0.0637934 0.0605826 0.0582919 0.0569206 
