0.00348411 0.00351438 0.00361212 0.00377804 0.00401297 0.00431803 0.00469462 0.00514433 0.00566893 0.00627032 0.00695042 0.00771114 0.00855429 0.00948151 0.0104942 0.0115933 0.0127796 0.014053 0.0154133 0.0168592 0.018389 0.02 0.021689 0.0234516 0.0252826 0.0271762 0.0291253 0.0311221 0.0331581 0.0352238 0.0373088 0.0394025 0.0414932 0.0435689 0.0456174 0.0476258 0.0495814 0.0514713 0.0532828 0.0550032 0.0566206 0.0581232 0.0595001 0.0607412 0.061837 0.0627793 0.063561 0.0641759 0.0646194 0.0648879 0.0649795 0.0648934 0.0646304 0.0641924 0.063583 0.0628069 0.06187 0.0607797 0.0595441 0.0581727 0.0566755 0.0550635 0.0533483 0.051542 0.0496571 0.0477064 0.0457026 0.0436587 0.0415871 0.0395002 0.0374102 0.0353282 0.0332654 0.0312317 0.0292367 0.027289 0.0253964 0.0235656 0.0218029 0.0201132 0.0185009 0.0169693 0.0155211 0.014158 0.0128811 0.011691 0.0105876 0.00957019 0.00863784 0.00778919 0.00702263 0.00633638 0.00572859 0.00519733 0.00474078 0.00435719 0.00404498 0.00380282 0.00362959 0.00352471 
0.00351438 0.00354494 0.00364354 0.00381091 0.00404788 0.00435558 0.00473541 0.00518898 0.00571809 0.00632461 0.0070105 0.00777767 0.00862795 0.00956297 0.0105841 0.0116924 0.0128886 0.0141726 0.015544 0.0170018 0.018544 0.0201682 0.0218708 0.0236475 0.0254932 0.0274018 0.0293663 0.0313789 0.0334308 0.0355125 0.0376137 0.0397235 0.0418302 0.0439218 0.0459858 0.0480094 0.0499797 0.0518838 0.0537088 0.055442 0.0570713 0.0585851 0.0599721 0.0612222 0.0623261 0.0632753 0.0640626 0.064682 0.0651286 0.0653991 0.0654913 0.0654046 0.0651395 0.0646983 0.0640844 0.0633026 0.0623588 0.0612604 0.0600158 0.0586341 0.0571258 0.0555018 0.0537738 0.051954 0.050055 0.0480896 0.0460706 0.0440111 0.0419237 0.0398209 0.0377147 0.0356166 0.0335377 0.0314882 0.0294775 0.0275144 0.0256067 0.0237614 0.0219845 0.0202813 0.0186559 0.0171119 0.0156518 0.0142775 0.0129902 0.0117903 0.0106777 0.00965179 0.00871164 0.00785587 0.00708285 0.00639082 0.00577788 0.00524212 0.00478169 0.00439484 0.00407998 0.00383576 0.00366107 0.00355531 
0.00361212 0.00364354 0.00374478 0.00391656 0.00415975 0.00447548 0.00486519 0.00533051 0.00587326 0.00649536 0.00719877 0.00798545 0.00885724 0.00981578 0.0108625 0.0119984 0.013224 0.0145396 0.0159445 0.0174377 0.0190171 0.0206801 0.0224232 0.024242 0.026131 0.0280841 0.0300942 0.0321531 0.034252 0.0363811 0.0385298 0.040687 0.0428408 0.0449789 0.0470885 0.0491566 0.05117 0.0531155 0.05498 0.0567506 0.0584149 0.059961 0.0613776 0.0626543 0.0637815 0.0647507 0.0655546 0.0661869 0.0666429 0.0669189 0.0670129 0.0669242 0.0666535 0.0662028 0.0655758 0.0647772 0.0638134 0.0626915 0.0614202 0.0600089 0.0584681 0.0568091 0.0550437 0.0531843 0.0512438 0.0492353 0.0471719 0.0450668 0.042933 0.0407831 0.0386296 0.0364841 0.0343579 0.0322615 0.0302046 0.028196 0.0262439 0.0243554 0.0225366 0.0207929 0.0191288 0.0175477 0.0160523 0.0146446 0.0133258 0.0120964 0.0109563 0.0099049 0.00894127 0.00806401 0.0072715 0.00656194 0.00593342 0.005384 0.0049118 0.00451503 0.0041921 0.00394161 0.00376245 0.00365401 
0.00377804 0.00381091 0.00391656 0.00409576 0.00434936 0.00467857 0.00508484 0.00556984 0.00613544 0.00678361 0.00751636 0.00833567 0.00924343 0.0102413 0.0113307 0.0125126 0.0137876 0.0151559 0.0166167 0.0181688 0.0198102 0.021538 0.0233486 0.0252372 0.0271984 0.0292256 0.0313114 0.0334475 0.0356244 0.0378321 0.0400598 0.0422957 0.0445276 0.0467428 0.0489281 0.05107 0.0531548 0.055169 0.057099 0.0589315 0.0606538 0.0622535 0.0637191 0.0650397 0.0662056 0.067208 0.0680393 0.0686931 0.0691644 0.0694497 0.0695467 0.0694548 0.0691745 0.0687082 0.0680595 0.0672333 0.066236 0.0650753 0.0637598 0.0622995 0.0607049 0.0589878 0.0571604 0.0552354 0.0532262 0.0511462 0.0490091 0.0468284 0.0446175 0.0423896 0.0401574 0.0379332 0.0357284 0.0335541 0.0314203 0.0293362 0.0273102 0.0253497 0.0234612 0.0216502 0.0199214 0.0182785 0.0167243 0.0152609 0.0138896 0.0126109 0.0114248 0.0103309 0.00932798 0.00841479 0.00758967 0.00685078 0.00619618 0.00562388 0.00513195 0.00471858 0.00438211 0.00412113 0.00393449 0.00382155 
0.00401297 0.00404788 0.00415975 0.00434936 0.00461764 0.00496579 0.00539533 0.00590801 0.00650573 0.00719054 0.00796451 0.00882967 0.00978794 0.010841 0.0119903 0.0132368 0.0145812 0.0160232 0.0175623 0.0191971 0.0209253 0.022744 0.024649 0.0266356 0.0286978 0.0308287 0.0330205 0.0352643 0.0375504 0.0398681 0.042206 0.044552 0.0468931 0.049216 0.0515069 0.0537517 0.0559363 0.0580464 0.0600678 0.0619868 0.0637899 0.0654645 0.0669983 0.0683803 0.0696001 0.0706487 0.0715182 0.072202 0.0726948 0.072993 0.0730942 0.0729976 0.0727042 0.072216 0.071537 0.0706723 0.0696285 0.0684136 0.0670365 0.0655076 0.0638381 0.0620399 0.0601259 0.0581095 0.0560043 0.0538246 0.0515845 0.0492981 0.0469796 0.0446427 0.0423006 0.0399663 0.0376518 0.0353685 0.0331271 0.0309373 0.0288078 0.0267466 0.0247605 0.0228553 0.0210359 0.0193064 0.0176698 0.0161283 0.0146833 0.0133355 0.012085 0.0109312 0.00987317 0.00890953 0.0080386 0.00725851 0.00656725 0.00596279 0.00544314 0.00500642 0.00465092 0.00437518 0.00417801 0.00405875 
0.00431803 0.00435558 0.00447548 0.00467857 0.00496579 0.00533842 0.00579803 0.00634644 0.00698565 0.00771777 0.00854494 0.00946926 0.0104927 0.011617 0.0128436 0.0141734 0.015607 0.0171442 0.0187842 0.0205254 0.0223655 0.024301 0.0263276 0.0284401 0.0306322 0.0328964 0.0352244 0.0376068 0.0400331 0.0424921 0.0449717 0.0474589 0.0499401 0.0524013 0.0548278 0.0572048 0.0595173 0.0617503 0.063889 0.0659188 0.0678256 0.069596 0.0712174 0.0726779 0.0739669 0.0750747 0.0759932 0.0767153 0.0772356 0.0775503 0.0776568 0.0775544 0.077244 0.0767279 0.0760101 0.075096 0.0739926 0.0727082 0.0712522 0.0696355 0.0678698 0.0659677 0.0639428 0.061809 0.0595808 0.0572731 0.0549009 0.052479 0.0500224 0.0475454 0.0450623 0.0425865 0.040131 0.0377078 0.0353281 0.0330024 0.03074 0.0285492 0.0264374 0.0244109 0.0224751 0.0206341 0.0188913 0.0172491 0.0157092 0.0142724 0.0129387 0.0117078 0.0105787 0.00954999 0.00861996 0.00778669 0.00704812 0.00640214 0.00584669 0.00537982 0.00499974 0.00470494 0.00449416 0.00436674 
0.00469462 0.00473541 0.00486519 0.00508484 0.00539533 0.00579803 0.00629458 0.00688689 0.00757704 0.00836724 0.00925971 0.0102566 0.01136 0.0125717 0.013893 0.0153249 0.0168679 0.0185217 0.0202853 0.0221569 0.0241339 0.0262124 0.0283879 0.0306545 0.0330053 0.0354325 0.037927 0.0404787 0.0430763 0.0457079 0.0483604 0.05102 0.0536723 0.0563021 0.0588939 0.0614321 0.0639006 0.0662835 0.068565 0.0707298 0.072763 0.0746503 0.0763782 0.0779345 0.0793076 0.0804875 0.0814656 0.0822344 0.0827882 0.0831229 0.0832359 0.0831265 0.0827955 0.0822453 0.0814803 0.0805061 0.0793301 0.077961 0.0764089 0.0746852 0.0728024 0.0707737 0.0686136 0.0663367 0.0639585 0.0614948 0.0589614 0.0563743 0.0537491 0.0511013 0.048446 0.0457976 0.0431698 0.0405756 0.038027 0.0355352 0.0331102 0.030761 0.0284955 0.0263206 0.0242421 0.0222646 0.0203918 0.0186264 0.0169702 0.0154242 0.0139887 0.0126632 0.0114469 0.0103383 0.00933578 0.00843724 0.00764059 0.00694364 0.00634423 0.00584032 0.00543006 0.00511184 0.00488436 0.00474691 
0.00514433 0.00518898 0.00533051 0.00556984 0.00590801 0.00634644 0.00688689 0.00753134 0.008282 0.00914118 0.0101112 0.0111943 0.0123926 0.0137079 0.0151416 0.0166946 0.0183673 0.0201592 0.0220693 0.0240953 0.0262343 0.0284821 0.0308336 0.0332825 0.0358212 0.038441 0.0411323 0.0438839 0.0466839 0.0495192 0.0523758 0.0552389 0.0580929 0.0609216 0.0637085 0.0664366 0.0690889 0.0716484 0.0740983 0.0764221 0.078604 0.0806288 0.0824823 0.0841511 0.0856233 0.0868881 0.0879363 0.08876 0.0893533 0.0897116 0.0898323 0.0897145 0.0893591 0.0887689 0.0879483 0.0869034 0.0856419 0.0841732 0.082508 0.0806584 0.0786376 0.0764599 0.0741404 0.071695 0.0691402 0.0664926 0.0637692 0.0609871 0.0581631 0.0553138 0.0524553 0.0496031 0.0467719 0.0439758 0.0412276 0.0385395 0.0359223 0.0333857 0.0309385 0.0285881 0.0263407 0.0242016 0.0221748 0.0202634 0.0184694 0.016794 0.0152377 0.0138001 0.0124803 0.011277 0.0101884 0.00921235 0.00834674 0.00758925 0.00693763 0.00638973 0.00594361 0.00559757 0.00535024 0.00520088 
0.00566893 0.00571809 0.00587326 0.00613544 0.00650573 0.00698565 0.00757704 0.008282 0.00910286 0.010042 0.011102 0.012285 0.0135932 0.0150286 0.0165924 0.0182857 0.0201085 0.0220603 0.0241397 0.0263443 0.0286706 0.0311141 0.0336689 0.0363282 0.0390837 0.0419259 0.0448441 0.0478263 0.0508596 0.0539297 0.0570214 0.0601188 0.0632051 0.0662627 0.069274 0.0722206 0.0750843 0.0778469 0.0804903 0.0829968 0.0853496 0.0875325 0.08953 0.0913282 0.0929142 0.0942764 0.0954051 0.0962919 0.0969303 0.0973157 0.0974451 0.0973178 0.0969346 0.0962984 0.0954139 0.0942877 0.0929282 0.0913451 0.08955 0.0875557 0.0853765 0.0830275 0.0805249 0.0778858 0.0751277 0.0722686 0.0693268 0.0663204 0.0632676 0.0601862 0.0570937 0.0540066 0.0509411 0.0479121 0.0449338 0.0420193 0.0391803 0.0364275 0.0337704 0.0312171 0.0287747 0.0264488 0.0242439 0.0221636 0.0202101 0.018385 0.0166889 0.0151214 0.0136818 0.0123687 0.0111803 0.0101144 0.00916883 0.00834113 0.00762894 0.00703001 0.00654227 0.00616395 0.0058936 0.00573042 
0.00627032 0.00632461 0.00649536 0.00678361 0.00719054 0.00771777 0.00836724 0.00914118 0.010042 0.0110723 0.0122347 0.0135315 0.0149649 0.0165369 0.0182488 0.0201015 0.022095 0.0242285 0.0265003 0.0289076 0.0314466 0.0341121 0.0368976 0.0397955 0.0427968 0.0458909 0.0490661 0.0523095 0.0556067 0.0589424 0.0623001 0.0656624 0.0690112 0.0723275 0.0755922 0.0787855 0.0818879 0.0848796 0.0877412 0.0904539 0.0929994 0.0953604 0.0975204 0.0994643 0.101178 0.10265 0.10387 0.104828 0.105517 0.105933 0.106072 0.105934 0.105519 0.104831 0.103875 0.102657 0.101187 0.0994753 0.0975337 0.0953764 0.0930185 0.0904763 0.0877673 0.0849096 0.0819222 0.0788243 0.0756357 0.072376 0.0690647 0.065721 0.0623639 0.0590112 0.0556805 0.0523881 0.0491492 0.0459781 0.0428878 0.03989 0.0369949 0.0342116 0.0315477 0.0290097 0.0266027 0.0243305 0.0221959 0.0202006 0.0183453 0.0166301 0.0150542 0.0136161 0.0123141 0.0111459 0.0101092 0.00920155 0.00842033 0.00776323 0.00722806 0.00681295 0.00651634 0.00633742 
0.00695042 0.0070105 0.00719877 0.00751636 0.00796451 0.00854494 0.00925971 0.0101112 0.011102 0.0122347 0.013512 0.0149366 0.0165106 0.0182359 0.0201139 0.0221454 0.0243301 0.0266672 0.0291545 0.0317889 0.0345659 0.0374797 0.0405232 0.0436878 0.0469636 0.050339 0.0538012 0.057336 0.0609277 0.0645595 0.0682136 0.0718711 0.0755122 0.0791166 0.0826633 0.0861312 0.0894989 0.0927454 0.0958497 0.0987914 0.101551 0.10411 0.10645 0.108556 0.110412 0.112006 0.113326 0.114363 0.115109 0.115558 0.115709 0.115559 0.115109 0.114364 0.113327 0.112008 0.110415 0.10856 0.106456 0.104118 0.101561 0.0988045 0.095866 0.0927653 0.0895229 0.0861595 0.0826963 0.0791545 0.0755554 0.0719196 0.0682676 0.064619 0.0609926 0.0574062 0.0538765 0.0504191 0.0470482 0.0437764 0.0406153 0.0375747 0.0346633 0.031888 0.0292546 0.0267675 0.0244298 0.0222437 0.0202102 0.0183293 0.0166003 0.015022 0.0135924 0.0123094 0.0111704 0.0101728 0.009314 0.00859152 0.00800303 0.00754655 0.00722043 0.00702381 
0.00771114 0.00777767 0.00798545 0.00833567 0.00882967 0.00946926 0.0102566 0.0111943 0.012285 0.0135315 0.0149366 0.0165029 0.0182329 0.0201283 0.0221906 0.0244202 0.026817 0.0293795 0.0321054 0.034991 0.0380313 0.0412197 0.0445483 0.0480076 0.0515865 0.0552725 0.0590513 0.0629074 0.0668237 0.0707818 0.0747624 0.0787448 0.0827077 0.0866288 0.0904857 0.0942553 0.0979147 0.101441 0.104812 0.108005 0.111 0.113775 0.116314 0.118597 0.120609 0.122337 0.123767 0.12489 0.125698 0.126184 0.126347 0.126183 0.125696 0.124887 0.123764 0.122333 0.120606 0.118594 0.116311 0.113774 0.111 0.108008 0.104817 0.10145 0.097927 0.0942718 0.0905068 0.0866549 0.0827391 0.0787818 0.0748052 0.0708305 0.0668783 0.0629679 0.0591175 0.0553442 0.0516635 0.0480893 0.0446343 0.0413094 0.0381241 0.0350863 0.0322024 0.0294774 0.0269149 0.0245174 0.0222862 0.0202215 0.0183229 0.0165889 0.0150177 0.0136071 0.0123545 0.011257 0.0103121 0.00951693 0.00886918 0.00836671 0.0080078 0.00779151 
0.00855429 0.00862795 0.00885724 0.00924343 0.00978794 0.0104927 0.01136 0.0123926 0.0135932 0.0149649 0.0165106 0.0182329 0.0201343 0.0222166 0.0244812 0.0269285 0.0295579 0.0323678 0.0353554 0.0385163 0.041845 0.045334 0.0489747 0.0527563 0.0566667 0.0606921 0.0648167 0.0690236 0.0732941 0.0776083 0.0819448 0.0862814 0.0905947 0.0948608 0.0990552 0.103153 0.10713 0.11096 0.114621 0.118087 0.121337 0.124348 0.127102 0.129577 0.131759 0.133631 0.135181 0.136398 0.137273 0.1378 0.137975 0.137797 0.137268 0.136391 0.135173 0.133622 0.131748 0.129566 0.12709 0.124337 0.121326 0.118078 0.114614 0.110956 0.107129 0.103156 0.099063 0.0948736 0.0906129 0.0863054 0.081975 0.0776448 0.0733371 0.0690731 0.0648726 0.0607541 0.0567348 0.05283 0.0490535 0.0454174 0.0419323 0.0386069 0.0354485 0.0324626 0.0296535 0.027024 0.0245757 0.0223093 0.0202241 0.0183191 0.0165923 0.0150414 0.0136637 0.0124564 0.0114165 0.0105414 0.0098284 0.0092753 0.00888026 0.00864232 
0.00948151 0.00956297 0.00981578 0.0102413 0.010841 0.011617 0.0125717 0.0137079 0.0150286 0.0165369 0.0182359 0.0201283 0.0222166 0.0245027 0.0269878 0.029672 0.0325546 0.0356336 0.0389057 0.0423659 0.0460078 0.0498234 0.0538026 0.0579339 0.0622037 0.0665968 0.071096 0.0756827 0.0803365 0.0850355 0.0897568 0.094476 0.0991678 0.103806 0.108365 0.112817 0.117135 0.121294 0.125266 0.129027 0.132551 0.135816 0.138801 0.141484 0.143847 0.145875 0.147554 0.148871 0.149818 0.150389 0.150578 0.150385 0.149811 0.148861 0.14754 0.145859 0.143829 0.141463 0.138779 0.135794 0.132529 0.129005 0.125246 0.121276 0.11712 0.112806 0.108358 0.103804 0.0991713 0.0944856 0.0897729 0.0850584 0.0803663 0.0757196 0.0711401 0.0666479 0.0622616 0.0579983 0.0538731 0.0498993 0.0460887 0.0424509 0.038994 0.0357245 0.0326471 0.0297651 0.0270806 0.0245943 0.0223059 0.0202144 0.0183179 0.0166139 0.0150998 0.0137725 0.0126291 0.0116666 0.0108824 0.010274 0.00983947 0.00957788 
0.0104942 0.0105841 0.0108625 0.0113307 0.0119903 0.0128436 0.013893 0.0151416 0.0165924 0.0182488 0.0201139 0.0221906 0.0244812 0.0269878 0.0297112 0.0326516 0.0358078 0.0391774 0.0427566 0.0465397 0.0505195 0.0546869 0.0590309 0.0635386 0.0681951 0.0729836 0.0778855 0.0828801 0.0879455 0.0930577 0.0981916 0.103321 0.108418 0.113456 0.118404 0.123235 0.127919 0.132428 0.136734 0.140809 0.144627 0.148163 0.151394 0.154298 0.156856 0.15905 0.160866 0.16229 0.163314 0.16393 0.164134 0.163925 0.163304 0.162275 0.160846 0.159026 0.156828 0.154267 0.151361 0.148128 0.144591 0.140773 0.136699 0.132395 0.127889 0.123208 0.118381 0.113437 0.108406 0.103315 0.098192 0.0930653 0.0879606 0.0829031 0.0779163 0.0730223 0.0682415 0.0635924 0.0590917 0.0547542 0.0505926 0.046618 0.0428392 0.0392635 0.0358964 0.0327416 0.0298017 0.0270776 0.0245694 0.0222761 0.0201958 0.018326 0.0166641 0.0152068 0.0139512 0.012894 0.0120324 0.011364 0.0108868 0.0105996 
0.0115933 0.0116924 0.0119984 0.0125126 0.0132368 0.0141734 0.0153249 0.0166946 0.0182857 0.0201015 0.0221454 0.0244202 0.0269285 0.029672 0.0326516 0.0358671 0.039317 0.0429985 0.0469069 0.0510361 0.0553777 0.0599218 0.0646561 0.0695664 0.0746362 0.0798472 0.0851789 0.0906089 0.096113 0.101666 0.107239 0.112805 0.118334 0.123796 0.129159 0.134392 0.139465 0.144346 0.149005 0.153413 0.157543 0.161366 0.164858 0.167996 0.17076 0.17313 0.175091 0.176629 0.177734 0.178399 0.178619 0.178393 0.177721 0.176609 0.175065 0.173099 0.170723 0.167955 0.164814 0.161318 0.157493 0.153363 0.148955 0.144297 0.139417 0.134348 0.129118 0.12376 0.118304 0.112781 0.107222 0.101656 0.0961121 0.0906163 0.0851949 0.079872 0.0746696 0.0696082 0.064706 0.0599792 0.0554421 0.0511066 0.0469828 0.0430788 0.0394007 0.0359532 0.032739 0.0297595 0.027015 0.0245047 0.0222266 0.0201785 0.0183574 0.0167602 0.0153836 0.0142244 0.0132796 0.0125466 0.0120232 0.0117084 
0.0127796 0.0128886 0.013224 0.0137876 0.0145812 0.015607 0.0168679 0.0183673 0.0201085 0.022095 0.0243301 0.026817 0.0295579 0.0325546 0.0358078 0.039317 0.0430803 0.0470943 0.0513538 0.0558516 0.0605786 0.0655235 0.0706729 0.076011 0.0815198 0.0871793 0.092967 0.0988586 0.104828 0.110847 0.116886 0.122914 0.128899 0.134809 0.14061 0.146268 0.151751 0.157024 0.162056 0.166816 0.171273 0.175398 0.179166 0.18255 0.18553 0.188085 0.190199 0.191857 0.193048 0.193764 0.194 0.193755 0.193031 0.191832 0.190167 0.188046 0.185484 0.182499 0.179109 0.175337 0.171209 0.16675 0.16199 0.156957 0.151685 0.146205 0.14055 0.134754 0.12885 0.122871 0.11685 0.110819 0.104809 0.098849 0.0929668 0.0871886 0.0815388 0.0760393 0.0707103 0.0655696 0.0606328 0.0559131 0.0514218 0.0471678 0.0431583 0.0393983 0.0358913 0.0326391 0.0296421 0.0268997 0.0244103 0.0221713 0.02018 0.018433 0.0169269 0.0156584 0.0146244 0.0138222 0.0132494 0.012905 
0.014053 0.0141726 0.0145396 0.0151559 0.0160232 0.0171442 0.0185217 0.0201592 0.0220603 0.0242285 0.0266672 0.0293795 0.0323678 0.0356336 0.0391774 0.0429985 0.0470943 0.051461 0.0560925 0.0609808 0.0661157 0.0714848 0.077073 0.0828633 0.0888358 0.0949687 0.101237 0.107616 0.114075 0.120585 0.127113 0.133627 0.140092 0.146473 0.152734 0.158838 0.16475 0.170435 0.175859 0.180986 0.185786 0.190228 0.194283 0.197926 0.201132 0.20388 0.206153 0.207936 0.209216 0.209986 0.21024 0.209976 0.209196 0.207906 0.206114 0.203832 0.201075 0.197862 0.194213 0.190153 0.185706 0.180903 0.175774 0.17035 0.164666 0.158755 0.152654 0.146398 0.140023 0.133564 0.127058 0.120538 0.114037 0.107587 0.101219 0.0949611 0.0888388 0.0828767 0.0770967 0.0715183 0.0661585 0.061032 0.0561514 0.0515265 0.0471655 0.043074 0.0392562 0.0357142 0.032449 0.02946 0.0267457 0.0243037 0.0221311 0.0202246 0.0185806 0.0171957 0.0160667 0.0151907 0.0145654 0.0141895 
0.0154133 0.015544 0.0159445 0.0166167 0.0175623 0.0187842 0.0202853 0.0220693 0.0241397 0.0265003 0.0291545 0.0321054 0.0353554 0.0389057 0.0427566 0.0469069 0.0513538 0.0560925 0.0611162 0.066416 0.0719806 0.077796 0.0838459 0.0901114 0.0965711 0.103201 0.109974 0.116863 0.123836 0.13086 0.137901 0.144923 0.151889 0.158762 0.165502 0.172072 0.178433 0.184547 0.190377 0.195888 0.201045 0.205816 0.210171 0.214081 0.217522 0.220472 0.222911 0.224823 0.226197 0.227022 0.227293 0.22701 0.226173 0.224788 0.222864 0.220415 0.217455 0.214005 0.210087 0.205725 0.200949 0.195787 0.190274 0.184442 0.178328 0.171968 0.165401 0.158665 0.151798 0.144838 0.137823 0.130791 0.123777 0.116814 0.109937 0.103175 0.0965565 0.0901085 0.0838543 0.0778154 0.0720105 0.0664557 0.0611648 0.056149 0.051417 0.0469757 0.0428296 0.0389815 0.0354327 0.0321829 0.0292307 0.0265738 0.0242094 0.0221339 0.0203438 0.0188356 0.0176059 0.0166518 0.0159707 0.0155613 
0.0168592 0.0170018 0.0174377 0.0181688 0.0191971 0.0205254 0.0221569 0.0240953 0.0263443 0.0289076 0.0317889 0.034991 0.0385163 0.0423659 0.0465397 0.0510361 0.0558516 0.0609808 0.066416 0.0721473 0.0781619 0.0844447 0.0909777 0.0977402 0.104709 0.111858 0.119158 0.126579 0.134087 0.141646 0.149221 0.156772 0.16426 0.171643 0.178882 0.185935 0.192761 0.199319 0.205572 0.211479 0.217006 0.222118 0.226782 0.23097 0.234654 0.237812 0.240422 0.242468 0.243937 0.24482 0.24511 0.244806 0.24391 0.242427 0.240368 0.237745 0.234576 0.230881 0.226684 0.222011 0.216893 0.21136 0.205449 0.199194 0.192634 0.185809 0.178758 0.171523 0.164145 0.156664 0.149121 0.141555 0.134006 0.126509 0.1191 0.111812 0.104675 0.0977194 0.0909694 0.0844487 0.0781777 0.0721741 0.0664531 0.061027 0.0559058 0.051097 0.046606 0.0424361 0.038589 0.0350647 0.0318621 0.0289789 0.0264123 0.0241588 0.0222147 0.0205765 0.0192406 0.0182039 0.017464 0.0170195 
0.018389 0.018544 0.0190171 0.0198102 0.0209253 0.0223655 0.0241339 0.0262343 0.0286706 0.0314466 0.0345659 0.0380313 0.041845 0.0460078 0.0505195 0.0553777 0.0605786 0.0661157 0.0719806 0.0781619 0.0846458 0.0914156 0.0984517 0.105731 0.11323 0.120918 0.128765 0.136738 0.144801 0.152916 0.161043 0.169141 0.177168 0.18508 0.192834 0.200386 0.207692 0.214709 0.221396 0.227713 0.23362 0.239083 0.244066 0.248538 0.252473 0.255844 0.25863 0.260814 0.262382 0.263323 0.263632 0.263307 0.26235 0.260767 0.258568 0.255768 0.252383 0.248437 0.243953 0.23896 0.233489 0.227575 0.221253 0.214562 0.207543 0.200237 0.192687 0.184936 0.177029 0.169009 0.160919 0.152801 0.144696 0.136645 0.128684 0.12085 0.113176 0.105691 0.0984253 0.0914028 0.084646 0.0781745 0.0720047 0.0661504 0.0606226 0.0554298 0.0505781 0.0460716 0.0419122 0.0381005 0.0346354 0.031515 0.0287364 0.0262961 0.0241905 0.0224158 0.0209684 0.0198452 0.0190435 0.0185621 
0.02 0.0201682 0.0206801 0.021538 0.022744 0.024301 0.0262124 0.0284821 0.0311141 0.0341121 0.0374797 0.0412197 0.045334 0.0498234 0.0546869 0.0599218 0.0655235 0.0714848 0.077796 0.0844447 0.0914156 0.0986905 0.106248 0.114063 0.122109 0.130355 0.138768 0.147312 0.155948 0.164635 0.173332 0.181994 0.190576 0.199031 0.207314 0.215378 0.223177 0.230665 0.237798 0.244534 0.250832 0.256653 0.261962 0.266727 0.270917 0.274506 0.277473 0.279797 0.281466 0.282468 0.282796 0.28245 0.28143 0.279744 0.277403 0.274421 0.270816 0.266612 0.261835 0.256514 0.250682 0.244376 0.237634 0.230496 0.223005 0.215205 0.207142 0.198862 0.190411 0.181835 0.173182 0.164494 0.155818 0.147194 0.138664 0.130265 0.122034 0.114002 0.106202 0.0986594 0.091399 0.0844418 0.077806 0.0715068 0.0655562 0.0599639 0.0547368 0.0498796 0.0453949 0.0412836 0.0375449 0.034177 0.0311771 0.0285418 0.0262675 0.0243502 0.0227864 0.0215727 0.0207065 0.0201864 
0.021689 0.0218708 0.0224232 0.0233486 0.024649 0.0263276 0.0283879 0.0308336 0.0336689 0.0368976 0.0405232 0.0445483 0.0489747 0.0538026 0.0590309 0.0646561 0.0706729 0.077073 0.0838459 0.0909777 0.0984517 0.106248 0.114343 0.122711 0.131321 0.140141 0.149136 0.158266 0.16749 0.176765 0.186046 0.195286 0.204437 0.213449 0.222273 0.230861 0.239163 0.247132 0.25472 0.261883 0.268579 0.274766 0.280408 0.285469 0.28992 0.293731 0.296881 0.299349 0.30112 0.302183 0.302531 0.302163 0.30108 0.29929 0.296803 0.293636 0.289807 0.285341 0.280265 0.27461 0.268411 0.261706 0.254534 0.24694 0.238968 0.230663 0.222076 0.213253 0.204246 0.195101 0.18587 0.176598 0.167334 0.158123 0.149006 0.140027 0.131222 0.122628 0.114276 0.106197 0.0984168 0.090958 0.0838406 0.0770812 0.0706931 0.0646871 0.0590711 0.0538504 0.0490283 0.044606 0.0405833 0.0369583 0.0337286 0.0308907 0.0284409 0.0263754 0.0246905 0.0233827 0.0224494 0.0218892 
0.0234516 0.0236475 0.024242 0.0252372 0.0266356 0.0284401 0.0306545 0.0332825 0.0363282 0.0397955 0.0436878 0.0480076 0.0527563 0.0579339 0.0635386 0.0695664 0.076011 0.0828633 0.0901114 0.0977402 0.105731 0.114063 0.122711 0.131645 0.140834 0.150243 0.159833 0.169563 0.179389 0.189264 0.199142 0.208971 0.218701 0.22828 0.237656 0.246777 0.255591 0.264048 0.272098 0.279696 0.286795 0.293353 0.299332 0.304694 0.309408 0.313445 0.31678 0.319392 0.321267 0.322392 0.32276 0.32237 0.321223 0.319327 0.316694 0.313339 0.309284 0.304552 0.299173 0.29318 0.286608 0.279498 0.271891 0.263833 0.255371 0.246554 0.237433 0.228058 0.218483 0.208759 0.198938 0.18907 0.179206 0.169393 0.159677 0.150103 0.140711 0.131539 0.122622 0.113992 0.105677 0.0977026 0.0900896 0.0828563 0.0760176 0.0695853 0.0635681 0.0579723 0.0528018 0.0480584 0.0437421 0.0398514 0.036384 0.0333364 0.0307051 0.0284861 0.0266758 0.0252706 0.0242678 0.023666 
0.0252826 0.0254932 0.026131 0.0271984 0.0286978 0.0306322 0.0330053 0.0358212 0.0390837 0.0427968 0.0469636 0.0515865 0.0566667 0.0622037 0.0681951 0.0746362 0.0815198 0.0888358 0.0965711 0.104709 0.11323 0.122109 0.131321 0.140834 0.150614 0.160623 0.170819 0.181161 0.191599 0.202085 0.212569 0.222997 0.233315 0.243469 0.253404 0.263064 0.272396 0.281347 0.289865 0.297901 0.305407 0.31234 0.318658 0.324324 0.329303 0.333567 0.337088 0.339847 0.341826 0.343013 0.343402 0.342989 0.341778 0.339776 0.336995 0.333451 0.329167 0.324168 0.318484 0.312149 0.305202 0.297682 0.289636 0.281109 0.272152 0.262816 0.253154 0.24322 0.233069 0.222757 0.212336 0.201863 0.191388 0.180963 0.170637 0.160456 0.150465 0.140703 0.131209 0.122016 0.113155 0.104652 0.0965316 0.0888127 0.0815119 0.0746419 0.0682129 0.0622318 0.0567033 0.0516296 0.0470113 0.0428471 0.0391349 0.0358715 0.0330531 0.030676 0.0287364 0.0272308 0.0261564 0.0255118 
0.0271762 0.0274018 0.0280841 0.0292256 0.0308287 0.0328964 0.0354325 0.038441 0.0419259 0.0458909 0.050339 0.0552725 0.0606921 0.0665968 0.0729836 0.0798472 0.0871793 0.0949687 0.103201 0.111858 0.120918 0.130355 0.140141 0.150243 0.160623 0.171241 0.182053 0.193014 0.204073 0.215177 0.226274 0.237307 0.248219 0.258953 0.269451 0.279656 0.28951 0.298957 0.307945 0.316422 0.324338 0.331646 0.338306 0.344276 0.349522 0.354013 0.357721 0.360626 0.36271 0.36396 0.364368 0.363934 0.362658 0.360549 0.35762 0.353888 0.349374 0.344107 0.338117 0.331439 0.324114 0.316183 0.307695 0.298697 0.289241 0.279382 0.269175 0.258677 0.247946 0.237038 0.226013 0.214926 0.203833 0.192788 0.181843 0.171047 0.160447 0.150087 0.140005 0.130239 0.120821 0.111781 0.103143 0.0949284 0.0871556 0.0798388 0.0729888 0.0666137 0.0607188 0.0553071 0.0503794 0.0459351 0.041972 0.0384872 0.035477 0.0329377 0.0308655 0.0292568 0.0281089 0.0274203 
0.0291253 0.0293663 0.0300942 0.0313114 0.0330205 0.0352244 0.037927 0.0411323 0.0448441 0.0490661 0.0538012 0.0590513 0.0648167 0.071096 0.0778855 0.0851789 0.092967 0.101237 0.109974 0.119158 0.128765 0.138768 0.149136 0.159833 0.170819 0.182053 0.193488 0.205074 0.216758 0.228485 0.240199 0.251841 0.263351 0.274668 0.285731 0.296481 0.306858 0.316804 0.326263 0.33518 0.343505 0.35119 0.358189 0.364464 0.369976 0.374693 0.378589 0.381639 0.383827 0.385139 0.385568 0.385112 0.383772 0.381557 0.37848 0.374559 0.369817 0.364281 0.357986 0.350966 0.343263 0.334922 0.32599 0.31652 0.306565 0.296182 0.285428 0.274364 0.263049 0.251544 0.239909 0.228204 0.216489 0.204819 0.193249 0.181832 0.170617 0.15965 0.148974 0.138628 0.128646 0.11906 0.109896 0.101179 0.0929268 0.0851554 0.0778771 0.0711009 0.0648329 0.0590767 0.0538337 0.0491036 0.0448845 0.0411737 0.0379678 0.0352628 0.0330551 0.0313412 0.0301182 0.0293848 
0.0311221 0.0313789 0.0321531 0.0334475 0.0352643 0.0376068 0.0404787 0.0438839 0.0478263 0.0523095 0.057336 0.0629074 0.0690236 0.0756827 0.0828801 0.0906089 0.0988586 0.107616 0.116863 0.126579 0.136738 0.147312 0.158266 0.169563 0.181161 0.193014 0.205074 0.217287 0.229599 0.241951 0.254284 0.266536 0.278643 0.290542 0.302171 0.313466 0.324365 0.334807 0.344735 0.354091 0.362823 0.370882 0.37822 0.384797 0.390573 0.395515 0.399596 0.402792 0.405083 0.406457 0.406906 0.406428 0.405024 0.402704 0.39948 0.395372 0.390403 0.384602 0.378002 0.370642 0.362563 0.353813 0.344441 0.334501 0.324048 0.313141 0.301842 0.290211 0.278312 0.266209 0.253964 0.241641 0.2293 0.217003 0.204805 0.192764 0.18093 0.169353 0.158078 0.147147 0.136596 0.126459 0.116764 0.107538 0.098801 0.0905696 0.0828575 0.0756748 0.0690284 0.0629228 0.0573598 0.0523396 0.0478606 0.0439203 0.0405153 0.0376419 0.0352965 0.0334756 0.0321763 0.0313971 
0.0331581 0.0334308 0.034252 0.0356244 0.0375504 0.0400331 0.0430763 0.0466839 0.0508596 0.0556067 0.0609277 0.0668237 0.0732941 0.0803365 0.0879455 0.096113 0.104828 0.114075 0.123836 0.134087 0.144801 0.155948 0.16749 0.179389 0.191599 0.204073 0.216758 0.229599 0.242538 0.255514 0.268464 0.281323 0.294025 0.306505 0.318696 0.330532 0.341949 0.352884 0.363276 0.373068 0.382204 0.390633 0.398306 0.405181 0.411218 0.416384 0.420647 0.423986 0.426379 0.427815 0.428284 0.427783 0.426317 0.423893 0.420524 0.416231 0.411038 0.404974 0.398074 0.390376 0.381926 0.372771 0.362962 0.352555 0.341609 0.330183 0.31834 0.306147 0.293667 0.280968 0.268115 0.255174 0.24221 0.229285 0.21646 0.203794 0.19134 0.179152 0.167276 0.155757 0.144635 0.133944 0.123716 0.113978 0.104752 0.0960572 0.0879078 0.0803151 0.073287 0.0668286 0.0609424 0.0556289 0.0508872 0.0467147 0.0431084 0.0400647 0.03758 0.0356507 0.0342741 0.0334488 
0.0352238 0.0355125 0.0363811 0.0378321 0.0398681 0.0424921 0.0457079 0.0495192 0.0539297 0.0589424 0.0645595 0.0707818 0.0776083 0.0850355 0.0930577 0.101666 0.110847 0.120585 0.13086 0.141646 0.152916 0.164635 0.176765 0.189264 0.202085 0.215177 0.228485 0.241951 0.255514 0.26911 0.282672 0.296134 0.309426 0.32248 0.335227 0.347599 0.359528 0.37095 0.381801 0.392022 0.401556 0.410349 0.418352 0.425521 0.431815 0.437199 0.441643 0.445122 0.447616 0.449111 0.4496 0.449078 0.44755 0.445024 0.441513 0.437038 0.431625 0.425302 0.418106 0.410077 0.401261 0.391706 0.381467 0.3706 0.359165 0.347225 0.334846 0.322095 0.30904 0.29575 0.282294 0.26874 0.255156 0.241608 0.228158 0.214869 0.201798 0.189 0.176525 0.164419 0.152725 0.14148 0.130718 0.120468 0.110752 0.101593 0.0930044 0.0850001 0.0775886 0.0707756 0.0645645 0.0589563 0.0539501 0.049544 0.0457351 0.0425199 0.0398948 0.0378565 0.036402 0.0355302 
0.0373088 0.0376137 0.0385298 0.0400598 0.042206 0.0449717 0.0483604 0.0523758 0.0570214 0.0623001 0.0682136 0.0747624 0.0819448 0.0897568 0.0981916 0.107239 0.116886 0.127113 0.137901 0.149221 0.161043 0.173332 0.186046 0.199142 0.212569 0.226274 0.240199 0.254284 0.268464 0.282672 0.29684 0.310897 0.324771 0.338391 0.351686 0.364585 0.377017 0.388917 0.400219 0.410861 0.420785 0.429935 0.438262 0.445719 0.452264 0.457863 0.462483 0.466099 0.468691 0.470245 0.470753 0.470211 0.468622 0.465996 0.462347 0.457694 0.452064 0.445489 0.438003 0.42965 0.420474 0.410528 0.399866 0.388546 0.376632 0.364187 0.35128 0.33798 0.324358 0.310485 0.296433 0.282274 0.268077 0.253911 0.239843 0.225937 0.212253 0.19885 0.185779 0.17309 0.160827 0.149031 0.137737 0.126975 0.116772 0.107148 0.0981222 0.0897068 0.0819121 0.0747446 0.0682085 0.0623051 0.0570343 0.0523943 0.0483824 0.0449953 0.0422296 0.0400819 0.0385495 0.037631 
0.0394025 0.0397235 0.040687 0.0422957 0.044552 0.0474589 0.05102 0.0552389 0.0601188 0.0656624 0.0718711 0.0787448 0.0862814 0.094476 0.103321 0.112805 0.122914 0.133627 0.144923 0.156772 0.169141 0.181994 0.195286 0.208971 0.222997 0.237307 0.251841 0.266536 0.281323 0.296134 0.310897 0.325538 0.339984 0.354159 0.367991 0.381405 0.394331 0.406699 0.418441 0.429494 0.439799 0.449297 0.457939 0.465676 0.472467 0.478274 0.483065 0.486815 0.489503 0.491114 0.49164 0.491078 0.489431 0.486708 0.482923 0.478098 0.472258 0.465436 0.457668 0.448998 0.439473 0.429144 0.418069 0.406308 0.393924 0.380985 0.367561 0.353723 0.339544 0.325099 0.310462 0.295707 0.280907 0.266133 0.251456 0.236941 0.222653 0.208651 0.194991 0.181726 0.168901 0.156559 0.144737 0.133468 0.12278 0.112696 0.103235 0.094411 0.0862352 0.0787151 0.0718554 0.0656583 0.0601239 0.0552508 0.0510366 0.0474782 0.0445722 0.0423155 0.0407053 0.0397403 
0.0414932 0.0418302 0.0428408 0.0445276 0.0468931 0.0499401 0.0536723 0.0580929 0.0632051 0.0690112 0.0755122 0.0827077 0.0905947 0.0991678 0.108418 0.118334 0.128899 0.140092 0.151889 0.16426 0.177168 0.190576 0.204437 0.218701 0.233315 0.248219 0.263351 0.278643 0.294025 0.309426 0.324771 0.339984 0.354987 0.369705 0.38406 0.397977 0.411383 0.424205 0.436375 0.447828 0.458502 0.468339 0.477287 0.485296 0.492324 0.498332 0.50329 0.507169 0.509949 0.511616 0.51216 0.511579 0.509875 0.507058 0.503142 0.49815 0.492107 0.485046 0.477005 0.468028 0.458163 0.447463 0.435987 0.423795 0.410955 0.397535 0.383607 0.369244 0.354522 0.339518 0.324309 0.308971 0.293581 0.278212 0.262937 0.247825 0.232943 0.218354 0.204115 0.190281 0.176902 0.164022 0.151681 0.139912 0.128746 0.118207 0.108316 0.0990876 0.0905348 0.0826657 0.0754857 0.0689976 0.063202 0.0580979 0.0536832 0.0499549 0.0469098 0.044545 0.0428576 0.0418466 
0.0435689 0.0439218 0.0449789 0.0467428 0.049216 0.0524013 0.0563021 0.0609216 0.0662627 0.0723275 0.0791166 0.0866288 0.0948608 0.103806 0.113456 0.123796 0.134809 0.146473 0.158762 0.171643 0.18508 0.199031 0.213449 0.22828 0.243469 0.258953 0.274668 0.290542 0.306505 0.32248 0.338391 0.354159 0.369705 0.384948 0.399811 0.414216 0.428086 0.441348 0.453933 0.465772 0.476803 0.486966 0.496208 0.50448 0.511736 0.51794 0.523057 0.527061 0.52993 0.53165 0.532212 0.531612 0.529854 0.526946 0.522905 0.517751 0.511512 0.504221 0.495917 0.486643 0.47645 0.465392 0.453528 0.440921 0.42764 0.413753 0.399336 0.384465 0.369216 0.353669 0.337903 0.321999 0.306033 0.290084 0.274226 0.258531 0.243069 0.227905 0.213101 0.198711 0.18479 0.171382 0.158531 0.146272 0.134636 0.12365 0.113336 0.103711 0.094787 0.0865744 0.0790791 0.0723044 0.0662514 0.0609196 0.0563072 0.0524113 0.0492292 0.0467576 0.0449941 0.0439376 
0.0456174 0.0459858 0.0470885 0.0489281 0.0515069 0.0548278 0.0588939 0.0637085 0.069274 0.0755922 0.0826633 0.0904857 0.0990552 0.108365 0.118404 0.129159 0.14061 0.152734 0.165502 0.178882 0.192834 0.207314 0.222273 0.237656 0.253404 0.269451 0.285731 0.302171 0.318696 0.335227 0.351686 0.367991 0.38406 0.399811 0.415164 0.430038 0.444356 0.458042 0.471025 0.483235 0.494609 0.505085 0.51461 0.523133 0.530609 0.536998 0.542269 0.546392 0.549347 0.551118 0.551696 0.551079 0.549268 0.546274 0.542112 0.536804 0.530378 0.522866 0.514309 0.504752 0.494244 0.482841 0.470605 0.457598 0.443891 0.429556 0.414668 0.399305 0.383548 0.367476 0.351173 0.33472 0.318197 0.301686 0.285262 0.269002 0.252977 0.237255 0.221899 0.206969 0.192519 0.178598 0.165249 0.152511 0.140417 0.128995 0.118268 0.108254 0.0989675 0.0904188 0.0826147 0.0755593 0.0692543 0.0636994 0.0588931 0.0548331 0.0515164 0.0489403 0.0471021 0.046001 
0.0476258 0.0480094 0.0491566 0.05107 0.0537517 0.0572048 0.0614321 0.0664366 0.0722206 0.0787855 0.0861312 0.0942553 0.103153 0.112817 0.123235 0.134392 0.146268 0.158838 0.172072 0.185935 0.200386 0.215378 0.230861 0.246777 0.263064 0.279656 0.296481 0.313466 0.330532 0.347599 0.364585 0.381405 0.397977 0.414216 0.430038 0.445362 0.460108 0.4742 0.487563 0.500128 0.511829 0.522605 0.5324 0.541162 0.548847 0.555414 0.56083 0.565067 0.568104 0.569923 0.570518 0.569883 0.568023 0.564947 0.56067 0.555215 0.54861 0.540888 0.53209 0.522262 0.511454 0.499723 0.48713 0.473741 0.459628 0.444862 0.429523 0.413689 0.397443 0.380868 0.364048 0.347067 0.330008 0.312955 0.295986 0.27918 0.262611 0.24635 0.230462 0.215009 0.200047 0.185628 0.171797 0.158595 0.146056 0.13421 0.123082 0.112691 0.103052 0.094176 0.0860715 0.078743 0.0721925 0.0664203 0.0614253 0.0572052 0.0537575 0.0510794 0.0491685 0.048024 
0.0495814 0.0499797 0.05117 0.0531548 0.0559363 0.0595173 0.0639006 0.0690889 0.0750843 0.0818879 0.0894989 0.0979147 0.10713 0.117135 0.127919 0.139465 0.151751 0.16475 0.178433 0.192761 0.207692 0.223177 0.239163 0.255591 0.272396 0.28951 0.306858 0.324365 0.341949 0.359528 0.377017 0.394331 0.411383 0.428086 0.444356 0.460108 0.475262 0.48974 0.503465 0.516367 0.528379 0.539438 0.549489 0.558478 0.56636 0.573096 0.57865 0.582995 0.586108 0.587973 0.588583 0.587932 0.586025 0.582871 0.578487 0.572893 0.566118 0.558198 0.549172 0.539086 0.527993 0.51595 0.503019 0.489267 0.474767 0.459592 0.443823 0.42754 0.410828 0.393772 0.376458 0.358973 0.341401 0.323829 0.306338 0.289009 0.271918 0.255139 0.238739 0.222783 0.20733 0.192431 0.178137 0.164487 0.15152 0.139266 0.12775 0.116994 0.107015 0.0978231 0.0894283 0.0818356 0.0750478 0.0690655 0.0638878 0.0595129 0.0559383 0.0531616 0.0511803 0.0499937 
0.0514713 0.0518838 0.0531155 0.055169 0.0580464 0.0617503 0.0662835 0.0716484 0.0778469 0.0848796 0.0927454 0.101441 0.11096 0.121294 0.132428 0.144346 0.157024 0.170435 0.184547 0.199319 0.214709 0.230665 0.247132 0.264048 0.281347 0.298957 0.316804 0.334807 0.352884 0.37095 0.388917 0.406699 0.424205 0.441348 0.458042 0.4742 0.48974 0.504581 0.518648 0.531868 0.544172 0.555499 0.56579 0.574994 0.583062 0.589956 0.59564 0.600085 0.603271 0.60518 0.605804 0.605138 0.603187 0.59996 0.595474 0.589749 0.582816 0.574708 0.565467 0.55514 0.543778 0.531441 0.518191 0.504096 0.48923 0.473669 0.457493 0.440785 0.423632 0.40612 0.388337 0.370372 0.352314 0.334248 0.316261 0.298433 0.280845 0.263572 0.246685 0.230248 0.214325 0.198969 0.18423 0.170153 0.156775 0.14413 0.132243 0.121138 0.110832 0.101337 0.092664 0.0848178 0.0778021 0.0716179 0.0662648 0.0617411 0.0580447 0.0551731 0.0531241 0.0518971 
0.0532828 0.0537088 0.05498 0.057099 0.0600678 0.063889 0.068565 0.0740983 0.0804903 0.0877412 0.0958497 0.104812 0.114621 0.125266 0.136734 0.149005 0.162056 0.175859 0.190377 0.205572 0.221396 0.237798 0.25472 0.272098 0.289865 0.307945 0.326263 0.344735 0.363276 0.381801 0.400219 0.418441 0.436375 0.453933 0.471025 0.487563 0.503465 0.518648 0.533035 0.546552 0.559131 0.570708 0.581225 0.590628 0.59887 0.605912 0.611717 0.616257 0.619509 0.621459 0.622096 0.621417 0.619425 0.61613 0.611548 0.605702 0.59862 0.590337 0.580896 0.570342 0.558729 0.546116 0.532568 0.518152 0.502943 0.487018 0.47046 0.453353 0.435785 0.417843 0.399619 0.381203 0.362685 0.344154 0.325697 0.307399 0.289341 0.2716 0.254251 0.23736 0.220991 0.205201 0.190041 0.175557 0.16179 0.148772 0.136533 0.125096 0.114479 0.104696 0.0957579 0.0876703 0.0804374 0.0740609 0.0685406 0.0638751 0.0600625 0.0571005 0.0549869 0.0537214 
0.0550032 0.055442 0.0567506 0.0589315 0.0619868 0.0659188 0.0707298 0.0764221 0.0829968 0.0904539 0.0987914 0.108005 0.118087 0.129027 0.140809 0.153413 0.166816 0.180986 0.195888 0.211479 0.227713 0.244534 0.261883 0.279696 0.297901 0.316422 0.33518 0.354091 0.373068 0.392022 0.410861 0.429494 0.447828 0.465772 0.483235 0.500128 0.516367 0.531868 0.546552 0.560346 0.57318 0.584989 0.595714 0.605303 0.613706 0.620885 0.626802 0.631429 0.634745 0.636732 0.637381 0.636689 0.634659 0.631301 0.626631 0.620672 0.613453 0.605008 0.59538 0.584617 0.572771 0.559903 0.546076 0.531361 0.515833 0.499571 0.482657 0.465178 0.447222 0.42888 0.410243 0.391405 0.372457 0.35349 0.334594 0.315854 0.297356 0.279177 0.261393 0.244075 0.227287 0.211089 0.195533 0.180667 0.166533 0.153165 0.140594 0.128843 0.117933 0.107878 0.0986896 0.0903741 0.0829363 0.0763781 0.0706998 0.0659003 0.0619779 0.0589305 0.056756 0.055454 
0.0566206 0.0570713 0.0584149 0.0606538 0.0637899 0.0678256 0.072763 0.078604 0.0853496 0.0929994 0.101551 0.111 0.121337 0.132551 0.144627 0.157543 0.171273 0.185786 0.201045 0.217006 0.23362 0.250832 0.268579 0.286795 0.305407 0.324338 0.343505 0.362823 0.382204 0.401556 0.420785 0.439799 0.458502 0.476803 0.494609 0.511829 0.528379 0.544172 0.559131 0.57318 0.586248 0.598271 0.609188 0.618947 0.627499 0.634802 0.640823 0.64553 0.648903 0.650925 0.651585 0.650881 0.648817 0.645401 0.640651 0.634588 0.627242 0.618649 0.60885 0.597894 0.585834 0.57273 0.558647 0.543657 0.527835 0.511261 0.494019 0.476195 0.457881 0.439169 0.420151 0.400921 0.381575 0.362204 0.3429 0.323751 0.304842 0.286256 0.268069 0.250354 0.233176 0.216598 0.200673 0.185451 0.170974 0.157279 0.144398 0.132355 0.121171 0.110862 0.10144 0.0929112 0.0852817 0.0785537 0.0727276 0.0678028 0.0637777 0.0606503 0.0584187 0.0570827 
0.0581232 0.0585851 0.059961 0.0622535 0.0654645 0.069596 0.0746503 0.0806288 0.0875325 0.0953604 0.10411 0.113775 0.124348 0.135816 0.148163 0.161366 0.175398 0.190228 0.205816 0.222118 0.239083 0.256653 0.274766 0.293353 0.31234 0.331646 0.35119 0.370882 0.390633 0.410349 0.429935 0.449297 0.468339 0.486966 0.505085 0.522605 0.539438 0.555499 0.570708 0.584989 0.598271 0.610487 0.62158 0.631493 0.64018 0.647598 0.653712 0.658493 0.661917 0.66397 0.664641 0.663926 0.66183 0.658362 0.653538 0.647382 0.639921 0.631193 0.621239 0.610107 0.597851 0.584533 0.570218 0.554976 0.538886 0.522027 0.504485 0.486347 0.467705 0.448654 0.429286 0.409699 0.389987 0.370246 0.350567 0.331042 0.311757 0.292797 0.274239 0.256158 0.238621 0.221692 0.205428 0.189877 0.175085 0.161089 0.147921 0.135608 0.124172 0.113628 0.10399 0.0952642 0.0874576 0.0805725 0.0746099 0.0695692 0.0654491 0.0622477 0.0599634 0.0585958 
