0.00359238 0.00362324 0.00372277 0.00389169 0.00413081 0.00444124 0.00482435 0.00528171 0.00581507 0.00642626 0.00711718 0.00788969 0.00874555 0.00968633 0.0107133 0.0118276 0.0130295 0.0143193 0.0156964 0.0171595 0.0187068 0.0203357 0.0220426 0.0238231 0.0256722 0.0275836 0.0295505 0.0315648 0.0336179 0.0357002 0.0378015 0.0399108 0.0420166 0.0441069 0.0461691 0.0481906 0.0501585 0.0520599 0.053882 0.0556123 0.0572387 0.0587495 0.0601338 0.0613813 0.0624827 0.0634298 0.0642153 0.0648332 0.0652788 0.0655487 0.0656407 0.0655541 0.0652897 0.0648496 0.0642371 0.0634571 0.0625155 0.0614195 0.0601775 0.0587987 0.0572932 0.0556722 0.0539471 0.0521301 0.0502338 0.0482708 0.046254 0.0441962 0.0421102 0.0400083 0.0379025 0.0358044 0.0337249 0.0316742 0.0296618 0.0276964 0.0257859 0.0239372 0.0221565 0.020449 0.0188189 0.0172698 0.0158044 0.0144245 0.0131314 0.0119256 0.0108071 0.00977541 0.00882951 0.00796815 0.0071898 0.00649272 0.0058751 0.00533507 0.00487084 0.00448068 0.00416307 0.00391667 0.00374039 0.00363367 
0.00362324 0.00365439 0.00375478 0.00392516 0.00416633 0.00447942 0.00486579 0.00532703 0.0058649 0.00648126 0.00717799 0.00795698 0.00881998 0.00976859 0.0108041 0.0119275 0.0131394 0.0144397 0.015828 0.017303 0.0188628 0.0205047 0.0222252 0.0240199 0.0258835 0.02781 0.0297922 0.0318222 0.0338911 0.0359895 0.0381069 0.0402323 0.042354 0.04446 0.0465377 0.0485743 0.0505569 0.0524724 0.0543079 0.056051 0.0576893 0.0592111 0.0606054 0.061862 0.0629714 0.0639253 0.0647164 0.0653388 0.0657875 0.0660593 0.0661519 0.0660647 0.0657983 0.065355 0.064738 0.0639523 0.0630039 0.0618999 0.0606488 0.0592599 0.0577434 0.0561104 0.0543726 0.0525422 0.0506317 0.0486541 0.0466222 0.0445489 0.0424472 0.0403293 0.0382075 0.0360934 0.0339978 0.0319313 0.0299032 0.0279225 0.025997 0.0241338 0.022339 0.0206179 0.0189748 0.0174133 0.015936 0.014545 0.0132413 0.0120257 0.010898 0.00985779 0.00890408 0.00803558 0.00725075 0.00654786 0.00592507 0.00538052 0.00491239 0.00451896 0.00419868 0.00395021 0.00377246 0.00366485 
0.00372277 0.00375478 0.00385783 0.00403265 0.00428007 0.00460123 0.00499752 0.00547056 0.00602213 0.00665412 0.00736843 0.00816698 0.00905155 0.0100237 0.0110848 0.0122359 0.0134773 0.0148092 0.0162309 0.0177413 0.0193382 0.021019 0.0227799 0.0246166 0.0265235 0.0284944 0.030522 0.0325982 0.0347139 0.0368595 0.0390242 0.0411968 0.0433654 0.0455177 0.0476407 0.0497216 0.051747 0.0537037 0.0555785 0.0573588 0.0590318 0.0605858 0.0620095 0.0632925 0.0644251 0.0653988 0.0662064 0.0668417 0.0672997 0.0675769 0.0676714 0.0675822 0.0673102 0.0668574 0.0662275 0.0654252 0.0644567 0.0633294 0.0620518 0.0606334 0.0590847 0.0574169 0.0556418 0.0537721 0.0518204 0.0497999 0.0477237 0.0456052 0.0434572 0.0412925 0.0391236 0.0369622 0.0348196 0.0327063 0.0306321 0.0286061 0.0266363 0.0247299 0.0228933 0.0211318 0.01945 0.0178514 0.0163389 0.0149145 0.0135794 0.0123342 0.011179 0.0101132 0.00913596 0.00824593 0.00744155 0.00672108 0.00608265 0.00552439 0.00504444 0.00464105 0.00431265 0.00405789 0.00387566 0.00376535 
0.00389169 0.00392516 0.00403265 0.00421491 0.0044728 0.00480749 0.00522041 0.00571322 0.00628772 0.00694587 0.00768961 0.00852088 0.00944149 0.0104531 0.0115569 0.012754 0.0140449 0.0154294 0.016907 0.0184763 0.0201352 0.0218806 0.023709 0.0256154 0.0275943 0.029639 0.0317421 0.0338952 0.0360887 0.0383126 0.0405559 0.0428069 0.0450533 0.0472823 0.0494806 0.0516348 0.0537313 0.0557563 0.0576963 0.0595381 0.0612688 0.0628761 0.0643484 0.065675 0.0668461 0.0678528 0.0686876 0.0693442 0.0698175 0.0701039 0.0702013 0.0701089 0.0698275 0.0693592 0.0687077 0.0678779 0.0668763 0.0657103 0.0643889 0.0629217 0.0613195 0.0595939 0.0577573 0.0558223 0.0538023 0.0517107 0.0495612 0.0473674 0.0451427 0.0429004 0.0406532 0.0384133 0.0361925 0.0340016 0.0318508 0.0297494 0.0277059 0.0257278 0.0238215 0.0219929 0.0202465 0.0185862 0.0170149 0.0155347 0.0141471 0.0128526 0.0116514 0.010543 0.00952639 0.00860035 0.00776328 0.00701339 0.0063488 0.00576757 0.00526782 0.00484776 0.00450577 0.00424047 0.00405071 0.0039359 
0.00413081 0.00416633 0.00428007 0.0044728 0.00474542 0.00509914 0.00553544 0.00605602 0.00666277 0.00735767 0.00814274 0.00901997 0.00999121 0.0110581 0.0122219 0.0134837 0.0148439 0.0163023 0.0178581 0.01951 0.0212556 0.0230918 0.0250144 0.0270185 0.0290982 0.0312463 0.0334551 0.0357155 0.0380178 0.0403512 0.0427043 0.0450649 0.0474199 0.0497561 0.0520595 0.0543162 0.0565118 0.0586322 0.0606631 0.0625908 0.0644018 0.0660835 0.0676237 0.0690113 0.0702359 0.0712885 0.0721613 0.0728476 0.0733423 0.0736415 0.073743 0.0736461 0.0733515 0.0728616 0.0721799 0.0713119 0.070264 0.0690442 0.0676616 0.0661263 0.0644496 0.0626435 0.0607207 0.0586948 0.0565794 0.0543886 0.0521366 0.0498378 0.047506 0.0451551 0.0427985 0.040449 0.0381188 0.0358194 0.0335614 0.0313547 0.0292081 0.0271294 0.0251258 0.023203 0.0213662 0.0196194 0.0179657 0.0164075 0.0149462 0.0135826 0.0123169 0.0111485 0.0100767 0.00910014 0.00821715 0.00742594 0.00672459 0.00611109 0.00558351 0.00514001 0.00477892 0.00449879 0.00429846 0.00417729 
0.00444124 0.00447942 0.00460123 0.00480749 0.00509914 0.00547744 0.00594392 0.00650037 0.00714873 0.00789108 0.0087295 0.00966603 0.0107026 0.0118408 0.013082 0.0144271 0.0158765 0.0174301 0.0190868 0.0208451 0.0227023 0.0246552 0.0266992 0.028829 0.0310381 0.0333192 0.0356637 0.0380622 0.0405042 0.0429783 0.0454725 0.0479736 0.0504681 0.0529418 0.0553801 0.0577682 0.060091 0.0623336 0.0644811 0.0665189 0.068433 0.07021 0.0718372 0.0733028 0.0745961 0.0757076 0.076629 0.0773534 0.0778753 0.0781909 0.0782978 0.0781951 0.0778837 0.0773659 0.0766458 0.0757287 0.0746216 0.0733327 0.0718717 0.0702491 0.0684768 0.0665675 0.0645345 0.0623918 0.0601541 0.0578361 0.0554527 0.053019 0.0505498 0.0480597 0.0455626 0.0430723 0.0406017 0.0381628 0.0357671 0.0334249 0.0311456 0.0289378 0.0268088 0.0247651 0.0228119 0.0209537 0.0191939 0.0175351 0.0159789 0.0145262 0.0131773 0.0119318 0.0107888 0.00974702 0.00880479 0.00796027 0.00721146 0.00655631 0.00599281 0.00551905 0.00513328 0.00483401 0.00462003 0.00449067 
0.00482435 0.00486579 0.00499752 0.00522041 0.00553544 0.00594392 0.00644747 0.00704796 0.00774743 0.00854802 0.0094519 0.0104612 0.0115778 0.0128035 0.0141395 0.0155868 0.0171457 0.0188158 0.020596 0.0224845 0.0244785 0.0265741 0.0287666 0.0310501 0.0334176 0.0358611 0.0383716 0.0409387 0.0435513 0.0461973 0.0488636 0.0515363 0.054201 0.0568425 0.0594453 0.0619936 0.0644716 0.0668631 0.0691526 0.0713247 0.0733643 0.0752574 0.0769904 0.0785511 0.079928 0.0811111 0.0820917 0.0828625 0.0834177 0.0837533 0.0838666 0.0837568 0.0834249 0.0828733 0.0821063 0.0811294 0.0799502 0.0785773 0.0770208 0.0752919 0.0734033 0.0713681 0.0692007 0.0669159 0.064529 0.0620558 0.0595123 0.0569141 0.0542773 0.0516171 0.0489487 0.0462865 0.0436443 0.0410352 0.0384712 0.0359634 0.0335221 0.0311563 0.028874 0.0266822 0.0245866 0.0225921 0.0207025 0.0189204 0.017248 0.0156862 0.0142353 0.0128952 0.0116649 0.0105431 0.00952817 0.00861823 0.00781119 0.00710491 0.00649731 0.00598639 0.00557033 0.00524756 0.0050168 0.00487738 
0.00528171 0.00532703 0.00547056 0.00571322 0.00605602 0.00650037 0.00704796 0.00770076 0.00846091 0.00933065 0.0103122 0.0114079 0.0126195 0.0139489 0.0153974 0.0169658 0.0186544 0.0204626 0.0223891 0.0244319 0.0265876 0.0288522 0.0312203 0.0336856 0.0362403 0.0388759 0.0415824 0.0443488 0.0471629 0.0500117 0.0528811 0.0557563 0.0586217 0.061461 0.0642578 0.066995 0.0696557 0.0722228 0.0746796 0.0770097 0.0791971 0.0812268 0.0830846 0.0847571 0.0862324 0.0874999 0.0885501 0.0893754 0.0899698 0.0903287 0.0904496 0.0903316 0.0899756 0.0893842 0.0885619 0.0875148 0.0862507 0.0847789 0.0831099 0.081256 0.0792303 0.077047 0.0747213 0.072269 0.0697064 0.0670504 0.064318 0.061526 0.0586914 0.0558307 0.0529601 0.050095 0.0472504 0.0444401 0.0416773 0.0389739 0.0363411 0.0337885 0.0313249 0.0289579 0.0266939 0.024538 0.0224946 0.0205666 0.0187564 0.0170653 0.0154936 0.0140412 0.0127074 0.0114907 0.0103895 0.00940196 0.00852579 0.00775882 0.00709885 0.00654379 0.00609175 0.00574106 0.00549038 0.00533901 
0.00581507 0.0058649 0.00602213 0.00628772 0.00666277 0.00714873 0.00774743 0.00846091 0.00929143 0.0102413 0.011313 0.0125087 0.0138305 0.01528 0.0168588 0.0185674 0.020406 0.0223739 0.0244697 0.0266907 0.0290334 0.0314932 0.0340642 0.0367393 0.0395102 0.0423673 0.0452999 0.0482959 0.0513423 0.0544248 0.0575282 0.0606366 0.063733 0.0668 0.0698199 0.0727744 0.0756452 0.0784141 0.0810632 0.0835748 0.0859321 0.0881188 0.0901197 0.0919207 0.093509 0.0948731 0.0960033 0.0968913 0.0975305 0.0979164 0.098046 0.0979184 0.0975347 0.0968976 0.096012 0.0948842 0.0935227 0.0919372 0.0901392 0.0881416 0.0859585 0.083605 0.0810974 0.0784525 0.075688 0.0728218 0.0698721 0.0668571 0.0637949 0.0607034 0.0575999 0.0545012 0.0514232 0.0483811 0.0453891 0.0424601 0.0396062 0.0368381 0.0341652 0.0315959 0.0291372 0.0267949 0.0245737 0.022477 0.0205075 0.0186666 0.0169551 0.0153728 0.013919 0.0125924 0.0113914 0.0103138 0.00935748 0.00852013 0.00779943 0.00719318 0.0066994 0.00631632 0.00604255 0.00587731 
0.00642626 0.00648126 0.00665412 0.00694587 0.00735767 0.00789108 0.00854802 0.00933065 0.0102413 0.0112826 0.0124568 0.0137664 0.0152135 0.0167998 0.0185266 0.0203946 0.0224038 0.0245533 0.0268411 0.0292646 0.0318195 0.0345008 0.0373018 0.0402148 0.0432306 0.0463387 0.0495273 0.0527833 0.0560925 0.0594394 0.0628074 0.0661793 0.0695368 0.0728611 0.0761329 0.0793326 0.0824406 0.0854373 0.0883032 0.0910196 0.0935683 0.095932 0.0980942 0.10004 0.101756 0.103229 0.104449 0.105407 0.106097 0.106513 0.106653 0.106514 0.1061 0.105411 0.104454 0.103235 0.101764 0.100051 0.0981072 0.0959476 0.093587 0.0910416 0.0883288 0.0854668 0.0824743 0.0793708 0.0761758 0.0729089 0.0695896 0.0662372 0.0628705 0.0595075 0.0561657 0.0528613 0.0496098 0.0464254 0.0433211 0.0403087 0.0373985 0.0345998 0.0319202 0.0293663 0.0269432 0.024655 0.0225044 0.0204935 0.0186229 0.0168929 0.0153026 0.013851 0.0125362 0.0113561 0.0103086 0.00939104 0.00860115 0.00793659 0.00739524 0.00697526 0.00667516 0.00649413 
0.00711718 0.00717799 0.00736843 0.00768961 0.00814274 0.0087295 0.0094519 0.0103122 0.011313 0.0124568 0.0137462 0.0151837 0.0167714 0.018511 0.0204039 0.0224507 0.024651 0.0270038 0.0295068 0.0321568 0.0349492 0.0378782 0.0409364 0.0441152 0.0474045 0.0507929 0.0542673 0.0578134 0.0614156 0.0650572 0.0687201 0.0723856 0.0760338 0.0796444 0.0831966 0.0866692 0.0900409 0.0932907 0.0963977 0.0993417 0.102103 0.104663 0.107005 0.109111 0.110968 0.112562 0.113882 0.114919 0.115665 0.116114 0.116265 0.116115 0.115665 0.114919 0.113883 0.112564 0.110971 0.109115 0.10701 0.104671 0.102113 0.0993543 0.0964135 0.0933101 0.0900643 0.0866969 0.0832289 0.0796817 0.0760762 0.0724334 0.0687734 0.0651159 0.0614798 0.0578828 0.0543418 0.0508723 0.0474884 0.0442031 0.0410278 0.0379726 0.0350461 0.0322554 0.0296064 0.0271036 0.0247503 0.0225487 0.0204999 0.0186042 0.0168609 0.0152689 0.0138265 0.0125314 0.0113813 0.0103738 0.00950616 0.00877607 0.00818127 0.00771982 0.00739013 0.00719135 
0.00788969 0.00795698 0.00816698 0.00852088 0.00901997 0.00966603 0.0104612 0.0114079 0.0125087 0.0137664 0.0151837 0.0167631 0.0185067 0.0204165 0.0224936 0.0247383 0.0271504 0.0297283 0.0324695 0.0353702 0.0384252 0.0416279 0.0449703 0.0484427 0.0520341 0.0557317 0.0595213 0.0633872 0.0673125 0.0712787 0.0752663 0.0792549 0.083223 0.0871485 0.091009 0.0947814 0.0984429 0.101971 0.105342 0.108536 0.111531 0.114307 0.116844 0.119127 0.121139 0.122866 0.124295 0.125418 0.126225 0.126712 0.126874 0.126711 0.126223 0.125415 0.124292 0.122862 0.121135 0.119124 0.116842 0.114305 0.111531 0.108538 0.105347 0.101979 0.0984547 0.0947973 0.0910294 0.0871739 0.0832537 0.0792911 0.0753083 0.0713265 0.0673663 0.0634469 0.0595867 0.0558026 0.0521102 0.0485237 0.0450555 0.0417169 0.0385173 0.0354648 0.0325658 0.0298256 0.0272478 0.024835 0.0225888 0.0205094 0.0185964 0.0168487 0.0152646 0.0138419 0.012578 0.0114705 0.0105165 0.00971363 0.00905945 0.00855191 0.00818934 0.00797085 
0.00874555 0.00881998 0.00905155 0.00944149 0.00999121 0.0107026 0.0115778 0.0126195 0.0138305 0.0152135 0.0167714 0.0185067 0.0204219 0.0225185 0.0247977 0.0272599 0.0299042 0.032729 0.0357313 0.0389066 0.0422492 0.0457517 0.049405 0.0531986 0.05712 0.0611555 0.0652894 0.0695044 0.0737821 0.0781024 0.082444 0.0867847 0.0911012 0.0953696 0.0995655 0.103664 0.107641 0.111471 0.11513 0.118595 0.121843 0.124853 0.127604 0.130078 0.132258 0.134129 0.135677 0.136892 0.137766 0.138293 0.138468 0.138291 0.137762 0.136886 0.135669 0.134119 0.132247 0.130066 0.127592 0.124841 0.121833 0.118586 0.115123 0.111466 0.10764 0.103667 0.0995726 0.0953817 0.0911187 0.0868079 0.0824733 0.078138 0.0738242 0.069553 0.0653443 0.0612167 0.0571872 0.0532714 0.049483 0.0458342 0.0423358 0.0389965 0.0358237 0.0328231 0.0299991 0.0273547 0.0248917 0.0226106 0.0205113 0.0185926 0.0168527 0.0152896 0.0139007 0.0126831 0.0116341 0.0107511 0.0100316 0.00947331 0.00907456 0.00883437 
0.00968633 0.00976859 0.0100237 0.0104531 0.0110581 0.0118408 0.0128035 0.0139489 0.01528 0.0167998 0.018511 0.0204165 0.0225185 0.0248187 0.0273181 0.0300169 0.032914 0.0360073 0.0392934 0.0427672 0.0464221 0.0502499 0.0542405 0.0583823 0.0626617 0.0670632 0.0715697 0.0761627 0.0808216 0.0855246 0.0902488 0.0949698 0.0996625 0.104301 0.108859 0.113309 0.117625 0.121781 0.12575 0.129507 0.133028 0.13629 0.139271 0.14195 0.144311 0.146336 0.148012 0.149327 0.150273 0.150842 0.151031 0.150838 0.150266 0.149317 0.147998 0.146319 0.144292 0.141929 0.139248 0.136267 0.133006 0.129485 0.12573 0.121763 0.11761 0.113297 0.108851 0.104298 0.0996653 0.0949786 0.090264 0.0855466 0.0808505 0.0761987 0.0716129 0.0671133 0.0627186 0.0584458 0.05431 0.0503249 0.046502 0.0428513 0.0393809 0.0360974 0.0330057 0.0301092 0.0274102 0.0249096 0.0226072 0.0205021 0.0185925 0.0168763 0.0153509 0.0140133 0.0128606 0.0118902 0.0110993 0.0104856 0.0100474 0.0097835 
0.0107133 0.0108041 0.0110848 0.0115569 0.0122219 0.013082 0.0141395 0.0153974 0.0168588 0.0185266 0.0204039 0.0224936 0.0247977 0.0273181 0.0300556 0.03301 0.0361802 0.0395635 0.0431558 0.0469514 0.050943 0.0551214 0.0594754 0.0639919 0.0686562 0.0734513 0.0783584 0.0833572 0.0884253 0.0935391 0.0986736 0.103802 0.108898 0.113933 0.118878 0.123704 0.128384 0.132888 0.137188 0.141257 0.145069 0.1486 0.151825 0.154724 0.157278 0.159468 0.16128 0.162702 0.163724 0.164339 0.164542 0.164334 0.163714 0.162687 0.16126 0.159444 0.15725 0.154694 0.151792 0.148565 0.145034 0.141222 0.137153 0.132854 0.128353 0.123677 0.118854 0.113914 0.108885 0.103795 0.0986731 0.0935459 0.0884396 0.0833791 0.0783882 0.0734889 0.0687015 0.0640447 0.0595351 0.0551876 0.0510152 0.0470287 0.0432374 0.0396486 0.0362678 0.0330992 0.0301452 0.0274072 0.0248852 0.0225784 0.0204852 0.0186033 0.0169299 0.0154623 0.0141974 0.0131321 0.0122639 0.0115902 0.0111091 0.0108195 
0.0118276 0.0119275 0.0122359 0.012754 0.0134837 0.0144271 0.0155868 0.0169658 0.0185674 0.0203946 0.0224507 0.0247383 0.0272599 0.0300169 0.03301 0.036239 0.0397022 0.0433964 0.047317 0.0514576 0.0558097 0.0603633 0.0651059 0.0700232 0.0750987 0.0803141 0.0856488 0.0910805 0.096585 0.102137 0.107708 0.113271 0.118795 0.124251 0.129608 0.134834 0.1399 0.144773 0.149424 0.153825 0.157946 0.161761 0.165246 0.168378 0.171135 0.1735 0.175456 0.176991 0.178093 0.178757 0.178976 0.17875 0.17808 0.176971 0.17543 0.173468 0.171098 0.168337 0.165201 0.161714 0.157896 0.153774 0.149374 0.144723 0.139852 0.134789 0.129567 0.124215 0.118764 0.113246 0.10769 0.102127 0.096583 0.0910869 0.0856638 0.0803378 0.075131 0.0700638 0.0651545 0.0604195 0.0558729 0.0515269 0.0473918 0.0434756 0.0397849 0.0363241 0.0330965 0.0301035 0.0273455 0.024822 0.0225312 0.020471 0.0186386 0.017031 0.0156451 0.0144778 0.0135262 0.0127878 0.0122606 0.0119435 
0.0130295 0.0131394 0.0134773 0.0140449 0.0148439 0.0158765 0.0171457 0.0186544 0.020406 0.0224038 0.024651 0.0271504 0.0299042 0.032914 0.0361802 0.0397022 0.0434779 0.0475036 0.0517741 0.0562819 0.0610178 0.0659705 0.0711263 0.0764694 0.0819818 0.0876432 0.0934315 0.0993221 0.105289 0.111304 0.117338 0.123359 0.129337 0.135238 0.14103 0.146679 0.152151 0.157414 0.162436 0.167185 0.171631 0.175746 0.179504 0.18288 0.185853 0.188401 0.190509 0.192162 0.19335 0.194064 0.194299 0.194055 0.193333 0.192137 0.190476 0.188361 0.185806 0.182828 0.179447 0.175685 0.171567 0.167118 0.162368 0.157347 0.152085 0.146615 0.14097 0.135183 0.129287 0.123316 0.117301 0.111276 0.105269 0.0993114 0.0934302 0.0876514 0.0819995 0.0764965 0.0711625 0.0660154 0.0610708 0.0563421 0.0518408 0.0475759 0.0435547 0.0397824 0.0362626 0.0329974 0.0299874 0.0272322 0.0247303 0.0224794 0.0204768 0.0187195 0.0172041 0.0159275 0.0148868 0.0140792 0.0135025 0.0131558 
0.0143193 0.0144397 0.0148092 0.0154294 0.0163023 0.0174301 0.0188158 0.0204626 0.0223739 0.0245533 0.0270038 0.0297283 0.032729 0.0360073 0.0395635 0.0433964 0.0475036 0.0518809 0.056522 0.0614188 0.0665609 0.0719358 0.0775283 0.0833213 0.0892949 0.0954272 0.101694 0.108068 0.114522 0.121025 0.127545 0.13405 0.140504 0.146873 0.153121 0.159212 0.165111 0.170783 0.176192 0.181307 0.186093 0.190523 0.194567 0.198198 0.201395 0.204135 0.206402 0.208179 0.209455 0.210222 0.210475 0.210212 0.209435 0.208149 0.206362 0.204087 0.201339 0.198135 0.194496 0.190447 0.186014 0.181223 0.176107 0.170697 0.165026 0.159129 0.153041 0.146797 0.140433 0.133986 0.127489 0.120977 0.114483 0.108039 0.101675 0.0954184 0.0892966 0.0833335 0.0775507 0.0719679 0.0666023 0.0614686 0.0565795 0.0519451 0.0475735 0.0434707 0.039641 0.0360868 0.0328091 0.0298077 0.0270813 0.0246276 0.022444 0.0205273 0.0188741 0.0174812 0.0163454 0.015464 0.0148348 0.0144566 
0.0156964 0.015828 0.0162309 0.016907 0.0178581 0.0190868 0.020596 0.0223891 0.0244697 0.0268411 0.0295068 0.0324695 0.0357313 0.0392934 0.0431558 0.047317 0.0517741 0.056522 0.0615538 0.0668603 0.0724301 0.0782492 0.0843011 0.0905668 0.0970248 0.103651 0.110419 0.117301 0.124265 0.131279 0.138308 0.145317 0.152269 0.159127 0.165851 0.172405 0.178749 0.184846 0.19066 0.196154 0.201296 0.206052 0.210393 0.214291 0.217721 0.22066 0.223091 0.224997 0.226365 0.227188 0.227458 0.227176 0.226341 0.224961 0.223044 0.220603 0.217654 0.214215 0.210309 0.205961 0.2012 0.196054 0.190556 0.184741 0.178643 0.172301 0.16575 0.159029 0.152177 0.145231 0.13823 0.131209 0.124205 0.117251 0.110381 0.103624 0.097009 0.0905625 0.0843081 0.0782672 0.0724586 0.0668985 0.0616009 0.056577 0.0518359 0.0473844 0.0432274 0.039368 0.0358074 0.0325458 0.0295819 0.0269137 0.0245385 0.022453 0.0206539 0.0191377 0.0179013 0.0169418 0.0162568 0.0158452 
0.0171595 0.017303 0.0177413 0.0184763 0.01951 0.0208451 0.0224845 0.0244319 0.0266907 0.0292646 0.0321568 0.0353702 0.0389066 0.0427672 0.0469514 0.0514576 0.0562819 0.0614188 0.0668603 0.0725963 0.0786141 0.0848982 0.0914306 0.0981906 0.105155 0.112297 0.119589 0.126999 0.134495 0.142041 0.1496 0.157134 0.164604 0.171969 0.179188 0.186221 0.193027 0.199566 0.205798 0.211687 0.217195 0.222289 0.226937 0.23111 0.234781 0.237927 0.240528 0.242567 0.24403 0.24491 0.245199 0.244896 0.244003 0.242526 0.240474 0.237861 0.234703 0.231022 0.226839 0.222183 0.217082 0.211568 0.205675 0.19944 0.1929 0.186095 0.179064 0.171848 0.164489 0.157025 0.149499 0.141949 0.134413 0.126928 0.119529 0.11225 0.10512 0.0981684 0.0914209 0.0849007 0.0786283 0.0726216 0.0668958 0.0614634 0.0563345 0.051517 0.0470163 0.042836 0.038978 0.0354426 0.0322288 0.0293348 0.0267577 0.0244945 0.0225415 0.0208955 0.019553 0.0185111 0.0177674 0.0173206 
0.0187068 0.0188628 0.0193382 0.0201352 0.0212556 0.0227023 0.0244785 0.0265876 0.0290334 0.0318195 0.0349492 0.0384252 0.0422492 0.0464221 0.050943 0.0558097 0.0610178 0.0665609 0.0724301 0.0786141 0.0850987 0.0918673 0.0988999 0.106174 0.113665 0.121343 0.129178 0.137137 0.145185 0.153282 0.16139 0.169468 0.177473 0.185362 0.193093 0.200621 0.207903 0.214897 0.221561 0.227855 0.233741 0.239183 0.244148 0.248604 0.252523 0.255881 0.258656 0.260832 0.262393 0.263331 0.263639 0.263315 0.262361 0.260785 0.258594 0.255805 0.252434 0.248502 0.244035 0.239061 0.23361 0.227717 0.221417 0.21475 0.207754 0.200471 0.192945 0.185218 0.177333 0.169334 0.161264 0.153166 0.145079 0.137043 0.129097 0.121274 0.113609 0.106133 0.0988721 0.0918529 0.0850974 0.0786251 0.0724526 0.0665939 0.0610602 0.0558601 0.0510001 0.0464842 0.042315 0.0384929 0.0350175 0.0318867 0.0290981 0.0266485 0.0245343 0.0227519 0.0212981 0.0201698 0.0193644 0.0188806 
0.0203357 0.0205047 0.021019 0.0218806 0.0230918 0.0246552 0.0265741 0.0288522 0.0314932 0.0345008 0.0378782 0.0416279 0.0457517 0.0502499 0.0551214 0.0603633 0.0659705 0.0719358 0.0782492 0.0848982 0.0918673 0.099138 0.106689 0.114496 0.122531 0.130763 0.139161 0.147686 0.156302 0.164968 0.173642 0.182279 0.190835 0.199265 0.20752 0.215557 0.223328 0.230789 0.237896 0.244606 0.25088 0.256678 0.261966 0.266711 0.270884 0.274459 0.277413 0.279728 0.28139 0.282387 0.282714 0.282369 0.281354 0.279675 0.277343 0.274373 0.270784 0.266597 0.261838 0.256539 0.25073 0.244448 0.237732 0.23062 0.223156 0.215384 0.207348 0.199095 0.19067 0.18212 0.173491 0.164827 0.156172 0.147568 0.139055 0.130672 0.122454 0.114434 0.106642 0.0991054 0.0918489 0.0848936 0.0782575 0.071956 0.0660014 0.0604036 0.0551696 0.0503044 0.0458109 0.0416902 0.0379419 0.0345643 0.031555 0.0289108 0.0266282 0.0247036 0.0231335 0.0219149 0.021045 0.0205228 
0.0220426 0.0222252 0.0227799 0.023709 0.0250144 0.0266992 0.0287666 0.0312203 0.0340642 0.0373018 0.0409364 0.0449703 0.049405 0.0542405 0.0594754 0.0651059 0.0711263 0.0775283 0.0843011 0.0914306 0.0988999 0.106689 0.114775 0.12313 0.131726 0.140529 0.149504 0.158612 0.167813 0.177062 0.186316 0.195527 0.204647 0.213629 0.222422 0.230979 0.239249 0.247187 0.254746 0.26188 0.268548 0.27471 0.280328 0.285368 0.289799 0.293595 0.29673 0.299187 0.300951 0.302009 0.302356 0.301989 0.300911 0.299129 0.296653 0.293499 0.289687 0.28524 0.280185 0.274554 0.268381 0.261703 0.25456 0.246996 0.239054 0.230781 0.222225 0.213433 0.204456 0.195342 0.186138 0.176894 0.167656 0.158468 0.149374 0.140413 0.131626 0.123046 0.114706 0.106637 0.0988634 0.0914092 0.084294 0.0775346 0.0711447 0.065135 0.0595137 0.0542865 0.0494569 0.0450264 0.0409949 0.0373611 0.0341226 0.0312762 0.0288186 0.0267461 0.0250551 0.0237426 0.0228058 0.0222435 
0.0238231 0.0240199 0.0246166 0.0256154 0.0270185 0.028829 0.0310501 0.0336856 0.0367393 0.0402148 0.0441152 0.0484427 0.0531986 0.0583823 0.0639919 0.0700232 0.0764694 0.0833213 0.0905668 0.0981906 0.106174 0.114496 0.12313 0.132049 0.141219 0.150607 0.160173 0.169877 0.179675 0.189521 0.199367 0.209163 0.218859 0.228403 0.237744 0.246829 0.255608 0.26403 0.272048 0.279613 0.286681 0.293211 0.299164 0.304502 0.309195 0.313213 0.316533 0.319134 0.321 0.32212 0.322487 0.322098 0.320957 0.319069 0.316448 0.313108 0.309071 0.30436 0.299005 0.293038 0.286495 0.279415 0.27184 0.263816 0.255388 0.246606 0.23752 0.228181 0.21864 0.20895 0.199162 0.189326 0.179492 0.169707 0.160017 0.150466 0.141095 0.131941 0.12304 0.114423 0.106118 0.0981511 0.0905431 0.0833124 0.0764741 0.0700401 0.0640195 0.0584188 0.0532422 0.0484918 0.0441678 0.0402691 0.0367936 0.0337382 0.0310996 0.028874 0.0270579 0.0256482 0.0246421 0.0240383 
0.0256722 0.0258835 0.0265235 0.0275943 0.0290982 0.0310381 0.0334176 0.0362403 0.0395102 0.0432306 0.0474045 0.0520341 0.05712 0.0626617 0.0686562 0.0750987 0.0819818 0.0892949 0.0970248 0.105155 0.113665 0.122531 0.131726 0.141219 0.150977 0.16096 0.171129 0.18144 0.191846 0.202298 0.212746 0.223136 0.233416 0.24353 0.253425 0.263046 0.272339 0.281252 0.289733 0.297733 0.305206 0.312108 0.318397 0.324037 0.328993 0.333237 0.336742 0.339488 0.341457 0.342639 0.343026 0.342615 0.34141 0.339417 0.336649 0.333122 0.328857 0.323881 0.318223 0.311918 0.305001 0.297515 0.289504 0.281014 0.272095 0.262798 0.253176 0.243281 0.23317 0.222895 0.212513 0.202075 0.191634 0.181242 0.170946 0.160793 0.150827 0.141087 0.131612 0.122436 0.113588 0.105096 0.0969835 0.0892699 0.0819718 0.0751024 0.068672 0.0626877 0.0571546 0.0520753 0.0474504 0.0432793 0.0395598 0.0362893 0.0334642 0.0310809 0.029136 0.0276261 0.0265485 0.025902 
0.0275836 0.02781 0.0284944 0.029639 0.0312463 0.0333192 0.0358611 0.0388759 0.0423673 0.0463387 0.0507929 0.0557317 0.0611555 0.0670632 0.0734513 0.0803141 0.0876432 0.0954272 0.103651 0.112297 0.121343 0.130763 0.140529 0.150607 0.16096 0.171549 0.18233 0.193255 0.204277 0.215343 0.226399 0.23739 0.248259 0.258949 0.269404 0.279564 0.289375 0.298781 0.307729 0.316167 0.324046 0.33132 0.337948 0.34389 0.349111 0.35358 0.357271 0.360162 0.362235 0.363479 0.363886 0.363453 0.362184 0.360085 0.35717 0.353456 0.348964 0.343721 0.33776 0.331113 0.323822 0.315928 0.307478 0.298521 0.289107 0.279291 0.269128 0.258673 0.247985 0.237121 0.226137 0.215091 0.204037 0.193029 0.182118 0.171355 0.160784 0.15045 0.140391 0.130645 0.121245 0.112218 0.103591 0.0953849 0.0876176 0.0803036 0.0734543 0.067078 0.0611802 0.0557643 0.0508314 0.0463811 0.0424118 0.0389206 0.0359043 0.0333594 0.0312822 0.0296696 0.0285187 0.0278284 
0.0295505 0.0297922 0.030522 0.0317421 0.0334551 0.0356637 0.0383716 0.0415824 0.0452999 0.0495273 0.0542673 0.0595213 0.0652894 0.0715697 0.0783584 0.0856488 0.0934315 0.101694 0.110419 0.119589 0.129178 0.139161 0.149504 0.160173 0.171129 0.18233 0.193728 0.205274 0.216916 0.2286 0.240269 0.251864 0.263326 0.274595 0.285611 0.296313 0.306643 0.316543 0.325958 0.334833 0.343119 0.350767 0.357733 0.363976 0.369461 0.374156 0.378032 0.381067 0.383244 0.38455 0.384977 0.384522 0.383189 0.380985 0.377923 0.374021 0.369303 0.363794 0.357529 0.350543 0.342877 0.334575 0.325686 0.31626 0.306351 0.296014 0.285308 0.274292 0.263024 0.251567 0.239978 0.228319 0.216647 0.205018 0.193488 0.182107 0.170926 0.15999 0.149341 0.139019 0.129058 0.119489 0.11034 0.101633 0.0933892 0.0856232 0.0783479 0.0715725 0.0653034 0.0595445 0.0542977 0.0495629 0.0453386 0.0416223 0.0384109 0.0357009 0.0334888 0.0317712 0.0305455 0.0298104 
0.0315648 0.0318222 0.0325982 0.0338952 0.0357155 0.0380622 0.0409387 0.0443488 0.0482959 0.0527833 0.0578134 0.0633872 0.0695044 0.0761627 0.0833572 0.0910805 0.0993221 0.108068 0.117301 0.126999 0.137137 0.147686 0.158612 0.169877 0.18144 0.193255 0.205274 0.217444 0.229709 0.242013 0.254296 0.266496 0.278551 0.290399 0.301975 0.313218 0.324066 0.334459 0.344339 0.353651 0.36234 0.370359 0.377662 0.384205 0.389952 0.39487 0.398931 0.40211 0.40439 0.405757 0.406204 0.405727 0.404331 0.402022 0.398815 0.394727 0.389783 0.38401 0.377443 0.370119 0.362081 0.353373 0.344046 0.334153 0.32375 0.312894 0.301646 0.290068 0.278221 0.26617 0.253976 0.241703 0.22941 0.217159 0.205005 0.193005 0.181209 0.169667 0.158423 0.14752 0.136993 0.126877 0.117201 0.107989 0.0992624 0.091039 0.0833323 0.0761525 0.0695071 0.0634005 0.0578352 0.0528115 0.0483284 0.0443835 0.0409739 0.0380961 0.0357467 0.0339226 0.0326208 0.0318402 
0.0336179 0.0338911 0.0347139 0.0360887 0.0380178 0.0405042 0.0435513 0.0471629 0.0513423 0.0560925 0.0614156 0.0673125 0.0737821 0.0808216 0.0884253 0.096585 0.105289 0.114522 0.124265 0.134495 0.145185 0.156302 0.167813 0.179675 0.191846 0.204277 0.216916 0.229709 0.242597 0.25552 0.268415 0.281219 0.293865 0.306288 0.318422 0.330202 0.341565 0.352447 0.362789 0.372532 0.381622 0.390009 0.397644 0.404484 0.410491 0.41563 0.419872 0.423193 0.425574 0.427002 0.427469 0.426971 0.425512 0.4231 0.419749 0.415477 0.41031 0.404277 0.397411 0.389753 0.381345 0.372235 0.362475 0.352119 0.341225 0.329853 0.318067 0.30593 0.293507 0.280864 0.268067 0.25518 0.242269 0.229395 0.216618 0.203997 0.191587 0.179438 0.167598 0.156111 0.145016 0.13435 0.124143 0.114423 0.105211 0.0965269 0.0883854 0.0807979 0.0737727 0.0673151 0.0614282 0.0561127 0.051368 0.047192 0.0435819 0.0405345 0.0380463 0.0361142 0.0347355 0.0339089 
0.0357002 0.0359895 0.0368595 0.0383126 0.0403512 0.0429783 0.0461973 0.0500117 0.0544248 0.0594394 0.0650572 0.0712787 0.0781024 0.0855246 0.0935391 0.102137 0.111304 0.121025 0.131279 0.142041 0.153282 0.164968 0.177062 0.189521 0.202298 0.215343 0.2286 0.242013 0.25552 0.269058 0.282561 0.295963 0.309194 0.322188 0.334874 0.347186 0.359057 0.370422 0.381219 0.391389 0.400874 0.409623 0.417585 0.424717 0.430979 0.436336 0.440757 0.444217 0.446698 0.448186 0.448672 0.448153 0.446633 0.444119 0.440627 0.436175 0.430789 0.424499 0.417339 0.409352 0.40058 0.391074 0.380886 0.370072 0.358694 0.346813 0.334493 0.321803 0.308809 0.29558 0.282184 0.268689 0.255162 0.241669 0.228273 0.215034 0.20201 0.189256 0.17682 0.164751 0.153089 0.141873 0.131136 0.120906 0.111207 0.102061 0.0934836 0.0854869 0.0780804 0.0712702 0.06506 0.0594511 0.0544433 0.0500348 0.046223 0.0430047 0.0403768 0.0383361 0.0368798 0.0360069 
0.0378015 0.0381069 0.0390242 0.0405559 0.0427043 0.0454725 0.0488636 0.0528811 0.0575282 0.0628074 0.0687201 0.0752663 0.082444 0.0902488 0.0986736 0.107708 0.117338 0.127545 0.138308 0.1496 0.16139 0.173642 0.186316 0.199367 0.212746 0.226399 0.240269 0.254296 0.268415 0.282561 0.296665 0.310657 0.324467 0.338022 0.351252 0.364087 0.376458 0.388298 0.399543 0.410131 0.420003 0.429107 0.43739 0.444809 0.45132 0.456889 0.461485 0.465083 0.467662 0.469208 0.469712 0.469173 0.467593 0.46498 0.461349 0.456721 0.45112 0.444579 0.437132 0.428822 0.419693 0.409798 0.39919 0.387928 0.376073 0.36369 0.350847 0.337611 0.324054 0.310246 0.296259 0.282163 0.268028 0.253923 0.239912 0.226061 0.212429 0.199074 0.186047 0.173399 0.161173 0.149409 0.138143 0.127405 0.117222 0.107615 0.0986019 0.0901965 0.0824089 0.0752462 0.0687127 0.0628103 0.0575392 0.0528978 0.048884 0.0454947 0.0427268 0.0405772 0.0390432 0.0381239 
0.0399108 0.0402323 0.0411968 0.0428069 0.0450649 0.0479736 0.0515363 0.0557563 0.0606366 0.0661793 0.0723856 0.0792549 0.0867847 0.0949698 0.103802 0.113271 0.123359 0.13405 0.145317 0.157134 0.169468 0.182279 0.195527 0.209163 0.223136 0.23739 0.251864 0.266496 0.281219 0.295963 0.310657 0.32523 0.339606 0.353712 0.367475 0.380823 0.393683 0.405988 0.41767 0.428666 0.438917 0.448367 0.456963 0.46466 0.471415 0.477192 0.481958 0.485688 0.488362 0.489965 0.490488 0.489929 0.488291 0.485581 0.481816 0.477016 0.471207 0.46442 0.456693 0.448068 0.438592 0.428317 0.417299 0.405597 0.393277 0.380403 0.367046 0.353277 0.339167 0.324791 0.310223 0.295536 0.280803 0.266094 0.251479 0.237023 0.222791 0.208842 0.195231 0.18201 0.169225 0.156919 0.14513 0.133889 0.123224 0.11316 0.103714 0.0949025 0.0867361 0.0792228 0.0723676 0.066173 0.0606396 0.0557664 0.0515512 0.0479914 0.0450839 0.0428258 0.0412144 0.0402488 
0.0420166 0.042354 0.0433654 0.0450533 0.0474199 0.0504681 0.054201 0.0586217 0.063733 0.0695368 0.0760338 0.083223 0.0911012 0.0996625 0.108898 0.118795 0.129337 0.140504 0.152269 0.164604 0.177473 0.190835 0.204647 0.218859 0.233416 0.248259 0.263326 0.278551 0.293865 0.309194 0.324467 0.339606 0.354536 0.36918 0.383463 0.39731 0.410647 0.423403 0.435511 0.446904 0.457522 0.467308 0.476208 0.484175 0.491166 0.497144 0.502075 0.505934 0.5087 0.510358 0.510899 0.51032 0.508625 0.505823 0.501928 0.496961 0.49095 0.483926 0.475927 0.466996 0.457183 0.446539 0.435122 0.422994 0.41022 0.396869 0.383011 0.36872 0.354072 0.339141 0.324005 0.30874 0.29342 0.278121 0.262912 0.247864 0.233043 0.218511 0.204325 0.19054 0.177206 0.164365 0.152059 0.140322 0.129182 0.118666 0.108793 0.09958 0.0910389 0.0831786 0.076005 0.069521 0.0637278 0.0586248 0.0542102 0.0504813 0.0474355 0.0450697 0.0433815 0.0423701 
0.0441069 0.04446 0.0455177 0.0472823 0.0497561 0.0529418 0.0568425 0.061461 0.0668 0.0728611 0.0796444 0.0871485 0.0953696 0.104301 0.113933 0.124251 0.135238 0.146873 0.159127 0.171969 0.185362 0.199265 0.213629 0.228403 0.24353 0.258949 0.274595 0.290399 0.306288 0.322188 0.338022 0.353712 0.36918 0.384347 0.399134 0.413465 0.427263 0.440457 0.452976 0.464753 0.475726 0.485836 0.495029 0.503257 0.510476 0.516646 0.521737 0.52572 0.528574 0.530285 0.530844 0.530247 0.528497 0.525605 0.521585 0.516458 0.510251 0.502999 0.494738 0.485513 0.475373 0.464373 0.452571 0.44003 0.426818 0.413003 0.39866 0.383864 0.368692 0.353223 0.337534 0.321706 0.305816 0.28994 0.274153 0.258527 0.24313 0.228028 0.21328 0.198944 0.18507 0.171707 0.158894 0.146669 0.135064 0.124104 0.113811 0.104203 0.0952934 0.0870917 0.0796046 0.0728356 0.0667866 0.0614571 0.0568458 0.0529503 0.049768 0.0472961 0.0455322 0.0444755 
0.0461691 0.0465377 0.0476407 0.0494806 0.0520595 0.0553801 0.0594453 0.0642578 0.0698199 0.0761329 0.0831966 0.091009 0.0995655 0.108859 0.118878 0.129608 0.14103 0.153121 0.165851 0.179188 0.193093 0.20752 0.222422 0.237744 0.253425 0.269404 0.285611 0.301975 0.318422 0.334874 0.351252 0.367475 0.383463 0.399134 0.414408 0.429205 0.443448 0.457063 0.469977 0.482123 0.493437 0.503859 0.513333 0.521811 0.529248 0.535604 0.540847 0.544948 0.547888 0.549649 0.550225 0.54961 0.547809 0.54483 0.54069 0.53541 0.529017 0.521545 0.513032 0.503525 0.493072 0.48173 0.469558 0.45662 0.442984 0.428724 0.413913 0.398629 0.382952 0.366962 0.35074 0.334367 0.317924 0.30149 0.285142 0.268954 0.252999 0.237342 0.222047 0.207174 0.192777 0.178903 0.165597 0.152897 0.140836 0.129442 0.118739 0.108745 0.0994754 0.0909397 0.0831456 0.0760977 0.069798 0.0642467 0.0594426 0.0553838 0.0520677 0.0494918 0.0476537 0.0465526 
0.0481906 0.0485743 0.0497216 0.0516348 0.0543162 0.0577682 0.0619936 0.066995 0.0727744 0.0793326 0.0866692 0.0947814 0.103664 0.113309 0.123704 0.134834 0.146679 0.159212 0.172405 0.186221 0.200621 0.215557 0.230979 0.246829 0.263046 0.279564 0.296313 0.313218 0.330202 0.347186 0.364087 0.380823 0.39731 0.413465 0.429205 0.444449 0.459118 0.473135 0.486428 0.498927 0.510567 0.521286 0.531029 0.539745 0.547389 0.553922 0.55931 0.563525 0.566545 0.568355 0.568946 0.568315 0.566464 0.563404 0.55915 0.553723 0.547152 0.539471 0.530719 0.520942 0.510191 0.498521 0.485995 0.472677 0.458638 0.44395 0.428691 0.412939 0.396777 0.380286 0.363551 0.346654 0.329679 0.312707 0.295818 0.279089 0.262594 0.246401 0.230579 0.215186 0.200281 0.185913 0.172128 0.158967 0.146465 0.134651 0.123549 0.113181 0.10356 0.0946997 0.0866071 0.0792877 0.072744 0.0669767 0.061985 0.0577671 0.0543207 0.0516433 0.0497328 0.0485886 
0.0501585 0.0505569 0.051747 0.0537313 0.0565118 0.060091 0.0644716 0.0696557 0.0756452 0.0824406 0.0900409 0.0984429 0.107641 0.117625 0.128384 0.1399 0.152151 0.165111 0.178749 0.193027 0.207903 0.223328 0.239249 0.255608 0.272339 0.289375 0.306643 0.324066 0.341565 0.359057 0.376458 0.393683 0.410647 0.427263 0.443448 0.459118 0.474192 0.488593 0.502246 0.51508 0.527028 0.538029 0.548027 0.556969 0.56481 0.571511 0.577036 0.581358 0.584454 0.586311 0.586917 0.586269 0.584372 0.581234 0.576872 0.571307 0.564568 0.556689 0.54771 0.537677 0.526642 0.514663 0.5018 0.488121 0.473697 0.458602 0.442916 0.426719 0.410093 0.393125 0.375899 0.358502 0.341018 0.323531 0.306124 0.288875 0.271862 0.255156 0.238825 0.222934 0.20754 0.192697 0.178451 0.164846 0.151918 0.139698 0.128213 0.117482 0.107523 0.0983489 0.0899679 0.082386 0.0756064 0.0696302 0.0644569 0.060085 0.0565125 0.0537371 0.0517565 0.0505704 
0.0520599 0.0524724 0.0537037 0.0557563 0.0586322 0.0623336 0.0668631 0.0722228 0.0784141 0.0854373 0.0932907 0.101971 0.111471 0.121781 0.132888 0.144773 0.157414 0.170783 0.184846 0.199566 0.214897 0.230789 0.247187 0.26403 0.281252 0.298781 0.316543 0.334459 0.352447 0.370422 0.388298 0.405988 0.423403 0.440457 0.457063 0.473135 0.488593 0.503356 0.517348 0.530498 0.542738 0.554006 0.564243 0.573398 0.581425 0.588282 0.593937 0.598359 0.601528 0.603427 0.604048 0.603385 0.601444 0.598234 0.59377 0.588075 0.581178 0.573112 0.563919 0.553646 0.542344 0.530071 0.516891 0.502871 0.488084 0.472605 0.456514 0.439894 0.422831 0.40541 0.387718 0.369845 0.351877 0.333901 0.316 0.298257 0.280751 0.263555 0.24674 0.230372 0.214512 0.199214 0.184528 0.170499 0.157163 0.144555 0.132701 0.121623 0.11134 0.101865 0.0932069 0.0853732 0.0783671 0.0721902 0.0668426 0.0623228 0.0586291 0.0557594 0.0537116 0.0524853 
0.053882 0.0543079 0.0555785 0.0576963 0.0606631 0.0644811 0.0691526 0.0746796 0.0810632 0.0883032 0.0963977 0.105342 0.11513 0.12575 0.137188 0.149424 0.162436 0.176192 0.19066 0.205798 0.221561 0.237896 0.254746 0.272048 0.289733 0.307729 0.325958 0.344339 0.362789 0.381219 0.399543 0.41767 0.435511 0.452976 0.469977 0.486428 0.502246 0.517348 0.531659 0.545105 0.557618 0.569134 0.579596 0.58895 0.59715 0.604155 0.60993 0.614447 0.617683 0.619622 0.620256 0.61958 0.617598 0.614319 0.609761 0.603945 0.596899 0.588659 0.579267 0.568768 0.557216 0.544669 0.531192 0.516852 0.501724 0.485884 0.469413 0.452397 0.434921 0.417073 0.398944 0.380622 0.362198 0.343759 0.325393 0.307183 0.289209 0.27155 0.254276 0.237457 0.221155 0.205426 0.190322 0.17589 0.162167 0.14919 0.136985 0.125578 0.114986 0.105225 0.0963035 0.0882299 0.0810081 0.0746401 0.0691263 0.0644656 0.0606564 0.0576967 0.0555848 0.0543202 
0.0556123 0.056051 0.0573588 0.0595381 0.0625908 0.0665189 0.0713247 0.0770097 0.0835748 0.0910196 0.0993417 0.108536 0.118595 0.129507 0.141257 0.153825 0.167185 0.181307 0.196154 0.211687 0.227855 0.244606 0.26188 0.279613 0.297733 0.316167 0.334833 0.353651 0.372532 0.391389 0.410131 0.428666 0.446904 0.464753 0.482123 0.498927 0.51508 0.530498 0.545105 0.558827 0.571593 0.58334 0.59401 0.603549 0.611909 0.619051 0.624938 0.629541 0.63284 0.634817 0.635462 0.634774 0.632754 0.629413 0.624766 0.618838 0.611655 0.603254 0.593676 0.582968 0.571184 0.558383 0.544629 0.529992 0.514546 0.49837 0.481546 0.464159 0.446298 0.428052 0.409514 0.390773 0.371922 0.353051 0.334248 0.3156 0.297189 0.279094 0.26139 0.244147 0.227429 0.211295 0.195798 0.180986 0.166899 0.153574 0.14104 0.129322 0.118439 0.108407 0.0992375 0.0909375 0.083512 0.0769635 0.0712927 0.0664988 0.0625805 0.059536 0.0573634 0.0560626 
0.0572387 0.0576893 0.0590318 0.0612688 0.0644018 0.068433 0.0733643 0.0791971 0.0859321 0.0935683 0.102103 0.111531 0.121843 0.133028 0.145069 0.157946 0.171631 0.186093 0.201296 0.217195 0.233741 0.25088 0.268548 0.286681 0.305206 0.324046 0.343119 0.36234 0.381622 0.400874 0.420003 0.438917 0.457522 0.475726 0.493437 0.510567 0.527028 0.542738 0.557618 0.571593 0.584593 0.596553 0.607414 0.617122 0.625631 0.632897 0.638887 0.643571 0.646926 0.648937 0.649594 0.648894 0.64684 0.643441 0.638714 0.632682 0.625373 0.616824 0.607075 0.596175 0.584178 0.571142 0.557134 0.542223 0.526484 0.509998 0.492847 0.475119 0.456902 0.438288 0.41937 0.400241 0.380994 0.361722 0.342514 0.323459 0.304642 0.286143 0.268039 0.250401 0.233297 0.216786 0.200923 0.185756 0.17133 0.15768 0.144838 0.13283 0.121676 0.111391 0.101989 0.0934777 0.0858619 0.0791446 0.073327 0.0684086 0.0643882 0.0612642 0.0590349 0.0577003 
0.0587495 0.0592111 0.0605858 0.0628761 0.0660835 0.07021 0.0752574 0.0812268 0.0881188 0.095932 0.104663 0.114307 0.124853 0.13629 0.1486 0.161761 0.175746 0.190523 0.206052 0.222289 0.239183 0.256678 0.27471 0.293211 0.312108 0.33132 0.350767 0.370359 0.390009 0.409623 0.429107 0.448367 0.467308 0.485836 0.503859 0.521286 0.538029 0.554006 0.569134 0.58334 0.596553 0.608707 0.619742 0.629605 0.638247 0.645628 0.651711 0.656467 0.659875 0.661917 0.662584 0.661874 0.659788 0.656337 0.651537 0.645411 0.637988 0.629304 0.6194 0.608325 0.596133 0.582884 0.568643 0.553482 0.537477 0.520707 0.503258 0.485217 0.466675 0.447724 0.428458 0.408974 0.389364 0.369724 0.350145 0.330717 0.311526 0.292655 0.274183 0.256182 0.238722 0.221863 0.205663 0.190171 0.175431 0.161482 0.148356 0.13608 0.124674 0.114157 0.104541 0.0958334 0.0880416 0.0811684 0.0752151 0.0701815 0.0660667 0.0628692 0.0605875 0.0592215 
