0.00169563 0.00171452 0.00177691 0.00188354 0.00203537 0.00223376 0.00248038 0.0027772 0.00312644 0.00353055 0.00399209 0.00451372 0.0050981 0.00574785 0.00646541 0.00725302 0.00811261 0.0090457 0.0100534 0.0111361 0.0122937 0.0135254 0.0148296 0.0162038 0.0176448 0.0191484 0.0207096 0.0223222 0.0239794 0.0256734 0.0273956 0.0291366 0.0308864 0.0326342 0.0343688 0.0360785 0.0377516 0.039376 0.0409396 0.0424305 0.0438371 0.0451481 0.0463531 0.047442 0.0484058 0.0492362 0.0499262 0.05047 0.0508626 0.0511009 0.0511827 0.0511072 0.0508753 0.0504889 0.0499514 0.0492676 0.0484433 0.0474856 0.0464027 0.0452036 0.0438983 0.0424972 0.0410117 0.0394533 0.0378338 0.0361654 0.0344599 0.0327293 0.0309851 0.0292385 0.0275002 0.0257802 0.024088 0.022432 0.0208202 0.0192593 0.0177554 0.0163136 0.014938 0.013632 0.0123979 0.0112375 0.0101516 0.00914027 0.00820317 0.00733923 0.00654696 0.00582447 0.00516957 0.00457983 0.00405269 0.0035855 0.00317564 0.00282056 0.00251785 0.0022653 0.00206096 0.00190316 0.00179058 0.00172236 
0.00171452 0.00173363 0.00179674 0.00190457 0.00205812 0.00225873 0.0025081 0.00280822 0.00316134 0.00356991 0.00403653 0.00456389 0.00515467 0.00581149 0.00653684 0.00733296 0.00820179 0.00914487 0.0101632 0.0112574 0.0124273 0.0136719 0.0149897 0.0163782 0.017834 0.0193531 0.0209301 0.022559 0.024233 0.025944 0.0276833 0.0294416 0.0312087 0.0329736 0.0347251 0.0364515 0.0381407 0.0397807 0.0413592 0.0428643 0.0442843 0.0456077 0.0468241 0.0479232 0.0488959 0.0497341 0.0504306 0.0509793 0.0513756 0.051616 0.0516985 0.0516223 0.0513881 0.0509981 0.0504556 0.0497653 0.0489332 0.0479665 0.0468734 0.0456629 0.0443451 0.0429307 0.041431 0.0398576 0.0382226 0.036538 0.0348159 0.0330684 0.0313071 0.0295432 0.0277877 0.0260506 0.0243414 0.0226688 0.0210407 0.0194639 0.0179446 0.016488 0.0150982 0.0137786 0.0125316 0.0113591 0.0102617 0.00923967 0.0082926 0.00741943 0.00661866 0.00588839 0.00522641 0.00463027 0.00409739 0.0036251 0.00321076 0.00285178 0.00254575 0.00229042 0.00208383 0.0019243 0.00181048 0.00174153 
0.00177691 0.00179674 0.00186207 0.00197365 0.0021325 0.00234001 0.00259791 0.00290826 0.00327335 0.0036957 0.00417798 0.00472293 0.0053333 0.00601178 0.00676088 0.00758291 0.00847982 0.00945316 0.010504 0.0116328 0.0128394 0.0141229 0.0154815 0.0169127 0.018413 0.019978 0.0216025 0.0232802 0.0250037 0.0267652 0.0285554 0.0303649 0.0321829 0.0339985 0.0357999 0.0375753 0.0393121 0.0409981 0.0426206 0.0441675 0.0456266 0.0469865 0.0482361 0.0493652 0.0503644 0.0512253 0.0519405 0.052504 0.0529109 0.0531577 0.0532422 0.0531638 0.0529232 0.0525224 0.051965 0.0512558 0.0504009 0.0494077 0.0482845 0.0470406 0.0456864 0.0442328 0.0426913 0.0410739 0.0393929 0.0376607 0.0358897 0.0340923 0.0322804 0.0304656 0.028659 0.0268712 0.0251117 0.0233895 0.0217128 0.0200887 0.0185235 0.0170225 0.0155901 0.0142298 0.0129442 0.0117349 0.010603 0.00954857 0.00857128 0.00767007 0.00684343 0.00608942 0.00540579 0.00479005 0.00423955 0.00375158 0.00332341 0.00295241 0.00263609 0.00237216 0.0021586 0.00199368 0.00187602 0.00180477 
0.00188354 0.00190457 0.00197365 0.00209156 0.00225936 0.0024785 0.00275079 0.00307837 0.00346363 0.00390918 0.00441781 0.00499235 0.00563565 0.0063505 0.00713949 0.00800498 0.00894898 0.00997307 0.0110783 0.0122651 0.0135332 0.0148816 0.0163084 0.017811 0.0193855 0.0210274 0.0227311 0.0244899 0.0262962 0.0281417 0.0300167 0.0319112 0.0338142 0.0357141 0.0375986 0.0394553 0.0412713 0.0430337 0.0447294 0.0463456 0.0478699 0.0492902 0.0505951 0.0517739 0.052817 0.0537155 0.0544619 0.0550498 0.0554743 0.0557316 0.0558196 0.0557375 0.0554861 0.0550675 0.0544855 0.0537449 0.0528522 0.0518149 0.0506418 0.0493426 0.0479278 0.046409 0.0447981 0.0431075 0.0413501 0.0395388 0.0376865 0.0358061 0.0339101 0.0320105 0.030119 0.0282465 0.0264032 0.0245984 0.0228408 0.0211377 0.0194958 0.0179208 0.0164173 0.0149889 0.0136385 0.0123679 0.0111781 0.0100694 0.00904149 0.00809326 0.0072232 0.00642933 0.00570934 0.00506065 0.00448054 0.00396616 0.00351472 0.00312347 0.00278982 0.00251139 0.00228608 0.00211208 0.00198796 0.00191282 
0.00203537 0.00205812 0.0021325 0.00225936 0.00243982 0.0026754 0.00296803 0.00331995 0.0037337 0.00421202 0.00475784 0.00537414 0.0060639 0.00683004 0.00767526 0.00860201 0.00961235 0.0107079 0.0118896 0.013158 0.0145126 0.0159523 0.0174751 0.0190778 0.0207566 0.0225064 0.0243212 0.0261938 0.0281163 0.0300795 0.0320734 0.0340871 0.0361091 0.0381269 0.0401278 0.0420984 0.0440252 0.0458944 0.0476924 0.0494056 0.0510209 0.0525257 0.0539078 0.0551562 0.0562605 0.0572117 0.0580016 0.0586237 0.0590727 0.0593448 0.0594376 0.0593503 0.0590838 0.0586404 0.0580239 0.0572395 0.0562939 0.0551951 0.0539523 0.0525756 0.0510763 0.0494663 0.0477583 0.0459654 0.0441011 0.0421791 0.040213 0.0382164 0.0362025 0.0341842 0.0321737 0.0301826 0.0282217 0.0263012 0.0244299 0.022616 0.0208665 0.0191876 0.0175841 0.0160601 0.0146186 0.0132617 0.0119905 0.0108055 0.00970622 0.00869177 0.00776053 0.00691048 0.00613922 0.00544406 0.00482214 0.00427051 0.00378621 0.00336636 0.00300823 0.00270931 0.00246739 0.00228055 0.0021473 0.00206666 
0.00223376 0.00225873 0.00234001 0.0024785 0.0026754 0.00293235 0.0032514 0.00363493 0.00408566 0.00460651 0.00520058 0.00587103 0.00662104 0.00745366 0.00837173 0.00937782 0.010474 0.011662 0.0129428 0.0143167 0.0157832 0.0173409 0.0189875 0.0207196 0.022533 0.024422 0.0263801 0.0283996 0.0304717 0.0325866 0.0347336 0.0369009 0.039076 0.0412457 0.0433962 0.0455133 0.0475825 0.0495892 0.0515186 0.0533565 0.0550888 0.0567021 0.0581835 0.0595211 0.0607042 0.0617228 0.0625687 0.0632346 0.0637151 0.064006 0.064105 0.0640112 0.0637253 0.06325 0.0625892 0.0617485 0.0607351 0.0595573 0.0582249 0.0567487 0.0551407 0.0534136 0.0515808 0.0496564 0.0476547 0.0455904 0.0434779 0.0413318 0.0391662 0.0369949 0.0348311 0.0326873 0.030575 0.0285051 0.0264874 0.0245305 0.0226422 0.0208291 0.0190965 0.017449 0.0158898 0.0144213 0.0130449 0.0117611 0.0105696 0.00946937 0.00845891 0.00753608 0.00669837 0.00594296 0.00526684 0.00466688 0.00413995 0.00368298 0.00329306 0.00296755 0.00270405 0.00250054 0.00235542 0.00226766 
0.00248038 0.0025081 0.00259791 0.00275079 0.00296803 0.0032514 0.00360309 0.00402569 0.0045221 0.00509547 0.00574912 0.00648642 0.00731075 0.00822536 0.00923326 0.0103371 0.0115391 0.012841 0.0142437 0.0157474 0.0173514 0.0190542 0.020853 0.0227442 0.0247227 0.0267826 0.0289166 0.0311162 0.0333718 0.0356727 0.0380072 0.0403626 0.0427252 0.0450808 0.0474144 0.0497107 0.0519541 0.0541287 0.0562188 0.0582091 0.0600843 0.06183 0.0634326 0.0648792 0.0661583 0.0672594 0.0681734 0.0688929 0.0694118 0.0697258 0.0698322 0.0697303 0.0694209 0.0689066 0.0681918 0.0672825 0.0661861 0.0649119 0.0634701 0.0618725 0.0601317 0.0582615 0.0562763 0.0541912 0.0520215 0.049783 0.0474915 0.0451624 0.0428112 0.0404527 0.0381012 0.0357702 0.0334723 0.0312194 0.029022 0.0268897 0.024831 0.022853 0.0209619 0.0191626 0.0174587 0.015853 0.0143471 0.0129417 0.0116365 0.0104307 0.00932262 0.00831007 0.00739042 0.00656069 0.00581768 0.00515807 0.00457849 0.00407567 0.0036465 0.00328811 0.00299795 0.00277385 0.00261406 0.00251749 
0.0027772 0.00280822 0.00290826 0.00307837 0.00331995 0.00363493 0.00402569 0.00449503 0.00504607 0.00568223 0.00640707 0.00722424 0.00813733 0.00914982 0.0102649 0.0114854 0.0128136 0.0142511 0.015799 0.0174573 0.019225 0.0211004 0.0230802 0.0251603 0.0273352 0.029598 0.0319407 0.034354 0.0368272 0.0393486 0.0419054 0.0444835 0.0470681 0.0496437 0.052194 0.0547022 0.0571515 0.0595247 0.0618047 0.0639748 0.0660188 0.0679209 0.0696665 0.0712418 0.0726342 0.0738325 0.0748271 0.0756096 0.0761738 0.0765149 0.0766303 0.0765188 0.0761816 0.0756214 0.0748429 0.0738525 0.0726584 0.0712703 0.0696994 0.0679584 0.0660609 0.0640217 0.0618564 0.0595813 0.0572131 0.0547687 0.0522653 0.0497198 0.0471489 0.0445687 0.0419948 0.039442 0.0369241 0.034454 0.0320434 0.0297029 0.0274418 0.0252681 0.0231886 0.0212087 0.0193328 0.0175638 0.0159037 0.0143534 0.0129129 0.0115812 0.0103566 0.00923704 0.00821959 0.00730112 0.00647823 0.00574733 0.00510483 0.0045472 0.00407109 0.00367339 0.00335134 0.00310259 0.00292526 0.00281814 
0.00312644 0.00316134 0.00327335 0.00346363 0.0037337 0.00408566 0.0045221 0.00504607 0.00566097 0.00637049 0.00717848 0.00808887 0.00910555 0.0102322 0.0114723 0.0128286 0.0143038 0.0158993 0.0176162 0.0194542 0.0214123 0.0234882 0.0256783 0.0279778 0.0303804 0.0328785 0.0354632 0.038124 0.0408493 0.0436259 0.0464397 0.0492755 0.0521168 0.0549465 0.057747 0.0605 0.0631869 0.0657891 0.0682881 0.0706656 0.0729041 0.0749865 0.0768968 0.0786203 0.0801432 0.0814534 0.0825406 0.0833957 0.084012 0.0843844 0.0845099 0.0843875 0.0840183 0.0834052 0.0825533 0.0814696 0.0801629 0.0786437 0.0769242 0.075018 0.0729398 0.0707059 0.0683329 0.0658387 0.0632414 0.0605595 0.0578115 0.055016 0.0521911 0.0493546 0.0465235 0.0437141 0.0409415 0.03822 0.0355625 0.0329806 0.0304848 0.028084 0.0257857 0.0235962 0.0215203 0.0195614 0.017722 0.0160032 0.014405 0.0129267 0.0115665 0.0103221 0.00919059 0.00816859 0.00725244 0.00643832 0.00572234 0.00510067 0.00456969 0.00412604 0.00376671 0.00348914 0.0032913 0.00317186 
0.00353055 0.00356991 0.0036957 0.00390918 0.00421202 0.00460651 0.00509547 0.00568223 0.00637049 0.00716425 0.00806769 0.00908506 0.0102205 0.0114781 0.0128613 0.0143734 0.0160167 0.017793 0.0197031 0.0217466 0.0239221 0.0262269 0.0286569 0.0312065 0.0338687 0.036635 0.0394951 0.0424377 0.0454495 0.0485163 0.0516223 0.0547505 0.0578831 0.0610013 0.0640856 0.0671159 0.0700721 0.0729337 0.0756805 0.0782928 0.0807513 0.0830376 0.0851342 0.0870251 0.0886955 0.0901322 0.0913239 0.0922611 0.0929363 0.093344 0.093481 0.0933462 0.0929407 0.0922679 0.0913331 0.090144 0.0887101 0.0870428 0.0851552 0.0830621 0.0807796 0.0783252 0.0757173 0.072975 0.0701182 0.0671671 0.0641418 0.0610628 0.0579498 0.0548224 0.0516992 0.0485982 0.0455361 0.0425285 0.03959 0.0367333 0.0339702 0.0313105 0.0287627 0.026334 0.0240298 0.0218541 0.0198098 0.0178983 0.0161198 0.0144736 0.0129581 0.0115707 0.0103085 0.00916773 0.00814462 0.00723498 0.00643463 0.00573943 0.00514543 0.00464897 0.00424679 0.00393611 0.00371468 0.0035811 
0.00399209 0.00403653 0.00417798 0.00441781 0.00475784 0.00520058 0.00574912 0.00640707 0.00717848 0.00806769 0.00907924 0.0102177 0.0114876 0.0128932 0.0144383 0.0161262 0.0179594 0.0199397 0.0220677 0.0243428 0.0267633 0.0293259 0.0320258 0.0348567 0.0378107 0.040878 0.0440474 0.047306 0.0506393 0.0540312 0.0574643 0.06092 0.0643785 0.0678192 0.0712206 0.0745608 0.0778176 0.0809687 0.0839922 0.0868662 0.08957 0.0920834 0.0943876 0.096465 0.0982995 0.0998771 0.101185 0.102214 0.102954 0.103401 0.103551 0.103402 0.102957 0.102217 0.10119 0.0998839 0.0983083 0.0964759 0.0944011 0.0920999 0.0895897 0.0868896 0.0840196 0.0810005 0.077854 0.0746022 0.0712672 0.0678712 0.0644361 0.0609832 0.057533 0.0541054 0.0507188 0.0473906 0.0441367 0.0409716 0.0379081 0.0349575 0.0321292 0.0294313 0.0268701 0.0244502 0.0221749 0.020046 0.0180641 0.0162284 0.0145374 0.0129885 0.0115784 0.0103034 0.00915921 0.00814143 0.00724552 0.00646699 0.00580156 0.00524524 0.00479448 0.00444624 0.00419807 0.00404843 
0.00451372 0.00456389 0.00472293 0.00499235 0.00537414 0.00587103 0.00648642 0.00722424 0.00808887 0.00908506 0.0102177 0.0114918 0.0129121 0.0144832 0.0162093 0.0180936 0.020139 0.0223469 0.0247179 0.0272512 0.0299445 0.032794 0.0357942 0.0389379 0.042216 0.0456176 0.0491302 0.0527393 0.0564287 0.0601807 0.063976 0.067794 0.0716128 0.0754098 0.0791615 0.0828437 0.0864321 0.0899025 0.0932308 0.0963933 0.0993672 0.102131 0.104663 0.106946 0.108961 0.110693 0.112129 0.113258 0.114071 0.114561 0.114725 0.114561 0.114071 0.113258 0.11213 0.110694 0.108963 0.106949 0.104668 0.102138 0.0993771 0.0964063 0.0932475 0.0899233 0.0864574 0.0828739 0.079197 0.0754509 0.0716598 0.0678469 0.064035 0.0602458 0.0564999 0.0528163 0.0492127 0.0457053 0.0423083 0.0390344 0.0358943 0.032897 0.0300497 0.0273578 0.0248251 0.0224539 0.0202449 0.0181977 0.0163106 0.0145811 0.0130057 0.0115804 0.0103007 0.00916184 0.00815887 0.00728695 0.00654143 0.00591798 0.00541272 0.00502234 0.00474418 0.00457655 
0.0050981 0.00515467 0.0053333 0.00563565 0.0060639 0.00662104 0.00731075 0.00813733 0.00910555 0.0102205 0.0114876 0.0129121 0.0144992 0.0162539 0.0181803 0.0202821 0.022562 0.0250216 0.0276611 0.0304794 0.0334738 0.0366396 0.0399707 0.0434587 0.0470934 0.0508627 0.0547524 0.0587463 0.0628266 0.0669735 0.0711657 0.0753804 0.0795936 0.0837804 0.0879149 0.0919708 0.0959215 0.0997403 0.103401 0.106878 0.110146 0.113182 0.115963 0.118469 0.120681 0.122582 0.124157 0.125395 0.126286 0.126823 0.127002 0.126821 0.126283 0.125391 0.124153 0.122577 0.120676 0.118464 0.115959 0.113179 0.110145 0.10688 0.103406 0.0997486 0.0959341 0.0919882 0.0879377 0.0838089 0.0796283 0.0754215 0.0712134 0.0670279 0.0628878 0.0588142 0.0548266 0.050943 0.0471794 0.0435498 0.0400664 0.0367392 0.0335765 0.0305844 0.0277676 0.0251286 0.0226687 0.0203875 0.0182835 0.016354 0.0145954 0.0130036 0.0115736 0.0103003 0.00917849 0.00820285 0.00736836 0.00667031 0.00610448 0.00566726 0.00535575 0.00516812 
0.00574785 0.00581149 0.00601178 0.0063505 0.00683004 0.00745366 0.00822536 0.00914982 0.0102322 0.0114781 0.0128932 0.0144832 0.0162539 0.0182102 0.0203568 0.0226974 0.0252347 0.0279702 0.030904 0.0340343 0.0373581 0.0408698 0.0445624 0.0484264 0.0524503 0.0566204 0.0609209 0.0653339 0.0698394 0.0744156 0.079039 0.0836844 0.0883256 0.0929351 0.0974845 0.101945 0.106288 0.110483 0.114504 0.11832 0.121907 0.125237 0.128286 0.131033 0.133457 0.135539 0.137264 0.13862 0.139595 0.140182 0.140378 0.14018 0.139589 0.138612 0.137254 0.135527 0.133443 0.131019 0.128272 0.125222 0.121893 0.118309 0.114495 0.110478 0.106286 0.101948 0.0974928 0.0929493 0.0883463 0.0837119 0.0790736 0.0744577 0.0698889 0.0653909 0.0609853 0.0566919 0.0525285 0.0485108 0.0446525 0.0409648 0.0374572 0.0341368 0.0310088 0.0280765 0.0253414 0.0228035 0.0204613 0.0183122 0.0163524 0.0145773 0.0129819 0.0115607 0.010308 0.0092181 0.00828555 0.00750524 0.00687261 0.00638374 0.00603545 0.00582576 
0.00646541 0.00653684 0.00676088 0.00713949 0.00767526 0.00837173 0.00923326 0.0102649 0.0114723 0.0128613 0.0144383 0.0162093 0.0181803 0.0203568 0.0227435 0.0253444 0.0281622 0.0311981 0.0344518 0.0379215 0.041603 0.0454902 0.0495749 0.0538464 0.0582917 0.0628956 0.0676404 0.0725061 0.0774707 0.0825101 0.0875984 0.0927079 0.0978098 0.102874 0.107869 0.112765 0.117528 0.122128 0.126534 0.130715 0.134642 0.138287 0.141624 0.144628 0.147279 0.149555 0.151441 0.152922 0.153987 0.154629 0.154841 0.154624 0.153979 0.152909 0.151424 0.149535 0.147256 0.144604 0.141598 0.13826 0.134615 0.130689 0.12651 0.122107 0.117511 0.112752 0.107862 0.102872 0.0978146 0.09272 0.0876182 0.082538 0.0775069 0.0725507 0.0676933 0.0629567 0.0583606 0.0539227 0.049658 0.0455794 0.0416974 0.0380203 0.0345541 0.0313028 0.0282682 0.0254507 0.0228489 0.0204602 0.0182807 0.0163056 0.0145295 0.0129466 0.0115508 0.0103358 0.00929594 0.00842559 0.00771981 0.00717435 0.00678579 0.00655194 
0.00725302 0.00733296 0.00758291 0.00800498 0.00860201 0.00937782 0.0103371 0.0114854 0.0128286 0.0143734 0.0161262 0.0180936 0.0202821 0.0226974 0.0253444 0.0282272 0.0313484 0.0347092 0.0383089 0.0421448 0.0462124 0.0505045 0.0550116 0.0597217 0.0646204 0.0696905 0.0749123 0.0802639 0.0857208 0.0912565 0.0968424 0.102448 0.108043 0.113592 0.119064 0.124423 0.129635 0.134666 0.139483 0.144051 0.14834 0.15232 0.155962 0.15924 0.162131 0.164614 0.16667 0.168284 0.169445 0.170143 0.170375 0.170137 0.169432 0.168266 0.166646 0.164586 0.162099 0.159204 0.155923 0.152279 0.148299 0.14401 0.139442 0.134628 0.1296 0.124392 0.119038 0.113573 0.10803 0.102443 0.0968455 0.0912683 0.0857417 0.0802942 0.074952 0.0697394 0.0646783 0.0597882 0.0550861 0.0505864 0.0463008 0.0422389 0.0384075 0.0348113 0.0314529 0.0283328 0.02545 0.0228016 0.0203839 0.0181918 0.0162196 0.0144611 0.0129096 0.0115588 0.0104022 0.00943385 0.00864847 0.00804143 0.00760903 0.00734891 
0.00811261 0.00820179 0.00847982 0.00894898 0.00961235 0.010474 0.0115391 0.0128136 0.0143038 0.0160167 0.0179594 0.020139 0.022562 0.0252347 0.0281622 0.0313484 0.0347961 0.0385061 0.0424772 0.0467064 0.051188 0.0559139 0.0608733 0.0660527 0.071436 0.0770039 0.0827349 0.0886045 0.0945859 0.10065 0.106765 0.112899 0.119016 0.125081 0.131057 0.136908 0.142595 0.148082 0.153332 0.15831 0.162982 0.167315 0.171279 0.174846 0.177991 0.18069 0.182925 0.18468 0.185941 0.1867 0.186951 0.186692 0.185925 0.184657 0.182895 0.180653 0.177948 0.174798 0.171227 0.16726 0.162925 0.158252 0.153274 0.148025 0.142541 0.136858 0.131012 0.125042 0.118984 0.112874 0.10675 0.100644 0.0945897 0.0886186 0.0827594 0.0770388 0.0714811 0.0661078 0.0609377 0.055987 0.051269 0.0467943 0.042571 0.0386045 0.034898 0.0314525 0.0282671 0.0253391 0.0226646 0.0202385 0.0180546 0.0161064 0.0143869 0.0128892 0.0116064 0.0105321 0.00966062 0.00898696 0.00850712 0.00821857 
0.0090457 0.00914487 0.00945316 0.00997307 0.0107079 0.011662 0.012841 0.0142511 0.0158993 0.017793 0.0199397 0.0223469 0.0250216 0.0279702 0.0311981 0.0347092 0.0385061 0.0425893 0.0469572 0.051606 0.056529 0.061717 0.0671579 0.0728364 0.0787346 0.0848312 0.0911023 0.0975209 0.104058 0.110681 0.117355 0.124046 0.130715 0.137324 0.143832 0.1502 0.156387 0.162353 0.168059 0.173467 0.178541 0.183244 0.187546 0.191415 0.194825 0.197752 0.200175 0.202076 0.203443 0.204265 0.204536 0.204255 0.203423 0.202047 0.200137 0.197706 0.194772 0.191355 0.18748 0.183173 0.178466 0.173391 0.167982 0.162277 0.156313 0.150129 0.143766 0.137263 0.130662 0.124001 0.117319 0.110655 0.104042 0.0975168 0.0911097 0.0848502 0.0787651 0.0728783 0.0672105 0.0617797 0.056601 0.0516863 0.0470448 0.0426828 0.0386043 0.0348107 0.0313014 0.028074 0.0251243 0.0224472 0.0200361 0.0178843 0.0159843 0.0143287 0.0129102 0.011722 0.0107578 0.0100125 0.0094816 0.00916248 
0.0100534 0.0101632 0.010504 0.0110783 0.0118896 0.0129428 0.0142437 0.015799 0.0176162 0.0197031 0.0220677 0.0247179 0.0276611 0.030904 0.0344518 0.0383089 0.0424772 0.0469572 0.0517466 0.0568407 0.0622318 0.0679095 0.07386 0.0800664 0.0865087 0.0931634 0.100004 0.107001 0.114123 0.121334 0.128597 0.135873 0.143121 0.150299 0.157365 0.164274 0.170984 0.177451 0.183633 0.18949 0.194982 0.200071 0.204725 0.208909 0.212596 0.215759 0.218377 0.220431 0.221907 0.222794 0.223086 0.222782 0.221883 0.220396 0.218331 0.215703 0.21253 0.208835 0.204643 0.199984 0.19489 0.189394 0.183536 0.177353 0.170887 0.164181 0.157276 0.150216 0.143045 0.135805 0.128538 0.121286 0.114087 0.106977 0.0999925 0.0931646 0.0865228 0.0800932 0.073899 0.0679601 0.0622932 0.0569119 0.0518265 0.0470445 0.0425706 0.0384067 0.0345526 0.0310062 0.0277632 0.0248182 0.0221648 0.0197955 0.0177026 0.0158782 0.0143146 0.0130044 0.0119411 0.011119 0.0105335 0.0101817 
0.0111361 0.0112574 0.0116328 0.0122651 0.013158 0.0143167 0.0157474 0.0174573 0.0194542 0.0217466 0.0243428 0.0272512 0.0304794 0.0340343 0.0379215 0.0421448 0.0467064 0.051606 0.0568407 0.0624048 0.0682897 0.0744834 0.0809705 0.0877323 0.0947464 0.101987 0.109426 0.117029 0.124763 0.132589 0.140467 0.148354 0.156206 0.163979 0.171624 0.179097 0.18635 0.193337 0.200014 0.206336 0.212262 0.217752 0.222769 0.227279 0.231252 0.23466 0.237479 0.239691 0.24128 0.242235 0.242549 0.242221 0.241252 0.23965 0.237425 0.234594 0.231175 0.227192 0.222672 0.217648 0.212151 0.206221 0.199896 0.193218 0.186231 0.17898 0.171511 0.16387 0.156105 0.148261 0.140384 0.132518 0.124704 0.116983 0.109393 0.101969 0.0947422 0.0877422 0.0809942 0.0745202 0.0683389 0.0624654 0.0569115 0.0516857 0.0467936 0.0422378 0.0380187 0.0341341 0.03058 0.0273508 0.0244399 0.0218395 0.0195416 0.0175377 0.0158196 0.0143796 0.0132108 0.012307 0.0116633 0.0112766 
0.0122937 0.0124273 0.0128394 0.0135332 0.0145126 0.0157832 0.0173514 0.019225 0.0214123 0.0239221 0.0267633 0.0299445 0.0334738 0.0373581 0.041603 0.0462124 0.051188 0.056529 0.0622318 0.0682897 0.0746928 0.0814275 0.0884767 0.0958196 0.103432 0.111285 0.119347 0.127582 0.135954 0.14442 0.152937 0.161459 0.169938 0.178326 0.186573 0.194628 0.202443 0.209968 0.217155 0.223957 0.23033 0.236232 0.241624 0.24647 0.250736 0.254396 0.257422 0.259796 0.261501 0.262525 0.262862 0.262509 0.261469 0.259749 0.25736 0.254319 0.250647 0.246368 0.241512 0.23611 0.2302 0.223821 0.217014 0.209825 0.202299 0.194486 0.186433 0.178192 0.169811 0.16134 0.152829 0.144323 0.13587 0.127513 0.119291 0.111245 0.103407 0.0958107 0.0884832 0.0814487 0.0747281 0.0683381 0.062292 0.0565997 0.0512677 0.0462993 0.0416955 0.0374542 0.0335718 0.0300426 0.0268597 0.024015 0.0215001 0.0193062 0.0174246 0.0158472 0.0145665 0.0135761 0.0128708 0.0124472 
0.0135254 0.0136719 0.0141229 0.0148816 0.0159523 0.0173409 0.0190542 0.0211004 0.0234882 0.0262269 0.0293259 0.032794 0.0366396 0.0408698 0.0454902 0.0505045 0.0559139 0.061717 0.0679095 0.0744834 0.0814275 0.0887266 0.0963616 0.10431 0.112544 0.121033 0.129742 0.138634 0.147666 0.156795 0.165972 0.17515 0.184276 0.193298 0.202164 0.21082 0.219213 0.22729 0.235 0.242295 0.249127 0.255451 0.261226 0.266415 0.270982 0.274898 0.278136 0.280676 0.282499 0.283594 0.283954 0.283576 0.282463 0.280622 0.278066 0.274811 0.27088 0.266298 0.261097 0.25531 0.248977 0.242137 0.234837 0.227122 0.219044 0.210651 0.201998 0.193137 0.184121 0.175003 0.165836 0.156671 0.147556 0.138538 0.129662 0.120969 0.112497 0.10428 0.0963491 0.0887305 0.0814472 0.0745179 0.0679575 0.0617772 0.0559847 0.0505841 0.0455768 0.0409614 0.0367343 0.0328897 0.0294207 0.026319 0.0235758 0.0211818 0.0191279 0.0174057 0.0160071 0.0149253 0.014155 0.0136925 
0.0148296 0.0149897 0.0154815 0.0163084 0.0174751 0.0189875 0.020853 0.0230802 0.0256783 0.0286569 0.0320258 0.0357942 0.0399707 0.0445624 0.0495749 0.0550116 0.0608733 0.0671579 0.07386 0.0809705 0.0884767 0.0963616 0.104604 0.113179 0.122057 0.131203 0.140582 0.15015 0.159863 0.169674 0.179532 0.189383 0.199173 0.208847 0.218347 0.227617 0.2366 0.245241 0.253487 0.261283 0.268582 0.275337 0.281503 0.28704 0.291913 0.29609 0.299543 0.302251 0.304194 0.305362 0.305745 0.305341 0.304154 0.30219 0.299464 0.295992 0.291798 0.286909 0.281357 0.275178 0.268412 0.261104 0.2533 0.245049 0.236405 0.227421 0.218153 0.208657 0.198989 0.189208 0.179367 0.169522 0.159725 0.150027 0.140476 0.131115 0.121986 0.113127 0.104571 0.0963466 0.0884792 0.0809895 0.0738943 0.0672061 0.0609338 0.0550826 0.0496544 0.0446483 0.0400609 0.0358867 0.0321183 0.0287476 0.0257651 0.0231614 0.0209269 0.0190526 0.0175303 0.0163528 0.0155142 0.0150109 
0.0162038 0.0163782 0.0169127 0.017811 0.0190778 0.0207196 0.0227442 0.0251603 0.0279778 0.0312065 0.0348567 0.0389379 0.0434587 0.0484264 0.0538464 0.0597217 0.0660527 0.0728364 0.0800664 0.0877323 0.0958196 0.10431 0.113179 0.1224 0.131941 0.141764 0.151829 0.162092 0.172504 0.183014 0.193567 0.204107 0.214576 0.224914 0.23506 0.244955 0.25454 0.263755 0.272543 0.280849 0.288622 0.295812 0.302373 0.308263 0.313445 0.317886 0.321556 0.324433 0.326498 0.327738 0.328145 0.327716 0.326454 0.324367 0.321468 0.317777 0.313317 0.308117 0.30221 0.295634 0.288431 0.280647 0.272332 0.263537 0.254318 0.244732 0.234838 0.224694 0.214363 0.203902 0.193373 0.182832 0.172337 0.161941 0.151696 0.141649 0.131845 0.122324 0.113123 0.104274 0.0958032 0.0877342 0.0800855 0.0728713 0.0661016 0.0597828 0.0539176 0.0485055 0.0435435 0.0390261 0.0349461 0.0312949 0.0280631 0.0252406 0.0228177 0.0207848 0.0191333 0.0178557 0.0169459 0.0163999 
0.0176448 0.017834 0.018413 0.0193855 0.0207566 0.022533 0.0247227 0.0273352 0.0303804 0.0338687 0.0378107 0.042216 0.0470934 0.0524503 0.0582917 0.0646204 0.071436 0.0787346 0.0865087 0.0947464 0.103432 0.112544 0.122057 0.131941 0.14216 0.152676 0.163445 0.174417 0.185542 0.196764 0.208026 0.219266 0.230424 0.241436 0.252238 0.262767 0.272959 0.282754 0.29209 0.300911 0.309161 0.316789 0.323748 0.329993 0.335486 0.340192 0.34408 0.347128 0.349315 0.350628 0.351058 0.350603 0.349266 0.347055 0.343984 0.340073 0.335346 0.329833 0.323569 0.316593 0.30895 0.300687 0.291855 0.282511 0.272711 0.262516 0.251987 0.241187 0.23018 0.21903 0.2078 0.196551 0.185344 0.174236 0.163282 0.152533 0.142038 0.13184 0.121977 0.112486 0.103395 0.0947298 0.0865111 0.0787546 0.0714719 0.0646703 0.0583534 0.0525215 0.0471718 0.042299 0.0378961 0.0339542 0.0304636 0.0274141 0.0247954 0.0225978 0.0208121 0.0194305 0.0184465 0.0178563 
0.0191484 0.0193531 0.019978 0.0210274 0.0225064 0.024422 0.0267826 0.029598 0.0328785 0.036635 0.040878 0.0456176 0.0508627 0.0566204 0.0628956 0.0696905 0.0770039 0.0848312 0.0931634 0.101987 0.111285 0.121033 0.131203 0.141764 0.152676 0.163898 0.175381 0.187075 0.198924 0.210868 0.222848 0.234797 0.246652 0.258344 0.269807 0.280974 0.291779 0.302156 0.312043 0.32138 0.330109 0.338177 0.345534 0.352134 0.357938 0.362908 0.367015 0.370232 0.372541 0.373927 0.37438 0.3739 0.372488 0.370153 0.36691 0.362779 0.357785 0.35196 0.345338 0.337963 0.329878 0.321134 0.311785 0.301888 0.291504 0.280695 0.269527 0.258065 0.246377 0.23453 0.22259 0.210624 0.198694 0.186863 0.175188 0.163726 0.152526 0.141636 0.131099 0.120951 0.111226 0.101951 0.0931478 0.0848351 0.0770256 0.0697279 0.0629466 0.0566826 0.0509336 0.0456946 0.0409586 0.0367167 0.032959 0.0296749 0.026854 0.024486 0.0225615 0.0210723 0.0200118 0.0193757 
0.0207096 0.0209301 0.0216025 0.0227311 0.0243212 0.0263801 0.0289166 0.0319407 0.0354632 0.0394951 0.0440474 0.0491302 0.0547524 0.0609209 0.0676404 0.0749123 0.0827349 0.0911023 0.100004 0.109426 0.119347 0.129742 0.140582 0.151829 0.163445 0.175381 0.187589 0.200012 0.212592 0.225266 0.237968 0.250632 0.263187 0.275563 0.287689 0.299496 0.310913 0.321873 0.332311 0.342162 0.351369 0.359875 0.367628 0.374582 0.380694 0.385928 0.390251 0.393638 0.396067 0.397525 0.398002 0.397496 0.39601 0.393553 0.390139 0.385789 0.38053 0.374394 0.367417 0.359643 0.351119 0.341895 0.33203 0.321581 0.310612 0.299189 0.28738 0.275254 0.262881 0.250333 0.237679 0.224989 0.21233 0.199768 0.187365 0.175179 0.163265 0.151674 0.14045 0.129636 0.119265 0.109368 0.0999692 0.0910888 0.0827411 0.0749362 0.0676796 0.060973 0.0548148 0.0492003 0.0441224 0.0395724 0.0355402 0.0320151 0.0289862 0.0264429 0.0243756 0.0227757 0.0216363 0.0209531 
0.0223222 0.022559 0.0232802 0.0244899 0.0261938 0.0283996 0.0311162 0.034354 0.038124 0.0424377 0.047306 0.0527393 0.0587463 0.0653339 0.0725061 0.0802639 0.0886045 0.0975209 0.107001 0.117029 0.127582 0.138634 0.15015 0.162092 0.174417 0.187075 0.200012 0.213169 0.226484 0.23989 0.253318 0.266696 0.279952 0.293012 0.3058 0.318245 0.330272 0.341812 0.352796 0.36316 0.37284 0.38178 0.389926 0.397229 0.403647 0.40914 0.413677 0.417231 0.419779 0.421309 0.421809 0.421278 0.419719 0.41714 0.413558 0.408992 0.403472 0.397028 0.3897 0.381531 0.372571 0.362872 0.352493 0.341496 0.329945 0.31791 0.305462 0.292672 0.279616 0.266365 0.252996 0.23958 0.22619 0.212893 0.199756 0.186841 0.174207 0.161908 0.149991 0.138501 0.127477 0.116949 0.106946 0.0974889 0.0885941 0.0802731 0.0725325 0.0653749 0.0587993 0.0528015 0.0473745 0.0425098 0.038197 0.0344253 0.0311835 0.0284608 0.0262472 0.0245339 0.0233138 0.0225823 
0.0239794 0.024233 0.0250037 0.0262962 0.0281163 0.0304717 0.0333718 0.0368272 0.0408493 0.0454495 0.0506393 0.0564287 0.0628266 0.0698394 0.0774707 0.0857208 0.0945859 0.104058 0.114123 0.124763 0.135954 0.147666 0.159863 0.172504 0.185542 0.198924 0.212592 0.226484 0.240533 0.254671 0.268822 0.282913 0.296867 0.310606 0.324052 0.337129 0.349761 0.361875 0.3734 0.384268 0.394415 0.403783 0.412315 0.419963 0.426681 0.43243 0.437177 0.440894 0.44356 0.445159 0.445682 0.445127 0.443496 0.440798 0.43705 0.432273 0.426495 0.41975 0.412076 0.403519 0.394129 0.383961 0.373075 0.361535 0.349409 0.336768 0.323685 0.310237 0.2965 0.282551 0.268469 0.254329 0.240207 0.226175 0.212303 0.198658 0.185301 0.17229 0.159676 0.147507 0.135823 0.12466 0.114046 0.104006 0.0945578 0.0857143 0.0774833 0.0698684 0.0628693 0.0564822 0.0507006 0.0455158 0.0409175 0.0368948 0.0334363 0.0305309 0.0281683 0.0263395 0.025037 0.0242563 
0.0256734 0.025944 0.0267652 0.0281417 0.0300795 0.0325866 0.0356727 0.0393486 0.0436259 0.0485163 0.0540312 0.0601807 0.0669735 0.0744156 0.0825101 0.0912565 0.10065 0.110681 0.121334 0.132589 0.14442 0.156795 0.169674 0.183014 0.196764 0.210868 0.225266 0.23989 0.254671 0.269534 0.284404 0.299202 0.313846 0.328257 0.342353 0.356054 0.369282 0.38196 0.394017 0.405381 0.415987 0.425773 0.434684 0.442668 0.44968 0.455679 0.460631 0.464508 0.467288 0.468955 0.469501 0.468922 0.467221 0.464408 0.460498 0.455514 0.449485 0.442444 0.434432 0.425494 0.415683 0.405055 0.393671 0.381598 0.368906 0.355667 0.341959 0.327859 0.313449 0.298809 0.284019 0.26916 0.254311 0.239548 0.224945 0.210571 0.196492 0.18277 0.169458 0.156608 0.144263 0.132461 0.121235 0.110609 0.100603 0.0912334 0.082508 0.0744318 0.0670052 0.0602248 0.0540846 0.048576 0.0436889 0.0394121 0.0357341 0.0326435 0.0301299 0.0281839 0.026798 0.0259674 
0.0273956 0.0276833 0.0285554 0.0300167 0.0320734 0.0347336 0.0380072 0.0419054 0.0464397 0.0516223 0.0574643 0.063976 0.0711657 0.079039 0.0875984 0.0968424 0.106765 0.117355 0.128597 0.140467 0.152937 0.165972 0.179532 0.193567 0.208026 0.222848 0.237968 0.253318 0.268822 0.284404 0.299984 0.315478 0.330803 0.345874 0.360608 0.374921 0.388733 0.401965 0.414541 0.426389 0.437443 0.447638 0.456918 0.465229 0.472526 0.478767 0.483918 0.487951 0.490842 0.492576 0.493143 0.492541 0.490772 0.487847 0.48378 0.478596 0.472323 0.464994 0.456653 0.447345 0.437124 0.426046 0.414176 0.401582 0.388334 0.37451 0.360188 0.345449 0.330376 0.315054 0.299567 0.283998 0.26843 0.252944 0.237615 0.222518 0.207723 0.193292 0.179286 0.165758 0.152754 0.140314 0.128475 0.117262 0.106699 0.096802 0.0875809 0.0790417 0.0711856 0.06401 0.0575092 0.0516749 0.0464969 0.0419642 0.0380649 0.0347877 0.0321218 0.0300578 0.0285877 0.0277068 
0.0291366 0.0294416 0.0303649 0.0319112 0.0340871 0.0369009 0.0403626 0.0444835 0.0492755 0.0547505 0.06092 0.067794 0.0753804 0.0836844 0.0927079 0.102448 0.112899 0.124046 0.135873 0.148354 0.161459 0.17515 0.189383 0.204107 0.219266 0.234797 0.250632 0.266696 0.282913 0.299202 0.315478 0.331655 0.347646 0.363364 0.378722 0.393633 0.408014 0.421784 0.434866 0.447185 0.458672 0.469263 0.4789 0.487528 0.495101 0.501577 0.50692 0.511102 0.5141 0.515898 0.516486 0.515862 0.514028 0.510994 0.506777 0.501399 0.49489 0.487284 0.478625 0.468958 0.458339 0.446826 0.434483 0.421382 0.407594 0.393199 0.378277 0.362913 0.347192 0.331202 0.315031 0.298765 0.28249 0.26629 0.250247 0.234436 0.218932 0.203802 0.189108 0.174907 0.161249 0.148176 0.135727 0.123931 0.112813 0.10239 0.0926744 0.083673 0.0753879 0.0678173 0.0609558 0.0547955 0.0493264 0.0445372 0.0404163 0.036952 0.0341334 0.0319508 0.0303963 0.029465 
0.0308864 0.0312087 0.0321829 0.0338142 0.0361091 0.039076 0.0427252 0.0470681 0.0521168 0.0578831 0.0643785 0.0716128 0.0795936 0.0883256 0.0978098 0.108043 0.119016 0.130715 0.143121 0.156206 0.169938 0.184276 0.199173 0.214576 0.230424 0.246652 0.263187 0.279952 0.296867 0.313846 0.330803 0.347646 0.364287 0.380635 0.396598 0.412089 0.427022 0.441314 0.454883 0.467657 0.479563 0.490536 0.500516 0.509449 0.517287 0.523988 0.529515 0.533841 0.536942 0.538801 0.53941 0.538764 0.536868 0.533731 0.529369 0.523805 0.517069 0.509197 0.500231 0.49022 0.479217 0.467283 0.454485 0.440893 0.426582 0.411633 0.39613 0.380158 0.363807 0.347166 0.330326 0.313379 0.296413 0.279515 0.26277 0.246259 0.230059 0.21424 0.198869 0.184005 0.169701 0.156003 0.142952 0.130579 0.11891 0.107966 0.0977599 0.0882996 0.0795883 0.071625 0.0644048 0.05792 0.052161 0.0471164 0.0427746 0.0391238 0.0361529 0.0338522 0.0322135 0.0312319 
0.0326342 0.0329736 0.0339985 0.0357141 0.0381269 0.0412457 0.0450808 0.0496437 0.0549465 0.0610013 0.0678192 0.0754098 0.0837804 0.0929351 0.102874 0.113592 0.125081 0.137324 0.150299 0.163979 0.178326 0.193298 0.208847 0.224914 0.241436 0.258344 0.275563 0.293012 0.310606 0.328257 0.345874 0.363364 0.380635 0.397591 0.41414 0.430191 0.445656 0.460448 0.474488 0.487698 0.500005 0.511344 0.521653 0.530877 0.538969 0.545884 0.551588 0.556051 0.559249 0.561168 0.561796 0.56113 0.559174 0.555938 0.551438 0.545697 0.538746 0.530619 0.52136 0.511018 0.499649 0.487312 0.474075 0.460011 0.445197 0.429715 0.41365 0.39709 0.380129 0.362857 0.34537 0.327761 0.310122 0.292544 0.275116 0.257921 0.24104 0.224548 0.208514 0.193 0.178062 0.16375 0.150106 0.137165 0.124955 0.113497 0.102807 0.092894 0.0837619 0.0754105 0.0678355 0.0610298 0.0549837 0.0496862 0.0451256 0.0412899 0.0381681 0.0357502 0.0340281 0.0329966 
0.0343688 0.0347251 0.0357999 0.0375986 0.0401278 0.0433962 0.0474144 0.052194 0.057747 0.0640856 0.0712206 0.0791615 0.0879149 0.0974845 0.107869 0.119064 0.131057 0.143832 0.157365 0.171624 0.186573 0.202164 0.218347 0.23506 0.252238 0.269807 0.287689 0.3058 0.324052 0.342353 0.360608 0.378722 0.396598 0.41414 0.431251 0.44784 0.463814 0.479087 0.493576 0.507202 0.519892 0.531579 0.542201 0.551702 0.560034 0.567153 0.573024 0.577617 0.580908 0.582882 0.583528 0.582844 0.580832 0.577502 0.572871 0.566963 0.559807 0.551438 0.541902 0.531245 0.519526 0.506805 0.49315 0.478635 0.463339 0.447345 0.430741 0.413618 0.396069 0.37819 0.360078 0.341829 0.323539 0.305304 0.287213 0.269355 0.251813 0.234666 0.217985 0.201838 0.186282 0.171371 0.157148 0.143651 0.130911 0.11895 0.107786 0.0974283 0.087883 0.0791504 0.0712268 0.0641054 0.0577769 0.0522305 0.0474543 0.0434367 0.0401662 0.0376329 0.0358285 0.0347478 
0.0360785 0.0364515 0.0375753 0.0394553 0.0420984 0.0455133 0.0497107 0.0547022 0.0605 0.0671159 0.0745608 0.0828437 0.0919708 0.101945 0.112765 0.124423 0.136908 0.1502 0.164274 0.179097 0.194628 0.21082 0.227617 0.244955 0.262767 0.280974 0.299496 0.318245 0.337129 0.356054 0.374921 0.393633 0.412089 0.430191 0.44784 0.46494 0.4814 0.497129 0.512044 0.526065 0.539118 0.551135 0.562052 0.571815 0.580374 0.587686 0.593714 0.598429 0.601808 0.603834 0.604498 0.603795 0.60173 0.598313 0.59356 0.587493 0.580144 0.571548 0.561748 0.550795 0.538744 0.525659 0.511607 0.496665 0.48091 0.464429 0.447311 0.429649 0.411538 0.393078 0.374366 0.355504 0.336589 0.31772 0.298991 0.280493 0.262313 0.244533 0.227228 0.210467 0.194312 0.178819 0.164034 0.149997 0.136741 0.124291 0.112664 0.101874 0.0919254 0.0828207 0.0745566 0.0671269 0.0605224 0.0547326 0.0497457 0.0455499 0.0421339 0.0394876 0.0376026 0.0364738 
0.0377516 0.0381407 0.0393121 0.0412713 0.0440252 0.0475825 0.0519541 0.0571515 0.0631869 0.0700721 0.0778176 0.0864321 0.0959215 0.106288 0.117528 0.129635 0.142595 0.156387 0.170984 0.18635 0.202443 0.219213 0.2366 0.25454 0.272959 0.291779 0.310913 0.330272 0.349761 0.369282 0.388733 0.408014 0.427022 0.445656 0.463814 0.4814 0.498318 0.514479 0.529797 0.54419 0.557585 0.569911 0.581106 0.591115 0.599886 0.607378 0.613553 0.618383 0.621844 0.623919 0.624599 0.62388 0.621766 0.618266 0.613398 0.607184 0.599654 0.590844 0.580798 0.569566 0.557204 0.543776 0.529351 0.514004 0.497816 0.480874 0.463269 0.445095 0.426451 0.407437 0.388155 0.368708 0.349196 0.329722 0.310381 0.29127 0.272478 0.25409 0.236184 0.218833 0.202102 0.186048 0.170721 0.156163 0.142408 0.129484 0.117411 0.106201 0.0958625 0.0863973 0.0778031 0.0700741 0.0632018 0.0571756 0.0519839 0.047615 0.0440576 0.0413015 0.0393383 0.0381627 
0.039376 0.0397807 0.0409981 0.0430337 0.0458944 0.0495892 0.0541287 0.0595247 0.0657891 0.0729337 0.0809687 0.0899025 0.0997403 0.110483 0.122128 0.134666 0.148082 0.162353 0.177451 0.193337 0.209968 0.22729 0.245241 0.263755 0.282754 0.302156 0.321873 0.341812 0.361875 0.38196 0.401965 0.421784 0.441314 0.460448 0.479087 0.497129 0.514479 0.531045 0.54674 0.561482 0.575196 0.587811 0.599266 0.609503 0.618473 0.626132 0.632444 0.63738 0.640917 0.643037 0.643732 0.642998 0.640839 0.637263 0.632288 0.625937 0.618239 0.60923 0.598955 0.587462 0.57481 0.561061 0.546286 0.53056 0.513966 0.496591 0.478527 0.459872 0.440724 0.421188 0.401366 0.381364 0.361286 0.341237 0.321316 0.301622 0.282247 0.263279 0.2448 0.226885 0.209602 0.193012 0.177166 0.162108 0.147876 0.134498 0.121995 0.110382 0.0996681 0.0898559 0.0809439 0.0729269 0.0657964 0.0595424 0.0541534 0.0496176 0.0459238 0.0430617 0.0410229 0.0398023 
0.0409396 0.0413592 0.0426206 0.0447294 0.0476924 0.0515186 0.0562188 0.0618047 0.0682881 0.0756805 0.0839922 0.0932308 0.103401 0.114504 0.126534 0.139483 0.153332 0.168059 0.183633 0.200014 0.217155 0.235 0.253487 0.272543 0.29209 0.312043 0.332311 0.352796 0.3734 0.394017 0.414541 0.434866 0.454883 0.474488 0.493576 0.512044 0.529797 0.54674 0.562786 0.577852 0.591862 0.604745 0.61644 0.626889 0.636041 0.643855 0.650294 0.655328 0.658935 0.661097 0.661807 0.661059 0.658857 0.655212 0.650138 0.64366 0.635807 0.626615 0.616127 0.604394 0.591472 0.577426 0.562325 0.546247 0.529274 0.511495 0.493003 0.473897 0.454278 0.434251 0.413922 0.393399 0.372789 0.352198 0.33173 0.311485 0.291558 0.272042 0.253021 0.234572 0.216766 0.199666 0.183327 0.167794 0.153107 0.139296 0.126385 0.114388 0.103316 0.0931726 0.0839573 0.075665 0.068288 0.0618162 0.0562384 0.051543 0.0477187 0.0447553 0.0426442 0.0413804 
0.0424305 0.0428643 0.0441675 0.0463456 0.0494056 0.0533565 0.0582091 0.0639748 0.0706656 0.0782928 0.0868662 0.0963933 0.106878 0.11832 0.130715 0.144051 0.15831 0.173467 0.18949 0.206336 0.223957 0.242295 0.261283 0.280849 0.300911 0.32138 0.342162 0.36316 0.384268 0.405381 0.426389 0.447185 0.467657 0.487698 0.507202 0.526065 0.54419 0.561482 0.577852 0.593216 0.607499 0.62063 0.632545 0.643187 0.652508 0.660464 0.667018 0.672142 0.675813 0.678014 0.678736 0.677975 0.675736 0.672026 0.666863 0.660269 0.652274 0.642913 0.632231 0.620277 0.607107 0.592787 0.577386 0.560983 0.54366 0.525506 0.506618 0.487094 0.467037 0.446554 0.425753 0.404744 0.383637 0.36254 0.34156 0.320799 0.300356 0.280326 0.260795 0.241844 0.223546 0.205967 0.189163 0.173183 0.158067 0.143848 0.13055 0.118191 0.10678 0.096324 0.0868216 0.0782688 0.0706583 0.0639802 0.0582237 0.0533769 0.0494289 0.0463694 0.0441898 0.0428851 
0.0438371 0.0442843 0.0456266 0.0478699 0.0510209 0.0550888 0.0600843 0.0660188 0.0729041 0.0807513 0.08957 0.0993672 0.110146 0.121907 0.134642 0.14834 0.162982 0.178541 0.194982 0.212262 0.23033 0.249127 0.268582 0.288622 0.309161 0.330109 0.351369 0.37284 0.394415 0.415987 0.437443 0.458672 0.479563 0.500005 0.519892 0.539118 0.557585 0.575196 0.591862 0.607499 0.622031 0.635386 0.647502 0.658321 0.667794 0.675879 0.682538 0.687744 0.691473 0.693709 0.694442 0.69367 0.691396 0.687629 0.682384 0.675685 0.667561 0.658048 0.647188 0.635033 0.621638 0.607067 0.591393 0.574691 0.557048 0.538552 0.519299 0.49939 0.47893 0.458027 0.436791 0.415333 0.393766 0.372201 0.350746 0.329507 0.308585 0.288077 0.268073 0.248655 0.229899 0.211873 0.194636 0.178238 0.162722 0.148122 0.134463 0.121764 0.110037 0.0992873 0.089516 0.0807192 0.0728898 0.0660183 0.060094 0.0551054 0.0510413 0.0478916 0.0456477 0.0443046 
