1.04424e-05 1.07786e-05 1.21309e-05 1.45914e-05 1.83161e-05 2.3532e-05 3.05426e-05 3.97343e-05 5.15836e-05 6.66647e-05 8.56572e-05 0.000109352 0.000138658 0.000174601 0.000218329 0.000271104 0.000334292 0.000409356 0.000497828 0.000601287 0.000721324 0.000859509 0.00101734 0.00119619 0.00139726 0.00162153 0.00186968 0.00214206 0.0024386 0.0027588 0.00310169 0.00346575 0.00384897 0.00424878 0.0046621 0.00508533 0.00551444 0.00594499 0.00637223 0.00679112 0.00719653 0.00758325 0.00794612 0.00828018 0.00858072 0.00884341 0.00906443 0.00924049 0.00936896 0.00944789 0.00947611 0.00945319 0.00937949 0.00925615 0.00908506 0.00886881 0.00861061 0.00831428 0.00798408 0.00762469 0.00724105 0.00683827 0.00642156 0.00599605 0.00556674 0.00513839 0.00471546 0.00430199 0.00390159 0.00351738 0.00315194 0.00280735 0.00248514 0.00218634 0.00191151 0.00166074 0.00143374 0.00122987 0.00104821 0.000887597 0.000746685 0.000624012 0.000518037 0.000427191 0.00034991 0.000284675 0.00023003 0.000184609 0.000147148 0.000116496 9.16156e-05 7.15884e-05 5.56104e-05 4.29883e-05 3.31328e-05 2.55523e-05 1.98448e-05 1.56916e-05 1.28502e-05 1.11527e-05 
1.07786e-05 1.11275e-05 1.25272e-05 1.50733e-05 1.89275e-05 2.43247e-05 3.15794e-05 4.10917e-05 5.33549e-05 6.89639e-05 8.86219e-05 0.000113148 0.000143482 0.000180686 0.000225947 0.000280569 0.000345968 0.000423651 0.000515202 0.000622251 0.000746442 0.000889389 0.00105264 0.0012376 0.00144552 0.00167738 0.0019339 0.00221541 0.00252184 0.00285266 0.00320686 0.00358286 0.00397858 0.00439136 0.004818 0.0052548 0.0056976 0.00614182 0.00658253 0.00701459 0.00743267 0.00783141 0.00820553 0.00854989 0.00885966 0.0091304 0.00935815 0.00953956 0.0096719 0.0097532 0.00978222 0.00975854 0.00968253 0.00955536 0.00937897 0.00915603 0.00888984 0.00858432 0.00824387 0.00787328 0.00747766 0.00706226 0.00663244 0.00619348 0.00575055 0.00530855 0.00487208 0.00444531 0.00403197 0.00363527 0.0032579 0.002902 0.00256916 0.00226046 0.00197647 0.00171731 0.00148269 0.00127195 0.00108413 0.000918058 0.000772339 0.000645469 0.000535859 0.000441889 0.000361946 0.00029446 0.000237927 0.000190937 0.000152182 0.00012047 9.4731e-05 7.40134e-05 5.74857e-05 4.44303e-05 3.42375e-05 2.63982e-05 2.04967e-05 1.62029e-05 1.32658e-05 1.15116e-05 
1.21309e-05 1.25272e-05 1.41033e-05 1.69659e-05 2.12958e-05 2.73554e-05 3.54954e-05 4.61618e-05 5.99041e-05 7.73836e-05 9.93819e-05 0.000126808 0.000160702 0.000202242 0.000252738 0.000313629 0.000386473 0.000472929 0.000574735 0.000693674 0.000831541 0.000990097 0.00117101 0.00137582 0.00160585 0.00186216 0.00214548 0.00245614 0.00279403 0.00315853 0.00354847 0.0039621 0.00439708 0.00485049 0.00531879 0.00579792 0.00628331 0.00676994 0.00725246 0.00772522 0.00818245 0.00861832 0.00902708 0.00940316 0.00974133 0.0100368 0.0102852 0.010483 0.0106273 0.0107158 0.0107473 0.0107213 0.0106382 0.0104992 0.0103066 0.0100631 0.00977229 0.00943851 0.00906647 0.00866139 0.00822878 0.00777437 0.00730397 0.00682334 0.00633811 0.00585364 0.00537494 0.0049066 0.0044527 0.00401679 0.00360183 0.00321021 0.0028437 0.00250351 0.00219033 0.0019043 0.00164516 0.00141221 0.00120445 0.00102058 0.000859133 0.000718457 0.000596824 0.000492467 0.000403621 0.000328562 0.000265639 0.0002133 0.000170102 0.000134732 0.000106003 8.28647e-05 6.43942e-05 4.97958e-05 3.83922e-05 2.96177e-05 2.30096e-05 1.82006e-05 1.49112e-05 1.29478e-05 
1.45914e-05 1.50733e-05 1.69659e-05 2.0396e-05 2.55776e-05 3.28214e-05 4.25417e-05 5.52648e-05 7.1638e-05 9.24391e-05 0.000118586 0.000151142 0.000191326 0.000240509 0.000300218 0.000372123 0.000458027 0.000559847 0.000679581 0.000819276 0.000980982 0.0011667 0.00137832 0.00161757 0.00188592 0.00218454 0.00251419 0.00287518 0.00326732 0.00368981 0.00414124 0.00461952 0.00512192 0.00564501 0.0061847 0.00673629 0.00729453 0.00785367 0.00840757 0.00894982 0.00947383 0.00997299 0.0104408 0.0108709 0.0112574 0.0115949 0.0118785 0.0121042 0.0122687 0.0123695 0.0124051 0.0123751 0.0122799 0.012121 0.0119006 0.0116221 0.0112895 0.0109076 0.0104818 0.0100179 0.00952224 0.00900128 0.00846162 0.00790982 0.0073523 0.00679517 0.00624419 0.00570461 0.00518117 0.00467794 0.0041984 0.00374533 0.00332083 0.00292638 0.0025628 0.00223036 0.00192879 0.00165737 0.001415 0.00120025 0.00101143 0.000846706 0.000704101 0.000581597 0.000477171 0.00038884 0.0003147 0.000252955 0.000201933 0.000160107 0.000126095 9.86701e-05 7.67541e-05 5.94143e-05 4.5856e-05 3.54145e-05 2.75452e-05 2.18155e-05 1.78959e-05 1.55582e-05 
1.83161e-05 1.89275e-05 2.12958e-05 2.55776e-05 3.20364e-05 4.10541e-05 5.31392e-05 6.89362e-05 8.92368e-05 0.00011499 0.000147313 0.000187498 0.000237022 0.000297542 0.000370895 0.000459091 0.000564289 0.000688774 0.000834924 0.00100516 0.0012019 0.00142749 0.00168414 0.00197382 0.00229822 0.00265863 0.00305588 0.00349024 0.00396136 0.00446819 0.00500895 0.00558107 0.00618122 0.00680524 0.00744824 0.00810461 0.0087681 0.00943191 0.0100888 0.0107312 0.0113514 0.0119417 0.0124944 0.0130022 0.0134582 0.0138561 0.0141903 0.0144561 0.0146495 0.0147679 0.0148096 0.0147738 0.0146613 0.0144735 0.0142134 0.0138846 0.0134919 0.0130408 0.0125375 0.011989 0.0114025 0.0107857 0.0101462 0.00949168 0.00882977 0.00816767 0.00751217 0.00686952 0.00624533 0.00564453 0.00507128 0.00452895 0.00402014 0.00354669 0.00310969 0.00270954 0.00234603 0.00201838 0.00172536 0.00146534 0.00123638 0.00103633 0.000862889 0.000713668 0.000586276 0.000478357 0.000387642 0.00031198 0.000249368 0.000197965 0.000156107 0.000122308 9.52624e-05 7.38362e-05 5.70625e-05 4.41305e-05 3.43754e-05 2.72678e-05 2.24048e-05 1.95066e-05 
2.3532e-05 2.43247e-05 2.73554e-05 3.28214e-05 4.10541e-05 5.25331e-05 6.78957e-05 8.79483e-05 0.000113679 0.000146271 0.000187113 0.000237807 0.000300178 0.000376271 0.000468346 0.000578862 0.000710458 0.000865915 0.00104811 0.00125997 0.0015044 0.00178418 0.00210193 0.00245998 0.00286026 0.00330423 0.00379277 0.00432608 0.0049036 0.00552391 0.00618472 0.00688282 0.00761402 0.00837324 0.00915448 0.00995091 0.010755 0.0115584 0.0123526 0.0131284 0.0138767 0.0145881 0.0152537 0.0158647 0.016413 0.0168911 0.0172923 0.0176112 0.0178431 0.0179848 0.0180344 0.017991 0.0178554 0.0176294 0.0173165 0.0169209 0.0164483 0.0159053 0.0152992 0.0146381 0.0139308 0.0131863 0.0124138 0.0116224 0.0108212 0.0100189 0.00922373 0.00844316 0.00768406 0.00695243 0.0062534 0.00559115 0.00496894 0.00438911 0.00385312 0.00336158 0.00291434 0.00251061 0.00214897 0.00182755 0.00154407 0.00129599 0.00108055 0.000894909 0.000736165 0.000601473 0.000488073 0.000393342 0.000314826 0.000250267 0.000197616 0.00015504 0.000120921 9.38539e-05 7.26368e-05 5.62597e-05 4.38934e-05 3.48769e-05 2.87063e-05 2.50315e-05 
3.05426e-05 3.15794e-05 3.54954e-05 4.25417e-05 5.31392e-05 6.78957e-05 8.76176e-05 0.000113324 0.00014626 0.000187914 0.000240028 0.000304609 0.000383933 0.000480547 0.000597253 0.000737096 0.000903324 0.00109935 0.0013287 0.00159493 0.00190155 0.00225191 0.00264913 0.00309595 0.00359462 0.00414679 0.00475338 0.00541445 0.00612915 0.00689559 0.00771079 0.00857066 0.00946997 0.0104024 0.0113605 0.0123359 0.0133194 0.014301 0.0152701 0.0162157 0.0171268 0.0179923 0.0188012 0.0195431 0.0202084 0.0207881 0.0212743 0.0216603 0.0219409 0.0221121 0.0221716 0.0221185 0.0219536 0.0216793 0.0212994 0.0208192 0.0202453 0.0195856 0.0188489 0.018045 0.0171841 0.0162772 0.0153353 0.0143695 0.0133907 0.0124094 0.0114357 0.0104786 0.0095467 0.0086473 0.00778676 0.00697034 0.00620216 0.00548522 0.00482146 0.00421181 0.00365623 0.00315389 0.00270321 0.002302 0.00194758 0.0016369 0.00136667 0.00113342 0.000933656 0.000763881 0.000620713 0.000500923 0.000401482 0.00031959 0.0002527 0.000198528 0.000155053 0.000120515 9.34068e-05 7.24573e-05 5.66223e-05 4.50681e-05 3.71584e-05 3.24512e-05 
3.97343e-05 4.10917e-05 4.61618e-05 5.52648e-05 6.89362e-05 8.79483e-05 0.000113324 0.000146353 0.000188609 0.000241967 0.000308619 0.000391083 0.000492207 0.000615166 0.000763448 0.000940824 0.00115131 0.0013991 0.00168852 0.00202389 0.00240946 0.00284929 0.00334709 0.00390609 0.00452889 0.00521735 0.00597238 0.00679388 0.00768057 0.00862993 0.0096381 0.0106999 0.0118087 0.0129567 0.0141347 0.0153323 0.0165383 0.0177404 0.0189258 0.0200813 0.0211934 0.0222487 0.0232342 0.0241374 0.0249466 0.0256512 0.0262418 0.0267104 0.0270507 0.0272581 0.0273297 0.0272647 0.0270638 0.0267299 0.0262677 0.0256834 0.0249849 0.0241815 0.023284 0.0223039 0.0212536 0.0201462 0.018995 0.0178133 0.0166146 0.0154114 0.0142159 0.0130396 0.0118926 0.0107841 0.00972205 0.00871297 0.00776211 0.00687334 0.00604923 0.00529111 0.00459915 0.00397249 0.00340937 0.00290725 0.00246297 0.0020729 0.00173305 0.00143924 0.0011872 0.000972645 0.00079143 0.000639565 0.000513298 0.000409153 0.000323957 0.000254856 0.00019932 0.00015514 0.000120417 9.3551e-05 7.32236e-05 5.83803e-05 4.8216e-05 4.21707e-05 
5.15836e-05 5.33549e-05 5.99041e-05 7.1638e-05 8.92368e-05 0.000113679 0.00014626 0.000188609 0.000242709 0.00031092 0.000395994 0.00050108 0.000629737 0.000785918 0.000973948 0.00119849 0.0014645 0.00177713 0.00214164 0.00256331 0.00304728 0.00359839 0.00422108 0.00491912 0.00569553 0.00655233 0.00749042 0.00850941 0.00960748 0.0107813 0.0120258 0.0133346 0.0146992 0.0161101 0.0175557 0.0190234 0.0204995 0.021969 0.0234164 0.0248256 0.0261805 0.027465 0.0286634 0.0297608 0.0307433 0.0315981 0.0323141 0.0328819 0.0332939 0.0335447 0.0336309 0.0335513 0.0333071 0.0329017 0.0323404 0.0316308 0.0307823 0.029806 0.0287145 0.0275219 0.0262429 0.0248932 0.0234888 0.0220458 0.0205803 0.0191077 0.0176428 0.0161994 0.0147903 0.0134265 0.012118 0.010873 0.0096981 0.00859824 0.00757682 0.00663571 0.00577538 0.004995 0.00429261 0.0036653 0.00310935 0.00262044 0.00219379 0.00182434 0.0015069 0.00123624 0.00100728 0.000815094 0.000655055 0.000522851 0.000414538 0.000326556 0.000255744 0.000199333 0.000154941 0.000120553 9.45081e-05 7.54757e-05 6.24385e-05 5.46889e-05 
6.66647e-05 6.89639e-05 7.73836e-05 9.24391e-05 0.00011499 0.000146271 0.000187914 0.000241967 0.00031092 0.000397729 0.000505829 0.000639149 0.000802109 0.000999606 0.00123699 0.00151999 0.00185469 0.00224738 0.00270446 0.00323232 0.00383712 0.00452466 0.00530015 0.00616801 0.00713167 0.00819332 0.00935375 0.0106122 0.011966 0.0134109 0.0149406 0.0165466 0.0182187 0.0199448 0.021711 0.0235018 0.0253004 0.0270887 0.028848 0.0305591 0.0322024 0.0337587 0.0352095 0.0365368 0.0377242 0.0387566 0.0396208 0.0403057 0.0408023 0.0411042 0.0412075 0.0411107 0.0408153 0.0403252 0.0396468 0.0387891 0.0377631 0.036582 0.0352609 0.0338163 0.0322658 0.0306282 0.0289226 0.0271684 0.0253848 0.0235904 0.0218033 0.0200401 0.0183164 0.016646 0.0150409 0.0135115 0.0120659 0.0107107 0.00945019 0.00828696 0.00722187 0.00625421 0.00538185 0.00460147 0.00390875 0.00329857 0.00276524 0.00230266 0.00190455 0.00156458 0.00127652 0.00103435 0.000832376 0.000665273 0.00052816 0.000416621 0.000326721 0.000255005 0.000198496 0.000154672 0.000121446 9.71483e-05 8.04986e-05 7.06067e-05 
8.56572e-05 8.86219e-05 9.93819e-05 0.000118586 0.000147313 0.000187113 0.000240028 0.000308619 0.000395994 0.000505829 0.000642394 0.000810554 0.00101577 0.00126407 0.00156202 0.00191665 0.00233534 0.00282575 0.0033956 0.00405256 0.00480399 0.00565675 0.00661696 0.0076897 0.00887881 0.0101866 0.0116137 0.0131587 0.0148182 0.0165864 0.0184553 0.0204144 0.0224511 0.0245505 0.0266955 0.0288674 0.0310458 0.033209 0.0353346 0.0373994 0.0393804 0.0412548 0.0430003 0.0445959 0.0460223 0.0472615 0.0482982 0.0491192 0.0497142 0.0500754 0.0501984 0.0500816 0.0497266 0.0491379 0.0483231 0.0472927 0.0460598 0.0446399 0.0430506 0.0413114 0.0394434 0.0374686 0.0354098 0.03329 0.0311322 0.0289589 0.0267916 0.0246505 0.0225545 0.0205204 0.0185631 0.0166952 0.0149272 0.013267 0.0117203 0.0102908 0.00897982 0.00778681 0.00670955 0.0057443 0.00488607 0.00412887 0.00346595 0.00289005 0.00239361 0.00196899 0.00160863 0.00130521 0.00105174 0.000841722 0.000669134 0.000528529 0.00041504 0.000324384 0.000252858 0.000197323 0.000155177 0.000124333 0.00010319 9.06343e-05 
0.000109352 0.000113148 0.000126808 0.000151142 0.000187498 0.000237807 0.000304609 0.000391083 0.00050108 0.000639149 0.000810554 0.00102128 0.00127803 0.00158818 0.00195972 0.0024012 0.00292156 0.00353001 0.00423581 0.00504811 0.00597561 0.00702636 0.00820746 0.0095247 0.0109823 0.0125827 0.0143261 0.0162103 0.0182308 0.0203801 0.022648 0.0250218 0.0274858 0.0300217 0.032609 0.0352249 0.0378452 0.0404438 0.0429941 0.0454686 0.04784 0.0500814 0.0521668 0.0540716 0.0557728 0.0572499 0.0584847 0.059462 0.0601697 0.060599 0.0607446 0.0606046 0.060181 0.059479 0.0585075 0.0572786 0.0558076 0.0541126 0.0522142 0.0501353 0.0479005 0.0455356 0.0430677 0.0405239 0.0379316 0.0353173 0.0327069 0.0301247 0.0275933 0.025133 0.0227622 0.0204962 0.018348 0.0163277 0.0144426 0.0126974 0.0110943 0.00963304 0.00831142 0.00712525 0.00606887 0.00513529 0.00431661 0.00360424 0.00298915 0.0024622 0.00201428 0.00163654 0.0013205 0.00105822 0.00084236 0.000666245 0.00052389 0.00041002 0.000320065 0.000250138 0.000197017 0.000158111 0.000131433 0.000115597 
0.000138658 0.000143482 0.000160702 0.000191326 0.000237022 0.000300178 0.000383933 0.000492207 0.000629737 0.000802109 0.00101577 0.00127803 0.00159705 0.00198179 0.00244193 0.00298775 0.00363001 0.00437969 0.00524784 0.00624523 0.0073821 0.0086678 0.0101104 0.0117166 0.0134908 0.0154353 0.01755 0.0198316 0.0222741 0.0248679 0.0276004 0.0304558 0.033415 0.0364559 0.0395538 0.0426815 0.04581 0.0489085 0.0519455 0.0548888 0.0577063 0.0603665 0.0628392 0.0650957 0.0671095 0.0688566 0.0703163 0.0714708 0.0723063 0.0728126 0.0729836 0.0728173 0.0723157 0.0714851 0.0703357 0.0688813 0.0671397 0.0651318 0.0628815 0.0604152 0.0577617 0.0549511 0.0520149 0.0489851 0.0458936 0.0427722 0.0396511 0.0365595 0.0335243 0.0305702 0.0277191 0.0249898 0.0223983 0.0199572 0.0176757 0.01556 0.0136134 0.0118361 0.010226 0.00877839 0.00748705 0.00634393 0.00533983 0.00446465 0.00370777 0.00305828 0.0025053 0.00203821 0.0016468 0.00132148 0.00105333 0.000834222 0.000656862 0.000514797 0.000402423 0.000314968 0.000248464 0.00019972 0.000166282 0.000146443 
0.000174601 0.000180686 0.000202242 0.000240509 0.000297542 0.000376271 0.000480547 0.000615166 0.000785918 0.000999606 0.00126407 0.00158818 0.00198179 0.0024557 0.00302154 0.00369161 0.00447871 0.00539587 0.00645612 0.00767207 0.00905561 0.0106175 0.012367 0.0143112 0.0164551 0.0188008 0.0213471 0.0240897 0.0270205 0.0301276 0.0333955 0.0368046 0.0403319 0.0439509 0.047632 0.0513432 0.0550499 0.0587161 0.0623048 0.0657786 0.0691 0.0722327 0.0751416 0.0777938 0.0801587 0.082209 0.0839207 0.0852738 0.0862524 0.0868449 0.0870443 0.0868483 0.0862594 0.0852845 0.0839354 0.0822279 0.0801824 0.0778226 0.0751762 0.0722734 0.0691474 0.065833 0.0623668 0.0587858 0.0551275 0.0514288 0.0477256 0.044052 0.0404402 0.0369195 0.0335161 0.0302532 0.0271499 0.0242218 0.0214806 0.0189345 0.0165878 0.0144416 0.0124939 0.0107399 0.00917253 0.00778272 0.00655987 0.00549225 0.00456739 0.00377246 0.00309455 0.002521 0.00203963 0.0016389 0.00130809 0.00103738 0.000817936 0.000641917 0.000502506 0.000393882 0.000311198 0.000250547 0.000208926 0.000184241 
0.000218329 0.000225947 0.000252738 0.000300218 0.000370895 0.000468346 0.000597253 0.000763448 0.000973948 0.00123699 0.00156202 0.00195972 0.00244193 0.00302154 0.00371241 0.00452915 0.00548687 0.00660092 0.00788648 0.00935822 0.0110298 0.0129135 0.0150197 0.0173561 0.0199278 0.0227364 0.0257799 0.0290521 0.0325427 0.0362369 0.0401155 0.0441549 0.0483274 0.0526015 0.0569422 0.0613115 0.0656692 0.0699733 0.0741808 0.0782482 0.0821327 0.0857924 0.0891872 0.0922795 0.0950345 0.0974212 0.0994124 0.100985 0.102122 0.10281 0.103041 0.102812 0.102126 0.100991 0.0994207 0.0974325 0.0950494 0.0922986 0.0892112 0.085822 0.0821687 0.0782913 0.0742315 0.0700323 0.065737 0.0613883 0.0570281 0.0526965 0.0484312 0.0442669 0.0402351 0.0363632 0.0326747 0.0291885 0.0259194 0.0228776 0.0200692 0.0174964 0.0151574 0.0130474 0.0111587 0.009481 0.00800236 0.00670922 0.00558712 0.00462103 0.00379581 0.0030965 0.00250863 0.00201847 0.00161321 0.00128109 0.00101146 0.000794892 0.000623142 0.000489163 0.000387076 0.000312134 0.000260687 0.000230184 
0.000271104 0.000280569 0.000313629 0.000372123 0.000459091 0.000578862 0.000737096 0.000940824 0.00119849 0.00151999 0.00191665 0.0024012 0.00298775 0.00369161 0.00452915 0.00551757 0.00667459 0.00801809 0.00956567 0.0113342 0.0133393 0.0155946 0.0181117 0.0208989 0.0239612 0.0272994 0.0309102 0.0347854 0.0389117 0.0432709 0.0478396 0.0525895 0.0574876 0.0624967 0.0675755 0.0726798 0.0777629 0.0827762 0.0876701 0.092395 0.0969018 0.101143 0.105073 0.108649 0.111833 0.114588 0.116886 0.1187 0.12001 0.120802 0.121067 0.120801 0.120009 0.1187 0.116886 0.11459 0.111836 0.108656 0.105083 0.101158 0.0969228 0.0924228 0.0877057 0.0828204 0.0778165 0.0727434 0.0676495 0.0625812 0.0575827 0.0526947 0.0479544 0.0433945 0.0390431 0.0349233 0.0310532 0.027446 0.0241097 0.0210477 0.0182592 0.0157393 0.0134796 0.011469 0.00969379 0.00813863 0.00678685 0.00562107 0.0046236 0.00377694 0.00306405 0.00246871 0.00197572 0.00157108 0.00124211 0.000977508 0.000767392 0.00060329 0.000478123 0.000386167 0.000323015 0.000285584 
0.000334292 0.000345968 0.000386473 0.000458027 0.000564289 0.000710458 0.000903324 0.00115131 0.0014645 0.00185469 0.00233534 0.00292156 0.00363001 0.00447871 0.00548687 0.00667459 0.00806246 0.00967114 0.0115208 0.0136308 0.0160186 0.0186995 0.021686 0.0249868 0.0286065 0.0325452 0.0367976 0.0413528 0.0461943 0.0512998 0.056641 0.0621842 0.0678904 0.0737158 0.0796125 0.0855293 0.0914123 0.0972058 0.102853 0.108298 0.113486 0.118361 0.122874 0.126977 0.130626 0.133782 0.136411 0.138485 0.139983 0.140887 0.141189 0.140884 0.139978 0.138478 0.136402 0.133772 0.130616 0.126968 0.122868 0.118359 0.113488 0.108307 0.102869 0.0972307 0.0914471 0.085575 0.0796698 0.0737851 0.067972 0.0622781 0.0567467 0.0514167 0.0463214 0.0414888 0.036941 0.0326945 0.0287599 0.0251423 0.0218418 0.0188539 0.0161697 0.0137772 0.011661 0.00980398 0.008187 0.00679012 0.00559292 0.00457503 0.00371657 0.00299851 0.00240297 0.00191342 0.00151483 0.00119379 0.000938517 0.000738912 0.000586511 0.000474461 0.000397475 0.00035186 
0.000409356 0.000423651 0.000472929 0.000559847 0.000688774 0.000865915 0.00109935 0.0013991 0.00177713 0.00224738 0.00282575 0.00353001 0.00437969 0.00539587 0.00660092 0.00801809 0.00967114 0.0115837 0.0137789 0.0162783 0.0191016 0.0222656 0.0257836 0.0296645 0.0339124 0.0385258 0.0434971 0.0488125 0.0544513 0.0603864 0.0665842 0.0730045 0.0796019 0.0863252 0.0931192 0.0999251 0.106681 0.113324 0.11979 0.126016 0.131939 0.137499 0.14264 0.147309 0.151457 0.155042 0.158026 0.16038 0.162077 0.163102 0.163443 0.163096 0.162067 0.160364 0.158007 0.155019 0.151431 0.147282 0.142614 0.137475 0.131919 0.126001 0.119782 0.113325 0.106692 0.0999478 0.0931547 0.0863742 0.079665 0.073082 0.0666759 0.0604919 0.0545696 0.0489425 0.0436374 0.0386745 0.0340677 0.0298243 0.0259458 0.0224281 0.0192624 0.0164354 0.0139307 0.0117287 0.00980798 0.00814588 0.00671894 0.00550369 0.0044771 0.00361702 0.00290258 0.00231438 0.00183477 0.00144793 0.00113993 0.000898819 0.000714535 0.000578937 0.000485734 0.000430525 
0.000497828 0.000515202 0.000574735 0.000679581 0.000834924 0.00104811 0.0013287 0.00168852 0.00214164 0.00270446 0.0033956 0.00423581 0.00524784 0.00645612 0.00788648 0.00956567 0.0115208 0.0137789 0.0163658 0.0193059 0.0226206 0.0263283 0.030443 0.0349735 0.0399229 0.0452877 0.0510577 0.057215 0.0637345 0.0705835 0.077722 0.0851031 0.0926737 0.100375 0.108144 0.115912 0.123611 0.13117 0.138515 0.145578 0.152287 0.158578 0.164388 0.169658 0.174336 0.178376 0.181737 0.184385 0.186294 0.187445 0.187827 0.187436 0.186277 0.18436 0.181704 0.178338 0.174293 0.169611 0.164339 0.15853 0.152241 0.145536 0.13848 0.131142 0.123594 0.115907 0.108152 0.100398 0.092713 0.0851589 0.0777944 0.0706724 0.0638392 0.0573345 0.0511905 0.045432 0.0400767 0.0351346 0.030609 0.0264969 0.0227893 0.0194725 0.0165283 0.0139354 0.0116698 0.00970573 0.00801668 0.00657578 0.00535655 0.00433344 0.00348221 0.00278033 0.00220717 0.00174423 0.00137516 0.00108589 0.000864575 0.000701601 0.000589533 0.000523167 
0.000601287 0.000622251 0.000693674 0.000819276 0.00100516 0.00125997 0.00159493 0.00202389 0.00256331 0.00323232 0.00405256 0.00504811 0.00624523 0.00767207 0.00935822 0.0113342 0.0136308 0.0162783 0.0193059 0.0227401 0.0266048 0.0309194 0.0356983 0.04095 0.046676 0.0528704 0.0595196 0.0666011 0.0740846 0.0819309 0.090093 0.0985165 0.10714 0.115896 0.124712 0.133513 0.14222 0.150754 0.159035 0.166984 0.174526 0.181588 0.188101 0.194003 0.199237 0.203753 0.207507 0.210462 0.212592 0.213876 0.214301 0.213864 0.212568 0.210427 0.207461 0.203698 0.199175 0.193934 0.188028 0.181512 0.174451 0.166911 0.158967 0.150694 0.14217 0.133475 0.124688 0.115888 0.10715 0.0985449 0.0901407 0.0819979 0.0741705 0.0667051 0.0596402 0.0530061 0.0468245 0.0411089 0.0358652 0.0310915 0.0267794 0.0229147 0.0194778 0.0164456 0.0137913 0.0114863 0.00950061 0.00780377 0.00636559 0.00515677 0.00414944 0.00331757 0.00263726 0.00208699 0.00164773 0.00130304 0.00103905 0.000844497 0.000710657 0.000631415 
0.000721324 0.000746442 0.000831541 0.000980982 0.0012019 0.0015044 0.00190155 0.00240946 0.00304728 0.00383712 0.00480399 0.00597561 0.0073821 0.00905561 0.0110298 0.0133393 0.0160186 0.0191016 0.0226206 0.0266048 0.0310798 0.0360661 0.0415782 0.0476236 0.054202 0.0613044 0.0689128 0.077 0.0855289 0.0944536 0.103719 0.113262 0.123013 0.132895 0.142827 0.152723 0.162497 0.17206 0.181323 0.190203 0.198614 0.20648 0.213725 0.220284 0.226093 0.231101 0.23526 0.238533 0.24089 0.24231 0.242779 0.242294 0.240859 0.238488 0.235201 0.231029 0.22601 0.220191 0.213625 0.206375 0.198507 0.190096 0.18122 0.171962 0.162409 0.152648 0.142766 0.132851 0.122988 0.113258 0.103736 0.094493 0.0855905 0.0770831 0.0690164 0.0614266 0.0543408 0.0477765 0.0417424 0.0362387 0.0312578 0.0267852 0.0228005 0.0192784 0.0161898 0.0135029 0.0111842 0.00919936 0.00751428 0.00609562 0.00491155 0.00393222 0.00313013 0.00248044 0.00196114 0.00155315 0.00124036 0.00100967 0.000850898 0.000756914 
0.000859509 0.000889389 0.000990097 0.0011667 0.00142749 0.00178418 0.00225191 0.00284929 0.00359839 0.00452466 0.00565675 0.00702636 0.0086678 0.0106175 0.0129135 0.0155946 0.0186995 0.0222656 0.0263283 0.0309194 0.0360661 0.0417896 0.0481041 0.0550158 0.0625218 0.0706093 0.0792554 0.0884267 0.0980793 0.108159 0.118603 0.129338 0.140285 0.151358 0.162465 0.173511 0.1844 0.195036 0.205322 0.215165 0.224476 0.233169 0.241168 0.248398 0.254797 0.260306 0.264879 0.268475 0.271063 0.272621 0.273135 0.272601 0.271025 0.268418 0.264805 0.260216 0.254692 0.24828 0.241039 0.233033 0.224335 0.215022 0.20518 0.194899 0.184271 0.173393 0.162361 0.151272 0.14022 0.129296 0.118584 0.108166 0.098111 0.0884835 0.0793365 0.0707131 0.0626463 0.0551585 0.048262 0.0419594 0.0362446 0.0311033 0.0265142 0.0224504 0.0188803 0.015769 0.0130794 0.0107731 0.0088118 0.0071579 0.00577529 0.00462997 0.00369055 0.00292856 0.00231869 0.00183898 0.00147085 0.00119911 0.00101201 0.000901278 
0.00101734 0.00105264 0.00117101 0.00137832 0.00168414 0.00210193 0.00264913 0.00334709 0.00422108 0.00530015 0.00661696 0.00820746 0.0101104 0.012367 0.0150197 0.0181117 0.021686 0.0257836 0.030443 0.0356983 0.0415782 0.0481041 0.0552897 0.0631389 0.0716455 0.0807925 0.0905511 0.100881 0.11173 0.123037 0.134727 0.146718 0.158922 0.17124 0.183572 0.195813 0.207858 0.219601 0.230937 0.241768 0.251996 0.261533 0.270295 0.278206 0.285199 0.291214 0.296203 0.300123 0.302942 0.304638 0.305197 0.304615 0.302897 0.300055 0.296114 0.291106 0.285072 0.278063 0.270138 0.261365 0.25182 0.241587 0.230755 0.219421 0.207685 0.19565 0.183423 0.171109 0.158812 0.146632 0.134667 0.123004 0.111727 0.100906 0.0906044 0.0808728 0.0717508 0.0632667 0.0554369 0.0482675 0.041754 0.0358828 0.0306325 0.0259745 0.0218749 0.0182958 0.0151963 0.012534 0.0102661 0.00835053 0.00674662 0.00541594 0.00432286 0.003435 0.00272346 0.00216313 0.00173268 0.0014147 0.00119566 0.00106604 
0.00119619 0.0012376 0.00137582 0.00161757 0.00197382 0.00245998 0.00309595 0.00390609 0.00491912 0.00616801 0.0076897 0.0095247 0.0117166 0.0143112 0.0173561 0.0208989 0.0249868 0.0296645 0.0349735 0.04095 0.0476236 0.0550158 0.0631389 0.0719941 0.0815713 0.091848 0.102789 0.114346 0.126459 0.139055 0.152051 0.165354 0.178864 0.192473 0.206069 0.219539 0.232767 0.245638 0.258043 0.269872 0.281027 0.29141 0.300937 0.309527 0.317112 0.32363 0.32903 0.33327 0.336318 0.338151 0.338755 0.338125 0.336266 0.333193 0.328928 0.323504 0.316964 0.30936 0.300752 0.291211 0.280815 0.269653 0.257819 0.245415 0.232547 0.219328 0.205872 0.192293 0.178705 0.16522 0.151944 0.138978 0.126414 0.114334 0.102809 0.0918994 0.0816523 0.0721023 0.0632712 0.0551687 0.0477931 0.041132 0.035164 0.0298594 0.0251822 0.0210914 0.0175425 0.014489 0.0118835 0.00967914 0.0078305 0.00629442 0.00503077 0.00400292 0.00317814 0.00252786 0.00202781 0.00165813 0.00140336 0.00125262 
0.00139726 0.00144552 0.00160585 0.00188592 0.00229822 0.00286026 0.00359462 0.00452889 0.00569553 0.00713167 0.00887881 0.0109823 0.0134908 0.0164551 0.0199278 0.0239612 0.0286065 0.0339124 0.0399229 0.046676 0.054202 0.0625218 0.0716455 0.0815713 0.092284 0.103755 0.115941 0.128787 0.142221 0.15616 0.170512 0.185172 0.200027 0.214959 0.229847 0.244566 0.258991 0.273001 0.286477 0.299306 0.311382 0.322606 0.332888 0.342147 0.350312 0.357321 0.363124 0.367676 0.370947 0.372913 0.37356 0.372884 0.370889 0.36759 0.363009 0.35718 0.350145 0.341957 0.332676 0.322376 0.311137 0.29905 0.286213 0.272734 0.258725 0.244306 0.229599 0.214727 0.199816 0.184986 0.170356 0.156036 0.142131 0.128732 0.115923 0.103772 0.0923358 0.0816551 0.0717584 0.06266 0.0543614 0.0468523 0.0401115 0.0341088 0.0288064 0.0241604 0.0201228 0.0166428 0.0136684 0.0111478 0.00903063 0.00726872 0.00581718 0.00463485 0.0036849 0.00293506 0.00235789 0.00193085 0.00163642 0.00146224 
0.00162153 0.00167738 0.00186216 0.00218454 0.00265863 0.00330423 0.00414679 0.00521735 0.00655233 0.00819332 0.0101866 0.0125827 0.0154353 0.0188008 0.0227364 0.0272994 0.0325452 0.0385258 0.0452877 0.0528704 0.0613044 0.0706093 0.0807925 0.091848 0.103755 0.116478 0.129965 0.144151 0.158954 0.174282 0.190027 0.206075 0.222302 0.238578 0.25477 0.270745 0.28637 0.301514 0.316052 0.329867 0.342848 0.354894 0.365911 0.375819 0.384545 0.392028 0.398216 0.403068 0.406551 0.408644 0.409332 0.408612 0.406488 0.402973 0.39809 0.391873 0.384361 0.375608 0.365676 0.354636 0.342571 0.329575 0.315748 0.301203 0.286057 0.270436 0.25447 0.238293 0.222037 0.205835 0.189817 0.174105 0.158814 0.14405 0.129904 0.116456 0.103773 0.0919027 0.0808813 0.0707286 0.0614499 0.0530375 0.0454714 0.0387211 0.0327473 0.0275037 0.0229386 0.0189973 0.0156229 0.0127588 0.0103492 0.00834091 0.006684 0.00533255 0.00424533 0.00338615 0.00272416 0.002234 0.00189588 0.00169589 
0.00186968 0.0019339 0.00214548 0.00251419 0.00305588 0.00379277 0.00475338 0.00597238 0.00749042 0.00935375 0.0116137 0.0143261 0.01755 0.0213471 0.0257799 0.0309102 0.0367976 0.0434971 0.0510577 0.0595196 0.0689128 0.0792554 0.0905511 0.102789 0.115941 0.129965 0.144799 0.160367 0.176578 0.193324 0.210489 0.227945 0.245556 0.263182 0.280678 0.297902 0.314713 0.330972 0.346551 0.361327 0.375184 0.388021 0.399744 0.410271 0.41953 0.427461 0.434013 0.439146 0.44283 0.445041 0.445769 0.445008 0.442762 0.439045 0.433879 0.427294 0.419332 0.410043 0.399488 0.387739 0.374879 0.361001 0.346211 0.330621 0.314355 0.297545 0.280327 0.262843 0.245236 0.227649 0.210223 0.193093 0.176384 0.160216 0.144691 0.129901 0.115921 0.10281 0.0906115 0.0793516 0.0690405 0.0596738 0.0512332 0.0436886 0.0369995 0.0311175 0.0259877 0.0215512 0.0177466 0.014512 0.0117866 0.00951166 0.00763202 0.00609684 0.00486025 0.00388193 0.00312741 0.0025683 0.00218246 0.00195426 
0.00214206 0.00221541 0.00245614 0.00287518 0.00349024 0.00432608 0.00541445 0.00679388 0.00850941 0.0106122 0.0131587 0.0162103 0.0198316 0.0240897 0.0290521 0.0347854 0.0413528 0.0488125 0.057215 0.0666011 0.077 0.0884267 0.100881 0.114346 0.128787 0.144151 0.160367 0.177349 0.194991 0.213176 0.231774 0.250643 0.269637 0.288603 0.307388 0.32584 0.34381 0.361154 0.377738 0.393435 0.408129 0.421717 0.434105 0.445212 0.454968 0.463315 0.470204 0.475597 0.479464 0.481785 0.482549 0.48175 0.479394 0.475492 0.470065 0.463141 0.454761 0.444971 0.433832 0.421415 0.4078 0.393081 0.377364 0.360765 0.343411 0.325437 0.306988 0.288212 0.269261 0.25029 0.23145 0.212887 0.194742 0.177143 0.160208 0.144039 0.128723 0.114329 0.100909 0.0884957 0.0771059 0.0667389 0.0573791 0.0489971 0.041552 0.0349935 0.0292638 0.0242999 0.0200361 0.0164054 0.0133414 0.01078 0.00866074 0.00692751 0.00552967 0.00442253 0.00356785 0.00293405 0.00249645 0.00223767 
0.0024386 0.00252184 0.00279403 0.00326732 0.00396136 0.0049036 0.00612915 0.00768057 0.00960748 0.011966 0.0148182 0.0182308 0.0222741 0.0270205 0.0325427 0.0389117 0.0461943 0.0544513 0.0637345 0.0740846 0.0855289 0.0980793 0.11173 0.126459 0.142221 0.158954 0.176578 0.194991 0.214078 0.233708 0.253736 0.274011 0.294372 0.314656 0.334702 0.354346 0.373435 0.391819 0.409359 0.425928 0.441408 0.455696 0.4687 0.480341 0.490551 0.499276 0.506469 0.512095 0.516128 0.518547 0.519343 0.518512 0.516057 0.511989 0.506327 0.499098 0.490338 0.480091 0.468416 0.455379 0.44106 0.425551 0.408958 0.391397 0.372998 0.353901 0.334255 0.314215 0.293943 0.273602 0.253355 0.233361 0.213771 0.194729 0.176365 0.158792 0.142111 0.1264 0.111722 0.0981174 0.0856094 0.0742025 0.063884 0.0546262 0.0463883 0.0391185 0.0327563 0.0272354 0.0224853 0.018434 0.0150099 0.0121434 0.00976823 0.0078232 0.00625263 0.00500733 0.00404507 0.00333098 0.00283772 0.00254604 
0.0027588 0.00285266 0.00315853 0.00368981 0.00446819 0.00552391 0.00689559 0.00862993 0.0107813 0.0134109 0.0165864 0.0203801 0.0248679 0.0301276 0.0362369 0.0432709 0.0512998 0.0603864 0.0705835 0.0819309 0.0944536 0.108159 0.123037 0.139055 0.15616 0.174282 0.193324 0.213176 0.233708 0.254774 0.276219 0.297876 0.319575 0.341142 0.362405 0.383194 0.403349 0.422716 0.441154 0.458533 0.474739 0.489667 0.50323 0.515351 0.525967 0.535027 0.542488 0.548318 0.552494 0.555 0.555824 0.554965 0.552425 0.548213 0.542347 0.534849 0.525752 0.515098 0.50294 0.489341 0.474377 0.458139 0.44073 0.422267 0.40288 0.382712 0.361916 0.340654 0.319096 0.297414 0.275781 0.254369 0.233343 0.212857 0.193056 0.174067 0.156001 0.138951 0.122988 0.108163 0.0945053 0.0820255 0.0707152 0.0605487 0.0514859 0.043474 0.0364505 0.0303455 0.0250844 0.0205904 0.0167864 0.0135971 0.010951 0.0087813 0.00702718 0.00563485 0.00455799 0.00375826 0.00320562 0.00287883 
0.00310169 0.00320686 0.00354847 0.00414124 0.00500895 0.00618472 0.00771079 0.0096381 0.0120258 0.0149406 0.0184553 0.022648 0.0276004 0.0333955 0.0401155 0.0478396 0.056641 0.0665842 0.077722 0.090093 0.103719 0.118603 0.134727 0.152051 0.170512 0.190027 0.210489 0.231774 0.253736 0.276219 0.299052 0.322057 0.345052 0.367852 0.390276 0.41215 0.433307 0.45359 0.472856 0.490977 0.507839 0.523341 0.537399 0.549941 0.56091 0.570257 0.577946 0.58395 0.588247 0.590824 0.591673 0.590791 0.58818 0.583848 0.577809 0.570083 0.560698 0.549691 0.537109 0.523012 0.507471 0.490573 0.472418 0.453121 0.432812 0.411636 0.38975 0.367321 0.344525 0.321543 0.29856 0.275758 0.253313 0.231397 0.210164 0.189758 0.170302 0.1519 0.134636 0.118569 0.103739 0.0901614 0.077833 0.0667311 0.0568167 0.0480368 0.0403271 0.0336146 0.0278209 0.0228644 0.0186626 0.0151349 0.0122041 0.00979786 0.00785026 0.00630272 0.00510475 0.00421445 0.00359895 0.003235 
0.00346575 0.00358286 0.0039621 0.00461952 0.00558107 0.00688282 0.00857066 0.0106999 0.0133346 0.0165466 0.0204144 0.0250218 0.0304558 0.0368046 0.0441549 0.0525895 0.0621842 0.0730045 0.0851031 0.0985165 0.113262 0.129338 0.146718 0.165354 0.185172 0.206075 0.227945 0.250643 0.274011 0.297876 0.322057 0.346362 0.370598 0.39457 0.418091 0.440979 0.463064 0.484186 0.504205 0.522991 0.540433 0.556437 0.570922 0.583822 0.595086 0.604671 0.612547 0.618691 0.623085 0.62572 0.626589 0.625689 0.623023 0.618596 0.612418 0.604506 0.594883 0.58358 0.570639 0.556112 0.540067 0.522583 0.503758 0.483704 0.46255 0.44044 0.417534 0.394003 0.370028 0.345801 0.321514 0.297361 0.273532 0.250209 0.227563 0.205751 0.184909 0.165154 0.146583 0.129265 0.113248 0.0985559 0.0851908 0.0731335 0.0623471 0.0527787 0.0443626 0.0370234 0.0306789 0.0252429 0.0206281 0.0167484 0.0135208 0.0108676 0.0087177 0.00700768 0.00568275 0.00469742 0.00401593 0.00361298 
0.00384897 0.00397858 0.00439708 0.00512192 0.00618122 0.00761402 0.00946997 0.0118087 0.0146992 0.0182187 0.0224511 0.0274858 0.033415 0.0403319 0.0483274 0.0574876 0.0678904 0.0796019 0.0926737 0.10714 0.123013 0.140285 0.158922 0.178864 0.200027 0.222302 0.245556 0.269637 0.294372 0.319575 0.345052 0.370598 0.396009 0.421084 0.445626 0.469449 0.49238 0.51426 0.534947 0.554316 0.57226 0.588689 0.60353 0.616723 0.628223 0.637996 0.646016 0.652265 0.656733 0.65941 0.660294 0.659383 0.656677 0.652179 0.645898 0.637844 0.628035 0.616495 0.60326 0.588376 0.571902 0.553913 0.534501 0.513772 0.491855 0.468892 0.445044 0.420485 0.395403 0.369994 0.344461 0.319009 0.293839 0.269147 0.245118 0.221922 0.199711 0.178614 0.15874 0.14017 0.122962 0.107148 0.0927357 0.0797106 0.0680383 0.0576666 0.0485293 0.0405486 0.0336391 0.0277104 0.0226702 0.0184271 0.0148927 0.0119839 0.00962423 0.00774548 0.00628858 0.00520439 0.00445421 0.00401064 
0.00424878 0.00439136 0.00485049 0.00564501 0.00680524 0.00837324 0.0104024 0.0129567 0.0161101 0.0199448 0.0245505 0.0300217 0.0364559 0.0439509 0.0526015 0.0624967 0.0737158 0.0863252 0.100375 0.115896 0.132895 0.151358 0.17124 0.192473 0.214959 0.238578 0.263182 0.288603 0.314656 0.341142 0.367852 0.39457 0.421084 0.447182 0.472663 0.497336 0.521027 0.543577 0.564846 0.584713 0.603077 0.619854 0.634978 0.648398 0.660076 0.669984 0.678106 0.684428 0.688944 0.69165 0.692545 0.691627 0.688896 0.684354 0.678003 0.66985 0.659906 0.64819 0.634728 0.619559 0.602734 0.584322 0.564407 0.543091 0.520498 0.496769 0.472064 0.446559 0.420447 0.39393 0.367219 0.340529 0.314073 0.288061 0.262689 0.238144 0.21459 0.192172 0.171011 0.151199 0.132806 0.115871 0.100409 0.0864118 0.0738468 0.0626636 0.0527958 0.044164 0.0366797 0.0302486 0.024774 0.020159 0.0163102 0.0131388 0.0105634 0.00851098 0.00691807 0.00573189 0.00491081 0.00442533 
0.0046621 0.004818 0.00531879 0.0061847 0.00744824 0.00915448 0.0113605 0.0141347 0.0175557 0.021711 0.0266955 0.032609 0.0395538 0.047632 0.0569422 0.0675755 0.0796125 0.0931192 0.108144 0.124712 0.142827 0.162465 0.183572 0.206069 0.229847 0.25477 0.280678 0.307388 0.334702 0.362405 0.390276 0.418091 0.445626 0.472663 0.498995 0.524429 0.548789 0.571919 0.593682 0.613963 0.632665 0.649713 0.66505 0.678631 0.690429 0.700424 0.708605 0.714967 0.719508 0.722229 0.72313 0.722211 0.71947 0.714906 0.708519 0.70031 0.690282 0.678447 0.664824 0.649442 0.632344 0.613591 0.593258 0.571444 0.548264 0.523859 0.498386 0.472023 0.444965 0.417421 0.389607 0.361749 0.334072 0.306796 0.280134 0.254284 0.229426 0.205719 0.183295 0.162262 0.142698 0.124653 0.108149 0.093182 0.0797249 0.0677288 0.0571274 0.0478401 0.0397759 0.0328371 0.0269223 0.0219301 0.0177617 0.0143231 0.0115279 0.00929815 0.00756628 0.00627582 0.0053822 0.00485382 
0.00508533 0.0052548 0.00579792 0.00673629 0.00810461 0.00995091 0.0123359 0.0153323 0.0190234 0.0235018 0.0288674 0.0352249 0.0426815 0.0513432 0.0613115 0.0726798 0.0855293 0.0999251 0.115912 0.133513 0.152723 0.173511 0.195813 0.219539 0.244566 0.270745 0.297902 0.32584 0.354346 0.383194 0.41215 0.440979 0.469449 0.497336 0.524429 0.550533 0.575472 0.599093 0.621263 0.641872 0.660833 0.678078 0.693558 0.707239 0.719102 0.729135 0.737337 0.743709 0.748254 0.750976 0.751879 0.750963 0.748226 0.743664 0.737272 0.729046 0.718982 0.707084 0.693362 0.677836 0.66054 0.641525 0.62086 0.598634 0.574958 0.549967 0.523818 0.496687 0.468771 0.440284 0.41145 0.382501 0.353674 0.325202 0.297309 0.270209 0.244094 0.219139 0.19549 0.173265 0.152555 0.133419 0.115887 0.0999628 0.0856218 0.0728181 0.0614862 0.0515448 0.0429008 0.0354531 0.0290966 0.023725 0.0192346 0.0155265 0.0125092 0.0101001 0.00822757 0.00683144 0.00586428 0.00529242 
0.00551444 0.0056976 0.00628331 0.00729453 0.0087681 0.010755 0.0133194 0.0165383 0.0204995 0.0253004 0.0310458 0.0378452 0.04581 0.0550499 0.0656692 0.0777629 0.0914123 0.106681 0.123611 0.14222 0.162497 0.1844 0.207858 0.232767 0.258991 0.28637 0.314713 0.34381 0.373435 0.403349 0.433307 0.463064 0.49238 0.521027 0.548789 0.575472 0.600901 0.624925 0.647417 0.668275 0.687419 0.70479 0.720349 0.734073 0.74595 0.755979 0.764166 0.770518 0.775047 0.777759 0.77866 0.777752 0.775031 0.770491 0.764123 0.755916 0.74586 0.733951 0.720188 0.704583 0.68716 0.66796 0.647042 0.624489 0.600405 0.574918 0.548183 0.520375 0.491692 0.46235 0.432581 0.402624 0.372726 0.34313 0.314075 0.285786 0.258472 0.232319 0.207488 0.184111 0.162289 0.14209 0.123556 0.106693 0.0914839 0.0778851 0.0658323 0.055244 0.0460253 0.0380724 0.0312763 0.0255267 0.020715 0.0167376 0.013498 0.0109093 0.00889565 0.00739347 0.00635246 0.00573692 
0.00594499 0.00614182 0.00676994 0.00785367 0.00943191 0.0115584 0.014301 0.0177404 0.021969 0.0270887 0.033209 0.0404438 0.0489085 0.0587161 0.0699733 0.0827762 0.0972058 0.113324 0.13117 0.150754 0.17206 0.195036 0.219601 0.245638 0.273001 0.301514 0.330972 0.361154 0.391819 0.422716 0.45359 0.484186 0.51426 0.543577 0.571919 0.599093 0.624925 0.649269 0.672004 0.693036 0.712293 0.729726 0.745307 0.75902 0.770866 0.780852 0.788992 0.795301 0.799795 0.802486 0.803382 0.802486 0.799792 0.795292 0.788973 0.780817 0.770809 0.758933 0.745182 0.729557 0.712071 0.692757 0.671663 0.648862 0.624452 0.598556 0.571323 0.542927 0.513567 0.483461 0.452844 0.421965 0.391077 0.360437 0.330293 0.300886 0.272437 0.245146 0.219187 0.194705 0.171812 0.150589 0.131083 0.11331 0.0972559 0.0828815 0.0701239 0.0589018 0.0491189 0.0406691 0.0334401 0.0273175 0.0221883 0.0179442 0.0144843 0.0117175 0.00956371 0.00795615 0.00684172 0.00618276 
0.00637223 0.00658253 0.00725246 0.00840757 0.0100888 0.0123526 0.0152701 0.0189258 0.0234164 0.028848 0.0353346 0.0429941 0.0519455 0.0623048 0.0741808 0.0876701 0.102853 0.11979 0.138515 0.159035 0.181323 0.205322 0.230937 0.258043 0.286477 0.316052 0.346551 0.377738 0.409359 0.441154 0.472856 0.504205 0.534947 0.564846 0.593682 0.621263 0.647417 0.672004 0.69491 0.716048 0.735355 0.752794 0.768344 0.782002 0.793777 0.803687 0.811753 0.817998 0.822443 0.825104 0.825992 0.82511 0.822453 0.818009 0.811759 0.803683 0.793755 0.781953 0.768259 0.752665 0.735175 0.715808 0.694606 0.671631 0.646973 0.620749 0.593102 0.564205 0.534255 0.503472 0.472097 0.440382 0.40859 0.376988 0.345835 0.315384 0.285871 0.257507 0.230481 0.20495 0.181038 0.158835 0.138398 0.11975 0.102882 0.0877581 0.0743184 0.0624814 0.0521503 0.0432167 0.0355655 0.0290785 0.0236387 0.0191335 0.0154577 0.0125159 0.0102245 0.00851332 0.00732668 0.00662499 
