2.57915e-11 2.70294e-11 4.08165e-11 7.28766e-11 1.35802e-10 2.53119e-10 4.66372e-10 8.46826e-10 1.51416e-09 2.66554e-09 4.61985e-09 7.8834e-09 1.32454e-08 2.19132e-08 3.57004e-08 5.72795e-08 9.05157e-08 1.40893e-07 2.16041e-07 3.26372e-07 4.85807e-07 7.12585e-07 1.03009e-06 1.46768e-06 2.06132e-06 2.85404e-06 3.89599e-06 5.24396e-06 6.96021e-06 9.11056e-06 1.17615e-05 1.49767e-05 1.88121e-05 2.33115e-05 2.85008e-05 3.43828e-05 4.09334e-05 4.80972e-05 5.57871e-05 6.38832e-05 7.22365e-05 8.06721e-05 8.89968e-05 9.70058e-05 0.000104492 0.000111254 0.000117106 0.000121884 0.000125453 0.000127711 0.000128592 0.000128074 0.00012617 0.000122936 0.000118466 0.000112886 0.000106356 9.90555e-05 9.11837e-05 8.29461e-05 7.45479e-05 6.61849e-05 5.80356e-05 5.02544e-05 4.29673e-05 3.62688e-05 3.02211e-05 2.48558e-05 2.01766e-05 1.61636e-05 1.27781e-05 9.96789e-06 7.67227e-06 5.8264e-06 4.36521e-06 3.22634e-06 2.35227e-06 1.69163e-06 1.19986e-06 8.39336e-07 5.79006e-07 3.93857e-07 2.64162e-07 1.7468e-07 1.13875e-07 7.31792e-08 4.63552e-08 2.89422e-08 1.781e-08 1.08013e-08 6.45581e-09 3.80255e-09 2.2072e-09 1.26257e-09 7.11766e-10 3.95552e-10 2.16915e-10 1.17835e-10 6.43507e-11 3.72536e-11 
2.70294e-11 2.83682e-11 4.30681e-11 7.73218e-11 1.4478e-10 2.71024e-10 5.01385e-10 9.13892e-10 1.64004e-09 2.89715e-09 5.03781e-09 8.6234e-09 1.45313e-08 2.41071e-08 3.93764e-08 6.33303e-08 1.00303e-07 1.56453e-07 2.40363e-07 3.63758e-07 5.42334e-07 7.96675e-07 1.1532e-06 1.64507e-06 2.31296e-06 3.20556e-06 4.37962e-06 5.89941e-06 7.83541e-06 1.02621e-05 1.32548e-05 1.68853e-05 2.12172e-05 2.62997e-05 3.2162e-05 3.88071e-05 4.62072e-05 5.42998e-05 6.29855e-05 7.21289e-05 8.15609e-05 9.1084e-05 0.00010048 0.000109516 0.000117961 0.000125587 0.000132184 0.000137568 0.000141587 0.000144126 0.000145115 0.000144523 0.00014237 0.000138718 0.00013367 0.000127372 0.000120001 0.000111761 0.000102875 9.35757e-05 8.40948e-05 7.46534e-05 6.54529e-05 5.66683e-05 4.84418e-05 4.08802e-05 3.40541e-05 2.79991e-05 2.27195e-05 1.81928e-05 1.4375e-05 1.12073e-05 8.62065e-06 6.54186e-06 4.89726e-06 3.6163e-06 2.63393e-06 1.89207e-06 1.34039e-06 9.36379e-07 6.44999e-07 4.38045e-07 2.93289e-07 1.93576e-07 1.25937e-07 8.07554e-08 5.10355e-08 3.17855e-08 1.95082e-08 1.17982e-08 7.03091e-09 4.12845e-09 2.38857e-09 1.36165e-09 7.64883e-10 4.23483e-10 2.3132e-10 1.25133e-10 6.80225e-11 3.9185e-11 
4.08165e-11 4.30681e-11 6.5648e-11 1.18068e-10 2.21219e-10 4.14201e-10 7.66227e-10 1.39633e-09 2.50487e-09 4.42257e-09 7.68511e-09 1.3144e-08 2.21273e-08 3.66678e-08 5.98178e-08 9.60732e-08 1.5193e-07 2.36594e-07 3.62849e-07 5.48109e-07 8.156e-07 1.19567e-06 1.72712e-06 2.45849e-06 3.44905e-06 4.76946e-06 6.5017e-06 8.73821e-06 1.15799e-05 1.51326e-05 1.9503e-05 2.47919e-05 3.10873e-05 3.84562e-05 4.69364e-05 5.65281e-05 6.71872e-05 7.88202e-05 9.12819e-05 0.000104376 0.00011786 0.000131452 0.000144841 0.000157701 0.0001697 0.000180522 0.000189872 0.000197492 0.000203171 0.000206749 0.000208126 0.000207265 0.00020419 0.000198989 0.000191809 0.000182851 0.000172364 0.000160635 0.000147979 0.000134722 0.000121193 0.000107704 9.45432e-05 8.19597e-05 7.01581e-05 5.92932e-05 4.94687e-05 4.07386e-05 3.31123e-05 2.65608e-05 2.10245e-05 1.64213e-05 1.26547e-05 9.62107e-06 7.21586e-06 5.33839e-06 3.89539e-06 2.80332e-06 1.98946e-06 1.39219e-06 9.60547e-07 6.53368e-07 4.381e-07 2.89552e-07 1.88616e-07 1.21086e-07 7.66023e-08 4.77517e-08 2.93299e-08 1.77494e-08 1.05825e-08 6.21609e-09 3.59714e-09 2.05074e-09 1.15188e-09 6.37603e-10 3.48155e-10 1.88254e-10 1.02302e-10 5.89636e-11 
7.28766e-11 7.73218e-11 1.18068e-10 2.12144e-10 3.96749e-10 7.41278e-10 1.3682e-09 2.4875e-09 4.45144e-09 7.83957e-09 1.35872e-08 2.31757e-08 3.89063e-08 6.42872e-08 1.04564e-07 1.67429e-07 2.63948e-07 4.09724e-07 6.2633e-07 9.42992e-07 1.3985e-06 2.04328e-06 2.94144e-06 4.17273e-06 5.83401e-06 8.04004e-06 1.09232e-05 1.46318e-05 1.93265e-05 2.51749e-05 3.23439e-05 4.099e-05 5.12473e-05 6.32156e-05 7.69465e-05 9.24315e-05 0.000109592 0.00012827 0.000148228 0.000169149 0.000190646 0.000212268 0.000233527 0.000253907 0.000272893 0.000289987 0.000304734 0.000316734 0.000325659 0.000331265 0.000333398 0.000332001 0.000327113 0.000318869 0.000307499 0.000293316 0.000276705 0.000258115 0.000238036 0.00021698 0.000195461 0.000173974 0.000152972 0.000132854 0.000113947 9.65031e-05 8.06919e-05 6.66073e-05 5.42712e-05 4.36447e-05 3.46391e-05 2.7129e-05 2.0965e-05 1.59849e-05 1.20238e-05 8.92157e-06 6.52937e-06 4.71288e-06 3.35459e-06 2.35444e-06 1.62923e-06 1.11142e-06 7.47361e-07 4.95332e-07 3.23544e-07 2.08259e-07 1.32091e-07 8.25478e-08 5.0825e-08 3.08293e-08 1.84223e-08 1.08444e-08 6.28845e-09 3.59216e-09 2.02148e-09 1.12099e-09 6.13181e-10 3.3216e-10 1.809e-10 1.04621e-10 
1.35802e-10 1.4478e-10 2.21219e-10 3.96749e-10 7.40093e-10 1.37898e-09 2.53807e-09 4.60115e-09 8.20969e-09 1.4415e-08 2.49069e-08 4.23506e-08 7.08693e-08 1.1672e-07 1.89217e-07 3.01954e-07 4.7439e-07 7.3383e-07 1.11783e-06 1.67699e-06 2.47812e-06 3.60758e-06 5.17455e-06 7.31404e-06 1.0189e-05 1.39915e-05 1.89414e-05 2.52834e-05 3.32809e-05 4.32063e-05 5.53282e-05 6.98953e-05 8.71176e-05 0.000107146 0.00013005 0.000155802 0.000184256 0.000215142 0.000248059 0.00028248 0.000317766 0.000353183 0.000387935 0.00042119 0.000452116 0.000479919 0.000503866 0.000523323 0.000537768 0.000546814 0.000550218 0.000547892 0.000539898 0.000526454 0.000507925 0.000484811 0.00045773 0.000427398 0.000394603 0.000360169 0.000324928 0.00028968 0.000255165 0.000222036 0.000190835 0.000161979 0.00013576 0.000112342 9.17748e-05 7.40057e-05 5.89012e-05 4.62653e-05 3.58604e-05 2.74258e-05 2.06938e-05 1.54032e-05 1.13091e-05 8.18905e-06 5.84767e-06 4.11741e-06 2.85829e-06 1.95605e-06 1.31945e-06 8.77213e-07 5.74735e-07 3.71057e-07 2.3604e-07 1.47935e-07 9.13413e-08 5.55584e-08 3.32889e-08 1.96472e-08 1.14222e-08 6.54099e-09 3.6899e-09 2.05107e-09 1.1246e-09 6.10693e-10 3.33556e-10 1.93699e-10 
2.53119e-10 2.71024e-10 4.14201e-10 7.41278e-10 1.37898e-09 2.56201e-09 4.70163e-09 8.49791e-09 1.51165e-08 2.64602e-08 4.55753e-08 7.72459e-08 1.28841e-07 2.11495e-07 3.41701e-07 5.43422e-07 8.50786e-07 1.31144e-06 1.99058e-06 2.97558e-06 4.38116e-06 6.35476e-06 9.08174e-06 1.27899e-05 1.77526e-05 2.42897e-05 3.27654e-05 4.35819e-05 5.71687e-05 7.39666e-05 9.44057e-05 0.000118879 0.000147712 0.00018113 0.000219223 0.000261919 0.000308958 0.000359875 0.000413998 0.000470454 0.000528195 0.000586027 0.00064266 0.000696753 0.000746974 0.000792052 0.000830822 0.000862274 0.000885585 0.000900143 0.000905567 0.000901715 0.000888693 0.000866847 0.000836755 0.000799212 0.000755205 0.000705875 0.000652481 0.000596346 0.000538808 0.00048116 0.000424606 0.00037021 0.000318865 0.000271266 0.000227905 0.000189072 0.000154868 0.000125229 9.99567e-05 7.87463e-05 6.12225e-05 4.69683e-05 3.55517e-05 2.65475e-05 1.95544e-05 1.42058e-05 1.01773e-05 7.18932e-06 5.00702e-06 3.43758e-06 2.32624e-06 1.55145e-06 1.01965e-06 6.60321e-07 4.21318e-07 2.64838e-07 1.63997e-07 1.00036e-07 6.01056e-08 3.55715e-08 2.07353e-08 1.19053e-08 6.73325e-09 3.7522e-09 2.0625e-09 1.12294e-09 6.15215e-10 3.58765e-10 
4.66372e-10 5.01385e-10 7.66227e-10 1.3682e-09 2.53807e-09 4.70163e-09 8.60239e-09 1.55012e-08 2.74894e-08 4.79671e-08 8.23558e-08 1.39133e-07 2.313e-07 3.7841e-07 6.09296e-07 9.65642e-07 1.50652e-06 2.31398e-06 3.49968e-06 5.21248e-06 7.6467e-06 1.10506e-05 1.57346e-05 2.20775e-05 3.05315e-05 4.16217e-05 5.59421e-05 7.41441e-05 9.69175e-05 0.000124964 0.00015896 0.000199516 0.000247127 0.000302118 0.000364596 0.000434402 0.000511078 0.000593839 0.000681574 0.000772862 0.000866007 0.000959096 0.00105007 0.0011368 0.00121719 0.00128923 0.0013511 0.00140122 0.0014383 0.0014614 0.00146992 0.00146365 0.00144275 0.00140777 0.00135962 0.00129952 0.00122904 0.00114997 0.00106428 0.000974072 0.000881461 0.00078851 0.000697143 0.000609074 0.000525751 0.000448315 0.000377587 0.000314066 0.000257953 0.000209179 0.000167456 0.000132322 0.000103196 7.94209e-05 6.03101e-05 4.51827e-05 3.33905e-05 2.43377e-05 1.74938e-05 1.23987e-05 8.66361e-06 5.96748e-06 4.05134e-06 2.71062e-06 1.78712e-06 1.16093e-06 7.42999e-07 4.68449e-07 2.90937e-07 1.7798e-07 1.07241e-07 6.36438e-08 3.72002e-08 2.14158e-08 1.21438e-08 6.7848e-09 3.73907e-09 2.04124e-09 1.1218e-09 6.56961e-10 
8.46826e-10 9.13892e-10 1.39633e-09 2.4875e-09 4.60115e-09 8.49791e-09 1.55012e-08 2.78467e-08 4.92283e-08 8.56273e-08 1.46541e-07 2.46755e-07 4.08846e-07 6.66609e-07 1.06964e-06 1.68929e-06 2.62616e-06 4.01922e-06 6.0566e-06 8.98767e-06 1.31361e-05 1.8913e-05 2.68288e-05 3.75033e-05 5.16704e-05 7.01774e-05 9.39752e-05 0.000124099 0.000161634 0.000207676 0.000263269 0.000329337 0.000406611 0.000495547 0.000596248 0.000708395 0.000831194 0.000963349 0.00110306 0.00124805 0.00139563 0.00154279 0.0016863 0.00182287 0.00194922 0.00206227 0.00215921 0.00223763 0.00229556 0.00233155 0.0023447 0.00233469 0.00230178 0.0022468 0.00217114 0.00207671 0.00196588 0.00184142 0.00170638 0.00156402 0.00141761 0.0012704 0.0011254 0.000985312 0.000852453 0.000728661 0.000615278 0.000513152 0.000422657 0.000343746 0.000276017 0.000218787 0.000171174 0.000132167 0.000100697 7.56919e-05 5.61257e-05 4.10475e-05 2.96047e-05 2.10532e-05 1.47603e-05 1.02007e-05 6.94814e-06 4.66392e-06 3.08481e-06 2.01026e-06 1.29057e-06 8.16171e-07 5.08414e-07 3.11937e-07 1.88499e-07 1.12183e-07 6.57537e-08 3.79567e-08 2.15809e-08 1.20891e-08 6.67977e-09 3.65663e-09 2.01595e-09 1.18566e-09 
1.51416e-09 1.64004e-09 2.50487e-09 4.45144e-09 8.20969e-09 1.51165e-08 2.74894e-08 4.92283e-08 8.67513e-08 1.50408e-07 2.56562e-07 4.30577e-07 7.11003e-07 1.15528e-06 1.84728e-06 2.90707e-06 4.50304e-06 6.86657e-06 1.03091e-05 1.52411e-05 2.21922e-05 3.18306e-05 4.49813e-05 6.26385e-05 8.5972e-05 0.000116322 0.000155182 0.000204162 0.000264938 0.000339181 0.000428462 0.00053415 0.000657295 0.000798503 0.000957825 0.00113466 0.00132766 0.00153473 0.00175302 0.00197893 0.00220831 0.0024365 0.00265855 0.00286944 0.0030642 0.00323817 0.00338713 0.00350744 0.00359617 0.00365116 0.00367108 0.00365544 0.00360464 0.00351993 0.00340338 0.00325788 0.00308699 0.00289488 0.00268617 0.0024658 0.00223878 0.00201005 0.00178426 0.00156562 0.00135772 0.00116348 0.000985053 0.00082385 0.000680546 0.000555166 0.000447178 0.000355602 0.000279133 0.000216247 0.000165317 0.000124693 9.278e-05 6.80899e-05 4.92786e-05 3.51651e-05 2.47387e-05 1.71548e-05 1.17242e-05 7.89593e-06 5.2396e-06 3.42546e-06 2.20608e-06 1.39949e-06 8.74438e-07 5.38117e-07 3.26131e-07 1.94653e-07 1.14414e-07 6.62294e-08 3.77582e-08 2.1208e-08 1.17499e-08 6.45013e-09 3.56756e-09 2.1073e-09 
2.66554e-09 2.89715e-09 4.42257e-09 7.83957e-09 1.4415e-08 2.64602e-08 4.79671e-08 8.56273e-08 1.50408e-07 2.59922e-07 4.41891e-07 7.39097e-07 1.21626e-06 1.96934e-06 3.13779e-06 4.92016e-06 7.59345e-06 1.15362e-05 1.72549e-05 2.54131e-05 3.68617e-05 5.26676e-05 7.41385e-05 0.00010284 0.000140601 0.000189499 0.000251831 0.000330054 0.000426696 0.000544249 0.000685024 0.000850992 0.00104361 0.00126363 0.00151097 0.00178453 0.0020821 0.00240035 0.00273482 0.00308002 0.00342958 0.00377648 0.00411331 0.00443253 0.0047268 0.00498921 0.00521354 0.00539446 0.00552767 0.00561003 0.0056396 0.00561567 0.00553885 0.00541095 0.00523504 0.00501533 0.00475707 0.00446642 0.00415022 0.0038158 0.00347064 0.00312216 0.00277736 0.00244264 0.00212351 0.00182449 0.00154898 0.00129925 0.00107651 0.000880938 0.000711883 0.000567985 0.00044736 0.000347774 0.000266798 0.000201947 0.000150795 0.00011106 8.06623e-05 5.77636e-05 4.07792e-05 2.83761e-05 1.94597e-05 1.315e-05 8.75519e-06 5.7426e-06 3.71031e-06 2.36119e-06 1.47993e-06 9.13506e-07 5.55297e-07 3.32406e-07 1.95946e-07 1.13745e-07 6.50277e-08 3.66249e-08 2.0347e-08 1.12015e-08 6.21597e-09 3.68772e-09 
4.61985e-09 5.03781e-09 7.68511e-09 1.35872e-08 2.49069e-08 4.55753e-08 8.23558e-08 1.46541e-07 2.56562e-07 4.41891e-07 7.48714e-07 1.24798e-06 2.0465e-06 3.30189e-06 5.242e-06 8.18957e-06 1.25923e-05 1.90586e-05 2.83977e-05 4.16631e-05 6.0197e-05 8.56713e-05 0.000120121 0.000165964 0.000226002 0.000303396 0.000401605 0.000524295 0.0006752 0.000857949 0.00107586 0.00133168 0.00162735 0.00196377 0.00234049 0.00275562 0.00320562 0.0036853 0.00418785 0.00470499 0.00522723 0.00574418 0.00624495 0.00671853 0.00715424 0.0075421 0.00787314 0.00813973 0.0083357 0.00845658 0.00849959 0.00846378 0.00834998 0.00816083 0.0079007 0.00757563 0.0071932 0.00676228 0.00629279 0.00579535 0.00528093 0.0047604 0.00424413 0.00374161 0.00326114 0.00280957 0.00239218 0.00201257 0.00167277 0.00137334 0.00111351 0.000891481 0.000704617 0.000549714 0.000423237 0.000321522 0.000240957 0.00017811 0.00012983 9.33091e-05 6.61089e-05 4.61648e-05 3.17696e-05 2.15425e-05 1.43917e-05 9.4712e-06 6.13948e-06 3.9197e-06 2.46454e-06 1.52601e-06 9.30453e-07 5.58645e-07 3.30276e-07 1.92276e-07 1.10235e-07 6.22605e-08 3.46858e-08 1.91511e-08 1.06631e-08 6.35401e-09 
7.8834e-09 8.6234e-09 1.3144e-08 2.31757e-08 4.23506e-08 7.72459e-08 1.39133e-07 2.46755e-07 4.30577e-07 7.39097e-07 1.24798e-06 2.0729e-06 3.3872e-06 5.44532e-06 8.6132e-06 1.34064e-05 2.0536e-05 3.09625e-05 4.59561e-05 6.71594e-05 9.66512e-05 0.000137003 0.000191321 0.00026327 0.000357059 0.000477396 0.000629387 0.000818382 0.00104977 0.00132871 0.00165983 0.00204687 0.00249229 0.002997 0.00355994 0.00417789 0.00484531 0.00555428 0.00629463 0.00705414 0.00781895 0.00857401 0.00930364 0.00999213 0.0106243 0.011186 0.0116646 0.0120495 0.0123319 0.0125057 0.0125671 0.0125146 0.0123495 0.0120755 0.0116987 0.0112276 0.0106727 0.0100467 0.00936361 0.00863848 0.00788699 0.00712479 0.00636687 0.00562709 0.00491764 0.00424873 0.00362835 0.00306214 0.00255343 0.00210341 0.00171137 0.00137499 0.0010907 0.000854042 0.000659979 0.000503237 0.000378546 0.000280855 0.000205485 0.000148227 0.000105402 7.38702e-05 5.10173e-05 3.4716e-05 2.32727e-05 1.5368e-05 9.99533e-06 6.40244e-06 4.03859e-06 2.50856e-06 1.53431e-06 9.24013e-07 5.47922e-07 3.19921e-07 1.83947e-07 1.04189e-07 5.82106e-08 3.22357e-08 1.801e-08 1.07798e-08 
1.32454e-08 1.45313e-08 2.21273e-08 3.89063e-08 7.08693e-08 1.28841e-07 2.313e-07 4.08846e-07 7.11003e-07 1.21626e-06 2.0465e-06 3.3872e-06 5.51485e-06 8.8333e-06 1.39202e-05 2.15849e-05 3.29373e-05 4.94675e-05 7.31331e-05 0.00010645 0.000152579 0.000215401 0.000299572 0.000410534 0.00055449 0.000738309 0.000969366 0.0012553 0.00160372 0.00202177 0.00251572 0.00309046 0.00374899 0.00449195 0.00531721 0.00621951 0.00719033 0.00821787 0.00928722 0.0103807 0.0114786 0.0125594 0.0136012 0.014582 0.0154806 0.0162775 0.0169555 0.0174997 0.0178986 0.0181434 0.0182292 0.018154 0.0179195 0.0175308 0.0169961 0.0163272 0.0155387 0.0146477 0.0136737 0.0126378 0.0115619 0.0104678 0.009377 0.0083091 0.00728175 0.00630986 0.00540526 0.00457656 0.00382913 0.00316526 0.00258453 0.00208412 0.00165936 0.00130421 0.00101169 0.000774361 0.000584718 0.000435477 0.000319822 0.000231575 0.000165284 0.000116265 8.0589e-05 5.50356e-05 3.70248e-05 2.45341e-05 1.60114e-05 1.02904e-05 6.51243e-06 4.05826e-06 2.49002e-06 1.50424e-06 8.94715e-07 5.23974e-07 3.02162e-07 1.71646e-07 9.61787e-08 5.34236e-08 2.99518e-08 1.80081e-08 
2.19132e-08 2.41071e-08 3.66678e-08 6.42872e-08 1.1672e-07 2.11495e-07 3.7841e-07 6.66609e-07 1.15528e-06 1.96934e-06 3.30189e-06 5.44532e-06 8.8333e-06 1.40959e-05 2.21297e-05 3.4183e-05 5.19584e-05 7.77268e-05 0.000114453 0.000165919 0.000236845 0.000332983 0.000461172 0.000629345 0.000846457 0.00112233 0.00146738 0.00189229 0.00240751 0.0030227 0.0037461 0.00458386 0.00553936 0.00661255 0.00779947 0.00909181 0.0104768 0.0119371 0.0134514 0.0149948 0.0165394 0.0180557 0.0195133 0.0208822 0.0221337 0.0232414 0.0241821 0.0249361 0.0254877 0.0258256 0.025943 0.0258376 0.0255115 0.0249714 0.0242285 0.0232984 0.0222005 0.0209581 0.0195976 0.0181474 0.0166376 0.0150984 0.0135592 0.0120476 0.0105886 0.00920351 0.00790947 0.00671935 0.00564157 0.00468025 0.00383566 0.00310466 0.00248137 0.00195783 0.00152463 0.00117154 0.000888089 0.000663996 0.000489543 0.000355829 0.000254936 0.000180004 0.000125232 8.58361e-05 5.79535e-05 3.85382e-05 2.52382e-05 1.62758e-05 1.0335e-05 6.4615e-06 3.97739e-06 2.41041e-06 1.43816e-06 8.44811e-07 4.88645e-07 2.78405e-07 1.56464e-07 8.71792e-08 4.90502e-08 2.96247e-08 
3.57004e-08 3.93764e-08 5.98178e-08 1.04564e-07 1.89217e-07 3.41701e-07 6.09296e-07 1.06964e-06 1.84728e-06 3.13779e-06 5.242e-06 8.6132e-06 1.39202e-05 2.21297e-05 3.46088e-05 5.32512e-05 8.06224e-05 0.000120124 0.000176164 0.000254331 0.000361542 0.000506161 0.000698052 0.000948549 0.00127032 0.00167712 0.00218336 0.0028036 0.00355187 0.00444084 0.00548102 0.00667976 0.00804046 0.00956167 0.0112365 0.0130522 0.01499 0.0170252 0.0191277 0.021263 0.023393 0.0254777 0.027476 0.029348 0.0310555 0.0325638 0.0338423 0.0348653 0.0356126 0.0360695 0.0362271 0.0360824 0.0356384 0.0349036 0.0338927 0.0326258 0.0311287 0.0294316 0.0275696 0.0255803 0.023504 0.0213812 0.019252 0.0171542 0.0151222 0.0131858 0.0113696 0.00969246 0.0081671 0.00680058 0.00559454 0.00454588 0.00364754 0.00288938 0.00225904 0.00174282 0.00132644 0.000995691 0.000736998 0.000537797 0.000386805 0.00027416 0.000191461 0.000131719 8.92578e-05 5.95691e-05 3.91493e-05 2.53347e-05 1.61423e-05 1.01262e-05 6.25371e-06 3.80217e-06 2.27576e-06 1.341e-06 7.78026e-07 4.44622e-07 2.50635e-07 1.40092e-07 7.91051e-08 4.79952e-08 
5.72795e-08 6.33303e-08 9.60732e-08 1.67429e-07 3.01954e-07 5.43422e-07 9.65642e-07 1.68929e-06 2.90707e-06 4.92016e-06 8.18957e-06 1.34064e-05 2.15849e-05 3.4183e-05 5.32512e-05 8.16117e-05 0.000123065 0.000182616 0.000266707 0.000383442 0.000542779 0.000756654 0.00103902 0.00140576 0.00187444 0.00246389 0.00319363 0.00408305 0.00515047 0.00641205 0.00788064 0.00956458 0.0114665 0.0135826 0.0159015 0.0184041 0.0210633 0.0238446 0.0267068 0.0296029 0.0324819 0.0352906 0.0379751 0.0404832 0.0427655 0.0447772 0.0464792 0.0478388 0.0488303 0.0494353 0.0496426 0.0494485 0.0488565 0.0478778 0.0465307 0.0448409 0.042841 0.0405703 0.0380733 0.0353995 0.0326011 0.0297316 0.0268441 0.0239891 0.0212135 0.018558 0.0160571 0.0137377 0.0116187 0.00971167 0.00802061 0.00654314 0.00527129 0.00419262 0.00329139 0.00254967 0.00194845 0.00146856 0.0010914 0.000799595 0.000577376 0.000410833 0.000288011 0.000198894 0.000135282 9.06159e-05 5.97684e-05 3.88151e-05 2.48175e-05 1.56214e-05 9.6798e-06 5.90458e-06 3.54556e-06 2.09588e-06 1.21979e-06 6.99226e-07 3.95374e-07 2.21705e-07 1.25647e-07 7.65841e-08 
9.05157e-08 1.00303e-07 1.5193e-07 2.63948e-07 4.7439e-07 8.50786e-07 1.50652e-06 2.62616e-06 4.50304e-06 7.59345e-06 1.25923e-05 2.0536e-05 3.29373e-05 5.19584e-05 8.06224e-05 0.000123065 0.000184819 0.000273121 0.000397221 0.000568663 0.000801519 0.00111251 0.001521 0.00204881 0.00271978 0.0035592 0.00459286 0.00584594 0.00734175 0.00910022 0.0111364 0.0134589 0.0160687 0.0189577 0.0221082 0.0254921 0.0290716 0.0327994 0.0366197 0.0404704 0.0442846 0.0479931 0.0515269 0.0548191 0.0578075 0.0604357 0.0626549 0.0644247 0.0657133 0.066498 0.0667652 0.0665103 0.0657378 0.0644613 0.0627035 0.060496 0.0578796 0.0549032 0.0516229 0.0481013 0.0444049 0.0406026 0.0367633 0.0329535 0.0292347 0.0256624 0.0222833 0.0191351 0.0162456 0.0136325 0.011304 0.00925939 0.0074904 0.00598246 0.00471613 0.00366863 0.00281526 0.00213068 0.00159 0.00116964 0.000847983 0.000605783 0.000426346 0.000295561 0.000201795 0.000135674 8.98163e-05 5.85392e-05 3.75613e-05 2.37252e-05 1.47515e-05 9.02844e-06 5.4392e-06 3.22565e-06 1.88327e-06 1.08294e-06 6.14269e-07 3.45576e-07 1.96577e-07 1.2037e-07 
1.40893e-07 1.56453e-07 2.36594e-07 4.09724e-07 7.3383e-07 1.31144e-06 2.31398e-06 4.01922e-06 6.86657e-06 1.15362e-05 1.90586e-05 3.09625e-05 4.94675e-05 7.77268e-05 0.000120124 0.000182616 0.000273121 0.000401924 0.000582069 0.000829714 0.00116438 0.00160907 0.00219013 0.00293694 0.00388125 0.00505622 0.00649515 0.00822996 0.0102894 0.0126971 0.0154698 0.0186154 0.0221311 0.0260027 0.0302032 0.0346929 0.0394195 0.0443196 0.0493198 0.0543394 0.0592925 0.0640915 0.0686497 0.0728838 0.076717 0.0800804 0.0829146 0.0851708 0.0868109 0.0878078 0.0881453 0.0878179 0.0868311 0.085201 0.0829549 0.080131 0.0767784 0.0729565 0.0687345 0.0641894 0.0594041 0.0544653 0.0494603 0.0444742 0.0395873 0.0348722 0.0303918 0.0261977 0.0223294 0.0188135 0.0156643 0.0128848 0.0104673 0.00839569 0.00664682 0.00519258 0.00400169 0.00304142 0.00227915 0.00168355 0.00122558 0.000879073 0.000621153 0.000432302 0.000296296 0.000199967 0.000132872 8.69195e-05 5.59722e-05 3.54793e-05 2.21364e-05 1.35944e-05 8.21737e-06 4.8892e-06 2.86373e-06 1.65199e-06 9.40035e-07 5.306e-07 3.0296e-07 1.86371e-07 
2.16041e-07 2.40363e-07 3.62849e-07 6.2633e-07 1.11783e-06 1.99058e-06 3.49968e-06 6.0566e-06 1.03091e-05 1.72549e-05 2.83977e-05 4.59561e-05 7.31331e-05 0.000114453 0.000176164 0.000266707 0.000397221 0.000582069 0.000839333 0.00119123 0.00166434 0.00228972 0.00310255 0.00414163 0.0054483 0.00706512 0.00903408 0.0113945 0.0141807 0.0174197 0.0211286 0.0253126 0.0299633 0.0350568 0.0405539 0.0463991 0.0525225 0.0588405 0.0652586 0.0716741 0.0779795 0.0840661 0.0898276 0.095163 0.0999799 0.104196 0.107741 0.110559 0.112603 0.113843 0.114261 0.11385 0.112616 0.110578 0.107768 0.10423 0.100022 0.0952145 0.0898902 0.0841418 0.07807 0.0717811 0.0653833 0.0589834 0.0526834 0.0465768 0.0407464 0.0352614 0.0301763 0.0255303 0.0213467 0.0176341 0.0143876 0.0115903 0.00921599 0.00723101 0.00559677 0.00427207 0.00321502 0.00238489 0.00174338 0.00125562 0.000890822 0.000622458 0.000428303 0.000290173 0.000193544 0.00012708 8.21335e-05 5.22494e-05 3.27147e-05 2.01603e-05 1.22276e-05 7.29945e-06 4.28947e-06 2.48245e-06 1.41716e-06 8.02601e-07 4.60005e-07 2.84294e-07 
3.26372e-07 3.63758e-07 5.48109e-07 9.42992e-07 1.67699e-06 2.97558e-06 5.21248e-06 8.98767e-06 1.52411e-05 2.54131e-05 4.16631e-05 6.71594e-05 0.00010645 0.000165919 0.000254331 0.000383442 0.000568663 0.000829714 0.00119123 0.00168319 0.00234121 0.00320637 0.0043248 0.00574666 0.00752472 0.00971234 0.0123611 0.0155182 0.019223 0.0235047 0.028379 0.033846 0.0398877 0.0464676 0.0535296 0.0609988 0.0687828 0.0767744 0.0848542 0.0928946 0.100764 0.108331 0.115468 0.122055 0.127986 0.133163 0.137507 0.140952 0.143448 0.14496 0.145466 0.144961 0.14345 0.140956 0.137513 0.133172 0.127999 0.122075 0.115496 0.108371 0.100819 0.092968 0.084948 0.0768905 0.0689221 0.0611609 0.0537132 0.0466701 0.0401057 0.034075 0.0286144 0.0237414 0.019456 0.0157429 0.0125736 0.00990917 0.00770352 0.00590593 0.00446392 0.00332553 0.0024413 0.00176564 0.00125782 0.000882463 0.000609631 0.000414642 0.00027763 0.000182981 0.000118702 7.57879e-05 4.76226e-05 2.94502e-05 1.79236e-05 1.07359e-05 6.32978e-06 3.67522e-06 2.10494e-06 1.19617e-06 6.88204e-07 4.27299e-07 
4.85807e-07 5.42334e-07 8.156e-07 1.3985e-06 2.47812e-06 4.38116e-06 7.6467e-06 1.31361e-05 2.21922e-05 3.68617e-05 6.0197e-05 9.66512e-05 0.000152579 0.000236845 0.000361542 0.000542779 0.000801519 0.00116438 0.00166434 0.00234121 0.00324174 0.00441939 0.00593342 0.00784742 0.0102273 0.0131383 0.0166424 0.020794 0.0256368 0.0312001 0.0374953 0.0445136 0.0522238 0.0605717 0.0694797 0.0788487 0.0885599 0.0984782 0.108456 0.118339 0.127969 0.13719 0.145855 0.153826 0.160979 0.167207 0.17242 0.176547 0.179532 0.181337 0.181939 0.181331 0.179521 0.176531 0.1724 0.167184 0.160954 0.153803 0.145838 0.137182 0.127974 0.118363 0.108503 0.0985504 0.0886604 0.0789784 0.0696382 0.0607572 0.0524331 0.0447424 0.0377383 0.0314514 0.0258905 0.0210441 0.0168836 0.0133659 0.0104374 0.00803753 0.00610185 0.00456558 0.00336606 0.0024448 0.00174893 0.00123206 0.00085459 0.000583564 0.000392262 0.000259525 0.000168991 0.000108295 6.82956e-05 4.23846e-05 2.58854e-05 1.55578e-05 9.20347e-06 5.3614e-06 3.08082e-06 1.75674e-06 1.01461e-06 6.32879e-07 
7.12585e-07 7.96675e-07 1.19567e-06 2.04328e-06 3.60758e-06 6.35476e-06 1.10506e-05 1.8913e-05 3.18306e-05 5.26676e-05 8.56713e-05 0.000137003 0.000215401 0.000332983 0.000506161 0.000756654 0.00111251 0.00160907 0.00228972 0.00320637 0.00441939 0.005997 0.00801387 0.010549 0.0136829 0.0174936 0.022053 0.0274222 0.0336469 0.0407535 0.0487452 0.0575998 0.0672676 0.0776712 0.0887069 0.100246 0.112139 0.124219 0.136309 0.148224 0.15978 0.170798 0.18111 0.190562 0.199016 0.206357 0.212486 0.217328 0.220824 0.222935 0.223636 0.222921 0.220798 0.217289 0.212435 0.206295 0.198947 0.190488 0.181036 0.170729 0.159722 0.148183 0.136291 0.12423 0.112182 0.100324 0.0888218 0.0778219 0.0674516 0.0578131 0.0489825 0.0410084 0.0339125 0.0276913 0.0223187 0.0177496 0.0139238 0.0107707 0.00821341 0.0061727 0.00457081 0.0033341 0.00239522 0.0016944 0.0011801 0.000809089 0.000546009 0.000362649 0.000237042 0.000152472 9.65079e-05 6.01083e-05 3.68388e-05 2.22174e-05 1.31875e-05 7.70782e-06 4.44387e-06 2.54273e-06 1.47423e-06 9.23809e-07 
1.03009e-06 1.1532e-06 1.72712e-06 2.94144e-06 5.17455e-06 9.08174e-06 1.57346e-05 2.68288e-05 4.49813e-05 7.41385e-05 0.000120121 0.000191321 0.000299572 0.000461172 0.000698052 0.00103902 0.001521 0.00219013 0.00310255 0.0043248 0.00593342 0.00801387 0.0106585 0.0139634 0.0180246 0.0229332 0.0287702 0.0356011 0.0434706 0.052398 0.0623734 0.0733551 0.0852693 0.0980096 0.11144 0.125397 0.139698 0.154141 0.168516 0.18261 0.196212 0.209122 0.221153 0.232139 0.241931 0.250408 0.257468 0.263033 0.267045 0.269463 0.270264 0.269441 0.267002 0.26297 0.257385 0.250306 0.241813 0.232008 0.221015 0.208983 0.196079 0.182491 0.168419 0.154073 0.139666 0.125406 0.111492 0.0981058 0.0854089 0.0735351 0.0625886 0.0526422 0.043736 0.0358795 0.0290532 0.0232128 0.0182936 0.0142158 0.0108897 0.00822071 0.00611426 0.00447939 0.00323181 0.00229586 0.00160564 0.00110533 0.000748914 0.00049937 0.000327665 0.000211559 0.000134402 8.40133e-05 5.1672e-05 3.12713e-05 1.86246e-05 1.09222e-05 6.31811e-06 3.62765e-06 2.1114e-06 1.32913e-06 
1.46768e-06 1.64507e-06 2.45849e-06 4.17273e-06 7.31404e-06 1.27899e-05 2.20775e-05 3.75033e-05 6.26385e-05 0.00010284 0.000165964 0.00026327 0.000410534 0.000629345 0.000948549 0.00140576 0.00204881 0.00293694 0.00414163 0.00574666 0.00784742 0.010549 0.0139634 0.018205 0.0233859 0.0296094 0.0369637 0.0455156 0.0553043 0.0663365 0.0785829 0.0919761 0.106411 0.121746 0.137807 0.154393 0.171282 0.188237 0.205015 0.221374 0.237082 0.251918 0.265683 0.2782 0.289318 0.298911 0.306879 0.313146 0.317655 0.320369 0.321266 0.320339 0.317596 0.313058 0.306763 0.298767 0.289149 0.27801 0.265478 0.251704 0.236868 0.221169 0.204827 0.188077 0.171159 0.154314 0.137776 0.121768 0.106486 0.0921027 0.0787573 0.0665527 0.0555545 0.0457908 0.0372541 0.0299053 0.0236782 0.0184855 0.0142253 0.0107875 0.00805922 0.00593033 0.0042972 0.00306574 0.00215305 0.00148828 0.00101245 0.000677769 0.00044645 0.000289349 0.000184506 0.000115753 7.14466e-05 4.33892e-05 2.593e-05 1.52573e-05 8.85535e-06 5.10207e-06 2.98101e-06 1.88504e-06 
2.06132e-06 2.31296e-06 3.44905e-06 5.83401e-06 1.0189e-05 1.77526e-05 3.05315e-05 5.16704e-05 8.5972e-05 0.000140601 0.000226002 0.000357059 0.00055449 0.000846457 0.00127032 0.00187444 0.00271978 0.00388125 0.0054483 0.00752472 0.0102273 0.0136829 0.0180246 0.0233859 0.0298944 0.0376637 0.0467862 0.0573253 0.0693091 0.0827251 0.0975173 0.113585 0.130785 0.148934 0.167815 0.187185 0.206781 0.226329 0.245558 0.264198 0.281998 0.298725 0.314171 0.328156 0.340529 0.35117 0.359983 0.366897 0.371863 0.374848 0.375833 0.374812 0.371791 0.366789 0.359838 0.350989 0.340315 0.327911 0.313901 0.298437 0.281701 0.263902 0.245274 0.226069 0.206554 0.187002 0.167685 0.148862 0.130775 0.113638 0.0976307 0.0828942 0.0695266 0.0575818 0.0470711 0.0379657 0.0302023 0.0236893 0.0183144 0.013952 0.0104705 0.00773892 0.00563229 0.00403552 0.00284611 0.00197551 0.00134938 0.000906919 0.000599724 0.000390172 0.000249727 0.000157242 9.74014e-05 5.93577e-05 3.55939e-05 2.10137e-05 1.22371e-05 7.07487e-06 4.14954e-06 2.63569e-06 
2.85404e-06 3.20556e-06 4.76946e-06 8.04004e-06 1.39915e-05 2.42897e-05 4.16217e-05 7.01774e-05 0.000116322 0.000189499 0.000303396 0.000477396 0.000738309 0.00112233 0.00167712 0.00246389 0.0035592 0.00505622 0.00706512 0.00971234 0.0131383 0.0174936 0.0229332 0.0296094 0.0376637 0.0472171 0.0583616 0.0711516 0.0855969 0.101658 0.119244 0.138214 0.158378 0.179506 0.201333 0.223572 0.245918 0.268064 0.289709 0.310565 0.330366 0.348872 0.365875 0.3812 0.394703 0.406274 0.415828 0.423305 0.428665 0.431882 0.432942 0.431841 0.428583 0.423181 0.415661 0.406064 0.394451 0.380908 0.365549 0.348518 0.329992 0.310182 0.289329 0.2677 0.245582 0.223277 0.201091 0.179325 0.158265 0.138174 0.119276 0.10176 0.0857627 0.0713722 0.058626 0.0475127 0.0379774 0.0299286 0.0232463 0.0177908 0.0134122 0.00995761 0.00727898 0.00523796 0.00370986 0.00258579 0.00177344 0.0011967 0.000794449 0.000518836 0.000333319 0.000210642 0.000130945 8.0077e-05 4.81815e-05 2.854e-05 1.66752e-05 9.67384e-06 5.69548e-06 3.63356e-06 
3.89599e-06 4.37962e-06 6.5017e-06 1.09232e-05 1.89414e-05 3.27654e-05 5.59421e-05 9.39752e-05 0.000155182 0.000251831 0.000401605 0.000629387 0.000969366 0.00146738 0.00218336 0.00319363 0.00459286 0.00649515 0.00903408 0.0123611 0.0166424 0.022053 0.0287702 0.0369637 0.0467862 0.0583616 0.0717759 0.087067 0.104218 0.123155 0.143743 0.165792 0.189059 0.213263 0.238088 0.263199 0.288255 0.312916 0.336858 0.35978 0.381409 0.401509 0.419877 0.436352 0.450806 0.463143 0.473297 0.481223 0.486893 0.490291 0.491411 0.490248 0.486806 0.48109 0.473118 0.462916 0.450529 0.436028 0.419509 0.401101 0.380971 0.359321 0.33639 0.312452 0.28781 0.262789 0.237726 0.212962 0.18883 0.165641 0.143675 0.12317 0.104313 0.0872331 0.0720028 0.0586362 0.0470937 0.0372895 0.0290999 0.0223741 0.0169446 0.0126369 0.00927842 0.00670579 0.00476972 0.00333842 0.002299 0.00155755 0.00103805 0.000680518 0.00043882 0.000278323 0.000173632 0.000106549 6.43258e-05 3.82291e-05 2.24099e-05 1.3045e-05 7.70912e-06 4.93943e-06 
5.24396e-06 5.89941e-06 8.73821e-06 1.46318e-05 2.52834e-05 4.35819e-05 7.41441e-05 0.000124099 0.000204162 0.000330054 0.000524295 0.000818382 0.0012553 0.00189229 0.0028036 0.00408305 0.00584594 0.00822996 0.0113945 0.0155182 0.020794 0.0274222 0.0356011 0.0455156 0.0573253 0.0711516 0.087067 0.105085 0.125153 0.147152 0.170897 0.196138 0.222578 0.249876 0.277666 0.305568 0.333204 0.360209 0.386244 0.411001 0.434212 0.455649 0.475131 0.492513 0.507691 0.520594 0.531177 0.539414 0.545294 0.548814 0.549973 0.548772 0.545208 0.539282 0.530997 0.520363 0.507407 0.492174 0.474739 0.455209 0.433728 0.410483 0.385703 0.359659 0.33266 0.305047 0.277184 0.24945 0.222222 0.195864 0.170713 0.147063 0.125158 0.105178 0.0872388 0.0713892 0.057613 0.0458367 0.0359388 0.0277612 0.0211209 0.0158225 0.0116689 0.00847019 0.00605042 0.00425248 0.00294043 0.00200007 0.00133817 0.000880605 0.000569949 0.000362798 0.000227128 0.000139854 8.47149e-05 5.05113e-05 2.97061e-05 1.73502e-05 1.02913e-05 6.62175e-06 
6.96021e-06 7.83541e-06 1.15799e-05 1.93265e-05 3.32809e-05 5.71687e-05 9.69175e-05 0.000161634 0.000264938 0.000426696 0.0006752 0.00104977 0.00160372 0.00240751 0.00355187 0.00515047 0.00734175 0.0102894 0.0141807 0.019223 0.0256368 0.0336469 0.0434706 0.0553043 0.0693091 0.0855969 0.104218 0.125153 0.148304 0.173499 0.20049 0.228968 0.25857 0.288898 0.319534 0.350057 0.380058 0.409154 0.436999 0.463289 0.487769 0.510233 0.530525 0.54853 0.564174 0.577415 0.588234 0.596629 0.60261 0.606185 0.607363 0.606147 0.602532 0.596508 0.588066 0.577196 0.5639 0.548198 0.530133 0.509783 0.487264 0.462736 0.436408 0.408537 0.379431 0.349437 0.31894 0.288349 0.258085 0.228564 0.20018 0.173291 0.148203 0.125156 0.104318 0.085781 0.0695621 0.0556081 0.0438063 0.0339961 0.0259831 0.0195528 0.0144839 0.0105591 0.00757462 0.0053459 0.00371151 0.00253457 0.00170235 0.00112448 0.000730463 0.000466634 0.00029315 0.000181117 0.000110071 6.58414e-05 3.88459e-05 2.27632e-05 1.35511e-05 8.75507e-06 
9.11056e-06 1.02621e-05 1.51326e-05 2.51749e-05 4.32063e-05 7.39666e-05 0.000124964 0.000207676 0.000339181 0.000544249 0.000857949 0.00132871 0.00202177 0.0030227 0.00444084 0.00641205 0.00910022 0.0126971 0.0174197 0.0235047 0.0312001 0.0407535 0.052398 0.0663365 0.0827251 0.101658 0.123155 0.147152 0.173499 0.201959 0.232218 0.263897 0.29657 0.32978 0.36306 0.395952 0.428026 0.458888 0.488195 0.515658 0.541048 0.564188 0.584955 0.603274 0.619106 0.632442 0.643296 0.651691 0.657658 0.66122 0.662395 0.661189 0.657593 0.65159 0.643152 0.632251 0.61886 0.602969 0.584587 0.563754 0.540549 0.515098 0.48758 0.458229 0.427338 0.395253 0.362368 0.329119 0.295961 0.263362 0.231775 0.201622 0.173278 0.147049 0.123166 0.101773 0.0829283 0.0666096 0.0527202 0.0411039 0.0315592 0.0238556 0.017749 0.0129953 0.00936158 0.00663432 0.00462457 0.00317049 0.00213761 0.00141725 0.000923979 0.000592334 0.00037339 0.000231459 0.00014112 8.46809e-05 5.01178e-05 2.94633e-05 1.7602e-05 1.14177e-05 
1.17615e-05 1.32548e-05 1.9503e-05 3.23439e-05 5.53282e-05 9.44057e-05 0.00015896 0.000263269 0.000428462 0.000685024 0.00107586 0.00165983 0.00251572 0.0037461 0.00548102 0.00788064 0.0111364 0.0154698 0.0211286 0.028379 0.0374953 0.0487452 0.0623734 0.0785829 0.0975173 0.119244 0.143743 0.170897 0.20049 0.232218 0.265692 0.300463 0.336037 0.371902 0.407548 0.442488 0.476277 0.508524 0.538899 0.56714 0.59305 0.616493 0.637389 0.655704 0.671443 0.684634 0.695323 0.703563 0.709403 0.712886 0.714037 0.712865 0.709358 0.703489 0.695215 0.684484 0.671243 0.655447 0.637067 0.616101 0.592585 0.566602 0.538291 0.507853 0.475556 0.441733 0.40678 0.371144 0.335315 0.299802 0.265117 0.231748 0.200141 0.170676 0.143651 0.119275 0.0976561 0.0788116 0.0626702 0.049087 0.0378595 0.0287454 0.0214804 0.0157945 0.0114256 0.00813 0.00568967 0.0039158 0.00265004 0.00176343 0.00115376 0.000742193 0.000469424 0.000291935 0.000178555 0.000107475 6.38031e-05 3.76267e-05 2.25566e-05 1.46881e-05 
1.49767e-05 1.68853e-05 2.47919e-05 4.099e-05 6.98953e-05 0.000118879 0.000199516 0.000329337 0.00053415 0.000850992 0.00133168 0.00204687 0.00309046 0.00458386 0.00667976 0.00956458 0.0134589 0.0186154 0.0253126 0.033846 0.0445136 0.0575998 0.0733551 0.0919761 0.113585 0.138214 0.165792 0.196138 0.228968 0.263897 0.300463 0.33814 0.376375 0.414601 0.452273 0.488885 0.523988 0.557203 0.588227 0.616833 0.642866 0.66624 0.686923 0.70493 0.720308 0.733127 0.743466 0.751407 0.75702 0.760362 0.761469 0.760352 0.756998 0.751367 0.743402 0.73303 0.720169 0.704738 0.686669 0.665914 0.642461 0.616345 0.587655 0.556551 0.523265 0.488104 0.451454 0.413769 0.375557 0.337367 0.299762 0.263297 0.228488 0.195793 0.165587 0.138147 0.113646 0.0921473 0.0736144 0.0579223 0.0448743 0.0342213 0.0256824 0.0189637 0.0137745 0.00984066 0.00691372 0.00477628 0.0032443 0.0021666 0.00142247 0.000918135 0.000582601 0.000363468 0.00022299 0.000134624 8.0158e-05 4.74163e-05 2.85203e-05 1.86406e-05 
1.88121e-05 2.12172e-05 3.10873e-05 5.12473e-05 8.71176e-05 0.000147712 0.000247127 0.000406611 0.000657295 0.00104361 0.00162735 0.00249229 0.00374899 0.00553936 0.00804046 0.0114665 0.0160687 0.0221311 0.0299633 0.0398877 0.0522238 0.0672676 0.0852693 0.106411 0.130785 0.158378 0.189059 0.222578 0.25857 0.29657 0.336037 0.376375 0.416968 0.457208 0.496522 0.534394 0.570385 0.604139 0.635387 0.663951 0.689726 0.712679 0.732833 0.750252 0.765031 0.777277 0.787105 0.794622 0.79992 0.803071 0.804117 0.803074 0.799923 0.794619 0.78709 0.77724 0.764961 0.750138 0.732662 0.712438 0.689404 0.663539 0.634881 0.603535 0.56969 0.533618 0.495681 0.456328 0.416077 0.375506 0.335224 0.295845 0.25796 0.222104 0.188735 0.158205 0.130757 0.106513 0.0854793 0.0675603 0.052572 0.0402648 0.0303457 0.0224995 0.0164085 0.0117684 0.00829957 0.00575492 0.00392311 0.00262906 0.00173193 0.00112154 0.000713925 0.000446765 0.000274909 0.000166451 9.93939e-05 5.89687e-05 3.55835e-05 2.334e-05 
2.33115e-05 2.62997e-05 3.84562e-05 6.32156e-05 0.000107146 0.00018113 0.000302118 0.000495547 0.000798503 0.00126363 0.00196377 0.002997 0.00449195 0.00661255 0.00956167 0.0135826 0.0189577 0.0260027 0.0350568 0.0464676 0.0605717 0.0776712 0.0980096 0.121746 0.148934 0.179506 0.213263 0.249876 0.288898 0.32978 0.371902 0.414601 0.457208 0.499079 0.539625 0.578332 0.614782 0.648651 0.67972 0.707861 0.733028 0.755247 0.774595 0.791188 0.805166 0.816675 0.825861 0.832857 0.837772 0.84069 0.841662 0.840705 0.8378 0.832892 0.825897 0.816701 0.805171 0.791159 0.774516 0.755104 0.732806 0.707546 0.679302 0.648123 0.614144 0.577591 0.538793 0.49818 0.45627 0.413659 0.370993 0.328942 0.288165 0.249276 0.212815 0.17922 0.148808 0.121768 0.0981597 0.0779239 0.0608981 0.0468388 0.0354459 0.0263868 0.0193189 0.0139086 0.0098453 0.00685128 0.00468678 0.00315144 0.00208285 0.00135305 0.000863935 0.000542242 0.000334617 0.00020317 0.000121656 7.23816e-05 4.38125e-05 2.88357e-05 
2.85008e-05 3.2162e-05 4.69364e-05 7.69465e-05 0.00013005 0.000219223 0.000364596 0.000596248 0.000957825 0.00151097 0.00234049 0.00355994 0.00531721 0.00779947 0.0112365 0.0159015 0.0221082 0.0302032 0.0405539 0.0535296 0.0694797 0.0887069 0.11144 0.137807 0.167815 0.201333 0.238088 0.277666 0.319534 0.36306 0.407548 0.452273 0.496522 0.539625 0.580988 0.620112 0.656608 0.690199 0.720719 0.7481 0.772359 0.79358 0.811897 0.827476 0.840498 0.851148 0.859598 0.866001 0.870485 0.873142 0.874031 0.873169 0.870536 0.866073 0.859682 0.851236 0.840578 0.827532 0.811915 0.793541 0.772246 0.747896 0.720408 0.689769 0.656052 0.619432 0.580194 0.538735 0.495564 0.451282 0.406564 0.362125 0.318689 0.276945 0.237518 0.200931 0.167585 0.137741 0.111521 0.0889102 0.0697758 0.0538873 0.0409434 0.0305982 0.0224874 0.0162495 0.0115435 0.00806098 0.00553285 0.00373246 0.00247462 0.00161244 0.00103259 0.000649939 0.000402182 0.000244849 0.000147002 8.76995e-05 5.32417e-05 3.51554e-05 
3.43828e-05 3.88071e-05 5.65281e-05 9.24315e-05 0.000155802 0.000261919 0.000434402 0.000708395 0.00113466 0.00178453 0.00275562 0.00417789 0.00621951 0.00909181 0.0130522 0.0184041 0.0254921 0.0346929 0.0463991 0.0609988 0.0788487 0.100246 0.125397 0.154393 0.187185 0.223572 0.263199 0.305568 0.350057 0.395952 0.442488 0.488885 0.534394 0.578332 0.620112 0.659259 0.695426 0.72839 0.758044 0.784384 0.807492 0.827511 0.844629 0.85906 0.871023 0.880734 0.888389 0.89416 0.898185 0.900567 0.901366 0.900604 0.898258 0.894264 0.888518 0.880879 0.871172 0.859199 0.844742 0.827578 0.807493 0.784299 0.757851 0.728073 0.694973 0.658665 0.619381 0.577479 0.533443 0.487871 0.441452 0.39494 0.349114 0.304736 0.262512 0.223054 0.186847 0.154234 0.125402 0.100392 0.0791064 0.0613357 0.0467828 0.0350938 0.0258857 0.0187715 0.0133811 0.00937531 0.00645573 0.00436862 0.00290513 0.00189847 0.00121917 0.000769463 0.000477394 0.000291381 0.000175381 0.000104902 6.38644e-05 4.2299e-05 
4.09334e-05 4.62072e-05 6.71872e-05 0.000109592 0.000184256 0.000308958 0.000511078 0.000831194 0.00132766 0.0020821 0.00320562 0.00484531 0.00719033 0.0104768 0.01499 0.0210633 0.0290716 0.0394195 0.0525225 0.0687828 0.0885599 0.112139 0.139698 0.171282 0.206781 0.245918 0.288255 0.333204 0.380058 0.428026 0.476277 0.523988 0.570385 0.614782 0.656608 0.695426 0.730939 0.762982 0.791514 0.816597 0.838376 0.857052 0.872864 0.886068 0.896917 0.905652 0.91249 0.917615 0.921174 0.923276 0.923985 0.923322 0.921264 0.917745 0.912656 0.905845 0.897127 0.886282 0.873065 0.85722 0.838488 0.816631 0.791444 0.762787 0.730602 0.694936 0.655962 0.613989 0.569466 0.522976 0.475212 0.426956 0.379034 0.332273 0.287459 0.245288 0.206335 0.171025 0.139621 0.112221 0.0887723 0.0690922 0.0528944 0.0398215 0.0294757 0.0214475 0.0153388 0.0107812 0.0074466 0.00505411 0.00337061 0.00220875 0.00142222 0.000899926 0.000559729 0.000342463 0.000206621 0.000123891 7.56263e-05 5.02341e-05 
