0.000754384 0.00076505 0.000801246 0.000863612 0.000953075 0.00107092 0.00121877 0.00139856 0.00161251 0.00186306 0.0021529 0.00248482 0.00286174 0.00328659 0.00376228 0.00429162 0.00487723 0.00552146 0.00622634 0.00699345 0.00782389 0.00871818 0.00967616 0.010697 0.011779 0.0129197 0.0141159 0.0153632 0.0166566 0.0179901 0.0193569 0.0207493 0.0221589 0.0235765 0.0249926 0.0263967 0.0277785 0.029127 0.0304313 0.0316805 0.0328638 0.0339709 0.0349917 0.0359169 0.036738 0.037447 0.0380374 0.0385034 0.0388405 0.0390455 0.0391163 0.0390523 0.0388541 0.0385237 0.0380644 0.0374806 0.0367779 0.0359632 0.0350441 0.0340292 0.0329279 0.03175 0.0305059 0.0292064 0.0278624 0.0264847 0.0250842 0.0236713 0.0222564 0.0208491 0.0194584 0.0180928 0.0167599 0.0154666 0.0142189 0.0130218 0.0118796 0.0107957 0.00977252 0.00881174 0.00791427 0.00708028 0.00630932 0.00560034 0.00495177 0.00436166 0.00382767 0.00334724 0.00291759 0.00253585 0.00219911 0.00190448 0.00164917 0.00143054 0.00124614 0.00109374 0.000971429 0.000877563 0.000810852 0.000770433 
0.00076505 0.000775881 0.000812608 0.000875878 0.000966631 0.00108617 0.00123614 0.0014185 0.00163549 0.00188961 0.00218355 0.00252015 0.00290237 0.00333317 0.0038155 0.00435219 0.0049459 0.00559899 0.00631352 0.00709109 0.00793279 0.00883913 0.00980995 0.0108444 0.0119407 0.0130965 0.0143083 0.0155719 0.0168821 0.0182327 0.019617 0.0210271 0.0224545 0.02389 0.0253237 0.0267453 0.0281442 0.0295093 0.0308296 0.032094 0.0332917 0.0344121 0.0354452 0.0363815 0.0372124 0.0379299 0.0385273 0.0389988 0.0393398 0.0395472 0.0396188 0.0395539 0.0393533 0.039019 0.0385541 0.0379633 0.0372522 0.0364276 0.0354974 0.0344703 0.0333555 0.0321633 0.030904 0.0295885 0.0282279 0.0268331 0.0254152 0.0239847 0.022552 0.0211268 0.0197185 0.0183354 0.0169854 0.0156754 0.0144115 0.0131988 0.0120416 0.0109434 0.00990661 0.00893302 0.00802351 0.00717829 0.00639689 0.00567825 0.00502083 0.00442261 0.00388127 0.00339419 0.00295857 0.00257152 0.00223007 0.00193132 0.00167243 0.00145072 0.00126372 0.00110917 0.00098513 0.000889941 0.000822292 0.00078131 
0.000801246 0.000812608 0.000851029 0.000917181 0.00101204 0.00113696 0.00129364 0.00148413 0.00171073 0.00197605 0.00228287 0.00263413 0.00303287 0.00348219 0.0039851 0.00454453 0.0051632 0.00584356 0.0065877 0.00739723 0.00827328 0.00921632 0.0102261 0.0113018 0.0124415 0.0136427 0.0149017 0.0162141 0.0175745 0.0189766 0.0204132 0.0218762 0.0233567 0.0248453 0.0263317 0.0278052 0.0292548 0.0306691 0.0320367 0.0333462 0.0345864 0.0357464 0.0368158 0.0377849 0.0386447 0.0393871 0.0400051 0.0404928 0.0408456 0.04106 0.0411339 0.0410666 0.0408589 0.0405127 0.0400315 0.03942 0.0386839 0.0378303 0.0368673 0.0358038 0.0346495 0.0334147 0.0321104 0.0307476 0.0293378 0.0278924 0.0264226 0.0249395 0.0234538 0.0219756 0.0205145 0.0190793 0.017678 0.0163179 0.0150052 0.0137454 0.012543 0.0114015 0.0103236 0.00931108 0.00836495 0.00748544 0.00667211 0.00592391 0.00523923 0.00461605 0.00405196 0.00354427 0.00309012 0.00268648 0.00233032 0.00201863 0.00174846 0.00151706 0.00132184 0.00116049 0.00103098 0.000931583 0.000860952 0.000818177 
0.000863612 0.000875878 0.000917181 0.000988233 0.00109007 0.00122413 0.00139222 0.00159649 0.00183941 0.00212371 0.00245234 0.0028284 0.00325512 0.00373572 0.00427339 0.00487119 0.00553197 0.00625829 0.00705228 0.00791562 0.00884942 0.00985413 0.0109295 0.0120743 0.0132868 0.014564 0.015902 0.0172962 0.0187407 0.0202288 0.0217528 0.0233042 0.0248736 0.0264508 0.0280251 0.0295852 0.0311194 0.0326157 0.0340622 0.0354469 0.0367578 0.0379836 0.0391135 0.0401371 0.041045 0.0418289 0.0424813 0.042996 0.0433682 0.0435942 0.043672 0.0436007 0.0433811 0.0430153 0.042507 0.0418609 0.0410832 0.0401814 0.0391638 0.0380398 0.0368195 0.035514 0.0341346 0.032693 0.0312012 0.0296712 0.028115 0.0265442 0.02497 0.0234032 0.0218538 0.0203314 0.0188443 0.0174003 0.0160061 0.0146674 0.0133892 0.0121751 0.0110282 0.00995028 0.0089426 0.00800544 0.00713839 0.00634038 0.0056098 0.00494451 0.00434204 0.00379956 0.00331406 0.00288239 0.00250134 0.00216772 0.00187845 0.00163061 0.00142146 0.00124855 0.00110974 0.0010032 0.000927502 0.00088168 
0.000953075 0.000966631 0.00101204 0.00109007 0.00120185 0.00134892 0.00153323 0.00175712 0.00202323 0.0023345 0.00269412 0.0031054 0.0035718 0.00409677 0.00468372 0.0053359 0.00605632 0.00684767 0.0077122 0.00865162 0.00966705 0.0107589 0.0119267 0.0131692 0.0144843 0.0158686 0.0173181 0.0188275 0.0203904 0.0219995 0.0236465 0.0253222 0.0270164 0.0287182 0.0304159 0.0320976 0.0337506 0.0353621 0.0369193 0.0384092 0.0398194 0.0411376 0.0423521 0.0434521 0.0444276 0.0452695 0.04597 0.0465225 0.0469219 0.0471643 0.0472474 0.0471705 0.0469343 0.0465411 0.0459946 0.0453002 0.0444643 0.0434948 0.0424006 0.0411918 0.0398792 0.0384744 0.0369896 0.0354374 0.0338305 0.0321819 0.0305043 0.0288102 0.0271116 0.0254203 0.0237469 0.0221017 0.0204939 0.0189318 0.0174227 0.0159729 0.0145877 0.0132714 0.012027 0.0108568 0.00976223 0.0087436 0.00780059 0.00693214 0.00613657 0.00541168 0.00475482 0.00416303 0.00363309 0.00316163 0.00274524 0.0023805 0.00206409 0.00179287 0.00156391 0.00137457 0.00122253 0.00110583 0.00102292 0.000972759 
0.00107092 0.00108617 0.00113696 0.00122413 0.00134892 0.00151301 0.00171856 0.0019681 0.00226453 0.00261107 0.00301116 0.00346843 0.00398663 0.00456949 0.00522069 0.00594373 0.00674184 0.00761786 0.00857418 0.00961255 0.0107341 0.0119391 0.013227 0.0145963 0.0160445 0.0175678 0.0191617 0.0208203 0.0225365 0.0243023 0.0261085 0.0279449 0.0298004 0.0316632 0.0335204 0.035359 0.0371653 0.0389254 0.0406254 0.0422512 0.0437892 0.0452264 0.0465501 0.0477485 0.0488109 0.0497276 0.0504901 0.0510913 0.0515257 0.0517891 0.0518791 0.0517949 0.0515373 0.0511087 0.0505133 0.0497565 0.0488456 0.0477889 0.0465961 0.045278 0.0438463 0.0423136 0.0406929 0.038998 0.0372427 0.035441 0.0336066 0.0317532 0.029894 0.0280416 0.0262078 0.0244038 0.0226397 0.0209247 0.0192668 0.017673 0.0161491 0.0147 0.0133292 0.0120392 0.0108317 0.00970714 0.00866535 0.00770525 0.00682509 0.00602256 0.00529484 0.00463876 0.00405085 0.00352749 0.00306496 0.00265956 0.0023077 0.00200593 0.00175107 0.00154023 0.00137088 0.00124089 0.00114854 0.00109271 
0.00121877 0.00123614 0.00129364 0.00139222 0.00153323 0.00171856 0.00195057 0.00223208 0.00256628 0.0029567 0.00340716 0.00392164 0.00450423 0.00515902 0.00589002 0.00670102 0.0075955 0.00857651 0.00964656 0.0108075 0.0120604 0.0134054 0.0148418 0.0163678 0.0179803 0.0196753 0.0214474 0.0232899 0.0251951 0.0271539 0.029156 0.0311902 0.0332443 0.0353049 0.0373582 0.0393896 0.0413842 0.0433267 0.0452017 0.0469942 0.0486891 0.0502721 0.0517296 0.0530486 0.0542175 0.0552257 0.0560641 0.0567249 0.0572021 0.0574913 0.0575898 0.0574966 0.0572128 0.0567409 0.0560855 0.0552524 0.0542496 0.0530861 0.0517724 0.0503204 0.0487426 0.047053 0.0452657 0.0433957 0.0414581 0.0394683 0.0374413 0.0353922 0.0333354 0.0312849 0.0292537 0.0272542 0.0252976 0.0233941 0.0215527 0.0197812 0.0180862 0.0164731 0.014946 0.0135079 0.0121606 0.010905 0.00974092 0.00866725 0.00768224 0.0067834 0.00596775 0.00523184 0.00457193 0.00398405 0.00346416 0.00300819 0.00261219 0.0022724 0.00198528 0.00174767 0.00155675 0.00141019 0.00130608 0.00124319 
0.00139856 0.0014185 0.00148413 0.00159649 0.00175712 0.0019681 0.00223208 0.00255217 0.00293195 0.00337532 0.00388651 0.00446992 0.00513006 0.00587144 0.00669844 0.00761519 0.00862547 0.00973257 0.0109391 0.0122471 0.0136574 0.0151702 0.0167844 0.0184978 0.0203069 0.022207 0.0241918 0.026254 0.0283846 0.0305734 0.0328091 0.0350789 0.0373692 0.0396652 0.0419516 0.0442122 0.0464305 0.0485895 0.0506724 0.0526626 0.0545435 0.0562995 0.0579155 0.0593774 0.0606725 0.0617891 0.0627173 0.0634487 0.0639766 0.0642963 0.0644047 0.064301 0.0639861 0.063463 0.0627364 0.0618131 0.0607013 0.0594113 0.0579544 0.0563435 0.0545926 0.0527168 0.0507318 0.0486539 0.0464999 0.0442866 0.0420307 0.0397488 0.037457 0.0351706 0.0329044 0.0306719 0.0284858 0.0263574 0.0242969 0.0223132 0.0204137 0.0186045 0.0168905 0.015275 0.0137604 0.0123478 0.0110369 0.00982701 0.00871608 0.00770156 0.0067802 0.00594829 0.00520172 0.00453617 0.00394716 0.00343025 0.00298104 0.00259537 0.00226933 0.00199939 0.00178244 0.00161586 0.00149756 0.00142614 
0.00161251 0.00163549 0.00171073 0.00183941 0.00202323 0.00226453 0.00256628 0.00293195 0.00336552 0.00387136 0.00445416 0.00511881 0.0058703 0.0067136 0.00765353 0.00869461 0.00984095 0.0110961 0.0124628 0.0139431 0.0155379 0.0172471 0.0190694 0.021002 0.0230408 0.0251804 0.0274136 0.0297318 0.0321251 0.034582 0.0370894 0.0396333 0.0421983 0.0447679 0.047325 0.0498516 0.0523292 0.0547394 0.0570632 0.0592824 0.0613787 0.0633349 0.0651342 0.0667615 0.0682024 0.0694444 0.0704765 0.0712894 0.0718759 0.0722307 0.0723507 0.0722347 0.0718839 0.0713015 0.0704927 0.0694649 0.0682273 0.0667909 0.0651683 0.0633736 0.0614223 0.059331 0.0571169 0.0547981 0.0523931 0.0499205 0.0473989 0.0448467 0.0422817 0.0397212 0.0371814 0.0346777 0.0322242 0.0298338 0.0275179 0.0252865 0.0231481 0.0211099 0.0191772 0.0173543 0.0156438 0.014047 0.0125642 0.0111944 0.00993571 0.00878529 0.00773969 0.00679486 0.00594632 0.0051893 0.00451889 0.00393012 0.00341817 0.00297837 0.00260639 0.00229829 0.00205059 0.00186038 0.0017253 0.0016438 
0.00186306 0.00188961 0.00197605 0.00212371 0.0023345 0.00261107 0.0029567 0.00337532 0.00387136 0.0044497 0.00511556 0.00587438 0.0067317 0.00769299 0.00876358 0.0099484 0.0112519 0.012678 0.0142295 0.0159084 0.0177158 0.0196511 0.0217126 0.0238972 0.0261999 0.0286142 0.0311322 0.0337441 0.0364382 0.0392017 0.04202 0.0448771 0.0477558 0.0506376 0.0535034 0.0563332 0.0591064 0.0618024 0.0644005 0.0668801 0.0692213 0.0714049 0.0734127 0.0752276 0.0768341 0.0782183 0.0793682 0.0802736 0.0809266 0.0813213 0.0814543 0.0813244 0.0809329 0.0802832 0.0793812 0.0782348 0.0768543 0.0752516 0.0734408 0.0714374 0.0692583 0.0669218 0.0644471 0.0618541 0.0591633 0.0563953 0.0535708 0.0507102 0.0478335 0.0449599 0.0421075 0.0392937 0.0365342 0.0338436 0.0312349 0.0287195 0.0263071 0.0240057 0.0218218 0.0197603 0.0178242 0.0160155 0.0143345 0.0127803 0.011351 0.0100436 0.00885438 0.00777896 0.0068124 0.00594946 0.0051847 0.00451265 0.0039279 0.00342529 0.00299997 0.00264754 0.00236412 0.00214644 0.00199187 0.00189867 
0.0021529 0.00218355 0.00228287 0.00245234 0.00269412 0.00301116 0.00340716 0.00388651 0.00445416 0.00511556 0.00587653 0.00674311 0.00772143 0.00881756 0.0100373 0.0113862 0.0128689 0.0144896 0.0162515 0.0181565 0.0202054 0.0223975 0.0247306 0.0272007 0.0298024 0.0325279 0.035368 0.0383116 0.0413456 0.0444552 0.0476239 0.0508339 0.0540658 0.0572989 0.0605119 0.0636823 0.0667874 0.0698043 0.0727098 0.0754814 0.078097 0.0805353 0.0827763 0.0848012 0.086593 0.0881362 0.0894178 0.0904266 0.0911537 0.091593 0.0917406 0.0915951 0.091158 0.0904332 0.0894269 0.0881479 0.0866075 0.084819 0.0827975 0.0805603 0.0781261 0.0755149 0.072748 0.0698474 0.0668358 0.0637361 0.0605712 0.0573639 0.0541364 0.0509101 0.0477055 0.0445419 0.0414372 0.0384077 0.0354681 0.0326314 0.0299086 0.0273092 0.0248405 0.0225081 0.020316 0.0182664 0.0163599 0.0145959 0.0129722 0.0114859 0.0101329 0.00890841 0.00780704 0.00682302 0.00595036 0.00518297 0.00451487 0.00394028 0.00345382 0.00305057 0.00272617 0.00247698 0.00230005 0.00219343 
0.00248482 0.00252015 0.00263413 0.0028284 0.0031054 0.00346843 0.00392164 0.00446992 0.00511881 0.00587438 0.00674311 0.00773169 0.00884693 0.0100955 0.0114838 0.0130178 0.0147027 0.0165428 0.0185416 0.0207008 0.0230213 0.0255018 0.0281396 0.0309301 0.0338666 0.0369404 0.0401409 0.0434551 0.0468685 0.0503641 0.0539236 0.0575266 0.0611516 0.0647754 0.068374 0.0719227 0.0753961 0.0787687 0.082015 0.08511 0.0880292 0.0907493 0.0932482 0.0955052 0.0975016 0.0992205 0.100647 0.10177 0.102579 0.103068 0.103231 0.103069 0.102581 0.101773 0.100652 0.0992267 0.0975097 0.0955156 0.0932613 0.0907656 0.088049 0.0851338 0.0820432 0.0788018 0.0754344 0.0719665 0.0684236 0.064831 0.0612134 0.0575946 0.0539977 0.0504442 0.0469543 0.0435463 0.0402369 0.0370409 0.0339709 0.0310376 0.0282495 0.0256133 0.0231336 0.0208132 0.0186531 0.0166527 0.0148101 0.0131221 0.0115842 0.0101913 0.00893756 0.00781661 0.00682182 0.00594647 0.0051839 0.00452772 0.00397191 0.00351097 0.00314007 0.0028551 0.00265278 0.00253093 
0.00286174 0.00290237 0.00303287 0.00325512 0.0035718 0.00398663 0.00450423 0.00513006 0.0058703 0.0067317 0.00772143 0.00884693 0.0101157 0.0115351 0.0131121 0.0148532 0.016764 0.0188492 0.0211122 0.0235549 0.0261778 0.0289792 0.0319559 0.0351021 0.0384102 0.0418701 0.0454696 0.0491942 0.053027 0.0569491 0.0609397 0.0649762 0.0690342 0.073088 0.077111 0.0810754 0.0849533 0.0887163 0.0923364 0.0957857 0.0990376 0.102066 0.104847 0.107358 0.109578 0.111489 0.113075 0.114322 0.115221 0.115763 0.115944 0.115762 0.11522 0.114321 0.113074 0.111489 0.109579 0.10736 0.104851 0.102072 0.0990466 0.0957983 0.0923529 0.0887375 0.0849797 0.0811074 0.077149 0.0731325 0.0690853 0.0650341 0.0610045 0.0570207 0.0531052 0.0492788 0.0455603 0.0419663 0.0385112 0.0352074 0.0320646 0.0290906 0.0262909 0.023669 0.0212262 0.0189623 0.0168752 0.0149617 0.0132171 0.0116358 0.0102114 0.0089369 0.00780512 0.00680859 0.00593993 0.00519205 0.00455826 0.00403245 0.00360921 0.00328398 0.00305308 0.00291409 
0.00328659 0.00333317 0.00348219 0.00373572 0.00409677 0.00456949 0.00515902 0.00587144 0.0067136 0.00769299 0.00881756 0.0100955 0.0115351 0.0131443 0.0149309 0.0169018 0.0190632 0.0214198 0.0239753 0.0267315 0.0296884 0.0328441 0.0361943 0.0397323 0.0434494 0.0473338 0.0513716 0.0555463 0.0598388 0.064228 0.0686905 0.0732007 0.0777316 0.0822547 0.0867402 0.0911575 0.0954756 0.0996633 0.103689 0.107524 0.111137 0.1145 0.117587 0.120372 0.122835 0.124953 0.126711 0.128093 0.129088 0.129688 0.129888 0.129687 0.129085 0.128088 0.126705 0.124946 0.122827 0.120365 0.11758 0.114494 0.111133 0.107523 0.103693 0.0996709 0.0954882 0.0911758 0.0867647 0.082286 0.07777 0.0732465 0.068744 0.0642893 0.0599077 0.0556226 0.0514551 0.0474239 0.0435456 0.039834 0.0363006 0.0329543 0.0298015 0.0268464 0.0240911 0.0215355 0.0191777 0.0170143 0.0150403 0.0132497 0.0116357 0.0101905 0.00890625 0.00777475 0.00678786 0.00593773 0.00521694 0.00461871 0.00413703 0.00376683 0.00350402 0.00334589 
0.00376228 0.0038155 0.0039851 0.00427339 0.00468372 0.00522069 0.00589002 0.00669844 0.00765353 0.00876358 0.0100373 0.0114838 0.0131121 0.0149309 0.0169486 0.0191728 0.0216099 0.0242651 0.027142 0.0302422 0.0335655 0.0371092 0.0408682 0.0448347 0.0489983 0.0533459 0.0578614 0.0625262 0.0673189 0.0722156 0.0771902 0.0822142 0.0872576 0.0922886 0.0972743 0.102181 0.106974 0.11162 0.116084 0.120333 0.124334 0.128057 0.131473 0.134554 0.137276 0.139618 0.14156 0.143087 0.144186 0.144848 0.145068 0.144844 0.144179 0.143077 0.141547 0.139603 0.137259 0.134536 0.131454 0.128039 0.124317 0.120318 0.116072 0.111612 0.106971 0.102183 0.0972832 0.0923045 0.0872811 0.0822459 0.0772303 0.0722644 0.0673763 0.0625922 0.0579358 0.0534282 0.0490881 0.0449312 0.0409707 0.0372168 0.0336772 0.030357 0.0272587 0.0243827 0.0217272 0.0192887 0.017062 0.0150407 0.0132174 0.0115837 0.0101309 0.00885017 0.00773243 0.00676906 0.00595187 0.00527337 0.0047269 0.00430682 0.00400862 0.00382927 
0.00429162 0.00435219 0.00454453 0.00487119 0.0053359 0.00594373 0.00670102 0.00761519 0.00869461 0.0099484 0.0113862 0.0130178 0.0148532 0.0169018 0.0191728 0.0216742 0.0244129 0.0273943 0.0306219 0.0340973 0.0378196 0.0417855 0.0459888 0.0504204 0.0550685 0.0599179 0.0649505 0.0701452 0.0754781 0.0809223 0.0864488 0.0920261 0.0976206 0.103197 0.10872 0.114151 0.119454 0.12459 0.129522 0.134214 0.13863 0.142737 0.146503 0.149899 0.152899 0.155478 0.157616 0.159297 0.160506 0.161234 0.161476 0.161229 0.160495 0.159281 0.157596 0.155454 0.152871 0.149869 0.146472 0.142704 0.138598 0.134183 0.129493 0.124565 0.119433 0.114136 0.108711 0.103196 0.097627 0.0920412 0.0864732 0.0809563 0.0755218 0.0701988 0.0650137 0.0599905 0.0551499 0.0505101 0.0460858 0.041889 0.0379286 0.0342107 0.0307384 0.0275127 0.024532 0.0217928 0.0192896 0.0170156 0.0149628 0.0131223 0.0114845 0.0100397 0.00877809 0.00769012 0.00676682 0.0059999 0.00538203 0.00490699 0.00456977 0.00436704 
0.00487723 0.0049459 0.0051632 0.00553197 0.00605632 0.00674184 0.0075955 0.00862547 0.00984095 0.0112519 0.0128689 0.0147027 0.016764 0.0190632 0.0216099 0.0244129 0.0274794 0.0308149 0.0344229 0.0383048 0.042459 0.0468813 0.0515645 0.056498 0.0616681 0.0670576 0.0726462 0.0784101 0.0843224 0.0903535 0.0964708 0.10264 0.108823 0.114982 0.121077 0.127067 0.132911 0.138568 0.143997 0.149159 0.154015 0.158529 0.162666 0.166396 0.169688 0.172518 0.174864 0.176707 0.178032 0.17883 0.179095 0.178823 0.178018 0.176685 0.174836 0.172485 0.16965 0.166353 0.162621 0.158481 0.153966 0.14911 0.14395 0.138524 0.132871 0.127032 0.121048 0.11496 0.10881 0.102636 0.0964771 0.0903703 0.0843502 0.0784489 0.072696 0.0671183 0.0617391 0.0565788 0.0516543 0.0469791 0.0425638 0.0384153 0.034538 0.0309331 0.0275994 0.0245333 0.0217294 0.0191803 0.0168776 0.0148114 0.0129717 0.0113478 0.00992886 0.00870463 0.00766519 0.00680147 0.00610541 0.00557014 0.00519018 0.00496184 
0.00552146 0.00559899 0.00584356 0.00625829 0.00684767 0.00761786 0.00857651 0.00973257 0.0110961 0.012678 0.0144896 0.0165428 0.0188492 0.0214198 0.0242651 0.0273943 0.0308149 0.0345326 0.0385509 0.0428705 0.0474893 0.0524022 0.0576005 0.0630721 0.0688013 0.0747687 0.0809513 0.0873226 0.0938527 0.100509 0.107254 0.114051 0.120859 0.127636 0.134337 0.140918 0.147334 0.153542 0.159495 0.165152 0.170471 0.175413 0.17994 0.184019 0.187619 0.190713 0.193276 0.195289 0.196737 0.197608 0.197896 0.197599 0.196718 0.195262 0.19324 0.190669 0.187569 0.183963 0.179879 0.175348 0.170404 0.165084 0.159427 0.153476 0.147272 0.140861 0.134286 0.127592 0.120825 0.114027 0.10724 0.100506 0.093862 0.0873442 0.0809854 0.0748151 0.0688597 0.0631419 0.057681 0.0524924 0.0475882 0.0429767 0.0386631 0.0346494 0.0309347 0.0275156 0.0243865 0.0215397 0.0189661 0.0166554 0.0145965 0.012778 0.0111882 0.00981578 0.00864999 0.00768089 0.00689967 0.00629881 0.00587229 0.00561606 
0.00622634 0.00631352 0.0065877 0.00705228 0.0077122 0.00857418 0.00964656 0.0109391 0.0124628 0.0142295 0.0162515 0.0185416 0.0211122 0.0239753 0.027142 0.0306219 0.0344229 0.0385509 0.0430089 0.0477973 0.0529131 0.0583501 0.0640981 0.0701433 0.0764677 0.0830495 0.0898631 0.0968787 0.104063 0.111381 0.11879 0.126251 0.133718 0.141144 0.148483 0.155685 0.162702 0.169486 0.175989 0.182164 0.187967 0.193356 0.198291 0.202735 0.206656 0.210024 0.212813 0.215004 0.216578 0.217526 0.217838 0.217514 0.216555 0.21497 0.212769 0.209969 0.206593 0.202664 0.198214 0.193274 0.187881 0.182076 0.1759 0.169398 0.162617 0.155604 0.148408 0.141077 0.133659 0.126203 0.118753 0.111356 0.104052 0.0968808 0.089879 0.0830794 0.0765112 0.0702 0.0641673 0.0584308 0.0530042 0.0478974 0.0431166 0.0386648 0.0345413 0.0307431 0.0272643 0.024097 0.0212317 0.0186573 0.016362 0.0143333 0.0125588 0.0110262 0.00972365 0.00864048 0.00776703 0.00709511 0.00661814 0.00633171 
0.00699345 0.00709109 0.00739723 0.00791562 0.00865162 0.00961255 0.0108075 0.0122471 0.0139431 0.0159084 0.0181565 0.0207008 0.0235549 0.0267315 0.0302422 0.0340973 0.0383048 0.0428705 0.0477973 0.0530848 0.0587293 0.0647231 0.0710544 0.0777074 0.0846619 0.0918934 0.0993731 0.107068 0.114942 0.122955 0.131063 0.13922 0.147377 0.155484 0.163489 0.17134 0.178984 0.186369 0.193443 0.200157 0.206463 0.212316 0.217673 0.222496 0.226748 0.2304 0.233424 0.235797 0.237503 0.238529 0.238868 0.238516 0.237476 0.235757 0.23337 0.230335 0.226672 0.22241 0.217579 0.212214 0.206356 0.200046 0.19333 0.186256 0.178873 0.171233 0.163387 0.15539 0.147292 0.139145 0.131001 0.122906 0.114908 0.107048 0.0993686 0.0919043 0.0846882 0.0777487 0.07111 0.0647921 0.0588106 0.0531771 0.047899 0.04298 0.0384203 0.034217 0.0303644 0.0268541 0.0236762 0.0208191 0.01827 0.0160157 0.0140427 0.0123376 0.010888 0.00968197 0.00870917 0.00796069 0.00742936 0.00711039 
0.00782389 0.00793279 0.00827328 0.00884942 0.00966705 0.0107341 0.0120604 0.0136574 0.0155379 0.0177158 0.0202054 0.0230213 0.0261778 0.0296884 0.0335655 0.0378196 0.042459 0.0474893 0.0529131 0.0587293 0.064933 0.071515 0.0784618 0.0857555 0.0933731 0.101287 0.109467 0.117874 0.12647 0.135211 0.144047 0.15293 0.161806 0.170621 0.179319 0.187843 0.196137 0.204144 0.211809 0.21908 0.225905 0.232237 0.238029 0.243241 0.247835 0.251778 0.255043 0.257605 0.259446 0.260552 0.260917 0.260536 0.259414 0.257557 0.25498 0.251702 0.247745 0.243139 0.237917 0.232116 0.225777 0.218947 0.211673 0.204006 0.195999 0.187709 0.17919 0.170499 0.161693 0.152828 0.143958 0.135135 0.12641 0.11783 0.109439 0.101277 0.0933799 0.0857791 0.0785017 0.0715703 0.0650026 0.0588118 0.053007 0.0475928 0.0425702 0.0379366 0.0336863 0.0298109 0.0263 0.0231413 0.0203213 0.0178259 0.0156406 0.0137512 0.012144 0.0108064 0.00972716 0.00889662 0.00830703 0.00795319 
0.00871818 0.00883913 0.00921632 0.00985413 0.0107589 0.0119391 0.0134054 0.0151702 0.0172471 0.0196511 0.0223975 0.0255018 0.0289792 0.0328441 0.0371092 0.0417855 0.0468813 0.0524022 0.0583501 0.0647231 0.071515 0.0787151 0.0863079 0.0942729 0.102585 0.111213 0.120122 0.129273 0.138621 0.148117 0.157711 0.167346 0.176967 0.186515 0.195928 0.205146 0.214109 0.222756 0.231029 0.238872 0.246229 0.253051 0.259288 0.264898 0.269842 0.274083 0.277593 0.280347 0.282326 0.283515 0.283906 0.283496 0.282289 0.280293 0.277521 0.273995 0.269738 0.264781 0.259158 0.252909 0.246079 0.238715 0.230867 0.222592 0.213944 0.204983 0.195769 0.186363 0.176825 0.167215 0.157592 0.148013 0.138532 0.129202 0.12007 0.111179 0.10257 0.0942766 0.0863298 0.0787545 0.0715708 0.0647939 0.0584343 0.052498 0.0469867 0.0418983 0.0372274 0.0329654 0.0291014 0.0256227 0.0225151 0.0197634 0.0173524 0.0152667 0.0134918 0.012014 0.0108214 0.00990332 0.00925161 0.00886061 
0.00967616 0.00980995 0.0102261 0.0109295 0.0119267 0.013227 0.0148418 0.0167844 0.0190694 0.0217126 0.0247306 0.0281396 0.0319559 0.0361943 0.0408682 0.0459888 0.0515645 0.0576005 0.0640981 0.0710544 0.0784618 0.0863079 0.0945749 0.10324 0.112274 0.121645 0.131312 0.141233 0.151359 0.161637 0.172012 0.182424 0.192812 0.203112 0.21326 0.22319 0.232838 0.24214 0.251034 0.259459 0.267359 0.274679 0.281369 0.287384 0.292682 0.297226 0.300985 0.303933 0.306051 0.307323 0.307741 0.307302 0.30601 0.303872 0.300904 0.297126 0.292564 0.28725 0.281221 0.274517 0.267186 0.259278 0.250846 0.241948 0.232644 0.222997 0.21307 0.202929 0.192637 0.182261 0.171862 0.161502 0.151241 0.141133 0.131232 0.121585 0.112235 0.103221 0.0945766 0.0863293 0.0785018 0.0711116 0.0641709 0.0576869 0.0516625 0.046096 0.0409824 0.0363131 0.0320769 0.0282605 0.024849 0.0218265 0.0191766 0.0168832 0.0149306 0.0133043 0.0119913 0.0109805 0.0102629 0.00983247 
0.010697 0.0108444 0.0113018 0.0120743 0.0131692 0.0145963 0.0163678 0.0184978 0.021002 0.0238972 0.0272007 0.0309301 0.0351021 0.0397323 0.0448347 0.0504204 0.056498 0.0630721 0.0701433 0.0777074 0.0857555 0.0942729 0.10324 0.11263 0.122413 0.132551 0.143001 0.153716 0.164643 0.175725 0.186902 0.19811 0.209282 0.220352 0.231249 0.241905 0.25225 0.262217 0.271741 0.280757 0.289206 0.297031 0.304179 0.310602 0.316257 0.321106 0.325116 0.32826 0.330518 0.331874 0.33232 0.331851 0.330472 0.328192 0.325025 0.320994 0.316126 0.310452 0.304012 0.296849 0.289012 0.280552 0.271527 0.261998 0.252027 0.241681 0.231028 0.220136 0.209075 0.197913 0.186719 0.175557 0.164493 0.153585 0.142891 0.132463 0.122347 0.112587 0.103219 0.0942743 0.0857776 0.077749 0.0702027 0.0631473 0.0565869 0.0505206 0.0449436 0.0398475 0.0352209 0.03105 0.0273192 0.0240118 0.0211106 0.0185984 0.0164585 0.0146756 0.0132357 0.012127 0.0113399 0.0108679 
0.011779 0.0119407 0.0124415 0.0132868 0.0144843 0.0160445 0.0179803 0.0203069 0.0230408 0.0261999 0.0298024 0.0338666 0.0384102 0.0434494 0.0489983 0.0550685 0.0616681 0.0688013 0.0764677 0.0846619 0.0933731 0.102585 0.112274 0.122413 0.132966 0.143893 0.155146 0.166675 0.178423 0.190327 0.202322 0.214341 0.226312 0.238163 0.249821 0.261212 0.272263 0.282902 0.293061 0.302673 0.311675 0.320006 0.327614 0.334446 0.340459 0.345613 0.349874 0.353215 0.355612 0.357052 0.357525 0.357027 0.355562 0.353139 0.349775 0.34549 0.340314 0.334281 0.327429 0.319805 0.311458 0.302444 0.292821 0.282655 0.27201 0.260958 0.249568 0.237915 0.226071 0.214111 0.202105 0.190125 0.178239 0.166513 0.155006 0.143775 0.132872 0.122344 0.11223 0.102564 0.0933755 0.084686 0.0765119 0.0688636 0.0617463 0.0551601 0.0491006 0.0435596 0.0385256 0.0339845 0.0299199 0.0263145 0.0231502 0.0204087 0.0180726 0.0161254 0.0145524 0.0133409 0.0124808 0.0119652 
0.0129197 0.0130965 0.0136427 0.014564 0.0158686 0.0175678 0.0196753 0.022207 0.0251804 0.0286142 0.0325279 0.0369404 0.0418701 0.0473338 0.0533459 0.0599179 0.0670576 0.0747687 0.0830495 0.0918934 0.101287 0.111213 0.121645 0.132551 0.143893 0.155626 0.167701 0.18006 0.192642 0.205381 0.218208 0.231048 0.243828 0.256469 0.268893 0.281024 0.292784 0.304099 0.314895 0.325103 0.334657 0.343495 0.35156 0.3588 0.36517 0.370627 0.375137 0.378672 0.38121 0.382733 0.383232 0.382705 0.381155 0.378591 0.37503 0.370494 0.365012 0.35862 0.351358 0.343274 0.334418 0.324849 0.314629 0.303824 0.292503 0.280739 0.268608 0.256187 0.243553 0.230783 0.217956 0.205145 0.192424 0.179863 0.167527 0.155477 0.143769 0.132453 0.121574 0.111168 0.101268 0.0918982 0.0830769 0.0748165 0.0671236 0.0599993 0.0534401 0.0474378 0.0419811 0.0370552 0.0326437 0.0287282 0.0252898 0.0223094 0.0197686 0.01765 0.015938 0.0146193 0.013683 0.0131218 
0.0141159 0.0143083 0.0149017 0.015902 0.0173181 0.0191617 0.0214474 0.0241918 0.0274136 0.0311322 0.035368 0.0401409 0.0454696 0.0513716 0.0578614 0.0649505 0.0726462 0.0809513 0.0898631 0.0993731 0.109467 0.120122 0.131312 0.143001 0.155146 0.167701 0.180608 0.193809 0.207237 0.220821 0.234486 0.248154 0.261746 0.27518 0.288374 0.301246 0.313715 0.325703 0.337133 0.347934 0.358037 0.367377 0.375896 0.383541 0.390262 0.396019 0.400776 0.404503 0.407177 0.408783 0.409309 0.408753 0.407119 0.404416 0.40066 0.395876 0.390093 0.383346 0.375679 0.367138 0.357778 0.347658 0.336843 0.325401 0.313405 0.30093 0.288057 0.274865 0.261437 0.247854 0.234198 0.220549 0.206984 0.193578 0.180401 0.167519 0.154991 0.142874 0.131214 0.120052 0.109424 0.099357 0.0898718 0.0809829 0.0726983 0.0650204 0.0579462 0.0514682 0.0455749 0.0402516 0.0354811 0.0312446 0.0275223 0.0242943 0.0215412 0.0192447 0.0173885 0.0159584 0.0149429 0.0143344 
0.0153632 0.0155719 0.0162141 0.0172962 0.0188275 0.0208203 0.0232899 0.026254 0.0297318 0.0337441 0.0383116 0.0434551 0.0491942 0.0555463 0.0625262 0.0701452 0.0784101 0.0873226 0.0968787 0.107068 0.117874 0.129273 0.141233 0.153716 0.166675 0.18006 0.193809 0.207859 0.222137 0.23657 0.251076 0.265575 0.27998 0.294205 0.308166 0.321775 0.334948 0.347604 0.359663 0.37105 0.381694 0.391529 0.400495 0.408537 0.415604 0.421655 0.426653 0.430568 0.433377 0.435063 0.435615 0.435032 0.433315 0.430476 0.42653 0.421503 0.415424 0.408329 0.400262 0.391273 0.381416 0.370752 0.359348 0.347276 0.33461 0.321429 0.307817 0.293857 0.279636 0.265239 0.250753 0.236262 0.221848 0.207591 0.193566 0.179844 0.166488 0.153558 0.141105 0.129176 0.117807 0.10703 0.0968675 0.0873366 0.0784469 0.0702022 0.0626003 0.0556342 0.0492927 0.0435608 0.038421 0.033854 0.0298392 0.0263558 0.0233837 0.0209037 0.0188985 0.0173533 0.016256 0.0155987 
0.0166566 0.0168821 0.0175745 0.0187407 0.0203904 0.0225365 0.0251951 0.0283846 0.0321251 0.0364382 0.0413456 0.0468685 0.053027 0.0598388 0.0673189 0.0754781 0.0843224 0.0938527 0.104063 0.114942 0.12647 0.138621 0.151359 0.164643 0.178423 0.192642 0.207237 0.222137 0.237268 0.252549 0.267895 0.28322 0.298433 0.313445 0.328164 0.342502 0.356371 0.369685 0.382362 0.394325 0.4055 0.415821 0.425223 0.433652 0.441057 0.447395 0.452628 0.456726 0.459666 0.46143 0.462008 0.461397 0.4596 0.456629 0.452499 0.447235 0.440867 0.433433 0.424977 0.415548 0.405204 0.394007 0.382025 0.369332 0.356006 0.342128 0.327785 0.313064 0.298055 0.282849 0.267536 0.252205 0.236943 0.221834 0.206958 0.192391 0.178201 0.164453 0.151201 0.138495 0.126377 0.11488 0.104031 0.0938477 0.0843427 0.0755208 0.0673811 0.059917 0.0531176 0.046968 0.0414504 0.0365449 0.0322304 0.0284852 0.0252883 0.0226198 0.0204617 0.0187983 0.017617 0.0169095 
0.0179901 0.0182327 0.0189766 0.0202288 0.0219995 0.0243023 0.0271539 0.0305734 0.034582 0.0392017 0.0444552 0.0503641 0.0569491 0.064228 0.0722156 0.0809223 0.0903535 0.100509 0.111381 0.122955 0.135211 0.148117 0.161637 0.175725 0.190327 0.205381 0.220821 0.23657 0.252549 0.268673 0.284852 0.300994 0.317007 0.332794 0.348261 0.363316 0.377867 0.391826 0.405107 0.417632 0.429325 0.440117 0.449944 0.458749 0.466481 0.473096 0.478557 0.482832 0.485897 0.487737 0.48834 0.487703 0.48583 0.48273 0.478422 0.472929 0.466283 0.45852 0.449685 0.43983 0.429013 0.417296 0.40475 0.39145 0.377477 0.362915 0.347853 0.332382 0.316596 0.30059 0.284457 0.268292 0.252187 0.23623 0.220506 0.205095 0.190071 0.175502 0.161448 0.147962 0.13509 0.122868 0.111325 0.100483 0.090356 0.0809498 0.0722647 0.0642953 0.0570309 0.0504566 0.0445546 0.0393045 0.0346844 0.0306722 0.0272461 0.0243852 0.0220708 0.0202866 0.0190196 0.0182607 
0.0193569 0.019617 0.0204132 0.0217528 0.0236465 0.0261085 0.029156 0.0328091 0.0370894 0.04202 0.0476239 0.0539236 0.0609397 0.0686905 0.0771902 0.0864488 0.0964708 0.107254 0.11879 0.131063 0.144047 0.157711 0.172012 0.186902 0.202322 0.218208 0.234486 0.251076 0.267895 0.284852 0.301852 0.3188 0.335598 0.352146 0.368346 0.384101 0.399317 0.413903 0.427772 0.440842 0.453036 0.464283 0.47452 0.483687 0.491734 0.498615 0.504294 0.508738 0.511925 0.513837 0.514464 0.513802 0.511856 0.508634 0.504155 0.498443 0.491528 0.483449 0.474251 0.463984 0.452709 0.440489 0.427396 0.413506 0.398903 0.383674 0.36791 0.351705 0.335156 0.318363 0.301424 0.284436 0.267497 0.250701 0.234135 0.217886 0.202032 0.186645 0.171791 0.157526 0.143898 0.13095 0.118712 0.107208 0.0964546 0.0864599 0.0772252 0.0687459 0.0610117 0.0540082 0.0477172 0.042118 0.0371884 0.0329055 0.0292467 0.0261905 0.0237175 0.0218107 0.0204564 0.0196455 
0.0207493 0.0210271 0.0218762 0.0233042 0.0253222 0.0279449 0.0311902 0.0350789 0.0396333 0.0448771 0.0508339 0.0575266 0.0649762 0.0732007 0.0822142 0.0920261 0.10264 0.114051 0.126251 0.13922 0.15293 0.167346 0.182424 0.19811 0.214341 0.231048 0.248154 0.265575 0.28322 0.300994 0.3188 0.336537 0.354101 0.371391 0.388303 0.404738 0.420599 0.435792 0.450228 0.463823 0.476499 0.488184 0.498813 0.508326 0.516674 0.523809 0.529696 0.534302 0.537604 0.539585 0.540235 0.53955 0.537533 0.534195 0.529554 0.523633 0.516462 0.508081 0.498535 0.487874 0.476159 0.463455 0.449835 0.435377 0.420164 0.404288 0.387841 0.370922 0.35363 0.336068 0.318339 0.300545 0.282787 0.265163 0.247768 0.230692 0.214016 0.19782 0.182171 0.167131 0.152753 0.13908 0.126148 0.113983 0.102604 0.0920199 0.0822343 0.0732434 0.0650376 0.0576026 0.0509203 0.0449697 0.0397283 0.0351724 0.0312789 0.0280256 0.0253924 0.0233618 0.0219195 0.0210559 
0.0221589 0.0224545 0.0233567 0.0248736 0.0270164 0.0298004 0.0332443 0.0373692 0.0421983 0.0477558 0.0540658 0.0611516 0.0690342 0.0777316 0.0872576 0.0976206 0.108823 0.120859 0.133718 0.147377 0.161806 0.176967 0.192812 0.209282 0.226312 0.243828 0.261746 0.27998 0.298433 0.317007 0.335598 0.354101 0.37241 0.390418 0.408019 0.425111 0.441593 0.457369 0.472348 0.486445 0.499582 0.511684 0.522686 0.532529 0.541162 0.548538 0.554621 0.55938 0.562792 0.564838 0.565509 0.564802 0.56272 0.559272 0.554477 0.548359 0.540946 0.532279 0.522402 0.511366 0.499232 0.486066 0.471941 0.456937 0.441139 0.424639 0.407534 0.389923 0.371911 0.353602 0.335105 0.316524 0.297966 0.279534 0.261326 0.243436 0.225953 0.208959 0.192526 0.176721 0.1616 0.14721 0.13359 0.120768 0.108767 0.0975964 0.0872621 0.0777609 0.0690842 0.0612181 0.0541445 0.0478424 0.0422886 0.0374593 0.0333305 0.0298796 0.0270856 0.0249307 0.0234 0.0224836 
0.0235765 0.02389 0.0248453 0.0264508 0.0287182 0.0316632 0.0353049 0.0396652 0.0447679 0.0506376 0.0572989 0.0647754 0.073088 0.0822547 0.0922886 0.103197 0.114982 0.127636 0.141144 0.155484 0.170621 0.186515 0.203112 0.220352 0.238163 0.256469 0.27518 0.294205 0.313445 0.332794 0.352146 0.371391 0.390418 0.409118 0.427381 0.445102 0.462178 0.478511 0.494008 0.508583 0.522156 0.534653 0.546008 0.556162 0.565062 0.572666 0.578934 0.583836 0.587349 0.589457 0.590148 0.589421 0.587277 0.583728 0.578789 0.572484 0.564845 0.555908 0.545719 0.534329 0.521799 0.508194 0.493589 0.478065 0.461708 0.444612 0.426874 0.408599 0.389893 0.370864 0.351623 0.33228 0.312945 0.293726 0.274726 0.256043 0.237771 0.219995 0.202794 0.186238 0.170386 0.15529 0.140991 0.127522 0.114905 0.103155 0.0922769 0.08227 0.0731262 0.064832 0.0573695 0.0507177 0.0448531 0.0397514 0.0353883 0.0317403 0.0287861 0.0265072 0.0248883 0.0239193 
0.0249926 0.0253237 0.0263317 0.0280251 0.0304159 0.0335204 0.0373582 0.0419516 0.047325 0.0535034 0.0605119 0.068374 0.077111 0.0867402 0.0972743 0.10872 0.121077 0.134337 0.148483 0.163489 0.179319 0.195928 0.21326 0.231249 0.249821 0.268893 0.288374 0.308166 0.328164 0.348261 0.368346 0.388303 0.408019 0.427381 0.446277 0.464597 0.482237 0.499098 0.515086 0.530112 0.544096 0.556964 0.56865 0.579095 0.588246 0.596061 0.602501 0.607537 0.611146 0.61331 0.614021 0.613274 0.611074 0.607429 0.602357 0.59588 0.588028 0.57884 0.568358 0.556636 0.543733 0.529715 0.514657 0.498641 0.481753 0.46409 0.445751 0.426841 0.40747 0.38775 0.367795 0.347718 0.327634 0.307655 0.287887 0.268435 0.249396 0.23086 0.212911 0.195621 0.179055 0.163268 0.148304 0.1342 0.120979 0.108659 0.097246 0.0867411 0.0771368 0.0684202 0.0605739 0.0535765 0.0474047 0.0420336 0.0374384 0.0335953 0.0304824 0.0280806 0.0263743 0.0253531 
0.0263967 0.0267453 0.0278052 0.0295852 0.0320976 0.035359 0.0393896 0.0442122 0.0498516 0.0563332 0.0636823 0.0719227 0.0810754 0.0911575 0.102181 0.114151 0.127067 0.140918 0.155685 0.17134 0.187843 0.205146 0.22319 0.241905 0.261212 0.281024 0.301246 0.321775 0.342502 0.363316 0.384101 0.404738 0.425111 0.445102 0.464597 0.483484 0.501658 0.519016 0.535464 0.550913 0.565282 0.578497 0.590491 0.601206 0.61059 0.618601 0.625201 0.63036 0.634057 0.636274 0.637002 0.636238 0.633985 0.630253 0.625057 0.618421 0.610373 0.600951 0.590199 0.578167 0.564916 0.550512 0.535029 0.51855 0.501162 0.482964 0.464055 0.444543 0.424541 0.404162 0.383524 0.362746 0.341943 0.321233 0.300728 0.280534 0.260755 0.241485 0.22281 0.204809 0.18755 0.171092 0.155482 0.140758 0.126948 0.114071 0.102136 0.0911437 0.0810886 0.0719582 0.0637354 0.056399 0.0499254 0.0442896 0.0394664 0.0354314 0.0321623 0.0296396 0.0278474 0.0267748 
0.0277785 0.0281442 0.0292548 0.0311194 0.0337506 0.0371653 0.0413842 0.0464305 0.0523292 0.0591064 0.0667874 0.0753961 0.0849533 0.0954756 0.106974 0.119454 0.132911 0.147334 0.162702 0.178984 0.196137 0.214109 0.232838 0.25225 0.272263 0.292784 0.313715 0.334948 0.356371 0.377867 0.399317 0.420599 0.441593 0.462178 0.482237 0.501658 0.520332 0.538155 0.555033 0.570875 0.585601 0.599137 0.611416 0.62238 0.631979 0.64017 0.646916 0.652189 0.655966 0.658231 0.658976 0.658196 0.655896 0.652083 0.646775 0.639992 0.631764 0.622127 0.611125 0.598807 0.585234 0.570471 0.554593 0.537681 0.519827 0.501126 0.481681 0.461603 0.441003 0.420001 0.398717 0.377271 0.355785 0.334378 0.313168 0.292265 0.271776 0.2518 0.232429 0.213743 0.195816 0.17871 0.162474 0.147152 0.132772 0.119355 0.106912 0.0954471 0.0849537 0.0754207 0.0668314 0.0591647 0.052397 0.046503 0.0414573 0.037235 0.0338134 0.0311727 0.0292964 0.0281737 
0.029127 0.0295093 0.0306691 0.0326157 0.0353621 0.0389254 0.0433267 0.0485895 0.0547394 0.0618024 0.0698043 0.0787687 0.0887163 0.0996633 0.11162 0.12459 0.138568 0.153542 0.169486 0.186369 0.204144 0.222756 0.24214 0.262217 0.282902 0.304099 0.325703 0.347604 0.369685 0.391826 0.413903 0.435792 0.457369 0.478511 0.499098 0.519016 0.538155 0.556411 0.573686 0.589892 0.604948 0.618778 0.631319 0.642511 0.652306 0.660661 0.66754 0.672915 0.676766 0.679075 0.679835 0.679041 0.676697 0.672813 0.667402 0.660486 0.652094 0.642261 0.63103 0.618451 0.604581 0.589487 0.573244 0.555932 0.537644 0.518475 0.498531 0.477921 0.456763 0.435175 0.413282 0.391206 0.369074 0.347008 0.325128 0.303551 0.282387 0.261739 0.241702 0.222363 0.203797 0.186069 0.169234 0.153336 0.138408 0.124472 0.111542 0.0996201 0.088704 0.0787824 0.069839 0.061853 0.0548009 0.0486571 0.0433959 0.0389922 0.0354229 0.0326677 0.03071 0.0295387 
0.0304313 0.0308296 0.0320367 0.0340622 0.0369193 0.0406254 0.0452017 0.0506724 0.0570632 0.0644005 0.0727098 0.082015 0.0923364 0.103689 0.116084 0.129522 0.143997 0.159495 0.175989 0.193443 0.211809 0.231029 0.251034 0.271741 0.293061 0.314895 0.337133 0.359663 0.382362 0.405107 0.427772 0.450228 0.472348 0.494008 0.515086 0.535464 0.555033 0.573686 0.591328 0.607867 0.623223 0.637323 0.650101 0.661501 0.671473 0.679976 0.686975 0.692444 0.69636 0.698709 0.699482 0.698676 0.696294 0.692344 0.686841 0.679805 0.671266 0.661255 0.649817 0.636999 0.622859 0.607463 0.590884 0.573205 0.554517 0.534916 0.514509 0.493407 0.471728 0.449595 0.427132 0.404467 0.381728 0.359042 0.336533 0.314321 0.292519 0.271236 0.250569 0.23061 0.211437 0.193119 0.175714 0.159268 0.143818 0.129386 0.115989 0.103632 0.0923115 0.0820179 0.0727353 0.0644434 0.0571185 0.050735 0.045267 0.0406892 0.036978 0.0341129 0.0320769 0.0308589 
0.0316805 0.032094 0.0333462 0.0354469 0.0384092 0.0422512 0.0469942 0.0526626 0.0592824 0.0668801 0.0754814 0.08511 0.0957857 0.107524 0.120333 0.134214 0.149159 0.165152 0.182164 0.200157 0.21908 0.238872 0.259459 0.280757 0.302673 0.325103 0.347934 0.37105 0.394325 0.417632 0.440842 0.463823 0.486445 0.508583 0.530112 0.550913 0.570875 0.589892 0.607867 0.62471 0.640339 0.654682 0.667674 0.67926 0.689392 0.698027 0.705134 0.710686 0.714661 0.717045 0.71783 0.717014 0.714597 0.710589 0.705004 0.697862 0.68919 0.67902 0.667395 0.654362 0.639978 0.624308 0.607425 0.589411 0.570356 0.55036 0.529527 0.507972 0.485813 0.463175 0.440185 0.416973 0.393671 0.370407 0.347311 0.324504 0.302106 0.280227 0.25897 0.238428 0.218684 0.19981 0.181867 0.164905 0.14896 0.134061 0.120222 0.107452 0.0957486 0.0851023 0.0754979 0.0669155 0.0593314 0.0527202 0.0470555 0.042312 0.0384658 0.035496 0.0333857 0.0321232 
0.0328638 0.0332917 0.0345864 0.0367578 0.0398194 0.0437892 0.0486891 0.0545435 0.0613787 0.0692213 0.078097 0.0880292 0.0990376 0.111137 0.124334 0.13863 0.154015 0.170471 0.187967 0.206463 0.225905 0.246229 0.267359 0.289206 0.311675 0.334657 0.358037 0.381694 0.4055 0.429325 0.453036 0.476499 0.499582 0.522156 0.544096 0.565282 0.585601 0.604948 0.623223 0.640339 0.656213 0.670774 0.683958 0.69571 0.705983 0.714737 0.721939 0.727564 0.731591 0.734007 0.734803 0.733977 0.73153 0.727471 0.721814 0.714577 0.705787 0.695477 0.683685 0.67046 0.655857 0.639941 0.622784 0.604467 0.585081 0.564725 0.543506 0.521537 0.49894 0.475839 0.452365 0.42865 0.404828 0.381032 0.357392 0.334036 0.311085 0.288653 0.266846 0.245762 0.225486 0.206095 0.18765 0.170205 0.153798 0.13846 0.124209 0.111052 0.0989887 0.0880113 0.0781048 0.0692494 0.0614217 0.0545962 0.0487466 0.0438471 0.0398738 0.0368055 0.034625 0.0333207 
