1.20698e-07 1.26598e-07 1.56671e-07 2.1559e-07 3.11986e-07 4.59372e-07 6.77365e-07 9.93356e-07 1.44464e-06 2.08103e-06 2.96804e-06 4.19052e-06 5.85683e-06 8.10336e-06 1.10994e-05 1.50517e-05 2.02097e-05 2.6869e-05 3.53746e-05 4.61223e-05 5.95588e-05 7.6178e-05 9.65153e-05 0.000121138 0.000150632 0.000185585 0.000226565 0.000274095 0.000328629 0.000390519 0.000459989 0.000537102 0.00062174 0.000713575 0.000812058 0.000916408 0.00102561 0.00113843 0.00125343 0.00136898 0.00148333 0.00159461 0.00170092 0.00180036 0.00189108 0.00197135 0.00203959 0.00209446 0.00213484 0.00215993 0.00216919 0.00216246 0.00213987 0.00210189 0.00204931 0.0019832 0.00190488 0.00181588 0.00171793 0.00161285 0.00150253 0.00138887 0.00127374 0.0011589 0.00104597 0.000936431 0.000831526 0.000732298 0.000639555 0.000553876 0.00047562 0.000404937 0.000341793 0.000285993 0.00023721 0.000195013 0.000158897 0.000128311 0.000102677 8.14166e-05 6.39673e-05 4.9794e-05 3.84009e-05 2.93376e-05 2.22023e-05 1.66432e-05 1.23571e-05 9.08682e-06 6.61762e-06 4.77274e-06 3.40878e-06 2.411e-06 1.68888e-06 1.17198e-06 8.06252e-07 5.50846e-07 3.75398e-07 2.57826e-07 1.82561e-07 1.39299e-07 
1.26598e-07 1.32862e-07 1.64625e-07 2.26846e-07 3.28685e-07 4.84481e-07 7.15063e-07 1.04952e-06 1.52747e-06 2.20187e-06 3.14237e-06 4.4392e-06 6.20761e-06 8.59271e-06 1.17745e-05 1.59732e-05 2.14539e-05 2.85311e-05 3.75716e-05 4.89964e-05 6.32801e-05 8.09473e-05 0.000102567 0.00012874 0.000160089 0.000197237 0.000240783 0.000291283 0.000349213 0.000414945 0.000488712 0.000570578 0.000660411 0.000757861 0.00086234 0.000973017 0.00108881 0.00120842 0.0013303 0.00145274 0.00157387 0.00169174 0.00180431 0.00190959 0.00200561 0.00209055 0.00216276 0.0022208 0.00226351 0.00229002 0.00229979 0.00229263 0.00226869 0.00222847 0.00217279 0.00210278 0.00201985 0.00192561 0.00182188 0.00171058 0.00159372 0.00147331 0.00135132 0.00122961 0.00110991 0.000993775 0.000882536 0.000777297 0.000678917 0.000588015 0.000504972 0.000429954 0.000362926 0.000303685 0.000251886 0.000207077 0.000168721 0.000136236 0.000109009 8.64276e-05 6.78942e-05 5.28411e-05 4.07418e-05 3.1118e-05 2.35427e-05 1.7642e-05 1.30936e-05 9.62427e-06 7.00569e-06 5.04998e-06 3.60471e-06 2.54799e-06 1.78363e-06 1.23682e-06 8.50174e-07 5.80344e-07 3.95119e-07 2.71081e-07 1.91732e-07 1.46157e-07 
1.56671e-07 1.64625e-07 2.04114e-07 2.81275e-07 4.07417e-07 6.00215e-07 8.85313e-07 1.29847e-06 1.88834e-06 2.71981e-06 3.87813e-06 5.47355e-06 7.6466e-06 1.05739e-05 1.44741e-05 1.96141e-05 2.63145e-05 3.49548e-05 4.59764e-05 5.98849e-05 7.72483e-05 9.86931e-05 0.000124896 0.000156571 0.000194451 0.000239271 0.000291733 0.00035248 0.000422064 0.000500904 0.000589254 0.000687167 0.000794463 0.000910702 0.00103516 0.00116685 0.00130446 0.00144643 0.00159095 0.00173598 0.00187932 0.00201867 0.00215166 0.00227591 0.00238917 0.00248928 0.00257433 0.00264264 0.00269286 0.00272398 0.00273538 0.00272683 0.00269852 0.00265102 0.0025853 0.00250267 0.00240476 0.00229348 0.00217094 0.00203939 0.00190118 0.00175866 0.00161416 0.00146988 0.00132785 0.00118992 0.00105766 0.000932406 0.00081518 0.000706737 0.000607551 0.000517837 0.000437576 0.000366548 0.000304362 0.000250494 0.000204324 0.000165167 0.000132304 0.000105012 8.25829e-05 6.43417e-05 4.9661e-05 3.7969e-05 2.87544e-05 2.15681e-05 1.60224e-05 1.17875e-05 8.58764e-06 6.19531e-06 4.42564e-06 3.13051e-06 2.19287e-06 1.52156e-06 1.04652e-06 7.14776e-07 4.86922e-07 3.3428e-07 2.36629e-07 1.80588e-07 
2.1559e-07 2.26846e-07 2.81275e-07 3.87247e-07 5.60139e-07 8.23926e-07 1.21331e-06 1.77658e-06 2.57925e-06 3.70853e-06 5.2786e-06 7.43677e-06 1.03702e-05 1.43136e-05 1.95563e-05 2.64505e-05 3.54178e-05 4.69555e-05 6.164e-05 8.01287e-05 0.000103157 0.000131534 0.000166127 0.000207849 0.000257632 0.000316401 0.000385036 0.000464337 0.000554975 0.00065745 0.000772048 0.000898791 0.0010374 0.00118728 0.00134747 0.00151664 0.00169313 0.00187492 0.00205968 0.00224482 0.00242757 0.00260499 0.0027741 0.00293194 0.00307565 0.00320257 0.00331028 0.00339671 0.00346017 0.00349942 0.00351368 0.00350267 0.00346662 0.00340626 0.00332279 0.00321786 0.00309349 0.00295207 0.00279623 0.00262881 0.00245276 0.00227104 0.00208658 0.00190217 0.00172041 0.00154363 0.00137387 0.00121284 0.00106189 0.000922011 0.000793842 0.000677699 0.000573599 0.000481295 0.000400322 0.000330039 0.000269678 0.00021838 0.00017524 0.000139339 0.000109772 8.56769e-05 6.62448e-05 5.07371e-05 3.84905e-05 2.89205e-05 2.15206e-05 1.58588e-05 1.15727e-05 8.36218e-06 5.98295e-06 4.2386e-06 2.97355e-06 2.0663e-06 1.42327e-06 9.73541e-07 6.64231e-07 4.56793e-07 3.24013e-07 2.47861e-07 
3.11986e-07 3.28685e-07 4.07417e-07 5.60139e-07 8.08743e-07 1.18727e-06 1.74488e-06 2.54978e-06 3.69427e-06 5.30083e-06 7.52937e-06 1.05855e-05 1.47297e-05 2.02871e-05 2.76578e-05 3.73263e-05 4.98711e-05 6.59711e-05 8.64106e-05 0.00011208 0.000143971 0.000183168 0.000230831 0.000288169 0.000356414 0.000436775 0.000530396 0.0006383 0.000761334 0.000900109 0.00105494 0.0012258 0.00141225 0.00161343 0.001828 0.00205417 0.00228967 0.00253181 0.00277749 0.00302329 0.00326553 0.00350038 0.00372394 0.00393235 0.00412189 0.0042891 0.00443087 0.0045445 0.00462784 0.00467926 0.00469778 0.00468305 0.00463537 0.00455567 0.0044455 0.004307 0.00414281 0.003956 0.00375001 0.00352851 0.00329535 0.00305442 0.00280954 0.00256439 0.0023224 0.00208667 0.00185993 0.00164447 0.00144212 0.00125425 0.00108176 0.000925142 0.000784465 0.00065946 0.000549558 0.000453954 0.000371658 0.000301559 0.000242471 0.000193183 0.000152498 0.000119264 9.23998e-05 7.09112e-05 5.39025e-05 4.05808e-05 3.02567e-05 2.23399e-05 1.63335e-05 1.18246e-05 8.47612e-06 6.01598e-06 4.22816e-06 2.94344e-06 2.03112e-06 1.39188e-06 9.51503e-07 6.55758e-07 4.66299e-07 3.57691e-07 
4.59372e-07 4.84481e-07 6.00215e-07 8.23926e-07 1.18727e-06 1.73937e-06 2.55092e-06 3.71984e-06 5.37818e-06 7.70069e-06 1.09148e-05 1.5312e-05 2.12602e-05 2.92174e-05 3.97447e-05 5.35194e-05 7.13466e-05 9.41679e-05 0.000123066 0.000159265 0.000204122 0.000259113 0.000325808 0.000405838 0.000500845 0.000612437 0.000742116 0.000891209 0.00106079 0.00125162 0.00146402 0.00169787 0.0019525 0.00222665 0.00251844 0.00282539 0.0031444 0.0034718 0.00380341 0.00413464 0.00446058 0.00477612 0.00507609 0.00535539 0.00560911 0.00583271 0.00602208 0.00617373 0.0062848 0.0063532 0.00637764 0.00635767 0.00629366 0.00618688 0.00603934 0.00585385 0.00563386 0.00538343 0.00510707 0.00480964 0.00449623 0.00417198 0.00384199 0.00351117 0.00318411 0.002865 0.00255752 0.00226481 0.0019894 0.00173318 0.00149747 0.00128299 0.00108993 0.000917994 0.000766493 0.0006344 0.000520431 0.000423125 0.00034091 0.000272169 0.000215291 0.000168719 0.000130984 0.000100729 7.67246e-05 5.788e-05 4.32419e-05 3.19915e-05 2.34365e-05 1.70002e-05 1.22097e-05 8.68259e-06 6.11394e-06 4.26428e-06 2.94816e-06 2.02423e-06 1.38661e-06 9.57786e-07 6.8282e-07 5.2525e-07 
6.77365e-07 7.15063e-07 8.85313e-07 1.21331e-06 1.74488e-06 2.55092e-06 3.73329e-06 5.43258e-06 7.83796e-06 1.1199e-05 1.58394e-05 2.21728e-05 3.07196e-05 4.21252e-05 5.71774e-05 7.68238e-05 0.000102186 0.000134572 0.000175477 0.000226585 0.000289755 0.000366997 0.000460439 0.000572275 0.000704705 0.000859859 0.00103971 0.00124597 0.00148002 0.00174274 0.0020345 0.00235498 0.00270315 0.00307721 0.00347453 0.00389164 0.00432431 0.00476754 0.0052157 0.00566262 0.00610172 0.00652621 0.00692921 0.00730398 0.00764405 0.00794343 0.00819674 0.00839938 0.00854764 0.00863876 0.00867107 0.00864399 0.00855803 0.00841481 0.00821702 0.00796831 0.00767324 0.00733713 0.00696593 0.00656606 0.00614424 0.00570731 0.00526206 0.00481504 0.00437243 0.00393986 0.00352233 0.00312413 0.00274873 0.00239881 0.00207624 0.0017821 0.00151675 0.00127992 0.00107076 0.000887981 0.000729912 0.000594636 0.00048007 0.000384052 0.000304416 0.000239055 0.00018597 0.000143307 0.000109379 8.26815e-05 6.18956e-05 4.58837e-05 3.36804e-05 2.44789e-05 1.76153e-05 1.25507e-05 8.85464e-06 6.1876e-06 4.28606e-06 2.9486e-06 2.02398e-06 1.40121e-06 1.00151e-06 7.72518e-07 
9.93356e-07 1.04952e-06 1.29847e-06 1.77658e-06 2.54978e-06 3.71984e-06 5.43258e-06 7.8888e-06 1.13578e-05 1.6194e-05 2.28556e-05 3.19261e-05 4.41372e-05 6.0393e-05 8.17935e-05 0.000109657 0.000145537 0.000191237 0.000248812 0.000320564 0.000409024 0.000516913 0.000647095 0.000802505 0.000986064 0.00120058 0.00144861 0.00173237 0.00205355 0.00241324 0.00281172 0.00324844 0.00372184 0.00422933 0.00476724 0.00533081 0.00591427 0.00651089 0.00711308 0.00771261 0.00830076 0.0088685 0.0094068 0.00990676 0.0103599 0.0107584 0.0110953 0.0113646 0.0115613 0.011682 0.0117245 0.0116881 0.0115734 0.0113824 0.0111189 0.0107874 0.0103939 0.0099455 0.00944983 0.00891536 0.00835093 0.00776557 0.00716824 0.00656767 0.00597206 0.005389 0.00482522 0.00428653 0.0037777 0.00330246 0.00286344 0.00246226 0.00209956 0.00177511 0.00148793 0.00123637 0.00101832 0.000831264 0.000672474 0.000539073 0.000428169 0.000336927 0.000262646 0.000202807 0.000155108 0.000117486 8.8128e-05 6.54607e-05 4.81459e-05 3.50612e-05 2.52795e-05 1.80462e-05 1.27561e-05 8.93091e-06 6.19816e-06 4.27239e-06 2.93871e-06 2.03909e-06 1.46115e-06 1.13011e-06 
1.44464e-06 1.52747e-06 1.88834e-06 2.57925e-06 3.69427e-06 5.37818e-06 7.83796e-06 1.13578e-05 1.63181e-05 2.32173e-05 3.26983e-05 4.55773e-05 6.28738e-05 8.58436e-05 0.000116008 0.000155185 0.000205507 0.000269439 0.000349778 0.000449645 0.000572447 0.000721836 0.000901627 0.00111571 0.00136791 0.0016619 0.00200096 0.00238789 0.00282477 0.00331283 0.00385226 0.00444206 0.00507995 0.00576227 0.00648394 0.00723851 0.00801817 0.00881392 0.00961567 0.0104126 0.0111931 0.0119454 0.0126578 0.0133186 0.0139168 0.0144424 0.0148863 0.0152407 0.0154994 0.0156578 0.0157133 0.0156647 0.0155131 0.015261 0.0149131 0.0144755 0.0139558 0.0133631 0.0127073 0.0119996 0.0112513 0.0104743 0.00968032 0.00888078 0.00808658 0.00730776 0.00655333 0.0058311 0.00514756 0.00450782 0.00391558 0.0033732 0.00288176 0.00244114 0.00205021 0.00170699 0.00140877 0.00115233 0.00093412 0.000750357 0.000597214 0.000470919 0.000367854 0.000284629 0.000218131 0.000165561 0.00012444 9.26186e-05 6.82559e-05 4.9804e-05 3.59793e-05 2.57341e-05 1.82253e-05 1.27845e-05 8.88968e-06 6.1397e-06 4.23187e-06 2.94304e-06 2.11425e-06 1.6396e-06 
2.08103e-06 2.20187e-06 2.71981e-06 3.70853e-06 5.30083e-06 7.70069e-06 1.1199e-05 1.6194e-05 2.32173e-05 3.29634e-05 4.63255e-05 6.44329e-05 8.86927e-05 0.000120831 0.000162931 0.000217471 0.000287351 0.000375902 0.000486894 0.000624506 0.000793282 0.000998061 0.00124387 0.0015358 0.00187882 0.00227763 0.0027364 0.00325861 0.00384675 0.00450216 0.00522479 0.00601302 0.00686355 0.00777127 0.00872926 0.00972881 0.0107595 0.0118095 0.0128654 0.0139132 0.0149377 0.0159239 0.0168563 0.0177201 0.0185012 0.0191868 0.0197652 0.0202265 0.020563 0.0207687 0.0208403 0.0207764 0.0205782 0.0202492 0.0197951 0.0192237 0.0185449 0.0177701 0.0169122 0.0159852 0.015004 0.0139838 0.0129398 0.0118868 0.0108391 0.0098098 0.00881091 0.00785278 0.00694411 0.00609186 0.00530119 0.00457545 0.00391636 0.00332405 0.0027973 0.00233371 0.00192993 0.00158188 0.00128499 0.00103435 0.00082496 0.00065186 0.000510255 0.000395632 0.000303827 0.000231077 0.000174039 0.000129796 9.58459e-05 7.00744e-05 5.07227e-05 3.635e-05 2.57935e-05 1.81282e-05 1.26298e-05 8.74015e-06 6.03683e-06 4.20786e-06 3.03057e-06 2.35641e-06 
2.96804e-06 3.14237e-06 3.87813e-06 5.2786e-06 7.52937e-06 1.09148e-05 1.58394e-05 2.28556e-05 3.26983e-05 4.63255e-05 6.49642e-05 9.01614e-05 0.000123837 0.000168339 0.000226489 0.000301632 0.00039766 0.000519034 0.000670769 0.000858401 0.00108792 0.00136566 0.00169816 0.002092 0.00255354 0.00308872 0.00370276 0.00439988 0.00518301 0.00605349 0.00701086 0.0080526 0.00917399 0.010368 0.0116254 0.0129344 0.0142815 0.015651 0.0170257 0.0183874 0.0197167 0.0209941 0.0222003 0.0233162 0.0243242 0.0252078 0.0259526 0.0265461 0.0269786 0.0272426 0.0273339 0.0272508 0.026995 0.0265706 0.025985 0.025248 0.0243718 0.0233709 0.0222617 0.0210619 0.0197903 0.0184663 0.0171093 0.0157384 0.014372 0.0130273 0.0117196 0.0104628 0.00926828 0.00814552 0.00710152 0.00614107 0.00526674 0.00447913 0.00377698 0.00315751 0.00261661 0.00214922 0.00174952 0.00141124 0.00112794 0.000893149 0.000700603 0.000544361 0.000418919 0.000319272 0.00024096 0.000180073 0.000133242 9.76105e-05 7.07948e-05 5.08345e-05 3.61419e-05 2.54507e-05 1.77661e-05 1.23191e-05 8.52672e-06 5.95703e-06 4.30126e-06 3.3532e-06 
4.19052e-06 4.4392e-06 5.47355e-06 7.43677e-06 1.05855e-05 1.5312e-05 2.21728e-05 3.19261e-05 4.55773e-05 6.44329e-05 9.01614e-05 0.000124859 0.000171117 0.000232092 0.000311567 0.000414002 0.000544569 0.000709165 0.000914389 0.00116749 0.00147626 0.00184889 0.0022938 0.00281934 0.00343356 0.00414386 0.00495664 0.00587693 0.00690802 0.00805116 0.00930519 0.0106663 0.0121279 0.0136805 0.0153116 0.017006 0.0187459 0.0205112 0.0222798 0.0240283 0.0257324 0.0273673 0.0289087 0.030333 0.0316179 0.032743 0.0336903 0.0344446 0.0349935 0.0353283 0.0354433 0.0353368 0.0350107 0.0344702 0.0337243 0.0327852 0.0316681 0.030391 0.0289743 0.02744 0.0258119 0.0241141 0.0223712 0.0206076 0.0188466 0.0171101 0.0154181 0.0137883 0.0122361 0.0107738 0.00941086 0.008154 0.00700709 0.00597135 0.0050457 0.00422697 0.00351029 0.0028894 0.00235707 0.0019054 0.00152617 0.00121107 0.000952021 0.000741286 0.000571673 0.000436608 0.000330203 0.000247276 0.000183343 0.000134586 9.78086e-05 7.03715e-05 5.01309e-05 3.5371e-05 2.47397e-05 1.71893e-05 1.19229e-05 8.34893e-06 6.04371e-06 4.72386e-06 
5.85683e-06 6.20761e-06 7.6466e-06 1.03702e-05 1.47297e-05 2.12602e-05 3.07196e-05 4.41372e-05 6.28738e-05 8.86927e-05 0.000123837 0.000171117 0.000233993 0.000316662 0.000424137 0.0005623 0.000737945 0.000958778 0.00123338 0.00157113 0.00198204 0.00247658 0.0030654 0.00375903 0.00456746 0.00549977 0.00656365 0.00776497 0.0091073 0.0105915 0.0122154 0.0139735 0.0158565 0.0178519 0.0199432 0.0221106 0.0243313 0.0265796 0.0288277 0.0310459 0.033204 0.0352711 0.0372169 0.0390123 0.04063 0.0420449 0.043235 0.0441817 0.04487 0.0452891 0.0454324 0.0452977 0.0448871 0.0442074 0.0432692 0.0420875 0.040681 0.0390716 0.0372843 0.0353464 0.033287 0.0311363 0.0289248 0.0266831 0.0244403 0.0222243 0.0200606 0.0179719 0.0159781 0.0140952 0.0123362 0.0107101 0.00922245 0.00787561 0.00666882 0.00559864 0.0046594 0.00384357 0.00314227 0.00254568 0.00204346 0.00162509 0.00128025 0.000999015 0.000772085 0.000590927 0.000447858 0.000336085 0.000249707 0.000183678 0.000133757 9.64289e-05 6.88305e-05 4.86613e-05 3.41034e-05 2.37435e-05 1.65043e-05 1.15839e-05 8.40689e-06 6.58797e-06 
8.10336e-06 8.59271e-06 1.05739e-05 1.43136e-05 2.02871e-05 2.92174e-05 4.21252e-05 6.0393e-05 8.58436e-05 0.000120831 0.000168339 0.000232092 0.000316662 0.000427571 0.000571383 0.000755773 0.00098956 0.0012827 0.00164622 0.0020921 0.00263307 0.00328231 0.00405316 0.00495866 0.00601104 0.00722126 0.00859839 0.0101491 0.011877 0.0137823 0.0158612 0.0181059 0.020504 0.0230387 0.0256886 0.0284285 0.0312293 0.0340587 0.0368818 0.0396621 0.0423619 0.0449434 0.0473696 0.0496051 0.0516166 0.0533739 0.0548505 0.0560239 0.0568762 0.0573944 0.0575708 0.0574025 0.0568923 0.0560482 0.054883 0.0534147 0.0516658 0.0496628 0.0474358 0.0450181 0.0424451 0.0397536 0.0369814 0.0341659 0.0313436 0.0285491 0.0258146 0.0231689 0.0206373 0.0182409 0.0159964 0.0139163 0.0120083 0.0102764 0.00872048 0.00733699 0.00611951 0.00505916 0.00414522 0.00336566 0.00270764 0.00215806 0.00170386 0.00133248 0.00103204 0.000791594 0.000601225 0.000452133 0.000336634 0.000248133 0.000181064 0.000130799 9.35518e-05 6.62711e-05 4.65384e-05 3.24677e-05 2.26172e-05 1.59115e-05 1.15772e-05 9.09569e-06 
1.10994e-05 1.17745e-05 1.44741e-05 1.95563e-05 2.76578e-05 3.97447e-05 5.71774e-05 8.17935e-05 0.000116008 0.000162931 0.000226489 0.000311567 0.000424137 0.000571383 0.000761811 0.00100532 0.00131323 0.00169825 0.00217439 0.00275677 0.00346135 0.00430456 0.00530284 0.00647211 0.00782714 0.00938091 0.0111439 0.0131233 0.0153227 0.017741 0.0203725 0.0232059 0.0262248 0.0294072 0.032726 0.0361489 0.0396396 0.0431578 0.0466607 0.0501034 0.0534399 0.0566246 0.0596128 0.0623619 0.0648322 0.0669877 0.0687968 0.0702331 0.0712754 0.0719083 0.0721227 0.0719153 0.0712894 0.0702544 0.0688255 0.067024 0.0648764 0.0624144 0.0596739 0.0566946 0.053519 0.0501917 0.0467584 0.0432646 0.0397551 0.0362726 0.032857 0.0295445 0.0263671 0.0233518 0.0205204 0.0178893 0.0154696 0.0132672 0.0112831 0.00951412 0.00795309 0.00658978 0.00541148 0.00440366 0.00355068 0.00283632 0.00224437 0.00175907 0.00136545 0.00104961 0.000798918 0.000602089 0.000449233 0.000331825 0.000242636 0.000175638 0.000125877 8.93501e-05 6.28728e-05 4.39544e-05 3.06855e-05 2.16384e-05 1.57844e-05 1.24328e-05 
1.50517e-05 1.59732e-05 1.96141e-05 2.64505e-05 3.73263e-05 5.35194e-05 7.68238e-05 0.000109657 0.000155185 0.000217471 0.000301632 0.000414002 0.0005623 0.000755773 0.00100532 0.00132356 0.00172487 0.00222528 0.0028424 0.00359506 0.00450303 0.00558651 0.00686551 0.00835918 0.0100851 0.0120582 0.0142905 0.0167894 0.019558 0.0225933 0.0258865 0.0294226 0.0331797 0.0371296 0.0412378 0.0454641 0.0497635 0.0540866 0.0583811 0.0625927 0.0666664 0.0705474 0.0741827 0.0775219 0.0805181 0.0831293 0.0853185 0.0870547 0.0883134 0.0890769 0.0893343 0.0890822 0.0883241 0.087071 0.0853407 0.0831579 0.0805537 0.077565 0.0742341 0.0706076 0.0667361 0.0626724 0.0584712 0.0541873 0.0498748 0.0455857 0.041369 0.0372695 0.0333271 0.0295761 0.0260443 0.0227535 0.0197187 0.0169487 0.0144463 0.0122089 0.0102289 0.0084948 0.0069918 0.00570268 0.00460856 0.00368973 0.00292627 0.00229868 0.00178829 0.00137768 0.00105092 0.000793724 0.000593484 0.000439303 0.000321898 0.000233495 0.000167685 0.000119269 8.40975e-05 5.89154e-05 4.122e-05 2.91357e-05 2.13079e-05 1.6826e-05 
2.02097e-05 2.14539e-05 2.63145e-05 3.54178e-05 4.98711e-05 7.13466e-05 0.000102186 0.000145537 0.000205507 0.000287351 0.00039766 0.000544569 0.000737945 0.00098956 0.00131323 0.00172487 0.00224251 0.00288618 0.0036777 0.00464028 0.00579812 0.00717568 0.00879701 0.0106848 0.0128595 0.0153384 0.0181342 0.0212547 0.0247014 0.0284689 0.0325447 0.0369082 0.0415311 0.0463777 0.0514047 0.0565625 0.0617961 0.0670457 0.0722483 0.0773392 0.082253 0.0869254 0.0912941 0.0953004 0.09889 0.102014 0.10463 0.106703 0.108204 0.109114 0.109419 0.109117 0.10821 0.106712 0.104643 0.102032 0.0989129 0.0953295 0.0913306 0.0869702 0.0823073 0.0774039 0.0723244 0.0671338 0.0618967 0.0566756 0.0515299 0.0465144 0.0416783 0.0370644 0.0327082 0.0286377 0.0248732 0.0214273 0.0183052 0.0155056 0.013021 0.0108386 0.00894159 0.00730987 0.00592105 0.00475145 0.00377694 0.00297364 0.0023186 0.00179022 0.00136863 0.00103594 0.000776266 0.000575826 0.000422824 0.000307343 0.000221174 0.000157637 0.00011138 7.81924e-05 5.48275e-05 3.88458e-05 2.8482e-05 2.25476e-05 
2.6869e-05 2.85311e-05 3.49548e-05 4.69555e-05 6.59711e-05 9.41679e-05 0.000134572 0.000191237 0.000269439 0.000375902 0.000519034 0.000709165 0.000958778 0.0012827 0.00169825 0.00222528 0.00288618 0.00370565 0.00471043 0.00592881 0.00738998 0.00912324 0.011157 0.0135179 0.0162292 0.0193102 0.0227745 0.0266291 0.0308735 0.0354989 0.0404874 0.0458121 0.0514368 0.0573164 0.0633977 0.0696203 0.0759173 0.0822175 0.0884461 0.0945269 0.100383 0.105941 0.111127 0.115876 0.120123 0.123815 0.126903 0.129348 0.131116 0.132186 0.132544 0.132186 0.131116 0.129347 0.126904 0.123818 0.120129 0.115886 0.111143 0.105964 0.100416 0.0945697 0.0885009 0.0822855 0.0759995 0.0697173 0.0635097 0.0574429 0.0515771 0.045965 0.0406511 0.0356714 0.0310523 0.0268117 0.0229581 0.0194923 0.0164072 0.0136894 0.01132 0.00927594 0.00753117 0.00605759 0.00482633 0.00380858 0.00297637 0.00230327 0.0017648 0.00133874 0.00100535 0.000747364 0.000549948 0.000400585 0.000288873 0.000206313 0.000146074 0.000102765 7.22168e-05 5.12878e-05 3.77006e-05 2.99197e-05 
3.53746e-05 3.75716e-05 4.59764e-05 6.164e-05 8.64106e-05 0.000123066 0.000175477 0.000248812 0.000349778 0.000486894 0.000670769 0.000914389 0.00123338 0.00164622 0.00217439 0.0028424 0.0036777 0.00471043 0.005973 0.00749944 0.00932456 0.011483 0.0140078 0.0169297 0.0202748 0.024064 0.0283111 0.0330218 0.0381926 0.0438098 0.0498491 0.0562755 0.0630432 0.0700965 0.0773704 0.0847921 0.0922818 0.0997555 0.107125 0.114303 0.121201 0.127732 0.133815 0.139375 0.14434 0.14865 0.15225 0.155097 0.157155 0.158398 0.158813 0.158394 0.157146 0.155085 0.152236 0.148635 0.144325 0.139361 0.133805 0.127728 0.121204 0.114317 0.107151 0.0997953 0.0923374 0.0848646 0.0774607 0.0702047 0.0631689 0.0564177 0.0500063 0.04398 0.0383732 0.03321 0.0285037 0.024258 0.0204672 0.0171175 0.0141885 0.0116541 0.0094844 0.00764661 0.00610662 0.00483005 0.00378331 0.00293438 0.00225341 0.00171319 0.00128938 0.000960575 0.000708349 0.000517052 0.000373638 0.000267405 0.000189723 0.000133755 9.42028e-05 6.7061e-05 4.94205e-05 3.93174e-05 
4.61223e-05 4.89964e-05 5.98849e-05 8.01287e-05 0.00011208 0.000159265 0.000226585 0.000320564 0.000449645 0.000624506 0.000858401 0.00116749 0.00157113 0.0020921 0.00275677 0.00359506 0.00464028 0.00592881 0.00749944 0.00939261 0.0116493 0.0143099 0.0174126 0.0209917 0.0250762 0.0296881 0.0348408 0.0405374 0.0467702 0.0535192 0.0607521 0.0684241 0.0764781 0.0848461 0.0934497 0.102202 0.11101 0.119774 0.128394 0.136768 0.144795 0.15238 0.159431 0.165862 0.171596 0.176566 0.180713 0.183987 0.186352 0.18778 0.188255 0.187771 0.186335 0.183962 0.180681 0.176529 0.171556 0.16582 0.15939 0.152342 0.144764 0.136745 0.128383 0.119777 0.11103 0.102241 0.0935093 0.0849269 0.0765803 0.0685472 0.0608949 0.0536797 0.0469459 0.0407254 0.0350376 0.0298902 0.02528 0.0211936 0.0176094 0.0144988 0.0118277 0.0095585 0.00765146 0.0060661 0.00476249 0.0037023 0.00284956 0.00217126 0.00163772 0.00122275 0.000903612 0.000660978 0.000478644 0.000343267 0.000244054 0.000172424 0.000121706 8.68456e-05 6.41628e-05 5.11699e-05 
5.95588e-05 6.32801e-05 7.72483e-05 0.000103157 0.000143971 0.000204122 0.000289755 0.000409024 0.000572447 0.000793282 0.00108792 0.00147626 0.00198204 0.00263307 0.00346135 0.00450303 0.00579812 0.00738998 0.00932456 0.0116493 0.014412 0.0176589 0.0214333 0.0257733 0.0307102 0.0362663 0.0424534 0.0492711 0.0567058 0.0647295 0.0733002 0.0823614 0.0918431 0.101663 0.111727 0.121935 0.132176 0.142337 0.152304 0.161961 0.171196 0.179901 0.187976 0.195326 0.20187 0.207532 0.212249 0.215971 0.218656 0.220275 0.220813 0.220262 0.218629 0.215931 0.212199 0.207471 0.201801 0.195252 0.187899 0.179824 0.171123 0.161895 0.152249 0.142296 0.132152 0.121932 0.111747 0.101707 0.0919123 0.0824561 0.0734196 0.064872 0.0568689 0.0494519 0.0426483 0.0364713 0.0309212 0.0259862 0.0216441 0.0178639 0.014608 0.0118337 0.00949526 0.00754559 0.00593784 0.00462663 0.00356908 0.00272562 0.00206041 0.00154168 0.00114176 0.000836949 0.000607342 0.000436472 0.000310967 0.000220165 0.000155748 0.0001114 8.25108e-05 6.59601e-05 
7.6178e-05 8.09473e-05 9.86931e-05 0.000131534 0.000183168 0.000259113 0.000366997 0.000516913 0.000721836 0.000998061 0.00136566 0.00184889 0.00247658 0.00328231 0.00430456 0.00558651 0.00717568 0.00912324 0.011483 0.0143099 0.0176589 0.0215825 0.0261287 0.0313392 0.0372468 0.0438733 0.0512276 0.0593041 0.0680815 0.0775224 0.0875726 0.0981621 0.109206 0.120606 0.132253 0.144027 0.155803 0.167454 0.178848 0.189857 0.200359 0.210234 0.219373 0.227676 0.235054 0.241427 0.24673 0.250908 0.25392 0.255735 0.256336 0.255717 0.253883 0.250854 0.246659 0.241341 0.234955 0.227567 0.219257 0.210114 0.200239 0.189742 0.178741 0.167361 0.155728 0.143972 0.132223 0.120604 0.109233 0.0982186 0.087659 0.0776376 0.0682235 0.0594698 0.0514134 0.0440751 0.0374599 0.0315588 0.0263501 0.0218012 0.0178711 0.014512 0.0116721 0.00929742 0.00733353 0.00572733 0.00442827 0.00338937 0.00256785 0.00192557 0.00142913 0.00104983 0.000763415 0.000549777 0.000392507 0.000278485 0.000197439 0.000141553 0.000105106 8.42208e-05 
9.65153e-05 0.000102567 0.000124896 0.000166127 0.000230831 0.000325808 0.000460439 0.000647095 0.000901627 0.00124387 0.00169816 0.0022938 0.0030654 0.00405316 0.00530284 0.00686551 0.00879701 0.011157 0.0140078 0.0174126 0.0214333 0.0261287 0.0315516 0.0377464 0.0447464 0.0525716 0.0612266 0.0706988 0.0809574 0.091953 0.103618 0.115866 0.128596 0.141691 0.155025 0.16846 0.181855 0.195065 0.207947 0.220358 0.232164 0.243238 0.253463 0.262732 0.270952 0.278042 0.283932 0.288568 0.291906 0.293916 0.29458 0.293892 0.291858 0.288498 0.283841 0.27793 0.270823 0.262588 0.253306 0.243073 0.231995 0.22019 0.207785 0.194915 0.181721 0.168347 0.154937 0.141633 0.12857 0.115874 0.103661 0.0920313 0.0810689 0.0708407 0.0613955 0.052763 0.0449552 0.0379674 0.0317794 0.026358 0.0216592 0.0176307 0.0142146 0.0113496 0.00897323 0.00702414 0.00544336 0.0041757 0.00317061 0.00238276 0.00177225 0.00130464 0.000950697 0.000686069 0.000490829 0.00034898 0.000247963 0.000178191 0.000132637 0.000106528 
0.000121138 0.00012874 0.000156571 0.000207849 0.000288169 0.000405838 0.000572275 0.000802505 0.00111571 0.0015358 0.002092 0.00281934 0.00375903 0.00495866 0.00647211 0.00835918 0.0106848 0.0135179 0.0169297 0.0209917 0.0257733 0.0313392 0.0377464 0.045041 0.0532558 0.0624075 0.0724943 0.0834948 0.0953664 0.108046 0.121449 0.135472 0.149994 0.164882 0.179988 0.195157 0.210231 0.225049 0.239452 0.253288 0.266413 0.278692 0.29 0.30023 0.309282 0.317076 0.323542 0.328624 0.33228 0.334479 0.335205 0.334451 0.332223 0.328539 0.323431 0.31694 0.309123 0.30005 0.289803 0.278481 0.266194 0.253066 0.239232 0.224836 0.210033 0.194979 0.179835 0.16476 0.149908 0.135423 0.12144 0.108077 0.0954377 0.0836037 0.0726375 0.0625805 0.0534534 0.0452574 0.0379755 0.031575 0.0260099 0.0212238 0.0171527 0.0137281 0.0108792 0.00853589 0.00663002 0.00509745 0.00387907 0.00292153 0.00217765 0.00160646 0.00117307 0.000848295 0.000608144 0.000433299 0.000308547 0.000222242 0.000165829 0.00013349 
0.000150632 0.000160089 0.000194451 0.000257632 0.000356414 0.000500845 0.000704705 0.000986064 0.00136791 0.00187882 0.00255354 0.00343356 0.00456746 0.00601104 0.00782714 0.0100851 0.0128595 0.0162292 0.0202748 0.0250762 0.0307102 0.0372468 0.0447464 0.0532558 0.0628058 0.0734076 0.0850516 0.0977047 0.111311 0.125789 0.141038 0.156935 0.173338 0.190092 0.207031 0.223981 0.240766 0.25721 0.273143 0.288401 0.302832 0.316294 0.328661 0.339821 0.349677 0.358147 0.365162 0.370668 0.374625 0.377004 0.377788 0.376971 0.37456 0.370571 0.365033 0.357988 0.349491 0.339609 0.328426 0.31604 0.302563 0.288124 0.272863 0.256934 0.240501 0.223733 0.206808 0.1899 0.173182 0.15682 0.140968 0.125765 0.111332 0.0977711 0.08516 0.0735539 0.0629844 0.0534608 0.0449711 0.0374843 0.0309536 0.0253193 0.020512 0.0164558 0.0130715 0.0102797 0.00800271 0.00616666 0.00470308 0.00354983 0.00265161 0.00196021 0.00143436 0.00103937 0.000746655 0.000533096 0.000380434 0.00027465 0.000205427 0.000165733 
0.000185585 0.000197237 0.000239271 0.000316401 0.000436775 0.000612437 0.000859859 0.00120058 0.0016619 0.00227763 0.00308872 0.00414386 0.00549977 0.00722126 0.00938091 0.0120582 0.0153384 0.0193102 0.024064 0.0296881 0.0362663 0.0438733 0.0525716 0.0624075 0.0734076 0.0855763 0.098893 0.113311 0.128758 0.145135 0.162318 0.180164 0.19851 0.217179 0.235984 0.254732 0.273231 0.291292 0.308732 0.325379 0.341074 0.355673 0.369049 0.381089 0.391698 0.400797 0.408321 0.414219 0.418453 0.420996 0.421834 0.42096 0.418381 0.414111 0.408178 0.40062 0.391489 0.380848 0.36878 0.35538 0.34076 0.32505 0.308395 0.290954 0.272899 0.254414 0.235687 0.216912 0.19828 0.179977 0.162179 0.145046 0.128721 0.113326 0.0989576 0.085687 0.0735593 0.0625938 0.0527853 0.0441069 0.0365121 0.0299388 0.0243127 0.0195512 0.0155668 0.0122703 0.00957409 0.00739399 0.00565151 0.0042749 0.00319999 0.00237053 0.00173817 0.00126208 0.000908486 0.000649978 0.000464837 0.000336345 0.000252166 0.000203884 
0.000226565 0.000240783 0.000291733 0.000385036 0.000530396 0.000742116 0.00103971 0.00144861 0.00200096 0.0027364 0.00370276 0.00495664 0.00656365 0.00859839 0.0111439 0.0142905 0.0181342 0.0227745 0.0283111 0.0348408 0.0424534 0.0512276 0.0612266 0.0724943 0.0850516 0.098893 0.113985 0.130265 0.147642 0.165994 0.185178 0.205024 0.225348 0.24595 0.266623 0.287157 0.307343 0.326978 0.345871 0.363844 0.380735 0.396399 0.410708 0.423556 0.434849 0.444515 0.452494 0.458739 0.463218 0.465906 0.466791 0.465868 0.463142 0.458625 0.452342 0.444326 0.434623 0.423293 0.410413 0.396072 0.380382 0.36347 0.345482 0.326581 0.306946 0.286769 0.266253 0.245607 0.22504 0.204759 0.184962 0.165833 0.147538 0.13022 0.113997 0.0989597 0.085168 0.0726542 0.0614225 0.0514513 0.0426964 0.0350948 0.0285682 0.0230277 0.0183775 0.0145191 0.0113543 0.00878825 0.00673183 0.00510296 0.00382786 0.00284151 0.00208774 0.00151895 0.00109559 0.000785436 0.000562897 0.000408207 0.000306751 0.000248545 
0.000274095 0.000291283 0.00035248 0.000464337 0.0006383 0.000891209 0.00124597 0.00173237 0.00238789 0.00325861 0.00439988 0.00587693 0.00776497 0.0101491 0.0131233 0.0167894 0.0212547 0.0266291 0.0330218 0.0405374 0.0492711 0.0593041 0.0706988 0.0834948 0.0977047 0.113311 0.130265 0.148486 0.167859 0.188241 0.209464 0.231334 0.253642 0.276166 0.298678 0.320952 0.342764 0.363901 0.384165 0.403373 0.421364 0.437994 0.453141 0.466703 0.478595 0.488751 0.497118 0.503658 0.508343 0.511153 0.512078 0.511114 0.508265 0.503542 0.496962 0.488554 0.478358 0.466427 0.452827 0.437644 0.420981 0.402962 0.383731 0.363451 0.342307 0.320498 0.298236 0.275746 0.253254 0.230988 0.209168 0.188002 0.167681 0.148373 0.130217 0.113326 0.0977779 0.0836206 0.0708698 0.0595115 0.0495059 0.0407902 0.0332836 0.0268916 0.0215108 0.0170332 0.0133501 0.0103558 0.00794965 0.00603885 0.00453929 0.00337648 0.00248578 0.00181213 0.00130964 0.000940775 0.000675624 0.000491028 0.000369825 0.00030027 
0.000328629 0.000349213 0.000422064 0.000554975 0.000761334 0.00106079 0.00148002 0.00205355 0.00282477 0.00384675 0.00518301 0.00690802 0.0091073 0.011877 0.0153227 0.019558 0.0247014 0.0308735 0.0381926 0.0467702 0.0567058 0.0680815 0.0809574 0.0953664 0.111311 0.128758 0.147642 0.167859 0.189272 0.211713 0.234986 0.258873 0.28314 0.307543 0.331835 0.355773 0.37912 0.401658 0.423181 0.443509 0.462479 0.479956 0.495824 0.50999 0.52238 0.532936 0.541617 0.548391 0.553237 0.556143 0.557099 0.556105 0.553162 0.548276 0.541462 0.532741 0.522142 0.50971 0.495501 0.479592 0.462076 0.44307 0.422712 0.401165 0.378612 0.355259 0.331326 0.30705 0.282675 0.258447 0.234608 0.211393 0.189016 0.167672 0.147526 0.128713 0.111333 0.0954508 0.0810964 0.0682663 0.0569266 0.0470168 0.038455 0.0311421 0.0249678 0.0198151 0.0155648 0.0120999 0.00930829 0.00708566 0.00533704 0.00397784 0.00293427 0.00214326 0.00155195 0.00111704 0.000803843 0.000585468 0.000441929 0.000359532 
0.000390519 0.000414945 0.000500904 0.00065745 0.000900109 0.00125162 0.00174274 0.00241324 0.00331283 0.00450216 0.00605349 0.00805116 0.0105915 0.0137823 0.017741 0.0225933 0.0284689 0.0354989 0.0438098 0.0535192 0.0647295 0.0775224 0.091953 0.108046 0.125789 0.145135 0.165994 0.188241 0.211713 0.236214 0.26152 0.287389 0.31356 0.339769 0.365751 0.391247 0.416013 0.439822 0.46247 0.483776 0.503587 0.521773 0.538231 0.552878 0.565653 0.576511 0.585421 0.592363 0.597323 0.600295 0.601274 0.60026 0.597253 0.592255 0.585275 0.576324 0.565423 0.552603 0.53791 0.521407 0.503175 0.483322 0.461977 0.439297 0.415464 0.390683 0.365183 0.33921 0.313021 0.286884 0.261061 0.235811 0.211376 0.187977 0.165806 0.145024 0.125754 0.108082 0.0920533 0.0776781 0.0649305 0.0537545 0.0440683 0.03577 0.028743 0.0228617 0.0179971 0.0140205 0.0108084 0.00824439 0.00622228 0.00464676 0.00343433 0.00251331 0.00182338 0.00131493 0.000948135 0.000692006 0.000523472 0.000426698 
0.000459989 0.000488712 0.000589254 0.000772048 0.00105494 0.00146402 0.0020345 0.00281172 0.00385226 0.00522479 0.00701086 0.00930519 0.0122154 0.0158612 0.0203725 0.0258865 0.0325447 0.0404874 0.0498491 0.0607521 0.0733002 0.0875726 0.103618 0.121449 0.141038 0.162318 0.185178 0.209464 0.234986 0.26152 0.288816 0.316601 0.344594 0.372508 0.400062 0.426986 0.453028 0.477959 0.501575 0.523704 0.544199 0.562944 0.579848 0.594844 0.607885 0.618941 0.627993 0.635033 0.640057 0.643065 0.644058 0.643035 0.639995 0.634937 0.627861 0.61877 0.607672 0.594586 0.579542 0.562588 0.543793 0.523248 0.501073 0.477415 0.45245 0.426383 0.399445 0.37189 0.343988 0.316022 0.288277 0.261036 0.234566 0.209118 0.184913 0.162137 0.14094 0.12143 0.103673 0.0876932 0.0734757 0.0609709 0.0500993 0.0407573 0.0328232 0.026164 0.0206407 0.0161137 0.0124474 0.00951368 0.00719435 0.00538304 0.00398603 0.00292249 0.00212418 0.00153473 0.00110878 0.000810901 0.000614691 0.000501992 
0.000537102 0.000570578 0.000687167 0.000898791 0.0012258 0.00169787 0.00235498 0.00324844 0.00444206 0.00601302 0.0080526 0.0106663 0.0139735 0.0181059 0.0232059 0.0294226 0.0369082 0.0458121 0.0562755 0.0684241 0.0823614 0.0981621 0.115866 0.135472 0.156935 0.180164 0.205024 0.231334 0.258873 0.287389 0.316601 0.346213 0.375919 0.405413 0.434399 0.462599 0.489756 0.51564 0.540056 0.562838 0.583852 0.602997 0.620199 0.635407 0.648591 0.659738 0.668843 0.675912 0.680949 0.683964 0.68496 0.683939 0.680898 0.675832 0.668732 0.659591 0.648404 0.635175 0.619918 0.602664 0.583464 0.562394 0.539558 0.515092 0.489162 0.461969 0.433745 0.404746 0.375254 0.345567 0.315989 0.286825 0.258372 0.230907 0.20468 0.179909 0.156769 0.135394 0.115871 0.0982421 0.082506 0.0686214 0.0565129 0.0460768 0.037188 0.0297065 0.0234843 0.0183711 0.0142197 0.0108895 0.00825055 0.0061849 0.00458823 0.00337013 0.00245397 0.00177626 0.00128569 0.000942141 0.000715619 0.000585468 
0.00062174 0.000660411 0.000794463 0.0010374 0.00141225 0.0019525 0.00270315 0.00372184 0.00507995 0.00686355 0.00917399 0.0121279 0.0158565 0.020504 0.0262248 0.0331797 0.0415311 0.0514368 0.0630432 0.0764781 0.0918431 0.109206 0.128596 0.149994 0.173338 0.19851 0.225348 0.253642 0.28314 0.31356 0.344594 0.375919 0.407206 0.438135 0.468396 0.497703 0.5258 0.552461 0.577497 0.600757 0.622121 0.641505 0.658855 0.674139 0.687346 0.698479 0.707551 0.714579 0.719581 0.722572 0.723563 0.722555 0.719544 0.71452 0.707465 0.698362 0.687193 0.673943 0.65861 0.641207 0.621763 0.600338 0.577018 0.551922 0.525206 0.497061 0.467717 0.437431 0.406494 0.375214 0.343914 0.312923 0.282561 0.253135 0.224925 0.198178 0.173101 0.149853 0.128546 0.109241 0.0919519 0.0766493 0.0632635 0.0516925 0.0418089 0.0334673 0.0265112 0.0207804 0.0161158 0.0123651 0.00938598 0.00704889 0.00523852 0.00385456 0.00281163 0.00203875 0.00147838 0.00108541 0.000826049 0.000676983 
0.000713575 0.000757861 0.000910702 0.00118728 0.00161343 0.00222665 0.00307721 0.00422933 0.00576227 0.00777127 0.010368 0.0136805 0.0178519 0.0230387 0.0294072 0.0371296 0.0463777 0.0573164 0.0700965 0.0848461 0.101663 0.120606 0.141691 0.164882 0.190092 0.217179 0.24595 0.276166 0.307543 0.339769 0.372508 0.405413 0.438135 0.470337 0.501702 0.531939 0.560794 0.588048 0.613525 0.637086 0.658632 0.678099 0.695452 0.710681 0.723794 0.734815 0.743771 0.750696 0.755616 0.758557 0.759533 0.758548 0.755595 0.75066 0.743716 0.734734 0.723682 0.710528 0.695253 0.677845 0.658318 0.636706 0.613077 0.587533 0.560213 0.531299 0.501012 0.46961 0.437386 0.40466 0.37177 0.339065 0.306891 0.275582 0.245449 0.216771 0.189783 0.164674 0.141583 0.120591 0.101732 0.084987 0.0702957 0.0575595 0.0466502 0.0374181 0.0296995 0.0233244 0.0181229 0.0139307 0.0105935 0.00796973 0.0059331 0.00437307 0.00319526 0.00232088 0.00168593 0.00124007 0.000945514 0.000776169 
0.000812058 0.00086234 0.00103516 0.00134747 0.001828 0.00251844 0.00347453 0.00476724 0.00648394 0.00872926 0.0116254 0.0153116 0.0199432 0.0256886 0.032726 0.0412378 0.0514047 0.0633977 0.0773704 0.0934497 0.111727 0.132253 0.155025 0.179988 0.207031 0.235984 0.266623 0.298678 0.331835 0.365751 0.400062 0.434399 0.468396 0.501702 0.533993 0.564979 0.594409 0.622075 0.647815 0.671508 0.693076 0.712476 0.729697 0.744749 0.757663 0.76848 0.777247 0.78401 0.788808 0.791674 0.792627 0.791673 0.788804 0.784 0.777225 0.76844 0.757596 0.744647 0.72955 0.712277 0.692815 0.671178 0.647411 0.621596 0.593854 0.564354 0.533306 0.500965 0.467624 0.43361 0.399276 0.364988 0.331116 0.298022 0.266047 0.2355 0.206649 0.179713 0.154856 0.132185 0.111753 0.0935566 0.0775449 0.0636247 0.0516689 0.0415245 0.0330218 0.0259819 0.0202246 0.0155739 0.0118635 0.00894038 0.00666677 0.00492188 0.00360211 0.0026207 0.00190695 0.00140511 0.00107326 0.000882425 
0.000916408 0.000973017 0.00116685 0.00151664 0.00205417 0.00282539 0.00389164 0.00533081 0.00723851 0.00972881 0.0129344 0.017006 0.0221106 0.0284285 0.0361489 0.0454641 0.0565625 0.0696203 0.0847921 0.102202 0.121935 0.144027 0.16846 0.195157 0.223981 0.254732 0.287157 0.320952 0.355773 0.391247 0.426986 0.462599 0.497703 0.531939 0.564979 0.596533 0.62636 0.654264 0.6801 0.703767 0.72521 0.744408 0.761373 0.77614 0.788761 0.799296 0.807809 0.81436 0.819 0.82177 0.822694 0.821778 0.819015 0.814377 0.807823 0.799299 0.788744 0.776093 0.761285 0.744269 0.725009 0.703496 0.679751 0.653833 0.625845 0.595937 0.564308 0.531205 0.49692 0.461785 0.426161 0.390434 0.354994 0.320229 0.28651 0.254176 0.223528 0.194815 0.168229 0.143905 0.121914 0.102272 0.0849388 0.0698282 0.0568156 0.0457466 0.0364461 0.0287276 0.0224009 0.0172792 0.0131845 0.00995201 0.00743294 0.00549613 0.00402865 0.00293563 0.00213956 0.00157916 0.00120826 0.000994899 
0.00102561 0.00108881 0.00130446 0.00169313 0.00228967 0.0031444 0.00432431 0.00591427 0.00801817 0.0107595 0.0142815 0.0187459 0.0243313 0.0312293 0.0396396 0.0497635 0.0617961 0.0759173 0.0922818 0.11101 0.132176 0.155803 0.181855 0.210231 0.240766 0.273231 0.307343 0.342764 0.37912 0.416013 0.453028 0.489756 0.5258 0.560794 0.594409 0.62636 0.656416 0.684397 0.710175 0.733674 0.754859 0.773737 0.790341 0.804732 0.816981 0.827168 0.835374 0.841672 0.846126 0.848782 0.84967 0.8488 0.846159 0.841717 0.835423 0.827215 0.817015 0.804742 0.790317 0.773664 0.754726 0.733469 0.70989 0.684024 0.655951 0.625804 0.593766 0.560074 0.525017 0.488927 0.452176 0.41516 0.378291 0.341982 0.30663 0.272607 0.240244 0.209822 0.181562 0.155626 0.132108 0.111041 0.0923984 0.0761037 0.0620356 0.0500394 0.0399361 0.0315324 0.0246291 0.0190288 0.0145425 0.0109941 0.00822372 0.00608994 0.00447052 0.0032625 0.00238144 0.0017605 0.00134918 0.0011125 
0.00113843 0.00120842 0.00144643 0.00187492 0.00253181 0.0034718 0.00476754 0.00651089 0.00881392 0.0118095 0.015651 0.0205112 0.0265796 0.0340587 0.0431578 0.0540866 0.0670457 0.0822175 0.0997555 0.119774 0.142337 0.167454 0.195065 0.225049 0.25721 0.291292 0.326978 0.363901 0.401658 0.439822 0.477959 0.51564 0.552461 0.588048 0.622075 0.654264 0.684397 0.71231 0.737897 0.761104 0.781922 0.800379 0.816537 0.830477 0.842291 0.852079 0.859937 0.865952 0.870197 0.872728 0.873576 0.872754 0.870249 0.866024 0.860022 0.85217 0.842377 0.830546 0.816577 0.800375 0.781859 0.760971 0.737681 0.712002 0.68399 0.653758 0.621471 0.587354 0.55169 0.514809 0.477089 0.438939 0.400786 0.363067 0.326206 0.290604 0.256623 0.224575 0.194712 0.167221 0.142221 0.119765 0.0998402 0.0823804 0.0672696 0.0543539 0.0434518 0.0343641 0.0268833 0.0208025 0.015922 0.0120547 0.00903 0.00669646 0.00492267 0.00359755 0.00262983 0.00194705 0.00149441 0.00123388 
