0.00135241 0.00136857 0.00142237 0.0015145 0.00164596 0.00181809 0.00203259 0.00229145 0.00259695 0.00295157 0.00335797 0.00381891 0.00433718 0.00491555 0.00555667 0.00626301 0.00703676 0.00787974 0.00879335 0.00977846 0.0108353 0.0119636 0.0131621 0.0144289 0.0157612 0.0171554 0.0186069 0.0201102 0.0216589 0.0232458 0.0248628 0.026501 0.0281507 0.0298017 0.0314432 0.0330639 0.0346523 0.0361967 0.0376852 0.0391064 0.0404487 0.0417012 0.0428533 0.0438953 0.0448182 0.045614 0.0462756 0.0467972 0.0471741 0.0474028 0.0474815 0.0474093 0.047187 0.0468166 0.0463015 0.0456462 0.0448567 0.04394 0.042904 0.0417578 0.0405111 0.0391744 0.0377585 0.036275 0.0347355 0.0331516 0.031535 0.0298973 0.0282497 0.0266029 0.0249671 0.0233521 0.0217666 0.0202188 0.0187159 0.0172643 0.0158695 0.014536 0.0132676 0.0120669 0.0109361 0.00987613 0.00888757 0.00797014 0.00712302 0.00634484 0.00563381 0.00498777 0.00440431 0.00388081 0.00341452 0.00300269 0.00264258 0.00233156 0.00206716 0.00184712 0.00166945 0.00153248 0.00143484 0.00137568 
0.00136857 0.00138495 0.0014394 0.00153266 0.00166571 0.00183992 0.00205699 0.00231895 0.0026281 0.00298694 0.00339816 0.00386455 0.00438892 0.00497408 0.00562269 0.00633724 0.00711994 0.00797264 0.00889672 0.00989307 0.010962 0.012103 0.0133149 0.0145958 0.0159429 0.0173525 0.0188199 0.0203396 0.0219052 0.0235092 0.0251435 0.0267992 0.0284664 0.0301348 0.0317935 0.0334311 0.035036 0.0365963 0.0381002 0.0395359 0.0408919 0.0421571 0.0433209 0.0443734 0.0453056 0.0461093 0.0467775 0.0473043 0.0476849 0.0479159 0.0479953 0.0479223 0.0476978 0.0473236 0.0468032 0.0461413 0.0453438 0.0444178 0.0433713 0.0422134 0.040954 0.0396036 0.0381732 0.0366744 0.0351189 0.0335185 0.031885 0.0302301 0.0285651 0.0269008 0.0252477 0.0236153 0.0220128 0.0204482 0.018929 0.0174615 0.0160513 0.0147031 0.0134205 0.0122065 0.0110629 0.00999099 0.00899121 0.00806333 0.0072065 0.00641937 0.00570013 0.00504661 0.00445636 0.00392674 0.00345499 0.00303833 0.00267398 0.00235928 0.00209175 0.00186911 0.00168934 0.00155074 0.00145196 0.0013921 
0.00142237 0.0014394 0.00149594 0.0015927 0.00173073 0.00191142 0.00213653 0.00240815 0.00272863 0.00310057 0.00352671 0.00400991 0.00455309 0.00515909 0.00583066 0.00657033 0.00738036 0.00826261 0.0092185 0.0102489 0.011354 0.0125335 0.0137859 0.0151094 0.0165008 0.0179565 0.0194715 0.0210401 0.0226558 0.0243107 0.0259966 0.0277041 0.0294232 0.0311431 0.0328527 0.0345403 0.0361939 0.0378013 0.0393504 0.0408289 0.0422252 0.0435278 0.0447258 0.0458092 0.0467687 0.0475958 0.0482834 0.0488254 0.0492169 0.0494545 0.049536 0.0494608 0.0492295 0.0488443 0.0483086 0.0476272 0.0468062 0.0458528 0.0447754 0.0435832 0.0422863 0.0408956 0.0394223 0.0378784 0.0362758 0.0346268 0.0329434 0.0312376 0.0295211 0.0278051 0.0261002 0.0244164 0.022763 0.0211485 0.0195804 0.0180654 0.0166093 0.0152168 0.0138919 0.0126374 0.0114555 0.0103474 0.00931369 0.00835405 0.00746771 0.00665329 0.00590895 0.00523247 0.00462137 0.00407293 0.00358433 0.0031527 0.0027752 0.00244911 0.00217186 0.0019411 0.00175476 0.0016111 0.00150871 0.0014467 
0.0015145 0.00153266 0.0015927 0.00169541 0.00184184 0.00203348 0.00227218 0.0025601 0.00289972 0.00329373 0.00374502 0.00425657 0.0048314 0.00547248 0.00618266 0.00696455 0.00782047 0.00875234 0.0097616 0.0108491 0.012015 0.0132587 0.014579 0.0159735 0.0174391 0.0189718 0.0205663 0.0222167 0.0239159 0.0256558 0.0274276 0.0292215 0.031027 0.0328328 0.0346272 0.036398 0.0381326 0.0398183 0.0414424 0.0429922 0.0444554 0.0458202 0.0470752 0.0482098 0.0492145 0.0500805 0.0508002 0.0513674 0.0517771 0.0520256 0.0521107 0.0520317 0.0517893 0.0513857 0.0508245 0.0501108 0.0492508 0.048252 0.0471232 0.0458739 0.0445148 0.043057 0.0415125 0.0398936 0.0382127 0.0364827 0.0347162 0.0329258 0.0311235 0.0293212 0.0275301 0.0257606 0.0240224 0.0223246 0.020675 0.0190807 0.0175478 0.0160813 0.0146855 0.0133634 0.0121173 0.0109486 0.00985787 0.00884498 0.0079091 0.00704884 0.00626231 0.00554725 0.00490106 0.00432093 0.00380394 0.00334709 0.00294743 0.0026021 0.00230843 0.00206396 0.00186654 0.00171433 0.00160585 0.00154018 
0.00164596 0.00166571 0.00173073 0.00184184 0.00200019 0.00220735 0.00246527 0.00277627 0.00314296 0.00356821 0.00405507 0.00460668 0.00522624 0.00591686 0.00668154 0.007523 0.00844367 0.00944551 0.01053 0.0116979 0.0129493 0.0142836 0.0156993 0.0171938 0.0187637 0.0204046 0.0221108 0.023876 0.0256924 0.0275516 0.0294439 0.031359 0.0332856 0.0352118 0.037125 0.0390123 0.0408604 0.0426557 0.0443848 0.0460343 0.0475912 0.049043 0.0503776 0.0515839 0.0526519 0.0535721 0.0543369 0.0549394 0.0553744 0.0556381 0.0557282 0.0556439 0.055386 0.0549567 0.0543599 0.0536009 0.0526864 0.0516242 0.0504234 0.0490944 0.0476481 0.0460966 0.0444524 0.0427283 0.0409379 0.0390945 0.0372116 0.0353025 0.0333801 0.0314569 0.0295448 0.027655 0.0257979 0.023983 0.0222189 0.0205132 0.0188724 0.0173019 0.0158063 0.0143891 0.0130527 0.0117986 0.0106277 0.00953973 0.00853401 0.00760909 0.00676304 0.0059935 0.00529776 0.00467287 0.00411575 0.00362325 0.00319224 0.0028197 0.0025028 0.00223893 0.00202581 0.00186148 0.0017444 0.00167354 
0.00181809 0.00183992 0.00191142 0.00203348 0.00220735 0.0024347 0.00271764 0.00305866 0.00346057 0.00392643 0.00445951 0.00506318 0.00574083 0.00649577 0.00733118 0.00824994 0.00925456 0.0103471 0.011529 0.012801 0.0141633 0.0156148 0.0171538 0.0187776 0.0204823 0.022263 0.0241136 0.0260269 0.0279947 0.0300077 0.0320555 0.0341268 0.0362095 0.0382907 0.040357 0.0423943 0.0443884 0.0463248 0.048189 0.0499668 0.0516441 0.0532077 0.0546446 0.0559432 0.0570923 0.0580824 0.0589049 0.0595528 0.0600204 0.0603036 0.0604001 0.060309 0.0600311 0.0595688 0.0589263 0.0581092 0.0571245 0.0559807 0.0546876 0.053256 0.0516977 0.0500256 0.0482531 0.0463939 0.0444625 0.0424731 0.0404403 0.0383784 0.0363011 0.0342221 0.032154 0.0301091 0.0280986 0.0261327 0.0242208 0.0223711 0.0205908 0.018886 0.0172615 0.0157211 0.0142678 0.0129033 0.0116284 0.0104432 0.00934697 0.00833822 0.00741496 0.00657473 0.00581467 0.00513166 0.00452241 0.00398357 0.00351181 0.00310389 0.00275677 0.00246767 0.00223412 0.00205404 0.00192574 0.00184815 
0.00203259 0.00205699 0.00213653 0.00227218 0.00246527 0.00271764 0.00303158 0.00340978 0.00385528 0.00437141 0.00496168 0.00562972 0.00637918 0.00721362 0.0081364 0.00915059 0.0102588 0.0114632 0.0127653 0.0141657 0.0156644 0.0172602 0.0189512 0.0207341 0.0226045 0.0245571 0.0265849 0.0286803 0.0308339 0.0330357 0.0352741 0.037537 0.0398111 0.0420823 0.044336 0.046557 0.0487299 0.0508389 0.0528684 0.054803 0.0566277 0.0583279 0.05989 0.0613011 0.0625496 0.0636249 0.0645179 0.0652212 0.0657285 0.0660357 0.06614 0.0660405 0.0657382 0.0652356 0.0645373 0.0636491 0.0625788 0.0613353 0.0599293 0.0583723 0.0566771 0.0548576 0.0529281 0.0509036 0.0487995 0.0466315 0.0444152 0.042166 0.039899 0.0376289 0.0353696 0.0331344 0.0309355 0.0287843 0.0266908 0.0246643 0.0227126 0.0208424 0.0190593 0.0173675 0.0157702 0.0142695 0.0128666 0.0115615 0.0103536 0.00924138 0.00822281 0.00729527 0.00645574 0.00570088 0.00502718 0.00443104 0.00390885 0.00345715 0.00307262 0.00275227 0.00249343 0.00229382 0.00215164 0.00206571 
0.00229145 0.00231895 0.00240815 0.0025601 0.00277627 0.00305866 0.00340978 0.00383256 0.00433032 0.00490668 0.00556546 0.00631058 0.007146 0.00807553 0.00910279 0.010231 0.0114631 0.0128011 0.0142466 0.0158001 0.0174615 0.0192294 0.0211013 0.0230735 0.0251412 0.0272982 0.0295369 0.0318485 0.0342229 0.0366487 0.0391135 0.0416036 0.0441045 0.0466009 0.0490767 0.0515152 0.0538997 0.056213 0.0584381 0.0605582 0.062557 0.0644187 0.0661286 0.0676727 0.0690385 0.0702144 0.0711908 0.0719594 0.0725137 0.072849 0.0729625 0.0728532 0.0725221 0.071972 0.0712076 0.0702356 0.0690641 0.0677029 0.0661634 0.0644582 0.0626013 0.0606074 0.0584922 0.0562721 0.0539638 0.0515843 0.0491506 0.0466796 0.0441877 0.0416911 0.039205 0.0367439 0.0343214 0.03195 0.0296408 0.027404 0.0252485 0.0231816 0.0212095 0.0193373 0.0175685 0.0159055 0.0143498 0.0129016 0.0115604 0.0103246 0.00919212 0.00816019 0.0072256 0.00638477 0.00563392 0.00496914 0.00438656 0.00388237 0.00345301 0.0030952 0.00280602 0.002583 0.00242416 0.00232823 
0.00259695 0.0026281 0.00272863 0.00289972 0.00314296 0.00346057 0.00385528 0.00433032 0.00488933 0.00553624 0.00627522 0.00711056 0.00804652 0.00908725 0.0102366 0.0114981 0.0128747 0.0143686 0.0159813 0.0177133 0.0195643 0.0215324 0.0236149 0.0258074 0.0281044 0.0304989 0.0329823 0.0355449 0.0381753 0.040861 0.043588 0.0463413 0.0491049 0.0518618 0.0545944 0.0572845 0.0599134 0.0624627 0.0649136 0.0672478 0.0694475 0.0714956 0.073376 0.0750735 0.0765743 0.0778663 0.0789387 0.0797826 0.080391 0.0807587 0.0808828 0.0807621 0.0803977 0.0797928 0.0789525 0.0778838 0.0765956 0.0750987 0.0734054 0.0715293 0.0694857 0.0672906 0.0649611 0.0625151 0.0599709 0.0573469 0.0546618 0.0519342 0.0491822 0.0464233 0.0436745 0.0409517 0.03827 0.0356431 0.0330835 0.0306026 0.0282102 0.0259146 0.0237229 0.0216407 0.0196722 0.0178202 0.0160864 0.0144714 0.0129746 0.0115945 0.010329 0.00917513 0.00812941 0.00718804 0.00634691 0.00560181 0.00494849 0.00438284 0.00390095 0.00349923 0.00317449 0.00292403 0.00274567 0.00263801 
0.00295157 0.00298694 0.00310057 0.00329373 0.00356821 0.00392643 0.00437141 0.00490668 0.00553624 0.00626439 0.00709571 0.00803483 0.00908642 0.0102549 0.0115446 0.012959 0.0145014 0.0161741 0.0179785 0.0199151 0.021983 0.0241803 0.0265035 0.0289477 0.0315066 0.0341721 0.0369348 0.0397835 0.0427057 0.0456872 0.0487126 0.0517653 0.0548275 0.0578804 0.0609047 0.0638802 0.0667867 0.0696035 0.0723104 0.0748872 0.0773145 0.0795737 0.081647 0.083518 0.0851718 0.086595 0.0877759 0.088705 0.0893745 0.0897789 0.0899149 0.0897813 0.0893794 0.0887125 0.0877862 0.0866081 0.085188 0.0835375 0.08167 0.0796005 0.0773454 0.0749224 0.0723501 0.069648 0.0668361 0.0639347 0.0609644 0.0579453 0.0548976 0.0518406 0.0487929 0.0457723 0.0427953 0.0398773 0.0370324 0.034273 0.0316102 0.0290535 0.0266108 0.0242885 0.0220914 0.020023 0.0180853 0.0162791 0.0146039 0.0130584 0.0116402 0.0103462 0.00917277 0.0081158 0.00717084 0.0063333 0.00559856 0.00496213 0.00441972 0.0039674 0.00360168 0.00331958 0.00311872 0.00299755 
0.00335797 0.00339816 0.00352671 0.00374502 0.00405507 0.00445951 0.00496168 0.00556546 0.00627522 0.00709571 0.00803188 0.00908884 0.0102716 0.0115851 0.0130337 0.0146214 0.0163515 0.0182265 0.0202476 0.0224152 0.0247281 0.027184 0.0297787 0.0325066 0.0353604 0.0383311 0.0414078 0.0445782 0.047828 0.0511417 0.0545019 0.0578903 0.0612871 0.0646716 0.0680224 0.0713173 0.074534 0.0776499 0.0806427 0.0834905 0.0861718 0.0886664 0.0909549 0.0930194 0.0948437 0.0964131 0.097715 0.0987389 0.0994764 0.0999217 0.100071 0.0999231 0.0994794 0.0987434 0.0977212 0.0964213 0.0948541 0.0930324 0.0909707 0.0886853 0.0861943 0.0835168 0.0806733 0.077685 0.074574 0.0713624 0.0680728 0.0647275 0.0613486 0.0579574 0.0545746 0.0512198 0.0479113 0.0446664 0.0415006 0.0384279 0.0354609 0.0326101 0.0298845 0.0272915 0.0248366 0.0225239 0.0203558 0.0183334 0.0164564 0.0147236 0.0131324 0.0116797 0.0103615 0.0091734 0.0081106 0.0071681 0.00634087 0.005624 0.00501279 0.00450294 0.00409061 0.00377253 0.00354606 0.00340952 
0.00381891 0.00386455 0.00400991 0.00425657 0.00460668 0.00506318 0.00562972 0.00631058 0.00711056 0.00803483 0.00908884 0.0102781 0.0116082 0.0130842 0.014711 0.0164928 0.0184331 0.0205344 0.0227978 0.0252235 0.0278101 0.0305545 0.0334519 0.0364959 0.0396781 0.0429882 0.0464142 0.0499419 0.0535557 0.0572379 0.0609694 0.0647298 0.0684972 0.0722487 0.0759605 0.0796085 0.083168 0.0866142 0.0899226 0.0930692 0.0960307 0.0987848 0.10131 0.103588 0.1056 0.10733 0.108765 0.109894 0.110706 0.111196 0.11136 0.111196 0.110707 0.109895 0.108767 0.107333 0.105604 0.103593 0.101318 0.0987947 0.0960435 0.0930854 0.0899426 0.0866385 0.083197 0.0796427 0.0760002 0.072294 0.0685485 0.0647872 0.061033 0.0573075 0.0536313 0.0500232 0.0465009 0.04308 0.0397743 0.036596 0.0335553 0.0306604 0.0279179 0.0253324 0.0229069 0.0206428 0.0185401 0.0165976 0.0148127 0.0131821 0.0117015 0.0103663 0.0091712 0.0081108 0.00717964 0.00637233 0.00568376 0.00510918 0.0046444 0.00428582 0.00403054 0.00387672 
0.00433718 0.00438892 0.00455309 0.0048314 0.00522624 0.00574083 0.00637918 0.007146 0.00804652 0.00908642 0.0102716 0.0116082 0.013102 0.0147587 0.0165834 0.0185807 0.0207542 0.0231062 0.0256381 0.0283496 0.0312387 0.0343019 0.0375337 0.0409265 0.0444709 0.0481551 0.0519656 0.0558866 0.0599004 0.0639876 0.0681268 0.0722953 0.076469 0.0806225 0.0847298 0.0887642 0.0926985 0.0965057 0.100159 0.103632 0.106899 0.109936 0.11272 0.11523 0.117447 0.119352 0.120932 0.122174 0.123068 0.123607 0.123787 0.123606 0.123066 0.122171 0.120929 0.119348 0.117443 0.115227 0.112718 0.109936 0.106901 0.103636 0.100167 0.0965177 0.092715 0.0887858 0.084757 0.0806556 0.0765084 0.0723413 0.0681795 0.0640471 0.0599667 0.0559595 0.0520448 0.0482403 0.0445616 0.0410222 0.0376336 0.0344054 0.031345 0.0284577 0.0257473 0.0232156 0.0208628 0.0186877 0.0166878 0.0148596 0.0131987 0.0116999 0.0103576 0.00916597 0.00811906 0.00721101 0.0064362 0.00578947 0.0052662 0.00486245 0.00457504 0.00440194 
0.00491555 0.00497408 0.00515909 0.00547248 0.00591686 0.00649577 0.00721362 0.00807553 0.00908725 0.0102549 0.0115851 0.0130842 0.0147587 0.0166146 0.0186575 0.020892 0.023322 0.0259498 0.0287766 0.0318017 0.0350228 0.0384356 0.0420336 0.0458082 0.0497485 0.0538415 0.0580719 0.0624218 0.0668718 0.0714001 0.075983 0.0805954 0.0852107 0.0898009 0.0943374 0.0987908 0.103131 0.10733 0.111356 0.115182 0.11878 0.122123 0.125186 0.127947 0.130384 0.132479 0.134215 0.13558 0.136562 0.137153 0.13735 0.137151 0.136557 0.135572 0.134206 0.132468 0.130372 0.127935 0.125174 0.122111 0.118769 0.115174 0.111351 0.107328 0.103134 0.0987981 0.0943503 0.08982 0.0852364 0.0806282 0.0760231 0.0714477 0.0669271 0.0624846 0.058142 0.0539187 0.0498323 0.0458979 0.0421288 0.0385354 0.0351265 0.0319084 0.0288852 0.0260595 0.0234316 0.0210007 0.0187642 0.0167183 0.0148585 0.0131792 0.0116745 0.010338 0.00916321 0.0081438 0.00727364 0.0065471 0.00595911 0.00550537 0.00518241 0.00498798 
0.00555667 0.00562269 0.00583066 0.00618266 0.00668154 0.00733118 0.0081364 0.00910279 0.0102366 0.0115446 0.0130337 0.014711 0.0165834 0.0186575 0.020939 0.0234329 0.0261431 0.029072 0.0322204 0.0355874 0.03917 0.0429631 0.0469592 0.0511485 0.0555187 0.060055 0.0647403 0.0695548 0.0744766 0.0794816 0.0845438 0.0896353 0.0947267 0.0997875 0.104786 0.10969 0.114468 0.119086 0.123513 0.127718 0.13167 0.135341 0.138704 0.141734 0.144407 0.146704 0.148608 0.150104 0.151179 0.151827 0.152042 0.151823 0.151171 0.150092 0.148593 0.146686 0.144386 0.141711 0.13868 0.135317 0.131646 0.127695 0.123493 0.119069 0.114454 0.109682 0.104783 0.0997907 0.0947369 0.0896529 0.0845694 0.0795155 0.0745189 0.0696056 0.0647995 0.0601224 0.0555939 0.0512309 0.0470483 0.043058 0.0392699 0.0356914 0.0323275 0.029181 0.026253 0.0235427 0.0210474 0.0187635 0.016686 0.0148091 0.0131264 0.011631 0.0103159 0.00917425 0.00819939 0.00738517 0.00672607 0.0062174 0.00585536 0.0056375 
0.00626301 0.00633724 0.00657033 0.00696455 0.007523 0.00824994 0.00915059 0.010231 0.0114981 0.012959 0.0146214 0.0164928 0.0185807 0.020892 0.0234329 0.0262085 0.0292229 0.0324782 0.0359752 0.0397123 0.043686 0.0478901 0.0523162 0.0569529 0.0617865 0.0668003 0.0719751 0.0772891 0.0827177 0.0882345 0.0938107 0.0994155 0.105017 0.110581 0.116073 0.121459 0.126703 0.13177 0.136624 0.141232 0.145562 0.149582 0.153263 0.156578 0.159503 0.162015 0.164096 0.165731 0.166906 0.167614 0.167849 0.167608 0.166895 0.165714 0.164074 0.161988 0.159472 0.156544 0.153226 0.149544 0.145523 0.141194 0.136587 0.131735 0.126672 0.121433 0.116052 0.110566 0.105009 0.0994161 0.0938198 0.0882527 0.0827452 0.077326 0.0720216 0.0668562 0.0618514 0.0570263 0.0523975 0.0479787 0.0437808 0.0398125 0.0360796 0.0325857 0.0293322 0.0263186 0.0235425 0.0209998 0.0186856 0.0165937 0.0147171 0.0130485 0.0115805 0.0103056 0.00921645 0.00830652 0.00756979 0.00700113 0.00659641 0.00635298 
0.00703676 0.00711994 0.00738036 0.00782047 0.00844367 0.00925456 0.0102588 0.0114631 0.0128747 0.0145014 0.0163515 0.0184331 0.0207542 0.023322 0.0261431 0.0292229 0.0325653 0.0361725 0.0400448 0.0441802 0.0485743 0.0532199 0.0581074 0.0632239 0.0685539 0.0740787 0.079777 0.0856245 0.0915942 0.0976567 0.10378 0.109932 0.116075 0.122174 0.128191 0.134088 0.139826 0.145367 0.150674 0.155709 0.160438 0.164826 0.168844 0.17246 0.175649 0.178389 0.180657 0.182438 0.183719 0.18449 0.184745 0.184482 0.183704 0.182416 0.180628 0.178353 0.175608 0.172414 0.168793 0.164773 0.160383 0.155653 0.150619 0.145314 0.139776 0.134042 0.128151 0.12214 0.116048 0.109913 0.103771 0.0976571 0.0916048 0.0856456 0.0798088 0.0741211 0.0686066 0.0632866 0.0581794 0.0533005 0.0486625 0.0442751 0.0401453 0.0362773 0.0326731 0.0293324 0.026253 0.0234309 0.0208608 0.0185362 0.0164498 0.0145937 0.01296 0.0115404 0.0103274 0.00931363 0.00849263 0.00785885 0.0074078 0.00713661 
0.00787974 0.00797264 0.00826261 0.00875234 0.00944551 0.0103471 0.0114632 0.0128011 0.0143686 0.0161741 0.0182265 0.0205344 0.0231062 0.0259498 0.029072 0.0324782 0.0361725 0.0401568 0.044431 0.0489925 0.0538359 0.058953 0.0643327 0.0699606 0.0758192 0.0818877 0.0881424 0.0945564 0.1011 0.107741 0.114444 0.121174 0.12789 0.134554 0.141125 0.14756 0.153819 0.159859 0.165642 0.171125 0.176273 0.181049 0.185418 0.189351 0.192818 0.195795 0.198259 0.200194 0.201585 0.202421 0.202697 0.202411 0.201565 0.200165 0.198222 0.195749 0.192765 0.189292 0.185354 0.18098 0.176201 0.171051 0.165567 0.159786 0.153748 0.147493 0.141062 0.134498 0.127842 0.121134 0.114415 0.107722 0.101092 0.0945596 0.0881574 0.0819146 0.0758578 0.0700106 0.0643936 0.059024 0.053916 0.0490807 0.0445262 0.0402577 0.0362776 0.0325862 0.0291813 0.026059 0.0232139 0.020639 0.0183268 0.0162688 0.0144564 0.012881 0.0115343 0.0104085 0.00949654 0.00879245 0.00829138 0.00799022 
0.00879335 0.00889672 0.0092185 0.0097616 0.01053 0.011529 0.0127653 0.0142466 0.0159813 0.0179785 0.0202476 0.0227978 0.0256381 0.0287766 0.0322204 0.0359752 0.0400448 0.044431 0.0491332 0.0541479 0.0594689 0.0650867 0.0709886 0.0771585 0.0835767 0.0902203 0.0970629 0.104075 0.111224 0.118474 0.125788 0.133125 0.140444 0.147701 0.154852 0.161851 0.168655 0.175218 0.181497 0.18745 0.193035 0.198214 0.202951 0.207212 0.210968 0.214192 0.216861 0.218955 0.22046 0.221365 0.221664 0.221354 0.220437 0.218921 0.216816 0.214137 0.210904 0.207139 0.202871 0.198128 0.192944 0.187356 0.181402 0.175123 0.168561 0.161761 0.154766 0.147622 0.140373 0.133063 0.125736 0.118433 0.111195 0.104058 0.0970592 0.0902298 0.0835993 0.0771939 0.0710365 0.0651462 0.0595392 0.0542279 0.0492216 0.0445266 0.040146 0.0360805 0.0323282 0.0288853 0.025746 0.0229035 0.0203494 0.0180751 0.0160713 0.0143288 0.0128387 0.0115925 0.0105829 0.00980332 0.00924854 0.00891521 
0.00977846 0.00989307 0.0102489 0.0108491 0.0116979 0.012801 0.0141657 0.0158001 0.0177133 0.0199151 0.0224152 0.0252235 0.0283496 0.0318017 0.0355874 0.0397123 0.0441802 0.0489925 0.0541479 0.0596423 0.0654681 0.0716147 0.0780676 0.0848088 0.0918164 0.0990649 0.106525 0.114165 0.121949 0.129838 0.137791 0.145763 0.153711 0.161587 0.169342 0.17693 0.1843 0.191407 0.198202 0.204641 0.21068 0.216277 0.221395 0.225997 0.230052 0.233532 0.236411 0.23867 0.240294 0.241269 0.241591 0.241256 0.240266 0.238629 0.236357 0.233466 0.229975 0.22591 0.221299 0.216173 0.21057 0.204527 0.198085 0.191289 0.184183 0.176815 0.169232 0.161482 0.153614 0.145676 0.137714 0.129773 0.121897 0.114127 0.106501 0.0990549 0.0918209 0.0848277 0.0781006 0.071661 0.0655269 0.0597124 0.0542281 0.0490813 0.0442762 0.0398137 0.0356926 0.0319089 0.0284569 0.0253294 0.0225179 0.020013 0.0178051 0.0158843 0.014241 0.0128665 0.0117526 0.0108923 0.0102801 0.00991244 
0.0108353 0.010962 0.011354 0.012015 0.0129493 0.0141633 0.0156644 0.0174615 0.0195643 0.021983 0.0247281 0.0278101 0.0312387 0.0350228 0.03917 0.043686 0.0485743 0.0538359 0.0594689 0.0654681 0.071825 0.0785272 0.0855584 0.0928985 0.100523 0.108405 0.116511 0.124807 0.133253 0.141807 0.150424 0.159058 0.167659 0.176176 0.184559 0.192755 0.200713 0.208381 0.215709 0.22265 0.229156 0.235184 0.240694 0.245647 0.250009 0.253752 0.256848 0.259277 0.261021 0.26207 0.262415 0.262054 0.260989 0.259229 0.256786 0.253675 0.24992 0.245545 0.240581 0.235063 0.229027 0.222514 0.21557 0.208239 0.200571 0.192615 0.184422 0.176045 0.167535 0.158944 0.150321 0.141716 0.133175 0.124744 0.116464 0.108373 0.100508 0.0928989 0.0855745 0.0785583 0.0718704 0.0655267 0.0595392 0.0539165 0.0486636 0.0437823 0.0392714 0.0351274 0.0313446 0.0279154 0.024831 0.0220817 0.0196572 0.0175471 0.0157413 0.0142303 0.0130055 0.0120595 0.0113864 0.0109822 
0.0119636 0.012103 0.0125335 0.0132587 0.0142836 0.0156148 0.0172602 0.0192294 0.0215324 0.0241803 0.027184 0.0305545 0.0343019 0.0384356 0.0429631 0.0478901 0.0532199 0.058953 0.0650867 0.0716147 0.0785272 0.08581 0.093445 0.10141 0.109678 0.118218 0.126996 0.135973 0.145106 0.154349 0.163655 0.172972 0.182248 0.191428 0.200457 0.209279 0.217841 0.226086 0.233962 0.241417 0.248403 0.254873 0.260783 0.266095 0.270772 0.274782 0.2781 0.280702 0.28257 0.283693 0.284062 0.283675 0.282534 0.280648 0.278029 0.274695 0.270669 0.265978 0.260653 0.254732 0.248253 0.24126 0.233799 0.225919 0.217673 0.209112 0.200292 0.191269 0.182096 0.17283 0.163524 0.154231 0.145002 0.135884 0.126924 0.118163 0.10964 0.10139 0.0934424 0.0858242 0.0785574 0.0716599 0.0651455 0.059024 0.0533012 0.04798 0.0430595 0.0385365 0.0344054 0.0306583 0.0272863 0.0242791 0.021626 0.019316 0.0173384 0.0156832 0.0143411 0.0133045 0.0125668 0.012124 
0.0131621 0.0133149 0.0137859 0.014579 0.0156993 0.0171538 0.0189512 0.0211013 0.0236149 0.0265035 0.0297787 0.0334519 0.0375337 0.0420336 0.0469592 0.0523162 0.0581074 0.0643327 0.0709886 0.0780676 0.0855584 0.093445 0.101707 0.110321 0.119255 0.128478 0.13795 0.14763 0.157472 0.167426 0.177441 0.187461 0.19743 0.20729 0.216981 0.226446 0.235625 0.24446 0.252895 0.260875 0.268349 0.275268 0.281587 0.287263 0.29226 0.296543 0.300086 0.302863 0.304857 0.306055 0.306448 0.306034 0.304816 0.302802 0.300006 0.296445 0.292144 0.287131 0.28144 0.275109 0.268178 0.260695 0.252707 0.244267 0.23543 0.226251 0.216789 0.207101 0.197249 0.187289 0.17728 0.167279 0.15734 0.147514 0.137852 0.128398 0.119194 0.110278 0.101684 0.0934405 0.0855717 0.0780978 0.0710343 0.0643924 0.0581792 0.0523982 0.0470494 0.0421297 0.0376336 0.0335534 0.0298796 0.0266017 0.0237084 0.0211883 0.0190301 0.0172232 0.0157578 0.0146257 0.0138201 0.0133367 
0.0144289 0.0145958 0.0151094 0.0159735 0.0171938 0.0187776 0.0207341 0.0230735 0.0258074 0.0289477 0.0325066 0.0364959 0.0409265 0.0458082 0.0511485 0.0569529 0.0632239 0.0699606 0.0771585 0.0848088 0.0928985 0.10141 0.110321 0.119603 0.129226 0.139151 0.149338 0.159741 0.170311 0.180994 0.191734 0.202473 0.213151 0.223704 0.234072 0.24419 0.253997 0.263431 0.272434 0.280947 0.288916 0.29629 0.303022 0.309067 0.314386 0.318945 0.322714 0.325669 0.32779 0.329063 0.329481 0.329041 0.327745 0.325602 0.322625 0.318836 0.314257 0.30892 0.302858 0.296112 0.288724 0.280744 0.272222 0.263213 0.253775 0.243967 0.23385 0.223486 0.212939 0.202271 0.191543 0.180816 0.170148 0.159596 0.149211 0.139044 0.129139 0.119537 0.110275 0.101385 0.0928932 0.0848223 0.0771894 0.0700074 0.0632848 0.0570258 0.0512312 0.0458984 0.0410219 0.0365941 0.0326052 0.0290446 0.0259003 0.0231605 0.0208133 0.0188475 0.017253 0.016021 0.0151443 0.0146183 
0.0157612 0.0159429 0.0165008 0.0174391 0.0187637 0.0204823 0.0226045 0.0251412 0.0281044 0.0315066 0.0353604 0.0396781 0.0444709 0.0497485 0.0555187 0.0617865 0.0685539 0.0758192 0.0835767 0.0918164 0.100523 0.109678 0.119255 0.129226 0.139554 0.150199 0.161118 0.172261 0.183574 0.195 0.20648 0.217951 0.229348 0.240606 0.251659 0.262439 0.272882 0.282922 0.292498 0.301548 0.310016 0.317848 0.324995 0.331411 0.337054 0.34189 0.345886 0.349019 0.351267 0.352616 0.353059 0.352592 0.351217 0.348945 0.345789 0.34177 0.336913 0.331249 0.324815 0.317651 0.309804 0.301322 0.292262 0.282678 0.272633 0.262187 0.251407 0.240358 0.229105 0.217716 0.206257 0.19479 0.18338 0.172084 0.160961 0.150063 0.139439 0.129134 0.119186 0.109631 0.100498 0.0918116 0.0835914 0.0758517 0.0686024 0.0618489 0.0555927 0.0498316 0.0445606 0.039772 0.0354559 0.0316013 0.028196 0.0252275 0.0226836 0.0205524 0.0188234 0.0174872 0.0165363 0.015966 
0.0171554 0.0173525 0.0179565 0.0189718 0.0204046 0.022263 0.0245571 0.0272982 0.0304989 0.0341721 0.0383311 0.0429882 0.0481551 0.0538415 0.060055 0.0668003 0.0740787 0.0818877 0.0902203 0.0990649 0.108405 0.118218 0.128478 0.139151 0.150199 0.16158 0.173244 0.185138 0.197206 0.209387 0.221617 0.233829 0.245954 0.257924 0.269667 0.281115 0.292197 0.302846 0.312997 0.322586 0.331554 0.339845 0.347407 0.354193 0.36016 0.365271 0.369495 0.372805 0.37518 0.376605 0.377072 0.376578 0.375126 0.372725 0.36939 0.365141 0.360006 0.354017 0.34721 0.339629 0.331321 0.322338 0.312737 0.302576 0.29192 0.280834 0.269386 0.257644 0.24568 0.233562 0.221361 0.209145 0.19698 0.18493 0.173056 0.161414 0.150057 0.139032 0.128383 0.118148 0.108358 0.0990404 0.0902172 0.0819045 0.0741135 0.0668509 0.060119 0.0539164 0.0482382 0.0430769 0.0384226 0.034264 0.0305885 0.0273833 0.0246355 0.0223329 0.0204643 0.0190201 0.0179924 0.0173761 
0.0186069 0.0188199 0.0194715 0.0205663 0.0221108 0.0241136 0.0265849 0.0295369 0.0329823 0.0369348 0.0414078 0.0464142 0.0519656 0.0580719 0.0647403 0.0719751 0.079777 0.0881424 0.0970629 0.106525 0.116511 0.126996 0.13795 0.149338 0.161118 0.173244 0.185663 0.198319 0.21115 0.224093 0.237078 0.250036 0.262894 0.275578 0.288015 0.300131 0.311853 0.323111 0.333836 0.343962 0.353428 0.362175 0.37015 0.377304 0.383593 0.388978 0.393427 0.396912 0.399413 0.400913 0.401405 0.400884 0.399355 0.396826 0.393314 0.388838 0.383427 0.377114 0.369938 0.361942 0.353175 0.343693 0.333552 0.322816 0.311549 0.299821 0.287703 0.275267 0.262587 0.249737 0.236789 0.223817 0.210891 0.198078 0.185443 0.173047 0.160945 0.149191 0.137829 0.1269 0.116441 0.10648 0.0970407 0.0881421 0.0797967 0.0720126 0.0647931 0.0581373 0.052041 0.0464966 0.0414945 0.037023 0.0330693 0.0296201 0.0266622 0.0241828 0.0221704 0.0206147 0.0195077 0.018844 
0.0201102 0.0203396 0.0210401 0.0222167 0.023876 0.0260269 0.0286803 0.0318485 0.0355449 0.0397835 0.0445782 0.0499419 0.0558866 0.0624218 0.0695548 0.0772891 0.0856245 0.0945564 0.104075 0.114165 0.124807 0.135973 0.14763 0.159741 0.172261 0.185138 0.198319 0.211741 0.22534 0.239048 0.252791 0.266497 0.280087 0.293485 0.306614 0.319396 0.331755 0.343618 0.354913 0.365572 0.375531 0.38473 0.393114 0.400631 0.407237 0.412892 0.417563 0.421221 0.423845 0.42542 0.425936 0.425389 0.423784 0.42113 0.417442 0.412743 0.40706 0.400428 0.392886 0.38448 0.37526 0.365282 0.354606 0.343298 0.331425 0.319058 0.306273 0.293144 0.279748 0.266165 0.252469 0.238739 0.225047 0.211467 0.198066 0.184909 0.172057 0.159564 0.147481 0.135851 0.124712 0.114097 0.104032 0.0945377 0.0856279 0.0773123 0.0695953 0.0624769 0.0559533 0.0500173 0.0446592 0.0398672 0.0356285 0.0319293 0.0287559 0.0260951 0.023935 0.0222649 0.0210765 0.020364 
0.0216589 0.0219052 0.0226558 0.0239159 0.0256924 0.0279947 0.0308339 0.0342229 0.0381753 0.0427057 0.047828 0.0535557 0.0599004 0.0668718 0.0744766 0.0827177 0.0915942 0.1011 0.111224 0.121949 0.133253 0.145106 0.157472 0.170311 0.183574 0.197206 0.21115 0.22534 0.239708 0.254179 0.26868 0.283129 0.297449 0.311556 0.325371 0.338813 0.351803 0.364264 0.376122 0.387307 0.397752 0.407396 0.41618 0.424054 0.430972 0.436892 0.44178 0.445608 0.448353 0.45 0.45054 0.449968 0.448289 0.445512 0.441653 0.436734 0.430785 0.423839 0.415939 0.407129 0.397463 0.386997 0.375794 0.363921 0.351447 0.338449 0.325001 0.311185 0.297079 0.282765 0.268324 0.253837 0.239381 0.225033 0.210865 0.196945 0.183338 0.170103 0.157294 0.144956 0.133132 0.121857 0.11116 0.101062 0.0915802 0.0827257 0.0745038 0.0669154 0.0599574 0.053623 0.0479025 0.0427842 0.0382549 0.0343007 0.0309074 0.0280615 0.0257505 0.0239637 0.022692 0.0219299 
0.0232458 0.0235092 0.0243107 0.0256558 0.0275516 0.0300077 0.0330357 0.0366487 0.040861 0.0456872 0.0511417 0.0572379 0.0639876 0.0714001 0.0794816 0.0882345 0.0976567 0.107741 0.118474 0.129838 0.141807 0.154349 0.167426 0.180994 0.195 0.209387 0.224093 0.239048 0.254179 0.269411 0.284662 0.299849 0.31489 0.329699 0.344192 0.358284 0.371895 0.384944 0.397354 0.409055 0.419976 0.430054 0.439231 0.447453 0.454674 0.460853 0.465953 0.469946 0.472809 0.474527 0.475089 0.474493 0.472742 0.469845 0.465819 0.460688 0.454478 0.447227 0.438976 0.429772 0.419669 0.408726 0.397006 0.384578 0.371515 0.357894 0.343794 0.329298 0.31449 0.299453 0.284274 0.269035 0.253819 0.238707 0.223774 0.209093 0.194733 0.180756 0.167218 0.154172 0.14166 0.129722 0.118388 0.107682 0.0976245 0.0882262 0.0794945 0.0714314 0.0640341 0.0572964 0.0512089 0.0457599 0.040936 0.036723 0.0331065 0.0300726 0.0276085 0.0257029 0.0243468 0.0235341 
0.0248628 0.0251435 0.0259966 0.0274276 0.0294439 0.0320555 0.0352741 0.0391135 0.043588 0.0487126 0.0545019 0.0609694 0.0681268 0.075983 0.0845438 0.0938107 0.10378 0.114444 0.125788 0.137791 0.150424 0.163655 0.177441 0.191734 0.20648 0.221617 0.237078 0.252791 0.26868 0.284662 0.300653 0.316569 0.33232 0.347818 0.362976 0.377706 0.391924 0.405548 0.418498 0.430701 0.442085 0.452586 0.462144 0.470705 0.47822 0.484649 0.489954 0.494107 0.497084 0.49887 0.499455 0.498835 0.497014 0.494002 0.489815 0.484477 0.478016 0.470469 0.461878 0.452291 0.441764 0.430355 0.41813 0.405161 0.391521 0.377291 0.362551 0.347389 0.331889 0.316142 0.300233 0.284253 0.268286 0.252417 0.236726 0.22129 0.206181 0.191465 0.177203 0.163449 0.150251 0.137649 0.125678 0.114365 0.103729 0.0937853 0.0845417 0.0760012 0.068162 0.0610184 0.0545612 0.0487788 0.0436578 0.0391837 0.0353419 0.0321181 0.0294993 0.0274738 0.0260323 0.0251686 
0.026501 0.0267992 0.0277041 0.0292215 0.031359 0.0341268 0.037537 0.0416036 0.0463413 0.0517653 0.0578903 0.0647298 0.0722953 0.0805954 0.0896353 0.0994155 0.109932 0.121174 0.133125 0.145763 0.159058 0.172972 0.187461 0.202473 0.217951 0.233829 0.250036 0.266497 0.283129 0.299849 0.316569 0.333197 0.349643 0.365816 0.381623 0.396975 0.411784 0.425966 0.43944 0.45213 0.463962 0.474872 0.484798 0.493686 0.501485 0.508154 0.513657 0.517963 0.521051 0.522902 0.523509 0.522866 0.520979 0.517856 0.513514 0.507977 0.501274 0.493441 0.484522 0.474566 0.463628 0.451768 0.439055 0.42556 0.41136 0.396536 0.381173 0.365359 0.349185 0.33274 0.316118 0.299409 0.282703 0.266089 0.249651 0.233469 0.217619 0.202172 0.187192 0.172737 0.158857 0.145597 0.132992 0.121072 0.109861 0.0993723 0.0896174 0.0805998 0.0723186 0.0647686 0.0579411 0.0518245 0.0464054 0.0416693 0.0376013 0.0341869 0.0314126 0.0292666 0.0277392 0.0268243 
0.0281507 0.0284664 0.0294232 0.031027 0.0332856 0.0362095 0.0398111 0.0441045 0.0491049 0.0548275 0.0612871 0.0684972 0.076469 0.0852107 0.0947267 0.105017 0.116075 0.12789 0.140444 0.153711 0.167659 0.182248 0.19743 0.213151 0.229348 0.245954 0.262894 0.280087 0.297449 0.31489 0.33232 0.349643 0.366767 0.383594 0.400031 0.415985 0.431367 0.446089 0.460068 0.473227 0.485491 0.496794 0.507073 0.516273 0.524345 0.531244 0.536936 0.541389 0.544582 0.546496 0.547123 0.54646 0.544508 0.541279 0.53679 0.531062 0.524128 0.516022 0.506789 0.496478 0.485144 0.472852 0.459667 0.445665 0.430923 0.415525 0.399558 0.383112 0.366281 0.349158 0.331839 0.314419 0.296991 0.279647 0.262476 0.245562 0.228985 0.212819 0.197131 0.181984 0.167431 0.153518 0.140286 0.127767 0.115984 0.104955 0.0946925 0.0852007 0.0764798 0.0685253 0.0613288 0.0548791 0.0491628 0.0441653 0.0398715 0.0362667 0.0333371 0.0310708 0.0294576 0.0284914 
0.0298017 0.0301348 0.0311431 0.0328328 0.0352118 0.0382907 0.0420823 0.0466009 0.0518618 0.0578804 0.0646716 0.0722487 0.0806225 0.0898009 0.0997875 0.110581 0.122174 0.134554 0.147701 0.161587 0.176176 0.191428 0.20729 0.223704 0.240606 0.257924 0.275578 0.293485 0.311556 0.329699 0.347818 0.365816 0.383594 0.401054 0.418099 0.434634 0.450566 0.465806 0.480271 0.493879 0.506556 0.518234 0.528851 0.538349 0.546679 0.553798 0.559669 0.564262 0.567554 0.569528 0.570175 0.569491 0.567479 0.56415 0.55952 0.553612 0.546457 0.538092 0.528559 0.517909 0.506199 0.493492 0.479856 0.465367 0.450104 0.434154 0.417604 0.400549 0.383083 0.365303 0.347309 0.329198 0.311068 0.293015 0.275129 0.2575 0.240212 0.223342 0.206961 0.191135 0.175921 0.161368 0.147519 0.134408 0.122062 0.110501 0.0997367 0.0897762 0.0806205 0.0722657 0.0647039 0.0579241 0.0519132 0.0466564 0.0421386 0.0383448 0.0352611 0.0328751 0.0311768 0.0301597 
0.0314432 0.0317935 0.0328527 0.0346272 0.037125 0.040357 0.044336 0.0490767 0.0545944 0.0609047 0.0680224 0.0759605 0.0847298 0.0943374 0.104786 0.116073 0.128191 0.141125 0.154852 0.169342 0.184559 0.200457 0.216981 0.234072 0.251659 0.269667 0.288015 0.306614 0.325371 0.344192 0.362976 0.381623 0.400031 0.418099 0.435727 0.452818 0.469277 0.485012 0.499938 0.513974 0.527044 0.539079 0.550015 0.559795 0.56837 0.575696 0.581737 0.586462 0.589848 0.591879 0.592544 0.591841 0.589772 0.586349 0.581586 0.575508 0.568145 0.559534 0.549717 0.538747 0.526679 0.513577 0.499512 0.484559 0.468799 0.45232 0.435213 0.417572 0.399496 0.381085 0.36244 0.343663 0.324854 0.306113 0.287536 0.269213 0.251234 0.233679 0.216623 0.200136 0.184276 0.169098 0.154646 0.140956 0.128059 0.115975 0.104718 0.0942977 0.0847146 0.0759661 0.0680448 0.0609401 0.0546389 0.0491266 0.0443879 0.0404077 0.0371718 0.0346679 0.0328855 0.0318183 
0.0330639 0.0334311 0.0345403 0.036398 0.0390123 0.0423943 0.046557 0.0515152 0.0572845 0.0638802 0.0713173 0.0796085 0.0887642 0.0987908 0.10969 0.121459 0.134088 0.14756 0.161851 0.17693 0.192755 0.209279 0.226446 0.24419 0.262439 0.281115 0.300131 0.319396 0.338813 0.358284 0.377706 0.396975 0.415985 0.434634 0.452818 0.470438 0.487397 0.503602 0.518966 0.533407 0.546847 0.559218 0.570455 0.580501 0.589306 0.596827 0.603026 0.607875 0.611349 0.613433 0.614116 0.613395 0.611273 0.607761 0.602875 0.596637 0.589079 0.580236 0.570153 0.55888 0.546475 0.533001 0.518529 0.503136 0.486905 0.469924 0.452286 0.434087 0.415429 0.396413 0.377145 0.357729 0.338269 0.318867 0.299622 0.280631 0.261985 0.243768 0.22606 0.208931 0.192446 0.17666 0.161621 0.147369 0.133935 0.121342 0.109606 0.098736 0.0887357 0.0796025 0.0713298 0.0639072 0.0573219 0.0515594 0.0466043 0.0424414 0.0390565 0.0364369 0.0345721 0.0334556 
0.0346523 0.035036 0.0361939 0.0381326 0.0408604 0.0443884 0.0487299 0.0538997 0.0599134 0.0667867 0.074534 0.083168 0.0926985 0.103131 0.114468 0.126703 0.139826 0.153819 0.168655 0.1843 0.200713 0.217841 0.235625 0.253997 0.272882 0.292197 0.311853 0.331755 0.351803 0.371895 0.391924 0.411784 0.431367 0.450566 0.469277 0.487397 0.504828 0.521476 0.537252 0.552072 0.565861 0.578546 0.590065 0.600359 0.609379 0.617082 0.623429 0.628393 0.631949 0.634082 0.634782 0.634044 0.631874 0.628279 0.623277 0.616891 0.609151 0.600093 0.589761 0.578205 0.565484 0.55166 0.536807 0.521 0.504325 0.486869 0.468728 0.450001 0.430791 0.411201 0.39134 0.371315 0.351232 0.331199 0.311317 0.291686 0.272399 0.253547 0.235211 0.217465 0.200377 0.184006 0.168402 0.153606 0.139653 0.126567 0.114366 0.103062 0.0926567 0.0831503 0.0745364 0.0668051 0.0599437 0.0539379 0.0487724 0.0444318 0.0409018 0.0381696 0.0362247 0.0350603 
0.0361967 0.0365963 0.0378013 0.0398183 0.0426557 0.0463248 0.0508389 0.056213 0.0624627 0.0696035 0.0776499 0.0866142 0.0965057 0.10733 0.119086 0.13177 0.145367 0.159859 0.175218 0.191407 0.208381 0.226086 0.24446 0.263431 0.282922 0.302846 0.323111 0.343618 0.364264 0.384944 0.405548 0.425966 0.446089 0.465806 0.485012 0.503602 0.521476 0.538538 0.554699 0.569875 0.583987 0.596966 0.608746 0.619271 0.62849 0.63636 0.642845 0.647915 0.651547 0.653726 0.654441 0.653688 0.651472 0.647802 0.642693 0.63617 0.628261 0.619004 0.60844 0.596622 0.583606 0.569458 0.554248 0.538054 0.520962 0.503062 0.48445 0.465226 0.445495 0.425364 0.404942 0.384341 0.363669 0.343037 0.322549 0.302308 0.282413 0.262955 0.244019 0.225685 0.20802 0.191089 0.174942 0.159626 0.145174 0.131615 0.118968 0.107245 0.0964507 0.0865849 0.0776423 0.0696133 0.0624858 0.0562453 0.0508766 0.0463644 0.0426943 0.0398534 0.037831 0.0366203 
0.0376852 0.0381002 0.0393504 0.0414424 0.0443848 0.048189 0.0528684 0.0584381 0.0649136 0.0723104 0.0806427 0.0899226 0.100159 0.111356 0.123513 0.136624 0.150674 0.165642 0.181497 0.198202 0.215709 0.233962 0.252895 0.272434 0.292498 0.312997 0.333836 0.354913 0.376122 0.397354 0.418498 0.43944 0.460068 0.480271 0.499938 0.518966 0.537252 0.554699 0.571217 0.586722 0.601134 0.614383 0.626404 0.637141 0.646544 0.654568 0.661179 0.666347 0.670049 0.672269 0.672998 0.672232 0.669974 0.666234 0.661029 0.654379 0.646316 0.636875 0.626099 0.614038 0.600751 0.586301 0.570761 0.554209 0.53673 0.518416 0.499364 0.479676 0.459458 0.43882 0.417873 0.396731 0.375505 0.354308 0.33325 0.312434 0.291963 0.271932 0.252429 0.233536 0.215325 0.197861 0.1812 0.165387 0.150462 0.136452 0.123379 0.111257 0.100091 0.089882 0.0806252 0.0723117 0.0649295 0.0584644 0.0529013 0.0482249 0.0444206 0.0414755 0.0393789 0.0381238 
0.0391064 0.0395359 0.0408289 0.0429922 0.0460343 0.0499668 0.054803 0.0605582 0.0672478 0.0748872 0.0834905 0.0930692 0.103632 0.115182 0.127718 0.141232 0.155709 0.171125 0.18745 0.204641 0.22265 0.241417 0.260875 0.280947 0.301548 0.322586 0.343962 0.365572 0.387307 0.409055 0.430701 0.45213 0.473227 0.493879 0.513974 0.533407 0.552072 0.569875 0.586722 0.602528 0.617215 0.630712 0.642954 0.653885 0.663454 0.67162 0.678345 0.683602 0.687368 0.689626 0.690367 0.689589 0.687294 0.683491 0.678197 0.671433 0.663228 0.65362 0.642649 0.630367 0.616831 0.602105 0.586262 0.56938 0.551544 0.532849 0.51339 0.493272 0.472603 0.451494 0.430059 0.408412 0.38667 0.364946 0.343354 0.322 0.30099 0.280422 0.260387 0.240968 0.222243 0.204278 0.187131 0.170852 0.155479 0.141044 0.127569 0.115069 0.103551 0.0930176 0.0834634 0.0748803 0.0672567 0.0605787 0.0548312 0.0499989 0.0460673 0.0430234 0.0408563 0.0395592 
0.0404487 0.0408919 0.0422252 0.0444554 0.0475912 0.0516441 0.0566277 0.062557 0.0694475 0.0773145 0.0861718 0.0960307 0.106899 0.11878 0.13167 0.145562 0.160438 0.176273 0.193035 0.21068 0.229156 0.248403 0.268349 0.288916 0.310016 0.331554 0.353428 0.375531 0.397752 0.419976 0.442085 0.463962 0.485491 0.506556 0.527044 0.546847 0.565861 0.583987 0.601134 0.617215 0.632152 0.645874 0.658317 0.669423 0.679144 0.687436 0.694265 0.699602 0.703425 0.705718 0.706471 0.705681 0.703352 0.699493 0.694118 0.687251 0.67892 0.66916 0.658013 0.645531 0.631769 0.616792 0.600672 0.583489 0.565328 0.546282 0.526452 0.50594 0.484856 0.463313 0.441428 0.419316 0.397097 0.374886 0.352799 0.330947 0.309437 0.288369 0.267839 0.247933 0.228729 0.210297 0.192697 0.175981 0.16019 0.145357 0.131506 0.118653 0.106807 0.0959685 0.0861355 0.0772997 0.0694497 0.0625719 0.0566513 0.0516727 0.0476215 0.0444847 0.0422514 0.0409148 
