0.00151777 0.00153528 0.00159332 0.00169263 0.00183417 0.00201929 0.00224969 0.00252736 0.00285454 0.00323371 0.00366748 0.00415857 0.00470971 0.0053236 0.00600279 0.00674965 0.00756622 0.0084542 0.00941481 0.0104487 0.0115561 0.0127362 0.0139877 0.0153084 0.0166953 0.0181445 0.0196512 0.0212095 0.0228129 0.0244539 0.026124 0.0278141 0.0295144 0.0312143 0.0329029 0.0345687 0.0362 0.0377849 0.0393115 0.040768 0.042143 0.0434252 0.0446042 0.04567 0.0466137 0.0474271 0.0481032 0.048636 0.0490209 0.0492545 0.0493347 0.0492609 0.0490337 0.0486552 0.0481287 0.0474589 0.0466517 0.0457142 0.0446544 0.0434813 0.0422048 0.0408354 0.0393843 0.0378628 0.0362827 0.034656 0.0329944 0.0313097 0.0296132 0.027916 0.0262285 0.0245605 0.0229212 0.0213189 0.0197611 0.0182545 0.0168048 0.0154169 0.0140947 0.0128412 0.0116586 0.0105484 0.0095111 0.00854676 0.0076547 0.00683373 0.0060822 0.00539809 0.00477907 0.00422263 0.00372611 0.00328679 0.002902 0.00256913 0.00228574 0.0020496 0.00185872 0.00171144 0.0016064 0.00154276 
0.00153528 0.00155301 0.00161174 0.00171221 0.0018554 0.00204267 0.00227574 0.00255661 0.00288756 0.00327108 0.0037098 0.00420649 0.00476388 0.00538471 0.00607154 0.00682676 0.00765244 0.00855028 0.0095215 0.0105668 0.0116862 0.0128792 0.0141442 0.0154791 0.0168809 0.0183455 0.0198681 0.0214428 0.023063 0.024721 0.0264083 0.0281158 0.0298335 0.0315507 0.0332564 0.0349389 0.0365865 0.0381872 0.039729 0.0411999 0.0425884 0.0438832 0.0450736 0.0461498 0.0471026 0.0479239 0.0486065 0.0491444 0.049533 0.0497688 0.0498498 0.0497752 0.0495457 0.0491635 0.0486318 0.0479555 0.0471404 0.0461937 0.0451235 0.0439389 0.0426499 0.041267 0.0398014 0.0382648 0.036669 0.0350259 0.0333476 0.0316458 0.0299321 0.0282175 0.0265127 0.0248274 0.0231711 0.0215521 0.019978 0.0184555 0.0169905 0.0155878 0.0142514 0.0129843 0.011789 0.0106666 0.00961803 0.0086431 0.0077412 0.00691113 0.00615124 0.00545948 0.00483353 0.00427083 0.0037687 0.00332441 0.00293525 0.00259859 0.00231198 0.00207314 0.00188009 0.00173113 0.0016249 0.00156054 
0.00159332 0.00161174 0.00167262 0.00177672 0.00192506 0.00211903 0.00236039 0.00265121 0.00299383 0.00339079 0.00384482 0.00435872 0.00493533 0.00557742 0.00628763 0.00706838 0.00792179 0.00884956 0.00985294 0.0109326 0.0120886 0.0133202 0.0146259 0.0160034 0.0174496 0.0189603 0.0205305 0.022154 0.0238241 0.0255328 0.0272714 0.0290304 0.0307995 0.0325678 0.0343239 0.036056 0.0377518 0.039399 0.0409853 0.0424986 0.0439268 0.0452585 0.0464827 0.0475893 0.048569 0.0494133 0.0501149 0.0506679 0.0510672 0.0513095 0.0513925 0.0513157 0.0510797 0.0506865 0.0501398 0.0494442 0.048606 0.0476324 0.0465317 0.0453133 0.0439872 0.0425646 0.0410567 0.0394755 0.0378331 0.0361419 0.0344142 0.032662 0.0308972 0.0291313 0.027375 0.0256387 0.0239317 0.022263 0.0206401 0.0190702 0.0175592 0.0161122 0.0147333 0.0134257 0.0121918 0.011033 0.00995009 0.00894306 0.00801127 0.00715352 0.00636812 0.005653 0.00500577 0.00442384 0.00390447 0.00344484 0.00304218 0.0026938 0.00239717 0.00214997 0.00195014 0.00179595 0.001686 0.0016194 
0.00169263 0.00171221 0.00177672 0.00188696 0.00204398 0.00224926 0.00250462 0.00281222 0.0031745 0.00359413 0.00407393 0.00461682 0.00522575 0.0059036 0.00665308 0.00747671 0.00837664 0.00935463 0.0104119 0.0115492 0.0127663 0.0140626 0.0154363 0.0168852 0.0184056 0.0199932 0.0216428 0.0233478 0.0251011 0.0268943 0.0287182 0.030563 0.0324178 0.0342712 0.0361113 0.0379257 0.0397016 0.0414261 0.0430866 0.0446701 0.0461644 0.0475574 0.0488377 0.0499949 0.0510191 0.0519016 0.052635 0.0532127 0.0536299 0.0538829 0.0539695 0.0538889 0.0536419 0.0532307 0.0526589 0.0519315 0.0510549 0.0500365 0.0488852 0.0476105 0.0462231 0.0447343 0.043156 0.0415007 0.039781 0.0380098 0.0361998 0.0343638 0.0325141 0.0306626 0.0288207 0.0269991 0.0252079 0.0234561 0.021752 0.0201029 0.0185151 0.0169941 0.0155441 0.0141686 0.0128702 0.0116504 0.01051 0.0094492 0.00846728 0.00756307 0.00673483 0.00598046 0.00529748 0.00468321 0.0041348 0.00364934 0.00322394 0.00285581 0.00254229 0.00228097 0.00206971 0.00190669 0.00179046 0.00172009 
0.00183417 0.0018554 0.00192506 0.00204398 0.0022133 0.00243457 0.00270973 0.00304106 0.00343115 0.00388281 0.00439902 0.00498286 0.00563742 0.00636572 0.00717062 0.00805471 0.00902023 0.010069 0.0112022 0.0124205 0.0137237 0.015111 0.0165804 0.0181294 0.0197541 0.0214499 0.0232109 0.0250303 0.0269003 0.028812 0.0307557 0.0327208 0.0346956 0.0366683 0.0386259 0.0405555 0.0424435 0.0442764 0.0460405 0.0477224 0.049309 0.0507877 0.0521466 0.0533743 0.0544608 0.0553968 0.0561744 0.0567869 0.057229 0.057497 0.0575884 0.0575026 0.0572403 0.0568039 0.056197 0.0554251 0.0544947 0.0534139 0.0521917 0.0508384 0.0493652 0.0477839 0.0461072 0.0443482 0.0425203 0.040637 0.0387119 0.0367584 0.0347896 0.0328183 0.0308564 0.0289153 0.0270058 0.0251376 0.0233194 0.0215591 0.0198635 0.0182384 0.0166886 0.0152176 0.0138284 0.0125228 0.0113015 0.010165 0.00911241 0.0081427 0.00725408 0.00644433 0.0057109 0.00505097 0.00446157 0.00393962 0.00348209 0.00308602 0.00274863 0.00246735 0.00223992 0.00206441 0.0019393 0.00186359 
0.00201929 0.00204267 0.00211903 0.00224926 0.00243457 0.00267664 0.00297754 0.00333972 0.00376593 0.0042592 0.00482268 0.00545968 0.00617345 0.00696721 0.00784396 0.00880642 0.00985692 0.0109973 0.0122288 0.013552 0.0149666 0.0164715 0.0180647 0.0197431 0.0215026 0.0233379 0.0252428 0.0272097 0.0292303 0.0312949 0.0333929 0.0355128 0.0376424 0.0397685 0.0418775 0.0439554 0.0459876 0.0479597 0.0498572 0.0516656 0.0533709 0.0549598 0.0564194 0.0577379 0.0589043 0.059909 0.0607434 0.0614005 0.0618747 0.0621618 0.0622596 0.0621671 0.0618851 0.0614162 0.0607644 0.0599352 0.0589359 0.0577747 0.0564616 0.0550072 0.0534237 0.0517235 0.0499203 0.048028 0.0460608 0.0440333 0.0419601 0.0398554 0.0377333 0.0356075 0.033491 0.0313959 0.0293339 0.0273155 0.0253501 0.0234463 0.0216115 0.0198521 0.0181731 0.0165788 0.0150723 0.0136555 0.0123296 0.011095 0.00995096 0.00889641 0.00792951 0.00704796 0.0062491 0.00552994 0.00488732 0.004318 0.00381875 0.00338639 0.00301797 0.00271075 0.0024623 0.00227057 0.00213391 0.00205126 
0.00224969 0.00227574 0.00236039 0.00250462 0.00270973 0.00297754 0.00331029 0.00371062 0.00418152 0.00472622 0.00534814 0.00605079 0.0068377 0.00771226 0.00867767 0.00973681 0.0108921 0.0121454 0.013498 0.0149504 0.0165021 0.0181518 0.0198971 0.0217346 0.0236597 0.0256664 0.027748 0.029896 0.0321013 0.0343533 0.0366405 0.0389503 0.0412693 0.0435834 0.0458778 0.0481371 0.0503458 0.0524883 0.0545487 0.0565117 0.0583621 0.0600856 0.0616683 0.0630976 0.0643617 0.0654502 0.066354 0.0670655 0.0675788 0.0678894 0.0679948 0.0678941 0.0675882 0.0670796 0.0663729 0.0654739 0.0643902 0.063131 0.0617067 0.060129 0.0584106 0.0565652 0.0546073 0.0525519 0.0504144 0.0482105 0.0459559 0.0436661 0.0413563 0.0390414 0.0367353 0.0344515 0.0322024 0.0299997 0.0278536 0.0257736 0.0237679 0.0218433 0.0200057 0.0182597 0.0166087 0.0150552 0.0136005 0.012245 0.0109882 0.00982907 0.00876563 0.00779551 0.00691587 0.00612357 0.00541523 0.00478738 0.00423655 0.00375934 0.00335255 0.00301324 0.0027388 0.00252699 0.00237603 0.0022848 
0.00252736 0.00255661 0.00265121 0.00281222 0.00304106 0.00333972 0.00371062 0.00415666 0.00468105 0.00528731 0.00597914 0.00676033 0.00763466 0.00860578 0.0096771 0.0108517 0.012132 0.0135201 0.0150171 0.0166234 0.0183384 0.0201605 0.0220869 0.0241136 0.0262355 0.028446 0.0307374 0.0331005 0.0355251 0.0379994 0.0405109 0.0430458 0.0455893 0.048126 0.0506397 0.0531138 0.0555313 0.0578752 0.0601283 0.062274 0.0642959 0.0661783 0.0679065 0.0694666 0.070846 0.0720334 0.0730191 0.0737949 0.0743542 0.0746925 0.074807 0.0746966 0.0743623 0.073807 0.0730354 0.072054 0.0708709 0.0694959 0.0679403 0.0662168 0.0643391 0.062322 0.0601813 0.0579331 0.0555942 0.0531816 0.0507124 0.0482034 0.0456713 0.0431322 0.0406014 0.0380937 0.0356228 0.0332013 0.0308408 0.0285515 0.0263425 0.0242216 0.0221953 0.0202687 0.0184458 0.0167294 0.0151211 0.0136216 0.0122304 0.0109464 0.00976771 0.00869179 0.00771565 0.00683593 0.006049 0.00535114 0.00473859 0.0042077 0.00375498 0.00337725 0.00307166 0.0028358 0.00266773 0.00256622 
0.00285454 0.00288756 0.00299383 0.0031745 0.00343115 0.00376593 0.00418152 0.00468105 0.00526804 0.00594631 0.00671989 0.00759287 0.00856934 0.00965323 0.0108482 0.0121574 0.0135836 0.0151287 0.0167939 0.0185794 0.0204845 0.0225071 0.024644 0.0268906 0.0292411 0.0316882 0.034223 0.0368355 0.0395141 0.042246 0.0450172 0.0478125 0.0506157 0.0534098 0.0561771 0.0588993 0.0615579 0.0641343 0.0666098 0.0689662 0.0711858 0.0732515 0.0751473 0.0768581 0.0783704 0.0796717 0.0807517 0.0816014 0.0822139 0.0825841 0.0827089 0.0825873 0.0822204 0.0816113 0.080765 0.0796886 0.0783909 0.0768825 0.0751757 0.0732841 0.0712228 0.0690077 0.066656 0.0641853 0.0616139 0.0589602 0.056243 0.0534808 0.0506916 0.0478931 0.0451024 0.0423355 0.0396076 0.0369326 0.0343233 0.0317912 0.0293463 0.0269974 0.0247518 0.0226153 0.0205925 0.0186865 0.0168995 0.0152321 0.0136842 0.0122547 0.0109416 0.00974219 0.00865337 0.00767153 0.00679277 0.00601307 0.00532836 0.00473466 0.00422819 0.00380549 0.00346345 0.00319944 0.00301133 0.00289778 
0.00323371 0.00327108 0.00339079 0.00359413 0.00388281 0.0042592 0.00472622 0.00528731 0.00594631 0.0067074 0.00757493 0.00855338 0.00964715 0.0108605 0.0121972 0.0136609 0.0152542 0.0169792 0.0188369 0.0208276 0.0229499 0.0252017 0.027579 0.0300767 0.032688 0.0354047 0.038217 0.0411134 0.0440813 0.0471062 0.0501728 0.0532641 0.0563622 0.0594486 0.0625036 0.0655072 0.0684392 0.071279 0.0740065 0.0766016 0.079045 0.0813181 0.0834035 0.0852848 0.0869472 0.0883774 0.089564 0.0904973 0.0911697 0.0915758 0.0917123 0.0915782 0.0911744 0.0905044 0.0895737 0.0883899 0.0869626 0.0853034 0.0834255 0.0813438 0.0790746 0.0766354 0.0740447 0.0713219 0.068487 0.06556 0.0625615 0.0595118 0.0564306 0.0533376 0.0502514 0.0471897 0.0441693 0.0412058 0.0383132 0.0355043 0.0327905 0.0301816 0.0276856 0.0253094 0.023058 0.0209354 0.0189438 0.0170844 0.015357 0.0137607 0.0122935 0.0109525 0.00973435 0.00863527 0.00765103 0.00677728 0.0060096 0.00534368 0.0047754 0.00430095 0.00391696 0.00362054 0.00340937 0.00328198 
0.00366748 0.0037098 0.00384482 0.00407393 0.00439902 0.00482268 0.00534814 0.00597914 0.00671989 0.00757493 0.00854904 0.00964704 0.0108737 0.0122336 0.0137309 0.0153692 0.0171514 0.0190797 0.0211549 0.0233769 0.0257444 0.0282544 0.0309025 0.0336828 0.0365876 0.0396075 0.0427314 0.0459468 0.0492393 0.0525929 0.0559905 0.0594134 0.0628419 0.0662552 0.0696321 0.0729503 0.0761877 0.0793219 0.0823305 0.085192 0.087885 0.0903894 0.0926861 0.0947574 0.0965871 0.0981608 0.099466 0.100492 0.101232 0.101678 0.101827 0.101679 0.101234 0.100496 0.0994717 0.0981683 0.0965967 0.0947694 0.0927008 0.0904071 0.0879061 0.0852168 0.0823595 0.0793553 0.0762259 0.0729936 0.0696806 0.0663092 0.0629014 0.0594785 0.0560612 0.0526691 0.0493207 0.0460332 0.0428225 0.0397027 0.0366865 0.0337849 0.0310072 0.0283609 0.0258521 0.023485 0.0212626 0.0191863 0.0172563 0.0154715 0.0138299 0.0123286 0.0109641 0.00973223 0.00862845 0.00764806 0.00678629 0.00603842 0.00539996 0.00486677 0.00443514 0.00410192 0.00386456 0.00372144 
0.00415857 0.00420649 0.00435872 0.00461682 0.00498286 0.00545968 0.00605079 0.00676033 0.00759287 0.00855338 0.00964704 0.0108791 0.0122547 0.0137788 0.0154558 0.0172895 0.019283 0.0214382 0.0237563 0.0262366 0.0288774 0.0316752 0.034625 0.0377197 0.0409508 0.0443077 0.047778 0.0513473 0.0549999 0.0587179 0.0624822 0.0662722 0.0700662 0.0738412 0.0775737 0.0812395 0.0848141 0.088273 0.0915918 0.0947468 0.097715 0.100474 0.103004 0.105284 0.107298 0.109029 0.110465 0.111594 0.112406 0.112896 0.11306 0.112896 0.112406 0.111594 0.110466 0.109031 0.107301 0.105288 0.10301 0.100483 0.0977263 0.0947614 0.0916101 0.0882955 0.0848412 0.0812716 0.0776112 0.0738844 0.0701153 0.0663274 0.0625435 0.0587853 0.0550732 0.0514265 0.0478626 0.0443974 0.0410451 0.0378181 0.0347267 0.0317797 0.0289839 0.0263443 0.0238644 0.021546 0.0193895 0.0173939 0.0155573 0.0138767 0.0123483 0.0109676 0.00972979 0.00862982 0.00766247 0.00682261 0.00610537 0.00550619 0.00502105 0.00464647 0.00437968 0.00421891 
0.00470971 0.00476388 0.00493533 0.00522575 0.00563742 0.00617345 0.0068377 0.00763466 0.00856934 0.00964715 0.0108737 0.0122547 0.0137957 0.015502 0.0173783 0.0194286 0.021656 0.0240627 0.0266493 0.0294151 0.0323578 0.0354733 0.0387558 0.0421972 0.0457878 0.0495156 0.0533667 0.0573252 0.0613732 0.0654912 0.0696578 0.0738503 0.0780446 0.0822155 0.0863371 0.0903829 0.094326 0.0981395 0.101797 0.105272 0.10854 0.111577 0.11436 0.116868 0.119083 0.120986 0.122564 0.123804 0.124696 0.125234 0.125414 0.125233 0.124694 0.1238 0.12256 0.120982 0.119078 0.116864 0.114357 0.111576 0.108541 0.105275 0.101803 0.0981496 0.0943405 0.0904023 0.086362 0.0822463 0.0780816 0.0738938 0.069708 0.0655482 0.061437 0.0573955 0.0534434 0.0495984 0.0458762 0.0422906 0.0388536 0.0355749 0.0324623 0.0295217 0.0267571 0.0241709 0.0217637 0.0195348 0.0174821 0.0156026 0.0138923 0.0123464 0.0109597 0.00972688 0.00864214 0.00769998 0.00689507 0.00622246 0.00567773 0.00525711 0.00495756 0.00477713 
0.0053236 0.00538471 0.00557742 0.0059036 0.00636572 0.00696721 0.00771226 0.00860578 0.00965323 0.0108605 0.0122336 0.0137788 0.015502 0.0174088 0.0195044 0.0217928 0.0242773 0.02696 0.0298413 0.0329201 0.0361936 0.0396569 0.0433033 0.0471237 0.051107 0.0552396 0.0595061 0.0638886 0.0683674 0.0729206 0.0775246 0.0821544 0.0867834 0.091384 0.0959276 0.100385 0.104727 0.108925 0.112948 0.11677 0.120362 0.123699 0.126756 0.12951 0.131941 0.134029 0.13576 0.13712 0.138099 0.138688 0.138884 0.138686 0.138093 0.137113 0.13575 0.134018 0.131928 0.129497 0.126742 0.123686 0.120351 0.11676 0.112941 0.108921 0.104728 0.10039 0.0959381 0.0914006 0.0868066 0.0821845 0.077562 0.0729654 0.0684198 0.0639485 0.0595734 0.0553139 0.0511879 0.0472108 0.043396 0.0397544 0.036295 0.0330246 0.029948 0.027068 0.0243856 0.0219003 0.0196101 0.0175118 0.0156012 0.0138734 0.0123228 0.0109434 0.00972918 0.00867411 0.00777242 0.00701871 0.00640818 0.00593669 0.00560094 0.0053988 
0.00600279 0.00607154 0.00628763 0.00665308 0.00717062 0.00784396 0.00867767 0.0096771 0.0108482 0.0121972 0.0137309 0.0154558 0.0173783 0.0195044 0.0218394 0.0243878 0.0271528 0.0301363 0.0333385 0.036758 0.0403912 0.0442326 0.0482742 0.0525057 0.0569147 0.0614859 0.066202 0.0710432 0.0759874 0.0810106 0.0860867 0.091188 0.0962854 0.101348 0.106346 0.111246 0.116017 0.120627 0.125044 0.129237 0.133177 0.136835 0.140185 0.143202 0.145864 0.148151 0.150046 0.151534 0.152604 0.153249 0.153463 0.153245 0.152596 0.151522 0.15003 0.148132 0.145842 0.143178 0.14016 0.136809 0.133151 0.129213 0.125022 0.120608 0.116002 0.111235 0.106341 0.101349 0.0962928 0.0912028 0.0861093 0.0810414 0.0760266 0.0710909 0.0662581 0.0615501 0.0569867 0.0525851 0.0483602 0.0443246 0.0404884 0.0368594 0.0334432 0.0302432 0.0272608 0.0244959 0.0219464 0.0196092 0.0174798 0.0155531 0.013823 0.0122832 0.0109271 0.00974835 0.00874056 0.00789793 0.0072152 0.00668792 0.00631246 0.00608651 
0.00674965 0.00682676 0.00706838 0.00747671 0.00805471 0.00880642 0.00973681 0.0108517 0.0121574 0.0136609 0.0153692 0.0172895 0.0194286 0.0217928 0.0243878 0.0272181 0.030287 0.0335963 0.0371458 0.0409337 0.0449555 0.0492049 0.0536728 0.0583475 0.0632148 0.0682579 0.0734574 0.0787911 0.0842349 0.0897621 0.0953439 0.10095 0.106548 0.112106 0.117589 0.122961 0.12819 0.133239 0.138074 0.142663 0.146972 0.150972 0.154634 0.157931 0.160838 0.163336 0.165404 0.167029 0.168197 0.1689 0.169133 0.168894 0.168185 0.167011 0.165382 0.163308 0.160807 0.157896 0.154596 0.150933 0.146932 0.142623 0.138036 0.133202 0.128157 0.122933 0.117565 0.112089 0.106538 0.100948 0.09535 0.089777 0.0842591 0.0788247 0.0735004 0.0683103 0.0632762 0.0584174 0.0537507 0.0492901 0.0450472 0.0410308 0.0372474 0.0337011 0.030394 0.027326 0.0244954 0.0218989 0.019532 0.017389 0.0154638 0.0137495 0.0122392 0.0109257 0.00980232 0.00886277 0.00810138 0.00751326 0.00709451 0.00684262 
0.00756622 0.00765244 0.00792179 0.00837664 0.00902023 0.00985692 0.0108921 0.012132 0.0135836 0.0152542 0.0171514 0.019283 0.021656 0.0242773 0.0271528 0.030287 0.0336833 0.0373432 0.0412663 0.04545 0.0498891 0.0545763 0.059501 0.0646503 0.0700081 0.0755557 0.0812714 0.087131 0.0931074 0.0991715 0.105292 0.111435 0.117566 0.123648 0.129645 0.135519 0.141232 0.146746 0.152025 0.157031 0.161732 0.166092 0.170083 0.173675 0.176842 0.179561 0.181813 0.18358 0.184851 0.185616 0.185869 0.185608 0.184836 0.183558 0.181783 0.179524 0.176799 0.173628 0.170032 0.166038 0.161676 0.156974 0.151968 0.146691 0.14118 0.135471 0.129602 0.123611 0.117536 0.111413 0.105279 0.0991686 0.0931146 0.0871485 0.0812995 0.0755943 0.070057 0.0647091 0.0595692 0.0546531 0.0499738 0.0455414 0.0413634 0.0374449 0.0337882 0.0303939 0.0272602 0.0243841 0.0217607 0.0193843 0.0172482 0.0153453 0.0136679 0.0122086 0.0109601 0.00991555 0.00906889 0.00841486 0.00794919 0.00766918 
0.0084542 0.00855028 0.00884956 0.00935463 0.010069 0.0109973 0.0121454 0.0135201 0.0151287 0.0169792 0.0190797 0.0214382 0.0240627 0.02696 0.0301363 0.0335963 0.0373432 0.0413784 0.0457009 0.0503075 0.0551921 0.0603461 0.0657577 0.0714122 0.0772918 0.0833755 0.0896394 0.0960567 0.102598 0.10923 0.11592 0.122631 0.129324 0.135961 0.1425 0.148902 0.155125 0.161128 0.166872 0.172318 0.177429 0.182168 0.186503 0.190404 0.193843 0.196794 0.199238 0.201156 0.202534 0.203363 0.203637 0.203354 0.202515 0.201127 0.1992 0.196749 0.193789 0.190344 0.186438 0.182098 0.177356 0.172243 0.166797 0.161053 0.155052 0.148833 0.142436 0.135903 0.129273 0.122588 0.115887 0.109208 0.102586 0.0960562 0.0896506 0.0833985 0.0773264 0.0714581 0.0658144 0.0604129 0.0552681 0.0503917 0.0457923 0.0414756 0.0374449 0.033701 0.0302426 0.0270665 0.0241679 0.0215408 0.0191781 0.0170722 0.0152152 0.0135989 0.0122156 0.011058 0.0101195 0.00939442 0.00887819 0.00856789 
0.00941481 0.0095215 0.00985294 0.0104119 0.0112022 0.0122288 0.013498 0.0150171 0.0167939 0.0188369 0.0211549 0.0237563 0.0266493 0.0298413 0.0333385 0.0371458 0.0412663 0.0457009 0.0504482 0.0555041 0.0608616 0.0665108 0.0724384 0.0786278 0.0850592 0.0917095 0.0985522 0.105558 0.112694 0.119925 0.127214 0.134521 0.141805 0.149022 0.156131 0.163085 0.169842 0.176357 0.182587 0.188491 0.194029 0.199164 0.203858 0.208081 0.211802 0.214995 0.217638 0.219712 0.221203 0.222099 0.222394 0.222087 0.221179 0.219678 0.217593 0.21494 0.211737 0.208008 0.203778 0.199077 0.193938 0.188397 0.182491 0.17626 0.169747 0.162993 0.156043 0.148941 0.141731 0.134456 0.127158 0.11988 0.112661 0.105537 0.0985445 0.0917148 0.0850775 0.0786589 0.0724817 0.0665658 0.0609275 0.0555797 0.0505324 0.0457924 0.0413636 0.0372474 0.0334428 0.0299467 0.0267543 0.0238593 0.0212544 0.0189315 0.0168822 0.0150979 0.0135702 0.0122914 0.0112544 0.0104532 0.00988273 0.00953996 
0.0104487 0.0105668 0.0109326 0.0115492 0.0124205 0.013552 0.0149504 0.0166234 0.0185794 0.0208276 0.0233769 0.0262366 0.0294151 0.0329201 0.036758 0.0409337 0.04545 0.0503075 0.0555041 0.0610349 0.0668918 0.0730634 0.0795348 0.0862875 0.0932995 0.100545 0.107995 0.115618 0.123378 0.131235 0.139151 0.147081 0.154981 0.162805 0.170506 0.178035 0.185347 0.192394 0.199129 0.205509 0.211491 0.217034 0.222101 0.226657 0.230671 0.234114 0.236963 0.239198 0.240804 0.241769 0.242087 0.241756 0.240777 0.239157 0.236909 0.234048 0.230593 0.22657 0.222005 0.21693 0.211381 0.205394 0.199012 0.192275 0.185229 0.177919 0.170394 0.162699 0.154882 0.146991 0.139071 0.131167 0.123322 0.115576 0.107967 0.100531 0.0932995 0.0863018 0.079563 0.0731049 0.0669457 0.0611002 0.0555796 0.0503917 0.0455415 0.0410309 0.0368592 0.0330235 0.0295191 0.0263394 0.0234769 0.0209231 0.018669 0.0167057 0.0150242 0.0136162 0.0124743 0.0115917 0.0109635 0.0105861 
0.0115561 0.0116862 0.0120886 0.0127663 0.0137237 0.0149666 0.0165021 0.0183384 0.0204845 0.0229499 0.0257444 0.0288774 0.0323578 0.0361936 0.0403912 0.0449555 0.0498891 0.0551921 0.0608616 0.0668918 0.0732733 0.0799931 0.0870347 0.0943774 0.101997 0.109865 0.11795 0.126216 0.134626 0.143136 0.151703 0.160281 0.168821 0.177274 0.185588 0.193713 0.201599 0.209195 0.216452 0.223323 0.229762 0.235727 0.241177 0.246075 0.250389 0.25409 0.257151 0.259552 0.261276 0.262313 0.262653 0.262296 0.261244 0.259504 0.257088 0.254013 0.2503 0.245973 0.241064 0.235604 0.229632 0.223187 0.216312 0.209052 0.201456 0.193572 0.18545 0.177141 0.168696 0.160165 0.151597 0.143042 0.134545 0.12615 0.117899 0.109829 0.101977 0.0943731 0.0870459 0.0800193 0.0733136 0.0669452 0.0609269 0.0552678 0.0499736 0.0450472 0.0404882 0.036294 0.0324598 0.0289791 0.0258441 0.0230458 0.0205749 0.0184218 0.0165772 0.0150322 0.0137788 0.0128101 0.0121204 0.0117063 
0.0127362 0.0128792 0.0133202 0.0140626 0.015111 0.0164715 0.0181518 0.0201605 0.0225071 0.0252017 0.0282544 0.0316752 0.0354733 0.0396569 0.0442326 0.0492049 0.0545763 0.0603461 0.0665108 0.0730634 0.0799931 0.0872855 0.0949218 0.102879 0.111131 0.119647 0.128391 0.137326 0.146409 0.155595 0.164836 0.174084 0.183284 0.192385 0.201332 0.21007 0.218547 0.226707 0.234499 0.241874 0.248781 0.255178 0.26102 0.266269 0.270891 0.274854 0.278131 0.280701 0.282547 0.283656 0.28402 0.283637 0.282511 0.280647 0.27806 0.274766 0.270788 0.266153 0.26089 0.255037 0.248631 0.241716 0.234336 0.22654 0.218378 0.209902 0.201167 0.192225 0.183131 0.173939 0.164703 0.155474 0.146301 0.137234 0.128315 0.119588 0.111089 0.102855 0.0949142 0.0872945 0.0800181 0.0731032 0.0665642 0.0604116 0.0546523 0.0492896 0.0443241 0.0397532 0.0355724 0.031775 0.028353 0.0252972 0.0225977 0.0202445 0.0182278 0.0165381 0.0151671 0.0141073 0.0133529 0.0129 
0.0139877 0.0141442 0.0146259 0.0154363 0.0165804 0.0180647 0.0198971 0.0220869 0.024644 0.027579 0.0309025 0.034625 0.0387558 0.0433033 0.0482742 0.0536728 0.059501 0.0657577 0.0724384 0.0795348 0.0870347 0.0949218 0.103175 0.11177 0.120678 0.129863 0.139289 0.148913 0.158691 0.168573 0.178509 0.188444 0.198323 0.208089 0.217684 0.22705 0.236131 0.244868 0.253207 0.261095 0.26848 0.275316 0.281557 0.287163 0.292097 0.296327 0.299824 0.302566 0.304535 0.305717 0.306105 0.305697 0.304494 0.302506 0.299744 0.296229 0.291982 0.287032 0.281411 0.275157 0.26831 0.260915 0.25302 0.244676 0.235936 0.226855 0.217491 0.2079 0.198141 0.18827 0.178346 0.168423 0.158555 0.148793 0.139186 0.129778 0.120612 0.111723 0.103147 0.0949119 0.0870425 0.0795593 0.0724783 0.0658116 0.0595672 0.0537493 0.048359 0.0433943 0.0388509 0.0347219 0.0309993 0.0276734 0.0247342 0.022171 0.0199736 0.018132 0.0166374 0.0154819 0.0146594 0.0141657 
0.0153084 0.0154791 0.0160034 0.0168852 0.0181294 0.0197431 0.0217346 0.0241136 0.0268906 0.0300767 0.0336828 0.0377197 0.0421972 0.0471237 0.0525057 0.0583475 0.0646503 0.0714122 0.0786278 0.0862875 0.0943774 0.102879 0.11177 0.121023 0.130605 0.14048 0.150607 0.16094 0.171431 0.182027 0.192673 0.203312 0.213884 0.224328 0.234584 0.24459 0.254284 0.263608 0.272502 0.280911 0.28878 0.296061 0.302706 0.308673 0.313923 0.318422 0.322141 0.325057 0.327149 0.328406 0.328818 0.328383 0.327104 0.32499 0.322053 0.318313 0.313795 0.308527 0.302543 0.295883 0.288589 0.280708 0.272291 0.26339 0.254063 0.244367 0.234362 0.22411 0.213671 0.203108 0.19248 0.181846 0.171265 0.160791 0.150476 0.140369 0.130514 0.120952 0.11172 0.102849 0.0943665 0.0862951 0.0786528 0.071453 0.0647051 0.0584144 0.0525827 0.0472084 0.0422873 0.0378129 0.0337769 0.0301693 0.0269798 0.0241973 0.021811 0.0198107 0.0181868 0.0169313 0.0160375 0.0155012 
0.0166953 0.0168809 0.0174496 0.0184056 0.0197541 0.0215026 0.0236597 0.0262355 0.0292411 0.032688 0.0365876 0.0409508 0.0457878 0.051107 0.0569147 0.0632148 0.0700081 0.0772918 0.0850592 0.0932995 0.101997 0.111131 0.120678 0.130605 0.14088 0.151461 0.162304 0.173362 0.18458 0.195904 0.207274 0.218629 0.229905 0.241039 0.251965 0.262618 0.272934 0.28285 0.292304 0.301239 0.309596 0.317326 0.324377 0.330707 0.336274 0.341043 0.344986 0.348075 0.350292 0.351623 0.352059 0.351598 0.350243 0.348002 0.344889 0.340924 0.336133 0.330545 0.324197 0.317129 0.309385 0.301014 0.292069 0.282607 0.272685 0.262367 0.251713 0.24079 0.229662 0.218394 0.207049 0.195693 0.184384 0.173183 0.162145 0.151321 0.140761 0.130509 0.120603 0.111079 0.101966 0.0932887 0.0850677 0.077318 0.0700503 0.0632709 0.0569825 0.0511841 0.0458719 0.0410393 0.036678 0.0327781 0.0293286 0.0263182 0.0237356 0.02157 0.0198117 0.0184521 0.0174842 0.0169036 
0.0181445 0.0183455 0.0189603 0.0199932 0.0214499 0.0233379 0.0256664 0.028446 0.0316882 0.0354047 0.0396075 0.0443077 0.0495156 0.0552396 0.0614859 0.0682579 0.0755557 0.0833755 0.0917095 0.100545 0.109865 0.119647 0.129863 0.14048 0.151461 0.162762 0.174335 0.186129 0.198087 0.210149 0.222252 0.234332 0.24632 0.25815 0.269751 0.281057 0.291999 0.30251 0.312527 0.321989 0.330836 0.339014 0.346472 0.353164 0.359048 0.364088 0.368253 0.371516 0.373857 0.375262 0.375723 0.375236 0.373804 0.371436 0.368148 0.363959 0.358895 0.352989 0.346276 0.338799 0.330604 0.321742 0.312268 0.302241 0.291723 0.280777 0.26947 0.25787 0.246046 0.234065 0.221996 0.209905 0.197859 0.185919 0.174145 0.162593 0.151314 0.140357 0.129763 0.119571 0.109812 0.100515 0.0917001 0.0833858 0.0755838 0.0683019 0.0615434 0.0553081 0.0495926 0.0443905 0.0396935 0.0354915 0.0317732 0.0285271 0.0257413 0.0234049 0.0215073 0.0200399 0.0189952 0.0183686 
0.0196512 0.0198681 0.0205305 0.0216428 0.0232109 0.0252428 0.027748 0.0307374 0.034223 0.038217 0.0427314 0.047778 0.0533667 0.0595061 0.066202 0.0734574 0.0812714 0.0896394 0.0985522 0.107995 0.11795 0.128391 0.139289 0.150607 0.162304 0.174335 0.186648 0.199187 0.211892 0.224699 0.237541 0.250351 0.263055 0.275584 0.287864 0.299823 0.311391 0.322498 0.333077 0.343064 0.352399 0.361024 0.368887 0.37594 0.382139 0.387447 0.391832 0.395268 0.397732 0.399211 0.399696 0.399183 0.397675 0.395182 0.39172 0.387308 0.381974 0.37575 0.368675 0.360791 0.352148 0.342796 0.332795 0.322204 0.311088 0.299515 0.287553 0.275274 0.262749 0.250051 0.237252 0.224423 0.211631 0.198945 0.186426 0.174136 0.162128 0.150455 0.139162 0.12829 0.117874 0.107944 0.0985235 0.0896325 0.0812843 0.073488 0.066248 0.0595649 0.0534356 0.0478542 0.0428123 0.0382996 0.034305 0.0308162 0.0278214 0.0253088 0.0232679 0.0216893 0.0205654 0.0198916 
0.0212095 0.0214428 0.022154 0.0233478 0.0250303 0.0272097 0.029896 0.0331005 0.0368355 0.0411134 0.0459468 0.0513473 0.0573252 0.0638886 0.0710432 0.0787911 0.087131 0.0960567 0.105558 0.115618 0.126216 0.137326 0.148913 0.16094 0.173362 0.186129 0.199187 0.212476 0.225932 0.239487 0.253071 0.266611 0.280032 0.293259 0.306216 0.318827 0.331018 0.342717 0.353855 0.364364 0.374182 0.38325 0.391513 0.398922 0.405433 0.411006 0.415609 0.419214 0.4218 0.423352 0.42386 0.423321 0.421739 0.419124 0.415489 0.410858 0.405257 0.39872 0.391286 0.383 0.373912 0.364075 0.35355 0.342399 0.330689 0.318491 0.305876 0.292919 0.279695 0.26628 0.252749 0.239178 0.225638 0.212201 0.198933 0.185898 0.173155 0.160759 0.148759 0.137198 0.126116 0.115544 0.105509 0.0960313 0.0871274 0.0788073 0.0710766 0.0639366 0.057385 0.0514161 0.0460216 0.0411913 0.0369137 0.0331766 0.0299675 0.0272745 0.0250865 0.0233939 0.022189 0.0214666 
0.0228129 0.023063 0.0238241 0.0251011 0.0269003 0.0292303 0.0321013 0.0355251 0.0395141 0.0440813 0.0492393 0.0549999 0.0613732 0.0683674 0.0759874 0.0842349 0.0931074 0.102598 0.112694 0.123378 0.134626 0.146409 0.158691 0.171431 0.18458 0.198087 0.211892 0.225932 0.240139 0.254441 0.268765 0.283033 0.297168 0.311089 0.324717 0.337974 0.350783 0.363068 0.374757 0.385782 0.396076 0.40558 0.414237 0.421996 0.428813 0.434646 0.439463 0.443235 0.44594 0.447563 0.448094 0.447531 0.445876 0.443139 0.439336 0.434489 0.428627 0.421782 0.413996 0.405314 0.395788 0.385473 0.374431 0.362726 0.350429 0.337611 0.324349 0.310719 0.296799 0.28267 0.268411 0.254099 0.239812 0.225623 0.211605 0.197823 0.184342 0.17122 0.158508 0.146254 0.1345 0.12328 0.112623 0.102553 0.0930864 0.0842355 0.0760072 0.0684037 0.0614231 0.0550602 0.0493071 0.0441536 0.039588 0.0355978 0.0321703 0.0292933 0.0269554 0.0251466 0.0238589 0.023087 
0.0244539 0.024721 0.0255328 0.0268943 0.028812 0.0312949 0.0343533 0.0379994 0.042246 0.0471062 0.0525929 0.0587179 0.0654912 0.0729206 0.0810106 0.0897621 0.0991715 0.10923 0.119925 0.131235 0.143136 0.155595 0.168573 0.182027 0.195904 0.210149 0.224699 0.239487 0.254441 0.269487 0.284545 0.299535 0.314375 0.328983 0.343274 0.357168 0.370585 0.383447 0.395678 0.407208 0.417969 0.4279 0.436942 0.445044 0.452159 0.458247 0.463272 0.467206 0.470027 0.47172 0.472274 0.471686 0.46996 0.467106 0.463139 0.458082 0.451964 0.444819 0.436689 0.42762 0.417664 0.406881 0.395331 0.383083 0.370207 0.35678 0.342878 0.328583 0.313976 0.29914 0.284158 0.269112 0.254081 0.239145 0.224379 0.209853 0.195635 0.181785 0.168361 0.155413 0.142984 0.131113 0.119832 0.109165 0.099132 0.0897462 0.0810159 0.0729442 0.0655302 0.0587691 0.0526532 0.0471724 0.042315 0.0380683 0.0344194 0.0313557 0.0288657 0.0269389 0.0255672 0.0247452 
0.026124 0.0264083 0.0272714 0.0287182 0.0307557 0.0333929 0.0366405 0.0405109 0.0450172 0.0501728 0.0559905 0.0624822 0.0696578 0.0775246 0.0860867 0.0953439 0.105292 0.11592 0.127214 0.139151 0.151703 0.164836 0.178509 0.192673 0.207274 0.222252 0.237541 0.253071 0.268765 0.284545 0.300328 0.31603 0.331565 0.346847 0.36179 0.37631 0.390322 0.403747 0.416508 0.428531 0.439748 0.450094 0.459511 0.467946 0.475351 0.481685 0.486912 0.491004 0.493938 0.495698 0.496274 0.495663 0.493868 0.4909 0.486774 0.481513 0.475147 0.467711 0.459246 0.449801 0.439428 0.428187 0.416142 0.403362 0.389921 0.375896 0.361368 0.34642 0.331137 0.315605 0.29991 0.284138 0.268373 0.252697 0.237189 0.221924 0.206973 0.192401 0.178267 0.164626 0.151525 0.139004 0.127098 0.115834 0.105233 0.0953109 0.0860768 0.077535 0.0696853 0.0625236 0.0560425 0.0502321 0.0450807 0.0405754 0.0367032 0.0334513 0.0308076 0.0287619 0.0273053 0.0264326 
0.0278141 0.0281158 0.0290304 0.030563 0.0327208 0.0355128 0.0389503 0.0430458 0.0478125 0.0532641 0.0594134 0.0662722 0.0738503 0.0821544 0.091188 0.10095 0.111435 0.122631 0.134521 0.147081 0.160281 0.174084 0.188444 0.203312 0.218629 0.234332 0.250351 0.266611 0.283033 0.299535 0.31603 0.33243 0.348646 0.364588 0.380167 0.395296 0.409889 0.423862 0.437137 0.449639 0.461297 0.472046 0.481826 0.490582 0.498267 0.504838 0.51026 0.514504 0.517546 0.519371 0.519968 0.519335 0.517475 0.514397 0.510118 0.504661 0.498056 0.490338 0.48155 0.47174 0.460963 0.449279 0.436754 0.423458 0.409466 0.39486 0.37972 0.364134 0.34819 0.331975 0.315581 0.299096 0.282609 0.266204 0.249965 0.233971 0.218296 0.203009 0.188172 0.173845 0.160076 0.146909 0.134381 0.122523 0.111356 0.100899 0.0911622 0.0821508 0.0738656 0.0663032 0.0594566 0.0533161 0.0478699 0.0431054 0.0390093 0.0355684 0.0327707 0.0306053 0.0290637 0.0281401 
0.0295144 0.0298335 0.0307995 0.0324178 0.0346956 0.0376424 0.0412693 0.0455893 0.0506157 0.0563622 0.0628419 0.0700662 0.0780446 0.0867834 0.0962854 0.106548 0.117566 0.129324 0.141805 0.154981 0.168821 0.183284 0.198323 0.213884 0.229905 0.24632 0.263055 0.280032 0.297168 0.314375 0.331565 0.348646 0.365525 0.382109 0.398306 0.414026 0.42918 0.443684 0.457457 0.47042 0.482503 0.49364 0.503768 0.512833 0.520786 0.527585 0.533194 0.537583 0.54073 0.542616 0.543234 0.54258 0.540656 0.537473 0.533048 0.527403 0.520569 0.512581 0.503483 0.493323 0.482157 0.470046 0.457057 0.443262 0.428738 0.413568 0.397835 0.38163 0.365042 0.348163 0.331087 0.313906 0.296712 0.279594 0.262638 0.245928 0.229541 0.21355 0.198022 0.183017 0.168588 0.154783 0.141641 0.129194 0.117467 0.106479 0.0962432 0.0867653 0.0780472 0.0700862 0.0628758 0.0564064 0.0506667 0.0456438 0.0413242 0.0376948 0.0347433 0.0324587 0.030832 0.0298576 
0.0312143 0.0315507 0.0325678 0.0342712 0.0366683 0.0397685 0.0435834 0.048126 0.0534098 0.0594486 0.0662552 0.0738412 0.0822155 0.091384 0.101348 0.112106 0.123648 0.135961 0.149022 0.162805 0.177274 0.192385 0.208089 0.224328 0.241039 0.25815 0.275584 0.293259 0.311089 0.328983 0.346847 0.364588 0.382109 0.399314 0.416108 0.432398 0.448093 0.463107 0.477357 0.490763 0.503254 0.51476 0.525221 0.534581 0.542791 0.549807 0.555594 0.560121 0.563366 0.565313 0.56595 0.565275 0.563291 0.560009 0.555445 0.549621 0.542569 0.534324 0.524929 0.514435 0.502897 0.490377 0.476943 0.462669 0.447633 0.43192 0.415615 0.398811 0.3816 0.364078 0.346341 0.328484 0.310603 0.29279 0.275136 0.257727 0.240644 0.223964 0.207758 0.192089 0.177014 0.162582 0.148835 0.135808 0.123529 0.112018 0.10129 0.091351 0.0822051 0.0738499 0.0662794 0.0594846 0.053454 0.0481749 0.0436339 0.0398176 0.0367135 0.0343105 0.0325994 0.0315747 
0.0329029 0.0332564 0.0343239 0.0361113 0.0386259 0.0418775 0.0458778 0.0506397 0.0561771 0.0625036 0.0696321 0.0775737 0.0863371 0.0959276 0.106346 0.117589 0.129645 0.1425 0.156131 0.170506 0.185588 0.201332 0.217684 0.234584 0.251965 0.269751 0.287864 0.306216 0.324717 0.343274 0.36179 0.380167 0.398306 0.416108 0.433474 0.450311 0.466524 0.482026 0.496731 0.51056 0.523438 0.535297 0.546074 0.555714 0.564166 0.571388 0.577343 0.582002 0.58534 0.587342 0.587998 0.587304 0.585264 0.581888 0.577192 0.571199 0.56394 0.555451 0.545776 0.534964 0.523072 0.510163 0.496305 0.481573 0.466048 0.449815 0.432962 0.415583 0.397774 0.379633 0.361257 0.342748 0.324202 0.305717 0.287386 0.269298 0.25154 0.234191 0.217324 0.201008 0.185301 0.170257 0.155919 0.142326 0.129506 0.117482 0.10627 0.0958795 0.0863134 0.0775708 0.0696463 0.0625311 0.0562142 0.0506829 0.0459236 0.041923 0.0386685 0.0361488 0.0343546 0.0332801 
0.0345687 0.0349389 0.036056 0.0379257 0.0405555 0.0439554 0.0481371 0.0531138 0.0588993 0.0655072 0.0729503 0.0812395 0.0903829 0.100385 0.111246 0.122961 0.135519 0.148902 0.163085 0.178035 0.193713 0.21007 0.22705 0.24459 0.262618 0.281057 0.299823 0.318827 0.337974 0.357168 0.37631 0.395296 0.414026 0.432398 0.450311 0.467668 0.484374 0.500339 0.515476 0.529705 0.54295 0.555142 0.566218 0.576121 0.584802 0.592218 0.598331 0.603112 0.606539 0.608593 0.609267 0.608555 0.606462 0.602998 0.598178 0.592027 0.584573 0.575855 0.565915 0.554803 0.542577 0.529299 0.515039 0.499874 0.483884 0.467156 0.44978 0.431853 0.413472 0.394738 0.375752 0.356616 0.337432 0.3183 0.299316 0.280575 0.262164 0.244168 0.226663 0.209719 0.1934 0.177761 0.16285 0.148705 0.135359 0.122836 0.111154 0.100322 0.0903458 0.0812248 0.0729544 0.0655261 0.0589292 0.053151 0.0481781 0.0439971 0.0405953 0.0379612 0.0360855 0.0349624 
0.0362 0.0365865 0.0377518 0.0397016 0.0424435 0.0459876 0.0503458 0.0555313 0.0615579 0.0684392 0.0761877 0.0848141 0.094326 0.104727 0.116017 0.12819 0.141232 0.155125 0.169842 0.185347 0.201599 0.218547 0.236131 0.254284 0.272934 0.291999 0.311391 0.331018 0.350783 0.370585 0.390322 0.409889 0.42918 0.448093 0.466524 0.484374 0.501546 0.517948 0.533493 0.548098 0.561687 0.574192 0.585548 0.595698 0.604593 0.612189 0.618451 0.623347 0.626855 0.628959 0.629649 0.628921 0.626778 0.623232 0.618297 0.611997 0.604362 0.595429 0.585241 0.573849 0.561308 0.547684 0.533047 0.517472 0.501043 0.483848 0.465978 0.447531 0.428607 0.409309 0.389741 0.370008 0.350215 0.330465 0.310857 0.291489 0.272453 0.253835 0.235716 0.218169 0.201261 0.185049 0.169583 0.154906 0.141052 0.128046 0.115908 0.104649 0.0942754 0.0847876 0.0761815 0.0684493 0.0615804 0.0555624 0.0503819 0.0460255 0.0424804 0.0397351 0.0377802 0.0366097 
0.0377849 0.0381872 0.039399 0.0414261 0.0442764 0.0479597 0.0524883 0.0578752 0.0641343 0.071279 0.0793219 0.088273 0.0981395 0.108925 0.120627 0.133239 0.146746 0.161128 0.176357 0.192394 0.209195 0.226707 0.244868 0.263608 0.28285 0.30251 0.322498 0.342717 0.363068 0.383447 0.403747 0.423862 0.443684 0.463107 0.482026 0.500339 0.517948 0.53476 0.550685 0.565642 0.579554 0.59235 0.603966 0.614346 0.62344 0.631204 0.637603 0.642605 0.64619 0.648339 0.649044 0.648301 0.646113 0.64249 0.637449 0.631012 0.623209 0.614076 0.603658 0.592003 0.579171 0.565223 0.550233 0.534275 0.517435 0.4998 0.481465 0.462529 0.443093 0.423263 0.403145 0.382847 0.362476 0.342139 0.321938 0.301974 0.282342 0.263132 0.244427 0.226304 0.208832 0.192072 0.176076 0.160889 0.146547 0.133077 0.120501 0.108832 0.0980757 0.0882349 0.0793055 0.0712804 0.0641494 0.0579001 0.0525194 0.0479937 0.0443103 0.0414577 0.0394262 0.03821 
0.0393115 0.039729 0.0409853 0.0430866 0.0460405 0.0498572 0.0545487 0.0601283 0.0666098 0.0740065 0.0823305 0.0915918 0.101797 0.112948 0.125044 0.138074 0.152025 0.166872 0.182587 0.199129 0.216452 0.234499 0.253207 0.272502 0.292304 0.312527 0.333077 0.353855 0.374757 0.395678 0.416508 0.437137 0.457457 0.477357 0.496731 0.515476 0.533493 0.550685 0.566965 0.582249 0.596458 0.609524 0.621381 0.631973 0.64125 0.649169 0.655694 0.660795 0.664449 0.666641 0.667359 0.666602 0.664373 0.66068 0.655541 0.648977 0.641019 0.631703 0.621072 0.609176 0.596072 0.581826 0.566507 0.550194 0.53297 0.514926 0.496158 0.476764 0.456849 0.43652 0.415886 0.395057 0.374144 0.353254 0.332494 0.311967 0.291772 0.272001 0.252741 0.234072 0.216066 0.198785 0.182285 0.166613 0.151806 0.137895 0.124902 0.112841 0.10172 0.0915423 0.0823042 0.0739993 0.0666176 0.0601472 0.0545748 0.0498872 0.0460715 0.0431161 0.0410113 0.0397514 
0.040768 0.0411999 0.0424986 0.0446701 0.0477224 0.0516656 0.0565117 0.062274 0.0689662 0.0766016 0.085192 0.0947468 0.105272 0.11677 0.129237 0.142663 0.157031 0.172318 0.188491 0.205509 0.223323 0.241874 0.261095 0.280911 0.301239 0.321989 0.343064 0.364364 0.385782 0.407208 0.428531 0.449639 0.47042 0.490763 0.51056 0.529705 0.548098 0.565642 0.582249 0.597833 0.612316 0.625629 0.637707 0.648494 0.657938 0.665999 0.672639 0.677829 0.681547 0.683777 0.684509 0.683739 0.681472 0.677716 0.672487 0.665808 0.657708 0.648224 0.637398 0.62528 0.611929 0.597407 0.581786 0.565145 0.547568 0.529146 0.509976 0.490158 0.469798 0.449006 0.427892 0.406568 0.385148 0.363742 0.342459 0.321406 0.300683 0.280386 0.260606 0.241424 0.222914 0.205143 0.188169 0.172039 0.156795 0.142467 0.12908 0.116649 0.105183 0.0946863 0.085156 0.076586 0.0689669 0.0622869 0.0565329 0.0516918 0.0477505 0.0446976 0.0425234 0.0412219 
0.042143 0.0425884 0.0439268 0.0461644 0.049309 0.0533709 0.0583621 0.0642959 0.0711858 0.079045 0.087885 0.097715 0.10854 0.120362 0.133177 0.146972 0.161732 0.177429 0.194029 0.211491 0.229762 0.248781 0.26848 0.28878 0.309596 0.330836 0.352399 0.374182 0.396076 0.417969 0.439748 0.461297 0.482503 0.503254 0.523438 0.54295 0.561687 0.579554 0.596458 0.612316 0.62705 0.640588 0.652867 0.663829 0.673426 0.681615 0.688359 0.69363 0.697406 0.699671 0.700414 0.699633 0.697332 0.693518 0.688208 0.681425 0.673197 0.663561 0.652558 0.640239 0.626661 0.611889 0.595993 0.579052 0.561152 0.542384 0.522845 0.502638 0.481869 0.46065 0.439093 0.417313 0.395424 0.37354 0.351773 0.330232 0.309019 0.288235 0.26797 0.24831 0.229333 0.211105 0.193688 0.177131 0.161478 0.146761 0.133005 0.120228 0.108439 0.0976438 0.0878397 0.0790213 0.0711796 0.064303 0.0583787 0.0533934 0.0493343 0.0461898 0.0439504 0.04261 
