0.00181324 0.00183301 0.00189817 0.00200945 0.00216782 0.00237462 0.00263152 0.00294046 0.00330366 0.00372352 0.00420259 0.00474348 0.00534879 0.00602109 0.00676275 0.00757593 0.00846247 0.00942378 0.0104608 0.0115739 0.0127629 0.0140267 0.0153636 0.0167711 0.0182456 0.0197829 0.0213777 0.0230238 0.0247141 0.0264408 0.0281951 0.0299674 0.0317476 0.0335247 0.0352875 0.0370241 0.0387228 0.0403712 0.0419574 0.0434692 0.0448951 0.0462238 0.0474446 0.0485475 0.0495235 0.0503643 0.0510628 0.0516131 0.0520106 0.0522516 0.0523343 0.0522579 0.0520231 0.0516319 0.0510878 0.0503954 0.0495607 0.0485908 0.0474938 0.0462789 0.0449559 0.0435356 0.0420291 0.0404481 0.0388046 0.0371106 0.0353783 0.0336195 0.0318461 0.0300692 0.0282997 0.0265477 0.0248229 0.0231339 0.0214886 0.0198942 0.0183567 0.0168815 0.0154728 0.0141342 0.0128681 0.0116764 0.0105601 0.00951952 0.00855425 0.00766339 0.00684557 0.00609899 0.00542153 0.00481082 0.00426438 0.0037796 0.00335391 0.00298478 0.00266985 0.00240691 0.00219403 0.00202957 0.0019122 0.00184109 
0.00183301 0.00185302 0.0019189 0.00203141 0.00219152 0.00240059 0.00266029 0.00297259 0.00333973 0.00376413 0.00424836 0.00479505 0.00540685 0.0060863 0.00683583 0.0076576 0.00855346 0.00952483 0.0105727 0.0116973 0.0128985 0.0141753 0.0155259 0.0169476 0.018437 0.0199897 0.0216003 0.0232628 0.0249698 0.0267134 0.0284848 0.0302743 0.0320716 0.0338658 0.0356454 0.0373986 0.0391133 0.0407772 0.0423782 0.0439042 0.0453433 0.0466843 0.0479163 0.0490293 0.0500142 0.0508627 0.0515676 0.0521229 0.0525239 0.0527671 0.0528505 0.0527733 0.0525363 0.0521415 0.0515924 0.0508936 0.0500512 0.0490723 0.0479652 0.046739 0.0454037 0.0439701 0.0424496 0.0408537 0.0391947 0.0374847 0.0357359 0.0339603 0.0321698 0.0303758 0.0285891 0.0268201 0.0250784 0.0233728 0.0217113 0.020101 0.0185481 0.017058 0.0156351 0.0142829 0.0130039 0.0118 0.0106722 0.00962079 0.00864547 0.00774531 0.00691891 0.00616446 0.00547984 0.00486266 0.00431039 0.00382044 0.0033902 0.00301711 0.00269879 0.00243303 0.00221786 0.00205163 0.001933 0.00186113 
0.00189817 0.0019189 0.00198705 0.00210338 0.00226889 0.00248498 0.00275335 0.00307604 0.00345534 0.00389372 0.00439381 0.00495831 0.00558992 0.00629125 0.00706475 0.00791264 0.00883677 0.0098386 0.0109191 0.0120785 0.0133166 0.0146323 0.0160237 0.0174882 0.019022 0.0206207 0.0222787 0.0239897 0.0257462 0.0275401 0.0293622 0.0312025 0.0330506 0.0348951 0.0367243 0.0385261 0.040288 0.0419976 0.0436423 0.0452096 0.0466876 0.0480647 0.0493297 0.0504724 0.0514835 0.0523544 0.0530779 0.0536478 0.0540593 0.0543088 0.0543943 0.0543149 0.0540714 0.053666 0.0531022 0.0523847 0.0515197 0.0505146 0.0493776 0.0481184 0.046747 0.0452745 0.0437125 0.042073 0.0403684 0.0386111 0.0368137 0.0349886 0.0331478 0.0313031 0.0294657 0.0276461 0.0258543 0.0240992 0.0223893 0.0207317 0.019133 0.0175986 0.0161331 0.0147401 0.0134223 0.0121816 0.0110191 0.00993512 0.0089294 0.008001 0.00714852 0.00637012 0.00566362 0.00502662 0.00445653 0.00395068 0.00350642 0.00312113 0.00279236 0.00251786 0.0022956 0.00212389 0.00200136 0.00192715 
0.00200945 0.00203141 0.00210338 0.00222615 0.00240077 0.00262868 0.00291167 0.00325186 0.00365161 0.00411352 0.00464029 0.00523473 0.00589963 0.00663768 0.00745143 0.00834312 0.00931466 0.0103675 0.0115026 0.0127203 0.0140201 0.0154008 0.0168605 0.0183963 0.0200043 0.0216798 0.0234168 0.0252087 0.0270478 0.0289253 0.0308317 0.0327568 0.0346893 0.0366175 0.0385292 0.0404118 0.0422523 0.0440377 0.0457549 0.047391 0.0489335 0.0503704 0.0516902 0.0528823 0.0539367 0.054845 0.0555993 0.0561934 0.0566223 0.0568822 0.0569711 0.0568881 0.0566339 0.0562109 0.0556226 0.0548741 0.0539716 0.0529229 0.0517365 0.0504224 0.048991 0.0474539 0.0458231 0.044111 0.0423306 0.0404949 0.0386167 0.0367092 0.0347848 0.0328558 0.0309338 0.0290301 0.0271547 0.0253174 0.0235267 0.0217903 0.0201151 0.0185067 0.01697 0.0155089 0.0141262 0.0128239 0.0116034 0.0104649 0.00940826 0.00843253 0.00753629 0.00671768 0.00597448 0.00530418 0.00470412 0.00417155 0.0037037 0.00329787 0.00295152 0.00266228 0.00242808 0.00224714 0.00211804 0.00203987 
0.00216782 0.00219152 0.00226889 0.00240077 0.00258826 0.00283288 0.00313653 0.00350143 0.00393007 0.00442517 0.00498959 0.00562626 0.0063381 0.00712793 0.00799838 0.00895177 0.00999007 0.0111148 0.0123267 0.0136262 0.0150127 0.016485 0.0180407 0.0196766 0.0213888 0.0231719 0.0250198 0.0269253 0.02888 0.0308747 0.0328994 0.034943 0.0369937 0.0390392 0.0410664 0.0430621 0.0450124 0.0469038 0.0487224 0.0504547 0.0520874 0.053608 0.0550043 0.0562652 0.0573804 0.0583406 0.0591381 0.059766 0.0602191 0.0604936 0.0605872 0.0604991 0.0602301 0.0597825 0.0591601 0.0583681 0.0574134 0.0563037 0.0550483 0.0536574 0.0521422 0.0505148 0.0487878 0.0469743 0.0450879 0.0431422 0.0411512 0.0391282 0.0370867 0.0350397 0.0329994 0.0309776 0.0289853 0.0270326 0.0251286 0.0232817 0.021499 0.0197868 0.0181502 0.0165933 0.0151194 0.0137307 0.0124284 0.0112133 0.0100849 0.00904256 0.00808471 0.00720946 0.00641451 0.00569726 0.00505494 0.00448466 0.00398352 0.0035487 0.00317751 0.00286748 0.0026164 0.00242242 0.00228403 0.00220029 
0.00237462 0.00240059 0.00248498 0.00262868 0.00283288 0.0030992 0.00342966 0.00382663 0.00429275 0.00483091 0.00544416 0.00613557 0.00690825 0.00776515 0.00870902 0.00974229 0.010867 0.0120846 0.013396 0.0148013 0.0162999 0.0178902 0.0195698 0.0213352 0.0231817 0.0251038 0.0270946 0.0291463 0.0312501 0.0333959 0.0355728 0.037769 0.039972 0.0421683 0.0443441 0.0464851 0.0485767 0.0506043 0.0525533 0.0544091 0.0561577 0.0577857 0.0592803 0.0606295 0.0618226 0.0628497 0.0637025 0.0643738 0.064858 0.0651513 0.0652509 0.0651563 0.0648681 0.0643889 0.0637227 0.0628751 0.0618531 0.0606652 0.0593212 0.0578318 0.056209 0.0544655 0.0526148 0.050671 0.0486483 0.0465615 0.0444251 0.0422537 0.0400616 0.0378626 0.0356699 0.0334962 0.0313532 0.0292517 0.0272018 0.0252124 0.0232911 0.0214449 0.0196792 0.0179988 0.0164071 0.0149066 0.0134988 0.0121844 0.0109634 0.00983476 0.00879715 0.00784855 0.00698656 0.00620849 0.00551138 0.00489222 0.00434791 0.00387548 0.00347207 0.00313504 0.00286207 0.00265116 0.00250071 0.00240973 
0.00263152 0.00266029 0.00275335 0.00291167 0.00313653 0.00342966 0.00379324 0.00422981 0.0047422 0.00533352 0.00600701 0.00676595 0.00761365 0.00855322 0.00958757 0.0107192 0.0119503 0.0132823 0.014716 0.0162514 0.0178878 0.0196233 0.0214551 0.0233793 0.0253908 0.0274833 0.0296494 0.0318806 0.034167 0.0364979 0.0388613 0.0412444 0.0436335 0.0460144 0.0483719 0.0506907 0.052955 0.0551491 0.0572573 0.059264 0.0611541 0.0629133 0.0645278 0.065985 0.0672731 0.0683817 0.069302 0.0700262 0.0705485 0.0708644 0.0709716 0.0708689 0.0705574 0.0700397 0.0693201 0.0684045 0.0673005 0.0660172 0.0645648 0.0629552 0.061201 0.0593158 0.0573141 0.0552109 0.0530217 0.0507623 0.0484482 0.0460953 0.0437189 0.0413339 0.0389547 0.0365948 0.0342671 0.0319834 0.0297546 0.0275902 0.025499 0.0234882 0.0215642 0.019732 0.0179955 0.0163575 0.0148199 0.0133835 0.0120484 0.0108136 0.00967774 0.00863877 0.00769418 0.0068411 0.00607644 0.00539695 0.00479939 0.00428053 0.00383733 0.00346698 0.00316696 0.00293514 0.00276981 0.00266988 
0.00294046 0.00297259 0.00307604 0.00325186 0.00350143 0.00382663 0.00422981 0.00471371 0.00528141 0.00593623 0.00668166 0.00752124 0.00845846 0.00949666 0.0106389 0.0118879 0.0132457 0.0147139 0.0162932 0.0179835 0.0197838 0.0216919 0.0237046 0.0258175 0.0280248 0.0303197 0.0326938 0.0351377 0.0376407 0.0401908 0.0427751 0.0453795 0.0479891 0.0505883 0.0531607 0.0556897 0.0581581 0.060549 0.0628452 0.06503 0.0670873 0.0690013 0.0707574 0.0723418 0.073742 0.0749469 0.0759466 0.0767333 0.0773003 0.0776432 0.077759 0.077647 0.077308 0.0767448 0.0759621 0.0749664 0.0737657 0.0723697 0.0707897 0.0690381 0.0671287 0.0650762 0.0628961 0.0606048 0.0582189 0.0557553 0.0532312 0.0506636 0.0480691 0.0454639 0.0428638 0.0402835 0.0377369 0.0352372 0.0327961 0.0304243 0.0281312 0.0259252 0.023813 0.0218003 0.0198917 0.0180903 0.0163982 0.0148166 0.0133455 0.0119842 0.0107313 0.00958458 0.00854144 0.00759887 0.00675356 0.00600206 0.00534087 0.00476655 0.00427581 0.00386562 0.00353327 0.00327646 0.00309333 0.00298271 
0.00330366 0.00333973 0.00345534 0.00365161 0.00393007 0.00429275 0.0047422 0.00528141 0.0059137 0.00664266 0.00747205 0.00840568 0.0094473 0.0106005 0.0118684 0.013254 0.0147594 0.016386 0.0181347 0.0200051 0.0219958 0.0241044 0.0263271 0.0286589 0.0310933 0.0336227 0.0362378 0.0389281 0.0416817 0.0444855 0.0473252 0.0501854 0.0530498 0.0559011 0.0587217 0.0614932 0.0641971 0.0668148 0.0693279 0.0717181 0.0739678 0.0760602 0.0779793 0.0797102 0.0812395 0.082555 0.0836464 0.0845048 0.0851233 0.0854971 0.085623 0.0855001 0.0851294 0.084514 0.0836588 0.0825708 0.0812587 0.0797331 0.078006 0.076091 0.0740028 0.0717575 0.0693719 0.0668636 0.0642507 0.0615517 0.0587852 0.0559696 0.0531232 0.0502637 0.0474081 0.0445728 0.0417731 0.0390233 0.0363364 0.0337242 0.0311973 0.0287647 0.0264342 0.0242122 0.0221036 0.0201123 0.0182407 0.0164901 0.0148609 0.0133524 0.0119631 0.0106909 0.0095329 0.00848599 0.00754662 0.0067111 0.00597566 0.00533658 0.00479033 0.00433361 0.00396349 0.00367747 0.00347354 0.00335044 
0.00372352 0.00376413 0.00389372 0.00411352 0.00442517 0.00483091 0.00533352 0.00593623 0.00664266 0.00745669 0.00838239 0.00942386 0.0105851 0.01187 0.0132819 0.0148238 0.016498 0.0183058 0.020248 0.022324 0.0245321 0.0268694 0.0293316 0.0319129 0.0346061 0.0374025 0.0402918 0.0432623 0.0463008 0.0493929 0.0525227 0.0556732 0.0588266 0.0619639 0.0650657 0.068112 0.0710827 0.0739573 0.0767157 0.0793382 0.0818056 0.0840997 0.086203 0.0880995 0.0897746 0.0912151 0.0924099 0.0933493 0.0940261 0.0944347 0.094572 0.0944368 0.0940303 0.0933558 0.0924187 0.0912265 0.0897887 0.0881166 0.0862233 0.0841234 0.0818332 0.0793698 0.0767516 0.0739977 0.0711278 0.0681622 0.0651209 0.0620243 0.0588922 0.055744 0.0525986 0.0494737 0.0463864 0.0433522 0.0403857 0.0375 0.0347068 0.0320162 0.0294369 0.026976 0.0246394 0.0224313 0.0203547 0.0184111 0.0166011 0.0149242 0.0133789 0.0119629 0.0106734 0.00950696 0.00845977 0.0075279 0.00670728 0.0059939 0.00538392 0.00487378 0.00446029 0.00414074 0.00391293 0.00377549 
0.00420259 0.00424836 0.00439381 0.00464029 0.00498959 0.00544416 0.00600701 0.00668166 0.00747205 0.00838239 0.00941707 0.0105805 0.0118771 0.0133108 0.0148853 0.0166037 0.0184682 0.0204805 0.0226408 0.0249484 0.0274012 0.0299959 0.0327273 0.035589 0.0385728 0.0416689 0.0448659 0.0481506 0.0515085 0.0549234 0.0583779 0.0618533 0.0653298 0.0687868 0.0722028 0.075556 0.0788243 0.0819855 0.0850176 0.0878991 0.0906091 0.0931277 0.0954362 0.0975171 0.0993544 0.100934 0.102244 0.103274 0.104015 0.104462 0.104612 0.104463 0.104017 0.103277 0.102249 0.10094 0.0993626 0.0975274 0.0954491 0.0931434 0.090628 0.0879215 0.085044 0.0820162 0.0788597 0.0755963 0.0722483 0.0688376 0.0653862 0.0619152 0.0584454 0.0549964 0.0515868 0.048234 0.0449541 0.0417615 0.0386693 0.0356889 0.0328299 0.0301006 0.0275074 0.0250553 0.0227476 0.0205865 0.0185727 0.0167059 0.0149844 0.0134062 0.0119681 0.0106664 0.00949733 0.00845645 0.00753943 0.00674193 0.00605979 0.00548913 0.00502651 0.00466896 0.00441409 0.00426041 
0.00474348 0.00479505 0.00495831 0.00523473 0.00562626 0.00613557 0.00676595 0.00752124 0.00840568 0.00942386 0.0105805 0.0118805 0.0133283 0.0149283 0.0166844 0.0185998 0.0206769 0.022917 0.0253203 0.0278859 0.0306112 0.0334921 0.0365229 0.0396961 0.0430026 0.0464314 0.0499695 0.0536024 0.057314 0.0610863 0.0649001 0.0687347 0.0725683 0.0763783 0.0801412 0.083833 0.0874295 0.0909066 0.0942401 0.0974068 0.100384 0.10315 0.105684 0.107968 0.109983 0.111716 0.113152 0.114281 0.115093 0.115583 0.115747 0.115583 0.115093 0.114281 0.113152 0.111717 0.109985 0.10797 0.105688 0.103156 0.100393 0.097419 0.0942558 0.0909262 0.0874536 0.083862 0.0801754 0.0764181 0.0726139 0.0687862 0.0649577 0.06115 0.0573837 0.053678 0.0500506 0.0465177 0.0430938 0.0397915 0.0366219 0.0335941 0.0307155 0.0279917 0.0254269 0.0230234 0.0207823 0.0187035 0.0167855 0.015026 0.0134218 0.0119691 0.0106636 0.00950079 0.00847586 0.00758416 0.00682119 0.00618274 0.00566506 0.00526492 0.00497972 0.00480784 
0.00534879 0.00540685 0.00558992 0.00589963 0.0063381 0.00690825 0.00761365 0.00845846 0.0094473 0.0105851 0.0118771 0.0133283 0.0149437 0.0167279 0.018685 0.0208183 0.0231302 0.025622 0.0282937 0.0311439 0.0341695 0.0373658 0.0407262 0.0442423 0.0479036 0.0516978 0.0556106 0.0596257 0.0637252 0.0678892 0.0720965 0.0763243 0.0805486 0.0847446 0.0888865 0.0929481 0.0969029 0.100725 0.104387 0.107864 0.111132 0.114168 0.116947 0.119452 0.121662 0.12356 0.125134 0.126371 0.12726 0.127797 0.127975 0.127795 0.127258 0.126367 0.125129 0.123555 0.121656 0.119446 0.116942 0.114164 0.111131 0.107865 0.10439 0.100732 0.0969143 0.0929642 0.0889079 0.0847717 0.0805818 0.0763639 0.0721427 0.0679421 0.0637848 0.059692 0.0556833 0.0517766 0.0479881 0.044332 0.0408206 0.0374641 0.034271 0.0312478 0.0283992 0.0257281 0.0232361 0.020923 0.0187877 0.0168276 0.0150396 0.0134195 0.0119629 0.0106649 0.00952026 0.00852405 0.00767135 0.00695763 0.00637881 0.00593137 0.00561249 0.00542041 
0.00602109 0.0060863 0.00629125 0.00663768 0.00712793 0.00776515 0.00855322 0.00949666 0.0106005 0.01187 0.0133108 0.0149283 0.0167279 0.0187144 0.0208921 0.0232644 0.0258338 0.0286014 0.031567 0.0347285 0.0380826 0.0416235 0.0453438 0.049234 0.0532822 0.0574746 0.0617954 0.0662264 0.0707476 0.0753373 0.0799719 0.0846263 0.0892744 0.0938887 0.0984411 0.102903 0.107245 0.11144 0.115457 0.119271 0.122853 0.126178 0.129223 0.131965 0.134385 0.136463 0.138185 0.139537 0.14051 0.141096 0.141291 0.141093 0.140504 0.139529 0.138174 0.13645 0.134371 0.13195 0.129208 0.126163 0.122839 0.119258 0.115447 0.111433 0.107243 0.102905 0.098448 0.0939015 0.0892935 0.0846522 0.0800049 0.0753777 0.0707955 0.0662817 0.061858 0.0575444 0.0533587 0.0493168 0.0454323 0.041717 0.0381803 0.0348297 0.0316706 0.0287066 0.0259395 0.0233697 0.0209959 0.0188158 0.0168259 0.015022 0.0133992 0.0119524 0.0106761 0.00956485 0.00861336 0.00781674 0.00717054 0.00667099 0.006315 0.00610067 
0.00676275 0.00683583 0.00706475 0.00745143 0.00799838 0.00870902 0.00958757 0.0106389 0.0118684 0.0132819 0.0148853 0.0166844 0.018685 0.0208921 0.0233103 0.025943 0.0287927 0.0318602 0.0351451 0.038645 0.0423555 0.0462702 0.0503806 0.0546759 0.0591429 0.063766 0.0685276 0.0734077 0.0783841 0.0834327 0.0885278 0.0936417 0.0987457 0.10381 0.108803 0.113695 0.118454 0.123047 0.127446 0.131619 0.135538 0.139174 0.142503 0.1455 0.148142 0.150412 0.152292 0.153769 0.154831 0.15547 0.155682 0.155466 0.154822 0.153756 0.152276 0.150392 0.148119 0.145474 0.142476 0.139147 0.13551 0.131592 0.127421 0.123025 0.118435 0.113681 0.108794 0.103806 0.0987489 0.0936521 0.0885459 0.0834588 0.0784184 0.0734504 0.0685786 0.0638252 0.0592098 0.0547503 0.0504618 0.0463576 0.0424482 0.0387422 0.0352459 0.0319635 0.0288974 0.0260481 0.0234146 0.0209946 0.0187846 0.0167801 0.014976 0.0133668 0.0119466 0.0107096 0.00965007 0.00876276 0.00804286 0.00748628 0.00708969 0.00685101 
0.00757593 0.0076576 0.00791264 0.00834312 0.00895177 0.00974229 0.0107192 0.0118879 0.013254 0.0148238 0.0166037 0.0185998 0.0208183 0.0232644 0.025943 0.0288575 0.0320102 0.035402 0.0390317 0.0428966 0.0469914 0.0513089 0.0558394 0.0605705 0.0654876 0.0705734 0.0758082 0.0811698 0.086634 0.0921741 0.0977618 0.103367 0.108958 0.114503 0.119967 0.125317 0.130519 0.135538 0.140342 0.144898 0.149174 0.153141 0.156771 0.160038 0.162918 0.165391 0.167439 0.169047 0.170203 0.170899 0.17113 0.170893 0.170191 0.169029 0.167416 0.165363 0.162885 0.160001 0.156732 0.1531 0.149132 0.144856 0.140301 0.135499 0.130482 0.125285 0.11994 0.114481 0.108944 0.10336 0.0977631 0.0921841 0.086653 0.0811981 0.0758457 0.0706201 0.0655433 0.0606349 0.0559118 0.0513888 0.0470779 0.0429887 0.0391286 0.0355024 0.0321131 0.0289616 0.0260472 0.0233675 0.020919 0.0186971 0.0166963 0.0149108 0.0133344 0.0119608 0.0107839 0.00979808 0.00899806 0.00837948 0.00793874 0.00767359 
0.00846247 0.00855346 0.00883677 0.00931466 0.00999007 0.010867 0.0119503 0.0132457 0.0147594 0.016498 0.0184682 0.0206769 0.0231302 0.0258338 0.0287927 0.0320102 0.0354887 0.0392287 0.0432286 0.0474849 0.0519917 0.0567405 0.0617203 0.0669173 0.0723153 0.0778949 0.0836343 0.0895092 0.0954927 0.101556 0.107667 0.113794 0.119902 0.125956 0.131919 0.137755 0.143426 0.148896 0.154128 0.159088 0.163742 0.168058 0.172005 0.175557 0.178688 0.181375 0.1836 0.185346 0.186602 0.187357 0.187606 0.187349 0.186586 0.185323 0.183569 0.181338 0.178645 0.175509 0.171953 0.168002 0.163684 0.159029 0.154069 0.148838 0.143371 0.137704 0.131873 0.125916 0.119869 0.113768 0.10765 0.101548 0.0954945 0.0895211 0.0836566 0.0779275 0.0723581 0.0669701 0.0617824 0.0568113 0.0520704 0.0475706 0.0433203 0.0393251 0.0355887 0.0321125 0.0288959 0.0259368 0.0232314 0.0207752 0.0185624 0.0165868 0.0148418 0.0133207 0.012017 0.0109247 0.0100381 0.00935246 0.008864 0.00857026 
0.00942378 0.00952483 0.0098386 0.0103675 0.0111148 0.0120846 0.0132823 0.0147139 0.016386 0.0183058 0.0204805 0.022917 0.025622 0.0286014 0.0318602 0.035402 0.0392287 0.0433405 0.0477355 0.0524092 0.0573548 0.0625628 0.0680206 0.0737129 0.0796215 0.0857251 0.0919996 0.0984182 0.104951 0.111567 0.118232 0.12491 0.131564 0.138155 0.144643 0.15099 0.157154 0.163097 0.16878 0.174164 0.179214 0.183896 0.188176 0.192026 0.195419 0.198331 0.200741 0.202632 0.203991 0.204808 0.205078 0.204798 0.203971 0.202603 0.200703 0.198284 0.195365 0.191966 0.18811 0.183825 0.17914 0.174087 0.168702 0.16302 0.157079 0.150918 0.144576 0.138093 0.131509 0.124864 0.118195 0.11154 0.104934 0.0984119 0.0920047 0.0857417 0.0796496 0.0737523 0.0680707 0.062623 0.0574244 0.0524871 0.0478206 0.0434318 0.0393247 0.0355014 0.0319616 0.0287034 0.0257231 0.0230158 0.0205756 0.018396 0.0164701 0.0147906 0.0133508 0.012144 0.0111643 0.0104067 0.0098669 0.00954243 
0.0104608 0.0105727 0.0109191 0.0115026 0.0123267 0.013396 0.014716 0.0162932 0.0181347 0.020248 0.0226408 0.0253203 0.0282937 0.031567 0.0351451 0.0390317 0.0432286 0.0477355 0.0525497 0.0576661 0.0630769 0.0687709 0.0747345 0.0809503 0.0873981 0.0940546 0.100893 0.107884 0.114996 0.122194 0.12944 0.136696 0.143922 0.151076 0.158115 0.164996 0.171676 0.178113 0.184266 0.190093 0.195556 0.200618 0.205246 0.209407 0.213072 0.216217 0.218819 0.220861 0.222328 0.22321 0.2235 0.223198 0.222304 0.220826 0.218773 0.216161 0.213006 0.209333 0.205165 0.200531 0.195464 0.189997 0.184168 0.178015 0.171579 0.164901 0.158024 0.150991 0.143844 0.136627 0.12938 0.122144 0.114958 0.107858 0.100879 0.0940534 0.0874097 0.0809744 0.0747708 0.0688189 0.0631356 0.0577347 0.052627 0.0478202 0.0433195 0.0391272 0.0352437 0.0316671 0.0283938 0.0254189 0.0227363 0.0203391 0.0182199 0.0163713 0.014786 0.0134569 0.0123777 0.011543 0.0109484 0.010591 
0.0115739 0.0116973 0.0120785 0.0127203 0.0136262 0.0148013 0.0162514 0.0179835 0.0200051 0.022324 0.0249484 0.0278859 0.0311439 0.0347285 0.038645 0.0428966 0.0474849 0.0524092 0.0576661 0.0632496 0.0691506 0.0753567 0.0818524 0.0886186 0.0956329 0.10287 0.1103 0.117891 0.125608 0.133414 0.141268 0.149128 0.15695 0.16469 0.172302 0.179739 0.186956 0.193906 0.200546 0.206833 0.212724 0.218181 0.223168 0.22765 0.231597 0.234983 0.237784 0.239982 0.24156 0.242509 0.242821 0.242495 0.241532 0.239941 0.23773 0.234917 0.23152 0.227562 0.223071 0.218077 0.212613 0.206717 0.200427 0.193786 0.186835 0.179621 0.172187 0.164581 0.156848 0.149034 0.141183 0.13334 0.125547 0.117842 0.110265 0.102849 0.095626 0.0886257 0.0818732 0.0753906 0.0691969 0.0633073 0.0577341 0.0524861 0.0475693 0.042987 0.0387397 0.0348259 0.0312422 0.0279835 0.0250436 0.0224153 0.020091 0.0180626 0.0163226 0.0148634 0.0136784 0.0127617 0.0121087 0.0117164 
0.0127629 0.0128985 0.0133166 0.0140201 0.0150127 0.0162999 0.0178878 0.0197838 0.0219958 0.0245321 0.0274012 0.0306112 0.0341695 0.0380826 0.0423555 0.0469914 0.0519917 0.0573548 0.0630769 0.0691506 0.0755657 0.0823083 0.0893611 0.0967029 0.104309 0.112152 0.120199 0.128415 0.136763 0.145201 0.153686 0.162173 0.170614 0.178962 0.187167 0.195179 0.20295 0.210431 0.217575 0.224335 0.230667 0.236531 0.241887 0.2467 0.250937 0.254571 0.257577 0.259934 0.261627 0.262644 0.262978 0.262628 0.261595 0.259887 0.257515 0.254495 0.250848 0.246598 0.241774 0.236409 0.230537 0.224198 0.217434 0.210288 0.202806 0.195036 0.187026 0.178827 0.170486 0.162053 0.153576 0.145102 0.136677 0.128343 0.120141 0.112109 0.104282 0.0966912 0.0893646 0.0823265 0.0755979 0.0691958 0.063134 0.0574225 0.0520683 0.0470755 0.0424451 0.0381761 0.0342651 0.030707 0.0274955 0.0246231 0.0220818 0.0198635 0.0179598 0.0163629 0.0150658 0.0140624 0.0133476 0.0129183 
0.0140267 0.0141753 0.0146323 0.0154008 0.016485 0.0178902 0.0196233 0.0216919 0.0241044 0.0268694 0.0299959 0.0334921 0.0373658 0.0416235 0.0462702 0.0513089 0.0567405 0.0625628 0.0687709 0.0753567 0.0823083 0.0896103 0.0972433 0.105184 0.113406 0.121878 0.130565 0.139429 0.14843 0.157522 0.16666 0.175794 0.184874 0.193848 0.202664 0.211269 0.21961 0.227635 0.235295 0.242541 0.249326 0.255606 0.261341 0.266492 0.271026 0.274913 0.278127 0.280648 0.282457 0.283544 0.283901 0.283526 0.282421 0.280594 0.278057 0.274826 0.270924 0.266375 0.261211 0.255466 0.249176 0.242383 0.235132 0.227468 0.21944 0.211099 0.202497 0.193686 0.184718 0.175647 0.166523 0.157397 0.148318 0.139332 0.130483 0.121812 0.113357 0.105152 0.0972278 0.0896111 0.0823248 0.0753879 0.0688157 0.0626197 0.056808 0.0513854 0.0463537 0.0417122 0.0374577 0.0335852 0.0300883 0.0269594 0.02419 0.0217716 0.0196956 0.0179538 0.0165387 0.0154439 0.014664 0.0141957 
0.0153636 0.0155259 0.0160237 0.0168605 0.0180407 0.0195698 0.0214551 0.0237046 0.0263271 0.0293316 0.0327273 0.0365229 0.0407262 0.0453438 0.0503806 0.0558394 0.0617203 0.0680206 0.0747345 0.0818524 0.0893611 0.0972433 0.105478 0.114039 0.122897 0.132019 0.141367 0.1509 0.160574 0.17034 0.180149 0.189948 0.199683 0.2093 0.218741 0.227952 0.236876 0.245458 0.253646 0.261387 0.268633 0.275337 0.281456 0.286952 0.291787 0.295932 0.299359 0.302045 0.303973 0.305131 0.305511 0.305111 0.303933 0.301984 0.299279 0.295834 0.291673 0.286821 0.281311 0.275178 0.268463 0.261207 0.253459 0.245266 0.236681 0.227756 0.218547 0.209109 0.199499 0.189772 0.179983 0.170186 0.160434 0.150776 0.141259 0.131929 0.122825 0.113984 0.105442 0.0972251 0.0893602 0.081868 0.0747654 0.0680654 0.0617773 0.055907 0.0504568 0.0454265 0.0408134 0.0366125 0.0328172 0.0294198 0.0264117 0.0237839 0.0215274 0.0196337 0.0180949 0.0169041 0.016056 0.0155469 
0.0167711 0.0169476 0.0174882 0.0183963 0.0196766 0.0213352 0.0233793 0.0258175 0.0286589 0.0319129 0.035589 0.0396961 0.0442423 0.049234 0.0546759 0.0605705 0.0669173 0.0737129 0.0809503 0.0886186 0.0967029 0.105184 0.114039 0.123239 0.132753 0.142544 0.152571 0.16279 0.173153 0.183609 0.194105 0.204584 0.214989 0.22526 0.23534 0.245167 0.254684 0.263832 0.272555 0.280799 0.288512 0.295646 0.302155 0.307999 0.313139 0.317544 0.321185 0.324038 0.326087 0.327316 0.327719 0.327294 0.326042 0.323972 0.321097 0.317436 0.313012 0.307853 0.301993 0.295469 0.288322 0.280597 0.272345 0.263615 0.254462 0.244944 0.235117 0.225041 0.214775 0.204378 0.193909 0.183426 0.172984 0.162637 0.152435 0.142427 0.132655 0.123161 0.11398 0.105145 0.0966831 0.088617 0.0809658 0.0737442 0.0669626 0.0606279 0.0547435 0.0493096 0.0443238 0.0397813 0.0356755 0.0319986 0.0287418 0.0258957 0.023451 0.0213988 0.019731 0.0184402 0.0175208 0.0169691 
0.0182456 0.018437 0.019022 0.0200043 0.0213888 0.0231817 0.0253908 0.0280248 0.0310933 0.0346061 0.0385728 0.0430026 0.0479036 0.0532822 0.0591429 0.0654876 0.0723153 0.0796215 0.0873981 0.0956329 0.104309 0.113406 0.122897 0.132753 0.142938 0.153413 0.164135 0.175054 0.186121 0.197281 0.208475 0.219645 0.23073 0.241667 0.252393 0.262845 0.272962 0.282681 0.291945 0.300696 0.308881 0.316447 0.323349 0.329543 0.33499 0.339657 0.343513 0.346535 0.348703 0.350005 0.350431 0.34998 0.348654 0.346462 0.343417 0.339538 0.334851 0.329383 0.323171 0.316252 0.30867 0.300473 0.291711 0.282439 0.272714 0.262594 0.252142 0.241418 0.230486 0.219409 0.208249 0.197067 0.185922 0.174872 0.16397 0.153268 0.142814 0.13265 0.122815 0.113345 0.104269 0.0956127 0.0873969 0.0796378 0.0723474 0.0655336 0.0592008 0.0533497 0.0479784 0.0430824 0.0386551 0.0346886 0.0311739 0.0281014 0.0254615 0.0232448 0.0214429 0.0200483 0.0190549 0.0184589 
0.0197829 0.0199897 0.0206207 0.0216798 0.0231719 0.0251038 0.0274833 0.0303197 0.0336227 0.0374025 0.0416689 0.0464314 0.0516978 0.0574746 0.063766 0.0705734 0.0778949 0.0857251 0.0940546 0.10287 0.112152 0.121878 0.132019 0.142544 0.153413 0.164585 0.176013 0.187644 0.199426 0.211298 0.223201 0.23507 0.246842 0.25845 0.269829 0.280911 0.291631 0.301926 0.311733 0.320993 0.32965 0.337651 0.344946 0.35149 0.357244 0.362172 0.366243 0.369433 0.371722 0.373095 0.373545 0.373068 0.371669 0.369354 0.366139 0.362043 0.357092 0.351316 0.344751 0.337437 0.32942 0.320748 0.311476 0.301659 0.291357 0.280632 0.269549 0.258172 0.246568 0.234803 0.222943 0.211053 0.199195 0.187431 0.175818 0.164411 0.153261 0.142414 0.131912 0.121793 0.11209 0.102829 0.0940352 0.0857251 0.0779126 0.0706068 0.063813 0.0575329 0.0517649 0.0465047 0.0417461 0.037481 0.0337003 0.0303941 0.0275525 0.0251659 0.0232255 0.0217236 0.0206537 0.020012 
0.0213777 0.0216003 0.0222787 0.0234168 0.0250198 0.0270946 0.0296494 0.0326938 0.0362378 0.0402918 0.0448659 0.0499695 0.0556106 0.0617954 0.0685276 0.0758082 0.0836343 0.0919996 0.100893 0.1103 0.120199 0.130565 0.141367 0.152571 0.164135 0.176013 0.188155 0.200506 0.213009 0.225601 0.238217 0.250791 0.263254 0.275537 0.287569 0.299283 0.310607 0.321477 0.331828 0.341597 0.350725 0.359158 0.366844 0.373737 0.379796 0.384984 0.389269 0.392626 0.395034 0.396479 0.396952 0.39645 0.394977 0.392541 0.389157 0.384846 0.379633 0.37355 0.366634 0.358927 0.350475 0.34133 0.331548 0.321186 0.310307 0.298976 0.287261 0.275228 0.262949 0.250492 0.237928 0.225324 0.212747 0.200261 0.187929 0.175808 0.163953 0.152413 0.141234 0.130455 0.120114 0.110238 0.100854 0.0919821 0.0836364 0.0758278 0.0685627 0.0618434 0.055669 0.0500357 0.0449372 0.0403657 0.0363117 0.0327654 0.0297166 0.0271554 0.0250726 0.0234602 0.0223117 0.0216229 
0.0230238 0.0232628 0.0239897 0.0252087 0.0269253 0.0291463 0.0318806 0.0351377 0.0389281 0.0432623 0.0481506 0.0536024 0.0596257 0.0662264 0.0734077 0.0811698 0.0895092 0.0984182 0.107884 0.117891 0.128415 0.139429 0.1509 0.16279 0.175054 0.187644 0.200506 0.213582 0.22681 0.240124 0.253456 0.266735 0.27989 0.292847 0.305533 0.317875 0.329802 0.341245 0.352135 0.362408 0.372004 0.380866 0.38894 0.396179 0.40254 0.407984 0.412481 0.416002 0.418528 0.420044 0.42054 0.420013 0.418468 0.415912 0.412361 0.407837 0.402365 0.395978 0.388715 0.380618 0.371736 0.362122 0.351832 0.340929 0.329476 0.317542 0.305195 0.292508 0.279554 0.266405 0.253135 0.239815 0.226515 0.213305 0.200249 0.187409 0.174843 0.162603 0.150739 0.139294 0.128306 0.117807 0.107825 0.0983821 0.0894946 0.0811747 0.0734298 0.0662631 0.0596745 0.0536606 0.0482153 0.0433308 0.0389977 0.035206 0.0319453 0.0292054 0.0269769 0.0252515 0.0240224 0.0232856 
0.0247141 0.0249698 0.0257462 0.0270478 0.02888 0.0312501 0.034167 0.0376407 0.0416817 0.0463008 0.0515085 0.057314 0.0637252 0.0707476 0.0783841 0.086634 0.0954927 0.104951 0.114996 0.125608 0.136763 0.14843 0.160574 0.173153 0.186121 0.199426 0.213009 0.22681 0.240763 0.254798 0.268844 0.282826 0.296669 0.310296 0.323631 0.336598 0.349122 0.361131 0.372555 0.383327 0.393385 0.402669 0.411125 0.418704 0.425362 0.431059 0.435763 0.439447 0.442088 0.443673 0.444192 0.443641 0.442025 0.439351 0.435637 0.430903 0.425177 0.418491 0.410886 0.402405 0.393099 0.383021 0.372231 0.360792 0.348771 0.336238 0.323266 0.309929 0.296303 0.282465 0.268491 0.254456 0.240436 0.226501 0.21272 0.199159 0.185879 0.172937 0.160384 0.148268 0.136628 0.125501 0.114915 0.104896 0.0954605 0.0866231 0.0783922 0.0707722 0.0637635 0.0573632 0.0515657 0.0463632 0.0417464 0.0377052 0.0342288 0.031307 0.0289301 0.0270896 0.0257786 0.0249927 
0.0264408 0.0267134 0.0275401 0.0289253 0.0308747 0.0333959 0.0364979 0.0401908 0.0444855 0.0493929 0.0549234 0.0610863 0.0678892 0.0753373 0.0834327 0.0921741 0.101556 0.111567 0.122194 0.133414 0.145201 0.157522 0.17034 0.183609 0.197281 0.211298 0.225601 0.240124 0.254798 0.26955 0.284305 0.298984 0.313509 0.327799 0.341775 0.355357 0.36847 0.381037 0.392986 0.404248 0.414759 0.424457 0.433288 0.4412 0.448148 0.454092 0.458999 0.462841 0.465596 0.467248 0.467789 0.467215 0.465529 0.462741 0.458867 0.453928 0.447953 0.440976 0.433036 0.424179 0.414456 0.403923 0.392641 0.380676 0.368095 0.354972 0.341382 0.327403 0.313113 0.298592 0.28392 0.269177 0.254439 0.239782 0.225279 0.211 0.197007 0.183363 0.170122 0.157333 0.145041 0.133283 0.122091 0.111491 0.101505 0.0921466 0.0834261 0.075349 0.0679163 0.061126 0.0549726 0.0494486 0.0445448 0.0402509 0.0365563 0.0334503 0.0309231 0.028966 0.0275719 0.0267364 
0.0281951 0.0284848 0.0293622 0.0308317 0.0328994 0.0355728 0.0388613 0.0427751 0.0473252 0.0525227 0.0583779 0.0649001 0.0720965 0.0799719 0.0885278 0.0977618 0.107667 0.118232 0.12944 0.141268 0.153686 0.16666 0.180149 0.194105 0.208475 0.223201 0.238217 0.253456 0.268844 0.284305 0.299759 0.315126 0.330322 0.345264 0.35987 0.374058 0.387747 0.40086 0.413323 0.425064 0.436017 0.44612 0.455315 0.463551 0.470782 0.476967 0.482071 0.486066 0.488931 0.490649 0.491211 0.490614 0.488862 0.485962 0.481933 0.476796 0.470579 0.463317 0.455051 0.445828 0.435699 0.424722 0.412959 0.400478 0.387349 0.373648 0.359452 0.344841 0.329897 0.314704 0.299344 0.2839 0.268453 0.253082 0.237864 0.222871 0.208171 0.193828 0.179902 0.166443 0.153499 0.141112 0.129314 0.118135 0.107597 0.0977169 0.0885057 0.0799699 0.0721117 0.0649295 0.0584184 0.0525711 0.0473785 0.0428304 0.0389159 0.0356243 0.0329457 0.0308711 0.0293933 0.0285078 
0.0299674 0.0302743 0.0312025 0.0327568 0.034943 0.037769 0.0412444 0.0453795 0.0501854 0.0556732 0.0618533 0.0687347 0.0763243 0.0846263 0.0936417 0.103367 0.113794 0.12491 0.136696 0.149128 0.162173 0.175794 0.189948 0.204584 0.219645 0.23507 0.250791 0.266735 0.282826 0.298984 0.315126 0.331167 0.347021 0.362602 0.377823 0.392601 0.406853 0.420499 0.433461 0.445668 0.45705 0.467545 0.477094 0.485644 0.493147 0.499564 0.504859 0.509003 0.511974 0.513756 0.514339 0.51372 0.511902 0.508896 0.504716 0.499387 0.492937 0.4854 0.476819 0.46724 0.456718 0.445309 0.43308 0.420097 0.406434 0.392168 0.37738 0.362152 0.346568 0.330716 0.31468 0.298548 0.282404 0.26633 0.250406 0.234709 0.21931 0.204277 0.189672 0.175549 0.16196 0.148947 0.136547 0.124792 0.113704 0.103304 0.0936035 0.0846101 0.076327 0.0687533 0.0618845 0.0557139 0.0502323 0.0454295 0.0412948 0.0378174 0.034987 0.0327946 0.0312329 0.0302971 
0.0317476 0.0320716 0.0330506 0.0346893 0.0369937 0.039972 0.0436335 0.0479891 0.0530498 0.0588266 0.0653298 0.0725683 0.0805486 0.0892744 0.0987457 0.108958 0.119902 0.131564 0.143922 0.15695 0.170614 0.184874 0.199683 0.214989 0.23073 0.246842 0.263254 0.27989 0.296669 0.313509 0.330322 0.347021 0.363516 0.379718 0.395539 0.41089 0.425687 0.439848 0.453294 0.465951 0.477748 0.488621 0.49851 0.507362 0.515129 0.521769 0.527247 0.531533 0.534606 0.536449 0.537052 0.536412 0.534532 0.531423 0.5271 0.521586 0.514911 0.50711 0.498225 0.488305 0.477402 0.465578 0.452896 0.439428 0.425248 0.410435 0.395072 0.379243 0.363037 0.346542 0.329847 0.313043 0.296216 0.279453 0.262838 0.24645 0.230364 0.214652 0.199378 0.184601 0.170374 0.156744 0.143749 0.131423 0.119793 0.108877 0.098691 0.0892435 0.0805384 0.0725756 0.0653514 0.058859 0.0530898 0.0480336 0.0436795 0.0400168 0.0370352 0.0347254 0.03308 0.0320943 
0.0335247 0.0338658 0.0348951 0.0366175 0.0390392 0.0421683 0.0460144 0.0505883 0.0559011 0.0619639 0.0687868 0.0763783 0.0847446 0.0938887 0.10381 0.114503 0.125956 0.138155 0.151076 0.16469 0.178962 0.193848 0.2093 0.22526 0.241667 0.25845 0.275537 0.292847 0.310296 0.327799 0.345264 0.362602 0.379718 0.396522 0.412921 0.428826 0.444149 0.458807 0.472718 0.485806 0.498001 0.509237 0.519452 0.528593 0.536612 0.543465 0.549118 0.553541 0.556711 0.558612 0.559234 0.558574 0.556635 0.553428 0.548968 0.543278 0.536389 0.528335 0.51916 0.508911 0.497645 0.485421 0.472305 0.45837 0.443692 0.428351 0.412432 0.396023 0.379214 0.362096 0.344762 0.327304 0.309814 0.29238 0.27509 0.258028 0.241271 0.224894 0.208966 0.193547 0.178695 0.164459 0.150879 0.137992 0.125826 0.114403 0.103738 0.0938428 0.0847211 0.076374 0.0687983 0.0619878 0.055934 0.0506268 0.0460556 0.0422094 0.0390779 0.0366518 0.0349234 0.0338882 
0.0352875 0.0356454 0.0367243 0.0385292 0.0410664 0.0443441 0.0483719 0.0531607 0.0587217 0.0650657 0.0722028 0.0801412 0.0888865 0.0984411 0.108803 0.119967 0.131919 0.144643 0.158115 0.172302 0.187167 0.202664 0.218741 0.23534 0.252393 0.269829 0.287569 0.305533 0.323631 0.341775 0.35987 0.377823 0.395539 0.412921 0.429876 0.446313 0.46214 0.477273 0.491629 0.50513 0.517705 0.529286 0.539812 0.549228 0.557486 0.564542 0.570361 0.574913 0.578175 0.580132 0.580772 0.580093 0.578098 0.574798 0.570208 0.564351 0.557258 0.548964 0.539513 0.528952 0.517339 0.504734 0.491204 0.476822 0.461666 0.445819 0.429368 0.412401 0.395011 0.377293 0.359342 0.341252 0.32312 0.305037 0.287094 0.269376 0.251968 0.234945 0.218379 0.202336 0.186874 0.172045 0.157894 0.144459 0.131769 0.119848 0.108715 0.09838 0.0888495 0.080125 0.072204 0.0650808 0.0587471 0.0531931 0.0484082 0.0443814 0.0411023 0.0385616 0.0367515 0.0356675 
0.0370241 0.0373986 0.0385261 0.0404118 0.0430621 0.0464851 0.0506907 0.0556897 0.0614932 0.068112 0.075556 0.083833 0.0929481 0.102903 0.113695 0.125317 0.137755 0.15099 0.164996 0.179739 0.195179 0.211269 0.227952 0.245167 0.262845 0.280911 0.299283 0.317875 0.336598 0.355357 0.374058 0.392601 0.41089 0.428826 0.446313 0.463256 0.479564 0.495149 0.509928 0.523821 0.536756 0.548664 0.559484 0.569161 0.577644 0.584891 0.590867 0.595541 0.59889 0.600899 0.601556 0.60086 0.598812 0.595424 0.590712 0.584698 0.577413 0.568892 0.559179 0.548324 0.536382 0.523415 0.509491 0.494685 0.479075 0.462746 0.445785 0.428285 0.41034 0.392048 0.373504 0.354809 0.33606 0.317352 0.298779 0.28043 0.262392 0.244744 0.227562 0.210914 0.194861 0.179458 0.164752 0.150783 0.137584 0.12518 0.11359 0.102827 0.0928975 0.0838049 0.0755468 0.0681182 0.061511 0.0557158 0.0507219 0.0465184 0.0430949 0.0404421 0.0385521 0.0374203 
0.0387228 0.0391133 0.040288 0.0422523 0.0450124 0.0485767 0.052955 0.0581581 0.0641971 0.0710827 0.0788243 0.0874295 0.0969029 0.107245 0.118454 0.130519 0.143426 0.157154 0.171676 0.186956 0.20295 0.21961 0.236876 0.254684 0.272962 0.291631 0.310607 0.329802 0.349122 0.36847 0.387747 0.406853 0.425687 0.444149 0.46214 0.479564 0.496327 0.51234 0.527518 0.541781 0.555055 0.567272 0.578368 0.588289 0.596984 0.604411 0.610533 0.615321 0.618752 0.620809 0.621483 0.62077 0.618674 0.615204 0.610377 0.604215 0.59675 0.588017 0.578059 0.566926 0.554674 0.541366 0.527072 0.511864 0.495825 0.479039 0.461596 0.44359 0.425118 0.406278 0.387171 0.367898 0.348559 0.329253 0.310077 0.291123 0.272481 0.254234 0.236459 0.219229 0.202607 0.186651 0.17141 0.156927 0.143235 0.130363 0.118332 0.107154 0.0968388 0.0873895 0.0788047 0.0710798 0.0642073 0.0581779 0.052981 0.0486059 0.0450422 0.0422804 0.0403128 0.0391346 
0.0403712 0.0407772 0.0419976 0.0440377 0.0469038 0.0506043 0.0551491 0.060549 0.0668148 0.0739573 0.0819855 0.0909066 0.100725 0.11144 0.123047 0.135538 0.148896 0.163097 0.178113 0.193906 0.210431 0.227635 0.245458 0.263832 0.282681 0.301926 0.321477 0.341245 0.361131 0.381037 0.40086 0.420499 0.439848 0.458807 0.477273 0.495149 0.51234 0.528755 0.544307 0.558917 0.572508 0.585013 0.596367 0.606516 0.615408 0.623003 0.629262 0.634156 0.637663 0.639766 0.640455 0.639726 0.637584 0.634038 0.629104 0.622806 0.615173 0.606241 0.596055 0.584663 0.572122 0.558495 0.543853 0.528269 0.511827 0.494611 0.476714 0.458231 0.43926 0.419903 0.400263 0.380442 0.360544 0.340671 0.320922 0.301392 0.282175 0.263356 0.245016 0.22723 0.210064 0.193578 0.177825 0.162849 0.148686 0.135365 0.122909 0.111333 0.100647 0.0908547 0.0819555 0.0739454 0.0668174 0.0605623 0.0551699 0.0506294 0.0469304 0.0440636 0.042021 0.0407981 
0.0419574 0.0423782 0.0436423 0.0457549 0.0487224 0.0525533 0.0572573 0.0628452 0.0693279 0.0767157 0.0850176 0.0942401 0.104387 0.115457 0.127446 0.140342 0.154128 0.16878 0.184266 0.200546 0.217575 0.235295 0.253646 0.272555 0.291945 0.311733 0.331828 0.352135 0.372555 0.392986 0.413323 0.433461 0.453294 0.472718 0.491629 0.509928 0.527518 0.544307 0.560209 0.575141 0.589027 0.601799 0.613392 0.623752 0.632827 0.640576 0.646961 0.651954 0.655531 0.657676 0.658379 0.657636 0.655452 0.651836 0.646804 0.640379 0.632591 0.623476 0.613078 0.601445 0.588636 0.574714 0.559747 0.543814 0.526995 0.509379 0.491057 0.472127 0.45269 0.432848 0.412706 0.39237 0.371946 0.351538 0.331248 0.311176 0.291415 0.272055 0.25318 0.234866 0.217184 0.200196 0.183956 0.168511 0.153899 0.140152 0.127292 0.115337 0.104297 0.0941768 0.0849775 0.0766951 0.069323 0.0628523 0.0572729 0.0525742 0.0487459 0.0457786 0.0436644 0.0423986 
0.0434692 0.0439042 0.0452096 0.047391 0.0504547 0.0544091 0.059264 0.06503 0.0717181 0.0793382 0.0878991 0.0974068 0.107864 0.119271 0.131619 0.144898 0.159088 0.174164 0.190093 0.206833 0.224335 0.242541 0.261387 0.280799 0.300696 0.320993 0.341597 0.362408 0.383327 0.404248 0.425064 0.445668 0.465951 0.485806 0.50513 0.523821 0.541781 0.558917 0.575141 0.59037 0.604528 0.617546 0.629359 0.639913 0.649156 0.657047 0.663548 0.66863 0.672271 0.674455 0.675171 0.674416 0.672193 0.668513 0.663391 0.65685 0.64892 0.639637 0.629043 0.61719 0.604134 0.589939 0.574674 0.558417 0.54125 0.523262 0.504547 0.485203 0.465332 0.445038 0.42443 0.403614 0.382698 0.361791 0.340995 0.320414 0.300143 0.280276 0.260898 0.24209 0.223923 0.206462 0.189764 0.173877 0.158842 0.144691 0.13145 0.119136 0.107762 0.0973323 0.0878491 0.0793091 0.0717059 0.065031 0.0592745 0.0544259 0.0504751 0.0474125 0.0452304 0.0439241 
0.0448951 0.0453433 0.0466876 0.0489335 0.0520874 0.0561577 0.0611541 0.0670873 0.0739678 0.0818056 0.0906091 0.100384 0.111132 0.122853 0.135538 0.149174 0.163742 0.179214 0.195556 0.212724 0.230667 0.249326 0.268633 0.288512 0.308881 0.32965 0.350725 0.372004 0.393385 0.414759 0.436017 0.45705 0.477748 0.498001 0.517705 0.536756 0.555055 0.572508 0.589027 0.604528 0.618934 0.632177 0.644191 0.654921 0.664317 0.672337 0.678943 0.684107 0.687807 0.690025 0.690753 0.689986 0.687729 0.683991 0.678787 0.672141 0.664081 0.654645 0.643875 0.63182 0.618539 0.604094 0.588556 0.572003 0.554517 0.536189 0.517112 0.497387 0.477116 0.456406 0.435367 0.414107 0.392738 0.371368 0.350104 0.32905 0.308307 0.287968 0.268123 0.248854 0.230235 0.212333 0.195208 0.178909 0.163479 0.148952 0.135354 0.122705 0.111018 0.100299 0.0905498 0.0817683 0.0739486 0.0670823 0.0611598 0.0561707 0.0521048 0.0489529 0.0467071 0.0453628 
