0.00337776 0.00340746 0.0035034 0.00366633 0.00389707 0.00419676 0.00456683 0.00500888 0.00552474 0.00611631 0.00678558 0.0075345 0.00836492 0.00927855 0.0102768 0.0113609 0.0125313 0.0137884 0.0151318 0.0165604 0.0180726 0.0196658 0.0213367 0.0230811 0.0248941 0.0267696 0.0287008 0.0306801 0.0326989 0.0347476 0.0368163 0.0388941 0.0409696 0.0430307 0.0450652 0.0470605 0.0490036 0.0508819 0.0526825 0.0543929 0.0560012 0.0574955 0.058865 0.0600995 0.0611896 0.0621272 0.0629049 0.0635168 0.0639581 0.0642253 0.0643165 0.0642309 0.0639691 0.0635334 0.0629271 0.0621549 0.0612229 0.0601383 0.0589093 0.0575453 0.0560564 0.0544536 0.0527484 0.050953 0.0490797 0.0471415 0.0451509 0.0431208 0.0410638 0.0389922 0.0369179 0.0348524 0.0328063 0.0307899 0.0288124 0.0268825 0.0250078 0.0231952 0.0214505 0.0197788 0.0181843 0.0166703 0.0152393 0.013893 0.0126325 0.0114582 0.0103698 0.00936682 0.00844805 0.00761212 0.00685737 0.00618197 0.005584 0.00506153 0.00461266 0.00423562 0.00392883 0.0036909 0.00352072 0.00341768 
0.00340746 0.00343743 0.00353423 0.0036986 0.00393136 0.00423368 0.00460697 0.00505287 0.0055732 0.00616989 0.00684492 0.00760027 0.0084378 0.00935921 0.010366 0.0114591 0.0126395 0.0139071 0.0152617 0.0167021 0.0182268 0.019833 0.0215176 0.0232762 0.0251038 0.0269944 0.0289411 0.0309362 0.0329709 0.0350358 0.0371207 0.0392147 0.0413062 0.0433833 0.0454334 0.0474439 0.0494018 0.0512943 0.0531085 0.0548318 0.0564521 0.0579576 0.0593373 0.0605809 0.0616791 0.0626236 0.063407 0.0640233 0.0644679 0.064737 0.0648288 0.0647425 0.0644788 0.0640398 0.063429 0.062651 0.0617121 0.0606194 0.0593812 0.058007 0.0565069 0.054892 0.053174 0.051365 0.0494775 0.0475244 0.0455186 0.0434729 0.0414 0.0393124 0.0372219 0.0351402 0.033078 0.0310456 0.0290525 0.0271071 0.0252174 0.0233901 0.0216313 0.019946 0.0183385 0.016812 0.0153692 0.0140118 0.0127408 0.0115566 0.0104591 0.00944762 0.00852107 0.00767804 0.00691686 0.0062357 0.00563261 0.00510565 0.00465293 0.00427265 0.00396322 0.00372324 0.00355161 0.00344769 
0.0035034 0.00353423 0.00363366 0.00380241 0.00404136 0.00435168 0.0047348 0.0051924 0.00572632 0.00633852 0.00703102 0.00780581 0.00866479 0.00960967 0.0106419 0.0117626 0.0129725 0.0142716 0.0156597 0.0171356 0.0186974 0.0203426 0.0220677 0.0238684 0.0257395 0.0276747 0.0296671 0.0317086 0.0337905 0.0359029 0.0380355 0.0401772 0.042316 0.0444397 0.0465357 0.0485909 0.0505922 0.0525263 0.0543802 0.0561411 0.0577966 0.0593346 0.0607441 0.0620144 0.0631361 0.0641007 0.0649008 0.0655302 0.0659841 0.0662589 0.0663525 0.0662642 0.0659948 0.0655462 0.0649222 0.0641275 0.0631683 0.0620519 0.060787 0.0593829 0.0578502 0.0562 0.0544443 0.0525955 0.0506664 0.04867 0.0466195 0.044528 0.0424085 0.0402736 0.0381356 0.0360062 0.0338966 0.0318172 0.0297776 0.0277867 0.0258524 0.0239818 0.022181 0.0204553 0.0188089 0.0172454 0.0157672 0.0143764 0.0130739 0.0118603 0.0107353 0.0096984 0.00874842 0.00788396 0.00710335 0.00640471 0.0057861 0.00524554 0.00478109 0.00439095 0.00407347 0.00382727 0.00365118 0.0035446 
0.00366633 0.0036986 0.00380241 0.00397854 0.00422786 0.00455158 0.00495119 0.00542838 0.00598507 0.00662325 0.00734499 0.00815232 0.00904718 0.0100313 0.0111062 0.0122729 0.013532 0.0148838 0.0163278 0.0178626 0.0194865 0.0211966 0.0229893 0.02486 0.0268034 0.0288129 0.0308813 0.0330001 0.0351603 0.0373518 0.0395636 0.0417843 0.0440016 0.0462028 0.0483749 0.0505042 0.0525773 0.0545805 0.0565003 0.0583236 0.0600373 0.0616293 0.063088 0.0644026 0.0655632 0.0665612 0.0673889 0.0680399 0.0685093 0.0687934 0.06889 0.0687985 0.0685195 0.0680552 0.0674093 0.0665867 0.0655939 0.0644385 0.0631291 0.0616756 0.0600888 0.0583802 0.0565621 0.0546474 0.0526492 0.0505809 0.0484563 0.0462888 0.0440918 0.0418785 0.0396616 0.0374531 0.0352646 0.033107 0.0309903 0.0289236 0.0269152 0.0249725 0.0231018 0.0213087 0.0195976 0.0179722 0.0164352 0.0149887 0.0136337 0.0123709 0.0112 0.0101205 0.00913137 0.00823107 0.00741793 0.00669006 0.00604546 0.0054821 0.00499801 0.00459133 0.00426038 0.00400373 0.00382019 0.00370913 
0.00389707 0.00393136 0.00404136 0.00422786 0.00449178 0.00483436 0.00525714 0.0057619 0.00635059 0.00702529 0.00778813 0.00864119 0.00958645 0.0106257 0.0117604 0.0129916 0.01432 0.0157456 0.0172679 0.0188855 0.0205962 0.0223972 0.0242846 0.0262535 0.0282981 0.0304116 0.0325862 0.0348133 0.037083 0.0393849 0.0417075 0.0440386 0.0463656 0.0486751 0.0509534 0.0531863 0.0553596 0.0574593 0.0594711 0.0613812 0.0631763 0.0648437 0.0663711 0.0677473 0.0689623 0.0700068 0.0708729 0.0715541 0.0720451 0.0723422 0.072443 0.0723469 0.0720545 0.0715683 0.0708919 0.0700306 0.068991 0.0677809 0.0664096 0.0648871 0.0632248 0.0614347 0.0595296 0.0575228 0.0554281 0.0532596 0.0510314 0.0487577 0.0464526 0.0441298 0.0418024 0.0394834 0.0371847 0.0349178 0.0326931 0.0305204 0.0284083 0.0263646 0.0243961 0.0225085 0.0207068 0.0189947 0.0173752 0.0158505 0.0144219 0.01309 0.0118547 0.0107155 0.00967135 0.00872071 0.00786188 0.00709293 0.00641179 0.00581639 0.00530468 0.00487475 0.00452485 0.00425351 0.00405949 0.00394213 
0.00419676 0.00423368 0.00435168 0.00455158 0.00483436 0.00520131 0.00565404 0.0061944 0.00682443 0.00754629 0.00836218 0.00927425 0.0102846 0.0113949 0.0126067 0.0139212 0.0153388 0.0168596 0.0184828 0.0202069 0.0220296 0.0239476 0.0259568 0.028052 0.0302268 0.032474 0.0347853 0.0371514 0.0395619 0.0420056 0.0444705 0.0469436 0.0494114 0.0518598 0.0542743 0.0566401 0.0589421 0.0611654 0.0632952 0.0653168 0.0672162 0.06898 0.0705955 0.0720509 0.0733354 0.0744395 0.0753549 0.0760747 0.0765934 0.0769071 0.0770133 0.0769113 0.0766019 0.0760875 0.0753721 0.0744611 0.0733614 0.0720814 0.0706307 0.0690199 0.0672608 0.0653662 0.0633494 0.0612246 0.0590061 0.0567089 0.0543479 0.051938 0.0494941 0.0470305 0.0445615 0.0421004 0.0396602 0.0372527 0.0348893 0.0325802 0.0303348 0.0281612 0.0260668 0.0240577 0.0221392 0.0203155 0.0185898 0.0169644 0.0154409 0.01402 0.0127017 0.0114855 0.0103703 0.00935471 0.00843692 0.00761493 0.00688662 0.00624984 0.00570246 0.00524249 0.00486812 0.00457779 0.00437023 0.00424475 
0.00456683 0.00460697 0.0047348 0.00495119 0.00525714 0.00565404 0.00614357 0.00672767 0.00740847 0.00818824 0.00906926 0.0100538 0.0111439 0.0123415 0.013648 0.0150645 0.0165915 0.0182288 0.0199757 0.0218303 0.0237901 0.0258514 0.0280097 0.0302593 0.0325933 0.035004 0.0374824 0.0400184 0.0426009 0.0452179 0.0478565 0.0505028 0.0531425 0.0557604 0.0583412 0.060869 0.0633279 0.065702 0.0679755 0.070133 0.0721595 0.0740409 0.0757637 0.0773154 0.0786846 0.0798613 0.0808368 0.0816036 0.082156 0.0824898 0.0826026 0.0824935 0.0821633 0.0816146 0.0808516 0.0798801 0.0787074 0.0773422 0.0757947 0.0740763 0.0721993 0.0701773 0.0680245 0.0657557 0.0633864 0.0609323 0.0584092 0.0558332 0.0532198 0.0505846 0.0479426 0.045308 0.0426948 0.0401157 0.0375828 0.035107 0.0326984 0.030366 0.0281176 0.0259598 0.0238984 0.021938 0.0200822 0.0183335 0.0166937 0.0151636 0.0137435 0.0124328 0.0112306 0.0101353 0.00914511 0.00825802 0.0074718 0.0067842 0.00619301 0.00569615 0.00529171 0.00497806 0.00475386 0.00461839 
0.00500888 0.00505287 0.0051924 0.00542838 0.0057619 0.0061944 0.00672767 0.00736375 0.00810488 0.00895344 0.00991182 0.0109824 0.0121672 0.0134683 0.0148871 0.0164246 0.0180813 0.0198569 0.0217503 0.0237595 0.0258815 0.0281125 0.0304472 0.0328795 0.035402 0.038006 0.0406818 0.0434185 0.0462042 0.0490258 0.0518695 0.0547203 0.0575627 0.0603806 0.0631575 0.0658763 0.0685201 0.0710719 0.0735147 0.0758322 0.0780085 0.0800283 0.0818774 0.0835424 0.0850114 0.0862736 0.0873196 0.0881417 0.0887338 0.0890914 0.0892119 0.0890944 0.0887398 0.0881508 0.0873318 0.086289 0.0850303 0.0835648 0.0819034 0.0800583 0.0780425 0.0758705 0.0735573 0.071119 0.0685719 0.0659328 0.0632188 0.0604467 0.0576335 0.0547958 0.0519495 0.0491103 0.0462927 0.0435109 0.0407776 0.0381048 0.0355035 0.0329831 0.0305524 0.0282187 0.0259882 0.023866 0.0218559 0.0199611 0.0181834 0.016524 0.0149831 0.0135604 0.0122548 0.0110649 0.00998885 0.00902445 0.00816945 0.00742148 0.00677825 0.00623754 0.00579736 0.005456 0.00521203 0.0050647 
0.00552474 0.0055732 0.00572632 0.00598507 0.00635059 0.00682443 0.00740847 0.00810488 0.00891602 0.00984439 0.0108925 0.0120628 0.0133574 0.0147785 0.0163273 0.0180051 0.0198119 0.0217475 0.0238104 0.0259984 0.0283081 0.0307351 0.0332737 0.035917 0.0386569 0.041484 0.0443876 0.0473559 0.0503759 0.0534334 0.0565133 0.0595995 0.0626755 0.0657236 0.0687261 0.0716647 0.0745212 0.0772772 0.0799148 0.0824162 0.0847645 0.0869433 0.0889375 0.0907328 0.0923163 0.0936766 0.0948036 0.0956892 0.0963269 0.0967117 0.0968411 0.0967139 0.0963312 0.0956959 0.0948127 0.0936881 0.0923306 0.09075 0.0889578 0.086967 0.0847917 0.0824473 0.0799499 0.0773167 0.0745651 0.0717133 0.0687794 0.0657818 0.0627386 0.0596676 0.0565861 0.0535109 0.050458 0.0474423 0.0444779 0.0415779 0.038754 0.0360167 0.0333756 0.0308386 0.0284125 0.0261031 0.0239148 0.0218509 0.0199137 0.0181045 0.0164238 0.0148713 0.013446 0.0121464 0.0109707 0.00991668 0.00898189 0.0081639 0.00746027 0.00686868 0.00638703 0.00601349 0.00574657 0.00558547 
0.00611631 0.00616989 0.00633852 0.00662325 0.00702529 0.00754629 0.00818824 0.00895344 0.00984439 0.0108637 0.012014 0.0132979 0.0147177 0.0162752 0.0179722 0.0198093 0.0217869 0.0239043 0.0261599 0.028551 0.0310738 0.0337233 0.0364932 0.0393759 0.0423623 0.0454422 0.0486039 0.0518344 0.0551196 0.0584439 0.0617911 0.0651437 0.0684835 0.0717918 0.0750491 0.078236 0.0813325 0.0843191 0.0871764 0.0898852 0.0924275 0.0947857 0.0969434 0.0988855 0.100598 0.102069 0.103287 0.104244 0.104933 0.105349 0.105488 0.10535 0.104936 0.104248 0.103293 0.102076 0.100607 0.0988967 0.0969571 0.0948021 0.092447 0.0899081 0.0872029 0.0843497 0.0813674 0.0782754 0.0750933 0.0718409 0.0685377 0.0652029 0.0618555 0.0585134 0.055194 0.0519137 0.0486877 0.0455301 0.042454 0.0394708 0.036591 0.0338233 0.0311754 0.0286535 0.0262627 0.0240066 0.0218881 0.0199086 0.0180688 0.0163686 0.014807 0.0133826 0.0120935 0.0109373 0.00991158 0.00901377 0.00824129 0.00759169 0.00706275 0.00665253 0.00635944 0.00618264 
0.00678558 0.00684492 0.00703102 0.00734499 0.00778813 0.00836218 0.00906926 0.00991182 0.0108925 0.012014 0.0132792 0.0146907 0.0162509 0.0179618 0.0198248 0.0218408 0.0240099 0.0263311 0.0288025 0.031421 0.0341823 0.0370808 0.0401094 0.0432597 0.0465217 0.049884 0.0533339 0.0568571 0.060438 0.06406 0.0677051 0.0713544 0.0749883 0.0785862 0.0821273 0.0855903 0.088954 0.092197 0.0952984 0.0982379 0.100996 0.103553 0.105892 0.107997 0.109853 0.111447 0.112767 0.113803 0.114549 0.114999 0.115149 0.114999 0.114549 0.113804 0.112768 0.111449 0.109856 0.108002 0.105899 0.103561 0.101006 0.0982514 0.0953152 0.0922175 0.0889785 0.0856193 0.0821609 0.0786248 0.0750321 0.0714037 0.0677598 0.0641202 0.0605036 0.056928 0.0534099 0.0499648 0.0466069 0.043349 0.0402022 0.0371765 0.0342803 0.0315206 0.028903 0.0264317 0.0241099 0.0219395 0.0199213 0.0180554 0.0163409 0.0147763 0.0133597 0.0120888 0.010961 0.00997345 0.00912357 0.00840875 0.00782663 0.00737515 0.00705264 0.00685819 
0.0075345 0.00760027 0.00780581 0.00815232 0.00864119 0.00927425 0.0100538 0.0109824 0.0120628 0.0132979 0.0146907 0.0162439 0.01796 0.019841 0.0218883 0.0241026 0.0264839 0.0290309 0.0317413 0.0346117 0.0376369 0.0408108 0.0441254 0.0475714 0.0511377 0.0548118 0.0585797 0.0624257 0.0663328 0.0702828 0.0742561 0.0782322 0.0821896 0.0861062 0.0899594 0.093726 0.0973832 0.100908 0.104278 0.10747 0.110465 0.113241 0.115779 0.118063 0.120076 0.121804 0.123235 0.124358 0.125166 0.125653 0.125816 0.125652 0.125165 0.124356 0.123232 0.1218 0.120072 0.11806 0.115777 0.11324 0.110465 0.107473 0.104283 0.100917 0.0973961 0.0937431 0.0899811 0.086133 0.0822218 0.0782699 0.0742996 0.0703323 0.0663882 0.062487 0.0586467 0.0548844 0.0512154 0.0476539 0.0442122 0.0409013 0.0377305 0.0347076 0.0318389 0.0291293 0.0265824 0.0242003 0.0219843 0.0199346 0.0180503 0.0163302 0.0147721 0.0133738 0.0121324 0.0110452 0.0101093 0.00932198 0.00868073 0.00818337 0.00782814 0.00761407 
0.00836492 0.0084378 0.00866479 0.00904718 0.00958645 0.0102846 0.0111439 0.0121672 0.0133574 0.0147177 0.0162509 0.01796 0.0198475 0.0219155 0.0241653 0.0265975 0.0292117 0.0320065 0.0349791 0.0381254 0.0414399 0.0449154 0.0485431 0.0523126 0.0562118 0.0602267 0.064342 0.0685406 0.0728038 0.0771116 0.0814428 0.0857751 0.0900851 0.0943488 0.0985416 0.102639 0.106615 0.110446 0.114107 0.117575 0.120826 0.12384 0.126595 0.129073 0.131256 0.13313 0.134681 0.135899 0.136775 0.137303 0.137478 0.1373 0.136771 0.135893 0.134673 0.13312 0.131245 0.129061 0.126583 0.123829 0.120816 0.117567 0.114101 0.110443 0.106615 0.102643 0.0985501 0.0943623 0.0901041 0.0857999 0.0814738 0.0771489 0.0728476 0.0685909 0.0643988 0.0602897 0.0562807 0.0523872 0.0486228 0.0449996 0.0415281 0.0382168 0.0350729 0.0321019 0.0293079 0.0266935 0.0242603 0.0220086 0.0199378 0.0180466 0.016333 0.0147944 0.0134281 0.0122312 0.0112006 0.0103334 0.00962699 0.0090791 0.00868783 0.00845215 
0.00927855 0.00935921 0.00960967 0.0100313 0.0106257 0.0113949 0.0123415 0.0134683 0.0147785 0.0162752 0.0179618 0.019841 0.0219155 0.0241873 0.0266577 0.0293272 0.0321951 0.0352595 0.0385173 0.0419638 0.0455925 0.0493956 0.0533632 0.0574837 0.0617438 0.0661282 0.0706199 0.0752001 0.0798486 0.0845435 0.0892617 0.0939789 0.0986697 0.103308 0.107867 0.112321 0.116642 0.120803 0.124778 0.128542 0.13207 0.135339 0.138327 0.141013 0.14338 0.145411 0.147092 0.148411 0.14936 0.149931 0.15012 0.149927 0.149353 0.148401 0.147078 0.145395 0.143361 0.140993 0.138305 0.135317 0.132048 0.128521 0.124758 0.120785 0.116627 0.11231 0.107861 0.103307 0.098674 0.0939893 0.0892786 0.0845672 0.0798793 0.075238 0.0706649 0.0661802 0.0618027 0.0575491 0.0534346 0.0494725 0.0456743 0.0420496 0.0386065 0.0353512 0.0322883 0.0294211 0.0267512 0.0242794 0.0220053 0.0199276 0.0180442 0.0163526 0.01485 0.0135332 0.0123991 0.0114447 0.0106672 0.0100641 0.0096334 0.00937411 
0.0102768 0.010366 0.0106419 0.0111062 0.0117604 0.0126067 0.013648 0.0148871 0.0163273 0.0179722 0.0198248 0.0218883 0.0241653 0.0266577 0.0293669 0.0322929 0.035435 0.0387907 0.0423565 0.0461268 0.0500945 0.0542507 0.0585845 0.0630831 0.0677317 0.0725134 0.0774098 0.0824002 0.0874625 0.0925729 0.0977062 0.102836 0.107935 0.112975 0.117927 0.122762 0.12745 0.131965 0.136276 0.140356 0.14418 0.147721 0.150958 0.153867 0.156429 0.158628 0.160447 0.161874 0.1629 0.163518 0.163722 0.163513 0.16289 0.161859 0.160427 0.158604 0.156402 0.153837 0.150925 0.147687 0.144145 0.140321 0.136242 0.131932 0.127421 0.122735 0.117904 0.112957 0.107923 0.102831 0.0977075 0.0925815 0.0874786 0.0824241 0.0774416 0.0725532 0.0677791 0.063138 0.0586464 0.0543191 0.0501687 0.0462061 0.0424401 0.0388778 0.0355245 0.0323838 0.0294582 0.0267483 0.0242542 0.0219744 0.0199072 0.0180499 0.0163994 0.0149527 0.0137064 0.0126574 0.0118027 0.0111397 0.0106663 0.0103814 
0.0113609 0.0114591 0.0117626 0.0122729 0.0129916 0.0139212 0.0150645 0.0164246 0.0180051 0.0198093 0.0218408 0.0241026 0.0265975 0.0293272 0.0322929 0.0354947 0.0389311 0.0425995 0.0464956 0.0506131 0.054944 0.0594784 0.0642042 0.0691072 0.074171 0.0793774 0.0847058 0.090134 0.0956377 0.101191 0.106767 0.112336 0.117869 0.123336 0.128705 0.133946 0.139026 0.143914 0.148582 0.152998 0.157135 0.160966 0.164466 0.167611 0.17038 0.172756 0.174721 0.176263 0.177371 0.178038 0.178258 0.178031 0.177358 0.176244 0.174696 0.172725 0.170344 0.16757 0.164421 0.160919 0.157086 0.152948 0.148532 0.143866 0.138979 0.133902 0.128665 0.123301 0.11784 0.112313 0.106751 0.101183 0.0956377 0.0901425 0.084723 0.0794033 0.0742056 0.0691501 0.0642552 0.059537 0.0550095 0.0506847 0.0465726 0.042681 0.0390159 0.0355818 0.0323813 0.0294156 0.0266848 0.0241879 0.0219228 0.019887 0.0180774 0.0164907 0.0151236 0.0139725 0.0130346 0.012307 0.0117876 0.0114751 
0.0125313 0.0126395 0.0129725 0.013532 0.01432 0.0153388 0.0165915 0.0180813 0.0198119 0.0217869 0.0240099 0.0264839 0.0292117 0.0321951 0.035435 0.0389311 0.0426818 0.0466838 0.050932 0.0554195 0.0601373 0.0650742 0.0702169 0.0755498 0.0810549 0.0867121 0.0924991 0.0983916 0.104363 0.110386 0.11643 0.122464 0.128457 0.134375 0.140185 0.145853 0.151346 0.15663 0.161673 0.166443 0.170911 0.175046 0.178823 0.182216 0.185204 0.187766 0.189885 0.191548 0.192742 0.19346 0.193697 0.193452 0.192725 0.191523 0.189853 0.187727 0.185158 0.182165 0.178766 0.174985 0.170847 0.166378 0.161607 0.156564 0.151281 0.145791 0.140126 0.134321 0.128408 0.122422 0.116395 0.110359 0.104345 0.098383 0.0925 0.0867226 0.081075 0.0755794 0.0702557 0.0651216 0.0601927 0.0554823 0.0510012 0.0467585 0.042761 0.0390136 0.0355196 0.0322806 0.0292969 0.0265676 0.0240908 0.021864 0.0198841 0.0181476 0.0166509 0.0153907 0.0143636 0.0135668 0.012998 0.0126559 
0.0137884 0.0139071 0.0142716 0.0148838 0.0157456 0.0168596 0.0182288 0.0198569 0.0217475 0.0239043 0.0263311 0.0290309 0.0320065 0.0352595 0.0387907 0.0425995 0.0466838 0.0510396 0.0556612 0.0605407 0.0656682 0.0710312 0.0766149 0.0824022 0.0883735 0.0945067 0.100778 0.10716 0.113624 0.120141 0.126678 0.133201 0.139677 0.146069 0.152342 0.158459 0.164385 0.170084 0.175521 0.180662 0.185475 0.189929 0.193996 0.197649 0.200864 0.203621 0.205902 0.20769 0.208974 0.209746 0.210001 0.209736 0.208954 0.20766 0.205862 0.203573 0.200808 0.197585 0.193926 0.189854 0.185395 0.180579 0.175436 0.169999 0.164301 0.158377 0.152263 0.145994 0.139608 0.133139 0.126623 0.120095 0.113587 0.107132 0.100761 0.0945003 0.0883777 0.082417 0.0766399 0.071066 0.0657123 0.0605934 0.0557214 0.0511065 0.0467562 0.0426764 0.0388707 0.0353413 0.0320888 0.0291124 0.0264105 0.0239804 0.0218191 0.0199229 0.0182883 0.0169117 0.0157895 0.014919 0.0142976 0.0139241 
0.0151318 0.0152617 0.0156597 0.0163278 0.0172679 0.0184828 0.0199757 0.0217503 0.0238104 0.0261599 0.0288025 0.0317413 0.0349791 0.0385173 0.0423565 0.0464956 0.050932 0.0556612 0.0606766 0.0659694 0.0715284 0.0773398 0.0833876 0.0896527 0.0961137 0.102747 0.109525 0.116421 0.123402 0.130436 0.137489 0.144524 0.151505 0.158392 0.165149 0.171735 0.178112 0.184243 0.19009 0.195617 0.20079 0.205576 0.209945 0.213868 0.21732 0.22028 0.222727 0.224646 0.226024 0.226852 0.227125 0.22684 0.226 0.224611 0.222681 0.220223 0.217254 0.213792 0.209861 0.205486 0.200694 0.195517 0.189987 0.184139 0.178008 0.171631 0.165048 0.158296 0.151414 0.14444 0.137413 0.130369 0.123344 0.116373 0.109489 0.102722 0.0961005 0.0896511 0.0833974 0.0773607 0.0715598 0.0660106 0.0607267 0.0557191 0.0509967 0.0465658 0.0424309 0.0385945 0.0350577 0.03182 0.0288797 0.0262344 0.023881 0.0218157 0.0200349 0.0185348 0.0173119 0.0163632 0.015686 0.0152791 
0.0165604 0.0167021 0.0171356 0.0178626 0.0188855 0.0202069 0.0218303 0.0237595 0.0259984 0.028551 0.031421 0.0346117 0.0381254 0.0419638 0.0461268 0.0506131 0.0554195 0.0605407 0.0659694 0.0716955 0.0777068 0.083988 0.0905214 0.0972863 0.104259 0.111415 0.118723 0.126154 0.133674 0.141248 0.148838 0.156405 0.163911 0.171313 0.178571 0.185644 0.19249 0.199069 0.205341 0.211268 0.216814 0.221943 0.226624 0.230826 0.234524 0.237693 0.240313 0.242367 0.243841 0.244727 0.245018 0.244713 0.243813 0.242325 0.240258 0.237626 0.234446 0.230738 0.226526 0.221837 0.2167 0.21115 0.205218 0.198944 0.192364 0.185519 0.178448 0.171194 0.163796 0.156298 0.148738 0.141157 0.133594 0.126085 0.118666 0.11137 0.104227 0.0972668 0.0905146 0.0839935 0.0777241 0.0717239 0.066008 0.0605885 0.0554753 0.0506756 0.0461946 0.0420355 0.0381995 0.0346867 0.0314954 0.0286234 0.0260674 0.0238238 0.0218889 0.0202586 0.0189294 0.0178982 0.0171621 0.0167199 
0.0180726 0.0182268 0.0186974 0.0194865 0.0205962 0.0220296 0.0237901 0.0258815 0.0283081 0.0310738 0.0341823 0.0376369 0.0414399 0.0455925 0.0500945 0.054944 0.0601373 0.0656682 0.0715284 0.0777068 0.0841897 0.0909605 0.0979998 0.105285 0.11279 0.120488 0.128348 0.136335 0.144413 0.152546 0.160692 0.168811 0.17686 0.184794 0.192571 0.200147 0.207476 0.214517 0.221228 0.227567 0.233496 0.238978 0.24398 0.24847 0.25242 0.255804 0.258601 0.260794 0.262368 0.263313 0.263624 0.263297 0.262336 0.260747 0.258539 0.255728 0.25233 0.248368 0.243867 0.238856 0.233365 0.227429 0.221084 0.214371 0.207328 0.199998 0.192424 0.184651 0.176721 0.168679 0.160568 0.152431 0.144309 0.136242 0.128268 0.120422 0.112738 0.105246 0.0979748 0.0909492 0.0841915 0.0777211 0.0715542 0.0657046 0.060183 0.0549978 0.0501548 0.0456578 0.0415087 0.0377076 0.0342532 0.0311434 0.028375 0.0259444 0.0238476 0.0220806 0.0206399 0.0195219 0.0187241 0.0182449 
0.0196658 0.019833 0.0203426 0.0211966 0.0223972 0.0239476 0.0258514 0.0281125 0.0307351 0.0337233 0.0370808 0.0408108 0.0449154 0.0493956 0.0542507 0.0594784 0.0650742 0.0710312 0.0773398 0.083988 0.0909605 0.0982392 0.105803 0.113627 0.121684 0.129943 0.138371 0.146933 0.155588 0.164297 0.173017 0.181704 0.190312 0.198794 0.207104 0.215196 0.223022 0.230537 0.237697 0.244459 0.250781 0.256625 0.261956 0.26674 0.270947 0.274551 0.27753 0.279865 0.28154 0.282546 0.282876 0.282528 0.281504 0.279812 0.27746 0.274465 0.270846 0.266625 0.261828 0.256486 0.250631 0.244301 0.237533 0.230368 0.22285 0.215023 0.206933 0.198625 0.190147 0.181546 0.172868 0.164157 0.155459 0.146816 0.138268 0.129854 0.121609 0.113567 0.105758 0.0982097 0.0909455 0.0839869 0.0773517 0.0710549 0.0651087 0.0595223 0.0543024 0.0494535 0.0449779 0.0408762 0.0371475 0.0337896 0.0307994 0.0281733 0.0259074 0.0239977 0.0224403 0.0212317 0.0203693 0.0198514 
0.0213367 0.0215176 0.0220677 0.0229893 0.0242846 0.0259568 0.0280097 0.0304472 0.0332737 0.0364932 0.0401094 0.0441254 0.0485431 0.0533632 0.0585845 0.0642042 0.0702169 0.0766149 0.0833876 0.0905214 0.0979998 0.105803 0.113907 0.122287 0.130912 0.139749 0.148763 0.157915 0.167163 0.176464 0.185773 0.195041 0.204222 0.213265 0.222121 0.23074 0.239073 0.247073 0.254691 0.261884 0.268607 0.27482 0.280486 0.285569 0.290038 0.293866 0.29703 0.299509 0.301287 0.302355 0.302705 0.302335 0.301248 0.29945 0.296952 0.293771 0.289925 0.28544 0.280342 0.274664 0.268439 0.261706 0.254506 0.246881 0.238878 0.230543 0.221923 0.21307 0.204031 0.194857 0.185596 0.176298 0.167008 0.157773 0.148635 0.139636 0.130814 0.122205 0.113842 0.105754 0.0979666 0.0905035 0.0833841 0.0766249 0.0702391 0.0642371 0.0586266 0.0534128 0.0485985 0.0441848 0.0401711 0.0365554 0.0333347 0.0305055 0.0280638 0.0260055 0.0243267 0.0230239 0.0220942 0.0215362 
0.0230811 0.0232762 0.0238684 0.02486 0.0262535 0.028052 0.0302593 0.0328795 0.035917 0.0393759 0.0432597 0.0475714 0.0523126 0.0574837 0.0630831 0.0691072 0.0755498 0.0824022 0.0896527 0.0972863 0.105285 0.113627 0.122287 0.131237 0.140444 0.149874 0.159487 0.169243 0.179098 0.189004 0.198913 0.208776 0.21854 0.228154 0.237566 0.246722 0.255571 0.264063 0.272147 0.279777 0.286906 0.293493 0.299498 0.304885 0.30962 0.313675 0.317025 0.31965 0.321533 0.322663 0.323033 0.322641 0.321489 0.319585 0.316939 0.313569 0.309495 0.304742 0.29934 0.29332 0.28672 0.279579 0.27194 0.263848 0.255351 0.246499 0.237342 0.227932 0.218322 0.208564 0.198709 0.18881 0.178915 0.169074 0.159333 0.149735 0.140322 0.131132 0.1222 0.113557 0.105232 0.0972504 0.0896327 0.0823972 0.0755584 0.069128 0.0631146 0.057524 0.05236 0.047624 0.0433157 0.0394333 0.0359742 0.0329348 0.030311 0.0280989 0.0262944 0.024894 0.0238947 0.0232949 
0.0248941 0.0251038 0.0257395 0.0268034 0.0282981 0.0302268 0.0325933 0.035402 0.0386569 0.0423623 0.0465217 0.0511377 0.0562118 0.0617438 0.0677317 0.074171 0.0810549 0.0883735 0.0961137 0.104259 0.11279 0.121684 0.130912 0.140444 0.150246 0.16028 0.170505 0.180876 0.191347 0.201869 0.212389 0.222854 0.233211 0.243405 0.253379 0.263079 0.272451 0.28144 0.289995 0.298066 0.305606 0.312571 0.318918 0.32461 0.329613 0.333896 0.337435 0.340206 0.342195 0.343388 0.343778 0.343364 0.342147 0.340135 0.337341 0.333781 0.329477 0.324454 0.318744 0.31238 0.305401 0.297848 0.289766 0.281202 0.272206 0.262831 0.253129 0.243156 0.232966 0.222614 0.212156 0.201646 0.191137 0.18068 0.170323 0.160115 0.150099 0.140315 0.130801 0.121592 0.112717 0.104204 0.0960762 0.0883523 0.0810489 0.0741788 0.0677515 0.0617739 0.0562503 0.0511827 0.0465712 0.0424144 0.0387097 0.0354537 0.0326423 0.0302716 0.0283375 0.0268364 0.0257653 0.0251226 
0.0267696 0.0269944 0.0276747 0.0288129 0.0304116 0.032474 0.035004 0.038006 0.041484 0.0454422 0.049884 0.0548118 0.0602267 0.0661282 0.0725134 0.0793774 0.0867121 0.0945067 0.102747 0.111415 0.120488 0.129943 0.139749 0.149874 0.16028 0.170928 0.181773 0.192768 0.203864 0.215008 0.226146 0.237221 0.248177 0.258955 0.269497 0.279745 0.289642 0.299132 0.308161 0.316676 0.324629 0.331972 0.338663 0.344662 0.349933 0.354445 0.358172 0.361091 0.363185 0.364441 0.364852 0.364415 0.363133 0.361014 0.358071 0.35432 0.349785 0.344492 0.338474 0.331764 0.324405 0.316438 0.30791 0.298871 0.289373 0.279471 0.26922 0.258678 0.247903 0.236952 0.225884 0.214757 0.203625 0.192543 0.181563 0.170735 0.160106 0.149719 0.139614 0.129828 0.120394 0.111339 0.102691 0.0944684 0.0866906 0.0793711 0.0725207 0.0661472 0.0602555 0.0548484 0.0499263 0.0454882 0.0415318 0.0380536 0.0350498 0.0325164 0.0304492 0.0288448 0.0276999 0.0270132 
0.0287008 0.0289411 0.0296671 0.0308813 0.0325862 0.0347853 0.0374824 0.0406818 0.0443876 0.0486039 0.0533339 0.0585797 0.064342 0.0706199 0.0774098 0.0847058 0.0924991 0.100778 0.109525 0.118723 0.128348 0.138371 0.148763 0.159487 0.170505 0.181773 0.193244 0.204869 0.216595 0.228367 0.240126 0.251815 0.263373 0.274738 0.28585 0.296648 0.307072 0.317064 0.326567 0.335526 0.343891 0.351613 0.358647 0.364952 0.370491 0.375232 0.379147 0.382213 0.384411 0.38573 0.386161 0.385702 0.384356 0.38213 0.379038 0.375097 0.370332 0.364769 0.358443 0.351389 0.343649 0.335268 0.326294 0.31678 0.306779 0.296348 0.285547 0.274434 0.26307 0.251517 0.239836 0.228086 0.216326 0.204615 0.193006 0.181552 0.170304 0.159306 0.148603 0.138233 0.12823 0.118627 0.109449 0.100721 0.092461 0.0846845 0.0774036 0.0706269 0.0643603 0.0586071 0.0533683 0.0486433 0.0444298 0.0407248 0.0375245 0.0348249 0.0326218 0.0309118 0.0296916 0.0289598 
0.0306801 0.0309362 0.0317086 0.0330001 0.0348133 0.0371514 0.0400184 0.0434185 0.0473559 0.0518344 0.0568571 0.0624257 0.0685406 0.0752001 0.0824002 0.090134 0.0983916 0.10716 0.116421 0.126154 0.136335 0.146933 0.157915 0.169243 0.180876 0.192768 0.204869 0.217127 0.229485 0.241886 0.254269 0.266572 0.278732 0.290684 0.302366 0.313713 0.324663 0.335155 0.34513 0.354532 0.363307 0.371406 0.378781 0.38539 0.391195 0.396163 0.400264 0.403476 0.405779 0.40716 0.407611 0.40713 0.40572 0.403388 0.400148 0.396019 0.391025 0.385195 0.378562 0.371165 0.363047 0.354254 0.344836 0.334848 0.324345 0.313388 0.302036 0.290353 0.278401 0.266246 0.253949 0.241576 0.229187 0.216843 0.204602 0.192519 0.180647 0.169035 0.157729 0.146769 0.136194 0.126036 0.116324 0.107084 0.0983361 0.0900969 0.0823797 0.0751944 0.0685476 0.0624433 0.056883 0.0518665 0.047392 0.0434565 0.0400564 0.0371878 0.0348465 0.0330291 0.0317323 0.0309547 
0.0326989 0.0329709 0.0337905 0.0351603 0.037083 0.0395619 0.0426009 0.0462042 0.0503759 0.0551196 0.060438 0.0663328 0.0728038 0.0798486 0.0874625 0.0956377 0.104363 0.113624 0.123402 0.133674 0.144413 0.155588 0.167163 0.179098 0.191347 0.203864 0.216595 0.229485 0.242476 0.255505 0.26851 0.281425 0.294185 0.306721 0.318969 0.330861 0.342333 0.353322 0.363765 0.373606 0.382787 0.391258 0.398971 0.405881 0.411949 0.417141 0.421426 0.424782 0.427188 0.428631 0.429102 0.428599 0.427125 0.424689 0.421303 0.416988 0.411768 0.405673 0.398738 0.391002 0.382509 0.373308 0.363451 0.352993 0.341992 0.330511 0.318613 0.306362 0.293826 0.28107 0.268161 0.255165 0.242147 0.229171 0.216298 0.203586 0.19109 0.178862 0.16695 0.155399 0.144248 0.133533 0.123284 0.113529 0.10429 0.095584 0.0874271 0.0798295 0.0727989 0.0663399 0.0604548 0.0551438 0.0504053 0.0462367 0.0426345 0.0395948 0.0371136 0.0351874 0.0338131 0.0329891 
0.0347476 0.0350358 0.0359029 0.0373518 0.0393849 0.0420056 0.0452179 0.0490258 0.0534334 0.0584439 0.06406 0.0702828 0.0771116 0.0845435 0.0925729 0.101191 0.110386 0.120141 0.130436 0.141248 0.152546 0.164297 0.176464 0.189004 0.201869 0.215008 0.228367 0.241886 0.255505 0.269159 0.282781 0.296303 0.309657 0.322773 0.335581 0.348012 0.36 0.371479 0.382385 0.392657 0.402239 0.411077 0.419122 0.426328 0.432655 0.438067 0.442534 0.446031 0.448538 0.450041 0.450532 0.450008 0.448472 0.445932 0.442404 0.437906 0.432464 0.426109 0.418876 0.410806 0.401944 0.392341 0.38205 0.371128 0.359636 0.347638 0.335199 0.322387 0.309271 0.295919 0.282402 0.268789 0.255147 0.241543 0.22804 0.214701 0.201582 0.18874 0.176225 0.164083 0.152356 0.141083 0.130297 0.120026 0.110293 0.10112 0.0925219 0.0845104 0.0770942 0.0702789 0.0640672 0.0584599 0.0534558 0.0490525 0.0452467 0.0420347 0.0394126 0.0373769 0.0359244 0.0350538 
0.0368163 0.0371207 0.0380355 0.0395636 0.0417075 0.0444705 0.0478565 0.0518695 0.0565133 0.0617911 0.0677051 0.0742561 0.0814428 0.0892617 0.0977062 0.106767 0.11643 0.126678 0.137489 0.148838 0.160692 0.173017 0.185773 0.198913 0.212389 0.226146 0.240126 0.254269 0.26851 0.282781 0.297013 0.311135 0.325075 0.338761 0.352121 0.365083 0.377579 0.389539 0.400898 0.411595 0.42157 0.430768 0.439137 0.446633 0.453213 0.458841 0.463485 0.46712 0.469726 0.471288 0.471799 0.471254 0.469657 0.467017 0.463349 0.458672 0.453013 0.446403 0.438878 0.430482 0.421259 0.411261 0.400544 0.389167 0.377192 0.364685 0.351714 0.338349 0.324661 0.310723 0.296606 0.282382 0.268122 0.253896 0.23977 0.225809 0.212074 0.198621 0.185506 0.172777 0.160478 0.14865 0.137327 0.126542 0.116318 0.106678 0.0976392 0.0892141 0.0814125 0.0742407 0.0677022 0.0617983 0.0565282 0.0518898 0.0478801 0.0444955 0.0417322 0.0395866 0.0380558 0.0371383 
0.0388941 0.0392147 0.0401772 0.0417843 0.0440386 0.0469436 0.0505028 0.0547203 0.0595995 0.0651437 0.0713544 0.0782322 0.0857751 0.0939789 0.102836 0.112336 0.122464 0.133201 0.144524 0.156405 0.168811 0.181704 0.195041 0.208776 0.222854 0.237221 0.251815 0.266572 0.281425 0.296303 0.311135 0.325846 0.340361 0.354607 0.368507 0.38199 0.394981 0.407412 0.419215 0.430326 0.440684 0.450232 0.458919 0.466697 0.473524 0.479361 0.484178 0.487947 0.490649 0.492269 0.492798 0.492233 0.490578 0.48784 0.484036 0.479185 0.473315 0.466457 0.458649 0.449933 0.440358 0.429976 0.418843 0.407021 0.394574 0.381569 0.368077 0.35417 0.339921 0.325406 0.3107 0.295876 0.281008 0.26617 0.25143 0.236855 0.222511 0.208456 0.194748 0.181437 0.168572 0.156193 0.14434 0.133044 0.122333 0.11223 0.102753 0.0939163 0.0857313 0.0782049 0.0713411 0.0651418 0.0596067 0.0547341 0.0505211 0.0469643 0.0440601 0.041805 0.040196 0.0392318 
0.0409696 0.0413062 0.042316 0.0440016 0.0463656 0.0494114 0.0531425 0.0575627 0.0626755 0.0684835 0.0749883 0.0821896 0.0900851 0.0986697 0.107935 0.117869 0.128457 0.139677 0.151505 0.163911 0.17686 0.190312 0.204222 0.21854 0.233211 0.248177 0.263373 0.278732 0.294185 0.309657 0.325075 0.340361 0.355439 0.37023 0.384658 0.398647 0.412121 0.42501 0.437244 0.448757 0.459487 0.469376 0.47837 0.486422 0.493487 0.499527 0.504511 0.508411 0.511206 0.512882 0.513429 0.512844 0.511132 0.5083 0.504364 0.499345 0.49327 0.486172 0.478089 0.469064 0.459147 0.448391 0.436855 0.4246 0.411693 0.398204 0.384204 0.369769 0.354974 0.339896 0.324613 0.309202 0.293739 0.278301 0.262959 0.247783 0.23284 0.218193 0.203901 0.190019 0.176595 0.163675 0.151298 0.139498 0.128306 0.117745 0.107835 0.0985919 0.0900277 0.0821501 0.0749642 0.0684722 0.0626746 0.0575697 0.0531551 0.0494276 0.0463837 0.0440199 0.0423334 0.0413229 
0.0430307 0.0433833 0.0444397 0.0462028 0.0486751 0.0518598 0.0557604 0.0603806 0.0657236 0.0717918 0.0785862 0.0861062 0.0943488 0.103308 0.112975 0.123336 0.134375 0.146069 0.158392 0.171313 0.184794 0.198794 0.213265 0.228154 0.243405 0.258955 0.274738 0.290684 0.306721 0.322773 0.338761 0.354607 0.37023 0.385551 0.40049 0.414969 0.428912 0.442244 0.454895 0.466796 0.477885 0.488103 0.497394 0.505709 0.513004 0.51924 0.524384 0.528409 0.531294 0.533023 0.533588 0.532985 0.531217 0.528295 0.524232 0.519051 0.512779 0.50545 0.497102 0.487779 0.477532 0.466416 0.454489 0.441817 0.428465 0.414507 0.400015 0.385067 0.369741 0.354116 0.338272 0.32229 0.306249 0.290225 0.274296 0.258533 0.243005 0.22778 0.212917 0.198475 0.184505 0.171054 0.158163 0.14587 0.134204 0.123193 0.112858 0.103215 0.0942775 0.0860543 0.0785511 0.0717709 0.0657145 0.0603807 0.0557673 0.0518714 0.0486896 0.0462186 0.0444556 0.0433994 
0.0450652 0.0454334 0.0465357 0.0483749 0.0509534 0.0542743 0.0583412 0.0631575 0.0687261 0.0750491 0.0821273 0.0899594 0.0985416 0.107867 0.117927 0.128705 0.140185 0.152342 0.165149 0.178571 0.192571 0.207104 0.222121 0.237566 0.253379 0.269497 0.28585 0.302366 0.318969 0.335581 0.352121 0.368507 0.384658 0.40049 0.415923 0.430874 0.445268 0.459026 0.472077 0.484352 0.495786 0.506319 0.515894 0.524462 0.531977 0.538401 0.543699 0.547844 0.550814 0.552595 0.553176 0.552556 0.550736 0.547726 0.543542 0.538207 0.531746 0.524195 0.515593 0.505985 0.495421 0.483959 0.471657 0.458582 0.444803 0.430392 0.415427 0.399984 0.384145 0.367992 0.351607 0.335072 0.31847 0.30188 0.285381 0.269047 0.252953 0.237165 0.221747 0.20676 0.192258 0.178289 0.164897 0.152121 0.139994 0.128544 0.117793 0.107759 0.0984564 0.089895 0.0820812 0.0750186 0.0687086 0.0631504 0.0583422 0.0542812 0.0509642 0.048388 0.04655 0.045449 
0.0470605 0.0474439 0.0485909 0.0505042 0.0531863 0.0566401 0.060869 0.0658763 0.0716647 0.078236 0.0855903 0.093726 0.102639 0.112321 0.122762 0.133946 0.145853 0.158459 0.171735 0.185644 0.200147 0.215196 0.23074 0.246722 0.263079 0.279745 0.296648 0.313713 0.330861 0.348012 0.365083 0.38199 0.398647 0.414969 0.430874 0.446279 0.461104 0.47527 0.488704 0.501336 0.513099 0.523932 0.533779 0.542587 0.550313 0.556915 0.562359 0.566619 0.569671 0.5715 0.572098 0.57146 0.56959 0.566498 0.562199 0.556716 0.550076 0.542314 0.533469 0.523589 0.512723 0.50093 0.48827 0.474811 0.460622 0.445779 0.430359 0.414443 0.398112 0.381451 0.364546 0.347479 0.330337 0.313201 0.296152 0.279269 0.262627 0.246295 0.230341 0.214827 0.199809 0.185338 0.171461 0.158218 0.145643 0.133766 0.122611 0.112197 0.10254 0.0936492 0.0855331 0.0781958 0.0716388 0.0658621 0.0608641 0.0566421 0.0531933 0.0505147 0.0486035 0.0474588 
0.0490036 0.0494018 0.0505922 0.0525773 0.0553596 0.0589421 0.0633279 0.0685201 0.0745212 0.0813325 0.088954 0.0973832 0.106615 0.116642 0.12745 0.139026 0.151346 0.164385 0.178112 0.19249 0.207476 0.223022 0.239073 0.255571 0.272451 0.289642 0.307072 0.324663 0.342333 0.36 0.377579 0.394981 0.412121 0.428912 0.445268 0.461104 0.476338 0.490893 0.504691 0.517661 0.529737 0.540855 0.550958 0.559995 0.567919 0.57469 0.580273 0.584641 0.58777 0.589646 0.590258 0.589605 0.587688 0.584518 0.58011 0.574487 0.567677 0.559715 0.550642 0.540503 0.529351 0.517244 0.504244 0.49042 0.475842 0.460587 0.444734 0.428366 0.411566 0.394421 0.377018 0.359444 0.341785 0.324126 0.306552 0.289141 0.271973 0.255119 0.23865 0.222629 0.207115 0.192162 0.177818 0.164124 0.151117 0.138828 0.127284 0.116503 0.106502 0.0972941 0.0888858 0.0812827 0.0744869 0.0684988 0.063317 0.0589393 0.055363 0.0525851 0.0506032 0.0494162 
0.0508819 0.0512943 0.0525263 0.0545805 0.0574593 0.0611654 0.065702 0.0710719 0.0772772 0.0843191 0.092197 0.100908 0.110446 0.120803 0.131965 0.143914 0.15663 0.170084 0.184243 0.199069 0.214517 0.230537 0.247073 0.264063 0.28144 0.299132 0.317064 0.335155 0.353322 0.371479 0.389539 0.407412 0.42501 0.442244 0.459026 0.47527 0.490893 0.505813 0.519955 0.533245 0.545615 0.557001 0.567347 0.576598 0.584709 0.591639 0.597352 0.601821 0.605023 0.606942 0.607569 0.606901 0.60494 0.601696 0.597186 0.591432 0.584463 0.576313 0.567024 0.556642 0.54522 0.532818 0.519497 0.505328 0.490382 0.474738 0.458476 0.44168 0.424436 0.406832 0.388957 0.370901 0.352751 0.334595 0.31652 0.298608 0.280938 0.263587 0.246626 0.230121 0.214134 0.19872 0.183928 0.169803 0.156383 0.1437 0.131782 0.120649 0.11032 0.100807 0.0921181 0.0842598 0.0772347 0.0710435 0.0656852 0.0611579 0.057459 0.0545857 0.0525356 0.051308 
0.0526825 0.0531085 0.0543802 0.0565003 0.0594711 0.0632952 0.0679755 0.0735147 0.0799148 0.0871764 0.0952984 0.104278 0.114107 0.124778 0.136276 0.148582 0.161673 0.175521 0.19009 0.205341 0.221228 0.237697 0.254691 0.272147 0.289995 0.308161 0.326567 0.34513 0.363765 0.382385 0.400898 0.419215 0.437244 0.454895 0.472077 0.488704 0.504691 0.519955 0.534418 0.548007 0.560653 0.572291 0.582862 0.592314 0.6006 0.607678 0.613513 0.618076 0.621346 0.623306 0.623946 0.623264 0.621262 0.61795 0.613345 0.607468 0.60035 0.592025 0.582534 0.571925 0.560251 0.547572 0.533951 0.519458 0.504168 0.488159 0.471513 0.454315 0.436653 0.418617 0.400297 0.381786 0.363173 0.344549 0.326 0.307614 0.289471 0.271649 0.254222 0.237259 0.220823 0.204971 0.189755 0.175221 0.161408 0.148351 0.136077 0.12461 0.113968 0.104165 0.0952091 0.0871078 0.0798642 0.0734795 0.0679529 0.063283 0.0594671 0.0565029 0.054388 0.0531215 
0.0543929 0.0548318 0.0561411 0.0583236 0.0613812 0.0653168 0.070133 0.0758322 0.0824162 0.0898852 0.0982379 0.10747 0.117575 0.128542 0.140356 0.152998 0.166443 0.180662 0.195617 0.211268 0.227567 0.244459 0.261884 0.279777 0.298066 0.316676 0.335526 0.354532 0.373606 0.392657 0.411595 0.430326 0.448757 0.466796 0.484352 0.501336 0.517661 0.533245 0.548007 0.561874 0.574776 0.586647 0.597428 0.607066 0.615513 0.622729 0.628676 0.633327 0.63666 0.638657 0.63931 0.638614 0.636574 0.6332 0.628506 0.622517 0.61526 0.606772 0.597095 0.586275 0.574367 0.561431 0.547531 0.532738 0.517128 0.500778 0.483774 0.466202 0.44815 0.429711 0.410976 0.39204 0.372994 0.35393 0.334939 0.316108 0.297521 0.279258 0.261394 0.244 0.227142 0.210879 0.195264 0.180344 0.166162 0.152752 0.140143 0.128361 0.117424 0.107346 0.0981386 0.0898078 0.0823579 0.0757903 0.0701049 0.0653001 0.0613738 0.0583236 0.0561473 0.0548442 
0.0560012 0.0564521 0.0577966 0.0600373 0.0631763 0.0672162 0.0721595 0.0780085 0.0847645 0.0924275 0.100996 0.110465 0.120826 0.13207 0.14418 0.157135 0.170911 0.185475 0.20079 0.216814 0.233496 0.250781 0.268607 0.286906 0.305606 0.324629 0.343891 0.363307 0.382787 0.402239 0.42157 0.440684 0.459487 0.477885 0.495786 0.513099 0.529737 0.545615 0.560653 0.574776 0.587912 0.599998 0.610972 0.620781 0.629377 0.636718 0.642769 0.647501 0.65089 0.652922 0.653586 0.652879 0.650804 0.647372 0.642597 0.636504 0.629121 0.620484 0.610635 0.599621 0.587498 0.574326 0.560169 0.5451 0.529193 0.512531 0.495196 0.477277 0.458866 0.440053 0.420935 0.401604 0.382157 0.362687 0.343285 0.324041 0.305041 0.286368 0.268097 0.250303 0.233052 0.216406 0.200419 0.18514 0.170613 0.156874 0.143953 0.131876 0.120663 0.11033 0.100887 0.0923417 0.0846988 0.0779603 0.0721261 0.0671952 0.0631655 0.0600349 0.0578012 0.0564639 
0.0574955 0.0579576 0.0593346 0.0616293 0.0648437 0.06898 0.0740409 0.0800283 0.0869433 0.0947857 0.103553 0.113241 0.12384 0.135339 0.147721 0.160966 0.175046 0.189929 0.205576 0.221943 0.238978 0.256625 0.27482 0.293493 0.312571 0.331972 0.351613 0.371406 0.391258 0.411077 0.430768 0.450232 0.469376 0.488103 0.506319 0.523932 0.540855 0.557001 0.572291 0.586647 0.599998 0.612278 0.623428 0.633392 0.642123 0.649579 0.655724 0.660528 0.66397 0.666034 0.666708 0.66599 0.663884 0.660399 0.655551 0.649363 0.641865 0.633093 0.623087 0.611898 0.599579 0.586191 0.571801 0.556479 0.540303 0.523354 0.505718 0.487483 0.468742 0.449588 0.430118 0.410427 0.390612 0.370769 0.35099 0.331367 0.311988 0.292937 0.274293 0.25613 0.238518 0.221518 0.205189 0.189579 0.174734 0.160691 0.147482 0.135133 0.123666 0.113096 0.103435 0.094692 0.0868708 0.0799742 0.0740025 0.0689549 0.0648297 0.0616246 0.0593378 0.0579687 
