0.000466435 0.000473907 0.000499695 0.000544358 0.000608735 0.000693995 0.00080162 0.000933391 0.00109136 0.00127783 0.00149531 0.0017465 0.0020342 0.00236132 0.00273075 0.00314538 0.00360795 0.00412104 0.00468695 0.00530765 0.00598469 0.00671911 0.0075114 0.00836138 0.00926817 0.0102301 0.0112448 0.012309 0.0134184 0.0145681 0.0157522 0.016964 0.0181961 0.0194403 0.0206879 0.0219294 0.0231552 0.0243552 0.0255193 0.026637 0.0276984 0.0286936 0.029613 0.0304478 0.0311897 0.0318313 0.0323662 0.0327888 0.0330948 0.0332811 0.0333457 0.033288 0.0331086 0.0328094 0.0323935 0.0318653 0.0312301 0.0304945 0.0296657 0.0287521 0.0277625 0.0267064 0.0255935 0.024434 0.023238 0.0220159 0.0207775 0.0195327 0.0182907 0.0170602 0.0158495 0.014666 0.0135164 0.0124065 0.0113414 0.0103252 0.00936131 0.00845211 0.00759932 0.00680385 0.00606592 0.0053851 0.00476039 0.00419028 0.00367286 0.00320586 0.00278676 0.00241283 0.00208125 0.00178914 0.00153362 0.00131191 0.00112131 0.000959335 0.000823677 0.000712281 0.000623358 0.000555413 0.000507261 0.000478098 
0.000473907 0.000481511 0.00050773 0.000553131 0.000618567 0.000705225 0.00081461 0.000948529 0.00110907 0.00129856 0.00151956 0.0017748 0.00206712 0.00239947 0.0027748 0.00319601 0.00366589 0.00418705 0.00476183 0.0053922 0.00607974 0.00682549 0.00762992 0.00849286 0.00941341 0.0103899 0.0114198 0.0124998 0.0136256 0.0147922 0.0159936 0.0172231 0.018473 0.0197351 0.0210004 0.0222596 0.0235028 0.0247197 0.0259 0.0270333 0.0281094 0.0291183 0.0300503 0.0308966 0.0316486 0.0322989 0.032841 0.0332693 0.0335794 0.0337682 0.0338336 0.0337751 0.0335932 0.0332898 0.0328682 0.0323327 0.0316889 0.0309431 0.0301029 0.0291767 0.0281734 0.0271025 0.0259741 0.0247983 0.0235855 0.0223461 0.0210901 0.0198275 0.0185676 0.0173194 0.0160911 0.0148904 0.0137239 0.0125976 0.0115167 0.0104853 0.0095069 0.00858398 0.00771825 0.00691065 0.00616141 0.0054701 0.00483572 0.00425674 0.00373124 0.00325692 0.00283122 0.00245138 0.00211455 0.00181779 0.0015582 0.00133294 0.00113929 0.000974712 0.000836874 0.000723686 0.000633332 0.000564295 0.000515372 0.000485746 
0.000499695 0.00050773 0.000535345 0.000583134 0.000651989 0.000743148 0.000858186 0.000998991 0.00116774 0.00136686 0.00159903 0.00186707 0.00217397 0.00252277 0.00291655 0.00335831 0.00385096 0.00439717 0.00499935 0.00565956 0.00637937 0.00715985 0.00800145 0.00890394 0.00986634 0.0108868 0.0119628 0.0130907 0.0142662 0.0154837 0.0167373 0.0180196 0.0193229 0.0206386 0.0219572 0.0232691 0.0245639 0.0258311 0.0270599 0.0282395 0.0293593 0.0304089 0.0313784 0.0322585 0.0330405 0.0337167 0.0342802 0.0347254 0.0350476 0.0352437 0.0353115 0.0352505 0.0350612 0.0347456 0.0343071 0.0337501 0.0330804 0.0323046 0.0314305 0.0304668 0.0294227 0.0283082 0.0271335 0.0259093 0.0246463 0.0233553 0.0220467 0.0207309 0.0194176 0.0181161 0.016835 0.0155823 0.0143649 0.0131892 0.0120604 0.0109831 0.00996078 0.0089961 0.00809089 0.00724619 0.00646227 0.00573872 0.00507453 0.00446815 0.00391759 0.00342049 0.0029742 0.00257587 0.00222253 0.00191113 0.00163865 0.00140215 0.00119878 0.0010259 0.000881086 0.000762147 0.000667191 0.000594635 0.000543221 0.000512098 
0.000544358 0.000553131 0.000583134 0.000635004 0.000709697 0.000808543 0.000933228 0.00108577 0.0012685 0.00148403 0.00173519 0.002025 0.00235665 0.00273338 0.00315844 0.00363502 0.00416618 0.00475475 0.00540325 0.00611382 0.00688808 0.00772711 0.00863132 0.00960039 0.0106332 0.0117277 0.0128811 0.0140895 0.0153481 0.0166512 0.017992 0.019363 0.0207557 0.0221609 0.0235687 0.0249687 0.0263499 0.027701 0.0290107 0.0302675 0.0314603 0.0325779 0.03361 0.0345465 0.0353785 0.0360977 0.036697 0.0371703 0.0375127 0.037721 0.0377928 0.0377276 0.037526 0.0371901 0.0367233 0.0361305 0.0354175 0.0345917 0.0336611 0.0326348 0.0315227 0.0303353 0.0290834 0.0277784 0.0264315 0.0250542 0.0236578 0.0222529 0.0208503 0.0194596 0.0180901 0.0167502 0.0154476 0.0141889 0.0129798 0.0118253 0.0107291 0.00969418 0.00872254 0.00781535 0.00697297 0.00619503 0.00548052 0.00482784 0.00423491 0.00369926 0.00321811 0.00278843 0.00240708 0.00207082 0.00177645 0.00152082 0.00130091 0.0011139 0.000957189 0.00082844 0.000725632 0.000647068 0.000591403 0.000557725 
0.000608735 0.000618567 0.000651989 0.000709697 0.000792742 0.000902577 0.00104105 0.00121036 0.00141306 0.00165199 0.00193023 0.00225109 0.00261801 0.00303449 0.00350405 0.00403015 0.00461605 0.00526479 0.00597905 0.00676107 0.00761254 0.00853454 0.00952742 0.0105907 0.0117231 0.0129223 0.0141851 0.0155072 0.0168832 0.0183069 0.0197709 0.0212668 0.0227855 0.0243169 0.0258502 0.0273742 0.0288768 0.030346 0.0317695 0.033135 0.0344302 0.0356433 0.0367632 0.0377791 0.0386812 0.0394609 0.0401103 0.0406229 0.0409938 0.0412191 0.0412966 0.0412255 0.0410066 0.0406421 0.0401357 0.0394925 0.0387191 0.0378229 0.0368129 0.0356988 0.0344911 0.0332012 0.0318408 0.0304221 0.0289573 0.0274587 0.0259385 0.0244084 0.0228797 0.0213633 0.0198692 0.0184065 0.0169835 0.0156076 0.0142852 0.0130216 0.0118209 0.0106867 0.00962099 0.0086253 0.00770009 0.00684505 0.00605915 0.00534076 0.00468766 0.00409724 0.00356651 0.00309223 0.002671 0.00229935 0.00197378 0.00169088 0.00144738 0.00124019 0.00106649 0.000923729 0.0008097 0.00072255 0.000660808 0.000623478 
0.000693995 0.000705225 0.000743148 0.000808543 0.000902577 0.00102687 0.00118347 0.00137482 0.00160376 0.00187341 0.00218721 0.00254879 0.00296193 0.0034305 0.00395836 0.00454926 0.00520676 0.00593416 0.00673432 0.00760963 0.00856185 0.00959206 0.0107005 0.0118865 0.0131486 0.014484 0.015889 0.0173588 0.0188874 0.0204677 0.0220915 0.0237495 0.0254315 0.0271264 0.0288224 0.0305068 0.0321667 0.0337887 0.0353593 0.0368651 0.0382927 0.0396293 0.0408625 0.0419808 0.0429736 0.0438312 0.0445453 0.0451088 0.0455163 0.0457636 0.0458484 0.0457697 0.0455284 0.045127 0.0445695 0.0438614 0.0430097 0.0420228 0.0409102 0.0396826 0.0383515 0.0369292 0.0354286 0.0338628 0.0322454 0.0305898 0.0289093 0.0272169 0.0255251 0.0238457 0.0221898 0.0205677 0.0189885 0.0174605 0.0159907 0.0145851 0.0132487 0.011985 0.0107969 0.00968586 0.00865264 0.007697 0.00681793 0.00601369 0.00528196 0.00461991 0.00402431 0.00349164 0.00301818 0.00260013 0.00223364 0.00191497 0.00164049 0.00140681 0.0012108 0.00104962 0.000920845 0.000822406 0.000752673 0.000710542 
0.00080162 0.00081461 0.000858186 0.000933228 0.00104105 0.00118347 0.00136279 0.00158176 0.00184355 0.00215167 0.00250995 0.00292243 0.00339334 0.00392696 0.00452756 0.00519928 0.00594604 0.00677142 0.00767851 0.00866988 0.00974736 0.010912 0.0121639 0.0135023 0.0149251 0.0164293 0.0180105 0.0196632 0.0213805 0.0231544 0.0249756 0.0268338 0.0287174 0.030614 0.0325103 0.0343925 0.036246 0.0380561 0.0398078 0.0414862 0.0430767 0.044565 0.0459376 0.0471817 0.0482857 0.049239 0.0500325 0.0506585 0.0511109 0.0513853 0.0514789 0.0513909 0.0511222 0.0506755 0.0500552 0.0492673 0.0483196 0.0472212 0.0459826 0.0446156 0.0431327 0.0415475 0.0398743 0.0381275 0.0363222 0.0344732 0.0325952 0.0307027 0.0288096 0.0269291 0.0250736 0.0232545 0.0214822 0.0197659 0.0181137 0.0165324 0.0150276 0.0136036 0.0122634 0.0110092 0.00984185 0.00876116 0.00776618 0.00685511 0.00602544 0.00527413 0.00459765 0.00399213 0.00345348 0.00297746 0.00255984 0.00219643 0.00188321 0.00161637 0.0013924 0.00120817 0.00106091 0.000948317 0.00086857 0.000820422 
0.000933391 0.000948529 0.000998991 0.00108577 0.00121036 0.00137482 0.00158176 0.00183429 0.00213596 0.00249076 0.00290298 0.00337717 0.00391805 0.00453042 0.00521902 0.00598844 0.00684302 0.00778666 0.00882276 0.00995402 0.0111824 0.0125088 0.0139334 0.0154548 0.0170707 0.0187775 0.02057 0.0224419 0.0243853 0.0263909 0.0284484 0.0305457 0.0326701 0.0348075 0.0369431 0.0390611 0.0411455 0.0431796 0.045147 0.0470308 0.048815 0.0504837 0.0520219 0.0534156 0.0546517 0.0557187 0.0566065 0.0573067 0.0578123 0.0581188 0.0582229 0.0581239 0.0578226 0.0573221 0.0566271 0.0557445 0.0546827 0.0534519 0.0520635 0.0505306 0.0488672 0.0470883 0.0452096 0.0432474 0.0412182 0.0391386 0.0370251 0.0348939 0.0327604 0.0306395 0.0285453 0.0264906 0.0244871 0.0225453 0.0206745 0.0188825 0.0171756 0.0155589 0.0140362 0.0126098 0.0112809 0.0100496 0.00891493 0.00787501 0.00692716 0.00606805 0.00529382 0.0046002 0.00398265 0.00343646 0.00295688 0.00253924 0.00217902 0.00187193 0.00161404 0.00140179 0.00123208 0.0011023 0.00101038 0.000954925 
0.00109136 0.00110907 0.00116774 0.0012685 0.00141306 0.00160376 0.00184355 0.00213596 0.00248505 0.00289528 0.00337151 0.00391889 0.0045427 0.00524833 0.00604107 0.00692604 0.00790803 0.00899132 0.0101796 0.0114758 0.0128819 0.0143988 0.0160264 0.017763 0.0196057 0.0215502 0.0235905 0.0257191 0.0279271 0.0302039 0.0325374 0.0349142 0.0373197 0.039738 0.0421524 0.0445452 0.0468983 0.0491932 0.0514112 0.0535339 0.0555431 0.0574213 0.0591518 0.0607189 0.0621083 0.0633072 0.0643043 0.0650903 0.0656578 0.0660013 0.0661177 0.0660058 0.0656667 0.0651038 0.0643223 0.0633299 0.0621358 0.0607512 0.059189 0.0574636 0.0555905 0.0535865 0.051469 0.0492561 0.0469664 0.0446183 0.0422304 0.0398208 0.0374069 0.0350056 0.0326325 0.0303023 0.0280283 0.0258227 0.0236957 0.0216566 0.0197126 0.0178698 0.0161324 0.0145035 0.0129846 0.0115759 0.0102766 0.00908468 0.00799731 0.00701086 0.00612107 0.00532322 0.00461226 0.00398293 0.00342991 0.00294794 0.00253193 0.00217706 0.00187886 0.00163331 0.0014369 0.00128667 0.00118028 0.00111613 
0.00127783 0.00129856 0.00136686 0.00148403 0.00165199 0.00187341 0.00215167 0.00249076 0.00289528 0.00337029 0.0039213 0.00455408 0.00527461 0.00608891 0.00700291 0.00802231 0.00915239 0.0103979 0.0117628 0.0132502 0.0148622 0.0165996 0.0184619 0.0204471 0.0225517 0.0247704 0.0270962 0.0295206 0.0320331 0.0346215 0.0372722 0.0399698 0.0426977 0.0454379 0.0481715 0.0508788 0.0535392 0.056132 0.0586365 0.0610318 0.0632978 0.0654148 0.0673644 0.0691291 0.0706931 0.072042 0.0731636 0.0740473 0.074685 0.0750708 0.075201 0.0750744 0.0746924 0.0740584 0.0731785 0.072061 0.0707162 0.0691565 0.0673963 0.0654514 0.0633392 0.0610782 0.0586881 0.0561889 0.0536014 0.0509463 0.0482443 0.0455158 0.0427806 0.0400575 0.0373643 0.0347177 0.0321328 0.0296234 0.0272016 0.0248776 0.0226602 0.0205563 0.018571 0.0167079 0.014969 0.0133549 0.0118647 0.0104965 0.00924711 0.00811267 0.00708848 0.00616933 0.00534956 0.00462332 0.00398463 0.00342757 0.0029464 0.00253567 0.00219034 0.00190584 0.00167819 0.00150403 0.0013807 0.00130638 
0.00149531 0.00151956 0.00159903 0.00173519 0.00193023 0.00218721 0.00250995 0.00290298 0.00337151 0.0039213 0.00455853 0.00528974 0.00612163 0.00706096 0.00811436 0.00928815 0.0105882 0.0120197 0.0135869 0.0152932 0.0171406 0.0191298 0.0212601 0.0235287 0.0259315 0.0284623 0.0311128 0.0338731 0.0367311 0.0396729 0.0426829 0.0457436 0.0488361 0.0519401 0.0550343 0.0580963 0.0611031 0.0640317 0.0668585 0.0695605 0.0721152 0.0745007 0.0766963 0.0786829 0.0804428 0.0819601 0.0832211 0.0842144 0.0849308 0.0853639 0.0855096 0.0853666 0.0849363 0.0842226 0.0832323 0.0819745 0.0804606 0.0787044 0.0767217 0.0745302 0.0721493 0.0695994 0.0669024 0.0640809 0.0611578 0.0581565 0.0551002 0.0520117 0.0489132 0.0458262 0.0427707 0.0397656 0.0368282 0.0339741 0.0312173 0.0285695 0.0260409 0.0236396 0.0213716 0.0192413 0.0172513 0.0154023 0.0136937 0.0121235 0.0106885 0.00938426 0.00820577 0.00714721 0.00620232 0.00536453 0.00462716 0.00398355 0.00342723 0.00295204 0.00255228 0.00222278 0.00195902 0.0017572 0.00161428 0.00152821 
0.0017465 0.0017748 0.00186707 0.002025 0.00225109 0.00254879 0.00292243 0.00337717 0.00391889 0.00455408 0.00528974 0.0061332 0.007092 0.00817369 0.00938566 0.0107349 0.0122279 0.0138704 0.0156669 0.0176209 0.0197346 0.0220085 0.0244411 0.0270294 0.0297682 0.0326501 0.0356657 0.0388033 0.0420491 0.0453871 0.0487995 0.0522664 0.0557665 0.0592768 0.0627733 0.0662308 0.0696237 0.0729259 0.0761113 0.0791543 0.0820296 0.084713 0.0871818 0.0894144 0.0913913 0.0930952 0.0945107 0.0956253 0.0964289 0.0969143 0.0970771 0.0969158 0.096432 0.0956302 0.0945176 0.0931042 0.0914029 0.0894288 0.0871994 0.0847343 0.0820548 0.079184 0.0761459 0.0729657 0.069669 0.066282 0.0628305 0.0593402 0.0558361 0.0523422 0.0488812 0.0454746 0.042142 0.0389012 0.0357681 0.0327563 0.0298775 0.0271411 0.0245544 0.0221225 0.0198487 0.0177341 0.0157784 0.0139794 0.0123338 0.0108368 0.00948304 0.00826596 0.00717866 0.00621383 0.00536397 0.00462162 0.0039795 0.00343068 0.0029687 0.00258774 0.00228268 0.00204919 0.00188387 0.00178435 
0.0020342 0.00206712 0.00217397 0.00235665 0.00261801 0.00296193 0.00339334 0.00391805 0.0045427 0.00527461 0.00612163 0.007092 0.00819415 0.00943649 0.0108272 0.0123741 0.0140843 0.0159639 0.0180178 0.0202499 0.022662 0.0252544 0.0280252 0.0309707 0.0340844 0.0373578 0.0407799 0.0443372 0.0480139 0.0517917 0.0556503 0.0595673 0.0635185 0.067478 0.0714189 0.0753129 0.0791314 0.0828453 0.0864255 0.0898435 0.0930712 0.096082 0.0988505 0.101353 0.103568 0.105476 0.107061 0.108309 0.109208 0.10975 0.109932 0.109751 0.109208 0.10831 0.107063 0.105479 0.103572 0.101359 0.098859 0.0960935 0.0930861 0.0898623 0.086449 0.0828738 0.0791656 0.0753531 0.0714654 0.0675312 0.0635785 0.0596343 0.0557241 0.0518722 0.0481009 0.0444303 0.0408786 0.0374614 0.0341923 0.0310821 0.0281393 0.0253703 0.0227788 0.0203666 0.0181336 0.0160778 0.0141955 0.0124818 0.0109306 0.00953486 0.00828692 0.00717864 0.00620167 0.00534767 0.00460846 0.00397625 0.00344378 0.00300448 0.00265257 0.00238317 0.00219242 0.00207766 
0.00236132 0.00239947 0.00252277 0.00273338 0.00303449 0.0034305 0.00392696 0.00453042 0.00524833 0.00608891 0.00706096 0.00817369 0.00943649 0.0108587 0.0124494 0.0142172 0.0161698 0.0183138 0.0206546 0.0231959 0.0259397 0.0288858 0.0320318 0.0353728 0.0389015 0.0426077 0.0464786 0.0504988 0.0546502 0.058912 0.0632612 0.0676724 0.0721184 0.0765703 0.0809976 0.085369 0.0896525 0.0938158 0.0978267 0.101653 0.105265 0.108632 0.111726 0.114522 0.116996 0.119126 0.120895 0.122286 0.123289 0.123894 0.124095 0.123892 0.123286 0.122283 0.120891 0.119122 0.116992 0.114519 0.111724 0.108632 0.105268 0.10166 0.0978371 0.0938312 0.0896734 0.0853961 0.0810313 0.0766111 0.0721667 0.0677284 0.063325 0.0589836 0.0547293 0.0505852 0.0465718 0.0427071 0.0390065 0.0354826 0.0321455 0.0290024 0.0260583 0.0233154 0.020774 0.018432 0.0162859 0.0143303 0.0125586 0.0109631 0.0095354 0.00826643 0.00714695 0.00616765 0.00531941 0.00459349 0.00398177 0.00347683 0.00307219 0.00276236 0.00254297 0.00241105 
0.00273075 0.0027748 0.00291655 0.00315844 0.00350405 0.00395836 0.00452756 0.00521902 0.00604107 0.00700291 0.00811436 0.00938566 0.0108272 0.0124494 0.0142623 0.0162751 0.0184963 0.020933 0.023591 0.0264741 0.0295838 0.0329198 0.0364787 0.0402547 0.0442391 0.04842 0.0527827 0.0573095 0.0619798 0.0667701 0.0716542 0.0766039 0.0815883 0.0865752 0.0915308 0.09642 0.101207 0.105857 0.110334 0.114602 0.118628 0.122379 0.125825 0.128937 0.131689 0.134058 0.136025 0.137571 0.138685 0.139356 0.13958 0.139353 0.138679 0.137563 0.136014 0.134046 0.131676 0.128923 0.125811 0.122366 0.118617 0.114594 0.110329 0.105857 0.101213 0.0964316 0.0915493 0.0866013 0.0816225 0.0766465 0.0717057 0.0668303 0.0620488 0.0573871 0.0528684 0.0485133 0.0443394 0.0403612 0.0365905 0.0330358 0.029703 0.0265953 0.0237132 0.021055 0.0186169 0.0163932 0.014377 0.0125597 0.0109322 0.00948447 0.00820633 0.00708742 0.00611759 0.00528711 0.00458687 0.0040086 0.00354502 0.00318998 0.00293858 0.00278748 
0.00314538 0.00319601 0.00335831 0.00363502 0.00403015 0.00454926 0.00519928 0.00598844 0.00692604 0.00802231 0.00928815 0.0107349 0.0123741 0.0142172 0.0162751 0.0185579 0.0210749 0.0238336 0.02684 0.0300979 0.0336087 0.0373713 0.0413817 0.0456326 0.0501139 0.0548119 0.0597096 0.0647869 0.0700203 0.0753833 0.0808467 0.0863784 0.0919444 0.0975085 0.103033 0.10848 0.113809 0.118981 0.123957 0.128699 0.133169 0.137331 0.141153 0.144603 0.147652 0.150277 0.152454 0.154166 0.155398 0.15614 0.156387 0.156136 0.155388 0.154152 0.152436 0.150255 0.147628 0.144577 0.141126 0.137304 0.133142 0.128674 0.123936 0.118964 0.113797 0.108474 0.103034 0.0975174 0.0919619 0.0864052 0.0808832 0.0754298 0.0700768 0.0648533 0.0597856 0.054897 0.0502075 0.045734 0.0414898 0.0374852 0.0337271 0.0302197 0.0269639 0.0239584 0.0211992 0.0186806 0.0163949 0.014333 0.0124849 0.0108397 0.00938603 0.00811258 0.00700804 0.00606162 0.00526318 0.00460351 0.00407448 0.00366921 0.00338225 0.00320984 
0.00360795 0.00366589 0.00385096 0.00416618 0.00461605 0.00520676 0.00594604 0.00684302 0.00790803 0.00915239 0.0105882 0.0122279 0.0140843 0.0161698 0.0184963 0.0210749 0.0239154 0.0270258 0.0304125 0.0340789 0.0380264 0.042253 0.0467536 0.0515198 0.0565394 0.0617968 0.0672726 0.0729439 0.0787842 0.0847637 0.0908497 0.0970064 0.103196 0.109378 0.115512 0.121554 0.127461 0.133191 0.138699 0.143944 0.148886 0.153485 0.157706 0.161513 0.164878 0.167772 0.170173 0.172059 0.173417 0.174235 0.174506 0.174228 0.173404 0.172039 0.170147 0.167741 0.164842 0.161474 0.157664 0.153442 0.148842 0.143901 0.138658 0.133153 0.127429 0.121528 0.115493 0.109367 0.103194 0.0970148 0.0908687 0.0847938 0.0788255 0.0729966 0.0673364 0.0618714 0.0566241 0.0516139 0.0468562 0.042363 0.0381426 0.0341999 0.0305369 0.0271523 0.0240425 0.0212013 0.0186205 0.0162906 0.0142005 0.0123384 0.0106918 0.00924833 0.00799547 0.00692129 0.00601457 0.00526508 0.0046638 0.00420309 0.00387685 0.00368092 
0.00412104 0.00418705 0.00439717 0.00475475 0.00526479 0.00593416 0.00677142 0.00778666 0.00899132 0.0103979 0.0120197 0.0138704 0.0159639 0.0183138 0.020933 0.0238336 0.0270258 0.0305184 0.0343174 0.0384266 0.0428465 0.0475745 0.0526042 0.0579256 0.0635247 0.0693834 0.0754798 0.081788 0.0882781 0.0949168 0.101668 0.108491 0.115344 0.122184 0.128965 0.135639 0.142159 0.148478 0.154549 0.160326 0.165765 0.170825 0.175465 0.17965 0.183346 0.186524 0.189159 0.191229 0.192719 0.193615 0.193912 0.193606 0.192701 0.191203 0.189125 0.186483 0.183298 0.179597 0.175408 0.170764 0.165703 0.160263 0.154487 0.148419 0.142104 0.13559 0.128923 0.122151 0.115321 0.108478 0.101666 0.0949277 0.0883016 0.0818243 0.0755289 0.069445 0.0635982 0.0580103 0.0526992 0.0476786 0.0429585 0.0385451 0.0344409 0.0306453 0.0271547 0.0239628 0.021061 0.018439 0.016085 0.0139861 0.0121288 0.0104993 0.00908409 0.00786996 0.00684455 0.00599655 0.00531598 0.0047944 0.00442505 0.00420331 
0.00468695 0.00476183 0.00499935 0.00540325 0.00597905 0.00673432 0.00767851 0.00882276 0.0101796 0.0117628 0.0135869 0.0156669 0.0180178 0.0206546 0.023591 0.02684 0.0304125 0.0343174 0.0385611 0.043147 0.0480751 0.0533416 0.0589388 0.0648551 0.0710741 0.0775753 0.0843338 0.0913203 0.0985017 0.105841 0.113297 0.120826 0.128383 0.135917 0.14338 0.15072 0.157884 0.164823 0.171485 0.17782 0.183781 0.189322 0.194402 0.198981 0.203023 0.206497 0.209376 0.211638 0.213264 0.214243 0.214566 0.214232 0.213242 0.211604 0.209333 0.206444 0.202961 0.198912 0.194327 0.189243 0.183698 0.177736 0.171401 0.164741 0.157806 0.150646 0.143313 0.135859 0.128335 0.12079 0.113273 0.10583 0.0985047 0.0913376 0.0843654 0.0776212 0.0711338 0.0649279 0.059024 0.0534378 0.0481811 0.0432613 0.0386822 0.0344435 0.0305418 0.0269709 0.0237218 0.0207835 0.0181433 0.0157874 0.0137011 0.0118694 0.0102775 0.00891095 0.00775617 0.00680074 0.00603367 0.00544565 0.00502924 0.00477934 
0.00530765 0.0053922 0.00565956 0.00611382 0.00676107 0.00760963 0.00866988 0.00995402 0.0114758 0.0132502 0.0152932 0.0176209 0.0202499 0.0231959 0.0264741 0.0300979 0.0340789 0.0384266 0.043147 0.0482433 0.0537146 0.0595561 0.0657586 0.0723082 0.0791864 0.0863697 0.0938302 0.101535 0.109447 0.117526 0.125725 0.133998 0.142293 0.150557 0.158735 0.166771 0.17461 0.182196 0.189474 0.19639 0.202893 0.208936 0.214471 0.219458 0.223859 0.22764 0.230772 0.233231 0.235 0.236064 0.236415 0.23605 0.234973 0.233191 0.230719 0.227575 0.223783 0.219373 0.214378 0.208836 0.202789 0.196283 0.189365 0.182089 0.174506 0.166671 0.158641 0.150472 0.142218 0.133935 0.125676 0.11749 0.109427 0.101531 0.0938418 0.0863973 0.0792297 0.0723668 0.0658315 0.0596422 0.0538125 0.0483515 0.0432638 0.0385502 0.0342075 0.0302293 0.0266066 0.0233277 0.020379 0.0177457 0.015412 0.0133617 0.0115785 0.0100469 0.00875191 0.00767997 0.00681906 0.00615893 0.00569143 0.00541098 
0.00598469 0.00607974 0.00637937 0.00688808 0.00761254 0.00856185 0.00974736 0.0111824 0.0128819 0.0148622 0.0171406 0.0197346 0.022662 0.0259397 0.0295838 0.0336087 0.0380264 0.0428465 0.0480751 0.0537146 0.0597635 0.0662154 0.0730595 0.0802795 0.0878545 0.0957579 0.103958 0.112419 0.121099 0.129954 0.138932 0.147982 0.157049 0.166073 0.174996 0.183757 0.192296 0.200553 0.208468 0.215985 0.223049 0.229608 0.235613 0.241021 0.245791 0.249887 0.253279 0.255942 0.257856 0.259007 0.259386 0.258991 0.257824 0.255894 0.253216 0.24981 0.245701 0.24092 0.235502 0.229488 0.222923 0.215854 0.208334 0.200418 0.192163 0.183628 0.174873 0.165958 0.156945 0.14789 0.138854 0.129891 0.121053 0.11239 0.103947 0.0957645 0.0878789 0.0803212 0.0731176 0.066289 0.0598511 0.0538147 0.0481858 0.0429659 0.0381525 0.0337394 0.029717 0.0260733 0.0227939 0.0198629 0.0172635 0.014978 0.0129891 0.0112797 0.00983356 0.00863598 0.0076738 0.00693586 0.00641322 0.00609978 
0.00671911 0.00682549 0.00715985 0.00772711 0.00853454 0.00959206 0.010912 0.0125088 0.0143988 0.0165996 0.0191298 0.0220085 0.0252544 0.0288858 0.0329198 0.0373713 0.042253 0.0475745 0.0533416 0.0595561 0.0662154 0.0733117 0.0808319 0.0887576 0.0970648 0.105724 0.114699 0.123951 0.133433 0.143096 0.152886 0.162744 0.172611 0.182424 0.192117 0.201627 0.210888 0.219836 0.228408 0.236542 0.244181 0.251269 0.257756 0.263594 0.26874 0.273158 0.276816 0.279686 0.281748 0.282988 0.283396 0.282969 0.281711 0.279631 0.276743 0.273069 0.268636 0.263475 0.257625 0.251128 0.244031 0.236386 0.228247 0.219674 0.210726 0.201468 0.191964 0.182278 0.172476 0.162622 0.152777 0.143004 0.133358 0.123895 0.114662 0.105707 0.0970676 0.0887799 0.0808729 0.0733704 0.0662905 0.059646 0.0534442 0.047688 0.0423751 0.0374998 0.0330523 0.0290201 0.0253881 0.0221395 0.0192561 0.0167193 0.0145101 0.0126102 0.0110021 0.00966978 0.00859894 0.00777746 0.00719562 0.00684678 
0.0075114 0.00762992 0.00800145 0.00863132 0.00952742 0.0107005 0.0121639 0.0139334 0.0160264 0.0184619 0.0212601 0.0244411 0.0280252 0.0320318 0.0364787 0.0413817 0.0467536 0.0526042 0.0589388 0.0657586 0.0730595 0.0808319 0.0890607 0.0977249 0.106797 0.116244 0.126027 0.136101 0.146416 0.156918 0.167547 0.17824 0.188933 0.199557 0.210043 0.220321 0.230322 0.239977 0.249219 0.257983 0.266208 0.273835 0.28081 0.287085 0.292613 0.297358 0.301284 0.304364 0.306577 0.307906 0.308343 0.307885 0.306535 0.304301 0.301201 0.297257 0.292495 0.286949 0.28066 0.273672 0.266034 0.257801 0.249031 0.239786 0.23013 0.220131 0.209857 0.199378 0.188764 0.178084 0.167405 0.156793 0.14631 0.136015 0.125962 0.116201 0.106776 0.0977252 0.0890821 0.0808734 0.0731198 0.0658361 0.0590315 0.0527099 0.0468701 0.0415064 0.0366092 0.0321656 0.0281597 0.024574 0.021389 0.0185848 0.0161412 0.0140384 0.0122576 0.0107816 0.00959477 0.00868412 0.00803908 0.00765245 
0.00836138 0.00849286 0.00890394 0.00960039 0.0105907 0.0118865 0.0135023 0.0154548 0.017763 0.0204471 0.0235287 0.0270294 0.0309707 0.0353728 0.0402547 0.0456326 0.0515198 0.0579256 0.0648551 0.0723082 0.0802795 0.0887576 0.0977249 0.107157 0.117024 0.127289 0.137907 0.148831 0.160006 0.171371 0.182863 0.194414 0.205953 0.217408 0.228703 0.239765 0.25052 0.260894 0.270816 0.280218 0.289036 0.297207 0.304676 0.31139 0.317304 0.322376 0.326573 0.329864 0.332227 0.333647 0.334113 0.333623 0.33218 0.329794 0.326481 0.322263 0.317171 0.311238 0.304507 0.297023 0.288839 0.280011 0.2706 0.260673 0.250296 0.239542 0.228484 0.217195 0.20575 0.194224 0.182688 0.171213 0.159867 0.148714 0.137812 0.127217 0.116976 0.107133 0.0977242 0.0887796 0.0803228 0.0723711 0.0649357 0.0580216 0.0516288 0.045752 0.0403818 0.0355048 0.0311048 0.0271631 0.0236594 0.0205725 0.0178807 0.015563 0.0135992 0.0119707 0.0106608 0.00965549 0.00894333 0.00851659 
0.00926817 0.00941341 0.00986634 0.0106332 0.0117231 0.0131486 0.0149251 0.0170707 0.0196057 0.0225517 0.0259315 0.0297682 0.0340844 0.0389015 0.0442391 0.0501139 0.0565394 0.0635247 0.0710741 0.0791864 0.0878545 0.0970648 0.106797 0.117024 0.127712 0.138819 0.150298 0.162096 0.174152 0.186402 0.198777 0.211203 0.223604 0.235903 0.24802 0.259876 0.271392 0.282492 0.2931 0.303145 0.312558 0.321275 0.329238 0.336393 0.342692 0.348092 0.352558 0.356059 0.358573 0.360083 0.360578 0.360057 0.358522 0.355982 0.352457 0.347968 0.342545 0.336225 0.329051 0.32107 0.312337 0.302912 0.292857 0.282242 0.271138 0.25962 0.247767 0.235655 0.223365 0.210976 0.198565 0.186208 0.173979 0.161945 0.150171 0.138716 0.127635 0.116973 0.106772 0.0970649 0.0878785 0.0792326 0.0711406 0.0636091 0.0566392 0.0502264 0.0443612 0.0390304 0.0342171 0.0299018 0.0260632 0.0226788 0.0197258 0.0171816 0.0150248 0.0132355 0.0117957 0.0106904 0.00990739 0.00943829 
0.0102301 0.0103899 0.0108868 0.0117277 0.0129223 0.014484 0.0164293 0.0187775 0.0215502 0.0247704 0.0284623 0.0326501 0.0373578 0.0426077 0.04842 0.0548119 0.0617968 0.0693834 0.0775753 0.0863697 0.0957579 0.105724 0.116244 0.127289 0.138819 0.15079 0.163151 0.175841 0.188796 0.201947 0.215218 0.228531 0.241806 0.254957 0.267903 0.280559 0.292841 0.304668 0.315963 0.326649 0.336657 0.345919 0.354374 0.361966 0.368647 0.374372 0.379104 0.382814 0.385476 0.387075 0.3876 0.387047 0.38542 0.382731 0.378994 0.374236 0.368486 0.361783 0.354168 0.345693 0.336414 0.326392 0.315693 0.304389 0.292555 0.28027 0.267616 0.254674 0.24153 0.228268 0.214969 0.201716 0.188586 0.175654 0.162989 0.150655 0.138711 0.127209 0.116193 0.1057 0.0957606 0.0863973 0.0776258 0.0694545 0.0618857 0.0549158 0.0485357 0.0427322 0.0374878 0.0327825 0.0285939 0.0248984 0.0216719 0.0188905 0.0165314 0.0145732 0.0129971 0.0117869 0.0109294 0.0104159 
0.0112448 0.0114198 0.0119628 0.0128811 0.0141851 0.015889 0.0180105 0.02057 0.0235905 0.0270962 0.0311128 0.0356657 0.0407799 0.0464786 0.0527827 0.0597096 0.0672726 0.0754798 0.0843338 0.0938302 0.103958 0.114699 0.126027 0.137907 0.150298 0.163151 0.176407 0.190004 0.203871 0.217933 0.232109 0.246317 0.26047 0.274478 0.288254 0.301709 0.314756 0.327309 0.339286 0.35061 0.361206 0.371006 0.379947 0.387971 0.395028 0.401072 0.406067 0.409981 0.412789 0.414476 0.415029 0.414446 0.41273 0.409892 0.405949 0.400927 0.394855 0.387773 0.379725 0.370762 0.360942 0.350328 0.33899 0.327001 0.31444 0.301389 0.287933 0.27416 0.260158 0.246016 0.231823 0.217664 0.203623 0.18978 0.176209 0.162981 0.150158 0.137797 0.125947 0.11465 0.103938 0.0938372 0.0843664 0.0755357 0.0673489 0.0598034 0.0528906 0.0465973 0.040906 0.0357958 0.0312435 0.0272244 0.0237132 0.0206846 0.0181144 0.0159802 0.0142618 0.012942 0.0120068 0.0114468 
0.012309 0.0124998 0.0130907 0.0140895 0.0155072 0.0173588 0.0196632 0.0224419 0.0257191 0.0295206 0.0338731 0.0388033 0.0443372 0.0504988 0.0573095 0.0647869 0.0729439 0.081788 0.0913203 0.101535 0.112419 0.123951 0.136101 0.148831 0.162096 0.175841 0.190004 0.204516 0.219301 0.23428 0.249366 0.26447 0.2795 0.294364 0.308967 0.323216 0.33702 0.350291 0.362943 0.374894 0.38607 0.396399 0.405816 0.414262 0.421687 0.428044 0.433294 0.437407 0.440358 0.442129 0.44271 0.442098 0.440295 0.437313 0.433169 0.427889 0.421503 0.414051 0.405578 0.396137 0.385786 0.37459 0.362622 0.349956 0.336675 0.322864 0.308612 0.29401 0.279152 0.264132 0.249041 0.233973 0.219015 0.204254 0.189769 0.175635 0.161922 0.148689 0.135991 0.123874 0.112374 0.10152 0.0913333 0.0818269 0.073006 0.064869 0.0574082 0.0506105 0.0444582 0.03893 0.0340019 0.0296481 0.0258421 0.0225574 0.0197685 0.0174516 0.0155855 0.0141519 0.013136 0.0125278 
0.0134184 0.0136256 0.0142662 0.0153481 0.0168832 0.0188874 0.0213805 0.0243853 0.0279271 0.0320331 0.0367311 0.0420491 0.0480139 0.0546502 0.0619798 0.0700203 0.0787842 0.0882781 0.0985017 0.109447 0.121099 0.133433 0.146416 0.160006 0.174152 0.188796 0.203871 0.219301 0.235007 0.250903 0.266896 0.282892 0.298795 0.314506 0.329926 0.34496 0.359511 0.373487 0.3868 0.399367 0.411108 0.421952 0.431833 0.44069 0.448471 0.45513 0.460628 0.464934 0.468022 0.469875 0.470483 0.469842 0.467956 0.464835 0.460498 0.454968 0.448278 0.440467 0.431582 0.421675 0.410806 0.399042 0.386456 0.373127 0.359138 0.344578 0.32954 0.314118 0.298411 0.282517 0.266533 0.250557 0.234683 0.219001 0.203598 0.188554 0.173943 0.15983 0.146275 0.133327 0.121027 0.109408 0.0984935 0.0882986 0.0788305 0.0700892 0.0620678 0.0547535 0.0481286 0.0421714 0.0368571 0.032159 0.0280496 0.024501 0.0214866 0.0189814 0.0169628 0.0154117 0.0143125 0.0136545 
0.0145681 0.0147922 0.0154837 0.0166512 0.0183069 0.0204677 0.0231544 0.0263909 0.0302039 0.0346215 0.0396729 0.0453871 0.0517917 0.058912 0.0667701 0.0753833 0.0847637 0.0949168 0.105841 0.117526 0.129954 0.143096 0.156918 0.171371 0.186402 0.201947 0.217933 0.23428 0.250903 0.267708 0.284601 0.30148 0.318245 0.33479 0.351015 0.366818 0.382099 0.396764 0.410721 0.423885 0.436175 0.447518 0.457846 0.467099 0.475224 0.482173 0.487909 0.492399 0.49562 0.497552 0.498186 0.497518 0.495551 0.492298 0.487774 0.482005 0.475023 0.466867 0.457584 0.447227 0.435857 0.423542 0.410357 0.396381 0.3817 0.366408 0.350598 0.33437 0.317827 0.301069 0.284201 0.267325 0.250539 0.233941 0.217622 0.201667 0.186157 0.171161 0.156744 0.14296 0.129853 0.117461 0.10581 0.0949175 0.084793 0.0754378 0.0668462 0.0590058 0.051899 0.0455039 0.0397951 0.0347451 0.0303251 0.0265063 0.0232608 0.0205624 0.0183875 0.0167158 0.015531 0.0148219 
0.0157522 0.0159936 0.0167373 0.017992 0.0197709 0.0220915 0.0249756 0.0284484 0.0325374 0.0372722 0.0426829 0.0487995 0.0556503 0.0632612 0.0716542 0.0808467 0.0908497 0.101668 0.113297 0.125725 0.138932 0.152886 0.167547 0.182863 0.198777 0.215218 0.232109 0.249366 0.266896 0.284601 0.30238 0.320128 0.337737 0.3551 0.37211 0.388662 0.404653 0.419986 0.434566 0.448306 0.461125 0.472947 0.483704 0.493335 0.501787 0.509014 0.514976 0.519642 0.522988 0.524995 0.525653 0.52496 0.522918 0.519538 0.514838 0.508841 0.501581 0.493096 0.483432 0.472644 0.460793 0.447948 0.434183 0.419581 0.404231 0.388226 0.371665 0.35465 0.337286 0.319682 0.301944 0.28418 0.266494 0.248989 0.231761 0.214901 0.198495 0.182618 0.167339 0.152718 0.138803 0.125634 0.113242 0.101647 0.0908606 0.0808855 0.0717173 0.0633443 0.0557492 0.0489099 0.0428004 0.0373926 0.0326567 0.0285628 0.0250818 0.0221865 0.019852 0.0180574 0.0167853 0.0160241 
0.016964 0.0172231 0.0180196 0.019363 0.0212668 0.0237495 0.0268338 0.0305457 0.0349142 0.0399698 0.0457436 0.0522664 0.0595673 0.0676724 0.0766039 0.0863784 0.0970064 0.108491 0.120826 0.133998 0.147982 0.162744 0.17824 0.194414 0.211203 0.228531 0.246317 0.26447 0.282892 0.30148 0.320128 0.338724 0.357157 0.375315 0.393087 0.410364 0.42704 0.443015 0.458194 0.472486 0.48581 0.498088 0.509253 0.519244 0.528006 0.535495 0.541671 0.546503 0.549966 0.552044 0.552726 0.552009 0.549896 0.546397 0.54153 0.535319 0.527796 0.518999 0.508974 0.497777 0.485467 0.472114 0.457795 0.442593 0.426597 0.409904 0.392615 0.374836 0.356675 0.338245 0.319657 0.301023 0.282453 0.264055 0.245931 0.228177 0.210884 0.194134 0.177999 0.162545 0.147824 0.13388 0.120747 0.108448 0.096998 0.0864006 0.0766528 0.0677439 0.0596569 0.0523695 0.0458556 0.0400863 0.0350309 0.0306586 0.0269392 0.0238443 0.0213482 0.0194288 0.0180682 0.0172542 
0.0181961 0.018473 0.0193229 0.0207557 0.0227855 0.0254315 0.0287174 0.0326701 0.0373197 0.0426977 0.0488361 0.0557665 0.0635185 0.0721184 0.0815883 0.0919444 0.103196 0.115344 0.128383 0.142293 0.157049 0.172611 0.188933 0.205953 0.223604 0.241806 0.26047 0.2795 0.298795 0.318245 0.337737 0.357157 0.376389 0.395315 0.41382 0.431794 0.449127 0.465717 0.481465 0.496283 0.510085 0.522795 0.534345 0.544674 0.553728 0.561462 0.567838 0.572825 0.576399 0.578542 0.579246 0.578507 0.576328 0.572719 0.567696 0.561285 0.553515 0.544425 0.534062 0.522477 0.509734 0.4959 0.481054 0.465279 0.448666 0.431313 0.413325 0.394809 0.375878 0.356647 0.337233 0.317753 0.29832 0.279049 0.260046 0.241414 0.223249 0.205637 0.188658 0.172379 0.15686 0.142147 0.128278 0.115279 0.103167 0.091949 0.0816223 0.0721774 0.0635978 0.0558615 0.0489419 0.0428096 0.0374332 0.0327809 0.0288216 0.0255258 0.0228669 0.0208218 0.019372 0.0185046 
0.0194403 0.0197351 0.0206386 0.0221609 0.0243169 0.0271264 0.030614 0.0348075 0.039738 0.0454379 0.0519401 0.0592768 0.067478 0.0765703 0.0865752 0.0975085 0.109378 0.122184 0.135917 0.150557 0.166073 0.182424 0.199557 0.217408 0.235903 0.254957 0.274478 0.294364 0.314506 0.33479 0.3551 0.375315 0.395315 0.414978 0.434186 0.452825 0.470783 0.487956 0.504244 0.519557 0.533809 0.546925 0.558835 0.569479 0.578805 0.586768 0.593329 0.598459 0.602135 0.60434 0.605065 0.604305 0.602065 0.598354 0.593188 0.586591 0.578592 0.56923 0.558549 0.546603 0.533453 0.519167 0.503823 0.487505 0.470306 0.452326 0.433669 0.414448 0.394777 0.374776 0.354565 0.334266 0.313997 0.293877 0.274019 0.25453 0.235512 0.217057 0.199248 0.182159 0.165854 0.150382 0.135787 0.122096 0.109329 0.0974949 0.0865935 0.076616 0.0675465 0.059363 0.052039 0.0455446 0.0398477 0.0349157 0.0307166 0.0272198 0.0243979 0.022227 0.0206879 0.0197672 
0.0206879 0.0210004 0.0219572 0.0235687 0.0258502 0.0288224 0.0325103 0.0369431 0.0421524 0.0481715 0.0550343 0.0627733 0.0714189 0.0809976 0.0915308 0.103033 0.115512 0.128965 0.14338 0.158735 0.174996 0.192117 0.210043 0.228703 0.24802 0.267903 0.288254 0.308967 0.329926 0.351015 0.37211 0.393087 0.41382 0.434186 0.454062 0.473331 0.49188 0.509603 0.526398 0.542175 0.556848 0.57034 0.582585 0.593521 0.603098 0.611271 0.618003 0.623265 0.627035 0.629296 0.630039 0.629262 0.626966 0.623161 0.617864 0.611096 0.602887 0.593273 0.582299 0.570018 0.556488 0.54178 0.52597 0.509142 0.491391 0.472817 0.453527 0.433635 0.413259 0.392522 0.371547 0.35046 0.329386 0.308446 0.28776 0.267441 0.247594 0.228318 0.209701 0.191821 0.174746 0.158532 0.143223 0.128852 0.115441 0.103001 0.0915329 0.0810296 0.0714758 0.0628501 0.0551257 0.0482725 0.0422578 0.0370482 0.0326109 0.0289145 0.0259306 0.0236346 0.0220066 0.021033 
0.0219294 0.0222596 0.0232691 0.0249687 0.0273742 0.0305068 0.0343925 0.0390611 0.0445452 0.0508788 0.0580963 0.0662308 0.0753129 0.085369 0.09642 0.10848 0.121554 0.135639 0.15072 0.166771 0.183757 0.201627 0.220321 0.239765 0.259876 0.280559 0.301709 0.323216 0.34496 0.366818 0.388662 0.410364 0.431794 0.452825 0.473331 0.493194 0.512297 0.530534 0.547802 0.564009 0.579072 0.592912 0.605465 0.616669 0.626475 0.63484 0.641727 0.647109 0.650964 0.653276 0.654037 0.653243 0.650897 0.647008 0.641591 0.634668 0.626267 0.616424 0.605182 0.592591 0.578712 0.563613 0.547369 0.530067 0.511799 0.492668 0.472781 0.452256 0.431212 0.409775 0.388072 0.366234 0.344389 0.322664 0.301182 0.280063 0.259417 0.239347 0.219947 0.2013 0.183478 0.166541 0.150537 0.135503 0.121462 0.108429 0.0964057 0.0853869 0.075358 0.0662978 0.0581798 0.0509735 0.0446459 0.0391628 0.0344906 0.0305973 0.0274536 0.0250342 0.0233185 0.0222925 
0.0231552 0.0235028 0.0245639 0.0263499 0.0288768 0.0321667 0.036246 0.0411455 0.0468983 0.0535392 0.0611031 0.0696237 0.0791314 0.0896525 0.101207 0.113809 0.127461 0.142159 0.157884 0.17461 0.192296 0.210888 0.230322 0.25052 0.271392 0.292841 0.314756 0.33702 0.359511 0.382099 0.404653 0.42704 0.449127 0.470783 0.49188 0.512297 0.531917 0.55063 0.568336 0.584941 0.600361 0.61452 0.627353 0.638801 0.648815 0.657353 0.664381 0.669871 0.673803 0.676161 0.676937 0.676129 0.673738 0.669774 0.66425 0.657187 0.648613 0.638561 0.627074 0.614202 0.600003 0.584544 0.567901 0.550159 0.531412 0.511762 0.491318 0.470199 0.448527 0.42643 0.40404 0.381489 0.358912 0.336438 0.314198 0.292314 0.270901 0.250069 0.229917 0.210531 0.191988 0.174352 0.157676 0.141999 0.127348 0.113739 0.101177 0.0896561 0.0791643 0.0696806 0.0611785 0.0536274 0.0469939 0.0412434 0.0363415 0.0322554 0.0289551 0.0264148 0.0246131 0.0235358 
0.0243552 0.0247197 0.0258311 0.027701 0.030346 0.0337887 0.0380561 0.0431796 0.0491932 0.056132 0.0640317 0.0729259 0.0828453 0.0938158 0.105857 0.118981 0.133191 0.148478 0.164823 0.182196 0.200553 0.219836 0.239977 0.260894 0.282492 0.304668 0.327309 0.350291 0.373487 0.396764 0.419986 0.443015 0.465717 0.487956 0.509603 0.530534 0.55063 0.569783 0.58789 0.604858 0.620603 0.635052 0.648139 0.659807 0.670008 0.678701 0.685854 0.69144 0.69544 0.697839 0.69863 0.697809 0.695379 0.691347 0.685728 0.678541 0.669811 0.659573 0.647867 0.63474 0.620251 0.604464 0.587456 0.569311 0.550121 0.529991 0.509031 0.487359 0.465101 0.442387 0.419351 0.396131 0.372862 0.349682 0.326722 0.304112 0.281971 0.260413 0.239542 0.219449 0.200216 0.181912 0.16459 0.148295 0.133057 0.118893 0.10581 0.0938051 0.082866 0.0729726 0.0640987 0.0562136 0.0492836 0.0432736 0.0381487 0.0338753 0.030423 0.0277652 0.02588 0.0247529 
0.0255193 0.0259 0.0270599 0.0290107 0.0317695 0.0353593 0.0398078 0.045147 0.0514112 0.0586365 0.0668585 0.0761113 0.0864255 0.0978267 0.110334 0.123957 0.138699 0.154549 0.171485 0.189474 0.208468 0.228408 0.249219 0.270816 0.2931 0.315963 0.339286 0.362943 0.3868 0.410721 0.434566 0.458194 0.481465 0.504244 0.526398 0.547802 0.568336 0.58789 0.606361 0.623659 0.639699 0.654408 0.667722 0.679586 0.689953 0.698784 0.706047 0.711718 0.715778 0.718214 0.719017 0.718185 0.71572 0.71163 0.705927 0.69863 0.689764 0.67936 0.667457 0.654103 0.639352 0.62327 0.605931 0.587418 0.567826 0.547256 0.52582 0.503638 0.480837 0.45755 0.433913 0.410067 0.386152 0.362308 0.338673 0.315379 0.292551 0.270307 0.248755 0.227993 0.208105 0.189164 0.171228 0.154344 0.138545 0.12385 0.11027 0.0978018 0.0864341 0.0761478 0.066917 0.0587111 0.0514962 0.0452367 0.0398973 0.0354438 0.0318451 0.029074 0.0271085 0.0259333 
0.026637 0.0270333 0.0282395 0.0302675 0.033135 0.0368651 0.0414862 0.0470308 0.0535339 0.0610318 0.0695605 0.0791543 0.0898435 0.101653 0.114602 0.128699 0.143944 0.160326 0.17782 0.19639 0.215985 0.236542 0.257983 0.280218 0.303145 0.326649 0.35061 0.374894 0.399367 0.423885 0.448306 0.472486 0.496283 0.519557 0.542175 0.564009 0.584941 0.604858 0.623659 0.641252 0.657555 0.672496 0.686012 0.698049 0.708562 0.717514 0.724874 0.73062 0.734732 0.737199 0.738013 0.737172 0.734678 0.730537 0.724761 0.717369 0.708382 0.697833 0.685757 0.6722 0.657217 0.64087 0.623234 0.60439 0.584431 0.563461 0.541592 0.518943 0.495644 0.471829 0.447638 0.423213 0.398698 0.374238 0.349973 0.32604 0.302569 0.279683 0.257493 0.236101 0.215597 0.196056 0.17754 0.1601 0.14377 0.128574 0.114523 0.101615 0.0898402 0.0791807 0.0696107 0.0610996 0.0536135 0.0471164 0.0415725 0.0369473 0.0332089 0.0303299 0.0282876 0.0270667 
0.0276984 0.0281094 0.0293593 0.0314603 0.0344302 0.0382927 0.0430767 0.048815 0.0555431 0.0632978 0.0721152 0.0820296 0.0930712 0.105265 0.118628 0.133169 0.148886 0.165765 0.183781 0.202893 0.223049 0.244181 0.266208 0.289036 0.312558 0.336657 0.361206 0.38607 0.411108 0.436175 0.461125 0.48581 0.510085 0.533809 0.556848 0.579072 0.600361 0.620603 0.639699 0.657555 0.674092 0.689237 0.70293 0.715119 0.725759 0.734816 0.74226 0.748069 0.752227 0.754721 0.755545 0.754696 0.752176 0.747992 0.742154 0.734679 0.725589 0.714912 0.702685 0.688951 0.673762 0.657181 0.63928 0.62014 0.599854 0.578524 0.556262 0.53319 0.509438 0.485142 0.460443 0.435487 0.410421 0.385393 0.360547 0.336024 0.311958 0.288475 0.265693 0.243716 0.222637 0.202536 0.18348 0.165519 0.148694 0.133027 0.118534 0.105213 0.0930565 0.0820462 0.0721572 0.0633589 0.0556173 0.0488964 0.0431598 0.0383726 0.0345025 0.0315217 0.029407 0.0281428 
