8.01834e-05 8.20565e-05 8.89638e-05 0.000101182 0.000119156 0.000143518 0.000175087 0.00021487 0.000264066 0.000324059 0.000396416 0.00048288 0.000585358 0.0007059 0.000846681 0.00100997 0.00119809 0.00141338 0.00165814 0.0019346 0.0022448 0.0025906 0.00297354 0.00339483 0.00385523 0.00435503 0.00489395 0.00547108 0.00608489 0.00673313 0.00741285 0.00812037 0.00885131 0.00960061 0.0103626 0.0111309 0.0118989 0.0126593 0.0134047 0.0141274 0.0148197 0.0154741 0.016083 0.0166394 0.0171367 0.0175689 0.0179308 0.0182178 0.0184263 0.0185539 0.0185987 0.0185604 0.0184393 0.0182371 0.0179564 0.0176006 0.0171742 0.0166824 0.0161312 0.0155272 0.0148774 0.0141891 0.01347 0.0127278 0.01197 0.0112042 0.0104375 0.00967657 0.0089278 0.00819687 0.00748885 0.00680814 0.00615844 0.00554275 0.00496333 0.00442179 0.00391906 0.00345547 0.0030308 0.00264432 0.00229489 0.00198101 0.00170087 0.00145246 0.0012336 0.00104202 0.000875418 0.000731485 0.000607971 0.000502713 0.000413664 0.000338921 0.000276733 0.000225526 0.0001839 0.000150642 0.000124723 0.000105303 9.17265e-05 8.35368e-05 
8.20565e-05 8.39793e-05 9.10586e-05 0.000103578 0.000121993 0.000146952 0.000179293 0.000220048 0.000270445 0.0003319 0.000406019 0.000494584 0.000599547 0.000723006 0.000867185 0.0010344 0.00122703 0.00144747 0.00169806 0.00198106 0.00229858 0.0026525 0.00304439 0.00347547 0.00394651 0.0044578 0.00500903 0.00559928 0.00622695 0.00688975 0.00758463 0.00830785 0.0090549 0.00982063 0.0105992 0.0113842 0.0121687 0.0129454 0.0137067 0.0144447 0.0151516 0.0158197 0.0164414 0.0170094 0.017517 0.0179582 0.0183275 0.0186204 0.0188332 0.0189633 0.019009 0.0189698 0.0188462 0.0186397 0.0183531 0.0179899 0.0175545 0.0170525 0.0164897 0.015873 0.0152095 0.0145067 0.0137723 0.0130142 0.0122402 0.0114578 0.0106745 0.00989703 0.00913187 0.00838486 0.00766118 0.00696533 0.0063011 0.00567156 0.00507905 0.0045252 0.00401098 0.00353675 0.00310228 0.00270684 0.00234927 0.00202805 0.00174133 0.00148706 0.00126302 0.0010669 0.000896334 0.000748967 0.0006225 0.000514721 0.000423538 0.000346999 0.000283317 0.000230879 0.000188253 0.000154196 0.000127655 0.00010777 9.38691e-05 8.54855e-05 
8.89638e-05 9.10586e-05 9.8729e-05 0.00011228 0.000132203 0.000159192 0.000194149 0.000238183 0.00029261 0.000358948 0.000438917 0.000534425 0.000647557 0.000780555 0.000935788 0.00111573 0.0013229 0.00155984 0.00182904 0.00213289 0.0024736 0.00285314 0.00327317 0.00373494 0.00423924 0.00478631 0.00537579 0.00600664 0.00667713 0.00738476 0.00812627 0.00889761 0.00969398 0.0105099 0.011339 0.0121747 0.0130095 0.0138356 0.014645 0.0154294 0.0161805 0.0168901 0.0175501 0.018153 0.0186917 0.0191598 0.0195515 0.0198621 0.0200877 0.0202255 0.0202738 0.020232 0.0201007 0.0198815 0.0195772 0.0191916 0.0187294 0.0181963 0.0175987 0.0169437 0.0162387 0.0154918 0.0147112 0.0139051 0.0130818 0.0122493 0.0114154 0.0105874 0.00977224 0.00897602 0.00820432 0.00746194 0.00675297 0.00608068 0.00544761 0.00485555 0.00430558 0.0037981 0.00333292 0.00290932 0.00252607 0.0021816 0.00187396 0.001601 0.00136037 0.00114961 0.000966222 0.000807696 0.000671585 0.000555531 0.0004573 0.00037481 0.000306147 0.000249585 0.00020359 0.00016683 0.000138177 0.000116707 0.000101698 9.26514e-05 
0.000101182 0.000103578 0.00011228 0.000127631 0.000150179 0.000180704 0.000220213 0.000269943 0.000331362 0.000406164 0.000496259 0.00060377 0.000731007 0.000880451 0.00105472 0.00125654 0.00148869 0.00175395 0.00205505 0.00239458 0.00277495 0.00319827 0.00366632 0.0041804 0.00474132 0.00534927 0.00600375 0.00670356 0.0074467 0.00823034 0.00905081 0.00990361 0.0107834 0.011684 0.0125987 0.0135199 0.0144394 0.0153489 0.0162394 0.0171019 0.0179273 0.0187067 0.0194314 0.020093 0.020684 0.0211972 0.0216265 0.0219668 0.0222139 0.0223647 0.0224173 0.0223712 0.0222269 0.0219863 0.0216523 0.0212291 0.0207218 0.0201365 0.0194803 0.0187607 0.0179861 0.017165 0.0163064 0.0154194 0.0145129 0.0135958 0.0126766 0.0117634 0.0108637 0.00998422 0.00913124 0.00831007 0.00752523 0.00678042 0.0060785 0.00542151 0.00481071 0.00424663 0.00372912 0.00325746 0.00283037 0.00244615 0.00210273 0.00179774 0.00152865 0.00129275 0.00108731 0.000909578 0.000756845 0.000626512 0.000516106 0.00042332 0.00034603 0.000282316 0.000230473 0.000189017 0.000156689 0.000132459 0.000115522 0.000105319 
0.000119156 0.000121993 0.000132203 0.000150179 0.000176558 0.000212236 0.000258373 0.000316393 0.000387982 0.00047508 0.000579876 0.000704794 0.000852469 0.00102572 0.00122753 0.00146097 0.00172918 0.00203529 0.00238235 0.00277326 0.00321068 0.00369693 0.00423393 0.00482308 0.00546517 0.00616032 0.00690785 0.00770629 0.00855325 0.00944544 0.0103786 0.0113476 0.0123462 0.0133676 0.0144039 0.0154467 0.0164868 0.0175147 0.0185203 0.0194937 0.0204246 0.021303 0.0221193 0.0228641 0.0235291 0.0241063 0.024589 0.0249713 0.0252488 0.0254179 0.0254767 0.0254244 0.0252618 0.0249908 0.0246147 0.0241382 0.023567 0.0229078 0.0221684 0.0213574 0.0204839 0.0195575 0.0185883 0.0175863 0.0165617 0.0155244 0.0144839 0.0134493 0.012429 0.011431 0.0104621 0.00952852 0.00863536 0.00778692 0.00698653 0.00623661 0.00553869 0.00489348 0.00430091 0.00376026 0.00327017 0.00282879 0.00243385 0.00208273 0.0017726 0.00150043 0.00126315 0.00105764 0.000880857 0.000729844 0.000601791 0.000494068 0.000404251 0.000330146 0.000269799 0.000221508 0.00018383 0.00015558 0.000135833 0.000123947 
0.000143518 0.000146952 0.000159192 0.000180704 0.000212236 0.000254842 0.000309885 0.000379036 0.000464267 0.000567849 0.000692335 0.000840547 0.00101555 0.00122061 0.00145916 0.00173476 0.00205101 0.00241149 0.00281966 0.00327882 0.00379194 0.00436163 0.00498998 0.00567849 0.00642792 0.00723828 0.00810865 0.00903717 0.010021 0.0110561 0.0121375 0.0132592 0.014414 0.0155939 0.0167898 0.017992 0.0191901 0.0203729 0.0215293 0.0226476 0.0237164 0.0247242 0.0256601 0.0265136 0.0272751 0.0279358 0.028488 0.0289252 0.0292422 0.0294352 0.029502 0.0294417 0.0292551 0.0289445 0.0285136 0.0279675 0.0273128 0.0265572 0.0257093 0.0247788 0.023776 0.022712 0.0215981 0.0204457 0.0192664 0.0180715 0.0168719 0.0156781 0.0144998 0.0133459 0.0122247 0.0111431 0.0101073 0.00912235 0.00819211 0.00731953 0.00650653 0.00575405 0.00506217 0.00443014 0.00385654 0.00333934 0.00287599 0.00246356 0.00209883 0.00177837 0.00149865 0.00125611 0.00104722 0.00086858 0.000716928 0.000589215 0.00048262 0.000394585 0.000322831 0.000265368 0.000220505 0.000186855 0.000163333 0.000149185 
0.000175087 0.000179293 0.000194149 0.000220213 0.000258373 0.000309885 0.000376369 0.000459807 0.000562535 0.000687238 0.000836931 0.00101494 0.00122485 0.00147051 0.00175593 0.00208525 0.00246263 0.00289223 0.00337803 0.00392378 0.00453288 0.00520823 0.00595214 0.0067662 0.00765116 0.00860683 0.00963198 0.0107243 0.0118801 0.0130948 0.0143624 0.0156756 0.0170262 0.0184045 0.0198001 0.0212016 0.0225969 0.0239733 0.0253176 0.0266167 0.0278572 0.0290261 0.0301108 0.0310995 0.0319811 0.0327455 0.0333841 0.0338894 0.0342556 0.0344783 0.0345549 0.0344846 0.0342682 0.0339083 0.0334092 0.0327768 0.0320183 0.0311426 0.0301596 0.0290804 0.0279168 0.0266813 0.0253869 0.0240469 0.0226745 0.0212827 0.0198842 0.0184912 0.0171149 0.0157658 0.0144535 0.0131862 0.0119713 0.0108145 0.00972086 0.00869377 0.00773565 0.00684779 0.00603041 0.00528284 0.00460353 0.00399025 0.00344014 0.00294987 0.00251577 0.00213389 0.00180014 0.00151039 0.00126055 0.00104663 0.000864818 0.000711535 0.000583461 0.00047758 0.000391201 0.000321969 0.000267883 0.000227297 0.000198926 0.000181875 
0.00021487 0.000220048 0.000238183 0.000269943 0.000316393 0.000379036 0.000459807 0.00056107 0.00068561 0.000836619 0.00101767 0.00123271 0.00148598 0.001782 0.00212549 0.00252128 0.00297425 0.0034892 0.00407076 0.00472321 0.00545043 0.00625567 0.0071415 0.00810958 0.00916061 0.0102941 0.0115085 0.0128008 0.0141666 0.0156002 0.0170944 0.0186406 0.0202289 0.0218481 0.0234859 0.0251289 0.0267631 0.0283735 0.0299451 0.0314624 0.0329102 0.0342734 0.0355377 0.0366892 0.0377153 0.0386047 0.0393472 0.0399345 0.0403597 0.040618 0.0407065 0.0406241 0.0403719 0.0399527 0.0393715 0.038635 0.0377516 0.0367313 0.0355855 0.0343269 0.0329691 0.0315265 0.0300142 0.0284474 0.0268413 0.0252112 0.0235717 0.021937 0.0203204 0.0187341 0.0171894 0.0156961 0.0142627 0.0128965 0.0116032 0.0103873 0.00925157 0.00819785 0.0072266 0.00633718 0.00552796 0.00479648 0.00413952 0.00355329 0.00303356 0.00257578 0.00217521 0.00182702 0.00152642 0.00126873 0.00104947 0.000864405 0.000709608 0.000581505 0.000476899 0.000392991 0.000327396 0.000278152 0.000243727 0.000223052 
0.000264066 0.000270445 0.00029261 0.000331362 0.000387982 0.000464267 0.000562535 0.00068561 0.000836814 0.00101995 0.00123927 0.00149943 0.00180547 0.00216272 0.00257672 0.00305315 0.0035977 0.00421595 0.00491324 0.0056945 0.00656413 0.00752581 0.00858232 0.00973543 0.0109857 0.0123324 0.0137733 0.0153047 0.0169212 0.0186158 0.02038 0.0222035 0.0240745 0.0259797 0.0279048 0.029834 0.0317509 0.0336382 0.0354783 0.0372533 0.0389457 0.0405381 0.0420137 0.043357 0.0445533 0.0455896 0.0464543 0.0471378 0.0476325 0.0479327 0.048035 0.0479384 0.047644 0.0471551 0.0464773 0.0456183 0.0445878 0.0433972 0.0420597 0.0405897 0.0390029 0.037316 0.0355462 0.0337113 0.0318288 0.0299165 0.0279914 0.0260701 0.0241681 0.0222998 0.0204785 0.0187158 0.0170221 0.0154058 0.0138739 0.0124319 0.0110835 0.00983083 0.00867478 0.00761481 0.00664922 0.00577529 0.0049894 0.00428726 0.00366398 0.00311431 0.00263273 0.00221363 0.00185136 0.00154045 0.00127559 0.00105179 0.00086439 0.000709153 0.000582274 0.000480417 0.000400738 0.000340896 0.000299058 0.000273947 
0.000324059 0.0003319 0.000358948 0.000406164 0.00047508 0.000567849 0.000687238 0.000836619 0.00101995 0.00124175 0.00150706 0.00182142 0.00219076 0.00262135 0.00311972 0.00369251 0.00434634 0.0050877 0.00592275 0.00685713 0.00789584 0.00904298 0.0103016 0.0116735 0.0131591 0.0147571 0.0164648 0.0182775 0.0201885 0.0221895 0.0242701 0.026418 0.0286194 0.0308587 0.0331188 0.0353814 0.0376273 0.0398365 0.0419885 0.0440627 0.0460386 0.0478964 0.0496168 0.0511819 0.052575 0.053781 0.0547869 0.0555816 0.0561563 0.0565048 0.0566231 0.05651 0.0561668 0.0555973 0.0548079 0.0538074 0.0526069 0.0512193 0.0496598 0.047945 0.0460929 0.0441226 0.0420541 0.0399076 0.0377037 0.0354629 0.0332051 0.0309494 0.0287142 0.0265163 0.0243713 0.022293 0.0202937 0.0183836 0.0165712 0.014863 0.0132637 0.0117762 0.0104017 0.00913989 0.00798899 0.00694602 0.00600696 0.00516691 0.00442029 0.00376103 0.00318274 0.00267885 0.00224278 0.00186808 0.00154853 0.0012782 0.00105161 0.000863725 0.000710018 0.000586526 0.00048986 0.000417228 0.000366443 0.000335981 
0.000396416 0.000406019 0.000438917 0.000496259 0.000579876 0.000692335 0.000836931 0.00101767 0.00123927 0.00150706 0.00182703 0.0022057 0.00265007 0.0031675 0.00376561 0.00445217 0.00523486 0.00612119 0.00711822 0.00823241 0.00946937 0.0108337 0.0123286 0.013956 0.0157159 0.0176067 0.0196246 0.0217638 0.0240163 0.026372 0.0288184 0.0313411 0.0339236 0.0365476 0.0391931 0.0418389 0.0444625 0.0470406 0.0495498 0.0519661 0.0542662 0.0564271 0.0584268 0.0602448 0.061862 0.0632614 0.0644279 0.0653491 0.0660149 0.0664182 0.0665546 0.0664227 0.0660239 0.0653627 0.0644462 0.0632846 0.0618902 0.0602782 0.0584655 0.0564713 0.054316 0.0520217 0.0496112 0.0471079 0.0445356 0.0419177 0.0392775 0.0366372 0.034018 0.03144 0.0289211 0.026478 0.0241249 0.0218742 0.0197361 0.0177185 0.0158272 0.0140659 0.0124364 0.0109387 0.00957086 0.00832978 0.00721095 0.00620883 0.00531708 0.0045287 0.00383629 0.00323224 0.00270888 0.00225864 0.00187423 0.00154869 0.00127553 0.0010488 0.000863152 0.000713879 0.000596958 0.000509068 0.000447607 0.000410762 
0.00048288 0.000494584 0.000534425 0.00060377 0.000704794 0.000840547 0.00101494 0.00123271 0.00149943 0.00182142 0.0022057 0.00265996 0.00319238 0.00381158 0.00452645 0.00534598 0.00627908 0.00733437 0.00851992 0.00984306 0.0113101 0.012926 0.0146944 0.0166169 0.0186933 0.0209212 0.0232959 0.0258101 0.0284542 0.031216 0.0340807 0.0370312 0.0400482 0.0431102 0.046194 0.0492748 0.0523267 0.0553229 0.0582361 0.0610392 0.0637052 0.066208 0.0685226 0.0706254 0.0724948 0.0741116 0.0754587 0.0765219 0.07729 0.0777549 0.0779115 0.0777584 0.0772972 0.0765328 0.0754734 0.0741305 0.0725181 0.0706532 0.0685553 0.066246 0.0637488 0.0610886 0.0582915 0.0553844 0.0523945 0.0493489 0.0462744 0.0431967 0.0401405 0.0371289 0.0341833 0.031323 0.0285649 0.0259237 0.0234116 0.0210381 0.0188106 0.0167336 0.0148097 0.013039 0.01142 0.00994911 0.00862147 0.00743085 0.00637004 0.00543104 0.00460535 0.00388416 0.00325857 0.00271977 0.00225921 0.00186876 0.0015408 0.00126831 0.001045 0.000865303 0.00072446 0.000618541 0.000544463 0.000500077 
0.000585358 0.000599547 0.000647557 0.000731007 0.000852469 0.00101555 0.00122485 0.00148598 0.00180547 0.00219076 0.00265007 0.00319238 0.00382725 0.00456469 0.00541502 0.00638861 0.0074957 0.00874615 0.0101491 0.0117129 0.0134445 0.0153493 0.017431 0.0196913 0.0221293 0.0247418 0.0275228 0.0304636 0.0335523 0.0367745 0.0401127 0.0435467 0.0470541 0.0506096 0.0541866 0.0577562 0.0612888 0.0647534 0.0681191 0.0713546 0.0744293 0.0773135 0.0799789 0.0823989 0.0845491 0.0864076 0.0879553 0.0891763 0.090058 0.0905911 0.0907702 0.0905935 0.0900628 0.0891838 0.0879656 0.086421 0.084566 0.0824197 0.080004 0.0773434 0.0744644 0.0713954 0.068166 0.0648068 0.0613488 0.0578232 0.0542605 0.0506906 0.0471418 0.043641 0.0402131 0.0368805 0.0336633 0.0305787 0.0276413 0.0248627 0.0222516 0.019814 0.0175532 0.0154699 0.0135625 0.0118276 0.0102596 0.00885169 0.00759572 0.00648261 0.00550262 0.00464563 0.00390136 0.0032596 0.00271042 0.00224434 0.00185243 0.00152651 0.00125916 0.00104386 0.000875004 0.000747961 0.000659098 0.000605879 
0.0007059 0.000723006 0.000780555 0.000880451 0.00102572 0.00122061 0.00147051 0.001782 0.00216272 0.00262135 0.0031675 0.00381158 0.00456469 0.00543842 0.00644464 0.00759526 0.00890198 0.010376 0.0120277 0.0138663 0.0158994 0.0181331 0.020571 0.0232145 0.0260621 0.0291096 0.0323494 0.0357708 0.0393598 0.0430992 0.0469685 0.050944 0.0549995 0.0591061 0.0632327 0.0673465 0.0714132 0.0753977 0.0792648 0.0829789 0.0865055 0.0898111 0.0928636 0.0956332 0.0980925 0.100217 0.101985 0.10338 0.104386 0.104994 0.105198 0.104995 0.104388 0.103383 0.10199 0.100224 0.0981015 0.0956451 0.092879 0.0898307 0.0865299 0.0830087 0.0793006 0.0754402 0.0714627 0.0674035 0.0632975 0.0591788 0.0550801 0.0510323 0.0470642 0.043202 0.039469 0.0358855 0.0324689 0.0292329 0.0261881 0.0233421 0.0206992 0.0182606 0.0160252 0.0139893 0.0121469 0.0104906 0.00901122 0.00769846 0.00654128 0.00552813 0.00464718 0.0038867 0.00323519 0.00268166 0.00221574 0.00182789 0.00150946 0.00125282 0.00105141 0.000899811 0.000793755 0.000730268 
0.000846681 0.000867185 0.000935788 0.00105472 0.00122753 0.00145916 0.00175593 0.00212549 0.00257672 0.00311972 0.00376561 0.00452645 0.00541502 0.00644464 0.0076289 0.00898141 0.0105154 0.0122436 0.0141776 0.0163275 0.0187019 0.0213069 0.0241463 0.0272211 0.030529 0.0340643 0.0378177 0.0417765 0.0459238 0.0502393 0.0546991 0.0592757 0.0639388 0.068655 0.0733887 0.0781025 0.0827575 0.0873137 0.0917313 0.0959703 0.0999918 0.103758 0.107234 0.110385 0.113181 0.115596 0.117605 0.119188 0.12033 0.12102 0.12125 0.121019 0.120328 0.119186 0.117603 0.115594 0.113181 0.110386 0.107237 0.103765 0.100003 0.0959865 0.0917533 0.0873424 0.0827934 0.0781465 0.0734412 0.0687162 0.064009 0.059355 0.0547872 0.050336 0.0460285 0.0418884 0.0379361 0.034188 0.030657 0.0273522 0.0242792 0.0214403 0.0188346 0.0164583 0.0143053 0.0123671 0.0106339 0.00909391 0.00773481 0.00654341 0.00550626 0.00460989 0.0038411 0.0031872 0.00263624 0.00217714 0.00179989 0.0014956 0.00125665 0.00107671 0.000950804 0.000875468 
0.00100997 0.0010344 0.00111573 0.00125654 0.00146097 0.00173476 0.00208525 0.00252128 0.00305315 0.00369251 0.00445217 0.00534598 0.00638861 0.00759526 0.00898141 0.0105625 0.0123534 0.0143684 0.0166204 0.0191205 0.0218779 0.0248991 0.0281879 0.0317443 0.0355653 0.0396434 0.0439675 0.048522 0.0532872 0.0582393 0.0633503 0.0685886 0.0739193 0.0793043 0.084703 0.0900728 0.0953698 0.100549 0.105566 0.110375 0.114934 0.1192 0.123133 0.126697 0.129858 0.132585 0.134853 0.13664 0.137928 0.138705 0.138964 0.138702 0.137922 0.136632 0.134843 0.132574 0.129846 0.126685 0.123123 0.119192 0.114929 0.110375 0.105571 0.100561 0.095389 0.0901004 0.0847397 0.0793507 0.0739759 0.0686555 0.0634276 0.0583267 0.0533844 0.0486283 0.0440821 0.0397652 0.0356931 0.0318769 0.0283239 0.0250371 0.0220164 0.0192582 0.0167558 0.0145004 0.0124808 0.0106842 0.00909664 0.00770328 0.00648886 0.00543806 0.0045358 0.00376755 0.00311956 0.00257909 0.00213457 0.00177575 0.00149379 0.00128137 0.00113271 0.0010438 
0.00119809 0.00122703 0.0013229 0.00148869 0.00172918 0.00205101 0.00246263 0.00297425 0.0035977 0.00434634 0.00523486 0.00627908 0.0074957 0.00890198 0.0105154 0.0123534 0.0144327 0.0167691 0.0193767 0.0222678 0.0254521 0.0289364 0.0327241 0.0368145 0.0412032 0.0458809 0.050834 0.056044 0.0614877 0.0671375 0.0729609 0.0789219 0.0849802 0.0910928 0.0972136 0.103295 0.109286 0.115139 0.120802 0.126225 0.131362 0.136164 0.140588 0.144594 0.148145 0.151207 0.153752 0.155756 0.1572 0.158071 0.15836 0.158066 0.15719 0.155741 0.153733 0.151185 0.148121 0.144569 0.140562 0.136139 0.131338 0.126206 0.120787 0.11513 0.109285 0.103302 0.0972309 0.0911207 0.0850194 0.0789728 0.0730238 0.0672122 0.0615741 0.0561414 0.0509417 0.045998 0.0413283 0.0369464 0.0328612 0.0290773 0.025595 0.0224112 0.019519 0.0169088 0.0145686 0.0124841 0.0106399 0.00901928 0.00760511 0.00638003 0.00532694 0.00442927 0.00367134 0.00303856 0.00251765 0.00209684 0.00176596 0.00151656 0.001342 0.00123763 
0.00141338 0.00144747 0.00155984 0.00175395 0.00203529 0.00241149 0.00289223 0.0034892 0.00421595 0.0050877 0.00612119 0.00733437 0.00874615 0.010376 0.0122436 0.0143684 0.0167691 0.0194629 0.0224655 0.0257901 0.0294469 0.0334427 0.0377804 0.0424585 0.0474707 0.0528056 0.0584469 0.0643727 0.0705559 0.0769644 0.0835613 0.090305 0.0971501 0.104048 0.110946 0.117792 0.124529 0.131103 0.137457 0.143536 0.149288 0.154661 0.159608 0.164083 0.168047 0.171464 0.174302 0.176536 0.178145 0.179114 0.179436 0.179107 0.17813 0.176514 0.174273 0.17143 0.168009 0.164041 0.159564 0.154616 0.149244 0.143495 0.137419 0.131071 0.124505 0.117776 0.110941 0.104054 0.0971681 0.090336 0.0836058 0.0770227 0.0706278 0.0644578 0.0585446 0.0529149 0.0475903 0.0425871 0.0379164 0.0335844 0.0295925 0.0259378 0.0226135 0.0196095 0.0169127 0.0145076 0.012377 0.0105024 0.00886471 0.00744429 0.00622189 0.00517877 0.0042971 0.0035603 0.00295323 0.00246243 0.00207626 0.00178506 0.0015812 0.00145935 
0.00165814 0.00169806 0.00182904 0.00205505 0.00238235 0.00281966 0.00337803 0.00407076 0.00491324 0.00592275 0.00711822 0.00851992 0.0101491 0.0120277 0.0141776 0.0166204 0.0193767 0.0224655 0.0259038 0.0297056 0.0338816 0.0384384 0.0433783 0.0486983 0.0543904 0.0604406 0.0668292 0.0735307 0.0805137 0.0877412 0.0951711 0.102756 0.110445 0.118183 0.125913 0.133574 0.141104 0.148444 0.15553 0.162304 0.168706 0.174681 0.180178 0.185147 0.189545 0.193334 0.19648 0.198954 0.200736 0.201809 0.202164 0.201799 0.200715 0.198924 0.196441 0.193287 0.189491 0.185087 0.180114 0.174615 0.168639 0.162238 0.155467 0.148386 0.141053 0.133531 0.125881 0.118163 0.110438 0.102763 0.0951934 0.0877791 0.0805673 0.0735998 0.0669132 0.0605387 0.0545014 0.0488208 0.0435105 0.0385786 0.0340278 0.0298558 0.026056 0.0226178 0.0195272 0.0167673 0.0143194 0.012163 0.0102767 0.00863881 0.00722764 0.00602211 0.00500211 0.00414888 0.00344526 0.00287595 0.00242772 0.00208956 0.00185278 0.00171131 
0.0019346 0.00198106 0.00213289 0.00239458 0.00277326 0.00327882 0.00392378 0.00472321 0.0056945 0.00685713 0.00823241 0.00984306 0.0117129 0.0138663 0.0163275 0.0191205 0.0222678 0.0257901 0.0297056 0.0340291 0.0387716 0.0439395 0.0495339 0.0555504 0.0619785 0.0688014 0.0759958 0.0835318 0.0913733 0.0994782 0.107798 0.116281 0.124868 0.133499 0.142109 0.150631 0.158999 0.167145 0.175002 0.182503 0.189586 0.196191 0.202262 0.207746 0.212596 0.216772 0.220237 0.222961 0.224922 0.226103 0.226493 0.22609 0.224896 0.222923 0.220187 0.216711 0.212526 0.207667 0.202177 0.196102 0.189494 0.18241 0.17491 0.167058 0.158918 0.150558 0.142046 0.133449 0.124832 0.11626 0.107794 0.0994916 0.0914046 0.0835809 0.0760624 0.0688847 0.0620775 0.0556635 0.0496595 0.0440756 0.0389162 0.0341799 0.0298603 0.0259466 0.022424 0.0192743 0.0164771 0.0140099 0.0118492 0.00997077 0.00835052 0.00696485 0.00579123 0.00480854 0.00399743 0.00334064 0.0028232 0.00243265 0.00215913 0.00199576 
0.0022448 0.00229858 0.0024736 0.00277495 0.00321068 0.00379194 0.00453288 0.00545043 0.00656413 0.00789584 0.00946937 0.0113101 0.0134445 0.0158994 0.0187019 0.0218779 0.0254521 0.0294469 0.0338816 0.0387716 0.0441282 0.0499569 0.0562579 0.0630246 0.0702438 0.0778955 0.0859522 0.0943794 0.103136 0.112173 0.121438 0.13087 0.140406 0.149976 0.159512 0.168938 0.178182 0.18717 0.195829 0.204088 0.211878 0.219135 0.225799 0.231815 0.237132 0.241706 0.245499 0.248481 0.250625 0.251916 0.252342 0.2519 0.250593 0.248433 0.245437 0.24163 0.237044 0.231716 0.225692 0.219021 0.211759 0.203966 0.195707 0.187051 0.178069 0.168832 0.159416 0.149893 0.140337 0.130818 0.121404 0.112158 0.103141 0.0944046 0.0859975 0.0779603 0.0703271 0.0631249 0.0563736 0.0500861 0.0442684 0.0389207 0.0340369 0.029606 0.0256126 0.0220375 0.0188583 0.0160508 0.013589 0.0114463 0.00959603 0.00801189 0.00666877 0.00554305 0.00461308 0.00385945 0.00326534 0.0028167 0.00250245 0.0023148 
0.0025906 0.0026525 0.00285314 0.00319827 0.00369693 0.00436163 0.00520823 0.00625567 0.00752581 0.00904298 0.0108337 0.012926 0.0153493 0.0181331 0.0213069 0.0248991 0.0289364 0.0334427 0.0384384 0.0439395 0.0499569 0.0564956 0.0635539 0.071123 0.0791867 0.087721 0.096694 0.106066 0.11579 0.125811 0.13607 0.1465 0.157029 0.167582 0.178082 0.188449 0.198602 0.208462 0.217949 0.226988 0.235506 0.243433 0.250705 0.257264 0.263057 0.268038 0.272166 0.275409 0.277741 0.279144 0.279606 0.279125 0.277703 0.275353 0.272092 0.267947 0.262952 0.257145 0.250574 0.243293 0.235358 0.226836 0.217796 0.208309 0.198453 0.188307 0.17795 0.167462 0.156924 0.146412 0.136002 0.125764 0.115765 0.106063 0.096714 0.0877634 0.0792507 0.0712072 0.0636566 0.0566147 0.0500902 0.0440843 0.0385921 0.0336026 0.0290997 0.0250632 0.0214692 0.0182914 0.0155015 0.0130704 0.0109686 0.0091672 0.00763829 0.00635562 0.00529505 0.00443492 0.00375642 0.00324381 0.00288467 0.00267028 
0.00297354 0.00304439 0.00327317 0.00366632 0.00423393 0.00498998 0.00595214 0.0071415 0.00858232 0.0103016 0.0123286 0.0146944 0.017431 0.020571 0.0241463 0.0281879 0.0327241 0.0377804 0.0433783 0.0495339 0.0562579 0.0635539 0.0714184 0.0798399 0.0887986 0.0982661 0.108206 0.118572 0.129312 0.140364 0.151661 0.16313 0.174692 0.186264 0.197761 0.209098 0.220187 0.230941 0.241277 0.251113 0.260371 0.268979 0.276869 0.283979 0.290254 0.295645 0.300111 0.303617 0.306138 0.307653 0.308152 0.307631 0.306094 0.303552 0.300025 0.29554 0.290131 0.28384 0.276715 0.268813 0.260196 0.25093 0.24109 0.230753 0.220001 0.208918 0.197591 0.186105 0.174548 0.163004 0.151556 0.140281 0.129252 0.118538 0.108197 0.0982824 0.0888395 0.0799042 0.0715046 0.0636599 0.0563812 0.0496719 0.043528 0.0379389 0.0328883 0.0283548 0.0243133 0.0207352 0.0175902 0.0148463 0.0124714 0.0104337 0.00870251 0.00724871 0.00604559 0.0050691 0.00429831 0.00371571 0.00330744 0.00306379 
0.00339483 0.00347547 0.00373494 0.0041804 0.00482308 0.00567849 0.0067662 0.00810958 0.00973543 0.0116735 0.013956 0.0166169 0.0196913 0.0232145 0.0272211 0.0317443 0.0368145 0.0424585 0.0486983 0.0555504 0.0630246 0.071123 0.0798399 0.0891605 0.0990611 0.109509 0.120461 0.131866 0.143664 0.155788 0.168162 0.180705 0.193332 0.205951 0.218473 0.230801 0.242844 0.254509 0.265706 0.276348 0.286355 0.295649 0.304159 0.311822 0.318579 0.32438 0.329183 0.332953 0.335661 0.337289 0.337824 0.337264 0.335611 0.332879 0.329086 0.324261 0.318439 0.311662 0.303983 0.295457 0.286151 0.276134 0.265485 0.254285 0.242621 0.230582 0.218261 0.205751 0.193146 0.180538 0.168016 0.155665 0.143567 0.131796 0.120419 0.109495 0.0990753 0.0892015 0.0799062 0.0712126 0.063135 0.0556788 0.0488416 0.0426134 0.0369778 0.0319126 0.0273913 0.0233835 0.0198564 0.0167756 0.0141062 0.0118132 0.00986309 0.00822392 0.00686621 0.00576341 0.00489236 0.00423368 0.00377199 0.00349652 
0.00385523 0.00394651 0.00423924 0.00474132 0.00546517 0.00642792 0.00765116 0.00916061 0.0109857 0.0131591 0.0157159 0.0186933 0.0221293 0.0260621 0.030529 0.0355653 0.0412032 0.0474707 0.0543904 0.0619785 0.0702438 0.0791867 0.0887986 0.0990611 0.109946 0.121415 0.13342 0.145903 0.158796 0.172025 0.185507 0.199153 0.212869 0.226558 0.24012 0.253455 0.266463 0.279046 0.291108 0.30256 0.313315 0.323294 0.332422 0.340633 0.347868 0.354075 0.359211 0.363239 0.366133 0.367871 0.368443 0.367844 0.366078 0.363158 0.359103 0.353942 0.347711 0.340454 0.332223 0.323077 0.313083 0.302315 0.290854 0.278786 0.266201 0.253196 0.239867 0.226315 0.212641 0.198943 0.185318 0.171861 0.158659 0.145795 0.133342 0.121368 0.10993 0.0990753 0.0888417 0.0792567 0.0703383 0.0620945 0.0545246 0.0476197 0.0413634 0.0357331 0.0307009 0.0262347 0.0222994 0.0188581 0.0158728 0.0133059 0.0111205 0.00928185 0.00775759 0.00651858 0.00553933 0.00479848 0.00427908 0.00396925 
0.00435503 0.0044578 0.00478631 0.00534927 0.00616032 0.00723828 0.00860683 0.0102941 0.0123324 0.0147571 0.0176067 0.0209212 0.0247418 0.0291096 0.0340643 0.0396434 0.0458809 0.0528056 0.0604406 0.0688014 0.0778955 0.087721 0.0982661 0.109509 0.121415 0.133942 0.147034 0.160626 0.174645 0.189006 0.203619 0.218387 0.233209 0.24798 0.262592 0.276939 0.290914 0.304415 0.31734 0.329596 0.341092 0.351746 0.361483 0.370233 0.377936 0.384541 0.390002 0.394283 0.397357 0.399204 0.39981 0.399174 0.397298 0.394195 0.389885 0.384396 0.377765 0.370037 0.361263 0.351506 0.340833 0.329321 0.317054 0.30412 0.290615 0.27664 0.262297 0.247694 0.232936 0.218132 0.203385 0.188797 0.174464 0.160477 0.146917 0.133858 0.121366 0.109493 0.0982828 0.0877683 0.0779709 0.0689021 0.0605631 0.0529463 0.0460359 0.0398089 0.0342362 0.0292843 0.0249157 0.0210911 0.0177696 0.0149105 0.0124739 0.010422 0.00871948 0.00733453 0.00623927 0.00541027 0.00482894 0.00448222 
0.00489395 0.00500903 0.00537579 0.00600375 0.00690785 0.00810865 0.00963198 0.0115085 0.0137733 0.0164648 0.0196246 0.0232959 0.0275228 0.0323494 0.0378177 0.0439675 0.050834 0.0584469 0.0668292 0.0759958 0.0859522 0.096694 0.108206 0.120461 0.13342 0.147034 0.16124 0.175967 0.191132 0.206644 0.222404 0.238306 0.254242 0.270098 0.285761 0.301117 0.316054 0.330463 0.34424 0.357286 0.36951 0.380824 0.391154 0.400428 0.408586 0.415574 0.421349 0.425875 0.429122 0.431072 0.431713 0.431041 0.429059 0.42578 0.421224 0.415419 0.408402 0.400216 0.390916 0.380563 0.369226 0.356984 0.343923 0.330135 0.315718 0.300779 0.285425 0.269769 0.253924 0.238005 0.222124 0.20639 0.190907 0.175774 0.161082 0.146911 0.133334 0.120412 0.108193 0.0967155 0.0860057 0.0760784 0.0669375 0.0585769 0.0509817 0.0441287 0.0379881 0.0325247 0.0276994 0.0234698 0.0197927 0.016624 0.013921 0.0116426 0.00975057 0.00821032 0.00699148 0.00606853 0.00542116 0.00503513 
0.00547108 0.00559928 0.00600664 0.00670356 0.00770629 0.00903717 0.0107243 0.0128008 0.0153047 0.0182775 0.0217638 0.0258101 0.0304636 0.0357708 0.0417765 0.048522 0.056044 0.0643727 0.0735307 0.0835318 0.0943794 0.106066 0.118572 0.131866 0.145903 0.160626 0.175967 0.191846 0.208171 0.224844 0.241757 0.258796 0.275844 0.292781 0.309487 0.32584 0.341724 0.357024 0.371634 0.38545 0.398379 0.410333 0.421234 0.431011 0.439604 0.44696 0.453035 0.457792 0.461205 0.463254 0.463927 0.463221 0.461139 0.457693 0.452903 0.446797 0.43941 0.430787 0.42098 0.410053 0.398074 0.385124 0.371289 0.356665 0.341353 0.325464 0.30911 0.292409 0.275482 0.258449 0.24143 0.224542 0.207899 0.191607 0.175765 0.160462 0.145778 0.131781 0.118527 0.106059 0.0944083 0.0835937 0.0736221 0.0644896 0.0561822 0.0486769 0.0419434 0.0359453 0.0306414 0.025987 0.0219361 0.0184418 0.015458 0.0129406 0.0108484 0.009144 0.00779443 0.00677201 0.00605471 0.00562705 
0.00608489 0.00622695 0.00667713 0.0074467 0.00855325 0.010021 0.0118801 0.0141666 0.0169212 0.0201885 0.0240163 0.0284542 0.0335523 0.0393598 0.0459238 0.0532872 0.0614877 0.0705559 0.0805137 0.0913733 0.103136 0.11579 0.129312 0.143664 0.158796 0.174645 0.191132 0.208171 0.225662 0.243497 0.261561 0.279731 0.297882 0.315886 0.333617 0.350947 0.367755 0.383922 0.399338 0.413897 0.427503 0.440068 0.451514 0.461769 0.470774 0.478476 0.484833 0.489808 0.493376 0.495518 0.496222 0.495484 0.493308 0.489706 0.484697 0.478307 0.470572 0.461534 0.451248 0.439773 0.42718 0.413549 0.398968 0.383534 0.367353 0.350536 0.333202 0.315473 0.297476 0.279338 0.261187 0.243149 0.225343 0.207886 0.190884 0.174437 0.158631 0.143541 0.129232 0.115752 0.103137 0.0914121 0.0805859 0.0706575 0.0616143 0.0534339 0.0460857 0.039532 0.03373 0.028633 0.0241919 0.0203571 0.0170795 0.0143117 0.0120095 0.0101327 0.00864568 0.00751867 0.00672781 0.00625636 
0.00673313 0.00688975 0.00738476 0.00823034 0.00944544 0.0110561 0.0130948 0.0156002 0.0186158 0.0221895 0.026372 0.031216 0.0367745 0.0430992 0.0502393 0.0582393 0.0671375 0.0769644 0.0877412 0.0994782 0.112173 0.125811 0.140364 0.155788 0.172025 0.189006 0.206644 0.224844 0.243497 0.262488 0.281691 0.300976 0.320211 0.339261 0.357991 0.376271 0.393972 0.410974 0.427161 0.442429 0.456678 0.469821 0.481779 0.492483 0.501873 0.509898 0.516516 0.521693 0.525405 0.527632 0.528364 0.527597 0.525336 0.52159 0.516378 0.509725 0.501666 0.492242 0.481504 0.469514 0.45634 0.442063 0.42677 0.41056 0.393541 0.375827 0.357541 0.338809 0.319764 0.30054 0.281272 0.262092 0.243131 0.224511 0.20635 0.188753 0.171817 0.155625 0.140247 0.12574 0.112146 0.0994915 0.0877921 0.0770486 0.0672504 0.0583758 0.0503944 0.0432675 0.0369508 0.0313954 0.0265499 0.0223616 0.0187784 0.01575 0.013229 0.0111723 0.00954192 0.00830566 0.00743795 0.00692075 
0.00741285 0.00758463 0.00812627 0.00905081 0.0103786 0.0121375 0.0143624 0.0170944 0.02038 0.0242701 0.0288184 0.0340807 0.0401127 0.0469685 0.0546991 0.0633503 0.0729609 0.0835613 0.0951711 0.107798 0.121438 0.13607 0.151661 0.168162 0.185507 0.203619 0.222404 0.241757 0.261561 0.281691 0.302014 0.322391 0.342683 0.362748 0.382444 0.401637 0.420194 0.437991 0.454911 0.470847 0.4857 0.499383 0.511818 0.522936 0.53268 0.541001 0.547858 0.55322 0.557061 0.559366 0.560124 0.559332 0.556993 0.553116 0.54772 0.540827 0.532471 0.522691 0.511538 0.499068 0.485352 0.470467 0.454503 0.437557 0.419739 0.401165 0.381962 0.36226 0.342197 0.321913 0.30155 0.281249 0.261147 0.241377 0.222063 0.203321 0.185255 0.167958 0.151506 0.135964 0.121379 0.107784 0.0951985 0.0836261 0.0730583 0.063475 0.0548457 0.0471313 0.0402862 0.0342596 0.0289976 0.0244448 0.0205462 0.0172483 0.0145009 0.0122579 0.0104789 0.0091293 0.00818184 0.00761718 
0.00812037 0.00830785 0.00889761 0.00990361 0.0113476 0.0132592 0.0156756 0.0186406 0.0222035 0.026418 0.0313411 0.0370312 0.0435467 0.050944 0.0592757 0.0685886 0.0789219 0.090305 0.102756 0.116281 0.13087 0.1465 0.16313 0.180705 0.199153 0.218387 0.238306 0.258796 0.279731 0.300976 0.322391 0.34383 0.365144 0.386185 0.406808 0.426871 0.44624 0.464787 0.482394 0.498953 0.514367 0.528547 0.541419 0.552915 0.562981 0.571568 0.57864 0.584167 0.588125 0.5905 0.591281 0.590467 0.588058 0.584066 0.578505 0.571397 0.562773 0.552671 0.541138 0.52823 0.514013 0.498565 0.481974 0.464337 0.445765 0.426376 0.406297 0.385665 0.364622 0.343313 0.321886 0.300491 0.279271 0.25837 0.237919 0.218044 0.198857 0.180459 0.162936 0.146357 0.130778 0.116238 0.102759 0.0903487 0.0790021 0.0686999 0.0594123 0.0511 0.0437162 0.0372084 0.0315205 0.0265945 0.0223725 0.018798 0.0158179 0.0133834 0.0114513 0.00998504 0.00895542 0.00834187 
0.00885131 0.0090549 0.00969398 0.0107834 0.0123462 0.014414 0.0170262 0.0202289 0.0240745 0.0286194 0.0339236 0.0400482 0.0470541 0.0549995 0.0639388 0.0739193 0.0849802 0.0971501 0.110445 0.124868 0.140406 0.157029 0.174692 0.193332 0.212869 0.233209 0.254242 0.275844 0.297882 0.320211 0.342683 0.365144 0.387438 0.409412 0.430914 0.4518 0.471931 0.491178 0.509423 0.526556 0.542483 0.557116 0.570382 0.582217 0.592569 0.601393 0.608655 0.614327 0.618387 0.620823 0.621625 0.620791 0.618323 0.614229 0.608524 0.601227 0.592367 0.581978 0.570104 0.556799 0.542128 0.526164 0.508995 0.490717 0.47144 0.451284 0.430379 0.408864 0.386884 0.364591 0.342139 0.319684 0.297379 0.275373 0.253809 0.23282 0.212529 0.193043 0.174457 0.156849 0.14028 0.124795 0.110421 0.0971713 0.0850418 0.0740157 0.064064 0.0551474 0.0472183 0.0402226 0.0341023 0.0287968 0.0242455 0.0203892 0.0171717 0.0145416 0.0124531 0.0108675 0.0097539 0.00909033 
0.00960061 0.00982063 0.0105099 0.011684 0.0133676 0.0155939 0.0184045 0.0218481 0.0259797 0.0308587 0.0365476 0.0431102 0.0506096 0.0591061 0.068655 0.0793043 0.0910928 0.104048 0.118183 0.133499 0.149976 0.167582 0.186264 0.205951 0.226558 0.24798 0.270098 0.292781 0.315886 0.339261 0.362748 0.386185 0.409412 0.432268 0.454598 0.476253 0.497092 0.516986 0.535815 0.553472 0.569861 0.584899 0.598516 0.610651 0.621253 0.630283 0.637708 0.643504 0.647652 0.65014 0.65096 0.65011 0.647592 0.643413 0.637584 0.630125 0.621059 0.610419 0.598246 0.584589 0.56951 0.55308 0.535385 0.516519 0.496591 0.475723 0.454044 0.431696 0.40883 0.3856 0.362168 0.338695 0.315342 0.292267 0.269621 0.247547 0.226174 0.205621 0.185989 0.167365 0.149816 0.133394 0.118132 0.104045 0.0911344 0.0793845 0.0687676 0.0592447 0.0507675 0.0432808 0.0367246 0.0310361 0.0261521 0.0220106 0.0185528 0.0157244 0.0134773 0.0117707 0.0105717 0.00985738 
0.0103626 0.0105992 0.011339 0.0125987 0.0144039 0.0167898 0.0198001 0.0234859 0.0279048 0.0331188 0.0391931 0.046194 0.0541866 0.0632327 0.0733887 0.084703 0.0972136 0.110946 0.125913 0.142109 0.159512 0.178082 0.197761 0.218473 0.24012 0.262592 0.285761 0.309487 0.333617 0.357991 0.382444 0.406808 0.430914 0.454598 0.477699 0.500067 0.521558 0.542042 0.5614 0.579527 0.596328 0.611724 0.625647 0.63804 0.648857 0.658061 0.665624 0.671524 0.675745 0.678276 0.679112 0.678249 0.67569 0.67144 0.665509 0.657914 0.648674 0.63782 0.625388 0.611424 0.595985 0.579141 0.560973 0.541574 0.521052 0.499527 0.477131 0.454007 0.430308 0.406195 0.381832 0.357389 0.333034 0.308932 0.285242 0.262116 0.239694 0.2181 0.197447 0.177827 0.159316 0.141972 0.125833 0.110919 0.0972344 0.084766 0.0734877 0.0633609 0.054337 0.0463598 0.0393676 0.0332955 0.0280778 0.0236501 0.0199506 0.0169228 0.0145161 0.0126875 0.0114027 0.0106372 
0.0111309 0.0113842 0.0121747 0.0135199 0.0154467 0.017992 0.0212016 0.0251289 0.029834 0.0353814 0.0418389 0.0492748 0.0577562 0.0673465 0.0781025 0.0900728 0.103295 0.117792 0.133574 0.150631 0.168938 0.188449 0.209098 0.230801 0.253455 0.276939 0.301117 0.32584 0.350947 0.376271 0.401637 0.426871 0.4518 0.476253 0.500067 0.523088 0.545172 0.566189 0.58602 0.604562 0.621725 0.63743 0.651615 0.664226 0.675223 0.684571 0.692246 0.69823 0.702509 0.705075 0.705923 0.705051 0.70246 0.698155 0.692142 0.684436 0.675054 0.664022 0.651371 0.637144 0.621394 0.604187 0.5856 0.565724 0.544665 0.522543 0.499488 0.475647 0.451174 0.426234 0.400996 0.375636 0.350329 0.325247 0.300558 0.276422 0.252987 0.230388 0.208744 0.188156 0.168708 0.150463 0.133465 0.11774 0.103294 0.090118 0.0781871 0.0674635 0.0578985 0.049435 0.04201 0.0355567 0.0300071 0.0252941 0.0213539 0.0181271 0.015561 0.0136107 0.0122399 0.0114233 
0.0118989 0.0121687 0.0130095 0.0144394 0.0164868 0.0191901 0.0225969 0.0267631 0.0317509 0.0376273 0.0444625 0.0523267 0.0612888 0.0714132 0.0827575 0.0953698 0.109286 0.124529 0.141104 0.158999 0.178182 0.198602 0.220187 0.242844 0.266463 0.290914 0.316054 0.341724 0.367755 0.393972 0.420194 0.44624 0.471931 0.497092 0.521558 0.545172 0.56779 0.589282 0.609531 0.628436 0.645909 0.661877 0.676281 0.689072 0.700213 0.709675 0.717438 0.723487 0.727811 0.730404 0.731262 0.730384 0.727769 0.723422 0.717348 0.709556 0.700062 0.688885 0.676054 0.661608 0.645595 0.628075 0.609122 0.588825 0.567288 0.544627 0.520974 0.496476 0.47129 0.445583 0.419529 0.393309 0.367105 0.341096 0.315458 0.290359 0.265956 0.242392 0.219795 0.198273 0.177918 0.1588 0.140968 0.124452 0.109264 0.0953966 0.082827 0.0715184 0.0614222 0.0524807 0.0446296 0.0378005 0.0319233 0.0269288 0.0227505 0.0193268 0.016603 0.0145319 0.0130761 0.0122089 
0.0126593 0.0129454 0.0138356 0.0153489 0.0175147 0.0203729 0.0239733 0.0283735 0.0336382 0.0398365 0.0470406 0.0553229 0.0647534 0.0753977 0.0873137 0.100549 0.115139 0.131103 0.148444 0.167145 0.18717 0.208462 0.230941 0.254509 0.279046 0.304415 0.330463 0.357024 0.383922 0.410974 0.437991 0.464787 0.491178 0.516986 0.542042 0.566189 0.589282 0.611192 0.631804 0.651019 0.668755 0.684941 0.699523 0.712457 0.723711 0.73326 0.741089 0.747185 0.751541 0.754153 0.755019 0.754137 0.751507 0.747131 0.741013 0.733158 0.723579 0.712291 0.699318 0.684693 0.668461 0.650676 0.63141 0.610747 0.588788 0.565648 0.541458 0.516365 0.490527 0.464114 0.437306 0.410286 0.383244 0.356365 0.329833 0.303824 0.278502 0.25402 0.230513 0.208098 0.186873 0.166914 0.148279 0.131 0.115095 0.100557 0.087368 0.0754908 0.0648775 0.0554701 0.0472033 0.0400071 0.0338095 0.0285393 0.0241277 0.020511 0.0176323 0.0154429 0.0139035 0.0129866 
0.0134047 0.0137067 0.014645 0.0162394 0.0185203 0.0215293 0.0253176 0.0299451 0.0354783 0.0419885 0.0495498 0.0582361 0.0681191 0.0792648 0.0917313 0.105566 0.120802 0.137457 0.15553 0.175002 0.195829 0.217949 0.241277 0.265706 0.291108 0.31734 0.34424 0.371634 0.399338 0.427161 0.454911 0.482394 0.509423 0.535815 0.5614 0.58602 0.609531 0.631804 0.652727 0.672204 0.690156 0.706519 0.721241 0.734285 0.745622 0.755233 0.763106 0.769233 0.77361 0.776234 0.777105 0.776222 0.773584 0.769191 0.763045 0.755149 0.74551 0.73414 0.721059 0.706294 0.689885 0.671882 0.652352 0.631375 0.609049 0.585487 0.560819 0.535192 0.508764 0.481709 0.454209 0.426453 0.398634 0.370946 0.343579 0.316716 0.290531 0.265182 0.240814 0.217552 0.195499 0.174741 0.155338 0.13733 0.120736 0.105556 0.0917702 0.0793454 0.0682335 0.0583762 0.0497075 0.042156 0.0356481 0.0301105 0.0254725 0.0216684 0.0186392 0.0163346 0.014714 0.0137487 
0.0141274 0.0144447 0.0154294 0.0171019 0.0194937 0.0226476 0.0266167 0.0314624 0.0372533 0.0440627 0.0519661 0.0610392 0.0713546 0.0829789 0.0959703 0.110375 0.126225 0.143536 0.162304 0.182503 0.204088 0.226988 0.251113 0.276348 0.30256 0.329596 0.357286 0.38545 0.413897 0.442429 0.470847 0.498953 0.526556 0.553472 0.579527 0.604562 0.628436 0.651019 0.672204 0.691898 0.710025 0.726525 0.741353 0.754476 0.76587 0.775521 0.78342 0.789564 0.793952 0.796582 0.797457 0.796574 0.793934 0.789535 0.783375 0.775456 0.76578 0.754355 0.741196 0.726326 0.709778 0.691599 0.671851 0.650609 0.627968 0.60404 0.578952 0.55285 0.525895 0.498261 0.470132 0.441703 0.413172 0.384738 0.356597 0.328942 0.301951 0.275793 0.250618 0.226559 0.203728 0.182214 0.162085 0.143385 0.126139 0.110347 0.095994 0.0830471 0.0714592 0.061172 0.0521186 0.0442268 0.0374213 0.0316271 0.0267716 0.0227874 0.0196135 0.0171981 0.0154993 0.0144875 
