3.63648e-05 3.73389e-05 4.10489e-05 4.76808e-05 5.75399e-05 7.10637e-05 8.88259e-05 0.000111541 0.000140071 0.000175426 0.00021877 0.000271421 0.000334845 0.000410654 0.00050059 0.00060651 0.000730362 0.000874156 0.00103992 0.00122968 0.00144537 0.00168881 0.00196163 0.00226523 0.00260066 0.00296862 0.00336936 0.00380262 0.00426759 0.00476287 0.00528643 0.0058356 0.00640707 0.00699688 0.0076005 0.0082128 0.00882819 0.00944065 0.0100439 0.0106313 0.0111962 0.0117321 0.0122324 0.0126908 0.0131016 0.0134595 0.0137596 0.0139981 0.0141717 0.014278 0.0143156 0.0142841 0.0141838 0.0140162 0.0137835 0.0134889 0.0131364 0.0127307 0.0122769 0.011781 0.0112491 0.0106876 0.0101033 0.00950259 0.00889217 0.0082783 0.00766702 0.0070639 0.00647408 0.00590212 0.00535199 0.00482703 0.00432995 0.00386282 0.00342709 0.0030236 0.00265267 0.0023141 0.00200725 0.0017311 0.00148431 0.0012653 0.00107227 0.000903338 0.000756504 0.000629764 0.000521127 0.000428659 0.000350512 0.000284945 0.000230348 0.000185245 0.000148312 0.000118371 9.43952e-05 7.55068e-05 6.09714e-05 5.0195e-05 4.27185e-05 3.82226e-05 
3.73389e-05 3.8343e-05 4.21599e-05 4.89809e-05 5.91203e-05 7.30282e-05 9.12946e-05 0.000114655 0.000143994 0.000180353 0.000224926 0.000279069 0.000344289 0.000422241 0.000514714 0.000623615 0.000750944 0.000898761 0.00106915 0.00126418 0.00148583 0.00173598 0.00201629 0.00232816 0.0026727 0.0030506 0.0034621 0.00390692 0.00438424 0.00489259 0.00542989 0.00599339 0.00657968 0.0071847 0.00780378 0.00843168 0.00906266 0.00969057 0.0103089 0.010911 0.0114899 0.012039 0.0125516 0.0130213 0.0134421 0.0138087 0.0141161 0.0143603 0.0145381 0.0146469 0.0146854 0.014653 0.0145502 0.0143785 0.0141401 0.0138383 0.0134771 0.0130614 0.0125964 0.0120882 0.0115431 0.0109677 0.0103687 0.00975294 0.00912712 0.0084977 0.00787085 0.0072523 0.00664731 0.00606056 0.00549612 0.00495744 0.0044473 0.00396784 0.00352054 0.00310629 0.00272541 0.00237771 0.00206256 0.0017789 0.00152537 0.00130036 0.00110203 0.000928429 0.000777532 0.000647275 0.000535617 0.000440574 0.000360247 0.00029285 0.000236727 0.000190364 0.000152399 0.000121621 9.69769e-05 7.75622e-05 6.26226e-05 5.15473e-05 4.38643e-05 3.92452e-05 
4.10489e-05 4.21599e-05 4.63549e-05 5.38429e-05 6.49666e-05 8.02166e-05 0.000100236 0.000125825 0.000157947 0.000197731 0.000246476 0.000305652 0.00037689 0.000461983 0.000562862 0.000681586 0.000820308 0.000981246 0.00116664 0.00137869 0.00161953 0.00189115 0.0021953 0.00253349 0.00290684 0.00331606 0.00376138 0.00424244 0.00475831 0.00530737 0.00588733 0.00649521 0.00712729 0.0077792 0.00844588 0.0091217 0.00980049 0.0104756 0.0111402 0.0117869 0.0124087 0.012998 0.013548 0.0140519 0.0145031 0.014896 0.0152255 0.0154871 0.0156775 0.0157939 0.015835 0.0158001 0.0156898 0.0155055 0.0152497 0.014926 0.0145385 0.0140924 0.0135934 0.0130479 0.0124626 0.0118446 0.011201 0.0105392 0.00986622 0.00918912 0.00851447 0.00784844 0.00719666 0.00656421 0.00595548 0.0053742 0.00482341 0.00430542 0.0038219 0.00337383 0.00296161 0.00258507 0.00224355 0.00193597 0.00166089 0.00141659 0.00120114 0.00101243 0.000848299 0.000706532 0.000584935 0.000481369 0.000393789 0.000320265 0.000259007 0.000208375 0.000166893 0.000133249 0.000106298 8.50579e-05 6.87093e-05 5.65874e-05 4.81789e-05 4.31263e-05 
4.76808e-05 4.89809e-05 5.38429e-05 6.25057e-05 7.53619e-05 9.29718e-05 0.000116069 0.000145567 0.000182561 0.000228336 0.000284367 0.000352317 0.000434035 0.00053154 0.000647013 0.000782765 0.000941211 0.00112483 0.00133612 0.00157752 0.0018514 0.00215994 0.00250507 0.00288839 0.00331112 0.00377397 0.00427711 0.00482008 0.00540174 0.00602021 0.00667286 0.00735626 0.00806622 0.00879778 0.00954528 0.0103024 0.0110622 0.0118174 0.0125602 0.0132826 0.0139766 0.0146341 0.0152474 0.0158088 0.0163115 0.0167489 0.0171155 0.0174066 0.0176181 0.0177475 0.0177929 0.0177537 0.0176306 0.0174252 0.0171401 0.0167793 0.0163474 0.0158501 0.0152936 0.014685 0.0140318 0.0133416 0.0126226 0.0118827 0.0111299 0.010372 0.00961626 0.0088696 0.00813835 0.00742819 0.00674408 0.00609025 0.00547014 0.00488644 0.00434104 0.00383516 0.00336928 0.00294332 0.00255658 0.00220793 0.0018958 0.00161832 0.00137334 0.00115856 0.000971563 0.000809882 0.000671064 0.000552715 0.000452534 0.00036835 0.000298144 0.000240064 0.000192437 0.000153777 0.000122785 9.83431e-05 7.95199e-05 6.55584e-05 5.58737e-05 5.00585e-05 
5.75399e-05 5.91203e-05 6.49666e-05 7.53619e-05 9.07704e-05 0.000111855 0.00013948 0.000174722 0.000218869 0.000273431 0.000340136 0.000420928 0.000517965 0.0006336 0.000770362 0.000930929 0.00111809 0.00133469 0.00158359 0.0018676 0.00218938 0.00255139 0.00295579 0.00340436 0.00389838 0.0044386 0.00502509 0.0056572 0.00633352 0.00705176 0.00780879 0.00860058 0.0094222 0.0102679 0.0111311 0.0120046 0.0128803 0.0137498 0.0146044 0.0154348 0.0162319 0.0169865 0.0176899 0.0183334 0.0189092 0.0194101 0.0198296 0.0201625 0.0204043 0.0205519 0.0206034 0.0205582 0.0204169 0.0201813 0.0198546 0.019441 0.0189458 0.0183755 0.0177371 0.0170386 0.0162885 0.0154954 0.0146687 0.0138174 0.0129505 0.012077 0.0112052 0.0103431 0.00949797 0.00867638 0.00788411 0.00712609 0.00640636 0.00572812 0.00509365 0.00450445 0.0039612 0.00346388 0.00301182 0.00260376 0.00223799 0.00191242 0.00162463 0.00137199 0.00115176 0.000961106 0.000797209 0.000657306 0.000538737 0.000438981 0.000355689 0.000286705 0.000230075 0.000184059 0.000147133 0.000117988 9.55262e-05 7.88585e-05 6.72958e-05 6.03585e-05 
7.10637e-05 7.30282e-05 8.02166e-05 9.29718e-05 0.000111855 0.000137664 0.000171442 0.000214483 0.000268334 0.000334803 0.000415956 0.000514116 0.000631849 0.000771948 0.000937408 0.00113139 0.00135717 0.00161809 0.00191748 0.0022586 0.00264453 0.00307808 0.0035617 0.00409736 0.00468647 0.00532976 0.00602717 0.00677782 0.00757987 0.00843051 0.00932593 0.0102613 0.0112307 0.0122273 0.0132434 0.0142704 0.015299 0.0163193 0.017321 0.0182935 0.0192263 0.0201087 0.0209304 0.0216818 0.0223537 0.0229377 0.0234267 0.0238143 0.0240958 0.0242674 0.024327 0.0242738 0.0241086 0.0238334 0.023452 0.022969 0.0223909 0.0217246 0.0209786 0.020162 0.0192843 0.018356 0.0173874 0.0163892 0.015372 0.014346 0.013321 0.0123064 0.0113107 0.0103417 0.00940616 0.00851002 0.00765812 0.00685432 0.00610146 0.0054014 0.0047551 0.00416266 0.0036234 0.00313598 0.0026985 0.00230855 0.00196338 0.00165997 0.00139511 0.00116552 0.000967875 0.000798941 0.000655577 0.000534803 0.000433834 0.000350104 0.000281287 0.000225303 0.000180332 0.000144803 0.000117401 9.70561e-05 8.29414e-05 7.44795e-05 
8.88259e-05 9.12946e-05 0.000100236 0.000116069 0.00013948 0.000171442 0.000213226 0.000266404 0.000332855 0.00041477 0.000514647 0.000635286 0.000779775 0.000951467 0.00115394 0.00139098 0.00166645 0.00198434 0.00234855 0.00276291 0.00323099 0.00375606 0.0043409 0.00498772 0.00569805 0.00647257 0.00731107 0.00821229 0.0091739 0.0101924 0.011263 0.01238 0.0135361 0.0147233 0.0159322 0.0171526 0.0183737 0.0195836 0.0207703 0.0219213 0.0230243 0.0240669 0.0250371 0.0259235 0.0267157 0.0274039 0.0279797 0.0284359 0.0287669 0.0289684 0.029038 0.0289748 0.0287797 0.028455 0.0280051 0.0274354 0.0267532 0.0259669 0.025086 0.0241211 0.0230836 0.0219854 0.0208386 0.0196559 0.0184495 0.0172315 0.0160135 0.0148066 0.0136208 0.0124655 0.0113487 0.0102777 0.00925831 0.00829521 0.00739197 0.00655096 0.00577349 0.00505983 0.00440934 0.00382058 0.00329138 0.00281904 0.00240035 0.00203179 0.00170961 0.00142994 0.00118886 0.000982513 0.000807161 0.000659242 0.000535416 0.0004326 0.000347992 0.000279083 0.000223667 0.000179846 0.000146021 0.000120895 0.00010346 9.30155e-05 
0.000111541 0.000114655 0.000125825 0.000145567 0.000174722 0.000214483 0.000266404 0.000332406 0.00041478 0.000516191 0.000639673 0.00078862 0.000966762 0.00117814 0.00142706 0.00171803 0.0020557 0.00244477 0.00288989 0.00339553 0.0039659 0.00460474 0.00531525 0.00609991 0.00696035 0.0078972 0.00890997 0.00999696 0.0111552 0.0123802 0.0136662 0.0150061 0.0163913 0.0178118 0.0192566 0.0207136 0.0221696 0.0236108 0.0250229 0.0263914 0.0277015 0.0289388 0.0300894 0.0311399 0.0320779 0.0328924 0.0335735 0.0341128 0.0345038 0.0347416 0.0348233 0.0347479 0.0345165 0.0341318 0.0335987 0.0329238 0.0321154 0.0311832 0.0301385 0.0289935 0.0277615 0.0264565 0.0250928 0.0236851 0.0222478 0.0207954 0.0193415 0.0178992 0.0164806 0.0150968 0.0137577 0.0124717 0.0112462 0.0100869 0.00899814 0.00798308 0.00704343 0.00617972 0.00539137 0.00467683 0.00403369 0.00345883 0.00294855 0.00249875 0.00210499 0.00176271 0.00146725 0.00121401 0.000998519 0.000816495 0.00066392 0.000537072 0.000432558 0.000347338 0.000278732 0.000224427 0.000182477 0.000151298 0.00012966 0.000116706 
0.000140071 0.000143994 0.000157947 0.000182561 0.000218869 0.000268334 0.000332855 0.00041478 0.000516902 0.000642464 0.000795151 0.000979075 0.00119874 0.00145903 0.0017651 0.00212236 0.00253636 0.00301268 0.00355681 0.00417402 0.0048692 0.00564669 0.00651014 0.0074623 0.0085049 0.00963843 0.0108621 0.0121736 0.013569 0.0150429 0.0165882 0.018196 0.0198561 0.0215564 0.0232837 0.0250235 0.0267602 0.0284775 0.0301585 0.0317858 0.0333424 0.0348113 0.0361761 0.0374213 0.0385325 0.0394968 0.0403026 0.0409403 0.0414024 0.0416831 0.041779 0.0416892 0.0414146 0.0409588 0.0403271 0.0395274 0.0385692 0.0374639 0.0362246 0.0348656 0.0334023 0.0318511 0.030229 0.0285529 0.0268402 0.0251076 0.0233715 0.0216474 0.0199497 0.0182917 0.0166852 0.0151406 0.0136668 0.0122707 0.0109579 0.00973231 0.00859621 0.00755049 0.00659469 0.00572718 0.00494526 0.00424537 0.00362324 0.00307408 0.00259268 0.00217362 0.00181139 0.0015005 0.0012356 0.00101154 0.000823482 0.000666939 0.000537802 0.000432382 0.000347424 0.000280112 0.000228074 0.000189374 0.000162513 0.000146442 
0.000175426 0.000180353 0.000197731 0.000228336 0.000273431 0.000334803 0.00041477 0.000516191 0.000642464 0.000797525 0.000985838 0.00121237 0.00148256 0.00180226 0.00217766 0.00261521 0.00312153 0.00370321 0.00436673 0.00511827 0.0059635 0.00690742 0.00795417 0.00910678 0.010367 0.0117352 0.0132101 0.0147886 0.0164658 0.0182349 0.0200871 0.0220119 0.0239965 0.0260268 0.0280868 0.0301593 0.0322258 0.034267 0.0362629 0.0381934 0.0400383 0.0417777 0.0433927 0.0448651 0.0461782 0.0473169 0.048268 0.0490202 0.0495649 0.0498954 0.050008 0.0499012 0.0495765 0.0490376 0.0482912 0.047346 0.0462132 0.044906 0.0434395 0.0418304 0.0400968 0.0382577 0.0363328 0.0343423 0.0323062 0.0302446 0.0281765 0.0261204 0.0240936 0.0221117 0.0201892 0.0183384 0.01657 0.0148929 0.0133136 0.0118373 0.0104669 0.00920379 0.00804771 0.00699695 0.00604854 0.00519844 0.00444174 0.00377286 0.00318569 0.00267387 0.00223085 0.0018501 0.00152523 0.0012501 0.00101887 0.000826156 0.000666987 0.000536902 0.000431955 0.000348728 0.000284334 0.000236421 0.000203158 0.000183268 
0.00021877 0.000224926 0.000246476 0.000284367 0.000340136 0.000415956 0.000514647 0.000639673 0.000795151 0.000985838 0.00121712 0.00149497 0.00182591 0.00221694 0.00267547 0.00320915 0.0038258 0.00453322 0.005339 0.00625033 0.00727377 0.00841505 0.00967879 0.0110683 0.0125854 0.01423 0.0160004 0.0178924 0.0198999 0.0220145 0.0242256 0.0265201 0.0288829 0.0312971 0.0337437 0.0362021 0.0386507 0.0410667 0.0434267 0.0457071 0.0478844 0.0499355 0.0518384 0.053572 0.055117 0.056456 0.0575738 0.0584574 0.0590967 0.0594844 0.0596158 0.0594896 0.0591072 0.0584731 0.0575949 0.0564826 0.0551492 0.0536098 0.0518821 0.0499852 0.04794 0.0457688 0.0434943 0.0411402 0.03873 0.0362869 0.0338337 0.031392 0.0289821 0.026623 0.0243317 0.022123 0.02001 0.0180033 0.0161113 0.0143401 0.0126938 0.0111743 0.00978163 0.00851404 0.00736833 0.00633995 0.00542328 0.00461185 0.00389858 0.00327598 0.00273633 0.00227191 0.00187512 0.00153863 0.00125549 0.0010192 0.000823816 0.000663949 0.000534841 0.000432357 0.000353003 0.000293924 0.000252902 0.000228387 
0.000271421 0.000279069 0.000305652 0.000352317 0.000420928 0.000514116 0.000635286 0.00078862 0.000979075 0.00121237 0.00149497 0.00183401 0.00223729 0.00271315 0.00327035 0.00391795 0.00466517 0.00552112 0.00649467 0.00759413 0.00882704 0.0101999 0.0117178 0.0133844 0.0152012 0.0171681 0.0192821 0.0215383 0.0239288 0.0264434 0.029069 0.03179 0.0345885 0.0374442 0.0403345 0.0432355 0.0461215 0.048966 0.0517417 0.0544211 0.0569769 0.0593827 0.0616126 0.0636428 0.065451 0.0670171 0.0683236 0.069356 0.0701025 0.0705547 0.0707074 0.0705591 0.0701113 0.0693694 0.0683417 0.06704 0.065479 0.0636761 0.0616515 0.0594273 0.0570276 0.054478 0.0518049 0.0490356 0.0461975 0.0433177 0.0404229 0.0375383 0.0346881 0.0318944 0.0291776 0.0265555 0.0240436 0.0216549 0.0193997 0.0172857 0.0153179 0.0134992 0.01183 0.0103085 0.00893144 0.00769364 0.00658875 0.00560935 0.00474723 0.00399365 0.00333959 0.00277595 0.00229375 0.00188429 0.00153931 0.00125106 0.00101241 0.000816935 0.0006589 0.000533339 0.00043604 0.000363561 0.000313224 0.000283156 
0.000334845 0.000344289 0.00037689 0.000434035 0.000517965 0.000631849 0.000779775 0.000966762 0.00119874 0.00148256 0.00182591 0.00223729 0.00272596 0.00330177 0.00397505 0.00475646 0.00565677 0.0066866 0.00785619 0.00917511 0.0106519 0.012294 0.0141068 0.0160942 0.0182577 0.0205963 0.0231064 0.0257813 0.0286114 0.0315842 0.034684 0.0378921 0.0411872 0.0445451 0.0479397 0.0513425 0.0547239 0.0580529 0.061298 0.0644273 0.0674096 0.0702142 0.0728118 0.0751749 0.0772781 0.0790987 0.0806167 0.0818155 0.0826819 0.0832062 0.0833827 0.0832095 0.0826886 0.0818257 0.0806307 0.0791166 0.0773004 0.0752019 0.0728439 0.0702518 0.0674531 0.0644771 0.0613543 0.0581161 0.054794 0.0514197 0.0480238 0.0446361 0.0412847 0.0379957 0.0347931 0.0316981 0.0287293 0.0259022 0.0232294 0.0207205 0.0183819 0.0162174 0.014228 0.0124121 0.0107662 0.00928472 0.00796042 0.00678488 0.00574866 0.00484165 0.00405333 0.00337307 0.00279033 0.00229485 0.00187685 0.00152715 0.0012373 0.0009996 0.000807234 0.000654252 0.000535614 0.000447189 0.000385763 0.00034909 
0.000410654 0.000422241 0.000461983 0.00053154 0.0006336 0.000771948 0.000951467 0.00117814 0.00145903 0.00180226 0.00221694 0.00271315 0.00330177 0.00399438 0.00480311 0.00574037 0.00681868 0.00805032 0.00944705 0.0110198 0.0127782 0.0147304 0.0168824 0.0192382 0.0217989 0.0245627 0.0275248 0.0306767 0.0340068 0.0374998 0.0411368 0.0448957 0.0487513 0.0526753 0.0566369 0.0606034 0.0645402 0.0684115 0.0721812 0.0758127 0.0792701 0.0825187 0.085525 0.0882578 0.0906885 0.0927911 0.0945434 0.0959264 0.0969253 0.0975294 0.0977321 0.0975313 0.0969292 0.0959325 0.094552 0.0928026 0.0907033 0.0882765 0.0855481 0.0825467 0.0793038 0.0758525 0.0722277 0.0684652 0.0646014 0.0606724 0.0567139 0.0527601 0.0488439 0.0449958 0.0412438 0.037613 0.0341256 0.0308001 0.0276516 0.024692 0.0219295 0.0193689 0.017012 0.0148577 0.0129022 0.0111395 0.00956158 0.00815895 0.0069208 0.00583553 0.00489098 0.00407479 0.00337466 0.00277859 0.00227509 0.00185334 0.00150333 0.00121599 0.000983201 0.000797901 0.000654087 0.000546838 0.000472318 0.000427846 
0.00050059 0.000514714 0.000562862 0.000647013 0.000770362 0.000937408 0.00115394 0.00142706 0.0017651 0.00217766 0.00267547 0.00327035 0.00397505 0.00480311 0.00576861 0.00688596 0.00816959 0.00963358 0.0112914 0.0131552 0.015236 0.0175426 0.0200816 0.0228567 0.0258686 0.0291146 0.0325882 0.0362789 0.0401726 0.0442507 0.0484909 0.0528671 0.0573496 0.0619054 0.0664991 0.0710924 0.0756458 0.0801183 0.0844685 0.0886548 0.0926366 0.0963743 0.0998303 0.10297 0.10576 0.108172 0.110181 0.111766 0.11291 0.113601 0.113832 0.113601 0.11291 0.111767 0.110183 0.108175 0.105765 0.102978 0.099842 0.0963902 0.0926576 0.0886817 0.084502 0.0801593 0.0756948 0.0711499 0.0665654 0.0619808 0.057434 0.0529604 0.0485928 0.0443605 0.0402896 0.0364023 0.0327167 0.0292472 0.026004 0.0229935 0.0202185 0.0176783 0.0153692 0.0132847 0.0114161 0.00975263 0.00828217 0.00699144 0.00586652 0.00489314 0.00405703 0.00334426 0.00274139 0.00223578 0.00181568 0.0014704 0.00119039 0.000967285 0.000793996 0.000664693 0.000574828 0.00052122 
0.00060651 0.000623615 0.000681586 0.000782765 0.000930929 0.00113139 0.00139098 0.00171803 0.00212236 0.00261521 0.00320915 0.00391795 0.00475646 0.00574037 0.00688596 0.00820981 0.00972842 0.0114579 0.0134133 0.0156085 0.0180555 0.0207639 0.0237406 0.0269892 0.0305096 0.0342977 0.0383453 0.0426395 0.047163 0.0518937 0.0568053 0.061867 0.0670444 0.0722994 0.0775907 0.0828749 0.0881066 0.0932392 0.0982256 0.103019 0.107574 0.111845 0.115791 0.119373 0.122553 0.125302 0.127589 0.129393 0.130694 0.13148 0.131742 0.131478 0.13069 0.129388 0.127583 0.125295 0.122548 0.119368 0.115789 0.111846 0.107579 0.10303 0.0982428 0.0932638 0.0881396 0.082917 0.0776426 0.0723614 0.0671169 0.06195 0.0568985 0.0519967 0.0472751 0.04276 0.0384729 0.0344313 0.0306477 0.0271304 0.0238834 0.0209068 0.018197 0.0157472 0.0135479 0.0115872 0.00985149 0.00832579 0.00699421 0.00584042 0.004848 0.00400084 0.00328339 0.00268091 0.00217974 0.00176735 0.00143255 0.00116556 0.00095802 0.000803069 0.000695352 0.000631119 
0.000730362 0.000750944 0.000820308 0.000941211 0.00111809 0.00135717 0.00166645 0.0020557 0.00253636 0.00312153 0.0038258 0.00466517 0.00565677 0.00681868 0.00816959 0.00972842 0.011514 0.0135444 0.0158366 0.018406 0.0212658 0.0244261 0.0278942 0.0316731 0.0357618 0.0401548 0.0448413 0.0498057 0.0550271 0.0604795 0.066132 0.0719487 0.0778896 0.0839111 0.0899659 0.0960045 0.101975 0.107826 0.113503 0.118955 0.124129 0.128977 0.133452 0.137509 0.141111 0.14422 0.146807 0.148845 0.150315 0.151202 0.151497 0.151198 0.150307 0.148833 0.146792 0.144203 0.141092 0.13749 0.133433 0.12896 0.124116 0.118946 0.113501 0.107831 0.101989 0.0960273 0.0899992 0.0839557 0.0779461 0.0720172 0.0662126 0.060572 0.0551308 0.0499199 0.0449648 0.0402864 0.0359002 0.0318165 0.028041 0.0245747 0.0214143 0.018553 0.0159804 0.0136835 0.0116473 0.00985491 0.00828833 0.00692901 0.00575823 0.00475746 0.00390882 0.00319528 0.002601 0.00211144 0.00171359 0.001396 0.00114894 0.00096438 0.000836045 0.000759544 
0.000874156 0.000898761 0.000981246 0.00112483 0.00133469 0.00161809 0.00198434 0.00244477 0.00301268 0.00370321 0.00453322 0.00552112 0.0066866 0.00805032 0.00963358 0.0114579 0.0135444 0.0159134 0.0185839 0.0215727 0.0248941 0.0285589 0.0325742 0.0369425 0.0416616 0.0467238 0.0521158 0.0578185 0.0638071 0.070051 0.0765141 0.083155 0.0899278 0.0967823 0.103665 0.11052 0.117289 0.123914 0.130334 0.136492 0.14233 0.147795 0.152834 0.1574 0.161449 0.164943 0.167847 0.170135 0.171784 0.172778 0.173109 0.172772 0.171771 0.170116 0.167822 0.164913 0.161416 0.157364 0.152797 0.147758 0.142295 0.13646 0.130308 0.123894 0.117279 0.110519 0.103676 0.0968052 0.0899638 0.0832048 0.0765779 0.0701288 0.0638984 0.0579226 0.0522318 0.0468504 0.0417973 0.0370856 0.0327228 0.0287112 0.0250482 0.0217266 0.0187359 0.0160618 0.0136876 0.0115946 0.00976278 0.00817106 0.00679821 0.00562315 0.0046254 0.00378544 0.00308501 0.00250736 0.00203741 0.00166194 0.00136961 0.0011511 0.000999121 0.000908557 
0.00103992 0.00106915 0.00116664 0.00133612 0.00158359 0.00191748 0.00234855 0.00288989 0.00355681 0.00436673 0.005339 0.00649467 0.00785619 0.00944705 0.0112914 0.0134133 0.0158366 0.0185839 0.021676 0.0251314 0.0289652 0.0331888 0.037809 0.0428274 0.04824 0.0540369 0.0602016 0.0667112 0.0735362 0.080641 0.0879837 0.0955168 0.103188 0.11094 0.118713 0.126443 0.134067 0.141517 0.148729 0.155638 0.162182 0.1683 0.173936 0.179038 0.18356 0.187458 0.190697 0.193247 0.195084 0.196191 0.196558 0.196181 0.195065 0.193219 0.190661 0.187414 0.18351 0.178984 0.173878 0.16824 0.162122 0.155581 0.148676 0.141471 0.134028 0.126415 0.118696 0.110937 0.103199 0.0955433 0.0880261 0.0806996 0.0736108 0.0668012 0.0603061 0.0541548 0.0483697 0.0429671 0.0379568 0.0333426 0.0291229 0.0252907 0.021835 0.0187405 0.015989 0.0135599 0.0114308 0.00957816 0.00797807 0.00660665 0.00544064 0.00445779 0.00363721 0.0029597 0.00240793 0.00196667 0.00162286 0.00136571 0.00118681 0.00108024 
0.00122968 0.00126418 0.00137869 0.00157752 0.0018676 0.0022586 0.00276291 0.00339553 0.00417402 0.00511827 0.00625033 0.00759413 0.00917511 0.0110198 0.0131552 0.0156085 0.018406 0.0215727 0.0251314 0.0291019 0.0335003 0.0383382 0.0436219 0.0493517 0.0555217 0.0621189 0.0691232 0.0765075 0.084237 0.0922705 0.10056 0.10905 0.117683 0.126394 0.135115 0.143776 0.152305 0.16063 0.168677 0.176377 0.183662 0.190465 0.196727 0.20239 0.207404 0.211724 0.215312 0.218134 0.220166 0.22139 0.221795 0.221377 0.220141 0.218097 0.215263 0.211666 0.207336 0.202315 0.196646 0.190381 0.183576 0.176292 0.168595 0.160553 0.152236 0.143717 0.135068 0.12636 0.117665 0.109049 0.100576 0.0923053 0.0842904 0.076579 0.0692122 0.0622241 0.0556417 0.0494848 0.0437659 0.0384909 0.0336593 0.0292647 0.0252957 0.0217363 0.0185667 0.0157643 0.0133045 0.011161 0.0093072 0.00771615 0.00636162 0.00521841 0.0042628 0.00347289 0.00282892 0.00231343 0.00191147 0.00161066 0.00140133 0.00127666 
0.00144537 0.00148583 0.00161953 0.0018514 0.00218938 0.00264453 0.00323099 0.0039659 0.0048692 0.0059635 0.00727377 0.00882704 0.0106519 0.0127782 0.015236 0.0180555 0.0212658 0.0248941 0.0289652 0.0335003 0.0385162 0.0440244 0.0500304 0.0565329 0.0635233 0.0709856 0.0788952 0.0872201 0.09592 0.104947 0.114246 0.123756 0.13341 0.143136 0.152859 0.1625 0.171981 0.181221 0.190142 0.198667 0.206722 0.214237 0.221146 0.22739 0.232913 0.237668 0.241614 0.244717 0.24695 0.248295 0.248739 0.248279 0.246919 0.24467 0.241553 0.237594 0.232827 0.227293 0.221042 0.214126 0.206607 0.198551 0.190027 0.18111 0.171876 0.162405 0.152776 0.143068 0.133358 0.123723 0.114232 0.104954 0.0959475 0.0872686 0.0789642 0.071074 0.0636299 0.0566556 0.0501672 0.0441729 0.0386739 0.0336644 0.0291331 0.0250631 0.0214334 0.0182196 0.0153944 0.0129292 0.010794 0.00895905 0.00739479 0.0060729 0.00496658 0.00405107 0.00330391 0.00270527 0.00223809 0.00188828 0.00164477 0.00149979 
0.00168881 0.00173598 0.00189115 0.00215994 0.00255139 0.00307808 0.00375606 0.00460474 0.00564669 0.00690742 0.00841505 0.0101999 0.012294 0.0147304 0.0175426 0.0207639 0.0244261 0.0285589 0.0331888 0.0383382 0.0440244 0.0502586 0.057045 0.0643803 0.072253 0.080643 0.0895211 0.0988496 0.108582 0.118664 0.129032 0.139618 0.150346 0.161138 0.171908 0.182573 0.193043 0.203234 0.21306 0.222437 0.231286 0.239533 0.247106 0.253944 0.259987 0.265186 0.269497 0.272886 0.275323 0.276789 0.277273 0.27677 0.275285 0.272829 0.269423 0.265095 0.259882 0.253825 0.246977 0.239394 0.231141 0.222288 0.21291 0.203087 0.192902 0.182439 0.171787 0.161031 0.150257 0.139547 0.128983 0.118637 0.108579 0.0988706 0.0895656 0.0807103 0.0723419 0.0644889 0.0571711 0.0503997 0.0441779 0.038501 0.033358 0.0287315 0.0245994 0.0209351 0.0177094 0.0148905 0.0124457 0.0103417 0.00854575 0.00702614 0.00575283 0.00469792 0.0038361 0.00314494 0.00260515 0.00220073 0.00191912 0.00175149 
0.00196163 0.00201629 0.0021953 0.00250507 0.00295579 0.0035617 0.0043409 0.00531525 0.00651014 0.00795417 0.00967879 0.0117178 0.0141068 0.0168824 0.0200816 0.0237406 0.0278942 0.0325742 0.037809 0.0436219 0.0500304 0.057045 0.0646683 0.0728946 0.0817087 0.0910861 0.100992 0.111383 0.122205 0.133397 0.144887 0.156599 0.168449 0.180348 0.192206 0.203929 0.215421 0.226589 0.237342 0.24759 0.257249 0.26624 0.274488 0.281926 0.288495 0.294141 0.298821 0.302496 0.305139 0.306728 0.307252 0.306705 0.305094 0.30243 0.298734 0.294035 0.28837 0.281785 0.274332 0.266073 0.257073 0.247408 0.237156 0.226404 0.21524 0.203755 0.192043 0.1802 0.168318 0.156488 0.144799 0.133333 0.122168 0.111372 0.101008 0.0911279 0.0817757 0.0729851 0.0647801 0.0571754 0.0501766 0.0437807 0.0379771 0.0327484 0.0280713 0.0239176 0.0202556 0.0170509 0.0142676 0.011869 0.00981898 0.00808216 0.00662507 0.00541655 0.00442821 0.00363485 0.00301476 0.00254991 0.00222612 0.00203343 
0.00226523 0.00232816 0.00253349 0.00288839 0.00340436 0.00409736 0.00498772 0.00609991 0.0074623 0.00910678 0.0110683 0.0133844 0.0160942 0.0192382 0.0228567 0.0269892 0.0316731 0.0369425 0.0428274 0.0493517 0.0565329 0.0643803 0.0728946 0.0820669 0.0918779 0.102298 0.113287 0.124793 0.136757 0.149107 0.161765 0.174646 0.187655 0.200698 0.213673 0.22648 0.239015 0.251179 0.262873 0.274003 0.284479 0.294218 0.303143 0.311183 0.318276 0.324369 0.329415 0.333376 0.336222 0.337933 0.338496 0.337908 0.336171 0.3333 0.329316 0.324247 0.318133 0.31102 0.302962 0.294023 0.284272 0.273786 0.262651 0.250955 0.238793 0.226263 0.213467 0.200505 0.18748 0.174491 0.161634 0.149002 0.13668 0.124746 0.113269 0.10231 0.0919189 0.0821352 0.0729881 0.0644964 0.0566685 0.0495036 0.0429919 0.0371161 0.0318521 0.0271703 0.0230366 0.019414 0.0162633 0.0135445 0.0112177 0.00924386 0.00758598 0.00620936 0.00508239 0.00417693 0.00346866 0.0029374 0.00256724 0.00234701 
0.00260066 0.0026727 0.00290684 0.00331112 0.00389838 0.00468647 0.00569805 0.00696035 0.0085049 0.010367 0.0125854 0.0152012 0.0182577 0.0217989 0.0258686 0.0305096 0.0357618 0.0416616 0.04824 0.0555217 0.0635233 0.072253 0.0817087 0.0918779 0.102737 0.11425 0.12637 0.139039 0.152188 0.165738 0.179602 0.193685 0.207884 0.222095 0.236208 0.250115 0.263706 0.276873 0.289513 0.301526 0.312818 0.323302 0.332898 0.341533 0.349145 0.355677 0.361083 0.365324 0.36837 0.370201 0.370803 0.370173 0.368314 0.365241 0.360973 0.355541 0.348985 0.34135 0.332694 0.32308 0.31258 0.301276 0.289255 0.27661 0.263443 0.249855 0.235957 0.221856 0.207662 0.193483 0.179425 0.165589 0.152069 0.138951 0.126315 0.114228 0.102747 0.09192 0.0817801 0.0723511 0.0636451 0.0556635 0.0483982 0.0418321 0.0359408 0.0306931 0.0260531 0.0219809 0.0184343 0.0153697 0.0127435 0.0105129 0.00863716 0.00707789 0.00580009 0.0047725 0.0039681 0.00336437 0.0029436 0.00269329 
0.00296862 0.0030506 0.00331606 0.00377397 0.0044386 0.00532976 0.00647257 0.0078972 0.00963843 0.0117352 0.01423 0.0171681 0.0205963 0.0245627 0.0291146 0.0342977 0.0401548 0.0467238 0.0540369 0.0621189 0.0709856 0.080643 0.0910861 0.102298 0.11425 0.126899 0.140193 0.154064 0.168434 0.183217 0.198316 0.213624 0.229033 0.244427 0.25969 0.274703 0.289351 0.30352 0.3171 0.329988 0.342085 0.353302 0.363556 0.372774 0.380891 0.387851 0.393606 0.398118 0.401358 0.403304 0.403944 0.403273 0.401297 0.398027 0.393485 0.387702 0.380715 0.372572 0.36333 0.353055 0.341819 0.329706 0.316807 0.303219 0.289047 0.2744 0.259392 0.244141 0.228762 0.213374 0.19809 0.18302 0.168269 0.153932 0.140097 0.12684 0.114226 0.10231 0.0911316 0.0807195 0.07109 0.0622475 0.0541858 0.0468887 0.0403314 0.0344818 0.029302 0.0247497 0.0207793 0.017344 0.0143963 0.0118895 0.00977902 0.00802269 0.00658193 0.00542225 0.00451376 0.00383152 0.00335587 0.00307298 
0.00336936 0.0034621 0.00376138 0.00427711 0.00502509 0.00602717 0.00731107 0.00890997 0.0108621 0.0132101 0.0160004 0.0192821 0.0231064 0.0275248 0.0325882 0.0383453 0.0448413 0.0521158 0.0602016 0.0691232 0.0788952 0.0895211 0.100992 0.113287 0.12637 0.140193 0.154693 0.169797 0.185417 0.201456 0.217807 0.234356 0.250983 0.267566 0.283977 0.300093 0.31579 0.330948 0.345453 0.359197 0.37208 0.38401 0.394901 0.404681 0.413284 0.420654 0.426743 0.431515 0.434939 0.436995 0.437671 0.436963 0.434874 0.431418 0.426615 0.420495 0.413095 0.404464 0.394657 0.38374 0.371789 0.358886 0.345127 0.33061 0.315445 0.299747 0.283635 0.267232 0.250664 0.234056 0.217531 0.201209 0.185203 0.169619 0.154553 0.140092 0.126309 0.113265 0.101008 0.0895726 0.078979 0.0692356 0.0603384 0.0522725 0.0450133 0.0385279 0.0327768 0.0277152 0.0232946 0.0194646 0.016174 0.0133723 0.0110106 0.00904317 0.0074276 0.00612606 0.00510566 0.00433896 0.00380426 0.00348629 
0.00380262 0.00390692 0.00424244 0.00482008 0.0056572 0.00677782 0.00821229 0.00999696 0.0121736 0.0147886 0.0178924 0.0215383 0.0257813 0.0306767 0.0362789 0.0426395 0.0498057 0.0578185 0.0667112 0.0765075 0.0872201 0.0988496 0.111383 0.124793 0.139039 0.154064 0.169797 0.186155 0.203042 0.22035 0.237962 0.255755 0.2736 0.291364 0.308914 0.326116 0.342843 0.358968 0.374373 0.388948 0.402589 0.415202 0.426703 0.437018 0.446082 0.453839 0.460244 0.465259 0.468857 0.471016 0.471726 0.470983 0.468789 0.465158 0.46011 0.453672 0.445882 0.436787 0.426442 0.414913 0.402274 0.388611 0.374017 0.358597 0.342461 0.32573 0.308527 0.290984 0.273232 0.255406 0.237636 0.220052 0.202778 0.185928 0.16961 0.153919 0.138937 0.124735 0.111367 0.0988728 0.0872801 0.0766005 0.066833 0.0579644 0.0499707 0.0428186 0.0364671 0.0308691 0.0259735 0.0217263 0.0180727 0.014958 0.0123296 0.0101376 0.00833579 0.00688297 0.00574313 0.0048862 0.00428839 0.00393295 
0.00426759 0.00438424 0.00475831 0.00540174 0.00633352 0.00757987 0.0091739 0.0111552 0.013569 0.0164658 0.0198999 0.0239288 0.0286114 0.0340068 0.0401726 0.047163 0.0550271 0.0638071 0.0735362 0.084237 0.09592 0.108582 0.122205 0.136757 0.152188 0.168434 0.185417 0.203042 0.221203 0.239783 0.258655 0.277685 0.296735 0.315664 0.334329 0.352594 0.37032 0.387381 0.403652 0.419021 0.433383 0.446645 0.458721 0.469538 0.479032 0.48715 0.493847 0.499088 0.502846 0.505101 0.505842 0.505066 0.502776 0.498984 0.493709 0.486977 0.478825 0.469297 0.458448 0.446341 0.43305 0.418662 0.40327 0.386979 0.369905 0.352169 0.333902 0.315239 0.29632 0.277286 0.258278 0.239434 0.220887 0.202764 0.185181 0.168244 0.152043 0.136659 0.122153 0.108574 0.0959532 0.0843079 0.0736404 0.0639397 0.0551828 0.0473364 0.0403583 0.0341996 0.0288063 0.0241213 0.020086 0.0166418 0.0137321 0.0113028 0.00930407 0.00769109 0.00642468 0.00547206 0.0048073 0.00441209 
0.00476287 0.00489259 0.00530737 0.00602021 0.00705176 0.00843051 0.0101924 0.0123802 0.0150429 0.0182349 0.0220145 0.0264434 0.0315842 0.0374998 0.0442507 0.0518937 0.0604795 0.070051 0.080641 0.0922705 0.104947 0.118664 0.133397 0.149107 0.165738 0.183217 0.201456 0.22035 0.239783 0.259627 0.279746 0.299995 0.320228 0.340294 0.360045 0.379335 0.398023 0.415978 0.433072 0.449192 0.464232 0.478099 0.490708 0.501989 0.511879 0.520327 0.527291 0.532737 0.536639 0.538981 0.539751 0.538946 0.53657 0.532632 0.527151 0.520152 0.511669 0.501743 0.490428 0.477784 0.463885 0.448815 0.432668 0.415551 0.397578 0.378876 0.359579 0.339827 0.319768 0.299548 0.279319 0.259227 0.239416 0.220021 0.20117 0.182979 0.165548 0.148967 0.133306 0.118621 0.104951 0.0923165 0.0807249 0.0701678 0.0606236 0.0520594 0.0444322 0.0376913 0.0317804 0.0266392 0.0222054 0.0184168 0.0152124 0.0125343 0.0103289 0.00854756 0.00714798 0.00609462 0.00535934 0.00492225 
0.00528643 0.00542989 0.00588733 0.00667286 0.00780879 0.00932593 0.011263 0.0136662 0.0165882 0.0200871 0.0242256 0.029069 0.034684 0.0411368 0.0484909 0.0568053 0.066132 0.0765141 0.0879837 0.10056 0.114246 0.129032 0.144887 0.161765 0.179602 0.198316 0.217807 0.237962 0.258655 0.279746 0.301089 0.322529 0.343912 0.365078 0.385872 0.406144 0.425747 0.444546 0.462414 0.479234 0.494902 0.509325 0.522423 0.534124 0.544371 0.553115 0.560317 0.565944 0.569975 0.572394 0.573189 0.57236 0.569907 0.565842 0.560179 0.552942 0.544161 0.533877 0.522139 0.509005 0.494546 0.478845 0.461994 0.444099 0.425277 0.405656 0.385373 0.364573 0.343409 0.322037 0.300614 0.279296 0.258237 0.237583 0.217471 0.198028 0.179365 0.161582 0.144757 0.128954 0.114218 0.100578 0.0880449 0.0766127 0.0662623 0.0569613 0.0486663 0.0413255 0.0348801 0.0292669 0.0244202 0.020274 0.0167634 0.0138264 0.0114055 0.00944852 0.00790987 0.00675122 0.0059422 0.00546133 
0.0058356 0.00599339 0.00649521 0.00735626 0.00860058 0.0102613 0.01238 0.0150061 0.018196 0.0220119 0.0265201 0.03179 0.0378921 0.0448957 0.0528671 0.061867 0.0719487 0.083155 0.0955168 0.10905 0.123756 0.139618 0.156599 0.174646 0.193685 0.213624 0.234356 0.255755 0.277685 0.299995 0.322529 0.345124 0.367614 0.389835 0.411623 0.432823 0.453287 0.472874 0.491458 0.508922 0.525163 0.54009 0.553625 0.565702 0.576264 0.585268 0.592676 0.598462 0.602604 0.605088 0.605907 0.605056 0.602539 0.598363 0.592543 0.585099 0.576059 0.565459 0.553344 0.53977 0.524804 0.508526 0.491027 0.472412 0.452797 0.432311 0.411094 0.389296 0.367074 0.34459 0.322009 0.299498 0.277217 0.255325 0.23397 0.213287 0.1934 0.174417 0.156427 0.139502 0.123695 0.10904 0.0955534 0.0832335 0.0720633 0.0620115 0.0530348 0.0450801 0.0380867 0.0319888 0.0267175 0.0222029 0.0183762 0.0151717 0.0125279 0.0103891 0.00870626 0.00743841 0.00655287 0.00602656 
0.00640707 0.00657968 0.00712729 0.00806622 0.0094222 0.0112307 0.0135361 0.0163913 0.0198561 0.0239965 0.0288829 0.0345885 0.0411872 0.0487513 0.0573496 0.0670444 0.0778896 0.0899278 0.103188 0.117683 0.13341 0.150346 0.168449 0.187655 0.207884 0.229033 0.250983 0.2736 0.296735 0.320228 0.343912 0.367614 0.391162 0.414383 0.437108 0.459178 0.48044 0.500755 0.519993 0.53804 0.554795 0.57017 0.58409 0.596493 0.607327 0.616553 0.624137 0.630055 0.63429 0.636829 0.637667 0.636799 0.634229 0.629962 0.624011 0.616392 0.60713 0.596258 0.583815 0.569855 0.554439 0.537644 0.519558 0.500283 0.479936 0.458646 0.436555 0.413815 0.390588 0.367042 0.343349 0.319685 0.29622 0.273121 0.250548 0.228647 0.207552 0.187381 0.168234 0.150191 0.133313 0.117642 0.103198 0.0899844 0.0779868 0.0671756 0.0575079 0.0489298 0.041379 0.0347871 0.0290821 0.0241908 0.0200406 0.0165618 0.0136891 0.0113633 0.00953221 0.00815196 0.00718763 0.00661452 
0.00699688 0.0071847 0.0077792 0.00879778 0.0102679 0.0122273 0.0147233 0.0178118 0.0215564 0.0260268 0.0312971 0.0374442 0.0445451 0.0526753 0.0619054 0.0722994 0.0839111 0.0967823 0.11094 0.126394 0.143136 0.161138 0.180348 0.200698 0.222095 0.244427 0.267566 0.291364 0.315664 0.340294 0.365078 0.389835 0.414383 0.438543 0.462143 0.485017 0.507013 0.527988 0.547816 0.566383 0.583591 0.599355 0.613606 0.626285 0.637347 0.646756 0.654483 0.660509 0.664818 0.667402 0.668255 0.667375 0.664763 0.660424 0.654367 0.646606 0.637162 0.626062 0.613343 0.59905 0.583243 0.565992 0.547382 0.527514 0.506501 0.484473 0.461571 0.437952 0.413779 0.389228 0.364477 0.339709 0.315104 0.290838 0.267082 0.243993 0.221715 0.200378 0.18009 0.160942 0.143003 0.126321 0.110922 0.0968156 0.0839893 0.0724158 0.062053 0.0528465 0.0447328 0.0376413 0.031497 0.0262234 0.0217444 0.0179865 0.0148808 0.0123643 0.0103819 0.0088869 0.00784207 0.00722115 
0.0076005 0.00780378 0.00844588 0.00954528 0.0111311 0.0132434 0.0159322 0.0192566 0.0232837 0.0280868 0.0337437 0.0403345 0.0479397 0.0566369 0.0664991 0.0775907 0.0899659 0.103665 0.118713 0.135115 0.152859 0.171908 0.192206 0.213673 0.236208 0.25969 0.283977 0.308914 0.334329 0.360045 0.385872 0.411623 0.437108 0.462143 0.486549 0.51016 0.53282 0.554388 0.574738 0.59376 0.611358 0.627453 0.64198 0.654887 0.666132 0.675685 0.683524 0.689632 0.693999 0.696617 0.697482 0.696593 0.69395 0.689558 0.683421 0.675551 0.665963 0.65468 0.641733 0.627163 0.611023 0.593379 0.574312 0.553917 0.532307 0.509608 0.485965 0.461533 0.436481 0.410987 0.385238 0.359422 0.333728 0.308344 0.283448 0.259209 0.235783 0.213308 0.191905 0.171673 0.152689 0.135009 0.118666 0.103674 0.090024 0.0776912 0.0666346 0.0567998 0.0481222 0.0405292 0.0339434 0.028285 0.0234746 0.019435 0.0160937 0.0133845 0.0112489 0.00963754 0.00851113 0.00784177 
0.0082128 0.00843168 0.0091217 0.0103024 0.0120046 0.0142704 0.0171526 0.0207136 0.0250235 0.0301593 0.0362021 0.0432355 0.0513425 0.0606034 0.0710924 0.0828749 0.0960045 0.11052 0.126443 0.143776 0.1625 0.182573 0.203929 0.22648 0.250115 0.274703 0.300093 0.326116 0.352594 0.379335 0.406144 0.432823 0.459178 0.485017 0.51016 0.534437 0.557691 0.579782 0.600587 0.619998 0.637925 0.654293 0.669043 0.682128 0.693514 0.703176 0.711096 0.717262 0.721668 0.72431 0.725184 0.72429 0.721628 0.717199 0.711007 0.703059 0.693365 0.681943 0.668817 0.654024 0.637609 0.619634 0.600173 0.57932 0.557181 0.533884 0.509569 0.484395 0.458532 0.432163 0.40548 0.378677 0.351954 0.325505 0.29952 0.274178 0.249645 0.226071 0.203585 0.182297 0.162293 0.143637 0.126368 0.110504 0.0960415 0.0829584 0.0712149 0.0607568 0.0515188 0.0434267 0.0364007 0.0303582 0.0252165 0.0208949 0.0173176 0.014415 0.0121257 0.0103975 0.00918916 0.00847112 
0.00882819 0.00906266 0.00980049 0.0110622 0.0128803 0.015299 0.0183737 0.0221696 0.0267602 0.0322258 0.0386507 0.0461215 0.0547239 0.0645402 0.0756458 0.0881066 0.101975 0.117289 0.134067 0.152305 0.171981 0.193043 0.215421 0.239015 0.263706 0.289351 0.31579 0.342843 0.37032 0.398023 0.425747 0.453287 0.48044 0.507013 0.53282 0.557691 0.581469 0.604015 0.625208 0.644945 0.663141 0.679727 0.694648 0.707867 0.719353 0.729088 0.73706 0.743262 0.747692 0.750347 0.751227 0.750331 0.74766 0.743212 0.736988 0.728991 0.719226 0.707705 0.694447 0.679481 0.662848 0.644602 0.624812 0.603566 0.580968 0.557142 0.532227 0.506383 0.479781 0.452607 0.425058 0.397337 0.369647 0.342194 0.315177 0.288785 0.263194 0.238564 0.215036 0.192729 0.171737 0.152132 0.133961 0.117247 0.101991 0.0881724 0.0757544 0.0646833 0.0548932 0.0463085 0.0388474 0.0324248 0.0269546 0.0223533 0.0185416 0.0154468 0.0130044 0.01116 0.00986999 0.00910346 
0.00944065 0.00969057 0.0104756 0.0118174 0.0137498 0.0163193 0.0195836 0.0236108 0.0284775 0.034267 0.0410667 0.048966 0.0580529 0.0684115 0.0801183 0.0932392 0.107826 0.123914 0.141517 0.16063 0.181221 0.203234 0.226589 0.251179 0.276873 0.30352 0.330948 0.358968 0.387381 0.415978 0.444546 0.472874 0.500755 0.527988 0.554388 0.579782 0.604015 0.626949 0.648467 0.66847 0.686878 0.703629 0.718675 0.731983 0.743532 0.753308 0.761306 0.767524 0.771962 0.774622 0.775505 0.774612 0.77194 0.767488 0.761253 0.753233 0.743429 0.731848 0.718501 0.703411 0.686612 0.668151 0.648093 0.626519 0.603529 0.579242 0.553799 0.527356 0.500087 0.472181 0.443837 0.415265 0.386677 0.358286 0.330298 0.302914 0.276321 0.250688 0.226165 0.202882 0.180942 0.160424 0.141382 0.123846 0.107819 0.0932869 0.0802125 0.0685438 0.0582144 0.049148 0.0412609 0.0344653 0.0286728 0.0237964 0.019754 0.0164698 0.0138767 0.0119176 0.010547 0.00973263 
0.0100439 0.0103089 0.0111402 0.0125602 0.0146044 0.017321 0.0207703 0.0250229 0.0301585 0.0362629 0.0434267 0.0517417 0.061298 0.0721812 0.0844685 0.0982256 0.113503 0.130334 0.148729 0.168677 0.190142 0.21306 0.237342 0.262873 0.289513 0.3171 0.345453 0.374373 0.403652 0.433072 0.462414 0.491458 0.519993 0.547816 0.574738 0.600587 0.625208 0.648467 0.67025 0.690462 0.70903 0.725898 0.741025 0.754385 0.765963 0.775753 0.783753 0.789968 0.794402 0.797059 0.797943 0.797054 0.79439 0.789947 0.783719 0.775701 0.765887 0.754279 0.740882 0.725711 0.708794 0.690172 0.669902 0.648059 0.62474 0.600061 0.574157 0.547186 0.519321 0.490755 0.461689 0.432339 0.402923 0.373661 0.34477 0.316459 0.288923 0.262344 0.236881 0.212671 0.189829 0.16844 0.148566 0.130241 0.113475 0.0982551 0.084548 0.0723021 0.0614513 0.0519183 0.0436178 0.0364601 0.030354 0.0252099 0.0209428 0.0174739 0.0147335 0.0126625 0.0112132 0.0103521 
0.0106313 0.010911 0.0117869 0.0132826 0.0154348 0.0182935 0.0219213 0.0263914 0.0317858 0.0381934 0.0457071 0.0544211 0.0644273 0.0758127 0.0886548 0.103019 0.118955 0.136492 0.155638 0.176377 0.198667 0.222437 0.24759 0.274003 0.301526 0.329988 0.359197 0.388948 0.419021 0.449192 0.479234 0.508922 0.53804 0.566383 0.59376 0.619998 0.644945 0.66847 0.690462 0.710833 0.729515 0.746457 0.761627 0.775006 0.786584 0.796362 0.804345 0.810541 0.81496 0.817608 0.81849 0.817608 0.814959 0.810536 0.804331 0.796333 0.786535 0.774929 0.761515 0.746302 0.72931 0.710574 0.690143 0.668088 0.644499 0.619489 0.59319 0.565759 0.537369 0.508213 0.478498 0.448442 0.41827 0.38821 0.358485 0.329314 0.300902 0.273439 0.247094 0.222014 0.198321 0.176109 0.155447 0.136374 0.118905 0.103031 0.0887197 0.0759222 0.0645722 0.0545918 0.0458946 0.0383889 0.0319812 0.0265793 0.0220954 0.0184484 0.015566 0.0133868 0.0118615 0.0109552 
