0.00110957 0.00112364 0.00117077 0.00125166 0.00136726 0.00151893 0.00170835 0.00193752 0.00220871 0.00252442 0.00288735 0.0033003 0.00376613 0.00428771 0.00486782 0.00550906 0.00621382 0.00698414 0.00782167 0.00872756 0.00970239 0.0107461 0.011858 0.0130364 0.014279 0.0155826 0.0169431 0.0183554 0.0198136 0.0213109 0.0228396 0.0243912 0.0259565 0.0275256 0.0290882 0.0306332 0.0321495 0.0336257 0.0350502 0.0364117 0.0376989 0.038901 0.0400077 0.0410094 0.0418971 0.042663 0.0433001 0.0438025 0.0441657 0.0443863 0.0444622 0.0443929 0.0441789 0.0438223 0.0433264 0.0426958 0.0419363 0.0410547 0.0400592 0.0389584 0.037762 0.0364804 0.0351242 0.0337047 0.0322332 0.0307213 0.0291802 0.0276212 0.0260552 0.0244926 0.0229432 0.0214162 0.0199201 0.0184626 0.0170504 0.0156895 0.014385 0.0131409 0.0119605 0.0108463 0.00979976 0.00882168 0.00791219 0.00707072 0.00629617 0.00558693 0.00494098 0.00435601 0.00382942 0.00335847 0.00294035 0.0025722 0.00225124 0.00197481 0.00174042 0.00154579 0.00138896 0.00126822 0.00118224 0.00113014 
0.00112364 0.00113791 0.00118566 0.00126758 0.00138468 0.00153829 0.00173013 0.00196222 0.00223686 0.00255657 0.00292408 0.00334222 0.00381389 0.00434198 0.0049293 0.00557848 0.00629192 0.00707168 0.00791943 0.00883631 0.00982292 0.0108792 0.0120043 0.0131967 0.014454 0.015773 0.0171493 0.018578 0.020053 0.0215675 0.0231136 0.0246828 0.0262658 0.0278525 0.0294325 0.0309947 0.0325277 0.0340201 0.0354602 0.0368365 0.0381376 0.0393527 0.0404713 0.0414837 0.0423809 0.0431549 0.0437988 0.0443065 0.0446735 0.0448964 0.0449731 0.0449029 0.0446866 0.0443262 0.0438249 0.0431875 0.0424198 0.0415288 0.0405225 0.0394098 0.0382005 0.0369049 0.0355339 0.0340988 0.0326112 0.0310825 0.0295243 0.0279479 0.0263644 0.0247841 0.0232171 0.0216728 0.0201595 0.0186852 0.0172567 0.0158799 0.0145601 0.0133014 0.0121071 0.0109796 0.00992055 0.00893073 0.00801026 0.00715859 0.0063746 0.00565668 0.0050028 0.00441061 0.0038775 0.0034007 0.00297737 0.00260462 0.00227964 0.00199974 0.0017624 0.00156533 0.00140651 0.00128425 0.00119719 0.00114445 
0.00117077 0.00118566 0.00123535 0.00132057 0.00144235 0.00160207 0.00180151 0.00204274 0.00232813 0.00266031 0.00304206 0.00347631 0.00396604 0.00451422 0.00512372 0.00579726 0.00653729 0.0073459 0.00822478 0.00917509 0.0101974 0.0112916 0.0124568 0.0136914 0.0149929 0.0163578 0.0177817 0.0192595 0.0207847 0.0223504 0.0239485 0.02557 0.0272054 0.0288444 0.030476 0.0320889 0.0336715 0.0352118 0.0366979 0.0381178 0.0394601 0.0407134 0.0418671 0.042911 0.0438361 0.0446341 0.0452978 0.0458211 0.0461993 0.0464289 0.0465078 0.0464354 0.0462122 0.0458404 0.0453235 0.0446661 0.0438744 0.0429554 0.0419175 0.0407697 0.0395221 0.0381853 0.0367706 0.0352896 0.033754 0.0321759 0.030567 0.0289391 0.0273034 0.0256708 0.0240516 0.0224554 0.020891 0.0193666 0.0178891 0.0164649 0.0150993 0.0137965 0.0125601 0.0113926 0.0102957 0.00927028 0.00831644 0.00743368 0.00662088 0.0058764 0.00519817 0.00458378 0.00403057 0.00353569 0.0030962 0.00270916 0.00237166 0.00208092 0.00183436 0.00162961 0.0014646 0.00133757 0.00124712 0.00119233 
0.00125166 0.00126758 0.00132057 0.00141138 0.00154109 0.00171115 0.00192344 0.00218013 0.00248372 0.00283695 0.00324274 0.00370418 0.00422436 0.00480639 0.00545327 0.00616781 0.00695255 0.00780965 0.00874083 0.00974725 0.0108294 0.0119872 0.0132197 0.0145249 0.0159002 0.017342 0.0188455 0.0204052 0.0220145 0.0236657 0.0253504 0.0270592 0.0287821 0.030508 0.0322257 0.0339232 0.0355882 0.0372082 0.0387708 0.0402635 0.0416742 0.042991 0.0442029 0.0452994 0.0462708 0.0471086 0.0478052 0.0483544 0.0487513 0.048992 0.0490746 0.0489983 0.0487637 0.0483731 0.0478301 0.0471396 0.0463079 0.0453424 0.0442519 0.0430458 0.0417346 0.0403294 0.0388419 0.0372844 0.0356691 0.0340086 0.0323153 0.0306014 0.0288789 0.027159 0.0254527 0.02377 0.0221203 0.0205121 0.0189529 0.0174493 0.016007 0.0146306 0.0133237 0.0120892 0.0109288 0.00984363 0.00883379 0.00789883 0.0070376 0.00624845 0.00552924 0.00487748 0.00429039 0.00376501 0.00329828 0.00288711 0.00252845 0.00221942 0.00195727 0.00173954 0.00156404 0.00142893 0.00133273 0.00127449 
0.00136726 0.00138468 0.00144235 0.00154109 0.00168204 0.00186678 0.00209728 0.00237589 0.00270527 0.00308832 0.00352818 0.00402809 0.00459136 0.00522127 0.00592099 0.00669346 0.00754135 0.0084669 0.00947188 0.0105574 0.0117241 0.0129715 0.0142986 0.0157033 0.0171826 0.0187325 0.020348 0.0220229 0.0237501 0.0255214 0.0273278 0.0291592 0.0310047 0.0328528 0.0346911 0.0365071 0.0382876 0.0400194 0.0416891 0.0432837 0.0447901 0.0461959 0.0474893 0.0486592 0.0496955 0.0505889 0.0513317 0.0519171 0.05234 0.0525964 0.0526841 0.0526023 0.0523518 0.0519349 0.0513554 0.0506185 0.0497308 0.0487004 0.0475362 0.0462485 0.0448482 0.0433471 0.0417579 0.0400932 0.0383662 0.0365903 0.0347786 0.0329442 0.0310997 0.0292574 0.0274288 0.0256247 0.0238552 0.0221293 0.0204552 0.0188399 0.0172898 0.0158096 0.0144036 0.0130746 0.0118249 0.0106554 0.00956659 0.00855795 0.00762838 0.00677614 0.00599903 0.00529444 0.00465944 0.00409092 0.00358563 0.00314029 0.00275167 0.0024167 0.00213246 0.00189632 0.00170595 0.00155938 0.00145504 0.00139191 
0.00151893 0.00153829 0.00160207 0.00171115 0.00186678 0.00207065 0.00232491 0.00263209 0.00299506 0.00341696 0.00390115 0.00445114 0.00507046 0.00576263 0.00653102 0.00737877 0.00830867 0.00932308 0.0104238 0.011612 0.0128881 0.0142517 0.0157014 0.0172348 0.0188487 0.0205385 0.0222987 0.0241225 0.0260021 0.0279286 0.0298921 0.0318816 0.0338854 0.0358908 0.0378848 0.0398534 0.0417828 0.0436585 0.0454662 0.0471919 0.0488215 0.0503418 0.0517401 0.0530044 0.054124 0.0550891 0.0558912 0.0565232 0.0569795 0.057256 0.0573503 0.0572615 0.0569905 0.0565397 0.0559133 0.0551167 0.0541571 0.0530431 0.0517842 0.0503914 0.0488765 0.0472521 0.0455317 0.043729 0.0418582 0.0399336 0.0379693 0.0359796 0.0339779 0.0319776 0.0299912 0.0280304 0.026106 0.0242281 0.0224054 0.0206459 0.0189562 0.0173418 0.0158074 0.0143561 0.0129905 0.0117119 0.0105206 0.0094164 0.00839811 0.00746396 0.00661164 0.00583838 0.00514111 0.00451647 0.003961 0.00347118 0.00304357 0.00267481 0.00236179 0.00210166 0.00189191 0.0017304 0.00161545 0.00154593 
0.00170835 0.00173013 0.00180151 0.00192344 0.00209728 0.00232491 0.00260866 0.00295129 0.00335592 0.00382599 0.00436515 0.00497718 0.00566593 0.00643517 0.00728854 0.00822938 0.00926067 0.0103849 0.0116039 0.0129188 0.0143299 0.0158367 0.0174375 0.0191297 0.0209093 0.0227713 0.0247095 0.0267164 0.0287834 0.0309005 0.033057 0.0352406 0.0374386 0.0396372 0.0418219 0.0439777 0.0460894 0.0481414 0.0501182 0.0520043 0.0537847 0.0554451 0.0569716 0.0583515 0.059573 0.0606256 0.0615002 0.0621891 0.0626863 0.0629873 0.0630896 0.0629923 0.0626963 0.0622041 0.0615203 0.0606508 0.0596033 0.0583869 0.0570122 0.0554909 0.0538357 0.0520604 0.0501795 0.0482078 0.0461607 0.0440538 0.0419026 0.0397223 0.0375279 0.0353337 0.0331535 0.0310001 0.0288856 0.0268207 0.0248154 0.0228783 0.0210168 0.0192372 0.0175445 0.0159426 0.0144341 0.0130207 0.011703 0.0104808 0.00935288 0.00831748 0.00737214 0.00651395 0.00573958 0.00504545 0.00442783 0.00388291 0.00340694 0.00299629 0.00264757 0.00235768 0.00212387 0.00194383 0.0018157 0.00173827 
0.00193752 0.00196222 0.00204274 0.00218013 0.00237589 0.00263209 0.00295129 0.00333652 0.00379121 0.00431913 0.00492426 0.00561074 0.00638275 0.00724438 0.00819957 0.0092519 0.0104045 0.0116601 0.0130205 0.0144868 0.0160593 0.0177371 0.0195182 0.0213995 0.0233766 0.0254438 0.027594 0.0298189 0.0321087 0.0344525 0.0368381 0.0392524 0.0416809 0.0441086 0.0465196 0.0488974 0.0512252 0.053486 0.0556629 0.057739 0.0596979 0.061524 0.0632022 0.0647187 0.0660607 0.0672167 0.068177 0.0689331 0.0694786 0.0698087 0.0699204 0.069813 0.0694873 0.0689463 0.0681946 0.0672389 0.0660874 0.0647502 0.0632385 0.0615651 0.059744 0.05779 0.055719 0.0535471 0.0512913 0.0489684 0.0465955 0.0441892 0.0417659 0.0393416 0.0369312 0.0345491 0.0322084 0.0299213 0.0276986 0.0255501 0.023484 0.0215074 0.019626 0.0178442 0.0161652 0.0145909 0.0131221 0.0117588 0.0104998 0.0093432 0.0082865 0.00732655 0.00645979 0.00568235 0.00499017 0.00437912 0.00384509 0.00338414 0.00299254 0.00266688 0.00240417 0.00220184 0.00205788 0.00197093 
0.00220871 0.00223686 0.00232813 0.00248372 0.00270527 0.00299506 0.00335592 0.00379121 0.00430471 0.00490054 0.0055831 0.0063569 0.00722653 0.00819643 0.00927086 0.0104537 0.0117483 0.0131575 0.0146831 0.0163263 0.018087 0.0199643 0.0219556 0.0240574 0.0262644 0.0285704 0.0309671 0.0334453 0.035994 0.0386009 0.0412526 0.0439343 0.0466301 0.0493233 0.0519963 0.054631 0.0572088 0.0597112 0.0621194 0.064415 0.0665801 0.0685975 0.0704509 0.072125 0.073606 0.0748814 0.0759405 0.0767741 0.0773753 0.0777388 0.0778615 0.0777424 0.0773825 0.0767851 0.0759552 0.0749 0.0736286 0.0721518 0.0704819 0.068633 0.0666203 0.0644599 0.0621691 0.0597659 0.0572686 0.0546958 0.0520661 0.0493981 0.0467097 0.0440185 0.0413412 0.0386936 0.0360904 0.033545 0.0310696 0.0286752 0.026371 0.0241651 0.0220639 0.0200725 0.0181945 0.0164324 0.0147872 0.013259 0.0118467 0.0105484 0.00936136 0.00828226 0.00730727 0.00643218 0.00565257 0.00496393 0.00436177 0.00384175 0.00339978 0.00303211 0.00273543 0.00250692 0.00234434 0.00224622 
0.00252442 0.00255657 0.00266031 0.00283695 0.00308832 0.00341696 0.00382599 0.00431913 0.00490054 0.00557479 0.00634669 0.00722121 0.00820336 0.00929799 0.0105097 0.0118427 0.0133006 0.0148863 0.0166017 0.0184479 0.0204246 0.0225305 0.0247627 0.0271168 0.029587 0.0321659 0.0348444 0.0376118 0.0404559 0.0433631 0.046318 0.0493044 0.0523045 0.0552997 0.0582707 0.0611974 0.0640593 0.066836 0.0695067 0.0720514 0.0744503 0.0766847 0.0787365 0.0805892 0.0822276 0.0836382 0.0848091 0.0857305 0.0863947 0.086796 0.086931 0.0867987 0.0864001 0.0857388 0.0848203 0.0836525 0.0822453 0.0806103 0.0787614 0.0767135 0.0744834 0.0720889 0.0695489 0.066883 0.0641114 0.0612546 0.0583332 0.0553674 0.0523774 0.0493824 0.046401 0.0434507 0.0405479 0.0377078 0.0349439 0.0322685 0.0296921 0.0272238 0.0248709 0.0226393 0.0205334 0.0185558 0.0167082 0.0149906 0.0134022 0.0119409 0.0106039 0.00938768 0.00828801 0.00730039 0.00641998 0.00564184 0.00496105 0.00437284 0.0038727 0.00345649 0.00312055 0.00286178 0.00267769 0.00256665 
0.00288735 0.00292408 0.00304206 0.00324274 0.00352818 0.00390115 0.00436515 0.00492426 0.0055831 0.00634669 0.00722033 0.0082095 0.00931964 0.0105561 0.0119238 0.0134273 0.0150705 0.0168563 0.0187867 0.0208628 0.0230839 0.0254484 0.0279527 0.0305918 0.0333589 0.0362456 0.0392416 0.0423347 0.0455114 0.048756 0.0520518 0.0553802 0.0587219 0.062056 0.065361 0.0686148 0.0717949 0.0748784 0.0778429 0.080666 0.0833262 0.0858029 0.0880763 0.0901284 0.0919425 0.0935038 0.0947994 0.0958187 0.0965531 0.0969966 0.0971453 0.0969982 0.0965565 0.0958239 0.0948067 0.0935132 0.0919544 0.090143 0.088094 0.0858239 0.083351 0.0806948 0.0778761 0.0749163 0.0718378 0.068663 0.0654146 0.0621151 0.0587866 0.0554506 0.0521276 0.0488373 0.0455977 0.0424259 0.0393371 0.036345 0.0334616 0.0306972 0.0280602 0.0255572 0.0231935 0.0209722 0.0188953 0.0169633 0.0151751 0.013529 0.0120218 0.0106497 0.00940834 0.00829273 0.00729762 0.0064176 0.00564726 0.00498135 0.00441489 0.00394334 0.00356263 0.00326934 0.00306071 0.00293495 
0.0033003 0.00334222 0.00347631 0.00370418 0.00402809 0.00445114 0.00497718 0.00561074 0.0063569 0.00722121 0.0082095 0.00932775 0.0105819 0.0119779 0.0135209 0.0152159 0.017067 0.0190772 0.0212487 0.0235822 0.0260768 0.0287304 0.0315388 0.0344961 0.0375945 0.0408244 0.044174 0.0476298 0.0511762 0.054796 0.0584703 0.0621786 0.065899 0.0696087 0.0732838 0.0768998 0.0804317 0.0838547 0.0871437 0.0902744 0.0932231 0.0959671 0.098485 0.100757 0.102765 0.104492 0.105925 0.107052 0.107864 0.108354 0.108518 0.108354 0.107865 0.107054 0.105928 0.104496 0.10277 0.100764 0.0984944 0.0959792 0.0932383 0.0902932 0.0871665 0.083882 0.080464 0.0769373 0.0733269 0.0696577 0.065954 0.0622397 0.0585376 0.0548694 0.0512554 0.0477146 0.0442641 0.0409193 0.0376937 0.0345989 0.0316446 0.0288386 0.0261865 0.0236925 0.021359 0.0191865 0.0171745 0.0153208 0.0136225 0.0120754 0.0106747 0.00941512 0.00829089 0.00729612 0.00642486 0.00567135 0.00503011 0.00449611 0.00406489 0.00373264 0.00349632 0.00335393 
0.00376613 0.00381389 0.00396604 0.00422436 0.00459136 0.00507046 0.00566593 0.00638275 0.00722653 0.00820336 0.00931964 0.0105819 0.0119968 0.0135704 0.0153087 0.0172168 0.019299 0.0215587 0.0239978 0.0266169 0.0294147 0.0323885 0.0355334 0.0388426 0.0423071 0.0459159 0.0496557 0.0535112 0.057465 0.0614978 0.0655884 0.069714 0.0738505 0.0779723 0.0820532 0.086066 0.0899834 0.0937777 0.0974217 0.100889 0.104153 0.107189 0.109973 0.112485 0.114704 0.116612 0.118195 0.11944 0.120336 0.120876 0.121057 0.120875 0.120334 0.119438 0.118193 0.11661 0.114702 0.112484 0.109973 0.10719 0.104157 0.100896 0.0974327 0.0937929 0.0900033 0.0860912 0.0820841 0.0780094 0.073894 0.0697642 0.0656454 0.0615616 0.0575356 0.0535883 0.049739 0.0460051 0.0424016 0.0389418 0.0356367 0.032495 0.0295237 0.0267274 0.0241091 0.0216698 0.0194089 0.0173247 0.0154137 0.0136717 0.0120935 0.0106734 0.00940516 0.00828231 0.00729836 0.00644698 0.00572215 0.00511833 0.0046306 0.00425477 0.00398747 0.00382649 
0.00428771 0.00434198 0.00451422 0.00480639 0.00522127 0.00576263 0.00643517 0.00724438 0.00819643 0.00929799 0.0105561 0.0119779 0.0135704 0.0153405 0.0172945 0.0194378 0.0217751 0.0243098 0.0270436 0.0299769 0.0331081 0.0364337 0.039948 0.0436431 0.0475088 0.0515324 0.0556991 0.0599915 0.0643902 0.0688735 0.073418 0.0779984 0.0825876 0.0871578 0.0916797 0.0961235 0.100459 0.104656 0.108685 0.112516 0.116121 0.119473 0.122547 0.125318 0.127765 0.129869 0.131614 0.132985 0.133972 0.134567 0.134765 0.134564 0.133967 0.132978 0.131605 0.129859 0.127754 0.125307 0.122536 0.119464 0.116113 0.112511 0.108683 0.104658 0.100465 0.0961346 0.0916966 0.0871811 0.0826177 0.0780357 0.0734628 0.0689259 0.0644502 0.060059 0.0557739 0.0516142 0.047597 0.0437373 0.0400473 0.0365374 0.0332153 0.0300867 0.027155 0.0244219 0.0218869 0.0195482 0.0174025 0.0154452 0.0136709 0.0120733 0.0106456 0.00938095 0.00827214 0.00731226 0.00649473 0.00581345 0.00526302 0.0048388 0.00453711 0.00435552 
0.00486782 0.0049293 0.00512372 0.00545327 0.00592099 0.00653102 0.00728854 0.00819957 0.00927086 0.0105097 0.0119238 0.0135209 0.0153087 0.0172945 0.019485 0.0218863 0.0245029 0.0273383 0.0303944 0.033671 0.0371661 0.0408754 0.0447922 0.0489074 0.0532094 0.0576838 0.0623139 0.0670802 0.071961 0.0769323 0.0819678 0.0870396 0.092118 0.0971719 0.102169 0.107078 0.111864 0.116494 0.120937 0.125159 0.12913 0.132821 0.136204 0.139253 0.141945 0.144259 0.146177 0.147684 0.148768 0.149421 0.149638 0.149417 0.14876 0.147672 0.146162 0.144241 0.141925 0.139232 0.136182 0.132799 0.129109 0.125139 0.120919 0.11648 0.111854 0.107073 0.10217 0.0971794 0.0921327 0.0870621 0.0819984 0.0769713 0.0720086 0.0671363 0.0623784 0.0577565 0.0532898 0.0489949 0.0448861 0.0409749 0.0372704 0.033779 0.0305051 0.0274507 0.0246158 0.0219985 0.0195956 0.0174023 0.0154126 0.01362 0.0120172 0.0105966 0.00935038 0.00827106 0.00735143 0.00658481 0.00596526 0.00548772 0.00514812 0.0049438 
0.00550906 0.00557848 0.00579726 0.00616781 0.00669346 0.00737877 0.00822938 0.0092519 0.0104537 0.0118427 0.0134273 0.0152159 0.0172168 0.0194378 0.0218863 0.0245683 0.0274888 0.0306513 0.0340573 0.0377065 0.0415961 0.045721 0.0500734 0.0546429 0.0594161 0.064377 0.0695067 0.0747835 0.0801832 0.085679 0.0912421 0.0968413 0.102444 0.108016 0.113523 0.118928 0.124195 0.129288 0.134172 0.138812 0.143174 0.147226 0.150938 0.154283 0.157235 0.159771 0.161873 0.163524 0.164712 0.165427 0.165664 0.165421 0.164701 0.163508 0.161852 0.159745 0.157205 0.15425 0.150903 0.147189 0.143137 0.138776 0.134138 0.129257 0.124167 0.118905 0.113506 0.108006 0.102441 0.0968469 0.0912564 0.0857026 0.0802163 0.0748263 0.069559 0.0644387 0.0594868 0.0547221 0.0501604 0.0458149 0.0416961 0.0378115 0.0341662 0.0307629 0.027602 0.0246817 0.0219987 0.0195482 0.0173238 0.0153184 0.0135243 0.0119333 0.0105369 0.00932691 0.00829554 0.00743548 0.00674025 0.0062043 0.00582317 0.00559396 
0.00621382 0.00629192 0.00653729 0.00695255 0.00754135 0.00830867 0.00926067 0.0104045 0.0117483 0.0133006 0.0150705 0.017067 0.019299 0.0217751 0.0245029 0.0274888 0.030738 0.0342538 0.0380377 0.0420887 0.0464033 0.0509756 0.0557964 0.0608539 0.066133 0.0716156 0.0772805 0.0831036 0.089058 0.0951142 0.10124 0.107402 0.113563 0.119687 0.125734 0.131667 0.137445 0.143029 0.14838 0.153462 0.158237 0.162671 0.166731 0.170388 0.173615 0.176386 0.178682 0.180486 0.181782 0.182563 0.182821 0.182555 0.181767 0.180463 0.178653 0.176351 0.173574 0.170343 0.166682 0.162619 0.158184 0.153408 0.148328 0.142978 0.137398 0.131624 0.125697 0.119657 0.113541 0.107388 0.101236 0.0951202 0.0890745 0.0831309 0.0773185 0.0716643 0.0661921 0.060923 0.0558747 0.0510623 0.0464975 0.0421893 0.0381435 0.0343636 0.0308504 0.0276025 0.0246165 0.0218874 0.0194085 0.0171724 0.0151707 0.0133946 0.0118349 0.0104829 0.00932998 0.00836824 0.0075906 0.00699104 0.0065647 0.0063084 
0.00698414 0.00707168 0.0073459 0.00780965 0.0084669 0.00932308 0.0103849 0.0116601 0.0131575 0.0148863 0.0168563 0.0190772 0.0215587 0.0243098 0.0273383 0.0306513 0.0342538 0.0381492 0.0423386 0.0468203 0.0515903 0.0566413 0.0619629 0.0675416 0.0733604 0.0793989 0.0856337 0.0920379 0.0985817 0.105233 0.111955 0.118712 0.125465 0.132172 0.138791 0.14528 0.151596 0.157698 0.163542 0.169088 0.174297 0.179132 0.183558 0.187542 0.191057 0.194075 0.196574 0.198537 0.199948 0.200796 0.201077 0.200787 0.199929 0.198509 0.196537 0.19403 0.191005 0.187484 0.183494 0.179064 0.174226 0.169016 0.163469 0.157627 0.151528 0.145216 0.138732 0.13212 0.125421 0.118678 0.111931 0.105219 0.0985794 0.0920474 0.0856553 0.0794326 0.0734059 0.0675986 0.0620307 0.0567191 0.0516771 0.046915 0.0424399 0.0382559 0.0343644 0.0307643 0.0274523 0.0244231 0.0216701 0.0191851 0.0169593 0.0149833 0.0132472 0.0117416 0.0104572 0.00938537 0.00851853 0.0078501 0.0073748 0.00708916 
0.00782167 0.00791943 0.00822478 0.00874083 0.00947188 0.0104238 0.0116039 0.0130205 0.0146831 0.0166017 0.0187867 0.0212487 0.0239978 0.0270436 0.0303944 0.0340573 0.0380377 0.0423386 0.0469606 0.0519017 0.0571566 0.062717 0.0685709 0.074703 0.0810942 0.0877219 0.0945599 0.101578 0.108745 0.116023 0.123375 0.13076 0.138134 0.145453 0.152672 0.159745 0.166626 0.173268 0.179627 0.185659 0.191322 0.196575 0.201382 0.205708 0.209522 0.212797 0.215508 0.217636 0.219166 0.220086 0.220389 0.220074 0.219143 0.217602 0.215463 0.212742 0.209458 0.205636 0.201303 0.19649 0.191233 0.185567 0.179534 0.173176 0.166535 0.159658 0.15259 0.145378 0.138066 0.130702 0.123328 0.115988 0.108722 0.101568 0.0945629 0.0877384 0.0811241 0.0747459 0.0686262 0.0627839 0.0572343 0.0519889 0.047056 0.0424408 0.0381452 0.0341685 0.0305076 0.0271572 0.0241103 0.0213584 0.0188921 0.0167013 0.0147757 0.0131048 0.0116789 0.0104887 0.00952576 0.00878315 0.00825511 0.00793789 
0.00872756 0.00883631 0.00917509 0.00974725 0.0105574 0.011612 0.0129188 0.0144868 0.0163263 0.0184479 0.0208628 0.0235822 0.0266169 0.0299769 0.033671 0.0377065 0.0420887 0.0468203 0.0519017 0.0573298 0.0630984 0.0691979 0.0756145 0.082331 0.0893261 0.0965745 0.104047 0.111712 0.119532 0.127469 0.13548 0.143521 0.151545 0.159505 0.16735 0.175032 0.1825 0.189706 0.1966 0.203136 0.209269 0.214956 0.220158 0.224838 0.228962 0.232502 0.235432 0.237732 0.239384 0.240377 0.240705 0.240363 0.239356 0.237691 0.235379 0.232436 0.228885 0.224751 0.220063 0.214853 0.20916 0.203023 0.196484 0.189589 0.182385 0.17492 0.167243 0.159404 0.151453 0.143438 0.135408 0.127409 0.119486 0.11168 0.10403 0.0965717 0.0893381 0.0823577 0.0756554 0.0692521 0.0631651 0.0574077 0.0519895 0.0469166 0.0421917 0.0378147 0.0337825 0.0300898 0.0267296 0.0236928 0.0209697 0.0185495 0.0164212 0.0145737 0.0129963 0.0116792 0.0106134 0.00979134 0.00920679 0.00885574 
0.00970239 0.00982292 0.0101974 0.0108294 0.0117241 0.0128881 0.0143299 0.0160593 0.018087 0.0204246 0.0230839 0.0260768 0.0294147 0.0331081 0.0371661 0.0415961 0.0464033 0.0515903 0.0571566 0.0630984 0.0694084 0.0760752 0.0830835 0.0904138 0.0980424 0.105941 0.114079 0.122419 0.130922 0.139546 0.148244 0.156968 0.165668 0.174292 0.182787 0.1911 0.199176 0.206964 0.214411 0.221468 0.228086 0.234221 0.239829 0.244873 0.249316 0.253129 0.256284 0.25876 0.260538 0.261606 0.261958 0.26159 0.260506 0.258712 0.256222 0.253052 0.249227 0.244771 0.239717 0.234099 0.227957 0.221333 0.214273 0.206823 0.199036 0.190961 0.182653 0.174164 0.165548 0.156858 0.148145 0.13946 0.13085 0.122362 0.114038 0.105917 0.0980345 0.0904223 0.0831079 0.0761148 0.0694623 0.0631654 0.0572353 0.0516791 0.0465006 0.0416999 0.0372746 0.0332193 0.0295268 0.0261877 0.0231918 0.0205278 0.0181838 0.0161482 0.0144096 0.0129574 0.011782 0.0108752 0.0102304 0.00984329 
0.0107461 0.0108792 0.0112916 0.0119872 0.0129715 0.0142517 0.0158367 0.0177371 0.0199643 0.0225305 0.0254484 0.0287304 0.0323885 0.0364337 0.0408754 0.045721 0.0509756 0.0566413 0.062717 0.0691979 0.0760752 0.0833361 0.0909632 0.0989347 0.107224 0.115802 0.124631 0.133673 0.142886 0.152222 0.161632 0.171063 0.180462 0.189773 0.198938 0.2079 0.216603 0.224989 0.233005 0.240596 0.247711 0.254304 0.260328 0.265744 0.270514 0.274605 0.27799 0.280645 0.282552 0.283697 0.284074 0.283679 0.282515 0.280591 0.277919 0.274518 0.270411 0.265627 0.260199 0.254163 0.247561 0.240438 0.232842 0.224823 0.216436 0.207735 0.198776 0.189616 0.180314 0.170925 0.161505 0.152108 0.142787 0.133591 0.124565 0.115754 0.107195 0.0989229 0.0909691 0.0833591 0.0761144 0.0692521 0.0627848 0.0567211 0.0510655 0.0458192 0.0409797 0.0365421 0.0324989 0.0288406 0.0255565 0.0226345 0.0200623 0.0178276 0.0159181 0.0143227 0.013031 0.0120344 0.0113258 0.0109004 
0.011858 0.0120043 0.0124568 0.0132197 0.0142986 0.0157014 0.0174375 0.0195182 0.0219556 0.0247627 0.0279527 0.0315388 0.0355334 0.039948 0.0447922 0.0500734 0.0557964 0.0619629 0.0685709 0.0756145 0.0830835 0.0909632 0.0992341 0.107872 0.116848 0.126128 0.135674 0.145443 0.155388 0.16546 0.175603 0.185763 0.19588 0.205896 0.215748 0.225376 0.234719 0.243718 0.252313 0.260449 0.268072 0.27513 0.281578 0.287373 0.292474 0.296848 0.300466 0.303303 0.30534 0.306564 0.306965 0.306543 0.305299 0.303242 0.300385 0.296749 0.292357 0.28724 0.281431 0.27497 0.2679 0.260268 0.252126 0.243526 0.234525 0.225182 0.215556 0.205709 0.195701 0.185594 0.175446 0.165316 0.155261 0.145332 0.135582 0.126055 0.116794 0.107838 0.0992196 0.0909677 0.0831061 0.0756542 0.0686262 0.0620321 0.0558776 0.0501645 0.0448911 0.0400525 0.0356411 0.0316474 0.0280601 0.0248668 0.0220544 0.0196098 0.0175203 0.0157738 0.0143595 0.0132681 0.0124921 0.0120264 
0.0130364 0.0131967 0.0136914 0.0145249 0.0157033 0.0172348 0.0191297 0.0213995 0.0240574 0.0271168 0.0305918 0.0344961 0.0388426 0.0436431 0.0489074 0.0546429 0.0608539 0.0675416 0.074703 0.082331 0.0904138 0.0989347 0.107872 0.117199 0.126884 0.136889 0.147173 0.15769 0.168388 0.179214 0.190109 0.201014 0.211866 0.222601 0.233154 0.243461 0.253456 0.263076 0.27226 0.280949 0.289085 0.296616 0.303492 0.309669 0.315105 0.319764 0.323617 0.326638 0.328806 0.330108 0.330536 0.330085 0.328761 0.32657 0.323528 0.319654 0.314975 0.309521 0.303327 0.296436 0.288892 0.280745 0.272048 0.262858 0.253234 0.243237 0.232933 0.222384 0.211656 0.200814 0.189921 0.179039 0.16823 0.157549 0.147052 0.136788 0.126804 0.117141 0.107835 0.0989188 0.0904181 0.0823543 0.074744 0.0675985 0.0609248 0.0547255 0.0489996 0.0437424 0.0389465 0.0346022 0.0306977 0.0272203 0.0241562 0.0214917 0.0192133 0.0173084 0.0157654 0.0145745 0.0137276 0.0132196 
0.014279 0.014454 0.0149929 0.0159002 0.0171826 0.0188487 0.0209093 0.0233766 0.0262644 0.029587 0.0333589 0.0375945 0.0423071 0.0475088 0.0532094 0.0594161 0.066133 0.0733604 0.0810942 0.0893261 0.0980424 0.107224 0.116848 0.126884 0.137296 0.148046 0.159086 0.170368 0.181836 0.193432 0.205094 0.216758 0.228357 0.239823 0.251087 0.26208 0.272735 0.282983 0.292762 0.302007 0.310661 0.318667 0.325973 0.332534 0.338306 0.343252 0.34734 0.350545 0.352845 0.354226 0.354679 0.354201 0.352795 0.35047 0.347242 0.343131 0.338163 0.332371 0.325791 0.318468 0.310447 0.301781 0.292525 0.282738 0.272484 0.261827 0.250834 0.239574 0.228114 0.216525 0.204873 0.193225 0.181645 0.170196 0.158935 0.147916 0.137189 0.1268 0.116787 0.107186 0.0980265 0.0893314 0.0811193 0.0734034 0.066192 0.0594889 0.0532935 0.0476017 0.0424062 0.0376971 0.0334625 0.0296891 0.0263627 0.0234688 0.0209933 0.0189229 0.0172455 0.0159506 0.0150299 0.0144777 
0.0155826 0.015773 0.0163578 0.017342 0.0187325 0.0205385 0.0227713 0.0254438 0.0285704 0.0321659 0.0362456 0.0408244 0.0459159 0.0515324 0.0576838 0.064377 0.0716156 0.0793989 0.0877219 0.0965745 0.105941 0.115802 0.126128 0.136889 0.148046 0.159554 0.171366 0.183426 0.195677 0.208055 0.220495 0.232927 0.245281 0.257485 0.269466 0.281152 0.29247 0.30335 0.313725 0.323529 0.3327 0.341181 0.348918 0.355861 0.361968 0.3672 0.371523 0.374911 0.377342 0.378801 0.37928 0.378774 0.377288 0.37483 0.371417 0.367068 0.361813 0.355684 0.348719 0.340963 0.332465 0.323279 0.313463 0.303079 0.292191 0.28087 0.269184 0.257205 0.245007 0.232661 0.22024 0.207815 0.195454 0.183222 0.171183 0.159394 0.147909 0.136777 0.126042 0.11574 0.105904 0.0965602 0.0877294 0.0794266 0.0716613 0.0644385 0.0577586 0.0516177 0.046009 0.0409225 0.036346 0.0322658 0.0286673 0.0255353 0.0228552 0.020613 0.0187959 0.017393 0.0163954 0.0157972 
0.0169431 0.0171493 0.0177817 0.0188455 0.020348 0.0222987 0.0247095 0.027594 0.0309671 0.0348444 0.0392416 0.044174 0.0496557 0.0556991 0.0623139 0.0695067 0.0772805 0.0856337 0.0945599 0.104047 0.114079 0.124631 0.135674 0.147173 0.159086 0.171366 0.18396 0.196809 0.209851 0.223019 0.236243 0.249449 0.262563 0.275508 0.288209 0.300587 0.312569 0.32408 0.33505 0.34541 0.355097 0.36405 0.372214 0.379538 0.385977 0.391491 0.396047 0.399616 0.402177 0.403714 0.404218 0.403685 0.402119 0.39953 0.395933 0.39135 0.38581 0.379346 0.371999 0.363814 0.354842 0.345138 0.334764 0.323782 0.312263 0.300276 0.287895 0.275196 0.262255 0.249149 0.235954 0.222745 0.209594 0.196571 0.183744 0.171174 0.158919 0.147033 0.13556 0.124544 0.114018 0.104012 0.0945484 0.0856445 0.0773116 0.0695556 0.062378 0.0557757 0.0497418 0.0442666 0.0393378 0.0349413 0.031062 0.0276843 0.0247929 0.022373 0.0204116 0.0188969 0.0178198 0.0171742 
0.0183554 0.018578 0.0192595 0.0204052 0.0220229 0.0241225 0.0267164 0.0298189 0.0334453 0.0376118 0.0423347 0.0476298 0.0535112 0.0599915 0.0670802 0.0747835 0.0831036 0.0920379 0.101578 0.111712 0.122419 0.133673 0.145443 0.15769 0.170368 0.183426 0.196809 0.210453 0.224291 0.238252 0.252263 0.266244 0.280118 0.293804 0.307222 0.320291 0.332933 0.34507 0.35663 0.367542 0.377739 0.387159 0.395744 0.403444 0.41021 0.416003 0.420787 0.424535 0.427223 0.428836 0.429365 0.428805 0.427162 0.424443 0.420666 0.415853 0.410032 0.403239 0.395515 0.386906 0.377465 0.367249 0.356321 0.344748 0.3326 0.319951 0.306878 0.293461 0.279778 0.265911 0.25194 0.237944 0.223999 0.210181 0.19656 0.183202 0.17017 0.157519 0.145301 0.13356 0.122333 0.111654 0.101547 0.0920306 0.0831187 0.0748186 0.0671326 0.0600582 0.0535892 0.0477159 0.042426 0.037705 0.0335375 0.0299074 0.0267987 0.0241963 0.0220863 0.0204568 0.0192979 0.0186034 
0.0198136 0.020053 0.0207847 0.0220145 0.0237501 0.0260021 0.0287834 0.0321087 0.035994 0.0404559 0.0455114 0.0511762 0.057465 0.0643902 0.071961 0.0801832 0.089058 0.0985817 0.108745 0.119532 0.130922 0.142886 0.155388 0.168388 0.181836 0.195677 0.209851 0.224291 0.238926 0.25368 0.268475 0.28323 0.29786 0.312281 0.32641 0.340163 0.353458 0.366214 0.378356 0.389811 0.40051 0.410388 0.419387 0.427454 0.434541 0.440607 0.445615 0.449537 0.45235 0.454037 0.45459 0.454005 0.452285 0.44944 0.445487 0.440448 0.434353 0.427238 0.419144 0.410119 0.400218 0.389498 0.378025 0.365868 0.353099 0.339795 0.326037 0.311907 0.297487 0.282863 0.268119 0.253337 0.2386 0.223985 0.209568 0.195419 0.181605 0.168186 0.155217 0.142745 0.130811 0.119451 0.108692 0.0985551 0.089056 0.0802033 0.0720005 0.064446 0.057534 0.051255 0.0455967 0.0405446 0.0360828 0.0321948 0.028864 0.0260749 0.023813 0.0220659 0.0208234 0.0200788 
0.0213109 0.0215675 0.0223504 0.0236657 0.0255214 0.0279286 0.0309005 0.0344525 0.0386009 0.0433631 0.048756 0.054796 0.0614978 0.0688735 0.0769323 0.085679 0.0951142 0.105233 0.116023 0.127469 0.139546 0.152222 0.16546 0.179214 0.193432 0.208055 0.223019 0.238252 0.25368 0.269223 0.284797 0.300316 0.315694 0.330843 0.345673 0.3601 0.374036 0.3874 0.400113 0.4121 0.423289 0.433615 0.443018 0.451443 0.458842 0.465172 0.470398 0.474489 0.477423 0.479183 0.47976 0.47915 0.477356 0.474388 0.470264 0.465007 0.458645 0.451216 0.442762 0.433332 0.42298 0.411768 0.399762 0.387031 0.373653 0.359705 0.345272 0.330438 0.315291 0.299917 0.284407 0.268845 0.25332 0.237912 0.222701 0.207764 0.193169 0.178981 0.165258 0.152052 0.139408 0.127363 0.115948 0.105186 0.095094 0.0856832 0.0769579 0.0689175 0.0615568 0.0548666 0.0488347 0.0434465 0.0386858 0.0345356 0.0309791 0.028 0.0255836 0.0237167 0.022389 0.0215936 
0.0228396 0.0231136 0.0239485 0.0253504 0.0273278 0.0298921 0.033057 0.0368381 0.0412526 0.046318 0.0520518 0.0584703 0.0655884 0.073418 0.0819678 0.0912421 0.10124 0.111955 0.123375 0.13548 0.148244 0.161632 0.175603 0.190109 0.205094 0.220495 0.236243 0.252263 0.268475 0.284797 0.301139 0.317413 0.333527 0.349389 0.364908 0.379994 0.394558 0.408515 0.421784 0.434288 0.445954 0.456715 0.466509 0.475281 0.482982 0.489568 0.495004 0.499259 0.502309 0.504139 0.504739 0.504105 0.50224 0.499154 0.494865 0.489396 0.482777 0.475045 0.466242 0.456419 0.445631 0.43394 0.421414 0.408125 0.394151 0.379574 0.36448 0.348956 0.333093 0.316982 0.300716 0.284386 0.268081 0.251888 0.235891 0.22017 0.204798 0.189844 0.175371 0.161433 0.148079 0.135348 0.123276 0.111887 0.101201 0.0912293 0.0819787 0.0734493 0.0656366 0.0585319 0.0521231 0.0463956 0.0413329 0.0369178 0.033133 0.0299617 0.0273888 0.0254008 0.0239869 0.0231399 
0.0243912 0.0246828 0.02557 0.0270592 0.0291592 0.0318816 0.0352406 0.0392524 0.0439343 0.0493044 0.0553802 0.0621786 0.069714 0.0779984 0.0870396 0.0968413 0.107402 0.118712 0.13076 0.143521 0.156968 0.171063 0.185763 0.201014 0.216758 0.232927 0.249449 0.266244 0.28323 0.300316 0.317413 0.334426 0.35126 0.367819 0.384009 0.399737 0.414911 0.429444 0.443252 0.456256 0.468383 0.479563 0.489734 0.49884 0.506831 0.513663 0.5193 0.523712 0.526874 0.528771 0.529393 0.528736 0.526803 0.523604 0.519158 0.513486 0.506619 0.498595 0.489457 0.479255 0.468046 0.455893 0.442864 0.429034 0.414483 0.399294 0.383556 0.367359 0.350797 0.333965 0.316958 0.299873 0.282801 0.265836 0.249064 0.232568 0.216429 0.200717 0.1855 0.170835 0.156775 0.143363 0.130636 0.118622 0.107343 0.096811 0.087035 0.0780161 0.0697507 0.0622305 0.0554436 0.0493754 0.0440094 0.039328 0.0353136 0.0319491 0.0292188 0.0271089 0.0256081 0.0247093 
0.0259565 0.0262658 0.0272054 0.0287821 0.0310047 0.0338854 0.0374386 0.0416809 0.0466301 0.0523045 0.0587219 0.065899 0.0738505 0.0825876 0.092118 0.102444 0.113563 0.125465 0.138134 0.151545 0.165668 0.180462 0.19588 0.211866 0.228357 0.245281 0.262563 0.280118 0.29786 0.315694 0.333527 0.35126 0.368794 0.38603 0.402871 0.41922 0.434983 0.450071 0.464399 0.477884 0.490453 0.502035 0.512567 0.521992 0.53026 0.537327 0.543156 0.547717 0.550986 0.552947 0.55359 0.55291 0.550913 0.547607 0.54301 0.537145 0.530043 0.521741 0.512282 0.501718 0.490105 0.477508 0.463996 0.449645 0.434536 0.418756 0.402394 0.385544 0.368303 0.35077 0.333042 0.315219 0.297399 0.279677 0.262144 0.24489 0.227995 0.211537 0.195586 0.180205 0.165447 0.151361 0.137986 0.125352 0.113484 0.102396 0.0920972 0.0825914 0.0738751 0.0659407 0.0587766 0.0523685 0.0466995 0.0417521 0.0375082 0.0339504 0.0310626 0.0288307 0.0272431 0.0262923 
0.0275256 0.0278525 0.0288444 0.030508 0.0328528 0.0358908 0.0396372 0.0441086 0.0493233 0.0552997 0.062056 0.0696087 0.0779723 0.0871578 0.0971719 0.108016 0.119687 0.132172 0.145453 0.159505 0.174292 0.189773 0.205896 0.222601 0.239823 0.257485 0.275508 0.293804 0.312281 0.330843 0.349389 0.367819 0.38603 0.40392 0.421388 0.438334 0.454664 0.470284 0.485108 0.499054 0.512044 0.524009 0.534884 0.544613 0.553143 0.560433 0.566444 0.571146 0.574516 0.576538 0.5772 0.576501 0.574442 0.571035 0.566296 0.560249 0.552923 0.544356 0.534593 0.523684 0.511687 0.498666 0.484692 0.469842 0.454199 0.437851 0.420889 0.40341 0.385514 0.367302 0.348875 0.330338 0.31179 0.293331 0.275058 0.257061 0.239429 0.222241 0.205571 0.189486 0.174043 0.159295 0.145281 0.132037 0.119587 0.107949 0.0971346 0.087147 0.0779843 0.0696396 0.0621017 0.0553562 0.0493866 0.044175 0.0397031 0.0359531 0.0329087 0.0305554 0.0288814 0.0278791 
0.0290882 0.0294325 0.030476 0.0322257 0.0346911 0.0378848 0.0418219 0.0465196 0.0519963 0.0582707 0.065361 0.0732838 0.0820532 0.0916797 0.102169 0.113523 0.125734 0.138791 0.152672 0.16735 0.182787 0.198938 0.215748 0.233154 0.251087 0.269466 0.288209 0.307222 0.32641 0.345673 0.364908 0.384009 0.402871 0.421388 0.439456 0.456974 0.473844 0.489971 0.505268 0.51965 0.53304 0.545367 0.556567 0.566581 0.57536 0.582859 0.589041 0.593876 0.597341 0.599419 0.600101 0.599382 0.597267 0.593764 0.588892 0.582673 0.575137 0.566322 0.556271 0.545036 0.532675 0.519253 0.504841 0.489516 0.473364 0.456473 0.438938 0.420856 0.402331 0.383466 0.364367 0.34514 0.325889 0.306718 0.287727 0.269011 0.250662 0.232763 0.215393 0.198622 0.182511 0.167114 0.152476 0.138633 0.125614 0.113437 0.102115 0.0916541 0.0820522 0.0733036 0.0653973 0.0583194 0.0520532 0.0465808 0.0418838 0.037944 0.0347449 0.0322717 0.0305123 0.029459 
0.0306332 0.0309947 0.0320889 0.0339232 0.0365071 0.0398534 0.0439777 0.0488974 0.054631 0.0611974 0.0686148 0.0768998 0.086066 0.0961235 0.107078 0.118928 0.131667 0.14528 0.159745 0.175032 0.1911 0.2079 0.225376 0.243461 0.26208 0.281152 0.300587 0.320291 0.340163 0.3601 0.379994 0.399737 0.41922 0.438334 0.456974 0.475035 0.492417 0.509025 0.524768 0.539562 0.553328 0.565996 0.5775 0.587783 0.596793 0.604488 0.61083 0.615789 0.619343 0.621474 0.622173 0.621437 0.619268 0.615677 0.610681 0.604301 0.596569 0.587521 0.577202 0.565661 0.552958 0.539157 0.524331 0.508559 0.491924 0.474519 0.456438 0.437784 0.418659 0.39917 0.379428 0.359539 0.339614 0.319758 0.300075 0.280666 0.261625 0.24304 0.224992 0.207556 0.190796 0.17477 0.159525 0.1451 0.131525 0.118823 0.107007 0.0960829 0.086052 0.0769082 0.0686415 0.061238 0.0546812 0.0489532 0.0440354 0.0399095 0.0365585 0.0339676 0.0321244 0.031021 
0.0321495 0.0325277 0.0336715 0.0355882 0.0382876 0.0417828 0.0460894 0.0512252 0.0572088 0.0640593 0.0717949 0.0804317 0.0899834 0.100459 0.111864 0.124195 0.137445 0.151596 0.166626 0.1825 0.199176 0.216603 0.234719 0.253456 0.272735 0.29247 0.312569 0.332933 0.353458 0.374036 0.394558 0.414911 0.434983 0.454664 0.473844 0.492417 0.510282 0.527341 0.543503 0.558683 0.572802 0.585787 0.597575 0.608108 0.617334 0.62521 0.6317 0.636774 0.64041 0.64259 0.643306 0.642553 0.640336 0.636663 0.631552 0.625024 0.617109 0.607845 0.597275 0.58545 0.572427 0.558273 0.543059 0.526866 0.509778 0.491888 0.473293 0.454096 0.434403 0.414323 0.393968 0.373451 0.352882 0.332372 0.312029 0.291956 0.272251 0.253006 0.234307 0.216231 0.198846 0.182213 0.166382 0.151394 0.137283 0.124072 0.111776 0.100404 0.0899561 0.0804287 0.0718117 0.0640917 0.0572522 0.0512755 0.0461427 0.0418354 0.0383366 0.035631 0.0337061 0.0325539 
0.0336257 0.0340201 0.0352118 0.0372082 0.0400194 0.0436585 0.0481414 0.053486 0.0597112 0.066836 0.0748784 0.0838547 0.0937777 0.104656 0.116494 0.129288 0.143029 0.157698 0.173268 0.189706 0.206964 0.224989 0.243718 0.263076 0.282983 0.30335 0.32408 0.34507 0.366214 0.3874 0.408515 0.429444 0.450071 0.470284 0.489971 0.509025 0.527341 0.544821 0.561374 0.576913 0.591359 0.604639 0.61669 0.627453 0.636878 0.644922 0.651548 0.656729 0.660439 0.662665 0.663396 0.662629 0.660366 0.656619 0.651401 0.644737 0.636655 0.627191 0.61639 0.604301 0.590982 0.5765 0.560925 0.544339 0.526828 0.508484 0.489407 0.469701 0.449473 0.428837 0.407905 0.386792 0.365614 0.344484 0.323514 0.302809 0.282472 0.262599 0.243279 0.224591 0.206608 0.189394 0.173001 0.157474 0.142847 0.129147 0.11639 0.104586 0.0937374 0.0838403 0.0748855 0.06686 0.0597477 0.0535307 0.0481902 0.0437077 0.0400658 0.0372493 0.0352454 0.034046 
0.0350502 0.0354602 0.0366979 0.0387708 0.0416891 0.0454662 0.0501182 0.0556629 0.0621194 0.0695067 0.0778429 0.0871437 0.0974217 0.108685 0.120937 0.134172 0.14838 0.163542 0.179627 0.1966 0.214411 0.233005 0.252313 0.27226 0.292762 0.313725 0.33505 0.35663 0.378356 0.400113 0.421784 0.443252 0.464399 0.485108 0.505268 0.524768 0.543503 0.561374 0.578288 0.594158 0.608906 0.622457 0.634749 0.645724 0.655331 0.663528 0.670279 0.675556 0.679336 0.681603 0.682348 0.681567 0.679264 0.675448 0.670134 0.663345 0.65511 0.645464 0.63445 0.622119 0.608528 0.593743 0.577836 0.560887 0.542983 0.524218 0.504693 0.484512 0.463785 0.442628 0.421155 0.399484 0.377734 0.356021 0.334459 0.313159 0.292225 0.271758 0.251848 0.232581 0.214031 0.196265 0.179338 0.163297 0.148179 0.134013 0.120816 0.1086 0.0973687 0.0871181 0.0778403 0.0695225 0.062149 0.0557019 0.0501624 0.0455119 0.041733 0.0388101 0.0367305 0.0354859 
0.0364117 0.0368365 0.0381178 0.0402635 0.0432837 0.0471919 0.0520043 0.057739 0.064415 0.0720514 0.080666 0.0902744 0.100889 0.112516 0.125159 0.138812 0.153462 0.169088 0.185659 0.203136 0.221468 0.240596 0.260449 0.280949 0.302007 0.323529 0.34541 0.367542 0.389811 0.4121 0.434288 0.456256 0.477884 0.499054 0.51965 0.539562 0.558683 0.576913 0.594158 0.610332 0.625355 0.639154 0.651666 0.662833 0.672605 0.680941 0.687806 0.69317 0.697012 0.699317 0.700074 0.699281 0.696942 0.693064 0.687663 0.680761 0.672387 0.662575 0.651369 0.638818 0.624978 0.609916 0.593704 0.576422 0.558158 0.539005 0.519066 0.498446 0.477258 0.455617 0.433641 0.411452 0.389168 0.366911 0.344797 0.322939 0.301447 0.280422 0.25996 0.240148 0.221065 0.202779 0.185348 0.168823 0.153242 0.138635 0.125023 0.112418 0.100823 0.0902379 0.080654 0.0720591 0.0644378 0.0577724 0.052044 0.047234 0.0433249 0.040301 0.0381494 0.0368618 
0.0376989 0.0381376 0.0394601 0.0416742 0.0447901 0.0488215 0.0537847 0.0596979 0.0665801 0.0744503 0.0833262 0.0932231 0.104153 0.116121 0.12913 0.143174 0.158237 0.174297 0.191322 0.209269 0.228086 0.247711 0.268072 0.289085 0.310661 0.3327 0.355097 0.377739 0.40051 0.423289 0.445954 0.468383 0.490453 0.512044 0.53304 0.553328 0.572802 0.591359 0.608906 0.625355 0.640627 0.65465 0.66736 0.678701 0.688622 0.697083 0.704049 0.709492 0.71339 0.715728 0.716497 0.715693 0.713321 0.709388 0.703909 0.696906 0.688407 0.678447 0.667067 0.654316 0.640252 0.62494 0.608451 0.590866 0.572273 0.552766 0.532448 0.511427 0.489815 0.46773 0.445292 0.422624 0.399849 0.377088 0.354463 0.332089 0.310078 0.288536 0.267561 0.247242 0.227662 0.208891 0.190991 0.174014 0.158 0.142981 0.12898 0.116009 0.104075 0.0931762 0.0833051 0.0744503 0.0665964 0.0597259 0.0538201 0.0488603 0.0448288 0.0417099 0.0394907 0.0381627 
