0.000181595 0.000185206 0.000198104 0.000220689 0.000253583 0.000297662 0.000354051 0.000424118 0.000509464 0.000611914 0.0007335 0.000876442 0.00104312 0.00123604 0.0014578 0.00171106 0.00199845 0.00232256 0.00268584 0.00309056 0.00353871 0.00403196 0.00457155 0.00515826 0.00579227 0.00647319 0.0071999 0.00797059 0.00878267 0.00963279 0.0105168 0.0114297 0.0123658 0.0133188 0.0142815 0.0152464 0.0162053 0.0171498 0.0180711 0.0189604 0.0198088 0.0206077 0.0213487 0.0220237 0.0226255 0.0231473 0.0235833 0.0239285 0.0241789 0.0243317 0.0243851 0.0243386 0.0241925 0.0239488 0.0236102 0.0231806 0.022665 0.0220692 0.0213999 0.0206643 0.0198705 0.0190267 0.0181417 0.0172242 0.016283 0.0153269 0.0143643 0.0134034 0.0124516 0.0115162 0.0106034 0.00971907 0.00886807 0.00805461 0.00728208 0.0065531 0.00586953 0.00523251 0.00464251 0.00409937 0.00360238 0.00315034 0.00274164 0.00237433 0.00204618 0.0017548 0.00149762 0.00127204 0.00107544 0.000905239 0.000758941 0.000634175 0.000528724 0.000440554 0.00036783 0.000308939 0.000262495 0.000227354 0.000202615 0.000187657 
0.000185206 0.000188897 0.000202066 0.00022512 0.000258693 0.000303681 0.00036123 0.000432735 0.000519829 0.000624374 0.000748442 0.000894292 0.00106435 0.00126118 0.00148741 0.00174576 0.0020389 0.00236947 0.00273996 0.00315267 0.00360964 0.00411253 0.00466263 0.00526068 0.0059069 0.00660083 0.00734136 0.00812662 0.00895397 0.00981995 0.0107203 0.0116501 0.0126034 0.0135737 0.0145539 0.0155362 0.0165123 0.0174736 0.0184113 0.0193163 0.0201796 0.0209924 0.0217463 0.022433 0.0230452 0.023576 0.0240194 0.0243705 0.0246252 0.0247806 0.0248348 0.0247874 0.0246388 0.0243908 0.0240463 0.0236092 0.0230847 0.0224785 0.0217975 0.021049 0.0202413 0.0193826 0.0184819 0.0175481 0.0165901 0.0156169 0.014637 0.0136586 0.0126895 0.0117369 0.0108074 0.00990665 0.00903981 0.00821112 0.00742404 0.00668127 0.00598469 0.00533549 0.00473414 0.0041805 0.00367386 0.003213 0.00279629 0.00242175 0.00208713 0.00178996 0.00152767 0.00129758 0.00109705 0.000923434 0.000774194 0.000646914 0.000539335 0.000449384 0.000375191 0.000315109 0.000267726 0.000231876 0.000206639 0.000191382 
0.000198104 0.000202066 0.00021614 0.000240757 0.000276591 0.000324591 0.000385972 0.000462211 0.000555039 0.000666424 0.000798555 0.000953822 0.00113478 0.00134414 0.00158467 0.00185921 0.00217059 0.00252156 0.00291473 0.0033525 0.00383698 0.00436992 0.00495259 0.00558578 0.00626963 0.00700365 0.0077866 0.00861647 0.00949042 0.0104048 0.0113551 0.012336 0.0133413 0.0143642 0.0153971 0.0164318 0.0174597 0.0184716 0.0194583 0.0204104 0.0213184 0.022173 0.0229654 0.0236872 0.0243304 0.024888 0.0253538 0.0257224 0.0259898 0.0261528 0.0262096 0.0261596 0.0260033 0.0257426 0.0253805 0.0249211 0.0243698 0.0237325 0.0230165 0.0222295 0.02138 0.0204768 0.0195291 0.0185463 0.0175378 0.0165129 0.0154806 0.0144497 0.0134282 0.0124237 0.0114431 0.0104926 0.00957746 0.00870226 0.00787067 0.00708555 0.00634895 0.00566216 0.00502571 0.00443951 0.00390283 0.00341443 0.00297263 0.00257536 0.00222028 0.00190481 0.00162625 0.00138179 0.00116864 0.000984028 0.000825276 0.000689834 0.000575317 0.000479534 0.000400508 0.000336498 0.000286009 0.000247804 0.000220913 0.000204663 
0.000220689 0.00022512 0.000240757 0.000268073 0.000307809 0.000361003 0.000428987 0.000513378 0.000616068 0.000739204 0.000885178 0.00105659 0.00125623 0.00148701 0.00175197 0.00205416 0.00239664 0.00278237 0.00321414 0.00369453 0.00422576 0.00480967 0.0054476 0.00614029 0.00688786 0.00768966 0.00854429 0.00944948 0.0104021 0.0113981 0.0124325 0.0134995 0.0145923 0.0157036 0.0168251 0.0179479 0.0190626 0.0201595 0.0212286 0.0222596 0.0232424 0.0241671 0.0250242 0.0258045 0.0264997 0.0271022 0.0276053 0.0280033 0.0282919 0.0284677 0.0285288 0.0284744 0.0283053 0.0280233 0.0276317 0.027135 0.0265387 0.0258495 0.025075 0.0242234 0.0233038 0.0223258 0.0212993 0.0202343 0.019141 0.0180294 0.0169093 0.0157899 0.0146803 0.0135884 0.012522 0.0114875 0.010491 0.00953732 0.00863057 0.0077739 0.00696963 0.00621921 0.00552332 0.0048819 0.00429425 0.00375909 0.00327463 0.0028387 0.00244877 0.0021021 0.00179576 0.00152675 0.00129202 0.00108858 0.000913524 0.000764078 0.000637645 0.000531837 0.000444497 0.000373721 0.000317878 0.000275615 0.000245869 0.000227905 
0.000253583 0.000258693 0.000276591 0.000307809 0.00035318 0.000413874 0.000491386 0.000587533 0.000704433 0.000844495 0.00101039 0.00120502 0.00143149 0.00169305 0.00199305 0.00233488 0.00272192 0.0031574 0.00364439 0.00418568 0.00478369 0.00544035 0.00615707 0.00693458 0.00777288 0.00867116 0.00962774 0.01064 0.0117043 0.0128161 0.0139698 0.0151589 0.0163759 0.0176123 0.0188592 0.0201066 0.0213442 0.0225612 0.0237466 0.024889 0.0259775 0.0270012 0.0279494 0.0288124 0.0295809 0.0302466 0.0308023 0.0312418 0.0315603 0.0317541 0.0318212 0.0317607 0.0315734 0.0312615 0.0308284 0.030279 0.0296194 0.0288569 0.0279997 0.0270569 0.0260386 0.024955 0.0238171 0.022636 0.0214228 0.0201886 0.0189441 0.0176996 0.0164651 0.0152495 0.0140612 0.0129077 0.0117957 0.0107305 0.00971692 0.00875851 0.00785793 0.00701691 0.00623631 0.00551617 0.00485579 0.00425384 0.00370844 0.00321721 0.00277742 0.00238606 0.00203992 0.00173568 0.00146998 0.0012395 0.00104101 0.000871422 0.000727838 0.00060759 0.000508266 0.000427737 0.00036417 0.00031605 0.000282184 0.000261747 
0.000297662 0.000303681 0.000324591 0.000361003 0.000413874 0.000484542 0.000574721 0.000686486 0.000822256 0.000984775 0.00117708 0.00140248 0.00166447 0.00196675 0.00231308 0.00270729 0.00315313 0.00365424 0.00421401 0.00483552 0.00552139 0.00627373 0.00709398 0.00798285 0.00894021 0.00996499 0.0110551 0.0122076 0.0134181 0.0146813 0.0159909 0.0173394 0.0187182 0.020118 0.0215283 0.022938 0.0243356 0.0257089 0.0270456 0.028333 0.0295588 0.0307109 0.0317776 0.0327478 0.0336115 0.0343593 0.0349832 0.0354765 0.0358337 0.0360508 0.0361256 0.0360572 0.0358464 0.0354956 0.0350086 0.0343908 0.0336491 0.0327914 0.0318269 0.0307658 0.029619 0.0283983 0.0271156 0.0257834 0.0244142 0.0230203 0.0216137 0.0202062 0.0188087 0.0174316 0.0160843 0.0147754 0.0135122 0.0123012 0.0111478 0.0100561 0.00902924 0.00806937 0.00717755 0.00635398 0.00559798 0.00490818 0.00428252 0.00371842 0.00321289 0.00276256 0.00236386 0.00201307 0.00170642 0.00144015 0.00121063 0.00101434 0.000848012 0.000708604 0.000593372 0.000499885 0.000426055 0.00037015 0.000330807 0.000307083 
0.000354051 0.00036123 0.000385972 0.000428987 0.000491386 0.000574721 0.000680976 0.00081255 0.000972237 0.0011632 0.00138894 0.00165324 0.00196014 0.00231383 0.00271862 0.00317885 0.00369877 0.00428247 0.00493377 0.00565606 0.00645225 0.00732459 0.0082746 0.00930293 0.0104093 0.0115922 0.0128492 0.0141766 0.0155694 0.0170214 0.0185251 0.020072 0.0216522 0.0232548 0.024868 0.0264793 0.0280753 0.0296424 0.0311664 0.0326333 0.0340291 0.0353401 0.0365532 0.0376561 0.0386372 0.0394864 0.0401946 0.0407542 0.0411592 0.0414052 0.0414895 0.0414113 0.0411714 0.0407725 0.040219 0.0395168 0.0386735 0.0376981 0.036601 0.0353935 0.0340879 0.0326973 0.0312354 0.029716 0.0281534 0.0265613 0.0249537 0.0233436 0.0217437 0.0201658 0.0186206 0.0171179 0.0156665 0.0142736 0.0129456 0.0116874 0.0105028 0.00939421 0.00836316 0.00740998 0.00653408 0.005734 0.00500754 0.00435185 0.0037636 0.00323902 0.00277409 0.0023646 0.00200625 0.00169479 0.00142603 0.00119598 0.00100087 0.00083719 0.000701795 0.00059188 0.000505032 0.000439249 0.000392955 0.000365061 
0.000424118 0.000432735 0.000462211 0.000513378 0.000587533 0.000686486 0.00081255 0.000968517 0.00115764 0.00138358 0.00165039 0.00196246 0.00232443 0.00274113 0.0032175 0.00375849 0.00436895 0.00505352 0.00581646 0.0066616 0.00759211 0.00861046 0.00971819 0.0109159 0.0122029 0.0135775 0.0150366 0.0165757 0.0181889 0.0198689 0.0216069 0.023393 0.0252157 0.0270626 0.02892 0.0307734 0.0326078 0.0344074 0.0361562 0.0378383 0.0394377 0.0409391 0.0423275 0.043589 0.0447107 0.0456811 0.04649 0.0471289 0.047591 0.0478714 0.0479671 0.0478771 0.0476024 0.0471461 0.0465129 0.0457097 0.044745 0.043629 0.0423731 0.0409902 0.0394943 0.0379002 0.0362233 0.0344794 0.0326845 0.0308546 0.0290052 0.0271515 0.0253079 0.0234879 0.0217041 0.0199677 0.0182888 0.0166762 0.015137 0.0136772 0.0123012 0.0110123 0.00981221 0.00870154 0.0076798 0.00674549 0.0058962 0.00512882 0.0044396 0.00382431 0.0032784 0.00279706 0.0023754 0.00200853 0.00169165 0.00142014 0.00118965 0.000996136 0.000835936 0.000705797 0.000602917 0.000524965 0.000470109 0.000437079 
0.000509464 0.000519829 0.000555039 0.000616068 0.000704433 0.000822256 0.000972237 0.00115764 0.00138224 0.00165031 0.00196657 0.00233608 0.00276421 0.00325654 0.00381874 0.00445649 0.00517531 0.00598046 0.00687676 0.00786846 0.00895909 0.0101513 0.0114466 0.0128455 0.0143471 0.0159491 0.0176476 0.0194372 0.021311 0.0232603 0.0252748 0.0273429 0.0294514 0.0315857 0.0337301 0.0358682 0.0379824 0.0400548 0.0420672 0.0440013 0.0458391 0.0475631 0.0491565 0.0506034 0.0518894 0.0530013 0.0539277 0.0546591 0.0551878 0.0555083 0.0556172 0.0555135 0.0551983 0.0546748 0.0539487 0.0530276 0.051921 0.0506405 0.049199 0.0476111 0.0458925 0.0440601 0.0421313 0.0401241 0.0380568 0.0359474 0.033814 0.0316737 0.0295433 0.0274382 0.0253731 0.0233609 0.0214134 0.0195408 0.0177517 0.0160531 0.0144503 0.0129473 0.0115464 0.0102484 0.00905309 0.00795881 0.00696304 0.0060623 0.00525241 0.00452862 0.00388574 0.0033183 0.00282069 0.00238729 0.00201258 0.00169121 0.00141814 0.00118868 0.000998585 0.000844056 0.00072183 0.000629191 0.000563999 0.00052477 
0.000611914 0.000624374 0.000666424 0.000739204 0.000844495 0.000984775 0.0011632 0.00138358 0.00165031 0.00196838 0.00234324 0.00278077 0.00328717 0.00386889 0.00453243 0.00528429 0.00613077 0.00707783 0.0081309 0.00929472 0.0105732 0.0119691 0.013484 0.0151182 0.0168703 0.0187375 0.0207149 0.0227962 0.024973 0.027235 0.0295704 0.0319654 0.0344047 0.0368716 0.0393478 0.0418144 0.0442514 0.0466383 0.0489542 0.0511784 0.0532904 0.0552703 0.0570991 0.0587589 0.0602332 0.0615075 0.0625687 0.0634061 0.0640111 0.0643775 0.0645016 0.064382 0.0640202 0.0634198 0.0625871 0.0615307 0.0602614 0.058792 0.0571374 0.0553139 0.0533394 0.0512328 0.0490141 0.0467036 0.0443221 0.0418904 0.0394289 0.0369575 0.0344952 0.0320601 0.0296688 0.0273366 0.0250771 0.0229023 0.0208223 0.0188454 0.0169782 0.0152252 0.0135895 0.0120724 0.0106737 0.00939188 0.00822414 0.00716669 0.00621487 0.0053633 0.00460611 0.00393707 0.00334976 0.00283771 0.00239455 0.00201413 0.00169059 0.00141849 0.0011929 0.0010094 0.000864178 0.000754076 0.000676593 0.000629998 
0.0007335 0.000748442 0.000798555 0.000885178 0.00101039 0.00117708 0.00138894 0.00165039 0.00196657 0.00234324 0.00278673 0.00330384 0.00390174 0.00458781 0.00536954 0.00625434 0.00724937 0.00836137 0.00959644 0.0109598 0.0124558 0.0140873 0.015856 0.0177617 0.0198027 0.0219751 0.0242734 0.0266897 0.0292141 0.0318346 0.0345373 0.0373061 0.0401233 0.0429695 0.0458239 0.0486647 0.0514689 0.0542131 0.0568737 0.059427 0.0618498 0.0641195 0.0662148 0.0681154 0.0698028 0.0712605 0.0724739 0.073431 0.0741221 0.0745404 0.0746815 0.0745441 0.0741296 0.0734423 0.0724891 0.0712798 0.0698264 0.0681435 0.0662477 0.0641574 0.0618928 0.0594754 0.0569276 0.0542727 0.0515342 0.0487358 0.0459007 0.0430518 0.0402109 0.0373986 0.0346344 0.0319359 0.0293189 0.0267973 0.0243833 0.0220865 0.0199147 0.0178737 0.0159671 0.0141968 0.012563 0.0110639 0.00969687 0.00845757 0.00734084 0.00634067 0.0054504 0.00466294 0.00397096 0.00336705 0.00284387 0.00239434 0.00201168 0.0016896 0.00142237 0.00120485 0.00103263 0.000902008 0.000810082 0.000754834 
0.000876442 0.000894292 0.000953822 0.00105659 0.00120502 0.00140248 0.00165324 0.00196246 0.00233608 0.00278077 0.00330384 0.00391314 0.0046169 0.00542359 0.00634175 0.00737983 0.00854595 0.00984769 0.0112919 0.0128843 0.0146296 0.0165308 0.0185895 0.0208052 0.0231755 0.0256957 0.0283589 0.0311557 0.0340745 0.0371012 0.0402195 0.0434108 0.0466547 0.0499288 0.0532093 0.056471 0.059688 0.0628335 0.0658808 0.068803 0.0715739 0.074168 0.0765612 0.0787309 0.0806563 0.0823187 0.083702 0.0847926 0.0855797 0.0860557 0.0862157 0.0860583 0.0855851 0.0848007 0.0837132 0.0823331 0.0806742 0.0787527 0.0765872 0.0741985 0.0716093 0.0688436 0.065927 0.0628856 0.0597461 0.0565353 0.0532798 0.0500056 0.0467376 0.0434996 0.0403138 0.0372006 0.0341785 0.0312636 0.0284701 0.0258094 0.0232909 0.0209214 0.0187057 0.0166461 0.0147431 0.0129953 0.0113995 0.00995139 0.00864506 0.00747382 0.00643017 0.00550608 0.00469321 0.00398307 0.00336728 0.00283767 0.00238646 0.00200637 0.00169076 0.00143371 0.00123008 0.00107558 0.000966853 0.00090154 
0.00104312 0.00106435 0.00113478 0.00125623 0.00143149 0.00166447 0.00196014 0.00232443 0.00276421 0.00328717 0.00390174 0.0046169 0.00544208 0.00638695 0.00746124 0.00867452 0.0100359 0.011554 0.0132362 0.015089 0.0171174 0.0193246 0.0217118 0.0242781 0.0270204 0.0299328 0.0330071 0.036232 0.039594 0.0430765 0.0466605 0.0503248 0.0540456 0.0577974 0.0615529 0.0652835 0.0689597 0.0725512 0.0760277 0.079359 0.0825156 0.0854688 0.0881917 0.0906588 0.092847 0.0947355 0.0963062 0.097544 0.098437 0.0989766 0.0991575 0.0989779 0.0984399 0.0975485 0.0963125 0.094744 0.0928581 0.0906729 0.0882092 0.0854903 0.0825415 0.07939 0.0760641 0.0725935 0.0690083 0.0653387 0.0616149 0.0578663 0.0541215 0.0504075 0.0467499 0.0431721 0.0396954 0.0363386 0.0331181 0.0300476 0.027138 0.0243976 0.0218322 0.019445 0.0172369 0.0152066 0.013351 0.0116651 0.0101427 0.00877633 0.00755748 0.00647713 0.00552584 0.00469395 0.00397189 0.0033503 0.00282026 0.0023734 0.00200209 0.00169947 0.00145961 0.00127758 0.00114946 0.00107254 
0.00123604 0.00126118 0.00134414 0.00148701 0.00169305 0.00196675 0.00231383 0.00274113 0.00325654 0.00386889 0.00458781 0.00542359 0.00638695 0.0074889 0.00874044 0.0101523 0.0117349 0.0134975 0.0154487 0.0175952 0.0199424 0.0224936 0.0252498 0.0282094 0.0313683 0.0347195 0.0382528 0.0419553 0.0458108 0.0498002 0.0539016 0.0580903 0.0623394 0.0666196 0.0708999 0.075148 0.0793302 0.0834127 0.0873612 0.0911419 0.0947217 0.0980686 0.101153 0.103945 0.106421 0.108557 0.110332 0.111731 0.112739 0.113348 0.113552 0.113348 0.112739 0.111731 0.110333 0.108558 0.106424 0.10395 0.10116 0.0980792 0.0947361 0.0911609 0.0873855 0.0834429 0.0793669 0.0751916 0.0709509 0.0666782 0.0624059 0.0581647 0.0539837 0.0498898 0.0459075 0.0420585 0.0383619 0.0348336 0.0314866 0.0283309 0.0253734 0.0226183 0.0200671 0.0177188 0.0155701 0.013616 0.0118493 0.010262 0.0088446 0.00758697 0.00647843 0.00550807 0.00466501 0.00393859 0.00331861 0.00279552 0.00236052 0.00200579 0.00172448 0.00151092 0.0013606 0.00127039 
0.0014578 0.00148741 0.00158467 0.00175197 0.00199305 0.00231308 0.00271862 0.0032175 0.00381874 0.00453243 0.00536954 0.00634175 0.00746124 0.00874044 0.0101917 0.0118272 0.0136583 0.0156955 0.0179481 0.0204234 0.023127 0.0260622 0.0292296 0.0326269 0.0362488 0.0400868 0.0441288 0.0483596 0.0527603 0.0573089 0.0619801 0.0667458 0.0715752 0.076435 0.0812902 0.0861041 0.0908393 0.0954575 0.0999204 0.10419 0.10823 0.112005 0.115481 0.118627 0.121414 0.123817 0.125814 0.127386 0.12852 0.129204 0.129432 0.129202 0.128516 0.127381 0.125808 0.12381 0.121407 0.118621 0.115476 0.112003 0.108231 0.104195 0.0999301 0.0954729 0.0908613 0.0861334 0.0813273 0.0764805 0.0716294 0.066809 0.0620523 0.0573899 0.0528498 0.0484571 0.0442337 0.0401983 0.036366 0.0327487 0.0293549 0.0261899 0.0232559 0.0205522 0.0180756 0.0158207 0.0137801 0.0119446 0.0103038 0.00884647 0.00756059 0.00643389 0.00545405 0.004609 0.00388714 0.0032776 0.00277035 0.00235643 0.00202802 0.00177861 0.00160304 0.00149773 
0.00171106 0.00174576 0.00185921 0.00205416 0.00233488 0.00270729 0.00317885 0.00375849 0.00445649 0.00528429 0.00625434 0.00737983 0.00867452 0.0101523 0.0118272 0.0137126 0.0158211 0.0181644 0.0207524 0.023593 0.0266922 0.0300529 0.0336753 0.0375562 0.0416889 0.046063 0.0506645 0.0554753 0.0604738 0.0656345 0.0709285 0.0763238 0.0817854 0.0872759 0.0927557 0.0981837 0.103518 0.108716 0.113735 0.118532 0.123069 0.127304 0.131201 0.134727 0.137849 0.140539 0.142774 0.144533 0.1458 0.146564 0.146819 0.146561 0.145793 0.144522 0.14276 0.140523 0.137831 0.134708 0.131183 0.127287 0.123054 0.118521 0.113727 0.108714 0.103523 0.0981957 0.092776 0.0873052 0.0818244 0.0763728 0.0709877 0.0657039 0.0605533 0.0555645 0.0507627 0.0461696 0.0418028 0.0376765 0.0338007 0.0301822 0.026824 0.023726 0.0208851 0.0182957 0.0159497 0.0138373 0.011947 0.0102663 0.00878177 0.00747974 0.00634633 0.00536794 0.00453146 0.00382456 0.00323586 0.00275517 0.00237359 0.00208371 0.00187962 0.00175726 
0.00199845 0.0020389 0.00217059 0.00239664 0.00272192 0.00315313 0.00369877 0.00436895 0.00517531 0.00613077 0.00724937 0.00854595 0.0100359 0.0117349 0.0136583 0.0158211 0.0182373 0.0209194 0.0238782 0.0271222 0.0306573 0.0344863 0.0386086 0.04302 0.0477121 0.0526726 0.0578848 0.0633279 0.0689769 0.0748027 0.0807724 0.0868496 0.0929949 0.0991663 0.105319 0.111408 0.117386 0.123206 0.128821 0.134184 0.139251 0.143978 0.148326 0.152256 0.155734 0.15873 0.161217 0.163174 0.164584 0.165434 0.165716 0.165428 0.164572 0.163157 0.161195 0.158703 0.155704 0.152223 0.148292 0.143944 0.139218 0.134154 0.128794 0.123184 0.117371 0.1114 0.10532 0.0991763 0.0930155 0.0868812 0.0808155 0.0748575 0.0690434 0.0634059 0.0579736 0.0527716 0.0478204 0.0431365 0.0387321 0.0346153 0.0307904 0.027258 0.0240151 0.0210559 0.018372 0.0159527 0.0137855 0.0118565 0.010151 0.00865362 0.00734893 0.00622164 0.00525703 0.00444118 0.00376127 0.00320574 0.00276453 0.00242923 0.00219315 0.00205166 
0.00232256 0.00236947 0.00252156 0.00278237 0.0031574 0.00365424 0.00428247 0.00505352 0.00598046 0.00707783 0.00836137 0.00984769 0.011554 0.0134975 0.0156955 0.0181644 0.0209194 0.0239741 0.0273402 0.0310265 0.0350389 0.0393798 0.0440477 0.0490371 0.0543377 0.0599349 0.0658094 0.0719369 0.0782888 0.084832 0.0915293 0.0983397 0.105219 0.11212 0.118993 0.125788 0.132453 0.138936 0.145184 0.151147 0.156777 0.162025 0.166849 0.171206 0.175061 0.178379 0.181133 0.183299 0.184859 0.185798 0.186109 0.18579 0.184842 0.183275 0.181102 0.178341 0.175017 0.171159 0.166798 0.161973 0.156724 0.151096 0.145135 0.138891 0.132414 0.125757 0.118971 0.112107 0.105218 0.0983506 0.091553 0.0848689 0.0783391 0.0720004 0.0658858 0.0600236 0.0544377 0.0491473 0.044167 0.0395065 0.0351716 0.0311635 0.0274798 0.0241147 0.0210593 0.0183021 0.0158295 0.0136264 0.0116766 0.00996299 0.00846846 0.00717596 0.00606902 0.00513204 0.00435061 0.00371173 0.00320407 0.00281813 0.00254636 0.00238354 
0.00268584 0.00273996 0.00291473 0.00321414 0.00364439 0.00421401 0.00493377 0.00581646 0.00687676 0.0081309 0.00959644 0.0112919 0.0132362 0.0154487 0.0179481 0.0207524 0.0238782 0.0273402 0.0311506 0.0353187 0.0398503 0.0447471 0.0500066 0.0556215 0.0615797 0.0678638 0.0744512 0.0813144 0.0884206 0.0957323 0.103208 0.1108 0.118462 0.126139 0.133777 0.14132 0.148712 0.155895 0.162812 0.169407 0.175629 0.181425 0.186748 0.191554 0.195802 0.199458 0.202491 0.204875 0.206591 0.207624 0.207966 0.207613 0.20657 0.204844 0.20245 0.199408 0.195744 0.191489 0.186679 0.181352 0.175554 0.169332 0.162738 0.155825 0.148648 0.141263 0.133728 0.126101 0.118435 0.110787 0.103208 0.0957479 0.0884513 0.0813603 0.074512 0.067939 0.0616685 0.0557228 0.0501191 0.0448693 0.0399805 0.0354552 0.0312915 0.0274835 0.0240222 0.0208952 0.0180881 0.0155843 0.013366 0.0114146 0.00971093 0.00823625 0.00697219 0.00590135 0.00500763 0.00427649 0.00369523 0.00325317 0.00294186 0.00275541 
0.00309056 0.00315267 0.0033525 0.00369453 0.00418568 0.00483552 0.00565606 0.0066616 0.00786846 0.00929472 0.0109598 0.0128843 0.015089 0.0175952 0.0204234 0.023593 0.0271222 0.0310265 0.0353187 0.0400084 0.0451011 0.0505976 0.0564943 0.0627819 0.0694458 0.0764659 0.083816 0.0914646 0.0993745 0.107504 0.115805 0.124227 0.132715 0.141212 0.149657 0.157988 0.166143 0.174059 0.181676 0.188933 0.195772 0.202139 0.207982 0.213254 0.217912 0.221918 0.22524 0.22785 0.229728 0.230858 0.231231 0.230845 0.229701 0.227811 0.225188 0.221855 0.217839 0.213172 0.207893 0.202045 0.195674 0.188833 0.181576 0.173962 0.16605 0.157902 0.149579 0.141145 0.132661 0.124187 0.11578 0.107495 0.0993822 0.0914893 0.0838578 0.0765244 0.0695204 0.0628714 0.0565974 0.0507128 0.0452266 0.0401423 0.035459 0.031171 0.027269 0.02374 0.0205686 0.0177369 0.0152255 0.013014 0.0110815 0.00940714 0.00797069 0.00675284 0.00573569 0.00490305 0.00424076 0.0037369 0.00338202 0.00316954 
0.00353871 0.00360964 0.00383698 0.00422576 0.00478369 0.00552139 0.00645225 0.00759211 0.00895909 0.0105732 0.0124558 0.0146296 0.0171174 0.0199424 0.023127 0.0266922 0.0306573 0.0350389 0.0398503 0.0451011 0.0507962 0.0569358 0.0635143 0.0705205 0.0779371 0.0857405 0.0939009 0.102382 0.111143 0.120136 0.129308 0.138603 0.14796 0.157316 0.166604 0.175757 0.184708 0.193389 0.201733 0.209675 0.217154 0.224111 0.230491 0.236243 0.241323 0.245689 0.249308 0.252151 0.254195 0.255425 0.25583 0.255408 0.254163 0.252103 0.249245 0.245613 0.241234 0.236143 0.230381 0.223994 0.217031 0.209549 0.201605 0.193262 0.184585 0.17564 0.166495 0.157217 0.147875 0.138532 0.129253 0.120099 0.111124 0.102383 0.0939204 0.0857791 0.0779942 0.0705952 0.0636052 0.0570413 0.0509146 0.0452302 0.039988 0.0351829 0.0308054 0.0268421 0.0232764 0.0200894 0.0172599 0.0147658 0.0125842 0.0106924 0.00906797 0.00768964 0.00653762 0.00559399 0.00484303 0.00427152 0.00386893 0.00362797 
0.00403196 0.00411253 0.00436992 0.00480967 0.00544035 0.00627373 0.00732459 0.00861046 0.0101513 0.0119691 0.0140873 0.0165308 0.0193246 0.0224936 0.0260622 0.0300529 0.0344863 0.0393798 0.0447471 0.0505976 0.0569358 0.0637603 0.0710639 0.0788329 0.0870469 0.0956786 0.104694 0.114053 0.123708 0.133607 0.143691 0.153898 0.164161 0.174411 0.184576 0.194582 0.204356 0.213825 0.222919 0.231566 0.239703 0.247264 0.254194 0.260438 0.265948 0.270682 0.274603 0.277683 0.279896 0.281227 0.281666 0.281208 0.279859 0.277627 0.27453 0.270592 0.265843 0.260319 0.254063 0.247124 0.239554 0.231412 0.222761 0.213668 0.2042 0.194431 0.184433 0.174279 0.164042 0.153794 0.143604 0.133538 0.12366 0.114026 0.104688 0.0956941 0.0870834 0.0788896 0.0711396 0.0638534 0.0570444 0.0507196 0.0448801 0.0395214 0.0346341 0.0302043 0.0262146 0.0226448 0.0194722 0.0166729 0.0142221 0.0120948 0.0102666 0.00871411 0.00741562 0.00635135 0.00550396 0.00485882 0.00440432 0.00413235 
0.00457155 0.00466263 0.00495259 0.0054476 0.00615707 0.00709398 0.0082746 0.00971819 0.0114466 0.013484 0.015856 0.0185895 0.0217118 0.0252498 0.0292296 0.0336753 0.0386086 0.0440477 0.0500066 0.0564943 0.0635143 0.0710639 0.0791337 0.0877072 0.0967606 0.106263 0.116175 0.126452 0.137041 0.147884 0.158916 0.17007 0.181271 0.192445 0.203513 0.214396 0.225016 0.235294 0.245154 0.254521 0.263327 0.271504 0.278992 0.285734 0.29168 0.296786 0.301013 0.304332 0.306716 0.30815 0.308621 0.308128 0.306673 0.304268 0.300929 0.296682 0.291559 0.285596 0.27884 0.27134 0.263152 0.254339 0.244966 0.235104 0.224827 0.214211 0.203335 0.192276 0.181115 0.169929 0.158794 0.147781 0.13696 0.126393 0.11614 0.106252 0.0967732 0.0877428 0.0791912 0.0711417 0.0636105 0.0566067 0.0501327 0.044185 0.0387543 0.0338265 0.0293836 0.025404 0.0218637 0.0187368 0.0159964 0.0136157 0.011568 0.00982773 0.00837113 0.00717653 0.00622488 0.00550012 0.00498944 0.00468395 
0.00515826 0.00526068 0.00558578 0.00614029 0.00693458 0.00798285 0.00930293 0.0109159 0.0128455 0.0151182 0.0177617 0.0208052 0.0242781 0.0282094 0.0326269 0.0375562 0.04302 0.0490371 0.0556215 0.0627819 0.0705205 0.0788329 0.0877072 0.0971237 0.107055 0.117465 0.128312 0.139543 0.151101 0.162921 0.174933 0.187062 0.199228 0.21135 0.223342 0.235122 0.246603 0.257703 0.26834 0.278437 0.287919 0.296717 0.304767 0.31201 0.318394 0.323872 0.328406 0.331964 0.334519 0.336055 0.33656 0.336031 0.334471 0.331892 0.328312 0.323756 0.318257 0.311854 0.304594 0.296529 0.287718 0.278226 0.268122 0.25748 0.246379 0.2349 0.223127 0.211143 0.199034 0.186883 0.174773 0.162781 0.150984 0.139451 0.128245 0.117425 0.107041 0.0971353 0.0877436 0.0788926 0.0706017 0.0628822 0.0557384 0.0491678 0.0431616 0.0377056 0.0327812 0.0283655 0.0244333 0.0209568 0.0179072 0.0152554 0.0129725 0.011031 0.00940473 0.00807018 0.0070065 0.00619613 0.00562505 0.00528351 
0.00579227 0.0059069 0.00626963 0.00688786 0.00777288 0.00894021 0.0104093 0.0122029 0.0143471 0.0168703 0.0198027 0.0231755 0.0270204 0.0313683 0.0362488 0.0416889 0.0477121 0.0543377 0.0615797 0.0694458 0.0779371 0.0870469 0.0967606 0.107055 0.117899 0.129251 0.141064 0.153281 0.165837 0.178662 0.191679 0.204805 0.217956 0.231043 0.243976 0.256663 0.269016 0.280945 0.292365 0.303195 0.313355 0.322774 0.331385 0.339127 0.345947 0.351795 0.356634 0.360428 0.363153 0.36479 0.365328 0.364763 0.3631 0.360349 0.356529 0.351666 0.345794 0.338954 0.331191 0.322563 0.313128 0.302955 0.292116 0.28069 0.268757 0.256406 0.243722 0.230798 0.217723 0.204587 0.191479 0.178483 0.165682 0.153152 0.140963 0.129178 0.117855 0.10704 0.0967729 0.0870857 0.0780005 0.0695316 0.0616851 0.0544598 0.0478477 0.0418348 0.0364018 0.031525 0.0271776 0.0233304 0.0199524 0.0170124 0.0144793 0.0123232 0.010516 0.00903211 0.00784878 0.00694693 0.00631129 0.00593123 
0.00647319 0.00660083 0.00700365 0.00768966 0.00867116 0.00996499 0.0115922 0.0135775 0.0159491 0.0187375 0.0219751 0.0256957 0.0299328 0.0347195 0.0400868 0.046063 0.0526726 0.0599349 0.0678638 0.0764659 0.0857405 0.0956786 0.106263 0.117465 0.129251 0.141575 0.154381 0.167609 0.181187 0.195038 0.209078 0.223219 0.237368 0.251431 0.265312 0.278913 0.29214 0.304899 0.317101 0.32866 0.339494 0.349529 0.358696 0.366931 0.37418 0.380393 0.38553 0.389558 0.392449 0.394185 0.394756 0.394156 0.392391 0.389472 0.385417 0.380253 0.374014 0.366741 0.358483 0.349296 0.339243 0.328393 0.316822 0.304612 0.291847 0.278619 0.26502 0.251146 0.237094 0.222959 0.208836 0.194818 0.180992 0.167441 0.154243 0.141467 0.129175 0.11742 0.106248 0.0956939 0.0857836 0.0765345 0.0679552 0.0600462 0.0528002 0.0462036 0.0402368 0.0348753 0.030091 0.0258529 0.0221283 0.0188837 0.0160858 0.0137026 0.0117036 0.0100612 0.00875086 0.00775185 0.00704762 0.00662664 
0.0071999 0.00734136 0.0077866 0.00854429 0.00962774 0.0110551 0.0128492 0.0150366 0.0176476 0.0207149 0.0242734 0.0283589 0.0330071 0.0382528 0.0441288 0.0506645 0.0578848 0.0658094 0.0744512 0.083816 0.0939009 0.104694 0.116175 0.128312 0.141064 0.154381 0.168203 0.182461 0.197078 0.211969 0.227045 0.242209 0.257364 0.272407 0.287236 0.30175 0.315847 0.329431 0.342407 0.354687 0.366185 0.376826 0.386537 0.395255 0.402923 0.409492 0.414921 0.419175 0.422227 0.42406 0.424662 0.42403 0.422166 0.419083 0.414799 0.409342 0.402745 0.39505 0.386307 0.376572 0.365911 0.354394 0.3421 0.329112 0.315521 0.301419 0.286906 0.272082 0.257048 0.241908 0.226761 0.211708 0.196842 0.182253 0.168026 0.154236 0.140953 0.128234 0.116131 0.104683 0.0939212 0.0838651 0.0745265 0.0659076 0.0580025 0.050798 0.0442743 0.0384063 0.0331648 0.0285173 0.024429 0.0208645 0.0177883 0.0151659 0.0129649 0.0111554 0.00971101 0.00860944 0.0078328 0.00736862 
0.00797059 0.00812662 0.00861647 0.00944948 0.01064 0.0122076 0.0141766 0.0165757 0.0194372 0.0227962 0.0266897 0.0311557 0.036232 0.0419553 0.0483596 0.0554753 0.0633279 0.0719369 0.0813144 0.0914646 0.102382 0.114053 0.126452 0.139543 0.153281 0.167609 0.182461 0.197762 0.213428 0.229368 0.245484 0.261674 0.277832 0.293852 0.309624 0.325042 0.339999 0.354396 0.368133 0.381118 0.393266 0.404496 0.414736 0.423922 0.431996 0.438909 0.444618 0.44909 0.452299 0.454225 0.454857 0.454192 0.452234 0.448994 0.44449 0.43875 0.431807 0.423704 0.414491 0.404224 0.39297 0.380802 0.367799 0.354048 0.339641 0.324677 0.309257 0.293488 0.277476 0.26133 0.245157 0.229063 0.213149 0.197512 0.182243 0.167425 0.153133 0.139431 0.126377 0.114014 0.102378 0.091492 0.0813714 0.0720201 0.0634338 0.0555999 0.0484988 0.042105 0.0363881 0.0313142 0.0268468 0.0229483 0.0195812 0.0167087 0.0142961 0.0123115 0.0107266 0.00951742 0.00866478 0.00815528 
0.00878267 0.00895397 0.00949042 0.0104021 0.0117043 0.0134181 0.0155694 0.0181889 0.021311 0.024973 0.0292141 0.0340745 0.039594 0.0458108 0.0527603 0.0604738 0.0689769 0.0782888 0.0884206 0.0993745 0.111143 0.123708 0.137041 0.151101 0.165837 0.181187 0.197078 0.213428 0.230147 0.247135 0.264289 0.281499 0.298654 0.315639 0.332342 0.348648 0.36445 0.37964 0.394117 0.407788 0.420564 0.432364 0.443115 0.45275 0.461213 0.468454 0.474431 0.479111 0.482468 0.484482 0.485144 0.484449 0.482401 0.479011 0.474298 0.468288 0.461015 0.452521 0.442856 0.432077 0.420251 0.407451 0.39376 0.379265 0.364061 0.348251 0.33194 0.315238 0.298258 0.281114 0.26392 0.246787 0.229824 0.213135 0.196818 0.180963 0.16565 0.150953 0.136932 0.123639 0.111111 0.0993782 0.0884572 0.078355 0.069069 0.0605877 0.0528917 0.0459553 0.0397471 0.0342319 0.0293717 0.0251268 0.0214576 0.018325 0.0156922 0.0135253 0.0117939 0.0104726 0.00954073 0.00898397 
0.00963279 0.00981995 0.0104048 0.0113981 0.0128161 0.0146813 0.0170214 0.0198689 0.0232603 0.027235 0.0318346 0.0371012 0.0430765 0.0498002 0.0573089 0.0656345 0.0748027 0.084832 0.0957323 0.107504 0.120136 0.133607 0.147884 0.162921 0.178662 0.195038 0.211969 0.229368 0.247135 0.265165 0.283348 0.301567 0.319703 0.337637 0.35525 0.372423 0.389045 0.405004 0.420197 0.434529 0.447907 0.460252 0.471488 0.481551 0.490382 0.497934 0.504164 0.50904 0.512536 0.514634 0.515323 0.5146 0.512468 0.508938 0.504028 0.497763 0.490178 0.481314 0.471219 0.459952 0.447579 0.434174 0.419819 0.404605 0.388629 0.371996 0.354815 0.3372 0.319269 0.301142 0.282937 0.264775 0.246769 0.229032 0.211667 0.194772 0.178436 0.162736 0.14774 0.133505 0.120075 0.107482 0.0957467 0.0848794 0.0748793 0.0657361 0.057431 0.049938 0.0432253 0.0372564 0.0319917 0.0273897 0.0234087 0.0200075 0.0171471 0.0147914 0.0129085 0.011471 0.010457 0.00985124 
0.0105168 0.0107203 0.0113551 0.0124325 0.0139698 0.0159909 0.0185251 0.0216069 0.0252748 0.0295704 0.0345373 0.0402195 0.0466605 0.0539016 0.0619801 0.0709285 0.0807724 0.0915293 0.103208 0.115805 0.129308 0.143691 0.158916 0.174933 0.191679 0.209078 0.227045 0.245484 0.264289 0.283348 0.302543 0.32175 0.340846 0.359705 0.378202 0.396215 0.413628 0.430326 0.446205 0.461166 0.475118 0.487978 0.499673 0.510138 0.519315 0.527158 0.533624 0.538683 0.542309 0.544484 0.545199 0.54445 0.54224 0.538579 0.533486 0.526984 0.519107 0.509895 0.499397 0.487669 0.474777 0.460796 0.445809 0.429906 0.413188 0.39576 0.377737 0.359235 0.340377 0.321287 0.302092 0.282915 0.26388 0.245104 0.2267 0.20877 0.191412 0.174709 0.158737 0.143556 0.129217 0.115756 0.103198 0.0915563 0.080832 0.0710164 0.0620915 0.0540315 0.0468039 0.0403714 0.0346929 0.0297251 0.0254243 0.0217474 0.0186531 0.0161035 0.0140646 0.0125075 0.011409 0.0107528 
0.0114297 0.0116501 0.012336 0.0134995 0.0151589 0.0173394 0.020072 0.023393 0.0273429 0.0319654 0.0373061 0.0434108 0.0503248 0.0580903 0.0667458 0.0763238 0.0868496 0.0983397 0.1108 0.124227 0.138603 0.153898 0.17007 0.187062 0.204805 0.223219 0.242209 0.261674 0.281499 0.301567 0.32175 0.341922 0.361949 0.381703 0.401052 0.419872 0.43804 0.455443 0.471973 0.487529 0.50202 0.515364 0.527488 0.538326 0.547825 0.555936 0.56262 0.567847 0.571592 0.573839 0.574578 0.573805 0.571524 0.567744 0.562482 0.555762 0.547616 0.538082 0.527207 0.515049 0.501671 0.487148 0.471562 0.455006 0.43758 0.419393 0.400559 0.381202 0.361446 0.341422 0.321261 0.301094 0.281049 0.261252 0.241822 0.22287 0.204498 0.186799 0.169853 0.153729 0.13848 0.12415 0.110766 0.0983449 0.0868908 0.0763965 0.0668451 0.058211 0.0504615 0.0435584 0.0374592 0.0321192 0.0274928 0.0235347 0.0202018 0.017454 0.0152557 0.0135764 0.0123914 0.0116837 
0.0123658 0.0126034 0.0133413 0.0145923 0.0163759 0.0187182 0.0216522 0.0252157 0.0294514 0.0344047 0.0401233 0.0466547 0.0540456 0.0623394 0.0715752 0.0817854 0.0929949 0.105219 0.118462 0.132715 0.14796 0.164161 0.181271 0.199228 0.217956 0.237368 0.257364 0.277832 0.298654 0.319703 0.340846 0.361949 0.382875 0.403487 0.423652 0.443239 0.462126 0.480194 0.497335 0.513449 0.528443 0.542236 0.554755 0.565938 0.575731 0.584087 0.59097 0.59635 0.600203 0.602515 0.603276 0.602482 0.600136 0.596248 0.590834 0.583916 0.575523 0.565694 0.554475 0.541919 0.52809 0.513061 0.496915 0.479744 0.461649 0.44274 0.423135 0.402959 0.382341 0.361416 0.340321 0.319192 0.298164 0.27737 0.256935 0.236978 0.217609 0.198926 0.181018 0.163957 0.147805 0.132609 0.118401 0.105201 0.0930166 0.0818418 0.0716612 0.0624498 0.0541747 0.0467969 0.0402731 0.0345569 0.0296008 0.025358 0.0217832 0.0188345 0.0164744 0.0146709 0.0133981 0.0126381 
0.0133188 0.0135737 0.0143642 0.0157036 0.0176123 0.020118 0.0232548 0.0270626 0.0315857 0.0368716 0.0429695 0.0499288 0.0577974 0.0666196 0.076435 0.0872759 0.0991663 0.11212 0.126139 0.141212 0.157316 0.174411 0.192445 0.21135 0.231043 0.251431 0.272407 0.293852 0.315639 0.337637 0.359705 0.381703 0.403487 0.424917 0.445856 0.466169 0.485731 0.504422 0.522133 0.538763 0.554221 0.568426 0.581308 0.592804 0.602863 0.61144 0.618501 0.624018 0.627968 0.630338 0.631118 0.630306 0.627903 0.62392 0.618369 0.611273 0.602659 0.592564 0.58103 0.56811 0.553867 0.538372 0.521707 0.503963 0.485241 0.465653 0.445319 0.424365 0.402926 0.381139 0.359146 0.33709 0.315112 0.29335 0.271938 0.251 0.230656 0.211009 0.192154 0.174171 0.157128 0.141075 0.126051 0.112078 0.0991674 0.0873149 0.0765068 0.0667187 0.0579178 0.0500648 0.0431151 0.0370212 0.0317341 0.0272049 0.0233865 0.0202354 0.0177123 0.0157835 0.0144222 0.0136094 
0.0142815 0.0145539 0.0153971 0.0168251 0.0188592 0.0215283 0.024868 0.02892 0.0337301 0.0393478 0.0458239 0.0532093 0.0615529 0.0708999 0.0812902 0.0927557 0.105319 0.118993 0.133777 0.149657 0.166604 0.184576 0.203513 0.223342 0.243976 0.265312 0.287236 0.309624 0.332342 0.35525 0.378202 0.401052 0.423652 0.445856 0.467522 0.488516 0.508707 0.527977 0.546214 0.563318 0.5792 0.593779 0.606987 0.618764 0.62906 0.637834 0.645053 0.65069 0.654726 0.657147 0.657945 0.657116 0.654665 0.650597 0.644927 0.637674 0.628864 0.61853 0.606715 0.593468 0.578849 0.562928 0.545785 0.527512 0.508209 0.487988 0.466969 0.445284 0.423067 0.400461 0.377613 0.354669 0.331779 0.309085 0.286728 0.264842 0.243549 0.222964 0.203185 0.184301 0.166383 0.14949 0.133662 0.118928 0.105299 0.0927767 0.081347 0.0709869 0.0616639 0.0533382 0.0459647 0.0394944 0.0338769 0.0290617 0.0250001 0.0216465 0.0189602 0.0169061 0.0154561 0.0145904 
0.0152464 0.0155362 0.0164318 0.0179479 0.0201066 0.022938 0.0264793 0.0307734 0.0358682 0.0418144 0.0486647 0.056471 0.0652835 0.075148 0.0861041 0.0981837 0.111408 0.125788 0.14132 0.157988 0.175757 0.194582 0.214396 0.235122 0.256663 0.278913 0.30175 0.325042 0.348648 0.372423 0.396215 0.419872 0.443239 0.466169 0.488516 0.510141 0.530914 0.550715 0.569433 0.586969 0.603233 0.618147 0.631646 0.643672 0.654178 0.663124 0.67048 0.676222 0.680332 0.682797 0.68361 0.682768 0.680274 0.676135 0.670361 0.662972 0.65399 0.643448 0.631383 0.617844 0.602888 0.586583 0.569007 0.550249 0.530411 0.509604 0.48795 0.465581 0.442634 0.419257 0.395599 0.371813 0.348052 0.324468 0.301206 0.278406 0.256199 0.234706 0.214032 0.194272 0.175504 0.157791 0.141178 0.125698 0.111367 0.0981862 0.0861454 0.0752222 0.0653845 0.0565923 0.0487999 0.0419573 0.0360127 0.0309141 0.0266111 0.0230567 0.0202084 0.0180298 0.0164917 0.0155735 
0.0162053 0.0165123 0.0174597 0.0190626 0.0213442 0.0243356 0.0280753 0.0326078 0.0379824 0.0442514 0.0514689 0.059688 0.0689597 0.0793302 0.0908393 0.103518 0.117386 0.132453 0.148712 0.166143 0.184708 0.204356 0.225016 0.246603 0.269016 0.29214 0.315847 0.339999 0.36445 0.389045 0.413628 0.43804 0.462126 0.485731 0.508707 0.530914 0.552221 0.572506 0.591659 0.609582 0.626187 0.641399 0.655154 0.667397 0.678084 0.687178 0.694652 0.700483 0.704656 0.707158 0.707984 0.707132 0.704603 0.700403 0.694542 0.687037 0.677908 0.667185 0.654903 0.641107 0.625852 0.609204 0.591238 0.572042 0.551717 0.530373 0.508133 0.48513 0.461504 0.437405 0.412987 0.388407 0.363823 0.339393 0.315269 0.291598 0.268516 0.246152 0.224617 0.204013 0.184423 0.165916 0.148542 0.132338 0.117323 0.103502 0.0908647 0.0793913 0.0690501 0.0598011 0.051598 0.04439 0.0381242 0.032747 0.0282066 0.0244543 0.0214464 0.0191452 0.0175203 0.0165503 
0.0171498 0.0174736 0.0184716 0.0201595 0.0225612 0.0257089 0.0296424 0.0344074 0.0400548 0.0466383 0.0542131 0.0628335 0.0725512 0.0834127 0.0954575 0.108716 0.123206 0.138936 0.155895 0.174059 0.193389 0.213825 0.235294 0.257703 0.280945 0.304899 0.329431 0.354396 0.37964 0.405004 0.430326 0.455443 0.480194 0.504422 0.527977 0.550715 0.572506 0.593228 0.612771 0.631038 0.647944 0.663416 0.677393 0.689822 0.700663 0.709883 0.717455 0.723361 0.727585 0.730119 0.730957 0.730096 0.727538 0.723288 0.717355 0.709753 0.700501 0.689624 0.677155 0.663137 0.647621 0.63067 0.612358 0.59277 0.572004 0.550173 0.527398 0.503812 0.47956 0.454791 0.429665 0.404342 0.378986 0.35376 0.328822 0.304324 0.280412 0.257218 0.234862 0.21345 0.193073 0.173804 0.155698 0.138797 0.123122 0.108681 0.0954668 0.0834605 0.0726308 0.0629382 0.0543358 0.0467723 0.0401935 0.0345447 0.0297727 0.0258274 0.0226637 0.0202426 0.0185328 0.0175122 
0.0180711 0.0184113 0.0194583 0.0212286 0.0237466 0.0270456 0.0311664 0.0361562 0.0420672 0.0489542 0.0568737 0.0658808 0.0760277 0.0873612 0.0999204 0.113735 0.128821 0.145184 0.162812 0.181676 0.201733 0.222919 0.245154 0.26834 0.292365 0.317101 0.342407 0.368133 0.394117 0.420197 0.446205 0.471973 0.497335 0.522133 0.546214 0.569433 0.591659 0.612771 0.632659 0.651228 0.668397 0.684093 0.698259 0.710847 0.721817 0.73114 0.738793 0.744759 0.749026 0.751585 0.752432 0.751565 0.748985 0.744695 0.738704 0.731023 0.721669 0.710664 0.698038 0.68383 0.668089 0.650874 0.632257 0.612321 0.591163 0.568893 0.545633 0.521518 0.496691 0.471307 0.445526 0.419515 0.39344 0.36747 0.341769 0.316496 0.291801 0.267823 0.24469 0.222513 0.201387 0.181392 0.162589 0.145021 0.128715 0.113681 0.0999138 0.0873956 0.0760964 0.0659767 0.0569897 0.0490833 0.0422024 0.0362914 0.0312955 0.0271635 0.023849 0.0213119 0.0195199 0.0184504 
0.0189604 0.0193163 0.0204104 0.0222596 0.024889 0.028333 0.0326333 0.0378383 0.0440013 0.0511784 0.059427 0.068803 0.079359 0.0911419 0.10419 0.118532 0.134184 0.151147 0.169407 0.188933 0.209675 0.231566 0.254521 0.278437 0.303195 0.32866 0.354687 0.381118 0.407788 0.434529 0.461166 0.487529 0.513449 0.538763 0.563318 0.586969 0.609582 0.631038 0.651228 0.670061 0.687454 0.703342 0.717667 0.730385 0.741461 0.750868 0.758585 0.764599 0.768899 0.771478 0.772333 0.771461 0.768864 0.764545 0.758509 0.750765 0.741329 0.730219 0.717463 0.703096 0.687164 0.669722 0.65084 0.630599 0.609094 0.586433 0.562739 0.538145 0.512798 0.486852 0.460473 0.433828 0.40709 0.380432 0.354022 0.328027 0.302601 0.27789 0.254028 0.231131 0.209302 0.188623 0.16916 0.150962 0.134058 0.118461 0.104168 0.0911631 0.0794168 0.0688901 0.0595362 0.0513024 0.0441329 0.037971 0.0327609 0.0284502 0.0249912 0.022343 0.0204723 0.0193558 
